0,1.0,0.22538,-0.440824,-0.009712,-0.402245,0.016586,0.014169,-0.458679,0.22538,0.650899,0.187475,0.647268,0.495713,0.604368,0.02929,-0.014914,0.022371,-0.500454,0.023255,-0.472785,-0.408855,-0.074206,-0.486264,0.419309,0.313189,0.109834,0.006268,0.338045,0.430136,-0.000335,-0.066564,0.284904,0.014169,0.041668,0.107806,-0.209037,0.407286,0.107806,0.358138,-0.225517,0.269282,-0.205928,0.511411,0.326185,0.0,-0.009133,0.065384,0.623443,-0.420107,-0.227694,-0.226429,-0.637693,-0.002385,0.066161,-0.435335,-0.050186,0.209236,0.220219,0.420336,-0.491815,0.200068,-0.223239,-0.615407,0.340114,-0.412162,0.22172,0.525671,-0.427385,-0.323295,-0.502731,0.407286,-0.187709,-0.231066,-0.22297,0.469544,0.134226,-0.204516,-0.006668,-0.602185,0.193879,-0.499611,-0.204516,0.192647,-0.417073,-0.499611,-0.006088,0.197928,-0.418738,-0.333074,0.231259,-0.223125,-0.602185,-0.204516,-0.510369,-0.602185,0.174027,-0.246329,-0.037052,-0.022875,-0.22297,0.005088,-0.036391,-0.204516,-0.03216,-0.037052,-0.204516,-0.0179,-0.468156,-0.239076,0.182821,0.183974,0.012133,0.39682,-0.014914,-0.015757,0.132319,-0.21468,-0.402689,-0.357941,0.169335,-0.231066,0.338045,-0.221346,0.0,-0.177664,0.097097,-0.99843,0.306385,-0.520679,-0.499611,-0.392559,-0.213542,-0.597619,0.26484,-0.597619,-0.231255,0.362901,-0.815306,0.380285,-0.597619,-0.001065,-0.334639,-0.001065,-0.186363,-0.204516,0.0915,-0.333074,0.262058,-0.037052,-0.499356,0.197928,0.197928,-0.651543,-0.333074,-0.034672,-0.654144,0.233563,0.29168,0.187708,-0.009561,-0.219201,-0.247282,-0.333074,-0.374902,-0.369275,0.673501,-0.223125,0.121296,-0.432669,0.0,0.010369,-0.482609,0.0,0.306863,0.388148,-0.204516,-0.653798,0.209087,0.208081,-0.815898,0.397803,0.005578,-0.159253,0.183274,0.187078,-0.542938,0.388811,-0.372775,-0.600165,0.39336,-0.659953,0.539995,0.192412,-0.035101,-0.00711,0.368338,0.290152,-0.677392,-0.021582,-0.217866,#
1,0.22538,1.0,-0.156192,-0.392518,-0.554549,0.367994,0.209997,-0.456805,0.545421,0.067143,0.227302,0.434,0.236503,0.657241,0.081403,-0.208944,0.324077,0.29526,0.521249,0.046044,0.52943,0.326394,0.236503,-0.093278,-0.508857,0.058799,-0.291379,0.201837,-0.116632,-0.33392,0.113335,-0.232113,0.209997,0.323011,0.154855,-0.019065,-0.164403,0.154855,-0.001342,-0.999135,0.171064,-0.313218,-0.273609,-0.350296,0.0,-0.358613,-0.319375,0.112967,-0.341205,-0.411594,-0.411594,-0.614679,0.080165,-0.042317,-0.196137,0.064076,0.079257,0.186413,-0.152701,-0.188959,0.085978,-0.025919,-0.467033,-0.25604,-0.495936,0.409952,0.302103,-0.045497,-0.440931,0.027783,-0.164403,-0.389163,-0.515507,-0.058645,-0.224668,0.508866,-0.217741,-0.101946,-0.207427,0.213209,-0.230265,-0.234392,0.176777,-0.092916,-0.230265,-0.094005,0.012997,0.363632,0.201837,-0.078119,0.415507,-0.207427,-0.217741,-0.318551,-0.207427,0.198543,-0.26258,0.222778,-0.330972,-0.058645,-0.325451,-0.351901,-0.234392,0.546749,0.222778,-0.234392,0.363132,0.310333,-0.022321,-0.561652,0.639744,-0.240659,-0.54191,-0.208944,0.209745,0.483509,-0.542778,-0.81711,-0.125089,-0.266722,-0.050248,0.201837,-0.436508,0.0,-0.467033,-0.448591,-0.192274,0.067859,-0.415804,-0.230265,-0.417158,-0.207427,-0.650677,-0.343008,-0.650677,0.452002,0.201837,0.107362,0.119499,-0.650677,-0.245369,-0.1543,-0.245369,-0.244486,-0.217741,-0.095412,0.201837,-0.053478,0.222778,0.32452,0.03141,0.012997,0.431526,0.201837,0.194326,-0.534117,0.575852,0.553426,-0.228357,0.081515,0.654473,0.039834,0.201837,-0.200006,0.517841,0.660874,0.415507,0.54462,0.07115,0.0,0.375173,-0.817522,0.0,-0.25545,-0.049448,-0.234392,-0.040563,0.429532,0.518728,-0.51526,0.545823,-0.357038,-0.054946,-0.178695,0.224864,0.069283,0.350969,-0.212349,-0.632138,0.560191,-0.424204,0.34208,-0.395199,0.209766,0.191542,0.525273,-0.401712,0.085065,-0.101946,0.218644,#
2,-0.440824,-0.156192,1.0,0.241036,0.139947,-0.313412,0.056605,-0.312203,-0.138983,-0.12931,-0.388407,-0.368906,-0.467736,-0.051564,0.195642,-0.084752,-0.165468,0.276912,-0.207734,0.681831,0.261531,-0.184441,0.084578,0.139947,-0.406271,0.147416,0.120039,0.266363,0.100634,-0.181792,-0.34257,-0.339454,0.03605,0.355892,0.027741,-0.351754,-0.265814,0.027741,-0.18649,0.129875,-0.050438,-0.339804,-0.481704,-0.439126,0.0,-0.138399,-0.741907,-0.480769,-0.121923,-0.095848,-0.507307,0.37367,0.294997,0.197128,0.042837,-0.674036,-0.070182,0.371219,-0.376921,-0.308365,-0.525702,0.088407,-0.10493,0.246987,0.033998,-0.218398,0.334723,-0.288171,-0.379741,0.809745,-0.265814,-0.228477,-0.322331,0.092375,-0.609096,-0.086999,-0.398347,0.180057,0.021263,0.008072,0.439903,-0.004357,0.347923,0.164123,0.439903,0.204304,0.307528,0.142433,0.266363,0.508041,0.065813,0.021263,0.035506,0.139212,0.005682,0.003986,-0.032805,-0.392831,0.157908,0.092375,-0.44728,-0.468919,0.413736,-0.1543,-0.392831,0.413736,0.212656,0.399602,0.126752,-0.32947,0.366514,0.381252,-0.219946,-0.084752,0.61283,0.413827,0.100345,0.271212,-0.352474,0.038881,0.118012,0.266363,-0.077456,0.0,-0.56121,0.493525,0.445256,-0.1515,0.150358,0.439903,0.472391,0.005682,0.011403,0.366452,0.445256,-0.331135,0.185647,0.277551,-0.494881,0.445256,-0.119284,0.092597,-0.119284,-0.338613,0.035506,0.02145,0.266363,-0.494462,-0.373125,0.420086,-0.590455,0.324955,0.145261,0.266363,0.032868,0.575968,0.302207,-0.071336,-0.388916,-0.594618,0.182861,-0.14237,0.266363,-0.211255,0.384079,-0.111112,0.065813,-0.560188,0.640362,0.0,0.102662,0.288731,0.0,0.384079,-0.702633,0.429496,0.558398,-0.429533,-0.149478,0.196101,-0.648728,0.218234,0.476937,-0.448655,-0.458464,-0.110795,0.098617,-0.301853,0.016235,-0.617371,0.380291,-0.201764,-0.556528,0.032963,-0.523509,-0.178696,-0.239975,-0.03369,0.196201,0.432817,#
3,-0.009712,-0.392518,0.241036,1.0,0.257887,-0.182806,-0.151084,-0.244523,-0.392518,0.066482,-0.435749,-0.117243,-0.118542,-0.432725,0.158279,0.121615,-0.407997,0.267533,-0.290123,0.535044,0.142426,-0.987219,-0.636306,-0.1985,0.434151,0.074586,-0.141042,0.381843,0.661123,-0.253471,0.440264,0.251264,0.388393,-0.407647,-0.214298,-0.100571,-0.488415,-0.214298,0.632763,0.367603,0.359861,0.177281,-0.064285,0.198014,0.0,0.166564,-0.263325,-0.51525,-0.249846,-0.346058,0.086515,0.553514,-0.269918,0.419133,0.161228,-0.459311,0.126916,-0.028285,0.269101,-0.219085,-0.800245,-0.129864,0.01777,0.122309,0.163103,-0.362381,0.053423,0.233611,0.097033,0.012088,-0.488415,-0.30012,-0.071911,0.364989,0.136677,-0.643389,0.020906,0.658564,0.011404,0.392305,0.101999,0.403889,0.417608,0.642721,0.101999,0.23383,0.545061,-0.585845,0.407997,-0.097537,0.322045,0.011404,0.020906,0.393686,0.405187,0.403889,0.374875,0.393686,0.408491,0.364989,-0.099423,-0.050901,0.802191,-0.277113,0.393686,0.802191,-0.190398,-0.063718,-0.097541,0.41747,-0.01567,-0.407899,0.262753,0.121615,-0.121352,0.140274,0.382268,0.605403,0.08108,0.446273,-0.089032,0.381843,0.530901,0.0,0.01777,0.524001,-0.018744,-0.438972,0.383005,0.101999,0.264486,0.390041,0.419208,0.319308,0.419208,-0.533922,-0.271998,-0.261566,0.213182,0.419208,0.631849,0.546104,0.631849,-0.520505,0.020906,-0.222926,0.407997,-0.686638,-0.104337,0.087383,-0.318866,0.104628,-0.07981,0.407997,0.407639,0.356129,-0.004118,-0.437884,0.030638,0.182913,-0.001452,0.11024,0.407997,0.259472,-0.444796,-0.077056,0.322045,-0.311568,0.178366,0.0,-0.20408,0.479315,0.0,0.293997,-0.580336,0.403889,0.338828,-0.536052,-0.381169,0.254163,-0.672194,-0.255109,-0.552543,-0.406688,-0.411142,-0.283632,0.23052,-0.365078,0.429225,-0.29755,0.516238,-0.439167,-0.348196,0.37643,-0.223913,-0.201207,0.007505,-0.370424,0.250539,0.37805,#
4,-0.402245,-0.554549,0.139947,0.257887,1.0,0.134499,0.082912,0.183449,-0.554549,-0.565003,-0.385507,-0.801206,-0.416852,-0.833177,0.213202,-0.092012,0.408052,-0.202726,0.300102,-0.139607,-0.174791,-0.133338,0.07058,-0.265604,0.28537,0.168833,0.131523,-0.408052,0.145249,0.681703,-0.333461,0.369599,0.082912,-0.093413,0.103586,0.083582,-0.070691,0.103586,-0.056395,0.543318,-0.462126,-0.240502,0.054577,0.276707,0.0,0.274378,0.212885,-0.067743,0.258046,0.355606,0.355606,0.457036,-0.561605,0.274806,-0.155701,-0.220969,-0.536362,-0.010769,0.390094,0.205938,-0.055346,0.114039,0.326533,-0.360312,0.04534,-0.146704,-0.082421,0.204662,0.657843,0.340625,-0.070691,0.48611,0.560455,0.081097,-0.077113,-0.036447,0.433643,-0.25718,0.414823,-0.424054,0.408052,0.433643,-0.021172,0.167349,0.408052,-0.258046,-0.119903,0.151062,0.2587,0.080618,0.098058,0.414823,0.003584,0.116394,0.399378,-0.402583,0.489474,-0.391464,-0.406832,0.081097,0.597787,0.610484,-0.012038,-0.562372,-0.391464,-0.012038,-0.674036,-0.261156,-0.373104,0.133557,-0.446968,0.408346,-0.229053,-0.092012,-0.456484,-0.538713,0.543045,0.66647,-0.048007,0.047274,0.089044,-0.408052,0.380058,0.0,0.326533,0.219561,0.394129,0.004215,0.133603,0.408052,0.503839,0.013264,0.824188,-0.110582,0.394129,-0.33871,0.2587,0.246213,0.152136,0.394129,0.408415,0.098144,0.408415,0.362537,0.003584,0.176666,0.2587,-0.051274,-0.371931,-0.126237,0.37292,-0.102629,0.052171,0.2587,0.086188,0.525536,-0.716989,-0.422742,0.017853,0.270461,-0.268403,0.337148,0.2587,-0.243441,-0.304142,-0.459545,0.098058,-0.010753,0.194228,0.0,0.189677,0.628252,0.0,-0.304142,0.187235,0.003584,0.054768,0.095233,-0.499432,0.579429,-0.147406,0.248176,0.128394,0.413001,0.013709,0.108073,-0.237374,0.394593,0.823398,-0.551373,0.361559,-0.110963,0.374798,0.124213,-0.303402,-0.142154,0.318362,-0.092114,-0.241177,-0.433124,#
5,0.016586,0.367994,-0.313412,-0.182806,0.134499,1.0,0.612667,-0.11716,0.367994,-0.083302,0.033671,0.118266,0.110355,0.011622,0.65034,-0.612078,0.408052,0.160283,0.65655,-0.139607,-0.174791,0.13252,0.597787,0.167147,-0.408052,0.639671,-0.424832,-0.408052,0.145249,-0.143551,0.084773,0.343351,0.082912,-0.093413,-0.444764,0.543318,-0.154237,-0.444764,-0.183739,-0.376154,-0.480081,-0.26858,0.115305,0.248811,0.0,-0.574887,0.212885,-0.129113,0.258046,-0.103153,0.355606,-0.558108,-0.579111,-0.243222,-0.297246,-0.113549,-0.518577,-0.010769,0.415889,-0.100318,-0.055346,0.114039,-0.144602,-0.360312,-0.648082,-0.352883,-0.082421,0.204662,0.11983,-0.161364,-0.154237,0.324488,-0.347447,-0.381185,-0.106816,-0.036447,0.003584,-0.281655,-0.411916,0.408052,-0.112014,-0.402583,-0.455755,-0.268971,-0.112014,0.166587,-0.146323,0.151062,0.2587,-0.382148,0.098058,-0.411916,-0.426475,-0.421337,-0.025801,-0.426475,-0.370745,0.08652,-0.436933,-0.381185,0.597787,0.580088,-0.442097,-0.150152,0.08652,-0.442097,-0.253774,-0.261156,0.071883,0.052171,-0.03149,-0.12179,-0.253774,-0.612078,0.062461,0.267379,-0.373104,-0.194651,-0.39473,-0.446351,0.089044,-0.408052,-0.092114,0.0,0.307688,-0.331993,-0.012038,-0.399505,-0.398918,-0.112014,-0.540565,-0.411916,-0.012038,-0.369216,-0.442097,0.097889,0.2587,-0.166007,0.645345,-0.442097,-0.126237,-0.352606,-0.126237,0.335232,-0.426475,-0.232841,0.2587,0.29276,-0.401804,-0.126237,0.346501,-0.578178,0.052171,0.2587,0.056149,0.071585,0.151452,0.400045,-0.006323,0.246213,0.199029,0.310958,0.2587,-0.283298,0.381031,0.401275,0.098058,0.392771,0.194228,0.0,0.189677,-0.283202,0.0,-0.344447,0.187235,-0.832642,0.054768,0.51873,0.374798,-0.268971,0.66343,0.248176,-0.336975,0.018897,0.811716,-0.145298,-0.237374,0.354595,-0.00208,0.280808,-0.548842,0.407307,0.374798,0.124213,-0.303402,0.661929,-0.002592,0.353827,-0.681734,-0.02213,#
6,0.014169,0.209997,0.056605,-0.151084,0.082912,0.612667,1.0,-0.38309,0.209997,-0.339526,0.529384,0.338173,-0.266364,-0.007037,0.388362,-0.99904,0.24976,0.022048,0.401441,-0.166569,-0.126974,0.122002,0.37902,0.612667,-0.666027,0.383002,-0.248102,0.150182,0.059322,-0.06862,-0.368038,0.653522,-0.297007,-0.363899,-0.270493,0.338173,-0.086538,-0.270493,-0.198545,-0.224616,-0.571971,-0.085402,0.367699,0.559783,0.0,-0.091968,0.153571,0.079173,0.427849,-0.327319,0.234274,-0.367759,-0.08638,-0.433424,-0.091968,-0.401411,-0.388378,0.490469,0.593398,-0.379232,-0.274804,0.344181,-0.346934,-0.294054,-0.428584,-0.23298,0.224788,-0.501075,0.088889,0.238715,-0.086538,-0.142554,-0.196635,-0.793476,-0.380393,0.121891,0.002475,-0.466251,-0.511812,0.489726,0.24976,-0.016649,-0.573375,-0.455375,0.24976,0.611785,-0.411732,0.088103,0.150183,0.316573,0.316981,-0.511812,-0.523985,-0.293407,-0.530719,-0.543109,-0.033096,-0.293407,-0.303578,-0.793476,0.37902,0.350051,-0.562232,-0.106176,-0.293407,-0.562232,0.087064,-0.553732,-0.238845,-0.261847,-0.048329,0.25018,0.087064,-0.99904,0.325684,0.129302,-0.238845,-0.133912,-0.649722,-0.036721,0.337699,0.150183,0.195882,0.0,0.206741,-0.104741,-0.016649,-0.238419,-0.328066,0.24976,-0.375125,-0.530719,-0.016649,-0.283324,-0.543109,-0.207015,0.150183,-0.106176,-0.027634,-0.543109,-0.404167,-0.513823,-0.404167,-0.170218,-0.523985,-0.422891,0.150183,-0.079641,-0.269496,-0.404167,0.212708,-0.390586,-0.261847,0.150183,-0.325573,0.316326,0.048599,0.221482,-0.00387,-0.106176,0.093987,-0.380292,0.150183,-0.21281,0.62129,0.460421,0.316981,-0.273587,-0.16866,0.0,0.593103,-0.287524,0.0,-0.266809,0.101812,-0.543109,-0.259796,0.289256,0.189616,-0.435973,0.383801,0.373673,-0.200412,-0.005443,0.469907,-0.240736,-0.437413,-0.222219,-0.01367,0.393905,-0.372063,0.208228,0.210197,-0.272052,-0.23282,0.404174,0.251152,0.216878,-0.44666,-0.042572,#
7,-0.458679,-0.456805,-0.312203,-0.244523,0.183449,-0.11716,-0.38309,1.0,-0.148708,-0.156565,0.014186,-0.346376,0.03756,-0.4153,-0.462492,0.409431,-0.132463,-0.150877,-0.392867,-0.183288,-0.207499,0.28276,0.272318,-0.309858,0.272954,-0.442797,0.014263,-0.610132,-0.657963,0.213801,0.270671,-0.16957,-0.38309,-0.152402,-0.294473,0.165409,0.212791,-0.294473,-0.425868,0.484763,-0.289769,0.518821,0.04031,-0.029714,0.0,0.12782,0.558627,-0.059682,0.619436,0.73949,0.522954,0.349921,-0.158491,-0.21813,0.553891,0.665769,0.014001,-0.756757,-0.270565,0.82023,0.444393,-0.134633,0.912,-0.083435,0.579479,-0.195736,-0.785995,0.529305,0.477919,-0.307576,0.212791,0.618734,0.536071,0.181969,0.409222,-0.272972,0.206905,-0.202321,0.492796,-0.385346,-0.012042,-0.028214,-0.440524,0.095416,-0.012042,-0.226143,-0.180463,-0.0423,-0.28901,-0.5074,-0.391537,0.492796,0.206905,0.164631,0.446305,-0.028214,0.035853,0.164631,0.154035,0.181969,0.272318,0.314601,-0.075238,0.143173,0.164631,-0.075238,-0.165429,0.120362,0.484269,0.480545,-0.455552,-0.121808,0.126504,0.409431,-0.376741,-0.507816,0.175161,0.280857,0.63422,-0.058292,0.168179,-0.610132,-0.041303,0.0,0.597818,-0.10075,0.442023,0.138884,0.598026,-0.012042,0.107096,0.260345,0.442023,-0.166683,0.442023,0.232516,-0.449571,0.334071,-0.114774,0.442023,-0.0,0.182069,-0.0,0.646172,0.206905,0.273401,-0.28901,0.451409,0.223428,-0.0,0.131524,-0.128465,0.160181,-0.28901,0.00765,0.115623,-0.421133,-0.242415,0.199846,0.047724,-0.466676,0.398424,-0.28901,0.486371,-0.211846,-0.746792,-0.391537,0.108786,-0.126348,0.0,-0.59492,0.413047,0.0,-0.211846,0.290606,-0.028214,0.123643,0.096098,-0.115384,0.620208,-0.030041,0.20719,0.068963,0.399693,0.088692,0.618357,-0.298035,0.671453,0.425777,-0.127176,0.276452,-0.460019,0.441289,-0.006758,0.33874,-0.419236,0.159036,0.52661,0.134881,-0.085649,#
8,0.22538,0.545421,-0.138983,-0.392518,-0.554549,0.367994,0.209997,-0.148708,1.0,0.524272,0.227302,0.434,0.75606,0.657241,0.081403,-0.208944,0.324077,0.313863,0.137655,0.063836,0.098635,0.326394,0.236503,0.333194,-0.508857,0.18872,0.21774,0.201837,-0.116632,-0.33392,0.134768,-0.232113,0.209997,0.323011,-0.212613,0.434,0.434982,-0.212613,-0.467472,-0.54607,-0.141768,-0.111773,0.245062,-0.150159,0.0,-0.358613,-0.273329,0.112967,0.094006,0.040508,-0.411594,-0.516525,0.080165,0.13466,-0.051065,-0.137767,-0.394679,-0.233133,-0.152701,-0.45053,0.085978,-0.51056,-0.331829,-0.25604,-0.108284,-0.266257,0.302103,-0.045497,-0.691573,0.007994,0.434982,-0.251123,-0.515507,-0.50612,-0.224668,0.271965,-0.634025,-0.101946,-0.618988,0.213209,-0.763286,-0.650677,-0.243886,-0.092916,-0.763286,-0.094005,0.012997,-0.066492,-0.508858,-0.078119,-0.040563,-0.618988,-0.634025,-0.318551,-0.207427,-0.217741,-0.690808,0.222778,-0.330972,-0.50612,-0.325451,-0.351901,-0.234392,0.546749,0.222778,-0.234392,-0.067599,-0.022642,0.43375,-0.088974,0.213916,-0.240659,-0.111179,-0.208944,0.209745,0.483509,-0.998849,-0.81711,-0.125089,-0.696755,-0.515507,0.201837,-0.436508,0.0,-0.331829,-0.448591,-0.192274,0.067859,-0.394813,-0.763286,-0.172491,0.204134,-0.650677,-0.475546,-0.650677,0.452002,0.201837,-0.315126,0.245873,-0.650677,-0.762897,0.051023,-0.762897,-0.048584,-0.634025,-0.445169,-0.508858,0.357893,-0.29773,-0.193008,-0.428908,-0.44732,-0.041151,-0.508858,0.194326,-0.534117,0.550421,0.960527,-0.649588,-0.340973,0.429026,0.039834,-0.508858,-0.200006,0.517841,0.27856,-0.040563,0.042421,0.07115,0.0,-0.08987,-0.817522,0.0,-0.25545,-0.049448,-0.650677,-0.040563,0.429532,0.996598,-0.51526,0.545823,0.098658,-0.054946,-0.178695,0.661069,-0.372176,-0.095272,-0.212349,-0.661312,0.560191,-0.424204,0.34208,0.082671,0.209766,-0.280414,0.042172,0.124606,0.085065,-0.528392,0.218644,#
9,0.650899,0.067143,-0.12931,0.066482,-0.565003,-0.083302,-0.339526,-0.156565,0.524272,1.0,-0.21216,0.442048,0.755704,0.669502,0.088861,0.330183,-0.227269,-0.08261,-0.351359,0.071136,-0.344352,-0.155345,-0.31014,0.345562,0.205829,0.196648,0.172516,0.205829,0.342188,-0.378867,0.26329,-0.292608,0.206471,0.329107,-0.218935,-0.050736,0.43398,-0.218935,0.04305,-0.06969,0.328504,-0.117146,0.219982,-0.155947,0.0,-0.371129,-0.283012,0.108288,-0.353623,0.034916,-0.419723,-0.404768,0.087615,0.249475,-0.201905,-0.127247,0.11101,-0.225868,-0.158237,-0.460002,0.045549,-0.545266,-0.340295,0.510003,-0.116428,-0.272001,0.308077,-0.054354,-0.705334,-0.413745,0.43398,-0.085288,-0.5315,-0.026893,0.329403,-0.215361,-0.646743,0.362041,-0.63142,0.222981,-0.763281,-0.663488,0.211213,-0.100932,-0.763281,-0.084029,0.51627,-0.532682,-0.508854,-0.072946,-0.540212,-0.63142,-0.185769,-0.325387,-0.21755,0.232851,-0.704411,0.218978,0.242734,-0.026893,-0.331874,-0.359389,0.216107,0.08897,0.218978,0.216107,-0.057481,-0.018751,0.441795,0.419408,0.223681,-0.237722,0.357321,0.330183,0.228038,0.499171,-0.513234,-0.358255,-0.137224,-0.234233,-0.512785,0.205829,-0.445338,0.0,-0.340295,0.133652,-0.645758,0.062772,-0.271384,-0.763281,-0.179609,0.196321,-0.663488,0.346177,-0.202513,-0.035364,0.205829,-0.777741,0.397922,-0.202513,-0.211846,0.042741,-0.211846,-0.052684,-0.185769,-0.017444,-0.508854,0.358128,-0.30445,-0.189804,-0.437849,0.05337,-0.471974,-0.508854,0.190216,-0.5315,0.565887,0.522376,-0.196149,-0.353882,-0.087057,0.033688,-0.508854,-0.205071,-0.231295,0.288167,-0.540212,-0.054898,0.078527,0.0,-0.566561,-0.345162,0.0,0.516426,-0.086012,-0.202513,-0.03518,-0.047489,0.51467,-0.525646,0.091592,0.105627,-0.050394,-0.216417,0.216475,-0.591846,0.334539,-0.217663,-0.674058,0.094004,-0.432804,0.34756,0.046133,0.171909,-0.325943,0.049381,0.085212,-0.407488,-0.066798,0.228442,#
10,0.187475,0.227302,-0.388407,-0.435749,-0.385507,0.033671,0.529384,0.014186,0.227302,-0.21216,1.0,0.648015,0.006421,0.197191,-0.392673,-0.49988,0.003875,-0.144842,-0.011022,-0.485878,-0.017476,0.387071,0.044948,0.421224,-0.333253,-0.344616,0.005404,0.312586,-0.411844,0.013864,-0.16267,0.441323,-0.496895,-0.499452,0.047222,0.236294,0.242776,0.047222,-0.113048,-0.209022,-0.164952,0.499915,0.534159,0.523482,0.0,0.401822,0.489742,0.502772,0.417642,-0.193262,0.251109,-0.262452,0.406118,-0.564538,0.269995,0.314355,0.141596,0.206612,0.29656,-0.010079,0.231393,0.234822,-0.125323,-0.232674,0.148191,0.257322,-0.043898,-0.493662,0.129555,-0.165366,0.242776,-0.343614,0.22493,-0.654164,-0.010513,0.333257,0.204458,-0.432758,-0.198178,0.193752,0.003875,0.189326,-0.615598,-0.416765,0.003875,0.404986,-0.670281,0.021429,-0.333253,0.22514,0.216685,-0.198178,-0.212113,-0.017919,-0.587142,-0.227244,0.16152,-0.017919,-0.032746,-0.654164,0.044948,0.044843,-0.620672,0.390257,-0.017919,-0.620672,0.388937,-0.468409,-0.223121,-0.257725,-0.208963,0.013749,0.388937,-0.49988,-0.003867,-0.288609,-0.223121,-0.410732,0.002584,0.159442,0.22493,0.312586,0.211188,0.0,0.312781,-0.405371,-0.18897,0.192735,-0.099348,0.003875,-0.380202,-0.213138,-0.18897,-0.39682,-0.60554,0.216524,-0.333253,0.006324,-0.398545,-0.60554,-0.499625,-0.334269,-0.499625,-0.216071,-0.212113,-0.353691,-0.333253,0.083845,0.47401,-0.499625,0.242128,-0.235238,-0.257725,-0.333253,-0.49822,-0.214783,-0.139492,0.106546,0.195088,0.006324,-0.033189,-0.635097,-0.333253,0.306784,0.34896,0.214656,0.216685,-0.197689,-0.813436,0.0,0.392705,-0.46399,0.0,-0.353764,0.404422,-0.227244,-0.654151,0.210471,0.193463,-0.401413,0.399348,-0.020084,-0.204813,0.1988,0.188487,0.095055,-0.427214,-0.30622,-0.199048,0.797399,-0.231412,-0.012228,0.209748,-0.505187,0.531688,-0.033985,0.291397,0.227802,-0.029726,-0.218326,#
11,0.647268,0.434,-0.368906,-0.117243,-0.801206,0.118266,0.338173,-0.346376,0.434,0.442048,0.648015,1.0,0.330167,0.658107,-0.069866,-0.327248,-0.327248,-0.031593,-0.148412,-0.175124,-0.104902,-0.019843,-0.187661,0.543318,-0.218165,-0.023974,-0.255823,0.490164,0.089407,-0.533982,0.208144,0.249788,-0.224616,-0.326968,-0.212594,0.060039,0.088755,-0.212594,0.23162,-0.428365,0.253982,0.303685,0.383697,0.319266,0.0,-0.100633,0.117118,0.27759,-0.083282,-0.511879,-0.024512,-0.584927,0.341266,-0.427565,0.055523,0.089905,0.40848,0.216166,0.221122,-0.368943,-0.053034,0.030556,-0.477799,0.255188,-0.225893,0.063184,0.172377,-0.430584,-0.367118,-0.484933,0.088755,-0.485605,-0.428468,-0.42825,0.209356,-0.02739,-0.222483,0.066204,-0.653989,0.654496,-0.327248,-0.239079,-0.233998,-0.379835,-0.327248,0.534394,-0.061531,-0.35415,-0.218165,0.044491,0.026311,-0.653989,-0.222483,-0.248157,-0.653989,0.192415,-0.298059,0.291368,0.303057,-0.42825,-0.187661,-0.202688,-0.239079,0.324976,0.291368,-0.239079,0.521116,-0.306645,0.044493,0.005542,0.212205,-0.327169,0.521116,-0.327248,0.326543,0.350834,-0.428242,-0.534113,-0.218172,0.169625,0.05379,0.490164,-0.069347,0.0,0.002695,-0.158131,-0.653978,-0.070461,-0.269976,-0.327248,-0.702297,-0.243798,-0.653978,0.059356,-0.653978,0.035574,-0.218165,-0.534031,0.018742,-0.653978,-0.327081,-0.329368,-0.327081,-0.434236,-0.222483,-0.329907,-0.218165,0.031043,0.291368,-0.327081,-0.04318,-0.061531,-0.426765,-0.218165,-0.240074,-0.428468,0.48492,0.315787,0.219101,-0.096106,0.057073,-0.524042,-0.218165,0.175563,0.20289,0.680481,0.026311,-0.100459,-0.532519,0.0,0.0511,-0.619546,0.0,0.20289,0.074147,-0.239079,-0.428242,0.026879,0.379356,-0.800774,0.328877,-0.104688,-0.435568,-0.222974,0.18977,-0.315654,0.057596,-0.505817,-0.65376,0.76257,-0.546717,0.206823,-0.067155,-0.257823,0.27456,0.32209,0.026359,-0.051126,0.066204,0.202308,#
12,0.495713,0.236503,-0.467736,-0.118542,-0.416852,0.110355,-0.266364,0.03756,0.75606,0.755704,0.006421,0.330167,1.0,0.497849,-0.113837,0.268054,0.243685,0.053579,-0.046765,-0.132175,-0.094142,0.066438,-0.236105,0.07058,0.178703,0.012728,0.362637,0.146211,0.087142,-0.095212,0.352746,-0.178952,0.37902,0.242575,-0.091411,0.330167,0.598941,-0.091411,-0.139796,-0.229915,0.135449,0.012499,0.420659,-0.025489,0.0,-0.099484,-0.071575,0.286123,-0.099484,0.218266,-0.298462,-0.338348,-0.115248,0.429721,-0.092856,0.07592,-0.24959,-0.519796,-0.036259,-0.309724,0.243506,-0.752096,-0.184112,-0.146318,0.09895,-0.178726,0.218844,0.202221,-0.498459,-0.369559,0.598941,-0.10981,-0.202071,-0.181109,0.267917,0.113718,-0.453959,0.110096,-0.442721,-0.009747,-0.999109,-0.47299,-0.002263,0.115284,-0.999109,-0.417833,0.207971,-0.385767,-0.666073,-0.255101,-0.212185,-0.442721,-0.453959,-0.214868,0.02767,0.02183,-0.502109,0.40384,-0.224261,-0.181109,-0.236105,-0.239271,0.002799,0.418117,0.40384,0.002799,-0.38747,-0.144617,0.329929,0.327959,-0.008589,-0.401745,0.104831,0.268054,-0.266046,0.169968,-0.733448,-0.601202,0.194953,-0.507694,-0.755105,0.146211,-0.310356,0.0,-0.184112,-0.322331,-0.47299,0.239162,-0.271593,-0.999109,-0.01538,0.498061,-0.47299,-0.328214,-0.47299,0.350786,0.146211,-0.566958,0.515354,-0.47299,-0.347248,0.311528,-0.347248,0.057575,-0.453959,-0.251043,-0.666073,0.461441,-0.191071,-0.347248,-0.297101,-0.318146,-0.212284,-0.666073,0.375804,-0.776376,0.263336,0.724529,-0.465584,-0.064763,0.135278,0.233778,-0.666073,-0.112057,-0.164301,0.08067,-0.212185,0.192454,-0.12488,0.0,-0.403289,-0.593331,0.0,-0.164301,0.155293,-0.47299,-0.212185,0.349909,0.776938,-0.367432,0.439452,-0.076823,-0.206426,0.048628,0.522239,-0.416116,0.103281,-0.120883,-0.488823,0.45102,-0.301045,0.285746,0.264896,0.366157,-0.143568,-0.157852,0.310551,-0.28946,-0.377308,-0.003399,#
13,0.604368,0.657241,-0.051564,-0.432725,-0.833177,0.011622,-0.007037,-0.4153,0.657241,0.669502,0.197191,0.658107,0.497849,1.0,0.005176,0.00781,-0.011715,-0.04797,-0.005486,-0.042751,0.005176,0.33096,0.022076,0.402154,-0.333211,0.083893,0.000448,0.317592,-0.012328,-0.406381,-0.046789,-0.374849,-0.007037,0.494765,0.061916,-0.205517,0.316778,0.061916,-0.107634,-0.654256,0.262069,-0.296415,0.002736,-0.340988,0.0,-0.417664,-0.37578,0.317482,-0.401722,-0.216607,-0.63061,-0.738904,0.398527,-0.07174,-0.263568,-0.021777,0.241301,0.184657,-0.284507,-0.44763,0.227435,-0.220388,-0.592874,0.351694,-0.390009,0.216728,0.475361,-0.396683,-0.816727,-0.155693,0.316778,-0.325423,-0.654414,-0.202858,-0.006691,0.324536,-0.602391,0.003492,-0.583851,0.203051,-0.499817,-0.617639,0.174207,-0.410413,-0.499817,0.003188,0.197373,-0.007785,-0.333211,0.189059,-0.236432,-0.583851,-0.182619,-0.498177,-0.583851,0.198585,-0.669131,-0.002467,0.011979,-0.202858,-0.492521,-0.549781,-0.197867,0.399629,-0.002467,-0.197867,0.425616,0.165874,0.240166,-0.254614,0.59363,-0.02128,-0.008724,0.00781,0.499886,0.600647,-0.654069,-0.81577,-0.320208,-0.241094,-0.211321,0.317592,-0.671425,0.0,-0.592874,-0.142873,-0.57907,0.241201,-0.504712,-0.499817,-0.415611,-0.206973,-0.998843,0.145319,-0.57907,0.223298,0.317592,-0.389615,0.024441,-0.57907,-0.499562,-0.32772,-0.499562,-0.196615,-0.182619,0.035359,-0.333211,0.272303,-0.002467,0.022302,-0.24994,0.197373,-0.175175,-0.333211,-0.03541,-0.654414,0.752841,0.67806,-0.196769,-0.413283,0.235557,-0.234793,-0.333211,-0.328894,0.311393,0.655595,-0.236432,0.13396,-0.013846,0.0,-0.02619,-0.77869,0.0,0.311393,0.003263,-0.197867,-0.194177,0.200536,0.616358,-0.797166,0.392879,-0.002921,0.204523,-0.192141,0.182147,-0.315416,0.386365,-0.348366,-0.99851,0.403222,-0.652895,0.511061,-0.22055,-0.038223,-0.0375,0.362447,-0.18146,-0.193805,0.003492,0.212562,#
14,0.02929,0.081403,0.195642,0.158279,0.213202,0.65034,0.388362,-0.462492,0.081403,0.088861,-0.392673,-0.069866,-0.113837,0.005176,1.0,-0.408148,0.096986,0.282915,0.533585,0.199158,-0.258084,-0.199142,0.378537,0.246181,-0.272099,0.982742,-0.15617,-0.272099,0.661225,-0.242525,-0.117156,0.097594,0.388362,0.115595,-0.168058,0.359496,-0.324587,-0.168058,0.152525,-0.104902,-0.071431,-0.503881,-0.177975,0.008995,0.0,-0.666503,-0.184323,-0.390792,-0.254063,-0.389375,0.074036,-0.343201,-0.241923,-0.063509,-0.672012,-0.483633,-0.372924,0.409237,0.190811,-0.441634,-0.330681,0.359331,-0.469689,0.121321,-0.705596,-0.356462,0.126426,0.02469,-0.116105,0.055434,-0.324587,0.197169,-0.534392,-0.110057,-0.40794,-0.176914,-0.010861,0.229739,-0.425636,0.412189,0.096986,-0.421145,-0.040897,-0.198241,0.096986,0.254063,0.039004,0.217429,0.401413,-0.111048,-0.1019,-0.425636,-0.010861,-0.129876,-0.035607,-0.421145,-0.404296,-0.129876,-0.119054,-0.110057,0.378537,0.34648,-0.026641,-0.66605,-0.129876,-0.026641,-0.166448,-0.066898,-0.1019,-0.08432,-0.031809,0.08706,-0.166448,-0.408148,0.377619,0.483483,-0.1019,0.146345,-0.608876,-0.406,-0.093474,-0.272099,0.071238,0.0,-0.012813,-0.062977,-0.026641,-0.671546,-0.576752,0.096986,-0.304905,-0.425636,-0.026641,0.184386,-0.026641,-0.093094,0.401413,-0.265667,0.56221,-0.026641,0.082511,-0.320767,0.082511,0.151068,-0.010861,-0.248991,0.401413,0.035086,-0.623152,0.082511,0.056454,-0.39723,-0.08432,0.401413,-0.167821,0.347443,0.233193,0.16336,-0.001503,0.150733,0.289926,0.028389,0.401413,-0.439167,0.2139,0.364764,-0.1019,0.070661,0.538143,0.0,0.231704,0.069052,0.0,0.2139,-0.189555,-0.421145,0.33031,-0.126253,0.066571,-0.198241,0.129579,0.144023,-0.102214,-0.426784,0.373905,-0.546038,-0.179307,0.196577,-0.013603,-0.271153,-0.386245,0.585945,0.066571,-0.116906,-0.635665,0.590218,-0.313858,0.071238,-0.594697,-0.017471,#
15,-0.014914,-0.208944,-0.084752,0.121615,-0.092012,-0.612078,-0.99904,0.409431,-0.208944,0.330183,-0.49988,-0.327248,0.268054,0.00781,-0.408148,1.0,-0.25,-0.0349,-0.402666,0.137687,0.117191,-0.09372,-0.365528,-0.612078,0.666667,-0.400439,0.248341,-0.166667,-0.088595,0.078593,0.366913,-0.649819,0.274246,0.351551,0.273735,-0.327248,0.100403,0.273735,0.188019,0.225249,0.565328,0.10798,-0.355173,-0.549803,0.0,0.102062,-0.118782,-0.059002,-0.408248,0.339276,-0.212047,0.359085,0.096775,0.40581,0.102064,0.438922,0.397552,-0.499814,-0.595184,0.404855,0.306721,-0.332544,0.362366,0.288676,0.439394,0.24778,-0.249461,0.501557,-0.070535,-0.259873,0.100403,0.155386,0.218218,0.783951,0.392657,-0.111112,0.017228,0.44709,0.522323,-0.5,-0.25,0.017228,0.54548,0.436963,-0.25,-0.612372,0.381,-0.077135,-0.166667,-0.32714,-0.327154,0.522323,0.53406,0.294393,0.522323,0.53406,0.035444,0.294393,0.30387,0.783951,-0.365528,-0.336062,0.53406,0.116563,0.294393,0.53406,-0.077244,0.546608,0.239074,0.26082,0.029371,-0.24994,-0.077244,1.0,-0.337506,-0.153662,0.239074,0.124184,0.666686,0.035594,-0.327327,-0.166667,-0.195452,0.0,-0.181183,0.081014,0.017228,0.24952,0.329829,-0.25,0.35861,0.522323,0.017228,0.269376,0.53406,0.228395,-0.166667,0.116563,0.017782,0.53406,0.392657,0.499565,0.392657,0.190329,0.53406,0.426515,-0.166667,0.103362,0.294393,0.392657,-0.1905,0.381,0.26082,-0.166667,0.303235,-0.327327,-0.065602,-0.225037,0.023243,0.116563,-0.10574,0.3714,-0.166667,0.229921,-0.619987,-0.468977,-0.327154,0.284038,0.139653,0.0,-0.593004,0.281663,0.0,0.25187,-0.071823,0.53406,0.239074,-0.278224,-0.189112,0.436963,-0.36379,-0.374032,0.201336,0.02526,-0.46033,0.261864,0.418596,0.24034,0.013683,-0.373367,0.362613,-0.207614,-0.189112,0.249392,0.263928,-0.406522,-0.246856,-0.195452,0.44709,0.023243,#
16,0.022371,0.324077,-0.165468,-0.407997,0.408052,0.408052,0.24976,-0.132463,0.324077,-0.227269,0.003875,-0.327248,0.243685,-0.011715,0.096986,-0.25,1.0,-0.143963,0.73251,-0.404715,0.096986,0.481379,0.243685,-0.112014,-0.166667,0.143636,0.319978,-0.166667,-0.10873,0.639969,-0.43728,0.138796,0.24976,0.397807,0.349772,0.225249,0.401609,0.349772,-0.402272,-0.327248,-0.491965,-0.566895,0.228673,0.053639,0.0,0.102062,-0.010799,0.457268,0.102062,0.318071,-0.212047,-0.262408,-0.40814,0.40581,-0.408255,-0.142004,-0.756632,-0.007871,0.272792,-0.14722,0.367258,-0.269403,-0.181183,-0.721689,-0.242425,0.198224,0.410877,-0.011399,0.047023,0.366606,0.401609,0.155386,0.218218,-0.327161,-0.249873,0.722231,0.017228,-0.611807,0.011355,-0.5,-0.25,0.017228,-0.034818,-0.087393,-0.25,-0.612373,-0.254,0.397544,-0.166667,0.196284,0.239074,0.011355,-0.499604,-0.351836,0.011355,-0.499604,0.035444,-0.351836,-0.998429,-0.327161,0.243685,0.211865,-0.499604,0.116563,-0.351836,-0.499604,-0.612012,-0.234261,-0.327154,-0.326025,-0.029371,0.362658,-0.612012,-0.25,-0.410877,-0.253876,-0.327154,-0.408034,-0.166675,-0.498308,-0.327327,-0.166667,-0.195452,0.0,-0.181183,-0.36088,0.017228,0.457452,-0.457823,-0.25,0.286888,0.011355,0.017228,-0.663079,-0.499604,0.228395,0.666667,0.116563,0.284507,-0.499604,-0.249873,-0.042132,-0.249873,0.288775,-0.499604,0.016404,-0.166667,0.310087,-0.351836,-0.249873,0.3175,-0.254,0.163013,-0.166667,0.231036,-0.327327,-0.274335,0.49099,-0.49973,0.116563,0.224698,0.308451,-0.166667,-0.632282,0.154997,0.048277,0.239074,0.387954,0.048575,0.0,0.463497,-0.422495,0.0,-0.71686,0.450528,-0.499604,-0.327154,0.773597,0.37122,-0.087393,0.643128,0.126904,0.275904,0.530457,0.530657,-0.042629,-0.071946,0.144204,0.013683,0.160014,-0.200063,0.415227,0.37122,0.288359,-0.2469,0.0933,0.370284,-0.195452,-0.611807,-0.49973,#
17,-0.500454,0.29526,0.276912,0.267533,-0.202726,0.160283,0.022048,-0.150877,0.313863,-0.08261,-0.144842,-0.031593,0.053579,-0.04797,0.282915,-0.0349,-0.143963,1.0,0.129917,0.756033,0.657361,-0.289618,0.159888,-0.308139,-0.401353,0.227405,0.017168,0.180318,0.138717,-0.598345,0.498532,-0.365944,0.599742,-0.055857,-0.09005,0.484578,-0.539625,-0.09005,0.118572,-0.305995,0.328182,0.199968,-0.479184,-0.377447,0.0,-0.252901,-0.433018,-0.741825,-0.146041,-0.45291,-0.105827,0.283098,0.180182,0.148388,0.150794,-0.17451,-0.097421,-0.073895,-0.404406,-0.140439,-0.548049,0.055679,-0.062443,-0.297206,0.156523,-0.245591,-0.191025,0.430053,-0.268322,0.251196,-0.539625,-0.443783,-0.388409,0.17407,-0.601722,-0.141541,-0.05772,0.595193,0.056075,0.383903,-0.056713,-0.05772,0.046783,0.614072,-0.056713,0.146042,0.021054,0.196312,0.325736,-0.399604,0.46703,0.056075,0.032468,0.594912,0.493971,0.032468,-0.07855,0.594912,0.139634,0.17407,-0.415028,-0.372002,0.47539,0.223744,0.594912,0.47539,0.157188,0.485094,0.211229,-0.282183,0.061504,-0.601884,-0.310437,-0.0349,0.176942,0.461203,-0.321234,-0.08792,0.282121,-0.408069,-0.31225,0.180318,0.280775,0.0,-0.176263,-0.402519,0.513469,-0.669088,0.073534,-0.056713,0.073842,0.40976,0.044493,-0.323982,0.13468,0.48968,-0.401353,0.310191,0.045923,0.13468,-0.072256,0.540273,-0.072256,-0.346785,0.032468,-0.676144,0.325736,-0.473768,0.041098,0.510779,-0.568447,-0.468719,0.589399,0.325736,0.187218,0.182781,0.33427,0.164931,-0.427702,0.180013,0.832868,0.047454,0.325736,0.401549,0.452701,-0.125644,0.46703,-0.037718,0.434839,0.0,0.052811,-0.094478,0.0,-0.186287,-0.731259,0.032468,0.677819,-0.379877,0.297492,0.268402,-0.258235,-0.521919,-0.360962,-0.809726,-0.036371,-0.071838,-0.214343,-0.144272,0.055634,0.084001,0.403006,-0.197085,-0.545849,0.166733,-0.083494,-0.159088,-0.559458,0.421602,-0.207568,0.495032,#
18,0.023255,0.521249,-0.207734,-0.290123,0.300102,0.65655,0.401441,-0.392867,0.137655,-0.351359,-0.011022,-0.148412,-0.046765,-0.005486,0.533585,-0.402666,0.73251,0.129917,1.0,-0.27653,0.156212,0.3038,0.39166,-0.166708,-0.268444,0.512519,-0.03126,-0.268444,0.200934,0.294599,-0.287478,0.177071,0.401441,0.196881,0.365328,0.343867,-0.137629,0.365328,0.045103,-0.527087,-0.173474,-0.552288,-0.087702,0.031249,0.0,-0.202862,0.043666,0.160243,-0.202862,-0.247796,0.021074,-0.422652,-0.311313,0.061001,-0.663389,-0.077567,-0.481818,0.354841,0.287465,-0.155139,0.171083,0.29024,-0.422215,-0.544101,-0.616331,0.317574,0.209197,0.057815,0.154297,0.161098,-0.137629,0.094963,-0.04113,-0.149347,-0.402461,0.573068,0.341636,-0.282844,-0.00214,-0.102808,0.047121,0.007085,-0.01929,-0.161725,0.047121,-0.269316,-0.368851,0.639294,0.331272,-0.042601,0.36243,-0.00214,-0.118864,-0.174214,-0.00214,-0.453416,0.035832,-0.174214,-0.744066,-0.149347,0.39166,0.365029,-0.453416,-0.189742,-0.174214,-0.453416,-0.276115,-0.096336,-0.526936,-0.525118,-0.010065,0.164253,-0.639585,-0.402666,-0.187824,-0.023124,-0.142083,-0.295469,-0.282733,-0.439726,-0.134608,-0.268444,0.029817,0.0,-0.049672,-0.534564,0.007085,-0.089785,-0.666544,0.047121,-0.163448,-0.349434,0.007085,-0.469734,-0.453416,0.327676,0.502619,0.166773,0.437934,-0.453416,0.034252,-0.262779,0.034252,0.208719,-0.118864,-0.130986,0.331272,0.103904,-0.174214,0.034252,0.510299,-0.368851,0.309484,0.331272,-0.049732,-0.134608,-0.140407,0.259167,-0.110917,0.50631,0.496668,0.129003,0.331272,-0.494752,0.247988,0.351921,0.36243,0.576196,0.137541,0.0,0.698655,-0.342662,0.0,-0.528842,0.303865,-0.453416,-0.142083,0.458823,0.145457,-0.161725,0.616221,-0.185859,0.008689,0.121839,0.441707,-0.090574,-0.121485,0.230618,0.022039,0.169763,-0.34473,0.610451,0.145457,0.009081,-0.111745,0.535099,-0.166285,0.029817,-0.625562,-0.449444,#
19,-0.472785,0.046044,0.681831,0.535044,-0.139607,-0.139607,-0.166569,-0.183288,0.063836,0.071136,-0.485878,-0.175124,-0.132175,-0.042751,0.199158,0.137687,-0.404715,0.756033,-0.27653,1.0,0.553906,-0.535639,-0.030502,-0.223064,-0.26981,0.113757,-0.138765,0.286499,0.202028,-0.660388,0.431666,-0.468652,0.385937,0.117497,-0.273852,-0.06873,-0.586474,-0.273852,0.096764,-0.06873,0.304798,0.024441,-0.632628,-0.535891,0.0,-0.320228,-0.739249,-0.872205,-0.218028,-0.297269,-0.333366,0.442243,0.114533,0.282144,0.298657,-0.452516,0.096384,-0.070213,-0.490658,-0.165642,-0.761983,-0.114019,0.054807,0.125263,0.152479,-0.404429,-0.012,0.296396,-0.415345,0.409932,-0.586474,-0.376242,-0.529896,0.390344,-0.404509,-0.444127,-0.401471,0.654069,0.037332,0.375509,0.116825,-0.075617,0.386228,0.638346,0.116825,0.218028,0.541543,-0.105066,0.425577,-0.158332,0.273628,0.037332,0.047057,0.391499,0.456137,0.372912,-0.108251,0.391499,0.406192,0.390344,-0.580351,-0.551353,0.796522,0.125475,0.391499,0.796522,0.231948,0.624239,0.425877,-0.046794,0.40048,-0.404618,-0.215288,0.137687,0.43568,0.645474,-0.083369,0.195115,0.091793,-0.049304,-0.074659,0.286499,0.03504,0.0,-0.416908,0.265127,0.470668,-0.534188,0.374971,0.116825,0.256155,0.375597,0.022139,0.191413,0.470668,-0.047492,-0.26981,0.208153,-0.128004,0.470668,0.101872,0.536506,0.101872,-0.462447,0.047057,-0.266386,0.425577,-0.638841,-0.138169,0.659486,-0.78317,0.073124,0.443996,0.425577,0.405344,0.398788,0.534783,-0.015478,-0.396835,-0.24706,0.483977,0.169458,0.425577,0.258692,0.292953,-0.121547,0.273628,-0.280146,0.694248,0.0,-0.244463,0.198737,0.0,0.292953,-0.986405,0.372912,0.872125,-0.530814,0.053304,0.307748,-0.665902,-0.220934,-0.126441,-0.800665,-0.377086,-0.048683,0.201723,-0.270349,0.035282,-0.349616,0.512939,-0.434501,-0.753267,0.377717,-0.320127,-0.185408,-0.50584,0.169727,0.220117,0.815393,#
20,-0.408855,0.52943,0.261531,0.142426,-0.174791,-0.174791,-0.126974,-0.207499,0.098635,-0.344352,-0.017476,-0.104902,-0.094142,0.005176,-0.258084,0.117191,0.096986,0.657361,0.156212,0.553906,1.0,-0.110313,-0.094142,-0.595116,-0.272099,-0.354739,-0.057357,0.401413,-0.185648,-0.242525,0.314256,-0.360293,0.408152,0.09765,0.282609,-0.087727,-0.48688,0.282609,0.138389,-0.534263,0.347109,0.064471,-0.550755,-0.477632,0.0,0.158377,-0.508981,-0.340721,-0.254063,-0.337275,-0.372237,0.342159,0.166156,0.324851,0.306858,-0.03151,0.130803,-0.020802,-0.384428,0.066037,-0.330681,-0.083624,0.005491,-0.461958,0.227524,0.32442,0.067127,0.266067,-0.173112,0.446245,-0.48688,-0.612857,-0.093474,0.356911,-0.40794,0.2721,-0.003435,0.254462,0.416826,-0.008082,0.096986,0.39107,0.421542,0.666295,0.096986,-0.174875,0.108802,0.290321,0.401413,-0.084608,0.787944,0.416826,0.013274,0.422592,0.416826,0.407779,0.359608,0.422592,-0.088647,0.356911,-0.626694,-0.588804,0.407779,0.599163,0.422592,0.407779,0.26672,0.589456,-0.05817,-0.532267,0.436308,-0.40805,-0.590971,0.117191,-0.065941,0.190823,-0.1019,-0.259904,0.414894,0.001534,-0.093474,0.401413,0.079391,0.0,-0.451385,-0.229644,0.430985,-0.041902,0.25957,0.096986,0.29563,0.416826,-0.003435,-0.40009,0.013274,0.381856,-0.272099,0.599163,-0.289537,0.013274,0.082511,0.57236,0.082511,-0.538499,0.013274,-0.233081,0.401413,-0.66664,0.422592,0.622585,-0.345908,0.108802,0.804197,0.401413,0.436708,-0.093474,0.216805,0.026675,-0.416663,0.158269,0.745004,0.123019,0.401413,0.29794,0.332907,-0.041025,0.787944,0.183763,0.212293,0.0,0.271368,-0.242062,0.0,-0.371741,-0.547346,0.407779,0.374039,-0.070311,0.096008,0.266047,-0.226396,-0.664624,-0.115473,-0.374724,-0.389821,0.357627,0.260503,-0.345759,0.014045,0.171788,0.541471,-0.406067,-0.770103,0.407155,0.291891,-0.20586,-0.443542,0.123215,0.254462,0.422111,#
