0,1.0,-0.408127,0.545601,0.425363,-0.028518,-0.122338,-0.372412,-0.272085,0.233925,0.000616,-0.399176,0.129636,-0.531028,-0.142007,-0.406461,-0.147763,-4.6e-05,0.20571,-0.119793,-0.314296,-0.406035,-0.534221,-0.586372,0.374106,0.63129,-0.534225,-0.121471,-0.626419,0.397363,-0.272085,-0.282834,-0.412766,-0.406035,0.352571,0.183471,-0.074508,0.157737,0.407313,-0.272085,0.017195,-0.261767,-0.097388,-0.598695,-0.257936,0.395293,-0.004491,-0.343165,-0.22944,0.120359,0.448578,0.310319,0.193373,0.351155,0.144285,-0.242946,-0.250439,0.291296,-0.019632,-0.139487,0.404784,0.28063,0.359738,0.473358,-0.559304,0.004536,-0.339564,-0.108784,-0.29676,-0.110305,0.113034,0.0,0.3776,0.0,-0.173877,-0.009486,0.266892,-0.004197,-0.385274,0.544727,0.234147,0.269759,0.515903,-0.103188,-0.257414,0.396041,0.080526,-0.103188,0.257493,-0.416902,0.096757,0.422293,-0.10649,0.095841,0.597085,0.393238,-0.395555,0.26396,0.393238,0.529725,0.084733,0.001914,0.348139,-0.057725,0.230604,0.793371,-0.157789,0.393238,0.498171,-0.377636,-0.534092,-0.293087,0.0,0.530566,-0.004197,0.069435,-0.272085,-0.103188,0.171823,0.166377,-0.093978,0.581602,0.084733,0.275391,0.245858,0.0,0.014657,0.069435,-0.437839,-0.333125,0.578949,0.275391,-0.174357,0.090317,0.336017,0.274135,0.348139,0.395293,0.422293,-0.117896,0.275391,0.242447,-0.033523,0.155249,0.0,0.407191,0.360311,0.322465,-0.185741,0.241515,-0.027805,-0.10649,0.407191,0.400427,-0.223185,0.257844,0.242112,-0.46204,0.151885,0.407191,0.793144,0.239171,0.395293,0.544727,-0.0,-0.13321,-0.233264,-0.173877,-0.178608,0.014657,0.092406,0.366205,-0.315648,0.411076,-0.057725,-0.550435,-0.057725,0.154462,0.429681,0.016319,0.057268,-0.077788,-0.576046,-0.014796,-0.165111,-0.233264,-0.057725,0.504137,-0.391912,-0.005058,0.148723,-0.46603,-0.303725,-0.39762,0.179786,-0.759322,0.136454,-0.255863,-0.391912,-0.057725,-0.272085,#
1,-0.408127,1.0,0.344647,0.00387,0.524379,0.472316,0.066922,-0.166667,0.428854,0.49968,0.483212,0.392143,0.263998,0.455076,-0.248979,-0.080164,0.0,0.402467,-0.283582,0.625418,-0.248719,0.233102,0.44723,-0.327078,-0.24994,-0.327241,-0.361617,0.255653,0.01229,0.666667,-0.179604,0.269402,-0.248719,-0.495565,-0.407976,0.225531,0.086517,-0.998006,-0.166667,0.020676,-0.408148,0.196247,0.180985,0.03323,-0.166667,0.039761,0.354385,0.292705,-0.602422,0.299697,0.282467,0.116618,0.20342,0.365089,-0.54664,0.416954,-0.618148,0.359545,0.271896,-0.078107,0.124805,0.210054,0.289957,0.278575,-0.3656,0.362693,0.225249,0.244201,0.489723,0.150989,0.0,-0.386592,0.0,-0.092351,-0.49973,0.131569,-0.499613,-0.040145,-0.254,-0.092351,-0.13647,-0.762738,-0.418754,0.611491,-0.499604,-0.249897,-0.418754,-0.140991,0.133631,-0.249873,-0.41479,-0.356416,-0.254,-0.408034,-0.998065,0.005615,-0.364662,-0.998065,-0.258092,-0.258092,-0.315863,-0.327161,-0.234256,-0.087393,-0.327154,-0.140991,-0.351836,-0.35861,-0.200062,0.228395,0.14106,0.0,-0.762895,-0.499613,0.3175,-0.166667,-0.418754,-0.450148,0.611491,-0.042629,-0.408034,0.308451,-0.721021,-0.611749,0.0,0.48745,-0.254,0.173349,0.039044,-0.407971,0.144204,0.397544,-0.200062,-0.129099,0.111249,0.228395,-0.166667,-0.41479,0.191869,-0.721021,-0.082359,-0.209801,0.109195,0.0,0.231036,0.219299,0.239074,0.419549,-0.637546,0.011355,-0.356416,0.231036,-0.5,0.064958,0.133631,-0.140991,0.178429,0.629794,0.231036,-0.327327,-0.271994,-0.166667,-0.254,0.499309,0.231036,0.59267,-0.092351,-0.361157,0.48745,-0.25,-0.312153,0.144721,-0.499604,-0.234256,0.364182,-0.234256,-0.408034,0.465204,0.478106,-0.527374,0.746957,-0.088693,-0.492827,0.373067,0.59267,-0.234256,-0.205567,0.133631,-0.499438,0.624767,0.111249,-0.159901,0.478106,0.592334,0.28252,-0.407935,0.576224,0.133631,-0.234256,0.666667,#
2,0.545601,0.344647,1.0,0.640214,0.237202,0.329584,-0.198941,-0.507751,0.366859,0.247987,0.32817,0.521046,-0.489511,-0.025117,-0.291243,-0.469338,-5.1e-05,0.322084,-0.357587,0.506992,-0.757722,-0.042496,-0.486572,0.41602,0.345398,-0.563424,-0.385991,-0.370355,0.272064,0.25813,-0.321726,-0.021224,-0.757722,0.188092,0.078463,-0.018515,0.037093,-0.362643,-0.507751,-0.15765,-0.813567,-0.087212,-0.342318,-0.167407,0.201398,0.270008,-0.390539,-0.394931,-0.191295,0.702949,0.081727,0.420334,0.414251,0.244439,-0.655237,-0.194183,-0.181996,-0.106253,-0.329355,-0.173147,0.487488,0.415777,0.86604,-0.250423,-0.097483,-0.381118,-0.037107,-0.423305,0.040781,0.369489,-0.219727,0.097646,0.0,-0.07407,-0.261485,0.481865,-0.641799,-0.257001,0.473366,-0.07407,0.30326,0.002341,-0.379943,0.529345,-0.199675,-0.032825,-0.379943,-0.108582,-0.236206,-0.244835,0.16559,-0.334846,0.01405,0.512187,-0.369184,-0.593569,0.053375,-0.369184,0.012964,-0.00525,-0.284127,-0.039607,-0.328257,0.36441,0.452081,-0.125579,0.224737,0.081785,-0.467972,-0.057467,-0.058601,0.0,0.021569,-0.247559,0.032423,0.173032,-0.379943,-0.089983,0.529345,0.088826,0.118662,0.515435,-0.308423,-0.117503,-0.219727,0.271207,-0.051876,-0.291174,-0.133563,0.08233,0.486768,-0.108761,0.067248,0.255976,0.448738,0.48884,0.229764,0.16559,-0.371685,-0.308423,0.385871,-0.066728,0.139971,-0.219727,0.739488,0.718144,0.452081,-0.102146,-0.22398,-0.231133,-0.314221,0.23814,0.178706,0.059198,0.454218,-0.108582,-0.650709,0.529486,0.739488,0.414108,0.252073,0.201398,0.473366,0.214451,0.142295,0.081257,-0.09077,-0.432661,0.674165,-0.229764,-0.031068,-0.098054,-0.21629,-0.328257,-0.090088,-0.328257,0.023048,0.66833,0.222233,-0.308977,0.412867,-0.541377,-0.231033,0.349554,0.081257,-0.328257,0.056811,-0.263823,-0.234862,0.530855,-0.369214,-0.551545,-0.235208,0.533062,-0.4727,-0.373088,0.077796,-0.263823,-0.328257,0.201398,#
3,0.425363,0.00387,0.640214,1.0,0.205619,-0.082428,-0.267301,-0.332854,0.001096,0.224958,-0.120595,0.61091,-0.175235,-0.375771,-0.072195,0.059702,4.7e-05,-0.091905,-0.617697,0.316603,-0.496721,-0.253794,-0.381202,0.648488,0.033459,-0.259198,-0.033363,-0.556512,0.221475,-0.332854,-0.54638,0.104471,-0.496721,0.567176,0.402968,-0.653541,-0.001977,-0.001545,-0.332854,0.256718,-0.408468,0.206936,-0.090178,-0.164625,0.338014,0.641618,-0.630254,-0.594413,0.305089,0.406649,-0.147225,0.178737,0.663674,-0.068879,-0.475127,0.02582,-0.331296,-0.377497,-0.512964,-0.386244,0.32364,0.215606,0.560966,-0.463035,-0.293851,-0.628124,-0.225878,-0.581929,-0.342665,0.109459,-0.22985,0.336898,0.0,-0.028059,-0.233357,0.312227,-0.182119,0.166653,0.63507,-0.392643,0.388842,0.197645,0.462526,0.360854,0.220215,0.171517,0.462526,0.002183,0.268355,-0.499026,0.480718,-0.518681,0.63507,0.408225,-0.016785,-0.575571,0.339862,-0.016785,0.219371,0.616988,-0.555061,0.233466,-0.455747,0.38199,0.681028,0.373253,-0.016785,0.360869,-0.700566,-0.263473,-0.370954,0.0,0.211911,0.176494,-0.243804,0.286409,0.462526,-0.340114,-0.01782,0.079856,0.439352,0.616988,0.289481,-0.016687,-0.22985,0.210763,0.157293,-0.402143,-0.493232,0.022557,0.289481,-0.432384,-0.230167,0.710524,0.225622,0.233466,0.338014,0.480718,-0.568877,0.289481,0.397448,0.541206,0.010766,-0.22985,0.462526,0.3963,0.207659,-0.419881,-0.364314,-0.609291,-0.518681,0.006483,0.178038,0.383885,0.268355,0.404175,-0.731929,-0.008088,0.462526,0.224661,0.683469,0.338014,0.63507,-0.216897,-0.080702,-0.456224,-0.028059,-0.120212,0.577307,0.00387,-0.208958,-0.002774,-0.172741,-0.455747,-0.043064,-0.455747,-0.036712,0.178769,-0.237959,-0.487245,-0.27974,-0.849461,0.169399,0.363563,-0.456224,-0.455747,-0.225654,-0.384799,0.172966,-0.07433,-0.518413,-0.381228,-0.654062,-0.045748,-0.336898,-0.008088,-0.044504,-0.384799,-0.455747,0.338014,#
4,-0.028518,0.524379,0.237202,0.205619,1.0,0.488309,0.318024,0.322275,0.808238,0.197171,0.107422,0.73017,0.277488,0.458169,-0.497757,0.013966,-2.5e-05,0.359436,0.060411,0.374286,0.036311,0.228013,0.446081,-0.22511,-0.499679,-0.654219,-0.04068,0.037951,0.580424,0.349586,-0.447359,0.222442,0.036311,-0.27769,-0.414497,0.216092,0.416007,-0.503708,-0.333199,-0.178216,-0.00543,0.649604,-0.022165,-0.364839,0.322275,-0.233256,0.150989,0.446241,-0.035971,0.059765,0.342527,-0.454818,0.650161,-0.194893,-0.785716,0.311813,-0.371136,0.525978,0.45139,0.189429,-0.364039,0.213412,0.079525,-0.458986,-0.371444,0.249622,0.650889,0.189211,0.428765,0.276039,0.253868,-0.585577,0.0,-0.411631,-0.222055,0.287672,-0.239658,-0.621576,-0.25806,-0.411631,-0.436179,-0.688872,-0.070513,0.420857,0.153011,0.180811,-0.070513,-0.443597,0.267154,-0.499544,-0.056523,-0.516303,0.166491,-0.42037,-0.555133,-0.209609,-0.442199,-0.555133,-0.268406,-0.268406,-0.417643,-0.241352,-0.46832,-0.014321,0.187223,-0.443597,-0.02565,-0.434859,-0.227848,-0.198867,0.118098,0.0,-0.260567,-0.619241,0.634745,-0.333199,-0.070513,-0.344526,0.420857,0.08243,0.370368,0.195786,-0.420623,-0.833476,0.253868,0.58653,-0.25806,0.372779,0.00128,-0.425952,0.288292,0.398064,-0.227848,-0.004231,0.222408,0.213838,0.322275,-0.056523,0.460978,-0.420623,0.390612,0.276757,-0.007723,0.253868,-0.020823,-0.090821,0.651158,0.40528,-0.376417,-0.200583,-0.516303,0.461887,0.180255,-0.427525,-0.371012,-0.050829,0.175231,0.428763,-0.020823,0.203826,0.207575,0.322275,-0.25806,0.605476,-0.020823,-0.019424,-0.411631,-0.603658,0.198553,0.483412,-0.664087,0.357083,-0.230928,-0.46832,-0.420216,-0.46832,-0.42037,0.165622,0.180832,-0.491862,0.192347,-0.41401,-0.23696,0.372596,-0.019424,-0.46832,0.166505,-0.371012,-0.621776,0.007122,0.222408,0.288229,0.180832,0.38586,0.237178,0.366606,0.375365,-0.371012,-0.46832,0.349586,#
5,-0.122338,0.472316,0.329584,-0.082428,0.488309,1.0,0.403052,0.286252,0.692941,-0.343283,0.32597,0.309345,0.190275,0.32798,-0.264665,-0.17319,0.0,0.294498,0.060882,0.239848,-0.038834,0.45194,-0.137682,-0.480867,-0.074913,-0.476976,0.034411,0.599225,0.04855,0.314877,0.073263,0.330608,-0.038834,-0.470549,-0.695099,0.600017,0.309926,-0.486801,-0.400753,-0.340198,-0.548307,0.130328,0.033538,-0.27281,-0.400753,-0.0865,-0.03728,0.334572,-0.250871,0.05758,0.084091,-0.26817,0.124561,-0.235939,-0.429194,-0.442695,-0.398403,0.348059,0.186794,-0.163215,-0.323675,0.595272,0.136296,0.127008,-0.182272,0.065369,0.143068,0.462151,0.299644,0.375459,-0.19956,-0.448426,0.0,-0.334083,0.325353,0.38738,-0.803486,-0.521063,-0.172318,-0.603728,-0.33426,-0.629236,-0.529491,0.612643,-0.396491,0.290537,-0.529491,-0.225002,-0.375417,-0.079701,0.014998,-0.475028,-0.190859,-0.255946,-0.513023,-0.37419,-0.373282,-0.513023,-0.498415,-0.645453,0.077373,-0.786664,-0.563271,-0.323211,-0.345779,-0.362222,0.04193,-0.534616,-0.146034,-0.003181,0.236767,0.0,-0.177592,-0.919524,0.448246,0.085876,-0.529491,-0.281967,0.332578,0.206051,-0.152349,-0.158931,-0.396276,-0.348227,-0.19956,0.460461,-0.172318,0.396208,0.533108,-0.555551,0.346742,0.245599,0.292069,-0.386919,0.2675,0.122982,0.286252,0.014998,0.198568,-0.396276,0.100027,-0.070941,-0.134242,-0.19956,0.049601,0.105291,0.140473,0.252814,-0.356282,-0.348112,0.024486,0.197164,0.343503,-0.280945,-0.347548,-0.653816,-0.022192,0.340483,0.049601,0.131177,0.124574,-0.400753,-0.172318,0.497391,0.049601,0.29972,-0.73855,-0.599615,0.341857,-0.085876,-0.336828,0.236724,-0.379724,-0.563271,-0.335391,-0.563271,-0.255946,0.449845,0.471609,-0.457492,0.580364,0.103368,-0.11893,0.497985,0.29972,-0.563271,-0.052119,-0.347548,-0.526425,0.341742,0.2675,0.236183,0.471609,0.725856,0.286162,-0.154877,0.261318,-0.347548,-0.563271,0.314878,#
6,-0.372412,0.066922,-0.198941,-0.267301,0.318024,0.403052,1.0,0.386658,0.118885,-0.535031,0.469605,0.213197,0.182561,0.021252,0.338646,-0.024094,0.0,0.157862,0.395821,0.06345,0.496313,0.644782,0.0128,-0.324535,-0.490641,0.074182,-0.080231,0.530481,0.318024,0.416401,0.532863,0.757599,0.496313,-0.22361,-0.503821,0.30541,-0.341878,-0.060554,-0.327172,-0.253857,0.009375,-0.15643,0.558419,-0.402065,-0.327172,-0.300381,-0.212654,0.23596,0.459481,-0.553869,-0.399906,-0.237018,-0.168883,-0.385396,0.055743,-0.328075,0.2809,-0.122493,0.107083,-0.116156,-0.408699,-0.168686,-0.422131,-0.107563,-0.061619,-0.206162,0.323854,0.180896,-0.028872,0.414722,0.368629,-0.57392,0.0,0.351247,0.16488,0.326477,-0.202636,-0.315225,-0.705988,-0.366698,-0.512496,-0.317977,-0.068287,0.426873,-0.144498,0.178384,-0.068287,-0.394188,0.338974,-0.490508,-0.522053,-0.041979,-0.24364,-0.495999,-0.082008,0.239494,-0.485473,-0.082008,-0.63246,-0.307805,0.388109,-0.642227,0.167221,-0.008318,-0.184131,-0.091208,0.494614,-0.651485,0.184092,0.171848,0.30208,0.0,-0.254286,-0.323204,-0.061193,0.178458,-0.068287,0.270925,-0.318817,0.53035,0.060153,-0.206701,-0.411749,-0.101893,0.368629,0.331388,-0.298034,0.378364,0.498183,-0.800861,-0.257343,-0.291191,0.237646,-0.494182,0.397064,0.302937,0.386658,-0.054543,0.182616,-0.411749,0.431477,-0.148592,0.078973,0.368629,-0.478013,-0.390467,0.321107,0.082486,0.319249,-0.160082,0.477039,0.139152,0.178458,-0.495306,-0.356008,-0.394188,0.073566,-0.321848,-0.478013,-0.175242,0.171044,-0.327172,-0.298034,-0.080719,-0.014173,0.035255,-0.069013,0.196934,0.208153,0.044614,-0.261577,0.143891,-0.562619,0.167221,-0.056027,0.167221,-0.116085,-0.083019,0.274413,0.133993,-0.1333,0.352737,0.179237,0.475381,0.035255,0.167221,-0.075117,-0.356008,0.086687,-0.30055,0.397064,0.397594,0.274413,0.122335,0.68258,0.440626,0.119007,-0.356008,0.167221,-0.327172,#
7,-0.272085,-0.166667,-0.507751,-0.332854,0.322275,0.286252,0.386658,1.0,0.258145,-0.33312,-0.163011,0.23103,0.537425,0.27503,-0.165986,0.270025,-2.1e-05,-0.402467,0.232942,-0.268444,0.738619,0.499077,0.270025,-0.218052,-0.166627,-0.218161,0.100992,0.203854,0.322275,-0.111111,0.179605,0.280989,0.738619,-0.330377,-0.271984,0.489388,0.442199,0.199601,-0.111111,-0.330816,0.428354,0.537861,0.200036,0.13292,-0.111111,-0.326922,0.059064,0.228781,0.341097,-0.646804,0.06277,-0.958859,-0.218161,-0.829185,0.15618,0.02527,-0.008497,0.130744,0.087507,0.143196,-0.998441,-0.238062,-0.654523,0.15195,-0.108326,0.211944,0.518497,0.239593,0.151581,0.18819,0.430339,-0.649924,0.0,-0.407885,0.325405,0.129481,0.310366,-0.332631,-0.508001,-0.407885,-0.407433,-0.508492,0.154024,-0.271774,0.317756,0.217859,0.154024,-0.407308,0.089087,-0.166582,0.160094,0.142566,0.211667,-0.272023,0.148393,0.303218,-0.632082,0.148393,-0.50779,-0.50779,0.186411,-0.218107,-0.15617,-0.407832,-0.218103,-0.407308,0.148393,-0.62159,0.200062,-0.218107,0.24365,0.0,0.205961,-0.333075,0.211667,-0.111111,0.154024,0.170644,-0.271774,0.296374,0.398178,-0.50779,0.096136,-0.407832,0.430339,0.324967,-0.508001,0.160014,0.286318,-0.271981,0.096136,0.265029,0.200062,-0.387298,0.074165,-0.218107,-0.111111,0.160094,0.193509,0.096136,0.258841,0.25351,-0.272031,0.430339,-0.66423,-0.651253,-0.218103,0.255996,0.082469,-0.333075,0.142566,0.154024,0.333333,-0.271643,-0.992685,-0.407308,0.426588,-0.271956,-0.66423,-0.218218,0.358342,-0.111111,-0.508001,0.332873,-0.66423,-0.28536,-0.407885,-0.307652,-0.332704,0.666667,-0.230722,-0.110264,0.317756,-0.15617,-0.406043,-0.15617,-0.272023,-0.348372,-0.348889,0.12514,-0.237129,0.257632,0.316075,0.270528,-0.28536,-0.15617,0.189252,0.089087,-0.332959,-0.28522,0.074165,0.994937,0.340274,-0.292839,0.260787,0.396007,-0.284875,0.089087,-0.15617,-0.111111,#
8,0.233925,0.428854,0.366859,0.001096,0.808238,0.692941,0.118885,0.258145,1.0,-0.007656,0.007369,0.430739,0.146585,0.65513,-0.609555,-0.23877,-0.0001,0.550336,0.185796,0.212744,-0.066653,0.095487,0.200404,-0.364971,-0.101781,-0.801158,0.062423,0.124143,0.381808,0.285903,-0.435972,-0.086913,-0.066653,-0.488561,-0.591135,0.54368,0.664668,-0.42883,-0.408036,-0.387737,-0.175457,0.524033,-0.433017,-0.260113,0.258145,-0.441244,0.301008,0.55439,-0.287385,0.185524,0.46573,-0.386717,0.524531,-0.071831,-0.701012,0.017044,-0.329439,0.684271,0.552453,0.309056,-0.29204,0.540496,0.180371,-0.350496,-0.106894,0.404712,0.525268,0.361123,0.639672,0.370748,-0.010754,-0.41785,0.0,-0.673098,-0.022452,0.373238,-0.451594,-0.839472,-0.13008,-0.264548,-0.277782,-0.575177,-0.486507,0.257997,-0.052506,0.319828,-0.486507,-0.289409,-0.348459,-0.106416,0.042539,-0.435698,-0.148059,-0.178557,-0.471523,-0.42111,-0.327957,-0.471523,-0.144363,-0.589928,-0.286485,-0.381512,-0.573508,-0.269264,0.054067,-0.705225,0.066609,-0.322514,-0.106622,-0.338334,0.272198,0.0,-0.136192,-0.837377,0.777309,-0.408036,-0.486507,-0.243579,0.682335,-0.162177,0.206527,-0.118154,-0.367453,-0.689414,-0.010754,0.388323,-0.13008,0.423285,0.098838,-0.190248,0.353043,0.570089,-0.106622,-0.246185,0.27236,0.081114,0.258145,0.042539,0.568879,-0.367453,0.142259,-0.024459,-0.177744,-0.010754,0.075032,0.019755,0.52558,0.571782,-0.331061,-0.010023,-0.435698,0.565627,0.391381,-0.604162,-0.321434,-0.306041,0.239576,0.683091,0.075032,0.525159,-0.02362,0.258145,-0.13008,0.82326,0.075032,0.240734,-0.673098,-0.805662,-0.005992,0.387218,-0.366965,0.294051,-0.036248,-0.573508,-0.680672,-0.573508,-0.178557,0.375288,0.396302,-0.421741,0.521304,-0.259871,-0.459013,0.111621,0.240734,-0.573508,0.28742,-0.321434,-0.83988,0.281506,0.27236,0.204168,0.396302,0.652644,-0.078662,0.202746,0.20358,-0.321434,-0.573508,0.285903,#
9,0.000616,0.49968,0.247987,0.224958,0.197171,-0.343283,-0.535031,-0.33312,-0.007656,1.0,0.09309,0.310597,-0.179027,0.026182,-0.49764,0.084329,0.0,-0.080442,-0.35506,0.345901,-0.497119,-0.206074,0.456051,0.236043,0.03017,-0.212129,-0.498908,-0.49094,0.213548,0.33312,-0.33744,-0.306748,-0.497119,0.172974,0.424677,-0.212129,-0.024703,-0.477939,0.33312,0.281014,-0.024231,0.183046,-0.008758,0.133898,0.306471,0.256779,0.248619,-0.094413,-0.527153,0.599823,0.567583,0.239302,0.194452,0.458605,-0.455762,0.751553,-0.22825,0.245641,0.01799,0.27424,0.324286,-0.227385,0.478683,0.091112,-0.364554,0.260256,0.195374,-0.221022,0.070615,-0.384711,0.268361,-0.088691,0.0,0.039686,-0.58071,-0.362147,0.205164,0.211372,0.229469,0.416239,-0.010911,-0.198935,0.001154,-0.0,0.218997,-0.696191,0.001154,0.016908,0.344928,0.014269,0.015708,0.029635,0.229469,0.012765,-0.47245,0.2294,-0.124781,-0.47245,0.214897,0.214897,-0.331185,0.65489,0.168559,0.431793,0.227352,0.016908,-0.47245,0.115829,-0.216929,0.234418,-0.337816,0.0,-0.188018,0.205164,0.211193,-0.33312,0.001154,-0.263212,0.391104,-0.043332,0.012765,0.667841,-0.325116,-0.367513,0.268361,0.225476,-0.245715,-0.346476,-0.309025,0.420291,0.366621,0.39895,-0.156949,0.494393,-0.307739,0.252184,-0.33312,-0.507901,-0.049166,-0.325116,0.024457,0.123703,0.441557,0.268361,0.520654,0.4431,0.209245,-0.015918,-0.283765,0.188824,-0.435405,0.001154,-0.615606,0.430102,0.344928,0.400159,-0.013773,0.398805,0.520654,-0.235525,-0.184838,0.306471,-0.227439,0.183628,-0.019626,0.014215,0.416239,-0.187681,0.225476,-0.019987,-0.157876,-0.137741,0.218997,0.168559,0.431218,0.168559,-0.429758,0.221117,-0.19267,-0.12363,0.228636,-0.366194,-0.157604,0.017791,0.014215,0.168559,0.255913,0.344928,-0.161359,0.408825,-0.336201,-0.296586,-0.19267,0.001064,-0.172589,-0.430847,0.415133,0.344928,0.168559,0.33312,#
10,-0.399176,0.483212,0.32817,-0.120595,0.107422,0.32597,0.469605,-0.163011,0.007369,0.09309,1.0,0.23913,-0.318149,0.024166,0.209357,-0.594232,3.5e-05,0.068536,0.250947,0.720435,-0.243264,0.758294,0.019847,0.094448,-0.244458,0.100097,-0.467485,0.259384,0.107422,0.807294,0.394202,0.369741,-0.243264,-0.069993,-0.011401,0.323566,-0.398921,-0.502003,-0.163011,-0.48534,-0.399197,-0.319904,0.302346,-0.010834,-0.163011,-0.059876,-0.091811,-0.183806,-0.164502,0.132249,-0.320124,0.278512,-0.320064,0.02565,-0.225499,-0.152708,0.161165,-0.165934,-0.207856,-0.370449,0.146772,-0.308171,0.293075,0.272465,0.172169,-0.088424,0.323238,-0.247214,0.046228,0.314312,0.120258,-0.509892,0.0,0.394907,-0.0977,0.153486,-0.488655,-0.102035,-0.31793,0.006452,-0.198419,-0.325251,-0.488591,0.632982,-0.488647,-0.314548,-0.488591,-0.597562,0.18627,-0.244392,-0.485339,0.250659,-0.31793,-0.001102,-0.492936,0.09964,-0.436489,-0.492936,-0.744979,-0.321329,0.160135,-0.319985,0.225482,0.404315,-0.319979,-0.202197,0.259511,-0.656393,0.32991,0.742319,0.394788,0.0,-0.321839,-0.106563,-0.079852,0.496796,-0.488591,0.301739,0.229515,0.470264,-0.399085,0.338334,-0.810428,-0.206228,0.120258,0.120001,-0.31793,0.181968,0.533709,-0.399023,0.19701,0.024043,0.32991,-0.338218,0.238343,0.326885,-0.163011,-0.485339,-0.193848,-0.810428,0.413995,-0.276958,0.203162,0.120258,0.268002,0.341001,0.339318,0.022852,0.176388,0.106298,0.250659,-0.217899,-0.093149,-0.0011,0.18627,-0.597562,-0.16076,0.225993,0.268002,-0.320148,-0.115219,-0.163011,-0.31793,0.127219,0.268002,0.233095,0.394907,-0.096252,0.510543,-0.244517,-0.298986,0.10945,-0.488647,0.225482,0.423457,0.225482,-0.001102,0.119612,0.127588,0.235631,0.356176,0.414854,-0.081063,0.434997,0.233095,0.225482,-0.091639,0.18627,-0.109296,0.253661,0.238343,-0.146464,0.127588,0.229071,0.338741,-0.398987,0.222841,0.18627,0.225482,-0.163011,#
11,0.129636,0.392143,0.521046,0.61091,0.73017,0.309345,0.213197,0.23103,0.430739,0.310597,0.23913,1.0,0.059673,0.044061,-0.39005,0.031089,5.5e-05,-0.062396,-0.359659,0.453472,-0.150114,0.336693,0.031089,0.340439,-0.166616,-0.649773,-0.433705,-0.348894,0.73017,0.261428,-0.291549,0.43811,-0.150114,0.113755,0.013394,-0.010163,0.150587,-0.362236,-0.498538,-0.1071,-0.318704,0.472478,0.1687,-0.202434,0.23103,0.217239,-0.408829,-0.245581,0.226226,0.170102,0.130517,-0.317635,0.472973,-0.366128,-0.695072,0.227456,-0.286861,-0.066173,-0.258903,-0.079303,-0.26178,-0.022987,0.318058,-0.297468,-0.510121,-0.30185,0.473778,-0.361196,0.014993,0.373815,0.376756,-0.51463,0.0,-0.14886,-0.323677,0.468973,-0.183493,-0.301045,-0.015056,-0.453108,-0.153892,-0.508348,0.131421,0.472148,0.258917,-0.045112,0.131421,-0.479597,0.443243,-0.747425,0.154229,-0.378343,0.457485,0.01661,-0.414629,-0.155262,-0.501496,-0.414629,-0.365568,-0.033755,-0.339432,-0.01261,-0.344659,0.300729,0.474149,-0.169938,0.174705,-0.409451,-0.508348,-0.146589,-0.085605,0.0,-0.024609,-0.30672,0.122768,0.018239,0.131421,-0.147142,0.156144,0.46007,0.585023,0.482908,-0.313866,-0.611022,0.376756,0.746818,-0.536242,-0.232996,-0.114651,-0.308272,0.475184,-0.025107,0.004789,0.260191,0.434225,0.494034,0.23103,0.154229,-0.244429,-0.313866,0.759017,0.390074,0.150526,0.376756,0.186729,0.143267,0.474149,-0.01738,-0.280815,-0.605984,-0.378343,0.343434,0.127674,0.00797,-0.26706,-0.042431,-0.351699,0.164733,0.186729,-0.023881,0.672327,0.23103,-0.015056,0.291424,-0.405853,-0.31949,-0.14886,-0.472815,0.620867,0.346545,-0.478248,-0.113879,-0.168422,-0.344659,-0.136055,-0.344659,-0.468751,0.278027,-0.170163,-0.362909,-0.02595,-0.598082,0.127891,0.755413,-0.31949,-0.344659,0.113552,-0.26706,-0.309718,0.113705,-0.377409,0.206096,-0.170163,0.123332,0.000793,0.09555,0.119978,-0.26706,-0.344659,0.261428,#
12,-0.531028,0.263998,-0.489511,-0.175235,0.277488,0.190275,0.182561,0.537425,0.146585,-0.179027,-0.318149,0.059673,1.0,0.492667,0.183613,0.483251,5.7e-05,0.040635,-0.26155,-0.099841,0.716731,0.061116,0.483251,-0.425572,-0.325205,-0.008839,0.298471,0.331693,-0.205335,-0.216856,-0.178654,0.425501,0.716731,-0.644797,-0.530832,0.054537,0.420217,-0.240888,-0.216856,0.153616,0.325461,0.580998,0.237731,0.340882,-0.216856,-0.138208,0.357521,0.379898,0.14052,-0.663704,-0.072795,-0.594725,0.07455,-0.282264,0.231193,0.388837,-0.611422,0.085674,0.285706,-0.125561,-0.548354,0.066149,-0.701883,0.24403,-0.216207,0.367212,0.074292,0.419828,0.436011,0.212551,-0.012172,-0.164394,0.0,-0.404239,-0.203151,0.223172,0.172151,0.172708,-0.512496,-0.404239,0.055161,-0.568009,0.293802,-0.078229,-0.208238,0.419155,0.293802,0.04697,0.164872,-0.325118,-0.188407,-0.266149,-0.023948,-0.530907,-0.258748,0.162957,-0.188415,-0.258748,-0.088909,-0.088909,-0.300155,-0.42568,-0.378419,-0.795967,-0.425671,0.04697,-0.258748,-0.185287,-0.087005,-0.42568,0.257897,0.0,-0.507549,-0.26465,-0.023948,-0.216856,0.293802,-0.341036,-0.078229,-0.300068,-0.075939,-0.516241,0.178565,-0.400455,-0.012172,0.23483,-0.081425,0.224293,-0.269464,-0.530825,-0.474058,0.108867,-0.511421,-0.329865,0.123771,-0.42568,-0.216856,0.305595,0.261708,0.178565,-0.343443,0.043519,-0.530923,-0.012172,-0.751796,-0.77763,-0.425671,0.526446,-0.565762,-0.26465,-0.266149,0.293802,-0.197999,-0.084742,-0.569492,0.04697,0.600529,-0.058435,-0.751796,-0.425896,0.039933,-0.216856,-0.081425,0.245357,-0.261672,0.275054,-0.404239,0.004919,-0.211632,0.240427,-0.04082,0.038206,-0.208238,-0.378419,0.000829,-0.378419,-0.129465,-0.235292,0.135357,-0.43841,0.033537,0.024968,-0.206569,0.096021,0.275054,-0.378419,-0.507436,0.164872,-0.262798,-0.082853,0.123771,0.534704,0.603197,-0.107178,0.317736,0.327536,-0.104263,0.164872,-0.378419,0.568853,#
13,-0.142007,0.455076,-0.025117,-0.375771,0.458169,0.32798,0.021252,0.27503,0.65513,0.026182,0.024166,0.044061,0.492667,1.0,-0.147791,-0.328882,0.000103,0.546179,0.203915,0.244714,0.333499,0.119806,0.533159,-0.350551,-0.086958,-0.419939,0.063431,0.109413,0.022581,0.303384,-0.372002,-0.081979,0.333499,-0.876582,-0.576067,0.577624,0.706697,-0.455017,-0.405457,-0.48611,0.192287,0.557544,-0.459493,0.417204,0.27503,-0.74203,0.750594,0.546378,-0.29468,-0.242222,0.213039,-0.385323,0.106678,0.053372,-0.147462,0.388842,-0.326973,0.463198,0.580905,0.212492,-0.285571,0.127574,-0.268189,0.053854,0.278503,0.7696,0.558817,0.281715,0.992015,0.520322,-0.010979,-0.322357,0.0,-0.693051,-0.392255,0.393617,-0.079586,-0.472313,-0.521773,0.124902,0.121231,-0.586678,-0.488111,-0.124834,-0.418227,0.32626,-0.488111,-0.30202,-0.332558,-0.091697,-0.393801,0.059422,-0.540138,-0.154626,-0.472365,-0.052253,-0.330037,-0.472365,-0.147035,-0.602169,-0.382137,-0.367442,-0.304201,-0.637811,-0.359196,-0.726766,0.077323,-0.324559,0.325885,-0.323337,0.720033,0.0,-0.524825,-0.473655,0.405103,-0.405457,-0.488111,0.052105,0.724729,-0.548158,-0.171728,-0.505787,-0.352447,-0.710166,-0.010979,0.027839,-0.132874,0.420579,-0.180665,-0.166571,-0.205253,0.623921,-0.490955,-0.659977,0.346343,-0.323337,-0.405457,0.051872,0.581431,-0.352447,-0.221374,-0.430086,-0.552701,-0.010979,-0.356687,-0.422085,0.122443,0.988597,-0.314212,0.371467,-0.435353,0.586618,0.025518,-0.589409,-0.304954,-0.31901,0.753841,0.72552,-0.356687,0.113227,-0.435289,0.27503,-0.132874,0.874918,0.085487,0.633524,-0.292421,-0.491183,-0.374944,0.412546,0.018125,0.109971,-0.003028,-0.304201,-0.31202,-0.304201,0.207542,0.024285,0.370081,-0.121195,0.580909,0.12211,-0.819515,-0.247632,0.633524,-0.304201,-0.058785,0.357566,-0.865832,0.33977,0.346343,0.259332,0.79215,0.284418,-0.156266,0.191029,-0.163895,0.357566,-0.304201,0.303384,#
14,-0.406461,-0.248979,-0.291243,-0.072195,-0.497757,-0.264665,0.338646,-0.165986,-0.609555,-0.49764,0.209357,-0.39005,0.183613,-0.147791,1.0,-0.150815,4.1e-05,-0.014444,0.072651,0.108615,0.360904,0.16639,-0.150815,0.153187,-0.248919,0.754891,0.274512,0.231671,-0.497757,-0.165986,0.268307,0.39988,0.360904,-0.014206,0.041729,-0.325905,-0.406201,0.225649,-0.165986,-0.048974,0.137379,-0.325742,0.251396,0.300533,-0.165986,-0.003211,-0.129967,-0.285805,0.490676,-0.571105,-0.914901,0.245188,-0.325905,-0.061127,0.653707,-0.207116,0.153692,-0.680081,-0.283152,-0.641048,0.186443,-0.313795,-0.419125,0.141104,0.48739,-0.271542,-0.325912,-0.247296,-0.130169,0.281132,-0.295374,0.326048,0.0,0.39897,-0.045671,0.193428,0.052569,0.504936,-0.264927,-0.050027,0.427862,0.332525,0.26896,0.060351,-0.497564,0.359949,0.26896,-0.039215,0.184469,-0.248852,-0.426807,0.251351,-0.264927,0.053641,0.260335,0.0464,0.329801,0.260335,-0.148597,0.341079,0.001115,-0.325824,0.187061,-0.156037,-0.325818,0.417768,0.260335,0.061777,0.332525,0.154355,0.398499,0.0,-0.269325,0.494211,-0.758889,0.596653,0.26896,0.302437,-0.405996,-0.114579,-0.406368,-0.268898,0.195369,0.408519,-0.295374,-0.497018,0.350388,0.142133,-0.097735,-0.406305,-0.73619,-0.608654,-0.273289,-0.312743,0.230572,-0.325824,-0.165986,0.278335,-0.296229,0.195369,-0.151694,-0.221297,-0.40638,-0.295374,-0.430647,-0.379926,-0.325818,-0.034836,0.174424,0.052569,0.251351,-0.292669,-0.040375,0.053566,0.184469,-0.039215,0.017886,-0.406269,-0.430647,-0.32599,-0.057349,-0.165986,0.350388,-0.49727,0.26896,0.140916,0.39897,0.67994,-0.045609,-0.248979,0.239826,0.093119,-0.497564,0.187061,0.393962,0.187061,0.626663,-0.486118,0.035303,0.235062,-0.315945,0.38487,-0.031568,-0.124376,0.140916,0.187061,-0.736965,0.184469,0.493347,-0.389525,0.230572,-0.154944,0.035303,-0.401637,0.212146,0.171638,-0.390713,0.184469,0.187061,-0.165986,#
15,-0.147763,-0.080164,-0.469338,0.059702,0.013966,-0.17319,-0.024094,0.270025,-0.23877,0.084329,-0.594232,0.031089,0.483251,-0.328882,-0.150815,1.0,5.1e-05,-0.303246,-0.470384,-0.599028,0.326643,-0.359504,0.144831,-0.316477,-0.069806,0.062989,0.067956,0.091705,0.013966,-0.405038,0.090176,0.254316,0.326643,0.105257,-0.096393,-0.365395,-0.140171,0.121269,0.326281,0.819311,0.217966,0.105983,0.55317,-0.23554,-0.405038,0.43065,-0.12784,0.178176,0.146653,-0.212945,0.298737,-0.246889,0.100305,-0.071431,0.187143,0.252044,-0.266506,0.054612,0.067406,0.244082,-0.279083,0.08508,-0.373622,0.080351,-0.754806,-0.11834,-0.347723,0.404507,-0.373542,-0.499445,0.261459,0.085479,0.0,0.155468,0.044718,-0.322069,0.401275,0.41154,-0.002143,-0.241969,-0.273574,-0.074702,0.617521,-0.173212,0.466355,-0.148799,0.617521,0.583362,0.398853,-0.043375,0.197972,-0.396996,0.435096,-0.542515,0.11197,0.383228,0.017232,0.11197,0.365029,0.365029,0.15258,0.161265,0.036901,-0.182886,0.115946,0.583362,-0.455149,0.25903,-0.549505,-0.307529,-0.686267,0.0,-0.008938,0.010348,-0.047153,-0.405038,0.617521,-0.501102,-0.586008,0.132787,0.271856,-0.017423,0.425082,0.171087,0.261459,0.418768,-0.098593,-0.283102,-0.18845,-0.088523,-0.159,-0.207484,-0.024057,0.413964,-0.337949,0.098759,0.270025,0.065336,0.042012,0.425082,-0.229934,0.3554,0.294467,0.261459,-0.318264,-0.3124,-0.361854,-0.302904,-0.267866,-0.420822,0.093835,0.047277,-0.405038,0.3233,-0.258385,0.583362,0.039043,-0.568639,-0.318264,-0.353546,0.260338,-0.405038,-0.117883,-0.41241,-0.427927,-0.238942,-0.241969,0.354871,0.019195,-0.10126,0.041916,-0.204231,0.070942,0.036901,0.148568,0.036901,-0.632335,0.026027,-0.066949,-0.367476,-0.358973,-0.27221,0.468924,0.196394,-0.238942,0.036901,-0.010573,-0.258385,0.40389,-0.184748,-0.30791,0.300442,-0.066949,-0.163315,0.35283,0.182622,0.295674,-0.258385,0.036901,0.298153,#
16,-4.6e-05,0.0,-5.1e-05,4.7e-05,-2.5e-05,0.0,0.0,-2.1e-05,-0.0001,0.0,3.5e-05,5.5e-05,5.7e-05,0.000103,4.1e-05,5.1e-05,0.0,5.1e-05,6.1e-05,5.2e-05,1.7e-05,-2.7e-05,5.1e-05,0.0,-5.9e-05,5.3e-05,-5.9e-05,-6e-05,-2.5e-05,-1.9e-05,0.000542,0.000105,1.7e-05,2.4e-05,0.0,5.3e-05,5e-05,0.0,3.7e-05,0.0,-4.9e-05,0.0,-0.000115,0.0,0.0,-5.3e-05,0.0,-0.000122,-5e-05,-6.1e-05,0.0,-0.000156,5.3e-05,7.5e-05,-0.001884,0.000114,-0.000154,0.000394,-0.000113,-0.000157,0.0,0.0,0.000123,0.0,-3.1e-05,5.4e-05,2.6e-05,-0.000111,2.6e-05,-0.000158,0.0,6.8e-05,0.0,-7e-05,-7e-05,-7.6e-05,-3.4e-05,3.5e-05,0.0,-7e-05,3.6e-05,-3.8e-05,4.4e-05,-3.6e-05,3.5e-05,7.7e-05,4.4e-05,7.1e-05,-0.000115,0.0,-4.4e-05,0.0,0.0,1.8e-05,8.7e-05,6.8e-05,0.0,8.7e-05,-7.6e-05,-7.6e-05,-6.2e-05,-3.7e-05,0.001884,0.0,3.8e-05,7.1e-05,8.7e-05,0.0,-3.8e-05,-3.7e-05,3.9e-05,0.0,-7.6e-05,-3.4e-05,0.0,1.5e-05,4.4e-05,-0.000106,-3.6e-05,-3.7e-05,1.8e-05,-7.6e-05,0.0,0.0,0.0,-7e-05,0.0,-8e-05,0.000471,0.0,0.0,3.6e-05,-3.8e-05,0.0,0.0,-3.7e-05,-2.1e-05,-4.4e-05,5.9e-05,0.0,7.1e-05,-4e-05,-6.9e-05,0.0,4.4e-05,6e-05,3.8e-05,-8.6e-05,-0.00023,-3.4e-05,0.0,4.4e-05,0.0,1.8e-05,-0.000115,7.1e-05,-7.4e-05,4.3e-05,4.4e-05,-1.9e-05,3.9e-05,1.5e-05,0.0,0.0,4.4e-05,0.0,-7e-05,0.000484,-7e-05,-2.2e-05,-8.2e-05,-8.3e-05,3.5e-05,0.001884,-0.000151,0.001884,1.8e-05,-0.000154,-7.8e-05,0.000108,0.0,7.6e-05,7.5e-05,0.000158,0.0,0.001884,0.000118,-0.000115,-4.1e-05,4.1e-05,0.0,0.0,-7.8e-05,-8e-05,-8.7e-05,4.3e-05,-7.8e-05,-0.000115,0.001884,3.1e-05,#
17,0.20571,0.402467,0.322084,-0.091905,0.359436,0.294498,0.157862,-0.402467,0.550336,-0.080442,0.068536,-0.062396,0.040635,0.546179,-0.014444,-0.303246,5.1e-05,1.0,0.144024,0.155451,-0.107684,-0.282801,0.089432,-0.424167,-0.089909,-0.308199,0.069983,0.18107,-0.001237,0.352159,-0.283115,-0.015448,-0.107684,-0.504162,-0.643105,0.173826,0.123253,-0.422585,-0.402467,-0.057556,-0.206281,-0.05558,-0.365641,-0.258564,0.156515,-0.477405,0.395942,0.555339,-0.259753,0.131692,0.129473,0.325067,0.417804,0.581726,-0.311669,0.015255,-0.122682,0.388622,0.626703,0.232709,0.375678,0.524852,0.129494,-0.393259,0.11768,0.293896,0.066424,0.326991,0.614316,0.381123,-0.205672,0.128156,0.0,-0.142672,-0.378473,0.371296,-0.437192,-0.431625,-0.215102,0.186423,0.085372,-0.103584,-0.50633,0.269228,-0.469751,0.301297,-0.50633,0.154077,-0.306365,-0.094579,-0.545237,-0.355028,-0.667668,-0.226695,-0.413729,-0.308478,0.149211,-0.413729,0.265595,-0.183045,-0.224378,-0.438076,-0.146657,-0.255002,0.017092,-0.26461,0.171464,0.146734,-0.03963,-0.286944,0.301925,0.0,-0.584053,-0.437192,0.302421,-0.402467,-0.50633,-0.127884,0.611041,-0.496117,-0.226695,-0.164044,-0.383692,-0.189542,-0.205672,0.008369,0.283253,0.39736,-0.200348,-0.237496,-0.354673,0.103283,-0.441175,-0.321492,0.388041,0.152995,0.29626,0.025871,0.578828,-0.383692,-0.243273,-0.5627,-0.107363,-0.205672,0.030026,-0.002006,0.52984,0.573104,-0.18638,0.430146,-0.253421,0.596651,-0.033539,-0.651211,0.373913,0.070339,0.237928,0.609915,0.030026,0.490359,-0.498256,0.156515,0.283253,0.357583,0.596651,0.699026,-0.224946,-0.071331,0.008369,-0.184464,0.123583,0.278977,-0.469751,-0.146657,-0.239863,-0.146657,0.237405,0.425541,0.869583,-0.302187,0.547568,-0.159994,-0.791503,-0.254855,0.699026,-0.146657,-0.076168,-0.306365,-0.35704,0.309527,0.388041,-0.420093,0.4362,0.701568,-0.062441,0.239069,0.248197,-0.306365,-0.146657,0.184464,#
18,-0.119793,-0.283582,-0.357587,-0.617697,0.060411,0.060882,0.395821,0.232942,0.185796,-0.35506,0.250947,-0.359659,-0.26155,0.203915,0.072651,-0.470384,6.1e-05,0.144024,1.0,-0.022907,0.233122,0.349313,0.229552,-0.267218,-0.34655,0.216413,0.291113,0.337209,0.060411,0.266702,0.251026,-0.275753,0.233122,-0.108787,-0.107431,0.45737,0.029291,0.263811,0.232942,-0.599735,0.46813,-0.094078,-0.200376,-0.185777,0.232942,-0.703461,0.352637,0.437314,0.01705,-0.234696,-0.093454,-0.162992,-0.23594,-0.154296,0.083835,-0.267961,0.601271,0.361496,0.467946,0.224529,-0.222467,-0.245503,-0.268215,-0.209808,0.599437,0.3774,0.479761,0.202339,0.179087,0.001728,0.104601,-0.325033,0.0,-0.014731,0.438325,-0.232112,0.05658,-0.552609,-0.35629,0.203901,-0.459478,0.079529,-0.330221,-0.161264,0.035245,0.122134,-0.330221,-0.446709,-0.161635,0.324651,-0.235401,0.443278,-0.334424,-0.13284,0.261943,0.084281,-0.132958,0.261943,-0.3291,-0.437482,0.301443,-0.127912,0.264144,0.0832,-0.269149,-0.547855,0.288123,-0.363197,0.824163,0.352226,0.460674,0.0,0.186331,-0.06072,0.400022,0.030384,-0.330221,0.464666,0.065817,0.018873,-0.112477,-0.299773,-0.244388,-0.064318,0.104601,-0.440321,0.129911,0.681467,0.558345,-0.002361,-0.034078,0.355395,0.216298,-0.479855,-0.173515,-0.232942,0.030384,-0.368063,0.560947,-0.244388,0.075786,-0.142365,-0.072292,0.104601,-0.197138,-0.175261,0.3502,0.223837,0.621222,0.595934,0.296,-0.179589,0.4355,-0.609924,-0.194503,-0.42648,0.408033,0.043925,-0.197138,0.302783,-0.401011,0.232942,-0.472052,0.204063,0.355667,-0.027345,0.104523,-0.082503,-0.560215,0.349413,-0.254429,0.464285,0.134118,0.264144,-0.376091,0.264144,0.319942,-0.439142,-0.007983,0.570513,-0.070608,0.618654,-0.073795,-0.410718,-0.027345,0.264144,0.35076,0.002707,-0.179187,-0.408955,0.763914,0.233202,0.117653,-0.046645,0.244167,0.339655,-0.024393,0.002707,0.264144,-0.64481,#
19,-0.314296,0.625418,0.506992,0.316603,0.374286,0.239848,0.06345,-0.268444,0.212744,0.345901,0.720435,0.453472,-0.099841,0.244714,0.108615,-0.599028,5.2e-05,0.155451,-0.022907,1.0,-0.400603,0.470694,0.235968,0.313099,-0.40257,-0.054253,-0.163781,-0.034872,0.005756,0.502619,-0.327751,0.143547,-0.400603,-0.055367,0.128627,-0.015609,0.051815,-0.646402,-0.268444,-0.427259,-0.311177,0.223429,-0.059411,0.190176,0.302714,0.064041,0.062241,-0.223792,-0.209558,0.284266,-0.280719,0.176731,0.233684,0.053651,-0.532554,0.210435,-0.336099,-0.059367,-0.137196,-0.554072,0.250205,-0.129572,0.449592,0.014754,0.197679,0.070126,0.348236,-0.404063,0.286802,0.34443,-0.221213,-0.263622,0.0,-0.067648,-0.364813,0.239826,-0.473954,-0.039111,-0.010881,-0.168527,0.1523,-0.390794,-0.22169,0.641814,-0.470144,-0.000659,-0.22169,-0.645837,0.225048,-0.402461,-0.211723,-0.058628,-0.010881,0.13517,-0.645431,-0.337326,-0.129967,-0.645431,-0.497674,-0.020925,-0.56021,-0.167328,-0.297028,0.280522,-0.160409,-0.200918,-0.047491,-0.383428,0.129836,0.4546,0.433748,0.0,-0.38395,-0.043971,0.036994,0.474061,-0.22169,-0.086811,0.537036,0.016905,-0.312695,0.503283,-0.558424,-0.544074,-0.221213,0.013523,-0.010881,0.256359,0.029437,-0.317567,0.242148,0.197034,-0.234391,-0.04203,0.202059,-0.012904,-0.268444,-0.211723,-0.18495,-0.558424,0.292722,0.073246,-0.178635,-0.221213,0.379545,0.344678,0.363508,0.207868,-0.338813,-0.001167,-0.473911,-0.167257,-0.017135,0.130934,0.225048,-0.303592,-0.117444,0.543492,0.379545,-0.153303,-0.007546,0.302714,-0.010881,0.365372,0.379545,0.160227,0.268615,-0.382301,0.453015,0.025702,-0.52603,0.374798,-0.470144,-0.297028,0.27672,-0.297028,0.13517,-0.019437,-0.009299,-0.20309,0.344961,-0.060355,-0.370487,0.277902,0.160227,-0.297028,-0.364645,0.225048,-0.377713,0.187109,0.202059,-0.294078,-0.009299,0.151216,0.06529,-0.313685,0.147103,0.225048,-0.297028,0.331272,#
20,-0.406035,-0.248719,-0.757722,-0.496721,0.036311,-0.038834,0.496313,0.738619,-0.066653,-0.497119,-0.243264,-0.150114,0.716731,0.333499,0.360904,0.326643,1.7e-05,-0.107684,0.233122,-0.400603,1.0,0.25826,0.326643,-0.325401,-0.248659,0.174381,0.217007,0.281545,0.036311,-0.165812,0.268026,0.419324,1.0,-0.493025,-0.405885,0.250372,0.175501,0.275301,-0.165812,-0.11968,0.620963,0.289903,0.276978,0.258467,-0.165812,-0.487869,0.228368,0.318591,0.509023,-0.965233,-0.246956,-0.669167,-0.325564,-0.509848,0.586211,0.123417,0.102593,-0.100511,0.215384,0.095956,-0.728061,-0.336264,-0.976752,0.135138,0.090932,0.235291,0.274064,0.274203,0.245979,0.280838,0.350291,-0.311135,0.0,-0.138861,0.038891,0.193225,0.488836,-0.029565,-0.758095,-0.138861,-0.125038,-0.249927,0.262502,-0.405572,0.032721,0.35409,0.262502,-0.129642,0.17611,-0.248592,-0.320522,0.244989,-0.172294,-0.405943,0.25392,0.477888,-0.349601,0.25392,-0.245382,-0.245382,0.184519,-0.325484,0.12006,-0.608613,-0.325477,-0.129642,0.25392,-0.343798,0.326828,-0.325484,0.392597,0.0,-0.177344,-0.034917,-0.172294,-0.165812,0.262502,0.294569,-0.405572,-0.025887,0.139593,-0.75778,0.186939,-0.134369,0.350291,0.038838,-0.241212,0.208641,-0.014125,-0.40588,-0.595597,-0.060641,-0.182074,-0.57797,0.211295,-0.325484,-0.165812,0.271818,0.288776,0.186939,-0.065975,-0.12571,-0.405955,0.350291,-0.991238,-0.971872,-0.325477,0.414183,0.1661,-0.034917,0.244989,0.262502,0.045222,-0.405376,-0.70444,-0.129642,0.636602,-0.405844,-0.991238,-0.325649,0.0369,-0.165812,-0.241212,0.045159,-0.403547,0.050625,-0.138861,0.266757,-0.496498,0.429605,0.146684,-0.133383,0.032721,0.12006,-0.151628,0.12006,0.075412,-0.491062,-0.053175,0.227169,-0.321701,0.384467,0.048522,-0.040253,0.050625,0.12006,-0.160246,0.17611,-0.032795,-0.394927,0.211295,0.76166,0.507795,-0.40691,0.323658,0.623329,-0.395843,0.17611,0.12006,-0.165812,#
