0,1.0,-0.519075,0.379411,0.354744,-0.001886,-0.24072,-0.162681,-0.356319,-0.607021,-0.511648,0.053078,-0.212042,-0.356319,-0.163146,-0.203456,-0.331614,-0.21265,-0.566432,-0.02044,-0.183838,0.857354,0.222265,-0.55485,-0.598177,0.192006,-0.062272,0.176676,-0.459239,0.315042,-0.056163,-0.029221,0.319412,-0.171538,0.055246,-0.031893,-0.274468,-0.168573,-0.206092,-4.7e-05,-0.607021,0.394986,0.493559,0.396647,0.332985,-0.607156,0.136082,-0.123156,-0.079546,-0.320964,-0.511156,-0.334913,-0.40607,0.302625,0.006568,0.387799,-0.1401,0.011075,0.320848,-0.473278,0.315042,0.383454,0.27771,0.381579,0.218254,-0.530423,-0.444265,-0.306428,0.195114,-0.379401,-0.368302,-0.223463,0.156842,0.0,0.156273,-0.431316,0.121839,-0.026964,0.230387,-0.50491,0.009266,-0.416239,-0.191683,0.315324,-0.418801,-0.342498,-0.026964,0.033749,0.054441,0.176022,-0.40477,-0.40477,-0.342498,0.321741,-0.580314,0.309807,-0.141352,-0.113894,0.526712,-0.401785,0.615228,0.086306,-0.112397,-0.113894,-0.40477,0.342151,-0.190217,0.156273,0.46347,-0.31934,0.218116,0.033749,0.165455,-0.240611,0.230387,0.236413,0.46347,-0.40477,-0.07672,-0.462085,0.423024,-0.062272,0.54988,0.009266,0.0,0.253593,-0.256407,-0.418801,-0.223463,-0.252037,0.676836,0.292902,-0.794953,0.375889,0.059319,-0.385576,0.463295,-0.168309,0.295794,0.544199,-0.053843,-0.370823,-0.073317,0.614908,0.183686,-0.401785,-0.40607,-0.062272,-0.434187,-0.220108,0.370013,-0.083117,-0.191683,-0.141352,-0.191683,0.149623,0.122043,0.186813,-0.374623,0.342151,-0.40477,0.236413,-0.353453,0.192006,-0.401785,-0.500989,-0.663265,-0.385576,0.359636,0.156273,-0.141352,0.148204,0.090645,-0.112397,0.283611,-0.370306,0.610566,-0.026964,-0.449944,-0.32468,0.856797,0.188122,0.035742,0.402968,0.448207,-0.183387,0.610566,-0.142739,-0.084634,0.57592,0.034483,-0.568576,0.041462,-0.198908,-0.314012,-0.209403,0.321741,-0.09865,-0.401785,-0.210308,-0.062272,#
1,-0.519075,1.0,0.022168,-0.294837,0.008286,-0.160647,0.202824,0.639479,0.273925,0.500259,-0.013763,-0.060356,0.639479,0.237245,0.388383,-0.203622,-0.454562,0.427549,-0.198801,0.089687,-0.551626,0.373419,0.284598,0.265811,0.166359,-0.374308,-0.380924,0.345641,-0.350763,0.305619,-0.256586,-0.211383,0.213944,-0.263856,-0.413344,0.408751,-0.326904,0.063528,0.000116,0.273925,-0.482321,-0.485643,-0.204261,-0.352631,0.249539,-0.341589,0.17716,-0.112824,0.301671,0.398209,0.119716,0.281532,-0.170756,0.106784,-0.301578,-0.157069,-0.227523,-0.324655,0.118425,-0.350763,-0.300221,0.208959,-0.407321,-0.297813,0.543703,-0.222058,0.341944,-0.02648,0.414868,-0.060706,0.53036,0.003282,0.0,-0.74141,0.033198,-0.557984,-0.034787,-0.161189,0.227721,-0.489556,0.500228,-0.403641,-0.636812,0.326557,-0.460687,-0.014971,-0.014971,-0.249749,-0.135366,0.198352,0.166359,-0.479882,-0.665437,0.427151,-0.379353,-0.134066,0.223347,0.059909,0.639538,-0.782505,0.14314,0.251818,0.201779,0.198352,-0.244968,-0.06928,-0.74141,-0.391933,-0.196872,-0.161078,-0.014971,0.388383,-0.377262,-0.161189,-0.433333,-0.391933,0.198352,0.009372,0.499781,-0.530171,-0.350314,-0.782505,-0.490634,0.0,-0.376843,-0.170734,0.347885,0.53036,-0.165213,-0.150059,-0.121515,0.347667,-0.358983,-0.498921,0.010449,-0.432653,0.225961,0.134367,-0.332031,0.520414,0.328447,-0.179795,-0.821839,-0.386767,0.639538,0.281532,-0.374308,0.383513,0.10945,0.200993,-0.478252,-0.403641,-0.113956,-0.403641,0.084349,-0.235845,-0.24387,0.032142,-0.212209,0.198352,-0.433333,0.347885,0.134367,0.639538,0.386174,0.376302,0.010449,-0.498981,-0.74141,-0.113956,-0.454821,-0.586635,0.226467,0.176657,0.087592,-0.463691,-0.014971,0.318367,0.367009,-0.581233,0.358139,0.121527,-0.540651,-0.532521,0.177662,-0.462563,0.072539,-0.348713,-0.288398,0.590644,-0.329062,-0.264539,0.20773,0.386138,0.220572,-0.665437,-0.337436,0.639538,0.742155,-0.350314,#
2,0.379411,0.022168,1.0,0.627793,0.179741,-0.355627,0.25983,0.343814,0.049954,-0.118783,0.126658,-0.356595,0.343814,-0.156786,-0.435213,-0.651583,-0.346876,0.008978,-0.456518,0.385081,0.152916,0.602608,-0.17168,-0.043156,0.384946,-0.497775,0.418153,-0.254385,0.279465,-0.207313,0.243427,0.225217,-0.147835,-0.212142,0.099141,0.081861,-0.090039,-0.424737,0.0,-0.497664,0.495204,-0.279862,0.205838,-0.211175,-0.497775,-0.252436,-0.349106,0.448187,-0.020746,-0.42726,-0.77683,0.501095,0.795834,0.226197,-0.382585,0.149143,-0.003445,-0.218276,-0.298951,0.279465,0.202679,0.030936,0.07187,-0.436745,0.124928,-0.331648,0.181524,0.336871,0.345692,0.127574,0.147597,0.367147,0.0,-0.234627,0.236575,-0.057878,0.171285,-0.04374,0.153365,-0.173966,0.158496,-0.021118,-0.054699,-0.200093,-0.183181,0.615255,0.553136,0.006202,0.014854,-0.33185,-0.33185,-0.183181,0.305302,-0.009612,0.234657,-0.054699,0.623431,0.817068,0.286195,0.157813,0.049336,0.520076,0.623431,0.384946,0.286195,0.448112,0.234626,-0.052879,-0.65174,-0.4309,0.553136,0.00789,0.035989,-0.04374,0.352641,-0.052879,-0.33185,0.250503,-0.201669,0.171285,0.517686,0.224675,0.236575,0.0,0.380329,0.26565,-0.200093,0.147597,0.361107,0.779226,0.781202,-0.182487,0.623431,0.182443,0.182443,0.456966,-0.497655,0.305302,0.502768,0.596202,0.220124,0.304425,0.166094,-0.105707,0.286195,0.501095,-0.497775,-0.029191,0.352641,0.011914,0.073742,-0.021118,0.39587,-0.021118,-0.06176,0.220124,0.016588,-0.212946,0.286195,0.384946,0.352641,0.210909,-0.33185,0.286195,0.006202,-0.405246,0.182443,0.128747,-0.234627,0.39587,-0.474129,-0.569508,-0.047917,0.641229,-0.427134,0.342488,0.171285,-0.217727,-0.415781,0.122014,-0.077123,-0.065938,0.157695,0.090579,-0.685208,0.367753,0.1252,-0.232267,0.480557,-0.071913,-0.421471,-0.67226,-0.271882,0.025235,-0.532301,0.305302,-0.714687,0.286195,0.208061,-0.497775,#
3,0.354744,-0.294837,0.627793,1.0,-0.290168,-0.226105,0.095644,-0.21677,0.379693,-0.151172,0.170584,-0.326249,-0.21677,0.069017,-0.370545,-0.02439,-0.456269,0.091201,-0.371289,0.349852,0.175871,0.500341,0.042929,0.374161,0.225053,0.358679,0.849757,-0.127009,0.584451,-0.539589,0.501624,0.46679,0.13734,-0.527504,0.508603,-0.309234,0.245091,-0.485783,0.0,-0.759386,0.281043,-0.279421,0.489562,0.011384,-0.189889,0.017627,-0.290869,0.098335,-0.300441,-0.239187,-0.507693,0.228571,0.458397,0.190565,-0.150461,0.445656,0.249881,-0.497961,-0.112913,0.584451,0.435808,-0.20748,-0.102312,-0.220624,0.231664,-0.199516,-0.050704,0.515129,-0.130364,0.205896,-0.295741,0.511701,0.0,-0.073666,-0.229362,0.339683,0.218771,0.107649,0.013586,-0.20472,0.221675,0.385289,0.070733,-0.02709,0.236306,0.689225,0.639856,-0.381154,0.098373,-0.50637,0.253185,0.236306,0.16879,0.082455,0.579491,0.088416,0.498363,0.329498,-0.251256,0.351125,-0.102573,0.378959,0.498363,0.253185,0.49771,0.079545,0.423579,0.275951,-0.018417,-0.298191,0.169402,-0.387935,-0.094617,-0.376772,0.790564,0.275951,-0.50637,-0.214657,-0.211782,0.201347,0.316481,0.404262,0.674819,0.0,0.171058,0.46598,-0.02709,-0.295741,0.45399,0.478628,0.497379,0.0,0.479397,0.223952,0.241179,0.312083,-0.178676,0.253185,0.16041,0.198835,0.496198,0.429378,0.41986,-0.35015,-0.251256,0.228571,0.358679,0.227317,0.330957,-0.151491,0.548003,0.385289,0.565862,0.385289,0.344078,0.477113,0.242025,-0.245022,0.49771,0.253185,0.313279,0.426142,-0.50637,-0.251256,-0.359647,-0.308441,0.241179,0.671135,-0.073666,0.565862,-0.052012,-0.461951,0.378959,0.521696,-0.528971,0.77244,0.218771,-0.525649,-0.333233,0.17141,0.097838,-0.078679,0.22022,0.152061,-0.426063,0.334162,0.061433,0.094059,0.190052,-0.098826,-0.163547,-0.494728,-0.475785,-0.349328,-0.769036,0.16879,-0.448527,-0.251256,0.062689,-0.210987,#
4,-0.001886,0.008286,0.179741,-0.290168,1.0,-0.269366,-0.17771,0.369775,-0.499717,-0.211923,0.233825,-0.382308,0.369775,-0.230618,-0.004561,-0.21912,0.020325,-0.020018,0.628061,-0.002699,-0.16822,-0.309704,0.215599,-0.492436,0.323121,-0.499828,-0.445021,0.248504,-0.627942,0.227492,-0.180436,-0.486986,-0.65729,0.265925,-0.231815,-0.012359,0.00974,-0.027919,-2.3e-05,0.50386,0.496096,-0.080425,-0.407339,0.234832,-0.007573,0.097121,0.522371,0.377932,-0.032001,-0.475552,0.020925,0.503616,0.441282,-0.160589,0.297971,-0.165071,-0.514273,0.687783,-0.380521,-0.627942,-0.396135,0.002681,0.191626,0.32155,-0.087493,0.293363,-0.160762,-0.383203,0.215015,-0.111354,0.234761,-0.215741,0.0,0.237974,0.601464,0.004233,0.215076,-0.379955,0.242333,-0.172479,-0.207084,-0.372978,0.042315,0.196715,-0.181756,-0.191449,-0.191449,0.496207,0.003531,0.348365,-0.333219,-0.196902,0.348365,-0.023677,-0.645184,0.026447,0.232206,0.009347,0.361316,0.213544,0.012946,-0.49875,0.215187,-0.333219,-0.336615,0.415043,-0.208227,-0.021627,-0.208227,-0.357889,0.215076,0.401169,0.406846,0.038639,-0.403615,-0.021627,0.348365,0.217044,-0.216356,0.230712,0.01136,0.213544,-0.2099,0.0,0.450047,0.340225,0.213544,0.234761,0.363155,0.42895,0.015384,-0.224753,0.215187,-0.162831,-0.162831,0.04134,-0.499708,-0.333219,0.17032,0.206374,-0.65305,-0.081407,-0.190663,-0.071547,0.361316,0.503616,-0.499828,-0.027628,0.024675,-0.498445,-0.489563,-0.372978,-0.38612,-0.372978,-0.002491,-0.65305,-0.389954,0.186327,-0.310766,-0.333219,0.008813,-0.240845,-0.333219,0.361316,0.496207,-0.392771,-0.162831,-0.231221,0.237974,-0.38612,-0.400789,-0.063399,-0.49875,-0.216623,0.399597,-0.002491,0.230712,0.645211,-0.01164,-0.182116,-0.414802,-0.029505,0.196224,0.201484,0.200721,-0.395778,0.159749,-0.611084,0.008853,0.025429,0.15805,-0.214928,0.651357,0.001634,0.012432,0.348365,0.21053,0.361316,-0.233785,0.01136,#
5,-0.24072,-0.160647,-0.355627,-0.226105,-0.269366,1.0,-0.179878,-0.055155,0.198303,-0.329544,0.359651,0.274502,-0.055155,-0.245662,0.245492,0.189987,0.432639,0.297552,-0.087753,0.433767,0.283583,-0.262849,-0.182131,0.189933,-0.995105,0.133957,-0.268911,-0.346934,-0.243339,-0.491233,0.509555,-0.021296,-0.276818,0.22064,-0.005157,-0.403998,0.671922,0.402981,-7.7e-05,0.198303,-0.457228,0.541942,0.004515,-0.245662,0.165851,-0.388242,-0.320478,0.324169,0.678669,-0.195298,-0.298124,-0.036149,-0.212567,0.336118,-0.014847,0.533062,-0.199662,-0.212567,-0.182066,-0.243339,-0.017063,-0.691014,-0.004419,0.276738,0.182413,0.360699,0.239432,-0.283256,0.307492,0.356311,0.189142,-0.226855,0.0,0.244989,-0.224366,0.556282,-0.312857,0.247712,0.565272,0.358757,0.33393,0.434765,0.273253,-0.479125,0.382733,-0.286518,0.360269,-0.10187,-0.385155,0.153093,0.110567,0.357217,0.153093,0.297094,-0.222664,0.273253,-0.138249,-0.25919,-0.030966,0.217039,-0.266499,0.169238,-0.166918,0.153093,-0.118058,-0.298268,0.244989,0.132977,0.21715,0.221627,0.360269,-0.438004,-0.186522,0.247712,0.408255,0.132977,0.153093,-0.255247,0.332894,-0.312857,0.22964,-0.479125,-0.275944,0.0,0.060923,-0.026925,-0.450774,0.189142,0.007841,-0.402606,0.300449,0.244989,-0.195587,0.359954,0.385995,0.169238,0.13455,0.068041,-0.295863,-0.293763,0.219898,0.501289,0.191048,0.032265,-0.030966,-0.036149,0.133957,-0.127882,0.4617,0.10178,0.409291,0.434765,0.299984,0.434765,-0.281202,0.191048,0.621762,0.357301,-0.074512,0.153093,0.408255,0.24539,0.068041,-0.030966,-0.069358,0.294586,0.385995,-0.300037,0.244989,0.299984,0.402828,0.364907,0.13554,-0.199809,-0.197733,-0.281202,-0.286518,-0.427507,-0.382368,0.282214,0.25891,-0.253849,-0.294091,0.333225,-0.187853,0.38283,-0.135544,0.509977,-0.132464,-0.272506,0.304288,0.217888,-0.138425,-0.367757,0.204298,0.153093,0.521559,-0.030966,-0.22872,0.165851,#
6,-0.162681,0.202824,0.25983,0.095644,-0.17771,-0.179878,1.0,0.517605,0.341972,0.209484,0.229894,0.117484,0.517605,-0.425951,-0.385618,-0.519258,-0.089263,-0.334611,-0.319575,-0.069346,-0.23635,0.456366,-0.37447,0.333409,0.213881,-0.220826,0.33613,0.433836,0.524917,-0.121216,-0.346426,-0.246852,0.026133,-0.074175,0.465979,0.082904,-0.282966,0.416469,0.000101,-0.189338,0.338043,-0.178292,0.407667,-0.425951,-0.220826,-0.163868,-0.564184,-0.266256,0.213686,0.218417,-0.085851,0.268742,0.05844,-0.140698,-0.321679,0.093628,0.173752,-0.399211,-0.01796,0.524917,-0.264275,0.299017,-0.007292,-0.347735,0.293595,-0.275799,0.431982,-0.298455,0.583602,0.188925,0.509334,-0.273885,0.0,-0.016366,0.253889,-0.475146,0.194888,0.508132,0.077497,0.23798,-0.227576,0.371015,0.088271,-0.061623,0.258324,0.659408,0.236944,-0.301195,0.524516,0.241658,0.213881,-0.19166,0.241658,-0.330736,0.493533,0.070811,0.556993,0.350163,0.505496,-0.497822,-0.062597,0.322576,0.051392,0.241658,-0.262466,0.575363,-0.016366,-0.762085,-0.03455,0.02883,-0.210372,-0.385618,-0.055387,0.047536,-0.079029,-0.762085,0.241658,0.676157,-0.218952,0.212093,0.362487,-0.043106,0.237045,0.0,-0.343991,-0.193776,0.438359,0.509334,-0.060195,0.083528,0.107571,-0.03455,-0.435482,0.233979,0.676232,0.322576,0.300326,0.186105,-0.301112,0.232304,0.421264,-0.312645,-0.068675,0.195422,0.505496,0.268742,-0.220826,-0.32261,0.392236,0.278385,0.317239,0.371015,0.542235,0.371015,-0.104956,-0.068675,-0.444034,-0.612369,0.505496,0.241658,-0.532839,-0.016357,0.186105,0.505496,0.250937,0.063063,0.676232,0.213141,-0.016366,0.542235,0.316439,0.028396,0.300566,0.5169,0.332829,-0.104956,0.659408,-0.058243,0.04814,-0.254162,0.032504,0.789036,0.198211,-0.692361,-0.48087,-0.103977,-0.10286,0.516064,0.223753,0.307081,-0.118006,-0.075857,0.013928,0.057187,0.31853,0.241658,-0.45025,0.505496,0.007029,-0.199993,#
7,-0.356319,0.639479,0.343814,-0.21677,0.369775,-0.055155,0.517605,1.0,0.191288,0.319652,0.345752,-0.359935,1.0,-0.209578,0.234298,-0.494467,-0.27468,0.286184,-0.02118,0.41676,-0.350325,0.462085,-0.146854,0.183039,0.105962,-0.667559,-0.282331,0.237525,-0.207287,0.181103,-0.075792,-0.220174,-0.240334,0.211615,-0.266917,0.261388,-0.212328,0.386195,0.0,0.191288,0.19247,-0.375319,-0.196853,-0.209578,0.158943,-0.67126,-0.233825,0.312777,0.651391,-0.15751,-0.261498,0.630473,0.30702,-0.199193,-0.212524,-0.080123,-0.192521,-0.176907,-0.174847,-0.207287,-0.214935,0.118163,-0.264256,-0.160791,0.368216,-0.071718,0.230391,-0.231678,0.865197,0.342594,0.910867,-0.009198,0.0,-0.45783,0.394836,-0.355406,0.320132,0.236527,0.544028,-0.297733,0.320132,-0.241875,-0.404078,0.207999,-0.267023,0.346385,0.346385,-0.141317,0.260858,0.148346,0.105962,-0.292454,0.148346,0.285731,-0.253991,0.261984,0.544493,0.393078,0.997023,-0.498413,-0.230318,0.162332,0.515919,0.148346,-0.174811,0.338347,-0.45783,-0.690821,-0.485578,-0.49139,0.346385,0.234298,-0.213104,0.236527,-0.274472,-0.690821,0.148346,0.37106,0.319083,-0.336175,0.22252,-0.498413,-0.299161,0.0,-0.244232,-0.083865,0.236255,0.910867,0.00977,0.262228,0.289089,0.235852,-0.227004,-0.302811,0.372025,0.162332,0.127747,0.063577,-0.115441,0.3468,0.210861,0.066351,-0.536737,-0.268429,0.997023,0.630473,-0.667559,-0.176663,0.444631,0.095102,-0.295094,-0.241875,0.288627,-0.241875,-0.307757,-0.536737,-0.169083,-0.300483,-0.13141,0.148346,-0.274472,0.236255,0.063577,0.997023,0.701182,0.241389,0.372025,-0.329873,-0.45783,0.288627,-0.323459,-0.417942,0.128746,0.489059,0.395154,-0.307757,0.346385,0.218598,0.222392,-0.3955,0.202902,0.375971,-0.365142,-0.37209,-0.270145,-0.306263,0.314106,-0.219658,-0.181424,0.365962,-0.180072,-0.553663,0.498909,0.247729,0.142704,0.148346,-0.236521,0.997023,0.460243,-0.63577,#
8,-0.607021,0.273925,0.049954,0.379693,-0.499717,0.198303,0.341972,0.191288,1.0,0.519171,-0.013165,0.131497,0.191288,0.354412,0.09725,0.214776,-0.075427,0.62218,-0.345081,0.414815,-0.499401,0.406502,0.342209,0.981378,-0.16663,0.363127,0.439353,0.169438,0.35416,-0.325859,0.363877,0.24345,0.360541,-0.326,0.268348,0.131578,0.162976,-0.093645,-2.8e-05,-0.249889,-0.244462,-0.546487,0.200375,-0.225275,0.363127,-0.318451,-0.398594,0.143926,0.245503,0.27995,-0.108341,0.272739,0.055492,0.041194,-0.610487,0.430758,0.302747,-0.762519,0.449379,0.35416,0.14121,-0.231042,-0.297119,-0.525473,0.616819,0.29451,0.137257,0.237891,0.27164,0.470286,0.097248,0.342501,0.0,-0.327254,0.015147,-0.005273,0.007465,0.113958,0.352851,0.015147,0.533238,0.426462,-0.407327,0.217864,0.499889,0.533238,0.533238,-0.348924,0.106642,-0.16663,0.650799,0.499889,-0.16663,0.626297,0.361967,0.106498,0.361967,-0.067045,0.218022,-0.327088,-0.072331,0.423242,0.361967,0.682238,0.218022,0.118928,0.22846,-0.249817,0.207878,-0.404765,0.026938,-0.408061,-0.087507,-0.407374,0.436274,-0.249817,-0.16663,0.020991,0.522207,-0.498835,0.386706,-0.327088,0.510864,0.0,-0.441397,0.207243,0.217864,0.097248,0.207297,-0.40757,0.134009,0.763593,-0.189108,0.020964,0.521535,-0.249406,0.375058,-0.16663,-0.392897,0.033059,0.803851,0.347473,-0.326565,-0.445142,0.218022,0.272739,0.363127,0.281219,0.436274,-0.249253,0.492901,0.426462,0.640085,0.426462,-0.0922,0.249308,0.224245,0.016303,0.218022,0.682238,-0.077377,0.783776,-0.16663,0.218022,0.276014,0.625593,0.521535,0.080169,-0.327254,0.640085,-0.062333,-0.281671,0.398329,0.371317,-0.062333,-0.0922,0.007465,-0.295856,0.135719,-0.498945,0.1397,-0.045277,-0.471948,-0.472702,-0.185835,-0.072253,0.355405,0.352851,-0.340164,-0.052961,0.372589,-0.295856,-0.180628,0.130856,-0.21771,-0.16663,-0.180585,0.218022,0.371317,-0.249944,#
9,-0.511648,0.500259,-0.118783,-0.151172,-0.211923,-0.329544,0.209484,0.319652,0.519171,1.0,-0.602206,0.001206,0.319652,0.666935,0.388719,0.229363,-0.036375,0.427937,-0.07382,0.016084,-0.623421,0.320902,0.242324,0.508304,0.333136,0.0,0.046823,0.115695,0.228631,0.635689,-0.159897,0.349555,0.678966,0.179706,-0.34465,0.816718,-0.606787,-0.041868,0.0,-0.009426,-0.093094,-0.734784,-0.342967,0.194442,0.499704,-0.281803,-0.119143,-0.017915,0.056368,0.512096,0.387214,-0.060862,-0.108553,-0.55381,-0.442584,-0.5315,0.56758,-0.250643,0.822847,0.228631,0.282748,0.482324,-0.351072,-0.575809,-0.012754,0.080263,-0.271992,0.425222,0.008833,0.22671,0.113976,0.493421,0.0,-0.654267,0.206342,-0.55009,0.217802,-0.003632,-0.168506,-0.212386,0.2566,-0.375787,-0.814354,0.653934,-0.184506,0.233674,-0.156076,-0.013061,0.380846,-0.333136,0.333136,0.215257,-0.333136,0.440942,0.225546,0.023267,-0.182356,0.012772,0.361535,-0.653934,0.001206,0.049637,0.266816,0.358762,0.361535,0.004418,-0.201313,-0.49945,-0.218089,-0.479125,-0.156076,0.388719,0.004397,-0.003632,-0.367677,-0.49945,-0.333136,0.182443,0.613672,-0.607552,0.019219,-0.234429,0.206342,0.0,-0.705683,-0.275256,0.209752,0.113976,-0.330841,-0.40742,-0.373175,0.671043,-0.182356,-0.573651,-0.165644,-0.498627,0.480746,-0.333136,0.053877,-0.169525,0.268496,-0.112325,-0.652888,-0.193626,0.361535,-0.060862,0.0,0.036696,-0.367677,-0.05111,-0.295816,-0.375787,0.039375,-0.375787,-0.399239,-0.183504,-0.062815,-0.173367,-0.320717,0.358762,-0.367677,0.251513,0.30751,0.361535,0.496316,0.801203,-0.165644,-0.156347,-0.654267,0.039375,-0.407257,-0.255782,0.029331,0.240033,0.405241,-0.399239,-0.194875,0.226414,0.806752,-0.618321,-0.014679,0.026743,-0.601814,-0.586484,0.195134,-0.398336,0.635807,-0.209443,-0.514084,0.013015,0.16044,-0.240497,0.211258,0.822999,-0.018028,-0.333136,-0.218954,0.361535,0.692999,-0.499704,#
10,0.053078,-0.013763,0.126658,0.170584,0.233825,0.359651,0.229894,0.345752,-0.013165,-0.602206,1.0,-0.378825,0.345752,-0.65533,0.001632,-0.215697,-0.37018,-0.013935,0.181008,0.390771,0.210262,0.111334,-0.201177,0.072223,-0.333062,-0.003814,-0.041516,0.29692,-0.219188,-0.651333,0.24899,-0.394887,-0.683329,-0.180684,0.343975,-0.815329,0.602179,0.447663,-4.6e-05,0.024963,0.110835,0.287078,0.339984,-0.186548,-0.003814,-0.2494,-0.063338,0.044502,0.441954,-0.501235,-0.376645,0.504679,0.133189,0.233192,0.419654,0.641184,-0.558503,-0.159944,-0.818084,-0.219188,-0.328415,-0.499312,-0.103034,0.585754,0.508703,-0.01794,0.279457,-0.545369,0.540607,0.208639,0.553582,-0.372476,0.0,0.244671,-0.16609,0.443436,0.187483,0.405466,0.633499,-0.16609,0.148989,0.396928,0.403978,-0.213096,0.221194,0.187483,0.574172,-0.467688,0.032896,0.353401,0.327977,-0.190684,0.353401,-0.017622,-0.232535,0.387997,0.651136,-0.01928,0.325863,0.220064,-0.381936,-0.050814,0.188351,-0.333062,-0.377064,0.036734,-0.204725,-0.01797,0.228027,0.020025,0.164736,-0.407004,-0.374943,-0.016125,0.37322,-0.01797,0.353401,-0.156587,-0.210283,0.20323,0.015255,-0.196146,-0.181508,0.0,0.174832,0.305003,0.244547,0.553582,0.364583,0.39983,0.382044,-0.221369,-0.257293,0.189599,0.594401,0.493143,0.005906,0.302552,-0.503846,0.178285,0.178996,0.249552,0.196244,-0.346108,0.325863,0.504679,-0.003814,-0.030816,0.804576,0.008874,0.312019,0.396928,0.387997,0.396928,0.388575,-0.269453,0.049857,-0.206407,0.325863,-0.333062,-0.042159,0.203114,-0.333062,0.325863,0.037687,-0.388885,0.594401,0.226115,0.244671,0.387997,0.397257,-0.108672,0.472997,0.202521,0.022203,0.388575,0.612665,-0.210878,-0.398994,0.178285,0.412154,0.405949,0.190827,0.171152,-0.202693,-0.030828,-0.285756,0.216015,0.005769,0.41365,-0.119388,-0.210878,0.24698,-0.820339,0.01712,0.353401,0.22399,0.325863,-0.264171,0.015255,#
11,-0.212042,-0.060356,-0.356595,-0.326249,-0.382308,0.274502,0.117484,-0.359935,0.131497,0.001206,-0.378825,1.0,-0.359935,0.06386,-0.277288,-0.117171,0.636315,-0.221289,-0.234488,-0.555446,-0.049695,-0.287599,0.117566,0.038627,-0.271831,0.082333,-0.148353,0.033504,0.063815,-0.128976,-0.40282,-0.315899,0.071113,-0.149956,0.11785,0.16759,-0.095316,-0.120228,4.7e-05,0.131497,-0.398803,0.362482,0.299078,-0.418068,-0.407746,0.410755,-0.075452,-0.204793,-0.154778,0.419672,0.227187,-0.450221,-0.273848,0.4057,-0.489671,0.164096,-0.09332,0.05665,0.266938,0.063815,-0.40278,0.105023,0.574076,-0.401962,0.060079,0.269685,0.359529,-0.324111,-0.151354,-0.438641,-0.31071,-0.475635,0.0,0.35591,0.04086,-0.346287,-0.813773,-0.270976,-0.298298,0.811382,-0.376667,0.288914,0.189855,-0.533593,0.423429,-0.376667,-0.376667,0.422521,-0.276943,0.433884,-0.271831,0.0,-0.271831,-0.227487,0.090258,-0.664492,-0.290548,-0.14907,-0.350614,-0.097967,0.667486,0.152345,-0.766311,0.433884,-0.404143,0.210543,0.35591,0.096287,0.35591,0.576811,-0.376667,-0.277288,0.277364,-0.270976,-0.142343,0.096287,0.433884,0.428977,-0.00374,0.028061,0.12154,-0.097967,0.009158,0.0,-0.028292,-0.326855,-0.063117,-0.31071,-0.260316,-0.664889,-0.214484,-0.071866,-0.32579,0.450656,0.050508,-0.406867,0.072706,-0.271831,-0.241794,0.07062,-0.053983,-0.438632,-0.089447,0.487749,-0.350614,-0.450221,0.082333,-0.042508,-0.109494,0.049524,0.176131,0.288914,-0.220889,0.288914,-0.13414,0.38931,-0.174368,0.439849,0.318497,0.433884,-0.142343,-0.063117,0.381608,-0.350614,-0.077044,0.153719,0.050508,-0.424636,0.35591,-0.220889,0.246561,0.61772,-0.406867,-0.342954,-0.164716,-0.581888,-0.376667,-0.062761,-0.263066,-0.017655,-0.270782,-0.140748,0.032079,-0.39539,0.069276,0.257409,-0.307978,0.551346,0.442934,-0.154214,0.315602,0.793577,-0.362755,0.171481,0.636504,-0.271831,0.067319,-0.350614,-0.342954,0.611619,#
12,-0.356319,0.639479,0.343814,-0.21677,0.369775,-0.055155,0.517605,1.0,0.191288,0.319652,0.345752,-0.359935,1.0,-0.209578,0.234298,-0.494467,-0.27468,0.286184,-0.02118,0.41676,-0.350325,0.462085,-0.146854,0.183039,0.105962,-0.667559,-0.282331,0.237525,-0.207287,0.181103,-0.075792,-0.220174,-0.240334,0.211615,-0.266917,0.261388,-0.212328,0.386195,0.0,0.191288,0.19247,-0.375319,-0.196853,-0.209578,0.158943,-0.67126,-0.233825,0.312777,0.651391,-0.15751,-0.261498,0.630473,0.30702,-0.199193,-0.212524,-0.080123,-0.192521,-0.176907,-0.174847,-0.207287,-0.214935,0.118163,-0.264256,-0.160791,0.368216,-0.071718,0.230391,-0.231678,0.865197,0.342594,0.910867,-0.009198,0.0,-0.45783,0.394836,-0.355406,0.320132,0.236527,0.544028,-0.297733,0.320132,-0.241875,-0.404078,0.207999,-0.267023,0.346385,0.346385,-0.141317,0.260858,0.148346,0.105962,-0.292454,0.148346,0.285731,-0.253991,0.261984,0.544493,0.393078,0.997023,-0.498413,-0.230318,0.162332,0.515919,0.148346,-0.174811,0.338347,-0.45783,-0.690821,-0.485578,-0.49139,0.346385,0.234298,-0.213104,0.236527,-0.274472,-0.690821,0.148346,0.37106,0.319083,-0.336175,0.22252,-0.498413,-0.299161,0.0,-0.244232,-0.083865,0.236255,0.910867,0.00977,0.262228,0.289089,0.235852,-0.227004,-0.302811,0.372025,0.162332,0.127747,0.063577,-0.115441,0.3468,0.210861,0.066351,-0.536737,-0.268429,0.997023,0.630473,-0.667559,-0.176663,0.444631,0.095102,-0.295094,-0.241875,0.288627,-0.241875,-0.307757,-0.536737,-0.169083,-0.300483,-0.13141,0.148346,-0.274472,0.236255,0.063577,0.997023,0.701182,0.241389,0.372025,-0.329873,-0.45783,0.288627,-0.323459,-0.417942,0.128746,0.489059,0.395154,-0.307757,0.346385,0.218598,0.222392,-0.3955,0.202902,0.375971,-0.365142,-0.37209,-0.270145,-0.306263,0.314106,-0.219658,-0.181424,0.365962,-0.180072,-0.553663,0.498909,0.247729,0.142704,0.148346,-0.236521,0.997023,0.460243,-0.63577,#
13,-0.163146,0.237245,-0.156786,0.069017,-0.230618,-0.245662,-0.425951,-0.209578,0.354412,0.666935,-0.65533,0.06386,-0.209578,1.0,0.526981,0.418,-0.105743,0.561387,0.098468,-0.067155,-0.257152,0.209038,0.524249,0.345627,0.222011,0.311939,-0.02704,-0.149148,0.038994,0.416847,0.030009,0.509789,0.535218,-0.083328,-0.51048,0.544801,-0.389817,-0.568281,-5.1e-05,-0.225275,-0.312362,-0.472684,-0.148422,0.481839,0.333016,-0.010654,0.22836,0.085573,-0.276869,0.211551,0.314485,-0.362526,0.032142,-0.242869,-0.278274,-0.32533,0.293632,-0.011447,0.637302,0.038994,0.430452,0.330215,-0.040883,-0.416601,-0.058238,0.289759,-0.577105,0.58109,-0.517476,-0.175212,-0.353955,0.668295,0.0,-0.539047,-0.203468,-0.245073,-0.190212,-0.354378,-0.378251,-0.236606,0.279757,-0.500166,-0.801793,0.435799,-0.21077,-0.172805,-0.172805,0.192051,0.066825,-0.508658,0.222011,0.227631,-0.508658,0.560987,0.066099,-0.324839,-0.389648,-0.069333,-0.176977,-0.070048,0.335432,-0.160087,0.102938,0.250114,0.54244,-0.34605,-0.042314,0.311178,-0.060712,-0.408141,-0.172805,0.526981,-0.087478,-0.354378,-0.053468,0.311178,-0.508658,-0.229561,0.666474,-0.660181,-0.193908,-0.070048,0.222593,0.0,-0.455386,-0.164911,-0.051313,-0.353955,-0.296734,-0.350564,-0.319528,0.454418,0.083992,-0.627948,-0.610738,-0.761342,0.312278,-0.508658,0.168212,-0.182583,0.013557,0.009679,-0.520258,-0.457457,-0.176977,-0.362526,0.311939,0.24476,-0.494942,-0.27044,-0.374893,-0.500166,-0.307174,-0.500166,-0.079641,-0.005508,0.264467,0.221545,-0.205754,0.250114,-0.053468,0.454534,0.193908,-0.176977,0.213536,0.528273,-0.610738,-0.185306,-0.539047,-0.307174,-0.52931,-0.244537,-0.182356,0.077378,-0.08048,-0.079641,-0.642775,-0.037067,0.52525,-0.234443,0.092217,-0.50971,-0.652463,-0.198661,0.514886,-0.07865,0.643854,-0.414792,-0.350147,-0.043534,0.169665,-0.073895,0.064009,0.542549,-0.243748,-0.508658,0.052274,-0.176977,0.574123,-0.236062,#
14,-0.203456,0.388383,-0.435213,-0.370545,-0.004561,0.245492,-0.385618,0.234298,0.09725,0.388719,0.001632,-0.277288,0.234298,0.526981,1.0,0.3765,-0.225054,0.583179,0.419798,0.246003,-0.010763,0.147737,0.094571,0.184357,-0.272101,0.106991,-0.552844,-0.112014,-0.37611,0.371613,0.123494,0.268735,0.082623,0.324806,-0.734114,0.142895,-0.117051,0.216804,2.4e-05,0.09725,-0.3992,-0.073026,-0.295371,0.526981,0.622135,-0.520021,0.169205,0.120252,0.440254,-0.118495,0.238067,-0.22323,-0.18763,-0.391409,0.271007,-0.266154,-0.059502,0.068018,0.118404,-0.37611,0.282553,0.089548,-0.285057,0.263844,0.003108,0.24081,-0.529351,0.093654,-0.029745,0.075518,0.355163,0.348249,0.0,-0.534397,-0.399357,0.013291,0.03627,0.170637,0.109036,-0.437629,0.438063,-0.569949,-0.665154,0.381686,-0.404189,-0.389157,0.012636,-0.131615,0.158893,-0.272101,0.414757,0.007925,-0.272101,0.589113,-0.359755,0.198347,-0.342935,-0.182361,0.279379,-0.101659,-0.190037,-0.407272,0.120116,-0.272101,0.279379,-0.666179,-0.534397,0.092226,-0.084743,-0.320664,0.012636,0.575404,-0.574907,0.170637,-0.158163,0.092226,-0.272101,-0.433214,0.806853,-0.814584,-0.408152,-0.534125,-0.399357,0.0,-0.597127,-0.372473,-0.07622,0.355163,-0.483578,-0.245543,-0.251509,0.364912,-0.342935,-0.814623,-0.39401,-0.407272,0.602565,-0.272101,-0.141632,-0.40821,-0.067306,0.151361,-0.533271,-0.583586,0.279379,-0.22323,0.106991,-0.082549,-0.158163,0.054006,-0.515948,-0.569949,-0.233403,-0.569949,-0.150103,-0.533271,0.466492,-0.008776,-0.423953,-0.272101,-0.158163,0.356246,0.388339,0.279379,0.393499,0.571722,-0.39401,-0.325247,-0.534397,-0.233403,-0.172924,-0.143113,0.136998,0.088503,0.259387,-0.150103,-0.389157,-0.075495,0.586585,-0.017292,0.60379,-0.149424,-0.823677,0.019039,0.54514,-0.190143,0.551487,-0.366955,-0.655035,0.302117,0.005907,-0.121283,0.562199,0.163381,0.074607,-0.272101,0.529738,0.279379,0.555464,-0.408152,#
15,-0.331614,-0.203622,-0.651583,-0.02439,-0.21912,0.189987,-0.519258,-0.494467,0.214776,0.229363,-0.215697,-0.117171,-0.494467,0.418,0.3765,1.0,0.11017,0.359155,0.31515,0.089176,-0.239226,-0.470649,0.402526,0.30659,-0.218165,0.756495,0.115205,0.021737,-0.066383,0.106186,0.358395,0.303681,0.425779,0.078541,0.047086,-0.083231,0.328305,0.038101,2.6e-05,0.214776,-0.320071,-0.181863,-0.393273,0.418,0.777745,0.160048,0.315956,-0.149513,-0.158103,0.313908,0.525757,-0.224541,-0.523691,-0.30078,0.329174,-0.069854,0.375954,-0.071525,0.504802,-0.066383,0.321145,-0.324231,-0.46285,0.340231,-0.137943,0.320084,-0.424423,0.305539,-0.525844,0.298838,-0.467983,0.264838,0.0,0.035242,-0.207428,0.484664,0.259433,-0.063546,-0.011684,-0.22461,0.259433,0.099756,-0.08806,0.553966,0.212499,-0.196842,-0.196842,-0.20181,-0.070345,-0.218165,0.518497,0.654496,-0.218165,0.380348,-0.022709,0.392807,-0.500234,-0.79999,-0.439865,0.043969,-0.384039,-0.326543,-0.003608,-0.218165,0.285453,-0.534129,0.035242,0.219066,0.517501,-0.060691,-0.196842,-0.078884,0.091502,-0.063546,0.108307,0.219066,-0.218165,-0.653989,0.249396,-0.214391,-0.327248,0.043969,0.222128,0.0,-0.194833,0.27134,0.062858,-0.467983,0.100594,-0.533625,-0.533368,0.536049,-0.022709,-0.219387,-0.202036,-0.326543,0.236025,-0.218165,-0.173924,-0.653261,0.072186,0.272335,0.052965,-0.205554,-0.439865,-0.224541,0.756495,0.368196,-0.336789,-0.326343,0.167009,0.099756,-0.07025,0.099756,0.117046,0.052965,0.2936,0.224051,-0.468878,-0.218165,0.108307,0.062858,-0.218165,-0.439865,-0.180149,0.423055,-0.202036,0.285669,0.035242,-0.07025,0.154255,0.089631,0.257193,-0.496219,0.172088,0.117046,-0.196842,0.110914,0.434053,-0.209335,-0.035474,-0.282078,-0.172088,0.267416,0.504806,-0.350337,0.154945,-0.03063,-0.757179,-0.295243,0.487827,0.091749,0.037565,-0.026244,-0.285044,-0.218165,0.490543,-0.439865,0.004602,0.203999,#
16,-0.21265,-0.454562,-0.346876,-0.456269,0.020325,0.432639,-0.089263,-0.27468,-0.075427,-0.036375,-0.37018,0.636315,-0.27468,-0.105743,-0.225054,0.11017,1.0,-0.146838,0.055025,-0.192085,0.012955,-0.62523,-0.060218,-0.164301,-0.405929,-0.065931,-0.189688,-0.271584,-0.053389,0.058805,-0.040201,-0.137402,-0.095985,0.511163,0.027291,0.211303,0.108124,0.108207,-9.4e-05,0.379623,0.036668,0.367047,-0.248109,-0.088086,-0.104714,0.178453,-0.167397,0.280641,0.077975,0.078586,0.117878,-0.233994,-0.088715,-0.001152,-0.270041,-0.039652,0.133546,0.34104,0.328048,-0.053389,-0.123814,-0.144086,0.438775,-0.130906,-0.394953,0.520143,0.052075,-0.238036,-0.040203,0.073273,-0.274424,-0.309212,0.0,0.573801,0.444865,0.073712,-0.350447,-0.172501,-0.022189,0.81682,-0.366461,0.250204,0.324144,-0.348664,0.457639,-0.334432,-0.334432,0.647144,-0.184443,0.240455,-0.405929,0.473153,0.318021,-0.143274,-0.029438,-0.114669,-0.460361,-0.217324,-0.244016,0.168443,0.139768,-0.054407,-0.44293,0.292165,-0.164589,0.290025,0.607654,-0.050392,0.099865,0.228195,0.08194,-0.225054,0.649631,0.256233,-0.139452,-0.050392,0.240455,0.395809,-0.032235,0.08194,0.457639,0.168443,0.084234,0.0,0.214012,-0.100272,-0.365901,-0.274424,-0.043317,-0.524159,-0.085472,0.099865,0.045126,0.494696,0.05137,-0.033919,-0.171593,-0.405929,0.169092,-0.372874,-0.321961,-0.020642,0.186707,0.67006,-0.244016,-0.233994,-0.065931,-0.326475,-0.188193,-0.192089,0.191577,0.250204,-0.098417,0.250204,-0.61862,0.169166,0.051696,0.448507,-0.191065,0.292165,0.282966,-0.331427,0.188744,-0.244016,0.093673,0.232797,0.05137,-0.357154,0.573801,-0.098417,0.186534,0.772761,-0.607581,-0.506533,0.153987,-0.569408,-0.366461,0.118702,-0.177389,0.043931,-0.622676,-0.295185,0.091131,0.098325,-0.095178,0.229841,-0.009971,0.387961,0.161073,-0.714814,0.641728,0.530771,-0.109651,0.259464,0.375232,0.318021,0.351455,-0.244016,-0.541688,0.418856,#
17,-0.566432,0.427549,0.008978,0.091201,-0.020018,0.297552,-0.334611,0.286184,0.62218,0.427937,-0.013935,-0.221289,0.286184,0.561387,0.583179,0.359155,-0.146838,1.0,0.000762,0.66143,-0.405331,0.191822,0.54165,0.609775,-0.272104,0.09718,-0.124072,-0.119863,-0.324541,-0.044778,0.576793,0.296354,0.125858,-0.070124,-0.376746,0.190926,0.268512,-0.229612,0.0,0.087626,-0.399204,-0.513588,-0.335533,0.083569,0.602516,-0.520026,0.054848,0.558276,0.401271,-0.069324,-0.16909,0.359566,0.178935,0.043431,-0.333032,0.218722,-0.030268,-0.364237,0.280263,-0.324541,0.231539,-0.397165,-0.399673,-0.207018,0.459646,0.456216,-0.14902,0.332881,0.208422,0.420851,0.161889,0.532214,0.0,-0.534401,0.017025,0.221647,0.020064,-0.235518,0.551169,-0.391579,0.847585,-0.142508,-0.665159,0.364245,0.007774,0.036115,0.430258,-0.093007,-0.241957,-0.272104,0.401677,0.412043,-0.272104,0.999501,-0.317382,0.181901,0.111617,-0.141617,0.317697,-0.109897,-0.142039,0.147167,0.565852,0.427592,0.317697,-0.231891,-0.076343,0.0827,-0.093308,-0.660975,0.430258,0.166667,-0.150751,-0.235518,0.265521,0.0827,-0.272104,-0.386653,0.829804,-0.814591,0.116616,-0.53413,0.017025,0.0,-0.192228,0.300334,-0.084943,0.161889,0.233003,-0.253545,0.186854,0.805843,0.111617,-0.386156,0.026449,-0.407276,0.107063,-0.272104,-0.113509,0.022557,0.398492,0.618665,-0.533275,-0.713359,0.317697,0.359566,0.09718,0.424768,0.265521,-0.407027,-0.070113,-0.142508,0.19819,-0.142508,-0.166245,-0.058602,0.495724,0.401034,-0.372244,0.427592,0.265521,0.805754,-0.272104,0.317697,0.42211,0.604411,0.026449,-0.33446,-0.534401,0.19819,-0.544372,-0.514201,0.126632,0.122837,-0.120292,-0.166245,-0.397264,-0.055872,0.202931,-0.415957,0.208883,-0.543585,-0.797189,0.02881,0.130284,-0.149803,0.580962,-0.324925,-0.600064,-0.106393,0.307114,-0.511612,0.14316,0.205972,-0.389376,-0.272104,0.126602,0.317697,0.580908,-0.408156,#
18,-0.02044,-0.198801,-0.456518,-0.371289,0.628061,-0.087753,-0.319575,-0.02118,-0.345081,-0.07382,0.181008,-0.234488,-0.02118,0.098468,0.419798,0.31515,0.055025,0.000762,1.0,-0.242493,-0.059956,-0.404596,0.252146,-0.230608,0.104515,0.181268,-0.453853,0.363177,-0.458805,0.238512,-0.243724,-0.319552,-0.467561,0.326465,-0.225754,-0.199268,0.011789,0.15516,0.000118,0.352659,0.267422,0.104056,-0.185002,0.700674,0.328242,0.220207,0.584289,0.001522,-0.11646,-0.34816,0.511306,-0.05144,0.028593,-0.491949,0.632262,-0.183832,-0.334948,0.723817,-0.170417,-0.458805,-0.21064,0.113119,0.220957,0.604979,-0.191229,0.550524,-0.627355,-0.42872,-0.226905,-0.21651,0.052824,-0.169333,0.0,0.333553,0.095513,0.10955,0.121827,-0.083552,-0.061154,-0.079447,-0.347948,-0.317192,-0.04106,0.357576,0.039193,-0.424371,-0.347948,0.324885,0.341493,0.235159,0.202498,0.039193,0.235159,0.008109,-0.43132,0.061591,-0.153641,-0.422547,0.013749,0.330964,-0.026737,-0.967938,-0.153641,-0.646686,-0.186916,-0.048203,-0.24375,0.201462,0.312171,-0.195699,-0.327719,0.359228,0.121508,-0.062722,-0.328372,0.201462,0.235159,-0.043836,0.011793,0.020679,-0.308646,0.248707,-0.043134,0.0,-0.092541,0.047269,0.357576,0.052824,-0.03313,-0.012218,-0.487426,-0.136842,-0.263734,-0.436014,-0.336011,-0.269159,0.159616,-0.646686,-0.180826,-0.417119,-0.691304,-0.238517,-0.203846,-0.262756,0.013749,-0.05144,0.181268,-0.169707,-0.205233,-0.511358,-0.398706,-0.317192,-0.492725,-0.317192,0.141371,-0.80209,-0.168908,0.050014,-0.186916,-0.646686,-0.307849,-0.148063,0.006532,0.013749,0.449734,-0.089082,-0.336011,0.006642,0.333553,-0.492725,0.063727,0.321271,-0.29504,-0.310617,0.630326,0.141371,0.121827,0.387155,0.356505,-0.04526,-0.094079,0.087256,-0.00591,0.087396,0.710386,-0.456115,0.313823,-0.336588,-0.32306,0.173073,0.423584,0.192473,0.840795,-0.160643,0.197281,0.235159,0.770428,0.013749,-0.310617,0.205764,#
19,-0.183838,0.089687,0.385081,0.349852,-0.002699,0.433767,-0.069346,0.41676,0.414815,0.016084,0.390771,-0.555446,0.41676,-0.067155,0.246003,0.089176,-0.192085,0.66143,-0.242493,1.0,0.019715,0.308837,-0.08684,0.405443,-0.408085,-0.108478,0.173359,-0.383096,-0.049482,-0.312327,0.8738,0.417178,-0.074212,0.1407,-0.058227,-0.144814,0.5108,0.115559,9.3e-05,-0.117955,0.010285,-0.254121,-0.246183,-0.067155,0.395171,-0.779903,-0.412586,0.67465,0.662167,-0.403051,-0.671044,0.582428,0.342087,0.045042,-0.133152,0.353188,0.100111,-0.516023,-0.117489,-0.049482,0.424495,-0.625266,-0.528011,0.024307,0.28001,0.068065,0.046256,0.332577,0.533758,0.809613,0.383268,0.487737,0.0,-0.344933,0.029412,0.567428,0.411846,0.256055,0.789307,-0.377829,0.804674,0.161863,-0.183999,0.094321,0.015497,0.427844,0.820671,-0.379344,-0.137284,-0.408085,0.263447,0.418416,0.289275,0.661023,-0.069262,0.660233,0.358306,0.186292,0.419342,0.086668,-0.64391,0.414785,0.811024,0.289275,0.419342,-0.133416,0.111596,-0.122806,-0.361842,-0.595839,0.820671,-0.169119,-0.222137,0.256055,0.576156,-0.122806,-0.408085,-0.368118,0.416685,-0.420023,0.433913,-0.336149,0.029412,0.0,0.092093,0.393657,-0.353367,0.383268,0.402525,0.25047,0.677017,0.534308,0.358306,-0.002109,0.409119,0.414785,-0.098579,0.263447,0.125225,-0.013309,0.533832,0.928337,0.078264,-0.440191,0.419342,0.582428,-0.108478,0.085067,0.576156,-0.074694,0.286598,0.161863,0.676469,0.161863,-0.288774,0.078264,0.646015,-0.010672,-0.268296,0.289275,0.576156,0.534356,-0.408085,0.419342,0.134054,0.268776,0.409119,0.036567,-0.344933,0.676469,-0.235107,-0.515187,0.394319,0.376744,-0.20869,0.153673,-0.004088,-0.327125,-0.140037,-0.013309,0.268,-0.2566,-0.400922,0.401799,-0.503095,0.17006,0.340574,-0.083863,-0.392669,-0.263236,0.011551,-0.781343,-0.046317,-0.137483,-0.600674,0.289275,-0.061242,0.419342,0.359185,-0.612127,#
20,0.857354,-0.551626,0.152916,0.175871,-0.16822,0.283583,-0.23635,-0.350325,-0.499401,-0.623421,0.210262,-0.049695,-0.350325,-0.257152,-0.010763,-0.239226,0.012955,-0.405331,-0.059956,0.019715,1.0,0.114128,-0.677781,-0.492125,-0.333008,-0.011707,-0.014321,-0.641337,0.188847,-0.250483,0.190577,0.3191,-0.283794,0.210471,-0.09737,-0.432462,0.115435,0.045122,2.4e-05,-0.499401,0.124866,0.777669,0.389226,0.22254,-0.499512,-0.106614,-0.30727,0.064534,0.07063,-0.582797,-0.452264,-0.473499,0.155024,0.137452,0.374149,0.081459,-0.07623,0.212858,-0.536037,0.188847,0.383127,-0.020416,0.373779,0.347143,-0.451325,-0.266748,-0.201259,0.041443,-0.209638,-0.196825,-0.078895,0.042703,0.0,0.23163,-0.572537,0.349045,-0.203753,0.394346,-0.23815,0.19441,-0.243142,-0.018716,0.399752,-0.653683,-0.187317,-0.203753,0.191936,-0.001989,0.013646,-0.333008,-0.333008,-0.187317,0.369431,-0.418772,0.194294,-0.009085,-0.227618,0.402528,-0.379772,0.67411,-0.04333,-0.040315,-0.227618,-0.333008,0.286235,-0.379299,0.23163,0.4948,-0.228224,0.340114,0.191936,-0.010763,-0.387151,0.394346,0.394168,0.4948,-0.333008,-0.190894,-0.229889,0.199097,0.027317,0.248214,-0.178107,0.0,0.20292,-0.35946,-0.653683,-0.078895,-0.338281,0.428226,0.410017,-0.654015,0.210859,0.185515,-0.212776,0.516302,-0.021267,0.317399,0.378909,-0.234429,-0.260427,0.147025,0.657344,0.200165,-0.379772,-0.473499,-0.011707,-0.543654,-0.014531,0.474781,0.076582,-0.018716,-0.009085,-0.018716,-0.035947,0.180809,0.515674,-0.219431,0.286235,-0.333008,0.394168,-0.227787,0.317398,-0.379772,-0.499236,-0.446921,-0.212776,0.159949,0.23163,-0.009085,0.360858,0.295699,-0.040315,0.200651,-0.432293,0.409723,-0.203753,-0.674852,-0.45854,0.998407,0.370013,-0.068418,0.186672,0.571283,-0.250643,0.799455,-0.18156,0.180352,0.481934,-0.066949,-0.430483,0.177512,-0.233492,-0.453127,-0.044189,0.369431,0.187191,-0.379772,-0.276903,-0.011707,#
