0,1.0,0.167538,-0.28883,-0.257094,0.397509,-0.39552,-0.092327,0.04252,-0.158374,0.427062,-0.573864,0.203942,0.799224,0.653607,-0.07149,0.12952,-0.515059,0.649972,-0.5457,0.253875,0.046128,0.509318,0.167538,0.0,-0.134393,0.42696,0.003725,-0.161918,0.632956,0.427062,0.364118,-0.280892,-0.092338,-0.407825,-0.338459,0.257594,-0.148489,0.089094,0.284708,-0.407825,-0.081716,-0.133157,-0.247726,-0.312724,-0.545114,-0.249995,0.384184,0.482554,-0.325621,0.62515,0.135674,-0.343325,-0.335072,-0.031112,-0.22034,0.122587,-0.321199,0.368085,0.410083,0.62515,0.617816,0.267369,-0.01641,-0.240181,-0.119487,0.572867,0.0,0.403149,-0.059435,-0.143747,0.267737,-0.165875,-0.788003,0.199339,-0.338857,0.400714,0.666081,-0.377227,-0.32945,0.303449,-0.546749,0.032093,0.248359,0.43167,0.40273,-0.130812,0.416302,0.245759,0.279301,0.114444,0.250766,0.00327,-0.061652,0.594015,0.397738,0.681668,0.458059,0.027785,-0.065779,-0.219658,0.62515,-0.153678,-0.197623,0.65061,-0.150684,-0.112579,-0.169916,-0.295813,-0.12566,0.088995,0.249242,0.259059,0.381125,0.089615,0.103815,0.679057,0.408166,-0.175781,0.648089,-0.150213,0.248359,0.234264,0.152784,0.027985,-0.01641,0.583398,0.233409,-0.180382,0.512535,0.24433,-0.561594,0.114444,-0.093815,-0.655157,-0.53074,-0.130812,-0.081716,-0.611387,0.447889,0.047461,0.427062,-0.497268,0.096334,-0.292196,-0.223682,0.598028,0.426844,-0.038183,-0.093815,-0.35544,0.344643,-0.445719,0.542364,0.016724,0.151978,0.254729,0.618482,0.480417,0.134222,-0.611387,-0.251667,-0.407825,-0.141159,-0.514004,0.432754,0.401619,0.284708,-0.387979,-0.111575,0.0,-0.335382,0.20175,-0.357101,0.115334,-0.041345,-0.394805,0.284708,-0.529256,0.602431,-0.018804,0.123458,-0.547018,-0.599868,-0.380916,0.215881,-0.570326,0.613664,-0.173183,-0.373408,-0.075518,0.432754,-0.135259,-0.393516,0.282994,-0.325053,-0.385045,-0.337119,-0.077202,0.808359,0.522959,#
1,0.167538,1.0,0.574166,-0.273473,-0.116765,0.096793,0.322604,-0.018972,0.286495,-0.611687,-0.181375,-0.638307,0.377573,0.213322,0.389012,-0.403763,0.386791,0.682243,0.213655,0.221858,-0.381563,0.077259,0.567803,0.0,-0.181434,-0.081742,0.002903,-0.149261,0.157412,-0.091953,-0.054052,0.182451,0.427781,0.285187,0.084777,0.274203,0.780997,-0.230882,-0.407791,-0.407791,-0.081325,0.496991,0.204852,0.559894,0.414392,-0.256358,0.328038,-0.001056,0.555793,0.041721,0.096793,-0.463834,0.078211,-0.343765,-0.273082,-0.431819,-0.322725,-0.519417,-0.244583,0.041721,0.110905,0.243115,0.385293,0.146349,-0.500396,0.223891,0.0,0.351144,0.499942,0.276005,0.45219,0.372771,-0.331576,-0.672656,-0.338493,0.399814,0.239541,-0.376583,-0.329082,-0.579555,0.367197,-0.391258,-0.17845,0.368713,-0.426202,-0.111943,0.007985,0.2619,-0.162374,-0.355761,0.201905,0.019193,-0.610368,0.174696,-0.535158,-0.174289,0.38091,-0.396217,-0.519744,-0.28476,0.041721,-0.137593,0.282436,0.239541,-0.150056,-0.193612,-0.15397,-0.575873,-0.573693,0.106436,0.496199,0.285187,-0.145214,0.106724,0.589893,0.241683,-0.106748,-0.703259,-0.401602,-0.610765,-0.17845,-0.204008,-0.454042,-0.420273,0.385293,-0.265482,0.258534,0.472686,-0.260393,0.276485,-0.181673,-0.355761,-0.059913,-0.280498,-0.104041,-0.111943,0.388516,-0.146386,-0.010242,-0.391258,-0.611687,-0.086649,-0.39103,-0.106894,-0.30127,-0.1853,-0.106748,0.448301,0.330031,-0.337959,-0.089582,-0.279353,0.560097,-0.407228,-0.252959,-0.60209,0.122073,0.438191,-0.386095,-0.146386,0.187469,0.285187,0.255213,-0.104041,-0.234452,0.380375,0.285187,-0.043372,-0.091953,0.0,-0.253576,-0.281134,-0.436245,0.057268,0.428602,0.0939,0.285187,0.356127,0.582845,-0.565421,0.061736,-0.152393,-0.118935,0.392184,-0.211636,-0.403433,0.190265,-0.275032,-0.416638,-0.129225,0.355906,0.647892,0.108367,0.248366,0.050027,0.425714,0.108278,-0.059913,-0.101129,0.125012,#
2,-0.28883,0.574166,1.0,0.144814,-0.555942,0.084255,0.330691,-0.410784,0.666099,-0.611995,0.233034,-0.687598,-0.096381,-0.103502,0.40759,-0.379184,0.36129,0.237285,0.236687,-0.174609,-0.430284,0.060406,0.574166,0.0,0.249692,-0.091977,0.395547,0.316525,-0.281997,-0.101999,-0.089628,0.231659,-0.082384,0.298152,0.491292,0.249846,0.76015,-0.243416,-0.407997,0.271998,-0.112378,0.01562,0.172228,0.531099,0.875971,0.058852,0.010167,-0.072069,0.33744,-0.304097,0.064194,0.071274,0.076815,0.239739,-0.286845,-0.434623,-0.204881,-0.111345,-0.230599,-0.304097,-0.434867,-0.432308,0.317473,0.17733,-0.432192,-0.329505,0.0,-0.136541,0.085817,0.265306,0.421183,0.367405,0.181924,-0.672995,0.098028,-0.288534,-0.17854,-0.37663,-0.320551,-0.997466,0.37511,-0.423104,-0.17854,-0.023967,-0.043435,0.407997,-0.423104,-0.165536,-0.17854,-0.364497,0.209034,-0.003785,-0.610676,-0.260563,-0.544065,-0.610015,-0.289871,-0.396277,-0.51129,-0.26167,-0.304097,-0.153271,0.274887,-0.194316,-0.149989,-0.600395,-0.154048,-0.07384,-0.582136,0.517072,0.490716,0.245844,-0.146479,-0.347027,0.589004,-0.219337,-0.135556,-0.688768,-0.44101,-0.191071,-0.17854,0.218003,-0.455646,-0.435849,0.317473,-0.28931,0.271998,0.481654,-0.304563,-0.170294,0.262264,-0.364497,-0.076727,0.166293,0.355965,0.407997,-0.112378,0.407763,-0.051511,-0.407433,-0.611995,0.355965,0.053207,-0.125075,-0.289871,-0.212971,-0.611683,0.448404,0.337798,0.089324,-0.106152,-0.280692,0.071911,-0.407433,0.143538,-0.19023,-0.381813,-0.172991,-0.386112,0.407763,0.674507,0.298152,0.245775,-0.070671,-0.273054,-0.096496,-0.407997,0.402378,0.388382,0.0,-0.241082,0.118974,-0.421732,0.065938,-0.099211,0.10271,-0.407997,0.826975,0.143752,-0.575607,0.078195,-0.154943,-0.088845,0.803385,-0.237423,-0.118192,-0.250566,-0.289871,-0.021987,0.22243,0.354517,0.646702,0.64155,0.223052,0.082344,0.815077,0.096249,-0.059787,-0.135149,-0.337158,#
3,-0.257094,-0.273473,0.144814,1.0,-0.123776,0.052271,-0.397635,-0.421153,-0.169119,-0.089107,0.66132,0.166804,-0.526768,-0.557587,-0.128496,0.083481,-0.121085,-0.153008,-0.142735,0.246003,-0.009093,0.082876,-0.273473,0.0,0.233939,-0.099338,-0.463639,0.145903,-0.249432,-0.612127,0.362237,-0.272776,-0.612127,-0.408085,0.366278,-0.572555,-0.161659,-0.258824,-0.408085,0.263447,-0.118726,-0.142837,-0.304558,0.096541,0.24241,0.970918,-0.367144,0.22427,0.316408,-0.589073,0.587168,0.676115,0.065717,0.356867,-0.354923,-0.492067,0.462054,0.347456,-0.248254,-0.589073,-0.441501,-0.431734,-0.140237,-0.29786,0.280086,-0.335936,0.0,0.042561,-0.119698,-0.195492,-0.242222,-0.221176,0.509035,0.145834,0.086668,-0.332175,-0.148642,-0.013309,0.078264,-0.172228,0.310803,0.418749,0.256413,0.00091,0.40438,0.395171,0.418749,-0.145412,-0.148642,0.103737,0.225385,0.011035,0.414785,-0.644654,-0.108246,-0.145412,-0.320363,-0.40683,-0.12272,0.568397,-0.589073,0.247819,0.225385,0.271992,-0.160766,0.244444,0.227819,-0.107356,0.250469,0.094688,-0.318659,0.289275,0.343435,0.068947,0.090668,-0.106892,0.433692,0.137672,0.090668,0.287624,0.256413,0.293013,0.581132,0.030319,-0.140237,0.169384,0.263447,-0.087322,-0.184203,0.243863,0.221453,0.103737,0.343435,0.169886,0.774051,0.395171,-0.118726,0.394944,0.303362,0.00091,-0.089107,0.335871,0.139446,0.343083,0.340704,0.346238,-0.074126,-0.507346,0.343435,0.534341,-0.095529,-0.040088,-0.344933,0.403273,0.153489,0.23844,-0.748329,-0.379456,-0.441278,0.394944,-0.108668,-0.408085,0.237736,-0.16278,-0.303921,-0.542777,-0.408085,0.30758,0.414542,0.0,-0.44489,0.40163,0.39844,0.072278,-0.641704,0.581132,-0.408085,0.355004,-0.650121,0.335871,-0.372954,-0.207857,0.377953,0.006463,-0.245596,0.085243,-0.635934,-0.320363,0.821676,-0.639768,-0.303921,-0.155348,0.611392,-0.553687,0.509805,-0.021629,-0.427112,-0.108246,-0.080901,0.075185,#
4,0.397509,-0.116765,-0.555942,-0.123776,1.0,-0.366929,-0.248901,0.217784,-0.786092,0.351365,-0.404873,-0.060087,0.077508,0.546406,0.30992,0.424192,-0.432636,0.088612,0.128906,0.522024,0.261083,-0.038229,-0.116765,0.0,0.085261,0.351281,-0.197158,0.01855,0.366835,0.351366,0.04557,-0.118518,-0.205677,-0.50848,-0.282894,-0.335869,-0.485792,-0.146251,0.234244,-0.50848,-0.194258,-0.112866,-0.077169,-0.598782,-0.567439,-0.070541,0.579727,0.103637,-0.296149,-0.114976,0.202764,-0.309217,-0.056395,-0.059709,0.527286,0.255833,-0.27865,0.067094,-0.166473,-0.114976,0.254909,0.179175,-0.382325,0.32585,0.096201,0.193962,0.0,0.495163,0.087936,-0.254228,-0.314404,-0.1717,-0.13247,0.375879,-0.502978,0.484715,0.556246,-0.219612,-0.062014,0.556481,-0.497367,-0.204386,0.108249,0.652426,-0.184648,-0.227102,0.223516,-0.335641,0.12548,-0.016822,0.068434,-0.628551,0.330487,-0.048931,0.553984,0.131859,0.476075,-0.183332,0.053083,0.333098,-0.114976,-0.364577,-0.396011,0.108249,-0.335641,0.522582,0.077658,-0.243201,0.102342,-0.512408,-0.170666,-0.50848,0.055507,0.422776,-0.34624,0.111772,-0.189665,0.355427,0.257436,0.087873,0.108249,0.09408,0.208558,0.228976,-0.382325,-0.0486,0.205677,-0.151841,-0.106926,0.077658,0.054241,-0.016822,-0.436439,-0.144054,-0.483755,-0.227102,0.30931,-0.263957,-0.048716,0.240632,0.351365,-0.465115,-0.035763,-0.41098,-0.255075,0.317107,0.351186,-0.286431,-0.453853,-0.549496,-0.394981,-0.431034,-0.026181,0.223516,-0.507285,0.114877,0.424643,0.492357,0.233387,-0.263957,-0.401164,-0.50848,0.054241,0.000877,-0.187844,0.053996,0.234244,0.164811,-0.76272,0.0,0.041909,-0.482519,0.20242,-0.333375,-0.202387,-0.378717,0.234244,-0.489216,-0.067539,0.048025,0.401699,-0.374588,0.281647,-0.677347,-0.083778,0.021855,-0.058202,-0.226954,-0.244435,-0.29163,-0.214207,-0.373697,-0.384672,-0.330042,0.38956,-0.67239,-0.34815,0.044624,0.098555,0.439536,#
5,-0.39552,0.096793,0.084255,0.052271,-0.366929,1.0,0.16659,0.004298,-0.088768,-0.358931,0.378726,0.118668,-0.286479,-0.132632,-0.43127,-0.246083,0.195247,-0.079127,-0.157527,-0.128515,-0.512152,0.345686,0.096793,0.0,-0.664471,-0.997885,0.008032,-0.221242,-0.407965,-0.358931,-0.322978,0.073802,0.280262,0.186841,-0.066455,-0.064233,0.181622,0.063566,0.186841,0.154062,0.256112,0.736403,0.089545,0.597149,0.130335,8.8e-05,-0.489498,0.047439,0.692592,-0.315171,-0.307417,0.335374,0.303372,-0.250806,-0.224353,-0.414293,0.624057,-0.341081,-0.176758,-0.315171,-0.221862,0.211317,-0.339518,0.073135,0.291576,-0.259273,0.0,-0.343301,0.508404,0.743543,-0.259906,0.62961,0.274294,0.080637,-0.222048,-0.177742,-0.620716,-0.012326,-0.231763,-0.105341,0.750035,-0.019063,-0.126423,-0.548196,-0.006889,0.231093,-0.019063,-0.079091,-0.620716,-0.233367,0.399233,0.012311,-0.418765,-0.356936,-0.344693,-0.079091,-0.184498,0.018536,0.212573,0.030583,-0.315171,-0.105341,0.418097,-0.106651,-0.098577,-0.160377,0.397524,-0.371184,-0.133706,-0.212444,0.329242,0.186841,0.187333,0.324275,-0.279228,-0.568552,-0.377002,0.056985,-0.256329,-0.623896,-0.126423,-0.609154,0.324271,-0.493265,-0.339518,0.105055,0.154062,0.228181,-0.156145,0.417886,-0.159003,-0.233367,0.207315,-0.422828,0.161421,0.231093,0.232036,0.207135,-0.307844,-0.529711,-0.358931,-0.373294,-0.756627,0.508158,0.622209,-0.196413,-0.377002,-0.042066,0.187333,0.324275,0.237805,0.59303,-0.190985,-0.038703,0.110576,-0.118064,-0.250755,-0.35545,-0.246222,0.207135,0.366103,0.186841,-0.138337,0.750237,-0.144643,0.239177,0.186841,-0.136988,0.255677,0.0,0.203802,-0.396248,-0.063325,0.358684,0.242359,0.324271,0.186841,0.179771,0.132448,0.18281,-0.239086,0.397022,0.174934,-0.021003,-0.364342,0.50695,-0.335648,-0.184498,-0.048566,-0.118277,-0.174894,-0.115952,-0.277773,-0.073755,0.259993,-0.021395,0.369729,-0.344693,-0.315336,-0.167376,#
6,-0.092327,0.322604,0.330691,-0.397635,-0.248901,0.16659,1.0,0.344438,0.305274,0.082659,-0.009939,-0.35511,0.185648,0.008461,0.357251,0.305787,0.159404,-0.159303,0.323011,-0.374645,-0.706223,0.249067,0.792909,0.0,-0.101993,-0.150183,0.228731,-0.455264,0.312858,0.408943,-0.795578,-0.410329,0.082659,0.432146,0.138083,0.756605,0.221157,-0.285387,0.432146,-0.321934,-0.482775,0.442043,-0.43085,0.127824,0.300188,-0.291673,0.172639,-0.036798,-0.009852,0.097277,-0.656521,0.102036,-0.182772,0.250642,-0.216704,-0.170408,-0.018023,-0.297485,-0.306757,0.097277,-0.007578,-0.30795,0.211638,0.441763,0.158277,-0.110461,0.0,0.189789,0.468478,0.155732,0.31449,0.24814,-0.125443,-0.697272,-0.129225,0.354422,-0.525749,-0.491381,-0.119366,-0.30613,-0.132367,-0.616912,-0.78816,-0.311267,-0.157592,-0.482901,-0.616912,0.03144,-0.525749,-0.631932,0.456106,-0.157592,-0.48186,0.370566,-0.672956,0.03144,0.3453,-0.040309,-0.44595,-0.776092,0.097277,0.043263,0.0555,-0.438278,-0.31339,-0.380627,-0.788135,0.305426,-0.787439,0.032278,0.352576,0.258127,-0.154702,-0.631905,-0.093329,-0.188818,-0.060254,-0.291897,-0.579601,-0.544304,-0.78816,-0.548068,-0.404638,-0.727194,0.211638,-0.354612,-0.321934,0.765028,-0.435472,-0.427821,-0.100674,-0.631932,-0.579029,-0.034974,-0.143494,-0.482901,0.028492,0.023321,-0.718923,-0.703801,0.082659,0.140377,-0.374447,-0.015192,-0.082966,-0.37543,-0.482655,0.932481,-0.154702,-0.244792,-0.085078,0.291707,0.032278,-0.964468,0.112032,-0.31339,0.040552,0.373529,-0.428179,0.023321,0.574502,0.432146,0.265023,-0.001002,-0.317023,0.206597,-0.321934,-0.286394,-0.047855,0.0,0.52662,-0.141397,-0.566922,0.161069,0.10834,-0.404638,-0.321934,0.173634,0.373838,-0.143494,0.637013,-0.313443,0.104062,0.532987,0.39603,-0.0298,0.380407,0.3453,-0.196993,0.472908,0.325388,0.737767,-0.03623,0.753895,-0.195732,0.524683,0.525359,-0.672956,-0.307318,-0.630766,#
7,0.04252,-0.018972,-0.410784,-0.421153,0.217784,0.004298,0.344438,1.0,-0.397362,0.515122,-0.448336,0.035242,0.254964,-0.047519,-0.049901,0.641548,-0.221545,-0.405331,-0.070077,0.391919,-0.161406,-0.19949,-0.018972,0.0,-0.033803,-0.002142,-0.152996,-0.794184,0.392374,0.007805,-0.63994,-0.409841,0.515122,0.343415,-0.584814,0.012745,-0.157919,0.487046,0.343415,-0.333008,0.018154,0.315543,-0.36818,0.071514,-0.560311,-0.314548,0.511852,0.256849,-0.154039,0.186155,-0.51454,-0.066927,0.204045,-0.21271,0.391725,0.140311,0.311586,-0.625157,-0.299287,0.186155,0.078652,0.335639,0.281616,-0.011056,0.282957,-0.019371,0.0,0.046992,-0.070406,-0.419898,0.354101,-0.423034,-0.197982,0.055202,0.248214,0.3888,0.024739,0.251096,0.265134,0.456107,-0.218119,-0.163218,0.024739,0.188892,-0.159201,-0.499512,-0.163218,0.438505,0.024739,0.240019,-0.017219,0.237009,0.037566,0.456545,-0.156613,0.438505,0.389888,0.637733,0.292035,0.001133,0.186155,0.048671,-0.376569,0.024739,0.438505,0.414234,-0.395075,0.051689,0.037058,-0.654015,-0.111745,-0.333008,0.224016,-0.20222,0.009542,0.049665,0.022288,0.42649,-0.426653,-0.362437,0.024739,-0.369265,0.024228,-0.142771,0.281616,0.042976,-0.333008,-0.126672,-0.357865,-0.395075,-0.444587,0.240019,-0.156613,0.038027,-0.202911,-0.499512,0.47677,-0.045384,-0.62239,-0.163218,0.515122,-0.202911,-0.175068,0.463133,0.389888,-0.385733,0.51486,0.186966,0.224016,-0.653642,0.27755,0.425366,-0.211192,-0.163218,0.054567,0.03639,0.528047,0.234958,0.08971,-0.045384,-0.038436,0.343415,-0.444587,0.23846,-0.207091,-0.170934,0.343415,-0.661975,-0.499512,0.0,0.2566,-0.231983,0.202896,0.522481,0.531366,0.024228,0.343415,-0.672639,0.032436,0.23846,0.226941,0.027832,0.001569,-0.207534,0.031857,0.306889,0.424445,0.389888,-0.211788,0.06744,0.369163,-0.005596,-0.513455,0.025714,-0.287415,-0.222563,0.024868,-0.156613,-0.168098,0.21305,#
8,-0.158374,0.286495,0.666099,-0.169119,-0.786092,-0.088768,0.305274,-0.397362,1.0,-0.408152,0.175246,-0.179683,0.109456,-0.202726,0.12747,-0.533869,0.541985,0.182686,0.139559,-0.666353,-0.030039,-0.090637,0.286495,0.0,0.174608,0.117064,0.403855,0.299908,-0.147458,0.106991,0.101965,0.302199,0.106991,0.414757,0.473297,0.595329,0.599335,-0.091622,-0.272101,0.388339,0.077049,-0.20147,0.254282,0.293016,0.679593,-0.208203,-0.332732,-0.289091,-0.038593,0.313074,-0.088768,-0.141661,-0.107931,0.075064,-0.411446,-0.028379,-0.364647,0.090097,0.28441,0.313074,-0.084541,-0.227041,0.507511,-0.136254,-0.393844,-0.016938,0.0,-0.310162,-0.124664,0.20533,0.416729,0.230515,-0.054578,-0.598059,0.339613,-0.35213,-0.25186,0.006623,-0.067306,-0.66523,0.122409,-0.007914,-0.267795,-0.403631,-0.026488,0.087178,-0.403631,0.174597,0.146505,-0.110293,-0.245543,0.3995,-0.407272,0.249802,-0.371403,-0.257739,-0.35827,-0.012059,-0.352516,-0.590097,0.313074,0.186549,0.199171,-0.25186,0.158893,-0.665153,-0.255895,0.377647,-0.261697,0.797271,0.280521,0.414757,-0.371403,-0.534091,0.422046,0.136568,0.092226,-0.59362,-0.117767,0.132052,-0.267795,0.120207,-0.619461,-0.037956,0.507511,-0.190406,-0.272101,0.240506,0.219028,-0.239486,0.1834,-0.110293,0.099645,0.244234,0.110828,0.087178,-0.408046,0.10213,0.192897,-0.007914,-0.408152,0.559008,0.310061,-0.179893,-0.384276,-0.214107,-0.407944,0.524801,0.099645,0.365049,0.077692,0.007339,0.364912,-0.41946,0.234103,-0.273443,-0.240972,-0.195738,-0.098876,0.10213,0.340657,0.414757,0.200055,-0.337351,0.275048,0.108809,-0.272101,0.092817,0.602322,0.0,-0.035372,0.475432,-0.414501,-0.098876,0.123926,-0.076359,-0.272101,0.562206,0.255359,-0.363715,-0.073342,0.190441,-0.388702,0.820408,0.274464,-0.415146,0.261802,0.291878,-0.001759,0.553551,0.275048,0.592451,0.439959,0.5775,-0.525008,0.832954,0.422972,0.099645,0.06266,-0.533129,#
9,0.427062,-0.611687,-0.611995,-0.089107,0.351365,-0.358931,0.082659,0.515122,-0.408152,1.0,-0.407976,0.421325,0.333253,0.147981,-0.24975,0.791693,-0.763003,-0.408156,-0.405861,0.106991,0.015859,0.232517,-0.091953,0.0,0.101999,0.362658,0.022688,-0.39748,0.421059,0.375,-0.218064,-0.610128,-0.25,-0.166667,-0.491173,0.102062,-0.747051,0.359606,0.666667,-0.166667,-0.249935,-0.296709,-0.611474,-0.600145,-0.734256,-0.035633,0.319266,0.36345,-0.70421,0.372675,-0.358931,0.283878,-0.327239,0.412719,0.207864,0.438471,0.219696,0.345398,0.220742,0.372675,0.290329,-0.155062,-0.158508,-0.088537,0.388738,0.128037,0.0,0.112231,-0.394656,-0.574,0.039705,-0.631745,-0.322035,0.456879,0.228395,0.193614,0.124184,0.023212,0.238697,0.655486,-0.761941,0.029371,0.124184,0.029371,0.53406,-0.25,0.029371,0.116563,0.124184,0.239074,0.13189,0.017228,0.410877,0.436963,0.381,0.641097,0.25093,0.522323,0.3714,-0.066556,0.372675,0.124011,-0.407661,0.124184,0.116563,0.13986,-0.408021,0.413914,0.13189,-0.327327,-0.287231,-0.166667,0.381,-0.32714,-0.342019,0.139653,0.392657,0.46694,0.312911,0.147889,0.124184,0.139653,0.322139,0.04201,-0.158508,0.44709,-0.166667,-0.282733,0.198963,-0.408021,-0.407936,0.239074,-0.1905,-0.060903,-0.185517,-0.25,-0.249935,-0.249857,-0.180143,0.029371,1.0,-0.185517,0.26082,0.0933,0.25093,0.192055,0.392657,-0.057036,-0.1905,-0.32714,0.362613,0.080839,-0.327327,0.029371,0.436963,0.641097,0.461397,0.159,0.303235,-0.249857,-0.107058,-0.166667,-0.407936,-0.185517,0.24034,-0.165082,-0.166667,-0.493114,-0.25,0.0,0.213582,0.256752,0.035644,0.303235,-0.209134,-0.336782,-0.166667,-0.738053,-0.057017,0.390225,0.260103,-0.384959,-0.217758,-0.461287,0.428326,0.140853,0.418228,0.25093,0.020809,0.173349,0.24034,-0.364875,-0.35369,0.143515,-0.302735,-0.499438,-0.318626,-0.1905,0.37199,0.173272,#
10,-0.573864,-0.181375,0.233034,0.66132,-0.404873,0.378726,-0.009939,-0.448336,0.175246,-0.407976,1.0,0.250377,-0.780648,-0.655477,0.06195,-0.129197,0.506905,-0.220755,0.182478,-0.278066,-0.022645,-0.077295,-0.181375,0.0,0.134443,-0.407878,-0.425788,0.152394,-0.186692,-0.407976,0.107442,-0.165945,-0.407976,-0.271984,0.770453,-0.233178,0.139537,-0.536128,-0.271984,0.407976,0.091563,0.12105,-0.187498,0.296573,0.527073,0.686901,-0.761598,-0.013479,0.410859,-0.583839,0.378726,0.444891,0.326266,0.018265,-0.484152,-0.62461,0.307306,0.094639,-0.410663,-0.583839,-0.614398,-0.250937,0.035273,-0.209502,0.519673,-0.553702,0.0,-0.218704,0.208853,0.294852,-0.259177,0.312441,0.768891,-0.198499,-0.105772,-0.448459,-0.665873,-0.033145,-0.123009,-0.279469,0.496312,0.399744,-0.255734,-0.446716,-0.002811,0.101994,-0.007669,-0.245384,-0.255734,-0.097537,0.142836,-0.002811,0.071841,-0.578072,-0.388598,-0.245384,-0.494542,-0.421558,-0.395499,0.19649,-0.583839,0.14648,0.158489,-0.239328,-0.261552,0.113127,0.15404,0.084137,0.141858,0.373917,-0.046873,0.435175,0.052849,-0.106772,-0.141317,-0.225919,0.107185,0.184639,-0.122316,0.165922,-0.255734,-0.242764,0.347679,-0.004897,0.035273,-0.166082,-0.271984,0.16594,-0.327831,0.170935,0.553753,-0.097537,0.069429,0.207721,0.481261,0.101994,0.071585,0.591844,0.055529,-0.023965,-0.407976,0.481261,-0.079806,0.288201,0.174822,0.193273,-0.407768,-0.115416,0.052849,0.818944,-0.360152,0.432941,-0.071222,-0.023965,-0.173992,-0.261552,-0.96264,-0.47397,-0.653911,0.591844,0.009827,-0.271984,0.5709,0.019835,-0.443985,-0.362565,-0.271984,0.363128,0.632363,0.0,-0.106967,0.253861,0.357727,-0.15199,-0.438423,0.347679,-0.271984,0.533888,-0.566547,0.481261,-0.122871,0.14438,0.580878,0.408355,-0.157272,-0.00121,-0.548043,0.174822,0.799163,-0.314442,-0.469086,0.162963,0.407968,-0.232166,0.282487,0.386304,0.391276,-0.388598,-0.352914,-0.5329,#
11,0.203942,-0.638307,-0.687598,0.166804,-0.060087,0.118668,-0.35511,0.035242,-0.179683,0.421325,0.250377,1.0,-0.055935,-0.214438,-0.611503,0.12423,-0.126746,-0.147709,-0.56574,-0.147551,0.401287,0.106523,-0.638307,0.0,-0.171899,-0.105501,-0.396554,-0.192785,0.209928,-0.095394,0.350836,-0.306357,-0.095394,-0.408076,-0.074995,-0.155778,-0.469659,0.214861,0.280884,0.254385,0.401753,-0.112457,-0.272956,-0.175246,-0.560204,0.196022,-0.582103,0.298907,-0.205777,0.319961,0.118668,0.169797,0.089659,-0.219544,-0.269195,0.064194,0.358279,0.35349,0.334916,0.319961,0.132374,0.340422,-0.085684,-0.66531,0.605527,0.064515,0.0,-0.277313,-0.249194,-0.029245,-0.211053,-0.186739,0.018905,0.581871,0.075373,-0.246858,-0.143474,0.378828,0.067113,0.671679,-0.111081,0.810667,0.25611,-0.372645,0.422909,-0.115268,0.413739,0.253895,0.25611,0.534349,-0.130772,0.399171,0.401753,0.188041,0.358405,0.687554,-0.232621,0.40421,0.339883,0.172771,0.319961,0.23228,-0.195587,0.272093,0.238142,0.268964,0.227728,0.146395,0.655578,0.083267,-0.245431,0.280884,0.400808,0.074898,-0.385042,0.309112,0.421111,0.601718,0.619214,0.270987,0.25611,-0.133994,0.640913,0.43587,-0.085684,0.601775,-0.408076,-0.568445,0.488174,0.244188,-0.188088,0.534349,0.332156,-0.239171,-0.099267,-0.115268,-0.084827,-0.100155,0.373609,0.397862,0.421326,-0.099267,0.127514,0.368304,0.419517,0.475327,0.421111,-0.479706,-0.071681,0.517002,0.364004,0.526255,0.100614,0.397862,0.172293,0.262234,-0.068158,-0.328633,0.089306,-0.100155,-0.509997,-0.408076,-0.171383,-0.099267,0.394347,-0.059711,0.280884,-0.398863,0.401452,0.0,-0.082435,0.446151,0.416903,0.137518,-0.077243,0.096148,0.280884,-0.549032,-0.200038,0.826279,-0.333879,0.254699,-0.135024,-0.385991,0.181466,-0.090049,0.205239,0.419517,0.409369,-0.176601,-0.217043,-0.547346,-0.418684,-0.120834,-0.372221,-0.417915,0.12538,-0.114084,0.382525,0.08201,#
12,0.799224,0.377573,-0.096381,-0.526768,0.077508,-0.286479,0.185648,0.254964,0.109456,0.333253,-0.780648,-0.055935,1.0,0.517587,-0.19301,-0.017134,-0.391374,0.527023,-0.385603,0.092072,-0.186383,0.418059,0.377573,0.0,-0.333892,0.333173,0.228168,-0.345284,0.397198,0.333253,0.060712,-0.095751,0.333253,0.222169,-0.57129,0.5442,0.015491,0.312831,0.222169,-0.50902,-0.203893,0.074129,-0.07275,-0.120664,-0.380155,-0.512803,0.468446,0.170601,-0.212255,0.823768,-0.286479,-0.335467,-0.507769,0.002242,-0.164423,0.306424,-0.236722,0.064109,0.535826,0.823768,0.775683,0.222507,0.127408,-0.066684,-0.441367,0.745435,0.0,0.383428,0.009989,-0.164872,0.402087,-0.218417,-0.983533,-0.061373,-0.024269,0.538627,0.526952,-0.17488,-0.005512,0.128639,-0.39093,-0.184857,0.085913,0.236399,0.221218,-0.23623,0.236399,0.54383,0.102876,-0.033122,0.105406,0.23769,-0.182486,0.815469,0.078218,0.54383,0.598634,0.242562,0.08593,-0.503424,0.823768,0.128639,0.105406,0.526952,0.109159,-0.310588,-0.355234,-0.147404,-0.324513,-0.042344,0.179076,0.222169,0.078218,-0.041952,0.254542,0.542291,0.333083,-0.472939,0.254542,-0.349983,0.085913,0.072025,-0.267582,-0.204863,0.127408,0.359928,0.194046,0.043773,0.495028,0.098956,-0.78491,-0.033122,0.078218,-0.497385,-0.37877,-0.23623,-0.203893,-0.763092,0.187784,-0.184857,0.333253,-0.36042,-0.051711,-0.163166,-0.12116,0.024844,0.333083,0.295938,0.078218,-0.511154,0.532528,-0.316085,0.436331,-0.201708,0.364233,0.092441,0.77253,0.580399,0.262168,-0.763092,-0.042452,0.222169,-0.323934,-0.37877,0.566945,0.57405,0.222169,-0.628205,-0.215138,0.0,-0.047348,0.099898,-0.611861,0.262168,0.386001,-0.267582,0.222169,-0.404024,0.818943,-0.36042,-0.006006,-0.315324,-0.737134,-0.187978,0.399951,-0.419174,0.815452,-0.093476,-0.612365,0.188551,0.566945,0.122379,-0.296909,0.557285,-0.467468,-0.174665,-0.262098,0.078218,0.528634,0.41618,#
13,0.653607,0.213322,-0.103502,-0.557587,0.546406,-0.132632,0.008461,-0.047519,-0.202726,0.147981,-0.655477,-0.214438,0.517587,1.0,0.169797,-0.033473,-0.400871,0.523626,-0.178603,0.093488,-0.052972,0.421636,0.353959,0.0,-0.189753,0.158721,0.511609,0.232039,0.239831,0.697626,0.046099,0.193895,-0.02114,-0.267776,-0.323678,0.241652,-0.039577,0.052558,0.465084,-0.267776,-0.013371,-0.081745,0.211767,-0.325936,-0.33481,-0.63164,0.498261,0.150874,-0.303191,0.283622,-0.132632,-0.490859,-0.184604,-0.044364,0.280701,0.305889,-0.514336,0.199401,0.277859,0.283622,0.409834,0.211433,-0.375298,0.362768,-0.293596,0.310232,0.0,0.159662,0.110129,0.296743,0.008394,0.331428,-0.517399,0.221267,-0.525634,0.258257,0.517555,-0.5015,-0.524793,0.118347,-0.425895,-0.498219,0.075508,0.363109,0.064584,0.126841,-0.076,-0.353854,0.09251,-0.200035,0.25043,-0.505506,-0.400798,0.215295,0.538035,0.107438,0.290534,-0.059531,0.052698,-0.233817,0.283622,-0.654655,-0.224069,0.075508,-0.353854,-0.339887,0.097328,-0.317464,-0.344721,-0.046132,0.517531,-0.267776,0.063361,0.283271,-0.158145,0.0611,-0.401459,-0.197424,0.417822,-0.246986,0.075508,0.183299,-0.115152,-0.093886,-0.375298,0.209924,0.436897,0.013841,0.319665,0.097328,-0.193383,-0.200035,-0.439234,-0.576802,-0.763274,0.126841,-0.013371,-0.401433,0.074473,-0.059111,0.147981,-0.744882,-0.093734,-0.638489,-0.430905,0.308565,-0.031996,0.073792,-0.439234,-0.525601,0.042294,-0.561155,0.286016,-0.076,-0.102967,0.224732,0.695869,0.364811,0.402943,-0.401433,0.165215,-0.267776,-0.193383,0.07411,0.273959,0.538602,0.239589,0.087566,-0.401664,0.0,0.023043,-0.413788,-0.494304,-0.136756,-0.002721,-0.694628,0.239589,-0.289248,0.648745,-0.385694,0.421369,-0.33866,-0.410769,-0.370297,-0.067645,-0.118479,0.226973,-0.403157,-0.802399,0.281894,0.273959,-0.210566,-0.521356,0.233744,-0.017723,-0.351169,-0.119898,0.035439,0.524085,0.299239,#
14,-0.07149,0.389012,0.40759,-0.128496,0.30992,-0.43127,0.357251,-0.049901,0.12747,-0.24975,0.06195,-0.611503,-0.19301,0.169797,1.0,0.168497,0.342384,0.117276,0.650384,0.067298,0.015843,-0.326919,0.389012,0.0,0.612952,0.412234,0.024177,0.224854,0.382543,0.399601,-0.196062,-0.050196,-0.24975,-0.1665,0.566823,0.122352,0.377648,-0.59431,-0.1665,-0.1665,-0.249685,-0.152987,-0.064588,-0.092887,0.427115,-0.057847,0.438084,-0.066015,-0.151737,-0.342517,0.232827,-0.400943,0.188982,0.029351,0.177452,-0.219017,-0.660938,-0.186584,-0.596039,-0.342517,-0.339626,-0.21816,0.345489,0.395607,-0.063838,-0.313869,0.0,0.279639,0.158831,-0.083407,0.271044,0.175167,0.248462,-0.610539,-0.326834,0.163472,0.114608,-0.498558,-0.326311,-0.407058,-0.265768,-0.498811,-0.407627,0.470643,-0.499105,-0.24975,-0.498811,-0.407563,0.114608,-0.326827,0.052703,-0.499105,-0.249212,-0.096618,-0.20046,-0.407563,0.107985,-0.499114,-0.760924,-0.146276,-0.342517,-0.407058,-0.407254,-0.407627,-0.407563,0.059533,-0.407614,0.062388,-0.407254,0.2398,0.266343,-0.1665,-0.274046,-0.326813,0.205007,0.066724,-0.249623,-0.150707,-0.35331,0.073871,-0.407627,0.066724,-0.432991,-0.029978,0.345489,-0.611196,-0.1665,0.381556,-0.601424,-0.407614,0.612528,-0.326827,-0.76124,0.333416,-0.269689,-0.24975,0.33733,0.331297,-0.255949,0.019952,-0.24975,0.295252,0.182392,-0.539269,-0.744324,0.038372,-0.249623,0.461529,-0.274046,-0.326813,-0.761977,-0.383233,0.2398,-0.498811,-0.611138,-0.407563,-0.134197,0.328271,-0.357749,0.331297,0.152405,-0.1665,0.612528,-0.269689,-0.639627,-0.211644,-0.1665,0.529568,-0.24975,0.0,-0.042674,-0.18709,-0.04273,-0.441416,-0.247496,-0.432991,-0.1665,0.326121,-0.099996,-0.269689,0.738503,-0.41696,0.38488,0.486077,-0.086838,-0.327341,-0.092292,0.107985,-0.033262,0.127884,0.097961,0.594728,0.248942,0.100983,0.144237,0.493471,0.238731,-0.20046,-0.205335,-0.326225,#
15,0.12952,-0.403763,-0.379184,0.083481,0.424192,-0.246083,0.305787,0.641548,-0.533869,0.791693,-0.129197,0.12423,-0.017134,-0.033473,0.168497,1.0,-0.550245,-0.533873,-0.103209,0.336362,-0.192154,0.072921,0.061376,0.0,0.327869,0.221324,-0.188993,-0.519909,0.517936,0.232345,-0.510414,-0.798057,-0.327003,-0.218002,-0.205214,-0.077289,-0.512432,0.076103,0.527795,-0.218002,-0.326918,-0.071822,-0.799816,-0.348565,-0.480529,0.18337,0.446695,0.475397,-0.445824,-0.128281,-0.246083,0.351099,0.016356,0.366476,0.245871,0.007546,0.287365,-0.006165,-0.414648,-0.128281,-0.15216,-0.242853,0.000992,0.067047,0.607457,-0.290198,0.0,0.187704,-0.178541,-0.562202,0.147602,-0.506805,0.06992,0.156447,0.069268,0.227452,-0.057402,-0.185365,0.078703,0.418326,-0.569883,-0.179957,-0.057402,0.208265,0.271595,-0.327004,-0.179957,-0.064196,-0.057402,0.078828,0.345854,-0.190947,0.264676,0.138376,0.026229,0.405239,0.24849,0.261088,0.017768,0.087889,-0.128281,-0.057322,-0.533226,-0.057402,-0.064196,0.35876,-0.533697,0.271452,-0.050351,-0.428148,-0.162754,-0.218002,0.445896,-0.427904,-0.236959,-0.043055,0.248199,0.56131,-0.131755,-0.035634,-0.057402,-0.043055,0.36088,-0.168156,0.000992,0.147415,-0.218002,-0.042002,-0.429032,-0.533697,-0.125099,0.078828,-0.485239,0.096433,-0.057692,-0.327004,0.178734,0.173572,-0.525002,-0.179957,0.791693,-0.057692,0.098756,0.218383,0.24849,0.118993,0.248199,0.07853,-0.065573,-0.427904,0.009469,0.166449,-0.428148,-0.179957,0.138376,0.405239,0.169273,0.16419,-0.140165,0.173572,0.053433,-0.218002,-0.125099,-0.057692,-0.400406,-0.471636,-0.218002,-0.288552,-0.327004,0.0,0.157683,0.055106,0.218389,0.336991,-0.306775,-0.228826,-0.218002,-0.525684,-0.310091,0.457572,0.53813,-0.531429,0.234092,-0.211854,0.130958,0.24548,0.121614,0.24849,0.213453,-0.021114,0.234949,-0.080645,-0.213608,-0.044245,-0.011222,-0.257635,-0.186449,-0.485239,0.017796,0.020187,#
16,-0.515059,0.386791,0.36129,-0.121085,-0.432636,0.195247,0.159404,-0.221545,0.541985,-0.763003,0.506905,-0.126746,-0.391374,-0.400871,0.342384,-0.550245,1.0,0.102755,0.553661,-0.369364,0.195195,-0.531982,-0.063943,0.0,0.082308,-0.18905,-0.200671,0.158218,-0.09288,-0.200132,0.03455,0.369844,0.341892,0.241826,0.631461,0.115747,0.647121,-0.390349,-0.508669,0.186234,0.300545,0.227786,0.381871,0.459851,0.6205,-0.063068,-0.443275,-0.425406,0.393098,-0.142953,0.195247,-0.389855,0.402291,-0.534672,-0.210207,-0.316273,-0.282129,-0.442842,-0.281369,-0.142953,-0.301376,0.240612,0.495542,-0.069534,-0.059148,-0.193578,0.0,-0.190919,0.297598,0.372694,0.083104,0.456491,0.39372,-0.595621,-0.060637,-0.165305,-0.356723,0.188915,-0.051961,-0.398574,0.503558,0.166057,-0.390255,-0.233655,-0.694448,-0.241826,-0.250309,0.086508,0.062429,-0.088768,-0.386334,0.194323,-0.252318,-0.089879,-0.480801,-0.385884,-0.253026,-0.243722,-0.467496,-0.150656,-0.142953,0.080069,0.099583,-0.373489,0.069984,0.048578,0.05779,0.035242,0.038593,0.420347,0.1146,0.21403,-0.498805,-0.062198,0.197701,0.063696,-0.236345,-0.167331,-0.392126,0.039258,-0.390255,-0.40111,-0.424674,0.169254,0.495542,-0.582974,-0.508669,0.220793,-0.260857,0.075056,0.523864,-0.088768,0.015886,0.323,0.007789,-0.241826,0.320962,0.299395,0.006009,0.182711,-0.763003,0.497492,-0.092435,-0.012559,-0.307752,-0.273324,-0.236345,0.290599,0.015886,0.401557,-0.456277,0.326387,0.438544,-0.266964,-0.552395,-0.832032,-0.479527,-0.124632,-0.358102,0.299395,-0.092398,0.241826,0.541388,0.007789,-0.266954,0.029597,0.21403,0.261112,0.300198,0.0,0.029111,-0.053902,0.160304,-0.378572,0.324909,0.168746,0.21403,0.503959,-0.094774,-0.039155,-0.057763,0.523643,0.317355,0.635584,-0.083096,-0.29339,-0.074331,0.431048,0.173988,0.048703,-0.266954,0.529419,0.202836,0.083148,-0.11483,0.659625,0.729339,0.033889,-0.46929,-0.505376,#
17,0.649972,0.682243,0.237285,-0.153008,0.088612,-0.079127,-0.159303,-0.405331,0.182686,-0.408156,-0.220755,-0.147709,0.527023,0.523626,0.117276,-0.533873,0.102755,1.0,-0.227312,0.166667,0.001849,0.352832,0.262019,0.0,-0.237895,0.107063,-0.017051,0.164188,0.269908,0.09718,0.55163,0.212987,0.09718,-0.272104,0.070446,0.174564,0.471627,-0.217445,-0.272104,-0.272104,0.107465,0.127242,0.245564,0.198459,0.078039,-0.193573,0.106219,0.192654,0.28376,0.307114,0.437684,-0.544895,-0.081202,-0.349687,-0.425551,-0.264186,-0.478729,0.098459,0.231924,0.307114,0.378252,0.37421,0.098584,-0.168952,-0.443808,0.470522,0.0,0.32027,0.281837,0.342801,0.228937,0.363848,-0.525761,-0.182211,-0.53413,0.23938,0.553069,-0.415957,-0.533275,-0.259391,0.104416,0.007764,0.146658,0.395947,-0.011161,0.09718,0.411474,0.15043,0.146658,-0.101737,0.174312,-0.011161,-0.407276,0.217869,0.065165,0.15043,0.252107,-0.425495,-0.3783,-0.166048,0.307114,-0.243782,0.174312,0.568701,-0.265519,-0.247248,0.170916,-0.654312,-0.253545,0.36475,0.492988,0.427592,0.08195,0.36522,0.39206,0.554661,0.101571,-0.585483,0.39206,-0.290311,0.146658,0.121317,-0.096762,-0.03686,0.098584,0.229589,0.401677,0.072112,0.351777,0.605543,-0.241223,-0.101737,0.08195,-0.625001,-0.346644,0.09718,0.107465,-0.407922,0.606888,-0.007764,-0.408156,-0.346644,-0.136871,-0.355941,-0.411174,0.447932,0.0827,0.005764,0.08195,-0.067143,0.06027,-0.518203,0.805843,-0.007764,-0.182539,-0.265519,0.217495,0.345291,-0.13808,-0.407922,-0.146694,-0.272104,0.199898,-0.363554,0.235431,0.54545,0.401677,0.017252,0.116616,0.0,-0.523907,-0.0,-0.406424,-0.118996,0.113812,-0.096762,0.401677,0.103724,0.657519,-0.346644,-0.109622,-0.246252,-0.423235,0.003439,-0.140545,-0.685268,0.254294,-0.411174,-0.378564,-0.237399,0.235431,0.170699,-0.079367,0.166391,-0.054917,0.030318,-0.091654,0.065165,0.504384,0.382882,#
18,-0.5457,0.213655,0.236687,-0.142735,0.128906,-0.157527,0.323011,-0.070077,0.139559,-0.405861,0.182478,-0.56574,-0.385603,-0.178603,0.650384,-0.103209,0.553661,-0.227312,1.0,-0.252336,0.042823,-0.531265,0.213655,0.0,0.200034,0.143048,-0.027687,0.221019,-0.153454,0.132526,-0.317891,0.277189,0.02899,0.309227,0.406972,0.131877,0.129122,-0.579681,-0.270574,-0.270574,-0.405755,0.08118,0.262206,-0.169152,0.533962,-0.04014,0.106089,-0.737275,0.06603,-0.333377,-0.05164,-0.213727,-0.085696,0.043108,0.284239,0.105019,-0.400337,-0.302477,-0.374034,-0.333377,-0.110464,-0.280631,0.064929,0.65494,-0.199896,-0.063794,0.0,0.313438,0.394134,0.000648,-0.272084,0.1683,0.332396,-0.583269,-0.144592,0.283282,-0.229427,-0.046912,0.295939,-0.254542,0.04022,-0.405787,-0.66242,0.008758,-0.811078,-0.405861,-0.405787,-0.297367,-0.229427,-0.531116,-0.264567,-0.451487,0.100639,-0.201716,-0.334512,-0.662317,0.202726,-0.455581,-0.408569,-0.174202,-0.333377,0.115238,0.126722,-0.66242,-0.297367,0.16057,-0.242725,0.307473,-0.248677,-0.061454,-0.258894,-0.270574,-0.816294,-0.080206,-0.147793,-0.26816,-0.405654,-0.182075,-0.584181,0.16251,-0.66242,-0.26816,-0.626793,-0.007357,0.064929,-0.993233,-0.270574,0.551688,-0.507368,-0.242725,0.62581,-0.531116,-0.401836,0.609379,0.02946,-0.405861,0.101228,0.096076,-0.411822,0.024328,-0.405861,0.497862,-0.108017,-0.417088,-0.503937,-0.515408,-0.405654,0.44691,-0.418666,-0.080206,-0.846774,-0.085462,-0.061454,-0.405787,-0.628312,-0.662317,-0.275549,0.351193,-0.139218,0.096076,-0.000887,0.309227,0.62581,0.02946,-0.450696,0.028259,-0.270574,0.486043,-0.405861,0.0,0.499244,-0.438838,-0.007086,-0.686998,0.012259,-0.168342,-0.270574,0.499401,-0.228995,-0.371118,0.371237,0.106733,0.671795,0.354443,0.199718,0.01007,-0.215499,0.202726,0.009652,0.137839,-0.476177,0.525335,0.369925,0.098612,0.362368,0.38489,0.353645,0.063115,-0.776866,-0.530136,#
19,0.253875,0.221858,-0.174609,0.246003,0.522024,-0.128515,-0.374645,0.391919,-0.666353,0.106991,-0.278066,-0.147551,0.092072,0.093488,0.067298,0.336362,-0.369364,0.166667,-0.252336,1.0,0.034061,-0.090637,-0.206522,0.0,0.142895,0.096867,-0.422076,-0.31342,0.230317,-0.408152,0.101965,-0.20726,0.106991,-0.272101,-0.382423,-0.66651,0.005136,0.254598,-0.272101,-0.272101,0.117474,0.114844,-0.163656,0.187841,-0.412794,0.245057,0.578168,0.525287,0.235718,-0.289449,0.398327,-0.080373,0.353919,-0.242048,0.262482,-0.278869,0.203466,-0.349911,-0.418367,-0.289449,-0.103839,0.33416,0.089534,-0.201319,0.016375,-0.037233,0.0,0.263282,-0.122876,-0.406732,0.22478,-0.379492,-0.054578,0.273777,-0.07622,0.239868,0.601109,0.022259,-0.067306,0.186549,0.070211,0.032123,0.601109,0.816108,0.012652,0.106991,0.443668,0.174597,0.18681,0.373362,0.134555,0.012652,0.136998,-0.158377,0.116755,0.174597,0.253634,0.00324,0.105465,0.682548,-0.289449,-0.227172,-0.245543,0.601109,0.174597,0.59749,0.187168,-0.660566,0.199171,-0.534397,-0.052182,-0.272101,0.51936,0.382679,0.39321,0.211638,0.121648,0.24614,-0.068169,-0.206869,0.601109,0.211638,0.407559,0.052415,0.089534,0.261832,0.414756,-0.351521,-0.336427,0.187168,-0.27412,0.373362,0.116755,-0.156387,0.085479,0.106991,0.602569,0.072127,0.046955,0.032123,0.106991,-0.362701,-0.048576,0.313413,0.253634,0.186709,0.621818,-0.475079,0.51936,-0.534091,0.094539,-0.264072,-0.084742,0.443668,-0.158377,0.174597,0.240417,0.130212,-0.079421,0.072127,-0.264932,-0.272101,-0.27412,0.059115,-0.372572,-0.344743,0.414756,-0.107472,-0.408152,0.0,-0.55719,-0.192471,0.418832,0.378336,0.090777,0.407559,0.414756,-0.373679,-0.162374,0.085479,-0.11891,-0.26559,0.07328,-0.429585,-0.582175,0.105402,-0.175524,-0.42252,-0.001759,-0.669165,0.236953,-0.267968,-0.123209,-0.656821,0.322732,-0.435834,-0.627514,0.116755,0.105633,0.812634,#
20,0.046128,-0.381563,-0.430284,-0.009093,0.261083,-0.512152,-0.706223,-0.161406,-0.030039,0.015859,-0.022645,0.401287,-0.186383,-0.052972,0.015843,-0.192154,0.195195,0.001849,0.042823,0.034061,1.0,-0.653915,-0.810172,0.0,0.413486,0.510942,-0.217927,0.440647,0.038806,-0.003965,0.63699,0.375785,0.015859,-0.33304,0.110396,-0.411126,-0.171718,0.132084,-0.33304,0.301322,0.492311,-0.637673,0.400743,-0.360065,-0.268858,-0.012574,-0.137155,-0.188115,-0.413,0.165485,0.521821,-0.481406,0.217683,-0.390057,0.342439,0.405344,-0.411132,0.199901,0.264057,0.165485,0.033567,0.368459,0.179163,-0.408597,-0.064353,0.093405,0.0,-0.211282,-0.546309,-0.307022,-0.138949,-0.304451,0.143001,0.395406,0.203818,-0.279715,0.436654,0.583836,0.211988,0.412631,-0.242492,0.602742,0.420711,0.245941,-0.20054,-0.023789,0.222651,0.02588,0.819288,0.661315,-0.814604,0.201997,0.511515,0.011088,0.635448,0.02588,-0.314381,0.18836,0.193074,0.427384,0.165485,-0.001311,-0.434303,0.038076,0.40299,0.449201,0.391919,0.174126,0.818787,0.193801,-0.409268,-0.33304,-0.195368,0.219976,0.019388,0.424465,0.03057,0.410895,0.481014,0.800752,0.420711,0.391725,0.005109,0.996702,0.179163,0.00709,-0.33304,-0.729377,0.37213,-0.002125,0.393462,0.661315,0.207452,0.377654,-0.226644,-0.023789,0.026371,-0.009366,0.560589,0.998671,0.015859,0.204528,0.64217,-0.244777,-0.340401,0.256863,0.531007,-0.539102,-0.195368,0.184697,-0.217337,-0.134496,0.228408,0.602742,-0.413017,-0.005546,0.035568,-0.205089,0.462811,-0.009366,-0.719031,-0.33304,-0.006469,-0.253022,0.289679,-0.239333,0.354185,0.268823,-0.023789,0.0,-0.254157,0.235208,0.621424,-0.481818,0.017093,0.005109,0.354185,-0.282941,-0.407307,0.221775,-0.248802,0.408934,-0.03666,-0.236303,-0.031167,-0.261706,-0.002772,0.310095,0.185688,-0.072324,-0.320172,-0.424552,-0.064251,-0.413837,-0.235623,-0.226551,-0.046741,0.635448,0.218378,0.226809,#
