0,1.0,0.372719,-0.038167,-0.209382,-0.046991,0.254754,0.384291,0.498687,0.766707,-0.038355,-0.125762,0.203395,0.160136,0.642288,-0.028983,0.114688,-0.354972,0.240523,0.480569,0.307148,0.0,0.478932,0.515955,0.307148,-0.138819,-0.409632,0.386512,0.252492,0.495108,0.550141,-0.520445,0.38826,0.307148,0.0,0.416626,0.0,-0.495692,0.055591,0.0,0.518311,0.563206,0.252277,0.22512,0.292192,0.0,-0.570444,0.263339,0.618154,-0.278236,-0.129988,0.079274,-0.076001,-0.1788,0.202268,-0.565219,0.033332,0.240117,-0.450217,0.399419,0.445805,0.409493,0.246626,-0.21415,0.28664,0.483824,0.642288,-0.396788,0.399182,0.242351,0.714094,0.318353,-0.352304,-0.332743,0.030071,-0.19993,0.328367,-0.190714,-0.005516,-0.238731,0.236766,-0.014731,-0.396384,-0.149967,-0.323548,0.006255,0.175166,0.471225,-0.041814,0.408567,-0.190714,-0.66608,-0.190714,-0.552957,0.782858,-0.223012,-0.445608,0.353033,-0.251201,-0.266398,-0.396384,0.070925,-0.258803,0.030071,0.140339,-0.190714,0.018044,0.427285,-0.267134,0.018414,-0.238731,0.539333,0.332743,-0.020226,-0.222796,-0.572097,-0.445608,-0.166186,0.032479,0.476765,-0.552957,-0.166186,-0.631277,-0.209505,-0.424026,0.068869,-0.050047,-0.243059,0.315882,-0.076001,-0.65315,-0.194314,-0.175377,-0.208537,0.150688,-0.251201,-0.200969,0.307148,-0.636,-0.307892,-0.010037,0.201729,-0.666998,-0.813186,0.176732,-0.461085,0.438677,-0.636,0.301727,-0.33391,-0.584706,-0.039604,-0.363391,-0.0263,-0.332743,-0.194314,0.0,0.322146,0.290882,-0.010037,-0.015116,-0.251801,-0.039867,-0.251201,0.033478,-0.258379,0.343514,0.053723,0.224091,-0.855644,-0.047325,0.019164,0.531241,-0.266249,-0.33391,0.579413,-0.323548,-0.175377,0.429604,0.501491,-0.699724,-0.369346,0.312449,-0.479292,0.222884,0.501203,-0.24342,0.190795,0.471225,-0.76743,0.388725,0.148499,-0.230315,0.615446,0.501491,0.004972,0.246783,0.501491,0.006504,-0.397174,0.0,#
1,0.372719,1.0,0.190545,-0.3513,0.546355,-0.019425,0.58961,0.166604,0.501962,0.58205,-0.522523,0.025621,0.36308,0.539568,0.057501,-0.134343,-0.663539,0.56954,0.470298,0.387367,0.106724,0.624587,0.746951,0.361015,-0.5288,-0.265795,0.66183,-0.069297,0.421831,0.812108,-0.754548,0.183009,0.361015,2.4e-05,0.251928,-0.292851,-0.062336,-0.10032,2.4e-05,0.08696,-0.028757,0.596033,0.080403,0.480405,0.0,-0.798935,0.515814,0.864456,-0.191359,0.188524,0.499175,-0.252652,0.37733,-0.211326,0.397753,-0.41778,-0.315702,-0.08802,-0.178133,-0.293197,0.215503,-0.003628,-0.364531,0.617455,-0.205177,0.539568,-0.236345,0.27987,0.512649,0.426156,0.278973,-0.555269,-0.27142,-0.620016,-0.02548,0.248704,-0.445723,-0.191762,-0.446754,-0.382022,-0.299905,-0.620016,-0.813631,-0.583406,-0.196403,-0.031183,0.345605,-0.245187,-0.199449,-0.016332,-0.328742,-0.016332,-0.813616,0.538814,-0.382022,0.158862,0.522093,-0.135516,0.363307,-0.180967,-0.624551,-0.126942,-0.620016,0.373151,-0.445723,-0.623432,-0.379652,-0.505413,-0.284739,0.026601,0.782992,0.466421,-0.252338,-0.445723,-0.182668,-0.284739,-0.532778,-0.144155,0.481755,-0.813616,-0.532778,-0.328742,-0.076029,-0.669849,-0.164701,0.238983,-0.078313,-0.329596,-0.225883,-0.067244,-0.376515,-0.532788,-0.401683,-0.607231,-0.118965,-0.532778,0.361015,-0.006966,0.285078,-0.182668,-0.126942,0.104933,-0.282775,-0.066282,-0.584257,0.114121,-0.021826,0.462749,-0.424792,-0.388695,-0.184646,-0.66439,0.131929,-0.27142,-0.376515,0.0,0.608755,0.634037,-0.182668,0.129407,-0.031183,0.148737,-0.118965,0.581445,-0.382022,0.377236,-0.406923,0.528077,-0.195977,0.600679,-0.61826,0.182866,0.314236,-0.449022,0.809406,-0.583406,-0.532788,-0.218716,0.376567,-0.505413,-0.109454,-0.035144,-0.402896,0.383522,0.37531,0.257532,0.424651,-0.19498,-0.562399,0.656874,0.493919,0.317714,0.029016,0.376567,0.677495,-0.365307,0.376567,-0.183962,-0.149788,0.0,#
2,-0.038167,0.190545,1.0,0.409548,0.645049,-0.799297,0.185775,-0.098537,0.34478,0.375962,0.040428,-0.034421,0.407275,-0.124114,0.375467,-0.684776,-0.605974,-0.015616,0.238252,0.276139,0.433933,-0.183381,0.507852,0.223541,-0.326119,0.194528,0.563354,-0.799967,-0.439377,0.399958,-0.044677,0.269808,0.223541,0.0,-0.544033,-0.208579,-0.027346,-0.518552,0.0,-0.098621,0.344661,0.226611,-0.545454,-0.226733,0.0,-0.316757,0.37094,0.341859,-0.490604,-0.209928,-0.538363,-0.291809,-0.027455,0.145286,0.033023,-0.360585,-0.497049,0.00198,-0.679772,-0.407327,-0.269586,-0.398205,-0.464635,-0.209928,-0.40183,-0.124114,-0.222727,-0.317257,-0.009841,-0.034198,0.119637,0.161572,0.276139,0.177423,-0.020361,-0.332457,-0.434945,-0.682959,-0.162013,-0.059051,0.244062,-0.277603,0.005375,-0.118728,-0.236408,0.009374,0.61098,0.577135,-0.649324,-0.00641,-0.037249,-0.00641,-0.420903,0.256113,-0.549632,0.257305,0.661233,0.508979,0.382455,0.16057,0.022575,0.068248,0.177423,0.397017,-0.434945,-0.248431,-0.413669,0.120142,0.23271,0.310398,0.423104,-0.407634,-0.320226,0.010072,0.589536,-0.185411,-0.36136,-0.200228,0.376204,-0.420903,-0.36136,-0.519991,0.559583,-0.327944,-0.110832,-0.211767,-0.352362,-0.457483,-0.238379,0.103246,0.375963,-0.80017,-0.370848,-0.404274,0.08569,0.559909,0.223541,0.417576,0.41043,0.589536,0.559634,0.088003,0.244427,-0.62129,-0.35786,0.506467,0.387914,0.281016,-0.224441,0.443557,-0.474938,-0.184849,0.662055,-0.407634,0.375963,0.0,0.578712,0.258306,0.589536,-0.083033,-0.446198,0.238948,0.542016,-0.190232,-0.059051,0.186432,-0.611139,-0.047217,0.130609,0.413316,-0.295352,-0.03636,0.045594,-0.272806,0.376942,-0.118728,-0.369646,-0.586356,0.068867,-0.341431,0.152008,-0.421001,-0.112962,-0.05246,0.051371,0.321963,-0.007074,-0.438061,-0.25563,0.14036,0.373312,0.487509,-0.391037,0.068867,0.47256,-0.790523,0.068867,-0.253481,0.156076,0.0,#
3,-0.209382,-0.3513,0.409548,1.0,0.11703,-0.566213,-0.377127,-0.22079,-0.240712,-0.17744,0.392072,-0.221141,0.263302,-0.433737,-0.209863,-0.477294,0.043122,-0.332817,-0.245675,0.21403,0.362739,-0.758461,-0.073,-0.508669,-0.002342,0.071026,-0.052737,-0.525488,-0.342119,-0.180652,0.584367,0.094571,-0.508669,0.000101,-0.368827,-0.377627,0.105855,-0.381797,0.000101,0.300198,0.203544,-0.032128,0.030559,-0.521024,0.0,0.223416,0.1803,-0.277485,-0.117616,-0.514195,-0.424545,-0.181795,0.200262,0.378095,-0.347505,0.273967,0.023017,0.15664,-0.110828,-0.345368,-0.490362,-0.386439,0.328971,-0.514195,-0.248995,-0.433737,0.037473,-0.18405,-0.615096,0.10778,-0.103351,0.824789,0.21403,0.784826,0.193111,-0.259001,0.170527,-0.116413,0.015257,0.533766,0.125579,0.303897,0.198462,0.348353,0.347872,-0.165654,0.284136,0.383149,-0.089825,0.640878,0.087872,0.640878,0.176126,-0.314745,0.015257,0.541507,0.143369,-0.033827,0.2465,0.784826,0.15664,-0.080469,0.784826,-0.203814,0.170527,0.326062,-0.281015,0.767811,0.505513,0.533766,-0.147612,-0.508669,-0.116413,0.205368,0.250571,0.055591,0.401238,0.394644,0.160741,0.176126,0.401238,0.050078,0.457195,-0.072533,0.105607,-0.054251,-0.525024,-0.32284,0.552336,0.439012,0.997038,-0.080197,-0.197238,-0.179346,0.420107,0.439012,-0.508669,0.658838,-0.17024,0.795554,0.438892,0.064179,0.538504,-0.355061,0.244149,0.601892,0.251289,-0.37967,0.523159,0.67606,-0.342228,0.051516,0.14901,-0.508669,0.997038,0.0,-0.034984,-0.575223,0.795554,-0.204437,-0.647161,-0.33378,0.420107,-0.459742,0.053665,-0.549048,0.29945,-0.499384,-0.07214,0.342379,-0.084777,-0.369205,-0.487765,-0.141372,-0.191687,0.348353,-0.080197,0.078895,-0.287769,0.279961,-0.085538,-0.096239,-0.219736,-0.213896,0.236352,-0.384107,0.235394,-0.308017,0.328088,-0.492829,0.121057,-0.040043,-0.208836,-0.287769,-0.147949,-0.236695,-0.287769,0.346822,-0.316906,0.0,#
4,-0.046991,0.546355,0.645049,0.11703,1.0,-0.533313,0.524935,-0.407627,0.199595,0.612984,-0.035168,-0.050219,0.399206,0.053138,0.591828,-0.64997,-0.276531,0.13341,-0.03491,0.407976,0.122393,0.033398,0.472361,0.380778,-0.529898,0.07462,0.227349,-0.53376,-0.137074,0.402578,-0.386698,-0.2619,0.380778,0.0,0.078456,0.133822,-0.213874,-0.243038,0.0,0.101994,-0.005548,0.471161,-0.368905,0.399817,0.0,-0.432975,0.339049,0.412414,-0.313806,0.118294,-0.066589,-0.403803,-0.05749,0.110452,0.378425,-0.475634,-0.802883,0.468579,-0.607665,-0.398923,-0.195719,-0.50542,-0.554538,0.118294,-0.187029,0.053138,0.10125,-0.051292,0.136286,0.032153,-0.163065,-0.123717,0.407976,-0.198499,-0.001872,0.224457,-0.033145,-0.605694,0.019835,-0.381042,-0.289586,-0.198499,-0.421558,-0.324163,-0.172807,-0.44207,0.377934,0.19649,-0.609165,0.007576,-0.325645,0.007576,-0.417025,0.124883,-0.381042,0.183926,0.558802,0.329926,0.399414,0.25466,-0.085196,-0.115023,-0.198499,0.386735,-0.435616,-0.613558,-0.361135,-0.272075,0.141858,0.508404,0.398851,-0.271984,-0.230555,-0.435616,0.363805,0.141858,-0.533884,-0.548368,0.222957,-0.417025,-0.533884,-0.325645,-0.062456,-0.244431,0.273331,-0.156642,-0.533288,-0.516743,-0.376174,0.382959,0.085263,-0.533895,-0.814413,-0.548303,-0.106772,-0.097537,0.380778,0.424668,0.149686,0.363805,-0.115023,0.397045,0.156103,-0.482911,-0.581168,0.250617,0.40933,0.295799,-0.401712,0.021554,-0.169539,-0.261552,0.156117,-0.271984,0.085263,0.0,0.663656,0.467364,0.363805,-0.407742,-0.030053,0.15029,0.34701,0.153078,-0.381042,0.348178,-0.407768,0.587078,0.239168,0.632197,-0.207923,0.185753,0.340326,-0.426721,0.38719,-0.324163,-0.533895,-0.672745,0.37646,-0.075631,-0.134439,-0.164235,0.086634,0.371434,0.375173,0.288674,-0.00418,-0.180025,-0.149104,0.230549,0.075743,0.783632,-0.401356,0.37646,0.569296,-0.815357,0.37646,-0.182666,-0.127354,0.0,#
5,0.254754,-0.019425,-0.799297,-0.566213,-0.533313,1.0,-0.014396,0.273557,-0.180633,-0.326477,0.075835,-0.146444,-0.653032,0.463927,-0.326719,0.910724,0.367158,-0.102808,0.176742,-0.217869,-0.326804,0.307281,-0.313488,-0.217869,0.462078,-0.527411,-0.306467,0.995477,0.373985,-0.186542,-0.099322,-0.056193,-0.217869,5e-05,0.44549,0.344965,-0.061295,0.409781,5e-05,0.190291,-0.187324,-0.416047,0.473194,0.547768,0.0,0.139825,-0.123855,-0.131763,0.352233,0.527261,0.436512,0.214204,-0.168125,-0.234685,-0.142738,0.270589,0.421745,-0.185814,0.563701,0.357199,0.546806,0.662429,0.421377,0.527261,0.268305,0.463927,-0.050526,0.201761,0.275213,-0.021517,-0.303274,-0.279564,-0.217869,-0.357086,0.218928,0.285318,0.229109,0.554919,-0.023393,-0.044564,-0.5329,0.102403,0.209308,0.150401,0.085204,-0.211933,-0.213245,-0.79884,0.541495,-0.220275,-0.041561,-0.220275,0.219217,-0.074955,0.45083,-0.5329,-0.532136,-0.427642,-0.652314,-0.357086,-0.185814,0.069024,-0.357086,-0.201411,0.229109,0.093708,0.335032,-0.315016,-0.086502,-0.518787,-0.211635,0.554325,0.111142,-0.202991,-0.738134,-0.068646,0.040809,0.074267,-0.111357,0.219217,0.040809,0.427169,-0.427669,0.119543,-0.08082,0.100299,0.544025,0.376961,0.214204,-0.42766,-0.526956,0.509995,0.227188,0.315701,-0.427642,-0.42766,-0.217869,-0.652704,-0.499131,-0.759762,-0.427183,-0.334993,-0.532447,0.529101,0.317645,-0.4752,-0.652704,0.051806,0.224266,-0.65309,0.36515,0.352001,-0.532643,0.499168,-0.526956,0.0,-0.325826,0.061714,-0.759762,0.234658,0.248108,-0.07507,-0.427642,0.042739,-0.025511,-0.149948,0.20496,0.342814,-0.339414,-0.326099,0.103023,0.430811,0.059454,0.224266,-0.15114,0.150401,0.509995,0.391596,0.358248,0.151084,0.160942,0.613284,0.245699,0.265751,-0.159747,-0.160844,-0.157678,0.352508,0.090364,0.141344,-0.516488,-0.386432,0.662295,0.358248,-0.199292,0.670782,0.358248,0.100218,-0.261569,0.0,#
6,0.384291,0.58961,0.185775,-0.377127,0.524935,-0.014396,1.0,0.172202,0.513208,0.052628,-0.044646,0.422479,-0.053292,0.100586,0.570964,-0.129283,-0.283519,0.122812,-0.06703,0.393773,-0.407076,0.634594,0.313841,0.367167,-0.528729,0.060114,0.252578,-0.064745,-0.082159,0.393937,-0.872268,0.191294,0.367167,-2.4e-05,0.256557,0.117882,-0.063284,0.285792,-2.4e-05,0.091792,-0.021166,0.599333,-0.351014,0.589981,0.0,-0.439212,0.38476,0.537376,0.188031,0.166856,-0.011144,-0.415386,0.067897,-0.45925,0.358359,0.08771,-0.306574,-0.114274,-0.1701,0.36158,-0.195311,-0.23439,-0.365678,0.166856,0.177214,0.100586,0.08617,-0.240365,0.189243,-0.04655,0.291325,-0.683391,0.393773,-0.21369,-0.446227,0.198013,-0.048357,-0.183868,-0.004902,0.060456,-0.296297,-0.21369,-0.428332,-0.837925,-0.623236,-0.023519,0.314658,0.172701,-0.191635,-0.442066,-0.362972,-0.442066,-0.423897,0.550526,0.060456,-0.280984,0.086391,0.312299,-0.069039,-0.21369,-0.114274,-0.122952,-0.21369,0.798061,-0.442066,-0.619707,0.260923,-0.734463,0.125754,-0.004902,0.355318,0.473592,-0.245031,-0.442066,-0.218399,0.125754,-0.532706,-0.574692,-0.007558,-0.423897,-0.532706,-0.362972,-0.532717,-0.258507,-0.166638,-0.191635,-0.073853,0.175627,-0.388359,-0.105858,-0.411207,-0.532717,-0.3976,0.082275,-0.114893,-0.105858,0.367167,-0.039385,0.126346,-0.218399,-0.122952,-0.153802,-0.244525,-0.055113,-0.623193,0.112774,-0.054389,0.438288,-0.470948,-0.423897,0.329343,-0.268884,-0.301477,-0.271384,-0.411207,0.0,0.66217,0.610347,-0.218399,0.134647,0.379528,0.576034,0.32901,0.105244,0.060456,0.336935,-0.406869,0.582669,-0.228846,0.062312,-0.221849,0.183659,-0.146804,-0.495413,0.395111,-0.837925,-0.532717,-0.240553,0.376227,-0.542296,-0.117512,0.315771,0.078071,0.379269,0.374961,0.218083,0.011859,0.314658,-0.602955,0.238895,0.029226,0.30824,0.011559,0.376227,0.677844,-0.360863,0.376227,0.234518,0.107777,0.0,#
7,0.498687,0.166604,-0.098537,-0.22079,-0.407627,0.273557,0.172202,1.0,0.527663,-0.249537,-0.320582,0.554105,-0.003228,0.38183,-0.249721,0.203887,-0.407099,0.359523,0.311312,-0.166524,0.351551,0.45855,0.395566,-0.166524,-0.324433,-0.403116,0.451344,0.215444,0.31712,0.506891,-0.182791,0.621602,-0.166524,1.4e-05,0.076246,-0.407627,0.189986,-0.333541,1.4e-05,-0.249786,-0.124546,0.308918,0.308558,-0.105039,0.0,-0.490169,0.587176,0.47797,-0.112826,-0.111956,-0.2496,0.270846,0.04054,-0.328986,-0.346988,0.121854,0.362429,-0.968005,0.381586,0.31402,0.405574,0.687659,0.061621,-0.111956,0.145491,0.38183,-0.402942,0.096372,0.289177,0.307682,0.320142,-0.334465,-0.166524,-0.096831,-0.498519,0.137425,-0.498629,-0.113866,-0.760606,0.323607,0.111811,-0.610626,-0.007563,-0.082418,-0.106577,0.508256,0.245477,-0.08665,0.394453,-0.498629,0.305857,-0.498629,-0.499176,0.638995,-0.230336,-0.407312,0.111651,-0.32686,-0.498584,-0.610626,-0.34013,-0.326509,-0.096831,0.005861,-0.498629,-0.10174,0.225966,-0.062142,-0.407312,-0.760606,0.50754,0.696934,-0.610091,0.003865,-0.36519,-0.407312,-0.326874,0.38522,-0.033789,-0.499176,-0.326874,-0.239235,0.207641,-0.607032,-0.482251,0.394453,0.204631,0.027792,0.270846,-0.326874,-0.21594,-0.32688,0.484885,0.049514,-0.32686,0.217916,-0.166524,-0.498882,0.285607,-0.36519,0.228343,-0.668681,-0.406966,-0.228136,0.219291,0.142075,-0.498882,0.605558,0.140006,-0.001913,-0.383086,-0.407622,0.104237,-0.166524,-0.21594,0.0,0.405651,0.409227,-0.36519,0.377966,-0.006155,0.104756,-0.32686,0.132738,0.323607,-0.11461,-0.249659,-0.223205,-0.610626,-0.249247,-0.103533,0.221292,-0.326358,0.140006,0.511685,-0.082418,-0.32688,0.594813,0.249178,-0.583329,0.438107,0.280522,-0.208955,0.036908,0.248978,0.346744,0.49908,0.245477,-0.610941,0.418237,0.332539,-0.295362,0.486475,0.249178,0.046725,0.512699,0.249178,-0.10904,0.286775,0.0,#
8,0.766707,0.501962,0.34478,-0.240712,0.199595,-0.180633,0.513208,0.527663,1.0,0.10088,-0.513935,0.373277,0.495483,0.513166,0.111184,-0.294133,-0.652633,0.585657,0.467379,0.458474,0.165399,0.474069,0.781159,0.429457,-0.520109,-0.215416,0.659455,-0.214115,0.394767,0.779574,-0.667678,0.548756,0.429457,-2.6e-05,0.224801,-0.244344,-0.135021,-0.160977,-2.6e-05,0.143636,0.408993,0.569577,0.029393,0.075473,0.0,-0.785805,0.448093,0.83487,-0.295908,-0.39388,-0.108017,-0.288641,-0.037399,0.147776,-0.198851,-0.198011,0.092481,-0.502188,0.180195,0.354446,0.183593,0.123821,-0.450671,0.078444,0.393705,0.513166,-0.183019,0.331115,0.499081,0.535816,0.57868,-0.402486,-0.26696,-0.08223,-0.399795,0.219222,-0.395238,-0.277658,-0.346158,0.050342,0.236306,-0.565695,-0.337659,-0.515617,-0.099273,0.36324,0.346988,0.340043,0.198479,-0.395238,-0.409016,-0.395238,-0.800244,0.985075,-0.4709,-0.235471,0.652871,-0.086574,0.011584,-0.565695,0.088622,-0.077199,-0.08223,0.319896,-0.395238,-0.090824,0.303753,-0.444732,-0.235471,-0.346158,0.775859,0.226335,-0.160925,0.077593,-0.01062,-0.235471,-0.524021,-0.221742,0.292035,-0.800244,-0.524021,-0.92193,-0.021064,-0.621259,0.000753,0.198479,-0.219995,0.1456,-0.259165,-0.524021,-0.268732,-0.524032,-0.051729,-0.005177,-0.068348,-0.011392,0.429457,-0.390682,0.300914,-0.01062,0.444899,-0.324313,-0.652419,-0.120214,-0.672181,0.294116,-0.407045,0.606003,-0.476938,-0.332335,-0.238604,-0.65347,0.223311,-0.26696,-0.268732,0.0,0.592585,0.58973,-0.01062,-0.041656,-0.120804,0.052514,-0.068348,0.339052,0.050342,0.437367,-0.400235,0.074692,-0.582224,0.111391,-0.124178,0.340474,-0.103239,-0.503619,0.793211,-0.515617,-0.524032,0.079798,0.3669,-0.935152,-0.204503,-0.192614,-0.403603,-0.107306,0.365555,0.233272,0.371948,0.346988,-0.979417,0.643159,0.492034,-0.083102,0.362554,0.3669,0.185452,-0.042084,0.3669,-0.270939,0.125444,0.0,#
9,-0.038355,0.58205,0.375962,-0.17744,0.612984,-0.326477,0.052628,-0.249537,0.10088,1.0,-0.320537,-0.04981,0.492723,0.29741,0.33733,-0.397891,-0.407041,0.361064,0.315096,-0.1665,0.399601,0.289154,0.549288,0.632701,-0.324387,0.09136,0.376951,-0.326751,0.22021,0.508366,-0.160137,-0.407745,0.632701,0.0,0.027445,0.06195,-0.445802,-0.406047,0.0,-0.24975,-0.023774,0.273511,-0.204853,0.15435,0.0,-0.490099,0.048602,0.44526,-0.712862,0.3443,0.267172,0.273216,-0.091846,0.129139,0.256653,-0.910675,-0.762242,0.287853,-0.610451,-0.672844,0.370742,-0.160431,-0.733041,0.3443,-0.383014,0.29741,-0.402884,0.281101,0.258958,0.314929,-0.120839,-0.308845,-0.1665,-0.610539,0.037813,0.199863,-0.498558,-0.610005,-0.269689,-0.760498,0.052703,-0.610539,-0.499114,-0.036081,-0.066262,-0.04273,0.251065,-0.146276,-0.609681,0.044059,-0.172308,0.044059,-0.499105,0.066585,-0.760498,0.153319,0.612397,0.175172,0.512756,-0.055719,-0.390156,-0.326463,-0.610539,-0.031647,-0.498558,-0.610352,-0.625617,-0.020444,-0.407254,0.328484,0.512034,-0.1665,-0.150707,-0.498558,0.242297,-0.407254,-0.326827,-0.061035,0.441895,-0.499105,-0.326827,-0.172308,0.250367,-0.203117,0.151132,-0.055641,-0.326463,-0.652946,-0.538626,0.261462,-0.172308,-0.326834,-0.498558,-0.770321,-0.326813,-0.326827,0.632701,0.050468,0.28799,0.242297,-0.326463,0.284149,0.073983,-0.344893,-0.324991,0.15342,0.501158,0.19754,-0.587518,0.037863,-0.428395,-0.407563,0.598198,-0.1665,-0.172308,0.0,0.373146,0.396646,0.242297,-0.249607,-0.04273,0.066687,-0.326813,0.391997,-0.760498,0.655474,-0.249623,0.423208,0.399518,0.436854,-0.136469,0.194143,0.742985,0.147358,0.480527,-0.036081,-0.326834,-0.395207,0.211771,-0.020444,-0.07168,-0.316808,-0.247496,0.467534,0.210396,0.353434,0.007677,-0.432065,-0.063192,0.386815,0.337453,0.750545,-0.478923,0.211771,0.349314,-0.499136,0.211771,-0.610491,-0.083401,0.0,#
10,-0.125762,-0.522523,0.040428,0.392072,-0.035168,0.075835,-0.044646,-0.320582,-0.513935,-0.320537,1.0,-0.17356,-0.641149,-0.470641,0.289898,0.215215,0.443568,-0.971903,-0.336307,-0.213905,-0.320857,-0.318947,-0.628926,-0.213905,0.522149,0.233575,-0.462982,0.123219,-0.696151,-0.641175,0.387663,-0.188325,-0.213905,2.9e-05,-0.315748,0.453273,-0.315576,0.25626,2.9e-05,0.277757,0.242416,-0.522831,-0.425536,0.078388,0.0,0.664925,-0.285769,-0.631003,0.111127,0.327018,-0.375935,0.089061,-0.284332,-0.111897,-0.310482,0.471712,-0.12707,0.236455,-0.272147,0.071093,-0.278432,-0.314215,0.222509,-0.192652,-0.161947,-0.470641,-0.135573,-0.644894,-0.744715,-0.387985,-0.419421,0.273847,0.584247,0.538634,0.171488,-0.322873,0.332146,0.063759,0.449358,0.449358,-0.191321,0.538634,0.624687,0.21101,-0.282533,-0.311574,0.353782,0.043231,-0.272514,0.180968,-0.116604,0.180968,0.639226,-0.522759,0.449358,-0.191321,-0.522453,0.475007,-0.311574,0.538634,0.236455,-0.064685,0.538634,0.192086,0.180968,0.047489,0.099381,0.362142,0.813515,0.449358,-0.639542,-0.213905,0.063759,-0.319251,-0.283628,-0.035141,0.470737,0.047489,0.045994,0.639226,0.470737,0.42602,-0.07816,0.561508,-0.08197,-0.783264,-0.064685,0.178988,0.089061,0.092315,0.42602,0.112214,-0.319251,0.365472,-0.057653,0.440608,-0.213905,0.162598,-0.634044,0.342329,-0.064685,-0.354152,0.321316,0.05511,0.319406,0.34419,0.162598,-0.502369,0.230265,0.144214,0.36626,0.775913,-0.196036,-0.213905,0.42602,0.0,-0.230723,-0.507581,0.342329,0.098479,-0.156811,0.321806,0.475007,-0.941077,-0.102077,-0.239506,0.29471,0.072519,0.027165,-0.320165,0.211858,-0.034355,-0.419216,0.230265,-0.64287,0.21101,0.453941,-0.029306,-0.048668,0.435931,0.020617,0.584867,0.2832,0.33753,-0.060514,-0.491502,-0.643291,-0.05066,0.511737,-0.774535,-0.619399,0.115049,-0.148749,-0.048668,0.03349,-0.156237,-0.048668,0.564787,-0.366079,0.0,#
11,0.203395,0.025621,-0.034421,-0.221141,-0.050219,-0.146444,0.422479,0.554105,0.373277,-0.04981,-0.17356,1.0,0.163213,-0.176586,0.456032,-0.287538,-0.056129,0.266959,-0.402774,-0.332401,0.007791,0.518715,0.140802,0.290851,-0.647607,0.314323,0.030283,-0.195698,0.027991,0.212886,-0.254244,0.052852,0.290851,2.3e-05,0.194763,-0.050219,-0.052992,-0.116993,2.3e-05,-0.498602,-0.307758,0.647489,-0.201457,-0.156274,0.0,-0.276433,0.208524,0.230821,-0.105553,-0.137835,-0.401232,0.365865,-0.13388,-0.378322,-0.034932,0.017779,-0.152278,-0.504025,0.018447,0.453495,-0.010343,0.050044,-0.417247,-0.560538,0.329121,-0.176586,-0.079272,-0.101212,-0.101058,0.085344,0.358914,-0.542605,0.31682,-0.00037,-0.995103,0.273343,-0.226769,-0.403513,-0.288262,0.242012,0.379806,-0.433043,-0.20647,-0.363907,-0.408861,0.601471,-0.017986,0.385772,0.020865,-0.611045,0.213036,-0.611045,-0.235861,0.437716,-0.22447,-0.416049,-0.017163,0.172288,-0.246401,-0.433043,0.024716,-0.65175,-0.00037,0.196871,-0.611045,-0.401104,0.420638,-0.115914,-0.416049,-0.288262,0.207787,0.394727,-0.46321,-0.187889,-0.058383,-0.019056,-0.235857,0.00897,-0.442617,-0.235861,-0.235857,-0.245992,-0.202365,-0.100101,-0.153891,0.020865,-0.204471,0.097411,-0.267246,0.180765,-0.226376,-0.243723,0.217184,0.216201,-0.219183,0.222917,0.290851,-0.217837,0.394254,-0.058383,-0.184503,-0.394086,0.005,-0.353495,-0.014738,0.177072,0.133631,0.354317,-0.325348,0.182891,-0.05281,-0.427717,-0.028708,-0.332401,-0.226376,0.0,0.441765,0.338327,-0.058383,0.030201,0.561669,0.396973,-0.219183,0.099017,0.242012,0.282393,-0.025585,-0.100373,-0.078029,-0.497527,0.357752,-0.028723,-0.275613,0.247741,0.189085,-0.363907,-0.652492,0.405347,-0.017486,-0.367249,0.062938,0.193813,-0.008523,0.183697,0.466929,0.39024,0.213932,0.465802,-0.452936,-0.004892,0.215551,0.181097,-0.180518,-0.017486,0.047167,0.223871,-0.017486,0.004902,0.542378,0.0,#
12,0.160136,0.36308,0.407275,0.263302,0.399206,-0.653032,-0.053292,-0.003228,0.495483,0.492723,-0.641149,0.163213,1.0,0.191134,-0.033489,-0.795876,-0.421644,0.722896,0.115822,0.327753,0.531278,-0.070013,0.702201,0.301322,-0.648851,0.012797,0.407205,-0.653579,0.458151,0.600417,-0.11343,0.002011,0.301322,-4.8e-05,0.182986,-0.442556,-0.070084,-0.516168,-4.8e-05,-0.003965,0.106751,0.639925,0.193293,-0.339121,0.0,-0.623057,0.27017,0.539097,-0.507337,-0.621331,0.025261,-0.123716,0.149211,0.541141,-0.023805,-0.531265,-0.200881,0.055886,-0.024227,-0.285307,-0.006699,-0.207384,-0.439284,-0.191094,0.119813,0.191134,0.037531,0.580434,0.228595,0.633056,0.334452,0.123509,-0.33304,-0.004517,-0.207552,0.299631,-0.237989,-0.436908,-0.294617,-0.209397,0.399506,-0.444902,-0.576966,-0.091646,0.404153,0.205948,0.007415,0.388043,-0.00451,0.19271,-0.163324,0.19271,-0.611273,0.411458,-0.684194,0.414718,0.819511,-0.255256,0.582797,-0.004517,0.055886,-0.246527,-0.004517,-0.240765,-0.237989,-0.016211,-0.218437,0.132489,-0.434303,0.180179,0.62243,-0.33304,-0.072343,0.19271,0.482301,-0.030234,-0.229684,0.047142,0.202728,-0.611273,-0.229684,-0.630534,0.262555,-0.488056,0.403066,0.435256,-0.653002,-0.416549,-0.096866,0.237267,0.236001,-0.23769,-0.175409,-0.512414,0.202337,-0.18678,0.301322,0.206814,0.42123,0.482301,0.229049,0.331015,-0.016247,-0.38326,-0.443646,0.311746,0.191909,0.21268,-0.291652,0.241158,-0.574906,-0.815223,0.421996,-0.33304,0.236001,0.0,0.356278,0.192204,0.482301,-0.499273,-0.234965,-0.438748,-0.238654,0.564043,-0.209397,0.291065,-0.018115,-0.190461,-0.019573,0.511515,-0.034163,-0.053186,0.196049,-0.315956,0.587442,-0.091646,-0.653745,-0.002233,-0.025708,-0.314232,-0.371297,-0.649216,-0.512297,-0.234424,0.467347,0.183321,0.608144,-0.042405,-0.397029,0.396652,0.6729,0.182267,-0.189279,-0.025708,-0.104232,-0.206017,-0.025708,-0.429495,0.033387,0.0,#
13,0.642288,0.539568,-0.124114,-0.433737,0.053138,0.463927,0.100586,0.38183,0.513166,0.29741,-0.470641,-0.176586,0.191134,1.0,-0.264015,0.250537,-0.320771,0.531298,0.718658,0.197344,0.338304,0.344532,0.635727,0.169152,-0.082388,-0.809855,0.379487,0.458835,0.778573,0.660972,-0.366194,0.1173,0.169152,0.0,0.5344,0.053138,-0.283979,-0.243169,0.0,0.296016,0.130824,0.065678,0.559293,0.513734,0.0,-0.695203,0.368972,0.648214,-0.369161,0.190163,0.360904,-0.001101,-0.239812,0.296016,-0.279131,-0.429022,0.081105,-0.251339,0.372749,-0.017229,0.810196,0.650002,-0.146561,0.649052,0.2608,1.0,-0.290858,0.707191,0.770532,0.603227,-0.142334,-0.262302,-0.507455,-0.537962,0.213419,0.553087,-0.225764,-0.070883,-0.476117,-0.406864,-0.377233,-0.537962,-0.190148,0.081453,0.358239,-0.213031,0.210081,-0.579275,0.380855,-0.225764,-0.347123,-0.225764,-0.629446,0.534481,-0.406864,-0.361008,0.502256,-0.57107,-0.261264,-0.537962,-0.251339,-0.054193,-0.537962,-0.25144,-0.225764,-0.085459,0.012426,-0.366516,-0.379261,-0.476117,0.658262,0.28192,-0.13569,-0.208096,-0.341473,-0.361008,-0.517204,-0.037761,0.402712,-0.629446,-0.517204,-0.36629,-0.018795,-0.573876,0.201062,0.398895,-0.002168,-0.153361,0.027537,-0.498048,-0.4174,-0.037589,-0.16098,-0.328593,-0.553363,-0.498048,0.169152,-0.657787,-0.155154,-0.363583,-0.054193,-0.207543,-0.833038,0.027808,-0.242413,-0.088323,-0.673685,0.585335,-0.142576,-0.611961,-0.348971,-0.337158,0.077913,0.225536,-0.4174,0.0,0.304461,0.579121,-0.363583,-0.186985,-0.213031,-0.372199,-0.553363,0.48048,-0.387386,0.25418,-0.21737,0.462932,-0.535955,0.317717,-0.103315,0.780484,0.408009,-0.168499,0.69411,0.081453,-0.037589,0.146177,0.760649,-0.366516,0.03259,0.084505,-0.172795,0.24333,0.229791,0.179235,0.276226,0.210081,-0.488619,0.833079,0.047978,-0.045126,0.691601,0.760649,-0.034228,0.277526,0.760649,-0.532196,-0.354575,0.0,#
14,-0.028983,0.057501,0.375467,-0.209863,0.591828,-0.326719,0.570964,-0.249721,0.111184,0.33733,0.289898,0.456032,-0.033489,-0.264015,1.0,-0.398185,0.078236,-0.209284,-0.370791,-0.166623,-0.249935,0.300343,-0.001864,0.649491,-0.324627,0.513114,-0.146304,-0.326993,-0.424479,-0.025364,-0.304656,-0.408046,0.649491,1.5e-05,0.030828,0.591828,-0.455678,0.080079,1.5e-05,-0.249935,-0.014219,0.276151,-0.761564,0.291726,0.0,-0.030845,-0.12424,0.025968,-0.240696,0.321565,-0.385567,0.074134,-0.49393,-0.182382,0.20682,-0.278731,-0.762805,0.261477,-0.610902,0.153392,-0.149127,-0.458713,-0.745516,-0.231941,0.100139,-0.264015,0.003707,-0.381307,-0.155233,-0.287826,-0.111056,-0.472267,0.683496,-0.096485,-0.498817,0.136232,0.004262,-0.610455,0.294844,-0.206352,0.062136,-0.096485,-0.007182,-0.35493,-0.610761,-0.033453,0.212555,0.387749,-0.610132,-0.498926,-0.215641,-0.498926,-0.001523,0.076304,-0.206352,-0.407555,0.062047,0.752894,-0.033453,-0.096485,0.261477,-0.326704,-0.096485,0.506136,-0.498926,-0.610803,0.184538,-0.307373,0.112286,0.294844,-0.033406,-0.166623,-0.141438,-0.498926,0.204014,0.112286,-0.327069,-0.610803,-0.180084,-0.001523,-0.327069,-0.215641,-0.327075,0.326586,0.153889,-0.610132,-0.326704,-0.01698,-0.754889,0.218474,-0.215641,-0.327075,-0.498926,0.102119,-0.327055,0.218474,0.649491,0.010187,0.087691,0.204014,-0.326704,-0.041818,0.127929,-0.337098,-0.374413,0.153533,0.470415,0.164739,-0.653693,-0.001523,0.221737,0.097507,0.055302,-0.166623,-0.215641,0.0,0.441789,0.366926,0.204014,-0.249792,0.48167,0.612376,0.240285,-0.215511,-0.206352,0.613176,-0.249808,0.49541,0.368386,-0.249396,0.374925,0.197005,0.165583,0.096735,-0.048805,-0.35493,-0.327075,-0.428777,0.211165,-0.061769,-0.082143,0.125417,0.366956,0.467254,0.209764,0.307313,-0.524987,0.212555,-0.109413,-0.147325,-0.255421,0.750393,-0.511728,0.211165,0.348779,-0.499505,0.211165,-0.08629,0.245871,0.0,#
15,0.114688,-0.134343,-0.684776,-0.477294,-0.64997,0.910724,-0.129283,0.203887,-0.294133,-0.397891,0.215215,-0.287538,-0.795876,0.250537,-0.398185,1.0,0.253281,-0.31675,0.265681,-0.265526,-0.398289,0.238068,-0.452654,-0.265526,0.693686,-0.326596,-0.201338,0.90611,0.094273,-0.328029,0.00853,0.11916,-0.265526,-5e-05,0.059268,0.230875,0.051588,0.499971,-5e-05,0.120316,-0.027222,-0.626515,0.259668,0.338896,0.0,0.354903,-0.262596,-0.270854,0.426467,0.527577,0.401727,0.200133,-0.004991,-0.36267,-0.084791,0.381598,0.513551,-0.21893,0.392955,0.266648,0.376034,0.534918,0.514275,0.527577,0.000853,0.250537,-0.164449,-0.070707,0.112315,-0.210571,-0.165681,-0.194273,-0.265526,-0.245974,0.35386,-0.133634,0.088983,0.671385,0.068581,0.047349,-0.361943,0.214858,0.341261,0.133857,-0.086901,-0.068419,-0.143792,-0.683393,0.370901,-0.083398,0.045338,-0.083398,0.354326,-0.190086,0.54419,-0.361943,-0.648536,-0.207388,-0.510087,-0.245974,-0.21893,0.284345,-0.245974,-0.050753,0.367298,0.203368,0.19353,-0.191979,0.08576,-0.42826,-0.352836,0.508925,0.226312,-0.066064,-0.672685,-0.183857,0.250372,0.183869,0.012347,0.354326,0.250372,0.515437,-0.225164,0.23699,-0.349332,-0.071584,0.760734,0.460143,0.200133,-0.521207,-0.441475,0.419187,0.365372,0.386528,-0.207388,-0.219467,-0.265526,-0.513746,-0.41926,-0.694377,-0.213312,-0.347773,-0.35293,0.646598,0.381242,-0.433263,-0.513746,-0.151876,0.265455,-0.52053,0.438972,0.517454,-0.365933,0.453607,-0.441475,0.0,-0.49859,-0.145608,-0.694377,0.527983,0.108051,0.106061,-0.207388,-0.164002,0.066458,-0.215109,0.135065,0.133241,-0.22825,-0.39743,-0.078256,0.167336,-0.032524,0.265455,-0.29972,0.133857,0.71524,0.271742,0.07786,0.139639,0.228888,0.514986,0.164723,0.118622,-0.452761,-0.260136,-0.306287,0.073229,0.195718,-0.035385,-0.423427,-0.491302,0.519823,0.07786,-0.090266,0.531785,0.07786,0.218292,-0.180411,0.0,#
16,-0.354972,-0.663539,-0.605974,0.043122,-0.276531,0.367158,-0.283519,-0.407099,-0.652633,-0.407041,0.443568,-0.056129,-0.421644,-0.320771,0.078236,0.253281,1.0,-0.422846,-0.706165,-0.271632,-0.407448,-0.405022,-0.798657,-0.271632,0.369072,0.075793,-0.996073,0.415495,-0.085417,-0.814212,0.43365,-0.665204,-0.271632,-2.3e-05,0.378695,0.610854,-0.090078,0.377838,-2.3e-05,0.125662,-0.332181,-0.394501,0.165891,0.147724,0.0,0.690369,-0.526074,-0.801294,0.399611,0.147635,-0.014377,0.160082,-0.396881,0.158076,-0.095191,0.350526,0.092657,0.487746,0.324599,0.32803,-0.095015,-0.013978,0.351177,-0.265584,0.429373,-0.320771,0.540225,0.001672,-0.344362,-0.350523,-0.569148,0.281486,0.363023,0.243024,0.06735,0.307015,0.843941,0.326984,0.586292,0.095198,-0.260794,0.698526,0.424947,0.415337,0.289352,-0.413338,-0.585546,-0.196945,0.313981,0.022804,0.073158,0.022804,0.825797,-0.663838,0.586292,-0.260794,-0.66345,-0.109624,-0.413338,0.243024,0.487746,-0.040699,0.243024,-0.419798,0.468287,0.301729,0.452461,0.122023,0.183907,0.095198,-0.812139,-0.271632,0.326984,0.022804,-0.104966,0.587516,0.37335,-0.149254,-0.638212,0.825797,0.37335,0.556405,-0.533204,0.727773,0.50925,-0.140881,-0.040699,0.29588,0.160082,0.297645,0.073158,0.830128,0.022804,0.48837,-0.092682,-0.125919,-0.271632,-0.038027,-0.572024,-0.104966,-0.532598,0.152696,0.151154,0.236636,0.42315,-0.395321,-0.038027,-0.434213,0.315859,-0.055893,0.483145,0.607206,-0.664083,0.439181,0.073158,0.0,-0.554504,-0.435331,-0.104966,-0.407215,0.427273,-0.264736,-0.109624,-0.243196,0.095198,-0.276057,0.621463,0.079173,0.243024,-0.40657,0.691646,0.058948,-0.050135,0.315859,-0.800492,0.415337,0.414547,0.198029,-0.054131,0.767432,-0.13135,0.33603,0.601319,0.025904,-0.073831,-0.30412,-0.39544,0.467146,0.66705,-0.549127,-0.805743,-0.098511,0.044307,-0.054131,-0.611993,0.423914,-0.054131,0.267539,-0.145959,0.0,#
17,0.240523,0.56954,-0.015616,-0.332817,0.13341,-0.102808,0.122812,0.359523,0.585657,0.361064,-0.971903,0.266959,0.722896,0.531298,-0.209284,-0.31675,-0.422846,1.0,0.282382,0.24095,0.382938,0.335791,0.714877,0.24095,-0.650533,-0.297815,0.441911,-0.14636,0.7646,0.722242,-0.416973,0.129034,0.24095,-5.2e-05,0.450356,-0.414272,0.191446,-0.337663,-5.2e-05,-0.197923,-0.243986,0.645633,0.467725,-0.009421,0.0,-0.772656,0.386537,0.706039,-0.210853,-0.346332,0.314244,-0.072621,0.198159,0.182182,0.204353,-0.497567,0.039611,-0.238279,0.295127,-0.046674,0.321172,0.307976,-0.293817,0.13925,0.256511,0.531298,0.112426,0.715769,0.715675,0.520853,0.361449,-0.286202,-0.504847,-0.496097,-0.26571,0.489797,-0.294227,-0.18154,-0.505795,-0.404504,0.134338,-0.606386,-0.669135,-0.213415,0.325444,0.254174,-0.261029,-0.03603,0.297974,-0.204341,0.029685,-0.204341,-0.719708,0.590978,-0.523411,0.115766,0.607055,-0.522493,0.252129,-0.514479,-0.215816,-0.11425,-0.496097,-0.221443,-0.294227,-0.126788,-0.048991,-0.339978,-0.805618,-0.406706,0.722445,0.212265,-0.165055,0.191158,0.222211,0.022905,-0.530788,-0.051969,-0.032594,-0.719708,-0.530788,-0.496847,0.022523,-0.632147,0.189139,0.775222,-0.131895,-0.244774,-0.072621,-0.024038,-0.362506,-0.137898,0.175178,-0.411095,-0.043916,-0.464737,0.24095,-0.189056,0.552979,-0.250206,0.004852,0.27764,-0.36814,-0.166937,-0.356901,-0.21145,-0.189056,0.567856,-0.255516,-0.150425,-0.432423,-0.856619,0.158143,0.097527,-0.362506,0.0,0.365681,0.565938,-0.250206,-0.235599,0.143752,-0.367638,-0.522493,0.931591,0.01167,0.270466,-0.234684,0.012036,-0.128467,0.360646,-0.130892,0.14965,0.374921,-0.255516,0.724535,-0.213415,-0.589414,0.109951,0.184028,-0.451854,-0.080497,-0.483988,-0.304006,-0.208189,0.283058,0.480784,0.707369,0.160188,-0.576023,0.788424,0.592678,-0.023081,0.179198,0.184028,-0.046249,0.165707,0.184028,-0.55878,0.265814,0.0,#
18,0.480569,0.470298,0.238252,-0.245675,-0.03491,0.176742,-0.06703,0.311312,0.467379,0.315096,-0.336307,-0.402774,0.115822,0.718658,-0.370791,0.265681,-0.706165,0.282382,1.0,0.175781,0.363171,0.262102,0.602781,0.175781,0.197518,-0.488864,0.747323,0.167926,0.349278,0.608591,-0.236987,0.49198,0.175781,-0.00012,-0.16674,-0.242747,-0.129539,-0.233902,-0.00012,0.164173,0.483539,-0.186528,0.172483,0.112179,0.0,-0.501679,0.242749,0.584376,-0.405529,0.12637,0.272751,-0.044835,0.060272,0.139783,-0.201912,-0.37996,0.162539,-0.361717,0.00076,-0.270717,0.558831,0.415444,-0.116385,0.666227,-0.252101,0.718658,-0.588847,0.301019,0.564505,0.404625,0.167797,-0.132838,-0.653376,-0.381501,0.422378,-0.163727,-0.621502,-0.013581,-0.440844,-0.303359,-0.013839,-0.509022,-0.056038,0.015569,0.06889,0.086535,0.454754,-0.315096,0.01521,0.013626,-0.240137,0.013626,-0.589549,0.473801,-0.440844,-0.013839,0.51511,-0.186186,0.086535,-0.381501,-0.361717,0.274529,-0.381501,0.032248,-0.11109,0.04115,-0.329825,-0.142411,-0.142682,-0.303359,0.610555,0.175781,-0.013581,0.013626,-0.154476,-0.669985,-0.255904,0.167406,0.750356,-0.589549,-0.255904,-0.375426,0.454378,-0.528735,-0.267934,0.142552,0.274529,-0.129122,-0.044835,-0.674065,-0.240137,-0.353897,0.013626,-0.352057,-0.186186,-0.120691,0.175781,-0.405044,0.088397,-0.154476,0.41224,-0.233342,-0.556575,0.116138,-0.239984,0.100847,-0.405044,0.338253,-0.159155,-0.342713,-0.38342,-0.209922,0.534335,0.043116,-0.240137,0.0,0.150813,0.322389,-0.154476,0.289134,-0.563657,-0.071585,-0.186186,0.193634,-0.303359,0.232831,-0.442544,0.098084,-0.381501,0.315666,-0.494805,0.359875,0.2995,-0.159155,0.626046,0.015569,0.189048,-0.105602,0.326307,-0.520896,0.141726,-0.192059,-0.437301,-0.004326,-0.198833,0.083647,0.115458,-0.344845,-0.440426,0.657025,0.371246,-0.148789,0.418119,0.326307,0.229685,-0.064224,0.326307,-0.445132,-0.212361,0.0,#
19,0.307148,0.387367,0.276139,0.21403,0.407976,-0.217869,0.393773,-0.166524,0.458474,-0.1665,-0.213905,-0.332401,0.327753,0.197344,-0.166623,-0.265526,-0.271632,0.24095,0.175781,1.0,-0.166667,-0.165674,0.365451,-0.111111,-0.216474,-0.268974,0.275847,-0.218052,0.145659,0.312399,-0.499477,0.388339,-0.111111,-1.9e-05,0.183148,-0.271984,0.231067,0.175819,-1.9e-05,0.666667,0.351293,0.301993,0.178431,0.238379,0.0,-0.327059,0.337631,0.407414,0.296551,-0.49483,0.176982,-0.94636,0.358013,0.308943,0.137916,0.219111,0.21403,0.190755,0.229148,0.123075,-0.407318,-0.305888,0.171485,0.228606,0.222706,0.197344,0.440218,0.186257,0.263917,0.210163,0.298016,0.203477,-0.111111,0.225473,0.279104,0.050016,0.28628,0.231475,0.174855,0.174855,-0.271774,0.225473,-0.333075,-0.441423,0.213337,-0.332674,0.116891,0.237986,0.225156,0.28628,-0.50779,0.28628,-0.333069,0.386743,0.174855,0.367694,0.367167,-0.218093,0.300991,0.225473,0.190755,0.465621,0.225473,0.316791,0.28628,0.21932,0.091824,-0.389219,0.367694,0.174855,0.300567,-0.111111,0.231475,0.28628,0.111345,0.367694,-0.218103,-0.407308,0.247997,-0.333069,-0.218103,-0.50779,-0.218107,-0.405035,0.230526,0.225156,-0.217859,0.148853,0.182326,-0.218103,0.163668,-0.218107,-0.332704,-0.033037,0.479805,-0.218103,-0.111111,0.293711,-0.069886,0.111345,0.465621,0.297446,-0.271543,0.164399,-0.664008,0.102382,-0.332873,0.109854,0.031928,-0.333069,0.122802,-0.271981,-0.271643,-0.111111,0.163668,0.0,0.225555,0.11716,0.111345,-0.166571,-0.332674,-0.271957,0.479805,0.215792,0.174855,-0.152944,-0.166582,0.130003,-0.407433,0.616316,-0.429082,0.003702,-0.217758,-0.989754,0.341416,-0.441423,-0.218107,-0.285926,0.166261,-0.389219,-0.416337,-0.236516,-0.193047,-0.34951,0.166127,-0.233523,0.333005,0.116891,-0.407643,0.279064,0.180499,-0.245144,0.324595,0.166261,0.205049,-0.33309,0.166261,0.237986,-0.290382,0.0,#
20,0.0,0.106724,0.433933,0.362739,0.122393,-0.326804,-0.407076,0.351551,0.165399,0.399601,-0.320857,0.007791,0.531278,0.338304,-0.249935,-0.398289,-0.407448,0.382938,0.363171,-0.166667,1.0,-0.248512,0.589704,-0.166667,-0.324711,-0.403462,0.432751,-0.327078,0.267041,0.526689,0.405099,0.106991,-0.166667,-2.1e-05,-0.137361,-0.407976,0.021662,-0.977348,-2.1e-05,-0.25,-0.110487,0.154315,0.308822,-0.348739,0.0,-0.490589,0.546324,0.335428,-0.713575,-0.177965,-0.324466,0.306048,-0.107404,0.341463,-0.346394,-0.53951,-0.200132,-0.316252,-0.114574,-0.579301,0.426175,0.401478,-0.148921,-0.177965,-0.282665,0.338304,-0.403287,0.329277,0.233187,0.413757,-0.210365,0.329829,-0.166667,-0.077135,0.017205,0.168803,-0.499056,-0.610614,-0.761258,-0.185517,0.13189,-0.61115,0.011355,0.541746,0.436371,0.035644,0.321451,-0.066556,-0.077027,0.023212,0.3714,0.023212,-0.499604,0.148114,-0.761258,0.13189,0.670478,-0.32714,0.035644,-0.077135,-0.316252,-0.326789,-0.077135,-0.499554,-0.499056,-0.082245,-0.505034,0.499565,-0.407661,-0.185517,0.569495,-0.166667,-0.610614,0.023212,0.312251,-0.407661,-0.327154,0.446472,0.236724,-0.499604,-0.327154,-0.195142,0.783951,-0.607552,0.021612,0.456237,-0.326789,-0.791626,0.306048,0.239074,0.3714,-0.327161,0.023212,-0.693784,-0.32714,0.239074,-0.166667,0.029371,0.321037,0.312251,0.249897,-0.041828,0.055543,-0.739795,0.293788,0.307146,0.029371,0.44998,0.239457,0.53406,-0.994693,-0.407971,0.655486,-0.166667,0.3714,0.0,0.405999,0.240829,0.312251,-0.249857,-0.499011,-0.407936,-0.32714,0.19157,-0.185517,-0.114708,-0.249873,-0.242075,-0.077135,0.410877,-0.085379,0.227651,0.238697,0.239457,0.512124,0.541746,-0.327161,0.115224,0.249392,-0.042132,0.438483,-0.282371,-0.209134,0.01918,0.249191,0.437856,0.499508,-0.336062,-0.08434,0.418596,0.399676,0.245144,0.018727,0.249392,-0.097129,0.006752,0.249392,-0.611101,0.018149,0.0,#
