0,1.0,0.229173,-0.326107,-0.218617,0.053884,0.656883,0.197682,0.20388,-0.17084,-0.229946,0.219633,0.090371,-0.130703,0.647287,-0.122929,0.016976,0.270049,-0.070844,0.25463,-0.423954,-0.419258,-0.149369,0.08266,-0.106534,0.110472,-0.378073,-0.105155,0.331227,0.380913,0.197288,0.033901,-0.08202,-0.217606,-0.426978,-0.173049,-0.1715,-0.115021,0.418754,2.5e-05,-0.049824,-0.165064,0.170111,0.372078,0.450453,-0.427016,-0.547222,0.204113,0.071416,0.080517,0.283233,0.283233,0.435899,0.303432,-0.42966,-0.116829,0.327171,0.214057,-0.195,-0.201983,0.250149,0.239184,0.452511,0.265633,0.337733,0.269366,0.449001,0.18639,0.128267,-0.389158,0.452058,-0.099806,0.005163,-0.217606,-0.042906,-0.457708,0.344004,-0.047908,0.560094,-0.042906,0.242062,-0.798719,0.210978,0.201019,0.645161,-0.457708,-0.122266,-0.008752,-0.140661,0.242062,-0.218603,-0.30377,-0.058797,-0.047908,0.020389,0.548322,-0.134915,-0.42567,-0.006571,-0.146912,-0.167833,-0.476348,-0.427152,0.210978,-0.081192,-0.173342,0.34577,-0.033018,-0.173342,-0.3072,0.124426,0.153079,0.507746,-0.042906,-0.427143,-0.420087,-0.427152,0.210978,0.27449,0.162554,-0.28576,0.201019,-0.008752,-0.580835,0.103627,-0.497999,0.163085,-0.1148,0.25912,0.380539,-0.326242,0.075521,0.31111,-0.326488,0.304026,-0.589861,-0.268921,0.0,-0.532759,-0.454441,-0.457708,-0.217606,-0.796098,-0.326242,-0.104636,0.27449,0.203263,-0.427143,0.019706,0.412556,-0.129034,0.19228,-0.210866,-0.326242,-0.014801,-0.502244,-0.152423,0.156513,-0.227229,-0.461955,0.466899,-0.296241,0.235002,-0.326408,-0.122266,0.004409,-0.399583,0.76489,0.452522,0.160449,-0.530522,-0.039615,-0.415177,-0.427152,0.496498,0.185599,0.308232,0.50722,0.123899,0.638485,-0.457708,0.055758,0.263953,-0.331914,-0.014908,0.537147,-0.175289,0.046799,0.152313,0.024149,0.32333,0.004409,-0.427925,0.638485,0.083258,0.034565,0.263106,0.317095,-0.450929,-0.498681,-0.326242,#
1,0.229173,1.0,0.437716,-0.003936,0.147864,-0.127904,0.282903,0.292203,0.099622,0.579502,-0.166765,-0.132315,0.431849,0.261491,0.012638,-0.075264,-0.495501,0.7266,0.624959,0.311118,0.111544,0.591687,0.174742,-0.049917,-0.648272,-0.043353,0.616364,-0.080336,-0.016095,0.44761,-0.642143,0.27996,0.340727,0.182592,-0.473412,-0.706743,0.586817,0.018481,2.3e-05,-0.80911,-0.20219,0.638321,0.468651,-0.117704,-0.227658,-0.699308,0.569025,0.747299,0.678194,0.369527,0.369527,0.302844,0.026812,-0.162393,0.134409,0.233795,-0.156037,-0.545857,-0.217026,-0.115823,0.237921,0.344207,-0.374407,0.451436,-0.048443,0.409356,0.510946,0.385583,0.169714,0.234925,0.262404,-0.113979,0.340727,0.124232,-0.297033,0.427301,-0.376331,-0.203241,-0.228318,-0.14991,-0.45207,0.142181,-0.187947,0.134144,-0.297033,0.243532,-0.676658,0.407903,0.170941,-0.117146,0.43764,-0.756351,-0.376331,0.312214,-0.012593,0.426787,0.238329,0.134772,-0.090434,-0.67291,-0.372439,-0.648567,-0.615459,0.031484,-0.990439,0.017194,-0.606743,-0.67653,-0.890604,-0.252467,0.628914,0.392352,0.124232,-0.648554,-0.06569,0.157362,-0.294608,-0.464645,0.297438,-0.53271,-0.187947,0.155833,0.124232,-0.648554,-0.467923,0.649484,-0.392192,0.129754,0.627257,0.042016,-0.06569,-0.03782,-0.052409,0.46702,-0.282535,0.198908,0.0,-0.058568,0.431115,-0.773462,-0.330402,-0.067215,-0.495351,-0.635431,-0.066282,0.385313,-0.300697,0.394815,-0.25514,-0.025236,-0.502766,-0.103649,0.042016,0.247303,-0.478053,0.017194,0.559739,0.493057,-0.306912,0.244846,-0.052103,0.063907,-0.089054,0.6022,0.372159,0.3404,-0.021818,0.198944,-0.007505,-0.006567,-0.817324,-0.38414,-0.183939,0.028998,0.236487,0.419264,0.229982,-0.028898,-0.172361,-0.297033,0.260409,0.205711,-0.519946,-0.283196,-0.18941,0.249315,0.24853,-0.410914,-0.513712,0.461567,0.041166,0.136165,0.155945,-0.128742,-0.045457,-0.551291,0.436625,-0.430574,0.077925,-0.100618,#
2,-0.326107,0.437716,1.0,0.275347,0.137265,-0.498552,0.026974,0.030921,-0.289851,0.468498,-0.499353,-0.326005,0.131528,-0.498795,-0.40762,-0.168063,-0.249718,0.402295,0.371889,0.290183,0.670721,0.311964,-0.488518,0.082304,-0.32671,0.393773,0.314313,-0.387956,-0.495062,0.372556,-0.180411,-0.227052,-0.166513,0.789932,-0.348552,-0.085593,0.331904,-0.407187,2.9e-05,-0.407767,0.019176,0.031914,0.285332,-0.760124,-0.326755,0.279863,-0.044618,0.463691,0.26724,0.077299,0.077299,-0.17174,-0.407447,0.4192,-0.197144,-0.30757,-0.596864,0.202958,0.209402,-0.590646,0.204447,-0.129849,-0.652016,0.117065,-0.198903,-0.043937,-0.249699,0.33779,0.166647,-0.083266,-0.183396,-0.153247,-0.166513,0.357967,0.349024,0.279486,0.12897,-0.326487,-0.16269,0.043259,0.408575,0.517103,0.037023,-0.013468,0.349024,-0.152552,-0.758077,0.160287,0.517103,0.275922,0.304588,-0.246968,0.12897,-0.111163,-0.609248,0.169063,0.28313,0.207416,0.08224,-0.030231,0.098187,-0.326858,-0.498596,-0.404907,-0.499152,0.144319,-0.177978,-0.03556,-0.135445,-0.325724,0.062637,-0.166513,0.357967,-0.326852,0.417843,0.753577,-0.024751,-0.320598,0.327213,-0.115805,0.037023,0.357967,0.357967,-0.326852,0.164765,0.069555,-0.407285,-0.021984,0.477161,0.416984,0.417843,-0.248489,0.277083,0.131494,0.340821,0.055998,0.0,0.598253,0.150845,-0.242006,-0.166513,0.437129,-0.249642,0.043982,0.267719,0.443854,0.186876,0.436092,-0.757457,-0.406989,-0.681115,0.285454,0.416984,0.271826,0.202835,0.144319,0.044593,0.103267,0.339746,-0.32683,0.29853,-0.249607,0.350638,0.377142,0.437755,0.438157,-0.249231,-0.217797,-0.249626,0.143918,-0.385372,0.312595,0.249532,-0.056465,-0.485152,0.294591,0.2602,0.406217,-0.460126,0.349024,-0.295342,0.047376,-0.228836,-0.202127,-0.288045,0.050175,-0.305514,0.193229,-0.138349,0.146036,-0.051068,0.241077,0.024728,-0.123055,-0.078349,-0.499174,0.275712,0.202835,0.397745,0.333313,#
3,-0.218617,-0.003936,0.275347,1.0,0.294609,-0.555895,-0.483081,-0.525765,-0.226234,0.529343,0.508767,-0.306396,-0.061277,-0.529324,-0.11091,0.172677,0.200806,0.247573,0.404555,-0.089738,0.357862,-0.444715,-0.368499,0.36772,0.314863,0.611132,-0.370061,-0.318087,-0.345794,-0.363203,0.250786,-0.339736,0.182481,0.358058,-0.2478,-0.089808,-0.278269,-0.107451,-5.9e-05,0.367879,-0.021075,-0.473379,0.379498,-0.382485,0.336775,0.108159,-0.529324,-0.424909,-0.149873,-0.298216,-0.2671,0.278868,-0.630727,0.744919,0.191499,0.037702,-0.206196,0.314627,-0.167429,-0.244356,-0.071324,0.147383,-0.276526,-0.147899,-0.064037,-0.409885,0.273644,-0.06574,-0.194707,0.262048,-0.341017,0.771028,0.182481,0.788389,0.747474,-0.166078,-0.098207,-0.207211,0.767196,0.016565,0.079738,0.507834,0.527228,-0.016958,0.168305,-0.33204,-0.357293,0.466099,0.016565,0.350908,0.411536,0.152121,0.40856,-0.406046,0.08358,0.44649,0.358236,0.292941,-0.142061,0.450452,0.597979,-0.227136,0.468124,-0.114707,-0.049063,0.4265,-0.307309,-0.030193,0.03873,0.290668,-0.470085,-0.664753,0.767196,0.295463,0.093495,0.35941,0.487412,-0.228486,-0.024088,0.564056,0.527228,0.269778,0.227391,0.273322,0.62424,0.052491,-0.101037,-0.182317,0.328692,0.274978,0.629882,0.245794,-0.236816,-0.108363,0.196428,0.545983,0.0,-0.077982,-0.074167,0.14603,0.149895,0.609159,0.226124,-0.048198,-0.204538,0.74121,0.316374,-0.494543,-0.32435,0.383527,-0.225348,0.988613,0.274978,0.35905,0.611361,-0.093059,-0.488796,-0.436513,0.215438,-0.20702,-0.553068,-0.381953,0.200403,-0.33204,-0.38484,0.610313,0.24731,0.152872,0.248399,-0.073227,-0.154155,0.669573,-0.205412,0.166586,-0.514008,-0.232366,0.357631,-0.357082,-0.473907,0.747474,-0.771665,-0.146657,0.178809,0.172223,-0.21263,-0.078239,-0.238867,-0.157306,0.544837,-0.585555,-0.404737,0.272305,-0.493643,-0.065276,-0.414645,-0.539387,-0.19227,-0.167824,-0.334416,-0.403394,#
4,0.053884,0.147864,0.137265,0.294609,1.0,-0.177542,-0.184739,0.218145,-0.050402,0.17371,-0.162927,0.022775,-0.054097,-0.181209,-0.044902,-0.544127,0.214646,0.371966,-0.134108,-0.422876,-0.10013,0.185031,-0.13572,0.816427,-0.425872,0.532471,0.39674,0.324845,-0.288869,0.173595,0.409202,0.027567,-0.217052,0.004632,-0.747568,0.112638,-0.069274,-0.530775,-5.5e-05,-0.095962,-0.210534,-0.181754,0.308659,-0.469627,-0.42593,-0.118353,0.183013,0.115512,-0.298378,0.078351,0.078351,-0.470626,-0.054806,-0.143849,0.433711,-0.666902,-0.478238,0.247182,-0.796082,-0.470058,-0.50382,0.576915,0.25757,0.129874,-0.086735,0.290474,0.283155,0.170425,0.355074,-0.008465,0.008092,-0.073545,-0.217052,-0.084092,-0.101008,-0.220098,-0.531404,-0.425582,-0.024444,-0.215649,0.020839,0.17286,-0.212177,0.637011,-0.101008,-0.007972,-0.510984,-0.066392,0.164345,0.276285,0.311692,0.371679,-0.101305,0.070378,0.136824,-0.059452,-0.424587,0.991291,0.319113,0.155155,0.105157,-0.426066,0.227145,-0.131331,-0.225771,-0.080047,-0.524627,-0.278881,0.020839,0.063389,-0.190498,-0.217052,0.393091,0.044775,0.476924,-0.021852,0.17286,-0.205898,-0.199395,0.052851,-0.212177,-0.570632,-0.084092,0.044775,0.183314,-0.185171,-0.082253,-0.472476,-0.057819,-0.325413,0.037283,-0.32391,0.277448,-0.276553,0.371679,-0.196021,0.0,-0.155068,0.229592,-0.101008,-0.217052,0.044737,0.208866,-0.152612,-0.273297,0.306941,-0.014079,-0.08143,-0.497097,0.416712,0.181159,0.288031,-0.325413,0.063349,0.153932,-0.080047,0.229284,-0.353273,-0.577916,0.083393,0.168313,-0.325367,0.706184,0.41681,0.053585,0.523307,0.234977,0.412397,0.252342,-0.529173,-0.101811,-0.135129,-0.426066,-0.342674,-0.211791,-0.249619,0.053922,-0.392004,-0.206331,-0.101008,-0.451109,-0.642522,0.202862,-0.105418,-0.436965,0.2855,-0.465017,0.141429,0.598424,-0.070567,0.109586,0.475834,0.182492,-0.005624,0.509896,-0.234563,-0.238763,-0.577068,-0.522853,0.142081,#
5,0.656883,-0.127904,-0.498552,-0.555895,-0.177542,1.0,0.255504,0.26468,0.208255,-0.212486,0.157291,0.258476,0.009621,0.625171,0.399061,-0.208618,-0.014195,-0.606756,-0.135344,-0.269044,-0.64096,-0.187862,0.182197,-0.021136,0.188501,-0.438277,-0.17689,0.514043,0.576931,0.014519,0.202324,0.243119,-0.332675,-0.652763,0.003029,-0.151521,-0.187423,0.416969,-4.6e-05,-0.029461,-0.173674,0.249227,-0.444874,0.667959,-0.237541,-0.201162,0.264983,0.097902,0.271149,0.425918,-0.180319,0.195698,0.833313,-0.702797,-0.242515,0.30138,0.35962,0.026325,-0.080068,0.375335,0.298889,0.334677,0.416318,0.349818,0.448673,0.213629,0.006725,-0.188468,-0.529912,0.182515,0.243017,-0.215132,-0.332675,-0.26028,-0.672219,0.001021,0.377335,0.639399,-0.26028,0.173657,-0.412353,0.145363,0.132213,0.193345,-0.203498,0.239493,0.242986,-0.426524,-0.202128,-0.487776,-0.525963,0.184062,-0.420419,0.037119,0.414936,-0.022158,-0.228512,-0.238266,0.398452,-0.231612,-0.301984,0.203819,0.145363,-0.36983,0.180107,0.348308,0.200497,0.180107,-0.012872,-0.203674,0.23988,0.378386,-0.673191,-0.2456,-0.412113,-0.653029,0.145363,0.458006,-0.078402,-0.410712,0.132213,-0.22919,-0.225304,0.185782,-0.373408,0.1988,-0.01626,0.406111,-0.193574,-0.036441,-0.063911,0.020327,-0.021797,0.430942,-0.247559,-0.234141,0.0,-0.388894,-0.263426,-0.203498,0.302201,-0.829963,-0.498758,-0.093237,0.458006,-0.440002,-0.2456,0.074852,0.664928,-0.010027,0.345621,-0.544959,-0.036441,0.168808,-0.350914,0.380701,0.208653,0.076122,-0.214269,0.658262,-0.218203,0.051453,-0.499012,-0.180584,0.400252,-0.839667,0.470211,0.21378,0.4715,-0.374977,0.379637,-0.660503,0.203819,0.351828,0.637967,0.510291,0.176874,0.007626,0.584177,-0.672219,0.26026,0.391347,-0.022186,-0.232814,0.210149,-0.293387,0.242734,0.283861,-0.137293,0.438019,0.400252,-0.665799,0.584177,-0.353504,-0.00188,0.237236,0.005989,-0.304203,-0.118312,0.029915,#
6,0.197682,0.282903,0.026974,-0.483081,-0.184739,0.255504,1.0,0.6594,0.199735,-0.14677,-0.229345,-0.15278,0.418687,0.246138,0.012842,-0.162438,-0.499164,0.250341,0.061417,0.205439,0.288614,0.266617,0.544107,-0.40064,-0.254504,0.002657,0.21471,-0.472259,0.0832,0.006807,-0.267446,0.247623,-0.332844,0.188526,0.047764,-0.164238,0.678543,-0.389962,2.3e-05,-0.428191,-0.171149,0.64528,0.058998,0.256698,-0.226858,-0.149618,0.246138,0.510016,0.324848,-0.122066,0.475359,0.204113,0.434032,-0.615029,-0.230486,0.305052,0.409091,0.073379,0.084748,0.424782,0.274263,0.374698,-0.392857,-0.203428,0.002056,0.039865,-0.000878,-0.131443,0.394113,-0.291936,0.266785,-0.199912,-0.332844,-0.22088,-0.627282,0.456697,0.023904,-0.221581,-0.22088,-0.182809,0.022308,-0.210692,0.167837,-0.225858,-0.593066,0.272637,-0.190242,0.419596,-0.182809,0.017264,0.019782,-0.243204,-0.007163,0.429812,-0.418708,0.022391,-0.175257,-0.244627,-0.00216,-0.609717,-0.240335,0.214203,-0.242061,0.058054,-0.199825,-0.013921,0.231888,-0.199825,-0.40286,-0.651094,0.658788,0.367881,-0.22088,-0.228237,0.401183,0.214203,-0.242061,0.487482,0.423309,-0.806865,0.167837,-0.190242,0.244433,-0.653348,-0.313501,0.236589,-0.005761,0.269471,0.11044,0.021976,-0.027522,-0.496708,0.505825,-0.120333,0.216171,0.208856,0.0,0.412237,0.260192,-0.627282,-0.332844,-0.377533,-0.016616,0.239948,0.487482,-0.420264,-0.228237,0.856508,0.222473,-0.42206,-0.322825,-0.500039,0.021976,0.215231,-0.302371,0.41702,0.190684,0.491997,-0.17648,0.212823,0.278715,0.497006,-0.499267,0.272637,0.430929,-0.01471,-0.039882,-0.63383,-0.026035,0.445926,-0.398268,-0.53473,0.247571,0.382657,0.234342,0.044614,0.198449,0.389927,0.585538,-0.627282,0.274665,0.39157,-0.489358,-0.643365,0.223606,-0.523034,-0.179951,0.322882,-0.485702,0.851671,0.430929,-0.638605,0.20661,-0.342227,0.395182,0.218783,0.475971,-0.256339,0.352854,0.021976,#
7,0.20388,0.292203,0.030921,-0.525765,0.218145,0.26468,0.6594,1.0,-0.209103,-0.14021,-0.594964,0.220039,0.427535,0.255259,0.019089,-0.183274,-0.053567,0.169473,-0.387185,0.211661,-0.172613,0.656063,0.173309,-0.027127,-0.652304,-0.03367,0.625474,-0.001834,-0.360028,0.010625,-0.353887,0.663933,-0.332457,-0.196301,0.00676,-0.187935,0.248503,-0.3863,-2.3e-05,-0.455291,0.197282,0.656954,0.020204,-0.12717,-0.652393,-0.068048,0.255259,0.522354,0.075913,0.453295,0.453295,-0.180912,0.442974,-0.702441,-0.253232,-0.131561,0.363014,0.052216,-0.199993,0.402762,-0.369488,0.355492,-0.271391,0.378835,0.474584,0.481588,0.002893,0.340545,0.36661,-0.659772,0.684061,-0.283663,-0.332457,-0.644431,-0.659993,-0.031983,0.030223,-0.218061,-0.251297,0.181349,-0.005283,-0.204499,-0.213544,0.146509,-0.195128,0.685808,-0.220463,0.016125,0.181349,-0.01355,-0.012079,-0.273204,-0.037519,0.02761,-0.032393,0.028681,-0.171452,0.162151,0.003986,-0.642519,-0.267747,-0.19925,-0.2729,-0.046274,-0.229588,-0.007853,0.205262,-0.579633,-0.433173,-0.24831,0.670522,0.372755,-0.251297,-0.264686,0.375698,-0.19925,-0.630686,0.4599,-0.052568,-0.841028,-0.213544,-0.613597,-0.176139,-0.264686,-0.367844,0.24563,-0.037687,-0.378026,-0.236729,0.025893,-0.417955,-0.496129,0.478008,-0.106518,0.189112,-0.185127,0.0,0.030223,0.138619,-0.659993,-0.332457,-0.408677,-0.058258,-0.091803,0.015678,-0.313299,-0.652587,0.559143,-0.201566,-0.0322,-0.364184,-0.534527,0.025893,0.221547,-0.342815,0.425847,0.199421,0.11871,-0.592855,0.219129,0.445475,0.047254,-0.045335,0.685808,0.442915,-0.046124,-0.036367,-0.243157,-0.022426,0.054462,-0.039321,-0.65034,0.2541,-0.008596,0.21872,0.059866,0.204656,0.004855,0.192012,-0.659993,0.254741,-0.249253,-0.044008,-0.678397,-0.200213,-0.118588,-0.202888,0.286592,-0.356473,0.838552,0.812011,-0.251101,0.192012,-0.375822,0.367194,0.187942,-0.000932,-0.296489,-0.069262,0.025893,#
8,-0.17084,0.099622,-0.289851,-0.226234,-0.050402,0.208255,0.199735,-0.209103,1.0,0.22183,0.329199,-0.152891,0.220801,0.246864,0.668207,-0.460695,-0.740328,0.036229,0.16699,0.011431,-0.089218,-0.052044,0.711239,0.08517,-0.040314,-0.051094,0.030306,0.146858,0.739288,0.110267,0.153623,0.096246,0.279539,-0.088192,-0.32015,-0.167262,0.501975,-0.021142,-5.4e-05,-0.307777,-0.552072,0.223962,-0.439868,0.565066,0.489384,-0.379163,0.601167,0.273813,0.483471,-0.231036,-0.202639,-0.001954,0.507295,-0.385756,0.41224,0.203794,-0.079998,-0.219312,-0.208359,-0.097521,0.419827,0.280602,0.397906,-0.306111,-0.455503,-0.180203,0.41919,-0.516442,0.174507,0.365881,0.055182,-0.26339,0.279539,0.05188,-0.437074,0.154127,-0.291845,-0.190475,-0.354285,-0.774081,-0.043662,-0.255335,-0.174165,-0.370356,-0.396416,0.034492,0.034814,0.155564,-0.826888,-0.226053,0.090592,0.121754,-0.747147,0.772637,-0.172994,0.13018,-0.03723,-0.066543,0.575705,-0.234848,-0.005323,0.511277,-0.159041,0.075987,-0.118321,-0.338651,-0.455763,0.243327,-0.043662,-0.511918,0.199104,0.011895,-0.412308,-0.005837,-0.018239,-0.080183,0.210605,-0.332703,0.143534,-0.104756,-0.174165,-0.111951,0.60481,-0.510996,-0.041196,0.135258,0.001284,0.59349,-0.092036,-0.220375,-0.099999,-0.212211,0.148745,0.200657,0.121754,0.284967,0.0,0.117312,0.649029,0.111809,0.220063,-0.094076,-0.166874,-0.199512,0.126242,-0.512609,0.394922,0.181394,0.531021,0.150963,0.442815,-0.307764,-0.220375,-0.025839,-0.084442,0.173435,0.591617,0.740173,0.092259,0.33664,-0.111878,0.190393,-0.272105,-0.024538,0.262552,-0.044473,-0.194278,-0.057367,0.373136,0.189765,-0.310763,-0.44865,0.01564,-0.173173,0.665244,0.115193,-0.501222,-0.173522,0.182588,-0.437074,0.377458,0.416682,-0.228865,-0.087649,-0.161269,0.00765,0.332315,-0.314464,-0.192386,0.052914,-0.118778,-0.080975,0.110544,-0.166557,0.269497,-0.232993,0.171342,-0.330589,0.378291,0.333747,#
9,-0.229946,0.579502,0.468498,0.529343,0.17371,-0.212486,-0.14677,-0.14021,0.22183,1.0,0.237678,-0.24073,0.472575,-0.172465,0.41606,-0.153583,-0.496231,0.319332,0.554561,0.342423,0.135877,0.115295,-0.096016,0.350769,-0.241251,0.365233,0.175788,-0.096972,-0.096567,-0.060433,-0.1947,0.253817,0.362911,0.209704,-0.502136,-0.6988,0.185043,-0.019374,4.8e-05,-0.41426,-0.17706,0.251665,-0.011088,-0.212939,0.204512,-0.240171,0.145457,0.352866,0.680617,0.287832,-0.323709,0.29446,-0.010128,0.229102,0.118147,0.22452,-0.200463,-0.026871,-0.211892,-0.212342,0.23464,0.339187,-0.396984,0.368719,0.114492,-0.132156,0.544212,0.056703,-0.218499,0.233866,0.251576,0.341965,0.362911,0.593547,0.155053,-0.053205,0.012514,-0.230214,0.229088,-0.160177,-0.047574,0.558018,0.212292,-0.255475,0.155053,0.258822,-0.691756,0.447698,-0.207561,-0.057657,0.468539,-0.321912,-0.362911,-0.075083,-0.013412,0.869779,0.693205,0.160275,0.324237,-0.288517,0.331856,-0.246289,-0.225214,-0.402927,-0.621028,0.429626,-0.618444,-0.296515,-0.500922,-0.240116,0.252157,-0.330889,0.177023,-0.23853,-0.028781,0.18363,0.106475,-0.462807,0.042932,-0.118847,0.212292,0.168856,0.593547,-0.23853,0.219685,0.664421,-0.417726,0.124451,0.348692,0.5258,0.354973,-0.023169,-0.036972,0.53056,0.16791,0.624468,0.0,-0.034414,0.431287,-0.337469,0.309541,0.360061,-0.496081,-0.63152,-0.050987,0.407812,0.121078,-0.047386,-0.256352,0.409395,-0.48744,0.432567,0.5258,0.695156,0.226087,0.429626,0.164569,0.322156,0.141259,0.231311,-0.48644,-0.496011,-0.076051,0.205852,0.385497,0.364275,-0.006578,0.152979,0.502838,0.019234,-0.443401,-0.025502,0.234034,0.031116,0.210785,0.449871,0.25867,-0.433873,-0.597175,0.155053,-0.224414,0.200053,-0.051341,-0.312368,-0.653982,0.047221,0.206566,-0.391056,-0.152572,0.026307,0.043323,0.13302,-0.257779,-0.576001,-0.47159,-0.991943,-0.037758,-0.411988,0.085887,-0.088014,#
10,0.219633,-0.166765,-0.499353,0.508767,-0.162927,0.157291,-0.229345,-0.594964,0.329199,0.237678,1.0,-0.235424,0.003515,0.178979,0.405251,0.176286,0.001073,-0.174116,0.386257,-0.182224,-0.15454,-0.718248,0.280098,0.003853,0.633189,0.013042,-0.670952,-0.023797,0.496066,-0.499386,0.29626,-0.20775,0.348952,-0.246523,-0.013301,-0.19193,-0.215244,0.407511,-2.4e-05,0.400886,-0.213369,-0.210861,-0.003558,0.597728,0.649723,-0.311264,-0.19315,-0.485766,0.106124,-0.306955,-0.306955,0.648734,-0.013495,0.206941,0.170839,0.62948,0.305976,0.008548,-0.088849,0.268647,0.323503,0.300761,0.229334,-0.233797,0.002818,-0.366256,0.523279,-0.440456,-0.490915,0.602967,-0.245321,0.702533,0.348952,0.622034,0.190316,0.004372,-0.024156,0.229277,0.622034,-0.198416,-0.420521,0.181607,0.574281,-0.187784,-0.258073,-0.2603,0.204467,0.386643,-0.58666,-0.03859,-0.024234,0.202452,-0.001538,-0.013422,0.41085,0.381032,0.184765,-0.225565,-0.021329,0.198972,0.364267,0.196194,0.592689,0.040407,0.185364,0.385513,-0.220508,0.185364,-0.007796,0.210426,-0.234059,-0.333209,0.195433,0.212541,-0.420597,-0.216795,0.592689,-0.013157,0.062747,0.384746,0.574281,0.204467,0.170339,0.212541,0.300634,0.181295,0.010759,0.404875,0.196984,-0.021915,0.388599,0.499388,-0.513156,0.18486,-0.243478,0.572773,0.0,-0.408663,-0.146899,0.190316,0.322715,-0.028608,0.006181,-0.106028,-0.013157,0.179504,0.212541,-0.536834,0.639637,0.400061,0.306374,0.463412,-0.021915,0.194982,0.26422,-0.032816,-0.234361,-0.086239,0.17613,0.229848,-0.893916,-0.023725,-0.499814,-0.694305,-0.428223,-0.02864,0.501509,0.202333,0.502865,-0.033651,-0.027067,0.155376,-0.241089,0.403787,0.200241,-0.038689,0.203306,-0.396152,0.184629,0.190316,-0.235746,0.390295,-0.041981,0.1827,0.186718,-0.332157,0.205852,-0.343031,0.269146,-0.418685,-0.428223,-0.261018,-0.212636,-0.100289,-0.426572,-0.201735,-0.01007,-0.363151,-0.328613,-0.499559,#
11,0.090371,-0.132315,-0.326005,-0.306396,0.022775,0.258476,-0.15278,0.220039,-0.152891,-0.24073,-0.235424,1.0,-0.532698,-0.148998,-0.116906,0.429069,0.172941,-0.127217,-0.255775,-0.423821,-0.419127,0.04306,-0.312155,0.297371,0.023109,0.020179,-0.005441,0.304315,-0.126851,0.244795,-0.157313,0.402385,-0.217538,-0.426845,0.279713,-0.250846,-0.494813,0.37399,2.6e-05,0.306578,-0.245319,-0.185442,-0.241874,-0.006912,0.035112,-0.007121,-0.148998,-0.298596,-0.184966,0.239234,-0.435197,-0.049055,0.364979,-0.239842,0.440904,-0.13742,0.194531,-0.283655,-0.412382,0.206132,-0.436927,-0.223614,0.229803,0.293107,0.273493,-0.104896,-0.326214,-0.277741,-0.150456,-0.224811,0.419466,-0.181677,-0.217538,-0.531018,-0.097637,-0.696563,-0.118559,0.52168,-0.090034,0.60869,0.024196,-0.233325,-0.238077,0.210662,-0.097637,0.417958,0.394183,-0.530205,0.190634,-0.792944,0.312637,-0.105318,-0.135121,-0.332423,0.541591,-0.086905,0.044212,0.025509,-0.100199,0.158765,-0.592755,0.017683,0.168009,0.325939,0.149554,-0.106407,0.361452,-0.243097,0.024196,0.025422,-0.194129,0.573508,-0.549392,0.46135,-0.391153,-0.427018,-0.233325,0.266731,-0.88572,0.056387,-0.238077,-0.0468,-0.531018,0.46135,-0.595442,0.248757,0.76968,-0.444659,-0.587755,0.188181,-0.374225,-0.324634,0.278311,-0.212441,-0.105318,-0.222723,0.0,-0.532592,0.158851,-0.097637,0.488753,0.048233,0.167608,-0.338034,-0.231558,-0.072797,0.026235,-0.246087,-0.038772,0.35323,0.181889,-0.264698,0.188181,0.035083,-0.572914,-0.106407,-0.177044,-0.151264,-0.538968,0.560972,0.197926,0.28593,0.182223,-0.049372,0.088893,-0.395721,-0.325603,0.420003,0.219338,-0.530356,0.311076,-0.124395,0.017683,0.080249,0.247628,-0.207055,-0.426335,-0.329171,-0.204367,-0.097637,0.067587,-0.417454,0.720217,0.39959,0.045348,0.562922,0.552418,0.142066,0.139651,-0.068157,0.502913,0.004703,-0.204367,0.027142,0.07672,0.213106,-0.712378,0.154596,0.003147,-0.32614,#
12,-0.130703,0.431849,0.131528,-0.061277,-0.054097,0.009621,0.418687,0.427535,0.220801,0.472575,0.003515,-0.532698,1.0,0.397151,0.59126,-0.327359,-0.408043,0.142106,-0.021477,0.802575,-0.047335,0.505601,0.496897,-0.241277,-0.53385,-0.161168,0.484877,-0.12785,-0.052952,-0.407778,-0.384563,0.554254,0.395293,-0.069109,-0.110993,-0.353842,0.508003,-0.278383,-4.6e-05,-0.666299,0.39966,0.822771,-0.113768,0.105134,-0.115571,-0.20878,0.397151,0.621935,0.544121,0.375109,0.375109,0.105358,0.184069,-0.285664,-0.453565,0.315607,0.323278,0.010643,0.173849,0.333755,0.0834,0.386319,-0.390587,0.282509,0.343209,0.353104,0.592772,0.415408,0.162535,-0.277491,0.539719,0.142106,0.395293,0.03005,-0.386031,0.266511,0.194195,-0.533486,0.03005,-0.380367,-0.126518,-0.00858,-0.017842,-0.434035,0.087734,0.537292,-0.378468,0.543259,-0.380367,0.362837,-0.146356,-0.368985,-0.235972,0.217609,-0.230904,0.562199,0.347462,-0.114873,0.167301,-0.815608,0.413904,-0.072062,-0.442927,-0.275231,-0.390674,0.155156,-0.30879,-0.390674,-0.562602,-0.140592,0.829005,-0.272085,0.03005,-0.534082,0.258398,-0.072062,-0.442927,-0.083,0.446453,-0.654615,-0.017842,-0.378468,0.507308,-0.534082,0.217414,0.39552,-0.66551,0.111204,0.150053,0.126444,-0.181313,0.046663,-0.071799,0.419815,0.102183,0.366397,0.0,0.194195,0.199899,-0.386031,-0.272085,-0.188918,-0.407919,-0.273905,-0.083,-0.250878,-0.534082,0.331099,0.040768,0.112929,-0.476946,-0.167965,0.126444,0.356644,0.214821,0.597161,0.3452,0.478627,0.076734,-0.106316,-0.178215,-0.407862,-0.408127,0.537292,0.28286,0.1946,0.062827,-0.398221,0.077194,0.571921,-0.274275,-0.472673,0.389969,-0.173199,0.384117,0.392063,0.339369,-0.176418,-0.029927,-0.386031,0.342457,0.238388,-0.439433,-0.841837,-0.524368,-0.394593,-0.120206,-0.376164,-0.616283,0.570288,0.28286,-0.12905,-0.029927,-0.560361,-0.200413,-0.394519,0.328309,-0.398954,0.008084,0.126444,#
13,0.647287,0.261491,-0.498795,-0.529324,-0.181209,0.625171,0.246138,0.255259,0.246864,-0.172465,0.178979,-0.148998,0.397151,1.0,0.420328,-0.186041,-0.017876,-0.175759,-0.036995,0.176719,-0.641273,0.244996,0.586795,-0.397493,-0.219354,-0.809492,0.244426,0.4938,0.595395,0.010637,-0.224964,0.277838,0.322751,-0.653081,-0.013535,-0.157962,0.197866,0.406575,-2.3e-05,-0.42525,0.1812,0.610046,-0.021973,0.700043,-0.242178,-0.639411,0.642367,0.372856,0.320669,0.449961,0.449961,0.215277,0.443481,-0.610316,-0.285023,0.415505,0.359575,-0.455549,0.070667,0.399368,0.224964,0.303792,0.389194,0.375362,0.264809,0.699672,0.48399,0.337745,-0.165784,0.262269,0.228416,-0.19196,0.322751,-0.303677,-0.712459,0.41929,-0.001043,0.217923,-0.303677,-0.208245,-0.793296,-0.236339,-0.245024,0.184424,-0.247062,0.191963,0.19602,-0.071913,-0.208245,-0.072642,-0.576427,-0.233517,-0.423611,0.386989,0.370151,-0.060783,-0.266351,-0.241525,0.003991,-0.606764,-0.271977,-0.199478,-0.236339,0.006229,-0.193776,-0.040025,-0.213808,-0.193776,-0.396648,0.177567,0.58425,0.373181,-0.303677,-0.653334,-0.418433,-0.653347,-0.236339,-0.023544,0.335503,-0.472505,-0.245024,-0.272807,-0.268949,-0.225012,-0.395211,0.157692,-0.40778,0.379652,0.173415,-0.499001,-0.450429,0.461121,-0.503603,0.547137,-0.662077,-0.271377,0.0,-0.39231,-0.232162,-0.247062,-0.332837,-0.864955,-0.499001,-0.27173,-0.023544,-0.322619,-0.653334,0.065416,0.614721,-0.049304,0.269487,-0.594696,-0.499001,-0.249331,-0.421473,-0.007862,0.564836,0.26584,-0.257464,0.21938,-0.225369,0.047308,-0.499256,0.191963,0.003261,-0.450481,0.463103,0.216717,-0.022451,-0.031004,-0.025519,-0.709179,-0.199478,-0.040877,0.614872,0.452842,0.170678,-0.001682,0.572112,-0.712459,0.67827,0.350796,-0.521767,-0.2539,0.203283,-0.136415,0.224269,-0.356476,-0.480372,0.428244,0.003261,-0.247083,0.572112,0.040202,-0.011592,0.227995,0.445636,-0.375093,-0.313391,0.025922,#
14,-0.122929,0.012638,-0.40762,-0.11091,-0.044902,0.399061,0.012842,0.019089,0.668207,0.41606,0.405251,-0.116906,0.59126,0.420328,1.0,-0.378639,-0.407913,-0.321582,-0.148402,0.32597,-0.524055,0.043055,0.521638,0.151088,-0.117159,-0.192362,0.087484,0.376997,0.453264,-0.407647,0.061637,0.556332,0.407997,-0.533705,-0.14039,-0.34494,0.078471,0.124746,4.7e-05,-0.261751,0.0,0.42064,-0.654606,0.526769,0.320194,-0.245021,0.420328,0.20152,0.49417,0.324061,-0.300286,0.062532,0.592163,-0.406051,-0.013592,0.313159,0.29721,-0.03873,-0.146595,0.282688,0.106171,0.372208,0.282663,0.227687,0.293177,0.056832,0.611822,-0.150349,-0.208551,0.052896,0.521391,0.098545,0.407997,-0.006604,-0.43008,-0.204676,0.155659,-0.105979,-0.006604,-0.427442,-0.16548,-0.048627,-0.057417,-0.42658,0.052643,0.509175,0.063437,0.103894,-0.814453,-0.150693,-0.188843,0.067764,-0.665926,0.240838,0.194672,0.526607,0.301847,-0.106778,0.583076,-0.432365,0.36189,0.348522,-0.048627,-0.267715,-0.003742,0.114351,-0.350479,-0.003742,-0.16548,-0.133017,0.403248,-0.271998,-0.43185,-0.114325,-0.165566,-0.533922,-0.048627,-0.122331,-0.068234,-0.246747,-0.057417,-0.422844,0.479677,-0.114325,0.19047,0.360486,-0.265479,0.275733,-0.311775,0.068338,-0.221799,0.055351,-0.111444,0.480992,0.067764,0.332236,0.0,-0.227627,0.308629,0.052643,0.381843,-0.230574,-0.407789,-0.453162,-0.122331,-0.501945,-0.114325,-0.156939,0.493832,0.545817,0.207356,-0.209807,0.068338,0.312307,0.173483,0.564711,0.367336,0.457399,0.041948,0.347187,-0.440814,-0.407732,-0.407997,0.076549,0.250068,-0.232789,0.071844,0.032687,0.591446,0.146376,0.117365,-0.547222,0.348522,-0.214037,0.803501,0.360334,-0.123016,-0.579397,-0.040788,-0.43008,0.329924,0.236717,0.04082,-0.425164,-0.551536,-0.1576,0.315566,-0.428366,-0.261738,0.142123,0.250068,-0.149795,-0.040788,-0.57737,-0.211539,-0.386297,-0.156736,-0.451896,-0.030336,0.136677,#
15,0.016976,-0.075264,-0.168063,0.172677,-0.544127,-0.208618,-0.162438,-0.183274,-0.460695,-0.153583,0.176286,0.429069,-0.327359,-0.186041,-0.378639,1.0,0.275002,0.030411,0.164336,0.054145,0.069786,-0.202624,-0.27391,-0.413764,0.386926,-0.126445,-0.382573,-0.364044,-0.26185,-0.190779,-0.498688,0.033408,0.225375,-0.047581,0.730912,-0.25468,-0.378299,0.549705,0.0,0.466198,0.184228,-0.173577,0.210544,0.036947,0.404638,0.019148,-0.585613,-0.539078,-0.172228,-0.115136,-0.115136,0.549684,-0.346081,0.435776,0.033787,0.455165,0.484414,-0.350438,0.269757,0.480225,-0.133354,-0.53384,-0.325898,0.001091,0.216289,-0.316039,-0.222914,-0.092646,-0.284575,-0.088177,0.050468,0.464856,0.225375,0.06359,0.480386,-0.248474,0.08063,0.43865,0.503328,0.65621,-0.119161,-0.183425,0.237502,-0.206854,-0.00107,0.055921,0.462371,0.122979,0.239335,-0.344688,0.243948,-0.473495,0.501264,-0.527079,0.35296,0.117698,0.441969,-0.54412,-0.809661,0.162102,-0.232398,-0.082429,0.181463,0.532816,0.142989,0.118783,0.496964,-0.248552,-0.154614,0.383554,-0.172206,0.281718,0.045267,0.369015,-0.524301,-0.018781,-0.218737,0.222866,-0.347897,0.283682,0.237502,0.546439,-0.421415,0.369015,-0.280991,0.280293,0.513765,-0.250102,0.0,0.339096,-0.060573,0.313397,-0.305633,-0.160673,-0.43519,0.239316,0.0,-0.332233,-0.240173,-0.039586,0.197203,0.326372,0.275138,-0.089293,-0.274016,0.320403,-0.06487,-0.369156,0.042355,0.056145,-0.270587,0.198394,0.339096,-0.007582,-0.263949,-0.330396,-0.634435,-0.225964,0.024395,-0.010156,-0.230113,0.361001,-0.253546,-0.410089,-0.482671,-0.110394,-0.200912,0.034444,-0.216287,0.083614,0.051939,0.475982,-0.044866,0.405621,-0.183544,-0.286454,0.0,-0.054307,-0.180222,0.480386,-0.003656,-0.031523,0.283456,0.483376,0.420468,0.152631,0.466432,-0.199139,-0.094121,-0.291277,-0.06982,-0.090176,-0.606783,0.240707,-0.519166,0.19858,-0.263147,0.461506,0.009738,-0.760251,#
16,0.270049,-0.495501,-0.249718,0.200806,0.214646,-0.014195,-0.499164,-0.053567,-0.740328,-0.496231,0.001073,0.172941,-0.408043,-0.017876,-0.407913,0.275002,1.0,-0.33328,-0.452094,-0.324644,-0.321048,-0.221448,-0.488869,0.092703,0.256692,-0.117705,-0.221227,0.293628,-0.367671,-0.249734,0.283293,-0.215944,-0.166632,-0.32696,0.27376,0.501145,-0.76043,0.148556,0.0,0.60216,0.51926,-0.499026,0.260957,-0.225794,-0.326989,0.294733,-0.499152,-0.600251,-0.799024,0.102413,0.102413,-0.183393,-0.40774,0.270886,-0.205904,-0.319936,0.070618,0.222534,0.010613,0.077004,-0.564471,-0.194913,0.256732,0.142555,0.353213,0.255578,-0.249878,0.358776,-0.227097,-0.147715,-0.215073,0.255411,-0.166632,-0.174442,0.348633,-0.303774,0.118575,0.260329,0.357578,0.516886,-0.125502,0.032701,0.026584,0.541023,0.348633,-0.217563,0.357578,-0.406133,0.516886,0.275386,-0.374015,0.340427,0.5981,-0.608906,0.468601,-0.406611,-0.325958,0.218841,-0.407577,0.505764,0.123785,-0.327093,0.516886,0.036836,0.49435,0.133646,0.331336,0.020641,0.408278,0.815488,-0.497305,-0.166632,0.357578,0.197853,-0.120672,-0.327093,0.032701,0.26718,-0.277969,0.445592,0.026584,-0.174442,-0.758621,0.774257,0.198459,-0.497975,0.092631,-0.556463,-0.178846,-0.249821,-0.072617,0.441847,-0.388748,-0.295076,-0.236297,-0.497505,0.0,-0.407962,-0.778472,0.348633,-0.166632,-0.110839,0.345856,0.268078,-0.333975,0.298807,-0.327086,-0.588502,-0.169353,0.115634,0.223979,0.28492,-0.249821,-0.326721,0.20201,-0.40738,-0.497252,-0.930068,-0.18422,-0.327065,-0.029744,-0.249786,0.363561,-0.217563,-0.610488,-0.102367,0.422796,0.332695,-0.249805,-0.406249,0.62809,0.385206,-0.327093,-0.067317,-0.518603,-0.318063,0.248924,-0.076934,0.022363,0.348633,-0.330942,-0.564066,0.37324,0.341498,0.224873,0.061406,-0.341468,0.192396,0.54061,-0.406737,-0.110998,0.217876,0.022363,0.409351,-0.099743,0.479894,-0.327126,0.20201,-0.7232,-0.249821,#
17,-0.070844,0.7266,0.402295,0.247573,0.371966,-0.606756,0.250341,0.169473,0.036229,0.319332,-0.174116,-0.127217,0.142106,-0.175759,-0.321582,0.030411,-0.33328,1.0,0.491856,0.077142,0.474763,0.440167,0.188617,0.063614,-0.531364,0.362343,0.491419,-0.407323,-0.273594,0.361107,-0.435366,0.009172,0.239886,0.491267,-0.401975,-0.331574,0.587659,-0.366597,-5.2e-05,-0.450265,-0.292101,0.245217,0.716431,-0.366321,-0.034402,-0.487049,0.261694,0.389895,0.151648,-0.220775,0.460967,0.104947,-0.357099,0.084644,0.474369,-0.054547,-0.253602,-0.374695,-0.36683,-0.234453,-0.086732,0.251649,-0.37218,-0.107056,-0.437425,0.112845,0.359728,0.160559,0.627307,0.072885,-0.009621,0.006166,0.239886,0.116467,0.014099,0.30964,-0.75196,-0.54633,-0.013548,-0.285968,-0.112808,-0.151734,-0.176096,0.139046,-0.473955,-0.030233,-0.562013,0.584676,0.170427,0.160828,0.738831,-0.501126,0.025997,0.370464,-0.207291,0.137683,-0.004469,0.375566,-0.330563,-0.277678,-0.249585,-0.510658,-0.305855,0.453259,-0.73817,-0.316104,-0.503989,-0.622405,-0.597982,-0.167591,0.23741,0.211329,0.487937,-0.134968,0.322717,0.488869,-0.18753,-0.415792,0.20241,-0.169656,-0.176096,0.098986,0.116467,-0.620077,-0.240759,0.258947,-0.006985,-0.18164,0.484467,-0.159027,-0.019528,-0.246406,0.173948,-0.220758,0.023082,0.267566,0.0,0.143183,0.562121,-0.512999,-0.502619,0.337811,0.212852,-0.267025,-0.268882,0.466889,-0.006684,0.334438,-0.463266,0.002148,-0.366059,0.184124,-0.159027,0.004831,-0.278072,-0.316104,0.274978,0.258579,-0.370519,-0.053079,0.190875,0.316787,0.252737,0.479955,-0.035081,0.797739,-0.229312,0.013449,-0.213802,0.112609,-0.885429,0.005361,-0.472581,-0.061728,-0.21287,-0.282838,-0.014207,-0.027949,-0.207339,0.014099,-0.035334,-0.166165,-0.343128,-0.02456,-0.061809,0.319019,-0.057637,-0.290494,-0.098013,0.128637,-0.157146,0.381735,-0.172747,0.201976,0.309983,-0.315142,0.297918,-0.304336,0.044093,-0.192056,#
18,0.25463,0.624959,0.371889,0.404555,-0.134108,-0.135344,0.061417,-0.387185,0.16699,0.554561,0.386257,-0.255775,-0.021477,-0.036995,-0.148402,0.164336,-0.452094,0.491856,1.0,-0.05826,0.41536,-0.215979,-0.004683,-0.088143,0.154064,0.162091,-0.18859,-0.345855,0.262582,0.326523,-0.218611,-0.345736,0.199683,0.437341,-0.37291,-0.551711,0.351487,0.262182,-5.9e-05,-0.238951,-0.524192,0.055606,0.470495,0.085945,0.262479,-0.502754,0.093007,0.196616,0.577799,-0.17267,-0.047637,0.679341,-0.181615,0.298463,0.22918,0.505695,-0.22465,-0.302491,-0.034404,-0.226081,0.679562,0.201664,-0.326119,-0.023706,-0.335303,-0.234891,0.299439,-0.169034,-0.236492,0.714468,-0.351766,0.248704,0.199683,0.732506,0.185236,0.488661,-0.216614,0.151148,0.136382,-0.103034,-0.366753,0.457727,0.400664,-0.001867,-0.374202,-0.355855,-0.492303,0.486687,0.032597,-0.185061,0.448305,-0.409118,-0.111637,0.16986,-0.035206,0.406171,0.304803,-0.132362,-0.122693,-0.079291,-0.195397,-0.300312,-0.125829,-0.01731,-0.631368,0.306085,-0.437446,-0.100582,-0.490338,-0.290716,0.047435,0.166948,0.285413,-0.281491,-0.278766,0.433191,0.416695,-0.366795,0.368662,0.01784,0.400664,0.712468,0.259114,-0.370461,-0.201473,0.497725,-0.172147,0.535629,0.823611,0.205423,0.5693,0.16476,-0.201529,0.388043,-0.275589,0.497284,0.0,-0.001016,0.19678,-0.418957,0.036008,0.151694,-0.345644,-0.286189,0.306795,0.607892,0.306699,0.133655,0.054011,-0.160636,-0.300694,0.353094,0.205423,0.307204,-0.209987,-0.132339,0.112663,0.294369,0.159113,0.259498,-0.456612,0.250259,-0.289703,-0.204237,0.123693,0.247257,0.169182,0.180994,0.172949,-0.054477,-0.738472,0.147489,-0.256665,0.50891,-0.019605,0.311959,0.302513,0.1455,-0.030606,0.185236,-0.175459,0.586259,-0.472684,0.140212,0.240072,-0.022456,0.274851,-0.228572,-0.127511,-0.022826,-0.435981,-0.126716,0.028872,-0.019405,-0.294741,-0.540526,0.458502,-0.240092,0.193998,-0.309187,#
19,-0.423954,0.311118,0.290183,-0.089738,-0.422876,-0.269044,0.205439,0.211661,0.011431,0.342423,-0.182224,-0.423821,0.802575,0.176719,0.32597,0.054145,-0.324644,0.077142,-0.05826,1.0,0.126412,0.547958,0.246548,-0.529898,-0.424738,-0.317517,0.414519,-0.278456,-0.220931,-0.324433,-0.634325,0.430744,0.544111,0.104918,0.295737,-0.240012,0.407706,-0.08835,5.3e-05,-0.530116,0.626457,0.657914,-0.157343,-0.071123,0.051983,0.049046,0.176719,0.463064,0.438364,0.309952,0.309952,0.048502,-0.130891,0.094753,-0.547317,0.289191,0.268719,-0.159419,0.580724,0.277058,0.066689,-0.228121,-0.546423,0.221818,0.248438,0.21258,0.233524,0.495995,0.140545,-0.402174,0.433008,0.077142,0.544111,-0.005148,-0.013332,0.212293,0.341557,-0.424448,-0.005148,-0.153188,0.088967,-0.153188,-0.158843,-0.648138,0.406616,0.441999,-0.126018,0.404596,-0.153188,0.304866,-0.150169,-0.571665,-0.039744,0.029931,-0.370402,0.419213,0.579105,-0.424904,-0.131741,-0.648908,0.341034,-0.015385,-0.648197,-0.086039,-0.272243,-0.025498,-0.04251,-0.272243,-0.408021,0.02289,0.672983,-0.216474,-0.005148,-0.424922,0.097337,0.101628,-0.648197,-0.198795,0.371428,-0.4048,-0.158843,-0.005148,0.417896,-0.424922,0.178308,0.287001,-0.529489,0.027932,0.110653,0.284447,-0.292424,0.192876,-0.190929,0.371156,-0.034693,0.264515,0.0,0.341557,0.099293,-0.133317,-0.216474,0.127167,-0.324546,-0.182349,-0.198795,-0.213137,-0.424922,0.234824,-0.118637,-0.100101,-0.607585,-0.166855,0.284447,0.122139,0.192362,0.366297,0.144329,0.475323,0.39496,-0.424894,-0.003676,-0.3245,-0.324711,0.441999,0.11474,0.129137,-0.324011,-0.507885,-0.324525,0.768388,-0.169372,-0.090363,0.511174,-0.287243,0.173069,0.328355,0.111575,0.03839,-0.278164,-0.013332,0.475329,0.208399,-0.334827,-0.513411,-0.40507,-0.179698,0.067986,-0.475772,-0.772545,0.327781,0.11474,0.057181,-0.278164,-0.279846,-0.421247,-0.275649,0.275142,0.192362,0.294147,0.149116,#
20,-0.419258,0.111544,0.670721,0.357862,-0.10013,-0.64096,0.288614,-0.172613,-0.089218,0.135877,-0.15454,-0.419127,-0.047335,-0.641273,-0.524055,0.069786,-0.321048,0.474763,0.41536,0.126412,1.0,-0.103231,-0.12754,-0.187153,0.105982,0.546103,-0.134211,-0.861819,-0.327919,0.106946,-0.028958,-0.506226,-0.214076,0.974553,-0.041953,0.148697,0.470023,-0.523497,0.0,-0.013617,-0.183143,-0.171914,0.370637,-0.456615,0.142531,0.337785,-0.328965,0.068756,0.005435,-0.642461,0.146014,0.064155,-0.523832,0.496081,-0.010698,-0.051295,-0.305001,0.297093,0.299983,-0.328452,0.302267,-0.166939,-0.654375,-0.601649,-0.551723,-0.515973,-0.321024,-0.17987,0.39407,-0.055225,-0.467727,0.092752,-0.214076,0.478534,0.466902,0.389227,-0.049565,-0.419746,0.120511,-0.161851,0.542018,0.163981,0.344115,-0.307398,-0.097562,-0.439226,-0.405993,0.519544,0.163981,0.375508,0.41285,-0.063529,0.462953,0.102813,-0.783277,-0.013568,0.119647,-0.052825,-0.187008,0.192832,0.173742,0.130258,-0.123518,0.053119,-0.13543,-0.035758,0.093923,0.183352,0.060937,-0.418766,-0.144055,-0.214076,0.478534,0.140841,0.554071,0.986563,0.202314,-0.039662,0.441496,0.093822,0.344115,0.478534,0.478534,-0.420215,0.277193,-0.138206,0.011,0.132734,0.424163,0.268551,0.554071,-0.319469,0.377088,-0.374334,0.456256,0.378276,0.0,0.785649,0.211004,-0.05575,-0.214076,0.579163,0.315711,0.492742,0.364886,0.277167,0.4941,0.480488,-0.400846,-0.523244,-0.484225,0.387932,0.268551,0.109346,0.288292,-0.035758,-0.266484,0.132764,0.454816,-0.420188,0.252205,0.27802,0.091747,-0.07499,0.046136,0.577189,-0.320422,-0.605188,-0.32093,0.4895,-0.495451,0.542806,0.089482,0.233754,-0.623734,-0.254426,0.099125,0.535114,-0.091454,0.466902,-0.379705,0.201517,-0.294201,-0.028088,0.161171,-0.252709,-0.392783,0.275936,0.019738,-0.020835,-0.289996,-0.016968,-0.258156,0.068764,0.115577,-0.139998,0.370513,0.288292,0.529746,0.07991,#
