0,1.0,0.683528,0.025865,-0.00402,0.036454,0.0249,-0.077452,-0.191201,0.248276,0.322316,-0.381021,-0.178543,0.817937,0.803456,0.058648,-0.499066,-0.360837,0.680019,-0.353312,-0.006289,0.042264,0.786682,0.683528,0.322316,-0.172483,0.052618,0.406629,-0.110636,0.29213,0.652202,0.243558,0.235099,-0.332797,-0.235641,0.036604,0.226636,-0.027267,-0.141447,0.322315,-0.65343,-0.332797,0.074947,-0.00872,-0.05112,0.29109,-0.430065,0.497301,0.031872,-0.325168,0.653804,0.066383,-0.346448,-0.299194,0.405504,-0.52938,-0.199521,-0.0222,0.287255,0.39454,0.421102,0.795419,-0.308715,-0.382294,-0.160356,0.159737,0.548257,-0.332797,0.700492,0.521917,-0.077979,-0.051152,0.374134,-0.499196,-0.028884,-0.814756,0.305266,0.238453,-0.436979,-0.498941,-0.022737,-0.238061,-0.207574,-0.007861,0.405902,-0.196534,-0.224729,0.221298,-0.024453,0.031445,-0.653601,-0.007336,-0.427967,-0.241884,0.38985,0.38994,0.204143,0.413415,-0.627578,-0.235053,-0.230882,0.653804,-0.002806,0.173173,0.503127,-0.653256,-0.233516,-0.224729,-0.229875,-0.653601,0.112992,0.131102,0.501969,-0.186882,-0.007861,-0.186681,0.415332,0.011792,-0.81473,0.436476,-0.352274,-0.224729,-0.211765,-0.007336,-0.047785,-0.386444,0.398412,-0.007861,0.120803,0.440003,0.649327,-0.396037,-0.241884,-0.412085,-0.176185,-0.649101,-0.007861,-0.332797,-0.443908,0.508515,-0.196534,-0.027515,-0.371753,-0.420341,-0.524816,-0.238061,-0.131589,-0.332797,0.019355,-0.403801,-0.397964,-0.030923,-0.804396,0.542433,-0.414011,-0.24612,-0.224729,0.598408,0.711436,-0.015041,-0.653228,-0.406986,-0.332797,0.443908,-0.683354,0.2163,0.819437,-0.332797,0.075048,-0.212257,-0.332797,-0.219318,0.103868,-0.653228,-0.649101,-0.001228,-0.649101,0.0,0.510999,0.819437,-0.411673,0.413133,-0.205805,-0.469114,-0.178565,0.422663,-0.225847,0.422663,-0.482431,-0.4065,0.258263,0.007844,0.236689,0.351466,0.236689,0.098422,0.069806,0.023985,-0.232002,0.811032,0.238199,#
1,0.683528,1.0,0.220973,-0.110557,-0.096247,0.255858,0.32458,0.431472,0.272744,0.273211,-0.38762,-0.59595,0.835239,0.569171,-0.025037,-0.269442,-0.099998,0.30454,0.026601,0.069157,-0.206305,0.569211,1.0,0.273211,-0.082492,-0.195513,0.405621,-0.64404,0.116547,0.479552,-0.217325,0.152303,0.217453,0.000426,-0.075412,0.251402,0.291375,-0.117093,0.273211,-0.996237,-0.507391,0.459297,-0.259604,0.222473,0.495202,-0.555516,0.792357,0.118462,-0.05378,0.577087,-0.3254,-0.224815,-0.099379,0.39194,-0.374538,-0.096485,0.24356,-0.353329,-0.075846,0.577371,0.829645,-0.485349,-0.280032,0.104037,0.293425,0.485778,-0.507391,0.950839,0.91731,-0.147462,0.154301,0.43516,-0.259271,-0.3551,-0.779267,0.517232,-0.065703,-0.3225,-0.201818,-0.193266,0.013076,-0.521974,-0.238362,0.345877,-0.669087,-0.540225,-0.065703,0.111974,-0.217453,-0.996496,-0.129939,-0.502519,-0.503723,0.403726,-0.065071,-0.029201,0.765736,-0.620016,-0.202414,-0.268018,0.577087,0.326014,0.231892,0.305271,-0.503458,-0.073327,-0.540225,-0.07836,-0.996496,-0.383797,0.255534,0.36923,-0.276439,-0.238362,-0.005145,0.101687,-0.217453,-0.850991,0.071703,-0.752271,-0.540225,-0.699307,-0.129939,-0.393301,-0.216416,0.097384,-0.238362,0.44164,-0.112978,0.440549,-0.560704,-0.503723,-0.536312,0.13339,-0.478887,-0.238362,0.161696,-0.397313,0.507795,-0.635633,-0.196544,-0.120737,-0.837407,-0.301438,0.013076,-0.167436,-0.507391,0.408046,-0.137784,-0.798975,-0.080109,-0.563973,0.32618,-0.816047,-0.410291,-0.540225,0.680509,0.961018,-0.080109,-0.575668,-0.122108,0.217453,0.529401,-0.460666,0.063451,0.832214,-0.507391,-0.09689,-0.635633,-0.507391,-0.090766,-0.390447,-0.575668,-0.478887,0.159788,-0.478887,0.0,0.764497,0.832214,-0.558724,0.577764,-0.154682,-0.212168,0.049799,0.410092,0.194963,0.410092,-0.343887,-0.564746,0.347989,0.177711,0.543837,0.516407,0.110033,0.337399,0.383612,0.24637,-0.414919,0.382924,0.011797,#
2,0.025865,0.220973,1.0,0.590214,0.08714,-0.255134,-0.004274,-0.213618,-0.01292,-0.631442,-0.143179,-0.029784,0.111883,-0.088187,-0.433486,-0.411924,0.08548,0.086102,-0.136259,0.408257,0.249189,-0.112189,0.220973,-0.631442,0.32612,-0.372511,0.142305,0.030367,-0.374703,-0.168037,0.458355,-0.171884,0.199403,-0.180378,0.099886,0.020695,0.599017,-0.29633,-0.631442,-0.268066,0.166169,0.340835,-0.26981,-0.308495,-0.240793,-0.007994,0.09589,0.9604,0.369434,-0.324033,0.331451,0.441987,-0.099701,-0.127042,0.331488,0.660399,0.390993,-0.404412,-0.17959,0.621983,0.154261,-0.714895,0.600144,-0.133609,0.111321,0.341918,0.132935,0.386415,0.290547,0.690691,0.968055,0.809424,0.249253,-0.101757,-0.113201,-0.210627,0.304593,-0.559458,0.25055,-0.356304,0.761508,0.282836,0.249253,0.141505,-0.059821,0.304593,0.282836,0.407995,0.249253,-0.261079,0.05558,0.087677,-0.239323,0.151819,0.146199,-0.239323,0.631183,-0.468535,0.049196,0.040029,-0.324033,0.25055,0.029283,0.224328,0.327432,0.326163,0.304593,0.198807,-0.261079,0.023635,0.582323,-0.394775,-0.046264,0.224328,0.739787,-0.116221,0.199403,-0.150578,0.386678,-0.216918,0.304593,-0.052731,0.589629,0.403175,0.381342,-0.080146,0.224328,0.740184,0.110731,-0.175412,0.07612,-0.217566,0.067535,0.315261,0.175045,0.249253,0.166169,-0.064984,0.760564,-0.01994,0.249253,0.590538,-0.158747,-0.013172,0.761508,0.758113,0.132935,0.151786,0.590538,-0.162812,0.611369,0.062162,0.224328,-0.14246,-0.315591,0.304593,-0.090001,0.295578,0.631511,-0.250493,-0.181477,0.199403,-0.064984,0.218486,0.249151,0.14593,-0.69791,0.109071,-0.03988,0.132935,-0.460277,-0.310297,0.303984,0.175045,-0.56963,0.175045,0.0,0.426181,0.14593,-0.439152,-0.049307,-0.45843,-0.410758,0.748927,0.125802,0.063967,0.125802,0.349665,-0.564761,0.048207,0.996327,0.242406,-0.123532,-0.317821,0.261383,0.083469,-0.216179,0.223213,0.146199,-0.144692,#
3,-0.00402,-0.110557,0.590214,1.0,0.151247,0.074973,-0.250213,-0.394549,-0.423975,-0.408085,0.250366,0.425418,-0.249101,-0.176286,-0.279944,-0.118726,-0.273339,0.087112,-0.576587,0.661324,-0.118726,0.237516,-0.110557,-0.408085,0.060828,-0.611516,-0.271663,0.069829,-0.107975,-0.368324,0.403277,-0.520368,-0.408085,-0.372901,0.188852,-0.37111,0.107767,-0.240059,-0.408085,0.07182,0.263447,0.407385,-0.490801,0.017658,-0.366196,0.52294,-0.219936,0.779652,0.462593,-0.424872,0.601864,0.737157,0.155881,-0.094343,0.010336,0.065552,0.597992,-0.133229,-0.294543,0.327428,-0.266332,-0.438499,0.337,-0.453866,0.474618,-0.092231,0.263447,0.079109,0.075542,0.580672,0.555369,0.584793,0.395171,0.2499,-0.188965,-0.367138,0.077779,-0.587526,-0.122806,-0.093163,0.774328,0.534308,0.395171,0.169699,0.402919,0.5174,0.534308,0.247249,-0.108478,0.077779,0.584256,0.160772,0.094688,-0.233746,0.177662,0.111596,0.152734,-0.417838,-0.015475,0.420818,-0.424872,-0.103998,0.0,0.414542,0.060839,0.534341,0.5174,-0.253347,0.077779,0.105182,0.267627,-0.108385,0.398082,0.395171,0.318549,-0.122373,0.414542,0.227819,0.2499,-0.25172,0.5174,0.013598,0.999301,0.273724,0.118031,0.2684,0.395171,0.383215,0.015611,0.130954,0.153247,0.094688,0.145119,-0.031822,0.318549,0.395171,0.263447,0.265142,0.488804,0.0,0.414542,0.136941,-0.151873,0.45125,0.774328,0.584793,0.263447,-0.397388,0.547577,0.2499,0.567768,0.136941,-0.089107,0.234084,-0.094532,0.5174,-0.467881,-0.073468,0.145119,0.068947,-0.277324,-0.408085,-0.147625,0.318549,-0.094532,-0.220566,-0.408085,0.121885,0.418416,0.263447,-0.493751,0.134227,0.517105,0.318549,-0.588716,0.318549,0.0,0.120965,-0.220566,0.169699,-0.169213,-0.417409,-0.144029,0.360759,-0.220566,-0.02504,-0.220566,0.078682,0.060709,-0.440861,0.581245,-0.065308,-0.243213,-0.500698,0.374216,-0.290528,-0.378255,-0.109406,0.193625,0.149863,#
4,0.036454,-0.096247,0.08714,0.151247,1.0,-0.434189,-0.365488,-0.407609,-0.803269,-0.407334,-0.204041,0.007825,-0.222841,0.267277,0.549002,0.380672,-0.248963,0.414505,0.299092,0.65616,-0.074219,-0.145387,-0.096247,-0.407334,0.0843,0.42121,-0.213876,0.545682,0.317131,0.140849,-0.02302,-0.106847,-0.407334,-0.386789,0.200766,0.041684,-0.313181,-0.212815,-0.407334,0.059837,-0.407334,-0.077005,0.083732,-0.461539,-0.31694,0.156225,0.232913,0.166399,-0.094691,-0.395197,0.604176,0.048648,-0.333706,0.177211,0.600997,-0.057572,-0.429205,-0.138254,-0.218156,-0.31798,-0.224998,0.188434,0.336197,0.608311,-0.18027,-0.087298,0.240084,0.094096,-0.165085,0.262776,0.063613,-0.116928,-0.125437,0.274219,-0.199945,0.314861,0.524495,-0.583939,-0.139239,-0.11066,-0.125386,-0.376153,-0.105205,0.602019,-0.024278,0.065341,0.065341,-0.167403,-0.084974,0.065341,0.564807,-0.25322,0.542155,-0.224338,0.204876,0.11832,0.16476,-0.428322,-0.428322,-0.020873,-0.395197,-0.610689,-0.428322,-0.105205,-0.384101,0.525255,0.065341,-0.540813,0.065341,0.123789,-0.171917,-0.610478,-0.033123,0.380358,-0.143016,-0.186137,-0.125437,0.202358,-0.155281,0.169728,0.065341,0.383952,0.147993,0.243486,0.117354,-0.578294,0.380358,0.283983,-0.142972,-0.339666,0.58148,0.11832,-0.285919,-0.063923,-0.160647,-0.105205,0.240084,-0.192223,-0.212068,0.428914,0.420822,-0.297112,0.226145,-0.244738,-0.125386,0.403679,0.240084,-0.316577,-0.313607,-0.188319,-0.25322,-0.313607,-0.084974,0.224661,-0.558895,0.065341,-0.062194,0.054396,0.171859,0.057185,-0.414933,-0.407334,-0.157734,0.315383,-0.541264,-0.221279,0.26706,0.599879,0.008093,0.240084,0.118174,-0.159199,0.039182,-0.160647,-0.145977,-0.160647,0.0,-0.395939,-0.221279,-0.290118,0.247929,-0.39408,0.365308,-0.117565,-0.237617,-0.441719,-0.237617,0.076478,-0.243238,-0.348774,0.076478,-0.098708,-0.263211,-0.081218,0.363132,-0.686288,-0.395939,0.357215,-0.195265,0.558912,#
5,0.0249,0.255858,-0.255134,0.074973,-0.434189,1.0,-0.220417,0.346879,0.045933,0.238195,0.348264,0.029454,0.175773,-0.033868,-0.350564,0.188746,0.032213,-0.011069,-0.178204,-0.109218,-0.403302,0.468363,0.255858,0.238195,-0.288973,-0.414817,0.14692,-0.543949,-0.259343,-0.180688,-0.501843,0.20128,0.173818,-0.151082,0.065501,0.020786,0.016788,0.61737,0.238195,-0.234354,0.141629,0.189242,-0.23159,0.972638,0.626501,-0.034238,0.108171,-0.232498,0.130561,0.341197,-0.290733,0.409448,0.303329,0.612488,-0.338866,-0.586712,0.406961,-0.289376,-0.09117,-0.083794,0.136843,0.193825,-0.28313,-0.361745,0.49508,-0.365682,-0.663083,0.17119,0.32848,-0.035696,-0.320211,-0.194811,0.188302,0.386342,-0.118092,-0.153731,-0.775461,0.422837,-0.348837,-0.338955,0.187607,-0.227581,0.212444,-0.406436,-0.038626,-0.248653,-0.227581,-0.059845,-0.39109,-0.248653,0.063662,0.111543,-0.206509,-0.329053,-0.378694,0.341371,0.088921,0.017017,0.017017,-0.041354,0.341197,0.260594,0.036304,0.236585,-0.216525,-0.236296,-0.248653,-0.438917,-0.248653,-0.223372,-0.000487,0.310531,0.425796,-0.39109,-0.380411,-0.543462,-0.366949,-0.171952,-0.126153,-0.449943,-0.248653,-0.504693,0.063662,-0.599739,-0.287128,0.423176,-0.39109,-0.290627,-0.1918,0.357294,-0.45359,0.320299,0.072526,-0.145008,0.145531,0.212444,0.109441,-0.133142,-0.089001,-0.50214,-0.342807,-0.44252,-0.607389,0.54298,0.187607,-0.269356,-0.663083,-0.369138,0.049555,-0.126153,0.111543,0.049555,-0.366949,-0.145864,0.224732,-0.248653,0.100128,0.16239,-0.395678,0.257778,0.252367,0.173818,-0.112566,0.166569,-0.30121,0.170339,0.141629,0.009118,-0.0,-0.663083,-0.072974,-0.019847,-0.279259,0.145531,0.455445,0.145531,0.0,0.395727,0.170339,0.075616,-0.054794,0.535286,0.201738,-0.327948,-0.317041,0.481413,-0.317041,-0.28142,0.123202,0.050728,-0.28142,-0.268433,0.668028,-0.247564,0.204252,0.10682,0.395727,-0.331659,0.138558,0.321146,#
6,-0.077452,0.32458,-0.004274,-0.250213,-0.365488,-0.220417,1.0,0.694252,0.376038,0.408723,-0.191704,-0.434041,0.136304,-0.183475,0.146815,-0.083362,0.066899,-0.535991,0.137357,-0.143366,-0.259183,-0.102807,0.32458,0.408723,-0.045739,-0.252699,-0.204868,-0.650688,0.275185,0.047042,-0.165458,-0.428472,0.351559,0.689784,-0.398754,-0.128543,0.141252,-0.518682,0.408723,-0.332014,-0.391574,0.508115,-0.274354,-0.127351,-0.129376,-0.093267,0.140474,-0.083486,0.189422,0.105753,-0.596675,-0.400292,0.147786,-0.646245,-0.392397,0.207731,0.283091,-0.132925,-0.269493,0.393268,0.147773,-0.394021,-0.264508,0.175957,0.008862,0.357618,0.294395,0.160933,0.40117,-0.557074,0.081956,0.199572,-0.072884,-0.959157,-0.070279,0.487152,-0.039294,-0.016038,0.485443,0.52444,-0.033295,0.054263,-0.587361,0.13114,-0.420156,-0.319964,0.054263,0.274524,-0.265813,-0.319964,-0.261551,-0.198804,-0.319964,0.536256,-0.283373,-0.394809,0.050994,0.160678,0.160678,0.092428,0.105753,0.402189,0.503189,-0.15863,0.176513,0.120058,-0.319964,0.651011,-0.319964,-0.510091,-0.052786,0.447561,-0.435425,-0.072884,0.246913,0.570165,0.355847,-0.131486,-0.346557,-0.409728,-0.319964,-0.519573,-0.261551,-0.265836,0.066164,-0.135663,-0.072884,0.325233,-0.388236,0.101373,-0.349878,-0.769036,-0.198804,0.248557,-0.033295,-0.587361,0.294395,0.345538,0.086954,-0.505902,-0.072884,0.470458,-0.287025,-0.010535,-0.033295,-0.418229,0.294395,0.910419,0.208293,-0.189031,-0.198804,0.208293,0.162918,-0.539088,0.037032,-0.319964,0.111922,0.185395,-0.285417,-0.337734,0.183676,0.351559,0.54652,-0.406907,0.31724,0.12453,-0.391574,-0.780157,-0.420156,0.294395,0.265038,-0.166161,0.120058,-0.033295,-0.005803,-0.033295,0.0,0.08061,0.12453,0.220316,0.238588,-0.246442,-0.047148,0.272058,0.539993,0.152,0.539993,-0.010318,0.164892,0.062076,-0.010318,0.768931,-0.280654,0.324181,-0.099094,0.564518,0.08061,-0.559548,-0.354034,-0.76478,#
7,-0.191201,0.431472,-0.213618,-0.394549,-0.407609,0.346879,0.694252,1.0,0.27957,0.563543,-0.139313,-0.651767,0.147422,-0.027552,0.105256,0.165467,0.066146,-0.645778,0.264537,-0.134831,-0.326324,-0.022732,0.431472,0.563543,-0.005896,-0.326082,0.146273,-0.777797,-0.031101,0.07715,-0.652431,0.032483,0.507746,0.569703,-0.386395,-0.217477,0.107131,0.08079,0.563543,-0.427257,-0.217606,0.381129,-0.109165,0.415333,0.330011,-0.326117,0.467955,-0.338972,0.036457,0.273402,-0.825299,-0.295812,0.463766,-0.133503,-0.220316,-0.1223,0.349106,-0.435707,-0.401325,0.251608,0.133346,-0.202621,-0.479319,0.264042,0.204506,-0.066972,-0.217606,0.200333,0.437247,-0.663712,-0.209374,-0.035966,0.175758,-0.533023,-0.069488,0.310683,-0.427369,0.386949,0.23303,0.241561,-0.081729,-0.427369,-0.326408,0.053249,-0.652817,-0.427369,-0.427369,-0.069488,-0.326408,-0.427369,-0.409564,-0.33359,-0.427369,0.120821,-0.34465,-0.427369,0.056597,0.24877,0.24877,0.167399,0.273402,0.23303,0.24877,-0.326408,0.065714,-0.006571,-0.427369,0.343608,-0.427369,-0.765626,-0.094177,0.280911,-0.27006,-0.326408,-0.081729,-0.061894,-0.326408,-0.141286,-0.533023,-0.511667,-0.427369,-0.651306,-0.409564,-0.531296,-0.198195,-0.076045,-0.326408,-0.016295,-0.642458,0.042167,-0.409564,-0.427369,-0.33359,0.37894,-0.081729,-0.326408,0.45195,0.311569,-0.082149,-0.652817,-0.326408,0.056597,-0.531803,0.136892,-0.081729,-0.638984,-0.217606,0.553269,0.056597,-0.533023,-0.33359,0.056597,-0.326408,-0.533023,-0.013085,-0.427369,0.361423,0.274647,-0.33359,-0.006571,0.463758,0.507746,0.311569,-0.081729,-0.013085,0.113419,-0.217606,-0.450475,-0.652817,-0.217606,0.316713,-0.412836,-0.006571,-0.081729,0.380363,-0.081729,0.0,0.313428,0.113419,0.053249,0.373827,0.240545,0.202814,-0.070598,0.113419,0.641184,0.113419,-0.256437,0.051175,0.279548,-0.256437,0.414438,0.202214,-0.019671,0.150458,0.551126,0.313428,-0.498251,-0.34465,-0.425004,#
8,0.248276,0.272744,-0.01292,-0.423975,-0.803269,0.045933,0.376038,0.27957,1.0,0.378606,-0.005598,-0.217354,0.437862,0.041862,-0.336504,-0.499172,0.385186,-0.163143,-0.03902,-0.814654,0.472888,0.034607,0.272744,0.378606,0.211111,0.015992,0.421845,-0.336183,-0.142923,0.266393,0.190461,0.313424,0.327786,0.254653,-0.032489,0.190461,0.45663,-0.000947,0.378606,-0.232194,0.302376,-0.212586,0.064293,0.087159,0.425282,-0.453149,0.001294,-0.167332,-0.23294,0.529795,-0.50323,-0.472954,0.178915,-0.142461,-0.49927,0.241837,0.014089,0.269727,0.326704,0.402068,0.461253,-0.256448,-0.280736,-0.433726,0.004643,0.291231,-0.332868,0.118725,0.216087,-0.284619,0.026803,0.20861,-0.022869,-0.426351,-0.009827,-0.193249,-0.22124,0.411479,0.01034,0.018123,-0.218727,0.194625,-0.022869,-0.391727,-0.221065,-0.237875,-0.22124,0.0055,0.472622,-0.237875,-0.813965,-0.012954,-0.65374,0.423909,-0.007483,-0.22124,0.014441,0.203744,0.203744,-0.212565,0.529795,0.491429,0.218969,-0.003812,0.203155,-0.653367,-0.237875,0.693071,-0.237875,0.073804,0.324643,0.530751,-0.211689,-0.499302,0.213061,0.409424,-0.003812,-0.420311,0.382782,0.056863,-0.237875,-0.249509,-0.421348,-0.022683,-0.028903,0.406013,-0.499302,-0.218673,0.273872,0.223628,-0.421348,-0.237875,-0.012954,0.163543,-0.218727,-0.022869,-0.332868,-0.006211,0.341066,-0.221065,-0.499302,0.402888,-0.046668,-0.336279,-0.218727,-0.340622,-0.332868,0.525045,-0.001097,-0.021784,-0.012954,-0.001097,0.491679,-0.426351,0.218923,-0.237875,0.297569,0.195405,-0.012954,-0.229427,0.266406,0.327786,0.432356,-0.650516,0.650712,0.434083,-0.332868,-0.377728,-0.221065,-0.332868,-0.172385,0.062669,-0.229427,-0.218727,0.050993,-0.218727,0.0,0.510141,0.434083,0.004663,0.050993,0.236078,-0.46824,0.219169,0.434083,0.217911,0.434083,-0.005146,-0.032385,0.60685,-0.005146,0.248868,0.350252,0.248868,-0.461416,0.839159,0.510141,-0.229814,0.400839,-0.650122,#
9,0.322316,0.273211,-0.631442,-0.408085,-0.407334,0.238195,0.408723,0.563543,0.378606,1.0,-0.271984,-0.332797,0.314726,0.446101,0.332622,-0.166623,-0.407897,-0.329739,-0.270574,-0.271931,-0.166623,0.452686,0.273211,1.0,-0.218064,-0.1665,0.301154,-0.397149,0.281517,0.498741,-0.333136,0.21947,-0.111111,0.48981,-0.407858,-0.333136,-0.400541,0.13604,1.0,-0.218161,-0.111111,0.05789,0.2295,0.275039,0.249989,-0.394937,0.35292,-0.646332,-0.44314,0.666668,-0.66423,-0.643354,0.372549,-0.094386,-0.647308,-0.448635,0.178256,0.286289,0.165635,0.20966,0.253904,-0.077101,-0.948355,-0.040919,0.203009,0.033266,-0.111111,0.017943,0.123632,-0.921907,-0.64663,-0.09864,-0.166667,-0.272166,-0.272023,0.184432,-0.218218,0.367694,-0.166582,0.641046,-0.508338,-0.218218,-0.166667,0.244704,-0.333333,-0.218218,-0.218218,-0.272023,-0.166667,-0.218218,-0.407998,-0.408008,-0.218218,0.231807,0.238336,-0.218218,-0.407661,0.293711,0.293711,0.275767,0.666668,-0.166582,0.293711,-0.166667,-0.218103,-0.218093,-0.218218,0.21397,-0.218218,-0.390934,-0.395265,0.696934,-0.333145,-0.166667,-0.508338,0.39692,-0.166667,-0.272014,-0.272166,-0.261261,-0.218218,-0.332562,-0.407998,-0.271284,-0.59867,0.377572,-0.166667,-0.494328,-0.077485,0.448729,-0.407998,-0.218218,-0.408008,0.138576,-0.508338,-0.166667,-0.111111,0.355139,-0.05641,-0.333333,-0.166667,-0.407661,-0.271543,-0.127714,-0.508338,-0.956377,-0.111111,0.202195,-0.407661,-0.272166,-0.408008,-0.407661,-0.166667,-0.272166,0.175142,-0.218218,0.528613,0.153343,-0.408008,-0.218093,0.15328,-0.111111,0.355139,-0.508338,0.175142,0.264975,-0.111111,-0.395368,-0.333333,-0.111111,0.321975,0.19574,-0.218093,-0.508338,0.407787,-0.508338,0.0,0.160039,0.264975,0.244704,0.407787,0.333005,-0.14598,-0.477809,0.264975,0.300991,0.264975,-0.66523,0.260286,0.357184,-0.66523,0.211615,0.103252,0.211615,-0.142675,0.324811,0.160039,-0.508822,0.238336,-0.21701,#
10,-0.381021,-0.38762,-0.143179,0.250366,-0.204041,0.348264,-0.191704,-0.139313,-0.005598,-0.271984,1.0,0.420791,-0.570857,-0.665237,-0.219061,0.591828,0.63915,-0.037155,0.182478,-0.277892,0.091563,-0.253283,-0.38762,-0.271984,0.321643,0.081514,-0.594702,-0.095024,0.053062,-0.533244,0.032619,-0.417061,-0.271984,-0.533652,0.643251,0.000627,0.305961,-0.10135,-0.271984,0.368046,0.407976,-0.268497,-0.628104,0.41277,0.274853,0.686901,-0.602751,-0.016921,0.34004,-0.394379,0.387972,0.436362,0.412776,0.059686,-0.124841,-0.254154,-0.099517,0.094364,-0.455118,-0.453518,-0.55937,0.416258,0.311675,-0.516675,0.341079,-0.676614,-0.271984,-0.284031,-0.084737,0.273408,-0.057708,-0.291847,0.591566,0.166556,0.154405,-0.420681,-0.534166,0.166316,-0.407768,-0.407742,0.063785,0.373917,0.101994,-0.614975,0.424295,-0.089028,-0.071222,-0.239328,0.101994,0.356111,0.238309,0.25405,-0.089028,-0.565475,-0.578468,0.373917,-0.189796,0.0,-0.407413,-0.01092,-0.394379,0.107185,-0.391116,0.122393,-0.097537,-0.123856,-0.089028,-0.143758,0.356111,0.358348,0.320116,0.102662,0.811607,-0.407976,0.063785,-0.21273,0.122393,0.560508,0.183211,0.297712,-0.089028,0.019616,0.238309,-0.223084,0.298519,0.19578,-0.407976,-0.282096,-0.345627,-0.052202,0.221499,0.356111,0.25405,-0.37108,0.508192,0.101994,0.380778,0.162616,-0.316533,0.0,-0.407976,0.225994,0.191353,0.388086,0.063785,0.233058,-0.271984,-0.256206,0.225994,0.5996,-0.158054,0.641784,0.122393,0.166556,0.106658,-0.089028,-0.796288,-0.431666,-0.586642,0.783709,0.248576,-0.271984,0.180002,0.046009,-0.337749,-0.543607,0.407976,0.14658,0.424295,-0.271984,-0.433482,0.138952,0.329926,0.508192,-0.248489,0.508192,0.0,-0.080878,-0.543607,0.674875,-0.26548,0.00627,0.582329,0.096718,-0.543607,-0.030053,-0.543607,0.378361,0.692218,-0.457427,-0.130511,-0.335049,0.296556,-0.317415,-0.00291,0.208291,0.424608,-0.363278,-0.141403,-0.14387,#
11,-0.178543,-0.59595,-0.029784,0.425418,0.007825,0.029454,-0.434041,-0.651767,-0.217354,-0.332797,0.420791,1.0,-0.366015,-0.373189,-0.016063,0.002165,-0.026286,0.204166,-0.387171,0.013013,-0.017884,0.027758,-0.59595,-0.332797,-0.224571,-0.027487,-0.381204,0.420361,0.212458,-0.214426,0.181913,-0.280457,-0.332797,-0.252335,0.425881,0.229053,-0.362245,0.139634,-0.332797,0.616163,0.322315,-0.066611,-0.071115,0.088649,-0.202554,0.410316,-0.739121,0.144361,-0.043509,-0.132332,0.516177,0.492013,-0.183586,-0.052682,-0.053663,-0.276608,-7.4e-05,0.152886,0.276374,-0.330685,-0.394091,0.351951,0.423298,-0.567277,0.218496,-0.258402,0.296111,-0.478044,-0.527748,0.4384,0.09023,-0.152829,-0.007861,0.420429,0.354893,-0.394632,-0.241884,-0.012819,-0.04097,-0.013214,0.22436,0.633015,-0.007861,-0.387627,0.573879,0.186988,0.204143,0.402311,-0.007861,0.61586,0.429953,0.794929,0.65017,0.012819,0.00886,0.68448,-0.371753,0.16486,-0.227664,-0.19932,-0.132332,-0.002806,-0.211963,0.011792,0.170733,0.23866,0.186988,-0.230948,0.61586,0.758379,-0.324087,-0.007127,0.21064,-0.027515,-0.238061,0.024141,0.483473,0.389795,0.003209,0.349936,0.186988,0.192677,0.429953,0.425066,0.471159,0.015416,-0.027515,-0.084468,0.418683,-0.18892,0.413757,0.667325,0.366122,-0.129638,0.190106,-0.007861,-0.332797,0.00739,-0.147468,0.589601,0.503127,-0.019228,0.407339,0.516923,0.22436,0.352894,0.296111,-0.496773,-0.019228,0.789509,0.397885,0.381367,0.011792,0.372289,0.190106,0.186988,-0.585941,-0.465919,-0.015041,0.221172,-0.525979,-0.332797,-0.377888,0.207233,-0.238061,-0.355013,0.322315,0.123027,0.998392,0.296111,0.082188,0.826327,0.203684,0.190106,0.020258,0.190106,0.0,-0.443548,-0.355013,0.413597,-0.388988,0.218089,-0.021549,0.227757,0.025889,-0.599456,0.025889,0.49812,0.411286,-0.213267,0.007844,-0.188055,-0.271919,0.236689,-0.531087,-0.421104,0.043466,0.193001,0.041252,0.212609,#
12,0.817937,0.835239,0.111883,-0.249101,-0.222841,0.175773,0.136304,0.147422,0.437862,0.314726,-0.570857,-0.366015,1.0,0.678108,-0.149672,-0.611234,-0.241644,0.46554,-0.20923,-0.152261,-0.098056,0.67806,0.835239,0.314726,-0.344277,-0.088138,0.602373,-0.374656,0.013726,0.565134,-0.015469,0.420918,0.263131,0.121873,-0.223834,0.418262,0.097085,0.11247,0.314726,-0.800293,-0.407596,0.273905,0.129214,0.107341,0.389761,-0.707633,0.596592,-0.011716,-0.240651,0.781658,-0.370732,-0.316323,-0.40881,0.415271,-0.441301,-0.035713,0.126048,-0.044225,0.483587,0.512806,0.994661,-0.358414,-0.342304,-0.013934,0.021282,0.717446,-0.407596,0.753204,0.642153,-0.116695,0.033936,0.338148,-0.611394,-0.176932,-0.56951,0.42256,0.060798,-0.146984,-0.093928,-0.08602,-0.085492,-0.361408,-0.127696,0.183699,-0.433393,-0.378296,0.060798,0.25519,-0.108348,-0.800502,-0.253043,-0.237651,-0.34452,0.60074,0.167132,0.094574,0.579398,-0.388242,-0.001818,-0.424268,0.781658,0.394496,0.400062,0.375349,-0.344338,-0.335209,-0.378296,-0.039531,-0.800502,-0.137306,0.081813,0.434454,-0.423755,-0.127696,-0.102353,0.245423,-0.108348,-0.997846,0.218005,-0.550526,-0.378296,-0.461786,-0.253043,-0.212772,-0.299098,0.241685,-0.127696,0.261648,0.418372,0.528964,-0.651646,-0.34452,-0.26892,0.022814,-0.540725,-0.127696,-0.407596,-0.588821,0.501316,-0.402436,-0.089,-0.24089,-0.623576,-0.379544,-0.085492,-0.219457,-0.407596,0.287006,-0.256665,-0.587667,0.153222,-0.651034,0.394697,-0.603464,-0.096402,-0.378296,0.810965,0.827557,0.153222,-0.800045,-0.23399,0.263131,0.268704,-0.523864,0.34197,0.997414,-0.407596,-0.168795,-0.402436,-0.407596,0.026824,-0.088619,-0.800045,-0.540725,0.307401,-0.540725,0.0,0.618243,0.997414,-0.653363,0.307401,0.05194,-0.56689,-0.071681,0.606807,0.012689,0.606807,-0.383625,-0.643036,0.511329,0.09903,0.385318,0.420318,0.385318,-0.005797,0.224964,0.138799,-0.100415,0.58168,0.131839,#
13,0.803456,0.569171,-0.088187,-0.176286,0.267277,-0.033868,-0.183475,-0.027552,0.041862,0.446101,-0.665237,-0.373189,0.678108,1.0,0.339039,-0.407538,-0.576823,0.434407,-0.231128,0.174957,0.102473,0.6118,0.569171,0.446101,-0.080507,0.112182,0.677604,0.104179,0.182531,0.823024,-0.030747,0.553452,-0.271763,-0.075913,-0.143628,0.015965,-0.275036,0.143712,0.446101,-0.533592,-0.271763,-0.053149,0.407608,-0.10547,0.239922,-0.674762,0.767464,-0.127763,-0.612491,0.643514,-0.084372,-0.507355,-0.147494,0.431583,-0.152227,-0.227742,-0.088613,0.122699,0.356391,0.360757,0.636272,-0.263693,-0.519305,0.198904,0.072819,0.346531,-0.271763,0.529675,0.256743,-0.286153,-0.200649,0.248582,-0.407644,0.15072,-0.665331,0.248953,0.322253,-0.251576,-0.407436,0.114373,-0.371992,-0.533731,0.073068,0.671916,-0.430718,-0.114131,-0.114131,-0.247793,0.092297,-0.533731,-0.17393,-0.578395,-0.080563,0.246965,0.655641,-0.080563,0.225755,-0.40934,-0.025301,-0.022645,0.643514,-0.407436,-0.025301,0.073068,-0.53345,-0.071459,-0.114131,-0.241397,-0.533731,-0.091548,-0.125551,0.150565,-0.425899,0.073068,-0.388749,0.143646,-0.407644,-0.66531,0.13502,-0.233652,-0.114131,-0.05991,-0.17393,0.114043,-0.510088,0.15251,0.073068,-0.056541,0.302158,0.333791,-0.158085,-0.080563,-0.609472,0.158714,-0.824416,0.073068,-0.271763,-0.259333,0.357646,-0.0,0.111525,-0.589471,-0.293915,-0.593849,-0.371992,-0.305582,-0.271763,-0.123864,-0.605148,-0.66568,-0.189934,-0.997083,0.092297,-0.27318,-0.382835,-0.114131,0.830355,0.63846,0.214065,-0.533427,-0.33983,-0.271763,0.166783,-0.371992,0.052832,0.648093,-0.271763,0.306632,-0.399953,-0.271763,0.066427,-0.029358,-0.533427,-0.824416,0.206605,-0.824416,0.0,0.391432,0.648093,-0.575928,0.596994,0.036252,-0.388236,-0.352378,0.259897,-0.015901,0.259897,-0.610148,-0.554374,0.471588,-0.130472,0.10202,0.25254,0.10202,0.165429,-0.11126,-0.085053,0.052833,0.655641,0.391407,#
14,0.058648,-0.025037,-0.433486,-0.279944,0.549002,-0.350564,0.146815,0.105256,-0.336504,0.332622,-0.219061,-0.016063,-0.149672,0.339039,1.0,0.36065,-0.272709,-0.02201,0.273407,0.215023,-0.084507,-0.063917,-0.025037,0.332622,0.066953,0.40033,-0.14274,0.204181,0.798604,0.59901,-0.442016,-0.088918,-0.406538,0.076819,0.167399,0.017047,-0.621868,-0.180999,0.332622,0.043007,-0.406538,-0.053133,0.155097,-0.21813,-0.015503,-0.175106,0.301089,-0.375935,-0.609603,0.155753,0.055625,-0.515718,0.049381,-0.113619,0.075964,-0.468995,-0.388741,-0.064382,-0.177087,-0.219988,-0.202086,0.229791,-0.181922,0.43035,0.148643,-0.226761,0.227028,-0.048741,-0.194703,-0.493035,-0.323905,-0.274297,-0.134633,-0.155191,-0.215055,0.395961,0.065671,-0.165413,-0.148133,0.417098,-0.590272,-0.383658,-0.609806,0.582355,-0.443496,-0.383658,-0.383658,-0.183209,-0.095035,0.048389,0.115746,-0.276883,0.515001,0.176808,0.193486,0.100235,-0.271384,-0.026052,-0.421483,-0.048946,0.155753,-0.609496,-0.421483,-0.609806,-0.391428,0.498471,-0.383658,-0.108379,0.048389,0.093276,-0.621004,-0.034875,-0.456625,-0.134633,-0.607526,0.243203,-0.134633,0.178641,-0.575501,0.147475,-0.383658,-0.052548,-0.292149,0.218941,0.138023,-0.563123,-0.134633,-0.06355,-0.298848,-0.353193,0.539957,0.100235,-0.708866,0.321456,-0.62478,-0.609806,0.227028,0.209452,-0.366194,0.395978,0.399938,-0.319811,0.201952,-0.222446,-0.590272,-0.335434,0.227028,0.057835,-0.739516,-0.203688,-0.676868,-0.335954,-0.095035,-0.203688,-0.559825,-0.383658,0.145879,0.089462,-0.260884,0.040417,-0.470998,-0.406538,0.243203,-0.158935,-0.542572,-0.197657,0.253426,0.239669,-0.015839,0.227028,0.588577,0.265081,0.022799,-0.62478,0.298488,-0.62478,0.0,-0.37606,-0.197657,0.121122,0.683966,0.043819,0.3792,-0.121817,0.186066,-0.434338,0.186066,0.027426,0.173573,0.098109,-0.46648,0.346377,-0.250219,0.363492,-0.18446,-0.213687,0.11456,-0.114845,-0.198093,0.074975,#
15,-0.499066,-0.269442,-0.411924,-0.118726,0.380672,0.188746,-0.083362,0.165467,-0.499172,-0.166623,0.591828,0.002165,-0.611234,-0.407538,0.36065,1.0,0.401297,-0.094026,0.650459,0.077001,-0.24987,-0.407312,-0.269442,-0.166623,0.18635,0.361789,-0.611006,-0.047247,0.274838,-0.326677,-0.499574,-0.31162,-0.166623,-0.326927,0.39365,-0.009411,-0.079027,-0.051228,-0.166623,0.236751,-0.166623,-0.176142,-0.360158,0.265147,0.184266,0.498284,-0.127055,-0.334577,0.177075,-0.453965,0.212541,0.163258,0.252635,0.159355,0.279947,-0.413866,-0.37872,-0.218695,-0.666591,-0.727946,-0.610798,0.640766,0.190266,0.322673,0.085098,-0.721081,-0.166623,-0.208306,-0.092429,-0.053173,-0.351266,-0.646679,0.362151,0.112447,0.104847,0.150859,-0.327242,0.112286,-0.249808,-0.249792,-0.260291,-0.327242,-0.249935,-0.132306,0.010201,-0.327242,-0.327242,-0.407928,-0.249935,0.229292,0.388318,-0.096621,0.229292,-0.611332,-0.611838,0.229292,-0.141641,0.010187,-0.49918,-0.022092,-0.453965,-0.249808,-0.49918,-0.249935,-0.327069,0.185554,-0.327242,-0.40224,0.229292,-0.045311,-0.098576,-0.249721,0.482351,-0.249935,-0.260291,-0.407259,-0.249935,0.597273,-0.408142,0.194103,-0.327242,0.02244,-0.137104,-0.40682,0.181183,-0.407915,-0.249935,-0.18442,-0.748568,-0.326466,0.388318,0.229292,-0.096621,-0.24328,0.295328,-0.249935,0.649491,0.083753,-0.748593,0.010201,-0.249935,-0.141641,0.127929,0.237076,-0.260291,0.009581,-0.166623,-0.180909,-0.141641,0.112447,-0.611853,0.378199,-0.249935,0.112447,-0.20669,-0.327242,-0.487823,-0.290181,-0.611853,0.752894,0.227906,-0.166623,0.083753,0.295328,-0.762309,-0.611807,0.683496,0.301089,0.010201,-0.166623,0.100277,-0.209667,0.185554,0.295328,0.101699,0.295328,0.0,-0.391987,-0.611807,0.398165,0.080456,-0.002352,0.997271,-0.245498,-0.611807,-0.033453,-0.611807,0.213469,0.492938,-0.509508,-0.422746,-0.233837,0.154838,-0.21179,0.264536,-0.140149,0.239995,-0.211521,-0.611838,0.158841,#
16,-0.360837,-0.099998,0.08548,-0.273339,-0.248963,0.032213,0.066899,0.066146,0.385186,-0.407897,0.63915,-0.026286,-0.241644,-0.576823,-0.272709,0.401297,1.0,-0.033166,0.681995,-0.597016,0.402092,-0.60395,-0.099998,-0.407897,0.525842,0.421246,-0.248356,-0.132034,-0.114537,-0.311118,0.00779,-0.070089,0.293582,-0.317706,0.550254,0.412849,0.688345,-0.141622,-0.407897,0.078034,0.24162,-0.393761,-0.377579,0.113157,0.426317,0.181152,-0.315159,-0.008001,0.195698,-0.26111,0.081194,0.058449,0.143505,0.039725,0.14937,0.227788,-0.410302,-0.104257,-0.322425,-0.297847,-0.175511,0.288851,0.495652,-0.14304,-0.064586,-0.29438,-0.407897,-0.041816,0.081356,0.269872,0.185533,-0.230746,0.381916,-0.187736,0.248617,-0.188378,-0.341868,0.266714,-0.070669,-0.611494,-0.099185,0.066333,-0.124707,-0.662779,-0.023383,-0.375885,-0.358876,-0.14316,0.401402,0.066333,-0.269861,0.164778,-0.358876,-0.200363,-0.662799,0.083341,0.188401,0.01694,-0.387799,-0.423303,-0.26111,0.421229,-0.372232,-0.105222,0.092777,-0.37635,-0.375885,0.262827,0.066333,0.284151,0.527206,-0.12388,0.376692,-0.611845,0.359285,-0.169501,-0.105222,0.219386,0.24183,0.380652,-0.375885,-0.029137,-0.285919,-0.173252,0.51898,-0.175528,-0.611845,-0.031272,-0.283448,-0.340018,0.147635,0.066333,0.164778,-0.103001,0.342305,-0.124707,0.267601,-0.175363,-0.206072,-0.007794,-0.611845,0.585575,0.226846,-0.084749,-0.099185,0.290714,-0.407897,0.28432,0.156627,0.22592,-0.244621,0.569688,0.420887,-0.187736,-0.073216,-0.375885,-0.424055,-0.117327,-0.228875,0.507919,0.362591,0.293582,0.289666,-0.099185,-0.056235,-0.213313,0.267601,0.113899,-0.023383,-0.407897,-0.308231,-0.256308,0.057115,0.342305,-0.137144,0.342305,0.0,0.11673,-0.213313,0.147814,-0.137144,0.013576,0.418584,0.356873,-0.213313,0.007594,-0.213313,0.61167,0.174642,-0.009778,0.106138,-0.05485,0.420893,-0.05485,-0.160968,0.552718,0.618898,-0.071386,-0.245303,-0.411862,#
17,0.680019,0.30454,0.086102,0.087112,0.414505,-0.011069,-0.535991,-0.645778,-0.163143,-0.329739,-0.037155,0.204166,0.46554,0.434407,-0.02201,-0.094026,-0.033166,1.0,-0.025231,0.066659,0.02611,0.445368,0.30454,-0.329739,-0.184897,0.412547,0.047326,0.268804,0.224774,0.264909,0.267377,0.141199,-0.329739,-0.646971,0.40591,0.58485,-0.006423,-0.044858,-0.329739,-0.300243,-0.329739,-0.150412,-0.075675,-0.095318,0.210968,-0.055112,0.112691,0.134157,-0.112218,0.205433,0.551273,0.090601,-0.640082,0.642462,-0.062215,-0.184161,-0.404965,0.181992,0.349154,-0.154794,0.474426,0.196928,0.235152,-0.049955,-0.069113,0.305996,-0.329739,0.486426,0.241269,0.479367,0.039503,0.000202,-0.494609,0.36218,-0.491567,0.245232,0.243276,-0.486479,-0.494356,-0.494325,-0.140253,-0.185027,0.015702,0.079728,0.157018,-0.202159,0.260408,0.045127,0.015702,-0.304952,0.406643,-0.037133,0.157616,0.070411,0.066981,0.620183,0.486479,-0.674247,-0.580166,-0.564691,0.205433,0.020178,-0.156802,0.54564,-0.647253,-0.175675,-0.202159,-0.628127,-0.304952,0.505046,0.157075,0.015688,0.170568,0.015702,-0.157356,0.029522,0.035329,-0.482127,0.458333,-0.000849,-0.202159,0.119096,0.083155,-0.011381,0.001566,0.054313,0.015702,0.203713,0.469633,0.296764,-0.030065,0.157616,-0.052993,-0.48483,-0.25998,0.015702,-0.329739,-0.805946,0.128979,0.157018,0.035329,-0.361658,-0.098453,-0.346855,-0.140253,0.404244,-0.329739,-0.325327,-0.361658,-0.054487,0.058031,-0.457674,0.54564,-0.070513,-0.25998,-0.202159,0.144615,0.421961,0.042171,-0.297929,-0.504824,-0.329739,0.080693,-0.25998,-0.157356,0.496102,0.193656,0.446796,0.17272,-0.329739,-0.25003,0.10834,-0.647225,-0.25998,-0.027179,-0.25998,0.0,0.118674,0.496102,-0.442827,0.044344,-0.229464,-0.084301,-0.140023,0.084004,-0.574969,0.084004,-0.015668,-0.375725,-0.110596,0.101842,-0.123861,0.35019,0.215484,0.094651,-0.351694,0.001945,0.170774,0.50369,0.613557,#
18,-0.353312,0.026601,-0.136259,-0.576587,0.299092,-0.178204,0.137357,0.264537,-0.03902,-0.270574,0.182478,-0.387171,-0.20923,-0.231128,0.273407,0.650459,0.681995,-0.025231,1.0,-0.252178,0.143476,-0.661419,0.026601,-0.270574,0.390834,0.670243,-0.194187,-0.021815,0.113324,-0.030484,-0.380787,0.060132,0.309227,-0.131983,0.298464,0.380787,0.295198,-0.120666,-0.270574,-0.055089,-0.270574,-0.323887,-0.073977,-0.098284,0.299223,-0.04014,0.143794,-0.265899,-0.023272,-0.254009,-0.043796,-0.246125,-0.038004,0.116095,0.47328,0.099535,-0.656954,-0.301601,-0.418782,-0.46973,-0.157861,0.423189,0.335151,0.583289,-0.301293,-0.252644,-0.270574,0.050383,0.057931,-0.034582,-0.068288,-0.472522,0.111819,-0.223177,0.14087,0.315801,-0.061454,0.152543,0.041393,-0.405628,-0.412063,-0.531396,-0.405861,-0.139853,-0.381012,-0.531396,-0.531396,-0.292123,0.132526,-0.061454,-0.148359,-0.186429,-0.061454,-0.178364,-0.549872,-0.061454,0.218883,-0.01265,-0.442765,-0.406712,-0.254009,0.041393,-0.442765,-0.405861,-0.137156,-0.097548,-0.531396,0.040272,-0.061454,-0.038443,0.136669,-0.405513,0.018527,-0.405861,0.057107,-0.256436,-0.405861,0.187037,-0.223177,0.295049,-0.531396,0.018519,-0.59203,-0.249839,0.360333,-0.662399,-0.405861,0.05471,-0.534193,-0.530136,0.295312,-0.061454,-0.186429,0.02233,0.057107,-0.405861,0.419665,-0.246054,-0.507207,0.049697,-0.405861,0.218883,0.189338,-0.30006,-0.412063,0.081631,-0.270574,0.330813,-0.220075,-0.223177,-0.621496,0.218883,0.132526,-0.223177,-0.367481,-0.531396,-0.079822,0.044242,-0.186429,0.38152,0.265347,0.309227,0.212831,0.057107,-0.367481,-0.207561,0.447275,0.263827,-0.381012,-0.270574,0.1546,-0.508275,-0.097548,0.057107,0.14143,0.057107,0.0,-0.143932,-0.207561,-0.139853,0.20503,-0.027158,0.672278,0.039729,-0.207561,-0.044481,-0.207561,0.400124,-0.0524,-0.013421,-0.137102,0.049898,0.251435,0.067799,0.057316,0.207802,0.38972,0.090612,-0.549872,-0.119532,#
19,-0.006289,0.069157,0.408257,0.661324,0.65616,-0.109218,-0.143366,-0.134831,-0.814654,-0.271931,-0.277892,0.013013,-0.152261,0.174957,0.215023,0.077001,-0.597016,0.066659,-0.252178,1.0,-0.40779,0.182856,0.069157,-0.271931,-0.118508,-0.407489,-0.151713,0.129913,0.050168,-0.091808,-0.023138,-0.3391,-0.271931,-0.113087,-0.13509,-0.371426,-0.26007,-0.165979,-0.271931,-0.113621,-0.271931,0.532616,-0.147234,-0.173338,-0.483554,0.227264,0.28441,0.533733,0.260398,-0.381498,0.389411,0.439811,-0.061965,-0.006728,0.35391,-0.016751,0.398364,-0.399865,-0.358143,0.20303,-0.181116,-0.343395,0.176514,0.308209,0.206687,0.012431,0.388095,0.205925,0.091066,0.276555,0.333218,0.364915,0.087123,0.190774,-0.267627,0.166526,0.347399,-0.665133,0.072943,0.102065,0.507808,-0.101973,0.106924,0.674471,-0.00792,0.347399,0.347399,0.162337,-0.407896,-0.101973,0.658165,-0.166503,0.364683,-0.158211,0.274227,-0.067406,0.237792,-0.419197,-0.007909,0.407025,-0.381498,-0.407688,-0.007909,0.106924,-0.110224,0.797007,0.347399,-0.444483,-0.101973,-0.280843,-0.126091,-0.407547,-0.021863,0.601944,0.04192,-0.242729,0.087123,0.130134,-0.245743,-0.398584,0.347399,0.01152,0.658165,0.172026,-0.042675,-0.239335,0.601944,0.515297,-0.220322,-0.06619,0.233914,-0.067406,-0.182504,0.138593,0.04192,0.106924,0.388095,0.154374,0.217654,0.00792,0.621744,-0.21424,-0.249091,0.252499,0.507808,0.364915,0.388095,-0.301166,0.205504,-0.26191,0.24952,-0.21424,-0.407896,0.158439,-0.364083,0.347399,-0.05314,0.135419,0.24952,-0.119188,-0.350247,-0.271931,-0.267548,0.507808,-0.364083,-0.151005,-0.271931,0.225372,0.00792,0.388095,0.010575,-0.167435,0.32129,0.04192,-0.255429,0.04192,0.0,-0.098992,-0.151005,-0.198659,0.156886,-0.418552,0.058967,0.063098,-0.166995,-0.021832,-0.166995,-0.13575,-0.248748,-0.3844,0.377961,0.072855,-0.401534,-0.355074,0.590159,-0.616012,-0.609285,0.090676,-0.133706,0.436787,#
20,0.042264,-0.206305,0.249189,-0.118726,-0.074219,-0.403302,-0.259183,-0.326324,0.472888,-0.166623,0.091563,-0.017884,-0.098056,0.102473,-0.084507,-0.24987,0.402092,0.02611,0.143476,-0.40779,1.0,-0.407312,-0.206305,-0.166623,0.784417,0.412745,0.395075,0.501989,-0.199883,0.265447,0.499574,0.394519,-0.166623,-0.326927,0.394488,0.010195,0.443471,-0.07295,-0.166623,0.214194,0.649491,-0.735621,0.249535,-0.385195,0.153144,-0.22147,-0.066042,0.168928,-0.410611,-0.037406,0.261852,-0.324875,0.252635,-0.081363,0.255934,0.435442,-0.40169,0.323488,0.125461,0.154651,-0.064431,-0.148393,0.19161,-0.252336,-0.095642,-0.119486,-0.166623,-0.140579,-0.30972,0.176068,0.268191,0.23796,0.362151,0.091624,0.084336,-0.617549,0.229292,0.091492,-0.249808,-0.249792,-0.228915,0.20703,0.362151,-0.081131,-0.010201,0.20703,-0.327242,-0.407928,0.99974,0.20703,-0.611838,-0.11723,-0.327242,-0.091492,0.417989,-0.327242,-0.091492,-0.010187,-0.010187,0.007695,-0.037406,-0.249808,-0.49918,-0.249935,0.196652,-0.327055,0.20703,0.457413,0.20703,0.473989,0.479239,-0.249721,-0.00437,-0.249935,0.326704,0.072245,-0.249935,0.099028,0.612213,0.687631,0.20703,0.461435,-0.107433,0.608933,0.184576,0.099028,-0.249935,-0.277233,0.271129,-0.326466,0.417989,0.20703,-0.11723,0.269497,-0.228915,0.362151,-0.166623,0.114442,0.305838,0.49987,-0.249935,0.407555,0.578704,-0.603944,-0.228915,0.23796,-0.166623,-0.012255,-0.112286,0.091624,-0.11723,-0.112286,0.387654,0.091624,-0.228915,0.20703,-0.021156,-0.108981,0.398001,0.217592,0.079357,-0.166623,0.136179,-0.228915,0.326704,-0.096926,-0.166623,0.444409,-0.010201,-0.166623,-0.435886,-0.005991,0.217592,-0.228915,-0.396175,-0.228915,0.0,0.239995,-0.096926,-0.10235,0.101699,0.009407,-0.258625,0.316925,-0.096926,-0.004363,-0.096926,0.249396,-0.148381,0.439654,0.249396,-0.21179,0.154838,-0.21179,-0.257622,0.384883,0.239995,0.317931,0.417989,-0.325431,#
