0,1.0,0.529944,-0.204725,-0.338799,0.775912,0.086801,-0.327327,-0.534386,-0.428457,0.22886,0.467762,0.402741,0.162502,0.365079,-0.167921,0.313205,-0.42848,-0.314021,-0.089032,-0.34166,0.218218,-0.327327,0.143119,-0.508952,-0.080563,-0.467664,0.368272,-0.343809,0.271456,0.801784,-0.65388,0.352427,0.509175,-0.327327,-0.071222,-0.327242,-0.533668,-0.196259,-0.327248,-0.044176,0.22886,0.012989,-0.534351,0.294957,-0.075838,0.415605,-0.267242,-0.034003,-0.470782,0.276123,-0.244969,-0.191857,0.229292,-0.18269,0.318785,0.356145,-0.451003,0.320256,-0.081043,-0.323588,-0.078813,-0.208194,-0.056554,-0.298019,0.460494,0.091223,-0.327327,0.531915,-0.240655,0.475011,-0.190617,0.360545,0.2398,-0.532647,-0.734282,0.238842,-0.343272,0.056575,0.322112,-0.385849,-0.203008,-0.51009,0.22791,-0.32716,-0.216354,0.056575,-0.347635,-0.082772,-0.216354,-0.497245,0.202762,-0.797938,-0.082772,0.010966,-0.380363,0.122729,0.228247,-0.328728,-0.534159,0.191751,-0.170665,-0.798338,-0.385849,0.065899,-0.497245,-0.203008,0.291373,-0.121073,-0.328728,0.509175,-0.047308,-0.218218,0.202762,-0.32716,-0.511519,-0.216354,0.114424,0.322112,-0.103188,-0.032223,-0.99449,-0.428354,-0.194637,-0.024358,0.265356,0.105802,-0.325649,-0.489932,0.376225,-0.654135,-0.544901,-0.327327,0.089087,-0.327327,-0.347635,-0.428345,0.0,-0.428345,-0.651551,-0.734282,-0.534159,-0.164402,-0.800967,0.236019,0.283875,0.262766,-0.16945,0.509175,0.202762,-0.534258,-0.428345,-0.194637,-0.327327,0.218218,-0.194637,-0.534242,-0.340483,0.24186,-0.33312,-0.651952,-0.401905,-0.208138,0.356348,0.019576,-0.039323,0.360291,-0.213206,0.344933,-0.32716,-0.428345,-0.293012,0.088931,-0.428571,0.310475,0.778509,0.242502,-0.218218,0.08266,0.54733,-0.136836,0.369517,-0.011949,-0.032189,0.533664,0.449127,-0.446663,0.102798,-0.376513,-0.044114,0.260408,-0.51009,0.234341,0.814049,0.250481,-0.054726,-0.32716,0.369517,-0.51009,-0.094124,0.058398,#
1,0.529944,1.0,-0.210586,-0.800599,0.442694,0.100274,-0.327246,-0.534254,0.0542,0.770987,0.088378,0.543392,0.169096,0.806261,-0.034554,-0.017485,-0.428375,0.136247,0.361897,-0.347613,0.232517,-0.327246,0.60217,-0.070558,-0.086505,-0.543322,0.369282,-0.384336,0.277817,0.801585,-0.653719,-0.200441,-0.218164,-0.327246,-0.112428,0.221914,-0.533536,-0.252896,-0.327167,0.096133,-0.327167,-0.308742,-0.534219,0.432159,-0.081851,0.238692,-0.100638,0.419269,-0.974951,0.43375,-0.074968,-0.756003,0.243877,-0.24139,0.318706,-0.077302,-0.46847,0.323186,-0.070361,-0.323508,-0.078794,0.514287,0.226159,-0.153701,0.114784,0.175202,-0.327246,0.195469,-0.164618,0.234562,-0.247481,0.21817,0.254653,-0.140345,-0.834408,0.233071,-0.349208,-0.428248,-0.234984,-0.374852,-0.208892,-0.626014,-0.218956,-0.327079,0.260415,0.050182,-0.800873,-0.534126,0.260415,-0.585427,-0.534323,-0.415584,-0.534126,0.022503,0.016244,0.034913,0.103177,0.051274,-0.534027,-0.258295,0.400256,-0.412043,-0.374852,-0.428239,-0.585427,-0.653974,-0.419625,-0.687055,-0.412043,-0.218164,0.36966,-0.218164,-0.534323,-0.327079,-0.517802,-0.304613,-0.349208,-0.234984,-0.533006,-0.521801,-0.585427,-0.428248,-0.75787,-0.517802,0.207618,-0.353514,0.161227,0.197643,0.16992,-0.653974,-0.117274,-0.327246,-0.581858,-0.327246,-0.353514,-0.428239,0.0,-0.428239,-0.101423,-0.834408,-0.534027,-0.158649,-0.800769,-0.494216,-0.408826,-0.466424,-0.277146,0.528186,-0.534323,-0.534126,-0.428239,-0.75787,-0.327246,-0.327246,-0.75787,-0.53411,0.077231,0.660119,0.043005,-0.273429,-0.408555,-0.653985,-0.094925,0.031343,0.381528,0.339533,-0.218956,0.210058,-0.327079,-0.428239,-0.336741,0.507302,-0.428466,-0.242601,0.231985,0.116491,-0.218164,0.53195,0.520149,-0.267304,0.786802,-0.035132,-0.072985,0.507162,0.419674,-0.588548,0.520149,0.024314,-0.090528,0.781843,0.116491,-0.239361,0.348228,0.229288,-0.07019,-0.327079,0.348228,-0.626014,-0.180386,-0.42815,#
2,-0.204725,-0.210586,1.0,0.39617,0.053251,0.177072,-0.022882,0.378662,0.199473,-0.499473,0.332202,-0.218018,0.340731,-0.399524,-0.438663,-0.387967,0.216005,-0.032804,-0.426336,0.432112,-0.022882,-0.022882,0.373004,0.235857,0.8016,0.315164,-0.47159,-0.407847,0.159402,-0.39546,0.60185,0.513025,-0.333062,0.015255,-0.410756,-0.013928,0.390013,0.004921,0.491847,-0.645349,-0.013532,0.00253,0.025513,-0.803498,0.4031,-0.51956,-0.509476,-0.21763,0.209347,-0.471503,-0.053475,0.501073,-0.013928,0.446437,0.03066,-0.007377,-0.402272,-0.31343,-0.189789,-0.070604,0.100088,-0.361687,0.437513,0.039201,0.074838,0.08609,-0.003814,0.448674,0.31123,-0.296728,-0.004716,-0.568146,-0.499094,-0.403567,0.013381,0.293707,0.427053,0.220064,0.038367,0.018736,0.627489,-0.288481,0.219369,0.472111,0.042704,0.220064,0.379847,-0.001841,0.583181,-0.195045,0.360576,0.025905,-0.389347,-0.187045,0.038063,0.046115,0.399622,0.474008,0.402749,0.197046,0.037779,0.44118,0.426049,0.194635,-0.195045,-0.223997,0.214988,0.394649,-0.412364,-0.333062,0.288985,-0.333062,0.360576,0.029949,0.657176,-0.497773,0.395057,0.038367,0.004809,0.224884,0.239461,0.227597,0.495548,0.197427,0.34519,0.411545,0.061741,0.329773,-0.185564,0.201746,-0.172591,0.015255,0.411031,-0.022882,0.807769,-0.22957,0.0,-0.22957,0.454207,0.013381,0.00978,0.639579,0.395057,0.301259,0.198581,0.326431,0.013381,-0.333062,0.360576,0.005173,0.202313,0.495548,0.015255,-0.499593,0.495548,-0.017952,0.427038,0.195897,0.457347,0.229217,0.693722,0.577846,0.024911,-0.221005,0.304538,0.011457,0.597975,-0.510154,0.472111,0.194635,0.521083,0.030292,0.211382,0.512216,-0.482884,0.421762,-0.333062,-0.202657,-0.410876,0.224261,-0.407768,-0.228462,0.203847,-0.415766,-0.666601,0.379318,-0.022433,-0.363609,0.605976,-0.501571,0.421762,0.179718,-0.003787,-0.189947,0.009564,0.472111,0.384656,-0.288481,-0.243043,-0.228388,#
3,-0.338799,-0.800599,0.39617,1.0,-0.231189,0.054441,-0.12154,0.63335,0.076768,-0.611472,0.074521,-0.221612,-0.339346,-0.998525,0.171105,0.188581,0.093757,0.127245,-0.598253,0.140971,-0.12154,-0.12154,-0.298938,-0.10811,0.224595,0.380359,-0.405868,0.177622,-0.079985,-0.56661,0.799467,0.601905,0.297968,-0.082333,0.266801,-0.112309,0.241147,0.093212,0.407648,0.03084,0.427631,0.091617,0.258397,-0.657659,0.205586,-0.462637,-0.018392,-0.574674,0.748229,-0.534335,0.469025,0.587401,-0.112309,0.616589,-0.359671,0.264362,0.355731,-0.363319,-0.158707,-0.16948,0.315293,-0.442597,-0.447753,-0.005886,-0.175512,-0.332167,0.388143,0.097143,-0.08071,-0.38164,0.08558,-0.038867,-0.141002,-0.169686,0.65196,0.017165,0.14345,0.568443,0.126533,0.175124,0.394275,0.493685,0.403842,0.387385,-0.414554,-0.372509,0.590546,0.276157,0.141081,0.405992,0.419012,0.182056,0.260835,-0.320353,-0.199585,-0.191469,-0.167015,0.191058,0.254093,0.453836,-0.491186,0.612924,0.593859,0.551343,0.405992,0.394275,0.296315,0.508902,0.191058,0.297968,-0.486382,0.245693,0.419012,0.408658,0.317234,0.141081,0.554611,0.126533,0.262435,0.342154,0.370257,0.517136,0.589931,0.317234,0.417056,0.18321,-0.034041,-0.324505,-0.265872,0.394275,-0.046225,-0.082333,0.382543,-0.12154,0.150624,0.055055,0.0,0.055055,0.00439,0.65196,0.238555,0.00156,0.554611,0.363351,0.27751,0.365092,0.103962,-0.407746,0.419012,0.228388,0.49905,0.589931,-0.082333,-0.082333,0.589931,0.215712,-0.247118,-0.428961,-0.21973,0.040423,0.376714,0.830887,-0.13445,-0.355325,-0.046225,-0.550368,-0.009158,-0.292366,0.387385,0.071829,0.408074,-0.648385,0.088977,0.136108,-0.096962,0.493685,-0.407746,-0.351547,-0.647524,0.087139,-0.995745,0.341569,-0.06961,-0.646931,-0.539614,0.44197,-0.679471,-0.210603,0.442941,-0.632604,-0.236476,0.397256,-0.149152,0.017023,-0.162234,0.387385,-0.181099,0.493685,0.438204,0.51715,#
4,0.775912,0.442694,0.053251,-0.231189,1.0,0.005005,-0.402285,-0.228764,-0.079812,0.171034,0.259787,0.544219,-0.007627,0.252904,-0.391826,0.545443,-0.526602,-0.143274,-0.197663,-0.108564,0.160049,-0.402285,0.391215,-0.294919,0.208405,-0.454923,0.44431,-0.657595,0.545988,0.561568,-0.388848,0.417517,0.250887,-0.402285,0.097415,0.106171,-0.241028,-0.151555,0.12694,-0.249443,0.503435,-0.248143,-0.224721,0.093105,0.217244,0.44417,-0.138092,0.197117,-0.376395,-0.118102,-0.10683,-0.145009,0.17148,-0.221843,-0.123657,0.120015,-0.401971,0.262095,-0.372699,-0.397689,-0.346823,-0.261447,0.102387,-0.193099,0.66113,0.29897,0.116792,0.700586,-0.00318,0.467899,-0.653725,0.050028,0.18236,-0.654623,-0.685969,-0.016356,-0.119457,-0.180395,0.378519,-0.137468,0.048588,-0.471087,-0.052173,-0.40208,0.011605,0.389949,-0.25347,-0.334417,0.011605,-0.420552,0.226227,-0.562969,-0.334417,-0.073472,-0.550094,0.217736,0.257482,-0.09371,-0.245046,0.336008,-0.009988,-0.559154,-0.137468,0.270403,-0.420552,-0.076608,0.335944,-0.067569,-0.224034,0.250887,0.184576,-0.26819,0.226227,-0.40208,-0.306764,-0.14733,0.20716,0.378519,0.115227,-0.403687,-0.775392,-0.526447,-0.15837,0.04088,0.304396,0.195944,-0.400223,-0.239783,0.362945,-0.398538,-0.304442,-0.402285,-0.014129,-0.402285,-0.127634,-0.082296,0.0,-0.082296,-0.51554,-0.685969,-0.656482,0.068498,-0.573092,0.268648,0.327299,0.296896,-0.126147,0.481588,0.226227,-0.656603,-0.526436,-0.15837,-0.402285,-0.012977,-0.15837,-0.23912,-0.119297,0.499671,-0.102274,-0.387701,-0.371897,-0.084874,0.102424,-0.064636,0.196651,0.234447,-0.36696,0.33946,-0.40208,-0.082296,0.14679,0.329822,-0.526714,0.364342,0.548754,0.274828,-0.26819,-0.02013,0.229877,-0.068715,0.240451,0.070586,-0.41312,0.224137,0.530467,-0.440733,-0.087347,-0.546241,-0.042973,0.178767,-0.262231,-0.063941,0.98064,0.385558,-0.180078,-0.40208,0.240451,-0.471087,-0.194974,-0.179044,#
5,0.086801,0.100274,0.177072,0.054441,0.005005,1.0,0.149164,-0.139986,-0.425998,0.273623,0.116098,-0.046982,0.562399,-0.037409,-0.159504,0.01076,0.485336,0.223581,-0.051637,-0.320687,0.73678,0.149164,0.200829,-0.485803,-0.12182,-0.551219,-0.103676,-0.322942,0.189679,-0.051669,0.212542,0.348688,-0.216966,0.239567,-0.531102,-0.325364,-0.060979,-0.259647,-0.325371,-0.420399,-0.325371,0.557958,-0.061057,-0.000619,-0.147737,-0.69676,-0.035841,-0.483018,-0.008358,0.35452,0.413216,-0.236907,0.274088,-0.195657,0.353209,0.793996,0.192837,0.427402,0.725194,-0.321731,0.378742,-0.180192,0.322537,-0.264266,0.285832,0.361542,-0.325449,0.248477,0.006647,-0.284583,-0.254294,0.339806,0.285387,-0.529591,-0.215277,0.183503,-0.322341,0.07634,-0.174643,0.133457,-0.183154,0.234182,0.190054,0.162641,-0.244111,-0.425896,0.067625,-0.063593,0.349031,-0.473793,0.194741,0.09243,-0.063593,0.558322,0.550003,-0.316501,0.220061,-0.307387,-0.056903,0.16523,0.473368,0.101165,0.538977,-0.425888,-0.473793,-0.650382,0.005292,-0.382742,-0.793758,-0.216966,0.010606,-0.216966,0.194741,0.255579,-0.064582,-0.244111,-0.398186,-0.174643,-0.156031,-0.072086,-0.041199,0.498218,-0.239596,-0.569131,0.236351,-0.326855,0.28944,0.226231,0.374068,-0.183154,0.019083,0.239567,0.051669,0.149164,0.067625,-0.425888,0.0,-0.425888,-0.231683,-0.215277,-0.056903,0.386544,0.075845,0.20757,0.275802,0.261259,-0.800269,0.566522,0.194741,0.32919,0.004095,-0.239596,0.239567,-0.325449,-0.239596,-0.531177,-0.319468,0.221917,-0.311952,-0.171585,0.068017,0.199553,-0.070123,0.056536,0.019083,0.439026,0.190054,-0.195013,0.162641,-0.425888,-0.291331,0.143322,0.481349,0.303549,0.292999,0.234182,-0.216966,0.610519,-0.275318,-0.457281,-0.010129,0.463349,-0.041703,0.108634,-0.442555,-0.505781,0.111416,0.151399,-0.165263,0.304338,0.234182,-0.232997,-0.010129,0.303184,0.435294,0.162641,0.376605,0.234182,-0.135015,-0.002419,#
6,-0.327327,-0.327246,-0.022882,-0.12154,-0.402285,0.149164,1.0,0.107189,-0.327239,-0.24994,-0.322481,-0.266279,0.380899,0.096986,0.077867,-0.40258,0.770252,-0.605691,0.121614,-0.085684,0.375,1.0,-0.605406,-0.180733,0.130754,0.209083,-0.397936,-0.068327,-0.062198,-0.408248,0.019208,-0.356255,-0.166667,0.375,-0.407976,-0.249935,0.131869,0.273722,-0.24994,-0.322937,-0.24994,0.42093,0.092027,0.1326,0.096986,-0.121567,-0.316543,-0.177464,0.410932,0.210892,-0.407733,0.278886,-0.249935,-0.397924,0.267347,0.120893,0.165851,0.288279,0.557073,0.45497,0.240775,-0.116035,0.388742,0.224141,-0.166836,0.069673,-0.25,-0.598464,0.183803,0.362795,0.279721,0.103264,-0.24975,0.139653,0.301979,0.099503,-0.087393,-0.327161,-0.351112,-0.077135,-0.499604,0.249081,0.005615,0.392657,0.320766,0.228395,0.427125,0.109195,-0.335347,-0.189889,0.218071,0.455597,0.109195,0.238697,0.465607,-0.082019,0.237718,-0.609741,0.116563,0.02929,0.335178,-0.071734,-0.077135,-0.327154,-0.189889,0.017228,-0.082309,0.049792,-0.071734,-0.166667,-0.184912,-0.166667,0.218071,-0.249873,0.353472,0.320766,-0.087393,-0.351112,0.577948,0.344552,0.379777,0.228395,0.276075,0.353472,-0.667485,-0.092351,-0.248719,0.216637,0.287347,0.017228,-0.180199,0.375,0.40825,1.0,0.427125,0.239074,0.0,0.239074,0.279917,0.301979,0.116563,0.348263,0.436963,0.201981,0.276214,0.200691,0.301979,-0.166667,0.218071,0.626437,0.239074,0.276075,0.375,0.375,0.276075,0.124184,-0.08434,0.013683,-0.076919,0.02929,0.215525,0.011355,0.102062,0.249897,-0.759412,0.130347,0.510978,0.302189,0.392657,0.239074,-0.223792,-0.071917,0.763763,0.284555,-0.211636,-0.613121,0.666667,-0.297623,-0.070025,0.069673,0.133685,-0.191655,0.355361,0.428282,-0.186478,0.227429,0.43925,-0.066362,-0.202157,-0.219826,0.249081,0.031585,-0.37559,-0.474112,0.125392,0.392657,0.133685,0.249081,-0.094354,0.230447,#
7,-0.534386,-0.534254,0.378662,0.63335,-0.228764,-0.139986,0.107189,1.0,0.335094,-0.408046,-0.526476,0.084264,-0.29282,-0.666333,0.191706,0.20869,-0.073579,0.167521,-0.277924,0.205976,0.107189,0.107189,-0.256244,0.052299,0.571144,0.208815,-0.620012,-0.201357,0.367198,-0.666497,0.80012,0.368943,-0.272096,-0.408144,0.174923,0.096647,0.125996,-0.116554,0.602169,-0.050314,0.097062,-0.20677,0.174984,-0.656421,0.583167,-0.200137,-0.158654,0.059672,0.411111,-0.632867,0.331125,0.359425,0.07646,0.254556,-0.586596,-0.230013,0.218168,-0.473661,-0.223536,0.018896,0.398047,-0.293615,-0.337627,-0.108566,-0.506971,-0.162003,0.622523,-0.216327,0.009093,0.026232,-0.148661,-0.103876,0.08649,0.16992,0.405263,0.166549,0.20993,-0.118794,-0.139553,0.23317,0.375671,0.289737,-0.005648,0.602191,0.434713,-0.101489,0.222349,-0.279488,0.434713,0.073066,0.240316,0.273497,-0.263377,-0.53326,-0.149429,-0.584106,-0.394365,0.244673,0.134554,0.426505,-0.123751,0.688277,0.673483,0.330132,0.073066,0.375671,0.049618,0.224397,0.244673,-0.272096,-0.36287,0.415015,0.240316,0.092418,0.501395,0.434713,0.642279,-0.139553,0.201662,0.05621,0.542774,0.356585,0.36433,0.501395,0.232788,-0.205977,-0.406052,0.22052,-0.490439,0.375671,0.095304,-0.408144,0.043761,0.107189,0.222349,0.347769,0.0,0.347769,0.374923,0.405263,0.134554,0.247422,0.642279,0.197592,0.060096,0.200433,0.405263,-0.272096,0.240316,0.163106,0.797006,0.36433,-0.408144,-0.408144,0.36433,0.560632,-0.203176,0.002595,-0.182168,-0.008211,0.483258,0.385546,-0.666497,-0.10239,0.095304,-0.673614,-0.02139,-0.028622,0.602191,0.330132,0.579069,-0.586195,-0.084566,-0.120832,-0.437748,0.289737,-0.272096,-0.568437,-0.620319,-0.274027,-0.690864,0.064114,-0.386216,-0.588453,-0.379609,0.255657,-0.200404,-0.166042,0.320036,-0.454688,0.289737,0.382829,-0.27095,-0.438655,-0.293628,0.602191,0.132168,0.289737,0.531692,0.354769,#
8,-0.428457,0.0542,0.199473,0.076768,-0.079812,-0.425998,-0.327239,0.335094,1.0,0.222061,-0.422114,0.009138,-0.439951,-0.081373,-0.014291,-0.075011,-0.428366,0.449949,0.345247,0.054402,-0.327239,-0.327239,0.456684,0.373375,0.310444,0.130748,-0.210106,0.047853,-0.223055,-0.076863,0.18943,-0.263185,-0.218159,-0.327239,0.343823,0.771286,0.309109,-0.253467,0.748436,0.117453,0.200093,-0.345591,-0.086524,-0.046939,-0.099488,0.06067,0.278398,0.381231,-0.127565,-0.696071,0.31181,-0.268087,0.199658,0.314965,-0.215463,-0.534074,0.217091,-0.583638,-0.685899,0.135766,-0.337832,0.487325,0.036401,-0.153378,-0.293978,-0.446002,0.210688,0.024987,-0.32628,-0.13561,-0.269173,-0.380199,-0.326912,0.319982,0.236702,-0.409464,0.051712,0.023354,-0.2553,0.068198,0.186272,0.114748,-0.654148,0.195219,0.259085,0.023354,0.043675,-0.113666,0.259085,0.357512,-0.5612,0.032995,-0.534115,-0.427554,0.041102,0.025001,0.101447,0.478489,0.318738,0.205355,-0.244075,0.478489,0.068198,0.492307,0.357512,0.186272,-0.445553,-0.197568,0.478489,-0.218159,0.368494,-0.218159,-0.5612,-0.327072,-0.091068,0.259085,0.051712,-0.2553,-0.052522,-0.548529,0.357512,-0.428239,-0.270743,-0.091068,0.149548,0.043675,0.181228,0.13996,-0.662941,0.186272,0.380351,-0.327239,-0.591117,-0.327239,0.043675,0.032038,0.0,0.032038,0.211177,0.236702,-0.107639,-0.178802,0.051712,-0.579122,-0.740838,-0.577346,0.236702,-0.218159,-0.5612,-0.534115,0.032038,-0.270743,-0.327239,-0.327239,-0.270743,0.331148,0.487588,0.187818,0.465861,0.599257,-0.183977,0.176727,-0.534379,0.041017,0.380351,-0.560603,-0.243355,-0.324834,0.195219,0.492307,0.712088,0.059534,-0.428457,-0.26277,-0.375959,0.114748,-0.218159,0.007035,0.053307,0.055282,-0.118371,-0.094996,-0.084278,-0.375405,-0.086813,0.088697,0.053307,0.049436,0.113406,0.172589,0.114748,-0.267882,-0.136634,0.174723,-0.142773,0.195219,-0.136634,0.114748,0.289789,-0.428141,#
9,0.22886,0.770987,-0.499473,-0.611472,0.171034,0.273623,-0.24994,-0.408046,0.222061,1.0,-0.322404,0.422722,-0.03616,0.622572,0.158211,0.177395,-0.327179,0.451908,0.611848,-0.611327,0.387162,-0.24994,0.466967,-0.255344,-0.407546,-0.720857,0.298122,-0.138039,0.052023,0.612225,-0.499289,-0.367809,-0.166627,-0.24994,0.071979,0.375062,-0.407498,-0.421982,-0.24988,0.26768,-0.24988,-0.057594,-0.408019,0.688917,-0.40805,0.08301,0.358479,0.299012,-0.744636,0.339908,0.386978,-0.997132,0.40006,-0.332992,0.243418,0.111977,0.198323,0.290779,0.101924,-0.247085,-0.060179,0.673801,0.066892,-0.335875,0.002475,-0.005463,-0.24994,-0.019439,-0.457596,0.089172,-0.418759,0.450744,0.412234,0.039636,-0.46343,-0.149216,-0.611602,-0.327082,-0.411429,-0.127132,-0.499484,0.010517,-0.499628,-0.249812,0.139194,-0.327082,-0.611681,-0.407948,0.139194,-0.294071,-0.715019,-0.174331,-0.407948,0.18569,0.316883,-0.178468,0.000932,-0.170152,-0.407873,-0.049954,0.336923,-0.170152,-0.127132,-0.327075,-0.294071,-0.499484,-0.616545,-0.945823,-0.170152,-0.166627,0.230116,-0.166627,-0.715019,-0.249812,-0.762572,0.139194,-0.611602,-0.411429,-0.407093,-0.762753,-0.294071,-0.327082,-0.99788,-0.762572,0.126184,-0.611681,0.305394,0.118781,0.052574,-0.499484,0.238694,-0.24994,-0.862325,-0.24994,-0.611681,-0.327075,0.0,-0.327075,-0.328828,-0.46343,-0.407873,-0.351245,-0.611602,-0.661486,-0.600677,-0.629222,-0.46343,0.682842,-0.715019,-0.407948,-0.327075,-0.99788,-0.24994,-0.24994,-0.99788,-0.407936,-0.129097,0.493149,-0.174331,-0.067179,-0.698656,-0.499493,-0.40815,0.195825,0.238694,0.109631,-0.499628,0.147945,-0.249812,-0.327075,-0.27359,0.36788,-0.327248,-0.415574,0.367755,0.010517,-0.166627,0.751306,0.407946,-0.509107,0.611607,0.3223,-0.224364,0.39776,0.332113,-0.781322,0.407946,0.326288,-0.42856,0.997598,0.010517,-0.504618,0.112438,0.49332,0.104469,-0.249812,0.112438,0.010517,0.138194,-0.327007,#
10,0.467762,0.088378,0.332202,0.074521,0.259787,0.116098,-0.322481,-0.526476,-0.422114,-0.322404,1.0,-0.13882,0.23641,-0.047374,-0.238421,-0.250353,0.088879,-0.260792,-0.526286,0.20864,-0.322481,-0.322481,0.215967,0.07869,-0.033412,0.269702,0.321591,0.064349,-0.150237,0.305898,-0.152305,0.367634,0.354097,0.270315,-0.164069,-0.322398,-0.03305,0.35308,-0.322404,-0.120325,0.112674,0.012259,-0.033092,-0.255754,-0.02821,-0.176029,-0.310864,-0.448964,-0.018026,0.281793,-0.289893,0.359742,-0.322398,0.406241,0.314066,0.287807,-0.581062,0.202831,-0.038748,-0.318798,-0.077647,-0.23283,0.132736,0.299013,0.450256,0.122915,-0.322481,0.532328,0.271959,-0.326104,0.360819,-0.180216,-0.322159,-0.524762,-0.224225,0.279348,0.205566,0.484308,0.378964,-0.281839,0.335952,-0.496481,0.659124,-0.322317,-0.656603,0.104918,0.058249,0.317466,-0.034296,-0.050429,0.281295,-0.281048,0.317466,0.114867,-0.275841,0.574332,0.306639,0.234051,-0.028745,-0.282257,-0.132816,-0.276235,-0.281839,-0.035326,-0.050429,-0.291507,0.365707,0.431246,-0.419115,0.354097,0.109827,-0.214988,0.281295,0.287106,0.074816,-0.830849,0.066312,0.378964,-0.188869,0.444446,-0.439455,0.104918,0.356117,-0.073404,0.289844,0.55096,0.322544,-0.303356,0.370656,-0.15425,-0.430216,0.270315,0.526614,-0.322481,0.196208,-0.422004,0.0,-0.422004,-0.063719,-0.224225,-0.028745,0.012404,-0.291772,0.260541,0.356295,0.258877,-0.224225,-0.214988,0.281295,-0.035759,-0.422004,0.356117,0.270315,0.104332,0.356117,-0.526334,0.211185,-0.157555,0.22403,-0.14224,0.213588,0.189117,0.789915,-0.421533,0.119152,0.440125,0.31401,-0.231941,-0.322317,-0.422004,-0.288675,0.196753,0.095208,0.367055,0.139938,0.321295,-0.214988,0.129339,0.053375,0.53924,-0.031639,-0.060247,0.426592,0.052043,-0.084635,0.293367,-0.29441,-0.270995,0.444564,-0.283559,-0.267504,0.18334,0.316146,0.202594,-0.009515,-0.322317,-0.031639,-0.496481,-0.489905,-0.041176,#
11,0.402741,0.543392,-0.218018,-0.221612,0.544219,-0.046982,-0.266279,0.084264,0.009138,0.422722,-0.13882,1.0,-0.437218,0.207567,0.447156,0.524262,-0.548649,-0.016199,-0.265983,-0.472125,0.330554,-0.266279,0.119516,-0.343831,0.112431,-0.328047,0.290197,-0.597559,0.714266,0.539792,-0.231396,0.178823,0.052032,-0.748336,0.477997,0.376834,-0.779774,0.105739,-0.186567,0.383178,0.213026,-0.689687,-0.322272,0.072895,0.540772,0.22213,-0.242812,0.183774,-0.533908,0.175979,0.244467,-0.423,-0.139287,0.009395,-0.328503,0.010823,-0.266147,0.46587,-0.310309,-0.739788,0.284088,0.284827,-0.339495,0.113816,-0.063429,0.029429,0.353509,-0.025751,-0.165393,0.460732,-0.419867,0.539828,0.400855,-0.34466,-0.47058,0.393777,-0.476651,-0.612023,-0.341736,-0.486956,-0.1604,-0.353967,0.112707,-0.252377,0.292119,-0.006688,-0.654848,-0.879471,0.292119,-0.512608,-0.304877,-0.119415,-0.448865,-0.497867,-0.54109,-0.148683,-0.306456,-0.023712,-0.784521,0.123177,0.290322,-0.102752,-0.075076,-0.13356,-0.512608,-0.293276,-0.357226,-0.480576,-0.162032,0.052032,-0.340394,0.235672,-0.304877,-0.213046,-0.410995,0.123434,0.274436,-0.341736,-0.021227,-0.521104,-0.44984,-0.088306,-0.429379,-0.042022,0.496621,-0.578531,-0.225468,-0.090537,0.32365,-0.634957,-0.373939,-0.748336,-0.417966,-0.266279,-0.521292,-0.036509,0.0,-0.036509,-0.080724,-0.47058,-0.784521,-0.348883,-0.553686,-0.286804,-0.073141,-0.259598,0.123587,0.296886,-0.304877,-0.391873,-0.07117,-0.429379,-0.748336,-0.335144,-0.429379,-0.335238,-0.460904,0.723812,-0.484504,-0.648159,-0.350336,-0.338222,-0.416089,-0.488684,0.157896,-0.277783,-0.642109,0.721711,-0.252377,-0.507897,-0.22342,0.004476,-0.559028,-0.399758,0.242351,0.43771,-0.498891,0.032048,-0.090367,-0.269651,0.182722,0.470868,-0.514805,0.294881,0.545255,-0.347697,-0.034253,-0.495555,0.232822,0.413206,-0.132298,0.101505,0.500703,0.201857,-0.731113,-0.252377,0.107903,-0.353967,0.328969,0.278216,#
12,0.162502,0.169096,0.340731,-0.339346,-0.007627,0.562399,0.380899,-0.29282,-0.439951,-0.03616,0.23641,-0.437218,1.0,0.347211,-0.627142,-0.465346,0.534135,-0.173209,0.241503,0.190888,0.402298,0.380899,0.18468,-0.047662,0.160242,-0.289476,-0.229648,-0.249212,0.035492,-0.094349,-0.076287,0.087009,-0.402298,0.466494,-0.984768,-0.603289,0.234504,-0.314956,-0.204792,-0.779502,-0.603301,0.643365,-0.111785,-0.017867,-0.172326,-0.25008,-0.298129,-0.037494,-0.114608,0.28803,-0.419888,0.074365,0.362463,-0.442077,0.601593,0.269821,-0.304014,0.07896,0.645306,0.351547,0.02988,-0.377197,0.716511,-0.286175,0.300891,0.49618,-0.603446,0.2657,0.298921,-0.022455,0.078717,-0.222151,-0.024798,-0.178473,-0.424398,0.210367,0.191997,0.027158,0.158364,0.189642,-0.003637,-0.253217,0.022205,0.253599,0.124051,0.161363,0.105134,0.218317,0.124051,-0.508195,0.411135,-0.17655,-0.099468,0.626703,0.591471,-0.116739,0.458227,-0.220225,0.235463,-0.107806,0.370733,-0.293906,0.116507,-0.441798,-0.508195,-0.446021,0.310149,0.009376,-0.680733,-0.402298,0.44874,-0.402298,0.411135,-0.053164,0.336208,-0.43755,-0.328639,0.158364,-0.207098,0.318724,-0.098605,0.085278,0.076224,-0.141511,-0.289175,0.176278,-0.019741,0.455486,0.148393,-0.003637,-0.027323,0.466494,0.365168,0.380899,0.549782,-0.305015,0.0,-0.305015,0.043837,-0.424398,0.235463,0.754245,0.120185,0.420615,0.326573,0.443627,-0.424398,0.339528,0.411135,0.272429,-0.03468,0.076224,0.466494,-0.068476,0.076224,-0.202367,0.197683,0.059381,0.223549,0.02457,0.382711,-0.087278,0.32498,0.515445,-0.027323,0.786414,0.765258,-0.343023,0.253599,0.042866,-0.143144,0.319895,0.53607,0.600389,0.002847,-0.253217,0.310996,0.204496,0.21022,-0.194118,0.370637,-0.456755,0.329768,0.238974,-0.398094,-0.241065,0.576389,0.221942,-0.239532,0.002957,0.484786,-0.066507,-0.065278,-0.293257,0.703011,0.253599,0.632186,-0.253217,-0.583103,-0.388649,#
13,0.365079,0.806261,-0.399524,-0.998525,0.252904,-0.037409,0.096986,-0.666333,-0.081373,0.622572,-0.047374,0.207567,0.347211,1.0,-0.195315,-0.179096,-0.098831,-0.116895,0.602806,-0.148387,0.117191,0.096986,0.32049,0.095502,-0.245917,-0.399014,0.427945,-0.169046,0.059653,0.587315,-0.815332,-0.591218,-0.272099,0.096986,-0.270381,0.107267,-0.229435,-0.106978,-0.40805,-0.04028,-0.40805,-0.068109,-0.262066,0.675234,-0.241753,0.461455,0.039759,0.557904,-0.748934,0.533871,-0.459809,-0.596812,0.127879,-0.617069,0.378205,-0.23743,-0.346862,0.366855,0.159083,0.163973,-0.341521,0.435769,0.456619,-0.011543,0.21341,0.33336,-0.408148,-0.058396,0.068334,0.366745,-0.099394,0.037834,0.138067,0.145553,-0.661063,-0.042622,-0.151153,-0.53412,-0.101811,-0.167172,-0.397939,-0.486861,-0.407443,-0.40794,0.374024,0.363896,-0.579018,-0.248131,-0.156256,-0.395955,-0.41334,-0.205917,-0.248131,0.346034,0.203401,0.212692,0.192896,-0.19828,-0.242115,-0.443631,0.473465,-0.633105,-0.59877,-0.534109,-0.395955,-0.397939,-0.279251,-0.509703,-0.19828,-0.272099,0.504106,-0.272099,-0.41334,-0.40794,-0.343118,-0.156256,-0.574944,-0.101811,-0.266675,-0.350476,-0.395955,-0.53412,-0.5997,-0.343118,-0.408716,-0.159169,0.050803,0.299562,0.275589,-0.397939,0.051182,0.096986,-0.381099,0.096986,-0.159169,-0.076476,0.0,-0.076476,-0.044912,-0.661063,-0.242115,-0.008157,-0.574944,-0.355872,-0.272065,-0.35664,-0.13807,0.428354,-0.41334,-0.248131,-0.534109,-0.5997,0.096986,0.096986,-0.5997,-0.236007,0.251414,0.417698,0.224471,-0.031722,-0.401905,-0.815665,0.158377,0.363444,0.051182,0.57199,0.000998,0.272289,-0.40794,-0.076476,-0.406468,0.665009,-0.093474,-0.112691,0.132195,-0.486861,0.401413,0.378965,0.665666,-0.081932,0.998242,-0.331704,0.075107,0.649045,0.541789,-0.460449,0.665666,0.215415,-0.458415,0.644929,0.209982,-0.416096,0.175034,0.023596,0.187486,-0.40794,0.175034,-0.486861,-0.452537,-0.533998,#
14,-0.167921,-0.034554,-0.438663,0.171105,-0.391826,-0.159504,0.077867,0.191706,-0.014291,0.158211,-0.238421,0.447156,-0.627142,-0.195315,1.0,0.072477,-0.097689,-0.0642,-0.190617,-0.557735,0.077867,0.077867,-0.494674,-0.281935,-0.242945,0.223381,-0.098734,0.243302,-0.029629,0.145856,0.016188,-0.169707,0.280932,-0.403076,0.589014,0.181113,-0.657169,0.356247,-0.40298,0.826049,0.01724,-0.37065,-0.218164,0.095454,0.17488,-0.121759,-0.106294,-0.27661,0.001412,0.285363,0.353531,-0.1765,-0.402972,0.38574,-0.116508,0.085553,0.235847,0.239119,-0.037424,-0.398472,0.63083,0.501488,-0.675047,0.305992,-0.691974,-0.551461,0.146573,-0.705593,-0.40411,0.083854,0.36558,0.689937,0.124463,0.215151,0.356467,0.36096,-0.550805,-0.16105,-0.644871,-0.541818,-0.376243,0.227827,0.336208,0.091562,-0.047817,-0.527483,-0.244076,-0.316733,-0.047817,0.059144,-0.471807,0.276003,0.112878,-0.526639,-0.158146,-0.232063,-0.499999,-0.125515,-0.657774,-0.049372,-0.049811,0.288487,-0.130889,-0.154,0.059144,-0.035352,-0.618633,-0.297662,0.229343,0.280932,-0.785292,0.464149,-0.471807,0.130802,-0.336762,0.384942,0.198546,-0.644871,0.04741,0.021193,0.121768,0.361457,-0.169643,0.031358,0.247252,-0.643818,0.116823,-0.327876,0.033342,-0.376243,-0.301149,-0.403076,-0.267406,0.077867,-0.586712,-0.057174,0.0,-0.057174,0.147398,0.356467,-0.222105,-0.727667,-0.147308,-0.504002,-0.328455,-0.507195,0.356467,-0.268718,-0.471807,0.169739,0.378544,-0.169643,-0.403076,0.009161,-0.169643,-0.215825,-0.53517,0.028329,-0.576072,-0.40034,-0.186191,-0.07531,-0.321631,-0.526884,-0.301149,-0.64617,-0.416865,0.498579,0.091562,-0.527472,-0.452144,-0.546382,-0.107949,-0.690792,-0.010248,0.227827,-0.268718,-0.044863,-0.188715,-0.058401,-0.196179,0.512419,0.04103,0.198104,0.103003,0.194802,-0.13273,-0.116943,0.330172,0.150459,-0.340863,0.346055,-0.32681,-0.03406,-0.662799,0.091562,-0.270825,0.227827,0.703587,0.727029,#
15,0.313205,-0.017485,-0.387967,0.188581,0.545443,0.01076,-0.40258,0.20869,-0.075011,0.177395,-0.250353,0.524262,-0.465346,-0.179096,0.072477,1.0,-0.52699,0.292579,-0.192817,-0.15025,0.166283,-0.40258,-0.053572,-0.322672,-0.236404,-0.491313,0.424966,-0.232437,0.525474,0.128624,0.018828,0.377469,0.256718,-0.40258,0.534148,0.111779,-0.236693,-0.178639,0.132789,0.239263,0.513656,-0.240531,0.200018,0.101224,0.191545,0.357477,0.400377,0.174859,-0.008092,-0.146574,0.442664,-0.191288,0.177846,-0.248209,-0.650785,0.12855,0.289404,0.152294,-0.175511,-0.397982,-0.096931,-0.261324,-0.5383,-0.222987,0.304334,0.221953,0.647629,0.241312,-0.090082,0.232515,-0.686828,0.347037,0.692447,-0.221486,-0.163101,-0.240344,-0.152968,-0.176764,0.347671,0.295369,0.01568,0.233416,-0.085311,-0.402375,-0.0245,-0.086005,-0.245704,-0.331158,-0.0245,0.039885,0.185207,-0.136292,0.079269,-0.068608,-0.545825,-0.230519,-0.462692,-0.128071,-0.240751,0.348625,-0.092565,-0.128071,0.295369,0.279269,0.039885,0.34135,0.296465,-0.104086,0.210941,0.256718,-0.302233,0.431753,0.185207,0.107467,-0.342564,0.388934,0.177443,0.347671,0.123692,-0.440253,-0.319077,-0.086005,-0.194778,0.009118,0.276235,-0.245704,-0.400517,-0.273937,0.160947,0.01568,0.164915,-0.40258,-0.235813,-0.40258,-0.57304,0.371772,0.0,0.371772,-0.5727,-0.163101,-0.240751,-0.205516,-0.152968,0.240862,0.288835,0.244139,-0.163101,0.490098,0.185207,-0.246659,-0.077526,-0.194778,-0.40258,-0.008752,-0.194778,0.187556,-0.571306,0.065145,-0.55884,-0.383488,-0.411997,-0.077115,-0.335851,-0.059667,0.164915,-0.18991,-0.804755,0.405247,-0.402375,-0.077526,0.10968,-0.110215,-0.527102,-0.174325,0.527079,0.233416,-0.268387,-0.04357,-0.201904,-0.406102,-0.194773,0.515655,-0.873625,-0.196863,0.531429,-0.48964,-0.522812,-0.111087,-0.297736,0.15171,-0.30988,-0.072976,0.554011,0.372127,-0.201922,-0.402375,-0.194773,0.233416,0.29633,0.261795,#
16,-0.42848,-0.428375,0.216005,0.093757,-0.526602,0.485336,0.770252,-0.073579,-0.428366,-0.327179,0.088879,-0.548649,0.534135,-0.098831,-0.097689,-0.52699,1.0,-0.319795,-0.077532,0.10607,0.231475,0.770252,-0.339467,-0.014014,-0.052306,0.272653,-0.2515,0.118443,-0.262131,-0.534409,0.256958,-0.179715,-0.218172,0.750297,-0.534053,-0.327172,0.379306,0.357529,-0.327179,-0.422735,-0.327179,0.585626,0.3453,-0.065416,-0.082703,-0.563438,-0.145135,-0.493495,0.537923,0.318763,-0.193916,0.36507,-0.327172,-0.155427,0.340819,0.3621,0.188591,0.322978,0.729225,0.281734,0.199872,-0.179678,0.505428,0.336677,0.076013,0.235797,-0.327257,-0.312694,0.393183,-0.246811,0.36538,-0.079127,-0.326931,-0.061454,0.395299,0.034947,0.103239,0.05065,-0.191945,0.120674,-0.208465,0.326054,0.23324,0.247312,-0.145706,0.05065,0.55912,0.357625,-0.145706,-0.012125,0.285461,0.59639,0.357625,0.547107,0.609494,0.11148,0.31118,-0.334383,0.370297,-0.180488,0.400114,0.146579,0.137724,-0.428254,-0.012125,-0.208465,0.044091,0.183274,-0.334383,-0.218172,-0.003868,-0.218172,0.285461,0.226798,0.462705,-0.145706,-0.332038,-0.191945,0.331934,0.451028,0.49714,0.547301,0.361391,-0.018413,-0.47602,0.094722,0.259164,0.282536,0.376146,0.237067,0.004521,0.750297,0.534412,0.770252,0.55912,0.059859,0.0,0.059859,0.301874,0.395299,0.370297,0.455887,0.571998,0.263359,0.361572,0.262711,-0.162527,-0.218172,0.285461,0.820024,0.077937,0.361391,0.750297,0.21152,0.361391,-0.075333,0.108384,-0.195063,0.120336,0.257172,0.398901,0.243259,0.345411,0.069353,-0.494786,0.376729,0.668885,-0.153629,0.247312,0.059859,-0.29295,0.112511,0.999788,0.372491,-0.277038,-0.417202,0.500198,0.076883,-0.319304,0.235797,-0.052641,-0.006119,0.465178,0.132578,-0.491076,0.297712,0.135974,0.13849,-0.097507,-0.287759,0.326054,-0.168407,-0.491659,-0.19041,0.372323,0.247312,-0.036381,0.326054,-0.375269,0.070253,#
17,-0.314021,0.136247,-0.032804,0.127245,-0.143274,0.223581,-0.605691,0.167521,0.449949,0.451908,-0.260792,-0.016199,-0.173209,-0.116895,-0.0642,0.292579,-0.319795,1.0,0.272636,0.101137,-0.056911,-0.605691,0.554682,0.272673,-0.271638,-0.393306,0.119899,0.171356,-0.004045,-0.126125,0.351055,0.055611,-0.403794,-0.05691,0.155893,0.310936,0.183363,-0.486881,0.306877,0.177672,-0.207108,-0.085659,0.212874,-0.05119,-0.249627,-0.25664,0.662871,0.265757,-0.239154,-0.179068,0.727728,-0.495669,0.451931,0.077896,-0.318347,-0.109467,0.375887,-0.334939,-0.046799,-0.164945,-0.096895,0.246116,-0.188928,-0.344369,-0.06584,0.112157,0.308943,0.206485,-0.098626,-0.627576,-0.397139,-0.113618,0.452393,0.22382,-0.006079,-0.321153,0.105629,0.12175,0.042993,0.553117,0.354546,0.293476,-0.378999,-0.112022,-0.034851,-0.45137,-0.308213,-0.137277,0.541249,0.270681,-0.356591,0.087839,-0.137277,0.146262,0.192377,-0.332076,-0.388853,0.516331,0.197115,-0.091919,0.077815,0.516331,0.553117,-0.010025,0.270681,-0.099258,-0.166701,-0.353576,0.043935,-0.403794,0.295383,0.273713,-0.356591,0.45215,-0.158006,-0.034851,-0.354781,0.042993,-0.62344,-0.511825,0.270681,0.12175,-0.489074,-0.648057,0.35956,-0.308213,0.452583,0.341261,-0.452434,0.354546,0.75847,-0.05691,-0.662166,-0.605691,-0.308213,-0.010025,0.0,-0.010025,-0.045852,-0.006079,0.277667,-0.050734,0.105629,-0.32853,-0.45217,-0.324491,-0.574262,0.327913,-0.356591,-0.137277,0.076929,-0.489074,-0.05691,-0.605691,-0.489074,0.155675,0.101368,-0.058626,0.087839,0.342436,-0.083151,-0.055574,-0.541012,0.101168,0.75847,-0.11112,-0.378999,-0.525886,-0.112022,-0.010025,0.268286,0.128178,-0.314021,-0.466162,-0.098567,0.293476,-0.403794,0.564671,-0.226586,-0.447212,-0.147089,0.311411,-0.498563,-0.624635,-0.154191,-0.421269,-0.226586,0.625946,-0.202157,0.408248,0.293476,-0.4237,-0.229898,0.361721,0.280349,-0.112022,-0.147089,0.293476,0.137421,-0.369392,#
18,-0.089032,0.361897,-0.426336,-0.598253,-0.197663,-0.051637,0.121614,-0.277924,0.345247,0.611848,-0.526286,-0.265983,0.241503,0.602806,-0.190617,-0.192817,-0.077532,0.272636,1.0,-0.170394,0.101999,0.121614,0.200163,0.075764,-0.288099,-0.428782,-0.063348,0.234747,-0.372192,0.166564,-0.438259,-0.658179,-0.271998,0.121615,-0.266325,0.112378,0.168179,-0.589529,0.072751,-0.035397,-0.407899,0.342008,-0.242232,0.686926,-0.666093,0.307131,0.441027,0.524765,-0.389995,0.028574,-0.07628,-0.623367,0.592626,-0.543172,0.377123,-0.249703,0.323719,-0.253327,0.166094,0.610293,-0.353269,0.41758,0.292133,-0.506976,-0.130052,-0.083093,-0.407997,-0.187687,-0.35765,0.145392,-0.121826,-0.039431,0.122277,0.575688,-0.151413,-0.454366,-0.16548,-0.122244,-0.133358,0.238174,-0.432365,0.173483,-0.815582,0.068338,0.346169,-0.063156,-0.17336,0.155659,-0.209807,0.052643,-0.454978,-0.18124,-0.227627,0.356036,0.614674,-0.189013,0.156674,-0.230574,0.167365,-0.063429,0.032727,-0.230574,-0.214338,-0.114325,0.052643,0.005587,-0.319459,-0.527075,0.225321,-0.271998,0.479677,-0.271998,-0.454978,-0.407789,-0.3583,0.346169,-0.609808,-0.133358,-0.247137,-0.365536,0.052643,-0.533922,-0.616954,-0.3583,-0.494055,-0.17336,0.055351,0.249503,-0.384024,0.005587,0.49465,0.121615,-0.574971,0.121615,-0.17336,-0.054102,0.0,-0.054102,-0.176839,-0.151413,0.167365,-0.039482,-0.16548,-0.411629,-0.590876,-0.412555,-0.151413,0.407997,-0.454978,-0.227627,-0.114325,-0.616954,0.121615,0.121615,-0.616954,0.179468,0.236241,-0.005583,0.213365,0.383332,-0.428189,-0.436725,-0.23383,0.800978,0.003838,0.178634,-0.012865,-0.184087,0.068338,0.365484,0.072151,0.258185,-0.071911,-0.144006,0.087533,-0.557128,0.434151,0.343272,0.665904,-0.371457,0.598774,-0.367557,0.088591,0.259672,0.108596,-0.477931,0.665904,0.631062,-0.699262,0.603425,0.173483,-0.427238,-0.24834,-0.009202,0.563741,0.068338,0.151242,0.173483,-0.00698,-0.5338,#
19,-0.34166,-0.347613,0.432112,0.140971,-0.108564,-0.320687,-0.085684,0.205976,0.054402,-0.611327,0.20864,-0.472125,0.190888,-0.148387,-0.557735,-0.15025,0.10607,0.101137,-0.170394,1.0,-0.611474,-0.085684,0.123266,0.823972,0.219158,0.436071,0.085448,0.16881,0.00969,-0.569227,0.367468,0.064381,-0.407649,0.440105,-0.187498,-0.115461,0.672095,0.156256,0.381974,-0.339332,-0.115058,-0.121019,0.671085,-0.533634,0.246345,0.111422,0.104125,0.36602,0.268213,-0.274298,-0.398777,0.589339,-0.134532,0.004106,-0.410771,-0.584793,-0.316812,-0.436043,-0.134517,0.401826,-0.409804,-0.439473,0.197162,0.254257,0.195707,0.477049,0.381684,0.20287,0.773134,-0.364772,0.130656,-0.878911,-0.143961,0.26874,0.1091,-0.16354,0.999784,0.075875,0.633734,0.597979,0.80347,-0.229542,-0.000262,-0.138471,0.146282,0.559592,0.157182,0.252755,0.146282,0.374714,0.421119,0.204544,0.252755,0.152269,-0.190083,0.243871,-0.160728,0.617071,0.671894,-0.426653,0.008992,0.164465,0.148732,0.049595,0.374714,0.368678,0.585153,0.733488,0.164465,-0.407649,0.453667,0.241474,0.421119,0.402066,0.791132,-0.405682,0.117542,0.633734,-0.129328,0.34622,0.374714,0.075875,0.591438,0.321612,-0.277162,0.594199,-0.037691,0.45419,-0.233528,0.80347,0.412475,0.440105,0.394325,-0.085684,0.594199,0.525942,0.0,0.525942,0.474682,0.1091,0.656459,0.546211,0.558663,0.418911,0.292473,0.367761,0.1091,-0.407649,0.421119,0.252755,0.032933,0.591438,0.440105,-0.085684,0.591438,0.640004,0.61656,-0.401933,0.65253,0.46042,0.657388,-0.025296,0.289384,0.110106,0.412475,0.257895,0.424881,-0.457743,-0.138471,0.525942,0.382875,0.237088,0.117286,0.14075,-0.607131,-0.229542,0.293404,-0.352808,-0.265491,0.376646,-0.163936,-0.558341,-0.090772,-0.645656,-0.110718,0.44407,-0.265491,0.222088,0.060063,-0.630627,0.495797,-0.04773,-0.179804,-0.409349,0.240278,-0.138471,-0.195672,-0.229542,-0.576213,-0.394681,#
20,0.218218,0.232517,-0.022882,-0.12154,0.160049,0.73678,0.375,0.107189,-0.327239,0.387162,-0.322481,0.330554,0.402298,0.117191,0.077867,0.166283,0.231475,-0.056911,0.101999,-0.611474,1.0,0.375,-0.058859,-0.761659,0.130754,-0.672987,-0.32602,-0.61092,0.476854,0.102062,0.019208,0.261254,-0.166667,-0.25,-0.407976,-0.249935,-0.407596,-0.386143,-0.24994,-0.322937,-0.24994,0.378412,-0.408118,0.153987,0.096986,-0.324177,-0.290597,-0.220748,-0.166941,0.236611,0.280647,-0.359243,0.387654,-0.397924,0.291217,0.630912,0.165851,0.419314,0.557073,-0.247144,0.541744,-0.116035,0.172774,-0.427431,-0.009018,0.156765,-0.25,-0.030578,-0.275705,0.362795,-0.382776,0.619584,0.399601,-0.406816,-0.345118,0.348256,-0.611749,-0.327161,-0.422768,-0.13647,-0.499604,0.15328,0.005615,0.392657,0.247865,-0.327161,-0.092351,-0.408046,0.247865,-0.759555,0.123257,-0.076919,-0.408046,0.175882,0.405914,-0.609282,0.142631,-0.609741,-0.407971,0.468646,0.428283,-0.071734,0.397544,-0.327154,-0.759555,-0.499604,-0.173764,-0.590392,-0.609741,-0.166667,-0.248675,-0.166667,0.123257,-0.249873,-0.204642,0.247865,-0.087393,-0.422768,0.085379,-0.209192,-0.189889,0.228395,-0.361022,-0.204642,0.15861,-0.611828,-0.248719,0.150989,0.287347,-0.499604,-0.244556,-0.25,-0.102063,0.375,-0.092351,-0.327154,0.0,-0.327154,-0.264366,-0.345118,-0.407971,0.277189,-0.087393,0.136826,0.187113,0.200691,-0.345118,0.666667,0.123257,0.109195,0.239074,-0.361022,-0.25,-0.25,-0.361022,-0.408034,-0.611464,0.526804,-0.609435,-0.497937,-0.111028,0.011355,-0.408248,0.185821,-0.244556,0.130347,0.005615,0.302189,0.392657,-0.327154,-0.223792,-0.111871,0.218218,0.213416,0.393038,0.15328,-0.166667,0.24351,-0.070025,-0.714151,0.133685,0.355931,-0.181033,0.428282,-0.186478,-0.625431,0.43925,-0.12669,-0.202157,0.408248,0.15328,0.031585,0.133685,0.024953,0.125392,0.392657,0.64296,0.15328,0.242624,0.230447,#
