0,1.0,0.579417,-0.772145,-0.534193,0.062532,-0.008873,-0.161049,-0.271998,-0.021185,-0.080856,-0.132968,-0.147283,0.092356,0.135065,0.7842,-0.040474,-0.042615,0.012267,-0.369047,-0.271998,-0.312992,-0.333859,-0.18174,-0.027531,0.434151,-0.456984,0.163375,-0.226127,-0.516601,0.121615,-0.407997,0.21968,0.407997,-0.407997,0.306442,0.339427,0.433856,0.0,-0.407906,0.386141,0.406154,0.167056,-0.372742,0.001995,0.613806,-0.179604,0.045346,0.18804,0.000969,-0.603454,-0.365375,-0.422188,0.0,0.065009,0.215672,-0.042877,-0.160939,-0.186102,-0.08663,0.37833,0.281069,0.571447,0.588425,-0.168489,-0.377396,0.072467,0.0,0.072467,0.282262,-0.591698,0.105079,-0.15041,0.121614,-0.249846,0.154757,-0.161408,-0.271998,-0.475543,0.434151,0.354732,0.087383,-0.426119,-0.089032,-0.999384,-0.249846,-0.243253,-0.055471,-0.267308,-0.267308,-0.407997,-0.373696,-0.666256,-0.407997,0.101999,-0.182031,-0.089032,-0.182031,0.03761,-0.407997,-0.249846,-0.488897,-0.407997,-0.271998,0.0,-0.249846,-0.407997,-0.270344,-0.602104,0.381843,-0.669824,0.601359,0.0,-0.407997,-0.407997,0.101999,-0.666256,0.087383,-0.055471,0.037882,-0.467106,0.0,-0.089032,-0.632852,0.154757,0.51285,-0.182031,-0.270344,0.575108,-0.202065,-0.271998,0.14017,-0.407997,-0.602104,-0.159919,0.614674,-0.271998,0.0,-0.271998,0.233453,-0.373696,0.0,-0.322434,0.407997,-0.315128,-0.226728,-0.202065,-0.441182,0.16753,-0.190123,-0.271998,-0.688363,0.186991,0.434151,-0.407997,0.17629,0.0,-0.197327,0.235173,-0.375588,-0.271998,-0.429934,0.0,-0.582974,-0.249846,-0.534193,0.629236,-0.407997,0.67705,0.055351,-0.407997,-0.222654,-0.039218,-0.271998,-0.226728,-0.041813,-0.013746,0.0,-0.371524,0.647349,-0.388786,0.370801,0.26849,-0.623194,0.516994,0.374086,-0.545307,0.220769,0.18896,0.326596,0.160454,-0.249846,0.048024,0.516994,0.31765,0.245798,-0.120084,-0.17034,0.063174,-0.183079,-0.15043,#
1,0.579417,1.0,-0.327313,-0.534397,-0.37611,0.397957,-0.152976,-0.272101,0.379439,-0.076559,-0.118495,-0.132954,0.09725,0.563249,0.353674,-0.017004,-0.440397,0.407507,0.03572,-0.272101,0.039888,-0.006623,0.230058,-0.169187,0.414757,-0.453884,0.520129,-0.353408,-0.255794,0.622135,-0.404189,0.432636,0.414757,-0.408152,-0.067341,0.330755,0.256664,-0.451733,0.09725,-0.017004,0.400566,0.529307,-0.041239,0.389012,0.153637,-0.006437,0.075249,0.607528,-0.336606,-0.583891,-0.356971,-0.310503,0.0,-0.264792,0.240483,0.37525,-0.13694,0.34326,-0.170459,0.397963,0.472922,0.056821,0.467416,-0.521608,-0.370658,0.517039,0.0,0.517039,0.308178,-0.096726,-0.038108,0.351902,0.106991,0.174716,-0.239854,0.194936,-0.272101,-0.472455,0.414757,-0.039262,-0.407944,-0.815892,-0.084743,-0.579152,0.174716,-0.211907,0.376169,-0.666179,-0.666179,-0.408152,-0.340205,-0.245897,-0.408152,0.622135,-0.150595,-0.084743,-0.150595,0.041932,0.007925,-0.245897,0.161239,0.106991,-0.272101,0.0,0.174716,-0.408152,-0.281376,-0.574907,0.388339,-0.23416,0.597511,0.0,-0.408152,-0.408152,0.106991,-0.66651,-0.407944,0.376169,-0.404224,-0.476754,0.0,-0.084743,-0.594608,-0.239854,0.373778,-0.574907,0.150374,0.455227,-0.581063,-0.272101,0.179899,-0.408152,-0.999219,-0.173795,0.197182,-0.272101,0.0,-0.272101,0.389488,-0.793167,0.0,-0.289897,-0.272101,-0.471859,0.211081,-0.581063,-0.407956,0.587778,-0.14712,0.414757,-0.157599,-0.211907,0.414757,-0.408152,-0.245626,0.0,-0.150135,0.588498,0.072838,-0.272101,-0.440745,0.0,-0.579152,0.174716,-0.084743,0.219226,-0.408152,0.18763,0.059852,-0.408152,-0.204108,0.358425,-0.272101,-0.219359,0.382616,-0.399357,0.0,-0.379982,0.647606,-0.334161,0.793725,0.268608,-0.632659,0.517202,0.37424,-0.263577,0.232678,0.185529,-0.078722,0.583732,-0.245897,0.043499,0.517202,0.326096,0.173816,-0.131477,-0.675545,-0.345771,0.237737,-0.146804,#
2,-0.772145,-0.327313,1.0,0.458256,0.074584,0.251634,0.400162,0.233333,0.258477,-0.073716,0.239353,0.25044,-0.216322,-0.31855,-0.997134,-0.178919,-0.211182,0.248522,0.630867,0.233333,0.555474,0.112553,0.402947,0.234675,0.233333,0.257064,-0.036068,0.445509,0.531595,0.349999,0.205882,-0.063767,-0.507841,0.349999,-0.116626,-0.008288,-0.215459,-0.184776,0.349921,-0.178919,-0.137972,0.079812,0.625772,0.153995,-0.840738,0.409254,-0.375002,0.058077,0.21149,0.357125,0.533319,0.101498,0.0,0.052333,-0.16382,-0.114083,-0.101913,0.352884,-0.364811,-0.253643,-0.098599,-0.750948,-0.443027,0.332299,0.133081,0.0987,0.0,0.0987,-0.148236,0.74994,0.058987,0.219264,0.349999,0.117671,-0.374373,0.460365,0.233333,0.264262,0.233333,-0.590041,-0.189902,0.2252,-0.044927,0.790078,0.117671,0.019299,-0.193604,0.119743,0.085666,0.329411,0.04576,0.521115,0.288234,-0.205882,-0.101277,-0.044927,-0.050403,-0.154551,0.255293,0.067241,0.577946,0.288234,0.233333,0.0,0.067241,0.288234,0.501362,0.356589,-0.507841,0.417062,-0.344809,0.0,0.349999,0.349999,-0.205882,0.521115,-0.189902,-0.193604,-0.135084,0.62566,0.0,-0.080869,0.228434,-0.374373,-0.36901,-0.050403,0.570383,-0.373032,-0.255697,0.233333,-0.121306,0.349999,0.356589,0.515186,-0.474876,0.233333,0.0,0.233333,-0.087437,0.04576,0.0,0.430442,-0.507841,-0.302807,0.001434,-0.255697,0.103518,0.092817,-0.249733,0.233333,0.272939,-0.50176,0.233333,0.349999,0.00295,0.0,-0.270296,0.072627,0.520092,0.233333,0.648125,0.0,0.336203,0.117671,0.458256,-0.473309,0.288234,-0.656776,-0.154551,0.349999,0.386451,0.211207,0.205882,-0.050175,0.232409,-0.174333,0.0,0.532942,-0.541157,-0.218132,-0.155144,-0.23424,0.767771,-0.389288,-0.323841,0.6737,-0.504674,-0.067636,-0.345006,0.116833,0.117671,0.065079,-0.389288,-0.470553,-0.513403,0.437388,0.265786,-0.304562,0.342737,-0.026732,#
3,-0.534193,-0.534397,0.458256,1.0,0.435711,-0.231556,0.077523,0.509175,-0.204725,-0.04561,-0.2335,-0.202106,-0.327254,-0.071911,-0.428466,-0.214654,0.221194,0.231265,-0.243836,0.509175,0.006423,-0.163368,0.088977,0.263956,-0.218218,0.625071,-0.515185,-0.045724,-2e-06,-0.327327,0.654654,-0.414744,-0.218218,0.763763,-0.097591,0.065888,0.185164,0.638635,0.22846,-0.214654,0.205348,-0.002169,-0.199362,-0.50169,-0.150188,-0.016114,-0.042284,0.137627,0.32331,0.094631,-0.039808,0.005507,0.0,0.176006,-0.536148,-0.425299,0.111396,0.321135,0.35911,-0.212464,-0.773357,-0.294953,-0.567454,0.44619,0.304239,-0.047552,0.0,-0.047552,0.128146,0.357571,-0.346532,-0.053632,0.218218,0.356348,-0.082772,-0.48795,0.509175,0.696497,-0.218218,0.257635,0.233686,0.669027,0.047619,0.534522,0.356348,0.582962,-0.202209,0.368713,0.368713,0.218218,-0.039974,0.356348,0.218218,-0.327327,-0.351993,0.047619,0.09736,0.26644,0.654654,0.356348,0.185629,-0.327327,0.509175,0.0,-0.089087,0.218218,-0.076205,0.09736,-0.218218,0.122226,-0.021004,0.0,0.763763,0.763763,0.218218,0.801784,0.233686,-0.202209,0.283654,0.256606,0.0,0.047619,0.338482,-0.082772,-0.346532,0.546713,0.381025,-0.025077,0.399045,0.509175,0.296711,0.763763,0.546713,0.2789,0.140682,0.509175,0.0,0.509175,0.208104,0.439719,0.0,0.341586,-0.218218,0.185164,0.569803,0.399045,-0.016295,-0.534139,0.371071,-0.218218,0.359313,0.122729,-0.218218,0.763763,0.609623,0.0,-0.223933,0.145292,0.450443,0.509175,0.683001,0.0,0.534522,0.356348,0.523809,0.127445,0.218218,-0.328175,0.26644,0.763763,0.133877,-0.180996,-0.218218,0.569803,-0.635886,0.669027,0.0,-0.003015,-0.799734,0.03932,-0.183653,-0.546969,0.381457,-0.495388,-0.733491,0.424016,-0.331026,0.131514,-0.070916,-0.505037,0.801784,-0.495388,-0.495388,-0.329751,0.157256,0.117557,0.391854,0.096167,0.105661,0.117557,#
4,0.062532,-0.37611,0.074584,0.435711,1.0,-0.266822,-0.135349,0.19377,-0.219188,-0.127167,0.169982,0.222901,-0.762275,-0.349282,-0.091126,-0.266822,0.667118,-0.190159,-0.156877,0.249936,-0.188372,-0.533326,-0.111379,0.388988,0.221853,0.298869,-0.365539,0.219536,-0.228408,-0.214832,0.244319,-0.2685,-0.508297,0.33278,0.661857,0.436818,0.048849,0.25791,-0.204455,0.174293,0.279257,-0.230042,-0.138878,-0.63007,0.133362,0.397522,-0.477039,-0.296102,0.635549,-0.065762,0.073072,-0.430151,0.0,-0.165553,-0.280438,-0.467477,-0.085232,-0.379967,0.303402,-0.379028,-0.475296,0.322971,0.20336,0.653181,-0.238121,-0.451339,0.0,-0.451339,-0.318138,-0.258802,0.38349,-0.193944,0.311718,-0.35082,0.09093,-0.275043,0.19377,0.665308,0.221853,0.174943,0.333813,0.66617,-0.52028,-0.06191,-0.333623,0.317461,-0.236805,0.056068,0.544126,-0.193771,-0.446015,0.130698,0.353842,-0.762445,-0.554857,-0.538664,-0.554857,0.289166,-0.21062,0.096303,-0.227543,-0.193771,0.19377,0.0,-0.35082,0.353842,0.083359,-0.103801,0.19377,-0.126229,0.071939,0.0,0.353842,0.33278,-0.235895,0.560624,0.333813,-0.236805,0.334792,0.205324,0.0,-0.0239,-0.321753,0.09093,0.38349,-0.103801,0.065706,0.166685,0.205735,0.19377,0.449299,0.33278,0.364604,0.568414,0.289471,0.19377,0.0,0.249936,-0.324053,0.054016,0.0,-0.330603,0.19377,0.078636,-0.118792,0.205735,0.033343,-0.82009,0.186239,-0.508297,-0.340401,0.317461,0.221853,0.33278,0.778294,0.0,-0.307531,0.024504,0.063765,0.249936,0.681386,0.0,-0.06191,-0.35082,-0.042284,0.315123,0.374904,0.388354,-0.164204,0.353842,0.382589,-0.047995,-0.508297,0.356377,-0.212766,0.206351,0.0,0.059699,-0.113211,-0.353705,-0.229618,-0.256158,0.350074,-0.469183,-0.315074,-0.141637,-0.572386,0.347156,0.253431,-0.801846,0.096303,0.053745,-0.469183,-0.570499,-0.080072,-0.042709,0.775094,0.165469,-0.060801,0.454204,#
5,-0.008873,0.397957,0.251634,-0.231556,-0.266822,1.0,0.432004,0.312399,0.600284,0.308364,0.493314,0.007322,0.033093,-0.024673,-0.237057,0.219509,-0.631484,-0.211733,0.226127,-0.333053,0.252212,0.090485,0.800838,-0.391381,0.338217,-0.510142,0.589998,0.197259,-0.229988,0.507325,-0.611888,0.135078,-0.333053,-0.015491,0.185894,0.191507,0.441434,-0.506965,-0.005625,0.219509,0.318861,0.737332,0.575014,0.013048,-0.35805,0.514168,0.208877,0.466733,0.2429,-0.379787,-0.187922,-0.184471,0.0,-0.327691,0.339933,0.655473,-0.80048,0.438726,-0.545718,0.493314,0.30343,-0.035959,-0.191454,0.146206,0.005399,0.638253,0.0,0.638253,0.261831,-0.023925,-0.001634,0.321073,0.487962,-0.009486,-0.815406,0.287502,0.312399,-0.26343,0.338217,-0.25497,-0.499325,-0.60723,-0.197752,0.009486,-0.404743,-0.044106,-0.24748,0.017895,-0.414781,0.023236,-0.19722,-0.404743,-0.49958,0.003873,0.021,0.224795,0.021,0.466196,-0.209126,-0.420553,0.220173,0.003873,0.312399,0.0,-0.009486,-0.49958,0.404821,0.021,0.312399,0.372733,0.160712,0.0,-0.49958,-0.015491,-0.015491,-0.420553,-0.499325,-0.24748,-0.494771,0.170194,0.0,-0.654104,-0.476992,-0.815406,-0.419655,-0.393683,0.388592,0.2829,-0.484959,0.312399,-0.443784,-0.015491,-0.393683,-0.332407,-0.069167,0.312399,0.0,-0.333053,0.442696,-0.639902,0.0,-0.178241,-0.333053,-0.270556,-0.055281,-0.484959,-0.23598,0.426197,-0.563051,0.338217,-0.043493,-0.468829,0.338217,-0.015491,-0.069167,0.0,-0.051601,-0.01529,-0.252763,-0.333053,-0.236452,0.0,-0.401581,-0.009486,0.207893,-0.048114,-0.49958,-0.399394,-0.497019,-0.49958,-0.029219,0.536932,0.364035,-0.475952,0.590077,-0.60723,0.0,0.192259,-0.045646,-0.217718,0.162965,0.20005,0.04767,0.186517,-0.049036,-0.127162,-0.030049,-0.080271,0.168645,0.403988,-0.420553,0.186517,0.186517,0.46963,-0.090675,0.65552,-0.05225,-0.548814,-0.431646,-0.274212,#
6,-0.161049,-0.152976,0.400162,0.077523,-0.135349,0.432004,1.0,0.249996,0.030408,0.087884,0.607685,0.107414,-0.068876,-0.579775,-0.375964,0.432004,-0.429974,-0.00445,0.025754,-0.407888,0.339635,-0.107897,0.178282,0.155284,0.276311,-0.361672,-0.153123,0.351138,-0.234417,0.414467,-0.418414,-0.101419,-0.407888,-0.118419,0.036482,-0.352914,0.449935,0.085449,0.414374,0.432004,-0.291954,-0.019226,0.382259,0.015474,-0.52976,0.39349,-0.100098,-0.0086,0.298263,0.157115,0.346948,-0.165044,0.0,0.12349,0.424854,0.0445,-0.241191,0.09226,-0.469063,0.093227,-0.056712,-0.129131,-0.121725,0.132958,0.172604,-0.076091,0.0,-0.076091,0.350725,0.087727,0.041643,-0.510935,0.39473,-0.177263,-0.188291,0.37777,0.249996,-0.388802,0.276311,-0.418514,-0.132449,-0.03236,0.111978,0.177263,-0.161148,0.184076,-0.372545,0.661059,-0.204624,-0.078946,0.346601,-0.161148,-0.098682,-0.098682,0.153985,0.094751,0.153985,-0.073186,-0.007895,-0.177263,-0.27702,-0.098682,0.249996,0.0,-0.177263,-0.098682,0.245365,0.576655,-0.407888,0.239518,-0.438013,0.0,-0.098682,-0.118419,-0.118419,-0.177263,-0.132449,-0.372545,-0.178362,0.395909,0.0,-0.353162,0.088807,-0.188291,-0.384429,0.153985,0.658902,0.359113,-0.481968,0.249996,-0.284757,-0.118419,0.153985,-0.090278,0.167767,0.249996,0.0,-0.407888,0.418095,-0.104607,0.0,0.529112,0.249996,-0.275767,-0.221258,-0.481968,-0.043231,0.266931,-0.401615,0.276311,-0.348309,-0.248827,0.276311,-0.118419,0.167767,0.0,-0.457148,-0.220858,-0.116399,-0.407888,-0.026858,0.0,-0.241722,-0.177263,0.077523,-0.273495,-0.611832,-0.229357,-0.051766,-0.098682,-0.231348,-0.35497,0.302626,-0.650031,0.013471,-0.03236,0.0,0.782429,-0.270778,-0.335712,-0.416536,-0.357044,0.563509,0.377722,-0.426379,0.003335,0.185994,-0.681496,0.031791,0.25342,-0.177263,0.377722,0.377722,0.180187,0.132568,0.534887,0.101534,-0.357784,-0.264849,-0.794424,#
7,-0.271998,-0.272101,0.233333,0.509175,0.19377,0.312399,0.249996,1.0,-0.333062,-0.215072,0.138172,-0.665184,-0.16663,-0.271998,-0.218164,-0.333053,-0.332837,-0.33322,-0.33247,-0.111111,0.363007,0.400439,0.245693,0.316021,-0.111111,0.471285,0.219681,0.336523,-0.43034,-0.166667,0.333333,-0.475149,-0.111111,0.666667,0.447214,-0.218064,0.329983,0.480023,-0.16663,-0.333053,0.4368,0.374408,0.357492,-0.384938,-0.267652,-0.024614,0.19377,0.057335,0.082311,-0.40784,-0.508575,0.25519,0.0,0.130353,0.087302,-0.216552,-0.407352,0.067329,0.236004,0.138172,-0.287347,-0.150183,-0.493013,0.194263,0.295739,0.189974,0.0,0.189974,-0.11915,0.182066,-0.632982,0.24577,0.666667,0.408248,-0.272031,-0.149071,1.0,0.354639,-0.111111,0.362678,-0.166582,0.340652,-0.218218,0.272166,-0.272166,0.29683,-0.331759,0.417625,0.417625,-0.166667,0.223894,-0.272166,-0.166667,-0.166667,0.278373,0.509175,0.278373,0.738619,0.333333,0.408248,-0.02363,-0.166667,1.0,0.0,0.408248,-0.166667,0.426819,0.278373,-0.111111,0.295615,0.142087,0.0,-0.166667,0.666667,0.666667,0.408248,-0.166582,-0.331759,-0.165063,0.361229,0.0,-0.218218,0.172347,-0.272031,-0.632982,0.278373,0.426819,0.33837,0.203184,1.0,0.151078,0.666667,0.278373,-0.269069,0.310405,1.0,0.0,-0.111111,0.190731,0.223894,0.0,0.173927,-0.111111,0.329983,0.290129,0.203184,-0.506124,-0.27197,0.18894,-0.111111,0.182953,0.29683,-0.111111,0.666667,0.310405,0.0,0.157458,-0.393258,0.229354,-0.111111,0.347767,0.0,0.272166,0.408248,0.509175,0.300861,-0.166667,-0.394961,-0.165812,-0.166667,-0.395948,0.320129,-0.111111,0.290129,-0.323778,0.340652,0.0,0.244032,-0.407205,0.180188,-0.323694,-0.036326,0.194228,-0.507671,-0.663553,0.215898,-0.407205,0.303307,0.419173,-0.257152,0.408248,-0.507671,-0.507671,0.304321,0.321795,0.612383,0.199522,0.393052,-0.407343,-0.216406,#
8,-0.021185,0.379439,0.258477,-0.204725,-0.219188,0.600284,0.030408,-0.333062,1.0,0.293822,-0.004191,0.507676,0.024963,0.399526,-0.243428,0.200922,-0.216479,0.194174,0.593565,0.353401,-0.260341,-0.340753,0.832172,-0.550488,0.327977,-0.632055,0.144376,0.05274,0.285566,0.491965,-0.587307,0.111274,-0.333062,0.015255,-0.287666,0.64496,0.216813,-0.630337,-0.013165,0.200922,0.189098,0.579464,0.157241,-0.004768,-0.010499,0.505205,0.249261,0.462243,0.395523,0.03792,0.252731,-0.169981,0.0,-0.165729,-0.329044,0.635572,-0.376854,0.553969,-0.585711,0.531823,0.088399,-0.042284,-0.211098,0.193552,0.14936,0.671739,0.0,0.671739,0.436419,-0.015228,0.381072,0.327426,-0.003814,0.009342,-0.815427,0.092097,-0.333062,-0.243185,0.327977,-0.234486,0.029949,-0.582385,-0.204725,0.021797,0.009342,-0.029849,-0.258891,-0.389347,-0.389347,0.530102,-0.636669,0.009342,-0.499593,-0.003814,-0.390649,-0.204725,0.033419,-0.06588,-0.190684,-0.815831,0.361722,-0.003814,-0.333062,0.0,-0.411029,-0.499593,-0.013318,-0.390649,0.302552,-0.051978,0.164765,0.0,0.015255,0.015255,-0.499593,-0.39546,0.029949,-0.258891,0.078844,-0.243222,0.0,-0.65412,-0.461834,-0.815427,-0.030577,-0.374943,-0.0293,-0.218692,-0.468269,-0.333062,-0.430106,0.015255,-0.374943,0.00667,-0.496462,-0.333062,0.0,0.353401,0.287561,-0.619902,0.0,-0.167565,-0.333062,-0.484324,-0.04116,-0.468269,0.205803,0.407254,-0.545823,0.327977,-0.034457,-0.882435,0.327977,0.015255,-0.053908,0.0,-0.043608,0.472113,-0.238414,0.353401,-0.216932,0.0,-0.383005,0.009342,0.228027,-0.033612,0.015255,-0.411382,-0.497032,0.015255,0.383213,0.363598,0.353401,-0.45542,0.566266,-0.582385,0.0,-0.254651,-0.063586,-0.206153,0.572299,0.329996,0.055832,0.16044,0.458989,-0.115343,-0.048227,-0.065167,-0.454899,0.386062,-0.39546,0.16044,0.16044,0.11982,-0.522589,0.161514,-0.042323,-0.718691,-0.016356,0.232104,#
9,-0.080856,-0.076559,-0.073716,-0.04561,-0.127167,0.308364,0.087884,-0.215072,0.293822,1.0,0.331402,0.315924,0.302307,-0.080856,0.066833,0.656075,0.124974,-0.294596,-0.183529,-0.215072,-0.188034,-0.244604,0.175579,-0.858882,-0.215072,-0.326718,0.049201,-0.525716,0.023463,-0.322607,-0.299889,0.529986,-0.215072,-0.322607,-0.215396,0.054267,0.125947,-0.324634,0.117169,0.656075,-0.150332,0.03821,-0.153412,-0.075964,0.003127,0.179167,0.05275,0.28709,0.271525,0.071217,-0.062845,-0.455579,0.0,-0.520626,0.201854,0.637433,-0.427912,0.32175,-0.255277,-0.101357,0.131435,0.241567,-0.110074,0.441552,-0.265491,0.047069,0.0,0.047069,0.2659,-0.271457,0.235035,-0.242701,-0.322607,-0.526816,-0.169321,-0.272293,-0.215072,0.103233,-0.215072,-0.24782,-0.322443,-0.295859,0.489816,0.063069,-0.174369,-0.022786,0.103233,0.338328,-0.526555,0.290801,-0.066033,-0.174369,0.10905,-0.322607,-0.284542,0.113034,-0.284542,0.192737,-0.299889,-0.174369,0.189394,-0.322607,-0.215072,0.0,-0.526816,0.10905,-0.011636,0.071005,0.542223,0.466162,-0.143575,0.0,0.10905,-0.322607,-0.322607,-0.174369,-0.322443,0.103233,-0.319502,0.227762,0.0,-0.04561,-0.237852,-0.169321,-0.25542,0.071005,-0.163964,-0.115223,0.324915,-0.215072,-0.670331,-0.322607,0.071005,-0.172385,-0.007812,-0.215072,0.0,-0.215072,0.277902,-0.066033,0.0,-0.399121,-0.215072,0.125947,-0.030057,0.324915,0.380922,-0.017468,-0.356707,-0.215072,0.258214,-0.022786,-0.215072,-0.322607,-0.007812,0.0,-0.154093,-0.08715,-0.601161,-0.215072,-0.291439,0.0,0.063069,-0.526816,-0.422392,-0.365725,-0.322607,0.133146,0.147532,0.10905,0.489789,-0.134087,0.602806,-0.030057,0.273876,-0.295859,0.0,-0.095024,-0.361225,-0.022925,-0.214735,-0.403074,-0.165143,0.400067,-0.164888,-0.157897,0.503713,-0.382626,0.365816,-0.046223,-0.174369,0.400067,0.400067,0.044057,0.027307,0.089501,0.273004,-0.62248,-0.43017,0.020461,#
10,-0.132968,-0.118495,0.239353,-0.2335,0.169982,0.493314,0.607685,0.138172,-0.004191,0.331402,1.0,0.377099,-0.334686,-0.644265,-0.268309,0.493314,-0.018522,-0.50654,0.078004,-0.665155,0.320333,-0.054043,0.07695,-0.046326,0.170305,-0.332064,0.185206,0.313266,-0.261355,0.255458,-0.491636,0.172698,-0.665155,-0.395237,0.495777,-0.253549,0.020449,-0.384671,0.255401,0.493314,-0.337169,-0.181007,0.527268,-0.036053,-0.496493,0.695454,-0.379028,-0.295698,0.317784,0.122724,0.241561,-0.365191,0.0,-0.557927,0.684933,0.327314,-0.42395,-0.311823,-0.265814,-0.305641,0.228064,0.206587,0.29811,0.274522,-0.297514,-0.352586,0.0,-0.352586,-0.261634,-0.231856,0.463851,-0.353013,0.231358,-0.625742,-0.100499,0.487152,0.138172,-0.024151,0.170305,-0.591599,-0.412241,-0.014399,-0.191428,0.133806,-0.606064,0.0375,-0.004301,0.398118,-0.120444,-0.347037,0.230155,-0.074774,0.279558,-0.371137,0.110391,-0.212464,-0.425572,0.206196,-0.510916,-0.094452,-0.189291,0.279558,0.138172,0.0,-0.094452,0.279558,0.436511,0.626503,0.138172,0.624535,-0.513375,0.0,-0.371137,-0.395237,-0.395237,-0.094452,-0.412241,-0.004301,-0.46602,0.526555,0.0,-0.191428,-0.23857,-0.100499,-0.056416,-0.425572,0.396114,0.253133,-0.305921,0.138172,-0.257051,-0.395237,0.110391,0.010375,0.02601,0.138172,0.0,-0.665155,-0.126866,-0.320805,0.0,-0.247508,0.138172,0.054532,-0.461476,-0.305921,0.219075,-0.083053,-0.308722,0.170305,-0.251932,0.057831,0.170305,-0.395237,0.02601,0.0,-0.233492,-0.466966,-0.330222,-0.665155,-0.001749,0.0,-0.377806,-0.625742,-0.2335,-0.498252,-0.347037,0.14739,-0.312564,-0.371137,0.106076,-0.033035,0.202438,-0.441339,0.519046,-0.540538,0.0,0.756469,0.068975,-0.269234,-0.558549,-0.267891,0.453577,0.182552,-0.288477,-0.282054,0.067681,-0.461476,0.377701,-0.108779,-0.625742,0.780902,0.182552,-0.053716,0.014025,0.327701,0.346053,-0.362481,-0.395862,-0.290151,#
11,-0.147283,-0.132954,0.25044,-0.202106,0.222901,0.007322,0.107414,-0.665184,0.507676,0.315924,0.377099,1.0,-0.341043,-0.107578,-0.278252,0.469534,0.489117,0.002368,0.541543,0.194145,-0.31953,-0.591634,0.130721,-0.252525,0.162318,-0.491246,-0.363139,0.133134,0.38213,0.243476,-0.467856,0.143832,-0.665184,-0.353279,-0.09821,0.320163,-0.252507,-0.545118,0.243422,0.469534,-0.490312,-0.362835,0.01024,-0.057761,-0.063524,0.687419,-0.320878,-0.289596,0.510449,0.637202,0.787292,-0.347092,0.0,-0.356117,-0.152543,0.31179,0.095119,-0.156216,-0.323757,-0.24511,-0.037495,0.196016,0.267026,0.333965,-0.114361,-0.29513,0.0,-0.29513,-0.035592,-0.219216,0.938481,-0.335569,-0.377149,-0.596393,-0.115126,0.243395,-0.665184,-0.003604,0.162318,-0.565186,0.244715,0.005254,-0.202106,0.148124,-0.089654,0.054147,-0.023266,-0.115126,-0.095371,0.291217,-0.325911,0.436575,0.267347,-0.377149,-0.40557,-0.743832,-0.40557,-0.452937,-0.486952,-0.596393,-0.006091,0.267347,-0.665184,0.0,-0.596393,0.267347,-0.083358,0.105625,0.130491,0.094036,-0.500344,0.0,0.267347,-0.353279,-0.997775,-0.070164,0.244715,-0.023266,0.247043,0.007265,0.0,-0.202106,-0.226423,-0.115126,0.42317,-0.40557,-0.12337,-0.371784,-0.291366,-0.665184,-0.245947,-0.353279,0.125287,0.428397,-0.510453,-0.665184,0.0,0.194145,-0.311411,-0.304922,0.0,-0.235186,0.130491,-0.218749,-0.440459,-0.291366,0.765518,-0.097842,-0.294957,0.162318,-0.239051,-0.469426,0.162318,-0.353279,0.043545,0.0,-0.222247,0.147332,-0.313937,0.194145,0.018191,0.0,-0.358615,-0.596393,-0.202106,-0.476269,0.291217,0.123359,-0.319085,0.267347,0.620799,-0.239459,0.194145,-0.420514,0.495552,-0.515873,0.0,0.193482,0.04499,-0.256346,-0.037706,-0.098851,0.460382,0.151729,0.349292,-0.266998,0.043708,-0.439704,-0.403243,-0.122474,-0.596393,0.744379,0.151729,-0.482143,-0.528517,-0.28132,0.354186,-0.582154,0.119542,0.341197,#
12,0.092356,0.09725,-0.216322,-0.327254,-0.762275,0.033093,-0.068876,-0.16663,0.024963,0.302307,-0.334686,-0.341043,1.0,0.092356,0.221906,0.033093,-0.499145,-0.002056,-0.021149,-0.16663,0.152037,0.466692,-0.072331,-0.461387,-0.16663,-0.081224,0.349119,-0.296623,0.328772,-0.249944,-0.009432,0.40865,0.650799,-0.249944,-0.521633,-0.327024,-0.070695,-0.077552,-0.249889,0.033093,-0.099789,0.163974,0.009366,0.557893,0.020556,-0.688802,0.35416,0.282826,-0.512387,-0.079174,-0.19255,0.339852,0.0,0.375296,0.194446,0.186167,-0.098776,0.3187,-0.375225,0.27995,0.526688,-0.274185,-0.312646,-0.263939,0.052001,0.348137,0.0,0.348137,0.236722,0.225075,-0.440224,0.159947,-0.249944,0.092413,0.099414,0.004217,-0.16663,-0.497528,-0.16663,0.013319,-0.249817,-0.499637,0.763593,-0.092413,0.092413,-0.609147,0.007445,0.118928,-0.407955,0.386706,0.335766,-0.408158,-0.249944,0.363127,0.417466,0.763593,0.417466,-0.248663,-0.009432,0.092413,0.232007,-0.249944,-0.16663,0.0,0.092413,-0.249944,0.12626,-0.087507,-0.16663,-0.071759,0.132674,0.0,-0.249944,-0.249944,0.363127,-0.408158,-0.249817,0.007445,-0.247539,0.032838,0.0,0.207878,0.258463,0.099414,-0.459077,0.417466,-0.407327,-0.314509,0.256199,-0.16663,-0.639089,-0.249944,-0.087507,-0.403514,-0.08175,-0.16663,0.0,-0.16663,0.221271,0.335766,0.0,0.260833,-0.16663,-0.070695,-0.096871,0.256199,-0.188522,0.629079,-0.366213,-0.16663,0.274369,-0.091947,-0.16663,-0.249944,-0.608736,0.0,0.236134,-0.160081,-0.21926,-0.16663,-0.498859,0.0,0.408158,0.092413,-0.327254,-0.089638,-0.249944,-0.173223,0.305817,-0.249944,-0.095169,0.043644,0.682238,-0.096871,0.015847,-0.003919,0.0,-0.21119,-0.083947,0.270221,0.022593,0.216882,-0.469548,0.351261,0.268399,0.323775,0.42885,-0.086826,0.1342,0.626869,0.092413,-0.212492,0.351261,0.416294,-0.071432,0.203112,-0.37673,0.043476,-0.101994,-0.324537,#
13,0.135065,0.563249,-0.31855,-0.071911,-0.349282,-0.024673,-0.579775,-0.271998,0.399526,-0.080856,-0.644265,-0.107578,0.092356,1.0,0.345005,-0.024673,-0.011158,0.426848,-0.003648,0.434151,-0.472337,-0.014207,0.250769,-0.32251,-0.271998,-0.106899,0.043593,-0.483939,0.020259,0.101999,0.015692,-0.049569,0.407997,0.121615,-0.5006,0.357194,0.051042,-0.100597,0.092356,-0.435487,0.275738,0.384649,-0.469979,-0.012968,0.510305,-0.217842,0.544415,0.43906,-0.300305,-0.144727,-0.330893,0.161984,0.0,-0.103746,-0.472247,0.366403,0.297239,0.404808,0.322498,0.418417,-0.132266,0.072699,-0.041868,-0.490122,0.226736,0.534757,0.0,0.534757,0.335348,-0.072263,-0.195521,0.437732,-0.407997,0.59899,-0.24386,-0.364922,-0.271998,-0.039314,-0.271998,0.394691,0.136677,-0.387348,-0.089032,-0.150548,0.59899,0.227441,0.364601,-0.665926,-0.227627,0.121614,-0.348783,0.18258,-0.407997,0.611995,-0.158694,-0.089032,0.277535,0.03761,0.423689,-0.249846,0.236939,0.101999,-0.271998,0.0,0.166564,-0.407997,-0.6649,-0.578766,0.381843,-0.241342,0.426583,0.0,0.121614,0.121614,0.101999,-0.23383,0.136677,0.364601,0.186008,-0.809023,0.0,-0.089032,-0.071486,-0.24386,0.21225,-0.142537,-0.237464,-0.049291,-0.045883,-0.271998,0.258707,0.121614,-0.56261,-0.302421,-0.204017,-0.271998,0.0,0.434151,0.254404,-0.331535,0.0,-0.209497,-0.271998,0.051042,0.64194,-0.045883,0.058785,0.18055,0.379135,0.407997,0.365051,-0.219351,-0.271998,0.121614,-0.187156,0.0,0.353503,0.592607,0.127638,0.434151,-0.381887,0.0,-0.150548,0.59899,0.37325,0.251194,0.121614,-0.148926,0.055351,0.121614,-0.168373,0.199685,-0.271998,0.215801,-0.030485,0.025024,0.0,-0.810461,0.220769,0.335063,0.820842,0.314663,-0.584619,0.060425,0.408652,-0.198414,0.220769,0.239028,-0.495991,0.171739,0.18258,-0.408545,0.060425,0.284304,0.162585,-0.529758,-0.631096,-0.097564,0.289092,0.376293,#
14,0.7842,0.353674,-0.997134,-0.428466,-0.091126,-0.237057,-0.375964,-0.218164,-0.243428,0.066833,-0.268309,-0.278252,0.221906,0.345005,1.0,0.179827,0.177059,-0.19988,-0.652796,-0.218164,-0.56135,-0.131342,-0.378556,-0.231608,-0.218164,-0.266918,0.019685,-0.467843,-0.555899,-0.327246,-0.206682,0.052891,0.528186,-0.327246,0.087296,0.023257,0.272806,0.216026,-0.327173,0.179827,0.169954,-0.042116,-0.649932,-0.162769,0.847561,-0.420968,0.399327,-0.00395,-0.206272,-0.383987,-0.552272,-0.11476,0.0,-0.027152,0.144565,0.109589,0.100711,-0.300183,0.358747,0.292882,0.070936,0.737537,0.420573,-0.34162,-0.112425,-0.059329,0.0,-0.059329,0.2124,-0.737348,-0.09525,-0.22294,-0.327246,-0.077346,0.349815,-0.485263,-0.218164,-0.281958,-0.218164,0.612429,0.19551,-0.243135,0.060135,-0.801586,-0.077346,0.009687,0.179106,-0.113437,-0.113437,-0.327246,-0.059947,-0.53439,-0.327246,0.232517,0.078617,0.060135,0.078617,0.161227,-0.206682,-0.077346,-0.577507,-0.327246,-0.218164,0.0,-0.077346,-0.327246,-0.533303,-0.382447,0.499481,-0.442559,0.377268,0.0,-0.327246,-0.327246,0.232517,-0.53439,0.19551,0.179106,0.142325,-0.648901,0.0,0.060135,-0.233221,0.349815,0.352311,0.078617,-0.533303,0.410372,0.234906,-0.218164,0.134007,-0.327246,-0.382447,-0.528311,0.50666,-0.218164,0.0,-0.218164,0.155492,-0.059947,0.0,-0.394494,0.499481,0.272806,0.044973,0.234906,-0.136331,-0.06955,0.248946,-0.218164,-0.277054,0.481914,-0.218164,-0.327246,0.025497,0.0,0.239027,-0.027764,-0.501967,-0.218164,-0.653144,0.0,-0.344541,-0.077346,-0.428466,0.505004,-0.327246,0.637351,0.180698,-0.327246,-0.412099,-0.22481,-0.218164,0.044973,-0.268354,0.209479,0.0,-0.551001,0.519537,0.198621,0.19067,0.215855,-0.780602,0.415003,0.300424,-0.667393,0.519537,0.061263,0.327803,-0.092785,-0.077346,-0.09973,0.415003,0.49586,0.544015,-0.424908,-0.292286,0.284533,-0.335173,-0.008565,#
15,-0.040474,-0.017004,-0.178919,-0.214654,-0.266822,0.219509,0.432004,-0.333053,0.200922,0.656075,0.493314,0.469534,0.033093,-0.024673,0.179827,1.0,0.145421,-0.196597,-0.196735,-0.333053,-0.36027,-0.330924,0.010689,-0.565254,-0.333053,-0.621073,-0.283594,-0.319126,-0.229988,0.003873,-0.596398,0.152798,-0.333053,-0.49958,-0.289809,-0.247634,0.215788,-0.187458,0.507212,0.594457,-0.566675,-0.263536,-0.240897,-0.136301,0.086181,0.364322,0.208877,-0.071497,0.214211,0.40054,0.213484,-0.298504,0.0,-0.454527,0.314817,0.655473,0.009465,-0.008269,-0.081813,-0.011424,-0.082348,0.457907,0.140989,-0.006809,0.069209,-0.206303,0.0,-0.206303,0.385429,-0.497307,0.380261,-0.646588,-0.49958,-0.404743,-0.020387,-0.07274,-0.333053,-0.24748,-0.333053,-0.277383,-0.029307,-0.221894,0.241697,0.025296,0.006324,0.357929,0.167202,0.412288,-0.437038,0.023236,0.221814,0.006324,0.003873,0.003873,-0.001152,-0.197752,-0.001152,-0.059194,-0.193636,-0.404743,-0.328888,0.003873,-0.333053,0.0,-0.404743,0.003873,-0.37597,0.413531,0.312399,0.389001,-0.548593,0.0,0.003873,-0.49958,-0.49958,-0.404743,-0.029307,0.167202,-0.07527,-0.138762,0.0,-0.214654,0.002489,-0.020387,-0.037759,-0.001152,0.029753,0.130101,-0.096195,-0.333053,-0.404291,-0.49958,-0.001152,-0.400138,-0.0442,-0.333053,0.0,-0.333053,0.295951,-0.220868,0.0,-0.140614,0.312399,0.215788,-0.039101,-0.096195,0.624845,0.036311,-0.07683,0.338217,-0.023872,-0.066794,-0.333053,-0.49958,-0.0442,0.0,-0.083141,-0.156429,-0.631526,-0.333053,-0.586034,0.0,-0.385771,-0.404743,-0.214654,-0.474764,-0.49958,0.155663,0.049387,0.003873,-0.028208,-0.561953,0.364035,-0.459772,0.168158,-0.221894,0.0,0.193329,-0.061242,0.110255,-0.253222,-0.373932,0.049081,0.632776,-0.067993,-0.561212,0.79241,-0.872911,-0.021778,-0.016305,-0.404743,0.632776,0.632776,0.248958,0.321103,-0.215368,-0.050997,-0.571878,-0.385213,-0.274212,#
16,-0.042615,-0.440397,-0.211182,0.221194,0.667118,-0.631484,-0.429974,-0.332837,-0.216479,0.124974,-0.018522,0.489117,-0.499145,-0.011158,0.177059,0.145421,1.0,-0.184556,-0.168257,0.347966,-0.573534,-0.512579,-0.41829,0.016816,-0.332837,0.195012,-0.604675,-0.160518,0.039062,-0.499256,0.226934,-0.148696,-0.332837,0.011347,0.148849,0.205812,-0.325213,0.15321,0.001712,0.145421,-0.25227,-0.642434,-0.537243,-0.497527,0.43472,0.183212,-0.245485,-0.518717,0.353036,0.424923,0.239733,-0.2277,0.0,-0.298219,-0.371521,-0.178939,0.405692,-0.505528,0.534706,-0.531157,-0.469508,0.494775,0.291331,0.339827,-0.120805,-0.664679,0.0,-0.664679,-0.31829,-0.435539,0.543332,-0.388558,-0.499256,-0.398376,0.414568,-0.419485,-0.332837,0.592435,-0.332837,0.146921,0.503321,0.616066,-0.224496,0.027794,0.003088,0.352935,0.171863,-0.02365,0.430219,0.011347,-0.218018,0.435434,0.521949,-0.499256,-0.403611,-0.653679,-0.419187,-0.0691,-0.196676,0.018529,-0.263828,0.030258,-0.332837,0.0,-0.382935,0.521949,-0.369828,0.001385,0.297536,-0.044841,-0.27647,0.0,0.503038,0.011347,-0.499256,0.435434,0.503321,0.171863,0.500537,-0.142323,0.0,0.237701,0.013108,0.414568,0.543332,-0.014192,-0.401528,-0.228045,0.459509,-0.332837,0.308277,0.011347,0.421956,0.361787,-0.05545,-0.332837,0.0,0.347966,-0.510745,0.230951,0.0,-0.431721,0.322751,0.423632,-0.050039,0.459509,0.625687,-0.814696,0.457712,-0.332837,-0.030021,0.368889,-0.332837,0.011347,0.383455,0.0,0.031789,-0.023151,-0.166183,0.347966,0.25426,0.0,0.027794,-0.398376,-0.207989,-0.042572,0.54086,0.505204,0.036944,0.503038,0.413526,-0.399896,-0.332837,0.392408,-0.203351,0.187912,0.0,-0.191634,-0.013404,0.118583,-0.229187,-0.267097,0.132782,-0.264327,0.011849,-0.331034,-0.0459,0.004827,-0.032279,-0.820751,0.003088,0.222591,-0.264327,-0.561298,-0.019337,-0.648252,0.504672,0.132264,0.051278,0.664134,#
17,0.012267,0.407507,0.248522,0.231265,-0.190159,-0.211733,-0.00445,-0.33322,0.194174,-0.294596,-0.50654,0.002368,-0.002056,0.426848,-0.19988,-0.196597,-0.184556,1.0,0.189449,0.343242,0.099773,-0.209116,0.003654,0.24744,0.318188,0.051892,-0.252881,-0.317987,0.262001,0.477282,0.217971,0.174863,0.343242,0.007516,-0.574794,0.231733,0.080785,0.061801,0.496316,-0.196597,0.096312,0.100786,-0.263027,0.364953,-0.104323,-0.179268,-0.190159,0.514979,-0.225505,0.00326,0.209286,-0.155996,0.0,0.250391,-0.347497,-0.257361,0.457868,0.548935,-0.082556,0.021664,-0.105828,-0.508553,0.059653,-0.321698,-0.06097,0.228294,0.0,0.228294,0.434283,0.509207,-0.131294,0.078202,-0.011274,0.411178,0.023931,0.07059,-0.33322,-0.159159,0.318188,-0.149465,0.022001,-0.178695,0.231265,0.003069,0.825425,0.050023,0.243253,-0.395942,-0.395942,0.007516,-0.204236,0.411178,0.007516,0.496072,-0.403358,-0.211583,0.014532,-0.497268,0.608816,0.012274,0.355388,-0.011274,-0.33322,0.0,-0.003068,0.007516,-0.450588,-0.403358,-0.33322,-0.376439,0.262821,0.0,0.514863,0.007516,0.007516,0.012274,0.022001,0.243253,0.070252,-0.254582,0.0,0.231265,0.025313,0.023931,0.274358,0.030009,0.384094,0.049522,-0.39573,-0.33322,0.37927,0.007516,-0.387881,0.403973,0.028177,-0.33322,0.0,0.343242,0.367475,-0.187713,0.0,0.451282,-0.33322,-0.610138,0.461869,-0.39573,-0.170813,0.389055,0.068166,0.318188,0.05363,-0.362134,0.318188,0.007516,0.028177,0.0,-0.501106,0.851366,0.639807,0.343242,0.185474,0.0,0.018411,0.411178,0.214864,0.030329,0.007516,-0.109782,0.512224,0.514863,0.042875,-0.162088,-0.33322,0.053645,-0.201462,0.231536,0.0,-0.219171,0.001715,-0.385985,0.629165,-0.248192,-0.079928,0.252922,0.026245,0.372314,0.044094,0.016077,-0.603536,0.419946,0.426521,-0.213612,0.252922,-0.288206,-0.007869,-0.271082,-0.464368,-0.287639,0.807766,-0.144418,#
18,-0.369047,0.03572,0.630867,-0.243836,-0.156877,0.226127,0.025754,-0.33247,0.593565,-0.183529,0.078004,0.541543,-0.021149,-0.003648,-0.652796,-0.196735,-0.168257,0.189449,1.0,0.292474,0.260679,0.095575,0.414687,0.028685,0.367467,-0.178873,0.185621,0.526976,0.755182,0.532452,-0.202482,0.07285,-0.33247,-0.029997,-0.164335,0.229953,-0.467708,-0.659469,-0.002051,-0.181633,-0.215207,0.097577,0.603809,0.41498,-0.478288,0.383756,-0.22448,-0.093304,0.056481,0.410345,0.677062,0.238042,0.0,0.073867,-0.196132,0.134409,-0.014733,0.112743,-0.568128,0.019447,0.31821,-0.508142,-0.107945,0.03089,0.079367,0.225895,0.0,0.225895,-0.241639,0.47063,0.426141,0.412857,0.026248,-0.018369,-0.379535,0.667406,-0.33247,-0.174243,0.367467,-0.602241,-0.016597,-0.193452,-0.243836,0.38576,-0.018369,-0.392951,-0.143358,-0.426082,0.008361,0.43871,-0.203776,0.410252,0.026248,0.007499,0.014499,-0.243836,-0.031829,-0.496149,-0.21748,-0.38576,0.490148,0.532452,-0.33247,0.0,0.027554,0.026248,0.411164,0.014499,-0.33247,0.049706,-0.22655,0.0,-0.029997,-0.029997,-0.498705,-0.003061,-0.016597,-0.143358,0.028316,0.174815,0.0,-0.194742,-0.012471,-0.379535,0.051384,-0.448778,0.002619,-0.619209,-0.488406,-0.33247,-0.264551,-0.029997,-0.016386,0.428286,-0.813485,-0.33247,0.0,0.292473,-0.393347,-0.236746,0.0,0.142623,-0.33247,-0.467708,-0.400777,-0.488406,0.249575,0.401661,-0.448456,0.342469,0.015515,-0.772546,0.367467,-0.029997,-0.410592,0.0,0.060711,0.153036,0.220037,0.292473,0.196962,0.0,-0.027554,-0.018369,0.198015,-0.401746,0.494955,-0.488036,-0.496149,-0.029997,0.423572,0.407909,0.292473,-0.385112,0.653425,-0.617918,0.0,0.232972,0.063122,-0.141885,0.220901,0.412722,0.471933,-0.226061,0.520543,0.358805,-0.433198,0.028447,-0.588402,0.407233,-0.431683,0.256662,-0.226061,-0.334775,-0.876617,0.146993,0.008614,-0.288778,0.413435,0.25369,#
19,-0.271998,-0.272101,0.233333,0.509175,0.249936,-0.333053,-0.407888,-0.111111,0.353401,-0.215072,-0.665155,0.194145,-0.16663,0.434151,-0.218164,-0.333053,0.347966,0.343242,0.292474,1.0,-0.487279,-0.324994,0.297968,0.025427,-0.111111,0.226462,-0.50332,0.082543,0.430342,-0.166667,0.333333,-0.475149,-0.111111,0.666667,-0.347833,0.536774,-0.04714,0.232269,-0.16663,-0.333053,0.202277,0.10934,-0.331011,-0.384938,0.305888,-0.024614,0.249936,0.057335,0.329243,0.289102,0.237703,0.25519,0.0,0.374765,-0.993584,-0.216552,0.288756,0.259699,0.140327,0.202438,-0.606622,-0.150183,-0.493012,0.260115,0.506981,0.245848,0.0,0.245848,0.178725,0.182066,0.033315,0.245771,-0.166667,0.408248,-0.272031,-0.447212,-0.111111,0.354639,-0.111111,0.362678,0.690124,0.340652,-0.218218,0.272166,0.408248,0.29683,-0.331759,-0.272031,0.417625,0.666667,-0.508849,0.408248,-0.166667,-0.166667,-0.408026,-0.218218,0.278373,-0.165812,0.333333,-0.272166,0.212665,-0.166667,-0.111111,0.0,-0.272166,-0.166667,-0.271612,-0.408026,-0.111111,-0.404525,0.142087,0.0,0.666667,0.666667,-0.166667,0.408248,0.690124,-0.331759,0.763414,-0.330486,0.0,-0.218218,0.172347,-0.272031,0.033315,0.278373,-0.271612,-0.491594,0.203184,-0.111111,0.151078,0.666667,0.278373,0.291492,-0.405914,-0.111111,0.0,1.0,-0.063577,0.223894,0.0,0.173927,-0.111111,-0.04714,0.290129,0.203184,0.240616,-0.27197,0.18894,-0.111111,0.182953,-0.406188,-0.111111,0.666667,0.310405,0.0,0.157458,0.424407,0.229354,1.0,0.347767,0.0,0.272166,0.408248,0.509175,0.300862,0.666667,-0.394961,-0.165812,0.666667,0.300224,0.029103,-0.111111,0.290129,-0.323778,0.340652,0.0,-0.492669,-0.407205,0.180188,0.366853,0.181632,0.194229,-0.507671,0.206681,0.215898,-0.407205,0.303307,-0.616985,-0.257152,0.408248,-0.507671,-0.507671,-0.272839,-0.403376,-0.216406,0.199523,0.075434,0.284371,0.612383,#
20,-0.312992,0.039888,0.555474,0.006423,-0.188372,0.252212,0.339635,0.363007,-0.260341,-0.188034,0.320333,-0.31953,0.152037,-0.472337,-0.56135,-0.36027,-0.573534,0.099773,0.260679,-0.487279,1.0,0.616807,-0.054159,0.382001,0.330304,0.366239,0.541087,0.261078,0.215326,0.323763,0.264897,0.352389,0.10138,-0.093204,0.162342,-0.421467,-0.273334,-0.185494,0.177021,-0.221968,-0.024936,0.08065,0.753302,0.631874,-0.869933,-0.077517,-0.516516,0.10519,-0.414274,-0.175653,0.025545,0.094012,0.0,0.032133,0.540711,-0.241078,-0.204278,0.128245,-0.306388,-0.342654,0.525307,-0.734542,-0.019632,-0.11232,-0.347558,0.008387,0.0,0.008387,-0.389771,0.725464,-0.314758,0.30221,0.519983,0.048064,0.065519,0.697631,0.363007,-0.040742,0.330304,-0.555765,-0.730547,-0.072829,0.220516,0.332442,-0.092122,-0.477753,0.161285,0.085818,-0.157765,-0.289424,0.442719,0.048064,0.34829,0.152071,0.331886,0.370382,-0.173182,-0.03505,0.127543,0.568756,0.473625,0.323763,0.363007,0.0,0.548729,0.34829,0.684088,0.352089,-0.487279,0.410313,-0.059493,0.0,-0.264897,-0.093204,0.34829,0.208277,-0.730547,0.161285,-0.723884,0.738135,0.0,0.370382,0.138882,0.065519,-0.314758,-0.15298,0.560746,0.014469,-0.227439,0.363007,-0.030386,-0.093204,-0.01156,0.268603,0.016633,0.363007,0.0,-0.487279,-0.104167,0.054516,0.0,0.32145,-0.487279,-0.273334,-0.121259,-0.227439,-0.46131,0.381115,-0.247468,0.10138,0.181014,0.039545,0.330304,-0.093204,-0.362869,0.0,-0.244347,-0.177518,0.554994,-0.487279,0.388071,0.0,0.332442,0.048064,-0.014987,-0.379995,-0.117732,-0.237639,0.177911,-0.264897,-0.008836,0.358906,0.10138,0.022202,0.273529,-0.211656,0.0,0.59724,-0.030161,-0.274012,-0.234371,-0.150756,0.228312,-0.102059,-0.343862,0.67883,-0.29489,0.124402,0.235799,0.415512,0.068091,0.055822,-0.102059,-0.194276,-0.136201,0.525414,-0.107451,0.041016,0.294756,-0.440849,#
