0,1.0,-0.111172,0.046809,0.204456,0.368592,0.629191,-0.13192,-0.127939,-0.372765,0.069732,0.208559,-0.326272,0.155435,0.325686,-0.128096,-0.332822,0.558272,-0.064698,-0.115865,-0.423887,-0.419192,-0.506272,0.168076,-0.11191,0.103652,-0.38333,-0.431107,-0.045609,-0.04184,-0.217571,0.416817,-0.08929,-0.217571,-0.426911,-0.473068,-0.177512,-0.094477,0.4321,0.526027,-0.05593,-0.171195,0.187291,0.357501,0.419431,-0.063435,-0.201051,0.168076,-0.017205,-0.322181,0.209125,0.209125,0.435116,0.31922,-0.18857,-0.096271,0.386564,0.176455,0.218752,-0.540823,0.174794,0.257629,0.399649,0.284649,-0.180096,-0.015079,0.308147,0.179872,0.237957,-0.36307,0.448588,-0.078922,0.377545,-0.217571,0.328389,-0.142852,0.357071,0.251239,0.268385,0.328389,0.261619,-0.521508,0.522887,0.190199,0.655696,-0.142852,-0.094861,-0.302801,-0.145571,0.261619,-0.232172,-0.582989,0.306374,0.251239,0.04496,0.561393,-0.139906,-0.070535,0.315681,0.166472,-0.173938,-0.014812,-0.427085,0.522887,-0.048725,0.128526,0.334606,-0.008915,0.128526,-0.313372,0.117445,0.175613,0.0,0.328389,-0.427076,-0.4248,-0.427085,0.200028,-0.078187,0.316294,-0.292138,0.190199,0.015689,-0.278757,0.096893,-0.516144,0.185747,-0.427076,0.277737,0.377242,-0.326191,0.406821,0.303014,-0.29492,0.280038,-0.29492,-0.273698,0.526027,-0.221593,-0.689629,-0.142852,0.231342,-0.507734,-0.326191,0.030171,0.294714,0.198213,-0.427076,-0.08021,0.428728,0.196215,-0.224548,0.220684,0.05011,0.302938,-0.520187,-0.157204,0.143588,-0.363505,-0.468582,0.154265,-0.615174,0.26555,-0.326357,-0.094861,0.028728,-0.418404,0.750968,0.090009,0.154265,-0.530438,0.258458,-0.447409,-0.090528,0.510031,-0.151339,0.328389,0.782505,-0.178726,0.323891,-0.142852,-0.341011,0.263824,-0.354196,-0.009658,0.227753,-0.329269,0.059194,0.180754,0.014011,0.329562,0.028728,-0.445682,0.323891,0.088384,-0.021336,-0.052673,-0.063048,-0.412379,-0.463222,0.05011,#
1,-0.111172,1.0,0.333227,0.333779,0.115799,-0.378509,0.223576,0.231849,0.200341,0.693429,0.052317,-0.405182,0.486106,0.198427,0.198427,-0.07498,-0.529818,0.616671,0.649448,0.473053,0.262518,0.579771,0.045523,0.132939,-0.530134,0.23211,0.621261,0.012132,0.030172,0.29721,-0.578756,0.160308,0.432306,0.339571,-0.341215,-0.514265,0.473657,-0.257532,-0.270191,-0.661662,0.014886,0.438802,0.393006,-0.297093,-0.253569,-0.655486,0.377458,0.662298,0.677603,0.286914,0.286914,0.185064,-0.244448,0.033974,-0.013425,0.083242,-0.248942,-0.417767,0.239118,-0.220013,0.157778,0.436108,-0.470868,0.46681,0.098872,0.327788,0.648276,0.353866,0.129857,0.182152,0.12713,0.056301,0.432306,0.341552,-0.16094,0.320428,-0.362635,-0.40508,-0.080365,-0.357487,-0.382102,0.220277,0.029751,-0.073327,-0.16094,0.116852,-0.613894,0.611359,-0.025136,0.327068,0.489318,-0.710464,-0.362635,0.149636,-0.191827,0.631342,0.202774,0.101688,-0.073327,-0.477581,0.106571,-0.530376,-0.590611,-0.256449,-0.991735,0.202955,-0.747955,-0.654545,-0.654545,-0.116278,0.434079,0.0,0.341552,-0.530365,0.208568,0.313222,-0.081845,-0.321801,0.327068,-0.281827,0.029751,0.033862,0.341552,-0.530365,0.18394,0.449494,-0.530365,0.056236,0.613215,0.157403,0.050004,0.073311,-0.141625,0.442238,-0.141625,0.434079,-0.270191,-0.034055,0.467221,-0.731866,-0.405287,0.044521,-0.40508,-0.577157,-0.152175,0.470541,-0.166249,0.24667,-0.396937,-0.013806,-0.232823,0.186291,-0.034678,0.215757,0.169284,0.202955,0.375578,0.397415,0.023397,0.10556,-0.098677,-0.404301,0.020264,0.489318,0.220277,0.626031,0.090398,0.210962,0.10556,0.177569,-0.821695,-0.066405,-0.202194,-0.131426,0.186982,0.341552,0.202955,-0.040005,-0.240364,-0.16094,0.118474,0.125971,-0.42335,-0.435398,-0.391659,0.086879,-0.096788,-0.465765,-0.267733,0.19815,-0.123124,0.290124,0.107749,-0.304866,-0.200684,-0.661356,0.478904,-0.490434,-0.064833,-0.166249,#
2,0.046809,0.333227,1.0,0.238744,0.285919,-0.252335,-0.052466,-0.047791,-0.431159,0.498179,-0.653781,-0.326927,0.213926,-0.533679,-0.533679,-0.301569,0.006246,0.490322,0.065344,0.11867,0.456659,0.120008,-0.255471,-0.100493,-0.427747,0.088544,0.098205,-0.528776,-0.604755,0.48981,-0.176949,-0.082094,-0.218008,0.559551,-0.499398,-0.286668,0.426537,-0.091555,0.48981,-0.533872,-0.194984,0.243279,0.33963,-0.542332,-0.08707,0.31218,0.158609,0.519531,-0.053126,0.134298,0.134298,-0.028409,-0.096092,0.354231,-0.023986,-0.088071,-0.47195,0.143552,-0.457231,-0.479073,0.272957,-0.206191,-0.488398,-0.211655,-0.397829,-0.001826,-0.326919,0.384164,0.199677,-0.013974,-0.018364,-0.160952,-0.218008,0.357657,0.346031,0.369022,0.225105,-0.326845,-0.168673,0.2352,0.421213,0.547221,-0.179163,0.195088,0.346031,0.002624,-0.79717,-0.030795,0.649799,-0.176768,0.002624,-0.260751,0.225105,0.074096,-0.357468,-0.023239,0.407533,0.345634,0.195088,-0.238907,-0.360399,-0.427941,-0.37103,-0.072879,-0.379561,-0.045443,-0.038029,0.041074,-0.379561,-0.426457,0.265873,0.0,0.357657,-0.427933,0.109975,0.52735,-0.233829,-0.480786,0.345306,-0.360413,-0.179163,0.443004,0.357657,-0.427933,-0.484667,0.277205,-0.427933,0.06382,0.462459,0.262568,0.432341,-0.325336,0.335322,0.151107,0.335322,-0.161818,0.48981,0.635,-0.040344,-0.252229,0.203852,0.455352,-0.326845,-0.0,0.323426,0.329552,0.026292,0.531997,-0.532166,-0.213289,-0.770547,0.259022,0.545711,0.394532,-0.447214,-0.045443,0.234082,0.167434,-0.022066,-0.326824,0.156326,0.236454,0.203852,0.467264,0.547221,0.114049,-0.326307,-0.346935,-0.326824,-0.045317,-0.21178,-0.053116,0.368304,0.109975,-0.532055,0.357657,0.380903,0.222794,-0.503635,0.346031,-0.306837,0.125489,-0.320866,-0.048698,-0.296846,0.158549,0.063821,0.218575,-0.374928,0.395758,0.118838,0.06176,-0.069373,0.05035,0.042737,-0.533625,-0.014975,0.231018,0.494108,0.480516,#
3,0.204456,0.333779,0.238744,1.0,0.224621,-0.391634,-0.353859,-0.409081,-0.303048,0.445912,0.352528,0.104886,-0.296181,-0.413674,-0.413674,0.419477,0.150121,0.536551,0.557888,-0.331187,0.267805,-0.335738,-0.334611,0.22435,0.206646,0.416332,-0.292029,-0.303683,-0.26001,0.091217,-0.106928,-0.255128,0.134654,0.264214,-0.231359,-0.443409,-0.179602,0.247977,0.091217,0.224453,-0.353245,-0.31168,0.659497,-0.25019,0.275818,-0.306105,-0.360022,-0.319189,-0.060966,-0.204341,-0.161947,0.561106,-0.448924,0.637607,0.466521,0.229801,-0.133625,-0.210689,-0.143912,-0.147403,0.023402,0.103656,-0.262583,-0.043952,-0.140903,-0.307772,0.201924,-0.089782,-0.201495,0.440819,-0.250336,0.679596,0.134654,0.704126,0.641543,-0.050024,-0.339137,0.136756,0.671827,0.301872,-0.255488,0.414897,0.377702,0.271743,-0.242301,-0.255281,-0.335705,0.356635,0.301872,-0.177718,0.529684,-0.269453,0.328187,-0.297005,0.356076,0.330185,0.303357,0.221725,-0.391157,0.274932,-0.334864,-0.515933,0.360773,0.252972,-0.34696,0.303037,-0.250023,-0.321146,-0.34696,0.175036,-0.318968,0.0,0.671827,0.180692,-0.273446,0.26593,0.324556,-0.22906,-0.145679,0.356031,0.377702,0.529531,-0.150857,0.151178,-0.134959,0.37742,0.180692,-0.140214,0.500381,0.203739,0.531713,0.165589,-0.201713,-0.062878,-0.201713,0.403574,0.091217,-0.312503,-0.002901,-0.276296,0.136826,0.502514,0.138617,-0.309283,-0.164526,0.891541,0.208567,-0.361725,-0.251097,0.295199,-0.251555,0.97975,0.238081,0.304361,-0.14631,-0.389531,-0.335322,-0.327152,-0.207533,0.16832,-0.48751,0.16696,0.104248,-0.255281,-0.28098,0.416582,0.167126,0.360647,0.16832,-0.362358,-0.394627,0.422392,-0.405557,0.441556,-0.408671,-0.185057,0.303037,-0.277178,-0.375257,0.641543,-0.667698,-0.067234,0.083912,0.429043,0.140203,0.251587,0.19393,-0.172642,0.338726,-0.371471,-0.307268,0.158287,-0.401906,0.157156,-0.312912,-0.450696,-0.146789,-0.180321,-0.244191,-0.558802,#
4,0.368592,0.115799,0.285919,0.224621,1.0,0.030599,-0.213688,0.176978,-0.208293,0.201567,-0.357203,0.096431,0.011167,-0.209413,-0.209413,-0.597264,0.341082,0.477116,-0.286999,-0.527772,-0.225252,0.067148,0.024021,0.594005,-0.531511,0.245649,0.229382,0.079458,-0.403953,0.327923,0.392717,0.142992,-0.270893,-0.129963,-0.792678,-0.098933,0.064345,-0.235504,0.413468,-0.257099,-0.401292,0.038533,0.374279,-0.304018,-0.231279,-0.136191,0.374335,0.21437,-0.433082,0.14639,0.14639,-0.319631,0.19983,-0.26166,0.545143,-0.44067,-0.386941,0.157783,-0.530691,-0.386064,-0.379757,0.448141,0.31905,-0.137375,-0.278909,0.338492,0.161489,0.230977,0.379163,0.049776,0.144023,-0.12846,-0.270893,-0.138447,-0.159312,-0.086783,-0.415738,-0.406132,-0.074837,-0.010316,0.014975,0.20557,-0.402785,0.785425,-0.159312,0.12222,-0.577526,-0.228727,0.340436,-0.149081,0.066065,0.3434,-0.019427,0.228624,0.294279,-0.22245,-0.237375,0.992426,0.375376,-0.060424,-0.541905,-0.531753,0.257344,0.147232,-0.18092,-0.241975,-0.373994,-0.231756,-0.231756,-0.074745,0.026352,0.0,0.37044,-0.09257,0.193983,-0.154721,-0.043685,-0.357773,-0.149081,-0.200174,-0.402785,-0.406101,-0.138447,-0.09257,-0.438471,0.036451,-0.09257,-0.360573,-0.014709,-0.406132,0.033925,-0.404257,0.3434,-0.222697,0.3434,-0.387165,0.413468,-0.068966,0.071953,-0.159312,0.106931,0.04644,0.092219,-0.203038,-0.171021,0.225494,-0.147467,0.054936,-0.334367,0.471464,-0.138447,0.223865,-0.09257,0.182572,-0.462211,-0.241975,0.406712,-0.259669,-0.850828,0.132778,0.090703,0.138673,0.556043,0.515307,0.20557,0.224343,0.116743,0.240891,0.132778,-0.660435,-0.009854,-0.423993,-0.256265,-0.164835,-0.253716,-0.138447,0.170242,-0.444344,-0.246564,-0.159312,-0.442588,-0.518485,0.074233,0.02738,-0.424254,0.410221,-0.110866,0.174738,0.313951,0.19198,0.257344,0.297748,0.120822,0.148632,0.604639,-0.265584,-0.375897,-0.489013,-0.345371,0.291705,#
5,0.629191,-0.378509,-0.252335,-0.391634,0.030599,1.0,0.043672,0.051872,0.07227,-0.017813,0.193738,0.002165,0.199204,0.437441,0.437441,-0.430242,0.182415,-0.646032,-0.328019,-0.257199,-0.641196,-0.42614,0.21793,0.003849,0.215075,-0.413802,-0.385583,0.262247,0.294323,-0.332797,0.51183,0.225211,-0.332797,-0.653003,-0.192441,-0.125106,-0.202686,0.395836,0.296111,-0.004732,-0.147824,0.232182,-0.484418,0.652615,-0.021089,0.054372,0.21793,0.022336,-0.002902,0.382101,-0.257291,0.183657,0.821807,-0.60495,-0.261781,0.323884,0.337,0.39715,-0.297486,0.329462,0.30693,0.327237,0.429672,0.01306,0.26698,0.110985,0.022658,-0.124266,-0.540059,0.1795,0.237957,0.017919,-0.332797,-0.032323,-0.520558,-0.006665,0.581468,0.483227,-0.032323,0.160804,-0.226478,0.364673,0.167806,0.179638,0.033154,0.239205,0.049212,-0.414572,-0.222923,-0.441019,-0.665403,0.490844,-0.23173,0.025895,0.411406,0.002713,-0.017088,-0.025756,0.605412,-0.207574,0.263092,0.230891,0.364673,-0.402723,0.398932,0.385037,0.201729,0.398932,0.025191,-0.189662,0.226516,0.0,-0.519462,-0.232853,-0.386825,-0.653269,0.181382,0.223377,0.022853,-0.385594,0.167806,-0.23984,0.00894,0.212279,-0.291965,0.183907,-0.232853,0.419238,-0.205752,-0.021888,0.160633,0.036617,-0.019979,0.424638,-0.019979,-0.21031,0.296111,-0.199595,-0.421435,0.033154,0.46382,-0.681121,-0.498941,0.007177,0.472842,-0.444713,-0.232853,-0.014281,0.675401,0.198555,0.057081,-0.370609,0.170733,0.36327,-0.269315,0.418462,0.17442,-0.024146,-0.173347,0.502243,-0.440848,0.001961,-0.499196,-0.190838,0.398257,-0.82734,0.500888,-0.003578,0.502243,-0.361375,0.577768,-0.637373,0.394028,0.349325,0.441272,0.524734,0.369253,-0.186521,0.398007,-0.520558,0.016321,0.391441,-0.022825,-0.259489,-0.021116,-0.448547,0.201018,0.305851,-0.104262,0.412496,0.398257,-0.673975,0.398007,-0.38834,-0.062994,0.033375,-0.199011,-0.299343,-0.128551,0.231073,#
6,-0.13192,0.223576,-0.052466,-0.353859,-0.213688,0.043672,1.0,0.634441,0.295025,-0.095046,-0.019876,-0.407803,0.458794,0.19081,0.19081,-0.151242,-0.533246,0.12115,0.13603,0.353889,0.438401,0.256669,0.415748,-0.237105,-0.1211,0.268735,0.229797,-0.33553,0.129472,-0.27194,-0.147008,0.12923,-0.271939,0.337394,0.137007,0.046194,0.566513,-0.66496,-0.27194,-0.265544,0.040015,0.447411,-0.033769,0.107124,-0.257104,-0.027852,0.036969,0.407231,0.369322,-0.231037,0.400901,0.084768,0.183418,-0.521444,-0.384458,0.156579,0.347448,0.41366,0.290358,0.357709,0.195632,0.461032,-0.482619,-0.059061,0.145009,-0.067215,0.107836,-0.176832,0.360974,-0.363231,0.134252,-0.061187,-0.271939,-0.086096,-0.565837,0.35044,0.042347,-0.407701,-0.086096,-0.381485,0.136984,-0.165504,0.390786,-0.434959,-0.525299,0.14901,-0.133779,0.610981,-0.381485,0.448912,0.113008,-0.108827,0.010587,0.273273,-0.600909,0.200127,-0.205219,-0.27207,0.008672,-0.41361,0.622201,0.364025,-0.198697,-0.218286,-0.150741,0.162882,0.125755,-0.150741,-0.150741,-0.531955,0.465793,0.0,-0.086096,-0.093854,0.681011,0.364025,-0.033365,0.54029,0.448912,-0.570667,0.390786,-0.318682,0.464467,-0.533797,0.321364,0.028444,-0.093854,0.201378,0.072732,0.131463,0.079723,-0.405819,0.43643,-0.170359,0.43643,0.432653,-0.27194,0.439354,0.301771,-0.565837,-0.407909,-0.311134,0.091525,0.361728,0.421454,-0.370492,-0.093854,0.754734,0.101561,-0.420649,-0.086096,-0.381894,-0.058659,0.175139,0.328998,0.608858,-0.008348,0.399426,0.147728,0.08177,0.254265,0.047231,-0.407909,0.14901,0.282602,0.249608,0.067268,-0.595599,0.08177,0.63828,-0.395804,-0.223843,0.214641,0.23735,0.1931,-0.045314,0.162882,0.390485,0.566564,-0.565837,0.15034,0.31958,-0.390046,-0.799016,0.105515,-0.760854,-0.528365,0.296649,-0.243851,0.608209,0.282602,-0.511303,0.169324,-0.517221,0.275101,0.172453,0.514993,-0.304751,0.221948,-0.058659,#
7,-0.127939,0.231849,-0.047791,-0.409081,0.176978,0.051872,0.634441,1.0,-0.092432,-0.08634,-0.397722,0.053082,0.470558,0.198844,0.198844,-0.173846,-0.11781,0.036657,-0.273452,0.362019,-0.038105,0.647086,0.04511,0.150902,-0.533023,0.23335,0.630923,0.087484,-0.281519,-0.271664,-0.24613,0.562475,-0.271664,-0.060078,0.099303,0.023104,0.123339,-0.664286,-0.271664,-0.29309,0.42361,0.459078,-0.07493,-0.299437,-0.66479,0.069568,0.04511,0.419995,0.151343,0.377321,0.377321,-0.315182,0.191386,-0.624227,-0.409631,-0.281927,0.299278,0.389947,0.243219,0.33422,-0.46863,0.4426,-0.358713,0.410274,0.571797,0.408999,0.11268,0.303521,0.333108,-0.74591,0.563983,-0.157464,-0.271664,-0.585457,-0.602839,-0.153622,0.050542,-0.407288,-0.119285,-0.00972,0.108961,-0.157348,-0.002517,-0.05524,-0.05088,0.573726,-0.164325,0.194989,-0.00972,0.420696,0.083517,-0.141672,-0.018864,-0.140316,-0.206485,0.20822,-0.200606,0.121407,0.016572,-0.447134,0.51515,-0.063079,-0.229884,-0.32687,-0.1808,0.170668,0.097969,-0.553357,-0.1808,-0.114459,0.477594,0.0,-0.119285,-0.130947,0.657766,-0.063079,-0.435103,0.515778,-0.041707,-0.605644,-0.002517,-0.755931,-0.030164,-0.130947,0.269845,0.036496,-0.130947,-0.466943,-0.287439,0.136509,-0.351623,-0.405407,0.408269,-0.156767,0.408269,0.026368,-0.271664,0.050542,0.183394,-0.602839,-0.407495,-0.343936,0.049233,0.007154,-0.064688,-0.259948,-0.533255,0.430344,-0.335381,-0.027458,-0.119285,-0.425585,-0.054035,0.183033,0.291885,0.620475,-0.000631,-0.006328,-0.281669,0.086389,0.425911,-0.406504,0.062692,0.573726,0.294608,0.219692,0.071756,-0.216659,0.086389,0.234801,-0.030693,-0.337686,0.22288,-0.165362,0.17496,-0.030164,0.170668,0.000755,0.152448,-0.602839,0.123649,-0.344897,0.067621,-0.837941,-0.388995,-0.315028,-0.555499,0.259703,-0.108692,0.594173,0.674028,-0.113519,0.152448,-0.554235,0.244711,0.138064,0.083107,-0.347005,-0.212513,-0.054035,#
8,-0.372765,0.200341,-0.431159,-0.303048,-0.208293,0.07227,0.295025,-0.092432,1.0,0.109696,0.439613,-0.108261,0.090195,0.340103,0.72411,-0.238698,-0.794429,-0.05479,0.335153,0.100507,0.007484,0.11032,0.508247,0.191021,0.053834,0.122826,0.18831,0.321235,0.804618,0.165861,0.09309,0.01242,0.301812,0.010063,-0.050343,-0.015147,0.36636,-0.194169,-0.405135,-0.168212,-0.366366,0.060444,-0.457734,0.439941,0.242622,-0.478001,0.444621,0.213335,0.600605,-0.244679,-0.218141,-0.082397,0.286929,-0.410032,0.275141,0.054675,-0.106706,-0.284472,0.369948,-0.112398,0.317862,0.321069,0.302915,0.044759,-0.163012,-0.170945,0.45259,-0.541418,0.121678,0.295581,-0.045392,-0.33348,0.301812,-0.006422,-0.515788,0.057265,-0.386421,-0.132194,-0.431012,-0.832207,-0.119131,-0.342381,-0.020864,-0.472937,-0.473229,-0.061106,0.192381,0.254896,-0.879986,0.068069,0.275922,0.071614,-0.797664,0.58472,-0.274637,0.231819,-0.198412,-0.223838,0.383812,-0.076166,0.107246,0.558206,-0.252358,-0.117269,-0.209583,-0.196629,-0.49441,0.129742,0.129742,-0.377637,0.039044,0.0,-0.491668,0.085396,0.152769,0.017422,0.330969,-0.058861,0.068069,0.072719,-0.020864,-0.18897,0.57159,-0.376481,0.373977,-0.022225,0.085396,0.482418,-0.110641,-0.132194,-0.176535,-0.125049,0.071614,0.165215,0.071614,0.398558,-0.405135,-0.016857,0.707491,0.058755,-0.118278,-0.175149,-0.083276,-0.186158,0.053657,-0.42762,0.451818,0.109581,0.392066,-0.007741,0.57159,-0.407551,-0.376481,-0.185045,0.33196,0.271582,0.424407,0.683296,0.294934,0.410461,0.021569,-0.129433,-0.179456,-0.114652,0.128066,0.137765,-0.108447,0.113226,0.410461,0.286199,-0.406768,-0.17887,-0.141671,-0.264134,0.737658,0.036393,-0.589696,-0.022289,0.281193,-0.515788,0.469444,0.326387,-0.124766,-0.165046,-0.095842,-0.040081,0.08576,-0.322962,-0.010942,-0.125745,-0.21751,0.027817,0.214466,-0.25622,0.188491,-0.111789,0.34065,-0.340185,0.24482,0.07,#
9,0.069732,0.693429,0.498179,0.445912,0.201567,-0.017813,-0.095046,-0.08634,0.109696,1.0,0.046786,-0.104859,0.462096,-0.120587,0.26591,-0.161529,-0.39174,0.452413,0.423286,0.223213,0.012805,0.120754,0.021517,0.198959,-0.376284,0.133661,0.148526,-0.171597,-0.140007,0.169673,-0.374284,0.377593,0.306506,0.086188,-0.536359,-0.912439,0.308409,0.220966,0.251772,-0.585688,-0.378247,0.450841,0.074537,-0.074806,0.233632,-0.402157,0.357721,0.50043,0.505482,0.393169,-0.247867,0.416526,0.226486,0.081604,0.254013,0.358463,-0.135672,-0.314884,-0.290224,-0.140955,0.31817,0.274329,-0.334176,0.195077,-0.029967,-0.043202,0.459628,0.097503,-0.1818,0.295192,0.383676,0.245929,0.306506,0.541301,0.025463,0.054274,-0.000373,-0.128948,0.113958,0.013578,-0.150495,0.536436,0.021094,-0.07427,0.025463,0.382116,-0.705729,0.299058,-0.034511,-0.449534,0.328223,-0.537506,-0.380722,0.075483,0.142215,0.731737,0.698298,0.189391,0.319264,-0.492774,-0.009812,-0.38151,-0.284878,-0.155017,-0.706011,0.280033,-0.527857,-0.364485,-0.7548,-0.374732,0.44433,0.0,0.052909,-0.37355,-0.270284,0.059396,-0.087471,-0.507973,0.034908,-0.361308,0.021094,0.283734,0.541301,-0.37355,-0.359612,0.866794,-0.37355,0.196239,0.395247,0.440768,0.293755,-0.121776,0.038647,0.586637,0.038647,0.44433,0.251772,-0.047917,0.365991,-0.552804,0.377659,0.301813,-0.607228,-0.764449,0.020943,0.359877,-0.004752,0.108487,-0.14574,0.407927,-0.528851,0.318071,0.549995,0.700483,-0.349528,0.280033,0.359237,0.465035,-0.154348,0.417225,-0.47136,-0.083947,-0.176514,0.328223,0.536436,0.127678,-0.105054,0.124001,0.417225,-0.140401,-0.448916,-0.30401,0.254557,0.172473,0.265141,0.541301,0.280033,-0.434255,-0.580933,0.025463,-0.109088,0.282741,-0.153939,-0.199705,-0.615494,0.214163,0.521723,-0.366433,-0.390867,0.274397,0.18862,0.005091,-0.228344,-0.443041,-0.365876,-0.991393,-0.114249,-0.383916,0.214512,-0.004752,#
10,0.208559,0.052317,-0.653781,0.352528,-0.357203,0.193738,-0.019876,-0.397722,0.439613,0.046786,1.0,0.002168,-0.180714,0.405251,0.405251,0.392914,-0.20322,-0.174116,0.554752,-0.182224,-0.15454,-0.461689,0.215744,0.003853,0.633189,0.013042,-0.41867,0.190501,0.684424,-0.333209,0.087631,-0.200478,0.348952,-0.246523,0.195809,-0.19193,-0.222786,0.395017,-0.333209,0.400886,-0.213369,-0.217266,0.006082,0.63455,0.391251,-0.611116,-0.167978,-0.441576,0.338651,-0.261707,-0.261707,0.648734,-0.021597,0.039196,0.161591,0.565043,0.334383,-0.302504,0.308001,0.325781,0.309287,0.32359,0.214786,0.099456,0.158307,-0.2797,0.523279,-0.504684,-0.501497,0.602967,-0.252759,0.55772,0.348952,0.463412,-0.028404,-0.005173,-0.216824,0.483825,0.463412,-0.207831,-0.66374,-0.015972,0.574281,-0.19743,-0.541736,-0.271111,0.379003,0.386643,-0.592034,-0.03859,0.184793,-0.013184,-0.19448,-0.025357,0.394632,0.381032,-0.034315,-0.416929,-0.220548,0.198972,0.244603,0.196194,0.404355,0.027094,-0.007796,0.385513,-0.23146,-0.007796,-0.007796,0.210426,-0.243209,0.0,-0.02433,0.212541,-0.420597,-0.216795,0.592689,0.188277,-0.03859,0.384746,0.574281,0.190316,-0.05302,0.212541,0.300634,0.167129,0.212541,0.389878,0.196984,-0.021915,0.202452,0.499388,-0.52464,0.200057,-0.52464,0.572773,-0.333209,-0.596667,0.035634,-0.028404,-0.007871,-0.247631,0.006181,-0.201186,-0.027411,0.179504,0.212541,-0.49518,0.622034,0.181563,0.463412,0.285636,-0.233142,-0.021329,0.26422,-0.032816,-0.223897,-0.003746,0.17613,0.502865,-0.684552,-0.038524,-0.499814,-0.701686,-0.4363,-0.015069,0.501509,0.403889,0.502865,-0.033651,-0.218417,0.176467,-0.42571,0.388599,0.423445,-0.05302,-0.009575,-0.193384,0.391458,-0.028404,-0.005883,0.390295,-0.025406,0.1827,0.448944,-0.258461,0.205852,-0.360924,0.269146,-0.418685,-0.4363,-0.244458,-0.010966,-0.100289,-0.397292,0.000762,0.206461,-0.380839,-0.338565,-0.654065,#
11,-0.326272,-0.405182,-0.326927,0.104886,0.096431,0.002165,-0.407803,0.053082,-0.108261,-0.104859,0.002168,1.0,-0.498985,-0.407891,0.092368,0.374341,0.213376,-0.334215,-0.288231,-0.324627,-0.321031,-0.098402,-0.499079,0.590996,0.21463,0.373521,-0.102608,0.316418,-0.205317,-0.166623,0.146897,0.313521,-0.166623,-0.326942,0.297694,-0.018112,-0.760672,0.101647,-0.166623,0.602174,-0.010182,-0.499013,-0.422689,-0.237796,0.106976,0.331489,-0.499079,-0.591033,-0.216658,0.130764,-0.698955,-0.22509,0.096582,0.060371,0.339029,-0.3304,0.116932,0.137983,0.099766,0.104531,-0.629915,-0.180153,0.180383,0.252153,0.385559,-0.334937,-0.249864,-0.34362,-0.234009,-0.350828,0.322891,0.119858,-0.166623,-0.359058,0.239068,-0.985637,-0.007182,0.369249,0.247801,0.47651,0.300016,-0.096485,-0.001521,-0.010187,0.239068,0.334569,0.396326,-0.406112,-0.021441,-0.388465,0.334569,0.230976,-0.026874,-0.60916,0.426845,0.127735,0.119796,0.099028,0.010187,0.47651,-0.146317,0.208185,0.39744,0.028919,0.378603,0.104701,0.291383,-0.106389,0.378603,0.21685,-0.497478,0.0,-0.384344,0.742195,-0.121777,-0.327075,0.004262,0.299548,-0.990417,0.414953,-0.001521,-0.210502,-0.359058,0.742195,0.131226,0.022408,0.742195,-0.625222,-0.762015,0.369249,-0.215641,-0.248654,0.230976,-0.32452,0.230976,0.016196,-0.166623,-0.499483,0.145364,0.239068,0.387654,0.325636,0.344487,-0.232813,-0.374413,-0.003021,0.218474,-0.584181,-0.205679,0.535174,0.247801,0.164119,0.218474,0.112286,0.15324,0.104701,-0.496795,-0.414989,-0.214961,0.406742,0.073713,-0.249327,0.362151,-0.223484,-0.096485,-0.128684,-0.249396,0.383894,0.406742,-0.406227,0.486254,0.244313,0.097507,-0.101401,0.107297,-0.359058,-0.407359,-0.499435,-0.428076,0.239068,-0.290584,-0.614922,0.997271,0.306067,-0.277535,0.43268,0.215695,0.133596,0.507883,-0.440709,0.39744,0.185729,-0.428076,-0.181417,-0.117323,0.066164,-0.760198,0.143112,-0.173034,-0.327069,#
12,0.155435,0.486106,0.213926,-0.296181,0.011167,0.199204,0.458794,0.470558,0.090195,0.462096,-0.180714,-0.498985,1.0,0.439206,0.439206,-0.352675,-0.276047,0.25854,-0.119867,0.680619,-0.165557,0.4622,0.594755,-0.390964,-0.652866,-0.386028,0.406492,-0.219714,-0.128952,-0.332743,-0.539088,0.662728,0.332743,-0.189448,-0.207749,-0.535951,0.616966,-0.048537,0.281552,-0.814843,0.214592,0.997142,-0.034857,0.241329,-0.040681,-0.314929,0.594755,0.751395,0.345464,0.460657,0.460657,0.212188,0.404298,-0.478171,-0.323676,0.437526,0.388768,-0.202901,-0.256025,0.407868,0.158144,0.31232,-0.31935,0.087361,0.152818,0.444945,0.498974,0.454377,0.202293,-0.224937,0.655234,0.051081,0.332743,-0.076131,-0.553088,0.367181,0.205769,-0.49886,-0.076131,-0.209012,-0.197788,-0.026426,-0.201691,-0.253498,-0.012241,0.644407,-0.420716,0.391997,-0.209012,-0.003332,-0.239182,-0.536652,-0.217976,0.358551,-0.080557,0.410707,0.385115,-0.043956,0.184936,-0.997439,0.624091,-0.192441,-0.469283,-0.03304,-0.421426,0.004534,-0.208565,-0.421426,-0.786483,-0.260358,0.995273,0.0,-0.076131,-0.65315,0.032479,-0.192441,-0.625612,-0.18981,0.449762,-0.876689,-0.201691,-0.26829,0.467982,-0.65315,-0.330263,0.572358,-0.65315,0.176906,0.184834,0.033988,-0.254251,-0.045142,0.002218,0.456102,0.002218,0.181951,0.281552,0.205769,0.117775,-0.553088,-0.038393,-0.257957,-0.49886,-0.357491,-0.012105,-0.304749,-0.65315,0.486896,0.149822,0.138262,-0.532918,-0.428584,0.210631,0.392208,-0.329557,0.445286,0.522858,0.599042,-0.203337,-0.015116,-0.180926,-0.009575,-0.499115,0.644407,0.416431,-0.03524,-0.029296,-0.425905,-0.015116,0.420535,-0.244725,-0.717133,0.420674,-0.037892,0.401708,0.467982,0.374548,-0.198733,-0.021592,-0.553088,0.502492,0.310268,-0.531821,-0.726613,-0.492011,-0.283247,0.169959,-0.340082,-0.833763,0.800079,0.416431,-0.251034,-0.021592,-0.420649,-0.088923,-0.384403,0.180849,-0.359072,0.128684,0.210631,#
13,0.325686,0.198427,-0.533679,-0.413674,-0.209413,0.437441,0.19081,0.198844,0.340103,-0.120587,0.405251,-0.407891,0.439206,1.0,0.615242,-0.176585,-0.08462,-0.321582,0.045609,0.32597,-0.524055,0.23357,0.458882,-0.233034,-0.083837,-0.571028,0.257881,0.535219,0.601766,-0.271998,-0.094073,0.159977,0.407997,-0.533705,0.081113,0.054444,0.070956,0.149309,-0.271998,-0.261751,0.407216,0.410609,-0.118975,0.574347,-0.271047,-0.592135,0.458882,0.259203,0.365205,0.373701,0.373701,0.095583,0.191622,-0.513808,-0.442623,0.267026,0.295614,-0.307496,0.288254,0.330555,0.144644,0.38962,0.322944,0.407619,0.38253,0.644858,0.611822,0.300648,-0.21769,0.210322,0.093997,-0.048664,0.407997,-0.181207,-0.664985,0.311808,0.018531,0.096346,-0.181207,-0.409836,-0.76798,-0.191061,-0.034918,-0.016592,-0.112347,0.065442,0.236578,0.103894,-0.409836,0.359938,-0.42537,-0.094262,-0.414452,0.22872,0.206739,0.115648,-0.292322,-0.268342,0.016592,-0.409836,0.497029,-0.063156,-0.191061,-0.273654,-0.142624,0.137518,-0.333972,-0.142624,-0.142624,0.327427,0.388941,0.0,-0.181207,-0.533911,-0.165566,-0.533922,-0.025861,0.081498,0.359938,-0.223148,-0.034918,-0.405248,-0.140024,-0.089643,0.242228,-0.053869,-0.533911,0.315102,0.137901,-0.407789,-0.387616,0.58757,-0.604093,0.523122,-0.604093,-0.06284,-0.271998,-0.382379,-0.176438,-0.112347,-0.407997,-0.849473,-0.407789,-0.186222,-0.105247,-0.269563,-0.533911,-0.108399,0.504692,-0.044674,0.374769,-0.507936,-0.533911,-0.273946,0.211065,0.170878,0.382937,0.153195,0.066565,0.086495,-0.269911,-0.407004,-0.407997,0.065442,-0.157541,-0.192596,0.589952,0.232771,0.086495,0.146376,-0.016671,-0.395951,-0.221325,-0.198753,0.593182,0.374769,0.137518,-0.005856,0.551776,-0.664985,0.629429,0.277363,-0.423533,-0.397868,0.079119,-0.335075,-0.112882,-0.405012,-0.236915,0.168326,-0.157541,-0.109236,0.551776,-0.122958,-0.15812,0.18055,0.487639,-0.4283,-0.4638,-0.054102,#
14,-0.128096,0.198427,-0.533679,-0.413674,-0.209413,0.437441,0.19081,0.198844,0.72411,0.26591,0.405251,0.092368,0.439206,0.615242,1.0,-0.176585,-0.533361,-0.321582,0.045609,0.32597,-0.524055,0.23357,0.458882,0.151088,-0.117159,-0.192362,0.257881,0.50068,0.601766,-0.271998,-0.133139,0.565764,0.407997,-0.533705,0.047203,-0.34494,0.070956,0.11668,-0.271998,-0.261751,0.0,0.410609,-0.649437,0.557549,0.124835,-0.48873,0.458882,0.259203,0.619581,0.373701,-0.26445,0.062532,0.57952,-0.631259,-0.020273,0.267026,0.32082,-0.307496,0.239628,0.330555,0.095378,0.38962,0.270313,0.407619,0.38253,0.14282,0.611822,-0.206655,-0.21769,0.052896,0.511143,-0.087042,0.407997,-0.209807,-0.693412,-0.21136,-0.003742,0.068338,-0.209807,-0.432365,-0.351026,-0.214338,-0.057417,-0.4314,-0.140775,0.49465,0.213365,0.103894,-0.815348,-0.150693,0.003838,-0.122586,-0.815362,0.22872,0.182811,0.526607,0.112622,-0.268342,0.408355,-0.432365,0.497029,0.348522,-0.214338,-0.273654,-0.16548,0.114351,-0.3583,-0.16548,-0.16548,-0.133017,0.388941,0.0,-0.696,-0.114325,-0.165566,-0.533922,-0.048627,0.057009,-0.150693,-0.246747,-0.057417,-0.43008,0.346169,-0.114325,0.19047,0.346381,-0.114325,0.263749,-0.311775,0.068338,-0.412312,0.055351,-0.122586,0.494354,-0.122586,0.332236,-0.271998,-0.382379,0.430128,-0.140775,0.082384,-0.423534,-0.407789,-0.544343,-0.133358,-0.501945,-0.114325,-0.108399,0.479677,0.361019,0.346169,-0.545819,-0.114325,0.125872,0.173483,0.564711,0.382937,0.549194,0.041948,0.591446,-0.269911,-0.407004,-0.407997,0.065442,0.238174,-0.218316,0.071844,0.204874,0.591446,0.146376,-0.041777,-0.503081,0.167365,-0.221799,0.997184,0.346169,-0.279483,-0.407264,0.125559,-0.693412,0.59685,0.236717,0.053705,-0.425164,-0.421263,-0.089339,0.315566,-0.442458,-0.261738,0.142123,0.238174,-0.136877,0.125559,-0.57737,-0.184229,-0.226339,0.038859,-0.465739,-0.040443,-0.054102,#
15,-0.332822,-0.07498,-0.301569,0.419477,-0.597264,-0.430242,-0.151242,-0.173846,-0.238698,-0.161529,0.392914,0.374341,-0.352675,-0.176585,-0.176585,1.0,0.08675,-0.113844,0.301909,0.197795,0.211062,-0.109528,-0.40443,-0.210023,0.51555,0.15502,-0.241787,-0.128604,-0.075896,-0.407543,-0.459937,-0.097711,0.28957,0.102023,0.780658,-0.018605,-0.498005,0.23977,-0.407543,0.627542,0.400126,-0.38948,0.106432,-0.123713,0.235797,0.070898,-0.796564,-0.652822,0.045576,-0.197835,-0.197835,0.392229,-0.599677,0.62323,-0.123633,0.248345,0.39236,-0.236534,0.448848,0.391943,-0.220812,-0.413716,-0.394527,0.216229,0.386406,-0.389178,-0.099576,-0.158768,-0.32206,-0.147187,-0.100782,0.593945,0.28957,0.156918,0.613879,-0.362718,0.021372,0.393936,0.635414,0.412579,-0.085893,-0.195298,0.450785,-0.410131,0.089296,-0.087589,0.530565,0.300021,0.019955,0.118191,0.378308,-0.423476,0.416848,-0.674706,0.150127,0.29521,0.276043,-0.598004,-0.819316,0.379321,0.269191,0.068917,0.159789,0.206844,0.128406,0.296589,0.348565,-0.254001,0.128406,0.511897,-0.381959,0.0,0.136981,0.498568,-0.223792,0.129492,0.016617,0.36613,-0.356436,0.543658,0.450785,0.383884,-0.370834,0.498568,0.401142,0.03804,0.498568,-0.320718,-0.043027,0.435282,-0.028558,0.410304,-0.381663,-0.194887,-0.381663,0.451909,-0.407543,-0.366798,-0.096907,0.047329,-0.108589,0.35981,0.374412,-0.014686,-0.347897,0.371642,0.085625,-0.526975,-0.096217,-0.022899,0.065441,0.440254,0.122061,-0.118239,0.413339,-0.13091,-0.821884,-0.330342,0.365231,-0.093301,-0.175205,-0.139669,-0.128698,-0.527602,-0.624839,0.175506,-0.078846,0.134759,-0.093301,0.262608,-0.016267,0.763514,-0.143451,0.217554,-0.150428,-0.370834,-0.10716,0.019753,-0.145375,0.613879,-0.086838,-0.118672,0.389576,0.322143,0.379725,0.00515,0.089721,-0.233709,0.178342,-0.560025,-0.235388,0.068688,-0.55662,0.060286,-0.640478,0.210457,-0.049364,0.388419,-0.140723,-0.799977,#
16,0.558272,-0.529818,0.006246,0.150121,0.341082,0.182415,-0.533246,-0.11781,-0.794429,-0.39174,-0.20322,0.213376,-0.276047,-0.08462,-0.533361,0.08675,1.0,-0.170098,-0.566547,-0.424484,-0.419782,-0.329238,-0.270217,-0.083333,0.097157,-0.355544,-0.340377,0.013667,-0.495089,-0.217878,0.287212,-0.079779,-0.217878,-0.427512,-0.003531,0.247539,-0.550615,0.386663,0.46299,0.374565,0.26291,-0.238061,0.318807,-0.069268,-0.103748,0.323897,-0.270217,-0.466443,-0.841129,0.15736,0.15736,-0.046119,-0.112428,0.205474,-0.040598,-0.110973,0.122839,0.16673,-0.458759,0.123087,-0.415547,-0.26186,0.311302,-0.174394,0.04496,0.279379,-0.326724,0.402332,-0.153194,-0.075409,-0.055023,0.250179,-0.217878,-0.189412,0.345762,-0.15332,0.208741,0.26132,0.357381,0.649362,-0.093989,0.101806,-0.179933,0.679608,0.345762,-0.063099,0.134394,-0.531034,0.649362,-0.157158,-0.510048,0.33506,0.634573,-0.377569,0.586053,-0.531659,-0.110134,0.346307,-0.244774,0.250549,-0.253905,-0.427686,0.546844,0.300889,0.521721,-0.046319,0.409388,0.084732,0.117102,0.599879,-0.2391,0.0,0.357381,0.044207,-0.358066,-0.427686,-0.174479,-0.01326,-0.197334,0.152359,-0.179933,-0.032064,-0.789812,0.562355,-0.427947,-0.234386,0.044207,-0.41818,-0.121748,-0.32665,-0.040117,0.295583,-0.259554,-0.23247,-0.259554,-0.650506,0.46299,-0.258839,-0.809507,0.345762,0.183834,-0.070967,0.208823,0.208837,-0.214277,0.208109,-0.427677,-0.432991,-0.023964,0.226639,-0.148909,0.258785,0.009253,-0.116577,-0.421107,-0.532665,-0.265551,-0.803528,-0.475784,-0.326629,-0.125133,0.215225,0.224686,-0.063099,-0.386863,-0.347118,0.278154,0.12782,-0.326629,-0.531185,0.665111,0.026774,-0.12857,0.093117,-0.560935,-0.189412,0.363794,-0.184904,-0.062659,0.345762,-0.341972,-0.426638,0.21734,0.432051,0.220687,0.168321,0.014277,0.218364,0.242986,-0.109143,0.058175,0.050659,-0.062659,0.521071,0.018488,0.368343,-0.470629,0.230799,-0.50517,0.009253,#
17,-0.064698,0.616671,0.490322,0.536551,0.477116,-0.646032,0.12115,0.036657,-0.05479,0.452413,-0.174116,-0.334215,0.25854,-0.321582,-0.321582,-0.113844,-0.170098,1.0,0.295263,0.077142,0.474763,0.277913,0.216652,0.063614,-0.531364,0.362343,0.32773,-0.488626,-0.397515,0.268444,-0.336658,0.00397,0.239886,0.491267,-0.481062,-0.331574,0.590031,-0.357565,0.211329,-0.450265,-0.292101,0.248375,0.713276,-0.389435,0.10144,-0.376849,0.250065,0.364825,-0.030426,-0.258658,0.438158,0.104947,-0.348305,0.224178,0.476928,-0.024787,-0.272147,-0.297436,-0.262718,-0.271931,-0.078325,0.232899,-0.361827,-0.262224,-0.479769,0.052802,0.359728,0.203495,0.633194,0.072885,-0.003948,0.162094,0.239886,0.290302,0.172341,0.314031,-0.620459,-0.753545,0.141653,-0.27571,0.013712,-0.027247,-0.176096,0.144941,-0.386401,-0.021834,-0.641556,0.584676,0.175935,0.160828,0.511892,-0.419133,0.148062,0.374618,-0.197526,0.137683,0.126721,0.480837,-0.197281,-0.277678,-0.24064,-0.510658,-0.184834,0.453853,-0.631924,-0.316104,-0.49282,-0.513127,-0.597982,-0.167591,0.24219,0.0,0.715012,-0.134968,0.322717,0.488869,-0.18753,-0.486875,0.266147,-0.169656,-0.176096,0.106287,0.290302,-0.620077,-0.240759,0.263461,-0.134968,-0.172483,0.484467,-0.159027,0.114765,-0.246406,0.182102,-0.230696,0.182102,0.267566,0.211329,0.263826,0.416259,-0.4311,-0.218468,0.498582,0.212852,-0.218983,-0.258329,0.466889,-0.006684,0.307708,-0.451665,0.133209,-0.422962,0.452043,-0.004528,0.133745,-0.278072,-0.316104,0.269938,0.215707,-0.370519,-0.213802,0.058093,0.316222,0.252737,0.484323,-0.027247,0.776496,-0.229312,-0.122576,-0.213802,0.112609,-0.745017,-0.012167,-0.320563,-0.053753,-0.355971,-0.271815,0.113935,-0.149334,-0.339687,0.172341,-0.209176,-0.166165,-0.350464,-0.02456,-0.221381,0.280014,-0.057637,-0.277384,-0.098013,0.128637,-0.148233,0.369184,-0.304645,0.201976,0.292396,-0.454245,0.123604,-0.291069,0.051775,-0.033634,#
18,-0.115865,0.649448,0.065344,0.557888,-0.286999,-0.328019,0.13603,-0.273452,0.335153,0.423286,0.554752,-0.288231,-0.119867,0.045609,0.045609,0.301909,-0.566547,0.295263,1.0,0.088859,0.503251,-0.032147,-0.168316,0.098521,0.276319,0.405968,0.012175,-0.029006,0.425551,0.304734,-0.224505,-0.426491,0.247237,0.525106,-0.04801,-0.270289,0.170241,-0.041031,-0.500223,-0.033849,-0.245156,-0.170235,0.327364,-0.067358,0.02843,-0.531763,-0.117861,0.083254,0.685354,-0.219979,-0.107745,0.471273,-0.422546,0.375089,0.048425,0.251614,-0.26022,-0.259031,0.492169,-0.256048,0.499079,0.269532,-0.371646,0.283077,-0.006644,-0.253585,0.37075,-0.238757,-0.260781,0.566895,-0.452266,0.253622,0.247237,0.737639,0.19149,0.301667,-0.30378,0.155163,0.139078,-0.29003,-0.381539,0.32833,0.567031,-0.211769,-0.37098,-0.448702,-0.221675,0.602591,-0.172156,0.264681,0.579249,-0.403747,-0.212705,-0.026432,-0.209365,0.532086,0.070382,-0.287612,-0.233047,0.145808,-0.030924,-0.12266,-0.195688,-0.298621,-0.645185,0.44452,-0.501885,-0.166824,-0.166824,-0.114722,-0.1733,0.0,0.288718,-0.106134,0.018645,0.521518,0.581157,-0.038546,0.264681,0.277661,0.567031,0.490219,0.262311,-0.184269,0.463111,0.212009,-0.106134,0.38362,0.682122,0.288159,0.496869,0.25195,-0.269248,0.306865,-0.269248,0.651307,-0.500223,-0.116733,0.330919,-0.415977,-0.297547,0.097385,-0.1958,-0.220445,0.178477,0.597724,0.410427,-0.004391,-0.087548,-0.2768,0.126503,0.484375,-0.067066,0.078384,0.451784,0.059487,-0.096834,0.198243,0.467159,0.259632,-0.289916,-0.244395,-0.146617,-0.3166,-0.058543,0.484929,0.256153,0.319647,0.259632,0.127378,-0.760143,0.447953,-0.376989,0.281095,0.081238,0.171772,0.080877,0.255189,0.067465,0.19149,-0.16903,0.429978,-0.289293,-0.008881,0.250036,-0.133017,-0.097708,-0.24927,0.144508,-0.290788,-0.545715,0.041564,0.120378,-0.178643,-0.380448,-0.401458,0.58477,-0.263381,0.021242,-0.465339,#
19,-0.423887,0.473053,0.11867,-0.331187,-0.527772,-0.257199,0.353889,0.362019,0.100507,0.223213,-0.182224,-0.324627,0.680619,0.32597,0.32597,0.197795,-0.424484,0.077142,0.088859,1.0,0.126412,0.684146,0.202486,-0.529898,-0.424738,-0.317517,0.530834,-0.105235,-0.039504,-0.216474,-0.88215,0.438193,0.544111,0.104918,0.391884,-0.240012,0.39988,-0.092845,-0.216474,-0.530116,0.626457,0.647312,-0.151723,-0.055764,-0.088412,-0.1164,0.202486,0.519909,0.531052,0.35061,0.35061,0.048502,-0.134934,-0.020318,-0.54959,0.251187,0.287795,-0.415115,0.301749,0.316164,0.05819,-0.2092,-0.552424,0.356084,0.3176,0.288226,0.233524,0.439778,0.132472,-0.402174,0.424748,-0.070743,0.544111,-0.166855,-0.175265,0.204977,0.212055,-0.324546,-0.166855,-0.159052,-0.042577,-0.287647,-0.158843,-0.648526,0.305506,0.430148,0.006023,0.404596,-0.159052,0.304866,0.003163,-0.815084,-0.164622,0.021813,-0.374696,0.419213,0.405192,-0.529956,-0.258792,-0.648908,0.639849,-0.015385,-0.793789,-0.092848,-0.408021,-0.025498,-0.050286,-0.408021,-0.408021,0.02289,0.657545,0.0,-0.166855,-0.424922,0.097337,0.101628,-0.648197,-0.04251,0.304866,-0.4048,-0.158843,-0.013332,0.31682,-0.424922,0.178308,0.275775,-0.424922,0.0193,0.110653,0.284447,-0.452338,0.192876,-0.199209,0.381757,-0.199209,0.264515,-0.216474,0.212055,0.205381,-0.312628,-0.324711,-0.005156,-0.324546,-0.248348,-0.207017,-0.213137,-0.424922,0.292047,-0.126018,-0.231478,-0.305048,-0.434236,0.111752,-0.018099,0.192362,0.366297,0.154874,0.553538,0.39496,-0.324525,0.13234,-0.323921,-0.324711,0.430148,0.106019,0.135559,-0.324011,-0.339988,-0.324525,0.768388,-0.29048,-0.06902,0.353943,-0.292424,0.318848,0.31682,-0.025498,0.162479,-0.148964,-0.175265,0.72006,0.208399,-0.321418,-0.513411,-0.297358,-0.129245,0.067986,-0.48652,-0.772545,0.327781,0.106019,0.065791,-0.148964,-0.279846,-0.405819,-0.147577,0.380078,0.179229,0.28345,-0.007509,#
20,-0.419192,0.262518,0.456659,0.267805,-0.225252,-0.641196,0.438401,-0.038105,0.007484,0.012805,-0.15454,-0.321031,-0.165557,-0.524055,-0.524055,0.211062,-0.419782,0.474763,0.503251,0.126412,1.0,0.050835,-0.158156,-0.187153,0.105982,0.546103,0.011262,-0.614702,-0.136603,0.336406,-0.192778,-0.503349,-0.214076,0.974553,0.096752,0.148697,0.461926,-0.52347,-0.214076,-0.013617,-0.183143,-0.175733,0.378375,-0.448626,-0.003086,0.207972,-0.319175,0.110908,0.164741,-0.623236,0.182673,0.064155,-0.523888,0.444063,-0.015956,-0.07801,-0.291203,0.192025,0.254731,-0.301454,0.292649,-0.148795,-0.659744,-0.288202,-0.380327,-0.472457,-0.321024,-0.223045,0.385421,-0.055225,-0.470711,-0.05116,-0.214076,0.387932,0.376296,0.381037,-0.172934,-0.320951,-0.021403,-0.167543,0.445112,0.038107,0.344115,-0.311509,-0.269922,-0.444023,-0.255141,0.519544,0.154898,0.375508,0.491259,-0.230516,0.333367,0.094094,-0.783439,-0.013568,-0.021169,-0.182145,-0.311509,0.192832,-0.120625,0.130258,-0.255859,0.044121,-0.266198,-0.035758,0.085342,0.060937,0.060937,-0.418766,-0.150006,0.0,0.387932,0.140841,0.554071,0.986563,0.202314,0.093923,0.375508,0.093822,0.344115,0.466902,0.387932,-0.420215,0.277193,-0.144262,0.140841,0.123701,0.424163,0.268551,0.456256,-0.319469,0.365646,-0.366,0.365646,0.378276,-0.214076,0.65215,0.308677,-0.222054,-0.321114,0.479314,0.315711,0.452264,0.353691,0.277167,0.4941,0.549908,-0.405993,-0.640706,-0.214032,0.302998,0.099282,-0.028601,0.288292,-0.035758,-0.261226,0.194483,0.454816,-0.32093,0.386714,0.258841,0.091747,-0.082664,0.038107,0.576255,-0.320422,-0.433202,-0.32093,0.4895,-0.608295,0.538662,-0.042777,0.224216,-0.493829,-0.262189,-0.035758,0.644984,0.038699,0.376296,-0.266671,0.201517,-0.281258,-0.028088,0.334547,-0.208167,-0.392783,0.262719,0.019738,-0.020835,-0.295054,-0.007757,-0.130168,0.068764,0.144105,-0.01015,0.461801,0.274929,0.517177,-0.066957,#
