0,1.0,0.612176,0.278384,0.091909,0.401198,0.39473,0.39473,-0.166667,0.39473,0.245363,-0.220979,0.225545,0.203852,0.203999,0.375,-0.118419,-0.407922,0.306129,0.334905,-0.166667,0.351203,-0.182084,0.401198,-0.05242,0.777228,-0.605799,0.337423,0.249092,-0.200433,0.408015,-0.327254,-0.030184,-0.24975,5.6e-05,-0.281332,0.387162,0.225678,-0.405202,0.082384,0.101999,0.601501,0.337141,0.190611,-0.615159,0.375,-0.460784,-0.015491,-0.14247,-0.056806,-0.688619,0.14106,-0.392557,0.0,0.082761,-0.667619,-0.111111,-0.758829,0.196429,-0.480198,0.317842,0.176306,0.371137,0.28522,0.205179,-0.447213,0.323841,0.0,0.480485,0.155321,0.225545,0.367896,0.182386,0.666667,0.207617,0.087422,0.15901,-0.25,-0.499604,0.079168,0.0,-0.166667,-0.407971,-0.32716,-0.392058,-0.111772,-0.25,-0.116523,-0.407971,0.094617,-0.327154,-0.685124,-0.499613,-0.25,-0.005811,-0.499613,-0.166667,-0.111772,-0.166667,-0.407971,-0.25,-0.200433,-0.407971,0.0,0.666667,0.087422,-0.407971,0.203756,-0.235648,-0.166667,-0.997965,0.515852,0.0,-0.327154,0.375,-0.25,-0.32716,0.218218,-0.387737,0.375,-0.190476,-0.25,-0.407971,-0.762755,-0.407971,0.243399,0.087422,0.064958,0.320715,-0.605548,-0.166667,-0.258091,0.0,-0.231322,0.325307,0.185821,-0.25,0.0,-0.25,0.231574,-0.611748,-0.166667,0.15687,-0.327327,-0.954399,-0.407971,-0.611619,-0.685124,0.577897,-0.387737,-0.166667,-0.685124,-0.407971,0.666667,-0.166667,0.07194,0.0,-0.03911,0.512535,0.358353,-0.25,0.064958,0.0,-0.017032,0.207617,0.207617,0.633421,-0.249873,0.037966,-0.327154,-0.249873,0.281022,0.175681,0.094617,-0.226977,0.199142,-0.408034,-0.166667,0.09178,0.281022,-0.892664,0.373866,0.083217,0.199142,0.098575,0.272321,0.222365,-0.245894,0.377686,-0.233964,0.374352,-0.408034,0.09178,0.199142,0.25852,-0.170119,0.59401,0.086854,-0.005811,0.194937,0.276214,#
1,0.612176,1.0,-0.032517,-0.265669,0.225817,0.645017,0.250173,-0.272078,0.645017,-0.072139,-0.343392,-0.111057,-0.109024,0.350707,0.092027,-0.17689,-0.66592,0.517196,0.548046,0.39478,0.461763,0.053203,0.65558,0.259101,0.367285,-0.545137,0.490744,0.265487,-0.316507,0.681189,-0.534232,-0.652164,0.11192,-2.4e-05,-0.59521,0.122202,0.242398,-0.661479,0.150814,-0.241604,0.58697,0.418007,0.37218,-0.424694,0.092027,0.002011,0.37821,0.142131,-0.053338,-0.453616,-0.410065,-0.116502,0.0,-0.415688,-0.377209,0.319499,-0.299252,0.323522,-0.228501,0.519546,0.287814,0.103678,0.323233,-0.357729,0.183709,0.529343,0.0,0.400494,0.254593,0.388164,-0.075678,0.392607,0.421455,0.365108,-0.269572,0.310478,0.092027,-0.424981,0.153606,-0.016005,-0.272078,-0.666,-0.53408,-0.125495,0.242157,0.112032,0.230317,-0.666,0.138369,-0.106129,-0.431601,-0.00418,-0.408118,0.409943,-0.390356,-0.272078,0.242157,-0.272078,-0.229462,-0.408118,-0.316507,0.166966,-0.016005,0.39478,0.166966,-0.269572,-0.153036,-0.358883,0.39478,-0.61036,0.432261,0.0,-0.106129,0.092027,-0.408118,-0.53408,0.338772,-0.114688,0.592171,-0.644376,0.092027,-0.666,-0.358883,-0.666,0.255588,-0.269572,0.571985,0.413326,-0.568571,-0.272078,-0.352818,0.0,-0.394637,-0.342247,-0.106859,-0.408118,0.0,-0.408118,0.398113,-0.998661,-0.272078,-0.296257,-0.534351,-0.598634,0.166966,-0.590586,-0.431601,0.460842,-0.114688,0.421455,-0.431601,-0.269572,0.421455,-0.272078,0.141427,0.0,-0.036722,0.711123,0.233361,-0.408118,-0.272005,0.0,-0.429428,0.365108,0.365108,0.434373,-0.407909,0.137931,-0.534069,-0.407909,-0.37218,0.330248,-0.263867,-0.387687,0.390111,-0.666103,-0.272078,0.233065,0.516105,-0.428372,0.664817,0.177854,-0.119838,0.25032,0.5063,0.139508,0.077584,0.216458,-0.804705,0.664726,-0.263867,0.233065,0.390111,0.283364,-0.245537,0.151881,-0.447253,-0.025296,0.37716,-0.050101,#
2,0.278384,-0.032517,1.0,-0.10976,-0.348583,0.140732,0.220929,0.12047,0.140732,0.353908,0.276206,0.428055,-0.195883,0.300472,-0.380946,0.140732,-0.131898,0.233811,-0.244903,-0.660957,-0.303235,0.071416,-0.306678,0.058798,0.322853,-0.534728,-0.338594,-0.349049,0.542972,-0.394557,0.301276,0.538955,-0.42838,0.000118,0.292663,0.255339,0.507499,-0.179456,0.415999,-0.003985,-0.127729,0.402072,0.224795,-0.366535,-0.380946,-0.144982,0.00628,-0.397541,-0.350127,-0.166713,0.687801,-0.31698,0.0,0.605756,-0.148611,-0.588964,-0.395091,0.38304,-0.371468,-0.269068,0.638018,-0.397266,-0.348778,-0.207805,-0.534389,-0.251976,0.0,0.518141,-0.073708,0.428993,0.318029,-0.187503,0.218148,-0.177724,0.375728,-0.112546,-0.405365,-0.055083,-0.618761,-0.576303,0.12047,0.337017,0.324509,-0.214455,0.097456,0.327223,0.120078,0.378005,-0.156767,-0.220741,-0.169349,0.028394,0.253964,-0.503794,0.008429,0.185589,0.076769,0.12047,0.398499,0.253964,0.542972,-0.12752,-0.576303,0.15303,0.375728,-0.108164,-0.320005,0.725785,-0.660957,-0.238129,-0.455048,0.0,-0.198618,0.180705,0.156286,0.301597,-0.765215,-0.271707,-0.380946,0.572582,-0.405365,0.337017,0.210915,0.337017,-0.317921,0.397361,0.003807,-0.342234,-0.424295,0.12047,0.219757,0.0,-0.314623,0.188734,0.363891,-0.405365,0.0,0.156286,0.403291,0.060893,0.12047,0.597772,-0.296281,-0.438258,-0.046681,-0.395063,-0.169349,0.109951,-0.271707,0.218149,-0.169349,-0.108164,0.218149,0.12047,-0.063711,0.0,0.453582,-0.223988,0.640159,-0.429785,0.412195,0.0,0.460952,0.302844,0.323738,0.230079,0.180613,-0.092958,-0.198618,0.255926,0.20656,-0.37763,0.336524,-0.387126,-0.281662,-0.133662,0.12047,-0.147024,-0.365768,-0.357495,-0.424789,0.443817,0.390593,-0.157909,-0.311366,-0.21199,-0.320476,-0.457458,0.207448,0.108544,-0.585365,-0.147024,-0.206967,-0.025797,0.156955,-0.054666,-0.24412,-0.545795,-0.186744,-0.205879,#
3,0.091909,-0.265669,-0.10976,1.0,0.257909,-0.603181,0.249853,0.367635,-0.603181,0.300536,-0.342953,-0.110916,0.332356,-0.108963,0.611394,0.249853,0.174646,0.081509,-0.397721,-0.271731,-0.075529,-0.314777,-0.187813,-0.215338,0.315814,0.180434,-0.49589,-0.346069,-0.583085,-0.182006,0.351122,0.202636,0.052695,-2.4e-05,-0.079906,0.062511,-0.24289,0.558571,0.183856,0.182602,0.109447,-0.523904,-0.688246,-0.300123,0.611394,-0.626269,-0.427619,0.119936,-0.160716,0.216642,0.205385,-0.156635,0.0,-0.000661,-0.453091,-0.084953,0.112707,-0.11931,0.350227,-0.380017,-0.470525,0.607407,0.106811,0.309923,-0.288316,0.03351,0.0,-0.430703,0.228406,-0.110148,-0.059151,-0.719345,-0.271731,0.338495,0.563607,-0.450457,0.071929,0.006058,0.162171,0.38362,0.367635,0.167685,-0.053873,-0.085455,0.242788,0.131869,0.230954,0.167685,0.122124,-0.123089,0.24275,-0.003267,0.131869,-0.009474,-0.043196,-0.271731,-0.214202,0.367635,0.167685,0.131869,-0.583085,-0.665149,0.38362,0.394276,0.110858,0.167685,-0.142372,0.063835,-0.271731,-0.104825,0.363978,0.0,0.365647,0.091909,0.071929,0.348691,0.355779,0.393895,0.091909,-0.13929,0.071929,0.167685,-0.357434,0.167685,0.195823,0.183522,-0.205583,0.366577,0.212297,0.367635,0.10243,0.0,0.51625,0.433247,0.382848,0.591414,0.0,0.071929,-0.102871,0.246785,0.367635,0.370806,0.338339,-0.087932,0.167685,0.258067,0.24275,0.068677,0.393895,-0.271731,0.24275,0.167685,-0.271731,0.367635,0.192034,0.0,-0.443013,0.162028,0.242453,0.111889,0.179532,0.0,0.01216,-0.105993,0.304304,-0.321245,0.058198,-0.168704,0.810136,0.612794,0.086469,-0.15351,0.122124,0.530902,-0.646807,0.597574,0.367635,-0.3899,-0.398656,-0.38755,-0.204675,-0.671626,-0.096767,0.253501,-0.478568,-0.106629,0.086469,-0.166161,0.090236,-0.627344,0.597574,-0.3899,-0.096767,0.081975,0.701555,0.151687,0.233579,0.36948,0.407837,0.362034,#
4,0.401198,0.225817,-0.348583,0.257909,1.0,-0.289134,0.134845,-0.407819,-0.289134,0.018482,-0.07433,0.097446,0.043322,-0.378697,0.381337,-0.289134,0.263015,-0.099814,0.361587,0.254225,0.771431,-0.406968,0.113229,0.249317,0.094245,0.157398,0.355206,-0.030165,-0.182587,0.139384,0.129344,-0.197593,-0.095239,4.8e-05,-0.263736,-0.085188,-0.070122,-0.217486,-0.171168,0.234,0.24574,-0.24223,-0.280387,-0.387861,0.381337,-0.232288,-0.453257,0.024146,0.044528,-0.299408,-0.26203,-0.418442,0.0,-0.599633,-0.266266,-0.099012,-0.044841,-0.48121,0.134664,-0.148813,-0.244778,0.430252,0.58569,0.284036,-0.075795,-0.1392,0.0,-0.42814,-0.339748,0.136333,0.252044,0.170978,0.280706,0.049183,0.278737,0.391028,-0.115196,0.035768,0.226617,-0.031778,-0.407819,-0.114829,-0.341516,0.082681,-0.265085,-0.095334,0.17311,-0.564883,0.256888,-0.375667,-0.285454,0.02147,0.440921,-0.04561,-0.400707,-0.407819,-0.702531,-0.407819,-0.564883,0.440921,-0.182587,-0.154648,-0.031778,0.254225,-0.154648,0.278737,0.0777,-0.507637,0.254225,-0.398683,0.359665,0.0,0.092167,-0.115196,-0.611728,0.135155,0.499287,0.100854,0.381337,-0.239092,-0.115196,-0.114829,-0.507637,-0.114829,0.483852,-0.171317,0.231195,0.133996,0.25401,-0.407819,-0.068414,0.0,0.34788,0.386393,0.100386,-0.115196,0.0,-0.611728,-0.409956,-0.220322,-0.407819,-0.403495,-0.367531,-0.274494,-0.171317,0.189128,-0.285454,0.012775,0.100854,-0.407819,-0.285454,0.278737,0.280706,-0.407819,0.249378,0.0,-0.346336,0.566439,0.180524,-0.115196,0.288431,0.0,0.02147,-0.375667,-0.375667,0.291016,-0.060121,0.680048,0.092167,-0.080539,0.386237,0.23194,-0.599092,0.366254,0.125301,-0.159357,-0.407819,0.435218,0.368377,-0.358707,0.153176,-0.10761,0.145552,-0.284362,0.322596,0.691087,-0.084838,0.577436,-0.055642,-0.250655,0.239975,0.435218,0.105051,-0.099027,-0.270057,0.211735,0.436778,0.403105,0.596299,0.530704,#
5,0.39473,0.645017,0.140732,-0.603181,-0.289134,1.0,0.189156,-0.407888,1.0,0.181867,-0.052336,0.119716,0.107624,0.525757,-0.118419,0.189156,-0.575756,0.319145,0.344692,0.249996,0.066795,0.249532,0.592065,-0.245198,0.088486,-0.624424,0.453599,0.269993,0.084392,0.578608,-0.800897,-0.414627,-0.098584,0.0,-0.440357,-0.088599,0.288229,-0.552953,0.226087,-0.128219,0.237756,0.547706,0.507671,-0.235095,-0.118419,0.109682,0.814173,-0.11135,0.136781,-0.269278,-0.232341,0.083407,0.0,-0.023957,-0.212758,0.458326,-0.527716,0.634387,-0.513149,0.814331,0.431957,-0.131278,-0.16566,-0.127053,0.189474,0.374407,0.0,0.829657,0.435811,0.0591,0.072183,0.538148,0.276311,0.086423,-0.607345,0.439363,-0.118419,-0.436579,-0.189904,-0.023684,-0.407888,-0.591701,0.103799,0.085538,0.137469,-0.098682,-0.284711,-0.144474,-0.204947,0.104303,-0.281708,-0.422213,-0.611832,0.391764,-0.367532,0.302626,0.588885,-0.407888,-0.161038,-0.611832,0.084392,0.230055,-0.023684,0.249996,-0.176682,-0.607345,0.081003,-0.083716,0.249996,-0.392801,0.010181,0.0,-0.378472,0.39473,-0.098683,-0.800668,0.060296,-0.447251,0.374994,-0.271612,-0.118419,-0.591701,-0.083716,-0.591701,-0.264211,0.246619,0.223309,0.116219,-0.637408,-0.407888,-0.546157,0.0,-0.547859,-0.535923,-0.378886,-0.611831,0.0,-0.098683,0.58616,-0.643475,-0.407888,-0.083048,-0.353162,-0.449536,-0.176682,-0.676607,-0.281708,0.446308,-0.447251,0.276311,-0.281708,-0.607345,0.276311,-0.407888,-0.201618,0.0,0.34066,0.203812,-0.28105,-0.098683,-0.609321,0.0,-0.009861,0.52549,0.086423,0.285628,-0.61152,-0.202813,-0.800653,-0.61152,-0.102608,-0.054217,0.264704,-0.580872,0.584837,-0.585897,-0.407888,0.3494,0.324464,-0.114802,0.569748,0.253185,0.081751,0.375268,0.417433,0.106733,0.341103,0.120214,-0.515387,0.996528,-0.60177,0.3494,0.584837,0.329304,-0.359564,0.266113,-0.323126,-0.443143,-0.461685,-0.322058,#
6,0.39473,0.250173,0.220929,0.249853,0.134845,0.189156,1.0,-0.407888,0.189156,0.536275,0.359112,0.593276,0.526719,0.072136,0.374994,0.578685,-0.200145,-0.094022,0.328371,-0.407888,0.439836,-0.671193,0.592065,-0.352796,0.088486,-0.745672,0.182715,-0.446444,0.084392,0.130038,-0.347486,0.185867,-0.611221,0.0,-0.038868,-0.088599,0.679398,-0.222517,0.242192,0.677643,-0.185066,0.547706,-0.458567,-0.470191,0.374994,-0.281647,0.01865,0.24032,-0.126318,-0.269278,0.400395,-0.453001,0.0,-0.007623,-0.286256,0.23099,-0.47454,0.28195,-0.552231,0.361999,-0.264934,0.383941,-0.358663,-0.127053,0.253024,0.374407,0.0,0.41938,0.435811,0.098501,0.473672,-0.019798,0.276311,0.508603,-0.176682,0.365975,-0.611831,-0.798355,-0.189904,-0.434203,-0.407888,-0.567775,0.12914,0.114802,-0.233139,0.414467,-0.245155,-0.120549,-0.60177,-0.317877,-0.242644,-0.383668,-0.098682,-0.013762,0.013446,0.302626,-0.21642,-0.407888,-0.137113,-0.098682,0.084392,-0.567775,-0.434203,0.249996,-0.176682,-0.567775,-0.426847,-0.058258,-0.407888,-0.363538,-0.062541,0.0,-0.335758,-0.118419,-0.611831,-0.344536,0.060296,-0.417774,-0.118419,-0.247176,-0.611831,-0.567775,-0.474388,-0.567775,-0.456365,0.270544,0.263402,-0.033205,-0.205883,-0.407888,-0.097901,0.0,-0.085881,-0.09885,0.094595,-0.118419,0.0,-0.611831,0.110833,-0.228597,-0.407888,0.574048,-0.37039,-0.601921,-0.137113,-0.257519,-0.242644,0.793437,-0.417774,0.276311,-0.242644,-0.567775,0.276311,-0.407888,-0.160916,0.0,-0.033963,0.568474,0.153047,-0.118419,-0.17296,0.0,0.013446,0.086423,0.086423,0.287323,-0.61152,-0.159852,0.086423,-0.083978,0.342212,-0.096245,-0.147992,-0.554989,0.062886,-0.164798,-0.407888,0.35101,-0.135887,-0.321672,0.132291,0.254195,0.586095,0.376997,0.263359,0.43536,0.342212,-0.298168,-0.067328,0.151398,-0.164798,0.35101,0.586095,0.771686,0.103168,0.661611,-0.321412,-0.443143,0.071817,0.069332,#
7,-0.166667,-0.272078,0.12047,0.367635,-0.407819,-0.407888,-0.407888,1.0,-0.407888,-0.215072,-0.508669,-0.665437,-0.218008,-0.218165,-0.166667,-0.407888,-0.271948,0.218064,-0.507182,-0.111111,-0.635003,0.283242,-0.407819,0.29996,0.490881,0.278724,-0.598806,0.143621,-0.356327,-0.408015,0.490881,0.281718,0.632701,-2.1e-05,0.22723,0.650171,-0.26747,0.442308,-0.271998,-0.271998,0.387268,-0.214225,0.193955,0.335541,-0.166667,-0.051198,-0.333053,0.26911,0.056806,0.077228,0.072667,0.17447,0.0,0.514955,0.106166,-0.382716,0.176208,0.071428,0.174917,-0.508548,0.097272,-0.202438,-0.104128,0.115413,-0.347833,0.201691,0.0,-0.333136,0.081975,0.166359,-0.638407,-0.714344,-0.111111,-0.218103,0.388544,-0.994833,0.666667,0.317756,0.418171,0.333333,1.0,0.388544,-0.218107,-0.66531,0.258841,-0.166667,0.252468,0.388544,0.398178,0.494925,0.082469,0.310366,-0.166667,-0.333153,0.310366,-0.111111,0.258841,1.0,0.388544,-0.166667,-0.356327,-0.271981,0.333333,-0.111111,0.388544,0.388544,0.160094,0.194306,-0.111111,0.142566,0.364372,0.0,0.494925,-0.166667,0.666667,0.481481,-0.218218,0.148393,-0.166667,0.269841,0.666667,0.388544,0.194306,0.388544,0.139729,-0.271981,-0.271643,0.196285,0.134566,1.0,0.205634,0.0,0.200062,0.196411,0.508338,0.666667,0.0,0.666667,0.170464,0.252468,1.0,0.135339,0.509175,0.221621,0.388544,0.271831,0.082469,-0.326637,0.148393,-0.111111,0.082469,0.388544,-0.111111,1.0,0.407661,0.0,-0.33026,-0.396529,0.258484,-0.166667,0.397622,0.0,-0.333075,-0.218103,0.494925,-0.150303,0.642529,-0.269977,0.494925,0.642529,-0.538626,0.223594,0.398178,0.205961,-0.690357,0.398178,1.0,-0.992578,-0.538626,-0.163175,-0.440627,-0.285926,-0.690357,0.102225,-0.600115,-0.830163,-0.538626,-0.407661,0.196228,-0.429082,0.398178,-0.992578,-0.690357,-0.340035,0.376324,-0.271956,0.094092,0.325405,0.154024,-0.217194,#
8,0.39473,0.645017,0.140732,-0.603181,-0.289134,1.0,0.189156,-0.407888,1.0,0.181867,-0.052336,0.119716,0.107624,0.525757,-0.118419,0.189156,-0.575756,0.319145,0.344692,0.249996,0.066795,0.249532,0.592065,-0.245198,0.088486,-0.624424,0.453599,0.269993,0.084392,0.578608,-0.800897,-0.414627,-0.098584,0.0,-0.440357,-0.088599,0.288229,-0.552953,0.226087,-0.128219,0.237756,0.547706,0.507671,-0.235095,-0.118419,0.109682,0.814173,-0.11135,0.136781,-0.269278,-0.232341,0.083407,0.0,-0.023957,-0.212758,0.458326,-0.527716,0.634387,-0.513149,0.814331,0.431957,-0.131278,-0.16566,-0.127053,0.189474,0.374407,0.0,0.829657,0.435811,0.0591,0.072183,0.538148,0.276311,0.086423,-0.607345,0.439363,-0.118419,-0.436579,-0.189904,-0.023684,-0.407888,-0.591701,0.103799,0.085538,0.137469,-0.098682,-0.284711,-0.144474,-0.204947,0.104303,-0.281708,-0.422213,-0.611832,0.391764,-0.367532,0.302626,0.588885,-0.407888,-0.161038,-0.611832,0.084392,0.230055,-0.023684,0.249996,-0.176682,-0.607345,0.081003,-0.083716,0.249996,-0.392801,0.010181,0.0,-0.378472,0.39473,-0.098683,-0.800668,0.060296,-0.447251,0.374994,-0.271612,-0.118419,-0.591701,-0.083716,-0.591701,-0.264211,0.246619,0.223309,0.116219,-0.637408,-0.407888,-0.546157,0.0,-0.547859,-0.535923,-0.378886,-0.611831,0.0,-0.098683,0.58616,-0.643475,-0.407888,-0.083048,-0.353162,-0.449536,-0.176682,-0.676607,-0.281708,0.446308,-0.447251,0.276311,-0.281708,-0.607345,0.276311,-0.407888,-0.201618,0.0,0.34066,0.203812,-0.28105,-0.098683,-0.609321,0.0,-0.009861,0.52549,0.086423,0.285628,-0.61152,-0.202813,-0.800653,-0.61152,-0.102608,-0.054217,0.264704,-0.580872,0.584837,-0.585897,-0.407888,0.3494,0.324464,-0.114802,0.569748,0.253185,0.081751,0.375268,0.417433,0.106733,0.341103,0.120214,-0.515387,0.996528,-0.60177,0.3494,0.584837,0.329304,-0.359564,0.266113,-0.323126,-0.443143,-0.461685,-0.322058,#
9,0.245363,-0.072139,0.353908,0.300536,0.018482,0.181867,0.536275,-0.215072,0.181867,1.0,-0.05782,0.323757,0.623137,0.060482,0.245363,0.536275,-0.184103,-0.117528,-0.004809,-0.215072,0.170314,-0.036403,0.188143,-0.48566,0.079553,-0.501827,-0.036191,-0.478177,0.196717,-0.326291,-0.040892,0.12508,-0.322285,-5.5e-05,-0.402863,-0.32253,0.254306,-0.230729,0.284921,0.345528,-0.07705,0.050648,-0.171577,-0.72267,0.245363,-0.646,0.308364,-0.218804,-0.19806,0.234874,0.225729,-0.143224,0.0,0.024067,-0.537014,0.157012,-0.581733,0.375185,-0.364131,0.058538,0.197124,0.256414,-0.592814,0.30847,-0.058252,0.064357,0.0,0.301108,0.24454,0.29323,0.187124,-0.226655,-0.215072,0.063806,0.286003,0.156283,-0.322607,-0.287753,-0.526522,-0.190838,-0.215072,-0.164187,0.50677,0.335554,0.030579,0.10905,0.022767,0.350619,-0.069754,0.133557,0.239185,-0.291814,0.10905,-0.196016,-0.143224,0.602806,0.184543,-0.215072,-0.164187,0.10905,0.196717,-0.526458,-0.190838,0.542223,-0.076268,-0.164187,-0.081605,0.427953,-0.215072,-0.215066,-0.167534,0.0,-0.031102,0.245363,-0.322607,-0.038482,0.073373,-0.286976,0.245363,0.112296,-0.322607,-0.164187,-0.051057,-0.164187,-0.642555,0.800809,-0.158739,-0.330056,0.090248,-0.215072,-0.591616,0.0,0.439519,-0.19433,-0.023408,-0.322607,0.0,-0.322607,0.301021,0.08736,-0.215072,0.339116,-0.422392,-0.406176,-0.164187,0.057291,0.239185,0.400952,-0.286976,-0.215072,0.239185,-0.164187,-0.215072,-0.215072,-0.153415,0.0,0.255185,-0.037261,0.030537,-0.322607,-0.158739,0.0,0.648224,0.063806,0.063806,-0.201176,-0.322443,-0.129265,-0.031102,0.121322,0.400307,-0.334493,0.452594,-0.10554,-0.140433,-0.158961,-0.215072,0.173111,-0.505013,-0.267438,-0.342057,-0.028737,0.299687,0.185928,-0.025985,0.418699,0.400307,-0.326008,-0.037173,0.155415,-0.158961,0.173111,0.299687,0.390747,0.045395,0.45565,0.170289,-0.196016,-0.27924,0.126664,#
10,-0.220979,-0.343392,0.276206,-0.342953,-0.07433,-0.052336,0.359112,-0.508669,-0.052336,-0.05782,1.0,0.784806,-0.039026,-0.040472,-0.241826,0.359112,0.525117,-0.420051,0.08192,-0.508669,0.08635,-0.511339,-0.07433,-0.160351,-0.519858,-0.146285,0.082668,-0.34065,0.730959,-0.131432,-0.022513,0.530584,-0.762242,0.000101,0.683853,-0.210301,0.530275,0.039136,0.098664,0.52525,-0.798202,0.428469,-0.307521,0.247859,-0.241826,0.403685,-0.180652,-0.089894,0.002684,-0.144469,0.559375,-0.314253,0.0,0.229582,0.489093,-0.189322,0.030288,-0.13759,-0.291529,0.062197,-0.184331,-0.23545,-0.230931,-0.227663,0.157872,-0.404856,0.0,0.242324,-0.182731,-0.278836,0.683853,0.315202,0.21403,-0.061487,-0.317844,0.513861,-0.763003,-0.18781,-0.391126,-0.675445,-0.508669,0.11178,0.438664,0.253223,-0.515277,0.321045,-0.485349,0.11178,-0.766013,-0.488537,-0.155683,-0.178389,0.341892,-0.231423,0.241071,0.241826,-0.497617,-0.508669,0.094284,0.341892,0.730959,0.11178,-0.675445,-0.508669,-0.317844,-0.317844,-0.305957,0.102492,-0.508669,0.253223,-0.733629,0.0,-0.507423,-0.220979,-0.220979,-0.016369,-0.544085,-0.305006,-0.763003,0.376637,-0.763003,0.11178,0.102492,0.11178,-0.353725,0.11178,0.087948,-0.465782,-0.009426,-0.508669,0.515159,0.0,-0.383289,0.137579,-0.052684,-0.241826,0.0,-0.220979,-0.308245,0.374579,-0.508669,0.410287,-0.070968,0.080123,-0.33534,-0.080949,-0.155683,0.085485,-0.305006,0.21403,-0.155683,-0.317844,0.21403,-0.508669,-0.360338,0.0,0.276341,-0.046644,-0.06388,0.300198,0.105676,0.0,0.257168,-0.043649,-0.507423,0.246553,-0.183956,0.069438,-0.061487,-0.205388,0.570031,-0.31972,-0.330095,-0.41356,0.247099,0.071305,-0.508669,0.525869,0.06503,0.357541,-0.093194,0.558243,0.799749,-0.224313,0.127798,0.315967,0.063858,-0.097583,0.540864,-0.066157,-0.364613,0.525869,0.225843,0.171412,-0.121354,0.090593,-0.179435,-0.642325,-0.315958,-0.102526,#
11,0.225545,-0.111057,0.428055,-0.110916,0.097446,0.119716,0.593276,-0.665437,0.119716,0.323757,0.784806,1.0,0.307659,0.30625,0.201551,0.593276,0.408633,-0.346617,0.225239,-0.665437,0.255154,-0.407051,0.097446,-0.47175,-0.225357,-0.45908,0.234264,-0.288692,0.584811,0.044526,-0.182955,0.378923,-0.997159,0.000116,0.327546,-0.361989,0.417793,-0.149405,0.388419,0.408751,-0.639932,0.338946,-0.334687,-0.311842,0.201551,-0.17529,0.016949,-0.456704,-0.364926,-0.110688,0.696125,-0.259361,0.0,0.138474,-0.154252,-0.049054,-0.329289,-0.106945,-0.328411,0.213944,-0.142138,0.207801,-0.145214,-0.178954,-0.068675,-0.32079,0.0,0.500259,-0.151308,-0.224207,0.950652,0.395606,0.166359,0.28549,-0.086142,0.63839,-0.998156,-0.455913,-0.645972,-0.537468,-0.665437,-0.067124,0.347885,0.394071,-0.406743,0.249539,-0.376885,-0.067124,-0.595031,-0.719281,-0.119822,-0.445073,0.273533,-0.032124,0.037707,0.198352,-0.386417,-0.665437,-0.087261,0.273533,0.584811,-0.067124,-0.537468,0.134367,-0.086142,-0.561603,-0.236904,0.25783,-0.665437,-0.187458,-0.582092,0.0,-0.741019,0.225545,-0.374308,-0.175838,-0.259703,-0.244232,-0.398303,0.142137,-0.998156,-0.067124,-0.248069,-0.067124,-0.306542,0.408337,-0.09431,-0.394805,-0.301441,-0.665437,0.227407,0.0,-0.29714,0.211366,-0.217457,-0.398303,0.0,-0.374308,-0.255224,0.137557,-0.665437,0.569643,-0.238759,-0.365782,-0.581741,-0.386674,-0.119822,0.466143,-0.244232,0.166359,-0.119822,-0.561603,0.166359,-0.665437,-0.610364,0.0,0.518249,0.085994,0.11254,0.225545,-0.073906,0.0,0.519398,0.306021,-0.227764,0.17558,-0.331635,-0.114415,-0.227764,-0.356302,0.774082,-0.385868,-0.093307,-0.327735,0.360852,-0.113739,-0.665437,0.624829,0.192847,-0.016858,0.05613,0.436699,0.996929,-0.237151,0.259622,0.491715,0.191498,0.083315,0.256712,0.087743,-0.615463,0.624829,0.336387,0.455466,-0.017218,0.389324,-0.190893,-0.505054,-0.252784,0.303438,#
12,0.203852,-0.109024,-0.195883,0.332356,0.043322,0.107624,0.526719,-0.218008,0.107624,0.623137,-0.039026,0.307659,1.0,0.023175,0.734715,0.526719,-0.112623,-0.553095,0.356947,-0.218008,0.278147,-0.109689,0.535246,-0.78282,0.041,-0.357579,0.379201,0.096524,-0.086257,0.049802,-0.428063,-0.013332,-0.326685,2.6e-05,-0.25449,-0.326933,-0.110752,-0.076171,-0.117159,0.368671,-0.113589,0.014586,-0.258531,-0.308277,0.734715,-0.663807,0.237298,-0.066556,-0.206994,0.210564,0.201397,0.278929,0.0,-0.026478,-0.49194,0.579782,-0.521856,-0.07523,-0.329577,0.426911,-0.478376,0.730285,-0.418879,0.285266,0.239309,0.43482,0.0,0.230503,0.220208,-0.245866,0.296951,0.089463,-0.218008,0.480516,-0.112867,0.156047,-0.327012,-0.653506,-0.094038,0.195358,-0.218008,-0.533645,0.081687,0.312421,-0.375552,-0.327012,-0.379561,-0.052473,-0.106786,0.091486,0.205454,-0.653517,-0.327012,0.185381,0.225105,0.546435,0.110127,-0.218008,-0.533645,-0.327012,-0.086257,-0.533645,0.195358,0.48981,-0.112867,-0.533645,0.347493,-0.038029,-0.218008,-0.202226,0.15784,0.0,-0.427933,0.203852,-0.327012,-0.427941,0.498592,-0.268714,0.203852,-0.302744,-0.327012,-0.533645,-0.485744,-0.533645,-0.4701,0.368304,-0.532983,-0.193634,0.099439,-0.218008,-0.541843,0.0,0.421212,-0.171416,-0.427455,0.203852,0.0,-0.327012,-0.240869,0.101447,-0.218008,0.307869,0.035217,-0.259225,-0.533645,0.065803,0.205454,0.698294,-0.268714,-0.218008,0.205454,-0.533645,-0.218008,-0.218008,-0.53324,0.0,0.18802,-0.025583,-0.375034,0.203852,-0.532983,0.0,0.225105,0.026292,0.026292,-0.245664,-0.326845,-0.529715,0.026292,-0.326845,0.383702,0.133936,0.381435,-0.087505,0.278754,-0.106786,-0.218008,0.143439,-0.099655,-0.053564,0.045025,-0.091236,0.278754,0.154058,0.373557,0.389833,0.383702,0.065789,-0.029104,0.058462,-0.106786,0.143439,0.278754,0.765452,-0.056354,0.809819,0.138507,0.185381,-0.260751,0.506279,#
13,0.203999,0.350707,0.300472,-0.108963,-0.378697,0.525757,0.072136,-0.218165,0.525757,0.060482,-0.040472,0.30625,0.023175,1.0,0.203999,0.525757,-0.079003,0.410344,-0.063119,-0.218165,-0.2807,0.371211,0.077792,-0.435841,0.041029,-0.340431,0.001374,0.10346,-0.109033,0.534089,-0.428373,-0.311981,-0.326921,2.6e-05,-0.249156,-0.327169,-0.126178,-0.058059,0.784424,-0.534065,-0.113671,-0.001522,0.074699,-0.331079,0.203999,-0.233456,0.647626,-0.585714,-0.501683,0.208528,0.199362,0.321972,0.0,0.022745,-0.494378,0.296869,-0.051165,0.298105,0.172608,0.425779,0.190993,0.176906,0.148809,-0.453551,-0.155853,-0.055994,0.0,0.637773,0.218166,-0.245228,0.302684,0.291063,-0.218165,0.526853,-0.112949,0.209183,-0.327248,-0.222483,-0.534096,0.212499,-0.218165,-0.096106,0.035574,0.311435,0.534234,0.225249,0.083693,-0.096106,-0.106863,-0.428242,0.203985,-0.202297,-0.327248,0.664613,-0.202297,-0.218165,0.534234,-0.218165,0.367579,-0.327248,-0.109033,0.367579,0.212499,0.490164,0.350736,-0.534031,-0.232448,0.408927,-0.218165,-0.203584,-0.207439,0.0,-0.428242,0.756495,0.225249,-0.42825,0.035242,0.323105,0.203999,-0.347486,-0.327248,-0.096106,-0.039111,-0.096106,0.095053,0.324976,-0.063546,0.245971,-0.792657,-0.218165,-0.023222,0.0,-0.546717,-0.153801,-0.427764,-0.327248,0.0,0.225249,0.3142,-0.362998,-0.218165,0.306523,0.05379,-0.253944,-0.070345,-0.800604,0.203985,0.309035,0.323105,0.518497,0.203985,-0.534031,-0.218165,-0.218165,-0.533625,0.0,0.574884,0.017426,0.092079,0.225249,-0.533368,0.0,0.1828,0.999588,0.526853,-0.247666,-0.327081,-0.530097,-0.428242,-0.327081,-0.081812,-0.425268,0.337478,-0.069347,0.278956,-0.089773,-0.218165,0.143542,0.383979,-0.054826,0.504709,-0.108713,0.278956,0.154169,0.006044,-0.240419,0.383979,0.083162,-0.530785,0.505097,-0.534113,0.143542,0.278956,0.271885,0.402383,-0.108159,-0.581191,-0.234314,-0.208163,0.085243,#
14,0.375,0.092027,-0.380946,0.611394,0.381337,-0.118419,0.374994,-0.166667,-0.118419,0.245363,-0.241826,0.201551,0.734715,0.203999,1.0,0.374994,0.087684,-0.239032,0.272886,-0.166667,0.324597,-0.182084,0.381337,-0.598464,0.224987,-0.093856,0.289898,0.215431,-0.534489,0.389126,-0.327254,-0.211289,-0.24975,0.0,-0.308383,-0.24994,-0.401205,0.12913,0.082384,0.082384,0.086517,-0.321338,-0.461479,-0.370493,1.0,-0.740048,-0.015491,-0.14247,-0.340838,0.115842,0.109001,0.213241,0.0,-0.262075,-0.698244,0.467593,-0.204628,-0.339285,0.138614,0.296653,-0.674825,0.997732,0.251265,0.17312,0.0,0.302536,0.0,-0.019219,0.122962,-0.398302,0.340844,0.068394,-0.166667,0.742388,0.087422,0.097853,-0.25,-0.499604,0.109618,0.5,-0.166667,-0.407971,-0.327161,0.21385,-0.111772,-0.25,-0.116524,-0.407971,0.094617,-0.327154,0.123703,-0.499613,-0.25,0.488108,-0.017032,-0.166667,-0.111772,-0.166667,-0.407971,-0.25,-0.534489,-0.407971,0.5,0.666667,0.087422,-0.407971,0.240141,-0.235648,-0.166667,-0.392058,0.454441,0.0,-0.327154,0.375,-0.25,-0.327161,0.763762,0.22259,0.375,-0.607143,-0.25,-0.407971,-0.762755,-0.407971,0.209594,0.087422,-0.407465,0.294427,-0.100925,-0.166667,-0.226617,0.0,0.300094,0.202549,-0.326789,0.375,0.0,-0.25,-0.395605,-0.116524,-0.166667,0.203009,0.218218,-0.310984,-0.407971,-0.12154,0.123703,0.577897,0.22259,-0.166667,0.123703,-0.407971,-0.166667,-0.166667,-0.407661,0.0,-0.03911,0.291069,-0.111618,0.375,-0.407465,0.0,-0.017032,0.207617,0.207617,-0.225455,-0.249873,-0.404966,0.207617,-0.249873,0.281022,0.149063,0.094617,0.308941,0.199142,0.094617,-0.166667,0.091779,0.281022,-0.280757,0.373866,-0.428888,0.199142,0.098574,0.272321,0.266838,0.281022,0.407661,-0.233964,-0.151054,0.094617,0.091779,0.199142,0.572937,0.255178,0.59401,0.086854,0.488108,0.231036,0.771982,#
15,-0.118419,-0.17689,0.140732,0.249853,-0.289134,0.189156,0.578685,-0.407888,0.189156,0.536275,0.359112,0.593276,0.526719,0.525757,0.374994,1.0,0.222417,-0.094022,-0.146886,-0.407888,-0.106283,-0.211199,0.168086,-0.801119,-0.364925,-0.325347,-0.129439,-0.474081,0.084392,0.130038,-0.347486,0.086738,-0.611221,0.0,-0.061078,-0.611685,0.164703,0.21619,0.660919,0.258917,-0.607887,0.00707,-0.582119,-0.298008,0.374994,-0.310307,0.432004,-0.247069,-0.281785,0.417635,0.400395,0.064277,0.0,0.02069,-0.286256,0.440051,-0.072022,0.28195,-0.02384,0.361999,-0.289892,0.364155,-0.386541,-0.127053,0.191828,-0.080398,0.0,0.41938,0.435811,-0.413702,0.451462,-0.019798,-0.407888,0.508603,-0.176682,0.340868,-0.611831,-0.397591,-0.589906,-0.023684,-0.407888,-0.161038,0.559932,0.612275,0.177409,0.414467,-0.245155,0.286188,-0.60177,-0.317877,0.421434,-0.383668,-0.098682,0.391764,0.013446,0.302626,0.194128,-0.407888,0.269624,-0.098682,0.084392,-0.161038,-0.023684,0.249996,-0.176682,-0.567775,-0.396973,0.374517,-0.407888,0.133935,-0.465907,0.0,-0.335758,0.39473,-0.098683,-0.344536,0.060296,0.083328,-0.118419,-0.173869,-0.611831,-0.161038,-0.041613,-0.161038,-0.48412,0.677281,-0.124475,-0.054789,-0.205883,-0.407888,-0.072059,0.0,-0.085881,-0.199638,-0.326277,-0.118419,0.0,-0.098683,0.110833,0.178002,-0.407888,0.611929,0.077523,-0.073653,-0.137113,-0.257519,0.421434,0.432423,0.083328,0.276311,0.421434,-0.567775,-0.407888,-0.407888,-0.554687,0.0,0.34066,0.022979,-0.232817,0.39473,-0.560837,0.0,0.409664,0.52549,0.086423,-0.417847,-0.61152,-0.523516,0.086423,-0.083978,0.342212,-0.642612,0.264704,-0.11498,0.062886,0.247897,-0.407888,0.35101,-0.135887,0.180727,0.132291,-0.166263,0.586095,0.376997,-0.078231,0.179761,0.774831,-0.273557,-0.067328,0.151398,-0.164798,0.35101,0.586095,0.570904,0.484098,0.250293,-0.321412,-0.443143,-0.402407,0.069332,#
16,-0.407922,-0.66592,-0.131898,0.174646,0.263015,-0.575756,-0.200145,-0.271948,-0.575756,-0.184103,0.525117,0.408633,-0.112623,-0.079003,0.087684,0.222417,1.0,-0.347499,-0.337195,-0.271948,-0.078955,-0.251538,-0.604413,-0.181126,-0.533976,0.615828,-0.231402,-0.260351,0.23841,-0.189195,0.37553,0.341535,-0.407514,-2.3e-05,0.471999,-0.407824,-0.276846,0.537988,0.174208,0.127545,-0.665511,-0.524323,-0.580117,0.225353,0.087684,0.076974,-0.400581,-0.372598,-0.068868,0.295992,0.284433,-0.071096,0.0,-0.058475,0.237427,-0.268135,0.498233,-0.568585,0.510403,-0.37095,-0.410886,0.099889,0.304357,0.142656,-0.19209,-0.822177,0.0,-0.40387,-0.437887,-0.561724,0.471999,0.03859,-0.271948,-0.109756,0.198193,0.237072,-0.407922,0.437942,-0.255291,-0.007625,-0.271948,0.606134,0.338782,0.407635,-0.166679,0.087684,-0.134601,0.158199,-0.211287,-0.533813,0.280203,0.02632,0.621414,-0.017013,0.003809,-0.271948,-0.586515,-0.271948,0.158199,0.621414,0.23841,0.190195,-0.007625,-0.271948,-0.217746,0.198193,-0.067581,0.108656,-0.271948,0.407635,-0.470769,0.0,-0.084811,0.106746,0.106746,0.381141,-0.101495,0.422325,-0.407922,0.308256,-0.407922,0.606134,0.108656,0.606134,0.236827,0.158199,-0.243411,-0.162596,0.309655,-0.271948,0.555132,0.0,0.103538,0.531266,-0.075923,0.087684,0.0,0.106746,-0.596579,0.665899,-0.271948,0.092029,0.347744,0.459024,-0.249741,0.262347,0.280203,-0.450783,0.422325,-0.271948,0.280203,0.198193,-0.271948,-0.271948,-0.237327,0.0,0.068387,-0.242967,-0.126135,0.602352,0.210452,0.0,0.423709,-0.093446,-0.533813,-0.279465,0.140985,0.196072,0.339246,0.101792,0.573711,-0.462661,-0.251867,0.556014,-0.049803,0.568753,-0.271948,0.316928,0.128027,0.371273,-0.160143,-0.209777,0.455519,-0.407869,-0.254125,0.215663,0.093744,0.286695,0.542423,-0.563454,0.154836,0.316928,-0.088674,-0.331471,0.238314,-0.268366,0.319694,0.022862,-0.068922,0.315152,#
17,0.306129,0.517196,0.233811,0.081509,-0.099814,0.319145,-0.094022,0.218064,0.319145,-0.117528,-0.420051,-0.346617,-0.553095,0.410344,-0.239032,-0.094022,-0.347499,1.0,-0.428476,0.218064,-0.313123,0.076906,-0.117138,0.320654,0.409647,-0.105482,-0.440682,-0.162164,-0.455008,0.35526,-0.034995,-0.220753,0.32677,-0.000101,-0.310736,0.327018,0.147216,0.078277,0.535134,-0.338769,0.517062,0.006892,0.10568,-0.249292,-0.239032,0.122731,0.181373,0.087627,0.193435,-0.262759,-0.253396,-0.341598,0.0,0.013188,-0.208359,-0.193214,0.082522,0.641611,0.158275,0.019194,0.470937,-0.253549,0.34675,-0.085612,-0.352578,0.013723,0.0,0.185052,0.489378,0.219272,-0.332516,-0.303644,0.218064,-0.056355,0.077232,-0.208047,0.327097,0.220204,0.082335,0.20129,0.218064,0.093852,-0.037897,-0.34078,0.801467,0.348064,0.344007,0.093852,0.052772,-0.065853,-0.243257,0.225133,-0.197097,0.206445,-0.658639,-0.508817,0.321889,0.218064,0.551381,-0.197097,-0.455008,0.076255,0.20129,0.190107,0.059635,0.093852,-0.398423,0.025381,0.218064,-0.320452,0.258354,0.0,0.44704,0.306129,0.327097,-0.037897,-0.065888,0.211018,0.306129,-0.122212,0.327097,0.093852,0.043065,0.093852,0.398301,0.077232,0.550951,0.711007,-0.545123,0.218064,0.054696,0.0,-0.446123,0.046949,0.446913,-0.218064,0.0,0.327097,0.782232,-0.528716,0.218064,-0.022599,-0.047586,-0.300938,0.551381,-0.498634,-0.243257,-0.174488,0.211018,0.218064,-0.243257,0.093852,0.218064,0.218064,0.551479,0.0,-0.305275,0.392931,0.339182,-0.218064,0.087368,0.0,-0.236752,0.410103,0.410103,0.203138,-0.233521,0.13501,-0.019418,0.348486,-0.44193,-0.337912,0.052772,0.036804,-0.366112,0.11328,0.218064,-0.22785,-0.001179,-0.483989,0.324987,-0.359068,-0.344733,0.519567,-0.456543,-0.425219,0.048318,-0.132138,-0.431954,0.339752,0.11328,-0.22785,0.211115,-0.354652,0.414551,-0.388237,-0.228371,-0.249723,0.202734,-0.4897,#
18,0.334905,0.548046,-0.244903,-0.397721,0.361587,0.344692,0.328371,-0.507182,0.344692,-0.004809,0.08192,0.225239,0.356947,-0.063119,0.272886,-0.146886,-0.337195,-0.428476,1.0,0.209488,0.808245,-0.030577,0.769555,0.029766,-0.027738,-0.449304,0.946637,0.42844,0.152486,0.348145,-0.4844,-0.455271,-0.201569,-5e-05,-0.287043,-0.170533,0.136025,-0.791211,-0.380594,0.074224,0.105203,0.447459,0.307942,-0.182897,0.272886,-0.065122,0.178312,0.06676,-0.2355,-0.250978,-0.186846,0.175212,0.0,-0.456474,-0.14445,0.468132,-0.368178,-0.311868,-0.388738,0.485714,-0.12709,0.301961,0.0301,-0.314097,0.5276,0.501337,0.0,0.214874,-0.262658,0.226033,0.24982,0.724687,0.264616,0.394561,-0.346037,0.543558,-0.22327,-0.621888,0.08279,-0.264616,-0.507182,-0.755691,-0.536175,0.183912,-0.54542,-0.202597,-0.072267,-0.807741,0.09917,-0.067425,-0.246763,-0.175774,-0.181924,0.187976,0.230797,0.181924,-0.107605,-0.507182,-0.773041,-0.181924,0.152486,0.1388,-0.264616,0.181924,0.122414,-0.329651,0.208448,-0.408393,0.209488,-0.317129,0.177332,0.0,-0.535654,-0.243943,-0.760772,-0.481047,0.375336,-0.32728,0.293559,-0.522539,-0.22327,-0.755691,-0.390958,-0.755691,-0.09348,-0.398087,0.103915,-0.281381,-0.052077,-0.507182,-0.378331,0.0,0.001241,-0.383509,-0.51969,-0.243943,0.0,-0.760772,-0.361286,-0.532851,-0.507182,-0.319264,-0.544959,-0.322072,-0.347001,-0.122161,-0.246763,0.609606,-0.32728,0.237052,-0.246763,-0.329651,0.264617,-0.507182,-0.358125,0.0,0.253984,0.36983,-0.049162,-0.243943,-0.310183,0.0,-0.225539,-0.047655,-0.047655,0.297585,-0.165301,0.079952,-0.553343,-0.760384,0.041829,0.686932,-0.385924,-0.448795,0.765412,-0.826029,-0.507182,0.483366,0.560047,0.030241,0.3626,0.581429,0.217371,-0.292363,0.980075,0.570762,-0.012781,0.364074,-0.401172,0.349534,-0.393748,0.483366,0.175215,0.593723,-0.694172,0.49499,-0.245631,0.205274,0.227827,0.408324,#
19,-0.166667,0.39478,-0.660957,-0.271731,0.254225,0.249996,-0.407888,-0.111111,0.249996,-0.215072,-0.508669,-0.665437,-0.218008,-0.218165,-0.166667,-0.407888,-0.271948,0.218064,0.209488,1.0,0.287348,0.283242,0.254225,0.358205,-0.218169,0.335607,0.288314,0.233383,-0.356325,0.297196,-0.218169,-0.764663,0.699301,-1.9e-05,-0.638407,-0.166627,-0.26747,-0.270134,-0.271998,-0.271998,0.442199,-0.214225,0.294277,0.102527,-0.166667,0.321153,0.312399,0.33243,0.435516,0.077228,-0.995972,0.17447,0.0,-0.680476,0.146999,0.419753,0.261469,0.071428,0.240924,0.197769,0.137802,-0.138172,0.258056,0.115413,0.447214,0.201691,0.0,-0.333136,0.081975,0.166359,-0.638407,0.197584,-0.111111,-0.218103,-0.271981,0.146779,0.666667,0.317756,0.418171,0.333333,-0.111111,-0.271981,-0.218107,0.142567,0.258841,-0.166667,0.252468,-0.271981,0.398178,0.494925,0.082469,0.310366,-0.166667,0.325405,-0.333075,-0.111111,0.258841,-0.111111,-0.271981,-0.166667,-0.356325,0.388544,0.333333,-0.111111,-0.271981,0.388544,0.160094,-0.508503,1.0,0.142567,0.364372,0.0,0.494925,-0.166667,-0.166667,-0.218107,0.509175,0.148393,0.666667,-0.404762,0.666667,-0.271981,0.194306,-0.271981,0.229877,-0.271981,0.397622,0.266386,0.296046,-0.111111,-0.50779,0.0,0.200063,-0.499212,-0.217859,-0.166667,0.0,-0.166667,0.170464,-0.407832,-0.111111,-0.910463,-0.218218,0.293112,0.388544,0.271831,0.082469,-0.326637,0.148393,-0.111111,0.082469,0.388544,-0.111111,-0.111111,0.407661,0.0,-0.33026,0.23623,-0.407308,-0.166667,-0.271643,0.0,-0.333075,-0.218103,-0.218103,-0.07873,-0.166582,0.44715,-0.218103,-0.166582,-0.491788,0.294576,-0.272023,0.205961,0.212418,-0.272023,-0.111111,0.163163,0.257604,0.220766,0.316005,-0.24325,-0.637253,0.175243,0.257192,0.177892,0.257604,0.271774,-0.50818,0.315244,0.398178,0.163163,0.212418,-0.293455,-0.396944,-0.271956,0.16647,0.325405,0.154024,-0.217194,#
20,0.351203,0.461763,-0.303235,-0.075529,0.771431,0.066795,0.439836,-0.635003,0.066795,0.170314,0.08635,0.255154,0.278147,-0.2807,0.324597,-0.106283,-0.078955,-0.313123,0.808245,0.287348,1.0,-0.344934,0.589649,0.14756,-0.094906,-0.275868,0.731254,0.004013,0.068265,0.210039,-0.212451,-0.389336,-0.232838,6.4e-05,-0.383818,-0.27424,0.215627,-0.655764,-0.234307,0.307622,0.091989,0.20306,-0.08093,-0.422866,0.324597,-0.148455,-0.086635,0.136967,-0.11265,-0.246297,-0.269813,-0.225291,0.0,-0.69611,-0.204159,0.288136,-0.237012,-0.340559,-0.207898,0.209273,-0.185563,0.378876,0.186898,-0.084206,0.420421,0.226652,0.0,-0.100635,-0.257456,0.315418,0.279486,0.469248,0.251873,0.280146,-0.065748,0.64098,-0.260742,-0.395172,0.065719,-0.329918,-0.635003,-0.571882,-0.371437,0.291315,-0.432742,0.031928,0.107269,-0.728188,0.081689,-0.220689,-0.227453,-0.020785,0.218172,0.052689,-0.083624,0.003548,-0.455281,-0.635003,-0.728188,0.218172,0.068265,-0.045899,-0.329918,0.216398,-0.088077,-0.02357,-0.031443,-0.466863,0.287348,-0.327729,0.177901,0.0,-0.196584,-0.313954,-0.952505,-0.205887,0.471445,-0.174383,0.377809,-0.455854,-0.260742,-0.571882,-0.421985,-0.571882,0.031516,-0.222054,0.343019,-0.17413,0.196774,-0.635003,-0.324116,0.0,0.253105,-0.160431,-0.233084,-0.313954,0.0,-0.952505,-0.357664,-0.440857,-0.635003,-0.379466,-0.689749,-0.342606,-0.179876,0.101476,-0.227453,0.414208,-0.174383,0.003548,-0.227453,-0.02357,0.251873,-0.635003,-0.042365,0.0,-0.047727,0.618734,0.078026,-0.313954,-0.054174,0.0,-0.061872,-0.266219,-0.266219,0.297298,-0.268207,0.489438,-0.242115,-0.432322,0.247487,0.441587,-0.633251,-0.155538,0.473043,-0.610595,-0.635003,0.643796,0.414971,-0.125035,0.232906,0.336135,0.283147,-0.241055,0.766247,0.848162,0.114398,0.360099,-0.308274,0.094779,-0.05425,0.643796,0.310275,0.384142,-0.543642,0.413885,0.020104,0.20853,0.466866,0.445615,#
