0,1.0,-0.218052,-0.404756,-0.218002,0.380139,0.461759,-0.21799,0.461759,-0.218159,0.0,0.623992,-0.499363,0.623992,0.374493,0.454405,0.454405,1.0,-0.407997,0.233491,-0.272101,-0.218052,0.266796,0.262425,0.196747,-0.272166,-0.500285,0.206817,0.196747,-0.33304,-0.166632,-0.407997,0.267767,-0.21799,-0.272101,0.469763,-0.111111,-0.111111,0.151394,0.471913,-0.267855,-0.500285,-0.166667,-0.218219,0.091747,-0.111111,-0.625855,0.271043,0.124879,0.23656,-0.508246,0.302944,0.194322,-0.218218,-0.403909,0.292474,0.215708,-0.972714,0.334282,0.41646,0.306994,0.045659,-0.120043,-0.914368,-0.494548,-0.018194,0.211056,0.0,0.291457,0.187866,0.238146,0.196951,-0.153847,0.0,-0.218103,0.117142,0.165126,-0.50881,-0.333153,-0.508822,-0.407661,-0.271774,-0.272166,-0.272166,0.308968,-0.994563,0.174855,-0.408008,0.28628,-0.407661,-0.333153,0.045404,-0.664634,-0.166571,-0.332704,-0.218103,0.465621,-0.52705,0.225473,-0.271774,-0.272014,0.329789,-0.407661,0.117142,-0.166571,0.123069,-0.272023,-0.52705,0.213567,-0.217859,0.308968,0.136744,-0.111111,0.129138,-0.332873,-0.508,-0.218103,0.377572,-0.52705,-0.271577,0.206973,-0.508338,-0.166667,-0.664634,-0.218218,0.124879,-0.332873,-0.218093,0.218052,0.294845,-0.272023,-0.508,-0.111111,-0.994563,-0.272023,0.045404,-0.218218,-0.111111,-0.271981,0.362739,0.045404,-0.218107,0.045404,-0.272023,-0.95968,-0.52705,0.20787,-0.664634,-0.166524,-0.508,-0.217859,-0.66523,0.045404,-0.218093,-0.271981,-0.66523,-0.271774,0.339624,-0.329261,0.045404,-0.271643,0.151879,-0.218103,0.237986,-0.271774,-0.332873,0.356938,0.494036,0.249738,-0.333333,-0.218218,0.689054,0.145942,-0.333144,0.111581,0.536379,-0.664634,-0.218103,-0.06614,-0.132342,0.275241,0.365337,0.301508,0.298696,0.21859,-0.236743,-0.407661,0.210157,-0.407998,0.351203,-0.128852,-0.52705,-0.128852,-0.237331,-0.196668,-0.374471,-0.1657,0.248911,-0.634909,0.141333,-0.166261,#
1,-0.218052,1.0,0.057191,0.04053,0.176832,0.320541,0.537254,-0.533051,0.51102,0.0,0.04752,-0.006222,-0.420372,0.205232,0.347907,-0.532942,-0.218052,0.535155,-0.098831,0.330071,0.066565,0.412482,0.404536,-0.168646,-0.106823,0.037234,0.289562,-0.124265,0.246216,0.227916,-0.390075,-0.609994,0.073227,-0.11924,-0.527625,-0.218052,0.479714,-0.431095,-0.427854,-0.021623,-0.00196,0.239857,-0.042825,0.280879,-0.218052,-0.038882,0.420249,0.347182,0.468601,0.420879,-0.531569,-0.264653,0.02855,-0.792659,-0.194594,0.613916,0.218889,0.374596,0.483563,0.499978,0.225368,0.521766,0.423074,0.313296,0.253108,0.247387,0.0,-0.145663,0.199488,0.142431,-0.168821,0.04361,0.0,-0.428019,-0.214561,0.216036,-0.085749,0.251384,-0.52701,0.535439,0.357656,-0.534116,-0.534116,0.195813,0.206164,-0.045195,0.124899,-0.179174,0.535439,0.251384,0.219789,0.316719,0.180285,0.639761,0.085604,-0.427541,0.027581,-0.315172,0.357656,-0.125886,0.292439,0.046014,0.328226,0.180285,-0.20674,0.387353,0.027581,-0.949431,0.999832,0.195813,0.055297,-0.218052,-0.254728,0.2198,-0.05317,0.085604,-0.08233,0.027581,0.351481,-0.419718,0.429777,-0.327078,0.316719,-0.428245,0.347182,0.2198,0.49534,0.446938,0.362011,-0.051063,-0.05317,-0.218052,0.206164,-0.533836,-0.501525,-0.428245,-0.218052,-0.05795,-0.385988,-0.501525,0.075914,-0.501525,-0.051063,0.315336,0.027581,-0.435135,0.316719,0.176713,0.417605,0.524786,-0.270057,0.219789,0.010272,-0.05795,0.328932,0.357656,0.171887,0.143018,-0.501525,0.344577,-0.148067,0.085604,0.099741,0.357656,0.2198,0.219537,0.019216,-0.340126,-0.654155,-0.428245,-0.314522,-0.436842,-0.255287,-0.170736,0.052484,-0.222782,-0.428019,0.479383,0.227858,0.225663,0.207122,-0.039446,-0.316972,-0.218324,0.37005,0.046014,0.348047,0.054436,-0.65342,0.203591,0.027581,0.743042,0.356542,0.035771,-0.325132,-0.32518,-0.497784,0.141472,-0.620981,-0.326282,#
2,-0.404756,0.057191,1.0,0.458371,-0.438511,-0.657006,0.068679,-0.197894,-0.428926,0.0,-0.047497,0.36526,-0.427474,0.001908,-0.201771,-0.530873,-0.404756,0.581797,-0.547694,-0.220697,0.122855,0.296093,-0.077585,-0.024714,0.181765,0.360122,-0.410805,0.098856,0.073177,-0.607008,0.101624,-0.17028,0.064386,0.229679,0.204489,0.242853,0.161902,0.30819,-0.794197,0.319711,0.250994,-0.060713,-0.145738,0.135915,0.296821,-0.00934,-0.548998,-0.398045,-0.164257,0.363275,-0.177436,0.051833,0.052995,0.166299,0.001821,-0.216375,0.421009,-0.015883,0.120103,0.159393,0.393134,0.187873,0.331461,0.176994,0.378513,0.325316,0.0,-0.098386,-0.262072,-0.268517,0.056901,-0.762812,0.0,0.131399,0.64127,-0.273692,-0.130896,0.043276,-0.042219,0.154326,0.649335,0.280909,-0.115669,-0.43851,0.425035,-0.073535,0.2405,0.050734,-0.291182,0.059269,-0.272511,0.078937,-0.194907,-0.016911,0.11612,0.149387,0.396788,0.672452,0.632835,0.228743,-0.353732,0.152385,0.097198,0.367748,0.126724,0.288182,0.396788,-0.120667,0.059132,-0.040928,0.160005,0.323804,-0.440267,0.426071,0.802931,0.566339,-0.555097,0.396788,-0.267872,0.591651,0.358944,-0.121427,0.619714,0.088325,-0.398045,-0.010462,0.047668,-0.599446,-0.079866,0.288182,0.331042,-0.404756,0.425035,0.253715,0.45051,0.565279,0.269837,0.694483,-0.631328,0.45051,0.548669,0.45051,0.288182,0.289984,0.396788,-0.126204,0.078937,-0.197711,0.331042,0.059132,0.065334,-0.272511,0.047668,0.694483,0.108098,0.236828,0.010853,0.003199,0.45051,0.649177,0.543745,0.150752,-0.229224,0.236828,-0.042797,0.386589,0.009728,-0.210783,0.03238,0.565279,-0.114038,-0.434977,-0.071274,0.223851,-0.773906,0.619714,0.546986,-0.388706,-0.600369,-0.4122,-0.427299,-0.024407,0.24482,-0.453166,0.278391,-0.276623,-0.375933,-0.272726,0.426454,-0.060177,0.396788,-0.060177,0.316007,0.07106,0.647959,-0.007788,-0.048575,-0.006023,-0.161605,-0.132487,#
3,-0.218002,0.04053,0.458371,1.0,-0.227351,-0.095366,0.046846,0.308538,0.053388,0.0,0.454899,-0.141808,-0.045201,-0.230678,-0.099678,-0.532821,-0.218002,0.516111,-0.536121,0.370462,0.04053,0.372375,-0.53668,0.342235,0.800992,-0.053518,-0.834189,-0.226989,-0.244013,-0.326936,0.516111,0.342926,0.484891,0.370462,0.387773,0.470426,0.527795,0.239562,-0.427757,-0.18126,0.449177,-0.327003,-0.794334,0.383704,0.527795,-0.43904,-0.531197,0.043522,-0.019267,-0.08469,0.318354,0.297379,0.060091,-0.002486,0.185343,-0.46616,0.098214,-0.019511,-0.365547,-0.373313,0.16888,0.453147,0.170419,-0.392426,-0.157817,0.013788,0.0,-0.639564,-0.565303,-0.66574,-0.162354,-0.639447,0.0,-0.427922,0.292837,-0.530731,0.410984,0.196416,-0.067868,0.050351,0.316964,0.344286,-0.077289,-0.222509,0.159389,-0.051086,0.068721,-0.245289,0.050351,-0.24562,0.172808,0.281545,0.215271,-0.237299,0.01386,-0.427444,-0.353767,0.068624,0.773013,0.365581,-0.204333,0.085432,0.292837,0.215271,0.305007,0.331383,-0.353767,-0.22684,0.031319,0.200133,0.348525,-0.218002,0.317483,0.214331,0.38688,0.492457,-0.070433,-0.353767,-0.084133,-0.001336,0.398772,0.189318,0.281545,0.510773,0.043522,0.214331,0.040538,-0.078059,-0.5984,0.331383,0.38688,-0.218002,0.159389,0.331383,0.172808,0.510773,-0.218002,0.318975,-0.093645,0.172808,0.005524,0.172808,0.331383,0.229256,-0.353767,-0.581104,0.281545,0.211447,0.38688,0.031319,0.293467,0.172808,0.040538,0.318975,0.293467,0.352045,0.251035,-0.26294,0.172808,0.339051,0.36123,0.050675,-0.366133,0.352045,0.179957,-0.255047,0.518896,-0.41051,0.206529,0.510773,-0.384762,0.229256,0.642579,-0.239464,-0.481277,0.281545,0.01386,-0.303929,-0.399053,-0.288963,-0.261048,-0.731672,-0.379988,-0.284083,-0.127811,-0.370617,-0.781261,0.094275,0.170972,-0.383309,-0.353767,-0.383309,-0.133948,0.002972,0.032078,-0.325106,-0.106027,0.375453,0.037095,-0.326208,#
4,0.380139,0.176832,-0.438511,-0.227351,1.0,0.804094,0.153695,-0.342676,0.608634,0.0,0.321287,-0.203952,0.321287,0.595321,0.020698,0.45254,0.380139,-0.024607,0.635671,-0.030002,0.245216,-0.204611,0.636499,0.125565,-0.426776,-0.572384,0.441646,-0.357999,0.181738,0.005039,-0.460813,0.215251,-0.197648,-0.013683,-0.331038,-0.332622,0.300943,-0.207987,0.214799,-0.344192,0.281708,-0.023759,-0.208249,0.010899,-0.332622,-0.29523,0.197573,0.466553,0.194417,0.161507,0.310624,0.016348,0.625605,-0.382965,-0.178649,0.621233,-0.388255,0.620866,0.498437,0.418512,0.332934,0.328304,-0.087956,-0.017934,-0.106336,0.406679,0.0,0.171039,0.334032,0.215813,0.085357,0.139506,0.0,-0.212455,-0.528331,0.351124,0.176412,-0.606164,-0.238757,-0.032475,-0.029246,-0.394444,-0.006466,0.996425,-0.431776,-0.279049,-0.021458,-0.598913,-0.06476,-0.199355,-0.429645,-0.586912,-0.038136,0.122613,-0.246336,0.234851,-0.638623,-0.398293,-0.448951,-0.017555,0.508428,-0.032475,-0.548045,0.491931,-0.040936,-0.416249,-0.638623,-0.120742,0.168881,0.607465,0.251343,0.353741,0.47509,-0.227955,-0.279609,-0.652911,0.012347,-0.638623,0.39508,-0.550341,0.16198,-0.498933,-0.547723,-0.653256,0.466553,-0.259589,0.643556,0.22104,0.55125,-0.814326,-0.724166,0.300943,-0.431776,-0.814326,-0.403447,-0.203927,-0.332622,-0.8142,-0.054583,-0.403447,-0.652924,-0.403447,-0.814326,-0.24608,-0.638623,-0.319607,-0.586912,0.451029,-0.707067,-0.262456,-0.063453,-0.429645,0.625939,-0.8142,-0.063453,-0.448951,0.128043,0.488144,-0.403447,-0.454017,-0.164591,-0.652911,0.377014,-0.448951,-0.259589,0.234137,0.210009,0.050191,-0.205909,-0.203927,0.05457,0.46316,-0.251021,-0.02213,0.646179,-0.567317,-0.212455,0.317421,0.469125,0.987444,0.997892,0.042982,-0.328022,0.532767,-0.385045,0.354945,0.512214,0.370849,-0.13524,0.490287,-0.638623,0.000471,0.012833,0.651198,-0.773226,0.491974,-0.141931,0.054446,0.259397,0.005925,#
5,0.461759,0.320541,-0.657006,-0.095366,0.804094,1.0,0.296696,-0.179947,0.764903,0.0,0.466731,-0.383663,0.466731,0.391163,0.193904,0.193904,0.461759,-0.1982,0.505656,0.142077,-0.071073,0.112208,0.506247,0.004146,-0.266135,-0.746982,0.342591,-0.493408,-0.038123,0.111095,-0.214823,0.068833,-0.064812,-0.277697,-0.16973,-0.271623,0.380272,-0.31023,0.359585,-0.6548,0.13182,0.081487,-0.30674,-0.017943,-0.271623,-0.461555,0.525845,0.400678,0.579111,0.012001,0.145938,-0.086442,0.320074,-0.579361,0.027499,0.402751,-0.523139,0.472548,0.248158,0.252317,0.26078,0.385842,-0.218075,-0.200436,-0.174942,0.311675,0.0,0.009262,0.252058,0.17881,-0.037355,0.241327,0.0,-0.533175,-0.649094,0.282567,0.039002,-0.411949,-0.380416,-0.206153,-0.289201,-0.665337,-0.266135,0.80337,-0.509944,0.035447,-0.190768,-0.404774,0.192475,-0.411949,0.188691,-0.181452,0.066633,0.337627,-0.114838,-0.081453,-0.6571,-0.578268,-0.289201,-0.283852,0.37175,-0.206153,-0.141989,0.066633,-0.151631,-0.255394,-0.6571,-0.287681,0.312238,0.403156,0.408738,-0.271623,0.375186,-0.446123,-0.422233,-0.533175,0.185595,-0.6571,0.579124,-0.725221,0.028195,-0.407434,-0.665324,-0.533457,0.400678,-0.055526,0.329488,0.550819,0.451874,-0.664988,-0.422233,0.380272,-0.509944,-0.664988,-0.485204,-0.533457,-0.271623,-0.664885,0.174395,-0.485204,-0.533186,-0.485204,-0.664988,-0.34596,-0.6571,-0.366602,-0.181452,0.569919,-0.40464,-0.131579,-0.170993,0.188691,0.311361,-0.664885,-0.170993,-0.289201,0.341931,0.292989,-0.485204,-0.294496,-0.079047,-0.533175,0.21102,-0.289201,-0.055526,0.014041,0.354701,-0.133111,-0.423732,-0.533457,0.137253,0.383799,-0.046537,-0.124526,0.782333,-0.685486,-0.533175,0.368643,0.566813,0.782755,0.794555,-0.147413,-0.527362,0.409246,-0.245712,0.192475,0.393458,0.204417,-0.362376,0.082382,-0.6571,0.082382,-0.252078,0.307227,-0.990334,0.033974,-0.304244,-0.076393,0.139641,0.111772,#
6,-0.21799,0.537254,0.068679,0.046846,0.153695,0.296696,1.0,-0.532901,0.48474,0.0,0.053828,0.460854,0.053828,0.61669,0.359709,-0.122184,-0.21799,0.102345,-0.105601,-0.113604,-0.427799,-0.043962,0.386293,-0.738186,-0.10102,-0.465263,0.228985,-0.693219,0.223965,-0.326918,0.04826,-0.130419,-0.427679,-0.113604,-0.527476,-0.217991,0.489006,0.297022,0.046388,-0.014807,-0.028434,0.777696,-0.16778,0.107027,-0.217991,-0.069152,0.401804,0.245001,0.488845,0.402407,-0.071813,-0.799478,0.497551,-0.349909,-0.652277,0.313796,0.134103,0.328302,0.15458,0.078866,0.197426,0.502382,0.393786,0.230489,-0.373348,0.219941,0.0,0.310634,0.171663,0.142512,0.386401,0.031271,0.0,-0.427899,-0.1998,0.135714,-0.092828,-0.172956,-0.539603,0.102994,0.369593,-0.533966,-0.101021,0.189149,0.206152,0.428982,0.119515,-0.172723,0.535317,-0.172956,0.219773,0.316664,0.187086,0.639609,0.546216,-0.427421,0.027947,-0.308539,0.369593,-0.120339,0.234131,-0.392905,-0.1998,0.187086,0.340642,-0.044526,0.027947,-0.477702,0.537504,-0.244893,0.050756,-0.21799,-0.262838,0.231533,0.417517,0.092519,-0.533668,0.027947,0.344499,-0.412466,0.429686,-0.326986,-0.208108,-0.428125,0.245001,0.655145,0.01619,0.427799,0.36199,-0.044526,0.417517,0.489006,0.206152,-0.533685,0.219773,-0.428125,-0.21799,-0.051506,-0.397505,0.219773,0.082701,0.219773,-0.044526,0.286326,0.027947,-0.442465,0.316664,0.732881,-0.040405,0.537504,-0.278039,0.219773,0.488015,-0.051506,0.328875,0.369593,0.581011,0.108246,0.219773,0.356337,0.396691,0.092519,0.548185,0.369593,0.655145,0.204276,0.025252,-0.795188,-0.229774,-0.428125,-0.347777,-0.475803,0.179173,-0.177239,-0.018403,0.316664,-0.427899,-0.256014,0.144558,0.218919,0.146737,-0.367709,-0.337883,-0.294855,-0.08567,0.039418,0.281849,0.047766,-0.653237,-0.347398,0.027947,0.199189,-0.09243,0.468764,-0.346582,0.151066,-0.991768,0.13782,-0.634504,0.235827,#
7,0.461759,-0.533051,-0.197894,0.308538,-0.342676,-0.179947,-0.532901,1.0,-0.533314,0.0,0.357448,-0.470859,0.357448,-0.346349,0.209679,0.209679,0.461759,-0.199478,-0.316287,0.157577,-0.123668,0.094676,-0.732872,0.441164,0.548903,0.07836,-0.527469,0.441164,-0.42646,0.09258,0.216101,0.57293,0.296696,0.157577,0.662308,0.380272,-0.271623,0.317849,0.377801,0.064087,-0.379349,-0.407434,-0.311186,0.325214,0.380272,-0.277788,-0.303806,0.122111,-0.30218,-0.818895,0.494445,0.418191,-0.533457,0.159553,0.36238,-0.434085,-0.475581,-0.229168,-0.375418,-0.524689,-0.473869,-0.372799,-0.618243,-0.661755,-0.305407,-0.472777,0.0,-0.264337,-0.364203,-0.320195,-0.036525,-0.134767,0.0,-0.097407,0.373467,-0.372383,0.0643,0.360811,0.042499,-0.182705,-0.265752,0.548903,0.149701,-0.390404,-0.472054,0.078192,-0.207231,0.383022,-0.182705,-0.025569,0.226746,-0.152989,0.117224,-0.81333,-0.114838,-0.081453,-0.347876,0.210807,0.132876,0.161776,0.047029,-0.182705,0.373467,-0.407201,0.388705,0.121433,-0.347876,0.395294,-0.53258,0.009809,-0.200571,-0.271623,0.404327,-0.016275,-0.397395,0.3035,0.59053,-0.347876,-0.663898,0.372098,-0.390558,0.59078,-0.152989,0.764621,0.122111,-0.016275,-0.533152,0.089553,-0.69583,0.531027,0.04243,-0.271623,-0.472054,0.531027,0.226746,0.320074,-0.271623,0.110181,0.670977,0.226746,-0.122733,0.226746,0.531027,-0.424882,-0.347876,0.243191,-0.152989,-0.407085,0.04243,-0.088763,-0.142295,0.226746,-0.533152,0.110181,-0.142295,0.149486,0.079747,-0.804913,0.226746,-0.271398,-0.050303,0.32093,-0.150869,0.149486,-0.016275,-0.372097,0.380814,0.20317,0.37484,0.320074,0.136005,0.304877,0.388782,-0.144687,-0.056196,-0.152989,-0.114838,-0.279716,-0.417993,-0.473242,-0.380852,-0.159697,0.24137,-0.09384,-0.262973,-0.581333,-0.571391,-0.174791,0.386906,-0.403432,-0.347876,-0.403432,-0.269083,-0.566378,0.197651,-0.40507,0.502004,-0.047291,0.162675,-0.406443,#
8,-0.218159,0.51102,-0.428926,0.053388,0.608634,0.764903,0.48474,-0.533314,1.0,0.0,0.060369,-0.05948,0.060369,0.158413,-0.11665,-0.11665,-0.218159,0.078222,0.386778,0.353919,0.080152,-0.070292,0.366416,-0.138316,-0.095163,-0.458546,0.226739,-0.685742,0.19991,0.24324,0.059933,-0.118721,0.086997,-0.107931,-0.527885,-0.218159,0.499077,-0.451268,0.052924,-0.525916,0.508341,0.210688,-0.179015,-0.086368,-0.218159,-0.053321,0.381721,0.350153,0.465367,0.382293,-0.059433,-0.236223,0.510626,-0.344113,-0.182139,0.286473,0.130812,0.277157,-0.029403,0.054667,0.253761,0.511691,0.424082,0.138616,-0.179265,0.189646,0.0,-0.201466,0.140894,0.023791,-0.184126,0.37724,0.0,-0.42823,-0.799223,0.190975,0.41241,-0.211304,-0.04904,0.069227,-0.120826,-0.534379,-0.095163,0.659521,0.161196,-0.08798,0.086406,-0.653243,0.507811,-0.211304,0.174631,0.283018,0.194276,0.613078,0.032038,-0.427752,-0.340218,-0.799968,-0.120826,-0.114766,0.169518,0.069227,-0.24129,0.194276,-0.256203,-0.08345,-0.340218,-0.471609,0.501744,0.219193,0.350404,-0.218159,0.319012,-0.249106,-0.095644,-0.42823,-0.069995,-0.340218,0.834391,-0.948218,0.400178,-0.327239,-0.249354,-0.428457,0.350153,0.180641,0.520893,0.44768,0.28305,-0.534099,-0.095644,0.499077,0.161196,-0.534099,-0.56681,-0.428457,-0.218159,-0.534016,-0.071547,-0.56681,-0.428239,-0.56681,-0.534099,0.316285,-0.340218,-0.554303,0.283018,0.747975,-0.076287,0.013443,0.294959,0.174631,0.500949,-0.534016,0.294959,-0.120826,0.129568,0.561466,-0.56681,-0.126747,-0.197265,-0.42823,0.059345,-0.120826,0.180641,-0.24376,0.031484,-0.327814,-0.224136,-0.428457,-0.349382,0.316285,0.190728,-0.218038,0.47123,-0.271536,-0.42823,0.453624,0.719734,0.661333,0.608887,-0.381145,-0.797135,0.291526,-0.098417,0.507811,0.280279,0.521195,-0.653743,0.184212,-0.340218,0.184212,-0.104995,0.480843,-0.817657,0.15771,-0.5155,0.377023,0.051001,0.243714,#
9,0.0,0.0,0.0,0.0,0.0,0.0,0.0,0.0,0.0,0.0,0.0,0.0,0.0,0.0,0.0,0.0,0.0,0.0,0.0,0.0,0.0,0.0,0.0,0.0,0.0,0.0,0.0,0.0,0.0,0.0,0.0,0.0,0.0,0.0,0.0,0.0,0.0,0.0,0.0,0.0,0.0,0.0,0.0,0.0,0.0,0.0,0.0,0.0,0.0,0.0,0.0,0.0,0.0,0.0,0.0,0.0,0.0,0.0,0.0,0.0,0.0,0.0,0.0,0.0,0.0,0.0,0.0,0.0,0.0,0.0,0.0,0.0,0.0,0.0,0.0,0.0,0.0,0.0,0.0,0.0,0.0,0.0,0.0,0.0,0.0,0.0,0.0,0.0,0.0,0.0,0.0,0.0,0.0,0.0,0.0,0.0,0.0,0.0,0.0,0.0,0.0,0.0,0.0,0.0,0.0,0.0,0.0,0.0,0.0,0.0,0.0,0.0,0.0,0.0,0.0,0.0,0.0,0.0,0.0,0.0,0.0,0.0,0.0,0.0,0.0,0.0,0.0,0.0,0.0,0.0,0.0,0.0,0.0,0.0,0.0,0.0,0.0,0.0,0.0,0.0,0.0,0.0,0.0,0.0,0.0,0.0,0.0,0.0,0.0,0.0,0.0,0.0,0.0,0.0,0.0,0.0,0.0,0.0,0.0,0.0,0.0,0.0,0.0,0.0,0.0,0.0,0.0,0.0,0.0,0.0,0.0,0.0,0.0,0.0,0.0,0.0,0.0,0.0,0.0,0.0,0.0,0.0,0.0,0.0,0.0,0.0,0.0,0.0,0.0,0.0,0.0,0.0,0.0,0.0,0.0,0.0,0.0,0.0,0.0,0.0,#
10,0.623992,0.04752,-0.047497,0.454899,0.321287,0.466731,0.053828,0.357448,0.060369,0.0,1.0,-0.215262,0.50039,0.31368,0.456832,0.024115,0.623992,-0.006138,0.040294,0.263726,-0.069453,0.41335,0.061207,0.36224,0.273754,-0.602892,-0.160158,-0.206426,-0.642053,-0.321243,-0.006138,0.377386,-0.064692,0.263726,0.395488,-0.214206,0.530859,0.269472,0.100162,-0.258432,-0.100691,-0.321309,-0.786518,0.199946,0.344593,-0.907629,0.07299,0.162243,0.154438,-0.515086,0.389853,0.315881,0.067067,-0.509628,0.144786,0.04376,-0.701181,0.169335,0.235627,0.179238,0.115857,0.491545,-0.476677,-0.735244,-0.167242,0.125279,0.0,-0.029316,-0.318966,-0.367859,0.362616,-0.53301,0.0,-0.42047,0.250379,0.200692,-0.149631,-0.31107,-0.618416,-0.357111,-0.09514,-0.182503,-0.182503,0.272766,-0.672326,0.358543,-0.447909,-0.174457,-0.357111,-0.642271,0.120153,-0.346049,0.22043,-0.22634,-0.42047,0.095601,-0.751011,0.030172,0.24656,0.258289,0.036858,-0.01541,0.250379,0.22043,0.262017,-0.187364,-0.751011,-0.209334,0.038312,0.272766,0.294881,-0.214206,0.273938,0.113247,-0.163225,-0.061875,0.312737,-0.751011,-0.075295,-0.041925,-0.156471,-0.321309,-0.346049,-0.054873,0.162243,0.113247,0.047529,0.054831,0.01711,-0.187364,-0.163225,-0.214206,-0.672326,-0.187364,0.120153,-0.054873,-0.214206,-0.192149,-0.010135,0.120153,-0.420479,0.120153,-0.187364,-0.574943,-0.751011,-0.470438,-0.346049,0.216608,-0.163225,0.038312,-0.339476,0.120153,0.047529,-0.192149,-0.339476,0.24656,0.639764,-0.252067,0.120153,0.23528,0.31744,-0.061875,0.134226,0.24656,-0.221569,0.282335,0.59429,0.00103,-0.307339,-0.054873,0.275947,0.259114,0.122334,-0.280987,0.104653,-0.346049,-0.42047,-0.249472,-0.352753,0.207636,0.288978,-0.345388,0.054246,-0.105911,-0.198786,-0.357111,-0.101825,-0.007788,0.19536,-0.339795,-0.751011,-0.339795,-0.203732,0.047042,-0.457981,-0.319445,-0.078984,-0.267753,-0.013821,-0.320528,#
11,-0.499363,-0.006222,0.36526,-0.141808,-0.203952,-0.383663,0.460854,-0.470859,-0.05948,0.0,-0.215262,1.0,-0.215262,0.259495,0.094371,0.094371,-0.499363,-0.122299,0.124925,-0.027138,-0.138442,-0.470903,0.144679,-0.431591,-0.021842,-0.004488,0.293645,-0.386217,-0.133499,-0.223695,0.277902,-0.059373,-0.639269,0.450601,-0.496986,-0.499363,0.214013,0.442168,-0.023034,0.512871,-0.044558,0.365605,0.147889,-0.397609,0.035669,0.249549,0.095032,-0.273938,-0.343336,0.172427,-0.075004,-0.37599,0.459231,0.321438,-0.706446,-0.005687,0.460295,-0.406693,-0.036205,0.011894,-0.207868,0.247868,0.491603,0.284098,-0.240761,-0.240592,0.0,0.570737,-0.067321,-0.058245,0.70347,-0.005487,0.0,0.498634,0.249653,0.437321,-0.039681,-0.272346,0.018149,-0.012402,0.162087,0.014562,0.451414,-0.172178,0.512774,0.505186,-0.112752,-0.104321,-0.048754,-0.131406,-0.222796,0.182213,0.320835,0.293091,0.002693,0.060795,0.394788,-0.049101,0.016679,0.450076,-0.336231,0.314765,-0.327474,0.366746,0.194904,-0.406249,0.394788,0.027051,-0.005485,-0.610136,-0.386429,0.273461,-0.402864,0.607628,0.520944,-0.111755,-0.447035,0.394788,0.100594,0.021225,0.010056,-0.214013,0.226338,-0.163455,-0.273938,0.572008,-0.016336,-0.381105,0.135909,0.024046,0.482439,0.214013,0.512774,0.024046,0.544152,-0.124537,0.273461,0.068602,-0.633984,0.544152,0.050201,0.544152,0.024046,0.419286,0.394788,-0.193836,0.182213,0.320744,0.020385,0.460762,0.171679,-0.222796,0.459747,0.068602,0.171679,0.452903,0.120503,0.288911,0.544152,0.491621,0.16619,0.346037,0.445872,0.452903,0.251432,0.291509,-0.522936,-0.102075,0.142675,-0.124537,-0.196622,-0.34972,0.10058,-0.272021,-0.533928,0.755846,0.040842,-0.498954,-0.246409,-0.127627,-0.202656,-0.177447,0.308082,-0.289814,0.024889,0.423821,0.291798,0.271461,-0.237199,-0.178714,0.394788,-0.178714,0.034591,0.458365,0.316014,0.367774,-0.484188,0.076432,-0.398253,0.361936,#
12,0.623992,-0.420372,-0.427474,-0.045201,0.321287,0.466731,0.053828,0.357448,0.060369,0.0,0.50039,-0.215262,1.0,0.31368,0.024115,0.456832,0.623992,-0.444577,0.058714,-0.179138,-0.069453,-0.048332,0.061207,-0.206426,-0.182503,-0.602892,-0.098061,-0.206426,-0.216676,-0.321243,0.011399,0.469939,-0.064692,-0.179138,0.395488,-0.214206,-0.214206,0.269472,0.599812,-0.258432,-0.100691,0.23749,-0.176814,0.107663,0.344593,-0.321495,0.07299,0.162243,0.266148,-0.515086,0.389853,-0.218152,0.067067,-0.043272,0.144786,-0.123944,-0.614213,0.169335,-0.113448,-0.246674,0.143691,-0.253785,-0.476677,-0.735244,-0.329909,0.125279,0.0,0.107492,-0.318966,-0.253794,0.362616,0.068775,0.0,-0.42047,-0.273289,0.17301,-0.120716,-0.31107,-0.135056,-0.785911,-0.523941,-0.182503,0.273754,0.299673,-0.62902,0.387141,0.003652,-0.174457,-0.330311,-0.642271,0.163647,-0.313518,-0.321125,-0.200399,0.057657,0.095601,-0.397594,0.030172,-0.18224,-0.177297,0.036858,-0.444211,-0.273289,-0.321125,0.295027,-0.187364,-0.397594,0.287514,-0.420001,-0.15774,0.336561,-0.214206,0.307244,-0.306915,-0.134838,-0.061875,0.312737,-0.397594,-0.047278,-0.041925,-0.127826,-0.321309,-0.866546,-0.054873,0.162243,0.139507,-0.420452,0.054831,0.093153,-0.187364,-0.134838,0.530859,-0.62902,-0.187364,0.163647,-0.054873,-0.214206,-0.192149,0.557419,0.163647,-0.420479,0.163647,-0.187364,-0.574943,-0.397594,0.226508,-0.313518,0.257965,-0.617417,-0.420001,-0.306677,0.163647,0.076778,-0.192149,-0.306677,-0.18224,0.669729,-0.222629,0.163647,-0.187102,0.350293,-0.061875,0.161274,-0.18224,-0.195309,-0.130334,0.116769,0.00103,0.1397,-0.054873,0.310173,0.259114,0.148929,0.272041,0.588248,-0.313518,-0.42047,-0.205121,0.215202,0.269158,0.288978,-0.008423,0.082065,-0.105911,-0.170935,-0.330311,-0.101825,0.0193,0.19536,-0.306564,-0.397594,-0.306564,-0.176293,0.047042,-0.429446,0.182348,-0.049178,-0.234492,0.341574,0.271752,#
13,0.374493,0.205232,0.001908,-0.230678,0.595321,0.391163,0.61669,-0.346349,0.158413,0.0,0.31368,0.259495,0.31368,1.0,0.442536,0.442536,0.374493,-0.001973,0.197794,-0.440898,-0.207288,-0.180466,0.653751,-0.410475,-0.429792,-0.579618,0.443004,-0.370499,0.204214,-0.498785,-0.46676,0.201631,-0.652517,-0.019987,-0.334739,-0.332592,0.295928,0.453172,0.20795,0.10625,-0.191276,0.483175,-0.198875,0.181644,-0.332592,-0.30763,0.218699,0.373802,0.219648,0.182954,0.29639,-0.487514,0.61548,-0.389435,-0.597491,0.644211,-0.380578,0.664908,0.657657,0.437386,0.283421,0.323908,-0.108807,0.065643,-0.280305,0.43278,0.0,0.622377,0.360514,0.31994,0.589539,-0.164383,0.0,-0.215904,-0.001381,0.301625,-0.268914,-0.569928,-0.673589,-0.001319,0.405435,-0.397718,-0.01283,0.5787,-0.386325,0.181636,0.009243,-0.175252,-0.033347,-0.166358,-0.383876,-0.548735,-0.041758,0.153004,0.213136,0.227846,-0.310557,0.031606,-0.010927,-0.023827,0.563972,-0.442173,-0.509858,0.484087,0.486734,-0.37939,-0.310557,-0.131183,0.205695,0.192837,-0.012599,0.348305,-0.041909,0.197987,0.177604,-0.190201,-0.400846,-0.310557,-0.032989,-0.081711,0.192002,-0.498888,-0.509858,-0.653197,0.373802,0.166605,0.196361,0.207288,0.620631,-0.37939,-0.263413,0.295928,-0.386325,-0.814253,0.291844,-0.207446,-0.332592,-0.385542,-0.344833,0.291844,-0.198934,0.291844,-0.37939,-0.26674,-0.310557,-0.224672,-0.548735,0.443512,-0.670506,0.205695,-0.568599,-0.383876,0.615814,-0.385542,-0.029052,-0.010927,0.53,0.08847,0.291844,-0.022548,0.362243,-0.190201,0.809344,-0.010927,0.166605,0.627483,0.203196,-0.369865,-0.212125,-0.207446,0.051128,-0.240681,-0.256874,0.011549,0.21173,-0.043336,-0.215904,-0.310217,-0.036807,0.594669,0.586821,0.049746,0.072748,0.010932,-0.371896,-0.057839,0.513089,-0.046368,-0.142011,0.016119,-0.310557,0.016119,0.022568,0.641377,-0.358661,0.484151,-0.570747,-0.153854,-0.351436,0.001959,#
14,0.454405,0.347907,-0.201771,-0.099678,0.020698,0.193904,0.359709,0.209679,-0.11665,0.0,0.456832,0.094371,0.024115,0.442536,1.0,0.185373,0.454405,-0.17316,0.05617,0.117436,-0.532942,0.134192,0.126456,-0.0527,0.125137,-0.316579,0.379989,-0.011657,-0.381599,0.067817,-0.222526,0.055913,-0.532792,0.117436,-0.174521,-0.271567,0.373741,0.370023,0.350676,0.20866,-0.787788,0.116962,-0.29572,0.157634,-0.271567,-0.472036,0.543838,0.305216,0.078289,-0.367295,0.132389,-0.121723,-0.110894,-0.583282,-0.404269,0.427354,-0.513145,0.096017,0.413195,0.272567,-0.440856,0.354293,-0.393426,-0.112747,-0.352659,-0.261726,0.0,0.473961,0.279431,0.285675,0.481369,-0.071977,0.0,-0.118955,0.376072,0.279712,-0.417172,0.006937,-0.824972,0.222253,0.159774,-0.270032,-0.270032,-0.021653,-0.461658,0.505798,-0.548597,0.411356,0.222253,0.006937,0.230262,-0.145221,0.56029,-0.015541,-0.058057,-0.085902,-0.318854,-0.1343,0.159774,0.113278,0.429179,-0.230377,0.376072,0.061929,0.39133,-0.218374,-0.318854,-0.296481,0.348261,-0.021653,-0.47801,-0.271567,-0.155529,0.38049,-0.368794,-0.058057,0.160436,-0.318854,-0.275515,-0.01586,-0.3617,0.07663,-0.145221,-0.110894,0.305216,0.38049,-0.127719,0.532942,0.127881,0.170864,0.049173,-0.271567,-0.461658,-0.275615,0.230262,-0.533347,-0.271567,-0.224717,-0.125818,0.230262,-0.06702,0.230262,0.170864,-0.365687,-0.318854,-0.268042,-0.145221,0.058655,0.049173,0.77002,-0.688423,0.230262,-0.127719,-0.224717,-0.134465,0.554375,0.388869,-0.473288,0.230262,0.147761,-0.022408,0.356054,0.655848,0.554375,0.38049,0.419667,0.34584,-0.158417,-0.427517,-0.533347,0.132778,-0.338932,-0.054129,-0.567854,-0.059009,-0.145221,-0.533066,-0.27689,-0.415691,-0.046624,0.006808,-0.138628,0.248167,-0.126307,-0.232877,-0.230377,0.394568,-0.222977,-0.366772,-0.401275,-0.318854,0.09762,-0.239431,-0.118515,-0.190299,-0.404987,-0.355381,-0.289039,-0.760408,-0.40636,#
15,0.454405,-0.532942,-0.530873,-0.532821,0.45254,0.193904,-0.122184,0.209679,-0.11665,0.0,0.024115,0.094371,0.456832,0.442536,0.185373,1.0,0.454405,-0.569351,0.538769,-0.266133,-0.075632,-0.734966,0.126456,-0.011657,-0.270032,-0.316579,0.41435,-0.011657,-0.013176,0.067817,-0.207336,0.605017,-0.532792,0.166021,-0.174521,-0.271567,-0.271567,0.370023,0.783429,0.20866,-0.316579,0.07663,0.117935,-0.124331,-0.271567,0.035621,0.072149,0.305216,-0.390962,-0.367295,0.618245,-0.063136,0.346764,0.258208,-0.404269,0.262434,-0.437821,0.096017,0.110857,-0.096321,-0.390633,-0.291245,-0.393426,-0.112747,-0.531704,-0.261726,0.0,0.592451,0.279431,0.277442,0.481369,0.368571,0.0,0.329664,-0.108192,0.28171,0.069076,-0.431785,0.0472,-0.174282,-0.23676,0.158068,0.553237,0.430835,-0.464784,0.047577,-0.182419,-0.026775,-0.207165,-0.017436,-0.466646,-0.666468,0.091244,-0.431203,-0.118955,0.371003,-0.344361,-0.159188,-0.664244,0.17026,0.429179,-0.174282,-0.630252,0.132774,0.388947,-0.664852,-0.344361,0.600029,-0.532471,0.034665,-0.441911,0.427517,0.404568,-0.008055,-0.370843,-0.533066,0.160436,-0.344361,-0.251249,-0.04299,-0.363767,0.07663,-0.626552,-0.110894,0.305216,-0.040276,-0.066498,0.075632,0.122392,-0.275615,-0.405674,0.373741,-0.464784,-0.275615,0.227123,-0.07569,-0.271567,-0.664749,0.289672,0.227123,-0.533076,0.227123,-0.275615,-0.365687,-0.344361,0.24217,-0.666468,0.094475,-0.82364,-0.110712,-0.136832,-0.466646,0.364158,-0.664749,-0.136832,-0.269644,-0.006921,-0.033465,0.227123,-0.663924,-0.240556,-0.118955,0.653896,-0.269644,-0.040276,0.06225,-0.067746,0.279484,0.379118,-0.07569,0.162421,0.356698,-0.031095,-0.119394,0.359837,-0.147569,-0.084446,-0.238477,0.076221,0.410735,0.429541,0.15322,0.272261,0.4104,-0.626868,0.220319,0.394568,0.232557,0.063686,0.126403,-0.344361,-0.372492,-0.215666,0.364368,-0.165585,0.601337,0.117887,-0.041772,0.177277,0.106619,#
16,1.0,-0.218052,-0.404756,-0.218002,0.380139,0.461759,-0.21799,0.461759,-0.218159,0.0,0.623992,-0.499363,0.623992,0.374493,0.454405,0.454405,1.0,-0.407997,0.233491,-0.272101,-0.218052,0.266796,0.262425,0.196747,-0.272166,-0.500285,0.206817,0.196747,-0.33304,-0.166632,-0.407997,0.267767,-0.21799,-0.272101,0.469763,-0.111111,-0.111111,0.151394,0.471913,-0.267855,-0.500285,-0.166667,-0.218219,0.091747,-0.111111,-0.625855,0.271043,0.124879,0.23656,-0.508246,0.302944,0.194322,-0.218218,-0.403909,0.292474,0.215708,-0.972714,0.334282,0.41646,0.306994,0.045659,-0.120043,-0.914368,-0.494548,-0.018194,0.211056,0.0,0.291457,0.187866,0.238146,0.196951,-0.153847,0.0,-0.218103,0.117142,0.165126,-0.50881,-0.333153,-0.508822,-0.407661,-0.271774,-0.272166,-0.272166,0.308968,-0.994563,0.174855,-0.408008,0.28628,-0.407661,-0.333153,0.045404,-0.664634,-0.166571,-0.332704,-0.218103,0.465621,-0.52705,0.225473,-0.271774,-0.272014,0.329789,-0.407661,0.117142,-0.166571,0.123069,-0.272023,-0.52705,0.213567,-0.217859,0.308968,0.136744,-0.111111,0.129138,-0.332873,-0.508,-0.218103,0.377572,-0.52705,-0.271577,0.206973,-0.508338,-0.166667,-0.664634,-0.218218,0.124879,-0.332873,-0.218093,0.218052,0.294845,-0.272023,-0.508,-0.111111,-0.994563,-0.272023,0.045404,-0.218218,-0.111111,-0.271981,0.362739,0.045404,-0.218107,0.045404,-0.272023,-0.95968,-0.52705,0.20787,-0.664634,-0.166524,-0.508,-0.217859,-0.66523,0.045404,-0.218093,-0.271981,-0.66523,-0.271774,0.339624,-0.329261,0.045404,-0.271643,0.151879,-0.218103,0.237986,-0.271774,-0.332873,0.356938,0.494036,0.249738,-0.333333,-0.218218,0.689054,0.145942,-0.333144,0.111581,0.536379,-0.664634,-0.218103,-0.06614,-0.132342,0.275241,0.365337,0.301508,0.298696,0.21859,-0.236743,-0.407661,0.210157,-0.407998,0.351203,-0.128852,-0.52705,-0.128852,-0.237331,-0.196668,-0.374471,-0.1657,0.248911,-0.634909,0.141333,-0.166261,#
17,-0.407997,0.535155,0.581797,0.516111,-0.024607,-0.1982,0.102345,-0.199478,0.078222,0.0,-0.006138,-0.122299,-0.444577,-0.001973,-0.17316,-0.569351,-0.407997,1.0,-0.570935,0.2302,0.533787,0.31386,-0.099907,0.162727,0.23383,0.453969,-0.426359,0.20265,0.443225,-0.092707,-0.281089,-0.162962,0.533637,0.2302,-0.119337,0.271998,0.245844,-0.179855,-0.800557,0.254609,0.418712,-0.082384,-0.219159,0.683503,0.271998,0.097607,-0.538626,0.363019,-0.024626,0.361888,-0.158555,0.051439,0.071911,-0.304487,0.00306,0.262259,0.455885,0.430369,0.260997,0.140536,0.396283,0.241536,0.545941,0.101705,0.314337,0.302535,0.0,-0.582448,-0.270671,-0.366764,-0.336662,-0.398946,0.0,-0.364497,0.103859,-0.303169,0.332094,0.428931,-0.103799,0.584017,0.667179,0.249846,-0.166564,-0.010201,0.38247,-0.530434,0.603455,-0.37663,0.168206,0.428931,-0.266876,0.085416,-0.136396,-0.012384,0.115312,-0.355544,0.024811,0.191061,0.667179,0.228205,0.206142,0.126813,0.103859,0.388753,0.122826,0.68261,0.024811,-0.629504,0.535326,0.407264,0.150987,0.271998,0.090723,0.409277,0.338795,0.551682,-0.154048,0.024811,-0.169154,0.065769,0.801984,-0.101999,0.590145,0.089032,0.363019,0.001844,0.517461,-0.088964,-0.161225,0.27245,-0.101638,-0.407997,0.38247,-0.17854,-0.266876,0.534193,-0.407997,0.254249,-0.287454,-0.266876,0.098028,-0.266876,0.27245,0.50883,0.024811,-0.299166,0.085416,-0.139657,0.338795,0.090897,0.053423,-0.266876,0.063656,0.254249,0.612979,0.251368,0.018513,-0.067169,-0.266876,0.23315,0.020296,0.115312,-0.235086,0.251368,0.001844,0.006953,0.081297,-0.285632,-0.0,0.534193,-0.591098,-0.19383,-0.024645,0.133377,-0.345449,0.085416,0.071873,0.245976,-0.094699,-0.012958,-0.008698,-0.099357,-0.205846,-0.389531,0.266699,-0.288998,-0.3552,0.143008,-0.022331,0.378419,0.024811,0.397083,0.648402,0.084004,0.205536,-0.052339,-0.063193,0.515124,-0.212911,-0.610507,#
18,0.233491,-0.098831,-0.547694,-0.536121,0.635671,0.505656,-0.105601,-0.316287,0.386778,0.0,0.040294,0.124925,0.058714,0.197794,0.05617,0.538769,0.233491,-0.570935,1.0,0.046697,-0.026235,-0.40249,0.521846,0.212175,-0.386896,-0.432892,0.73147,-0.311973,-0.231978,0.308968,-0.098928,0.036512,-0.504699,0.063678,-0.368499,-0.508186,0.178552,-0.238882,0.421305,-0.290948,0.029995,-0.226624,0.103401,-0.685003,-0.508186,-0.135278,0.498289,-0.084903,-0.099258,0.034269,0.12556,0.2343,0.404618,0.010911,-0.169025,0.296399,-0.276284,-0.098813,0.212357,0.366399,-0.15752,0.229177,-0.185807,0.209139,-0.086211,-0.0591,0.0,0.495023,0.494157,0.437362,0.190568,0.374008,0.0,0.459362,-0.336665,0.570506,0.002132,-0.677109,0.072331,-0.142284,-0.394244,-0.353253,0.084108,0.634391,-0.255461,0.019506,-0.550868,-0.20372,-0.159081,-0.237515,-0.270201,-0.36521,0.288888,0.188417,-0.539206,0.476823,-0.31272,-0.499239,-0.847774,0.061728,0.045295,0.355709,-0.357178,0.310103,-0.392493,-0.813347,-0.31272,0.242984,-0.107193,0.195922,-0.09681,0.233491,0.169454,-0.262859,-0.434335,-0.997531,0.076784,-0.31272,0.518017,-0.472249,-0.484215,-0.226624,-0.344821,-0.530499,-0.084903,-0.279318,0.405465,0.027673,0.47661,-0.813347,-0.452127,0.206021,-0.255461,-0.322123,-0.242941,-0.512516,0.26096,-0.759819,-0.158431,-0.242941,-0.484786,-0.242941,-0.813347,-0.256391,-0.31272,-0.168857,-0.36521,0.288945,-0.452127,-0.107193,0.209205,-0.270201,0.405465,-0.759819,-0.400271,-0.411042,-0.303816,0.651757,-0.242941,-0.362551,-0.410003,-0.539206,0.30565,-0.411042,-0.279318,0.234811,-0.081976,0.452941,-0.222503,-0.512516,0.362786,0.481621,-0.264734,-0.306441,0.420664,-0.344821,0.001037,0.210933,0.316059,0.644175,0.641069,0.111812,-0.057435,0.759869,-0.329097,0.792441,0.730555,0.316085,-0.135878,0.324681,-0.31272,-0.20461,-0.330801,0.428698,-0.513392,0.329704,0.070328,-0.224412,0.286809,0.346816,#
19,-0.272101,0.330071,-0.220697,0.370462,-0.030002,0.142077,-0.113604,0.157577,0.353919,0.0,0.263726,-0.027138,-0.179138,-0.440898,0.117436,-0.266133,-0.272101,0.2302,0.046697,1.0,0.364634,0.034718,-0.395658,0.481816,0.579151,0.163748,-0.156985,-0.02226,-0.407101,0.622006,0.2302,0.028288,0.376672,0.575404,-0.220079,-0.272101,0.388339,-0.344919,-0.073292,0.083874,0.145942,-0.408152,-0.296601,0.114522,0.414756,-0.062929,0.041956,0.305817,-0.262763,-0.386413,-0.027116,0.378929,-0.102037,-0.228507,0.004814,-0.011372,0.215339,-0.389099,-0.261158,-0.211547,-0.428014,0.339217,0.326098,-0.338515,-0.151257,-0.571749,0.0,-0.486461,-0.48209,-0.565404,-0.063458,0.184111,0.0,-0.09334,-0.135544,0.253227,0.523468,0.405445,0.090732,0.221787,-0.285453,0.174716,0.174716,-0.012307,0.214662,0.059115,-0.166608,-0.40821,0.221787,-0.001658,0.231479,0.363221,0.602576,-0.040288,-0.534114,-0.533518,-0.313278,-0.582071,0.134555,0.573279,-0.148544,0.641795,0.377386,0.072127,-0.124651,0.162439,-0.313278,-0.48425,0.321655,-0.012307,-0.203052,-0.272101,0.408358,0.380354,-0.396566,-0.09334,0.613821,-0.313278,0.171358,-0.489637,0.059212,0.106991,0.363221,0.364912,0.305817,0.380354,0.339122,0.102651,-0.46429,0.162439,0.048313,-0.272101,0.214662,0.162439,-0.450157,-0.084742,-0.272101,-0.257739,0.089119,-0.450157,-0.534125,-0.450157,0.162439,0.357399,-0.313278,-0.472342,0.363221,0.068774,0.493191,0.321655,0.378198,0.231479,-0.119263,-0.257739,0.378198,0.554562,0.0051,-0.060018,-0.450157,0.122899,-0.566934,0.347434,-0.190177,0.554562,-0.031192,-0.442762,-0.110795,0.222227,0.007925,-0.084742,-0.436269,0.357399,0.394908,-0.607982,-0.116062,-0.146603,-0.534114,0.331803,0.071112,-0.06326,-0.03784,-0.480296,-0.199638,-0.154267,0.141114,0.221787,-0.148315,0.658578,-0.420652,0.054437,-0.313278,0.054437,0.129004,-0.141761,-0.204778,-0.405784,0.051572,0.480698,-0.115931,-0.407159,#
20,-0.218052,0.066565,0.122855,0.04053,0.245216,-0.071073,-0.427799,-0.123668,0.080152,0.0,-0.069453,-0.138442,-0.069453,-0.207288,-0.532942,-0.075632,-0.218052,0.533787,-0.026235,0.364634,1.0,-0.076191,-0.026123,0.387885,-0.106823,0.489524,-0.157098,0.387885,0.245524,0.250113,-0.373651,-0.05309,0.537254,0.346661,-0.082333,-0.218052,-0.218052,-0.488185,-0.427854,0.281096,0.489524,-0.327078,0.180816,0.294082,0.479714,0.335302,-0.505506,0.253239,-0.350905,-0.015112,-0.138332,0.318833,0.047583,-0.00175,0.216179,0.219636,0.354635,0.098878,0.149837,0.100411,0.228626,-0.204169,0.396231,-0.180485,0.411796,0.083965,0.0,-0.476646,-0.460137,-0.507413,-0.212358,0.053674,0.0,0.038412,-0.238826,0.219276,0.440027,0.207797,0.416061,0.106669,-0.088891,0.338273,0.338273,0.25671,0.202784,-0.540665,0.520845,-0.652921,-0.337787,0.225029,-0.50492,-0.225321,-0.32689,-0.205493,-0.428019,0.047505,0.0,0.06262,-0.106669,0.351099,-0.055132,0.533347,-0.217115,0.234436,-0.231214,0.342996,0.0,-0.218398,0.066506,0.25671,0.105716,0.508788,0.350901,0.200331,-0.074216,0.019755,0.369158,0.0,-0.049743,-0.007898,0.427541,-0.327078,0.31418,0.02855,0.253239,-0.235171,0.561537,-0.484215,-0.071215,-0.112957,-0.544991,-0.218052,0.202784,-0.112957,-0.533772,0.504378,-0.218052,-0.118951,0.079096,-0.533772,-0.428028,-0.533772,-0.112957,0.288721,0.0,0.116554,-0.225321,-0.326798,-0.055385,-0.427541,0.326373,-0.50492,0.057067,-0.118951,0.326373,-0.106669,-0.171887,0.232619,-0.533772,-0.112799,-0.396768,0.019755,-0.35094,-0.106669,-0.653252,-0.184111,-0.427991,0.493316,0.200608,0.504378,-0.282469,0.288721,-0.230381,0.31418,0.09966,-0.246901,0.038412,0.548608,0.283264,0.259273,0.268654,0.276127,0.108552,-0.140201,0.378744,0.106669,-0.134793,0.547001,0.195131,0.774164,0.0,0.255461,0.793386,0.085977,0.111347,0.269235,0.460566,0.40884,0.392929,-0.326282,#
21,0.266796,0.412482,0.296093,0.372375,-0.204611,0.112208,-0.043962,0.094676,-0.070292,0.0,0.41335,-0.470903,-0.048332,-0.180466,0.134192,-0.734966,0.266796,0.31386,-0.40249,0.034718,-0.076191,1.0,0.096772,0.149416,0.038649,-0.009204,-0.263084,0.193207,-0.207598,-0.21394,-0.125058,-0.485439,0.392611,-0.408631,0.540303,0.20942,0.180733,-0.292243,-0.515374,-0.408911,-0.047877,-0.202248,-0.250722,0.193058,0.180733,-0.489552,0.124178,-0.259552,0.599332,0.046823,-0.468995,0.21031,-0.546513,-0.580613,0.66084,-0.097424,-0.253935,0.165486,0.236556,0.380051,0.479798,0.202148,-0.270053,-0.210348,0.605815,0.475196,0.0,-0.391306,-0.125098,-0.079935,-0.376471,-0.524326,0.0,-0.489913,0.224062,-0.174798,-0.4972,0.203839,-0.435719,-0.106698,0.075741,-0.382973,-0.822162,-0.236313,-0.246448,0.05913,-0.099309,0.270487,-0.106698,-0.20424,0.505587,0.191767,-0.260778,0.222542,-0.029672,-0.002978,0.013608,0.385953,0.496756,-0.412896,-0.210032,-0.124241,0.759646,-0.260778,-0.346349,0.513722,0.013608,-0.476799,0.412823,0.203989,0.576767,-0.507773,-0.381894,-0.247216,0.031697,0.412159,0.082915,0.013608,0.052319,0.243367,0.004081,-0.223764,0.191767,-0.077,-0.259552,-0.247216,-0.08559,0.058175,0.129414,0.081125,0.031697,-0.507773,-0.246448,0.081125,-0.206154,-0.077,0.238108,0.531685,-0.06556,-0.206154,0.449334,-0.206154,0.081125,-0.339012,0.013608,-0.069773,0.191767,-0.264179,0.496223,-0.055918,-0.375336,0.505587,-0.56422,0.531685,-0.375336,0.058199,0.236756,-0.195527,-0.206154,0.515037,0.381635,-0.048082,-0.524579,0.058199,-0.230027,0.246707,0.429435,-0.096508,-0.679899,-0.077,0.372285,-0.310466,-0.27627,0.251891,0.010823,-0.340572,-0.029672,0.215165,-0.190665,-0.234513,-0.187676,0.119365,-0.034918,-0.271588,0.519129,-0.545256,-0.239937,-0.595228,0.222453,-0.201145,0.013608,0.331146,0.080715,-0.543321,-0.070975,-0.757239,0.078267,-0.465655,-0.08697,-0.236634,#
