0,1.0,0.204865,-0.041432,-0.209637,0.428895,0.05103,0.220324,-0.004762,0.344746,0.024715,-0.103591,0.261734,0.428148,0.073164,0.106152,0.053464,0.128692,-0.005106,0.156767,-0.25619,-0.316457,0.068304,0.162664,-0.242843,-0.123432,-0.237782,-0.256486,-0.061231,0.172702,0.122379,-0.352726,-0.016832,-0.172971,-0.174569,-0.325793,0.035287,0.160229,0.048712,0.132592,-0.048387,0.148589,-0.143455,-0.074822,0.108712,-0.05792,-0.036108,0.42487,0.167302,-0.01719,0.30443,0.04988,-0.054894,0.176312,-0.114799,0.041642,0.05241,-0.265356,0.117948,-0.165607,0.014517,0.147991,0.027601,0.02591,-0.062555,0.096612,0.291663,-0.03982,0.024128,0.230716,-0.142729,0.174052,-0.351163,-0.131714,-0.269263,-0.315238,0.231,-0.156592,-0.209205,-0.235716,-0.091947,-0.209568,-0.346334,-0.155992,0.000665,-0.151151,-0.10631,-0.373391,-0.230212,-0.03384,-0.320143,-0.088902,-0.100447,-0.089358,-0.018348,-0.115043,-0.131845,-0.356537,-0.247222,0.004007,-0.318472,0.094982,-0.413134,-0.13409,-0.227342,-0.222286,-0.115772,-0.192108,-0.075523,-0.194867,-0.057178,-0.007013,-0.074626,-0.009261,-0.345606,-0.39452,-0.351104,-0.198328,-0.209504,0.10691,-0.493507,-0.171669,-0.28438,-0.323013,-0.26351,-0.287235,-0.082499,-0.275739,0.050515,-0.039668,-0.227049,-0.09287,-0.156193,-0.054477,0.060022,-0.301499,-0.435283,0.011944,-0.382819,-0.02345,-0.351525,-0.242272,-0.222671,-0.272743,-0.172108,-0.326344,-0.107653,-0.364178,0.221888,-0.313491,-0.222488,-0.264186,-0.385118,-0.080525,-0.194783,-0.370827,-0.138043,0.311078,0.27081,-0.333029,-0.161956,-0.166088,-0.027702,-0.296137,-0.11608,0.084667,0.015637,0.134025,-0.067439,-0.202976,-0.301148,-0.059382,0.164053,-0.087598,-0.194913,0.234549,-0.080452,0.049387,0.21941,0.255593,-0.369828,0.085009,0.17601,-0.070288,0.048742,0.332242,-0.087817,0.259247,0.111988,-0.142908,0.37649,-0.196426,0.017068,0.304835,0.301396,-0.031733,0.167804,0.2551,-0.249962,-0.177312,0.062447,#
1,0.204865,1.0,-0.014952,0.148599,0.1318,-0.053533,-0.044019,0.023213,0.067182,0.151976,-0.22941,0.113834,0.054712,-0.011258,0.167521,-0.038173,-0.180939,0.128353,0.054029,-0.126269,-0.044748,0.217912,0.057273,-0.042229,-0.110523,-0.034854,0.080665,0.052876,0.196136,0.259043,-0.41088,0.180809,0.022152,0.122138,-0.183748,0.031054,0.290013,-0.087518,0.04237,-0.11203,0.191793,-0.002286,0.233755,0.077852,-0.246656,-0.234234,0.283065,0.220758,0.040409,0.254452,-0.006995,-0.124936,0.086491,0.041614,0.010638,-0.02983,-0.150432,-0.123938,-0.17114,0.015247,-0.100483,-0.0671,-0.050664,0.07315,0.059685,-0.112583,0.10417,0.132546,0.119936,0.067467,-0.043683,-0.187454,0.034114,-0.005147,-0.113665,0.061924,-0.136603,-0.079687,-0.113758,-0.204429,-0.097178,-0.23047,-0.188963,0.11939,-0.205357,-0.063959,-0.179693,-0.018695,-0.017308,-0.034391,0.157245,0.007961,-0.1453,0.174993,-0.272088,0.004228,-0.075887,-0.049964,-0.139122,-0.022348,0.063499,-0.109968,-0.246306,-0.1099,-0.457561,-0.188226,-0.312863,-0.052818,-0.081562,-0.138044,0.047173,0.215404,-0.073083,-0.225875,-0.017364,-0.048812,-0.094446,-0.152349,0.140593,-0.060213,-0.148713,-0.087251,-0.086702,-0.172939,0.059701,-0.101267,-0.149068,-0.039624,0.091303,0.104135,-0.145231,-0.145127,0.00698,0.135645,-0.147532,-0.052465,-0.164984,-0.198918,0.13967,-0.155112,-0.131519,0.099369,-0.033616,-0.267633,-0.114453,-0.258683,-0.080601,0.104484,-0.194599,-0.107884,-0.247678,-0.227681,-0.048307,0.022829,-0.093655,0.006108,0.035034,0.124948,-0.029616,-0.023516,-0.001423,0.003682,-0.107464,-0.05925,0.048646,0.257191,0.147099,-0.253725,-0.172208,0.003385,-0.29126,-0.032604,-0.159206,-0.033826,0.103538,0.181464,-0.015343,-0.012235,0.043656,-0.214853,-0.018667,0.012421,-0.100902,-0.097835,0.041854,-0.143735,0.115724,-0.142126,-0.208462,0.169314,-0.046921,0.142292,0.093815,0.129255,-0.04341,-0.050108,0.133895,-0.197427,-0.042928,0.048428,#
2,-0.041432,-0.014952,1.0,0.258722,0.002902,-0.360303,0.023566,-0.121471,-0.015269,0.22961,0.000926,-0.020943,-0.004486,-0.060583,-0.20752,-0.165486,-0.027811,0.201543,0.052719,-0.069525,-0.024141,-0.054738,0.003159,0.167656,-0.047374,-0.063422,0.135331,-0.305806,-0.069226,-0.067767,-0.046163,0.055121,-0.055042,0.095851,-0.249295,-0.089687,-0.078788,0.045113,0.071605,-0.260691,-0.134065,0.154201,0.028594,-0.154782,0.269322,-0.300442,0.102427,0.216792,-0.194996,0.12393,-0.171136,0.041007,-0.154284,0.279063,-0.18857,-0.242717,-0.133954,-0.000583,-0.10759,0.00048,-0.094897,0.094075,-0.229524,-0.224663,-0.017977,0.091317,-0.139564,-0.036729,-0.162363,-0.050682,0.12663,0.034195,0.024025,0.232308,-0.070556,0.232283,-0.035394,-0.098233,-0.125225,0.009879,0.02704,0.083614,-0.190777,0.258882,0.025124,-0.169317,0.005698,-0.011499,-0.177243,-0.124338,-0.019945,-0.361049,0.130495,0.057942,-0.214971,0.318858,0.187942,0.226721,-0.019105,0.050604,-0.169044,-0.160198,-0.060662,0.102471,-0.134328,-0.079415,0.096834,0.113995,-0.019575,0.24451,0.233738,0.083673,0.047778,0.044188,0.148941,-0.029587,-0.068641,-0.18586,0.048049,-0.010617,-0.248433,0.132891,0.106174,-0.035021,-0.077214,0.138849,-0.185224,-0.070329,0.065788,0.178772,0.306629,0.129167,-0.072294,0.018769,0.275914,-0.032141,0.280963,0.299903,0.012536,-0.210288,0.214595,0.351414,0.083972,-0.212509,-0.073393,0.140049,0.001288,-0.017932,-0.309462,0.165216,-0.065479,0.384739,0.262495,0.0214,-0.022913,0.009244,4e-06,0.08979,0.08871,-0.029898,0.231083,-0.074088,0.298873,0.094953,-0.019044,-0.053928,-0.200128,-0.259962,0.034532,0.059846,-0.026972,0.090114,-0.051363,0.03525,-0.146982,0.057094,-0.229544,0.019305,-0.213645,0.072058,0.063325,0.065867,-0.026849,-0.039938,-0.355062,0.154144,-0.054652,0.017841,0.028027,-0.090769,0.246604,-0.012818,-0.107651,-0.057449,-0.127942,-0.206636,-0.178782,0.080805,0.207493,-0.198194,#
3,-0.209637,0.148599,0.258722,1.0,-0.063775,-0.177528,-0.255882,-0.133101,-0.301148,-0.0964,0.152132,-0.314168,-0.234951,-0.238793,-0.056993,-0.109662,0.085207,-0.0533,0.043109,0.050952,-0.064409,0.045959,-0.224247,-0.005596,0.121127,0.18288,-0.079702,0.050861,-0.046572,-0.141292,0.117308,-0.056866,0.175742,-0.061242,-0.226951,-0.264886,-0.237042,0.05602,0.070122,0.213639,0.081026,-0.167735,0.08952,-0.024245,0.034853,0.085958,-0.200842,-0.264873,-0.026939,-0.072448,-0.2403,0.298567,-0.102597,0.258541,0.083208,0.178803,0.044956,0.057406,-0.062623,-0.203474,-0.134938,-0.102201,0.075965,-0.010094,-0.169088,-0.342505,-0.009076,-0.113717,-0.391193,0.130805,-0.070184,0.203349,0.242142,0.383786,0.067776,-0.044983,0.103118,0.070995,0.312425,0.10318,0.066782,0.100545,0.09626,0.015376,0.069966,0.034958,0.133393,0.171554,0.071863,0.070979,0.175414,0.194905,0.034612,0.021223,0.032991,0.157015,0.224361,0.338331,0.080264,0.161435,-0.020948,-0.00282,0.321714,0.165802,-0.114386,-0.034985,0.213317,0.142118,0.289275,0.204345,0.040641,-0.080849,-0.063649,-0.093743,0.051313,0.19863,0.408304,0.050572,-0.069463,0.376449,0.128227,-0.041987,0.226091,0.216556,0.272396,0.088613,-0.079074,-0.064056,0.111759,0.273407,0.020063,-0.004231,-0.052295,-0.180822,0.187051,0.281898,0.168832,0.069155,-0.166838,0.1668,-0.017972,0.279192,0.322833,-0.135563,0.064963,0.104151,0.027263,-0.2716,0.080544,0.248859,0.166867,0.456789,0.230726,0.137238,0.208855,0.173207,-0.143262,-0.383084,0.254011,-0.080652,-0.06628,0.07352,0.068135,-0.161409,-0.340555,-0.070361,0.038883,-0.237509,0.151482,-0.03368,-0.243982,-0.24458,0.056258,0.207919,-0.105301,0.079637,0.091842,-0.163858,-0.351784,0.322121,-0.451046,0.062416,0.014122,-0.055778,-0.102077,-0.127078,-0.115623,-0.144036,0.19915,-0.327627,0.198919,0.020019,-0.183078,-0.228631,-0.095376,-0.188631,-0.295537,0.164273,-0.277115,-0.079775,#
4,0.428895,0.1318,0.002902,-0.063775,1.0,-0.051822,0.121693,-0.089071,0.088656,0.204143,-0.163841,0.217414,0.294649,0.027138,0.046056,-0.133592,0.135575,-0.00165,-0.14683,-0.281529,0.042157,-0.007291,0.270208,-0.154848,-0.321217,-0.077621,-0.015149,-0.193488,-0.003581,0.231215,-0.175143,0.080731,-0.284107,0.020928,-0.358121,0.116068,0.074194,-0.285939,0.204267,-0.051847,0.101359,-0.118545,0.028061,-0.021378,-0.109411,0.013319,0.21295,0.292981,0.074948,-0.029796,0.01849,-0.468957,0.029773,-0.103012,0.195481,-0.281114,-0.376041,0.153456,-0.216861,-0.102151,0.120552,0.128952,-0.115187,-0.134291,0.04827,0.328655,-0.115241,0.174138,0.200394,-0.080088,0.066994,-0.506664,0.094208,-0.539078,-0.345446,0.299635,-0.444116,-0.358671,-0.348991,-0.142599,-0.260906,-0.408774,-0.345121,-0.085414,-0.358789,-0.378543,-0.602816,-0.17636,-0.153761,-0.209066,-0.330196,-0.224066,-0.288897,-0.129498,-0.326931,-0.35461,-0.394474,-0.065689,-0.062575,-0.135195,0.127257,-0.291695,-0.097763,-0.229134,-0.427418,-0.493518,-0.184822,-0.174512,-0.142981,-0.100097,0.073039,0.03915,-0.287229,-0.434667,-0.323326,-0.104522,-0.158833,-0.45071,-0.066166,-0.307105,-0.225123,-0.30056,-0.264113,-0.188588,0.015482,-0.021963,-0.479321,0.045588,-0.264722,-0.126553,-0.233104,-0.095057,-0.373015,0.044745,-0.217902,-0.427074,0.045128,-0.453222,-0.013722,-0.305267,-0.277376,0.001333,-0.024548,-0.167116,-0.508649,-0.27779,-0.231462,0.423152,-0.473766,-0.123621,-0.47355,-0.315441,-0.14833,-0.401903,-0.29869,-0.228048,0.198556,0.263787,-0.332167,-0.270513,-0.074889,-0.153931,-0.199998,-0.168281,-0.039598,0.25641,-0.027271,-0.139206,-0.259823,-0.177207,0.05262,-0.046978,-0.366326,-0.458134,0.10496,-0.224395,-0.184051,0.174691,0.136902,-0.304422,0.170374,-0.042135,0.118162,0.086319,0.335522,-0.120961,0.314797,-0.197007,-0.069999,0.314622,-0.152044,0.271681,0.37908,0.28964,0.054312,0.103894,0.20991,-0.319654,-0.392578,0.083733,#
5,0.05103,-0.053533,-0.360303,-0.177528,-0.051822,1.0,0.183241,0.251795,-0.082052,-0.064712,-0.068261,0.085191,-0.161963,0.447365,0.198194,0.042601,-0.032679,-0.126903,-0.09358,-0.169492,0.065882,0.079295,-0.012861,-0.370544,0.138433,-0.141664,0.040182,-0.046298,0.007173,0.066383,0.10454,0.207041,0.096106,-0.237199,-0.135711,0.033761,-0.058554,0.056754,0.099668,-0.013686,0.019542,0.067691,0.082249,0.280154,-0.103246,0.085582,-0.068011,0.007921,0.171951,0.08709,0.16947,0.035951,0.335396,-0.269959,-0.01819,0.118356,0.196708,0.17276,-0.065303,0.3041,0.209248,-0.045667,-0.092483,0.271644,0.089619,-0.045944,-0.140176,0.29797,0.040262,-0.157611,-0.174819,-0.147229,0.047382,-0.107812,-0.07143,-0.040762,0.216412,0.231397,-0.203108,0.002041,-0.056956,-0.08229,0.189945,-0.141008,0.001563,0.142282,0.006038,-0.173804,-0.074744,-0.190056,-0.021491,0.060134,0.043965,-0.243988,0.112219,-0.128553,-0.148874,-0.169148,0.083382,-0.241409,-0.025175,0.019352,0.090216,-0.324734,0.126867,-0.012653,-0.095745,-0.358408,-0.182831,-0.431661,-0.099041,0.129303,-0.136463,-0.112314,-0.152955,-0.180726,0.011912,-0.122893,-0.100541,-0.141597,0.003358,0.030448,-0.062983,-0.075545,-0.186642,0.039141,0.003573,0.069079,-0.104568,-0.185477,-0.04554,-0.183553,-0.058799,0.148506,-0.15124,-0.110888,0.089785,-0.178591,-0.125237,-0.025344,-0.150894,-0.299175,-0.389093,-0.227199,0.084345,-0.005323,0.006266,0.028422,0.251587,-0.120113,-0.062463,-0.102065,-0.088311,0.170327,-0.110322,-0.086837,0.244179,0.082712,-0.226712,0.135507,-0.155724,-0.05551,-0.031549,0.016428,0.05137,0.108088,0.38232,0.19227,0.035068,-0.102913,0.248325,-0.071467,0.13739,0.171926,0.317385,0.036017,0.033599,0.031634,0.250892,-0.148364,0.130491,0.03683,0.001977,0.10399,0.225603,-0.310908,0.081091,-0.000649,0.037764,0.267303,0.006709,-0.074044,0.17071,-0.179715,0.183588,0.189155,0.098262,-0.175948,0.053956,0.211086,#
6,0.220324,-0.044019,0.023566,-0.255882,0.121693,0.183241,1.0,0.257615,0.477758,-0.013465,0.227455,0.279729,0.133469,0.050296,0.095992,0.133206,-0.209297,-0.102989,0.142845,-0.068407,-0.014184,0.216975,0.161111,-0.317316,-0.105319,0.002817,0.11293,-0.34193,0.255129,0.090211,-0.298439,0.062586,-0.104934,-0.228566,-0.022515,0.107446,0.193451,-0.184053,-0.080751,0.065037,0.014924,0.125578,-0.27944,0.000176,-0.057651,-0.028226,0.053675,0.230049,0.086391,0.261889,0.222526,-0.067827,0.112052,-0.042318,-0.050957,-0.03259,0.072561,0.017137,0.035771,0.236149,0.239754,0.169302,-0.26372,0.178015,0.0842,0.000468,-0.074869,0.029635,0.204043,-0.260169,0.128776,-0.278957,-0.001586,-0.272538,-0.466673,0.243103,-0.193248,-0.291444,-0.493094,-0.211672,-0.158308,-0.296887,-0.103259,-0.404737,-0.302762,-0.034801,-0.190504,-0.120434,-0.41134,-0.096318,-0.107711,-0.286582,-0.123871,-0.107625,-0.494526,-0.032769,-0.228014,-0.455351,-0.209012,-0.165172,-0.118657,-0.234214,-0.244865,-0.320531,-0.084695,-0.07282,-0.131576,-0.171758,-0.371995,-0.099786,-0.003021,0.089055,-0.17171,-0.198626,-0.044209,-0.366762,-0.249223,-0.087611,0.027948,-0.440583,-0.161144,-0.17417,-0.052788,-0.439178,-0.227308,-0.024393,-0.332077,-0.017543,-0.216572,-0.248811,-0.181842,-0.206388,-0.229719,0.016452,-0.150829,-0.192432,0.078431,-0.196555,0.007226,-0.342596,-0.20965,-0.163633,-0.355625,-0.104174,-0.129772,-0.113989,-0.417668,0.484241,-0.047729,-0.289358,-0.150175,-0.328293,-0.343057,-0.078862,-0.178067,-0.248725,0.08055,0.373553,-0.052294,-0.216957,0.046553,-0.233878,-0.202889,-0.12945,-0.002289,0.349957,-0.087484,0.091282,-0.028643,-0.109034,0.007877,0.015284,-0.022033,-0.15267,0.361428,-0.342796,-0.216684,0.517043,0.346919,-0.29265,0.410385,0.309997,0.032579,0.105972,0.401949,-0.051434,0.048879,0.022788,-0.0883,0.387731,0.041212,0.117465,0.320055,0.094989,-0.128488,0.237595,0.498148,-0.257585,-0.098196,0.163453,#
7,-0.004762,0.023213,-0.121471,-0.133101,-0.089071,0.251795,0.257615,1.0,-0.042749,-0.212106,-0.272506,-0.144941,-0.073237,0.114053,0.199054,-0.204933,-0.05832,-0.025795,0.089145,0.031692,-0.101555,0.421169,-0.161632,-0.164841,-0.07083,0.211212,0.307858,0.08016,-0.345082,-0.058736,0.016393,0.358689,0.187867,-0.115489,-0.037934,0.024814,0.090647,-0.16324,0.129714,-0.161382,-0.076736,0.224154,0.226918,0.033653,-0.183848,0.100284,0.074748,0.044819,-0.195206,-0.027084,0.024085,0.022411,0.23887,-0.36607,-0.067215,0.20745,0.186056,-0.048669,-0.076288,0.193601,-0.10087,0.217265,-0.111261,0.335773,0.213251,0.159831,-0.066185,0.061071,-0.090829,-0.279014,0.128259,-0.041269,-0.124247,-0.009899,-0.146481,-0.236042,0.107679,-0.028582,-0.161194,0.086459,0.139959,-0.092121,0.18915,-0.178533,0.038738,0.338895,0.132206,0.134014,0.03748,0.095485,0.03833,0.060015,0.076652,-0.013179,0.12213,0.155735,-0.198516,0.095627,0.017494,-0.196008,-0.077874,-0.111349,0.038353,0.022421,-0.156102,-0.008619,0.097334,-0.302647,0.063421,-0.269535,-0.085531,0.174099,0.067174,-0.006065,0.050797,0.040708,0.063506,0.13213,0.033299,-0.093717,-0.063998,0.063141,-0.104828,-0.039712,-0.00298,0.120599,0.084193,-0.3045,0.084934,0.074065,-0.002941,-0.173106,0.062717,-0.047264,0.10353,0.000652,0.201981,0.04814,-0.024839,-0.179213,-0.165763,-0.296589,-0.046722,0.110001,0.114107,-0.17573,-0.001877,-0.005207,0.113856,0.118202,0.102819,-0.061097,0.192031,0.072848,0.313768,0.112362,0.09146,-0.07078,-0.222763,0.225681,0.14265,-0.049009,0.050849,0.089098,0.208494,0.039283,0.033169,0.146338,-0.080388,0.171643,-0.145127,-0.035468,0.107795,0.097306,0.085255,0.056835,0.029813,-0.037859,-0.018242,-0.213418,-0.060403,-0.093173,-0.079723,-0.090252,-0.090843,-0.101835,-0.043448,0.139454,-0.009405,-0.031936,0.086834,0.028666,-0.063539,-0.215753,0.120735,0.105129,-0.181317,-0.048172,0.05746,-0.129471,#
8,0.344746,0.067182,-0.015269,-0.301148,0.088656,-0.082052,0.477758,-0.042749,1.0,-0.017252,0.189008,0.139677,0.244942,-0.076048,0.280598,-0.082822,-0.167332,0.179201,0.269286,-0.037453,-0.141164,0.041055,0.32214,-0.040559,0.012029,-0.176143,0.013341,0.069385,0.377125,0.053983,-0.156853,0.08492,0.12116,-0.029899,-0.156553,-0.050719,0.385933,-0.156547,0.038219,-0.049582,-0.004321,-0.129113,-0.274371,0.012805,0.054224,-0.164028,0.298282,0.255331,0.138752,0.303082,0.083172,-0.094974,0.058506,0.120278,0.036311,-0.015675,-0.026911,-0.076449,0.055497,-0.012431,0.044596,-0.016099,-0.162312,0.044048,-0.058845,0.125353,0.199628,-0.158204,0.23475,0.153669,0.151706,-0.213373,0.075276,-0.095783,-0.218129,-0.035901,-0.094594,-0.315706,-0.259436,-0.149003,-0.031738,-0.224921,-0.170873,-0.073832,-0.126626,0.066226,-0.149764,-0.096114,-0.28293,-0.091969,0.064963,-0.087362,-0.302014,0.320291,-0.153911,0.147499,-0.133821,-0.324164,0.091588,-0.078361,-0.185302,-0.280966,-0.35092,-0.17829,0.098063,0.031233,-0.24008,0.16221,-0.17038,0.093256,0.13251,0.049293,0.058763,-0.086765,0.027531,-0.502804,-0.158582,-0.084873,0.253834,-0.372001,-0.140716,-0.113696,0.055106,-0.587068,-0.279264,0.046295,-0.104622,0.087097,-0.087131,-0.283178,0.110241,-0.099059,0.023075,0.015967,-0.014447,-0.104533,-0.221393,-0.087834,0.198017,-0.074118,-0.024952,0.028111,-0.364866,-0.172624,-0.224025,-0.056609,-0.08752,0.310339,-0.040782,-0.168033,0.051739,-0.229561,-0.171956,-0.133817,-0.082965,-0.152536,0.101941,0.44556,0.037515,-0.162419,0.133548,-0.112981,-0.11111,0.096553,0.121728,0.092917,-0.110839,-0.08389,-0.121881,0.067286,-0.171145,0.259584,0.038487,-0.289031,0.183797,-0.227359,-0.137075,0.313815,0.153599,-0.268289,0.278302,0.250864,-0.139552,-0.058863,0.086221,0.127993,-0.072702,0.080125,-0.294264,0.139734,0.109434,-0.114628,0.09988,0.080858,-0.138947,0.043243,0.320539,-0.175043,0.010433,0.031271,#
9,0.024715,0.151976,0.22961,-0.0964,0.204143,-0.064712,-0.013465,-0.212106,-0.017252,1.0,-0.121069,0.156744,0.297218,0.223345,-0.234307,-0.138752,-0.472717,0.321845,-0.099978,-0.009656,0.177431,-0.143194,0.136768,0.133034,0.112321,0.133818,0.093658,-0.265461,-0.017444,0.206691,-0.008166,-0.006233,-0.068124,0.251673,-0.288995,0.232147,0.031135,-0.165013,-0.13244,-0.197809,0.072894,0.289289,0.165702,0.177133,0.163819,-0.351966,-0.014671,0.447631,0.131955,0.089786,-0.222748,-0.167094,-0.013378,-0.017133,-0.118154,-0.467545,-0.096891,-0.052593,0.136081,-0.045073,0.010489,0.332572,-0.209961,-0.297325,0.053278,-0.012289,0.075302,0.2551,0.068605,-0.078933,0.051726,-0.168487,0.031415,0.006095,0.178823,0.197647,-0.224281,-0.37572,-0.018104,0.043752,-0.03338,0.01061,-0.171831,-0.099057,0.010098,-0.14792,-0.209056,-0.048955,-0.207233,0.126799,-0.195468,-0.016551,-0.223829,0.171833,-0.108878,0.191629,0.14483,0.006165,0.168742,-0.09181,-0.104806,-0.197728,0.022745,-0.028311,-0.166118,-0.11307,-0.183985,-0.188946,-0.16371,-0.064034,0.401942,0.093279,-0.031622,-0.15306,-0.055596,-0.000802,-0.205957,-0.249571,0.277322,-0.357246,-0.02278,0.123991,0.113504,-0.066663,-0.199557,0.07795,-0.202644,-0.075709,-0.072914,0.149022,0.062497,0.101628,0.01453,0.627354,-0.059738,0.100682,-0.087666,0.020015,0.350515,-0.190916,0.192252,0.058477,-0.049235,0.006357,0.017683,0.059886,0.138594,0.084623,-0.301148,0.174125,-0.504434,-0.01334,0.136003,0.060042,0.047496,0.150304,0.258185,0.322858,-0.057612,0.100918,-0.072519,0.027036,-0.082407,0.278139,0.059912,0.283571,-0.21552,-0.146291,-0.000838,0.029131,0.081329,-0.003804,-0.174292,-0.306323,0.131564,0.116541,-0.078209,-0.042309,0.194112,-0.015672,-0.005835,-0.05446,-0.303172,0.108774,-0.158099,-0.063271,0.095131,-0.129857,-0.314738,0.282274,0.045286,-0.140378,-0.090203,-0.00781,0.009397,-0.332537,0.01018,-0.01385,0.295089,-0.060723,#
10,-0.103591,-0.22941,0.000926,0.152132,-0.163841,-0.068261,0.227455,-0.272506,0.189008,-0.121069,1.0,-0.084163,-0.184987,-0.036939,0.184632,0.180218,-0.008068,-0.304775,0.114888,0.091107,-0.105604,-0.031146,-0.044656,0.144489,-0.055711,0.226447,-0.090643,0.071289,0.25072,-0.24258,0.097898,-0.115935,-0.087826,-0.184729,0.210999,-0.240629,-0.128762,0.156885,0.034474,0.325378,-0.224038,-0.11101,-0.286925,-0.045248,0.174455,-0.008373,-0.245916,-0.26564,0.209634,-0.108142,0.123194,0.250235,0.001848,0.335873,0.017067,0.249629,0.125958,-0.116939,0.051296,0.111966,0.174995,0.048469,0.087216,0.000392,0.075645,-0.133659,0.043645,-0.167537,-0.38606,0.064468,-0.065423,0.23998,0.252481,0.179434,-0.080002,0.153607,-0.059242,0.116514,0.046061,-0.059235,-0.07208,0.167479,0.059876,-0.064857,-0.069844,-0.036824,0.261393,0.099764,-0.182098,-0.107604,0.135462,-0.138837,0.197683,-0.134511,0.04278,0.200645,0.068579,-0.066458,-0.218388,0.136771,-0.017878,0.069082,-0.057179,-0.000265,0.219155,0.170163,-0.110405,0.130151,-0.138968,0.33667,-0.119808,-0.189732,-0.099082,0.275836,-0.062556,-0.140896,0.075047,0.067556,-0.1685,0.099264,0.185007,-0.094959,0.257989,0.124847,0.140205,-0.075916,-0.008299,0.072042,-0.041634,-0.095174,0.231548,-0.137939,-0.242949,-0.194296,0.180501,0.189077,0.085802,-0.063478,-0.094384,0.211096,0.037628,0.1796,-0.101839,-0.081521,0.021719,0.133759,-0.176671,-0.215148,0.351768,-0.130524,0.193162,0.157764,-0.27565,-0.017417,-0.032354,-0.112217,-0.258425,0.013882,0.248645,-0.051204,-0.121702,-0.263442,0.047262,-0.229997,-0.229278,-0.093929,0.023643,0.176711,0.323489,-0.284386,0.118301,-0.295895,-0.124856,0.198838,0.088699,-0.177938,-0.239013,0.074871,-0.100742,0.085647,-0.041252,0.214211,0.140193,0.290453,-0.034404,0.208351,-0.090659,-0.167884,0.304652,-0.095657,0.026246,0.205234,0.02317,-0.13593,-0.056546,-0.064025,0.115229,-0.016501,-0.130141,0.066084,#
11,0.261734,0.113834,-0.020943,-0.314168,0.217414,0.085191,0.279729,-0.144941,0.139677,0.156744,-0.084163,1.0,0.030742,-0.111692,-0.026775,0.351774,-0.035705,-0.152032,-0.243917,-0.349347,-0.023632,0.006473,-0.057661,0.061694,0.120197,-0.085787,-0.001303,-0.369971,0.164302,0.240797,-0.420522,0.001563,-0.230763,-0.008148,-0.072158,0.206324,-0.291666,-0.035763,-0.100699,0.08426,0.11907,-0.124296,-0.249866,-0.204589,-0.079881,0.026147,-0.014145,0.096798,0.022335,0.069579,-0.076768,-0.321354,-0.064146,0.012245,0.206222,-0.189416,-0.262174,-0.082166,-0.029494,0.204483,-0.16189,0.207946,-0.003538,0.067755,0.142948,-0.200579,-0.289059,0.013275,0.162053,-0.178733,0.05154,-0.266121,0.021055,-0.382093,-0.28149,0.00795,-0.328057,0.12504,-0.316138,-0.205755,-0.237646,-0.273847,-0.235134,-0.070795,-0.216085,-0.110205,-0.194339,-0.379675,-0.214293,-0.087211,-0.051988,-0.145377,-0.072408,-0.294982,-0.25319,-0.002863,-0.09493,-0.288467,-0.205665,-0.000418,0.016046,-0.167334,-0.110268,-0.218648,-0.077253,-0.296904,-0.058723,-0.101966,-0.321143,-0.041831,-0.244263,0.072205,-0.417417,-0.085518,-0.119802,-0.298578,-0.275863,-0.156658,-0.367978,-0.133697,-0.233895,-0.244693,-0.269657,-0.083433,-0.070234,-0.224109,0.039004,-0.152203,-0.161006,-0.153158,-0.239488,-0.155562,-0.099492,0.004507,-0.273353,-0.139089,-0.230763,-0.391161,0.083594,-0.228119,-0.012038,-0.000742,-0.238082,-0.1804,-0.346547,-0.228875,-0.216429,0.030791,-0.353001,-0.323694,-0.274781,-0.338568,-0.143928,-0.196397,-0.245574,-0.392275,0.122496,0.124223,-0.10685,-0.005313,0.013918,-0.100414,-0.006294,-0.201244,-0.202885,0.133238,0.069309,0.150426,0.112742,-0.308797,0.182561,0.07414,-0.171451,-0.188748,0.299267,-0.362652,-0.365695,0.130436,0.130266,-0.236843,0.416034,-0.007411,0.38098,0.149707,0.377685,-0.12976,0.13089,0.065035,0.087282,0.326794,0.052096,0.309247,0.332159,0.06308,-0.06189,0.189439,0.207926,-0.231401,-0.037568,-0.039132,#
12,0.428148,0.054712,-0.004486,-0.234951,0.294649,-0.161963,0.133469,-0.073237,0.244942,0.297218,-0.184987,0.030742,1.0,0.132906,0.14351,-0.087935,-0.093195,0.182524,0.078063,0.119114,-0.141239,0.141423,0.378359,-0.093146,-0.24083,-0.103258,0.09871,-0.112434,0.210649,-0.114355,-0.325938,0.155002,-0.049873,0.152875,-0.090313,0.054572,0.260656,-0.131786,-0.004849,-0.160073,0.215182,0.217304,-0.087707,-0.006224,0.127154,-0.063033,0.422455,0.33102,-0.016383,0.246223,-0.030639,-0.155183,0.154748,-0.103472,0.026783,-0.174873,-0.157694,0.227742,0.082984,-0.085012,0.170424,-0.033437,-0.221522,-0.052565,0.077248,0.292061,0.21513,-0.066513,0.32772,-0.209552,0.229486,-0.291062,-0.085473,-0.150435,-0.119588,0.166149,-0.079286,-0.450982,-0.097944,-0.196949,-0.172489,-0.203479,-0.244523,-0.25924,-0.02999,-0.066566,-0.274819,-0.078198,-0.223841,0.001481,-0.231375,-0.240923,-0.226836,0.092011,-0.115482,-0.094847,0.045839,-0.147138,0.093653,-0.552098,0.331628,-0.212566,-0.295095,-0.311086,-0.233556,0.02164,-0.229333,-0.099006,-0.23739,-0.016805,0.298043,-0.171151,0.061972,-0.327966,-0.188689,-0.25411,-0.460399,-0.063174,0.291403,-0.522925,0.015992,-0.321045,-0.01761,-0.313996,-0.163014,0.060285,-0.412652,0.104622,-0.195904,-0.166266,-0.061071,-0.005827,0.058943,0.129267,-0.168629,-0.091566,-0.0694,0.021296,0.101951,-0.394347,-0.286582,-0.174177,-0.199674,0.12806,-0.263837,-0.040944,-0.139812,0.342387,-0.440215,-0.003378,-0.112038,-0.240334,0.013115,-0.040176,-0.066627,0.105455,0.332737,0.376816,-0.267157,-0.207192,-0.219966,-0.043863,-0.348612,-0.025317,0.253988,0.139901,-0.082451,-0.091111,-0.319966,0.086959,0.096067,0.265524,0.058903,-0.269171,0.233989,0.081938,0.049338,0.300168,0.225306,-0.361265,0.159155,0.259599,-0.142157,-0.085045,0.056346,-0.13225,0.285659,-0.005519,-0.385351,0.370123,-0.103186,-0.062033,0.1145,0.246068,-0.045882,-0.02498,0.303319,-0.148515,-0.052182,0.111533,#
13,0.073164,-0.011258,-0.060583,-0.238793,0.027138,0.447365,0.050296,0.114053,-0.076048,0.223345,-0.036939,-0.111692,0.132906,1.0,0.027425,0.018579,-0.190198,0.103558,0.169759,-0.128229,-0.015051,0.015229,0.230659,-0.142866,-0.086383,-0.231776,0.204432,0.128467,0.112216,-0.142215,0.109913,0.190101,0.060484,-0.144158,-0.136546,0.150811,0.087194,0.111502,-0.084449,-0.40993,0.10242,0.276775,0.339375,0.31294,-0.142673,-0.325029,0.206337,0.219634,0.156165,0.023057,0.073759,0.088701,0.042211,-0.299166,-0.312252,-0.274118,0.178559,-0.013071,0.053794,0.025667,0.229069,0.279527,-0.135722,0.09676,0.161597,0.384438,0.233125,0.335177,0.139823,-0.083957,-0.059125,-0.21852,0.088004,-0.200713,0.006321,0.226305,-0.000876,-0.131344,-0.108799,0.025693,-0.155299,-0.143507,-0.027967,0.022535,0.00773,-0.044009,0.034868,-0.112707,-0.131833,-0.027092,-0.06353,-0.194997,-0.044402,0.058866,0.161569,-0.096363,-0.148029,0.031972,-0.031658,-0.287234,0.017304,-0.042219,-0.017869,-0.138046,-0.004764,-0.025155,-0.171617,-0.397475,-0.126139,-0.104706,0.134828,0.187823,-0.009685,0.074504,-0.053832,-0.017804,-0.309061,-0.116536,0.182354,-0.226476,-0.05421,0.03915,-0.082926,-0.024376,-0.022554,0.062277,-0.208035,0.020654,-0.024656,-0.12998,-0.042163,0.233679,-0.160655,0.337957,-0.099651,-0.196669,-0.112007,-0.012278,0.14725,-0.121626,-0.165754,-0.272024,-0.1292,-0.214827,0.00767,0.16552,-0.030463,-0.02508,-0.066488,0.048603,-0.106496,-0.008247,-0.220674,0.029956,0.124305,0.057328,0.287274,0.378102,-0.241028,0.098431,-0.029226,-0.14997,-0.005497,0.195428,0.081358,0.094925,0.18615,0.106158,-0.172451,0.174126,0.043373,0.176541,-0.244573,-0.106337,0.100349,0.157345,-0.088198,0.095441,0.353486,-0.192954,0.147476,-0.080434,-0.138734,-0.042474,0.08683,-0.105989,0.083917,-0.023573,-0.070636,0.152364,-0.056567,-0.20687,0.19982,0.128122,0.197126,-0.037648,0.201306,-0.207062,0.162017,0.031198,#
14,0.106152,0.167521,-0.20752,-0.056993,0.046056,0.198194,0.095992,0.199054,0.280598,-0.234307,0.184632,-0.026775,0.14351,0.027425,1.0,0.046283,-0.117406,-0.261752,0.00536,-0.036197,-0.203147,0.385651,0.201848,-0.065733,-0.124097,0.002883,0.026196,0.160114,0.296228,0.01659,-0.204648,0.388097,0.119948,-0.0007,-0.20228,-0.188955,0.043647,0.017514,0.362663,0.131814,-0.179471,0.156724,-0.087518,-0.013213,-0.120282,0.275243,0.354121,-0.174238,0.072106,0.138843,-0.025525,0.058333,0.076629,-0.235741,0.041924,0.266834,-0.059454,0.227589,-0.33945,0.214615,0.18971,-0.027021,0.006028,0.409539,0.203684,0.18756,-0.116797,-0.007992,-0.008811,-0.17358,0.185843,-0.095349,0.208291,-0.131651,-0.312933,-0.172543,-0.060953,0.080484,-0.20954,-0.307339,-0.134863,-0.237462,-0.123015,-0.234014,-0.225949,0.053052,-0.091132,-0.220487,-0.265188,-0.201286,0.003547,-0.024886,-0.015358,-0.021641,-0.074903,0.086256,-0.180047,-0.179398,-0.090592,-0.216633,0.048205,0.069558,-0.128179,-0.270611,-0.110821,0.122598,-0.241585,-0.069349,0.049917,-0.209048,-0.248028,-0.127897,-0.212741,0.02943,-0.320718,-0.226234,-0.176778,0.069309,-0.151694,-0.13246,-0.042105,-0.346836,0.036016,-0.092409,0.171542,-0.043497,0.053143,-0.074195,-0.241026,-0.227502,0.161504,-0.392688,-0.211807,-0.26713,-0.202715,0.012045,-0.040816,-0.202411,0.184174,-0.097727,-0.086598,-0.338095,-0.260285,-0.18848,-0.302389,-0.177424,-0.123644,-0.167266,0.028995,-0.208829,0.054397,-0.166383,-0.037539,-0.095535,-0.117807,-0.048709,0.131916,0.098672,-0.23039,0.006776,-0.275408,-0.230303,-0.051331,-0.308969,-0.111881,0.114716,0.01758,0.095917,-0.1067,-0.153499,-0.07561,0.056785,-0.108098,-0.042436,0.388827,-0.029827,-0.086632,0.023946,-0.055574,-0.23972,0.113314,0.32234,0.1484,0.06858,0.05126,-0.101618,0.221071,-0.013112,0.131443,0.010846,-0.225234,0.304496,0.012504,-0.063236,-0.070916,-0.163226,0.11125,-0.246614,0.054695,0.092558,#
15,0.053464,-0.038173,-0.165486,-0.109662,-0.133592,0.042601,0.133206,-0.204933,-0.082822,-0.138752,0.180218,0.351774,-0.087935,0.018579,0.046283,1.0,0.087215,-0.36653,0.200126,-0.076918,0.003419,0.077539,-0.201509,-0.167653,-0.185474,0.003057,-0.256281,-0.106845,0.181304,-0.025551,-0.371293,-0.071101,-0.130554,-0.13398,0.306228,0.09297,-0.224071,0.190906,-0.343822,0.111953,-0.037931,-0.161688,-0.096684,-0.112192,0.079004,0.065341,-0.024975,-0.318182,0.198464,0.080222,0.032461,0.034874,-0.097886,0.130698,-0.11197,0.074245,0.08757,-0.11126,0.060918,0.141243,0.074794,-0.01796,0.140393,0.262686,0.153169,-0.159794,-0.143209,0.063731,0.024003,-0.17229,-0.055735,0.051248,0.041741,-0.200853,-0.031378,0.093385,-0.251521,0.103501,-0.037048,-0.179342,-0.056169,-0.164009,-0.186387,-0.122166,-0.116599,-0.086955,-0.163597,-0.262079,0.061242,-0.044556,0.178842,-0.121642,0.290924,-0.452058,-0.099989,-0.08859,-0.145828,-0.473496,-0.466781,-0.015508,0.152291,-0.034706,-0.212333,0.030343,-0.046497,0.008318,-0.223301,-0.133837,-0.140483,-0.000109,-0.360214,-0.247409,-0.171367,0.155786,-0.234108,-0.006812,-0.142109,0.04469,-0.383647,0.159191,-0.077426,-0.051683,-0.12879,0.302077,0.085381,-0.188003,0.066177,-0.044179,-0.087724,-0.105732,-0.145014,-0.106557,-0.197025,0.023617,-0.235013,-0.092385,-0.130554,-0.35253,-0.173966,-0.083978,-0.075413,-0.190316,-0.10343,-0.04284,-0.334781,0.307531,-0.301955,-0.088892,-0.168186,-0.369616,-0.06532,-0.074238,-0.21196,-0.128533,-0.316012,-0.284969,-0.185469,0.002385,-0.11772,-0.055615,-0.482534,-0.247411,-0.073168,-0.337196,-0.239771,0.111854,-0.054794,0.191623,0.047274,-0.233889,0.060082,0.195298,-0.196133,0.053129,0.121214,-0.259339,-0.046312,0.0381,-0.200168,0.004683,0.187771,0.11557,0.473502,0.300648,0.34616,-0.050201,0.123007,0.005694,0.487092,-0.01072,-0.341767,0.296254,0.225188,0.165768,-0.121415,0.21394,0.395976,-0.013866,-0.172427,-0.050434,#
16,0.128692,-0.180939,-0.027811,0.085207,0.135575,-0.032679,-0.209297,-0.05832,-0.167332,-0.472717,-0.008068,-0.035705,-0.093195,-0.190198,-0.117406,0.087215,1.0,-0.250156,-0.066653,-0.156274,-0.319305,-0.092556,-0.202093,0.050905,-0.092951,-0.191718,-0.248192,0.087121,-0.144679,-0.174972,0.093776,0.09348,-0.030147,-0.315231,0.049196,-0.259441,-0.229088,0.153086,0.032214,0.164614,-0.043962,-0.223056,-0.109351,-0.045958,0.075697,0.208728,-0.098062,-0.249296,-0.242205,0.037589,0.164864,0.006111,0.012454,0.125746,0.177394,0.189133,-0.10288,0.102686,-0.25195,-0.004897,-0.075369,-0.280849,0.105259,0.189448,0.073383,-0.044842,0.035781,-0.152747,-0.122419,0.088359,-0.105684,0.150415,0.067694,-0.125922,-0.237184,0.080227,-0.000641,0.090689,0.112548,0.059628,-0.029788,0.009898,0.192394,0.230955,0.027829,-0.06264,0.073818,-0.073798,0.11542,-0.30006,0.17417,0.014656,0.209865,-0.321321,0.09018,-0.191206,0.035792,0.043459,-0.068847,0.003942,0.263001,0.034688,0.023634,0.105137,0.018355,-0.088514,0.319253,-0.04559,0.029261,0.249439,-0.266535,-0.14146,0.097122,0.07955,-0.104534,-0.001126,0.297626,-0.116006,-0.170462,0.366185,-0.080291,0.133699,-0.395565,0.117149,0.088444,-0.208517,-0.071736,0.14922,-0.176671,0.072518,-0.098508,-0.003723,0.014806,-0.244554,0.044972,-0.178853,0.132912,-0.330831,-0.505949,0.05561,0.015415,0.191655,0.062199,0.165773,-0.147936,-0.101919,-0.171534,-0.015032,0.031452,0.016427,0.244239,0.164793,-0.001566,-0.134216,-0.272924,-0.207611,-0.305076,-0.217338,-0.068658,-0.228297,-0.106192,-0.005955,0.06561,-0.260362,0.031391,-0.162237,0.072925,0.037649,0.131451,-0.039702,0.305128,-0.082515,0.024848,0.238863,-0.253648,-0.100534,0.034759,-0.242236,-0.243622,0.085748,-0.051053,-0.323757,0.448692,0.076583,-0.010143,0.062575,0.074299,-0.005905,0.214301,-0.200225,-0.013611,0.122699,0.080614,0.203802,0.056589,0.210114,-0.082478,0.164176,-0.326585,0.016882,#
17,-0.005106,0.128353,0.201543,-0.0533,-0.00165,-0.126903,-0.102989,-0.025795,0.179201,0.321845,-0.304775,-0.152032,0.182524,0.103558,-0.261752,-0.36653,-0.250156,1.0,0.134616,0.246283,0.20096,-0.064182,0.358122,0.149637,0.200265,-0.111585,0.257564,0.051409,-0.118763,0.028541,0.246896,0.042283,0.206973,0.305808,-0.232233,-0.016329,0.394812,-0.211482,0.167059,-0.336674,0.068558,0.307834,0.335447,-0.011498,0.10877,-0.369156,0.230509,0.472949,-0.046695,-0.061338,0.125209,-0.045013,-0.26973,-0.016675,-0.140954,-0.156131,-0.042413,-0.147862,-0.014345,-0.217516,-0.198927,-0.022071,-0.223217,-0.320377,-0.275568,0.09465,0.295576,0.04787,0.248649,0.291027,0.047182,-0.089573,-0.212321,0.241379,0.219642,-0.154984,0.114543,-0.3084,0.102436,0.090637,0.006946,0.099122,0.053404,0.194256,0.138462,0.130054,-0.171087,0.262227,0.078154,0.048317,0.132756,-0.013383,-0.208766,0.506028,0.24419,0.07687,0.152328,0.288505,0.216607,-0.117879,-0.260801,-0.183526,-0.16221,0.251757,0.038904,0.165448,-0.019881,-0.003065,0.042688,-0.069451,0.498847,0.216432,0.475425,-0.055825,0.25269,-0.023776,-0.092656,-0.168712,0.541345,-0.314226,0.015088,0.177215,0.069582,-0.407171,-0.311165,0.310306,-0.002328,0.054774,-0.065823,-0.046199,0.19289,0.203868,0.36409,0.231295,0.102989,0.022663,-0.167242,0.363118,0.354553,-0.079247,0.110684,0.185745,0.062895,-0.139074,0.036001,-0.033125,0.223141,0.285359,-0.21708,0.408619,-0.116425,0.081134,0.21534,0.16137,0.119326,0.241091,0.28087,0.113879,-0.086324,0.19274,0.342492,0.388217,0.115243,0.672628,0.234087,0.065634,0.030699,-0.143589,-0.389731,0.260377,-0.290261,0.227374,0.1264,-0.178313,-0.194821,0.184437,0.281478,0.069307,0.191715,-0.124253,-0.012811,-0.161337,-0.643037,-0.187681,-0.244424,0.092928,-0.059385,0.165718,-0.520846,0.129227,0.064739,-0.369129,-0.267276,-0.118871,-0.006317,-0.134465,-0.117111,-0.00563,0.268058,-0.316912,#
18,0.156767,0.054029,0.052719,0.043109,-0.14683,-0.09358,0.142845,0.089145,0.269286,-0.099978,0.114888,-0.243917,0.078063,0.169759,0.00536,0.200126,-0.066653,0.134616,1.0,0.023455,0.01204,0.124317,-0.116849,-0.074489,-0.388747,-0.125143,-0.117694,0.290999,0.205876,-0.319544,-0.073648,0.184346,0.066621,-0.112026,0.078056,-0.055037,0.284403,0.367103,-0.193626,-0.2014,0.143771,-0.062014,-0.043398,-0.017575,-0.110621,-0.220568,0.168455,-0.153686,0.062484,0.129956,-0.210628,0.331757,0.056486,0.071424,-0.290699,-0.08677,-0.069212,-0.14511,0.027665,-0.243179,0.121789,0.040336,0.084823,-0.039351,-0.037402,0.007884,0.339023,-0.163193,0.054475,-0.005692,-0.157387,0.075394,-0.054202,0.22193,0.087367,-0.089322,0.208498,-0.253753,0.117911,-0.074677,0.00202,0.095067,0.051086,-0.095077,0.016219,0.068322,-0.003489,0.156008,-0.063032,0.259256,0.377102,-0.036397,-0.046789,0.154386,0.132173,0.156513,0.030323,-0.033768,-0.018026,-0.123384,-0.067213,-0.069778,-0.169909,0.050595,-0.040317,0.235238,-0.176529,-0.064319,0.114674,-0.100706,0.019369,0.007687,0.256168,0.129114,0.051046,-0.08514,0.174881,0.210543,0.21691,-0.049393,0.215879,0.12366,0.20387,0.0245,-0.044538,0.226676,-0.073569,0.193473,0.23756,0.132881,0.22484,0.222201,0.026602,-0.015931,0.186707,0.148856,-0.104798,0.087761,-0.160906,-0.048045,0.004464,0.016358,-0.209465,-0.012591,0.160344,0.301071,0.12927,0.101119,-0.178678,0.062868,0.231006,0.211381,0.135941,0.02306,0.140379,0.065281,-0.007175,0.18245,0.079712,0.011061,-0.089674,0.019614,-0.049556,0.045784,0.392746,0.059364,0.084938,-0.049269,-0.098576,0.337857,-0.458946,0.451541,0.10405,0.082766,-0.056719,0.146351,0.097136,0.124158,-0.086475,0.030474,0.021971,0.090789,-0.156543,-0.011936,-0.004528,0.01786,0.120422,0.092941,0.012052,-0.266978,-0.065997,-0.173758,-0.02294,0.045501,-0.100041,0.016528,0.15761,-0.038874,0.056098,-0.07786,#
19,-0.25619,-0.126269,-0.069525,0.050952,-0.281529,-0.169492,-0.068407,0.031692,-0.037453,-0.009656,0.091107,-0.349347,0.119114,-0.128229,-0.036197,-0.076918,-0.156274,0.246283,0.023455,1.0,0.113532,0.204167,0.069691,-0.025326,-0.045731,0.160489,0.27541,0.131723,-0.190291,-0.082431,0.222086,-0.007755,0.395635,0.150879,0.307829,-0.241573,0.040022,0.08226,-0.062678,-0.043539,0.111266,0.232307,-0.173952,-0.1397,0.015913,-0.080078,-0.048443,0.068271,0.025473,-0.134542,0.142235,0.047947,-0.229897,-0.017202,-0.282176,0.183,0.016158,-0.051593,0.05118,-0.171883,-0.046905,-0.208095,0.007937,-0.096095,0.036457,-0.045097,0.238222,0.158857,-0.066572,0.194037,0.052305,0.069088,0.039323,0.215046,0.267856,-0.18125,0.330124,-0.058767,0.156792,0.148894,0.098049,0.227438,0.079122,-0.193919,0.3496,0.288385,-0.010546,0.352154,0.100812,0.165576,0.102475,-0.057933,-0.225137,0.209015,0.170047,0.301787,0.378127,0.066127,0.1436,0.016178,-0.034094,-0.11559,-0.145413,0.17304,0.149166,0.319031,-0.016537,0.350549,0.01195,0.11989,0.441773,-0.216963,0.236301,-0.115463,0.184474,0.1647,0.210953,0.106038,0.214055,-0.068006,0.130565,0.127288,0.197899,-0.051186,-0.177056,0.263752,0.03941,0.122684,0.104963,0.107019,0.081543,0.147223,0.116766,0.076151,0.166433,0.12665,-0.164656,0.344517,-0.0366,0.314976,0.267367,0.017095,0.078095,0.065432,0.077321,0.035724,0.240993,-0.036724,0.254235,0.271475,0.152148,-0.059392,0.338056,0.329505,0.208236,0.492911,0.037243,-0.274518,0.331328,0.188695,0.019688,0.117078,-0.071935,0.406543,0.090851,-0.068206,0.086872,0.08324,-0.180462,0.299699,-0.124797,-0.276977,0.336703,0.102203,-0.120762,0.30283,0.282922,0.010517,0.013218,0.212984,-0.05186,-0.012897,-0.434522,-0.118901,-0.211089,0.232221,-0.076366,0.022391,-0.274613,0.070661,0.044502,-0.166323,-0.344644,-0.355373,-0.186052,-0.040325,-0.1275,0.185338,0.047714,-0.007513,#
20,-0.316457,-0.044748,-0.024141,-0.064409,0.042157,0.065882,-0.014184,-0.101555,-0.141164,0.177431,-0.105604,-0.023632,-0.141239,-0.015051,-0.203147,0.003419,-0.319305,0.20096,0.01204,0.113532,1.0,-0.299211,0.070622,-0.111323,-0.012179,0.151165,0.088786,-0.108504,-0.14028,0.160147,0.037868,-0.056778,-0.034824,0.263864,-0.00464,0.043768,-0.04471,-0.139846,-0.029024,-0.101782,0.013663,-0.087729,0.199485,0.063151,0.037139,0.008865,-0.223282,0.095503,0.122083,-0.327191,0.031049,-0.153871,-0.144356,0.033985,-0.18323,-0.01697,0.156797,-0.057772,0.143314,0.080962,0.028765,-0.00487,-0.134565,-0.19365,-0.358694,-0.039671,-0.204748,0.233964,0.084784,-0.017425,0.097113,0.051293,-0.174037,0.199855,0.255864,0.03135,0.172311,0.13555,-0.016253,0.022856,0.069575,0.085222,0.052271,-0.030881,-0.021924,-0.123214,-0.074411,0.292361,0.103138,0.285531,-0.076163,0.031675,0.016313,-0.053487,-0.146725,0.086071,0.064287,-0.042846,-0.040805,0.32904,-0.116397,0.132999,0.033476,0.059396,-0.02531,-0.000445,-0.132804,-0.005898,0.187968,-0.334164,0.143449,-0.013996,-0.001514,-0.075966,0.230168,0.167122,0.13274,0.133719,-0.051808,-0.03188,0.221793,0.20155,0.206211,0.03594,-0.053211,0.059173,0.099828,0.220442,0.080284,0.099679,0.120105,0.086378,-0.127043,0.015148,0.152033,0.199864,-0.204783,0.261395,0.127803,0.1659,0.063844,0.016876,-0.022803,-0.105677,0.105037,0.124265,0.434046,0.16968,-0.040845,0.01565,-0.212942,0.074179,0.117446,-0.032274,0.045571,0.004037,-0.016882,-0.004368,0.112454,0.023817,-0.039089,0.019702,0.123763,0.078225,-0.082252,0.154664,0.059682,-0.056616,-0.055898,0.264327,-0.190212,-0.077207,-0.158701,0.048909,-0.040215,-0.038589,0.055928,0.091441,-0.05202,-0.005314,0.094262,-0.196516,-0.129427,0.100668,0.166987,-0.269087,0.018057,-0.104593,0.025091,0.030152,0.018222,0.023932,-0.198159,-0.28177,0.002714,-0.039555,0.000677,0.022513,0.116775,0.085467,#
