0,1.0,0.244062,-0.072652,-0.088868,0.263304,0.147429,-0.012019,-0.12826,0.167487,0.14338,-0.176415,-0.026693,0.041396,0.178788,0.299697,0.01517,0.102649,-0.054419,-0.133349,-0.121162,-0.094056,-0.100839,-0.150314,-0.115987,0.185165,-0.421831,0.118836,-0.163156,0.217595,0.155221,-0.382523,-0.006387,-0.125881,-0.108943,0.112768,0.170771,0.049732,-0.177977,-0.07973,0.162721,-0.028682,-0.073671,-0.368121,-0.099665,0.229322,-0.230528,0.163148,0.021711,0.047741,-0.013987,-0.038868,-0.193935,0.073582,-0.013549,0.131132,-0.000526,-0.107381,0.071567,-0.137627,0.26416,0.185569,0.336676,0.120942,-0.253905,-0.221889,-0.036164,-0.009519,0.044396,0.103553,-0.08805,0.035005,-0.116721,0.066194,-0.055002,-0.087388,0.118288,-0.204164,-0.2842,-0.105604,-0.077205,0.003322,-0.20757,-0.069447,-0.327136,-0.142106,0.003922,-0.198213,-0.072759,-0.074251,-0.368888,-0.106204,-0.311743,0.018184,0.020169,-0.065814,-0.091482,-0.064662,-0.031162,-0.057769,-0.16366,-0.032885,-0.212048,-0.159245,0.0465,-0.038343,-0.119256,0.002154,-0.107002,-0.052934,-0.414929,0.077002,-0.084607,-0.066814,-0.241202,-0.218226,-0.369129,0.023925,-0.140724,0.115439,-0.267606,-0.020388,-0.058369,-0.252078,0.02636,0.114756,-0.106058,-0.029894,0.08935,-0.191022,-0.05781,-0.036239,-0.188969,-0.347554,0.048558,-0.004139,-0.183081,-0.014548,-0.173763,0.112441,-0.182628,-0.060362,-0.334004,0.056353,-0.462931,-0.254078,-0.192269,-0.118425,0.211271,-0.102368,-0.049474,-0.33449,-0.04371,0.168014,-0.280356,-0.032672,0.062194,0.098122,0.128011,-0.078882,-0.073565,-0.195868,-0.136468,0.154366,-0.052336,-0.145165,0.181291,0.054022,0.276951,-0.137285,-0.310938,0.148996,0.0289,-0.001643,-0.025272,0.115712,-0.210092,0.02503,0.033609,0.222498,-0.334565,0.097866,0.076915,-0.023064,0.147084,0.109357,-0.165393,0.331779,-0.180625,0.087569,0.177085,-0.345071,0.063991,0.072715,0.151644,-0.152187,0.064007,-0.098018,-0.216708,0.056738,-0.071349,#
1,0.244062,1.0,-0.19235,-0.065218,0.230486,0.302539,0.173916,-0.312705,0.170767,0.165326,-0.003668,0.000908,0.10192,0.239649,0.17429,-0.083939,-0.189357,0.182164,-0.164298,0.11147,0.170992,0.400214,0.249892,-0.065382,0.054241,-0.291365,0.290827,-0.054889,0.263507,0.338979,-0.426543,-0.185407,0.039564,-0.390296,-0.139909,0.155694,0.22603,-0.592205,-0.042362,0.190943,0.172682,0.225719,0.058376,-0.01546,0.020027,0.070947,0.121317,0.268861,-0.012376,0.020548,-0.201966,-0.447992,0.086783,-0.297737,0.037485,-0.012113,-0.098205,0.310111,0.104333,0.301071,0.234753,0.127349,0.178766,0.048135,-0.023077,0.271967,-0.056927,0.310904,0.392234,0.018288,-0.301273,-0.241645,0.142774,-0.192821,-0.277639,0.137666,-0.326967,-0.097003,-0.277977,-0.121688,-0.144559,-0.635903,-0.304268,-0.231007,-0.077939,-0.230152,0.029627,-0.381634,-0.099004,-0.1236,-0.27514,-0.218396,-0.121018,-0.045151,-0.307683,-0.187455,-0.343941,-0.361578,-0.131715,-0.329619,0.108626,-0.172215,-0.120805,-0.079655,0.045233,-0.151991,-0.344954,-0.497386,0.034364,-0.118612,0.070464,-0.102466,-0.389699,-0.306542,-0.050819,-0.159868,-0.216745,-0.064861,0.063043,-0.327062,-0.143259,-0.278744,-0.347981,-0.290865,-0.012086,-0.111263,0.088169,0.275295,-0.173802,-0.255843,-0.148175,-0.29393,-0.221568,-0.157104,-0.301501,-0.376502,-0.211385,-0.319315,0.248334,-0.649311,-0.253376,-0.275703,-0.149107,-0.219034,-0.03325,-0.202628,-0.121483,0.29812,-0.110153,0.037737,-0.40846,-0.277714,-0.162728,-0.199109,-0.11916,0.032114,-0.020403,0.41784,-0.169643,-0.282132,-0.128365,-0.073592,-0.198752,0.115017,-0.142021,0.431199,-0.063104,-0.190207,-0.170994,-0.305043,-0.008898,0.017638,-0.325816,-0.107422,0.200393,-0.367859,-0.289281,0.02744,0.462975,-0.36948,0.424577,-0.077649,-0.178273,0.343813,0.431735,-0.295219,0.039689,-0.081194,-0.086188,0.484867,-0.356646,0.438105,0.385129,0.311073,0.064743,-0.23457,0.033943,-0.230884,-0.127095,0.110965,#
2,-0.072652,-0.19235,1.0,0.189827,-0.047128,-0.06636,0.108447,0.076346,0.266836,-0.114012,0.010063,0.201769,-0.398348,0.037113,-0.209141,-0.325823,-0.185355,0.261493,0.022863,0.178981,-0.234619,-0.162059,-0.038853,0.08185,0.156873,0.014433,-0.133561,0.053369,0.134405,-0.17384,0.132857,0.171969,-0.225153,0.144504,-0.080218,-0.085414,-0.003613,0.020007,-0.147585,-0.300547,-0.212267,-0.008429,-0.028031,-0.000431,-0.093434,-0.116637,0.079808,-0.078873,-0.136466,0.344568,-0.003822,0.260217,0.018125,0.121411,-0.1767,0.003987,0.077566,-0.132603,-0.366915,-0.109877,0.234157,0.066554,0.019111,-0.056893,-0.041074,0.016128,0.133069,-0.054551,-0.175144,0.266303,0.275542,0.156273,0.097991,0.162974,0.04913,0.044772,-0.05899,-0.073977,-0.013641,-0.021961,0.208786,0.141332,-0.07145,0.358744,0.105976,0.173541,-0.110065,0.089439,0.061675,-0.10131,0.160695,0.191918,0.090402,0.20408,-0.009483,0.017277,0.191409,-0.040433,0.312638,0.212881,-0.23566,-0.083119,-0.010714,0.287068,-0.011482,0.12384,0.302187,0.271431,-0.016208,0.081625,0.119264,0.146618,0.088485,0.325202,0.129848,0.213273,-0.234926,0.042803,0.114948,0.311383,0.026109,0.252034,0.277844,-0.088107,-0.169574,0.169493,0.079848,-0.349978,-0.273066,0.044432,0.285882,0.084384,-0.040439,0.147059,0.077963,0.17708,0.131569,0.357342,-0.114418,0.171479,0.401247,0.117128,-0.044806,-0.114967,0.154004,-0.020024,0.204039,0.006703,0.039327,0.08698,0.246223,0.147926,0.242207,0.436767,0.200017,-0.008691,0.017947,0.028645,0.37022,0.176347,0.053685,-0.031515,0.393979,0.193443,0.193556,-0.152658,0.02275,-0.144743,0.167766,0.038344,-0.004316,0.06283,0.085929,0.062578,-0.128762,0.182144,0.234047,0.267954,-0.212192,-0.148256,-0.09586,-0.001136,0.139733,-0.231823,-0.123789,0.340199,0.002193,0.03942,-0.233674,0.047809,0.075341,-0.273269,-0.058566,0.009869,-0.240132,-0.040014,-0.028194,-0.121865,0.077885,0.063005,#
3,-0.088868,-0.065218,0.189827,1.0,-0.034851,-0.142446,0.072405,0.137705,-0.188209,0.168808,0.013958,0.002438,-0.035574,-0.195831,-0.112507,0.023781,-0.09528,0.01843,-0.248055,0.16178,-0.124348,0.015412,-0.26411,0.142193,0.173376,0.023513,-0.284937,-0.117285,-0.089657,-0.190227,0.249057,-0.191453,0.143387,0.332872,0.096329,-0.170802,0.097243,0.201554,-0.15724,0.001957,-0.030793,-0.038751,-0.069576,-0.125265,0.301658,0.096131,-0.38926,-0.296307,0.162964,0.137453,0.165924,0.14381,0.185491,0.067344,-0.103547,-0.070697,-0.003259,0.105362,-0.125059,-0.20773,-0.119046,0.175649,0.18997,0.143362,-0.031847,-0.225408,-0.127192,-0.298988,-0.338877,0.04429,-0.138963,0.051483,0.271498,0.168991,-0.005927,-0.049857,0.048268,0.329084,0.304026,0.008753,0.255493,0.248405,0.061953,0.021987,0.124574,0.065991,0.266968,-0.088389,0.146302,-0.147479,0.137845,0.099594,0.385199,-0.004101,0.069301,-0.166416,-0.113696,0.116271,0.218859,0.326873,-0.099002,0.058575,0.395389,0.300358,0.153066,0.132673,0.003388,0.050449,-0.196711,-0.02007,-0.174896,-0.131672,0.145519,0.308059,-0.020111,0.399586,0.310527,0.032087,-0.097091,0.144423,0.212362,0.123062,0.081497,0.227227,-0.047985,0.08587,0.053217,-0.137583,0.032412,0.318344,-0.003331,0.000621,0.290201,0.355474,0.152043,0.437081,0.171969,0.173253,-0.280584,0.160955,0.111863,0.178564,0.126726,0.080025,0.305059,0.198131,-0.046357,-0.183379,0.226289,-0.102833,0.004617,-0.062085,0.031441,0.34189,0.249539,0.260975,-0.241253,-0.084684,0.250265,0.229678,0.352044,0.137577,0.144965,0.103434,0.013423,-0.234865,0.05599,-0.213305,0.347096,0.232198,-0.005613,-0.255682,0.126293,0.130995,-0.220153,0.168101,-0.049129,-0.068731,-0.372268,-0.185653,-0.168664,-0.28331,0.118752,-0.060121,-0.286135,0.08392,-0.408808,0.028575,0.073409,-0.328389,0.032806,-0.127103,-0.294471,-0.016728,0.09234,0.06072,-0.135658,0.136165,0.110329,0.144147,#
4,0.263304,0.230486,-0.047128,-0.034851,1.0,0.113658,0.154181,-0.034593,0.222612,0.048841,-0.108022,0.150748,0.137271,0.116687,0.027009,-0.012361,0.203917,0.101851,0.125161,0.080378,0.202526,-0.136161,0.345004,0.048552,-0.188721,-0.354779,0.194356,-0.058964,0.246859,0.084396,-0.204734,0.051896,-0.035925,-0.106396,-0.040057,0.092124,0.179049,-0.381631,-0.145066,-0.056202,0.137121,0.1569,-0.191321,-0.266553,0.204814,-0.073393,0.117285,0.35926,0.237223,0.000243,0.084319,-0.385278,0.364174,-0.347946,-0.112667,-0.090226,-0.107434,0.019849,0.223418,0.051725,-0.061555,0.284483,-0.040725,-0.130844,-0.175066,0.179126,0.108143,0.027066,0.238746,0.027535,0.044519,-0.235555,0.102167,-0.20774,-0.184789,0.163075,-0.170786,-0.3178,-0.258907,-0.117748,-0.205499,-0.242066,-0.251591,0.272974,-0.241709,-0.022281,-0.22673,-0.160219,0.122333,-0.255317,-0.289144,-0.293338,0.004416,-0.302512,-0.183909,-0.27967,-0.366592,-0.306506,-0.244155,-0.196782,-0.128754,-0.238813,-0.263819,0.107734,-0.100369,-0.241381,0.02583,-0.252982,-0.038611,-0.086684,0.286983,0.138308,-0.006977,-0.32662,-0.121549,-0.021197,-0.01195,-0.264196,0.258814,-0.277089,0.088886,-0.237635,-0.313616,-0.551291,0.016988,0.061804,-0.00349,0.211337,0.096532,-0.415795,-0.042518,0.067192,-0.047508,-0.012629,-0.262585,-0.097815,-0.186276,-0.282496,0.085381,-0.20701,-0.16379,-0.117166,-0.256491,-0.209942,-0.235559,-0.030217,0.095578,0.165081,-0.363279,-0.20229,-0.315618,-0.058964,0.233162,-0.359574,0.068777,-0.214405,0.03782,0.374666,-0.200101,-0.163906,0.12532,-0.145508,0.068051,0.0235,-0.064314,0.161592,0.205839,0.002104,-0.105423,0.033666,-0.058115,0.319717,-0.258441,-0.068238,0.110937,-0.104931,-0.212889,0.132302,0.263685,-0.208061,0.307423,-0.058425,-0.061,0.028953,0.015281,-0.051991,0.041849,-0.053377,-0.141817,-0.018576,-0.083612,0.121348,0.177058,0.266876,-0.229173,0.163999,0.231168,-0.091085,0.046606,0.131936,#
5,0.147429,0.302539,-0.06636,-0.142446,0.113658,1.0,0.2111,0.01776,0.395827,-0.003837,0.21323,0.094422,-0.046407,0.220108,0.038265,0.031367,0.056662,-0.119487,0.024583,-0.089325,0.030844,0.28833,0.327623,-0.326627,0.053587,-0.421414,0.179184,-0.123758,0.05396,0.251458,-0.295393,0.107975,-0.170016,-0.216455,-0.179079,0.23354,0.130977,-0.131184,0.210898,-0.113708,0.165454,0.076822,0.167923,-0.179462,-0.326065,0.040424,0.2442,0.020618,0.125506,0.02027,0.031755,-0.035865,0.044581,-0.259988,0.231888,0.244086,-0.484923,0.354062,-0.178057,0.272825,0.205124,0.032671,0.083671,0.021212,-0.066458,0.11961,-0.002092,0.298622,0.187695,0.044505,-0.114771,-0.154968,0.019586,-0.386334,-0.278584,0.24864,-0.187659,-0.102449,-0.105852,-0.245118,-0.237139,-0.417418,-0.018671,0.180185,-0.301567,0.02862,-0.20611,-0.155176,-0.056386,-0.188767,0.008184,-0.24015,-0.039922,-0.079443,-0.178257,-0.122548,-0.006728,-0.144359,-0.078208,-0.386878,0.162674,-0.148633,0.097415,-0.219824,-0.150727,-0.310178,0.059902,-0.266314,0.087793,0.059967,-0.064062,-0.142022,-0.210259,-0.352495,-0.001604,-0.285852,-0.197889,-0.240263,0.163031,-0.095895,-0.094473,-0.284973,-0.263094,-0.18442,0.068617,-0.013396,0.214709,0.304592,-0.204031,-0.262928,-0.203962,0.038345,-0.20446,-0.355322,-0.112326,-0.118345,-0.004284,-0.22847,0.133234,-0.444831,-0.30444,-0.217028,-0.259232,-0.189024,-0.130641,-0.297058,-0.040942,0.270178,-0.235749,-0.240869,-0.153959,-0.103029,0.146843,-0.24961,-0.177332,-0.155069,0.20215,0.109507,-0.164314,-0.085718,-0.151371,-0.087703,-0.118668,-0.040471,0.090361,0.181924,-0.123497,-0.205144,-0.242798,-0.242142,0.19424,0.118404,-0.006205,-0.14552,0.262087,-0.261947,-0.212881,0.303965,0.292456,-0.074116,0.252456,0.082827,-0.103533,0.337987,0.154771,-0.115186,0.094938,0.040015,-0.110381,0.396794,-0.241374,0.213622,0.142352,0.367997,-0.026024,0.156663,0.111401,-0.215205,-0.177642,0.096831,#
6,-0.012019,0.173916,0.108447,0.072405,0.154181,0.2111,1.0,-0.08626,0.209683,0.105659,0.255187,-0.038054,0.032453,0.075613,0.106991,0.129712,-0.020013,0.042895,0.145307,-0.026652,0.202496,0.083156,0.178124,-0.247972,-0.098206,-0.240252,0.113533,-0.089078,0.295226,0.079078,-0.196907,0.085317,0.000834,-0.264053,0.031285,-0.021141,0.223196,-0.111976,-0.074453,-0.025916,-0.131707,0.184228,0.067128,-0.232747,-0.089092,-0.141616,0.029809,-0.000846,0.177796,0.188818,0.082771,-0.261893,-0.030952,-0.060762,-0.164294,0.009292,0.111638,-0.04901,-0.214136,0.178841,0.043043,0.173913,-0.074457,0.008149,-0.232568,-0.073271,0.170374,0.042555,0.101774,0.161959,0.061243,-0.155557,0.040185,-0.040748,-0.121914,0.188198,-0.069495,-0.285657,-0.38566,-0.099879,-0.043922,-0.212165,-0.073789,0.079908,-0.218967,0.094008,-0.119353,-0.116374,0.07881,-0.14078,-0.071409,-0.107063,0.010504,0.059644,0.09593,-0.097642,-0.194022,-0.183685,-0.287566,-0.091936,0.048333,-0.371074,-0.174714,-0.003918,-0.013685,-0.087667,0.116918,-0.108744,-0.062696,-0.023862,-0.01745,-0.136297,-0.226478,-0.067629,-0.105344,-0.069552,-0.247269,-0.217621,0.049064,-0.027988,-0.063894,-0.145521,-0.067092,-0.232928,-0.309762,0.297966,-0.076113,0.242877,-0.072027,-0.223963,0.034468,-0.005807,-0.036769,-0.035485,-0.01757,-0.096653,0.011721,-0.269379,-0.125032,-0.088101,0.008699,0.005663,0.02336,-0.093049,-0.274132,-0.274676,0.038248,0.374156,-0.033404,0.066703,-0.151068,-0.105229,0.074851,-0.106267,0.188547,-0.030877,-0.030316,0.27874,-0.16076,-0.13312,0.012567,-0.185216,-0.065676,0.107891,0.058847,0.052263,-0.18708,-0.199964,-0.1092,-0.123085,0.047198,-0.019975,-0.1422,-0.117721,-0.027853,0.087111,-0.211357,0.355541,0.154686,-0.175617,0.046719,0.015229,0.218669,0.244153,0.003773,0.102237,0.069438,-0.141886,-0.068755,-0.06687,-0.163285,0.261833,0.19315,0.339941,0.120171,0.255333,-0.080648,-0.100387,-0.122156,-0.033129,#
7,-0.12826,-0.312705,0.076346,0.137705,-0.034593,0.01776,-0.08626,1.0,-0.253433,-0.369592,-0.041017,-0.265449,-0.010489,-0.128196,0.15098,-0.077488,-0.096509,-0.18759,-0.01751,0.035837,-0.114698,0.159817,-0.024825,0.145419,0.221722,0.118432,-0.005825,0.162527,-0.159739,-0.130516,0.18623,0.204596,0.331691,0.113078,0.016027,-0.028408,-0.053153,0.325642,0.062054,-0.236979,0.045465,-0.003432,0.19877,0.047504,0.027995,-0.054754,0.152746,0.155387,0.04882,-0.30899,-0.046287,0.162599,-0.101178,-0.143024,-0.125219,-0.033001,-0.067821,-0.051932,-0.07,-0.330071,-0.404182,-0.259633,-0.319071,0.090401,-0.051127,0.073363,0.069035,0.013987,-0.199986,0.061513,-0.107187,-0.026136,0.167312,-0.043239,0.224787,-0.166203,0.270115,0.090033,0.002358,-0.09748,-0.117569,0.038574,0.043542,-0.10871,0.01407,0.160014,-0.073063,0.15018,0.07906,-0.127353,0.26857,0.08193,0.12324,-0.341019,-0.034275,0.06627,-0.014298,0.176218,0.037894,0.034497,0.07112,-0.036058,0.300424,-0.156116,0.04902,-0.077574,0.288344,0.051403,-0.020794,0.012747,0.13708,-0.062282,0.250948,0.157001,0.039686,0.192862,0.146534,0.114001,-0.214057,0.319535,0.148366,-0.108931,0.078625,0.042424,-0.016553,0.005865,-0.238593,-0.014096,0.036127,0.315586,0.082544,-0.049626,0.004346,-0.048712,0.242716,0.295804,0.087585,0.124346,0.07486,0.112825,0.072168,0.066841,0.042389,-0.055406,0.138681,0.05785,-0.052277,-0.252515,-0.035275,-0.014759,0.13647,0.312466,0.048024,0.295711,0.041362,-0.013656,0.105551,-0.372824,-0.004663,0.006407,0.091254,0.236444,0.01813,0.096122,-0.008169,-0.114474,0.043069,-0.048861,0.135525,0.138826,-0.190701,0.142842,0.262823,-0.018612,-0.107612,0.146643,-0.026865,-0.193435,-0.441393,-0.084304,-0.229177,-0.004332,0.097856,-0.091196,-0.302028,-0.175012,-0.186167,-0.054151,-0.020203,-0.341355,0.153403,-0.189023,-0.122243,-0.159497,0.044216,0.051908,0.066394,0.076928,0.005416,-0.044154,#
8,0.167487,0.170767,0.266836,-0.188209,0.222612,0.395827,0.209683,-0.253433,1.0,0.137913,0.045195,0.236014,-0.008161,0.411151,-0.20541,-0.093257,-0.033527,0.327174,0.324042,0.246225,-0.106764,-0.230387,0.233963,-0.365508,-0.022673,-0.312004,0.169617,0.010984,0.233178,0.184861,-0.191447,0.189224,-0.188079,-0.162528,-0.182965,0.253942,0.274832,-0.40451,-0.005531,-0.203658,-0.013995,0.287632,-0.164924,-0.029847,0.055399,-0.259922,0.370507,0.165468,-0.034756,0.266445,0.06796,-0.108618,0.063956,0.059682,-0.159934,0.264998,-0.085917,0.065022,-0.086493,0.249592,0.017413,0.230766,-0.028319,-0.124621,-0.218383,0.154017,0.355624,0.224522,0.212004,0.117844,0.248907,-0.036033,-0.16727,-0.09996,-0.350497,0.158418,0.030396,-0.366854,-0.157928,-0.016277,-0.147098,-0.265553,-0.083956,0.329749,0.019394,0.070207,-0.25982,-0.239613,0.00956,-0.120093,-0.119527,-0.018169,-0.214459,0.270178,-0.212714,-0.079681,0.109821,-0.34225,-0.082212,-0.227767,-0.208092,-0.179821,-0.222881,0.103696,-0.197604,-0.054632,0.09538,-0.044494,0.134632,-0.04814,0.189881,-0.116496,0.083669,-0.067598,-0.044191,-0.408641,-0.082278,-0.154919,0.431214,-0.285383,0.021062,-0.028209,-0.165783,-0.402502,-0.052896,0.182386,-0.025598,0.19756,-0.352274,-0.24829,0.102593,0.342652,-0.326773,-0.015469,-0.238655,-0.273353,0.04318,0.056447,0.265325,-0.182942,0.116318,-0.10849,-0.218254,-0.134758,-0.151899,-0.441576,0.258801,0.501176,-0.046275,0.15743,0.054296,-0.109564,0.280055,-0.255223,0.059021,-0.135903,0.17524,0.32929,-0.092949,0.054394,-0.212628,-0.252147,0.020473,0.318342,0.230085,-0.13219,-0.13309,-0.125345,-0.164975,-0.120712,-0.055969,0.178753,0.209532,-0.140225,0.053218,-0.200816,-0.104269,0.216229,0.289135,-0.123398,0.345935,0.111524,-0.333469,0.013789,0.025612,0.26337,0.288198,0.091537,-0.481876,0.266611,-0.102054,-0.038332,0.023207,0.155599,-0.380831,0.096254,-0.075579,-0.14109,0.001308,0.08232,#
9,0.14338,0.165326,-0.114012,0.168808,0.048841,-0.003837,0.105659,-0.369592,0.137913,1.0,0.056235,0.090698,0.26588,0.230146,-0.203709,0.289091,-0.08431,0.036825,-0.158248,0.024479,0.091648,-0.12078,0.046094,-0.162329,-0.041984,-0.209798,-0.09259,-0.324835,0.011203,0.041845,-0.052963,-0.071201,-0.111343,0.167419,0.282088,0.146529,0.144414,-0.353618,-0.148133,0.171372,-0.118898,0.107239,0.056633,-0.155389,0.061721,-0.04357,-0.1305,-0.2084,-0.09902,0.125501,0.242583,-0.150099,0.011243,0.10512,0.023519,0.051572,-0.107418,0.087932,0.032522,0.181552,0.120957,0.134383,0.153476,0.003883,-0.262378,-0.011036,0.196741,0.003303,-0.015704,-0.050415,-0.010402,-0.253043,-0.067204,0.010196,-0.050231,-0.098987,-0.047103,0.145536,0.003793,0.124313,-0.008195,0.097729,0.051663,-0.045632,-0.026534,-0.297652,0.131409,-0.014814,-0.078269,0.192744,-0.344017,-0.141326,0.190979,0.004153,-0.052807,0.075612,-0.211529,0.049555,-0.200869,0.153215,-0.141795,0.059372,0.029069,0.283352,0.031581,0.090079,-0.178793,0.069433,-0.143125,-0.018364,-0.221412,-0.121106,-0.182348,0.061511,-0.054,-0.003816,-0.098511,-0.200359,0.147355,-0.099925,-0.048081,0.275704,-0.036233,-0.032162,-0.205436,0.170853,-0.137859,-0.02217,0.139426,0.102604,-0.1552,0.328499,-0.094517,0.315691,-0.031952,0.076844,-0.109291,-0.132778,0.029166,-0.049046,0.100262,-0.15593,0.110643,0.030355,-0.017894,0.113314,-0.028864,0.180411,-0.11083,0.058549,-0.309625,-0.136566,-0.326275,-0.023973,0.195574,0.059351,0.000196,0.284327,0.033038,-0.132439,-0.018182,-0.026666,-0.187997,0.206168,0.049153,-0.060462,0.123578,0.199788,-0.030037,0.11326,0.235085,-0.121221,0.041825,-0.021336,0.053377,-0.050782,-0.232733,0.121552,0.047196,-0.108009,0.009401,0.073445,-0.027952,-0.014294,-0.016174,0.030676,-0.0051,-0.012777,0.030805,0.174884,-0.184229,0.016983,0.066275,0.098531,0.169699,-0.052091,0.051443,-0.019796,0.088273,0.031738,#
10,-0.176415,-0.003668,0.010063,0.013958,-0.108022,0.21323,0.255187,-0.041017,0.045195,0.056235,1.0,0.123996,-0.131106,-0.098385,-0.02254,0.120857,0.410059,-0.123584,0.040073,-0.127177,0.186268,0.19306,-0.018756,0.122889,-0.017332,0.040431,-0.204882,0.01604,0.161694,0.107031,-0.131982,0.045268,-0.345036,-0.14443,0.389025,0.099183,0.205293,-0.114424,0.086957,0.100461,-0.331415,0.011795,0.01573,-0.097251,-0.099678,0.049481,-0.221982,-0.371257,0.108415,-0.063035,0.181788,-0.00478,-0.25923,-0.011041,0.181422,-0.027942,-0.231808,-0.013149,-0.107026,0.08824,0.105893,0.013721,-0.012801,0.13333,0.178956,-0.148147,-0.013302,-0.101853,-0.059206,-0.233025,-0.071511,0.10189,0.107095,-0.195864,-0.037958,0.256735,-0.245925,-0.024699,-0.273334,-0.182251,-0.123938,-0.032093,-0.255494,0.210678,-0.293475,-0.118937,-0.207541,-0.126518,-0.34557,-0.076242,-0.004549,-0.237411,-0.150092,-0.045605,-0.165383,0.0092,-0.283206,-0.083406,-0.242241,0.000377,0.140706,-0.068173,-0.27391,-0.178122,-0.000478,-0.088702,-0.15012,0.048352,-0.222279,0.491159,-0.303086,-0.153391,-0.264775,-0.033564,-0.167331,-0.000353,-0.183561,-0.113887,-0.137408,0.242301,-0.425936,0.024784,-0.307695,0.066378,-0.076596,-0.080084,0.01508,-0.046953,-0.069017,-0.155266,0.060035,-0.084964,-0.144643,-0.063527,-0.056307,0.059916,-0.015841,-0.225631,-0.149934,-0.200753,-0.161483,0.061661,0.01272,-0.030371,-0.154577,-0.053469,-0.044639,-0.042414,0.014133,-0.184705,0.018771,-0.105516,-0.280128,-0.138741,-0.213999,-0.307664,-0.02197,-0.036371,-0.100175,0.006009,0.062472,-0.166462,-0.319687,-0.13213,-0.287857,0.035787,-0.256897,-0.02753,-0.135298,-0.051728,0.209967,-0.127614,-0.243975,-0.249556,0.145493,-0.373589,-0.356775,0.339286,0.083859,0.195613,0.115941,0.138787,0.160331,0.175178,0.14395,-0.127948,-0.178817,0.027861,0.423198,0.025757,-0.265637,0.332893,0.033741,0.04836,0.02876,-0.017412,0.262127,-0.313351,-0.249369,-0.04058,#
11,-0.026693,0.000908,0.201769,0.002438,0.150748,0.094422,-0.038054,-0.265449,0.236014,0.090698,0.123996,1.0,-0.187039,0.075697,-0.059728,0.062483,0.143686,-0.097655,-0.065261,-0.07522,-0.137727,-0.216058,-0.019143,-0.037258,0.145488,-0.030253,-0.155811,-0.098491,0.163533,0.18993,-0.206143,0.114395,-0.476729,0.061478,-0.188562,0.196932,-0.08478,-0.084237,0.107971,0.268048,-0.056286,-0.06838,-0.063854,-0.089027,0.097645,0.21882,-0.009953,-0.168452,0.198006,0.191684,0.178476,-0.115309,0.012289,0.064456,-0.076392,0.082434,-0.170112,-0.175317,-0.077304,-0.127256,-0.196908,0.103213,0.356249,-0.09438,0.001473,-0.159505,0.009139,0.017176,0.079905,0.014749,0.294681,-0.112051,-0.036534,-0.023582,-0.087455,0.302299,-0.294282,-0.074925,0.109338,-0.141864,0.022246,-0.04657,0.060725,0.271602,0.08204,0.04301,-0.175104,-0.140418,-0.019321,-0.208995,-0.063605,0.047109,0.064542,-0.003884,-0.076791,-0.158817,-0.144776,-0.252236,0.010028,-0.038372,-0.154484,0.149424,-0.115019,0.139412,-0.112043,-0.097503,0.014089,-0.041687,-0.080137,-0.119103,-0.253951,0.100239,-0.228967,0.051582,-0.122712,0.070416,-0.044081,-0.168047,0.084158,0.032043,0.01771,-0.027547,-0.135132,-0.108858,0.274849,0.131008,-0.152506,-0.210989,-0.231541,-0.134061,0.035165,-0.084224,0.091593,0.159704,-0.0524,0.001495,0.014619,0.00123,0.066901,0.006518,0.151139,0.209979,0.028757,-0.013134,-0.227953,-0.185988,0.319229,0.077379,0.021461,-0.150536,-0.104129,-0.01865,0.146665,-0.119922,-0.175128,-0.081288,0.064957,-0.090666,0.122053,0.181017,0.111557,0.12562,0.05427,-0.024519,-0.028318,-0.202773,-0.064429,-0.182739,0.210085,0.043791,0.023227,-0.252073,0.004274,-0.384214,-0.015591,-0.070022,-0.16806,-0.024865,0.017043,-0.155176,-0.135736,-0.017342,0.145542,-0.007424,0.130811,0.11459,0.145428,-0.09744,-0.176912,0.047578,-0.18238,0.165559,0.063933,0.072631,0.056612,0.128199,0.065956,-0.150441,-0.135237,0.209104,#
12,0.041396,0.10192,-0.398348,-0.035574,0.137271,-0.046407,0.032453,-0.010489,-0.008161,0.26588,-0.131106,-0.187039,1.0,0.198839,0.141574,0.278479,-0.195709,0.023816,0.008818,-0.015834,0.344811,0.093403,0.115556,-0.176023,-0.277339,-0.195276,0.214842,0.035342,-0.044695,0.029387,-0.046288,0.252957,0.163182,-0.075824,0.090381,-0.149328,0.125296,-0.211971,-0.067722,0.085781,0.01763,0.297171,0.064211,0.248154,0.189492,-0.215544,-0.092407,0.156322,-0.03306,-0.28915,0.153014,-0.145018,0.07409,-0.189855,-0.063936,-0.117527,-0.216874,0.217156,0.088058,0.020903,-0.196436,-0.002332,-0.366959,-0.0228,0.049915,0.267893,0.090448,0.138159,0.23215,-0.132377,-0.094214,-0.078286,-0.138433,0.02472,0.025658,0.069809,-0.021565,-0.146871,-0.153556,-0.2227,-0.256785,-0.268701,0.141489,0.014574,-0.046823,-0.210527,0.13844,-0.069234,-0.302013,-0.029146,-0.16771,-0.382418,-0.224253,-0.0649,-0.023988,0.142261,-0.050229,-0.083214,-0.273833,-0.156974,0.073206,-0.199685,-0.017861,-0.182729,0.079255,-0.01093,-0.142074,-0.068343,-0.272458,-0.19345,0.232898,-0.106403,-0.093677,-0.185528,-0.099865,-0.102706,0.134737,0.04617,-0.118229,-0.197055,-0.004643,-0.199076,-0.219295,-0.18764,-0.296596,0.194697,-0.282349,0.048092,0.089042,-0.21132,-0.316676,0.053551,-0.096577,-0.053411,-0.169702,-0.050554,-0.068915,-0.048012,0.09946,0.043676,-0.18487,0.089152,-0.186076,-0.235396,-0.170428,-0.012527,-0.062139,0.321857,-0.380486,-0.069412,-0.095456,-0.1506,-0.171812,-0.240504,-0.348588,-0.113023,0.183498,0.083529,-0.228458,-0.147721,-0.035961,-0.11967,-0.063339,0.074696,-0.092095,0.063857,-0.066071,0.004152,-0.051775,0.019491,0.040509,0.115001,-0.004631,0.091453,0.165467,-0.074673,-0.201312,-0.104036,0.161683,-0.003863,0.244373,0.031627,-0.118846,0.119146,0.107685,-0.14667,0.02048,-0.036404,-0.034113,0.124098,-0.068965,0.076932,0.139114,0.126874,-0.048028,0.089191,-0.011318,0.101292,0.162261,0.119291,#
13,0.178788,0.239649,0.037113,-0.195831,0.116687,0.220108,0.075613,-0.128196,0.411151,0.230146,-0.098385,0.075697,0.198839,1.0,0.20131,0.054957,-0.08634,0.161059,-0.075705,0.094035,-0.19381,-0.083118,0.171039,-0.321499,-0.101348,-0.207213,0.233733,-0.291705,0.115406,-0.001941,-0.247224,0.202419,-0.211029,-0.109895,-0.15284,0.18212,0.238309,-0.117845,-0.046545,-0.238173,0.010928,0.283247,-0.121011,0.021375,-0.020218,-0.356282,0.375375,0.059464,-0.044064,0.123778,0.05956,-0.098037,0.069712,-0.088987,-0.387929,0.24229,0.088503,0.200104,0.21067,0.372417,0.058482,0.178285,-0.048721,-0.200151,-0.098003,0.268172,0.263206,0.470772,0.276668,0.094594,0.026866,-0.061867,-0.152327,-0.035656,-0.013274,0.160142,-0.09148,-0.099525,-0.326432,0.131433,0.201314,-0.261539,0.064113,0.123014,0.025036,0.053646,-0.059527,-0.330313,-0.209145,-0.089514,-0.279705,-0.071383,-0.085266,0.216997,-0.266181,0.058531,0.067664,0.000755,-0.003547,-0.162973,-0.086657,-0.154711,-0.099752,0.017781,0.068411,-0.248874,0.021016,-0.1836,0.047622,-0.167612,0.225125,0.138924,-0.162417,0.155572,0.139954,-0.211644,-0.339453,-0.038998,0.204479,-0.316354,0.019089,-0.149094,-0.024037,-0.247889,0.093619,0.000737,-0.179935,0.071087,-0.0528,-0.235886,-0.122418,0.32867,-0.499148,-0.280105,0.032535,-0.178183,-0.018583,0.117291,0.2164,-0.024735,0.034572,-0.298808,-0.239411,-0.118338,-0.041038,-0.239652,-0.042469,0.406672,-0.267088,0.247168,-0.232774,0.026745,0.04151,-0.083374,0.071268,-0.124066,0.428598,0.355933,0.002863,0.018352,-0.221733,-0.133653,0.13551,0.439745,0.184305,0.31276,0.007426,0.000577,-0.111901,-0.133241,0.078042,0.088526,-0.085988,0.104706,-0.071705,-0.008277,-0.005336,-0.111074,0.171756,-0.028612,0.395739,0.154411,-0.260665,-0.137624,0.104138,-0.083049,0.160099,0.111713,-0.386755,0.237708,0.006708,-0.119691,0.249994,0.251493,0.007011,-0.181238,-0.272657,-0.132974,0.151562,0.170218,#
14,0.299697,0.17429,-0.209141,-0.112507,0.027009,0.038265,0.106991,0.15098,-0.20541,-0.203709,-0.02254,-0.059728,0.141574,0.20131,1.0,0.118983,0.127642,-0.22866,-0.095804,-0.015945,-0.204051,0.083852,0.051363,-0.20346,-0.038494,-0.081708,0.224592,-0.166616,-0.015303,0.075769,-0.301659,0.268107,-0.11609,-0.109284,-0.059844,-0.124197,-0.094853,0.09096,0.048125,0.064601,-0.033075,-0.115596,-0.255833,-0.015857,0.242747,-0.211956,0.377296,0.005108,0.089264,-0.125476,-0.253069,0.008461,-0.104694,-0.417909,-0.196914,0.211104,-0.039154,-0.088212,-0.080843,0.054462,-0.114859,0.231124,-0.015832,-0.027662,0.10389,0.026198,-0.173291,0.028699,0.131749,-0.304555,0.109902,0.024042,-0.216896,0.013133,0.194521,0.111641,-0.138603,-0.018726,-0.32183,0.096144,0.066968,-0.345806,-0.095522,-0.167978,-0.13064,0.163335,-0.207619,-0.073004,-0.018801,-0.26963,0.077154,-0.180732,0.00195,0.082248,-0.095291,-0.093938,0.042759,-0.126582,-0.160343,-0.123427,0.072941,-0.306786,0.105278,-0.103066,-0.105475,-0.146498,-0.016065,-0.272609,0.1137,-0.159796,0.105687,-0.083969,-0.192742,0.077677,-0.37726,-0.188533,0.078222,0.213787,-0.076835,-0.212146,-0.205271,-0.18269,-0.156976,0.088021,0.134676,-0.016658,-0.1573,0.142362,-0.007622,-0.158893,-0.038958,-0.384455,-0.271327,-0.26225,-0.009667,-0.183078,0.009647,-0.207132,-0.154122,-0.097147,-0.186342,-0.174511,-0.00112,-0.269521,-0.162652,-0.023191,0.08337,-0.010926,-0.039225,0.052505,-0.08292,0.05859,-0.108157,-0.105885,-0.15489,0.054305,0.243088,-0.072584,-0.288369,0.041587,-0.447854,-0.00153,0.13255,-0.125548,0.004442,0.213061,0.030748,0.091715,-0.073649,-0.402974,0.062741,0.050387,-0.121679,-0.010782,0.108841,0.058809,-0.036507,-0.187396,0.039857,0.004258,0.039836,0.051479,0.083961,0.161974,0.131633,-0.220586,0.309805,-0.032023,0.007696,-0.17031,-0.131864,0.105376,0.0958,0.112273,0.101771,-0.137382,-0.066192,-0.021323,-0.177088,0.141913,#
15,0.01517,-0.083939,-0.325823,0.023781,-0.012361,0.031367,0.129712,-0.077488,-0.093257,0.289091,0.120857,0.062483,0.278479,0.054957,0.118983,1.0,0.141155,-0.299614,-0.004987,-0.365009,-0.004959,-0.136657,-0.07043,-0.283603,-0.163972,-0.231004,-0.096183,-0.131093,0.02553,0.117632,-0.23429,0.114869,-0.129559,-0.12068,0.037499,-0.065533,-0.042584,-0.101061,0.311516,0.386439,-0.220354,-0.060478,0.069557,-0.05162,-0.027167,0.179552,-0.073351,-0.309099,0.021228,-0.057362,0.361911,-0.140125,0.121896,-0.058518,-0.020026,0.251408,-0.03944,-0.013428,-0.032047,0.118119,-0.116019,0.21652,-0.030079,0.077525,-0.207022,-0.228936,-0.214861,0.171244,-0.042201,-0.405952,0.185842,-0.016691,-0.199704,-0.000879,-0.000425,0.029756,-0.076783,0.010932,-0.118995,-0.107857,0.041339,0.003518,0.294666,-0.002,0.050553,-0.054319,0.12128,0.135135,-0.157172,0.065533,0.092617,-0.262848,0.187713,-0.124511,-0.06707,-0.019268,-0.138529,0.130265,-0.270826,-0.018105,0.037092,0.015033,-0.087453,0.057728,0.01227,-0.15067,-0.238018,0.274776,-0.278721,0.069696,-0.471058,0.124304,-0.097364,-0.030203,-0.239013,-0.298142,0.125275,-0.032754,-0.258389,0.077935,-0.151335,0.008728,-0.052622,0.136346,0.036391,0.032887,0.006685,-0.039177,-0.082661,-0.121796,-0.147911,-0.111443,-0.05174,0.046203,-0.128316,-0.005439,0.080679,-0.258729,-0.044589,-0.049512,-0.236743,0.041546,0.11864,-0.074365,-0.23565,-0.060413,-0.191983,-0.186208,-0.290268,-0.193508,0.003216,-0.226164,-0.21156,-0.269042,-0.207476,0.001123,-0.049545,-0.093863,-0.299927,-0.06235,-0.207677,-0.31599,-0.05591,-0.259815,-0.190623,-0.214781,-0.316494,0.114941,0.062631,-0.128658,0.047342,-0.158379,0.039191,0.084511,0.240393,-0.116163,-0.277371,0.080721,-0.028148,0.071186,-0.049643,-0.210548,0.412822,0.314217,-0.121176,-0.074505,0.097517,-0.152507,0.324189,-0.111636,-0.225821,0.273481,0.189066,0.057544,0.255044,0.101621,0.064392,-0.223102,-0.091218,-0.043767,#
16,0.102649,-0.189357,-0.185355,-0.09528,0.203917,0.056662,-0.020013,-0.096509,-0.033527,-0.08431,0.410059,0.143686,-0.195709,-0.08634,0.127642,0.141155,1.0,-0.106397,-0.008254,-0.15356,0.054135,0.007873,-0.023764,-0.10098,-0.091827,0.12672,-0.339104,-0.012857,0.078036,0.128083,-0.215945,-0.073043,-0.1184,-0.195887,0.28407,0.125856,-0.159333,0.022008,0.2108,0.06498,-0.216233,-0.274695,-0.418583,-0.198265,0.159811,0.127479,-0.011307,-0.242747,0.117593,0.056596,0.102449,-0.001593,-0.144303,-0.005487,0.205348,0.080656,-0.065699,0.019839,0.17905,0.01963,0.01683,0.070383,0.016934,0.127969,-0.012705,-0.284872,-0.156436,-0.233916,0.054461,-0.186125,0.170314,0.006928,-0.1958,-0.253696,-0.149945,0.147259,-0.249993,0.04117,-0.308362,0.035916,-0.10569,0.105705,-0.169644,0.153994,-0.214916,0.10287,-0.245515,0.008012,0.041934,-0.099922,0.042244,-0.119276,-0.069119,-0.1105,-0.157555,-0.256363,-0.08949,-0.200355,-0.069557,-0.170291,0.15228,-0.014258,-0.33494,-0.330653,-0.196628,-0.056379,-0.147143,-0.079475,-0.105686,0.253939,-0.280999,-0.075802,-0.074077,-0.269646,-0.290224,0.00607,0.014531,-0.141608,0.104984,-0.052775,-0.248731,0.023392,-0.148162,0.033818,0.13558,-0.016615,-0.117551,-0.010181,0.039126,-0.213337,0.17556,-0.120869,-0.072557,0.106711,-0.267786,-0.130963,-0.156377,-0.28967,-0.224006,-0.004745,-0.330719,-0.008516,0.148042,-0.067229,-0.325801,-0.047907,0.204747,-0.2107,0.187918,-0.313909,-0.017452,-0.118088,-0.265212,-0.236021,-0.180381,-0.190865,0.055705,0.012856,-0.210073,0.126213,0.021891,-0.087263,-0.01835,-0.131336,-0.219497,0.022153,0.042183,-8.8e-05,-0.17458,0.070184,0.370652,-0.140601,-0.144884,0.075403,0.151557,-0.167516,-0.214002,0.142248,0.058058,0.074956,0.028909,-0.005171,0.189773,0.1213,0.094002,-0.172678,0.061163,-0.144862,0.280572,-0.202792,-0.161081,0.287752,0.020804,-0.128545,1.6e-05,0.047192,0.262752,-0.134148,-0.195915,0.091131,#
17,-0.054419,0.182164,0.261493,0.01843,0.101851,-0.119487,0.042895,-0.18759,0.327174,0.036825,-0.123584,-0.097655,0.023816,0.161059,-0.22866,-0.299614,-0.106397,1.0,0.131448,0.131126,0.203517,-0.069054,0.068578,0.010095,0.040986,0.0414,-0.110436,0.076667,0.011151,0.068201,0.102913,0.011707,0.260504,0.062468,-0.071507,0.06082,0.052499,-0.157289,-0.18202,-0.189076,-0.026421,0.044239,-0.102976,0.092653,0.112414,-0.1609,-0.025359,0.271067,-0.159478,0.03805,0.034103,0.023714,0.166383,0.067073,-0.130508,-0.068302,0.161955,0.140148,0.225023,-0.005465,0.141775,-0.064003,0.085459,-0.242972,-0.059077,0.14478,0.080876,-0.060513,0.137745,0.208423,-0.020299,-0.00812,-0.181837,0.000273,0.073,0.006363,0.031149,-0.151399,-0.034454,0.219106,-0.019615,0.138285,-0.176858,0.108129,0.263754,-0.06788,0.117927,0.111317,-0.024482,0.20265,-0.239898,0.028332,-0.317114,0.142641,-0.073674,-0.235859,0.113989,-0.135844,0.245038,0.095351,-0.075999,0.008413,-0.034171,0.129043,0.062123,0.216253,0.006713,0.013259,0.034567,-0.058121,0.257879,0.124214,0.168899,0.081953,0.140077,0.114435,-0.007888,0.123411,0.234871,-0.10321,0.213654,0.124196,0.024272,-0.136358,0.037565,0.27426,0.091778,0.156929,-0.232354,0.050703,0.036077,0.083254,-0.14586,0.142147,-0.077305,0.115484,-0.092548,0.189436,0.239146,-0.053953,0.053907,0.099384,0.006339,-0.008242,0.20244,-0.222329,0.193861,0.203386,0.105281,0.199395,0.015864,-0.041291,0.090145,-0.15094,0.237014,0.018889,-0.036596,0.361778,0.128248,0.193673,0.0823,0.150183,-0.011771,0.436751,0.256011,0.020516,0.070094,-0.040561,-0.011678,0.341404,-0.121591,-0.058836,0.016891,-0.091311,-0.193057,0.169492,0.082011,0.151725,0.210503,-0.142945,0.341911,-0.058497,-0.344861,-0.132827,0.054119,0.078014,-0.007608,0.034317,-0.327573,0.264604,0.16503,-0.155479,0.198868,-0.045047,-0.070236,0.057861,-0.028197,0.109923,0.223015,-0.256629,#
18,-0.133349,-0.164298,0.022863,-0.248055,0.125161,0.024583,0.145307,-0.01751,0.324042,-0.158248,0.040073,-0.065261,0.008818,-0.075705,-0.095804,-0.004987,-0.008254,0.131448,1.0,0.078713,0.128385,-0.036564,0.399619,-0.066813,-0.043596,-0.042849,0.26897,0.25139,-0.113657,0.190114,0.11395,-0.005146,-0.061263,-0.032093,-0.114373,0.069194,-0.126523,-0.150936,0.067105,-0.241201,-0.055182,-0.051095,0.162805,0.036102,-0.038734,-0.200123,0.142301,0.105687,-0.135729,0.045032,0.232685,0.127179,0.092537,-0.002326,-0.182446,0.271491,0.09198,-0.108986,-0.112397,0.041281,-0.157388,-0.14059,-0.136819,0.037902,-0.007424,0.225613,0.230006,0.079362,-0.041337,0.117556,0.270478,-0.074737,-0.253382,0.149651,-0.010724,0.133625,0.099458,-0.532958,-0.01974,-0.094905,-0.142104,-0.095243,-0.165166,0.185272,-0.021624,-0.069491,-0.150498,-0.153754,0.122868,0.142667,-0.030499,0.099385,-0.106033,0.091186,-0.05647,0.008907,-0.023861,-0.095916,-0.407584,-0.085717,5.1e-05,0.080825,-0.115238,0.207173,-0.127845,-0.09494,0.196124,0.07039,0.211904,0.098931,0.135697,0.123178,0.244176,-0.004163,-0.201704,-0.3108,0.151201,0.156472,0.299284,-0.039221,-0.101494,-0.09287,-0.208231,-0.346804,0.02274,-0.168862,0.04904,-0.020029,-0.007216,-0.151082,0.037468,0.086309,0.007291,0.02826,-0.253247,-0.128984,0.171135,-0.147676,-0.116782,-0.184389,0.023222,0.031579,-0.232596,-0.130419,-0.080362,-0.164906,0.008541,0.181405,-0.033875,0.204324,0.274856,-0.171215,0.326385,-0.271059,-0.142561,-0.182085,-0.062319,0.232704,-0.049676,0.147277,-0.040184,-0.174697,-0.106447,-0.053504,0.14744,-0.130909,0.123908,0.030625,-0.236376,0.035728,-0.055273,0.367567,0.09569,-0.101618,0.243069,-0.130781,0.149062,0.0044,-0.020592,0.152618,0.217924,0.098157,-0.044625,0.053381,-0.062854,0.332387,0.159537,0.069804,-0.224591,-0.075849,0.061633,-0.046056,-0.180764,-0.063571,-0.395085,0.356841,0.021511,0.092212,0.26427,0.008541,#
19,-0.121162,0.11147,0.178981,0.16178,0.080378,-0.089325,-0.026652,0.035837,0.246225,0.024479,-0.127177,-0.07522,-0.015834,0.094035,-0.015945,-0.365009,-0.15356,0.131126,0.078713,1.0,-0.128599,0.003218,-0.041837,0.206096,0.018702,0.072574,-0.073906,0.088777,-0.116493,0.14089,0.134273,0.075776,0.099013,0.279389,-0.150384,-0.074054,0.025548,-0.059174,-0.137283,-0.157616,-0.01898,-0.015809,-0.021538,0.188314,0.035182,-0.17612,0.056423,0.156288,-0.266096,0.098541,-0.037034,0.188817,0.123194,0.076404,-0.261786,-0.004545,0.167955,-0.082365,0.008023,-0.166141,-0.03048,0.0376,-0.047364,0.07619,-0.133525,-0.024396,0.361604,-0.216707,0.062283,0.205567,0.074502,-0.015968,-0.037412,0.151697,-0.148048,0.062056,0.240074,0.117281,0.035882,0.045098,0.140427,-0.015619,0.0695,0.150922,0.055923,0.178878,-0.084516,-0.296653,0.195578,0.00126,-0.121983,0.234338,0.157093,0.065146,-0.378958,-0.115026,0.180882,-0.20835,-0.02597,0.160796,-0.251494,0.125421,0.042784,0.082074,-0.035632,0.144612,0.041486,-0.211077,0.221304,-0.008289,0.330251,-0.075471,0.307524,0.205531,0.049852,0.00173,0.18499,-0.016963,0.314432,-0.19293,0.124523,0.180329,0.128929,-0.173941,-0.06297,0.165253,0.012257,0.024152,0.09398,-0.03112,0.034959,0.16443,0.021442,0.071231,0.056257,-0.123814,-0.155694,0.072263,-0.025724,0.061268,0.09974,-0.122771,0.052937,0.103545,0.2081,0.170269,0.208509,0.107218,0.07936,0.340552,0.048155,0.072578,0.07129,0.178291,0.335496,0.293923,-0.061478,0.162949,0.183039,-0.011385,-0.05227,0.135853,0.127125,0.317556,0.224113,0.011338,0.151431,0.082531,0.129372,0.047352,-0.311155,0.275498,0.02389,0.062294,-0.06299,0.119059,0.035491,-0.132027,-0.163619,-0.1279,0.113352,-0.111062,-0.214849,-0.007304,-0.051355,0.15256,0.008157,0.249699,-0.464834,-0.035741,0.236669,-0.30112,-0.196455,-0.083677,-0.23405,-0.284351,-0.055918,0.232781,0.150654,0.027214,#
20,-0.094056,0.170992,-0.234619,-0.124348,0.202526,0.030844,0.202496,-0.114698,-0.106764,0.091648,0.186268,-0.137727,0.344811,-0.19381,-0.204051,-0.004959,0.054135,0.203517,0.128385,-0.128599,1.0,0.274007,0.262407,0.190039,-0.125147,0.035666,0.084973,0.126437,0.229859,0.288719,-0.080041,-0.05549,0.267796,-0.098355,0.136549,0.032782,0.091934,-0.275295,-0.045344,0.09864,0.198567,0.158522,0.168658,-0.071881,-0.067469,-0.028081,-0.343731,0.106826,-0.023926,-0.262886,0.046741,-0.245985,-0.087821,-0.107051,0.147559,-0.241142,-0.217115,0.037444,0.117075,0.097122,0.074021,-0.134857,-0.149635,-0.06383,0.078034,0.238991,0.001616,-0.08363,0.197237,0.096064,-0.289004,-0.079282,0.146047,-0.099233,-0.111739,0.216835,0.011488,-0.102736,-0.220497,-0.159231,-0.304871,-0.069673,-0.147405,0.020481,-0.184544,-0.35835,0.144641,-0.18229,-0.22883,0.141386,-0.359547,-0.405314,-0.290714,-0.15518,0.037159,-0.00405,-0.273103,-0.106446,-0.213288,-0.041179,0.174933,0.005252,-0.302406,-0.270906,0.163596,-0.017039,-0.096086,-0.208375,-0.235956,-0.00809,0.041487,0.154197,-0.240612,-0.247286,-0.0735,0.008473,-0.076561,-0.117623,-0.0797,-0.170847,-0.073779,-0.18736,-0.142287,-0.220279,-0.267032,0.052555,0.130106,-0.016754,-0.00696,-0.253327,-0.295371,-0.107393,-0.002729,0.001616,-0.282872,-0.017725,-0.302225,-0.286874,-0.004052,-0.280256,-0.365772,0.035216,-0.185442,-0.078401,-0.365954,-0.182788,-0.175016,0.292758,-0.127145,-0.281797,-0.078321,-0.262748,-0.20371,-0.390972,-0.303196,-0.160615,-0.090864,0.247117,-0.16798,-0.182283,0.142459,0.020077,-0.305317,0.025735,-0.229473,0.07232,-0.199556,-0.02491,-0.348146,0.359035,0.133232,0.154482,-0.279877,-0.141751,0.084204,-0.268128,-0.193296,0.211245,0.256609,0.003102,0.252851,0.014634,0.109537,0.122698,0.304395,-0.082493,-0.185244,0.100779,0.22542,0.262987,-0.216029,0.404638,0.30218,0.142186,0.131415,0.359461,0.259908,0.008381,-0.001941,-0.105723,#
