0,1.0,0.232983,-0.005947,-0.329681,0.47606,0.044501,0.283965,0.068178,0.428942,0.04361,-0.059182,0.330199,0.35039,0.245476,-0.00688,0.037248,0.12787,0.096013,0.148064,-0.29532,-0.214336,-0.03109,0.342022,-0.113245,-0.212592,-0.300125,-0.146605,-0.081987,0.193635,0.178172,-0.405162,-0.014658,0.009995,-0.167995,-0.204894,0.067638,0.135599,-0.068214,0.006114,0.004419,0.146973,-0.157107,-0.041415,0.141005,-0.134928,-0.204535,0.286291,0.19708,-0.001166,0.163261,0.190827,-0.163775,0.090627,0.028182,-0.036625,-0.011864,-0.190631,0.043111,-0.035933,0.161859,0.221025,-0.016378,-0.121859,-0.01937,0.182261,0.378494,-0.048217,0.154502,0.288778,-0.167367,0.077117,-0.27106,-0.173147,-0.268802,-0.302168,0.349196,-0.230612,-0.214313,-0.341606,-0.093997,-0.215911,-0.354501,-0.231328,0.075375,-0.246496,-0.143048,-0.314401,-0.212625,-0.014742,-0.381528,-0.322659,-0.252571,-0.263814,0.042856,-0.272499,-0.332822,-0.262294,-0.280379,-0.099289,-0.31402,0.193741,-0.406954,-0.217682,-0.266562,-0.238074,-0.161508,-0.239378,-0.154994,-0.39084,-0.007939,0.098881,-0.068166,-0.173751,-0.242761,-0.438104,-0.353845,-0.344862,-0.337195,-0.013099,-0.459102,-0.301535,-0.43338,-0.32165,-0.362878,-0.226872,-0.196661,-0.427363,-0.035622,-0.142416,-0.428797,-0.268974,-0.152027,-0.143943,0.014025,-0.220994,-0.447295,0.219159,-0.479254,-0.20826,-0.310149,-0.19016,-0.257706,-0.431045,-0.131462,-0.403822,-0.192566,-0.482307,0.397882,-0.349019,-0.319653,-0.348814,-0.412103,-0.283222,-0.224771,-0.454434,-0.293663,0.336157,0.424582,-0.332994,-0.239411,-0.240603,-0.131723,-0.346698,-0.115778,-0.036947,0.07886,-0.023131,-0.07607,-0.23761,-0.265032,0.079232,0.251139,-0.192949,-0.317193,0.309514,-0.255743,-0.156055,0.24487,0.302017,-0.517561,0.182939,0.049289,0.012296,0.057837,0.512208,-0.099131,0.204116,0.146628,-0.187757,0.530577,-0.16827,0.050087,0.480775,0.341453,-0.021431,0.314423,0.411332,-0.45179,-0.394244,0.232091,#
1,0.232983,1.0,0.154049,0.063515,0.22127,-0.108915,0.133679,0.148727,0.122414,0.210181,-0.306749,0.050583,0.181473,0.267412,0.162647,-0.198757,-0.190397,0.370255,0.23913,-0.108476,0.102402,0.135029,0.190162,0.043766,-0.23184,-0.05348,0.187289,0.061797,0.225776,0.262807,-0.50707,0.196103,0.144225,0.009617,-0.225407,0.011713,0.114549,-0.176638,0.107411,-0.171675,0.083438,0.202731,0.133263,0.088849,-0.337676,-0.372784,0.228152,0.351716,-0.031866,0.220352,0.151423,-0.211921,0.065731,0.094352,0.053587,-0.136082,-0.304407,-0.023923,-0.207666,0.002665,-0.043088,0.283175,-0.303881,0.216216,0.054574,0.103308,0.051576,0.25294,0.155965,-0.063636,-0.088922,-0.186083,-0.027878,-0.045869,-0.243356,0.219537,-0.158712,-0.144539,-0.263892,-0.420273,-0.231902,-0.364476,-0.388898,0.149068,-0.348326,-0.062986,-0.166225,0.028846,-0.120979,-0.067323,-0.123672,-0.101895,-0.349475,0.265153,-0.373612,0.02334,0.131706,-0.128909,-0.023999,-0.151755,-0.008185,-0.313432,-0.472747,-0.101469,-0.501985,-0.333105,-0.242236,-0.272548,-0.319969,-0.09981,0.241549,0.223968,-0.109701,-0.319222,-0.023304,-0.099605,-0.272211,-0.335558,0.098318,-0.168234,-0.217871,-0.107957,-0.243015,-0.407301,0.111316,-0.0975,-0.334395,-0.237844,-0.010352,-0.069812,-0.286395,-0.166819,-0.23137,0.099715,-0.120797,-0.115935,0.070081,-0.164302,-0.022587,-0.171738,-0.200932,0.21367,-0.252727,-0.22819,-0.158283,-0.337,-0.156544,0.290538,-0.285699,-0.238716,-0.297089,-0.147482,-0.038274,-0.041488,-0.148742,-0.012716,0.28763,0.286376,-0.170922,-0.038978,-0.04499,-0.032196,-0.027227,0.109054,-0.046092,0.320427,0.060478,-0.076348,-0.224248,0.105129,-0.279369,0.097058,-0.097117,-0.223357,0.303967,0.035647,-0.159674,-0.026113,0.20714,-0.262444,0.115695,0.002727,-0.161962,-0.064717,0.170574,-0.165809,0.087541,-0.216575,-0.262139,0.358779,0.018601,0.274785,0.139361,0.112101,-0.118187,-0.002904,0.22365,-0.374394,-0.186091,-0.007673,#
2,-0.005947,0.154049,1.0,0.331761,0.079187,-0.399249,-0.151642,-0.236861,-0.211439,0.179868,-0.085277,0.088674,-0.116986,-0.106699,-0.275224,-0.259074,-0.045128,0.095192,-0.064596,-0.150305,-0.026464,-0.215667,0.144284,-0.010741,-0.12475,-0.081566,0.158456,-0.371,-0.189658,0.204993,-0.125031,0.082478,-0.089401,0.025056,-0.019395,-0.13358,-0.120447,-0.012705,0.008593,-0.1389,0.075244,0.058349,-0.023567,-0.090142,0.186506,-0.297159,-0.003891,0.211944,-0.249304,0.026461,-0.237997,0.063649,-0.003743,0.273592,0.005641,-0.285546,-0.260412,0.032868,-0.200611,-0.061687,-0.102615,-0.077431,-0.224565,-0.229977,-0.03345,-0.008768,-0.236764,-0.057876,-0.117144,0.196615,0.030481,0.103182,-0.006802,0.163558,-0.129953,0.179862,-0.174187,-0.090507,-0.107245,0.081836,-0.086504,0.068341,-0.122981,0.402649,-0.00127,-0.151524,0.041889,0.083424,-0.169562,-0.092557,-0.100254,-0.303557,0.023616,-0.098668,-0.328231,0.134588,0.210242,0.115449,-0.020111,0.041986,-0.120091,0.001441,-0.040874,0.086176,-0.295392,-0.11036,0.098711,0.160646,-0.014675,0.346086,0.218807,0.125477,-0.021854,-0.053774,0.225866,-0.030152,-0.082791,-0.243082,0.127836,0.014947,-0.237731,-0.148946,0.12504,0.055754,-0.112864,0.015605,-0.25583,-0.09565,0.172583,0.132639,0.27984,-0.081352,-0.183453,-0.020916,0.102592,0.012084,0.276575,0.155879,0.109836,-0.125015,0.133946,0.469755,0.100974,-0.346079,-0.098507,0.186294,0.080755,0.116592,-0.222525,0.179957,-0.362372,0.157984,0.275683,-0.16072,-0.127791,-0.101914,-0.051523,0.082482,0.151938,-0.034695,0.11003,-0.039028,0.379884,-0.029346,-0.035171,-0.115427,-0.261783,-0.310741,0.147968,0.022318,0.087063,-0.016891,0.047954,0.066101,-0.025705,0.031849,-0.209949,-0.104752,-0.182812,0.053874,0.030685,-0.115284,-0.123272,-0.004295,-0.149436,0.128379,-0.184578,-0.282035,0.005191,0.079339,0.24395,0.113951,-0.00198,0.086305,-0.038284,-0.210874,0.032524,0.121471,0.170372,-0.223158,#
3,-0.329681,0.063515,0.331761,1.0,-0.043283,-0.196031,-0.361533,-0.210215,-0.342874,0.008634,0.087603,-0.242451,-0.16973,-0.15716,-0.2058,-0.321837,-0.074409,0.109387,-0.013419,0.103369,0.093988,-0.210816,-0.081746,-0.073557,0.119558,0.094291,0.057829,-0.081047,-0.128515,-0.114266,0.353571,0.065623,-0.104606,-0.016103,-0.131728,-0.371494,-0.192408,-0.02642,0.107331,0.138584,0.183652,0.032928,0.180232,-0.114734,-0.060075,-0.029154,-0.243989,-0.122346,0.026962,-0.214254,-0.245573,0.292962,-0.013044,0.23847,-0.052002,0.045426,0.031848,-0.102631,0.016287,-0.230589,-0.237513,0.164714,-0.046346,-0.220118,-0.211931,-0.293197,0.068999,-0.141155,-0.347595,0.444998,-0.05259,0.341897,0.221663,0.461639,0.145272,-0.121878,0.113386,-0.014613,0.288962,0.268799,-0.010794,0.245557,0.141645,0.159969,0.211862,-0.014859,0.152888,0.234532,0.020324,0.249462,0.097368,0.166513,0.040567,0.031079,0.187466,0.265709,0.263721,0.330888,0.03113,0.238286,-0.116381,-0.022575,0.379971,0.170126,-0.016259,0.108751,0.221973,0.253023,0.247923,0.202412,0.126387,-0.016963,0.01458,0.034882,0.227963,0.109825,0.364628,0.159386,0.152064,0.22087,0.178732,0.049468,0.334805,0.036888,0.128402,0.283631,-0.068121,-0.096443,0.402974,0.302887,0.313965,0.130367,-0.174075,-0.066272,0.194303,0.314516,0.007252,0.31412,0.051199,0.216373,0.159992,0.432426,0.350147,-0.259558,0.165445,0.166743,0.20115,-0.222586,0.103946,0.411234,-0.018659,0.378308,0.217317,0.082916,0.465674,0.167209,-0.207988,-0.320829,0.384231,0.108943,-0.009544,0.117823,0.111423,-0.021007,-0.129759,-0.172812,0.179068,-0.206129,0.040492,0.160159,-0.239788,-0.255118,-0.017853,0.2417,-0.209838,0.197535,0.090572,-0.109319,-0.203623,0.468359,-0.45007,0.037389,-0.186339,-0.250532,-0.124176,-0.191318,-0.101804,-0.227214,0.056594,-0.323464,0.297754,-0.184167,-0.248909,-0.141427,-0.122527,-0.314195,-0.307965,0.191849,-0.11059,-0.191508,#
4,0.47606,0.22127,0.079187,-0.043283,1.0,-0.090188,0.29432,-0.085871,0.195155,0.228824,0.032569,0.141971,0.233587,0.083397,0.11484,-0.167537,0.242332,-0.014979,-0.027945,-0.26339,-0.122383,0.073804,0.192033,-0.038022,-0.371754,-0.108936,-0.061044,-0.141065,0.074793,0.128048,-0.217769,-0.044307,-0.103823,-0.016637,-0.355276,0.112169,0.120801,-0.213824,0.184919,0.097624,0.05013,-0.201403,-0.095741,0.106521,-0.170414,-0.048888,0.140226,0.195118,-0.012834,0.124108,0.161617,-0.401922,0.072356,0.020404,0.135439,-0.355824,-0.448222,0.246004,-0.289364,-0.131061,0.142042,0.023278,-0.129483,0.032485,0.167547,0.266556,0.034001,0.145094,0.207599,-0.175138,-0.164202,-0.46354,0.226672,-0.412799,-0.211323,0.30443,-0.298434,-0.440776,-0.347108,-0.229093,-0.316331,-0.337878,-0.345746,-0.15341,-0.346286,-0.467185,-0.344055,-0.303271,-0.303081,-0.23079,-0.208235,-0.197335,-0.251863,-0.073761,-0.390289,-0.315089,-0.2612,0.043839,-0.012003,-0.052974,0.136961,-0.276128,-0.121903,-0.218096,-0.342612,-0.492953,-0.337864,-0.198802,-0.155874,0.121595,0.027063,-0.009462,-0.356195,-0.325453,-0.272795,-0.172782,-0.210606,-0.473521,-0.095905,-0.259816,-0.367621,-0.275272,-0.268862,-0.201158,-0.018395,-0.220474,-0.452182,-0.243907,-0.326533,-0.064118,-0.232411,-0.18618,-0.390505,-0.165546,-0.078066,-0.442937,0.269667,-0.387302,-0.185887,-0.299491,-0.250758,0.055788,-0.023409,-0.195792,-0.43794,-0.28698,-0.213696,0.385653,-0.45956,-0.205802,-0.277848,-0.214014,-0.25175,-0.282726,-0.28996,-0.242921,0.342433,0.358017,-0.271667,-0.418111,-0.079838,-0.149898,-0.169643,-0.171271,-0.141546,0.316039,-0.107041,-0.039428,-0.056719,-0.105529,0.105946,0.01427,-0.244004,-0.364818,0.155445,-0.304311,-0.330346,0.00265,0.181956,-0.241135,0.159892,-0.046454,0.27721,0.280815,0.305028,0.01488,0.285544,-0.217673,-0.034371,0.317169,-0.090742,0.322486,0.287564,0.357602,0.254417,0.062291,0.22897,-0.405688,-0.468115,0.337467,#
5,0.044501,-0.108915,-0.399249,-0.196031,-0.090188,1.0,0.153313,0.303069,0.108007,-0.06298,0.097414,-0.123019,-0.243524,0.377859,0.245902,0.191812,0.038954,-0.12774,-0.024774,0.02063,0.041885,0.199631,-0.04274,-0.212954,0.161791,-0.108493,0.04744,0.341247,-0.037711,-0.110018,0.188679,0.217112,0.042009,-0.146185,-0.218126,-0.092164,-0.086767,0.126216,0.166051,-0.120628,-0.174143,-0.025749,0.179286,0.296081,-0.035551,0.1111,-0.044664,-0.065481,0.144333,0.120717,0.183434,0.07516,0.185748,-0.261763,-0.066138,0.250469,0.257496,0.160696,0.035228,0.294775,0.195327,0.048422,-0.033337,0.306686,0.036679,0.119666,-0.196972,0.228883,-0.012833,0.026757,0.029883,-0.198017,0.14329,-0.084493,-0.043669,0.011726,0.270729,0.128529,-0.142501,0.096529,0.03535,0.005875,0.112406,-0.073569,0.122012,0.207193,-0.040665,-0.267215,0.131348,-0.201165,0.032576,0.089965,-0.022113,-0.085946,0.237839,0.007788,-0.192262,-0.106014,0.046609,-0.164903,-0.133934,-0.059711,0.057376,-0.182794,0.268955,-0.015455,0.027489,-0.213107,-0.045395,-0.426201,-0.114022,0.144506,-0.04928,-0.148176,-0.217638,-0.087325,0.068244,-0.079123,-0.103578,-0.105661,0.008713,0.193162,0.03283,-0.105663,-0.224546,0.183078,0.082408,0.19522,-0.06503,-0.190534,-0.059396,-0.09253,0.007256,0.08183,-0.05565,-0.141209,-0.068235,-0.154062,-0.127388,0.009326,-0.057557,-0.230345,-0.371158,-0.122132,-0.027011,0.049157,-0.068774,-0.005966,0.31819,-0.163452,0.023394,0.038624,-0.049332,0.363374,-0.100074,0.053679,0.064876,-0.016087,-0.196916,0.122082,-0.121023,-0.075768,-0.00371,0.098537,0.016748,0.023386,0.325765,0.194695,-0.076867,0.004734,0.09054,-0.023774,0.05402,0.174205,0.085015,0.047171,0.153306,0.087213,0.131885,-0.116363,0.090592,0.114625,-0.004049,0.036669,-0.039629,-0.216174,0.110091,0.166292,0.02684,0.129384,-0.021919,-0.195337,0.091875,-0.209985,0.132592,0.153045,-0.055101,-0.040457,0.042733,0.173689,#
6,0.283965,0.133679,-0.151642,-0.361533,0.29432,0.153313,1.0,0.15954,0.581302,-0.097154,0.168794,0.123812,0.242388,0.008646,0.322854,0.095334,-0.16837,-0.114234,0.072785,0.036713,0.075956,0.314145,0.162674,-0.210558,-0.160452,-0.088473,-0.054945,-0.20009,0.142133,0.17615,-0.428055,-0.0986,0.046553,-0.121543,-0.082617,0.103149,0.192427,-0.114097,0.033199,0.137361,0.034005,0.019002,-0.279467,0.065193,-0.116553,0.095935,0.134643,0.320144,0.276512,0.209758,0.30993,-0.161076,-0.003717,-0.09795,0.075133,0.156162,0.047511,0.103553,0.031127,0.271579,0.091712,0.179561,-0.153699,0.195005,0.262545,0.147118,-0.023185,0.005958,0.221169,-0.241934,0.143387,-0.327936,0.12946,-0.297535,-0.422009,0.249777,-0.138462,-0.136759,-0.315082,-0.212621,-0.207003,-0.29984,-0.177712,-0.307838,-0.386241,-0.046,-0.176176,0.01327,-0.298066,-0.208859,-0.243541,-0.261603,-0.159614,0.027137,-0.384226,-0.094429,-0.102836,-0.346563,-0.072725,-0.167468,0.015083,-0.210296,-0.185726,-0.132948,-0.087298,-0.180296,-0.090554,-0.277679,-0.294112,-0.123955,0.071618,0.043123,-0.151582,-0.41289,-0.06738,-0.178559,-0.295838,-0.205887,-0.011213,-0.469627,-0.213668,-0.236685,-0.16139,-0.468443,-0.104931,-0.056733,-0.221615,0.088845,-0.281335,-0.254926,-0.273301,-0.309638,-0.23036,-0.027446,-0.180883,-0.206103,-0.016896,-0.212915,-0.016674,-0.251113,-0.274592,-0.212603,-0.303391,-0.075806,-0.220017,-0.118488,-0.398145,0.563157,-0.014711,-0.530311,-0.118235,-0.324703,-0.34417,-0.137135,-0.334684,-0.090818,0.242927,0.350538,-0.063733,-0.359613,0.17924,-0.023002,-0.09616,-0.043183,0.066781,0.399445,0.021533,0.141192,-0.106756,-0.130686,-0.024838,0.033513,-0.014564,-0.244007,0.247281,-0.334455,-0.099853,0.333635,0.398697,-0.328555,0.238452,0.484726,0.088763,-0.039637,0.379044,0.044377,0.021715,0.119989,-0.237933,0.3961,0.026406,0.164113,0.306366,0.086422,-0.096481,0.122382,0.42726,-0.170169,-0.118906,0.111782,#
7,0.068178,0.148727,-0.236861,-0.210215,-0.085871,0.303069,0.15954,1.0,0.065906,-0.224585,-0.253656,-0.075723,-0.038827,0.220189,0.172295,-0.149226,0.025304,0.033069,-0.005101,0.032791,0.1214,0.417633,-0.112642,0.030274,-0.108364,0.145038,0.30765,0.235562,-0.274018,-0.103066,-0.120012,0.357552,0.193799,0.029963,-0.095315,0.010029,0.004073,-0.337351,0.155165,-0.029845,-0.101541,0.05686,0.143795,-0.01267,-0.20869,0.036552,0.024941,0.061194,-0.10431,-0.006796,0.147301,-0.026313,0.180292,-0.18156,-0.077701,0.082879,0.253128,-0.087003,0.18232,0.2689,0.021457,0.217708,-0.217842,0.295071,0.142942,0.22934,-0.123789,0.151179,0.111305,-0.417987,0.059433,0.05379,-0.139492,0.091219,-0.14134,-0.073564,0.096371,0.028907,-0.241917,0.1003,0.124206,-0.000529,0.117498,-0.175142,0.046544,0.298602,0.117716,0.154109,0.123835,-0.050423,-0.060584,-0.010275,0.04849,0.06393,0.049335,0.004234,-0.109179,0.049492,-0.058784,-0.264962,0.003566,-0.137096,-0.033896,-0.039488,-0.087998,-0.084333,-0.075336,-0.263246,-0.138284,-0.293466,-0.006646,0.067215,-0.146254,-0.008349,0.038089,0.095043,-0.029455,0.08332,-0.150905,-0.054786,-0.060971,0.02032,0.043503,-0.157645,-0.01517,0.10444,0.050181,-0.302005,0.054062,-0.021755,-0.234243,-0.119824,0.185527,-0.090694,0.212656,0.028182,0.128084,-0.074928,-0.084831,-0.090324,-0.146822,-0.251052,-0.183016,0.049753,0.064496,-0.133319,-0.088643,0.105,0.127699,-0.000539,-0.001718,0.02106,0.039433,0.09415,0.156199,0.07471,0.124446,-0.09469,-0.187518,0.188991,0.090034,-0.095574,-0.034001,0.048425,0.281713,0.118241,0.107996,0.006084,-0.160842,0.173786,-0.069005,-0.029574,-0.045675,0.007029,0.00696,-0.045259,-0.030556,-0.074841,0.063502,-0.273569,-0.052552,-0.015716,0.070743,-0.125642,-0.057517,-0.077172,0.008742,0.046652,0.029886,0.059618,0.158733,0.064576,0.075592,-0.227221,0.082197,0.246274,-0.12723,-0.131973,-0.156623,0.066023,#
8,0.428942,0.122414,-0.211439,-0.342874,0.195155,0.108007,0.581302,0.065906,1.0,0.027894,0.083522,0.209632,0.334447,0.060851,0.336046,0.042004,-0.285018,0.086451,0.235714,-0.061195,0.018721,0.163476,0.321139,-0.017785,0.058823,-0.342488,0.064705,-0.03885,0.402522,0.135333,-0.363341,-0.032766,0.190524,0.009367,-0.260637,0.078891,0.202283,-0.171831,-0.035522,0.044656,0.173964,-0.194389,-0.190723,-0.017194,-0.045678,-0.080286,0.335901,0.313781,0.221674,0.173855,0.129372,-0.20881,-0.055233,0.077689,0.07034,-0.000253,0.057904,-0.122738,0.221727,0.119103,0.127017,0.059165,-0.184683,0.174253,0.093283,0.246176,0.065904,0.046032,0.337575,-0.128046,0.163106,-0.338748,0.014026,-0.205839,-0.255399,0.092855,-0.182584,-0.127978,-0.291095,-0.372107,-0.021803,-0.37015,-0.141022,-0.218437,-0.215451,0.039849,-0.091243,-0.109267,-0.220753,-0.191987,-0.076505,-0.152173,-0.365061,0.28306,-0.305315,0.017594,-0.068308,-0.321005,0.046471,-0.225779,0.021101,-0.228383,-0.140018,-0.211637,0.038779,-0.110892,-0.270069,-0.159769,-0.273349,-0.084081,0.114843,0.07038,-0.132237,-0.20598,-0.116705,-0.38105,-0.278052,-0.118412,0.041864,-0.385213,-0.23539,-0.351011,0.012531,-0.544151,-0.065699,-0.058484,-0.123862,0.124311,-0.135056,-0.393535,-0.157346,-0.276356,0.02634,0.035759,-0.078467,-0.08924,-0.174616,-0.268476,0.093512,-0.133279,-0.127886,-0.253088,-0.494769,-0.096123,-0.315969,-0.11044,-0.287997,0.332015,-0.090694,-0.423431,-0.040396,-0.317378,-0.225035,-0.18679,-0.16073,-0.193304,0.370959,0.497887,-0.047874,-0.261485,0.00517,-0.090003,-0.138469,-0.002776,-0.020049,0.311643,-0.000773,0.035294,-0.209665,-0.095859,-0.120077,0.351757,-0.057568,-0.329921,0.295733,-0.360585,-0.223691,0.285639,0.233544,-0.4585,0.303691,0.272766,0.053767,-0.066649,0.262259,-0.026403,0.092168,0.126365,-0.343375,0.279021,0.037448,0.064754,0.315817,0.028493,-0.14206,0.090113,0.377784,-0.282059,-0.067828,0.10698,#
9,0.04361,0.210181,0.179868,0.008634,0.228824,-0.06298,-0.097154,-0.224585,0.027894,1.0,0.000862,-0.087315,0.190237,0.024255,-0.169782,-0.017621,-0.308034,0.343019,0.050307,0.025449,0.081582,-0.007979,0.233176,0.104766,-0.007651,0.049423,0.061524,-0.004656,0.007939,0.224036,0.028701,-0.027637,0.031757,0.259604,-0.166158,0.064397,0.051138,-0.14534,-0.127879,-0.195291,-0.004899,0.142877,0.161341,0.212755,0.27474,-0.323395,0.016853,0.379225,0.013733,0.203465,-0.034086,-0.082804,0.034768,-0.020322,-0.087806,-0.339086,-0.141628,0.033681,-0.074798,-0.193941,0.15698,-0.096256,-0.066041,-0.195155,-0.034155,0.020715,-0.102823,0.208231,-0.054401,0.005649,0.045164,-0.233183,0.027026,-0.091872,0.186888,0.224841,-0.241813,-0.462655,0.018658,-0.06936,0.016858,-0.096176,-0.137096,-0.086689,0.013169,-0.059165,-0.144256,-0.103174,-0.142055,0.023112,0.016021,0.067338,-0.343582,0.125415,-0.204574,0.110307,0.144831,0.036801,0.278864,-0.128261,-0.213136,-0.170501,-0.028719,-0.023818,-0.24442,-0.188382,-0.087074,-0.14968,-0.06746,-0.019551,0.394781,0.114967,0.003127,-0.332735,-0.150101,-0.110167,-0.03856,-0.158217,0.334529,-0.275915,0.014972,0.087042,0.192713,0.025394,-0.149587,0.017147,-0.195776,-0.139035,-0.165464,0.169322,0.02508,-0.025452,0.069952,0.374297,-0.071951,0.124213,0.068738,-0.074394,0.187733,-0.211689,0.044108,0.145214,-0.023726,0.040214,-0.038784,0.104746,0.16538,0.112479,-0.325041,0.167184,-0.434621,-0.075754,0.201565,0.098736,-0.129046,0.228286,0.194749,0.259567,-0.04405,0.01898,-0.188025,0.0121,-0.103593,0.25442,-0.10571,0.259105,-0.280767,-0.103306,0.104501,0.082238,0.059552,0.025225,0.042519,-0.190139,0.194402,0.107492,-0.018184,-0.095412,-0.049705,-0.00101,0.000308,-0.155284,-0.359606,0.276657,-0.227898,-0.018592,0.096024,-0.242962,-0.302353,0.18608,-0.016083,-0.052073,-0.178355,0.024967,0.150767,-0.283907,0.006777,0.017888,0.177579,-0.048607,#
10,-0.059182,-0.306749,-0.085277,0.087603,0.032569,0.097414,0.168794,-0.253656,0.083522,0.000862,1.0,-0.027187,-0.210578,-0.129906,0.277061,0.30967,0.013524,-0.39919,-0.03783,-0.028014,-0.16896,0.069976,-0.00253,0.082089,-0.01031,0.199283,-0.060178,0.090587,0.080229,-0.258432,0.083949,-0.079905,-0.136112,0.018174,0.154243,-0.086911,-0.181549,0.142135,-0.025797,0.202092,-0.234777,-0.189161,-0.166863,0.158596,0.332639,0.144392,-0.183982,-0.261736,0.288375,-0.098456,0.022073,0.179631,-0.032423,0.090226,0.146206,0.274273,0.009135,0.03567,0.014653,0.074895,0.121408,-0.147797,0.121605,-0.100066,0.059009,-0.146357,-0.110828,-0.352441,-0.398527,-0.004133,-0.047481,-0.011161,0.344991,0.037505,-0.101137,0.126093,-0.153046,0.022366,0.052213,-0.033772,-0.28921,0.125074,0.152957,-0.140235,-0.096621,-0.055818,0.159464,-0.061949,-0.263414,-0.165291,0.108017,-0.271219,0.219883,-0.359474,0.098422,0.090363,-0.176525,-0.03882,-0.361294,0.063019,0.002143,0.123374,0.101447,-0.092593,0.148568,0.077224,-0.104369,0.000423,0.095117,0.199836,-0.303694,-0.071989,-0.115733,0.019319,-0.283504,-0.141277,0.065645,0.040678,-0.191163,0.069837,0.23083,-0.041596,0.231474,0.152245,0.134435,-0.07678,0.10922,0.285278,-0.131403,-0.144568,0.220399,-0.134964,-0.266761,-0.264362,-0.040883,0.209457,-0.088718,-0.176914,0.01763,-0.001642,-0.1083,0.000843,-0.066421,-0.063323,-0.100513,0.069561,-0.056319,-0.26328,0.219468,-0.016774,0.184468,0.124485,-0.308022,-0.121619,-0.090939,-0.089568,-0.253942,0.025231,0.154913,-0.037298,-0.146672,-0.136807,0.09437,-0.412601,-0.290488,-0.030974,0.036623,0.149707,0.241139,-0.287486,0.104697,-0.198852,-0.236715,0.093481,0.061076,-0.213727,-0.180115,0.123616,-0.10438,0.028669,0.032476,0.36179,0.148479,0.351374,-0.079374,0.001413,-0.021495,-0.095602,0.330071,-0.111503,-0.260118,0.236955,0.025337,-0.03705,-0.007764,-0.065471,0.104531,0.049634,-0.117238,-0.015655,#
11,0.330199,0.050583,0.088674,-0.242451,0.141971,-0.123019,0.123812,-0.075723,0.209632,-0.087315,-0.027187,1.0,-0.081231,-0.319884,0.068506,0.238682,0.16613,-0.170055,-0.316346,-0.244299,-0.259857,-0.01971,0.025011,-0.023192,-0.043825,0.03649,-0.068058,-0.242074,0.219607,0.230306,-0.277427,0.031601,-0.15047,-0.056242,0.122268,0.022335,-0.222401,-0.009526,-0.088889,0.059109,-0.040185,-0.098401,-0.281345,-0.222346,-0.005363,-0.04885,-0.052683,-0.031916,-0.120262,0.078008,-0.249127,-0.173798,-0.113184,0.057095,0.118841,-0.06645,-0.325562,-0.026468,-0.120603,0.252808,-0.130138,-0.129966,-0.064164,-0.02386,0.211651,-0.173446,-0.121021,-0.067304,-0.001858,0.05135,0.019614,-0.206144,0.07208,-0.259034,-0.399888,-0.006115,-0.233795,-0.03373,-0.256624,-0.098848,-0.110247,-0.264748,-0.223101,0.048792,-0.174104,-0.097534,-0.226771,-0.357929,-0.014126,-0.297858,0.077395,-0.251298,-0.023624,-0.263118,-0.277478,-0.044152,-0.168359,-0.351954,-0.343128,0.031085,0.131579,-0.262985,-0.210214,-0.179802,-0.241699,-0.115809,0.040583,0.120256,-0.223025,0.112901,-0.263393,0.035076,-0.340346,0.033174,-0.168662,-0.297975,-0.169136,-0.08759,-0.402634,0.007739,-0.235042,-0.304724,-0.30977,0.026169,-0.157287,-0.227811,-0.052646,-0.242496,-0.188283,-0.077791,-0.177148,-0.14511,-0.129847,-0.08243,-0.27956,-0.088005,0.065642,-0.396139,0.057826,-0.227003,0.008238,0.04719,-0.118918,-0.26242,-0.397452,-0.173681,-0.135915,0.08272,-0.345557,-0.146483,-0.158725,-0.40618,-0.11952,-0.121518,-0.29521,-0.409768,-0.0991,0.081961,-0.065668,-0.015972,0.010156,-0.106281,-0.154517,-0.264704,-0.245428,-0.012884,-0.076196,0.074875,0.091138,-0.381646,0.290889,0.055866,-0.160966,-0.049698,0.256255,-0.354186,-0.324889,0.145187,-0.057129,-0.196932,0.359594,0.004867,0.311717,0.250992,0.326209,-0.046499,0.019423,0.158064,0.097203,0.229731,-0.058945,0.254084,0.180789,0.136645,-0.209964,0.296041,0.222256,-0.189734,-0.037211,0.002175,#
12,0.35039,0.181473,-0.116986,-0.16973,0.233587,-0.243524,0.242388,-0.038827,0.334447,0.190237,-0.210578,-0.081231,1.0,0.179296,0.11899,-0.122302,-0.131348,0.262695,0.215771,0.09324,-0.000925,0.099692,0.363351,-0.079158,-0.268612,-0.269648,0.012163,-0.131208,0.31787,0.063515,-0.36683,-0.115011,0.049509,-0.055202,-0.031325,-0.001176,0.300103,-0.151967,0.015515,-0.157711,0.235696,0.213672,-0.018998,-0.114368,-0.061554,-0.089738,0.464758,0.32112,0.020503,0.119566,0.138935,-0.179241,0.123217,0.085921,-0.012939,0.02358,0.030632,0.000422,0.078408,-0.077305,0.115261,0.1788,-0.145244,0.011429,0.133762,0.291336,0.17055,0.143326,0.26758,-0.153157,0.259781,-0.161643,-0.143085,-0.18439,-0.155462,0.263459,-0.090447,-0.337907,-0.135852,-0.268624,-0.005981,-0.27614,-0.301831,-0.169664,-0.026736,0.065978,-0.221027,0.050449,-0.08463,0.065812,-0.20588,-0.063266,-0.357403,0.215278,-0.198325,-0.121326,0.18075,-0.152161,0.206246,-0.453219,0.28281,-0.251288,-0.251116,-0.261939,-0.221523,-0.039479,-0.171987,-0.069888,-0.413926,-0.019956,0.361994,-0.169525,0.034205,-0.28517,-0.103529,-0.219599,-0.497248,-0.006882,0.261897,-0.456645,-0.092114,-0.388376,-0.051493,-0.339177,0.027258,0.051039,-0.515167,0.013653,-0.138634,-0.120458,-0.071811,-0.179952,0.055706,0.166428,-0.155322,-0.166624,-0.041985,-0.005567,0.001164,-0.22375,-0.295977,-0.197721,-0.181436,0.151546,-0.195949,-0.112769,-0.34078,0.439292,-0.2537,-0.172241,-0.202829,-0.413183,0.031161,-0.084877,-0.060442,0.132851,0.405864,0.357422,-0.201429,-0.304947,-0.182744,-0.133054,-0.289473,0.118625,0.190805,0.114512,-0.076853,-0.11973,-0.218841,0.012702,0.058835,0.194723,0.136287,-0.214912,0.261527,0.087701,0.032569,0.275854,0.212044,-0.45459,0.097814,0.030776,-0.116478,-0.25195,0.222748,0.021976,0.363318,0.042772,-0.463997,0.342305,0.058322,0.036922,0.16605,0.153533,-0.075913,0.022022,0.275098,-0.257667,-0.124732,0.10545,#
13,0.245476,0.267412,-0.106699,-0.15716,0.083397,0.377859,0.008646,0.220189,0.060851,0.024255,-0.129906,-0.319884,0.179296,1.0,0.130778,-0.046296,-0.034497,0.251923,0.347291,-0.079716,0.08178,0.057465,0.358246,-0.160745,-0.275129,-0.371354,0.179687,0.386767,0.248079,0.067264,-0.110885,0.169856,0.183508,-0.264798,-0.077297,-0.015532,0.008694,0.013393,0.04275,-0.302655,0.059792,0.161541,0.228777,0.400064,-0.177084,-0.364109,0.277265,0.24063,0.056642,0.041977,0.183797,0.104683,0.104204,-0.150566,-0.206423,-0.169806,0.133915,0.01661,0.013141,-0.026344,0.209384,0.187275,-0.156753,0.227477,0.118373,0.497857,0.077605,0.403132,0.235497,0.004367,-0.057487,-0.185675,0.004553,-0.186566,-0.138167,0.340977,0.002157,-0.163786,-0.205772,-0.088148,-0.240269,-0.261554,-0.134798,0.078336,-0.014023,0.066022,0.025604,-0.03027,0.010455,-0.168352,-0.119843,-0.12487,-0.28366,0.150289,-0.011918,-0.207782,0.012026,-0.135994,0.065163,-0.398443,0.012596,-0.069902,-0.141203,-0.17155,-0.12006,-0.115291,-0.151144,-0.412625,-0.169999,-0.100581,0.241581,0.167109,-0.032927,-0.112884,-0.11032,-0.042926,-0.31927,-0.168817,0.159954,-0.205077,-0.09065,-0.126845,-0.125383,-0.151401,0.053314,0.072819,-0.321403,-0.001687,-0.090613,-0.20313,-0.231874,0.007379,-0.187166,0.177365,-0.16237,-0.256997,-0.015931,-0.235784,0.023862,-0.037263,-0.285868,-0.192178,-0.256391,-0.253648,-0.102065,0.143859,-0.163455,0.199205,0.032746,-0.082831,-0.186849,-0.130712,-0.123763,-0.073229,-0.139284,0.134092,0.374388,0.34006,-0.284687,-0.027152,-0.172631,-0.211765,0.047907,0.220175,0.031953,0.121271,0.128247,-0.020309,-0.210314,0.184143,-0.011155,0.1976,-0.107523,-0.202075,0.272853,0.103542,-0.041582,-0.027819,0.355408,-0.33958,0.097779,-0.153353,-0.191903,-0.03388,0.182064,-0.046234,0.184934,-0.170589,-0.128846,0.273308,-0.027246,-0.03575,0.255325,0.166767,0.125169,0.120504,0.28001,-0.23211,-0.103316,0.083369,#
14,-0.00688,0.162647,-0.275224,-0.2058,0.11484,0.245902,0.322854,0.172295,0.336046,-0.169782,0.277061,0.068506,0.11899,0.130778,1.0,-0.056185,-0.044052,-0.141145,-0.077222,-0.020895,0.01375,0.303536,0.162469,0.148742,-0.048183,0.079565,-0.03638,0.238393,0.207695,-0.135147,-0.290059,0.231055,0.200997,-0.027249,-0.255817,-0.060261,-0.106592,-0.038978,0.453653,0.17403,-0.171949,0.210177,-0.251552,0.015252,-0.192275,0.277609,0.14883,-0.11043,0.154534,0.179229,0.151111,0.00734,-0.105318,-0.123569,0.053063,0.204557,-0.115861,0.149965,-0.241929,0.339935,0.181496,0.335054,-0.250256,0.441715,0.266829,0.158555,-0.09013,0.027971,0.105978,-0.19329,0.125647,-0.092541,0.277655,-0.109371,-0.456479,-0.071085,-0.017703,0.066474,-0.183739,-0.402121,-0.17236,-0.173352,-0.137302,-0.260096,-0.413904,0.059216,-0.061626,-0.113702,-0.423175,-0.248981,-0.172406,-0.127828,-0.051015,0.073377,-0.097492,-0.065106,-0.068529,-0.064927,-0.084354,-0.230195,0.135268,-0.012589,-0.285381,-0.180932,-0.036187,-0.065012,-0.296168,-0.127697,-0.166337,-0.170036,-0.134132,-0.112886,-0.259463,-0.055464,-0.255461,-0.235755,-0.259249,-0.160151,-0.264958,-0.116766,-0.10875,-0.279708,-0.125932,-0.258847,0.222927,-0.175101,-0.026295,-0.021432,-0.34931,-0.229369,-0.037025,-0.373152,-0.251551,-0.168908,-0.117318,-0.034422,0.008325,-0.251063,0.105076,-0.012653,-0.148988,-0.250143,-0.377177,-0.143599,-0.258498,-0.271023,-0.198544,0.028949,0.041174,-0.339312,0.049561,0.081359,-0.145618,-0.110574,-0.216227,0.015026,0.297037,0.261715,-0.268453,-0.076289,-0.029755,-0.081061,0.034597,-0.239428,-0.11897,0.276357,0.055157,0.162184,-0.082882,-0.190991,0.084471,0.073585,-0.079576,-0.104873,0.278771,-0.252504,-0.152076,0.031305,0.138,-0.252175,0.159645,0.35098,0.273077,0.096301,0.082341,0.016142,0.079517,0.017176,0.02649,0.094462,-0.166911,0.423061,0.013563,-0.158454,-0.130723,-0.088315,0.130665,-0.283816,-0.040041,0.113498,#
15,0.037248,-0.198757,-0.259074,-0.321837,-0.167537,0.191812,0.095334,-0.149226,0.042004,-0.017621,0.30967,0.238682,-0.122302,-0.046296,-0.056185,1.0,0.164938,-0.216903,0.247786,0.004722,-0.067759,0.173754,-0.126442,-0.011662,-0.097668,-0.030279,-0.135432,0.118194,-0.011307,-0.151191,-0.148588,0.049606,-0.136329,0.042814,0.372749,0.006937,-0.110873,0.262319,-0.297357,0.006914,0.017395,-0.218563,0.018254,-0.008841,0.241131,0.16812,-0.164845,-0.23064,0.150473,0.010253,0.163222,0.048967,-0.125862,-0.013926,-0.15904,0.128082,0.100059,-0.012086,0.051318,0.099066,0.126748,-0.271002,0.159796,0.198159,0.243375,-0.103612,-0.178663,-0.145064,0.039008,0.04063,-0.013117,-0.057792,0.066513,-0.199859,0.068679,0.010561,-0.211225,-0.056104,0.063977,-0.04697,-0.121289,-0.110585,-0.001279,-0.135164,0.067587,0.037356,-0.098807,-0.376704,0.005721,0.003983,0.305291,-0.195001,0.2247,-0.440531,0.022608,-0.071664,-0.174071,-0.373921,-0.45523,0.003504,0.144519,0.04237,-0.170384,-0.032442,0.142057,0.106154,-0.120107,-0.103095,-0.003785,-0.010333,-0.38738,-0.072294,0.072916,0.107369,-0.274491,-0.13007,-0.027161,0.128658,-0.222515,0.141021,0.071434,0.132694,-0.020703,0.142574,-0.053296,-0.156256,0.202702,0.187879,-0.119924,-0.1466,-0.038822,0.044117,0.015366,-0.109344,-0.131581,-0.038392,-0.247935,-0.322114,-0.173922,-0.186581,-0.022902,-0.110322,-0.170782,0.08088,-0.256262,0.172748,-0.145714,-0.076493,-0.214561,-0.187637,0.085814,0.025885,-0.221636,-0.008757,-0.25304,-0.1614,-0.336575,0.043229,-0.109936,-0.03122,-0.339048,-0.136201,0.000312,-0.230093,-0.185193,0.130221,-0.050095,0.141678,-0.033744,-0.015668,0.085986,0.289394,-0.216352,0.104825,-0.00442,-0.302255,0.01148,0.208781,-0.270563,-0.025763,0.275924,0.128377,0.233701,0.33983,0.062769,-0.058119,0.12735,0.153761,0.28202,-0.023831,-0.363173,0.073065,0.109003,0.192757,-0.039675,0.263876,0.274443,0.120599,-0.057235,-0.113496,#
16,0.12787,-0.190397,-0.045128,-0.074409,0.242332,0.038954,-0.16837,0.025304,-0.285018,-0.308034,0.013524,0.16613,-0.131348,-0.034497,-0.044052,0.164938,1.0,-0.327213,-0.30309,-0.366645,-0.357405,-0.045392,-0.184018,0.146771,-0.149191,-0.1689,-0.239914,-0.037332,-0.163136,-0.2578,0.060445,0.001538,-0.01307,-0.169385,0.034267,-0.013477,-0.232681,0.08964,-0.079972,0.069357,-0.248625,-0.209119,0.033115,0.099497,0.030074,0.250705,-0.13875,-0.357908,-0.089607,0.072997,0.178236,-0.070448,-0.074832,-0.005433,0.166624,0.023168,-0.15244,0.257141,-0.114911,0.099958,-0.01305,-0.176093,0.031901,0.092277,0.182053,-0.052482,0.067226,-0.124304,-0.100932,-0.123481,-0.284082,0.102784,0.151123,-0.216777,-0.170191,0.219121,-0.075233,0.035663,-0.034336,0.100791,-0.173715,0.042057,0.066732,0.171471,-0.025541,-0.239088,-0.075492,-0.308907,-0.016051,-0.309418,-0.006328,-0.192642,0.28551,-0.480505,0.038567,-0.292064,-0.196293,0.050945,-0.316971,0.038048,0.315657,-0.096613,0.069161,-0.099817,-0.024138,-0.220209,0.162812,-0.132021,-0.062549,0.22882,-0.456273,-0.118254,-0.111361,0.104798,-0.289138,0.098901,0.077238,-0.210689,-0.386918,0.417647,-0.199235,0.189744,-0.416663,0.157266,0.10538,-0.284144,-0.121763,0.032088,-0.200932,0.000926,-0.155026,0.140086,-0.120467,-0.259095,0.009076,-0.273603,0.188109,-0.334098,-0.530081,-0.115418,-0.103272,0.044812,0.041696,0.143794,-0.20283,-0.20348,-0.124068,-0.155959,-0.143154,-0.003135,0.160687,0.17254,-0.294596,-0.12048,-0.242649,-0.348426,-0.307269,-0.110313,-0.193715,-0.199712,-0.052335,-0.108225,-0.066706,-0.36432,-0.074593,-0.031322,0.027529,-0.021942,0.087979,-0.050171,0.410637,-0.014159,-0.252067,0.074318,-0.307307,-0.126923,-0.155372,-0.119796,-0.157434,0.137865,0.017009,-0.153055,0.676903,0.145865,0.136045,-0.096148,0.073042,0.146771,0.386688,-0.161667,-0.20361,0.190592,0.184322,0.318932,0.064873,0.215067,-0.00747,0.020293,-0.354192,0.231189,#
17,0.096013,0.370255,0.095192,0.109387,-0.014979,-0.12774,-0.114234,0.033069,0.086451,0.343019,-0.39919,-0.170055,0.262695,0.251923,-0.141145,-0.216903,-0.327213,1.0,0.182734,0.176564,0.30796,0.036441,0.413261,0.084984,0.06579,-0.198473,0.255029,0.092023,0.067061,0.117524,-0.008057,-0.074818,0.192215,0.315984,-0.246675,-0.057327,0.245083,-0.220316,0.176887,-0.233918,0.030135,0.228621,0.466959,-0.064979,-0.124065,-0.326791,0.273575,0.326376,-0.033039,-0.106886,0.264332,0.027716,-0.226114,0.012655,-0.110793,-0.189683,0.012831,-0.135526,0.085467,-0.183034,-0.025807,0.203598,-0.165945,-0.12949,-0.141191,0.170539,0.116727,0.353137,0.306478,0.164839,0.040356,-0.078283,-0.315127,0.131166,0.168607,0.083213,-0.027572,-0.158824,-0.036747,-0.127967,0.038085,-0.041065,-0.142042,0.165606,0.102488,0.133797,-0.190559,0.174462,0.177472,0.041707,0.057026,0.081662,-0.291133,0.469321,-0.027005,0.031628,0.193957,0.189575,0.188151,-0.263203,-0.185048,-0.269206,-0.038715,0.121005,-0.052087,-0.016905,-0.110854,-0.090596,-0.161322,-0.08055,0.414259,0.147537,0.278465,-0.094703,0.17482,0.067629,-0.219943,-0.154749,0.370666,-0.323644,-0.170048,-0.159625,0.059327,-0.264809,-0.148298,0.248215,-0.053166,-0.200308,0.07894,-0.132047,0.012572,-0.034459,0.276679,0.136746,0.043775,-0.106521,-0.0046,0.18684,0.334852,-0.103439,-0.062448,0.095061,-0.037172,-0.180332,-0.073967,0.105103,0.03876,0.177831,-0.233819,0.074163,-0.395484,-0.089763,0.177429,0.141138,-0.00849,0.206574,0.456308,0.078578,-0.204052,0.07124,0.11113,0.180256,0.043532,0.620246,0.027782,0.250958,0.123208,-0.145528,-0.367778,0.100504,-0.217165,0.186708,0.125882,-0.191691,-0.064697,0.15484,0.175162,0.046571,0.207118,-0.085783,-0.143573,-0.20333,-0.451305,-0.212331,0.010802,0.030552,0.074574,0.014196,-0.435475,0.275104,0.019824,-0.115491,-0.064,-0.068721,-0.010802,-0.144882,-0.046655,-0.10407,0.198098,-0.162402,#
18,0.148064,0.23913,-0.064596,-0.013419,-0.027945,-0.024774,0.072785,-0.005101,0.235714,0.050307,-0.03783,-0.316346,0.215771,0.347291,-0.077222,0.247786,-0.30309,0.182734,1.0,-0.035618,0.252691,0.094975,0.040786,-0.043191,-0.283826,-0.198105,-0.005347,0.217426,0.101778,-0.06674,-0.174112,0.02794,0.104667,0.004184,0.003067,0.012409,0.233494,0.279683,-0.226188,-0.234229,0.303883,-0.188402,0.115484,0.059754,-0.207446,-0.270961,0.170499,-0.007957,0.158996,-0.058721,0.008388,0.225161,-0.005997,0.083521,-0.190639,-0.151594,0.023383,-0.163454,0.046692,-0.282582,0.144122,0.069093,0.033645,0.067029,0.035172,0.135653,0.112775,-0.056025,0.107908,0.107674,-0.132613,0.038873,-0.11305,0.028919,0.163572,-0.017824,-0.048953,-0.100094,0.146027,-0.115675,-0.014039,-0.065821,-0.027563,0.027727,0.028234,0.098127,0.043978,0.133337,-0.024528,0.281049,0.224815,0.012017,-0.154207,0.145138,0.015705,0.073881,0.116605,-0.042126,0.013551,-0.112934,-0.020552,-0.025711,-0.131433,0.043162,-0.10611,0.127043,-0.359832,-0.126661,-0.015107,-0.101746,0.142713,0.050395,0.189508,-0.001708,0.032481,-0.061266,0.024047,0.183033,0.26177,-0.17162,0.085071,0.03073,0.221252,-0.048181,-0.002482,0.201488,-0.009895,0.23236,0.188874,0.011073,0.137166,0.116153,-0.028169,0.055078,0.016839,0.063746,-0.247046,-0.042378,-0.059018,0.0256,-0.025441,-0.130939,-0.23659,-0.002563,0.127415,0.288666,0.112359,0.200002,-0.120222,-0.032078,-0.00336,0.004874,0.159883,-0.093381,0.065317,0.046404,0.104006,0.279115,0.064806,-0.101382,-0.186813,0.061961,-0.028599,0.072424,0.289047,0.12881,0.057852,-0.092189,-0.107202,0.324637,-0.439949,0.403714,0.04859,0.045216,-0.047322,0.123815,0.111349,0.1074,0.040398,-0.183976,-0.00963,0.012931,-0.199695,-0.161357,0.112808,0.055042,0.174534,0.017802,-0.132555,-0.023678,-0.034909,-0.082978,0.097333,0.048776,-0.090579,-0.024343,0.189189,-0.170033,0.031156,-0.174349,#
19,-0.29532,-0.108476,-0.150305,0.103369,-0.26339,0.02063,0.036713,0.032791,-0.061195,0.025449,-0.028014,-0.244299,0.09324,-0.079716,-0.020895,0.004722,-0.366645,0.176564,-0.035618,1.0,0.135675,0.234929,-0.045274,-0.038147,0.161209,-0.016534,0.233261,-0.00386,-0.110368,-0.056297,0.102954,-0.037224,0.202381,0.184779,0.224193,-0.206003,0.007789,0.213744,-0.02513,0.028577,0.333888,0.332374,-0.172946,-0.234901,0.057797,0.012779,0.114139,0.187531,0.206969,-0.110956,0.091112,0.02964,-0.236475,-0.026374,-0.272011,0.222522,0.108225,-0.094442,0.201994,-0.085876,-0.053356,0.048899,0.065586,-0.023485,-0.087698,0.017413,0.196394,0.258673,0.111523,0.120898,0.122094,0.043412,0.007519,0.190899,0.379859,-0.232604,0.359754,0.127926,0.204841,0.105475,0.125211,0.358683,0.211457,-0.412842,0.37167,0.207851,0.007451,0.326019,0.146838,0.289757,0.144102,0.095097,-0.098199,0.23707,0.315231,0.359122,0.405263,0.158093,0.211028,-0.033976,-0.008304,0.090764,0.065609,0.241369,0.246963,0.257465,0.0153,0.155125,0.105375,-0.131505,0.379489,-0.210509,0.228385,-0.067683,0.204913,0.275376,0.162471,0.165746,0.179997,-0.07246,0.195117,0.07733,0.277442,-0.034374,0.023365,0.355718,0.072996,0.15483,0.202717,0.163627,0.045049,0.174215,0.193685,0.092434,0.217278,0.210852,-0.210483,0.424181,0.057567,0.266023,0.309978,-0.07946,0.094859,0.132426,0.054346,0.053531,0.023699,-0.090749,0.19675,0.095212,0.186075,-0.046361,0.308351,0.409227,0.322176,0.496227,0.181377,-0.388748,0.404121,0.323511,0.054142,0.131144,-0.009337,0.444412,0.108577,0.031429,0.246172,0.223696,-0.271955,0.263958,-0.292413,-0.117017,0.320672,0.022463,-0.088329,0.35232,0.35885,-0.102052,0.036666,0.151129,-0.204591,0.096084,-0.361338,-0.237972,-0.245308,0.028393,0.006171,0.173143,-0.283496,-0.078203,0.060212,-0.197476,-0.192347,-0.39492,-0.127578,-0.195436,-0.157751,0.207995,0.101948,-0.045146,#
20,-0.214336,0.102402,-0.026464,0.093988,-0.122383,0.041885,0.075956,0.1214,0.018721,0.081582,-0.16896,-0.259857,-0.000925,0.08178,0.01375,-0.067759,-0.357405,0.30796,0.252691,0.135675,1.0,-0.02516,-0.14084,-0.02086,0.102035,0.092734,0.015697,-0.058156,-0.018772,0.179798,0.000115,-0.210648,0.062737,0.150446,-0.251749,-0.019353,0.052278,-0.077563,0.196701,-0.098191,-0.027375,-0.130101,0.150576,0.054466,0.033391,0.165955,-0.004367,0.110775,0.066191,-0.232968,-0.023697,0.008848,-0.267548,0.10308,-0.257374,0.135519,0.196032,-0.090008,0.033177,-0.019524,0.08002,0.210145,0.032816,-0.098145,-0.207257,0.035922,-0.183838,0.252297,0.079596,-0.039864,-0.023002,0.092919,-0.131625,0.291217,0.315384,-0.005036,0.220296,0.167163,0.020268,-0.051943,0.215394,-0.045419,0.157389,-0.197197,0.110589,-0.020401,0.044352,0.278817,0.122695,0.221856,0.23686,0.187211,0.124073,0.166123,-0.139293,0.215564,0.234552,0.088811,0.125841,0.28163,-0.164299,0.051996,0.101764,0.048671,-0.025354,-0.004352,-0.14051,0.05408,0.236095,-0.436519,0.176009,-0.064032,0.064835,-0.048771,0.290975,0.182952,0.100061,0.199698,-0.048133,-0.04099,0.158189,0.305001,0.212212,-0.079714,0.029564,0.112062,0.224486,0.08127,0.059284,0.271173,0.21627,-0.082162,0.11711,-0.045978,0.17794,0.25057,-0.209005,0.274663,0.18224,0.192175,0.067106,-0.075346,-0.016662,-0.113594,0.330523,0.065318,0.288889,0.081663,0.058457,-0.077391,-0.144592,0.185111,0.387778,0.134337,0.145404,0.264715,0.210228,-0.058864,0.065248,-0.033818,0.089411,0.045313,0.167075,0.226468,-0.086465,0.218084,0.053632,-0.197896,-0.068926,0.19708,-0.346736,-0.095795,-0.045974,0.12213,0.019514,0.139147,0.193241,0.065109,0.031327,-0.061914,-0.033257,-0.051033,-0.148638,0.041928,0.006892,-0.073683,0.07468,0.085863,-0.038916,0.002979,0.163389,0.053403,-0.266067,-0.316997,-0.03565,-0.116401,-0.17456,-0.010041,0.309793,0.047321,#
