0,1.0,0.087385,-0.099032,-0.295583,0.159678,0.099323,0.291027,-0.143539,0.050154,0.122698,0.290081,-0.07598,0.218472,0.283322,-0.026677,0.09834,-0.149547,-0.356771,0.385149,-0.003127,0.152,0.013598,0.18416,-0.285237,-0.071637,-0.283601,-0.114227,0.014392,0.313387,0.207578,-0.119375,0.014308,0.173333,-0.285204,0.163152,0.239457,0.144242,-0.065715,-0.085849,0.129877,0.031361,0.154401,-0.094091,-0.090613,0.044205,-0.134446,0.018778,0.142318,-0.223396,0.09727,0.208338,-0.199159,0.173851,0.023719,0.193768,0.033572,-0.159118,0.022723,-0.16909,0.096321,0.318838,0.108282,-0.087196,0.178975,-0.169876,0.026004,-0.17991,0.308281,-0.14586,-0.055133,0.10245,0.015964,0.104616,-0.262879,-0.196505,0.251387,-0.335888,-0.191874,-0.198403,-0.084732,0.055033,-0.245201,-0.260655,-0.20556,-0.126495,-0.04395,-0.281129,-0.090666,-0.133375,-0.23312,-0.377807,-0.194636,-0.076598,-0.211148,-0.039551,-0.2831,-0.265647,-0.370894,-0.218034,-0.069138,0.338285,-0.042142,-0.148018,-0.288681,-0.145994,-0.274567,-0.072052,0.190844,-0.29536,-0.068398,0.006491,0.228336,-0.461801,-0.253955,0.076409,0.069663,-0.148615,-0.121238,-0.021476,-0.170927,-0.238012,0.043362,0.007046,-0.064354,-0.075889,-0.037967,-0.102258,0.179615,-0.195459,-0.116755,-0.117917,-0.394094,-0.042577,0.081324,-0.124454,-0.139211,-0.12919,0.021304,0.290391,-0.125944,-0.106133,0.275809,-0.004611,-0.139146,-0.253695,-0.05267,-0.242155,0.050455,-0.276501,-0.315381,-0.058601,-0.177657,-0.212314,-0.333279,0.189174,-0.13875,0.083026,0.051876,-0.432471,-0.015881,0.140581,-0.253649,0.001378,-0.311614,0.085456,-0.040331,0.027161,0.024666,-0.339877,-0.232594,0.078322,0.006862,-0.121152,0.012191,-0.010176,-0.03608,-0.166531,0.063438,0.196647,-0.331937,0.009186,-0.005634,-0.002527,0.364046,0.117472,-0.014141,0.206289,-0.058669,0.125382,0.244339,-0.277514,0.083507,0.442054,-0.002149,-0.053642,0.220647,-0.115752,-0.213947,-0.065813,-0.013283,#
1,0.087385,1.0,0.030243,-0.119949,-0.074485,-0.026189,0.218109,0.022206,-0.206904,0.205132,-0.050706,0.040173,0.10769,0.216688,0.121931,0.160443,0.006453,0.063537,0.317618,-0.026914,0.268554,0.047736,0.180271,-0.159949,-0.055465,-0.23312,-0.091857,-0.049355,0.049426,0.122028,-0.026612,0.114441,0.046913,0.016081,0.084215,0.006225,-0.030491,-0.229185,0.020287,0.051302,0.062586,0.267522,-0.054112,0.098074,0.151619,0.005956,0.118979,-0.112733,0.18434,0.337209,0.058324,0.027668,0.097582,0.044738,-0.003027,-0.104917,0.163172,-0.249506,-0.187109,-0.114292,0.113482,-0.154961,-0.017215,-0.002184,0.3475,0.200645,-0.242962,-0.03185,-0.080853,-0.118237,-0.083222,0.020182,-0.097634,-0.12054,-0.054675,-0.029124,-0.177247,-0.018305,0.123956,0.076982,0.0549,-0.190728,-0.00197,-0.006454,-0.071659,-0.021652,-0.06098,-0.085088,0.044557,0.016583,-0.195566,-0.055815,-0.082077,-0.171002,0.000762,-0.064831,0.025498,0.124157,0.300051,0.092318,-0.072927,0.011439,0.054807,-0.042893,-0.2455,-0.035537,0.052455,-0.071304,-0.208026,0.00135,0.189724,-0.052257,-0.022808,0.109555,-0.075434,-0.030532,-0.031986,0.033379,0.008481,-0.1615,-0.060618,0.032255,-0.27464,-0.137056,-0.152192,-0.1658,0.082898,-0.014546,-0.211757,-0.107122,0.156114,-0.112702,-0.136529,-0.09642,-0.167293,-0.268958,0.118874,0.132454,0.027827,-0.185043,0.000264,-0.150352,0.106026,-0.04264,-0.008203,-0.059481,-0.288123,0.119177,-0.066231,-0.091928,-0.025692,0.001013,0.1449,-0.020064,-0.114949,0.010349,0.113091,-0.002676,-0.009003,0.092238,-0.04491,0.043091,-0.159852,0.04277,-0.088331,0.259813,0.175251,0.206955,-0.023071,-0.349926,0.162203,0.226223,-0.094338,-0.134648,0.025327,-0.149064,0.005398,0.073741,0.045644,-0.14086,0.053795,-0.021962,0.026064,0.180646,0.26054,-0.175441,0.193557,-0.206709,0.055896,0.152369,0.043634,0.123248,-0.176642,0.076398,-0.097722,-0.097149,0.16812,-0.066015,0.035238,0.133569,#
2,-0.099032,0.030243,1.0,-0.271627,0.000345,-0.189216,0.085591,-0.123154,0.05916,0.104128,-0.0082,-0.123516,0.011207,0.068656,-0.237336,0.01617,-0.189457,0.231994,0.039123,-0.004923,-0.153803,0.147185,-0.089327,-0.055211,0.122947,0.049984,0.12145,-0.145409,0.055532,-0.152102,0.012189,0.214082,-0.272003,0.042391,-0.037583,0.138217,-0.077379,0.304666,0.085373,-0.237792,0.171673,0.02789,0.04464,-0.084002,-0.051897,-0.229127,-0.13799,0.122981,-0.06966,-0.001691,0.141777,-0.165732,0.132072,-0.217145,-0.241829,-0.199393,-0.070285,-0.177824,0.213593,-0.00115,0.177077,-0.161928,-0.010287,-0.27509,0.169937,0.040846,0.139241,0.078899,0.138632,0.227268,-0.008222,0.223516,-0.312914,0.029682,0.003144,-0.118224,-0.004617,-0.106755,-0.064641,0.004547,0.107488,0.005793,0.080271,0.171471,-0.246384,0.086885,0.022565,0.096222,-0.026992,0.128979,0.007624,0.037672,0.196036,0.169505,0.012452,-0.016578,0.113691,-0.049842,0.15012,0.102026,-0.2014,-0.189984,0.067568,0.074354,0.253711,0.129851,0.099401,-0.044931,-0.048414,0.031714,0.101156,-0.121494,0.111307,0.106494,0.279834,-0.107326,-0.116599,0.195352,-0.040276,-0.08592,0.030957,0.209578,0.014754,-0.180387,-0.096595,0.156101,0.28361,-0.052209,0.11741,-0.066155,0.24706,-0.000371,0.090562,0.046952,0.005409,-0.128287,0.029315,0.290447,0.108325,0.161376,-0.098368,0.096231,0.148919,-0.01435,-0.034206,-0.014251,-0.166136,0.145748,0.048629,0.249653,-0.056122,0.060805,0.069095,-0.001916,0.062041,0.059093,0.020381,0.076686,0.255126,-0.039326,0.300216,-0.013214,-0.006305,0.306886,0.014042,-0.136811,-0.084964,-0.040503,0.02551,0.077282,-0.125878,-0.107269,-0.093344,-0.02226,-0.197684,0.051019,0.068352,0.039973,0.075106,-0.144344,0.120499,0.018171,-0.163245,-0.10101,-0.077814,0.139361,0.137325,0.142431,-0.130485,-0.208839,0.10752,-0.11419,-0.22427,0.383692,-0.100916,-0.177957,0.028161,0.250247,0.19078,0.086642,#
3,-0.295583,-0.119949,-0.271627,1.0,-0.093887,-0.248372,-0.291211,-0.153923,-0.21211,-0.322665,0.030307,-0.086381,-0.361384,-0.447072,0.045272,-0.190641,0.217007,0.070996,-0.151348,-0.102269,-0.00425,-0.101003,-0.341546,0.06897,0.125205,0.342048,0.020431,0.176486,-0.211346,-0.196353,0.084707,-0.205744,0.075843,0.031027,-0.044101,-0.017423,-0.312832,-0.03,0.099474,0.121783,-0.09358,-0.345833,-0.040211,0.298697,0.095744,0.473218,-0.143044,-0.087146,0.122172,-0.136799,-0.078242,0.389772,-0.080452,0.096842,0.055603,-0.22412,0.382589,0.25237,-0.058466,0.034905,-0.474677,0.088411,0.222849,-0.16204,-0.198285,-0.35228,0.060021,-0.035149,-0.1785,0.066658,0.036091,-0.079068,0.236191,0.124271,0.110527,-0.136893,0.397117,0.112613,0.055138,-0.07863,-0.016318,0.315861,0.142415,0.127962,0.185227,-0.051419,0.19091,0.170378,0.202166,0.080835,0.038552,0.128478,0.075502,-0.118486,0.226305,0.288822,0.371038,0.064753,-0.01427,0.301565,0.134095,0.273843,0.400735,0.198223,0.081725,0.079043,0.237523,0.118146,-0.015615,0.049708,-0.176073,0.003646,0.313898,0.255926,-0.038588,0.110164,0.16229,0.030328,-0.109488,0.303036,0.210803,0.277874,0.154594,0.370623,0.280703,0.074659,-0.310715,-0.161516,0.09749,0.247937,-0.102555,0.376925,0.288487,-0.194055,0.15487,0.276514,0.075893,0.008547,-0.120084,0.202818,0.146014,-0.14913,0.23232,0.241076,0.420766,0.077063,0.093425,-0.11037,0.305559,-0.0114,0.238046,-0.038491,0.074625,0.121093,0.045214,0.125217,-0.348188,-0.313687,0.280484,0.157214,-0.094489,0.170888,0.004798,-0.053273,-0.019748,-0.28481,0.112982,0.068237,0.068181,0.118247,0.133452,0.107668,0.269181,0.35514,0.073502,0.225865,0.03689,-0.002823,-0.367388,0.427544,-0.418773,0.080808,0.238542,-0.201047,-0.188708,-0.106828,-0.166068,-0.068326,0.294655,-0.008778,0.126764,-0.087031,-0.117433,-0.155525,0.063163,-0.07148,-0.029794,-0.109181,-0.152703,-0.343495,#
4,0.159678,-0.074485,0.000345,-0.093887,1.0,0.052945,-0.056507,-0.098635,0.012976,-0.108004,0.23565,-0.025558,-0.038851,-0.314061,-0.237972,-0.129408,0.265572,-0.200567,-0.083709,-0.215085,-0.271092,-0.335252,0.06612,-0.064018,0.035512,-0.10847,-0.158156,0.045755,-0.077898,0.001969,-0.444195,-0.224175,0.043313,-0.185919,0.087852,0.137301,-0.109359,-0.174366,0.082422,0.375992,-0.106845,-0.385407,-0.198752,-0.032091,-0.164723,0.222466,-0.14977,-0.141674,0.087804,0.337779,0.048759,-0.074735,-0.093339,0.293606,0.070459,0.030468,0.030377,0.213991,0.039007,0.086741,-0.184413,-0.199057,-0.002787,-0.110903,-0.27823,0.020196,0.637017,-0.135259,-0.031759,-0.371872,-0.119527,-0.204529,-0.060138,0.241059,0.244387,-0.001228,-0.211555,-0.23806,-0.151861,-0.188654,-0.320696,0.186765,0.125798,-0.058574,0.070705,-0.081161,0.070908,0.128089,0.072558,-0.113873,0.161122,0.081569,0.110275,-0.078062,0.086161,0.069033,0.168052,0.004787,-0.163668,-0.094752,0.179943,0.087085,0.107716,-0.08514,0.100002,0.025042,-0.038654,0.104497,-0.12773,0.244434,-0.039459,0.003545,-0.011301,-0.042639,-0.220406,0.272936,-0.047408,0.410067,-0.394976,0.065837,-0.290746,0.045732,0.035456,-0.076614,0.189723,0.011054,-0.103696,-0.022889,0.067232,-0.137247,-0.065195,-0.246994,0.008537,-0.199675,0.003706,0.068745,0.165589,0.103445,-0.207625,0.152362,-0.042444,-0.210862,-0.198888,0.211846,-0.12628,-0.309508,-0.09548,-0.073493,0.160585,-0.050615,0.103586,0.073699,-0.231662,0.085437,-0.039496,-0.17488,-0.082209,-0.017164,-0.201065,0.224952,-0.332921,-0.306244,-0.22423,0.145897,0.090725,-0.157391,-0.004268,-0.050768,-0.048788,0.262967,0.101726,-0.105609,0.132011,-0.051555,-0.035833,0.243255,0.078208,0.120743,0.00878,-0.025234,-0.219193,0.289357,0.154251,-0.078962,0.167928,0.069446,-0.062078,0.04768,0.286164,-0.101148,0.060767,0.152094,0.188608,-0.062983,-0.226379,0.193154,-0.076084,0.116904,-0.141809,-0.198744,#
5,0.099323,-0.026189,-0.189216,-0.248372,0.052945,1.0,0.405631,0.420556,0.175498,0.050123,0.10261,0.240924,0.110759,0.129486,0.089333,0.086493,0.137907,-0.009568,0.251322,-0.129938,0.063773,-0.05307,0.204571,-0.009616,-0.101966,0.20342,0.043259,0.084397,0.166623,0.167595,-0.321143,-0.083625,-0.117877,-0.040054,-0.049161,-0.000523,0.102281,-0.079882,-0.018313,0.000914,-0.210277,0.185879,-0.132146,-0.151789,0.121,-0.143316,0.1255,-0.213712,-0.003912,0.287309,0.032926,-0.025416,0.091764,0.217268,0.12666,0.325123,-0.178228,0.101757,-0.291338,-0.003745,0.051568,-0.141534,0.001107,0.331798,-0.162952,0.189245,0.025038,0.097485,-0.071761,-0.308101,0.223201,-0.035395,-0.084885,0.072954,-0.163549,0.278345,-0.207243,-0.091445,-0.161942,-0.0407,-0.204759,-0.29319,-0.09996,0.200312,-0.139017,-0.248014,-0.097508,-0.07448,-0.081238,-0.194864,-0.062718,-0.278559,-0.272265,-0.074928,-0.134928,-0.081175,-0.180908,-0.447551,-0.162797,-0.4104,0.154423,0.02926,-0.125518,-0.307978,-0.365569,-0.278254,-0.053191,0.119403,-0.191395,0.003891,0.030986,0.276539,-0.374623,-0.375001,-0.012822,-0.061174,-0.09353,0.074045,0.204001,-0.171405,-0.144437,-0.287915,0.017334,-0.169653,-0.225344,-0.058789,0.022447,-0.035536,-0.389713,-0.18088,-0.17431,-0.173638,-0.192126,0.090228,-0.392972,-0.136848,0.234111,0.049923,-0.057179,-0.259711,-0.107392,0.069456,-0.203028,-0.037999,-0.146449,-0.276878,0.228083,0.154057,-0.283913,-0.119475,-0.040732,-0.209099,0.099151,-0.051288,0.146964,-0.235899,0.091938,0.134527,-0.475621,-0.180357,-0.240286,-0.104442,0.077984,-0.288431,0.062501,0.017106,-0.130096,-0.086018,-0.08856,-0.054808,0.164969,-0.138961,-0.10933,-0.255383,0.22127,-0.188643,0.024959,0.075302,0.160738,-0.229153,0.307119,0.045214,0.038402,0.104437,0.480284,-0.104854,0.122851,0.00213,-0.125281,0.228351,-0.032328,0.073159,0.239426,-0.148247,-0.206199,0.126031,0.237016,-0.161118,-0.213736,-0.023386,#
6,0.291027,0.218109,0.085591,-0.291211,-0.056507,0.405631,1.0,0.224762,0.297836,0.29274,0.066179,0.044558,0.271441,0.381228,-0.120025,0.247157,0.060872,0.231868,0.371742,0.053487,-0.142211,0.088175,0.288596,-0.139809,0.02772,0.044512,0.059408,0.015051,0.500741,0.097736,-0.313066,-0.079757,-0.099272,-0.283217,0.011104,0.110369,0.155527,-0.161359,0.142513,-0.042195,0.156901,0.224209,0.02385,-0.087365,0.118911,-0.34336,0.066817,-0.217856,-0.164879,0.218847,0.091671,-0.22577,0.211589,0.05505,0.386664,0.061401,-0.089855,-0.254139,-0.020245,-0.177112,0.379399,0.092943,-0.13871,0.339196,0.13902,0.400273,-0.137883,0.233036,0.086246,-0.221111,0.097561,0.089743,-0.251181,-0.452544,-0.27234,0.285896,-0.344058,-0.377248,-0.147703,-0.23944,-0.209602,-0.258251,-0.284275,-0.032961,-0.491171,-0.083647,-0.302833,-0.24092,-0.279548,-0.473188,-0.417353,-0.462682,-0.639831,-0.115155,-0.23848,-0.44348,-0.242772,-0.46617,-0.204581,-0.331222,0.035419,-0.131285,-0.27354,-0.341429,-0.334624,-0.382199,-0.112666,-0.068021,-0.173614,-0.264886,-0.092644,0.134559,-0.405121,-0.463149,-0.025547,-0.324876,-0.185103,-0.055066,0.166887,-0.311967,-0.315058,-0.275164,-0.236296,-0.464328,-0.209988,-0.197991,0.124536,0.088558,-0.285245,-0.278514,-0.328454,-0.355822,-0.343884,-0.017789,-0.33231,-0.400466,0.180377,-0.107238,0.035106,-0.428999,-0.296207,0.009731,-0.206751,-0.419276,-0.380483,-0.19554,-0.132715,0.534995,-0.369122,-0.388144,-0.224045,-0.32767,-0.176268,-0.226616,-0.005077,-0.419439,0.12123,0.33885,-0.340491,-0.354504,0.034608,-0.292438,-0.094923,-0.113043,-0.057259,0.194605,-0.019003,-0.074523,-0.46207,-0.134078,0.146479,-0.12152,-0.177451,-0.260807,0.354431,-0.372813,0.019775,0.257107,0.418059,-0.607231,0.425775,0.097544,-0.052566,0.290727,0.340485,-0.383442,0.052505,-0.011249,-0.218285,0.210857,-0.301488,0.150525,0.296916,0.0462,-0.270307,-0.146516,0.170563,-0.199582,-0.183887,0.320349,#
7,-0.143539,0.022206,-0.123154,-0.153923,-0.098635,0.420556,0.224762,1.0,-0.117174,0.303257,-0.298198,-0.006214,0.426673,0.288135,0.234435,0.148577,0.128956,0.175767,0.135359,-0.136072,0.198829,0.22282,0.114803,0.075149,-0.052818,0.042999,-0.004056,-0.271923,0.114162,0.189755,-0.193036,-0.104385,0.126528,0.070241,-0.255055,-0.118484,-0.053283,-0.122517,-0.063407,-0.371294,0.052713,0.165298,0.087191,-0.183871,-0.092733,-0.303226,0.234629,-0.28238,-0.047695,0.054249,-0.168382,-0.099446,0.129038,-0.047,0.281243,0.267075,0.060305,-0.246245,-0.207679,0.166259,0.158888,-0.150097,-0.118667,0.247692,-0.045865,0.371281,-0.02024,0.22519,-0.264077,-0.106738,-0.039344,0.264357,-0.390153,-0.002292,-0.030184,0.06487,0.016328,0.08006,0.016972,0.062721,-0.045344,-0.395838,-0.201283,-0.079867,-0.082515,-0.088292,-0.016221,-0.03039,0.189017,0.079212,0.042417,-0.301532,-0.195837,0.056164,-0.001463,-0.059691,-0.151798,-0.026849,0.064576,-0.432631,-0.082409,0.085337,-0.171668,-0.011996,-0.202408,0.000841,-0.30274,-0.085471,0.060687,-0.207013,-0.008916,0.124365,-0.115269,-0.151614,0.03329,0.014283,-0.034427,-0.076672,0.041708,-0.156144,0.081279,-0.522366,-0.016834,-0.139849,-0.195638,-0.091193,0.026647,-0.131768,-0.18137,-0.027903,-0.224496,0.05124,-0.099119,-0.034252,-0.218771,0.021304,0.202241,-0.298719,-0.011345,-0.315047,-0.211037,-0.172117,-0.276068,-0.067208,-0.297586,-0.127938,0.095471,0.149716,-0.140628,-0.115115,-0.085568,-0.043515,-0.095456,-0.15864,0.064832,-0.42491,0.098992,0.315832,-0.178247,-0.058937,-0.039123,0.016687,-0.171061,-0.079279,0.318159,0.060436,-0.22651,0.129262,0.021665,0.243867,-0.104586,-0.005289,-0.24889,-0.148234,0.308047,-0.248493,-0.031348,-0.104056,0.268456,-0.155391,0.205273,0.221979,0.149025,-0.118738,0.192149,-0.02393,-0.02683,-0.111074,-0.308447,0.193938,-0.175928,-0.20222,0.061971,-0.083542,-0.057007,-0.063716,0.064681,-0.068854,-0.29289,0.272209,#
8,0.050154,-0.206904,0.05916,-0.21211,0.012976,0.175498,0.297836,-0.117174,1.0,0.220469,0.021038,0.156744,-0.055825,0.130041,0.062044,-0.085459,-0.250938,0.123361,0.07721,0.074918,-0.1408,0.156982,0.11403,0.006095,0.016154,0.222797,0.117943,0.254861,0.150129,0.038943,-0.165459,-0.02237,0.002311,0.038872,0.060932,-0.004941,-0.012432,-0.005713,0.197961,-0.094876,0.139864,0.077559,-0.107559,0.052198,0.130738,-0.06542,0.005604,0.124033,0.051891,-0.109479,-0.056483,-0.075217,0.117998,0.136162,0.200381,0.328684,-0.236564,-0.083882,-0.016447,0.103399,0.170381,0.001635,-0.043811,0.238424,0.024658,0.069905,-0.074689,0.215218,0.360912,-0.0542,0.027313,0.119082,0.072954,0.02702,-0.208641,0.097527,-0.020692,-0.124967,-0.047552,-0.088636,-0.0424,-0.036522,-0.176448,-0.104814,-0.226225,0.184946,-0.21399,-0.168773,-0.056125,-0.488986,0.120323,-0.136867,-0.261577,0.151773,-0.059072,0.112675,-0.133909,-0.196593,-0.392731,-0.17386,-0.029813,0.107721,-0.007792,-0.047125,0.054929,-0.352254,-0.073991,-0.000461,-0.104785,-0.060625,-0.099195,-0.089894,-0.223527,-0.212914,0.189784,-0.131394,0.078266,-0.033502,0.063663,-0.105423,0.108995,-0.05383,0.081927,-0.234003,-0.139594,0.065544,0.250759,-0.009221,-0.072533,-0.015355,0.033236,-0.05562,-0.374471,-0.115201,-0.130539,0.014876,-0.019697,0.118654,-0.036563,-0.060801,-0.111659,0.083101,-0.091943,-0.174008,-0.166708,-0.42854,-0.068943,0.021173,-0.124942,-0.0558,0.139734,-0.096692,-0.027231,-0.164279,0.213527,-0.137516,0.24287,0.159322,-0.228883,-0.220166,-0.097154,0.055295,0.106782,-0.072311,-0.316498,-0.040631,0.018324,-0.172497,-0.239132,0.013231,-0.032192,-0.23883,0.055353,0.07278,0.319798,0.131748,0.023856,0.00364,0.371785,-0.185352,0.317092,0.234745,-0.272988,0.031027,0.051271,0.129972,0.082429,0.182182,-0.29334,-0.165732,-0.087967,0.027834,0.066816,0.032711,-0.107295,0.117192,-0.022123,-0.21249,-0.002816,-0.009112,#
9,0.122698,0.205132,0.104128,-0.322665,-0.108004,0.050123,0.29274,0.303257,0.220469,1.0,-0.194225,-0.14562,0.352877,0.614593,0.123995,0.186264,-0.441054,0.329457,0.125832,0.181046,0.028508,0.197036,0.36288,0.139278,0.069496,-0.133631,-0.135871,-0.095548,0.199194,0.411955,0.079059,0.158195,0.262924,-0.241534,-0.060965,-0.009046,0.306735,-0.084399,0.104606,-0.467241,0.342697,0.267748,0.022934,-0.054849,0.076144,-0.540322,0.169556,0.183434,0.066381,0.122534,-0.177207,-0.225873,0.38866,-0.158286,0.266854,0.127601,-0.189537,-0.462086,-0.177318,0.282714,0.50693,0.037474,-0.452836,0.059007,0.011645,0.298943,-0.034353,0.189501,-0.131846,0.097153,-0.056801,0.370117,-0.254118,-0.077174,-0.212059,-0.054763,-0.115208,-0.255638,-0.02135,0.218165,0.012522,-0.380121,-0.286646,0.179733,-0.312891,0.136338,-0.112332,-0.176768,0.048372,-0.284746,-0.027736,-0.101661,-0.34603,0.126521,-0.082849,0.04866,-0.465026,-0.099797,0.113966,-0.3256,-0.377096,-0.061898,-0.271599,-0.070048,-0.006241,-0.175952,-0.318058,-0.366186,0.116848,-0.283122,0.306049,0.244671,-0.304928,-0.228345,-0.06447,-0.24657,-0.101156,-0.132598,0.327924,-0.404816,-0.227339,-0.277364,0.008186,-0.236376,-0.331576,0.249289,0.420799,0.010933,-0.153402,-0.282514,0.028229,0.060129,-0.447668,-0.030326,-0.398015,-0.324422,-0.083761,-0.010898,0.101253,-0.306817,0.023976,-0.102832,-0.282865,-0.457171,-0.382288,-0.064733,-0.138401,0.246665,-0.254038,-0.226258,-0.269982,0.083311,-0.071138,-0.458598,0.090683,-0.361179,0.598773,0.428198,-0.100117,-0.301917,-0.115674,0.052465,-0.128983,0.111017,0.207263,0.38725,-0.120759,-0.03964,-0.055278,-0.068745,-0.181439,0.044355,-0.167194,-0.20755,0.339061,-0.28475,0.02073,-0.112621,0.553819,-0.417588,0.626891,0.252526,-0.52643,-0.113589,0.205022,-0.03971,0.366564,0.025394,-0.565952,0.09912,-0.254478,-0.222095,0.041698,0.328411,-0.203075,-0.036983,0.103748,-0.057779,0.281264,0.449986,#
10,0.290081,-0.050706,-0.0082,0.030307,0.23565,0.10261,0.066179,-0.298198,0.021038,-0.194225,1.0,-0.013304,-0.107215,-0.115552,-0.202271,-0.026572,0.09116,-0.247593,0.125319,-0.035651,-0.093977,-0.232133,-0.029949,0.017378,0.067347,0.249039,-0.067448,0.165435,0.143604,-0.234376,0.03879,0.003557,-0.143132,-0.338768,0.001658,0.201295,0.042811,0.27331,-0.057833,0.28255,-0.280463,-0.350703,-0.065619,-0.001893,0.073871,0.128975,-0.295518,0.021759,-0.036024,0.278584,0.162474,0.052358,0.022865,0.156153,0.049172,0.075783,-0.205801,0.293975,0.058293,-0.290939,-0.249314,-0.046522,0.064416,-0.061918,-0.09792,-0.014164,0.202521,0.042312,-0.077511,-0.089629,0.114404,-0.181078,0.100362,0.117985,-0.053257,0.120507,-0.099572,-0.13595,-0.030915,-0.089491,-0.012771,0.221782,-0.042087,0.144279,0.093253,-0.041928,0.038913,0.09855,0.031263,-0.015079,-0.143662,0.142169,-0.027876,-0.097844,0.066436,0.023819,0.057914,-0.342805,0.035992,0.074694,0.181261,-0.106794,0.011948,-0.295096,0.029007,-0.19594,-0.071962,0.293993,-0.051148,0.321776,-0.248044,-0.054434,-0.266089,-0.057447,0.004204,0.048611,-0.236268,-0.028924,-0.190248,0.063904,-0.299018,0.293979,-0.056917,-0.231364,-0.116332,0.030329,-0.139018,-0.004549,-0.053395,-0.229019,-0.120171,-0.233927,0.040348,-0.151093,0.09894,-0.005681,0.116342,-0.052861,-0.159827,0.057922,-0.037697,0.229969,0.046713,0.11693,0.248855,-0.061363,-0.048579,0.043417,0.070151,-0.00434,0.34838,0.088058,-0.072489,-0.004471,-0.065552,-0.004185,-0.361608,-0.121948,-0.067137,0.119132,-0.073823,-0.125967,0.032433,-0.101335,0.123724,-0.130505,0.161151,-0.230678,-0.096138,0.082406,0.23661,0.094031,0.214493,0.10665,-0.095593,0.154822,0.07084,0.067114,-0.113126,0.006518,-0.234047,0.082631,0.05677,0.031527,0.141036,0.085547,0.034472,0.21862,0.291674,0.16098,0.188933,0.219807,0.204256,-0.275517,-0.022834,-0.04468,-0.02709,-0.072589,-0.119378,-0.305964,#
11,-0.07598,0.040173,-0.123516,-0.086381,-0.025558,0.240924,0.044558,-0.006214,0.156744,-0.14562,-0.013304,1.0,-0.027737,0.05787,-0.052961,-0.091497,-0.065423,-0.03335,-0.006547,0.004048,0.216574,-0.190659,-0.047946,0.038471,0.101072,-0.04469,0.041086,0.142399,-0.107101,-0.015791,-0.044824,-0.047555,-0.097689,0.098929,-0.093058,-0.00716,-0.07398,0.064067,0.107934,-0.034556,-0.180481,0.186642,-0.198656,-0.196501,-0.113643,0.279993,-0.0743,-0.024077,0.047416,0.060759,-0.211799,0.063871,-0.183599,0.378945,0.037714,0.023641,-0.312744,0.112098,-0.270911,-0.26153,-0.183262,-0.328519,0.059755,0.265761,0.067086,0.17956,-0.092375,0.095743,0.343515,-0.163271,0.04053,-0.054736,0.147577,0.170247,0.065694,-0.051949,-0.036136,0.145593,-0.06191,-0.119772,-0.19935,-0.199968,0.083295,-0.046168,-0.094645,-0.292428,-0.150002,-0.087357,0.071104,0.01344,-0.021737,-0.276581,-0.148044,-0.001979,-0.024958,-0.008796,0.076825,-0.03968,-0.174672,0.097685,0.191895,0.02631,-0.112482,-0.002397,-0.163532,0.007022,-0.031188,0.179812,-0.103905,0.062607,0.007239,-0.145429,-0.193565,-0.098538,-0.057947,-0.000549,0.08228,0.164601,0.002043,0.036727,0.097595,-0.052075,-0.078231,-0.117875,0.123579,-0.074394,0.002989,-0.054818,0.010792,0.154666,-0.0537,0.053059,-0.145843,0.019627,-0.08957,0.215087,0.032843,-0.117411,-0.097094,-0.20316,-0.073964,0.179032,0.146903,0.070911,0.152707,-0.137912,-0.040777,-0.117328,-0.045389,-0.056027,0.111851,0.275454,-0.056319,0.18137,0.197329,0.106589,-0.088132,0.060869,-0.079761,-0.222048,-0.06178,-0.089287,-0.012442,-0.162945,-0.299903,-0.072849,0.097802,0.049346,0.231068,0.008588,0.171282,0.262374,0.019646,-0.151726,0.123654,0.047241,0.102409,0.301461,0.036149,0.249372,-0.090634,-0.111924,0.012769,-0.063662,0.215567,0.260894,-0.13643,0.029657,0.204773,0.035425,0.077393,0.328661,0.022759,0.018779,-0.128625,-0.002514,0.042925,-0.281823,-0.029908,-0.182376,#
12,0.218472,0.10769,0.011207,-0.361384,-0.038851,0.110759,0.271441,0.426673,-0.055825,0.352877,-0.107215,-0.027737,1.0,0.611529,0.077193,0.291337,-0.077631,0.249604,0.220614,0.120371,0.090163,0.091044,0.45171,0.081784,-0.093908,-0.289718,-0.041477,-0.071314,0.247544,0.236697,-0.039177,0.017063,0.075974,0.043563,-0.220125,0.157497,0.193895,-0.132627,-0.135573,-0.068407,-0.040614,0.168943,0.167919,-0.202576,-0.200777,-0.469773,0.331652,0.002254,-0.032018,0.175092,0.063837,-0.198305,0.120292,-0.082897,0.14522,0.113552,0.011649,-0.380351,-0.064882,0.058963,0.406247,-0.093585,-0.179988,0.254534,0.082957,0.151963,-0.171312,0.179088,-0.040429,-0.006982,-0.099759,0.135891,-0.38206,-0.28057,-0.287475,0.088511,-0.226632,-0.143437,-0.109062,0.019455,-0.097544,-0.331808,-0.26899,-0.230948,-0.141925,0.029578,-0.136952,-0.046029,-0.035015,-0.03299,-0.249121,-0.191034,-0.422207,-0.065728,-0.175981,-0.228827,-0.305625,-0.21678,-0.096218,-0.426011,-0.099553,-0.311014,-0.298244,-0.01561,-0.165492,-0.08971,-0.281223,-0.209839,0.046557,-0.273207,0.06061,-0.057284,-0.259634,-0.284133,0.035327,-0.214784,-0.02137,-0.122679,0.023838,-0.231294,-0.027096,-0.31294,-0.215559,-0.317244,-0.307777,-0.074746,0.21869,0.130898,-0.218492,-0.265552,-0.166221,-0.067166,-0.345049,0.144306,-0.081849,-0.170841,0.141308,-0.326263,-0.094289,-0.323702,-0.272516,0.022717,-0.163217,-0.323907,-0.341351,0.120017,-0.055789,0.367913,-0.293302,-0.203073,-0.324713,-0.096473,-0.053966,-0.199864,0.070023,-0.344508,0.251994,0.236237,-0.144604,-0.233247,0.084951,-0.125992,-0.017103,0.006896,0.299109,0.192533,-0.016182,0.27003,-0.127589,0.01648,-0.097832,-0.048982,-0.441514,-0.180444,0.145784,-0.207411,-0.150064,0.121311,0.202361,-0.436452,0.205781,0.124019,0.155122,-0.077133,0.20166,-0.11547,0.139033,0.099607,-0.263801,0.370037,-0.247971,-0.120522,0.142243,0.143869,0.098909,0.090044,0.100315,-0.055404,0.10319,0.380652,#
13,0.283322,0.216688,0.068656,-0.447072,-0.314061,0.129486,0.381228,0.288135,0.130041,0.614593,-0.115552,0.05787,0.611529,1.0,0.22008,0.221442,-0.372768,0.160797,0.289106,0.298613,0.22744,0.231524,0.370286,0.107779,0.001602,-0.186373,0.232384,0.084879,0.354951,0.328995,0.202362,0.29217,0.054588,-0.012424,-0.245709,-0.019834,0.172058,0.05058,0.069887,-0.395424,0.161963,0.452817,0.02608,-0.05676,-0.025498,-0.611911,0.309698,0.187785,-0.152058,0.08417,-0.021795,-0.243395,0.250715,-0.34681,0.055917,0.085121,-0.09899,-0.458557,-0.19539,0.021097,0.634813,0.09558,-0.397404,0.151177,0.150258,0.299643,-0.26482,0.215283,-0.05409,0.004835,-0.137376,0.390052,-0.16221,-0.247689,-0.346889,0.087181,-0.231958,-0.086084,-0.12751,0.113607,0.02643,-0.531989,-0.412127,0.026245,-0.300271,0.19446,-0.124853,-0.173933,0.038238,-0.215833,-0.196279,-0.154219,-0.357545,0.000696,-0.118261,-0.142632,-0.379351,-0.161415,0.042074,-0.390433,-0.237937,-0.199827,-0.324564,-0.206564,-0.128927,-0.157599,-0.203387,-0.334236,0.031308,-0.376877,0.126504,0.162535,-0.466117,-0.159343,0.165989,-0.273584,-0.261911,-0.189163,0.407058,-0.351994,-0.009793,-0.273615,0.042393,-0.325208,-0.367624,0.015708,0.185154,0.035754,-0.277535,-0.273827,-0.095215,-0.106325,-0.351321,-0.054853,-0.22313,-0.295981,0.114903,-0.227057,0.154604,-0.485396,-0.047349,0.15681,-0.021388,-0.408429,-0.444059,0.006256,0.003482,0.295251,-0.412178,-0.117091,-0.220658,0.085202,0.020367,-0.356564,-0.029014,-0.238545,0.45732,0.200733,-0.1055,-0.33804,0.062575,-0.016395,0.063288,-0.199998,0.15717,0.385757,-0.079485,0.182438,-0.248361,-0.088583,-0.277785,-0.07163,-0.292688,-0.211727,0.203476,-0.213709,-0.023934,0.103733,0.432714,-0.420282,0.440195,-0.02299,-0.268396,0.01143,0.236503,0.037196,0.145756,0.114315,-0.389529,0.210194,-0.26839,-0.196563,0.040826,0.259608,-0.042163,-0.087734,0.057103,-0.193019,0.250045,0.360448,#
14,-0.026677,0.121931,-0.237336,0.045272,-0.237972,0.089333,-0.120025,0.234435,0.062044,0.123995,-0.202271,-0.052961,0.077193,0.22008,1.0,-0.073689,-0.098358,0.058279,0.204961,0.155519,0.409687,0.091641,0.142405,0.214225,-0.182584,0.074193,0.358189,0.089586,0.121683,-0.004849,0.039019,0.231124,0.144907,0.082935,-0.174646,-0.323831,-0.096856,0.007388,-0.115487,-0.237667,0.158687,0.337474,0.025713,0.198977,0.322237,-0.213927,0.136342,0.096877,0.099471,-0.092553,0.074431,0.103778,0.110417,-0.092796,-0.0113,0.419667,0.152712,-0.258134,-0.145255,0.236708,0.209787,-0.031536,-0.218403,0.189215,0.151472,-0.030054,-0.098913,-0.09848,-0.058984,0.099849,0.021116,0.065485,0.14446,0.118403,-0.113001,-0.067686,-0.06957,0.277065,-0.134477,0.307032,0.185603,-0.17835,-0.076496,0.022022,0.039553,0.286337,0.266523,-0.023687,0.118917,-0.155744,0.042518,0.101925,0.161215,0.097062,0.109915,0.11356,-0.197179,-0.072296,0.002128,-0.190259,-0.059936,0.161469,-0.062984,-0.182763,-0.095627,-0.007621,-0.232287,0.0833,0.07124,0.032048,-0.003184,0.08303,0.012562,0.107988,0.270912,-0.003316,-0.127431,-0.105715,0.17827,-0.307235,0.179355,-0.2588,0.091348,0.059966,-0.153326,-0.181004,-0.03041,0.140546,-0.212447,0.093963,0.024196,0.132,-0.133639,-0.136365,-0.051246,0.07459,-0.053539,0.182293,0.029476,-0.141159,-0.063622,0.020694,-0.042835,0.18334,-0.179345,-0.057927,0.070945,-0.13354,-0.066658,0.127347,-0.064123,-0.048783,0.227471,0.158849,-0.145837,0.033084,0.307778,0.026618,-0.093813,0.2053,0.116701,0.113089,-0.011626,-0.22721,-0.071641,0.187363,0.165253,-0.028291,-0.070653,-0.021144,-0.27373,-0.025931,-0.154955,0.229865,0.011013,-0.131124,-0.051546,-0.144321,0.277588,-0.029829,0.100944,0.155791,0.015912,0.048978,0.039407,-0.013122,0.280844,-0.024714,-0.007629,-0.076134,-0.039954,-0.183719,0.025065,0.042237,-0.135736,0.040974,-0.036158,-0.274328,0.022497,-0.074146,#
15,0.09834,0.160443,0.01617,-0.190641,-0.129408,0.086493,0.247157,0.148577,-0.085459,0.186264,-0.026572,-0.091497,0.291337,0.221442,-0.073689,1.0,0.033757,0.313853,0.052618,0.137324,-0.15562,0.143293,0.256156,-0.129328,-0.057475,-0.087657,-0.063948,0.04373,0.285927,0.079038,0.239521,0.020634,0.147765,-0.023085,0.062254,-0.001401,0.272608,0.058527,0.044407,-0.133665,0.143163,0.035651,0.329294,0.107994,-0.19083,-0.237437,0.13569,0.055953,0.073438,0.202127,0.140149,-0.069626,0.050506,-0.053712,0.244354,-0.057865,-0.048453,-0.380905,-0.038197,0.211411,0.073741,0.162921,-0.124925,0.159061,0.036779,-0.031148,-0.085753,0.107832,-0.363752,0.112607,0.138539,0.298517,0.038606,-0.197124,-0.04076,0.275947,0.046035,-0.09776,0.254929,0.083316,0.174461,-0.122714,-0.211081,0.234194,0.11117,-0.119464,-0.063132,-0.328824,-0.053949,0.143673,0.008609,0.086285,-0.186944,0.187739,-0.05288,-0.224002,0.020005,-0.09607,0.186587,0.02829,-0.115629,0.031249,-0.264424,0.300902,0.025571,-0.057757,0.07888,-0.000365,-0.011897,-0.157698,0.040419,0.03327,-0.144617,-0.10164,0.005463,-0.049073,0.045714,-0.238825,0.162835,-0.138871,-0.013477,0.025838,-0.213969,-0.1235,-0.151378,-0.002053,-0.088005,0.315896,-0.125183,-0.187272,0.035432,-0.085641,-0.043109,0.244396,-0.015687,-0.126262,-0.007839,-0.250829,0.001148,-0.187975,0.061039,0.118233,-0.176983,-0.313498,-0.073266,0.209399,0.16728,0.216149,-0.173581,-0.28158,-0.112645,-0.114715,0.130696,0.004295,0.036931,0.05111,0.076335,0.213971,-0.067691,-0.127467,0.239535,-0.066642,0.163682,-0.08155,0.250369,0.147062,-0.094399,0.245952,-0.229504,-0.065546,0.16859,0.138719,0.01155,-0.101682,-0.106848,-0.067692,-0.146735,0.176273,0.025276,-0.258604,0.362311,-0.14683,-0.190653,0.231645,0.039177,-0.057194,0.233196,0.109492,-0.121004,-0.00022,-0.098127,-0.20999,-0.002818,0.125801,-0.010879,-0.045428,0.122357,-0.002164,0.316346,0.372959,#
16,-0.149547,0.006453,-0.189457,0.217007,0.265572,0.137907,0.060872,0.128956,-0.250938,-0.441054,0.09116,-0.065423,-0.077631,-0.372768,-0.098358,0.033757,1.0,-0.036135,-0.056229,-0.024052,-0.113645,-0.191679,-0.10469,-0.265039,-0.32876,0.093391,-0.177682,-0.015451,0.023947,-0.31093,-0.242751,-0.141322,0.046299,0.135291,0.154719,0.087991,-0.247179,-0.209513,-0.111754,0.31819,-0.191813,-0.32104,0.039624,0.069551,-0.177393,0.269962,-0.195794,-0.41478,0.014514,0.166216,0.176861,0.036067,-0.193052,0.204748,0.209201,0.105362,0.26849,0.087343,0.057665,-0.169455,-0.41562,0.027933,0.304095,-0.079388,-0.22965,-0.118412,0.171534,-0.034226,-0.267679,-0.218129,-0.022645,-0.350906,0.007152,-0.06955,0.069665,-0.064488,0.175681,-0.067421,0.159805,-0.036272,-0.080116,0.253525,0.219293,-0.1234,0.123143,0.008027,0.142821,-0.085527,-0.11169,0.194978,0.011076,0.093982,0.007451,-0.089182,0.139259,-0.020375,0.283541,-0.102073,-0.075291,0.192496,0.104915,0.210758,0.202479,0.162103,-0.134261,-0.047384,0.20016,0.026175,-0.018693,0.024901,-0.29073,-0.154816,0.22518,0.178937,-0.276137,0.064489,0.240788,0.131037,-0.235122,0.09836,-0.040335,-0.002654,-0.267039,0.023868,0.18874,-0.271568,-0.378378,-0.139013,0.018382,0.080972,-0.059506,-0.239291,0.203089,0.078601,0.265879,0.13231,0.299142,-0.200715,-0.267292,0.135983,0.058114,-0.170173,-0.016297,0.337498,0.068955,-0.063732,0.019982,-0.062227,0.074391,-0.120194,0.103866,-0.105201,0.090834,-0.002921,-0.036671,-0.053457,-0.375871,-0.072504,-0.048756,0.331901,-0.123703,0.020888,0.103368,-0.226923,-0.143417,-0.164896,0.164465,-0.126786,-0.063998,0.111068,0.125081,0.080204,-0.011812,-0.026565,-0.191079,0.072801,-0.058341,0.040069,-0.274429,0.078347,-0.32569,0.043008,0.575846,0.030517,-0.165548,-0.217256,-0.175819,0.109826,0.347633,-0.169015,0.044841,0.156441,-0.174348,-0.401879,0.045791,0.047041,-0.001453,0.026981,-0.344197,-0.082158,#
17,-0.356771,0.063537,0.231994,0.070996,-0.200567,-0.009568,0.231868,0.175767,0.123361,0.329457,-0.247593,-0.03335,0.249604,0.160797,0.058279,0.313853,-0.036135,1.0,-0.093185,0.268385,-0.176555,-0.026759,0.073963,0.056392,0.140113,0.224634,0.060582,-0.082252,0.111476,0.003495,0.022821,-0.158762,-0.032682,0.040591,-0.112352,-0.021927,0.014362,-0.01372,0.125319,-0.323582,0.036441,-0.016482,0.19521,0.086004,-0.03994,-0.198426,-0.003889,0.137231,0.200038,0.027725,-0.048732,-0.044559,0.034977,0.071064,0.139326,0.038218,0.121725,-0.324146,-0.03229,0.13552,0.146225,-0.162209,-0.1687,0.133126,0.084895,0.099903,0.048045,0.092643,-0.01961,0.183519,0.178201,0.247357,-0.231532,-0.177306,-0.108213,-0.062057,0.05513,-0.075281,0.021304,0.077096,-0.020224,-0.108646,-0.171405,0.279188,-0.262918,0.081918,-0.018446,-0.161552,-0.197381,-0.045925,-0.032969,-0.03165,-0.25561,0.201542,-0.140273,-0.059268,-0.050403,-0.081417,0.089926,-0.09865,-0.449215,-0.080527,-0.139842,0.213319,-0.078321,-0.079406,0.129829,-0.238233,0.125661,0.008208,0.153348,-0.067226,0.010099,-0.160012,5.5e-05,-0.099929,-0.015647,-0.107005,0.225629,-0.240759,-0.064131,-0.208844,-0.227648,-0.226163,-0.212372,0.028836,0.04964,0.13876,-0.185538,-0.146791,0.074932,0.110732,-0.275017,0.055484,-0.047611,-0.104507,0.154492,-0.066682,-0.118704,-0.173665,-0.159602,-0.087462,0.005479,-0.24603,-0.17121,-0.02479,-0.112035,0.419736,0.052041,-0.057189,-0.230255,0.034399,0.060764,-0.101194,-0.003427,-0.096102,0.128942,0.402518,0.080601,-0.15454,0.019226,0.158038,-0.135019,0.248288,0.081573,0.241356,-0.06219,-0.059563,-0.057291,0.156628,0.002926,-0.025626,-0.03254,-0.08766,0.078774,-0.11813,-0.101454,-0.098173,0.08327,-0.133894,0.414518,0.047885,-0.108589,-0.059214,0.194454,-0.165856,0.249054,0.342231,-0.363213,-0.026903,-0.005909,-0.260493,-0.108065,0.184758,-0.192147,-0.197333,0.224397,0.061258,0.088735,0.314197,#
18,0.385149,0.317618,0.039123,-0.151348,-0.083709,0.251322,0.371742,0.135359,0.07721,0.125832,0.125319,-0.006547,0.220614,0.289106,0.204961,0.052618,-0.056229,-0.093185,1.0,0.036652,0.119115,0.196019,0.167728,0.053258,0.047623,0.039208,-0.00192,0.25786,0.290973,0.128285,-0.21187,0.167982,-0.073416,-0.004657,-0.078693,0.06909,-0.070769,0.092681,-0.191845,0.052219,0.163331,0.218549,0.03884,0.023982,0.217032,-0.120709,0.089086,-0.114687,-0.155337,0.120057,0.151976,-0.039734,0.292947,-0.121422,0.016112,0.172802,0.023739,-0.302236,-0.038404,-0.169398,0.245734,-0.206264,-0.081668,0.157873,-0.069704,0.148633,-0.212956,0.003182,-0.017895,-0.105476,0.004223,0.078981,-0.087477,-0.227351,-0.229006,-0.032515,-0.108834,-0.14849,-0.152069,0.117838,0.220205,-0.155561,-0.068302,-0.292065,0.001951,0.049988,0.016297,-0.094844,-0.006412,-0.153671,-0.278458,-0.233521,-0.036863,-0.300769,0.191271,-0.119748,-0.102836,-0.21798,-0.092374,-0.128352,0.192288,0.115406,-0.033464,-0.410584,-0.220276,0.030368,-0.308763,-0.090771,-0.165476,-0.020841,-0.098673,0.13697,-0.192292,-0.108565,0.226144,0.153682,-0.022857,0.051126,0.206199,-0.195315,-0.001012,0.016634,-0.038978,-0.158375,-0.339223,-0.011553,0.152336,-0.035893,-0.056829,-0.02542,-0.199937,-0.164878,0.033812,0.034393,-0.078156,-0.035076,-0.040885,0.050873,0.040849,-0.143623,-0.287517,-0.020731,-0.109167,-0.092677,-0.086139,-0.04605,-0.117407,0.139152,-0.38152,-0.094166,-0.100187,-0.128396,0.04315,-0.189696,0.187663,-0.158267,0.06846,-0.04214,-0.238798,-0.088877,0.047177,0.129896,0.040674,-0.281517,0.015856,0.075773,0.315025,0.141853,-0.171898,-0.119637,-0.02463,0.003886,0.00718,0.147613,0.14487,0.030061,0.008949,0.132382,0.295654,-0.242323,-0.079838,0.089295,0.089193,0.148515,0.10256,0.01068,0.433522,0.078871,0.081398,0.130099,-0.139357,0.006321,0.106929,0.049976,-0.000356,-0.064721,0.102456,-0.147859,-0.028396,0.022879,#
19,-0.003127,-0.026914,-0.004923,-0.102269,-0.215085,-0.129938,0.053487,-0.136072,0.074918,0.181046,-0.035651,0.004048,0.120371,0.298613,0.155519,0.137324,-0.024052,0.268385,0.036652,1.0,0.115097,0.15695,0.10618,0.109623,-0.210506,-0.044396,0.200589,-0.069869,0.215871,-0.215138,0.159439,0.319186,0.327858,0.223106,-0.037071,-0.269533,0.134652,0.17511,-0.075485,-0.182357,0.19175,0.097006,0.035699,-0.112,-0.069646,-0.267176,0.139515,0.283773,-0.019123,-0.251889,-0.033015,-0.172961,0.282386,-0.159169,-0.133342,0.039059,-0.008962,-0.168263,0.187788,-0.021495,0.230086,0.021381,-0.220792,-0.105827,0.038791,-0.058079,-0.089241,-0.088505,-0.04609,0.242099,-0.091297,0.201003,0.268162,-0.25093,-0.196768,-0.361375,0.207396,0.167873,0.361866,0.20289,0.24956,0.133487,-0.08288,-0.02552,0.126334,0.537166,0.027647,-0.311828,0.081653,-0.085311,-0.044719,0.40938,-0.000779,-0.006033,0.108053,0.149659,0.021878,-0.02838,0.00188,0.0792,-0.342799,0.148906,-0.006757,0.072755,0.39499,-0.012182,0.093415,-0.111069,0.30749,-0.247465,0.044813,-0.139925,0.011644,0.145912,0.150621,-0.078986,0.039958,-0.003526,0.242365,-0.282378,0.060994,-0.104846,-0.067403,-0.004543,-0.136036,0.240468,0.19079,0.197981,0.1815,0.306204,0.432701,-0.03486,0.02978,0.050398,0.325117,0.091008,0.168169,0.108847,0.092744,0.130152,0.15746,0.196878,0.053819,-0.134726,-0.075096,0.113377,0.172956,-0.126445,-0.075681,-0.00619,0.01202,0.155048,0.297863,-0.109038,-0.014996,0.106035,0.296679,-0.067617,-0.083925,-0.175696,0.274246,0.142165,0.261199,-0.155028,-0.050822,0.146444,0.3448,-0.025554,-0.051741,0.147426,-0.293326,-0.136216,-0.107441,-0.026673,-0.237723,-0.005836,0.107369,-0.238501,0.136793,-0.005449,0.1819,-0.043727,-0.259821,-0.008483,-0.23146,-0.32598,0.335594,0.358986,-0.232618,-0.07387,0.049371,-0.250985,-0.320634,-0.008133,0.21236,-0.209344,-0.292933,-0.137389,0.380821,-0.011214,#
20,0.152,0.268554,-0.153803,-0.00425,-0.271092,0.063773,-0.142211,0.198829,-0.1408,0.028508,-0.093977,0.216574,0.090163,0.22744,0.409687,-0.15562,-0.113645,-0.176555,0.119115,0.115097,1.0,0.076533,-0.025347,-0.10558,-0.067344,-0.173076,0.101069,-0.114997,-0.221177,-0.059801,0.132607,0.152657,0.283222,0.169398,-0.387992,-0.325906,-0.026389,-0.108006,0.050627,-0.194105,0.203656,0.268381,-0.339049,-0.004974,0.159968,-0.185988,0.126948,0.080224,0.020488,-0.136338,-0.269295,0.088569,0.282497,0.014331,-0.075325,0.061244,-0.100124,-0.083051,-0.401808,0.051766,0.034288,0.025084,-0.070206,0.03996,0.241401,0.028228,-0.384533,-0.007286,0.087575,0.008011,-0.233637,0.159745,0.011407,0.092627,-0.230393,-0.247352,-0.020569,0.31947,0.079189,0.182194,0.181071,-0.287997,0.021493,-0.087234,0.144589,0.017354,0.009127,0.130031,0.319907,0.031551,-0.022909,0.103892,0.110242,0.033339,0.117962,0.153946,-0.228151,-0.052622,0.124649,-0.109348,0.140887,0.244478,0.009854,0.006716,-0.040576,0.01373,0.054773,0.030663,-0.103014,-0.134488,0.125172,0.026165,-0.213325,0.126217,0.26371,0.111951,0.023054,-0.059052,-0.017436,-0.106858,0.167228,-0.196166,-0.080394,0.149361,-0.072767,-0.15624,0.043202,-0.252729,-0.24077,0.104141,0.157149,0.06647,-0.002658,0.032721,0.040953,0.262392,0.006093,0.143098,0.248542,-0.143125,-0.053456,0.244846,0.097596,0.151513,-0.113852,-0.178973,-0.057611,-0.208814,-0.064679,0.117348,0.114825,0.050853,0.005113,-0.019911,0.085278,0.047487,0.255726,-0.102362,-0.246937,0.093898,0.048837,-0.045563,0.158401,-0.32217,-0.084867,-0.030135,0.135242,0.109492,0.099334,-0.20995,-0.211089,0.14407,-0.18403,-0.006082,0.037553,-0.139822,-0.040317,-0.278634,0.16673,0.176158,-0.208837,-0.132195,0.09349,0.006336,-0.000235,0.033062,0.016423,-0.198675,-0.127386,0.175052,-0.088758,-0.109305,-0.064997,0.016405,-0.001607,-0.11417,0.008537,-0.440886,-0.148837,-0.079651,#
