0,1.0,0.332204,-0.158164,-0.153876,0.424797,0.264474,0.015753,-0.236857,0.160155,0.275823,0.05861,0.017859,0.155484,0.376721,0.191623,0.117332,-0.04239,-0.076196,-0.074503,-0.23965,-0.020261,-0.212218,-0.074628,-0.29596,0.093995,-0.329531,0.157062,-0.094505,0.184921,0.297035,-0.430618,0.197405,-0.051029,-0.263529,-0.011255,0.081461,-0.012426,-0.236722,-0.074509,0.067854,0.002952,0.08786,-0.319859,-0.137462,0.109775,-0.255793,0.050617,-0.003558,-0.050043,-0.09101,-0.073074,-0.185195,-0.007373,0.049914,0.176326,0.08929,-0.219118,0.168081,-0.231094,0.15035,0.136642,0.400901,0.103434,-0.351996,-0.061785,0.048923,-0.015405,0.300519,0.135953,-0.018779,-0.123203,-0.003453,0.140195,-0.159978,-0.044319,0.12586,-0.413682,-0.284262,-0.138026,-0.203538,-0.153565,-0.341436,-0.085171,-0.187808,-0.310767,-0.060291,-0.268335,-0.188688,-0.20273,-0.367687,-0.084441,-0.531445,-0.12815,0.01518,-0.234081,-0.038275,-0.019724,-0.062572,-0.280159,-0.175218,-0.014124,-0.442313,-0.266371,0.000998,-0.203668,-0.175533,0.012572,-0.223381,-0.120774,-0.227097,0.057394,-0.127185,-0.115701,-0.329997,-0.206185,-0.329715,-0.011942,-0.199582,0.051072,-0.254287,-0.338993,-0.189697,-0.312407,0.043997,0.16849,-0.109116,-0.191077,0.117105,-0.114802,-0.37276,-0.168836,-0.150836,-0.400119,-0.121605,-0.028431,-0.226454,0.091389,-0.236527,-0.03552,-0.357065,-0.225906,-0.389523,-0.202166,-0.255529,-0.189683,-0.152035,-0.196766,0.402995,-0.18706,-0.199449,-0.431971,-0.104358,-0.005997,-0.24309,0.014848,-0.13757,0.006943,0.234841,-0.13107,-0.348423,-0.321065,-0.244114,0.078431,0.056596,-0.200727,0.332968,-0.206573,0.327328,-0.225089,-0.386367,0.038555,0.134136,-0.171042,-0.072361,0.21077,-0.210988,-0.122143,0.152003,0.357054,-0.359524,0.335499,0.209859,-0.019073,0.269631,0.283959,-0.2138,0.232792,-0.228925,0.047159,0.269994,-0.322441,0.092592,0.361966,0.317344,-0.073108,-0.11681,0.029388,-0.28759,-0.002254,-0.061007,#
1,0.332204,1.0,-0.172054,-0.223804,0.259773,0.174116,0.123524,-0.382923,0.158186,0.324371,0.095023,0.013322,0.089992,0.3703,0.142414,-0.108495,-0.273695,0.169963,0.006829,-0.110756,0.246726,0.216741,0.351692,-0.035939,0.015523,-0.335773,0.37531,-0.158702,0.268202,0.317247,-0.439736,-0.157023,0.073335,-0.4107,-0.03789,0.020511,0.181758,-0.564766,-0.110568,0.131802,0.110706,0.326028,-0.065482,-0.035608,0.055844,-0.004668,0.042529,0.3425,-0.085783,0.004921,-0.212279,-0.622191,0.064043,-0.367246,0.04796,-0.01761,-0.163393,0.354685,-0.009656,0.317644,0.176974,0.243011,0.142839,-0.049564,0.030684,0.33099,-0.199882,0.273074,0.284453,0.019646,-0.311056,-0.137157,0.239636,-0.140401,-0.323897,0.145281,-0.310515,-0.164381,-0.319458,-0.129936,-0.219747,-0.623891,-0.323156,-0.246707,-0.061324,-0.215442,0.00451,-0.505544,-0.058223,-0.179924,-0.318534,-0.275687,-0.279682,0.136836,-0.13935,-0.185791,-0.257492,-0.212596,-0.171687,-0.339479,0.299093,-0.252888,-0.177084,-0.061724,-0.020251,-0.233174,-0.220495,-0.603661,-0.012645,-0.194214,0.173782,-0.139922,-0.380989,-0.206031,-0.193264,-0.218822,-0.252106,-0.071613,-0.103039,-0.41323,-0.145742,-0.327525,-0.339586,-0.364321,0.013092,-0.2028,0.090984,0.259034,-0.203941,-0.41996,-0.102643,-0.29912,-0.247758,-0.203926,-0.217885,-0.448233,-0.139833,-0.181703,0.069626,-0.687907,-0.255484,-0.200213,-0.342678,-0.218605,-0.102199,-0.34891,-0.228567,0.419794,-0.148386,-0.064836,-0.364916,-0.395675,-0.173547,-0.280666,-0.196722,-0.085804,-0.017412,0.482499,-0.158784,-0.341767,-0.130127,-0.276826,-0.181084,0.167985,-0.13189,0.341819,-0.174895,-0.092653,-0.364834,-0.326965,-0.027877,0.200347,-0.324908,-0.191508,0.140445,-0.44218,-0.276499,0.07458,0.42713,-0.269597,0.592325,-0.048337,-0.164875,0.326478,0.356676,-0.420354,0.114122,0.00129,-0.11467,0.493232,-0.349252,0.360126,0.346089,0.219027,0.001862,-0.265917,-0.083513,-0.376042,-0.156264,-0.109815,#
2,-0.158164,-0.172054,1.0,0.225742,-0.018938,-0.015318,-0.01846,0.253232,0.206087,-0.289968,0.002742,0.211269,-0.266669,-0.031085,-0.253549,-0.274743,-0.046513,0.157432,-0.160014,0.079562,-0.177272,-0.116114,0.025551,0.013698,0.380542,0.170469,-0.099503,-0.093182,0.104811,-0.198798,0.115431,0.187379,-0.175325,0.119444,-0.094599,0.076615,0.112066,-0.000528,0.029245,-0.233628,-0.05922,-0.061573,-0.053133,-0.171345,0.090153,-0.08248,-0.072003,-0.018244,-0.062378,0.212631,-0.036149,0.269931,0.002895,0.183853,-0.079775,-0.145159,-0.040367,0.003307,-0.183913,-0.078789,0.079027,-0.085821,-0.059278,0.005557,0.060759,-0.008055,-0.014692,0.085046,-0.046081,0.199615,0.194932,0.103207,-0.041551,0.101822,0.235067,0.029574,0.07003,0.046123,0.041589,-0.04277,0.156164,0.121742,0.044987,0.365162,0.212642,0.13357,-0.036642,0.114571,0.057423,-0.075412,0.276713,0.194382,0.022971,-0.04718,-0.032204,-0.018339,0.278724,0.03795,0.402406,0.118052,-0.042848,0.149265,0.137086,0.308334,-0.083038,0.034818,0.280122,0.305247,-0.048686,0.071574,0.080295,0.015661,0.125424,0.242124,0.20287,0.253231,-0.182169,-0.029003,-0.003441,0.325358,0.08623,0.066989,0.441076,0.024083,-0.079532,0.153697,0.011896,-0.257652,-0.288897,0.16327,0.053291,0.016339,0.191927,0.088961,0.102376,-0.034804,0.201861,0.165512,0.153651,0.224344,0.1513,0.368971,-0.041453,-0.134925,0.098164,-0.045143,0.253183,-0.13433,0.150177,0.070953,0.255307,0.078832,0.237547,0.182019,0.194432,-0.129435,0.169712,0.012735,0.37877,0.195674,0.267555,0.092599,0.359558,0.086119,0.247303,-0.181281,0.151822,-0.316603,0.222022,0.011531,0.061924,-0.078046,0.103516,0.150042,-0.300229,0.185368,0.043454,0.14796,-0.207274,-0.109434,-0.287845,-0.069104,0.139996,-0.293285,-0.189059,0.286412,0.058771,-0.176416,-0.027769,-0.051248,0.109691,-0.076799,0.007146,-0.018368,-0.124354,0.10519,0.080465,-0.141829,0.016573,-0.033778,#
3,-0.153876,-0.223804,0.225742,1.0,0.075527,-0.14026,-0.000374,0.35759,-0.09907,0.109175,-0.062371,-0.040228,0.013922,-0.324859,-0.070178,0.053512,-0.018403,0.125611,-0.309607,0.185205,0.058549,-0.074794,-0.112886,0.084186,0.142955,0.144636,-0.363127,-0.069003,-0.041428,-0.103922,0.409701,0.035067,0.225142,0.323689,0.091267,-0.000471,0.091119,0.189111,0.058514,-0.076958,0.089713,0.038163,-0.052754,-0.354888,0.291198,-0.089274,-0.388223,-0.199652,0.22812,-0.034039,0.23229,0.154599,0.102024,0.228461,-0.123281,-0.173527,0.05662,0.093513,0.035504,-0.279565,-0.144749,0.061772,0.025262,-0.020148,-0.158424,-0.018568,0.298499,-0.249343,-0.112326,0.014995,-0.128662,-0.101685,0.188785,0.18097,0.276378,-0.064638,0.092468,0.245137,0.158485,0.010486,0.094259,0.268154,-0.018629,0.143317,0.072013,-0.165403,0.164552,-0.001107,0.094208,0.036782,0.039564,-0.016304,0.316124,-0.193563,0.0011,-0.094577,-0.128238,0.039749,0.198635,0.248955,-0.084201,0.177974,0.358559,0.447955,0.200219,0.142931,-0.022627,0.005367,-0.015243,0.023865,-0.17215,-0.002912,0.238461,0.191891,0.145339,0.446577,0.319494,0.042496,0.041852,0.042972,0.184926,0.188098,0.136451,0.214899,-0.062423,0.206931,-0.119453,-0.082646,0.097448,0.264211,-0.072212,0.033517,0.365678,0.166721,-0.021143,0.32142,0.000629,0.016669,-0.139915,0.199956,0.054668,0.128085,0.216298,0.059067,0.240765,0.250616,0.112835,-0.107358,0.240595,0.007195,0.022263,-0.035321,-0.021499,0.102425,0.31587,0.223422,-0.236228,-0.033814,0.143096,0.162775,0.349011,0.358086,-0.002121,0.114519,0.105972,-0.313318,0.104484,-0.243811,0.233403,0.366319,-0.067566,-0.33241,0.052312,0.021098,-0.266118,0.333895,-0.283612,-0.076525,-0.327304,-0.090285,-0.247435,-0.138947,0.034247,-0.133884,-0.253272,0.14954,-0.330578,-0.105324,0.143681,-0.384539,0.0473,-0.042463,-0.216839,0.151389,-0.000844,0.123142,-0.040414,0.232941,0.12216,0.163309,#
4,0.424797,0.259773,-0.018938,0.075527,1.0,0.077537,0.124949,-0.166854,0.110942,0.18664,0.157273,0.137662,0.053014,0.143831,-0.041631,0.209669,0.051273,-0.075029,0.12323,-0.165173,0.15146,-0.232278,0.277926,-0.005158,-0.043371,-0.196497,0.161333,-0.133239,0.350971,0.105107,-0.269105,0.139032,-0.020779,-0.127988,0.075543,-0.072009,0.050208,-0.33793,-0.048561,0.014193,0.197793,0.083803,-0.07686,-0.234927,0.20626,0.019233,-0.101224,0.168991,0.247281,-0.040823,0.069566,-0.30738,0.289657,-0.239238,-0.104185,-0.023849,-0.084609,0.180539,-0.076837,0.113126,-0.113734,0.271495,-0.072036,-0.003259,0.115535,0.072569,0.011932,0.18211,0.095486,-0.060215,-0.175204,-0.072786,0.191391,-0.165097,-0.187989,0.16471,-0.256764,-0.211926,-0.237236,-0.133304,-0.24846,-0.289731,-0.308603,0.282425,-0.220241,-0.054551,-0.154691,-0.377431,0.033841,-0.326864,-0.138887,-0.356456,-0.069756,-0.156523,-0.362152,-0.232869,-0.310169,-0.250983,-0.325571,-0.070318,0.187285,-0.33187,-0.257486,0.207643,-0.192375,-0.155309,0.023479,-0.239118,-0.174192,0.135125,0.073608,0.011582,0.013846,-0.171078,-0.306293,-0.078386,0.013103,-0.1646,0.155542,-0.258588,-0.184033,-0.345382,-0.285234,-0.307085,0.010603,-0.109143,-0.083864,0.056151,0.073663,-0.502243,-0.051807,-0.106505,-0.046553,-0.008956,-0.194073,-0.060813,-0.016514,-0.252768,-0.206386,-0.341717,-0.345586,-0.154347,-0.393467,-0.071174,-0.110142,0.046645,-0.038349,0.140078,-0.297463,-0.366365,-0.243243,-0.207683,0.031092,-0.203056,0.13197,-0.242159,-0.144112,0.419525,-0.180864,-0.374537,0.011184,-0.380082,0.10257,-0.085234,-0.249948,0.212876,-0.075266,0.035497,-0.128606,-0.160153,0.100708,0.325738,-0.320411,0.026882,0.269911,-0.209387,-0.286415,0.19041,0.177651,-0.145367,0.364732,-0.016321,-0.000756,0.160772,0.020081,-0.129815,-0.006574,-0.158322,-0.013871,0.048368,-0.185022,0.145027,0.305049,0.306669,-0.285202,-0.028292,0.197437,-0.212448,0.015662,0.132737,#
5,0.264474,0.174116,-0.015318,-0.14026,0.077537,1.0,0.211913,-0.206095,0.467829,0.18335,0.318833,-0.004583,-0.049055,0.150174,-0.132765,0.058896,0.115511,-0.008867,0.166302,-0.270871,0.155424,0.15702,0.365003,-0.329818,0.02811,-0.431153,0.056828,-0.08736,0.067926,0.152721,-0.176144,0.082358,-0.205557,-0.055399,-0.181344,-0.007933,0.086731,-0.173057,0.222237,-0.165203,0.092188,0.201451,0.164287,-0.15418,-0.281077,-0.138815,0.180219,-0.095195,0.216739,0.057266,0.124215,-0.077459,0.070716,-0.123736,0.215534,0.475713,-0.404592,0.41757,-0.278829,0.262468,0.25376,0.102839,0.069342,-0.09903,0.026262,0.177531,-0.109166,0.334542,0.084497,0.051383,-0.068802,0.02723,0.130156,-0.388284,-0.375972,0.234478,-0.158404,-0.184504,-0.161655,-0.075818,-0.316403,-0.31185,-0.109442,0.290941,-0.251651,-0.034146,-0.159048,-0.159462,-0.012543,-0.205601,-0.000138,-0.182797,-0.238648,0.363784,0.002828,-0.105898,0.173828,-0.12515,0.024981,-0.213875,0.340185,-0.132866,0.035808,-0.195167,-0.094886,-0.399594,0.10063,-0.180668,-0.15301,0.103403,-0.130498,-0.180493,-0.101829,-0.182868,-0.005433,-0.487626,-0.184605,-0.223165,0.160721,-0.174737,-0.087772,-0.032814,-0.264254,-0.276628,0.039305,-0.130117,0.342369,0.323624,-0.27898,-0.242381,-0.052916,0.149509,-0.315396,-0.144561,-0.036172,-0.151828,0.007163,-0.181349,0.120873,-0.409569,-0.186328,-0.082289,-0.198061,-0.085754,-0.097371,-0.263397,-0.206297,0.40631,-0.146744,-0.04077,-0.043074,-0.214509,0.191183,-0.310824,-0.132391,-0.073409,-0.034598,0.09786,-0.085555,-0.106486,-0.168416,-0.103235,-0.091581,0.095117,0.039452,0.171517,-0.192474,-0.230837,-0.334884,-0.24524,0.129116,0.164585,0.276723,-0.153912,0.237694,-0.383916,-0.245444,0.363589,0.081324,-0.033711,0.245463,0.101114,-0.062146,0.187107,-0.115,-0.108415,0.130874,0.04833,-0.149913,0.393621,-0.200599,0.029775,-0.021556,0.275362,-0.06127,0.219845,0.089383,-0.253764,-0.226341,-0.069184,#
6,0.015753,0.123524,-0.01846,-0.000374,0.124949,0.211913,1.0,-0.280142,0.089533,0.199877,0.088291,-0.032399,0.130064,-0.012905,0.052944,0.066978,0.066228,-0.031257,0.087499,-0.148808,0.241899,0.208592,0.040493,-0.317402,-0.104358,-0.395926,0.035621,-0.055061,0.13524,-0.090723,-0.177572,-0.139333,-0.033927,-0.01922,-0.005935,-0.275586,0.174112,-0.124869,-0.130537,0.092795,-0.05036,0.148756,0.143582,-0.126891,-0.041584,-0.05924,0.040308,0.008797,0.287146,0.220999,0.059869,-0.221123,0.060251,-0.242067,-0.090239,0.144333,0.018668,0.069873,-0.16104,0.354565,0.040384,0.238588,0.025281,0.09219,-0.192077,-0.131002,-0.247472,-0.009642,-0.055773,0.111034,0.185372,-0.237547,0.026426,-0.048259,-0.285071,-0.038126,-0.048796,-0.144966,-0.272906,-0.013272,-0.134342,-0.161844,0.005258,0.11061,-0.14034,0.268488,0.084721,0.046476,0.13412,-0.238098,-0.064042,0.041649,0.060182,0.16601,0.308024,-0.158406,-0.094337,-0.234717,-0.026262,0.004339,0.118985,-0.319981,-0.062877,-0.065962,-0.020509,-0.023274,0.08413,-0.027122,-0.210277,-0.071512,-0.122038,-0.173235,-0.254292,-0.076138,-0.09489,-0.168911,-0.132482,-0.299391,0.098152,-0.0145,0.138345,-0.076401,-0.003708,-0.218474,-0.352125,0.256307,0.1972,0.255722,-0.156978,-0.114898,0.068487,0.178089,-0.027805,0.308829,0.123053,0.071494,0.016818,-0.161094,0.01154,0.043112,0.041347,0.148088,0.175904,-0.020755,-0.230698,-0.247279,0.076155,0.331059,-0.018579,0.175491,-0.048007,-0.132031,0.121014,0.005918,0.150979,0.147033,0.033071,0.130782,-0.086229,-0.066502,0.05407,-0.131429,0.030873,0.16513,-0.0015,0.034412,0.018776,-0.140045,-0.016314,-0.10964,0.139272,0.010675,0.17102,-0.046573,0.013773,-0.100136,-0.00835,0.158933,0.01824,-0.182786,-0.045636,-0.016646,0.287988,0.088913,-0.184135,0.034759,0.060412,-0.144802,-0.15884,-0.11197,-0.19034,0.171146,0.020592,0.070619,0.218492,0.329415,-0.094291,-0.109678,-0.057468,-0.035175,#
7,-0.236857,-0.382923,0.253232,0.35759,-0.166854,-0.206095,-0.280142,1.0,-0.184891,-0.312652,-0.217131,-0.131888,-0.110369,-0.29634,0.14959,-0.072606,-0.039387,-0.122699,-0.276824,0.289219,-0.225625,-0.062664,-0.196144,0.290134,0.416882,0.32192,-0.131703,0.021371,-0.211588,-0.22896,0.32711,0.188033,0.092898,0.167684,0.136213,0.062328,-0.047213,0.241061,0.219617,-0.161322,-0.079702,-0.150414,0.064768,-0.100577,0.257458,0.021834,-0.019719,0.101464,-0.053554,-0.31036,0.005395,0.318173,-0.049584,0.143183,-0.154963,-0.163208,-0.002808,-0.200656,0.101986,-0.400317,-0.278966,-0.294969,-0.220454,-0.043267,-0.285295,-0.04071,0.315584,-0.184705,-0.184904,0.159343,-0.004436,0.069834,0.173973,0.193779,0.344499,-0.122353,0.377018,0.093065,0.208085,0.073822,0.086698,0.319856,0.068851,0.11041,0.183541,0.058998,-0.043897,0.157646,0.176632,0.067402,0.294889,0.190943,0.114833,-0.400114,-0.037403,0.029483,0.130671,0.146548,0.125793,0.256326,-0.218396,0.2882,0.418497,0.237837,0.211227,0.186304,0.250013,0.289844,0.115747,0.052813,0.03531,0.126026,0.366396,0.222409,0.169617,0.471896,0.258196,0.029465,-0.076968,0.252626,0.215356,0.17677,0.215927,0.23861,0.021321,-0.019757,-0.314122,0.031636,0.042635,0.520817,0.026203,-0.11099,0.129832,-0.017535,0.138989,0.24863,-0.113911,0.10793,0.212924,0.313917,0.141026,0.205261,0.29526,-0.031965,0.260803,0.235332,0.138614,-0.361174,0.112896,0.189702,0.171303,0.33367,-0.10657,0.226832,0.273777,0.15324,-0.018948,-0.336618,0.121894,-0.039226,0.262905,0.392695,-0.017635,0.043653,0.238678,-0.365819,0.2372,-0.00523,0.4285,0.122123,-0.199157,-0.16456,0.0941,-0.006142,-0.232099,0.228052,-0.096866,-0.320281,-0.418582,-0.178678,-0.469072,-0.085555,-0.196262,-0.294642,-0.374961,0.022863,-0.143772,-0.098819,0.142313,-0.381422,0.336591,-0.259623,-0.259711,-0.26286,-0.121994,0.120249,0.065787,0.253385,0.142845,-0.026128,#
8,0.160155,0.158186,0.206087,-0.09907,0.110942,0.467829,0.089533,-0.184891,1.0,0.151742,-0.087038,0.189828,-0.222647,0.336863,-0.136791,-0.003384,-0.14879,0.291031,0.333415,0.065432,-0.178073,-0.166283,0.315686,-0.241568,0.187733,-0.254778,0.05216,-0.121639,0.164894,0.23715,-0.182942,0.033415,-0.267193,-0.055005,-0.021963,0.352932,0.150241,-0.329746,0.177419,-0.164369,0.078722,0.017323,-0.117193,-0.086032,-0.057985,-0.026125,0.302594,0.145656,0.134771,0.090135,0.144051,-0.065123,0.01299,-0.014992,-0.138592,0.08282,-0.038267,0.161725,-0.414659,0.132929,0.197059,0.243296,0.06451,-0.116021,-0.094389,0.164291,0.196876,0.206299,0.1238,-0.007961,-0.018663,-0.00861,-0.189082,-0.05394,-0.250197,0.148353,-0.080761,-0.256814,-0.131278,-0.027301,-0.065667,-0.258409,-0.170922,0.245165,0.088848,-0.001882,-0.271193,-0.21549,0.036871,-0.040884,-0.174568,-0.063418,-0.260472,0.199374,-0.203852,-0.123958,0.181225,-0.118727,0.118495,-0.194099,0.150209,-0.04032,-0.245249,0.153788,-0.146172,-0.157394,-0.037912,-0.157622,0.16636,-0.046405,0.091597,-0.159603,-0.033568,-0.184952,-0.128845,-0.232681,-0.062041,-0.209652,0.195092,-0.376782,-0.004236,-0.221531,-0.16734,-0.25718,0.015921,-0.01137,0.070843,0.086248,-0.375999,-0.175699,0.036858,-0.008986,-0.296434,-0.118969,-0.317688,-0.175595,0.033104,-0.01175,0.228335,-0.220867,-0.133867,-0.256166,-0.185803,-0.332528,-0.211119,-0.446662,0.123952,0.313263,-0.211268,-0.140068,0.08703,-0.319961,0.257522,-0.240456,0.047222,-0.001189,0.157149,0.319761,-0.014645,0.138703,-0.315154,-0.120461,-0.047404,0.20994,0.146566,-0.147232,-0.091536,-0.193173,-0.1661,-0.088446,0.160487,0.190327,0.117554,-0.228546,0.071233,-0.201465,-0.20116,0.270273,0.246151,-0.026261,0.256099,0.140619,-0.141999,-0.017084,0.091877,0.17732,0.258884,0.017612,-0.333993,0.354302,-0.203313,-0.037942,0.002008,0.227066,-0.381441,0.059669,-0.025451,-0.216833,0.06574,-0.053727,#
9,0.275823,0.324371,-0.289968,0.109175,0.18664,0.18335,0.199877,-0.312652,0.151742,1.0,0.070566,0.082766,0.268902,0.195039,-0.040677,0.367955,0.014798,0.131123,0.145432,-0.279822,0.351071,0.060013,0.15983,-0.285056,-0.160429,-0.25594,-0.111448,-0.180089,0.131379,0.281844,-0.238695,-0.101458,0.090326,-0.096694,0.177283,0.131831,-0.058012,-0.4325,-0.041816,0.189025,-0.091958,0.11313,-0.059369,-0.136206,-0.009704,0.027348,-0.086033,-0.132599,-0.035811,-0.017523,0.177872,-0.437429,0.061937,-0.034704,0.135683,0.091185,-0.170187,0.290416,-0.248,0.010519,0.127109,0.246501,0.07602,0.002035,-0.146651,0.028227,0.010578,-0.005813,0.100263,-0.042604,-0.260731,-0.254344,0.061633,-0.098324,-0.145951,0.084115,-0.353727,-0.030182,-0.316151,-0.185557,-0.266101,-0.15672,-0.206312,-0.118104,-0.127062,-0.259762,-0.065183,-0.186824,-0.102314,-0.010996,-0.361001,-0.304494,-0.078372,-0.015565,-0.033702,-0.1626,-0.282396,-0.04589,-0.421944,-0.116273,0.245142,-0.083103,-0.146001,-0.061901,-0.174252,-0.13668,-0.220299,-0.298228,-0.186399,-0.052688,-0.224741,-0.114245,-0.304678,-0.182409,-0.381488,-0.006794,-0.18758,-0.206158,-0.059335,-0.236251,-0.17634,-0.049842,-0.377525,-0.167948,-0.211545,-0.0194,-0.152921,-0.050914,0.064185,-0.214486,-0.139584,-0.110075,-0.102128,0.108636,-0.283354,-0.060287,-0.114173,-0.383797,-0.105331,-0.319366,-0.297144,-0.311016,-0.109609,-0.18057,-0.250376,-0.151602,-0.102312,0.304859,-0.251455,-0.247363,-0.262331,-0.483619,-0.297059,-0.314415,-0.146229,-0.062384,-0.045074,0.354962,-0.207695,-0.193238,-0.183808,-0.188268,-0.200689,0.160034,-0.2172,-0.00164,-0.229719,0.094044,-0.284552,0.051733,0.199479,0.0025,0.000458,-0.230142,0.235916,-0.19969,-0.225758,0.22205,0.000714,-0.281596,0.277725,0.110494,0.118105,0.335078,0.14643,-0.202541,0.133942,-0.127441,0.076286,0.24533,-0.419148,0.183988,0.193723,0.20825,0.136865,0.075435,0.059264,-0.158192,-0.075726,-0.114833,#
10,0.05861,0.095023,0.002742,-0.062371,0.157273,0.318833,0.088291,-0.217131,-0.087038,0.070566,1.0,0.15651,-0.046219,-0.165084,-0.054125,0.133511,0.400178,-0.241274,-0.110952,-0.284321,0.229852,0.175009,0.133138,0.015168,-0.066809,-0.119669,-0.147943,-0.005029,0.140499,0.124665,-0.214148,0.084015,-0.183922,-0.141752,0.373862,0.003318,0.167554,-0.10415,0.056806,0.280576,-0.106993,0.024059,0.004525,-0.096052,-0.102662,-0.017778,-0.177461,-0.213338,0.18525,-0.094961,0.118937,-0.085232,-0.123789,-0.03193,0.458797,0.008698,-0.50395,0.140173,-0.094759,0.203079,0.064603,0.01151,-0.097817,0.173046,0.232608,-0.068755,-0.256398,-0.039566,0.104741,-0.415527,0.002607,-0.058658,0.009835,-0.372327,-0.192052,0.231992,-0.248077,0.123366,-0.25436,-0.305832,-0.218797,-0.223705,-0.117369,0.101208,-0.458212,-0.031456,-0.141532,0.010234,-0.291192,-0.203049,0.031022,-0.324004,-0.059921,-0.116319,-0.110924,-0.106026,-0.26465,-0.107725,-0.058784,-0.124641,0.160081,-0.111668,-0.195222,-0.306987,-0.174822,-0.158888,-0.123685,0.016233,-0.2568,0.366076,-0.312781,-0.179484,-0.328668,-0.109991,-0.221558,-0.246958,-0.098891,-0.146491,-0.124174,0.161774,-0.41389,0.014034,-0.17337,-0.018499,0.017782,0.017903,0.203974,-0.069504,-0.156135,-0.252535,-0.016695,-0.052076,-0.180534,-0.027834,-0.013672,-0.149719,-0.179371,-0.272694,-0.140477,-0.219277,-0.367361,0.125771,-0.114906,0.020421,-0.253841,-0.147996,-0.108339,0.052158,-0.02601,-0.292557,-0.088017,-0.1186,-0.183093,-0.264113,-0.296836,-0.25553,0.169245,-0.086426,-0.134878,-0.112266,0.086481,-0.207769,-0.073941,-0.229253,-0.335176,0.113443,-0.16241,-0.109951,-0.33023,-0.156026,0.249917,-0.030294,-0.136171,-0.223597,0.265252,-0.367952,-0.354677,0.326229,0.098856,0.258486,0.121645,0.027404,0.24466,0.23003,0.130753,-0.234723,-0.083301,-0.014245,0.389826,0.074044,-0.426118,0.461305,0.128569,0.037705,0.031233,0.025472,0.21438,-0.419136,-0.310523,-0.09483,#
11,0.017859,0.013322,0.211269,-0.040228,0.137662,-0.004583,-0.032399,-0.131888,0.189828,0.082766,0.15651,1.0,-0.266755,0.07377,0.083774,0.179072,0.042689,-0.107744,0.043601,-0.158491,0.004048,-0.267151,0.064029,-0.149756,0.122019,0.054667,-0.052325,-0.163334,0.390544,0.298627,-0.186034,0.134966,-0.478266,-0.031228,-0.065353,0.168816,-0.335153,0.036176,0.192174,0.307698,0.008732,-0.184798,-0.117634,-0.086509,0.190592,0.265161,-0.058696,-0.171233,-0.101189,0.2557,0.203757,-0.111398,-0.081008,0.116224,-0.218203,0.07025,-0.167526,-0.13154,-0.253212,-0.168383,-0.147606,0.089778,0.254388,0.025095,0.031035,-0.124501,0.1839,0.016625,0.052008,-0.140818,0.152213,0.078822,0.03084,0.002806,-0.066644,0.095858,-0.325292,-0.174005,-0.041515,-0.272354,-0.079673,-0.11571,0.05222,0.21501,0.142402,-0.037295,-0.283533,-0.313578,-0.023944,-0.315822,-0.009354,-0.078415,-0.000483,-0.160498,-0.253004,-0.144925,-0.167428,-0.278621,-0.197893,-0.019986,0.02899,0.161972,-0.179652,0.072139,-0.271506,-0.047071,-0.200317,-0.126023,-0.074048,0.044001,-0.360997,0.138983,-0.188626,0.132139,-0.215642,0.03172,0.006306,-0.161192,0.045616,-0.115587,-0.214188,-0.10304,-0.243432,-0.076073,0.244205,-0.066258,-0.213808,-0.274794,-0.203364,-0.279104,-0.012624,-0.29542,-0.013694,0.075525,-0.215218,-0.072517,0.139258,-0.109638,-0.020095,-0.128633,-0.163961,0.122002,-0.108145,-0.113461,-0.187299,-0.198664,0.368441,0.097768,-0.006682,-0.219572,0.033933,-0.1852,-0.077339,-0.097016,-0.247643,-0.177322,-0.014836,0.084455,-0.005896,0.031701,-0.045355,-0.008174,-0.050113,-0.212857,-0.029469,-0.259341,-0.253736,-0.043545,0.094493,-0.040374,0.056677,-0.12426,-0.115976,-0.420748,0.153616,0.007947,-0.217017,0.039306,-0.036893,-0.184279,-0.004838,0.109582,0.064447,0.152865,0.229551,0.053829,0.235132,-0.203907,-0.034072,0.078835,-0.256046,0.206484,0.092862,0.171484,-0.17346,0.010716,0.199904,-0.219932,-0.069221,0.378715,#
12,0.155484,0.089992,-0.266669,0.013922,0.053014,-0.049055,0.130064,-0.110369,-0.222647,0.268902,-0.046219,-0.266755,1.0,0.143988,0.010317,0.163871,-0.085972,-0.065524,0.115517,0.036567,0.279984,0.129712,0.017379,-0.060443,-0.130906,-0.13371,0.009785,-0.067901,0.047908,0.031577,-0.054265,0.210217,0.042368,-0.065505,-0.204326,-0.345825,-0.032716,-0.154433,-0.035833,-0.146927,-0.057805,0.342687,-0.026569,0.120342,0.129704,-0.198906,-0.066329,-0.044656,-0.014505,-0.232016,0.009376,-0.027011,0.077171,-0.169112,0.113502,0.037481,-0.1109,0.080067,-0.12211,0.007968,0.017882,-0.05007,-0.13092,-0.17517,0.094925,0.241814,-0.081147,0.104876,0.149262,-0.071763,-0.106053,-0.003155,-0.070379,-0.011399,-0.094911,-0.086228,-0.033887,-0.151183,-0.074055,-0.123698,-0.088697,-0.230456,0.117139,-0.051621,-0.029918,-0.196174,0.113392,-0.070131,-0.142822,-0.118507,0.067382,-0.272251,-0.160095,0.116748,0.185792,0.143622,-0.066712,0.031696,-0.263754,-0.077994,0.141457,-0.162129,0.038079,-0.144245,0.016456,-0.104184,-0.048303,-0.016037,-0.287355,-0.201632,0.280623,-0.165102,0.01085,-0.050932,0.012103,-0.11136,0.127372,0.12181,-0.220326,0.014306,-0.02971,-0.131488,-0.330528,-0.062173,-0.211732,0.136706,-0.260108,0.087845,0.132049,-0.119663,-0.258606,0.095676,-0.062222,-0.012067,-0.003497,-0.008191,-0.164998,-0.230183,-0.005725,-0.090247,-0.045255,0.121511,0.023038,-0.035321,-0.034425,0.157323,-0.176749,0.277792,-0.272168,-0.059241,-0.146923,-0.092099,-0.121004,-0.187741,-0.267897,-0.050223,0.186149,0.042948,-0.130278,-0.128997,-0.037033,-0.083749,0.022517,-0.004868,-0.208291,0.119608,0.146305,-0.050831,0.039581,-0.039651,0.006655,0.225299,0.180177,0.182681,0.272281,-0.064857,0.016879,-0.055809,0.087965,-0.018651,0.301523,-0.033096,0.181425,0.117692,0.061542,-0.03544,0.112674,0.081024,0.103596,0.04255,0.025718,0.047392,0.079311,0.009864,0.034098,0.044981,0.046774,0.059804,-0.038087,-0.013743,#
13,0.376721,0.3703,-0.031085,-0.324859,0.143831,0.150174,-0.012905,-0.29634,0.336863,0.195039,-0.165084,0.07377,0.143988,1.0,0.178239,0.072533,-0.023086,0.131625,0.143414,-0.055689,-0.12703,-0.038131,0.210931,-0.290442,-0.037914,-0.110849,0.203268,-0.267624,0.158669,0.242603,-0.440811,0.050007,-0.185026,-0.097372,-0.221392,0.10931,-0.107138,-0.092112,0.047689,-0.174864,-0.03127,0.116616,-0.246625,0.185488,-0.029593,-0.287881,0.311316,0.21546,-0.195426,0.157432,-0.127514,-0.182179,0.064866,-0.090352,-0.207875,0.129502,0.029814,0.283203,0.031347,0.208862,0.171487,0.225748,-0.046545,-0.136171,-0.032637,0.289786,0.012421,0.284514,0.380514,0.098559,-0.026449,0.056941,-0.095139,0.120726,-0.15003,0.145244,-0.140278,-0.245443,-0.355404,0.051926,0.036932,-0.355592,-0.08595,0.008044,0.092685,0.091928,-0.271359,-0.297321,-0.133257,-0.26066,-0.200073,-0.141642,-0.217038,0.32269,-0.209409,0.058587,0.235445,-0.030873,0.060067,-0.258746,0.276786,-0.191043,-0.328911,-0.070896,-0.05485,-0.286112,-0.069706,-0.273625,0.115904,-0.126064,0.27327,0.043791,-0.108757,0.013005,-0.027708,-0.198085,-0.298586,0.001853,0.037355,-0.43243,-0.129123,-0.343259,-0.196276,-0.234944,-0.014254,-0.152669,-0.161479,0.087439,-0.12438,-0.296509,-0.159727,0.065716,-0.445559,-0.296425,-0.147249,-0.297312,-0.173096,-0.061376,0.112106,-0.166522,-0.246912,-0.286177,-0.322203,-0.313777,-0.083128,-0.329881,-0.138151,0.406846,-0.255215,0.076126,-0.210858,-0.317558,0.126461,-0.176885,-0.055795,-0.046335,0.335163,0.358288,0.072005,-0.072379,-0.304037,-0.328934,0.348658,0.392333,0.06513,0.351562,0.013828,-0.033091,-0.213813,-0.216229,-0.034289,0.229418,-0.035507,0.02009,0.083614,-0.133345,0.098804,-0.027923,0.248707,-0.029924,0.607213,-0.013596,-0.134971,0.16007,0.24255,-0.134346,0.468847,0.003407,-0.323845,0.3256,-0.040419,-0.177122,0.165538,0.218481,-0.127873,-0.244451,-0.281275,-0.191187,-0.057706,-0.101802,#
14,0.191623,0.142414,-0.253549,-0.070178,-0.041631,-0.132765,0.052944,0.14959,-0.136791,-0.040677,-0.054125,0.083774,0.010317,0.178239,1.0,0.106871,0.124985,-0.214728,-0.215205,-0.100439,-0.260906,-0.12987,-0.117209,-0.20208,-0.039153,0.026929,0.160899,-0.044729,-0.126723,-0.009265,-0.235355,0.19983,-0.075749,-0.217459,0.059011,-0.094541,-0.109973,0.184262,0.001016,0.241369,-0.046036,-0.114969,-0.292491,0.001485,0.304045,-0.373064,0.286455,0.00181,-0.042033,-0.116561,-0.164062,0.014154,-0.207958,-0.128735,-0.112251,0.24617,-0.04818,-0.126067,0.128713,0.03478,-0.212298,0.397479,-0.073497,-0.032646,-0.219414,-0.050288,-0.010011,-0.144297,0.158257,-0.160378,0.297939,0.207518,-0.140397,0.162273,0.25063,0.130396,-0.127268,-0.073981,-0.303889,0.135043,-0.02208,-0.178806,0.012469,-0.045111,-0.088995,0.072182,-0.15514,-0.077895,0.025496,-0.090191,0.049984,0.003097,-0.004025,0.025798,-0.025565,-0.013385,0.087952,-0.153264,-0.216139,-0.051639,-0.177497,-0.139715,0.123704,0.025574,0.024224,-0.050905,-0.011412,-0.177883,0.211753,-0.097007,-0.012838,0.08869,-0.191206,0.177989,-0.305922,-0.043401,0.11734,-0.007483,-0.020884,-0.172708,-0.086524,0.052928,-0.119325,0.054924,0.219511,-0.002564,-0.236973,0.143953,-0.01339,-0.138881,-0.10829,-0.28251,-0.174156,-0.231934,-0.041665,-0.229189,-0.132069,-0.16358,-0.021427,0.15426,-0.120961,-0.159147,0.059496,-0.221613,-0.155929,-0.147722,0.180403,0.066535,0.034184,0.242534,-0.042036,0.178942,-0.243392,-0.099024,-0.065393,0.058624,0.175013,-0.104073,-0.263068,-0.194493,-0.363887,-0.01736,0.106362,-0.108148,-0.007874,-0.022794,-0.076695,0.162032,0.020619,-0.484955,-0.083946,-0.178442,-0.10399,-0.138657,-0.033066,0.080488,-0.152576,-0.178875,0.031028,-0.039507,-0.009302,0.051318,-0.055423,0.107545,0.058811,-0.036141,0.313882,0.06521,-0.01645,-0.134986,0.007156,0.061458,0.024499,0.027289,-0.071601,-0.071443,-0.21664,0.159968,-0.007656,0.178745,#
15,0.117332,-0.108495,-0.274743,0.053512,0.209669,0.058896,0.066978,-0.072606,-0.003384,0.367955,0.133511,0.179072,0.163871,0.072533,0.106871,1.0,0.069585,-0.091701,0.087717,-0.257284,0.154725,-0.188542,0.020278,-0.258491,-0.264668,-0.272141,-0.076101,-0.140755,0.18809,0.242197,-0.160866,0.191904,-0.086453,-0.119168,0.180331,-0.070665,-0.137373,-0.11866,0.35862,0.310208,-0.104884,-0.081595,0.029778,0.002817,0.064399,0.034312,-0.182475,-0.179129,-0.037777,-0.179186,0.385158,-0.101587,0.173391,-0.011767,-0.053065,0.175121,-0.082317,0.081168,-0.113796,0.032687,-0.070741,0.124667,-0.157297,-0.106876,0.029801,-0.174672,0.26283,0.049598,0.207391,-0.362336,-0.005638,0.047395,-0.077726,0.0642,-0.043854,0.193528,-0.189797,-0.159214,-0.168423,-0.055869,-0.092481,-0.01294,0.167218,0.140963,-0.072467,-0.07222,-0.011093,0.009163,-0.21801,0.000142,0.019095,-0.389367,0.029082,-0.092867,-0.217487,-0.156655,-0.077921,-0.001242,-0.30605,-0.053317,0.070481,0.001679,-0.114355,0.157844,0.036289,-0.153922,-0.193404,0.149839,-0.127904,0.247012,-0.369754,0.193465,-0.092102,-0.089556,-0.290161,-0.177188,0.090774,0.075447,-0.159536,-0.180596,-0.308275,0.017954,-0.159842,-0.014468,-0.026897,-0.030519,-0.116237,-0.020762,-0.114991,-0.251507,-0.182665,-0.254983,-0.101326,-0.150765,-0.271216,-0.008643,-0.028986,-0.238544,-0.155988,-0.128807,-0.38705,0.016838,-0.052018,-0.090792,-0.152047,-0.017519,-0.060854,0.085215,-0.271706,-0.189889,0.03479,-0.333114,-0.1834,-0.470538,-0.178118,-0.026442,-0.20451,0.068178,-0.304593,-0.250707,-0.277946,-0.197674,-0.00567,-0.135204,-0.113922,-0.185097,-0.419034,0.13271,-0.026129,-0.033215,0.026185,-0.077623,-0.175136,-0.044142,0.342326,-0.089298,-0.220131,0.188844,0.014871,0.064636,0.072901,-0.184274,0.016062,0.405911,0.020192,-0.173747,0.154978,-0.199866,0.150642,0.015117,-0.244537,0.173234,0.291628,0.238236,0.05291,0.075484,0.072133,-0.134691,-0.033632,-0.118023,#
16,-0.04239,-0.273695,-0.046513,-0.018403,0.051273,0.115511,0.066228,-0.039387,-0.14879,0.014798,0.400178,0.042689,-0.085972,-0.023086,0.124985,0.069585,1.0,-0.302212,-0.130905,-0.059147,-0.035747,0.02146,-0.137362,-0.126302,-0.12997,0.146624,-0.318752,-0.046444,-0.06192,-0.101306,-0.079585,-0.036709,-0.190259,0.011201,0.224134,0.122928,0.066979,0.09631,0.1078,0.020974,-0.309566,-0.075112,-0.1701,-0.188389,0.069885,0.059292,-0.077259,-0.411565,0.18418,0.137344,0.068491,0.077311,-0.202271,-0.0008,0.311137,0.205002,-0.006319,0.059349,0.187922,0.093498,-0.018692,0.033985,0.050931,0.156349,-0.077181,-0.33867,-0.190687,-0.267648,-0.04794,-0.252296,0.281798,-0.065465,-0.263714,-0.169025,0.024186,0.161048,-0.160577,0.156218,-0.255544,0.031831,-0.078821,0.189828,-0.012534,0.25393,-0.235485,0.0825,-0.009263,0.038873,-0.036478,-0.029663,0.082832,0.079917,0.170049,0.008224,0.012604,-0.154361,-0.052231,-0.24948,-0.036484,-0.177832,0.062033,0.021733,-0.116311,-0.241215,-0.212356,-0.010527,-0.060328,-0.025911,-0.145124,0.20231,-0.322919,-0.133485,-0.036767,-0.067325,-0.20724,0.025158,-0.126882,-0.20374,0.203255,0.09623,-0.147318,0.296173,0.054166,0.121447,0.054787,0.028023,-0.107047,-0.034413,0.10478,-0.111403,0.20725,0.207488,-0.085339,0.225015,-0.052181,-0.130935,-0.1334,-0.159895,-0.199458,0.111687,-0.127482,0.081205,0.25124,0.105059,-0.224263,0.031597,0.143965,-0.217074,0.206687,0.004897,-0.03507,0.033308,-0.121573,-0.055932,-0.002445,-0.218248,0.158631,-0.030273,-0.141934,0.085146,0.110186,-0.051747,0.051913,-0.122589,-0.220476,0.044144,0.241447,0.068952,-0.036547,-0.012953,0.291769,-0.14629,0.020667,0.197608,0.105358,-0.151013,-0.133497,0.136039,-0.032933,0.13274,-0.03959,0.00711,0.192818,0.133258,-0.086695,-0.088421,0.09679,0.017286,0.233638,-0.224674,-0.050336,0.166385,-0.030502,-0.192349,0.150789,0.069606,0.178343,-0.054558,-0.156545,0.111106,#
17,-0.076196,0.169963,0.157432,0.125611,-0.075029,-0.008867,-0.031257,-0.122699,0.291031,0.131123,-0.241274,-0.107744,-0.065524,0.131625,-0.214728,-0.091701,-0.302212,1.0,0.188649,0.039001,0.123782,-0.018867,0.104894,0.019503,0.085981,-0.013253,-0.128564,0.035224,0.055208,0.018764,0.182236,-0.038791,0.223485,0.187967,-0.049663,0.133963,-0.058141,-0.11842,-0.15969,-0.153275,0.028269,-0.118521,0.048017,0.179244,-0.045746,-0.08,0.066219,0.139297,-0.073766,0.008917,0.244607,-0.055462,0.195982,-0.083841,-0.163288,-0.023658,0.376176,0.178537,-0.024152,-0.020461,0.162185,-0.112263,0.108831,-0.167235,-0.007029,0.086144,0.164899,0.001725,-0.114272,0.069742,-0.144904,-0.216828,-0.060139,0.018644,0.126253,-0.173702,0.076455,0.003472,0.03577,0.286341,0.173433,0.164909,-0.116074,-0.135925,0.406762,-0.142558,0.116934,0.015454,0.178679,0.148393,-0.155511,0.151832,-0.049346,0.185484,-0.010003,-0.214605,-0.045295,0.183404,0.307235,0.194914,0.189625,0.108642,0.16697,0.157789,0.024808,0.170095,-0.135043,-0.076689,0.088391,-0.079157,0.174728,0.146516,0.184355,0.259538,0.09283,0.081339,0.065336,0.23263,-0.084448,-0.062397,0.249595,0.108521,-0.024463,-0.085911,0.194941,0.029914,0.302312,0.136225,-0.214668,0.199341,0.215512,0.004308,-0.176364,0.09049,-0.125022,0.191788,-0.074604,0.223612,0.123739,-0.077423,0.191272,-0.01187,0.048534,-0.093784,0.15249,-0.284045,-0.156944,0.059388,0.080273,-0.002265,0.103728,-0.225647,0.179667,-0.06089,0.095847,0.105061,-0.024411,0.223564,0.068151,0.276101,0.016701,0.049266,-0.159268,0.333516,0.251681,-0.061144,0.043602,-0.066872,0.037013,0.290228,0.001791,-0.013607,0.086714,-0.054093,-0.131213,0.255933,0.059472,0.194516,-0.003787,-0.154092,0.096388,0.12838,-0.159036,-0.258598,-0.068852,0.050266,-0.094724,0.166579,-0.271481,0.30641,0.159276,-0.179341,0.091284,-0.076718,0.03925,-0.058561,-0.136826,0.122305,0.323387,-0.298555,#
18,-0.074503,0.006829,-0.160014,-0.309607,0.12323,0.166302,0.087499,-0.276824,0.333415,0.145432,-0.110952,0.043601,0.115517,0.143414,-0.215205,0.087717,-0.130905,0.188649,1.0,-0.120721,0.213024,0.055233,0.401656,0.009965,0.035049,-0.220731,0.145461,0.188462,-0.181354,0.229129,-0.022305,-0.206706,-0.141205,0.13758,-0.18743,0.085097,-0.179033,-0.308624,-0.017263,-0.133397,-0.040126,-0.102306,0.178447,0.265389,-0.299047,-0.048187,0.075776,0.148065,-0.106985,-0.008633,0.289576,0.033571,0.258567,-0.187825,-0.063283,0.128116,0.035417,-0.128705,-0.205618,0.213903,-0.137423,0.01042,-0.05697,-0.051206,0.07415,0.19456,-0.110748,0.099446,-0.034038,0.13147,0.097769,-0.131207,-0.174186,0.179877,-0.11555,0.13291,-0.098913,-0.389556,0.033491,-0.000764,-0.17164,-0.117768,-0.323956,0.202464,0.046802,-0.092274,-0.178153,-0.047497,0.057032,0.084641,-0.156408,-0.025377,-0.096921,0.181376,0.006484,-0.113655,-0.03386,-0.081615,-0.209626,-0.019212,0.186671,0.053851,-0.13566,0.065217,-0.050177,-0.189725,-0.03226,-0.042333,0.019588,0.076155,0.113896,-0.040808,-0.008736,-0.147611,-0.2486,-0.23058,0.020596,0.008019,0.169676,-0.206341,-0.118063,-0.293549,-0.29886,-0.423137,-0.074728,-0.261106,0.168292,-0.040643,-0.057526,-0.162624,0.023529,0.063996,-0.059051,0.146691,-0.251348,-0.012745,0.131884,-0.128776,-0.129075,-0.206202,-0.041032,-0.022309,-0.317829,-0.261947,-0.165467,-0.18101,-0.155404,0.229235,-0.277258,-0.114871,0.164116,-0.325756,0.279145,-0.174604,-0.280704,-0.092438,-0.094008,0.266179,0.071598,0.169657,-0.089109,-0.247159,-0.110631,0.148304,0.041061,0.03564,0.102432,-0.050104,-0.088478,0.107589,0.17919,0.400586,0.055715,-0.173857,0.280153,-0.26264,0.169544,0.196346,0.180686,0.025447,0.304538,-0.037776,0.035236,0.118805,0.036885,0.180174,0.181798,0.146051,-0.385216,0.249744,0.029496,-0.157773,-0.154776,0.022687,-0.202049,0.226069,0.129884,0.060668,0.300319,-0.019795,#
19,-0.23965,-0.110756,0.079562,0.185205,-0.165173,-0.270871,-0.148808,0.289219,0.065432,-0.279822,-0.284321,-0.158491,0.036567,-0.055689,-0.100439,-0.257284,-0.059147,0.039001,-0.120721,1.0,-0.285455,-0.073361,-0.136386,0.455297,0.190265,0.177302,0.053046,-0.043275,-0.201728,-0.042389,0.170576,-0.052978,-0.019218,0.4139,-0.143014,-0.00664,0.212839,0.123869,-0.018911,-0.218997,-0.057226,-0.118134,0.059638,-0.068581,0.124604,0.162614,0.10134,0.099358,-0.139616,0.060931,-0.12719,0.289552,-0.057437,-0.108939,-0.433649,-0.133986,0.205283,-0.251102,0.146313,-0.240198,-0.065205,-0.135393,0.092914,0.106937,-0.147399,-0.076785,0.253879,-0.101679,-0.149689,0.182874,0.097414,-0.018596,-0.036907,0.125407,0.023766,-0.130802,0.655716,0.197551,0.380681,0.233825,0.478797,0.182685,0.273661,-0.156747,0.307877,0.233721,-0.000156,-0.003548,0.235725,0.250276,0.07869,0.339805,0.382284,-0.038497,-0.219985,0.186173,0.142334,0.14513,0.158205,0.08817,-0.166386,0.356094,0.079446,0.132559,0.232125,0.227321,0.171265,0.082289,0.194879,-0.181806,0.311748,0.066167,0.503733,0.263279,0.226726,0.132762,0.255754,0.139593,0.002555,0.080806,0.398569,0.038064,0.303388,0.05312,0.019734,0.312986,-0.069115,-0.000112,0.16483,0.458126,0.022607,0.193043,0.270913,-0.011955,0.068138,0.116805,-0.139816,0.079867,0.112464,0.195502,0.258671,0.07529,0.365794,0.118244,0.255514,0.260676,0.164789,-0.281586,0.200712,0.329079,-0.002157,0.239199,0.155759,0.221846,0.373547,0.382469,0.1131,-0.128904,0.242065,0.285936,0.20619,0.351484,0.086839,0.156674,0.313829,-0.09155,0.388585,0.062286,0.111985,0.201965,-0.23911,0.128652,0.149141,0.118141,-0.294798,0.136775,-0.013875,-0.326057,-0.274217,-0.031247,-0.180263,-0.138054,-0.068631,-0.357848,-0.101453,0.240447,-0.17067,0.217366,-0.174666,-0.367801,0.335693,-0.247119,-0.264752,-0.289277,-0.065549,-0.24176,-0.096409,0.214883,-0.005942,-0.099782,#
20,-0.020261,0.246726,-0.177272,0.058549,0.15146,0.155424,0.241899,-0.225625,-0.178073,0.351071,0.229852,0.004048,0.279984,-0.12703,-0.260906,0.154725,-0.035747,0.123782,0.213024,-0.285455,1.0,0.393929,0.136598,-0.031624,-0.048898,-0.085721,-0.097377,0.020424,0.355389,0.265559,-0.001713,-0.132935,0.182349,-0.047793,0.035708,-0.090515,-0.140872,-0.392428,-0.089553,0.156368,0.217935,0.107365,0.17351,0.107665,-0.046871,-0.020885,-0.451474,-0.17828,-0.129065,-0.163887,0.17278,-0.171451,0.00283,-0.070099,0.227867,0.092562,-0.155399,0.099539,-0.159515,0.216457,0.135122,-0.136286,-0.020481,-0.014431,0.165433,0.075308,-0.075081,-0.092028,-0.016997,0.015366,-0.386071,-0.09531,0.201927,-0.077337,-0.290696,0.0356,-0.177209,0.039269,-0.212176,-0.144116,-0.28022,-0.134248,-0.04965,0.090058,-0.189974,-0.392987,0.176992,-0.328809,-0.115527,-0.232235,-0.179245,-0.305711,-0.167575,-0.088193,0.008778,-0.114933,-0.356978,-0.092734,-0.245825,0.165477,0.32414,0.064842,-0.054452,-0.169272,-0.035689,-0.059325,-0.255605,-0.278118,-0.336121,0.209302,-0.182482,0.010423,-0.313342,-0.084472,-0.150565,-0.10024,0.02359,-0.157898,-0.143382,-0.135155,-0.229518,-0.105279,-0.275712,-0.162627,-0.129741,-0.276132,0.249564,-0.083872,-0.053309,-0.256061,-0.252093,-0.087623,-0.100291,0.165519,-0.18566,0.062001,-0.208992,-0.360523,-0.140235,-0.395939,-0.43891,-0.021697,-0.201967,-0.037006,-0.218018,-0.106461,-0.378807,0.344867,-0.109759,-0.319514,0.090072,-0.433622,-0.276934,-0.277604,-0.298786,-0.162869,-0.2062,0.289223,-0.156908,-0.29311,0.047396,-0.108027,-0.293364,0.023216,-0.356539,0.046341,-0.19026,0.050869,-0.014195,0.144727,0.177675,0.146641,-0.14332,0.003563,0.357314,-0.326126,-0.071462,0.310465,0.090942,-0.126148,0.205999,0.033124,0.098984,0.215736,0.217501,-0.131886,-0.150729,0.099462,0.254847,0.376301,-0.227824,0.312441,0.270234,0.088325,0.173007,0.263282,0.350155,0.021982,0.151969,-0.040177,#
