0,1.0,0.086382,-0.084884,-0.131227,0.051453,0.054137,0.427352,-0.301736,0.098133,0.060361,0.371931,0.160031,0.288763,0.140005,0.082403,0.029855,0.03809,-0.243367,0.23767,-0.004399,-0.075909,0.05694,0.110897,0.064563,0.02467,-0.036711,-0.123107,0.136239,0.117038,-0.031441,-0.266736,-0.030317,0.077127,-0.055845,0.246419,0.033013,0.08067,-0.04265,0.115849,0.027703,0.05883,0.070233,0.090291,0.041853,0.153371,0.07723,0.249987,0.182802,-0.280394,-0.167871,0.053594,-0.160047,-0.009766,-0.204922,-0.118839,0.001041,-0.073922,0.23109,0.002783,0.02306,0.230178,0.095437,-0.266852,0.057098,-0.192183,-0.023154,0.018952,-0.074654,-0.185463,-0.221592,-0.044271,0.006778,0.07911,-0.250014,-0.056046,0.082679,-0.402707,-0.1058,-0.232754,-0.050084,-0.030118,-0.085901,-0.136892,-0.420128,-0.205014,-0.117793,0.000633,-0.200254,-0.123685,-0.080169,-0.489826,-0.231122,-0.04394,-0.350342,-0.148798,-0.258957,-0.065406,-0.410892,-0.303995,-0.113515,0.303807,-0.142517,-0.093311,-0.093365,0.019355,-0.179832,-0.184842,-0.020207,-0.241508,-0.113476,-0.017728,0.015266,-0.206007,-0.160657,0.045187,0.063048,0.090552,-0.124136,0.097867,-0.157236,-0.177473,0.026716,-0.115443,0.263324,-0.184573,0.029907,-0.09316,0.318293,-0.290226,-0.129144,-0.226734,-0.267945,-0.140806,0.363056,-0.107881,-0.15494,-0.079875,-0.261791,0.26988,-0.194068,-0.107367,0.101646,-0.009521,-0.163653,-0.25539,0.03048,-0.044093,0.124075,-0.23584,-0.223012,-0.025568,-0.13016,-0.296967,-0.052852,0.100255,-0.144988,0.058849,0.13325,-0.246523,-0.008631,0.053212,-0.082535,0.052057,-0.292798,-0.050159,0.160012,0.024647,0.089877,-0.362819,-0.177043,0.132595,-0.330072,-0.007812,0.06377,0.140752,-0.105647,-0.266785,0.058119,0.104053,-0.415711,0.060908,0.095506,0.015931,0.199746,0.115395,-0.157673,0.209212,0.201851,0.026446,0.187915,-0.517376,0.15707,0.348068,-0.014223,0.048338,0.08841,-0.112837,-0.139677,-0.056679,-0.110761,#
1,0.086382,1.0,0.109867,-0.109323,-0.137361,0.058776,0.169875,-0.090738,0.040531,0.129407,0.022767,0.035233,0.13814,0.271285,-0.072357,0.025843,0.241961,0.128661,0.148759,-0.024351,0.123364,0.272012,0.070886,-0.236075,-0.014313,-0.183074,-0.178826,0.0536,0.010929,-0.174323,0.005579,-0.152936,-0.043483,0.163946,0.182334,0.207235,-0.04074,-0.219709,0.056279,-0.27528,-0.009039,0.008552,-0.026843,-0.103239,-0.129328,0.025794,-0.107806,-0.069048,0.083104,0.094006,-0.10452,-0.156319,0.043498,0.101379,-0.145871,-0.108755,0.123542,0.005424,-0.0285,0.005494,0.132972,-0.106951,-0.061017,-0.075495,0.10234,0.17665,-0.247404,0.067206,-0.101825,-0.014117,-0.110258,-0.173962,-0.330491,-0.112786,-0.114721,0.089368,-0.026206,-0.049196,0.102536,-0.099529,0.003901,-0.269366,-0.107284,-0.046608,-0.183834,0.033426,-0.020831,0.161958,0.04135,-0.077858,-0.087203,-0.089839,-0.206763,-0.14133,-0.168724,-0.083422,-0.100465,0.065039,0.088425,-0.164521,-0.057845,-0.082503,0.032875,0.28567,-0.011937,-0.164463,0.32805,0.020619,-0.238644,-0.220591,0.367939,-0.134771,-0.169681,-0.01223,-0.089684,-0.175515,-0.199306,-0.241608,-0.029345,-0.119844,-0.089667,0.087759,-0.398242,-0.072197,-0.195185,-0.291739,-0.015697,0.032632,-0.256731,-0.143384,0.026454,-0.188035,-0.307976,-0.005216,-0.247482,-0.054474,0.217787,0.059316,0.105517,-0.288284,-0.110521,-0.122397,0.104094,-0.04879,0.037069,-0.041684,-0.331856,0.075332,0.22042,0.179933,-0.055631,0.056173,0.222275,-0.016825,0.035333,-0.136011,0.205712,0.229049,-0.000121,0.046326,0.114392,-0.064966,0.080403,0.07882,-0.04334,0.337787,0.119642,0.195835,-0.073572,-0.11183,0.156533,-0.063581,-0.154443,-0.036606,0.087064,-0.204778,0.039544,0.185836,0.10476,-0.245856,0.239962,-0.129608,0.225387,0.063952,0.198366,-0.010149,0.014586,-0.082683,-0.213896,0.387187,-0.167784,0.283578,-0.231707,0.10079,-0.050223,0.136933,0.136362,-0.044204,-0.079878,0.177765,#
2,-0.084884,0.109867,1.0,-0.338237,0.030511,-0.177106,0.137429,-0.198872,0.022671,0.169668,-0.127206,-0.265522,-0.00109,0.01558,0.008823,0.020734,0.006133,0.364943,-0.028916,0.218715,-0.098982,-0.005323,0.028643,0.053251,0.009144,0.006978,0.004678,-0.040044,0.018234,-0.20163,-0.136382,0.150483,-0.265283,0.225704,-0.036204,0.039084,0.077294,0.328434,-0.019895,-0.085291,0.074634,-0.156547,-0.149695,-0.104898,0.016949,-0.167896,-0.310449,-0.168885,0.088086,-0.006974,0.04213,-0.208493,0.201526,-0.132689,-0.212099,-0.172384,0.001165,-0.159441,0.032616,-0.015875,0.142591,-0.040439,-0.082713,-0.188757,0.208832,0.173675,0.160915,-0.13583,0.108038,0.203864,-0.22751,-0.021192,-0.36962,0.024835,-0.160169,-0.210226,-0.099084,6.8e-05,-0.031143,0.005764,0.246561,-0.009581,0.116266,0.135214,-0.043648,0.168206,0.242218,0.030516,-0.002814,0.228402,0.07398,0.025177,-0.010404,0.090309,0.057733,-0.00939,-0.143586,-0.070727,0.055305,-0.008703,-0.299975,-0.201548,0.063487,0.082174,0.071706,0.008753,0.095927,-0.021072,0.16639,-0.122388,0.067239,-0.041932,-0.070571,0.110446,0.253436,-0.054619,-0.030666,0.21494,-0.192819,-0.120493,-0.048039,0.113596,0.030093,-0.333878,-0.300521,0.153151,0.400325,0.031428,0.175792,0.061597,0.193776,0.073805,-0.087437,0.048623,0.186542,-0.176545,0.225256,0.254277,-0.379199,0.200494,-0.149952,0.048896,-0.109884,-0.124466,0.053011,-0.00774,-0.034859,-0.051614,-0.014207,0.136901,-0.16714,0.221739,0.008136,0.016136,0.097129,0.117555,0.190459,-0.034906,0.038547,-0.053346,0.196247,-0.196712,-0.027995,0.15645,0.031829,-0.004908,0.065856,-0.063665,0.32221,-0.009579,-0.175083,-0.053252,0.048527,0.028126,-0.32741,0.191797,0.156902,-0.076122,0.059496,-0.152757,-0.063131,0.155242,0.123143,-0.203021,-0.160674,0.193376,0.123248,0.00287,-0.165566,-0.344286,0.191041,-0.194929,-0.244247,0.165076,-0.283569,-0.021347,0.045281,0.251821,0.167054,0.195772,#
3,-0.131227,-0.109323,-0.338237,1.0,-0.114632,-0.041535,-0.164115,0.17358,-0.373039,-0.262751,0.113531,0.089172,-0.134467,-0.363641,-0.004656,-0.060403,0.041633,-0.032219,-0.189826,-0.113922,0.223155,-0.286704,-0.337914,0.065127,0.182074,0.178067,0.02837,0.091518,0.019898,-0.210273,0.305806,-0.22673,0.213493,-0.177941,-0.123996,0.024182,-0.137382,-0.21072,0.196837,0.144948,0.012076,-0.145282,-0.110421,-0.021426,0.072994,0.338196,-0.133267,-0.267688,-0.008968,-0.152436,-0.193153,0.43899,-0.062276,0.221376,0.254853,-0.265655,0.219738,0.287541,-0.114448,-0.125981,-0.487938,0.006676,0.099855,0.059637,-0.103473,-0.159557,0.009829,0.013956,-0.08545,-0.031647,0.017679,-0.190982,0.067037,0.156792,0.202921,-0.265664,0.240092,0.283407,0.08142,-0.052416,0.029326,0.133814,0.195708,0.157694,0.103723,-0.052521,0.162726,0.201314,0.273738,-0.011559,0.179342,0.08664,0.116474,-0.092013,0.16583,0.216947,0.287621,0.065582,0.076677,0.161325,0.198976,0.118657,0.264495,0.16445,0.017564,0.23285,0.03667,0.252979,-0.146493,0.170314,-0.167915,0.019554,0.227647,0.113845,-0.12876,0.088172,0.214124,0.197495,-0.075075,0.299901,0.140852,0.128683,-0.048727,0.218456,0.224664,0.036475,-0.339468,-0.115765,0.008728,0.182322,-0.020686,0.304565,0.31494,-0.206503,0.211473,0.062408,0.020602,-0.094002,-0.066424,0.113714,0.147393,0.134012,0.331991,0.233746,0.31428,-0.006619,0.05632,-0.271947,0.173842,-0.105318,0.22016,-0.109574,0.007006,0.108728,0.12994,0.019672,-0.34166,-0.339353,0.107582,-0.01709,0.008134,0.082136,0.17382,-0.099627,-0.103437,-0.345016,0.003945,-0.243468,0.020244,0.027454,0.116549,0.359883,0.046445,0.180303,0.064908,0.118824,0.023346,-0.099072,-0.380728,0.429357,-0.411212,0.103262,-0.085588,-0.209013,-0.133282,-0.129061,-0.180719,0.018127,0.336949,0.014477,0.177949,-0.027363,-0.15446,-0.217621,0.003952,-0.225771,-0.123285,-0.397951,-0.288595,-0.177379,#
4,0.051453,-0.137361,0.030511,-0.114632,1.0,-0.00416,0.052815,-0.029071,-0.042309,-0.095811,0.119242,-0.087267,-0.13898,-0.326934,-0.083541,-0.001055,0.175918,-0.122923,0.073955,-0.031632,-0.176412,-0.221669,0.136531,-0.061497,0.004073,-0.036611,-0.056952,-0.133527,0.060803,0.035044,-0.295971,-0.056465,0.092986,-0.205013,0.21005,-0.008961,0.087252,-0.174298,0.123755,0.413458,-0.087858,-0.27191,-0.078558,-0.142622,-0.263894,0.122673,-0.067954,-0.06865,0.007686,0.18327,-0.007822,0.141511,-0.18135,0.113581,0.071099,-0.001752,-0.303741,0.250175,0.03497,0.300198,-0.145028,-0.116436,0.073099,-0.261603,-0.152295,-0.066627,0.283827,0.001021,-0.063792,-0.089143,-0.01022,0.153691,0.218387,-0.0036,0.12891,0.06049,0.074639,-0.158113,0.008232,-0.220343,-0.200317,0.150023,0.095028,-0.033878,0.177855,-0.023321,-0.060416,-0.014412,-0.009159,-0.018956,0.085462,0.253971,0.047721,0.109497,0.196509,-0.099793,0.24487,-0.055296,-0.052989,-0.063784,0.078745,0.171197,0.05094,-0.135303,0.003975,-0.049038,-0.103418,-0.021904,-0.159671,0.131875,-0.008429,0.07187,-0.244065,-0.006208,-0.265734,0.121732,0.073674,0.390873,-0.197151,-0.033766,-0.236259,-0.164578,-0.090493,0.104337,0.061209,0.090253,-0.011162,0.178538,-0.079427,-0.247129,0.095372,-0.10126,0.118369,0.08056,0.175767,-0.100613,0.270749,0.074687,-0.035734,0.071967,-0.109318,-0.067821,-0.033872,0.168624,-0.082929,-0.042987,-0.040861,-0.121482,0.043055,-0.08407,0.093239,0.024269,-0.181752,0.157761,-0.055291,-0.015317,-0.005131,-0.00342,-0.284721,-0.032911,-0.237705,-0.109927,0.002429,0.108836,-0.027469,-0.065316,-0.037009,0.016317,0.141838,0.264018,0.105906,0.06376,0.177016,-0.060328,-0.095631,-0.003184,0.058396,-0.020607,-0.011994,-0.035321,0.020844,0.204962,-0.016381,-0.01973,0.004784,-0.024168,-0.065878,0.247006,0.317833,-0.05068,0.084527,-0.058068,0.24925,0.164378,-0.127995,-0.038479,0.143897,0.145016,-0.012333,-0.206711,#
5,0.054137,0.058776,-0.177106,-0.041535,-0.00416,1.0,0.172936,0.205269,0.077822,-0.012489,-0.043688,-0.013931,0.056142,-0.038335,0.219076,-0.196516,0.238235,0.05247,0.191953,-0.111224,-0.123329,-0.063624,0.174985,-0.168165,-0.205749,0.240374,-0.298422,-0.049099,0.156621,0.055082,-0.15665,0.133193,-0.031656,0.118584,-0.055014,0.182612,0.028015,-0.16822,-0.179297,-0.116704,-0.385051,0.056699,-0.126307,-0.044306,-0.019883,-0.031823,0.218674,-0.146508,0.208586,0.00193,0.070073,-0.069916,0.202512,0.075131,-0.018079,0.092725,-0.108583,0.0813,-0.135067,-0.091183,0.08967,0.004417,0.054725,0.017049,-0.34032,-0.229589,-0.049627,-0.059943,-0.024112,-0.296224,-0.071748,-0.078571,-0.102818,0.060652,-0.045415,0.147097,-0.067926,0.032875,-0.166855,0.218796,-0.197606,-0.126556,-0.083656,0.144085,0.008043,-0.138434,-0.166924,-0.003223,-0.022463,-0.12593,0.065797,-0.125586,-0.195741,-0.216666,-0.096108,0.121288,-0.140234,-0.039851,-0.232123,-0.228552,0.316242,0.173186,0.02608,-0.151027,-0.312073,-0.350699,-0.048877,0.051649,-0.157579,0.019013,0.106709,0.254184,-0.224107,-0.203243,-0.015461,-0.020384,0.022066,0.077831,0.095964,-0.158204,0.125333,-0.108359,-0.019171,0.052494,-0.139153,-0.04373,0.021703,-0.242514,-0.313266,0.124545,-0.091469,-0.141183,0.024139,0.027113,-0.401958,-0.035026,0.097807,0.120031,0.27138,-0.028017,-0.108484,-0.16769,-0.166044,0.0816,-0.051813,-0.19526,0.243512,0.056286,-0.259402,-0.244095,0.017789,-0.349893,0.208719,-0.08801,0.185886,-0.007107,0.090246,-0.049267,-0.321553,0.094903,-0.242763,0.040286,0.181531,-0.219046,0.220471,0.074427,-0.037899,-0.003417,0.012797,-0.245237,0.060469,-0.214915,-0.142448,-0.156631,0.158902,-0.114782,0.014977,-0.004233,0.036324,0.028291,0.231807,0.023887,0.051896,0.024163,0.406607,-0.12997,0.185718,-0.050704,-0.003089,0.226661,-0.080365,0.202548,0.059301,-0.059436,-0.172317,0.425856,0.055893,0.148832,-0.197249,-0.106529,#
6,0.427352,0.169875,0.137429,-0.164115,0.052815,0.172936,1.0,-0.22164,0.203513,0.08408,0.159471,0.018659,0.083009,0.069267,0.082817,-0.055042,0.21647,0.205978,0.231624,0.223662,-0.170221,-0.011397,0.204647,0.093678,-0.149182,0.040568,-0.160468,0.005539,0.271405,-0.153781,-0.230269,0.053657,-0.093705,-0.07256,0.064707,0.077448,0.331516,-0.235388,0.142213,0.133275,0.038589,0.12138,-0.102873,0.030882,0.059857,-0.047264,0.054001,-0.076739,0.039314,-0.187978,0.014269,-0.347815,0.178593,-0.196776,0.139871,-0.187636,-0.068909,0.012296,0.0936,-0.010267,0.30239,0.174808,-0.118705,0.037545,0.109674,0.107009,-0.070779,-0.052194,0.14073,-0.148851,-0.059533,-0.130129,-0.125768,-0.568863,-0.415087,-0.038887,-0.362474,-0.380244,-0.305799,0.003542,-0.153298,-0.079286,-0.126502,-0.279599,-0.283894,-0.031025,-0.124607,-0.13836,-0.316491,-0.258335,-0.41576,-0.380319,-0.502353,-0.205899,-0.319,-0.426971,-0.124066,-0.32471,-0.315855,-0.274522,0.145116,0.051626,-0.274387,-0.193403,-0.306971,-0.386648,0.061932,-0.15713,-0.088283,-0.297349,0.155084,0.0423,-0.211891,-0.315244,0.003096,-0.141966,-0.018772,-0.13454,0.203404,-0.271387,-0.263463,-0.158623,-0.174848,0.001631,-0.209516,-0.120271,0.158381,0.234395,-0.308501,-0.085656,-0.244112,-0.255523,-0.199511,0.186323,-0.201312,-0.322761,0.085582,-0.090223,0.124178,-0.340771,-0.327407,-0.135756,-0.198726,-0.287264,-0.323691,-0.022648,-0.042649,0.423723,-0.22516,-0.391641,-0.128843,-0.435241,-0.164681,-0.122223,-0.13196,0.054445,0.257453,0.211736,-0.21582,-0.118067,0.098294,-0.254452,0.16233,-0.044879,-0.080822,0.259773,0.036366,-0.01063,-0.211982,-0.275178,0.146637,-0.245544,-0.164739,-0.134026,0.110476,-0.351121,-0.114649,0.277455,0.23013,-0.455979,0.263244,0.084648,0.018784,0.204489,0.092623,-0.335623,0.004979,0.07907,-0.173183,0.352844,-0.446964,0.165263,0.161221,0.157405,-0.104119,-0.062864,0.071521,0.074339,-0.136119,0.205287,#
7,-0.301736,-0.090738,-0.198872,0.17358,-0.029071,0.205269,-0.22164,1.0,-0.326836,-0.00518,-0.189577,-0.229218,0.169337,-0.181936,0.100213,0.032168,0.175466,0.005275,-0.052615,-0.257874,0.139915,0.099652,0.035673,0.001103,-0.078579,0.058982,-0.187903,-0.247525,-0.200872,0.112128,-0.076835,-0.038203,0.024453,0.127166,-0.177182,-0.037735,-0.147262,-0.225277,-0.187309,0.131096,-0.063473,-0.020498,-0.045114,-0.170593,0.114312,0.083342,0.256376,-0.137275,0.166067,0.048929,-0.025986,-0.069339,0.016933,-0.134674,-0.055192,0.071028,0.467384,-0.180599,-0.103158,0.275176,-0.088946,-0.313589,0.048613,0.106171,-0.05719,-0.122166,0.000664,0.012197,-0.091577,-0.147969,0.184503,0.048107,-0.284254,0.210302,0.09486,-0.104554,0.036666,0.089782,-0.05181,0.075116,-0.09046,-0.215627,-0.133014,0.026913,0.138336,-0.182049,0.180245,0.077295,0.209622,0.164202,0.111807,0.066616,0.093535,-0.021996,0.11313,0.176448,-0.097768,0.146765,0.150116,-0.032644,-0.109992,0.11977,0.091191,0.065583,-0.096191,0.120682,-0.145015,0.033289,0.004024,0.245547,0.107164,0.033364,0.15221,0.228804,-0.067195,0.032301,0.148828,-0.090907,-0.022235,0.054266,0.202128,-0.156848,0.059632,0.142177,0.02692,-0.135611,-0.006972,-0.111816,0.06269,0.03415,-0.177578,0.203446,0.170145,-0.218678,0.022502,0.274052,0.075604,0.104766,-0.054504,-0.025111,-0.175081,-0.099548,-0.205892,0.218823,-0.107913,-0.130448,0.032604,0.125484,0.099765,0.056962,-0.092833,-0.096318,0.102204,-0.006947,-0.047493,-0.250599,-0.065792,0.071653,0.042412,0.172291,-0.212117,0.221077,0.05521,0.12848,0.129724,-0.300386,-0.416719,-0.092594,0.068558,0.1885,-0.114139,0.08673,-0.1819,-0.177307,0.138375,-0.055542,-0.083641,-0.033618,-0.092913,0.180937,-0.009544,0.016786,0.186252,0.067432,0.0497,-0.028265,-0.035289,-0.098615,-0.073852,0.167564,0.008022,-0.10293,-0.102468,0.01563,0.02918,-0.083727,-0.042942,0.009663,-0.131009,0.060249,#
8,0.098133,0.040531,0.022671,-0.373039,-0.042309,0.077822,0.203513,-0.326836,1.0,0.35362,0.067111,0.199803,0.054431,0.249055,0.001264,-0.094287,-0.283824,0.059971,0.032952,0.235972,-0.088478,-0.004451,0.131495,0.104247,-0.089525,0.177489,0.198274,0.12099,0.130418,-0.081416,-0.186213,0.127995,0.237396,-0.040301,0.007842,0.00117,0.33568,0.187093,-0.018196,-0.205876,0.103839,0.102088,-0.084377,-0.047181,-0.110416,-0.297599,-0.047621,0.285674,-0.079492,-0.006275,-0.182525,-0.345199,0.287905,0.104806,0.20627,0.140456,-0.397795,-0.172888,-0.078059,-0.047799,0.206446,-0.067919,-0.073357,0.072003,0.12896,0.145577,-0.013103,0.165804,0.170038,-0.051883,-0.053673,0.037718,0.113712,-0.177074,-0.28344,0.044383,-0.086019,-0.166279,-0.140605,0.205067,-0.198691,-0.103148,0.022372,-0.047588,-0.232798,0.21444,-0.337703,-0.171767,-0.074424,-0.423842,0.014274,-0.360466,-0.282163,-0.020854,-0.221508,0.006004,-0.220351,-0.044893,-0.229327,-0.24971,-0.141289,0.184503,-0.183986,-0.074358,0.159205,-0.12208,-0.006066,-0.151747,0.06919,0.03127,0.186959,-0.183057,-0.111421,-0.131376,0.149015,0.016543,-0.198956,-0.255678,0.131313,-0.299312,-0.128623,0.044979,-6e-05,-0.143618,-0.307359,-0.036733,0.26062,-0.030692,-0.115067,-0.147914,0.308194,-0.084271,-0.383935,-0.17059,-0.15856,-0.00352,-0.163806,0.088877,0.186329,-0.085482,-0.111913,0.183231,-0.214857,-0.109065,-0.232969,-0.133088,-0.293486,0.074483,-0.113853,-0.075536,-0.02293,-0.048283,-0.045394,-0.288792,0.148352,-0.040531,0.350014,0.332109,-0.359807,-0.285932,0.031555,0.065853,-0.11489,-0.110806,-0.016954,0.041904,0.065682,-0.046684,-0.025235,-0.041758,-0.187668,-0.206449,-0.021567,-0.009973,0.12881,-0.110282,0.231752,0.132884,0.530353,-0.235762,0.265753,0.084237,-0.31102,-0.006149,-0.015376,0.016433,0.185821,0.070887,-0.315487,0.080689,-0.087664,0.169349,-0.03724,0.259398,0.059844,0.021963,-0.039028,-0.16604,0.073406,0.06521,#
9,0.060361,0.129407,0.169668,-0.262751,-0.095811,-0.012489,0.08408,-0.00518,0.35362,1.0,-0.286065,-0.108432,0.235958,0.452509,0.023188,0.046067,-0.293851,0.342812,-0.083394,0.258857,-0.221301,0.0221,0.311539,0.062015,0.042263,-0.054612,-0.115544,-0.023927,0.146184,0.167823,-0.039368,-0.02454,0.063137,0.130049,-0.055546,0.034613,0.294446,-0.085365,-0.041117,-0.105569,0.28787,0.008828,0.082762,-0.121531,0.077141,-0.274784,0.01467,0.283231,0.098585,-0.109223,-0.170265,-0.37834,0.270448,-0.074768,-0.066683,-0.062353,-0.135821,-0.317363,-0.006107,0.339636,0.343476,-0.158428,-0.425219,-0.02612,0.100554,0.03643,0.065544,0.029022,-0.089549,-0.136585,0.010047,0.09592,-0.285028,-0.104955,-0.113189,-0.065771,-0.128556,-0.190413,-0.151326,0.210011,-0.093388,-0.365305,-0.322468,0.217981,-0.468784,0.12229,0.034382,-0.292735,-0.254005,-0.21242,-0.110316,-0.203532,-0.425973,-0.08348,-0.254228,0.092862,-0.67148,0.053538,0.1516,-0.286307,-0.433154,-0.144636,-0.172436,0.001257,0.062014,-0.166241,0.038097,-0.422044,0.292508,-0.124578,0.454314,0.183295,-0.228115,0.001877,0.047536,-0.162735,-0.151694,-0.219077,0.277462,-0.264591,-0.300229,-0.108704,-0.069306,-0.101482,-0.333358,0.321355,0.273543,0.184309,-0.203923,-0.353002,0.097883,0.169257,-0.616852,0.0759,-0.283877,-0.253231,0.086829,0.057341,0.082692,-0.246915,-0.085497,-0.184056,-0.308968,-0.295474,-0.308127,-0.15856,-0.287851,0.215188,-0.141473,-0.129785,-0.427136,0.060845,-0.089045,-0.47248,0.114485,-0.276877,0.724283,0.445765,-0.200744,-0.33553,-0.106269,-0.006916,-0.05099,-0.007074,0.044331,0.376584,-0.233809,-0.233875,0.15317,-0.151862,-0.37102,-0.118516,-0.119107,-0.127626,0.267523,-0.30308,0.05934,-0.132932,0.514952,-0.391404,0.532832,0.181092,-0.275894,-0.206766,0.135924,-0.151287,0.172168,0.057453,-0.689684,0.14709,-0.318039,-0.182049,-0.049509,0.295978,-0.276495,0.025807,0.251254,-0.018934,0.126112,0.452695,#
10,0.371931,0.022767,-0.127206,0.113531,0.119242,-0.043688,0.159471,-0.189577,0.067111,-0.286065,1.0,0.298418,0.028695,-0.047025,-0.225157,-0.124349,0.066825,-0.241399,0.031886,-0.07347,0.056623,0.008931,-0.080372,0.082802,-0.1366,0.234629,0.059819,0.091195,0.003401,-0.206736,-0.071713,0.165328,0.121831,-0.176736,0.055945,0.140971,-0.081294,0.146243,-0.032753,0.083137,-0.197734,-0.078191,0.062809,0.040299,-0.037214,0.268497,0.024101,0.172357,-0.049509,-0.050219,0.091464,-0.013195,0.206864,-0.195726,0.103426,0.051952,-0.091386,0.352246,0.063702,-0.136021,-0.109938,0.011125,0.038746,0.01786,-0.292577,0.072599,0.101744,0.217417,-0.078016,-0.166917,0.202928,-0.050068,0.255724,-0.1612,-0.026407,-0.078781,0.059661,-0.071924,-0.071227,-0.047733,-0.049624,0.200124,-0.004789,-0.109335,0.090561,0.126657,-0.141308,0.159811,0.060902,0.050807,-0.03263,0.099365,0.124249,0.016979,-0.122812,-0.112527,0.385679,-0.295742,-0.090373,-0.018266,0.223441,0.004562,-0.026478,0.037457,0.129666,-0.069153,0.133848,0.07546,-0.120021,0.168597,-0.340303,0.007809,0.006494,-0.065906,0.00197,0.098611,-0.155033,0.075087,-0.049455,0.017393,0.008717,0.305658,-0.09037,0.07383,0.029875,-0.048583,-0.2623,-0.004038,-0.122523,-0.186232,-0.018663,-0.283271,0.117583,-0.187601,0.101604,0.055989,0.098994,-0.082248,-0.106106,0.001412,-0.056805,0.196918,0.194631,0.234035,0.018751,-0.123337,-0.137988,-0.005823,0.050215,-0.172285,0.438293,-0.206068,-0.133397,0.036089,-0.052312,0.033674,-0.323438,-0.152968,-0.086288,-0.059086,0.00246,-0.101483,0.032918,-0.133368,0.104736,-0.23076,0.098459,-0.164059,-0.170461,0.104795,0.271579,-0.099515,0.187907,0.080666,0.040489,0.155202,-0.092814,0.024068,-0.125814,-0.029753,-0.14611,0.150465,-0.055987,-0.095321,-1.7e-05,0.032022,-0.096464,0.197176,0.288829,0.319961,0.011831,0.148948,0.076564,-0.170238,0.210617,-0.20728,-0.08456,-0.114988,-0.176226,-0.474659,#
11,0.160031,0.035233,-0.265522,0.089172,-0.087267,-0.013931,0.018659,-0.229218,0.199803,-0.108432,0.298418,1.0,0.033247,0.064364,-0.018625,-0.149724,-0.142026,-0.116376,0.017192,-0.183821,0.108683,-0.255803,-0.051794,0.142443,0.01301,-0.059401,-0.023065,0.224271,0.120051,-0.047593,0.043224,0.022014,0.0645,-0.097922,0.080091,-0.16035,-0.101845,-0.140459,0.248105,-0.186294,-0.064455,0.156986,-0.087774,-0.0325,-0.158071,0.309432,-0.1662,0.092203,0.088477,-0.043338,-0.21612,0.10293,-0.02787,0.056544,0.260914,-0.025518,-0.146648,0.226219,-0.28731,-0.148732,-0.268534,-0.122204,-0.042758,0.141219,-0.043591,0.092901,-0.023487,0.240258,0.214766,-0.158775,-0.088605,-0.210395,0.037814,0.034524,0.15316,-0.105307,-0.129919,0.133014,-0.277786,-0.010252,-0.240739,-0.158537,0.199194,-0.174746,-0.025235,-0.149289,-0.185396,-0.222116,0.120262,-0.068649,-0.058397,-0.220564,0.005086,-0.058348,-0.008945,0.018634,0.205229,-0.005934,-0.085833,0.131831,0.151751,-0.181481,-0.081409,0.062557,-0.04726,-0.099366,-0.080116,0.039323,-0.053931,0.143231,0.035037,-0.21328,0.120283,-0.089134,-0.04275,0.052455,0.018237,0.021354,-0.066215,0.097844,-0.014467,0.059957,-0.045472,0.212268,-0.063976,-0.017017,-0.214408,-0.21158,-0.215252,0.042512,-0.151875,-0.147695,-0.179553,0.049831,-0.197572,0.101159,-0.257679,-0.280313,0.163914,-0.287889,0.006046,-0.012734,0.155275,-0.057925,0.171621,-0.351954,-0.014349,-0.081984,-0.179075,-0.185514,0.211108,0.00122,-0.14928,0.001936,0.030945,0.095317,-0.019361,0.008915,0.028124,-0.099149,-0.129006,-0.059353,-0.092402,0.012714,-0.261821,-0.019229,0.179746,-0.057352,-0.096315,-0.120292,0.3018,-0.027822,0.150443,0.000211,0.001411,0.024018,-0.01894,0.334332,0.075596,0.125717,-0.019513,0.030636,-0.178277,-0.223332,0.201423,0.069238,-0.052211,-0.049713,0.170361,0.112866,-0.146229,0.329157,0.1067,-0.060159,-0.032373,-0.011625,-0.222322,-0.016503,0.039281,-0.259697,#
12,0.288763,0.13814,-0.00109,-0.134467,-0.13898,0.056142,0.083009,0.169337,0.054431,0.235958,0.028695,0.033247,1.0,0.392647,-0.066552,0.236458,-0.081771,0.264364,0.102746,-0.026167,0.017323,-0.028995,0.18424,0.085284,0.018432,-0.158709,0.128368,0.060656,0.239786,0.164107,0.042341,-0.053813,0.052531,0.040302,-0.104758,0.197255,0.167638,0.05195,-0.020268,-0.118207,0.034538,0.057402,0.081665,-0.1077,-0.115303,-0.306314,0.369741,0.278952,-0.026659,0.089913,0.005607,-0.231494,0.03311,-0.063678,-0.114939,-0.116891,0.092113,-0.295515,-0.036031,-0.031265,0.247689,-0.332672,-0.249933,0.287126,0.180734,0.064085,-0.00681,0.04761,0.031954,-0.093449,-0.037445,0.131658,-0.316796,-0.114864,-0.01465,0.08927,-0.420547,-0.040153,-0.190741,-0.008243,-0.195081,-0.261632,-0.194688,-0.043144,-0.29184,-0.165462,-0.017214,-0.037207,-0.070119,0.01197,-0.307265,-0.078557,-0.205156,-0.25237,-0.173359,-0.081214,-0.246049,-0.042446,-0.034813,-0.368096,-0.061422,-0.293087,-0.157205,0.066691,0.107186,0.042343,-0.263414,-0.132211,-0.044835,0.00083,0.181191,-0.255624,-0.067998,-0.130943,0.115587,-0.078828,-0.195641,-0.135422,0.152334,-0.221886,-0.091114,-0.04131,-0.284149,-0.100552,-0.287631,-0.059103,0.075738,0.019077,-0.191054,-0.342829,-0.029808,0.004733,-0.193026,0.102232,-0.139872,0.032158,-0.05766,-0.173967,0.194445,-0.292706,-0.311656,0.13213,-0.093034,-0.141204,-0.30669,-0.02767,-0.158351,0.405229,-0.28042,-0.123291,-0.358916,-0.053605,-0.032265,-0.233969,0.11503,-0.459853,0.160209,0.205147,-0.209547,-0.157291,0.07433,0.127957,-0.064817,0.090665,0.245753,0.057877,0.012833,0.181068,-0.202938,-0.119778,-0.055071,-0.210276,-0.308826,-0.144536,0.085029,-0.199528,-0.306288,0.187676,0.123138,-0.189642,0.142767,-0.039055,0.009672,-0.029433,0.402148,-0.165633,0.205325,0.144826,-0.122569,0.280344,-0.271928,-0.073246,0.105755,0.318792,0.033531,0.032307,0.126999,-0.036644,0.045691,0.174255,#
13,0.140005,0.271285,0.01558,-0.363641,-0.326934,-0.038335,0.069267,-0.181936,0.249055,0.452509,-0.047025,0.064364,0.392647,1.0,0.055594,-0.02149,-0.287422,0.101363,0.308069,0.318224,0.039602,0.198789,0.26853,-0.125922,-0.106605,-0.068895,0.116174,0.267933,0.233711,-0.03678,0.217681,0.08749,-0.144251,0.145514,-0.197001,-0.078977,0.026895,0.136964,-0.090418,-0.365726,0.065078,0.197516,0.084052,-0.176623,-0.137039,-0.410968,0.11519,0.334279,-0.206447,-0.093069,-0.062804,-0.233046,0.174936,-0.115407,-0.206827,-0.003904,-0.080526,-0.192953,-0.1162,-0.157171,0.368294,-0.097577,-0.287857,0.018352,0.143586,-0.04392,-0.029149,-0.12453,-0.100239,0.068827,-0.063156,0.118782,-0.215184,-0.239897,-0.164602,0.171242,-0.22725,-0.029388,-0.13974,0.287026,-0.038987,-0.318582,-0.234224,-0.010035,-0.235454,0.211671,-0.215235,-0.159099,-0.185986,-0.038235,-0.279575,-0.098968,-0.254184,-0.216201,-0.26042,-0.02439,-0.398425,-0.02582,0.198764,-0.203898,-0.361143,-0.255059,-0.186538,-0.100086,-0.074405,-0.16931,0.148465,-0.361789,0.118851,-0.152679,0.294758,0.054523,-0.379283,-0.073416,0.234804,-0.186505,-0.281111,-0.303355,0.195364,-0.140164,-0.017297,0.112979,-0.084833,-0.170193,-0.34052,0.109225,0.000948,-0.054837,-0.210481,-0.30177,-0.060946,-0.207003,-0.455656,-0.063412,-0.107348,-0.03007,0.105321,-0.171991,0.231337,-0.367598,-0.035139,-0.042913,-0.038953,-0.3189,-0.25759,0.03363,-0.152073,0.301384,-0.237345,0.029907,-0.288007,0.258242,-0.000158,-0.261993,-0.057385,-0.246875,0.494197,0.345533,-0.01521,-0.249561,0.02774,-0.111137,0.086653,-0.154849,0.193426,0.550058,0.069236,0.13204,-0.181978,-0.027087,-0.195387,-0.193299,-0.265986,-0.117154,-0.01615,-0.253594,-0.044207,0.084003,0.337404,-0.354272,0.296534,-0.269614,0.011743,0.086524,0.06463,-0.116707,0.06857,0.071717,-0.45024,0.208793,-0.248825,0.004096,-0.12952,0.223906,0.06439,0.03072,0.056024,-0.109678,0.160957,0.315513,#
14,0.082403,-0.072357,0.008823,-0.004656,-0.083541,0.219076,0.082817,0.100213,0.001264,0.023188,-0.225157,-0.018625,-0.066552,0.055594,1.0,-0.159752,0.108704,0.099262,0.046545,0.247633,0.073912,0.065228,0.254943,0.155332,-0.080344,0.196023,0.219521,0.021959,0.005477,-0.185742,-0.049218,0.110579,0.136811,0.14097,-0.144262,-0.237324,-0.107664,-0.030918,-0.079717,-0.162065,-0.094463,0.057801,-0.066981,0.107189,0.290621,-0.160695,0.093707,-0.064595,0.008947,-0.21163,0.064761,-0.040661,0.063309,-0.190759,-0.262946,0.132413,-0.084734,0.067991,-0.065448,0.177387,0.145568,0.219718,-0.213892,-0.140208,-0.139725,-0.288167,0.059499,-0.25058,-0.070732,-0.064964,-0.211711,-0.09506,-0.089966,0.114982,-0.174686,-0.092436,-0.190607,0.146494,-0.360465,0.334881,0.186736,-0.269393,-0.239232,0.005919,-0.070008,0.096905,0.265599,-0.014639,0.22113,-0.022597,-0.139955,-0.089108,-0.003517,-0.198544,-0.052503,-0.017509,-0.270901,-0.063565,-0.143408,-0.090804,-0.097442,0.090199,-0.069114,-0.302695,-0.004903,0.068708,-0.235523,0.029706,0.177539,0.003295,-0.031318,0.134618,-0.027822,0.133565,0.319087,-0.014555,-0.020213,-0.18213,-0.021228,-0.419139,0.014056,-0.238159,0.167979,0.193309,-0.080402,-0.071592,0.134131,0.217811,-0.162949,0.121411,-0.071781,-0.018348,-0.208103,-0.081664,-0.011971,0.068947,-0.143154,-0.040142,0.191315,-0.09855,-0.101707,0.018993,-0.254425,0.112348,-0.158388,-0.079453,0.173346,0.051588,-0.219496,0.217312,-0.112702,-0.218675,0.091518,0.23036,-0.132235,0.217713,0.295291,0.094939,-0.066638,0.332304,0.098893,-0.104437,0.112355,-0.248076,0.136837,0.188317,-0.125284,0.011445,0.13041,-0.032984,-0.281428,-0.191772,-0.173856,0.120522,-0.053152,-0.252603,0.132621,-0.110442,0.229603,-0.076085,0.02229,0.072562,0.23986,-0.086552,0.125222,-0.18447,0.071443,0.002858,-0.103973,-0.079906,-0.076843,0.084409,-0.006956,0.100001,-0.320811,0.207737,-0.160581,-0.062922,-0.198171,-0.022565,#
15,0.029855,0.025843,0.020734,-0.060403,-0.001055,-0.196516,-0.055042,0.032168,-0.094287,0.046067,-0.124349,-0.149724,0.236458,-0.02149,-0.159752,1.0,0.162733,0.159002,-0.166663,0.096625,-0.23323,0.092233,-0.043137,-0.101902,0.268088,-0.00781,-0.123787,0.142032,0.090925,-0.020331,0.039817,-0.247179,0.064034,0.12849,-0.004338,0.049953,0.087731,0.120055,0.157409,0.018535,0.089466,-0.121568,0.106912,0.148145,-0.171854,-0.012953,0.128171,-0.061378,-0.016075,0.260156,0.115703,-0.206288,-0.117015,-0.016668,0.165271,0.037288,0.182623,-0.14987,-0.003603,0.167827,0.025425,0.091991,0.171496,0.165888,-0.068222,-0.196062,-0.019652,-0.053897,-0.319376,-0.185546,0.088725,0.249412,0.161063,0.074518,0.032493,0.164105,-0.015434,-0.104781,0.260431,-0.136117,0.040988,0.037945,-0.110583,0.140169,0.063855,-0.273347,0.149972,-0.175191,-0.099951,0.201382,-0.10901,0.073299,-0.061365,0.051123,-0.150824,-0.058461,0.12336,0.082311,0.002615,0.099851,0.003686,0.067572,-0.183794,0.2334,0.057374,0.140731,0.072758,0.112789,0.107427,-0.157954,0.064607,-0.143666,0.150402,0.237158,-0.21463,-0.032185,0.215303,-0.169344,-0.052944,0.002618,-0.161759,0.06263,-0.218831,0.064019,-0.007311,-0.085882,-0.019307,0.273015,0.031498,-0.061242,-0.037654,0.02135,-0.011074,0.261944,0.170104,-0.054665,-0.062575,-0.279946,-0.12462,0.134492,0.096702,0.075997,-0.147076,-0.214779,-0.023815,0.174617,-0.091977,0.186139,-0.07896,0.007562,-0.106633,-0.003027,0.082961,-0.063898,0.017714,0.15104,0.01016,0.032672,0.078812,-0.038342,0.10678,-0.133013,0.236595,-0.019386,0.105412,-0.046238,-0.115542,0.25172,-0.074268,-0.018302,-0.035229,0.175862,0.246094,-0.004908,-0.112644,0.128306,-0.098736,0.247089,-0.122513,-0.067014,0.027292,-0.064128,0.107452,0.082898,-0.147168,0.159033,0.111664,0.004151,-0.02348,-0.067331,0.034888,-0.159319,-0.036198,0.098156,0.072641,0.027029,0.031593,0.084721,0.348868,0.17922,#
16,0.03809,0.241961,0.006133,0.041633,0.175918,0.238235,0.21647,0.175466,-0.283824,-0.293851,0.066825,-0.142026,-0.081771,-0.287422,0.108704,0.162733,1.0,-0.007039,0.047824,0.00624,-0.135889,0.107376,-0.133421,0.004666,-0.143054,0.176684,-0.089938,0.097769,-0.004964,-0.101528,-0.173065,-0.019621,-0.01197,0.230587,0.131593,0.145111,-0.168193,-0.069936,-0.03598,0.154115,-0.267728,-0.290533,-0.008766,0.152084,0.021719,0.344566,-0.047335,-0.459793,0.012064,0.162617,0.120469,-0.123529,-0.213078,0.164843,-0.002082,-0.036422,0.17675,0.043052,0.110227,-0.016651,-0.155423,-0.080801,0.084793,-0.187583,-0.218074,-0.215521,0.187271,-0.081087,-0.295095,-0.107226,0.142438,-0.163239,0.057056,0.0768,-0.06569,0.017894,-0.01135,-0.217009,0.006335,-0.134277,-0.048085,0.119829,0.044384,0.037922,-0.014041,-0.269092,0.315006,-0.003643,-0.010853,0.278102,-0.095618,-0.005752,-0.145084,-0.054495,0.11493,-0.067958,0.244158,-0.215075,-0.211996,-0.014794,0.114952,0.232617,0.065963,0.159509,-0.236091,-0.221292,0.064659,0.195258,0.015895,-0.17413,-0.130384,0.074458,0.063916,0.228452,-0.396496,-0.031004,-0.079365,-0.085566,-0.145841,-0.058853,-0.167019,0.060509,-0.308656,0.124581,0.106122,-0.243675,-0.281369,0.105137,-0.050578,0.105166,-0.136478,0.019395,0.24289,-0.01679,-0.014965,0.12216,0.414928,-0.177705,-0.085847,-0.043849,-0.09078,-0.106692,0.026229,0.216674,0.04599,0.071286,0.049384,0.04203,0.098412,-0.252997,0.15278,-0.119576,0.159967,0.144987,0.010073,0.041028,-0.217565,0.008173,-0.024181,0.319131,-0.036694,-0.046176,0.097733,-0.198959,-0.08391,-0.118073,-0.008509,0.157639,0.011498,0.094062,0.271139,-0.094031,0.130368,0.080306,-0.081327,0.115091,-0.098441,0.274287,-0.173817,-0.030361,-0.033922,0.040285,0.509586,0.201701,0.058166,-0.031246,0.107818,-0.003441,0.148107,0.229626,0.013287,0.171577,0.006443,0.000315,-0.167689,0.210669,0.145442,0.073051,-0.167983,-0.173496,#
17,-0.243367,0.128661,0.364943,-0.032219,-0.122923,0.05247,0.205978,0.005275,0.059971,0.342812,-0.241399,-0.116376,0.264364,0.101363,0.099262,0.159002,-0.007039,1.0,-0.177585,0.331714,-0.083201,-0.243437,0.221828,-0.035159,0.137224,0.029068,-0.034023,-0.031797,0.09293,-0.088517,0.041296,-0.297828,-0.105553,0.15122,-0.108626,0.191073,0.124723,-0.008471,0.13785,-0.122298,0.036301,-0.168594,-0.126672,-0.100629,0.076385,-0.126681,-0.168294,-0.062825,0.35131,-0.095258,-0.034441,-0.135567,0.178825,0.068779,-0.020782,-0.029179,0.133063,-0.227521,-0.134976,0.206189,0.153947,0.000714,-0.125629,-0.163266,0.094143,0.07761,0.124167,0.020589,0.006746,0.024729,-0.272736,-0.171565,-0.354863,0.053776,-0.184836,-0.210065,-0.110565,-0.120036,-0.125511,0.200599,-0.042613,-0.151897,-0.203005,0.473115,-0.229364,0.00214,-0.0038,-0.067319,-0.107999,-0.114422,0.124552,-0.088708,-0.424126,0.030138,-0.023883,-0.000866,-0.357309,0.154605,0.008874,-0.146039,-0.436525,-0.273391,-0.097572,0.17169,0.029815,-0.110658,0.160189,-0.047029,0.231261,-0.027637,0.257698,-0.161032,-0.13681,0.013711,-0.014165,-0.028613,-0.188516,-0.1367,0.063188,-0.070301,-0.224662,-0.03861,-0.060434,-0.255835,-0.273734,-0.002181,0.296418,0.152795,-0.157346,-0.070941,0.038301,0.259668,-0.296621,-0.079299,-0.07327,-0.064878,0.192521,0.023979,-0.255691,-0.114136,-0.297749,-0.000782,-0.201036,-0.318196,0.009998,0.022111,-0.019252,0.246539,0.025309,0.004434,-0.310574,-0.080344,0.173111,-0.095549,-0.003633,0.011197,0.301529,0.231069,-0.09699,-0.058903,0.171277,-0.066499,-0.057497,0.313113,0.205086,0.09399,-0.072542,-0.045112,0.221506,0.039537,-0.159925,0.000787,6e-06,-0.198269,-0.159755,-0.072856,0.03908,0.019456,0.076844,-0.095433,0.214162,0.002298,-0.061455,-0.268519,0.23658,0.026605,0.106265,0.089981,-0.377842,0.142754,0.025121,-0.273394,-0.220083,0.147981,-0.344835,-0.016247,0.141986,0.2691,0.037858,0.455844,#
18,0.23767,0.148759,-0.028916,-0.189826,0.073955,0.191953,0.231624,-0.052615,0.032952,-0.083394,0.031886,0.017192,0.102746,0.308069,0.046545,-0.166663,0.047824,-0.177585,1.0,-0.00024,0.103932,0.173484,0.268877,-0.081989,-0.061092,0.049781,-0.089286,0.141382,0.417086,0.055177,-0.0822,0.145159,0.037892,0.064629,0.02995,0.028824,-0.115209,0.016355,-0.132443,0.003968,0.031313,0.00901,0.08698,-0.268285,-0.096285,-0.075769,0.077669,0.037651,-0.176639,-0.070731,0.077834,-0.023849,0.014137,-0.094029,-0.11543,0.145825,-0.102393,0.052353,0.050028,-0.083695,0.092301,-0.077215,-0.076726,-0.119152,-0.135989,0.041362,-0.330509,-0.024538,-0.034073,0.151111,-0.113437,0.18522,-0.024752,-0.357807,-0.308079,0.084786,0.080339,-0.087871,-0.203374,0.089952,0.140703,-0.16481,0.031865,-0.445011,0.068694,0.065285,-0.189493,-0.039914,-0.204184,-0.13516,-0.187138,-0.022609,0.041972,-0.301208,0.283097,-0.27494,-0.13253,-0.127769,-0.236237,0.001094,0.078404,-0.029944,-0.003577,-0.248449,-0.132882,-0.254911,-0.273542,-0.098878,-0.165807,-0.24821,-0.117381,0.160576,-0.33575,-0.088095,0.174899,-0.082589,-0.036863,0.041807,0.053755,-0.110158,0.044605,-0.082672,0.031557,0.054935,-0.266928,0.013958,0.040064,-0.007968,-0.102353,-0.023319,-0.152066,-0.345617,0.029217,0.052617,-0.003841,0.121508,0.139174,0.118536,0.363571,-0.096359,-0.168418,0.021796,0.08338,-0.20578,-0.058516,0.000845,-0.04053,0.064671,-0.37454,0.010209,0.092138,-0.136449,0.129652,-0.135845,0.105598,-0.127166,0.036548,0.052525,-0.200389,0.017653,0.167527,0.043134,0.215382,-0.299329,0.0317,0.21438,0.329411,0.195602,-0.161322,-0.04792,0.003509,-0.191321,-0.105096,0.042153,-0.10708,-0.157887,-0.155982,0.211979,0.203018,-0.229846,0.172933,-0.241362,0.035892,0.29956,-0.06094,-0.124041,0.109441,0.150127,0.049796,-0.030669,-0.201488,0.159977,-0.002273,0.075585,0.179569,0.08924,-0.18758,-0.060948,-0.190004,-0.11797,#
19,-0.004399,-0.024351,0.218715,-0.113922,-0.031632,-0.111224,0.223662,-0.257874,0.235972,0.258857,-0.07347,-0.183821,-0.026167,0.318224,0.247633,0.096625,0.00624,0.331714,-0.00024,1.0,0.003785,0.031606,0.216548,-0.0719,-0.256499,-0.005842,0.198679,0.156917,0.314091,-0.301275,0.059232,0.107357,0.076247,0.138995,-0.105033,-0.044282,0.092483,0.063676,-0.029876,0.083225,0.166495,-0.024214,-0.058541,-0.088217,0.064401,-0.247127,-0.049535,0.231668,-0.150169,-0.184714,0.035809,-0.066542,0.056721,0.088478,-0.103433,-0.002428,-0.057501,-0.084253,0.042313,0.094779,0.059351,-0.05773,-0.034608,0.014699,0.056822,-0.272164,0.091935,0.159628,-0.109485,0.190132,0.027931,-0.01385,0.157312,-0.098523,-0.334133,0.021094,0.017025,-0.007555,0.059306,0.251593,0.158916,0.072692,-0.220507,0.230811,-0.127869,0.420128,0.10211,-0.2936,0.014301,-0.093555,-0.203962,0.154923,-0.257456,-0.056879,0.119827,0.088382,-0.119877,-0.048551,-0.003197,0.024904,-0.376647,0.140211,0.096403,-0.14602,0.207409,-0.058565,0.284351,0.065834,0.308379,-0.174733,0.108382,-0.09103,-0.105868,0.108643,0.230222,-0.039334,-0.126594,-0.056924,0.132502,-0.166933,-0.135512,0.090655,0.129585,-0.20522,-0.051912,0.250847,0.217735,0.174575,0.17567,0.117158,0.236576,0.007998,-0.173643,-0.015522,0.181743,0.024735,0.117412,0.138845,-0.000384,0.145979,0.068413,0.154152,-0.042412,-0.078336,-0.086758,0.02867,0.023235,-0.022974,-0.047348,0.078366,-0.250808,0.083903,0.239883,-0.110024,0.017486,0.095669,0.340284,0.100746,-0.072046,-0.102919,0.381082,-0.071846,0.19555,-0.112476,-0.01892,0.138435,0.215306,-0.004734,0.151985,0.115518,-0.200273,-0.13564,-0.155638,-0.016023,-0.254915,0.051459,0.265811,-0.104298,0.198619,-0.122336,0.0034,-0.044264,0.013583,-0.027292,-0.195687,-0.214892,0.235109,0.096415,-0.254319,0.017608,0.176688,-0.308695,-0.273145,0.1926,0.032755,0.049988,-0.172834,-0.108382,0.279033,0.271274,#
20,-0.075909,0.123364,-0.098982,0.223155,-0.176412,-0.123329,-0.170221,0.139915,-0.088478,-0.221301,0.056623,0.108683,0.017323,0.039602,0.073912,-0.23323,-0.135889,-0.083201,0.103932,0.003785,1.0,-0.02024,0.091891,-0.197608,-0.151728,-0.166138,0.238454,0.112413,-0.242634,-0.138826,0.07496,-0.016094,0.384221,0.004896,-0.250767,-0.351069,-0.216697,-0.10896,0.098899,-0.185421,0.154577,0.190511,-0.36201,0.005982,0.145183,-0.004506,0.086316,0.069936,-0.117825,-0.122167,-0.13478,0.316157,-0.044955,0.106177,0.082193,0.09417,0.058928,0.19938,-0.394473,0.01831,-0.278162,-0.018619,0.01261,0.141869,0.238974,0.067123,-0.119151,0.092378,0.111952,0.231829,-0.062279,-0.203167,-0.063437,0.136247,-0.236358,-0.100596,-0.049409,0.310325,0.051203,-0.002417,0.082016,-0.00049,0.14445,0.084742,0.140651,0.010741,0.001499,0.186736,0.30351,0.017961,0.102254,0.207433,0.169144,0.160532,0.260972,0.187193,0.058915,-0.17882,0.007993,0.063201,-0.050284,-0.105088,0.27037,0.079678,0.178172,0.162106,0.003751,0.198199,-0.046385,-0.118294,-0.039085,-0.135043,-0.098553,0.120575,0.212008,0.011542,0.103899,-0.140587,-0.196988,0.086307,0.163121,-0.1474,0.121764,0.137087,0.042795,-0.071146,0.121031,-0.257001,0.023339,0.052542,0.155572,0.012125,-0.011721,-0.19327,0.14026,0.276864,-0.041642,0.379416,0.172959,0.041008,0.080729,0.382345,0.144849,0.048431,-0.055131,-0.179608,0.11678,-0.275327,0.087495,0.30878,0.15062,0.014825,0.183017,0.113609,0.09812,-0.065331,-0.0086,-0.221346,-0.055608,0.166816,0.183077,0.032997,0.021675,-0.110962,-0.016706,-0.136167,0.385281,-0.064105,0.004197,-0.217773,0.03665,-0.101068,-0.312592,-0.162696,-0.090815,-0.043425,0.10898,-0.164225,0.079414,0.12442,-0.208537,-0.231208,0.059735,-0.06404,0.008502,-0.096063,-0.105612,-0.048998,-0.070074,0.016765,0.231857,-0.158454,-0.16579,-0.034822,0.061922,-0.279488,-0.285872,-0.370037,-0.237593,-0.089335,#
