0,1.0,0.161981,-0.037805,-0.246973,0.336398,0.013609,0.103966,-0.058879,0.396212,-0.011877,-0.203218,0.201587,0.166689,0.114176,0.378819,0.044547,0.129604,-0.05985,-0.010787,-0.121154,-0.306049,0.03818,-0.193715,-0.142238,0.073523,-0.252188,0.025092,-0.223365,0.300376,0.017846,-0.455893,0.020112,-0.101923,-0.050306,-0.128035,0.046185,0.196803,-0.069334,-0.015268,0.046309,-0.018566,-0.276679,-0.288523,0.04258,0.106883,0.035769,0.360326,0.068774,0.069633,0.200155,-0.148568,-0.136342,0.13455,-0.022048,0.088023,0.002525,-0.124782,0.121082,-0.145907,0.193561,0.170956,0.262253,0.1164,-0.148678,-0.049933,0.026724,-0.057267,-0.077672,0.18203,-0.106139,-0.010911,-0.306723,-0.061944,-0.206031,-0.168636,0.079899,-0.173034,-0.308862,-0.232187,-0.082182,0.043221,-0.334295,-0.046554,-0.368531,-0.031217,-0.031082,-0.357842,-0.178834,-0.106466,-0.334657,0.091435,-0.18431,0.032777,0.071402,-0.06405,-0.110661,-0.234831,-0.201028,-0.038091,-0.232861,0.027861,-0.228925,-0.314879,-0.159814,-0.057071,-0.169357,-0.083128,-0.103394,-0.010282,-0.325421,-0.065878,-0.146345,-0.041709,-0.269308,-0.204003,-0.35859,-0.237459,-0.243885,0.059634,-0.4698,-0.016015,-0.147031,-0.134806,-0.079749,-0.078423,-0.080271,-0.194915,0.005738,-0.12968,-0.098395,0.084797,-0.333838,-0.217307,-0.057187,-0.146012,-0.280482,-0.008701,-0.287144,0.076843,-0.179993,-0.130173,-0.364729,-0.00034,-0.20951,-0.361849,-0.07791,-0.064903,0.203873,-0.236626,-0.201522,-0.242829,-0.06739,0.187538,-0.256185,-0.062619,-0.042443,0.212552,0.185939,-0.239861,-0.106397,-0.280901,-0.10004,0.006925,-0.034654,-0.110209,0.139277,-0.008029,0.08619,-0.167077,-0.355442,-0.025578,0.134861,0.066482,-0.223352,0.118499,-0.066084,0.073927,0.175001,0.235667,-0.34071,0.111,0.081991,-0.021188,0.142387,0.212934,-0.189329,0.473635,-0.111462,-0.07096,0.289794,-0.342254,0.091094,0.226913,0.247793,-0.074477,0.019674,-0.015342,-0.249323,-0.00512,-0.021708,#
1,0.161981,1.0,-0.227886,0.041282,0.289681,0.109828,-0.144764,-0.263846,0.015547,0.07955,-0.107826,-0.030783,0.163312,0.14353,0.175594,-0.084283,-0.181856,0.020623,-0.155636,-0.073019,0.149519,0.323881,0.196266,-0.061937,-0.081533,-0.280721,0.175127,0.051408,0.275191,0.179092,-0.364052,-0.041359,0.075962,-0.230264,-0.117067,0.106104,0.291312,-0.437106,0.166909,0.136989,0.243675,-0.019896,0.172198,0.04818,-0.118104,0.09026,0.117037,0.315081,-0.091272,-0.029402,-0.153951,-0.341176,0.166314,-0.057414,0.031761,-0.157889,-0.054175,0.296546,0.012304,0.137849,0.117187,0.002023,0.059502,0.090226,-0.050803,0.216516,-0.034083,0.336419,0.396713,0.064278,-0.299411,-0.218837,0.140429,-0.139169,-0.152288,0.037456,-0.226886,-0.031149,-0.190755,-0.164209,-0.246916,-0.499922,-0.229556,-0.130114,-0.191474,-0.318632,-0.08018,-0.304453,-0.128297,-0.083662,-0.249114,-0.215941,-0.158705,-0.090492,-0.334265,-0.128548,-0.397397,-0.20597,-0.238704,-0.156697,0.114679,-0.087419,-0.1215,-0.209592,-0.047408,-0.239476,-0.339452,-0.187821,-0.026151,-0.080459,0.06977,0.077898,-0.403574,-0.401825,0.147399,-0.112675,-0.271555,-0.005532,-0.045665,-0.135852,-0.176388,-0.261631,-0.188407,-0.154004,0.002797,-0.081542,-0.134274,0.102892,0.228167,-0.171481,-0.068726,-0.206276,-0.181265,-0.143124,-0.204558,-0.244803,-0.165226,-0.236101,0.264557,-0.34454,-0.287935,-0.104567,0.049131,-0.305342,-0.015366,-0.068974,-0.096555,0.147634,-0.214402,-0.151131,-0.331677,-0.238001,-0.166698,-0.131888,-0.057049,-0.017945,-0.087967,0.238988,-0.131819,-0.335143,-0.01445,-0.06941,-0.186908,-0.027231,-0.296518,0.372345,0.05234,-0.373741,-0.040038,-0.119422,-0.092452,0.095321,-0.32688,0.026615,0.122327,-0.120515,-0.130878,-0.088187,0.324223,-0.235994,0.302882,-0.079628,-0.195387,0.20766,0.354643,-0.379173,0.030647,-0.155749,0.0116,0.311885,-0.124655,0.230546,0.279312,0.340403,0.142508,-0.245036,0.134794,-0.318783,-0.150696,0.225914,#
2,-0.037805,-0.227886,1.0,0.355583,-0.044202,-0.140022,0.008181,0.077237,0.205908,0.022185,-0.027374,0.034341,-0.194859,0.090749,-0.055658,-0.274247,-0.160879,0.265088,0.060903,0.356932,-0.343351,-0.165758,-0.029232,0.118355,0.106921,-0.012721,0.037263,-0.152663,0.181537,-0.255937,0.122015,0.240926,-0.259521,0.193829,-0.188293,0.00658,-0.084497,0.188663,-0.00229,-0.403518,-0.240806,0.141337,-0.125565,-0.078459,0.120526,-0.304681,0.214683,0.069082,-0.23824,0.291009,-0.119588,0.20305,-0.09318,0.168851,-0.228862,-0.051305,0.03864,-0.127822,-0.384741,-0.146972,0.077694,0.086765,0.015954,-0.222997,-0.027385,-0.006319,0.150053,-0.091156,-0.203638,0.159795,0.197825,-0.008663,-0.007843,0.29136,-0.010286,0.159451,0.087884,-0.008378,0.133057,-0.07417,0.073182,0.19088,-0.04842,0.442837,0.094756,0.197335,-0.094081,0.030786,-0.051028,-0.096408,0.227957,-0.011729,0.222808,0.289171,0.020687,0.254478,0.242608,0.108605,0.148865,0.164857,-0.312588,-0.179072,0.031031,0.252462,-0.048789,0.175669,0.286557,0.300733,0.118134,0.132836,0.258957,-0.003995,0.248745,0.240809,0.176768,0.083471,-0.094774,-0.042182,0.209506,0.171091,-0.000825,0.349154,0.114373,-0.012057,-0.093518,0.290079,0.135459,-0.171744,-0.019744,0.084211,0.378479,0.27866,0.041153,0.092673,0.252361,0.209933,0.090751,0.390064,0.010184,0.064832,0.396787,0.124765,0.007558,-0.133346,0.158047,0.197455,0.192512,-0.09212,-0.164302,0.228314,0.262127,0.422589,0.453412,0.357586,0.296525,0.13404,-0.001579,0.070241,0.27298,0.133648,0.134843,-0.087644,0.432489,0.163129,0.158263,-0.201874,0.009275,-0.140628,0.25967,0.008139,-0.006539,0.167023,-0.001764,0.191017,-0.150914,0.34769,0.027348,0.268561,-0.112303,-0.063004,-0.014803,0.023634,-0.113203,-0.134739,-0.421289,0.367627,0.024774,0.27561,-0.208882,-0.031157,0.328148,-0.332807,-0.31049,-0.041061,-0.383976,-0.104845,-0.12857,-0.021124,0.266272,-0.150356,#
3,-0.246973,0.041282,0.355583,1.0,-0.142205,-0.114812,-0.169658,0.003662,-0.334069,-0.005402,-0.044655,-0.07765,-0.179652,-0.179292,-0.156889,0.016972,-0.092312,-0.022092,-0.155489,0.159472,-0.017783,0.015988,-0.24898,0.112739,0.029515,0.101382,-0.140283,0.033976,0.044883,-0.151022,0.029682,-0.034163,0.017965,0.220309,-0.010534,-0.27613,-0.108487,0.130063,0.076871,0.037015,-0.104191,0.050867,0.161506,-0.11122,0.008697,0.230937,-0.295973,-0.354768,0.030654,0.139702,-0.031727,0.162985,0.112857,0.161641,-0.145882,0.034482,0.023209,0.037732,-0.210268,-0.233316,-0.042652,-0.091313,0.187946,0.081854,-0.101323,-0.340767,-0.201279,-0.128428,-0.305058,0.095784,0.003003,0.129835,0.244819,0.292486,-0.090679,0.201379,0.161765,0.467903,0.335879,-0.162287,0.098191,0.179777,0.035086,0.221075,0.099388,0.074638,0.186635,0.067129,0.05654,-0.047699,0.112426,0.121561,0.238616,0.104609,0.042893,-0.045985,0.081056,0.17803,0.097654,0.211654,-0.104663,0.223198,0.255532,0.235884,0.108051,0.066794,0.169373,0.239899,-0.082371,-0.006413,-0.16379,-0.039201,-0.064434,0.113617,0.005228,0.433035,0.27105,0.012321,-0.264847,0.418127,0.187559,0.035001,0.153517,0.317649,0.080812,0.149001,0.022274,-0.271015,0.003142,0.28552,-0.188201,-0.015876,0.159224,0.228981,0.147585,0.278136,0.215918,0.163546,-0.245374,0.190046,0.015694,0.297664,0.159591,-0.157903,0.213483,0.2077,0.066336,-0.285154,0.034469,0.014443,0.012136,0.106512,0.1879,0.248888,0.163002,0.302352,-0.24225,-0.232135,0.241036,0.127761,0.282334,0.127707,0.288312,-0.075334,-0.161902,-0.329179,0.004732,-0.271369,0.249423,0.089121,-0.018936,-0.297534,0.030998,0.180157,-0.142766,0.125441,-0.021934,-0.071169,-0.438979,-0.030603,-0.17791,-0.323226,0.238541,-0.029218,-0.263631,0.037499,-0.26129,-0.094503,0.185215,-0.244865,0.046681,-0.006681,-0.357675,-0.248268,-0.082555,0.024863,-0.171337,0.022562,-0.082387,0.017775,#
4,0.336398,0.289681,-0.044202,-0.142205,1.0,0.057162,0.24751,0.084437,0.316481,0.102757,-0.236618,0.234005,0.251593,0.144023,0.059703,0.056196,0.06388,0.101522,-0.041669,0.006764,0.12196,-0.061877,0.350419,-0.218795,-0.232384,-0.30782,0.04107,-0.085943,0.267383,0.073064,-0.345124,0.041885,-0.130376,-0.081723,-0.068698,0.226896,0.388204,-0.47318,-0.056072,-0.127213,0.114054,0.049518,-0.02014,-0.116897,0.022681,0.03127,0.323485,0.323397,0.279465,-0.019074,-0.054496,-0.548806,0.191354,-0.336957,0.017165,-0.210017,-0.155773,0.054607,0.156446,0.143083,0.09213,0.199337,-0.223678,-0.080958,-0.067914,0.288434,0.082342,0.153346,0.378442,0.006381,0.007627,-0.497959,-0.039874,-0.445991,-0.26165,0.098018,-0.307387,-0.287582,-0.476471,-0.260886,-0.157954,-0.484084,-0.313868,-0.016164,-0.261318,-0.050788,-0.584301,-0.111473,0.0433,-0.134127,-0.33463,-0.293528,-0.174415,-0.341219,-0.37314,-0.398317,-0.52902,-0.408169,-0.239325,-0.260387,-0.034594,-0.379331,-0.364055,-0.202553,-0.294705,-0.395963,-0.186171,-0.208851,-0.108486,-0.260831,0.128467,0.172163,-0.167245,-0.463289,-0.247626,0.008485,-0.317323,-0.438349,0.107059,-0.309604,-0.116935,-0.228724,-0.289759,-0.5102,-0.174616,0.186851,-0.304825,0.223469,-0.071656,-0.387684,-0.048349,-0.001728,-0.279752,0.104751,-0.477667,-0.33287,-0.14294,-0.321645,0.172264,-0.321986,-0.260073,-0.225394,-0.132395,-0.143519,-0.379845,-0.149908,0.049318,0.346559,-0.438311,-0.265032,-0.478301,-0.199342,-0.027553,-0.287815,-0.029228,-0.26264,0.191109,0.464317,-0.432308,-0.256304,-0.074531,-0.120232,-0.217565,0.066507,-0.092195,0.233088,-0.019764,-0.181052,-0.377915,-0.018251,-0.109575,0.332885,-0.306469,-0.326173,0.027941,-0.09366,-0.129834,0.35073,0.273366,-0.442971,0.297197,-0.038948,0.075769,0.035939,0.286774,-0.316942,0.228163,-0.231442,-0.272633,0.193643,-0.334382,0.215504,0.408081,0.235726,-0.095316,0.131777,0.40029,-0.427323,-0.251997,0.018206,#
5,0.013609,0.109828,-0.140022,-0.114812,0.057162,1.0,0.22119,0.32859,0.083438,-0.075619,0.000604,0.202539,-0.197032,0.287648,-0.094703,-0.109113,0.055977,-0.083049,-0.055329,-0.170547,0.097788,0.212775,0.185851,-0.418537,0.208494,-0.173678,0.08837,-0.024645,-0.123955,0.11911,-0.028007,0.091439,0.018635,-0.155358,-0.2908,0.236134,-0.006182,-0.081371,0.043448,-0.069823,0.186168,-0.011963,0.232904,-0.013833,-0.23048,0.097328,0.052186,0.199638,0.067974,-0.021679,0.062243,-0.001496,0.154554,-0.179896,0.161528,0.159098,-0.1123,0.193094,0.006483,0.111064,0.056739,0.027318,-0.020405,0.22313,-0.142555,-0.00831,0.020769,0.265087,0.176438,-0.073265,-0.114393,-0.241379,0.035422,-0.237952,-0.101247,0.099491,-0.036627,-0.009083,-0.12394,-0.071913,-0.110235,-0.284482,0.095734,-0.077375,-0.178139,0.225004,-0.086725,-0.050212,-0.017923,-0.168258,-0.005017,-0.055596,0.028163,-0.301316,-0.071071,-0.187169,-0.125201,-0.058115,0.078611,-0.268597,0.171896,-0.182521,0.200399,-0.340284,-0.018844,-0.273013,0.03248,-0.450453,-0.02722,-0.17396,-0.158123,0.026727,-0.131488,-0.29894,0.138277,-0.144079,-0.12918,-0.237496,0.145569,-0.079587,-0.043453,-0.087852,-0.125202,-0.256705,0.072473,-0.05993,0.028448,0.166192,0.026777,-0.141595,-0.096701,0.014396,-0.027622,-0.120542,0.003699,0.017965,0.101775,-0.118549,-0.101906,-0.172265,-0.221263,-0.220217,-0.12973,-0.060521,-0.02033,-0.061221,-0.028211,0.133369,-0.010434,-0.169099,-0.123601,0.027261,-0.082388,0.020329,-0.053473,-0.09568,0.233463,0.020391,-0.034555,0.098268,-0.003279,0.116924,-0.082908,0.076835,0.144416,0.34766,0.111806,0.018307,-0.069216,-0.025202,0.131744,0.162264,0.045576,0.00209,0.199442,-0.173223,-0.069656,0.153242,0.209135,-0.103377,0.030343,-0.041881,-0.096147,0.149924,0.282639,-0.273966,0.072692,0.007271,-0.077646,0.186588,-0.031208,0.024934,0.171217,0.17845,0.288251,0.259593,0.183003,-0.148246,-0.160044,0.231412,#
6,0.103966,-0.144764,0.008181,-0.169658,0.24751,0.22119,1.0,0.266994,0.197572,0.023975,0.218597,0.118144,0.007564,0.037323,0.062485,0.223485,0.07016,-0.034238,0.205562,-0.104625,0.097445,0.174619,-0.004043,-0.16808,-0.143515,-0.04703,-0.035091,-0.092073,0.232142,-0.052987,-0.249603,0.134707,0.139792,-0.242586,-0.003057,0.057025,0.082447,-0.003651,-0.130354,-0.203393,-0.079637,-0.037538,-0.000142,-0.121151,-0.100839,-0.047047,0.067365,0.054819,0.172022,0.163398,0.08517,-0.110035,-0.006463,-0.067771,-0.115641,-0.198941,0.15752,-0.093136,-0.101533,0.056182,0.082423,0.072567,-0.143291,0.158255,-0.182889,-0.188444,0.14315,-0.031562,0.168394,0.014165,-0.003729,-0.321824,0.003016,-0.196705,-0.14228,0.125757,-0.029718,-0.224346,-0.458615,-0.198385,-0.149096,-0.111053,-0.035067,-0.167713,-0.199117,0.141476,-0.233238,-0.163556,-0.040918,-0.106314,-0.062429,-0.062792,0.113352,-0.26689,-0.203073,-0.041723,-0.329056,-0.366291,-0.362851,-0.049155,0.111761,-0.273202,-0.123007,-0.229863,0.022709,-0.062108,0.032255,-0.204841,-0.204591,-0.069787,-0.197672,0.004135,-0.056112,-0.055813,-0.148512,-0.135549,-0.321257,-0.183812,-0.018204,-0.106672,-0.021142,-0.010668,-0.038434,-0.238599,-0.290205,0.156737,-0.223744,0.216893,-0.062633,-0.295106,-0.069202,-0.142871,-0.114367,0.09516,-0.118118,-0.058318,0.074135,-0.39585,-0.110148,-0.080571,-0.000834,-0.250002,-0.133407,-0.024089,-0.203851,-0.08926,-0.179626,0.195446,-0.078707,-0.168296,-0.174924,-0.052375,-0.160298,-0.127068,0.051854,-0.266749,0.0286,0.315664,-0.181629,-0.249505,-0.020382,-0.207328,-0.108704,0.050603,-0.058926,0.256453,-0.06537,0.089071,-0.028748,-0.101505,0.053741,0.18021,-0.118678,-0.173952,0.080636,-0.092325,-0.1322,0.367003,0.151397,-0.24284,0.147021,0.054157,0.268336,0.348332,0.038357,-0.075161,0.149521,-0.101831,-0.000438,0.004786,-0.179733,0.226865,0.261684,0.151055,0.10419,0.224737,0.279947,-0.146789,-0.033593,0.010947,#
7,-0.058879,-0.263846,0.077237,0.003662,0.084437,0.32859,0.266994,1.0,-0.092578,-0.207572,-0.099353,-0.187386,-0.019292,0.237897,0.114519,-0.108335,-0.030641,-0.229193,0.040214,-0.076869,-0.082775,0.189832,0.047189,-0.275303,0.042698,0.036579,0.151106,-0.040044,-0.117292,-0.066581,0.065444,0.135715,0.205195,-0.189554,0.01876,0.075404,0.050567,0.140192,-0.148881,-0.3564,0.041761,0.323795,0.232278,0.044985,-0.067366,0.004894,0.191004,-0.070542,-0.046943,-0.111504,-0.223394,0.053913,-0.032058,-0.33837,0.005235,0.115478,-0.063823,0.03629,-0.053113,0.115402,-0.107022,0.08677,-0.384286,0.18409,0.174347,0.168418,0.087727,0.199303,-0.017292,-0.197451,-0.070282,-0.20231,0.09843,-0.098374,-0.070368,0.052289,0.135051,-0.122051,-0.328926,-0.061096,0.006935,-0.231256,0.168619,-0.099172,-0.050723,0.241102,-0.053556,0.018242,-0.112499,-0.11455,0.073705,-0.190605,-0.0054,-0.238891,0.092551,0.171815,-0.157909,0.031933,0.003372,-0.190394,0.086747,-0.27636,0.184949,-0.251309,-0.044565,-0.250986,0.216538,-0.247253,-0.059535,-0.192881,-0.117226,0.22758,0.099708,0.062405,-0.085833,0.133526,-0.094373,-0.164151,-0.056456,0.159002,-0.100835,-0.024638,-0.198552,-0.194122,-0.044035,0.087045,-0.178683,-0.04405,0.126188,-0.088601,0.093647,-0.049409,-0.069547,-0.072925,-0.041385,-0.010584,0.15889,-0.007074,-0.145949,-0.051401,-0.116365,-0.206684,-0.111781,0.07978,-0.148192,-0.235367,-0.143588,-0.052862,0.022076,-0.014551,0.076463,0.156234,0.176501,0.14983,0.07714,-0.09631,0.309326,-0.053637,-0.265722,0.113703,-0.013053,-0.134346,0.09463,0.071924,-0.027171,0.169255,-0.112988,0.074774,-0.251015,0.001896,-0.018432,0.211995,0.086663,0.091176,0.061076,0.026968,-0.162556,0.131358,-0.059022,0.011894,-0.10854,0.008786,0.083021,-0.041697,-0.030459,-0.019692,0.004948,0.219916,0.04835,-0.124682,-0.150311,0.114845,0.038866,0.038658,0.044095,0.298706,0.00757,-0.057274,-0.049002,-0.091986,#
8,0.396212,0.015547,0.205908,-0.334069,0.316481,0.083438,0.197572,-0.092578,1.0,-0.024004,0.058575,0.341866,0.098714,0.271335,0.059967,-0.076404,0.168829,0.236351,0.299538,0.136054,-0.327488,-0.202157,0.222033,-0.192654,-0.083614,-0.221149,0.063652,0.028498,0.18679,-0.110554,-0.168359,0.184387,-0.192073,-0.037172,-0.200712,0.158401,0.385061,-0.192493,-0.03291,-0.205033,-0.052534,0.021699,-0.249908,-0.019207,0.140232,-0.178253,0.405541,0.309327,-0.004725,0.256045,0.148124,-0.097044,0.03554,0.116707,-0.234403,0.197237,-0.092302,0.074631,-0.131313,0.189052,-0.159322,0.104149,-0.080127,-0.024107,-0.084271,0.225899,0.365892,0.128364,0.225706,0.194257,0.228735,-0.206648,-0.230472,-0.162311,-0.175367,0.054875,-0.046054,-0.286876,-0.155683,-0.009113,-0.03633,-0.182512,-0.065088,0.161378,-0.024408,0.144025,-0.301441,-0.271669,-0.029468,-0.213059,0.036815,-0.002944,-0.039209,0.093262,-0.254786,0.006906,-0.122465,-0.225397,-0.135166,-0.114861,-0.137435,-0.279099,-0.263571,-0.049844,-0.051139,0.044506,-0.024683,0.000933,0.015349,-0.028887,0.133178,-0.159599,0.209687,0.018326,0.038362,-0.387729,-0.15825,-0.179133,0.289971,-0.306669,0.021326,0.012422,-0.161776,-0.504465,-0.117699,0.007591,-0.177202,0.156811,-0.078254,-0.166848,0.316184,0.211818,-0.1505,-0.039775,-0.009285,-0.160358,0.129871,0.033946,0.17836,-0.03577,0.274785,-0.124406,-0.22756,-0.072853,-0.133183,-0.179155,0.072485,0.334547,-0.102052,-0.06115,-0.00789,-0.025718,0.11682,-0.114549,0.001203,-0.201466,0.145191,0.347035,-0.00065,0.017374,-0.039835,-0.134066,-0.071867,0.304994,0.222964,0.033387,-0.042172,-0.032921,-0.037026,-0.035346,-0.036634,0.295231,0.093237,-0.065365,-0.129701,-0.107379,0.024423,0.14149,0.122584,-0.275835,0.270008,0.151034,-0.211368,-0.105526,0.028723,0.162843,0.201488,0.131858,-0.483947,0.13472,0.093734,-0.153024,0.015171,0.158299,-0.131767,0.025101,0.128372,-0.147223,0.1054,0.178513,#
9,-0.011877,0.07955,0.022185,-0.005402,0.102757,-0.075619,0.023975,-0.207572,-0.024004,1.0,-0.116596,0.208866,0.172053,0.251848,-0.432869,0.038513,-0.332702,0.239374,-0.107495,0.125957,0.131984,-0.129847,-0.040705,-0.039303,0.177446,0.097205,0.132082,-0.392005,-0.041447,0.301816,-0.010223,-0.176753,-0.071521,0.224902,0.166138,0.294548,-0.103021,-0.321715,-0.182305,0.001002,-0.045502,0.075403,0.14503,0.135365,0.119059,-0.060065,-0.213269,0.12121,-0.04419,0.097688,-0.017128,-0.241339,0.029915,-0.060044,-0.105575,-0.15669,-0.003572,-0.064711,0.274255,-0.071527,-0.088472,0.154607,0.221357,-0.220516,-0.261346,-0.052025,0.12337,-0.0434,-0.074773,-0.039263,-0.013899,-0.249442,-0.02816,-0.032319,0.148461,-0.176928,0.041577,-0.043742,0.180943,0.153302,-0.082563,0.011873,-0.068407,-0.20552,0.225909,-0.307976,0.035411,-0.038655,-0.037286,0.259716,-0.306372,0.075302,0.069958,0.179934,-0.103345,0.022077,-0.140537,0.025712,-0.098548,0.198595,-0.227389,0.195012,0.181737,0.214808,-0.033408,0.101487,0.017497,-0.022757,-0.028467,0.034367,0.05204,0.192904,-0.014668,0.010429,-0.043638,0.013352,-0.14866,0.00415,0.204267,-0.146981,0.150224,0.34563,0.003818,-0.028035,-0.184484,0.123098,-0.086578,-0.070119,-0.015929,0.326674,-0.079602,0.320613,-0.085175,0.613182,-0.148444,0.170261,-0.112223,-0.071423,0.141507,-0.124122,0.1815,-0.12991,0.209442,0.135134,0.207312,0.084588,0.275825,0.003344,-0.146031,0.247851,-0.321233,-0.14598,-0.05175,0.12498,0.323739,0.188461,0.001632,0.26086,0.085233,0.073422,0.128255,0.183523,-0.231889,0.328179,-0.078464,-0.154431,0.044623,0.071671,0.105867,0.119924,0.0625,-0.157874,0.057328,-0.176062,0.183204,0.13248,-0.10212,0.033347,0.182749,-0.111423,0.066402,-0.147216,-0.193452,0.058157,-0.186266,-0.041309,0.083317,-0.05791,-0.232344,0.16407,-0.099387,-0.189393,-0.094745,-0.095446,0.038775,-0.180943,-0.093992,-0.001367,0.281501,-0.02642,#
10,-0.203218,-0.107826,-0.027374,-0.044655,-0.236618,0.000604,0.218597,-0.099353,0.058575,-0.116596,1.0,0.07311,-0.271338,-0.277318,0.046962,0.200007,0.284498,-0.168516,0.165493,0.002472,0.038593,0.215875,-0.069298,0.257087,-0.140283,0.222155,-0.343185,0.171357,0.138527,-0.041122,-0.060994,-0.040916,-0.312326,-0.166949,0.302445,-0.070084,0.011399,0.149506,0.100099,0.267573,-0.210328,-0.08176,-0.120753,-0.274009,-0.031356,0.233049,-0.239081,-0.395956,0.178661,-0.040339,0.118539,0.092834,-0.112379,0.188376,-0.118572,0.058757,-0.101182,-0.137057,-0.017388,-0.10492,0.033818,-0.141835,0.219383,0.15494,0.210931,-0.121747,-0.024626,-0.188999,-0.125331,-0.098677,-0.164193,0.224485,0.1177,-0.013403,0.009187,0.174493,-0.092228,0.0916,0.037807,-0.068707,-0.022145,0.110163,-0.258421,0.179898,-0.02939,0.012263,0.076933,0.016359,-0.189234,-0.01508,0.16048,-0.133397,0.043694,-0.077519,-0.116641,0.061774,-0.093045,-0.046833,-0.270487,0.003409,0.04424,-0.003346,-0.293219,0.048013,0.247747,0.062424,-0.122229,0.167148,-0.178162,0.523549,-0.199249,-0.227983,-0.127518,0.202382,0.005366,-0.033028,-0.046485,0.087812,-0.073279,0.202657,-0.143927,-0.086511,-0.067055,0.08836,0.056645,-0.128063,0.055125,0.030497,0.051681,0.005448,0.144721,-0.141205,0.1135,-0.245332,0.320647,0.212663,0.066433,-0.139313,-0.172552,-0.01543,0.11137,0.170372,-0.100474,0.072559,0.085261,0.226332,-0.013982,-0.164739,0.148835,-0.216063,0.150088,0.099041,-0.312641,-0.117695,-0.231428,-0.324378,-0.288385,-0.026583,0.118389,-0.041383,0.122192,-0.007155,-0.177638,-0.123085,-0.033364,-0.059018,-0.286182,0.014503,0.162442,-0.048966,0.074582,-0.231964,-0.156238,-0.029221,-0.00703,-0.371517,-0.295856,0.143443,-0.209588,0.105098,0.015643,0.050086,0.052062,0.314654,-0.000793,0.085106,-0.220653,-0.036382,0.402745,-0.062829,-0.030239,0.310578,0.021388,-0.068251,0.099197,0.06731,0.285026,-0.075569,-0.141999,0.045381,#
11,0.201587,-0.030783,0.034341,-0.07765,0.234005,0.202539,0.118144,-0.187386,0.341866,0.208866,0.07311,1.0,-0.079831,0.038807,-0.050342,0.122103,0.088231,-0.042857,-0.117308,-0.130898,-0.171958,-0.084624,-0.032346,0.077813,0.160503,-0.117428,-0.161352,-0.263312,0.241573,0.104871,-0.241559,0.083264,-0.403527,0.103885,-0.275767,0.362029,-0.03645,-0.145623,0.175048,0.118144,0.139639,-0.102433,-0.14742,-0.096285,-0.075397,0.135441,-0.024668,0.08012,0.29993,0.068668,0.183627,-0.146095,-0.148316,-0.08374,0.01179,-0.039077,-0.333886,-0.053106,-0.150947,-0.136925,-0.157986,0.142847,0.176587,-0.003069,-0.004608,-0.161849,0.056528,-0.102395,0.241553,-0.013904,0.043724,-0.261487,-0.082759,-0.247172,-0.189073,0.153749,-0.222796,0.046676,-0.02877,-0.249277,-0.099482,-0.088233,0.037156,0.032232,0.020254,0.008418,-0.263766,-0.30903,-0.02414,-0.079112,-0.097947,0.075999,0.021504,-0.0987,-0.289014,-0.082865,-0.23041,-0.246687,-0.1029,-0.131699,-0.063921,-0.027115,-0.040725,-0.072388,-0.096457,0.029958,-0.104104,-0.21212,-0.152599,-0.126467,-0.238597,-0.046722,-0.150824,-0.096246,-0.125271,-0.038495,-0.0413,-0.202266,0.030486,-0.169387,0.037239,-0.040686,-0.147959,-0.184468,0.162509,0.014793,-0.099648,-0.115557,-0.081362,-0.194871,-0.102045,-0.019596,-0.036319,0.136952,-0.119091,0.020869,-0.000554,-0.146592,0.238415,-0.175704,0.176684,-0.008398,-0.119127,-0.082396,-0.05835,-0.112548,0.042455,0.038219,-0.124439,-0.366429,-0.241963,-0.00701,-0.04959,-0.144865,-0.045825,-0.265341,0.191931,0.017406,0.068371,0.012635,0.166897,0.077605,-0.193789,-0.062759,-0.129166,-0.054336,0.074209,0.001237,0.237039,0.023672,-0.051905,-0.059551,-0.050965,-0.383505,0.06066,-0.215131,-0.144374,-0.000258,0.109257,-0.13537,0.121079,0.058014,0.043558,0.115963,0.184771,-0.203519,0.135641,-0.092234,-0.212121,0.229855,-0.047603,0.177774,0.10024,-0.038055,0.07337,-0.029456,0.273898,-0.196626,-0.001078,0.159342,#
12,0.166689,0.163312,-0.194859,-0.179652,0.251593,-0.197032,0.007564,-0.019292,0.098714,0.172053,-0.271338,-0.079831,1.0,0.249241,0.148012,0.144969,-0.144936,0.232313,0.11836,-0.089047,0.104653,0.165573,0.100278,-0.024441,-0.226215,-0.047888,0.26379,-0.005462,0.089719,-0.050337,-0.155073,0.238504,0.175163,0.013546,-0.105861,0.022432,0.285587,-0.227202,-0.185612,-0.02891,0.028902,0.194329,0.138849,0.267118,0.180604,-0.095451,0.129524,0.119492,-0.097313,-0.030223,-0.067679,-0.261479,0.155736,-0.169106,-0.000231,-0.300864,-0.23839,0.338275,0.165724,-0.018076,-0.123344,-0.127838,-0.291698,-0.041083,0.084948,0.29908,0.04758,0.058435,0.235029,-0.139756,-0.125871,-0.301138,-0.093636,-0.086462,0.015199,0.075798,-0.104353,-0.23972,-0.197387,-0.237075,-0.122473,-0.34636,-0.064352,-0.227313,0.001322,-0.418444,0.039196,-0.162828,-0.339888,-0.018311,-0.133451,-0.331286,-0.11839,-0.03372,-0.13844,-0.073548,-0.202823,-0.120857,-0.203207,-0.272107,0.145205,-0.065119,-0.195858,-0.256782,-0.099645,-0.002255,-0.207167,-0.172979,-0.127888,-0.158356,0.187358,0.025162,-0.024431,-0.139591,-0.18641,-0.161159,-0.22338,-0.051047,-0.041842,-0.294713,-0.016253,-0.133855,-0.17442,-0.181056,-0.279685,0.018779,-0.320546,0.132245,-0.333782,-0.197013,-0.173956,-0.019297,-0.081384,0.024556,-0.228773,-0.200605,-0.047384,-0.032977,0.134361,-0.303232,-0.228477,-0.075637,-0.269214,0.073417,-0.275203,-0.091773,-0.139159,0.328188,-0.546456,0.043654,-0.042327,-0.124304,-0.020529,-0.176013,-0.262798,-0.165131,0.194088,0.302304,-0.414174,-0.288358,-0.116023,-0.135103,-0.236594,-0.001609,0.057575,0.17059,-0.177353,0.009393,-0.279316,0.019629,0.021871,0.227282,-0.139501,-0.199129,0.111237,0.040836,-0.135326,0.117642,0.298267,-0.338419,0.277781,0.125474,-0.045767,0.152346,0.103237,-0.114063,0.125945,-0.001607,-0.194236,0.250321,-0.252901,0.101266,0.252135,0.225309,0.026844,-0.008507,0.030932,-0.046921,0.102841,0.026373,#
13,0.114176,0.14353,0.090749,-0.179292,0.144023,0.287648,0.037323,0.237897,0.271335,0.251848,-0.277318,0.038807,0.249241,1.0,0.048207,-0.190966,-0.167337,0.202485,0.067671,0.032037,-0.112786,-0.028898,0.117463,-0.34148,0.080659,-0.041988,0.302329,-0.160654,0.006124,-0.000786,-0.052777,0.27885,0.070726,-0.226211,-0.238825,0.346746,0.180639,-0.263939,-0.292284,-0.292267,0.024957,0.303926,0.127616,0.206818,0.099481,-0.309203,0.359367,0.237399,-0.121217,0.059989,-0.117441,-0.044202,0.011134,-0.105943,-0.320583,-0.019251,0.213061,0.129782,0.139745,0.215255,-0.076184,0.224114,-0.172204,-0.008405,0.004397,0.300773,0.252762,0.292305,0.213842,0.042052,-0.03523,-0.185515,-0.036143,0.006091,-0.038096,0.036309,-0.015752,-0.259275,-0.19287,0.098343,0.113694,-0.355153,-0.026882,-0.052723,0.045803,-0.020133,-0.109339,-0.327697,-0.263365,-0.099681,-0.264311,-0.039275,-0.04944,0.061919,-0.173033,-0.026208,-0.072915,-0.04696,-0.044187,-0.179018,-0.045714,-0.180399,-0.073608,-0.177647,-0.159793,-0.192943,0.104534,-0.371364,0.077915,-0.309906,0.181169,0.183378,-0.030491,0.059843,-0.018734,-0.15538,-0.36959,-0.196497,0.356323,-0.351831,-0.084288,-0.003053,-0.059916,-0.307435,0.013988,-0.071842,-0.377408,-0.1135,-0.114925,-0.180889,-0.044789,0.289339,-0.38205,0.07332,-0.090049,-0.214348,0.063414,0.202651,0.187744,-0.098053,-0.036939,-0.359083,-0.184071,-0.258746,-0.158901,-0.139554,0.100609,0.333599,-0.29499,0.293336,-0.172265,0.133269,-0.079287,0.113998,0.191213,-0.144135,0.353748,0.418278,-0.193032,0.048731,-0.183208,-0.103165,0.063006,0.368927,0.118078,0.276215,0.086093,0.160768,-0.181381,0.01792,0.078429,0.288901,-0.075894,0.027942,0.044819,-0.018613,-0.024673,0.060871,0.28089,-0.202991,0.181311,0.211829,-0.333421,-0.210444,0.237064,-0.046108,0.151597,0.13119,-0.337354,0.150073,-0.031787,-0.239788,0.260808,0.185323,-0.041719,-0.086195,-0.150903,-0.200574,0.305429,0.159392,#
14,0.378819,0.175594,-0.055658,-0.156889,0.059703,-0.094703,0.062485,0.114519,0.059967,-0.432869,0.046962,-0.050342,0.148012,0.048207,1.0,0.19013,0.217169,-0.306357,-0.054408,-0.291019,-0.309463,0.105598,0.030256,-0.048603,-0.27855,-0.141023,-0.082264,-0.114474,0.219659,-0.119539,-0.465295,0.380265,-0.064584,-0.15436,0.001241,-0.16136,0.093921,0.131888,0.036811,-0.058329,-0.032402,-0.063286,-0.167117,-0.013756,0.088898,0.227919,0.509777,-0.206751,0.062796,0.047965,-0.226563,0.157695,-0.104477,-0.190685,0.032089,0.133151,-0.076378,0.105531,-0.420605,0.005162,0.18204,-0.010108,-0.005798,0.125431,0.227968,0.160775,-0.191478,-0.095861,0.108912,-0.249202,0.132356,-0.040894,-0.191406,-0.148731,-0.164745,0.100488,-0.231922,0.064375,-0.281443,-0.165895,-0.079155,-0.266752,-0.057905,-0.038542,-0.264605,0.021479,-0.174898,-0.303097,-0.235808,-0.349773,0.041689,-0.253341,0.128625,-0.108441,-0.111035,-0.043826,-0.148635,-0.225433,-0.317746,-0.164048,0.109014,-0.149237,-0.230959,-0.239563,-0.196336,-0.052928,-0.174698,-0.123133,0.12871,-0.09312,-0.189056,-0.132546,-0.237788,0.023726,-0.340363,-0.146436,-0.310064,0.070912,-0.222448,-0.139867,-0.254602,-0.258855,-0.105103,0.081441,0.201469,-0.156548,-0.16203,0.051848,-0.118669,-0.364775,0.060554,-0.465629,-0.36973,-0.496554,-0.088687,-0.227535,0.035215,-0.262456,0.001493,-0.166231,-0.211076,-0.342974,-0.201248,-0.212903,-0.374189,-0.047091,-0.178162,-0.011541,-0.23533,-0.24479,0.02404,0.072058,-0.09163,-0.239862,-0.253867,-0.300595,0.134129,0.09292,-0.392079,-0.230677,-0.506634,-0.216395,-0.010564,-0.44199,-0.132889,0.212982,-0.073245,0.10044,-0.14498,-0.404809,-0.00566,0.258871,-0.324441,-0.066739,0.125463,-0.043337,0.066634,-0.002992,-0.015951,-0.133216,-0.009453,0.44167,0.196535,0.120145,0.281654,-0.198847,0.204068,0.150183,0.299457,-0.018132,-0.315159,0.338792,0.303243,0.349006,-0.061792,-0.166172,0.167797,-0.159079,-0.142574,0.144764,#
15,0.044547,-0.084283,-0.274247,0.016972,0.056196,-0.109113,0.223485,-0.108335,-0.076404,0.038513,0.200007,0.122103,0.144969,-0.190966,0.19013,1.0,0.127201,-0.331832,0.050413,-0.324218,-0.04847,0.028774,-0.105204,-0.167589,-0.189964,-0.061572,-0.241693,-0.00373,0.026442,-0.048974,-0.230909,0.058627,0.010173,-0.100507,-0.008713,-0.06722,-0.05071,-0.051327,0.004972,0.364284,-0.207058,-0.194608,0.094143,-0.03218,-0.014434,0.311667,-0.055835,-0.305825,0.282198,-0.02013,0.227728,-0.083756,0.126821,-0.150727,-0.037465,0.102429,0.040605,-0.03114,-0.024068,-0.065483,-0.07617,0.097052,0.206041,0.247191,-0.175406,-0.211062,-0.273847,-0.055641,-0.147321,-0.36635,0.157987,0.006593,-0.111622,-0.249606,0.007604,-0.085527,-0.098846,0.117189,-0.06721,-0.189981,0.003257,-0.004313,-0.029216,-0.196104,0.041299,-0.13086,0.076671,0.026982,0.029123,0.034255,0.100263,0.0325,0.335271,-0.308554,-0.187423,-0.169721,-0.315601,-0.073188,-0.295308,-0.008849,0.108687,0.189296,-0.123072,0.019348,-0.016677,0.106796,-0.275814,0.061197,-0.097978,0.021455,-0.474561,-0.294967,-0.0958,0.030453,-0.313544,-0.067702,-0.005699,-0.044476,-0.301342,0.019452,-0.019296,-0.15876,0.101398,0.17367,0.078612,-0.075708,-0.051435,-0.054633,-0.185571,-0.136198,-0.196418,-0.273249,-0.05036,0.108972,-0.114644,-0.047429,0.168547,-0.311151,-0.124783,-0.019521,-0.126393,-0.101333,0.023219,-0.026882,-0.304254,0.268846,-0.306854,-0.209905,-0.21562,-0.34056,-0.116787,-0.061597,-0.365588,-0.176242,-0.318907,-0.12916,-0.145401,-0.057216,-0.20062,-0.130446,-0.156326,-0.242631,-0.262873,-0.409907,-0.208693,-0.118126,-0.240383,0.244293,0.025532,-0.228726,-0.096971,-0.089397,0.025721,-0.10803,0.174828,-0.240327,-0.147883,0.061558,-0.200262,-0.107532,-0.142184,-0.028433,0.515996,0.271295,0.068983,-0.12094,0.027649,-0.222812,0.44506,-0.171928,-0.327343,0.447669,0.341605,-0.061233,0.064091,-0.015126,0.249083,-0.075974,-0.133214,0.084555,#
16,0.129604,-0.181856,-0.160879,-0.092312,0.06388,0.055977,0.07016,-0.030641,0.168829,-0.332702,0.284498,0.088231,-0.144936,-0.167337,0.217169,0.127201,1.0,-0.063723,-0.049997,-0.048713,-0.125205,-0.071717,0.152086,-0.011887,0.096501,-0.059005,-0.325435,0.001973,0.010386,-0.043729,-0.181491,0.05131,0.022064,-0.252655,0.10945,-0.102353,-0.107813,-0.046956,0.1423,0.180533,-0.135733,-0.226568,-0.307467,-0.372178,0.202514,0.299645,0.155156,-0.223486,-0.005132,0.185644,0.146044,-0.055992,0.011498,0.076901,0.197302,0.309914,-0.033343,0.077821,-0.012558,0.052529,0.19816,-0.123781,0.037716,0.324038,0.004357,-0.064044,-0.202061,-0.187098,0.102283,0.01481,0.232825,0.041716,-0.201985,-0.217357,-0.279974,0.143954,-0.12735,0.05238,-0.188209,-0.039379,0.091947,-0.002381,0.003853,0.131737,-0.120999,0.206296,-0.100715,0.030702,0.023024,-0.190627,0.173734,-0.061857,-0.062289,-0.20473,-0.19187,-0.329463,0.035169,-0.218816,-0.000892,-0.265468,0.227573,0.009289,-0.423258,-0.224845,-0.071065,-0.047749,-0.006445,-0.106031,-0.137841,0.172043,-0.285635,-0.139872,0.103422,-0.147934,-0.209357,-0.034827,-0.018422,-0.22886,0.21385,0.020829,-0.072152,-0.109029,-0.293077,-0.178016,0.071883,-0.185914,-0.140865,0.062551,-0.209908,-0.275992,0.099984,-0.296247,0.143494,-0.129117,-0.019601,-0.159989,-0.173057,-0.330387,-0.185675,-0.093256,-0.306883,0.024812,-0.044625,0.047893,-0.312408,-0.03134,0.082328,-0.007371,0.103464,-0.245162,0.140941,0.014016,-0.179446,-0.138167,-0.168942,-0.193171,-0.035474,0.164825,-0.231434,-0.046237,-0.118888,-0.072354,-0.008422,-0.216962,0.055339,0.044109,-0.04614,0.141422,-0.133547,0.068413,0.394843,-0.033144,-0.004065,0.009069,-0.072631,-0.251304,-0.16335,0.068888,-0.142936,-0.148467,0.011949,-0.11632,0.283314,0.150276,0.12534,-0.029138,-0.014318,-0.210641,0.156792,-0.157002,-0.137971,0.260874,0.13552,0.040758,0.114033,0.180318,0.256836,-0.031116,-0.272585,0.111599,#
17,-0.05985,0.020623,0.265088,-0.022092,0.101522,-0.083049,-0.034238,-0.229193,0.236351,0.239374,-0.168516,-0.042857,0.232313,0.202485,-0.306357,-0.331832,-0.063723,1.0,0.189054,0.165058,0.210954,-0.082613,0.162418,-0.033424,0.127143,-0.076594,0.165395,-0.097076,-0.04738,0.065391,0.336085,-0.008986,0.157923,0.077891,-0.115151,0.072099,0.022708,-0.251808,-0.043262,-0.268109,-0.068974,0.091206,-0.029473,0.056601,0.21814,-0.333267,0.026776,0.46474,-0.138146,-0.047262,0.122199,-0.098262,-0.001214,0.161623,-0.152255,-0.12212,0.129569,0.011718,0.159608,-0.115832,-0.031679,-0.092785,-0.126832,-0.328527,-0.09262,0.082099,0.085163,-0.043681,0.078341,0.301038,-0.026215,-0.137159,-0.342665,0.146007,0.165956,0.145368,0.038656,-0.272628,-0.030186,0.08074,-0.178245,0.096326,-0.08083,0.140737,0.332094,-0.042493,-0.059019,0.133204,-0.103097,0.131816,-0.09528,-0.04468,-0.257768,0.193065,0.062854,-0.03921,0.095297,0.010696,0.06187,0.089942,-0.123561,-0.145058,-0.13099,0.042402,-0.046216,0.153602,0.065121,0.160972,-0.02111,-0.066672,0.33264,0.117506,0.238844,-0.130941,0.0895,-0.053569,0.002718,-0.003837,0.40094,-0.100571,-0.060533,0.264,-0.022476,-0.181756,-0.20216,0.322285,-0.064494,0.072344,-0.094584,0.029873,0.166614,0.226489,0.004715,0.286213,-0.051048,-0.004371,-0.001461,0.220045,0.253157,-0.061122,0.001605,0.198915,0.003759,-0.152485,0.104737,-0.125261,0.308899,0.272059,-0.141086,0.326019,0.03257,0.014626,0.152425,-0.113515,0.163518,0.086621,0.085159,0.35972,0.072686,0.258385,0.284569,0.142474,0.086781,0.484075,0.139513,-0.067296,0.099714,-0.045533,-0.051824,0.272547,0.07046,0.014602,-0.012628,-0.024059,-0.151181,0.298062,0.089626,0.211276,0.31242,-0.200842,0.251782,-0.10044,-0.490813,-0.106536,-0.082388,0.12383,0.072803,0.113685,-0.394398,0.21048,0.245614,-0.303159,-0.057449,-0.161469,-0.140894,0.071174,-0.06636,0.015569,0.348922,-0.240014,#
18,-0.010787,-0.155636,0.060903,-0.155489,-0.041669,-0.055329,0.205562,0.040214,0.299538,-0.107495,0.165493,-0.117308,0.11836,0.067671,-0.054408,0.050413,-0.049997,0.189054,1.0,-0.026415,-0.079824,0.250719,0.108236,-0.184621,-0.344167,0.010288,-0.063805,0.368283,-0.000265,-0.144669,0.091366,0.076078,0.031178,-0.066096,0.009661,0.238055,0.032407,0.19881,-0.013628,-0.100619,0.061591,-0.069969,0.035624,0.029311,-0.074323,-0.172578,0.121182,-0.076345,-0.152867,0.057799,0.065153,0.159082,0.200896,0.108635,-0.148498,0.022492,0.07462,0.010501,0.041088,-0.011638,-0.025003,-0.147363,-0.002003,-0.002756,0.094408,0.125489,0.29828,-0.100243,-0.050116,-0.121967,0.090733,-0.182979,-0.315878,0.114791,-0.02664,-0.138737,0.192899,-0.450491,-0.103362,-0.080823,-4e-06,0.077099,-0.215751,-0.134953,0.010511,-0.049941,0.055552,-0.035107,0.038995,0.305963,0.0403,0.082903,-0.089396,0.045245,0.019107,-0.063317,0.016813,0.087586,-0.1476,-0.22254,0.003147,0.035799,-0.076481,0.104822,-0.062253,0.083241,0.005261,-0.040414,0.254125,-0.015808,-0.014584,-0.018393,0.23663,0.173081,-0.025537,-0.228019,0.065228,0.138273,0.245655,-0.091023,0.012176,-0.117739,0.081865,-0.037175,0.031279,-0.023205,-0.088755,0.033187,0.077646,0.02918,0.240407,0.155744,0.028448,-0.017796,-0.028856,-0.033219,0.175975,0.137763,-0.125842,-0.143284,0.050633,0.096763,-0.050039,0.0519,-0.014454,-0.03751,-0.078276,0.077866,-0.035011,0.087221,0.197509,-0.081009,0.123144,-0.136697,0.005065,-0.117451,0.075282,0.137407,-0.074722,0.147315,0.042944,-0.105553,-0.127377,0.024248,0.44712,-0.024993,0.22665,0.007882,-0.25505,0.22461,-0.16956,0.340469,0.253182,0.059438,0.159664,0.054682,-0.005544,0.056885,-0.051707,0.072343,0.132931,0.198705,-0.068198,0.013649,-0.059678,0.152338,0.211376,-0.02206,-0.068788,-0.179579,0.094939,-0.033246,-0.012736,-0.116189,-0.063941,0.284649,0.065242,0.050054,0.198444,-0.121599,#
19,-0.121154,-0.073019,0.356932,0.159472,0.006764,-0.170547,-0.104625,-0.076869,0.136054,0.125957,0.002472,-0.130898,-0.089047,0.032037,-0.291019,-0.324218,-0.048713,0.165058,-0.026415,1.0,-0.116917,0.001411,0.025858,0.045474,-0.027188,0.121071,0.066812,0.108883,-0.117201,0.131474,0.176268,-0.045498,0.046592,0.144936,0.103614,-0.056663,-0.11904,-0.084706,-0.205935,-0.132425,-0.192448,0.050714,-0.088536,0.089062,0.142131,-0.277146,-0.093986,0.044523,-0.137687,0.127444,0.120247,0.08029,0.001876,0.246833,-0.283686,0.07028,0.073661,-0.097547,0.063447,-0.104192,-0.090677,-0.059447,0.006681,-0.154218,-0.00571,0.001972,0.334888,-0.020158,-0.067897,0.231637,0.025226,0.121148,0.017171,0.288572,-0.012965,0.068803,0.063031,0.075773,0.067328,0.072854,0.228561,0.085022,0.047205,0.288158,0.115298,0.060658,-0.01217,-0.025051,0.174036,-0.056666,-0.110789,0.064386,0.017678,0.083973,-0.075688,0.177225,0.166052,-0.070625,0.028549,0.048865,-0.280726,-0.113333,-0.073975,0.255158,-0.021079,0.05503,0.094112,0.110366,0.071913,0.152488,0.51481,-0.113824,0.172055,0.061352,0.112049,0.196161,0.273425,-0.130095,0.282695,-0.03146,-0.032769,0.209565,0.065221,-0.124094,-0.22342,0.142636,0.009079,-0.014282,0.133306,-0.027717,0.085766,0.178281,0.017204,0.238149,0.173623,-0.067025,-0.140829,0.230658,-0.149245,0.198966,0.290585,0.148427,0.07713,-0.084596,0.051503,0.171972,0.324315,0.063275,0.096631,0.342731,-0.029354,-0.031645,0.322175,0.286995,0.151739,0.255514,-0.071687,0.037492,0.316637,0.132546,0.124657,0.089803,0.194659,0.38571,0.202959,-0.070208,0.182932,-0.0541,0.148239,0.069948,-0.080642,-0.103328,0.053787,0.196576,-0.036938,0.165891,0.15361,-0.135059,-0.092546,0.032917,0.050637,-0.104465,-0.291776,0.009705,-0.197829,0.316536,-0.196155,0.085734,-0.331169,0.074433,0.140895,-0.22531,-0.274653,-0.221887,-0.225051,-0.041077,-0.213891,0.27052,0.203244,0.048156,#
20,-0.306049,0.149519,-0.343351,-0.017783,0.12196,0.097788,0.097445,-0.082775,-0.327488,0.131984,0.038593,-0.171958,0.104653,-0.112786,-0.309463,-0.04847,-0.125205,0.210954,-0.079824,-0.116917,1.0,0.098274,0.208561,0.038289,0.011749,0.098996,-0.004447,0.073004,0.051678,0.390988,0.123742,-0.180924,0.20266,-0.06449,0.063289,0.025221,-0.018098,-0.143939,0.084375,-0.00677,0.165553,0.075151,0.269897,0.099536,-0.162657,-0.028273,-0.32836,0.213503,0.215498,-0.40244,0.002953,-0.334062,0.023388,-0.113009,-0.089955,-0.215168,0.05871,-0.132306,0.283421,0.013156,-0.095377,-0.240896,-0.155073,-0.087392,-0.200532,0.139304,-0.018359,0.181817,0.172056,0.135923,-0.187019,-0.111666,0.14105,-0.041512,0.068009,0.129206,0.140132,-0.015455,-0.188882,-0.0614,-0.229274,-0.099289,-0.151078,-0.08138,-0.025398,-0.184816,-0.017695,0.150711,-0.004825,0.224694,-0.341732,-0.153345,-0.260907,-0.096007,-0.024481,-0.066516,-0.163988,-0.092449,-0.003225,0.171114,0.071736,0.057141,-0.043527,-0.209865,0.152129,-0.156787,-0.033663,-0.138641,-0.002226,-0.150102,0.130862,0.185183,-0.237883,-0.302687,0.144022,0.058519,-0.040103,0.037593,-0.0655,-0.064216,0.071133,-0.051723,0.00501,-0.107986,-0.189621,0.139434,0.014807,0.183176,0.051081,-0.009487,-0.33228,0.016294,-0.11748,0.078556,-0.158374,0.035368,-0.270775,-0.133096,0.064316,-0.020852,-0.16845,0.090534,-0.044221,-0.108317,-0.070961,-0.102613,-0.057916,0.250034,-0.019003,-0.024023,-0.212358,-0.109307,-0.216056,-0.211265,-0.298012,-0.005908,-0.082886,0.034885,-0.036993,-0.007732,0.218757,0.206924,-0.149826,0.188496,-0.230197,0.098766,-0.072496,-0.21727,-0.251009,0.315568,-0.010217,-0.117844,-0.221668,-0.169612,0.113385,-0.131526,0.020785,-0.076855,0.0,-0.003482,0.187154,-0.230863,-0.106202,0.177655,0.149255,-0.320831,-0.090882,-0.204422,0.073124,0.102344,-0.034994,0.171285,0.082927,-0.121686,0.060959,0.253779,0.048302,-0.051693,-0.198199,-0.045932,#
