0,1.0,0.129055,-0.095831,-0.137511,0.206893,0.18338,0.009975,0.086903,-0.264266,0.119195,-0.050436,0.045547,0.466106,0.263539,0.009281,0.133624,0.02169,-0.092025,-0.067615,-0.140333,0.154487,0.298445,0.147938,-0.229811,-0.152657,-0.342363,0.017113,-0.333936,0.265955,0.157352,0.16121,0.084415,0.127067,-0.138807,-0.150308,0.143619,0.089037,-0.107448,-0.061874,-0.217982,0.126693,0.112226,-0.035407,0.050924,-0.231591,-0.164387,-0.005654,0.122009,-0.239549,-0.106366,0.020516,-0.219423,0.093486,-0.104509,0.170038,0.027561,-0.185542,-0.046389,0.063742,0.24108,0.47446,0.261219,-0.12291,-0.103672,0.038186,0.148325,-0.153322,0.368432,0.142271,-0.151787,-0.000625,0.046426,-0.411532,-0.178276,-0.506198,0.308561,-0.095057,-0.156777,-0.397127,-0.071839,-0.093372,-0.348553,0.07175,-0.043149,-0.119715,-0.164183,-0.150157,-0.032995,-0.12661,-0.315642,-0.205562,-0.336359,-0.132284,-0.016831,0.050981,-0.147179,-0.072894,-0.160881,-0.124989,0.04878,0.139148,-0.196821,-0.188136,0.02042,-0.016147,-0.278862,-0.03,0.005168,-0.354896,-0.078967,0.120223,0.160298,-0.306963,-0.193771,0.022325,0.134515,-0.348865,-0.326236,-0.023673,-0.148636,-0.31297,-0.059052,0.043926,-0.289902,-0.16118,0.064252,-0.144212,0.050788,-0.075966,0.178421,-0.10987,-0.248547,-0.173844,0.003543,-0.430346,-0.031819,-0.083776,-0.201131,0.253522,-0.254416,-0.117941,-0.009107,-0.138391,0.100525,-0.134727,-0.110684,-0.142469,0.187277,-0.287251,-0.514735,-0.093244,-0.355451,-0.063816,-0.307066,0.143621,-0.097394,0.303057,0.242864,-0.231509,-0.359147,0.018728,-0.298375,0.079033,-0.305538,-0.07215,0.118708,-0.298742,-0.091046,-0.212049,-0.340495,0.037865,0.081344,-0.451953,-0.022668,-0.022046,-0.283195,-0.035167,0.125159,0.202207,-0.002851,0.121158,-0.154273,-0.010129,0.237317,0.226692,-0.101208,0.322201,-0.152454,-0.158137,0.267282,0.002363,0.140037,0.263344,-0.032055,-0.025941,0.114932,-0.017118,-0.286685,0.095412,0.151894,#
1,0.129055,1.0,0.33801,-0.298548,-0.009004,0.143232,0.363909,0.263002,0.228062,0.288536,-0.19692,-0.041872,0.361102,0.307486,0.38207,-0.009688,-0.154651,0.261518,0.156812,-0.075688,-0.184704,0.21261,0.422097,0.010329,0.055787,-0.284642,0.21314,-0.1599,-0.045994,0.150193,-0.255369,0.089513,0.186699,-0.026482,-0.26145,0.363761,0.223402,-0.072053,0.02721,-0.024242,-0.056771,0.264935,-0.05045,0.078565,0.413073,-0.430569,0.272199,-0.016394,0.045884,0.258788,0.06173,-0.303684,-0.021007,-0.243083,-0.198549,-0.233613,-0.183456,-0.402587,-0.139444,-0.09162,0.263381,0.07335,-0.341124,-0.089697,0.307685,0.197899,-0.023965,0.158373,0.391859,-0.041983,0.168351,0.082108,-0.059734,-0.324973,-0.305998,0.362558,-0.309084,-0.498307,-0.175895,-0.177214,0.008396,-0.415675,-0.250548,0.177049,-0.40796,-0.162957,-0.281513,-0.200862,-0.210906,-0.300726,-0.181085,-0.238144,-0.470963,0.004563,-0.241926,-0.097951,0.129542,-0.059143,0.116562,-0.141233,-0.079997,-0.15072,-0.239324,-0.19448,-0.247315,-0.228203,-0.372182,-0.037557,-0.508689,-0.273985,0.254743,0.400481,-0.273675,-0.20271,0.043657,-0.139213,-0.278901,-0.489684,0.145325,-0.408604,-0.306698,-0.428299,-0.475178,-0.271245,-0.321046,-0.066138,0.204062,0.33964,-0.207387,-0.036379,-0.093158,-0.057789,-0.359686,-0.079577,-0.267672,-0.345201,0.194549,-0.064347,0.007601,-0.377835,-0.24099,-0.118093,-0.394942,-0.287248,-0.153171,-0.067826,-0.390138,0.434929,-0.137286,-0.236087,-0.269781,-0.4723,0.02328,-0.23082,-0.208684,-0.260498,0.318929,0.344028,-0.205993,-0.271174,0.191794,-0.038148,0.217797,0.137991,0.004774,0.294815,-0.128654,0.049904,-0.338967,-0.1988,-0.05066,-0.080317,-0.262268,-0.266668,0.199687,-0.162962,-0.101323,0.443345,0.515524,-0.536084,0.388827,0.089821,-0.343949,0.011487,0.218897,-0.07035,0.345021,-0.252914,-0.457631,0.432174,0.101229,0.175935,0.350135,0.375552,-0.145271,0.027402,0.204702,-0.061505,0.338823,0.020074,#
2,-0.095831,0.33801,1.0,0.213778,-0.102119,-0.04412,0.1823,0.071863,0.263524,-0.044852,-0.058747,-0.151969,-0.175283,-0.08863,-0.046993,-0.14631,-0.251534,0.321504,-0.023394,0.127733,0.006862,0.170818,-0.003012,0.042589,0.400247,-0.107645,0.397632,0.202467,-0.038193,-0.045203,0.102693,0.125581,-0.095486,-0.095018,0.128283,0.016495,0.27435,-0.143515,0.169341,-0.194989,0.191042,0.138985,-0.001346,0.061805,0.140735,-0.171239,-0.054556,0.441273,0.192022,-0.051828,-0.18041,0.07173,0.143235,0.051723,-0.222495,-0.086904,-0.105565,-0.317005,-0.295962,0.126425,-0.18533,-0.260899,-0.039928,-0.012985,0.024983,-0.058473,0.230473,0.076708,0.098384,0.377674,0.435342,0.371202,0.117693,0.079404,0.159802,0.004715,-0.06864,-0.348062,0.022648,-0.189223,0.33556,-0.018564,-0.035984,0.2344,-0.163134,0.304842,0.024097,0.06345,0.1084,0.004595,0.046791,0.012275,0.017347,0.166224,0.065317,0.122004,0.389728,0.056462,0.224164,-0.043801,-0.151984,0.172812,0.104692,0.027751,0.088454,0.099357,-0.037727,0.211667,-0.465744,0.106783,0.50732,0.021067,0.025786,0.030357,0.47411,0.011949,-0.158266,-0.146814,0.161404,-0.021504,0.08694,0.06991,-0.02668,0.052573,0.152449,-0.035688,0.163707,0.267244,-0.113555,0.016409,0.475436,-0.080062,0.150276,0.033166,0.167102,0.086738,-0.132375,0.363608,0.307617,0.028598,-0.031787,0.180701,0.004712,-0.196739,-0.045884,0.164487,-0.259345,0.080719,0.283295,0.094038,0.032306,-0.039745,0.230038,-0.015043,-0.015263,0.152373,0.074792,0.102061,0.130189,0.173789,0.335974,0.184497,-0.009516,0.215284,0.062392,-0.14378,-0.013347,-0.00753,-0.018949,0.206143,-0.059128,-0.105934,-0.12006,0.129342,-0.297185,0.231377,0.047462,0.160544,0.128154,-0.293832,0.128537,-0.111121,-0.322918,0.081793,-0.100894,0.180513,0.081007,0.177469,-0.157067,-0.010233,0.389463,-0.014972,0.023247,0.232113,-0.322937,0.181732,-0.130142,0.077285,0.204271,-0.001197,#
3,-0.137511,-0.298548,0.213778,1.0,-0.06769,-0.209808,-0.32955,-0.378439,-0.106168,-0.270655,0.083107,-0.043693,-0.341438,-0.259743,-0.333072,-0.256341,-0.025309,-0.04826,-0.261288,0.349301,0.060951,0.039292,-0.187857,0.120126,0.167179,0.25618,0.073003,0.270069,-0.090161,-0.281078,0.307553,0.059047,-0.044963,-0.128474,0.274282,-0.272514,-0.051973,-0.030035,-0.152735,-0.02153,0.02103,-0.020302,-0.100944,0.097774,-0.076636,0.41015,-0.111556,0.124197,0.109368,-0.185359,0.011901,0.431471,0.082428,0.08927,-0.207234,-0.038856,0.38297,0.137651,0.135773,0.244904,-0.262423,-0.277764,0.155814,-0.206385,0.043666,-0.260515,0.181729,0.077498,-0.101025,-0.040862,0.064443,0.074427,0.24119,0.220719,0.036275,-0.325636,0.217487,0.110331,0.083085,0.032241,0.287013,0.525858,0.282147,0.060582,0.297354,0.190952,0.410899,0.172561,0.173621,-0.100816,0.270696,0.308543,0.407908,-0.134394,0.360658,0.220886,0.254957,0.083319,-0.184295,0.321109,-0.049797,0.320717,0.529429,0.169923,0.389382,0.381044,0.235377,0.021279,0.206395,0.168691,-0.105692,-0.206921,0.218767,0.271509,0.205591,0.039112,0.218769,0.124641,-0.132818,0.3195,0.23504,0.30442,0.583196,0.235437,0.250789,0.19202,0.055995,-0.044534,0.333476,0.342351,0.179444,0.07319,0.286786,0.062149,0.363986,0.346718,-0.019882,0.154842,0.157021,0.467463,0.204335,0.114146,0.185747,0.206017,0.442492,0.284721,0.255134,-0.382369,0.408743,0.278476,0.275497,0.314952,0.140956,0.405785,0.114692,0.315547,-0.308392,-0.274162,0.257062,0.243349,-0.214679,0.166706,-0.134809,0.115697,-0.074446,-0.338839,0.184473,0.105091,0.249623,0.279769,-0.293158,-0.009711,0.391261,0.256646,-0.435199,0.441522,0.21414,-0.056663,-0.496077,0.313095,-0.35787,-0.226185,0.032655,-0.021254,-0.217849,0.18724,-0.175673,0.203949,0.465027,-0.383549,0.311553,-0.124333,-0.202913,-0.211686,-0.059489,-0.016677,-0.363392,0.208127,0.121159,-0.334083,#
4,0.206893,-0.009004,-0.102119,-0.06769,1.0,-0.087821,-0.139934,0.092361,-0.273899,-0.27983,0.07799,-0.028331,0.056612,-0.121593,-0.003947,0.01406,0.095449,-0.12446,0.092232,-0.151432,-0.244045,-0.173254,-0.007417,-0.176601,0.006597,-0.111787,-0.274143,0.040474,-0.013395,-0.064903,-0.155204,-0.248105,-0.114562,-0.098835,-0.049676,0.094065,-0.222561,-0.188918,0.049283,0.258638,-0.062128,-0.341752,-0.141047,-0.052319,-0.110844,0.228063,-0.170801,0.209977,-0.021983,0.006179,0.301487,-0.06899,-0.148074,-0.106665,0.255539,0.090031,-0.038722,0.19616,0.071028,-0.186675,-0.105334,0.151525,-0.053175,0.016513,-0.06595,0.202271,0.213753,-0.138936,0.145667,0.04319,-0.032163,-0.08985,-0.111598,0.133405,-0.111623,0.402999,-0.090798,-0.312138,-0.226892,-0.217231,-0.177895,-0.127368,-0.012341,0.058244,-0.055326,-0.087747,0.071249,-0.003392,-0.181092,-0.069324,0.045681,-0.17691,0.095397,-0.253396,-0.098289,0.03006,0.220038,-0.215504,-0.001054,0.100429,0.118001,-0.212178,-0.025156,-0.157094,-0.173492,0.027126,0.110327,-0.062974,-0.117463,-0.163766,-0.071407,-0.116028,0.101509,-0.10753,-0.074947,-0.037194,-0.159038,0.159406,-0.096117,0.140534,-0.156072,0.027243,0.25668,0.052274,0.166826,-0.084032,0.064756,-0.002187,0.055843,-0.068033,-0.048745,-0.147341,-0.092241,-0.1624,-0.111704,-0.030495,0.045943,-0.122013,-0.138799,0.151153,-0.021799,-0.108688,0.022049,0.165155,-0.01407,-0.148137,-0.261218,0.022711,-0.054274,-0.32763,-0.118744,-0.095681,-0.384207,0.005686,-0.181707,-0.118227,-0.022567,0.018016,-0.028831,0.008146,-0.192642,-0.215541,-0.090241,0.022455,-0.043227,-0.107472,-0.109684,0.039726,-0.118679,-0.077466,0.061924,-0.107243,-0.042318,-0.035357,0.09392,0.044864,0.068309,0.223903,-0.00755,-0.025632,-0.056842,-0.032615,0.240984,0.149606,0.069439,-0.312198,-0.087107,-0.276348,-0.069375,-0.087823,-0.10208,0.060544,0.284036,-0.114714,0.052527,-0.05952,0.077636,0.024939,-0.292948,0.052609,#
5,0.18338,0.143232,-0.04412,-0.209808,-0.087821,1.0,0.223179,0.344823,-0.097632,0.065734,0.156686,0.118184,0.123809,0.102733,0.061626,0.181193,0.330686,0.134018,-0.080403,0.021804,0.000797,0.358512,0.195904,0.058587,-0.16758,-0.245921,-0.024298,-0.33795,-0.013055,-0.225967,-0.059966,0.094187,-0.012079,-0.03176,-0.189743,-0.095558,0.043919,0.087178,0.014063,-0.224963,-0.018697,0.282424,0.026019,0.175956,0.092876,-0.189841,-0.039975,0.068506,0.13523,-0.080213,-0.069727,0.010076,0.095635,-0.007165,0.153922,0.085462,-0.164715,-0.306414,-0.09063,-0.196677,0.293386,-0.086828,-0.266261,0.152937,0.073643,0.180892,-0.130649,0.197513,0.221655,0.130006,0.001654,0.43974,-0.150631,-0.009051,-0.252571,0.131391,-0.363603,0.003154,-0.104916,-0.01745,0.302337,-0.209954,-0.028022,-0.273658,-0.156501,-0.067271,-0.060123,-0.108396,-0.11118,-0.288702,-0.069748,-0.219576,-0.195927,0.123698,-0.066816,-0.071052,-0.050384,-0.279342,0.120795,-0.153363,-0.036717,-0.097438,-0.127702,-0.139778,-0.124188,-0.264868,-0.134001,-0.061264,-0.225332,-0.217924,0.074835,0.013893,-0.198576,-0.180996,0.032017,-0.195244,-0.50631,-0.047916,0.180217,-0.268471,-0.190196,-0.454835,-0.022331,-0.507697,-0.119611,0.041898,-0.09628,0.03705,-0.158606,0.121476,-0.048062,0.042752,-0.095578,0.007431,-0.174071,-0.061645,0.139484,-0.298744,-0.066758,-0.361208,-0.20587,-0.102272,-0.345072,0.07183,-0.069592,-0.027998,-0.096703,0.073072,-0.105607,-0.136616,-0.029197,0.025165,-0.119832,-0.040806,0.076635,-0.311139,0.063539,0.232959,-0.264518,-0.083423,0.111781,-0.049813,-0.196066,0.118063,-0.036772,0.323792,0.062899,-0.05703,-0.069903,-0.025371,0.136935,-0.200173,-0.340415,0.016368,0.196318,-0.278501,-0.034978,-0.052224,0.183793,-0.196769,0.15331,0.164212,-0.014582,-0.00278,0.097141,0.141911,-0.046555,0.116806,-0.180055,0.026644,-0.06755,-0.072201,0.223157,-0.230909,-0.05082,0.093723,0.243627,-0.186359,-0.169104,0.12705,#
6,0.009975,0.363909,0.1823,-0.32955,-0.139934,0.223179,1.0,0.509608,0.31433,0.433593,0.023983,-0.01314,0.329093,0.039983,0.231986,0.12107,-0.059135,-0.086676,0.218016,-0.294461,-0.250298,0.236146,0.108551,0.068358,-0.034516,-0.172187,0.332871,-0.096099,0.353848,0.070454,-0.408895,-0.137662,0.054741,0.08313,-0.123887,0.197797,-0.114089,-0.033655,0.138135,-0.091459,-0.1358,0.173017,0.05128,-0.27891,-0.037504,-0.306793,-0.009055,-0.12804,0.046748,0.225699,-0.189601,-0.18585,-0.075238,-0.119523,0.08089,0.030165,-0.049255,-0.280319,-0.257054,0.155373,0.251932,-0.009569,-0.192857,0.246511,0.148875,0.273832,0.137392,0.103405,0.394183,-0.077198,0.1778,0.042346,-0.266828,-0.423582,-0.085892,0.356427,-0.110497,-0.269286,-0.036377,-0.037544,-0.208839,-0.28931,-0.380562,-0.14322,-0.189488,0.228877,-0.155717,-0.142415,-0.109232,-0.259876,-0.249275,-0.273935,-0.353223,0.017194,0.000913,-0.233817,0.038213,-0.061686,0.130092,-0.417355,-0.012554,-0.137647,-0.186649,-0.170165,-0.266602,-0.172467,-0.395892,-0.013423,-0.377607,-0.232511,-0.141953,0.206932,-0.278164,-0.420673,-0.06313,-0.145604,-0.08385,-0.08207,-0.088948,-0.156231,-0.084702,-0.319021,-0.241206,-0.44217,-0.310166,-0.067134,0.148354,0.35226,-0.257339,-0.19045,-0.234103,-0.443435,-0.469678,0.180264,-0.03427,-0.107368,0.106296,-0.132712,-0.169557,-0.440003,-0.027723,-0.02826,-0.298602,-0.127251,-0.165114,-0.265484,-0.266857,0.551487,-0.159156,-0.142898,-0.07513,-0.202804,0.018571,-0.268676,-0.136999,-0.318552,0.05572,0.191887,-0.21836,-0.149206,0.100494,-0.003976,0.073377,0.053704,0.080791,0.127862,0.001623,0.06718,-0.236884,0.309083,0.391935,-0.170389,-0.230721,-0.08251,0.344696,-0.171711,0.132044,0.121258,0.357853,-0.306212,0.41379,0.314528,0.054141,-0.056454,0.334704,-0.028284,0.109588,-0.007022,-0.2181,0.388787,-0.05003,0.134208,0.206834,0.141196,-0.125222,0.111273,0.066563,-0.183761,-0.178353,-0.039296,#
7,0.086903,0.263002,0.071863,-0.378439,0.092361,0.344823,0.509608,1.0,0.114253,0.277714,-0.024223,-0.129718,0.405388,0.230565,0.04467,0.226212,-0.086247,-0.021888,0.229034,-0.025113,0.050503,0.180815,0.011052,0.270623,0.093537,-0.107195,0.036613,-0.289389,0.165594,0.029718,-0.146902,-0.086204,0.238113,0.105748,-0.267363,0.0105,0.075752,0.039274,0.243461,-0.255378,-0.014484,0.18099,-0.061561,0.057854,-0.222746,-0.351737,0.126511,-0.112765,0.198268,-0.027566,-0.27448,0.001483,0.130946,-0.032941,0.082133,0.102081,-0.118562,-0.276547,-0.272564,0.020631,0.253333,0.009254,-0.320116,0.237665,0.058089,0.283259,0.140727,0.162833,0.253397,-0.052865,0.294635,0.161861,-0.347228,-0.162563,0.017787,0.262795,-0.058909,-0.012577,0.146834,-0.02355,-0.004624,-0.16538,-0.105755,0.071444,-0.296309,0.149686,0.040968,0.157395,0.020645,-0.073963,-0.296497,-0.228544,-0.329313,0.176338,-0.117874,0.050265,0.189756,-0.031376,0.418043,-0.319887,-0.009536,-0.016115,-0.066081,-0.137232,0.08513,0.000311,-0.217042,0.005126,-0.27325,-0.370083,0.089931,0.23111,-0.068901,-0.226591,0.176937,0.018585,-0.142424,0.016901,0.08224,-0.139185,-0.147287,-0.405788,-0.118481,-0.286383,-0.135733,0.068327,0.069154,0.056778,-0.265338,-0.069242,-0.184831,-0.08993,-0.170473,-0.051345,-0.1578,-0.098832,0.333844,-0.034477,-0.159489,-0.295694,0.074066,0.135118,-0.23372,-0.029848,-0.11274,-0.142462,-0.131153,0.260917,-0.033851,-0.373605,-0.125517,-0.036011,-0.087233,-0.082496,-0.095781,-0.209596,0.347571,0.089822,-0.058004,-0.046435,0.019925,0.183425,-0.145477,-0.052036,0.169472,0.031358,0.189699,-0.263519,-0.361092,0.224387,0.123641,-0.214393,-0.211475,0.04753,0.281946,-0.127637,0.305861,-0.098687,0.292998,-0.29376,0.316717,0.250354,0.059191,-0.139164,0.246869,0.16598,0.111804,-0.104727,-0.141939,0.276301,0.051339,-0.135035,0.203302,-0.194936,-0.244796,-0.066506,0.15773,-0.19101,-0.039759,0.053182,#
8,-0.264266,0.228062,0.263524,-0.106168,-0.273899,-0.097632,0.31433,0.114253,1.0,0.195622,-0.175934,-0.119595,0.119059,0.09214,0.18905,-0.24197,-0.024796,0.201792,0.092146,-0.263729,-0.149092,0.105474,0.135916,0.220022,0.108385,0.1765,0.367883,0.267746,0.075858,0.141846,-0.109528,-0.047017,-0.004065,-0.004911,0.113562,0.150941,0.133206,-0.221003,0.212905,-0.108819,0.13317,-0.202731,0.114159,0.077084,0.288641,-0.234167,-0.13869,-0.015375,0.146261,0.226681,-0.14385,-0.19573,-0.076586,0.050605,-0.273953,0.187365,0.141905,-0.254486,-0.010421,0.188114,-0.084749,-0.115458,-0.021026,0.113976,0.163927,0.06276,0.107527,0.040029,0.126435,0.11215,0.182533,0.085808,-0.00417,-0.155891,0.10638,0.032542,0.000168,-0.096068,0.069679,-0.167314,-0.060131,0.023719,-0.190951,-0.060593,-0.056518,0.305631,-0.001246,-0.063231,-0.010509,-0.045008,0.003698,0.165526,-0.299121,0.273864,0.128133,-0.04757,0.130669,-0.014462,-0.0313,-0.227776,0.089564,0.250133,0.011872,0.205579,-0.165564,-0.206005,-0.060812,0.016594,-0.097676,0.000289,0.106916,0.078963,0.064272,-0.351418,0.094415,0.075341,0.101464,-0.144544,0.111923,-0.033961,0.044145,-0.129108,-0.194445,-0.103258,-0.008168,-0.037035,0.065287,-0.001675,-0.222141,-0.229697,-0.038018,-0.039778,-0.226604,0.065589,0.105799,0.05315,0.117782,0.074724,-0.251246,-0.167829,-3.5e-05,0.015142,-0.063059,-0.271715,-0.301225,-0.284072,-0.196181,0.243318,0.057781,0.038411,0.070915,-0.1502,0.217723,-0.196478,0.026019,-0.103687,0.242428,0.224518,-0.020623,0.100176,0.076224,0.257758,0.240601,-0.214024,0.10429,0.041966,-0.024129,-0.002825,-0.198036,0.207958,-0.072788,0.042884,3.1e-05,0.121122,0.097962,0.132675,-0.100107,0.180902,0.35084,-0.354047,0.201845,0.218373,-0.180752,-0.152675,-0.041486,0.067702,0.002184,0.010467,-0.148075,0.128229,-0.070795,-0.0803,0.09129,0.174436,-0.183686,0.35379,0.138491,-0.073287,0.044657,0.018246,#
9,0.119195,0.288536,-0.044852,-0.270655,-0.27983,0.065734,0.433593,0.277714,0.195622,1.0,-0.332229,0.10657,0.453417,0.492826,0.323471,0.317608,-0.282494,0.210096,0.162057,-0.091496,-0.23737,0.358478,0.291692,0.131819,0.038209,-0.099851,0.285546,-0.090825,0.153684,0.477302,-0.149636,0.133803,0.177614,-0.119783,-0.362294,0.217062,-0.064837,-0.025144,0.119186,-0.213364,0.071756,0.132033,0.093595,-0.082068,-0.045712,-0.510089,0.234231,0.016066,-0.245195,0.230089,-0.156857,-0.092905,0.070834,-0.273235,0.064278,-0.094345,0.007051,-0.326267,-0.050146,0.044503,0.392792,0.110079,-0.376178,0.022794,0.220463,0.19739,-0.105078,0.290383,0.070376,-0.078113,-0.013673,-0.000488,-0.260425,-0.297577,-0.045493,0.235098,0.012477,-0.186174,-0.007308,0.0744,-0.14418,-0.357943,-0.342302,0.031722,-0.209088,-0.007381,-0.307792,-0.058325,0.084122,-0.213415,-0.240551,-0.219099,-0.29543,0.292288,0.142364,-0.108895,-0.114176,0.059051,0.144361,-0.293244,-0.14083,-0.100699,-0.225494,0.039935,-0.067262,-0.11866,-0.448902,-0.085411,-0.175518,-0.418278,0.037183,0.376093,-0.076421,-0.266762,-0.280246,-0.242476,-0.248605,-0.141007,0.356629,-0.424298,-0.043363,-0.354791,-0.251423,-0.436294,-0.489653,0.138705,0.142107,0.118869,-0.161138,-0.237876,-0.197507,0.131534,-0.38578,-0.019988,-0.377453,-0.319276,-0.015756,-0.190285,0.075055,-0.395124,0.022312,-0.191748,-0.394688,-0.370574,-0.207223,-0.056601,-0.088873,0.319353,-0.34138,-0.317278,-0.304646,-0.436881,0.049783,-0.350116,-0.043842,-0.168878,0.285519,0.418069,-0.199745,-0.25904,0.149018,-0.119938,-0.000709,0.119164,0.311081,0.352629,-0.296735,-0.064073,-0.480025,0.024675,0.03731,0.018067,-0.254831,-0.040689,0.322195,-0.380849,-0.107861,0.061431,0.480572,-0.326142,0.360488,0.118252,-0.361103,-0.324527,0.282327,-0.018427,0.392455,-0.068412,-0.333107,0.288553,0.06228,-0.091575,0.166293,0.435297,-0.111669,-0.051782,-0.047813,-0.08681,0.328244,0.183528,#
10,-0.050436,-0.19692,-0.058747,0.083107,0.07799,0.156686,0.023983,-0.024223,-0.175934,-0.332229,1.0,-0.167505,-0.208206,-0.469077,-0.127546,0.083628,0.107713,-0.196021,0.099729,-0.231903,-0.019002,-0.058617,-0.179513,-0.008688,-0.004526,-0.027326,-0.297926,-0.043046,-0.019203,-0.426943,0.16881,-0.046457,-0.29521,-0.151867,0.415308,-0.164159,0.085993,0.119534,-0.008637,0.220546,-0.093918,-0.164734,0.018639,-0.048455,-0.002563,0.287284,-0.344134,0.048405,0.179531,-0.185694,0.031013,0.270592,-0.053453,0.089264,0.103004,0.099002,-0.222253,0.270572,-0.098212,-0.122785,-0.181538,0.086266,0.0311,-0.141309,0.110043,-0.249598,0.025899,-0.155304,0.266982,0.154651,0.079373,-0.112338,0.062575,0.061835,-0.09169,0.060812,-0.124727,0.102493,-0.051726,-0.213139,0.111654,0.233312,0.047674,-0.160347,0.067721,0.103421,0.26961,-0.105158,-0.097078,0.091198,-0.115614,-0.043492,0.088029,-0.211621,-0.198632,0.103522,-0.124576,-0.245731,0.069508,-0.028767,-0.064992,-0.151651,0.129205,-0.17306,-0.043135,-0.179309,-0.019942,-0.007445,-0.033536,0.291818,-0.105171,-0.154785,-0.075897,-0.042807,0.058676,-0.180673,-0.001066,-0.033403,-0.048012,0.308543,-0.154541,0.091121,0.081973,-0.028779,-0.11047,0.070642,-0.021057,0.186569,-0.114589,0.008734,0.061032,-0.07552,0.040678,0.141068,0.214066,0.133735,-0.14819,0.034084,-0.188076,0.111168,-0.044596,0.294845,0.007527,0.145552,0.229485,0.020959,-0.19954,0.067031,0.167821,0.164824,0.01351,0.244494,-0.059455,0.022783,-0.035706,-0.054645,-0.439544,-0.293804,-0.111785,0.161653,-0.092376,0.132367,0.06986,0.154938,-0.163118,-0.178228,0.141782,0.057915,0.130549,0.095658,0.264135,-0.090117,0.12065,0.051425,-0.105762,0.053777,0.152475,0.023912,-0.374575,0.24124,-0.030306,0.0866,0.313183,0.276232,-0.097081,-0.069304,-0.281526,-0.078075,0.25308,-0.010717,-0.273675,0.06959,0.207433,-0.495494,0.201772,0.016868,0.161631,0.032052,-0.226207,-0.129205,#
11,0.045547,-0.041872,-0.151969,-0.043693,-0.028331,0.118184,-0.01314,-0.129718,-0.119595,0.10657,-0.167505,1.0,-0.001152,0.036541,-0.002047,0.06896,0.155893,0.136831,-0.018853,-0.079787,0.188557,-0.061965,-0.154276,-0.231868,0.066068,-0.118374,-0.153494,0.025375,-0.06226,-0.113735,-0.087829,-0.150796,-0.058807,0.010544,-0.083532,0.176665,-0.326043,-0.010945,-0.101037,0.028641,-0.010154,0.132692,-0.093719,-0.326837,-0.14977,0.132949,-0.157648,0.077564,-0.07846,0.234527,0.074094,-0.101236,-0.093638,0.140713,-0.038196,0.055862,-0.091448,-0.131933,0.017044,0.054874,-0.050538,0.097392,0.117619,-0.279922,0.063528,-0.037095,-0.122432,-0.140524,-0.17631,-0.023718,-0.048516,-0.028688,-0.037348,0.113115,-0.127653,0.023313,-0.24722,-0.02154,-0.081847,0.079954,-0.001041,0.03488,-0.047958,-0.37771,0.111371,-0.243338,-0.161062,0.10064,-0.14389,0.232494,0.02281,-0.077496,-0.028536,0.026911,0.010914,0.06898,-0.126063,0.034691,-0.07393,-0.05116,0.21665,0.103938,-0.33431,-0.003439,-0.153514,0.122155,-0.0527,0.139806,0.173188,0.051513,-0.175268,-0.083236,-0.108628,-0.155307,-0.00696,-0.111912,0.067653,0.163981,0.163964,-0.016652,0.228182,-0.179917,-0.039131,0.094624,-0.019809,-0.151741,-0.065355,-0.011739,0.174411,-0.111207,-0.043911,0.155474,-0.164824,0.213565,0.089706,-0.260819,0.087337,-0.153047,-0.041357,0.082916,-0.046684,-0.088685,-0.028622,0.112866,-0.06739,0.129898,-0.029977,-0.168472,-0.198538,-0.035131,-0.063322,0.120261,-0.163261,0.152294,0.022429,0.198564,-0.053024,0.264654,-0.166878,-0.214759,-0.16725,-0.339826,0.076681,-0.013361,-0.113708,0.125003,-0.055254,0.070461,0.276816,0.05109,-0.039214,0.377911,0.006234,-0.161861,-0.059267,-0.094776,-0.239208,0.003153,0.004355,0.030231,-0.060607,-0.018928,-0.055313,-0.070643,0.111876,-0.078162,0.03429,0.348065,0.049929,-0.02626,-0.114259,0.187497,-0.008896,0.09397,-0.197331,-0.277821,0.286428,-0.234251,-0.022534,0.190144,#
12,0.466106,0.361102,-0.175283,-0.341438,0.056612,0.123809,0.329093,0.405388,0.119059,0.453417,-0.208206,-0.001152,1.0,0.495234,0.196228,-0.023826,-0.049839,0.040976,0.163389,-0.083405,-0.114979,0.228396,0.410817,0.035717,-0.268749,-0.282649,0.109241,-0.181158,0.117478,0.30754,-0.029209,0.100877,0.228497,-0.145273,-0.329557,0.317616,0.175478,-0.071946,-0.088615,-0.250225,0.040939,0.161227,0.173354,0.042868,-0.089643,-0.473289,0.225272,-0.039416,-0.095394,0.094336,-0.216067,-0.024854,0.154117,-0.000815,0.188545,0.175846,-0.135775,-0.25196,0.128529,0.137485,0.556146,0.147506,-0.217437,0.138551,0.087297,0.393087,-0.155292,0.289572,0.305539,-0.198858,0.139641,-0.079577,-0.488202,-0.384109,-0.277288,0.398692,0.033215,-0.100605,-0.038894,-0.213938,-0.176746,-0.340746,-0.2492,-0.079412,-0.29716,-0.106194,-0.093589,0.104318,-0.13893,-0.397021,-0.273393,-0.346034,-0.480251,0.153076,-0.127825,-0.201772,0.009071,-0.154307,-0.017316,-0.354869,0.028799,-0.111435,-0.093628,0.008677,-0.104001,-0.188235,-0.347222,-0.22534,-0.232639,-0.358401,0.031153,0.320942,-0.244372,-0.302037,-0.186604,-0.142577,-0.138826,-0.332732,0.039778,-0.405085,-0.114329,-0.451728,-0.233131,-0.44173,-0.211713,-0.026759,0.071814,0.254869,-0.08242,0.012883,-0.425068,0.015747,-0.403814,0.016372,-0.387798,-0.088192,0.00818,-0.41679,-0.055155,-0.314957,-0.044637,-0.046703,-0.370424,-0.190342,-0.018615,-0.004301,-0.302747,0.32684,-0.241245,-0.614571,-0.164825,-0.400486,0.021091,-0.328636,-0.087751,-0.355947,0.341303,0.435572,-0.125771,-0.41776,0.043704,-0.168196,-0.006483,-0.090357,0.233448,0.388474,-0.156338,-0.04308,-0.400809,-0.037758,-0.005259,0.05881,-0.335165,-0.042114,0.423345,-0.415381,0.037475,0.172258,0.489551,-0.375018,0.244249,0.216151,-0.033418,0.051015,0.319071,-0.16101,0.401045,-0.249615,-0.338203,0.455863,0.072585,0.084674,0.354249,0.152042,-0.001606,-0.015881,0.092962,-0.150482,0.149587,0.196993,#
13,0.263539,0.307486,-0.08863,-0.259743,-0.121593,0.102733,0.039983,0.230565,0.09214,0.492826,-0.469077,0.036541,0.495234,1.0,0.366007,0.129342,-0.300182,0.360578,0.219078,0.026971,0.058868,0.351207,0.555723,0.269202,0.005356,0.012405,0.288377,-0.093103,0.109252,0.547213,-0.033117,0.153328,0.277689,-0.007938,-0.314844,0.252837,0.119422,-0.209951,0.059313,-0.279983,0.006711,0.3196,0.252549,0.164615,-0.006919,-0.529209,0.403728,-0.219396,-0.233934,0.095668,-0.073634,-0.169385,0.161003,-0.039701,0.064303,0.051853,-0.109589,-0.26199,0.037619,0.15374,0.455831,0.069584,-0.315567,0.130659,0.021413,0.265095,-0.197033,0.423351,-0.153105,-0.080839,-0.151448,0.181902,-0.347052,-0.153707,-0.281482,0.026884,-0.041854,-0.248736,-0.14788,-0.006133,-0.050486,-0.402955,-0.259206,0.168364,-0.28532,-0.20041,-0.261703,-0.016939,0.040747,-0.318013,0.022198,-0.29771,-0.362927,0.195771,-0.014257,-0.166551,-0.212245,-0.028784,-0.113923,-0.207445,0.110683,-0.131329,-0.196477,-0.201874,-0.1391,-0.055044,-0.119582,-0.154411,-0.086456,-0.319952,0.075447,0.328676,-0.148527,-0.116756,-0.049824,-0.037837,-0.267737,-0.304513,0.255387,-0.445564,-0.221583,-0.410707,-0.179321,-0.275026,-0.345462,-0.029336,0.036152,-0.024962,-0.181745,-0.03045,-0.126402,0.186655,-0.335702,-0.201811,-0.630055,-0.310641,0.192253,-0.215069,0.100057,-0.364383,-0.031055,-0.323595,-0.276892,-0.346262,-0.369195,-0.124295,0.013335,0.173739,-0.442343,-0.380862,-0.248035,-0.405585,-0.052404,-0.303667,-0.063689,-0.142124,0.405831,0.349966,-0.059629,-0.234635,0.145462,-0.114676,-0.061162,-0.096377,0.152729,0.306936,-0.226711,0.071503,-0.23256,-0.075808,-0.168264,0.031926,-0.338242,-0.210094,0.222044,-0.374358,-0.090798,0.034243,0.569636,-0.397025,0.370115,0.026596,-0.305328,-0.087574,0.302165,0.124212,0.314536,-0.281466,-0.340256,0.338769,-0.032769,-0.071869,0.08314,0.255609,-0.225456,-0.16951,0.16661,-0.210442,0.35184,0.109595,#
14,0.009281,0.38207,-0.046993,-0.333072,-0.003947,0.061626,0.231986,0.04467,0.18905,0.323471,-0.127546,-0.002047,0.196228,0.366007,1.0,0.126176,-0.212049,0.148637,0.407324,-0.122669,-0.147765,0.150315,0.220419,0.189437,-0.050312,0.010493,0.057393,0.152371,0.225152,0.230177,-0.242376,-0.043998,-0.095264,0.097848,-0.114476,0.209544,-0.092375,-0.13383,0.157097,0.003823,-0.129979,0.200261,0.074642,0.103676,0.42836,-0.181557,0.205201,-0.040558,0.034658,0.014419,0.095909,-0.212162,-0.124075,-0.144488,0.12618,-0.081918,-0.141708,-0.16317,-0.191389,-0.174701,0.166348,0.044859,-0.220445,0.296516,0.154638,0.05056,-0.230315,0.05886,-0.032301,-0.165179,-0.116282,-0.061961,0.076718,-0.327859,-0.2448,0.170967,-0.036578,-0.199339,-0.200254,-0.133011,-0.13213,-0.562307,-0.503534,0.172311,-0.339395,-0.038899,-0.199587,-0.145016,-0.252747,-0.1408,-0.001614,-0.206967,-0.127171,0.126396,-0.222539,-0.208146,-0.358062,-0.09779,-0.23456,-0.096528,0.120907,-0.263508,-0.283237,-0.294739,-0.292778,-0.247983,-0.403959,-0.012635,-0.259619,-0.154803,-0.110975,0.309658,-0.356006,-0.260947,-0.245376,-0.104302,-0.140796,-0.222004,0.024706,-0.266272,-0.132394,-0.218507,-0.424185,-0.190888,-0.299282,-0.396848,-0.020627,0.142292,-0.34563,-0.215364,-0.013159,0.03504,-0.546796,-0.069102,-0.378968,-0.278713,0.175254,-0.005823,-0.060051,-0.361529,-0.247877,-0.135005,-0.143372,-0.198993,-0.404324,-0.208237,-0.159216,0.233487,-0.420897,-0.059253,-0.34029,-0.486756,-0.033321,-0.294367,-0.131851,-0.437027,0.066111,0.18019,-0.342005,-0.15124,0.174327,-0.186416,0.239573,0.10307,-0.145661,0.245544,-0.182891,0.190798,-0.105967,-0.146069,0.210843,0.135998,-0.17411,-0.160525,0.447056,-0.226925,-0.272773,0.188872,0.354679,-0.234867,0.423988,0.015096,-0.083666,0.110429,0.376098,-0.232903,0.114307,-0.208097,-0.247874,0.184927,-0.129625,0.22856,0.349496,0.312224,0.024795,0.020115,0.218506,-0.112208,-0.004568,0.092834,#
15,0.133624,-0.009688,-0.14631,-0.256341,0.01406,0.181193,0.12107,0.226212,-0.24197,0.317608,0.083628,0.06896,-0.023826,0.129342,0.126176,1.0,-0.091225,0.095579,0.178306,0.033831,0.076864,-0.07939,0.1398,-0.08572,0.007615,0.050579,-0.031863,-0.13859,0.177048,0.129876,0.012867,-0.064728,0.185243,-0.026388,-0.045542,0.003475,0.011578,0.132386,0.120499,0.084967,-0.021308,0.009689,-0.301935,-0.005371,0.016266,-0.067069,0.083122,-0.003874,-0.201095,0.081601,0.223296,0.018851,-0.018143,-0.031996,0.24732,-0.048189,-0.256379,-0.130401,-0.358564,-0.106201,0.116975,0.159031,-0.235133,0.062785,0.009364,0.059961,-0.231899,0.127278,-0.156528,0.103876,-0.14233,-0.071942,-0.099994,0.069786,-0.109079,0.129675,-0.171765,-0.127296,-0.083994,0.092922,0.041273,-0.241599,-0.004791,0.2159,0.068175,-0.215909,-0.211628,-0.148562,-0.017932,-0.046186,0.033341,-0.049844,-0.037483,0.107515,-0.093491,0.151853,-0.176406,-0.266401,0.005052,-0.154875,-0.129182,-0.153157,-0.407474,-0.079619,-0.041096,-0.212984,-0.23925,0.19694,-0.007682,-0.039875,-0.069304,0.050399,-0.076831,-0.249079,0.094569,-0.012103,-0.139063,-0.14167,0.189833,-0.171783,-0.231904,-0.038543,-0.061086,-0.204126,-0.341067,0.095802,-0.067962,-0.036779,-0.291154,-0.289283,-0.084049,0.104454,-0.100504,-0.042152,-0.196638,-0.228058,0.014157,-0.070773,-0.068744,-0.366072,0.100972,0.119745,0.018974,0.024352,-0.113766,-0.118516,0.141473,0.137433,-0.169517,-0.233398,-0.094587,-0.007984,-0.090776,0.009473,0.058046,-0.005332,0.081857,0.131222,-0.324622,0.114158,0.236706,-0.119661,-0.010241,-0.019016,-0.238839,-0.045592,-0.016722,-0.013303,0.013047,-0.140189,0.185692,-0.169291,-0.113538,-0.20432,-0.077454,-0.108652,-0.119605,-0.049109,0.099761,-0.067128,0.196999,-0.05495,-0.097406,-0.000512,0.250879,-0.08853,0.219928,0.020552,-0.270183,0.006503,-0.096642,-0.067633,0.128515,0.025124,-0.17995,-0.244961,0.109586,-0.205529,-0.010321,0.110576,#
16,0.02169,-0.154651,-0.251534,-0.025309,0.095449,0.330686,-0.059135,-0.086247,-0.024796,-0.282494,0.107713,0.155893,-0.049839,-0.300182,-0.212049,-0.091225,1.0,-0.153534,0.053065,-0.15276,0.036985,-0.289837,-0.11693,-0.331308,-0.159812,-0.152214,-0.259453,-0.080983,-0.101421,-0.159888,-0.054112,0.059353,0.084706,0.047864,0.069646,0.149281,0.098547,-0.10563,-0.313803,0.134753,0.061434,-0.191046,-0.051575,0.161376,0.015492,0.15112,-0.270454,0.051025,0.074191,0.036777,0.034138,0.024965,0.099004,-0.080395,0.043961,0.053119,-0.048892,0.07585,0.097419,-0.131923,-0.138209,0.176901,0.351781,-0.012857,-0.174464,0.019234,-0.109654,-0.042001,0.161212,-0.081661,-0.060465,0.022384,0.03409,-0.090881,-0.005356,0.078082,-0.178332,0.082701,-0.047701,-0.056759,0.009465,0.087305,0.080688,-0.39201,-0.00549,-0.157277,-0.121865,0.055266,-0.056912,-0.221934,-0.094526,0.088683,-0.040198,-0.137304,-0.111664,-0.155472,-0.04962,-0.205376,-0.291493,-0.113733,0.112917,-0.025101,-0.07028,0.022611,0.093603,-0.094238,0.125141,-0.040858,0.069341,0.040499,-0.039322,-0.100479,0.001609,-0.074457,-0.036625,-0.05478,-0.194872,0.142693,-0.158413,0.08944,-0.116091,-0.059506,0.049595,-0.199581,0.14901,-0.179463,-0.304664,-0.156007,0.032441,-0.054606,-0.148446,-0.102506,0.037781,0.191992,0.091661,0.037886,0.138793,-0.313494,-0.078403,0.049183,-0.279025,0.17931,-0.060159,0.239518,0.139746,-0.016323,-0.106507,-0.001838,-0.039762,-0.067853,-0.093957,0.171195,-0.001746,0.072442,-0.133505,-0.258122,-0.201169,0.120585,-0.186792,0.162371,-0.151741,-0.048664,0.167548,-0.108818,-0.097651,0.13398,0.145443,-0.067389,0.077746,-0.165145,-0.13717,0.031797,-0.117576,-0.032042,0.059567,-0.130651,-0.087161,0.119646,-0.201509,0.074365,-0.420479,0.077451,0.363001,0.079513,-0.128695,-0.000589,-0.075638,0.242017,0.174559,-0.195149,0.009014,0.176258,0.186066,-0.207207,0.116904,0.309548,0.15261,-0.034523,-0.410417,-0.175911,#
17,-0.092025,0.261518,0.321504,-0.04826,-0.12446,0.134018,-0.086676,-0.021888,0.201792,0.210096,-0.196021,0.136831,0.040976,0.360578,0.148637,0.095579,-0.153534,1.0,0.009755,0.349118,-0.036036,0.347492,0.158709,0.090565,0.190589,0.19251,0.080438,0.069639,-0.125914,0.144227,0.156296,0.156243,0.087762,-0.027561,-0.019859,0.087616,0.095563,-0.036497,0.025926,-0.24373,0.054715,0.123046,0.075527,0.06933,-0.000647,-0.384347,0.106324,0.265415,0.111805,-0.096114,0.028207,-0.169848,-0.048613,-0.07611,-0.13067,0.008471,-0.170193,-0.342156,-0.186888,-0.171239,0.060192,-0.10603,-0.152469,0.002902,-0.113411,0.169742,0.002669,0.200267,0.034226,0.521949,0.166688,0.292783,-0.186223,-0.00047,0.087027,-0.157118,0.168795,-0.170324,0.116201,-0.154319,0.359178,-0.055459,-0.029327,0.100147,0.020378,0.090008,0.077448,0.091459,0.127588,0.076049,0.225249,0.072156,-0.01193,0.511034,0.003928,0.235093,0.273861,-0.081861,-0.009546,-0.25648,-0.110482,0.173089,0.010519,0.291908,-0.152175,0.053179,-0.087142,-0.194627,-0.127687,-0.064531,0.331606,0.097621,0.086327,0.030531,0.166007,0.103531,-0.078645,-0.181097,0.579812,-0.374268,0.097144,-0.29172,-0.119676,-0.04675,-0.042883,0.086628,0.05725,0.085134,0.094315,0.113112,0.216839,0.252462,-0.011008,-0.145033,-0.087873,-0.032436,0.043218,-0.099745,0.096163,-0.013895,0.073902,-0.162512,-0.175282,-0.411403,-0.257027,0.029984,0.103025,-0.047169,0.122428,-0.023217,-0.20725,-0.111128,0.279564,-0.09244,-0.080868,-0.097867,0.244263,0.343075,-0.02929,0.006364,0.053792,0.227737,-0.023131,0.089949,0.029508,0.295701,0.138734,-0.063167,0.031077,0.202693,-0.284304,-0.141827,-0.187613,-0.017207,0.060604,-0.024185,0.035005,-0.125097,0.351083,-0.356927,0.234341,-0.07309,-0.491467,-0.167047,-0.101892,-0.103771,0.159111,0.198335,-0.361762,-0.105116,0.138752,-0.20165,-0.058472,0.187814,-0.339693,-0.078359,0.068124,0.088477,0.40247,0.165125,#
18,-0.067615,0.156812,-0.023394,-0.261288,0.092232,-0.080403,0.218016,0.229034,0.092146,0.162057,0.099729,-0.018853,0.163389,0.219078,0.407324,0.178306,0.053065,0.009755,1.0,-0.297673,0.084059,-0.11373,0.041179,-0.034666,0.073717,0.070955,0.085113,0.185845,0.037449,0.129695,-0.132276,0.069965,0.093023,0.009579,0.117973,0.134668,0.160239,-0.090321,-0.029016,-0.035204,0.018705,0.19884,0.135192,0.094953,0.096619,-0.090627,0.062438,-0.216039,0.141529,-0.004392,-0.00767,0.002255,0.019046,-0.078859,0.319425,0.049458,-0.347364,-0.050656,-0.109556,-0.150638,0.080876,0.069198,-0.055575,0.440356,0.057665,0.148411,-0.065905,0.085115,0.117168,-0.183116,-0.067214,-0.172907,-0.063993,-0.118082,-0.03255,0.25195,-0.047971,-0.101639,0.084586,-0.284066,-0.180923,-0.304011,-0.412423,0.014198,-0.328442,-0.10408,-0.248785,-0.00793,-0.116351,-0.119334,-0.194233,-0.279176,-0.142795,-0.206442,-0.3844,-0.151568,-0.110155,-0.254536,-0.119711,-0.213525,-0.015639,-0.077348,-0.116079,-0.37412,-0.050881,-0.000758,-0.196468,-0.091417,-0.049069,-0.059031,-0.078976,0.161186,-0.172696,-0.201614,-0.062893,-0.103103,-0.157723,-0.146149,-0.121744,0.078361,-0.265375,-0.160122,-0.373934,-0.266371,-0.174365,-0.191639,0.060671,0.182118,-0.269085,-0.246687,-0.079951,-0.140802,-0.258998,0.004173,-0.114576,-0.206595,0.153349,-0.140589,-0.135018,-0.248038,-0.493884,0.084524,-0.123002,-0.200363,-0.272967,-0.121521,-0.34084,0.259117,-0.342974,-0.260749,-0.348264,-0.152519,-0.108513,-0.215499,-0.088732,-0.368223,0.036868,0.139279,-0.235964,-0.165306,0.087756,0.023553,0.104566,0.069414,0.045534,-0.104911,-0.00081,0.210854,-0.119096,-0.031167,0.182488,0.180727,-0.157819,-0.172077,0.350891,-0.019877,0.111862,0.194772,0.195952,-0.183527,0.129086,0.160623,0.308676,0.090946,0.369557,-0.066696,0.030567,-0.122749,-0.048764,0.228918,-0.104228,0.033954,0.454913,0.039367,-0.009734,-0.118868,0.456982,-0.027772,-0.360882,0.089972,#
19,-0.140333,-0.075688,0.127733,0.349301,-0.151432,0.021804,-0.294461,-0.025113,-0.263729,-0.091496,-0.231903,-0.079787,-0.083405,0.026971,-0.122669,0.033831,-0.15276,0.349118,-0.297673,1.0,0.293798,0.135344,-0.06356,0.016871,-0.030488,0.034658,-0.075221,-0.1361,-0.073548,-0.106273,0.369212,0.142287,0.128791,0.177315,-0.050573,-0.398372,0.112863,0.192951,-0.279473,-0.218811,0.144425,0.268953,-0.131115,0.04799,-0.123312,-0.153115,0.328378,0.15088,0.203947,-0.305788,-0.106101,0.079817,0.366382,-0.061875,-0.078563,0.054245,0.080528,-0.220293,0.021879,-0.137828,-0.06139,-0.24498,0.062227,-0.004569,-0.022469,-0.024706,-0.055119,0.092785,-0.154063,0.180852,0.192321,0.246716,0.154007,0.075555,0.229175,-0.352954,0.385291,0.265725,0.533276,0.193146,0.399351,0.250095,0.27158,0.232283,0.243898,0.097155,0.290984,0.112026,0.305153,0.141385,0.291145,0.240408,0.240123,0.262462,0.12567,0.265319,0.25393,0.200499,0.121395,0.248474,-0.424204,0.207342,0.242665,0.321232,0.326739,0.397927,0.168102,-0.222682,0.198685,-0.146227,0.240274,-0.222373,0.060891,0.459932,0.224015,0.146486,0.13698,0.146603,0.098533,-0.19026,0.409651,0.077685,0.11884,0.194349,0.175368,0.209609,0.018792,0.021902,0.22902,0.336847,0.329972,0.368004,0.421016,-0.060537,0.250581,0.188331,0.112989,0.073597,0.163829,0.21508,0.268485,0.114367,0.157784,-0.13516,0.296438,0.359211,0.503814,-0.436291,0.437398,0.073884,0.210906,0.187401,0.336375,0.332136,0.032676,0.201931,0.207764,-0.13851,0.15937,0.027639,0.038787,0.17124,-0.244255,0.125965,-0.02623,-0.089367,0.37266,-0.056384,0.193016,0.223853,-0.395803,-0.083518,0.281739,0.225039,-0.247646,0.106932,0.108831,-0.502095,-0.236493,0.065891,-0.02754,-0.256005,-0.230258,-0.094869,-0.400516,0.037101,0.142657,0.198693,-0.027801,-0.325633,0.26411,-0.397156,-0.435323,-0.117711,-0.066538,-0.159543,-0.304896,0.300406,0.280134,-0.01805,#
20,0.154487,-0.184704,0.006862,0.060951,-0.244045,0.000797,-0.250298,0.050503,-0.149092,-0.23737,-0.019002,0.188557,-0.114979,0.058868,-0.147765,0.076864,0.036985,-0.036036,0.084059,0.293798,1.0,-0.179739,-0.273469,-0.13773,0.171198,0.097448,-0.065482,-0.061456,0.008363,-0.094869,0.392874,0.180304,0.040956,0.209189,0.009551,-0.290072,0.086337,0.156748,-0.145828,-0.161353,0.298666,0.130816,-0.0587,-0.066758,-0.100813,-0.034117,0.08276,-0.133176,0.092762,-0.221904,-0.01425,-0.109947,0.326986,0.101497,0.056617,0.193505,-0.289943,0.006371,-0.073209,0.12971,0.040732,0.034918,0.178231,-0.025908,-0.033651,-0.089371,-0.286067,0.107956,-0.274098,-0.152204,0.049631,0.140213,0.162629,0.263919,-0.057503,-0.349094,0.097915,0.372558,0.211129,0.30063,0.086641,0.201899,0.315573,0.019476,-0.03909,-0.195647,0.086795,0.066493,0.402893,0.173381,-0.104263,-0.050745,0.10532,-0.046097,0.158743,0.127003,-0.108884,0.168053,0.061273,0.20285,-0.087154,0.204339,-0.136349,0.004052,0.27674,0.11314,0.180922,0.21655,0.206233,0.226965,0.030626,-0.107115,-0.223521,0.318283,0.351378,0.269205,0.081632,0.113656,0.112519,0.29231,0.187406,0.200264,-0.164085,0.30873,-0.023578,-0.012052,-0.240054,-0.165805,-0.071507,0.281647,0.194284,0.105968,0.286564,0.059159,0.04323,0.125697,0.160058,0.025379,0.146301,0.164224,-0.135755,0.197205,0.343963,0.008231,0.066343,0.113921,0.263252,-0.429844,0.073672,0.170345,0.080818,0.142788,0.190318,0.281249,0.057881,0.209548,0.14087,-0.140435,0.113335,-0.044978,-0.051245,-0.079458,0.062791,-0.213679,-0.114506,-0.32191,0.211028,0.039708,0.226508,-0.030689,-0.229423,0.073366,0.210271,-0.090821,-0.378292,0.172191,0.04515,-0.311719,-0.217941,0.211036,-0.073141,-0.036724,-0.024974,0.01428,-0.095764,0.344028,0.035298,0.153432,0.191158,-0.0656,-0.097368,-0.292614,-0.22293,-0.319552,-0.152422,-0.131182,0.085272,0.054243,0.1189,-0.107504,#
