0,1.0,0.139389,-0.200403,-0.130208,0.046889,0.083682,0.376624,-0.3245,0.09959,0.018062,0.449985,0.159729,0.24799,0.192222,0.112421,-0.052358,-0.046238,-0.333773,0.355235,-0.093278,-0.039731,0.063499,0.10217,0.072011,0.020796,0.006113,-0.159049,0.137545,0.243905,-0.030255,-0.264438,-0.029687,0.084442,-0.152934,0.308543,0.027419,0.078232,0.015123,0.083559,0.029033,-0.017479,0.116521,0.051314,-0.01998,0.115617,0.067314,0.247951,0.204445,-0.282546,-0.121739,0.05101,-0.199032,0.077638,-0.162744,0.066477,0.047253,-0.068457,0.245264,-0.052073,-0.146737,0.187767,0.049444,-0.227843,0.168729,-0.298786,-0.009024,-0.025987,-0.047401,-0.159716,-0.159937,0.060147,0.057302,0.087347,-0.249763,-0.056323,0.132005,-0.431324,-0.067611,-0.273325,-0.008692,-0.108365,-0.125432,-0.090415,-0.412598,-0.077244,-0.07028,-0.088751,-0.157068,-0.158812,-0.116255,-0.423862,-0.231109,0.000997,-0.350559,-0.1914,-0.212048,-0.093773,-0.411606,-0.304078,-0.160187,0.299965,-0.093818,-0.128517,-0.175278,-0.135402,-0.258025,-0.143935,0.012511,-0.163092,-0.084765,-0.058306,0.065904,-0.203879,-0.227925,-0.03025,0.060682,-0.047651,-0.074468,0.039365,-0.072543,-0.175021,0.019965,-0.152481,0.216631,-0.171857,-0.014048,-0.218313,0.173841,-0.283143,-0.17787,-0.31582,-0.346481,-0.14284,0.314502,-0.1025,-0.162323,-0.079335,-0.261321,0.326282,-0.147789,-0.147973,0.02372,0.042734,-0.235295,-0.192838,-0.029167,-0.136053,0.080136,-0.279892,-0.301809,0.024911,-0.129186,-0.401906,-0.063614,0.077289,-0.140987,0.059541,0.128222,-0.246665,-0.019131,-0.058898,-0.158713,-0.007105,-0.290125,0.050369,0.121221,0.122642,0.099615,-0.299119,-0.174819,0.215599,-0.315283,0.063463,0.107016,0.108903,-0.105362,-0.21792,0.061607,0.112627,-0.419424,0.067591,0.14467,-0.024374,0.239191,0.110782,-0.13882,0.247299,0.023252,0.143749,0.283045,-0.42233,0.205318,0.387836,-0.004797,0.038199,0.227119,-0.066501,-0.146398,-0.036691,-0.196344,#
1,0.139389,1.0,-0.038969,-0.052911,-0.080913,-0.066986,0.083685,-0.089496,-0.006457,0.197642,-0.022473,-0.009715,0.19337,0.220999,-0.113459,0.102139,0.217121,0.063933,0.240715,-0.139958,0.13557,0.162796,-0.001667,-0.324574,0.066353,-0.252022,-0.27708,0.018163,0.133755,-0.017006,0.038904,-0.135502,0.028593,0.019478,0.202641,0.145937,-0.157076,-0.185721,0.151279,-0.235276,0.072056,0.066836,-0.022455,0.026588,-0.18191,0.045572,-0.067772,-0.024091,0.061244,0.219925,0.034634,-0.142737,-0.003726,0.206816,0.080822,-0.042646,0.155423,-0.125887,-0.017711,-0.103642,0.068563,-0.120026,-0.004589,0.054276,0.137806,0.193614,-0.265199,0.131547,-0.07979,-0.091298,-0.052429,-0.111223,-0.242048,-0.099461,-0.102236,0.152951,-0.055351,-0.032363,0.174424,-0.139183,-0.081671,-0.204965,-0.026163,-0.084919,-0.212866,-0.072078,-0.083585,0.060314,-0.050417,-0.107712,-0.176069,-0.061671,-0.141955,-0.120433,-0.116736,-0.007228,-0.029584,0.09663,0.121272,0.020604,-0.032829,-0.034909,0.066951,0.12669,-0.099861,-0.172671,0.163251,0.001256,-0.288399,-0.181296,0.282415,-0.193061,-0.102553,-0.000248,-0.121487,-0.176167,-0.084141,-0.217441,-0.100609,-0.108358,-0.132619,0.014607,-0.382311,-0.155503,-0.164399,-0.256004,-0.120763,-0.087589,-0.223275,-0.170837,-0.005166,-0.236532,-0.277496,0.027829,-0.298653,-0.141368,0.064499,0.033328,0.192417,-0.241353,-0.067261,-0.191915,0.17595,-0.093394,0.004688,-0.162078,-0.443367,0.130642,0.181768,0.058008,0.002466,0.087344,0.120222,-0.224907,0.045748,-0.242353,0.108116,0.192923,0.033291,0.202168,-0.007978,-0.007533,-0.0659,0.095788,-0.155355,0.314296,0.261838,0.201931,-0.196776,-0.27207,0.161053,0.020591,-0.134638,-0.0269,0.13276,-0.173079,-0.094812,0.152128,0.091936,-0.209926,0.192863,-0.109959,0.18818,0.121655,0.209028,-0.127252,0.102424,-0.136143,-0.093436,0.2708,-0.144138,0.275174,-0.111397,0.090705,0.023916,0.15648,0.131439,-0.102015,-0.054355,0.144231,#
2,-0.200403,-0.038969,1.0,-0.302434,-0.013777,-0.147066,0.058283,-0.164989,0.078303,0.056554,-0.154325,-0.217403,0.059969,-0.010493,-0.17131,0.089438,-0.037415,0.305474,-0.108706,0.146165,-0.125005,-0.068815,-0.10668,-0.00157,-0.010467,0.04382,0.095649,-0.128738,0.027889,-0.108749,-0.115367,0.170365,-0.183747,0.185465,-0.03606,0.047539,0.014835,0.364276,-0.0118,-0.079877,0.129714,-0.115154,-0.077752,-0.0975,-0.027448,-0.273786,-0.25458,-0.14436,-0.004176,0.074614,0.005588,-0.113246,0.180206,-0.105355,-0.193883,-0.09092,0.009545,-0.229875,0.102523,-0.193379,0.112703,-0.021514,0.011688,-0.210903,0.288797,0.238195,0.085054,-0.044901,0.163358,0.17581,-0.190524,0.027875,-0.390298,0.082062,-0.085561,-0.13686,-0.035553,0.01725,0.037406,-0.012954,0.159247,0.065512,0.198347,0.133767,-0.056468,0.128905,0.188549,-0.011484,-0.032035,0.234779,0.040119,0.049011,0.061689,0.112929,0.030661,0.06211,0.010247,-0.051479,0.077807,0.111592,-0.281948,-0.196482,0.149981,0.107661,0.136496,0.120238,0.029125,-0.089319,0.142245,-0.07445,-0.055067,-0.104871,0.025123,0.133166,0.270138,-0.116666,0.069449,0.303748,-0.156201,-0.124417,0.022421,0.151238,0.025923,-0.352103,-0.230011,0.119782,0.367617,-0.051631,0.210461,0.052831,0.299347,0.026947,-0.054154,0.05048,0.199069,-0.124958,0.206774,0.241281,-0.363195,0.269002,0.034165,0.184829,0.022989,-0.12979,0.013122,-0.076466,0.044477,0.027377,-0.043929,0.171027,-0.112279,0.248265,0.084161,0.015681,0.152148,0.047626,0.037485,-0.035492,0.063434,-0.075161,0.150129,-0.073305,0.001626,0.17375,-0.013077,-0.118785,0.008037,-0.033045,0.235799,0.050485,-0.187255,-0.029223,-0.042471,0.014605,-0.306519,0.225655,0.169244,-0.100033,-0.018178,-0.119404,-0.102577,0.037113,0.059695,-0.146792,-0.174922,0.104853,0.141334,0.001869,-0.144082,-0.477456,0.23712,-0.173592,-0.324239,0.137105,-0.149049,-0.062929,0.000617,0.15992,0.19302,0.151896,#
3,-0.130208,-0.052911,-0.302434,1.0,-0.114632,-0.00428,-0.121502,0.189976,-0.449698,-0.220001,0.035991,0.087503,-0.188638,-0.335557,0.12939,-0.149737,0.12962,0.062041,-0.05832,-0.104793,0.274948,-0.269595,-0.336728,-0.007411,0.088489,0.138654,-0.100505,0.152402,-0.029136,-0.227059,0.306275,-0.224517,0.138048,-0.080846,-0.15834,0.025189,-0.200874,-0.245553,0.148536,0.1584,-0.00238,-0.140209,-0.074323,0.070811,0.10851,0.337393,-0.105416,-0.249033,0.097814,-0.193919,-0.198266,0.475193,-0.055985,0.262144,0.27071,-0.293337,0.208128,0.293423,-0.151521,-0.135832,-0.539713,-0.041152,0.113478,0.038192,-0.158713,-0.227124,0.0529,0.027068,-0.125246,0.019227,0.052655,-0.192356,0.059493,0.234671,0.198165,-0.136928,0.200564,0.235703,0.044299,-0.004223,0.038321,0.095954,0.154059,0.14518,0.149919,-0.084885,0.163011,0.171596,0.233061,0.030776,0.141011,0.089041,0.077032,-0.090213,0.21179,0.179268,0.247822,0.06803,0.07918,0.214108,0.198976,0.158714,0.304861,0.171173,-0.128183,0.067554,0.076436,0.218151,-0.144667,0.042505,-0.120633,0.069569,0.151886,0.109863,-0.041776,0.17652,0.161854,0.234434,-0.092675,0.275483,0.143799,0.145819,0.069992,0.254557,0.267761,0.086582,-0.370831,-0.185625,-0.005004,0.228601,-0.187232,0.382872,0.315835,-0.083687,0.135511,0.148016,0.020602,-0.094002,-0.083815,0.076464,0.105709,-0.032789,0.287862,0.163247,0.28688,-0.07403,0.13661,-0.219255,0.137348,-0.088115,0.183921,-0.107931,-0.034819,0.114712,0.158656,0.02578,-0.314506,-0.210521,0.110124,0.068301,0.071606,0.082213,0.106135,-0.096187,-0.06213,-0.29999,0.103674,-0.130341,0.064785,0.032245,0.197323,0.291084,0.10261,0.221301,0.024456,0.121382,-0.10815,-0.096311,-0.376567,0.430817,-0.406274,0.146579,0.034543,-0.171886,-0.048803,-0.106655,-0.136504,-0.069717,0.295076,0.024619,0.086016,-0.16282,-0.109791,-0.210182,-0.046459,-0.10069,-0.08419,-0.31553,-0.312362,-0.089067,#
4,0.046889,-0.080913,-0.013777,-0.114632,1.0,0.025144,0.010227,-0.04789,-0.042309,-0.13215,0.198203,-0.0885,-0.090719,-0.314421,-0.045207,-0.088272,0.17786,-0.12146,0.12247,-0.023221,-0.132167,-0.255877,0.138146,-0.043652,-0.001332,0.00197,-0.102134,-0.133527,0.009957,0.028196,-0.301284,-0.05063,0.10179,-0.204873,0.083294,0.074844,-0.005048,-0.150215,-0.006126,0.332067,-0.104372,-0.286758,-0.131011,-0.058579,-0.235622,0.114842,-0.093107,-0.066366,0.021789,0.220048,-0.012779,0.079055,-0.126964,0.23389,0.079737,-0.075545,-0.317689,0.180269,0.070279,0.209085,-0.188903,-0.15419,-0.004539,-0.1068,-0.159188,-0.120651,0.392153,-0.050507,-0.093046,-0.042321,-0.064022,0.143588,0.118902,-0.013735,0.119339,-0.024491,-0.042629,-0.124961,0.049155,-0.176798,-0.186681,0.191396,0.134555,-0.051257,0.220088,-0.052962,-0.06583,0.036418,0.043807,-0.05359,0.05271,0.251893,0.086624,0.106313,0.158404,-0.13963,0.207798,-0.059113,-0.056801,-0.119085,0.165643,0.125288,0.006682,-0.133176,0.055349,-0.043607,-0.147688,0.015244,-0.162738,0.16433,0.041909,0.019962,-0.247138,-0.171086,-0.260919,0.209837,0.027903,0.343801,-0.269261,-0.045801,-0.234947,-0.074886,-0.137598,0.067064,0.004069,0.046399,0.04081,0.086992,-0.077727,-0.118098,0.102615,-0.185412,0.195674,0.026799,0.099937,-0.027877,0.162669,0.074687,-0.026316,0.032245,-0.075836,-0.151777,-0.087852,0.167185,-0.11121,-0.113317,0.022541,-0.08808,0.002594,-0.063792,0.052831,0.020818,-0.192582,0.15804,-0.089236,-0.00859,-0.035167,0.069188,-0.289469,0.039988,-0.250515,-0.11113,-0.049831,0.102903,0.016497,-0.021617,0.06573,0.02619,0.005167,0.266197,0.175056,0.051184,0.108934,-0.022911,-0.145713,-0.00631,0.014977,-0.02402,-0.005329,0.041282,-0.061444,0.24774,0.017138,-0.001737,0.075437,-0.006684,0.043992,0.263769,0.346981,-0.04757,-0.010915,-0.005846,0.279115,0.064456,-0.15509,-0.007213,0.087027,0.164768,-0.039,-0.20526,#
5,0.083682,-0.066986,-0.147066,-0.00428,0.025144,1.0,0.213369,0.18419,0.099547,-0.077,-0.027134,0.092699,0.03868,-0.151051,0.142146,-0.107052,0.145976,0.035019,0.099838,-0.195938,-0.146211,-0.160762,0.17037,-0.104623,-0.116458,0.28246,-0.066574,-0.023454,0.126181,0.146765,-0.225757,0.052865,-0.049556,0.090448,0.007948,0.182247,0.101849,-0.080748,-0.127738,-0.052299,-0.282391,0.080877,-0.126599,0.010315,0.013085,0.012408,0.235663,-0.154996,0.075545,-0.00182,0.053016,-0.087063,0.138494,0.039142,-0.048865,0.106993,-0.156713,0.21751,-0.144926,-0.013352,0.046764,0.022141,0.061332,0.127415,-0.242705,-0.166702,-0.105077,-0.00187,-0.01722,-0.43618,0.009448,-0.054999,-0.036235,0.032236,0.001814,0.166257,-0.079413,0.071395,-0.248308,0.038995,-0.264523,-0.228617,-0.110983,0.237792,-0.103806,-0.2316,-0.099097,-0.009164,-0.167597,-0.148184,-0.084319,-0.198117,-0.199082,-0.275241,-0.150859,0.016186,-0.14442,-0.105427,-0.293489,-0.285879,0.326456,0.150731,-0.04229,-0.168861,-0.237326,-0.341467,-0.040823,0.089955,-0.142226,0.071318,0.071549,0.278053,-0.242754,-0.213106,-0.046709,-0.118267,0.035434,0.098657,0.149896,-0.147242,0.022406,-0.171181,0.013867,0.061177,-0.127594,-0.076709,-0.006341,-0.010845,-0.370826,0.08035,-0.029856,-0.114612,0.001354,0.095245,-0.420506,-0.080757,0.151698,0.183924,0.213447,-0.087794,-0.04319,-0.021073,-0.122097,0.136665,-0.040778,-0.218374,0.247089,0.077022,-0.315032,-0.184259,-0.035798,-0.407996,0.156581,-0.093215,0.16532,-0.031318,0.023472,-0.100124,-0.392008,0.027538,-0.221322,-0.0209,0.261577,-0.243349,0.124098,-0.006352,-0.179897,-0.026422,0.02628,-0.275668,0.059027,-0.293093,-0.159734,-0.162752,0.12757,-0.209229,-0.061981,0.092095,-0.010887,-0.000992,0.279159,-0.032223,0.022101,0.067922,0.467404,-0.155268,0.141137,0.037903,0.015793,0.134289,-0.054748,0.104312,0.10982,-0.040214,-0.192106,0.333306,0.077458,0.066727,-0.263564,-0.177909,#
6,0.376624,0.083685,0.058283,-0.121502,0.010227,0.213369,1.0,-0.211853,0.319088,-0.01047,0.194413,0.05216,0.09739,0.012348,-0.084953,0.062108,0.154376,0.166348,0.152714,0.044324,-0.283996,-0.093998,0.173013,0.018908,-0.116536,0.129239,-0.042247,-0.029951,0.384645,-0.004798,-0.251309,0.026666,-0.065852,-0.245182,0.17189,0.13448,0.320056,-0.149439,0.200005,0.224701,0.085374,0.195892,-0.054549,0.067167,0.05442,-0.070055,0.149075,-0.031154,-0.135288,-0.039678,0.061377,-0.292365,0.156001,-0.12427,0.309538,-0.123743,-0.079771,-0.047322,0.12178,-0.22985,0.216449,0.228352,-0.039989,0.192227,0.180365,0.189569,-0.172374,0.090689,0.175909,-0.244514,0.066822,-0.046089,-0.101746,-0.581758,-0.349994,0.206785,-0.372666,-0.346768,-0.315024,-0.094545,-0.33187,-0.096506,-0.140109,-0.160046,-0.379766,-0.149016,-0.241865,-0.254544,-0.440999,-0.278416,-0.533615,-0.402166,-0.505304,-0.224719,-0.408378,-0.436658,-0.050026,-0.343614,-0.334979,-0.189162,0.116663,0.059846,-0.2588,-0.228855,-0.299716,-0.367367,-0.011393,-0.171899,-0.140036,-0.199353,-0.057725,0.029423,-0.181004,-0.391328,-0.061211,-0.308982,0.041047,-0.111079,0.180852,-0.26153,-0.238816,-0.122249,-0.235511,-0.149696,-0.133882,-0.211597,0.030836,0.217633,-0.287275,-0.193618,-0.215491,-0.38628,-0.230518,0.126941,-0.259905,-0.347799,-0.009497,-0.06536,0.146543,-0.340639,-0.234642,-0.000901,-0.11082,-0.308629,-0.347157,-0.13781,-0.091394,0.52843,-0.314064,-0.473875,-0.125802,-0.453246,-0.224749,-0.172136,-0.106632,-0.128221,0.067332,0.274948,-0.239876,-0.150347,-0.037245,-0.218433,0.087492,-0.0515,-0.171065,0.164437,-0.06734,-0.022172,-0.337462,-0.350922,0.222908,-0.247216,-0.218299,-0.182226,0.197569,-0.381234,-0.148843,0.308062,0.166413,-0.487121,0.30664,-0.050367,-0.060152,0.354516,0.167323,-0.477638,0.054779,0.024527,-0.069389,0.217572,-0.369727,0.217446,0.183835,0.234282,-0.046305,-0.031333,0.109991,-0.082822,-0.140095,0.147479,#
7,-0.3245,-0.089496,-0.164989,0.189976,-0.04789,0.18419,-0.211853,1.0,-0.317114,-0.007654,-0.217577,-0.2053,0.18045,-0.182504,0.10752,0.036147,0.18702,0.029181,-0.046472,-0.246409,0.176024,0.119458,0.01584,-0.000574,-0.114281,0.053197,-0.178139,-0.233465,-0.225897,0.096777,-0.088134,-0.049451,0.041514,0.14525,-0.172035,-0.068802,-0.149638,-0.243856,-0.158765,0.113831,-0.057715,-0.024459,-0.028957,-0.179024,0.109519,0.02727,0.247871,-0.151916,0.193222,0.018639,-0.047367,-0.047378,-0.006805,-0.196843,-0.056663,0.085026,0.451342,-0.125129,-0.12974,0.39347,-0.08747,-0.283605,0.067534,0.025795,-0.063377,-0.116829,-0.012719,0.01579,-0.101216,-0.137055,0.171544,0.039554,-0.273827,0.207298,0.084265,-0.095623,0.069048,0.057622,-0.060347,0.073155,-0.054063,-0.226424,-0.136482,-0.015182,0.140512,-0.156155,0.164407,0.109214,0.215645,0.195114,0.128681,0.054119,0.092213,-0.033026,0.11771,0.172037,-0.063679,0.13555,0.138849,-0.037039,-0.119195,0.123917,0.097904,0.084916,-0.107007,0.11426,-0.136582,0.022898,-0.011688,0.202272,0.132485,0.030852,0.171671,0.267135,-0.010786,0.043032,0.165143,-0.074615,0.011593,0.0127,0.213199,-0.223091,0.076637,0.202574,0.035784,-0.131058,0.011206,-0.111551,0.035868,0.027901,-0.175531,0.224774,0.154366,-0.184718,0.038314,0.272171,0.092886,0.114348,-0.079497,-0.022903,-0.174923,-0.08687,-0.209861,0.248972,-0.143715,-0.13335,0.023469,0.101827,0.096626,0.102712,-0.090279,-0.107775,0.15087,-0.028857,-0.038334,-0.230633,-0.051204,0.057747,0.029507,0.122479,-0.156645,0.235069,0.083353,0.121418,0.17283,-0.313383,-0.383574,-0.104209,0.104373,0.205529,-0.1179,0.084653,-0.135047,-0.195344,0.126988,-0.071349,-0.100871,-0.020573,-0.086373,0.164272,0.008048,0.036436,0.189137,0.012937,0.04074,-0.033855,-0.098257,-0.092858,-0.105021,0.138941,-0.002624,-0.132885,-0.131619,0.002921,0.056325,-0.113141,-0.070318,0.042359,-0.155923,0.072736,#
8,0.09959,-0.006457,0.078303,-0.449698,-0.042309,0.099547,0.319088,-0.317114,1.0,0.402683,-0.013359,0.198056,0.008056,0.236531,-0.028267,-0.009428,-0.200362,0.150314,0.013,0.240655,-0.18895,-0.032668,0.214952,0.036762,-0.088263,0.131653,0.147859,0.12099,0.163167,-0.000523,-0.18717,0.125967,0.166019,-0.040301,0.034004,-0.009679,0.318425,0.146009,0.027633,-0.117221,0.117165,0.105181,-0.034932,0.001853,-0.080231,-0.226014,-0.004295,0.306848,-0.076045,0.032202,-0.101867,-0.291306,0.232728,0.134636,0.19623,0.157481,-0.385846,-0.250641,-0.033606,-0.029471,0.167407,-0.01202,-0.065503,0.043725,0.206663,0.14613,-0.043574,0.196433,0.153707,-0.112139,-0.021591,0.035174,0.113712,-0.185927,-0.295623,0.186911,-0.122883,-0.210114,-0.176261,0.170892,-0.262475,-0.138303,-0.094899,0.018629,-0.348263,0.108599,-0.334956,-0.368534,-0.181563,-0.37843,-0.09711,-0.360575,-0.396849,-0.019141,-0.175775,-0.028969,-0.258607,-0.04335,-0.228634,-0.12012,-0.233426,0.141754,-0.14914,-0.075187,0.121873,-0.193107,-0.052056,-0.181372,0.071521,-0.010964,0.079929,-0.145123,-0.191469,-0.117356,0.161621,-0.056363,-0.140701,-0.299352,0.07212,-0.314483,-0.131901,0.036591,0.038984,-0.253546,-0.263352,0.017795,0.235129,0.073659,-0.085724,-0.180403,0.241038,-0.082463,-0.46496,-0.1365,-0.239888,-0.011157,-0.163806,0.088877,0.171793,-0.122524,-0.159119,0.181007,-0.271496,-0.198878,-0.252921,-0.204794,-0.259658,0.166933,-0.151859,-0.162495,-0.060335,-0.046755,-0.073668,-0.316671,0.174271,-0.114187,0.349589,0.432763,-0.35997,-0.214888,-0.013555,0.06568,-0.159258,-0.10812,-0.103096,0.090796,-0.018233,-0.030494,-0.065674,-0.140153,-0.191378,-0.27617,-0.074369,-0.05764,0.165994,-0.109392,0.185002,0.133783,0.547242,-0.316168,0.347028,-0.026096,-0.27943,0.093764,0.06034,-0.086678,0.213516,0.086804,-0.357113,0.003858,-0.088533,0.121111,0.002176,0.325042,0.008593,0.053086,-0.011964,-0.163903,0.093677,0.15108,#
9,0.018062,0.197642,0.056554,-0.220001,-0.13215,-0.077,-0.01047,-0.007654,0.402683,1.0,-0.240172,-0.148645,0.305471,0.511482,0.003997,0.015461,-0.328956,0.285928,-0.008605,0.19273,-0.171256,0.022719,0.249735,0.020379,0.011742,-0.025935,-0.207313,-0.056651,0.230817,0.187423,-0.012965,0.003694,0.162977,0.005189,-0.065469,0.03456,0.237803,-0.075065,-0.040018,-0.253369,0.259186,0.038132,0.067037,-0.131546,0.026356,-0.389617,0.015618,0.306626,0.113608,-0.021532,-0.14321,-0.379353,0.328836,-0.04315,0.135707,-0.031181,-0.127567,-0.405016,-0.020635,0.208773,0.32121,-0.149672,-0.403153,0.024932,0.041177,0.042942,0.069402,0.045179,-0.077174,-0.06374,0.015306,0.135163,-0.307263,-0.12298,-0.131234,-0.044102,-0.137032,-0.192044,-0.083214,0.287266,-0.104993,-0.291135,-0.237238,0.115918,-0.385758,0.172848,-0.108433,-0.256458,-0.187033,-0.222127,-0.041549,-0.181731,-0.354333,-0.064312,-0.288094,0.175738,-0.601983,0.075949,0.175702,-0.261143,-0.414177,-0.120644,-0.164547,-0.053763,0.011114,-0.135691,-0.037146,-0.428198,0.262132,-0.103304,0.421444,0.132509,-0.138397,-0.048968,0.057662,-0.127405,-0.138106,-0.208805,0.227377,-0.279045,-0.240499,-0.111451,-0.152023,-0.115088,-0.332056,0.293072,0.234938,-0.068956,-0.183982,-0.359363,0.106996,0.048635,-0.589575,-0.012497,-0.289924,-0.274554,-0.047462,0.033457,0.143581,-0.185415,-0.062232,-0.238994,-0.281503,-0.328069,-0.35895,-0.241593,-0.40355,0.205514,-0.172376,-0.1643,-0.372707,0.083363,-0.09144,-0.609459,0.108455,-0.324734,0.715177,0.445817,-0.178042,-0.362287,-0.180885,0.043347,-0.145145,-0.001128,0.140052,0.360575,-0.067836,-0.277456,0.066623,-0.174381,-0.311284,-0.018149,-0.075853,-0.137282,0.295961,-0.275174,0.065409,-0.171247,0.537899,-0.358499,0.485322,0.238872,-0.345028,-0.241718,0.101845,-0.199815,0.198607,-0.04504,-0.605242,0.124443,-0.297699,-0.070753,-0.055599,0.250261,-0.193212,0.078889,0.200206,-0.029927,0.143992,0.422509,#
10,0.449985,-0.022473,-0.154325,0.035991,0.198203,-0.027134,0.194413,-0.217577,-0.013359,-0.240172,1.0,0.298506,-0.016249,-0.083214,-0.189861,-0.122432,0.069496,-0.238658,0.080495,-0.056206,0.02621,-0.073881,0.004324,0.105272,-0.046988,0.185541,0.011525,0.092545,0.034442,-0.139204,-0.073838,0.162463,0.051613,-0.176185,0.015382,0.129526,-0.143067,0.163978,-0.067029,0.219233,-0.189749,-0.084979,0.016053,0.120973,-0.007598,0.426803,0.00692,0.182985,-0.030775,-0.014502,0.174039,-0.073837,0.20716,-0.0773,0.092191,0.026563,-0.076177,0.292921,0.101302,-0.154995,-0.161401,-0.022777,-0.016578,0.117219,-0.24899,0.03829,0.141917,0.171832,-0.092378,-0.228682,0.208748,-0.057567,0.257052,-0.176976,-0.042942,-0.030489,-0.053205,-0.04078,-0.105978,-0.082686,-0.10083,0.165969,-0.042116,-0.052881,0.053386,0.02586,-0.057839,0.057416,-0.045038,0.020047,-0.13689,0.100078,0.088812,0.017414,-0.071841,-0.147489,0.272172,-0.297414,-0.090717,0.026167,0.219345,-0.045282,-0.072428,-0.042782,0.093276,-0.138398,0.084339,0.116588,-0.03694,0.199526,-0.358626,0.050818,-0.065766,-0.130866,-0.062628,0.111852,-0.186488,0.027415,-0.15462,0.072474,-0.081057,0.321674,-0.052081,-0.038455,-0.003677,0.010333,-0.279683,0.102484,-0.097302,-0.135131,-0.090741,-0.281341,0.11601,-0.153234,0.032858,0.042637,0.099873,-0.081515,-0.094139,-0.03348,-0.107849,0.114389,0.142944,0.168867,0.067195,-0.191417,-0.090909,0.01543,0.015901,-0.241169,0.410881,-0.207156,-0.236618,0.018433,-0.083622,0.048308,-0.325248,-0.129388,-0.08686,0.101354,-0.080465,-0.183177,-0.016535,-0.132526,0.034461,-0.177308,0.109503,-0.159572,-0.20318,0.004581,0.250983,-0.168263,0.12421,0.115712,-0.011182,0.156098,-0.133397,0.026355,-0.105532,-0.032291,-0.141288,0.130536,-0.022654,-0.010991,0.071366,0.013437,0.007877,0.227132,0.317149,0.329377,0.009943,0.106808,0.20078,-0.18062,0.108564,-0.196131,-0.067463,-0.100874,-0.16214,-0.473393,#
11,0.159729,-0.009715,-0.217403,0.087503,-0.0885,0.092699,0.05216,-0.2053,0.198056,-0.148645,0.298506,1.0,-0.003632,0.056014,-0.048972,-0.149469,-0.141813,-0.117044,-0.091535,-0.163119,0.014915,-0.226171,-0.052551,0.140706,0.013396,-0.023822,0.094179,0.222696,0.07026,-0.067776,0.047826,0.024453,-0.001579,0.000446,0.125754,-0.088807,-0.010333,-0.111457,0.205913,-0.098613,-0.055398,0.158271,-0.04228,-0.076135,-0.130192,0.384035,-0.123772,0.109556,0.013462,-0.0943,-0.294993,0.147552,-0.004985,0.082254,0.091339,-0.032802,-0.136794,0.242725,-0.241525,-0.143442,-0.218602,-0.155374,-0.034522,0.098216,-0.025479,0.10815,-0.053488,0.264744,0.243014,-0.215281,-0.059156,-0.207869,0.036911,0.108521,0.226705,-0.046211,-0.078354,0.171171,-0.306562,-0.03801,-0.294298,-0.185877,0.1682,-0.027183,-0.054759,-0.168203,-0.097777,-0.246192,0.099698,-0.099605,-0.072878,-0.21378,-0.024226,-0.050462,-0.038141,-0.008803,0.17548,0.001895,-0.078214,0.086097,0.155961,-0.146662,-0.04119,0.15023,0.016717,-0.077994,0.038171,0.008464,-0.049768,0.197085,0.01614,-0.178537,0.056173,-0.067603,-0.111602,-0.016556,-0.020091,0.059882,0.017049,0.161656,-0.009852,0.174805,-0.006133,0.178006,-0.024322,-0.050759,-0.230675,-0.12304,-0.207987,0.011997,-0.136526,-0.062231,-0.174536,0.078725,-0.184352,0.178298,-0.144844,-0.280687,0.154256,-0.320058,0.046669,0.073824,0.200736,-0.035701,0.263225,-0.295243,0.054855,-0.053035,-0.126392,-0.14333,0.184688,0.009067,-0.152792,0.183572,0.063965,0.110434,-0.03319,0.032674,0.035747,-0.112238,-0.130281,-0.053678,-0.016703,0.025588,-0.358048,-0.045957,-0.003614,0.034948,-0.038538,-0.015877,0.287973,-0.073693,0.085786,0.04588,0.044793,0.031467,0.041319,0.33729,0.013846,0.131517,-0.012255,-0.070239,-0.140693,-0.125907,0.191793,0.146066,-0.021904,-0.031561,0.126443,0.198737,-0.140954,0.289501,0.056964,0.020984,-0.07049,0.013697,-0.110668,-0.097224,0.064636,-0.258013,#
12,0.24799,0.19337,0.059969,-0.188638,-0.090719,0.03868,0.09739,0.18045,0.008056,0.305471,-0.016249,-0.003632,1.0,0.465485,-0.006321,0.206997,-0.011581,0.322736,0.187831,0.08361,0.033919,0.0309,0.220682,0.087753,-0.020721,-0.226036,0.038699,0.025542,0.253529,0.105458,0.077279,-0.022164,0.025624,0.141298,-0.094205,0.135244,0.225844,-0.058323,-0.043463,-0.054518,-0.004972,0.026971,0.088276,-0.211702,-0.167002,-0.308826,0.319441,0.263838,0.072715,0.090429,-0.061022,-0.218764,0.106154,-0.087477,-0.116105,-0.083387,0.122192,-0.334372,-0.025639,0.048374,0.311619,-0.348554,-0.233189,0.027574,0.120946,0.01621,-0.017848,-0.020129,0.010588,-0.030661,-0.054334,0.093149,-0.356844,-0.101489,-0.102083,-0.015689,-0.362507,-0.130743,-0.237283,0.06588,-0.18141,-0.302131,-0.223952,-0.085337,-0.214671,-0.0664,0.026728,-0.040133,-0.052202,-0.010432,-0.177767,-0.049875,-0.244376,-0.236621,-0.121762,-0.005056,-0.288254,-0.015836,-0.007679,-0.32836,-0.149232,-0.261648,-0.131894,0.113869,0.029031,0.038748,-0.239034,-0.157005,0.027568,-0.066553,0.198504,-0.193871,-0.105676,-0.008093,0.101188,-0.073663,-0.209605,-0.106879,0.160551,-0.231033,-0.129533,-0.13781,-0.26392,-0.06378,-0.289711,-0.006563,0.083558,0.059301,-0.18535,-0.37287,-0.065466,0.070123,-0.263612,0.117205,-0.071283,0.061384,0.063569,-0.209625,0.199396,-0.246152,-0.388415,0.073789,-0.151742,-0.229567,-0.300427,0.029054,-0.233804,0.354447,-0.239574,-0.076083,-0.319063,-0.027522,0.020043,-0.211887,0.128374,-0.334035,0.297936,0.217808,-0.185933,-0.138122,0.069096,0.08861,-0.052503,0.108197,0.352692,0.126835,0.034887,0.213336,-0.086372,-0.019213,-0.16141,-0.196873,-0.283454,-0.136744,0.021763,-0.167603,-0.204222,0.154086,0.218618,-0.257347,0.196963,-0.018993,0.059326,-0.078484,0.31221,-0.121683,0.194734,0.111871,-0.203003,0.361709,-0.252962,-0.088533,0.009565,0.313883,0.008181,0.043595,0.124662,0.042565,0.077881,0.249971,#
13,0.192222,0.220999,-0.010493,-0.335557,-0.314421,-0.151051,0.012348,-0.182504,0.236531,0.511482,-0.083214,0.056014,0.465485,1.0,0.015155,0.057033,-0.345777,0.038217,0.273634,0.314407,0.069283,0.181226,0.229407,-0.097694,-0.043892,-0.119689,0.150668,0.261503,0.251755,-0.023103,0.234492,0.091794,-0.071711,0.100247,-0.174905,-0.173803,0.072278,0.150432,0.0238,-0.404312,0.116544,0.201682,0.079966,-0.201177,-0.180432,-0.437565,0.103506,0.333102,-0.228556,-0.121091,-0.015557,-0.235216,0.106571,-0.213688,-0.217599,0.026525,-0.071084,-0.153266,-0.140595,-0.066444,0.427863,-0.074162,-0.283691,-0.024587,0.178289,-0.000526,-0.060948,-0.122697,-0.071922,0.017649,-0.091673,0.126317,-0.121858,-0.272305,-0.159616,0.061145,-0.164179,-0.012278,-0.098161,0.254493,0.014103,-0.277273,-0.182752,-0.074292,-0.272791,0.242359,-0.205912,-0.14305,-0.158074,-0.020986,-0.24604,-0.09219,-0.209268,-0.214379,-0.223379,0.027194,-0.339547,-0.01837,0.212422,-0.20298,-0.357982,-0.255546,-0.188864,-0.162734,-0.037785,-0.086358,0.104115,-0.368269,0.094049,-0.135935,0.327018,0.011674,-0.319871,0.043603,0.253392,-0.185872,-0.194217,-0.303274,0.246053,-0.14131,-0.030643,0.019666,-0.080841,-0.105501,-0.357695,0.164067,0.022046,-0.016045,-0.22535,-0.342171,0.012639,-0.170375,-0.452835,-0.04772,-0.033213,-0.145915,0.105024,-0.185337,0.25502,-0.333908,-0.026916,0.023679,0.015561,-0.274792,-0.257223,0.09878,-0.236029,0.219367,-0.203126,0.061349,-0.252122,0.273462,0.064619,-0.369998,-0.061958,-0.240845,0.540078,0.183308,-0.00578,-0.31167,0.052108,-0.077345,0.124554,-0.15693,0.15245,0.52162,0.072001,0.063778,-0.147928,-0.078527,-0.284406,-0.119701,-0.206806,-0.141716,0.018979,-0.248247,-0.041623,0.070692,0.336418,-0.347935,0.281273,-0.237323,-0.065654,-0.007076,-0.021733,-0.132895,-0.021311,0.156583,-0.44159,0.176336,-0.203536,0.002346,-0.117966,0.214305,0.137491,-0.089319,0.026061,-0.139824,0.18063,0.269983,#
14,0.112421,-0.113459,-0.17131,0.12939,-0.045207,0.142146,-0.084953,0.10752,-0.028267,0.003997,-0.189861,-0.048972,-0.006321,0.015155,1.0,-0.182631,0.002511,-0.036274,0.118971,0.104354,0.136633,-0.011036,0.107324,0.115885,-0.031449,0.227977,0.217763,-0.002784,0.077657,-0.11015,-0.025427,0.129765,0.247178,0.02654,-0.128177,-0.265991,-0.154272,0.061078,-0.060955,-0.188629,-0.035402,0.123446,-0.079457,0.187016,0.244836,-0.207509,0.127789,-0.021461,-0.058379,-0.134177,0.089862,-0.037635,0.097618,-0.092175,-0.067679,0.203397,-0.07925,0.020797,-0.087428,0.052312,0.118602,0.141498,-0.15761,0.035645,-0.186943,-0.271725,0.059212,-0.180729,-0.024587,-0.093579,-0.14066,-0.013677,-0.006834,0.177025,-0.116798,-0.070208,-0.180574,0.216999,-0.295371,0.329253,0.122421,-0.195322,-0.075516,-0.021321,0.00926,0.078986,0.209292,0.043901,0.205369,-0.095124,-0.142968,-0.067455,0.150821,-0.18137,-0.074198,0.061947,-0.179626,-0.043939,-0.124708,-0.056614,0.01241,0.202525,-0.055116,-0.429036,-0.047043,0.104141,-0.30865,0.023567,0.136062,0.105117,-0.052988,0.078967,0.079371,0.106291,0.279809,0.020925,0.008833,-0.087803,-0.008793,-0.362778,-0.00498,-0.278565,0.176181,0.195476,-0.052007,-0.105946,0.029984,0.034993,-0.150786,0.113468,-0.056273,-0.046026,-0.099308,-0.06324,0.007163,0.050229,-0.26946,-0.059307,0.279373,-0.031495,0.003951,-0.01717,-0.136423,0.155192,-0.141999,-0.139787,0.109329,0.047531,-0.245295,0.171137,-0.046582,-0.201069,0.003141,0.134675,-0.130248,0.161929,0.19675,0.011091,-0.043979,0.404847,0.019394,-0.047349,0.027229,-0.239547,0.120351,0.091858,0.029942,0.045089,0.060681,-0.048936,-0.224821,-0.080115,-0.114677,0.189447,-0.0309,-0.227423,0.042461,-0.135738,0.17566,0.03602,-0.092982,0.144993,0.190475,-0.062892,0.09181,-0.183449,0.150724,-0.082119,0.048052,-0.114005,-0.054012,0.093468,0.061719,0.060653,-0.224856,0.249649,-0.142215,-0.162004,-0.193339,-0.135118,#
15,-0.052358,0.102139,0.089438,-0.149737,-0.088272,-0.107052,0.062108,0.036147,-0.009428,0.015461,-0.122432,-0.149469,0.206997,0.057033,-0.182631,1.0,0.252964,0.256697,-0.183725,0.126754,-0.309205,0.170284,0.046494,-0.149909,0.171259,0.023578,-0.183584,0.143627,0.114747,-0.056226,0.03737,-0.243432,0.002871,0.129745,0.008166,0.119074,0.04641,0.061987,0.119905,-0.039542,-0.000773,-0.131727,0.142084,0.091772,-0.149068,-0.044483,0.148429,-0.058737,0.014052,0.280956,0.112448,-0.168906,-0.100147,-0.018564,0.165567,0.021867,0.186472,-0.208942,0.022292,0.099469,-0.002769,0.157775,0.17499,0.08719,-0.070382,-0.195266,-0.042462,-0.03826,-0.346111,-0.119117,0.089955,0.233367,0.055393,0.045001,0.000721,0.246838,-0.04725,-0.164138,0.232689,-0.076722,0.016274,0.007468,-0.227048,0.16135,0.039621,-0.2746,0.064297,-0.261889,-0.094074,0.25782,-0.102623,0.072541,-0.174746,0.050329,-0.184518,-0.089191,0.091678,0.081709,0.001445,0.132466,-0.094523,0.007653,-0.160286,0.323,0.023248,0.077954,0.103118,0.089733,0.110938,-0.227599,-0.016679,-0.113694,0.093347,0.164671,-0.187962,-0.086722,0.172208,-0.228106,-0.112649,-0.039428,-0.070479,0.158893,-0.277725,-0.030172,0.015925,-0.12324,-0.016097,0.249613,0.054216,-0.085789,-0.100231,-0.066349,-0.09764,0.17929,0.113982,0.004545,-0.061995,-0.279686,-0.151974,0.106031,0.037279,0.071421,-0.219375,-0.304004,-0.066409,0.137779,-0.049529,0.248272,-0.111309,-0.066925,-0.140299,-0.00423,0.07405,0.0002,0.035718,0.088368,0.016309,0.203653,0.078073,-0.072141,0.089424,-0.137835,0.182141,-0.020372,0.195661,0.012964,-0.170621,0.25974,-0.103438,-0.015679,0.025562,0.112764,0.186324,-0.06917,-0.086772,0.127783,-0.031287,0.247226,-0.093624,-0.153965,0.1125,-0.146177,0.137138,0.140843,-0.086047,0.096325,0.113214,-0.061908,-0.079293,-0.06152,0.03208,-0.090616,-0.095698,0.15425,0.034227,0.125284,0.031844,0.131668,0.365835,0.271061,#
16,-0.046238,0.217121,-0.037415,0.12962,0.17786,0.145976,0.154376,0.18702,-0.200362,-0.328956,0.069496,-0.141813,-0.011581,-0.345777,0.002511,0.252964,1.0,-0.010954,0.030761,-0.057137,-0.127497,0.051027,-0.222611,-0.045277,-0.141504,0.211976,-0.059207,0.033496,0.023971,-0.040142,-0.176458,-0.019441,0.108313,0.127413,0.140072,0.120715,-0.239616,-0.093966,0.023503,0.13085,-0.192941,-0.269028,0.0106,0.19438,-0.027143,0.228868,-0.039439,-0.471228,-0.060004,0.288958,0.120635,-0.088126,-0.234306,0.162185,0.172298,0.02817,0.161348,-0.01188,0.137402,-0.120345,-0.191747,-0.015277,0.147838,-0.195963,-0.179992,-0.190525,0.162273,-0.040509,-0.302039,-0.137642,0.132247,-0.140867,0.058034,0.043563,-0.094251,0.005365,0.037675,-0.271253,0.060449,-0.17038,-0.079503,0.174494,0.10274,-0.024039,-0.046445,-0.279388,0.226535,-0.002679,-0.013488,0.24719,-0.098931,-0.012126,-0.08875,-0.061673,0.081219,-0.01733,0.386364,-0.223202,-0.220121,0.108898,0.117904,0.260376,0.086648,0.152583,-0.177019,-0.103636,-0.08046,0.171809,-0.074089,-0.140635,-0.216334,0.002912,0.186484,0.242991,-0.380197,-0.090651,0.085482,-0.062053,-0.12701,-0.159045,-0.170483,0.025019,-0.371161,0.116292,0.124633,-0.291608,-0.28455,0.055639,-0.054427,0.07486,-0.02188,-0.072069,0.24466,-0.064411,0.009224,0.09024,0.297217,-0.177214,-0.081667,0.00814,0.023809,-0.020741,0.059803,0.272444,-0.083028,0.02646,-0.051196,0.108204,0.064456,-0.189747,0.210325,-0.127043,0.240369,0.015138,0.021008,-0.026726,-0.35103,0.00126,-0.030774,0.298193,-0.06529,0.035201,0.051904,-0.210888,-0.105055,-0.163691,0.024825,0.097206,-0.120724,0.087651,0.232076,0.001249,0.07901,0.010034,-0.062853,0.109702,-0.133774,0.268729,-0.160949,-0.030412,-0.044695,0.031807,0.455758,0.163904,0.024207,-0.141773,0.093674,0.026837,0.179108,0.049345,0.01047,0.226545,-0.061069,-0.043284,-0.04104,0.119597,0.047557,0.000244,-0.205027,-0.183858,#
17,-0.333773,0.063933,0.305474,0.062041,-0.12146,0.035019,0.166348,0.029181,0.150314,0.285928,-0.238658,-0.117044,0.322736,0.038217,-0.036274,0.256697,-0.010954,1.0,-0.214219,0.203883,-0.147567,-0.335455,0.128264,-0.135225,0.141314,0.091672,0.023719,-0.101051,0.15011,0.040673,0.041348,-0.297143,-0.033483,0.040182,-0.061928,0.227242,0.071416,0.003982,0.171798,-0.110898,0.131181,-0.113302,-0.071663,-0.022176,0.047627,-0.203779,-0.100704,-0.030996,0.223949,0.078009,-0.033807,-0.062618,0.190308,0.163456,0.172218,0.053496,0.12317,-0.345978,-0.072105,0.053939,0.093826,0.041842,-0.038812,-0.094648,0.15018,0.108071,0.075931,0.12118,0.016691,-0.041956,-0.198513,-0.11192,-0.3545,0.071735,-0.163826,-0.042134,-0.081479,-0.150231,-0.090311,0.142085,-0.177528,-0.116024,-0.163741,0.499314,-0.287403,-0.079285,-0.097924,-0.145943,-0.183568,-0.17152,0.036872,-0.091327,-0.38793,0.028319,-0.08544,0.031748,-0.231584,0.153546,0.006914,0.015799,-0.43431,-0.223359,-0.047414,0.16709,0.07758,-0.035751,0.030966,-0.093226,0.137236,0.05209,0.087975,-0.21518,-0.063941,-0.016399,-0.03871,-0.145046,-0.037096,-0.083678,0.074311,-0.129511,-0.226897,-0.010545,-0.099778,-0.328674,-0.201758,-0.070937,0.219476,0.098025,-0.137878,-0.126752,0.115663,0.163994,-0.295056,-0.107367,-0.100737,-0.048901,0.065495,0.024978,-0.237376,-0.081849,-0.149449,0.093437,-0.141288,-0.338305,-0.085233,-0.071067,-0.086784,0.378451,-0.035318,-0.026783,-0.28121,-0.082843,0.165915,-0.187887,0.03244,-0.114634,0.124725,0.300945,-0.099726,-0.039737,0.08206,0.023692,-0.133871,0.312527,0.153557,0.029635,-0.091007,-0.033566,0.044274,0.033937,-0.133482,0.059103,-0.084149,-0.23448,-0.107787,-0.075698,-0.028076,0.019688,0.048652,-0.092864,0.209394,-0.07942,-0.099468,-0.176314,0.255973,-0.101605,0.177109,0.071878,-0.318574,-0.041704,0.025452,-0.228782,-0.255921,0.157881,-0.240832,-0.035187,0.121164,0.144205,0.018648,0.452951,#
18,0.355235,0.240715,-0.108706,-0.05832,0.12247,0.099838,0.152714,-0.046472,0.013,-0.008605,0.080495,-0.091535,0.187831,0.273634,0.118971,-0.183725,0.030761,-0.214219,1.0,-0.031527,0.099355,0.19538,0.22181,-0.096918,-0.002963,0.077384,-0.081942,0.181095,0.383565,0.024304,-0.071597,0.163927,0.071687,0.04868,0.02957,0.105811,-0.05001,0.061866,-0.11359,-0.020937,0.101186,0.010377,0.059369,-0.19596,-0.07725,-0.039793,0.093521,0.059884,-0.249578,-0.089293,0.101184,-0.045889,0.0457,-0.021357,-0.106592,0.092961,-0.10129,0.018517,0.031552,-0.069424,0.171002,-0.136113,-0.129984,0.036403,-0.176994,0.014327,-0.238436,-0.023632,-0.029622,0.109854,-0.153935,0.20736,0.047725,-0.333967,-0.279526,0.016896,0.092061,-0.030918,-0.135868,0.075824,0.191957,-0.091155,0.108665,-0.39736,0.054941,0.063416,-0.155054,0.042138,-0.104394,-0.213812,-0.177472,-0.009135,0.112996,-0.295251,0.268274,-0.292283,-0.128686,-0.11804,-0.228455,-0.076545,0.194699,0.062057,-0.009841,-0.280804,-0.040573,-0.191457,-0.279498,-0.090744,-0.305416,-0.161186,-0.031444,0.095494,-0.322924,-0.107859,0.141185,-0.040897,0.009051,0.032193,0.122154,-0.098467,0.010153,0.013295,0.019812,0.082168,-0.296014,-0.017607,0.056944,-0.064517,-0.105099,-0.018562,-0.107223,-0.301633,0.136967,0.036667,0.027864,0.088736,0.011925,0.107178,0.408871,-0.121151,-0.157667,-0.002574,0.092044,-0.095845,-0.026224,0.100799,-0.153354,0.047001,-0.313246,0.01207,0.070567,-0.126885,0.07101,-0.17339,0.094938,-0.15379,0.015758,-0.007808,-0.189816,0.055984,0.208101,0.092778,0.139756,-0.300313,-0.049145,0.222585,0.366626,0.223209,-0.2352,-0.06388,0.031239,-0.071853,-0.057619,0.096258,-0.011831,-0.142908,-0.235293,0.194234,0.17129,-0.125684,0.061827,-0.144173,0.05733,0.289996,-0.104437,-0.028967,0.169843,0.210292,0.107254,0.011387,-0.289975,0.182608,0.05265,0.103909,0.196228,0.081104,-0.116163,-0.151084,-0.201714,-0.139219,#
19,-0.093278,-0.139958,0.146165,-0.104793,-0.023221,-0.195938,0.044324,-0.246409,0.240655,0.19273,-0.056206,-0.163119,0.08361,0.314407,0.104354,0.126754,-0.057137,0.203883,-0.031527,1.0,0.077091,-0.034603,0.089728,-0.027018,-0.214639,-0.026792,0.199225,0.024636,0.297512,-0.2832,0.110633,0.152182,0.251043,0.088949,-0.206884,-0.120454,-0.001748,0.049622,-0.044307,0.027454,0.189625,-0.037022,-0.0758,-0.127084,-0.026342,-0.348723,-0.108533,0.207972,-0.150633,-0.095974,0.014027,-0.069471,0.051187,0.072584,-0.094567,0.058753,-0.026003,-0.168199,0.12267,0.001119,0.072648,-0.04549,-0.010679,-0.131043,0.107281,-0.237358,0.091276,0.096733,-0.068078,0.217412,-0.073646,-0.022102,0.109358,-0.11493,-0.337858,-0.210823,0.071466,0.007662,0.193244,0.297466,0.191647,0.221014,-0.055128,0.067282,-0.058158,0.477629,0.083888,-0.233221,0.110829,-0.109725,-0.096943,0.202135,-0.111864,-0.014807,0.145446,0.232504,0.025894,-0.004573,0.040309,0.106684,-0.315748,0.099426,0.122532,-0.160494,0.321877,0.163912,0.139052,0.05097,0.327227,-0.108125,0.095827,-0.204956,0.069502,0.157004,0.231361,0.010742,-0.009424,-0.031325,0.117648,-0.174359,-0.093045,0.033169,0.056515,-0.167229,-0.087292,0.261363,0.286709,0.074885,0.210381,0.19255,0.416646,-0.066752,-0.095678,-0.086814,0.262708,0.019664,0.078253,0.088715,0.049426,0.263495,0.217931,0.231706,0.041953,-0.051948,-0.132013,0.021893,0.065375,-0.06789,-0.021018,0.181146,-0.133553,0.125675,0.362806,-0.189336,0.010494,0.146972,0.288227,-0.04029,-0.019399,-0.101931,0.338828,0.030733,0.226101,-0.095954,-0.00588,0.082199,0.273204,-0.086369,0.05921,0.174171,-0.324317,-0.021415,-0.221714,-0.028345,-0.295633,0.115708,0.360622,-0.172392,0.19823,-0.040843,-0.099968,-0.042031,-0.100698,-0.131638,-0.313448,-0.257278,0.215048,0.176971,-0.225634,-0.06294,0.222157,-0.185333,-0.358498,0.026498,0.190158,-0.110317,-0.343369,-0.153886,0.313065,0.191527,#
20,-0.039731,0.13557,-0.125005,0.274948,-0.132167,-0.146211,-0.283996,0.176024,-0.18895,-0.171256,0.02621,0.014915,0.033919,0.069283,0.136633,-0.309205,-0.127497,-0.147567,0.099355,0.077091,1.0,0.050018,-0.002495,-0.204912,-0.158041,-0.205313,0.194269,0.090815,-0.294516,-0.224171,0.149815,0.053717,0.403153,0.135236,-0.268004,-0.351191,-0.155164,-0.112863,0.056132,-0.130312,0.158096,0.175453,-0.32638,-0.036648,0.118904,0.032856,0.081818,0.092454,-0.089206,-0.202108,-0.203798,0.355775,0.013959,0.142855,-0.056667,0.102399,0.110554,0.150175,-0.361154,0.082003,-0.158791,-0.130483,0.026076,0.011807,0.167339,0.031902,-0.07635,0.062712,0.154158,0.258811,-0.109182,-0.204572,-0.023708,0.269313,-0.179815,-0.216894,0.057612,0.350471,0.130767,0.084275,0.130303,0.098691,0.247614,0.088552,0.242283,0.090179,0.100496,0.258637,0.416569,-0.028866,0.22587,0.285627,0.250259,0.228372,0.317797,0.28453,0.079313,-0.107355,0.079176,0.044736,0.023209,0.01267,0.360157,0.114837,0.200081,0.23424,0.093412,0.1393,-0.062776,-0.086141,0.054186,-0.14974,-0.090934,0.232533,0.168476,0.093733,0.090804,-0.059067,-0.09828,0.172706,0.185227,-0.101764,0.1932,0.200245,0.062095,-0.039745,0.128188,-0.365855,0.064809,0.079468,0.171487,0.166875,0.090192,-0.139546,0.239845,0.347517,0.02179,0.311818,0.23024,0.100118,0.119476,0.335185,0.213465,0.097511,0.060113,-0.04851,0.166262,-0.325995,0.227037,0.35218,0.20439,0.085565,0.177185,0.236824,0.133754,0.033736,0.043559,-0.296595,0.025959,0.243538,0.209006,0.108772,0.040896,-0.069418,-0.049673,-0.146515,0.38706,0.052656,0.08782,-0.071158,-0.025809,-0.006133,-0.258517,-0.0445,-0.047463,0.055861,0.169149,-0.246998,0.033511,0.231853,-0.324799,-0.187025,0.106747,-0.074085,-0.129262,0.066699,-0.058004,-0.058789,-0.090878,0.171424,0.211056,-0.176114,-0.215797,-0.024246,0.092834,-0.259752,-0.199077,-0.414753,-0.163866,-0.091528,#
