0,1.0,0.255568,-0.088758,-0.071876,0.330322,0.186008,-0.044477,0.140214,-0.269094,0.180816,-0.022473,0.016343,0.358171,0.177168,0.082016,-0.12311,0.225031,0.003824,-0.052441,-0.221113,0.117735,0.338518,0.069775,-0.106154,-0.166248,-0.171253,0.037045,-0.24281,0.218935,0.159315,0.077043,0.08238,0.13387,-0.115661,-0.137697,0.098207,-0.140217,-0.207092,-0.075344,-0.225852,-0.130105,-0.03272,-0.030485,0.223835,-0.19538,-0.173321,0.134938,0.046924,-0.234792,-0.248022,-0.090183,-0.247698,0.047311,-0.205593,0.165998,-0.10101,-0.117591,0.10143,0.235021,0.222575,0.37608,0.055196,-0.184586,-0.095608,-0.005365,0.172858,-0.076006,0.224896,0.070139,-0.284579,-0.236504,0.097021,-0.337426,-0.185588,-0.444936,0.320945,-0.086682,-0.213985,-0.431829,-0.193768,-0.219471,-0.22634,-0.063451,-0.040052,-0.218655,-0.157732,-0.11035,-0.070942,-0.118904,-0.406412,-0.253604,-0.491058,-0.193286,-0.159374,0.05521,-0.170992,-0.070161,-0.183864,-0.169495,0.003977,0.130038,-0.301083,-0.183491,-0.126231,-0.05819,-0.182219,-0.28176,-0.033723,-0.442848,-0.075771,0.0273,0.152304,-0.273406,-0.164482,-0.219987,0.121813,-0.403885,-0.32675,0.009692,-0.140145,-0.332004,-0.060311,-0.028267,-0.211521,-0.091553,-0.01499,-0.083174,-0.158963,0.020641,0.048875,-0.263068,-0.217875,-0.113666,-0.040863,-0.463261,-0.078505,0.046717,-0.36599,0.19969,-0.257197,-0.214501,-0.170091,-0.201812,0.019271,-0.076876,-0.189819,-0.073921,0.134499,-0.367159,-0.378605,-0.154108,-0.336444,-0.203133,-0.180541,-0.087645,-0.232524,0.261944,0.287401,-0.241483,-0.367642,-0.194195,-0.254964,-0.046582,-0.381214,-0.201225,0.234013,-0.347348,-0.220963,-0.087181,-0.190638,0.154284,0.09811,-0.40839,-0.065031,0.153417,-0.416035,-0.204749,0.093101,0.176885,0.055156,0.18194,-0.06018,0.092187,0.173206,0.33199,-0.157974,0.287248,-0.085704,0.060832,0.326673,0.069883,0.278555,0.268342,0.077993,-0.133102,0.256487,-0.012469,-0.37442,-0.065077,0.287724,#
1,0.255568,1.0,0.178151,-0.199519,0.086952,0.138278,0.344074,0.286059,0.188124,0.271305,-0.172187,-0.209243,0.373533,0.240251,0.408675,-0.235744,0.159715,0.337472,0.170987,-0.158651,-0.129048,0.120443,0.308974,-0.039588,-0.187226,-0.311165,0.106128,0.028012,0.017943,0.247745,-0.389133,0.018898,0.304672,-0.089598,-0.147851,0.34124,0.06141,-0.176737,-0.053378,-0.022054,-0.298368,0.093881,-0.039417,0.207887,0.238417,-0.392055,0.250007,-0.115614,0.138939,0.246854,0.013756,-0.287765,-0.044487,-0.249566,0.060542,-0.317258,-0.164946,-0.242401,-0.135323,-0.09498,0.075486,0.194188,-0.375804,0.007872,0.129341,0.26583,-0.058234,0.227498,0.28189,-0.17715,-0.070007,-0.020776,-0.199456,-0.530038,-0.344698,0.455024,-0.219927,-0.500599,-0.186959,-0.354199,-0.166869,-0.400103,-0.380409,0.099807,-0.415579,-0.052764,-0.366131,-0.218552,-0.251671,-0.362262,-0.299274,-0.293102,-0.576598,-0.1151,-0.264316,-0.25255,0.111783,-0.228174,0.041554,-0.257774,-0.014787,-0.337294,-0.290409,-0.253478,-0.322902,-0.227128,-0.525977,-0.125626,-0.588523,-0.281874,0.066072,0.444754,-0.266479,-0.378782,-0.204404,-0.185149,-0.342087,-0.621545,-0.006423,-0.502341,-0.403661,-0.407407,-0.513976,-0.325527,-0.259799,-0.184605,-0.051225,0.128655,-0.115174,-0.181078,-0.2879,-0.31783,-0.337987,-0.022418,-0.272961,-0.291681,0.241569,-0.310289,-0.036174,-0.372013,-0.324274,-0.102827,-0.600651,-0.272844,0.032813,-0.167754,-0.291036,0.448783,-0.182557,-0.311839,-0.345233,-0.475313,-0.123007,-0.243136,-0.372743,-0.380829,0.266264,0.423099,-0.332093,-0.155577,-0.020477,-0.041718,0.257802,0.022141,-0.107157,0.404445,-0.208349,-0.160196,-0.273878,-0.095571,0.100421,-0.074024,-0.30062,-0.330089,0.328465,-0.259917,-0.178168,0.482145,0.501954,-0.588594,0.311161,0.20684,-0.137808,-0.089285,0.31836,-0.217721,0.271759,-0.101268,-0.323661,0.530901,0.133331,0.411948,0.4146,0.358095,-0.259914,0.100512,0.075231,-0.170981,0.118034,0.111558,#
2,-0.088758,0.178151,1.0,0.321197,-0.041514,-0.091669,0.0552,-0.016083,0.150376,-0.176805,-0.056074,-0.042914,-0.22802,-0.077272,-0.109534,-0.183666,-0.107185,0.142644,-0.173103,0.178048,-0.092317,0.007097,0.166362,-0.090557,0.077707,-0.159279,0.361767,0.201593,0.033906,-0.013183,0.019153,0.290085,-0.141683,-0.027674,0.157147,0.153481,0.304415,-0.241603,0.025198,-0.086333,-0.02524,0.149737,0.045802,0.061355,0.028785,-0.208771,-0.079408,0.34934,0.182776,-0.033601,-0.248427,0.146412,0.258013,0.016625,-0.236304,-0.019883,-0.073462,-0.257186,-0.304968,0.029439,-0.132944,-0.218298,0.133068,0.055001,-0.057575,-0.090289,0.006875,0.167935,0.081387,0.329944,0.328289,0.290045,0.040064,-0.102736,0.080015,0.015378,-0.021028,-0.302751,-0.021912,-0.168469,0.185734,-0.07727,-0.023239,0.11969,0.016884,0.330601,-0.110798,-0.03193,0.045655,-0.006786,-0.005084,0.060913,-0.049865,0.066804,0.025266,0.013906,0.317419,0.074667,0.058235,-0.121164,-0.028155,0.134803,0.066442,-0.037836,0.019278,-0.029466,-0.004733,0.170072,-0.332683,0.060787,0.394845,-0.014544,0.016397,0.057603,0.393331,-0.136144,-0.058465,-0.184344,-0.059156,-0.020008,0.109623,-0.062672,0.016677,-0.005819,0.125961,-0.170023,-0.172614,0.13134,0.073912,0.032213,0.471288,-0.204348,0.008289,-0.044432,0.176891,0.1356,-0.01105,0.263953,0.301429,0.058543,0.035099,0.21195,-0.060117,-0.260159,-0.119545,0.2701,-0.230369,-0.028713,0.169949,0.005009,-0.069357,-0.11239,0.148029,-0.05666,-0.116112,0.000212,-0.099873,0.123957,0.050096,0.120969,0.246428,0.020272,0.009342,0.057714,-0.090421,-0.19242,-0.084891,0.022507,0.059005,0.150951,-0.106626,-0.176715,-0.088843,0.049498,-0.206855,0.224811,0.023271,0.177492,0.028638,-0.18759,0.065204,-0.183256,-0.193407,0.157397,-0.199363,0.039626,-0.174052,0.020749,-0.068726,-0.007085,0.262419,-0.031869,0.024935,0.177131,-0.222983,0.185822,-0.079809,0.059661,0.155695,-0.075367,#
3,-0.071876,-0.199519,0.321197,1.0,-0.238344,-0.138126,-0.247225,-0.330732,-0.188421,-0.141684,0.09287,-0.020824,-0.262931,-0.085796,-0.239357,-0.059783,-0.150333,-0.000556,-0.132583,0.313375,0.203342,-0.000676,-0.056102,0.104168,0.242189,0.186588,0.098876,0.249491,0.101789,-0.241405,0.437908,0.038486,-0.156777,-0.111312,0.166046,-0.327326,0.088132,0.071586,-0.033611,-0.060558,0.166121,0.144064,-0.112211,-0.026259,-0.112017,0.260045,-0.154467,0.01801,0.16243,-0.103946,-0.007228,0.517089,0.150965,0.110624,-0.105916,0.038238,0.156623,-0.004467,-0.083953,0.365619,-0.111329,-0.080103,0.016692,-0.126495,0.151847,-0.228026,0.046104,0.318075,-0.051148,0.015989,0.135267,0.161252,0.192368,0.165612,0.029522,-0.348259,0.122443,0.092391,0.181503,0.034631,0.336075,0.478927,0.2706,0.174543,0.206093,0.100716,0.287384,0.143726,0.145752,-0.062914,0.283314,0.188677,0.482782,-0.086195,0.405169,0.122989,0.058416,0.002902,-0.035545,0.190264,0.049734,0.263943,0.279873,0.083467,0.290353,0.297745,0.218674,0.123847,0.229847,0.183577,-0.11406,-0.145349,0.213724,0.236493,0.283985,0.104898,0.223928,0.025145,-0.056849,0.182687,0.187407,0.207255,0.418447,0.118496,0.052294,0.111377,0.057633,-0.034554,0.108717,0.270843,0.327848,0.0919,0.235931,0.191213,0.303592,0.328456,0.023044,0.240847,0.286393,0.29065,0.272336,0.195889,0.19102,0.054694,0.257119,0.341487,0.229614,-0.237613,0.237347,0.17348,0.259145,0.243458,0.23097,0.334305,0.112041,0.210804,-0.278877,-0.139805,0.111898,0.279875,-0.100026,0.159328,-0.165637,0.015961,-0.111214,-0.338829,0.071521,0.148335,0.184777,0.187109,-0.249698,-0.03947,0.395373,0.149776,-0.461871,0.325441,0.221203,-0.064185,-0.395937,0.154926,-0.349123,-0.175478,-0.110222,-0.041786,-0.194757,0.149717,-0.12529,0.211655,0.313678,-0.271313,0.107701,-0.245347,-0.168305,-0.197757,-0.185946,0.00471,-0.375457,0.190084,0.12098,-0.230935,#
4,0.330322,0.086952,-0.041514,-0.238344,1.0,0.012321,-0.017421,0.177402,-0.221978,-0.145383,0.113544,0.05027,0.173521,-0.078489,0.186977,0.061616,0.119986,0.023896,0.146014,-0.041022,-0.069454,-0.139432,0.007672,-0.28507,0.014263,-0.255839,-0.280167,-0.097069,0.074236,-0.052818,-0.121233,-0.16711,-0.103136,-0.156399,-0.236975,0.112305,-0.146434,-0.236751,-0.115551,0.167122,-0.070349,-0.172014,-0.185277,0.025502,-0.132358,-0.028788,0.013141,0.174211,-0.071108,-0.080155,0.264287,-0.102996,0.130435,-0.193957,0.091492,0.031015,-0.346271,0.086374,0.139254,-0.247921,-0.001005,0.118489,-0.041143,0.130803,0.027722,0.316601,0.086973,-0.168542,0.072743,0.008921,-0.150359,0.019529,-0.185412,0.084157,-0.077084,0.371375,0.002691,-0.361861,-0.154272,-0.311723,-0.140098,-0.275023,-0.159586,0.042611,-0.123044,-0.096747,-0.086622,-0.155383,-0.201851,-0.089426,-0.107,-0.329991,-0.05591,-0.242027,-0.19919,-0.025711,0.100828,-0.253842,0.018396,0.093616,0.159063,-0.233959,-0.167854,-0.216595,-0.197824,0.029016,-0.175665,-0.063437,-0.17439,-0.179238,0.032871,-0.088917,-0.116593,-0.092732,-0.239449,-0.145174,-0.221455,0.004929,-0.131751,0.013665,-0.286183,-0.010903,-0.046531,-0.022561,-0.049348,-0.189161,0.155174,0.011401,-0.085743,-0.047756,-0.097655,-0.218132,-0.119487,-0.105818,-0.223559,-0.152235,0.015575,-0.286131,-0.125245,0.010495,-0.133375,-0.208997,-0.061004,-0.028716,0.021273,-0.009372,-0.257257,0.034289,-0.200112,-0.448437,-0.286211,-0.194662,-0.48235,-0.130833,-0.32071,-0.183495,0.130016,0.276099,-0.165566,-0.239341,-0.143459,-0.221927,-0.092016,-0.048849,-0.133207,0.05335,-0.093815,-0.044673,-0.069229,-0.166509,0.065786,0.006466,-0.109468,-0.085025,0.145626,-0.191552,-0.124572,0.096696,0.161586,-0.06079,0.193718,-0.067623,0.335506,0.116394,0.129975,-0.415532,0.166477,-0.215601,-0.172306,0.107787,-0.083916,0.030258,0.225327,-0.078681,0.032123,-0.111097,0.160918,-0.082106,-0.310186,0.279369,#
5,0.186008,0.138278,-0.091669,-0.138126,0.012321,1.0,0.118257,0.195294,-0.017687,0.025511,0.316944,0.081966,0.102116,-0.13539,-0.063638,-0.016104,0.329164,0.077158,-0.184241,0.151594,-0.075934,0.300115,0.160811,-0.093325,-0.171572,-0.318901,0.062212,-0.258966,-0.227085,-0.340865,-0.053477,0.164036,0.068805,-0.040888,-0.062831,-0.092705,-0.075277,0.028156,-0.19969,-0.283125,-0.033075,0.322384,0.082152,0.173919,0.212476,-0.222434,0.070991,0.167614,0.107457,-0.243851,-0.07627,-0.004036,0.140849,-0.154641,-0.010015,-0.092915,0.001069,-0.202653,0.073868,-0.275993,0.00303,-0.217703,-0.245311,0.029687,0.038992,0.090509,-0.21902,-0.113207,0.109106,0.08386,0.064487,0.295664,-0.094724,-0.05806,-0.282757,0.247693,-0.293103,-0.064165,-0.121304,-0.035363,0.358547,-0.175088,0.006083,-0.269165,0.049524,0.159195,0.031981,-0.144859,-0.045438,-0.329998,-0.077841,-0.046578,-0.211344,-0.022429,-0.019156,0.033952,0.029274,-0.045666,0.028105,-0.009163,-0.196113,-0.110067,0.145712,-0.014093,0.050858,-0.224133,-0.033768,-0.236215,-0.282123,-0.073948,0.14413,0.019067,-0.11536,-0.17859,-0.008535,-0.268047,-0.523045,0.05341,0.051919,-0.183665,-0.144101,-0.309151,0.166217,-0.31005,-0.127086,0.169856,-0.078178,0.103602,0.141446,0.18123,-0.082282,-0.013639,-0.083435,-0.17823,-0.104906,0.004164,0.021456,-0.246725,-0.041336,-0.28475,-0.189573,-0.115691,-0.27936,0.033924,0.113785,0.212065,-0.060864,-0.008181,0.011839,-0.078612,0.009054,-0.039042,-0.097203,0.048825,0.063668,-0.149702,0.036436,0.092271,-0.026439,-0.088594,0.005263,0.019114,0.045248,0.180788,-0.109073,0.256891,0.135603,-0.086807,0.039505,-0.047477,0.179612,-0.056348,-0.350367,0.189412,0.022667,-0.2148,-0.120499,0.073167,0.031756,-0.072357,0.139842,-0.051849,-0.039538,-0.015221,-0.002799,-0.010761,0.087068,0.144671,-0.176995,-0.07528,0.168988,-0.000213,0.066299,-0.161755,0.150726,0.061779,0.077337,-0.04703,-0.037616,0.017608,#
6,-0.044477,0.344074,0.0552,-0.247225,-0.017421,0.118257,1.0,0.310371,0.442878,0.278457,0.050021,-0.154303,0.384346,-0.164262,0.224703,-0.140309,-0.057827,-0.034694,0.135865,-0.163312,-0.188676,0.153051,-0.008664,-0.029766,-0.045217,-0.260957,0.231985,-0.078742,0.263945,0.042722,-0.484245,-0.156721,0.138586,0.004382,-0.09237,0.185704,-0.122681,-0.075457,0.056464,-0.039111,-0.077141,0.183061,-0.049716,-0.240275,-0.064102,-0.188389,0.189796,0.005213,0.075226,0.134824,-0.134634,-0.233811,-0.087638,-0.202916,-0.152834,-0.073847,0.197112,-0.164649,-0.19956,0.067619,0.061147,0.021808,-0.072947,0.203224,0.244024,0.257748,0.181408,-0.112361,0.374338,-0.125079,0.154013,-0.032588,-0.257888,-0.424852,-0.087169,0.372511,-0.009073,-0.162831,-0.082825,-0.079793,-0.196174,-0.314021,-0.319833,-0.222457,-0.092011,0.427276,-0.108161,-0.094008,-0.147434,-0.229986,-0.264305,-0.079861,-0.368512,-0.023099,-0.056319,-0.149953,0.233521,0.107005,0.11522,-0.220518,-0.114138,-0.12337,0.024517,-0.030262,-0.16217,-0.191904,-0.322672,-0.109213,-0.404949,-0.241191,0.045009,0.15239,-0.214585,-0.415886,-0.089637,-0.259164,-0.120669,-0.039279,-0.205063,-0.128688,-0.114654,-0.13335,-0.200184,-0.361336,-0.263327,0.051455,0.178184,0.482204,-0.091659,-0.061583,-0.233955,-0.598783,-0.457541,0.092468,0.051085,-0.096515,-0.065184,-0.076916,-0.19035,-0.259724,-0.016778,-0.083908,-0.233218,-0.086763,0.085879,-0.165225,-0.288327,0.544323,0.052579,-0.177237,-0.026002,-0.15256,0.114278,-0.271813,-0.227993,-0.076923,0.168443,0.10407,-0.127118,-0.225088,0.133289,0.081604,0.332142,0.178241,0.09076,0.238127,0.125998,-0.004095,-0.206977,0.215562,0.307779,-0.103604,-0.165504,-0.006192,0.211569,-0.033635,0.135944,0.174344,0.330947,-0.159978,0.377863,0.237353,0.124738,-0.117676,0.213314,-0.071059,0.265092,0.07943,-0.314476,0.332369,0.216455,0.278197,0.04828,0.119152,0.011797,0.074701,-0.084925,-0.072928,-0.062262,-0.172295,#
7,0.140214,0.286059,-0.016083,-0.330732,0.177402,0.195294,0.310371,1.0,0.105941,0.135148,0.034877,-0.218852,0.256526,0.134074,0.004221,0.093096,0.022316,-0.092107,0.038293,-0.017393,-0.015212,0.169132,-0.03433,0.272358,-0.063501,-0.096603,0.066939,-0.172713,0.063647,-0.054438,-0.18251,-0.037266,0.340517,0.046587,-0.118647,0.111495,-0.048221,-0.122693,0.196535,-0.164385,-0.14213,0.13334,-0.166864,0.179377,-0.235975,-0.206316,0.090992,-0.06075,0.105636,-0.122403,-0.220489,-0.066091,0.105197,-0.036358,-0.064243,-0.076746,-0.026542,-0.080113,-0.10667,-0.045637,0.059996,-0.026159,-0.343293,0.193747,0.02621,0.168751,0.101094,0.0,0.249936,-0.120047,0.122744,0.073721,-0.318313,-0.116379,-0.014946,0.368633,0.016827,-0.008842,-0.018543,-0.0201,-0.108581,-0.069703,-0.018251,0.033929,-0.150167,0.213461,0.129127,0.108083,-0.068384,-0.179203,-0.360633,-0.137705,-0.305741,0.035017,-0.19291,0.092121,0.282322,0.110645,0.294611,-0.249616,-0.099431,-0.1426,0.11539,-0.055335,0.152228,-0.065897,-0.18058,-0.146874,-0.334939,-0.355873,0.071406,0.1915,-0.110164,-0.110073,0.042519,0.025523,-0.137371,-0.055118,-0.154409,0.011428,-0.130132,-0.273852,-0.019975,-0.180186,0.00959,-0.016971,0.015544,0.066814,-0.157468,-0.0774,-0.291119,-0.123646,-0.098008,-0.152682,-0.022391,-0.054178,0.328943,-0.030028,-0.166043,-0.217814,-0.05178,0.199509,-0.212663,0.077732,0.014653,-0.030038,-0.135707,0.120126,-0.019981,-0.284066,-0.100969,-0.001183,-0.189197,-0.058295,-0.132173,-0.108245,0.3291,-0.092531,0.013332,-0.011902,-0.059387,0.300253,-0.050538,-0.050267,0.068928,0.020096,0.15615,-0.338832,-0.210809,0.147353,0.09609,-0.08918,-0.357107,0.003333,0.191843,-0.096719,0.181097,-0.107954,0.143907,-0.174695,0.223063,0.136838,0.158753,0.007608,0.173063,0.092017,0.136279,-0.220055,0.003564,0.25273,0.189199,0.040305,0.093576,-0.173103,-0.159585,-0.003721,0.072081,-0.196219,-0.03335,0.028596,#
8,-0.269094,0.188124,0.150376,-0.188421,-0.221978,-0.017687,0.442878,0.105941,1.0,0.15749,-0.186674,-0.117495,0.246953,0.074694,0.127778,-0.296314,-0.08912,0.303307,0.025371,-0.034824,-0.070664,0.078751,0.056363,0.168675,0.208155,-0.040879,0.34724,0.024928,0.083204,0.071481,-0.173784,-0.022948,0.097292,-0.160152,-0.076863,0.163634,0.211223,-0.206145,-0.044829,-0.111822,0.126653,-0.105992,0.05317,-0.077135,0.236692,-0.299509,0.035137,0.057089,0.069344,0.293149,-0.110043,-0.315349,0.045846,0.024845,-0.403743,0.076479,0.153897,-0.29365,0.128805,0.073698,-0.059097,-0.200106,-0.071707,0.084238,0.219108,0.216747,0.143914,-0.028842,0.064922,0.1016,0.123656,0.1298,-0.115874,-0.16872,0.070661,0.136607,0.122546,-0.002156,0.082225,-0.234679,0.086584,-0.116622,-0.233632,-0.189253,-0.02346,0.3049,-0.07037,-0.098323,0.066436,-0.057381,-0.060815,0.240229,-0.345168,0.245533,0.031033,-0.006939,0.268113,0.155212,0.00323,-0.051898,-0.11803,0.233118,0.139183,0.235903,-0.106933,-0.226264,-0.095667,-0.083667,-0.024019,-0.104502,0.318454,0.110777,-0.065539,-0.373964,0.15295,-0.032774,-0.045533,-0.12147,-0.00567,-0.107376,0.017638,-0.068057,-0.15134,-0.102222,-0.069285,0.06264,0.062079,0.122948,-0.082581,-0.070166,-0.069511,-0.180646,-0.157984,-0.006962,0.212541,-0.065913,-0.054714,0.093571,-0.149748,-0.127962,-0.00821,-0.004697,-0.032951,-0.356719,-0.168333,-0.110242,-0.187676,0.292535,0.186429,-0.05967,0.153533,-0.069347,0.230316,-0.249527,-0.038319,0.102981,0.357541,0.223039,0.04832,-0.037255,0.23884,0.258919,0.244904,-0.147673,0.356133,0.246647,0.102094,0.091056,-0.244708,0.123774,-0.179782,0.08391,-0.047342,0.089069,0.001593,0.199495,-0.009904,0.104332,0.461681,-0.28095,0.293645,0.126204,-0.139237,-0.097158,-0.074267,0.029216,0.257092,0.044846,-0.297651,0.155921,0.162591,0.012266,-0.053152,0.079034,-0.101996,0.252182,0.067079,-0.0377,0.158167,-0.02099,#
9,0.180816,0.271305,-0.176805,-0.141684,-0.145383,0.025511,0.278457,0.135148,0.15749,1.0,-0.24921,0.054957,0.336524,0.25116,0.210435,0.094059,-0.073792,0.075194,0.1259,-0.108545,-0.280108,0.213507,0.18208,-0.009655,-0.139302,-0.122821,0.239386,-0.032773,0.100334,0.444623,-0.128328,0.076053,0.208058,0.014876,-0.190493,0.290277,-0.239614,-0.063069,-0.053505,-0.110788,-0.136622,-0.017631,0.057205,-0.06195,0.008544,-0.474261,0.244019,-0.063904,-0.17907,0.12145,-0.214606,-0.136657,-0.012726,-0.39299,0.046869,-0.262487,0.262269,-0.219388,0.085098,0.009925,0.190266,-0.02322,-0.285127,-0.095468,0.213893,0.104435,-0.114227,0.160046,0.018308,-0.240098,-0.084827,-0.160072,-0.180035,-0.480629,0.005904,0.221343,0.09751,-0.229958,0.012486,0.010305,-0.225045,-0.276099,-0.358992,0.043651,-0.088274,0.030618,-0.328466,-0.117972,0.046275,-0.179703,-0.183097,-0.128371,-0.296735,0.059815,0.20116,-0.086608,-0.102206,0.214248,0.094407,-0.225291,-0.186353,-0.158113,-0.082447,0.018316,0.005197,0.009795,-0.455893,-0.175283,-0.201974,-0.338022,-0.078076,0.415046,0.021878,-0.241608,-0.408469,-0.240146,-0.195762,-0.080191,0.266914,-0.429033,-0.086925,-0.252996,-0.192491,-0.261886,-0.464572,0.148335,0.039352,-0.016696,0.072798,-0.273641,-0.225002,0.030389,-0.27923,-0.092789,-0.25561,-0.248865,0.009797,-0.221102,0.052749,-0.343961,0.044165,-0.248716,-0.419174,-0.378965,-0.003725,-0.124704,0.008143,0.234729,-0.370376,-0.230205,-0.224414,-0.501458,-0.02732,-0.279383,-0.080678,-0.170773,0.164592,0.328552,-0.137441,-0.248222,-0.093467,-0.046699,-0.006421,0.041495,0.194789,0.234216,-0.298601,-0.145747,-0.350953,0.118257,0.10259,0.103822,-0.173318,-0.020092,0.312466,-0.36891,-0.217835,0.188576,0.272976,-0.196306,0.199122,0.023743,-0.22993,-0.367281,0.255347,-0.10378,0.32634,-0.043364,-0.11841,0.295967,0.108876,-0.066604,0.122266,0.479134,-0.084354,0.015734,-0.154404,-0.027383,0.256616,0.089456,#
10,-0.022473,-0.172187,-0.056074,0.09287,0.113544,0.316944,0.050021,0.034877,-0.186674,-0.24921,1.0,-0.037191,-0.159099,-0.436367,-0.143348,0.123293,0.134566,-0.138487,0.129695,-0.134404,0.009029,0.046852,-0.092262,-0.05129,-0.116008,-0.051044,-0.168687,0.0202,-0.059982,-0.428437,0.186661,-0.039859,-0.223009,-0.044101,0.41411,-0.212293,-0.010305,0.150118,-0.090713,0.028209,-0.107672,0.052881,0.086641,-0.004765,-0.03493,0.182221,-0.183574,-0.014012,0.185098,-0.316622,0.026464,0.215364,0.037561,0.009648,-0.005422,0.105488,-0.187074,0.202382,-0.103094,-0.113837,-0.12288,-0.164081,-0.010862,-0.012886,0.048189,-0.241507,-0.065581,-0.278323,0.191332,0.082659,0.072313,-0.037101,0.030217,-0.057475,0.007724,0.093277,-0.093436,0.185238,-0.000113,-0.243977,0.073241,0.147942,0.019113,-0.177368,0.164131,0.121522,0.248664,-0.129664,-0.103452,0.010516,-0.170478,-0.16242,0.070075,-0.253595,-0.107846,0.092942,-0.04667,-0.183529,0.044462,-0.072132,-0.064542,-0.151588,0.158772,-0.212833,-0.007166,-0.090144,-0.026175,-0.1652,0.060266,0.227776,-0.195139,-0.097025,-0.025112,-0.133101,0.070152,-0.109997,0.035537,0.055813,-0.114457,0.190248,0.009556,-0.075768,0.119157,-0.038817,-0.107994,0.086922,-0.074153,0.221714,0.005813,-0.000696,0.174801,-0.047415,0.034,0.034078,0.247217,0.191755,-0.028944,0.067318,-0.270026,0.06785,-0.052437,0.195931,0.132,0.005524,0.026431,0.060261,-0.130289,-0.051018,0.037343,0.154184,0.060738,0.228063,-0.105304,0.065656,-0.014159,-0.268756,-0.431139,-0.282394,-0.107616,-0.012122,-0.135832,0.117669,0.045993,0.06422,-0.222438,-0.191231,0.079391,0.18385,0.364204,0.165766,0.205965,0.009966,0.076035,0.021029,-0.095415,0.050155,0.090494,0.035161,-0.396882,0.283275,0.110847,0.024201,0.253527,0.217127,-0.0775,-0.205732,-0.239617,-0.012754,0.274417,-0.049749,-0.19038,-0.040949,0.119555,-0.435774,0.117767,-0.037824,0.202765,0.018415,-0.303403,-0.082823,#
11,0.016343,-0.209243,-0.042914,-0.020824,0.05027,0.081966,-0.154303,-0.218852,-0.117495,0.054957,-0.037191,1.0,-0.139787,-0.049906,-0.197422,0.095875,0.140953,-0.018763,-0.243805,-0.113792,-0.170101,-0.051907,-0.098946,-0.277064,0.058225,-0.06994,-0.032331,-0.018189,-0.07696,-0.114236,-0.057043,-0.057991,-0.065449,-0.049454,0.096899,0.13508,-0.232922,-0.133366,-0.145986,0.106536,0.097589,-0.023994,0.049707,-0.33669,-0.16295,0.04974,-0.308697,0.122349,-0.125067,0.332,0.009956,0.02001,-0.003505,0.084306,0.000781,-0.007168,-0.103981,-0.000274,0.146579,-0.002154,-0.058813,0.099605,0.250082,-0.469584,0.107319,-0.071172,-0.078415,-0.191258,-0.167562,0.092271,-0.002113,-0.140787,0.027626,0.312529,-0.088583,0.02515,-0.35475,-0.14909,-0.093998,0.157842,0.105282,0.104043,0.007586,-0.383754,0.177352,-0.147023,-0.083765,0.070186,-0.050284,0.165484,0.076677,0.054997,0.109164,-0.002815,0.011671,0.11584,-0.168071,0.054149,-0.112353,0.032673,0.185128,0.289573,-0.277206,0.063345,-0.136321,0.050966,0.066295,0.136581,0.216008,0.300935,-0.117619,-0.128468,-0.059792,-0.025899,-0.025606,-0.191836,0.039045,0.233491,0.188135,0.167958,0.191077,-0.158246,0.19182,0.177342,-0.062149,-0.058324,-0.074324,-0.122132,0.310886,-0.046255,-0.017226,0.210201,-0.237406,0.053461,0.102744,-0.221753,-0.000459,-0.078969,0.077414,0.068807,0.137696,-0.079578,0.041458,0.097679,-0.101408,0.116212,-0.026267,-0.219186,-0.136223,0.069965,-0.006371,0.046722,-0.074296,0.126011,-0.011244,0.179689,-0.141491,0.183801,-0.027377,0.026669,-0.149793,-0.445869,0.070986,0.05021,-0.098437,-0.030744,0.019905,0.033604,0.139812,0.054142,0.012804,0.244411,0.063463,0.059468,-0.120558,-0.13896,-0.279198,-0.041591,-0.095009,0.156193,-0.061972,-0.077196,-0.077239,0.02889,0.039787,-0.114891,-0.059853,0.20895,0.015886,-0.150014,-0.210085,0.056971,0.028552,0.084737,0.068001,-0.171677,0.281155,-0.062901,-0.021975,0.239265,#
12,0.358171,0.373533,-0.22802,-0.262931,0.173521,0.102116,0.384346,0.256526,0.246953,0.336524,-0.159099,-0.139787,1.0,0.290577,0.162791,-0.241026,-0.067782,0.139028,0.163537,-0.048545,-0.063784,0.250172,0.167185,-0.028738,-0.1151,-0.246528,0.069078,-0.161084,0.076296,0.23733,-0.128267,-0.0699,0.217131,-0.154995,-0.245317,0.202227,0.09374,0.00679,-0.094658,-0.326411,0.118515,0.084898,0.109054,0.061085,-0.075743,-0.390452,0.359585,0.042878,-0.039251,-0.027585,-0.138079,-0.054153,0.100017,-0.112593,-0.017889,0.054131,0.093666,-0.158909,0.203705,0.074369,0.361103,0.084017,-0.121521,0.002494,0.197272,0.397618,-0.010962,0.069315,0.305193,-0.219479,0.168736,-0.046916,-0.364619,-0.298958,-0.167233,0.379606,0.137236,-0.060707,0.010932,-0.245544,-0.056194,-0.319643,-0.254454,-0.034849,-0.28324,0.083067,0.005783,0.173825,-0.046077,-0.336728,-0.162714,-0.154687,-0.393146,0.123299,-0.138931,0.006362,0.281292,0.01465,0.08646,-0.201172,-0.083655,-0.005171,0.151655,0.087963,0.061423,-0.053345,-0.231483,-0.282568,-0.31565,-0.261152,0.170977,0.287571,-0.138641,-0.290876,-0.133072,-0.099161,-0.237353,-0.198137,0.069509,-0.345156,-0.161451,-0.291077,-0.17564,-0.27599,-0.156625,0.208742,0.216315,0.326786,0.135934,0.095771,-0.401675,-0.085567,-0.28441,-0.047132,-0.312189,-0.029793,-0.181269,-0.325266,0.021064,-0.124589,-0.081573,-0.178753,-0.282477,-0.146279,0.287768,-0.008159,-0.268377,0.317585,0.000309,-0.504487,-0.019953,-0.308424,0.120975,-0.295311,-0.127068,-0.081134,0.47454,0.344947,0.002404,-0.412922,0.043683,0.012223,0.14436,0.066897,0.349785,0.413349,0.074706,-0.127101,-0.396954,0.037111,-0.009135,0.159822,-0.15887,0.074851,0.333185,-0.272445,0.050179,0.198249,0.494455,-0.203336,0.203411,0.160337,0.001838,-0.133381,0.285157,-0.087307,0.544983,-0.08287,-0.393795,0.397586,0.29478,0.127829,0.174188,0.145764,0.07994,-0.047136,0.03006,0.055339,0.2028,0.069413,#
13,0.177168,0.240251,-0.077272,-0.085796,-0.078489,-0.13539,-0.164262,0.134074,0.074694,0.25116,-0.436367,-0.049906,0.290577,1.0,0.237434,0.051961,-0.25728,0.327714,0.054239,-0.029363,-0.076662,0.420779,0.497375,0.352821,-0.0399,0.127243,0.313246,0.046217,0.001708,0.428704,-0.149421,0.142626,0.278031,0.012836,-0.159433,0.309444,0.060145,-0.226146,0.22131,-0.226045,-0.068307,0.071046,0.225971,0.257412,-0.142993,-0.3056,0.214002,-0.132959,-0.234388,0.047999,0.072616,-0.146317,0.098134,-0.032029,-0.083879,-0.05532,0.016814,0.03624,0.138175,0.130482,0.266541,0.118761,-0.250931,-0.012738,0.030422,0.053628,-0.261408,0.368903,-0.037891,-0.036147,-0.175436,0.090639,-0.161234,-0.023688,-0.306463,0.0732,0.014506,-0.195276,-0.227321,0.03989,-0.093882,-0.281101,-0.163208,0.240409,-0.147496,-0.074727,-0.130157,0.043205,0.013367,-0.346166,0.044326,-0.092778,-0.208737,0.185776,-0.058187,-0.076435,-0.112314,0.080402,-0.125954,-0.111293,0.082491,-0.102134,0.048149,-0.18664,0.013422,-0.136102,0.113014,-0.216159,-0.140679,-0.168333,0.063789,0.229948,-0.074564,-0.007632,-0.077099,-0.005797,-0.234067,-0.341166,0.12033,-0.209552,-0.170135,-0.294785,-0.031473,-0.212104,-0.238116,-0.009678,-0.026546,-0.086442,0.033872,-0.000265,-0.153704,0.178114,-0.284177,-0.233653,-0.496615,-0.14134,0.118161,-0.119289,0.154167,-0.157344,-0.08571,-0.226399,-0.271152,-0.239495,-0.278879,-0.138313,-0.013405,0.029104,-0.319001,-0.271511,-0.233175,-0.288429,-0.048007,-0.289059,-0.106081,0.049677,0.357406,0.148624,0.009377,-0.115066,0.109439,-0.006065,0.096073,-0.012001,0.124849,0.240335,-0.058895,-0.050699,-0.20523,-0.087127,-0.209684,-0.041145,-0.267046,-0.233382,0.097164,-0.262631,-0.056293,-0.03325,0.441044,-0.247016,0.199384,-0.14073,-0.262185,-0.063062,0.181517,0.144784,0.214298,-0.380188,-0.21356,0.248971,-0.001266,0.046496,-0.008757,0.266025,-0.049275,-0.141272,0.198433,-0.148266,0.403187,-0.038148,#
14,0.082016,0.408675,-0.109534,-0.239357,0.186977,-0.063638,0.224703,0.004221,0.127778,0.210435,-0.143348,-0.197422,0.162791,0.237434,1.0,-0.032598,-0.058612,0.193661,0.365448,-0.124109,-0.097892,0.011999,0.101438,0.101815,-0.164893,-0.109092,-0.007434,0.206659,0.255731,0.207251,-0.348409,-0.095362,-0.025952,-0.077246,-0.129472,0.1924,-0.091591,-0.180066,0.166601,0.160873,-0.349553,0.060023,-0.029213,0.176748,0.213154,-0.1051,0.242707,-0.045428,0.036718,0.062095,0.155606,-0.237745,-0.060811,-0.103247,0.083099,-0.313343,-0.165452,-0.101073,-0.104687,-0.243338,-0.002275,0.20576,-0.31527,0.28608,0.012202,0.132722,-0.128737,0.098059,-0.004978,-0.189589,-0.247509,-0.137879,-0.054082,-0.409515,-0.329745,0.27669,0.005991,-0.287236,-0.23932,-0.327144,-0.205049,-0.528925,-0.508777,0.134628,-0.38303,-0.017688,-0.248598,-0.267836,-0.210658,-0.187386,-0.021682,-0.166254,-0.140915,0.011004,-0.373617,-0.208132,-0.347269,-0.176517,-0.258325,-0.064237,0.045248,-0.392572,-0.24332,-0.308642,-0.205984,-0.214036,-0.418345,-0.066708,-0.408135,-0.204104,-0.094029,0.251135,-0.391403,-0.254116,-0.324033,-0.154717,-0.24279,-0.347952,-0.125595,-0.330242,-0.373329,-0.124901,-0.466396,-0.211962,-0.156303,-0.38685,-0.138582,0.063491,-0.193503,-0.291727,-0.091687,-0.215788,-0.460684,-0.083378,-0.311823,-0.339634,0.139467,-0.111805,-0.027814,-0.247821,-0.300281,-0.145896,-0.323186,-0.197478,-0.169956,-0.239013,-0.177399,0.306149,-0.384923,-0.193867,-0.43191,-0.5244,-0.160578,-0.381333,-0.247278,-0.351101,0.113161,0.250745,-0.458911,-0.044223,0.096194,-0.129759,0.190043,0.062132,-0.141891,0.293752,-0.186904,0.078609,-0.173937,-0.169688,0.314556,0.069534,-0.181997,-0.275112,0.461016,-0.273828,-0.304421,0.186773,0.398091,-0.161263,0.360157,0.023882,0.154324,0.11707,0.371223,-0.328281,0.079761,-0.138581,-0.250708,0.267585,0.00631,0.445611,0.312843,0.325319,-0.056842,0.047943,0.061159,-0.195809,-0.070998,0.122423,#
15,-0.12311,-0.235744,-0.183666,-0.059783,0.061616,-0.016104,-0.140309,0.093096,-0.296314,0.094059,0.123293,0.095875,-0.241026,0.051961,-0.032598,1.0,-0.063918,-0.185749,0.002391,0.004252,-0.178133,-0.014771,0.087398,0.170291,-0.076233,0.228329,0.009825,-0.154758,0.108404,-0.101773,0.002424,-0.039151,0.012764,0.183995,-0.008792,0.21701,-0.021071,0.127511,0.137216,0.155896,-0.222867,-0.228284,-0.227382,0.044049,-0.023424,0.133395,-0.087538,0.026858,-0.271599,0.030495,0.211235,0.12654,-0.146988,0.028792,0.027743,0.018083,0.069144,0.058685,-0.136109,-0.216744,0.040739,0.038961,0.022917,-0.152789,-0.057329,-0.212084,-0.311563,0.06784,-0.072742,0.110197,-0.077333,-0.208063,0.168054,0.198662,-0.034713,-0.010931,-0.06986,-0.059657,-0.12921,0.148744,-0.073706,0.037911,0.20311,0.19801,0.347829,-0.217892,0.059748,-0.193511,-0.009439,-0.000988,0.189031,0.15111,0.082697,0.071389,-0.054859,0.335321,-0.089604,0.042814,-0.077255,-0.116224,-0.053258,-0.064134,-0.081537,-0.062924,0.179889,-0.168028,-0.084347,0.158399,0.103392,-0.03509,-0.210843,-0.130965,0.120674,0.063535,0.069802,0.050708,0.086147,-0.013065,0.074928,0.098274,-0.065091,0.051702,0.174527,-0.081164,-0.0853,0.076338,-0.093396,-0.139578,-0.062639,-0.161923,-0.099931,0.235111,-0.013885,-0.065912,-0.077985,-0.059856,0.05586,0.053137,-0.152934,-0.089649,0.13158,0.07494,0.044355,0.126473,-0.09508,-0.087462,0.215827,-0.197744,-0.131638,-0.032612,-0.081922,0.06875,-0.186864,0.168358,0.11383,0.111151,-0.064537,-0.105202,-0.099706,0.10859,0.167007,0.029822,-0.142219,0.039764,-0.320153,-0.227945,0.14239,0.074611,0.13144,-0.013935,0.015133,-0.228564,0.000869,-0.106149,-0.131562,0.047727,-0.101638,-0.156258,-0.170494,0.134083,0.038418,-0.258795,-0.022407,0.037439,0.005132,0.062689,-0.092077,-0.129098,-0.040517,-0.200587,-0.154988,-0.150831,-0.049743,-0.069168,-0.004528,-0.195531,0.193611,-0.066358,0.087367,-0.132788,#
16,0.225031,0.159715,-0.107185,-0.150333,0.119986,0.329164,-0.057827,0.022316,-0.08912,-0.073792,0.134566,0.140953,-0.067782,-0.25728,-0.058612,-0.063918,1.0,-0.049769,0.175812,-0.268862,0.108105,-0.268107,-0.082778,-0.265848,-0.191893,-0.18025,-0.209267,-0.061761,-0.142294,-0.066729,0.03915,0.127709,0.153413,-0.022477,0.042843,0.132187,0.11495,-0.149659,-0.304297,0.126366,-0.038233,-0.110198,-0.09283,0.289225,0.147734,0.034576,-0.172273,0.008971,0.086359,-0.014849,0.019965,-0.033883,0.157315,-0.166533,0.108609,-0.127961,-0.276784,0.014509,0.042327,-0.080267,-0.077806,0.045375,0.150169,-0.047828,-0.052502,0.073153,-0.014702,-0.144762,0.102761,-0.14207,-0.209313,0.05421,0.034833,-0.07212,0.006945,0.172984,-0.343122,-0.073095,-0.152852,-0.084314,-0.061654,0.049091,-0.062293,-0.263474,-0.16127,-0.283227,-0.239375,-0.035784,-0.111402,-0.250959,-0.254195,-0.149476,-0.10698,-0.238673,-0.189727,-0.235901,-0.142106,-0.337179,-0.23442,-0.129865,0.068369,-0.208988,-0.247452,-0.123848,0.010162,-0.07659,-0.097373,0.01781,-0.118324,0.119085,0.048616,-0.007608,-0.102278,-0.064287,-0.154482,-0.048233,-0.337307,-0.026858,-0.101136,0.003881,-0.234139,-0.036935,-0.124208,-0.140609,0.076081,-0.246728,-0.199718,-0.134128,-0.266641,-0.239967,-0.137457,-0.045771,0.058922,0.131695,-0.028535,-0.184187,0.209695,-0.369498,-0.123085,-0.103389,-0.383728,0.135818,-0.123835,0.174675,0.117006,-0.000591,-0.118683,0.081171,-0.129609,-0.132466,-0.188715,0.136286,-0.089997,0.077289,-0.260241,-0.316165,-0.090603,0.22635,-0.301608,0.087781,-0.174011,-0.087376,0.046366,-0.14631,-0.128843,0.214807,-0.088844,-0.209743,0.103093,-0.207343,0.066904,0.129755,-0.26126,-0.145129,0.145533,-0.313632,-0.266031,0.224167,-0.152322,-0.047852,-0.22014,0.096352,0.277469,0.15646,0.084783,-0.049672,0.11228,0.285532,0.239079,0.025476,0.035516,0.31101,0.283736,0.060352,-0.015247,0.418614,0.187233,-0.183686,-0.483369,0.08303,#
17,0.003824,0.337472,0.142644,-0.000556,0.023896,0.077158,-0.034694,-0.092107,0.303307,0.075194,-0.138487,-0.018763,0.139028,0.327714,0.193661,-0.185749,-0.049769,1.0,-0.029938,0.294163,0.071102,0.143132,0.178956,-0.01622,0.084047,0.06206,0.04726,0.090463,-0.090968,0.166729,-0.025845,0.097617,0.116031,-0.126805,0.001018,0.052616,0.031447,-0.135998,0.010285,-0.027951,0.094089,0.108045,-0.106626,-0.041112,0.025518,-0.26967,0.157556,0.200971,0.231019,-0.028115,0.106504,-0.28583,-0.025702,-0.170099,-0.115808,-0.091162,-0.170393,-0.272711,-0.131722,-0.088433,-0.014121,0.145096,-0.123426,0.003198,0.046302,0.268858,-0.020523,0.226489,0.049456,0.388771,0.034448,0.219844,-0.324707,-0.052181,-0.035303,0.011849,0.059677,-0.157282,0.024541,-0.317588,0.231323,-0.129247,-0.169446,-0.045143,-0.072428,0.105169,-0.067649,0.070851,0.043499,-0.010553,0.091336,0.148997,-0.068028,0.339196,-0.13423,0.18824,0.251232,-0.027419,-0.10403,-0.195717,-0.169897,-0.009697,0.010738,0.224139,-0.202054,-0.106521,-0.13586,-0.208177,-0.164741,-0.07758,0.349993,-0.001821,0.016495,-0.088684,0.114471,-0.061278,-0.218172,-0.266952,0.384981,-0.332257,-0.026956,-0.179072,-0.20209,-0.089549,-0.183827,0.041489,0.035681,0.112578,0.097787,0.055373,0.163132,0.064621,-0.079564,-0.302973,0.001429,-0.129206,0.116066,-0.147091,0.042157,-0.038962,0.062428,-0.152095,-0.214803,-0.448295,-0.195583,0.054205,0.051913,0.137346,0.110262,-0.164293,-0.109603,-0.116708,0.346315,-0.212344,-0.25322,-0.050102,0.401685,0.333931,-0.197489,-0.007945,-0.008393,0.207925,0.21607,-0.001277,-0.062023,0.451536,0.080625,-0.084653,-0.063766,0.075544,-0.227746,-0.129214,-0.225754,-0.090674,-0.050379,-0.047082,0.043659,0.005309,0.431554,-0.362468,0.140872,0.054037,-0.376074,-0.212453,-0.04993,-0.168147,0.244671,0.097895,-0.431703,0.012395,0.081655,-0.039104,-0.045564,0.158773,-0.263147,0.002834,-0.071134,0.062417,0.374902,0.149961,#
18,-0.052441,0.170987,-0.173103,-0.132583,0.146014,-0.184241,0.135865,0.038293,0.025371,0.1259,0.129695,-0.243805,0.163537,0.054239,0.365448,0.002391,0.175812,-0.029938,1.0,-0.27974,0.149319,-0.235711,-0.019863,0.034241,-0.107645,-0.044694,-0.038162,0.277615,-0.085847,0.19008,-0.062885,0.028512,0.180489,0.041072,0.126276,0.16975,0.165607,-0.103455,-0.012449,0.093744,-0.187153,-0.036852,0.186712,0.117374,-0.022555,-0.004776,0.161492,-0.207288,0.228117,-0.056193,-0.05538,0.020149,-0.117221,-0.096268,0.326249,-0.001111,-0.174116,0.069513,-0.114649,-0.140709,-0.13284,0.111229,-0.027983,0.310011,0.050517,0.014355,-0.040538,-0.008227,0.038186,-0.290074,-0.143154,-0.374473,0.023704,-0.276142,-0.090395,0.200753,-0.039853,-0.038145,0.092242,-0.321377,-0.23682,-0.218523,-0.318137,0.056978,-0.299247,-0.067281,-0.186484,0.0744,-0.199169,-0.055246,-0.158245,-0.218426,-0.18759,-0.302424,-0.27864,-0.260267,-0.149637,-0.218437,-0.060404,-0.129212,-0.059783,-0.201221,-0.048029,-0.377051,-0.016061,-0.022745,-0.274348,-0.082908,-0.078097,-0.043046,-0.052507,0.181467,-0.014224,-0.225793,-0.190507,-0.229654,-0.094674,-0.156053,-0.108761,-0.05657,-0.33139,0.052913,-0.361412,-0.224711,-0.053255,-0.18104,-0.023973,0.05639,-0.191571,-0.268994,-0.062154,-0.241733,-0.131473,0.07952,-0.087613,-0.264834,0.046396,-0.149275,-0.204118,-0.13169,-0.342864,0.077469,-0.207132,-0.167607,-0.06339,-0.128719,-0.265798,0.224436,-0.268699,-0.316634,-0.349781,-0.167932,-0.054181,-0.092958,-0.224194,-0.273367,-0.055858,0.101354,-0.21217,-0.138593,0.021458,0.024589,0.12449,0.092966,0.037246,-0.057009,-0.050674,0.096881,-0.069298,-0.026866,0.242057,0.012836,-0.048191,-0.187352,0.294244,0.002681,0.045029,0.312263,0.05528,-0.198735,0.029003,0.141138,0.352458,0.041302,0.279678,-0.125723,0.000126,-0.029715,-0.003725,0.21721,-0.020206,0.222475,0.411207,0.122767,-0.003417,-0.033798,0.191996,0.021934,-0.369763,0.083045,#
19,-0.221113,-0.158651,0.178048,0.313375,-0.041022,0.151594,-0.163312,-0.017393,-0.034824,-0.108545,-0.134404,-0.113792,-0.048545,-0.029363,-0.124109,0.004252,-0.268862,0.294163,-0.27974,1.0,0.170607,0.10319,-0.001637,-0.008737,0.146716,-0.066718,0.041493,-0.202391,-0.089695,-0.186586,0.282858,0.127639,0.033838,0.060655,-0.184646,-0.351203,0.139523,0.159538,-0.188179,-0.103495,0.280122,0.28614,-0.121306,-0.080659,0.02504,-0.149458,0.266039,0.327133,0.245467,-0.197642,-0.093852,0.154588,0.30502,-0.052043,-0.092858,0.198238,0.168044,-0.354372,0.03506,-0.140655,-0.104415,-0.245983,0.036072,-0.023228,0.014841,0.091708,0.112168,0.134857,-0.084422,0.249114,0.352605,0.170234,0.051237,0.247168,0.149821,-0.261786,0.317076,0.120238,0.481879,0.16379,0.525485,0.273546,0.322077,0.18904,0.200019,0.173015,0.405831,0.160272,0.378838,0.069261,0.42359,0.325069,0.295448,0.327069,0.190992,0.366534,0.242246,0.245122,0.064765,0.225393,-0.425172,0.324972,0.331544,0.381073,0.355647,0.279468,0.265093,-0.219624,0.163026,-0.097996,0.340455,-0.235663,0.100317,0.413162,0.41073,0.049591,0.039882,0.320854,0.125712,-0.042844,0.361415,0.083784,0.289856,0.105352,0.067399,0.299724,0.027289,0.062829,0.083897,0.382492,0.229066,0.327072,0.276196,-0.174366,0.199276,0.143983,0.098588,0.158309,0.128036,0.235113,0.364622,-0.006108,0.145403,-0.080262,0.241029,0.285049,0.331382,-0.286052,0.607894,0.010683,0.281646,0.136208,0.403759,0.290273,0.162249,0.267831,0.158964,-0.133684,0.354337,0.120342,0.050058,0.195107,-0.191858,0.241741,0.055475,-0.109887,0.436343,0.002218,-0.027607,0.152877,-0.375015,-0.21408,0.251976,0.436724,-0.268375,0.242923,0.285536,-0.431495,-0.131782,-0.008919,-0.018121,-0.183967,-0.233276,-0.035089,-0.441697,0.145866,0.152743,0.107255,-0.154613,-0.484366,0.279354,-0.447506,-0.369259,-0.232184,0.044441,-0.221793,-0.395605,0.398786,0.36055,-0.1651,#
20,0.117735,-0.129048,-0.092317,0.203342,-0.069454,-0.075934,-0.188676,-0.015212,-0.070664,-0.280108,0.009029,-0.170101,-0.063784,-0.076662,-0.097892,-0.178133,0.108105,0.071102,0.149319,0.170607,1.0,-0.236833,-0.423362,0.00668,0.145913,0.091734,-0.135135,0.075203,0.046426,-0.012232,0.289792,0.036258,0.113694,0.030655,0.011372,-0.327872,0.099998,0.109733,-0.032792,-0.091559,0.16368,0.008628,-0.068724,0.053941,-0.24047,0.093773,0.186003,-0.051176,0.188223,-0.196239,-0.058268,-0.039645,0.124791,0.106076,0.12049,0.189368,-0.040149,0.11139,-0.103747,0.133843,-0.108793,0.120265,0.161084,-0.02434,-0.099703,0.013696,0.009531,0.126855,-0.284449,-0.2122,-0.013846,0.036397,0.029655,0.307572,0.033717,-0.202422,0.101639,0.37616,0.114649,0.122015,-0.052379,0.334566,0.319322,0.012479,-0.128268,-0.090139,0.205988,0.15332,0.36924,0.139121,-0.11198,-0.05087,0.129193,-0.060581,0.175615,0.13552,0.052284,0.126178,0.137834,0.178415,-0.061843,0.086694,-0.074912,0.010092,0.278993,0.140358,0.097991,0.151857,0.090491,0.166711,0.065252,-0.118575,0.005695,0.248841,0.279175,0.275313,-0.006521,0.100099,0.10119,0.211335,0.052426,0.31456,-0.092984,0.300032,0.202905,0.024301,-0.317778,-0.163904,-0.070645,0.144866,0.13381,-0.077295,0.326118,0.052955,-0.001695,0.064793,0.089558,0.038545,0.113649,0.336686,-0.082183,0.037972,0.264926,0.06673,0.224528,-0.019237,0.249413,-0.333135,0.233639,0.105707,0.1186,0.206754,0.179724,0.288392,-0.075461,0.219221,0.19992,-0.116362,0.199019,0.083831,-0.082474,0.070348,0.032344,-0.092143,-0.011874,-0.160731,0.132295,-0.11329,0.162063,0.033846,-0.096508,0.004062,0.220285,-0.025277,-0.3069,0.264319,0.115283,-0.239741,-0.177399,0.203539,-0.078531,0.136205,0.050094,-0.077418,-0.049419,0.384213,0.05952,0.384338,0.138805,-0.103981,0.143799,-0.078093,-0.197394,-0.328232,-0.301448,-0.042308,-0.16532,0.134554,0.062618,-0.090477,#
