0,1.0,0.092191,-0.145038,-0.136991,0.251311,0.265324,0.014333,0.085261,-0.26583,0.084116,0.034573,0.128842,0.4236,0.304418,0.013522,0.047218,-0.064111,-0.212332,-0.028532,-0.142105,0.276502,0.258816,0.146822,-0.126994,-0.061599,-0.282423,0.017231,-0.290883,0.268422,0.121471,0.205698,0.038237,0.132328,-0.184787,-0.075631,0.104204,0.146196,-0.073761,-0.013265,-0.26557,0.124937,0.149016,-0.125282,0.027375,-0.14932,-0.130198,0.006654,0.064639,-0.162499,0.019021,-0.02502,-0.23622,0.115396,0.054474,0.172013,0.034887,-0.207407,0.038639,-0.004449,0.240286,0.470176,0.151835,-0.146113,-0.058344,-0.00037,0.153455,-0.137819,0.388897,0.042717,-0.253566,0.011912,0.056116,-0.377096,-0.013379,-0.46865,0.323274,-0.137527,-0.159953,-0.439621,-0.071371,-0.139211,-0.38955,0.073613,0.04031,-0.10871,-0.206894,-0.026342,0.052506,-0.082648,-0.35698,-0.161679,-0.332152,-0.091951,-0.063658,0.048706,-0.148741,-0.206217,-0.189501,-0.085176,0.091014,0.185214,-0.059024,-0.188384,-0.114394,-0.016599,-0.279324,-0.031527,0.046298,-0.367112,0.004528,0.118679,0.201114,-0.347051,-0.197648,0.062458,0.17534,-0.349672,-0.238586,-0.01171,-0.072775,-0.314259,0.008863,0.169727,-0.251091,-0.084061,0.028484,-0.179013,0.028228,-0.069396,0.185679,-0.196122,-0.254488,-0.172705,-0.028355,-0.432985,0.021325,-0.084759,-0.202447,0.270811,-0.295928,-0.122428,0.033791,-0.097471,0.077412,-0.132859,-0.129446,-0.101394,0.12049,-0.287196,-0.397269,-0.009365,-0.267021,-0.105516,-0.267821,0.188206,-0.101397,0.275299,0.186416,-0.233368,-0.31972,-0.004357,-0.391951,0.042249,-0.266024,-0.023781,0.047226,-0.257938,-0.028056,-0.160854,-0.245934,0.048352,0.180113,-0.32324,0.01985,-0.05238,-0.24584,-0.078744,0.132769,0.210761,-0.009556,0.123237,-0.226497,-0.003864,0.329349,0.319939,-0.031687,0.249195,-0.154405,-0.120884,0.199376,-0.060064,0.144607,0.277958,-0.061289,-0.12516,0.103929,0.035589,-0.313371,0.058287,0.14591,#
1,0.092191,1.0,0.213716,-0.247868,-0.10221,0.165763,0.298865,0.173066,0.141887,0.281749,-0.236285,-0.081886,0.327693,0.388664,0.370197,-0.034561,-0.106858,0.275264,0.150682,0.081234,-0.084556,0.194616,0.460749,0.093364,0.003134,-0.181715,0.163889,-0.14263,-0.112331,0.194027,-0.198173,0.184216,0.248362,-0.083994,-0.257818,0.195257,0.2663,-0.100779,0.00984,-0.081378,0.007082,0.269984,-0.002484,0.098588,0.464447,-0.427743,0.269516,-0.098489,0.072559,0.268882,0.040564,-0.18133,0.074839,-0.286545,-0.191417,-0.220575,-0.060533,-0.462492,-0.169133,-0.090026,0.285015,0.04699,-0.360867,-0.145604,0.324447,0.225263,-0.06582,0.118161,0.311964,-0.118839,0.127213,0.071906,0.015423,-0.284084,-0.193377,0.193948,-0.2242,-0.439372,-0.085175,-0.03068,0.070483,-0.331826,-0.175858,0.135982,-0.320477,-0.17203,-0.186259,-0.174868,-0.023051,-0.304231,-0.078105,-0.100352,-0.356378,-0.027466,-0.128404,-0.077142,0.103465,0.031698,0.17866,-0.042412,-0.102897,-0.023245,-0.124214,-0.194038,-0.246137,-0.084343,-0.310904,-0.153908,-0.446773,-0.209315,0.207838,0.407433,-0.193973,-0.04071,-0.009262,-0.035088,-0.216106,-0.345603,0.195226,-0.453152,-0.257276,-0.380883,-0.387898,-0.250155,-0.325569,-0.100565,0.169133,0.282827,-0.218817,0.055242,-0.060309,0.01748,-0.303395,-0.155821,-0.242073,-0.213185,0.179851,-0.09107,-0.00614,-0.293748,-0.166182,-0.16289,-0.376823,-0.206848,-0.100461,-0.067055,-0.251545,0.332973,-0.112058,-0.207336,-0.275723,-0.358014,0.131135,-0.212058,-0.155971,-0.294212,0.297655,0.264563,-0.194862,-0.238183,0.054371,0.029324,0.1735,0.128696,0.059047,0.338276,-0.092219,0.083131,-0.292195,-0.228224,-0.108419,-0.02009,-0.146696,-0.179718,0.186933,-0.109096,0.014495,0.322471,0.454019,-0.484783,0.343202,-0.038038,-0.380228,0.07519,0.167599,-0.063429,0.322939,-0.240142,-0.338248,0.32026,0.166413,0.11682,0.187551,0.385433,-0.094688,-0.018102,0.092113,-0.072515,0.439689,-0.041603,#
2,-0.145038,0.213716,1.0,0.249795,-0.205658,-0.150082,0.096402,-0.035333,0.197922,-0.044812,-0.094361,-0.195037,-0.157227,-0.027771,-0.074016,-0.131829,-0.27156,0.426047,-0.14455,0.220016,-0.050563,0.237935,0.099488,-0.030048,0.383409,-0.074057,0.319131,0.142319,-0.053933,-0.074456,0.14675,0.074969,-0.102705,-0.001783,0.177605,0.039484,0.237526,-0.03984,0.10766,-0.215628,0.136604,0.197289,0.076663,-0.005748,0.022569,-0.158856,0.003071,0.411319,0.167691,-0.14968,-0.055553,0.01467,0.196389,-0.019968,-0.191084,-0.018843,-0.069975,-0.320458,-0.154545,0.159065,-0.125614,-0.207077,0.062842,-0.12507,-0.061542,-0.087908,0.245651,0.096067,0.021116,0.484467,0.400005,0.34019,0.173244,0.043124,0.200342,-0.224273,0.017231,-0.271898,0.12915,-0.123864,0.31272,0.071324,-0.010877,0.197863,-0.084899,0.232934,-0.052655,0.069637,0.144156,0.036603,0.187571,0.052675,0.098261,0.222608,-0.039541,0.077825,0.36255,0.119453,0.065736,-0.019187,-0.142965,0.15655,0.12789,0.071863,0.093369,0.169383,0.045196,0.125715,-0.371272,0.092731,0.469086,-0.105513,0.078008,0.138365,0.438497,-0.030296,-0.042817,-0.193614,0.141064,0.018946,0.175566,0.052457,-0.041946,0.121952,0.140744,-0.017321,0.183722,0.275624,-0.081137,0.156258,0.526201,0.018531,0.188022,0.098045,0.18461,0.078701,-0.186995,0.293168,0.36103,0.116132,-0.006842,0.055471,0.075427,-0.18882,-0.028427,0.217469,-0.158821,0.073661,0.3967,0.155316,0.022764,-0.021278,0.279116,-0.061885,0.022649,0.162494,0.014837,0.098344,0.204096,0.181961,0.379921,0.212799,-0.020641,0.244953,0.067276,-0.181864,-0.024817,-0.008633,0.073627,0.234739,-0.154858,-0.096571,-0.159743,0.087719,-0.247119,0.17091,0.109751,0.116554,0.049452,-0.27801,0.184017,-0.07727,-0.333163,0.050957,-0.193581,0.177616,0.045303,0.257988,-0.167112,0.032269,0.277871,-0.051556,-0.098684,0.314192,-0.205905,0.168545,-0.203199,0.203777,0.262642,-0.024589,#
3,-0.136991,-0.247868,0.249795,1.0,-0.036728,-0.25175,-0.333374,-0.397216,-0.134035,-0.318348,0.074194,-0.04624,-0.343649,-0.349316,-0.246912,-0.207839,-0.042727,0.009167,-0.18512,0.26571,0.006493,0.008795,-0.221718,0.050959,0.116962,0.199262,0.168744,0.29632,-0.065862,-0.269133,0.198698,0.039169,-0.082468,-0.022045,0.242178,-0.169554,-0.144902,-0.002447,-0.256982,0.074246,-0.019391,-0.045431,-0.018814,0.131707,-0.093764,0.44617,-0.110938,0.156334,0.056983,-0.221128,0.025427,0.384195,0.051197,0.063886,-0.229663,-0.063038,0.370627,0.156804,0.174119,0.219467,-0.300253,-0.242311,0.161193,-0.215932,0.060997,-0.319101,0.13712,0.078018,-0.054211,0.012386,0.067538,0.03523,0.222122,0.125345,0.010708,-0.27029,0.190541,0.114681,0.048417,-0.042577,0.258021,0.491317,0.276204,0.047407,0.309299,0.204244,0.361603,0.112146,0.03755,-0.07939,0.126019,0.244889,0.370792,-0.151531,0.303019,0.195853,0.313122,0.059465,-0.203071,0.267626,-0.017051,0.23736,0.454383,0.175716,0.303918,0.305938,0.241616,0.017631,0.199323,0.16979,-0.100237,-0.214671,0.210794,0.178531,0.168836,-0.0143,0.17515,0.062168,-0.156631,0.323556,0.207692,0.304231,0.462946,0.255277,0.193347,0.176801,-0.038381,-0.020487,0.307249,0.335431,0.190324,0.072232,0.311536,0.129325,0.376594,0.25235,0.010386,0.198318,0.134092,0.435641,0.197092,0.044316,0.203629,0.232991,0.468847,0.25263,0.194425,-0.358943,0.339783,0.215466,0.196876,0.154157,0.081144,0.421188,0.007082,0.371658,-0.32276,-0.251737,0.212454,0.239051,-0.142336,0.12108,-0.046682,0.08158,-0.17754,-0.340672,0.182411,0.130529,0.27361,0.231373,-0.18729,-0.117502,0.316402,0.245498,-0.470315,0.423157,0.142065,0.01871,-0.502344,0.332643,-0.358421,-0.135002,0.079611,-0.012126,-0.202037,0.132808,-0.07688,0.157075,0.44314,-0.303053,0.328933,-0.154943,-0.103618,-0.240396,-0.08096,-0.04983,-0.290302,0.201286,0.113042,-0.363226,#
4,0.251311,-0.10221,-0.205658,-0.036728,1.0,0.020702,-0.193826,0.034978,-0.318712,-0.272599,0.122806,0.014543,0.025451,-0.04409,-0.037661,-0.097816,0.062596,-0.203308,0.074843,-0.099618,-0.154398,-0.178369,0.025342,-0.095941,0.061879,-0.016367,-0.326851,0.049513,-0.072552,-0.037747,-0.085227,-0.253625,-0.138293,-0.167396,-0.029461,0.020667,-0.15954,-0.140465,0.061955,0.201081,-0.000354,-0.310647,-0.205397,-0.037259,-0.065618,0.227043,-0.172249,0.159284,-0.011013,0.02055,0.269519,-0.058868,-0.082401,-0.024201,0.274813,0.109945,-0.066877,0.224449,0.011937,-0.176169,-0.08273,0.019053,-0.056778,0.088524,-0.127318,0.232665,0.269061,-0.140463,0.077582,-0.029726,-0.039624,-0.067989,-0.060276,0.25858,-0.023747,0.306799,-0.093061,-0.265385,-0.22393,-0.170139,-0.189982,-0.12842,0.051938,0.100867,0.004511,-0.166145,0.156985,0.111118,-0.085792,-0.144898,0.148618,-0.136712,0.213089,-0.27077,-0.072034,-0.011324,0.121308,-0.211116,-0.022471,0.11038,0.181154,-0.098889,0.009124,-0.229238,-0.144788,0.075096,0.161407,-0.055513,-0.057666,-0.116426,-0.032794,-0.087021,0.084498,-0.048309,-0.096152,0.055553,-0.184005,0.279364,-0.052453,0.175192,-0.18634,0.065549,0.415411,0.071193,0.25907,-0.099052,0.071671,-0.030331,0.051584,-0.000573,-0.094798,-0.094521,-0.056979,-0.16985,-0.165367,0.099736,0.029004,-0.148267,-0.120544,0.148261,0.041763,-0.116351,0.041563,0.138519,0.01451,-0.143629,-0.142062,-0.039298,-0.022031,-0.233574,-0.093263,0.026016,-0.375953,0.019173,-0.112073,-0.149243,-0.03628,-0.018485,-0.009133,0.042431,-0.272779,-0.239286,-0.152776,0.027118,0.026321,-0.139269,-0.083821,0.06166,-0.083854,-0.00882,0.010941,-0.033825,0.066121,0.036733,0.094243,0.024411,0.09008,0.186555,-0.054981,0.003831,-0.093079,-0.071273,0.21957,0.198712,0.103024,-0.205954,-0.121712,-0.254439,0.009683,-0.116825,-0.152318,0.028092,0.231164,-0.111052,0.017299,-0.005784,0.063492,0.010805,-0.279431,0.017128,#
5,0.265324,0.165763,-0.150082,-0.25175,0.020702,1.0,0.276851,0.282088,-0.167919,0.091999,0.246244,0.206947,0.143944,0.16804,0.174922,0.177644,0.239528,0.022423,0.071485,-0.024595,0.066936,0.301755,0.229307,0.165295,-0.190803,-0.254414,0.054306,-0.27428,0.073337,-0.163828,-0.122443,0.152066,0.077314,-0.063151,-0.117531,-0.073094,0.092393,0.119823,0.001646,-0.161786,-0.017602,0.291461,-0.038263,0.154111,0.177409,-0.204599,-0.020815,0.07189,0.13712,0.051852,-0.09523,-0.100826,0.158791,0.031905,0.154071,0.126386,-0.121419,-0.214525,-0.112908,-0.193412,0.287651,-0.091339,-0.271517,0.187262,0.017117,0.287147,-0.118407,0.189974,0.175858,0.021052,-0.182387,0.325515,-0.053196,0.08529,-0.23859,0.136564,-0.470431,-0.045308,-0.212529,-0.061901,0.153611,-0.316666,-0.079899,-0.185088,-0.088293,-0.13196,0.007072,-0.100919,-0.127639,-0.435895,-0.086137,-0.261928,-0.18669,-0.027168,-0.156361,-0.189919,-0.210185,-0.303051,0.057113,-0.175388,0.044536,-0.020704,-0.209135,-0.296801,-0.15961,-0.310462,-0.183477,-0.070815,-0.283264,-0.178649,0.073901,0.043055,-0.309957,-0.232657,-0.068079,-0.134639,-0.598991,-0.004158,0.197363,-0.270488,-0.276621,-0.40642,0.049533,-0.540628,-0.199183,-0.029141,-0.188764,-0.04286,-0.160963,0.073471,-0.221268,-0.005453,-0.143228,-0.028739,-0.262352,0.017457,0.137021,-0.300984,-0.022073,-0.467837,-0.263404,-0.112908,-0.375726,0.041308,-0.119599,-0.187919,-0.083597,0.073972,-0.187432,-0.068965,-0.062395,0.036102,-0.145387,0.02066,0.019499,-0.401621,0.088038,0.236682,-0.362636,-0.008814,0.149416,-0.148353,-0.136898,0.12928,-0.108952,0.324624,0.13815,0.010099,0.033916,-0.018861,0.230229,-0.164904,-0.270457,-0.007483,0.227951,-0.348616,-0.06059,0.032293,0.237012,-0.150223,0.160432,0.164167,-0.010397,0.121313,0.276026,0.116299,-0.011851,0.019628,-0.164039,0.036325,-0.162313,-0.018481,0.284166,-0.165177,-0.119074,0.054033,0.276711,-0.213702,-0.152951,0.084722,#
6,0.014333,0.298865,0.096402,-0.333374,-0.193826,0.276851,1.0,0.478298,0.282544,0.480067,0.033235,-0.008416,0.324941,0.157419,0.175242,0.073139,-0.04318,-0.122265,0.154938,-0.183534,-0.187476,0.262651,0.18236,0.131194,-0.01796,-0.100004,0.22805,-0.121077,0.322118,0.083614,-0.3247,-0.108897,0.087515,0.004246,-0.086518,0.084054,-0.042237,-0.029426,0.194189,-0.178517,-0.092627,0.206717,0.007956,-0.320726,-0.028358,-0.345382,-0.004162,-0.176074,0.088294,0.255017,-0.18394,-0.15515,-0.011288,-0.12116,0.10968,0.066271,-0.036452,-0.308854,-0.271373,0.176695,0.300877,-0.04908,-0.188915,0.238409,0.10772,0.335698,0.173362,0.092867,0.336205,-0.124948,0.172163,0.059877,-0.238234,-0.338682,-0.012148,0.217389,-0.070456,-0.244151,0.016968,0.071887,-0.199029,-0.250301,-0.346522,-0.143248,-0.142295,0.188953,-0.10234,-0.08216,0.046221,-0.294091,-0.088536,-0.188007,-0.267631,0.024553,0.053913,-0.246957,-0.042549,-0.022139,0.130024,-0.364813,-0.020498,-0.037373,-0.120396,-0.196976,-0.224689,-0.070289,-0.377459,-0.064351,-0.343871,-0.212463,-0.149183,0.201042,-0.261214,-0.304501,-0.078151,-0.077928,-0.043719,0.011925,-0.047077,-0.166923,-0.063146,-0.309086,-0.117137,-0.459742,-0.286903,-0.068536,0.188849,0.33232,-0.248445,-0.139574,-0.247523,-0.420047,-0.470702,0.130234,-0.059889,0.009826,0.074135,-0.18781,-0.154899,-0.405337,0.025515,-0.018967,-0.308851,-0.14058,-0.177386,-0.247319,-0.14012,0.518604,-0.096657,-0.061898,-0.03403,-0.045724,0.092975,-0.287311,-0.045804,-0.384182,0.055665,0.168547,-0.181965,-0.135238,0.007629,0.040918,-0.000302,0.072185,0.169482,0.136689,0.018493,0.057138,-0.214678,0.360177,0.285937,-0.072701,-0.145178,-0.061006,0.378022,-0.182917,0.227012,0.039351,0.337205,-0.311012,0.423764,0.231759,-0.000415,-0.037806,0.318088,0.020067,0.04146,0.036754,-0.167093,0.324143,-0.094427,0.133082,0.070968,0.187423,-0.09998,0.123981,-0.021047,-0.167409,-0.124178,-0.034132,#
7,0.085261,0.173066,-0.035333,-0.397216,0.034978,0.282088,0.478298,1.0,0.083695,0.332038,-0.012906,-0.130311,0.462056,0.337483,-0.012968,0.227247,-0.137787,0.028913,0.158009,0.029644,0.056097,0.285659,0.06093,0.299202,0.139828,-0.007333,-0.010874,-0.405346,0.094301,0.076716,-0.087064,-0.099807,0.307739,0.187799,-0.282329,-0.004416,0.044134,0.090954,0.247523,-0.305224,-0.007923,0.239,-0.058579,0.006474,-0.297638,-0.385317,0.200605,-0.221927,0.109151,-0.105207,-0.226365,-0.028925,0.169116,-0.073865,0.138999,0.197026,-0.162018,-0.250392,-0.250083,0.066362,0.349552,0.048925,-0.294086,0.173417,-0.008426,0.299209,0.131417,0.184048,0.231981,-0.04062,0.214,0.126503,-0.369125,-0.157026,0.023066,0.125861,-0.01722,0.046659,0.222299,0.014336,-0.000366,-0.123533,-0.111738,-0.008432,-0.257649,0.03927,0.018961,0.203577,0.11485,-0.079435,-0.20437,-0.238283,-0.303527,0.174654,-0.195986,0.052515,0.100712,0.070535,0.306932,-0.343391,0.018851,0.039185,-0.006868,-0.12919,0.126494,0.032658,-0.176438,-0.022774,-0.196018,-0.439319,-0.002885,0.18666,-0.076232,-0.163861,0.155828,0.027668,-0.054821,0.021369,0.100229,-0.148929,-0.097635,-0.473446,-0.093916,-0.262058,-0.200669,0.116631,0.149559,0.043898,-0.221586,0.040595,-0.198821,-0.021201,-0.184072,-0.037637,-0.204062,-0.028153,0.280402,-0.140353,-0.088881,-0.263845,0.082108,0.051319,-0.201835,-0.023651,-0.151404,-0.222203,-0.024722,0.284471,0.018356,-0.369841,-0.112426,0.02297,-0.081012,-0.159957,-0.030428,-0.241033,0.326722,0.028506,-0.069991,-0.069492,-0.003627,0.189554,-0.18588,-0.005,0.20833,0.045133,0.176649,-0.220342,-0.32601,0.230599,0.071437,-0.173643,-0.185161,0.043991,0.391187,-0.173981,0.360614,-0.191599,0.260154,-0.237296,0.344111,0.251141,0.038875,-0.130066,0.20346,0.20491,0.041003,-0.108815,-0.201736,0.290699,-0.061509,-0.126731,0.121356,-0.169659,-0.154735,-0.033926,0.123747,-0.138469,-0.029425,-0.007937,#
8,-0.26583,0.141887,0.197922,-0.134035,-0.318712,-0.167919,0.282544,0.083695,1.0,0.247383,-0.160972,-0.112878,0.15982,0.17579,0.109091,-0.248596,-0.07024,0.238197,0.004752,-0.237549,-0.156364,0.210536,0.15682,0.235676,0.172261,0.266549,0.319042,0.159086,0.001367,0.174334,-0.032991,-0.069117,0.053709,0.052117,0.093149,0.145916,0.108962,-0.18339,0.247713,-0.154521,0.139162,-0.15599,0.080212,0.023873,0.224008,-0.260469,-0.075747,-0.11153,0.052401,0.153894,-0.101014,-0.219957,-0.082978,0.030023,-0.218576,0.268045,0.028806,-0.215039,-0.014131,0.232106,0.001324,-0.07397,-0.002153,0.05479,0.107729,0.067856,0.09686,0.061717,0.117401,0.125239,0.109492,0.067502,0.003834,-0.14242,0.07668,-0.106907,0.030773,-0.063127,0.12366,-0.154253,-0.042718,0.058633,-0.21924,-0.139172,-0.048794,0.203065,-0.035163,-0.023013,0.066531,-0.035017,0.095248,0.137885,-0.295793,0.277271,0.05798,-0.021895,0.049261,0.074383,-0.149035,-0.247267,0.099477,0.295025,0.071372,0.223255,-0.107398,-0.198855,-0.034107,0.027941,-0.031018,-0.071711,0.014851,0.045655,0.045788,-0.309444,0.102358,0.069763,0.190012,-0.160942,0.116911,-0.038345,0.097107,-0.193765,-0.17502,-0.077048,-0.039963,0.02114,0.176452,-0.002844,-0.161727,-0.154374,-0.04331,0.006981,-0.253072,0.070592,0.067447,0.115027,0.052647,-0.025191,-0.172283,-0.136134,-0.02289,-0.033041,-0.03203,-0.271206,-0.349174,-0.349192,-0.144527,0.277369,0.108998,0.053399,0.118186,-0.090695,0.217526,-0.27952,0.106937,-0.124181,0.21742,0.164043,-0.028828,0.070374,0.064128,0.254551,0.203356,-0.1548,0.14767,0.055028,-0.065596,0.037714,-0.175997,0.204314,-0.127099,0.097068,0.024943,0.102245,0.200972,0.111036,-0.08146,0.096806,0.330777,-0.300794,0.217658,0.209302,-0.202529,-0.159378,-0.092935,0.106203,-0.089955,0.011327,-0.233749,0.130015,-0.169443,-0.043279,0.026879,0.195261,-0.090096,0.400799,0.111551,-0.029106,0.016107,-0.016325,#
9,0.084116,0.281749,-0.044812,-0.318348,-0.272599,0.091999,0.480067,0.332038,0.247383,1.0,-0.282756,0.148805,0.435495,0.554529,0.275926,0.290782,-0.313579,0.123851,0.136505,-0.05126,-0.152173,0.357752,0.302379,0.210651,0.105617,-0.069954,0.230081,-0.089734,0.176197,0.414973,-0.071983,0.112386,0.233743,-0.195479,-0.283069,0.147763,0.006288,-0.052473,0.236447,-0.290689,0.054967,0.163163,0.004587,-0.152895,-0.000131,-0.514048,0.2485,-0.031272,-0.140305,0.359605,-0.18054,-0.080444,0.060137,-0.185953,0.075516,-0.079555,-0.04248,-0.292689,-0.100437,0.055748,0.412128,0.095277,-0.3923,0.000678,0.212793,0.227047,-0.108663,0.307695,-0.015736,-0.150392,0.001162,0.020168,-0.235199,-0.169538,-0.052013,0.260413,0.003684,-0.228276,-0.009688,0.111378,-0.148027,-0.362583,-0.38684,0.074017,-0.252672,-0.001895,-0.226784,-0.023399,0.174683,-0.198818,-0.146505,-0.189931,-0.303242,0.284525,0.167697,-0.057591,-0.208267,0.054455,0.217423,-0.212803,-0.169088,0.008498,-0.189114,-0.029211,-0.023223,-0.084074,-0.493272,-0.055165,-0.214799,-0.383545,-0.003461,0.393672,-0.096689,-0.224931,-0.202651,-0.241625,-0.184281,-0.106691,0.358838,-0.390333,0.006866,-0.327923,-0.170245,-0.43041,-0.445348,0.134705,0.164137,0.103507,-0.131814,-0.280531,-0.241493,0.096033,-0.433365,-0.09835,-0.349501,-0.297479,-0.032579,-0.215248,0.094009,-0.400396,-0.01115,-0.09482,-0.387593,-0.385385,-0.265086,-0.050282,-0.077851,0.280687,-0.306159,-0.229129,-0.185174,-0.311658,0.056983,-0.346009,0.035046,-0.198151,0.280429,0.375918,-0.178155,-0.242498,0.122447,-0.142785,-0.067691,0.177671,0.400272,0.319399,-0.28325,-0.047943,-0.489516,0.092992,-0.013472,0.145225,-0.155384,-0.057149,0.328257,-0.31423,-0.096496,0.024487,0.52854,-0.373997,0.400524,0.001437,-0.384919,-0.285766,0.31535,0.004118,0.265906,-0.045919,-0.352186,0.180798,0.030162,-0.030659,0.122706,0.431331,-0.14872,-0.075416,-0.056529,-0.102819,0.29004,0.239385,#
10,0.034573,-0.236285,-0.094361,0.074194,0.122806,0.246244,0.033235,-0.012906,-0.160972,-0.282756,1.0,-0.1563,-0.176979,-0.416285,-0.136232,-0.007042,0.103501,-0.318606,0.125774,-0.239369,0.024094,-0.086856,-0.175116,0.091981,0.010979,0.010004,-0.296532,-0.005106,-0.021033,-0.38594,0.222519,-0.00315,-0.291103,-0.300964,0.390405,-0.198084,0.209953,0.115709,0.050363,0.174127,-0.013824,-0.15828,-0.085207,0.014949,0.077288,0.25435,-0.36849,0.05824,0.180828,-0.175345,-0.015248,0.281626,0.026204,0.153867,0.115686,0.104267,-0.255696,0.274955,-0.161081,-0.114751,-0.171438,-0.026298,0.018658,0.014782,0.077538,-0.145896,0.109093,-0.168554,0.312773,0.052929,0.083482,-0.100219,0.136552,0.150204,-0.059921,0.024786,-0.16693,0.098009,-0.093871,-0.218169,0.075282,0.18925,0.04419,-0.07796,0.064705,0.061486,0.311116,-0.014242,-0.052431,-0.031048,-0.07017,-0.047708,0.129753,-0.249242,-0.194811,0.031367,-0.171238,-0.2746,0.032488,-0.069857,-0.008711,-0.103445,0.131709,-0.212883,0.04678,-0.183711,-0.025819,0.048646,-0.039535,0.288641,-0.023946,-0.097344,-0.12077,-0.046895,0.033202,-0.066185,-0.08868,0.045527,-0.037738,0.304323,-0.23468,0.104395,0.206988,-0.074353,-0.05852,0.042734,0.03508,0.14473,-0.133067,0.004144,-0.021447,-0.08221,0.032383,0.090808,0.130415,0.282908,-0.14935,0.030987,-0.167297,0.06723,-0.050957,0.351823,-0.037298,0.084724,0.212334,0.008354,-0.177207,0.077624,0.169839,0.208979,0.027898,0.334055,-0.023601,0.059099,0.017137,-0.139031,-0.400275,-0.272074,-0.109341,0.213617,-0.115882,0.129067,0.023682,0.146618,-0.10632,-0.172859,0.189277,0.033258,0.09651,0.101933,0.269143,-0.046461,0.170248,0.091716,-0.056038,0.016483,0.194056,0.027659,-0.366363,0.253544,-0.096536,0.089563,0.319593,0.276773,-0.009098,0.00729,-0.282763,-0.075618,0.280036,-0.001573,-0.231686,0.080921,0.22463,-0.451318,0.191868,0.108807,0.1302,-0.008179,-0.259263,-0.117277,#
11,0.128842,-0.081886,-0.195037,-0.04624,0.014543,0.206947,-0.008416,-0.130311,-0.112878,0.148805,-0.1563,1.0,0.032057,0.082073,-0.00754,-0.020716,0.151527,0.01578,0.010788,-0.081141,0.232913,-0.092052,-0.147155,-0.130377,0.074484,-0.079832,-0.153606,0.065379,-0.063908,-0.067254,-0.039933,-0.10313,-0.05656,-0.130862,-0.099411,0.135592,-0.2105,-0.007315,-0.040633,-0.01966,0.068728,0.138776,-0.183544,-0.263321,-0.069834,0.102699,-0.181274,0.086353,-0.076159,0.241502,0.028643,-0.088161,-0.012564,0.203573,-0.024956,0.061639,-0.135298,-0.124089,-0.051283,0.060973,-0.042211,-0.014614,0.103941,-0.132865,0.030291,0.063753,-0.036942,-0.155084,-0.174357,-0.123555,-0.07004,-0.013768,0.029341,0.200149,-0.090862,-0.032437,-0.286292,-0.023523,-0.121706,0.080614,-0.038962,-0.005653,-0.050349,-0.295174,0.116179,-0.28321,-0.116227,0.188691,-0.098015,0.106608,0.070771,-0.077449,0.013242,-0.011915,0.013178,-0.005697,-0.174339,0.002661,-0.114757,-0.08994,0.259259,0.158239,-0.32878,-0.049207,-0.069472,0.1225,-0.055017,0.182059,0.177659,0.051609,-0.094497,-0.031351,-0.150472,-0.158376,-0.040289,0.004642,-0.019409,0.242815,0.175961,-0.020366,0.147018,-0.164295,0.088145,0.053171,0.03691,-0.183869,-0.013025,-0.062553,0.152288,-0.116383,-0.124926,0.156927,-0.164832,0.163845,0.007524,-0.121095,0.085053,-0.155234,-0.022553,0.041494,-0.049017,-0.0392,-0.07149,0.056671,-0.069394,0.116184,0.021619,-0.170161,-0.194178,0.006526,-0.054683,0.209721,-0.126691,0.191383,0.072927,0.112781,-0.013176,0.274481,-0.164275,-0.174425,-0.192352,-0.340861,0.033147,-0.022302,-0.058674,0.128478,-0.011595,0.047828,0.259401,0.057609,-0.034223,0.419456,0.055996,-0.11499,-0.011994,-0.135951,-0.202374,0.006718,0.01166,0.051229,-0.126364,-0.015203,-0.050333,-0.064881,0.1987,-0.003357,0.033256,0.347673,0.090464,-0.017132,-0.067785,0.192215,-0.00269,0.137418,-0.206241,-0.184678,0.254674,-0.263127,-0.060245,0.187328,#
12,0.4236,0.327693,-0.157227,-0.343649,0.025451,0.143944,0.324941,0.462056,0.15982,0.435495,-0.176979,0.032057,1.0,0.505783,0.122115,-0.04737,-0.081359,0.07376,0.07284,-0.073578,-0.102642,0.288687,0.405411,-0.005448,-0.164193,-0.257607,0.045232,-0.24973,0.066107,0.252687,0.021573,-0.003672,0.188902,-0.087208,-0.310671,0.321327,0.137456,-0.053953,-0.045755,-0.310924,0.006349,0.196574,0.146837,-0.019164,-0.144567,-0.466475,0.255885,-0.088456,-0.074984,0.100333,-0.200083,-0.029349,0.094714,0.059792,0.20303,0.183395,-0.178298,-0.230492,0.123284,0.149438,0.587137,0.136538,-0.216486,0.082547,0.073849,0.313486,-0.166725,0.33259,0.297619,-0.152937,0.265816,-0.008388,-0.610283,-0.357002,-0.301114,0.494541,0.062526,-0.087184,-0.005821,-0.212852,-0.129365,-0.319359,-0.241662,-0.117533,-0.340887,-0.120138,-0.086636,0.135183,-0.126055,-0.31145,-0.239391,-0.352228,-0.522124,0.230808,-0.113276,-0.120474,-0.013555,-0.147149,0.02214,-0.334513,0.014688,-0.086967,-0.066576,0.011125,-0.120635,-0.187147,-0.34449,-0.191543,-0.220157,-0.362957,-0.005645,0.302996,-0.228663,-0.301309,-0.096351,-0.223045,-0.061813,-0.355059,0.049962,-0.363124,-0.050484,-0.481234,-0.230095,-0.410536,-0.178226,0.025494,0.103499,0.337293,-0.051583,0.044823,-0.382198,0.037576,-0.405323,0.05354,-0.353502,-0.163148,-0.007221,-0.451347,-0.053203,-0.293551,-0.02445,-0.037166,-0.335598,-0.192269,-0.023349,0.049401,-0.342667,0.324417,-0.197098,-0.602812,-0.096715,-0.380554,-0.031423,-0.394568,-0.039043,-0.291931,0.31145,0.402577,-0.086904,-0.494801,0.023275,-0.194167,-0.050333,-0.054858,0.296503,0.34638,-0.214276,-0.028677,-0.433297,0.042617,-0.077481,0.104375,-0.324298,-0.043395,0.402741,-0.389374,-0.011792,0.140231,0.492435,-0.412861,0.299204,0.186357,-0.05948,0.041099,0.259252,-0.117714,0.325902,-0.212444,-0.369623,0.433586,-0.004469,0.083293,0.351265,0.093609,-0.033596,-0.014529,0.146495,-0.12857,0.116482,0.217493,#
13,0.304418,0.388664,-0.027771,-0.349316,-0.04409,0.16804,0.157419,0.337483,0.17579,0.554529,-0.416285,0.082073,0.505783,1.0,0.334437,0.148359,-0.269551,0.282848,0.231882,-0.007077,0.063452,0.349077,0.525754,0.288791,0.024252,-0.06346,0.252618,-0.095767,0.165445,0.542958,-0.025492,0.173422,0.302231,-0.119816,-0.291261,0.230324,0.196736,-0.284039,0.188286,-0.302487,0.025867,0.292798,0.13353,0.123263,0.029292,-0.600014,0.367047,-0.147588,-0.167477,0.207498,-0.126128,-0.185317,0.115413,-0.028499,0.05358,0.02248,-0.132812,-0.279911,-0.032911,0.14601,0.43485,0.091431,-0.355685,0.154282,0.052139,0.337191,-0.156059,0.413595,-0.111701,-0.109319,-0.096382,0.258212,-0.424879,-0.106885,-0.340659,0.185608,-0.115245,-0.366854,-0.225385,-0.036421,-0.051081,-0.471938,-0.307498,0.2054,-0.375222,-0.135671,-0.249369,-0.041129,0.043117,-0.332373,0.021956,-0.313082,-0.455377,0.196954,0.047642,-0.14227,-0.218288,-0.089062,-0.016663,-0.207137,0.054009,-0.13931,-0.228421,-0.225443,-0.107201,-0.083612,-0.234222,-0.093287,-0.220492,-0.347991,0.117771,0.372775,-0.210998,-0.15945,0.024274,-0.045952,-0.334546,-0.314409,0.283873,-0.488911,-0.276779,-0.43214,-0.153818,-0.375177,-0.352793,-0.01093,0.079694,-0.005308,-0.177612,-0.173482,-0.166789,0.066452,-0.42672,-0.258518,-0.660154,-0.330963,0.203959,-0.190961,0.081653,-0.43289,-0.073487,-0.170328,-0.378035,-0.400709,-0.451967,-0.136539,-0.093071,0.226148,-0.469219,-0.396046,-0.210511,-0.346353,-0.059832,-0.311209,-0.055144,-0.198921,0.490504,0.404321,-0.082663,-0.264595,0.131245,-0.093855,-0.077796,-0.087515,0.17885,0.338413,-0.251591,0.009096,-0.328546,-0.044781,-0.197902,0.076584,-0.343149,-0.265408,0.21787,-0.370463,-0.104189,0.073889,0.681887,-0.465472,0.405393,-0.011251,-0.364498,-0.107311,0.353194,0.107609,0.286065,-0.302919,-0.373253,0.300638,-0.016085,0.027265,0.129682,0.26283,-0.303263,-0.153594,0.180437,-0.257644,0.285817,0.203765,#
14,0.013522,0.370197,-0.074016,-0.246912,-0.037661,0.174922,0.175242,-0.012968,0.109091,0.275926,-0.136232,-0.00754,0.122115,0.334437,1.0,0.085644,-0.151484,0.187689,0.38157,-0.063603,-0.129119,0.114752,0.23482,0.131665,-0.079578,0.011131,-0.001246,0.183171,0.177165,0.242618,-0.262586,-0.054301,-0.20597,0.097083,-0.116537,0.151493,-0.109601,-0.115407,0.053499,0.000637,-0.094053,0.17878,0.115857,0.141449,0.418656,-0.16559,0.157789,-6.8e-05,0.067902,-0.015196,0.090514,-0.164634,-0.104045,-0.162637,0.099424,-0.137468,-0.023863,-0.223099,-0.162017,-0.20372,0.121934,-0.037532,-0.212544,0.313021,0.154422,-0.003217,-0.193689,0.03349,-0.067161,-0.122768,-0.019849,0.012517,0.041911,-0.33573,-0.142321,0.121326,0.002231,-0.144306,-0.174075,-0.068602,-0.083123,-0.52597,-0.386653,0.170077,-0.274639,-0.009941,-0.167171,-0.126919,-0.237552,-0.123836,0.010083,-0.121321,-0.042243,0.184673,-0.10663,-0.217482,-0.302518,-0.12279,-0.161503,-0.072113,0.126673,-0.271205,-0.276622,-0.280352,-0.367194,-0.18133,-0.34837,-0.078565,-0.223229,-0.085286,-0.027639,0.292566,-0.2865,-0.216415,-0.276528,-0.082773,-0.187695,-0.138095,0.08064,-0.264848,-0.16151,-0.176768,-0.37389,-0.189985,-0.283799,-0.409206,-0.095242,0.179505,-0.388022,-0.182124,0.065222,0.089144,-0.449042,-0.018257,-0.364031,-0.297335,0.206721,0.042538,-0.131955,-0.321993,-0.121634,-0.173633,-0.143931,-0.162455,-0.285886,-0.105312,-0.092732,0.175593,-0.410307,-0.046469,-0.414204,-0.478654,-0.016632,-0.281089,-0.155521,-0.385052,0.060855,0.196372,-0.296112,-0.168677,0.085336,-0.142924,0.243397,0.036586,-0.149987,0.233601,-0.195238,0.154142,-0.109132,-0.102149,0.150475,0.095991,-0.171787,-0.092031,0.337447,-0.244171,-0.271428,0.186674,0.289624,-0.236995,0.399276,0.014056,-0.121615,0.109899,0.318357,-0.200514,0.189291,-0.167822,-0.095683,0.181942,-0.121442,0.127969,0.309142,0.274941,-0.036345,0.004691,0.216509,-0.110132,0.066449,0.066209,#
15,0.047218,-0.034561,-0.131829,-0.207839,-0.097816,0.177644,0.073139,0.227247,-0.248596,0.290782,-0.007042,-0.020716,-0.04737,0.148359,0.085644,1.0,-1.1e-05,0.119665,0.094983,0.176759,0.099229,-0.106439,0.181393,-0.086553,-0.044128,0.070353,-0.121725,-0.112376,0.175852,0.0624,0.087283,-0.03041,0.183803,-0.105178,-0.01816,-0.109804,0.065709,0.097913,0.130924,0.010133,-0.021308,0.012409,-0.21822,-0.00226,0.015279,-0.046179,0.060646,-0.011773,-0.094971,0.077176,0.239836,0.138346,0.035632,-0.063905,0.242629,-0.063491,-0.140681,-0.224081,-0.301868,-0.11201,0.119159,0.157169,-0.207202,0.029882,0.044295,0.05742,-0.235148,0.105367,-0.246777,0.103876,-0.121038,-0.039467,-0.06589,0.06825,-0.039078,0.03287,-0.059306,-0.081016,0.027175,0.231557,0.105143,-0.13038,0.046851,0.2159,0.083824,-0.149205,-0.188276,-0.150909,0.097031,0.020197,0.151206,0.086333,0.039463,0.172982,0.001653,0.188291,-0.112093,-0.233064,0.075486,-0.04013,-0.210276,-0.130002,-0.318586,-0.01033,-0.002077,-0.077647,-0.194383,0.108136,0.043484,0.009428,-0.070557,0.020189,0.041157,-0.109563,0.112516,0.016896,-0.038502,-0.093319,0.175917,-0.169633,-0.140002,0.001564,-0.038222,-0.181936,-0.28214,0.075113,-0.0494,-0.070834,-0.303937,-0.24812,0.003656,0.156135,-0.051441,-0.09896,-0.105847,-0.206549,0.014157,-0.070773,-0.107147,-0.253269,0.156226,0.136942,0.045139,0.05836,-0.060702,0.025064,0.259198,0.055394,-0.081134,-0.209273,-0.05545,0.08144,0.025347,0.035206,0.125372,-0.006782,0.058513,0.118984,-0.220267,0.150175,0.178304,-0.018233,-0.08143,-0.027303,-0.167729,-0.048643,0.012335,-0.06655,0.007876,-0.141116,0.090601,-0.124997,-0.090036,-0.176692,-0.10265,-0.040252,0.001859,-0.140073,0.050257,-0.110755,0.189354,-0.146907,-0.099898,-0.040732,0.15959,-0.10232,0.17495,0.121844,-0.186752,-0.081826,-0.011338,-0.116458,-0.018295,0.047095,-0.105439,-0.286253,-0.010702,-0.165758,0.075256,0.150273,#
16,-0.064111,-0.106858,-0.27156,-0.042727,0.062596,0.239528,-0.04318,-0.137787,-0.07024,-0.313579,0.103501,0.151527,-0.081359,-0.269551,-0.151484,-1.1e-05,1.0,-0.12178,0.084004,-0.089787,0.066198,-0.325271,-0.05379,-0.331543,-0.221881,-0.190987,-0.262321,-0.04548,-0.016002,-0.223497,-0.08864,0.091009,0.168674,0.086507,0.169128,0.114271,0.076589,-0.114932,-0.300353,0.175556,-0.020599,-0.18809,0.029855,0.076071,0.014201,0.178812,-0.25133,0.04022,0.171682,0.153065,0.063668,0.016419,0.099484,-0.123623,0.028955,0.069187,0.079083,0.070425,0.146724,-0.139609,-0.144669,0.290277,0.348702,-0.168646,-0.149842,0.016048,-0.189568,-0.044599,0.052141,-0.081661,-0.165697,-0.085621,0.096808,-0.09246,0.008191,0.065658,-0.146853,0.0644,-0.017005,0.006773,-0.026001,0.117877,0.062604,-0.39201,0.035799,-0.10591,-0.090994,-0.033546,-0.025544,-0.168645,-0.063193,0.151204,-0.027303,-0.174333,-0.113452,-0.137892,-0.084096,-0.177082,-0.243652,0.001935,0.037333,0.009441,-0.071975,-0.012772,0.02776,-0.031086,0.107268,-0.145127,0.050928,0.106268,-0.124274,-0.134649,0.033914,-0.008047,-0.056454,-0.103002,-0.102713,0.122159,-0.17646,0.093615,-0.031868,-0.006662,-0.003151,-0.169049,0.12587,-0.225887,-0.389085,-0.20522,0.042916,-0.079213,-0.149925,-0.124883,0.01791,0.143636,0.174866,-0.021792,0.138793,-0.313494,-0.087374,0.080001,-0.31007,0.163785,-0.027276,0.277063,0.115116,-0.024338,-0.102093,-0.068691,-0.041526,-0.029417,-0.079666,0.168957,0.032212,0.107185,-0.172182,-0.259107,-0.235868,0.105219,-0.188675,0.210369,-0.134549,-0.048664,0.205428,-0.086773,-0.145615,0.129864,0.189494,-0.036756,0.189785,-0.166457,-0.139975,0.067871,-0.086028,-0.086944,0.027179,-0.079656,-0.053119,0.115563,-0.18906,0.034874,-0.343094,-0.008737,0.363814,0.13964,-0.131337,-0.108359,-0.098041,0.239499,0.171668,-0.276027,-0.037243,0.188123,0.120456,-0.17858,0.126904,0.151877,0.119516,-0.004688,-0.292836,-0.152436,#
17,-0.212332,0.275264,0.426047,0.009167,-0.203308,0.022423,-0.122265,0.028913,0.238197,0.123851,-0.318606,0.01578,0.07376,0.282848,0.187689,0.119665,-0.12178,1.0,0.00896,0.390835,-0.044763,0.271301,0.126327,0.109554,0.122933,0.189336,0.137966,0.156434,-0.065611,0.036115,0.176014,0.170249,0.113692,-0.05435,-0.008583,0.078892,0.121051,-0.046927,-0.000555,-0.276342,-0.007972,0.127946,0.160752,0.123947,0.034695,-0.289833,0.108655,0.242856,0.198985,-0.110198,0.053225,-0.064278,-0.011169,-0.054984,-0.145474,-0.003803,-0.106937,-0.368974,-0.115536,-0.180911,0.041596,-0.087086,-0.109253,0.033454,-0.048219,0.13916,-0.058725,0.200219,0.011205,0.492208,0.185667,0.282671,-0.113146,-0.043517,0.087235,-0.143226,0.256356,-0.134875,0.198099,-0.117624,0.367837,0.030505,-0.092322,0.141981,-0.017227,0.165369,0.076997,0.063176,0.119835,0.148556,0.215731,0.119314,-0.026444,0.526089,-0.024767,0.267638,0.373448,-0.065818,0.007123,-0.179771,-0.1716,0.15627,0.060477,0.358334,-0.104086,0.093482,-0.048793,-0.198648,-0.100118,-0.023994,0.290429,0.066116,0.189187,0.063535,0.181885,0.103039,0.042367,-0.214111,0.467579,-0.322601,0.214936,-0.241159,-0.194272,0.029341,0.022504,0.021563,0.035869,0.030231,0.078196,0.149566,0.260875,0.293965,0.0431,-0.199007,0.051446,-0.05995,0.059597,-0.07446,0.08333,0.074075,0.015023,-0.164701,-0.103092,-0.337972,-0.18563,0.135874,0.08578,-0.100049,0.174193,-0.031798,-0.155668,-0.147149,0.358821,-0.01851,-0.066865,-0.067215,0.186502,0.303594,0.049726,0.081598,0.132702,0.250576,-0.046634,0.102774,0.062824,0.25502,0.216788,-0.06232,0.020738,0.132232,-0.221875,-0.148302,-0.207021,0.002333,0.071087,0.08667,0.109861,-0.161073,0.324258,-0.359105,0.193527,-0.108419,-0.375449,-0.200959,-0.123844,-0.156541,0.124184,0.272759,-0.339551,-0.149603,0.306041,-0.243802,-0.082824,0.197932,-0.230583,-0.134909,0.002532,0.117407,0.405158,0.189285,#
18,-0.028532,0.150682,-0.14455,-0.18512,0.074843,0.071485,0.154938,0.158009,0.004752,0.136505,0.125774,0.010788,0.07284,0.231882,0.38157,0.094983,0.084004,0.00896,1.0,-0.233798,0.182378,-0.132097,0.026526,0.005448,0.076796,0.159028,0.055086,0.200075,-0.082081,0.213413,-0.118221,0.103061,0.036341,-0.016706,0.071139,0.013961,0.159321,-0.10425,-0.087193,-0.061786,0.125007,0.174001,0.117816,0.157574,0.147018,-0.090417,0.019933,-0.248526,0.115509,-0.020447,-0.073365,0.091933,0.064909,-0.059438,0.30348,0.014499,-0.238449,-0.08314,-0.183887,-0.166623,0.055648,-0.056474,-0.113379,0.48096,0.066632,0.119384,-0.058443,0.047778,0.08665,-0.227764,-0.004301,-0.103457,-0.093088,-0.066795,0.087228,0.150964,-0.029477,-0.040172,0.095553,-0.21673,-0.097232,-0.28356,-0.279105,-0.022884,-0.244969,-0.120605,-0.139624,0.05646,-0.014751,-0.144414,-0.190678,-0.19743,-0.028902,-0.214075,-0.220918,-0.13201,-0.115329,-0.225109,-0.017159,-0.20007,0.031028,0.022477,-0.056012,-0.39479,-0.101089,0.067651,-0.133655,-0.134934,0.007194,0.011481,-0.036614,0.215517,-0.137023,-0.142849,-0.089912,-0.006909,-0.220324,0.021787,-0.021312,0.04646,-0.313994,-0.11691,-0.253495,-0.268181,-0.153394,-0.193117,0.00338,0.192404,-0.299184,-0.196907,-0.040032,-0.082516,-0.174475,0.008952,-0.141544,-0.106728,0.167799,-0.113774,-0.18223,-0.226554,-0.362787,0.052709,-0.125232,-0.141273,-0.173848,-0.122722,-0.246581,0.17634,-0.370645,-0.253366,-0.400541,-0.090442,-0.100171,-0.207104,-0.079079,-0.338185,0.035382,0.084066,-0.253514,-0.176321,-0.080291,0.04596,0.082413,0.015304,0.072396,-0.077959,-0.004391,0.234952,-0.104961,-0.010297,0.148234,0.177108,-0.058884,-0.038969,0.256648,-0.002706,0.116329,0.137386,0.125828,-0.124369,0.05484,0.102788,0.251525,0.154834,0.334777,0.007619,0.080828,-0.143613,0.097763,0.174752,-0.069846,-0.05073,0.401329,-0.035448,-0.088817,-0.097862,0.457686,-0.089598,-0.286747,0.001242,#
19,-0.142105,0.081234,0.220016,0.26571,-0.099618,-0.024595,-0.183534,0.029644,-0.237549,-0.05126,-0.239369,-0.081141,-0.073578,-0.007077,-0.063603,0.176759,-0.089787,0.390835,-0.233798,1.0,0.231945,0.114135,-0.054493,-0.046462,-0.131154,-0.127542,-0.054725,-0.120191,0.0488,-0.116097,0.281179,0.211204,0.18402,0.169573,-0.024965,-0.369484,0.105304,0.102027,-0.232079,-0.143942,0.10331,0.216247,-0.085348,-0.003876,-0.136772,-0.213876,0.302998,0.271873,0.261831,-0.213189,-0.112686,0.042586,0.323082,-0.183059,-0.116885,0.01705,0.166967,-0.284438,0.048262,-0.164364,-0.107893,-0.091061,0.034535,-0.098575,0.04858,0.021137,-0.089679,0.072901,-0.104801,0.23256,0.229484,0.236014,0.107446,-0.014514,0.160008,-0.225523,0.341308,0.150284,0.482674,0.168564,0.387985,0.202155,0.23426,0.232499,0.201193,0.221236,0.240005,-0.039328,0.237927,0.16752,0.21627,0.233291,0.146639,0.256408,0.164506,0.27182,0.334877,0.156138,0.220597,0.271879,-0.508007,0.109818,0.169515,0.339823,0.278385,0.381767,0.053225,-0.259689,0.059109,-0.17751,0.250941,-0.215813,0.034419,0.432153,0.240701,0.078487,0.086957,0.053988,0.106453,-0.279934,0.384348,0.059977,-0.004706,0.104819,0.097334,0.212431,-0.035503,0.037799,0.220147,0.194003,0.338657,0.24961,0.333672,-0.095223,0.270262,0.075023,0.149159,0.127507,0.120061,0.168538,0.231284,0.194052,0.064966,-0.14584,0.214475,0.338095,0.415052,-0.400639,0.371805,-0.01073,0.166626,0.113299,0.354943,0.3508,-0.069488,0.173427,0.292698,-0.041731,0.112515,0.003645,0.083206,0.221917,-0.17548,0.102963,-0.121435,-0.021069,0.37344,-0.121518,0.168369,0.18226,-0.384148,-0.134998,0.197946,0.109957,-0.285567,0.105557,0.109495,-0.4304,-0.133696,-0.013985,0.04714,-0.258043,-0.278306,-0.119754,-0.390083,-0.104341,0.212097,0.148918,-0.074307,-0.333674,0.311294,-0.319322,-0.405654,-0.087672,-0.107167,-0.255219,-0.316284,0.276374,0.310483,0.062833,#
20,0.276502,-0.084556,-0.050563,0.006493,-0.154398,0.066936,-0.187476,0.056097,-0.156364,-0.152173,0.024094,0.232913,-0.102642,0.063452,-0.129119,0.099229,0.066198,-0.044763,0.182378,0.231945,1.0,-0.163443,-0.312085,-0.111712,0.131344,0.071221,-0.011259,-0.083026,-0.021954,0.057651,0.336146,0.276785,0.072044,0.179082,-0.08166,-0.29262,0.087533,0.078002,-0.127134,-0.108431,0.401524,0.072113,-0.103781,-0.019436,-0.061904,-0.126192,0.045336,-0.086221,-0.018837,-0.22936,-0.091638,-0.120881,0.331766,0.027831,0.048868,0.177838,-0.253189,-0.018248,-0.162747,0.122768,0.022338,0.050033,0.095376,0.0132,-0.000666,-0.015229,-0.270715,0.068794,-0.171322,-0.184253,0.040467,0.167302,0.103573,0.225573,-0.088532,-0.347604,0.007428,0.309814,0.117035,0.241578,0.10708,0.111651,0.33861,-0.02781,-0.043449,-0.195351,0.081939,0.037269,0.395163,0.084368,-0.214937,-0.104417,0.066237,-0.114947,0.225958,0.102694,-0.09696,0.163285,0.096534,0.10668,-0.055067,0.185437,-0.169349,-0.007154,0.262181,0.052509,0.115806,0.22511,0.131838,0.166409,0.069641,-0.022588,-0.30415,0.253237,0.319828,0.333025,-0.079828,0.144658,0.19603,0.170159,0.046931,0.151729,-0.162876,0.197664,-0.134879,0.013384,-0.215578,-0.163065,-0.09013,0.20585,0.154101,0.034133,0.229045,0.044797,-0.07519,0.19345,0.175754,0.04862,0.132893,0.074095,-0.131252,0.231002,0.233383,-0.006346,0.014524,-0.031948,0.230937,-0.372317,-0.046156,0.064739,-0.015768,0.110472,0.169418,0.262226,-0.004862,0.151362,0.240778,-0.103682,-0.011758,-0.091939,-0.114712,-0.058944,0.118572,-0.261631,-0.182297,-0.210285,0.178903,0.031313,0.182565,-0.097575,-0.180145,0.014518,0.19471,-0.081401,-0.374144,0.116053,0.01545,-0.276879,-0.160119,0.252258,-0.115343,0.0008,-0.090618,0.035112,-0.047389,0.330924,0.134991,0.029374,0.178545,-0.027893,-0.055804,-0.241464,-0.15467,-0.33363,-0.214811,-0.077737,0.112645,-0.036887,0.093564,-0.146189,#
