0,1.0,0.250514,0.058247,-0.287601,0.435947,0.000326,0.272398,-0.029957,0.441037,0.112454,-0.122815,0.340605,0.488328,0.237079,0.044449,-0.023569,-0.006736,0.06573,0.201413,-0.237624,-0.277297,0.020892,0.252404,-0.141986,-0.178614,-0.257215,-0.153987,-0.14696,0.213486,0.208467,-0.369329,-0.017921,-0.094006,-0.171613,-0.256714,0.075531,0.148792,0.04309,0.070606,-0.055509,0.218925,-0.058258,-0.034801,0.117306,-0.135425,-0.222255,0.401432,0.261605,-0.097731,0.214244,-0.003682,-0.046474,0.083049,-0.019447,-0.040626,-0.090363,-0.305839,0.021805,-0.106913,0.071475,0.144269,0.116699,-0.057606,-0.089334,0.181098,0.36531,-0.015491,0.103452,0.295569,-0.059327,0.153084,-0.286069,-0.135653,-0.264168,-0.273477,0.283873,-0.192807,-0.250868,-0.237717,-0.02959,-0.182855,-0.329539,-0.195399,0.110129,-0.127015,-0.138839,-0.248308,-0.169559,-0.014119,-0.298703,-0.200162,-0.158677,-0.194071,0.120403,-0.14562,-0.158056,-0.192688,-0.217774,-0.020175,-0.327979,0.115593,-0.407387,-0.155439,-0.174425,-0.206,-0.098342,-0.18123,-0.105278,-0.280257,-0.015963,0.138756,-0.112531,-0.069289,-0.256658,-0.268722,-0.323569,-0.344439,-0.290193,0.138313,-0.61125,-0.272947,-0.382416,-0.276796,-0.321334,-0.258199,-0.044107,-0.345413,0.004664,-0.024238,-0.291017,-0.109348,-0.149124,-0.124187,0.097826,-0.309613,-0.41973,0.065828,-0.362615,0.02734,-0.247964,-0.12675,-0.200512,-0.354075,-0.1991,-0.339814,-0.042585,-0.375294,0.291389,-0.319635,-0.283548,-0.346875,-0.405604,-0.078352,-0.193536,-0.300489,-0.205297,0.36607,0.384498,-0.225652,-0.232023,-0.14726,-0.026287,-0.31646,-0.027513,0.085123,0.01121,0.066935,0.00696,-0.206918,-0.233972,-0.014188,0.234669,-0.097824,-0.227598,0.265923,-0.038487,-0.061706,0.206451,0.395112,-0.414253,0.077832,0.102987,-0.091572,-0.01359,0.410663,-0.003126,0.217772,0.189812,-0.25161,0.496257,-0.084052,-0.020155,0.351921,0.416708,0.01227,0.088796,0.351842,-0.328201,-0.131111,0.059322,#
1,0.250514,1.0,0.080108,0.019697,0.249088,-0.120777,0.014502,-0.032669,0.168299,0.220651,-0.266737,0.095513,0.128118,0.072223,0.182166,-0.109396,-0.235934,0.225661,0.117442,-0.057529,-0.011099,0.163397,0.173557,0.024751,-0.207202,-0.078281,0.10604,0.058957,0.187878,0.304732,-0.422518,0.211699,0.100269,0.186438,-0.155108,0.023684,0.241196,-0.064445,0.023978,-0.145642,0.185336,0.103436,0.199262,0.107385,-0.26894,-0.37073,0.291518,0.34329,0.020562,0.210825,0.062897,-0.187697,0.060859,0.047115,-0.007814,-0.081409,-0.244135,-0.093641,-0.173437,0.037795,-0.077491,0.005378,-0.140325,0.099492,0.073783,0.062929,0.160666,0.155526,0.148754,0.087085,0.019983,-0.214621,0.063346,-0.01387,-0.079157,0.102672,-0.108258,-0.124133,-0.111167,-0.223217,-0.169414,-0.220395,-0.313579,0.216745,-0.257109,-0.103172,-0.148187,0.025101,-0.019434,-0.024657,-0.019053,-0.059887,-0.263422,0.299091,-0.224707,0.035574,0.055771,-0.04078,-0.071965,-0.041061,0.047149,-0.142293,-0.334566,0.000906,-0.444555,-0.200111,-0.25943,-0.162942,-0.089306,-0.118661,0.177261,0.200238,-0.035136,-0.259632,0.013363,-0.055434,-0.175966,-0.224698,0.220766,-0.18893,-0.196962,-0.101884,-0.136238,-0.248732,0.076896,-0.0603,-0.172517,-0.078264,0.039574,-0.01645,-0.140626,-0.088901,-0.133218,0.105955,-0.144311,-0.080626,-0.065863,-0.119994,0.119063,-0.130381,-0.065832,0.130295,-0.083513,-0.246932,-0.216642,-0.24167,-0.048246,0.182983,-0.276495,-0.191181,-0.199338,-0.241471,-0.07664,-0.011021,-0.115033,-0.016694,0.123064,0.203145,-0.004188,-0.047153,0.005685,0.048002,-0.076038,0.072191,0.060868,0.246118,0.127806,-0.066548,-0.229466,0.127568,-0.322478,0.120337,-0.11951,-0.130913,0.146475,0.171854,-0.067816,-0.097638,0.101297,-0.221857,-0.030188,0.035886,-0.150133,-0.138987,0.04548,-0.146348,0.097837,-0.089367,-0.307652,0.204071,-0.018402,0.089498,0.085881,0.179296,-0.008043,-0.132022,0.176796,-0.253406,-0.064213,-0.003937,#
2,0.058247,0.080108,1.0,0.317935,0.032289,-0.321658,0.006581,-0.097682,-0.017877,0.185059,-0.098086,-0.011633,0.035656,-0.029508,-0.207036,-0.221428,-0.09787,0.191608,0.09138,-0.100977,-0.0722,-0.020928,0.026258,0.13055,-0.028659,-0.100624,0.238687,-0.431288,-0.09844,0.047448,-0.132891,0.077981,0.001814,0.021634,-0.245099,-0.082853,-0.058373,0.071351,0.052735,-0.207788,0.071854,0.141182,-0.047499,-0.138398,0.242562,-0.280669,0.101876,0.267129,-0.224917,0.065875,-0.246393,0.06465,-0.106234,0.260333,-0.133114,-0.282509,-0.214738,-0.019479,-0.175559,-0.014477,-0.134599,-0.065203,-0.208757,-0.230385,0.0311,0.047025,-0.206591,-0.063295,-0.126475,-0.017706,0.048452,0.042452,-0.045163,0.20268,-0.082784,0.168838,-0.11206,-0.054719,-0.050886,0.008516,0.034724,0.035223,-0.068529,0.264129,-0.020102,-0.154439,0.119034,0.077611,-0.187852,-0.170886,-0.019801,-0.349976,0.100872,0.017874,-0.246644,0.245598,0.236806,0.266248,0.022979,-0.036361,-0.119179,-0.026139,0.023747,0.112018,-0.180643,-0.052837,0.111022,0.024067,0.024901,0.246156,0.273758,0.070141,0.036573,0.017883,0.184129,-0.014952,-0.095031,-0.266527,0.060207,-0.049021,-0.224763,-0.035508,0.094767,-0.034725,-0.072616,0.095505,-0.204338,-0.014849,0.028745,0.154611,0.222458,-0.028657,-0.028713,0.032576,0.208626,0.034666,0.302708,0.229123,0.049086,-0.18328,0.193984,0.310171,0.023769,-0.232718,-0.074868,0.16433,0.007003,0.015664,-0.315651,0.133816,-0.136485,0.275499,0.351398,-0.057785,-0.025383,-0.014491,0.067379,0.111281,0.118043,-0.054749,0.161881,0.05108,0.31502,0.026621,-0.021452,-0.028909,-0.219331,-0.302754,0.056019,0.023695,-0.034154,0.032583,-0.034606,0.019095,-0.055674,0.12083,-0.20408,-0.027602,-0.136244,-0.07338,0.059629,-0.010948,-0.09838,-0.062623,-0.273922,0.127814,-0.094515,-0.02806,-0.049486,0.031431,0.279645,0.024536,-0.06337,0.015849,-0.070186,-0.22508,-0.109723,0.102199,0.233721,-0.252563,#
3,-0.287601,0.019697,0.317935,1.0,-0.075723,-0.2327,-0.298345,-0.17025,-0.268348,-0.091388,0.171251,-0.335644,-0.175064,-0.204591,-0.202774,-0.190688,0.0351,0.047542,0.086134,0.094352,0.088853,-0.142946,-0.154104,0.010718,0.032981,0.118994,-0.014131,-0.013305,-0.066863,-0.202863,0.279857,0.106704,0.028963,-0.011223,-0.188059,-0.375271,-0.097338,0.034781,0.028806,0.147265,0.060443,-0.056521,0.170916,-0.139527,-0.025487,0.00068,-0.203481,-0.213226,0.01005,-0.167407,-0.245881,0.274029,-0.058756,0.289055,-0.067155,0.126212,0.09163,-0.080809,0.043791,-0.179975,-0.199554,-0.065024,0.111512,-0.194395,-0.223699,-0.311125,0.113923,-0.134058,-0.373732,0.16747,-0.073843,0.368266,0.206482,0.467167,0.166026,-0.069282,0.155355,0.072193,0.259321,0.262244,0.01827,0.229004,0.092931,0.163989,0.060933,-0.050183,0.1493,0.273912,0.066487,0.206172,0.086391,0.145002,-0.044284,0.049348,0.137738,0.229953,0.277184,0.318745,0.053996,0.231806,-0.09946,0.020986,0.344337,0.139431,0.009057,0.092029,0.241274,0.202142,0.262861,0.177074,0.16375,-0.115827,-0.084267,0.027942,0.153037,0.213928,0.393937,0.073102,-0.030771,0.290252,0.195293,0.014651,0.325179,0.090618,0.1788,0.27601,-0.136888,-0.008825,0.254592,0.224851,0.127036,0.155843,-0.074024,-0.13677,0.297325,0.333077,0.022498,0.260827,-0.172749,0.257825,0.140409,0.371441,0.31364,-0.128249,0.12636,0.154715,0.101315,-0.219851,0.095995,0.328947,0.105636,0.473422,0.160311,0.100193,0.370959,0.124351,-0.23807,-0.354548,0.352636,-0.040712,-0.072219,0.067904,0.036899,-0.082739,-0.152767,-0.144434,0.106179,-0.257024,0.035583,0.150255,-0.291483,-0.222291,-0.06588,0.124048,-0.209202,0.176695,0.061815,-0.05704,-0.306874,0.414619,-0.314681,0.063544,-0.054041,-0.22295,-0.083825,-0.151601,-0.079323,-0.124783,0.155303,-0.339787,0.302239,-0.160523,-0.166664,-0.193673,-0.127648,-0.216333,-0.27463,0.232611,-0.262164,-0.091508,#
4,0.435947,0.249088,0.032289,-0.075723,1.0,-0.04506,0.248145,-0.133274,0.124604,0.303801,-0.086747,0.176868,0.278081,0.109852,0.079075,-0.100679,0.094764,-0.053556,-0.163147,-0.191766,-0.018686,0.075232,0.266576,-0.066654,-0.273928,-0.000503,-0.016502,-0.094535,0.041061,0.238672,-0.295184,-0.000185,-0.20283,0.07994,-0.354393,0.169522,0.005039,-0.213759,0.207336,0.03341,0.091461,-0.161644,0.044352,0.149866,-0.106781,-0.03276,0.173405,0.293639,0.027803,0.046226,0.120671,-0.465823,-0.035351,-0.034007,0.248471,-0.338461,-0.364841,0.332786,-0.191648,-0.076674,0.168144,0.193128,-0.212288,0.087225,0.123085,0.369782,-0.06013,0.217227,0.266483,-0.083087,0.075717,-0.548909,0.172822,-0.5484,-0.289382,0.349317,-0.405676,-0.367439,-0.330689,-0.181865,-0.30893,-0.401514,-0.430122,-0.142462,-0.277141,-0.436526,-0.541939,-0.323359,-0.163443,-0.202534,-0.379935,-0.188733,-0.28592,-0.053504,-0.414641,-0.313348,-0.331377,-0.064708,-0.085293,-0.085201,0.221613,-0.302293,-0.154109,-0.196784,-0.42191,-0.528201,-0.292085,-0.20274,-0.151802,0.015835,0.061965,0.040891,-0.268961,-0.436241,-0.337163,-0.067935,-0.242839,-0.495759,-0.059493,-0.303117,-0.358744,-0.326345,-0.283791,-0.160167,0.026647,-0.106832,-0.478233,-0.020579,-0.285644,-0.124276,-0.27948,-0.128359,-0.460952,0.015798,-0.203809,-0.518034,0.093972,-0.501372,-0.015858,-0.317958,-0.278895,0.028211,-0.073139,-0.138886,-0.544454,-0.278378,-0.287366,0.394185,-0.442904,-0.209142,-0.419161,-0.261885,-0.204899,-0.270616,-0.338419,-0.226198,0.236545,0.321123,-0.345309,-0.357247,-0.064614,-0.220734,-0.162012,-0.160804,-0.16916,0.34109,-0.131682,-0.035115,-0.220508,-0.179914,0.091255,-0.004109,-0.325009,-0.430888,0.131935,-0.292442,-0.226816,0.10476,0.180938,-0.315709,0.062399,-0.000216,0.181398,0.21998,0.290708,-0.05946,0.312909,-0.137399,-0.091894,0.394729,-0.163834,0.354476,0.383422,0.334995,0.0905,0.018481,0.254113,-0.324397,-0.40341,0.201557,#
5,0.000326,-0.120777,-0.321658,-0.2327,-0.04506,1.0,0.228987,0.269192,-0.041919,-0.016692,0.049145,0.026158,-0.241559,0.447295,0.238132,0.138774,0.000592,-0.146873,-0.075102,-0.116473,0.127725,0.08255,0.006383,-0.350507,0.152306,-0.152002,-0.012681,0.125348,0.014832,-0.003793,0.159317,0.245651,0.048456,-0.165111,-0.180683,0.037787,-0.114075,-0.000876,0.139425,-0.036096,-0.149179,0.039383,0.121764,0.310977,-0.050578,0.069881,-0.005106,-0.008677,0.173452,0.19116,0.213119,-0.01548,0.231324,-0.266617,-0.094107,0.163987,0.275204,0.165153,-0.026586,0.303974,0.302635,0.128156,-0.12224,0.355904,0.010533,0.074713,-0.1474,0.292661,0.043382,-0.212853,-0.104839,-0.190395,0.136597,-0.100952,-0.033536,-0.012325,0.249458,0.156181,-0.314934,-0.035374,-0.094827,-0.084432,0.114357,-0.18949,0.022531,0.114005,-0.068912,-0.292835,-0.085077,-0.19908,-0.02968,0.021414,0.037368,-0.170524,0.105993,-0.104577,-0.171489,-0.190571,0.014141,-0.199086,-0.101937,-0.090671,-0.006776,-0.298957,0.123802,-0.070852,-0.118549,-0.301382,-0.176484,-0.48728,-0.113851,0.158327,-0.152816,-0.132304,-0.230812,-0.259268,0.008087,-0.06179,-0.066513,-0.132182,-0.069748,0.163002,-0.021328,-0.113287,-0.207845,0.044071,0.057668,-0.001964,-0.090751,-0.229028,0.027016,-0.112186,-0.124242,0.108082,-0.130604,-0.141831,0.042715,-0.164838,-0.182414,-0.086446,-0.099366,-0.311955,-0.378867,-0.211844,0.051669,-0.042988,-0.064031,0.046192,0.244914,-0.121817,-0.008968,0.014438,-0.138522,0.271403,-0.146751,-0.038897,0.24549,0.098792,-0.294326,0.188551,-0.154589,-0.16136,-0.008954,0.042707,0.023775,0.107031,0.326925,0.274764,-0.046271,-0.066452,0.214598,0.057974,0.145605,0.178293,0.290932,-0.050752,0.047202,0.027376,0.204732,-0.054642,0.168123,0.141384,0.098156,0.171677,0.10836,-0.290223,0.102638,0.017004,0.09064,0.1808,-0.063297,-0.077579,0.173472,-0.214087,0.162315,0.185833,0.076136,-0.234242,0.000355,0.273411,#
6,0.272398,0.014502,0.006581,-0.298345,0.248145,0.228987,1.0,0.24114,0.462617,0.019878,0.166255,0.27993,0.159043,0.086675,0.166056,0.121278,-0.211893,-0.097774,0.099966,-0.048198,-0.048409,0.253962,0.207045,-0.300982,-0.118868,-0.051614,0.069667,-0.287295,0.182594,0.139771,-0.367218,0.028892,-0.026589,-0.164212,-0.039534,0.089339,0.098369,-0.139219,-0.060151,0.094238,0.049535,0.132328,-0.277676,0.037994,-0.02869,0.005459,0.066175,0.302963,0.138043,0.200711,0.276433,-0.092528,0.073293,-0.125354,0.069412,0.005789,-0.053615,0.167877,0.012533,0.242039,0.226356,0.229219,-0.254679,0.260706,0.156008,0.138818,-0.119098,0.055879,0.221274,-0.263696,0.11978,-0.361797,0.077798,-0.325155,-0.454689,0.272916,-0.211156,-0.250079,-0.422082,-0.288609,-0.24312,-0.331419,-0.134042,-0.424974,-0.344426,-0.045235,-0.164382,-0.133023,-0.379411,-0.134137,-0.176379,-0.292659,-0.164104,-0.08737,-0.457207,-0.055988,-0.133266,-0.42144,-0.098737,-0.246836,-0.06666,-0.207251,-0.236226,-0.256256,-0.121036,-0.184086,-0.049773,-0.3266,-0.337654,-0.127757,0.020031,0.104279,-0.188424,-0.339956,-0.092508,-0.302521,-0.29129,-0.164484,-0.006507,-0.472484,-0.170088,-0.244519,-0.117175,-0.454721,-0.104497,-0.064293,-0.304027,-0.095967,-0.270951,-0.312617,-0.261559,-0.227319,-0.253369,-0.126041,-0.172411,-0.159624,0.138625,-0.209748,-0.025757,-0.385917,-0.283399,-0.175786,-0.369562,-0.081115,-0.200645,-0.135833,-0.442195,0.50923,-0.128402,-0.419623,-0.110142,-0.309679,-0.35293,-0.095268,-0.254194,-0.223129,0.255893,0.368816,-0.094632,-0.276402,0.048735,-0.16467,-0.134508,-0.078085,-0.081115,0.391481,-0.06161,0.232169,-0.057362,-0.089009,0.009896,0.140921,0.039048,-0.236469,0.433656,-0.434128,-0.228956,0.40485,0.348338,-0.309705,0.345513,0.392976,0.03451,0.113834,0.404079,-0.122351,0.010739,0.05046,-0.143367,0.423612,-0.003657,0.150221,0.371272,0.103877,-0.057741,0.191488,0.507873,-0.289685,-0.132966,0.100896,#
7,-0.029957,-0.032669,-0.097682,-0.17025,-0.133274,0.269192,0.24114,1.0,-0.016153,-0.136813,-0.219767,-0.062087,-0.073919,0.211489,0.131845,-0.185743,-0.120083,-0.015769,0.072754,0.004258,-0.003164,0.375367,-0.119973,-0.086256,-0.071523,0.173871,0.339106,0.081503,-0.346688,-0.073407,0.087449,0.385339,0.107721,-0.058955,-0.021938,0.030166,0.108468,-0.216437,0.107397,-0.190225,-0.090554,0.229298,0.294691,-0.017282,-0.208869,0.051154,0.082975,0.062603,-0.226425,-0.05346,-0.044634,0.065686,0.097576,-0.330236,-0.18545,0.124012,0.207854,-0.167814,0.024338,0.234198,0.06789,0.386752,-0.110939,0.263811,0.244771,0.215991,-0.115525,0.103802,-0.027049,-0.242114,0.073387,0.025901,-0.103665,-0.012284,-0.104255,-0.168865,0.047827,-0.069827,-0.230709,0.157972,0.159503,-0.07809,0.229014,-0.145073,0.079646,0.298667,0.180435,0.10463,0.040615,0.109215,0.042216,-0.005898,0.037238,0.044587,0.084078,0.095967,-0.132736,0.113319,-0.076237,-0.207624,-0.087223,-0.137876,0.047319,-0.035161,-0.13962,-0.024457,0.085332,-0.225866,-0.030447,-0.321049,-0.023335,0.156816,-0.057538,0.056234,0.09992,0.04067,-0.028362,0.143048,-0.001131,-0.140165,-0.118055,0.041594,0.02249,-0.100698,-0.004584,0.167173,0.054574,-0.398911,0.159339,0.047268,0.007888,-0.116826,0.098005,-0.056983,0.101728,0.062106,0.120179,0.046263,-0.002911,-0.134656,-0.087603,-0.300602,-0.099625,0.075869,0.180034,-0.144057,-0.054774,0.045242,0.125287,0.114467,-0.017101,-0.001634,0.159565,0.132283,0.380453,0.084929,0.103731,-0.006766,-0.176242,0.195036,0.152937,-0.099029,-0.007773,0.110586,0.225652,0.051768,0.011872,0.131859,-0.131169,0.214122,-0.074697,0.042783,0.049899,0.102936,0.048425,0.063243,-0.028341,0.058579,0.056856,-0.167152,0.021901,-0.056311,-0.029064,-0.112284,-0.071392,-0.044903,-0.059811,0.19792,-0.032863,0.019748,0.133093,-0.00493,0.030625,-0.141107,0.125902,0.100263,-0.113464,-0.102605,0.094113,-0.093676,#
8,0.441037,0.168299,-0.017877,-0.268348,0.124604,-0.041919,0.462617,-0.016153,1.0,-0.001631,0.105115,0.228087,0.291274,0.025762,0.286376,-0.121009,-0.232105,0.175116,0.232786,-0.070803,-0.199043,0.081109,0.349861,-0.017548,0.025263,-0.221037,0.034614,0.006835,0.36585,0.172434,-0.251096,0.018791,0.168895,-0.037178,-0.148446,-0.040081,0.325403,-0.137224,0.020968,0.00558,0.125808,-0.141915,-0.242657,0.032644,0.03014,-0.182407,0.305293,0.310154,0.115746,0.182246,0.016139,-0.057595,0.002084,0.130404,0.111573,-0.03989,-0.113722,-0.050595,0.063729,0.019391,0.083464,-0.04973,-0.148033,0.06762,0.089159,0.18192,0.115303,-0.078665,0.271239,0.208826,0.073133,-0.228074,0.122513,-0.126785,-0.240518,0.03164,-0.170632,-0.276122,-0.184806,-0.158107,-0.022185,-0.282471,-0.123934,-0.071212,-0.096671,0.084319,-0.040741,-0.074455,-0.209857,-0.149087,0.066467,-0.078936,-0.334433,0.358491,-0.189153,0.069934,-0.010167,-0.293811,0.137675,-0.174052,-0.092429,-0.227607,-0.270752,-0.165883,0.041527,-0.028226,-0.195896,0.064045,-0.197835,0.092612,0.174092,0.03698,-0.024804,-0.12077,0.058723,-0.420012,-0.257095,-0.169166,0.192654,-0.412841,-0.198619,-0.288973,0.033938,-0.587093,-0.154957,0.002639,-0.128682,0.012652,-0.105543,-0.304852,0.020191,-0.196475,0.064607,-0.049371,-0.083867,-0.041422,-0.138423,-0.173922,0.232641,-0.049936,-0.054712,-0.017226,-0.415222,-0.207316,-0.232294,-0.034528,-0.163205,0.343146,-0.048555,-0.272207,-0.013313,-0.293794,-0.134883,-0.148292,-0.093273,-0.174289,0.266798,0.468824,0.063594,-0.275208,0.109775,-0.078496,-0.091891,0.105798,0.042251,0.116083,-0.128424,-0.050525,-0.096982,0.025364,-0.103386,0.297724,0.060187,-0.311889,0.284442,-0.255504,-0.196207,0.259388,0.232393,-0.372392,0.204148,0.227114,-0.142683,-0.079452,0.177004,0.137727,-0.108561,0.134559,-0.372733,0.266279,0.138793,-0.071897,0.210694,0.154635,-0.074405,0.027225,0.383709,-0.237533,0.033789,-0.017314,#
9,0.112454,0.220651,0.185059,-0.091388,0.303801,-0.016692,0.019878,-0.136813,-0.001631,1.0,-0.171456,0.092275,0.28333,0.141965,-0.056034,-0.101787,-0.378023,0.329776,-0.075635,0.001757,0.135693,0.015208,0.164449,0.074196,0.106777,0.111847,0.05236,-0.159653,0.017472,0.26207,-0.111069,-0.038536,0.050602,0.236264,-0.314154,0.295379,-0.084444,-0.208638,-0.057696,-0.161176,0.046618,0.254301,0.071649,0.293256,0.276662,-0.277093,0.070979,0.474827,0.081905,0.227617,-0.176066,-0.195267,-0.047684,-0.086667,-0.043622,-0.421808,-0.165869,0.04046,0.022306,-0.087224,0.127678,0.301114,-0.261897,-0.179365,0.027682,0.056619,-0.026208,0.237227,0.080686,-0.157921,0.090413,-0.351531,0.031477,-0.07545,0.066565,0.197853,-0.225965,-0.456162,-0.039017,-0.146927,-0.075184,-0.144515,-0.164436,-0.253993,-0.035924,-0.105551,-0.299131,-0.106583,-0.234935,-0.037342,-0.171032,-0.056185,-0.237239,0.150331,-0.201253,0.099185,0.095534,-0.018794,0.180256,-0.208565,-0.09638,-0.255367,-0.042818,-0.029207,-0.332912,-0.213269,-0.166948,-0.284545,-0.082048,-0.15173,0.371169,0.151139,0.024351,-0.364985,-0.219956,-0.09248,-0.143831,-0.262676,0.314894,-0.337108,-0.04301,0.107586,0.007612,-0.042499,-0.126635,0.000734,-0.181082,-0.052504,-0.220114,0.162141,-0.008127,-0.018419,-0.018637,0.591166,-0.181599,0.054807,0.032631,-0.146427,0.290743,-0.330429,0.028352,-0.021483,-0.088703,-0.000923,-0.084027,-0.016336,0.103745,0.129078,-0.389294,0.152586,-0.4578,-0.036793,0.212019,0.0413,-0.140341,0.252876,0.354526,0.335243,-0.199239,0.11733,-0.083828,0.049207,-0.08271,0.227606,-0.04768,0.375164,-0.242467,-0.093257,-0.038135,-0.060714,0.064087,0.07064,-0.035944,-0.295257,0.265766,0.059881,-0.011625,-0.112316,0.148133,-0.078554,-0.053702,0.007285,-0.290299,0.289719,-0.200962,-0.115916,0.129306,-0.154533,-0.309519,0.269724,-0.106084,0.008726,-0.130086,-0.024163,-0.021173,-0.271259,0.017469,-0.049391,0.226152,-0.080642,#
10,-0.122815,-0.266737,-0.098086,0.171251,-0.086747,0.049145,0.166255,-0.219767,0.105115,-0.171456,1.0,-0.163902,-0.223922,-0.133379,0.268469,0.226435,0.066575,-0.347621,0.082982,0.085765,-0.080844,0.024327,-0.038408,0.092164,-0.033047,0.158667,-0.115287,0.148096,0.16052,-0.276668,0.113356,-0.042677,-0.110938,-0.145464,0.17536,-0.298027,-0.136144,0.153637,0.098811,0.347787,-0.210959,-0.170387,-0.316997,-0.050365,0.266175,0.188643,-0.205507,-0.260506,0.278196,-0.058318,0.139678,0.246429,0.002225,0.185586,0.102135,0.362181,0.061687,-0.025715,-0.002097,0.068015,0.186053,-0.060951,0.174427,0.019264,0.020386,-0.098215,-0.073092,-0.245147,-0.37094,-0.004268,-0.124586,0.174945,0.261958,0.117422,-0.076612,0.078913,-0.082264,0.158168,0.058899,-0.140588,-0.16801,0.128642,0.180474,-0.174874,-0.158009,-0.051527,0.220658,0.080888,-0.239899,-0.159276,0.176397,-0.161545,0.214635,-0.264501,0.070231,0.13777,0.011049,-0.045241,-0.182991,0.047943,-0.005896,0.144386,-0.023021,-0.046966,0.176069,0.088761,-0.091576,0.056017,-0.03665,0.20566,-0.171077,-0.14709,-0.104404,0.102454,-0.188409,-0.166156,0.161492,0.077096,-0.204481,0.145055,0.294308,-0.092932,0.265253,0.108739,0.166851,-0.095523,0.053675,0.149378,-0.0679,-0.107706,0.177191,-0.187106,-0.175664,-0.323193,0.169158,0.26817,0.047278,-0.106472,-0.165109,0.114725,-0.090584,0.149307,-0.10108,-0.046278,0.028552,0.077327,-0.16032,-0.197319,0.293483,-0.131366,0.210384,0.240182,-0.239323,-0.057053,-0.110056,-0.032948,-0.212293,-0.035654,0.148062,0.004612,-0.140701,-0.167399,0.077601,-0.312558,-0.233733,-0.01915,0.099534,0.175272,0.237457,-0.304133,0.082295,-0.247652,-0.087599,0.157551,0.10772,-0.219952,-0.135575,0.069852,-0.163662,0.117717,0.027595,0.340301,0.146737,0.354275,-0.09089,0.082116,-0.099723,-0.2327,0.330056,-0.131287,-0.089492,0.260525,0.040686,-0.170379,-0.039254,-0.030478,0.101152,0.056562,-0.179054,0.044527,#
11,0.340605,0.095513,-0.011633,-0.335644,0.176868,0.026158,0.27993,-0.062087,0.228087,0.092275,-0.163902,1.0,0.15146,-0.161425,0.050027,0.245161,0.044649,-0.055023,-0.185394,-0.322835,-0.015702,0.040504,-0.008895,-0.014958,0.016857,-0.058474,-0.027072,-0.320038,0.290954,0.31061,-0.414507,-0.014034,-0.128486,-0.038771,-0.032657,0.183015,-0.342796,-0.076791,-0.080751,0.032485,0.052763,-0.062248,-0.261231,-0.157537,-0.051464,-0.059025,0.009314,0.122849,-0.158202,0.100665,-0.148442,-0.261326,-0.068844,0.049054,0.148715,-0.179763,-0.269492,-0.09182,-0.062914,0.212246,-0.087189,0.096714,-0.154001,0.063743,0.189799,-0.161362,-0.19857,0.037024,0.15258,-0.212038,0.134637,-0.338399,-0.028951,-0.325479,-0.448297,0.050955,-0.246981,0.004271,-0.404306,-0.282649,-0.235554,-0.3999,-0.273872,-0.073418,-0.156728,-0.016549,-0.237109,-0.375264,-0.161911,-0.21692,-0.024366,-0.222445,-0.11569,-0.254904,-0.381483,-0.005215,-0.066367,-0.437734,-0.24878,-0.076458,0.095488,-0.311887,-0.17726,-0.311711,-0.204091,-0.191032,-0.055218,-0.08566,-0.350855,-0.050009,-0.214069,0.087776,-0.32879,-0.127161,-0.161425,-0.411956,-0.230254,-0.053375,-0.34056,-0.168091,-0.250748,-0.236385,-0.346075,-0.094004,-0.113451,-0.177932,-0.017112,-0.136349,-0.231098,-0.131644,-0.212865,-0.197282,-0.12964,0.03775,-0.388113,-0.192389,-0.128486,-0.495731,0.079912,-0.263363,-0.061458,-0.065527,-0.250696,-0.237285,-0.342429,-0.254064,-0.154423,0.106829,-0.333622,-0.1883,-0.212705,-0.437353,-0.054614,-0.229359,-0.322001,-0.369449,0.13419,0.153171,-0.141997,-0.067089,-0.003286,-0.138851,-0.093739,-0.183537,-0.191977,0.161561,0.082737,0.122508,0.086942,-0.398812,0.262372,0.110048,-0.100858,-0.080611,0.396175,-0.351664,-0.372448,0.166525,0.119537,-0.281899,0.423228,-0.012813,0.294456,0.242306,0.381919,-0.104205,0.280479,0.095702,0.022038,0.359725,0.015859,0.348633,0.205711,0.060301,-0.231996,0.31405,0.210143,-0.26415,-0.024787,-0.018897,#
12,0.488328,0.128118,0.035656,-0.175064,0.278081,-0.241559,0.159043,-0.073919,0.291274,0.28333,-0.223922,0.15146,1.0,0.18484,0.116945,-0.08525,-0.111778,0.198854,0.074208,0.063652,-0.236081,0.144709,0.348146,-0.107451,-0.257286,-0.102227,0.070689,-0.210624,0.309723,-0.015151,-0.392026,0.033743,0.001387,0.038485,-0.067613,0.133406,0.219937,-0.176629,-0.038582,-0.133727,0.217724,0.238025,-0.040657,-0.032857,0.080375,-0.187453,0.464967,0.30832,-0.012303,0.159287,-0.082097,-0.190663,0.153902,0.018997,0.02702,-0.191562,-0.112199,0.106126,0.113273,-0.056742,0.089062,0.083333,-0.20395,-0.099911,0.143312,0.245075,0.220902,0.047687,0.266731,-0.145218,0.276843,-0.279701,-0.060846,-0.14048,-0.189503,0.23883,-0.104006,-0.462625,-0.076522,-0.177794,-0.044418,-0.229594,-0.326446,-0.223686,0.034878,-0.009504,-0.295193,-0.02744,-0.105106,-0.020719,-0.205123,-0.189455,-0.213595,0.176446,-0.116487,-0.11293,0.048983,-0.156907,0.088134,-0.526635,0.333216,-0.278187,-0.279928,-0.244597,-0.257544,0.018072,-0.175303,-0.073542,-0.301659,0.034964,0.297791,-0.195591,0.015262,-0.230019,-0.131124,-0.20581,-0.508673,-0.112195,0.272642,-0.526189,-0.080301,-0.375596,-0.086399,-0.269726,-0.039861,0.0463,-0.460846,0.027373,-0.195079,-0.12198,-0.038771,-0.042964,0.040142,0.211737,-0.209765,-0.149274,-0.016184,-0.020043,0.154421,-0.350944,-0.25292,-0.192253,-0.185658,0.069496,-0.324718,-0.015823,-0.251692,0.315584,-0.421018,-0.062987,-0.156687,-0.364203,0.010777,-0.071535,-0.049127,0.062925,0.363277,0.375822,-0.220139,-0.25264,-0.19936,-0.143002,-0.355022,0.010951,0.203346,0.028226,-0.132529,-0.112619,-0.227133,0.015205,0.104599,0.210203,0.057216,-0.263913,0.283234,0.077218,-0.036966,0.271798,0.247957,-0.431601,0.033188,0.103235,-0.104118,-0.162703,0.168019,-0.046115,0.284083,0.06236,-0.361102,0.365556,-0.049285,-0.062221,0.160335,0.250935,-0.037936,0.001467,0.295711,-0.271683,-0.053713,0.051671,#
13,0.237079,0.072223,-0.029508,-0.204591,0.109852,0.447295,0.086675,0.211489,0.025762,0.141965,-0.133379,-0.161425,0.18484,1.0,0.130682,-0.018165,-0.160503,0.161482,0.257128,-0.081147,-0.043393,0.092284,0.321393,-0.245642,-0.151055,-0.32733,0.228976,0.15326,0.192383,0.028804,0.007278,0.219747,0.129454,-0.21534,-0.122207,0.161711,0.013629,0.042911,-0.044435,-0.350804,0.13568,0.29302,0.289448,0.404401,-0.086774,-0.380118,0.352799,0.301688,0.066748,0.037106,-0.010764,0.037774,0.022598,-0.296883,-0.319403,-0.223023,0.151788,-0.040217,0.003093,0.017805,0.232492,0.234148,-0.176865,0.163577,0.197452,0.487222,0.18796,0.354905,0.174093,-0.109137,-0.029582,-0.314386,0.071934,-0.211818,-0.098047,0.250678,0.009964,-0.210754,-0.154167,-0.084033,-0.196286,-0.291936,-0.018092,-0.042702,0.024891,-0.015066,0.026113,-0.099436,-0.070983,-0.183448,-0.067856,-0.242652,-0.125451,0.124473,0.076126,-0.174895,-0.101254,-0.050877,-0.047979,-0.401588,0.062279,-0.074425,-0.036048,-0.127272,-0.157377,-0.03098,-0.117476,-0.488246,-0.05765,-0.183853,0.191624,0.215971,0.013417,-0.027878,-0.139391,-0.084381,-0.320766,-0.139386,0.240039,-0.28918,-0.131835,-0.060677,-0.171146,-0.080877,0.051664,0.06314,-0.235189,0.032065,-0.105208,-0.169155,-0.060904,0.092557,-0.212705,0.321152,-0.232095,-0.215503,-0.025159,-0.154737,0.110511,-0.192707,-0.204726,-0.363911,-0.218116,-0.267504,-0.094045,0.128589,-0.124735,0.091342,-0.09108,0.02973,-0.090541,-0.122631,-0.125533,-0.026832,0.015504,0.107836,0.42378,0.42959,-0.315684,0.064395,-0.113034,-0.172602,0.006867,0.178192,0.042185,0.104305,0.127326,0.136198,-0.264133,0.14292,0.014841,0.270681,-0.157273,-0.122102,0.290346,0.142023,-0.078949,0.031713,0.391965,-0.328604,0.116664,-0.084918,-0.166852,0.03033,0.119994,-0.118082,0.172813,-0.00603,-0.146541,0.218114,-0.137084,-0.133487,0.22841,0.18644,0.157496,0.029087,0.268454,-0.27349,0.101958,-0.010352,#
14,0.044449,0.182166,-0.207036,-0.202774,0.079075,0.238132,0.166056,0.131845,0.286376,-0.056034,0.268469,0.050027,0.116945,0.130682,1.0,0.083283,-0.18171,-0.269819,-0.037021,-0.059233,-0.154825,0.423764,0.232596,0.121004,-0.114594,0.043063,0.048243,0.181933,0.287769,-0.038817,-0.211345,0.331281,0.16604,0.086739,-0.167643,-0.096546,0.007136,0.044782,0.344158,0.105003,-0.193696,0.172943,-0.071462,0.017785,-0.144422,0.241098,0.272624,-0.142074,0.051808,0.209898,0.074568,0.09689,-0.067874,-0.234557,0.019218,0.124391,-0.143143,0.271893,-0.296461,0.250988,0.295623,0.106187,-0.068585,0.446459,0.221352,0.24436,-0.171282,0.033288,0.075648,-0.147987,0.14174,-0.109559,0.262438,-0.23183,-0.241854,-0.101815,-0.12012,0.045651,-0.210834,-0.309544,-0.134042,-0.203122,-0.163263,-0.224585,-0.269531,-0.015799,-0.055103,-0.279046,-0.35667,-0.165383,-0.088987,-0.091106,-0.048495,0.020753,-0.105681,0.026808,-0.1324,-0.072169,-0.121215,-0.21728,0.030406,0.046975,-0.21521,-0.253339,-0.075855,-0.014631,-0.297915,-0.080149,-0.05119,-0.19309,-0.203163,-0.140044,-0.282561,0.00334,-0.285483,-0.217616,-0.272958,-0.010245,-0.172441,-0.173895,-0.10052,-0.351027,0.094724,-0.092655,0.199509,-0.080087,0.028454,-0.119261,-0.251268,-0.249123,0.080371,-0.322463,-0.261168,-0.302747,-0.171653,-0.016093,0.022108,-0.194334,0.191555,-0.068081,-0.107869,-0.28448,-0.312215,-0.150248,-0.308083,-0.155084,-0.103086,-0.161616,-0.050872,-0.306904,0.006457,-0.057667,-0.095856,-0.014803,-0.121659,-0.070807,0.131425,0.193549,-0.199761,-0.01661,-0.151287,-0.193745,-0.110781,-0.26055,-0.184608,0.217167,0.000179,0.201562,-0.083129,-0.102838,-0.008973,0.137385,-0.084266,-0.058655,0.318897,-0.045372,-0.145799,0.051435,0.017109,-0.163517,0.119057,0.365896,0.219589,0.13071,0.053602,-0.057943,0.105501,0.051268,0.119673,0.052812,-0.191814,0.344989,0.035713,0.00569,0.006908,-0.258805,0.171198,-0.293142,0.078671,0.159154,#
15,-0.023569,-0.109396,-0.221428,-0.190688,-0.100679,0.138774,0.121278,-0.185743,-0.121009,-0.101787,0.226435,0.245161,-0.08525,-0.018165,0.083283,1.0,0.117928,-0.373513,0.186892,-0.01364,0.10972,0.09045,-0.154541,-0.147812,-0.186473,-0.018639,-0.240541,0.023579,0.109784,-0.119012,-0.304111,0.043787,-0.1709,2.7e-05,0.299215,0.028418,-0.192848,0.21719,-0.298109,0.096489,-0.06812,-0.17677,-0.098457,-0.071863,0.139508,0.190068,-0.039812,-0.28488,0.194577,0.17022,0.098668,0.061462,-0.135558,0.013006,-0.124471,0.077434,0.044511,0.018092,0.055401,0.125394,0.146818,-0.119149,0.125329,0.315705,0.10277,-0.081596,-0.157503,-0.022182,0.111739,-0.240393,-0.101386,0.031171,0.027753,-0.227096,0.037106,0.038468,-0.219015,0.098978,-0.079095,-0.208206,-0.19794,-0.145602,-0.112164,-0.183125,-0.162904,-0.162195,-0.164085,-0.335064,-0.046281,-0.032497,0.147678,-0.187019,0.265299,-0.523856,-0.11204,-0.092286,-0.145205,-0.476967,-0.483445,-0.052403,0.199479,0.008997,-0.24429,-0.054624,-0.033031,-0.021015,-0.298334,-0.158994,-0.088942,-0.080166,-0.352093,-0.214806,-0.150615,0.03795,-0.312584,-0.050642,-0.102234,0.084988,-0.382188,0.154768,-0.003178,0.000854,-0.054084,0.238287,0.001032,-0.160427,0.099736,0.02674,-0.069115,-0.141539,-0.176531,-0.058803,-0.182041,-0.074604,-0.187309,-0.047834,-0.1709,-0.331413,-0.238304,-0.14579,-0.129731,-0.170158,-0.132009,0.012839,-0.277409,0.272908,-0.219489,-0.049176,-0.205389,-0.322997,-0.043591,0.088659,-0.225283,-0.083667,-0.341052,-0.227876,-0.19432,0.022633,-0.183031,-0.025488,-0.465351,-0.176442,-0.078842,-0.366607,-0.202924,0.238165,-0.00177,0.226694,-0.070091,-0.15692,0.065359,0.268572,-0.186693,0.031441,0.076749,-0.274749,0.021976,0.083895,-0.209934,0.101764,0.31115,0.287703,0.462975,0.396503,0.242109,-0.139831,0.140413,-0.030034,0.460596,0.003043,-0.41444,0.309999,0.197969,0.173592,-0.134983,0.194379,0.410727,0.09531,-0.183932,0.025902,#
16,-0.006736,-0.235934,-0.09787,0.0351,0.094764,0.000592,-0.211893,-0.120083,-0.232105,-0.378023,0.066575,0.044649,-0.111778,-0.160503,-0.18171,0.117928,1.0,-0.257509,-0.184419,-0.180076,-0.278819,-0.128763,-0.246727,0.161925,-0.085718,-0.146043,-0.305101,0.104743,-0.157351,-0.29304,0.160502,0.034092,-0.093409,-0.246883,0.089077,-0.250277,-0.189584,0.184293,0.013593,0.13571,-0.130284,-0.204387,-0.005438,-0.090846,0.049511,0.241505,-0.182127,-0.294292,-0.159201,0.024657,0.243815,0.041734,-0.034013,0.137929,0.165018,0.126377,-0.083424,0.151578,-0.126201,0.037921,-0.018909,-0.217622,0.134853,0.131589,0.100239,-0.079591,0.081253,-0.100342,-0.105023,0.110055,-0.160914,0.209211,0.109091,-0.14683,-0.173177,0.1287,0.019334,0.131732,0.120658,0.130145,-0.021599,0.115185,0.148545,0.247308,0.061431,-0.119389,0.038469,-0.123321,0.09554,-0.189774,0.165377,0.026304,0.251706,-0.352021,0.13592,-0.163549,0.010877,0.077041,-0.09018,0.078758,0.271254,0.010298,0.019521,0.044262,0.125385,-0.127713,0.302956,0.021468,-0.07083,0.270761,-0.295882,-0.153718,0.040842,0.131955,-0.062299,0.08912,0.271907,-0.117705,-0.263984,0.39877,-0.055324,0.200754,-0.32981,0.133043,0.120394,-0.167852,-0.097094,0.138605,-0.089748,0.136612,-0.101729,0.165626,0.043199,-0.260541,0.144244,-0.207292,0.052067,-0.246939,-0.491736,0.091106,-0.007077,0.280153,0.091264,0.202915,-0.079777,-0.084214,-0.141253,-0.079351,0.030427,-0.004629,0.212232,0.231603,-0.13094,-0.060699,-0.200142,-0.229695,-0.385831,-0.222242,-0.03165,-0.251449,0.016549,-0.061952,0.004393,-0.205006,0.037194,-0.135556,0.150317,0.043346,0.158734,0.011525,0.372276,-0.099721,-0.033455,0.234007,-0.389877,-0.110027,-0.026851,-0.133505,-0.247635,0.226062,-0.049289,-0.264792,0.512133,0.056653,4e-05,0.076583,0.043194,0.062523,0.268509,-0.234865,0.026346,0.088378,0.095577,0.186736,0.070896,0.183656,-0.100087,0.197163,-0.295678,0.074511,#
17,0.06573,0.225661,0.191608,0.047542,-0.053556,-0.146873,-0.097774,-0.015769,0.175116,0.329776,-0.347621,-0.055023,0.198854,0.161482,-0.269819,-0.373513,-0.257509,1.0,0.068498,0.219673,0.098588,-0.017656,0.306166,0.163115,0.238813,-0.073647,0.201625,0.021829,-0.062666,0.108734,0.154898,-0.11617,0.231341,0.276263,-0.227634,0.018595,0.331521,-0.198886,0.151051,-0.282757,0.087769,0.288309,0.374419,0.01943,0.084572,-0.410376,0.223538,0.438341,-0.061159,-0.149416,0.083089,-0.006926,-0.267448,0.074569,-0.083778,-0.152355,-0.018506,-0.118314,0.032911,-0.182938,-0.137614,0.007924,-0.223985,-0.284011,-0.133339,0.064004,0.301226,0.157709,0.217764,0.345911,0.030962,-0.103486,-0.16084,0.264592,0.154285,-0.047751,0.106602,-0.28075,0.165617,0.091597,0.08543,0.064693,0.011376,0.182249,0.261059,0.187685,-0.140507,0.23044,0.199269,0.015216,0.2062,0.062042,-0.165304,0.564296,0.202058,0.071805,0.203093,0.27493,0.231939,-0.117553,-0.197604,-0.223283,-0.104487,0.253851,0.005439,0.137782,0.003434,-0.00023,-0.017852,0.00809,0.466275,0.206467,0.44291,-0.004468,0.289036,0.079753,-0.150975,-0.191991,0.473134,-0.28062,-0.07712,0.093936,0.006308,-0.341015,-0.189388,0.262938,-0.028263,-0.061207,-0.071788,0.021578,0.173459,0.165308,0.401483,0.240624,0.055001,-0.006657,-0.109595,0.295161,0.406729,-0.056931,0.08602,0.161643,0.07288,-0.181186,0.03462,-0.018269,0.124302,0.242572,-0.158979,0.349324,-0.129488,-0.043189,0.19396,0.217801,0.119315,0.221218,0.36348,0.088551,-0.062671,0.074739,0.348732,0.28818,0.118816,0.707992,0.130976,0.035754,-0.000213,-0.158574,-0.284759,0.167885,-0.208468,0.184368,0.136152,-0.123621,-0.13753,0.148149,0.196416,0.041186,0.205773,-0.197124,-0.168486,-0.225738,-0.613194,-0.189694,-0.175874,0.16629,-0.04482,0.241061,-0.521065,0.177188,0.09462,-0.328905,-0.205643,-0.117308,-0.004308,-0.105041,-0.120284,-0.077358,0.29423,-0.350286,#
18,0.201413,0.117442,0.09138,0.086134,-0.163147,-0.075102,0.099966,0.072754,0.232786,-0.075635,0.082982,-0.185394,0.074208,0.257128,-0.037021,0.186892,-0.184419,0.068498,1.0,-0.033817,-0.043462,0.120855,-0.138461,-0.036761,-0.318053,-0.117888,-0.062208,0.196616,0.116008,-0.234243,-0.120076,0.152718,0.095737,-0.117544,0.030548,-0.060028,0.262581,0.426154,-0.235378,-0.183739,0.313642,-0.116273,-0.07952,-0.047731,-0.167563,-0.210158,0.108159,-0.139929,0.057331,0.023159,-0.258093,0.39513,0.03646,0.064028,-0.233313,-0.131287,-0.13974,-0.148728,-0.007987,-0.241566,0.073749,0.047284,0.113663,-0.022366,0.040777,-0.00381,0.2255,-0.162283,0.051831,0.053176,-0.253351,0.106013,-0.017152,0.219423,0.130693,-0.107504,0.092297,-0.181417,0.222453,-0.033124,0.044725,0.096574,0.132407,-0.046998,-0.001546,0.09981,0.154683,0.193755,-0.049428,0.268195,0.39746,0.001517,-0.039791,0.165309,0.139112,0.131866,0.134284,0.064001,0.046405,-0.169014,-0.00227,0.03726,-0.073434,0.10802,-0.036276,0.202342,-0.175252,-0.114085,0.104643,-0.05042,0.033541,-0.020851,0.188864,0.156815,0.130378,-0.018461,0.094675,0.15518,0.187471,-0.061319,0.199746,-0.007029,0.247871,0.060485,-0.032117,0.14425,-0.039913,0.138238,0.227205,0.083092,0.160687,0.151737,0.094146,-0.052417,0.16376,0.267482,-0.059448,0.070158,-0.09712,0.014894,0.049633,-0.018406,-0.208625,-0.029175,0.198279,0.349842,0.110507,0.083489,-0.165052,-0.012652,0.181639,0.173437,0.1877,0.021089,0.1813,0.014937,0.09217,0.170278,0.147579,-0.038707,-0.131883,0.122457,0.012132,0.018939,0.34908,0.057229,0.043862,-0.050455,-0.016212,0.312228,-0.429487,0.419251,0.089786,0.088557,-0.029879,0.149147,0.081991,0.046315,-0.036297,-0.061379,-0.008776,0.050016,-0.174298,-0.082697,0.030412,0.031024,0.014844,0.071018,-0.040151,-0.179414,0.006466,-0.176132,0.053285,0.080008,0.003906,-0.056268,0.178586,-0.072766,0.113734,-0.128852,#
19,-0.237624,-0.057529,-0.100977,0.094352,-0.191766,-0.116473,-0.048198,0.004258,-0.070803,0.001757,0.085765,-0.322835,0.063652,-0.081147,-0.059233,-0.01364,-0.180076,0.219673,-0.033817,1.0,0.085313,0.2107,0.065854,-0.010132,-0.016027,0.073422,0.269652,0.090808,-0.230663,-0.067278,0.1525,-0.020716,0.312346,0.144107,0.319354,-0.216149,0.045351,0.082329,-0.062057,0.047755,0.158806,0.215605,-0.105013,-0.145595,0.017056,-0.042338,0.015075,0.086059,0.17764,-0.196237,0.18406,-0.047916,-0.200056,-0.029008,-0.215333,0.219645,0.012082,-0.038449,0.104902,-0.159677,-0.047048,-0.155539,0.146496,-0.091324,0.06006,-0.013205,0.185008,0.199309,-0.04442,0.223132,-0.003736,0.08792,0.083256,0.152823,0.335958,-0.138133,0.293659,0.027678,0.221692,0.166137,0.073975,0.271482,0.08116,-0.228807,0.340684,0.210752,-0.018022,0.358276,0.130946,0.211008,0.077295,0.001248,-0.224246,0.201166,0.258084,0.262242,0.374334,0.123605,0.181665,0.033368,-0.072705,-0.027749,-0.085097,0.236042,0.193651,0.209002,0.039981,0.277088,0.044993,0.084566,0.43858,-0.216981,0.154085,-0.127431,0.17874,0.284536,0.157966,-0.014017,0.168281,-0.066308,0.104781,0.060433,0.178573,-0.071504,-0.028729,0.256576,0.040619,0.100893,0.142887,0.108306,0.045365,0.140303,0.119325,0.032751,0.209162,0.128253,-0.191984,0.369631,-0.054156,0.310192,0.256499,0.050244,0.047028,0.085514,0.01053,0.034362,0.11637,-0.052313,0.220946,0.120555,0.094158,-0.039493,0.245064,0.32797,0.225568,0.495229,0.10529,-0.283053,0.326731,0.19025,0.02629,0.086972,-0.00958,0.419537,0.056918,-0.10305,0.09036,0.119398,-0.203756,0.363283,-0.186913,-0.256151,0.303944,-0.023155,-0.107506,0.275006,0.251127,-0.026143,0.042398,0.193123,-0.112244,-0.018871,-0.360426,-0.182626,-0.147496,0.20181,-0.131463,0.047912,-0.245949,0.074788,0.03752,-0.166337,-0.190525,-0.322213,-0.076184,-0.089643,-0.095077,0.179479,-0.002722,-0.064443,#
20,-0.277297,-0.011099,-0.0722,0.088853,-0.018686,0.127725,-0.048409,-0.003164,-0.199043,0.135693,-0.080844,-0.015702,-0.236081,-0.043393,-0.154825,0.10972,-0.278819,0.098588,-0.043462,0.085313,1.0,-0.207338,-0.005245,-0.178391,0.095,0.15689,0.022922,-0.017389,-0.142421,0.178882,-0.011632,-0.128764,-0.060473,0.268158,-0.075458,0.05644,-0.129475,-0.194454,0.015646,-0.030995,-0.009157,-0.234826,0.228272,0.098268,0.102333,0.112311,-0.164318,0.011277,0.120113,-0.310049,-0.039074,-0.128354,-0.193242,0.046587,-0.142482,0.093365,0.24176,-0.047974,0.154309,0.070632,0.155323,-0.00144,-0.073529,-0.105245,-0.327818,-0.047611,-0.323832,0.26098,0.060342,-0.047929,0.076611,-0.005074,-0.108527,0.210943,0.207527,0.056378,0.132623,0.152698,-0.028654,-0.033158,0.116118,-0.000919,0.13149,-0.175095,0.072982,-0.064281,-0.088099,0.183547,0.17928,0.200627,0.093986,0.09161,0.103488,-0.074472,-0.234637,0.03113,0.027466,-0.063586,-0.096248,0.306582,-0.066209,0.116249,0.107935,0.016765,-0.119522,-0.064032,-0.153986,0.039035,0.224002,-0.392241,0.032611,0.018094,-0.078083,-0.113399,0.148443,0.187862,0.152119,0.200017,-0.136954,0.076015,0.162398,0.180961,0.223115,0.099059,0.026802,-0.031612,0.167518,0.145818,0.077365,0.16134,0.112409,-0.018832,-0.031248,-0.051837,0.084441,0.250608,-0.218613,0.121221,0.125174,0.098246,0.010082,-0.081937,-0.006524,-0.147215,0.139025,0.08828,0.288616,0.140788,0.024014,0.009476,-0.241739,0.079661,0.153576,0.044839,-0.007379,0.062193,0.057395,-0.07293,0.039002,-0.006808,-0.094398,-0.081237,0.164018,-0.02296,-0.207185,0.166343,0.001377,-0.119983,-0.034138,0.134216,-0.156988,-0.079616,-0.138614,0.139415,0.023828,-0.136706,0.084691,0.078154,-0.113129,-0.049569,0.037251,-0.160475,-0.028783,0.193004,0.135693,-0.2652,0.045132,-0.100049,0.096532,0.013995,-0.066756,0.123693,-0.11839,-0.329758,-0.011041,0.039455,-0.025236,-0.027216,0.098803,0.116391,#
