0,1.0,0.053685,-0.244152,-0.135472,0.245553,0.211749,0.070213,0.010903,-0.22525,0.113661,0.142881,0.005257,0.269759,0.143154,-0.00221,0.091801,-0.021981,-0.422744,0.250854,-0.184814,0.237084,0.114871,0.145274,-0.168023,0.004093,-0.337929,-0.249341,-0.201205,0.222461,0.045707,0.031481,-0.074513,0.234817,-0.236586,0.083671,0.122006,0.20279,-0.091628,-0.079779,-0.022551,0.118005,0.133723,-0.093165,0.004843,-0.061065,0.025128,-0.042618,0.090984,-0.098013,-0.044871,0.059775,-0.244727,0.18548,-0.024776,0.355931,0.098469,-0.150572,-0.046049,-0.154999,0.214702,0.331609,0.17628,-0.108863,0.100556,-0.169455,0.021411,-0.191855,0.285745,-0.200137,-0.261096,-0.062421,0.035318,-0.095155,-0.1304,-0.380889,0.286061,-0.171748,-0.07316,-0.320967,0.043709,0.032118,-0.315297,-0.060287,-0.153176,-0.107412,-0.217018,-0.156817,-0.046447,-0.134964,-0.263882,-0.286252,-0.285554,-0.012361,-0.365335,0.059355,-0.270588,-0.392211,-0.15167,-0.156224,0.10687,0.167153,0.042297,-0.206249,-0.235876,-0.000946,-0.247289,0.009821,0.088901,-0.121276,-0.10203,0.087235,0.214158,-0.363286,-0.192922,0.013897,0.130172,-0.277217,-0.207244,-0.155038,0.094307,-0.267759,0.015437,0.078769,-0.233421,-0.126995,-0.02957,-0.142981,-0.017527,-0.10588,0.092577,-0.120855,-0.290116,-0.174359,0.17325,-0.315397,-0.029053,-0.081218,-0.114071,0.277579,-0.178645,-0.216926,0.143161,-0.057672,0.054221,-0.074523,-0.097251,-0.106949,0.060554,-0.214603,-0.335342,-0.080857,-0.128179,-0.311843,-0.274073,0.243585,-0.193048,0.151223,0.095962,-0.301368,-0.228026,-0.040127,-0.275983,-0.067661,-0.136563,-0.033928,-0.165577,-0.158613,0.069113,-0.154659,-0.277245,0.045106,0.14765,-0.067695,0.098631,0.06614,-0.073251,-0.09204,-0.023257,0.03776,-0.010673,-0.014256,0.025271,0.035524,0.411362,0.221824,0.005671,0.247045,-0.064754,0.000174,0.233712,-0.147632,0.110714,0.360723,-0.12776,-0.105735,0.280092,0.117539,-0.194751,-0.15163,0.133523,#
1,0.053685,1.0,-0.017945,-0.126504,-0.032658,0.181698,0.310779,0.148543,-0.079932,0.290765,-0.130502,0.010909,0.10098,0.264803,0.316622,0.074534,0.041833,0.192835,0.221977,-0.035783,0.067554,0.101247,0.252445,-0.125744,0.03234,-0.258555,-0.090042,-0.030988,-0.165212,0.106736,-0.160056,0.075229,0.237514,-0.158814,-0.239798,0.227516,0.122036,-0.263335,0.100997,0.103069,0.045648,0.235713,-0.093837,0.090951,0.366797,-0.221483,0.061979,-0.152527,0.186028,0.334707,0.087395,-0.052226,0.123855,-0.181144,-0.000607,-0.140947,-0.01823,-0.367159,-0.263514,-0.249106,0.147068,0.169806,-0.202212,-0.090417,0.242105,0.144104,-0.10183,-0.144595,0.072693,-0.106638,0.008225,0.026787,0.124743,-0.274935,-0.17665,0.093547,-0.321099,-0.34268,0.037749,0.041059,0.053042,-0.24034,-0.13196,-0.031331,-0.183927,-0.183319,-0.205393,-0.23696,-0.054907,-0.188871,-0.136232,-0.134433,-0.320704,-0.105438,-0.10836,-0.089966,0.026714,0.143882,0.311784,-0.024317,0.038375,0.048455,-0.119169,-0.299359,-0.365743,-0.156704,-0.096048,-0.059833,-0.384753,-0.206329,0.241237,0.336803,-0.19444,0.023012,-0.18132,-0.068904,-0.164236,-0.192496,0.239004,-0.31951,-0.230244,-0.375736,-0.438875,-0.135042,-0.29103,-0.283335,0.141526,0.105498,-0.298377,-0.004997,0.005307,-0.018978,-0.22463,-0.163047,-0.268269,-0.306666,0.126843,-0.055991,0.017041,-0.233952,-0.106085,-0.248144,-0.195673,-0.176511,-0.070133,-0.024176,-0.274181,0.308445,-0.102552,-0.103125,-0.253028,-0.275292,0.042158,-0.140397,-0.125114,-0.149376,0.182418,0.076439,-0.165724,-0.044457,-0.01271,-0.049275,0.003065,0.309265,0.029569,0.339171,0.052118,0.096901,-0.310984,-0.347754,0.037891,0.096638,-0.057849,-0.139608,0.178081,-0.175094,-0.04272,0.153222,0.239174,-0.371695,0.228029,0.016473,-0.20375,0.051539,0.20282,-0.184373,0.212241,-0.178184,-0.245585,0.379711,-0.009076,0.069883,0.105955,0.280036,-0.143451,-0.105643,0.179254,-0.067104,0.228491,-0.029277,#
2,-0.244152,-0.017945,1.0,0.135222,-0.220172,-0.142977,0.092536,-0.046821,0.222463,0.002101,0.003315,-0.095633,-0.186428,0.015736,-0.117267,-0.097489,-0.292495,0.318179,-0.004309,0.094579,-0.051013,0.296643,-0.058462,0.149656,0.192155,0.129444,0.431897,0.116922,-0.07238,-0.086795,0.052337,0.177632,-0.187263,0.09802,-0.02244,0.083432,0.047842,0.139689,0.126786,-0.186339,0.143734,0.120103,0.092647,-0.087887,0.02258,-0.242375,-0.063559,0.173302,0.015746,-0.187,-0.166833,-0.050308,0.201078,-0.1075,-0.303723,-0.158649,-0.101348,-0.299701,0.003092,0.000405,-0.15696,-0.192329,-0.065506,-0.143511,0.120336,-0.164353,0.230507,0.07664,0.130161,0.331968,0.073329,0.205027,-0.089141,0.194106,0.129789,-0.162501,0.090271,-0.180654,0.07924,0.084933,0.206841,0.095826,-0.016784,0.123583,-0.06273,0.141186,0.021391,0.044518,0.1638,0.121631,0.1474,-0.036903,0.226592,0.147942,0.135787,0.134537,0.385426,0.105501,0.206668,0.102369,-0.164634,0.112618,0.135359,0.079023,0.091303,0.308608,-0.070058,0.090217,-0.184682,-0.007449,0.187917,-0.024033,0.160887,0.205947,0.391045,-0.080594,-0.055359,-0.023361,0.065811,0.043754,0.149978,0.111027,-0.05292,-0.055288,-0.006191,0.114014,0.194254,0.077945,0.065357,0.176908,0.470173,0.029161,0.146998,0.000924,0.202553,0.14195,-0.126888,0.329103,0.141675,0.186379,0.060778,0.097884,0.035706,-0.131298,-0.035676,0.106181,-0.092994,0.058147,0.200175,0.371877,0.022274,0.034206,0.311238,0.057486,0.096179,0.158166,-0.020188,0.022488,0.28617,0.127834,0.420901,0.21282,0.080063,0.251094,0.094131,-0.370564,0.013133,-0.011861,0.069456,0.273122,-0.178846,-0.164862,-0.139804,0.099496,-0.221679,0.265863,0.172167,0.005184,0.023475,-0.140531,0.073077,0.042927,-0.210169,-0.205895,-0.258243,0.358586,-0.000821,0.276271,-0.092292,-0.072077,0.137524,-0.225013,-0.262851,0.364002,-0.249094,0.03092,-0.125727,0.158364,0.246919,-0.039634,#
3,-0.135472,-0.126504,0.135222,1.0,-0.100819,-0.259371,-0.200426,-0.271772,-0.242718,-0.312863,0.043694,-0.160733,-0.319695,-0.391785,-0.237509,-0.074336,0.117245,0.085333,-0.172889,0.041899,0.081266,0.02517,-0.296605,0.002037,0.103756,0.328954,0.193676,0.171356,-0.028257,-0.276654,0.194959,0.054228,-0.070345,0.039021,0.154978,-0.079937,-0.19609,-0.024809,-0.017543,0.047326,-0.038045,-0.187014,-0.018585,0.161681,-0.13202,0.327315,-0.082035,0.020288,0.028286,-0.104544,-0.141091,0.346786,0.001522,0.143441,-0.148554,-0.138702,0.31896,0.244062,0.122753,0.106636,-0.358636,-0.066112,0.275231,-0.096608,0.014951,-0.327536,0.075458,0.117257,-0.135181,-0.016818,0.009019,-0.0481,0.089842,0.091791,0.081679,-0.065509,0.22477,0.186373,0.080509,-0.168829,0.025954,0.404938,0.276601,0.085957,0.311246,0.022062,0.240443,0.19066,0.064719,-0.004339,0.003753,0.194275,0.261151,-0.045166,0.215326,0.145183,0.446494,0.170503,-0.081821,0.21146,0.100633,0.332465,0.497023,0.196609,0.26492,0.110545,0.265628,0.138858,-0.060177,0.108758,-0.135232,-0.226604,0.21023,0.094121,0.134013,0.011224,0.080392,0.106734,-0.219182,0.365432,0.086202,0.33814,0.30233,0.149499,0.29098,0.120521,-0.251535,-0.177139,0.17566,0.216552,0.041678,0.091785,0.311807,0.070171,0.257314,0.176136,0.004957,0.140947,-0.021393,0.392461,0.198314,-0.072541,0.310981,0.202287,0.347821,0.140831,0.081638,-0.074513,0.343822,0.059959,0.198351,0.071485,0.113716,0.359613,0.088468,0.291942,-0.305667,-0.225679,0.269452,0.247641,0.017176,0.094255,-0.164412,0.020283,-0.207898,-0.303377,0.254252,0.103987,0.191225,0.14787,0.075675,-0.056425,0.166621,0.256206,-0.345352,0.247618,0.041154,-0.046689,-0.586822,0.33014,-0.319311,-0.123421,0.214854,-0.08524,-0.103104,0.001002,-0.153602,-0.009633,0.429859,-0.172067,0.203918,-0.189728,-0.10882,-0.144578,-0.100183,-0.031099,-0.161415,0.154892,-0.031723,-0.371779,#
4,0.245553,-0.032658,-0.220172,-0.100819,1.0,0.022297,-0.183376,0.127149,-0.035675,-0.152913,0.238376,-0.02917,0.17115,-0.159989,-0.120536,-0.083528,0.092193,-0.24926,0.13451,-0.169904,-0.260001,-0.212406,0.12992,0.002531,0.116752,-0.106736,-0.368149,-0.007538,-0.077263,0.008832,-0.146862,-0.271573,-0.039586,-0.072017,-0.083098,0.083935,-0.025964,-0.09681,0.008171,0.336684,0.015636,-0.453223,-0.147562,0.098879,-0.133247,0.269884,-0.233108,0.122265,0.063034,0.164158,0.133948,-0.104701,0.07903,0.090066,0.21474,0.094972,-0.067733,0.177358,0.134012,-0.068603,-0.091397,-0.109742,-0.171038,-0.048681,-0.23402,0.248674,0.412347,-0.201692,0.041122,-0.146111,-0.043801,-0.098279,0.004965,0.210289,0.052182,0.14217,-0.046333,-0.196008,-0.184926,-0.142872,-0.159664,0.031013,0.050135,-0.004417,0.068069,-0.172524,0.196826,0.140238,0.005656,-0.156916,0.084117,0.070198,0.081784,-0.221199,-0.039722,0.009857,0.026433,0.006188,-0.123816,0.203159,0.145777,0.044379,0.069291,-0.125041,0.087731,0.112247,-0.044622,0.061452,-0.089977,-0.028527,0.036594,0.059732,0.118635,-0.156811,-0.099561,0.228448,-0.036719,0.258581,-0.164795,0.096298,-0.253102,0.058158,0.272511,-0.035275,0.181204,0.160728,0.084469,-0.006335,0.144455,0.044571,-0.07769,-0.081349,0.052346,-0.175555,-0.083252,0.173379,-0.040952,-0.100702,-0.148625,0.109257,-0.089248,-0.129345,-0.192523,0.220145,0.011931,-0.275833,-0.211175,0.014981,0.086591,-0.182011,0.021,0.053708,-0.353093,-0.07429,0.010797,-0.17667,-0.040541,0.009017,-0.197793,0.092316,-0.246193,-0.181217,-0.258084,-0.049242,0.217879,-0.109772,-0.043348,0.020317,-0.146049,0.081746,-0.074984,-0.006136,0.133418,0.076279,0.134535,0.173523,0.127803,0.270772,0.115041,0.106876,-0.232006,0.088812,0.145606,0.204825,0.12828,-0.04831,0.116187,-0.179754,0.14777,-0.089759,-0.052227,0.059592,0.264509,-0.126923,-0.012453,0.134548,0.01291,0.026107,-0.183387,-0.080341,#
5,0.211749,0.181698,-0.142977,-0.259371,0.022297,1.0,0.450367,0.273832,-0.045922,0.016848,0.171707,0.289809,0.105969,0.202364,0.122759,0.102172,0.26216,0.023168,0.114804,-0.098813,0.038801,0.106452,0.222722,-0.000669,-0.189612,-0.128138,0.105537,-0.052489,0.111048,0.031712,-0.100044,0.025599,-0.055531,-0.04312,-0.023004,0.080723,0.0914,-0.010614,-0.075972,0.010515,-0.185155,0.290695,0.008462,0.017413,0.059659,-0.163312,0.077405,-0.066201,0.051261,0.106458,-0.02413,-0.073214,0.019779,-0.011917,0.176741,0.181798,-0.253292,-0.035986,-0.154721,-0.212245,0.247077,-0.119949,-0.175396,0.267483,-0.082886,0.41645,-0.088945,0.26192,0.094282,-0.177144,-0.045192,0.192823,-0.107099,-0.069834,-0.142069,0.234943,-0.286846,-0.141337,-0.245952,-0.090296,-0.005901,-0.359325,-0.186706,0.001179,-0.227957,-0.221144,-0.006584,-0.175348,-0.184888,-0.336154,-0.280326,-0.330512,-0.380593,-0.048138,-0.142645,-0.285933,-0.235768,-0.31356,-0.127316,-0.1796,0.017028,-0.132231,-0.167796,-0.266529,-0.191764,-0.289154,-0.061637,-0.081756,-0.252682,-0.076165,0.112452,0.127993,-0.495557,-0.218147,-0.175293,-0.125572,-0.424836,0.007307,0.187534,-0.257956,-0.203578,-0.347638,-0.053174,-0.454044,-0.096662,-0.105832,-0.160641,0.072429,-0.19085,-0.063215,-0.121964,-0.082868,-0.177017,-0.01673,-0.386823,-0.093666,0.250947,-0.268365,0.000932,-0.528062,-0.182155,0.018102,-0.169205,0.013083,-0.112502,-0.234262,0.088952,0.228399,-0.218679,-0.006562,-0.065604,-0.090259,-0.017644,0.06204,-0.058942,-0.387069,-0.033705,0.208621,-0.395887,-0.140565,-0.005673,-0.205408,-0.124978,0.101229,-0.098052,0.224697,-0.026255,0.012678,-0.078783,0.035914,0.292755,-0.199732,-0.242053,-0.173807,0.23152,-0.387387,-0.000784,0.042,0.13015,-0.161183,0.201123,-0.035309,0.045357,0.189386,0.5293,-0.042609,0.042965,0.082637,-0.110116,0.083892,0.062319,0.0803,0.186774,-0.172373,-0.164732,-0.006291,0.237257,-0.085272,-0.306033,-0.015909,#
6,0.070213,0.310779,0.092536,-0.200426,-0.183376,0.450367,1.0,0.347723,0.24158,0.291076,0.125264,0.084158,0.175504,0.095741,0.065769,0.115237,0.10907,0.087482,0.188283,-0.224591,-0.179286,0.254314,0.175186,-0.046161,0.009502,-0.002561,0.245622,0.046489,0.261208,0.049085,-0.423766,-0.113422,-0.026349,-0.240141,0.159116,0.200084,-0.12829,-0.094105,0.124791,-0.083622,0.012777,0.152778,0.073457,-0.265677,0.168009,-0.178121,-0.037132,-0.215458,0.008908,0.29362,0.030679,-0.082659,-0.107576,-0.026229,0.246827,0.075766,-0.03584,-0.244892,-0.259244,0.041032,0.201872,0.113797,-0.048659,0.307372,0.082174,0.26856,-0.05797,0.100306,0.170058,-0.124204,0.19778,0.053946,-0.229721,-0.36139,-0.104385,0.305736,-0.234434,-0.262739,-0.127711,-0.141301,-0.210994,-0.393419,-0.408468,-0.131459,-0.273146,0.068178,-0.201947,-0.287729,-0.151748,-0.290299,-0.34703,-0.374488,-0.35174,-0.263477,0.010698,-0.430505,-0.091563,-0.266179,0.050328,-0.402545,-0.007627,-0.104649,-0.201361,-0.232524,-0.413044,-0.247015,-0.186777,-0.135739,-0.320927,-0.119849,-0.263179,0.147801,-0.341455,-0.374779,-0.204951,-0.337344,-0.116643,-0.105478,0.017403,-0.054101,-0.08346,-0.221833,-0.166121,-0.439409,-0.258854,-0.324501,0.12304,0.305865,-0.288882,-0.128411,-0.24446,-0.468197,-0.54379,0.1564,-0.15823,0.025944,0.056317,-0.231774,-0.111442,-0.396888,-0.057191,0.022788,-0.228998,-0.236686,-0.228317,-0.224094,-0.236734,0.479238,-0.245095,-0.086953,-0.176874,-0.206858,0.014136,-0.173268,-0.139061,-0.458283,-0.107869,0.243613,-0.203542,-0.117059,-0.09127,-0.08974,-0.107506,0.119138,-0.002619,0.145356,-0.091939,0.178341,-0.271461,0.153133,0.339394,-0.068189,-0.208111,-0.189939,0.419362,-0.317821,0.11465,0.137873,0.235166,-0.522709,0.475674,0.253612,0.141565,0.133009,0.382625,-0.213962,-0.128162,0.052119,-0.219858,0.289978,-0.278162,0.099069,0.22883,0.101668,-0.210313,0.110304,0.098285,-0.112857,-0.260439,0.1983,#
7,0.010903,0.148543,-0.046821,-0.271772,0.127149,0.273832,0.347723,1.0,-0.0112,0.150505,-0.056048,0.004224,0.523789,0.371924,0.060676,0.150193,-0.034852,0.180859,0.065208,0.035194,0.07067,0.163729,-0.032984,0.143388,0.078441,-0.00045,-0.13702,-0.209771,0.098033,0.117017,-0.077284,-0.183767,0.168612,0.095085,-0.289822,0.099532,0.023749,0.007976,0.081996,-0.216438,-0.045315,0.088838,0.044005,-0.029674,-0.160013,-0.325849,0.008561,-0.197517,-0.01121,-0.052971,-0.03957,0.052694,0.062795,0.002427,0.213858,0.176487,-0.229646,-0.081541,-0.191319,0.052603,0.320554,0.036175,-0.147672,0.135213,-0.16169,0.456693,0.052027,0.144516,0.023237,0.089462,0.257687,0.146171,-0.273741,-0.142931,-0.012939,0.03708,-0.053868,0.021391,0.104331,-0.066333,0.032536,-0.193248,-0.118668,0.023381,-0.196315,0.006303,-0.009626,-0.017594,0.032285,-0.080653,-0.0708,-0.1815,-0.193659,0.064831,-0.179056,-0.04596,0.04949,-0.007925,0.134901,-0.380261,0.170366,0.012575,-0.151224,-0.196898,-0.168296,0.022539,-0.128331,-0.033969,-0.020854,-0.401267,-0.055067,0.209057,-0.177272,-0.18531,0.079835,0.023218,0.016798,-0.028515,0.149303,-0.148273,-0.144688,-0.531603,-0.021093,-0.05676,-0.17182,-0.107184,0.111802,-0.024147,-0.178597,0.145152,-0.146486,0.028731,-0.13233,0.047346,-0.201327,0.039838,0.215538,-0.343926,-0.007372,-0.191647,0.046522,0.045827,-0.075326,-0.018493,-0.128556,-0.097264,-0.08645,0.090888,-0.100679,-0.177239,-0.150742,0.027585,-0.214004,-0.049582,-0.138918,-0.320311,0.090151,0.052966,-0.101893,-0.073883,-0.015124,0.061201,-0.172846,0.001351,0.270228,0.125488,0.116391,0.027585,-0.074712,0.223584,-0.061296,-0.11237,-0.117687,-0.068306,0.264049,-0.155002,0.16673,-0.048337,0.246543,-0.200106,0.265869,0.311167,-0.009111,-0.12542,0.231125,0.09829,0.048396,-0.152714,-0.229151,0.316141,-0.209425,-0.198092,0.333652,-0.120215,-0.160447,-0.120741,0.103992,0.038134,-0.059015,-0.035547,#
8,-0.22525,-0.079932,0.222463,-0.242718,-0.035675,-0.045922,0.24158,-0.0112,1.0,0.263123,-0.174065,0.043775,0.011212,0.191032,0.138056,-0.122587,-0.203657,0.273655,0.085017,-0.089309,-0.356603,0.246477,0.212858,0.152832,0.102105,0.234493,0.299106,0.339892,0.049123,0.251566,-0.210381,-0.102528,-0.046174,-0.049935,0.247987,0.156684,-0.073756,-0.136125,0.155452,-0.170464,0.107686,-0.050115,0.112673,-0.027655,0.214016,-0.176956,-0.050366,-0.019935,-0.029673,0.122634,0.004098,-0.15427,-0.149363,0.014574,-0.079939,0.411638,-0.076057,-0.316035,-0.023048,0.195622,-0.017359,-0.077354,-0.085809,0.195265,0.047045,-0.036739,0.15668,0.045095,0.110763,0.140247,0.072511,0.129826,0.030784,0.010264,0.026088,0.085543,-0.049548,-0.210316,0.03263,-0.096456,0.007041,-0.05699,-0.400881,-0.141465,-0.112987,0.245117,-0.037998,-0.194663,-0.114944,-0.102038,0.218508,-0.011774,-0.211332,0.165173,0.060065,0.055066,-0.009184,-0.060748,-0.278897,-0.252226,-0.076314,0.175667,-0.0031,0.095238,-0.152259,-0.145587,-0.125929,-0.095321,0.034879,-0.04499,-0.060898,-0.112495,-0.033998,-0.231256,0.051621,-0.127276,0.175416,-0.067528,0.166811,-0.116154,0.140184,-0.113009,-0.032077,-0.075523,-0.086544,-0.092837,0.306386,0.129923,-0.09258,-0.249996,0.073247,-0.019614,-0.353012,0.018662,0.097089,0.039758,-0.00901,0.039434,-0.218882,-0.132261,0.053698,-0.021843,-0.153548,-0.256124,-0.396797,-0.327662,-0.093958,0.105806,-0.066922,0.031433,-0.053108,-0.021542,0.107957,-0.201302,0.079097,-0.118932,0.28024,0.219723,-0.139225,0.03495,-0.077079,0.222199,0.158525,-0.045269,-0.009612,0.029254,-0.0851,0.041092,-0.231811,0.226012,-0.044013,-0.01435,0.086515,0.103014,0.207356,0.118187,-0.080781,0.041082,0.389245,-0.411582,0.364678,0.15747,-0.15775,-0.130967,-0.106951,0.135494,-0.060778,0.208517,-0.284068,-0.112994,-0.204218,-0.093052,-0.051558,0.229184,-0.113657,0.315469,0.093677,-0.047222,0.00902,0.166531,#
9,0.113661,0.290765,0.002101,-0.312863,-0.152913,0.016848,0.291076,0.150505,0.263123,1.0,-0.343553,0.092128,0.395608,0.539163,0.392179,0.193449,-0.257584,0.206477,0.196756,0.059957,-0.102104,0.260388,0.367533,0.042815,0.1907,-0.233399,0.038117,0.064169,0.069794,0.409962,-0.033388,0.163401,0.255795,-0.258403,-0.104948,0.10092,0.10359,-0.139371,0.087992,-0.378182,0.13277,0.218116,-0.00011,-0.059649,0.227743,-0.475881,0.205206,0.213221,-0.133522,0.31371,-0.058983,-0.064816,0.106293,-0.140712,0.199185,0.023517,-0.118845,-0.421776,-0.167025,0.089837,0.467599,0.145591,-0.332463,-0.037167,0.008922,0.159828,-0.10969,0.217143,-0.176424,0.036995,0.030459,0.191175,-0.038976,-0.153159,-0.137312,0.134752,-0.163393,-0.302448,-0.011425,0.05607,0.03359,-0.412433,-0.452208,-0.018432,-0.255798,0.120967,-0.300705,-0.077444,0.132198,-0.345242,0.009117,-0.143397,-0.16732,0.224325,0.040899,-0.037338,-0.33126,-0.086803,0.106344,-0.293483,-0.184037,0.079635,-0.287252,-0.133993,-0.110392,-0.142243,-0.553413,-0.134042,-0.167593,-0.335431,0.096484,0.318299,-0.240286,-0.18368,-0.103611,-0.288133,-0.135049,-0.202494,0.487998,-0.410855,0.001529,-0.317164,-0.075355,-0.175068,-0.347115,-0.069665,0.21751,0.15644,-0.152304,-0.303911,-0.116877,0.151648,-0.430214,0.035292,-0.231578,-0.34328,-0.220117,-0.255788,0.233725,-0.331447,-0.048549,-0.026717,-0.385528,-0.453027,-0.388087,0.130337,-0.163775,0.096418,-0.317665,-0.189375,-0.378036,-0.146383,-0.04287,-0.414351,0.006726,-0.248682,0.338876,0.418658,-0.242037,-0.139756,0.006649,-0.07379,-0.055997,0.235034,0.410435,0.491393,-0.193088,0.064589,-0.418932,-0.000497,-0.128704,0.192051,-0.114185,-0.080611,0.294671,-0.268871,-0.228217,0.065547,0.621357,-0.519183,0.406012,0.044939,-0.492169,-0.177734,0.192642,-0.045944,0.31659,0.085803,-0.477338,0.078849,-0.181173,0.01259,0.240122,0.478579,-0.109635,0.025975,-0.009422,-0.033579,0.305003,0.38704,#
10,0.142881,-0.130502,0.003315,0.043694,0.238376,0.171707,0.125264,-0.056048,-0.174065,-0.343553,1.0,-0.24171,-0.002105,-0.357291,-0.181695,-0.012476,0.015315,-0.387527,0.113933,-0.23267,-0.095393,-0.034802,-0.043398,0.175722,-0.031552,0.072927,-0.136453,0.010924,0.096397,-0.300623,0.133894,0.00631,-0.33794,-0.248574,0.116689,-0.01781,0.151564,0.235687,0.066956,0.258827,-0.176288,-0.263358,-0.101189,-0.092199,0.014366,0.227481,-0.268122,-0.00294,0.069868,-0.009733,-0.037335,0.118855,-0.022333,0.222372,0.185664,0.005003,-0.212792,0.250002,-0.0039,-0.135552,-0.262854,-0.162309,-0.00948,0.197661,0.014475,-0.030361,0.178126,-0.149436,0.279589,-0.056343,0.174924,-0.080108,-0.086171,0.066164,-0.091289,0.130123,-0.002824,0.056186,-0.082294,-0.22017,0.039927,0.158148,0.041931,0.081317,0.096387,-0.053931,0.310817,0.052943,-0.052772,0.008191,-0.088266,-0.040402,0.072239,-0.158438,0.039431,-0.05476,-0.069903,-0.258144,0.070868,-0.043224,0.072393,-0.162804,0.132418,-0.204456,0.084435,-0.10581,-0.094871,0.238766,-0.112118,0.294786,-0.151399,-0.093958,-0.218306,-0.106595,-0.039895,0.013273,-0.148798,-0.015428,-0.359242,0.254907,-0.259024,0.205971,0.019565,-0.280174,-0.094178,0.076734,0.028846,0.155065,0.023295,-0.051474,-0.059211,-0.24151,0.010096,0.021907,0.070311,0.251352,-0.0939,0.04211,-0.194131,0.075646,-0.028494,0.271915,-0.136007,0.160901,0.377477,-0.088742,-0.163065,0.179333,0.155973,0.048854,0.256253,0.153522,-0.113586,0.003645,0.040076,-0.11062,-0.358626,-0.259495,0.021254,0.045342,-0.110306,-0.013041,-0.100523,0.131877,-0.014882,-0.181722,0.115284,-0.020937,0.008949,0.09534,0.338831,-0.069317,0.121732,0.074225,-0.057397,0.000685,0.215527,0.04826,-0.250545,0.224944,-0.1767,0.12398,0.237576,0.233801,0.119757,0.027088,-0.093193,-0.092855,0.278721,0.182048,0.078139,0.232871,0.194948,-0.359699,0.085537,0.054093,0.071598,0.037074,-0.254092,-0.23232,#
11,0.005257,0.010909,-0.095633,-0.160733,-0.02917,0.289809,0.084158,0.004224,0.043775,0.092128,-0.24171,1.0,0.120033,0.164144,-0.036005,-0.041315,0.14651,0.012414,0.033091,-0.163899,0.124268,-0.275349,-0.10823,-0.058189,0.10922,0.067611,0.062437,0.116558,-0.041753,0.042532,-0.083369,-0.017108,-0.124404,-0.056193,-0.201428,0.157963,-0.117887,0.055347,-0.025322,-0.155074,-0.101727,0.167424,-0.088191,-0.255657,-0.145037,0.080878,-0.023338,-0.098958,-0.109014,0.242986,-0.080512,-0.141658,-0.033646,0.164832,-0.07828,0.023,-0.202047,-0.051031,-0.123385,0.065906,-0.010852,-0.160608,0.070775,-0.033022,0.00888,0.182486,-0.022927,0.009748,0.086086,-0.371579,-0.011858,-0.143311,-0.064069,0.119309,-0.041195,0.091072,-0.198744,0.097698,-0.263607,0.003078,-0.232771,-0.187503,0.029675,-0.061858,-0.088243,-0.381573,-0.106902,0.094187,-0.094946,0.063323,-0.029211,-0.219706,-0.198122,0.08902,-0.015281,-0.167047,-0.095611,0.02464,-0.185665,0.013603,0.226024,0.001746,-0.318933,-0.054153,-0.124144,0.120479,-0.126844,0.169408,0.043545,0.114003,-0.06329,-0.016867,-0.269882,-0.20467,-0.025172,-0.00713,-0.08013,0.174315,0.116429,-0.136699,0.138226,-0.149761,-0.024325,-0.072853,-0.016001,-0.265711,-0.009201,-0.027912,0.026445,-0.170393,-0.236604,0.069658,-0.183474,0.091672,-0.051059,-0.122843,0.199406,-0.159863,-0.075181,-0.183757,-0.198837,0.058427,-0.077326,0.070842,-0.06609,-0.001788,0.048646,-0.035801,-0.223432,-0.148909,-0.088691,0.111893,-0.057069,0.23267,0.012134,0.056765,-0.007282,0.321259,-0.234912,-0.255053,-0.156709,-0.27727,0.170589,-0.093909,-0.068819,0.132905,-0.163955,0.023396,0.094819,0.056274,-0.022286,0.340386,0.082076,-0.228058,-0.009562,-0.147031,-0.162533,0.285727,0.050396,0.018229,-0.037356,-0.22295,-0.038022,-0.102533,0.248581,0.185384,-0.015076,0.218975,0.100108,-0.019836,0.113054,0.357439,0.060346,0.15933,-0.1776,-0.16624,0.194293,-0.241158,-0.051224,0.058512,#
12,0.269759,0.10098,-0.186428,-0.319695,0.17115,0.105969,0.175504,0.523789,0.011212,0.395608,-0.002105,0.120033,1.0,0.412482,0.124007,0.067655,0.008283,-0.042315,0.179218,0.01489,0.001175,0.107596,0.24405,-0.059884,-0.089283,-0.404417,-0.256819,-0.116301,-0.024593,0.112932,0.042026,-0.077855,0.206537,-0.114709,-0.3109,0.237218,0.230964,-0.109403,-0.096977,-0.183091,0.08866,0.062421,0.144875,-0.115209,-0.144774,-0.317649,0.104376,0.045494,-0.031598,0.049076,-0.155895,0.049842,0.242372,-0.010777,0.362912,0.222083,-0.233816,-0.23562,-0.040554,0.021675,0.313337,0.222545,-0.168147,0.057904,-0.026027,0.185476,-0.124333,0.086561,0.077023,-0.076933,0.23913,0.111421,-0.241768,-0.311464,-0.257012,0.300074,-0.004294,-0.011668,0.071425,-0.194538,-0.013375,-0.22008,-0.264627,-0.273492,-0.234883,-0.024852,-0.16446,0.055337,-0.130197,-0.137181,-0.118527,-0.302219,-0.331966,0.047366,-0.10684,-0.199181,-0.192336,-0.148655,-0.017319,-0.328165,0.022715,-0.101171,-0.218192,-0.055871,-0.092682,-0.116007,-0.281525,-0.221859,0.028967,-0.428539,-0.065241,0.19354,-0.294855,-0.250839,-0.089533,-0.236185,-0.082176,-0.0903,-0.024159,-0.163842,0.003789,-0.481065,-0.1873,-0.230212,-0.20672,-0.125128,0.145823,0.242345,-0.196025,-0.019814,-0.171198,0.168377,-0.344447,0.196833,-0.11146,-0.079993,0.104184,-0.430288,-0.135725,-0.116037,-0.044447,0.122823,-0.250326,-0.167967,-0.045841,0.183837,-0.331408,0.102282,-0.222802,-0.502567,-0.28378,-0.120255,-0.256284,-0.322813,0.040697,-0.350003,0.120849,0.243023,-0.228546,-0.408317,-0.00701,-0.220456,-0.003388,0.132918,0.38243,0.159691,-0.171318,0.149987,-0.297087,0.148065,-0.121557,0.130088,-0.113259,-0.002179,0.294101,-0.194585,-0.097398,0.05665,0.25224,-0.286881,0.15112,0.263392,0.025336,-0.000685,0.052288,-0.058908,0.216611,-0.049734,-0.280836,0.380535,-0.232434,-0.053299,0.397147,0.040687,0.119188,-0.014638,0.140264,-0.074599,-0.022899,0.210241,#
13,0.143154,0.264803,0.015736,-0.391785,-0.159989,0.202364,0.095741,0.371924,0.191032,0.539163,-0.357291,0.164144,0.412482,1.0,0.321017,0.082222,-0.179659,0.186301,0.308111,0.016041,0.197246,0.204085,0.43729,0.191321,0.038255,-0.203364,0.0857,-0.000113,0.035758,0.411495,0.047417,0.18588,0.363252,-0.072532,-0.241268,0.170232,0.358437,-0.306391,0.124279,-0.340422,0.109124,0.463912,0.028235,0.186919,0.155697,-0.548476,0.261556,-0.054467,-0.106724,0.078967,-0.0711,-0.099942,0.174298,-0.176027,0.0204,0.087924,-0.15193,-0.331597,-0.220512,0.024333,0.376029,0.192877,-0.315074,0.05977,-0.011541,0.297246,-0.186727,0.24513,-0.187666,-0.044282,-0.204816,0.383028,-0.205833,-0.135777,-0.312614,0.042005,-0.347117,-0.28151,-0.146845,-0.023293,0.102302,-0.454834,-0.354274,0.03363,-0.384709,-0.0097,-0.323282,0.022161,-0.013536,-0.291153,0.107109,-0.248375,-0.354805,0.14821,-0.147605,-0.120982,-0.384551,-0.14931,-0.001398,-0.336634,0.010559,-0.07104,-0.282358,-0.34501,-0.097489,-0.131194,-0.172875,-0.195429,-0.03325,-0.377291,0.142202,0.368877,-0.325506,-0.105523,0.130781,-0.125564,-0.317472,-0.229471,0.373227,-0.417019,-0.234683,-0.533886,-0.095833,-0.202364,-0.347684,-0.198718,0.108001,-0.102526,-0.328763,-0.237445,-0.093126,0.121148,-0.336183,-0.192644,-0.451554,-0.41396,0.225877,-0.156793,0.140733,-0.45156,-0.11096,0.061983,-0.252579,-0.381858,-0.499162,-0.042503,-0.033782,0.085572,-0.481019,-0.237786,-0.378722,-0.009184,-0.15504,-0.319306,0.029557,-0.259248,0.444454,0.234593,-0.17321,-0.19928,0.045786,0.018719,0.022189,-0.026408,0.23989,0.289268,-0.209297,-0.06106,-0.198485,-0.077369,-0.274611,0.097621,-0.278127,-0.24961,0.187561,-0.18759,-0.139684,0.045695,0.590845,-0.444471,0.303709,-0.019176,-0.393137,-0.080737,0.259107,0.171497,0.197931,-0.112255,-0.353234,0.235894,-0.191727,0.036182,0.159709,0.319931,-0.294198,-0.092015,0.283972,-0.301081,0.182365,0.189906,#
14,-0.00221,0.316622,-0.117267,-0.237509,-0.120536,0.122759,0.065769,0.060676,0.138056,0.392179,-0.181695,-0.036005,0.124007,0.321017,1.0,-0.037259,-0.114152,0.183712,0.346294,-0.019992,-0.051905,0.238193,0.202319,0.071805,-0.167594,-0.08774,0.052632,0.080766,0.042011,0.057596,-0.091936,0.108837,-0.065429,0.053385,-0.112232,-0.024413,-0.067962,-0.084585,-0.005967,-0.160185,0.111529,0.317165,0.117141,0.181332,0.382767,-0.216377,0.043329,0.130104,0.213885,-0.09032,0.166776,-0.107375,-0.090803,-0.148807,0.186774,0.147078,0.012831,-0.305869,-0.010487,-0.094735,0.365603,-0.083863,-0.312169,0.234692,0.180994,0.075573,-0.158683,0.063882,0.101072,0.088725,0.056408,0.068954,0.170702,-0.211062,-0.118473,-0.008537,-0.105163,-0.148473,-0.054494,-0.034223,0.07467,-0.448865,-0.233164,-0.027167,-0.197373,0.239957,-0.055894,-0.127968,-0.193811,-0.261479,0.054274,-0.088277,-0.043795,0.24257,-0.205572,-0.098694,-0.247859,-0.083595,0.069733,-0.08131,0.000959,-0.083643,-0.148939,-0.299439,-0.253366,-0.315222,-0.28879,-0.064086,-0.256111,-0.158428,0.135417,0.198733,-0.123949,-0.118514,-0.12756,-0.194724,-0.265965,-0.146031,0.406953,-0.370169,-0.112087,-0.271545,-0.191888,-0.167231,-0.236078,-0.299464,-0.048401,0.218118,-0.193156,-0.0134,-0.021125,0.064728,-0.285541,-0.139995,-0.227256,-0.21812,-0.002164,-0.047757,0.002507,-0.36694,-0.202209,-0.281893,-0.241103,-0.134878,-0.248484,-0.01304,-0.193287,0.093086,-0.326222,-0.060363,-0.337862,-0.381038,0.028319,-0.289747,-0.138834,-0.230354,0.180803,0.183259,-0.166806,-0.075921,0.161297,-0.023208,0.1543,0.133553,-0.049864,0.423749,-0.095999,-0.050518,-0.216293,-0.107246,0.050003,0.025982,-0.256404,0.090232,0.214461,-0.143625,-0.271863,0.183381,0.441184,-0.23507,0.367411,0.075157,-0.158839,0.114325,0.234025,-0.066037,0.178623,-0.154861,-0.152019,0.044153,-0.108776,-0.014655,0.309335,0.189065,0.003413,0.009847,0.10953,-0.160159,0.181961,0.081921,#
15,0.091801,0.074534,-0.097489,-0.074336,-0.083528,0.102172,0.115237,0.150193,-0.122587,0.193449,-0.012476,-0.041315,0.067655,0.082222,-0.037259,1.0,-0.037791,0.237099,0.022627,0.141604,0.046099,-0.091488,0.266544,-0.078068,0.065955,0.00166,-0.110091,-0.060867,0.18107,0.093648,0.117834,-0.153746,0.22698,-0.101058,-0.066752,-0.036566,0.183315,-0.020668,0.162081,0.090729,0.012625,-0.098969,0.026284,0.000786,0.078184,0.024551,0.068891,0.079101,-0.036895,0.178075,0.208798,0.147214,-0.057561,0.02779,0.230101,-0.006068,-0.035456,-0.102173,-0.14674,0.057894,0.096896,0.095493,-0.09189,0.021593,-0.09546,0.222379,-0.217737,0.244503,-0.34396,0.026797,-0.044143,0.106897,-0.074353,-0.046681,-0.030287,0.126554,0.052326,-0.069249,0.084383,0.152871,0.107148,-0.043647,-0.018138,0.283923,0.045211,-0.203599,-0.162641,-0.143232,0.070411,0.032699,-0.0413,0.187662,-0.042686,0.215038,0.124926,-0.065822,-0.130661,-0.184126,0.005748,0.03573,-0.108961,-0.048842,-0.244248,0.070368,0.091331,-0.081802,-0.121257,0.234051,-0.028913,0.057402,-0.1832,0.064494,-0.069041,-0.14102,0.166001,0.16919,0.036521,-0.243198,0.119244,-0.093268,-0.147406,0.073663,-0.177011,-0.091898,-0.176333,0.014518,-0.063654,0.070997,-0.242562,-0.209778,-0.0698,0.039623,-0.057255,0.068157,-0.171433,-0.086004,-0.054307,-0.086869,-0.031619,-0.224289,0.019875,0.210331,-0.10274,-0.030612,-0.030564,0.013206,0.22947,0.153645,-0.080469,-0.244153,-0.019698,-0.112061,-0.032989,0.054581,0.105301,-0.136469,-0.023111,0.254296,-0.241671,-0.082871,0.168829,-0.050839,-0.101624,-0.115859,0.012364,0.017882,-0.165439,0.029634,0.04572,-0.090813,0.140506,-0.107496,0.035973,-0.318096,-0.04319,-0.092905,-0.080501,0.092488,0.127281,-0.235981,0.11193,-0.136344,-0.232076,0.145197,0.320477,-0.184289,0.266377,0.005744,-0.222361,0.025449,-0.031644,-0.071285,0.102072,0.115911,-0.129503,-0.167356,-0.021011,-0.120898,0.162238,0.156965,#
16,-0.021981,0.041833,-0.292495,0.117245,0.092193,0.26216,0.10907,-0.034852,-0.203657,-0.257584,0.015315,0.14651,0.008283,-0.179659,-0.114152,-0.037791,1.0,-0.068924,0.034195,0.005379,-0.019766,-0.159151,-0.094653,-0.345859,-0.453065,-0.141034,-0.162,-0.08175,0.071174,-0.206062,-0.154454,0.078578,0.138344,0.182135,0.000237,0.171572,-0.115141,-0.124224,-0.260009,0.287352,-0.052151,-0.096542,0.050306,0.081743,-0.252116,0.159416,-0.13351,-0.13556,0.172575,0.221278,0.067104,0.054589,0.088045,-0.051535,0.084092,0.026365,0.199156,0.080656,0.211953,-0.163127,-0.169725,0.168253,0.312198,-0.136653,-0.079345,0.12023,-0.124173,0.038177,0.025299,-0.230104,-0.187152,-0.220845,-0.096164,-0.114526,-0.024419,0.106063,0.034959,-0.072026,0.012399,0.083918,-0.067885,0.117491,0.159919,-0.25479,0.061592,-0.111344,-0.00444,0.009028,-0.102844,-0.1268,-0.126541,0.096282,-0.100484,-0.125913,0.078569,-0.142873,0.018238,-0.123287,-0.165912,0.138569,0.066055,-0.007107,0.096293,0.076261,0.050281,0.024075,0.220347,-0.198786,-0.08311,0.036691,-0.205217,-0.115831,0.077934,0.074287,-0.216419,-0.082861,-0.02371,0.161115,-0.29825,-0.071705,-0.004283,-0.05766,-0.024072,-0.309038,0.053511,-0.127934,-0.303175,-0.223527,0.081317,0.031976,-0.209684,-0.208853,0.025478,0.073365,0.056891,0.051947,0.228698,-0.341935,-0.083651,0.023262,-0.152316,-0.105357,-0.064169,0.381922,0.201763,-0.158561,-0.054171,0.068804,-0.029194,-0.106606,0.186215,-0.081432,0.086604,0.090291,-0.160117,-0.096328,-0.25388,0.110667,-0.109188,0.18037,-0.10726,-0.108205,-0.034979,-0.034625,-0.195274,0.108273,0.182531,-0.138538,0.025554,-0.052677,-0.049442,0.123277,-0.217361,-0.084718,0.020056,-0.155785,-0.035164,0.018432,-0.173126,0.101233,-0.358248,0.006394,0.521384,0.082142,0.016829,-0.163351,-0.005471,0.138578,0.198574,-0.258502,0.094214,0.218517,-0.046881,-0.27049,0.104523,-0.02834,-0.057546,0.016459,-0.393607,-0.103196,#
17,-0.422744,0.192835,0.318179,0.085333,-0.24926,0.023168,0.087482,0.180859,0.273655,0.206477,-0.387527,0.012414,-0.042315,0.186301,0.183712,0.237099,-0.068924,1.0,-0.013776,0.315558,-0.144307,0.07553,0.127976,0.067406,0.148175,0.163968,0.134977,0.098946,-0.098216,0.109832,-0.025112,-0.027003,0.057019,0.005873,-0.119579,0.024438,0.133512,-0.152999,0.093078,-0.231377,0.099007,0.140422,0.190859,0.134341,0.109622,-0.284772,0.081517,0.246268,0.053575,0.030154,-0.113683,-0.040174,0.053668,0.021691,-0.01659,0.011474,0.028086,-0.334862,-0.154445,-0.126578,-0.104385,-0.078165,-0.088542,0.123653,0.037841,0.098313,-0.051999,0.145176,-0.119843,0.389727,0.224708,0.303728,0.025536,-0.175393,0.056919,-0.045959,0.093082,-0.144502,0.12216,-0.076856,0.222043,-0.106255,-0.223708,0.200845,-0.16637,0.044929,-0.085412,-0.171638,-0.084056,0.069565,0.048125,0.023925,-0.135419,0.454058,-0.071891,-0.028586,0.214729,0.045079,0.070048,0.0002,-0.16358,0.122294,-0.064085,0.237089,-0.113453,0.058232,-0.068626,-0.059357,-0.095625,-0.156245,0.173948,0.0941,0.085247,-0.06885,0.054862,-0.037799,0.115056,-0.169521,0.420772,-0.418778,0.047969,-0.356756,-0.205705,0.034032,-0.028696,-0.105955,-0.068809,0.077058,-0.121718,0.072662,0.151003,0.184951,-0.069405,-0.085555,-0.009319,-0.042203,0.034776,0.015881,0.039694,-0.081142,-0.011192,-0.097115,-0.204438,-0.371029,-0.258791,0.088086,0.004624,0.141614,0.072496,-0.026057,-0.301407,-0.062831,0.15701,-0.06098,-0.064744,-0.127465,0.049344,0.446349,0.003967,0.096448,0.218456,0.204384,-0.156355,0.26705,0.145356,0.273545,0.029683,-0.138478,-0.1575,0.177579,-0.106696,-0.197735,-0.060787,-0.101193,0.001703,0.037402,-0.111155,-0.056131,0.269212,-0.293421,0.307726,-0.126419,-0.325053,-0.162204,-0.011667,-0.04371,0.16929,0.210705,-0.340536,-0.173624,0.018914,-0.309764,-0.073689,0.26277,-0.263126,-0.129991,0.01284,0.073783,0.230342,0.138211,#
18,0.250854,0.221977,-0.004309,-0.172889,0.13451,0.114804,0.188283,0.065208,0.085017,0.196756,0.113933,0.033091,0.179218,0.308111,0.346294,0.022627,0.034195,-0.013776,1.0,-0.169373,0.067776,0.136292,0.114332,0.015575,-0.056782,-0.011063,0.043203,0.274254,-0.036054,0.2425,-0.266762,0.118236,0.06147,0.051888,0.036352,0.125842,0.078151,-0.04498,-0.085418,-0.013404,0.188487,0.267694,0.059631,0.254866,0.157657,-0.031066,0.058089,-0.16113,0.082363,0.002985,-0.059318,0.058098,0.192705,-0.059191,0.23477,0.095662,-0.080089,-0.156958,-0.126739,-0.121217,0.035942,-0.253475,-0.157398,0.359828,-0.039131,0.092049,-0.091753,-0.078145,-0.065121,-0.246669,0.001767,0.108816,-0.131313,-0.057531,-0.05977,0.059666,-0.060736,-0.114491,0.053255,-0.057849,0.131239,-0.212442,-0.25088,-0.193477,-0.057671,-0.044238,-0.152021,0.031531,-0.060651,-0.148327,-0.101832,-0.240725,-0.00916,-0.190805,0.051403,-0.073253,-0.119569,-0.288586,0.020158,-0.189386,0.073585,0.0925,0.04099,-0.408176,-0.17842,-0.008392,-0.185747,-0.092045,-0.008803,0.016164,-0.009502,0.260525,-0.15381,-0.084406,-0.064871,0.113804,-0.131078,-0.018259,-0.041493,-0.063937,-0.211198,-0.101336,-0.204913,-0.294759,-0.294061,-0.098341,0.167417,0.060128,-0.11043,-0.071541,-0.081047,-0.196824,-0.198397,0.06602,-0.103876,-0.017155,0.080944,0.01172,-0.015632,-0.185287,-0.288328,-0.003128,-0.221119,-0.067138,-0.089236,-0.154986,-0.264804,0.092825,-0.378917,-0.258301,-0.220304,-0.07959,-0.171682,-0.307803,0.157202,-0.189709,0.153642,0.056457,-0.316083,-0.207332,-0.071927,0.09045,0.004096,-0.089192,0.172288,-0.039548,0.020424,0.179005,-0.018778,-0.049653,0.045286,0.309913,-0.070314,0.084832,0.211697,-0.004399,0.053931,0.082584,0.322979,-0.135672,-0.008207,0.253103,0.136123,0.263112,0.322483,0.074441,0.34729,0.010829,0.041576,0.24285,-0.048934,0.086905,0.33397,0.033715,-0.232993,0.085393,0.462966,-0.188279,-0.140456,0.071315,#
19,-0.184814,-0.035783,0.094579,0.041899,-0.169904,-0.098813,-0.224591,0.035194,-0.089309,0.059957,-0.23267,-0.163899,0.01489,0.016041,-0.019992,0.141604,0.005379,0.315558,-0.169373,1.0,0.317044,0.173922,0.018681,0.065034,-0.190214,-0.153273,0.031951,-0.247597,-0.006962,-0.127069,0.247292,0.300373,0.329588,0.274474,-0.126138,-0.350105,0.163629,0.114035,-0.347706,-0.095302,0.256191,0.040773,-0.026026,-0.033809,-0.031074,-0.351865,0.275636,0.257879,0.165486,-0.22126,-0.149402,-0.130921,0.396018,-0.146004,-0.267537,0.130905,0.091305,-0.28189,0.324216,-0.129479,0.023757,-0.057049,-0.129614,-0.261966,0.050385,0.018379,-0.125887,-0.041936,-0.19047,0.293555,0.024963,0.19037,0.133059,-0.019898,0.135502,-0.419941,0.261285,0.157851,0.581223,0.289859,0.394096,0.249205,0.143977,-0.021167,0.263318,0.29664,0.183708,-0.178474,0.28471,0.08519,0.167145,0.373451,0.172124,0.252647,0.163778,0.361475,0.215279,0.315011,0.222105,0.165176,-0.510327,0.207279,0.147232,0.29662,0.467936,0.323574,-0.067813,-0.184082,0.26825,-0.273762,0.273131,-0.198631,0.150797,0.353248,0.212724,0.121611,0.039396,0.045982,0.193681,-0.240503,0.262102,-0.055463,-0.133705,0.112671,0.015362,0.36815,-0.040035,-0.023766,0.315777,0.386987,0.430237,0.203034,0.360631,-0.052235,0.329267,0.159999,0.098531,0.041749,0.150183,0.247305,0.168901,0.112306,-0.027729,-0.217283,0.083205,0.327975,0.371992,-0.449132,0.249027,0.184699,0.092203,0.163575,0.407155,0.265036,-0.051672,0.1998,0.410146,-0.051308,0.071035,0.060396,0.208978,0.263097,-0.042866,0.033086,0.061744,0.061741,0.394244,-0.208567,0.102154,0.239163,-0.558428,-0.247121,0.03464,0.128362,-0.379212,0.186022,0.138612,-0.503685,0.044266,0.095026,-0.012769,-0.060207,-0.313829,-0.167754,-0.406648,-0.023356,0.394339,0.290448,-0.11091,-0.2524,0.110345,-0.478345,-0.421676,-0.075802,-0.142986,-0.198631,-0.322505,0.24651,0.413821,-0.024848,#
20,0.237084,0.067554,-0.051013,0.081266,-0.260001,0.038801,-0.179286,0.07067,-0.356603,-0.102104,-0.095393,0.124268,0.001175,0.197246,-0.051905,0.046099,-0.019766,-0.144307,0.067776,0.317044,1.0,-0.065772,-0.28469,-0.147591,-0.00116,-0.092722,-0.061335,-0.178372,-0.058367,0.029594,0.318425,0.189086,0.095836,0.353104,-0.348742,-0.275311,0.050066,0.106694,-0.039495,-0.166566,0.30055,0.284523,-0.300109,0.147718,0.026642,-0.239284,0.140135,-0.105925,0.021268,-0.215162,-0.185856,-0.007961,0.365639,0.017967,-0.097977,-0.038218,-0.127044,-0.054057,-0.238211,0.030183,0.051142,0.138111,0.159963,-0.069487,0.062709,-0.056827,-0.325017,-0.02553,-0.187762,-0.182935,-0.062116,0.146535,-0.05788,0.201951,-0.19767,-0.378184,-0.02069,0.261491,0.179886,0.3052,0.150224,0.037675,0.350971,-0.001567,0.067384,-0.157253,0.047067,0.25421,0.305113,0.059507,0.040213,0.005172,0.13872,-0.029672,0.155577,0.231386,-0.082655,0.18976,0.173891,0.050705,0.104492,0.189781,-0.132998,0.021126,0.113077,0.100985,0.124112,0.058997,0.114686,-0.018246,0.054315,0.084051,-0.267842,0.325757,0.307071,0.326772,0.008194,0.104639,0.069188,0.029597,0.069858,0.023792,-0.16672,0.192915,-0.095595,-0.017596,-0.191174,-0.293344,-0.222206,0.18535,0.054927,0.062268,0.208144,0.067872,-0.071624,0.071812,0.208916,0.025623,0.168193,-0.04595,0.042018,0.078125,0.26972,0.063679,0.076912,-0.031431,0.271954,-0.40679,0.005644,0.150377,0.102239,0.167378,0.105947,0.149507,0.07416,0.213107,0.343199,-0.206733,0.036121,-0.080501,-0.038819,-0.021285,0.15849,-0.265231,-0.217345,-0.172382,0.26215,-0.012302,0.307245,-0.193505,-0.227192,0.089311,0.101693,-0.05067,-0.273779,0.123432,-0.005108,-0.368902,-0.126772,0.30647,-0.214328,-0.023332,-0.155464,-0.128114,-0.111662,0.334487,0.108141,-0.072517,0.095881,0.090343,-0.102623,-0.197707,-0.24286,-0.250145,-0.166504,-0.185293,0.179223,-0.170548,0.051827,-0.1001,#
