0,1.0,0.039201,-0.031513,-0.292692,0.168972,0.137333,0.288855,-0.062633,-0.102038,0.083012,0.219021,-0.16044,0.327012,0.251715,-0.127526,0.161454,-0.128023,-0.317446,0.36265,-0.071469,0.228765,0.024582,0.123499,-0.299712,-0.151943,-0.314539,-0.156127,-0.162623,0.342916,0.220353,-0.091882,0.03486,0.119352,-0.178937,0.226144,0.194395,0.280928,-0.073758,-0.120881,0.052754,0.102911,0.211065,-0.018203,-0.054195,-0.069221,-0.209055,0.040808,0.006467,-0.091276,-0.010523,0.123033,-0.269285,0.232455,0.009405,0.30553,-0.016136,-0.15401,-0.037771,-0.111857,0.21029,0.402982,0.087035,-0.075888,0.269924,-0.149091,0.012126,-0.145296,0.238231,-0.127198,-0.187832,0.011196,0.002274,-0.113995,-0.212824,-0.305694,0.267734,-0.372349,-0.166328,-0.240258,-0.040882,-0.046849,-0.228991,-0.154545,-0.208321,-0.15661,-0.127713,-0.244375,-0.0619,-0.22074,-0.285843,-0.334391,-0.273565,-0.117088,-0.355902,-0.100342,-0.316745,-0.353816,-0.267267,-0.16883,-0.079799,0.174084,-0.117261,-0.238363,-0.331756,-0.080326,-0.265358,-0.025794,0.165151,-0.191315,0.010664,0.09658,0.240343,-0.458402,-0.252785,0.11019,0.084896,-0.231253,-0.163512,-0.115368,-0.057306,-0.35899,0.040701,-0.036596,-0.18012,-0.176781,-0.050251,-0.060381,0.162718,-0.174209,-0.097226,-0.076999,-0.49958,-0.123841,0.180031,-0.220757,-0.173026,-0.059257,0.056773,0.237708,-0.133959,-0.18763,0.215067,-0.02994,-0.149552,-0.234113,-0.046357,-0.182708,0.133091,-0.288696,-0.273454,-0.195965,-0.14212,-0.221125,-0.255214,0.198226,-0.1282,0.253665,0.039502,-0.320928,-0.153094,0.079832,-0.248725,0.018031,-0.271994,0.013582,-0.138339,-0.041484,0.10017,-0.182279,-0.210386,0.107751,0.100574,-0.143557,-0.05649,-0.094949,-0.043362,-0.142106,-0.016841,0.054026,-0.214464,0.167277,0.0698,0.060404,0.449312,0.193954,0.058982,0.260065,-0.080542,0.099669,0.3252,-0.264839,0.095549,0.358783,-0.066795,-0.16357,0.214374,0.124406,-0.158086,-0.06917,0.092068,#
1,0.039201,1.0,-0.015342,-0.104063,-0.103742,0.003955,0.285913,0.069189,-0.072995,0.341337,-0.036604,0.009345,0.063997,0.189627,0.239113,0.037399,-0.120199,0.125798,0.244201,0.039831,0.213012,0.095598,0.191911,-0.128813,-0.076226,-0.256119,-0.160598,-0.021911,0.004094,0.161475,-0.085414,0.073836,0.137337,-0.126468,-0.067115,0.086823,-0.049718,-0.229998,0.022109,0.094148,0.04458,0.203369,-0.109022,-0.013149,0.286846,-0.081675,0.131177,-0.082914,0.24371,0.307982,-0.018841,0.046484,0.129739,0.047944,-0.011994,-0.107449,0.068442,-0.278108,-0.189024,-0.193214,0.098953,-0.06484,-0.160458,-0.081934,0.366426,0.179816,-0.186028,-0.004379,0.041751,-0.093602,0.101896,0.036394,-0.010612,-0.268212,-0.062997,-0.066704,-0.180052,-0.070505,0.112133,0.007915,0.143571,-0.216389,-0.147119,0.030477,-0.189154,-0.0422,-0.062943,-0.178708,-0.003461,-0.032982,-0.19743,-0.155986,-0.225569,-0.012633,-0.048061,-0.085446,-0.004131,0.083998,0.282877,-0.051919,0.009025,0.112229,0.025151,-0.044726,-0.29358,-0.112209,-0.134305,-0.140253,-0.259317,-0.052698,0.197355,0.124702,-0.174639,0.036012,-0.161386,-0.075804,-0.035787,0.036569,0.139559,-0.340648,-0.152328,-0.195258,-0.383319,-0.062571,-0.176103,-0.174824,0.139917,0.055735,-0.237396,-0.158034,0.154852,-0.020418,-0.169352,-0.266174,-0.158866,-0.347013,0.13196,0.24295,0.000513,-0.088102,0.070509,-0.160624,-0.087489,-0.108329,-0.011172,-0.076029,-0.320253,0.166037,-0.074152,-0.074259,-0.076441,-0.178431,0.089206,-0.153683,-0.060713,-0.086425,0.15005,0.044213,-0.16432,0.074585,-0.090435,0.052487,-0.15538,0.084242,-0.006618,0.336767,0.106189,0.000137,-0.211127,-0.390393,0.05066,0.063177,-0.06349,-0.076682,0.123142,-0.277545,-0.042746,0.040581,0.198928,-0.249911,0.165641,-0.016189,-0.174028,0.094233,0.220639,-0.298488,0.205412,-0.2683,-0.040473,0.23399,0.002515,0.056255,-0.079482,0.183075,-0.071307,-0.173214,0.032437,-0.067204,0.1103,0.046043,#
2,-0.031513,-0.015342,1.0,-0.075763,-0.02026,-0.113033,0.162994,-0.071351,0.157281,0.064331,0.154783,-0.118814,-0.011105,-0.054399,-0.211846,-0.104748,-0.224287,0.196501,-0.010122,0.133573,-0.086595,0.225055,-0.084432,-0.031939,0.073518,0.097264,0.200324,-0.098962,0.113426,-0.279218,0.020344,0.170186,-0.234438,-0.085041,0.000696,0.064141,-0.083123,0.253646,0.059748,-0.278575,0.235676,-0.016593,0.063529,-0.190163,-0.014788,-0.222122,-0.132816,0.201074,-0.080445,-0.097455,-0.016721,-0.113313,0.272712,-0.104864,-0.227027,-0.037072,-0.131807,-0.198072,0.114757,0.041269,0.079663,-0.227217,-0.039259,-0.297075,0.195957,-0.050432,0.184797,0.110067,0.183731,0.271225,0.098054,0.220552,-0.191244,0.074559,0.017982,-0.129973,0.042007,-0.110078,0.022339,0.048362,0.146407,0.066308,0.047713,0.146511,-0.193107,0.196778,0.157438,-0.044714,0.043661,0.139183,-0.013439,0.002612,0.210932,0.160727,0.069043,0.071746,0.26101,-0.084558,0.15891,0.178089,-0.118081,-0.026161,0.132262,0.141618,0.176637,0.1446,0.088013,-0.016439,-0.127194,-0.065995,0.137174,-0.169511,0.058237,0.063868,0.340503,-0.13348,-0.027354,0.228231,-0.026132,-0.083366,0.150673,0.221599,0.036409,-0.044871,0.010375,0.261233,0.290434,-0.011854,0.092474,0.066493,0.379452,0.018907,0.146284,0.051047,0.142382,-0.019405,-0.056061,0.376087,0.128412,0.277273,0.006541,0.163232,0.169704,-0.069074,-0.015644,-0.013612,-0.172861,0.085353,0.131156,0.192194,0.086424,0.063513,0.247154,0.001893,0.171324,0.062282,0.002639,0.02752,0.229459,0.030107,0.331988,0.069953,-0.000457,0.216348,0.080282,-0.256463,0.065654,-0.079167,-0.022879,0.124605,-0.102253,-0.163187,-0.074078,0.116582,-0.151134,0.123883,0.119929,-0.020306,0.051684,-0.131641,0.122621,0.052435,-0.137492,-0.109686,-0.246327,0.145671,0.15395,0.166575,-0.060867,-0.178329,0.076755,-0.223734,-0.237845,0.292066,-0.134797,-0.066198,-0.155049,0.165324,0.1678,0.00393,#
3,-0.292692,-0.104063,-0.075763,1.0,-0.108127,-0.323417,-0.31256,-0.141439,-0.273198,-0.42969,0.039781,-0.147971,-0.302451,-0.372249,-0.119683,-0.193414,0.176924,0.094007,-0.179671,-0.078532,-0.004536,-0.040622,-0.3255,0.089614,0.155076,0.283088,0.128393,0.146896,-0.198772,-0.294286,0.244167,-0.123003,-0.049406,0.021931,0.060366,-0.092831,-0.200518,-0.040391,0.092327,0.01233,-0.080727,-0.279993,0.073878,0.307569,-0.073259,0.423913,-0.191926,-0.049555,0.121303,-0.184268,-0.174273,0.425271,0.010474,0.144434,-0.109153,-0.116756,0.376121,0.159811,0.053351,0.085299,-0.37255,0.060036,0.276589,-0.16185,-0.146449,-0.29848,0.112741,-0.061487,-0.124739,0.064147,-0.038345,-0.044332,0.122586,0.085777,0.081324,-0.078085,0.370795,0.180114,0.073494,-0.09921,0.042319,0.401242,0.244552,0.048574,0.270819,0.034151,0.314509,0.25821,0.054404,0.08314,0.030032,0.191358,0.150204,-0.123509,0.240689,0.172074,0.441115,0.232632,-0.003001,0.283982,0.033005,0.268417,0.459965,0.188981,0.188867,0.199184,0.35525,0.105939,0.061643,0.08981,-0.116775,-0.107985,0.354536,0.214455,0.139694,0.133696,0.052343,-0.016921,-0.194471,0.374774,0.237879,0.319745,0.263476,0.222681,0.318498,0.090049,-0.343177,-0.133858,0.193926,0.276738,0.005364,0.275797,0.353147,-0.020437,0.196221,0.279482,0.021949,0.012609,-0.144167,0.267036,0.208597,-0.056347,0.326794,0.270046,0.435332,0.156164,0.057385,-0.009581,0.4343,0.039452,0.249786,0.133445,0.096875,0.29552,-0.01065,0.269613,-0.342349,-0.286161,0.438714,0.204322,0.003223,0.213829,-0.086958,0.056194,-0.144972,-0.26941,0.173962,0.203193,0.15052,0.258545,0.0493,0.026628,0.304765,0.35756,-0.162785,0.264328,0.07382,-0.060534,-0.578992,0.455738,-0.415555,-0.00218,0.330132,-0.121278,-0.208807,0.008078,-0.198201,-0.017391,0.345763,-0.084819,0.184738,-0.118671,-0.245834,-0.203954,0.015548,-0.151477,0.022683,-0.006465,-0.170856,-0.309092,#
4,0.168972,-0.103742,-0.02026,-0.108127,1.0,0.093534,-0.148065,-0.025032,0.010047,-0.119846,0.327091,-0.102655,-0.011508,-0.237987,-0.158282,-0.070008,0.18993,-0.173044,0.090788,-0.129489,-0.261172,-0.316928,0.092306,-0.076535,0.041136,-0.053707,-0.21389,0.147766,-0.128354,0.039515,-0.304666,-0.201884,-0.003147,-0.052282,0.051435,0.101318,-0.032842,-0.099734,0.0494,0.393322,-0.045947,-0.366623,-0.207587,0.115264,-0.111534,0.227731,-0.148974,0.035081,0.136421,0.242085,0.070812,0.01019,0.07804,0.281831,0.185982,0.077031,-0.138339,0.330294,0.009049,-0.044769,-0.205309,-0.123883,0.005138,0.006506,-0.34306,0.05697,0.479404,-0.153997,-0.019491,-0.238662,0.054416,-0.143469,0.038372,0.282985,0.126715,0.037613,-0.083959,-0.193203,-0.112795,-0.144242,-0.160923,0.102653,0.136177,0.098362,0.035923,-0.080919,0.112167,0.159531,0.000455,-0.150415,0.212619,0.14807,0.254393,-0.0615,-0.057827,0.119456,0.086331,-0.047516,-0.190204,-0.028096,0.110973,0.017257,0.18705,-0.123184,0.162784,0.03763,-0.001312,0.159209,-0.120535,0.094062,-0.040884,0.141262,0.059667,-0.104214,-0.102661,0.190505,-0.022067,0.371419,-0.303925,0.095458,-0.310213,0.136424,0.145204,-0.025954,0.167009,0.177263,0.01144,0.087695,0.079912,-0.026377,0.052225,-0.279211,0.000583,-0.165995,-0.013331,0.048849,0.045214,0.140725,-0.155065,0.30158,-0.031857,-0.068182,-0.220642,0.170134,-0.006354,-0.270395,-0.216675,-0.131336,0.064855,-0.161951,0.044547,0.01353,-0.232393,-0.02881,0.086844,-0.16221,-0.094116,-0.042214,-0.280575,0.212688,-0.300178,-0.212491,-0.224372,0.090625,0.17713,-0.145303,0.02446,-0.053211,-0.013153,0.105786,-0.041871,-0.111318,0.113137,-0.02327,-0.029765,0.236268,0.09719,0.214545,0.043299,0.018864,-0.210166,0.204962,0.11835,0.090928,0.163818,0.063185,0.138181,-0.057847,0.231024,-0.173475,0.077532,0.073536,0.306886,-0.099952,-0.220893,0.262462,0.006655,0.096421,-0.129743,-0.273691,#
5,0.137333,0.003955,-0.113033,-0.323417,0.093534,1.0,0.417791,0.312973,0.075052,-0.038099,0.093179,0.210393,0.101161,0.138015,0.055611,0.066482,0.221664,-0.01392,0.18895,-0.03407,0.104649,0.003905,0.172109,-0.112035,-0.192634,0.013827,0.107943,-0.058299,0.118337,0.121543,-0.278038,0.020063,-0.1628,-0.055613,-0.023417,-0.032043,0.103069,-0.09069,-0.054795,-0.01019,-0.20932,0.22603,-0.088962,-0.085775,0.011336,-0.244433,0.122467,-0.203823,-0.006384,0.236509,-0.049517,0.013186,0.061077,0.086034,0.093223,0.31827,-0.223166,0.049185,-0.172083,-0.209709,0.198755,-0.1026,-0.036431,0.305686,-0.135194,0.275986,0.040675,0.117018,-0.036077,-0.3238,0.01209,-0.015983,-0.176865,-0.003855,-0.073833,0.342637,-0.274876,-0.05016,-0.113679,-0.107357,-0.262247,-0.261294,-0.11865,0.015701,-0.083356,-0.278354,-0.078017,-0.047173,-0.116881,-0.228791,-0.185021,-0.242739,-0.307946,-0.041014,-0.108791,-0.169111,-0.0788,-0.338152,-0.139615,-0.350848,0.073287,-0.014332,-0.113246,-0.36675,-0.319517,-0.267708,-0.046464,0.07957,-0.235497,-0.022987,0.131887,0.248972,-0.383838,-0.282117,-0.034589,-0.070346,-0.242851,0.055762,0.192521,-0.216064,-0.141628,-0.298452,-0.057112,-0.36836,-0.133335,-0.126675,-0.205546,-0.044578,-0.278821,-0.174634,-0.1762,-0.238527,-0.098728,0.075324,-0.380705,-0.170206,0.263304,-0.069194,-0.019505,-0.391646,-0.170206,0.135805,-0.143888,0.006411,-0.204346,-0.213761,0.251218,0.12491,-0.134255,-0.022586,-0.09822,-0.172575,0.087753,0.096949,-0.120503,-0.227725,0.128288,0.104882,-0.413792,-0.174763,-0.11072,-0.263057,-0.025274,-0.213613,-0.036765,0.083515,-0.094273,-0.068023,-0.117602,0.063425,0.172409,-0.186506,-0.108365,-0.232469,0.179077,-0.221752,0.033059,-0.019278,0.138665,-0.177462,0.28257,-0.025987,0.094021,0.147686,0.500118,-0.0562,0.049501,0.073381,-0.07619,0.176775,0.044304,0.074258,0.235009,-0.17037,-0.308752,0.004436,0.242814,-0.035494,-0.2146,-0.007711,#
6,0.288855,0.285913,0.162994,-0.31256,-0.148065,0.417791,1.0,0.2995,0.237272,0.275109,0.094631,0.051479,0.383808,0.303483,-0.032891,0.152588,0.047579,0.169187,0.286475,0.055842,-0.065187,0.199225,0.247401,-0.076125,-0.021131,-0.064236,0.202798,-0.012805,0.542217,0.107247,-0.339782,-0.056163,-0.082484,-0.278229,0.102439,0.144359,-0.012512,-0.067659,0.043871,-0.128623,0.14944,0.216321,0.092579,-0.213861,0.088542,-0.420349,0.104042,-0.144209,-0.089031,0.346036,0.128344,-0.159851,0.11471,-0.064532,0.189688,0.169819,-0.018563,-0.301327,-0.0593,0.030206,0.368073,0.111031,-0.089902,0.260986,0.129147,0.287393,-0.141343,0.206291,0.090029,-0.10316,0.165991,0.078171,-0.28271,-0.412523,-0.242559,0.304905,-0.363962,-0.214383,-0.208714,-0.107468,-0.179196,-0.341472,-0.367554,-0.076134,-0.422595,0.035613,-0.154305,-0.31496,-0.120293,-0.322427,-0.448028,-0.420286,-0.481362,-0.241585,-0.113265,-0.422176,-0.164303,-0.352711,-0.058248,-0.355066,-0.016785,-0.100838,-0.282613,-0.284179,-0.337458,-0.188063,-0.130078,-0.184756,-0.227513,-0.197613,-0.129923,0.040126,-0.400019,-0.372946,0.039027,-0.41045,-0.155475,0.055975,0.13167,-0.340173,-0.140886,-0.299737,-0.143655,-0.47996,-0.28589,-0.233384,0.114043,0.178743,-0.285206,-0.262152,-0.262439,-0.404993,-0.436812,0.034566,-0.209311,-0.257348,0.156729,-0.068523,0.034459,-0.395083,-0.257348,0.089342,-0.139411,-0.332944,-0.370552,-0.164371,-0.165008,0.477589,-0.306768,-0.129834,-0.184413,-0.1771,0.07972,-0.08786,-0.074168,-0.401813,0.053548,0.243751,-0.218967,-0.174107,0.013302,-0.270593,-0.178955,-0.049784,0.054437,0.229331,0.099126,0.020679,-0.423185,-0.032827,0.160556,-0.051284,-0.201449,-0.137027,0.325184,-0.401785,0.029211,0.124419,0.368259,-0.588691,0.436003,0.143269,0.087249,0.130739,0.314311,-0.330907,0.069101,0.074207,-0.147254,0.172453,-0.279174,0.064504,0.216236,0.094538,-0.226778,-0.001639,0.06129,-0.146786,-0.182967,0.264965,#
7,-0.062633,0.069189,-0.071351,-0.141439,-0.025032,0.312973,0.2995,1.0,-0.06545,0.235352,-0.125622,0.040598,0.483291,0.287506,0.156593,0.009227,0.065775,0.104764,0.180785,-0.040107,0.152393,0.2465,-0.074807,0.102313,0.046939,-0.073284,-0.076004,-0.172855,0.06294,0.214721,-0.076834,-0.123839,0.111254,0.064731,-0.271962,-0.036499,-0.018723,-0.047041,0.068301,-0.285451,0.08583,0.164358,0.033059,-0.124731,-0.14452,-0.2726,0.029087,-0.178363,-0.032689,-0.019326,-0.255415,0.090975,0.198726,0.062986,0.30203,0.228158,-0.103565,-0.144237,-0.200509,0.060197,0.155486,0.018908,-0.135867,0.161811,-0.079851,0.332079,0.023228,0.1739,-0.010839,-0.035071,0.317573,0.240582,-0.353349,-0.072195,-0.056847,0.050244,0.045779,0.188662,0.092883,-0.102153,0.103358,-0.283915,-0.144424,-0.081285,-0.28497,-0.059834,0.029278,0.065104,0.114929,-0.071772,0.042478,-0.352479,-0.097207,0.1207,-0.038974,0.013171,-0.079682,0.03778,0.026694,-0.45434,0.013946,0.113262,0.013052,-0.121132,-0.095399,0.037245,-0.268774,-0.058501,-0.065901,-0.274902,-0.020209,0.186582,-0.174894,-0.104952,0.076979,-0.059935,-0.033644,0.018571,0.09698,-0.122923,-0.028986,-0.601051,0.000178,-0.116864,-0.162684,-0.091516,0.037492,0.067193,-0.199424,0.137073,-0.164292,0.123484,-0.124989,-0.006335,-0.154924,0.044323,0.204782,-0.259481,0.031385,-0.150387,-0.078721,-0.033039,-0.243224,0.02378,-0.08295,-0.125929,-0.225055,-0.004847,-0.046913,-0.235819,-0.121802,-0.006505,-0.14922,-0.196784,-0.023576,-0.403926,0.019686,0.156408,-0.22955,-0.067752,-0.073901,0.029601,-0.258385,0.163081,0.258209,0.069453,-0.035699,0.007508,-0.072415,0.275362,-0.151352,-0.071388,-0.080099,-0.05515,0.275608,-0.29468,0.139214,-0.006159,0.316803,-0.079988,0.115494,0.291063,0.030368,-0.071509,0.12801,0.051747,0.014056,-0.159746,-0.224734,0.25749,-0.192121,-0.153729,0.301845,-0.154403,-0.098918,-0.12666,0.008765,0.040644,-0.211638,0.036592,#
8,-0.102038,-0.072995,0.157281,-0.273198,0.010047,0.075052,0.237272,-0.06545,1.0,0.281918,-0.059195,0.166976,0.011209,0.145354,0.14107,-0.073674,-0.24034,0.242973,-0.08216,0.07087,-0.219538,0.216965,0.240816,0.115271,0.001915,0.154413,0.261571,0.244957,0.129823,0.018115,-0.182408,-0.055006,-0.02002,-0.012404,0.160799,0.030342,-0.120595,-0.022045,0.232999,-0.129454,0.149999,0.012766,-0.091565,-0.091795,0.159936,-0.078095,0.065352,0.234617,0.019324,-0.011266,0.002119,-0.133247,-0.047471,0.068069,-0.014207,0.387849,-0.174953,-0.190004,-0.077207,0.191401,0.103964,-0.083249,-0.058402,0.148643,0.111907,0.040985,-0.008413,0.215171,0.31725,0.054785,0.03386,0.154392,0.085998,0.058996,-0.085605,0.083887,-0.057927,-0.086072,-0.07173,-0.047241,-0.024332,-0.097673,-0.34294,-0.030678,-0.114983,0.275159,-0.085309,-0.27754,0.020537,-0.237025,0.14167,-0.040744,-0.161493,0.214438,0.01812,0.072063,-0.0342,-0.133482,-0.277256,-0.218846,-0.037564,0.19323,-0.072971,0.14391,-0.002197,-0.199709,-0.033061,-0.053513,-0.04431,-0.058335,-0.090289,-0.219165,-0.121275,-0.221537,0.162798,-0.140036,0.148904,0.022225,0.118483,-0.148346,0.225302,-0.140737,0.125964,-0.206126,-0.144847,0.012157,0.278346,0.008264,-0.096957,-0.106501,0.086443,-0.015607,-0.434828,-0.077569,-0.017202,0.044103,-0.002939,0.09976,-0.104814,-0.045771,-0.028487,0.079794,-0.145867,-0.164425,-0.2709,-0.418427,-0.053878,0.103426,-0.01664,0.077706,0.122923,0.05781,0.102424,-0.122951,0.175226,-0.149562,0.188838,0.245343,-0.138869,-0.015419,-0.092746,0.127791,0.090856,0.018962,-0.173794,0.033531,0.012544,-0.094404,-0.259277,0.091873,-0.050831,-0.234558,-0.010788,0.058453,0.240723,0.065997,-0.067421,-0.013089,0.339692,-0.296235,0.311181,0.170328,-0.247341,-0.138033,0.055784,0.060243,0.026638,0.205767,-0.343049,-0.237954,-0.090016,-0.062559,-0.046737,0.153323,-0.041563,0.221868,-0.105332,-0.181269,0.045211,0.06049,#
9,0.083012,0.341337,0.064331,-0.42969,-0.119846,-0.038099,0.275109,0.235352,0.281918,1.0,-0.207147,-0.008789,0.334116,0.636657,0.221478,0.176221,-0.367169,0.309774,0.100009,0.167212,-0.059978,0.210684,0.359093,0.145012,0.146821,-0.202281,-0.120037,0.005914,0.155577,0.438661,0.00099,0.147825,0.300637,-0.260597,-0.094016,0.079366,0.099355,-0.043068,0.157454,-0.373108,0.232491,0.217476,-0.031972,-0.064632,0.096574,-0.465405,0.128954,0.24317,-0.017564,0.312086,-0.006923,-0.206319,0.182551,-0.180834,0.166092,0.082655,-0.151225,-0.423956,-0.23135,0.111252,0.441183,0.100021,-0.414584,-0.040839,0.009259,0.278871,-0.060745,0.22857,-0.160584,0.170434,0.038137,0.372232,-0.1418,-0.116438,-0.100812,-0.074875,-0.136158,-0.238753,0.007471,0.17486,0.059781,-0.455966,-0.400689,0.158621,-0.313045,0.165322,-0.17941,-0.169741,0.176553,-0.193564,-0.058883,-0.039259,-0.276047,0.223962,-0.024594,0.05313,-0.376601,-0.110862,0.150884,-0.314172,-0.242184,-0.050433,-0.205012,0.009186,-0.045715,-0.161662,-0.314335,-0.344762,-0.020251,-0.318605,0.22066,0.175459,-0.255205,-0.150624,-0.153013,-0.27528,-0.030063,-0.045457,0.422853,-0.466005,-0.113538,-0.278797,0.010957,-0.195069,-0.330857,0.171186,0.32104,0.044593,-0.176069,-0.309651,-0.045331,0.145313,-0.438293,-0.09812,-0.303828,-0.301379,-0.053794,-0.135717,0.141537,-0.334172,0.056126,-0.0995,-0.263085,-0.401539,-0.369371,-0.075439,-0.146706,0.130816,-0.225462,-0.189078,-0.22802,0.09028,-0.063294,-0.490636,-0.037088,-0.350462,0.442667,0.377154,-0.106891,-0.142987,-0.115222,0.036425,-0.160696,0.207746,0.26675,0.509007,-0.05929,-0.074908,-0.204676,-0.079077,-0.156446,0.036034,-0.151589,-0.14238,0.363276,-0.30978,-0.018627,-0.013954,0.667015,-0.46586,0.476306,0.206133,-0.559928,-0.250298,0.192104,-0.046708,0.302195,0.067969,-0.514215,0.048357,-0.24805,-0.170875,0.097688,0.401402,-0.087242,-0.03739,-0.055598,-0.026143,0.359064,0.388331,#
10,0.219021,-0.036604,0.154783,0.039781,0.327091,0.093179,0.094631,-0.125622,-0.059195,-0.207147,1.0,-0.175027,0.055465,-0.190252,-0.296812,-0.019082,0.004468,-0.122698,0.064739,-0.033932,-0.092648,-0.192161,-0.078871,0.051739,0.048398,0.186464,-0.108248,0.045661,0.119461,-0.246416,0.101927,-0.034926,-0.262529,-0.283108,0.059886,0.145032,0.215981,0.268734,-0.033444,0.229513,-0.184572,-0.354328,-0.045233,-0.042261,0.017373,0.024956,-0.320861,0.009779,0.164513,0.139729,0.02789,-0.00206,0.129425,0.188362,0.134215,0.069648,-0.244831,0.188644,0.080883,-0.13955,-0.227473,-0.145483,0.016369,0.033386,-0.017831,-0.027032,0.285365,-0.034541,0.070589,-0.086409,0.201863,-0.180713,-0.083975,0.152299,-0.083996,0.114707,-0.067787,-0.122341,0.020451,-0.130943,-0.028973,0.236657,0.03974,0.194548,0.030956,-0.054224,0.144187,0.086051,-0.051175,-0.015609,-0.046832,0.053275,-0.018166,-0.126019,-0.046241,0.062996,0.063032,-0.20551,0.152904,0.027376,-0.022164,-0.145037,0.013747,-0.285654,0.046426,-0.130779,-0.040431,0.233434,0.003032,0.317832,-0.06926,-0.074536,-0.252684,-0.077203,0.040598,0.037781,-0.286012,-0.043741,-0.262905,0.167175,-0.376279,0.231165,-0.108086,-0.306769,-0.175749,0.063257,-0.03339,0.075555,-0.057434,-0.151652,-0.003688,-0.27079,-0.031718,-0.05626,0.091573,0.011364,0.134372,0.009216,-0.221793,0.122205,-0.070772,0.207564,-0.020155,0.034796,0.31151,-0.048179,-0.138321,0.158382,0.175512,0.015406,0.230297,0.126259,-0.040994,0.026044,0.010604,-0.039372,-0.243195,-0.108767,0.005149,0.023943,-0.122349,-0.072006,-0.032286,0.170545,0.126235,-0.233009,0.139457,-0.159326,-0.011811,0.152524,0.221481,0.084124,0.236901,0.076625,-0.164782,0.169212,0.151849,0.042611,-0.230605,0.054686,-0.084463,0.173481,0.069981,0.102102,0.151814,0.10652,0.067531,0.137713,0.218663,0.249558,0.168384,0.123267,0.187687,-0.325595,-0.153465,0.003559,0.147237,0.054758,-0.089795,-0.24385,#
11,-0.16044,0.009345,-0.118814,-0.147971,-0.102655,0.210393,0.051479,0.040598,0.166976,-0.008789,-0.175027,1.0,-0.012406,0.185775,-0.072382,-0.057009,-0.040007,0.006216,-0.037517,-0.142799,0.206545,-0.18225,0.048126,0.101904,0.101912,0.000204,0.071653,0.132535,-0.076975,0.011232,-0.035668,-0.007995,-0.060636,0.105883,-0.144346,0.062356,-0.089081,0.046458,0.069285,-0.097113,-0.137694,0.216016,-0.122205,-0.175977,-0.1454,0.197105,-0.031607,-0.062802,0.014952,0.078995,-0.19613,0.013649,-0.142186,0.269954,-0.176389,0.014555,-0.293623,0.045304,-0.178211,0.036564,-0.101972,-0.266883,0.06273,0.144812,0.077866,0.284101,-0.073514,0.038551,0.311358,-0.19783,-0.074004,-0.037369,0.034347,0.121965,0.044588,-0.048804,-0.16452,0.170203,-0.246533,-0.003639,-0.211453,-0.183525,0.021033,-0.004686,0.022698,-0.299238,-0.118269,-0.039603,-0.008453,0.040836,0.015743,-0.208775,-0.206206,0.020744,0.007959,-0.198752,-0.071588,0.003818,-0.198963,-0.093081,0.214992,0.042292,-0.263503,0.033436,-0.093306,0.100718,0.000409,0.06069,0.07314,0.15355,-0.054039,-0.103973,-0.204772,-0.167556,-0.030003,0.016043,-0.000868,0.140907,-0.002486,-0.044188,0.074388,-0.166486,0.017971,-0.174564,0.004002,-0.186914,0.094006,-0.081244,0.033745,-0.080059,-0.099619,0.032882,-0.220749,0.029683,-0.110733,0.099342,0.11078,-0.096051,-0.172353,-0.213829,-0.071997,0.118124,0.035971,0.129577,0.038351,-0.131789,-0.015957,0.029958,-0.119899,0.014762,0.059323,0.288872,-0.151054,0.251378,0.071717,0.125669,-0.027081,0.189241,-0.051053,-0.173065,-0.113351,-0.080814,0.119634,-0.235733,-0.245455,0.083399,-0.047981,0.029979,0.255197,0.041919,0.043373,0.289085,-0.08722,-0.203676,0.059805,-0.124584,-0.040297,0.215039,-0.005705,0.136968,-0.01247,-0.169786,-0.018151,-0.140417,0.292107,0.251518,-0.079845,0.094758,0.124223,-0.02165,0.098732,0.346816,-0.043786,0.207734,-0.063445,-0.114224,0.119286,-0.294593,-0.09627,-0.096696,#
12,0.327012,0.063997,-0.011105,-0.302451,-0.011508,0.101161,0.383808,0.483291,0.011209,0.334116,0.055465,-0.012406,1.0,0.593316,0.051107,0.143315,-0.113447,0.156686,0.29051,0.244204,0.108268,0.130084,0.297587,0.08399,-0.073523,-0.359668,-0.091952,0.007208,0.23654,0.255587,0.043737,0.019622,0.118076,0.014098,-0.295474,0.204352,0.257588,-0.075824,-0.080802,-0.031847,0.038871,0.189603,0.133478,-0.14557,-0.19816,-0.503195,0.206918,0.058667,-0.042291,0.030619,-0.103982,-0.017208,0.281239,-0.046526,0.1978,0.119421,-0.173842,-0.281803,-0.038717,-0.028003,0.451866,0.102403,-0.253618,0.178645,0.018833,0.162688,-0.152835,0.157482,0.166127,0.026477,0.195201,0.134317,-0.326427,-0.374187,-0.327541,0.092108,-0.18622,-0.051683,-0.069361,-0.080231,0.024269,-0.219281,-0.251351,-0.247199,-0.292911,0.051283,-0.086173,0.000344,-0.113169,-0.22723,-0.298386,-0.252923,-0.425943,-0.005629,-0.188975,-0.187971,-0.287978,-0.215478,-0.190181,-0.469293,-0.001541,-0.248068,-0.185981,-0.15744,-0.084681,-0.097412,-0.323323,-0.220283,-0.029938,-0.36678,0.036537,0.099738,-0.373848,-0.268533,0.080159,-0.295202,-0.054972,-0.070704,0.091202,-0.270797,-0.13648,-0.426978,-0.203428,-0.288364,-0.268462,-0.055912,0.221,0.26494,-0.220262,-0.141803,-0.116869,-0.016039,-0.337709,0.10616,-0.053402,-0.178434,0.136624,-0.255082,-0.047518,-0.200207,-0.159363,0.158112,-0.175067,-0.232059,-0.207644,0.126291,-0.279822,0.254014,-0.267895,-0.337965,-0.338227,-0.140042,-0.107069,-0.243156,-0.01779,-0.383932,0.243156,0.124748,-0.273039,-0.29767,0.080996,-0.152492,-0.007212,0.068665,0.26478,0.219814,0.116318,0.103872,-0.206895,0.043077,-0.181217,-0.136722,-0.33455,-0.08948,0.204011,-0.302574,-0.023852,0.138655,0.291115,-0.402033,0.174433,0.176675,0.036019,-0.01226,0.120706,-0.098037,0.213474,0.058976,-0.231762,0.42063,-0.261573,-0.111469,0.366692,0.092896,0.06987,0.004448,0.019494,-0.027039,0.106132,0.164017,#
13,0.251715,0.189627,-0.054399,-0.372249,-0.237987,0.138015,0.303483,0.287506,0.145354,0.636657,-0.190252,0.185775,0.593316,1.0,0.230696,0.224175,-0.271368,0.208996,0.301537,0.172786,0.194356,0.105215,0.367141,0.170874,0.01195,-0.153661,0.070346,0.038658,0.244868,0.398072,0.138486,0.207387,0.177414,-0.113664,-0.332731,0.129002,0.162442,-0.121593,0.108738,-0.266099,0.083786,0.389002,-0.064748,-0.049893,-0.003127,-0.513648,0.294341,0.092738,-0.139557,0.119706,0.001654,-0.156742,0.222846,-0.21221,0.065138,0.027991,-0.116115,-0.346727,-0.210921,0.006834,0.586208,0.113955,-0.365214,0.039312,0.128903,0.358346,-0.240655,0.210173,-0.059675,-0.154796,-0.173579,0.345661,-0.254766,-0.212661,-0.327418,0.032665,-0.399047,-0.24815,-0.183987,0.061738,0.026112,-0.495578,-0.43407,0.020962,-0.418638,-0.008232,-0.207325,-0.036455,-0.008678,-0.33648,-0.159106,-0.233383,-0.468555,0.065775,-0.190739,-0.138265,-0.458855,-0.251636,-0.012517,-0.402774,-0.018147,-0.226624,-0.315916,-0.245368,-0.107024,-0.173578,-0.214098,-0.230234,0.02787,-0.327583,0.088058,0.264468,-0.474192,-0.230556,0.09488,-0.138884,-0.232117,-0.15543,0.417581,-0.402783,-0.145242,-0.403561,-0.005028,-0.281105,-0.378367,0.001187,0.202956,-0.066374,-0.335729,-0.325834,-0.244145,0.064096,-0.40543,-0.126009,-0.363665,-0.389242,0.159924,-0.280254,0.138736,-0.461994,-0.11189,0.126015,-0.128484,-0.393276,-0.394629,-0.075062,0.006142,0.305456,-0.458925,-0.26489,-0.290953,0.017281,-0.135945,-0.36178,-0.033046,-0.267216,0.505628,0.268412,-0.180863,-0.344321,-0.032007,0.033493,-0.026608,-0.210097,0.175335,0.330017,-0.154567,-0.022681,-0.240924,-0.155345,-0.312273,0.021835,-0.307501,-0.281134,0.233349,-0.285387,-0.079532,0.114993,0.48162,-0.393593,0.350657,0.020695,-0.356721,-0.049273,0.396028,0.059676,0.203448,-0.001064,-0.352906,0.31949,-0.303549,-0.067641,0.183748,0.254952,-0.177252,-0.17373,0.13724,-0.229105,0.242168,0.301576,#
14,-0.127526,0.239113,-0.211846,-0.119683,-0.158282,0.055611,-0.032891,0.156593,0.14107,0.221478,-0.296812,-0.072382,0.051107,0.230696,1.0,-0.04593,-0.131395,0.204749,0.206716,0.150627,0.239674,0.093214,0.116805,0.15871,-0.11153,0.020402,0.149184,0.085754,0.086109,0.057105,-0.062357,0.198963,0.025232,0.163328,-0.287864,-0.287196,-0.065172,0.013983,0.004849,-0.149228,0.109058,0.318819,-0.039902,0.245893,0.359266,-0.228246,0.075993,0.07453,0.177953,-0.11539,0.13236,-0.08562,0.085028,-0.078827,0.156489,0.213779,0.146855,-0.293189,-0.120781,-0.091957,0.222852,-0.016601,-0.22166,0.239918,0.2255,0.059584,-0.106193,-0.090568,0.02312,0.041165,0.123899,0.093046,0.167594,-0.008,-0.078602,-0.114007,-0.026885,0.157662,-0.016671,0.175839,0.111997,-0.253126,-0.087358,0.033087,-0.096742,0.205345,0.06902,0.01867,0.100986,-0.216126,0.077242,0.026307,0.027613,0.253916,-0.011299,0.066951,-0.204319,-0.021822,0.021077,-0.16857,-0.097533,0.0576,-0.06758,-0.153904,-0.16276,-0.186232,-0.276183,0.104285,-0.02574,-0.071704,0.085677,0.155389,0.02175,0.083616,0.066535,-0.018765,-0.163689,-0.070675,0.305812,-0.339307,0.095024,-0.261209,-0.108906,0.006449,-0.238599,-0.254289,-0.057519,0.165493,-0.229603,0.070065,-0.008763,0.162658,-0.131972,-0.253386,-0.116257,-0.076162,0.062583,0.068242,0.017223,-0.208917,-0.160949,-0.167977,-0.201937,0.020766,-0.142135,-0.081648,0.052599,-0.124152,-0.054996,0.044849,-0.186574,-0.249815,0.046101,-0.080934,-0.144332,-0.075527,0.362695,0.051229,-0.126752,0.038723,0.05374,0.092951,0.060596,0.005296,-0.057649,0.266811,0.040419,-0.099859,-0.197739,-0.126962,-0.239753,-0.113819,-0.131898,0.194783,0.08485,-0.132129,-0.065528,0.005011,0.401185,-0.078554,0.181854,0.152826,-0.226371,0.044122,0.042804,-0.094206,0.229432,-0.099396,-0.121797,0.000696,-0.061681,-0.120956,0.095461,0.089491,-0.070295,-0.026695,0.047389,-0.161682,0.183233,0.006872,#
15,0.161454,0.037399,-0.104748,-0.193414,-0.070008,0.066482,0.152588,0.009227,-0.073674,0.176221,-0.019082,-0.057009,0.143315,0.224175,-0.04593,1.0,-0.003956,0.233357,0.16406,0.078032,-0.199969,-0.068879,0.240001,-0.073379,0.008804,-0.073854,-0.083609,0.078442,0.210767,0.209441,0.216673,-0.035129,0.196291,-0.186569,0.028524,0.093996,0.357635,0.000435,0.09031,-0.008633,0.080381,0.025547,0.215219,0.074132,-0.035902,-0.137767,0.122832,0.015222,-0.01452,0.279602,0.233031,0.066105,-0.070017,-0.075946,0.218082,-0.048778,-0.072217,-0.18987,-0.015223,0.078871,0.116796,0.192189,-0.118056,0.124491,-0.07873,0.06516,-0.153209,0.110813,-0.391875,0.064455,-0.039094,0.258665,0.057469,-0.206931,-0.012986,0.276121,0.007891,-0.179225,0.127223,-0.012466,0.196228,-0.06757,-0.17545,0.209555,-0.034938,-0.216811,-0.186029,-0.192355,-0.093928,0.069151,-0.039993,0.100244,-0.196715,0.202528,-0.025527,-0.205217,-0.093453,-0.249007,0.018507,0.018873,0.010507,-0.087643,-0.295404,0.089125,0.017337,-0.047685,-0.041367,0.062073,0.03936,-0.016359,-0.121121,0.151863,-0.179711,-0.171326,-0.007663,0.085854,0.022396,-0.20633,0.103518,-0.221633,-0.175672,-0.039783,-0.181095,-0.113354,-0.102941,0.025921,-0.054344,0.17277,-0.182303,-0.260839,-0.164406,0.023546,-0.066528,0.15395,-0.17173,-0.167242,-0.075893,-0.189681,0.009429,-0.271143,0.026827,0.201607,-0.130601,-0.215339,-0.116655,0.158089,0.229569,0.259005,-0.267902,-0.34572,-0.091436,-0.110754,0.008664,0.008421,0.075576,-0.050911,0.043386,0.293303,-0.222369,-0.235604,0.231757,-0.17111,-0.079189,-0.163073,0.163474,0.155284,-0.181298,0.176465,-0.114177,-0.135431,0.163018,0.154682,0.062921,-0.260893,-0.013923,-0.074893,-0.115393,0.172832,0.141699,-0.323273,0.232564,-0.138744,-0.219459,0.183814,0.21786,-0.16085,0.181921,-0.014013,-0.147847,0.004059,-0.139177,-0.08317,0.172514,0.123971,-0.067604,-0.064555,0.126386,-0.070765,0.197196,0.287471,#
16,-0.128023,-0.120199,-0.224287,0.176924,0.18993,0.221664,0.047579,0.065775,-0.24034,-0.367169,0.004468,-0.040007,-0.113447,-0.271368,-0.131395,-0.003956,1.0,-0.093914,0.067303,-0.062704,-0.089499,-0.257976,-0.123749,-0.24411,-0.345616,0.066515,-0.182197,-0.072465,0.026092,-0.197452,-0.178796,-0.036557,0.094977,0.191676,0.086348,0.199677,-0.206895,-0.20286,-0.251736,0.319788,-0.204162,-0.259342,0.043998,0.1437,-0.172317,0.183266,-0.211444,-0.369558,0.111926,0.202827,0.187418,0.170035,-0.03985,0.055992,0.055063,0.118436,0.276031,0.165878,0.211858,-0.145034,-0.240387,0.150128,0.374847,-0.148398,-0.322573,0.087862,0.035295,-0.046868,-0.214702,-0.212945,-0.195774,-0.329641,-0.095684,-0.094408,0.076834,-0.015923,0.098505,-0.085884,0.05432,0.103503,-0.06382,0.270871,0.269969,-0.217038,0.168158,-0.043642,0.067085,0.149948,-0.16982,0.017716,-0.034101,0.189662,0.017777,-0.131402,0.131869,-0.098183,0.114212,-0.087835,-0.139247,0.140236,0.07408,0.055708,0.207214,0.010065,-0.026285,0.074742,0.203586,-0.069288,-0.004697,0.061812,-0.310041,-0.026678,0.249167,0.136041,-0.172867,0.033387,0.084718,0.192432,-0.263718,-0.006356,-0.004519,0.050319,-0.107496,-0.11515,0.109803,-0.207806,-0.385431,-0.180878,0.095622,-0.031869,-0.137311,-0.207095,0.20584,0.079671,0.142769,0.045195,0.210915,-0.22571,-0.185266,0.061025,-0.048838,-0.053068,0.006758,0.403279,0.117022,-0.022375,0.058228,-0.095595,-0.025022,-0.097971,0.116684,-0.123234,0.060633,0.155705,-0.239581,-0.009143,-0.31083,-0.052393,-0.083072,0.323634,-0.082552,-0.041877,-0.001062,-0.26867,-0.127939,-0.023905,0.154379,-0.178442,0.074542,0.100056,-0.019478,0.152103,-0.075074,-0.026339,-0.117527,-0.026153,-0.069556,-0.071307,-0.235916,0.066052,-0.408679,-0.003218,0.560853,0.03894,-0.071169,-0.141082,-0.020063,0.124462,0.350309,-0.273336,0.10456,0.21183,-0.093804,-0.297239,-0.024135,-0.031858,0.092656,0.070557,-0.439518,-0.14802,#
17,-0.317446,0.125798,0.196501,0.094007,-0.173044,-0.01392,0.169187,0.104764,0.242973,0.309774,-0.122698,0.006216,0.156686,0.208996,0.204749,0.233357,-0.093914,1.0,-0.023755,0.39424,-0.223699,-0.00226,0.177206,0.063743,0.188431,0.223986,0.070323,0.066513,0.028203,-0.029961,0.042966,-0.159334,-0.037072,-0.102118,-0.206027,-0.009431,-0.072463,-0.056063,0.127611,-0.249685,-0.054546,-0.052373,0.142286,0.074813,0.062914,-0.157027,0.012085,0.311664,0.081578,0.043179,-0.030235,0.04923,0.066502,0.12107,0.044051,0.146589,0.028283,-0.224827,-0.082188,-0.148587,0.090736,-0.168571,-0.154171,0.046994,0.079139,0.14198,-0.019326,0.155296,-0.03541,0.24467,0.184671,0.293022,-0.035205,-0.265995,-0.038093,-0.054007,0.065267,-0.137046,0.090115,-0.000253,0.134226,-0.164716,-0.309832,0.252746,-0.268062,0.141747,0.000723,-0.164583,-0.16265,-0.020524,-0.117835,0.026268,-0.234543,0.371741,-0.133667,-0.068222,0.069341,-0.160768,0.048687,-0.021575,-0.262342,-0.032159,-0.017946,0.21753,-0.115581,-0.102275,0.042055,-0.151303,0.006052,-0.104535,0.090596,0.006054,-0.02652,-0.208623,0.017857,-0.065003,0.038522,-0.105233,0.355403,-0.397249,0.033211,-0.228418,-0.196256,-0.14127,-0.098763,0.081324,-0.014871,0.152251,-0.178603,-0.106076,0.086675,0.184522,-0.162733,-0.079845,0.001493,-0.103514,0.041312,-0.100919,-0.066627,-0.104142,-0.094762,0.038185,0.004149,-0.29168,-0.167653,-0.004083,-0.122931,0.387801,0.085339,-0.130916,-0.147121,-0.037114,0.070613,-0.191965,0.008972,-0.136546,0.00767,0.43571,-0.017628,-0.043722,0.120571,0.224381,-0.228495,0.19411,0.164179,0.307835,-0.013296,-0.167299,-0.200976,0.103596,-0.107724,-0.184419,-0.032778,-0.004179,0.106281,-0.089819,-0.151987,-0.055717,0.164659,-0.230698,0.303443,-0.092439,-0.202648,-0.104611,0.154932,-0.229898,0.245956,0.28203,-0.328196,-0.081398,-0.002105,-0.31175,-0.01472,0.200286,-0.125062,-0.202021,0.013006,0.016016,0.118894,0.180645,#
18,0.36265,0.244201,-0.010122,-0.179671,0.090788,0.18895,0.286475,0.180785,-0.08216,0.100009,0.064739,-0.037517,0.29051,0.301537,0.206716,0.16406,0.067303,-0.023755,1.0,-0.007344,0.166724,0.107075,0.13227,0.006256,-0.028955,-0.033028,-0.096984,0.106506,0.165262,0.18844,-0.188872,0.129594,-0.068753,0.08842,-0.080213,0.081888,-0.012878,0.033397,-0.131162,0.124171,0.303194,0.205064,-0.023123,0.178033,0.176953,-0.119904,0.100286,-0.142131,-0.120929,-0.037043,0.113153,-0.009195,0.257509,-0.224848,0.219497,0.048782,-0.034176,-0.229062,-0.02375,-0.182787,0.27474,-0.181348,-0.144993,0.225999,-0.077206,0.231719,-0.223774,-0.055325,-0.012211,-0.199825,-0.063927,0.063951,-0.244335,-0.113089,-0.192265,-0.039215,-0.178262,-0.159335,-0.167603,0.053799,0.09915,-0.142319,-0.073484,-0.238394,-0.058962,-0.153008,0.00484,-0.049411,-0.036041,-0.18775,-0.246199,-0.264245,-0.042521,-0.278549,0.074315,-0.075323,-0.166627,-0.235058,-0.07319,-0.089941,0.141098,0.01295,-0.094928,-0.459281,-0.166463,0.032631,-0.248737,-0.050919,-0.080118,-0.06419,-0.01058,0.208143,-0.143487,-0.047755,0.128829,0.20315,-0.046424,0.018886,0.186722,-0.127279,-0.17948,-0.047157,-0.126238,-0.206279,-0.305388,-0.051993,0.137494,-0.060896,-0.071324,-0.014068,-0.266359,-0.133072,-0.034496,0.016587,-0.200791,-0.094675,0.060418,-0.055672,0.036705,-0.254515,-0.435127,-0.040336,-0.166485,-0.067774,-0.106018,-0.077084,-0.10927,0.117491,-0.353148,-0.196015,-0.307926,-0.123201,-0.116439,-0.180192,0.074176,-0.265144,0.169627,-0.021759,-0.261538,-0.173404,0.003656,0.04182,-0.017396,-0.212757,0.034162,0.000801,0.209606,0.089547,-0.092144,-0.139217,0.007191,0.155828,-0.047619,0.028329,0.195822,-0.045907,0.01625,0.155118,0.338181,-0.127529,-0.093079,0.137365,0.093476,0.242602,0.260353,0.008599,0.489489,-0.007904,0.043871,0.188689,-0.14663,0.05856,0.286701,0.001617,-0.175227,-0.089736,0.34188,-0.107679,-0.063463,0.079733,#
19,-0.071469,0.039831,0.133573,-0.078532,-0.129489,-0.03407,0.055842,-0.040107,0.07087,0.167212,-0.033932,-0.142799,0.244204,0.172786,0.150627,0.078032,-0.062704,0.39424,-0.007344,1.0,0.122631,0.155599,0.120821,0.081417,-0.23769,-0.184768,0.125741,-0.204869,0.090984,-0.248696,0.186587,0.338025,0.290534,0.175118,-0.121179,-0.244647,0.164754,0.092182,-0.233881,-0.113739,0.129705,0.044171,-0.004616,-0.183746,-0.084824,-0.450183,0.19858,0.308109,0.27519,-0.215793,-0.108592,-0.135696,0.428959,-0.159962,-0.21946,0.11582,0.032063,-0.287702,0.263841,-0.1644,0.305778,-0.137061,-0.249451,-0.130152,0.126272,0.037856,-0.081795,-0.072697,0.100064,0.263456,-0.092818,0.20848,0.115358,-0.292067,-0.053529,-0.339633,0.153034,0.019176,0.484628,0.175807,0.291676,0.053076,-0.068454,-0.156396,0.156944,0.500494,0.057737,-0.246548,0.087446,-0.16137,-0.024841,0.361372,-0.058724,0.077006,-0.033549,0.199089,0.102196,0.087732,0.179504,0.067467,-0.491082,0.062209,0.16016,0.08673,0.337344,0.08905,0.021809,-0.237284,0.125535,-0.303684,0.308361,-0.164153,-0.009487,0.159377,0.170102,-0.068051,-0.052235,-0.015906,0.143295,-0.358983,0.230407,-0.133485,-0.130557,-0.141294,-0.121664,0.333251,0.104463,0.188945,0.252207,0.31784,0.445011,0.028118,0.112641,-0.00969,0.331164,0.142768,0.030804,0.040578,0.155528,0.098806,-0.019839,0.267312,0.023677,-0.295761,-0.01023,0.171612,0.137254,-0.070131,0.07879,0.088012,0.039056,0.064541,0.386816,0.064456,-0.139847,0.106444,0.410765,-0.021883,-0.066819,-0.12878,0.32864,0.155335,0.043142,0.13617,0.048102,0.131919,0.366414,-0.059416,-0.090237,0.252026,-0.429433,-0.209891,-0.134311,0.088335,-0.199439,0.062652,0.123693,-0.341802,0.077128,-0.036352,0.180455,-0.03354,-0.197315,-0.014323,-0.22243,-0.249378,0.375354,0.307648,-0.237623,-0.056059,0.071472,-0.395552,-0.298448,0.015575,0.006283,-0.225269,-0.277419,0.041728,0.382915,-0.019398,#
20,0.228765,0.213012,-0.086595,-0.004536,-0.261172,0.104649,-0.065187,0.152393,-0.219538,-0.059978,-0.092648,0.206545,0.108268,0.194356,0.239674,-0.199969,-0.089499,-0.223699,0.166724,0.122631,1.0,0.087532,-0.16891,-0.118333,-0.072501,-0.209746,0.036592,-0.214073,-0.116087,-0.033497,0.133283,0.182779,0.153024,0.296699,-0.31457,-0.341483,0.123621,-0.082453,0.100286,-0.250202,0.211074,0.365713,-0.259977,0.030187,0.045575,-0.182876,0.039194,-0.049884,0.087379,-0.251324,-0.339821,0.030448,0.341266,0.084694,0.004276,-0.021264,-0.091576,-0.059935,-0.341765,0.038569,0.114265,0.00972,0.036562,0.127607,0.221242,0.013713,-0.352677,-0.043721,0.142932,-0.141394,-0.122641,0.139528,-0.108515,0.057071,-0.335922,-0.234499,0.017216,0.360822,0.115457,0.149756,0.070651,-0.200336,0.195405,-0.178518,0.032901,0.005799,-0.033488,0.251091,0.241713,-0.095564,-0.057373,0.008443,0.073083,-0.123886,0.141956,0.115712,-0.236794,0.06012,0.09828,-0.038284,0.06222,0.171467,-0.002805,-0.116038,0.021881,-0.054123,0.089278,0.081322,-0.085278,-0.056624,0.134935,0.063419,-0.223566,0.132966,0.283854,0.121149,-0.058218,-0.013814,-0.065725,0.004793,0.04793,-0.113013,-0.130189,0.034802,-0.147198,-0.181501,-0.001409,-0.224141,-0.221525,0.20204,0.19134,-0.045163,-0.009823,0.132601,-0.068948,0.228424,0.085649,0.179008,0.220424,-0.157319,-0.05628,0.179277,0.149593,0.166676,-0.004836,-0.177234,-0.037399,-0.228873,-0.07329,0.083686,0.052756,0.065457,-0.015669,-0.039747,0.085038,0.049875,0.360223,-0.189835,-0.134823,-0.132671,0.023901,-0.041143,0.225883,-0.26965,-0.243005,-0.119485,0.1492,0.170135,0.233253,-0.1876,-0.108407,0.155933,-0.115949,-0.065342,-0.035382,-0.075416,0.062773,-0.290656,0.033007,0.296576,-0.129411,-0.051941,0.070707,0.084347,-0.000513,0.108083,-0.004967,-0.2167,-0.08494,0.261312,-0.073301,-0.007077,-0.130097,-0.12141,-0.017611,-0.125695,0.171155,-0.382611,-0.1083,-0.071603,#
