0,1.0,0.161836,-0.191196,-0.130992,0.081464,0.086961,0.381526,-0.341635,0.053359,0.026301,0.444383,0.152316,0.228658,0.198779,0.156369,-0.025724,-0.019595,-0.32593,0.392642,-0.060447,-0.002441,0.031738,0.111195,0.055944,0.006426,-0.007622,-0.146863,0.166679,0.300917,-0.009626,-0.29014,-0.005606,0.141268,-0.169769,0.362472,0.005346,0.115507,0.035844,0.116554,0.040557,0.008888,0.097472,0.024205,-0.052323,0.135235,0.064197,0.217544,0.225073,-0.268177,-0.098947,0.017852,-0.179989,0.10538,-0.15408,0.051411,0.019234,-0.04582,0.261853,-0.078152,-0.164089,0.165751,0.073127,-0.26056,0.150265,-0.297264,0.062205,-0.005534,-0.066939,-0.179906,-0.134109,0.046554,0.030154,0.108146,-0.21417,-0.062517,0.118506,-0.431541,-0.057836,-0.27143,-0.010135,-0.103372,-0.128646,-0.05743,-0.367441,-0.044228,-0.064774,-0.08341,-0.14824,-0.128532,-0.119506,-0.393923,-0.171989,0.039928,-0.33505,-0.1398,-0.255461,-0.092508,-0.433719,-0.274701,-0.138532,0.275802,-0.106009,-0.127634,-0.208462,-0.155175,-0.227874,-0.183111,-0.000949,-0.214891,-0.102969,-0.058389,0.084223,-0.230858,-0.201554,-0.060096,0.054144,-0.067856,-0.032409,0.052772,-0.104703,-0.234182,0.034372,-0.106957,0.20212,-0.19954,-0.037288,-0.216535,0.156903,-0.312155,-0.184967,-0.307,-0.349682,-0.136839,0.288164,-0.088108,-0.132047,-0.062436,-0.239782,0.305677,-0.138789,-0.118969,0.06897,0.023658,-0.259755,-0.188405,-0.050713,-0.124743,0.049927,-0.308899,-0.285199,-0.00375,-0.104194,-0.381783,-0.041843,0.060162,-0.153214,0.061429,0.145503,-0.272479,0.006328,-0.050394,-0.167367,0.009817,-0.30087,0.035316,0.122193,0.144682,0.073454,-0.276444,-0.155569,0.226144,-0.282825,0.079193,0.083095,0.055749,-0.097497,-0.195125,0.049054,0.113789,-0.41663,0.067479,0.098778,-0.043502,0.234215,0.112027,-0.16823,0.248042,-0.000649,0.184074,0.23736,-0.410942,0.225043,0.361554,0.0043,-0.001521,0.18355,-0.10854,-0.166579,-0.026242,-0.210217,#
1,0.161836,1.0,-0.057704,-0.084992,-0.032894,-0.026846,0.123809,-0.107744,-0.06647,0.233215,-0.002449,0.011848,0.160296,0.255483,-0.052097,0.132872,0.243378,0.042528,0.279376,-0.091673,0.178832,0.107643,0.045294,-0.304726,0.009712,-0.289365,-0.286117,0.055099,0.202253,0.010523,0.006559,-0.053233,0.101209,-0.044847,0.26434,0.071776,-0.028645,-0.19222,0.188141,-0.211181,0.103555,0.04149,-0.055632,-0.014938,-0.149517,0.007882,-0.105074,0.066147,0.10765,0.268632,-0.009905,-0.149984,0.032353,0.177005,0.060453,-0.068674,0.210949,-0.139522,-0.049412,-0.121917,0.03578,-0.084646,-0.044752,0.02788,0.145424,0.304532,-0.228241,0.085979,-0.114671,-0.093102,-0.064584,-0.139779,-0.205731,-0.048902,-0.074918,0.127418,-0.086464,-0.051975,0.138419,-0.104323,-0.104802,-0.233662,0.017885,-0.022222,-0.16153,-0.030866,-0.042015,0.038142,-0.008826,-0.140693,-0.129587,0.017969,-0.08582,-0.1245,-0.044792,-0.06555,-0.060121,0.061705,0.176997,0.04822,-0.063461,-0.015838,0.03285,0.076369,-0.123846,-0.126322,0.103578,-0.050998,-0.345925,-0.166691,0.302392,-0.161838,-0.135535,0.034422,-0.157272,-0.150149,-0.144431,-0.154175,-0.041878,-0.151563,-0.206444,0.032732,-0.30799,-0.197879,-0.192085,-0.277998,-0.146309,-0.104342,-0.249995,-0.207581,-0.022716,-0.265366,-0.292797,-0.012286,-0.306521,-0.096234,0.084088,0.060466,0.148166,-0.254569,-0.026691,-0.125658,0.105465,-0.119234,-0.021585,-0.181845,-0.411171,0.098345,0.134593,0.077844,-0.036811,0.145291,0.142369,-0.187741,0.018897,-0.282979,0.148098,0.239569,-0.003735,0.227423,-0.032642,0.014679,-0.041323,0.074126,-0.171665,0.334466,0.280089,0.159893,-0.159138,-0.236159,0.135296,0.062511,-0.109053,-0.05895,0.05831,-0.190044,-0.061124,0.162927,0.121449,-0.229643,0.215972,-0.165577,0.115725,0.140308,0.233365,-0.162401,0.131143,-0.163781,-0.037617,0.204031,-0.150646,0.289758,-0.141871,0.130344,-0.028714,0.093371,0.071783,-0.126458,-0.004701,0.157977,#
2,-0.191196,-0.057704,1.0,-0.313614,-0.05303,-0.142779,0.058374,-0.147975,0.131723,0.056914,-0.136163,-0.202215,0.082924,-0.010169,-0.222921,0.060238,-0.068095,0.288481,-0.151825,0.110547,-0.168756,-0.035545,-0.108461,0.028366,-0.004452,0.049504,0.071442,-0.163036,-0.036006,-0.133425,-0.088064,0.152401,-0.250128,0.195719,-0.097113,0.060393,-0.020336,0.343091,-0.049188,-0.093818,0.101337,-0.09406,-0.047509,-0.061801,-0.04982,-0.281624,-0.222746,-0.159905,-0.006104,0.06169,0.043284,-0.159134,0.150997,-0.13068,-0.178416,-0.057732,-0.003037,-0.260163,0.133622,-0.176193,0.138523,-0.048518,0.048594,-0.192203,0.293162,0.145738,0.062842,-0.026335,0.184868,0.135479,-0.176382,0.060126,-0.418276,0.042341,-0.071318,-0.123506,-0.044686,-0.004128,0.025537,-0.002513,0.145934,0.060721,0.163167,0.08358,-0.094633,0.1327,0.19301,-0.033561,-0.066936,0.231036,0.006061,-0.017715,0.018314,0.074655,-0.027705,0.111631,-0.000798,-0.027446,0.062267,0.088132,-0.25743,-0.178894,0.141151,0.145895,0.159655,0.087114,0.073414,-0.083833,0.201922,-0.048345,-0.04655,-0.126747,0.055469,0.104518,0.306058,-0.102464,0.081745,0.259541,-0.161175,-0.089931,0.08954,0.136712,-0.025558,-0.34802,-0.20172,0.146695,0.36021,-0.031844,0.245663,0.053228,0.281524,0.023493,-0.072758,0.077496,0.176126,-0.160943,0.189928,0.219316,-0.346806,0.253004,0.001497,0.135765,0.032913,-0.103971,-0.002487,-0.052565,0.031987,0.066845,-0.011891,0.153769,-0.08149,0.230001,0.061765,-0.008888,0.172271,0.053773,0.047343,-0.048493,0.092841,-0.1049,0.132394,-0.057107,-0.017533,0.186634,0.002961,-0.112053,-0.016655,-0.003654,0.21243,0.029015,-0.209791,-0.066787,-0.06069,0.041205,-0.249727,0.210401,0.145081,-0.078025,-0.010779,-0.136465,-0.094637,0.089735,0.071156,-0.132909,-0.169133,0.138711,0.150557,0.028351,-0.191225,-0.430698,0.20917,-0.197659,-0.297686,0.13621,-0.105741,-0.013985,0.048142,0.183778,0.191146,0.177767,#
3,-0.130992,-0.084992,-0.313614,1.0,-0.151096,-0.011934,-0.132806,0.207308,-0.399238,-0.230083,0.043613,0.093559,-0.167255,-0.3441,0.082437,-0.177796,0.100873,0.053606,-0.097516,-0.139616,0.234518,-0.232794,-0.346483,0.006862,0.105777,0.154534,-0.113329,0.121199,-0.089428,-0.248505,0.332362,-0.245825,0.077325,-0.052265,-0.214944,0.051527,-0.236672,-0.26769,0.113157,0.145781,-0.030469,-0.119725,-0.045397,0.104946,0.087515,0.341971,-0.072446,-0.274161,0.080549,-0.213927,-0.162407,0.466692,-0.085276,0.257499,0.286294,-0.265991,0.17501,0.28649,-0.123853,-0.117225,-0.514206,-0.066198,0.147369,0.057985,-0.161283,-0.27864,0.03096,0.049537,-0.100087,-0.009894,0.066825,-0.163595,0.037323,0.19586,0.201115,-0.121828,0.204092,0.230312,0.045356,-0.006394,0.036347,0.103065,0.118441,0.096184,0.114296,-0.093296,0.152656,0.165645,0.200034,0.038397,0.108212,0.025565,0.035397,-0.118013,0.156072,0.225094,0.249699,0.091665,0.049655,0.190308,0.224622,0.167925,0.30681,0.206091,-0.106335,0.034936,0.118155,0.232238,-0.088145,0.057112,-0.123819,0.049985,0.180301,0.081207,-0.009578,0.180979,0.184222,0.18898,-0.109904,0.30842,0.206592,0.130151,0.021146,0.266595,0.296272,0.111229,-0.368776,-0.167206,0.024873,0.238909,-0.199557,0.388671,0.313452,-0.05556,0.124387,0.115197,0.002452,-0.117059,-0.061736,0.069707,0.074368,-0.080851,0.304102,0.188258,0.285492,-0.051339,0.124047,-0.189427,0.168021,-0.105994,0.213869,-0.132069,-0.056707,0.091164,0.176564,0.045024,-0.319318,-0.230403,0.13749,0.041002,0.06672,0.086717,0.087847,-0.083913,-0.045512,-0.303449,0.080122,-0.102033,0.040077,0.011432,0.192878,0.255382,0.085698,0.246076,0.081134,0.116644,-0.132449,-0.08683,-0.379781,0.430112,-0.408344,0.195275,0.058741,-0.1691,-0.053736,-0.074552,-0.140664,-0.043748,0.251617,0.075249,0.068157,-0.183141,-0.081012,-0.220845,-0.004004,-0.053748,-0.039319,-0.292495,-0.322373,-0.081421,#
4,0.081464,-0.032894,-0.05303,-0.151096,1.0,0.061157,0.047162,-0.04789,-0.042309,-0.092437,0.236983,-0.052721,-0.090719,-0.272633,-0.045207,-0.088272,0.17786,-0.162986,0.12247,-0.023221,-0.132167,-0.26174,0.1738,-0.004875,-0.039894,-0.035158,-0.142628,-0.133527,0.009957,0.028196,-0.29986,-0.001657,0.10179,-0.239793,0.083294,0.0318,0.054598,-0.193872,-0.006126,0.332067,-0.104372,-0.284574,-0.129634,-0.057062,-0.235622,0.078824,-0.093107,-0.00982,0.06114,0.255477,-0.012779,0.035139,-0.126964,0.194417,0.082596,-0.065411,-0.265524,0.144698,0.071878,0.209085,-0.190225,-0.15419,-0.003,-0.1068,-0.146951,-0.048968,0.392153,-0.065013,-0.104556,-0.093615,-0.059917,0.147266,0.118902,-0.013735,0.154814,-0.026504,-0.078912,-0.164308,0.012726,-0.141999,-0.224515,0.153787,0.134555,-0.051257,0.220088,-0.017843,-0.030451,-0.001252,0.043807,-0.089864,0.05271,0.251893,0.086624,0.064168,0.158404,-0.141302,0.17056,-0.061397,-0.015869,-0.119085,0.165643,0.162702,-0.029757,-0.134965,0.052735,-0.043607,-0.149379,-0.023858,-0.16433,0.202596,0.076785,0.019962,-0.248892,-0.171086,-0.262562,0.243305,-0.015058,0.343801,-0.225782,-0.051967,-0.236259,-0.074886,-0.137598,0.026354,0.005769,0.04394,0.004062,0.09,-0.076058,-0.154262,0.064786,-0.220716,0.159455,0.019748,0.061839,-0.027877,0.162669,0.074687,-0.038453,-0.005407,-0.075836,-0.151777,-0.126003,0.169233,-0.148746,-0.111199,0.022541,-0.075836,0.000483,-0.063792,0.050584,0.059612,-0.192582,0.15804,-0.092171,-0.047702,0.011688,0.103573,-0.291203,0.039988,-0.293611,-0.076625,-0.049831,0.098521,0.013109,0.013691,0.06573,0.02619,0.005167,0.266197,0.140911,0.051184,0.108934,-0.025198,-0.145713,-0.044019,0.014977,0.011615,0.029836,0.004144,-0.026914,0.24774,-0.022361,0.033037,0.109918,-0.008887,0.079052,0.261018,0.346981,-0.04304,-0.053815,-0.005846,0.279115,0.099728,-0.15509,-0.007213,0.087027,0.161977,-0.00089,-0.170926,#
5,0.086961,-0.026846,-0.142779,-0.011934,0.061157,1.0,0.225572,0.165723,0.050482,-0.059967,-0.031629,0.090298,0.017901,-0.132792,0.187279,-0.078534,0.17318,0.041087,0.138015,-0.160413,-0.106347,-0.193071,0.184834,-0.117046,-0.135567,0.255361,-0.058864,0.006992,0.184901,0.167645,-0.250741,0.083567,0.010096,0.058646,0.063967,0.146468,0.149475,-0.068117,-0.092633,-0.039997,-0.253288,0.060765,-0.154335,-0.023243,0.033405,0.002763,0.202261,-0.103962,0.092567,0.02648,0.017948,-0.071012,0.166721,0.042869,-0.064117,0.079499,-0.121839,0.225989,-0.171238,-0.031257,0.023083,0.046761,0.027769,0.10719,-0.237291,-0.061212,-0.083078,-0.025412,-0.041449,-0.427313,-0.004238,-0.082916,-0.014383,0.069677,0.002045,0.150686,-0.086017,0.075822,-0.251272,0.043653,-0.265202,-0.236779,-0.075743,0.284398,-0.068588,-0.217172,-0.086456,-0.005031,-0.134802,-0.157195,-0.051959,-0.134866,-0.157279,-0.262237,-0.095781,-0.030062,-0.149012,-0.128419,-0.254318,-0.2615,0.299051,0.146427,-0.047655,-0.202903,-0.256941,-0.307771,-0.082071,0.067011,-0.195992,0.061034,0.077378,0.295704,-0.269821,-0.184076,-0.078041,-0.11965,0.004025,0.142289,0.168283,-0.180802,-0.040622,-0.155231,0.061672,0.040633,-0.15531,-0.100963,-0.010651,-0.028512,-0.398678,0.062915,-0.023087,-0.125309,0.001922,0.066682,-0.41562,-0.048413,0.168713,0.205875,0.188967,-0.083957,-0.012393,0.026391,-0.144982,0.111475,-0.041702,-0.239611,0.257832,0.047215,-0.343743,-0.165502,-0.065942,-0.365112,0.17738,-0.069845,0.145731,-0.053095,0.033968,-0.069862,-0.416857,0.054082,-0.220057,-0.022308,0.277948,-0.253804,0.106903,0.001299,-0.156046,-0.053814,0.05029,-0.253841,0.061748,-0.257154,-0.142517,-0.187081,0.071096,-0.207425,-0.037496,0.085282,-0.003006,-0.002621,0.283546,-0.080309,-0.006296,0.067416,0.471511,-0.18546,0.147546,0.0122,0.057746,0.085161,-0.039642,0.124151,0.081205,-0.023528,-0.232755,0.285642,0.033121,0.044649,-0.24153,-0.184274,#
6,0.381526,0.123809,0.058374,-0.132806,0.047162,0.225572,1.0,-0.227563,0.265967,0.01115,0.194781,0.054271,0.075273,0.033515,-0.037043,0.09011,0.181407,0.16719,0.190762,0.079221,-0.240924,-0.128522,0.192044,0.013086,-0.140826,0.099163,-0.039171,0.001444,0.441442,0.017435,-0.275244,0.065515,-0.004285,-0.271422,0.227532,0.093236,0.356655,-0.142277,0.233193,0.23466,0.112796,0.174161,-0.082775,0.032423,0.074741,-0.083613,0.114526,0.02125,-0.107634,-0.003707,0.025072,-0.285951,0.184023,-0.126455,0.291188,-0.150601,-0.040444,-0.045565,0.093269,-0.245848,0.18978,0.251294,-0.073574,0.17015,0.184049,0.257407,-0.148569,0.062742,0.145989,-0.233037,0.052808,-0.074031,-0.078471,-0.537077,-0.342904,0.189227,-0.380312,-0.347547,-0.321109,-0.083843,-0.335778,-0.110796,-0.103105,-0.109325,-0.34022,-0.129733,-0.221255,-0.255298,-0.403631,-0.28981,-0.495271,-0.334155,-0.458193,-0.214724,-0.348426,-0.478484,-0.060045,-0.364081,-0.286636,-0.163704,0.089086,0.059566,-0.266676,-0.262402,-0.318188,-0.330777,-0.054112,-0.194038,-0.194729,-0.206824,-0.045844,0.048683,-0.208542,-0.358584,-0.093191,-0.30436,0.002743,-0.064665,0.203406,-0.294161,-0.300082,-0.105525,-0.183958,-0.17108,-0.161328,-0.234745,0.021086,0.197892,-0.314388,-0.211056,-0.214274,-0.396921,-0.233998,0.095749,-0.256917,-0.311412,0.008849,-0.041193,0.119868,-0.341268,-0.200834,0.047641,-0.139571,-0.330774,-0.351049,-0.158854,-0.078103,0.499755,-0.342161,-0.450636,-0.155695,-0.40046,-0.200228,-0.146866,-0.1247,-0.152944,0.083634,0.299016,-0.265475,-0.12141,-0.040611,-0.214108,0.104741,-0.063812,-0.186243,0.17489,-0.043144,-0.050153,-0.309155,-0.32632,0.220036,-0.209339,-0.199202,-0.206398,0.138286,-0.382935,-0.122509,0.305847,0.176992,-0.49058,0.31406,-0.09929,-0.091836,0.356842,0.177826,-0.504076,0.066522,-0.002166,-0.025577,0.166827,-0.364506,0.23604,0.153154,0.250626,-0.0885,-0.078077,0.063804,-0.104342,-0.11395,0.146926,#
7,-0.341635,-0.107744,-0.147975,0.207308,-0.04789,0.165723,-0.227563,1.0,-0.317114,-0.026106,-0.237553,-0.224598,0.18045,-0.199063,0.10752,0.036147,0.18702,0.04892,-0.046472,-0.246409,0.176024,0.12233,-0.002476,-0.019753,-0.093597,0.070301,-0.161919,-0.233465,-0.225897,0.096777,-0.089132,-0.070615,0.041514,0.16096,-0.172035,-0.047055,-0.166067,-0.229622,-0.158765,0.113831,-0.057715,-0.025755,-0.029736,-0.180071,0.109519,0.044356,0.247871,-0.169711,0.171281,-0.001746,-0.047367,-0.026392,-0.006805,-0.178644,-0.05807,0.08054,0.417629,-0.108382,-0.130624,0.39347,-0.086657,-0.283605,0.066883,0.025795,-0.0692,-0.129452,-0.012719,0.022896,-0.094514,-0.119098,0.169789,0.038057,-0.273827,0.207298,0.067736,-0.094561,0.086527,0.076653,-0.042749,0.056297,-0.036392,-0.207483,-0.136482,-0.015182,0.140512,-0.171984,0.146435,0.128742,0.215645,0.211771,0.128681,0.054119,0.092213,-0.011977,0.11771,0.172577,-0.045641,0.136493,0.116046,-0.037039,-0.119195,0.107673,0.115517,0.085742,-0.105623,0.11426,-0.135279,0.041334,-0.010627,0.188193,0.115401,0.030852,0.172431,0.267135,-0.009737,0.027596,0.180845,-0.074615,-0.007383,0.015745,0.213453,-0.223091,0.076637,0.218753,0.035011,-0.129692,0.029037,-0.113108,0.035057,0.045747,-0.158922,0.240937,0.173437,-0.180427,0.058233,0.272171,0.092886,0.114348,-0.072983,-0.004739,-0.174923,-0.08687,-0.185542,0.248397,-0.126413,-0.134643,0.023469,0.096592,0.097474,0.102712,-0.089074,-0.123951,0.15087,-0.028857,-0.036788,-0.207341,-0.073544,0.03904,0.030531,0.122479,-0.138254,0.219487,0.083353,0.12331,0.174205,-0.32968,-0.383574,-0.104209,0.104373,0.205529,-0.101607,0.084653,-0.135047,-0.193902,0.126988,-0.053686,-0.100871,-0.038237,-0.103169,0.182968,-0.008654,0.036436,0.203485,-0.003843,0.023829,-0.032717,-0.115058,-0.091581,-0.105021,0.137522,0.017952,-0.132885,-0.131619,-0.014535,0.056325,-0.113141,-0.070318,0.043527,-0.17219,0.055819,#
8,0.053359,-0.06647,0.131723,-0.399238,-0.042309,0.050482,0.265967,-0.317114,1.0,0.346872,-0.062968,0.150627,0.008056,0.182448,-0.028267,-0.009428,-0.200362,0.205927,0.013,0.240655,-0.18895,-0.022134,0.162007,-0.015719,-0.034897,0.179336,0.202408,0.12099,0.163167,-0.000523,-0.189862,0.058183,0.166019,0.014867,0.034004,0.045633,0.21277,0.20343,0.027633,-0.117221,0.117165,0.101841,-0.037037,-0.0003,-0.080231,-0.177324,-0.004295,0.219547,-0.128239,-0.02382,-0.101867,-0.23817,0.232728,0.192607,0.192757,0.144359,-0.432846,-0.202971,-0.035685,-0.029471,0.169266,-0.01202,-0.067672,0.043725,0.190233,0.051857,-0.043574,0.214772,0.168946,-0.050633,-0.027283,0.030828,0.113712,-0.185927,-0.343893,0.189492,-0.073796,-0.161051,-0.127477,0.124142,-0.213988,-0.088432,-0.094899,0.018629,-0.348263,0.061187,-0.379808,-0.321162,-0.181563,-0.327273,-0.09711,-0.360575,-0.396849,0.041707,-0.175775,-0.026164,-0.208591,-0.040092,-0.275461,-0.12012,-0.233426,0.094656,-0.100145,-0.072278,0.125098,-0.193107,-0.049203,-0.126165,0.07413,-0.059044,0.032916,-0.145123,-0.188216,-0.117356,0.164176,-0.100106,-0.080045,-0.299352,0.018802,-0.303893,-0.128424,0.036591,0.038984,-0.196403,-0.26598,0.020968,0.284765,0.069894,-0.088241,-0.128032,0.297014,-0.032743,-0.417551,-0.126517,-0.190501,-0.011157,-0.163806,0.088877,0.187155,-0.072756,-0.159119,0.181007,-0.211244,-0.201597,-0.204298,-0.208141,-0.259658,0.15106,-0.148759,-0.162495,-0.057336,-0.098358,-0.073668,-0.316671,0.178128,-0.059326,0.285072,0.374765,-0.35639,-0.214888,0.0412,0.018812,-0.159258,-0.102273,-0.098424,0.043219,-0.018233,-0.030494,-0.065674,-0.140153,-0.145189,-0.27617,-0.074369,-0.054425,0.165994,-0.059698,0.185002,0.087188,0.498561,-0.267286,0.300343,-0.026096,-0.220163,0.04754,0.013588,-0.083537,0.165781,0.089786,-0.357113,-0.002628,-0.033596,0.121111,0.002176,0.273185,0.008593,0.053086,-0.011964,-0.160241,0.041971,0.103633,#
9,0.026301,0.233215,0.056914,-0.230083,-0.092437,-0.059967,0.01115,-0.026106,0.346872,1.0,-0.239589,-0.146128,0.280336,0.522157,0.052516,0.044893,-0.295745,0.287205,0.032455,0.227147,-0.127981,-0.014995,0.267373,0.014065,-0.016738,-0.052463,-0.204445,-0.023927,0.291144,0.20828,-0.039977,0.044535,0.224068,-0.03104,-0.005403,-0.003804,0.283577,-0.066455,-0.003119,-0.237856,0.285599,0.017145,0.036687,-0.165569,0.047651,-0.398477,-0.018616,0.339185,0.135615,0.014624,-0.178473,-0.373818,0.355875,-0.045041,0.118396,-0.059174,-0.085471,-0.403494,-0.048708,0.187455,0.292416,-0.121844,-0.434383,0.003948,0.046512,0.133259,0.091352,0.017344,-0.103251,-0.045306,0.001271,0.104763,-0.280959,-0.081817,-0.125496,-0.059282,-0.147697,-0.192587,-0.091429,0.293931,-0.110147,-0.302456,-0.19794,0.165295,-0.344816,0.186884,-0.089733,-0.256846,-0.151186,-0.23457,-0.0073,-0.113867,-0.307288,-0.049692,-0.227456,0.124264,-0.605996,0.049594,0.205969,-0.234043,-0.43685,-0.121065,-0.173462,-0.090663,-0.011798,-0.100409,-0.080915,-0.443815,0.199965,-0.110721,0.427615,0.151271,-0.167363,-0.018871,0.023124,-0.123825,-0.170287,-0.159781,0.249157,-0.312439,-0.303755,-0.094286,-0.09967,-0.137838,-0.358492,0.262843,0.223094,-0.086661,-0.212951,-0.373498,0.109472,0.030101,-0.591063,-0.04242,-0.286548,-0.237746,-0.028094,0.057341,0.116195,-0.185783,-0.029184,-0.186242,-0.3052,-0.350733,-0.362539,-0.262338,-0.386392,0.175334,-0.203182,-0.143655,-0.400422,0.117135,-0.067556,-0.578548,0.087132,-0.344293,0.721215,0.46492,-0.205244,-0.330062,-0.183736,0.046359,-0.124782,-0.014432,0.120536,0.368477,-0.042832,-0.303558,0.091455,-0.150879,-0.312161,0.018482,-0.057673,-0.162795,0.233631,-0.276832,0.090273,-0.174615,0.543507,-0.362618,0.490552,0.185168,-0.367555,-0.236237,0.11333,-0.230672,0.208559,-0.071722,-0.554104,0.072331,-0.290577,-0.048401,-0.084678,0.266594,-0.235183,0.029399,0.151499,-0.052793,0.164028,0.421494,#
10,0.444383,-0.002449,-0.136163,0.043613,0.236983,-0.031629,0.194781,-0.237553,-0.062968,-0.239589,1.0,0.286036,-0.037381,-0.082827,-0.144968,-0.095133,0.098677,-0.221603,0.120722,-0.021588,0.066321,-0.105839,0.006674,0.080587,-0.052821,0.178185,0.036437,0.124358,0.095295,-0.118508,-0.101772,0.172282,0.112654,-0.186124,0.072668,0.113726,-0.099575,0.200127,-0.032584,0.233641,-0.163443,-0.107197,-0.013189,0.087515,0.013107,0.434078,-0.025805,0.196195,-0.028203,-0.002471,0.140283,-0.039039,0.238691,-0.057963,0.076321,-0.005808,-0.062377,0.322207,0.074365,-0.174832,-0.186044,0.00221,-0.051374,0.09843,-0.252203,0.095764,0.165172,0.154133,-0.112427,-0.194512,0.195487,-0.088247,0.281649,-0.140378,-0.057764,-0.044774,-0.045894,-0.021677,-0.096074,-0.092957,-0.087863,0.171023,-0.007199,-0.004638,0.089252,0.023517,-0.060767,0.078548,-0.012943,0.024469,-0.105696,0.164474,0.131232,0.058486,-0.017209,-0.194716,0.284788,-0.323039,-0.075038,0.049756,0.195293,-0.066275,-0.063754,-0.078197,0.073498,-0.10722,0.043457,0.110442,-0.092322,0.178673,-0.369722,0.070778,-0.09469,-0.10369,-0.094515,0.098788,-0.196292,0.072675,-0.147216,0.0395,-0.144655,0.340174,-0.003795,-0.041512,-0.03317,-0.013848,-0.271903,0.084398,-0.12894,-0.135858,-0.069507,-0.279313,0.133912,-0.179201,0.060142,0.075592,0.118997,-0.058967,-0.111641,-0.014099,-0.077746,0.163773,0.130784,0.144854,0.082496,-0.216995,-0.079542,-0.020616,-0.014602,-0.225391,0.384074,-0.189381,-0.216908,0.041937,-0.101872,0.041166,-0.335065,-0.114547,-0.114714,0.129546,-0.062965,-0.202093,0.001374,-0.144165,0.019457,-0.185427,0.133931,-0.189193,-0.180559,0.025411,0.27264,-0.134835,0.142128,0.091693,-0.068173,0.17692,-0.110077,0.004468,-0.112868,-0.018973,-0.150474,0.082635,-0.034444,-0.026057,0.065478,-0.017435,0.001016,0.204014,0.363097,0.282554,0.044472,0.128626,0.174166,-0.178927,0.067181,-0.244864,-0.112901,-0.122703,-0.15952,-0.503746,#
11,0.152316,0.011848,-0.202215,0.093559,-0.052721,0.090298,0.054271,-0.224598,0.150627,-0.146128,0.286036,1.0,-0.02443,0.057892,-0.003061,-0.122432,-0.114713,-0.099094,-0.053204,-0.129585,0.054501,-0.258163,-0.04822,0.118859,0.005333,-0.031408,0.118916,0.255067,0.130746,-0.046468,0.021503,0.039757,0.058356,-0.014184,0.183332,-0.102286,0.025925,-0.086043,0.242306,-0.087253,-0.027945,0.138822,-0.071728,-0.111267,-0.110646,0.388666,-0.157228,0.127981,0.017631,-0.079009,-0.332447,0.188772,0.024192,0.102618,0.075581,-0.065397,-0.119716,0.268432,-0.27142,-0.16272,-0.243186,-0.13164,-0.069047,0.07925,-0.026052,0.159261,-0.032259,0.246108,0.222813,-0.182718,-0.075031,-0.239582,0.059069,0.14734,0.217114,-0.06051,-0.072859,0.192207,-0.30012,-0.046055,-0.285421,-0.183743,0.204519,0.020889,-0.020193,-0.16922,-0.099008,-0.232625,0.132709,-0.097258,-0.041237,-0.152674,0.016729,-0.014828,0.016355,-0.054664,0.184993,-0.021152,-0.060913,0.109886,0.131252,-0.167538,-0.033929,0.116282,-0.003647,-0.046394,-0.002818,0.001312,-0.104704,0.177705,0.009918,-0.160678,0.028301,-0.039957,-0.143464,-0.029896,-0.034866,0.104911,0.024801,0.128726,-0.0725,0.19139,0.042141,0.171635,-0.053635,-0.07522,-0.223752,-0.143113,-0.240104,0.00929,-0.118163,-0.061206,-0.162844,0.053613,-0.164656,0.211933,-0.128024,-0.259791,0.136767,-0.30778,0.077896,0.122204,0.185658,-0.061576,0.278974,-0.3211,0.067429,-0.089495,-0.157597,-0.126502,0.155923,0.02479,-0.132188,0.208125,0.04684,0.100776,-0.039378,0.046908,0.008981,-0.086192,-0.115557,-0.068616,0.001061,0.015139,-0.375649,-0.051329,0.019486,0.007439,-0.014472,0.004581,0.307914,-0.039543,0.103005,0.021339,-0.011182,0.048065,0.066035,0.323617,0.009029,0.144959,-0.018626,-0.119498,-0.152193,-0.140714,0.188072,0.116164,-0.027244,-0.056598,0.169872,0.150111,-0.11391,0.312366,0.029111,0.024055,-0.113084,-0.032552,-0.155888,-0.118757,0.068212,-0.281545,#
12,0.228658,0.160296,0.082924,-0.167255,-0.090719,0.017901,0.075273,0.18045,0.008056,0.280336,-0.037381,-0.02443,1.0,0.438542,-0.006321,0.206997,-0.011581,0.349595,0.187831,0.08361,0.033919,0.035049,0.196604,0.06682,0.001608,-0.201236,0.061463,0.025542,0.253529,0.105458,0.076344,-0.048282,0.025624,0.160533,-0.094205,0.154852,0.173613,-0.036609,-0.043463,-0.054518,-0.004972,0.025529,0.087508,-0.212933,-0.167002,-0.287258,0.319441,0.219859,0.049109,0.064707,-0.061022,-0.199252,0.106154,-0.0645,-0.117818,-0.090262,0.094159,-0.317083,-0.026533,0.048374,0.312175,-0.348554,-0.234403,0.027574,0.113958,-0.017984,-0.017848,-0.011435,0.017468,-0.003852,-0.056821,0.091511,-0.356844,-0.101489,-0.122437,-0.014519,-0.34109,-0.110364,-0.216819,0.046063,-0.161176,-0.279675,-0.223952,-0.085337,-0.214671,-0.085766,0.006654,-0.018882,-0.052202,0.010441,-0.177767,-0.049875,-0.244376,-0.218666,-0.121762,-0.003886,-0.267054,-0.014459,-0.029913,-0.32836,-0.149232,-0.284885,-0.111101,0.114812,0.030432,0.038748,-0.23732,-0.132266,0.028683,-0.087911,0.178373,-0.193871,-0.104256,-0.008093,0.10221,-0.092471,-0.179606,-0.106879,0.13567,-0.225944,-0.127777,-0.13781,-0.26392,-0.040217,-0.291063,-0.005196,0.104582,0.057745,-0.186634,-0.34735,-0.044025,0.090468,-0.243924,0.120544,-0.049835,0.061384,0.063569,-0.209625,0.205036,-0.22703,-0.388415,0.073789,-0.125355,-0.230903,-0.280678,0.027799,-0.233804,0.351057,-0.237947,-0.076083,-0.317265,-0.049189,0.020043,-0.211887,0.129926,-0.305493,0.269805,0.192452,-0.18436,-0.138122,0.092974,0.069124,-0.052503,0.110468,0.354086,0.106449,0.034887,0.213336,-0.086372,-0.019213,-0.142433,-0.196873,-0.283454,-0.1352,0.021763,-0.147521,-0.204222,0.13555,0.198019,-0.2371,0.177117,-0.018993,0.080139,-0.098701,0.291616,-0.12019,0.174254,0.113015,-0.203003,0.361367,-0.235282,-0.088533,0.009565,0.289985,0.008181,0.043595,0.124662,0.043949,0.055486,0.231848,#
13,0.198779,0.255483,-0.010169,-0.3441,-0.272633,-0.132792,0.033515,-0.199063,0.182448,0.522157,-0.082827,0.057892,0.438542,1.0,0.063632,0.086056,-0.31232,0.039102,0.311656,0.347538,0.109987,0.140597,0.247553,-0.104842,-0.070847,-0.14372,0.154894,0.290782,0.311947,0.000102,0.205034,0.128719,-0.00794,0.060448,-0.113534,-0.204262,0.133394,0.161449,0.060059,-0.387106,0.144565,0.179095,0.049438,-0.234591,-0.156827,-0.445701,0.068248,0.364079,-0.197965,-0.081246,-0.052281,-0.226726,0.136095,-0.215565,-0.231477,-0.001649,-0.031129,-0.151312,-0.16753,-0.084773,0.397741,-0.047117,-0.316109,-0.045061,0.182023,0.095849,-0.037528,-0.147253,-0.09814,0.038744,-0.104731,0.095937,-0.097545,-0.229427,-0.153682,0.044699,-0.174509,-0.013012,-0.106243,0.26152,0.008167,-0.288836,-0.143984,-0.022742,-0.233016,0.255205,-0.1855,-0.143546,-0.122483,-0.036737,-0.209483,-0.025195,-0.163735,-0.203168,-0.163347,-0.022354,-0.346443,-0.043589,0.241369,-0.17647,-0.381303,-0.255838,-0.197515,-0.198282,-0.060127,-0.051559,0.058394,-0.385565,0.034157,-0.143511,0.334347,0.031795,-0.346578,0.072732,0.216285,-0.181949,-0.224251,-0.253126,0.267342,-0.177109,-0.097106,0.035419,-0.029182,-0.128538,-0.383919,0.135408,0.012319,-0.034284,-0.253968,-0.356709,0.014881,-0.185026,-0.454985,-0.077127,-0.028354,-0.110456,0.122746,-0.159006,0.225603,-0.334129,0.005799,0.073633,-0.018246,-0.298007,-0.26148,0.074735,-0.220677,0.189138,-0.233588,0.079548,-0.281417,0.300169,0.086827,-0.341659,-0.081185,-0.262899,0.548952,0.211175,-0.035205,-0.279942,0.048755,-0.073747,0.141986,-0.168334,0.132745,0.527362,0.095509,0.033883,-0.120694,-0.056037,-0.285371,-0.081891,-0.187154,-0.167213,-0.040412,-0.249979,-0.015541,0.067649,0.344779,-0.352127,0.288984,-0.28588,-0.097995,-0.002936,-0.00854,-0.164662,-0.008411,0.127317,-0.392157,0.123906,-0.194997,0.023932,-0.146406,0.231447,0.091815,-0.137042,-0.020814,-0.161355,0.199842,0.269016,#
14,0.156369,-0.052097,-0.222921,0.082437,-0.045207,0.187279,-0.037043,0.10752,-0.028267,0.052516,-0.144968,-0.003061,-0.006321,0.063632,1.0,-0.182631,0.002511,-0.08748,0.118971,0.104354,0.136633,-0.020693,0.153434,0.168213,-0.079871,0.177184,0.171554,-0.002784,0.077657,-0.11015,-0.023149,0.185208,0.247178,-0.025286,-0.128177,-0.310677,-0.066453,0.011167,-0.060955,-0.188629,-0.035402,0.126925,-0.077605,0.189333,0.244836,-0.25168,0.127789,0.047032,-0.007221,-0.078571,0.089862,-0.09773,0.097618,-0.146565,-0.064255,0.218877,-0.022241,-0.027008,-0.085599,0.052312,0.116578,0.141498,-0.155875,0.035645,-0.171424,-0.165795,0.059212,-0.198101,-0.039916,-0.160423,-0.135549,-0.009519,-0.006834,0.177025,-0.073012,-0.072731,-0.226374,0.170824,-0.342076,0.373494,0.076036,-0.240681,-0.075516,-0.021321,0.00926,0.122606,0.252349,-0.003932,0.205369,-0.141013,-0.142968,-0.067455,0.150821,-0.245705,-0.074198,0.059207,-0.226886,-0.046887,-0.071354,-0.056614,0.01241,0.250452,-0.101338,-0.43079,-0.05019,0.104141,-0.310513,-0.02613,0.132945,0.152047,-0.008593,0.078967,0.076471,0.106291,0.276597,0.062084,-0.044931,-0.087803,0.040546,-0.368735,-0.007769,-0.278565,0.176181,0.142146,-0.049925,-0.108801,-0.016675,0.038702,-0.148744,0.064621,-0.106827,-0.092146,-0.147404,-0.071693,-0.04321,0.050229,-0.26946,-0.059307,0.261816,-0.080018,0.003951,-0.01717,-0.184266,0.15772,-0.189642,-0.137094,0.109329,0.064944,-0.24753,0.171137,-0.049229,-0.145745,0.003141,0.134675,-0.133946,0.10909,0.254953,0.056455,-0.04672,0.404847,-0.032285,-0.002971,0.027229,-0.244611,0.115903,0.136373,0.029942,0.045089,0.060681,-0.048936,-0.271509,-0.080115,-0.114677,0.186191,-0.0309,-0.277058,0.042461,-0.091826,0.219801,-0.011176,-0.049141,0.144993,0.136256,-0.019079,0.135583,-0.185912,0.194995,-0.084937,0.048052,-0.108614,-0.109504,0.093468,0.061719,0.105649,-0.224856,0.249649,-0.142215,-0.16499,-0.143168,-0.090203,#
15,-0.025724,0.132872,0.060238,-0.177796,-0.088272,-0.078534,0.09011,0.036147,-0.009428,0.044893,-0.095133,-0.122432,0.206997,0.086056,-0.182631,1.0,0.252964,0.229023,-0.183725,0.126754,-0.309205,0.163147,0.074838,-0.122022,0.138421,-0.005504,-0.216471,0.143627,0.114747,-0.056226,0.038828,-0.19848,0.002871,0.09518,0.008166,0.08409,0.08843,0.032104,0.119905,-0.039542,-0.000773,-0.129906,0.143444,0.093151,-0.149068,-0.071765,0.148429,-0.014607,0.044534,0.305514,0.112448,-0.210149,-0.100147,-0.051302,0.167904,0.030409,0.214558,-0.240915,0.023493,0.099469,-0.003931,0.157775,0.176436,0.08719,-0.060955,-0.12696,-0.042462,-0.049489,-0.352903,-0.162576,0.093362,0.23653,0.055393,0.045001,0.027742,0.245067,-0.075291,-0.195254,0.204764,-0.049793,-0.012265,-0.020865,-0.227048,0.16135,0.039621,-0.245913,0.090941,-0.293957,-0.094074,0.22814,-0.102623,0.072541,-0.174746,0.016632,-0.184518,-0.090534,0.062871,0.079746,0.031897,0.132466,-0.094523,0.035688,-0.188413,0.320768,0.021254,0.077954,0.101305,0.058182,0.108948,-0.203606,0.010363,-0.113694,0.091503,0.164671,-0.189259,-0.062167,0.134665,-0.228106,-0.080691,-0.044174,-0.07192,0.158893,-0.277725,-0.060429,0.017257,-0.124886,-0.044571,0.252203,0.055673,-0.113827,-0.131945,-0.094195,-0.127185,0.173027,0.085128,0.004545,-0.061995,-0.279686,-0.160457,0.077727,0.037279,0.071421,-0.245387,-0.302967,-0.09536,0.139735,-0.049529,0.261467,-0.11274,-0.066925,-0.141713,0.026325,0.07405,0.0002,0.033287,0.056351,0.052329,0.22688,0.076227,-0.072141,0.058617,-0.111466,0.182141,-0.023629,0.192768,0.040205,-0.170621,0.25974,-0.103438,-0.015679,-0.001676,0.112764,0.186324,-0.070856,-0.086772,0.099686,-0.031287,0.278111,-0.06618,-0.183407,0.139027,-0.146177,0.10358,0.168495,-0.05898,0.094428,0.140149,-0.063606,-0.079293,-0.05818,-5.4e-05,-0.090616,-0.095698,0.180401,0.034227,0.125284,0.031844,0.129502,0.39035,0.302219,#
16,-0.019595,0.243378,-0.068095,0.100873,0.17786,0.17318,0.181407,0.18702,-0.200362,-0.295745,0.098677,-0.114713,-0.011581,-0.31232,0.002511,0.252964,1.0,-0.042028,0.030761,-0.057137,-0.127497,0.044732,-0.190867,-0.015486,-0.168887,0.179825,-0.09024,0.033496,0.023971,-0.040142,-0.175281,0.017765,0.108313,0.092907,0.140072,0.085684,-0.174152,-0.127256,0.023503,0.13085,-0.192941,-0.267407,0.011801,0.195913,-0.027143,0.200392,-0.039439,-0.405589,-0.028474,0.313312,0.120635,-0.126819,-0.234306,0.131439,0.174644,0.036768,0.190149,-0.041336,0.138734,-0.120345,-0.192726,-0.015277,0.149245,-0.195963,-0.170482,-0.122814,0.162273,-0.051719,-0.309171,-0.181913,0.135725,-0.138678,0.058034,0.043563,-0.067665,0.003788,0.009466,-0.303444,0.032296,-0.143462,-0.108479,0.145255,0.10274,-0.024039,-0.046445,-0.250668,0.252159,-0.032134,-0.013488,0.217566,-0.098931,-0.012126,-0.08875,-0.099214,0.081219,-0.018858,0.357554,-0.224697,-0.183744,0.108898,0.117904,0.290985,0.058426,0.150691,-0.178721,-0.103636,-0.081846,0.138886,-0.075486,-0.115265,-0.189044,0.002912,0.184479,0.242991,-0.381139,-0.066115,0.050417,-0.062053,-0.094799,-0.163057,-0.171541,0.025019,-0.371161,0.083826,0.126111,-0.292983,-0.313283,0.057949,-0.053128,0.04502,-0.052528,-0.099877,0.21721,-0.069432,-0.021402,0.09024,0.297217,-0.177214,-0.090635,-0.021161,0.023809,-0.020741,0.027332,0.27421,-0.112055,0.028259,-0.051196,0.119752,0.062711,-0.189747,0.208282,-0.093198,0.240369,0.015138,0.018599,-0.056614,-0.313085,0.029037,-0.032439,0.298193,-0.097483,0.062654,0.051904,-0.213888,-0.107503,-0.136009,0.024825,0.097206,-0.120724,0.087651,0.206385,0.001249,0.07901,0.00822,-0.062853,0.081456,-0.133774,0.299885,-0.133323,-0.059382,-0.017984,0.031807,0.414476,0.19168,0.050976,-0.143218,0.120657,0.024995,0.179108,0.053426,-0.022228,0.226545,-0.061069,-0.014982,-0.04104,0.119597,0.047557,-0.001725,-0.173349,-0.157564,#
17,-0.32593,0.042528,0.288481,0.053606,-0.162986,0.041087,0.16719,0.04892,0.205927,0.287205,-0.221603,-0.099094,0.349595,0.039102,-0.08748,0.229023,-0.042028,1.0,-0.259744,0.168298,-0.192698,-0.303064,0.126787,-0.108258,0.146206,0.096879,-0.003495,-0.13588,0.08633,0.017246,0.071409,-0.304206,-0.099613,0.052415,-0.12473,0.2372,0.032259,-0.030635,0.135878,-0.125613,0.102275,-0.091752,-0.040684,0.015357,0.025677,-0.211909,-0.066388,-0.051041,0.22211,0.065369,0.004253,-0.107893,0.160701,0.143375,0.193023,0.090639,0.109042,-0.38053,-0.042617,0.074507,0.120083,0.01501,-0.00175,-0.074209,0.153373,0.030037,0.053162,0.140546,0.037973,-0.09628,-0.18425,-0.081015,-0.382964,0.03104,-0.150228,-0.027485,-0.091806,-0.176398,-0.104681,0.155188,-0.197332,-0.122642,-0.204166,0.452725,-0.329413,-0.076113,-0.094553,-0.172096,-0.221213,-0.178537,0.002027,-0.161318,-0.437953,-0.015424,-0.146586,0.082119,-0.246418,0.180338,-0.007351,-0.009326,-0.411385,-0.205634,-0.059224,0.206892,0.100684,-0.071517,0.076283,-0.088197,0.198319,0.082848,0.098725,-0.239036,-0.033887,-0.047495,-0.00512,-0.130697,-0.023227,-0.133575,0.068367,-0.094467,-0.160452,-0.027339,-0.154009,-0.325455,-0.172574,-0.045454,0.209682,0.12038,-0.106628,-0.127012,0.092206,0.160795,-0.31915,-0.080966,-0.133565,-0.084838,0.046632,-4.6e-05,-0.220388,-0.106613,-0.185167,0.042238,-0.129859,-0.314884,-0.103354,-0.046571,-0.101191,0.427642,-0.002518,-0.046813,-0.251675,-0.095911,0.144111,-0.215588,0.051772,-0.107809,0.136082,0.284675,-0.071419,-0.069764,0.062005,0.042507,-0.155186,0.327363,0.171773,0.038384,-0.117513,-0.003537,0.018124,0.011807,-0.156008,0.021783,-0.103345,-0.210044,-0.047416,-0.097943,-0.055163,0.04564,0.057321,-0.110433,0.221466,-0.027048,-0.08628,-0.162299,0.266476,-0.069141,0.187477,0.099709,-0.369118,0.014365,-0.011896,-0.254231,-0.228146,0.157599,-0.197816,0.015177,0.171303,0.168529,0.017416,0.487043,#
18,0.392642,0.279376,-0.151825,-0.097516,0.12247,0.138015,0.190762,-0.046472,0.013,0.032455,0.120722,-0.053204,0.187831,0.311656,0.118971,-0.183725,0.030761,-0.259744,1.0,-0.031527,0.099355,0.185788,0.259049,-0.056315,-0.044221,0.036409,-0.124886,0.181095,0.383565,0.024304,-0.069742,0.208812,0.071687,0.004273,0.02957,0.059022,0.017503,0.019989,-0.11359,-0.020937,0.101186,0.013176,0.061084,-0.194535,-0.07725,-0.077643,0.093521,0.113596,-0.203593,-0.043001,0.101184,-0.097029,0.0457,-0.066615,-0.103763,0.105332,-0.052222,-0.021797,0.033214,-0.069424,0.169226,-0.136113,-0.128517,0.036403,-0.163888,0.072978,-0.238436,-0.039433,-0.042484,0.061725,-0.149682,0.211437,0.047725,-0.333967,-0.243423,0.014706,0.052946,-0.072012,-0.175117,0.113116,0.153231,-0.129816,0.108665,-0.39736,0.054941,0.100232,-0.116646,0.00184,-0.104394,-0.2518,-0.177472,-0.009135,0.112996,-0.354399,0.268274,-0.293705,-0.168552,-0.120402,-0.180153,-0.076545,0.194699,0.101378,-0.048845,-0.282445,-0.043226,-0.191457,-0.281026,-0.130819,-0.306701,-0.125551,0.005989,0.095494,-0.324702,-0.107859,0.13865,-0.00649,-0.036348,0.032193,0.1615,-0.104766,0.007746,0.013295,0.019812,0.038427,-0.294594,-0.020132,0.017615,-0.061524,-0.103344,-0.058487,-0.150683,-0.338713,0.097747,0.029077,-0.01426,0.088736,0.011925,0.107178,0.392867,-0.163043,-0.157667,-0.002574,0.046895,-0.094,-0.065996,0.103379,-0.153354,0.061772,-0.314942,0.01207,0.068137,-0.08136,0.07101,-0.17339,0.091504,-0.192987,0.065641,0.030844,-0.191873,0.055984,0.166221,0.131042,0.139756,-0.304454,-0.052674,0.259775,0.366626,0.223209,-0.2352,-0.06388,-0.006488,-0.071853,-0.057619,0.093615,-0.011831,-0.184381,-0.235293,0.23513,0.208464,-0.166095,0.098646,-0.144173,0.014098,0.328766,-0.067019,-0.031284,0.207088,0.207463,0.107254,0.016654,-0.343143,0.182608,0.05265,0.141291,0.196228,0.081104,-0.116163,-0.153581,-0.158907,-0.101601,#
19,-0.060447,-0.091673,0.110547,-0.139616,-0.023221,-0.160413,0.079221,-0.246409,0.240655,0.227147,-0.021588,-0.129585,0.08361,0.347538,0.104354,0.126754,-0.057137,0.168298,-0.031527,1.0,0.077091,-0.041681,0.124299,0.010268,-0.247731,-0.061771,0.164994,0.024636,0.297512,-0.2832,0.112517,0.192,0.251043,0.048157,-0.206884,-0.156262,0.054944,0.012158,-0.044307,0.027454,0.189625,-0.034593,-0.074426,-0.125742,-0.026342,-0.381109,-0.108533,0.24781,-0.110643,-0.054273,0.014027,-0.115977,0.051187,0.033236,-0.092044,0.069573,0.015927,-0.20651,0.124261,0.001119,0.071142,-0.04549,-0.00922,-0.131043,0.118768,-0.153519,0.091276,0.081593,-0.079227,0.179718,-0.069747,-0.019005,0.109358,-0.11493,-0.306072,-0.212595,0.036607,-0.028631,0.158659,0.330751,0.157206,0.184902,-0.055128,0.067282,-0.058158,0.507722,0.11674,-0.271888,0.110829,-0.144037,-0.096943,0.202135,-0.111864,-0.059031,0.145446,0.229963,-0.009656,-0.006834,0.076858,0.106684,-0.315748,0.134939,0.087701,-0.162136,0.318988,0.163912,0.136787,0.013032,0.324162,-0.075784,0.129055,-0.204956,0.067304,0.157004,0.228906,0.041677,-0.049408,-0.031325,0.152582,-0.179444,-0.0948,0.033169,0.056515,-0.202611,-0.085791,0.258665,0.251864,0.077745,0.212388,0.154605,0.384875,-0.101222,-0.131986,-0.092973,0.229162,0.019664,0.078253,0.088715,0.037326,0.229914,0.217931,0.231706,0.00262,-0.05026,-0.167964,0.024098,0.065375,-0.05601,-0.022991,0.181146,-0.135368,0.159879,0.362806,-0.189336,0.007546,0.10676,0.331274,-0.005073,-0.021484,-0.101931,0.302853,0.064529,0.226101,-0.099877,-0.009083,0.115651,0.273204,-0.086369,0.05921,0.174171,-0.360601,-0.021415,-0.221714,-0.030518,-0.295633,0.080693,0.360622,-0.140238,0.231257,-0.076605,-0.066955,-0.042031,-0.13557,-0.099126,-0.279483,-0.258905,0.248109,0.174465,-0.225634,-0.058732,0.187252,-0.185333,-0.358498,0.060553,0.190158,-0.110317,-0.343369,-0.156084,0.345054,0.228448,#
20,-0.002441,0.178832,-0.168756,0.234518,-0.132167,-0.106347,-0.240924,0.176024,-0.18895,-0.127981,0.066321,0.054501,0.033919,0.109987,0.136633,-0.309205,-0.127497,-0.192698,0.099355,0.077091,1.0,0.041366,0.037997,-0.165826,-0.197029,-0.242104,0.155008,0.090815,-0.294516,-0.224171,0.151982,0.102948,0.403153,0.088108,-0.268004,-0.385856,-0.078365,-0.15901,0.056132,-0.130312,0.158096,0.178521,-0.325114,-0.034966,0.118904,-0.005713,0.081818,0.145067,-0.045039,-0.152449,-0.203798,0.316802,0.013959,0.098934,-0.053747,0.114974,0.154096,0.111117,-0.359922,0.082003,-0.160266,-0.130483,0.027785,0.011807,0.180323,0.088974,-0.07635,0.045974,0.139741,0.216638,-0.104807,-0.201529,-0.023708,0.269313,-0.142859,-0.218919,0.018154,0.312767,0.091458,0.121961,0.090879,0.058589,0.247614,0.088552,0.242283,0.127214,0.13769,0.220094,0.416569,-0.068267,0.22587,0.285627,0.250259,0.186664,0.317797,0.281597,0.039026,-0.10976,0.119701,0.044736,0.023209,0.051897,0.320602,0.112386,0.197048,0.23424,0.090994,0.094946,-0.064861,-0.048916,0.091907,-0.14974,-0.093134,0.232533,0.165867,0.129227,0.042591,-0.059067,-0.054628,0.164671,0.182123,-0.101764,0.1932,0.154278,0.064011,-0.04226,0.088511,-0.363264,0.066831,0.038022,0.131384,0.126129,0.050264,-0.146315,0.200852,0.347517,0.02179,0.311818,0.215328,0.060045,0.119476,0.335185,0.165055,0.099622,0.020307,-0.046115,0.166262,-0.315463,0.224353,0.35218,0.201695,0.125848,0.177185,0.236824,0.130226,-0.009376,0.093824,-0.251046,0.023516,0.243538,0.166673,0.147534,0.040896,-0.073917,-0.053239,-0.10801,0.38706,0.052656,0.08782,-0.071158,-0.064364,-0.006133,-0.258517,-0.046943,-0.047463,0.015572,0.169149,-0.211204,0.071451,0.192392,-0.287142,-0.187025,0.061877,-0.036844,-0.091385,0.064175,-0.019823,-0.061209,-0.090878,0.177815,0.170442,-0.176114,-0.215797,0.014937,0.092834,-0.259752,-0.199077,-0.416884,-0.121109,-0.052987,#
