0,1.0,0.107613,0.07723,-0.176401,0.511614,-0.060527,0.174821,-0.086618,0.346865,0.042455,-0.193919,0.27356,0.448044,0.017945,0.157148,-0.02852,0.161068,0.012733,0.066495,-0.155991,-0.279248,0.027003,0.19604,-0.171707,-0.122577,-0.280142,-0.25692,-0.203217,0.166921,0.071177,-0.401003,-0.078491,-0.183542,-0.104003,-0.271158,0.022731,0.229083,0.071511,0.140276,-0.106344,0.187153,-0.141779,-0.250486,0.044594,0.042111,0.064066,0.44582,0.130069,0.013984,0.281211,0.015927,-0.136846,0.211023,-0.084881,0.09214,-0.010679,-0.313002,0.248109,-0.215854,-0.0234,0.190536,-0.040409,0.03159,-0.19933,0.114832,0.275553,-0.028751,-0.043336,0.360653,-0.165704,0.199238,-0.366037,-0.103845,-0.404477,-0.349231,0.232135,-0.130003,-0.285311,-0.237786,-0.144048,-0.044232,-0.348482,-0.179647,-0.141595,-0.083174,-0.080939,-0.416281,-0.246302,-0.098038,-0.36524,-0.073504,-0.165155,-0.048799,0.010744,-0.187983,-0.232031,-0.279859,-0.235471,0.101048,-0.290183,0.072279,-0.294938,-0.201637,-0.239531,-0.117776,-0.246964,-0.156408,0.001297,-0.183712,-0.148792,-0.005963,-0.183429,-0.034538,-0.246505,-0.331517,-0.275304,-0.274675,-0.307924,0.097359,-0.566371,-0.238702,-0.288985,-0.263841,-0.29762,-0.255895,-0.128795,-0.223114,0.021978,-0.119561,-0.157127,-0.159221,-0.180173,-0.107074,0.015625,-0.254826,-0.486872,-0.013908,-0.280785,0.007367,-0.321025,-0.19408,-0.097173,-0.280195,-0.193351,-0.378845,-0.127198,-0.291336,0.290736,-0.393722,-0.220989,-0.393888,-0.339711,0.018336,-0.1898,-0.400309,-0.078245,0.312451,0.366298,-0.305352,-0.196207,-0.087682,0.021069,-0.17483,-0.094213,0.11027,0.03989,0.041657,-0.161163,-0.250919,-0.179612,0.020934,0.202468,0.007521,-0.291248,0.170802,-0.105051,0.067351,0.190725,0.185118,-0.369718,0.136107,0.008564,-0.016292,-0.022619,0.270091,-0.044901,0.296532,0.115638,-0.185637,0.378967,-0.231056,0.075627,0.223798,0.281989,-0.135114,0.19995,0.176233,-0.298439,-0.094406,0.157775,#
1,0.107613,1.0,0.071422,0.129655,0.142016,-0.042037,-0.074547,-0.101611,0.01182,0.12872,-0.190365,0.072888,0.012922,-0.035072,0.178434,-0.083142,-0.094465,0.105185,-0.017767,-0.02515,-0.029789,0.216705,0.021029,-0.094437,-0.027882,-0.109858,-0.069511,0.048719,0.213813,0.282728,-0.386338,0.148237,-0.01196,0.099118,-0.18118,0.19562,0.199757,-0.12014,0.032052,-0.102643,0.209951,-0.138423,0.218721,0.021192,-0.266769,-0.115366,0.226637,0.158597,-0.051346,0.250249,-0.031235,-0.14907,-0.058842,0.175932,-0.040036,-0.087842,-0.174941,-0.004271,-0.181965,-0.009353,-0.001717,-0.176925,-0.014798,0.061899,0.04973,-0.107814,0.085357,0.172857,0.171263,0.078096,-0.132246,-0.218389,0.053722,0.018496,-0.079973,0.089425,-0.124739,-0.095657,-0.146604,-0.207608,-0.052295,-0.264128,-0.24933,0.131269,-0.174507,-0.175439,-0.247378,-0.065909,-0.008536,-0.015895,0.018514,0.008669,-0.128159,0.070542,-0.385845,-0.036206,-0.113065,-0.163358,-0.180179,-0.007102,0.206643,-0.100102,-0.27088,-0.153477,-0.38941,-0.236549,-0.235842,-0.013486,0.002331,-0.060703,0.003013,0.124392,-0.134075,-0.24102,0.015571,0.014375,-0.191848,-0.200777,0.184251,0.049022,-0.232776,-0.031807,-0.166877,-0.132737,0.174596,-0.111678,-0.219666,-0.041954,0.078462,0.049198,-0.163205,-0.091414,-0.01558,0.066744,-0.149664,-0.037101,-0.183473,-0.210033,0.078688,-0.148223,-0.106495,0.0961,0.036221,-0.255249,-0.116453,-0.206485,-0.031644,0.098522,-0.224846,-0.139972,-0.242392,-0.131761,-0.068054,8.4e-05,-0.057125,-0.060414,-0.033073,0.144272,0.074953,-0.192647,-0.025788,-0.088117,-0.10094,-0.090854,0.017975,0.328777,0.146879,-0.321194,-0.142171,0.01334,-0.1525,0.012853,-0.183063,-0.081369,0.085152,0.195878,-0.022736,0.097594,0.109067,-0.133833,0.081061,-0.017395,-0.076293,-0.026444,0.119845,-0.15981,0.097019,-0.103387,-0.210607,0.20795,-0.130285,0.174411,0.144737,0.255122,-0.104952,-0.059553,0.186559,-0.192033,-0.020971,0.116312,#
2,0.07723,0.071422,1.0,0.21831,-0.006747,-0.231165,0.06989,-0.084228,0.027083,0.194899,0.000989,-0.049628,-0.069502,0.055324,-0.195607,-0.257313,-0.007768,0.2578,0.081742,-0.005815,-0.127804,-0.014724,0.01238,0.178432,-0.029133,-0.167716,0.068835,-0.272742,0.07465,-0.014113,-0.035756,0.034151,-0.136681,-0.010584,-0.236295,-0.002325,-0.063371,0.013843,-0.019136,-0.357545,-0.154089,0.153732,-0.016067,-0.078897,0.205633,-0.398602,0.146994,0.251715,-0.169841,0.215322,-0.137709,0.08971,0.005306,0.248247,-0.20511,-0.225417,-0.090346,-0.04745,-0.054469,0.03664,0.066344,0.157015,-0.108805,-0.221474,0.049792,0.185825,0.003199,-0.101541,-0.073384,0.043319,0.086095,0.004073,-0.005549,0.201942,-0.208271,0.297825,-0.052745,-0.141273,-0.135477,-0.001008,0.031513,0.068692,-0.241492,0.359087,-0.030877,-0.12513,-0.041445,-0.080918,-0.104864,-0.130655,-0.098489,-0.345646,0.098142,0.102767,-0.174943,0.21111,0.077306,0.102239,-0.021939,-0.01996,-0.257346,-0.175637,-0.130979,0.08146,-0.099529,-0.084304,0.149903,0.051342,-0.00635,0.185428,0.325211,0.142917,0.004468,-0.018583,0.185335,-0.047382,-0.133994,-0.142251,0.195245,-0.074398,-0.256777,0.20085,-0.006174,-0.103123,-0.107563,0.173729,-0.156317,-0.036594,0.089603,0.075605,0.253981,0.112235,-0.092735,0.078787,0.235108,-0.046684,0.156749,0.231093,0.002455,-0.320732,0.156103,0.205958,0.042465,-0.187815,0.031405,0.200699,-0.005292,0.090674,-0.242905,0.13481,-0.048159,0.428833,0.199738,-0.002938,0.006069,0.045069,-0.003338,0.222111,0.077348,0.001361,0.201453,-0.019464,0.278,0.167936,0.052623,-0.061118,-0.092495,-0.265546,0.086855,0.045544,-0.000976,0.144135,-0.092718,0.046309,-0.090986,0.148311,-0.10943,0.091052,-0.049841,0.000769,0.149641,0.054789,-0.141181,-0.062663,-0.304454,0.120947,-0.100031,0.10245,-0.028786,0.038723,0.234942,-0.124402,-0.004033,0.02785,-0.171026,-0.110618,-0.07517,0.056674,0.179221,-0.203983,#
3,-0.176401,0.129655,0.21831,1.0,-0.188496,-0.156947,-0.272204,-0.0885,-0.288488,-0.196046,0.06692,-0.316344,-0.231701,-0.164664,-0.021387,-0.099065,0.127317,0.006756,-0.037727,0.055739,-0.125503,0.041812,-0.307352,-0.008108,0.149932,0.117946,-0.043058,0.018129,0.007754,-0.142087,0.01173,-0.059227,0.049093,-0.082725,-0.060243,-0.28908,-0.085372,0.050989,-0.012583,0.149573,0.017897,-0.082442,-0.024751,0.029724,0.089405,0.165632,-0.247462,-0.349217,0.110891,0.009098,-0.216889,0.266853,0.058777,0.198234,0.009795,0.141488,0.056444,-0.055913,-0.057176,-0.179943,-0.053478,-0.14478,0.172464,-0.041832,-0.061882,-0.346483,-0.097731,-0.142254,-0.312909,0.159606,-0.126948,0.198443,0.241267,0.22954,0.006411,0.039622,0.133889,0.127725,0.313877,0.059262,0.15551,0.102068,0.038201,0.048675,0.101738,0.096365,0.156477,0.079897,0.001805,0.019788,0.201068,0.071329,-0.025159,0.171595,0.005097,-0.04298,0.206651,0.240446,0.079935,0.112828,-0.150778,0.114669,0.133271,0.138817,0.038311,-0.063028,0.311342,0.172105,0.164743,0.069298,0.036851,0.029461,-0.122232,-0.040218,-0.008527,0.266344,0.278937,0.012971,-0.057635,0.28563,0.065327,-0.048995,0.195248,0.217459,0.1884,0.05778,0.009952,-0.073715,0.052051,0.244139,-0.178306,-0.102505,-0.056373,-0.072639,0.119717,0.21221,0.19627,0.123109,-0.189539,0.135484,-0.0922,0.281617,0.158874,-0.153463,0.122625,0.127832,0.013439,-0.172232,0.078273,0.140963,0.133907,0.353824,0.186588,0.111095,0.146563,0.173061,-0.23324,-0.223899,0.220401,0.014138,0.117515,0.177626,0.093591,-0.073342,-0.256512,-0.157892,-0.140228,-0.303828,0.151492,-0.00316,-0.1448,-0.258387,0.115319,0.139339,-0.137875,0.046595,0.14372,-0.129728,-0.285322,0.225129,-0.332781,-0.03645,-0.051528,-0.152707,-0.128874,-0.163196,-0.223063,-0.175857,0.172903,-0.238416,0.158592,-0.041411,-0.174723,-0.167309,-0.166223,-0.060716,-0.278353,0.124906,-0.234697,-0.004489,#
4,0.511614,0.142016,-0.006747,-0.188496,1.0,0.101518,0.171835,-0.040381,0.110406,0.064461,-0.249618,0.244133,0.230117,0.145693,-0.000558,-0.147094,0.185805,-0.028999,-0.135566,-0.229014,0.009746,0.063459,0.26713,-0.22998,-0.294144,-0.274245,-0.093684,-0.154509,0.150933,0.287971,-0.182743,0.058893,-0.225104,-0.103941,-0.332722,0.305125,0.103806,-0.231228,0.102175,-0.158745,0.15895,-0.116092,-0.018583,0.056103,-0.177126,-0.077926,0.233083,0.327806,0.109678,-0.01494,0.045246,-0.519128,0.121567,-0.166857,0.192395,-0.286655,-0.353323,0.102656,-0.169208,-0.076806,0.15267,0.060377,-0.091159,-0.135768,0.078082,0.42484,0.007238,0.142043,0.297422,0.02173,0.006093,-0.631466,0.068175,-0.657765,-0.417397,0.39122,-0.394911,-0.394707,-0.438394,-0.174318,-0.257024,-0.502663,-0.40877,-0.050912,-0.34995,-0.331517,-0.591568,-0.323385,-0.015948,-0.274151,-0.424328,-0.233593,-0.253931,-0.154205,-0.282671,-0.466111,-0.521789,-0.214837,-0.139979,-0.219924,0.032455,-0.317023,-0.200076,-0.268477,-0.386583,-0.594491,-0.043991,-0.246691,-0.072707,-0.170514,0.165751,0.113416,-0.341708,-0.510874,-0.301855,-0.112242,-0.241752,-0.424432,0.017959,-0.316394,-0.246536,-0.23504,-0.4059,-0.256019,-0.01399,0.022254,-0.456245,0.088675,-0.247233,-0.239136,-0.337434,-0.056786,-0.399138,0.047658,-0.318445,-0.531899,-0.064466,-0.460512,-0.044293,-0.356846,-0.266014,-0.097558,-0.081617,-0.128406,-0.476074,-0.297728,-0.259631,0.558805,-0.41616,-0.253928,-0.447584,-0.272784,-0.135722,-0.505036,-0.362953,-0.280537,0.221462,0.352862,-0.374056,-0.327781,-0.011394,-0.100255,-0.222368,-0.097555,-0.044911,0.171942,-0.03157,-0.161405,-0.301465,-0.117842,0.111288,0.022931,-0.332963,-0.471727,0.086813,-0.119659,-0.132403,0.268167,0.258389,-0.343398,0.279577,-0.051618,0.0796,0.153858,0.3999,-0.104851,0.335775,-0.088351,-0.188215,0.397634,-0.187803,0.238725,0.499897,0.392914,0.002661,0.311011,0.24487,-0.296831,-0.384176,0.103159,#
5,-0.060527,-0.042037,-0.231165,-0.156947,0.101518,1.0,0.24681,0.223594,-0.091702,-0.039297,-0.01664,0.170511,-0.148811,0.371656,0.212773,0.018452,-0.030082,-0.110902,-0.136409,-0.107694,0.216,0.150804,0.029913,-0.354469,0.14961,-0.149271,-0.005343,-0.115847,-0.014791,0.130623,0.097872,0.292769,0.193321,-0.225461,-0.267617,0.049692,-0.119674,0.058179,0.114435,-0.029864,-0.00742,0.01646,0.111611,0.162599,-0.089422,0.102184,-0.072606,0.015166,0.122149,-0.043789,0.117839,-0.011633,0.183585,-0.247861,0.074851,0.069636,0.13582,0.257259,-0.143146,0.254253,0.130355,-0.10649,-0.194129,0.241192,-0.014816,-0.076358,-0.134597,0.306859,0.110477,-0.135919,-0.146908,-0.219069,0.097133,-0.106359,-0.039756,-0.028472,0.103035,0.15461,-0.311734,-0.000428,-0.024858,-0.180352,0.136499,-0.219776,-0.055459,0.117667,-0.06697,-0.152006,-0.11511,-0.237489,-0.058193,0.019523,0.037032,-0.358228,0.013649,-0.061704,-0.147586,-0.149262,0.043444,-0.244727,0.057371,-0.096876,0.168678,-0.333968,0.05434,-0.178952,-0.083116,-0.417711,-0.1495,-0.405339,-0.083786,0.087187,-0.212538,-0.168469,-0.147689,-0.142492,-0.037911,-0.17023,-0.137385,-0.061385,-0.034705,0.0127,-0.054999,-0.131791,-0.168174,0.121918,-0.095221,0.03032,-0.124198,-0.210592,0.016234,-0.197176,-0.07278,-0.057029,-0.067546,-0.045665,0.051588,-0.152326,-0.114561,-0.02221,-0.04006,-0.256666,-0.293466,-0.247011,-0.060371,-0.063457,0.072054,0.027492,0.153636,-0.112559,-0.116052,0.036673,0.006609,0.142232,-0.162901,-0.200679,0.303618,0.057996,-0.233107,0.035969,-0.184267,-0.098686,0.02287,-0.017185,-0.060548,0.264729,0.311585,0.159324,0.015248,-0.062389,0.260622,-0.073552,0.024508,0.150034,0.297544,-0.007734,-0.087379,0.080693,0.190153,-0.080067,0.156979,0.016614,0.087237,0.285697,0.30706,-0.267957,0.200036,-0.006082,-0.004249,0.243185,-0.006333,0.090007,0.18234,-0.132699,0.203023,0.09959,0.039856,-0.174519,0.081892,0.240258,#
6,0.174821,-0.074547,0.06989,-0.272204,0.171835,0.24681,1.0,0.189149,0.393773,-0.085701,0.276561,0.269589,0.08469,0.040578,0.052167,0.176361,-0.087459,-0.118935,0.138152,-0.065034,0.059847,0.213261,0.095844,-0.361352,0.009618,-0.075559,-0.055579,-0.332807,0.297121,0.107792,-0.271291,0.023558,-0.0226,-0.29503,-0.085641,0.26179,0.121371,-0.124722,-0.107429,0.059953,0.003166,-0.001079,-0.196941,-0.051237,-0.110303,-0.004099,-0.047498,0.148964,0.059949,0.185413,0.196054,-0.07436,-0.086396,0.036151,-0.017889,-0.079457,0.039335,0.093733,0.017057,0.20886,0.209783,0.126398,-0.301064,0.19626,0.059879,0.020091,-0.002399,0.088416,0.246825,-0.196743,0.012518,-0.293401,0.016696,-0.266815,-0.377287,0.293266,-0.207134,-0.283523,-0.518655,-0.243321,-0.199635,-0.318077,-0.091599,-0.368585,-0.298791,-0.126165,-0.2743,-0.160819,-0.340194,-0.127046,-0.175467,-0.332363,-0.044607,-0.276047,-0.498785,-0.046095,-0.307558,-0.53571,-0.327678,-0.17737,-0.006762,-0.326304,-0.236217,-0.403733,-0.072745,-0.086026,-0.062293,-0.244312,-0.341436,-0.062214,-0.056043,0.026458,-0.164917,-0.239861,-0.042246,-0.294283,-0.291809,-0.147256,0.008181,-0.300197,-0.171146,-0.119292,-0.168962,-0.398098,-0.182323,0.062616,-0.391296,-0.022435,-0.209872,-0.33651,-0.171082,-0.129729,-0.261771,-0.083989,-0.21238,-0.193198,0.008571,-0.24691,-0.066364,-0.385184,-0.174428,-0.153021,-0.314844,-0.091445,-0.195075,-0.140148,-0.412203,0.476898,-0.079712,-0.36514,-0.132193,-0.142539,-0.309548,-0.080385,-0.247716,-0.406521,0.024205,0.329722,-0.080323,-0.366937,0.02633,-0.315508,-0.20971,-0.167167,-0.115133,0.410023,-0.104163,0.094616,0.00336,-0.128872,0.108639,0.069276,-0.095457,-0.132069,0.275752,-0.316825,-0.190521,0.567345,0.396198,-0.190879,0.455426,0.280094,0.115152,0.257273,0.491528,-0.023875,0.053005,0.06728,-0.063505,0.392408,-0.078367,0.202738,0.406992,0.222273,-0.205776,0.270468,0.498558,-0.299841,-0.13389,0.145663,#
7,-0.086618,-0.101611,-0.084228,-0.0885,-0.040381,0.223594,0.189149,1.0,-0.170083,-0.294119,-0.277091,-0.159493,-0.100219,0.044438,0.155008,-0.11938,0.076239,-0.087797,0.068329,-0.012284,0.03542,0.374262,-0.260146,-0.184524,0.050997,0.190351,0.219172,0.032707,-0.379807,-0.123425,0.036597,0.298938,0.306476,-0.107306,-0.068239,0.103361,0.050045,-0.040018,0.144748,-0.119296,-0.038307,0.133424,0.302989,-0.054834,-0.176837,0.19156,-0.063645,-0.086709,-0.185546,-0.166101,-0.030888,-0.022804,0.000726,-0.303847,-0.028417,0.161627,0.131805,0.045623,-0.136505,0.147693,-0.139422,0.154569,-0.22859,0.322998,0.190538,0.129548,-0.064986,0.128865,-0.087638,-0.274394,0.021514,-0.002489,-0.094,-0.034039,0.0325,-0.205576,0.150914,0.006794,-0.1468,0.062121,0.143043,-0.068613,0.28574,-0.238184,0.128306,0.274707,0.113936,0.133673,0.075461,0.072014,0.053593,-0.000461,0.232659,-0.187032,0.151613,0.141839,-0.202525,0.121125,-0.072683,-0.138391,0.028517,-0.170958,0.099102,-0.082385,-0.126911,-0.018726,0.152182,-0.323737,0.09167,-0.256171,-0.206029,0.095918,0.146621,0.01924,0.032533,0.148142,0.092156,0.046586,-0.071128,0.063232,-0.02869,0.090376,-0.138468,0.049011,0.080389,0.16274,0.052935,-0.349376,0.068973,0.051028,0.047961,-0.092834,-0.00426,-0.160793,0.085074,-0.040588,0.166272,0.069359,-0.113329,-0.128473,-0.120039,-0.171963,-0.053929,0.113096,-0.015168,-0.268608,-0.015441,-0.08831,0.045016,0.037914,0.071283,0.124356,0.29918,0.092106,0.237057,-0.034283,0.028513,-0.198196,-0.268912,0.094708,0.172451,-0.121113,0.096009,0.008141,0.047379,0.06966,-0.048265,0.156586,-0.12884,0.207626,-0.048061,0.009798,0.093169,0.122625,-0.086071,0.030308,0.058031,-0.062039,-0.099333,-0.062384,-0.108686,-0.176717,0.071451,0.041064,-0.067467,-0.061858,-0.023923,0.142335,0.051318,-0.150515,-0.043447,0.186501,-0.053999,-0.163649,0.014526,0.129506,-0.252721,-0.079165,0.04524,-0.169333,#
8,0.346865,0.01182,0.027083,-0.288488,0.110406,-0.091702,0.393773,-0.170083,1.0,-0.022829,0.215279,0.241451,0.185632,-0.012918,0.144197,-0.038843,-0.127824,0.199218,0.339,-0.026953,-0.136023,-0.026943,0.234493,-0.086839,0.051845,-0.256306,-0.089827,0.067408,0.373302,0.058865,-0.116484,0.025835,0.167174,-0.036153,-0.166343,0.032081,0.368995,-0.108759,-0.031037,-0.040073,-0.00597,-0.160626,-0.227732,0.038876,0.112831,-0.220695,0.199077,0.167395,0.120669,0.263253,0.069701,-0.078917,-0.062633,0.24486,0.031706,0.034099,-0.018717,-0.052074,0.079026,-0.025019,-0.071064,-0.125297,-0.17367,0.01889,-0.043399,0.064628,0.330255,-0.159684,0.235341,0.213335,0.099991,-0.20198,0.058403,-0.089333,-0.150596,0.049696,-0.016501,-0.295543,-0.229241,-0.088688,-0.085366,-0.197321,-0.102662,-0.005753,-0.07076,-0.006481,-0.143113,-0.213447,-0.157245,-0.234321,0.069113,-0.053668,-0.222362,0.250118,-0.136593,0.157803,-0.12055,-0.325268,-0.04569,-0.064125,-0.218916,-0.278156,-0.292419,-0.126252,0.155715,0.048306,-0.115174,0.137172,-0.136111,0.148169,0.105288,0.00341,0.131218,-0.03483,0.009818,-0.501882,-0.110725,-0.064522,0.222792,-0.240315,-0.043481,-0.057472,-0.017223,-0.542743,-0.245805,0.061498,-0.107831,0.110068,-0.081372,-0.243478,0.186958,0.079758,-0.019878,-0.019214,-0.027379,-0.089538,-0.126003,-0.053205,0.173785,-0.061073,0.124785,0.102608,-0.355495,-0.149775,-0.220386,-0.122574,0.020025,0.269894,-2.3e-05,-0.15249,0.04381,-0.123128,-0.110943,-0.214229,-0.102795,-0.283298,0.036373,0.35603,0.060414,-0.162388,0.161192,-0.104568,-0.097565,0.141106,0.088382,0.034668,-0.079755,-0.009107,-0.050142,0.064407,-0.198611,0.228657,0.090289,-0.200127,0.030832,-0.235563,-0.087476,0.268764,0.110739,-0.108889,0.243512,0.208514,-0.144106,-0.012213,0.103035,0.217793,-0.050746,0.040862,-0.31103,0.064046,0.076337,-0.117559,0.083657,0.104729,-0.210172,0.093986,0.206262,-0.137462,0.053488,-0.060861,#
9,0.042455,0.12872,0.194899,-0.196046,0.064461,-0.039297,-0.085701,-0.294119,-0.022829,1.0,-0.170536,0.160792,0.197751,0.294771,-0.333579,-0.114604,-0.48981,0.307195,-0.060911,0.022135,0.043414,-0.194902,0.09308,0.02949,0.115834,0.064749,0.060399,-0.203892,-0.015141,0.238158,0.008511,-0.09606,-0.16231,0.252658,-0.160877,0.308337,-0.003205,-0.16176,-0.132214,-0.168081,0.103339,0.252019,0.144351,0.269251,0.15777,-0.346587,-0.024646,0.443946,0.054312,0.204653,-0.18402,-0.116271,0.037433,0.072746,-0.202714,-0.412238,-0.035574,-0.101269,0.219102,-0.000625,0.057896,0.265698,-0.097798,-0.274125,0.097739,0.003994,0.070098,0.242285,0.028104,-0.097881,0.021318,-0.183866,-0.010282,0.02166,0.162827,0.176081,-0.110914,-0.296311,0.014579,0.142195,-0.06137,0.037587,-0.184465,-0.031815,0.071785,-0.21126,-0.141763,-0.140136,-0.083862,0.096488,-0.243531,0.034429,-0.20862,0.189229,-0.093321,0.139066,0.157851,-0.079944,0.139505,-0.082371,-0.181558,-0.082419,-0.019171,0.078719,-0.09279,-0.043469,-0.110153,-0.136429,-0.110388,0.010368,0.382448,0.148732,-0.031666,-0.08687,-0.057011,-0.040479,-0.223203,-0.2118,0.312588,-0.354792,-0.063448,0.231975,0.035145,-0.004952,-0.231732,5.5e-05,-0.109898,-0.030097,-0.056324,0.186284,0.028073,0.206997,0.028161,0.746114,-0.139658,0.050315,-0.044172,-0.005155,0.349875,-0.189761,0.176887,0.017634,-0.019149,0.037905,0.159851,0.117692,0.167564,0.076672,-0.202733,0.184751,-0.448529,-0.129647,0.049849,0.01957,0.111272,0.172584,0.204342,0.338172,0.036511,0.10775,-0.062128,0.06272,-0.124768,0.308516,0.170625,0.151996,-0.129936,-0.10394,0.02609,-0.01157,0.076898,0.010107,-0.062968,-0.274546,0.157542,0.159151,-0.056667,-0.005286,0.253255,0.025487,0.051332,-0.03028,-0.370206,0.035029,-0.143327,-0.02779,0.085574,-0.111646,-0.337758,0.310286,0.064492,-0.285225,-0.105414,0.037255,-0.000804,-0.265141,0.065656,0.068165,0.392807,-0.080514,#
10,-0.193919,-0.190365,0.000989,0.06692,-0.249618,-0.01664,0.276561,-0.277091,0.215279,-0.170536,1.0,-0.042641,-0.184955,0.013399,0.192883,0.190048,-0.002163,-0.231902,0.06005,0.133538,-0.144734,0.034957,-0.098284,0.062457,-0.06136,0.18016,-0.127914,0.110754,0.26034,-0.149327,0.036909,-0.031007,-0.150369,-0.228781,0.252691,-0.194187,-0.087428,0.071131,-0.019839,0.280085,-0.347942,-0.114237,-0.285321,-0.033977,0.164981,0.055495,-0.279012,-0.298683,0.216036,-0.051559,0.143882,0.240749,0.006867,0.346925,-0.030587,0.214855,0.138102,-0.216559,0.060445,0.132528,0.142135,-0.008079,0.153349,0.046899,0.090218,-0.165298,-0.017836,-0.126252,-0.317155,0.084171,-0.076183,0.164644,0.253441,0.135833,-0.12348,0.198349,-0.099515,0.154545,-0.032439,-0.067418,-0.068515,0.089697,-0.059165,0.018214,-0.111125,-0.073589,0.219227,0.019362,-0.22337,-0.181767,0.092375,-0.219134,0.078702,-0.092676,-0.075253,0.144955,0.02073,-0.190584,-0.294936,0.034288,-0.013072,0.109511,-0.194477,0.031101,0.265252,0.130234,-0.017258,0.087899,-0.218486,0.323617,-0.11655,-0.130752,-0.219525,0.268134,-0.097862,-0.097037,-0.089883,0.045025,-0.176761,0.118752,0.055678,-0.095527,0.179469,0.124582,0.082835,-0.03144,-0.009863,0.068745,-0.066598,-0.13935,0.108149,-0.17934,-0.158826,-0.193627,0.167159,0.226233,0.142922,-0.063712,-0.078712,0.131198,0.029311,0.140054,-0.100151,-0.08684,0.063715,0.162585,-0.132643,-0.142699,0.352935,-0.172784,0.234589,0.070052,-0.352702,-0.055164,-0.073194,-0.19922,-0.312515,0.124965,0.251869,-0.053469,-0.008709,-0.264603,0.004679,-0.145557,-0.148472,-0.086086,-0.119391,0.140266,0.416917,-0.321106,0.165387,-0.345239,-0.121084,0.156768,0.132832,-0.21257,-0.33778,0.16115,-0.011366,0.039323,0.126944,0.212193,0.101307,0.294984,0.012788,0.23402,-0.136431,-0.206242,0.265944,0.031747,0.022873,0.169405,0.068849,-0.026155,-0.018819,-0.054418,0.15623,-0.022115,-0.043494,0.123198,#
11,0.27356,0.072888,-0.049628,-0.316344,0.244133,0.170511,0.269589,-0.159493,0.241451,0.160792,-0.042641,1.0,0.089161,0.017155,-0.036764,0.27929,-0.039733,-0.168866,-0.201936,-0.308439,-0.078608,-0.015513,-0.082459,0.045961,0.121477,-0.142314,-0.062892,-0.308516,0.225015,0.168461,-0.315922,0.004921,-0.169864,-0.07879,-0.121459,0.362182,-0.24356,-0.117607,-0.200034,0.038061,0.154086,-0.083589,-0.27062,-0.11756,-0.069038,-0.045219,-0.058871,0.087047,0.050763,0.083262,-0.064181,-0.357962,-0.031023,0.017316,0.123924,-0.145777,-0.22373,0.057272,0.028056,0.223966,-0.232416,0.26296,0.017001,0.062427,0.206772,-0.205485,-0.048179,-0.003664,0.184027,-0.081838,0.028653,-0.255436,-0.019923,-0.363402,-0.304876,0.099083,-0.213827,0.046587,-0.284743,-0.267158,-0.264716,-0.248028,-0.170092,-0.006833,-0.157184,-0.101803,-0.207173,-0.475066,-0.178731,-0.125991,-0.101311,-0.013921,-0.058543,-0.284546,-0.251226,0.035707,-0.148967,-0.294675,-0.240082,-0.065624,0.076905,-0.128086,-0.068583,-0.261367,0.00184,-0.236521,0.01752,-0.126558,-0.267602,-0.042311,-0.190422,-0.055205,-0.342125,-0.093205,-0.047278,-0.344914,-0.212292,-0.083848,-0.306261,-0.08334,-0.104367,-0.30186,-0.275285,-0.100024,0.05724,-0.231381,-0.04416,-0.101774,-0.142421,-0.175657,-0.198493,-0.039927,-0.092546,0.034378,-0.233434,-0.100727,-0.159961,-0.330219,0.075693,-0.223737,0.07791,-0.038385,-0.283794,-0.139953,-0.286761,-0.273576,-0.161344,0.050343,-0.259987,-0.297521,-0.228486,-0.268841,-0.137714,-0.247105,-0.181995,-0.376303,0.096375,0.099188,-0.087512,0.000684,0.024052,-0.168261,-0.044879,-0.09573,-0.174152,0.074482,0.143535,0.171773,0.234221,-0.264703,0.162651,0.04027,-0.057566,-0.157361,0.222937,-0.324819,-0.274349,0.068276,0.16619,-0.20428,0.37499,0.003299,0.304867,0.060384,0.297833,-0.183666,0.02765,0.060225,0.066308,0.333857,0.069359,0.236826,0.364044,0.003813,-0.083658,0.256818,0.151746,-0.242364,-0.053681,-0.058938,#
12,0.448044,0.012922,-0.069502,-0.231701,0.230117,-0.148811,0.08469,-0.100219,0.185632,0.197751,-0.184955,0.089161,1.0,0.163989,0.050634,0.076284,-0.013371,0.177374,0.096586,0.009796,-0.096384,0.107264,0.246163,-0.173225,-0.172202,-0.140583,0.052425,-0.082376,0.193864,-0.111626,-0.37516,0.145508,0.027338,0.127882,-0.051651,0.085118,0.289435,-0.042058,-0.047653,-0.11252,0.174034,0.209965,0.016415,0.009238,0.136235,-0.030556,0.299828,0.210344,0.05598,0.194956,-0.035848,-0.161826,0.036885,-0.085924,-0.003422,-0.168271,-0.174317,0.171889,0.07463,-0.091247,0.016698,-0.121805,-0.2636,-0.001906,0.093031,0.218922,0.149376,0.006285,0.270794,-0.16401,0.148164,-0.280024,-0.08375,-0.181912,0.00944,0.222956,-0.041328,-0.334375,-0.090188,-0.18938,-0.255536,-0.196221,-0.199185,-0.188003,0.011193,-0.120323,-0.242716,-0.154219,-0.178358,-0.087199,-0.187038,-0.319825,-0.180799,0.042717,-0.079115,-0.122505,0.020923,-0.174585,-0.067244,-0.571018,0.321351,-0.252857,-0.33714,-0.329792,-0.199387,0.068308,-0.146041,-0.1402,-0.316136,-0.005841,0.206283,-0.121045,0.110431,-0.311733,-0.310109,-0.216471,-0.446433,-0.092984,0.185625,-0.428409,0.063617,-0.317429,-0.100106,-0.230262,-0.238347,0.09655,-0.412192,0.09988,-0.201079,-0.184831,-0.090305,0.047437,0.050181,0.131739,-0.290239,-0.124334,0.018367,0.022124,0.037035,-0.404272,-0.254687,-0.121267,-0.268831,0.122134,-0.310281,-0.107279,-0.160481,0.299292,-0.449893,-0.10834,-0.08067,-0.232044,0.021921,-0.08089,-0.186873,-0.079341,0.23621,0.29109,-0.350928,-0.205846,-0.12294,-0.043401,-0.378557,-0.033326,0.170337,0.064225,-0.212188,-0.044684,-0.317745,0.041404,0.124666,0.213022,0.055471,-0.225441,0.102321,0.027853,0.051537,0.290579,0.207686,-0.320707,0.149279,0.254865,-0.097647,0.004677,0.096703,-0.103888,0.261945,-0.06896,-0.346121,0.317537,-0.187484,-0.015668,0.135961,0.301586,-0.088649,0.043761,0.235682,-0.154516,-0.054563,0.055688,#
13,0.017945,-0.035072,0.055324,-0.164664,0.145693,0.371656,0.040578,0.044438,-0.012918,0.294771,0.013399,0.017155,0.163989,1.0,-0.010053,-0.020139,-0.2326,0.150094,0.171448,-0.063013,0.059468,0.015105,0.23958,-0.106705,-0.121782,-0.237234,0.206059,0.052926,0.073276,-0.124569,0.11592,0.24207,0.122181,-0.094448,-0.204852,0.13294,0.092835,0.084976,-0.11358,-0.413856,0.083458,0.305285,0.318275,0.265651,-0.033563,-0.338308,0.185948,0.195307,0.138727,-0.056302,0.033222,0.056631,-0.050993,-0.247049,-0.303101,-0.254281,0.14886,0.039123,0.015397,-0.01687,0.067345,0.249481,-0.183702,0.025794,0.124333,0.281821,0.274961,0.283156,0.175849,-0.037547,-0.00218,-0.238812,0.108335,-0.199675,0.014908,0.259427,-0.030041,-0.205668,-0.143175,0.066289,-0.119346,-0.175273,-0.030027,-0.015049,0.003894,-0.055283,0.022562,-0.151205,-0.158994,-0.130734,-0.058777,-0.17439,-0.056445,0.051584,0.076138,-0.034952,-0.084092,0.100381,-0.073297,-0.269098,0.006031,-0.067824,0.073793,-0.079981,-0.000362,-0.135008,-0.114001,-0.399182,-0.104762,-0.074999,0.160724,0.144245,-0.016458,0.093842,-0.06245,-0.019234,-0.28489,-0.1042,0.162234,-0.171384,0.007485,0.005669,-0.041101,-0.066397,0.024565,0.070713,-0.27706,0.003332,-0.051313,-0.071215,0.044607,0.281029,-0.196836,0.217655,0.010271,-0.119054,-0.024151,0.085318,0.179613,-0.084884,0.015353,-0.197602,-0.105269,-0.223734,-0.067531,0.08216,0.110076,-0.045732,-0.110923,0.112448,-0.175599,0.076846,-0.115196,-0.053249,0.129963,-0.01537,0.299609,0.334801,-0.204641,0.119286,-0.009742,-0.13626,0.063757,0.230374,0.036932,0.150737,0.149345,0.109431,-0.148005,0.230603,-0.012164,0.112526,-0.241551,-0.099868,0.009589,0.083577,-0.153379,0.068259,0.246372,-0.105929,0.109956,-0.123557,-0.143366,0.017195,0.09118,-0.051629,0.153719,-0.091861,-0.122894,0.07582,-0.028212,-0.131454,0.132592,0.090033,0.187418,-0.101752,0.055858,-0.173742,0.219984,0.013106,#
14,0.157148,0.178434,-0.195607,-0.021387,-0.000558,0.212773,0.052167,0.155008,0.144197,-0.333579,0.192883,-0.036764,0.050634,-0.010053,1.0,0.156192,0.016687,-0.23721,-0.026586,-0.090543,-0.168468,0.358278,0.098467,-0.080909,-0.001775,-0.040281,-0.065573,0.123149,0.31293,0.064418,-0.295289,0.326357,0.073079,-0.016676,-0.132863,-0.20498,0.010857,0.133809,0.351143,0.163001,-0.241066,0.066684,-0.031885,-0.066231,-0.131951,0.348454,0.270736,-0.306547,0.094741,0.129396,-0.042549,0.108181,-0.019885,-0.19448,0.072307,0.218591,-0.098761,0.158802,-0.385324,0.202332,0.259941,-0.090186,0.020812,0.41621,0.22293,0.191316,-0.23623,0.027949,-0.005544,-0.153317,0.063431,-0.066607,0.243653,-0.169902,-0.248029,-0.128621,-0.118933,0.20073,-0.199267,-0.286361,-0.148201,-0.223519,-0.142068,-0.186374,-0.250667,-0.01154,-0.125185,-0.236487,-0.24037,-0.219159,0.003081,-0.181933,0.030131,-0.088803,-0.046638,-0.041283,-0.209194,-0.274766,-0.180447,-0.180749,0.014663,0.008823,-0.207552,-0.306812,-0.075011,0.126215,-0.204765,-0.088256,-0.026014,-0.211684,-0.354409,-0.052789,-0.24122,0.029539,-0.437757,-0.135692,-0.2533,-0.019478,-0.187414,-0.090388,-0.101688,-0.255773,-0.09365,-0.017973,0.099294,-0.003374,0.107257,-0.110207,-0.26514,-0.271307,0.097306,-0.422333,-0.280257,-0.278532,-0.371229,-0.039827,-0.074317,-0.286083,0.101668,-0.149113,-0.163986,-0.345455,-0.280472,-0.215949,-0.341891,-0.114405,-0.164841,-0.194232,-0.038737,-0.316822,0.030078,-0.103436,-0.048449,-0.081536,-0.225024,-0.190588,0.02836,0.11533,-0.291634,-0.031936,-0.261261,-0.193732,-0.026895,-0.391724,-0.193047,0.139254,-0.071233,0.096703,-0.152005,-0.222668,0.041818,0.108107,-0.227214,-0.040045,0.333246,-0.048062,-0.053551,0.106771,-0.005407,-0.236177,0.180471,0.261716,0.201227,0.196514,0.172876,-0.088819,0.22516,-0.003634,0.188956,0.020813,-0.373113,0.362106,0.053495,0.098638,-0.176612,-0.124344,0.155595,-0.304636,0.017642,0.080701,#
15,-0.02852,-0.083142,-0.257313,-0.099065,-0.147094,0.018452,0.176361,-0.11938,-0.038843,-0.114604,0.190048,0.27929,0.076284,-0.020139,0.156192,1.0,0.022743,-0.44897,0.148942,-0.124099,0.036543,0.101371,-0.153152,-0.161478,-0.252224,0.124002,-0.149183,-0.062973,0.104125,-0.128322,-0.340852,0.019874,-0.065794,-0.106821,0.268627,0.060161,-0.178929,0.103863,-0.282935,0.152142,0.001921,-0.086234,-0.10206,-0.116862,0.06236,0.148083,0.00225,-0.271408,0.220565,0.047527,0.035122,-0.046414,-0.091173,0.040781,-0.185091,0.056237,0.082227,-0.026654,0.046716,0.145305,-0.059147,0.068266,0.077154,0.296842,0.135696,-0.196649,-0.210662,0.121242,-0.046123,-0.229997,0.019117,0.071282,0.044337,-0.166063,0.002927,0.019584,-0.21758,0.07058,-0.034977,-0.278795,-0.047861,-0.16236,-0.158119,-0.202501,-0.080851,-0.04355,-0.131578,-0.17465,-0.082311,0.061872,0.210397,-0.056154,0.244874,-0.408449,-0.140917,0.011524,-0.11915,-0.377589,-0.377792,-0.037977,0.303257,0.004588,-0.204751,-0.037907,-0.075043,0.062454,-0.324024,-0.08783,-0.151624,-0.012325,-0.36822,-0.358529,-0.142765,0.141462,-0.204151,-0.039792,-0.075798,0.058466,-0.436635,0.128566,-0.047987,-0.216331,0.029035,0.30839,0.151785,-0.233311,-0.022958,-0.049853,-0.091872,-0.07595,-0.133578,-0.173716,-0.120535,0.04137,-0.155319,-0.060636,-0.057334,-0.284645,-0.152289,-0.009897,-0.108787,-0.179321,-0.11089,-0.049917,-0.36873,0.232086,-0.355991,-0.123776,-0.176188,-0.343719,-0.020626,-0.176674,-0.223718,-0.078089,-0.27987,-0.186391,-0.141163,-0.054465,-0.127023,-0.062705,-0.471958,-0.353936,-0.118793,-0.349902,-0.243168,0.11128,-0.108924,0.150048,0.038433,-0.196063,0.043882,0.117018,-0.116609,-0.007653,0.163396,-0.295297,-0.129432,-0.034239,-0.260945,-0.073106,0.112718,0.189134,0.505816,0.205991,0.226434,-0.145991,0.049082,-0.04227,0.535492,-0.038662,-0.284401,0.327332,0.189466,0.018465,-0.017489,0.144899,0.355595,-0.031058,-0.204169,0.014819,#
16,0.161068,-0.094465,-0.007768,0.127317,0.185805,-0.030082,-0.087459,0.076239,-0.127824,-0.48981,-0.002163,-0.039733,-0.013371,-0.2326,0.016687,0.022743,1.0,-0.21026,-0.156147,-0.133437,-0.284519,0.021923,-0.13233,0.128336,-0.146862,-0.149483,-0.159851,0.042704,-0.123305,-0.130393,0.009025,0.231637,-0.060265,-0.331791,0.024318,-0.375867,-0.178246,0.087811,0.032052,0.112837,-0.102196,-0.146173,-0.173269,-0.097468,0.066187,0.238509,-0.010965,-0.190851,-0.176444,0.0324,0.166195,-0.030556,0.143617,-0.010737,0.202027,0.138421,-0.136116,0.028015,-0.315164,-0.011657,-0.004051,-0.226017,0.109542,0.180068,0.056497,-0.030839,-0.099158,-0.177123,-0.072925,0.092974,-0.030246,0.105005,0.101833,-0.175237,-0.355699,0.073912,-0.149652,0.030001,0.027114,0.005748,0.052237,-0.073333,0.080851,0.18689,-0.080074,0.041694,0.047056,-0.007689,-0.044215,-0.244968,0.170696,-0.060691,0.081282,-0.224438,0.01756,-0.226418,0.012496,0.036784,0.011786,-0.04127,0.245799,-0.024342,-0.052802,0.067251,-0.033679,-0.217045,0.269243,-0.060295,-0.043017,0.157336,-0.19901,-0.070847,-0.026546,-0.007511,-0.138075,0.002778,0.214633,-0.129734,-0.129345,0.247509,-0.1525,0.052363,-0.362527,0.013083,0.00384,-0.184353,-0.117419,0.111281,-0.207002,0.022866,-0.185704,-0.21633,0.032877,-0.28889,0.096487,-0.149753,0.08559,-0.323069,-0.502605,0.016972,-0.059466,0.128039,0.033311,0.134908,-0.200433,-0.05339,-0.206602,0.071076,-0.048445,-0.008359,0.208277,0.113647,-0.008263,-0.136136,-0.303752,-0.162397,-0.243984,-0.099467,-0.118688,-0.182138,-0.085833,0.035286,0.094464,-0.263355,0.031672,-0.061731,-0.030375,-0.055818,0.075744,-0.010056,0.326596,-0.106382,-0.094415,0.143685,-0.151836,-0.133267,-0.048569,-0.173541,-0.217762,-0.094067,0.006364,-0.320912,0.422679,0.106539,0.015926,-0.008443,0.076268,-0.013067,0.181773,-0.123152,0.020425,0.176865,0.103836,0.203668,0.11886,0.175001,-0.049062,0.13486,-0.386681,0.113225,#
17,0.012733,0.105185,0.2578,0.006756,-0.028999,-0.110902,-0.118935,-0.087797,0.199218,0.307195,-0.231902,-0.168866,0.177374,0.150094,-0.23721,-0.44897,-0.21026,1.0,0.063934,0.343275,0.15479,-0.067683,0.319212,0.136344,0.257728,-0.178888,0.186704,0.037071,-0.077616,0.040929,0.265125,0.040465,0.094228,0.276894,-0.174523,0.075272,0.350732,-0.28915,0.095759,-0.317369,0.089816,0.281629,0.2529,-0.013081,0.137289,-0.274547,0.188368,0.410984,-0.086073,-0.009854,0.121826,-0.048924,-0.278856,0.056838,-0.300178,-0.162754,-0.040292,-0.10739,-0.004489,-0.225156,-0.096044,-0.076003,-0.116393,-0.346912,-0.225083,0.068818,0.207223,0.028381,0.249584,0.338169,0.002604,-0.09114,-0.210032,0.266773,0.175072,-0.076149,0.132156,-0.331668,0.090045,0.136498,0.082196,0.087202,-0.01091,0.23633,0.162623,0.096196,-0.162763,0.182585,0.035235,0.082406,-0.020399,0.028801,-0.258341,0.540543,0.13971,-0.011369,0.125282,0.18521,0.207194,-0.091844,-0.235386,-0.168456,-0.180666,0.226903,0.165882,0.136019,0.080979,0.093645,0.101979,-0.011405,0.50063,0.189764,0.411831,-0.096345,0.213738,-0.035174,-0.142438,-0.128396,0.661932,-0.307405,0.018017,0.193134,0.021774,-0.406712,-0.285692,0.2295,-0.090223,0.061624,-0.08261,-0.071319,0.190044,0.198216,0.296383,0.237236,0.127624,0.048339,-0.1234,0.395726,0.273779,-0.041825,0.118571,0.095748,0.042939,-0.123942,0.089525,0.040098,0.28259,0.289369,-0.216037,0.383051,-0.125007,0.104028,0.172756,0.06398,0.218762,0.22601,0.199423,0.159432,0.042684,0.160936,0.334129,0.372978,0.132499,0.674416,0.231361,0.08363,0.056688,-0.207554,-0.381307,0.280214,-0.182045,0.214938,0.077087,-0.238448,-0.209054,0.171262,0.328039,0.195497,0.272525,-0.128383,0.043987,-0.161601,-0.752579,-0.162764,-0.169596,0.002874,-0.138686,0.148165,-0.54175,0.154751,0.027213,-0.411408,-0.230788,-0.033312,-0.063029,-0.107995,-0.082918,0.046969,0.255988,-0.255363,#
18,0.066495,-0.017767,0.081742,-0.037727,-0.135566,-0.136409,0.138152,0.068329,0.339,-0.060911,0.06005,-0.201936,0.096586,0.171448,-0.026586,0.148942,-0.156147,0.063934,1.0,0.105273,0.006787,0.138136,-0.044164,-0.119479,-0.476953,-0.152756,-0.077567,0.297689,0.165834,-0.339428,-0.013566,0.190319,0.111549,-0.070319,0.067816,0.001566,0.266592,0.333653,-0.160046,-0.201297,0.246854,-0.036629,-0.115759,-0.003295,-0.080984,-0.229959,0.228516,-0.07092,-0.010734,0.109265,-0.209862,0.264617,0.058761,0.102394,-0.321106,-0.055991,-0.046708,-0.074326,0.059939,-0.241398,0.015689,-0.046026,0.047635,-0.073646,-0.080674,-0.000684,0.377182,-0.1728,0.059851,-0.040789,-0.072131,0.008272,-0.072881,0.215513,0.074698,-0.12399,0.305208,-0.324272,0.076536,-0.05211,0.039779,0.051393,0.046048,-0.190248,0.091493,0.079878,0.066112,0.117276,-0.017052,0.233731,0.352304,0.081587,-0.024323,0.146789,0.08703,0.217051,0.081853,0.010607,0.022229,-0.117078,-0.054114,0.015901,-0.124373,0.117742,-0.037189,0.184219,-0.142106,-0.00471,0.247054,-0.057878,0.075294,-0.07672,0.255166,0.159241,0.141679,-0.147412,0.204151,0.268611,0.214427,-0.033055,0.214412,0.105407,0.291063,-0.008088,0.037794,0.160509,-0.082754,0.22311,0.241355,0.193085,0.286287,0.306403,0.057287,-0.049606,0.307873,0.133413,-0.072017,0.18316,-0.109336,0.046365,0.110988,0.063637,-0.131792,0.018993,0.170367,0.205671,0.188718,0.103729,-0.128735,0.120052,0.230723,0.15867,0.174845,-0.035193,0.209086,0.135161,0.0727,0.143621,0.183216,-0.033951,-0.077203,0.000469,-0.045224,0.082899,0.429611,0.00179,0.12632,-0.056304,-0.12267,0.425252,-0.50723,0.414683,0.244153,0.074419,-0.04574,0.163674,0.020414,0.09264,-0.16374,0.102501,0.003839,0.11907,-0.148897,-0.06041,-0.069491,0.072347,0.190059,0.094605,-0.070782,-0.3178,0.030403,-0.184181,-0.075255,-0.042304,-0.044149,0.018612,0.091173,0.06552,0.170988,-0.052608,#
19,-0.155991,-0.02515,-0.005815,0.055739,-0.229014,-0.107694,-0.065034,-0.012284,-0.026953,0.022135,0.133538,-0.308439,0.009796,-0.063013,-0.090543,-0.124099,-0.133437,0.343275,0.105273,1.0,0.049087,0.196237,0.060629,0.006265,-0.023849,0.095642,0.180443,0.122771,-0.097831,0.000589,0.230837,-0.052104,0.28785,0.094816,0.25606,-0.222428,0.003285,0.089904,-0.113346,-0.102464,0.041327,0.179352,-0.136872,-0.112934,0.000328,-0.218437,-0.035716,0.070766,-0.003509,-0.077978,0.149806,0.149366,-0.203529,0.030061,-0.214022,0.210936,0.038432,-0.108549,0.077398,-0.159941,0.067904,-0.1885,0.074569,-0.102803,0.06169,0.01205,0.376891,0.083397,-0.002765,0.25633,0.012195,0.074416,0.022743,0.234377,0.186606,-0.108138,0.258847,-0.075184,0.172633,0.201306,0.051007,0.239688,0.069625,-0.081052,0.262233,0.264182,-0.089188,0.305606,0.201942,0.096946,0.079035,-0.063637,-0.218779,0.186168,0.218327,0.262045,0.312724,0.004901,0.090568,-0.006,-0.128121,-0.176443,-0.127739,0.207968,0.124497,0.325869,0.01107,0.256817,0.005752,0.12238,0.479231,-0.201043,0.22775,-0.131464,0.193484,0.16102,0.180231,0.124445,0.295498,-0.06327,0.138846,0.23311,0.073705,-0.086617,-0.211743,0.328506,0.079501,0.136035,0.129795,0.0566,0.105947,0.188303,0.075422,0.076563,0.123973,0.155218,-0.201243,0.241003,-0.032417,0.198695,0.271376,-0.061094,0.091224,0.07308,0.134957,0.096963,0.27749,0.003795,0.282255,0.299094,0.13389,0.051389,0.306215,0.318333,0.213458,0.446305,0.024066,-0.207422,0.31172,0.22707,-0.061888,0.173907,-0.058241,0.435906,0.125113,-0.025422,0.211147,0.140534,-0.094728,0.22756,-0.15701,-0.209682,0.226999,0.177638,-0.105839,0.3449,0.406274,0.038274,0.10105,0.24804,-0.015356,-0.04188,-0.492124,-0.080556,-0.129659,0.276653,-0.045186,0.072228,-0.292034,0.133712,0.022901,-0.229294,-0.277884,-0.25426,-0.234633,-0.021899,-0.07366,0.159209,0.012644,-0.089886,#
20,-0.279248,-0.029789,-0.127804,-0.125503,0.009746,0.216,0.059847,0.03542,-0.136023,0.043414,-0.144734,-0.078608,-0.096384,0.059468,-0.168468,0.036543,-0.284519,0.15479,0.006787,0.049087,1.0,-0.229471,0.057357,-0.143136,0.025403,0.085311,0.079385,-0.037427,-0.032203,0.136956,0.037185,-0.018961,0.039589,0.141581,-0.025744,0.146122,0.022733,-0.107973,-0.088967,-0.164397,0.034858,-0.042514,0.223635,0.128596,-0.061499,-0.031163,-0.231625,0.115194,0.219454,-0.33906,0.053671,-0.207489,-0.085636,-0.111342,-0.208589,-0.043852,0.164253,-0.118064,0.159856,0.104657,0.006242,0.045502,-0.160599,-0.129993,-0.326715,0.033574,-0.143068,0.257663,0.110263,0.045214,0.043848,0.008804,-0.187485,0.125183,0.256402,0.093038,0.190806,0.126966,-0.058919,-0.093484,0.034723,0.040148,0.053901,0.001015,-0.020515,-0.046425,-0.07103,0.252859,0.117312,0.30691,-0.088542,0.00586,0.027957,-0.056242,-0.072669,0.026958,-0.069846,-0.106429,-0.080263,0.236606,-0.100226,0.07088,-0.048439,-0.079196,-0.029116,0.013965,-0.107702,-0.091958,0.162272,-0.423822,0.183826,0.036609,0.0039,-0.170604,0.230186,0.175192,0.108623,0.14534,-0.037462,-0.049416,0.238596,0.151672,0.166578,0.002973,-0.089766,0.123887,0.070943,0.237064,0.102878,-0.037226,0.043778,0.032346,-0.101441,0.040614,0.088014,0.128076,-0.249122,0.238848,0.101745,0.131531,-0.023626,-0.063471,-0.120369,-0.0901,0.087055,0.0541,0.282068,0.246349,-0.01162,-0.122892,-0.149486,0.093238,0.099953,-0.030781,-0.037085,-0.021537,0.00063,0.025782,-0.004315,-0.005362,0.019557,-0.002663,0.05938,0.110637,-0.127901,0.103345,-0.007047,-0.07971,-0.079649,0.281999,-0.131849,-0.051609,-0.157512,0.035191,-0.045249,0.019897,0.113253,0.109058,0.040156,-0.096746,0.119065,-0.161147,-0.119555,0.128376,0.159378,-0.338244,-0.051475,-0.041507,0.010418,0.090719,-0.021157,0.033809,-0.061672,-0.24099,0.003306,0.082201,0.043582,-0.023509,0.06572,0.106295,#
