0,1.0,0.240123,-0.025836,-0.026359,0.270921,0.151436,0.009932,-0.084807,0.184188,0.164489,-0.108402,-0.008291,-0.043793,0.208889,0.296768,0.043573,0.06939,-0.049725,-0.122554,-0.190717,-0.09983,-0.152126,-0.162832,-0.114353,0.249801,-0.410835,0.098978,-0.226087,0.230531,0.115294,-0.356902,-0.00018,-0.106666,-0.210812,0.169665,0.155956,0.092282,-0.146066,-0.059164,0.162355,-0.015646,-0.039471,-0.406309,-0.158612,0.258538,-0.242607,0.080372,0.009875,0.03319,-0.07216,-0.02343,-0.153162,0.037875,0.06186,0.133929,0.001896,-0.16771,0.072013,-0.216461,0.303353,0.179352,0.370662,0.119485,-0.315665,-0.230019,-0.063963,0.003516,0.035298,0.102759,-0.053219,-0.061701,0.002478,0.084388,-0.04133,-0.075641,0.146908,-0.262291,-0.28016,-0.111616,-0.072869,0.012803,-0.210752,-0.032503,-0.26741,-0.203404,-0.025726,-0.166347,-0.102382,-0.099094,-0.362421,-0.069559,-0.345105,-0.040445,-0.014535,-0.089612,-0.153863,-0.055704,0.0154,-0.064305,-0.149379,-0.049706,-0.181246,-0.140561,0.075655,-0.035904,-0.136701,0.043178,-0.129107,-0.052959,-0.382156,0.056487,-0.080214,-0.120353,-0.208659,-0.2221,-0.332655,0.01828,-0.234121,0.06751,-0.27605,-0.061654,-0.071458,-0.241986,0.025085,0.157587,-0.133717,-0.125936,0.059052,-0.219339,-0.102345,-0.120613,-0.206892,-0.340814,-0.009587,0.046941,-0.179758,0.04726,-0.136453,0.063942,-0.173695,-0.12659,-0.339033,-0.010766,-0.458777,-0.220097,-0.221003,-0.158095,0.277945,-0.11798,-0.096558,-0.303465,-0.010737,0.095495,-0.277791,0.033577,0.03595,0.064304,0.177118,-0.061495,-0.174757,-0.173002,-0.166376,0.15372,-0.030775,-0.210753,0.165095,-0.049408,0.273478,-0.109333,-0.326217,0.176257,-0.002741,-0.066415,-0.077141,0.095165,-0.21123,-0.021117,0.120753,0.230764,-0.359861,0.166851,0.029219,-0.083619,0.166332,0.141744,-0.190686,0.299168,-0.148178,0.083698,0.204684,-0.350036,0.086791,0.130649,0.183438,-0.18766,0.073045,-0.081172,-0.215895,0.090921,-0.097402,#
1,0.240123,1.0,-0.102016,-0.04964,0.295441,0.276121,0.150604,-0.26372,0.223119,0.147526,0.029959,-0.003256,0.047652,0.242351,0.196888,-0.085464,-0.200549,0.245326,-0.100403,0.02793,0.220188,0.321571,0.312439,-0.109956,0.037557,-0.334038,0.253871,-0.037814,0.254877,0.34191,-0.346146,-0.125688,0.085843,-0.473486,-0.11006,0.06725,0.224094,-0.621376,0.001255,0.151156,0.147482,0.306573,0.011232,-0.118893,0.068496,0.028506,0.0811,0.335506,-0.034637,-0.072327,-0.198043,-0.461642,0.078529,-0.271993,0.021075,0.033246,-0.193367,0.302764,0.024413,0.328376,0.220556,0.1799,0.152195,-0.013283,-0.063778,0.340029,-0.032421,0.280267,0.373825,0.029488,-0.375008,-0.177312,0.181671,-0.149652,-0.298929,0.167365,-0.371744,-0.126697,-0.343245,-0.162677,-0.196767,-0.707355,-0.324418,-0.122575,-0.179827,-0.237618,0.039099,-0.392625,-0.089843,-0.171731,-0.280184,-0.305223,-0.24319,-0.057051,-0.307996,-0.236322,-0.300747,-0.36589,-0.108797,-0.373461,0.07995,-0.194696,-0.127355,-0.026296,0.006642,-0.149061,-0.260017,-0.597679,0.05647,-0.125001,0.090569,-0.093469,-0.428166,-0.327198,-0.094428,-0.180791,-0.196857,-0.082135,0.046671,-0.391633,-0.165844,-0.270584,-0.359185,-0.34874,0.025131,-0.10818,0.020149,0.225081,-0.229335,-0.373097,-0.167474,-0.293883,-0.240321,-0.268262,-0.298483,-0.354117,-0.165208,-0.248098,0.180414,-0.721456,-0.303232,-0.310041,-0.197696,-0.233831,-0.018949,-0.259823,-0.116429,0.412927,-0.166384,0.000319,-0.317304,-0.291766,-0.204403,-0.266951,-0.083034,0.024421,-0.009224,0.456126,-0.195376,-0.363134,-0.141512,-0.099563,-0.173609,0.184395,-0.170363,0.382875,-0.146086,-0.148614,-0.207186,-0.301996,-0.028997,0.062165,-0.370834,-0.194686,0.228041,-0.398194,-0.306395,0.070985,0.441852,-0.368972,0.554924,-0.091978,-0.290855,0.340262,0.443011,-0.379877,0.052071,-0.078327,-0.116384,0.488692,-0.403975,0.440543,0.424731,0.313716,-0.002706,-0.205496,0.024138,-0.273814,-0.099124,0.035529,#
2,-0.025836,-0.102016,1.0,0.236024,0.044873,0.026198,-0.019191,0.019021,0.221608,0.023734,0.052912,0.296842,-0.348148,0.089263,-0.220053,-0.273349,-0.176965,0.266751,-0.15738,0.061728,-0.198953,-0.235323,0.011076,0.080783,0.213656,0.055039,-0.141157,-0.058897,0.137365,-0.130142,0.091395,0.255442,-0.225153,0.139081,-0.038379,0.01775,-0.001861,-0.02785,-0.147585,-0.212296,-0.13531,-0.008479,-0.034595,-0.060142,-0.093434,-0.147313,-0.004362,-0.092804,-0.077887,0.309795,0.067205,0.219919,0.058455,0.230659,-0.038782,-0.089044,0.02672,-0.082301,-0.3174,-0.103876,0.220454,0.068515,0.002042,-0.142353,0.013173,0.022493,0.133069,-0.010122,-0.012436,0.281909,0.222969,0.133112,0.097991,0.116921,0.133192,0.115665,-0.146672,0.008549,-0.015803,-0.02464,0.162239,0.140674,-0.068874,0.404703,0.055755,0.038874,-0.15781,0.044542,0.017181,-0.057432,0.113388,0.145608,0.083907,0.154239,-0.0542,-0.074435,0.196864,-0.037968,0.310763,0.166681,-0.223808,0.003414,0.076764,0.287068,-0.013842,0.026877,0.263274,0.230708,-0.065964,0.078932,0.07219,0.146618,-0.001982,0.32336,0.128941,0.265246,-0.320662,-0.066284,0.114948,0.221362,-0.021204,0.247147,0.317797,-0.09156,-0.098092,0.12541,0.073551,-0.322874,-0.264495,-0.007194,0.190309,0.078995,-0.021879,0.092446,0.028608,0.037876,0.061965,0.274407,-0.061765,0.178456,0.28096,0.124922,-0.133982,-0.139365,0.108996,-0.013024,0.198214,0.050871,-0.017127,0.033203,0.106753,0.104626,0.166458,0.288791,0.202263,-0.10469,0.017947,0.106791,0.388342,0.079829,0.098729,-0.028483,0.390324,0.151244,0.233026,-0.106642,0.014391,-0.237871,0.164497,-0.052627,0.044494,0.008076,-0.010047,0.007198,-0.167617,0.223257,0.093541,0.365192,-0.124433,-0.147924,-0.132272,0.00153,0.096017,-0.217986,-0.073518,0.305995,0.002181,-0.006321,-0.187237,0.19163,0.075895,-0.229151,0.037048,0.151701,-0.23662,-0.081995,-0.022652,-0.127746,0.072224,0.06818,#
3,-0.026359,-0.04964,0.236024,1.0,0.085706,-0.114066,-0.094379,0.093727,-0.189686,0.242198,0.007426,0.056965,0.050801,-0.211477,-0.110061,0.012515,-0.05457,0.084877,-0.36338,0.101159,-0.053587,-0.098074,-0.166043,0.121884,0.146867,0.026869,-0.316007,-0.132626,-0.129493,-0.131286,0.280893,-0.071411,0.164872,0.372799,0.075973,-0.170875,0.050274,0.134523,-0.137266,0.030481,-0.016535,-0.003386,-0.095989,-0.214834,0.325412,0.031371,-0.421545,-0.240637,0.192369,0.074958,0.196507,0.079831,0.244558,0.13807,0.000838,-0.100737,-0.076525,0.124742,-0.06578,-0.235398,-0.142232,0.197616,0.151304,0.06425,-0.02461,-0.145863,-0.115607,-0.286235,-0.212163,0.027103,-0.117502,-0.015432,0.288484,0.167146,0.032495,0.016801,0.013945,0.357763,0.275438,-0.010302,0.166644,0.230827,0.019305,0.100931,0.05029,-0.00668,0.208293,-0.072729,0.170641,-0.146529,0.074673,0.03706,0.324278,0.006264,0.092898,-0.19099,-0.044334,0.082324,0.270543,0.245534,-0.108163,0.095542,0.43078,0.32813,0.133235,0.080567,0.030195,-0.00563,-0.209686,-0.06424,-0.153778,-0.126462,0.122981,0.263625,-0.0429,0.384015,0.27477,0.020335,-0.066431,0.031819,0.209337,0.167378,0.101002,0.167243,-0.013647,0.105241,0.097139,-0.117892,0.01758,0.216225,-0.013834,0.040789,0.31623,0.273067,0.091886,0.331283,0.108375,0.130494,-0.264314,0.162542,0.068682,0.19282,0.087649,0.043127,0.249744,0.182618,-0.005529,-0.115934,0.198102,-0.096713,-0.062361,-0.129206,0.022349,0.147513,0.227267,0.194771,-0.196499,-0.061594,0.257404,0.180457,0.387253,0.162339,0.19848,0.111127,0.102875,-0.241639,0.091096,-0.250673,0.287722,0.181066,-0.027522,-0.231851,0.087713,0.066903,-0.228071,0.178307,-0.124192,-0.040771,-0.350342,-0.154052,-0.17244,-0.244128,0.047853,-0.098867,-0.29788,0.032034,-0.36111,-0.035684,0.08289,-0.290574,0.021864,-0.154067,-0.264361,0.055017,0.061747,0.05373,-0.175693,0.12454,0.066639,0.071145,#
4,0.270921,0.295441,0.044873,0.085706,1.0,0.106488,0.199543,0.063192,0.250508,0.065313,0.026087,0.174799,-0.023711,0.155902,0.073753,0.124494,0.142445,0.030541,0.170839,-0.068026,0.163432,-0.135849,0.321039,-0.029319,-0.094422,-0.315623,0.155907,-0.124597,0.352669,0.088093,-0.224097,0.061548,0.006181,-0.298248,0.032383,0.143461,0.163538,-0.409837,-0.102738,0.01796,0.13075,0.129446,-0.228864,-0.285881,0.250209,-0.122401,0.047887,0.302964,0.199909,-0.005114,0.102242,-0.401353,0.373961,-0.205059,-0.102557,-0.080763,-0.099451,0.013827,0.131365,0.114977,-0.075396,0.334499,-0.083923,-0.087888,-0.208497,0.12926,0.133533,0.033428,0.228461,-0.003009,-0.0495,-0.173147,0.133875,-0.176255,-0.173449,0.225031,-0.272939,-0.319091,-0.349414,-0.191857,-0.182029,-0.321307,-0.26766,0.312375,-0.268996,-0.070259,-0.248434,-0.292989,0.089638,-0.317821,-0.213364,-0.333715,-0.024363,-0.353225,-0.307693,-0.377411,-0.443401,-0.305645,-0.336351,-0.160475,-0.161179,-0.26157,-0.238149,0.161141,-0.178994,-0.26351,0.009746,-0.283351,-0.034949,-0.007406,0.159078,0.150796,-0.096003,-0.255043,-0.200774,-0.022804,-0.017941,-0.329947,0.243166,-0.275664,-0.07734,-0.252327,-0.303564,-0.484775,0.061945,-0.065395,-0.100373,0.120227,0.052017,-0.472356,-0.089475,-0.060869,-0.084864,-0.045118,-0.276699,-0.179893,-0.098953,-0.293385,0.014544,-0.273911,-0.272517,-0.179593,-0.35547,-0.235281,-0.251973,-0.075859,0.015059,0.19011,-0.396142,-0.27402,-0.231811,-0.084672,0.107058,-0.343902,0.098871,-0.245946,-0.030712,0.451286,-0.266569,-0.266272,0.100188,-0.310065,0.066302,-0.019268,-0.189739,0.115061,-0.005626,-0.024315,-0.046789,-0.0849,-0.031853,0.233628,-0.356824,-0.06769,0.146419,-0.117076,-0.267358,0.203582,0.257912,-0.2574,0.344092,-0.157271,-0.083393,0.150278,0.060369,-0.066532,0.053765,-0.07283,-0.066562,-0.006276,-0.148218,0.236599,0.266949,0.306723,-0.296169,0.180721,0.247701,-0.161368,0.095263,0.187358,#
5,0.151436,0.276121,0.026198,-0.114066,0.106488,1.0,0.172726,-0.009813,0.51461,-0.085536,0.259645,0.025245,-0.122007,0.082539,-0.028987,-0.010028,0.106613,-0.019836,0.072538,-0.026869,-0.007564,0.219209,0.382337,-0.319755,0.054397,-0.378674,0.140696,0.037454,-0.013025,0.260054,-0.227111,0.111257,-0.127981,-0.23719,-0.208131,0.187538,0.113138,-0.15528,0.258603,-0.132482,0.07009,0.053075,0.122865,-0.1941,-0.283243,-0.040511,0.26458,0.063286,0.107669,0.009744,0.035983,-0.044043,0.047585,-0.116668,0.230172,0.361454,-0.507809,0.329085,-0.160955,0.117306,0.188232,0.077402,0.040209,0.071668,-0.118302,0.16261,0.024329,0.289117,0.173335,0.112741,0.007941,-0.156048,0.052959,-0.351272,-0.352529,0.285499,-0.110422,-0.189675,-0.107643,-0.230529,-0.210654,-0.412464,-0.033926,0.221007,-0.327958,0.073276,-0.222684,-0.11716,0.086455,-0.168031,0.01138,-0.188632,-0.149513,0.039605,-0.128784,-0.050206,0.112267,-0.143138,-0.002074,-0.35027,0.118905,-0.169146,0.02943,-0.166912,-0.139783,-0.323805,0.141781,-0.196237,0.095624,0.062524,-0.007001,-0.13114,-0.120831,-0.361002,0.012769,-0.390706,-0.115762,-0.192608,0.151216,-0.085166,-0.074605,-0.128351,-0.257443,-0.285885,0.104834,0.032478,0.288578,0.333351,-0.259833,-0.234282,-0.145283,0.007229,-0.147467,-0.386732,-0.114731,-0.19966,-0.076455,-0.242206,0.173819,-0.420331,-0.223415,-0.161164,-0.178613,-0.215517,-0.138297,-0.353784,-0.118886,0.298603,-0.13271,-0.125144,-0.060719,-0.123893,0.23194,-0.322503,-0.145665,-0.094389,0.135823,0.034207,-0.120042,-0.100658,-0.131488,-0.048323,-0.027163,0.001198,0.132644,0.130133,-0.148069,-0.26896,-0.270918,-0.266821,0.049001,0.109172,0.063806,-0.139441,0.21541,-0.274711,-0.259287,0.287917,0.194442,-0.06745,0.2067,0.066531,-0.126044,0.268586,0.022936,-0.023087,0.10623,0.029781,-0.121081,0.32841,-0.211415,0.154058,0.0513,0.311749,-0.096382,0.260097,0.038002,-0.192124,-0.220329,-0.039644,#
6,0.009932,0.150604,-0.019191,-0.094379,0.199543,0.172726,1.0,-0.175475,0.219545,0.120958,0.08654,-0.007612,0.13616,0.071093,0.088618,0.035898,-0.036307,0.083889,0.176446,0.049637,0.279798,0.125294,0.168472,-0.210994,-0.176838,-0.318251,0.126321,-0.058686,0.231784,0.10251,-0.214047,0.028762,-0.017437,-0.121944,0.004554,-0.049138,0.18321,-0.125936,-0.093092,-0.064692,-0.094809,0.15297,0.081789,-0.156208,-0.108766,-0.106261,0.068601,0.121776,0.159304,0.173768,0.037403,-0.292389,-0.014373,-0.231515,-0.189634,-0.046636,0.086899,-0.06085,-0.141687,0.173682,0.045106,0.151311,-0.062615,-0.055504,-0.247523,-0.045256,0.159861,0.007079,0.081082,0.219844,0.145288,-0.256197,0.026636,-0.029479,-0.171545,0.061575,-0.005703,-0.33166,-0.338686,-0.063672,-0.118165,-0.175094,-0.110386,0.084722,-0.144009,0.185762,-0.134449,-0.025033,0.082261,-0.129034,-0.177506,-0.10481,-0.023407,0.071063,0.182755,-0.030718,-0.161679,-0.227549,-0.237116,-0.085967,0.064436,-0.401711,-0.22747,-0.026961,0.02667,-0.022042,0.107276,-0.119773,-0.035237,-0.059994,0.075564,-0.141885,-0.173743,-0.185211,-0.065974,-0.049361,-0.195961,-0.203165,0.096856,-0.070137,0.043295,-0.171408,-0.094054,-0.27497,-0.354792,0.386825,-0.026351,0.321631,-0.05424,-0.19154,0.06195,0.059384,-0.028176,0.043395,-0.038415,0.011761,-0.094957,-0.223458,-0.052627,-0.061211,0.072497,0.038147,0.08332,-0.092812,-0.297346,-0.256911,0.160899,0.388947,-0.058147,0.086027,-0.170351,-0.115857,0.098303,-0.087095,0.128108,0.040363,0.002405,0.227826,-0.138128,-0.07841,0.00955,-0.082541,-0.099972,0.194991,0.140306,0.04817,-0.03958,-0.120859,-0.136323,0.026118,0.045729,0.039637,-0.073996,-0.147738,-0.027122,0.065152,-0.093839,0.237249,0.194496,-0.154892,0.048254,0.060299,0.207132,0.17077,-0.006292,0.097312,0.10738,-0.157122,-0.166009,-0.064077,-0.136014,0.183602,0.135172,0.247982,0.147977,0.268003,-0.053982,-0.066696,-0.095325,-0.06681,#
7,-0.084807,-0.26372,0.019021,0.093727,0.063192,-0.009813,-0.175475,1.0,-0.234764,-0.301231,-0.086107,-0.142842,0.019945,-0.144605,0.096549,-0.082876,-0.103731,-0.164166,-0.100661,-0.010142,-0.046695,0.134115,-0.05208,0.197805,0.299201,0.165857,-0.046306,0.219422,-0.175756,-0.087473,0.140099,0.185881,0.38269,0.129575,0.014553,0.046686,-0.128614,0.285053,0.096263,-0.162194,0.13291,-0.083918,0.17238,0.116811,0.061685,-0.110642,0.076369,0.256513,0.021397,-0.395985,-0.045288,0.11946,-0.06193,-0.050133,-0.018228,-0.149248,-0.131951,-0.063541,0.08018,-0.320274,-0.455434,-0.24107,-0.381958,0.041061,-0.065445,0.044915,0.091276,-0.007581,-0.076153,0.170694,-0.081774,-0.075701,0.200285,-0.011346,0.218038,-0.131512,0.244373,0.067565,0.026741,-0.064879,-0.216322,0.076694,-0.020914,-0.038454,0.06741,0.171714,-0.137655,0.162654,0.098521,-0.103945,0.231542,0.097996,0.046272,-0.35694,-0.022528,0.036654,0.031563,0.132204,0.060895,0.0747,0.05783,0.010079,0.300526,-0.128276,0.087568,-0.074393,0.252498,0.084175,-0.005374,0.070489,0.163333,-0.057581,0.250802,0.098532,0.077457,0.265713,0.175135,0.047789,-0.182384,0.245661,0.139469,-0.10198,0.068789,0.009113,-0.021943,0.015456,-0.234977,0.077205,0.014196,0.29945,0.016337,-0.047708,0.07646,-0.0052,0.208894,0.20286,-0.101775,0.068802,0.234903,0.194075,0.038252,0.166007,0.013993,-0.097109,0.094467,0.035238,0.008,-0.205215,0.012681,-0.034369,0.092568,0.273057,0.01603,0.201087,0.004738,-0.015684,0.063542,-0.37535,0.062089,-0.105972,0.167162,0.213786,0.043525,0.147079,0.034044,-0.162788,0.047085,-0.114912,0.185883,0.150264,-0.219291,0.08677,0.236168,-0.076292,-0.158454,0.13133,-0.046985,-0.238305,-0.381858,-0.122403,-0.283843,-0.070075,0.041095,-0.094452,-0.318687,-0.160947,-0.127689,-0.117968,-0.041429,-0.282932,0.226947,-0.22102,-0.107704,-0.176694,0.004653,0.079554,0.063203,0.132834,0.014044,-0.108907,#
8,0.184188,0.223119,0.221608,-0.189686,0.250508,0.51461,0.219545,-0.234764,1.0,0.218425,0.038114,0.245215,-0.06736,0.476552,-0.154946,-0.033233,-0.130195,0.291921,0.293465,0.131306,-0.119332,-0.193802,0.29948,-0.413096,-0.006628,-0.386607,0.190653,-0.145283,0.246087,0.200918,-0.204992,0.206003,-0.206613,-0.18167,-0.043599,0.329207,0.31483,-0.420586,-0.025564,-0.171135,0.010437,0.247842,-0.143974,-0.039589,0.03385,-0.231447,0.345201,0.179149,0.03275,0.265691,0.13667,-0.128463,0.074564,-0.008348,-0.184848,0.240543,-0.102074,0.122882,-0.132098,0.233328,0.021408,0.204175,-0.02502,-0.17532,-0.18662,0.182894,0.341284,0.277301,0.180999,0.061257,0.142918,-0.054845,-0.180916,-0.167706,-0.326966,0.202278,-0.058908,-0.34221,-0.186386,-0.057948,-0.13235,-0.304122,-0.041251,0.323527,0.012148,0.0085,-0.276038,-0.296013,-0.058009,-0.105428,-0.226288,-0.08545,-0.248083,0.205675,-0.281004,-0.160603,0.068403,-0.305359,-0.106296,-0.21777,-0.18135,-0.212692,-0.204646,0.077938,-0.235662,-0.152286,0.084577,-0.129935,0.067485,-0.088036,0.117498,-0.121415,-0.013546,-0.106081,-0.081706,-0.402519,-0.106163,-0.231002,0.398174,-0.319308,-0.032404,-0.046643,-0.106195,-0.374198,0.003821,0.11771,-0.050757,0.162393,-0.336525,-0.28421,0.033989,0.228623,-0.380995,-0.020603,-0.265421,-0.245528,0.110209,0.098113,0.260846,-0.253387,0.021645,-0.196106,-0.292667,-0.147183,-0.172356,-0.423355,0.20875,0.504273,-0.164823,0.096701,0.039301,-0.120048,0.203208,-0.229156,0.081652,-0.140109,0.129652,0.399365,-0.158981,0.027522,-0.274621,-0.23255,-0.088933,0.32197,0.229224,-0.061909,-0.148961,-0.098282,-0.194019,-0.132787,0.004565,0.131161,0.108968,-0.170601,0.042872,-0.13986,-0.198409,0.246455,0.315788,-0.108081,0.333171,0.150936,-0.34426,0.020745,0.077844,0.182706,0.233321,0.078274,-0.493299,0.353783,-0.159325,0.024511,0.108721,0.213933,-0.352556,0.112957,0.021244,-0.191715,0.097734,0.135155,#
9,0.164489,0.147526,0.023734,0.242198,0.065313,-0.085536,0.120958,-0.301231,0.218425,1.0,0.145859,0.064127,0.146968,0.20044,-0.186019,0.366058,-0.085879,0.036277,-0.042778,-0.050165,0.086785,-0.165077,0.06636,-0.264139,-0.028993,-0.207833,-0.15804,-0.296417,0.070548,0.057801,0.002378,-0.037697,-0.050424,0.022981,0.287739,0.102053,0.084439,-0.412237,-0.087858,0.186187,-0.201958,0.117912,0.00045,-0.201636,0.133258,-0.130382,-0.142518,-0.201338,-0.154996,0.108657,0.221518,-0.18137,0.026392,0.222372,-0.003453,0.138047,-0.117136,0.047179,-0.086611,0.195224,0.102026,0.210363,0.093157,0.058336,-0.358551,0.008947,0.242726,-0.029825,-0.064691,-0.09076,0.018594,-0.229353,-0.021147,0.090253,-0.096898,-0.020006,-0.085258,0.086187,-0.108739,0.049011,-0.024213,0.012898,-0.008389,0.021655,-0.074652,-0.282041,0.106782,-0.082781,-0.036537,0.09261,-0.28748,-0.189706,0.113683,0.012664,-0.102098,0.030536,-0.211986,0.015865,-0.244081,0.164085,-0.20448,-0.011124,-0.002035,0.375687,-0.058309,0.113122,-0.130423,0.062573,-0.103442,0.023306,-0.283544,-0.106764,-0.194363,0.094029,-0.148436,-0.08363,-0.046439,-0.162794,0.166782,-0.114942,-0.152958,0.315312,-0.067653,-0.027244,-0.17794,0.120078,-0.18278,-0.131431,0.073421,-0.004816,-0.100398,0.248348,-0.14182,0.268427,-0.048551,0.029976,-0.020594,-0.110106,-0.064339,-0.105246,0.046343,-0.217048,0.067726,-0.004437,-0.040134,0.045637,-0.068201,0.234584,-0.094339,0.03077,-0.14979,-0.185403,-0.351665,-0.061603,0.208624,0.066074,-0.026115,0.303665,-0.015355,-0.188457,-0.068469,-0.164099,-0.130768,0.222489,-0.026595,-0.16746,-0.036489,0.236655,-0.02637,0.043229,0.191651,-0.134526,0.001162,-0.024773,0.119546,-0.102512,-0.248696,0.126398,-0.030713,-0.13093,0.076541,0.009246,-0.074403,0.058919,-0.044785,0.036251,0.054962,-0.046066,0.071749,0.103765,-0.261655,0.049461,0.078379,0.059636,0.071565,0.005862,0.017779,-0.095183,0.092573,-0.006739,#
10,-0.108402,0.029959,0.052912,0.007426,0.026087,0.259645,0.08654,-0.086107,0.038114,0.145859,1.0,0.191433,-0.053206,-0.090003,0.005012,0.13033,0.40384,-0.075133,-0.072695,-0.188379,0.261765,0.08269,0.084434,0.085838,-0.041432,0.03427,-0.235592,-0.017814,0.133884,0.180969,-0.116779,0.173055,-0.324088,-0.112239,0.381704,0.134965,0.156014,-0.194872,0.108388,0.144833,-0.305457,0.04391,-0.010155,-0.191158,-0.077197,-0.015769,-0.262268,-0.313987,0.144257,-0.137409,0.220753,-0.081116,-0.202194,0.056861,0.282919,-0.072615,-0.320561,0.013585,-0.057592,0.060292,0.081777,0.035761,-0.054992,0.042102,0.193754,-0.067398,-0.000696,-0.086217,0.069428,-0.295454,-0.073302,0.039901,0.122945,-0.201361,0.010887,0.283429,-0.293432,0.014003,-0.316235,-0.219745,-0.216824,-0.06878,-0.299482,0.297214,-0.37421,-0.207136,-0.282878,-0.131405,-0.348663,-0.083942,-0.079196,-0.322382,-0.209354,-0.055955,-0.166288,-0.053006,-0.234086,-0.119112,-0.204129,-0.085305,0.136704,-0.034156,-0.211801,-0.151565,-0.037448,-0.146356,-0.134813,-0.03027,-0.239827,0.447902,-0.306146,-0.147369,-0.311324,-0.079992,-0.20629,-0.018362,-0.228341,-0.152512,-0.105522,0.114894,-0.424948,0.054634,-0.27084,0.018342,-0.033339,-0.082715,0.043141,-0.036525,-0.084407,-0.25383,0.035218,-0.058525,-0.156135,-0.15145,-0.131605,-0.045476,-0.093761,-0.267448,-0.130019,-0.237473,-0.215277,0.044278,-0.049289,-0.072657,-0.229431,-0.070677,-0.003178,0.034172,-0.064231,-0.196374,-0.051895,-0.180525,-0.284218,-0.327679,-0.238295,-0.36153,0.022241,0.010352,-0.131172,-0.05348,0.07415,-0.136646,-0.281244,-0.130204,-0.207717,0.034825,-0.227374,-0.056334,-0.193436,-0.107704,0.212165,-0.110008,-0.29178,-0.333501,0.145364,-0.348547,-0.414781,0.382895,0.124706,0.224416,0.120608,0.175581,0.081358,0.14436,0.150493,-0.216945,-0.12905,-0.044494,0.43247,0.10379,-0.305149,0.336978,0.0868,0.137605,-0.003543,-0.028945,0.229731,-0.354346,-0.251874,-0.106405,#
11,-0.008291,-0.003256,0.296842,0.056965,0.174799,0.025245,-0.007612,-0.142842,0.245215,0.064127,0.191433,1.0,-0.278244,0.072353,0.025524,0.163664,0.044286,-0.111676,0.028557,-0.183072,-0.071628,-0.214537,-0.022119,-0.152671,0.165051,-0.095992,-0.194672,-0.129374,0.301436,0.207184,-0.136453,0.151456,-0.41585,-0.090247,-0.150019,0.180399,-0.191864,-0.121889,0.151544,0.284025,-0.034602,-0.094989,-0.092874,-0.12662,0.144074,0.160182,-0.026763,-0.223629,0.07643,0.166327,0.207721,-0.138822,0.03028,0.105347,-0.142446,0.146034,-0.182777,-0.229323,-0.241058,-0.013387,-0.198049,0.151073,0.292681,-0.07305,-0.060562,-0.204248,0.036508,0.034647,-0.014199,-0.058846,0.261069,-0.066775,-0.000817,-0.003614,-0.132427,0.193624,-0.359534,-0.045924,-0.019815,-0.245093,0.030344,-0.154768,0.04348,0.322052,0.03805,0.034897,-0.204679,-0.234379,-0.009526,-0.371495,0.010474,-0.038087,0.030155,-0.109377,-0.160444,-0.237232,-0.244857,-0.240528,-0.118897,-0.010559,-0.185095,0.121833,-0.056404,0.193603,-0.220516,-0.061779,-0.018097,-0.109072,-0.088685,-0.027318,-0.342344,0.110583,-0.285354,0.127262,-0.231386,-0.011839,0.011881,-0.15291,0.065383,0.004544,-0.112313,-0.075336,-0.209686,-0.08891,0.316377,0.034933,-0.19043,-0.339624,-0.273004,-0.253254,0.065938,-0.152367,-0.01276,0.104397,-0.0736,-0.009779,0.174505,-0.008327,-0.033204,-0.084008,0.037875,0.13049,-0.064656,-0.044292,-0.251063,-0.229778,0.310357,0.116987,-0.02256,-0.274865,0.081601,-0.058147,-0.034575,-0.119071,-0.230699,-0.151092,0.072176,-0.023142,0.034326,0.113474,0.064731,-0.004917,0.021882,-0.082696,-0.088778,-0.321063,-0.220069,-0.117651,0.26806,-0.023693,0.094071,-0.25424,-0.086295,-0.395519,0.125913,-0.064042,-0.152427,-0.009054,-0.05144,-0.204784,-0.075023,-0.034441,0.100258,0.061602,0.129316,0.057158,0.155158,-0.129098,-0.076232,0.014848,-0.279872,0.239271,0.130655,0.06518,-0.019995,0.129366,0.113729,-0.251863,-0.028161,0.294752,#
12,-0.043793,0.047652,-0.348148,0.050801,-0.023711,-0.122007,0.13616,0.019945,-0.06736,0.146968,-0.053206,-0.278244,1.0,0.153132,0.092507,0.234983,-0.082308,0.000173,0.066782,0.1132,0.253944,0.122716,-0.007487,-0.110111,-0.268514,-0.082451,0.238573,0.149441,-0.036939,-0.054844,-0.045689,0.184401,0.145746,-0.08598,-0.03315,-0.216627,0.178025,-0.115467,-0.084883,0.022939,-0.032219,0.351402,0.085869,0.263699,0.17088,-0.173719,-0.039698,0.008195,-0.081513,-0.212495,0.073956,-0.050919,0.002882,-0.140848,-0.092984,-0.042873,-0.135173,0.171095,0.053875,0.018608,-0.17074,-0.016373,-0.310258,0.103489,0.053434,0.179293,0.080063,0.106721,0.175664,-0.095221,-0.049017,0.002318,-0.150929,0.048614,0.037854,-0.031231,0.08845,-0.123849,-0.085507,-0.16596,-0.138832,-0.209914,0.18774,-0.080432,-0.033752,-0.161633,0.230501,-0.030373,-0.263684,-0.008956,0.021305,-0.258101,-0.071811,-0.013197,0.008662,0.24356,-0.081337,-0.04302,-0.286013,-0.133703,0.069804,-0.148726,-0.008399,-0.203933,0.141894,0.076932,-0.144362,0.056409,-0.225016,-0.141853,0.271349,-0.111135,0.006663,-0.046781,-0.038519,-0.100153,0.125858,0.117322,-0.150031,-0.036906,0.044568,-0.196962,-0.247107,-0.157519,-0.309847,0.229956,-0.281169,0.060995,0.110413,-0.052392,-0.270796,0.133972,-0.071058,-0.032832,-0.078582,-0.022227,-0.023028,-0.086705,0.064092,0.104464,-0.058062,0.160516,-0.065207,-0.172451,-0.082322,0.00857,-0.106054,0.23686,-0.282456,-0.001847,-0.092998,-0.061005,-0.081776,-0.111188,-0.31557,-0.101918,0.210964,-0.002718,-0.182389,-0.0601,0.015754,-0.10333,0.010763,0.002564,-0.163526,0.052247,-0.066285,-0.046172,0.013525,0.012236,0.011504,0.145108,0.105266,0.19498,0.161256,-0.099549,-0.054589,-0.078046,0.101096,-0.028519,0.234653,-0.008988,-0.021111,0.12842,0.069504,-0.023143,-0.020296,0.0541,0.024698,0.017856,-0.012638,0.056549,0.043341,0.091551,-0.015096,0.034078,-0.088204,0.164251,0.049937,0.163963,#
13,0.208889,0.242351,0.089263,-0.211477,0.155902,0.082539,0.071093,-0.144605,0.476552,0.20044,-0.090003,0.072353,0.153132,1.0,0.177929,0.067412,-0.014277,0.145754,0.027047,0.06351,-0.190238,-0.111728,0.117293,-0.345676,-0.079987,-0.121844,0.165376,-0.1858,0.105969,0.02355,-0.293955,0.1681,-0.148745,-0.182344,-0.205012,0.160971,0.179861,-0.16622,0.017465,-0.215813,-0.046529,0.29582,-0.191345,0.066284,0.047445,-0.434399,0.358392,0.176389,-0.082452,0.089264,-0.059801,-0.132069,0.095888,0.019909,-0.31397,0.207845,0.078705,0.162847,0.247994,0.385949,0.023925,0.253009,-0.108621,-0.189495,-0.181947,0.291473,0.3028,0.34587,0.33384,0.170305,0.133963,-0.04383,-0.105802,0.115551,-0.036486,0.202336,-0.079295,-0.223345,-0.372319,0.121379,0.089791,-0.288312,-0.077128,0.203433,0.05306,0.131092,-0.099591,-0.339122,-0.196127,-0.117496,-0.223956,-0.06083,-0.164442,0.276223,-0.259469,0.059145,0.154218,-0.114573,0.026059,-0.167937,-0.144639,-0.22558,-0.191257,0.09808,0.04599,-0.154045,0.071973,-0.145992,0.168563,-0.128529,0.241931,0.158181,-0.123487,0.102298,0.118365,-0.191674,-0.303592,-0.006302,0.295953,-0.349072,-0.025574,-0.130876,-0.039594,-0.225436,-0.018883,0.001398,-0.236725,0.068614,-0.11656,-0.271091,-0.082742,0.30957,-0.485819,-0.262498,0.01047,-0.228902,-0.074744,0.148718,0.242078,0.0012,0.029988,-0.276725,-0.2208,-0.148873,-0.071243,-0.306717,0.005675,0.46934,-0.196965,0.266087,-0.167746,-0.022083,0.055296,-0.128673,0.079941,-0.040815,0.406653,0.327387,0.030519,-0.052856,-0.238123,-0.278884,0.261752,0.527493,0.103548,0.225856,-0.079599,0.005263,-0.109429,-0.131148,-0.023559,0.081876,-0.074493,0.095577,-0.077195,-0.132662,0.04539,-0.173955,0.199191,-0.041486,0.476193,0.013094,-0.316334,-0.039359,0.108516,-0.024219,0.306049,0.074118,-0.416027,0.199332,0.019168,-0.143676,0.217355,0.160357,-0.089515,-0.131224,-0.361463,-0.139268,0.076473,0.067939,#
14,0.296768,0.196888,-0.220053,-0.110061,0.073753,-0.028987,0.088618,0.096549,-0.154946,-0.186019,0.005012,0.025524,0.092507,0.177929,1.0,0.097369,0.133254,-0.168066,-0.114263,-0.060432,-0.174849,0.001813,-0.003402,-0.135483,0.047294,-0.007878,0.181682,-0.119309,-0.052164,0.051757,-0.311349,0.228798,-0.072613,-0.184836,-0.054898,-0.160895,-0.113132,0.112546,0.104586,0.10055,0.017826,-0.148171,-0.344709,-0.000335,0.316788,-0.278893,0.266936,0.07638,0.028853,-0.239618,-0.273698,0.043357,-0.138255,-0.271579,-0.127127,0.176494,-0.135743,-0.130445,0.000759,0.075314,-0.154607,0.308577,-0.049754,-0.093789,0.090116,-0.037031,-0.155231,-0.021005,0.22273,-0.171716,0.133255,0.156135,-0.194291,0.081225,0.169419,0.129604,-0.160222,-0.068143,-0.287745,0.191439,0.024605,-0.29979,-0.112777,-0.053364,-0.141902,0.201464,-0.206161,-0.04885,0.025258,-0.22713,0.108227,-0.154628,-0.134742,0.102188,-0.056978,-0.117586,0.144894,-0.125078,-0.120644,-0.058071,0.035243,-0.244305,0.085619,-0.044989,-0.038816,-0.127764,0.003141,-0.23282,0.15546,-0.071644,0.166064,-0.075218,-0.198797,0.071881,-0.334243,-0.11664,0.133627,0.129813,-0.104588,-0.268001,-0.208582,-0.157961,-0.184221,0.025011,0.164041,0.019622,-0.226725,0.230131,-0.058502,-0.167408,-0.152566,-0.377564,-0.168645,-0.28747,0.028731,-0.256834,-0.132948,-0.227442,-0.099221,0.024841,-0.21445,-0.030356,-0.021314,-0.290434,-0.147735,-0.077245,0.10115,0.095755,0.076329,0.04171,-0.059986,0.074033,-0.131999,-0.176089,-0.118441,0.06828,0.176475,-0.076332,-0.192427,-0.131003,-0.375624,-0.012235,0.199208,-0.050254,-0.012053,0.150932,-0.043626,0.022817,-0.004732,-0.394641,0.023716,-0.015373,-0.143394,-0.091864,0.032457,0.024814,-0.053527,-0.167288,0.081839,-0.042355,0.067846,-0.058594,-0.012066,0.150753,0.117429,-0.162303,0.344278,-0.015161,-0.034243,-0.155311,-0.031109,0.066127,0.106804,0.086607,0.035989,-0.095534,-0.094147,0.077443,-0.171432,0.039238,#
15,0.043573,-0.085464,-0.273349,0.012515,0.124494,-0.010028,0.035898,-0.082876,-0.033233,0.366058,0.13033,0.163664,0.234983,0.067412,0.097369,1.0,0.09382,-0.241196,-0.005618,-0.457251,0.092836,-0.247132,-0.026055,-0.312994,-0.137771,-0.239165,-0.167225,-0.146793,0.02323,0.147855,-0.188783,0.167975,-0.06593,-0.196836,0.087434,-0.093149,-0.100906,-0.153906,0.370425,0.420266,-0.176753,-0.046712,-0.003636,-0.112914,0.039285,0.098395,-0.193284,-0.189178,-0.010989,-0.193237,0.353059,-0.176281,0.14975,0.046311,0.049251,0.198259,-0.168991,-0.026075,-0.024842,0.166501,-0.155032,0.282139,-0.094024,-0.036354,-0.245067,-0.19641,-0.175231,0.126139,0.037525,-0.387757,0.163705,0.043244,-0.150948,0.060014,-0.011895,0.095604,-0.17015,-0.018785,-0.168816,-0.129361,-0.077536,-0.025917,0.235424,0.168732,-0.015197,-0.07613,0.079441,0.111605,-0.158859,0.034765,0.052256,-0.350052,0.013659,-0.156931,-0.067336,-0.120245,-0.064048,0.098722,-0.242117,-0.030541,-0.003278,0.032055,-0.080803,0.135233,-0.018565,-0.153866,-0.191507,0.217066,-0.245941,0.10508,-0.471828,0.140714,-0.162394,-0.086468,-0.269687,-0.264157,0.145393,-0.120629,-0.241847,-0.052927,-0.197621,0.01218,-0.05963,0.083683,0.072408,0.021814,-0.065807,-0.055686,-0.142996,-0.264588,-0.234385,-0.120867,-0.018236,-0.031102,-0.157504,-0.058832,0.048406,-0.221179,-0.046619,-0.034097,-0.327918,0.084674,0.010264,-0.111344,-0.270452,-0.123029,-0.137998,-0.039255,-0.349184,-0.251762,0.063917,-0.277859,-0.285203,-0.401518,-0.194136,-0.024649,-0.071028,-0.025937,-0.295332,-0.2275,-0.181119,-0.34414,-0.025072,-0.17401,-0.188919,-0.293139,-0.393555,0.122964,0.061844,-0.129851,0.04364,-0.177797,-0.062855,-0.038771,0.233129,-0.142173,-0.315881,0.11528,0.011085,0.058554,0.038429,-0.263296,0.261753,0.311524,-0.09594,-0.132676,0.153253,-0.196153,0.283172,-0.059498,-0.229031,0.266746,0.259059,0.068059,0.157077,0.14135,0.064613,-0.236669,-0.037769,-0.147306,#
16,0.06939,-0.200549,-0.176965,-0.05457,0.142445,0.106613,-0.036307,-0.103731,-0.130195,-0.085879,0.40384,0.044286,-0.082308,-0.014277,0.133254,0.09382,1.0,-0.161072,-0.080487,-0.066539,-0.025007,-0.003443,-0.025761,-0.054085,-0.116958,0.203725,-0.274507,-0.055616,-0.002754,0.093326,-0.263477,-0.028611,-0.157297,-0.104648,0.209052,0.127515,-0.029373,0.076018,0.152139,0.022716,-0.246435,-0.126776,-0.356108,-0.245397,0.101621,0.175664,0.02577,-0.265112,0.215917,0.092232,0.032609,0.03856,-0.165442,-0.04097,0.257893,0.033608,-0.037216,0.078152,0.198522,0.002717,0.029842,0.019704,0.075798,0.128692,0.053719,-0.215717,-0.174611,-0.242027,0.132624,-0.220436,0.152129,-0.002279,-0.218548,-0.243521,-0.012615,0.165111,-0.186152,0.081429,-0.233686,0.067694,-0.097476,0.139724,-0.145585,0.077259,-0.242041,0.038642,-0.190562,0.045057,-0.033241,0.00382,0.080084,-0.087047,0.062446,-0.051497,-0.127192,-0.187461,-0.056779,-0.193021,-0.002601,-0.268579,0.180796,0.007603,-0.28738,-0.369069,-0.146812,-0.063996,-0.093623,-0.074002,-0.070042,0.148521,-0.243194,-0.084608,-0.054527,-0.240473,-0.235512,0.080808,-0.115919,-0.13635,0.116445,-0.001021,-0.160187,0.002588,-0.055285,0.091288,0.035908,0.014599,-0.136573,0.020552,0.090214,-0.119874,0.172871,-0.018092,-0.048132,0.067992,-0.224221,-0.104005,-0.149547,-0.261548,-0.262121,0.003003,-0.24476,-0.013898,0.169691,-0.01735,-0.275293,0.008037,0.18581,-0.251512,0.166986,-0.197782,-0.195244,-0.061172,-0.127196,-0.2017,-0.100915,-0.17006,0.126985,-0.003397,-0.201156,0.190699,0.027084,-0.051919,0.037918,-0.143266,-0.228338,0.140948,0.123386,-0.034738,-0.231453,0.052387,0.342339,-0.083753,-0.091556,0.10098,0.07902,-0.16831,-0.152922,0.198024,0.112109,0.128759,0.055916,0.008039,0.233974,0.125371,0.151221,-0.179448,0.05033,-0.093446,0.247114,-0.19081,-0.140532,0.267942,0.006104,-0.045203,0.07467,-0.041848,0.166807,-0.103689,-0.293374,0.082368,#
17,-0.049725,0.245326,0.266751,0.084877,0.030541,-0.019836,0.083889,-0.164166,0.291921,0.036277,-0.075133,-0.111676,0.000173,0.145754,-0.168066,-0.241196,-0.161072,1.0,0.080793,0.133041,0.157913,0.002641,0.092068,-0.029329,0.053642,-0.005784,-0.059908,-0.005516,0.095359,0.076711,0.110689,0.025641,0.223685,0.06066,-0.040597,0.141481,0.054124,-0.159056,-0.226223,-0.166385,-0.011412,-0.028643,-0.04655,0.101609,0.070586,-0.129971,0.037148,0.107798,-0.154282,0.140253,0.139328,0.018477,0.174439,0.040294,-0.20459,0.009684,0.263058,0.15444,0.197298,-0.054198,0.177257,-0.112687,0.111457,-0.179263,-0.022053,0.09267,0.057749,0.061281,0.050673,0.12404,-0.070783,-0.067513,-0.215222,-0.122171,0.06753,-0.047843,0.025714,-0.058138,-0.051719,0.187775,0.122357,0.11023,-0.086736,-0.009433,0.281418,-0.128354,0.120683,0.051495,-0.009269,0.165088,-0.242653,0.044246,-0.205079,0.090362,-0.150501,-0.227116,-0.019545,-0.062072,0.15014,0.136587,-0.044919,0.028877,0.042994,0.079504,0.032534,0.140976,-0.087603,0.009123,-0.072453,-0.051632,0.18377,0.114341,0.145928,0.182848,0.112649,0.021765,-0.015521,0.161158,0.176732,-0.039228,0.165857,0.128487,0.015521,-0.118128,0.130212,0.211431,0.174456,0.125796,-0.1976,0.102626,0.061009,0.012452,-0.241842,0.162191,-0.094546,0.088905,-0.025581,0.104863,0.248876,-0.130428,0.053336,0.01254,0.002568,-0.008367,0.201573,-0.185679,0.101132,0.10513,0.082873,0.156587,0.012357,-0.035764,0.059336,-0.084171,0.196844,-0.055354,-0.046556,0.376595,0.065043,0.278232,0.049443,0.187252,-0.107162,0.300351,0.288188,0.064455,0.072286,-0.069384,0.021513,0.256688,-0.052163,-0.09807,0.012336,-0.011324,-0.140912,0.26996,0.023831,0.182239,0.148095,-0.16557,0.224609,0.031057,-0.250601,-0.149259,0.022415,0.06904,-0.107465,0.035107,-0.221368,0.287601,0.114718,-0.083704,0.213021,0.021117,-0.01249,0.030666,0.043274,0.065997,0.264836,-0.11701,#
18,-0.122554,-0.100403,-0.15738,-0.36338,0.170839,0.072538,0.176446,-0.100661,0.293465,-0.042778,-0.072695,0.028557,0.066782,0.027047,-0.114263,-0.005618,-0.080487,0.080793,1.0,0.043679,0.173213,0.047109,0.366454,-0.028819,-0.022965,-0.089427,0.312106,0.154997,-0.114994,0.218852,0.010132,-0.077899,-0.103297,0.037337,-0.047054,0.177202,-0.110279,-0.161125,0.02915,-0.202534,0.055527,-0.113495,0.202099,0.135764,-0.082596,-0.136172,0.102811,0.176179,-0.101052,0.040072,0.224108,0.119603,0.11003,-0.138205,-0.160167,0.124914,0.077199,-0.069422,-0.031531,0.110689,-0.155145,-0.187432,-0.112255,-0.033813,0.038998,0.201256,0.214306,0.082126,0.005304,0.160943,0.222238,-0.141531,-0.292057,0.11953,0.012645,0.080646,0.05393,-0.535786,0.033475,-0.065351,-0.201477,-0.060102,-0.173254,0.174312,0.07097,-0.070143,-0.166696,-0.158075,0.018426,0.202112,-0.141363,0.08997,-0.095266,0.026803,-0.072655,-0.032229,-0.071555,-0.117863,-0.431389,-0.064409,0.043259,0.090318,-0.123405,0.164183,-0.093109,-0.100798,0.120362,0.040111,0.20481,0.09647,0.127545,0.115983,0.187942,-0.095013,-0.170061,-0.205747,0.122038,0.067619,0.336383,-0.085202,-0.079555,-0.191258,-0.186164,-0.311499,-0.027802,-0.181752,0.016002,0.048037,0.035976,-0.124137,-0.074344,0.083428,0.017497,0.128868,-0.291345,-0.070577,0.113408,-0.134001,-0.037092,-0.188252,-0.015479,0.039025,-0.27068,-0.129322,-0.101058,-0.126928,0.086323,0.18532,-0.11002,0.149037,0.169944,-0.180075,0.263756,-0.217679,-0.171948,-0.160146,-0.081535,0.285067,-0.040979,0.125548,-0.041842,-0.151091,-0.215767,-0.014394,0.164582,-0.066002,0.198377,0.060651,-0.224972,0.120054,0.033166,0.344157,0.050215,-0.140639,0.216373,-0.121222,0.168495,-0.034157,0.116706,0.150585,0.211748,0.097715,-0.04619,0.066301,0.031206,0.31734,0.165273,0.065305,-0.298265,0.049728,0.087688,-0.027643,-0.125569,-0.057112,-0.345743,0.335955,0.109066,0.126992,0.32653,0.072069,#
19,-0.190717,0.02793,0.061728,0.101159,-0.068026,-0.026869,0.049637,-0.010142,0.131306,-0.050165,-0.188379,-0.183072,0.1132,0.06351,-0.060432,-0.457251,-0.066539,0.133041,0.043679,1.0,-0.181067,0.072,-0.072062,0.303753,-0.061364,0.058841,0.029993,0.10232,-0.19815,0.048075,0.126851,0.007396,-0.000826,0.426803,-0.201748,-0.118631,0.145108,0.066101,-0.212558,-0.261046,-0.035229,0.041381,0.069054,0.191332,-0.063616,-0.02684,0.160551,0.054801,-0.178029,0.181722,-0.055429,0.266614,0.039445,-0.116234,-0.300233,0.037889,0.225073,-0.053069,0.049522,-0.209726,0.020797,-0.066054,0.070308,0.106156,-0.04564,-0.030934,0.269372,-0.162803,-0.019709,0.221185,0.103898,-0.036115,-0.099909,0.050714,-0.106225,-0.077727,0.352763,0.155155,0.17672,0.143693,0.236064,0.099012,0.177202,-0.018379,0.085304,0.195642,0.027641,-0.133424,0.183904,0.10976,-0.105702,0.316978,0.297366,0.114538,-0.241047,0.059071,0.159193,-0.106382,0.038878,0.13169,-0.164775,0.15713,0.039707,-0.039161,0.083457,0.146977,0.04214,-0.125689,0.16477,-0.085792,0.408307,-0.093076,0.37646,0.211649,0.161145,0.022414,0.132053,0.041329,0.231811,-0.038416,0.288498,0.153011,0.129193,-0.171284,-0.091476,0.26233,0.086655,0.103663,0.174479,0.168767,0.075408,0.27046,0.048784,0.115784,0.139494,0.039265,-0.164514,0.077706,-0.009307,0.116859,0.250086,-0.077915,0.197653,0.175166,0.282259,0.244976,0.179078,-0.023737,0.096173,0.393991,-0.076386,0.182772,0.202012,0.300682,0.323511,0.287819,0.008995,0.042047,0.231541,0.176513,-0.014894,0.31469,0.077679,0.257054,0.264583,0.127009,0.336088,0.079022,0.086739,0.149381,-0.276196,0.336073,0.171795,0.135049,-0.109747,0.150997,0.139886,-0.13497,-0.17339,-0.068974,0.0403,0.013889,-0.071173,-0.121065,-0.077722,0.197815,-0.106301,0.332007,-0.450316,-0.086785,0.295023,-0.356441,-0.284774,-0.090793,-0.067822,-0.314277,-0.055535,0.304634,0.058908,0.069009,#
20,-0.09983,0.220188,-0.198953,-0.053587,0.163432,-0.007564,0.279798,-0.046695,-0.119332,0.086785,0.261765,-0.071628,0.253944,-0.190238,-0.174849,0.092836,-0.025007,0.157913,0.173213,-0.181067,1.0,0.325217,0.188373,0.1391,-0.060991,0.020565,0.074094,0.100727,0.371988,0.289953,-0.081288,-0.084338,0.282005,-0.217943,0.148854,0.077053,0.023357,-0.282329,-0.029189,0.148707,0.249208,0.083292,0.167044,-0.040977,-0.050327,-0.036788,-0.367911,-0.016069,-0.123523,-0.234572,0.085923,-0.247057,-0.090925,-0.052894,0.085942,-0.208414,-0.181974,-0.010738,0.033466,0.173351,0.082778,-0.114237,-0.163628,0.005386,0.053782,0.11808,0.010986,-0.041885,0.118646,0.072728,-0.373376,-0.040348,0.156959,-0.112195,-0.144343,0.100283,-0.044625,-0.053603,-0.274006,-0.210292,-0.22952,-0.120183,-0.123884,0.002677,-0.161023,-0.358628,0.142113,-0.274847,-0.230662,0.03171,-0.268079,-0.408627,-0.238667,-0.247564,-0.05367,-0.060227,-0.418578,-0.077064,-0.35195,0.034406,0.162125,0.025229,-0.234965,-0.249547,0.113587,0.009732,-0.194286,-0.211541,-0.256001,0.107074,-0.057474,0.157868,-0.283703,-0.134024,-0.124792,-0.029066,-0.040404,-0.133996,-0.111962,-0.133674,-0.178122,-0.239936,-0.209214,-0.174433,-0.18129,-0.040607,0.098839,-0.085897,-0.021928,-0.256405,-0.322608,-0.172338,-0.072736,0.023037,-0.288095,-0.044271,-0.24944,-0.346688,-0.042206,-0.340709,-0.397515,-0.011291,-0.23045,-0.086742,-0.372591,-0.197537,-0.202817,0.271127,-0.124182,-0.374555,0.02424,-0.270474,-0.308478,-0.313122,-0.35419,-0.222566,-0.115929,0.285381,-0.222776,-0.208878,0.137214,-0.072664,-0.354365,-0.072124,-0.297945,-0.004803,-0.317647,-0.025438,-0.231539,0.282268,0.220261,0.099336,-0.319138,-0.106584,0.178495,-0.240046,-0.15422,0.231984,0.219981,-0.073971,0.23315,-0.022111,0.135963,0.186004,0.306551,-0.079271,-0.20712,0.097569,0.32756,0.27017,-0.270837,0.499498,0.344988,0.14575,0.105684,0.335937,0.312444,-0.040191,0.077753,0.025037,#
