0,1.0,0.079555,-0.131377,-0.175204,0.242567,0.199503,0.140802,-0.02395,-0.14379,0.109519,0.18465,-0.069246,0.24455,0.187855,0.035899,0.067752,-0.051971,-0.386203,0.268943,-0.176877,0.24237,0.142708,0.177616,-0.148059,-0.021561,-0.325812,-0.137335,-0.144683,0.246597,0.076148,-0.03228,0.007437,0.314527,-0.210525,0.158423,0.1344,0.283534,-0.094365,-0.067984,-0.039654,0.050745,0.224566,-0.072432,0.049201,-0.046344,-0.051224,-0.024458,0.027843,-0.056827,-0.027479,0.039637,-0.230049,0.166852,0.048767,0.334451,0.088872,-0.164782,0.022658,-0.171818,0.227675,0.309817,0.11382,-0.123427,0.251048,-0.1223,-0.032659,-0.125539,0.300593,-0.210047,-0.232723,-0.045162,0.104171,-0.042236,-0.162819,-0.377296,0.253393,-0.248594,-0.064681,-0.27907,0.014671,0.069909,-0.315584,-0.090887,-0.146737,-0.139393,-0.099905,-0.194626,-0.063309,-0.166666,-0.342401,-0.273319,-0.248501,0.002361,-0.335968,0.002306,-0.305219,-0.430234,-0.233218,-0.226933,-0.002996,0.136957,0.024079,-0.132013,-0.267645,0.026513,-0.32461,0.05814,0.099356,-0.145996,-0.061017,0.086241,0.196561,-0.407572,-0.222661,0.004011,0.062625,-0.317894,-0.170216,-0.287445,0.045692,-0.390843,-0.006967,0.03805,-0.268976,-0.151884,-0.048011,-0.05658,0.069663,-0.136872,0.026863,-0.000758,-0.409146,-0.218647,0.169417,-0.24813,-0.053459,-0.045058,0.013083,0.285111,-0.139935,-0.19919,0.225004,-0.037804,0.034041,-0.159231,-0.14753,-0.210642,0.078826,-0.256273,-0.316698,-0.087334,-0.112204,-0.345913,-0.270791,0.322905,-0.177581,0.195093,0.048639,-0.34988,-0.147326,-0.005783,-0.262744,-0.082221,-0.149077,-0.013392,-0.159121,-0.08969,0.101525,-0.124778,-0.307417,0.074264,0.153838,-0.188568,0.085389,-0.014111,-0.125166,-0.073598,-0.03792,0.04774,-0.107455,0.048575,0.026804,0.047956,0.450079,0.218536,-0.004313,0.225563,-0.075974,0.050496,0.236071,-0.12566,0.121144,0.405619,-0.088537,-0.135418,0.376043,0.109863,-0.213518,-0.156707,0.025902,#
1,0.079555,1.0,0.025983,-0.103993,-0.006134,0.100021,0.304214,0.147427,-0.051632,0.320835,-0.156663,-0.008391,0.071668,0.253248,0.299615,0.121706,-0.016996,0.184981,0.188786,0.03796,0.140024,0.085547,0.216515,-0.119086,0.091058,-0.178543,-0.055863,-0.007665,-0.115708,0.135479,-0.167683,0.079409,0.277487,-0.135753,-0.242958,0.200615,0.115598,-0.221,0.066467,0.068145,-0.035488,0.216978,-0.157352,0.089811,0.345021,-0.240496,0.121657,-0.192451,0.14596,0.386677,0.084357,-0.014634,0.084648,-0.087061,-0.073374,-0.108604,0.00026,-0.288371,-0.245935,-0.22676,0.126142,0.103966,-0.173425,-0.103144,0.26874,0.113195,-0.064362,-0.101312,-0.084473,-0.158558,0.051631,-0.036332,0.131285,-0.243134,-0.114734,0.039835,-0.328769,-0.274451,0.129024,0.091185,0.046226,-0.190387,-0.078002,0.036049,-0.140189,-0.136125,-0.175125,-0.212854,-0.008735,-0.174182,-0.139734,-0.056716,-0.235445,-0.044032,-0.105291,-0.052633,0.04439,0.128784,0.269271,-0.050217,0.051485,0.146133,-0.105419,-0.255455,-0.316193,-0.142811,-0.089708,0.00728,-0.321374,-0.209179,0.205704,0.306745,-0.192475,-0.000358,-0.144343,-0.0506,-0.081589,-0.116364,0.157659,-0.307886,-0.269028,-0.324253,-0.425712,-0.069262,-0.274056,-0.266073,0.156576,0.031301,-0.292907,-0.093602,0.065012,-0.054914,-0.211809,-0.140413,-0.180532,-0.371528,0.174756,0.041184,0.058874,-0.155204,0.003533,-0.137119,-0.096337,-0.148883,-0.112481,-0.04894,-0.231503,0.240701,-0.091358,-0.085235,-0.218374,-0.263223,0.00981,-0.049402,-0.036175,-0.051818,0.264895,0.047855,-0.178194,0.021754,-0.060222,-0.048243,-0.029107,0.197875,0.074889,0.302818,0.102318,0.067818,-0.298692,-0.425122,-0.028562,0.14899,-0.074057,-0.105519,0.063056,-0.175567,-0.042102,0.108819,0.200298,-0.406698,0.23562,-0.038983,-0.236524,0.02955,0.220806,-0.185721,0.237099,-0.150893,-0.160645,0.335408,0.038554,0.039845,0.136593,0.259749,-0.215401,-0.046097,0.110007,-0.052065,0.272584,-0.080926,#
2,-0.131377,0.025983,1.0,0.060197,-0.103202,-0.137017,0.093495,-0.049917,0.184443,0.027425,-0.003418,-0.039722,-0.108567,-0.022641,-0.127934,-0.056158,-0.265548,0.3097,-0.120438,0.162849,0.013121,0.194262,-0.091583,0.064179,0.149782,0.127155,0.411759,0.053099,-0.014888,-0.17824,0.021084,0.180529,-0.142569,0.016429,-0.095329,0.061015,0.052654,0.184857,0.098776,-0.226677,0.173603,0.109276,0.044025,-0.086571,0.00498,-0.267776,-0.042316,0.244012,-0.043288,-0.143625,-0.07672,-0.107225,0.280971,-0.107716,-0.24076,-0.133967,-0.104606,-0.291595,-0.006911,0.036462,-0.0768,-0.169393,-0.038533,-0.260242,0.153748,-0.08055,0.179031,0.08229,0.148476,0.289849,0.12736,0.169461,-0.058827,0.22494,0.108611,-0.088942,0.069861,-0.11087,0.086468,0.119057,0.202743,0.145268,0.027151,0.18528,-0.114474,0.129897,0.043274,0.06141,0.200167,0.129649,0.057713,0.044524,0.23473,0.214134,0.119423,0.161706,0.38505,0.064239,0.257061,0.157584,-0.15376,0.09289,0.080474,0.125618,0.152935,0.319952,-0.059167,0.164215,-0.117912,-0.088925,0.141712,-0.065187,0.142762,0.175928,0.422228,-0.086477,-0.086846,0.058266,0.052911,-0.045815,0.208785,0.08415,-0.046025,-0.000843,0.002543,0.120385,0.23027,0.038408,0.079209,0.180844,0.466912,0.064421,0.146548,0.035595,0.226504,0.089446,-0.103039,0.326296,0.209689,0.273441,0.073347,0.136461,0.04353,-0.105912,-0.000371,0.088885,-0.040079,-0.017052,0.194792,0.299769,0.052793,0.046148,0.273281,0.148213,0.105774,0.166197,0.0508,0.063258,0.235436,0.091835,0.402852,0.12489,0.049052,0.320717,0.140247,-0.315733,0.064499,-0.029431,-0.009991,0.211196,-0.237991,-0.188555,-0.080763,0.127127,-0.262215,0.240752,0.172619,-0.078647,0.043071,-0.149597,0.05743,0.087069,-0.22897,-0.214616,-0.249122,0.297247,0.108619,0.294369,-0.124515,-0.12254,0.18739,-0.246535,-0.240246,0.357102,-0.318324,0.003333,-0.103358,0.160373,0.278109,-0.017955,#
3,-0.175204,-0.103993,0.060197,1.0,-0.144247,-0.1953,-0.233395,-0.238249,-0.284944,-0.349182,0.030922,-0.127163,-0.323094,-0.374634,-0.244738,-0.11726,0.172623,0.099766,-0.133022,-0.010834,0.032483,0.048418,-0.289421,0.009763,0.087365,0.262017,0.126295,0.148484,-0.079772,-0.282393,0.232986,0.034063,-0.11649,0.031649,0.131868,-0.067319,-0.207178,-0.053538,-0.000669,0.08271,0.061657,-0.183897,0.037444,0.165255,-0.122602,0.354713,-0.131747,0.050704,0.069996,-0.14316,-0.156385,0.301304,0.041741,0.031263,-0.130613,-0.163125,0.303669,0.138758,0.121793,0.076661,-0.364756,0.028147,0.257478,-0.156775,-0.030611,-0.324576,0.038186,0.076444,-0.072444,0.029535,-0.033191,-0.004982,0.045324,0.084452,0.034082,-0.03964,0.270912,0.12653,-0.004813,-0.181851,0.033063,0.363288,0.258641,0.03734,0.300543,-0.061704,0.237487,0.177902,0.053014,0.022003,0.019887,0.114766,0.187425,-0.10691,0.238819,0.139878,0.453747,0.22994,-0.035792,0.276238,0.103692,0.304402,0.462196,0.177623,0.204464,0.142573,0.254242,0.051884,-0.117067,0.107669,-0.077688,-0.187256,0.234674,0.158367,0.109923,0.042856,0.034833,0.027916,-0.101756,0.377656,0.144475,0.314675,0.308834,0.120556,0.285895,0.117651,-0.30886,-0.210922,0.181096,0.320141,-0.047815,0.158673,0.322586,0.024475,0.147186,0.226135,-0.007892,0.024662,-0.06107,0.30754,0.112679,-0.203015,0.231523,0.188569,0.396015,0.172794,0.07527,-0.024646,0.356312,0.06101,0.174331,0.063887,0.184208,0.293719,-0.020564,0.215646,-0.370326,-0.19792,0.30561,0.183062,0.023146,0.111284,-0.133645,0.133618,-0.250407,-0.27761,0.204896,0.102669,0.188213,0.20836,0.101664,-0.09289,0.223973,0.233017,-0.216545,0.27316,0.057179,0.003968,-0.548811,0.391134,-0.345252,-0.089225,0.217264,-0.097783,-0.13361,0.022049,-0.179573,-0.019858,0.352784,-0.136434,0.155256,-0.177395,-0.178053,-0.15405,-0.040831,-0.1018,-0.110658,0.153139,-0.052259,-0.29598,#
4,0.242567,-0.006134,-0.103202,-0.144247,1.0,0.009488,-0.118455,0.086365,0.044713,-0.159181,0.279993,-0.105897,0.143315,-0.115534,-0.078028,-0.108654,0.064695,-0.213592,0.152368,-0.164056,-0.256958,-0.186666,0.165345,0.024553,0.090179,-0.093897,-0.255226,0.047563,-0.05275,0.035421,-0.206728,-0.19106,0.042931,-0.040766,-0.008105,0.096797,0.0505,-0.102308,0.019274,0.319334,-0.05851,-0.392863,-0.125424,0.144541,-0.113334,0.194366,-0.21603,0.056995,0.101016,0.182268,0.117813,-0.088627,0.059262,0.168825,0.181696,0.084899,-0.085266,0.250923,0.10556,-0.055574,-0.129097,-0.191084,-0.184329,0.088738,-0.183344,0.210481,0.476206,-0.190519,0.087005,-0.116126,-0.025549,-0.039489,0.051553,0.17721,0.0555,0.099763,-0.127613,-0.187239,-0.144154,-0.177866,-0.119957,0.030173,0.021981,-0.000399,0.036484,-0.051448,0.159793,0.118811,-0.027575,-0.235709,0.10146,0.108021,0.098915,-0.190217,-0.094796,-0.02615,-0.021328,-0.084217,-0.196256,0.093679,0.115367,0.022337,0.147047,-0.157217,0.115945,0.041173,0.002304,0.075834,-0.116201,0.011285,0.032803,0.040919,0.058317,-0.188287,-0.10779,0.158461,-0.064054,0.295773,-0.300223,0.043149,-0.377795,0.034051,0.225673,-0.063259,0.143781,0.132503,0.171436,0.090723,0.103723,-0.024214,0.045881,-0.197972,0.003815,-0.177486,-0.010524,0.148438,-0.0056,0.029821,-0.139949,0.148681,-0.070574,-0.045999,-0.177726,0.195852,-0.075566,-0.310487,-0.345036,0.030207,0.035149,-0.159869,0.00986,0.063823,-0.390892,-0.064843,0.086429,-0.162934,0.000512,-0.039949,-0.257188,0.174492,-0.210261,-0.16815,-0.272995,-0.035521,0.238739,-0.100045,0.027268,0.055907,-0.118026,0.051654,-0.046853,-0.002613,0.021891,0.063162,0.052235,0.108047,0.146594,0.253773,0.126665,0.004456,-0.164757,0.090199,0.160117,0.247089,0.122755,-0.059649,0.096093,-0.191814,0.201507,-0.089593,-0.029222,0.074035,0.307608,-0.083064,-0.042036,0.232526,0.007193,-0.000309,-0.190845,-0.193607,#
5,0.199503,0.100021,-0.137017,-0.1953,0.009488,1.0,0.420862,0.353826,-0.060094,-0.000791,0.108501,0.226204,0.058204,0.153166,0.143955,0.077097,0.23658,-0.027955,0.135037,-0.081116,0.142931,0.139354,0.150992,0.03596,-0.114388,-0.014391,0.115419,-0.089478,0.137648,0.07494,-0.139188,-0.003502,-0.067613,0.006467,-0.050043,-0.007204,0.053962,-0.005076,-0.076699,-0.007818,-0.258653,0.248656,-0.074596,-0.036332,0.064358,-0.142349,0.100565,-0.135884,-0.021373,0.126289,-0.058208,-0.061224,-0.000828,0.055393,0.115997,0.242123,-0.145307,0.025167,-0.161362,-0.201911,0.209838,-0.191683,-0.178681,0.283931,-0.096745,0.377169,-0.022067,0.282473,-0.082261,-0.255307,-0.02789,0.123354,-0.201032,0.00328,-0.129458,0.181387,-0.251523,-0.032574,-0.206679,-0.01431,-0.054984,-0.351907,-0.106885,0.01655,-0.155175,-0.210655,0.065638,-0.082142,-0.110929,-0.299636,-0.25921,-0.294736,-0.268024,-0.018154,-0.081064,-0.217184,-0.261086,-0.278948,-0.206035,-0.187662,0.002791,-0.033329,-0.101804,-0.282471,-0.165183,-0.251082,-0.102456,0.018166,-0.264879,-0.034021,0.12056,0.10982,-0.427704,-0.23011,-0.081705,-0.080471,-0.344925,0.046146,0.157461,-0.192609,-0.212175,-0.267905,0.011546,-0.379358,-0.110257,-0.115526,-0.190318,-0.025783,-0.21052,-0.125651,-0.106206,-0.090644,-0.113789,-0.031309,-0.331984,-0.121263,0.318052,-0.142803,0.034459,-0.492089,-0.153608,0.092375,-0.142166,0.108529,-0.193336,-0.263175,0.230049,0.140261,-0.156035,0.037718,-0.065114,-0.112489,-0.024448,0.106083,0.00309,-0.368334,0.013378,0.158833,-0.424033,-0.055336,-0.088391,-0.181916,-0.142168,-0.074598,-0.078463,0.131448,-0.052967,-0.052716,-0.031688,0.004642,0.213402,-0.192709,-0.251286,-0.173922,0.158918,-0.414707,0.029215,0.028568,0.135201,-0.149508,0.154905,-0.136926,0.048139,0.211255,0.515885,-0.083857,0.010152,0.077019,-0.055625,0.072556,0.085271,0.081866,0.193107,-0.24609,-0.200441,0.000663,0.131342,-0.096967,-0.304202,-0.033158,#
6,0.140802,0.304214,0.093495,-0.233395,-0.118455,0.420862,1.0,0.363253,0.241765,0.275632,0.07218,0.114247,0.179116,0.087279,0.006361,0.136782,0.115783,0.115375,0.09723,-0.112557,-0.070894,0.194959,0.089681,-0.064583,0.028029,0.052525,0.248419,0.037535,0.353247,0.04727,-0.406672,-0.098328,0.054801,-0.250339,0.11885,0.147239,-0.115552,-0.011225,0.062136,-0.143323,0.022146,0.160204,0.042353,-0.228307,0.119607,-0.235862,0.012771,-0.222412,-0.018113,0.367233,0.056549,-0.141607,-0.054367,0.004487,0.231749,0.126874,-0.015711,-0.220429,-0.239263,0.089324,0.213366,0.147216,0.01144,0.255591,0.098791,0.2838,-0.049362,0.134645,0.033595,-0.146515,0.272274,0.024826,-0.220384,-0.295079,-0.083314,0.302152,-0.207269,-0.146828,-0.086958,-0.056927,-0.18937,-0.315515,-0.322615,-0.02757,-0.27634,0.081925,-0.134876,-0.244552,-0.067355,-0.23762,-0.39511,-0.271582,-0.304068,-0.182296,0.03663,-0.369469,-0.047643,-0.259776,0.022581,-0.39945,0.026662,-0.055017,-0.239048,-0.136651,-0.343458,-0.195756,-0.138939,-0.101019,-0.181691,-0.160273,-0.277394,0.093089,-0.319375,-0.368188,-0.142221,-0.292926,-0.063061,0.007096,-0.037761,-0.097952,-0.053093,-0.193814,-0.117244,-0.339646,-0.219644,-0.291664,0.109036,0.175049,-0.261921,-0.158216,-0.232027,-0.482937,-0.511168,0.146104,-0.124764,-0.053513,0.188711,-0.154486,-0.042718,-0.28903,0.023318,0.091994,-0.165539,-0.181874,-0.243302,-0.222181,-0.076248,0.359681,-0.210666,-0.095951,-0.115157,-0.164588,0.033029,-0.027632,-0.124137,-0.413356,0.017825,0.240456,-0.200729,-0.076158,-0.19159,-0.123128,-0.159247,-0.013105,0.057208,0.158929,0.023327,0.116016,-0.281839,0.062335,0.233664,-0.063237,-0.169083,-0.132103,0.357283,-0.29847,0.181437,0.054107,0.240379,-0.530482,0.450985,0.25598,0.084837,0.075963,0.354854,-0.228609,-0.069574,0.104771,-0.190993,0.200687,-0.222858,0.038452,0.200153,0.032662,-0.322262,0.146393,0.065569,-0.08152,-0.198378,0.207458,#
7,-0.02395,0.147427,-0.049917,-0.238249,0.086365,0.353826,0.363253,1.0,-0.044731,0.113777,-0.074512,-0.075487,0.518588,0.31925,0.144213,0.056081,0.001256,0.127718,0.134598,-0.045654,0.098457,0.217169,-0.039912,0.153864,0.079613,0.02216,-0.136215,-0.270289,0.061216,0.125169,-0.146797,-0.192384,0.125082,0.099757,-0.300531,0.037324,0.01114,-0.058768,0.13542,-0.184553,-0.044618,0.087501,0.014405,-0.087318,-0.095422,-0.292543,-0.035365,-0.235283,-0.042735,-0.075091,-0.055528,0.024391,0.084737,-0.019797,0.236005,0.185033,-0.122652,-0.096437,-0.224244,0.031513,0.309939,0.033266,-0.197469,0.172963,-0.173853,0.441465,0.088933,0.096969,0.055491,0.05117,0.218465,0.139427,-0.356299,-0.125608,-0.088873,0.041261,-0.05305,0.048738,0.046578,-0.054653,-0.016198,-0.251164,-0.112605,-0.05326,-0.186608,-0.004463,0.005888,0.050106,0.040438,-0.095613,-0.050334,-0.218305,-0.169341,0.025697,-0.128324,-0.030845,-0.037029,0.001385,0.092664,-0.383885,0.107465,0.000711,-0.061681,-0.30282,-0.193629,0.008258,-0.178482,0.027077,-0.167254,-0.336494,-0.006971,0.22309,-0.126199,-0.186887,0.128398,0.009522,0.003244,-0.072975,0.166567,-0.112534,-0.151641,-0.539866,0.003452,-0.058279,-0.214408,-0.150385,0.097745,0.032351,-0.213443,0.152919,-0.153187,0.028263,-0.096508,0.008765,-0.213629,0.069379,0.218452,-0.259117,-0.013536,-0.230117,-0.063742,0.01365,-0.17823,0.048866,-0.190995,-0.132365,-0.168846,0.110316,-0.06411,-0.165373,-0.20174,-0.027065,-0.20601,-0.130856,-0.148467,-0.412836,0.055041,0.021188,-0.16564,-0.038614,-0.026665,0.077601,-0.14643,0.045582,0.232949,0.071808,0.024172,0.01267,-0.070307,0.251098,-0.059916,-0.160686,-0.13579,-0.122684,0.285737,-0.218959,0.181825,-0.009321,0.302644,-0.181075,0.216529,0.253577,0.047971,-0.034582,0.195962,0.024536,-0.008959,-0.19818,-0.271565,0.372897,-0.225479,-0.129262,0.339425,-0.133171,-0.114505,-0.163363,0.070732,-0.01637,-0.116808,-0.02847,#
8,-0.14379,-0.051632,0.184443,-0.284944,0.044713,-0.060094,0.241765,-0.044731,1.0,0.340442,-0.12446,0.123922,0.084058,0.211947,0.100711,-0.057657,-0.232182,0.310677,-0.041919,0.000945,-0.348393,0.125811,0.167267,0.087,0.071565,0.253431,0.259904,0.310723,0.0787,0.189568,-0.177051,-0.120867,-0.035063,-0.122356,0.157813,0.168874,-0.088968,-0.052741,0.165007,-0.188381,0.140198,-0.081027,0.039501,-0.070969,0.138292,-0.173165,-0.035075,0.107615,-0.004499,0.145498,0.074702,-0.231742,-0.056529,-0.008468,-0.003457,0.4159,-0.110177,-0.323173,-0.058773,0.213567,0.055681,-0.046366,-0.098041,0.127569,0.076829,0.030016,0.134922,0.052397,0.120134,0.065749,0.100781,0.099958,0.079391,0.055849,0.033726,0.173927,-0.053614,-0.19975,0.080649,-0.048242,-0.035323,-0.057345,-0.439813,-0.051263,-0.146092,0.211335,-0.078938,-0.208435,-0.066599,-0.097153,0.152358,0.029467,-0.281601,0.196388,-0.003694,0.099729,0.024365,-0.072242,-0.158347,-0.206105,-0.0983,0.163315,-0.083768,0.152357,-0.120106,-0.142928,-0.07408,-0.075965,0.116206,-0.083733,-0.064059,-0.132169,-0.094138,-0.266647,0.039857,-0.124714,0.164573,-0.025684,0.183586,-0.165169,0.198919,-0.142282,0.004071,-0.107201,-0.111067,-0.017617,0.31094,0.118635,-0.110315,-0.240095,0.043493,0.024308,-0.396747,0.017113,0.094208,0.012498,0.030236,-0.02077,-0.188741,-0.087884,0.081829,-0.016466,-0.13062,-0.265972,-0.320724,-0.340183,-0.066683,0.127831,-0.034176,-0.037535,0.025187,0.038873,0.077579,-0.192949,0.068987,-0.097229,0.326672,0.306278,-0.109808,-0.082142,-0.126699,0.155964,0.141647,-0.036378,0.0136,0.038423,-0.102245,0.003283,-0.308144,0.192143,-0.105359,-0.010638,0.157164,0.087569,0.202094,0.138413,-0.06284,-0.008668,0.364746,-0.392337,0.392312,0.243376,-0.224485,-0.165637,-0.0336,0.125115,-0.00316,0.276509,-0.35046,-0.111825,-0.177667,-0.16167,-0.027539,0.189945,-0.145318,0.243868,0.087802,-0.073088,0.087088,0.204058,#
9,0.109519,0.320835,0.027425,-0.349182,-0.159181,-0.000791,0.275632,0.113777,0.340442,1.0,-0.306939,0.102222,0.373539,0.642381,0.343037,0.168703,-0.287098,0.33095,0.141492,0.15714,-0.094555,0.223671,0.314257,0.071409,0.174893,-0.218334,0.067928,0.120603,0.094967,0.456365,0.006012,0.238025,0.335807,-0.230064,-0.123951,0.109801,0.180207,-0.053992,0.094339,-0.398033,0.180479,0.311847,0.017866,-0.013058,0.146103,-0.559846,0.217739,0.248532,0.000729,0.333384,-0.084649,-0.170819,0.202418,-0.179745,0.150183,0.011531,-0.150782,-0.448335,-0.191745,0.103266,0.453031,0.197976,-0.340038,-0.035076,0.026023,0.111173,-0.043607,0.221245,-0.248008,0.063515,0.048701,0.298455,0.005371,-0.101499,-0.130981,0.089286,-0.153143,-0.29609,0.029759,0.113692,0.068403,-0.413714,-0.491059,0.071806,-0.287378,0.15056,-0.337681,-0.095284,0.191381,-0.335605,0.030147,-0.109727,-0.242123,0.249985,-0.014223,0.015057,-0.285271,-0.082553,0.129765,-0.326639,-0.201141,0.069816,-0.301122,-0.074092,-0.087229,-0.125898,-0.424876,-0.215304,-0.090703,-0.29722,0.18006,0.30056,-0.287429,-0.11787,-0.113345,-0.276601,-0.159586,-0.168836,0.430711,-0.450382,-0.017858,-0.352114,-0.030853,-0.205503,-0.359994,0.006758,0.206034,0.119389,-0.182486,-0.287323,-0.085043,0.130668,-0.469959,-0.05839,-0.254476,-0.370646,-0.078527,-0.224717,0.237934,-0.296061,-0.023932,-0.038586,-0.371205,-0.459564,-0.390228,0.059168,-0.131348,0.108149,-0.27265,-0.162363,-0.294579,-0.047321,0.020658,-0.414554,-0.022108,-0.232338,0.423434,0.439398,-0.196998,-0.163483,-0.056942,-0.054333,-0.07141,0.286842,0.425717,0.487015,-0.126237,0.015124,-0.39819,-0.03139,-0.215685,0.190493,-0.13665,-0.092635,0.297447,-0.224833,-0.122709,0.044807,0.622778,-0.526294,0.452118,0.123578,-0.571386,-0.232997,0.177983,-0.007667,0.290639,0.160461,-0.521226,0.069891,-0.164877,-0.071783,0.167366,0.42312,-0.14744,0.039255,-0.026064,-0.059661,0.381878,0.372413,#
10,0.18465,-0.156663,-0.003418,0.030922,0.279993,0.108501,0.07218,-0.074512,-0.12446,-0.306939,1.0,-0.195151,-0.012367,-0.301673,-0.249459,0.028759,-0.040208,-0.31262,0.002727,-0.09828,-0.048195,-0.123192,-0.135627,0.171162,-0.016728,0.139447,-0.148597,0.033937,0.146761,-0.308276,0.169509,0.019769,-0.284588,-0.248455,0.054987,-0.026852,0.164881,0.345083,0.050637,0.221624,-0.174917,-0.283504,-0.157258,-0.094136,-0.080182,0.200275,-0.227243,0.064297,0.124061,0.029179,-0.025004,0.040716,0.051705,0.235287,0.165372,0.023805,-0.222797,0.272102,-0.021231,-0.10534,-0.274641,-0.157033,0.000453,0.149561,0.036649,-0.05236,0.214378,-0.120292,0.196719,-0.103588,0.214992,-0.101383,-0.039986,0.150059,-0.045271,0.113763,0.025745,0.108945,0.002451,-0.13122,0.029143,0.187295,0.057429,0.207522,0.110197,-0.050941,0.303943,0.051624,0.037286,0.061105,-0.104766,0.032532,0.056932,-0.100213,-0.001291,0.027709,-0.007104,-0.237353,0.119221,-0.018264,0.06151,-0.128766,0.082884,-0.104863,0.136194,-0.059126,-0.003835,0.223056,0.028741,0.296433,-0.12202,-0.131163,-0.24935,-0.082911,-0.024014,0.061793,-0.111141,0.057296,-0.378409,0.226697,-0.239443,0.249251,0.084552,-0.263047,-0.099529,0.162654,0.011828,0.0438,0.003193,-0.063722,-0.049682,-0.231784,-0.015199,-0.019451,0.094138,0.19912,0.022397,0.051526,-0.158075,0.15077,0.057675,0.310624,-0.056002,0.162356,0.397263,-0.132306,-0.047351,0.138517,0.208123,0.050995,0.352836,0.236827,-0.10002,0.0686,0.052849,-0.034067,-0.264122,-0.216474,0.055474,0.001785,-0.205879,-0.028772,-0.129473,0.048744,0.022441,-0.203185,0.155513,-0.093985,0.019558,0.034013,0.230111,-0.042455,0.170578,0.083442,-0.105045,0.046915,0.286602,-0.007252,-0.279515,0.228241,-0.141647,0.171344,0.133163,0.159066,0.144329,0.048835,-0.073258,0.005345,0.281693,0.142295,0.118012,0.127892,0.16508,-0.436482,0.02082,0.044424,0.017113,0.02377,-0.143652,-0.229688,#
11,-0.069246,-0.008391,-0.039722,-0.127163,-0.105897,0.226204,0.114247,-0.075487,0.123922,0.102222,-0.195151,1.0,0.056227,0.232378,-0.070789,-0.016266,0.089484,0.06158,0.088422,-0.176581,0.030789,-0.222543,-0.051743,0.006147,0.134141,0.047501,0.130004,0.237333,-0.06985,0.109543,-0.020364,0.015343,-0.124474,0.0093,-0.102457,0.23178,-0.096343,0.054199,-0.032516,-0.138097,-0.146377,0.218994,-0.01734,-0.208787,-0.156117,0.066828,-0.01173,-0.132995,-0.024051,0.221618,-0.150302,-0.063966,-0.127604,0.199355,-0.172727,-0.022137,-0.267026,-0.036562,-0.084498,0.048056,-0.078924,-0.221332,0.078536,0.074886,0.01129,0.125227,0.002681,0.035952,0.136166,-0.300324,-0.03898,-0.07985,0.025035,0.064474,0.030296,0.023941,-0.213099,-0.000455,-0.225851,-0.056277,-0.186833,-0.189929,-0.036341,-0.069517,-0.069676,-0.332954,-0.161544,0.01311,-0.15615,0.039855,0.035817,-0.25761,-0.226881,0.059045,-0.054956,-0.224082,-0.054117,0.018589,-0.208831,-0.05809,0.238375,0.012193,-0.314616,-0.03363,-0.152414,0.100431,-0.089102,0.063265,0.058395,0.156589,-0.062994,0.002018,-0.301085,-0.195518,-0.106576,-0.030998,-0.076198,0.136428,0.072986,-0.096009,0.07207,-0.144676,-0.071061,-0.151361,0.005741,-0.238947,-0.003047,0.034103,0.036971,-0.197749,-0.189277,0.009877,-0.225414,0.097719,-0.038242,-0.098184,0.166277,-0.180795,-0.131988,-0.223391,-0.138915,0.064613,-0.013582,-0.016829,-0.062154,0.026972,-0.014977,0.045643,-0.262381,-0.087209,-0.080349,0.135606,-0.03682,0.208187,0.034783,0.124401,-0.050493,0.30345,-0.157082,-0.237109,-0.097952,-0.217187,0.186171,-0.115365,-0.089816,0.127717,-0.138799,0.071674,0.164958,0.086829,0.048951,0.398849,0.00225,-0.216757,-0.015234,-0.090444,-0.186103,0.333058,-0.014034,-0.010725,0.024829,-0.220796,-0.04979,-0.137923,0.270654,0.267827,-0.07242,0.227379,0.167383,-0.016452,0.090737,0.343467,0.049695,0.210832,-0.14896,-0.086439,0.206626,-0.211911,-0.043908,0.005974,#
12,0.24455,0.071668,-0.108567,-0.323094,0.143315,0.058204,0.179116,0.518588,0.084058,0.373539,-0.012367,0.056227,1.0,0.475117,0.117129,0.03657,-0.028967,0.004618,0.211938,0.060596,0.040795,0.157264,0.233511,0.004848,-0.064355,-0.374798,-0.183743,-0.047728,0.006234,0.198532,0.030228,-0.012647,0.291723,-0.03271,-0.264006,0.227418,0.308438,-0.087392,-0.121005,-0.215659,0.041229,0.129913,0.176301,-0.059357,-0.162781,-0.405842,0.142166,-0.041638,0.013957,0.074426,-0.23088,0.062097,0.226697,0.056125,0.275834,0.241817,-0.22773,-0.189975,-0.033452,0.038237,0.251836,0.189752,-0.157749,0.155187,-0.012264,0.094808,-0.042749,0.117044,-0.003396,-0.041305,0.270795,0.180914,-0.222779,-0.308722,-0.232234,0.210778,-0.012271,0.033161,0.127914,-0.183096,0.035506,-0.198808,-0.252521,-0.248329,-0.224891,0.066034,-0.156295,0.067045,-0.114797,-0.140985,-0.068096,-0.267051,-0.295409,0.086529,-0.113912,-0.191282,-0.194479,-0.170682,-0.119638,-0.439768,0.026411,-0.062863,-0.160918,-0.029393,-0.062224,-0.119708,-0.233373,-0.245928,0.086091,-0.392114,-0.039864,0.176887,-0.304841,-0.232182,-0.072498,-0.249598,-0.038766,-0.046029,-0.141656,-0.165949,-0.076824,-0.48501,-0.186916,-0.210577,-0.204269,-0.121868,0.164105,0.257024,-0.210731,-0.078619,-0.082882,0.094815,-0.351429,0.167657,-0.056732,-0.117962,0.206959,-0.303614,-0.132301,-0.070485,0.018806,0.202486,-0.204327,-0.158508,-0.132953,0.138864,-0.369281,0.057107,-0.227859,-0.462609,-0.273408,-0.091814,-0.2433,-0.289702,0.102351,-0.312747,0.196841,0.1852,-0.243628,-0.314474,-0.032135,-0.176203,-0.023722,0.058239,0.422829,0.136804,-0.086251,0.140999,-0.23296,0.113848,-0.174918,0.160046,-0.205962,0.015054,0.227214,-0.204614,-0.0454,0.046132,0.253671,-0.347275,0.180003,0.238769,0.006631,-0.014653,0.003624,-0.039478,0.181494,-0.038225,-0.216738,0.362175,-0.216497,-0.075953,0.389619,0.024935,0.080136,0.089028,0.098839,-0.072129,-0.003797,0.136273,#
13,0.187855,0.253248,-0.022641,-0.374634,-0.115534,0.153166,0.087279,0.31925,0.211947,0.642381,-0.301673,0.232378,0.475117,1.0,0.279429,0.170117,-0.25169,0.198239,0.210391,0.09018,0.182261,0.111534,0.39827,0.152995,0.055039,-0.150247,0.045782,-0.007174,0.046442,0.378627,0.081372,0.135894,0.320786,-0.120262,-0.316926,0.189558,0.308105,-0.22913,0.143804,-0.344429,0.098444,0.411398,-0.069696,0.100525,0.080995,-0.502347,0.282014,0.060368,-0.09421,0.08727,-0.030118,-0.12233,0.20302,-0.170495,0.078225,0.093187,-0.174208,-0.314967,-0.238912,0.031781,0.436483,0.187203,-0.330293,-7.1e-05,0.009064,0.352611,-0.189685,0.267181,-0.282226,-0.145265,-0.191161,0.333457,-0.144777,-0.092179,-0.263355,0.102091,-0.335083,-0.292867,-0.066245,0.021803,0.027014,-0.464694,-0.405605,0.110164,-0.371646,-0.044844,-0.368878,-0.002628,0.031775,-0.285097,0.067946,-0.229425,-0.397722,0.160016,-0.197873,-0.077219,-0.335513,-0.138281,0.112788,-0.299437,-0.017547,-0.04846,-0.350428,-0.301598,-0.083701,-0.121031,-0.151389,-0.165333,0.026491,-0.390446,0.122504,0.359144,-0.368127,-0.155271,0.107971,-0.115179,-0.308682,-0.210718,0.396361,-0.395385,-0.194941,-0.531784,-0.053945,-0.255182,-0.362838,-0.113658,0.100884,-0.152381,-0.340448,-0.255663,-0.125636,0.164751,-0.379144,-0.17404,-0.433287,-0.420213,0.225429,-0.218468,0.146363,-0.429535,-0.051469,0.08457,-0.196257,-0.395724,-0.423382,-0.079087,-0.007008,0.133243,-0.428272,-0.287423,-0.294955,0.038552,-0.203688,-0.34015,0.049148,-0.2037,0.455978,0.315982,-0.121532,-0.311144,0.000565,-0.021319,0.016535,-0.07783,0.248136,0.244516,-0.278636,-0.097515,-0.249063,-0.088004,-0.331347,0.134848,-0.238922,-0.26444,0.168228,-0.140498,-0.150642,0.02421,0.523311,-0.413475,0.339223,0.028702,-0.452018,-0.116782,0.366541,0.180315,0.220827,-0.034048,-0.384521,0.254544,-0.17871,-0.031715,0.214415,0.28025,-0.30192,-0.158028,0.238093,-0.316363,0.253668,0.222892,#
14,0.035899,0.299615,-0.127934,-0.244738,-0.078028,0.143955,0.006361,0.144213,0.100711,0.343037,-0.249459,-0.070789,0.117129,0.279429,1.0,-0.087674,-0.083591,0.169716,0.307261,0.032453,0.080179,0.216883,0.109451,0.067304,-0.152482,-0.020212,0.037091,0.013375,0.093045,0.059711,-0.135351,0.118195,-0.016845,0.066337,-0.176419,-0.121031,-0.060432,-0.054844,-0.02235,-0.19481,0.12569,0.322895,0.062468,0.177212,0.367223,-0.244561,0.057178,0.0973,0.160277,-0.050938,0.18065,-0.179252,-0.016287,-0.140363,0.16985,0.204008,0.098342,-0.288374,-0.02987,-0.065124,0.370011,-0.068533,-0.293701,0.186581,0.173444,0.057348,-0.119299,0.059144,-0.021982,0.044166,0.097725,0.030306,0.067462,-0.124677,-0.154539,-0.042478,-0.07174,-0.007883,-0.053609,0.058353,0.063494,-0.411743,-0.13064,0.01594,-0.185046,0.238705,0.026491,-0.028672,-0.101854,-0.211781,0.040534,-0.014977,0.031734,0.297071,-0.144857,-0.013434,-0.264083,-0.064827,0.016503,-0.05456,-0.005684,-0.042254,-0.113778,-0.287358,-0.198695,-0.269234,-0.28044,0.018841,-0.223007,-0.155796,0.161948,0.159781,-0.067911,-0.092428,-0.020637,-0.14622,-0.232504,-0.072145,0.367668,-0.38225,-0.085191,-0.24547,-0.12064,-0.049713,-0.233503,-0.295583,-0.067582,0.11294,-0.198085,-0.023734,-0.015053,0.081731,-0.216342,-0.182293,-0.206344,-0.267602,0.119085,0.065156,0.065823,-0.287565,-0.212921,-0.242056,-0.255061,-0.025305,-0.303946,-0.057039,-0.077466,-0.045676,-0.258235,-0.059513,-0.316117,-0.369982,0.047115,-0.21301,-0.130699,-0.246667,0.278975,0.149659,-0.215142,-0.011701,0.064083,-0.037681,0.123789,0.045049,-0.012429,0.390866,-0.052669,-0.1264,-0.212292,-0.167537,-0.07218,-0.008532,-0.224551,0.100675,0.167017,-0.178447,-0.201769,0.127039,0.487389,-0.21888,0.300675,0.036049,-0.167995,0.121227,0.170492,-0.128365,0.197454,-0.14549,-0.15447,0.003293,-0.067342,-0.028905,0.281719,0.105885,-0.061442,-0.000529,0.053503,-0.163886,0.194178,0.088425,#
15,0.067752,0.121706,-0.056158,-0.11726,-0.108654,0.077097,0.136782,0.056081,-0.057657,0.168703,0.028759,-0.016266,0.03657,0.170117,-0.087674,1.0,-0.037791,0.332333,0.022627,0.168199,-0.022395,-0.08685,0.313125,-0.051511,0.025074,-0.070407,-0.064405,0.03852,0.179799,0.126149,0.170361,-0.079486,0.29143,-0.072282,0.003413,0.033672,0.269233,0.004741,0.13384,0.090729,0.047063,-0.003261,0.13439,0.108224,0.049034,-0.048534,0.074644,0.079101,0.078586,0.17665,0.184998,0.138358,-0.057561,0.001758,0.20407,-0.054102,-0.126262,-0.13099,-0.11251,0.056235,0.069318,0.134207,-0.062946,0.084972,-0.080249,0.206768,-0.218244,0.252417,-0.326397,0.13983,-0.046893,0.244294,0.03347,-0.092027,-0.006176,0.096757,0.032916,-0.142002,0.082761,0.108688,0.198704,-0.020633,-0.066168,0.30691,0.001159,-0.16265,-0.208318,-0.218641,0.02516,0.013626,-0.015607,0.184024,-0.118077,0.211134,0.07295,-0.111516,-0.078826,-0.198589,0.004001,-0.011551,-0.077294,-0.104338,-0.272406,0.123237,0.087838,-0.10402,-0.029322,0.097975,0.029175,0.060653,-0.157862,0.064494,-0.114125,-0.091564,0.089333,0.15342,-0.015958,-0.245069,0.070029,-0.138309,-0.201025,0.026555,-0.220106,-0.14581,-0.136731,0.040732,-0.04592,0.115233,-0.208028,-0.186476,-0.028696,-0.004806,-0.101888,0.04172,-0.201874,-0.086004,-0.025061,-0.115856,-0.06008,-0.226191,0.048052,0.181135,-0.077517,-0.110205,-0.005505,0.044007,0.249585,0.208532,-0.124589,-0.221407,0.005103,-0.054882,0.018204,0.068474,0.075412,-0.11192,-0.014644,0.252504,-0.169069,-0.084192,0.21734,-0.025202,-0.101624,-0.060355,0.008245,0.083222,-0.061392,0.068348,0.079994,-0.090813,0.190299,-0.094219,-0.014389,-0.288234,-0.020268,-0.03701,-0.056573,0.098702,0.107717,-0.263197,0.161508,-0.068328,-0.259324,0.092038,0.300806,-0.105484,0.260287,0.030715,-0.216606,-0.002672,-0.035275,-0.10066,0.050314,0.15622,-0.133659,-0.096582,0.045399,-0.088889,0.184289,0.124173,#
16,-0.051971,-0.016996,-0.265548,0.172623,0.064695,0.23658,0.115783,0.001256,-0.232182,-0.287098,-0.040208,0.089484,-0.028967,-0.25169,-0.083591,-0.037791,1.0,-0.157671,0.110378,-0.053223,0.007327,-0.084783,-0.065217,-0.322898,-0.406541,-0.115483,-0.136944,-0.082766,0.069913,-0.179607,-0.1813,0.054193,0.108883,0.226536,0.061474,0.139801,-0.153881,-0.184703,-0.285597,0.287352,-0.131897,-0.14641,0.050257,0.080308,-0.184031,0.191905,-0.11889,-0.239117,0.069626,0.219689,0.037677,0.168808,-0.03053,0.028824,0.044289,0.048897,0.238661,0.141269,0.24659,-0.164759,-0.215427,0.097528,0.336299,-0.107865,-0.092316,0.096052,-0.125078,0.057646,-0.0345,-0.227005,-0.189886,-0.295126,-0.131385,-0.144293,0.002089,0.065405,0.034319,-0.041521,0.010802,0.055326,-0.065871,0.146672,0.225398,-0.312832,0.119822,-0.082056,0.054449,0.042336,-0.133682,-0.131657,-0.099617,0.09759,0.020879,-0.123602,0.138139,-0.172768,-0.011532,-0.120531,-0.267549,0.113238,0.095158,0.05902,0.154759,0.04749,0.052009,0.024139,0.133148,-0.130097,-0.123679,0.040137,-0.262742,-0.115831,0.13688,0.044585,-0.181702,-0.085687,0.044275,0.162156,-0.320171,-0.01174,-0.034582,0.00374,-0.052793,-0.254118,0.086945,-0.190465,-0.294125,-0.268611,0.109243,-0.030233,-0.179402,-0.241745,0.084304,0.134041,0.117962,0.051947,0.161525,-0.258298,-0.080087,0.024864,-0.125187,-0.043388,-0.035519,0.404754,0.143462,-0.104005,-0.067584,0.012179,-0.058063,-0.076195,0.122048,-0.152026,0.057792,0.130195,-0.095793,-0.068432,-0.282825,0.037705,-0.136226,0.288096,-0.074819,-0.080894,-0.034979,-0.149347,-0.192272,0.080344,0.18285,-0.11086,0.062157,-0.052677,-0.014742,0.147692,-0.263409,-0.05133,-0.038041,-0.180928,-0.097562,0.031147,-0.185968,0.086588,-0.395303,-0.107964,0.578021,0.115868,-0.010601,-0.173626,-0.014361,0.072842,0.301269,-0.284999,0.096145,0.279228,-0.011414,-0.237098,0.107117,0.033449,-0.085114,0.0521,-0.44885,-0.138577,#
17,-0.386203,0.184981,0.3097,0.099766,-0.213592,-0.027955,0.115375,0.127718,0.310677,0.33095,-0.31262,0.06158,0.004618,0.198239,0.169716,0.332333,-0.157671,1.0,-0.08975,0.367601,-0.180114,-0.000801,0.116437,0.028436,0.165149,0.220297,0.123937,0.100284,-0.096571,0.070718,-0.008624,-0.078387,0.008955,-0.041251,-0.172328,0.061856,0.077555,-0.099217,0.129374,-0.231377,0.05505,0.074358,0.08761,0.034784,0.053718,-0.233803,0.101681,0.349542,0.058802,0.031927,-0.075971,-0.032957,0.053668,0.056311,0.046192,0.009386,-0.009019,-0.299328,-0.184744,-0.124173,-0.059525,-0.134727,-0.125775,0.119492,0.067623,0.144166,-0.05018,0.170921,-0.168897,0.280601,0.228299,0.248972,0.07897,-0.159109,0.108955,0.012832,0.073416,-0.178598,0.210602,-0.059866,0.137029,-0.13818,-0.302497,0.255965,-0.15384,0.033488,-0.155777,-0.203914,-0.067112,0.051521,0.011268,0.027921,-0.175056,0.456965,-0.143601,-0.011078,0.228949,0.024196,0.178002,0.017462,-0.199029,0.148293,-0.113138,0.260738,-0.108521,0.039708,-0.064159,-0.017642,-0.079961,-0.161237,0.13853,0.0941,0.009023,-0.149492,0.019707,-0.059293,0.142387,-0.164724,0.42706,-0.395814,0.066827,-0.356298,-0.185899,-0.043201,-0.073816,-0.039386,-0.043793,0.135206,-0.156101,0.034853,0.138779,0.204948,-0.138825,-0.047795,0.031573,-0.042203,-0.008652,-0.042691,0.036718,-0.076697,0.048079,-0.055164,-0.150014,-0.403617,-0.203519,0.029254,-0.027162,0.229705,0.08878,-0.07111,-0.238497,-0.028472,0.086494,-0.104696,-0.020217,-0.071928,0.037451,0.52405,0.024258,-0.012042,0.206398,0.169922,-0.156355,0.304078,0.150754,0.224407,-0.064309,-0.151196,-0.210344,0.177579,-0.121093,-0.153543,-0.045801,-0.134242,-0.031138,0.054766,-0.147856,-0.0653,0.202782,-0.292155,0.366083,-0.08614,-0.36848,-0.172685,0.117024,-0.029778,0.183183,0.265489,-0.362255,-0.134062,0.024176,-0.353359,0.007309,0.253933,-0.259244,-0.183684,-0.034032,0.031637,0.285031,0.147222,#
18,0.268943,0.188786,-0.120438,-0.133022,0.152368,0.135037,0.09723,0.134598,-0.041919,0.141492,0.002727,0.088422,0.211938,0.210391,0.307261,0.022627,0.110378,-0.08975,1.0,-0.188687,0.124976,0.133397,0.077603,-0.004205,-0.019652,-0.03159,-0.077955,0.19432,-0.035251,0.228701,-0.209801,0.042768,0.0066,0.030622,-0.022301,0.065946,0.012343,-0.062595,-0.141746,-0.013404,0.271,0.198074,0.061875,0.255145,0.174076,0.029578,0.050534,-0.16113,-0.024897,0.003877,-0.040648,0.063547,0.192705,-0.115662,0.288291,0.132187,-0.018196,-0.216263,-0.063059,-0.119973,0.059779,-0.187605,-0.091599,0.23293,-0.095603,0.147382,-0.174984,-0.088383,-0.162725,-0.245455,0.003779,0.036134,-0.206099,-0.021849,-0.07707,0.093031,0.032691,-0.059266,-0.020269,-0.021697,0.128531,-0.157322,-0.139246,-0.214022,-0.018373,-0.157411,-0.040576,0.091385,-0.024429,-0.055914,-0.122149,-0.241858,0.052631,-0.192466,0.167645,-0.037248,-0.080858,-0.186785,0.016324,-0.073889,0.136606,0.145365,-0.0152,-0.379246,-0.180189,0.087659,-0.262073,-0.070175,0.034911,-0.050595,-0.03056,0.260525,-0.031852,-0.047101,-0.00693,0.214759,-0.090527,-0.020307,0.076368,-0.021114,-0.098379,-0.060662,-0.166529,-0.18028,-0.20724,-0.11895,0.068924,-0.093018,-0.03059,-0.012809,-0.192606,-0.086836,-0.082448,0.084892,-0.163356,-0.017155,0.058081,-0.055377,0.00702,-0.18661,-0.314326,-0.063118,-0.244699,0.001045,-0.034238,-0.043545,-0.16854,-0.022729,-0.334086,-0.288912,-0.238494,-0.125033,-0.137282,-0.245454,0.095131,-0.212084,0.144218,0.053105,-0.253671,-0.204795,-0.114896,0.073156,0.004096,-0.191854,0.168759,-0.023007,0.017851,0.144543,-0.042502,-0.049653,0.001372,0.29327,0.057921,0.141101,0.267188,0.034481,0.032435,0.072835,0.33288,-0.033076,-0.130164,0.196007,0.150925,0.225634,0.265501,0.056587,0.400792,-0.01175,0.035113,0.186938,-0.051543,0.102381,0.303947,-0.008182,-0.236696,0.027172,0.482328,-0.115983,-0.160146,0.179376,#
19,-0.176877,0.03796,0.162849,-0.010834,-0.164056,-0.081116,-0.112557,-0.045654,0.000945,0.15714,-0.09828,-0.176581,0.060596,0.09018,0.032453,0.168199,-0.053223,0.367601,-0.188687,1.0,0.225326,0.147172,0.083221,0.037849,-0.264056,-0.172212,0.10459,-0.213494,-0.031784,-0.165679,0.19454,0.344284,0.335582,0.245282,-0.108827,-0.267698,0.201253,0.114285,-0.264332,-0.077992,0.22611,0.094311,-0.047596,-0.080559,-0.041867,-0.376338,0.263238,0.326431,0.252877,-0.240811,-0.127457,-0.145157,0.418909,-0.138311,-0.223151,0.084837,0.015897,-0.26576,0.240581,-0.143157,0.067031,-0.110603,-0.211368,-0.167532,0.104668,0.045536,-0.096319,-0.050691,-0.056866,0.264815,0.007144,0.258849,0.212851,-0.07679,0.127801,-0.392476,0.160894,0.061685,0.627485,0.235216,0.360477,0.164911,-0.009408,-0.026081,0.204024,0.359682,0.045003,-0.252593,0.229759,-0.029169,0.148407,0.340845,0.061833,0.228346,0.028504,0.30975,0.16782,0.214632,0.303609,0.094201,-0.57534,0.129316,0.162164,0.23837,0.446388,0.219984,-0.024631,-0.191001,0.194694,-0.244703,0.275422,-0.180665,0.017636,0.291742,0.130778,0.009636,-0.0548,0.012524,0.143825,-0.289079,0.195891,-0.144052,-0.180279,-0.054922,-0.073484,0.381696,0.058704,0.201819,0.229041,0.371369,0.487728,0.141601,0.225543,-0.044701,0.356056,0.186673,0.062141,0.021123,0.117993,0.212532,0.14604,0.126824,-0.053947,-0.299963,0.084721,0.216451,0.236527,-0.298807,0.202343,0.155846,0.101625,0.191143,0.351398,0.151418,-0.022058,0.180965,0.379002,0.003816,0.032455,-0.023724,0.28032,0.246408,-0.028043,0.220596,0.047796,0.065011,0.327603,-0.157576,0.064464,0.27158,-0.500773,-0.247299,-0.054845,0.047851,-0.384721,0.14165,0.122676,-0.484701,0.035506,0.016967,0.10877,0.031555,-0.315296,-0.115296,-0.305658,-0.020781,0.374005,0.301458,-0.168158,-0.161391,0.09437,-0.478049,-0.355884,-0.014444,-0.10767,-0.210937,-0.308261,0.161736,0.4197,-0.083828,#
20,0.24237,0.140024,0.013121,0.032483,-0.256958,0.142931,-0.070894,0.098457,-0.348393,-0.094555,-0.048195,0.030789,0.040795,0.182261,0.080179,-0.022395,0.007327,-0.180114,0.124976,0.225326,1.0,-0.025571,-0.230623,-0.176683,-0.064492,-0.107013,0.00383,-0.232739,-0.08251,0.001096,0.168768,0.225306,0.101254,0.331888,-0.334206,-0.282718,0.083191,0.022239,0.039742,-0.149856,0.272695,0.350884,-0.317558,0.102889,0.103707,-0.260804,0.100071,-0.143139,0.000806,-0.233477,-0.16828,-0.017891,0.386447,0.034791,-0.037141,-0.046873,-0.085219,-0.03395,-0.303822,0.017628,0.086597,0.102195,0.076568,0.044554,0.089783,-0.039593,-0.292656,-0.067113,-0.063971,-0.208594,-0.079794,0.183178,-0.095292,0.151692,-0.289601,-0.357533,-0.117062,0.255969,0.140387,0.254264,0.116691,-0.044506,0.297549,-0.090552,0.007146,-0.098467,-0.002867,0.268753,0.253984,-0.050027,0.022133,-0.02728,0.1227,-0.053986,0.114514,0.181652,-0.209922,0.096519,0.148197,-0.023759,0.026428,0.115944,-0.033574,-0.130319,0.090701,-0.004714,0.082954,0.140378,-0.0685,0.01578,0.059556,0.102926,-0.295295,0.267222,0.315195,0.22661,-0.08213,0.072089,0.021994,-0.017344,-0.003506,-0.054819,-0.208732,0.129314,-0.177922,-0.091207,-0.094837,-0.139607,-0.284337,0.164164,0.110665,-0.001864,0.16441,0.072961,-0.051769,0.096749,0.181972,0.10917,0.165205,-0.080097,-0.077806,0.091991,0.158937,0.078006,-0.009291,-0.106708,0.122669,-0.349482,-0.033657,0.124318,0.022591,0.107999,0.045542,0.051123,0.106378,0.103379,0.312292,-0.228377,-0.097039,-0.053239,0.022918,-0.040749,0.173601,-0.156968,-0.231299,-0.170739,0.197227,0.036594,0.283714,-0.164465,-0.158501,0.030885,0.018549,-0.126885,-0.278088,-0.007314,-0.020048,-0.348219,-0.048014,0.229039,-0.180136,-0.02155,-0.070413,0.005062,-0.097114,0.236669,0.08199,-0.146673,0.04705,0.181737,-0.118624,-0.112457,-0.171965,-0.19411,-0.132425,-0.195712,0.195789,-0.240398,-0.028251,-0.158861,#
