0,1.0,0.268655,0.037764,-0.258868,0.470877,-0.014204,0.244615,0.065949,0.389997,0.015782,-0.024381,0.279112,0.312214,0.207094,0.033464,0.016364,0.113625,0.065973,0.205342,-0.297058,-0.250438,-0.022028,0.306709,-0.081635,-0.273796,-0.29646,-0.181619,-0.034136,0.200227,0.153266,-0.411985,0.008204,-0.025065,-0.145076,-0.181364,0.092062,0.139283,-0.008181,0.031084,0.037414,0.152024,-0.144589,-0.073318,0.134997,-0.205876,-0.237169,0.270191,0.152921,-7.2e-05,0.139643,0.173922,-0.087664,0.116433,0.067432,-0.05711,-0.035239,-0.218737,0.022982,-0.065453,0.145667,0.206676,-0.002109,-0.14522,-0.04634,0.223084,0.358895,-0.025206,0.146094,0.281647,-0.19795,0.050122,-0.250236,-0.159667,-0.255969,-0.307467,0.334984,-0.194516,-0.205914,-0.291969,-0.127959,-0.256822,-0.309313,-0.235401,0.115088,-0.244899,-0.134013,-0.303365,-0.201604,-0.034345,-0.344009,-0.305602,-0.29289,-0.226542,0.05698,-0.23018,-0.302445,-0.255746,-0.273889,-0.098227,-0.35256,0.210368,-0.408018,-0.251234,-0.263915,-0.197104,-0.131864,-0.263243,-0.094751,-0.433208,0.027687,0.110448,-0.056574,-0.172537,-0.211301,-0.42585,-0.326501,-0.313137,-0.325217,-0.047981,-0.450825,-0.302991,-0.430303,-0.310809,-0.334538,-0.178937,-0.18252,-0.430005,-0.05381,-0.099512,-0.428972,-0.210888,-0.157234,-0.134005,0.012951,-0.199217,-0.419674,0.234163,-0.446097,-0.242935,-0.249668,-0.163558,-0.236343,-0.433711,-0.147765,-0.350029,-0.21945,-0.457821,0.368405,-0.330746,-0.314648,-0.324182,-0.391594,-0.279068,-0.253669,-0.443629,-0.296358,0.312356,0.428689,-0.315802,-0.216022,-0.222954,-0.107037,-0.34707,-0.146609,-0.014271,0.039225,-0.038083,-0.109602,-0.214189,-0.240647,0.069558,0.257877,-0.166368,-0.296302,0.299165,-0.276728,-0.210637,0.233699,0.268545,-0.506635,0.165717,0.067982,-0.013805,0.025824,0.472739,-0.071253,0.167145,0.169643,-0.14522,0.522516,-0.146905,0.084827,0.447335,0.338161,-0.067243,0.351028,0.384695,-0.482091,-0.421037,0.195568,#
1,0.268655,1.0,0.154049,0.063515,0.252941,-0.108915,0.133679,0.113558,0.122414,0.248185,-0.306749,0.050583,0.181473,0.267412,0.162647,-0.167595,-0.160339,0.370255,0.23913,-0.140834,0.138818,0.101293,0.190162,0.043766,-0.232578,-0.086119,0.187289,0.061797,0.256446,0.302019,-0.468422,0.164404,0.08318,0.009617,-0.265234,0.011713,0.147295,-0.176638,0.107411,-0.171675,0.050416,0.169908,0.133263,0.122911,-0.33726,-0.372784,0.244449,0.351716,0.011271,0.220352,0.151423,-0.211921,0.065731,0.049301,0.053587,-0.136082,-0.304407,-0.023923,-0.209779,0.002665,-0.043088,0.283175,-0.303881,0.216216,0.014094,0.103308,0.051576,0.270598,0.165886,-0.063636,-0.088922,-0.226582,-0.027878,-0.079641,-0.212663,0.219537,-0.158712,-0.177052,-0.263892,-0.422315,-0.234471,-0.364476,-0.357541,0.149068,-0.314881,-0.095707,-0.199807,-0.004131,-0.091701,-0.067323,-0.088321,-0.105087,-0.349475,0.232071,-0.373612,0.02334,0.098524,-0.161204,0.006168,-0.154802,0.041057,-0.342287,-0.474677,-0.133964,-0.501985,-0.333105,-0.245741,-0.272548,-0.322144,-0.09981,0.207255,0.223968,-0.078726,-0.319222,-0.057419,-0.099605,-0.272211,-0.370653,0.094121,-0.202054,-0.24822,-0.076681,-0.27701,-0.407301,0.068098,-0.13151,-0.362366,-0.237844,-0.058949,-0.102226,-0.286395,-0.198377,-0.195799,0.128529,-0.158429,-0.115935,0.070081,-0.164302,-0.022587,-0.171738,-0.200932,0.179372,-0.282563,-0.22819,-0.158283,-0.337,-0.156544,0.3043,-0.325881,-0.270299,-0.345188,-0.189425,-0.070689,-0.010816,-0.183435,-0.046782,0.28763,0.312208,-0.208277,-0.038978,-0.082754,-0.032196,-0.060378,0.104754,-0.081207,0.320427,0.019689,-0.076348,-0.224248,0.105129,-0.249064,0.097058,-0.097117,-0.263754,0.336385,0.031008,-0.162437,0.00372,0.20714,-0.301006,0.148063,-0.0287,-0.132526,-0.064717,0.170574,-0.209247,0.087541,-0.165251,-0.262139,0.391581,-0.016271,0.274785,0.139361,0.14282,-0.118187,-0.002904,0.22365,-0.377043,-0.189848,0.032788,#
2,0.037764,0.154049,1.0,0.331761,0.121633,-0.399249,-0.151642,-0.277472,-0.211439,0.228716,-0.085277,0.088674,-0.116986,-0.106699,-0.275224,-0.21756,-0.004128,0.095192,-0.064596,-0.193263,0.019087,-0.259443,0.144284,-0.010741,-0.126157,-0.124922,0.158456,-0.371,-0.136592,0.254489,-0.0779,0.038308,-0.147679,0.025056,-0.067337,-0.13358,-0.071841,-0.012705,0.008593,-0.1389,0.031567,0.014098,-0.023567,-0.043559,0.188903,-0.297159,0.015574,0.211944,-0.187457,0.026461,-0.237997,0.063649,-0.003743,0.218039,0.005641,-0.285546,-0.260412,0.032868,-0.203603,-0.061687,-0.102615,-0.077431,-0.224565,-0.229977,-0.08985,-0.008768,-0.236764,-0.03528,-0.104675,0.196615,0.030481,0.055282,-0.006802,0.119836,-0.090318,0.179862,-0.174187,-0.133886,-0.107245,0.076652,-0.090914,0.068341,-0.083878,0.402649,0.038038,-0.194968,-0.001707,0.039635,-0.13067,-0.092557,-0.054792,-0.307063,0.023616,-0.143331,-0.328231,0.134588,0.165985,0.071669,0.019898,0.036904,-0.046916,-0.043219,-0.045629,0.040977,-0.295392,-0.11036,0.092784,0.160646,-0.019415,0.346086,0.173359,0.125477,0.01799,-0.053774,0.182962,-0.030152,-0.082791,-0.288546,0.122264,-0.029306,-0.278905,-0.107265,0.081586,0.055754,-0.189589,-0.028849,-0.296831,-0.09565,0.117004,0.086547,0.27984,-0.126263,-0.138516,0.018767,0.056789,0.012084,0.276575,0.155879,0.109836,-0.125015,0.133946,0.427335,0.052073,-0.346079,-0.098507,0.186294,0.080755,0.131907,-0.273406,0.135706,-0.425408,0.111151,0.230581,-0.12113,-0.173416,-0.145726,-0.051523,0.121478,0.107487,-0.034695,0.061621,-0.039028,0.330159,-0.03442,-0.081594,-0.115427,-0.303967,-0.310741,0.147968,0.022318,0.127226,-0.016891,0.047954,0.019352,0.015887,0.02572,-0.213642,-0.065322,-0.182812,0.006659,0.072616,-0.157823,-0.082791,-0.004295,-0.149436,0.077529,-0.184578,-0.214076,0.005191,0.1206,0.20056,0.113951,-0.00198,0.127541,-0.038284,-0.210874,0.032524,0.115906,0.163979,-0.178172,#
3,-0.258868,0.063515,0.331761,1.0,0.029418,-0.196031,-0.361533,-0.282291,-0.342874,0.086871,0.087603,-0.242451,-0.16973,-0.15716,-0.2058,-0.249813,-0.004416,0.109387,-0.013419,0.024242,0.174219,-0.285977,-0.081746,-0.073557,0.116387,0.018679,0.057829,-0.081047,-0.042822,-0.038372,0.429586,-0.010605,-0.207991,-0.016103,-0.215333,-0.371494,-0.109689,-0.02642,0.107331,0.138584,0.1087,-0.042783,0.180232,-0.035463,-0.057081,-0.029154,-0.21248,-0.122346,0.12279,-0.214254,-0.245573,0.292962,-0.013044,0.136874,-0.052002,0.045426,0.031848,-0.102631,0.010321,-0.230589,-0.237513,0.164714,-0.046346,-0.220118,-0.311902,-0.293197,0.068999,-0.102684,-0.326644,0.444998,-0.05259,0.262971,0.221663,0.388002,0.210642,-0.121878,0.113386,-0.088818,0.288962,0.259454,-0.01893,0.245557,0.206054,0.159969,0.276549,-0.089346,0.078814,0.159975,0.089068,0.249462,0.168388,0.157511,0.040567,-0.044868,0.187466,0.265709,0.188471,0.255785,0.098701,0.22891,0.002304,-0.098427,0.370181,0.092774,-0.016259,0.108751,0.211697,0.253023,0.238608,0.202412,0.049254,-0.016963,0.082013,0.034882,0.153207,0.109825,0.364628,0.085264,0.142829,0.145949,0.099585,0.116824,0.261119,0.036888,0.02109,0.209168,-0.145474,-0.096443,0.313393,0.223211,0.313965,0.048119,-0.100051,0.001728,0.116436,0.314516,0.007252,0.31412,0.051199,0.216373,0.159992,0.353615,0.262941,-0.259558,0.165445,0.166743,0.20115,-0.201125,0.025032,0.33524,-0.108694,0.301126,0.141864,0.15462,0.393038,0.086347,-0.207988,-0.247119,0.310088,0.108943,-0.094306,0.117823,0.033798,-0.029774,-0.209796,-0.172812,0.08496,-0.206129,0.040492,0.160159,-0.171101,-0.255118,-0.017853,0.164391,-0.139443,0.186672,0.081421,-0.041757,-0.203623,0.391595,-0.383134,-0.033791,-0.1169,-0.250532,-0.124176,-0.286278,-0.101804,-0.124958,0.056594,-0.255786,0.222067,-0.184167,-0.248909,-0.069378,-0.122527,-0.314195,-0.307965,0.182401,-0.120163,-0.106854,#
4,0.470877,0.252941,0.121633,0.029418,1.0,-0.147638,0.252374,-0.099661,0.152069,0.217802,0.067034,0.088299,0.192101,0.043135,0.153972,-0.17686,0.239533,-0.045267,0.026062,-0.27529,-0.139505,0.069321,0.153485,-0.005934,-0.428398,-0.116152,-0.0933,-0.093405,0.096183,0.114368,-0.207048,-0.035649,-0.14819,0.007604,-0.346502,0.134971,0.136729,-0.154378,0.208857,0.129508,0.041083,-0.200523,-0.126139,0.112843,-0.237134,-0.078179,0.12587,0.149641,0.005378,0.099089,0.142752,-0.325476,0.096291,0.038975,0.115756,-0.377903,-0.472706,0.225591,-0.317663,-0.148484,0.125341,0.037304,-0.150599,0.006446,0.188,0.242756,0.056877,0.141701,0.200668,-0.202686,-0.191099,-0.457688,0.241453,-0.410754,-0.201627,0.286151,-0.26026,-0.442228,-0.294421,-0.261625,-0.354128,-0.289381,-0.334331,-0.115459,-0.328503,-0.468675,-0.34242,-0.302982,-0.311738,-0.189587,-0.177473,-0.235005,-0.212229,-0.073881,-0.345453,-0.281271,-0.264451,0.039445,0.001134,-0.089279,0.173799,-0.287266,-0.15364,-0.225799,-0.299553,-0.461572,-0.359194,-0.138171,-0.194786,0.156144,0.023797,0.002607,-0.338639,-0.291608,-0.267367,-0.141872,-0.175487,-0.471303,-0.130684,-0.258728,-0.377335,-0.256885,-0.267162,-0.169135,0.0255,-0.21759,-0.46232,-0.26083,-0.310891,-0.07719,-0.172513,-0.20238,-0.361487,-0.153155,-0.066149,-0.410295,0.281338,-0.348989,-0.216925,-0.236693,-0.222348,0.069713,-0.043389,-0.209845,-0.380367,-0.310483,-0.184023,0.355977,-0.453114,-0.210414,-0.263217,-0.19934,-0.25722,-0.296151,-0.285924,-0.256255,0.31493,0.369556,-0.263848,-0.392018,-0.072902,-0.124169,-0.181394,-0.200996,-0.133823,0.276152,-0.133541,-0.07109,-0.031129,-0.078616,0.107468,0.0179,-0.215593,-0.355679,0.153502,-0.322982,-0.381513,-4.4e-05,0.145674,-0.235734,0.153061,-0.041855,0.267693,0.24863,0.260316,0.029392,0.246843,-0.161402,0.009193,0.313707,-0.08083,0.355219,0.2491,0.362291,0.209772,0.094155,0.198003,-0.431022,-0.490416,0.319527,#
5,-0.014204,-0.108915,-0.399249,-0.196031,-0.147638,1.0,0.153313,0.358259,0.108007,-0.125961,0.097414,-0.123019,-0.243524,0.377859,0.245902,0.13411,-0.016623,-0.12774,-0.024774,0.081696,-0.019633,0.259115,-0.04274,-0.212954,0.163711,-0.048326,0.04744,0.341247,-0.102144,-0.173886,0.124762,0.280538,0.127294,-0.146185,-0.157663,-0.092164,-0.147917,0.126216,0.166051,-0.120628,-0.114523,0.034264,0.179286,0.232004,-0.038166,0.1111,-0.071359,-0.065481,0.06481,0.120717,0.183434,0.07516,0.185748,-0.18339,-0.066138,0.250469,0.257496,0.160696,0.039841,0.294775,0.195327,0.048422,-0.033337,0.306686,0.112778,0.119666,-0.196972,0.198655,-0.030088,0.026757,0.029883,-0.13421,0.14329,-0.024602,-0.095929,0.011726,0.270729,0.187211,-0.142501,0.102744,0.041679,0.005875,0.059861,-0.073569,0.067481,0.265966,0.018382,-0.208279,0.077983,-0.201165,-0.026406,0.096122,-0.022113,-0.025834,0.237839,0.007788,-0.132666,-0.046924,-0.007733,-0.157573,-0.212152,0.001574,0.063802,-0.121055,0.268955,-0.015455,0.035025,-0.213107,-0.03869,-0.426201,-0.052858,0.144506,-0.102314,-0.148176,-0.158741,-0.087325,0.068244,-0.020085,-0.096329,-0.046058,0.069166,0.136875,0.092421,-0.105663,-0.148528,0.244342,0.143153,0.19522,0.018375,-0.128031,-0.059396,-0.027561,-0.048904,0.027674,0.007666,-0.141209,-0.068235,-0.154062,-0.127388,0.009326,-0.057557,-0.165927,-0.300065,-0.122132,-0.027011,0.049157,-0.068774,-0.025001,0.387308,-0.103943,0.095012,0.108379,0.009734,0.311501,-0.040439,0.114453,0.064876,-0.070325,-0.136657,0.122082,-0.055228,-0.075768,0.056678,0.105183,0.0792,0.023386,0.383839,0.194695,-0.076867,0.004734,0.03613,-0.023774,0.05402,0.242533,0.028925,0.055209,0.159131,0.033663,0.131885,-0.052927,0.035081,0.171923,-0.061255,0.036669,-0.039629,-0.148224,0.110091,0.085985,0.02684,0.074979,0.041013,-0.195337,0.091875,-0.265236,0.132592,0.153045,-0.055101,-0.033336,0.050471,0.107499,#
6,0.244615,0.133679,-0.151642,-0.361533,0.252374,0.153313,1.0,0.200185,0.581302,-0.14347,0.168794,0.123812,0.242388,0.008646,0.322854,0.0533,-0.209403,-0.114234,0.072785,0.080404,0.032403,0.35657,0.162674,-0.210558,-0.158426,-0.045007,-0.054945,-0.20009,0.091425,0.134812,-0.469748,-0.055702,0.106739,-0.121543,-0.037663,0.103149,0.143616,-0.114097,0.033199,0.137361,0.075841,0.062389,-0.279467,0.019876,-0.118702,0.095935,0.116594,0.320144,0.215447,0.209758,0.30993,-0.161076,-0.003717,-0.038729,0.075133,0.156162,0.047511,0.103553,0.034441,0.271579,0.091712,0.179561,-0.153699,0.195005,0.323082,0.147118,-0.023185,-0.016206,0.209242,-0.241934,0.143387,-0.285075,0.12946,-0.255619,-0.457274,0.249777,-0.138462,-0.094168,-0.315082,-0.207052,-0.2014,-0.29984,-0.213892,-0.307838,-0.420245,-0.003342,-0.134195,0.056187,-0.339554,-0.208859,-0.279542,-0.255723,-0.159614,0.07062,-0.384226,-0.094429,-0.059962,-0.303183,-0.110753,-0.161976,-0.049162,-0.163589,-0.180247,-0.088409,-0.087298,-0.180296,-0.084788,-0.277679,-0.288103,-0.123955,0.115459,0.043123,-0.188552,-0.41289,-0.024033,-0.178559,-0.295838,-0.164207,-0.006249,-0.427868,-0.166728,-0.272594,-0.119145,-0.468443,-0.045903,-0.013584,-0.17218,0.088845,-0.232605,-0.208302,-0.273301,-0.257734,-0.266333,-0.06575,-0.137498,-0.206103,-0.016896,-0.212915,-0.016674,-0.251113,-0.274592,-0.166947,-0.251364,-0.075806,-0.220017,-0.118488,-0.398145,0.555725,0.031137,-0.485544,-0.070535,-0.283325,-0.299706,-0.179166,-0.293684,-0.044675,0.242927,0.30581,-0.019188,-0.359613,0.229579,-0.023002,-0.051344,-0.037966,0.112452,0.399445,0.070957,0.141192,-0.106756,-0.130686,-0.06405,0.033513,-0.014564,-0.201849,0.207493,-0.327622,-0.094317,0.29603,0.398697,-0.285287,0.200011,0.5285,0.048812,-0.039637,0.379044,0.097372,0.021715,0.062065,-0.237933,0.358674,0.072375,0.164113,0.306366,0.0452,-0.096481,0.122382,0.42726,-0.164569,-0.112826,0.063481,#
7,0.065949,0.113558,-0.277472,-0.282291,-0.099661,0.358259,0.200185,1.0,0.109207,-0.223197,-0.285713,-0.019389,0.004254,0.258541,0.129237,-0.152941,0.016994,0.06392,-0.060799,0.061879,0.124237,0.427568,-0.071487,-0.00326,-0.046121,0.16297,0.336697,0.183166,-0.30136,-0.100187,-0.139615,0.359932,0.248994,0.004511,-0.097154,-0.013841,-0.028293,-0.393672,0.127949,-0.062512,-0.078107,0.067752,0.173304,-0.032964,-0.138162,0.066374,0.034851,0.107034,-0.135321,0.018973,0.164464,-0.104348,0.152887,-0.184633,-0.056455,0.105038,0.275487,-0.065031,0.210676,0.283272,0.038202,0.200082,-0.192732,0.317735,0.142975,0.250282,-0.145718,0.146489,0.113659,-0.383317,0.086625,0.054633,-0.153115,0.099382,-0.157948,-0.054075,0.05599,0.043606,-0.292414,0.134752,0.164248,-0.050142,0.095164,-0.211643,0.020249,0.30935,0.126416,0.164344,0.11849,-0.091946,-0.096807,0.03142,0.007213,0.075996,0.002873,-0.030311,-0.090234,0.065454,-0.08214,-0.220864,-0.06347,-0.104146,0.00156,-0.015567,-0.130741,-0.114839,-0.048843,-0.321867,-0.093164,-0.325174,0.009661,0.053801,-0.167494,-0.042728,0.042902,0.062002,-0.065018,0.090687,-0.1102,-0.043058,-0.030021,-0.00669,0.05319,-0.1882,-0.043179,0.11238,0.082171,-0.279865,0.042126,0.00602,-0.292469,-0.081304,0.145839,-0.11101,0.213129,-0.0053,0.113806,-0.112886,-0.051278,-0.153494,-0.173724,-0.250753,-0.142019,0.063855,0.004726,-0.106714,-0.117732,0.135154,0.127724,0.017942,-0.009818,0.015412,0.058679,0.092918,0.161917,0.104018,0.150595,-0.121612,-0.185627,0.159952,0.09599,-0.120584,-0.005526,0.080669,0.284635,0.157314,0.148885,0.038774,-0.184916,0.143657,-0.081288,-0.032925,-0.074028,0.004664,-0.002707,-0.022136,0.027034,-0.082679,0.099824,-0.266482,-0.055874,-0.008571,0.072135,-0.091007,-0.010941,-0.076994,0.048192,-0.017298,-0.015508,0.052504,0.160624,0.029358,0.113844,-0.24216,0.126791,0.209751,-0.093755,-0.100033,-0.126866,0.084755,#
8,0.389997,0.122414,-0.211439,-0.342874,0.152069,0.108007,0.581302,0.109207,1.0,-0.017646,0.083522,0.209632,0.334447,0.060851,0.336046,-0.001872,-0.327856,0.086451,0.235714,-0.014558,-0.027239,0.20766,0.321139,-0.017785,0.060393,-0.295949,0.064705,-0.03885,0.343847,0.091864,-0.406929,0.012224,0.240939,0.009367,-0.217456,0.078891,0.151893,-0.171831,-0.035522,0.044656,0.216077,-0.150248,-0.190723,-0.063398,-0.047677,-0.080286,0.318718,0.313781,0.160089,0.173855,0.129372,-0.20881,-0.055233,0.144035,0.07034,-0.000253,0.057904,-0.122738,0.224689,0.119103,0.127017,0.059165,-0.184683,0.174253,0.151443,0.246176,0.065904,0.023275,0.325526,-0.128046,0.163106,-0.294576,0.014026,-0.162084,-0.292869,0.092855,-0.182584,-0.084088,-0.291095,-0.365778,-0.016882,-0.37015,-0.178598,-0.218437,-0.252556,0.083704,-0.047593,-0.06527,-0.26286,-0.191987,-0.117892,-0.146629,-0.365061,0.328248,-0.305315,0.017594,-0.024226,-0.276389,0.005939,-0.219894,-0.045515,-0.180062,-0.134561,-0.165062,0.038779,-0.110892,-0.263595,-0.159769,-0.267289,-0.084081,0.159963,0.07038,-0.170612,-0.20598,-0.072478,-0.38105,-0.278052,-0.074878,0.046758,-0.341857,-0.186772,-0.386693,0.056789,-0.544151,-0.001723,-0.014003,-0.074995,0.124311,-0.07727,-0.343754,-0.157346,-0.223741,-0.015818,-0.004287,-0.031993,-0.08924,-0.174616,-0.268476,0.093512,-0.133279,-0.127886,-0.206612,-0.437306,-0.096123,-0.315969,-0.11044,-0.287997,0.321596,-0.04467,-0.377835,0.011161,-0.274284,-0.179983,-0.230643,-0.117052,-0.14396,0.370959,0.449664,-0.001708,-0.261485,0.055119,-0.090003,-0.091739,0.002447,0.026011,0.311643,0.050987,0.035294,-0.209665,-0.095859,-0.160466,0.351757,-0.057568,-0.287972,0.254864,-0.353498,-0.217217,0.246654,0.233544,-0.415114,0.264598,0.316509,0.012044,-0.066649,0.262259,0.026791,0.092168,0.06651,-0.343375,0.239666,0.084976,0.064754,0.315817,-0.013652,-0.14206,0.090113,0.377784,-0.275935,-0.061742,0.056846,#
9,0.015782,0.248185,0.228716,0.086871,0.217802,-0.125961,-0.14347,-0.223197,-0.017646,1.0,0.037977,-0.146299,0.149271,-0.018481,-0.130463,-0.044926,-0.335873,0.316343,0.109189,0.026571,0.049097,0.005863,0.196046,0.141007,-0.069442,0.059445,0.027816,0.046283,0.012913,0.196068,0.019157,7.9e-05,-3.3e-05,0.290108,-0.136532,0.090189,0.051488,-0.084263,-0.104065,-0.16423,0.003716,0.165418,0.131296,0.203632,0.208056,-0.360528,-0.007138,0.337165,0.009462,0.180263,-0.054706,-0.002664,0.061208,0.024513,-0.11027,-0.369203,-0.171071,0.012692,-0.106068,-0.21621,0.141947,-0.082799,-0.090077,-0.226458,0.005463,-0.004106,-0.07995,0.199075,-0.068388,-0.024135,0.016776,-0.206537,0.043727,-0.071461,0.181484,0.209528,-0.205396,-0.454792,0.075088,-0.104529,-0.023565,-0.046213,-0.145159,-0.047619,0.011332,-0.044967,-0.126403,-0.086404,-0.169586,0.067452,0.025305,0.028478,-0.307276,0.146126,-0.160493,0.14808,0.160254,0.050861,0.277988,-0.16723,-0.178394,-0.169127,-0.061857,-0.016242,-0.202863,-0.158645,-0.110501,-0.087381,-0.109138,0.017439,0.416169,0.129906,0.000799,-0.302578,-0.127176,-0.079099,-0.001793,-0.138899,0.303001,-0.261493,0.016612,0.086553,0.217632,0.05995,-0.086331,0.040108,-0.197301,-0.159993,-0.116529,0.173347,0.089549,-0.027841,0.075118,0.372509,-0.040604,0.160766,0.08288,-0.03508,0.157317,-0.148284,0.075026,0.185303,-0.026235,0.025502,0.021771,0.080846,0.1998,0.073953,-0.302119,0.181092,-0.409227,-0.03662,0.213951,0.073022,-0.107444,0.22768,0.16906,0.262117,-0.014058,0.046718,-0.164464,0.039739,-0.100774,0.227096,-0.079814,0.221171,-0.286854,-0.139181,0.133724,0.112425,0.045695,0.029584,0.073422,-0.160373,0.17869,0.090092,-0.074052,-0.116869,-0.089286,0.026875,-0.025669,-0.136361,-0.402625,0.247251,-0.279423,0.018206,0.05651,-0.20816,-0.26078,0.168196,0.014689,-0.017289,-0.222337,0.015713,0.105757,-0.254446,-0.026046,-0.009005,0.15609,-0.107873,#
10,-0.024381,-0.306749,-0.085277,0.087603,0.067034,0.097414,0.168794,-0.285713,0.083522,0.037977,1.0,-0.027187,-0.210578,-0.129906,0.277061,0.348369,0.047014,-0.39919,-0.03783,-0.064364,-0.134654,0.033788,-0.00253,0.082089,-0.011661,0.162294,-0.060178,0.090587,0.117409,-0.226151,0.120722,-0.117362,-0.178183,0.018174,0.118425,-0.086911,-0.140584,0.142135,-0.025797,0.202092,-0.268038,-0.225692,-0.166863,0.194968,0.335108,0.144392,-0.169502,-0.261736,0.327976,-0.098456,0.022073,0.179631,-0.032423,0.041272,0.146206,0.274273,0.009135,0.03567,0.011802,0.074895,0.121408,-0.147797,0.121605,-0.100066,0.015334,-0.146357,-0.110828,-0.334813,-0.389097,-0.004133,-0.047481,-0.051622,0.344991,0.001535,-0.069021,0.126093,-0.153046,-0.012924,0.052213,-0.03759,-0.291809,0.125074,0.182989,-0.140235,-0.063672,-0.09114,0.124629,-0.097716,-0.232837,-0.165291,0.140247,-0.273951,0.219883,-0.396091,0.098422,0.090363,-0.21136,-0.07395,-0.325067,0.058776,0.054505,0.085328,0.097091,-0.127805,0.148568,0.077224,-0.108622,0.000423,0.090793,0.199836,-0.339694,-0.071989,-0.08234,0.019319,-0.322814,-0.141277,0.065645,0.00525,-0.194452,0.034131,0.191012,-0.008783,0.196752,0.152245,0.088858,-0.113321,0.069637,0.285278,-0.1897,-0.178633,0.220399,-0.169951,-0.228051,-0.230016,-0.080038,0.209457,-0.088718,-0.176914,0.01763,-0.001642,-0.1083,-0.04015,-0.102955,-0.063323,-0.100513,0.069561,-0.056319,-0.254832,0.184762,-0.05193,0.14735,0.086414,-0.341388,-0.089413,-0.12784,-0.124973,-0.253942,0.0575,0.119305,-0.037298,-0.188482,-0.136807,0.05693,-0.415272,-0.331141,-0.030974,-0.006377,0.149707,0.241139,-0.287486,0.137255,-0.198852,-0.236715,0.056339,0.095099,-0.218025,-0.183047,0.156376,-0.10438,-0.009772,0.066549,0.330066,0.184853,0.351374,-0.079374,-0.041867,-0.021495,-0.047687,0.330071,-0.079096,-0.301591,0.236955,0.025337,-0.002992,-0.007764,-0.065471,0.104531,0.045282,-0.121571,0.027697,#
11,0.279112,0.050583,0.088674,-0.242451,0.088299,-0.123019,0.123812,-0.019389,0.209632,-0.146299,-0.027187,1.0,-0.081231,-0.319884,0.068506,0.185682,0.115145,-0.170055,-0.316346,-0.18334,-0.322318,0.036107,0.025011,-0.023192,-0.041593,0.091418,-0.068058,-0.242074,0.153401,0.177145,-0.333248,0.088605,-0.055812,-0.056242,0.184265,0.022335,-0.276572,-0.009526,-0.088889,0.059109,0.014295,-0.042873,-0.281345,-0.27884,-0.007711,-0.04885,-0.077555,-0.031916,-0.188642,0.078008,-0.249127,-0.173798,-0.113184,0.138779,0.118841,-0.06645,-0.325562,-0.026468,-0.115951,0.252808,-0.130138,-0.129966,-0.064164,-0.02386,0.286572,-0.173446,-0.121021,-0.096013,-0.01786,0.05135,0.019614,-0.147268,0.07208,-0.204392,-0.446187,-0.006115,-0.233795,0.020945,-0.256624,-0.092351,-0.103731,-0.264748,-0.269723,0.048792,-0.221517,-0.042555,-0.172717,-0.303415,-0.064723,-0.297858,0.021466,-0.244104,-0.023624,-0.207555,-0.277478,-0.044152,-0.113046,-0.296365,-0.389357,0.037117,0.040995,-0.202963,-0.203267,-0.122378,-0.241699,-0.115809,0.047536,0.120256,-0.215987,0.112901,-0.206312,0.035076,-0.386344,0.033174,-0.113642,-0.297975,-0.169136,-0.032848,-0.394625,0.063421,-0.175211,-0.35096,-0.255781,0.026169,-0.082918,-0.173103,0.00635,-0.242496,-0.117061,-0.021048,-0.177148,-0.083546,-0.179373,-0.131336,-0.224455,-0.088005,0.065642,-0.396139,0.057826,-0.227003,0.008238,0.111542,-0.057647,-0.26242,-0.397452,-0.173681,-0.135915,0.066022,-0.291877,-0.091243,-0.097497,-0.3526,-0.064223,-0.174999,-0.241379,-0.345134,-0.0991,0.030091,-0.008085,-0.015972,0.072584,-0.106281,-0.096398,-0.25721,-0.190428,-0.012884,-0.008887,0.074875,0.091138,-0.381646,0.240288,0.055866,-0.160966,0.00968,0.204802,-0.345604,-0.316515,0.095697,-0.057129,-0.138924,0.310583,0.05746,0.263095,0.250992,0.326209,0.019674,0.019423,0.083289,0.097203,0.179863,-0.001032,0.254084,0.180789,0.083422,-0.209964,0.296041,0.222256,-0.18262,-0.029769,-0.065908,#
12,0.312214,0.181473,-0.116986,-0.16973,0.192101,-0.243524,0.242388,0.004254,0.334447,0.149271,-0.210578,-0.081231,1.0,0.179296,0.11899,-0.166058,-0.171841,0.262695,0.215771,0.135622,-0.045447,0.14233,0.363351,-0.079158,-0.266351,-0.225319,0.012163,-0.131208,0.263191,0.020494,-0.408597,-0.072692,0.108878,-0.055202,0.014134,-0.001176,0.249711,-0.151967,0.015515,-0.157711,0.275682,0.257202,-0.018998,-0.158193,-0.063528,-0.089738,0.449263,0.32112,-0.034559,0.119566,0.138935,-0.179241,0.123217,0.150035,-0.012939,0.02358,0.030632,0.000422,0.081579,-0.077305,0.115261,0.1788,-0.145244,0.011429,0.190729,0.291336,0.17055,0.121675,0.255869,-0.153157,0.259781,-0.11638,-0.143085,-0.142252,-0.192043,0.263459,-0.090447,-0.295462,-0.135852,-0.262882,-0.001317,-0.27614,-0.336851,-0.169664,-0.064433,0.1081,-0.179615,0.093054,-0.124136,0.065812,-0.242426,-0.058302,-0.357403,0.258639,-0.198325,-0.121326,0.22238,-0.109711,0.165508,-0.446568,0.200363,-0.20436,-0.245436,-0.216645,-0.221523,-0.039479,-0.166026,-0.069888,-0.407421,-0.019956,0.404924,-0.169525,-0.004469,-0.28517,-0.060928,-0.219599,-0.497248,0.035617,0.265678,-0.415234,-0.047412,-0.422044,-0.009197,-0.339177,0.095421,0.09439,-0.460266,0.013653,-0.08351,-0.075989,-0.071811,-0.131151,0.014593,0.126774,-0.111939,-0.166624,-0.041985,-0.005567,0.001164,-0.22375,-0.295977,-0.152251,-0.132386,0.151546,-0.195949,-0.112769,-0.34078,0.430608,-0.212184,-0.129459,-0.158065,-0.374492,0.072978,-0.12594,-0.017732,0.174606,0.405864,0.31294,-0.159198,-0.304947,-0.136758,-0.133054,-0.242439,0.123197,0.237496,0.114512,-0.024404,-0.11973,-0.218841,0.012702,0.019947,0.194723,0.136287,-0.172614,0.222156,0.093295,0.037221,0.238381,0.212044,-0.413021,0.058442,0.07142,-0.158988,-0.25195,0.222748,0.074057,0.363318,-0.010515,-0.463997,0.304914,0.104319,0.036922,0.16605,0.112289,-0.075913,0.022022,0.275098,-0.251824,-0.118683,0.057362,#
13,0.207094,0.267412,-0.106699,-0.15716,0.043135,0.377859,0.008646,0.258541,0.060851,-0.018481,-0.129906,-0.319884,0.179296,1.0,0.130778,-0.088269,-0.073542,0.251923,0.347291,-0.035623,0.039828,0.099167,0.358246,-0.160745,-0.272893,-0.327368,0.179687,0.386767,0.196294,0.025399,-0.153554,0.214283,0.230387,-0.264798,-0.033796,-0.015532,-0.035217,0.013393,0.04275,-0.302655,0.100037,0.203873,0.228777,0.354217,-0.179348,-0.364109,0.26088,0.24063,0.002145,0.041977,0.183797,0.104683,0.104204,-0.094978,-0.206423,-0.169806,0.133915,0.01661,0.016385,-0.026344,0.209384,0.187275,-0.156753,0.227477,0.17365,0.497857,0.077605,0.382613,0.224016,0.004367,-0.057487,-0.142002,0.004553,-0.145501,-0.173932,0.340977,0.002157,-0.122578,-0.205772,-0.083217,-0.234675,-0.261554,-0.170017,0.078336,-0.050929,0.107106,0.066994,0.01113,-0.02737,-0.168352,-0.157473,-0.11975,-0.28366,0.192498,-0.011918,-0.207782,0.053132,-0.094622,0.026918,-0.392139,-0.049367,-0.02675,-0.136048,-0.128115,-0.12006,-0.115291,-0.145379,-0.412625,-0.164703,-0.100581,0.283654,0.167109,-0.069918,-0.112884,-0.068856,-0.042926,-0.31927,-0.128344,0.16404,-0.163933,-0.047034,-0.162828,-0.084425,-0.151401,0.12177,0.115231,-0.271474,-0.001687,-0.03467,-0.158629,-0.231874,0.051181,-0.222623,0.138554,-0.120229,-0.256997,-0.015931,-0.235784,0.023862,-0.037263,-0.285868,-0.147813,-0.206875,-0.253648,-0.102065,0.143859,-0.163455,0.188191,0.077835,-0.041481,-0.142863,-0.086073,-0.082043,-0.113172,-0.098239,0.17474,0.374388,0.296805,-0.244715,-0.027152,-0.127714,-0.211765,0.089327,0.224245,0.075727,0.121271,0.172229,-0.020309,-0.210314,0.184143,-0.049064,0.1976,-0.107523,-0.160671,0.234514,0.108949,-0.036579,-0.065488,0.355408,-0.297978,0.059397,-0.114825,-0.234486,-0.03388,0.182064,0.00322,0.184934,-0.211092,-0.128846,0.236474,0.016465,-0.03575,0.255325,0.126439,0.125169,0.120504,0.28001,-0.226474,-0.097478,0.035653,#
14,0.033464,0.162647,-0.275224,-0.2058,0.153972,0.245902,0.322854,0.129237,0.336046,-0.130463,0.277061,0.068506,0.11899,0.130778,1.0,-0.016081,-0.006207,-0.141145,-0.077222,-0.062461,0.05649,0.261704,0.162469,0.148742,-0.049637,0.038465,-0.03638,0.238393,0.247117,-0.095449,-0.245178,0.192001,0.124058,-0.027249,-0.304366,-0.060261,-0.061798,-0.038978,0.453653,0.17403,-0.210516,0.169746,-0.251552,0.057667,-0.191118,0.277609,0.167903,-0.11043,0.203363,0.179229,0.151111,0.00734,-0.105318,-0.186018,0.053063,0.204557,-0.115861,0.149965,-0.244557,0.339935,0.181496,0.335054,-0.250256,0.441715,0.221879,0.158555,-0.09013,0.04902,0.117973,-0.19329,0.125647,-0.139973,0.277655,-0.151149,-0.417791,-0.071085,-0.017703,0.026246,-0.183739,-0.405069,-0.176018,-0.173352,-0.101039,-0.260096,-0.372974,0.01883,-0.102293,-0.154512,-0.389301,-0.248981,-0.128474,-0.131737,-0.051015,0.032374,-0.097492,-0.065106,-0.108595,-0.104866,-0.046691,-0.233756,0.185575,-0.053616,-0.28885,-0.220354,-0.036187,-0.065012,-0.300479,-0.127697,-0.170027,-0.170036,-0.175499,-0.112886,-0.220032,-0.055464,-0.299568,-0.235755,-0.259249,-0.20174,-0.268505,-0.158034,-0.148447,-0.239449,-0.167011,-0.258847,0.176178,-0.217188,-0.068351,-0.021432,-0.425418,-0.267304,-0.037025,-0.408429,-0.20848,-0.130958,-0.163047,-0.034422,0.008325,-0.251063,0.105076,-0.012653,-0.148988,-0.301172,-0.412429,-0.143599,-0.258498,-0.271023,-0.198544,0.042216,-0.001762,-0.377907,0.002602,0.036482,-0.184846,-0.073582,-0.259106,-0.027372,0.297037,0.294847,-0.315154,-0.076289,-0.075875,-0.081061,-0.007049,-0.243324,-0.162826,0.276357,0.005722,0.162184,-0.082882,-0.190991,0.121553,0.073585,-0.079576,-0.151235,0.318259,-0.257372,-0.155751,0.068194,0.138,-0.298836,0.199571,0.314487,0.315977,0.096301,0.082341,-0.032847,0.079517,0.06492,0.02649,0.132687,-0.212357,0.423061,0.013563,-0.119006,-0.130723,-0.088315,0.130665,-0.287651,-0.045285,0.168316,#
15,0.016364,-0.167595,-0.21756,-0.249813,-0.17686,0.13411,0.0533,-0.152941,-0.001872,-0.044926,0.348369,0.185682,-0.166058,-0.088269,-0.016081,1.0,0.153057,-0.250356,0.306011,-0.000796,-0.097033,0.181972,-0.16726,0.021363,-0.157981,-0.027538,-0.170199,0.168433,0.000688,-0.183569,-0.151638,0.071571,-0.164459,0.06828,0.410457,0.030755,-0.102777,0.326039,-0.275203,0.040105,0.01955,-0.20875,-0.013154,-0.013276,0.174941,0.139377,-0.188314,-0.27963,0.152761,-0.015346,0.145526,0.127928,-0.102215,0.020408,-0.180742,0.105961,0.075044,-0.032958,0.022165,0.081811,0.110909,-0.259083,0.13931,0.17319,0.283083,-0.128843,-0.15668,-0.15625,0.028874,0.012269,-0.041309,-0.033111,0.082779,-0.187671,0.067353,-0.007798,-0.174221,-0.048149,0.118587,-0.080897,-0.161712,-0.061985,-0.002139,-0.097442,0.071303,0.045932,-0.086336,-0.3694,-0.011459,0.046304,0.315955,-0.234939,0.267505,-0.434178,0.068634,-0.037839,-0.168643,-0.369726,-0.451333,-0.033086,0.167365,0.03735,-0.203617,-0.031397,0.187472,0.138919,-0.143075,-0.041666,-0.043781,0.025484,-0.38221,-0.060524,0.076263,0.142941,-0.260368,-0.099609,0.008594,0.146493,-0.258976,0.155735,0.066124,0.137202,-0.007289,0.176785,0.006487,-0.143343,0.191862,0.171836,-0.078494,-0.149227,0.022422,0.034502,0.026318,-0.108454,-0.109358,-0.005649,-0.237868,-0.28617,-0.207986,-0.123869,0.005896,-0.086912,-0.178064,0.066839,-0.199832,0.149688,-0.116745,-0.116226,-0.194345,-0.183528,0.125707,0.060256,-0.218928,-0.030462,-0.239995,-0.167021,-0.367781,0.050869,-0.089066,-0.005145,-0.325412,-0.111125,-0.003061,-0.261791,-0.167913,0.090687,-0.067125,0.110241,-0.007683,0.011865,0.078285,0.295973,-0.189416,0.136332,-0.017489,-0.323425,-0.042778,0.198625,-0.310447,-0.006307,0.262168,0.146082,0.215013,0.31024,0.017574,-0.031474,0.08897,0.179124,0.329765,-0.039707,-0.348373,0.108106,0.070693,0.190342,-0.085869,0.299484,0.245404,0.094505,-0.081478,-0.165777,#
16,0.113625,-0.160339,-0.004128,-0.004416,0.239533,-0.016623,-0.209403,0.016994,-0.327856,-0.335873,0.047014,0.115145,-0.171841,-0.073542,-0.006207,0.153057,1.0,-0.358148,-0.252285,-0.371674,-0.38707,-0.042877,-0.221977,0.178505,-0.205513,-0.169835,-0.272396,0.008453,-0.144431,-0.286045,0.061791,0.017118,-0.053548,-0.146748,0.056373,0.008696,-0.218684,0.147354,-0.056919,0.100706,-0.249885,-0.202946,0.003703,0.099372,-0.034347,0.223479,-0.158035,-0.403413,-0.079207,0.049289,0.161048,0.002698,-0.051912,0.02134,0.148552,0.001406,-0.177505,0.238951,-0.143145,0.083387,-0.029093,-0.163326,0.011425,0.067548,0.211796,-0.075419,0.089753,-0.131999,-0.110432,-0.150999,-0.31173,0.12516,0.16648,-0.208751,-0.167934,0.202894,-0.039035,0.039794,0.016048,0.068942,-0.211464,0.088766,0.069236,0.208843,-0.018274,-0.236082,-0.067132,-0.303989,-0.028832,-0.271324,0.011932,-0.22959,0.324928,-0.476963,0.081641,-0.261155,-0.194386,0.053477,-0.308388,0.003356,0.330401,-0.104108,0.038627,-0.102387,0.016978,-0.191558,0.141848,-0.07421,-0.100428,0.263554,-0.453994,-0.10715,-0.103883,0.137636,-0.27916,0.129078,0.111334,-0.202132,-0.420614,0.429089,-0.205763,0.196431,-0.411447,0.188763,0.167729,-0.276754,-0.132187,0.015517,-0.17207,-0.006004,-0.098081,0.12513,-0.104618,-0.25361,0.029033,-0.243919,0.200691,-0.299137,-0.562957,-0.055568,-0.076601,0.066008,0.02816,0.130609,-0.148652,-0.227621,-0.096222,-0.1929,-0.126234,-0.002271,0.195692,0.20454,-0.294841,-0.138898,-0.233346,-0.354471,-0.334919,-0.098128,-0.179538,-0.175981,-0.038287,-0.084035,-0.073275,-0.393584,-0.060067,-0.06967,0.004916,-0.052766,0.113111,-0.024493,0.408113,-0.010692,-0.226102,0.098456,-0.318347,-0.145601,-0.206418,-0.129405,-0.193083,0.154358,0.003191,-0.143803,0.670893,0.115784,0.093817,-0.07675,0.036306,0.174437,0.430701,-0.174282,-0.189723,0.223658,0.148354,0.319403,0.022297,0.247053,-0.037183,-0.005288,-0.377596,0.203359,#
17,0.065973,0.370255,0.095192,0.109387,-0.045267,-0.12774,-0.114234,0.06392,0.086451,0.316343,-0.39919,-0.170055,0.262695,0.251923,-0.141145,-0.250356,-0.358148,1.0,0.182734,0.206037,0.280679,0.067947,0.413261,0.084984,0.066846,-0.165827,0.255029,0.092023,0.03097,0.087149,-0.040864,-0.043541,0.223233,0.315984,-0.217221,-0.057327,0.207526,-0.220316,0.176887,-0.233918,0.060631,0.260875,0.466959,-0.097372,-0.125747,-0.326791,0.261668,0.326376,-0.072555,-0.106886,0.264332,0.027716,-0.226114,0.058372,-0.110793,-0.189683,0.012831,-0.135526,0.087736,-0.183034,-0.025807,0.203598,-0.165945,-0.12949,-0.104974,0.170539,0.116727,0.337755,0.2981,0.164839,0.040356,-0.044252,-0.315127,0.163643,0.139907,0.083213,-0.027572,-0.12767,-0.036747,-0.124007,0.041331,-0.041065,-0.168366,0.165606,0.073352,0.164701,-0.160175,0.206112,0.150208,0.041707,0.025001,0.084752,-0.291133,0.501698,-0.027005,0.031628,0.224431,0.219988,0.157752,-0.258602,-0.218191,-0.233385,-0.035076,0.151576,-0.052087,-0.016905,-0.106512,-0.090596,-0.157176,-0.08055,0.445613,0.147537,0.247186,-0.094703,0.208625,0.067629,-0.219943,-0.124356,0.372709,-0.293107,-0.135575,-0.185997,0.090862,-0.264809,-0.110499,0.281299,-0.019258,-0.200308,0.12836,-0.098728,0.012572,-0.000555,0.241867,0.107418,0.078289,-0.106521,-0.0046,0.18684,0.334852,-0.103439,-0.062448,0.132723,-0.003077,-0.180332,-0.073967,0.105103,0.03876,0.16982,-0.204013,0.104771,-0.36972,-0.055833,0.207294,0.113252,0.02324,0.235387,0.456308,0.048679,-0.173721,0.07124,0.147658,0.180256,0.074707,0.621634,0.060874,0.250958,0.155483,-0.145528,-0.367778,0.100504,-0.245714,0.186708,0.125882,-0.161185,-0.094616,0.158707,0.177629,0.018384,0.207118,-0.052639,-0.174557,-0.174773,-0.48783,-0.212331,0.010802,0.069193,0.074574,-0.024114,-0.435475,0.247705,0.053382,-0.115491,-0.064,-0.098047,-0.010802,-0.144882,-0.046655,-0.100049,0.201586,-0.207795,#
18,0.205342,0.23913,-0.064596,-0.013419,0.026062,-0.024774,0.072785,-0.060799,0.235714,0.109189,-0.03783,-0.316346,0.215771,0.347291,-0.077222,0.306011,-0.252285,0.182734,1.0,-0.092592,0.315561,0.038428,0.040786,-0.043191,-0.28532,-0.252432,-0.005347,0.217426,0.160509,-0.01002,-0.114224,-0.028926,0.01298,0.004184,-0.05723,0.012409,0.288002,0.279683,-0.226188,-0.234229,0.246976,-0.245234,0.115484,0.117771,-0.205693,-0.270961,0.196448,-0.007957,0.227202,-0.058721,0.008388,0.225161,-0.005997,0.005263,-0.190639,-0.151594,0.023383,-0.163454,0.042176,-0.282582,0.144122,0.069093,0.033645,0.067029,-0.034491,0.135653,0.112775,-0.027331,0.124297,0.107674,-0.132613,-0.023436,-0.11305,-0.027489,0.211793,-0.017824,-0.048953,-0.15512,0.146027,-0.121403,-0.020057,-0.065821,0.021171,0.027727,0.077744,0.042638,-0.011343,0.077864,0.026243,0.281049,0.273845,0.005822,-0.154207,0.088887,0.015705,0.073881,0.060939,-0.097112,0.063858,-0.118679,0.063004,-0.081931,-0.137167,-0.013568,-0.10611,0.127043,-0.365893,-0.126661,-0.021133,-0.101746,0.08532,0.050395,0.237634,-0.001708,-0.024384,-0.061266,0.024047,0.128356,0.254289,-0.228332,0.026993,0.080847,0.166398,-0.048181,-0.089417,0.146115,-0.068179,0.23236,0.116934,-0.045311,0.137166,0.054646,0.024881,0.104685,-0.043079,0.063746,-0.247046,-0.042378,-0.059018,0.0256,-0.025441,-0.197334,-0.290926,-0.002563,0.127415,0.288666,0.112359,0.22,-0.182088,-0.087026,-0.069944,-0.059467,0.103835,-0.041901,0.009203,-0.012284,0.104006,0.325862,0.006668,-0.101382,-0.251733,0.061961,-0.084768,0.065583,0.23401,0.12881,-0.009409,-0.092189,-0.107202,0.324637,-0.388827,0.403714,0.04859,-0.01481,0.005367,0.115809,0.104271,0.158304,0.040398,-0.246411,0.043094,-0.040042,-0.14898,-0.161357,0.112808,-0.011584,0.174534,0.083686,-0.132555,0.027901,-0.094656,-0.082978,0.097333,0.101416,-0.090579,-0.024343,0.189189,-0.176023,0.023666,-0.112788,#
19,-0.297058,-0.140834,-0.193263,0.024242,-0.27529,0.081696,0.080404,0.061879,-0.014558,0.026571,-0.064364,-0.18334,0.135622,-0.035623,-0.062461,-0.000796,-0.371674,0.206037,-0.092592,1.0,0.137399,0.249005,-0.003729,-0.071692,0.22066,0.006425,0.263987,-0.054407,-0.146103,-0.053984,0.076581,-0.032433,0.260145,0.155974,0.224006,-0.227165,-0.026722,0.147229,-0.050532,-0.006031,0.348958,0.340764,-0.137597,-0.251894,0.127321,0.043882,0.123104,0.232706,0.162239,-0.082674,0.109514,-0.051748,-0.258294,-0.025727,-0.24684,0.243016,0.133266,-0.071524,0.230714,-0.065714,-0.034902,0.033118,0.087242,0.004612,-0.088519,0.042107,0.168781,0.251628,0.113508,0.148589,0.149056,0.045218,-0.008707,0.199042,0.350482,-0.209822,0.313697,0.142264,0.14588,0.140894,0.166448,0.301694,0.185324,-0.44642,0.334816,0.221034,0.018499,0.334841,0.140061,0.241496,0.097617,0.136081,-0.138498,0.247819,0.262927,0.317745,0.416048,0.173366,0.178886,0.007299,-0.077837,0.11881,0.100377,0.260058,0.197582,0.220596,0.041129,0.088269,0.147209,-0.166411,0.390378,-0.219969,0.195674,-0.102189,0.209665,0.238235,0.12272,0.173303,0.215611,-0.059104,0.220107,0.046975,0.28544,-0.067663,-0.001857,0.36199,0.106128,0.170747,0.19632,0.187864,-0.019199,0.204291,0.151418,0.066208,0.218348,0.173314,-0.219942,0.377071,0.090017,0.195221,0.275063,-0.077409,0.128057,0.145571,-0.007261,0.078165,-0.008001,-0.059102,0.197522,0.113238,0.18121,-0.051754,0.323147,0.405409,0.327329,0.51318,0.207261,-0.40807,0.405932,0.291102,0.061373,0.101819,0.0203,0.469897,0.112887,0.072977,0.282395,0.25391,-0.294771,0.231162,-0.302159,-0.119023,0.285572,0.021069,-0.097999,0.368859,0.40971,-0.110528,0.074488,0.157339,-0.207736,0.103236,-0.360031,-0.200238,-0.194135,0.030237,0.046907,0.097286,-0.325327,-0.085097,0.063109,-0.229685,-0.148664,-0.407277,-0.078297,-0.226358,-0.122531,0.234655,0.127968,-0.029906,#
20,-0.250438,0.138818,0.019087,0.174219,-0.139505,-0.019633,0.032403,0.124237,-0.027239,0.049097,-0.134654,-0.322318,-0.045447,0.039828,0.05649,-0.097033,-0.38707,0.280679,0.315561,0.137399,1.0,-0.011084,-0.184745,0.01341,0.041586,0.103722,-0.018998,-0.00787,-0.01401,0.149709,-0.010181,-0.187705,0.02938,0.17932,-0.22467,0.005132,0.052228,-0.014989,0.226383,-0.065314,-0.018544,-0.112572,0.120244,0.043129,-0.038588,0.137165,-0.029208,0.063872,0.061166,-0.263991,-0.044272,0.091057,-0.246327,0.154694,-0.283044,0.113515,0.172365,-0.113312,0.003377,-0.038915,0.063605,0.2291,0.010367,-0.128005,-0.174204,0.011235,-0.162329,0.243871,0.068078,-0.070635,-0.052752,0.13157,-0.117642,0.321065,0.31117,-0.024425,0.265051,0.185724,0.077073,-0.08707,0.177426,0.005697,0.15211,-0.159912,0.109008,-0.005105,0.066805,0.303633,0.10134,0.270018,0.244245,0.149802,0.168761,0.188222,-0.093892,0.255498,0.251875,0.104157,0.123728,0.247963,-0.132759,0.054271,0.070294,0.057331,0.020233,0.028749,-0.164862,0.120308,0.198207,-0.40676,0.194646,-0.052137,0.062533,-0.01354,0.326603,0.219378,0.1395,0.228056,-0.084824,-0.02127,0.160608,0.305313,0.238212,-0.046815,0.110443,0.137807,0.2222,0.064046,0.124223,0.276191,0.284548,-0.083961,0.121883,-0.051685,0.218467,0.28966,-0.1997,0.320402,0.151643,0.263054,0.098641,-0.042315,-0.018791,-0.131118,0.398009,0.040627,0.325805,0.04193,0.095057,-0.066155,-0.1049,0.236305,0.402933,0.109184,0.174526,0.264661,0.184764,-0.057179,0.099322,-0.006846,0.121496,0.073716,0.171377,0.198774,-0.059466,0.179327,0.041731,-0.235727,-0.04257,0.229539,-0.368126,-0.093557,-0.016444,0.164139,-0.000341,0.122232,0.139485,0.046584,-0.00707,-0.035136,-0.060691,-0.029178,-0.185636,0.008302,-0.040868,-0.038276,0.0346,0.107962,0.007448,-0.019685,0.200483,0.090249,-0.31197,-0.330777,-0.084175,-0.083924,-0.210811,-0.037441,0.290237,-0.007047,#
