0,1.0,0.045672,-0.027216,-0.295113,0.172649,0.13645,0.283578,-0.12054,-0.021472,0.094565,0.221692,-0.120671,0.294718,0.26473,-0.08234,0.113873,-0.128894,-0.312495,0.380866,-0.109238,0.231258,0.020999,0.172823,-0.307136,-0.104416,-0.315059,-0.155198,-0.111791,0.298996,0.161633,-0.129997,0.03399,0.118081,-0.258193,0.152896,0.197158,0.183112,-0.128816,-0.16373,0.052063,0.048826,0.175324,-0.020642,-0.05202,-0.068734,-0.210022,0.053804,0.06864,-0.096523,0.049246,0.174672,-0.253435,0.283309,0.00669,0.197875,0.051901,-0.149405,-0.034555,-0.10814,0.167086,0.394412,0.086863,-0.008689,0.200718,-0.127088,0.117769,-0.203702,0.24992,-0.141173,-0.164269,-0.052879,0.00213,-0.078225,-0.213924,-0.222587,0.257848,-0.451378,-0.237982,-0.238127,-0.003265,-0.040464,-0.266787,-0.19525,-0.292115,-0.07008,-0.122652,-0.276988,-0.015852,-0.13662,-0.275612,-0.334979,-0.232319,-0.110287,-0.262709,-0.095923,-0.354953,-0.304754,-0.261728,-0.163975,-0.039317,0.268094,-0.163888,-0.189277,-0.295315,-0.126933,-0.215828,-0.027252,0.163737,-0.271996,-0.025256,0.094666,0.181708,-0.461361,-0.282335,0.115813,0.130113,-0.231721,-0.125475,-0.119029,-0.136832,-0.219814,0.081047,0.007474,-0.180854,-0.142901,-0.048843,-0.102754,0.124939,-0.161252,-0.140635,-0.117549,-0.462154,-0.077227,0.111684,-0.170408,-0.164259,-0.105813,-0.044393,0.276506,-0.172321,-0.27113,0.22034,-0.022127,-0.212911,-0.271608,-0.045119,-0.136587,0.091448,-0.237084,-0.262337,-0.100232,-0.182086,-0.231922,-0.205977,0.133843,-0.130667,0.202816,0.078393,-0.315191,-0.047914,0.10376,-0.249355,-0.051393,-0.26427,0.095019,-0.092151,-0.040679,0.062391,-0.224595,-0.201117,0.066538,0.094958,-0.19529,0.033448,-0.054128,0.003928,-0.185091,-0.054929,0.094869,-0.252881,0.086473,0.027344,0.062621,0.372212,0.197512,0.101223,0.256309,-0.031886,0.143465,0.28718,-0.259459,0.094895,0.422971,-0.020961,-0.152926,0.199626,0.0451,-0.153338,-0.113282,0.088009,#
1,0.045672,1.0,-0.017105,-0.147577,-0.057859,-0.043486,0.238776,0.10568,-0.122171,0.3321,-0.030447,-0.016141,0.091875,0.236144,0.259558,0.061941,-0.123041,0.117077,0.291649,0.011269,0.21921,0.079557,0.210676,-0.125975,-0.050657,-0.255127,-0.164639,0.004207,-0.021364,0.179618,-0.06596,0.071645,0.093345,-0.072003,-0.074944,0.078898,-0.058138,-0.194667,0.047287,0.095007,0.071515,0.223708,-0.106018,0.041145,0.284416,-0.080144,0.143665,-0.069503,0.180005,0.263515,0.003461,0.040329,0.105334,-0.006815,-0.033105,-0.127406,0.067214,-0.241414,-0.184981,-0.175202,0.103126,-0.060261,-0.148394,-0.062524,0.347649,0.204235,-0.203326,-0.041867,0.017834,-0.09086,0.145617,0.036374,-0.031269,-0.266717,-0.063687,-0.059463,-0.173908,-0.020231,0.071269,-0.019697,0.14362,-0.234296,-0.163787,0.074198,-0.190047,-0.040605,-0.039882,-0.162726,-0.000472,0.012989,-0.196249,-0.138222,-0.176482,-0.01254,-0.045707,-0.100342,-0.021706,0.085632,0.284917,-0.075206,0.006718,0.091924,0.006529,-0.069477,-0.273639,-0.09411,-0.136449,-0.138982,-0.199931,-0.024669,0.154622,0.14343,-0.178697,0.066564,-0.16051,-0.049961,-0.034781,0.00948,0.134786,-0.336878,-0.185737,-0.220717,-0.367823,-0.061365,-0.1754,-0.213498,0.160726,0.078843,-0.243136,-0.177255,0.133065,-0.045736,-0.185118,-0.275467,-0.173847,-0.33743,0.154828,0.243918,-0.018968,-0.1101,0.06951,-0.159819,-0.079256,-0.074482,-0.033719,-0.074845,-0.372423,0.181653,-0.090482,-0.067942,-0.11583,-0.155482,0.039104,-0.176907,-0.079157,-0.138473,0.126016,0.063246,-0.160753,0.070964,-0.098103,0.045613,-0.102906,0.091441,0.008027,0.35267,0.061488,0.026422,-0.181066,-0.384583,0.033302,0.073706,-0.085226,-0.115573,0.104926,-0.286752,-0.059904,0.065223,0.18037,-0.264249,0.167899,-0.029835,-0.165711,0.10101,0.271951,-0.319002,0.204452,-0.281258,-0.059254,0.222563,0.005829,0.06061,-0.050105,0.202363,-0.024337,-0.168259,0.078365,-0.064105,0.086035,0.048588,#
2,-0.027216,-0.017105,1.0,-0.136351,0.042338,-0.175902,0.103379,-0.030483,0.091354,0.050884,0.158716,-0.155782,0.025764,0.002432,-0.188177,-0.065691,-0.224315,0.188703,0.046014,0.101313,-0.082295,0.207335,-0.062153,-0.027835,0.102297,0.097276,0.198576,-0.066584,0.081914,-0.234529,0.053129,0.169129,-0.292558,-0.009146,-0.007222,0.055189,-0.089197,0.303058,0.096061,-0.278609,0.269999,0.014955,0.068526,-0.121053,-0.019392,-0.22215,-0.114912,0.22697,-0.147415,-0.139985,0.009458,-0.12622,0.241951,-0.176221,-0.238086,-0.07085,-0.132137,-0.144605,0.12053,0.100223,0.086999,-0.222239,-0.027693,-0.279801,0.171175,-0.040962,0.167743,0.061069,0.153537,0.274092,0.158675,0.222958,-0.224958,0.074569,0.016484,-0.118917,0.052772,-0.03814,-0.030402,0.011614,0.145459,0.043651,0.02474,0.21073,-0.194053,0.200082,0.191093,-0.021596,0.042078,0.198675,-0.01344,0.030113,0.263696,0.158831,0.073645,0.049213,0.234524,-0.079374,0.163819,0.147904,-0.126817,-0.052716,0.102369,0.11189,0.225418,0.165553,0.088024,-0.016441,-0.050928,-0.028995,0.081883,-0.129278,0.056595,0.105671,0.338855,-0.102295,-0.027358,0.190604,-0.027623,-0.076278,0.111247,0.194626,0.058735,-0.044877,-0.001405,0.179247,0.318969,0.022012,0.087172,0.042712,0.353373,-0.01644,0.120594,0.046705,0.115042,-0.012806,-0.012881,0.37945,0.096631,0.246858,0.012967,0.162069,0.175092,-0.018455,-0.045192,-0.010455,-0.228919,0.115459,0.104006,0.194755,0.02189,0.102099,0.187783,-0.02967,0.132428,-0.001173,-0.021903,0.05393,0.23431,0.022187,0.324348,0.063031,0.057138,0.226854,0.103514,-0.229789,0.000408,-0.042112,0.011504,0.130265,-0.123776,-0.154651,-0.104308,0.052437,-0.181448,0.096739,0.097007,0.015146,0.022383,-0.153869,0.129801,0.031685,-0.129744,-0.099383,-0.18928,0.106642,0.153637,0.138063,-0.090283,-0.196008,0.082415,-0.220778,-0.210219,0.320383,-0.067767,-0.060954,-0.092822,0.170201,0.138922,0.009478,#
3,-0.295113,-0.147577,-0.136351,1.0,-0.103277,-0.299657,-0.290298,-0.248539,-0.203681,-0.408088,0.027091,-0.120256,-0.409388,-0.448904,-0.076505,-0.180147,0.146653,0.108432,-0.166289,-0.137882,-0.007761,-0.088866,-0.351714,0.049548,0.177498,0.339201,0.058252,0.160251,-0.216418,-0.291119,0.147625,-0.187412,-0.039305,-0.033182,0.023925,-0.121647,-0.194068,-0.082338,0.114238,0.045548,-0.083417,-0.331624,0.027467,0.331215,-0.010018,0.495128,-0.200039,-0.061186,0.151268,-0.158298,-0.092559,0.381578,0.004295,0.167794,0.075218,-0.127932,0.336869,0.197363,-0.003405,-0.013188,-0.424971,0.088653,0.295788,-0.120988,-0.140984,-0.272177,0.038565,-0.056958,-0.14777,0.045588,-0.091632,-0.066199,0.202464,0.164819,0.073978,-0.11717,0.361226,0.080306,0.07995,-0.069617,-0.027961,0.361886,0.273174,0.048177,0.241595,-0.05055,0.18503,0.24269,0.127736,0.051719,0.091798,0.159465,0.120378,-0.089266,0.179191,0.212058,0.400036,0.167044,-0.050884,0.388754,0.070574,0.180602,0.425198,0.210912,0.098437,0.12814,0.352146,0.168789,0.012439,0.031417,-0.10819,-0.115462,0.376603,0.137071,0.069598,0.155721,0.098416,0.029739,-0.190937,0.400519,0.237034,0.410726,0.227202,0.278727,0.302107,0.134585,-0.301548,-0.187389,0.145009,0.294865,-0.034041,0.306832,0.318076,-0.085392,0.174686,0.248183,0.010205,-0.050556,-0.112501,0.230795,0.087383,-0.137243,0.290421,0.174314,0.407235,0.103058,0.148138,-0.078747,0.408537,-0.021096,0.267846,0.031762,0.049544,0.221752,0.110432,0.24222,-0.330228,-0.29502,0.391327,0.144361,-0.055824,0.179668,-0.121191,0.028527,-0.117629,-0.319407,0.136018,0.172134,0.136829,0.132735,0.126603,0.092605,0.309438,0.371598,-0.04434,0.329337,0.092536,-0.034332,-0.445575,0.499608,-0.42187,0.03867,0.289738,-0.127052,-0.201021,0.000537,-0.203057,-0.032432,0.314638,-0.045752,0.142426,-0.064595,-0.155264,-0.23661,-0.006924,-0.096389,0.038049,-0.053458,-0.18924,-0.253973,#
4,0.172649,-0.057859,0.042338,-0.103277,1.0,0.084449,-0.074082,-0.056366,0.028546,-0.141862,0.340692,-0.128759,-0.019703,-0.273618,-0.202078,-0.082119,0.220663,-0.171635,-0.001327,-0.055348,-0.259275,-0.251058,0.115815,-0.136698,0.013785,-0.10933,-0.143015,0.127066,-0.101745,-0.059161,-0.296042,-0.14763,-0.005795,-0.08391,0.055973,0.047766,-0.064818,-0.095369,0.02292,0.363073,-0.043352,-0.3614,-0.170418,0.093299,-0.171156,0.158874,-0.137899,0.035187,0.095181,0.224085,-0.011102,-0.037621,0.090951,0.254348,0.124085,0.088751,-0.097151,0.218837,0.056609,-0.094408,-0.166211,-0.16226,-0.052821,-0.040169,-0.281429,0.047749,0.560531,-0.116481,-0.000136,-0.202479,0.01599,-0.128882,0.04464,0.207029,0.211672,0.056709,-0.082528,-0.186538,-0.034745,-0.176185,-0.17697,0.142683,0.113868,0.008664,0.144527,-0.003137,0.149918,0.088388,0.006966,-0.130421,0.153241,0.173346,0.183128,-0.007274,-0.004423,0.083531,0.205556,0.010106,-0.149816,-0.036767,0.075051,0.112443,0.220644,-0.061272,0.155321,0.015391,0.001463,0.098388,-0.168664,0.058752,0.039035,0.045312,0.032343,-0.035544,-0.120529,0.162944,-0.067471,0.324648,-0.313001,0.071426,-0.216061,0.142065,0.09573,-0.081299,0.235923,0.121034,-0.11562,0.088917,0.149826,-0.03804,0.089126,-0.30816,0.113288,-0.176048,0.089077,0.077058,0.050559,0.095954,-0.14073,0.255804,-0.003582,-0.077281,-0.187645,0.161475,-0.065985,-0.224611,-0.194904,-0.10667,0.166395,-0.10794,0.10766,0.020541,-0.192497,0.049851,-0.037255,-0.124802,-0.098268,-0.047747,-0.243161,0.272685,-0.209042,-0.269272,-0.167924,0.105318,0.143419,-0.10407,0.079762,-0.032125,-0.106278,0.226777,-0.030543,-0.215279,0.124326,0.04145,-0.063186,0.250226,0.084481,0.181102,-0.003018,-0.022929,-0.208573,0.163722,0.151106,0.091713,0.056575,0.074032,0.051288,0.044038,0.26164,-0.215606,0.111725,0.014665,0.211872,-0.079484,-0.208462,0.186652,-0.107125,0.136519,-0.109091,-0.239992,#
5,0.13645,-0.043486,-0.175902,-0.299657,0.084449,1.0,0.355961,0.34171,0.077267,-0.018614,0.083306,0.243281,0.09673,0.139633,0.085541,0.066507,0.186343,-0.019402,0.260516,-0.099873,0.103991,-0.062257,0.134882,-0.055793,-0.170825,0.070302,0.033036,-0.048107,0.099619,0.196784,-0.312069,-0.037069,-0.132599,-0.043635,-0.0248,0.018586,0.135142,-0.108821,-0.037545,0.023398,-0.213066,0.205364,-0.128019,-0.084617,0.068588,-0.168808,0.101153,-0.220387,0.053125,0.245471,0.021793,0.063913,0.061305,0.13148,0.155788,0.299619,-0.263266,0.150925,-0.220214,-0.203218,0.151672,-0.066183,0.011348,0.359653,-0.186958,0.2926,-0.025346,0.094445,-0.043903,-0.357639,0.032189,-0.035317,-0.171692,0.075806,-0.159828,0.312638,-0.270982,-0.07502,-0.166966,-0.069623,-0.244681,-0.285273,-0.079025,0.082084,-0.193764,-0.354456,-0.12891,0.010947,-0.120585,-0.260928,-0.12009,-0.280714,-0.253914,-0.096946,-0.164008,-0.115424,-0.186225,-0.393006,-0.181595,-0.330623,0.108537,-0.097645,-0.133404,-0.419191,-0.327952,-0.255268,-0.05024,0.141711,-0.19362,0.000372,0.070791,0.311818,-0.354986,-0.347595,-0.019279,-0.052132,-0.192833,0.107876,0.191589,-0.182547,-0.238891,-0.290068,-0.021361,-0.306308,-0.191771,-0.048362,-0.08742,-0.056719,-0.343205,-0.14793,-0.202306,-0.201704,-0.198745,0.08376,-0.460037,-0.19215,0.230908,-0.02445,-0.020239,-0.329472,-0.19902,0.13889,-0.170813,0.000629,-0.130498,-0.259397,0.242455,0.083741,-0.22139,-0.076419,-0.135119,-0.194193,0.058913,0.028591,0.022958,-0.254301,0.137878,0.094537,-0.447899,-0.234309,-0.200935,-0.209129,-0.076808,-0.23034,-0.01018,0.023349,-0.126158,-0.09922,-0.034014,-0.060465,0.172882,-0.089901,-0.100246,-0.26454,0.222165,-0.216545,0.062266,0.005197,0.195094,-0.117665,0.275492,0.031033,0.062438,0.149316,0.588108,-0.051101,0.130155,-0.019073,-0.093667,0.227451,0.00555,0.132691,0.339114,-0.207719,-0.33231,0.073256,0.333826,-0.078588,-0.218625,-0.04166,#
6,0.283578,0.238776,0.103379,-0.290298,-0.074082,0.355961,1.0,0.332545,0.23731,0.277163,0.083296,0.084061,0.389456,0.311562,-0.079894,0.237065,0.101755,0.182636,0.286599,0.011362,-0.064466,0.157875,0.214191,-0.116366,-0.004792,-0.007599,0.134468,-0.005129,0.516951,0.084803,-0.351107,-0.111193,-0.055895,-0.223876,0.094384,0.111757,0.023353,-0.088044,0.14539,-0.093755,0.22829,0.191715,0.050985,-0.119306,0.062203,-0.342978,0.060969,-0.190753,-0.129003,0.245758,0.113553,-0.200453,0.114746,-0.014257,0.367918,0.072829,-0.053483,-0.291052,-0.101518,0.06372,0.311295,0.144397,-0.135025,0.318285,0.137475,0.309083,-0.112234,0.188647,0.086723,-0.136385,0.17775,0.058334,-0.278409,-0.327805,-0.244132,0.266787,-0.35591,-0.231282,-0.177647,-0.152214,-0.246097,-0.282041,-0.326378,-0.006659,-0.441308,-0.04557,-0.201654,-0.344875,-0.125235,-0.347861,-0.379836,-0.45452,-0.502677,-0.202681,-0.167061,-0.365464,-0.186202,-0.405586,-0.100729,-0.335517,0.017207,-0.088757,-0.300525,-0.252436,-0.344808,-0.261489,-0.050054,-0.119666,-0.183211,-0.253834,-0.100412,0.017423,-0.369223,-0.347552,-0.031577,-0.384423,-0.107457,0.02603,0.133214,-0.231339,-0.238861,-0.291846,-0.189172,-0.416758,-0.232662,-0.240969,0.145145,0.157162,-0.324584,-0.236035,-0.284856,-0.367758,-0.445365,0.044294,-0.209116,-0.278174,0.226954,-0.126309,0.030634,-0.414332,-0.281608,0.006071,-0.167283,-0.342028,-0.376256,-0.209669,-0.194005,0.420974,-0.303376,-0.281508,-0.219542,-0.197282,-0.048652,-0.156744,-0.041041,-0.43355,0.066707,0.234187,-0.25556,-0.23428,-0.038213,-0.303247,-0.076799,-0.068705,0.038679,0.157427,0.073299,-0.010432,-0.419451,-0.065464,0.237928,0.021097,-0.195109,-0.174985,0.365149,-0.392568,0.057262,0.220956,0.419108,-0.522331,0.416746,0.196102,0.05474,0.204803,0.315177,-0.320127,0.064339,0.067786,-0.164801,0.221548,-0.310752,0.12193,0.316781,0.045566,-0.262306,-0.02516,0.141733,-0.186651,-0.186485,0.317367,#
7,-0.12054,0.10568,-0.030483,-0.248539,-0.056366,0.34171,0.332545,1.0,-0.038626,0.294237,-0.179055,-0.031501,0.432512,0.258824,0.245106,-0.010941,0.022462,0.161413,0.154658,0.012317,0.110836,0.312629,-0.022188,0.068176,0.018861,-0.11887,-0.032017,-0.206998,0.094214,0.204849,-0.173962,-0.10516,0.015279,0.070502,-0.276735,-0.093451,-0.039798,-0.010204,0.041824,-0.328735,0.076766,0.166057,0.060717,-0.178351,-0.071076,-0.342645,0.091143,-0.138314,-0.027766,-0.01546,-0.219795,-0.044784,0.164499,-0.074807,0.278537,0.236482,-0.08014,-0.214881,-0.189339,-0.103475,0.190852,-0.010182,-0.133984,0.236857,-0.045579,0.424896,-0.027951,0.20729,-0.048098,0.006572,0.294142,0.289118,-0.308907,-0.134138,-0.002687,0.063342,0.116261,0.184347,0.12073,-0.068904,0.036851,-0.378691,-0.214469,-0.117618,-0.227982,-0.005519,-0.012552,-0.005895,0.189178,0.036928,0.000787,-0.318624,-0.113844,0.163932,-0.001226,-0.053321,-0.042391,0.083369,0.059327,-0.419432,-0.086684,0.069702,-0.067951,-0.077228,-0.203929,0.002292,-0.351172,-0.107849,-0.067419,-0.320128,0.001946,0.178936,-0.15203,-0.125129,0.006361,-0.093814,-0.06918,0.047415,0.152036,-0.202967,0.052459,-0.577547,-0.057443,-0.165318,-0.18027,-0.10196,-0.007607,0.060044,-0.177428,0.095556,-0.136024,0.058004,-0.09457,-0.082079,-0.134113,0.013164,0.203456,-0.299698,0.022289,-0.243845,-0.127752,-0.106389,-0.289542,-0.056235,-0.183056,-0.101463,-0.120304,0.024616,-0.020754,-0.125628,-0.115378,-0.079773,-0.101789,-0.270658,-0.012404,-0.526416,0.024459,0.204865,-0.215155,-0.109832,-0.031208,-0.019618,-0.24002,0.186235,0.322293,0.154976,-0.11528,0.074793,-0.089588,0.254688,-0.126901,-0.151244,-0.133329,-0.045724,0.3492,-0.275142,0.095959,-0.043403,0.38127,-0.15674,0.195568,0.233513,-0.005363,-0.130901,0.093109,-0.052563,-0.058221,-0.140492,-0.32307,0.203673,-0.178291,-0.210695,0.240597,-0.098041,0.015122,-0.068146,-0.037981,0.073548,-0.195739,0.132636,#
8,-0.021472,-0.122171,0.091354,-0.203681,0.028546,0.077267,0.23731,-0.038626,1.0,0.224083,0.00956,0.191041,0.021143,0.096028,0.109794,-0.056677,-0.275467,0.171896,-0.0555,0.006584,-0.143546,0.16692,0.143336,0.076446,0.032969,0.213234,0.19382,0.267031,0.100073,0.017855,-0.188862,-0.109915,0.056461,-0.051809,0.145375,-0.000149,-0.09244,-0.028926,0.263362,-0.097488,0.1489,0.000543,-0.134347,-0.062235,0.137699,-0.00679,0.023788,0.139658,0.040597,-0.005989,0.003354,-0.066438,-0.064976,0.180948,0.170805,0.360108,-0.224329,-0.152617,-0.130052,0.26192,0.061477,-0.054702,-0.095036,0.212303,0.079403,-0.039736,0.00189,0.209237,0.334072,0.013941,0.061198,0.099067,0.082058,0.139648,-0.173334,0.061081,-0.06708,-0.092563,-0.081294,-0.105734,-0.019333,-0.068089,-0.248792,-0.018326,-0.227624,0.187679,-0.132536,-0.298944,0.015739,-0.329422,0.20585,-0.149455,-0.172141,0.160744,-0.046553,0.183643,-0.082415,-0.203256,-0.332465,-0.218462,-0.002245,0.184946,-0.03634,0.078382,0.002049,-0.263682,-0.037956,0.009401,-0.074801,-0.029148,-0.100292,-0.217595,-0.184101,-0.204206,0.171262,-0.10971,0.197336,-0.017454,0.038063,-0.042978,0.123259,-0.148806,0.095584,-0.151888,-0.115654,0.042903,0.329875,-0.001332,-0.149533,-0.01743,0.037029,0.005487,-0.477582,-0.068572,-0.046023,0.096856,-0.006274,0.133456,-0.080962,-0.012522,-0.069239,0.078218,-0.096874,-0.161391,-0.223822,-0.475005,-0.097962,0.037688,-0.045464,0.014201,0.128928,0.043846,0.035752,-0.129397,0.279961,-0.125357,0.184272,0.1794,-0.190501,-0.078005,-0.161055,0.0933,0.050813,-0.017694,-0.258967,-0.0993,0.040031,-0.118466,-0.254298,0.04831,0.017444,-0.172919,0.072962,0.06435,0.272548,0.127044,0.024739,0.019769,0.385141,-0.182023,0.302412,0.290804,-0.198512,-0.064549,0.083251,0.127018,0.022112,0.177968,-0.301804,-0.133609,-0.137576,-0.007782,0.060667,0.04116,-0.142361,0.202512,-0.080387,-0.23481,0.012167,0.027605,#
9,0.094565,0.3321,0.050884,-0.408088,-0.141862,-0.018614,0.277163,0.294237,0.224083,1.0,-0.199581,-0.037542,0.379844,0.631627,0.182454,0.199551,-0.385503,0.294833,0.089899,0.199431,-0.050015,0.213684,0.302655,0.155366,0.10529,-0.195267,-0.132587,-0.038769,0.191683,0.472418,0.02323,0.142791,0.323171,-0.190399,-0.033338,0.080001,0.17566,-0.002815,0.184148,-0.371185,0.252541,0.240173,-0.036832,-0.088394,0.102471,-0.458316,0.111242,0.17712,0.019014,0.268778,-0.04691,-0.202898,0.15293,-0.143223,0.245592,0.033189,-0.163982,-0.444062,-0.244534,0.174078,0.440757,0.104191,-0.471336,0.034079,-0.015966,0.190968,-0.014121,0.233388,-0.145442,0.144826,0.089105,0.365108,-0.173352,-0.105123,-0.194966,-0.072211,-0.065536,-0.182917,0.009505,0.148066,0.062789,-0.423516,-0.349887,0.221578,-0.415545,0.148538,-0.163796,-0.216521,0.105273,-0.216836,-0.049766,-0.100189,-0.280297,0.126153,-0.038347,0.11025,-0.426216,-0.125419,0.139283,-0.35058,-0.323253,-0.019352,-0.235574,-0.03838,-0.018068,-0.209873,-0.327465,-0.337962,0.040462,-0.278043,0.222291,0.214742,-0.264842,-0.128879,-0.150758,-0.316631,-0.023137,-0.071459,0.414619,-0.392149,-0.256783,-0.315126,-0.03194,-0.188009,-0.344558,0.190187,0.368979,0.069453,-0.197769,-0.258746,-0.012261,0.119596,-0.485609,-0.037644,-0.348522,-0.299146,-0.027839,-0.031868,0.112488,-0.283592,0.122476,-0.09826,-0.261185,-0.367914,-0.313305,-0.084904,-0.203392,0.143751,-0.270818,-0.189487,-0.287796,0.115137,-0.054013,-0.540803,0.04749,-0.353241,0.478282,0.33517,-0.119441,-0.246339,-0.148753,0.038499,-0.116628,0.19505,0.197855,0.44588,-0.048356,-0.050645,-0.155068,-0.101754,-0.111109,0.051545,-0.094517,-0.203326,0.342624,-0.330664,0.038219,0.009234,0.64891,-0.410347,0.549169,0.268362,-0.556742,-0.181447,0.196045,-0.067512,0.312946,0.019636,-0.541834,0.102123,-0.260915,-0.165589,0.066621,0.343823,-0.117784,-0.022076,0.004915,-0.038396,0.3956,0.379172,#
10,0.221692,-0.030447,0.158716,0.027091,0.340692,0.083306,0.083296,-0.179055,0.00956,-0.199581,1.0,-0.141564,0.020841,-0.179602,-0.248407,-0.056684,0.003334,-0.118127,0.087935,-0.075695,-0.088898,-0.202416,-0.028927,0.03867,0.097141,0.185051,-0.107572,0.096537,0.074167,-0.280279,0.07472,-0.035915,-0.269268,-0.342581,-0.008972,0.147088,0.121526,0.221424,-0.071106,0.228463,-0.220986,-0.37884,-0.04659,-0.029028,0.017619,0.023546,-0.303229,0.074635,0.135859,0.184479,0.081098,0.012697,0.170734,0.167406,0.03794,0.128681,-0.240136,0.209017,0.084383,-0.207905,-0.230001,-0.145193,0.083277,-0.042011,-0.000882,0.075981,0.226144,-0.034025,0.053489,-0.063194,0.15119,-0.179682,-0.053348,0.150514,-0.003994,0.107636,-0.146135,-0.18243,0.010761,-0.099227,-0.022239,0.193199,-0.003374,0.122294,0.114263,-0.048977,0.114837,0.1376,0.029975,-0.003798,-0.047925,0.099297,-0.004442,-0.036138,-0.041352,0.020729,0.102739,-0.199552,0.156774,0.06315,0.068778,-0.195607,0.055109,-0.25477,0.011649,-0.079602,-0.041925,0.231811,-0.074614,0.283604,-0.07808,-0.11387,-0.256017,-0.104321,0.047023,0.087133,-0.286371,-0.012264,-0.265664,0.089742,-0.24734,0.268951,-0.060672,-0.307283,-0.145017,0.047987,-0.069846,0.044692,-0.045602,-0.198935,-0.047489,-0.238241,0.008507,-0.125023,0.130618,0.019079,0.08759,-0.087481,-0.180719,0.079004,-0.152018,0.213306,-0.011912,-0.0159,0.263715,-0.046368,-0.097974,0.121989,0.212978,0.022279,0.301175,0.096409,-0.053415,0.072325,-0.048559,-0.048625,-0.283779,-0.068561,0.009983,0.125682,-0.100799,-0.072953,-0.086944,0.178009,0.215035,-0.182716,0.138681,-0.190376,-0.053203,0.159109,0.174704,0.080368,0.191339,0.151109,-0.129963,0.207029,0.108297,0.010379,-0.194962,0.011862,-0.161253,0.128184,0.072912,0.027394,0.164873,0.141242,0.064489,0.176284,0.255647,0.209372,0.172385,0.123252,0.249707,-0.277439,-0.133011,-0.00652,0.080675,0.059185,-0.136446,-0.245686,#
11,-0.120671,-0.016141,-0.155782,-0.120256,-0.128759,0.243281,0.084061,-0.031501,0.191041,-0.037542,-0.141564,1.0,-0.082776,0.082037,-0.06418,-0.066255,-0.101417,-0.030265,-0.057656,-0.161011,0.246848,-0.204393,-0.021368,0.039469,0.099625,0.02904,0.035742,0.124501,-0.075623,-0.009902,-0.1055,-0.042273,-0.031373,0.042082,-0.146239,0.003016,-0.069981,0.048416,0.066125,-0.080853,-0.153662,0.187873,-0.148668,-0.204067,-0.113863,0.235247,-0.040027,-0.135426,0.065735,0.099416,-0.172863,-0.007837,-0.183251,0.309677,0.019543,0.004897,-0.321752,0.034345,-0.216259,-0.044386,-0.130106,-0.262721,0.02863,0.22955,0.079847,0.249338,-0.09155,0.059046,0.314613,-0.212333,-0.103457,-0.071882,0.088108,0.163403,-0.002472,-0.069005,-0.131826,0.127987,-0.221464,-0.018898,-0.254626,-0.195859,0.087897,-0.033003,-0.037159,-0.34992,-0.203812,-0.111797,0.028355,-0.00416,0.047494,-0.286941,-0.244035,-0.011225,-0.030484,-0.128671,-0.083704,-0.036477,-0.232827,-0.02955,0.187403,0.004651,-0.272157,0.013553,-0.171598,0.006237,-0.044578,0.093373,0.015828,0.147262,-0.028934,-0.123371,-0.240671,-0.177539,-0.072231,0.01352,0.022731,0.134965,-0.04734,0.010876,0.037325,-0.113907,-0.05827,-0.147136,0.02071,-0.128487,0.101862,-0.109632,0.009474,-0.018452,-0.113187,0.018618,-0.229288,-0.004825,-0.111868,0.12399,0.085669,-0.081058,-0.145589,-0.224492,-0.140103,0.07018,0.059084,0.069643,0.034294,-0.163266,0.047228,-0.023877,-0.120948,0.029274,0.09286,0.219945,-0.161498,0.225207,0.195824,0.136918,-0.015777,0.136812,-0.08337,-0.258005,-0.145855,-0.145186,0.064334,-0.268213,-0.317081,-0.001469,-0.049285,0.037891,0.227643,-0.028282,0.138066,0.311456,-0.028537,-0.16613,0.131583,-0.035395,0.022929,0.212672,0.072148,0.212184,0.022,-0.099568,0.002331,-0.107338,0.272966,0.25726,-0.130746,0.092989,0.119792,0.042081,0.068646,0.373951,-0.016088,0.13425,-0.106596,-0.089971,0.098506,-0.328344,-0.098964,-0.070443,#
12,0.294718,0.091875,0.025764,-0.409388,-0.019703,0.09673,0.389456,0.432512,0.021143,0.379844,0.020841,-0.082776,1.0,0.602949,0.124255,0.137696,-0.156491,0.201542,0.28818,0.293325,0.070226,0.16759,0.368219,0.0562,-0.091949,-0.405777,-0.055956,-0.004419,0.256593,0.252158,-0.018326,0.042279,0.021318,0.036475,-0.296446,0.16776,0.234257,-0.033712,-0.098734,-0.05254,0.039365,0.19636,0.160042,-0.169512,-0.137962,-0.563429,0.267663,0.115915,-0.055672,0.02277,-0.053425,-0.136141,0.246802,-0.180998,0.162068,0.112435,-0.155313,-0.329824,-0.018779,-0.159845,0.488618,0.083375,-0.246345,0.246935,0.044813,0.223154,-0.208902,0.167298,0.135242,0.064369,0.179507,0.166697,-0.290862,-0.434219,-0.290936,0.105888,-0.134949,-0.045541,-0.067885,-0.058262,-0.033624,-0.296218,-0.31788,-0.264631,-0.240637,0.101414,-0.115036,-0.053029,-0.062045,-0.120272,-0.345496,-0.205912,-0.423466,0.02346,-0.160592,-0.256826,-0.268768,-0.185431,-0.169321,-0.442869,-0.084791,-0.314319,-0.265434,-0.129104,-0.159662,-0.121273,-0.387351,-0.265246,-0.011773,-0.390085,0.04089,0.098845,-0.358156,-0.27478,0.022105,-0.318863,-0.084078,-0.058109,0.134499,-0.339833,-0.085926,-0.396621,-0.250078,-0.331834,-0.281717,-0.079865,0.19835,0.271989,-0.20102,-0.199828,-0.095943,-0.08608,-0.322691,0.047549,-0.038337,-0.210226,0.140221,-0.281152,-0.064837,-0.282292,-0.199113,0.105942,-0.204951,-0.298314,-0.298105,0.158026,-0.209787,0.287135,-0.256789,-0.243154,-0.347398,-0.196303,-0.081599,-0.310354,-0.01708,-0.49527,0.241864,0.168364,-0.256426,-0.338988,0.120813,-0.199765,0.014545,0.084566,0.322697,0.301481,0.046898,0.171089,-0.209425,0.014956,-0.167024,-0.200631,-0.402529,-0.096487,0.248464,-0.287546,-0.077174,0.12208,0.329186,-0.480952,0.239934,0.113094,0.007647,-0.056545,0.107706,-0.197218,0.16364,0.074524,-0.315246,0.371633,-0.246962,-0.152257,0.328993,0.161031,0.184902,0.059845,-0.000842,-0.001505,0.122036,0.246209,#
13,0.26473,0.236144,0.002432,-0.448904,-0.273618,0.139633,0.311562,0.258824,0.096028,0.631627,-0.179602,0.082037,0.602949,1.0,0.26884,0.204889,-0.343219,0.197806,0.27381,0.250925,0.205797,0.164074,0.387962,0.12653,-0.02385,-0.215662,0.141918,0.011066,0.277755,0.384974,0.13171,0.264136,0.10375,-0.082364,-0.302191,0.06294,0.157981,-0.034278,0.075426,-0.307714,0.075505,0.430239,-0.025023,-0.095651,0.023699,-0.601538,0.352525,0.089064,-0.144974,0.10988,-0.002198,-0.241515,0.155305,-0.321792,0.035266,0.022347,-0.083759,-0.428651,-0.176265,-0.070235,0.649058,0.076736,-0.413545,0.116055,0.146601,0.32884,-0.236776,0.227037,-0.080363,-0.120664,-0.168932,0.368157,-0.251444,-0.299646,-0.33435,0.064901,-0.318039,-0.175634,-0.176447,0.035213,0.005714,-0.54619,-0.463729,-0.0038,-0.406314,0.070724,-0.184647,-0.130994,0.000742,-0.246134,-0.226847,-0.228244,-0.469184,0.02655,-0.141542,-0.17042,-0.422792,-0.199397,0.027398,-0.418286,-0.159061,-0.23189,-0.367907,-0.269864,-0.142969,-0.214033,-0.307783,-0.301185,0.046237,-0.286944,0.10098,0.256552,-0.519983,-0.167488,0.074079,-0.176946,-0.285928,-0.204701,0.416048,-0.437025,-0.139675,-0.410437,-0.072547,-0.346651,-0.369242,-0.032923,0.15202,-0.035604,-0.297276,-0.340504,-0.205561,-0.043491,-0.373569,-0.155424,-0.341723,-0.365882,0.156829,-0.222586,0.117141,-0.517822,-0.089901,0.114716,-0.094699,-0.411119,-0.460596,-0.029573,0.060664,0.355339,-0.438052,-0.103186,-0.297434,0.01181,-0.075478,-0.381853,-0.033905,-0.322877,0.507136,0.265056,-0.148046,-0.403127,0.0265,-0.030745,0.000682,-0.204929,0.131591,0.37541,-0.198198,0.07638,-0.247787,-0.127183,-0.290747,-0.076071,-0.305362,-0.286922,0.21706,-0.258242,-0.087198,0.074033,0.456851,-0.437334,0.454466,-0.013894,-0.330334,-0.048429,0.369674,-0.014647,0.114854,0.022355,-0.407203,0.293408,-0.278053,-0.133443,0.07239,0.280649,-0.089939,-0.157567,0.09621,-0.195369,0.2709,0.347895,#
14,-0.08234,0.259558,-0.188177,-0.076505,-0.202078,0.085541,-0.079894,0.245106,0.109794,0.182454,-0.248407,-0.06418,0.124255,0.26884,1.0,-0.115421,-0.159646,0.149681,0.242129,0.154095,0.283305,0.10253,0.106764,0.214252,-0.099843,-0.006303,0.179997,0.100187,0.072276,0.08093,0.005027,0.234988,0.063833,0.119988,-0.285305,-0.233657,-0.086123,0.018018,-0.071611,-0.165234,0.032927,0.344658,-0.01798,0.196459,0.326452,-0.262559,0.077874,0.077774,0.200914,-0.040177,0.114144,0.048561,0.114916,-0.035512,-0.033329,0.290795,0.160085,-0.276977,-0.094309,-0.01325,0.25303,-0.03023,-0.183099,0.181752,0.186317,0.022469,-0.098925,-0.093803,0.045792,0.046919,0.155287,0.085371,0.114109,-0.045563,-0.113774,-0.08808,-0.0682,0.197399,-0.06093,0.182567,0.227143,-0.255331,-0.080928,-0.010837,-0.123466,0.243169,0.148112,0.094313,0.067199,-0.239939,0.048033,0.020958,0.07968,0.19405,0.015956,0.067279,-0.205205,0.007455,0.042256,-0.241674,-0.067143,0.078989,0.010494,-0.22716,-0.098779,-0.088202,-0.31564,0.074577,-0.050707,0.017942,0.039457,0.177074,-0.033553,0.09377,0.1828,-0.007366,-0.185833,-0.072662,0.259847,-0.387317,0.128782,-0.328311,-0.029917,-0.020224,-0.249593,-0.219,-0.058871,0.192845,-0.212514,0.085376,-0.012542,0.172306,-0.135708,-0.219907,-0.126167,-0.018139,-0.0073,0.145318,0.025829,-0.132106,-0.105916,-0.042731,-0.140031,0.088506,-0.068768,-0.056626,-0.01575,-0.107309,-0.065854,0.121312,-0.148815,-0.183705,0.121452,0.023071,-0.172588,-0.013066,0.331424,0.03484,-0.106492,0.120236,0.071913,0.152207,-0.026819,0.015325,-0.072116,0.273112,0.114291,-0.106288,-0.165764,-0.06666,-0.333343,-0.138753,-0.109737,0.222566,0.006506,-0.141584,-0.053915,-0.063623,0.316363,-0.080538,0.146747,0.154873,-0.161723,0.012841,0.078416,-0.024352,0.272864,-0.110996,-0.044371,0.000772,-0.043461,-0.147526,0.076648,0.087342,-0.099655,-0.049718,0.003749,-0.140454,0.165911,-0.110143,#
15,0.113873,0.061941,-0.065691,-0.180147,-0.082119,0.066507,0.237065,-0.010941,-0.056677,0.199551,-0.056684,-0.066255,0.137696,0.204889,-0.115421,1.0,0.059064,0.280823,0.056958,0.170953,-0.238602,-0.006736,0.247258,-0.104523,-0.055535,-0.102187,-0.039321,0.013744,0.267675,0.141786,0.225359,-0.004387,0.19607,-0.142575,0.076541,0.063591,0.374747,-0.001815,0.117161,-0.025996,0.126894,0.024081,0.230205,0.053228,-0.06671,-0.172934,0.109353,-0.003361,-0.025165,0.204778,0.136189,-0.02398,-0.061619,-0.074238,0.244468,-0.094708,-0.044297,-0.31463,0.00996,0.055655,0.130506,0.1687,-0.196878,0.128962,-0.016309,0.042231,-0.057249,0.152617,-0.35933,0.072083,-0.066274,0.279962,0.063445,-0.244806,0.032487,0.27391,0.052482,-0.177193,0.215873,-0.025589,0.137916,0.002657,-0.182896,0.195572,0.02391,-0.17018,-0.164722,-0.283003,-0.133498,0.067735,-0.071835,0.108036,-0.275799,0.227506,0.003201,-0.21788,-0.024052,-0.212741,0.039307,0.017966,-0.058192,0.018172,-0.311511,0.171299,0.005653,-0.107391,0.005751,0.027734,0.049659,-0.084617,-0.022864,0.090431,-0.144103,-0.132137,-0.063238,0.019055,-0.002338,-0.22363,0.143813,-0.190768,-0.170517,-0.035442,-0.253739,-0.140895,-0.054504,0.005577,-0.124902,0.165591,-0.141553,-0.262081,-0.09359,0.013014,-0.001309,0.187631,-0.107887,-0.195938,-0.01965,-0.208088,-0.004166,-0.286458,0.088633,0.144322,-0.158815,-0.227328,-0.142226,0.179476,0.264153,0.273924,-0.200667,-0.362119,-0.093265,-0.110504,0.044988,0.005485,0.009563,-0.020621,0.0853,0.286976,-0.197654,-0.254277,0.279654,-0.197745,0.017037,-0.153184,0.117126,0.167802,-0.150938,0.181221,-0.162304,-0.06731,0.209022,0.098491,0.071077,-0.254603,-0.028507,-0.107119,-0.119035,0.187928,0.117035,-0.335727,0.269171,-0.156345,-0.245107,0.220029,0.107074,-0.186868,0.131055,0.043737,-0.16859,-0.01578,-0.118528,-0.114434,0.061499,0.127754,-0.070337,-0.102973,0.099371,-0.048395,0.251827,0.348833,#
16,-0.128894,-0.123041,-0.224315,0.146653,0.220663,0.186343,0.101755,0.022462,-0.275467,-0.385503,0.003334,-0.101417,-0.156491,-0.343219,-0.159646,0.059064,1.0,-0.088643,0.010352,-0.028057,-0.090474,-0.244224,-0.156711,-0.324916,-0.372558,0.066515,-0.180308,-0.103038,0.053353,-0.226038,-0.212968,-0.043206,0.061071,0.22504,0.116607,0.107265,-0.157599,-0.152603,-0.186218,0.319788,-0.125157,-0.253482,0.042638,0.181162,-0.171519,0.183266,-0.208833,-0.435644,0.070989,0.114741,0.16044,0.050635,-0.10668,0.014846,0.233525,0.025748,0.276077,0.109502,0.20455,-0.217151,-0.242666,0.144655,0.275904,-0.049891,-0.288773,0.03398,0.083346,-0.041692,-0.226834,-0.212453,-0.191811,-0.333368,-0.069873,-0.094408,0.075039,-0.020753,0.181734,-0.057378,0.107649,0.042116,-0.156822,0.295814,0.298381,-0.186863,0.165949,-0.048245,0.033909,0.02488,-0.171039,0.046232,-0.034101,0.15905,-0.042578,-0.133019,0.125956,-0.071989,0.138272,-0.092491,-0.144606,0.17332,-0.025737,0.087042,0.143079,0.038653,-0.06783,-0.048024,0.203586,-0.069288,0.028482,0.026881,-0.251491,-0.06067,0.24702,0.191995,-0.266961,0.002356,0.084718,0.130452,-0.264833,0.075423,-0.077529,0.080361,-0.226725,-0.11515,0.146791,-0.235361,-0.414743,-0.17547,0.101587,-0.003658,-0.112173,-0.268702,0.228474,0.071666,0.165821,0.041394,0.273169,-0.227238,-0.201363,-0.001943,-0.051999,-0.150725,0.003139,0.389109,0.05141,-0.025532,0.103584,-0.082437,0.000885,-0.102478,0.076626,-0.160493,0.021091,0.089375,-0.196891,-0.047722,-0.277979,-0.082933,-0.088881,0.214966,-0.07399,-0.136918,0.096622,-0.279779,-0.211559,-0.059781,0.122786,-0.12553,0.037382,0.09582,0.094553,0.129392,-0.044465,-0.061736,-0.091498,-9.9e-05,-0.042162,-0.021235,-0.209194,0.09214,-0.328257,0.0214,0.555398,0.115596,-0.136134,-0.202878,-0.112491,0.148031,0.286839,-0.252035,0.097823,0.208681,-0.13621,-0.336154,-0.000632,-0.038856,0.114381,0.064358,-0.405348,-0.050538,#
17,-0.312495,0.117077,0.188703,0.108432,-0.171635,-0.019402,0.182636,0.161413,0.171896,0.294833,-0.118127,-0.030265,0.201542,0.197806,0.149681,0.280823,-0.088643,1.0,-0.048147,0.438116,-0.218715,0.001382,0.122666,0.057443,0.144978,0.23092,0.065011,0.020308,0.065882,0.00248,0.077568,-0.164217,-0.025887,-0.018565,-0.139604,-0.027086,0.012472,-0.006795,0.178489,-0.24792,0.003009,-0.024221,0.14117,0.082032,0.051005,-0.15091,-0.007584,0.244533,0.082177,-0.022369,-0.089916,0.029162,0.025857,0.135289,0.152578,0.069917,0.021072,-0.250154,-0.089439,-0.105476,0.09128,-0.168324,-0.233109,0.134777,0.065994,0.043098,0.049179,0.153515,-0.020116,0.221025,0.246318,0.288212,-0.069245,-0.259793,-0.11445,-0.050005,0.143161,-0.068628,0.104129,-0.050507,0.118377,-0.114413,-0.262919,0.328262,-0.350386,0.129961,0.02577,-0.22942,-0.241014,-0.034467,-0.112443,-0.027028,-0.249821,0.291197,-0.143406,-0.018423,0.034978,-0.170791,0.039959,-0.05743,-0.352061,0.02099,-0.056778,0.189143,-0.082736,-0.165424,0.050441,-0.146003,0.0817,-0.078873,0.104923,0.036369,-0.03064,-0.160154,0.001641,-0.107931,0.043316,-0.153312,0.350777,-0.305728,-0.113135,-0.26878,-0.257387,-0.136572,-0.102334,0.074766,0.015771,0.182546,-0.193207,-0.055998,0.122687,0.151039,-0.195397,-0.015397,-0.031479,-0.103559,0.093853,-0.014176,-0.101709,-0.073123,-0.019688,0.020514,0.003631,-0.245588,-0.133582,-0.009772,-0.18431,0.403217,0.051442,-0.150138,-0.221848,-0.00711,0.061726,-0.242161,0.062023,-0.137828,0.050473,0.398948,-0.02637,-0.150205,0.099429,0.209854,-0.135416,0.183858,0.080223,0.248519,-0.009256,-0.135422,-0.164778,0.103061,-0.049638,-0.181305,0.023603,-0.081027,0.073761,-0.122017,-0.102994,-0.011701,0.133251,-0.180246,0.378955,-0.039309,-0.199074,-0.016169,0.144399,-0.260373,0.237417,0.245126,-0.363676,-0.034382,-0.010583,-0.310138,-0.056653,0.143514,-0.144285,-0.203331,0.084716,0.007329,0.159101,0.192741,#
18,0.380866,0.291649,0.046014,-0.166289,-0.001327,0.260516,0.286599,0.154658,-0.0555,0.089899,0.087935,-0.057656,0.28818,0.27381,0.242129,0.056958,0.010352,-0.048147,1.0,0.047968,0.182061,0.161933,0.149932,0.028782,-0.050954,-0.088776,-0.032311,0.092715,0.18446,0.168759,-0.203009,0.187847,-0.061466,0.005509,-0.079785,0.101757,-0.05272,0.034045,-0.250937,0.093434,0.191523,0.21026,0.013411,0.063924,0.195123,-0.191872,0.133087,-0.121905,-0.047907,0.065199,0.115846,0.040428,0.284901,-0.226787,0.034205,0.15402,-0.00013,-0.28988,0.016134,-0.263461,0.322,-0.222962,-0.111745,0.180011,-0.073492,0.234266,-0.241481,-0.016398,0.004417,-0.16702,-0.106791,0.075057,-0.242652,-0.192381,-0.182499,-0.013073,-0.189553,-0.165618,-0.164217,0.102523,0.168048,-0.182054,-0.094014,-0.353331,-0.026559,-0.077477,0.036842,-0.041541,-0.019847,-0.179525,-0.310494,-0.251396,-0.034346,-0.309624,0.12755,-0.108209,-0.11802,-0.180657,-0.034327,-0.095377,0.118284,0.017456,-0.046925,-0.486287,-0.195255,0.090853,-0.33311,-0.113412,-0.153587,-0.018299,-0.006182,0.192118,-0.184173,-0.063215,0.197438,0.18271,-0.092352,0.049516,0.169936,-0.228588,-0.064363,-0.041554,-0.101064,-0.26451,-0.310282,-0.003459,0.079971,-0.060725,-0.023569,-0.020521,-0.237733,-0.15599,0.009053,0.001411,-0.169119,-0.056744,-0.037861,-0.008421,0.059718,-0.225658,-0.422124,0.037864,-0.124367,-0.087688,-0.086752,-0.031939,-0.073631,0.125926,-0.321125,-0.040598,-0.218455,-0.126301,0.029545,-0.089692,0.051329,-0.223846,0.156249,-0.032291,-0.227538,-0.104641,0.064256,0.064697,-0.124717,-0.203051,0.033782,0.0469,0.289566,0.106682,-0.104463,-0.098262,-0.055008,0.078005,-0.036528,0.112823,0.171724,-0.01386,0.007339,0.042175,0.301445,-0.166126,-0.09233,0.10133,0.137168,0.173244,0.233035,0.035498,0.484657,0.02096,0.090258,0.153992,-0.11542,-0.000604,0.198625,0.028126,-0.165587,-0.082345,0.229638,-0.070026,-0.050654,0.022292,#
19,-0.109238,0.011269,0.101313,-0.137882,-0.055348,-0.099873,0.011362,0.012317,0.006584,0.199431,-0.075695,-0.161011,0.293325,0.250925,0.154095,0.170953,-0.028057,0.438116,0.047968,1.0,0.089421,0.11748,0.135991,0.104903,-0.232523,-0.154097,0.085614,-0.203507,0.084559,-0.173173,0.21354,0.309142,0.241173,0.296362,-0.098012,-0.238775,0.213076,0.13107,-0.134868,-0.095735,0.223843,0.066813,-0.023555,-0.094161,-0.068163,-0.415297,0.194633,0.326608,0.206725,-0.308145,-0.089835,-0.189355,0.411637,-0.21272,-0.127368,0.016002,0.011307,-0.226721,0.245129,-0.112001,0.287826,-0.111985,-0.258265,-0.061343,0.100254,0.055592,-0.092667,-0.130563,0.074715,0.241285,-0.024752,0.220792,0.09256,-0.249608,-0.088801,-0.353245,0.196309,0.073965,0.445321,0.15416,0.253344,0.057758,-0.078785,-0.013761,0.110952,0.462822,0.063475,-0.240152,0.051337,-0.112597,0.012159,0.382611,-0.017681,0.064833,-0.06247,0.20255,0.024744,0.05774,0.162118,0.04821,-0.521221,0.039224,0.080436,0.077687,0.39844,0.073182,0.072079,-0.2036,0.252316,-0.307482,0.266242,-0.093853,0.045473,0.168078,0.130296,-0.06176,-0.025257,-0.030955,0.1886,-0.303372,0.102381,-0.165192,-0.131318,-0.109871,-0.155999,0.273388,0.193895,0.217055,0.214738,0.310074,0.441152,0.015292,0.039219,0.01856,0.263608,0.092899,0.120283,0.050633,0.104663,0.086019,0.002662,0.221645,-0.031123,-0.257486,-0.017069,0.148334,0.089787,-0.03771,0.010848,-0.003016,-0.090171,0.093366,0.300028,-0.04861,-0.110627,0.025934,0.424375,0.005861,-0.085939,-0.214048,0.278208,0.171297,0.149004,0.139746,0.072432,0.129892,0.298229,-0.043027,-0.020481,0.201065,-0.412044,-0.149096,-0.173556,-0.039827,-0.207262,-0.006011,0.111842,-0.250732,0.084177,-0.033892,0.216152,-0.029249,-0.253649,0.035189,-0.158499,-0.322959,0.42241,0.240059,-0.320786,-0.049964,0.057051,-0.364356,-0.255667,0.024777,0.054144,-0.193184,-0.132416,0.022822,0.386174,0.02142,#
20,0.231258,0.21921,-0.082295,-0.007761,-0.259275,0.103991,-0.064466,0.110836,-0.143546,-0.050015,-0.088898,0.246848,0.070226,0.205797,0.283305,-0.238602,-0.090474,-0.218715,0.182061,0.089421,1.0,0.085032,-0.124706,-0.129154,-0.027409,-0.210474,0.037771,-0.163919,-0.153644,-0.080764,0.102484,0.182065,0.15116,0.191064,-0.372183,-0.340489,0.036075,-0.135208,0.05625,-0.250427,0.154994,0.329882,-0.26103,0.034102,0.046028,-0.183936,0.05183,0.008973,0.073081,-0.182807,-0.299014,0.046425,0.3933,0.079024,-0.072153,0.044436,-0.087177,-0.057395,-0.336637,-0.019456,0.108094,0.009365,0.099728,0.053813,0.241218,0.115626,-0.409626,-0.035705,0.131446,-0.118771,-0.186045,0.139005,-0.074184,0.055479,-0.255664,-0.240934,-0.062203,0.280692,0.11316,0.186036,0.076297,-0.236984,0.157358,-0.259171,0.115459,0.00975,-0.066331,0.299487,0.320925,-0.091043,-0.058451,0.049127,0.074826,-0.034842,0.144766,0.077655,-0.190511,0.063439,0.101534,0.001115,0.152791,0.131613,0.042567,-0.0799,-0.019813,-0.009103,0.087575,0.079997,-0.168004,-0.089883,0.13234,0.013495,-0.227291,0.095299,0.288433,0.164391,-0.058998,0.021628,-0.069553,-0.071878,0.192173,-0.077082,-0.087747,0.033681,-0.115591,-0.172568,-0.042351,-0.25692,-0.209033,0.163459,0.150075,-0.006979,0.033793,0.066445,-0.023132,0.233723,0.035529,0.079979,0.257864,-0.194208,-0.137738,0.184647,0.155707,0.110974,-0.043984,-0.175401,0.015425,-0.256215,-0.027393,0.088313,0.137522,0.029511,-0.016424,0.010023,0.02773,0.05426,0.308021,-0.155793,-0.130196,-0.031261,0.046933,-0.042148,0.138876,-0.262111,-0.176923,-0.074927,0.15941,0.133865,0.177855,-0.178622,-0.144807,0.151337,-0.165271,0.021489,0.003994,-0.029249,0.023111,-0.326669,0.072158,0.256933,-0.205857,-0.092821,0.072979,0.009785,-0.000126,0.147962,-0.008956,-0.166986,-0.041114,0.224695,-0.069011,-0.008018,-0.086943,-0.077433,-0.01056,-0.134921,0.09585,-0.376655,-0.150168,-0.074702,#
