0,1.0,0.203432,0.015778,-0.118176,0.261513,0.070869,0.041103,-0.131209,0.243927,0.173323,-0.313061,0.115955,0.06594,0.206634,0.291696,-0.010996,0.020721,-0.010849,-0.060439,-0.117542,-0.176995,-0.105347,-0.183615,-0.106739,0.260581,-0.345888,0.188434,-0.271879,0.264113,0.163932,-0.275596,-0.034305,-0.117813,-0.09064,-0.110361,0.139127,0.074563,-0.130532,-0.125003,0.112787,-0.023126,-0.068685,-0.291577,-0.069152,0.270351,-0.114442,0.236589,0.060049,-0.048678,0.102769,-0.164772,-0.172353,0.163039,-0.039875,0.02105,-0.061366,-0.089636,0.062284,-0.132463,0.199758,0.148465,0.367988,0.260132,-0.220068,-0.193439,-0.016594,-0.022456,0.047101,0.100608,-0.067252,0.055714,-0.167052,0.090954,-0.018129,-0.037241,0.106199,-0.162191,-0.40172,-0.04678,0.002258,0.053985,-0.229384,-0.021346,-0.373449,-0.004624,-0.042515,-0.201314,-0.143467,-0.01317,-0.354264,-0.059385,-0.219592,0.040418,0.062594,-0.062132,-0.062958,-0.07684,-0.084281,-0.014809,-0.115972,-0.088252,-0.175857,-0.124868,0.073915,-0.072215,-0.147046,0.083442,-0.140123,0.08144,-0.45915,0.036756,-0.089015,-0.001161,-0.182877,-0.164398,-0.338201,-0.074501,-0.178853,0.228617,-0.379844,0.027223,-0.049486,-0.225333,-0.005698,0.002789,-0.061523,-0.017126,0.054982,-0.219882,-0.031586,0.002213,-0.212962,-0.197178,0.098299,-0.031609,-0.185739,0.022972,-0.162105,0.17648,-0.218289,-0.032466,-0.31608,0.02287,-0.379251,-0.250688,-0.134128,-0.041075,0.145678,-0.179037,-0.044725,-0.267776,-0.046264,0.394121,-0.188867,0.071318,0.09414,0.063981,0.188877,-0.098057,-0.052831,-0.205334,-0.096637,0.126951,0.014269,-0.115921,0.165321,-0.015639,0.255081,-0.093275,-0.292248,0.023719,0.030989,0.046176,-0.161997,0.100025,-0.011619,0.128543,0.036497,0.271956,-0.311803,0.081995,0.064368,-0.055894,0.161511,0.078416,-0.087781,0.353924,-0.087181,-0.001498,0.207738,-0.308944,-0.046208,0.064003,0.284973,-0.099534,0.009016,-0.165682,-0.098329,0.15795,0.004234,#
1,0.203432,1.0,-0.205896,-0.145667,0.205859,0.189617,0.002349,-0.289239,0.116886,0.043663,-0.083907,-0.059285,0.068672,0.159267,0.226449,-0.061828,-0.246158,0.100539,-0.093378,0.048218,0.108686,0.379907,0.277568,0.020884,-0.033267,-0.270656,0.270413,0.091869,0.27054,0.353823,-0.43562,-0.220164,0.078585,-0.325663,-0.123241,0.052544,0.197551,-0.447816,0.07309,0.182644,0.140367,0.159315,0.11131,0.002285,-0.021759,0.137858,0.183153,0.277083,-0.010115,0.025751,-0.200971,-0.31956,0.106411,-0.154506,-0.034166,-0.000872,-0.088991,0.333732,0.107272,0.228875,0.171123,0.000864,0.179998,0.03806,-0.024051,0.284519,-0.057644,0.326234,0.432696,0.130441,-0.306079,-0.020022,0.196457,-0.112337,-0.147181,0.145239,-0.33457,-0.095571,-0.168022,-0.05247,-0.221916,-0.518876,-0.303805,-0.137456,-0.035629,-0.224604,0.080601,-0.33093,-0.059281,-0.091648,-0.223037,-0.150364,-0.141405,-0.036613,-0.253411,-0.133275,-0.267504,-0.277542,-0.207844,-0.313998,0.097898,-0.077148,-0.107927,-0.105947,0.075381,-0.15357,-0.354031,-0.280893,0.015832,-0.113229,0.100118,-0.102486,-0.360532,-0.276737,-0.015438,-0.122995,-0.193507,0.072286,0.044047,-0.230038,-0.142707,-0.328858,-0.216785,-0.288947,0.024625,-0.096628,0.067773,0.219558,-0.061902,-0.20361,-0.091814,-0.294034,-0.169389,-0.220797,-0.20676,-0.353375,-0.181145,-0.265643,0.321415,-0.470455,-0.199935,-0.170628,-0.05626,-0.340514,0.034531,-0.128239,-0.056026,0.14614,-0.096922,-0.012271,-0.340923,-0.292786,-0.17292,-0.170727,-0.103929,0.009723,-0.159025,0.302999,-0.001578,-0.307133,-0.065203,0.002073,-0.164709,0.070361,-0.136098,0.390513,-0.090289,-0.249201,-0.087828,-0.254789,-0.08957,0.021486,-0.333775,-0.075873,0.147285,-0.249828,-0.160457,-0.112212,0.386615,-0.285833,0.292924,-0.044873,-0.150341,0.255902,0.37691,-0.210922,0.049539,-0.09718,-0.073681,0.368212,-0.239053,0.360518,0.356679,0.333177,0.096839,-0.260553,0.039711,-0.220163,-0.057684,0.199502,#
2,0.015778,-0.205896,1.0,0.148373,-0.080141,-0.019721,0.147796,0.178127,0.295489,-0.051108,0.021388,0.184129,-0.211558,0.126112,-0.101321,-0.249273,-0.230824,0.193342,0.094636,0.185856,-0.377828,-0.058695,-0.136205,0.109126,0.119855,0.05772,-0.068193,-0.00412,0.192614,-0.209519,0.081387,0.324829,-0.25151,0.124946,-0.147129,0.004364,-0.047752,0.063056,0.044406,-0.318858,-0.286093,0.140943,-0.015011,0.026048,-0.099167,-0.227347,0.174362,-0.023836,-0.193976,0.286436,-0.050637,0.241187,-0.092737,0.125726,-0.234503,-0.136925,-0.069034,-0.08447,-0.403143,-0.236442,0.259898,0.070492,-0.062975,-0.118872,-0.026056,-0.04277,0.152698,-0.100044,-0.127256,0.15585,0.240169,0.12222,0.0687,0.099753,-0.013868,0.03141,-0.042688,-0.05076,-0.028567,-0.080701,0.115029,0.093276,-0.086148,0.315309,0.049156,0.21609,-0.09319,0.069104,0.032682,-0.122407,0.18525,0.118688,0.157641,0.243039,0.063862,0.06399,0.240868,-0.007995,0.230665,0.05497,-0.2624,-0.220775,-0.057157,0.174036,0.075452,0.171264,0.24638,0.261962,-0.084715,0.041167,0.146231,-0.142522,0.091168,0.326821,0.060298,0.163996,-0.214421,-0.005798,0.030103,0.174556,-0.04431,0.3057,0.167688,-0.064213,-0.094303,0.324734,0.070641,-0.305849,-0.256463,0.09186,0.313956,0.213776,-0.080193,0.141949,0.065537,0.08871,0.092809,0.344367,-0.004089,0.107955,0.373169,0.103668,0.001719,-0.231853,0.13783,0.010175,0.255823,-0.089737,-0.089851,0.107904,0.256553,0.248807,0.281499,0.363397,0.272707,0.054859,0.119184,0.002975,0.325504,0.088392,0.055782,-0.000977,0.397124,0.16814,0.236718,-0.226067,-0.001692,-0.142605,0.176655,-0.00065,-0.057058,0.141057,0.111346,0.045549,-0.057924,0.169934,0.029989,0.296687,-0.102642,-0.06867,-0.09465,0.063376,0.151478,-0.194567,-0.216125,0.307757,0.015017,0.122968,-0.198165,0.014834,0.097159,-0.29361,-0.195815,-0.02755,-0.267438,-0.127874,-0.060357,-0.175042,0.122807,-0.055984,#
3,-0.118176,-0.145667,0.148373,1.0,-0.042043,-0.218825,-0.008965,0.151903,-0.328263,0.052833,-0.026275,-0.053907,-0.005137,-0.246697,-0.037147,0.206471,-0.060483,-0.202478,-0.164558,0.157164,-0.127061,-0.032437,-0.289372,0.072098,0.005089,0.100528,-0.299718,-0.038118,-0.055108,-0.250485,0.076231,-0.032458,0.03415,0.333563,0.10013,-0.19384,-0.059765,0.275506,-0.071625,0.050257,-0.063201,-0.05695,-0.05214,-0.205766,0.175833,0.128315,-0.353278,-0.373835,0.066339,0.132793,0.100158,0.178236,0.21029,0.193629,-0.112825,-0.070202,-0.029626,0.03017,-0.091019,-0.227123,-0.094325,0.054797,0.183322,0.184912,-0.092673,-0.260208,-0.162628,-0.203781,-0.263992,-0.032733,-0.065282,0.073635,0.18156,0.200045,-0.057078,0.016279,0.108531,0.401014,0.359312,-0.125181,0.163178,0.236329,0.04491,0.027229,-0.000806,0.096248,0.174931,-0.031763,0.068944,-0.070762,0.050973,0.075453,0.3006,-0.051385,-0.054832,-0.07659,-0.051415,0.105826,0.040985,0.228679,-0.101088,0.100953,0.327024,0.238985,0.180733,0.048123,0.013088,0.144233,-0.295512,-0.093586,-0.158761,-0.148476,0.052168,0.212809,-0.061437,0.393816,0.323711,0.02928,-0.272256,0.229998,0.193097,0.03199,0.015492,0.316616,0.061967,0.123968,-0.041724,-0.178032,0.085314,0.255701,-0.193078,0.002926,0.187197,0.29424,0.167299,0.410786,0.246715,0.06605,-0.313422,0.224086,0.043682,0.172789,0.132393,0.037991,0.241131,0.313668,-0.126022,-0.200507,0.122153,-0.219867,-0.004497,0.028468,0.034419,0.230808,0.112751,0.204075,-0.27545,-0.106249,0.26307,0.070804,0.211002,0.098763,0.124069,-0.126056,-0.057119,-0.190968,-0.019188,-0.133766,0.414613,0.155963,0.004514,-0.161379,0.102704,0.151725,-0.251675,0.121177,0.029415,-0.143715,-0.457545,-0.091503,-0.125861,-0.308554,0.314944,0.022312,-0.284515,0.04306,-0.290355,-0.012318,0.242443,-0.330362,0.035127,-0.074694,-0.339397,-0.098395,0.048157,0.11065,-0.004953,0.149541,-0.016852,0.164696,#
4,0.261513,0.205859,-0.080141,-0.042043,1.0,0.034644,0.148444,-0.003837,0.165043,0.152568,-0.231739,0.137351,0.136185,0.071229,0.045904,0.005421,0.164525,0.057801,-0.03442,0.132341,0.269896,-0.183384,0.346667,-0.073866,-0.118174,-0.276449,0.21428,-0.128328,0.225198,0.224887,-0.149443,-0.050135,-0.107081,-0.128764,-0.036694,0.172502,0.180899,-0.49839,-0.226407,-0.098017,0.017043,0.19325,-0.094872,-0.237537,0.226258,-0.016136,0.16259,0.28475,0.241812,-0.054267,-0.007668,-0.464238,0.134502,-0.374492,0.012423,-0.139742,-0.067323,-0.087045,0.22208,0.119792,-0.063077,0.294747,-0.07731,-0.088846,-0.156211,0.20117,0.094577,0.067323,0.22029,0.020136,0.059734,-0.336428,0.038413,-0.278215,-0.20593,0.201122,-0.321211,-0.26315,-0.27686,-0.151537,-0.23178,-0.323847,-0.295918,0.139832,-0.262693,-0.083751,-0.435217,-0.188608,0.138898,-0.225232,-0.388649,-0.313199,-0.016962,-0.362763,-0.293016,-0.317638,-0.496517,-0.380563,-0.357604,-0.147284,-0.160199,-0.298044,-0.241926,0.014592,-0.28188,-0.27245,-0.023799,-0.269412,-0.017966,-0.22692,0.197319,0.131658,-0.105786,-0.431742,-0.297999,0.030884,-0.08614,-0.36907,0.246861,-0.278292,-0.138193,-0.121676,-0.383271,-0.48087,-0.047856,0.101413,-0.108562,0.247248,-0.027746,-0.451889,-0.081476,0.0418,-0.16336,0.187452,-0.394714,-0.25739,-0.131668,-0.313994,0.10089,-0.305699,-0.186204,-0.272268,-0.197231,-0.15775,-0.375051,-0.048334,0.045864,0.236441,-0.336202,-0.178925,-0.419346,-0.097311,0.097097,-0.346419,-0.023206,-0.234557,-0.012718,0.469294,-0.335757,-0.185921,-0.015194,-0.168214,-0.113313,0.026897,-0.203608,0.179971,0.017966,0.080052,-0.259949,-0.073602,0.001726,0.314846,-0.411072,-0.181758,0.056011,-0.097998,-0.112204,0.273776,0.333256,-0.353128,0.256426,-0.027139,0.030847,0.045824,0.193838,-0.109758,0.067706,0.007318,-0.131118,0.089832,-0.262749,0.217596,0.242747,0.216134,-0.252758,0.091615,0.379644,-0.140775,-0.022795,0.114327,#
5,0.070869,0.189617,-0.019721,-0.218825,0.034644,1.0,0.228129,0.050649,0.333941,0.043426,0.081378,0.267973,-0.115543,0.186195,-0.134881,-0.02328,0.023916,0.000591,0.017482,-0.16166,0.110694,0.158624,0.312042,-0.294688,0.214654,-0.346755,0.211736,-0.115378,0.047767,0.303564,-0.247751,0.031722,-0.144292,-0.167745,-0.265372,0.239909,0.049653,-0.188327,0.166897,-0.076931,0.209782,0.041562,0.133104,-0.153573,-0.181869,0.119725,0.20265,0.129796,0.065509,0.063524,0.048439,-0.054782,0.101096,-0.139957,0.232563,0.205355,-0.343369,0.270414,-0.180806,0.275734,0.113172,-0.033238,0.014164,0.063493,-0.11998,0.039264,-0.015532,0.336885,0.197956,0.014929,-0.100864,-0.210025,0.06802,-0.220079,-0.237863,0.248017,-0.163385,-0.119152,-0.058712,-0.210012,-0.265646,-0.343056,0.105004,0.026038,-0.177904,0.045382,-0.170071,-0.110433,-0.133103,-0.145804,0.04324,-0.18929,0.013629,-0.142467,-0.21726,-0.154774,-0.002958,-0.148761,-0.029636,-0.347392,0.163879,-0.051608,0.121632,-0.247492,-0.180306,-0.339944,0.090738,-0.306407,0.017155,-0.015258,-0.110679,0.144269,-0.165014,-0.308318,0.048554,-0.389733,-0.194404,-0.191255,0.225827,-0.062534,-0.065422,-0.161329,-0.173041,-0.263309,-0.010267,-0.131963,0.188886,0.239268,-0.304998,-0.20964,-0.158278,0.012541,-0.072848,-0.217225,-0.108037,-0.014046,0.070171,-0.18755,0.112963,-0.459051,-0.251102,-0.199235,-0.2907,-0.129139,-0.047119,-0.299041,-0.030498,0.270536,-0.215193,-0.130368,-0.029679,-0.142043,0.105695,-0.150968,-0.181225,-0.179818,0.184691,0.147674,-0.15742,-0.029264,-0.16484,0.00365,-0.068604,0.0365,0.102551,0.213393,-0.145947,-0.106536,-0.141027,-0.192568,0.263652,0.120801,0.02677,-0.167131,0.297649,-0.259209,-0.118694,0.298507,0.293561,-0.243815,0.210549,0.03447,-0.094413,0.358061,0.187997,-0.110211,0.127434,0.019281,-0.202312,0.431321,-0.183235,0.166905,0.219133,0.314055,0.132246,0.25961,0.172316,-0.262977,-0.138869,0.157282,#
6,0.041103,0.002349,0.147796,-0.008965,0.148444,0.228129,1.0,0.147356,0.08158,0.151569,0.125583,0.095731,0.070042,0.118293,0.083629,0.142037,0.000955,0.068832,0.202252,-0.141392,0.194788,0.03235,0.149995,-0.220538,0.016193,-0.166476,0.199248,-0.112272,0.257018,0.090746,-0.263507,0.090398,-0.006508,-0.278132,-0.07046,0.029852,0.062036,-0.108216,-0.0859,-0.066838,-0.159251,0.157797,0.065336,-0.172994,0.002639,-0.11217,0.066314,0.089034,0.06946,0.18644,0.023649,-0.211601,-0.028885,-0.075744,-0.204314,-0.0286,0.095494,-0.113086,-0.188258,0.209299,-0.070041,0.146475,-0.202852,0.052724,-0.242572,-0.106882,0.131744,0.134756,0.143353,0.076515,0.12802,-0.293648,0.060096,0.067219,-0.098532,0.222055,-0.094414,-0.392529,-0.417016,-0.162951,-0.137228,-0.229301,-0.020512,-0.074238,-0.184637,0.12428,-0.198235,-0.061205,-0.083286,-0.087761,-0.06139,-0.135244,0.005733,-0.062296,-0.027892,-0.008968,-0.19946,-0.192353,-0.308262,-0.12699,0.048031,-0.341121,-0.097668,-0.073806,-0.053899,-0.174439,0.195672,-0.172906,-0.093552,-0.095177,-0.067234,0.142294,-0.167451,-0.085974,-0.139078,-0.15563,-0.233764,-0.209206,0.049206,0.000651,-0.08799,-0.084174,-0.129607,-0.311624,-0.320773,0.172812,-0.170692,0.221835,-0.158182,-0.218446,-0.07631,-0.085172,-0.032504,0.075951,-0.061774,-0.043481,0.064251,-0.301329,-0.069471,-0.171249,0.027112,-0.057253,-0.066428,-0.180728,-0.21051,-0.237661,-0.034145,0.299976,-0.157746,0.139783,-0.141776,-0.090524,0.091524,-0.056199,0.130108,-0.097932,0.012182,0.288257,-0.190789,-0.137645,-0.029205,-0.139916,-0.00807,0.105342,-0.006797,0.162616,-0.177568,-0.059237,-0.057402,-0.124363,0.123379,0.043541,-0.170032,-0.188821,0.091416,0.034711,-0.148576,0.346946,0.147782,-0.302072,0.084155,-0.033228,0.304774,0.319593,-0.000673,-0.014299,0.178294,-0.204844,-0.081489,-0.010767,-0.13758,0.211669,0.2441,0.275574,0.152243,0.302147,0.027069,-0.181179,-0.055014,-0.021787,#
7,-0.131209,-0.289239,0.178127,0.151903,-0.003837,0.050649,0.147356,1.0,-0.2064,-0.17094,-0.114051,-0.156949,-0.011986,0.024602,0.053738,-0.187606,-0.238788,-0.128798,-0.093627,-0.058094,-0.022016,0.243412,-0.053062,-0.045412,0.15402,0.079667,-0.005991,-0.100218,-0.028399,-0.13294,0.191391,0.155747,0.270221,-0.037673,0.049843,0.198949,-0.016365,0.225764,-0.162599,-0.305499,0.255749,0.254522,0.198312,0.046117,-0.093896,0.032524,0.010344,0.051928,-0.036213,-0.242881,-0.243624,0.042572,-0.173871,-0.278796,0.002616,-0.101217,-0.085499,-0.058367,-0.095496,-0.192395,-0.136686,0.03092,-0.273124,0.104588,0.115947,0.175499,0.091301,-0.034678,-0.172052,-0.060517,-0.160224,-0.260937,0.064368,-0.176722,0.028344,-0.203007,0.267991,-0.003188,-0.102752,-0.222802,-0.077687,-0.09954,0.092743,-0.236102,0.032109,0.147411,-0.071847,-0.096531,-0.062354,-0.018102,0.070305,-0.044611,-0.025787,-0.276419,-0.050662,0.14279,-0.091588,0.183151,-0.016828,-0.027651,-0.007657,-0.174711,0.270458,-0.226455,-0.049847,-0.041027,0.286407,-0.152668,-0.005376,-0.109745,0.03393,0.37521,0.152381,0.059401,0.061987,0.199505,-0.120689,0.0213,-0.158302,0.259567,0.136645,-0.108253,-0.015882,0.044084,-0.022575,0.060831,-0.175683,-0.101321,0.098758,0.168103,0.123387,-0.012191,-0.071348,-0.005081,0.04902,0.255017,0.163395,0.111906,0.057994,-0.088923,0.030308,-0.124786,-0.038402,0.147488,0.065241,-0.122391,-0.135927,-0.123557,-0.068734,-0.100477,0.060686,0.199802,0.162407,0.261144,0.171068,-0.079645,0.225074,-0.105556,-0.184704,0.085045,0.123007,0.01831,-0.098017,0.061407,-0.126433,0.003873,-0.129094,-0.038796,-0.003321,0.110073,-0.213382,0.243969,0.135024,0.091585,-0.098803,0.167404,-0.002819,-0.004442,-0.235995,-0.072371,-0.116866,0.020335,0.011521,-0.01823,-0.131433,-0.241175,-0.141411,0.125819,0.058334,-0.150007,-0.014294,-0.019583,-0.016087,-0.055053,0.025535,0.090315,0.09602,0.041137,0.089733,-0.120897,#
8,0.243927,0.116886,0.295489,-0.328263,0.165043,0.333941,0.08158,-0.2064,1.0,0.126575,0.007148,0.248078,-0.000482,0.388165,-0.242243,-0.106522,0.006466,0.382612,0.360267,0.212577,-0.147617,-0.199615,0.243017,-0.209335,0.009902,-0.253183,0.243121,0.125687,0.206921,0.223399,-0.137151,0.122047,-0.136298,-0.150956,-0.21755,0.159844,0.281771,-0.379103,0.034238,-0.172987,-0.086865,0.166529,-0.120369,-0.009107,0.13514,-0.240498,0.405951,0.259937,-0.072451,0.250308,0.056549,-0.027319,0.003139,0.081561,-0.210732,0.25061,-0.092865,0.076473,-0.088844,0.254037,-0.130433,0.120803,-0.037703,-0.146333,-0.156839,0.151843,0.367133,0.221951,0.216946,0.211756,0.213893,0.016585,-0.116678,0.023399,-0.173819,0.152182,-0.009679,-0.427422,-0.077081,0.092526,-0.113369,-0.197197,-0.047634,0.303857,0.11854,0.045743,-0.219638,-0.150382,0.005026,-0.152568,-0.009677,0.006646,-0.20243,0.249901,-0.190622,0.009956,0.152352,-0.211221,-0.046525,-0.18825,-0.227861,-0.13757,-0.167412,0.117393,-0.186085,-0.03034,0.135944,0.047129,0.122328,0.002528,0.192522,-0.111719,0.17608,0.013563,-0.031338,-0.439964,-0.023488,-0.115273,0.463593,-0.240198,-0.020286,0.022834,-0.072914,-0.463791,-0.166007,0.071876,-0.009385,0.104433,-0.356523,-0.166284,0.129803,0.286981,-0.198378,0.034194,-0.157558,-0.222634,0.130551,0.154608,0.324606,-0.145989,0.220134,-0.029156,-0.195667,-0.271218,-0.082637,-0.371061,0.303561,0.310461,-0.066766,0.140423,0.081321,-0.151497,0.257204,-0.113777,0.051381,-0.136361,0.083692,0.267501,-0.030397,0.076583,-0.161728,-0.172301,0.02762,0.396905,0.206522,-0.147502,-0.129485,-0.044474,-0.131241,-0.032565,-0.025146,0.124459,0.178709,-0.125446,0.04204,-0.117633,0.025128,0.189539,0.252836,-0.149665,0.26148,0.089569,-0.26773,-0.001146,-0.034448,0.304002,0.264711,0.039709,-0.518032,0.258461,-0.01219,-0.186526,7.5e-05,0.140302,-0.186403,0.014443,-0.031724,-0.170648,0.137784,0.106626,#
9,0.173323,0.043663,-0.051108,0.052833,0.152568,0.043426,0.151569,-0.17094,0.126575,1.0,-0.120599,0.226995,0.348537,0.375457,-0.169592,0.250461,-0.160578,0.095965,-0.08117,-0.017848,-0.027494,-0.140118,0.11882,-0.116199,0.137274,-0.171258,0.091464,-0.485322,-0.09509,0.040895,-0.021814,-0.049927,-0.143917,0.205657,0.04805,0.174805,0.03473,-0.319281,-0.089273,0.009981,-0.109412,0.139058,0.161204,-0.038787,0.13084,-0.079901,0.008872,0.002812,-0.130248,0.134638,0.179253,-0.183092,0.087169,0.011137,-0.142556,0.000683,-0.127146,0.085733,0.065731,0.119947,0.056383,0.181868,0.031185,0.050156,-0.249408,0.06328,0.146199,0.081514,0.030111,-0.013463,0.081093,-0.370897,-0.072211,-0.00893,-0.011224,-0.063861,-0.037961,-0.073923,0.00925,0.078558,-0.055293,-0.050627,0.061457,-0.095239,0.097308,-0.249368,-0.023185,-0.082237,-0.131151,0.130186,-0.313868,-0.149084,0.23279,-0.001326,-0.141986,0.138792,-0.212607,-0.007674,-0.266175,0.155036,-0.147253,0.042651,0.039301,0.275223,-0.000181,-0.021733,-0.082441,0.018859,-0.108151,-0.059948,-0.161812,0.151338,-0.013367,0.074843,-0.078624,-0.106781,-0.204853,-0.195218,0.277013,-0.191509,-0.037666,0.307567,-0.186415,-0.220076,-0.212781,0.155719,-0.192404,-0.032051,0.015833,0.091131,-0.158559,0.304006,-0.087655,0.389748,-0.080721,0.010257,-0.091826,-0.200872,0.163885,-0.137489,0.092268,-0.205099,-0.003828,-0.01034,0.019313,0.106686,-0.006353,0.160066,-0.312159,0.189027,-0.289004,-0.110268,-0.181283,0.000773,0.22747,0.05375,0.046784,0.379416,-0.021832,-0.093162,0.03355,0.010838,-0.114806,0.234019,-7.3e-05,-0.000363,0.090705,0.208629,-0.022739,0.08681,0.189087,-0.030858,0.055001,-0.17064,0.118763,-0.004466,-0.182731,0.077785,0.073814,-0.246013,0.070318,-0.014917,-0.101679,0.066319,-0.153661,0.006091,0.118068,0.036303,-0.108681,0.197206,-0.160842,-0.14691,-0.034139,0.138802,0.033575,-0.034317,0.014884,-0.085044,0.182605,0.024813,#
10,-0.313061,-0.083907,0.021388,-0.026275,-0.231739,0.081378,0.125583,-0.114051,0.007148,-0.120599,1.0,0.168035,-0.269565,-0.265555,-0.170435,0.111019,0.383496,-0.201089,0.174123,-0.059378,0.136917,0.114325,-0.059861,0.202539,-0.099978,0.155471,-0.186938,0.182917,0.112547,0.009909,-0.029567,0.101812,-0.303167,-0.13489,0.3762,-0.045736,0.074997,-0.030212,0.166791,0.266658,-0.249277,-0.080111,-0.004306,-0.258756,-0.155015,0.187054,-0.303882,-0.352636,0.024116,-0.059441,0.172843,0.045716,-0.104178,0.218644,0.05069,-0.029291,-0.128003,-0.161,-0.100145,-0.085248,-0.03112,-0.123441,0.116822,0.147413,0.216166,-0.233791,-0.014195,-0.091047,-0.120141,-0.154117,-0.083333,0.295216,0.180986,0.01573,-0.023403,0.243755,-0.105823,0.017621,-0.018929,-0.170721,-0.11185,0.085944,-0.167179,0.260305,-0.187368,-0.058566,-0.031844,0.043196,-0.293311,-0.076351,0.096618,-0.143103,-0.136262,0.010554,-0.084552,0.013604,-0.132078,-0.038503,-0.230892,0.013858,0.117527,0.070339,-0.344577,-0.075863,0.092742,-0.090612,-0.037764,0.216254,-0.345832,0.546025,-0.217095,-0.153405,-0.252511,0.062121,0.012318,-0.00551,-0.056876,0.001415,-0.127849,0.33004,-0.293261,-0.054121,-0.136222,0.10025,-0.017318,-0.150022,0.024986,-0.167429,0.053208,-0.06652,0.162027,-0.084396,0.050704,-0.070254,0.184562,0.196242,0.074698,-0.142366,-0.245097,0.000955,-0.070106,0.29964,0.007804,0.037726,0.004149,0.016441,0.093598,-0.157625,0.123647,-0.220089,0.209653,-0.002863,-0.242867,-0.0917,-0.146679,-0.310659,-0.18072,-0.085371,0.048995,0.024594,0.104331,-0.05912,-0.22159,-0.158506,-0.153528,-0.125522,-0.249988,0.001932,0.092075,0.036889,0.171156,-0.231354,-0.102787,-0.094132,0.05843,-0.301162,-0.356252,0.219964,-0.042356,0.294063,0.040968,0.05054,0.162357,0.182252,0.061361,0.107906,-0.262565,-0.093863,0.408316,-0.053406,-0.062937,0.250997,-0.011169,-0.017805,0.169167,0.118376,0.230123,-0.216013,-0.204016,0.045247,#
11,0.115955,-0.059285,0.184129,-0.053907,0.137351,0.267973,0.095731,-0.156949,0.248078,0.226995,0.168035,1.0,-0.026162,0.215271,-0.060455,0.082224,0.205998,-0.04301,-0.047549,-0.193295,-0.137265,-0.134881,-0.071042,-0.051614,0.180423,-0.103257,-0.11183,-0.177595,0.217826,0.171174,-0.273485,0.154372,-0.502754,-0.053894,-0.166044,0.286185,-0.105232,-0.121796,0.159757,0.209365,-0.060948,0.023801,-0.127981,-0.027253,0.152387,0.121036,-0.004166,-0.092521,0.195901,0.156255,0.176234,-0.130817,-0.064012,-0.055994,0.033274,0.028993,-0.27334,-0.113237,-0.092808,-0.061425,-0.170988,0.146026,0.177902,-0.128602,-0.018847,-0.191288,0.019545,0.004966,0.140192,-0.097719,0.271567,-0.241446,-0.063975,-0.069403,-0.145488,0.27987,-0.345115,-0.12832,-0.046898,-0.224228,-0.034496,-0.111199,0.10185,0.139234,0.026128,0.093419,-0.16126,-0.156273,-0.164904,-0.209389,-0.012775,-0.041765,0.04558,-0.051384,-0.083282,-0.115309,-0.125859,-0.208832,0.052941,-0.172301,-0.142148,0.014909,-0.06273,0.010242,-0.073535,-0.070474,0.015094,-0.18926,-0.12227,-0.159684,-0.29518,0.102975,-0.207688,-0.013806,-0.173015,-0.044721,-0.031347,-0.199507,0.067704,-0.028969,-0.030042,0.05825,-0.233434,-0.165404,0.196054,0.081877,-0.172061,-0.167151,-0.278014,-0.167311,-0.009701,-0.053307,0.044256,0.170465,-0.11667,-0.000218,-0.03438,-0.020863,0.097719,-0.129934,0.114751,0.106871,-0.038638,-0.157518,-0.188875,-0.21381,0.231866,0.083154,-0.105799,-0.148235,-0.138826,-0.015436,0.076328,-0.127491,-0.184339,-0.112187,0.263712,-0.079754,0.035444,0.156296,0.117319,0.084161,0.082741,-0.003147,-0.049934,-0.108381,0.005755,-0.091934,0.167585,0.011393,0.141652,-0.165517,-0.035902,-0.335468,0.173479,-0.179837,-0.288004,0.053863,0.139396,-0.183044,-0.033315,-0.019547,0.163224,0.0649,0.167129,-0.057651,0.199612,-0.103532,-0.15718,0.087284,-0.175788,0.180855,0.06977,0.016466,0.086815,0.09087,0.118429,-0.267073,-0.049439,0.143026,#
12,0.06594,0.068672,-0.211558,-0.005137,0.136185,-0.115543,0.070042,-0.011986,-0.000482,0.348537,-0.269565,-0.026162,1.0,0.231439,0.13268,0.243855,-0.275183,0.15221,0.018064,-0.003209,0.321474,0.093182,0.089324,-0.127186,-0.114594,-0.040484,0.287225,-0.071341,-0.020105,0.030529,-0.024066,0.220934,0.190137,0.038912,-0.144753,-0.089362,0.142077,-0.227751,-0.202338,0.04195,-0.044708,0.281455,0.10436,0.295356,0.331118,-0.225947,0.003069,0.216297,-0.132365,-0.162221,0.039721,-0.114015,0.079371,-0.185887,-0.159171,-0.218223,-0.185045,0.228225,0.079307,0.013094,-0.344203,0.032055,-0.306581,0.008219,0.01221,0.266389,0.077438,0.141609,0.220578,-0.179668,-0.075748,-0.209705,-0.114227,0.084041,0.093101,0.079904,-0.039387,-0.211819,-0.146752,-0.127909,-0.204465,-0.282365,0.109429,-0.098464,0.035736,-0.318917,0.056841,-0.127868,-0.309742,-0.044016,-0.17327,-0.358247,-0.115471,-0.084124,-0.081763,0.181948,-0.10882,-0.115882,-0.229706,-0.111606,0.026156,-0.144672,0.003925,-0.146069,-0.009408,-0.038783,-0.131716,-0.155713,-0.148201,-0.225132,0.218737,-0.111099,-0.087254,-0.101258,-0.099973,-0.107453,0.041923,-0.064263,-0.082313,-0.312266,-0.021718,-0.120129,-0.172583,-0.237802,-0.355643,0.223539,-0.255889,-0.0076,-0.095393,-0.17483,-0.299845,0.029955,-0.022441,0.080821,-0.225907,-0.046218,-0.024477,-0.022341,0.150599,-0.067181,-0.145849,-0.006539,-0.213166,-0.13739,-0.221758,0.036297,-0.02962,0.253516,-0.448553,0.038433,-0.027021,-0.141346,-0.085831,-0.146314,-0.290988,-0.070868,0.163078,0.167705,-0.279004,-0.112823,-0.105263,-0.059615,-0.142165,0.146439,-0.12085,0.108063,-0.124292,0.036902,-0.07008,0.057969,-0.023916,0.11568,-0.02174,-0.126202,0.133628,0.046511,-0.100557,-0.059246,0.192331,-0.124082,0.212613,0.085485,-0.089379,0.131828,0.117784,-0.115306,0.04507,0.045181,-0.064242,0.206013,-0.098889,0.007127,0.184311,0.20417,0.007033,0.037913,-0.015315,0.123388,0.176855,0.094611,#
13,0.206634,0.159267,0.126112,-0.246697,0.071229,0.186195,0.118293,0.024602,0.388165,0.375457,-0.265555,0.215271,0.231439,1.0,0.14782,-0.048337,-0.183291,0.248632,-0.109449,0.051545,-0.256206,-0.085128,0.134744,-0.312504,0.085821,-0.097936,0.332414,-0.386589,0.065455,0.082741,-0.135843,0.077868,-0.162549,-0.107883,-0.275508,0.287851,0.196434,-0.201485,-0.095815,-0.327403,-0.072814,0.358042,-0.06163,0.091241,0.128696,-0.327058,0.45708,0.148504,-0.074171,0.128771,-0.061956,-0.137463,-0.074706,-0.101542,-0.445075,0.077882,0.100276,0.143496,0.181271,0.347501,-0.092478,0.218383,-0.13632,-0.188844,-0.052933,0.254973,0.26242,0.471439,0.236029,0.052884,0.009274,-0.210274,-0.095939,0.01037,-0.001036,0.153564,-0.212347,-0.162006,-0.316513,0.1349,0.122307,-0.303171,0.059848,-0.062323,0.122135,0.027727,-0.134877,-0.330292,-0.238227,-0.109328,-0.24456,-0.05902,0.004836,0.205396,-0.256489,0.059699,-0.033736,-0.032888,-0.001599,-0.165677,-0.147929,-0.188877,-0.024997,-0.062079,-0.074225,-0.24965,0.023437,-0.246702,0.084779,-0.277364,0.181924,0.13853,-0.152913,0.175429,0.079113,-0.218261,-0.382055,-0.108566,0.307041,-0.400454,-0.097847,0.002465,-0.055898,-0.304285,-0.003601,-0.001916,-0.254923,0.067274,-0.193653,-0.149495,-0.002606,0.332707,-0.4462,-0.033919,-0.075507,-0.226328,0.072593,0.205504,0.306498,-0.173053,0.137401,-0.368051,-0.241991,-0.074861,-0.060952,-0.267113,0.024041,0.345155,-0.268094,0.40323,-0.203397,0.033728,0.008732,0.05065,0.118458,-0.116359,0.427882,0.425343,-0.101826,0.11612,-0.215188,-0.021201,0.06922,0.564377,0.160527,0.29117,-0.072472,0.050933,-0.152465,-0.134068,0.092836,0.058544,-0.116394,-0.034789,-0.011448,0.044305,-0.00927,-0.018593,0.28254,-0.226391,0.299516,0.215578,-0.307657,-0.155866,0.16335,-0.093481,0.143576,0.149541,-0.485539,0.288315,-0.05049,-0.154238,0.277909,0.233245,0.038155,-0.231651,-0.287829,-0.218768,0.231983,0.170966,#
14,0.291696,0.226449,-0.101321,-0.037147,0.045904,-0.134881,0.083629,0.053738,-0.242243,-0.169592,-0.170435,-0.060455,0.13268,0.14782,1.0,0.126178,-0.01562,-0.269257,-0.119895,-0.194373,-0.176163,0.074856,0.038541,-0.313148,-0.217101,-0.020874,0.140317,-0.153319,0.185036,0.059401,-0.375638,0.15817,-0.069994,-0.110935,-0.057684,-0.072563,-0.067838,0.140214,-0.094719,0.022103,-0.045334,-0.027154,-0.228871,0.009857,0.231959,-0.036516,0.385164,-0.150939,0.069427,0.050688,-0.416216,0.055031,-0.1322,-0.311864,-0.173454,0.142935,-0.030128,-0.014951,-0.109337,0.066661,-0.058495,0.239837,0.130193,-0.021186,0.141692,0.108833,-0.164272,0.018493,0.109608,-0.330524,0.072944,0.043836,-0.185628,0.030293,0.172217,0.101116,-0.240847,-0.021445,-0.292511,0.125716,0.018344,-0.267178,-0.144792,-0.139836,-0.160874,0.003008,-0.095864,-0.176686,-0.020608,-0.177363,-0.045216,-0.166896,-0.101075,0.106233,-0.005143,-0.025019,-0.060702,-0.107957,-0.208207,-0.154641,0.006508,-0.29211,0.093339,-0.129006,-0.23804,-0.118095,-0.08996,-0.206911,0.236734,-0.23693,0.05612,-0.079599,-0.350614,0.034216,-0.329157,-0.001872,-0.044961,0.191385,-0.090429,-0.202351,-0.212467,-0.282911,-0.075384,0.166342,0.133808,0.048312,-0.168933,0.06552,0.071668,-0.193525,-0.047555,-0.364344,-0.279194,-0.281211,-0.106518,-0.136841,0.076449,-0.125349,-0.080346,-0.105003,-0.117928,-0.252427,0.044255,-0.173345,-0.24842,0.012406,0.072008,-0.065925,-0.0388,-0.094158,-0.096908,-0.019085,0.00257,-0.052623,-0.101429,-0.072592,0.153975,-0.049909,-0.259547,0.039792,-0.457298,-0.048699,-0.002391,-0.232752,-0.059073,0.231136,-0.089176,0.006415,-0.072523,-0.347278,-0.053531,0.017529,-0.223805,-0.01053,0.110285,0.214189,0.133406,-0.161412,0.124864,0.055715,-0.052649,0.256824,0.116709,0.03484,0.282537,-0.214876,0.286979,0.036267,0.151657,-0.124185,-0.201409,0.221858,0.274282,0.292388,0.109438,-0.128585,-0.066755,0.060088,-0.105625,0.281761,#
15,-0.010996,-0.061828,-0.249273,0.206471,0.005421,-0.02328,0.142037,-0.187606,-0.106522,0.250461,0.111019,0.082224,0.243855,-0.048337,0.126178,1.0,0.166065,-0.317552,-0.026729,-0.347442,-0.011994,-0.143805,-0.042413,-0.336603,-0.120677,-0.190522,-0.146593,-0.159397,0.00567,0.047698,-0.223616,0.050347,-0.111073,-0.080506,-0.025915,-0.109712,-0.002329,-0.099465,0.19151,0.320342,-0.290207,-0.153834,0.052204,-0.090302,0.07208,0.168648,0.021631,-0.385753,0.106516,0.08474,0.282408,-0.102831,0.203834,-0.050196,0.004166,0.216667,0.012288,-0.038213,-0.017022,0.184386,-0.160804,0.193338,0.068605,0.132274,-0.265536,-0.203284,-0.244383,0.20935,-0.10661,-0.432906,0.229593,-0.051072,-0.169159,0.009418,0.024439,0.058704,-0.144039,0.021891,-0.147173,-0.10612,0.057875,-0.033455,0.156963,-0.00977,0.007303,-0.126441,0.025305,0.178112,-0.102201,-0.013526,0.102511,-0.153806,0.240684,-0.117968,-0.132593,-0.062066,-0.222675,0.028351,-0.188955,-0.001798,0.01168,0.115545,-0.027529,0.126,-0.11639,-0.213567,-0.23539,0.221251,-0.115618,0.058761,-0.424854,-0.189843,-0.213122,-0.065089,-0.205442,-0.192037,0.112313,-0.102958,-0.220816,0.050819,-0.136285,-0.06919,-0.017311,0.16012,-0.00711,0.031162,-0.047603,-0.014382,-0.135241,-0.155544,-0.219596,-0.166614,-0.038227,0.092231,-0.139572,-0.00472,0.180913,-0.239164,-0.119599,-0.032321,-0.185623,0.00378,0.068898,0.004646,-0.320164,0.036146,-0.183372,-0.117264,-0.234587,-0.186295,0.011653,-0.139306,-0.19408,-0.187629,-0.330741,-0.024162,-0.076819,-0.088265,-0.298411,-0.01435,-0.281447,-0.361217,-0.168993,-0.293563,-0.197245,-0.176775,-0.278712,0.066173,0.005293,-0.174963,0.056095,-0.235275,0.074393,-0.082174,0.216461,-0.071899,-0.194176,0.07088,-0.108515,0.025322,-0.078451,-0.157246,0.470248,0.280631,-0.042376,-0.08046,0.084123,-0.246461,0.364609,-0.141055,-0.258696,0.306008,0.259496,0.095487,0.180595,0.081936,0.040571,-0.160769,-0.197656,0.084105,#
16,0.020721,-0.246158,-0.230824,-0.060483,0.164525,0.023916,0.000955,-0.238788,0.006466,-0.160578,0.383496,0.205998,-0.275183,-0.183291,-0.01562,0.166065,1.0,-0.115609,-0.007469,-0.040969,0.121031,-0.140502,-0.024916,-0.156382,-0.038677,0.141572,-0.32246,-0.004566,0.059773,0.107914,-0.084834,-0.064325,-0.132754,-0.212698,0.194245,-0.016874,-0.168337,-0.014551,0.159115,0.161867,-0.153444,-0.381152,-0.404994,-0.294619,0.176249,0.262927,-0.070331,-0.253349,0.098305,0.105248,0.130417,-0.069672,0.019512,0.051841,0.148728,0.151262,0.086774,-0.10827,0.201238,-0.026582,-0.02945,-0.016106,0.191145,0.187578,-0.086933,-0.315626,-0.174614,-0.167996,-0.010491,-0.136598,0.214629,0.017137,-0.197314,-0.158446,-0.15523,0.146042,-0.134714,0.060599,-0.193689,0.047483,0.010281,0.10495,-0.063842,0.130999,-0.129793,0.099875,-0.213437,0.077192,0.139587,-0.119076,0.094554,0.012595,-0.08628,-0.109498,-0.199331,-0.350885,-0.072511,-0.298048,0.024807,-0.066256,0.164635,0.073905,-0.343725,-0.222651,-0.184707,-0.117398,-0.018265,-0.082878,-0.086382,0.231572,-0.271841,-0.08461,-0.056066,-0.250856,-0.190767,-0.002197,0.059796,-0.158787,0.172832,-0.034512,-0.131794,-0.005976,-0.113953,0.062592,0.036154,-0.10469,-0.143068,-0.013796,-0.015649,-0.217278,0.094001,-0.174181,0.072405,0.124459,-0.140687,-0.061268,-0.149549,-0.314123,-0.346484,0.055895,-0.332664,0.073027,0.072827,0.105043,-0.288094,0.020743,0.207422,-0.085613,0.226401,-0.331879,0.04055,-0.07506,-0.238904,-0.170213,-0.224192,-0.19227,-0.005225,0.040045,-0.192955,0.102895,-0.074789,-0.066972,-0.001879,-0.109463,-0.140743,-0.03014,0.036466,0.034747,-0.061516,0.052407,0.382048,-0.214474,-0.029822,0.057021,0.09458,-0.129162,-0.119156,0.117209,-0.021185,0.057028,0.074761,-0.140769,0.206985,0.175015,0.123596,-0.066174,0.039404,-0.210794,0.17899,-0.16485,-0.119712,0.237044,0.069873,-0.127498,0.080608,0.154171,0.254393,0.027788,-0.245361,0.22364,#
17,-0.010849,0.100539,0.193342,-0.202478,0.057801,0.000591,0.068832,-0.128798,0.382612,0.095965,-0.201089,-0.04301,0.15221,0.248632,-0.269257,-0.317552,-0.115609,1.0,0.12714,0.09122,0.127084,-0.044992,0.116726,0.038308,0.129481,-0.007074,0.023647,-0.017666,-0.050737,0.13916,0.202651,-0.005294,0.225183,-0.012005,-0.109872,0.079306,0.009431,-0.218502,-0.008621,-0.277151,-0.032247,0.10936,-0.032512,0.119938,0.158633,-0.239256,0.078974,0.448797,-0.086074,-0.041355,0.028634,-0.085711,0.045548,0.069637,-0.149423,-0.150374,0.152869,0.103858,0.211979,-0.087625,0.155066,-0.118015,-0.086294,-0.260133,-0.073069,0.139608,0.080856,-0.049641,0.224921,0.263405,-0.035627,-0.062803,-0.249871,-0.022879,0.097668,0.008516,0.00993,-0.223687,-0.008325,0.150226,-0.096624,0.018851,-0.107977,0.005129,0.363501,0.065781,0.040764,0.121232,-0.055357,0.093268,-0.116436,0.042965,-0.316504,0.217435,-0.06195,-0.232206,0.180869,-0.077736,0.167621,0.008064,-0.09798,-0.095771,-0.043722,-0.032821,0.083753,0.2162,0.012125,0.033803,-0.103554,-0.159301,0.305429,0.101808,0.275988,0.030733,0.086985,-0.073926,-0.047851,0.127772,0.334481,-0.157951,0.110596,0.26439,-0.088375,-0.27735,-0.049784,0.270702,0.027177,0.153758,-0.315813,0.066606,0.143532,0.168399,-0.105961,0.230064,-0.078732,-0.011455,-0.004614,0.206046,0.340538,-0.109393,0.073552,0.076316,0.003401,-0.150207,0.250232,-0.233377,0.271209,0.199625,0.003786,0.253422,0.038043,-0.02823,-0.040745,-0.099942,0.19809,0.040132,0.033898,0.419618,0.104736,0.210923,0.160507,0.185962,0.001771,0.480892,0.235688,-0.001539,-0.00435,0.0211,-0.040622,0.278299,-0.030155,0.013117,-0.005214,-0.050558,-0.13424,0.144254,0.083929,0.15539,0.309323,-0.267514,0.322572,-0.15667,-0.381435,-0.058449,0.003922,0.070226,0.062897,0.063261,-0.45295,0.226212,0.190323,-0.289789,0.03213,-0.147473,-0.022218,-0.008775,-0.02241,-0.059354,0.304686,-0.241607,#
18,-0.060439,-0.093378,0.094636,-0.164558,-0.03442,0.017482,0.202252,-0.093627,0.360267,-0.08117,0.174123,-0.047549,0.018064,-0.109449,-0.119895,-0.026729,-0.007469,0.12714,1.0,0.035621,0.100651,0.103916,0.184584,-0.035148,-0.179182,-0.034551,0.153933,0.300334,0.032427,0.104115,0.066233,0.03272,0.009358,-0.109127,-0.015595,0.116915,-0.060892,-0.083693,0.023173,-0.120443,-0.021351,0.027285,0.007892,-0.039449,-0.075878,-0.180144,0.041219,-0.024881,-0.239043,0.090021,0.146139,0.226804,0.083205,0.033832,-0.105313,0.159796,-0.00509,-0.068177,-0.169148,0.06543,-0.152071,-0.071362,-0.032476,-0.047659,0.080804,0.100777,0.280786,-0.044736,-0.049349,-0.036969,0.139506,0.018446,-0.220217,0.214903,-0.073178,0.06069,0.129189,-0.427419,-0.056716,-0.0676,-0.14104,0.031807,-0.132404,0.117364,-0.082399,-0.078163,0.085031,-0.115393,0.065407,0.209301,0.044415,0.077179,-0.090156,0.132429,0.095828,0.049576,0.046694,0.002832,-0.265681,-0.205304,-0.057144,0.057072,-0.06574,0.174826,-0.036146,0.048373,0.156351,0.003378,0.195121,0.110749,0.056172,-0.159587,0.125037,0.041677,-0.102287,-0.247172,0.222906,0.14027,0.215693,-0.07015,-0.060528,-0.099645,-0.036354,-0.198228,0.035063,-0.1176,0.140751,-0.032765,0.082638,-0.090951,0.141727,0.13119,0.086678,-0.023848,-0.170305,-0.01514,0.161529,-0.025442,-0.14682,-0.165895,0.074057,0.099346,-0.174156,-0.117853,-0.029481,-0.168013,0.049665,0.036229,0.064886,0.119453,0.330041,-0.121162,0.332448,-0.255526,-0.016364,-0.142086,0.004841,0.139645,-0.001009,0.150377,-0.018955,-0.182978,-0.115778,-0.022629,0.25601,-0.170504,0.206793,0.053473,-0.194557,0.108286,-0.073942,0.324601,0.142448,0.026706,0.288883,-0.10231,-0.026677,0.062306,0.059622,0.30905,0.173727,0.214011,-0.038072,0.012561,-0.002042,0.312975,0.05702,0.066057,-0.095355,-0.094676,0.123543,0.048512,-0.135761,-0.058372,-0.192118,0.274163,-0.004866,0.129283,0.289159,-0.038688,#
19,-0.117542,0.048218,0.185856,0.157164,0.132341,-0.16166,-0.141392,-0.058094,0.212577,-0.017848,-0.059378,-0.193295,-0.003209,0.051545,-0.194373,-0.347442,-0.040969,0.09122,0.035621,1.0,-0.07559,0.001259,0.060843,0.170527,-0.178389,0.140075,-0.054948,0.204155,-0.127157,0.008522,0.1461,0.053839,0.156604,0.164076,-0.021278,-0.109875,-0.05631,-0.12805,-0.200401,-0.100092,-0.044137,-0.020035,0.011229,0.094295,0.029946,-0.14605,-0.04373,0.077286,-0.184096,0.06598,-0.03688,0.105163,0.115424,0.126527,-0.208191,0.021054,0.167457,-0.056489,0.014872,-0.145246,0.084449,-0.065976,-0.03344,0.070208,0.024912,0.089971,0.384187,-0.206632,-0.063657,0.241731,0.039065,0.067208,0.007913,0.155911,-0.207656,0.062871,0.140237,0.118647,0.171116,-0.05291,0.197059,-0.047342,0.012763,0.271425,0.000325,0.091377,0.018606,-0.220754,0.182238,-0.102862,-0.169511,0.133677,0.038848,0.07183,-0.302616,-0.048416,0.139724,-0.105843,-0.078189,0.123794,-0.256284,0.029696,-0.09511,0.181561,-0.100498,0.179151,0.060453,-0.066875,0.122728,0.108712,0.469939,-0.070987,0.251202,0.1403,0.087251,0.099883,0.254716,-0.066447,0.310162,-0.09004,0.127967,0.079344,0.051121,-0.190191,-0.054047,0.025241,-0.004683,-0.057831,0.152714,-0.074507,-0.011167,0.200053,-0.02815,0.089317,0.136552,-0.078782,-0.125471,0.157618,-0.117159,0.119009,0.184202,-0.015195,-0.024395,0.041161,0.168329,0.196094,0.169595,0.06034,0.06495,0.188132,-0.001158,0.085555,0.061044,0.242371,0.257409,0.159634,-0.142575,0.205526,0.139813,-0.030301,0.008821,0.085482,0.060432,0.202985,0.141008,-0.065926,0.130098,0.132778,0.125351,0.124985,-0.213191,0.111149,-0.093869,0.286118,-0.046171,0.045307,0.056654,-0.06681,-0.17084,-0.014154,0.152095,-0.098893,-0.178207,-0.015632,0.007365,0.225643,-0.130163,0.100761,-0.357507,0.046414,0.211269,-0.265624,-0.126822,-0.120456,-0.239608,-0.161568,-0.028295,0.209302,0.177437,0.055875,#
20,-0.176995,0.108686,-0.377828,-0.127061,0.269896,0.110694,0.194788,-0.022016,-0.147617,-0.027494,0.136917,-0.137265,0.321474,-0.256206,-0.176163,-0.011994,0.121031,0.127084,0.100651,-0.07559,1.0,0.14907,0.376957,0.137972,0.028827,-0.048389,0.100323,0.07362,0.054972,0.329079,-0.009541,-0.083187,0.243809,-0.078341,0.100539,-0.064138,0.021553,-0.274655,0.040916,-0.016684,0.183789,0.053511,0.205338,-0.069516,-0.02385,-0.059807,-0.224643,0.173996,0.137935,-0.309129,0.130977,-0.309363,-0.014211,-0.117343,0.099078,-0.167401,-0.124848,-0.074017,0.173754,0.02563,-0.025211,-0.21413,-0.228553,0.015352,-0.090467,0.255343,-0.061045,0.033084,0.208424,0.167386,-0.17062,-0.084481,0.15456,-0.130608,-0.086885,0.275735,0.024845,-0.139683,-0.231317,-0.23499,-0.394477,-0.171701,-0.176461,0.037085,-0.160664,-0.244685,-0.052497,-0.106141,-0.153896,0.044567,-0.277049,-0.27361,-0.281145,-0.178359,-0.085415,-0.13268,-0.289519,-0.273041,-0.239271,0.00915,0.233815,0.074136,-0.25505,-0.314489,0.119872,-0.162966,-0.038087,-0.186154,-0.226588,-0.069784,0.109955,0.114404,-0.16912,-0.337955,-0.112108,-0.043609,-0.04691,-0.060879,0.03053,-0.137332,-0.064661,-0.201257,-0.238846,-0.300466,-0.248658,0.009459,-0.029374,0.096709,-0.067335,-0.294582,-0.333629,-0.159917,-0.029305,0.032039,-0.245456,-0.102886,-0.317388,-0.390523,-0.029864,-0.207494,-0.412891,0.022823,-0.239864,-0.144021,-0.326388,-0.138788,-0.160396,0.430696,-0.118286,-0.181763,-0.102391,-0.182808,-0.270203,-0.402047,-0.459604,-0.187811,-0.089084,0.225258,-0.13685,-0.166506,0.118835,0.069233,-0.24603,0.019788,-0.214957,0.085009,-0.158994,-0.078398,-0.363161,0.243442,0.200516,0.174702,-0.19041,-0.265498,0.103603,-0.328545,-0.1582,0.097681,0.143577,-0.152275,0.270528,-0.122644,0.068878,0.149728,0.284797,-0.120146,-0.103593,-0.001229,0.066573,0.14702,-0.202456,0.340599,0.224713,0.061647,-0.056901,0.418165,0.255975,-0.015219,-0.129841,0.041056,#
