0,1.0,0.190263,0.009673,-0.232648,0.311107,0.063076,0.116493,-0.033174,0.411732,-0.028938,-0.200412,0.190563,0.127042,0.093944,0.344467,0.002282,0.096208,0.011706,-0.026765,-0.075906,-0.289658,0.000206,-0.158152,-0.123835,0.191349,-0.28347,0.058942,-0.191085,0.270042,0.104418,-0.470942,0.037945,-0.074679,-0.052752,-0.103375,0.076777,0.205382,-0.074209,-0.031123,0.065422,0.006923,-0.22749,-0.25941,0.062514,0.133553,0.031629,0.332993,0.13258,0.087552,0.12939,-0.147229,-0.159907,0.110865,0.010284,0.067331,0.022478,-0.162734,0.138208,-0.202842,0.22276,0.142865,0.234723,0.129537,-0.157252,-0.035575,0.042886,-0.069208,-0.024133,0.212638,-0.092165,0.004901,-0.266853,0.031227,-0.182027,-0.181571,0.09161,-0.137461,-0.324393,-0.180774,-0.066295,0.035719,-0.348437,-0.028873,-0.399715,-0.01189,-0.036238,-0.375281,-0.155142,-0.143151,-0.337732,0.061834,-0.215145,-0.008023,0.079963,-0.074356,-0.081319,-0.21496,-0.183943,-0.01599,-0.275115,0.025235,-0.256085,-0.298357,-0.155203,-0.070572,-0.194911,-0.049459,-0.124179,-0.010252,-0.381945,0.000585,-0.152912,-0.018993,-0.270541,-0.186957,-0.355121,-0.212309,-0.295786,0.060784,-0.442631,-0.040239,-0.155871,-0.194721,-0.125223,-0.071858,-0.088517,-0.139609,0.056084,-0.205668,-0.089721,0.102691,-0.333452,-0.240349,-0.004041,-0.085607,-0.277935,-0.019571,-0.264055,0.1308,-0.202346,-0.123571,-0.319729,0.042697,-0.307721,-0.376408,-0.142198,-0.063273,0.207161,-0.260788,-0.168002,-0.26301,-0.096709,0.306872,-0.223085,0.000207,0.00213,0.179494,0.201082,-0.207845,-0.069938,-0.241138,-0.070579,-0.003876,-0.014863,-0.119793,0.168301,-0.035014,0.101914,-0.162237,-0.35157,-0.021802,0.118078,0.086083,-0.2557,0.122836,-0.062145,0.104448,0.150412,0.244381,-0.378461,0.117184,0.059108,-0.051697,0.164794,0.185075,-0.156165,0.416529,-0.09069,-0.055907,0.326324,-0.324845,0.09664,0.225537,0.21847,-0.067544,0.076481,-0.056072,-0.269362,0.015198,-0.077556,#
1,0.190263,1.0,-0.177355,0.043231,0.268861,0.157034,-0.125988,-0.253054,0.043053,0.058572,-0.103562,-0.035623,0.123735,0.120306,0.144384,-0.122975,-0.208744,0.087514,-0.163716,-0.031119,0.161678,0.281453,0.224872,-0.042601,0.030771,-0.310596,0.205975,0.077906,0.249252,0.26136,-0.382981,-0.021291,0.112989,-0.233865,-0.09189,0.136644,0.300362,-0.426428,0.147953,0.156015,0.264122,0.022928,0.193359,0.067179,-0.097209,0.089395,0.092343,0.368303,-0.0746,-0.095396,-0.150763,-0.360524,0.141978,-0.026387,0.012731,-0.141489,-0.097428,0.311312,-0.059497,0.170146,0.086032,-0.021133,0.07425,0.090953,-0.03722,0.229058,-0.046194,0.364357,0.422716,0.075022,-0.276804,-0.180243,0.212968,-0.119666,-0.167225,0.05073,-0.198327,-0.055138,-0.140094,-0.151299,-0.253838,-0.511213,-0.213982,-0.16445,-0.17519,-0.323661,-0.107078,-0.284963,-0.163785,-0.090758,-0.270866,-0.245237,-0.195063,-0.085874,-0.342318,-0.104285,-0.379517,-0.193016,-0.220306,-0.199413,0.112356,-0.116686,-0.115429,-0.207336,-0.063001,-0.262686,-0.301875,-0.208264,-0.028418,-0.140355,0.131137,0.06768,-0.38417,-0.40383,0.153003,-0.110289,-0.250919,-0.061001,-0.047196,-0.114447,-0.197435,-0.270556,-0.246216,-0.197206,0.009088,-0.091853,-0.080128,0.141842,0.113935,-0.166025,-0.048769,-0.208023,-0.206967,-0.086335,-0.144691,-0.24409,-0.173138,-0.217445,0.302438,-0.363604,-0.284733,-0.063078,0.088139,-0.38405,-0.040154,-0.136608,-0.097145,0.153083,-0.240801,-0.121326,-0.350749,-0.263466,-0.060018,-0.099679,0.002635,0.02179,-0.114055,0.255545,-0.101488,-0.310588,0.021171,-0.041666,-0.196946,-0.012252,-0.30543,0.397889,0.024549,-0.352767,-0.036891,-0.115873,-0.085823,0.081817,-0.320971,-0.018381,0.12903,-0.118694,-0.113819,-0.106059,0.333367,-0.27807,0.309113,-0.095958,-0.22128,0.228337,0.331552,-0.342926,-0.020232,-0.134332,0.025175,0.34725,-0.118339,0.235971,0.279943,0.311718,0.136189,-0.188577,0.10315,-0.338255,-0.128276,0.162965,#
2,0.009673,-0.177355,1.0,0.276449,0.036582,-0.140022,0.052669,0.014171,0.248573,-0.011306,0.0304,0.094599,-0.194859,0.046271,-0.055658,-0.292564,-0.169149,0.228,0.146966,0.283463,-0.299772,-0.176952,-0.029232,0.162593,0.069746,-0.012721,0.035499,-0.139179,0.276101,-0.241611,0.074789,0.272379,-0.363329,0.160441,-0.173625,0.052662,-0.039982,0.113035,-0.00229,-0.357618,-0.193468,0.152342,-0.125565,-0.087628,0.050847,-0.255566,0.169354,0.04383,-0.211749,0.28185,-0.098238,0.154507,-0.09318,0.143116,-0.186914,-0.14511,-0.01405,-0.124899,-0.421648,-0.172045,0.19042,0.086315,0.031178,-0.201161,-0.039797,0.006298,0.150053,-0.11583,-0.203638,0.179754,0.211825,-0.009082,0.066278,0.216856,-0.052949,0.17408,0.002259,-0.051872,0.140108,-0.151155,0.028204,0.147275,-0.126837,0.433233,0.016842,0.15334,-0.13656,-0.047658,-0.048915,-0.131093,0.181378,-0.009682,0.224177,0.257771,-0.02162,0.179167,0.165787,0.030628,0.072289,0.166436,-0.290285,-0.176389,-0.048337,0.220464,-0.091056,0.177101,0.284004,0.253882,0.084128,0.166958,0.238375,-0.003995,0.172909,0.209109,0.098761,0.037352,-0.177214,-0.040075,0.164274,0.178153,-0.000825,0.307326,0.116218,-0.010084,-0.073764,0.246874,0.142679,-0.19304,-0.076488,0.047101,0.375418,0.247151,-0.003474,0.108336,0.200944,0.177512,0.090751,0.316303,-0.026331,0.02045,0.368177,0.105096,-0.084118,-0.178748,0.123381,0.117393,0.149203,-0.055134,-0.206327,0.149726,0.215308,0.370995,0.425142,0.285291,0.255588,0.047407,-0.040338,0.125875,0.270329,0.050537,0.13175,-0.156834,0.390932,0.085242,0.114296,-0.203677,-0.001381,-0.151006,0.2276,-0.041722,0.028045,0.230145,-0.059914,0.137401,-0.098277,0.257439,-0.022281,0.351671,-0.077812,-0.091853,0.029635,0.104595,-0.031433,-0.124445,-0.34799,0.365136,0.027172,0.272421,-0.209516,-0.015366,0.244499,-0.289688,-0.268922,-0.021397,-0.456977,-0.118134,-0.046645,-0.064651,0.263083,-0.10979,#
3,-0.232648,0.043231,0.276449,1.0,-0.142194,-0.126789,-0.132332,-0.024716,-0.311821,0.048782,-0.06849,-0.089898,-0.111724,-0.129652,-0.104668,0.105472,-0.129157,-0.047775,-0.167521,0.126042,-0.054443,0.001201,-0.226023,0.067936,-0.059827,0.085882,-0.199168,-0.019548,0.063755,-0.199642,0.013235,-0.071413,-0.017385,0.250114,-0.054101,-0.262639,-0.066025,0.175161,0.10465,0.060491,-0.085169,0.046177,0.112725,-0.143946,0.000564,0.244507,-0.240825,-0.35966,0.053685,0.162422,-0.050078,0.142063,0.149914,0.149618,-0.150325,0.044711,0.039233,0.065813,-0.160048,-0.138062,-0.010628,-0.052703,0.152657,0.100415,-0.121657,-0.276919,-0.176077,-0.096679,-0.270418,0.05892,-0.029747,0.062315,0.164317,0.289985,-0.123419,0.1673,0.138321,0.436079,0.32575,-0.148648,0.12588,0.153524,0.042663,0.198852,0.103629,0.099478,0.167414,0.063897,0.046508,-0.013624,0.094094,0.101326,0.228114,0.119041,0.000673,-0.061001,0.088108,0.18979,0.097174,0.213617,-0.121341,0.194773,0.275445,0.254641,0.070868,0.031902,0.101605,0.211858,-0.057697,0.008093,-0.186294,-0.022908,-0.065982,0.142088,0.019526,0.35807,0.266231,0.032234,-0.251919,0.353767,0.228985,-0.008801,0.181238,0.319735,0.063728,0.179374,0.008469,-0.198066,0.050824,0.300269,-0.229875,0.009236,0.143488,0.137514,0.153669,0.299721,0.233035,0.162752,-0.202897,0.170735,0.029046,0.2622,0.134896,-0.013795,0.273938,0.222984,-0.004055,-0.241941,0.02483,-0.011923,-0.004415,0.094116,0.103392,0.228339,0.145704,0.281379,-0.259473,-0.185888,0.179454,0.105404,0.206657,0.113956,0.24241,-0.071002,-0.126243,-0.307966,-0.042094,-0.301991,0.268114,0.09463,-0.055383,-0.305009,0.020023,0.176935,-0.178054,0.158188,-0.035073,-0.074665,-0.486364,-0.020709,-0.133733,-0.328159,0.247419,0.018998,-0.261024,-0.025533,-0.169792,-0.137123,0.152638,-0.241741,0.071805,-0.038978,-0.297264,-0.174335,-0.047267,-0.002677,-0.15418,0.005993,-0.127138,0.01214,#
4,0.311107,0.268861,0.036582,-0.142194,1.0,0.065748,0.196855,0.136734,0.285649,0.062906,-0.227576,0.236082,0.183073,0.102764,0.005349,-0.02868,0.102219,0.143511,-0.057086,0.090346,0.155659,-0.049902,0.326389,-0.182852,-0.130307,-0.289555,0.108114,-0.031125,0.231019,0.133056,-0.312879,0.066557,-0.089577,-0.096922,-0.024106,0.20386,0.334086,-0.492935,-0.088262,-0.170085,0.080423,0.044414,0.031251,-0.07789,0.059886,0.007188,0.280074,0.349198,0.265586,-0.050429,-0.04638,-0.515534,0.152092,-0.32431,-0.011764,-0.193198,-0.154854,0.016984,0.131005,0.064759,0.018223,0.160895,-0.19351,-0.123614,-0.040647,0.216353,0.058459,0.128684,0.341563,0.036827,0.040663,-0.43294,-0.003639,-0.428297,-0.21335,0.127915,-0.26415,-0.249569,-0.472463,-0.251051,-0.183303,-0.448128,-0.301421,0.001616,-0.245125,-0.070391,-0.554536,-0.083873,0.059762,-0.155811,-0.303298,-0.270601,-0.162739,-0.348051,-0.319258,-0.371852,-0.520563,-0.401868,-0.218246,-0.263001,-0.028479,-0.349838,-0.365704,-0.207472,-0.245136,-0.356501,-0.116086,-0.169418,-0.119498,-0.289806,0.166828,0.157279,-0.143241,-0.487734,-0.239584,0.111599,-0.292916,-0.459702,0.104107,-0.255486,-0.166337,-0.170499,-0.319878,-0.517612,-0.163345,0.16519,-0.290828,0.169296,-0.101545,-0.393858,-0.000564,-0.009978,-0.252012,0.19179,-0.469247,-0.345706,-0.166451,-0.30227,0.150294,-0.291586,-0.263809,-0.185955,-0.075465,-0.204717,-0.434746,-0.153894,0.144117,0.29495,-0.412816,-0.221383,-0.446939,-0.173315,0.085497,-0.242315,-0.000305,-0.210727,0.230985,0.404069,-0.373695,-0.212098,0.004975,-0.073953,-0.159143,0.090825,-0.122865,0.209263,0.027244,-0.147537,-0.388837,-0.013921,-0.091854,0.323362,-0.300411,-0.309477,0.05737,-0.105807,-0.099304,0.334827,0.31448,-0.442013,0.240187,-0.06154,0.041785,-0.012183,0.262565,-0.252715,0.133096,-0.186528,-0.243429,0.196301,-0.33583,0.245641,0.33583,0.153236,-0.102199,0.161922,0.367736,-0.396067,-0.20523,0.010598,#
5,0.063076,0.157034,-0.140022,-0.126789,0.065748,1.0,0.268526,0.279981,0.130052,-0.039087,0.03298,0.237198,-0.197032,0.239932,-0.094703,-0.081119,-0.035218,-0.047039,-0.04537,-0.197455,0.14516,0.129381,0.185851,-0.371112,0.258128,-0.173678,0.086566,-0.011205,-0.12011,0.222025,-0.079097,0.060706,-0.062474,-0.118399,-0.274788,0.281222,0.041333,-0.074337,0.043448,-0.022944,0.232152,0.001333,0.232904,-0.004515,-0.231367,0.156009,0.004968,0.251883,0.160972,-0.114581,0.03887,-0.053392,0.154554,-0.179459,0.116329,0.147238,-0.163675,0.190236,-0.066667,0.143339,-0.020218,0.023296,-0.004145,0.198493,-0.138793,0.005068,0.020769,0.285404,0.176438,-0.073972,-0.098473,-0.245123,0.109567,-0.253633,-0.150513,0.105992,-0.051625,-0.05945,-0.044507,-0.083121,-0.159402,-0.331526,0.084773,-0.163143,-0.190984,0.17853,-0.136174,-0.062528,-0.020014,-0.132771,-0.055827,-0.057603,0.025928,-0.266865,-0.120307,-0.204722,-0.13711,-0.069289,0.068223,-0.270102,0.146982,-0.184111,0.185798,-0.306943,-0.067797,-0.274231,0.025027,-0.498367,0.01123,-0.210715,-0.10244,0.026727,-0.144928,-0.264919,0.126639,-0.202562,-0.143598,-0.239213,0.096233,-0.109154,-0.043453,-0.137882,-0.127206,-0.258241,0.093506,-0.107852,0.109757,0.230301,-0.069537,-0.102687,-0.105476,0.053207,-0.078254,-0.104258,0.039698,0.057672,0.101775,-0.131754,-0.032561,-0.220729,-0.184892,-0.211397,-0.150233,-0.125661,0.016118,-0.131174,-0.082543,0.173915,-0.061952,-0.190142,-0.172994,-0.025218,-0.047784,0.008111,-0.021506,-0.115505,0.184822,0.079306,-0.042169,0.089918,-0.011584,0.194269,-0.132922,0.065954,0.097723,0.344122,0.016635,0.003059,-0.029557,-0.078904,0.089506,0.135732,-0.013915,-0.054185,0.232676,-0.180189,-0.018368,0.158724,0.165892,-0.175188,0.073043,-0.038248,-0.094197,0.241858,0.292122,-0.282083,0.070412,-0.00137,-0.08331,0.258278,-0.042189,0.066874,0.219316,0.197824,0.269722,0.251095,0.194987,-0.197243,-0.168927,0.185736,#
6,0.116493,-0.125988,0.052669,-0.132332,0.196855,0.268526,1.0,0.33787,0.205045,0.021966,0.195553,0.088843,-0.027532,0.035084,0.035668,0.190886,0.040027,0.048144,0.157613,-0.024618,0.094357,0.140146,0.026771,-0.167922,-0.019393,-0.080567,-0.002083,-0.069871,0.172859,0.02896,-0.257733,0.140617,0.213914,-0.232836,0.013161,0.070905,0.078014,0.015224,-0.145742,-0.198401,-0.070489,-0.001519,0.023123,-0.099005,-0.05051,-0.071811,0.063235,0.128299,0.184455,0.098818,0.075492,-0.119217,-0.026911,-0.027477,-0.167851,-0.145692,0.129244,-0.077931,-0.139604,0.117119,0.001811,0.05047,-0.133529,0.148083,-0.165918,-0.176423,0.131074,0.028632,0.200335,0.016481,0.006113,-0.288902,0.059475,-0.147175,-0.142952,0.132242,0.042288,-0.22984,-0.413513,-0.155584,-0.141741,-0.116821,0.010623,-0.20302,-0.152974,0.153509,-0.241984,-0.11397,-0.078389,-0.098081,-0.072756,-0.096107,0.074142,-0.249691,-0.200182,0.01757,-0.285028,-0.323584,-0.317375,-0.094059,0.099958,-0.303346,-0.08499,-0.213674,0.023194,-0.090296,0.06403,-0.210547,-0.192345,-0.146342,-0.125306,-0.004305,-0.005419,-0.043993,-0.106288,-0.11755,-0.27289,-0.237869,-0.000936,-0.093554,-0.044389,-0.006486,-0.098401,-0.28363,-0.292249,0.164401,-0.173649,0.266247,-0.123316,-0.277329,-0.050197,-0.129906,-0.12608,0.136021,-0.044818,-0.040845,0.063752,-0.350417,-0.031998,-0.090996,0.02316,-0.203852,-0.065112,-0.131669,-0.209978,-0.128114,-0.165618,0.189118,-0.092589,-0.104883,-0.183786,-0.066368,-0.038534,-0.059037,0.126392,-0.203586,0.015562,0.314403,-0.154101,-0.190003,0.014563,-0.166305,-0.104925,0.09963,-0.054441,0.287059,-0.091154,0.10848,-0.007457,-0.080499,0.042612,0.143932,-0.087647,-0.192823,0.068736,-0.058278,-0.093351,0.317938,0.147808,-0.277277,0.139714,0.002639,0.213509,0.372045,-0.019152,-0.04557,0.100663,-0.082902,0.012774,0.04292,-0.140858,0.218942,0.24871,0.118697,0.136731,0.286217,0.220293,-0.156012,-0.013466,-0.059092,#
7,-0.033174,-0.253054,0.014171,-0.024716,0.136734,0.279981,0.33787,1.0,-0.064261,-0.138853,-0.056098,-0.139348,0.033555,0.210104,0.16453,-0.013029,-0.128932,-0.29133,0.078605,-0.182995,-0.035608,0.128985,0.003028,-0.24746,-0.05451,0.091075,0.109372,-0.062704,-0.067961,-0.038168,0.031947,0.07023,0.064055,-0.140021,0.009861,0.106922,0.110645,0.167026,-0.136266,-0.339656,0.080209,0.302551,0.213475,0.033831,-0.102143,0.097197,0.162067,-0.084252,0.06332,-0.165342,-0.277203,0.018341,-0.002821,-0.408839,-0.045316,0.079664,-0.085656,0.005884,-0.063909,0.104856,-0.193308,0.121192,-0.409285,0.156663,0.175371,0.176063,0.113071,0.182399,-0.067733,-0.229793,-0.074525,-0.274412,0.086807,-0.157581,-0.127368,0.046476,0.074988,-0.173422,-0.300985,-0.101121,-0.055315,-0.28934,0.142395,-0.185461,-0.097297,0.195395,-0.093585,-0.029385,-0.067162,-0.056637,0.040589,-0.157141,0.049731,-0.207288,0.041391,0.129604,-0.209839,0.000284,-0.042994,-0.139175,0.055937,-0.252952,0.171267,-0.218634,-0.101174,-0.229715,0.173709,-0.307674,-0.002756,-0.171004,-0.134308,0.257457,0.060842,0.13133,-0.125655,0.054422,-0.156761,-0.096881,-0.142174,0.096845,-0.072373,-0.086523,-0.125005,-0.14254,-0.023308,0.035095,-0.14351,0.000903,0.110395,-0.043645,0.059271,0.008216,-0.108058,-0.130814,-0.064644,0.046874,0.186787,-0.055237,-0.133747,-0.091318,-0.072399,-0.268161,-0.206656,0.162083,-0.065785,-0.243711,-0.241168,-0.0046,-0.008901,-0.091042,0.043148,0.132063,0.090569,0.090399,0.04325,-0.195572,0.298106,0.00545,-0.339387,0.053208,-0.079502,-0.108779,0.041977,0.034715,-0.085025,0.129506,-0.229502,0.032735,-0.218361,-0.088793,-0.094983,0.209582,-0.022148,0.070999,0.106779,0.011774,-0.136157,0.179669,-0.150801,-0.027271,-0.063619,0.044657,0.138468,0.061928,0.011181,-0.077673,0.076254,0.195058,0.02269,-0.083111,-0.18348,0.177081,0.113254,0.110023,0.024826,0.223398,0.07049,-0.098617,-0.095763,-0.077684,#
8,0.411732,0.043053,0.248573,-0.311821,0.285649,0.130052,0.205045,-0.064261,1.0,-0.036262,0.050637,0.3256,0.062347,0.254549,0.03229,-0.110185,0.136872,0.304663,0.271942,0.205786,-0.317315,-0.236045,0.250771,-0.179298,0.031382,-0.252595,0.095943,0.053009,0.147725,-0.026131,-0.186914,0.197992,-0.167634,-0.035543,-0.177896,0.180561,0.388901,-0.18448,-0.047953,-0.186794,-0.031765,0.060273,-0.223898,0.001325,0.174433,-0.190271,0.38453,0.367823,0.00861,0.188572,0.143789,-0.116765,0.014588,0.149267,-0.27363,0.22496,-0.125493,0.0914,-0.181456,0.22217,-0.256668,0.080759,-0.06576,-0.03265,-0.069274,0.237584,0.349828,0.172517,0.255392,0.199027,0.239166,-0.171083,-0.129645,-0.132035,-0.184554,0.065281,0.001114,-0.299517,-0.108075,0.012879,-0.038851,-0.196269,-0.040229,0.124301,0.002015,0.143095,-0.3169,-0.242432,-0.06627,-0.214053,0.014138,-0.035963,-0.077334,0.106782,-0.259604,0.045014,-0.097273,-0.201682,-0.106405,-0.158075,-0.141534,-0.305681,-0.242241,-0.040744,-0.060512,0.015958,0.006811,-0.01722,0.019648,-0.094805,0.19608,-0.166452,0.240342,0.020024,0.058591,-0.382466,-0.126476,-0.230933,0.297734,-0.28636,-0.002286,0.006029,-0.219591,-0.543192,-0.113262,0.003051,-0.125228,0.197333,-0.150801,-0.155731,0.331867,0.216648,-0.171005,0.008626,0.048039,-0.154352,0.118009,0.063764,0.22848,-0.057091,0.290746,-0.081548,-0.186873,-0.18863,-0.148972,-0.226478,0.078776,0.334668,-0.125535,-0.016181,-0.029264,-0.050976,0.235376,-0.06936,0.064421,-0.157599,0.119584,0.35576,0.026892,0.065237,-0.004953,-0.10276,-0.07766,0.331286,0.215224,0.062324,-0.067645,-0.015969,-0.027368,-0.024504,-0.03733,0.275934,0.118742,-0.098408,-0.125018,-0.09395,0.057528,0.110539,0.128704,-0.313016,0.271901,0.120941,-0.251737,-0.080857,-0.006824,0.190789,0.150971,0.14921,-0.465642,0.172879,0.106067,-0.149468,0.009119,0.12924,-0.115158,0.080604,0.084725,-0.165646,0.124063,0.113987,#
9,-0.028938,0.058572,-0.011306,0.048782,0.062906,-0.039087,0.021966,-0.138853,-0.036262,1.0,-0.184088,0.144452,0.205172,0.337433,-0.406011,0.067212,-0.305609,0.246948,-0.157752,0.166099,0.049816,-0.093021,0.014337,-0.124519,0.161224,0.045369,0.103745,-0.433389,-0.078327,0.221475,0.004073,-0.169055,0.014403,0.218366,0.123004,0.271082,-0.102166,-0.260371,-0.167206,-0.006539,-0.056691,0.098147,0.118845,0.111356,0.14146,-0.120216,-0.12284,0.114435,-0.104746,0.155485,-0.014894,-0.224261,0.04939,-0.037421,-0.081244,-0.102633,0.034038,-0.0116,0.307849,0.02064,-0.037672,0.175391,0.181677,-0.182928,-0.274156,0.013492,0.134709,0.00607,-0.006628,-0.065649,-0.05139,-0.280533,-0.085484,0.007637,0.151988,-0.204085,0.076607,-0.033103,0.136461,0.200075,-0.003746,0.021295,-0.022713,-0.171336,0.271489,-0.23196,0.049198,0.001223,-0.084471,0.255825,-0.287973,0.021935,0.022957,0.164839,-0.103394,0.059696,-0.095245,0.074395,-0.05791,0.157505,-0.223834,0.136555,0.23427,0.202298,-0.03038,0.036871,-0.012628,-0.012114,-0.039907,0.020783,0.033948,0.200467,0.026919,0.002108,0.00539,-0.002642,-0.112086,-0.029425,0.28483,-0.159323,0.172044,0.345221,-0.025397,-0.066753,-0.220588,0.203397,-0.135127,-0.03555,0.053004,0.313854,-0.097571,0.313537,-0.067625,0.544131,-0.110374,0.158853,-0.101931,-0.030461,0.158613,-0.10802,0.166575,-0.134316,0.253507,0.167495,0.215801,0.126842,0.266982,0.007616,-0.125344,0.293044,-0.303031,-0.125577,-0.070382,0.164474,0.338007,0.232086,0.001788,0.257666,0.058589,0.110836,0.094933,0.148317,-0.232628,0.37459,0.002553,-0.096867,0.069116,0.071125,0.090866,0.196197,0.070633,-0.156364,0.136426,-0.144734,0.104242,0.190796,-0.148934,-0.006406,0.183278,-0.068515,0.071293,-0.189478,-0.234099,0.035603,-0.225721,-0.069552,0.130456,-0.075904,-0.244363,0.125259,-0.042105,-0.266632,-0.082911,-0.065015,0.098281,-0.140639,-0.12779,0.012447,0.262034,-0.049568,#
10,-0.200412,-0.103562,0.0304,-0.06849,-0.227576,0.03298,0.195553,-0.056098,0.050637,-0.184088,1.0,0.074008,-0.318351,-0.290977,0.009707,0.109318,0.338035,-0.15445,0.186883,0.021827,0.046749,0.251708,-0.060266,0.268677,-0.084885,0.208353,-0.296883,0.203012,0.142285,-0.03412,-0.051385,0.015736,-0.281209,-0.220589,0.325734,-0.068791,-0.015219,0.089037,0.078553,0.251126,-0.215676,-0.060451,-0.08668,-0.258332,-0.043619,0.214808,-0.255024,-0.391337,0.136834,-0.029865,0.149085,0.100878,-0.139984,0.19961,-0.08325,0.039058,-0.111832,-0.135688,-0.043089,-0.138517,0.083989,-0.16748,0.234978,0.18706,0.220048,-0.141338,-0.041309,-0.195385,-0.120251,-0.067397,-0.145009,0.272995,0.150876,-0.020275,0.031751,0.194245,-0.08564,0.104954,0.017549,-0.086446,-0.023551,0.123475,-0.273587,0.219661,-0.042491,0.013406,0.084253,0.009485,-0.202381,-0.069079,0.167043,-0.140567,0.027026,-0.121877,-0.087908,0.06357,-0.10814,-0.06645,-0.281865,-0.021548,0.075683,-0.007181,-0.316544,0.004645,0.270544,0.063328,-0.072032,0.179803,-0.228846,0.51201,-0.194131,-0.238482,-0.137413,0.15323,-0.014724,0.021908,-0.051698,0.050509,-0.064274,0.257804,-0.175215,-0.056706,-0.110687,0.061869,0.05992,-0.13213,0.039125,-0.027787,0.0181,-0.03564,0.177646,-0.19144,0.117631,-0.178298,0.294977,0.16987,0.051709,-0.149402,-0.197778,-0.00656,0.070882,0.194039,-0.093596,-0.044467,0.008092,0.181273,0.0353,-0.192075,0.149742,-0.216408,0.157263,0.101583,-0.265312,-0.111917,-0.224491,-0.328025,-0.272402,-0.053715,0.162713,-0.034344,0.176871,-0.041404,-0.147674,-0.136239,-0.039763,-0.047763,-0.221332,0.043882,0.121032,-0.03196,0.133647,-0.203758,-0.129129,-0.033522,0.009492,-0.396972,-0.349169,0.159853,-0.139787,0.108064,-0.010608,0.06792,0.061999,0.249839,0.008991,0.13212,-0.283888,-0.002793,0.424829,-0.079862,-0.058624,0.316361,-0.0184,-0.120501,0.062846,0.114164,0.293332,-0.06489,-0.106554,0.05543,#
11,0.190563,-0.035623,0.094599,-0.089898,0.236082,0.237198,0.088843,-0.139348,0.3256,0.144452,0.074008,1.0,-0.130617,0.029105,-0.089171,0.035437,0.146172,-0.022669,-0.109344,-0.104312,-0.171383,-0.04681,-0.023429,0.084951,0.234842,-0.131186,-0.115018,-0.229753,0.235744,0.111555,-0.223776,0.13804,-0.370455,0.057933,-0.250225,0.350363,-0.071393,-0.185778,0.153871,0.096946,0.123263,-0.082815,-0.113163,-0.078869,-0.076957,0.106861,-0.036891,0.081366,0.258196,0.07926,0.21283,-0.128001,-0.178341,-0.067706,0.044795,-0.043936,-0.332347,-0.052821,-0.160799,-0.162277,-0.163487,0.115996,0.192588,0.017139,0.007119,-0.185439,0.039251,-0.108616,0.247265,0.013567,0.060104,-0.210885,-0.038447,-0.245908,-0.159558,0.173511,-0.208507,0.068257,-0.049618,-0.256048,-0.095117,-0.066368,0.03491,0.074774,0.020411,0.016725,-0.246212,-0.309323,-0.039805,-0.129739,-0.080962,0.067089,0.004121,-0.138692,-0.254947,-0.071176,-0.234904,-0.254682,-0.100802,-0.158353,-0.036233,-0.03157,-0.05733,-0.113018,-0.0653,0.031079,-0.052422,-0.189181,-0.199595,-0.135921,-0.230743,-0.059059,-0.149134,-0.143649,-0.133117,0.025623,-0.033226,-0.241404,0.049107,-0.112095,0.004028,-0.003557,-0.19472,-0.212205,0.163951,0.017702,-0.116554,-0.159117,-0.09654,-0.236537,-0.067277,-0.064031,-0.022767,0.196276,-0.124225,-0.019109,-0.015566,-0.144934,0.19849,-0.158795,0.144919,0.019409,-0.098057,-0.159855,-0.130925,-0.124155,0.101971,0.004479,-0.112056,-0.361024,-0.223616,0.004668,0.018292,-0.125667,-0.033664,-0.251316,0.207622,-0.019441,0.115814,0.037796,0.225805,0.062507,-0.157834,-0.063249,-0.130106,-0.043106,0.14068,0.033274,0.204728,0.050827,0.001542,-0.037765,-0.009801,-0.373063,0.069222,-0.235394,-0.181367,0.002151,0.175623,-0.122901,0.088204,0.063172,0.039538,0.050515,0.185289,-0.155054,0.069892,-0.057423,-0.187935,0.209346,-0.063833,0.179005,0.053377,-0.09576,0.050903,0.019925,0.269235,-0.178761,0.035786,0.160873,#
12,0.127042,0.123735,-0.194859,-0.111724,0.183073,-0.197032,-0.027532,0.033555,0.062347,0.205172,-0.318351,-0.130617,1.0,0.283379,0.148012,0.165958,-0.145945,0.267582,0.042222,-0.006763,0.069838,0.167227,0.100278,-0.059418,-0.192259,-0.047888,0.265577,-0.015321,0.015133,-0.051753,-0.117388,0.211603,0.254164,0.049633,-0.116142,-0.014386,0.251333,-0.157005,-0.185612,-0.063413,-0.006924,0.182559,0.138849,0.277553,0.250001,-0.142832,0.163886,0.144986,-0.122306,-0.031634,-0.089602,-0.222291,0.155736,-0.146018,-0.054194,-0.219883,-0.190745,0.336572,0.20279,0.024233,-0.243851,-0.127838,-0.30278,-0.075549,0.096801,0.28814,0.04758,0.084512,0.235029,-0.157796,-0.137019,-0.301138,-0.142045,-0.017901,0.048436,0.062211,-0.030315,-0.203951,-0.195912,-0.169286,-0.087493,-0.311031,0.004249,-0.227313,0.070614,-0.386326,0.072704,-0.095964,-0.34092,0.015595,-0.097665,-0.332251,-0.120057,0.004368,-0.10579,-0.002785,-0.135109,-0.052115,-0.136716,-0.273442,0.122123,-0.066952,-0.123325,-0.224713,-0.066663,-0.00441,-0.205546,-0.136954,-0.093871,-0.192353,0.209323,0.025162,0.045156,-0.106584,-0.117623,-0.127247,-0.157204,-0.052975,-0.003899,-0.303509,-0.016253,-0.100809,-0.176167,-0.182602,-0.295469,0.054309,-0.319454,0.160404,-0.26232,-0.162928,-0.171876,0.016104,-0.045924,0.009979,-0.17904,-0.167856,-0.047384,0.036368,0.166188,-0.265657,-0.195465,-0.056659,-0.202837,0.115944,-0.239446,-0.033555,-0.105227,0.300486,-0.502983,0.124495,-0.007667,-0.087319,0.024618,-0.104904,-0.222984,-0.091773,0.221786,0.258743,-0.412828,-0.223261,-0.114075,-0.087811,-0.203882,0.06821,0.092985,0.171586,-0.177353,0.016569,-0.247524,0.059633,-0.013299,0.17744,-0.099978,-0.156013,0.06787,0.110763,-0.092619,0.047264,0.263651,-0.311008,0.244311,0.05446,-0.121882,0.152346,0.032666,-0.11223,0.12403,0.000687,-0.194236,0.241893,-0.179767,0.06637,0.218956,0.212399,0.097978,0.000605,-0.045549,-0.012282,0.105278,-0.011452,#
13,0.093944,0.120306,0.046271,-0.129652,0.102764,0.239932,0.035084,0.210104,0.254549,0.337433,-0.290977,0.029105,0.283379,1.0,0.074767,-0.097977,-0.229557,0.207448,0.014625,0.062575,-0.113194,-0.075889,0.086484,-0.344105,0.057484,-0.008572,0.269107,-0.181841,-0.030789,0.018878,-0.040502,0.202236,0.024393,-0.150165,-0.254192,0.321357,0.181728,-0.178069,-0.276226,-0.297892,0.012328,0.263429,0.104113,0.206671,0.148205,-0.301579,0.364292,0.254123,-0.072307,0.028888,-0.162576,-0.032643,0.031416,-0.110968,-0.423297,0.033758,0.234363,0.105073,0.171017,0.228576,-0.222037,0.241446,-0.181789,-0.073472,0.007565,0.286295,0.264127,0.293253,0.181602,0.009676,-0.04605,-0.221691,-0.095169,0.043563,-0.03825,0.016892,0.012557,-0.250669,-0.156626,0.142596,0.109594,-0.346358,0.016137,-0.103317,0.087602,-0.026729,-0.097597,-0.294686,-0.229541,-0.023049,-0.250644,-0.01089,-0.015455,0.137875,-0.177619,0.006769,-0.030221,-0.000507,-0.005895,-0.138367,-0.093441,-0.15377,-0.018809,-0.106856,-0.160807,-0.16884,0.068304,-0.361331,0.154439,-0.319323,0.196682,0.19122,0.007941,0.135567,0.02757,-0.180249,-0.340064,-0.146722,0.348477,-0.406404,-0.06095,-0.008344,-0.005212,-0.265689,0.013858,-0.074726,-0.343902,-0.039268,-0.07085,-0.11121,-0.069055,0.367953,-0.363643,0.023065,-0.057759,-0.143865,0.073606,0.243693,0.225718,-0.086471,0.036561,-0.370012,-0.164429,-0.085332,-0.064647,-0.083589,0.083747,0.338861,-0.27559,0.336599,-0.160303,0.14432,-0.105318,0.148882,0.202442,-0.12461,0.358973,0.414422,-0.2252,0.081161,-0.222942,-0.020709,0.057732,0.412585,0.117317,0.242724,0.016312,0.137336,-0.110245,-0.000847,-0.004319,0.224718,-0.110317,0.049079,0.029137,0.042009,0.057217,0.014088,0.189554,-0.203758,0.181389,0.163878,-0.384094,-0.141226,0.197471,-0.080341,0.194912,0.106625,-0.355134,0.173988,0.0219,-0.240224,0.272717,0.214915,0.016772,-0.143755,-0.194214,-0.188123,0.279518,0.130305,#
14,0.344467,0.144384,-0.055658,-0.104668,0.005349,-0.094703,0.035668,0.16453,0.03229,-0.406011,0.009707,-0.089171,0.148012,0.074767,1.0,0.204625,0.215585,-0.277788,-0.112629,-0.245307,-0.337111,0.106826,0.030256,-0.075349,-0.255555,-0.141023,-0.081279,-0.121336,0.168096,-0.12032,-0.432243,0.361601,-0.02367,-0.128756,-0.007048,-0.186618,0.067202,0.174794,0.036811,-0.084561,-0.05931,-0.070157,-0.167117,-0.007189,0.140897,0.199043,0.534144,-0.182883,0.048246,0.046795,-0.243793,0.183523,-0.104477,-0.173206,-0.007489,0.196968,-0.043001,0.103326,-0.357589,0.035586,0.144912,-0.010108,-0.015007,0.106466,0.237829,0.152629,-0.191478,-0.070399,0.108912,-0.261702,0.123059,-0.040894,-0.216371,-0.097673,-0.139039,0.089856,-0.183048,0.08987,-0.280659,-0.114002,-0.052262,-0.239697,-0.005429,-0.038542,-0.213647,0.049448,-0.146828,-0.254847,-0.236665,-0.326528,0.067413,-0.254082,0.126743,-0.081394,-0.086055,0.010709,-0.09677,-0.172499,-0.269002,-0.165174,0.091336,-0.150291,-0.174173,-0.215948,-0.171051,-0.054367,-0.173486,-0.09563,0.158104,-0.119453,-0.170678,-0.132546,-0.18766,0.050485,-0.287206,-0.120964,-0.262323,0.069214,-0.196872,-0.146916,-0.254602,-0.234067,-0.106491,0.079761,0.189617,-0.13034,-0.160949,0.076847,-0.075677,-0.344746,0.062388,-0.445026,-0.338336,-0.498298,-0.052909,-0.203811,0.035215,-0.212715,0.031015,-0.138246,-0.186715,-0.330811,-0.150173,-0.123682,-0.345497,-0.004166,-0.153381,-0.034274,-0.204961,-0.196114,0.049935,0.097742,-0.060226,-0.19105,-0.223085,-0.255354,0.155513,0.059442,-0.391169,-0.181318,-0.506058,-0.191433,0.015031,-0.392313,-0.106475,0.214226,-0.073245,0.106396,-0.119089,-0.384775,-0.032828,0.222915,-0.304017,-0.036006,0.091869,0.012248,0.110593,-0.057814,-0.043283,-0.115106,-0.036806,0.389862,0.143481,0.120145,0.231579,-0.197635,0.202954,0.152127,0.299457,-0.023063,-0.257339,0.312723,0.279845,0.341974,-0.005524,-0.161603,0.115332,-0.131167,-0.141,0.112893,#
15,0.002282,-0.122975,-0.292564,0.105472,-0.02868,-0.081119,0.190886,-0.013029,-0.110185,0.067212,0.109318,0.035437,0.165958,-0.097977,0.204625,1.0,0.141361,-0.29014,-0.044988,-0.252087,-0.132963,0.055392,-0.064063,-0.251649,-0.175251,-0.097013,-0.256131,-0.043114,-0.05814,-0.10479,-0.186032,0.041943,0.1243,-0.078317,-0.046551,-0.105489,-0.076371,0.03411,0.015261,0.323325,-0.236659,-0.179499,0.073933,-0.042505,0.04988,0.236575,0.035548,-0.277795,0.227044,0.020542,0.208663,-0.043699,0.138202,-0.11396,-0.059,0.202919,0.096532,0.004368,0.051115,0.033641,-0.114729,0.110192,0.164754,0.262464,-0.172673,-0.167456,-0.260112,0.003254,-0.096094,-0.38969,0.118738,-0.016113,-0.185601,-0.166348,0.035921,-0.113809,-0.017433,0.147291,-0.096133,-0.100629,0.087158,0.02789,0.056689,-0.168297,0.125559,-0.046077,0.110506,0.108995,-0.006742,0.05623,0.133392,-0.007421,0.293029,-0.293884,-0.158875,-0.088928,-0.225658,0.015692,-0.210535,-0.038671,0.091534,0.1426,-0.025708,0.036483,0.01104,0.057137,-0.290693,0.093505,-0.07777,-0.015964,-0.457992,-0.283365,-0.011864,0.050775,-0.219396,-0.050654,0.07663,-0.068917,-0.216001,0.001973,-0.003116,-0.130838,0.076871,0.140713,0.039152,0.009369,-0.083493,-0.000142,-0.08538,-0.121877,-0.203847,-0.251984,-0.010838,0.054026,-0.051873,-0.029371,0.172302,-0.225974,-0.068861,0.017359,-0.110743,-0.087706,0.10987,0.067154,-0.262441,0.318993,-0.286961,-0.226633,-0.168487,-0.264913,-0.07717,-0.019929,-0.349719,-0.096585,-0.269281,-0.047265,-0.117451,-0.09175,-0.214283,-0.04917,-0.175508,-0.252468,-0.233214,-0.319959,-0.120673,-0.075189,-0.218111,0.245598,0.042682,-0.1472,-0.117854,-0.129002,0.116031,-0.055398,0.082708,-0.130215,-0.143554,-0.022438,-0.22403,-0.05939,-0.16457,-0.112856,0.433308,0.249982,-0.012623,-0.137287,0.058876,-0.229745,0.427233,-0.198803,-0.223312,0.357938,0.321361,-0.051145,0.159481,0.022285,0.173323,-0.037628,-0.142541,0.035426,#
16,0.096208,-0.208744,-0.169149,-0.129157,0.102219,-0.035218,0.040027,-0.128932,0.136872,-0.305609,0.338035,0.146172,-0.145945,-0.229557,0.215585,0.141361,1.0,-0.128553,-0.011814,-0.097862,-0.061941,-0.072264,0.056614,0.051421,0.023029,0.035227,-0.326364,0.020681,0.050962,-0.045605,-0.148589,0.011176,-0.085088,-0.227379,0.12881,-0.130954,-0.138367,-0.064071,0.141353,0.149793,-0.164119,-0.297823,-0.301757,-0.362326,0.188057,0.354629,0.090685,-0.26961,0.031855,0.18877,0.134961,-0.024634,0.010673,0.030065,0.174392,0.267555,-0.010526,-0.00263,0.022593,-0.084317,0.176969,-0.124181,0.059653,0.274708,0.009707,-0.159857,-0.202037,-0.270944,-0.00894,0.025024,0.252766,0.043053,-0.228302,-0.257804,-0.250327,0.155631,-0.17524,0.080735,-0.187945,-0.07566,0.027806,0.025707,-0.033008,0.133401,-0.158661,0.142699,-0.070542,-0.005853,0.114742,-0.16551,0.200269,0.032315,0.030508,-0.178956,-0.163402,-0.376877,-0.001491,-0.254536,-0.037757,-0.17285,0.215796,0.105227,-0.453217,-0.19978,-0.042547,0.053473,-0.003315,-0.075445,-0.111703,0.234707,-0.319917,-0.139855,0.067406,-0.122528,-0.245012,-0.002607,-0.05637,-0.134222,0.147938,0.014459,-0.072879,-0.080191,-0.197186,-0.086823,0.099928,-0.25029,-0.140497,-0.011938,-0.156011,-0.252002,0.102785,-0.272127,0.170136,-0.120542,-0.092811,-0.134171,-0.173036,-0.371388,-0.247389,-0.063172,-0.283497,-0.004243,-0.08952,0.142805,-0.283986,0.013515,0.115298,-0.03296,0.130857,-0.297581,0.167949,0.043275,-0.262041,-0.187462,-0.231739,-0.248617,0.007672,0.127085,-0.228237,-0.089744,-0.115401,-0.030893,0.020492,-0.255572,-0.007987,-0.052147,-0.0433,0.129849,-0.106478,-0.000521,0.371074,-0.046502,-0.085638,0.040397,-0.012685,-0.282417,-0.132695,0.105103,-0.170044,-0.127602,-0.018519,-0.080965,0.326201,0.147214,0.16348,-0.02603,-0.018022,-0.207459,0.157141,-0.162149,-0.173032,0.324261,0.104944,0.026057,0.072005,0.082094,0.305246,-0.001811,-0.2693,0.176778,#
17,0.011706,0.087514,0.228,-0.047775,0.143511,-0.047039,0.048144,-0.29133,0.304663,0.246948,-0.15445,-0.022669,0.267582,0.207448,-0.277788,-0.29014,-0.128553,1.0,0.225386,0.101054,0.210289,-0.131052,0.217471,-0.037445,0.108091,-0.128355,0.131293,-0.119576,0.004657,0.0891,0.256563,-0.002941,0.118199,0.072773,-0.132068,0.139171,0.108898,-0.250852,-0.027444,-0.190688,0.004797,0.136673,-0.056914,0.031454,0.179307,-0.296457,0.034553,0.47808,-0.088027,-0.078903,0.12259,-0.172565,0.019768,0.160537,-0.128302,-0.164953,0.067344,0.065852,0.080746,-0.01455,0.042488,-0.073894,-0.137037,-0.296607,-0.113118,0.172341,0.097404,0.00804,0.147071,0.287653,-0.037463,-0.174645,-0.23253,0.104761,0.084743,0.134931,-0.022282,-0.345367,0.002372,0.047217,-0.183844,0.021458,-0.116983,0.087873,0.295562,-0.049394,-0.129481,0.092285,-0.150205,0.130095,-0.166178,-0.098005,-0.303105,0.180556,-0.021488,-0.090714,0.05939,-0.021679,0.021617,0.049528,-0.1216,-0.202263,-0.154575,0.029056,-0.126995,0.08729,0.022944,0.081908,-0.029755,-0.079967,0.342485,0.125789,0.199768,-0.13766,0.056833,-0.167164,-0.042742,-0.036626,0.39329,-0.134857,-0.036499,0.177911,-0.050455,-0.219373,-0.201737,0.320376,-0.034802,0.135288,-0.154474,0.011764,0.135612,0.22087,-0.065659,0.249218,-0.024407,-0.015952,0.009265,0.180884,0.289176,-0.131591,-0.01496,0.185364,-0.06078,-0.191784,0.118314,-0.193372,0.206905,0.348526,-0.207867,0.279557,-0.040398,-0.05603,0.128742,-0.183227,0.170566,0.022916,0.006743,0.46139,0.034238,0.208928,0.237781,0.105281,0.000693,0.447975,0.138756,-0.014342,0.027599,-0.070123,-0.067456,0.25878,0.070183,0.046674,-0.045345,-0.091789,-0.148784,0.267862,0.057002,0.250107,0.303846,-0.24921,0.337924,-0.064752,-0.455508,-0.035366,-0.041283,0.083342,0.123094,0.082801,-0.412522,0.250482,0.214941,-0.303552,0.040851,-0.095645,-0.161545,0.091578,-0.013967,-0.056895,0.316482,-0.259383,#
18,-0.026765,-0.163716,0.146966,-0.167521,-0.057086,-0.04537,0.157613,0.078605,0.271942,-0.157752,0.186883,-0.109344,0.042222,0.014625,-0.112629,-0.044988,-0.011814,0.225386,1.0,0.039704,-0.039004,0.262778,0.07935,-0.135768,-0.242208,0.032415,0.005876,0.426546,-0.036331,-0.079075,0.115344,0.108437,0.079576,-0.088402,0.059663,0.220032,-0.022648,0.146571,-0.046735,-0.134813,0.034425,-0.070956,0.090053,0.07126,-0.051798,-0.193148,0.063916,-0.05184,-0.180764,0.023247,0.079439,0.183991,0.156499,0.124139,-0.17654,0.026735,0.060234,-0.02803,0.007077,-0.085089,-0.108172,-0.190949,0.035027,-0.034787,0.122402,0.049952,0.271711,-0.122187,-0.092614,-0.08459,0.127666,-0.106863,-0.233887,0.135154,0.018926,-0.104428,0.252611,-0.413926,-0.089651,-0.081178,-0.030821,0.109357,-0.212209,-0.117657,0.018775,-0.077659,0.078548,-0.018001,0.054364,0.281215,0.064527,0.108854,-0.076031,0.045191,0.073767,-0.034511,0.021469,0.084267,-0.135261,-0.222744,0.015301,0.069673,-0.092648,0.101455,-0.014451,0.127257,0.081743,-0.006445,0.241719,-0.039351,0.021365,-0.036688,0.255152,0.154349,-0.028737,-0.134339,0.088852,0.119698,0.234802,-0.028348,-0.038181,-0.061429,0.052334,-0.039749,0.049307,-0.057851,-0.067463,-0.01852,0.021759,0.032483,0.291082,0.141523,0.048129,0.078194,-0.033184,-0.043745,0.153255,0.154639,-0.141791,-0.11784,0.05046,0.140932,-0.000547,-0.070384,-0.077075,-0.062044,0.009056,0.024352,-0.017767,0.13774,0.220507,-0.062039,0.24106,-0.092604,0.029103,-0.066583,0.107584,0.078135,-0.006341,0.20068,0.127499,-0.065747,-0.071094,0.033329,0.410458,-0.053524,0.274486,0.045306,-0.26565,0.226936,-0.142133,0.336933,0.280391,0.060918,0.198009,0.023566,0.026243,0.046969,-0.005991,0.061302,0.076197,0.192652,-0.092343,-0.035778,-0.081022,0.225018,0.107943,0.028383,-0.033947,-0.173735,0.076535,0.002177,-0.093316,-0.208373,-0.086145,0.316108,0.026267,0.074509,0.251392,-0.120325,#
19,-0.075906,-0.031119,0.283463,0.126042,0.090346,-0.197455,-0.024618,-0.182995,0.205786,0.166099,0.021827,-0.104312,-0.006763,0.062575,-0.245307,-0.252087,-0.097862,0.101054,0.039704,1.0,-0.14041,-0.015487,0.059552,0.025857,-0.197747,0.10661,-0.011042,0.055009,-0.017861,0.068855,0.125552,-0.062148,-0.057746,0.152765,0.062873,-0.010488,-0.031939,-0.091061,-0.183086,-0.069778,-0.141955,0.063555,-0.159129,0.040317,0.069566,-0.243975,-0.068234,-0.004245,-0.103997,0.176649,0.131945,0.021122,0.053961,0.226825,-0.252244,-0.003821,0.054079,-0.059082,0.057293,-0.051163,0.056804,-0.012988,-0.02456,-0.109821,-0.048526,0.097204,0.391842,-0.017161,-0.025785,0.222336,-0.005409,0.04132,0.010666,0.230908,-0.097647,0.046704,-0.059391,0.011436,0.056569,0.01721,0.249578,0.022441,-0.016793,0.288225,0.052522,0.062866,-0.071707,-0.111475,0.172608,-0.05877,-0.178198,0.042227,0.007459,0.061058,-0.175915,0.094252,0.111858,-0.134658,-0.048524,0.057252,-0.297674,-0.157638,-0.12136,0.25545,-0.108749,0.011131,0.010019,0.046938,0.066911,0.222796,0.490142,-0.101195,0.106505,0.06162,0.062056,0.06645,0.210149,-0.114658,0.290556,-0.09886,0.02371,0.129603,0.108469,-0.12656,-0.246882,0.16078,-0.015235,0.010437,0.149162,-0.067369,0.031139,0.183743,-0.036592,0.152875,0.148279,-0.092843,-0.125204,0.17089,-0.160977,0.153075,0.289691,0.09243,-0.047405,0.007155,0.10007,0.156942,0.218346,0.158711,0.051183,0.260691,-0.092131,-0.08623,0.187342,0.192273,0.099416,0.148157,-0.14243,0.149857,0.259531,0.02342,0.033461,-0.004176,0.113489,0.345156,0.230304,-0.045089,0.138633,-0.109446,0.136739,0.042846,-0.092091,-0.051094,-0.002381,0.168067,-0.046291,0.143798,0.094844,-0.069806,-0.123651,0.026586,0.1549,-0.039417,-0.226818,0.070602,-0.127788,0.254734,-0.088129,0.031127,-0.397784,0.081947,0.106248,-0.251104,-0.172946,-0.122129,-0.274775,-0.087751,-0.120754,0.227713,0.155206,0.0864,#
20,-0.289658,0.161678,-0.299772,-0.054443,0.155659,0.14516,0.094357,-0.035608,-0.317315,0.049816,0.046749,-0.171383,0.069838,-0.113194,-0.337111,-0.132963,-0.061941,0.210289,-0.039004,-0.14041,1.0,0.146213,0.239896,0.03678,0.043915,0.065771,0.028672,0.093951,0.07863,0.370493,0.116716,-0.108877,0.286389,-0.138303,0.078798,0.037853,-0.024772,-0.205485,0.069323,-0.004286,0.171125,0.109758,0.293841,0.102701,-0.203415,-0.050569,-0.329812,0.194259,0.166916,-0.372166,0.044946,-0.336232,0.003017,-0.104858,-0.016593,-0.257008,0.035329,-0.108789,0.233008,-0.018087,0.001714,-0.259618,-0.146138,-0.031878,-0.203373,0.150255,-0.030597,0.166369,0.204277,0.163982,-0.177609,-0.075011,0.18104,-0.068772,0.073708,0.145949,0.131117,-0.015863,-0.225932,-0.095551,-0.221273,-0.098959,-0.184455,-0.030548,-0.056438,-0.174851,-0.022303,0.127049,-0.037626,0.154939,-0.343046,-0.181873,-0.295063,-0.167493,-0.01467,-0.090887,-0.197268,-0.128024,-0.031216,0.130912,0.116391,0.031156,-0.085628,-0.283496,0.159273,-0.179748,0.002818,-0.138391,-0.072581,-0.140702,0.117218,0.177218,-0.269763,-0.377067,0.108448,0.088043,-0.066113,-0.011779,-0.047371,-0.008475,0.048099,-0.04137,-0.050042,-0.148692,-0.192606,0.148945,-0.018462,0.11042,0.019547,-0.078131,-0.308699,-0.053497,-0.122748,0.124044,-0.177417,-0.032243,-0.28191,-0.163216,0.019024,-0.025433,-0.241693,0.103729,-0.063139,-0.195476,-0.15825,-0.133302,-0.03492,0.243061,-0.027126,-0.043107,-0.214616,-0.1159,-0.195169,-0.239616,-0.303924,-0.021214,-0.088033,0.031039,-0.004203,-0.026005,0.260258,0.144866,-0.140043,0.159866,-0.22521,0.134065,-0.002763,-0.193891,-0.326364,0.349924,0.067845,-0.058905,-0.193562,-0.181595,0.121015,-0.177304,-0.053469,-0.041752,0.086292,0.005756,0.184211,-0.195472,-0.076392,0.109132,0.184721,-0.287393,-0.135304,-0.180363,0.092209,0.075215,-0.076924,0.167115,0.070617,-0.153923,0.013419,0.316581,0.075703,-0.055444,-0.17306,-0.025871,#
