0,1.0,0.303814,0.05443,-0.227506,0.465835,-0.039932,0.236717,0.043561,0.383397,0.044004,-0.044363,0.285902,0.305633,0.173878,0.021307,-0.032691,0.099418,0.135086,0.172202,-0.296533,-0.225567,-0.008607,0.331482,-0.079133,-0.246375,-0.31816,-0.163776,-0.049247,0.271035,0.181822,-0.399376,-0.014648,-0.010241,-0.151753,-0.185314,0.08203,0.104408,-0.045507,0.020874,0.04185,0.190002,-0.098994,-0.10347,0.129132,-0.246504,-0.278857,0.268937,0.17108,-0.036705,0.121751,0.164493,-0.1016,0.073848,0.046292,-0.07598,-0.065737,-0.242959,0.010836,-0.088612,0.13756,0.185849,0.01034,-0.096102,-0.033855,0.189342,0.366166,-0.00256,0.126299,0.261677,-0.129163,0.01619,-0.188465,-0.177976,-0.240201,-0.266759,0.345853,-0.159017,-0.194598,-0.275496,-0.166429,-0.303054,-0.29584,-0.27769,0.125456,-0.22867,-0.149214,-0.344216,-0.243362,-0.004041,-0.335931,-0.337808,-0.282877,-0.273948,0.075211,-0.273837,-0.272594,-0.217841,-0.26478,-0.1361,-0.341451,0.19899,-0.407134,-0.235081,-0.230792,-0.241104,-0.102705,-0.234323,-0.068203,-0.42611,0.033302,0.12636,-0.045172,-0.211065,-0.266621,-0.411206,-0.29964,-0.30895,-0.310588,-0.028921,-0.44049,-0.301959,-0.471189,-0.297328,-0.306697,-0.211221,-0.165139,-0.406955,-0.029011,-0.109045,-0.427293,-0.243961,-0.158983,-0.166345,0.029942,-0.231346,-0.392556,0.248971,-0.441007,-0.191135,-0.282488,-0.165438,-0.211101,-0.410715,-0.18492,-0.297137,-0.209056,-0.433796,0.373952,-0.364184,-0.279023,-0.336696,-0.422559,-0.272351,-0.255121,-0.43059,-0.296496,0.313764,0.43129,-0.295505,-0.193036,-0.201756,-0.082755,-0.381435,-0.123984,-0.046541,0.02975,-0.047741,-0.132381,-0.191171,-0.216684,0.059794,0.254451,-0.168089,-0.327628,0.288525,-0.243349,-0.209627,0.222316,0.316802,-0.48118,0.199908,0.118595,-0.040459,-0.005685,0.464995,-0.105856,0.160316,0.180688,-0.1808,0.562369,-0.089027,0.069612,0.414494,0.306025,-0.11235,0.336093,0.358539,-0.466758,-0.398736,0.216987,#
1,0.303814,1.0,0.12562,0.030472,0.283318,-0.078071,0.163834,0.1471,0.153503,0.248185,-0.277287,0.01999,0.211872,0.268986,0.193314,-0.166646,-0.131168,0.370255,0.23913,-0.171648,0.138818,0.070663,0.161698,0.011708,-0.232578,-0.054651,0.155286,0.098348,0.256446,0.302019,-0.506515,0.155601,0.08318,-0.02561,-0.222268,-0.022775,0.152184,-0.173343,0.068237,-0.200655,0.050416,0.169908,0.13038,0.155286,-0.309177,-0.370018,0.274657,0.316864,0.011271,0.222024,0.153524,-0.218578,0.112137,0.040164,0.050534,-0.14357,-0.30071,-0.021778,-0.209779,0.004849,-0.04153,0.286677,-0.37096,0.246173,0.02067,0.138964,0.051576,0.27243,0.158737,-0.150271,-0.084945,-0.226582,-0.070166,-0.112345,-0.212663,0.247574,-0.158712,-0.208503,-0.299134,-0.421352,-0.23322,-0.398812,-0.35651,0.117773,-0.349611,-0.062986,-0.198387,-0.002301,-0.091701,-0.098455,-0.08645,-0.136405,-0.348527,0.201568,-0.372629,0.02334,0.098524,-0.192286,0.008054,-0.187161,0.042962,-0.370315,-0.510966,-0.133964,-0.501324,-0.333105,-0.290183,-0.312415,-0.35334,-0.130888,0.175714,0.223968,-0.077025,-0.318321,-0.090646,-0.099605,-0.301808,-0.405848,0.062436,-0.235152,-0.277225,-0.074961,-0.31062,-0.407301,0.074655,-0.164663,-0.362366,-0.160662,-0.067629,-0.132614,-0.284965,-0.228075,-0.194205,0.095316,-0.156726,-0.115935,0.070081,-0.194735,-0.06413,-0.170058,-0.230732,0.146713,-0.282563,-0.219229,-0.158283,-0.334485,-0.156544,0.329376,-0.324473,-0.270299,-0.325728,-0.187612,-0.101341,-0.043272,-0.217616,-0.078206,0.315006,0.337824,-0.245694,-0.038978,-0.119816,-0.032196,-0.027227,0.072704,-0.079435,0.351978,-0.016376,-0.064687,-0.224248,0.105129,-0.216543,0.144596,-0.128302,-0.262185,0.370822,-0.007885,-0.19251,0.035754,0.208558,-0.325227,0.149823,-0.026515,-0.100096,-0.064717,0.203641,-0.20749,0.119966,-0.115375,-0.26067,0.392729,-0.016271,0.30849,0.139361,0.14282,-0.118187,0.029494,0.22365,-0.417491,-0.234118,0.032788,#
2,0.05443,0.12562,1.0,0.311046,0.125872,-0.388973,-0.14774,-0.265818,-0.207651,0.204268,-0.073992,0.089074,-0.113686,-0.074824,-0.270622,-0.174341,0.005391,0.033373,-0.032514,-0.186843,-0.006161,-0.26854,0.133905,-0.007787,-0.154677,-0.116326,0.146701,-0.366156,-0.199637,0.231328,-0.092705,0.06044,-0.162167,0.038235,-0.069703,-0.117119,-0.039371,0.020371,0.023465,-0.137409,-0.001266,-0.028929,0.003671,-0.043078,0.218562,-0.266685,0.011126,0.205227,-0.154977,0.04427,-0.229085,0.07705,0.03344,0.238655,0.022842,-0.255065,-0.243971,0.044014,-0.184177,-0.053366,-0.082094,-0.089712,-0.285883,-0.241269,-0.057426,-0.032108,-0.25881,-0.016013,-0.083634,0.148227,0.061687,-0.003415,0.024857,0.10767,-0.131134,0.148594,-0.209453,-0.142684,-0.124702,0.110315,-0.053048,0.056771,-0.049216,0.40058,0.024396,-0.189521,0.03138,0.075091,-0.159282,-0.099148,-0.029898,-0.317091,0.063748,-0.155116,-0.294029,0.104802,0.129509,0.065823,0.052991,0.026978,-0.034731,-0.039145,-0.060569,0.00817,-0.26023,-0.138872,0.065881,0.143499,-0.02596,0.346026,0.16703,0.115087,0.050735,-0.006933,0.168623,-0.058263,-0.083238,-0.307194,0.111138,-0.041439,-0.273505,-0.07645,0.070125,0.027078,-0.165901,-0.043201,-0.323858,-0.117481,0.126617,0.088687,0.308898,-0.117435,-0.111951,0.009408,0.083649,-0.017053,0.266913,0.152885,0.059586,-0.099346,0.140389,0.414883,0.026734,-0.322461,-0.15092,0.175013,0.054359,0.116956,-0.24913,0.100534,-0.423412,0.134945,0.227876,-0.112345,-0.192165,-0.138912,-0.058104,0.112159,0.088545,-0.058117,0.044051,-0.062487,0.35373,-0.05355,-0.053239,-0.112251,-0.282046,-0.297267,0.125415,-0.001983,0.131733,-0.027352,0.055067,0.044061,0.023953,-0.010073,-0.208171,-0.057764,-0.225334,-0.027855,0.042732,-0.204016,-0.066292,0.024673,-0.142889,0.108322,-0.182913,-0.228036,0.035481,0.088726,0.147213,0.124662,0.032717,0.161053,0.001919,-0.198807,0.060625,0.097101,0.139535,-0.196459,#
3,-0.227506,0.030472,0.311046,1.0,0.057521,-0.160121,-0.345312,-0.251574,-0.325195,0.058939,0.129415,-0.270566,-0.147949,-0.12242,-0.182744,-0.203677,0.028942,0.037995,0.025119,0.006955,0.149358,-0.327321,-0.121582,-0.095062,0.086563,0.054664,0.018445,-0.048343,-0.119261,-0.068949,0.406308,0.010097,-0.231281,-0.025563,-0.193824,-0.382918,-0.070782,0.015556,0.099242,0.121509,0.072527,-0.09601,0.216552,-0.011526,-0.004548,0.013524,-0.197903,-0.163175,0.166915,-0.199036,-0.239909,0.311855,0.062917,0.15919,-0.035088,0.075161,0.058452,-0.091247,0.035204,-0.226163,-0.218857,0.158187,-0.142108,-0.214331,-0.27921,-0.288812,0.046075,-0.081538,-0.314929,0.381382,-0.014111,0.200524,0.220401,0.364073,0.168862,-0.123693,0.075628,-0.124075,0.259073,0.309596,0.028082,0.217313,0.256896,0.138182,0.247849,-0.060175,0.122692,0.209178,0.05828,0.22762,0.205995,0.130933,0.091383,-0.082352,0.239255,0.237675,0.149713,0.234088,0.143127,0.202011,0.018734,-0.11906,0.345396,0.056063,0.029343,0.0786,0.161559,0.215071,0.216309,0.184839,0.018229,-0.030738,0.125453,0.094334,0.115107,0.079726,0.35121,0.04836,0.109463,0.114247,0.083381,0.16017,0.233491,0.003258,0.057238,0.177701,-0.180968,-0.083808,0.327261,0.208487,0.358844,0.034084,-0.06897,-0.034552,0.153733,0.289547,-0.00574,0.296929,-0.043151,0.257092,0.147935,0.317151,0.240644,-0.227596,0.1083,0.159146,0.175421,-0.196417,0.058703,0.302963,-0.092531,0.340687,0.119441,0.142406,0.367709,0.071404,-0.197421,-0.23958,0.275376,0.084483,-0.147864,0.09363,0.081356,-0.078115,-0.18079,-0.150129,0.077733,-0.184842,0.013811,0.135965,-0.147805,-0.230049,-0.033028,0.201035,-0.110125,0.126546,0.064927,-0.00996,-0.258832,0.356999,-0.429294,-0.088522,-0.075363,-0.223746,-0.095295,-0.258171,-0.078377,-0.118896,0.096417,-0.300658,0.163896,-0.155588,-0.215191,-0.03204,-0.077896,-0.285509,-0.28429,0.141148,-0.192657,-0.131272,#
4,0.465835,0.283318,0.125872,0.057521,1.0,-0.160951,0.25369,-0.110969,0.153613,0.244414,0.061372,0.080579,0.194346,0.009146,0.153968,-0.223745,0.236786,0.020366,-0.00808,-0.284115,-0.112638,0.070316,0.160693,-0.015823,-0.398437,-0.119978,-0.086624,-0.093012,0.161744,0.139892,-0.201611,-0.06043,-0.133487,-0.01457,-0.329909,0.109495,0.103191,-0.188936,0.179281,0.120633,0.075758,-0.154881,-0.15496,0.118777,-0.260167,-0.112718,0.136043,0.150902,-0.029779,0.080773,0.132333,-0.339489,0.070514,0.014569,0.096659,-0.406569,-0.491772,0.214395,-0.338726,-0.157018,0.103417,0.050739,-0.1214,0.031808,0.155227,0.265764,0.078814,0.121492,0.175904,-0.166042,-0.223313,-0.394995,0.184195,-0.406392,-0.15884,0.308605,-0.223665,-0.441426,-0.287848,-0.296305,-0.394658,-0.285001,-0.371326,-0.118472,-0.323183,-0.468559,-0.377119,-0.339884,-0.281859,-0.189899,-0.203692,-0.233967,-0.25415,-0.070246,-0.383843,-0.248853,-0.224852,0.039339,-0.033157,-0.085648,0.161003,-0.294962,-0.146787,-0.190748,-0.338684,-0.431497,-0.345809,-0.126157,-0.194721,0.147641,0.024859,0.01418,-0.372828,-0.341445,-0.259044,-0.112237,-0.180629,-0.467023,-0.125241,-0.254691,-0.384099,-0.289867,-0.262576,-0.138434,0.0,-0.211611,-0.434752,-0.196318,-0.321316,-0.085809,-0.200816,-0.214231,-0.390175,-0.150958,-0.093633,-0.379009,0.292538,-0.35095,-0.178753,-0.264263,-0.234086,0.088678,-0.016387,-0.239743,-0.325173,-0.296664,-0.155576,0.36902,-0.480319,-0.172412,-0.263367,-0.223238,-0.25953,-0.306514,-0.279081,-0.265794,0.324553,0.379223,-0.253037,-0.36701,-0.061889,-0.099501,-0.19461,-0.191561,-0.16391,0.278547,-0.153777,-0.086586,-0.006592,-0.052812,0.109887,0.039866,-0.227236,-0.381246,0.152641,-0.305553,-0.388432,-0.00158,0.189911,-0.207515,0.184643,0.007187,0.259626,0.217776,0.259672,-0.001936,0.250745,-0.121265,-0.022218,0.346902,-0.023535,0.353338,0.212225,0.32717,0.166968,0.085868,0.168316,-0.42296,-0.481372,0.337453,#
5,-0.039932,-0.078071,-0.388973,-0.160121,-0.160951,1.0,0.143084,0.341727,0.096807,-0.099358,0.078246,-0.117307,-0.257824,0.347149,0.23535,0.086375,-0.03462,-0.060475,-0.060994,0.08391,0.008174,0.278575,-0.0231,-0.209617,0.196844,-0.067673,0.072177,0.329759,-0.034411,-0.149219,0.150808,0.259807,0.144274,-0.151476,-0.16389,-0.098591,-0.188337,0.090756,0.155759,-0.11572,-0.07953,0.082466,0.151636,0.22545,-0.075141,0.074973,-0.074519,-0.04876,0.028705,0.102543,0.174241,0.062889,0.144821,-0.20584,-0.085244,0.22123,0.240216,0.150335,0.017774,0.288833,0.174399,0.061383,0.026932,0.311958,0.076468,0.132844,-0.176471,0.179603,-0.052145,0.141136,-0.004869,-0.070703,0.11231,-0.002215,-0.05249,0.03028,0.312523,0.206233,-0.121015,0.067205,-0.000758,0.027252,0.021326,-0.063547,0.092301,0.254755,-0.018432,-0.250961,0.110035,-0.189997,-0.055264,0.113591,-0.067164,-0.007367,0.200695,0.041607,-0.093166,-0.033328,-0.044806,-0.141678,-0.229419,0.004755,0.088621,-0.086128,0.231499,0.015333,0.078764,-0.188486,-0.024853,-0.42223,-0.037673,0.158636,-0.140489,-0.203417,-0.135737,-0.057524,0.07668,0.002877,-0.076635,-0.026438,0.072491,0.103608,0.115709,-0.075026,-0.181141,0.272997,0.173444,0.200402,0.01021,-0.123983,-0.090907,-0.028187,-0.080563,0.046762,-0.022028,-0.110773,-0.056978,-0.144732,-0.06383,-0.020352,-0.058329,-0.136448,-0.275768,-0.159809,0.030162,0.062548,-0.04003,-0.017795,0.363871,-0.06566,0.086855,0.083958,0.020923,0.310428,-0.016239,0.115831,0.065267,-0.06826,-0.1093,0.149492,-0.027493,-0.051012,0.030839,0.136595,0.047947,0.012136,0.370227,0.176944,-0.052132,0.031837,0.024418,-0.023201,0.053287,0.218507,0.012639,0.10874,0.162419,0.017677,0.179521,-0.011935,0.068299,0.224084,-0.091197,0.005051,-0.056478,-0.1846,0.101349,0.097998,-0.006734,0.110982,0.101733,-0.217261,0.054668,-0.305261,0.089642,0.132032,-0.086802,-0.00263,0.095482,0.128258,#
6,0.236717,0.163834,-0.14774,-0.345312,0.25369,0.143084,1.0,0.191556,0.581689,-0.116941,0.163145,0.116906,0.243811,-0.024817,0.322286,0.007326,-0.214625,-0.049675,0.039198,0.068124,0.058636,0.358991,0.170808,-0.217503,-0.129441,-0.049444,-0.047177,-0.200899,0.156007,0.16001,-0.466012,-0.079758,0.120961,-0.139277,-0.026779,0.079854,0.110664,-0.148186,0.009941,0.129509,0.109973,0.107,-0.30741,0.025455,-0.140039,0.062596,0.12588,0.322951,0.180772,0.191833,0.299787,-0.175601,-0.034484,-0.061901,0.056615,0.122771,0.029392,0.092635,0.01329,0.263065,0.070185,0.192387,-0.124111,0.213471,0.291755,0.172779,-0.00152,-0.036096,0.185167,-0.211111,0.112759,-0.223871,0.081067,-0.249478,-0.415241,0.272364,-0.102739,-0.092099,-0.308259,-0.241366,-0.241348,-0.295021,-0.250431,-0.30955,-0.415316,-0.004122,-0.168353,0.020189,-0.310417,-0.20848,-0.305679,-0.254101,-0.20099,0.075734,-0.422424,-0.062862,-0.021325,-0.302667,-0.144722,-0.157981,-0.061724,-0.171754,-0.173033,-0.054183,-0.125722,-0.151233,-0.062963,-0.267478,-0.287448,-0.12947,0.117604,0.054492,-0.222298,-0.462541,-0.012024,-0.149511,-0.299525,-0.156713,0.000832,-0.424394,-0.174956,-0.305346,-0.112934,-0.438251,-0.071477,-0.005207,-0.145587,0.122617,-0.243159,-0.214841,-0.301488,-0.267779,-0.294802,-0.062435,-0.164745,-0.175769,-0.005502,-0.214573,0.035183,-0.27852,-0.284556,-0.152411,-0.224745,-0.10441,-0.166118,-0.105482,-0.370223,0.56391,0.004541,-0.448217,-0.071402,-0.307172,-0.301243,-0.190398,-0.286452,-0.056006,0.252703,0.315619,-0.003607,-0.335363,0.245942,0.001113,-0.063766,-0.025646,0.083034,0.400831,0.046526,0.126757,-0.08261,-0.105346,-0.06216,0.053172,-0.028272,-0.227186,0.20598,-0.310054,-0.103622,0.294398,0.441412,-0.258253,0.231026,0.574504,0.03714,-0.069647,0.377984,0.066643,0.025859,0.09043,-0.269279,0.391409,0.128601,0.160882,0.270278,0.011103,-0.138271,0.113731,0.398123,-0.15149,-0.091979,0.081506,#
7,0.043561,0.1471,-0.265818,-0.251574,-0.110969,0.341727,0.191556,1.0,0.099177,-0.197725,-0.311272,-0.014097,-0.00579,0.22591,0.11806,-0.204624,0.000869,0.133369,-0.097256,0.062665,0.153684,0.447786,-0.053639,-0.000265,-0.015899,0.148673,0.366271,0.170601,-0.236212,-0.074509,-0.120902,0.339061,0.267201,-0.003728,-0.101607,-0.022379,-0.066151,-0.437665,0.116576,-0.058344,-0.042679,0.116094,0.145379,-0.04015,-0.176976,0.029674,0.033214,0.124937,-0.173771,-0.000542,0.154906,-0.118458,0.111807,-0.207091,-0.075404,0.074839,0.258393,-0.078384,0.190724,0.276905,0.01509,0.214648,-0.146511,0.323807,0.107527,0.260793,-0.124428,0.126636,0.092528,-0.347237,0.053114,0.120315,-0.171557,0.123094,-0.115331,-0.032287,0.094632,0.058906,-0.275678,0.099767,0.123798,-0.031251,0.057302,-0.20419,0.042563,0.299739,0.091352,0.127546,0.150781,-0.080376,-0.126392,0.046476,-0.037103,0.094938,-0.037729,0.002882,-0.050223,0.079315,-0.120017,-0.207215,-0.078383,-0.102472,0.023547,0.020639,-0.174076,-0.085374,-0.010399,-0.301771,-0.081308,-0.321322,0.024479,0.066576,-0.20621,-0.095852,0.069934,0.093592,-0.058898,0.114755,-0.092052,-0.024679,-0.02827,-0.04194,0.074205,-0.158561,-0.073368,0.136449,0.111394,-0.239843,0.033825,0.009487,-0.326923,-0.083052,0.117182,-0.095719,0.186497,0.02683,0.127306,-0.104195,0.016733,-0.185234,-0.17537,-0.225633,-0.11552,0.031184,0.062058,-0.095101,-0.089621,0.142388,0.10036,0.057665,-0.018622,-0.010238,0.069074,0.090702,0.189595,0.103953,0.152047,-0.118179,-0.16106,0.187533,0.126473,-0.096382,-0.031574,0.109794,0.256375,0.148723,0.136761,0.018472,-0.1615,0.172312,-0.092963,-0.030074,-0.075795,-0.022775,-0.018085,0.025334,0.028609,-0.09912,0.146855,-0.23318,-0.023673,0.041626,0.04736,-0.124076,-0.025933,-0.11189,0.040162,-0.000414,-0.049484,0.088104,0.222461,0.012885,0.07695,-0.281369,0.08379,0.191261,-0.125706,-0.072805,-0.09139,0.105001,#
8,0.383397,0.153503,-0.207651,-0.325195,0.153613,0.096807,0.581689,0.099177,1.0,0.009643,0.077041,0.202001,0.335744,0.026401,0.335454,-0.049348,-0.333707,0.152906,0.201013,-0.026034,-0.000169,0.209859,0.330572,-0.026803,0.090169,-0.301639,0.073843,-0.039524,0.410297,0.117858,-0.402379,-0.013041,0.255535,-0.012152,-0.203846,0.055527,0.117937,-0.207189,-0.057611,0.037229,0.251193,-0.104162,-0.219802,-0.057128,-0.068026,-0.115519,0.325986,0.316625,0.124368,0.155354,0.118869,-0.223597,-0.089185,0.11881,0.051265,-0.033112,0.039245,-0.134067,0.202794,0.110297,0.104846,0.07266,-0.155783,0.194062,0.117925,0.268563,0.088195,0.002794,0.300122,-0.075939,0.131591,-0.231477,-0.028657,-0.154846,-0.249612,0.122777,-0.145737,-0.081923,-0.283684,-0.401384,-0.057696,-0.365619,-0.216186,-0.220446,-0.245802,0.082977,-0.082657,-0.102591,-0.232857,-0.191579,-0.144614,-0.144686,-0.408103,0.334797,-0.344516,0.050081,0.015585,-0.275821,-0.02888,-0.216037,-0.058461,-0.188356,-0.126644,-0.129744,-0.000592,-0.080963,-0.246306,-0.147049,-0.266578,-0.090053,0.162255,0.082086,-0.205356,-0.2566,-0.060727,-0.351008,-0.281989,-0.066262,0.054465,-0.337608,-0.195094,-0.420608,0.064515,-0.512986,-0.027867,-0.005368,-0.047626,0.156481,-0.08876,-0.349375,-0.18623,-0.23472,-0.044811,-0.000609,-0.059933,-0.058024,-0.162795,-0.270073,0.154502,-0.16136,-0.140553,-0.192385,-0.409774,-0.125785,-0.26036,-0.097047,-0.25926,0.335024,-0.072184,-0.339402,0.010291,-0.298836,-0.18185,-0.241523,-0.107529,-0.154402,0.379398,0.457876,0.014672,-0.236529,0.069213,-0.065113,-0.105055,0.015741,-0.004443,0.313311,0.026393,0.019781,-0.184724,-0.069752,-0.15834,0.360968,-0.071056,-0.314179,0.253392,-0.336016,-0.225499,0.244814,0.278175,-0.389559,0.296408,0.364782,-0.000526,-0.09757,0.260895,-0.005021,0.096121,0.095635,-0.375836,0.273757,0.142927,0.060975,0.278609,-0.048772,-0.185116,0.080807,0.347766,-0.264328,-0.03858,0.075429,#
9,0.044004,0.248185,0.204268,0.058939,0.244414,-0.099358,-0.116941,-0.197725,0.009643,1.0,0.066146,-0.172004,0.175911,-0.017442,-0.103959,-0.043896,-0.311245,0.316343,0.109189,-0.002171,0.049097,-0.021153,0.171331,0.112016,-0.069442,0.087676,-0.001549,0.078286,0.012913,0.196068,-0.010194,-0.006728,-3.3e-05,0.252606,-0.100135,0.05812,0.055409,-0.081056,-0.133109,-0.189523,0.003716,0.165418,0.128735,0.231439,0.243965,-0.358285,0.02178,0.306727,0.009462,0.181716,-0.052993,-0.009176,0.102014,0.016637,-0.112662,-0.373454,-0.16757,0.014597,-0.106068,-0.214432,0.143518,-0.079155,-0.137975,-0.188309,0.011174,0.031144,-0.07995,0.200641,-0.073619,-0.094705,0.020688,-0.206537,0.002607,-0.100121,0.181484,0.233396,-0.205396,-0.483182,0.047714,-0.103138,-0.022039,-0.074165,-0.143894,-0.074658,-0.016306,-0.016255,-0.125059,-0.084982,-0.169586,0.040308,0.027122,0.001377,-0.306448,0.119097,-0.159253,0.14808,0.160254,0.023875,0.28021,-0.195745,-0.176892,-0.194953,-0.090186,-0.016242,-0.201741,-0.158645,-0.146277,-0.119598,-0.136217,-0.010428,0.389136,0.129906,0.002433,-0.301857,-0.157329,-0.079099,-0.028887,-0.167891,0.277045,-0.291081,-0.011117,0.088368,0.1918,0.05995,-0.081348,0.012535,-0.197301,-0.096271,-0.123916,0.144585,0.09141,-0.055983,0.07696,0.344605,-0.038937,0.160766,0.08288,-0.061918,0.133076,-0.146809,0.045156,0.157334,-0.026235,0.035709,0.021771,0.082698,0.1998,0.099663,-0.300915,0.181092,-0.392262,-0.034819,0.186612,0.043389,-0.136765,0.196888,0.19412,0.284707,-0.04378,0.046718,-0.198371,0.039739,-0.072393,0.20102,-0.078278,0.248925,-0.310463,-0.129414,0.133724,0.112425,0.073815,0.073127,0.043792,-0.158881,0.208532,0.058603,-0.101102,-0.089177,-0.08724,0.011374,-0.02379,-0.134078,-0.378384,0.247251,-0.251536,0.020205,0.084993,-0.161687,-0.259558,0.169599,0.014689,0.011013,-0.222337,0.015713,0.105757,-0.228878,-0.026046,-0.038594,0.12734,-0.107873,#
10,-0.044363,-0.277287,-0.073992,0.129415,0.061372,0.078246,0.163145,-0.311272,0.077041,0.066146,1.0,-0.025867,-0.217845,-0.166654,0.270791,0.302897,0.035296,-0.334319,-0.073465,-0.067609,-0.108044,0.043978,0.012547,0.080797,0.018704,0.151642,-0.043756,0.081324,0.186382,-0.201288,0.13985,-0.141246,-0.164524,0.00518,0.1185,-0.098644,-0.178763,0.107408,-0.039459,0.202849,-0.234116,-0.180413,-0.197359,0.192793,0.316328,0.109442,-0.16623,-0.253154,0.294082,-0.11866,0.010983,0.166261,-0.077609,0.018881,0.128506,0.242519,-0.011142,0.023877,-0.010371,0.065938,0.099327,-0.135787,0.183675,-0.081879,-0.021397,-0.117901,-0.088872,-0.359083,-0.412762,0.089947,-0.082074,0.012313,0.295456,0.018699,-0.025495,0.146876,-0.116663,-0.002637,0.072379,-0.074225,-0.336894,0.142557,0.146228,-0.135627,-0.047309,-0.10129,0.089621,-0.137182,-0.204101,-0.158174,0.113893,-0.266464,0.178408,-0.388098,0.059434,0.124265,-0.172321,-0.065824,-0.364332,0.072775,0.041269,0.082904,0.116352,-0.09278,0.109285,0.108348,-0.077529,0.025325,0.100559,0.201663,-0.332872,-0.060548,-0.118855,-0.032154,-0.308366,-0.111854,0.068266,0.023026,-0.181639,0.04948,0.188227,-0.043406,0.215426,0.184999,0.061698,-0.098061,0.098103,0.292492,-0.20027,-0.179238,0.192688,-0.17499,-0.260334,-0.220324,-0.10982,0.242926,-0.077408,-0.172255,0.085152,-0.030689,-0.113971,-0.012679,-0.075829,-0.096746,-0.044619,0.082989,-0.02753,-0.239551,0.157943,-0.013243,0.142603,0.061915,-0.337765,-0.095019,-0.110963,-0.128654,-0.24686,0.06428,0.147878,-0.012213,-0.170124,-0.112471,0.036991,-0.402402,-0.365977,-0.036983,-0.020799,0.132597,0.26838,-0.263072,0.131663,-0.184724,-0.241286,0.02992,0.085326,-0.185837,-0.185196,0.147247,-0.058971,0.028943,0.099598,0.38152,0.167075,0.322454,-0.09057,-0.075421,-0.025588,-0.024189,0.300166,-0.044543,-0.244657,0.22738,-0.012335,-0.038909,-0.051888,-0.085595,0.074847,0.072002,-0.09079,0.046926,#
11,0.285902,0.01999,0.089074,-0.270566,0.080579,-0.117307,0.116906,-0.014097,0.202001,-0.172004,-0.025867,1.0,-0.087857,-0.285122,0.063767,0.230945,0.114176,-0.233779,-0.280882,-0.163191,-0.346798,0.039559,0.023196,-0.008425,-0.070354,0.090059,-0.070766,-0.246729,0.087711,0.150798,-0.336525,0.113395,-0.069805,-0.027811,0.163575,0.048533,-0.243345,0.023494,-0.057305,0.070536,-0.020053,-0.087397,-0.249777,-0.287114,0.004754,-0.015747,-0.092629,-0.027597,-0.152883,0.095442,-0.237972,-0.155627,-0.094345,0.162092,0.136865,-0.03197,-0.307091,-0.015728,-0.094089,0.259723,-0.108167,-0.142948,-0.098445,-0.053523,0.31945,-0.204141,-0.142047,-0.075892,0.006469,0.001245,0.050134,-0.20768,0.115705,-0.208023,-0.485583,-0.044981,-0.268223,0.023955,-0.262778,-0.05825,-0.064015,-0.266846,-0.23279,0.056285,-0.225718,-0.047288,-0.138356,-0.266458,-0.093422,-0.291544,0.046885,-0.2402,0.017318,-0.20676,-0.239226,-0.075515,-0.151122,-0.290435,-0.354378,0.037748,0.053049,-0.18452,-0.207503,-0.155964,-0.202806,-0.144214,0.030706,0.112697,-0.210655,0.123413,-0.201998,0.023454,-0.351707,0.081512,-0.12127,-0.325323,-0.156668,-0.03658,-0.397081,0.062668,-0.157031,-0.317552,-0.257966,-0.00405,-0.058519,-0.176724,-0.02028,-0.272891,-0.102999,-0.006984,-0.148883,-0.062238,-0.150819,-0.128913,-0.196768,-0.117831,0.053846,-0.385764,0.015228,-0.199298,0.02801,0.101494,-0.083901,-0.23769,-0.449135,-0.185787,-0.162962,0.03969,-0.26434,-0.127938,-0.099582,-0.327957,-0.05619,-0.151824,-0.247744,-0.321504,-0.115741,0.010193,-0.018315,-0.04004,0.066611,-0.129848,-0.091273,-0.266581,-0.160363,-0.020748,0.020166,0.08809,0.066447,-0.404818,0.231223,0.023924,-0.138082,0.034457,0.200376,-0.381635,-0.295556,0.09229,-0.101192,-0.170279,0.27614,0.008441,0.271824,0.27967,0.321338,0.050217,0.009292,0.040568,0.127552,0.144262,-0.057449,0.252145,0.215809,0.117121,-0.166805,0.30199,0.250015,-0.195089,-0.048238,-0.083637,#
12,0.305633,0.211872,-0.113686,-0.147949,0.194346,-0.257824,0.243811,-0.00579,0.335744,0.175911,-0.217845,-0.087857,1.0,0.14535,0.119096,-0.212833,-0.175831,0.327777,0.181408,0.121325,-0.018744,0.143251,0.371645,-0.088402,-0.236623,-0.229379,0.019579,-0.130656,0.328389,0.046097,-0.404871,-0.097173,0.123202,-0.07591,0.025739,-0.023402,0.216594,-0.186426,-0.008779,-0.164441,0.309954,0.302129,-0.048181,-0.150209,-0.082715,-0.124235,0.455475,0.322482,-0.069599,0.101263,0.128528,-0.193975,0.098798,0.124714,-0.031613,-0.009305,0.012319,-0.010623,0.060011,-0.085857,0.093367,0.191773,-0.115963,0.036744,0.158032,0.312289,0.192279,0.101498,0.23075,-0.108669,0.229044,-0.054231,-0.176922,-0.135862,-0.149318,0.286909,-0.054127,-0.294535,-0.127813,-0.297466,-0.041409,-0.271779,-0.37374,-0.17259,-0.057045,0.10836,-0.214109,0.056552,-0.094542,0.065278,-0.268589,-0.057137,-0.399366,0.263488,-0.236482,-0.08916,0.261239,-0.109914,0.131387,-0.4445,0.187558,-0.21306,-0.239468,-0.181639,-0.26048,-0.010009,-0.147267,-0.056904,-0.407448,-0.027252,0.40626,-0.157722,-0.038349,-0.334873,-0.050205,-0.189884,-0.500425,0.044077,0.273643,-0.412183,-0.057991,-0.455024,-0.003071,-0.30826,0.070249,0.10274,-0.43269,0.055955,-0.094999,-0.08472,-0.100005,-0.144226,-0.013861,0.129718,-0.139376,-0.135694,-0.030369,-0.008681,0.053732,-0.251233,-0.306585,-0.138146,-0.105295,0.125018,-0.141069,-0.099398,-0.312131,0.442143,-0.239212,-0.091613,-0.158178,-0.398353,0.069513,-0.139105,-0.008288,0.159132,0.414233,0.323509,-0.146775,-0.28006,-0.126809,-0.108399,-0.256223,0.136804,0.207644,0.117559,-0.047745,-0.135374,-0.194069,0.03834,0.022725,0.210526,0.118918,-0.198049,0.221502,0.12696,0.025276,0.237355,0.255903,-0.388126,0.090304,0.119853,-0.1725,-0.282056,0.222166,0.042825,0.36667,0.022914,-0.495635,0.338055,0.161259,0.034094,0.129328,0.077545,-0.118256,0.013172,0.245325,-0.240878,-0.098768,0.075599,#
13,0.173878,0.268986,-0.074824,-0.12242,0.009146,0.347149,-0.024817,0.22591,0.026401,-0.017442,-0.166654,-0.285122,0.14535,1.0,0.097319,-0.091825,-0.10735,0.254856,0.346409,0.000288,0.040937,0.13382,0.394757,-0.12477,-0.272098,-0.364975,0.219546,0.347367,0.199157,0.026449,-0.11749,0.220861,0.231271,-0.220913,-0.076841,0.021915,-0.041439,0.007573,0.081047,-0.268019,0.101545,0.205942,0.230209,0.316212,-0.223924,-0.373153,0.222242,0.281574,0.000758,0.039708,0.181543,0.11208,0.059455,-0.085641,-0.203789,-0.160049,0.128705,0.013806,0.015558,-0.02916,0.207256,0.183302,-0.111454,0.18214,0.166604,0.43422,0.07858,0.380997,0.229354,0.092191,-0.063937,-0.139737,0.051401,-0.111282,-0.172484,0.288314,0.003594,-0.088671,-0.172243,-0.0869,-0.23914,-0.228723,-0.174066,0.112538,-0.016005,0.070934,0.063827,0.007678,-0.026241,-0.134272,-0.161239,-0.085738,-0.28839,0.229244,-0.015501,-0.206794,0.054756,-0.060589,0.023575,-0.359687,-0.052054,0.007874,-0.102099,-0.126912,-0.124046,-0.11428,-0.107883,-0.381139,-0.13103,-0.065203,0.320387,0.167792,-0.073568,-0.117379,-0.033418,-0.041819,-0.284012,-0.094452,0.201872,-0.129945,-0.01213,-0.166752,-0.05005,-0.150399,0.114672,0.152206,-0.270773,-0.064327,-0.025217,-0.123256,-0.235873,0.086088,-0.226617,0.176998,-0.123895,-0.256126,-0.015494,-0.201733,0.072015,-0.040671,-0.246134,-0.109915,-0.206087,-0.270351,-0.100039,0.141994,-0.162559,0.151177,0.074813,-0.040045,-0.165061,-0.089634,-0.047964,-0.07606,-0.063538,0.207847,0.335994,0.260623,-0.211535,-0.02622,-0.089723,-0.211081,0.05252,0.265631,0.072648,0.085579,0.20645,-0.034528,-0.209628,0.185407,-0.084674,0.135481,-0.070498,-0.164392,0.198237,0.159337,-0.001436,-0.101385,0.354349,-0.282644,0.058307,-0.114984,-0.276807,-0.035133,0.146498,-0.000489,0.148243,-0.248086,-0.132758,0.235348,0.018749,-0.072062,0.254223,0.125239,0.123656,0.085646,0.279223,-0.193001,-0.057121,0.036427,#
14,0.021307,0.193314,-0.270622,-0.182744,0.153968,0.23535,0.322286,0.11806,0.335454,-0.103959,0.270791,0.063767,0.119096,0.097319,1.0,-0.062624,-0.01234,-0.076311,-0.111142,-0.071325,0.083019,0.266213,0.172674,0.140467,-0.02056,0.032592,-0.026478,0.236303,0.312574,-0.070114,-0.237864,0.166872,0.138603,-0.045434,-0.292659,-0.077963,-0.096234,-0.073331,0.421737,0.167916,-0.176355,0.214959,-0.280095,0.061243,-0.216605,0.2451,0.175064,-0.106818,0.168777,0.161377,0.141001,-0.007563,-0.143466,-0.208121,0.034713,0.171308,-0.134965,0.139115,-0.26618,0.331836,0.160087,0.348,-0.223931,0.451857,0.189624,0.181926,-0.068421,0.029006,0.094771,-0.149751,0.094667,-0.078597,0.223007,-0.142428,-0.376179,-0.037546,0.018217,0.030456,-0.173856,-0.440789,-0.216645,-0.166034,-0.137954,-0.26061,-0.366366,0.016194,-0.136955,-0.191542,-0.360596,-0.247258,-0.154966,-0.128249,-0.092693,0.039231,-0.135743,-0.033418,-0.069821,-0.102583,-0.081012,-0.228672,0.17321,-0.061258,-0.281256,-0.186185,-0.074988,-0.035885,-0.283244,-0.112969,-0.167771,-0.173757,-0.172394,-0.101555,-0.254589,-0.104802,-0.289754,-0.206866,-0.261836,-0.193059,-0.26198,-0.151166,-0.155379,-0.272936,-0.159572,-0.228967,0.151413,-0.209109,-0.041715,0.018163,-0.435566,-0.272059,-0.065293,-0.415135,-0.237572,-0.126157,-0.190944,-0.003987,0.019813,-0.251318,0.168156,-0.040094,-0.159363,-0.287872,-0.386251,-0.174013,-0.20461,-0.258308,-0.17084,0.059049,-0.028729,-0.340998,0.000613,0.012776,-0.185199,-0.084754,-0.25001,-0.037211,0.304897,0.303703,-0.30329,-0.05211,-0.062138,-0.056872,-0.020959,-0.232325,-0.19327,0.276685,-0.015079,0.147331,-0.058702,-0.165758,0.121467,0.089192,-0.090665,-0.17709,0.315606,-0.234862,-0.162901,0.064218,0.182078,-0.271281,0.231066,0.362107,0.30654,0.066162,0.078912,-0.064247,0.081673,0.091047,-0.004745,0.166418,-0.155932,0.419773,-0.022653,-0.153507,-0.173059,-0.101333,0.101661,-0.275194,-0.020038,0.186732,#
15,-0.032691,-0.166646,-0.174341,-0.203677,-0.223745,0.086375,0.007326,-0.204624,-0.049348,-0.043896,0.302897,0.230945,-0.212833,-0.091825,-0.062624,1.0,0.108243,-0.248121,0.30519,0.048251,-0.096114,0.22989,-0.122969,0.069147,-0.157067,-0.076562,-0.120234,0.113347,0.003416,-0.182859,-0.101588,0.082084,-0.164176,0.119315,0.346065,0.081411,-0.111284,0.320488,-0.21395,0.085529,0.02103,-0.207272,-0.010457,-0.063443,0.124031,0.131726,-0.23636,-0.226157,0.151599,-0.018403,0.142429,0.138417,-0.174589,0.032743,-0.177032,0.117181,0.067713,-0.036811,0.021316,0.078331,0.107889,-0.26467,0.223582,0.11443,0.274377,-0.183345,-0.156071,-0.159924,0.037506,0.133212,-0.049575,-0.030598,0.143314,-0.140691,0.069249,-0.062257,-0.173055,-0.001066,0.169773,-0.085452,-0.166834,-0.014235,-0.006423,-0.050268,0.120831,-0.004063,-0.090908,-0.375259,-0.010258,0.09385,0.31294,-0.188611,0.264195,-0.388736,0.064546,-0.036582,-0.167341,-0.323762,-0.457439,0.014935,0.164434,0.084501,-0.15734,-0.030015,0.183888,0.140412,-0.090114,0.011533,0.003005,0.073456,-0.334927,-0.060161,0.072314,0.138771,-0.214427,-0.09858,0.055549,0.196712,-0.211788,0.205715,0.11318,0.133521,0.040899,0.178394,-0.003997,-0.095937,0.193354,0.071465,-0.065327,-0.10102,0.018369,0.083198,0.022258,-0.057451,-0.113936,-0.004384,-0.237849,-0.239486,-0.159436,-0.128502,0.055278,-0.032288,-0.177291,0.049184,-0.19795,0.147023,-0.115801,-0.160657,-0.199199,-0.182319,0.095933,0.056238,-0.172106,0.019088,-0.193901,-0.117008,-0.410623,0.005325,-0.038863,-0.004139,-0.276078,-0.110324,-0.055434,-0.214378,-0.172741,0.041664,-0.012216,0.091987,-0.006681,0.012955,0.02932,0.209623,-0.137863,0.132703,-0.068771,-0.274751,0.005605,0.150666,-0.311367,0.022845,0.26026,0.144718,0.165632,0.309576,-0.032213,-0.03632,0.03895,0.107894,0.326715,-0.041381,-0.346676,0.059227,0.069313,0.189274,-0.087801,0.25352,0.244659,0.148332,-0.024624,-0.165337,#
16,0.099418,-0.131168,0.005391,0.028942,0.236786,-0.03462,-0.214625,0.000869,-0.333707,-0.311245,0.035296,0.114176,-0.175831,-0.10735,-0.01234,0.108243,1.0,-0.295945,-0.286709,-0.374651,-0.362898,-0.036094,-0.212558,0.174398,-0.177845,-0.181184,-0.262315,0.001595,-0.081106,-0.262376,0.076323,-0.005765,-0.039666,-0.158376,0.059361,-0.006205,-0.254704,0.114715,-0.071543,0.098885,-0.217224,-0.15969,-0.024321,0.099204,-0.059988,0.191423,-0.152169,-0.398357,-0.113829,0.031466,0.151457,-0.011065,-0.092281,-0.000415,0.131321,-0.028665,-0.197668,0.229045,-0.164755,0.074977,-0.050926,-0.151408,0.059152,0.083587,0.180023,-0.0478,0.111625,-0.152717,-0.132076,-0.093418,-0.346289,0.186244,0.12464,-0.197843,-0.127297,0.221713,-0.003899,0.047708,0.03205,0.035437,-0.252461,0.102264,0.033572,0.212273,-0.004345,-0.243965,-0.101523,-0.342163,-0.000259,-0.267021,-0.013876,-0.22376,0.286284,-0.471641,0.044756,-0.231163,-0.157062,0.059878,-0.344279,0.013596,0.319469,-0.107901,0.053461,-0.06901,-0.021113,-0.163755,0.177303,-0.054958,-0.094813,0.262362,-0.449863,-0.096375,-0.138034,0.090232,-0.266496,0.158378,0.111416,-0.19069,-0.413373,0.445886,-0.209108,0.165409,-0.404174,0.219349,0.143214,-0.266754,-0.106548,0.044858,-0.182096,-0.008845,-0.126611,0.115723,-0.133477,-0.246581,0.002073,-0.215117,0.212916,-0.29683,-0.545007,-0.083087,-0.084212,0.092202,0.054547,0.103059,-0.096066,-0.216141,-0.069196,-0.176332,-0.153774,0.034473,0.192518,0.182196,-0.292574,-0.145679,-0.221226,-0.358067,-0.324547,-0.088444,-0.162076,-0.152952,-0.020162,-0.060556,-0.092126,-0.38273,-0.090093,-0.073068,-0.011375,-0.070536,0.137512,0.000433,0.405671,0.001469,-0.232013,0.073887,-0.32849,-0.11481,-0.209976,-0.138318,-0.150112,0.193499,0.034078,-0.096824,0.665675,0.086589,0.087038,-0.108288,0.034868,0.191021,0.402608,-0.141667,-0.134896,0.216283,0.113447,0.287158,-0.019033,0.235519,-0.066028,0.016234,-0.360478,0.222199,#
17,0.135086,0.370255,0.033373,0.037995,0.020366,-0.060475,-0.049675,0.133369,0.152906,0.316343,-0.334319,-0.233779,0.327777,0.254856,-0.076311,-0.248121,-0.295945,1.0,0.182734,0.134326,0.280679,0.002217,0.352545,0.016617,0.066846,-0.098553,0.185285,0.170002,0.03097,0.087149,-0.113226,-0.059859,0.223233,0.233803,-0.129993,-0.12904,0.217467,-0.212567,0.094647,-0.296644,0.060631,0.260875,0.460358,-0.026194,-0.052439,-0.318397,0.329054,0.250697,-0.072555,-0.103826,0.268777,0.011715,-0.143175,0.039185,-0.116907,-0.206601,0.022541,-0.131014,0.087736,-0.178489,-0.022405,0.211773,-0.279395,-0.048602,-0.091903,0.248789,0.116727,0.34142,0.283108,0.030411,0.049889,-0.044252,-0.390102,0.096946,0.139907,0.158455,-0.027572,-0.194112,-0.105978,-0.120349,0.045285,-0.108643,-0.164881,0.099111,0.006425,0.235066,-0.156595,0.210492,0.150208,-0.024577,0.029364,0.018735,-0.287993,0.436611,-0.023155,0.031628,0.224431,0.154328,0.162081,-0.327291,-0.214362,-0.298086,-0.103001,0.151576,-0.048337,-0.016905,-0.188821,-0.166938,-0.223028,-0.147718,0.378283,0.147537,0.251676,-0.091033,0.142211,0.067629,-0.28492,-0.192908,0.306461,-0.36279,-0.201416,-0.182368,0.024451,-0.264809,-0.097833,0.21582,-0.019258,-0.06021,0.108982,-0.16458,0.016741,-0.070135,0.246466,0.03575,0.082667,-0.106521,-0.0046,0.120961,0.272431,-0.099382,-0.131572,0.057357,-0.003077,-0.15799,-0.073967,0.109703,0.03876,0.232692,-0.200151,0.104771,-0.3279,-0.051387,0.141215,0.041966,-0.044931,0.164219,0.516816,0.111761,-0.248696,0.07124,0.073633,0.180256,0.148268,0.559078,0.065099,0.319193,0.075511,-0.120526,-0.367778,0.100504,-0.176679,0.288905,0.054434,-0.157165,-0.023337,0.079459,0.107963,0.086807,0.210843,-0.092746,-0.169732,-0.169732,-0.42157,-0.212331,0.080512,0.074123,0.144258,0.067919,-0.432083,0.251494,0.053382,-0.046849,-0.064,-0.098047,-0.010802,-0.077259,-0.046655,-0.173592,0.125944,-0.207795,#
18,0.172202,0.23913,-0.032514,0.025119,-0.00808,-0.060994,0.039198,-0.097256,0.201013,0.109189,-0.073465,-0.280882,0.181408,0.346409,-0.111142,0.30519,-0.286709,0.182734,1.0,-0.055462,0.315561,0.072785,0.074245,-0.007639,-0.28532,-0.289104,0.032176,0.177237,0.160509,-0.01002,-0.077851,-0.020114,0.01298,0.042952,-0.100406,0.050116,0.284678,0.276405,-0.179843,-0.199306,0.246976,-0.245234,0.118045,0.080363,-0.249916,-0.277667,0.1577,0.031892,0.227202,-0.060413,0.006174,0.232592,-0.05458,0.015,-0.187014,-0.140484,0.018414,-0.165985,0.042176,-0.28518,0.142503,0.064536,0.08941,0.024964,-0.041929,0.085418,0.112775,-0.029085,0.130748,0.2101,-0.138077,-0.023436,-0.057465,0.007744,0.211793,-0.057978,-0.048953,-0.121183,0.183485,-0.123689,-0.022111,-0.031348,0.019216,0.062077,0.113678,0.006214,-0.0134,0.075993,0.026243,0.315823,0.272071,0.040297,-0.15659,0.124661,0.013706,0.073881,0.060939,-0.062937,0.061912,-0.08434,0.060973,-0.046289,-0.103352,-0.013568,-0.108367,0.127043,-0.335746,-0.090055,0.012975,-0.065922,0.121143,0.050395,0.236055,-0.003768,0.011311,-0.061266,0.058292,0.164642,0.292396,-0.194783,0.061673,0.078928,0.202615,-0.048181,-0.09677,0.182932,-0.068179,0.149199,0.126402,-0.010269,0.135255,0.090044,0.022762,0.142695,-0.045361,0.063746,-0.247046,-0.008203,-0.018652,0.02344,0.011383,-0.161025,-0.290926,-0.015192,0.127415,0.285952,0.112359,0.181298,-0.184599,-0.087026,-0.091891,-0.061926,0.137829,-0.00507,0.044909,0.023394,0.068075,0.288279,0.04415,-0.101382,-0.215979,0.061961,-0.123659,0.103857,0.232313,0.092794,0.030313,-0.106231,-0.107202,0.324637,-0.424023,0.333336,0.084087,-0.017065,-0.03183,0.165148,0.138459,0.123224,0.038021,-0.230934,0.040688,-0.042229,-0.189296,-0.161357,0.076846,-0.014093,0.137417,0.032688,-0.135059,0.025573,-0.094656,-0.119357,0.097333,0.101416,-0.090579,-0.060628,0.189189,-0.141915,0.067007,-0.112788,#
19,-0.296533,-0.171648,-0.186843,0.006955,-0.284115,0.08391,0.068124,0.062665,-0.026034,-0.002171,-0.067609,-0.163191,0.121325,0.000288,-0.071325,0.048251,-0.374651,0.134326,-0.055462,1.0,0.107594,0.255311,-0.001029,-0.049815,0.187018,1.6e-05,0.266136,-0.065659,-0.213818,-0.080489,0.079429,-0.002948,0.241772,0.18468,0.193845,-0.185173,0.00808,0.180886,-0.012163,0.011792,0.308173,0.288824,-0.103896,-0.264969,0.136571,0.078292,0.097621,0.240821,0.197489,-0.062931,0.118595,-0.032078,-0.248525,0.002954,-0.222791,0.275198,0.150099,-0.059717,0.250722,-0.056537,-0.011888,0.017106,0.066196,-0.033875,-0.054339,-0.008209,0.143543,0.269765,0.138492,0.120861,0.180012,-0.020925,0.050554,0.200449,0.301447,-0.246775,0.271718,0.149127,0.14581,0.175411,0.206775,0.303729,0.221797,-0.427,0.335485,0.208342,0.054158,0.3698,0.107285,0.249011,0.123646,0.143106,-0.093724,0.252026,0.3001,0.280163,0.369704,0.181307,0.212821,0.012867,-0.064151,0.137576,0.101451,0.22029,0.236205,0.18688,0.028407,0.084622,0.155212,-0.145798,0.395712,-0.229631,0.229074,-0.049708,0.207903,0.204328,0.13695,0.174047,0.21827,-0.05477,0.236839,0.080608,0.287453,-0.099081,0.023272,0.362922,0.076401,0.091342,0.208698,0.203787,0.010215,0.225065,0.179445,0.073447,0.244574,0.138799,-0.229603,0.384811,0.051822,0.221687,0.294259,-0.085246,0.098084,0.171406,-0.064973,0.062629,-0.037713,-0.088555,0.223491,0.072047,0.173387,-0.026709,0.331701,0.420936,0.326937,0.524735,0.177481,-0.423183,0.402864,0.26182,0.060033,0.074733,0.021326,0.468929,0.142895,0.058411,0.308147,0.264714,-0.317212,0.201298,-0.31113,-0.15337,0.304228,0.047125,-0.106447,0.360094,0.422667,-0.117949,0.025351,0.12989,-0.239456,0.049412,-0.35947,-0.165638,-0.201539,0.062392,0.030394,0.043906,-0.289607,-0.120824,0.001933,-0.234935,-0.108305,-0.365906,-0.03244,-0.226602,-0.090002,0.230439,0.117425,-0.048952,#
20,-0.225567,0.138818,-0.006161,0.149358,-0.112638,0.008174,0.058636,0.153684,-0.000169,0.049097,-0.108044,-0.346798,-0.018744,0.040937,0.083019,-0.096114,-0.362898,0.280679,0.315561,0.107594,1.0,-0.037917,-0.212041,-0.014219,0.041586,0.131943,-0.048578,0.023796,-0.01401,0.149709,-0.039565,-0.193278,0.02938,0.144683,-0.18742,-0.024711,0.056123,-0.011495,0.188815,-0.09103,-0.018544,-0.112572,0.117728,0.071617,-0.008477,0.142014,-0.000281,0.032872,0.061166,-0.262941,-0.042566,0.084249,-0.219376,0.145995,-0.285105,0.104871,0.176774,-0.111522,0.003377,-0.037043,0.065075,0.232172,-0.030995,-0.092935,-0.169829,0.045546,-0.162329,0.245471,0.062235,-0.148474,-0.049186,0.13157,-0.148783,0.296309,0.31117,0.008517,0.265051,0.159358,0.049952,-0.085657,0.179414,-0.021626,0.154004,-0.186495,0.082542,0.023426,0.068534,0.305898,0.10134,0.243295,0.246425,0.123256,0.170742,0.161652,-0.092514,0.255498,0.251875,0.077459,0.125614,0.221953,-0.131235,0.026485,0.043481,0.057331,0.021853,0.028749,-0.202007,0.092051,0.171782,-0.431783,0.167283,-0.052137,0.064282,-0.011973,0.302882,0.219378,0.111928,0.202914,-0.113705,-0.04893,0.131674,0.307554,0.212766,-0.046815,0.116406,0.111384,0.2222,0.109367,0.116099,0.246813,0.286744,-0.11105,0.123797,-0.081282,0.22058,0.28966,-0.1997,0.293185,0.1273,0.265248,0.068653,-0.075152,-0.018791,-0.122631,0.398009,0.042501,0.325805,0.068041,0.096939,-0.066155,-0.087851,0.238543,0.375478,0.079256,0.148699,0.233649,0.209396,-0.030465,0.071896,-0.006846,0.092341,0.073716,0.203237,0.172521,-0.057906,0.206935,0.009756,-0.226644,-0.04257,0.229539,-0.339665,-0.046145,-0.044527,0.166158,0.028767,0.092346,0.110439,0.074544,-0.005283,-0.051725,-0.05875,-0.027266,-0.158489,0.008302,-0.012617,-0.036422,0.062937,0.140232,0.009208,-0.017869,0.200483,0.118827,-0.31197,-0.330777,-0.084175,-0.056688,-0.210811,-0.067306,0.265934,-0.007047,#
