0,1.0,0.240123,-0.025836,-0.048756,0.293203,0.151436,0.032533,-0.110389,0.185423,0.190356,-0.086085,0.015411,-0.061397,0.231694,0.296768,0.065699,0.06939,-0.048891,-0.122554,-0.21112,-0.077381,-0.152126,-0.158056,-0.114353,0.219505,-0.434122,0.123289,-0.265984,0.250674,0.115294,-0.356338,-0.00018,-0.106666,-0.210812,0.191813,0.188891,0.092282,-0.146066,-0.083178,0.162355,-0.015646,-0.039471,-0.360245,-0.158612,0.258538,-0.278658,0.086308,0.002366,0.040472,-0.046543,-0.015835,-0.18407,0.009753,0.063032,0.112187,0.001896,-0.16771,0.037272,-0.21511,0.310584,0.180891,0.41313,0.119485,-0.315665,-0.230019,-0.057709,0.003516,0.041559,0.101715,-0.052019,-0.061701,0.01236,0.084388,-0.06318,-0.075641,0.145086,-0.282862,-0.302147,-0.134154,-0.072869,0.012803,-0.210752,-0.032503,-0.26741,-0.227998,-0.025726,-0.194271,-0.102382,-0.122364,-0.362421,-0.096255,-0.345105,-0.040445,0.007629,-0.089612,-0.153863,-0.08078,0.0154,-0.086229,-0.149379,-0.096352,-0.202325,-0.165179,0.075655,-0.035904,-0.157951,0.043178,-0.129107,-0.076115,-0.382156,0.056487,-0.080214,-0.142838,-0.187451,-0.2221,-0.349962,-0.003845,-0.271589,0.092696,-0.300607,-0.083758,-0.049538,-0.241986,0.002751,0.157587,-0.133717,-0.125936,0.059052,-0.21004,-0.123884,-0.120613,-0.186383,-0.377658,0.018649,0.046941,-0.179758,0.04726,-0.11471,0.063942,-0.173695,-0.12659,-0.339033,-0.033128,-0.458777,-0.239647,-0.219959,-0.181,0.301657,-0.153442,-0.096558,-0.337312,-0.010737,0.095495,-0.277791,0.033577,0.011391,0.044671,0.208593,-0.061495,-0.174757,-0.173002,-0.18752,0.15372,-0.030775,-0.210753,0.165095,-0.07158,0.288484,-0.131212,-0.326217,0.158085,0.02455,-0.066415,-0.107293,0.095165,-0.21123,-0.021117,0.142784,0.228726,-0.342026,0.187811,0.029219,-0.085026,0.166332,0.162461,-0.190686,0.277937,-0.148178,0.083698,0.204684,-0.350036,0.063188,0.151569,0.205701,-0.188964,0.045261,-0.082503,-0.244739,0.078474,-0.097402,#
1,0.240123,1.0,-0.102016,-0.075662,0.321399,0.276121,0.177115,-0.285277,0.224574,0.17708,0.055831,0.024268,0.027172,0.268922,0.196888,-0.059318,-0.200549,0.246666,-0.100403,0.000103,0.246846,0.321571,0.320396,-0.109956,0.008101,-0.360866,0.278396,-0.074106,0.278483,0.34191,-0.345415,-0.125688,0.085843,-0.473486,-0.082437,0.101723,0.224094,-0.621376,-0.028821,0.151156,0.147482,0.306573,0.043241,-0.118893,0.068496,-0.00451,0.087947,0.325365,-0.026632,-0.042713,-0.189356,-0.506364,0.044604,-0.271137,-0.007516,0.033246,-0.193367,0.345532,0.026213,0.336733,0.222359,0.220646,0.152195,-0.013283,-0.063778,0.348513,-0.032421,0.288454,0.372617,0.030972,-0.375008,-0.166575,0.181671,-0.174805,-0.298929,0.165243,-0.395295,-0.152326,-0.370125,-0.162677,-0.196767,-0.707355,-0.324418,-0.122575,-0.20791,-0.237618,0.011471,-0.392625,-0.116752,-0.171731,-0.316083,-0.305223,-0.24319,-0.031414,-0.307996,-0.236322,-0.334154,-0.36589,-0.134347,-0.373461,0.047658,-0.219363,-0.155615,-0.026296,0.006642,-0.173924,-0.260017,-0.597679,0.027202,-0.125001,0.090569,-0.093469,-0.455246,-0.302874,-0.094428,-0.205234,-0.222589,-0.118424,0.075551,-0.42068,-0.190793,-0.246529,-0.359185,-0.372416,0.025131,-0.10818,0.020149,0.225081,-0.218494,-0.395284,-0.167474,-0.270715,-0.278468,-0.237018,-0.298483,-0.354117,-0.165208,-0.223051,0.180414,-0.721456,-0.303232,-0.310041,-0.222487,-0.233831,-0.035299,-0.258608,-0.1428,0.441241,-0.209096,0.000319,-0.35577,-0.291766,-0.204403,-0.266951,-0.083034,-0.003894,-0.032804,0.497108,-0.195376,-0.363134,-0.141512,-0.127253,-0.173609,0.184395,-0.170363,0.382875,-0.17103,-0.122906,-0.231653,-0.301996,-0.05086,0.092025,-0.370834,-0.233574,0.228041,-0.398194,-0.306395,0.0965,0.43903,-0.348476,0.578202,-0.091978,-0.292161,0.340262,0.465729,-0.379877,0.024385,-0.078327,-0.116384,0.488692,-0.403975,0.411095,0.44743,0.339491,-0.004602,-0.231739,0.022385,-0.307865,-0.113666,0.035529,#
2,-0.025836,-0.102016,1.0,0.27308,0.007412,0.026198,-0.057366,0.068443,0.220481,-0.015937,0.015331,0.252619,-0.318557,0.051712,-0.220053,-0.310184,-0.176965,0.265564,-0.15738,0.100406,-0.237413,-0.235323,0.001753,0.080783,0.250167,0.093012,-0.182931,-0.011432,0.098169,-0.130142,0.089894,0.255442,-0.225153,0.139081,-0.077249,-0.028285,-0.001861,-0.02785,-0.099645,-0.212296,-0.13531,-0.008479,-0.080172,-0.060142,-0.093434,-0.102521,-0.013656,-0.079794,-0.090329,0.262752,0.054405,0.270929,0.101836,0.229175,0.00246,-0.089044,0.02672,-0.008666,-0.320241,-0.114974,0.218268,0.020876,0.002042,-0.142353,0.013173,0.011685,0.133069,-0.020513,-0.010666,0.280067,0.222969,0.117015,0.097991,0.15368,0.133192,0.118615,-0.108191,0.045705,0.021671,-0.02464,0.162239,0.140674,-0.068874,0.404703,0.0944,0.038874,-0.119897,0.044542,0.055278,-0.057432,0.158376,0.145608,0.083907,0.117419,-0.0542,-0.074435,0.241042,-0.037968,0.347817,0.166681,-0.194272,0.040933,0.116462,0.287068,-0.013842,0.064791,0.263274,0.230708,-0.023849,0.078932,0.07219,0.146618,0.035368,0.287407,0.128941,0.300608,-0.283226,-0.02085,0.075752,0.261327,0.017205,0.211129,0.317797,-0.053534,-0.098092,0.12541,0.073551,-0.322874,-0.280347,0.03125,0.190309,0.040623,0.022114,0.045248,0.028608,0.037876,0.061965,0.237827,-0.061765,0.178456,0.28096,0.124922,-0.095175,-0.139365,0.134902,-0.015126,0.236576,0.014815,0.032359,0.033203,0.153033,0.104626,0.166458,0.288791,0.202263,-0.06245,0.052163,0.060628,0.388342,0.079829,0.098729,0.017244,0.390324,0.151244,0.233026,-0.106642,0.052533,-0.267158,0.201711,-0.052627,0.07619,-0.03812,-0.010047,0.053714,-0.167617,0.223257,0.093541,0.329263,-0.121676,-0.17377,-0.168148,0.00153,0.098472,-0.217986,-0.109356,0.305995,0.043083,-0.006321,-0.187237,0.19163,0.075895,-0.188813,0.000129,0.113328,-0.23345,-0.035943,-0.020133,-0.088777,0.093287,0.06818,#
3,-0.048756,-0.075662,0.27308,1.0,0.08178,-0.150396,-0.096891,0.130811,-0.144498,0.252953,0.002567,0.037652,0.053323,-0.212873,-0.130719,0.005764,-0.078086,0.115029,-0.33626,0.118704,-0.056005,-0.142542,-0.147803,0.150649,0.16819,0.028684,-0.33346,-0.167807,-0.141523,-0.15326,0.305407,-0.033974,0.144397,0.337366,0.065377,-0.152655,0.093925,0.073638,-0.102389,-0.004952,-0.050251,0.045268,-0.131555,-0.274514,0.30299,0.014616,-0.40031,-0.224403,0.212516,0.050319,0.197352,0.059814,0.267882,0.168336,-0.016696,-0.149082,-0.055366,0.018619,-0.053789,-0.226635,-0.129304,0.225175,0.169791,-0.051315,-0.105995,-0.136735,-0.126957,-0.273531,-0.211916,0.043971,-0.098817,-0.007334,0.272535,0.172982,0.066179,0.021529,0.024162,0.360279,0.27615,0.017932,0.213806,0.260252,-0.016254,0.141018,0.044532,-0.046643,0.196553,-0.034612,0.167261,-0.099675,0.058724,-0.008247,0.292958,0.007109,0.1242,-0.221568,-0.057378,0.117529,0.273263,0.285629,-0.218571,0.104914,0.42664,0.389918,0.163639,0.093304,0.055238,0.020304,-0.182674,-0.102378,-0.118616,-0.131679,0.123696,0.264522,-0.011633,0.397916,0.277781,-0.005094,-0.057782,0.029871,0.219247,0.171994,0.120931,0.175777,-0.000401,0.139542,0.061276,-0.099341,0.016401,0.228237,0.002864,0.050407,0.30292,0.273818,0.112351,0.302475,0.09782,0.12974,-0.272737,0.181249,0.119681,0.208626,0.097532,0.052901,0.212467,0.197773,-0.00637,-0.112173,0.174903,-0.123763,-0.082987,-0.10148,-0.001479,0.119453,0.251493,0.211031,-0.203102,-0.053709,0.275722,0.226889,0.415331,0.188196,0.156042,0.147878,0.139141,-0.282617,0.103806,-0.268611,0.299396,0.231355,-0.027697,-0.25311,0.054667,0.043953,-0.267852,0.203003,-0.14246,-0.042251,-0.307483,-0.163417,-0.178359,-0.283799,0.072824,-0.159348,-0.304346,0.054894,-0.368199,-0.010825,0.10285,-0.319182,0.044401,-0.142879,-0.27191,0.049012,0.085734,0.074971,-0.148374,0.112568,0.068273,0.048461,#
4,0.293203,0.321399,0.007412,0.08178,1.0,0.142802,0.198274,0.024214,0.20673,0.053275,0.026574,0.185744,-0.023031,0.153779,0.094586,0.126521,0.165899,0.000448,0.145596,-0.081761,0.161923,-0.091658,0.303513,-0.058177,-0.112514,-0.313951,0.173489,-0.095261,0.35866,0.110312,-0.249587,0.024936,0.025719,-0.26489,0.037479,0.120105,0.120351,-0.350474,-0.1246,0.052786,0.164107,0.081526,-0.184383,-0.226277,0.271114,-0.103133,0.02555,0.289158,0.180542,0.01288,0.099487,-0.386988,0.334606,-0.235831,-0.082981,-0.032719,-0.120047,0.181743,0.119609,0.105767,-0.088043,0.319322,-0.102782,0.025783,-0.128218,0.119609,0.14523,0.019952,0.229339,-0.019967,-0.067476,-0.183834,0.148504,-0.17849,-0.206853,0.220633,-0.277264,-0.318891,-0.347305,-0.219723,-0.229258,-0.351349,-0.232764,0.272553,-0.261503,-0.03085,-0.234021,-0.330388,0.098692,-0.363551,-0.196588,-0.2893,0.005227,-0.360106,-0.339033,-0.346631,-0.434553,-0.340792,-0.336036,-0.201041,-0.087326,-0.265962,-0.229297,0.098967,-0.209564,-0.270323,-0.015064,-0.308999,-0.051479,0.030454,0.125071,0.156493,-0.092919,-0.261288,-0.231505,-0.040739,-0.01783,-0.311612,0.232949,-0.271097,-0.084738,-0.262633,-0.323721,-0.487782,0.048958,-0.09966,-0.065429,0.102444,0.051354,-0.477889,-0.105917,-0.075297,-0.061074,-0.050937,-0.297339,-0.152861,-0.089008,-0.298045,0.023904,-0.293096,-0.323173,-0.196005,-0.35955,-0.245171,-0.213874,-0.0917,0.020203,0.183381,-0.378188,-0.247057,-0.214246,-0.111529,0.130503,-0.316935,0.074114,-0.257307,-0.02144,0.445209,-0.285745,-0.312866,0.070999,-0.326356,0.107385,-0.055955,-0.225974,0.156467,-0.015027,-0.004675,-0.058038,-0.135237,-0.028177,0.250205,-0.324708,-0.040177,0.186601,-0.142176,-0.248944,0.201476,0.217626,-0.248354,0.346061,-0.117237,-0.107875,0.210362,0.065031,-0.089224,0.063849,-0.097227,-0.086596,0.023084,-0.17058,0.230194,0.27133,0.307607,-0.319445,0.15972,0.221696,-0.146183,0.095835,0.209508,#
5,0.151436,0.276121,0.026198,-0.150396,0.142802,1.0,0.209872,-0.058084,0.517015,-0.047968,0.29576,0.063421,-0.150805,0.119257,-0.028987,0.026361,0.106613,-0.018397,0.072538,-0.064841,0.029368,0.219209,0.393234,-0.319755,0.013029,-0.416123,0.181021,-0.009375,0.023737,0.260054,-0.225807,0.111257,-0.127981,-0.23719,-0.169059,0.239082,0.113138,-0.15528,0.208745,-0.132482,0.07009,0.053075,0.162987,-0.1941,-0.283243,-0.08916,0.275024,0.050806,0.119924,0.049059,0.048469,-0.088229,0.002091,-0.115074,0.194898,0.361454,-0.507809,0.352685,-0.158589,0.128095,0.190665,0.128501,0.040209,0.071668,-0.118302,0.173606,0.024329,0.300216,0.171627,0.114892,0.007941,-0.140583,0.052959,-0.386135,-0.352529,0.282504,-0.146071,-0.225634,-0.144274,-0.230529,-0.210654,-0.412464,-0.033926,0.221007,-0.368119,0.073276,-0.267298,-0.11716,0.050406,-0.168031,-0.029253,-0.188632,-0.149513,0.076142,-0.128784,-0.050206,0.074881,-0.143138,-0.037902,-0.35027,0.074675,-0.204414,-0.007785,-0.166912,-0.139783,-0.357551,0.141781,-0.196237,0.054243,0.062524,-0.007001,-0.13114,-0.157359,-0.326421,0.012769,-0.422167,-0.151902,-0.246513,0.192987,-0.123056,-0.110968,-0.092605,-0.257443,-0.320368,0.104834,0.032478,0.288578,0.333351,-0.244608,-0.268727,-0.145283,0.045528,-0.195199,-0.342963,-0.114731,-0.19966,-0.076455,-0.20672,0.173819,-0.420331,-0.223415,-0.161164,-0.214071,-0.215517,-0.164261,-0.35207,-0.155677,0.336174,-0.187792,-0.125144,-0.104374,-0.123893,0.23194,-0.322503,-0.145665,-0.131889,0.103982,0.081264,-0.120042,-0.100658,-0.131488,-0.09013,-0.027163,0.001198,0.132644,0.130133,-0.183638,-0.231827,-0.305501,-0.266821,0.01859,0.150415,0.063806,-0.189213,0.21541,-0.274711,-0.259287,0.324139,0.191582,-0.04124,0.241177,0.066531,-0.128363,0.268586,0.057873,-0.023087,0.067714,0.029781,-0.121081,0.32841,-0.211415,0.115401,0.0865,0.348126,-0.098882,0.211705,0.035536,-0.236097,-0.240746,-0.039644,#
6,0.032533,0.177115,-0.057366,-0.096891,0.198274,0.209872,1.0,-0.202188,0.17507,0.10861,0.086194,0.005263,0.137792,0.06788,0.109911,0.037314,-0.012527,0.05338,0.150913,0.034756,0.277819,0.170485,0.149755,-0.240627,-0.192595,-0.315935,0.144125,-0.024584,0.238401,0.125226,-0.240209,-0.008492,0.002428,-0.088036,0.008975,-0.080793,0.139421,-0.065522,-0.114734,-0.029329,-0.061018,0.104336,0.112054,-0.095631,-0.08771,-0.085046,0.045824,0.10887,0.139149,0.187735,0.034241,-0.273378,-0.040219,-0.263137,-0.170969,0.002241,0.066078,0.083962,-0.154166,0.164383,0.032355,0.128188,-0.081862,0.06017,-0.166041,-0.055951,0.171922,-0.006989,0.082034,0.203022,0.12719,-0.26808,0.041514,-0.031301,-0.205705,0.057228,-0.010851,-0.33088,-0.335905,-0.092052,-0.166328,-0.205784,-0.074909,0.044182,-0.134259,0.226138,-0.116385,-0.063033,0.092379,-0.175637,-0.158623,-0.059613,0.006692,0.065422,0.15119,0.000708,-0.146611,-0.263507,-0.236084,-0.127314,0.177894,-0.404844,-0.217568,-0.090343,-0.004354,-0.030448,0.082151,-0.145934,-0.051132,-0.021528,0.040985,-0.136317,-0.170134,-0.19226,-0.097269,-0.06616,-0.19516,-0.178378,0.083323,-0.063266,0.035705,-0.182252,-0.114586,-0.278676,-0.368481,0.352456,0.009222,0.303892,-0.055402,-0.199655,0.045321,0.045533,-0.001128,0.036984,-0.059377,0.039356,-0.084919,-0.229028,-0.04317,-0.080722,0.021118,0.021551,0.077254,-0.102915,-0.259418,-0.273541,0.167909,0.383157,-0.022009,0.113679,-0.149817,-0.143312,0.122255,-0.059634,0.103034,0.024861,0.012948,0.216639,-0.157729,-0.125846,-0.020187,-0.105599,-0.0583,0.157897,0.103664,0.09034,-0.047948,-0.100111,-0.14585,-0.02506,0.050519,0.061275,-0.041271,-0.121624,0.013697,0.039724,-0.075119,0.234529,0.153875,-0.147028,0.050296,0.101183,0.182059,0.232096,-0.002089,0.074359,0.119257,-0.182129,-0.186589,-0.034268,-0.158898,0.178484,0.139677,0.248289,0.123853,0.246173,-0.080028,-0.048349,-0.094432,-0.044411,#
7,-0.110389,-0.285277,0.068443,0.130811,0.024214,-0.058084,-0.202188,1.0,-0.165348,-0.31181,-0.11922,-0.190859,0.047158,-0.17131,0.063749,-0.118479,-0.13,-0.117109,-0.061616,0.049353,-0.079429,0.067941,-0.033145,0.226683,0.345523,0.19173,-0.116872,0.219968,-0.214991,-0.11292,0.165497,0.225819,0.337281,0.078114,-0.031696,0.038151,-0.064052,0.190807,0.164882,-0.200879,0.081483,-0.015248,0.064073,0.030718,0.030614,-0.090743,0.094262,0.271951,0.036639,-0.432696,-0.051799,0.124286,0.02379,-0.008625,-0.00605,-0.206395,-0.097711,-0.199013,0.089705,-0.30283,-0.418415,-0.249854,-0.337534,-0.113826,-0.170173,0.045658,0.071048,0.000914,-0.071671,0.183026,-0.053542,-0.075297,0.170661,0.029297,0.251947,-0.116045,0.275518,0.100229,0.057923,-0.024265,-0.142098,0.113088,-0.066897,0.017141,0.088202,0.110117,-0.119601,0.204649,0.120413,-0.037422,0.237147,0.033237,0.004173,-0.370682,0.020583,-0.006728,0.047734,0.17269,0.093521,0.125415,-0.006197,0.054346,0.311131,-0.038212,0.124194,-0.01997,0.273216,0.114307,0.058163,0.01607,0.200944,-0.062288,0.271036,0.063995,0.114795,0.311993,0.202828,0.052285,-0.19726,0.264118,0.179648,-0.123858,0.092301,0.053213,-0.003361,0.060708,-0.270234,0.097301,-0.001069,0.333333,0.037579,-0.06642,0.083158,-0.044442,0.226056,0.156291,-0.110095,0.033661,0.210573,0.210025,0.1043,0.179677,0.058953,-0.079064,0.054186,0.052621,0.037537,-0.221096,0.012038,-0.069018,0.100803,0.295453,-0.016236,0.154618,0.037823,0.045894,0.081458,-0.390961,0.084634,-0.038163,0.198078,0.27571,-0.013844,0.189022,0.080957,-0.210244,0.094543,-0.165909,0.228796,0.210364,-0.183049,0.003401,0.181016,-0.06997,-0.204468,0.158442,-0.069508,-0.259396,-0.30605,-0.152113,-0.308341,-0.120452,0.074603,-0.170417,-0.343364,-0.122423,-0.095218,-0.079306,-0.012458,-0.308241,0.245579,-0.163583,-0.145648,-0.206698,0.038962,0.140636,0.096872,0.144608,0.03329,-0.133144,#
8,0.185423,0.224574,0.220481,-0.144498,0.20673,0.517015,0.17507,-0.165348,1.0,0.173952,-0.006187,0.195504,-0.03237,0.433745,-0.154378,-0.077501,-0.129477,0.289789,0.292964,0.175696,-0.164898,-0.19235,0.289588,-0.415015,0.041658,-0.34329,0.132696,-0.091462,0.199765,0.202184,-0.208497,0.204883,-0.20619,-0.180635,-0.089406,0.284779,0.313636,-0.41892,0.025591,-0.170025,0.011812,0.246335,-0.192075,-0.037229,0.034759,-0.179672,0.33587,0.193091,0.018078,0.213315,0.121727,-0.079268,0.124677,-0.01177,-0.138908,0.242935,-0.103096,0.300568,-0.13598,0.221216,0.018162,0.151437,-0.025832,-0.171005,-0.183684,0.170493,0.342373,0.266048,0.183457,0.05824,0.142444,-0.075286,-0.180648,-0.123754,-0.328913,0.205925,-0.014508,-0.298891,-0.142792,-0.059185,-0.134509,-0.30589,-0.0399,0.322484,0.057716,0.010122,-0.232827,-0.298066,-0.013385,-0.107476,-0.181317,-0.08379,-0.247325,0.16244,-0.282783,-0.159634,0.118505,-0.307337,-0.062744,-0.219813,-0.129463,-0.167606,-0.161084,0.075544,-0.237329,-0.106309,0.083719,-0.13121,0.11386,-0.086652,0.116323,-0.121404,0.03067,-0.151219,-0.083102,-0.347388,-0.062173,-0.182374,0.355846,-0.275983,0.012663,-0.092316,-0.107203,-0.328516,0.003298,0.116527,-0.049424,0.161959,-0.3559,-0.236564,0.033382,0.185011,-0.339478,-0.077477,-0.266736,-0.244867,0.110814,0.05418,0.261697,-0.254621,0.019625,-0.197125,-0.246674,-0.147848,-0.148382,-0.427603,0.254549,0.465652,-0.112096,0.097977,0.092706,-0.121357,0.204528,-0.228466,0.080789,-0.09079,0.171616,0.349684,-0.160045,0.025678,-0.276307,-0.17355,-0.087421,0.321056,0.228164,-0.060336,-0.102867,-0.135499,-0.145866,-0.135076,0.042042,0.074142,0.110477,-0.121145,0.044584,-0.141133,-0.198013,0.203918,0.3168,-0.138883,0.289939,0.15284,-0.342193,0.023227,0.034992,0.182112,0.284763,0.077423,-0.495003,0.355616,-0.160521,0.070321,0.065129,0.168967,-0.350283,0.162447,0.023133,-0.146073,0.122825,0.136298,#
9,0.190356,0.17708,-0.015937,0.252953,0.053275,-0.047968,0.10861,-0.31181,0.173952,1.0,0.135993,0.065435,0.159387,0.188582,-0.166295,0.360188,-0.062049,0.004154,-0.070344,-0.052903,0.073721,-0.120073,0.044063,-0.298438,-0.036809,-0.196112,-0.147335,-0.260266,0.068429,0.082246,-0.024967,-0.077286,-0.03025,0.05899,0.282757,0.061564,0.039423,-0.354236,-0.098762,0.225818,-0.169104,0.068304,0.021724,-0.14062,0.157247,-0.095594,-0.17237,-0.212494,-0.184106,0.113699,0.217413,-0.146389,0.011896,0.192638,0.03371,0.191177,-0.140634,0.273693,-0.101383,0.18464,0.089294,0.175581,0.074306,0.180432,-0.277592,-0.005189,0.25839,-0.048229,-0.064135,-0.110834,-0.000321,-0.249379,-0.005869,0.100368,-0.133767,-0.023982,-0.079985,0.099739,-0.094836,0.020001,-0.074862,-0.018867,0.028831,-0.020661,-0.053031,-0.243722,0.144966,-0.123681,-0.016107,0.045166,-0.261105,-0.144719,0.146777,-0.004754,-0.136784,0.063924,-0.187376,-0.021313,-0.234811,0.123045,-0.112702,-0.005341,0.023049,0.314291,-0.091639,0.115956,-0.158636,0.036144,-0.107848,0.064015,-0.323664,-0.102162,-0.181756,0.078221,-0.183129,-0.089329,-0.034765,-0.12242,0.143387,-0.09784,-0.149796,0.300922,-0.089951,-0.02149,-0.194189,0.085142,-0.147892,-0.152201,0.068537,-0.003853,-0.119246,0.227812,-0.10538,0.252319,-0.071119,0.059284,-0.010221,-0.127978,-0.055214,-0.127018,-0.006989,-0.237384,0.073677,-0.014963,0.013727,0.028801,-0.051845,0.218863,-0.04418,0.060049,-0.116262,-0.216497,-0.331372,-0.033524,0.184952,0.062378,-0.005418,0.282437,-0.035922,-0.240584,-0.100563,-0.174299,-0.088698,0.186315,-0.065541,-0.125553,-0.034231,0.245201,-0.026204,-0.009873,0.209081,-0.122219,0.035576,0.021023,0.163959,-0.130616,-0.232262,0.113598,-0.072617,-0.132416,0.068642,0.052142,-0.100656,0.123757,-0.051654,0.012546,0.079723,-0.072684,0.051352,0.136477,-0.288945,0.05706,0.073322,0.049301,0.04801,0.001836,-0.008595,-0.065183,0.101231,0.016737,#
10,-0.086085,0.055831,0.015331,0.002567,0.026574,0.29576,0.086194,-0.11922,-0.006187,0.135993,1.0,0.203197,-0.053425,-0.091446,0.025849,0.133384,0.426941,-0.105301,-0.097975,-0.201267,0.261332,0.126929,0.065865,0.056871,-0.062027,0.035567,-0.205638,0.014875,0.143008,0.20304,-0.141967,0.136217,-0.304247,-0.078629,0.385657,0.112585,0.11257,-0.135108,0.078753,0.179586,-0.271833,-0.004168,0.026182,-0.131198,-0.056279,0.005118,-0.285864,-0.325405,0.12468,-0.115317,0.218292,-0.058053,-0.223617,0.026508,0.310285,-0.024405,-0.340884,0.178318,-0.069436,0.05117,0.069266,0.011616,-0.073806,0.15595,0.27407,-0.077275,0.010974,-0.099771,0.070108,-0.3124,-0.091228,0.030673,0.137447,-0.204471,-0.02252,0.278591,-0.298487,0.013107,-0.314826,-0.247404,-0.263882,-0.098701,-0.264185,0.25697,-0.368552,-0.167465,-0.270137,-0.168651,-0.344051,-0.129564,-0.060352,-0.277508,-0.179532,-0.060074,-0.197431,-0.022002,-0.222428,-0.154109,-0.204681,-0.125809,0.25624,-0.041071,-0.203588,-0.213766,-0.067974,-0.155344,-0.159552,-0.055836,-0.253509,0.485445,-0.340003,-0.14159,-0.309779,-0.084092,-0.236826,-0.037691,-0.229167,-0.12854,-0.119547,0.120654,-0.430202,0.047997,-0.290696,0.011161,-0.046339,-0.116942,0.078139,-0.054347,-0.084549,-0.262731,0.018751,-0.071619,-0.135729,-0.156303,-0.152071,-0.018301,-0.083687,-0.270513,-0.120539,-0.256394,-0.265738,0.027863,-0.05651,-0.082421,-0.19109,-0.086387,0.000698,0.027295,-0.03165,-0.169107,-0.030717,-0.207242,-0.260532,-0.300273,-0.262923,-0.371814,0.030882,-0.001992,-0.150175,-0.100012,0.044816,-0.159798,-0.23988,-0.166833,-0.243768,0.076227,-0.23558,-0.034983,-0.203885,-0.158,0.215392,-0.081718,-0.259242,-0.316612,0.185437,-0.373351,-0.395895,0.381959,0.08443,0.231494,0.124224,0.215585,0.05643,0.204365,0.155703,-0.239467,-0.121972,-0.068867,0.41206,0.133112,-0.327238,0.328386,0.093298,0.139762,-0.027351,-0.046992,0.203358,-0.343906,-0.251852,-0.084193,#
11,0.015411,0.024268,0.252619,0.037652,0.185744,0.063421,0.005263,-0.190859,0.195504,0.065435,0.203197,1.0,-0.284735,0.08307,0.047257,0.17751,0.068501,-0.141611,0.001248,-0.20822,-0.058125,-0.164348,-0.038707,-0.181064,0.121641,-0.106516,-0.146043,-0.115012,0.318318,0.227693,-0.160718,0.110284,-0.388929,-0.053353,-0.126499,0.171395,-0.234973,-0.056851,0.101891,0.316817,0.001309,-0.144551,-0.03307,-0.061302,0.164062,0.168055,-0.047036,-0.23755,0.05827,0.195055,0.206645,-0.129214,-0.016951,0.072328,-0.13624,0.194953,-0.201918,-0.178805,-0.249357,-0.019287,-0.207723,0.144373,0.268334,0.048857,0.025719,-0.20838,0.048348,0.02372,-0.01382,-0.075246,0.238116,-0.070248,0.014692,-0.020494,-0.165898,0.184883,-0.37253,-0.059012,-0.030356,-0.271003,-0.020227,-0.184281,0.080015,0.274849,0.034363,0.076284,-0.200556,-0.27054,-0.015025,-0.414469,0.017912,0.009797,0.06116,-0.099436,-0.191257,-0.200871,-0.242999,-0.274201,-0.130675,-0.053451,-0.130349,0.098705,-0.05847,0.124607,-0.249669,-0.084653,-0.044197,-0.134607,-0.119433,0.013321,-0.373467,0.114944,-0.29252,0.13486,-0.26054,-0.046457,-0.00234,-0.141499,0.066129,-0.003366,-0.132727,-0.069142,-0.227888,-0.107467,0.297867,-0.001971,-0.150438,-0.353533,-0.263772,-0.272647,0.047521,-0.151639,-0.00182,0.115773,-0.094341,0.019157,0.182523,0.002144,-0.022771,-0.103051,-0.016415,0.111182,-0.084412,-0.054059,-0.214911,-0.242514,0.298396,0.121182,-0.002888,-0.24204,0.091451,-0.085793,-0.009189,-0.088524,-0.253624,-0.178109,0.068925,-0.019888,0.013538,0.062377,0.032717,-0.049536,0.065189,-0.120449,-0.125898,-0.272348,-0.239186,-0.080755,0.233199,-0.0768,0.085001,-0.20071,-0.050758,-0.38931,0.166693,-0.089722,-0.130503,0.002191,-0.093665,-0.182335,-0.05679,0.008668,0.071471,0.124482,0.145735,0.032222,0.149011,-0.153083,-0.096367,0.04583,-0.299433,0.21413,0.148138,0.079929,-0.045885,0.08963,0.083637,-0.249182,-0.035174,0.313854,#
12,-0.061397,0.027172,-0.318557,0.053323,-0.023031,-0.150805,0.137792,0.047158,-0.03237,0.159387,-0.053425,-0.284735,1.0,0.155665,0.076045,0.232749,-0.100889,0.024071,0.086861,0.122987,0.255993,0.08769,0.007705,-0.08728,-0.246534,-0.084749,0.214997,0.128291,-0.043836,-0.072451,-0.025794,0.213502,0.130309,-0.112534,-0.03699,-0.20147,0.212363,-0.162674,-0.062823,-0.004654,-0.058637,0.389541,0.055038,0.216462,0.154434,-0.197108,-0.021965,0.018108,-0.065582,-0.222314,0.076392,-0.073962,0.02393,-0.116999,-0.112938,-0.080993,-0.11892,0.106905,0.063387,0.026289,-0.160965,0.004576,-0.295435,0.013393,-0.010242,0.187896,0.070854,0.117987,0.175095,-0.081895,-0.034797,0.010227,-0.162539,0.05048,0.064299,-0.027758,0.092493,-0.124268,-0.088504,-0.143978,-0.101489,-0.186258,0.160068,-0.048807,-0.042414,-0.192946,0.219627,-0.000818,-0.272624,0.027205,0.004227,-0.293486,-0.095297,-0.009082,0.033424,0.219139,-0.096351,-0.015257,-0.286674,-0.101635,0.001698,-0.143261,-0.017948,-0.154672,0.166126,0.083442,-0.12474,0.076681,-0.207275,-0.171914,0.298441,-0.115648,0.003832,-0.042915,-0.014227,-0.083696,0.125631,0.096968,-0.141127,-0.042345,0.050416,-0.191928,-0.231294,-0.152103,-0.299641,0.257176,-0.308991,0.075145,0.111089,-0.043409,-0.257877,0.146781,-0.094366,-0.028493,-0.062323,-0.043711,-0.030946,-0.084008,0.056697,0.119633,-0.018001,0.173531,-0.059874,-0.164733,-0.120351,0.021072,-0.110758,0.245447,-0.325791,-0.023295,-0.114618,-0.03976,-0.100359,-0.132696,-0.296025,-0.088037,0.205098,0.008537,-0.167322,-0.023258,0.038925,-0.079413,-0.021781,0.031641,-0.134909,0.019474,-0.058298,-0.060476,0.022578,0.052118,0.008418,0.122453,0.079746,0.178094,0.129497,-0.079718,-0.069277,-0.076011,0.132335,-0.034346,0.231798,-0.040769,-0.001594,0.080876,0.065394,-0.005182,-0.028225,0.073437,0.040569,-0.005413,0.005044,0.060154,0.038533,0.090558,0.003695,0.046864,-0.067747,0.152777,0.049465,0.146511,#
13,0.231694,0.268922,0.051712,-0.212873,0.153779,0.119257,0.06788,-0.17131,0.433745,0.188582,-0.091446,0.08307,0.155665,1.0,0.199274,0.067883,0.009265,0.11582,0.001623,0.049628,-0.194615,-0.067416,0.098349,-0.375487,-0.096679,-0.118058,0.180931,-0.156917,0.112718,0.045949,-0.320344,0.131571,-0.129394,-0.149041,-0.200839,0.136052,0.1367,-0.106652,-0.00597,-0.181215,-0.01308,0.248157,-0.150913,0.12656,0.068517,-0.422527,0.337938,0.163929,-0.104648,0.103696,-0.063523,-0.107233,0.067976,-0.010724,-0.297949,0.256716,0.058168,0.39421,0.23662,0.377689,0.011229,0.23283,-0.127824,-0.07539,-0.101417,0.282284,0.315196,0.333703,0.335464,0.15366,0.116167,-0.054878,-0.091346,0.114533,-0.07015,0.198424,-0.08314,-0.221716,-0.369121,0.093645,0.042482,-0.319088,-0.042058,0.163661,0.06593,0.171095,-0.080026,-0.377428,-0.187922,-0.163701,-0.205645,-0.016113,-0.134991,0.271188,-0.291494,0.090406,0.176278,-0.150117,0.028401,-0.209105,-0.064545,-0.228815,-0.180222,0.035617,0.015362,-0.160395,0.047138,-0.172045,0.150336,-0.090676,0.208153,0.164213,-0.118881,0.096158,0.087742,-0.204663,-0.302253,0.027207,0.284987,-0.343705,-0.031643,-0.142326,-0.059877,-0.228597,-0.032026,-0.033086,-0.202013,0.050811,-0.118309,-0.277567,-0.099452,0.298945,-0.472965,-0.272646,-0.010199,-0.202114,-0.064857,0.144074,0.252029,-0.018026,-0.020872,-0.293797,-0.224358,-0.159078,-0.026882,-0.323619,0.012641,0.463886,-0.167024,0.293919,-0.146472,-0.049151,0.078993,-0.101675,0.055147,-0.053874,0.422212,0.317306,0.011365,-0.099808,-0.268076,-0.294677,0.303678,0.491702,0.067345,0.268012,-0.086629,0.022911,-0.118261,-0.182102,-0.018335,0.100985,-0.042185,0.131646,-0.036943,-0.158191,0.064128,-0.179169,0.159235,-0.034908,0.476914,0.053498,-0.341125,0.021018,0.111419,-0.047104,0.321356,0.049734,-0.43709,0.22934,-0.003261,-0.146432,0.220677,0.159884,-0.113281,-0.14395,-0.387367,-0.121746,0.078205,0.090332,#
14,0.296768,0.196888,-0.220053,-0.130719,0.094586,-0.028987,0.109911,0.063749,-0.154378,-0.166295,0.025849,0.047257,0.076045,0.199274,1.0,0.117965,0.133254,-0.167431,-0.114263,-0.081482,-0.153918,0.001813,0.001788,-0.135483,0.023196,-0.028913,0.20204,-0.152531,-0.030639,0.051757,-0.310795,0.228798,-0.072613,-0.184836,-0.032868,-0.140487,-0.113132,0.112546,0.077294,0.10055,0.017826,-0.148171,-0.303136,-0.000335,0.316788,-0.314184,0.273567,0.06905,0.035667,-0.212141,-0.266816,0.020123,-0.158783,-0.270967,-0.153613,0.176494,-0.135743,-0.238329,0.002193,0.081524,-0.153419,0.347048,-0.049754,-0.093789,0.090116,-0.0311,-0.155231,-0.015335,0.221755,-0.170708,0.133255,0.166066,-0.194291,0.060374,0.169419,0.127899,-0.180055,-0.088769,-0.30941,0.191439,0.024605,-0.29979,-0.112777,-0.053364,-0.164473,0.201464,-0.233404,-0.04885,0.004386,-0.22713,0.087369,-0.154628,-0.134742,0.123521,-0.056978,-0.117586,0.12488,-0.125078,-0.14121,-0.058071,0.0046,-0.263601,0.065078,-0.044989,-0.038816,-0.147695,0.003141,-0.23282,0.129781,-0.071644,0.166064,-0.075218,-0.220144,0.093004,-0.334243,-0.136907,0.112853,0.108183,-0.083421,-0.291085,-0.228014,-0.138128,-0.184221,0.004059,0.164041,0.019622,-0.226725,0.230131,-0.049748,-0.186785,-0.152566,-0.360867,-0.198588,-0.262789,0.028731,-0.256834,-0.132948,-0.207377,-0.099221,0.024841,-0.21445,-0.030356,-0.042206,-0.290434,-0.16448,-0.076152,0.080846,0.116725,0.052068,0.04171,-0.0857,0.074033,-0.131999,-0.176089,-0.118441,0.044652,0.159035,-0.050996,-0.192427,-0.131003,-0.375624,-0.036716,0.199208,-0.050254,-0.012053,0.150932,-0.064443,0.041,-0.026509,-0.394641,0.00626,0.010599,-0.143394,-0.120838,0.032457,0.024814,-0.053527,-0.14726,0.080275,-0.027301,0.087782,-0.058594,-0.0135,0.150753,0.136934,-0.162303,0.325002,-0.015161,-0.034243,-0.155311,-0.031109,0.044081,0.126518,0.107625,0.034396,-0.118126,-0.095365,0.055936,-0.183151,0.039238,#
15,0.065699,-0.059318,-0.310184,0.005764,0.126521,0.026361,0.037314,-0.118479,-0.077501,0.360188,0.133384,0.17751,0.232749,0.067883,0.117965,1.0,0.117029,-0.270934,-0.030963,-0.466674,0.093974,-0.202129,-0.044568,-0.341074,-0.157843,-0.239612,-0.136678,-0.121942,0.035334,0.1697,-0.213584,0.130807,-0.046172,-0.16277,0.09511,-0.120693,-0.143981,-0.093851,0.329974,0.454044,-0.14289,-0.094665,0.034721,-0.05277,0.060048,0.119936,-0.215769,-0.201514,-0.030868,-0.167638,0.350588,-0.157854,0.113723,0.015932,0.069061,0.245914,-0.189149,0.118719,-0.036525,0.15779,-0.167143,0.268195,-0.112648,0.077713,-0.163872,-0.205672,-0.163085,0.113456,0.038077,-0.403915,0.145267,0.034749,-0.135928,0.053983,-0.045286,0.090669,-0.177607,-0.021417,-0.168612,-0.156881,-0.124607,-0.05585,0.269866,0.128258,-0.008047,-0.036401,0.097375,0.073921,-0.154427,-0.011056,0.072019,-0.304483,0.043289,-0.159339,-0.098464,-0.088941,-0.051357,0.063334,-0.243994,-0.071066,0.09091,0.022783,-0.072893,0.072495,-0.049097,-0.164354,-0.215868,0.190876,-0.261053,0.142751,-0.50471,0.145997,-0.162033,-0.088623,-0.299701,-0.279723,0.142089,-0.097527,-0.255325,-0.04983,-0.20652,0.007055,-0.079571,0.074069,0.059176,-0.012567,-0.03057,-0.073404,-0.142076,-0.274747,-0.250209,-0.132641,0.004148,-0.032911,-0.177677,-0.031518,0.058278,-0.221914,-0.037117,-0.053142,-0.377722,0.068059,0.000726,-0.120879,-0.233758,-0.138426,-0.136199,-0.044801,-0.331798,-0.223969,0.085895,-0.304007,-0.260979,-0.373296,-0.218466,-0.042972,-0.0646,-0.036511,-0.313672,-0.273504,-0.209928,-0.36199,0.016151,-0.210312,-0.224669,-0.250892,-0.4011,0.142429,0.045866,-0.179929,0.044909,-0.144878,-0.030372,-0.01373,0.272733,-0.166912,-0.296487,0.115538,-0.02897,0.067903,0.044067,-0.22241,0.235739,0.370865,-0.087329,-0.155044,0.160638,-0.220057,0.262357,-0.029908,-0.250782,0.256236,0.265666,0.072116,0.132415,0.117154,0.038403,-0.225559,-0.03884,-0.124774,#
16,0.06939,-0.200549,-0.176965,-0.078086,0.165899,0.106613,-0.012527,-0.13,-0.129477,-0.062049,0.426941,0.068501,-0.100889,0.009265,0.133254,0.117029,1.0,-0.160324,-0.080487,-0.090241,-0.001209,-0.003443,-0.020028,-0.054085,-0.14014,0.180515,-0.238462,-0.089434,0.020909,0.093326,-0.262761,-0.028611,-0.157297,-0.104648,0.232236,0.160992,-0.029373,0.076018,0.120411,0.022716,-0.246435,-0.126776,-0.310759,-0.245397,0.101621,0.150108,0.031702,-0.27185,0.224783,0.115869,0.040674,0.012111,-0.188199,-0.039891,0.237775,0.033608,-0.037216,0.042342,0.200296,0.009479,0.031339,0.051623,0.075798,0.128692,0.053719,-0.209549,-0.174611,-0.236463,0.131523,-0.219328,0.152129,0.008124,-0.218548,-0.265963,-0.012615,0.163185,-0.208423,0.05822,-0.257795,0.067694,-0.097476,0.139724,-0.145585,0.077259,-0.268258,0.038642,-0.220334,0.045057,-0.057213,0.00382,0.055619,-0.087047,0.062446,-0.02829,-0.127192,-0.187461,-0.083193,-0.193021,-0.025716,-0.268579,0.168914,-0.01589,-0.314974,-0.369069,-0.146812,-0.087205,-0.093623,-0.074002,-0.094193,0.148521,-0.243194,-0.084608,-0.078022,-0.218197,-0.235512,0.053628,-0.139226,-0.171595,0.14367,-0.025134,-0.182684,0.026328,-0.055285,0.067328,0.035908,0.014599,-0.136573,0.020552,0.100097,-0.142456,0.172871,0.006303,-0.077492,0.098279,-0.224221,-0.104005,-0.149547,-0.238997,-0.262121,0.003003,-0.24476,-0.013898,0.144868,-0.01735,-0.297082,0.00935,0.163309,-0.23068,0.143597,-0.197782,-0.227596,-0.061172,-0.127196,-0.2017,-0.100915,-0.192365,0.106771,0.026524,-0.201156,0.190699,0.027084,-0.078221,0.037918,-0.143266,-0.228338,0.140948,0.098232,-0.013222,-0.253035,0.052387,0.323631,-0.052566,-0.091556,0.075708,0.07902,-0.16831,-0.152922,0.221421,0.110298,0.144695,0.078406,0.008039,0.231935,0.125371,0.173063,-0.179448,0.0253,-0.093446,0.247114,-0.19081,-0.140532,0.242035,0.028981,-0.021322,0.072819,-0.068645,0.164974,-0.131659,-0.306574,0.082368,#
17,-0.048891,0.246666,0.265564,0.115029,0.000448,-0.018397,0.05338,-0.117109,0.289789,0.004154,-0.105301,-0.141611,0.024071,0.11582,-0.167431,-0.270934,-0.160324,1.0,0.079872,0.162328,0.127601,0.004428,0.084312,-0.030528,0.084948,0.024713,-0.094134,0.035915,0.064504,0.077699,0.108643,0.024195,0.224744,0.062082,-0.071607,0.107867,0.052446,-0.15685,-0.185763,-0.165183,-0.010083,-0.030612,-0.081002,0.104139,0.071511,-0.093558,0.02904,0.11709,-0.165904,0.105527,0.129177,0.055704,0.204128,0.037711,-0.175001,0.011634,0.262549,0.304324,0.195145,-0.063487,0.17521,-0.158008,0.110833,-0.174896,-0.018841,0.083908,0.058289,0.052716,0.052191,0.121929,-0.071593,-0.081681,-0.214895,-0.092239,0.066268,-0.045658,0.055514,-0.028339,-0.021654,0.186882,0.120604,0.109157,-0.085431,-0.011054,0.315607,-0.12692,0.157308,0.050054,0.021479,0.16345,-0.213952,0.046095,-0.204134,0.060523,-0.151943,-0.226145,0.013452,-0.06356,0.180101,0.13512,0.004357,0.058652,0.075199,0.077091,0.031343,0.170049,-0.088709,0.008104,-0.039018,-0.050168,0.18262,0.114708,0.176703,0.153627,0.111549,0.053418,0.014488,0.207414,0.146128,-0.008247,0.195023,0.098817,0.014731,-0.087676,0.129846,0.210308,0.176078,0.12523,-0.210602,0.131959,0.060422,-0.019616,-0.212576,0.124811,-0.095489,0.090105,-0.025209,0.075077,0.249555,-0.131356,0.051362,0.011896,0.032741,-0.008772,0.227539,-0.188382,0.13201,0.076448,0.128884,0.157868,0.048551,-0.036888,0.060352,-0.083181,0.196083,-0.022605,-0.019245,0.344417,0.064353,0.276695,0.048325,0.216355,-0.105637,0.299237,0.28708,0.0662,0.102026,-0.094365,0.052388,0.254971,-0.026865,-0.131253,0.013651,0.026632,-0.139465,0.269278,0.024606,0.153236,0.148248,-0.185963,0.195122,0.032711,-0.249359,-0.14702,-0.00657,0.068211,-0.075433,0.034167,-0.222443,0.289134,0.113959,-0.052176,0.182724,-0.009469,-0.011224,0.064972,0.044212,0.101471,0.282141,-0.116262,#
18,-0.122554,-0.100403,-0.15738,-0.33626,0.145596,0.072538,0.150913,-0.061616,0.292964,-0.070344,-0.097975,0.001248,0.086861,0.001623,-0.114263,-0.030963,-0.080487,0.079872,1.0,0.069758,0.147704,0.047109,0.36187,-0.028819,0.005541,-0.064059,0.27272,0.195842,-0.139414,0.218852,0.009063,-0.077899,-0.103297,0.037337,-0.073171,0.151757,-0.110279,-0.161125,0.057674,-0.202534,0.055527,-0.113495,0.161251,0.135764,-0.082596,-0.106994,0.097124,0.183937,-0.10977,0.011711,0.215636,0.153153,0.136944,-0.139641,-0.135557,0.124914,0.077199,-0.024982,-0.033299,0.103689,-0.156862,-0.227698,-0.112255,-0.033813,0.038998,0.194497,0.214306,0.075443,0.0065,0.159671,0.222238,-0.153397,-0.292057,0.144224,0.012645,0.082636,0.07894,-0.510677,0.058902,-0.065351,-0.201477,-0.060102,-0.173254,0.174312,0.097394,-0.070143,-0.142368,-0.158075,0.0442,0.202112,-0.116235,0.08997,-0.095266,0.001579,-0.072655,-0.032229,-0.045361,-0.117863,-0.406459,-0.064409,0.094299,0.11509,-0.098653,0.164183,-0.093109,-0.074023,0.120362,0.040111,0.228422,0.09647,0.127545,0.115983,0.213735,-0.120733,-0.170061,-0.173917,0.147234,0.102636,0.313697,-0.059668,-0.053064,-0.218418,-0.186164,-0.284275,-0.027802,-0.181752,0.016002,0.048037,0.025323,-0.096815,-0.074344,0.057938,0.048181,0.097433,-0.291345,-0.070577,0.113408,-0.159736,-0.037092,-0.188252,-0.015479,0.039025,-0.24325,-0.129322,-0.088297,-0.128451,0.111999,0.162136,-0.081347,0.149037,0.203814,-0.180075,0.263756,-0.217679,-0.171948,-0.130081,-0.059218,0.257574,-0.040979,0.125548,-0.041842,-0.115952,-0.215767,-0.014394,0.164582,-0.066002,0.222227,0.036986,-0.195519,0.120054,0.054574,0.302911,0.050215,-0.114448,0.216373,-0.121222,0.168495,-0.059045,0.118049,0.131719,0.186571,0.097715,-0.044341,0.066301,0.006598,0.31734,0.194515,0.065305,-0.298265,0.049728,0.087688,-0.001139,-0.149568,-0.082751,-0.343278,0.358788,0.110555,0.157521,0.340801,0.072069,#
19,-0.21112,0.000103,0.100406,0.118704,-0.081761,-0.064841,0.034756,0.049353,0.175696,-0.052903,-0.201267,-0.20822,0.122987,0.049628,-0.081482,-0.466674,-0.090241,0.162328,0.069758,1.0,-0.192311,0.023997,-0.054829,0.329375,-0.020365,0.071116,-0.013325,0.088931,-0.218603,0.023805,0.150917,0.04606,-0.021496,0.384463,-0.219109,-0.110071,0.18854,0.002031,-0.158467,-0.293681,-0.069927,0.091492,0.009015,0.125024,-0.084627,-0.031017,0.178931,0.072262,-0.159278,0.139313,-0.056861,0.260286,0.084792,-0.083092,-0.308388,-0.01362,0.243195,-0.20075,0.060296,-0.201251,0.032797,-0.059503,0.089105,-0.015943,-0.12997,-0.02437,0.252672,-0.150644,-0.019494,0.234884,0.121228,-0.032138,-0.113729,0.067999,-0.069201,-0.070547,0.366732,0.167731,0.186489,0.170798,0.282176,0.129097,0.137289,0.024193,0.089664,0.150724,0.023974,-0.091774,0.189328,0.156282,-0.112243,0.264698,0.261213,0.103026,-0.204074,0.025389,0.158398,-0.067559,0.053099,0.172447,-0.26651,0.175483,0.043203,0.027358,0.114405,0.168881,0.067729,-0.096601,0.194108,-0.124487,0.437755,-0.097545,0.383373,0.198924,0.190996,0.058014,0.145259,0.029097,0.229096,-0.028754,0.305746,0.144674,0.148331,-0.14573,-0.076223,0.294332,0.048218,0.120855,0.165877,0.191462,0.091562,0.267749,0.040019,0.100658,0.158986,0.009944,-0.172413,0.064971,-0.01906,0.135178,0.299566,-0.059342,0.215598,0.182714,0.247071,0.257024,0.187163,-0.029908,0.080699,0.358962,-0.084425,0.208214,0.173956,0.267135,0.344516,0.311469,0.012951,0.037008,0.247995,0.222886,0.016287,0.345916,0.032949,0.291724,0.29859,0.081156,0.353203,0.042142,0.113077,0.200223,-0.263431,0.276938,0.134879,0.125082,-0.150458,0.175082,0.118027,-0.145534,-0.12709,-0.086667,0.021351,-0.028778,-0.042771,-0.182661,-0.09633,0.21861,-0.098755,0.352431,-0.421834,-0.116465,0.313865,-0.327041,-0.299933,-0.106349,-0.04038,-0.266019,-0.026339,0.303322,0.066141,0.044508,#
20,-0.077381,0.246846,-0.237413,-0.056005,0.161923,0.029368,0.277819,-0.079429,-0.164898,0.073721,0.261332,-0.058125,0.255993,-0.194615,-0.153918,0.093974,-0.001209,0.127601,0.147704,-0.192311,1.0,0.370751,0.169755,0.109928,-0.079058,0.024254,0.093027,0.142572,0.377268,0.312979,-0.107178,-0.121769,0.302319,-0.184191,0.152413,0.049601,-0.020645,-0.222151,-0.052423,0.184387,0.283501,0.03457,0.193376,0.019761,-0.0292,-0.01319,-0.393814,-0.028493,-0.145995,-0.213184,0.082812,-0.226382,-0.114057,-0.084061,0.111885,-0.159769,-0.203183,0.153894,0.02134,0.164023,0.070104,-0.147244,-0.183046,0.121185,0.135688,0.108023,0.022867,-0.056272,0.119684,0.055577,-0.392219,-0.051136,0.172042,-0.113682,-0.178514,0.096009,-0.049368,-0.052281,-0.270797,-0.238915,-0.277893,-0.150842,-0.088437,-0.037981,-0.151277,-0.319003,0.166643,-0.313238,-0.22328,-0.014701,-0.251299,-0.363885,-0.208879,-0.255394,-0.085557,-0.028839,-0.408253,-0.112864,-0.350941,-0.006798,0.291819,0.020148,-0.224983,-0.313289,0.082686,0.001271,-0.219844,-0.237875,-0.267727,0.14579,-0.092247,0.163851,-0.280414,-0.141021,-0.156202,-0.046036,-0.039234,-0.106183,-0.129078,-0.127078,-0.183907,-0.251689,-0.229946,-0.178461,-0.194806,-0.075537,0.134606,-0.104176,-0.023138,-0.263695,-0.3398,-0.189958,-0.046852,0.016193,-0.309444,-0.016746,-0.239648,-0.353111,-0.032742,-0.360656,-0.449595,-0.027959,-0.234598,-0.09686,-0.336732,-0.214102,-0.197806,0.26413,-0.091029,-0.347557,0.050514,-0.298195,-0.285098,-0.286004,-0.379961,-0.233663,-0.106349,0.275041,-0.242541,-0.256544,0.107657,-0.095796,-0.313076,-0.109585,-0.335221,0.037316,-0.323413,-0.006443,-0.239785,0.231456,0.226018,0.119038,-0.28678,-0.078685,0.21963,-0.265922,-0.135603,0.229082,0.179373,-0.066631,0.234679,0.018681,0.110959,0.247414,0.309405,-0.102474,-0.198574,0.072895,0.307667,0.300472,-0.293959,0.493301,0.348329,0.14591,0.081611,0.313081,0.28631,-0.021046,0.079037,0.047566,#
