0,1.0,0.291625,-0.161448,-0.15151,0.298956,0.250115,-0.006987,0.169121,-0.195584,0.182086,0.014281,0.056629,0.388411,0.175882,0.12059,-0.08721,0.222044,0.044206,-0.010294,-0.189481,0.090071,0.371241,0.105042,-0.022536,-0.213224,-0.120299,0.037703,-0.208467,0.2166,0.125341,0.046785,0.077506,0.175495,-0.117027,-0.105688,0.063953,-0.124714,-0.119778,-0.076734,-0.191925,-0.11173,-0.003449,-0.030905,0.202574,-0.162347,-0.201506,0.087163,0.062248,-0.193396,-0.248063,-0.048711,-0.233596,-0.01494,-0.190362,0.172009,-0.047876,-0.11186,0.065747,0.218089,0.220633,0.37931,0.010617,-0.24706,-0.027363,0.073657,0.231381,-0.066652,0.209375,0.13334,-0.288684,-0.117893,0.002052,-0.3656,-0.18678,-0.482482,0.327668,-0.124623,-0.179679,-0.35934,-0.194744,-0.145588,-0.19204,-0.063833,-0.073115,-0.185441,-0.121786,-0.107512,-0.069596,-0.124474,-0.40757,-0.287331,-0.493827,-0.228042,-0.084105,0.013623,-0.173187,-0.031583,-0.222949,-0.129049,-0.068922,0.130523,-0.302461,-0.220483,-0.119723,-0.061833,-0.187892,-0.277518,-0.092091,-0.410516,-0.070929,0.028494,0.106386,-0.232441,-0.166588,-0.222344,0.082919,-0.374504,-0.363442,0.046892,-0.178117,-0.333708,-0.171422,-0.069093,-0.206131,-0.112982,-0.019881,-0.048678,-0.086104,-0.05069,-0.06104,-0.338284,-0.185665,-0.153415,-0.005986,-0.38038,-0.115332,0.161867,-0.429046,0.118602,-0.295108,-0.182166,-0.178379,-0.265392,0.012068,-0.116637,-0.185576,-0.065062,0.138327,-0.368771,-0.441066,-0.091856,-0.294912,-0.165532,-0.113077,-0.125508,-0.234213,0.266792,0.310251,-0.240521,-0.368146,-0.19976,-0.202259,-0.086749,-0.320705,-0.18929,0.309167,-0.284881,-0.232004,-0.079158,-0.191778,0.229647,0.145491,-0.366085,-0.104483,0.192921,-0.466967,-0.177838,0.091948,0.148748,-0.029374,0.14564,-0.057548,0.052835,0.147384,0.336273,-0.201869,0.251442,-0.004168,-0.010404,0.371632,0.109515,0.279082,0.294341,0.014402,-0.120909,0.253702,0.030859,-0.351842,-0.088864,0.323751,#
1,0.291625,1.0,0.222067,-0.224579,0.079654,0.101646,0.258132,0.203778,0.21745,0.295373,-0.278576,-0.217191,0.378203,0.294725,0.408956,-0.267858,0.111216,0.423433,0.170008,-0.155113,-0.063414,0.116868,0.307797,-0.025801,-0.2121,-0.321481,0.152129,-0.053919,0.087446,0.317346,-0.372188,-0.001687,0.285767,-0.064882,-0.179862,0.326893,0.03001,-0.209893,-0.029907,-0.052241,-0.265104,0.091896,-0.053695,0.197844,0.229086,-0.440324,0.190026,0.025621,0.0791,0.226137,0.02604,-0.305449,-0.015036,-0.184508,0.049691,-0.389044,-0.15375,-0.23538,-0.173507,-0.112218,0.174232,0.166901,-0.380552,0.04936,0.058157,0.29635,-0.134091,0.348002,0.283502,-0.093662,-0.082162,-0.021418,-0.227263,-0.571359,-0.346328,0.447367,-0.289261,-0.491138,-0.240131,-0.396803,-0.124261,-0.487121,-0.436422,0.088403,-0.413846,-0.068876,-0.329586,-0.25371,-0.310828,-0.332461,-0.302242,-0.232135,-0.577965,-0.06462,-0.32898,-0.214144,0.118525,-0.219291,0.048733,-0.209024,-0.040036,-0.305496,-0.359863,-0.22204,-0.358355,-0.282874,-0.491837,-0.064124,-0.685186,-0.251097,0.201904,0.432311,-0.258748,-0.342693,-0.156981,-0.190281,-0.371598,-0.608234,0.078907,-0.585208,-0.366086,-0.40408,-0.494745,-0.299774,-0.214348,-0.20531,-0.214598,0.067729,-0.173466,-0.177239,-0.236072,-0.33687,-0.319964,-0.027305,-0.300182,-0.301606,0.247941,-0.265182,0.121722,-0.372575,-0.343675,-0.046061,-0.563515,-0.24018,-0.036217,-0.191241,-0.260504,0.423547,-0.2129,-0.267008,-0.36316,-0.545096,-0.048529,-0.308975,-0.444849,-0.347812,0.329277,0.492931,-0.36258,-0.132587,0.045616,-0.07445,0.23095,0.044738,-0.218539,0.446302,-0.283971,-0.14816,-0.247423,-0.070844,0.052474,-0.068594,-0.23091,-0.320677,0.324,-0.24496,-0.28923,0.439718,0.508239,-0.537155,0.300414,0.092986,-0.24077,-0.008584,0.278758,-0.12071,0.274004,-0.137762,-0.34633,0.523145,0.151821,0.431619,0.334489,0.393841,-0.247419,0.130416,0.092864,-0.278065,0.121149,0.098325,#
2,-0.161448,0.222067,1.0,0.304758,-0.007189,-0.093557,0.086593,-0.047435,0.165422,-0.156149,0.021737,-0.010421,-0.218517,-0.109278,-0.074476,-0.183342,-0.084598,0.178962,-0.127574,0.144518,-0.127147,-0.046136,0.191795,-0.051416,-0.015172,-0.112623,0.346244,0.199041,-0.020123,-0.031113,0.039632,0.176034,-0.16275,-0.071666,0.218629,0.120783,0.36552,-0.189362,-0.015742,-0.080568,-0.066763,0.174729,0.013292,0.078898,0.024882,-0.255797,-0.081272,0.314561,0.191781,-0.006603,-0.242485,0.181838,0.211504,0.025077,-0.200453,-0.001078,-0.254346,-0.269378,-0.37753,-0.07217,-0.204354,-0.32132,0.064371,0.076193,-0.014615,-0.059029,0.062368,0.064153,0.070987,0.394031,0.268961,0.219641,0.063346,-0.103702,0.049268,0.058309,-0.074162,-0.350222,0.05994,-0.164871,0.171504,-0.026939,0.002148,0.173154,0.063603,0.308582,-0.038795,-0.0719,-0.009549,0.02152,0.060511,0.043291,-0.075762,0.039558,-0.039468,0.032231,0.331006,-0.006328,0.073478,-0.120263,-0.117238,0.077726,0.013624,-0.02867,-0.060021,-0.092079,-0.011611,0.169945,-0.278827,0.152597,0.383776,-0.109087,-0.057193,-0.008102,0.467138,-0.155641,-0.062713,-0.235223,-0.031151,-0.061198,0.041623,-0.093133,-0.037868,0.011807,0.077183,-0.184365,-0.169367,0.136648,0.012608,-0.000143,0.471739,-0.218819,-0.13538,-0.024849,0.163921,0.126721,0.076519,0.283723,0.221429,0.076349,0.026992,0.247722,-0.046862,-0.315421,-0.095336,0.309213,-0.093575,0.02378,0.246056,0.029014,-0.031528,-0.085022,0.193004,-0.024176,-0.08127,-0.060771,-0.063314,0.185505,0.095646,0.080816,0.213003,0.111317,0.010441,0.049957,-0.132304,-0.195882,-0.043277,0.05906,0.174369,0.209712,-0.020437,-0.16065,-0.031366,0.054465,-0.167575,0.229646,0.017375,0.132285,0.059781,-0.233396,0.135474,-0.181876,-0.202991,0.186643,-0.129217,0.051059,-0.206054,0.075908,-0.090436,0.053316,0.249042,0.06558,-0.011395,0.175173,-0.138482,0.136886,0.013586,0.013434,0.141497,-0.084327,#
3,-0.15151,-0.224579,0.304758,1.0,-0.200174,-0.111227,-0.276891,-0.336471,-0.27695,-0.230739,0.152071,0.015477,-0.284739,-0.17424,-0.296793,-0.101919,-0.06543,-0.057092,-0.154349,0.279727,0.228388,-0.117815,-0.080521,0.006196,0.213653,0.11891,0.012225,0.264357,0.005241,-0.283903,0.468396,-0.029743,-0.28996,-0.111312,0.163569,-0.380195,0.165094,0.064125,-0.033611,0.006931,0.076518,0.150582,-0.078507,-0.093479,-0.151955,0.3024,-0.08288,-0.013997,0.200769,-0.09542,-0.034741,0.51262,0.154998,0.192638,-0.104566,0.100097,0.042365,0.040289,-0.083635,0.232299,-0.217965,-0.119953,0.129425,-0.135055,0.117334,-0.234126,0.151137,0.191401,-0.050331,-0.026127,0.061262,0.152039,0.224136,0.254241,0.092183,-0.349701,0.08584,0.056265,0.184011,0.121864,0.247921,0.533725,0.361841,0.120334,0.263592,-0.017299,0.267206,0.15121,0.081723,0.033129,0.311274,0.188677,0.509651,-0.177996,0.362654,0.122989,0.032576,-0.052432,-0.0601,0.25523,0.057618,0.263943,0.242042,0.059794,0.224368,0.331263,0.196824,0.176593,0.284838,0.25533,-0.133203,-0.196572,0.186561,0.236493,0.268115,0.134686,0.29194,0.089426,-0.110018,0.24208,0.187407,0.241675,0.383108,0.09867,0.117771,0.137712,0.056667,-0.069114,0.196907,0.304414,0.396515,0.056675,0.202588,0.239489,0.320368,0.354571,-0.109266,0.301795,0.286237,0.337787,0.23986,0.192379,0.248693,0.104575,0.315105,0.346415,0.194863,-0.234303,0.32925,0.235997,0.232538,0.297488,0.179302,0.367052,0.170413,0.210804,-0.305095,-0.099762,0.119949,0.279875,-0.13079,0.090013,-0.125336,-0.014894,-0.073397,-0.424495,0.099464,0.078003,0.255397,0.187109,-0.251524,-0.02971,0.339822,0.095513,-0.490196,0.274279,0.222806,-0.035373,-0.448987,0.238027,-0.312614,-0.156944,-0.04845,-0.029195,-0.191895,0.171099,-0.15246,0.214111,0.404122,-0.303314,0.07471,-0.173201,-0.172023,-0.212317,-0.115631,0.00471,-0.349762,0.204803,0.045399,-0.177229,#
4,0.298956,0.079654,-0.007189,-0.200174,1.0,-0.037626,-0.035262,0.092916,-0.176948,-0.091793,0.122893,0.038581,0.146133,-0.048133,0.266522,0.091034,0.088573,0.107051,0.143839,-0.03695,-0.066257,-0.148077,-0.008697,-0.224386,-0.054408,-0.176563,-0.247594,-0.177935,0.099629,-0.032599,-0.050129,-0.209101,-0.096149,-0.17646,-0.222778,0.115653,-0.137821,-0.225467,-0.134301,0.096584,-0.083322,-0.180274,-0.231028,0.090243,-0.115306,-0.100179,-0.031526,0.205107,-0.084368,-0.077173,0.230366,-0.099761,0.111738,-0.234628,0.117,-0.001409,-0.391,0.059307,-0.042717,-0.236617,0.029944,0.047289,-0.138218,0.117528,0.018097,0.303344,0.04826,-0.152655,0.014906,0.137023,-0.209978,0.040326,-0.130631,0.038604,-0.155661,0.39954,-0.001375,-0.3609,-0.125046,-0.357169,-0.106602,-0.280141,-0.196928,0.133385,-0.123576,-0.093674,0.03401,-0.227836,-0.235232,-0.120192,-0.00739,-0.290723,-0.044988,-0.213339,-0.205884,0.029458,0.080619,-0.276392,-0.000893,0.143151,0.048115,-0.260901,-0.171398,-0.167556,-0.235481,-0.090954,-0.137773,-0.023911,-0.17566,-0.137572,0.073026,-0.169574,-0.222997,-0.12245,-0.126461,-0.130364,-0.302128,-0.083701,-0.052113,-0.075585,-0.318089,0.001177,-0.046133,0.028525,-0.137973,-0.238903,0.094167,-0.018009,-0.155931,-0.037109,-0.053232,-0.204976,-0.206261,-0.129073,-0.273015,-0.129558,0.117365,-0.21828,-0.134326,-0.006234,-0.118358,-0.131819,-0.010055,-0.089005,0.00728,0.001318,-0.09042,0.056508,-0.167873,-0.377734,-0.243674,-0.208576,-0.3985,-0.168723,-0.327294,-0.211315,0.240094,0.315675,-0.149901,-0.258775,-0.121304,-0.105606,-0.063328,-0.081079,-0.205209,0.09339,-0.128877,0.046781,-0.015401,-0.087312,0.105599,-0.013095,-0.014819,-0.012974,0.143762,-0.123214,-0.207594,-0.016617,0.241565,-0.022764,0.292382,-0.115784,0.270228,0.195692,0.164392,-0.354779,0.173602,-0.199404,-0.224421,0.114143,-0.113996,0.076764,0.140194,-0.035906,0.060817,-0.134073,0.236144,-0.154467,-0.267092,0.215116,#
5,0.250115,0.101646,-0.093557,-0.111227,-0.037626,1.0,0.092965,0.25471,-0.030443,-0.002432,0.25257,0.036768,0.09993,-0.103128,-0.108165,-0.007892,0.302606,0.031591,-0.223138,0.201022,-0.044011,0.359092,0.140438,-0.135012,-0.066307,-0.373683,0.081575,-0.223762,-0.168757,-0.327757,-0.073675,0.289079,0.092263,0.006652,-0.120907,-0.071763,-0.11715,-0.02598,-0.152613,-0.285111,0.000166,0.294824,0.13329,0.150756,0.234262,-0.161644,0.088791,0.209157,0.11345,-0.26777,-0.0665,-0.036926,0.187557,-0.182652,-0.050022,-0.084599,0.230996,-0.216594,0.242479,-0.166631,0.074134,-0.116032,-0.162891,0.013117,0.003862,0.063604,-0.273535,-0.007051,0.130776,0.033357,0.11803,0.379238,-0.125185,-0.053549,-0.237562,0.196507,-0.218437,0.001349,-0.203146,-0.036974,0.3745,-0.209796,-0.017343,-0.330428,0.016803,0.196005,-0.060603,-0.106444,0.033961,-0.35199,-0.14656,-0.019004,-0.186352,0.009629,0.06256,0.021009,0.021749,0.025882,0.020175,-0.025582,-0.106033,-0.045728,0.210854,-0.043691,0.153206,-0.142717,-0.045947,-0.242392,-0.326415,-0.18765,0.144927,0.125673,-0.031381,-0.104853,-0.086393,-0.247556,-0.511691,0.114231,0.014273,-0.128898,-0.067821,-0.280714,0.231529,-0.33688,-0.090119,0.205016,-0.079311,0.103103,0.206409,0.201353,-0.088107,0.011388,0.076779,-0.208332,-0.062906,0.004451,-0.070485,-0.278002,0.061235,-0.315305,-0.16493,-0.154369,-0.299164,0.058873,0.100987,0.171611,-0.210396,-0.063678,-0.056268,-0.116315,-0.031702,-0.046839,-0.14849,0.039008,0.039646,-0.082069,-0.020728,0.00756,-0.072196,-0.042891,0.032061,-0.085987,0.033548,0.189088,-0.019224,0.256986,0.117517,-0.137458,-0.105323,-0.100107,0.088767,-0.074777,-0.411547,0.17687,-0.013534,-0.22453,-0.084908,0.144993,-0.010357,-0.052898,0.062561,-0.031971,-0.025406,-0.069152,-0.07928,-0.052131,0.130617,0.090701,-0.151555,-0.13086,0.178161,-0.121145,0.132653,-0.178735,0.043384,0.115499,-0.02752,0.029509,-0.023164,0.036192,#
6,-0.006987,0.258132,0.086593,-0.276891,-0.035262,0.092965,1.0,0.241722,0.475333,0.213215,0.036033,-0.084499,0.304485,-0.19837,0.297514,-0.161989,-0.028319,-0.037029,0.04954,-0.152198,-0.18471,0.156677,-0.088892,-0.013606,-0.059499,-0.209762,0.194682,-0.149362,0.24072,0.021746,-0.491215,-0.158622,0.119818,0.031287,-0.122673,0.246922,-0.155304,-0.038744,0.081901,-0.063302,-0.04562,0.181749,-0.144174,-0.243951,-0.074272,-0.170146,0.103734,0.076682,0.095528,0.107293,-0.206656,-0.275086,-0.1293,-0.179249,-0.174036,-0.057643,0.18116,-0.16357,-0.199677,0.176465,0.050437,-0.009572,-0.072497,0.140154,0.254338,0.190703,0.190513,-0.125825,0.315507,-0.071762,0.140187,-0.058404,-0.171669,-0.383229,-0.166544,0.353432,0.007332,-0.14492,-0.05441,-0.040728,-0.149095,-0.314814,-0.292667,-0.245311,-0.1685,0.424949,-0.083088,-0.039488,-0.192447,-0.286109,-0.278529,-0.103956,-0.291893,0.032761,-0.032775,-0.195373,0.153525,0.205546,0.036289,-0.186344,-0.022625,-0.087602,0.040638,0.07169,-0.185816,-0.235568,-0.21422,-0.100278,-0.413578,-0.225736,0.084245,0.128055,-0.197882,-0.375746,-0.053351,-0.184843,-0.137402,-0.109293,-0.210874,-0.123354,-0.072308,-0.142708,-0.263547,-0.255625,-0.220912,-0.057098,0.065328,0.49375,-0.180449,-0.069645,-0.195839,-0.614848,-0.429139,0.171399,0.029979,-0.027229,-0.064765,-0.053812,-0.118284,-0.26816,-0.02297,-0.077019,-0.199044,-0.044433,0.01341,-0.188944,-0.275341,0.510521,0.017042,-0.151511,0.04274,-0.132342,0.101492,-0.326662,-0.302332,-0.039515,0.227786,0.152767,-0.162054,-0.199979,0.294299,0.133761,0.390639,0.093269,0.075686,0.275436,0.075652,0.011577,-0.199197,0.141305,0.340541,-0.096265,-0.186243,0.001178,0.126847,-0.022187,0.053184,0.127006,0.327801,-0.10398,0.358188,0.196014,0.111226,-0.05071,0.16958,0.012886,0.188227,0.135626,-0.343003,0.237061,0.134042,0.286952,-0.018585,0.14411,0.01785,0.106086,-0.07815,-0.07816,-0.029424,-0.184662,#
7,0.169121,0.203778,-0.047435,-0.336471,0.092916,0.25471,0.241722,1.0,0.125953,0.048403,-0.006855,-0.215424,0.218316,0.132103,0.005448,0.11955,0.030981,-0.086526,-0.041209,0.067338,0.052059,0.183304,-0.09266,0.256458,-0.034761,-0.116778,0.051294,-0.188947,0.093225,-0.091509,-0.149105,0.062615,0.29835,0.114975,-0.186957,0.08246,-0.038951,-0.124487,0.260927,-0.151406,-0.15041,0.118474,-0.127975,0.119813,-0.199527,-0.172623,0.067977,0.049306,0.166228,-0.166562,-0.242474,-0.12336,0.111212,0.029763,-0.10674,-0.009624,0.16642,-0.113282,0.053697,0.039412,0.126428,-0.017713,-0.257275,0.189857,-0.013242,0.154342,0.0719,0.076181,0.274339,-0.086122,0.164777,0.133137,-0.308566,-0.069752,-0.020478,0.315861,0.045256,0.094883,-0.060405,0.01767,-0.041355,-0.072048,-0.010045,-0.073672,-0.1436,0.196997,0.094413,0.118393,-0.056843,-0.173745,-0.387505,-0.055451,-0.243307,0.121372,-0.14557,0.115469,0.237842,0.161668,0.249243,-0.211216,-0.033845,-0.051096,0.142809,-0.039491,0.20313,-0.047777,-0.141519,-0.112178,-0.353442,-0.416884,0.135756,0.19821,-0.064229,-0.006301,0.034996,0.076133,-0.106196,-0.03163,-0.139308,0.017568,-0.021939,-0.289974,0.011939,-0.173321,0.095879,-0.013135,-0.089915,0.063326,-0.081345,-0.090723,-0.240033,-0.078689,0.021031,-0.128922,0.055833,-0.020046,0.259025,-0.025935,-0.096555,-0.274693,-0.005875,0.224087,-0.192648,0.127009,-0.027803,-0.084246,-0.24156,0.04267,-0.03329,-0.272361,-0.08085,0.041107,-0.196581,-0.05261,-0.191315,-0.01277,0.353693,-0.111223,-0.052303,0.05285,0.045715,0.220937,-0.027939,-0.058998,0.107009,0.065495,0.154217,-0.402507,-0.303864,0.117768,0.051187,-0.085093,-0.383092,-0.028476,0.114669,-0.121269,0.151486,-0.106727,0.078843,-0.078575,0.188583,0.106233,0.114985,0.0204,0.067702,0.136904,0.137094,-0.209358,0.002335,0.148088,0.172524,-0.032433,0.108061,-0.216073,-0.221374,0.075798,0.045816,-0.146736,-0.041023,0.067321,#
8,-0.195584,0.21745,0.165422,-0.27695,-0.176948,-0.030443,0.475333,0.125953,1.0,0.150407,-0.240164,-0.071019,0.275416,0.068973,0.089884,-0.365171,-0.087065,0.268532,0.050891,-0.082039,-0.092668,0.104772,0.085458,0.159027,0.252921,-0.07695,0.341749,0.047155,0.077735,0.111587,-0.286051,-0.042863,0.126873,-0.158964,-0.075996,0.20939,0.14707,-0.205442,-0.043312,-0.073153,0.202867,-0.085634,0.025812,-0.10948,0.187494,-0.270623,0.003461,0.085438,0.015368,0.292534,-0.074285,-0.307422,0.046284,0.070175,-0.420908,0.026544,0.114028,-0.247505,0.128219,0.069457,-0.072087,-0.165577,-0.054359,0.099805,0.243869,0.228855,0.162281,-0.020458,0.097147,0.030167,0.179446,0.031897,-0.155537,-0.164369,0.106022,0.128868,0.072309,-0.051989,0.076426,-0.231035,0.078984,-0.165116,-0.230787,-0.233782,-0.072509,0.333635,-0.146228,-0.012413,0.049554,-0.055099,-0.179854,0.155057,-0.374276,0.239288,-0.020488,-0.091577,0.291905,0.206861,0.029988,-0.116086,9.7e-05,0.236383,0.088798,0.244205,-0.123556,-0.159832,-0.084432,-0.134948,-0.07227,-0.092287,0.335027,0.165584,0.052553,-0.372656,0.078806,-0.063705,-0.007231,-0.083874,-0.048999,-0.069164,0.020531,-0.100345,-0.202028,-0.09411,0.030357,0.043609,0.091664,0.153497,-0.144061,-0.101736,-0.134751,-0.237014,-0.11935,0.036899,0.193154,-0.098194,-0.073227,0.023976,-0.131923,-0.083182,-0.061421,-0.077399,-0.092423,-0.297105,-0.217808,-0.109572,-0.266224,0.288954,0.103327,-0.125046,0.131619,-0.118922,0.188193,-0.273596,-0.087846,0.105863,0.298481,0.257214,0.040497,-0.035702,0.26606,0.205299,0.201949,-0.109017,0.31222,0.239688,0.088679,0.056632,-0.226256,0.024766,-0.19358,0.119918,-0.091979,0.045155,0.023887,0.157735,0.006811,0.17428,0.422841,-0.367327,0.17029,0.111057,-0.110976,-0.120898,-0.08566,0.006224,0.205871,0.039278,-0.294586,0.180906,0.189161,0.020313,-0.040624,0.087537,-0.089658,0.255207,0.022741,-0.051298,0.132797,0.014348,#
9,0.182086,0.295373,-0.156149,-0.230739,-0.091793,-0.002432,0.213215,0.048403,0.150407,1.0,-0.314541,0.111566,0.357309,0.245894,0.177551,0.027438,-0.071634,0.132898,0.160264,-0.165071,-0.235305,0.14347,0.204777,-0.023118,-0.208693,-0.157239,0.232123,-0.097312,0.094156,0.502324,-0.148697,-0.045978,0.135082,0.016819,-0.189795,0.253741,-0.249434,-0.06303,-0.05199,-0.078614,-0.123318,0.00845,0.025171,-0.120737,-0.056134,-0.512651,0.197753,0.049036,-0.240953,0.117812,-0.184284,-0.129449,-0.007815,-0.274912,0.049186,-0.322044,0.062053,-0.161887,-0.060337,-0.132039,0.196105,-0.102885,-0.266249,-0.027977,0.167493,0.165159,-0.105674,0.17067,0.046498,-0.210211,-0.103151,-0.267043,-0.208184,-0.478736,0.041084,0.231095,-0.049796,-0.289162,0.004464,0.015304,-0.23645,-0.335754,-0.357537,0.00838,-0.05609,-0.039726,-0.306594,-0.122589,-0.075579,-0.084071,-0.207464,-0.124321,-0.320907,0.051085,0.047313,-0.084055,-0.075781,0.184269,0.118946,-0.186914,-0.192308,-0.156348,-0.229503,0.043049,-0.111598,-0.017802,-0.432985,-0.121842,-0.262343,-0.216935,0.041224,0.356559,0.046518,-0.239898,-0.393292,-0.264305,-0.167202,-0.042817,0.324174,-0.485584,-0.08437,-0.273572,-0.24715,-0.237025,-0.390346,0.116545,-0.07938,-0.065961,-0.03232,-0.294054,-0.188088,-0.031758,-0.333563,-0.043143,-0.280907,-0.272726,-0.009266,-0.176688,0.141289,-0.289072,-0.017919,-0.226503,-0.387448,-0.304647,-0.059846,-0.124702,0.034382,0.236165,-0.366699,-0.186026,-0.246542,-0.557769,0.024841,-0.320124,-0.134512,-0.168958,0.193016,0.464605,-0.141864,-0.24761,-0.066349,-0.091217,-0.036733,0.07179,0.038104,0.231638,-0.345668,-0.168679,-0.217158,0.120687,0.096946,0.148585,-0.119941,-0.056419,0.335949,-0.418427,-0.32205,0.165227,0.242436,-0.158567,0.169729,-0.088829,-0.292199,-0.288547,0.250831,-0.008758,0.27127,-0.051341,-0.108693,0.322571,0.13585,0.046957,0.034038,0.505942,0.017466,0.017985,-0.100999,-0.163102,0.195415,0.121648,#
10,0.014281,-0.278576,0.021737,0.152071,0.122893,0.25257,0.036033,-0.006855,-0.240164,-0.314541,1.0,-0.028241,-0.249158,-0.472696,-0.13425,0.088073,0.16536,-0.210252,0.021241,-0.146333,0.024435,0.043322,-0.188272,-0.124576,-0.05875,-0.066972,-0.205576,-0.036025,-0.078612,-0.429689,0.203812,-0.00571,-0.26473,-0.018902,0.369047,-0.123666,-0.05818,0.099549,-0.067906,-0.01814,-0.090836,0.022002,0.024816,0.01924,-0.067831,0.248714,-0.19218,6e-06,0.180951,-0.345986,-0.065122,0.174241,0.065238,-0.015278,-0.034243,0.085903,-0.09163,0.244682,-0.084955,0.004161,-0.142339,-0.118668,0.058462,-0.128006,0.000384,-0.356782,-0.072884,-0.281151,0.098076,0.08442,-0.000316,0.043517,0.125967,-0.018481,-0.010485,0.064407,-0.013518,0.182793,-0.050351,-0.212725,0.042122,0.129145,0.045616,-0.178545,0.065259,0.105299,0.238204,-0.07067,-0.102247,-0.049728,-0.173667,-0.195014,0.163328,-0.286381,-0.018716,0.044908,-0.140588,-0.065214,-0.049609,-0.004931,0.036059,-0.119672,0.241624,-0.151618,0.012999,-0.087724,0.043142,-0.131991,0.034588,0.199686,-0.206747,-0.041905,-0.023878,-0.096156,0.066593,-0.020623,-2.5e-05,0.048344,-0.184256,0.264144,0.050912,0.017478,0.117558,0.024107,-0.063687,0.022367,-0.189101,0.195966,0.017853,0.092864,0.254365,-0.07697,0.12464,0.056693,0.181648,0.278729,-0.146135,0.123822,-0.148957,0.089874,-0.08239,0.188195,0.196356,0.043434,0.019112,0.037421,-0.173206,-0.088288,-0.00442,0.209797,0.05441,0.222364,-0.181702,-0.02189,-0.028964,-0.237566,-0.439336,-0.30938,-0.140936,0.012297,-0.037662,0.103012,0.134734,-0.036063,-0.163346,-0.241165,-0.016091,0.19749,0.314881,0.089695,0.159336,-0.030981,-0.007193,0.055333,-0.202449,0.092073,0.034063,0.032085,-0.393626,0.403448,0.108038,0.022358,0.313655,0.265966,-0.124036,-0.157713,-0.262737,-0.047137,0.328175,-0.171197,-0.281531,-0.073366,0.077262,-0.377111,0.083158,-0.008274,0.148156,0.058635,-0.265364,-0.116035,#
11,0.056629,-0.217191,-0.010421,0.015477,0.038581,0.036768,-0.084499,-0.215424,-0.071019,0.111566,-0.028241,1.0,-0.160712,-0.018829,-0.122951,0.130468,0.109578,-0.021656,-0.257639,-0.107465,-0.231004,0.028834,-0.112575,-0.215739,0.086931,0.01072,0.003114,-0.02642,-0.0522,-0.109648,-0.072422,-0.018887,0.040483,-0.069375,0.113813,0.222335,-0.290933,-0.119572,-0.165497,0.036468,0.150037,-0.035621,-0.013382,-0.254388,-0.143636,0.040061,-0.345463,0.073624,-0.134792,0.340064,-0.0162,0.025531,-0.026983,-0.028118,0.008943,-0.034933,-0.052916,-0.033282,0.093397,0.1406,-0.045052,0.138613,0.151267,-0.514355,0.162017,-0.121592,-0.122034,-0.176254,-0.22077,0.112016,0.005938,-0.120494,0.066056,0.268956,-0.170492,0.036994,-0.27259,-0.145653,-0.063405,0.115786,0.142005,0.105466,-0.028706,-0.300204,0.094762,-0.058409,-0.053616,0.087904,0.010665,0.046896,0.085945,0.006852,0.117288,0.028601,0.092432,0.085813,-0.188154,0.122985,-0.132756,-0.010314,0.195041,0.265582,-0.194853,0.104568,-0.088031,0.019137,0.100726,0.081078,0.223643,0.247012,-0.176476,-0.090729,-0.079126,-0.055743,-0.001642,-0.179906,-0.032585,0.141126,0.182606,0.165106,0.161582,-0.153833,0.189032,0.21997,-0.163989,-0.112113,-0.046631,-0.07406,0.190277,-0.04341,-0.065422,0.236012,-0.238296,0.031034,0.05246,-0.201348,0.102796,-0.111734,0.10236,0.045347,0.162015,-0.092947,0.013248,0.037337,-0.116447,0.128371,0.030411,-0.204234,-0.19313,0.034194,0.036954,0.033998,-0.07644,0.101983,-0.020723,0.153743,-0.126107,0.137218,-0.015868,0.008359,-0.134389,-0.328865,0.092919,0.011953,-0.065561,0.00399,-0.004159,0.117989,0.089932,0.034955,0.047242,0.220638,0.067859,0.128349,-0.126724,-0.076885,-0.275581,-0.074345,-0.024823,0.096572,-0.051972,-0.043539,-0.06822,0.015457,0.069001,-0.145698,-0.055513,0.230644,-0.041542,-0.150587,-0.239174,0.012189,0.027795,0.11723,0.018519,-0.195683,0.26393,-0.032297,0.070289,0.176799,#
12,0.388411,0.378203,-0.218517,-0.284739,0.146133,0.09993,0.304485,0.218316,0.275416,0.357309,-0.249158,-0.160712,1.0,0.345502,0.139846,-0.247102,-0.120746,0.209013,0.177317,-0.023968,-0.003951,0.263558,0.184005,-0.010157,-0.115516,-0.263286,0.119648,-0.198043,0.152835,0.28659,-0.116087,-0.048346,0.211404,-0.1248,-0.26941,0.164503,0.069619,-0.018861,-0.067057,-0.339866,0.142035,0.082818,0.124836,0.034461,-0.071227,-0.420779,0.312005,0.167385,-0.078608,-0.047456,-0.09433,-0.062563,0.129635,-0.050476,-0.03086,0.001857,0.125747,-0.162676,0.16565,0.058706,0.460554,0.075183,-0.11484,0.064008,0.138883,0.435691,-0.0849,0.195278,0.332963,-0.16978,0.178216,-0.04064,-0.406606,-0.334138,-0.145529,0.358844,0.077859,-0.028662,-0.041488,-0.284435,-0.00479,-0.385605,-0.307491,-0.064823,-0.254649,0.087634,0.014035,0.137521,-0.063176,-0.296235,-0.182041,-0.083539,-0.405429,0.180405,-0.18684,0.04988,0.303522,0.011226,0.114599,-0.182155,-0.105771,0.031838,0.091728,0.079547,0.059805,-0.069593,-0.223269,-0.240335,-0.388651,-0.259438,0.278425,0.282014,-0.106084,-0.244159,-0.113793,-0.122643,-0.238937,-0.161941,0.144372,-0.406814,-0.115103,-0.30203,-0.133701,-0.28064,-0.113636,0.210315,0.151831,0.274416,0.081409,0.077398,-0.376543,-0.078021,-0.239558,-0.067129,-0.293345,-0.064577,-0.177959,-0.30957,0.136844,-0.135508,-0.074144,-0.138922,-0.274808,-0.116735,0.22445,-0.030904,-0.272067,0.282824,-0.030237,-0.481005,-0.043339,-0.356959,0.183675,-0.320133,-0.183492,-0.041254,0.5016,0.370217,-0.025275,-0.379914,0.074758,-0.043935,0.092752,0.115912,0.234942,0.451998,0.046908,-0.134621,-0.395977,0.064161,-0.061817,0.168475,-0.097254,0.076023,0.341389,-0.270035,0.000108,0.178406,0.472294,-0.166714,0.169767,0.07407,-0.088808,-0.097184,0.236109,-0.035194,0.556683,-0.11695,-0.410031,0.398597,0.330083,0.113233,0.143144,0.145188,0.067145,-0.014247,0.027696,-0.030719,0.193838,0.07177,#
13,0.175882,0.294725,-0.109278,-0.17424,-0.048133,-0.103128,-0.19837,0.132103,0.068973,0.245894,-0.472696,-0.018829,0.345502,1.0,0.179218,0.017514,-0.255386,0.357809,0.115566,-0.05755,-0.051024,0.383521,0.551237,0.347438,-0.074665,0.077621,0.309148,0.061123,-0.002564,0.452888,-0.192204,0.076647,0.242368,0.014736,-0.148081,0.246533,0.073108,-0.216718,0.223591,-0.1629,-0.063778,0.10074,0.245532,0.190364,-0.179382,-0.323402,0.207836,-0.078735,-0.260812,0.050904,0.133851,-0.128439,0.101734,0.078172,-0.083467,-0.070504,-0.06999,0.074415,0.100176,-0.005672,0.269191,0.086787,-0.221893,0.075837,0.019531,0.138242,-0.246373,0.373862,0.039423,-0.055844,-0.123623,-0.005331,-0.23104,-0.016957,-0.244853,0.077255,-0.102611,-0.224273,-0.232729,0.046601,-0.10058,-0.309211,-0.158183,0.177814,-0.086091,-0.115093,-0.159388,0.043283,-0.050314,-0.25067,-0.009173,-0.088353,-0.260693,0.181067,-0.178478,-0.073661,-0.052603,0.019589,-0.065915,-0.129832,0.084877,-0.099874,-0.069353,-0.213646,-0.046831,-0.108341,0.085016,-0.208334,-0.168998,-0.103014,0.127703,0.199663,-0.016689,-0.004815,-0.108208,-0.060015,-0.174257,-0.273755,0.148967,-0.234838,-0.167579,-0.344659,-0.058826,-0.24252,-0.174754,0.024225,-0.037174,-0.096973,0.007145,-0.050749,-0.173595,0.14921,-0.309378,-0.208718,-0.454888,-0.19655,0.106652,-0.136393,0.161825,-0.125953,-0.119503,-0.239056,-0.293247,-0.184912,-0.299943,-0.135872,-0.046343,0.03102,-0.312567,-0.284722,-0.263438,-0.312559,-0.02186,-0.268614,-0.129823,0.052402,0.336387,0.220544,0.009908,-0.113566,0.082362,-0.07938,0.030284,0.060031,0.046034,0.240825,-0.031997,-0.10799,-0.132888,-0.085459,-0.216986,0.007274,-0.239622,-0.303716,0.149482,-0.338203,-0.062621,-0.002876,0.385841,-0.27815,0.143574,-0.191777,-0.295621,-0.059124,0.177839,0.158025,0.188924,-0.385068,-0.203808,0.305989,0.067515,0.103739,-0.01067,0.238718,0.011925,-0.13943,0.234867,-0.205288,0.331114,0.02022,#
14,0.12059,0.408956,-0.074476,-0.296793,0.266522,-0.108165,0.297514,0.005448,0.089884,0.177551,-0.13425,-0.122951,0.139846,0.179218,1.0,-0.105714,-0.008159,0.110212,0.354583,-0.203278,-0.156113,0.002605,0.089591,0.069254,-0.146867,-0.120181,-0.063182,0.219632,0.182346,0.20843,-0.453314,-0.15552,-0.01728,-0.097659,-0.115674,0.279155,-0.145895,-0.166269,0.148115,0.194611,-0.292363,0.077591,-0.103543,0.18202,0.144996,-0.051714,0.218632,-0.099027,0.004232,0.072286,0.128083,-0.229954,-0.084843,-0.109806,0.07942,-0.335754,-0.241257,-0.034663,-0.12546,-0.235807,-0.104301,0.24335,-0.304268,0.22476,0.059945,0.081215,-0.061193,-0.000235,-0.036932,-0.297928,-0.227427,-0.235918,-0.00775,-0.370715,-0.327653,0.28183,-0.004905,-0.374538,-0.20899,-0.285957,-0.261689,-0.533625,-0.458259,0.131099,-0.467031,-0.01939,-0.301706,-0.15922,-0.250126,-0.216141,-0.097872,-0.305638,-0.130815,-0.050412,-0.385389,-0.326406,-0.366395,-0.112998,-0.27841,-0.102644,0.177582,-0.420772,-0.253067,-0.259213,-0.249738,-0.167223,-0.38239,-0.118165,-0.410004,-0.159904,-0.147337,0.306603,-0.319501,-0.285503,-0.395642,-0.140744,-0.22828,-0.350955,-0.221347,-0.248987,-0.406392,-0.118421,-0.556776,-0.15766,-0.099497,-0.433685,-0.128336,0.104682,-0.240607,-0.286269,-0.13593,-0.292743,-0.463571,-0.013902,-0.35777,-0.314559,0.112494,-0.138175,-0.021066,-0.183175,-0.379056,-0.233902,-0.343198,-0.145592,-0.185387,-0.222057,-0.205778,0.325275,-0.440605,-0.218294,-0.430106,-0.533384,-0.24689,-0.424122,-0.257103,-0.380347,0.062462,0.290627,-0.449383,-0.063455,0.127672,-0.114709,0.210647,0.02069,-0.111975,0.245517,-0.223328,0.071667,-0.114281,-0.289748,0.347978,0.089622,-0.263357,-0.310442,0.451431,-0.315672,-0.307671,0.241653,0.388004,-0.231002,0.282699,0.048182,0.249981,0.11147,0.397748,-0.361287,-0.003554,-0.120237,-0.224366,0.267103,-0.031701,0.482764,0.296105,0.360147,-0.01508,0.024645,0.033974,-0.162552,-0.083281,0.140668,#
15,-0.08721,-0.267858,-0.183342,-0.101919,0.091034,-0.007892,-0.161989,0.11955,-0.365171,0.027438,0.088073,0.130468,-0.247102,0.017514,-0.105714,1.0,-0.029622,-0.262732,-0.024407,-0.019746,-0.162461,-0.035668,0.076175,0.092958,-0.023976,0.151812,-0.032556,-0.140684,0.084881,-0.096535,-0.056931,-0.02734,-0.035601,0.216538,-0.044428,0.237466,-0.049052,0.099578,0.166811,0.223433,-0.205795,-0.233289,-0.20481,-0.018325,-0.073543,0.203319,-0.069008,0.059104,-0.286737,0.01822,0.212872,0.112773,-0.122547,0.095996,-0.001976,0.016292,0.106907,0.119458,-0.028389,-0.240354,0.015212,0.096149,0.136918,-0.162464,-0.086859,-0.227154,-0.294737,0.06387,-0.049247,0.034967,-0.050087,-0.235556,0.146724,0.258718,0.034517,-0.042102,-0.089514,-0.081475,-0.182475,0.203201,-0.118666,0.012983,0.249065,0.115737,0.334065,-0.263886,-0.034145,-0.123115,-0.027291,0.036802,0.104222,0.117398,0.101004,0.037084,-0.068559,0.286189,-0.100234,0.090783,-0.087989,-0.1194,0.069717,-0.029827,-0.1016,-0.072045,0.183169,-0.085473,-0.085322,0.163478,0.075786,-0.040005,-0.210142,-0.08794,0.218297,0.106492,-0.016355,0.064326,0.149977,0.070358,0.007997,0.178975,-0.024203,0.070124,0.160158,-0.094841,0.035813,0.090869,-0.124135,-0.144063,-0.012486,-0.146916,-0.09774,0.201188,0.07235,-0.027665,-0.066528,-0.055189,-0.074536,0.038975,-0.109885,-0.052912,0.092675,0.017622,0.037937,0.233798,-0.106888,-0.108459,0.076173,-0.236329,-0.175275,-0.046513,-0.130839,0.059221,-0.27016,0.161768,0.098338,0.152235,-0.140447,-0.100469,-0.130151,0.137448,0.205677,-0.085555,-0.142355,0.04306,-0.269174,-0.285481,0.129516,-0.002971,0.11351,-0.105185,-0.039582,-0.221079,-0.087062,-0.172494,-0.164595,-0.008619,-0.10151,-0.082283,-0.247792,0.16736,-0.051829,-0.270321,0.030674,0.021155,-0.042268,0.059201,-0.1241,-0.164838,0.021601,-0.249675,-0.14981,-0.165016,-0.028269,-0.073538,-0.007231,-0.169848,0.14504,-0.033315,0.043119,-0.082132,#
16,0.222044,0.111216,-0.084598,-0.06543,0.088573,0.302606,-0.028319,0.030981,-0.087065,-0.071634,0.16536,0.109578,-0.120746,-0.255386,-0.008159,-0.029622,1.0,-0.080337,0.117182,-0.238699,0.086153,-0.233862,-0.133379,-0.264145,-0.162357,-0.139447,-0.206571,-0.069848,-0.13982,-0.100464,0.079434,0.185769,0.196113,-0.022477,0.029317,0.183395,0.110451,-0.163956,-0.304297,0.068746,-0.046336,-0.138585,-0.108831,0.357441,0.184457,0.05634,-0.159793,-0.05023,0.118154,-0.017429,-0.03766,-0.052528,0.155521,-0.283666,0.107099,-0.103951,-0.152285,-0.021605,0.05396,0.044198,-0.080816,0.084166,0.129809,-0.127225,-0.04355,-0.008053,-0.033676,-0.150329,0.03272,-0.141962,-0.228193,0.149757,0.105175,-0.075165,-0.045909,0.166898,-0.228515,-0.040754,-0.153292,-0.087358,-0.058298,0.077823,-0.06544,-0.209959,-0.212436,-0.252905,-0.219874,-0.037126,-0.05052,-0.336614,-0.202062,-0.149476,-0.056396,-0.235808,-0.07099,-0.235901,-0.193565,-0.288821,-0.284743,-0.111841,0.066428,-0.208988,-0.133389,-0.100522,0.07078,-0.100306,-0.07648,0.011891,-0.090798,0.053864,-0.012802,0.034862,-0.153562,-0.064287,-0.136296,0.003047,-0.400658,-0.081022,-0.130354,0.031264,-0.234139,0.012151,-0.092398,-0.110446,-0.000764,-0.261424,-0.214933,-0.119251,-0.192748,-0.190654,-0.12062,-0.013612,0.088761,0.10473,-0.049111,-0.12718,0.219354,-0.340773,-0.132306,-0.138721,-0.356816,0.144099,-0.098901,0.119041,0.143697,-0.004497,-0.089919,0.078008,-0.132842,-0.110685,-0.163244,0.165285,-0.117936,0.05809,-0.23102,-0.316165,-0.066416,0.158068,-0.303787,0.087781,-0.156759,-0.024759,0.103159,-0.205233,-0.046119,0.214618,-0.114373,-0.162591,0.032783,-0.207343,0.06941,0.084603,-0.288301,-0.092019,0.096873,-0.26345,-0.26653,0.205793,-0.102941,-0.029227,-0.166903,0.148521,0.311378,0.148296,0.0869,-0.063652,0.139511,0.287627,0.233702,-0.02531,-0.027956,0.24684,0.288341,0.078748,-0.075846,0.418614,0.162283,-0.100864,-0.422272,0.033521,#
17,0.044206,0.423433,0.178962,-0.057092,0.107051,0.031591,-0.037029,-0.086526,0.268532,0.132898,-0.210252,-0.021656,0.209013,0.357809,0.110212,-0.262732,-0.080337,1.0,0.053357,0.213779,0.067774,0.138308,0.255229,-0.045957,0.10914,-0.007509,0.078056,0.105811,-0.070359,0.257046,-0.111276,0.030148,0.136374,-0.149824,0.020294,0.060733,-0.022885,-0.18338,-0.0112,0.000104,0.148809,0.127352,-0.085841,-0.058386,-0.046799,-0.27862,0.165011,0.223582,0.120941,-0.011514,0.177547,-0.249044,0.018706,-0.144054,-0.110345,-0.198997,-0.248211,-0.20802,-0.145646,-0.200722,-0.006356,0.185851,-0.116949,0.055909,0.023874,0.317589,-0.026861,0.261529,0.085164,0.344994,0.03947,0.144034,-0.382609,-0.094,0.050483,0.026211,-0.033167,-0.247073,-0.018151,-0.357119,0.178003,-0.210104,-0.199624,-0.040911,-0.073094,0.110728,-0.116043,0.096853,0.013143,0.045527,0.015522,0.09258,-0.144095,0.279353,-0.233526,0.1525,0.319127,-0.047267,-0.031073,-0.236908,-0.151596,-0.040215,-0.081879,0.183799,-0.244452,-0.055239,-0.180564,-0.2212,-0.241977,-0.030052,0.387342,0.041055,0.087669,-0.123424,0.057387,-0.135147,-0.202424,-0.185993,0.378772,-0.331611,-0.06307,-0.171346,-0.209929,-0.125781,-0.134001,0.071192,0.081239,0.083299,0.042046,0.059948,0.117679,-0.007343,-0.088465,-0.322169,-0.051108,-0.198363,0.096088,-0.174114,0.093469,0.034358,-0.009715,-0.199343,-0.25163,-0.41459,-0.205558,0.074666,0.020085,0.163772,0.058948,-0.19097,-0.191397,-0.216735,0.345148,-0.247021,-0.25726,-0.082014,0.346427,0.378053,-0.178135,-0.029554,-0.082489,0.128239,0.137198,0.072198,-0.136318,0.410347,0.058972,-0.100328,-0.001861,0.052807,-0.275578,-0.109198,-0.219697,-0.116528,0.025937,-0.077239,0.061167,0.063795,0.422133,-0.446625,0.060846,0.018141,-0.368154,-0.227766,-0.021699,-0.194884,0.242909,0.030884,-0.402904,0.101341,0.149014,0.004748,-0.04887,0.192669,-0.222307,-0.023684,-0.103091,-0.016352,0.339004,0.168428,#
18,-0.010294,0.170008,-0.127574,-0.154349,0.143839,-0.223138,0.04954,-0.041209,0.050891,0.160264,0.021241,-0.257639,0.177317,0.115566,0.354583,-0.024407,0.117182,0.053357,1.0,-0.279837,0.213011,-0.232972,-0.01204,0.048439,-0.121339,-0.056106,0.016057,0.201514,-0.008101,0.26999,-0.046197,0.008555,0.165957,0.062801,0.099229,0.158029,0.125913,-0.142738,0.008236,0.063771,-0.145287,-0.039989,0.163045,0.109253,-0.042052,-0.0561,0.104202,-0.072511,0.152685,-0.076834,-0.032977,0.010035,-0.079599,-0.025802,0.314891,-0.09051,-0.160189,0.089734,-0.156106,-0.15929,-0.027515,0.089479,-0.033588,0.343383,-0.023038,0.053663,-0.12248,0.121858,0.046261,-0.221143,-0.148118,-0.37375,-0.026241,-0.323209,-0.08246,0.192124,-0.110327,-0.035003,0.034488,-0.370501,-0.196974,-0.311496,-0.379273,0.052126,-0.297215,-0.074931,-0.150449,0.041177,-0.248899,-0.024447,-0.165628,-0.159617,-0.196943,-0.256035,-0.342469,-0.22119,-0.13076,-0.206841,-0.043339,-0.085843,-0.086947,-0.171129,-0.118629,-0.347055,-0.047479,-0.068749,-0.243462,-0.024612,-0.175821,-0.016345,0.080111,0.162719,-0.003221,-0.191671,-0.146889,-0.241189,-0.120474,-0.136978,-0.024599,-0.137123,-0.295425,0.058259,-0.33356,-0.204999,0.014114,-0.194597,-0.171945,-0.005944,-0.238434,-0.258804,-0.014565,-0.26081,-0.110806,0.066616,-0.125223,-0.280924,0.049392,-0.111929,-0.074978,-0.122179,-0.363329,0.134088,-0.177459,-0.127427,-0.129608,-0.148171,-0.235278,0.198938,-0.305633,-0.274193,-0.37424,-0.251205,0.021539,-0.15736,-0.292302,-0.241706,-0.012186,0.160228,-0.236584,-0.117304,0.077605,-0.014099,0.091261,0.120502,-0.089757,-0.022914,-0.122363,0.112724,-0.049955,-0.000848,0.186241,0.017072,0.023184,-0.168456,0.296139,0.02985,-0.050189,0.267817,0.060424,-0.137586,0.012711,0.025604,0.255921,0.118397,0.241498,-0.029904,0.008421,-0.076086,-0.023617,0.213079,0.011184,0.238826,0.330552,0.162627,0.007844,-0.008208,0.203516,-0.101692,-0.378992,0.064553,#
19,-0.189481,-0.155113,0.144518,0.279727,-0.03695,0.201022,-0.152198,0.067338,-0.082039,-0.165071,-0.146333,-0.107465,-0.023968,-0.05755,-0.203278,-0.019746,-0.238699,0.213779,-0.279837,1.0,0.172656,0.111113,0.012019,-0.075441,0.220946,-0.151351,0.008734,-0.128204,-0.110173,-0.20249,0.220298,0.177043,0.021246,0.08305,-0.208013,-0.356003,0.132244,0.142267,-0.166908,-0.032379,0.285666,0.291193,-0.054496,-0.147019,0.009059,-0.076703,0.306838,0.324252,0.257982,-0.203655,-0.063715,0.148157,0.326717,-0.030384,-0.119239,0.228864,0.246256,-0.337223,0.186195,-0.15084,-0.128567,-0.17773,0.137118,-0.012958,0.018288,0.094466,0.151709,0.125538,-0.0259,0.145058,0.394313,0.160529,0.004045,0.293285,0.228762,-0.290477,0.322232,0.125346,0.44839,0.206449,0.49456,0.276261,0.356675,0.095333,0.202429,0.168842,0.287509,0.226959,0.417763,0.100542,0.324562,0.293209,0.285243,0.300201,0.201237,0.317346,0.256074,0.265978,0.081173,0.180659,-0.318285,0.354746,0.336525,0.326154,0.395795,0.402556,0.225375,-0.252343,0.161739,-0.142726,0.309155,-0.173019,0.202968,0.446904,0.303102,0.03761,0.114214,0.408365,0.04858,0.044578,0.39664,0.074251,0.293483,0.049659,0.156489,0.34764,0.108958,0.086128,0.162182,0.37249,0.191124,0.318341,0.366231,-0.159869,0.250722,0.122342,-0.005916,0.09655,0.143409,0.250914,0.356385,-0.08455,0.096793,-0.028886,0.25207,0.271861,0.157713,-0.311735,0.577227,-0.046194,0.235965,0.150984,0.31941,0.330762,0.168745,0.298951,0.061817,-0.174153,0.335501,0.141496,0.024765,0.073795,-0.211395,0.2656,0.134634,-0.148727,0.482593,-0.090515,-0.085148,0.077527,-0.422182,-0.198277,0.157011,0.373688,-0.26925,0.17747,0.371702,-0.327226,-0.210908,-0.041166,-0.113307,-0.138856,-0.16906,-0.111559,-0.48051,0.073844,0.150956,0.085986,-0.102056,-0.499027,0.301373,-0.49143,-0.28007,-0.274061,0.011154,-0.195562,-0.477835,0.449675,0.318678,-0.098615,#
20,0.090071,-0.063414,-0.127147,0.228388,-0.066257,-0.044011,-0.18471,0.052059,-0.092668,-0.235305,0.024435,-0.231004,-0.003951,-0.051024,-0.156113,-0.162461,0.086153,0.067774,0.213011,0.172656,1.0,-0.233026,-0.360244,-0.006363,0.167678,0.048492,-0.106661,0.141506,0.06731,-0.005299,0.293593,0.057986,0.138762,0.01414,0.031151,-0.378661,0.128533,0.083541,-0.048464,-0.072113,0.13561,0.00907,0.020814,0.049773,-0.230143,0.086117,0.251348,-0.112461,0.17948,-0.177087,0.003055,-0.011486,0.156921,0.079286,0.133983,0.187326,-0.014846,0.102749,-0.020774,0.060448,-0.097308,0.158238,0.167606,0.021652,-0.104455,0.060544,0.006079,0.140601,-0.231639,-0.284768,0.001548,0.064177,-0.031065,0.27865,0.09731,-0.192019,0.098382,0.373493,0.091569,0.094789,-0.08507,0.341564,0.299622,0.021302,-0.065657,-0.080056,0.177397,0.11297,0.422305,0.1801,-0.103703,-0.027594,0.071722,-0.098167,0.16712,0.171898,0.112124,0.054334,0.19694,0.145617,-0.128053,0.064695,-0.077085,-0.075513,0.310735,0.183833,0.008585,0.139068,0.099932,0.140251,0.029138,-0.092435,0.000965,0.224151,0.247942,0.21742,0.009741,0.157799,0.100886,0.213504,0.026323,0.315713,-0.034436,0.210236,0.166794,0.115009,-0.24352,-0.171561,0.034603,0.14636,0.098405,-0.06544,0.317206,-0.008551,0.027728,0.010389,0.086382,0.012423,0.041265,0.336579,-0.070312,0.027502,0.230729,0.030077,0.279523,-0.004471,0.222399,-0.311386,0.261439,0.077921,0.066344,0.199178,0.184509,0.342572,-0.014678,0.196489,0.158056,-0.167368,0.223008,0.068295,-0.208637,0.020655,-0.022925,-0.024629,0.01185,-0.186115,0.189596,-0.133663,0.138646,0.089473,-0.122742,-0.002375,0.228859,-0.036695,-0.243418,0.258165,0.200739,-0.196675,-0.181147,0.159978,-0.069493,0.180153,0.065304,-0.143892,-0.02135,0.321623,0.124144,0.345728,0.16046,-0.031539,0.199993,-0.101973,-0.128682,-0.357191,-0.319579,-0.061642,-0.184674,0.149054,0.037149,-0.079026,#
