0,1.0,0.249496,-0.128777,-0.102577,0.259491,0.175476,-0.032458,0.073697,-0.30036,0.172042,-0.026483,-0.023125,0.421954,0.179241,0.072713,-0.100829,0.176792,-0.028713,-0.036688,-0.182062,0.182252,0.322551,0.070143,-0.118234,-0.206441,-0.206689,-0.021212,-0.276903,0.227756,0.223823,0.124595,0.0953,0.159883,-0.094578,-0.119449,0.127715,-0.053095,-0.191689,-0.144161,-0.266854,-0.109227,0.006765,0.001142,0.201569,-0.200802,-0.190866,0.215057,0.058385,-0.261867,-0.265916,-0.115226,-0.261908,0.03435,-0.211973,0.151752,-0.065969,-0.064125,0.1092,0.196056,0.206886,0.387626,0.068578,-0.10125,-0.121149,0.054713,0.137503,-0.129367,0.212973,0.037437,-0.303889,-0.206895,0.08363,-0.323781,-0.248622,-0.441134,0.304948,-0.071719,-0.133779,-0.427977,-0.12427,-0.208334,-0.290471,-0.03351,-0.008996,-0.176213,-0.125661,-0.13699,-0.048242,-0.151611,-0.348712,-0.255602,-0.439762,-0.234798,-0.142487,0.04439,-0.201317,-0.047566,-0.13104,-0.111419,0.041081,0.112589,-0.303958,-0.2065,-0.097877,-0.080465,-0.212547,-0.247543,-0.038855,-0.409457,-0.117293,0.104938,0.16997,-0.257452,-0.172706,-0.207649,0.116253,-0.379465,-0.354045,0.02083,-0.199294,-0.330497,-0.026939,-0.045069,-0.187346,-0.085429,0.011313,-0.0988,-0.086154,0.019898,0.083373,-0.189415,-0.220993,-0.097607,-0.000278,-0.484643,-0.088951,-0.062471,-0.340145,0.224094,-0.245185,-0.186613,-0.131996,-0.173881,0.018317,-0.0183,-0.115874,-0.052611,0.128353,-0.355764,-0.382139,-0.136461,-0.356974,-0.13674,-0.181405,-0.107516,-0.172109,0.271637,0.265924,-0.266505,-0.432125,-0.097161,-0.266346,0.014841,-0.358771,-0.166479,0.233407,-0.350783,-0.212126,-0.063557,-0.23351,0.120089,0.119234,-0.380241,-0.080044,0.121404,-0.400288,-0.205575,0.125482,0.147398,0.069186,0.178046,-0.092498,0.043638,0.172727,0.304434,-0.143914,0.329902,-0.061557,-0.017826,0.358264,0.116197,0.268521,0.242336,0.072566,-0.104143,0.242064,-0.030683,-0.294112,-0.001624,0.276231,#
1,0.249496,1.0,0.13837,-0.229605,0.08064,0.197593,0.357924,0.287792,0.220919,0.3366,-0.178617,-0.176581,0.441432,0.245219,0.404229,-0.211622,0.106823,0.300225,0.188454,-0.11566,-0.136276,0.170207,0.311635,0.028846,-0.15379,-0.345429,0.119292,-0.011942,-0.050586,0.240345,-0.339242,0.037215,0.33284,-0.06642,-0.20543,0.37348,0.07642,-0.165523,-0.131131,-0.053822,-0.27589,0.134481,-0.009555,0.18247,0.306019,-0.41109,0.315041,-0.085146,0.1286,0.231059,-0.012205,-0.306634,-0.056934,-0.255979,0.048225,-0.290702,-0.116708,-0.307604,-0.082478,-0.113733,0.109104,0.119964,-0.388992,-0.018544,0.101668,0.246143,-0.033408,0.185247,0.243971,-0.200577,-0.032098,-0.040034,-0.183368,-0.525643,-0.341965,0.440341,-0.208635,-0.486633,-0.183625,-0.351543,-0.1567,-0.396214,-0.348734,0.054508,-0.369628,-0.094827,-0.326138,-0.20072,-0.215053,-0.374282,-0.303853,-0.31547,-0.620373,-0.098766,-0.211546,-0.214424,0.137272,-0.170701,0.021815,-0.218409,-0.034361,-0.342781,-0.243239,-0.222827,-0.280013,-0.189064,-0.565244,-0.14348,-0.551562,-0.32639,0.074289,0.464179,-0.25134,-0.385313,-0.193342,-0.192123,-0.314372,-0.583656,0.002201,-0.507095,-0.328241,-0.372116,-0.4727,-0.299107,-0.255341,-0.164234,0.016629,0.208533,-0.123694,-0.144572,-0.28196,-0.245044,-0.32718,-0.044758,-0.295222,-0.302718,0.246113,-0.281162,-0.113518,-0.362992,-0.293821,-0.134109,-0.570965,-0.275631,0.013459,-0.091254,-0.268385,0.417269,-0.169099,-0.319034,-0.332731,-0.496996,-0.123831,-0.169357,-0.327925,-0.393085,0.279026,0.39943,-0.273726,-0.226435,-0.000528,-0.062942,0.24267,0.06683,-0.067084,0.40599,-0.215977,-0.0698,-0.248608,-0.068304,0.062894,-0.045448,-0.347892,-0.278615,0.29391,-0.239801,-0.181898,0.517895,0.470463,-0.644077,0.384768,0.172822,-0.191133,-0.086781,0.287596,-0.206299,0.316958,-0.078807,-0.330546,0.49042,0.18179,0.404878,0.386123,0.356077,-0.228587,0.084415,0.055828,-0.181776,0.187254,0.098744,#
2,-0.128777,0.13837,1.0,0.3232,-0.004379,-0.011138,0.09674,0.0207,0.228294,-0.131284,-0.016622,-0.044647,-0.226769,-0.119354,-0.150293,-0.1843,-0.106402,0.143877,-0.14037,0.176124,-0.133589,0.088767,0.123311,-0.041458,0.160645,-0.14137,0.407682,0.213232,-0.017375,-0.056182,0.017205,0.244019,-0.142482,-0.028511,0.123366,0.152052,0.256762,-0.202483,0.028094,-0.139585,-0.026076,0.107569,0.099301,0.073504,0.072269,-0.206792,-0.091212,0.412268,0.185227,-0.038357,-0.251416,0.146898,0.225473,0.016814,-0.230858,0.022945,-0.007373,-0.300213,-0.262289,0.025168,-0.172531,-0.351111,0.129424,0.0518,-0.1411,-0.083188,0.102907,0.147657,0.074953,0.330342,0.400838,0.290376,0.039373,-0.057305,0.117293,0.019775,0.017516,-0.341735,0.01545,-0.208542,0.225928,-0.031866,-0.024432,0.118224,0.015084,0.328726,-0.031122,0.011881,0.125697,-0.048973,0.033843,0.058625,-0.046085,0.110777,0.114731,0.094021,0.368062,0.072359,0.055742,-0.122475,-0.032093,0.17242,0.152028,-0.038955,0.100471,0.050982,-0.006176,0.129005,-0.333594,0.063833,0.350243,-0.015207,0.060253,0.020921,0.439183,-0.094818,-0.059448,-0.104776,-0.018084,0.018844,0.149763,-0.06394,0.102134,-0.006837,0.146736,-0.128255,-0.118843,0.132093,0.074171,0.030768,0.428005,-0.159873,0.047675,-0.038826,0.178785,0.174654,-0.011813,0.262396,0.215978,0.101285,0.033862,0.131912,-0.061198,-0.242266,-0.121749,0.170545,-0.230877,-0.044357,0.214406,0.045174,-0.029896,-0.105828,0.107459,-0.014744,-0.035105,-0.041875,-0.131761,0.124689,0.155918,0.124358,0.195311,0.064154,-0.041046,0.117097,-0.038602,-0.22755,-0.044373,0.066629,0.05793,0.233406,-0.104824,-0.173764,-0.08993,0.142034,-0.204983,0.277258,0.06452,0.17932,0.030032,-0.224316,0.10882,-0.181449,-0.194301,0.117402,-0.197648,0.08437,-0.175444,0.066915,-0.0384,-0.091486,0.328352,-0.0699,0.026215,0.139992,-0.223827,0.147305,-0.078721,0.05622,0.156411,-0.115028,#
3,-0.102577,-0.229605,0.3232,1.0,-0.210251,-0.078588,-0.21718,-0.304675,-0.125256,-0.106547,0.120842,-0.0217,-0.261667,-0.117015,-0.270322,-0.060679,-0.149877,0.000957,-0.10745,0.311258,0.173792,0.061444,-0.086783,0.137793,0.299024,0.196142,0.13267,0.257623,0.060249,-0.277598,0.435333,0.008048,-0.157649,-0.112088,0.139141,-0.328131,0.053414,0.104991,-0.030508,-0.100993,0.164988,0.111115,-0.07627,-0.016053,-0.076429,0.26142,-0.16368,0.063212,0.164599,-0.107491,-0.009138,0.517256,0.125844,0.110706,-0.10187,0.07284,0.228028,-0.041529,-0.031738,0.362796,-0.140618,-0.17349,0.013088,-0.128879,0.081017,-0.222073,0.117007,0.303625,-0.056307,0.016885,0.184978,0.161848,0.191464,0.200274,0.057279,-0.343698,0.152423,0.059421,0.209345,0.003603,0.367534,0.512542,0.268961,0.172987,0.203972,0.099187,0.349155,0.180441,0.205398,-0.09573,0.309526,0.186143,0.481881,-0.054575,0.4878,0.183329,0.093553,0.000613,-0.038004,0.188439,0.04696,0.290175,0.350451,0.082125,0.355752,0.356905,0.216873,0.093188,0.228031,0.184612,-0.145816,-0.145877,0.250622,0.208519,0.318993,0.133226,0.22251,0.089583,-0.025447,0.213317,0.217827,0.205553,0.494913,0.117268,0.068192,0.148599,0.093434,-0.033498,0.108993,0.269035,0.294832,0.123272,0.267915,0.193504,0.303731,0.353033,0.024085,0.239354,0.216734,0.32584,0.270748,0.13443,0.18954,0.067723,0.254277,0.251005,0.228393,-0.252359,0.27269,0.20108,0.293176,0.247385,0.200153,0.363514,0.178448,0.180578,-0.299475,-0.138647,0.197919,0.280136,-0.134142,0.188088,-0.209763,0.059708,-0.074198,-0.363954,0.100029,0.182792,0.183513,0.246776,-0.24767,-0.037415,0.393571,0.225004,-0.459662,0.369453,0.251319,-0.061889,-0.393915,0.12,-0.31113,-0.173672,-0.111341,-0.071588,-0.193049,0.185261,-0.126876,0.251254,0.34564,-0.33906,0.153627,-0.275188,-0.166705,-0.225094,-0.186963,-0.026482,-0.373965,0.186341,0.121834,-0.262917,#
4,0.259491,0.08064,-0.004379,-0.210251,1.0,0.044247,0.057335,0.167883,-0.174225,-0.129023,0.124636,0.003428,0.20101,-0.096008,0.183404,0.040532,0.088612,0.060348,0.219896,-0.078514,-0.059017,-0.105109,-0.007637,-0.257482,0.072482,-0.1932,-0.294153,-0.036025,0.043976,-0.036794,-0.165469,-0.17885,-0.12702,-0.177083,-0.231878,0.085741,-0.151907,-0.162998,-0.044915,0.095567,-0.090617,-0.17861,-0.115386,0.070197,-0.115931,0.010511,0.033783,0.241293,-0.061023,-0.076839,0.280514,-0.083075,0.072504,-0.189681,0.106309,0.108552,-0.286139,0.060774,0.090634,-0.243564,-0.035566,0.099295,-0.01536,0.145789,-0.017493,0.324929,0.154225,-0.171052,0.071661,0.032968,-0.076769,0.040947,-0.200349,0.082471,-0.076011,0.388768,-0.00435,-0.36381,-0.153488,-0.30961,-0.147049,-0.276366,-0.188262,0.093829,-0.163957,-0.049427,-0.047779,-0.087697,-0.153239,-0.077932,-0.095684,-0.300628,-0.086014,-0.174471,-0.177857,0.018317,0.17515,-0.304685,0.048034,0.059476,0.167328,-0.219982,-0.139874,-0.244294,-0.16575,0.07294,-0.13227,-0.059555,-0.208145,-0.210044,0.032171,-0.104908,-0.047571,-0.163513,-0.168823,-0.131398,-0.246849,0.037728,-0.056509,0.004551,-0.280478,-0.042242,-0.016581,-0.046119,-0.012363,-0.12239,0.176748,0.041416,-0.070754,-0.079744,-0.096551,-0.204737,-0.130121,-0.075633,-0.276921,-0.130395,-0.012697,-0.312888,-0.153997,0.084434,-0.16078,-0.247632,-0.088138,0.007622,0.050511,-0.06135,-0.278299,0.071898,-0.130935,-0.429587,-0.303045,-0.165545,-0.479276,-0.121398,-0.297464,-0.173341,0.110134,0.298386,-0.154576,-0.257914,-0.151312,-0.191378,-0.066182,0.028124,-0.063218,0.051471,-0.079484,-0.047136,-0.091839,-0.094559,0.103622,-0.011749,-0.058025,-0.060359,0.181633,-0.125179,-0.037145,0.152177,0.195459,-0.071178,0.20381,-0.032964,0.302688,0.035721,0.162601,-0.344275,0.12879,-0.14908,-0.204939,0.074987,-0.012492,0.040848,0.256699,-0.076207,0.004683,-0.181576,0.183826,-0.058657,-0.282052,0.216046,#
5,0.175476,0.197593,-0.011138,-0.078588,0.044247,1.0,0.135426,0.222693,-0.031931,-0.002471,0.287793,0.084216,0.061962,-0.103278,-0.005445,-0.065265,0.358055,0.154859,-0.17645,0.070062,-0.088324,0.272764,0.202151,-0.111225,-0.163382,-0.234393,0.067092,-0.17391,-0.211261,-0.353955,-0.155161,0.185044,0.016745,-0.088065,-0.043138,-0.1568,-0.129117,0.036202,-0.051556,-0.280747,-0.079772,0.305902,0.064622,0.235016,0.185381,-0.167634,0.019316,0.155311,0.14859,-0.221655,-0.030259,0.032014,0.14133,-0.147364,0.016956,-0.117951,-0.066482,-0.181456,-0.009652,-0.251752,-0.004834,-0.13951,-0.32122,0.079205,0.030031,0.134532,-0.188462,-0.074533,0.157786,0.131773,0.034573,0.341899,-0.129923,-0.04717,-0.346804,0.286253,-0.382929,-0.109268,-0.180792,-0.064064,0.297126,-0.163855,-0.058135,-0.25832,-0.041855,0.175746,0.003159,-0.160508,-0.059463,-0.349949,-0.116038,-0.077513,-0.2059,-0.024462,-0.086082,0.014985,0.022306,-0.161227,-0.007732,-0.088274,-0.167,-0.145556,0.101396,-0.076151,0.012397,-0.248366,-0.029297,-0.177989,-0.365362,-0.066704,0.109239,-0.016334,-0.125581,-0.20408,-0.001719,-0.305498,-0.59306,0.004179,0.0701,-0.182218,-0.193868,-0.38885,0.119204,-0.371874,-0.125039,0.166178,-0.089586,0.053299,0.162378,0.11312,-0.117346,-0.047957,-0.169934,-0.206254,-0.146455,-0.017237,0.124967,-0.312148,-0.041558,-0.289175,-0.256188,-0.105269,-0.348267,0.053283,0.079727,0.165427,-0.108586,0.061441,0.014671,-0.109942,-0.081328,0.006994,-0.12099,0.009701,0.014872,-0.162964,0.047282,0.143515,-0.127938,-0.042334,-0.057005,0.007055,0.07023,0.156478,-0.162403,0.309999,0.10638,-0.159457,-0.010667,-0.031887,0.264078,-0.105307,-0.339701,0.132086,0.098317,-0.242783,-0.080739,0.0965,0.102575,-0.052407,0.103176,0.020292,-0.020027,-0.051636,0.064625,-0.003887,0.001777,0.140105,-0.161844,-0.037325,0.14428,0.077859,0.131701,-0.106644,0.091601,0.065874,0.123734,-0.117727,-0.081117,0.014578,#
6,-0.032458,0.357924,0.09674,-0.21718,0.057335,0.135426,1.0,0.384652,0.471795,0.282334,0.052293,-0.114614,0.322802,-0.164819,0.239988,-0.165188,-0.007311,-0.001097,0.119518,-0.20633,-0.255284,0.17538,-0.007173,-0.01679,-0.000923,-0.221597,0.295045,-0.041702,0.248,-0.01792,-0.536895,-0.167464,0.113285,-0.018133,-0.107669,0.156929,-0.2098,-0.099517,0.128044,-0.004651,-0.100128,0.138596,-0.088336,-0.218182,-0.058187,-0.172478,0.110657,-0.008442,0.10281,0.153093,-0.110428,-0.222219,-0.073301,-0.198898,-0.138486,-0.119916,0.1466,-0.170161,-0.157077,0.086482,0.032649,0.020745,-0.161151,0.231249,0.179021,0.296763,0.227016,-0.097847,0.413835,-0.107536,0.115866,-0.018367,-0.275815,-0.366111,-0.096868,0.392379,-0.028238,-0.243788,-0.092402,-0.151867,-0.216299,-0.252491,-0.353696,-0.256628,-0.138011,0.396261,-0.086496,-0.124279,-0.115655,-0.298987,-0.262801,-0.136442,-0.326368,-0.046666,-0.049267,-0.122318,0.212709,0.051877,0.05477,-0.260729,-0.095889,-0.120181,0.039546,-0.060653,-0.14748,-0.164339,-0.362176,-0.104812,-0.445073,-0.198739,-0.033686,0.135972,-0.245434,-0.410879,-0.109774,-0.255099,-0.149136,-0.026462,-0.221153,-0.072421,-0.119243,-0.169375,-0.195151,-0.390308,-0.273866,0.023165,0.190504,0.409225,-0.091508,-0.097658,-0.310657,-0.594674,-0.488045,0.050142,0.072148,-0.085293,0.048133,-0.106335,-0.214313,-0.283524,-0.04706,-0.11857,-0.265089,-0.08699,0.025188,-0.200733,-0.313036,0.567271,0.0327,-0.171262,-0.050559,-0.133036,0.046506,-0.272662,-0.221534,-0.143076,0.15587,0.128727,-0.138026,-0.155943,0.035561,0.095699,0.282733,0.140123,0.044881,0.241527,0.129568,-0.017964,-0.233557,0.255792,0.346464,-0.125993,-0.198207,0.001472,0.247265,-0.067397,0.135371,0.142469,0.36503,-0.171551,0.378172,0.272409,0.176653,-0.115634,0.245346,-0.091992,0.224251,0.052116,-0.242393,0.317397,0.181717,0.299154,0.077128,0.128058,-0.018948,0.098516,-0.066682,-0.159003,-0.129067,-0.156925,#
7,0.073697,0.287792,0.0207,-0.304675,0.167883,0.222693,0.384652,1.0,0.141307,0.143848,0.041331,-0.267938,0.285407,0.121574,0.004706,0.072619,-0.0092,-0.056609,0.106319,-0.054767,0.000982,0.198591,-0.043949,0.284136,-0.014304,-0.037985,0.052176,-0.113623,0.040285,-0.033247,-0.227665,-0.046072,0.319811,0.02688,-0.111733,0.085531,-0.049255,-0.053074,0.268989,-0.241952,-0.163241,0.120382,-0.10408,0.222735,-0.225083,-0.168708,0.114158,-0.005622,0.11632,-0.11922,-0.207623,-0.046405,0.052041,-0.031725,-0.050622,-0.009708,0.057213,-0.097469,-0.201327,-0.039766,0.029322,-0.043912,-0.320223,0.210507,-0.007715,0.176658,0.155375,0.001871,0.252321,-0.0971,0.203927,0.095614,-0.33514,-0.125278,-0.018766,0.387186,0.004714,-0.007033,-0.022321,-0.011981,-0.120996,-0.076608,-0.046438,0.085114,-0.191744,0.262688,0.159746,0.176764,-0.031756,-0.164465,-0.35495,-0.108418,-0.33734,0.102321,-0.183876,0.125822,0.356423,0.061724,0.326473,-0.285985,-0.092487,-0.135309,0.140996,-0.082652,0.180623,-0.03258,-0.138179,-0.139266,-0.370696,-0.388528,0.076324,0.177411,-0.047366,-0.176571,0.111793,0.032687,-0.163036,-0.035331,-0.085614,-0.002651,-0.130148,-0.307267,-0.000407,-0.205048,0.044181,0.048309,0.034619,0.097235,-0.143556,-0.109749,-0.286336,-0.11678,-0.11418,-0.124179,-0.076194,-0.039904,0.308376,-0.055964,-0.184784,-0.153939,-0.07906,0.1687,-0.241221,0.112379,0.043845,-0.070553,-0.156898,0.161989,0.046505,-0.273641,-0.120118,0.027314,-0.179796,-0.054623,-0.115112,-0.092182,0.312935,-0.072007,0.025687,-0.032666,-0.062772,0.313244,-0.016881,0.018773,0.143721,0.023326,0.163663,-0.351329,-0.234813,0.1946,0.134358,-0.108747,-0.308336,0.020428,0.228788,-0.03417,0.262847,-0.053851,0.178283,-0.178831,0.228377,0.172725,0.126173,-0.067743,0.206539,0.165776,0.099242,-0.160838,-0.027989,0.234768,0.268353,0.056447,0.124834,-0.166719,-0.188338,-0.066797,0.094948,-0.174147,-0.004512,-0.032954,#
8,-0.30036,0.220919,0.228294,-0.125256,-0.174225,-0.031931,0.471795,0.141307,1.0,0.14483,-0.197588,-0.118145,0.203369,0.086078,0.165729,-0.339682,-0.067222,0.372376,0.053906,-0.116131,-0.097417,0.077375,0.072829,0.165835,0.242243,0.050544,0.367964,0.114534,0.074263,0.054417,-0.267733,-0.020984,0.04478,-0.202479,-0.068408,0.102928,0.137479,-0.182027,0.102205,-0.118017,0.081486,-0.127282,0.055731,-0.015514,0.221252,-0.238364,-0.021781,0.065029,0.106086,0.316049,-0.064698,-0.277461,0.026737,0.035383,-0.370964,0.079039,0.135557,-0.283924,0.090655,0.101518,-0.084028,-0.166857,-0.137352,0.128221,0.163873,0.256773,0.196644,0.002504,0.104781,0.144198,0.120076,0.165171,-0.145895,-0.135487,0.033673,0.167635,0.065645,-0.061924,0.045232,-0.276024,0.033755,-0.080742,-0.292618,-0.170137,-0.111756,0.31345,-0.063287,-0.088237,0.087399,-0.083037,-0.07692,0.209231,-0.328158,0.264435,0.008276,0.009499,0.282234,0.044249,-0.031748,-0.126701,-0.085892,0.213933,0.128611,0.174404,-0.110415,-0.206245,-0.089519,-0.039123,-0.096268,-0.092305,0.259234,0.075277,-0.051809,-0.406052,0.178089,-0.045837,-0.09891,-0.135893,0.028004,-0.082761,-0.009587,-0.135774,-0.170532,-0.152466,-0.054317,0.071667,0.068938,0.07097,-0.065362,-0.139004,-0.118015,-0.19155,-0.21933,-0.026823,0.174519,-0.065205,0.041029,0.036193,-0.167591,-0.103648,-0.067051,-0.026812,-0.091476,-0.327375,-0.20189,-0.154986,-0.229729,0.353637,0.207639,-0.068743,0.08685,-0.021297,0.191021,-0.265741,-0.051736,0.077308,0.342975,0.267292,0.002515,0.011571,0.152967,0.257745,0.24958,-0.165771,0.354999,0.271472,0.088179,0.042926,-0.290986,0.169592,-0.101602,0.039524,-0.027909,0.06418,0.073297,0.207525,0.048173,0.123675,0.523565,-0.270045,0.269376,0.195063,-0.118103,-0.146889,-0.008969,0.05547,0.170642,0.054093,-0.264981,0.15859,0.156536,0.068994,0.008265,0.117711,-0.161143,0.23674,0.10876,-0.103672,0.115826,-0.041455,#
9,0.172042,0.3366,-0.131284,-0.106547,-0.129023,-0.002471,0.282334,0.143848,0.14483,1.0,-0.302716,0.094883,0.354924,0.305529,0.279788,0.068485,-0.104431,0.111905,0.140405,-0.149682,-0.282643,0.191882,0.239434,0.026576,-0.129675,-0.074043,0.240246,0.01192,0.060008,0.447158,-0.176576,0.129952,0.178386,-0.008311,-0.216513,0.255588,-0.258877,-0.060714,0.023668,-0.102064,-0.157613,0.032043,0.043923,-0.032149,0.035726,-0.425052,0.253559,-0.074642,-0.147811,0.134663,-0.188067,-0.116808,-0.014011,-0.382012,0.059636,-0.267944,0.249482,-0.243803,0.04567,0.025888,0.228382,0.029476,-0.370614,-0.070056,0.201464,0.1236,-0.0968,0.164416,0.026819,-0.214093,-0.106594,-0.138764,-0.193904,-0.469384,-0.063317,0.234106,0.014889,-0.246053,-0.056859,-0.002753,-0.304133,-0.265372,-0.386204,0.009914,-0.133269,-0.004663,-0.342105,-0.124214,0.036544,-0.182027,-0.239844,-0.1837,-0.327871,0.058388,0.17139,-0.096641,-0.108129,0.154325,0.030625,-0.261545,-0.166825,-0.213959,-0.111213,-0.012684,-0.016916,-0.002079,-0.487517,-0.104539,-0.237056,-0.369458,-0.094627,0.391511,0.018438,-0.248167,-0.404784,-0.294115,-0.221205,-0.109008,0.272103,-0.43047,-0.069274,-0.285268,-0.225625,-0.285115,-0.456907,0.142623,0.078079,0.008748,0.080405,-0.30623,-0.236983,0.053164,-0.364445,-0.145607,-0.314487,-0.296746,0.124183,-0.247503,-0.014097,-0.340986,0.012823,-0.234739,-0.444195,-0.36446,-0.066197,-0.049693,-0.014965,0.270508,-0.370133,-0.282967,-0.315665,-0.470035,-0.036518,-0.253712,-0.109558,-0.173117,0.201306,0.348432,-0.19785,-0.268036,-0.120649,-0.098703,0.005705,0.022435,0.179594,0.296303,-0.349357,-0.136497,-0.371707,0.116358,0.143639,0.082687,-0.203042,-0.058263,0.34827,-0.383057,-0.193409,0.241191,0.306815,-0.223742,0.217837,0.062757,-0.258302,-0.377817,0.288135,-0.101025,0.278257,-0.050776,-0.099775,0.318595,0.092612,0.017638,0.155044,0.546199,-0.114639,0.017481,-0.127302,-0.114202,0.278366,0.088265,#
10,-0.026483,-0.178617,-0.016622,0.120842,0.124636,0.287793,0.052293,0.041331,-0.197588,-0.302716,1.0,-0.0765,-0.222042,-0.447818,-0.148375,0.098188,0.184564,-0.100049,0.125198,-0.174942,0.008257,0.019656,-0.10785,-0.107737,-0.117785,-0.009614,-0.173084,0.061885,-0.000359,-0.425974,0.135671,-0.069226,-0.247169,-0.066251,0.458082,-0.240392,-0.031731,0.150057,-0.014688,0.043322,-0.129053,-0.003912,0.074378,0.022482,-0.095247,0.197752,-0.245431,-0.029177,0.192374,-0.29935,0.050233,0.230979,0.038731,0.015092,0.007557,0.083791,-0.244571,0.25544,-0.171492,-0.096763,-0.166384,-0.114614,0.008961,0.011465,0.050316,-0.219084,-0.059479,-0.238648,0.227009,0.104243,0.052392,-0.017901,0.013882,-0.055319,0.015671,0.107744,-0.09482,0.164533,0.008009,-0.251202,0.074084,0.149568,-0.012615,-0.125526,0.117097,0.166724,0.224657,-0.139767,-0.115785,0.010894,-0.148678,-0.133832,0.114112,-0.259831,-0.152014,0.073895,-0.055689,-0.237728,0.069611,-0.110052,-0.046606,-0.128068,0.127311,-0.240933,-0.035144,-0.106366,0.016496,-0.163412,0.022491,0.269449,-0.206818,-0.113644,-0.032113,-0.138472,0.069553,-0.08681,0.007565,0.022768,-0.109949,0.196566,-0.056904,-0.110107,0.085314,-0.064756,-0.106423,0.07757,-0.12815,0.14279,0.014158,-0.03637,0.160474,-0.107987,0.031263,0.062475,0.267106,0.214868,-0.040284,0.037749,-0.182396,0.066884,-0.082127,0.205415,0.100497,0.012876,0.051336,-0.024423,-0.151591,-0.0154,0.034434,0.173595,0.055845,0.24767,-0.110854,0.000682,-0.048294,-0.268548,-0.446505,-0.255655,-0.173545,0.059279,-0.158251,0.148798,0.063045,0.042273,-0.259973,-0.202342,0.099463,0.10138,0.335491,0.154711,0.240371,-0.01742,0.126205,-0.022121,-0.060283,0.03832,0.105576,0.001574,-0.361253,0.332938,0.042323,0.057308,0.30208,0.200156,-0.04623,-0.206986,-0.280125,-0.023285,0.27882,-0.021438,-0.221238,-0.041875,0.146904,-0.440635,0.085704,-0.033174,0.219655,0.035855,-0.366842,-0.080836,#
11,-0.023125,-0.176581,-0.044647,-0.0217,0.003428,0.084216,-0.114614,-0.267938,-0.118145,0.094883,-0.0765,1.0,-0.049852,-0.012533,-0.164846,0.098052,0.057433,-0.018395,-0.196354,-0.110874,-0.128385,-0.053387,-0.06286,-0.227915,0.05552,-0.058708,-0.072495,-0.008429,-0.1224,-0.070473,-0.053375,-0.009275,-0.06359,-0.047841,0.067712,0.137879,-0.183198,-0.089084,-0.148286,0.057604,0.09966,0.045826,0.102149,-0.325844,-0.119609,0.072715,-0.21934,0.1576,-0.125594,0.327224,0.00433,0.023239,-0.038161,0.084141,-0.000372,0.059593,-0.036001,-0.045689,0.085487,-0.008396,-0.004454,0.107848,0.257763,-0.478437,0.121807,-0.087991,-0.077132,-0.215177,-0.201043,0.094912,0.057712,-0.138153,0.028971,0.274854,-0.126583,0.023844,-0.398668,-0.102807,-0.132098,0.202155,0.067823,0.065376,0.010082,-0.382427,0.181476,-0.144808,-0.085343,0.117767,-0.051446,0.213147,0.036663,0.059568,0.030462,0.04114,0.012349,0.11422,-0.12613,0.058712,-0.107899,0.035805,0.180088,0.247386,-0.285302,0.065916,-0.139287,0.049499,0.06942,0.177462,0.219611,0.220793,-0.071511,-0.1275,-0.016275,-0.062342,0.01668,-0.230725,0.041334,0.239936,0.231087,0.122766,0.230625,-0.156001,0.198055,0.179971,-0.041654,-0.012691,-0.027665,-0.017087,0.319369,-0.043607,0.027823,0.248886,-0.280536,0.04961,0.022534,-0.261135,-0.014385,-0.076956,0.018673,0.112518,0.140503,-0.072304,0.043956,0.114262,-0.096917,0.181973,-0.02458,-0.2083,-0.095327,0.028138,-0.046788,0.050234,-0.030574,0.165454,-0.011775,0.227507,-0.105195,0.182513,-0.028544,-0.068031,-0.096627,-0.480646,0.127704,0.112917,-0.043787,0.011275,-0.020473,0.077813,0.142224,0.048884,0.015133,0.251025,0.066137,0.062683,-0.118548,-0.094535,-0.238315,0.046556,-0.092675,0.115859,-0.019093,-0.074854,-0.161846,-0.008947,0.042553,-0.071827,-0.056683,0.261963,-0.036449,-0.149143,-0.163717,0.10099,0.031603,0.127707,0.070639,-0.216617,0.286117,-0.056387,0.072563,0.203029,#
12,0.421954,0.441432,-0.226769,-0.261667,0.20101,0.061962,0.322802,0.285407,0.203369,0.354924,-0.222042,-0.049852,1.0,0.35876,0.231342,-0.241026,-0.07018,0.135666,0.112348,-0.048545,-0.086584,0.211312,0.235061,-0.003079,-0.153042,-0.261129,0.090016,-0.179128,0.05519,0.217509,-0.128267,-0.00298,0.217131,-0.154995,-0.283895,0.202227,0.069224,-0.063429,-0.09881,-0.256999,0.118515,0.140264,0.030177,0.042481,-0.051112,-0.390452,0.354591,-0.02148,-0.022206,-0.019316,-0.132496,-0.058773,0.154344,-0.112593,-0.020011,-0.012235,-0.014285,-0.174422,0.27205,0.082221,0.423734,0.150653,-0.236779,0.009078,0.218694,0.409291,-0.059364,0.069337,0.312592,-0.223658,0.086964,-0.051579,-0.364619,-0.284496,-0.230225,0.377066,0.072981,-0.082762,-0.051906,-0.26744,-0.122437,-0.304708,-0.254454,-0.123431,-0.28324,-0.003402,-0.03535,0.107354,-0.086884,-0.363421,-0.22602,-0.243711,-0.398718,0.057568,-0.190263,-0.03486,0.21685,0.01465,-0.006803,-0.201172,-0.076614,-0.070378,0.112015,0.087963,0.020536,-0.094247,-0.316776,-0.23067,-0.31565,-0.267495,0.147402,0.287571,-0.209851,-0.234383,-0.200615,-0.163879,-0.237353,-0.246537,0.005447,-0.336203,-0.138937,-0.291077,-0.224829,-0.27599,-0.189352,0.141756,0.235922,0.326786,0.127991,0.095771,-0.423186,-0.062069,-0.355106,-0.131846,-0.319319,-0.098453,-0.042964,-0.325266,-0.020167,-0.192122,-0.081573,-0.142259,-0.282477,-0.172428,0.194936,0.099103,-0.268377,0.313548,-0.066314,-0.564566,-0.089395,-0.315741,0.099148,-0.270969,-0.173606,-0.105072,0.52253,0.344947,-0.050484,-0.417905,0.017979,-0.061239,0.121238,-0.019552,0.278924,0.472544,0.00846,-0.103868,-0.396954,-0.010347,-0.009135,0.162194,-0.247247,0.031338,0.333185,-0.353784,-0.014051,0.198249,0.494455,-0.232107,0.225322,0.160337,0.001838,-0.072479,0.285157,-0.157844,0.544983,-0.157057,-0.350406,0.443891,0.223162,0.193399,0.174188,0.208345,0.07994,0.016557,0.03006,-0.055392,0.2028,0.131323,#
13,0.179241,0.245219,-0.119354,-0.117015,-0.096008,-0.103278,-0.164819,0.121574,0.086078,0.305529,-0.447818,-0.012533,0.35876,1.0,0.240793,0.077766,-0.310978,0.283719,0.060545,0.017142,-0.070741,0.448494,0.50597,0.399598,-0.034165,0.080086,0.312849,-0.0008,-0.056443,0.430826,-0.093673,0.170301,0.30426,0.037624,-0.209854,0.339576,0.08792,-0.224343,0.136481,-0.248994,-0.042829,0.125541,0.249081,0.223474,-0.077322,-0.321575,0.283573,-0.116425,-0.243436,0.031102,0.045433,-0.164026,0.095163,-0.037811,-0.097319,-0.028069,0.065999,-0.024425,0.206642,0.111365,0.304903,0.064108,-0.261297,-0.039562,0.029143,0.029741,-0.248177,0.326506,-0.078099,-0.060169,-0.15492,0.069293,-0.141876,-0.030036,-0.311048,0.055028,0.017538,-0.167497,-0.232699,0.055025,-0.093129,-0.286263,-0.126726,0.189431,-0.095885,-0.118565,-0.107818,0.055004,0.025769,-0.341509,0.024548,-0.114784,-0.255066,0.193734,-0.018304,-0.059161,-0.102316,0.141382,-0.145774,-0.067514,0.062402,-0.120915,0.082619,-0.151367,0.040895,-0.117878,0.071559,-0.220184,-0.098211,-0.215312,0.083923,0.24697,-0.065933,-0.001904,-0.074762,-0.027079,-0.201175,-0.312327,0.11694,-0.220446,-0.09957,-0.253017,0.004219,-0.180865,-0.236145,0.003607,0.031441,-0.000912,0.024892,0.039103,-0.133317,0.237314,-0.280222,-0.256109,-0.51534,-0.167124,0.120614,-0.086173,0.076307,-0.154681,-0.051492,-0.232931,-0.235042,-0.244215,-0.296682,-0.038594,0.011667,-0.00833,-0.314985,-0.288821,-0.227092,-0.309283,-0.035833,-0.218651,-0.073763,0.054422,0.375812,0.120691,0.070348,-0.191041,0.140775,-0.043243,0.087063,0.016914,0.162942,0.250569,-0.080017,0.034367,-0.175434,-0.084021,-0.247737,-0.011133,-0.313731,-0.196803,0.058448,-0.251141,-0.072043,0.003761,0.401535,-0.297988,0.263283,-0.176065,-0.315825,-0.048331,0.145992,0.147661,0.259404,-0.371956,-0.223598,0.222249,0.027001,0.045893,-0.040154,0.271729,-0.014687,-0.148766,0.175517,-0.157732,0.472339,-0.041942,#
14,0.072713,0.404229,-0.150293,-0.270322,0.183404,-0.005445,0.239988,0.004706,0.165729,0.279788,-0.148375,-0.164846,0.231342,0.240793,1.0,-0.007684,-0.112379,0.155942,0.388108,-0.080739,-0.107042,0.064774,0.10311,0.170647,-0.127955,-0.14561,0.006631,0.165564,0.179234,0.197296,-0.298514,-0.076954,0.001625,-0.053902,-0.189807,0.225064,-0.077267,-0.167043,0.088842,0.13305,-0.327677,0.100806,0.003949,0.152101,0.28452,-0.123826,0.308443,-0.010628,0.026271,0.045078,0.130169,-0.257221,-0.075396,-0.109568,0.071038,-0.284699,-0.113139,-0.171919,-0.04266,-0.263806,0.032876,0.126197,-0.329142,0.261208,-0.01625,0.113107,-0.094958,0.053241,-0.045813,-0.213761,-0.216173,-0.158027,-0.037509,-0.403274,-0.325649,0.2624,0.022764,-0.276813,-0.234705,-0.327047,-0.193574,-0.524158,-0.478137,0.08913,-0.337223,-0.060235,-0.203821,-0.249275,-0.170439,-0.199637,-0.026051,-0.188923,-0.186442,0.032059,-0.321044,-0.166133,-0.330877,-0.118543,-0.279688,-0.023976,0.025581,-0.396529,-0.19048,-0.27841,-0.156911,-0.172021,-0.458725,-0.086185,-0.371086,-0.249607,-0.087651,0.270824,-0.377342,-0.262461,-0.313079,-0.160328,-0.214971,-0.298283,-0.116134,-0.332248,-0.295797,-0.088657,-0.419641,-0.185349,-0.150599,-0.37013,-0.065568,0.144356,-0.202816,-0.255679,-0.08781,-0.141293,-0.450583,-0.105687,-0.3348,-0.348618,0.142392,-0.082004,-0.109861,-0.235335,-0.270017,-0.181361,-0.29306,-0.199804,-0.190476,-0.158038,-0.15453,0.271315,-0.373323,-0.200772,-0.419656,-0.547249,-0.16398,-0.30488,-0.194597,-0.365894,0.126574,0.226843,-0.405747,-0.116619,0.112713,-0.147022,0.169968,0.112545,-0.100763,0.294225,-0.193211,0.174638,-0.148444,-0.134792,0.277804,0.099479,-0.229948,-0.216245,0.427367,-0.252067,-0.306353,0.222582,0.366768,-0.22745,0.437314,-0.01102,0.101438,0.117629,0.341005,-0.316877,0.125192,-0.114831,-0.254586,0.218354,0.051568,0.43774,0.284396,0.321903,-0.024682,0.028795,0.041599,-0.207233,-0.001553,0.107925,#
15,-0.100829,-0.211622,-0.1843,-0.060679,0.040532,-0.065265,-0.165188,0.072619,-0.339682,0.068485,0.098188,0.098052,-0.241026,0.077766,-0.007684,1.0,-0.064727,-0.185772,-0.01715,0.004252,-0.156189,-0.062863,0.112335,0.139891,-0.123363,0.217237,-0.015131,-0.160276,0.134216,-0.078456,0.002424,-0.014109,0.012764,0.183995,0.00869,0.21701,0.00393,0.104862,0.137241,0.190632,-0.222867,-0.196892,-0.265667,0.037017,-0.048021,0.133395,-0.08094,-0.007346,-0.272351,0.03364,0.213897,0.126569,-0.128327,0.028792,0.025258,-0.006545,0.0327,0.084902,-0.204645,-0.214343,0.066671,0.109775,0.022917,-0.150748,-0.005669,-0.21547,-0.34806,0.080634,-0.068999,0.110217,-0.114576,-0.208111,0.168054,0.172598,-0.057979,-0.013139,-0.095027,-0.035393,-0.152661,0.171905,-0.098712,0.011749,0.20311,0.19801,0.347829,-0.217892,0.01315,-0.223507,-0.056398,0.023423,0.163426,0.15111,0.079449,0.047474,-0.109238,0.286576,-0.117485,0.042814,-0.077255,-0.116224,-0.050699,-0.087605,-0.133047,-0.062924,0.134918,-0.213994,-0.084347,0.187303,0.103392,-0.037762,-0.185775,-0.130965,0.097471,0.084795,0.046121,0.025794,0.086147,-0.062794,0.051511,0.076155,-0.08816,0.051702,0.129625,-0.081164,-0.097469,0.05153,-0.118023,-0.139578,-0.062682,-0.161923,-0.075967,0.208801,-0.038811,-0.069895,-0.080724,-0.084304,0.059547,0.053137,-0.106391,-0.115136,0.13158,0.119219,0.044355,0.116549,-0.09508,-0.036184,0.215827,-0.191266,-0.158085,-0.056883,-0.108879,0.065551,-0.163984,0.143583,0.067409,0.136737,-0.043116,-0.105202,-0.167968,0.104179,0.190608,0.001931,-0.117404,0.008559,-0.371696,-0.204436,0.116502,0.04967,0.13144,-0.065333,0.015133,-0.231185,0.000869,-0.16431,-0.131562,0.021666,-0.124597,-0.156258,-0.170494,0.154335,0.012784,-0.258795,-0.022407,0.0596,0.005132,0.037754,-0.092077,-0.158885,-0.059628,-0.153972,-0.194133,-0.128326,-0.049743,-0.046092,-0.004528,-0.174558,0.193611,-0.066358,0.087367,-0.11159,#
16,0.176792,0.106823,-0.106402,-0.149877,0.088612,0.358055,-0.007311,-0.0092,-0.067222,-0.104431,0.184564,0.057433,-0.07018,-0.310978,-0.112379,-0.064727,1.0,-0.045124,0.218741,-0.269965,0.137322,-0.250137,-0.137097,-0.293449,-0.163922,-0.162191,-0.238222,-0.043472,-0.108778,-0.037236,0.037142,0.072014,0.152068,-0.023318,0.089113,0.130734,0.142517,-0.095759,-0.297003,0.067718,-0.039038,-0.153902,-0.031302,0.302043,0.112748,0.035187,-0.166691,0.055954,0.070498,-0.020829,0.016266,-0.028907,0.116101,-0.16598,0.109863,-0.079477,-0.21334,0.042861,-0.008454,-0.0857,-0.139128,0.020902,0.256205,-0.052083,-0.059029,0.061543,0.011896,-0.1392,0.100324,-0.137141,-0.14917,0.059114,0.034133,-0.094573,0.056668,0.174,-0.294567,-0.044209,-0.102943,-0.05643,-0.010301,0.026586,-0.063405,-0.179846,-0.162728,-0.201637,-0.219323,0.018426,-0.088876,-0.223508,-0.199746,-0.06658,-0.09844,-0.188835,-0.174462,-0.213331,-0.08973,-0.3387,-0.147524,-0.131121,0.063375,-0.154153,-0.231825,-0.124785,0.030972,-0.055217,-0.017392,-0.023812,-0.119546,0.126072,0.076961,-0.008283,-0.050112,-0.109519,-0.103847,0.005058,-0.337712,-0.006179,-0.050581,-0.0139,-0.263758,-0.038239,-0.106109,-0.14136,0.101635,-0.195826,-0.228933,-0.13687,-0.258597,-0.240885,-0.108565,-0.076657,0.112147,0.20823,-0.021218,-0.124535,0.083766,-0.369889,-0.062986,-0.052326,-0.384142,0.1186,-0.124771,0.19513,0.202784,-0.086569,-0.119331,0.095402,-0.078746,-0.076962,-0.137293,0.142945,-0.061845,0.045441,-0.245047,-0.289298,-0.133573,0.226833,-0.299292,0.096657,-0.139747,-0.025768,0.08456,-0.08376,-0.065563,0.164929,-0.035269,-0.244632,0.101901,-0.173472,0.0682,0.126016,-0.177791,-0.128636,0.146582,-0.263768,-0.21273,0.22241,-0.150772,-0.006404,-0.250796,0.097468,0.278916,0.107406,0.085809,0.004506,0.11037,0.348201,0.189576,0.006898,0.103743,0.262343,0.284286,0.0107,-0.01643,0.373335,0.187598,-0.081206,-0.485006,0.035661,#
17,-0.028713,0.300225,0.143877,0.000957,0.060348,0.154859,-0.001097,-0.056609,0.372376,0.111905,-0.100049,-0.018395,0.135666,0.283719,0.155942,-0.185772,-0.045124,1.0,-0.0031,0.294199,0.03212,0.21937,0.138299,0.02519,0.158432,0.072707,0.089531,0.099889,-0.132681,0.127393,-0.025848,0.057705,0.116045,-0.126821,-0.026869,0.052623,-0.010621,-0.103438,0.009989,-0.070971,0.0941,0.068476,-0.066701,-0.031275,0.063865,-0.270661,0.143582,0.254714,0.233031,-0.032554,0.103659,-0.286264,-0.054054,-0.170119,-0.111859,-0.059399,-0.125967,-0.309846,-0.066241,-0.092674,-0.056674,0.053452,-0.127613,-0.000251,-0.033563,0.275285,0.067509,0.209151,0.044621,0.388591,0.083593,0.219585,-0.324747,-0.008741,0.000678,0.015287,0.098199,-0.196224,0.060693,-0.356644,0.271268,-0.08586,-0.169467,-0.048354,-0.072437,0.102052,0.004803,0.109201,0.116078,-0.05181,0.127738,0.145793,-0.060517,0.380179,-0.058425,0.260018,0.293456,-0.027423,-0.107418,-0.195741,-0.174062,0.027901,0.087808,0.224167,-0.131146,-0.033124,-0.138964,-0.252943,-0.164761,-0.069916,0.307826,-0.001821,0.0529,-0.118894,0.150482,-0.022795,-0.218199,-0.197026,0.421172,-0.296274,0.009262,-0.179094,-0.130356,-0.08956,-0.167213,0.080305,0.077066,0.108655,0.097284,0.05538,0.122791,0.101144,-0.042238,-0.297492,0.008927,-0.086901,0.118355,-0.147109,-0.017677,-0.004659,0.062436,-0.220837,-0.214829,-0.433882,-0.198966,-0.016821,0.051919,0.123319,0.146802,-0.123783,-0.071766,-0.112127,0.307922,-0.174233,-0.183114,-0.09175,0.363874,0.333972,-0.119231,0.000636,-0.052741,0.244149,0.173476,0.045938,-0.017917,0.41448,0.117215,-0.045743,-0.063774,0.152838,-0.227977,-0.126078,-0.22898,-0.011897,-0.050586,-0.009502,0.076959,0.001917,0.431404,-0.391226,0.178743,0.053838,-0.372938,-0.243274,-0.050135,-0.133715,0.244701,0.138196,-0.409997,-0.064504,0.130644,-0.076687,-0.045775,0.122794,-0.263179,-0.030968,-0.071362,0.058417,0.371408,0.119446,#
18,-0.036688,0.188454,-0.14037,-0.10745,0.219896,-0.17645,0.119518,0.106319,0.053906,0.140405,0.125198,-0.196354,0.112348,0.060545,0.388108,-0.01715,0.218741,-0.0031,1.0,-0.316941,0.090047,-0.221781,-0.011745,0.05528,-0.065483,-0.015042,0.019663,0.305142,-0.104574,0.133875,-0.103793,0.024203,0.160732,0.022985,0.100014,0.146742,0.082838,-0.131885,0.04504,0.135464,-0.207482,-0.060998,0.156726,0.134174,-0.007369,0.00939,0.094084,-0.227373,0.255958,-0.042109,-0.034536,0.030472,-0.101091,-0.092721,0.341861,-0.043195,-0.264827,0.052727,-0.053074,-0.126723,-0.140998,0.114616,-0.122265,0.336007,-0.005409,0.048254,0.011526,0.001724,0.067673,-0.278725,-0.199568,-0.367432,0.01081,-0.218869,-0.105104,0.217187,-0.062951,-0.114854,0.079749,-0.393208,-0.261922,-0.159186,-0.347261,0.013943,-0.339535,-0.112579,-0.166798,0.047033,-0.169701,-0.119998,-0.164059,-0.283656,-0.154039,-0.336095,-0.280612,-0.234995,-0.18395,-0.266601,-0.129184,-0.162206,-0.043923,-0.205427,-0.034285,-0.405705,0.002145,0.003655,-0.323936,-0.075228,-0.109365,-0.008764,-0.127766,0.168928,-0.042316,-0.215475,-0.216415,-0.233534,-0.118282,-0.146287,-0.127982,-0.00218,-0.327228,0.024701,-0.361868,-0.248602,-0.063758,-0.219058,0.001344,-0.005891,-0.19448,-0.301007,-0.134722,-0.229547,-0.158488,0.029825,-0.071988,-0.261053,0.167896,-0.174495,-0.238065,-0.156723,-0.371158,0.04424,-0.234005,-0.171512,-0.132137,-0.148752,-0.28706,0.234589,-0.299112,-0.31834,-0.385962,-0.153406,-0.121596,-0.083782,-0.217003,-0.342664,-0.059238,0.122004,-0.226508,-0.083245,-0.069102,0.029741,0.065382,0.049689,-0.011821,-0.049053,-0.053757,0.097946,-0.090567,0.018146,0.274428,-0.00366,-0.091414,-0.18718,0.325289,-0.031419,0.038206,0.288249,0.081805,-0.219818,0.040731,0.169921,0.39795,0.0496,0.307554,-0.151605,-0.035023,-0.062477,0.078273,0.199987,-0.068442,0.246714,0.438836,0.136926,-0.028764,-0.009966,0.209473,-0.06922,-0.428039,0.106177,#
19,-0.182062,-0.11566,0.176124,0.311258,-0.078514,0.070062,-0.20633,-0.054767,-0.116131,-0.149682,-0.174942,-0.110874,-0.048545,0.017142,-0.080739,0.004252,-0.269965,0.294199,-0.316941,1.0,0.213358,0.020503,0.043188,-0.054883,0.054278,-0.079825,-0.002052,-0.212909,-0.037545,-0.145819,0.282858,0.167427,0.033838,0.060655,-0.151314,-0.351203,0.181279,0.118845,-0.188213,-0.054903,0.280122,0.31237,-0.179024,-0.091904,-0.019027,-0.149458,0.279497,0.270733,0.243239,-0.192647,-0.090238,0.154623,0.342159,-0.052043,-0.097014,0.161094,0.108874,-0.299985,-0.047623,-0.13595,-0.05075,-0.149744,0.036072,-0.019019,0.101495,0.085427,0.007191,0.157396,-0.077664,0.24916,0.311683,0.170273,0.051237,0.201359,0.109347,-0.265285,0.278004,0.161089,0.441808,0.204416,0.487736,0.227492,0.322077,0.18904,0.200019,0.173015,0.325374,0.118127,0.291821,0.112834,0.377877,0.325069,0.28897,0.288316,0.106891,0.28227,0.201667,0.245122,0.064765,0.225393,-0.421371,0.279183,0.253124,0.381073,0.277346,0.195664,0.265093,-0.175926,0.163026,-0.102489,0.381195,-0.235663,0.057584,0.451076,0.372372,0.00633,0.039882,0.242318,0.084608,-0.082996,0.319462,0.083784,0.210623,0.105352,0.04652,0.260159,-0.021396,0.062829,0.083955,0.382492,0.270161,0.281787,0.236539,-0.181063,0.193566,0.096218,0.105064,0.158309,0.183667,0.194894,0.364622,0.073094,0.145403,-0.097252,0.241029,0.32648,0.331382,-0.273719,0.572932,-0.032783,0.241559,0.130557,0.446429,0.246855,0.079884,0.313485,0.192382,-0.133684,0.276231,0.113294,0.095532,0.142198,-0.14634,0.195994,-0.000174,-0.069877,0.388701,-0.042324,-0.027607,0.05444,-0.375015,-0.218322,0.251976,0.3628,-0.268375,0.201544,0.24215,-0.431495,-0.131782,0.031563,-0.06225,-0.183967,-0.233276,0.004213,-0.441697,0.102575,0.152743,0.06293,-0.190201,-0.404519,0.23709,-0.40966,-0.369259,-0.191785,0.044441,-0.183243,-0.395605,0.398786,0.36055,-0.127188,#
20,0.182252,-0.136276,-0.133589,0.173792,-0.059017,-0.088324,-0.255284,0.000982,-0.097417,-0.282643,0.008257,-0.128385,-0.086584,-0.070741,-0.107042,-0.156189,0.137322,0.03212,0.090047,0.213358,1.0,-0.257719,-0.420954,-0.003969,0.102953,0.031156,-0.119654,0.014453,0.062063,-0.036937,0.340738,0.040137,0.140682,0.053173,0.002049,-0.301009,0.101551,0.046527,-0.110888,-0.033602,0.187239,0.014348,-0.13221,0.010021,-0.242927,0.053209,0.170697,-0.099894,0.177628,-0.205018,-0.076928,-0.061683,0.176486,0.101556,0.106481,0.135979,-0.116204,0.122483,-0.031389,0.126685,-0.080781,0.13072,0.143089,-0.042261,-0.071306,0.004968,-0.042101,0.12246,-0.291267,-0.23997,-0.077883,0.013897,0.045708,0.320337,0.044424,-0.221179,0.124099,0.375088,0.126119,0.114396,-0.035101,0.345393,0.353201,-0.036729,-0.084689,-0.136645,0.189215,0.099914,0.340571,0.122287,-0.111497,-0.077882,0.158301,-0.121626,0.17807,0.111574,-0.004519,0.182472,0.113845,0.218045,-0.072831,0.085404,-0.088176,0.039945,0.270693,0.116421,0.057087,0.136946,0.127902,0.196908,0.060858,-0.102301,-0.052663,0.312102,0.222656,0.273245,0.020622,0.09294,0.037495,0.230269,0.058333,0.351902,-0.105544,0.32861,0.173663,-0.032847,-0.325464,-0.189759,-0.086975,0.181287,0.128022,-0.078028,0.355698,0.02808,0.052111,0.05591,0.11014,0.067346,0.129538,0.281809,-0.053153,0.059903,0.296996,0.034905,0.201722,0.02077,0.273874,-0.384403,0.178642,0.102026,0.146995,0.17814,0.169588,0.291231,-0.088535,0.203972,0.208322,-0.140952,0.220527,0.10036,-0.076922,0.055233,-0.005312,-0.15896,-0.071712,-0.170625,0.129395,-0.099658,0.188198,-0.012072,-0.138441,0.025386,0.172071,-0.030939,-0.348375,0.216192,0.038515,-0.295265,-0.215309,0.202818,-0.077926,0.099333,0.081022,-0.006814,-0.08495,0.327196,0.102292,0.33856,0.17389,-0.093121,0.093979,-0.102594,-0.232471,-0.345907,-0.273687,0.013081,-0.190981,0.118384,0.038743,-0.036203,#
