0,1.0,0.058152,-0.137782,-0.170907,0.055245,0.084849,0.368134,-0.287886,0.146052,0.093941,0.336872,0.208188,0.308383,0.162074,0.121413,0.046095,0.055334,-0.21227,0.198939,0.045766,-0.111192,0.054601,0.140019,0.082505,-0.003852,-0.017453,-0.134736,0.151238,0.143715,0.039706,-0.248605,-0.061143,0.066379,-0.079078,0.225941,0.053133,0.10279,-0.063059,0.081721,0.01222,0.030346,0.074155,0.112034,0.036927,0.178647,0.08218,0.259469,0.20923,-0.291176,-0.145672,0.043508,-0.191799,0.010481,-0.226119,-0.099564,0.028652,-0.105265,0.21925,0.023708,0.023388,0.255983,0.070956,-0.321299,0.055714,-0.199734,-0.027661,0.05215,-0.08131,-0.182945,-0.201175,-0.023269,0.014966,0.158937,-0.205565,-0.009987,0.094921,-0.44008,-0.115734,-0.273815,-0.089989,-0.070087,-0.121143,-0.170533,-0.385882,-0.191004,-0.119751,-0.04831,-0.246715,-0.102994,-0.115417,-0.482496,-0.245475,-0.039261,-0.323892,-0.157212,-0.254588,-0.106514,-0.383436,-0.334517,-0.1379,0.288854,-0.176139,-0.092026,-0.142074,0.044496,-0.159956,-0.227712,-0.048448,-0.272106,-0.097057,-0.014295,0.04648,-0.216888,-0.133451,-0.005957,0.033057,0.066946,-0.129103,0.13244,-0.20955,-0.20429,0.057102,-0.123286,0.278205,-0.153622,0.05855,-0.131372,0.236499,-0.269951,-0.16006,-0.234539,-0.263553,-0.146966,0.348564,-0.119192,-0.144436,-0.097865,-0.284503,0.28995,-0.24458,-0.139713,0.052938,-0.036731,-0.132916,-0.305325,0.042132,-0.057877,0.099774,-0.288427,-0.237804,-0.080999,-0.103482,-0.31431,-0.078683,0.023033,-0.170575,0.080171,0.163212,-0.265714,-0.038533,0.004316,-0.117786,0.035147,-0.275842,-0.028009,0.15847,0.003724,0.090485,-0.385238,-0.153375,0.166639,-0.343678,-0.023129,0.043465,0.152164,-0.113791,-0.230377,0.07165,0.147171,-0.418605,0.101766,0.065858,0.029691,0.197735,0.152029,-0.122107,0.244714,0.179837,0.021132,0.199891,-0.527538,0.136904,0.37794,0.016228,0.083498,0.049987,-0.11317,-0.160862,-0.021223,-0.095299,#
1,0.058152,1.0,0.049912,-0.16248,-0.102122,0.100172,0.106439,-0.075113,0.10205,0.177361,-0.017624,0.096862,0.170247,0.32112,-0.026524,0.009042,0.231078,0.15866,0.108693,0.026803,0.085388,0.243068,0.110997,-0.257185,-0.049459,-0.204224,-0.160579,0.113545,0.045583,-0.097544,0.014253,-0.14914,-0.097677,0.142353,0.206761,0.198097,-0.017542,-0.207854,0.017559,-0.305415,-0.043806,-0.007411,-0.001254,-0.128562,-0.136978,-0.004521,-0.084465,-0.041027,0.036537,0.126335,-0.082031,-0.165684,0.027345,0.106496,-0.128916,-0.089332,0.054375,0.031578,-0.004266,0.022646,0.167853,-0.1408,-0.130553,-0.091633,0.069764,0.200546,-0.180495,0.067952,-0.098487,-0.002805,-0.093841,-0.19082,-0.247012,-0.064325,-0.06374,0.10253,-0.074016,-0.102503,0.056158,-0.152283,-0.044572,-0.323627,-0.153042,-0.008357,-0.213813,0.069891,-0.081125,0.111595,0.02552,-0.124157,-0.032395,-0.074867,-0.246957,-0.116245,-0.225493,-0.042288,-0.15477,0.099711,0.02235,-0.201339,-0.131035,-0.127229,-0.001847,0.238069,0.01816,-0.187395,0.288995,-0.012885,-0.286508,-0.169546,0.428532,-0.140818,-0.229536,-0.025166,-0.155359,-0.219008,-0.235943,-0.22,0.011745,-0.188867,-0.126543,0.085377,-0.384608,-0.024501,-0.168111,-0.268967,-0.063059,0.026271,-0.254934,-0.187307,0.053741,-0.151959,-0.289922,-0.070401,-0.231779,-0.082671,0.204715,0.033328,0.121997,-0.362232,-0.154743,-0.186286,0.075341,-0.016004,-0.022878,-0.041927,-0.362514,0.009921,0.164928,0.168696,-0.125335,0.090466,0.209453,-0.049066,-0.021707,-0.173209,0.240338,0.259135,-0.060332,0.01191,0.059943,-0.110742,0.06338,0.101706,-0.018409,0.389238,0.099283,0.155214,-0.105056,-0.036269,0.207305,-0.09899,-0.179479,-0.111608,0.068909,-0.184826,0.031326,0.252194,0.164175,-0.22335,0.302575,-0.170671,0.217085,0.028244,0.254063,0.032093,0.060907,-0.066062,-0.192312,0.379851,-0.156976,0.271384,-0.202652,0.144745,-0.01609,0.096253,0.105467,-0.032134,-0.040329,0.161055,#
2,-0.137782,0.049912,1.0,-0.338237,0.082735,-0.175249,0.137429,-0.194566,0.024744,0.172014,-0.127206,-0.263999,0.001387,0.03043,0.010856,-0.032144,-0.047905,0.349445,-0.028916,0.20369,-0.098982,-0.059187,0.03077,-0.001528,0.009144,-0.047629,0.059953,0.016151,0.020423,-0.204779,-0.151335,0.206051,-0.321347,0.225704,0.019057,-0.015884,0.073794,0.380448,-0.019895,-0.085291,0.074634,-0.186104,-0.149695,-0.125758,-0.044353,-0.220048,-0.287701,-0.171793,0.032036,-0.004576,0.094277,-0.149378,0.140137,-0.080897,-0.212099,-0.185625,-0.059782,-0.105991,0.032616,0.007004,0.138067,-0.040439,-0.082713,-0.204752,0.169486,0.204636,0.237217,-0.126696,0.115143,0.18772,-0.233231,-0.049319,-0.36962,0.024835,-0.160169,-0.217768,-0.099084,-0.05525,-0.031143,0.005764,0.246561,-0.009581,0.116266,0.135214,-0.096331,0.220792,0.242218,0.030516,-0.057211,0.228402,0.132681,0.08044,-0.06243,0.090309,0.003967,0.043653,-0.143586,-0.070727,-0.006216,-0.008703,-0.366434,-0.201548,0.011365,0.082174,0.071706,-0.045561,0.095927,-0.021072,0.16639,-0.065739,0.121409,-0.101286,-0.126767,0.05111,0.253436,-0.054619,-0.030666,0.266841,-0.192819,-0.120493,-0.048039,0.052819,0.083263,-0.286718,-0.302559,0.153151,0.400325,0.11386,0.159931,0.061597,0.246102,0.127722,-0.03405,-0.002626,0.238575,-0.22736,0.225256,0.254277,-0.39683,0.200494,-0.149952,0.048896,-0.109884,-0.126746,0.053011,-0.025873,-0.034859,-0.105047,-0.014207,0.136901,-0.16714,0.221739,0.008136,0.016136,0.133625,0.117555,0.190459,-0.055725,-0.018999,-0.053346,0.196247,-0.196712,-0.027995,0.15645,0.031829,0.048672,0.065856,-0.133681,0.32221,0.056698,-0.172015,-0.077494,0.048527,-0.034448,-0.375365,0.243611,0.09291,-0.021714,0.063006,-0.099366,-0.059975,0.155242,0.077033,-0.253699,-0.15766,0.193376,0.126947,0.059408,-0.114829,-0.391098,0.244994,-0.194929,-0.24112,0.169019,-0.291916,-0.021347,-0.00542,0.305537,0.167054,0.139512,#
3,-0.170907,-0.16248,-0.338237,1.0,-0.076122,-0.040025,-0.164115,0.177201,-0.372193,-0.261509,0.113531,0.090848,-0.132726,-0.354772,-0.003141,-0.099188,0.000336,-0.041783,-0.189826,-0.12199,0.223155,-0.328798,-0.336728,0.023426,0.182074,0.134099,0.069753,0.135932,0.021555,-0.212311,0.29269,-0.173493,0.177032,-0.177941,-0.080994,-0.017143,-0.139742,-0.162115,0.196837,0.144948,0.012076,-0.167515,-0.110421,-0.037014,0.024875,0.297671,-0.115655,-0.269652,-0.052106,-0.150775,-0.152325,0.462768,-0.104537,0.253307,0.254853,-0.274633,0.181711,0.325027,-0.114448,-0.108816,-0.490082,0.006676,0.099855,0.047708,-0.134894,-0.135711,0.062247,0.020712,-0.08015,-0.042867,0.01291,-0.211547,0.067037,0.156792,0.202921,-0.271152,0.240092,0.245176,0.08142,-0.052416,0.029326,0.133814,0.195708,0.157694,0.062803,-0.012978,0.162726,0.201314,0.22831,-0.011559,0.226038,0.12714,0.077049,-0.092013,0.126568,0.258841,0.287621,0.065582,0.031362,0.161325,0.160584,0.118657,0.225541,0.16445,0.017564,0.188663,0.03667,0.252979,-0.146493,0.219389,-0.128473,-0.026878,0.188725,0.068457,-0.12876,0.088172,0.214124,0.236503,-0.075075,0.299901,0.140852,0.081546,-0.008218,0.260634,0.222501,0.036475,-0.339468,-0.041991,-0.002619,0.182322,0.01999,0.347367,0.353481,-0.251059,0.249968,0.022882,0.020602,-0.094002,-0.081629,0.113714,0.147393,0.134012,0.331991,0.231575,0.31428,-0.020282,0.05632,-0.319003,0.173842,-0.105318,0.22016,-0.109574,0.007006,0.108728,0.154253,0.019672,-0.34166,-0.351151,0.065756,-0.01709,0.008134,0.082136,0.17382,-0.099627,-0.103437,-0.30513,0.003945,-0.297027,0.020244,0.07885,0.119415,0.344076,0.046445,0.137878,0.025562,0.158034,-0.022178,-0.058747,-0.379242,0.468383,-0.409765,0.103262,-0.118572,-0.247462,-0.13104,-0.129061,-0.178559,0.060473,0.374053,-0.023973,0.217854,-0.027363,-0.152042,-0.215359,-0.003821,-0.225771,-0.161936,-0.342684,-0.288595,-0.216082,#
4,0.055245,-0.102122,0.082735,-0.076122,1.0,-0.034701,0.109992,-0.043147,-0.090012,-0.129859,0.153315,-0.135613,-0.16011,-0.354617,-0.122831,-0.008555,0.165801,-0.1488,0.111706,-0.078418,-0.142737,-0.212686,0.108481,-0.070536,0.031967,-0.045207,-0.052986,-0.159036,0.034562,-0.033637,-0.309677,-0.033892,0.115088,-0.183369,0.215136,-0.020076,0.066244,-0.16074,0.15763,0.43109,-0.060658,-0.272268,-0.100579,-0.135541,-0.276726,0.126737,-0.0816,-0.095086,0.025522,0.162719,-0.007298,0.165634,-0.188944,0.12923,0.052978,-0.026351,-0.278049,0.25057,0.014684,0.298011,-0.171265,-0.093431,0.127591,-0.259454,-0.140747,-0.067685,0.255223,0.006307,-0.067426,-0.104979,-0.029545,0.150782,0.141334,-0.046486,0.084742,0.049732,0.112783,-0.142926,0.049122,-0.18248,-0.162321,0.185692,0.128928,-0.0665,0.174935,-0.030167,-0.012854,0.031542,-0.017858,0.015665,0.062645,0.260296,0.052335,0.085205,0.216081,-0.115997,0.286814,-0.081424,-0.022409,-0.039988,0.113236,0.205563,0.059009,-0.088177,-0.020675,-0.05593,-0.061571,0.005674,-0.130036,0.107365,-0.02104,0.049061,-0.230457,-0.019256,-0.217398,0.151685,0.097004,0.3888,-0.232487,0.017687,-0.21097,-0.181421,-0.090817,0.086046,0.032346,0.062674,0.026445,0.203529,-0.09468,-0.218023,0.096061,-0.117636,0.116634,0.11377,0.17838,-0.100736,0.290248,0.098094,-0.054786,0.122403,-0.078022,-0.020805,-0.007404,0.140398,-0.033846,-0.051627,-0.027495,-0.090016,0.095457,-0.0695,0.148171,-0.001361,-0.165087,0.184172,0.010267,0.010038,-0.026204,-0.031128,-0.267502,-0.003804,-0.19142,-0.075856,0.018866,0.093685,-0.049197,-0.073562,-0.01681,0.027791,0.165641,0.235543,0.0728,0.080817,0.193128,-0.030221,-0.099525,-0.003227,0.039615,-0.042961,-0.054899,-0.039571,-0.019563,0.235003,-0.022406,-0.009204,-0.031673,-0.058727,-0.101875,0.252684,0.315569,-0.056175,0.095878,-0.039096,0.2212,0.135309,-0.161055,-0.001321,0.154097,0.156646,-0.046982,-0.210102,#
5,0.084849,0.100172,-0.175249,-0.040025,-0.034701,1.0,0.175405,0.202586,0.075003,-0.015068,-0.042414,-0.017027,0.054032,-0.04807,0.216964,-0.163962,0.265604,0.058629,0.193668,-0.104731,-0.122095,-0.032522,0.173036,-0.134839,-0.204888,0.267823,-0.327279,-0.083694,0.15467,0.054584,-0.147673,0.094779,-0.001134,0.119638,-0.085624,0.210281,0.029112,-0.198422,-0.178195,-0.116244,-0.384411,0.073906,-0.127315,-0.032238,0.014999,-0.001292,0.205485,-0.145651,0.244971,-0.000322,0.039452,-0.096351,0.231816,0.046067,-0.018838,0.099546,-0.075919,0.050659,-0.136045,-0.104727,0.091002,0.005366,0.056941,0.026397,-0.318988,-0.247529,-0.093462,-0.064923,-0.028355,-0.286979,-0.06881,-0.062243,-0.10606,0.05902,-0.047258,0.15114,-0.066509,0.065949,-0.165431,0.220619,-0.196283,-0.125326,-0.082432,0.14297,0.038502,-0.169223,-0.165219,-0.001396,0.008929,-0.1247,0.033176,-0.155372,-0.165431,-0.21792,-0.065203,0.091242,-0.138795,-0.040924,-0.201617,-0.227865,0.360177,0.17472,0.056579,-0.149301,-0.31343,-0.315097,-0.047246,0.052813,-0.156551,-0.016034,0.07601,0.280234,-0.194473,-0.166705,-0.013492,-0.019247,0.023002,0.047259,0.094722,-0.156339,0.126547,-0.072929,-0.049869,0.022561,-0.138869,-0.044901,0.023227,-0.270038,-0.304057,0.125913,-0.121884,-0.17391,-0.00659,0.05928,-0.429346,-0.004895,0.098634,0.121089,0.280653,-0.026062,-0.107343,-0.166005,-0.165183,0.081845,-0.049902,-0.184626,0.244346,0.089377,-0.25764,-0.243788,0.019973,-0.351339,0.209678,-0.087104,0.153946,-0.006103,0.089517,-0.037555,-0.293642,0.096183,-0.241156,0.041717,0.182402,-0.219939,0.219879,0.043402,-0.037132,0.037257,0.013725,-0.295898,0.057329,-0.202053,-0.142022,-0.123618,0.186894,-0.144786,0.048214,-0.037279,0.032833,-0.002506,0.229151,0.025061,0.0771,0.053426,0.404645,-0.131495,0.182989,-0.082249,-0.032258,0.253382,-0.111741,0.20356,0.056203,-0.062918,-0.166738,0.427856,0.085795,0.111191,-0.198862,-0.074451,#
6,0.368134,0.106439,0.137429,-0.164115,0.109992,0.175405,1.0,-0.216941,0.206107,0.086507,0.159471,0.020887,0.085795,0.085815,0.085147,-0.111727,0.154177,0.190372,0.231624,0.207425,-0.170221,-0.070275,0.207171,0.033233,-0.149182,-0.01963,-0.098263,0.067771,0.274074,-0.157603,-0.246239,0.118067,-0.152211,-0.07256,0.123618,0.016747,0.32734,-0.166361,0.142213,0.133275,0.038589,0.088647,-0.102873,0.008427,-0.008438,-0.104601,0.080686,-0.080091,-0.022603,-0.185538,0.071458,-0.279047,0.1123,-0.139046,0.139871,-0.202109,-0.138032,0.069414,0.0936,0.014734,0.297135,0.174808,-0.118705,0.020221,0.065882,0.140983,0.001337,-0.042319,0.1485,-0.164593,-0.06624,-0.160473,-0.125768,-0.568863,-0.415087,-0.047476,-0.362474,-0.44532,-0.305799,0.003542,-0.153298,-0.079286,-0.126502,-0.279599,-0.339345,0.026325,-0.124607,-0.13836,-0.370883,-0.258335,-0.361506,-0.313035,-0.558327,-0.205899,-0.38167,-0.37259,-0.124066,-0.32471,-0.394327,-0.274522,0.085512,0.051626,-0.331846,-0.193403,-0.306971,-0.440286,0.061932,-0.15713,-0.088283,-0.239436,0.214782,-0.025481,-0.274933,-0.370483,0.003096,-0.141966,-0.018772,-0.076751,0.203404,-0.271387,-0.263463,-0.216255,-0.115476,0.058331,-0.211908,-0.120271,0.158381,0.307739,-0.323381,-0.085656,-0.183543,-0.199545,-0.140723,0.133583,-0.140365,-0.37746,0.085582,-0.090223,0.100207,-0.340771,-0.327407,-0.135756,-0.198726,-0.289545,-0.323691,-0.042407,-0.042649,0.379332,-0.22516,-0.391641,-0.128843,-0.435241,-0.164681,-0.122223,-0.078708,0.054445,0.257453,0.185883,-0.28375,-0.118067,0.098294,-0.254452,0.16233,-0.044879,-0.080822,0.318694,0.036366,-0.086886,-0.211982,-0.213829,0.150742,-0.273182,-0.164739,-0.207291,0.053265,-0.290933,-0.176422,0.342749,0.234415,-0.397005,0.267541,0.084648,-0.030448,0.15109,0.096546,-0.335623,0.008723,0.139597,-0.117768,0.293254,-0.373474,0.165263,0.165522,0.161665,-0.114639,-0.062864,0.016189,0.138078,-0.136119,0.143918,#
7,-0.287886,-0.075113,-0.194566,0.177201,-0.043147,0.202586,-0.216941,1.0,-0.332445,-0.008619,-0.18689,-0.234551,0.167329,-0.18896,0.096612,0.044024,0.185464,0.006172,-0.049424,-0.256187,0.143108,0.114533,0.032708,0.013482,-0.076241,0.070698,-0.199335,-0.26795,-0.204186,0.106683,-0.073904,-0.050028,0.039452,0.12931,-0.187762,-0.024726,-0.148257,-0.234386,-0.184639,0.132564,-0.061128,-0.013091,-0.047044,-0.165397,0.124011,0.096461,0.250797,-0.138707,0.183816,0.046537,-0.038679,-0.077282,0.029934,-0.142335,-0.056873,0.072008,0.503176,-0.192385,-0.105064,0.269686,-0.090058,-0.311885,0.05338,0.110603,-0.046448,-0.129843,-0.020034,0.010448,-0.09373,-0.145045,0.18413,0.054632,-0.291418,0.206809,0.091051,-0.103496,0.039995,0.106155,-0.048309,0.078622,-0.087146,-0.212848,-0.130263,0.024119,0.150092,-0.195833,0.184634,0.0814,0.219103,0.167421,0.097916,0.052671,0.106652,-0.024197,0.129207,0.163827,-0.094356,0.144687,0.173147,-0.030573,-0.09607,0.122813,0.104935,0.069839,-0.098453,0.131764,-0.14148,0.035744,0.006698,0.234669,0.093667,0.045402,0.169423,0.236869,-0.062917,0.034884,0.150996,-0.103944,-0.025235,0.058832,0.204694,-0.139917,0.046192,0.129823,0.024975,-0.13822,-0.003695,-0.120102,0.064821,0.03686,-0.1896,0.19107,0.156394,-0.208711,0.00934,0.285389,0.077247,0.106888,-0.050612,-0.020782,-0.172497,-0.095529,-0.203805,0.216847,-0.103715,-0.126392,0.033829,0.14517,0.104427,0.058344,-0.088201,-0.098677,0.103873,-0.004737,-0.049714,-0.24867,-0.067702,0.073651,0.059766,0.175046,-0.2082,0.224362,0.056705,0.12725,0.127995,-0.315012,-0.415422,-0.074949,0.070636,0.176628,-0.118341,0.09466,-0.180801,-0.164394,0.149349,-0.068289,-0.068249,-0.049785,-0.097828,0.167349,-0.013934,0.019315,0.195124,0.080982,0.045859,-0.031298,-0.039339,-0.1103,-0.086425,0.177797,-0.005339,-0.101364,-0.106315,0.012144,0.02865,-0.080564,-0.029845,-0.004071,-0.134175,0.07252,#
8,0.146052,0.10205,0.024744,-0.372193,-0.090012,0.075003,0.206107,-0.332445,1.0,0.351537,0.068536,0.196867,0.051563,0.236841,-0.00206,-0.046054,-0.231666,0.070351,0.034469,0.243048,-0.087283,0.04447,0.128869,0.150852,-0.088601,0.223664,0.146761,0.071155,0.127806,-0.079899,-0.172201,0.070176,0.289116,-0.03948,-0.041318,0.04958,0.338037,0.131083,-0.016937,-0.205665,0.105113,0.128999,-0.085373,-0.028478,-0.053116,-0.249835,-0.070232,0.287581,-0.028452,-0.009313,-0.228835,-0.379395,0.334572,0.05934,0.205925,0.151791,-0.356461,-0.219167,-0.079003,-0.068707,0.209188,-0.067117,-0.071382,0.086639,0.167327,0.117385,-0.077551,0.158038,0.16391,-0.03872,-0.048745,0.062932,0.11086,-0.179073,-0.285717,0.051095,-0.084705,-0.118071,-0.139269,0.206975,-0.197525,-0.101981,0.023714,-0.048941,-0.183424,0.16737,-0.336452,-0.170285,-0.024656,-0.423265,-0.037953,-0.40483,-0.235122,-0.021867,-0.174583,-0.04237,-0.219178,-0.045983,-0.178436,-0.249224,-0.091757,0.186143,-0.137256,-0.072622,0.158534,-0.072008,-0.004418,-0.150944,0.070513,-0.022744,0.139576,-0.123369,-0.062428,-0.077967,0.15124,0.017713,-0.198428,-0.302854,0.130222,-0.297845,-0.127815,0.094427,-0.048143,-0.193448,-0.306421,-0.037899,0.26257,-0.103293,-0.101791,-0.14699,0.258044,-0.133739,-0.430758,-0.126633,-0.205695,0.043275,-0.163411,0.089936,0.203163,-0.083688,-0.11087,0.18542,-0.21421,-0.108038,-0.231461,-0.116805,-0.293493,0.124976,-0.112027,-0.075086,-0.02085,-0.049378,-0.044783,-0.288329,0.104926,-0.039612,0.349836,0.346649,-0.314051,-0.285313,0.033477,0.06733,-0.11446,-0.111627,-0.017827,-0.00654,0.0666,0.016329,-0.024386,-0.105265,-0.192876,-0.185919,-0.02102,0.048102,0.173791,-0.157565,0.278519,0.084301,0.528088,-0.283627,0.26235,0.085516,-0.268304,0.039044,-0.019921,0.015119,0.182129,0.019196,-0.360772,0.125444,-0.137807,0.170415,-0.041832,0.255982,0.067511,0.023464,0.006931,-0.215701,0.072191,0.113093,#
9,0.093941,0.177361,0.172014,-0.261509,-0.129859,-0.015068,0.086507,-0.008619,0.351537,1.0,-0.285092,-0.111982,0.234115,0.445652,0.020407,0.078353,-0.255996,0.348043,-0.081989,0.262134,-0.220184,0.056679,0.309816,0.094653,0.043455,-0.019783,-0.149183,-0.061157,0.144088,0.167005,-0.02996,-0.061121,0.097954,0.131156,-0.089104,0.067776,0.295689,-0.120343,-0.039824,-0.105097,0.289387,0.027658,0.081996,-0.108632,0.112312,-0.241103,-0.00103,0.284096,0.136636,-0.111885,-0.202389,-0.397209,0.301699,-0.103327,-0.067528,-0.053824,-0.100869,-0.348617,-0.00695,0.325709,0.344826,-0.157676,-0.423591,-0.015995,0.127638,0.016657,0.023356,0.023576,-0.09429,-0.127183,0.013207,0.11336,-0.288602,-0.106841,-0.115171,-0.061187,-0.127195,-0.157361,-0.149867,0.21189,-0.091917,-0.364382,-0.321545,0.216955,-0.431846,0.089117,0.036379,-0.291254,-0.216271,-0.211292,-0.149785,-0.235115,-0.392782,-0.084608,-0.222229,0.059671,-0.670738,0.052561,0.197523,-0.285708,-0.407651,-0.143475,-0.139673,0.003211,0.061093,-0.130182,0.039877,-0.421483,0.294148,-0.166555,0.423386,0.214905,-0.195565,0.037202,0.049633,-0.161765,-0.150967,-0.252002,0.276446,-0.262844,-0.299544,-0.070209,-0.102644,-0.13661,-0.33298,0.320643,0.275444,0.11706,-0.194352,-0.35223,0.063396,0.136749,-0.648452,0.112187,-0.315264,-0.219221,0.087671,0.058352,0.094514,-0.245213,-0.084311,-0.182373,-0.308298,-0.295097,-0.306523,-0.14707,-0.287684,0.255971,-0.139541,-0.129345,-0.425498,0.059878,-0.088441,-0.47208,0.084286,-0.276214,0.724401,0.453095,-0.167176,-0.334788,-0.104468,-0.005511,-0.05039,-0.007727,0.043514,0.343513,-0.233293,-0.190676,0.15431,-0.202161,-0.375913,-0.103656,-0.118656,-0.090282,0.297329,-0.33501,0.09457,-0.171264,0.513196,-0.424694,0.53117,0.182508,-0.245461,-0.176186,0.132802,-0.152891,0.169198,0.021227,-0.72081,0.177394,-0.347595,-0.181507,-0.053194,0.293481,-0.269847,0.027363,0.284726,-0.055779,0.124875,0.482053,#
10,0.336872,-0.017624,-0.127206,0.113531,0.153315,-0.042414,0.159471,-0.18689,0.068536,-0.285092,1.0,0.30025,0.03031,-0.037863,-0.224198,-0.156303,0.031227,-0.248055,0.031886,-0.080602,0.056623,-0.025514,-0.079123,0.046888,-0.1366,0.195893,0.094611,0.129183,0.004794,-0.208308,-0.081365,0.198628,0.089997,-0.176736,0.090239,0.1036,-0.083351,0.180886,-0.032753,0.083137,-0.197734,-0.097162,0.062809,0.027182,-0.074958,0.234093,0.039715,0.170039,-0.086683,-0.048728,0.124436,0.020485,0.16608,-0.160097,0.103426,0.042272,-0.133762,0.383377,0.063702,-0.121447,-0.112409,0.011125,0.038746,0.007699,-0.32068,0.092504,0.150569,0.222935,-0.073512,-0.175742,0.19842,-0.067957,0.255724,-0.1612,-0.026407,-0.083715,0.059661,-0.108243,-0.071227,-0.047733,-0.049624,0.200124,-0.004789,-0.109335,0.055749,0.160357,-0.141308,0.159811,0.025042,0.050807,0.003387,0.133362,0.090685,0.016979,-0.158903,-0.079455,0.385679,-0.295742,-0.133554,-0.018266,0.192293,0.004562,-0.059972,0.037457,0.129666,-0.102876,0.133848,0.07546,-0.120021,0.210898,-0.308018,-0.031373,-0.02888,-0.100916,0.00197,0.098611,-0.155033,0.108523,-0.049455,0.017393,0.008717,0.259496,-0.055628,0.108109,0.02826,-0.048583,-0.2623,0.050796,-0.131534,-0.186232,0.015927,-0.251607,0.151018,-0.225775,0.135124,0.022366,0.098994,-0.082248,-0.118599,0.001412,-0.056805,0.196918,0.194631,0.23214,0.018751,-0.134513,-0.137988,-0.039263,0.050215,-0.172285,0.438293,-0.206068,-0.133397,0.036089,-0.022493,0.033674,-0.323438,-0.164684,-0.125334,-0.059086,0.00246,-0.101483,0.032918,-0.133368,0.104736,-0.196759,0.098459,-0.209419,-0.170461,0.151895,0.2744,-0.11545,0.187907,0.042438,0.007188,0.188193,-0.128312,0.060109,-0.124011,0.004304,-0.144359,0.150465,-0.084195,-0.12763,0.002156,0.032022,-0.094497,0.230201,0.320369,0.283706,0.048851,0.148948,0.079049,-0.168284,0.202597,-0.20728,-0.117363,-0.07362,-0.176226,-0.50388,#
11,0.208188,0.096862,-0.263999,0.090848,-0.135613,-0.017027,0.020887,-0.234551,0.196867,-0.111982,0.30025,1.0,0.030316,0.050594,-0.022009,-0.100518,-0.091504,-0.105016,0.018663,-0.172513,0.110223,-0.208384,-0.054968,0.18878,0.014109,-0.009486,-0.072866,0.176072,0.117407,-0.046152,0.056711,-0.032802,0.113759,-0.097217,0.029737,-0.10892,-0.099639,-0.190666,0.249836,-0.186052,-0.063503,0.184079,-0.088766,-0.013624,-0.098985,0.357001,-0.189711,0.094097,0.142142,-0.046484,-0.262554,0.05361,0.024456,0.011777,0.260675,-0.013171,-0.095443,0.177639,-0.288626,-0.170016,-0.265616,-0.121512,-0.040751,0.15611,-0.006492,0.064531,-0.088793,0.232491,0.208694,-0.145169,-0.083612,-0.184582,0.034858,0.032933,0.151705,-0.098546,-0.128703,0.185728,-0.276718,-0.008757,-0.239665,-0.157486,0.200843,-0.176316,0.022963,-0.197488,-0.183885,-0.220746,0.167558,-0.067434,-0.112514,-0.267358,0.052435,-0.059417,0.040856,-0.029898,0.207164,-0.00694,-0.030038,0.133005,0.210205,-0.180527,-0.034048,0.064522,-0.048299,-0.049274,-0.078623,0.040464,-0.052849,0.091829,-0.013881,-0.152289,0.172835,-0.036253,-0.0409,0.053678,0.019154,-0.02642,-0.067653,0.100017,-0.013462,0.109297,-0.093656,0.167845,-0.062903,-0.018134,-0.213346,-0.26986,-0.201577,0.043772,-0.199731,-0.198123,-0.227202,0.099861,-0.244684,0.147774,-0.257462,-0.27994,0.181027,-0.286486,0.007291,-0.010927,0.156588,-0.056848,0.173848,-0.335144,-0.01385,-0.03607,-0.177391,-0.185271,0.213592,0.000228,-0.148866,0.002921,-0.006351,0.096473,-0.020208,0.027017,0.082529,-0.098199,-0.127399,-0.05812,-0.091937,0.012127,-0.263131,-0.068169,0.180863,0.005983,-0.095606,-0.187583,0.298579,-0.005737,0.151297,0.058947,0.04776,-0.024174,0.034854,0.28909,0.071254,0.077416,-0.024172,0.031803,-0.136376,-0.179268,0.197782,0.068036,-0.056891,-0.099966,0.124494,0.157592,-0.195507,0.330504,0.102662,-0.064832,-0.024173,-0.010203,-0.176933,-0.07,0.038019,-0.208403,#
12,0.308383,0.170247,0.001387,-0.132726,-0.16011,0.054032,0.085795,0.167329,0.051563,0.234115,0.03031,0.030316,1.0,0.388779,-0.069314,0.252777,-0.060709,0.266434,0.10462,-0.023436,0.018994,-0.008395,0.182457,0.103719,0.019777,-0.136219,0.106466,0.039303,0.238191,0.161666,0.04741,-0.073835,0.073953,0.041431,-0.123639,0.213624,0.167812,0.029375,-0.01871,-0.117599,0.035892,0.068609,0.080717,-0.099907,-0.089833,-0.285858,0.362106,0.278714,-0.004701,0.088143,-0.014106,-0.241781,0.053706,-0.079861,-0.115931,-0.111857,0.120288,-0.313416,-0.037041,-0.040119,0.247761,-0.331857,-0.247596,0.29373,0.198096,0.052246,-0.03511,0.044477,0.029185,-0.088133,-0.035951,0.141749,-0.320829,-0.117014,-0.016805,0.091646,-0.41915,-0.01903,-0.188976,-0.006383,-0.193397,-0.260224,-0.193285,-0.044729,-0.26968,-0.185748,-0.014947,-0.035049,-0.049016,0.013636,-0.336375,-0.097794,-0.185219,-0.253797,-0.1541,-0.102653,-0.244356,-0.043714,-0.010598,-0.367292,-0.03978,-0.291777,-0.137599,0.069038,0.106112,0.06179,-0.261639,-0.131016,-0.043419,-0.022916,0.161714,-0.225509,-0.047235,-0.107424,0.118076,-0.077512,-0.194737,-0.155052,0.150852,-0.219635,-0.089927,-0.019549,-0.302731,-0.122536,-0.287968,-0.060499,0.077603,-0.012614,-0.185383,-0.341694,-0.049782,-0.015951,-0.21236,0.125997,-0.158694,0.051494,-0.056865,-0.173038,0.199887,-0.290602,-0.310428,0.134514,-0.091851,-0.141603,-0.304618,-0.021173,-0.157853,0.438648,-0.278202,-0.122689,-0.356667,-0.054884,-0.031448,-0.232978,0.095891,-0.459076,0.159359,0.209455,-0.190777,-0.156043,0.076674,0.129733,-0.064096,0.089998,0.244958,0.037508,0.013818,0.20873,-0.202037,-0.151922,-0.058165,-0.202007,-0.308402,-0.123607,0.103317,-0.218376,-0.276314,0.168948,0.120294,-0.209533,0.140088,-0.037721,0.026166,-0.010393,0.400461,-0.167428,0.20302,0.121716,-0.141462,0.296175,-0.287411,-0.072394,0.103275,0.316953,0.035617,0.034119,0.147003,-0.057637,0.044087,0.192529,#
13,0.162074,0.32112,0.03043,-0.354772,-0.354617,-0.04807,0.085815,-0.18896,0.236841,0.445652,-0.037863,0.050594,0.388779,1.0,0.044281,-0.003096,-0.266234,0.098949,0.320549,0.307965,0.049702,0.225187,0.261458,-0.106468,-0.099362,-0.049644,0.095246,0.245803,0.227011,-0.054604,0.220311,0.0676,-0.121182,0.152908,-0.214709,-0.06018,0.022262,0.115369,-0.081588,-0.36371,0.073345,0.210225,0.078465,-0.167797,-0.115552,-0.391036,0.103418,0.329625,-0.183084,-0.100867,-0.082908,-0.238385,0.192226,-0.127511,-0.213368,-0.005258,-0.049402,-0.212914,-0.122732,-0.168308,0.364145,-0.091455,-0.274315,0.025734,0.165066,-0.056432,-0.069655,-0.127143,-0.10454,0.070281,-0.066434,0.129067,-0.238742,-0.253534,-0.178367,0.17193,-0.217971,-0.003389,-0.129025,0.299921,-0.028106,-0.310701,-0.226227,-0.019287,-0.214942,0.190863,-0.202976,-0.147028,-0.16555,-0.028623,-0.316153,-0.116869,-0.233914,-0.224616,-0.239054,-0.049488,-0.389425,-0.033291,0.239643,-0.198301,-0.34182,-0.247192,-0.165586,-0.087108,-0.081861,-0.149003,0.161429,-0.356169,0.128267,-0.188529,0.274109,0.070636,-0.359738,-0.053949,0.250425,-0.179379,-0.276364,-0.325608,0.186898,-0.126384,-0.009822,0.126366,-0.105575,-0.19953,-0.349465,0.101925,0.011636,-0.072454,-0.209238,-0.294954,-0.081444,-0.234933,-0.4775,-0.036353,-0.126846,-0.010008,0.11103,-0.166548,0.233411,-0.355698,-0.026292,-0.02973,-0.03163,-0.32771,-0.245122,0.038321,-0.149153,0.342323,-0.224031,0.03437,-0.274377,0.252531,0.004883,-0.2564,-0.052935,-0.241187,0.491289,0.343712,0.013932,-0.242795,0.041449,-0.101973,0.091846,-0.160292,0.18851,0.53132,0.075456,0.163601,-0.176602,-0.065881,-0.208012,-0.181822,-0.263373,-0.08769,0.002563,-0.274073,-0.025129,0.058152,0.326986,-0.37737,0.286341,-0.263122,0.027347,0.109757,0.053522,-0.127185,0.057783,0.051412,-0.472368,0.225676,-0.263727,0.009602,-0.140531,0.21574,0.058926,0.041512,0.078727,-0.126736,0.15215,0.333496,#
14,0.121413,-0.026524,0.010856,-0.003141,-0.122831,0.216964,0.085147,0.096612,-0.00206,0.020407,-0.224198,-0.022009,-0.069314,0.044281,1.0,-0.119468,0.146419,0.107242,0.048061,0.252431,0.075371,0.105611,0.252955,0.1921,-0.079382,0.232743,0.176998,-0.020225,0.002864,-0.184456,-0.038161,0.063412,0.178119,0.142069,-0.182349,-0.193909,-0.106016,-0.073002,-0.07855,-0.16172,-0.093527,0.07969,-0.067917,0.123042,0.32558,-0.12179,0.076035,-0.063267,0.05164,-0.214769,0.025973,-0.076242,0.104103,-0.221987,-0.264058,0.141323,-0.041687,0.029242,-0.066342,0.160815,0.147576,0.220966,-0.212113,-0.128705,-0.110456,-0.311054,0.010035,-0.257065,-0.076172,-0.054261,-0.207662,-0.074299,-0.093143,0.11349,-0.176691,-0.087018,-0.189429,0.189783,-0.359417,0.336902,0.188537,-0.268445,-0.238296,0.00467,-0.03065,0.058319,0.267855,-0.012874,0.257494,-0.021283,-0.185904,-0.128227,0.034832,-0.199809,-0.012612,-0.057227,-0.269735,-0.064661,-0.100315,-0.090001,-0.056337,0.091626,-0.030719,-0.301285,-0.005868,0.107286,-0.234225,0.030826,0.178992,-0.041466,-0.071473,0.174084,0.01309,0.172055,0.321501,-0.013443,-0.019356,-0.220529,-0.022584,-0.417759,0.015115,-0.189932,0.12804,0.157485,-0.07974,-0.072791,0.135793,0.139022,-0.151978,0.122781,-0.110763,-0.058192,-0.24644,-0.044125,-0.051293,0.1067,-0.142675,-0.039311,0.204547,-0.096756,-0.100618,0.020862,-0.253769,0.113032,-0.156699,-0.066283,0.174133,0.092652,-0.2178,0.218221,-0.11076,-0.220001,0.092345,0.23169,-0.153329,0.219024,0.294914,0.108413,-0.024324,0.333937,0.100893,-0.103244,0.11316,-0.249059,0.136204,0.149259,-0.124678,0.063118,0.131494,-0.084924,-0.286333,-0.175066,-0.173532,0.172059,-0.015201,-0.290272,0.172026,-0.154068,0.226454,-0.115105,0.018372,0.073787,0.270535,-0.050177,0.121798,-0.186081,0.067833,-0.038373,-0.140927,-0.042058,-0.117443,0.085285,-0.010813,0.096536,-0.312848,0.209497,-0.123642,-0.104923,-0.199808,0.017121,#
15,0.046095,0.009042,-0.032144,-0.099188,-0.008555,-0.163962,-0.111727,0.044024,-0.046054,0.078353,-0.156303,-0.100518,0.252777,-0.003096,-0.119468,1.0,0.187218,0.186931,-0.202023,0.146409,-0.265096,0.100438,-0.01403,-0.068302,0.236174,0.022408,-0.145685,0.143235,0.115885,0.051143,0.058432,-0.280088,0.063683,0.103546,-0.03207,0.080507,0.109329,0.082244,0.121743,0.003026,0.060182,-0.109162,0.127183,0.145947,-0.120836,0.003778,0.130726,-0.032797,-0.012004,0.277943,0.092657,-0.244732,-0.081109,-0.052488,0.181715,0.066927,0.17098,-0.167447,0.017166,0.161084,0.052563,0.066733,0.114483,0.165803,-0.065745,-0.204206,-0.0029,-0.061872,-0.31447,-0.160307,0.10917,0.259195,0.238037,0.116793,0.077475,0.175694,-0.053303,-0.101633,0.215517,-0.173847,0.000772,0.002299,-0.142704,0.170965,0.085216,-0.283044,0.099434,-0.219271,-0.067186,0.163461,-0.106274,0.040485,-0.044874,0.075637,-0.145881,-0.063645,0.080769,0.107221,-0.005939,0.07401,-0.006085,0.032961,-0.169211,0.181671,0.081508,0.164944,0.028807,0.083205,0.074984,-0.15357,0.056113,-0.092557,0.153052,0.263828,-0.262127,-0.061249,0.189172,-0.183293,-0.017719,-0.049625,-0.186521,0.103005,-0.234588,0.064733,0.023206,-0.056249,-0.057111,0.174734,0.05198,-0.091336,-0.058319,0.015808,-0.02926,0.253653,0.141974,-0.033483,-0.079723,-0.299221,-0.094412,0.082088,0.063043,0.026999,-0.171977,-0.181205,-0.0736,0.18713,-0.104452,0.172665,-0.130545,-0.00779,-0.160076,0.023067,0.06383,-0.088714,-0.063055,0.123209,0.031281,0.067996,0.076767,-0.067426,0.057035,-0.166267,0.216691,-0.003126,0.125725,-0.058395,-0.134568,0.264559,-0.096403,-0.002759,-0.001786,0.167208,0.227471,-0.013267,-0.085882,0.105388,-0.054081,0.248349,-0.079163,-0.082139,0.066724,-0.092317,0.128286,0.090357,-0.10987,0.191584,0.144859,-0.02601,-0.038945,-0.040283,-0.001552,-0.176625,-0.006739,0.126347,0.108585,-0.01114,0.041748,0.043821,0.378929,0.199978,#
16,0.055334,0.231078,-0.047905,0.000336,0.165801,0.265604,0.154177,0.185464,-0.231666,-0.255996,0.031227,-0.091504,-0.060709,-0.266234,0.146419,0.187218,1.0,0.025343,0.00842,0.059845,-0.169814,0.116294,-0.102246,0.036567,-0.169725,0.202653,-0.113981,0.097898,0.021882,-0.026411,-0.149537,-0.065199,-0.011542,0.203266,0.098372,0.173986,-0.14176,-0.102856,-0.069749,0.136082,-0.292331,-0.274368,0.013697,0.149894,0.065901,0.356031,-0.043312,-0.423545,0.016983,0.181934,0.095852,-0.167789,-0.172079,0.12064,0.017189,-0.004168,0.165179,0.020119,0.129769,-0.021356,-0.124368,-0.104138,0.027455,-0.182371,-0.213529,-0.223772,0.209588,-0.088884,-0.290158,-0.082536,0.162442,-0.145198,0.137438,0.120042,-0.018063,0.032244,-0.05024,-0.212431,-0.0361,-0.172849,-0.088003,0.08195,0.009161,0.070934,0.01047,-0.279539,0.26043,-0.051316,0.020824,0.237778,-0.093398,-0.037724,-0.125904,-0.02777,0.119569,-0.073894,0.198452,-0.185006,-0.222856,-0.039639,0.107049,0.194476,0.078391,0.10732,-0.20685,-0.185036,0.019616,0.1635,-0.01609,-0.170344,-0.138148,0.117267,0.067512,0.256819,-0.442146,-0.060797,-0.10185,-0.10199,-0.108205,-0.111493,-0.192149,0.102829,-0.323433,0.124368,0.135554,-0.210731,-0.31606,0.019806,-0.027714,0.071787,-0.156157,0.012924,0.218432,-0.02739,-0.040038,0.140851,0.390005,-0.198736,-0.055378,-0.094994,-0.122511,-0.154208,-0.001831,0.244112,-0.006133,0.086181,0.034502,0.026698,0.042839,-0.264711,0.09406,-0.090998,0.139051,0.116365,-0.072837,0.01401,-0.192379,0.045367,-0.025961,0.283797,-0.08562,-0.081479,0.079194,-0.179472,-0.06026,-0.13025,-0.029551,0.172578,-0.012451,0.111964,0.301358,-0.100245,0.112773,0.07383,-0.053837,0.090978,-0.051749,0.274392,-0.128587,-0.047217,0.00724,0.009825,0.521355,0.208661,0.093847,0.00491,0.141733,-0.03496,0.128467,0.250169,-0.024146,0.148879,0.036078,0.030378,-0.125403,0.168636,0.155103,0.030659,-0.129537,-0.142157,#
17,-0.21227,0.15866,0.349445,-0.041783,-0.1488,0.058629,0.190372,0.006172,0.070351,0.348043,-0.248055,-0.105016,0.266434,0.098949,0.107242,0.186931,0.025343,1.0,-0.185668,0.344263,-0.091301,-0.215868,0.226635,-0.001827,0.129324,0.061058,-0.065226,-0.058274,0.097839,-0.067856,0.05282,-0.324971,-0.082114,0.144463,-0.138617,0.219314,0.130925,-0.043795,0.128638,-0.125221,0.029129,-0.150772,-0.120425,-0.090725,0.112271,-0.097022,-0.178199,-0.053995,0.380511,-0.090583,-0.063372,-0.165928,0.208911,0.035158,-0.016008,-0.014524,0.161337,-0.253779,-0.12893,0.193184,0.161321,-0.00521,-0.138249,-0.154356,0.113511,0.059674,0.10126,0.014091,0.003559,0.036794,-0.261889,-0.153201,-0.332856,0.064102,-0.172343,-0.201061,-0.119207,-0.094297,-0.134837,0.189431,-0.052108,-0.159521,-0.20992,0.477944,-0.195519,-0.025516,-0.015734,-0.078344,-0.072943,-0.122302,0.100457,-0.119963,-0.392505,0.036161,0.00231,-0.026849,-0.364938,0.159975,0.036236,-0.151069,-0.420887,-0.27982,-0.06981,0.158541,0.035767,-0.07624,0.148485,-0.05362,0.222028,-0.054277,0.230655,-0.115482,-0.111152,0.048367,-0.026537,-0.035703,-0.192926,-0.163858,0.071267,-0.082707,-0.229787,4.1e-05,-0.089352,-0.281527,-0.262825,0.004854,0.284975,0.081869,-0.143341,-0.078095,0.00753,0.234095,-0.322375,-0.059071,-0.102961,-0.034999,0.186745,0.018087,-0.235237,-0.125825,-0.303675,-0.012613,-0.206307,-0.306954,-0.002446,0.034146,-0.022517,0.272038,0.012125,0.000639,-0.321998,-0.073358,0.167481,-0.101239,-0.04249,0.004769,0.304702,0.245409,-0.071797,-0.065811,0.158183,-0.074712,-0.061198,0.314904,0.209053,0.065494,-0.077139,-0.008861,0.214258,0.013962,-0.152626,0.010079,-0.003742,-0.175413,-0.127297,-0.101491,0.075297,-0.005966,0.085334,-0.123156,0.221508,-0.004899,-0.033848,-0.242812,0.242716,0.035008,0.112712,0.054255,-0.401561,0.16993,-0.011265,-0.276333,-0.213535,0.152848,-0.326117,-0.025466,0.167558,0.223402,0.046225,0.47884,#
18,0.198939,0.108693,-0.028916,-0.189826,0.111706,0.193668,0.231624,-0.049424,0.034469,-0.081989,0.031886,0.018663,0.10462,0.320549,0.048061,-0.202023,0.00842,-0.185668,1.0,-0.009175,0.103932,0.13582,0.270689,-0.119232,-0.061092,0.009913,-0.048655,0.184546,0.419099,0.051773,-0.092988,0.18374,0.000902,0.064629,0.068772,-0.010588,-0.117475,0.058132,-0.132443,0.003968,0.031313,-0.012358,0.08698,-0.283683,-0.136764,-0.113265,0.095371,0.035309,-0.21967,-0.069079,0.114885,0.014144,-0.027427,-0.056932,-0.11543,0.134349,-0.149804,0.08952,0.050028,-0.067345,0.089079,-0.077215,-0.076726,-0.130606,-0.166129,0.063699,-0.296156,-0.018071,-0.029017,0.139515,-0.117657,0.164339,-0.024752,-0.357807,-0.308079,0.07895,0.080339,-0.128591,-0.203374,0.089952,0.140703,-0.16481,0.031865,-0.445011,0.030043,0.102948,-0.189493,-0.039914,-0.239921,-0.13516,-0.149844,0.017688,0.004597,-0.301208,0.247045,-0.239222,-0.13253,-0.127769,-0.288585,0.001094,0.038842,-0.029944,-0.041006,-0.248449,-0.132882,-0.29008,-0.273542,-0.098878,-0.165807,-0.211511,-0.079602,0.111689,-0.379508,-0.126943,0.174899,-0.082589,-0.036863,0.079336,0.053755,-0.110158,0.044605,-0.121143,0.069604,0.092891,-0.268317,0.013958,0.040064,0.053661,-0.112603,-0.023319,-0.112393,-0.310446,0.067072,0.016319,0.034844,0.083524,0.139174,0.118536,0.345378,-0.096359,-0.168418,0.021796,0.08338,-0.207252,-0.058516,-0.012175,-0.04053,0.029336,-0.37454,0.010209,0.092138,-0.136449,0.129652,-0.135845,0.129733,-0.127166,0.036548,0.036639,-0.246105,0.017653,0.167527,0.043134,0.215382,-0.299329,0.0317,0.253095,0.329411,0.1464,-0.161322,-0.002133,0.005995,-0.209637,-0.105096,-0.002042,-0.142763,-0.118865,-0.194207,0.255299,0.20597,-0.191312,0.175752,-0.241362,0.003362,0.265294,-0.058653,-0.124041,0.11214,0.188224,0.085748,-0.066724,-0.155313,0.159977,0.000326,0.078322,0.170979,0.08924,-0.224538,-0.016374,-0.190004,-0.155355,#
19,0.045766,0.026803,0.20369,-0.12199,-0.078418,-0.104731,0.207425,-0.256187,0.243048,0.262134,-0.080602,-0.172513,-0.023436,0.307965,0.252431,0.146409,0.059845,0.344263,-0.009175,1.0,-0.00459,0.080285,0.219221,-0.01585,-0.260182,0.048747,0.140249,0.108527,0.315078,-0.275452,0.076384,0.039392,0.121785,0.131883,-0.156494,0.011773,0.099659,0.002631,-0.037463,0.078637,0.157903,0.00447,-0.052696,-0.069597,0.124625,-0.194015,-0.069301,0.237905,-0.099648,-0.179807,-0.015275,-0.119976,0.112659,0.034452,-0.097778,0.017435,-0.009622,-0.133065,0.046732,0.072792,0.068732,-0.062741,-0.047155,0.028828,0.092403,-0.298323,0.039244,0.147706,-0.114252,0.205215,0.038176,0.014205,0.174263,-0.0871,-0.319456,0.031055,0.007794,0.041172,0.048826,0.239256,0.14766,0.063516,-0.225916,0.235884,-0.073756,0.366652,0.08943,-0.301206,0.068241,-0.100787,-0.254487,0.094919,-0.20513,-0.050232,0.167879,0.040666,-0.128168,-0.041804,0.049562,0.018817,-0.334275,0.13059,0.143671,-0.155809,0.2109,-0.003316,0.270849,0.058424,0.29744,-0.227249,0.059232,-0.023699,-0.057164,0.162754,0.215558,-0.045874,-0.130598,-0.105693,0.139132,-0.177364,-0.140338,0.146766,0.076176,-0.25056,-0.041892,0.254661,0.206164,0.067197,0.190791,0.10845,0.18029,-0.039571,-0.221232,0.027221,0.125281,0.074141,0.111767,0.131725,0.024307,0.132293,0.059953,0.140984,-0.04831,-0.068005,-0.09763,0.047699,0.0197,0.017876,-0.05929,0.073836,-0.260906,0.089101,0.23282,-0.114836,-0.038979,0.088453,0.341353,0.125367,-0.022564,-0.108741,0.365189,-0.079335,0.189331,-0.107371,-0.013533,0.087465,0.207896,0.059511,0.144715,0.064849,-0.193547,-0.115839,-0.157421,0.036787,-0.19908,-0.000336,0.316522,-0.152886,0.20388,-0.170546,0.009914,-0.050644,0.057815,0.018045,-0.188364,-0.204136,0.238114,0.037475,-0.298194,0.067319,0.11188,-0.309723,-0.266784,0.194583,0.049956,0.040442,-0.12467,-0.165483,0.284061,0.317967,#
20,-0.111192,0.085388,-0.098982,0.223155,-0.142737,-0.122095,-0.170221,0.143108,-0.087283,-0.220184,0.056623,0.110223,0.018994,0.049702,0.075371,-0.265096,-0.169814,-0.091301,0.103932,-0.00459,1.0,-0.05631,0.093396,-0.230282,-0.151728,-0.199833,0.272799,0.152313,-0.241452,-0.140906,0.064221,0.02492,0.354632,0.004896,-0.210672,-0.38078,-0.218653,-0.067474,0.098899,-0.185421,0.154577,0.170323,-0.36201,-0.007777,0.099963,-0.039626,0.102879,0.067697,-0.157372,-0.120682,-0.098837,0.339776,-0.082606,0.13647,0.082193,0.083782,0.020316,0.232987,-0.394473,0.033612,-0.28039,-0.018619,0.01261,0.131351,0.213367,0.087891,-0.078519,0.098278,0.116711,0.220556,-0.066317,-0.221274,-0.063437,0.136247,-0.236358,-0.105707,-0.049409,0.277157,0.051203,-0.002417,0.082016,-0.00049,0.14445,0.084742,0.103944,0.045819,0.001499,0.186736,0.262264,0.017961,0.142517,0.241119,0.13408,0.160532,0.227342,0.224284,0.058915,-0.17882,-0.033969,0.063201,-0.09055,-0.105088,0.235894,0.079678,0.178172,0.123576,0.003751,0.198199,-0.046385,-0.081342,-0.003431,-0.171127,-0.136719,0.07991,0.212008,0.011542,0.103899,-0.105083,-0.196988,0.086307,0.163121,-0.181073,0.156654,0.173676,0.041095,-0.071146,0.121031,-0.178707,0.013204,0.052542,0.19033,0.047818,0.023734,-0.233014,0.174859,0.240431,-0.041642,0.379416,0.157455,0.041008,0.080729,0.382345,0.144849,0.046727,-0.055131,-0.191069,0.11678,-0.318036,0.087495,0.30878,0.15062,0.014825,0.183017,0.113609,0.120631,-0.065331,-0.0086,-0.232792,-0.095643,0.166816,0.183077,0.032997,0.021675,-0.110962,-0.016706,-0.100567,0.385281,-0.110962,0.004197,-0.182334,0.039042,-0.117664,-0.312592,-0.209892,-0.124165,-0.007719,0.066116,-0.12972,0.081867,0.159581,-0.206855,-0.231208,0.029157,-0.097562,0.010787,-0.096063,-0.103573,-0.010398,-0.036281,-0.017364,0.265586,-0.158454,-0.163706,-0.032489,0.054634,-0.279488,-0.320629,-0.320613,-0.237593,-0.124413,#
