0,1.0,0.241055,0.038951,-0.0735,0.249052,0.05065,0.021093,-0.115911,0.216777,0.153721,-0.271447,0.08578,0.031566,0.191253,0.3241,-0.02223,-0.027722,-0.02925,-0.037265,-0.097635,-0.194965,-0.085616,-0.223636,-0.082729,0.222605,-0.330442,0.161755,-0.234176,0.261963,0.127149,-0.321427,0.016865,-0.09947,-0.060191,-0.065682,0.173757,0.049732,-0.097388,-0.109551,0.159098,-0.003034,-0.028773,-0.322493,-0.085299,0.225051,-0.145907,0.195985,0.028259,-0.084344,0.073065,-0.143627,-0.13926,0.186626,0.001249,0.001062,-0.075628,-0.117531,0.066772,-0.148477,0.183325,0.140876,0.401926,0.248872,-0.247791,-0.154401,-0.045316,-0.009519,0.01883,0.08763,-0.101665,0.035005,-0.108094,0.108342,-0.00965,-0.077285,0.098296,-0.138983,-0.357822,-0.03562,-0.008786,0.026249,-0.185381,-0.04492,-0.341878,-0.046111,-0.03299,-0.145336,-0.133224,-0.030228,-0.323874,-0.091665,-0.26799,0.07264,0.067919,-0.019745,-0.063368,-0.054382,-0.066934,-0.037213,-0.14062,-0.086664,-0.170409,-0.156149,0.101339,-0.03008,-0.119256,0.054579,-0.118265,0.042645,-0.431288,0.055275,-0.084607,-0.032681,-0.152983,-0.148659,-0.314926,-0.037427,-0.146642,0.173146,-0.366731,0.054933,-0.07802,-0.188965,0.039813,0.114756,-0.019201,0.016688,0.061303,-0.154462,-0.006674,0.04575,-0.188153,-0.230314,0.068125,0.004544,-0.161683,-0.014548,-0.150926,0.157615,-0.1884,-0.035298,-0.285597,0.054663,-0.387961,-0.225921,-0.163347,-0.026227,0.109686,-0.13482,-0.020185,-0.242186,-0.016761,0.421935,-0.259957,0.133741,0.120595,0.055491,0.158754,-0.065804,-0.048538,-0.184706,-0.082072,0.167207,-0.004441,-0.078229,0.129951,0.012412,0.234936,-0.067044,-0.270726,-0.016675,0.030146,0.074346,-0.120158,0.083453,-0.041277,0.022866,0.021294,0.26064,-0.252991,0.066858,0.110438,-0.087743,0.137903,0.051742,-0.061295,0.323074,-0.08659,0.04532,0.187432,-0.289607,0.003408,0.061912,0.271217,-0.134246,0.041857,-0.195145,-0.102829,0.137364,-0.070037,#
1,0.241055,1.0,-0.234062,-0.145667,0.234458,0.219029,0.03205,-0.289239,0.149006,0.073313,-0.083907,-0.059285,0.100459,0.18841,0.226449,-0.031018,-0.219599,0.13039,-0.125486,0.048218,0.138473,0.349762,0.277568,-0.000769,-0.000607,-0.294013,0.267229,0.07039,0.296904,0.392426,-0.43562,-0.220164,0.078585,-0.325663,-0.150143,0.052544,0.228919,-0.476255,0.07309,0.182644,0.119099,0.159315,0.108202,0.035563,0.01516,0.149658,0.183153,0.288238,-0.000523,0.025751,-0.147331,-0.357319,0.106411,-0.194498,-0.037056,0.026087,-0.086518,0.357005,0.107272,0.228875,0.166313,-0.00175,0.191335,0.03806,-0.063131,0.284519,-0.057644,0.326234,0.423962,0.130441,-0.297738,-0.054152,0.196457,-0.141287,-0.149856,0.139475,-0.33457,-0.095571,-0.196779,-0.025759,-0.195869,-0.518876,-0.277675,-0.137456,-0.038771,-0.252558,0.080601,-0.357824,-0.032757,-0.091648,-0.22565,-0.152937,-0.141405,-0.06727,-0.253411,-0.162582,-0.298067,-0.30662,-0.181752,-0.287591,0.120699,-0.106644,-0.111065,-0.105947,0.075381,-0.15357,-0.356255,-0.312111,0.046315,-0.113229,0.067802,-0.102486,-0.335894,-0.276737,-0.045049,-0.122995,-0.193507,0.04074,0.046053,-0.260186,-0.142707,-0.30342,-0.255358,-0.288947,-0.010552,-0.096628,0.067773,0.2484,-0.115493,-0.20361,-0.126776,-0.294034,-0.172243,-0.224695,-0.241627,-0.353375,-0.211426,-0.293636,0.332283,-0.508923,-0.227938,-0.20797,-0.05626,-0.319383,0.004002,-0.128239,-0.08552,0.184915,-0.135518,-0.012271,-0.37625,-0.325735,-0.17292,-0.173034,-0.103929,0.009723,-0.130706,0.296171,-0.032768,-0.333212,-0.096634,0.002073,-0.164709,0.096964,-0.136098,0.390513,-0.090289,-0.253634,-0.087828,-0.254789,-0.08957,0.021486,-0.333775,-0.112676,0.174854,-0.252416,-0.162623,-0.083904,0.413382,-0.321184,0.319832,-0.044873,-0.150341,0.255902,0.37691,-0.24325,0.049539,-0.066814,-0.105628,0.39787,-0.270747,0.360518,0.380399,0.361964,0.096839,-0.260553,0.039711,-0.189367,-0.06129,0.202463,#
2,0.038951,-0.234062,1.0,0.108462,-0.081076,-0.017342,0.149382,0.162886,0.313538,-0.047162,-0.020112,0.212384,-0.200581,0.126968,-0.123079,-0.254417,-0.2132,0.191781,0.091635,0.167005,-0.380039,-0.061059,-0.106296,0.098986,0.148381,0.048016,-0.0408,-0.03423,0.174391,-0.194206,0.114799,0.281465,-0.269918,0.09759,-0.179952,-0.022143,-0.042051,0.043787,0.028893,-0.356433,-0.29317,0.106048,0.007448,0.020385,-0.071016,-0.211619,0.213857,-0.000546,-0.172346,0.314231,-0.083305,0.229627,-0.109606,0.112461,-0.215555,-0.140139,-0.049094,-0.104693,-0.393061,-0.218976,0.271549,0.051457,-0.053664,-0.100074,-0.046355,-0.018873,0.141599,-0.075359,-0.110527,0.183943,0.25526,0.08642,0.055949,0.108044,0.021263,0.042998,-0.065692,-0.096125,-0.021613,-0.085436,0.125811,0.051583,-0.081879,0.281683,0.085901,0.22232,-0.144829,0.074517,0.032361,-0.155523,0.213152,0.157611,0.13149,0.252313,0.02685,0.080882,0.237657,-0.007823,0.235661,0.058743,-0.274291,-0.207086,-0.030826,0.152656,0.038473,0.145115,0.273779,0.258283,-0.067264,0.008405,0.148108,-0.148334,0.103462,0.29848,0.060271,0.137802,-0.247741,-0.021161,0.081494,0.172728,-0.067311,0.315961,0.150603,-0.102988,-0.1771,0.288313,0.041808,-0.320789,-0.322934,0.070316,0.302078,0.188907,-0.053569,0.171311,0.052589,0.064776,0.140106,0.347274,0.011033,0.094721,0.384163,0.086941,-0.024734,-0.239207,0.128276,0.032231,0.25806,-0.075873,-0.118721,0.086442,0.247571,0.241894,0.266458,0.420929,0.22184,0.034468,0.111578,0.034119,0.316955,0.100516,0.051094,-0.015258,0.366395,0.16988,0.202944,-0.193242,-0.02576,-0.117958,0.15292,-0.024763,-0.022494,0.142678,0.08865,0.023707,-0.057303,0.196498,0.122449,0.294284,-0.103575,-0.126949,-0.095589,0.025795,0.17762,-0.171713,-0.192393,0.302648,0.048299,0.104368,-0.226071,0.021901,0.090452,-0.337137,-0.207224,-0.026466,-0.24059,-0.155754,-0.038872,-0.18507,0.144947,0.005503,#
3,-0.0735,-0.145667,0.108462,1.0,0.000526,-0.176375,0.034074,0.151903,-0.288009,0.095765,-0.026275,-0.053907,0.039529,-0.203799,-0.037147,0.24807,-0.014584,-0.157936,-0.211107,0.157164,-0.081931,-0.076149,-0.289372,0.041043,0.053843,0.069986,-0.302606,-0.073318,-0.008098,-0.209708,0.076231,-0.032458,0.03415,0.333563,0.067674,-0.19384,-0.01576,0.247857,-0.071625,0.050257,-0.094851,-0.05695,-0.056145,-0.15557,0.237494,0.144938,-0.353278,-0.363456,0.080878,0.132793,0.154505,0.133651,0.21029,0.142929,-0.116882,-0.030766,-0.025854,0.07785,-0.091019,-0.227123,-0.100632,0.051106,0.199482,0.184912,-0.150629,-0.260208,-0.162628,-0.203781,-0.272881,-0.032733,-0.051505,0.028904,0.18156,0.153485,-0.061609,0.008384,0.108531,0.401014,0.311725,-0.086155,0.204614,0.236329,0.084045,0.027229,-0.005584,0.050828,0.174931,-0.074591,0.107042,-0.070762,0.045886,0.070355,0.3006,-0.095827,-0.054832,-0.121914,-0.094945,0.062434,0.079485,0.268017,-0.064398,0.05512,0.320861,0.238985,0.180733,0.048123,0.008023,0.100704,-0.257183,-0.093586,-0.203952,-0.148476,0.093191,0.212809,-0.104247,0.393816,0.323711,-0.017559,-0.270496,0.186322,0.193097,0.07179,-0.032965,0.316616,0.01342,0.123968,-0.041724,-0.115488,0.020614,0.255701,-0.244877,0.002926,0.181638,0.285144,0.123027,0.410786,0.134979,0.022063,-0.301452,0.181414,-0.006637,0.127109,0.132393,0.065055,0.1988,0.313668,-0.168492,-0.151249,0.074039,-0.219867,-0.050074,-0.015702,0.034419,0.223666,0.112751,0.204075,-0.234037,-0.112988,0.221121,0.023598,0.166399,0.098763,0.124069,-0.087416,-0.057119,-0.190968,-0.019188,-0.14134,0.414613,0.155963,0.004514,-0.161379,0.102704,0.105085,-0.211108,0.115813,0.022071,-0.102778,-0.415618,-0.128739,-0.085196,-0.308554,0.314944,0.022312,-0.284515,-0.001709,-0.290355,0.029206,0.204018,-0.291675,-0.008601,-0.074694,-0.28909,-0.056084,0.048157,0.11065,-0.004953,0.187491,-0.022281,0.168419,#
4,0.249052,0.234458,-0.081076,0.000526,1.0,0.037559,0.151992,0.012635,0.157917,0.153615,-0.187128,0.107466,0.128403,0.075647,0.068497,0.018688,0.149103,0.064433,-0.036946,0.152184,0.277241,-0.186152,0.31366,-0.066519,-0.141008,-0.270695,0.183685,-0.103787,0.241666,0.213587,-0.184029,-0.003521,-0.087829,-0.099202,-0.011306,0.199907,0.180524,-0.486723,-0.209187,-0.058713,0.018824,0.229725,-0.118571,-0.222398,0.207523,-0.032785,0.120739,0.262829,0.219892,-0.08281,0.038292,-0.459475,0.151658,-0.370235,-0.008191,-0.12949,-0.08805,-0.053794,0.209848,0.100461,-0.075873,0.314165,-0.085464,-0.108637,-0.145885,0.17519,0.106297,0.040838,0.199961,-0.009247,0.047367,-0.313047,0.051885,-0.28941,-0.242045,0.18671,-0.295954,-0.214508,-0.286105,-0.139614,-0.237703,-0.278573,-0.295517,0.175515,-0.300186,-0.097093,-0.37947,-0.198206,0.143493,-0.189793,-0.416382,-0.352726,0.011023,-0.374955,-0.252847,-0.334337,-0.497193,-0.384182,-0.356385,-0.145684,-0.136478,-0.310045,-0.26868,0.037473,-0.241759,-0.243585,-0.053599,-0.269819,-0.032731,-0.191503,0.187067,0.13705,-0.112979,-0.399702,-0.30195,0.058769,-0.051144,-0.363474,0.193171,-0.280795,-0.113554,-0.125085,-0.374624,-0.438483,0.018819,0.140194,-0.077624,0.27199,0.010537,-0.427452,-0.069527,0.068354,-0.190912,0.153273,-0.390031,-0.231088,-0.186876,-0.32138,0.086824,-0.299255,-0.208941,-0.26318,-0.168654,-0.14368,-0.371557,-0.071425,0.036397,0.230097,-0.324373,-0.155452,-0.415577,-0.093682,0.11324,-0.406211,0.031126,-0.212141,-0.000244,0.431181,-0.330736,-0.202253,-0.015881,-0.152585,-0.079668,0.0303,-0.166788,0.144254,0.043301,0.052751,-0.233662,-0.047912,-0.034875,0.312382,-0.385515,-0.168029,0.060331,-0.126267,-0.208948,0.279045,0.337533,-0.313358,0.26117,0.012743,0.003478,0.021143,0.167691,-0.107977,0.03239,0.029959,-0.115064,0.087916,-0.261266,0.262181,0.258682,0.219553,-0.280811,0.120459,0.355577,-0.120206,-0.046871,0.049582,#
5,0.05065,0.219029,-0.017342,-0.176375,0.037559,1.0,0.228478,0.06716,0.325762,0.04107,0.125337,0.238569,-0.130114,0.187086,-0.112129,-0.013451,0.001408,0.003865,0.018902,-0.141383,0.116278,0.159082,0.280223,-0.286603,0.196228,-0.339804,0.182179,-0.087987,0.06457,0.290711,-0.282992,0.078279,-0.125404,-0.138604,-0.242486,0.268028,0.045534,-0.171091,0.18345,-0.037894,0.215013,0.078776,0.108905,-0.144203,-0.220752,0.102561,0.161317,0.106533,0.041765,0.034758,0.085932,-0.041036,0.118772,-0.128268,0.211941,0.209963,-0.365333,0.288328,-0.19238,0.256851,0.100393,-0.013065,0.00471,0.043382,-0.104544,0.013914,-0.003475,0.310675,0.17934,-0.014445,-0.115024,-0.177849,0.081671,-0.229237,-0.274275,0.234893,-0.139201,-0.071323,-0.067262,-0.201541,-0.276172,-0.298878,0.10214,0.062275,-0.216376,0.034061,-0.115713,-0.117671,-0.130801,-0.111088,0.013084,-0.230179,0.041623,-0.155853,-0.178054,-0.172544,-0.000453,-0.150564,-0.032265,-0.350074,0.179258,-0.064409,0.093271,-0.224592,-0.141098,-0.312037,0.060854,-0.304136,-0.000828,0.019472,-0.114706,0.15016,-0.176679,-0.277753,0.04653,-0.36181,-0.159683,-0.180192,0.172616,-0.062224,-0.041212,-0.168853,-0.156775,-0.222524,0.064518,-0.092802,0.219588,0.260532,-0.281204,-0.186729,-0.143945,0.039297,-0.1009,-0.248006,-0.096859,0.011448,-0.005657,-0.19327,0.098135,-0.45202,-0.268454,-0.185404,-0.262814,-0.118155,-0.037777,-0.32244,-0.035673,0.261094,-0.196486,-0.107485,-0.018932,-0.135299,0.122232,-0.213189,-0.126912,-0.158195,0.19215,0.113587,-0.147495,-0.045158,-0.162184,0.018751,-0.035288,0.036679,0.138803,0.178268,-0.120544,-0.132006,-0.115598,-0.167131,0.227063,0.119424,0.051016,-0.149308,0.298463,-0.286984,-0.215362,0.301218,0.295683,-0.197631,0.212892,0.074359,-0.121769,0.333595,0.162502,-0.104947,0.09231,0.038208,-0.184547,0.428054,-0.178442,0.212368,0.232622,0.31456,0.10333,0.288906,0.149522,-0.244635,-0.162287,0.092769,#
6,0.021093,0.03205,0.149382,0.034074,0.151992,0.228478,1.0,0.163932,0.071048,0.150397,0.169944,0.065811,0.058918,0.120248,0.106632,0.151319,-0.02118,0.072977,0.202524,-0.120706,0.200829,0.03159,0.117574,-0.212322,-0.006698,-0.158774,0.169053,-0.085208,0.270889,0.074459,-0.298882,0.137432,0.012659,-0.248366,-0.043426,0.058206,0.059004,-0.090241,-0.069134,-0.027254,-0.155889,0.195319,0.040806,-0.161903,-0.027865,-0.130621,0.024366,0.065405,0.045745,0.15716,0.064645,-0.201201,-0.011006,-0.064072,-0.22431,-0.021665,0.074245,-0.081776,-0.199762,0.189934,-0.082767,0.16701,-0.212602,0.032309,-0.23097,-0.132465,0.143846,0.108016,0.124317,0.046722,0.115019,-0.26575,0.073842,0.053131,-0.135948,0.208382,-0.069811,-0.343776,-0.422954,-0.153519,-0.145633,-0.184299,-0.022746,-0.037515,-0.223471,0.110643,-0.143013,-0.070006,-0.07996,-0.052512,-0.091636,-0.176843,0.034054,-0.078353,0.011878,-0.031757,-0.198334,-0.194997,-0.310238,-0.12812,0.066193,-0.350736,-0.125725,-0.050492,-0.014119,-0.145948,0.16475,-0.171093,-0.112574,-0.05995,-0.07266,0.148096,-0.178016,-0.054874,-0.141722,-0.127121,-0.198378,-0.199246,-0.005298,-0.000152,-0.063399,-0.090178,-0.113229,-0.270016,-0.274733,0.21235,-0.139548,0.245397,-0.124584,-0.195019,-0.061341,-0.058031,-0.061108,0.042956,-0.05095,-0.017642,-0.013703,-0.307104,-0.084998,-0.160811,0.000109,-0.04153,-0.03806,-0.168382,-0.203653,-0.261056,-0.040451,0.2919,-0.138178,0.162873,-0.133241,-0.084318,0.108153,-0.11998,0.185029,-0.075913,0.022173,0.252492,-0.1821,-0.152835,-0.027198,-0.124523,0.025675,0.106403,0.029862,0.126873,-0.151672,-0.085391,-0.031576,-0.09846,0.086167,0.042074,-0.145369,-0.172393,0.093403,0.005539,-0.245973,0.350196,0.151235,-0.258266,0.087835,0.007155,0.27688,0.294464,-0.026534,-0.00952,0.142565,-0.180149,-0.061746,-0.015371,-0.133429,0.257456,0.258222,0.276909,0.122816,0.331472,0.003924,-0.162556,-0.079031,-0.087855,#
7,-0.115911,-0.289239,0.162886,0.151903,0.012635,0.06716,0.163932,1.0,-0.191783,-0.154697,-0.114051,-0.156949,0.005208,0.041072,0.053738,-0.168723,-0.226379,-0.111332,-0.111718,-0.058094,-0.004699,0.226473,-0.053062,-0.05801,0.177035,0.068091,-0.007386,-0.11591,-0.010024,-0.117831,0.191391,0.155747,0.270221,-0.037673,0.03751,0.198949,0.000734,0.216782,-0.162599,-0.305499,0.244354,0.254522,0.196249,0.064394,-0.076368,0.038859,0.010344,0.057423,-0.031065,-0.242881,-0.205676,0.024858,-0.173871,-0.304598,0.000947,-0.085512,-0.084177,-0.037713,-0.095496,-0.192395,-0.138939,0.029506,-0.268034,0.104588,0.096979,0.175499,0.091301,-0.034678,-0.175206,-0.060517,-0.155484,-0.291588,0.064368,-0.191545,0.026375,-0.205579,0.267991,-0.003188,-0.118832,-0.206498,-0.062689,-0.09954,0.108123,-0.236102,0.030113,0.128507,-0.071847,-0.112418,-0.047386,-0.018102,0.068155,-0.046243,-0.025787,-0.289201,-0.050662,0.120964,-0.108634,0.165965,-0.00196,-0.012574,0.006101,-0.189373,0.267586,-0.226455,-0.049847,-0.041027,0.283457,-0.170196,0.011494,-0.109745,0.015887,0.37521,0.169521,0.059401,0.045184,0.199505,-0.120689,0.003281,-0.157799,0.242624,0.136645,-0.093513,-0.035172,0.044084,-0.045689,0.060831,-0.175683,-0.075709,0.078515,0.168103,0.107081,-0.012191,-0.07303,-0.00794,0.031634,0.255017,0.111027,0.094185,0.063507,-0.108012,0.010398,-0.146351,-0.038402,0.157099,0.048539,-0.122391,-0.151899,-0.105217,-0.090849,-0.100477,0.04372,0.184154,0.162407,0.25701,0.171068,-0.079645,0.238299,-0.107798,-0.204475,0.065681,0.10583,0.01831,-0.098017,0.076348,-0.126433,0.003873,-0.129094,-0.0418,-0.003321,0.110073,-0.213382,0.243969,0.135024,0.074328,-0.083065,0.164921,-0.005439,0.011239,-0.21955,-0.088414,-0.100883,0.020335,0.011521,-0.01823,-0.131433,-0.26007,-0.141411,0.139417,0.042624,-0.135108,-0.031417,-0.019583,0.001276,-0.038622,0.025535,0.090315,0.09602,0.056099,0.08733,-0.120294,#
8,0.216777,0.149006,0.313538,-0.288009,0.157917,0.325762,0.071048,-0.191783,1.0,0.113964,0.05311,0.220418,-0.026518,0.381813,-0.2215,-0.108902,-0.030616,0.377237,0.379583,0.236487,-0.154155,-0.189573,0.212757,-0.193925,-0.028589,-0.239612,0.216207,0.171361,0.211136,0.198165,-0.175594,0.172189,-0.118249,-0.122378,-0.185299,0.19114,0.26967,-0.359756,0.051898,-0.134385,-0.074787,0.207473,-0.145444,-0.014243,0.093967,-0.26832,0.367851,0.236173,-0.103203,0.223411,0.079211,0.000361,0.021601,0.113848,-0.232875,0.247435,-0.117416,0.088843,-0.101989,0.237435,-0.14317,0.144739,-0.052557,-0.169199,-0.127908,0.127278,0.384361,0.197274,0.20291,0.183754,0.19937,0.074695,-0.103919,0.023222,-0.212929,0.14275,0.015505,-0.382838,-0.074539,0.08989,-0.135642,-0.153443,-0.062533,0.34552,0.079905,0.046823,-0.165598,-0.14749,-0.003408,-0.118197,-0.039743,-0.035534,-0.175761,0.244755,-0.152019,0.000489,0.169321,-0.203575,-0.060569,-0.203882,-0.218471,-0.139068,-0.196776,0.142868,-0.147436,-0.00147,0.107673,0.063565,0.094862,0.038828,0.201931,-0.107027,0.158152,0.045752,-0.021726,-0.416231,0.012533,-0.090708,0.41386,-0.230733,0.004757,0.005409,-0.040805,-0.426972,-0.089381,0.113717,0.022489,0.118578,-0.319461,-0.144391,0.165514,0.318536,-0.228361,0.003161,-0.135523,-0.19882,0.067088,0.160065,0.310451,-0.122784,0.204334,0.002236,-0.168924,-0.269796,-0.061808,-0.400076,0.312059,0.290324,-0.028938,0.166132,0.107543,-0.134009,0.277682,-0.178989,0.1088,-0.115446,0.082533,0.236609,-0.006171,0.071762,-0.148327,-0.158709,0.062778,0.391198,0.246946,-0.186109,-0.104548,-0.069632,-0.106299,-0.006352,-0.063756,0.124553,0.206272,-0.093097,0.032491,-0.147158,-0.075936,0.183893,0.24703,-0.089527,0.255812,0.132337,-0.299641,-0.026826,-0.061565,0.328407,0.231336,0.048093,-0.500795,0.246014,0.005972,-0.141468,0.00611,0.130947,-0.218992,0.045127,-0.055981,-0.166162,0.115767,0.039476,#
9,0.153721,0.073313,-0.047162,0.095765,0.153615,0.04107,0.150397,-0.154697,0.113964,1.0,-0.076619,0.197787,0.338906,0.375018,-0.147002,0.256223,-0.190258,0.097242,-0.078054,0.002585,-0.022887,-0.138163,0.086933,-0.105507,0.114747,-0.161993,0.062287,-0.466109,-0.077522,0.020732,-0.057268,-0.003161,-0.12516,0.235499,0.08015,0.203419,0.028688,-0.303107,-0.07285,0.049337,-0.104116,0.176818,0.137252,-0.032543,0.102082,-0.099396,-0.032797,-0.022167,-0.156616,0.105939,0.20699,-0.169627,0.105124,0.027923,-0.162749,0.004723,-0.149174,0.107539,0.054277,0.1011,0.043988,0.203134,0.021122,0.029992,-0.234965,0.037875,0.15866,0.055188,0.012507,-0.043077,0.06726,-0.344528,-0.058641,-0.01893,-0.048594,-0.076222,-0.013636,-0.02588,0.001888,0.083754,-0.066022,-0.006137,0.056889,-0.058962,0.057814,-0.255976,0.031558,-0.088077,-0.13071,0.165471,-0.343469,-0.190509,0.261476,-0.015298,-0.10274,0.116004,-0.209156,-0.007971,-0.27151,0.151917,-0.128933,0.030382,0.011282,0.298955,0.039359,0.006432,-0.111917,0.024172,-0.130668,-0.0251,-0.163943,0.157549,-0.025402,0.105883,-0.078722,-0.078766,-0.170268,-0.182462,0.224009,-0.189724,-0.013347,0.301741,-0.168579,-0.179394,-0.15425,0.195533,-0.161963,-0.001707,0.066847,0.114465,-0.142352,0.331599,-0.115809,0.356556,-0.067243,0.035956,-0.14335,-0.205053,0.148939,-0.123916,0.067066,-0.189548,0.024338,-0.001226,0.031351,0.08345,-0.009864,0.146687,-0.294568,0.212519,-0.279823,-0.101517,-0.165055,-0.062821,0.282711,0.075698,0.05386,0.344835,-0.008239,-0.106231,0.03889,0.026068,-0.081481,0.232959,0.036399,-0.035803,0.116528,0.182215,0.002865,0.112674,0.152564,-0.03235,0.079527,-0.150917,0.118269,-0.033006,-0.279116,0.079726,0.074971,-0.198578,0.071474,0.025207,-0.129414,0.041709,-0.179725,0.014057,0.082911,0.053346,-0.086952,0.191307,-0.154292,-0.1015,-0.017829,0.137891,0.004486,-0.004973,-0.008092,-0.070939,0.158701,-0.040883,#
10,-0.271447,-0.083907,-0.020112,-0.026275,-0.187128,0.125337,0.169944,-0.114051,0.05311,-0.076619,1.0,0.168035,-0.226914,-0.221218,-0.170435,0.155048,0.442096,-0.155098,0.12642,-0.059378,0.181682,0.069172,-0.059861,0.171416,-0.052446,0.12426,-0.190228,0.151849,0.157776,0.057375,-0.029567,0.101812,-0.303167,-0.13489,0.349046,-0.045736,0.121033,-0.063396,0.166791,0.266658,-0.282558,-0.080111,-0.00856,-0.206455,-0.104582,0.204589,-0.303882,-0.341662,0.038785,-0.059441,0.224853,-0.002534,-0.104178,0.166581,0.046157,0.011217,-0.124292,-0.105818,-0.100145,-0.085248,-0.037766,-0.127579,0.13327,0.147413,0.163503,-0.233791,-0.014195,-0.091047,-0.12997,-0.154117,-0.06917,0.259067,0.180986,-0.029944,-0.028234,0.235065,-0.105823,0.017621,-0.06426,-0.130122,-0.071179,0.085944,-0.127308,0.260305,-0.191479,-0.10365,-0.031844,-0.00171,-0.253176,-0.076351,0.091209,-0.147337,-0.136262,-0.03647,-0.084552,-0.035506,-0.17723,-0.082967,-0.191673,0.054151,0.152094,0.023479,-0.348661,-0.075863,0.092742,-0.090612,-0.042817,0.171487,-0.306973,0.546025,-0.263502,-0.153405,-0.212968,0.062121,-0.032086,-0.00551,-0.056876,-0.047412,-0.125507,0.284914,-0.293261,-0.013505,-0.189718,0.10025,-0.074949,-0.150022,0.024986,-0.1035,-0.016224,-0.06652,0.115415,-0.084396,0.045431,-0.077551,0.138977,0.196242,-0.016727,-0.18621,-0.232347,-0.046458,-0.118724,0.254871,0.007804,0.065698,-0.042019,0.016441,0.048425,-0.1059,0.073859,-0.220089,0.165016,-0.048754,-0.242867,-0.096456,-0.146679,-0.310659,-0.138821,-0.092475,0.002935,-0.023292,0.057901,-0.05912,-0.22159,-0.118572,-0.153528,-0.125522,-0.249988,-0.006603,0.092075,0.036889,0.171156,-0.231354,-0.102787,-0.148725,0.099914,-0.305279,-0.357629,0.26083,-0.000369,0.272429,0.08246,0.05054,0.162357,0.182252,0.061361,0.062026,-0.262565,-0.049401,0.372167,-0.012009,-0.108686,0.250997,0.034486,0.025824,0.169167,0.118376,0.230123,-0.171532,-0.209051,0.048525,#
11,0.08578,-0.059285,0.212384,-0.053907,0.107466,0.238569,0.065811,-0.156949,0.220418,0.197787,0.168035,1.0,-0.057533,0.185457,-0.060455,0.05106,0.178276,-0.07322,-0.015448,-0.193295,-0.166999,-0.104575,-0.071042,-0.030088,0.151574,-0.0823,-0.109029,-0.158047,0.181681,0.142842,-0.273485,0.154372,-0.502754,-0.053894,-0.145794,0.286185,-0.136363,-0.101604,0.159757,0.209365,-0.039327,0.023801,-0.124821,-0.060453,0.120439,0.110895,-0.004166,-0.102342,0.187737,0.156255,0.123872,-0.100009,-0.064012,-0.019473,0.03618,0.00175,-0.276515,-0.143463,-0.092808,-0.061425,-0.166157,0.148917,0.167739,-0.128602,0.019425,-0.191288,0.019545,0.004966,0.146539,-0.097719,0.263026,-0.219168,-0.063975,-0.037994,-0.141567,0.284663,-0.345115,-0.12832,-0.015883,-0.249215,-0.062633,-0.111199,0.075059,0.139234,0.029328,0.12305,-0.16126,-0.12503,-0.19108,-0.209389,-0.009325,-0.038279,0.04558,-0.019048,-0.083282,-0.079731,-0.096029,-0.1784,0.026406,-0.199605,-0.164399,0.045458,-0.059005,0.010242,-0.073535,-0.070474,0.018522,-0.159345,-0.154847,-0.159684,-0.261666,0.102975,-0.237731,-0.013806,-0.142832,-0.044721,-0.031347,-0.169722,0.066069,0.001322,-0.030042,0.031113,-0.204844,-0.165404,0.251681,0.081877,-0.172061,-0.198367,-0.249322,-0.167311,0.02348,-0.053307,0.047538,0.174671,-0.085974,-0.000218,0.024889,0.009454,0.088837,-0.099971,0.145407,0.143096,-0.038638,-0.175412,-0.159731,-0.21381,0.260487,0.048053,-0.073056,-0.148235,-0.10884,0.015232,0.076328,-0.122797,-0.184339,-0.112187,0.234369,-0.074193,0.067196,0.185282,0.149057,0.084161,0.082741,-0.029906,-0.049934,-0.108381,0.005755,-0.085746,0.167585,0.011393,0.141652,-0.165517,-0.035902,-0.308998,0.145345,-0.175797,-0.278613,0.025649,0.110869,-0.1679,-0.06115,-0.019547,0.163224,0.0649,0.167129,-0.026766,0.199612,-0.130176,-0.130284,0.05975,-0.14633,0.180855,0.037964,-0.012825,0.086815,0.09087,0.118429,-0.291069,-0.045485,0.141615,#
12,0.031566,0.100459,-0.200581,0.039529,0.128403,-0.130114,0.058918,0.005208,-0.026518,0.338906,-0.226914,-0.057533,1.0,0.222988,0.158418,0.241971,-0.323877,0.144403,0.03323,0.018136,0.317287,0.107511,0.056926,-0.109741,-0.158891,-0.022373,0.260743,-0.032316,-0.01463,-0.001682,-0.061376,0.272829,0.212574,0.070142,-0.109313,-0.061044,0.127161,-0.203859,-0.187658,0.0836,-0.031588,0.324317,0.081514,0.290815,0.299565,-0.253954,-0.040443,0.19144,-0.164792,-0.194653,0.062827,-0.088217,0.098983,-0.161042,-0.180979,-0.225252,-0.211265,0.237553,0.068242,-0.006692,-0.359456,0.054933,-0.326207,-0.012851,0.048038,0.243232,0.091152,0.115796,0.206682,-0.212954,-0.09556,-0.164218,-0.1014,0.084318,0.056041,0.069771,-0.01441,-0.164264,-0.144044,-0.132301,-0.229253,-0.239509,0.096519,-0.061653,-0.003807,-0.317893,0.114838,-0.124528,-0.322094,-0.008027,-0.205111,-0.403802,-0.087553,-0.087254,-0.041525,0.170856,-0.095277,-0.106858,-0.247052,-0.126687,0.034627,-0.145832,-0.024017,-0.123827,0.031777,-0.009822,-0.162672,-0.142026,-0.18485,-0.191569,0.228969,-0.106421,-0.111587,-0.070338,-0.090644,-0.079366,0.079072,-0.037653,-0.141334,-0.30339,0.003486,-0.140786,-0.143385,-0.197953,-0.298055,0.267743,-0.22704,0.009477,-0.034349,-0.15297,-0.277357,0.058496,-0.05097,0.049995,-0.205158,-0.020004,-0.068593,-0.017316,0.133208,-0.041228,-0.155139,0.026309,-0.186552,-0.135506,-0.203622,0.012261,-0.022935,0.231125,-0.426512,0.063061,-0.00282,-0.123155,-0.069605,-0.212205,-0.237638,-0.048997,0.161949,0.136061,-0.260538,-0.116193,-0.090486,-0.044518,-0.108972,0.13732,-0.084345,0.072469,-0.099163,0.012266,-0.044207,0.085562,-0.062815,0.115722,0.003472,-0.093196,0.124732,0.018363,-0.201925,-0.067532,0.185619,-0.061739,0.206163,0.12857,-0.119309,0.107713,0.092458,-0.09821,0.008671,0.053226,-0.030287,0.192253,-0.081826,0.054994,0.188934,0.195191,-0.02334,0.069148,-0.039555,0.127072,0.155193,0.026761,#
13,0.191253,0.18841,0.126968,-0.203799,0.075647,0.187086,0.120248,0.041072,0.381813,0.375018,-0.221218,0.185457,0.222988,1.0,0.17042,-0.036382,-0.208808,0.252424,-0.109919,0.071814,-0.245933,-0.086404,0.102614,-0.305297,0.065696,-0.090339,0.30185,-0.366449,0.083692,0.067144,-0.170834,0.124333,-0.143372,-0.078516,-0.253777,0.315502,0.194438,-0.185374,-0.079169,-0.287852,-0.069721,0.394758,-0.085515,0.100186,0.104147,-0.346112,0.415007,0.125648,-0.09838,0.099784,-0.015312,-0.126735,-0.056946,-0.091196,-0.463943,0.084615,0.079268,0.167043,0.169491,0.328024,-0.105038,0.238567,-0.14547,-0.20872,-0.0381,0.229232,0.274117,0.444436,0.216434,0.023411,-0.003806,-0.179668,-0.082165,-0.003475,-0.038584,0.140035,-0.187793,-0.113879,-0.323872,0.142507,0.116292,-0.258425,0.058339,-0.025983,0.082001,0.014741,-0.080239,-0.3369,-0.233757,-0.074389,-0.273603,-0.100594,0.032837,0.183858,-0.216824,0.034674,-0.033025,-0.03665,-0.00259,-0.166131,-0.126253,-0.201219,-0.053096,-0.038997,-0.034829,-0.221262,-0.006497,-0.245593,0.069684,-0.242214,0.174221,0.144181,-0.162542,0.205864,0.075134,-0.189885,-0.346708,-0.097964,0.253673,-0.401342,-0.073462,-0.002446,-0.038838,-0.262958,0.069635,0.037316,-0.223901,0.097843,-0.164101,-0.126291,0.012799,0.359003,-0.472587,-0.065937,-0.065644,-0.200492,-0.006933,0.194779,0.292676,-0.163369,0.106554,-0.359005,-0.213652,-0.062969,-0.053467,-0.290051,0.016757,0.338522,-0.252597,0.425597,-0.196191,0.040043,0.025233,-0.013453,0.172696,-0.094499,0.434202,0.388681,-0.092866,0.095528,-0.214174,-0.006061,0.102481,0.565094,0.196541,0.255542,-0.046904,0.024274,-0.126759,-0.108363,0.056008,0.057045,-0.091976,-0.015534,-0.00865,0.015317,-0.107988,-0.013067,0.285861,-0.180361,0.302745,0.255175,-0.334563,-0.180241,0.137548,-0.089787,0.108185,0.167451,-0.475157,0.285435,-0.046596,-0.108582,0.291658,0.23513,0.009124,-0.202091,-0.310284,-0.199017,0.2069,0.106301,#
14,0.3241,0.226449,-0.123079,-0.037147,0.068497,-0.112129,0.106632,0.053738,-0.2215,-0.147002,-0.170435,-0.060455,0.158418,0.17042,1.0,0.14832,0.009408,-0.24478,-0.144886,-0.194373,-0.151218,0.051428,0.038541,-0.332441,-0.196896,-0.037748,0.138018,-0.175359,0.206008,0.085107,-0.375638,0.15817,-0.069994,-0.110935,-0.077689,-0.072563,-0.044395,0.125282,-0.094719,0.022103,-0.062338,-0.027154,-0.230551,0.035627,0.270445,-0.0283,0.385164,-0.145006,0.07749,0.050688,-0.359023,0.03049,-0.1322,-0.34625,-0.175398,0.163085,-0.028133,0.011569,-0.109337,0.066661,-0.061862,0.238237,0.138965,-0.021186,0.115049,0.108833,-0.164272,0.018493,0.103781,-0.330524,0.080814,0.020056,-0.185628,0.006312,0.168935,0.096666,-0.240847,-0.021445,-0.313254,0.145349,0.04003,-0.267178,-0.124257,-0.139836,-0.162726,-0.020775,-0.095864,-0.198267,-6.1e-05,-0.177363,-0.047691,-0.168661,-0.101075,0.080081,-0.005143,-0.049712,-0.084112,-0.130809,-0.188037,-0.133989,0.025263,-0.311634,0.09031,-0.129006,-0.23804,-0.118095,-0.092335,-0.231123,0.264521,-0.23693,0.031136,-0.079599,-0.332133,0.034216,-0.351432,-0.001872,-0.044961,0.168921,-0.089296,-0.225766,-0.212467,-0.263313,-0.103248,0.166342,0.117021,0.048312,-0.168933,0.092315,0.038899,-0.193525,-0.074256,-0.364344,-0.280924,-0.283623,-0.132876,-0.136841,0.023987,-0.147707,-0.073504,-0.131125,-0.14077,-0.283833,0.044255,-0.157542,-0.274864,0.012406,0.048433,-0.038819,-0.067694,-0.094158,-0.122424,-0.043036,0.00257,-0.05505,-0.101429,-0.072592,0.173595,-0.053562,-0.286923,0.014452,-0.48295,-0.048699,-0.002391,-0.211966,-0.059073,0.231136,-0.089176,0.001959,-0.072523,-0.347278,-0.053531,0.017529,-0.223805,-0.03788,0.131702,0.210816,0.12758,-0.139138,0.146196,0.040292,-0.030893,0.256824,0.116709,0.03484,0.282537,-0.240287,0.286979,0.057705,0.131545,-0.103183,-0.226116,0.221858,0.292756,0.314711,0.109438,-0.128585,-0.066755,0.080719,-0.108239,0.284638,#
15,-0.02223,-0.031018,-0.254417,0.24807,0.018688,-0.013451,0.151319,-0.168723,-0.108902,0.256223,0.155048,0.05106,0.241971,-0.036382,0.14832,1.0,0.156155,-0.299192,-0.036238,-0.322976,0.005383,-0.152477,-0.074794,-0.332589,-0.135905,-0.187713,-0.17552,-0.138768,0.03481,0.039671,-0.257472,0.097687,-0.090466,-0.049664,-0.004643,-0.079756,0.003899,-0.08691,0.206508,0.357215,-0.291093,-0.114009,0.025947,-0.068702,0.054815,0.153327,-0.021154,-0.406422,0.084674,0.054275,0.318882,-0.099778,0.219882,-0.049025,-0.01771,0.228517,-0.008687,0.001967,-0.028687,0.162989,-0.173362,0.211597,0.062107,0.110219,-0.263592,-0.227275,-0.229474,0.180145,-0.125829,-0.45867,0.21759,-0.021405,-0.15341,-0.013641,-0.01545,0.043094,-0.117642,0.07088,-0.164224,-0.087781,0.058767,0.012422,0.161912,0.027577,-0.034262,-0.145479,0.080989,0.155976,-0.08959,0.022353,0.069058,-0.195548,0.266991,-0.141928,-0.090852,-0.093442,-0.228773,0.015399,-0.180761,0.005544,0.038165,0.088072,-0.057158,0.148333,-0.074825,-0.182572,-0.263797,0.212452,-0.124793,0.09387,-0.434065,-0.181886,-0.213476,-0.032894,-0.215217,-0.161229,0.146921,-0.100443,-0.274222,0.0401,-0.109974,-0.06604,-0.008504,0.200496,0.057092,0.071149,-0.015611,0.031734,-0.113125,-0.130324,-0.215204,-0.1374,-0.067966,0.056147,-0.138193,0.021545,0.067802,-0.252686,-0.131536,-0.029339,-0.215487,0.010352,0.096957,0.021607,-0.320714,0.011817,-0.196356,-0.119778,-0.225683,-0.160814,0.01209,-0.141542,-0.175121,-0.250664,-0.271447,-0.001623,-0.056724,-0.122845,-0.297616,-0.041902,-0.287022,-0.341986,-0.132982,-0.280929,-0.157984,-0.211144,-0.249687,0.036466,0.03143,-0.146952,0.017815,-0.234316,0.098549,-0.072826,0.224809,-0.10148,-0.292064,0.083503,-0.094276,0.07655,-0.064689,-0.114633,0.437329,0.252479,-0.068215,-0.084848,0.047105,-0.209448,0.381416,-0.13627,-0.26204,0.349555,0.280657,0.105345,0.148969,0.11113,0.016664,-0.13209,-0.220819,0.017223,#
16,-0.027722,-0.219599,-0.2132,-0.014584,0.149103,0.001408,-0.02118,-0.226379,-0.030616,-0.190258,0.442096,0.178276,-0.323877,-0.208808,0.009408,0.156155,1.0,-0.137478,0.01831,-0.019326,0.106942,-0.120567,-0.061134,-0.13327,-0.093409,0.172997,-0.360249,0.046925,0.055643,0.067553,-0.126168,-0.014032,-0.114966,-0.185473,0.25464,0.013972,-0.201426,0.023926,0.181501,0.209481,-0.136197,-0.349222,-0.43869,-0.315669,0.123667,0.242923,-0.118257,-0.295638,0.067108,0.075785,0.138944,-0.031267,0.039676,0.098327,0.131853,0.139955,0.063462,-0.103999,0.19344,-0.048404,-0.040757,0.00803,0.177824,0.16983,-0.041423,-0.351818,-0.16554,-0.201552,-0.025336,-0.172783,0.198333,0.090434,-0.18706,-0.150425,-0.197572,0.139415,-0.111063,0.115495,-0.183543,0.036186,-0.019931,0.156967,-0.089707,0.17468,-0.173653,0.112467,-0.158111,0.092051,0.124937,-0.083296,0.065698,-0.031164,-0.057231,-0.104049,-0.160529,-0.349971,-0.048824,-0.28441,0.002392,-0.090808,0.167539,0.082924,-0.379706,-0.202607,-0.145551,-0.089099,-0.049015,-0.058359,-0.133619,0.276108,-0.258022,-0.080213,-0.090599,-0.222949,-0.17463,0.029026,0.100081,-0.124696,0.116076,-0.012003,-0.108078,-0.034317,-0.071183,0.109735,0.153483,-0.063596,-0.112485,-0.007776,0.071973,-0.1971,0.142952,-0.148715,0.045056,0.095176,-0.107528,-0.03437,-0.165477,-0.304542,-0.381179,0.097688,-0.332647,0.122192,0.105852,0.103899,-0.263731,-0.004723,0.22819,-0.132638,0.294298,-0.314632,0.078397,-0.045344,-0.226489,-0.240963,-0.16918,-0.172913,-0.015869,0.007573,-0.163151,0.10942,-0.049482,-0.051812,0.03525,-0.132278,-0.103882,-0.070138,0.065759,0.010819,-0.034651,0.082155,0.350728,-0.221427,-0.003542,0.111242,0.076879,-0.161189,-0.22644,0.102619,-0.039713,0.141887,0.058438,-0.099829,0.181702,0.151991,0.098197,-0.03788,0.001178,-0.212159,0.235679,-0.197241,-0.093694,0.293621,0.066637,-0.151973,0.050337,0.190611,0.23529,0.023343,-0.274389,0.155929,#
17,-0.02925,0.13039,0.191781,-0.157936,0.064433,0.003865,0.072977,-0.111332,0.377237,0.097242,-0.155098,-0.07322,0.144403,0.252424,-0.24478,-0.299192,-0.137478,1.0,0.123952,0.111817,0.136336,-0.048467,0.08342,0.046232,0.11197,-0.000323,-0.006802,0.009885,-0.027039,0.126087,0.165687,0.042661,0.243844,0.018106,-0.085196,0.107889,0.009063,-0.203158,0.008402,-0.235893,-0.030505,0.147263,-0.057343,0.131024,0.136748,-0.257011,0.036047,0.426683,-0.110145,-0.070846,0.073986,-0.076065,0.063548,0.080157,-0.169784,-0.139536,0.131112,0.131726,0.199331,-0.106837,0.140618,-0.097292,-0.094619,-0.279897,-0.060855,0.112969,0.092976,-0.076559,0.203835,0.232169,-0.048433,-0.026756,-0.234905,-0.038826,0.058005,-0.005261,0.034853,-0.173559,-0.021673,0.159549,-0.10194,0.064391,-0.107515,0.042419,0.319733,0.049541,0.096647,0.107345,-0.049368,0.12872,-0.14697,-0.000791,-0.286502,0.192372,-0.021272,-0.252195,0.179163,-0.083438,0.168262,0.009575,-0.074565,-0.112073,-0.072711,-0.009034,0.123878,0.244248,-0.018906,0.033121,-0.119857,-0.122938,0.293676,0.107448,0.270884,0.062197,0.080499,-0.044766,-0.011853,0.139258,0.278955,-0.161068,0.135137,0.261869,-0.073726,-0.234229,0.018812,0.310068,0.058631,0.184012,-0.296643,0.090022,0.159201,0.195322,-0.134788,0.194348,-0.07076,0.014846,-0.079765,0.192389,0.326292,-0.100598,0.041241,0.091427,0.032202,-0.135653,0.257753,-0.256507,0.259138,0.192604,0.025016,0.276087,0.045546,-0.024314,-0.023599,-0.164534,0.253346,0.06231,0.046348,0.380685,0.113686,0.185136,0.159514,0.200821,0.036097,0.482658,0.27211,-0.037776,0.021874,-0.006599,-0.014237,0.303523,-0.06781,0.01161,0.019766,-0.03353,-0.12868,0.113369,-0.019839,0.161837,0.313994,-0.222624,0.327125,-0.115019,-0.408156,-0.083546,-0.022409,0.07234,0.026448,0.085505,-0.442432,0.224513,0.192714,-0.241947,0.053511,-0.142107,-0.051958,0.021342,-0.045857,-0.039458,0.277598,-0.308755,#
18,-0.037265,-0.125486,0.091635,-0.211107,-0.036946,0.018902,0.202524,-0.111718,0.379583,-0.078054,0.12642,-0.015448,0.03323,-0.109919,-0.144886,-0.036238,0.01831,0.123952,1.0,0.013495,0.093896,0.102897,0.219597,-0.047303,-0.156952,-0.045561,0.18539,0.27438,0.013239,0.12774,0.104645,-0.017994,-0.011277,-0.141083,-0.048362,0.086473,-0.055761,-0.107403,0.005209,-0.16317,-0.026864,-0.013245,0.033909,-0.047015,-0.043558,-0.161664,0.086404,0.001586,-0.214508,0.121511,0.094535,0.213924,0.064062,0.018137,-0.083239,0.153552,0.018072,-0.093884,-0.156784,0.086191,-0.138321,-0.093706,-0.022006,-0.025763,0.061959,0.128546,0.267954,-0.016092,-0.029904,-0.004978,0.155429,-0.027147,-0.235328,0.224656,-0.032323,0.074251,0.102909,-0.480096,-0.047008,-0.074381,-0.132452,-0.016446,-0.128808,0.077996,-0.039463,-0.066278,0.0258,-0.106334,0.063716,0.171636,0.076962,0.122309,-0.120777,0.146783,0.053113,0.071117,0.043405,0.004444,-0.263112,-0.203024,-0.075176,0.070341,-0.035155,0.14997,-0.079,0.017881,0.188167,-0.000936,0.21959,0.073003,0.060185,-0.166141,0.137991,0.00829,-0.100765,-0.278035,0.185234,0.126504,0.275656,-0.071301,-0.087016,-0.092564,-0.060058,-0.243015,-0.045127,-0.16048,0.107502,-0.064555,0.037048,-0.116109,0.124835,0.102171,0.117233,0.010954,-0.187337,-0.042959,0.211374,-0.018256,-0.130675,-0.18427,0.098016,0.081147,-0.20486,-0.127834,-0.041248,-0.142796,0.054555,0.053076,0.0386,0.094593,0.321358,-0.131601,0.314832,-0.184773,-0.075666,-0.165887,-0.00435,0.175163,-0.014729,0.164953,-0.023273,-0.19965,-0.15226,-0.022216,0.21681,-0.132325,0.17928,0.08145,-0.222554,0.080606,-0.034039,0.326513,0.116183,0.002452,0.288253,-0.071028,0.081048,0.058676,0.056964,0.260303,0.170866,0.170774,-0.008322,0.039377,0.025819,0.307964,0.095428,0.044499,-0.122731,-0.088553,0.117241,-0.000944,-0.151751,-0.058489,-0.160762,0.242623,0.020042,0.11223,0.314459,0.032317,#
19,-0.097635,0.048218,0.167005,0.157164,0.152184,-0.141383,-0.120706,-0.058094,0.236487,0.002585,-0.059378,-0.193295,0.018136,0.071814,-0.194373,-0.322976,-0.019326,0.111817,0.013495,1.0,-0.05391,-0.019638,0.060843,0.156703,-0.159959,0.126089,-0.056549,0.192629,-0.102694,0.030564,0.1461,0.053839,0.156604,0.164076,-0.038412,-0.109875,-0.035386,-0.145078,-0.200401,-0.100092,-0.059313,-0.020035,0.009229,0.116465,0.057292,-0.139473,-0.04373,0.084157,-0.178858,0.06598,-0.005835,0.084161,0.115424,0.102875,-0.209815,0.039609,0.169606,-0.031509,0.014872,-0.145246,0.081184,-0.067907,-0.026129,0.070208,-0.001196,0.089971,0.384187,-0.206632,-0.068171,0.241731,0.045966,0.047292,0.007913,0.132883,-0.209064,0.058967,0.140237,0.118647,0.148371,-0.034298,0.217779,-0.047342,0.031451,0.271425,-0.001962,0.069131,0.018606,-0.239454,0.200137,-0.102862,-0.17127,0.130784,0.038848,0.048907,-0.302616,-0.069795,0.119278,-0.126199,-0.059982,0.142625,-0.235613,0.008053,-0.097215,0.181561,-0.100498,0.179151,0.057842,-0.088105,0.14589,0.108712,0.445409,-0.070987,0.272914,0.1403,0.066518,0.099883,0.254716,-0.090052,0.312505,-0.110922,0.127967,0.098744,0.028939,-0.190191,-0.084944,0.025241,-0.004683,-0.02907,0.130056,-0.074507,-0.034382,0.200053,-0.03042,0.085256,0.116142,-0.078782,-0.146445,0.135628,-0.111277,0.098778,0.155368,-0.038995,-0.024395,0.053947,0.148617,0.196094,0.147962,0.086512,0.042141,0.188132,-0.022937,0.065003,0.061044,0.237907,0.257409,0.159634,-0.122682,0.200822,0.119928,-0.051698,-0.012785,0.085482,0.060432,0.221346,0.141008,-0.065926,0.130098,0.12816,0.125351,0.124985,-0.213191,0.111149,-0.093869,0.269271,-0.026876,0.042785,0.052459,-0.047246,-0.150942,-0.030675,0.170889,-0.098893,-0.178207,-0.015632,0.007365,0.205453,-0.130163,0.118564,-0.386531,0.065923,0.191479,-0.265624,-0.103429,-0.10015,-0.239608,-0.161568,-0.028295,0.225485,0.17427,0.057551,#
20,-0.194965,0.138473,-0.380039,-0.081931,0.277241,0.116278,0.200829,-0.004699,-0.154155,-0.022887,0.181682,-0.166999,0.317287,-0.245933,-0.151218,0.005383,0.106942,0.136336,0.093896,-0.05391,1.0,0.141274,0.341123,0.143669,0.012114,-0.04374,0.068502,0.100622,0.079511,0.321049,-0.046063,-0.034173,0.261818,-0.047416,0.126822,-0.034513,0.024247,-0.26108,0.057801,0.024079,0.182603,0.09185,0.177855,-0.052164,-0.04856,-0.075916,-0.266162,0.15098,0.115096,-0.336937,0.174225,-0.304629,0.004248,-0.112696,0.076442,-0.153006,-0.145648,-0.036029,0.160564,0.00571,-0.039162,-0.192583,-0.235083,-0.005703,-0.082098,0.227176,-0.04807,0.005468,0.18589,0.135651,-0.182112,-0.05206,0.16767,-0.147656,-0.125553,0.258752,0.049894,-0.088901,-0.24417,-0.218097,-0.396875,-0.124422,-0.172589,0.074527,-0.200422,-0.258673,0.004489,-0.120065,-0.144071,0.080431,-0.306213,-0.314626,-0.250066,-0.197951,-0.043951,-0.158679,-0.292669,-0.279769,-0.234444,0.013403,0.252992,0.05117,-0.282393,-0.288392,0.159899,-0.13268,-0.069312,-0.189208,-0.240993,-0.033154,0.096268,0.119691,-0.173331,-0.303697,-0.120142,-0.014118,-0.010389,-0.054562,-0.025386,-0.143212,-0.038998,-0.201309,-0.229509,-0.255849,-0.199722,0.050189,0.002715,0.133543,-0.035145,-0.268624,-0.327432,-0.130968,-0.059234,-0.002813,-0.241482,-0.075638,-0.355323,-0.39938,-0.04362,-0.202208,-0.431707,0.033658,-0.209083,-0.127001,-0.324464,-0.162073,-0.171019,0.428887,-0.103264,-0.156645,-0.098778,-0.182034,-0.251153,-0.462899,-0.399832,-0.163945,-0.071944,0.186559,-0.1326,-0.18696,0.114275,0.084466,-0.209629,0.026173,-0.175774,0.047797,-0.131406,-0.105845,-0.334129,0.268285,0.16096,0.172015,-0.163865,-0.255642,0.110521,-0.355704,-0.258244,0.107189,0.151851,-0.104101,0.277485,-0.080295,0.039964,0.123109,0.256226,-0.121223,-0.139466,0.025664,0.083679,0.147581,-0.203279,0.385485,0.244437,0.068854,-0.08664,0.445659,0.230421,0.006969,-0.154211,-0.026485,#
