0,1.0,0.372372,-0.105458,-0.182279,0.418981,0.238055,0.044067,0.205571,-0.118881,0.214038,0.02024,-0.023462,0.461109,0.213282,0.157621,-0.121132,0.162871,0.135314,0.00186,-0.073358,0.029034,0.377818,0.178347,0.001027,-0.222831,-0.216693,0.043005,-0.179191,0.197636,0.202888,0.019632,0.076794,0.149029,-0.101912,-0.104858,0.093427,-0.129449,-0.106456,-0.056079,-0.079967,-0.073544,-7.1e-05,-0.063486,0.233963,-0.101604,-0.286586,0.145219,0.211173,-0.163526,-0.226301,-0.058756,-0.270487,-0.014875,-0.175757,0.159174,-0.061791,-0.129045,0.057448,0.233578,0.1899,0.346761,-0.023349,-0.342595,0.018564,0.117079,0.286164,-0.028372,0.245256,0.244289,-0.19964,-0.08963,0.007147,-0.351035,-0.227633,-0.406278,0.340121,-0.032408,-0.199639,-0.313203,-0.274128,-0.130295,-0.234808,-0.124542,-0.028005,-0.192027,-0.154033,-0.0561,-0.100054,-0.12417,-0.395305,-0.318649,-0.499073,-0.258905,0.051374,-0.055718,-0.127444,0.072671,-0.241565,-0.102551,-0.109166,0.091509,-0.260458,-0.165438,-0.077494,-0.104153,-0.177423,-0.308694,-0.185005,-0.425899,-0.14839,0.159224,0.13404,-0.230648,-0.161002,-0.261811,0.065716,-0.408107,-0.425566,0.100329,-0.261811,-0.363141,-0.261336,-0.109666,-0.242613,-0.012093,0.024628,-0.072219,-0.060711,-0.035074,-0.056963,-0.326499,-0.156779,-0.193572,-0.046621,-0.371042,-0.123021,0.128279,-0.416089,0.115184,-0.280904,-0.141947,-0.137183,-0.357024,-0.029521,-0.132418,-0.161907,-0.173665,0.210187,-0.358795,-0.504165,-0.124734,-0.335835,-0.160395,-0.145054,-0.162092,-0.266514,0.302004,0.380202,-0.319588,-0.377268,-0.19485,-0.213272,-0.086915,-0.233593,-0.150291,0.348873,-0.290793,-0.195791,-0.180544,-0.119559,0.143241,0.168618,-0.336049,-0.158948,0.276677,-0.526779,-0.18206,0.121912,0.237808,-0.132031,0.113035,-0.054478,0.022507,0.172662,0.336887,-0.270204,0.281785,-0.035473,-0.111415,0.413934,0.087064,0.224136,0.381159,0.097689,-0.122794,0.246384,0.080493,-0.323354,-0.075713,0.301875,#
1,0.372372,1.0,0.276682,-0.169941,0.115728,0.098734,0.304085,0.160153,0.290092,0.242134,-0.276547,-0.214042,0.353496,0.334364,0.366744,-0.30224,0.063547,0.430993,0.164249,-0.118266,-0.035646,0.119367,0.387526,-0.001981,-0.225332,-0.324265,0.247209,-0.023019,0.159523,0.306448,-0.411007,0.006451,0.278447,-0.149867,-0.082172,0.278853,0.052288,-0.282862,-0.008615,-0.035424,-0.227882,0.123971,0.013822,0.23369,0.211936,-0.431842,0.250342,0.096208,0.005423,0.1948,0.014676,-0.354676,-0.028372,-0.073874,0.041471,-0.337097,-0.174974,-0.248101,-0.138396,-0.044436,0.177665,0.142453,-0.364228,0.096997,0.098094,0.353834,-0.100739,0.377426,0.305691,-0.111811,-0.153096,-0.03982,-0.210472,-0.532901,-0.354047,0.464945,-0.289779,-0.531551,-0.28352,-0.396164,-0.200308,-0.447816,-0.405055,0.039051,-0.333894,-0.109396,-0.288564,-0.284315,-0.319292,-0.331364,-0.340392,-0.225238,-0.613747,-0.017038,-0.318398,-0.260179,0.222892,-0.243564,-0.023409,-0.165445,0.025921,-0.269751,-0.403872,-0.186122,-0.402416,-0.282317,-0.439158,-0.065297,-0.611873,-0.244171,0.245814,0.378297,-0.252948,-0.433073,-0.101059,-0.11692,-0.412314,-0.682521,0.04003,-0.581883,-0.402031,-0.403601,-0.443195,-0.341862,-0.061317,-0.154118,-0.236318,-0.000773,-0.155195,-0.176942,-0.231535,-0.396797,-0.35356,0.023213,-0.297517,-0.310458,0.217074,-0.265163,0.084664,-0.37368,-0.307619,-0.041683,-0.564864,-0.253208,-0.148285,-0.201371,-0.270188,0.503886,-0.205533,-0.340904,-0.314225,-0.48686,-0.046297,-0.243172,-0.402484,-0.281262,0.369613,0.570671,-0.34439,-0.151425,0.060601,-0.092056,0.210597,0.018477,-0.302441,0.405008,-0.29291,-0.027953,-0.254444,-0.003786,0.054448,0.04601,-0.198551,-0.392336,0.323189,-0.181338,-0.295751,0.382149,0.510344,-0.54032,0.262782,0.094501,-0.175167,0.032247,0.282901,-0.083651,0.244678,-0.073891,-0.366335,0.557744,0.130334,0.473928,0.33574,0.393291,-0.257717,0.119107,0.150309,-0.362776,0.029,0.165593,#
2,-0.105458,0.276682,1.0,0.273988,-0.007054,-0.04333,0.077892,-0.030806,0.13238,-0.113939,-0.014008,-0.051877,-0.258208,-0.032528,-0.060227,-0.09318,-0.049267,0.128218,-0.010202,0.146601,-0.097006,-0.086756,0.226182,-0.101544,-0.025609,-0.139685,0.378189,0.137247,-0.073283,0.044263,0.013469,0.298714,-0.055741,-0.005477,0.155188,0.162226,0.384037,-0.18327,-0.060209,-0.029351,-0.031469,0.17207,-0.027301,0.180104,0.02501,-0.293014,-0.01759,0.268935,0.210869,0.023428,-0.209319,0.14152,0.174248,-0.078188,-0.173566,-0.079365,-0.217481,-0.237583,-0.375175,-0.148408,-0.165472,-0.311598,0.056888,0.150606,-0.083241,-0.002908,-0.000777,0.03351,0.042912,0.342045,0.263148,0.2437,0.02804,-0.128738,0.086145,0.051766,-0.144087,-0.393429,0.045722,-0.13488,0.110263,-0.042645,0.02488,0.174365,0.008416,0.225578,-0.065028,-0.016123,-0.039157,-0.026281,-0.022503,0.053829,-0.162043,0.012005,-0.032761,0.027347,0.252221,-0.039435,0.080684,-0.140984,-0.185707,0.082872,-0.019134,-0.030261,0.020968,-0.142782,-0.043713,0.137891,-0.23917,0.18953,0.372861,-0.005453,-0.048719,0.040512,0.445538,-0.186416,-0.13077,-0.309242,0.040387,-0.11472,-0.047145,-0.132126,-0.057311,-0.062975,-0.057811,-0.216941,-0.154554,0.132532,0.016524,-0.126824,0.408046,-0.279647,-0.153246,-0.063879,0.075302,0.108566,0.133797,0.234162,0.220545,-0.017869,0.03551,0.23682,-0.077863,-0.276584,-0.127037,0.309566,-0.103995,0.046056,0.162426,-0.009816,-0.08243,-0.114423,0.148752,-0.033652,-0.117915,-0.074525,-0.014174,0.204313,0.083559,0.076397,0.136571,0.102402,0.084533,-0.014293,-0.161438,-0.183782,-0.149437,0.032721,0.156904,0.198108,-0.053712,-0.075538,-0.100128,-0.04228,-0.115856,0.175512,-0.006763,0.077506,0.101389,-0.29751,0.151525,-0.216004,-0.210021,0.194192,-0.087942,0.05105,-0.18719,0.036707,-0.118663,0.074351,0.29752,0.102967,0.03558,0.230169,-0.091088,0.034357,0.080777,-0.00202,0.125037,-0.090525,#
3,-0.182279,-0.169941,0.273988,1.0,-0.206399,-0.121453,-0.296189,-0.313905,-0.328434,-0.175543,0.113108,-0.019271,-0.238591,-0.168519,-0.27409,-0.096924,-0.018116,-0.037415,-0.102536,0.289062,0.202385,-0.15522,-0.126702,-0.045781,0.19492,0.078294,-0.065812,0.205106,-0.05038,-0.208013,0.46663,0.005941,-0.269194,-0.025806,0.081812,-0.345118,0.164363,0.163828,-0.081384,0.062948,0.090203,0.152942,-0.130721,-0.064777,-0.151319,0.244955,-0.101556,-0.067038,0.321621,-0.150632,0.006718,0.496763,0.190573,0.080931,-0.084905,0.004846,0.08683,0.083449,-0.081458,0.175496,-0.261423,-0.095538,0.107485,-0.150263,0.102033,-0.256992,0.168715,0.166207,-0.069426,-0.029246,0.14694,0.194262,0.193321,0.221469,0.126224,-0.352521,0.100822,0.099105,0.247292,0.148865,0.272934,0.518277,0.303705,0.196957,0.202207,-0.033703,0.236082,0.213049,0.134572,0.046778,0.301169,0.195629,0.501817,-0.213079,0.37641,0.19332,-0.068765,-0.08896,0.029463,0.225946,-0.007964,0.257033,0.295964,0.043075,0.316151,0.346981,0.155881,0.132531,0.240213,0.285604,-0.155307,-0.077416,0.194673,0.37706,0.216708,0.094645,0.293465,0.101972,-0.037039,0.182589,0.168652,0.195699,0.281709,0.095417,-0.037296,0.108091,0.054639,0.015696,0.200712,0.259773,0.399152,0.090789,0.189223,0.192387,0.311604,0.332239,-0.055581,0.319643,0.316996,0.330354,0.235087,0.214136,0.210076,0.142553,0.388054,0.375256,0.172156,-0.295086,0.32076,0.278057,0.174671,0.178212,0.12747,0.287238,0.123027,0.120471,-0.320912,-0.158401,0.095013,0.267055,-0.206843,0.073146,-0.057607,0.030967,0.002134,-0.409766,0.073179,-0.030646,0.22814,0.169764,-0.29046,-0.103339,0.278735,0.086962,-0.445201,0.199451,0.192928,-0.003051,-0.412512,0.182499,-0.311835,-0.192134,-0.145829,-0.100107,-0.149186,0.130561,-0.075969,0.174484,0.384142,-0.294231,0.119542,-0.225965,-0.123454,-0.159151,-0.078445,-0.025105,-0.358834,0.302718,0.125964,-0.273392,#
4,0.418981,0.115728,-0.007054,-0.206399,1.0,0.000387,0.044852,0.091859,-0.136714,-0.097902,0.096091,0.07973,0.143812,0.031555,0.266124,0.059988,0.088898,0.066915,0.161733,-0.038583,0.01733,-0.10645,0.028212,-0.223812,-0.096695,-0.213816,-0.204087,-0.177011,0.192198,-0.000848,-0.139433,-0.164142,-0.05971,-0.197354,-0.179346,0.116487,-0.174763,-0.263621,-0.133684,0.092365,-0.081846,-0.104686,-0.136878,0.170246,-0.165049,-0.129471,0.045588,0.211579,-0.12762,-0.049441,0.243344,-0.157743,0.058437,-0.216301,0.112752,-0.000207,-0.395076,0.071237,0.007892,-0.167757,0.077085,0.108876,-0.081021,0.161143,0.035229,0.364323,0.044077,-0.103046,0.050553,0.045936,-0.259154,0.01779,-0.13016,0.039514,-0.202062,0.428136,-0.048323,-0.370252,-0.212041,-0.320233,-0.234007,-0.28267,-0.194231,0.04518,-0.084783,-0.171339,0.032422,-0.232872,-0.195736,-0.160722,-0.085847,-0.342906,-0.123177,-0.220443,-0.166832,-0.056387,0.12376,-0.274546,-0.050507,0.1451,0.132328,-0.259653,-0.264831,-0.168704,-0.241225,-0.13218,-0.121279,-0.061579,-0.136587,-0.103714,0.067243,-0.199015,-0.274093,-0.169482,-0.130564,-0.089429,-0.375533,-0.123335,-0.058506,-0.112723,-0.394081,-0.035879,-0.041903,-0.054946,-0.119365,-0.244065,0.039103,-0.059177,-0.15726,-0.075558,-0.098567,-0.292255,-0.288888,-0.13735,-0.332148,-0.169008,0.195121,-0.257288,-0.185503,-0.051814,-0.118931,-0.179894,-0.046665,-0.072181,-0.079329,-0.031013,-0.129247,0.092136,-0.221525,-0.418397,-0.253318,-0.204519,-0.436997,-0.126234,-0.335468,-0.169659,0.301643,0.34772,-0.105418,-0.297437,-0.165146,-0.147147,-0.027254,-0.088282,-0.27273,0.090566,-0.168094,0.120212,-0.053794,-0.043918,0.146458,0.138635,-0.013563,-0.055806,0.180557,-0.130908,-0.245382,-0.106342,0.277229,0.004623,0.29978,-0.0742,0.321868,0.194788,0.201062,-0.295121,0.180719,-0.110646,-0.220403,0.195736,-0.118324,0.16188,0.176747,0.001039,0.100103,-0.170711,0.311011,-0.216785,-0.349498,0.261814,#
5,0.238055,0.098734,-0.04333,-0.121453,0.000387,1.0,0.146186,0.291732,0.025055,-0.002286,0.305205,0.050954,0.108786,-0.098169,-0.064432,-0.068012,0.236076,0.035835,-0.281005,0.235515,-0.022317,0.444154,0.162789,-0.063238,-0.041422,-0.399228,0.099612,-0.129844,-0.134512,-0.36276,-0.079511,0.237014,0.043143,-0.015825,-0.096469,-0.057307,-0.169635,-0.07978,-0.08798,-0.311642,-0.030756,0.270045,0.151351,0.117581,0.272848,-0.158968,0.108288,0.311566,0.064817,-0.123274,-0.119665,-0.010083,0.102963,-0.11638,-0.092845,-0.046339,0.172821,-0.266984,0.235657,-0.131754,0.162666,-0.10644,-0.187673,0.027046,0.016274,0.094803,-0.294073,0.009466,0.23219,0.078763,0.101511,0.326424,-0.072459,-0.085496,-0.241624,0.186736,-0.196847,-0.019777,-0.246119,-0.112128,0.391301,-0.25011,-0.005865,-0.391361,0.027415,0.203313,-0.01161,-0.182614,0.002,-0.372287,-0.130303,-0.063958,-0.165419,0.090143,0.020633,-0.037645,0.155438,0.115268,-0.021484,-0.063738,-0.076706,-0.038779,0.191744,-0.02743,0.039337,-0.165404,-0.067504,-0.262795,-0.335786,-0.270475,0.208578,0.074403,-0.078649,-0.205037,-0.093352,-0.273381,-0.500839,0.138629,-0.007335,-0.124287,-0.043605,-0.293906,0.298936,-0.32833,0.020687,0.205253,-0.079071,0.073424,0.189038,0.265722,-0.073604,0.009787,0.06054,-0.226523,-0.032443,0.036369,-0.089154,-0.301904,0.040987,-0.293545,-0.158451,-0.182376,-0.320509,-0.002208,0.101691,0.155188,-0.264773,-0.023309,-0.024586,-0.136176,-0.032412,0.039157,-0.073829,0.089013,0.022677,-0.027999,0.008474,0.049057,-0.085715,-0.0289,0.086754,-0.064519,-0.026406,0.228807,-0.030906,0.300863,0.146455,-0.05966,-0.15074,-0.075681,0.089823,0.046505,-0.309421,0.238011,-0.013937,-0.211152,-0.041607,0.137914,0.007046,-0.012696,0.085846,0.053105,0.017251,-0.007421,-0.143447,-0.029472,0.071514,0.107122,-0.145067,-0.11219,0.118197,-0.097772,0.139126,-0.175743,0.024845,0.148161,-0.00334,0.012984,-0.033837,0.076858,#
6,0.044067,0.304085,0.077892,-0.296189,0.044852,0.146186,1.0,0.253784,0.507309,0.233423,0.004514,-0.119198,0.306719,-0.101002,0.309382,-0.096751,-0.011223,0.000695,0.095665,-0.072099,-0.178896,0.121091,0.037488,-0.013606,-0.107739,-0.252441,0.237461,-0.149362,0.24072,0.074495,-0.496557,-0.10648,0.196162,0.052655,-0.082435,0.264298,-0.124764,-0.101125,0.081901,0.031555,-0.055673,0.225011,-0.144,-0.149199,-0.02426,-0.205112,0.214995,0.160599,0.055253,0.128598,-0.18938,-0.296846,-0.182092,-0.166754,-0.161618,-0.071781,0.183857,-0.14619,-0.12926,0.140883,0.115652,-0.052927,-0.14101,0.220656,0.262206,0.297067,0.166585,-0.032468,0.349878,-0.077597,0.071968,-0.056297,-0.171669,-0.397593,-0.132032,0.403915,0.044117,-0.241478,-0.063616,-0.084476,-0.194195,-0.32613,-0.29091,-0.25282,-0.134251,0.330222,-0.095573,-0.036248,-0.238679,-0.336987,-0.364345,-0.065642,-0.378443,0.117292,-0.08045,-0.203967,0.192469,0.12076,-0.010871,-0.197202,-0.069693,-0.09773,0.032532,0.059597,-0.183908,-0.288293,-0.205568,-0.143607,-0.378626,-0.263128,0.168456,0.164242,-0.161132,-0.420157,-0.064839,-0.147466,-0.226342,-0.23715,-0.211171,-0.16685,-0.159615,-0.185563,-0.26139,-0.342626,-0.074152,0.031083,0.004661,0.43618,-0.142821,-0.114119,-0.260147,-0.614253,-0.42547,0.162286,-0.029471,-0.074261,-0.129502,-0.109597,-0.132311,-0.342277,-0.034163,-0.037189,-0.240593,-0.057378,-0.068495,-0.186741,-0.316872,0.627357,-0.042693,-0.268745,0.034788,-0.129779,0.057231,-0.282428,-0.318942,0.008817,0.30385,0.268091,-0.222634,-0.246393,0.347009,0.080177,0.331641,0.094257,0.022291,0.291902,0.027232,0.084649,-0.241205,0.175844,0.311141,0.05317,-0.186243,-0.139454,0.180577,-0.034645,0.006473,0.133521,0.379394,-0.170605,0.290373,0.165667,0.169721,0.045996,0.222786,-0.005917,0.208602,0.136675,-0.416667,0.243607,0.138553,0.310277,0.03562,0.197956,-0.023933,0.061034,0.032645,-0.135803,-0.100915,-0.141078,#
7,0.205571,0.160153,-0.030806,-0.313905,0.091859,0.291732,0.253784,1.0,0.15489,0.009892,0.024955,-0.17224,0.170173,0.145505,-0.002903,0.130234,0.008169,-0.119064,-0.083365,0.065888,0.112106,0.226461,-0.043511,0.304544,-0.027592,-0.088058,0.112627,-0.129159,0.145478,-0.162296,-0.13909,0.043682,0.314235,0.062589,-0.121033,0.056411,-0.046957,-0.226038,0.304112,-0.204054,-0.181348,0.126582,-0.081311,0.114722,-0.202502,-0.120185,0.104109,0.092963,0.066318,-0.050571,-0.278751,-0.099277,0.032252,0.130139,-0.127759,0.06108,0.129413,-0.147416,0.067192,0.107606,0.208488,-0.029866,-0.253595,0.211828,-0.011241,0.193176,0.020934,0.100558,0.294239,-0.126001,0.083604,0.09264,-0.276047,-0.051345,-0.059045,0.322942,0.024851,0.041598,-0.132922,-0.009947,-0.0668,-0.059898,0.054169,-0.16159,-0.090255,0.188453,0.11387,0.071228,-0.110985,-0.214867,-0.39162,-0.065013,-0.246357,0.147724,-0.152956,0.034708,0.325179,0.195362,0.162307,-0.198842,0.019031,-0.061811,0.088698,-0.043935,0.132985,-0.087475,-0.114392,-0.078826,-0.31656,-0.448121,0.152057,0.12374,-0.075284,-0.135125,0.077397,0.105947,-0.127141,-0.049287,-0.208411,0.069037,-0.021582,-0.253522,0.115343,-0.188778,0.235055,0.018193,-0.099086,-0.029106,-0.079947,-0.053538,-0.261276,-0.109168,0.039436,-0.098287,0.056281,-0.006528,0.243151,-0.070486,-0.120782,-0.292129,-0.0202,0.205327,-0.162164,0.097118,-0.083122,-0.109177,-0.226847,0.102005,-0.036904,-0.315172,-0.039468,0.158122,-0.156562,0.045861,-0.166625,0.088538,0.378404,-0.050648,-0.034246,0.050633,0.123721,0.220043,-0.099894,-0.099544,0.0272,0.06394,0.166011,-0.304782,-0.283452,0.121808,0.092705,0.045447,-0.320475,-0.027131,0.072755,-0.062583,0.16996,-0.137945,0.04788,-0.013221,0.183988,0.14746,0.216266,0.104726,0.035833,0.196578,0.068758,-0.16563,0.034861,0.135065,0.138699,0.031238,0.071926,-0.258656,-0.264334,0.091534,0.080191,-0.239518,-0.118274,0.158304,#
8,-0.118881,0.290092,0.13238,-0.328434,-0.136714,0.025055,0.507309,0.15489,1.0,0.202156,-0.291253,-0.079523,0.29921,0.165039,0.117941,-0.350837,-0.048677,0.272798,0.11118,-0.041707,-0.055674,0.095403,0.15038,0.134613,0.184863,-0.141198,0.345975,0.016446,0.09754,0.199921,-0.338707,0.027229,0.232667,-0.108487,-0.077148,0.252587,0.137779,-0.216,-0.063967,-0.001539,0.181106,-0.015517,0.051735,0.002121,0.202241,-0.33765,0.098829,0.105666,0.019982,0.262178,-0.037929,-0.339613,-0.006122,0.037331,-0.404166,-0.033711,0.1331,-0.211279,0.182486,0.050355,-0.015005,-0.141952,-0.077845,0.160824,0.239704,0.307956,0.1447,0.040266,0.129463,-0.029188,0.158375,0.036511,-0.171614,-0.198452,0.111444,0.179192,0.069311,-0.091157,0.047226,-0.226715,-0.002697,-0.19465,-0.259103,-0.25337,-0.071514,0.2274,-0.181846,0.014066,0.062845,-0.109576,-0.27636,0.150042,-0.469696,0.265641,-0.029357,-0.115412,0.283007,0.147913,0.020037,-0.147404,-0.019655,0.210525,0.051758,0.216894,-0.085211,-0.213833,-0.098845,-0.200958,-0.062814,-0.088023,0.366162,0.279549,0.046561,-0.358857,0.035992,-0.048236,-0.103008,-0.167659,-0.015919,-0.144323,-0.081339,-0.168207,-0.249732,-0.189983,0.040719,0.071362,0.026544,0.135255,-0.126014,-0.17125,-0.212236,-0.262764,-0.165716,-0.00788,0.118481,-0.157523,-0.037724,-0.032745,-0.154693,-0.169638,-0.078889,-0.077892,-0.155859,-0.278446,-0.272457,-0.119482,-0.319501,0.342854,0.02498,-0.193077,0.08847,-0.173533,0.11523,-0.268752,-0.128173,0.11244,0.363588,0.307738,0.01944,-0.094725,0.237653,0.138936,0.213153,-0.08983,0.298717,0.265945,0.02526,0.07897,-0.282754,0.050392,-0.195958,0.220599,-0.123717,-0.057341,0.101252,0.105669,-0.056423,0.148196,0.488811,-0.413074,0.144483,0.105658,-0.099397,-0.09356,-0.012974,0.010983,0.2562,0.06287,-0.342936,0.231241,0.209096,0.060348,0.034494,0.164338,-0.074555,0.191642,0.12143,-0.074942,0.096899,0.023724,#
9,0.214038,0.242134,-0.113939,-0.175543,-0.097902,-0.002286,0.233423,0.009892,0.202156,1.0,-0.280866,0.149829,0.315418,0.236624,0.146214,0.00901,-0.133295,0.117625,0.107135,-0.173379,-0.214774,0.18159,0.250825,0.028224,-0.188129,-0.115874,0.323789,-0.033151,0.155572,0.436431,-0.14002,-0.087245,0.087074,-0.084952,-0.107696,0.207246,-0.252163,-0.159418,-0.00725,-0.139924,-0.13074,0.002438,0.077187,-0.16284,-0.073695,-0.465148,0.21009,0.102233,-0.363723,0.162358,-0.236038,-0.122692,-0.039668,-0.168716,0.02719,-0.246065,0.021167,-0.211606,-0.06431,-0.059011,0.232244,-0.14712,-0.252048,-0.017065,0.184758,0.18439,-0.119096,0.181376,0.063096,-0.2364,-0.188034,-0.313041,-0.178018,-0.454297,0.012684,0.231789,-0.062902,-0.338734,-0.047977,-0.002343,-0.261667,-0.309181,-0.30141,-0.061654,0.015926,-0.019338,-0.273835,-0.184727,-0.124438,-0.091077,-0.191181,-0.128149,-0.305311,0.079672,0.059545,-0.150559,0.02563,0.227998,0.035636,-0.150679,-0.135833,-0.143449,-0.280821,0.067483,-0.200235,-0.02009,-0.40255,-0.074269,-0.216097,-0.243118,0.057981,0.260182,0.051658,-0.379816,-0.347512,-0.227102,-0.164107,-0.049185,0.260416,-0.435576,-0.05804,-0.227563,-0.142556,-0.230234,-0.249324,0.154013,-0.074043,-0.155332,-0.031375,-0.248095,-0.170509,-0.067261,-0.329087,0.020954,-0.262062,-0.247889,-0.078775,-0.186222,0.12438,-0.270829,-0.005345,-0.250776,-0.352386,-0.350567,-0.124724,-0.145288,0.063652,0.293851,-0.355108,-0.223807,-0.185626,-0.450714,0.086017,-0.242731,-0.080631,-0.080463,0.205092,0.529624,-0.114312,-0.233013,0.00114,-0.071874,-0.099474,0.027791,-0.037135,0.206906,-0.322259,-0.064145,-0.187693,0.144817,0.130331,0.194577,-0.052359,-0.041015,0.284961,-0.3551,-0.293172,0.135932,0.199218,-0.100592,0.166021,-0.061662,-0.218008,-0.234875,0.208232,0.043276,0.197752,-0.004572,-0.077724,0.317237,0.09883,0.089428,-0.021261,0.461445,-0.019848,0.050968,-0.093435,-0.256287,0.132769,0.213073,#
10,0.02024,-0.276547,-0.014008,0.113108,0.096091,0.305205,0.004514,0.024955,-0.291253,-0.280866,1.0,-0.029152,-0.291448,-0.438459,-0.103332,0.173702,0.210062,-0.271302,0.07072,-0.174624,0.064112,0.042826,-0.190528,-0.141334,-0.044219,-0.058171,-0.21182,-0.057713,-0.128776,-0.425738,0.221605,0.053431,-0.198308,0.03622,0.307975,-0.086785,-0.070234,0.089456,-0.082868,-0.032739,-0.10353,0.001899,-0.017449,0.051449,-0.054482,0.261984,-0.169258,-0.051594,0.174333,-0.218999,-0.057762,0.199502,0.009957,-0.102184,-0.022898,0.03872,-0.077471,0.253213,-0.100824,-0.048062,-0.07082,-0.093925,0.043161,-0.092413,-0.072599,-0.326422,-0.153831,-0.300825,0.071954,0.018079,-0.024203,0.04385,0.113896,-0.049419,-0.008135,0.044574,-0.075611,0.151137,-0.078925,-0.212752,0.03703,0.102177,0.083031,-0.200969,0.00887,0.078126,0.208957,-0.047559,-0.151198,-0.101837,-0.197606,-0.205831,0.13494,-0.323313,-0.026964,0.020249,-0.215659,-0.046461,-0.059884,-0.03429,-0.00854,-0.140038,0.212729,-0.174527,0.044705,-0.140484,0.002958,-0.126414,0.039535,0.198496,-0.239636,0.034936,-0.030593,-0.089781,0.029027,-0.069535,-0.021239,0.041074,-0.157618,0.264331,0.022682,0.020965,0.141005,0.000476,-0.166421,-0.013174,-0.158068,0.181337,0.007965,0.036938,0.19545,-0.095791,0.150427,0.025935,0.117344,0.284331,-0.119831,0.068051,-0.140568,0.020987,-0.10213,0.161161,0.20139,0.059198,0.039662,0.025701,-0.156784,-0.092353,-0.077877,0.206406,0.014712,0.244564,-0.182482,-0.010681,-0.064772,-0.23082,-0.408962,-0.31214,-0.164408,0.028718,-0.045285,0.114975,0.140635,-0.0903,-0.190644,-0.208183,-0.065494,0.164795,0.322308,0.040671,0.162698,0.012426,-0.030228,0.040496,-0.198948,0.045412,0.041125,0.014886,-0.391569,0.410884,0.141062,0.025708,0.336573,0.294801,-0.124129,-0.156849,-0.277625,-0.08875,0.347677,-0.192317,-0.263147,-0.034038,0.078019,-0.373544,0.094665,-0.055545,0.163357,0.043234,-0.272788,-0.105614,#
11,-0.023462,-0.214042,-0.051877,-0.019271,0.07973,0.050954,-0.119198,-0.17224,-0.079523,0.149829,-0.029152,1.0,-0.098308,-0.039816,-0.077771,0.133508,0.148349,0.058021,-0.31437,-0.067696,-0.2812,0.033557,-0.099306,-0.191797,0.061452,-0.00538,-0.075054,0.003988,-0.072309,-0.114148,-0.015965,-0.089388,0.032632,-0.03736,0.119238,0.264589,-0.296822,-0.124351,-0.144154,0.060704,0.069074,-0.018878,-0.039948,-0.286479,-0.07091,0.022362,-0.337768,0.129271,-0.11749,0.310612,-0.02168,0.088204,-0.054258,-0.033947,0.001526,-0.057678,-0.068245,-0.038391,0.135274,0.091821,-0.001188,0.11305,0.068041,-0.532033,0.193083,-0.119768,-0.099103,-0.10334,-0.172038,0.216852,0.016437,-0.122543,0.082904,0.231958,-0.168696,0.072983,-0.183084,-0.183524,-0.023094,0.037119,0.233381,0.062969,-0.080607,-0.263684,0.097329,-0.029727,-0.091763,0.066043,6.8e-05,0.033045,0.112483,0.022254,0.145103,0.088935,0.021588,0.121318,-0.174957,0.096314,-0.11633,-0.052725,0.149645,0.20783,-0.148699,0.054667,-0.122675,0.007602,0.078727,0.069113,0.138973,0.16545,-0.121808,-0.076357,-0.065729,-0.058972,-0.035122,-0.190367,-0.010656,0.148641,0.154231,0.163517,0.191265,-0.162217,0.156734,0.236838,-0.046535,-0.051728,-0.081657,-0.070045,0.204152,0.030659,-0.064379,0.349462,-0.187705,-0.001299,0.063166,-0.216123,0.064034,-0.12264,0.126836,0.055834,0.103872,-0.046331,0.001103,-0.004675,-0.056109,0.141504,0.006192,-0.185272,-0.193534,0.028589,0.006111,0.003974,-0.079397,0.091857,-0.057199,0.14576,-0.130986,0.152738,-0.087604,-0.020428,-0.017015,-0.34475,-0.014943,0.100328,-0.03311,0.05354,0.060968,0.095041,0.069299,0.011711,0.052099,0.163503,0.099919,0.148899,-0.121121,-0.10962,-0.286213,0.044022,-0.013531,0.091739,-0.091415,-0.038041,-0.081453,0.067139,0.078646,-0.205212,-0.024252,0.206612,-0.067365,-0.196719,-0.254861,-0.029997,0.035811,0.122063,-0.060578,-0.130543,0.237078,-0.001788,0.1189,0.166271,#
12,0.461109,0.353496,-0.258208,-0.238591,0.143812,0.108786,0.306719,0.170173,0.29921,0.315418,-0.291448,-0.098308,1.0,0.373418,0.090436,-0.27207,-0.079409,0.232274,0.140017,-0.025703,0.036068,0.241075,0.241254,-0.009163,-0.179714,-0.233235,0.151096,-0.196955,0.253282,0.263537,-0.130369,-0.073414,0.240317,-0.195729,-0.148463,0.11584,0.102926,-0.086795,-0.066232,-0.345655,0.092196,0.168965,0.228574,0.070063,-0.103503,-0.402074,0.346293,0.171048,-0.147101,-0.083416,-0.075023,-0.086682,0.105618,0.045395,-0.021106,0.057397,0.12373,-0.143798,0.237419,0.138875,0.427238,0.050483,-0.082533,0.06248,0.203378,0.461546,-0.020442,0.283583,0.296981,-0.22672,0.105417,-0.051366,-0.406318,-0.286733,-0.210952,0.42521,0.09914,-0.06651,-0.083287,-0.258795,-0.070896,-0.337094,-0.303804,-0.10702,-0.144494,0.051091,-0.022336,0.137883,-0.03837,-0.304001,-0.215471,-0.060634,-0.437476,0.176856,-0.160201,0.00832,0.336831,-0.076442,0.046464,-0.131582,-0.042755,-0.006215,0.051352,0.042002,0.059227,-0.081522,-0.146214,-0.209528,-0.36212,-0.225921,0.275295,0.241053,-0.083451,-0.310912,-0.060974,-0.006966,-0.269141,-0.223597,0.054417,-0.379487,-0.149369,-0.272136,-0.128288,-0.311037,0.068231,0.301573,0.067077,0.204608,0.114696,0.102934,-0.400978,-0.082376,-0.240062,-0.015552,-0.321134,-0.127279,-0.232928,-0.316691,0.109453,-0.155396,-0.110618,-0.116204,-0.24466,-0.110281,0.132191,-0.046346,-0.236682,0.338328,-0.044747,-0.529631,0.012978,-0.351733,0.125077,-0.256773,-0.13415,0.026198,0.519097,0.422544,0.009376,-0.439542,0.145579,-0.110476,0.024529,0.111642,0.162413,0.403656,0.072703,-0.054331,-0.361565,0.089395,0.007766,0.206053,-0.095973,0.011905,0.318442,-0.223866,-0.061536,0.178859,0.446257,-0.12678,0.096732,0.053871,-0.018808,-0.058475,0.300297,0.005253,0.57346,-0.0178,-0.40484,0.401351,0.331763,0.15994,0.119836,0.122208,0.010557,0.010592,0.070364,-0.112091,0.110001,0.137867,#
13,0.213282,0.334364,-0.032528,-0.168519,0.031555,-0.098169,-0.101002,0.145505,0.165039,0.236624,-0.438459,-0.039816,0.373418,1.0,0.193838,-0.056563,-0.346231,0.388326,0.089513,0.023491,-0.046725,0.432253,0.600739,0.388722,-0.079361,0.001491,0.352861,0.123552,0.051849,0.473784,-0.24725,0.061793,0.197099,-0.015224,-0.094322,0.245074,0.040755,-0.246342,0.262488,-0.118288,-0.039115,0.116016,0.28302,0.208613,-0.161067,-0.364317,0.262098,0.061143,-0.288503,0.071798,0.101142,-0.172997,0.061577,0.18088,-0.11428,-0.03227,-0.107703,0.043709,0.122067,0.047398,0.28108,0.089311,-0.234873,0.117527,0.067722,0.20371,-0.207806,0.388408,0.158788,-0.007216,-0.132097,-0.032978,-0.190026,-0.031186,-0.216945,0.095,-0.057598,-0.229707,-0.25346,-0.004533,-0.138487,-0.325796,-0.174872,0.13263,-0.048129,-0.145434,-0.088231,-0.016077,-0.040418,-0.248862,-0.04293,-0.118426,-0.283595,0.286257,-0.2047,-0.106116,0.102341,0.053646,-0.093567,-0.147035,0.132581,-0.056545,-0.07749,-0.161114,-0.129422,-0.109469,0.087616,-0.270563,-0.14551,-0.157071,0.222685,0.15712,-0.048437,-0.074488,-0.104511,-0.0493,-0.217979,-0.301896,0.154357,-0.277782,-0.189021,-0.398316,-0.03612,-0.279128,-0.041221,0.049157,-0.065475,-0.113039,0.009129,-0.023612,-0.149407,0.115904,-0.371196,-0.21947,-0.428787,-0.189192,0.094447,-0.140058,0.122019,-0.091306,-0.077972,-0.24178,-0.353048,-0.224654,-0.350772,-0.136964,-0.140118,0.101367,-0.282417,-0.337921,-0.259244,-0.275277,0.00834,-0.237802,-0.134092,0.084043,0.37442,0.284954,0.005018,-0.124349,0.078608,-0.087004,0.022594,0.117522,0.041047,0.255894,-0.030688,-0.004574,-0.213266,-0.003238,-0.244339,0.127695,-0.166409,-0.316817,0.194695,-0.325851,-0.053724,-0.038549,0.435674,-0.296699,0.132567,-0.132994,-0.271564,-0.027785,0.1492,0.174084,0.168711,-0.338769,-0.247623,0.366074,0.020112,0.108144,0.045234,0.282529,0.023498,-0.13065,0.28269,-0.218713,0.298401,0.042935,#
14,0.157621,0.366744,-0.060227,-0.27409,0.266124,-0.064432,0.309382,-0.002903,0.117941,0.146214,-0.103332,-0.077771,0.090436,0.193838,1.0,-0.107459,-0.030233,0.078,0.309602,-0.205741,-0.098468,0.046722,0.139954,0.116735,-0.138528,-0.091958,-0.00349,0.281753,0.235253,0.143234,-0.442892,-0.172463,-0.025749,-0.162936,-0.048408,0.26023,-0.156711,-0.27053,0.190869,0.144026,-0.318979,0.088351,-0.055727,0.179099,0.152463,0.00248,0.251081,-0.055096,-0.103243,0.161506,0.095085,-0.199903,-0.156297,-0.021913,0.059652,-0.290361,-0.280704,-0.067932,-0.101914,-0.190365,0.007171,0.245171,-0.303855,0.247057,0.058353,0.125973,-0.106916,0.030067,-0.006277,-0.362888,-0.326868,-0.276841,0.026713,-0.359268,-0.369878,0.290778,-0.027424,-0.441086,-0.28587,-0.31757,-0.291546,-0.528375,-0.396103,0.03981,-0.417551,-0.028509,-0.290492,-0.209215,-0.304908,-0.259882,-0.106072,-0.32219,-0.136267,-0.02504,-0.398875,-0.411333,-0.293529,-0.080145,-0.380866,-0.090209,0.244345,-0.428652,-0.321249,-0.264282,-0.32536,-0.209143,-0.361008,-0.085267,-0.373186,-0.192227,-0.133061,0.250141,-0.337651,-0.417474,-0.37214,-0.111696,-0.248066,-0.373919,-0.291368,-0.200339,-0.40748,-0.081669,-0.455132,-0.175591,0.03968,-0.405303,-0.137242,0.01091,-0.239929,-0.249713,-0.156632,-0.324745,-0.448352,0.018995,-0.382547,-0.29787,0.084548,-0.184403,-0.045596,-0.198646,-0.389397,-0.26156,-0.312847,-0.177655,-0.241964,-0.248683,-0.192017,0.384567,-0.469183,-0.263054,-0.405818,-0.41805,-0.207227,-0.330521,-0.235614,-0.283094,0.097724,0.350392,-0.448773,-0.06386,0.206583,-0.10977,0.129494,-0.019516,-0.204481,0.245956,-0.207709,0.173553,-0.095699,-0.279684,0.391531,0.195229,-0.198889,-0.317825,0.410545,-0.272883,-0.286075,0.212401,0.356169,-0.165237,0.278361,0.091064,0.356578,0.198637,0.367029,-0.319248,-0.071643,-0.074882,-0.192546,0.253201,-0.067565,0.560342,0.260174,0.319456,-0.057579,0.039837,0.071558,-0.257788,-0.163308,0.235055,#
15,-0.121132,-0.30224,-0.09318,-0.096924,0.059988,-0.068012,-0.096751,0.130234,-0.350837,0.00901,0.173702,0.133508,-0.27207,-0.056563,-0.107459,1.0,-0.157437,-0.332458,-0.064822,-0.056583,-0.179092,0.054973,-0.02077,0.137918,0.064818,0.154682,-0.014133,-0.097615,0.096097,-0.146848,-0.098655,-0.062853,-0.162922,0.200318,-0.094909,0.245889,-0.118778,0.155538,0.211951,0.152324,-0.141733,-0.32353,-0.222025,-0.113985,-0.127119,0.231746,-0.154231,0.06787,-0.289004,0.034901,0.168324,0.108845,-0.076909,0.135499,-0.045689,0.062064,0.078771,0.069926,-0.12311,-0.18899,-0.02721,0.163578,0.228,-0.204782,-0.115069,-0.306707,-0.309367,-0.053991,-0.00707,0.067203,0.028104,-0.27219,0.184169,0.273733,0.042207,-0.138959,-0.142961,0.018756,-0.208199,0.228502,-0.107602,0.004258,0.280292,0.095578,0.307544,-0.197271,0.062735,-0.18198,0.00086,0.094508,0.187622,0.050501,0.186982,0.02183,-0.038715,0.281245,-0.030444,0.264323,-0.061017,-0.135391,0.153299,0.044555,-0.110467,0.004458,0.124664,-0.030581,-0.122835,0.170692,0.084271,-0.041933,-0.249368,-0.175759,0.157803,0.108995,-0.005811,-0.005856,0.222016,0.204446,0.047827,0.204343,0.057751,0.076269,0.218749,-0.025214,-0.104456,-0.027625,-0.038434,-0.082557,-0.069316,-0.114739,-0.020624,0.150457,0.016152,-0.024038,0.024755,0.034309,-0.023415,0.096606,-0.125667,0.039984,0.169698,-0.054726,0.036681,0.231255,-0.058412,-0.120828,0.057855,-0.33868,-0.096029,0.045532,-0.12893,0.120906,-0.176352,0.139278,0.111098,0.131894,-0.197633,-0.190183,-0.081455,0.229356,0.105487,-0.000167,-0.058178,0.048467,-0.235464,-0.301579,0.15562,-0.011476,0.103896,-0.094649,-0.064184,-0.248248,-0.037602,-0.025664,-0.199751,0.022008,-0.011513,-0.161428,-0.276088,0.224577,0.052848,-0.203059,-0.014322,-0.068436,-0.16221,0.102212,-0.20264,-0.180687,0.075536,-0.216844,-0.200831,-0.190828,-0.05027,-0.103039,0.082819,-0.155195,0.069656,0.019427,0.104021,-0.1248,#
16,0.162871,0.063547,-0.049267,-0.018116,0.088898,0.236076,-0.011223,0.008169,-0.048677,-0.133295,0.210062,0.148349,-0.079409,-0.346231,-0.030233,-0.157437,1.0,-0.023242,-0.003982,-0.246862,0.042637,-0.198066,-0.185339,-0.222092,-0.145181,-0.117198,-0.241171,-0.008,-0.089243,-0.180697,0.101593,0.058158,0.071179,-0.104476,0.097867,0.149253,0.103399,-0.162709,-0.26846,0.016523,-0.062942,-0.146685,-0.071396,0.252266,0.18493,0.086286,-0.234885,-0.003788,0.129111,-0.068164,-0.078387,-0.024781,0.198387,-0.203995,0.07765,-0.030217,-0.196892,-0.060859,0.054364,0.127596,-0.119402,0.062791,0.16239,-0.214744,0.032964,-0.07869,0.044361,-0.128517,0.058262,-0.047381,-0.202779,0.133505,0.143698,-0.051091,-0.079126,0.161205,-0.164604,0.012037,-0.131343,-0.116169,0.010382,0.100629,-0.099028,-0.202094,-0.165208,-0.159617,-0.190903,-0.09664,-0.00604,-0.271298,-0.10813,-0.169218,0.042372,-0.217528,-0.07486,-0.224754,-0.10734,-0.255084,-0.288208,-0.093071,0.140354,-0.203697,-0.094883,-0.088214,-0.009926,-0.030748,-0.046269,0.044457,-0.139447,0.02623,0.001388,-0.089461,-0.174853,-0.100368,-0.095131,0.030817,-0.314653,0.000612,-0.199953,0.083213,-0.136711,0.049062,-0.085453,-0.021247,0.118599,-0.251162,-0.211516,-0.095576,-0.206006,-0.061688,-0.02296,0.042228,0.097231,0.152896,0.067318,-0.104061,0.197697,-0.274937,-0.131027,-0.029048,-0.354836,0.167236,-0.071702,0.080116,0.185888,0.003934,-0.08116,0.040806,-0.02275,-0.057314,-0.120067,0.188204,-0.068463,0.053113,-0.20447,-0.332983,-0.127294,0.12654,-0.298527,0.097832,-0.10199,-0.010133,0.044633,-0.137491,-0.010403,0.1977,-0.001601,-0.148262,0.049749,-0.191798,0.097219,-0.015597,-0.228178,0.019384,0.044728,-0.210392,-0.239579,0.266348,-0.147225,0.026815,-0.179751,0.184355,0.308422,0.120332,0.038653,-0.068218,0.1246,0.336598,0.267496,-0.03928,-0.074738,0.207477,0.246335,0.026574,-0.115467,0.533705,0.074749,-0.074522,-0.410953,0.023428,#
17,0.135314,0.430993,0.128218,-0.037415,0.066915,0.035835,0.000695,-0.119064,0.272798,0.117625,-0.271302,0.058021,0.232274,0.388326,0.078,-0.332458,-0.023242,1.0,0.035579,0.175517,0.131026,0.141366,0.250283,-0.069387,0.034547,-0.002378,0.072901,0.07613,0.042999,0.27256,-0.174714,0.024768,0.182904,-0.182138,0.097171,0.037607,-0.031911,-0.194619,-0.032024,-0.023777,0.110115,0.221784,0.034192,-0.010194,-0.118074,-0.294574,0.181901,0.167061,0.112741,-0.082084,0.215859,-0.282673,0.021242,-0.123258,-0.099271,-0.210745,-0.234069,-0.173648,-0.065525,-0.120774,-0.019695,0.237764,-0.042881,0.034695,0.079795,0.322481,0.040778,0.313158,0.049854,0.286444,0.016357,0.138659,-0.401334,-0.06724,-0.035347,0.090165,-0.052389,-0.22954,-0.07335,-0.285924,0.080375,-0.181206,-0.229366,-0.089437,-0.001484,0.067095,-0.171236,0.120769,0.099551,0.038407,-0.027364,0.072848,-0.187588,0.222176,-0.17108,0.102967,0.306151,-0.104669,-0.058307,-0.209796,-0.07023,-0.078952,-0.149543,0.141011,-0.212155,-0.06277,-0.131748,-0.217438,-0.241264,0.044095,0.336663,0.039255,0.068172,-0.127685,0.080786,-0.047017,-0.233491,-0.202859,0.331359,-0.340206,-0.108612,-0.170265,-0.258885,-0.162036,-0.100035,0.096263,0.003578,0.066,0.053457,0.057693,0.098908,-0.041247,-0.142331,-0.311548,-0.083013,-0.268874,0.164232,-0.177456,0.058735,0.006988,-0.047523,-0.217838,-0.246912,-0.380359,-0.269848,0.049835,0.035604,0.154391,0.032784,-0.192759,-0.180548,-0.272183,0.264458,-0.232399,-0.240688,-0.065633,0.359728,0.366319,-0.119632,-0.101745,-0.097846,0.053623,0.141441,0.086683,-0.186962,0.373896,0.068631,-0.075036,0.009916,0.069549,-0.190718,-0.042111,-0.2528,-0.146145,0.029034,-0.069636,-0.013419,0.031417,0.41777,-0.397481,0.03398,0.021288,-0.356006,-0.26593,0.056531,-0.141686,0.293964,0.146813,-0.379266,0.152128,0.166785,0.063363,-0.048967,0.195926,-0.218512,-0.015719,-0.067358,-0.05726,0.298377,0.19283,#
18,0.00186,0.164249,-0.010202,-0.102536,0.161733,-0.281005,0.095665,-0.083365,0.11118,0.107135,0.07072,-0.31437,0.140017,0.089513,0.309602,-0.064822,-0.003982,0.035579,1.0,-0.255842,0.185768,-0.223813,-0.013235,0.064052,-0.054132,-0.059385,0.103489,0.220259,-0.018348,0.258154,-0.07781,0.026201,0.080589,-0.004445,0.102872,0.10909,0.137108,-0.127753,0.022597,0.069079,-0.02921,-0.104486,0.144335,0.077891,-0.076464,-0.043862,0.083655,-0.025621,0.150275,-0.091466,-0.065628,-0.052485,-0.011394,0.037293,0.295587,-0.028154,-0.173408,0.056639,-0.223933,-0.126863,-0.090032,0.070626,0.011722,0.353417,-0.031493,0.037853,-0.10182,0.041605,0.064576,-0.195509,-0.123859,-0.366801,-0.01416,-0.283665,-0.024934,0.11854,-0.130416,0.013055,0.051965,-0.353641,-0.211723,-0.272528,-0.339906,0.063996,-0.298549,-0.04971,-0.040785,0.016548,-0.251803,0.035788,-0.138292,-0.162316,-0.168445,-0.227852,-0.319987,-0.204319,-0.051224,-0.14427,-0.039276,-0.046525,-0.05353,-0.065595,-0.096306,-0.238296,-0.079348,-0.00671,-0.226662,-0.028344,-0.098679,-8.5e-05,0.102081,0.085147,-0.004821,-0.199797,-0.100074,-0.24933,-0.096595,-0.125161,0.01578,-0.13399,-0.265226,0.05509,-0.280729,-0.176801,-0.023856,-0.239171,-0.095977,0.018412,-0.250991,-0.27126,0.058311,-0.33235,-0.151763,0.109445,-0.049959,-0.21018,0.024909,-0.048472,-0.085067,-0.046804,-0.251731,0.120034,-0.179357,-0.131911,-0.162951,-0.133496,-0.241238,0.194906,-0.237485,-0.263557,-0.332756,-0.193732,0.089683,-0.166645,-0.251167,-0.249633,-0.026558,0.157839,-0.205385,-0.048372,-0.015908,0.049234,0.171784,0.078791,-0.078479,-0.066557,-0.144814,0.155198,-0.058341,0.056002,0.114186,-0.018984,0.045246,-0.15033,0.287066,0.096499,0.014247,0.184463,0.058013,-0.171963,0.044919,0.026398,0.243984,0.071204,0.167586,-0.021782,-0.04763,-0.093089,-0.035206,0.246564,-0.009904,0.208216,0.322059,0.155382,0.072773,-0.030691,0.172307,-0.092287,-0.397237,0.055395,#
19,-0.073358,-0.118266,0.146601,0.289062,-0.038583,0.235515,-0.072099,0.065888,-0.041707,-0.173379,-0.174624,-0.067696,-0.025703,0.023491,-0.205741,-0.056583,-0.246862,0.175517,-0.255842,1.0,0.260132,0.150721,0.05005,-0.075441,0.171578,-0.189705,0.054479,-0.128204,-0.01862,-0.170839,0.12961,0.220536,0.068266,0.080311,-0.164239,-0.366461,0.099489,0.109427,-0.166908,-0.034355,0.269447,0.350497,0.039999,-0.06568,-0.037183,-0.107186,0.370281,0.330762,0.226202,-0.160751,-0.051388,0.077971,0.260457,0.003381,-0.123757,0.245051,0.244293,-0.326044,0.226053,-0.076742,-0.06559,-0.12706,0.208274,0.035379,0.036002,0.166714,0.14192,0.158908,0.01126,0.055685,0.367907,0.138213,0.004045,0.297733,0.185922,-0.239373,0.280871,0.125531,0.367955,0.247238,0.373791,0.278711,0.360195,0.009059,0.244118,0.086845,0.288938,0.225522,0.453153,0.056601,0.240847,0.25491,0.202756,0.296288,0.247887,0.233016,0.301941,0.265978,0.034411,0.182799,-0.259267,0.346739,0.257252,0.320916,0.396082,0.355195,0.248276,-0.290482,0.201826,-0.108407,0.305483,-0.201107,0.162304,0.401776,0.314385,0.078625,0.02735,0.371705,0.04399,0.006568,0.316457,0.035721,0.296443,-0.035432,0.17625,0.346908,0.052481,0.048794,0.16259,0.331712,0.153043,0.233677,0.28577,-0.169282,0.217377,0.077811,0.060548,0.05196,0.092125,0.217667,0.347159,-0.130434,0.058508,-0.011367,0.165234,0.240837,0.114107,-0.271838,0.560558,-0.092902,0.245936,0.153792,0.279769,0.38041,0.173187,0.346833,0.129523,-0.136833,0.397871,0.09029,-0.022424,0.027073,-0.169408,0.260325,0.083166,-0.150985,0.432421,-0.017826,-0.123744,0.11854,-0.382306,-0.014,0.157011,0.337524,-0.230394,0.190304,0.325907,-0.417135,-0.170492,-0.016521,-0.108129,-0.098531,-0.127785,-0.111066,-0.441543,0.147143,0.159695,0.175217,-0.099527,-0.412483,0.299746,-0.417872,-0.240077,-0.234965,0.050482,-0.232201,-0.371848,0.411708,0.254879,-0.058567,#
20,0.029034,-0.035646,-0.097006,0.202385,0.01733,-0.022317,-0.178896,0.112106,-0.055674,-0.214774,0.064112,-0.2812,0.036068,-0.046725,-0.098468,-0.179092,0.042637,0.131026,0.185768,0.260132,1.0,-0.201722,-0.316576,0.043024,0.182804,-0.006305,-0.127529,0.208928,0.025786,0.006852,0.329419,0.025552,0.118714,0.044059,0.015766,-0.352535,0.112996,0.06581,-0.005201,-0.025248,0.108527,-0.016632,-0.034156,0.032131,-0.147576,0.05737,0.275657,0.015955,0.188944,-0.077227,-0.032126,0.022949,0.098784,0.107707,0.111137,0.201409,-0.051149,0.071085,-0.010705,0.005132,-0.016516,0.138208,0.079253,0.044701,-0.092858,0.09643,-0.025077,0.162229,-0.121093,-0.206877,0.008964,0.049521,0.004404,0.234717,0.154861,-0.18592,0.178856,0.343405,0.122857,-0.01464,-0.01315,0.291211,0.284079,0.034888,-0.090734,-0.072978,0.217193,0.063396,0.376315,0.157066,-0.096676,-0.02891,0.083511,0.020152,0.080626,0.193771,0.210805,0.088565,0.210314,0.091684,-0.201376,0.068061,-0.033824,-0.066489,0.241468,0.165181,-0.037378,0.09226,0.062388,0.026231,0.139203,-0.105645,-0.000377,0.189015,0.225056,0.168682,0.000453,0.150653,0.120843,0.190487,0.042142,0.278428,-0.016601,0.204824,0.280826,0.151845,-0.24125,-0.181969,0.038368,0.196449,0.11341,-0.004868,0.345497,-0.053371,0.051371,0.032619,0.038603,-0.012392,0.053422,0.382666,-0.070546,0.054684,0.184874,-0.033599,0.321381,0.009794,0.147058,-0.258591,0.302763,0.03738,0.036167,0.231785,0.239359,0.359633,-0.059966,0.21094,0.178696,-0.111897,0.155048,0.075698,-0.133896,0.032928,-0.091504,0.045548,0.045502,-0.121393,0.212911,-0.109824,0.073596,0.103868,-0.179512,0.049483,0.30223,-0.029312,-0.215029,0.262146,0.231136,-0.139346,-0.137481,0.123103,-0.080817,0.216575,0.068804,-0.071349,-0.063845,0.288346,0.109767,0.30099,0.111075,-0.047454,0.166079,-0.145374,-0.09071,-0.330185,-0.368279,-0.037454,-0.159539,0.185145,0.070186,-0.082897,#
