0,1.0,0.047073,-0.175637,-0.161903,0.258044,0.107496,0.386411,-0.29609,0.037865,-0.09208,0.478924,0.135674,0.144318,0.074716,0.019083,-0.005008,-0.055846,-0.368153,0.404406,-0.050774,0.086518,-0.01483,0.190798,-0.092427,0.013324,-0.130736,-0.219376,0.049067,0.155722,0.010714,-0.251226,-0.070988,0.087782,-0.236988,0.30177,0.119418,0.093958,0.00663,0.048266,0.311283,-0.071602,0.127848,-0.14124,-0.129331,0.16854,0.074712,0.072866,0.132226,-0.173494,0.040435,0.188889,-0.134412,0.052881,-0.110042,0.115357,0.043868,-0.172988,0.126706,-0.136434,-0.041875,0.171575,0.084834,-0.147228,0.138728,-0.285392,-0.007922,-0.091356,0.096849,-0.054607,-0.139493,0.014767,0.007817,0.143123,-0.194714,-0.195473,0.167653,-0.436935,-0.199559,-0.233169,-0.115094,-0.091812,-0.154342,-0.15111,-0.304848,-0.020218,-0.198189,-0.175042,-0.101372,-0.131483,-0.221655,-0.400471,-0.141854,0.015635,-0.327414,-0.057584,-0.266316,-0.118104,-0.49311,-0.298929,-0.001188,0.334365,-0.084441,-0.089696,-0.307231,-0.110144,-0.184453,-0.154118,0.096973,-0.249082,-0.02274,-0.108421,0.118168,-0.41153,-0.254811,0.021012,0.072574,-0.033706,-0.004904,0.039255,-0.137059,-0.255053,0.025427,-0.039911,0.118787,-0.132383,-0.039568,-0.097133,0.183777,-0.155554,-0.230233,-0.303424,-0.408997,-0.075835,0.234013,0.005871,-0.132957,-0.135347,-0.08857,0.186,-0.094402,-0.161746,0.216093,-0.031759,-0.187485,-0.172404,-0.092888,-0.105261,0.119327,-0.260505,-0.249637,-0.005849,-0.126525,-0.351373,-0.081618,0.193955,-0.050383,0.004523,0.070004,-0.364156,-0.008285,-0.114966,-0.163964,0.04616,-0.271474,0.021307,-0.08718,0.12885,0.048698,-0.295652,-0.17927,0.210289,-0.101065,0.07138,-0.031424,0.060885,-0.023396,-0.060319,0.127051,0.105593,-0.29544,-0.079898,0.047258,-0.020064,0.322949,0.138385,-0.050815,0.164797,0.053815,0.329805,0.233208,-0.323117,0.230135,0.451922,0.020803,-0.030721,0.129315,-0.034635,-0.188893,-0.028782,-0.199859,#
1,0.047073,1.0,0.027008,-0.108465,-0.025682,0.002292,0.215312,0.075796,-0.181502,0.228501,-0.071327,-0.014262,0.06205,0.206362,0.037241,0.150597,0.144701,0.090654,0.32453,-0.042506,0.192335,0.084718,0.032415,-0.160802,0.007307,-0.22514,-0.117413,-0.050345,0.203134,0.090027,-0.081385,0.060077,0.016813,-0.063032,0.068983,0.021077,-0.069388,-0.245333,0.072278,0.016272,0.040172,0.209619,-0.005608,0.040574,-0.014476,0.003804,-0.009703,-0.039835,0.191422,0.368423,0.013533,-0.021242,0.084724,0.093123,0.080017,-0.146453,0.167019,-0.249207,-0.086929,-0.114541,0.077553,-0.148161,-0.051676,0.019732,0.329307,0.322437,-0.359214,0.047235,-0.083391,-0.117512,-0.08498,0.070881,-0.146784,-0.119995,-0.046279,0.118656,-0.122133,-0.053747,0.171107,-0.065666,0.015454,-0.254309,-0.133329,-0.038265,-0.15849,0.014221,-0.069938,-0.099694,0.014246,-0.065664,-0.250412,-0.028091,-0.057863,-0.167437,-0.060187,-0.088952,-0.02446,0.117222,0.357481,-0.039448,-0.039503,0.095699,0.017919,-0.059102,-0.265353,-0.072477,0.092338,-0.119108,-0.298463,-0.114326,0.20757,-0.022252,-0.054203,0.037835,-0.073803,-0.067185,-0.160669,0.029332,0.034874,-0.201941,-0.148054,-0.074323,-0.344378,-0.182996,-0.164994,-0.193101,-0.077526,-0.162044,-0.243215,-0.150643,0.078497,-0.216953,-0.140012,-0.036234,-0.193451,-0.215791,0.100796,0.104135,0.121962,-0.191131,-0.118913,-0.207237,0.085634,-0.047973,-0.043312,-0.219885,-0.503417,0.11871,-0.014062,-0.052279,-0.05976,0.111402,0.077962,-0.215656,-0.094843,-0.101834,0.135395,0.124664,-0.079071,0.088659,-0.138273,0.045138,-0.167179,0.038125,-0.094888,0.313572,0.234895,0.124289,-0.150284,-0.326273,0.136762,0.180689,-0.072603,-0.010717,0.080547,-0.16062,0.01852,0.019123,0.130231,-0.09922,0.118536,-0.058243,0.104813,0.217167,0.298866,-0.135853,0.123641,-0.190776,0.057011,0.154035,-0.038211,0.105555,-0.084578,0.077415,-0.129008,-0.049966,0.206649,-0.096413,0.017052,0.132232,#
2,-0.175637,0.027008,1.0,-0.378232,-0.176907,-0.056281,0.08339,-0.072243,0.053586,0.119236,-0.041953,-0.154035,0.123014,0.023484,-0.202335,0.116337,-0.116312,0.379924,-0.053022,0.058371,-0.215179,0.062289,-0.078175,-0.042613,0.091033,0.028042,0.066631,-0.222441,0.03022,-0.190458,0.016596,0.198169,-0.286858,0.098942,-0.056435,0.171013,0.090617,0.487683,-0.050092,-0.309725,0.052565,0.102228,0.047089,-0.058661,-0.052125,-0.316838,-0.121859,-0.007478,0.015824,0.04127,0.120169,-0.222725,0.175606,-0.182493,-0.191013,-0.021997,-0.081663,-0.281925,0.187182,-0.175226,0.296766,-0.101059,0.028911,-0.255189,0.230049,0.215447,0.106613,0.008081,0.142766,0.193713,-0.064824,0.118481,-0.399453,0.050125,0.015299,-0.118587,0.018229,-0.027153,0.05425,0.02666,0.126358,0.071536,0.037585,0.217868,-0.139413,0.079983,0.016238,-0.029484,-0.091682,0.243237,0.016544,-0.022311,0.04385,0.169348,-0.093768,0.031024,0.0394,-0.031179,0.079435,0.05847,-0.252193,-0.221935,-0.00994,0.127858,0.199834,0.062233,0.01217,-0.07621,0.161398,-0.041016,0.030825,-0.202677,0.072434,0.147613,0.249657,-0.175201,-0.022846,0.093227,-0.112411,-0.15906,0.044781,0.081995,-0.030515,-0.27664,-0.129477,0.07174,0.356507,0.014548,0.165002,0.016161,0.271094,0.076992,-0.001187,0.084086,0.05702,-0.162898,0.094858,0.25579,-0.094289,0.148152,-0.051755,0.137371,0.022859,-0.145926,0.012596,0.086689,-0.009833,0.149339,0.071704,0.15981,-0.041742,0.169582,0.069649,-0.023958,0.112868,0.049392,0.014061,0.065195,0.223695,-0.047914,0.307813,-0.019186,-0.108548,0.29973,0.127605,-0.080388,0.003726,-0.012924,0.124414,0.081584,-0.160623,-0.068631,-0.122026,-0.076287,-0.168859,0.03691,0.136806,-0.017444,0.04923,-0.183315,0.135645,0.042066,-0.110739,-0.127696,-0.019285,0.168536,0.207806,0.168761,-0.225305,-0.195861,0.177884,-0.157294,-0.231458,0.218698,-0.114863,-0.083173,0.096492,0.310803,0.187112,0.177033,#
3,-0.161903,-0.108465,-0.378232,1.0,-0.120914,-0.171892,-0.285977,0.004437,-0.407514,-0.345902,0.0786,-0.073834,-0.240828,-0.47191,-0.000258,-0.190885,0.218817,-0.027133,-0.141289,-0.230125,0.110337,-0.15489,-0.336734,-0.011307,-0.07853,0.107489,-0.052415,0.15148,-0.203388,-0.143285,0.246369,-0.237624,0.122937,0.018951,0.024027,0.028283,-0.133758,-0.129342,0.020395,0.204628,-0.029478,-0.226753,0.00516,0.153741,-0.031068,0.480675,-0.0975,-0.106596,0.151695,-0.214799,-0.159731,0.465069,-0.017625,0.158013,0.252946,-0.233798,0.275982,0.341809,-0.092661,-0.139711,-0.463582,0.051943,0.226288,-0.044289,-0.124721,-0.277179,0.066246,-0.021556,-0.105982,0.015094,0.166062,-0.256657,0.163081,0.156944,0.237929,-0.121087,0.317443,0.227035,0.123768,-0.088755,-0.037261,0.181436,0.188817,-0.006289,0.225406,-0.096219,0.107513,0.281715,0.10778,0.118157,0.020774,0.244775,0.192019,-0.133532,0.161528,0.225727,0.338504,0.073897,-0.010673,0.257125,0.245571,0.240978,0.307839,0.32585,-0.075571,-0.008293,0.204079,0.179908,-0.062871,0.082441,-0.182273,0.064826,0.273364,0.16371,-0.073985,0.100812,0.252451,0.109784,-0.163089,0.297052,0.236239,0.199686,0.062201,0.341065,0.328699,0.061585,-0.445325,-0.082696,0.027674,0.270275,-0.075431,0.35265,0.357406,-0.086311,0.186512,0.262551,0.012186,0.051272,-0.112889,0.195558,0.097375,-0.153088,0.288622,0.388541,0.449184,0.043683,0.06772,-0.179072,0.297371,-0.183806,0.302339,-0.105646,0.002961,0.065885,0.114684,0.036868,-0.404181,-0.285136,0.206317,0.151715,0.036739,0.164357,0.098285,-0.056018,-0.023721,-0.371206,0.062423,-0.063334,0.059147,-0.018043,0.236478,0.185718,0.038428,0.327261,0.071926,0.135318,-0.147351,-0.007951,-0.494809,0.508349,-0.386113,0.1459,0.212031,-0.124805,-0.12569,-0.096026,-0.17641,0.063108,0.288742,-0.005904,0.052446,-0.134746,-0.064666,-0.239208,0.165713,-0.106057,-0.138441,-0.150836,-0.30978,-0.260674,#
4,0.258044,-0.025682,-0.176907,-0.120914,1.0,-0.034939,-0.062646,-0.166579,0.091159,-0.085682,0.309859,0.092377,-0.032659,-0.164322,-0.150434,-0.126622,0.174441,-0.298592,0.046608,-0.087587,-0.115547,-0.316364,0.056913,-0.062425,-0.054222,-0.108177,-0.176036,-0.053285,0.021815,-0.092191,-0.281805,-0.177819,0.079637,-0.203047,0.141156,0.090944,-0.034392,-0.240116,0.10093,0.375241,0.019153,-0.314764,-0.298601,-0.172094,-0.12244,0.143135,-0.192406,-0.092652,0.057282,0.249422,-0.047711,-0.042704,-0.111449,0.232266,0.094883,0.008201,-0.120445,0.221716,0.008774,0.223235,-0.197969,-0.17818,-0.002966,-0.130091,-0.179784,-0.033093,0.484545,-0.052426,-0.095921,-0.255351,-0.112082,-0.121973,0.005776,0.078164,0.156058,-0.029306,-0.177027,-0.13831,-0.120875,-0.193257,-0.3369,0.09536,0.164451,-0.12899,0.208179,-0.077188,-0.035193,-0.007898,0.011667,-0.133079,0.093154,0.218705,0.109345,-0.04756,0.109242,-0.026219,0.100889,0.021588,-0.06001,-0.074491,0.135713,0.026761,0.07908,-0.076549,0.180082,-0.052676,-0.045259,0.077023,-0.176002,0.196268,0.062619,-0.082859,-0.221368,-0.119856,-0.205687,0.289694,-0.076133,0.305352,-0.370477,0.03437,-0.344049,0.090114,-0.072685,0.06688,0.002057,0.023836,-0.112154,0.078624,-0.059109,-0.248494,-0.060757,-0.313827,-0.016566,-0.090315,0.056507,0.080389,0.178658,0.008751,-0.122403,-0.023046,-0.083373,-0.108193,-0.176297,0.126995,-0.121357,-0.249704,-0.063021,-0.073542,0.062037,-0.059183,0.092032,0.106464,-0.277179,0.110012,-0.019719,-0.180091,0.131665,0.058641,-0.301762,0.019913,-0.344973,-0.21338,-0.058759,0.115088,-0.079448,-0.019436,0.001144,0.0161,-0.101015,0.309746,0.068469,0.027184,0.166479,0.002836,-0.172429,0.081496,-0.029025,0.065207,0.036612,-0.049734,-0.11891,0.177982,0.020931,-0.028972,0.087148,0.007496,-0.004134,0.115673,0.267713,0.012164,-0.153369,0.111286,0.26531,0.012918,-0.147186,0.079199,0.028671,0.084415,-0.048518,-0.210817,#
5,0.107496,0.002292,-0.056281,-0.171892,-0.034939,1.0,0.312005,0.335669,0.071946,0.057132,0.002791,0.244795,0.081908,0.066421,0.114892,0.015856,0.059709,0.040989,0.106588,-0.142657,0.026212,-0.099604,0.18985,-0.085618,0.020415,0.170189,-0.006325,-0.027986,0.137466,0.172683,-0.284178,-0.003252,-0.100822,0.093673,-0.047883,0.063113,0.091876,-0.060084,-0.079988,-0.095082,-0.230452,0.188597,-0.203124,-0.123397,0.115154,-0.046123,0.225601,-0.187536,0.021109,0.098393,-0.064352,-0.08685,0.311874,0.106885,-0.024858,0.172678,-0.143307,0.169111,-0.278719,0.02047,0.123562,-0.062034,-0.027278,0.212813,-0.180473,0.072413,-0.111847,-0.022939,-0.059802,-0.407329,-0.029371,0.044121,-0.026292,0.097198,-0.05527,0.16788,-0.197579,0.011679,-0.240446,-0.01955,-0.204305,-0.315409,-0.125498,0.311892,-0.183806,-0.281764,-0.108411,-0.037841,-0.130699,-0.154624,-0.035015,-0.264502,-0.223596,-0.21625,-0.179789,-0.020947,-0.229527,-0.180684,-0.182529,-0.326176,0.197397,0.033502,-0.116717,-0.238861,-0.363004,-0.332853,-0.073957,0.144277,-0.218973,-0.066925,0.138601,0.386501,-0.365903,-0.188155,0.007708,-0.09992,-0.056225,0.148491,0.239831,-0.171657,-0.057242,-0.225801,-0.050667,-0.049409,-0.261301,-0.079249,0.07198,-0.016784,-0.383393,0.040656,-0.071501,-0.075881,-0.121439,0.105544,-0.472345,-0.113268,0.164679,0.172022,0.041268,-0.200895,-0.122034,0.055674,-0.213434,-0.062035,-0.124378,-0.263195,0.212203,0.098876,-0.38041,-0.091286,-0.152764,-0.282418,0.154126,-0.136399,0.113073,-0.123295,0.08757,-0.00313,-0.521531,-0.137365,-0.221489,-0.162564,0.158413,-0.276712,0.09422,0.007697,-0.228902,-0.090925,-0.025686,-0.225239,0.018788,-0.227112,-0.101131,-0.256768,0.162398,-0.140366,-0.104927,0.001461,0.116522,-0.072447,0.252385,-0.028671,0.023444,0.089918,0.460885,-0.091603,0.183237,-0.090697,-0.056919,0.157101,-0.023038,0.070401,0.048321,-0.079069,-0.300014,0.243614,0.133544,-0.06613,-0.180286,-0.079822,#
6,0.386411,0.215312,0.08339,-0.285977,-0.062646,0.312005,1.0,0.066413,0.277536,0.152447,0.120505,0.193363,0.214456,0.258094,-0.01627,0.234053,0.1205,0.207953,0.228622,0.109162,-0.103417,-0.025883,0.215924,-0.071269,0.064997,0.067516,-0.040151,-0.057338,0.420323,-0.049789,-0.217511,-0.069372,-0.076168,-0.192481,0.052178,0.05117,0.246984,-0.175066,0.242699,0.02947,0.130067,0.25982,-0.168576,-0.13218,0.17684,-0.227962,0.149851,-0.116284,-0.16729,0.104658,-0.046589,-0.317921,0.201078,-0.0418,0.300001,-0.007824,-0.090316,-0.159522,-0.057096,-0.165821,0.339441,0.108616,-0.111675,0.240063,0.141759,0.334645,-0.230157,0.133997,0.111008,-0.256754,-0.001214,0.178277,-0.1531,-0.426758,-0.327286,0.171203,-0.485738,-0.357193,-0.293357,-0.143607,-0.257556,-0.26956,-0.158407,-0.064425,-0.46467,-0.256083,-0.223469,-0.253126,-0.32972,-0.364465,-0.491117,-0.415626,-0.513869,-0.198407,-0.31781,-0.466966,-0.196384,-0.346253,-0.250322,-0.185348,0.019768,-0.079409,-0.323614,-0.274561,-0.35422,-0.364831,-0.120613,-0.052135,-0.1493,-0.280342,0.017456,0.06898,-0.352257,-0.302712,-0.05995,-0.303473,-0.099967,-0.048166,0.221019,-0.36034,-0.355188,-0.263822,-0.353267,-0.193848,-0.233188,-0.240187,0.112192,0.171367,-0.325109,-0.248849,-0.291088,-0.347785,-0.332234,0.094492,-0.273573,-0.310587,0.041589,-0.149086,0.129462,-0.422472,-0.248446,0.090246,-0.151031,-0.427815,-0.41356,-0.194844,-0.138784,0.587972,-0.425687,-0.342647,-0.211395,-0.351162,-0.211894,-0.165583,-0.078479,-0.250038,0.151478,0.392026,-0.326055,-0.262822,-0.017427,-0.285542,0.015845,-0.101385,-0.170956,0.194144,-0.147274,0.019912,-0.363055,-0.253155,0.121079,-0.187772,-0.122949,-0.309577,0.20878,-0.373498,-0.140125,0.273427,0.311591,-0.53079,0.369324,-0.052449,-0.093637,0.365656,0.248939,-0.387604,0.116457,-0.06076,-0.133779,0.215686,-0.38315,0.219832,0.158269,0.227258,-0.203786,-0.056201,0.085865,-0.141268,-0.114377,0.234479,#
7,-0.29609,0.075796,-0.072243,0.004437,-0.166579,0.335669,0.066413,1.0,-0.208203,0.194353,-0.309344,0.018541,0.291062,0.102393,0.258056,0.076455,0.094277,0.180521,0.040331,-0.104253,0.295175,0.216348,0.037644,0.132173,0.037877,0.18518,-0.048944,-0.236573,-0.045196,0.137092,-0.109821,-0.050336,0.080532,0.216508,-0.247935,-0.206387,-0.204022,-0.117677,0.023741,-0.310144,0.078552,0.082303,0.013548,-0.172458,0.025869,-0.158317,0.426325,-0.223682,-0.045078,-0.125796,-0.155683,-0.13532,0.087417,-0.121193,-0.066341,0.098102,0.203329,-0.12736,-0.147554,0.259587,-0.020292,-0.324588,-0.161959,0.206643,0.01067,0.132821,-0.033304,-0.062775,-0.158259,-0.119809,0.056048,0.42737,-0.246513,0.120786,-0.031771,-0.089501,0.028579,0.178689,0.008989,0.182772,0.081344,-0.320533,-0.098341,-0.010136,-0.090242,-0.122363,0.155747,0.120684,0.258944,0.152357,0.236325,-0.171152,-0.003473,0.047295,0.051635,0.111924,-0.090962,0.137877,0.128879,-0.261631,-0.163672,0.181423,-0.046147,0.023415,-0.174833,0.049504,-0.213767,0.032795,0.000699,-0.101882,0.138202,0.111164,-0.007346,0.090391,0.083972,0.071231,0.054167,0.031293,0.197495,-0.090194,0.216059,-0.440396,-0.054828,0.064334,-0.135426,-0.04045,0.097014,-0.160435,-0.077254,0.084424,-0.14009,0.263655,0.054218,-0.056065,-0.125351,0.142164,0.176932,-0.074331,0.066,-0.209383,-0.19484,-0.126791,-0.091378,0.029083,-0.267662,-0.109625,0.085688,0.050702,-0.042522,0.145249,-0.041515,-0.038288,0.152697,0.032055,-0.064039,-0.263029,0.03821,0.150845,-0.104832,0.034345,0.00483,0.101533,-0.040424,-0.033893,0.228203,-0.046835,-0.237625,0.082794,0.158384,0.197547,-0.122925,0.000994,-0.059428,-0.221706,0.242244,-0.142532,-0.198257,-0.176959,0.125631,0.044336,0.125926,0.130934,0.086649,-0.131132,0.067116,-0.044247,-0.036407,-0.187827,-0.255005,0.141153,-0.110903,-0.154293,-0.203725,0.02517,-0.004905,-0.027292,0.004465,-0.024196,-0.261492,0.169189,#
8,0.037865,-0.181502,0.053586,-0.407514,0.091159,0.071946,0.277536,-0.208203,1.0,0.226366,-0.020634,0.17358,-0.064764,0.178118,-0.021687,-0.109924,-0.180756,0.021982,-0.020441,0.134694,-0.21847,-0.015236,0.166591,-0.055023,0.074411,0.185227,0.064623,0.148396,0.149754,-0.000125,-0.261294,-0.023189,0.01498,-0.015391,-0.045938,0.052248,0.054073,-0.012846,0.118169,0.008559,0.052168,0.029855,-0.159604,-0.04203,0.043634,-0.158546,0.023952,0.073098,-0.070767,0.034823,-0.080362,-0.212829,0.106743,0.195119,0.207904,0.312371,-0.315352,-0.062218,-0.040687,0.077781,0.163392,0.090715,0.044138,0.100741,0.079919,0.04319,-0.126354,0.234391,0.275278,-0.132735,-0.166201,0.076374,0.123946,-0.058506,-0.300131,0.166121,-0.061876,-0.263435,-0.156015,0.023183,-0.118909,-0.035148,-0.134686,-0.103202,-0.24639,0.11472,-0.351438,-0.283549,-0.100419,-0.413786,-0.028596,-0.328312,-0.429295,-0.011975,-0.182342,-0.040502,-0.225229,-0.081214,-0.348864,-0.151494,-0.103808,0.05704,-0.113866,-0.136645,0.031623,-0.351965,-0.071306,-0.07859,0.002467,-0.116354,-0.028119,-0.120985,-0.191185,-0.143726,0.0959,-0.211838,0.06632,-0.136588,-0.098606,-0.09934,-0.034144,-0.010773,0.064811,-0.202236,-0.141451,0.013772,0.356796,-0.005479,-0.057783,-0.031268,0.07647,-0.182357,-0.46602,-0.157007,-0.142943,-0.043199,-0.12453,0.030521,0.013869,-0.048969,-0.05699,0.10635,-0.154282,-0.284118,-0.221044,-0.317072,-0.213457,0.139459,-0.20413,-0.066473,0.03804,-0.075925,-0.143421,-0.265148,0.119916,-0.082377,0.236008,0.255615,-0.215315,-0.231558,-0.115722,-0.102453,-0.040868,-0.107797,-0.261377,0.029713,-0.078179,-0.061578,-0.178778,-0.0578,-0.170424,-0.200057,0.015142,-0.062246,0.242664,0.034554,0.064559,0.093971,0.379153,-0.286829,0.245608,0.090845,-0.152027,0.107151,-0.047013,0.075984,0.043681,-0.001885,-0.31493,-0.077384,-0.072384,0.136672,0.035272,0.094578,-0.028355,0.262845,-0.05629,-0.156625,0.043628,0.084966,#
9,-0.09208,0.228501,0.119236,-0.345902,-0.085682,0.057132,0.152447,0.194353,0.226366,1.0,-0.163097,-0.129384,0.21171,0.506797,0.01058,0.078033,-0.38388,0.34573,0.102033,0.225709,-0.048742,0.146445,0.313402,0.005313,0.156417,-0.048516,-0.236666,-0.113661,0.198645,0.369157,0.02951,0.149548,0.171377,-0.171983,-0.069095,-0.080483,0.308865,-9.5e-05,0.065838,-0.436221,0.260906,0.162214,0.05783,-0.127567,0.024435,-0.476518,0.143555,0.310296,0.117742,0.037175,-0.143362,-0.284924,0.366613,-0.064434,0.129648,0.033378,-0.235015,-0.398334,-0.073524,0.271707,0.390545,-0.10154,-0.437538,0.064371,0.013909,0.228368,-0.016573,0.023019,-0.058033,0.041508,-0.026931,0.367005,-0.166142,-0.023075,-0.15116,-0.049089,-0.042349,-0.264873,0.059194,0.283207,0.090097,-0.249393,-0.297839,0.248435,-0.344334,0.176084,-0.144522,-0.137105,-0.032069,-0.266675,0.055004,-0.091629,-0.330377,0.079679,-0.166485,0.088463,-0.524379,-0.024759,0.250089,-0.289331,-0.406877,-0.017307,-0.283328,-0.149806,-0.039988,-0.172361,-0.192202,-0.370328,0.133711,-0.218684,0.447211,0.269075,-0.285931,-0.08959,-0.003718,-0.246472,-0.109585,-0.103204,0.398689,-0.347003,-0.201687,-0.277111,-0.067332,-0.19636,-0.310656,0.290678,0.442814,-0.086689,-0.11369,-0.275411,0.086958,0.050407,-0.478643,0.010096,-0.375646,-0.268608,-0.145841,0.148348,0.194386,-0.24874,-0.025495,-0.144941,-0.255258,-0.425174,-0.399099,-0.163467,-0.330983,0.166598,-0.177449,-0.052716,-0.331474,0.170704,0.007019,-0.533804,0.034404,-0.29702,0.620595,0.411174,-0.144573,-0.317885,-0.117148,0.032631,-0.119035,0.1359,0.232692,0.410569,0.048234,-0.254161,0.049889,-0.105633,-0.239267,0.134193,-0.00632,-0.251502,0.356232,-0.330632,0.045627,-0.236917,0.549222,-0.287739,0.596625,0.184927,-0.501654,-0.187057,0.132653,-0.074448,0.213363,-0.008096,-0.549467,0.087196,-0.189901,-0.083054,-0.072301,0.284538,-0.221703,0.018894,0.210582,0.025085,0.197495,0.481376,#
10,0.478924,-0.071327,-0.041953,0.0786,0.309859,0.002791,0.120505,-0.309344,-0.020634,-0.163097,1.0,0.196594,-0.060785,-0.085227,-0.122513,-0.092901,0.04185,-0.274349,0.12682,-0.055482,-0.006321,-0.15624,0.008756,0.049015,0.06556,0.275595,-0.105344,0.065304,0.142079,-0.191837,0.008936,0.11725,0.050139,-0.19343,0.010024,0.194151,-0.035706,0.08006,-0.036327,0.237436,-0.228571,-0.241103,-0.150526,0.024322,0.137725,0.278341,-0.217979,0.168228,-0.075634,0.111026,0.073961,0.027784,0.022673,0.059131,0.093943,-0.024429,-0.147723,0.36836,-0.017448,-0.142696,-0.224101,-0.074079,0.006353,0.064503,-0.277983,-0.024492,0.231474,0.258665,-0.111437,-0.147733,0.189848,-0.114213,0.128922,0.044328,-0.034411,-0.016221,-0.151516,-0.109019,-0.239815,-0.148096,-0.131221,0.116781,0.024328,0.063528,0.091663,-0.052492,0.07601,0.115983,-0.022511,-0.019451,-0.210833,0.099232,0.069949,-0.023376,0.071168,-0.143828,0.139706,-0.360456,-0.075425,0.141467,0.285334,-0.131163,0.044904,-0.187354,0.052349,-0.099153,-0.085125,0.279547,-0.080514,0.305527,-0.254965,0.140932,-0.180762,-0.032894,-0.072783,0.155633,-0.220402,0.025847,-0.167301,0.024136,-0.217007,0.346193,-0.033038,-0.056053,-0.083822,0.008868,-0.236062,0.080281,-0.131379,-0.215371,-0.182653,-0.364804,0.016602,-0.12249,0.019767,0.042091,0.077173,-0.093627,0.018075,0.024093,-0.060629,0.244344,0.117304,0.151066,0.092246,-0.185696,-0.045085,0.046378,-0.05785,-0.06219,0.300586,-0.092218,-0.249073,0.038254,0.001214,0.101221,-0.289158,-0.089949,-0.06059,0.052948,-0.081071,-0.092308,0.071083,-0.100977,-0.00525,-0.152498,0.02035,-0.289145,-0.085579,0.045585,0.238804,0.028955,0.17223,0.145621,-0.07887,0.204887,0.059863,0.082586,-0.112884,-0.009249,-0.220736,0.099708,-0.052404,0.002018,0.117719,0.060752,0.079497,0.266306,0.348052,0.18924,0.078492,0.29151,0.212985,-0.142567,-0.09668,-0.136199,-0.109496,-0.14315,-0.138875,-0.436365,#
11,0.135674,-0.014262,-0.154035,-0.073834,0.092377,0.244795,0.193363,0.018541,0.17358,-0.129384,0.196594,1.0,-0.016069,0.090938,-0.016244,-0.068906,-0.105269,-0.118662,0.039143,-0.104843,0.187651,-0.172414,0.087453,0.072314,0.065088,-0.051211,0.110151,0.074443,0.048558,0.086396,-0.021975,-0.036278,0.03481,0.055518,0.072141,-0.093491,-0.021951,-0.065726,0.189825,-0.015501,-0.106471,0.126632,-0.194923,-0.212566,-0.072344,0.262929,-0.099312,-0.000721,0.02698,0.070893,-0.255609,0.109922,-0.026524,0.197971,0.111947,-0.047704,-0.361604,0.095941,-0.33696,-0.077272,-0.170035,-0.211273,-0.079373,0.176781,-0.017758,0.206055,-0.089505,0.346847,0.288405,-0.170038,-0.11207,0.083052,0.088134,0.117622,0.030551,-0.01645,-0.122164,0.048252,-0.238362,-0.13668,-0.22606,-0.332568,0.135,0.038805,-0.124301,-0.346259,-0.15419,-0.14414,0.155577,-0.178284,-0.009435,-0.247754,-0.079841,-0.057973,0.058137,-0.123076,0.085775,-0.139274,-0.133148,0.090599,0.171074,-0.074341,-0.117829,-0.028329,-0.089638,-0.06779,-0.084996,0.08281,-0.122632,0.102843,-0.00733,-0.002795,-0.274491,-0.155581,-0.016255,0.007107,-0.067773,0.165033,0.119539,-0.003167,-0.077519,-0.025303,-0.020052,0.024607,-0.099203,-0.036066,-0.071822,-0.12344,-0.185116,-0.019803,-0.110639,-0.093032,-0.156144,0.050418,-0.173805,0.159326,-0.055681,-0.217057,0.111412,-0.381,-0.013497,0.192593,0.141723,-0.034693,0.163403,-0.313979,0.108985,0.025769,-0.232379,-0.070496,0.185503,0.03586,-0.073473,0.180621,0.172221,0.128315,-0.054347,0.08562,-0.180773,-0.175291,-0.141695,-0.061089,-0.048078,-0.156162,-0.274566,-0.141143,-0.012231,0.10385,0.080753,-0.003,0.261594,0.079174,0.110224,-0.138419,0.123918,0.022699,0.119145,0.368686,0.135577,0.187777,-0.044419,-0.045877,-0.089186,-0.058704,0.281469,0.214143,-0.06786,-0.039784,0.199397,0.123824,-0.140394,0.317803,0.094371,0.075599,-0.208066,-0.030678,-0.016927,-0.204873,-0.049976,-0.242901,#
12,0.144318,0.06205,0.123014,-0.240828,-0.032659,0.081908,0.214456,0.291062,-0.064764,0.21171,-0.060785,-0.016069,1.0,0.433956,0.044341,0.200672,-0.04101,0.349343,0.173189,0.113366,0.086431,0.056523,0.35529,0.083048,0.038372,-0.225125,-0.044292,-0.009499,0.219186,0.157641,-0.004236,-0.037717,-0.02724,0.134061,-0.152904,0.081658,0.102635,-0.078691,-0.007908,-0.002711,-0.033155,-0.007065,0.08298,-0.204036,-0.210234,-0.352246,0.379774,0.162716,0.023998,0.047217,0.025608,-0.204951,0.153986,-0.116896,-0.106391,0.000214,0.103052,-0.305419,-0.018552,0.124208,0.281073,-0.196765,-0.227968,0.193442,0.058726,-0.007758,-0.179806,-0.001583,0.091513,0.025766,-0.149864,0.266995,-0.336544,-0.147379,-0.247171,-0.005998,-0.239269,-0.152053,-0.123139,0.061186,-0.016355,-0.262778,-0.227895,-0.150006,-0.168475,0.013417,-0.000244,0.069283,0.009931,-0.04987,-0.123047,-0.063015,-0.260324,-0.102106,-0.130571,-0.093388,-0.276544,-0.162409,-0.043426,-0.356819,-0.104135,-0.241867,-0.214297,0.021132,-0.120499,-0.034685,-0.212712,-0.164582,-0.04342,-0.204357,0.149669,-0.105625,-0.204251,-0.149793,0.121051,-0.17167,0.00125,0.017475,0.211674,-0.153637,0.028778,-0.292227,-0.286929,-0.181123,-0.293802,-0.017596,0.226786,0.018647,-0.168654,-0.22524,-0.131098,0.016298,-0.241714,0.25658,-0.011099,-0.027031,0.065557,-0.216475,0.002231,-0.233426,-0.339313,0.008992,-0.066708,-0.292807,-0.273926,0.047442,-0.106466,0.339162,-0.246231,0.031775,-0.319774,-0.05628,0.066792,-0.148393,0.010572,-0.265371,0.181236,0.158057,-0.131517,-0.11318,0.042529,-0.027801,0.06957,0.060075,0.252436,0.106665,0.080419,0.222043,-0.080831,-0.019534,-0.121844,-0.156185,-0.305408,-0.184729,0.091548,-0.116894,-0.27793,0.05044,0.135469,-0.277674,0.134417,0.051429,0.159309,-0.101474,0.181929,-0.072993,0.132189,0.125567,-0.150657,0.278678,-0.24941,-0.143056,-0.031695,0.201099,0.066608,0.14031,0.095179,0.004811,0.117946,0.308016,#
13,0.074716,0.206362,0.023484,-0.47191,-0.164322,0.066421,0.258094,0.102393,0.178118,0.506797,-0.085227,0.090938,0.433956,1.0,0.114469,0.056678,-0.375613,0.090203,0.396482,0.379833,0.209777,0.200563,0.377428,-0.079942,0.029152,-0.110015,0.158614,0.137794,0.292628,0.104277,0.208281,0.170142,-0.075634,-0.022011,-0.281285,-0.136346,0.068993,0.089799,0.058003,-0.30525,0.059558,0.326289,0.021302,-0.224639,-0.098962,-0.546133,0.211757,0.237634,-0.163922,-0.01497,0.06063,-0.204566,0.080364,-0.214476,-0.190501,0.059773,-0.226123,-0.275118,-0.166004,-0.00167,0.452275,-0.071533,-0.28232,0.06922,0.224689,0.158981,-0.196035,-0.060199,-0.000581,0.024302,-0.179716,0.381734,-0.009443,-0.263146,-0.266008,0.072781,-0.153653,-0.10947,-0.040673,0.264234,0.104164,-0.320685,-0.315406,0.041205,-0.314409,0.242376,-0.255262,-0.136591,-0.077055,-0.150645,-0.128946,-0.131044,-0.270791,-0.127562,-0.13421,-0.135925,-0.359363,-0.070777,0.239466,-0.291598,-0.299651,-0.125703,-0.322,-0.360054,-0.157681,-0.103246,-0.057238,-0.393338,-0.010533,-0.221495,0.269096,0.111996,-0.510555,-0.06314,0.251083,-0.199139,-0.222012,-0.124268,0.401208,-0.232205,-0.040068,-0.194781,-0.011883,-0.2675,-0.320291,0.122396,0.228467,-0.097837,-0.214001,-0.331579,-0.023931,-0.160708,-0.370589,-0.072555,-0.071447,-0.210068,0.102531,-0.134821,0.21416,-0.42877,-0.057558,0.097169,-0.018529,-0.354615,-0.406646,0.013339,-0.16895,0.242073,-0.321948,0.144061,-0.248554,0.212559,0.144597,-0.344873,-0.129333,-0.190969,0.496839,0.204346,-0.117593,-0.324515,0.047891,-0.07055,0.115314,-0.185605,0.151568,0.48521,0.163797,0.062097,-0.128859,-0.062432,-0.302398,0.036961,-0.169364,-0.303603,0.112302,-0.338874,-0.01775,0.018068,0.443495,-0.293266,0.303253,-0.187214,-0.18268,0.0465,0.083077,-0.048584,-0.103942,0.139508,-0.317737,0.158269,-0.159023,-0.073673,-0.087472,0.236369,0.022825,-0.137599,0.131316,-0.132118,0.113917,0.359108,#
14,0.019083,0.037241,-0.202335,-0.000258,-0.150434,0.114892,-0.01627,0.258056,-0.021687,0.01058,-0.122513,-0.016244,0.044341,0.114469,1.0,-0.114966,0.036523,-0.00142,0.083148,0.094945,0.261829,-0.013357,0.175208,0.166198,-0.10927,0.043588,0.241777,0.024331,0.05925,-0.088298,-0.119004,0.146393,0.135796,0.053108,-0.137576,-0.307874,-0.121286,0.036623,-0.152775,-0.198946,-0.024286,0.249971,-0.003518,0.176848,0.260791,-0.138549,0.148053,0.033179,0.062454,-0.057315,0.025145,0.017282,0.186391,-0.179097,-0.041567,0.397447,0.093331,-0.144006,-0.151231,0.079144,0.185449,0.083093,-0.099472,0.077135,0.04677,-0.039184,-0.031522,-0.219518,-0.069035,-0.117363,-0.132906,0.019516,0.127983,0.119514,-0.050506,-0.080889,-0.180835,0.187629,-0.245876,0.376577,0.071658,-0.159364,-0.065178,0.01951,-0.03581,0.135343,0.226022,-0.026088,0.10719,-0.066762,-0.063946,0.004059,0.155457,-0.150204,-0.055809,0.053476,-0.142575,0.028965,-0.056913,-0.167964,-0.048745,0.187328,-0.172125,-0.288551,-0.207036,0.060895,-0.303471,-0.055959,0.17399,0.071686,-0.029949,0.096856,0.089233,0.160539,0.20123,-0.019575,-0.058662,-0.078444,0.078478,-0.331068,0.024635,-0.306428,0.063612,0.120645,-0.174181,-0.22999,-0.012436,0.053987,-0.220464,0.102815,-0.050513,0.030483,-0.171159,-0.069442,-0.058937,0.047906,-0.228143,0.023956,0.040566,-0.096901,-0.043988,-0.060065,-0.201546,0.145706,-0.181022,-0.12713,0.061102,0.030849,-0.186851,0.19495,-0.114542,-0.125556,0.089165,0.115884,-0.220519,0.093102,0.19133,0.099028,-0.092352,0.372623,-0.023062,0.002716,-0.061008,-0.225528,0.059398,0.140086,0.122145,0.024554,0.01964,-0.081898,-0.29466,-0.156944,-0.155516,0.119276,0.043573,-0.187961,0.019467,-0.100771,0.265792,0.002536,-0.07805,0.18295,0.21503,0.011591,0.055223,-0.055372,0.232238,-0.146306,0.096821,-0.040216,-0.040754,-0.092882,-0.014479,0.065711,-0.133638,0.121386,-0.114673,-0.118727,-0.052942,-0.100646,#
15,-0.005008,0.150597,0.116337,-0.190885,-0.126622,0.015856,0.234053,0.076455,-0.109924,0.078033,-0.092901,-0.068906,0.200672,0.056678,-0.114966,1.0,0.227761,0.329495,-0.094074,0.176261,-0.266161,0.135545,0.131912,-0.059544,0.127036,0.01691,-0.195594,0.109347,0.139615,-0.006148,0.027788,-0.021753,0.05816,0.007175,-0.026094,0.054847,0.148976,0.146159,0.095652,-0.094577,-0.033365,-0.075622,0.299774,0.19342,-0.21272,-0.102513,0.171438,0.040525,0.017226,0.249383,0.20691,-0.228784,-0.032162,-0.078381,0.156045,-0.08707,0.052043,-0.295853,0.082155,0.048156,-0.043579,0.207412,0.024676,0.125484,-0.051173,-0.129533,-0.06438,-0.083161,-0.35427,-0.072089,0.138623,0.299879,0.110256,-0.142365,-0.066694,0.259276,0.023777,-0.18673,0.236671,0.076417,0.074239,-0.029093,-0.269731,0.18575,0.00414,-0.201269,0.009531,-0.289458,-0.070281,0.28998,-0.105378,-0.023554,-0.220308,0.095483,-0.211823,-0.189791,0.095379,-0.032534,0.073509,0.069989,-0.102851,0.157089,-0.288717,0.23774,-0.032789,0.097505,0.08708,-0.045204,0.043877,-0.187879,-0.007815,-0.018693,0.058333,0.013052,-0.136649,-0.066578,0.146517,-0.241967,0.047827,-0.144182,-0.039504,0.09476,-0.263536,-0.124728,-0.013404,-0.107095,-0.066938,0.274574,0.00998,-0.091336,-0.057327,-0.077611,-0.034227,0.262295,0.018322,-0.087293,-0.083048,-0.335639,-0.086183,-0.011127,0.007935,0.071712,-0.243313,-0.279557,-0.120691,0.215723,-0.010576,0.257198,-0.113216,-0.198568,-0.169979,-0.028724,0.047241,0.009402,-0.004573,0.141346,-0.032225,0.269057,0.037951,-0.034328,0.108811,-0.154032,0.167581,-0.07635,0.256209,0.098819,-0.102207,0.253226,-0.115244,-0.07055,0.108587,0.101621,0.114121,-0.138373,-0.059727,0.00957,-0.03867,0.236245,-0.026512,-0.232271,0.196787,-0.18265,0.016167,0.183269,-0.02054,-0.039982,0.176009,-0.014211,-0.038945,-0.002558,0.015618,-0.091265,-0.071393,0.220635,0.042155,0.038397,0.112385,0.032582,0.388845,0.2931,#
16,-0.055846,0.144701,-0.116312,0.218817,0.174441,0.059709,0.1205,0.094277,-0.180756,-0.38388,0.04185,-0.105269,-0.04101,-0.375613,0.036523,0.227761,1.0,-0.03445,-0.130819,0.027108,-0.123835,-0.1215,-0.164557,-0.019059,-0.299628,0.140557,-0.14581,0.12851,0.032448,-0.213344,-0.220043,-0.062378,0.125407,0.115194,0.138271,0.081761,-0.271803,-0.239179,0.044555,0.357029,-0.106061,-0.307294,-0.020071,0.197169,-0.076132,0.271446,-0.076034,-0.440951,0.001691,0.244997,0.183929,-0.090031,-0.150058,0.055071,0.187019,0.083037,0.412212,-0.036135,0.129211,-0.125472,-0.391081,0.149479,0.211537,-0.119214,-0.138917,-0.219775,0.043447,-0.056167,-0.296354,-0.265306,0.050821,-0.267629,0.020885,-0.00502,-0.116052,-0.019275,0.056576,-0.14943,0.031295,-0.05567,-0.128319,0.164342,0.190991,-0.108773,0.034938,-0.087312,0.307166,-0.069913,-0.035766,0.169744,-0.085568,0.038947,-0.00199,-0.033811,0.104705,0.013263,0.349234,-0.162895,-0.138436,0.169322,0.090944,0.277808,0.167663,0.200222,-0.150425,-0.044558,0.101058,0.086186,-0.013481,-0.082977,-0.28787,-0.110327,0.30161,0.226635,-0.352947,-0.038749,0.179609,0.046817,-0.172718,-0.046774,-0.114544,0.095185,-0.329227,0.05987,0.147386,-0.318277,-0.374129,-0.017771,-0.015511,0.108887,-0.094804,-0.132833,0.186019,-0.018922,0.155687,0.110006,0.295417,-0.208753,-0.347798,0.120868,0.108987,-0.058132,0.063499,0.291478,0.001162,-0.035175,0.000408,0.023401,0.110639,-0.182826,0.136174,-0.144483,0.278282,0.052939,-0.044386,-0.02313,-0.307266,-0.051776,0.001871,0.36623,-0.186843,-0.028994,0.165885,-0.19478,-0.232986,-0.205298,0.017765,0.04686,-0.096713,0.056028,0.127886,-0.037199,0.038293,0.095096,-0.204103,0.224394,-0.099722,0.190498,-0.240057,-0.063355,-0.214286,0.019951,0.531065,0.062369,-0.134805,-0.218963,0.03159,-0.045173,0.25525,-0.049031,-0.027362,0.13358,-0.178884,-0.135857,0.072015,0.146269,-0.101936,-0.002038,-0.111794,-0.126692,#
17,-0.368153,0.090654,0.379924,-0.027133,-0.298592,0.040989,0.207953,0.180521,0.021982,0.34573,-0.274349,-0.118662,0.349343,0.090203,-0.00142,0.329495,-0.03445,1.0,-0.207111,0.176936,-0.215995,-0.16814,0.15595,-0.033707,0.190819,0.10366,0.060867,-0.119503,0.077421,0.123264,-0.02164,-0.151764,-0.109304,0.082653,-0.130228,0.035558,0.104163,0.106753,0.054236,-0.302943,0.028644,-0.064537,0.181105,0.076456,-0.05069,-0.233332,0.060501,0.04412,0.198273,0.075676,-0.046279,-0.086522,0.275511,0.081,0.137949,0.055922,0.062531,-0.36762,-0.029034,0.032167,0.220023,0.025626,-0.112631,-0.031104,0.13378,0.076348,0.026019,0.004836,-0.045083,0.071695,-0.089002,0.182425,-0.292083,-0.079772,-0.088089,-0.055949,-0.008202,-0.158395,0.01564,0.188708,-0.025384,-0.116214,-0.192201,0.399522,-0.302482,-0.027694,-0.122527,-0.145974,-0.171507,-0.010434,-0.085048,-0.131292,-0.398,0.053852,-0.188632,-0.014355,-0.186369,0.024318,0.055504,-0.095515,-0.454615,-0.193535,-0.209666,0.206301,-0.0797,-0.122937,0.029508,-0.164232,0.201117,0.027543,0.133841,-0.065075,0.0206,-0.052841,-0.039095,-0.235601,0.0155,-0.126251,0.158945,-0.148661,-0.066113,-0.147919,-0.289137,-0.276407,-0.251617,-0.000757,0.190792,0.173256,-0.174,-0.015639,0.185642,0.198521,-0.221863,0.059279,-0.13542,-0.169721,0.082201,-0.050741,-0.161509,-0.111512,-0.174733,-0.070354,-0.090064,-0.282203,-0.070851,0.123501,-0.140583,0.424217,-0.049554,-0.136699,-0.269894,-0.036737,0.101102,-0.188057,-0.080907,-0.065888,0.034139,0.334717,-0.010464,-0.122813,0.076265,0.013248,-0.211132,0.24012,0.219993,0.144774,-0.143569,0.006866,0.014842,0.001319,-0.077695,-0.028939,-0.124968,-0.201503,-0.000367,-0.160182,-0.135693,-0.014765,0.037226,-0.159361,0.35939,0.043743,-0.048605,-0.090838,0.243582,-0.127354,0.301809,0.153684,-0.389046,-0.02172,0.004349,-0.282126,-0.216204,0.151218,-0.181594,-0.076959,0.175999,0.139034,0.114455,0.426845,#
18,0.404406,0.32453,-0.053022,-0.141289,0.046608,0.106588,0.228622,0.040331,-0.020441,0.102033,0.12682,0.039143,0.173189,0.396482,0.083148,-0.094074,-0.130819,-0.207111,1.0,0.036891,0.211713,0.12419,0.206719,0.018236,0.027153,-0.002633,-0.010235,0.116285,0.348061,-0.036357,-0.063942,0.208054,-0.022097,-0.009763,-0.156922,0.045322,-0.025541,-0.045051,-0.194016,0.150836,0.131415,0.175414,0.009126,-0.236254,0.109293,-0.094166,0.025763,-0.021324,-0.239731,0.029982,0.068763,-0.012867,0.156139,-0.04471,-0.050306,0.066763,-0.054655,-0.144384,-0.080772,-0.035766,0.207821,-0.273886,-0.173272,0.050023,-0.006983,0.099751,-0.312546,-0.005947,-0.032666,0.010346,-0.172578,0.160997,-0.002177,-0.337021,-0.258127,0.035748,-0.081921,-0.106704,-0.213534,0.104729,0.200657,-0.184409,0.011244,-0.345416,-0.011694,0.060802,-0.124186,-0.157319,-0.106456,-0.219914,-0.282363,-0.132118,0.08679,-0.37484,0.217568,-0.237755,-0.227685,-0.074733,0.015742,-0.061504,0.107071,0.025818,-0.003284,-0.377914,-0.126959,-0.086822,-0.219816,-0.094321,-0.291065,-0.081601,0.014372,0.170525,-0.320047,-0.067855,0.25812,0.147587,-0.118985,0.078797,0.202513,-0.131278,-0.035653,0.031305,-0.059566,0.000303,-0.363555,0.003548,0.045725,-0.084418,-0.092124,-0.116741,-0.124306,-0.272185,0.072489,0.014354,0.043624,0.004089,-0.022397,0.114162,0.265712,-0.180003,-0.287034,0.035284,-0.039892,-0.143309,-0.096349,-0.011447,-0.259376,0.104046,-0.398395,-0.026843,-0.07916,-0.07721,-0.003372,-0.259691,0.071251,-0.119912,0.1406,-0.002555,-0.326816,-0.152789,0.099162,0.08168,0.012666,-0.304614,-0.041923,0.225081,0.307569,0.134413,-0.300374,-0.152457,-0.018153,0.014377,-0.021553,0.092871,-0.032256,-0.067623,-0.146158,0.111475,0.284795,-0.136093,-0.064552,-0.151003,-0.004195,0.389634,-0.044936,0.010774,0.26354,0.109973,0.103399,0.072132,-0.213559,0.070246,0.053931,0.086337,0.073605,-0.056505,0.016819,-0.253112,-0.05515,-0.038346,#
19,-0.050774,-0.042506,0.058371,-0.230125,-0.087587,-0.142657,0.109162,-0.104253,0.134694,0.225709,-0.055482,-0.104843,0.113366,0.379833,0.094945,0.176261,0.027108,0.176936,0.036891,1.0,0.039372,0.131354,0.138954,0.025641,-0.226182,-0.083296,0.260006,0.041344,0.221768,-0.165629,0.034137,0.282159,0.293689,0.05985,-0.146424,-0.270957,0.094057,0.151241,-0.068708,-0.132374,0.144861,-0.014312,0.099134,-0.073313,-0.140464,-0.346585,0.079766,0.298741,-0.096641,-0.061945,0.04814,-0.209267,0.179043,-0.040276,-0.146426,0.064026,-0.029878,-0.201352,0.199069,-0.019054,0.217393,0.005918,-0.100715,-0.132733,0.029752,-0.080753,0.072774,-0.027784,-0.099573,0.22167,-0.001076,0.172826,0.265888,-0.239739,-0.271788,-0.249621,0.138673,-0.049997,0.294856,0.311314,0.274803,0.184052,-0.107059,-0.028975,-0.041103,0.505852,-0.010836,-0.230504,0.176504,-0.077311,-0.127367,0.259663,-0.079994,-0.034349,0.076354,0.130994,0.061313,-0.09724,0.042396,0.045359,-0.359021,0.216742,-0.07531,-0.118015,0.296296,0.082716,0.145316,-0.10181,0.308997,-0.164732,0.078295,-0.155702,0.109408,0.118069,0.172736,-0.082225,-0.034882,-0.041907,0.175136,-0.256987,-0.047026,-0.060657,0.019914,-0.144709,-0.021997,0.272703,0.243426,0.136025,0.196527,0.233168,0.463458,-0.090268,-0.012616,-0.094535,0.23573,0.056239,0.123433,0.068955,0.095581,0.186286,0.230012,0.148857,0.022112,-0.027961,-0.171831,0.108676,0.005954,-0.02152,-0.044918,0.021983,-0.034901,0.117596,0.368172,-0.194292,-0.085357,0.047468,0.248029,0.027029,0.00485,-0.049494,0.313308,-0.008503,0.173468,-0.168713,0.056069,0.13529,0.308523,0.034263,-0.03036,0.190412,-0.293812,-0.127879,-0.211633,-0.093202,-0.23739,-0.035828,0.190992,-0.140705,0.216983,-0.110464,0.135955,-0.029985,-0.116118,-0.024186,-0.24823,-0.357513,0.235407,0.214967,-0.273244,-0.035918,0.134143,-0.191627,-0.305558,0.048287,0.259274,-0.161246,-0.344887,-0.123627,0.325739,0.108363,#
20,0.086518,0.192335,-0.215179,0.110337,-0.115547,0.026212,-0.103417,0.295175,-0.21847,-0.048742,-0.006321,0.187651,0.086431,0.209777,0.261829,-0.266161,-0.123835,-0.215995,0.211713,0.039372,1.0,0.071226,0.082995,-0.038661,-0.139608,-0.144066,0.230042,0.004329,-0.279415,-0.139944,0.035386,0.147461,0.37295,0.141828,-0.412169,-0.383927,-0.138749,-0.187953,0.014711,-0.024025,0.116483,0.168498,-0.253215,-0.03036,0.166319,-0.097317,0.132227,-0.003491,-0.030949,-0.101309,-0.14968,0.219152,0.054592,0.071544,-0.066015,0.104631,0.00357,0.031723,-0.409847,0.080092,-0.075405,-0.140027,-0.141319,0.096408,0.190333,0.093379,-0.174575,0.002709,0.164233,0.093179,-0.125911,0.108666,-0.030366,0.107594,-0.221599,-0.224477,0.011715,0.245358,0.037607,0.152427,0.206342,-0.138682,0.123195,-0.088092,0.162102,0.084343,0.054727,0.202401,0.451306,-0.041584,0.105476,0.100787,0.196913,0.064813,0.267713,0.158709,-0.082055,-0.196404,0.145124,-0.094723,0.087579,0.175111,0.201329,-0.052858,0.038703,0.144409,0.047396,0.041734,-0.07765,-0.047873,-0.056972,0.059675,-0.136767,0.104779,0.271095,0.156499,-0.000394,0.061636,-0.011118,0.019752,0.183506,-0.25917,0.109421,0.105375,0.058416,-0.034633,0.039153,-0.399694,-0.048233,0.032957,0.080106,0.03613,0.037492,-0.132523,0.196631,0.310002,0.141983,0.17695,0.221064,-0.030275,0.04098,0.246714,0.120627,0.177257,-0.030396,-0.131006,0.103977,-0.189664,0.045803,0.155848,0.232742,0.061121,0.032585,0.192456,0.064777,0.022933,0.055734,-0.218788,-0.070934,0.164831,0.0232,0.011772,-0.064726,-0.287595,-0.050609,-0.062592,0.269824,0.122081,0.078195,-0.117258,-0.053507,0.028413,-0.180487,-0.094757,0.084147,-0.022906,0.110567,-0.236963,0.156312,0.138181,-0.282764,-0.098177,0.119867,0.052114,0.037254,-0.028291,-0.105858,-0.124729,-0.088258,0.141697,0.069745,-0.089588,-0.085922,-0.11556,-0.020925,-0.251036,-0.094038,-0.533512,-0.261202,-0.188628,#
