0,1.0,0.232623,0.050389,-0.22215,0.40374,0.003288,0.267651,-0.001293,0.434303,0.064401,-0.086929,0.296519,0.449908,0.20158,0.032824,0.021517,0.027703,0.034079,0.19938,-0.213518,-0.279006,0.013825,0.223624,-0.19516,-0.151359,-0.273553,-0.179926,-0.101191,0.223088,0.186015,-0.357614,0.01168,-0.189122,-0.175977,-0.282947,0.048138,0.173011,0.016422,0.090264,-0.025651,0.171951,-0.098898,0.004332,0.119035,-0.110308,-0.195342,0.45641,0.218782,-0.067655,0.22351,-0.01536,-0.076637,0.107818,-0.00603,-0.055542,-0.021579,-0.216327,0.006216,-0.07737,0.06118,0.139153,0.1326,-0.005973,-0.069217,0.152687,0.348695,0.002067,0.094712,0.277425,-0.084982,0.168376,-0.272886,-0.123488,-0.227869,-0.264385,0.273423,-0.162973,-0.242803,-0.272959,-0.017288,-0.193134,-0.321982,-0.185058,0.067051,-0.07872,-0.147491,-0.285979,-0.212034,0.017486,-0.292297,-0.143151,-0.122835,-0.160109,0.108995,-0.140526,-0.130543,-0.242871,-0.262233,-0.057636,-0.289346,0.103425,-0.408704,-0.135504,-0.198432,-0.19843,-0.071499,-0.202432,-0.055634,-0.244089,-0.03473,0.092578,-0.100136,-0.072318,-0.228785,-0.306526,-0.325372,-0.313344,-0.243472,0.13424,-0.572118,-0.276121,-0.340547,-0.265188,-0.329016,-0.273356,-0.032536,-0.322296,-0.00489,0.022857,-0.269856,-0.056455,-0.155145,-0.105167,0.09993,-0.294592,-0.420309,-0.009308,-0.362395,0.007787,-0.278773,-0.102729,-0.210814,-0.334789,-0.20274,-0.329077,-0.061647,-0.432802,0.275686,-0.271123,-0.250458,-0.331328,-0.389144,-0.099174,-0.167632,-0.290546,-0.18329,0.342127,0.355087,-0.257776,-0.209053,-0.188589,-0.102382,-0.290518,-0.063964,0.100458,-0.02325,0.048717,-0.037908,-0.243881,-0.240133,-0.046287,0.213346,-0.131687,-0.215659,0.260356,-0.060799,-0.035766,0.224734,0.357848,-0.40257,0.087124,0.118547,-0.057715,-0.008263,0.375564,-0.004461,0.271073,0.175783,-0.2074,0.4566,-0.118401,-0.030249,0.37972,0.386768,-0.016478,0.12411,0.327977,-0.31232,-0.15686,0.08266,#
1,0.232623,1.0,0.069226,0.088288,0.217212,-0.114555,0.004227,-0.004154,0.155071,0.174326,-0.233301,0.051168,0.088819,0.036524,0.169385,-0.065576,-0.204676,0.196405,0.11179,-0.03185,-0.010128,0.154453,0.145411,-0.027324,-0.181024,-0.096072,0.083187,0.107006,0.194549,0.282113,-0.409142,0.253184,0.022635,0.18392,-0.180766,-0.009327,0.272547,-0.091561,0.043268,-0.117234,0.139416,0.064438,0.253407,0.105838,-0.24618,-0.346023,0.346531,0.302604,0.060525,0.216926,0.052729,-0.219635,0.085645,0.056265,-0.022597,-0.012838,-0.154934,-0.109394,-0.142127,0.028305,-0.085409,0.020381,-0.089065,0.1111,0.046007,0.04515,0.180596,0.147199,0.13363,0.06322,0.034289,-0.19671,0.077735,0.02487,-0.063991,0.089837,-0.077995,-0.111221,-0.145649,-0.210165,-0.183766,-0.208521,-0.30194,0.17544,-0.211088,-0.115501,-0.185424,-0.015869,0.012048,-0.012001,0.039694,-0.023288,-0.231157,0.287558,-0.216883,0.065152,0.007225,-0.084113,-0.109542,0.000272,0.035495,-0.141333,-0.315928,-0.023336,-0.436908,-0.175045,-0.28164,-0.114491,-0.051578,-0.143558,0.132377,0.216514,-0.041764,-0.232782,-0.022363,-0.054727,-0.143867,-0.178181,0.214269,-0.14632,-0.197283,-0.057612,-0.118865,-0.259974,0.065141,-0.045082,-0.14834,-0.087781,0.096491,0.00738,-0.088576,-0.091631,-0.110701,0.105155,-0.12203,-0.078652,-0.164975,-0.116514,0.100265,-0.160494,-0.041454,0.123051,-0.061855,-0.250461,-0.200718,-0.263105,-0.104552,0.167266,-0.22861,-0.157902,-0.190172,-0.216714,-0.101464,0.016658,-0.098916,0.007126,0.097897,0.169502,-0.03451,-0.022522,-0.034432,-0.02746,-0.047995,0.037015,0.08016,0.214339,0.113222,-0.114659,-0.272147,0.121358,-0.357049,0.099441,-0.158661,-0.124184,0.136852,0.152146,-0.042194,-0.079985,0.063535,-0.202845,-0.017522,0.05497,-0.117313,-0.137319,0.009229,-0.152288,0.150189,-0.105164,-0.265174,0.164421,-0.051994,0.077503,0.112862,0.149296,-0.035544,-0.099406,0.15303,-0.23244,-0.089269,0.01876,#
2,0.050389,0.069226,1.0,0.379875,-0.000569,-0.326393,0.00918,-0.071275,-0.019815,0.138582,-0.06427,-0.05417,-0.002852,-0.063968,-0.209494,-0.180063,-0.06642,0.161532,0.098023,-0.076837,-0.0846,-0.01831,-0.002609,0.080435,-0.002234,-0.103702,0.217107,-0.388055,-0.07448,0.032823,-0.127851,0.096762,-0.055649,0.00526,-0.26776,-0.101043,-0.050475,0.045321,0.069946,-0.179995,0.026677,0.102481,-0.022848,-0.125837,0.266483,-0.2691,0.148194,0.224209,-0.213732,0.085474,-0.25815,0.037028,-0.084387,0.275776,-0.145835,-0.218945,-0.130412,-0.035881,-0.16176,-0.026486,-0.140011,-0.052718,-0.186092,-0.195169,0.002507,0.027978,-0.19035,-0.070418,-0.145927,-0.041099,0.074941,0.048748,-0.032842,0.237962,-0.081799,0.15804,-0.083108,-0.055154,-0.082563,0.00997,0.035826,0.035384,-0.067061,0.221817,0.024991,-0.151913,0.084353,0.038197,-0.158857,-0.172534,0.033882,-0.315718,0.133457,0.015302,-0.250107,0.271901,0.189139,0.224094,-0.012238,0.00177,-0.132536,-0.038988,0.034792,0.104118,-0.181775,-0.027497,0.091146,0.070163,0.060321,0.24076,0.228322,0.08239,0.042865,0.045548,0.149111,-0.028226,-0.063571,-0.221235,0.06485,-0.007866,-0.235953,0.006059,0.099514,-0.031454,-0.086233,0.096371,-0.180058,-0.025845,0.059582,0.176396,0.271423,-0.045879,-0.019852,0.042442,0.220216,0.021922,0.279316,0.215973,0.033751,-0.210253,0.216861,0.292836,0.044499,-0.237581,-0.070768,0.146326,-0.045593,-0.001572,-0.268434,0.166398,-0.113297,0.295214,0.346271,-0.032435,-0.022873,0.007393,0.042087,0.081466,0.088444,-0.031722,0.122744,-0.020144,0.341282,-0.00769,-0.018848,-0.061408,-0.238298,-0.344428,0.039725,0.003724,-0.064367,0.010168,-0.052932,0.037156,-0.053758,0.099053,-0.179798,-0.024483,-0.172289,-0.067143,0.056591,-0.008866,-0.067347,-0.04784,-0.307439,0.135163,-0.049562,-0.043509,-0.006963,-0.00805,0.246419,0.024204,-0.056106,-0.014818,-0.098738,-0.193618,-0.134265,0.114438,0.20883,-0.231711,#
3,-0.22215,0.088288,0.379875,1.0,-0.083346,-0.30125,-0.235558,-0.17025,-0.204117,-0.098908,0.171251,-0.341817,-0.182099,-0.211507,-0.140003,-0.190688,0.0351,0.044706,0.153201,0.094352,0.013478,-0.078764,-0.161614,0.002227,0.032981,0.181793,-0.011342,-0.013305,0.005059,-0.133807,0.207188,0.037736,0.159205,-0.085416,-0.19652,-0.310016,-0.172984,0.0261,0.028806,0.147265,0.051626,-0.064524,0.100985,-0.073069,-0.025487,-0.089217,-0.203481,-0.220884,-0.084226,-0.093077,-0.259207,0.270716,-0.058756,0.347198,-0.063982,0.126212,0.09163,-0.095828,-0.040089,-0.19515,-0.195747,-0.070523,0.010582,-0.11098,-0.235735,-0.320862,0.113923,-0.120462,-0.405874,0.163388,0.004524,0.296297,0.206482,0.467167,0.095365,-0.058513,0.155355,0.001453,0.250414,0.192406,0.080628,0.159377,0.023031,0.155286,0.060933,0.012805,0.140916,0.264762,0.066487,0.135069,0.086391,0.145002,-0.044284,0.113932,0.066632,0.229953,0.267515,0.309267,0.045898,0.231806,-0.113239,-0.05113,0.273733,0.207992,-0.060747,0.092029,0.231171,0.202142,0.262861,0.244789,0.154669,-0.115827,-0.02054,0.027942,0.144633,0.138457,0.393937,0.073102,0.034598,0.290252,0.118827,0.014651,0.255354,0.145889,0.166003,0.204986,-0.136888,-0.025054,0.164293,0.224851,0.127036,0.076862,-0.148868,-0.077264,0.226976,0.256425,0.152003,0.186711,-0.155239,0.248905,0.140409,0.330811,0.31364,-0.15315,0.055813,0.149796,0.092274,-0.223768,0.095995,0.328947,0.171573,0.404527,0.227463,0.100193,0.300957,0.124351,-0.242258,-0.336707,0.343392,-0.040712,-0.08035,0.057507,0.036899,-0.090439,-0.224661,-0.152497,0.01879,-0.238449,0.108641,0.070359,-0.298996,-0.232669,0.005385,0.188413,-0.14612,0.167237,0.061815,-0.131599,-0.314043,0.340901,-0.389212,-0.011585,-0.058517,-0.156371,-0.092136,-0.082208,-0.08413,-0.135104,0.155303,-0.346675,0.293157,-0.100268,-0.244093,-0.202051,-0.148593,-0.216333,-0.282743,0.160757,-0.270237,-0.091508,#
4,0.40374,0.217212,-0.000569,-0.083346,1.0,-0.006769,0.213711,-0.136083,0.090644,0.310758,-0.090698,0.184805,0.284597,0.117428,0.046056,-0.105526,0.090357,-0.048014,-0.197672,-0.194041,0.02217,0.040977,0.272379,-0.055242,-0.276158,-0.03282,-0.015149,-0.099629,0.000329,0.205966,-0.257869,0.034865,-0.284107,0.119146,-0.343895,0.136201,0.04304,-0.204343,0.204267,0.029736,0.100661,-0.150972,0.081746,0.112206,-0.109411,0.01101,0.166755,0.300615,0.075765,0.005376,0.128781,-0.458211,-0.037986,-0.069554,0.247537,-0.345146,-0.374075,0.3402,-0.153567,-0.066351,0.166166,0.193775,-0.172425,0.040179,0.132468,0.375079,-0.061938,0.210336,0.284039,-0.077616,0.02951,-0.51255,0.170529,-0.550633,-0.251726,0.344235,-0.407671,-0.328895,-0.319785,-0.144821,-0.340289,-0.36366,-0.392911,-0.131809,-0.281743,-0.467244,-0.528966,-0.31136,-0.16645,-0.164056,-0.385205,-0.192294,-0.288897,-0.086862,-0.373498,-0.31542,-0.317937,-0.05481,-0.075958,-0.089714,0.229144,-0.257341,-0.117489,-0.231996,-0.383095,-0.529228,-0.282602,-0.207785,-0.155696,-0.017837,0.0712,0.03915,-0.300169,-0.437955,-0.325906,-0.027065,-0.245837,-0.499454,-0.093771,-0.307105,-0.310888,-0.33029,-0.247226,-0.188588,0.034682,-0.069223,-0.479321,-0.010511,-0.248359,-0.126553,-0.284587,-0.083208,-0.426849,-0.016228,-0.167856,-0.469558,0.045128,-0.455064,-0.023468,-0.307766,-0.280668,0.049321,-0.075484,-0.124123,-0.508649,-0.272118,-0.273074,0.396469,-0.447062,-0.212442,-0.446693,-0.226824,-0.239282,-0.27272,-0.301218,-0.228048,0.240753,0.315842,-0.334718,-0.358693,-0.054672,-0.203313,-0.164716,-0.15083,-0.132109,0.34685,-0.079223,-0.042135,-0.259823,-0.13251,0.098955,0.004673,-0.366326,-0.458134,0.098088,-0.282935,-0.228955,0.143311,0.188543,-0.277593,0.101796,0.038976,0.179333,0.181022,0.297115,-0.095446,0.309236,-0.128899,-0.09694,0.400513,-0.154294,0.32173,0.42445,0.340834,0.104595,0.014402,0.260095,-0.289611,-0.392578,0.198071,#
5,0.003288,-0.114555,-0.326393,-0.30125,-0.006769,1.0,0.217883,0.237347,-0.045783,0.035531,0.010579,0.074797,-0.194461,0.481887,0.233199,0.091077,-0.034929,-0.111695,-0.088811,-0.142835,0.147237,0.072741,0.03962,-0.289101,0.121274,-0.154183,0.011646,0.075787,-0.016751,0.00671,0.159747,0.236059,0.10666,-0.135661,-0.151048,0.05004,-0.116943,0.029071,0.118859,-0.067124,-0.095768,0.082564,0.102366,0.286638,-0.077434,0.057823,-0.057548,0.038883,0.166468,0.154544,0.226516,0.016052,0.20493,-0.289066,-0.079376,0.091024,0.17786,0.183372,-0.039521,0.315918,0.306244,0.113685,-0.158375,0.303058,0.043789,0.096282,-0.164516,0.297579,0.069906,-0.184059,-0.139642,-0.190069,0.121654,-0.140254,-0.027799,-0.000829,0.214892,0.162336,-0.274427,-0.03007,-0.101327,-0.077351,0.118692,-0.140185,-0.028648,0.104464,-0.028773,-0.244336,-0.117108,-0.188229,-0.090183,-0.017263,0.000144,-0.17301,0.116832,-0.133721,-0.116238,-0.141444,0.054442,-0.2407,-0.083887,-0.066806,-0.011741,-0.296031,0.131023,-0.098951,-0.094364,-0.351276,-0.215243,-0.485747,-0.062121,0.14322,-0.164197,-0.162618,-0.188743,-0.231248,-0.027504,-0.112381,-0.077564,-0.177714,-0.043851,0.114762,-0.019244,-0.121068,-0.188848,0.049797,0.029904,0.012112,-0.117959,-0.252054,-0.028749,-0.081555,-0.128051,0.089195,-0.134545,-0.118082,0.100313,-0.143125,-0.166052,-0.05333,-0.124636,-0.286964,-0.399474,-0.201154,0.053323,-0.022148,-0.002849,0.06566,0.189859,-0.157856,-0.038049,0.00553,-0.135798,0.240707,-0.142284,-0.063354,0.272048,0.132046,-0.257344,0.161108,-0.108591,-0.077535,-0.038824,0.081638,0.027492,0.143513,0.351344,0.317013,-0.034087,-0.035141,0.247278,0.083575,0.16054,0.146274,0.280314,-0.025222,0.019515,0.030755,0.244649,-0.055104,0.176868,0.14563,0.062757,0.146251,0.147489,-0.301717,0.051484,0.035435,0.041875,0.223729,-0.025691,-0.082465,0.172289,-0.176007,0.19472,0.148988,0.104457,-0.240829,0.028297,0.247928,#
6,0.267651,0.004227,0.00918,-0.235558,0.213711,0.217883,1.0,0.267027,0.46245,-0.025768,0.199708,0.235012,0.119436,0.051318,0.165536,0.162298,-0.180055,-0.127239,0.1079,-0.024004,-0.062762,0.256925,0.176905,-0.347767,-0.092201,-0.053115,0.047975,-0.243722,0.200993,0.128219,-0.365078,0.045117,-0.084488,-0.178483,-0.063202,0.075957,0.106131,-0.164393,-0.042773,0.121738,0.004216,0.093282,-0.261517,0.049918,-0.004539,0.023242,0.112465,0.259165,0.156602,0.218359,0.26218,-0.119808,0.094946,-0.099771,0.056663,0.06922,0.030756,0.150021,0.029184,0.22841,0.220613,0.24142,-0.236763,0.280556,0.126043,0.118973,-0.102735,0.049092,0.196195,-0.286323,0.145331,-0.359658,0.089947,-0.289067,-0.455179,0.262111,-0.181828,-0.251662,-0.451654,-0.288842,-0.239997,-0.33246,-0.134059,-0.462931,-0.298619,-0.041503,-0.197657,-0.171298,-0.349752,-0.137236,-0.12231,-0.258007,-0.1311,-0.0887,-0.460501,-0.029398,-0.178534,-0.459272,-0.133407,-0.208202,-0.080443,-0.218658,-0.229933,-0.265928,-0.12362,-0.15839,-0.069232,-0.279798,-0.301515,-0.134464,-0.024036,0.116375,-0.178987,-0.311579,-0.126249,-0.312503,-0.259281,-0.118992,-7.5e-05,-0.430382,-0.18364,-0.202452,-0.114921,-0.448366,-0.118147,-0.065081,-0.279247,-0.106916,-0.256514,-0.290093,-0.211891,-0.241616,-0.248271,-0.113184,-0.166459,-0.17101,0.099182,-0.218998,-0.040967,-0.411714,-0.259816,-0.189264,-0.348062,-0.086842,-0.198503,-0.153181,-0.490971,0.490315,-0.081085,-0.386093,-0.085875,-0.302058,-0.36223,-0.069742,-0.253626,-0.200791,0.229657,0.341561,-0.12338,-0.252838,0.009974,-0.233434,-0.107757,-0.111966,-0.080158,0.35604,-0.08809,0.197445,-0.0743,-0.107874,-0.020766,0.117543,0.023766,-0.211525,0.43547,-0.453487,-0.204324,0.407565,0.308773,-0.306847,0.339441,0.394013,0.065634,0.127355,0.366033,-0.111018,0.055897,0.034438,-0.100552,0.380907,-0.035758,0.151047,0.380646,0.072382,-0.086868,0.222454,0.479769,-0.283908,-0.156399,0.121406,#
7,-0.001293,-0.004154,-0.071275,-0.17025,-0.136083,0.237347,0.267027,1.0,0.01134,-0.139425,-0.219767,-0.065146,-0.076903,0.207261,0.159049,-0.185743,-0.120083,-0.016923,0.100923,0.004258,-0.034494,0.401716,-0.122953,-0.08925,-0.071523,0.20092,0.340626,0.081503,-0.308595,-0.043891,0.056385,0.36302,0.173814,-0.089415,-0.025725,0.061633,0.07805,-0.2193,0.107397,-0.190225,-0.093586,0.224624,0.272185,0.010441,-0.208869,0.014526,0.082975,0.058451,-0.272665,-0.022357,-0.050452,0.064347,0.097576,-0.295837,-0.184208,0.124012,0.207854,-0.173642,-0.011076,0.226828,0.069556,0.384876,-0.16342,0.287587,0.237591,0.210732,-0.115525,0.109823,-0.042296,-0.243391,0.103049,-0.005666,-0.103665,-0.012284,-0.134576,-0.164572,0.047827,-0.099849,-0.233111,0.128476,0.185863,-0.107778,0.199871,-0.147656,0.079646,0.324868,0.176382,0.100807,0.040615,0.079037,0.042216,-0.005898,0.037238,0.072049,0.053813,0.095967,-0.135345,0.109412,-0.07923,-0.207624,-0.092925,-0.166312,0.016019,-0.007072,-0.169106,-0.024457,0.081098,-0.225866,-0.030447,-0.295699,-0.026654,0.156816,-0.030388,0.056234,0.096207,0.009421,-0.028362,0.143048,0.02653,-0.140165,-0.147031,0.041594,-0.007775,-0.07694,-0.009791,0.137146,0.054574,-0.404665,0.123584,0.047268,0.007888,-0.146466,0.067792,-0.031763,0.071614,0.030674,0.187691,0.01556,0.004838,-0.137567,-0.087603,-0.313913,-0.099625,0.065034,0.150878,-0.145861,-0.057918,0.043421,0.125287,0.114467,0.012192,-0.034717,0.188887,0.132283,0.351621,0.084929,0.101572,0.002351,-0.178953,0.195036,0.14853,-0.102029,-0.007773,0.106675,0.196298,0.047832,-0.023994,0.142958,-0.103252,0.17676,-0.078092,0.037831,0.081766,0.129255,0.075007,0.059269,-0.028341,0.02736,0.052845,-0.201681,-0.010093,-0.088453,-0.030975,-0.083814,-0.074739,-0.01565,-0.061936,0.19288,-0.032863,0.015918,0.129223,0.020674,-0.001141,-0.144391,0.115133,0.100263,-0.116914,-0.135878,0.089982,-0.093676,#
8,0.434303,0.155071,-0.019815,-0.204117,0.090644,-0.045783,0.46245,0.01134,1.0,-0.04853,0.140676,0.183316,0.250995,-0.010049,0.28253,-0.078242,-0.199917,0.144448,0.235907,-0.045827,-0.206852,0.080546,0.319848,-0.068426,0.052931,-0.228531,0.011953,0.051758,0.376961,0.1562,-0.243637,0.040921,0.12181,-0.049435,-0.172588,-0.06208,0.342614,-0.163557,0.039047,0.034509,0.079097,-0.180757,-0.219901,0.040494,0.055382,-0.163118,0.354585,0.266567,0.142017,0.196952,0.003686,-0.08626,0.024854,0.146779,0.098488,0.026256,-0.026028,-0.06697,0.088961,0.007589,0.07782,-0.036556,-0.115048,0.090163,0.059876,0.16265,0.132451,-0.087094,0.248464,0.18479,0.096356,-0.220413,0.135689,-0.090114,-0.23684,0.019703,-0.1409,-0.27376,-0.217501,-0.153771,-0.02426,-0.279734,-0.11929,-0.113256,-0.04981,0.083449,-0.075918,-0.114632,-0.180235,-0.147707,0.12274,-0.043569,-0.301201,0.354597,-0.190111,0.097772,-0.057913,-0.335137,0.101148,-0.134686,-0.106085,-0.235025,-0.260124,-0.180917,0.043763,-0.00185,-0.215719,0.112411,-0.161326,0.082569,0.128305,0.049927,-0.021154,-0.092166,0.023368,-0.425212,-0.224961,-0.122453,0.194103,-0.370959,-0.207827,-0.246321,0.042379,-0.586837,-0.168798,0.007139,-0.103781,0.001942,-0.074953,-0.282795,0.071568,-0.207597,0.078955,-0.041423,-0.071596,-0.050056,-0.221433,-0.179669,0.217161,-0.078473,-0.030821,-0.030338,-0.394646,-0.211878,-0.225919,-0.052811,-0.216973,0.325895,0.00046,-0.238792,0.004484,-0.280913,-0.148426,-0.12223,-0.087482,-0.151891,0.240989,0.44169,0.033535,-0.251909,0.070016,-0.151162,-0.064481,0.070306,0.049004,0.082185,-0.148005,-0.091997,-0.121224,0.008503,-0.134519,0.274628,0.039468,-0.290866,0.283512,-0.27724,-0.171485,0.26853,0.193751,-0.365736,0.205083,0.234608,-0.110555,-0.06734,0.140435,0.142304,-0.061727,0.118868,-0.329315,0.224898,0.105642,-0.075628,0.225622,0.122853,-0.103327,0.060034,0.357652,-0.226247,0.009206,0.004269,#
9,0.064401,0.174326,0.138582,-0.098908,0.310758,0.035531,-0.025768,-0.139425,-0.04853,1.0,-0.174825,0.102577,0.290988,0.150671,-0.101563,-0.106535,-0.379871,0.333268,-0.124743,-0.001375,0.188309,-0.031633,0.172471,0.085756,0.102726,0.066639,0.052877,-0.164285,-0.036896,0.214539,-0.057686,0.010322,-0.028646,0.286641,-0.301543,0.248843,-0.03184,-0.197127,-0.059593,-0.163816,0.057992,0.26246,0.124884,0.239797,0.271915,-0.220779,0.064547,0.481058,0.150055,0.16711,-0.162726,-0.188155,-0.050228,-0.133782,-0.044081,-0.427549,-0.175811,0.053339,0.0821,-0.073474,0.124863,0.30199,-0.202648,-0.231725,0.040762,0.066352,-0.028144,0.227099,0.108637,-0.15094,0.028101,-0.298656,0.029698,-0.079598,0.117717,0.190586,-0.228382,-0.402183,-0.028787,-0.09544,-0.12013,-0.093115,-0.11318,-0.240204,-0.041558,-0.150721,-0.286061,-0.094714,-0.237299,0.014592,-0.176986,-0.060269,-0.240078,0.103527,-0.147372,0.095172,0.106207,-0.007627,0.188658,-0.21228,-0.083499,-0.196313,0.010171,-0.076894,-0.27985,-0.215297,-0.156133,-0.288851,-0.086161,-0.199237,0.37845,0.148656,-0.022683,-0.366429,-0.20768,-0.036343,-0.147057,-0.266983,0.26363,-0.34046,0.013028,0.101566,0.059105,-0.082841,-0.114814,0.052536,-0.183149,-0.038814,-0.158753,0.158351,-0.014446,0.039348,0.03377,0.538757,-0.130241,0.107728,-0.048547,-0.090895,0.279092,-0.317909,0.025204,0.007898,-0.090872,0.018075,-0.032851,-0.010505,0.115266,0.13343,-0.393103,0.147454,-0.497416,0.017424,0.166119,0.037775,-0.088538,0.248553,0.358405,0.325154,-0.1878,0.113659,-0.071771,0.064542,-0.085655,0.235553,0.003834,0.381819,-0.168243,-0.105029,-0.088943,-0.000967,0.073737,0.081013,-0.086961,-0.33872,0.218036,0.068588,-0.014689,-0.058672,0.157637,-0.023339,0.001808,0.061697,-0.290104,0.236157,-0.187923,-0.164774,0.126409,-0.14347,-0.31321,0.278115,-0.095188,-0.035125,-0.076754,-0.013223,-0.000846,-0.273726,0.027165,0.003325,0.233669,-0.082851,#
10,-0.086929,-0.233301,-0.06427,0.171251,-0.090698,0.010579,0.199708,-0.219767,0.140676,-0.174825,1.0,-0.167357,-0.227117,-0.137039,0.303594,0.226435,0.066575,-0.348667,0.11915,0.085765,-0.119805,0.05899,-0.042657,0.086975,-0.033047,0.193104,-0.113877,0.148096,0.19489,-0.242293,0.073565,-0.082191,-0.054619,-0.183206,0.169803,-0.264469,-0.178157,0.148444,0.098811,0.347787,-0.214265,-0.174027,-0.368159,-0.014539,0.266175,0.145312,-0.205507,-0.26381,0.234395,-0.018706,0.131669,0.244501,0.002225,0.216556,0.10395,0.362181,0.061687,-0.033947,-0.048329,0.059272,0.188222,-0.063966,0.126571,0.060397,0.01298,-0.103734,-0.073092,-0.238037,-0.38633,-0.006348,-0.07914,0.135647,0.261958,0.117422,-0.115343,0.08499,-0.082264,0.119775,0.054392,-0.179215,-0.134044,0.090823,0.142841,-0.17824,-0.158009,-0.017273,0.21551,0.07625,-0.239899,-0.197501,0.176397,-0.161545,0.214635,-0.230403,0.031625,0.13777,0.006628,-0.049269,-0.186448,0.047943,-0.013531,0.103271,-0.064282,-0.010997,0.138018,0.088761,-0.096411,0.056017,-0.03665,0.243373,-0.17452,-0.14709,-0.069432,0.102454,-0.191819,-0.202925,0.161492,0.077096,-0.168122,0.145055,0.249543,-0.092932,0.22783,0.138625,0.159709,-0.134523,0.053675,0.140122,-0.127103,-0.107706,0.177191,-0.224295,-0.217913,-0.288618,0.131033,0.225354,0.121622,-0.143954,-0.155926,0.10997,-0.090584,0.127685,-0.10108,-0.059855,-0.010011,0.074664,-0.163712,-0.199356,0.293483,-0.131366,0.242897,0.202431,-0.205876,-0.057053,-0.149266,-0.032948,-0.214413,-0.024265,0.143201,0.004612,-0.144587,-0.170796,0.077601,-0.315554,-0.273373,-0.023801,0.050566,0.189577,0.281705,-0.33859,0.077184,-0.252779,-0.049985,0.190778,0.141724,-0.224125,-0.135575,0.029828,-0.167572,0.076645,-0.013396,0.300551,0.144691,0.383957,-0.095182,0.118392,-0.102522,-0.237869,0.330056,-0.135325,-0.093401,0.293577,-0.0,-0.174633,-0.050948,-0.030478,0.095829,0.016555,-0.183313,0.044527,#
11,0.296519,0.051168,-0.05417,-0.341817,0.184805,0.074797,0.235012,-0.065146,0.183316,0.102577,-0.167357,1.0,0.160227,-0.150039,0.006894,0.23849,0.040352,-0.048919,-0.230221,-0.324166,0.036931,-0.003779,0.000423,-0.002678,0.013355,-0.10061,-0.026068,-0.323823,0.231622,0.266937,-0.365169,0.032128,-0.221606,0.015035,-0.023086,0.138079,-0.294833,-0.066929,-0.082532,0.028735,0.063695,-0.051038,-0.219997,-0.200752,-0.054289,-0.001522,0.003275,0.132858,-0.099234,0.046935,-0.136006,-0.25398,-0.071277,0.001028,0.147438,-0.186957,-0.278877,-0.078335,-0.00846,0.222734,-0.088684,0.098379,-0.09348,0.005201,0.200421,-0.150175,-0.199556,0.028357,0.177696,-0.204918,0.073887,-0.288833,-0.030378,-0.328258,-0.398393,0.044747,-0.249349,0.052644,-0.390969,-0.233821,-0.276887,-0.350386,-0.225367,-0.062005,-0.161685,-0.059687,-0.225106,-0.361004,-0.164747,-0.166785,-0.03116,-0.225615,-0.119268,-0.298024,-0.328887,-0.008602,-0.054179,-0.42249,-0.236412,-0.080957,0.106073,-0.254884,-0.128624,-0.357899,-0.154955,-0.193248,-0.045821,-0.091141,-0.353498,-0.09444,-0.200468,0.085705,-0.369041,-0.130034,-0.150153,-0.352443,-0.23304,-0.058907,-0.382352,-0.172474,-0.193185,-0.240446,-0.297722,-0.131578,-0.102321,-0.128515,-0.020136,-0.122683,-0.174694,-0.133744,-0.218032,-0.138053,-0.081093,-0.003916,-0.341276,-0.137874,-0.221606,-0.437498,0.069338,-0.251932,-0.064089,-0.037152,-0.251994,-0.217568,-0.294451,-0.246827,-0.140019,0.111188,-0.337856,-0.19148,-0.256166,-0.391905,-0.098618,-0.231364,-0.272998,-0.370239,0.139611,0.143164,-0.131516,-0.069688,0.007491,-0.120857,-0.096638,-0.171794,-0.143301,0.17011,0.139921,0.113308,0.041124,-0.332717,0.269717,0.119576,-0.149796,-0.126604,0.350367,-0.339814,-0.373516,0.216724,0.129004,-0.230852,0.471655,0.038412,0.292426,0.192489,0.38843,-0.150346,0.277126,0.104205,0.016432,0.366825,0.025199,0.305815,0.257404,0.069969,-0.209289,0.308278,0.217678,-0.216466,-0.015342,-0.021465,#
12,0.449908,0.088819,-0.002852,-0.182099,0.284597,-0.194461,0.119436,-0.076903,0.250995,0.290988,-0.227117,0.160227,1.0,0.192327,0.078071,-0.090068,-0.115218,0.203097,0.030807,0.060286,-0.184159,0.104161,0.353772,-0.094805,-0.259386,-0.140032,0.071442,-0.215052,0.254943,-0.058144,-0.34805,0.075753,-0.069085,0.085301,-0.058453,0.092833,0.265991,-0.166627,-0.040582,-0.136587,0.226207,0.245568,0.001232,-0.073612,0.076929,-0.139272,0.456819,0.315708,0.0433,0.108876,-0.07126,-0.184184,0.150389,-0.023714,0.026545,-0.198675,-0.122339,0.116697,0.165507,-0.045115,0.086971,0.084763,-0.153704,-0.146792,0.153575,0.252084,0.217783,0.039947,0.287401,-0.138971,0.215972,-0.235333,-0.06211,-0.144291,-0.145516,0.232835,-0.107166,-0.417006,-0.066966,-0.134271,-0.082617,-0.18583,-0.28284,-0.211449,0.028987,-0.048346,-0.283422,-0.017431,-0.108259,0.023137,-0.210937,-0.192853,-0.2167,0.136963,-0.071515,-0.115738,0.059229,-0.145372,0.096597,-0.52891,0.340969,-0.227025,-0.237508,-0.286001,-0.213064,0.014773,-0.165697,-0.079036,-0.304689,-0.004635,0.305189,-0.1962,-0.02455,-0.232412,-0.12084,-0.155656,-0.510184,-0.117376,0.229409,-0.528849,-0.03172,-0.379042,-0.042995,-0.302256,-0.030242,0.089953,-0.46167,0.038544,-0.144284,-0.124163,-0.044814,0.00689,0.084671,0.171733,-0.167034,-0.100683,-0.088563,0.025316,0.145109,-0.339558,-0.254609,-0.164846,-0.187388,0.085166,-0.281859,-0.010589,-0.23692,0.318432,-0.424937,-0.066826,-0.197,-0.323358,-0.028456,-0.0744,-0.005556,0.059843,0.366867,0.368657,-0.209691,-0.254329,-0.187281,-0.125851,-0.356653,0.020141,0.246582,0.037461,-0.072424,-0.122289,-0.272943,0.06416,0.11288,0.218086,0.015766,-0.300896,0.24271,0.084791,-0.039852,0.316963,0.255526,-0.386784,0.079557,0.149087,-0.105121,-0.200477,0.176181,-0.08838,0.280689,0.070405,-0.364738,0.372132,-0.039969,-0.099018,0.206695,0.258144,-0.019951,-0.002515,0.301967,-0.229405,-0.044716,0.048794,#
13,0.20158,0.036524,-0.063968,-0.211507,0.117428,0.481887,0.051318,0.207261,-0.010049,0.150671,-0.137039,-0.150039,0.192327,1.0,0.095616,-0.023265,-0.163748,0.165835,0.215681,-0.083819,0.000194,0.055953,0.326895,-0.232099,-0.153716,-0.361264,0.229371,0.147197,0.145278,-0.00924,0.048101,0.260519,0.080443,-0.167209,-0.113231,0.125968,0.053993,0.050551,-0.046408,-0.352754,0.144567,0.299627,0.335984,0.360892,-0.089421,-0.342141,0.345439,0.308717,0.118528,-0.005614,-0.001331,0.042653,0.019764,-0.327577,-0.318411,-0.230016,0.140552,-0.029301,0.048,0.027904,0.230096,0.234823,-0.131574,0.111339,0.206389,0.491856,0.185119,0.347158,0.194223,-0.103433,-0.074043,-0.274751,0.070077,-0.215345,-0.058597,0.245415,0.006293,-0.170613,-0.144511,-0.044981,-0.230052,-0.252241,0.020625,-0.032818,0.01912,-0.050128,0.034469,-0.089293,-0.074301,-0.142877,-0.074303,-0.245873,-0.129006,0.088968,0.115115,-0.177458,-0.089976,-0.040945,-0.038792,-0.40463,0.07136,-0.031545,0.004049,-0.164112,-0.117703,-0.034025,-0.108966,-0.491916,-0.061851,-0.220394,0.199701,0.213488,-0.022591,-0.031233,-0.12961,-0.040994,-0.323316,-0.144448,0.20113,-0.293088,-0.086568,-0.065632,-0.13217,-0.111495,0.059865,0.102513,-0.2372,0.042233,-0.056595,-0.171168,-0.066808,0.134428,-0.174409,0.283283,-0.19403,-0.170127,-0.091036,-0.111557,0.10234,-0.183264,-0.206725,-0.336647,-0.219774,-0.251125,-0.05523,0.132691,-0.112101,0.095313,-0.09659,0.025498,-0.128553,-0.083052,-0.161525,-0.029895,0.05476,0.10462,0.426873,0.424219,-0.305092,0.061227,-0.102439,-0.155738,0.003513,0.185396,0.081358,0.112315,0.171969,0.129966,-0.306386,0.1838,0.023387,0.277466,-0.197986,-0.158554,0.253676,0.148598,-0.08164,0.072505,0.39772,-0.288102,0.157983,-0.043334,-0.167992,-0.007184,0.128122,-0.155371,0.169472,0.00187,-0.151242,0.22576,-0.127568,-0.166473,0.270768,0.193759,0.171205,0.025026,0.274505,-0.235833,0.109149,-0.012906,#
14,0.032824,0.169385,-0.209494,-0.140003,0.046056,0.233199,0.165536,0.159049,0.28253,-0.101563,0.303594,0.006894,0.078071,0.095616,1.0,0.125519,-0.150217,-0.300312,-0.032938,-0.034859,-0.162739,0.42329,0.203485,0.070872,-0.087995,0.037163,0.026196,0.226206,0.299884,-0.059312,-0.20351,0.360292,0.119948,0.073062,-0.191144,-0.119513,0.019863,0.018976,0.362663,0.133477,-0.238136,0.134356,-0.043307,0.025372,-0.120282,0.273563,0.320626,-0.1831,0.075863,0.223375,0.06246,0.069163,-0.045864,-0.211939,0.006154,0.189321,-0.057739,0.255537,-0.281849,0.239453,0.290767,0.119634,-0.031276,0.456484,0.192384,0.225574,-0.155328,0.025502,0.05538,-0.171845,0.16196,-0.100669,0.275677,-0.196377,-0.238116,-0.114101,-0.091014,0.049086,-0.242656,-0.305928,-0.136487,-0.200005,-0.158771,-0.265175,-0.224324,-0.016931,-0.089355,-0.317744,-0.328211,-0.163871,-0.034538,-0.056666,-0.015358,0.014786,-0.106576,0.05384,-0.178528,-0.112972,-0.156355,-0.179036,0.017079,0.036732,-0.20384,-0.269395,-0.073704,0.011118,-0.317198,-0.033379,-0.01522,-0.206241,-0.24664,-0.127897,-0.278322,0.031551,-0.319395,-0.224863,-0.2417,0.03571,-0.170546,-0.13246,-0.11065,-0.309645,0.103678,-0.092409,0.186035,-0.075865,0.053143,-0.129637,-0.228887,-0.227502,0.130626,-0.330697,-0.251667,-0.293547,-0.160796,-0.024573,-0.040816,-0.199535,0.176163,-0.095866,-0.084727,-0.295592,-0.291922,-0.154605,-0.302389,-0.173064,-0.155736,-0.179181,-0.003096,-0.27445,0.023249,-0.039892,-0.108821,0.010952,-0.116017,-0.048709,0.10618,0.163484,-0.228777,0.006776,-0.189367,-0.263591,-0.084119,-0.294494,-0.179315,0.183951,-0.022838,0.165112,-0.1067,-0.116443,-0.039451,0.115114,-0.108098,-0.042436,0.31789,-0.06662,-0.121581,0.059061,-0.020007,-0.154376,0.120175,0.374318,0.252677,0.140055,0.018245,-0.052522,0.152443,0.036001,0.163297,0.013094,-0.223669,0.342688,0.048243,-0.024995,-0.021851,-0.22759,0.146031,-0.282967,0.054695,0.180672,#
15,0.021517,-0.065576,-0.180063,-0.190688,-0.105526,0.091077,0.162298,-0.185743,-0.078242,-0.106535,0.226435,0.23849,-0.090068,-0.023265,0.125519,1.0,0.117928,-0.374858,0.230439,-0.01364,0.058931,0.132665,-0.159329,-0.152413,-0.186473,0.022691,-0.238916,0.023579,0.153821,-0.072903,-0.356322,-0.00252,-0.10615,-0.049335,0.292133,0.077282,-0.244453,0.210743,-0.298109,0.096489,-0.073312,-0.181375,-0.151663,-0.027995,0.139508,0.135968,-0.039812,-0.289113,0.137135,0.212931,0.08909,0.059421,-0.135558,0.05543,-0.122419,0.077434,0.044511,0.007838,0.000429,0.114588,0.149439,-0.122881,0.06151,0.356163,0.093249,-0.088461,-0.157503,-0.013054,0.08598,-0.242592,-0.04761,-0.018301,0.027753,-0.227096,-0.009926,0.045778,-0.219015,0.05206,-0.08399,-0.255471,-0.15646,-0.192081,-0.158992,-0.187393,-0.162904,-0.120202,-0.168529,-0.338602,-0.046281,-0.079421,0.147678,-0.187019,0.265299,-0.482891,-0.158282,-0.092286,-0.149659,-0.479724,-0.486513,-0.052403,0.189515,-0.038778,-0.297676,-0.010665,-0.079314,-0.021015,-0.303691,-0.158994,-0.088942,-0.036917,-0.355477,-0.214806,-0.107764,0.03795,-0.316397,-0.09783,-0.102234,0.084988,-0.337183,0.154768,-0.051635,0.000854,-0.101957,0.274542,-0.007138,-0.208134,0.099736,0.01588,-0.140741,-0.141539,-0.176531,-0.107793,-0.233259,-0.035271,-0.238527,-0.095065,-0.10615,-0.374933,-0.227258,-0.150577,-0.129731,-0.193555,-0.132009,-0.003891,-0.326371,0.269417,-0.223465,-0.051886,-0.205389,-0.322997,0.002612,0.038635,-0.18381,-0.083667,-0.389725,-0.227876,-0.197031,0.037258,-0.187617,-0.025488,-0.468562,-0.1809,-0.078842,-0.370333,-0.251017,0.231285,-0.057168,0.244334,-0.02358,-0.203977,0.059267,0.260011,-0.142446,0.075124,0.118344,-0.279827,0.021976,0.035005,-0.214658,0.051201,0.260382,0.238712,0.461097,0.433249,0.235132,-0.093453,0.137861,-0.037022,0.460596,-0.002795,-0.417983,0.350359,0.149831,0.166658,-0.148351,0.194379,0.403173,0.046814,-0.189253,0.025902,#
16,0.027703,-0.204676,-0.06642,0.0351,0.090357,-0.034929,-0.180055,-0.120083,-0.199917,-0.379871,0.066575,0.040352,-0.115218,-0.163748,-0.150217,0.117928,1.0,-0.258569,-0.148875,-0.180076,-0.311916,-0.096231,-0.249889,0.156591,-0.085718,-0.115028,-0.303984,0.104743,-0.11807,-0.261749,0.123951,-0.00115,-0.039928,-0.279926,0.084165,-0.218534,-0.229346,0.179317,0.013593,0.13571,-0.13376,-0.20754,-0.043712,-0.057054,0.049511,0.203145,-0.182127,-0.297056,-0.211288,0.05964,0.236047,0.040187,-0.034013,0.167473,0.166752,0.126377,-0.083424,0.143214,-0.172389,0.029868,-0.016957,-0.220602,0.088678,0.166033,0.092856,-0.08476,0.081253,-0.093526,-0.122291,0.107956,-0.117122,0.173044,0.109091,-0.14683,-0.209404,0.134459,0.019334,0.096027,0.116201,0.094862,0.009915,0.080014,0.1135,0.242063,0.061431,-0.087423,0.03439,-0.126661,0.09554,-0.225257,0.165377,0.026304,0.251706,-0.320673,0.099698,-0.163549,0.006762,0.072684,-0.09375,0.078758,0.263296,-0.026126,-0.018281,0.078623,0.090032,-0.127713,0.297321,0.021468,-0.07083,0.306504,-0.298299,-0.153718,0.07253,0.131955,-0.06595,0.05128,0.271907,-0.117705,-0.229841,0.39877,-0.09131,0.200754,-0.367914,0.160759,0.113848,-0.204252,-0.097094,0.13,-0.146108,0.136612,-0.101729,0.123902,0.006339,-0.228752,0.108638,-0.240949,0.122123,-0.280135,-0.48476,0.08674,-0.007077,0.258839,0.091264,0.189766,-0.11627,-0.086481,-0.144463,-0.081366,0.030427,-0.004629,0.242107,0.196658,-0.098987,-0.060699,-0.236973,-0.229695,-0.38745,-0.213696,-0.035542,-0.251449,0.012165,-0.066143,0.004393,-0.208172,0.001322,-0.139342,0.102717,0.055046,0.198582,-0.027341,0.366257,-0.105014,0.00254,0.263218,-0.357672,-0.114196,-0.026851,-0.171665,-0.250776,0.188983,-0.087215,-0.303774,0.511053,0.087975,-0.004367,0.110314,0.041041,0.056977,0.268509,-0.237993,0.022268,0.118971,0.058349,0.181208,0.058896,0.183656,-0.104326,0.16198,-0.299192,0.074511,#
17,0.034079,0.196405,0.161532,0.044706,-0.048014,-0.111695,-0.127239,-0.016923,0.144448,0.333268,-0.348667,-0.048919,0.203097,0.165835,-0.300312,-0.374858,-0.258569,1.0,0.03528,0.218308,0.132858,-0.048198,0.309758,0.168023,0.237318,-0.103444,0.201184,0.019883,-0.095604,0.076556,0.191446,-0.085206,0.199364,0.307034,-0.221142,-0.015045,0.369938,-0.192687,0.150081,-0.283617,0.093145,0.292117,0.42076,-0.012282,0.083386,-0.379789,0.221172,0.441264,-0.018394,-0.180248,0.089996,-0.004272,-0.268066,0.041211,-0.08469,-0.154981,-0.022238,-0.109623,0.073458,-0.174107,-0.139085,0.009953,-0.18755,-0.312055,-0.124687,0.069681,0.300108,0.151478,0.233269,0.34783,-0.007579,-0.068693,-0.161175,0.262661,0.188229,-0.052491,0.105172,-0.24668,0.169904,0.125258,0.055466,0.097987,0.044785,0.186637,0.258701,0.157029,-0.134506,0.234471,0.197716,0.049041,0.203532,0.060441,-0.166542,0.534838,0.234699,0.070529,0.207498,0.278711,0.235919,-0.119097,-0.189393,-0.184884,-0.070313,0.22453,0.038791,0.13647,0.008771,-0.002287,-0.01941,-0.023115,0.468823,0.205645,0.409206,-0.005697,0.292646,0.113536,-0.152176,-0.19375,0.439029,-0.282083,-0.040135,0.091958,0.04035,-0.366382,-0.18213,0.297113,-0.029303,-0.052704,-0.027474,0.020573,0.171038,0.198532,0.440544,0.209879,0.090405,0.028417,-0.179911,0.3259,0.400025,-0.051598,0.084879,0.178566,0.071858,-0.168304,0.068598,-0.015184,0.129579,0.244729,-0.160867,0.347403,-0.15997,-0.007416,0.164538,0.216383,0.153564,0.219949,0.365651,0.08043,-0.057271,0.073614,0.352211,0.292384,0.117478,0.709291,0.16521,0.041163,0.04088,-0.1693,-0.324052,0.201098,-0.201765,0.189754,0.104976,-0.15375,-0.167243,0.152708,0.195078,0.076626,0.210258,-0.16199,-0.131769,-0.190367,-0.613034,-0.217793,-0.169052,0.131772,-0.044757,0.245879,-0.522271,0.181911,0.099289,-0.357574,-0.171766,-0.110837,0.007684,-0.106299,-0.114218,-0.042989,0.298177,-0.350745,#
18,0.19938,0.11179,0.098023,0.153201,-0.197672,-0.088811,0.1079,0.100923,0.235907,-0.124743,0.11915,-0.230221,0.030807,0.215681,-0.032938,0.230439,-0.148875,0.03528,1.0,-0.007339,-0.064402,0.128704,-0.169041,-0.090623,-0.286958,-0.114443,-0.085144,0.241984,0.142685,-0.246744,-0.120835,0.166597,0.055308,-0.139121,0.00356,-0.071811,0.265598,0.392679,-0.21487,-0.152258,0.259944,-0.156929,-0.06028,-0.028634,-0.140111,-0.202066,0.157898,-0.183804,0.068006,0.052335,-0.270572,0.361486,0.059922,0.091517,-0.245302,-0.061269,-0.046996,-0.166495,0.003485,-0.253737,0.067673,0.0601,0.147794,0.015788,0.008014,-0.025361,0.241404,-0.167712,0.02429,0.026815,-0.204922,0.105359,-0.003634,0.256394,0.124346,-0.117879,0.123087,-0.187477,0.184407,-0.038205,0.051646,0.08937,0.126749,-0.091607,0.047579,0.107388,0.114998,0.148168,-0.017606,0.25681,0.453025,0.03859,-0.003931,0.168025,0.125475,0.159724,0.081499,0.018193,0.00686,-0.126261,-0.018643,0.015075,-0.069499,0.105033,-0.044237,0.228434,-0.195592,-0.063015,0.142482,-0.05206,-0.015287,-0.007305,0.199585,0.185819,0.090953,-0.039753,0.128192,0.203206,0.196959,-0.016068,0.171278,0.038283,0.245183,0.068718,-0.048085,0.13736,-0.013309,0.123231,0.258779,0.106323,0.213008,0.120704,0.097405,-0.03484,0.167428,0.24162,-0.116292,0.050608,-0.112005,-0.016264,0.074325,-0.037524,-0.184499,-0.037329,0.196014,0.327101,0.050878,0.063633,-0.112619,0.023027,0.204967,0.183854,0.185506,0.048513,0.176577,0.038659,0.063506,0.139239,0.1135,-0.013374,-0.172661,0.042344,0.04087,-0.019295,0.343895,0.020137,0.004554,-0.089824,-0.028429,0.274228,-0.458466,0.389164,0.078856,0.112757,-0.021575,0.123501,0.107706,0.042537,-0.076825,-0.061512,-0.019076,0.04484,-0.139847,-0.059699,-0.008971,0.046407,0.063594,0.052352,0.006435,-0.220762,-0.029145,-0.169536,0.054728,0.044845,-0.030272,-0.021734,0.1485,-0.068652,0.085566,-0.105365,#
19,-0.213518,-0.03185,-0.076837,0.094352,-0.194041,-0.142835,-0.024004,0.004258,-0.045827,-0.001375,0.085765,-0.324166,0.060286,-0.083819,-0.034859,-0.01364,-0.180076,0.218308,-0.007339,1.0,0.055325,0.235042,0.062475,-0.013327,-0.016027,0.097849,0.271002,0.090808,-0.197906,-0.040307,0.124702,-0.048703,0.397119,0.112629,0.314718,-0.192285,0.016958,0.078722,-0.062057,0.047755,0.154566,0.211304,-0.137614,-0.118851,0.017056,-0.078416,0.015075,0.082094,0.145832,-0.164353,0.17811,-0.048999,-0.200056,-0.003444,-0.214229,0.219645,0.012082,-0.044239,0.074665,-0.165286,-0.045563,-0.157813,0.113713,-0.058468,0.0545,-0.017326,0.185008,0.204979,-0.058112,0.221322,0.025783,0.059591,0.083256,0.152823,0.309143,-0.134177,0.293659,0.000268,0.217752,0.139234,0.098102,0.244678,0.054192,-0.230671,0.340684,0.234796,-0.020948,0.353495,0.130946,0.183264,0.077295,0.001248,-0.224246,0.226807,0.229592,0.262242,0.368998,0.119932,0.177814,0.033368,-0.077938,-0.055169,-0.115479,0.264499,0.166457,0.209002,0.036223,0.277088,0.044993,0.110939,0.432911,-0.216981,0.177653,-0.127431,0.174974,0.252273,0.157966,-0.014017,0.192796,-0.066308,0.074653,0.060433,0.151819,-0.049839,-0.03342,0.229311,0.040619,0.094307,0.110075,0.108306,0.045365,0.108019,0.092063,0.055033,0.183014,0.098564,-0.164669,0.337904,-0.047312,0.305985,0.256499,0.035301,0.047028,0.075577,-0.017035,0.03249,0.112323,-0.053868,0.220946,0.120555,0.118557,-0.070455,0.272783,0.32797,0.198755,0.495229,0.103297,-0.277715,0.322443,0.19025,0.022855,0.082276,-0.00958,0.41455,0.029512,-0.105959,0.054739,0.129526,-0.179997,0.325251,-0.189507,-0.259487,0.338551,0.003158,-0.083031,0.27071,0.251127,-0.055052,0.038782,0.164869,-0.141147,-0.048132,-0.362903,-0.155515,-0.150151,0.226448,-0.133658,0.043658,-0.245949,0.070973,0.034322,-0.143086,-0.221847,-0.324334,-0.084019,-0.089643,-0.098261,0.152886,-0.006191,-0.064443,#
20,-0.279006,-0.010128,-0.0846,0.013478,0.02217,0.147237,-0.062762,-0.034494,-0.206852,0.188309,-0.119805,0.036931,-0.184159,0.000194,-0.162739,0.058931,-0.311916,0.132858,-0.064402,0.055325,1.0,-0.219208,0.03067,-0.114287,0.062087,0.146224,0.04785,-0.068292,-0.176206,0.18375,-0.004188,-0.136089,-0.02229,0.292639,-0.044088,0.0623,-0.124543,-0.158475,-0.005133,-0.063466,0.045913,-0.183298,0.215489,0.070026,0.072087,0.10794,-0.217033,0.061811,0.11941,-0.337018,-0.02063,-0.092892,-0.216212,0.007127,-0.125863,0.016433,0.137768,-0.024423,0.15067,0.086755,0.158725,-0.015272,-0.097964,-0.147684,-0.284396,-0.022171,-0.338043,0.263107,0.090935,-0.018472,0.024589,0.002395,-0.1215,0.165527,0.217233,0.066629,0.096185,0.164674,0.011437,-0.020758,0.100805,0.012479,0.141515,-0.121411,0.018167,-0.078012,-0.044256,0.227789,0.14213,0.213388,0.028618,0.04966,0.063011,-0.08296,-0.210629,-0.000858,0.083358,-0.012382,-0.051014,0.256479,-0.045816,0.142514,0.109599,0.014359,-0.102394,-0.093189,-0.126146,-0.016485,0.178353,-0.393615,0.08555,0.003174,-0.096478,-0.144618,0.187681,0.212323,0.112381,0.143196,-0.152802,0.025865,0.189439,0.128698,0.229788,0.082762,0.045216,-0.018206,0.136176,0.15948,0.064827,0.132798,0.052196,0.017798,-0.027699,-0.074018,0.087443,0.272037,-0.195739,0.14428,0.138762,0.130985,-0.017464,-0.055454,-0.031132,-0.1332,0.146189,0.108781,0.346371,0.159768,-0.032357,-0.029575,-0.270131,0.077664,0.149598,0.014,0.003487,0.035183,0.08723,-0.039932,0.074444,-0.03409,-0.045323,0.006889,0.129983,0.019764,-0.194132,0.203615,0.049626,-0.078957,-0.027598,0.16704,-0.116027,-0.04937,-0.132511,0.0997,0.009072,-0.107053,0.054621,0.087892,-0.065233,-0.042399,0.054606,-0.146441,-0.064701,0.158563,0.176371,-0.282249,-0.008374,-0.077672,0.044438,0.062199,-0.025917,0.110579,-0.11249,-0.284983,0.028506,0.001544,0.006803,-0.025544,0.127203,0.089955,#
