0,1.0,0.346744,-0.003891,-0.256223,0.25073,0.07766,0.125122,0.100497,0.251449,0.177597,-0.121427,0.050624,0.38082,0.283859,0.031243,-0.199431,0.17606,0.311021,0.089661,-0.245511,-0.121203,0.110023,0.335048,-0.095838,-0.243498,-0.270425,0.002909,-0.035753,0.195806,0.432178,-0.192481,0.089799,0.097913,-0.131879,-0.065988,0.116748,-0.142628,-0.048989,-0.011052,0.022391,0.012765,0.004879,-0.042918,0.166403,-0.022075,-0.37356,0.226022,0.169203,-0.253785,-0.046746,0.029557,-0.153977,0.024865,-0.189677,-0.067343,-0.066831,0.02229,-0.067069,0.012822,0.1659,0.262691,-0.002849,-0.075899,-0.094417,0.092334,0.423799,0.022392,0.200706,0.225828,-0.079553,-0.022943,-0.014007,-0.251703,-0.255778,-0.241242,0.281478,-0.159246,-0.226515,-0.150999,-0.126435,-0.283823,-0.12518,-0.212199,0.063439,-0.187751,-0.114478,-0.285721,-0.145126,0.047351,-0.337254,-0.368833,-0.317113,-0.335515,0.191965,-0.014771,-0.295065,0.048905,-0.226805,-0.089207,-0.40638,0.136231,-0.372227,-0.077736,-0.076992,-0.267126,-0.023913,-0.2288,0.010099,-0.464988,-0.000864,0.17303,0.111928,-0.243108,-0.284793,-0.402522,-0.095979,-0.304828,-0.292124,0.163981,-0.456481,-0.303148,-0.370261,-0.283064,-0.200016,-0.219545,-0.044974,-0.228479,-0.052679,-0.059901,-0.314,-0.204238,-0.125494,-0.129313,0.081902,-0.350189,-0.249053,0.163449,-0.344286,-0.095552,-0.231964,-0.064797,-0.270321,-0.481075,-0.173349,-0.171185,-0.240296,-0.287107,0.322769,-0.27492,-0.277767,-0.252355,-0.385008,-0.097828,-0.226548,-0.350159,-0.294694,0.366452,0.4285,-0.334274,-0.154786,-0.31323,0.005293,-0.092785,-0.320677,-0.112024,0.207966,-0.216074,-0.125294,-0.086005,-0.209686,0.092525,0.136697,-0.362445,-0.259919,0.320454,-0.420141,-0.12502,0.287866,0.368255,-0.446972,0.114847,0.167057,-0.216375,0.019053,0.483657,-0.152751,0.327034,0.146566,-0.18136,0.557645,0.004773,0.140842,0.383243,0.399954,-0.164315,0.378038,0.204976,-0.423884,-0.180223,0.189003,#
1,0.346744,1.0,0.073039,-0.150564,0.153281,-0.036324,0.286788,0.226187,0.209311,0.34307,-0.15294,-0.107615,0.29138,0.188355,0.370232,-0.129679,-0.039677,0.351394,0.301442,-0.101085,0.140838,0.19679,0.236444,0.06718,-0.208506,-0.100702,0.302757,0.112897,0.334542,0.465682,-0.489261,0.067314,0.157209,0.066599,-0.023316,0.041618,-0.044128,-0.162163,0.013238,-0.096894,-0.247539,0.244709,-0.019539,0.172529,0.057897,-0.373121,0.351383,0.212896,-0.050159,0.238473,0.173367,-0.248753,-0.077208,-0.007874,0.107337,-0.225415,-0.207512,-0.021058,-0.179401,0.089938,0.016132,0.17049,-0.332751,0.246452,0.095935,0.183958,-0.049686,0.332499,0.180709,-0.221942,-0.156165,-0.105718,-0.105437,-0.299751,-0.345611,0.347601,-0.327794,-0.301292,-0.416707,-0.46694,-0.305955,-0.304104,-0.431374,0.130168,-0.420252,-0.083069,-0.303334,-0.169744,-0.201932,-0.160699,-0.157518,-0.286627,-0.483027,0.034554,-0.192395,0.012942,0.18262,-0.313308,-0.106324,-0.262252,-0.011738,-0.473736,-0.606186,-0.132207,-0.587954,-0.234861,-0.568146,-0.146332,-0.54989,-0.163081,0.118664,0.309238,-0.144473,-0.491919,-0.205849,-0.058993,-0.283042,-0.475768,0.059907,-0.422246,-0.412252,-0.146196,-0.331249,-0.352778,-0.026578,-0.0641,-0.310203,-0.103313,-0.188612,-0.260249,-0.248541,-0.421249,-0.328223,0.111117,-0.302733,-0.186575,0.09255,-0.161068,0.057991,-0.343709,-0.273398,0.010797,-0.512862,-0.120738,-0.153065,-0.317118,-0.218955,0.35232,-0.379868,-0.338415,-0.236913,-0.387122,-0.072389,-0.141398,-0.412202,-0.196445,0.302414,0.410542,-0.329629,0.053335,-0.156867,-0.089558,0.21418,-0.042227,-0.192278,0.468897,-0.247027,0.057211,-0.179548,0.009837,-0.104223,0.03301,-0.157127,-0.400365,0.340558,-0.16734,-0.252048,0.299609,0.346886,-0.350399,0.188067,0.120098,-0.134651,0.048881,0.315312,-0.172158,0.242832,-0.071296,-0.215214,0.492586,-0.055849,0.580632,0.351413,0.164221,-0.237856,0.066753,0.285732,-0.426478,-0.104061,0.08784,#
2,-0.003891,0.073039,1.0,0.30363,0.282659,-0.240642,-0.02305,-0.054534,-0.126273,-0.086215,-0.086698,0.052226,-0.105912,-0.162101,-0.151162,-0.195021,0.025791,-0.038181,-0.028317,-0.035284,-0.037271,-0.148228,0.104039,-0.1131,-0.126293,-0.139623,0.184286,-0.235289,-0.125491,0.128812,-0.002893,0.104278,-0.263297,-0.000455,-0.05,-0.06313,0.199598,-0.183935,0.153314,-0.119549,-0.089031,0.087545,-0.052845,-0.002795,-0.028269,-0.069464,-0.06638,0.339468,-0.039522,-0.063153,-0.119008,0.25378,0.060839,0.084936,-0.122671,-0.135167,-0.224467,-0.070515,-0.276556,-0.100061,-0.081933,-0.217237,-0.127749,0.022268,-0.081573,0.024474,-0.155744,-0.048089,0.045314,0.304223,0.188933,0.272577,0.051503,0.079515,-0.131324,0.163566,-0.131168,-0.247124,-0.141837,0.128368,0.136004,0.054989,-0.046699,0.276099,0.03636,0.00267,-0.015536,0.119829,-0.044541,-0.013885,-0.1264,-0.106323,0.024121,0.076226,-0.1659,0.086567,0.238816,-0.083075,0.108618,-0.041793,-0.063392,-0.057092,0.000224,0.031581,-0.143442,-0.156582,0.007073,0.16652,-0.101023,0.263925,0.226643,0.006089,-0.107334,-0.027699,0.330956,0.040183,-0.059336,-0.208636,0.027607,-0.082797,-0.177699,-0.133277,0.289008,-0.002532,-0.118738,-0.013808,-0.296495,0.078012,0.076792,0.049101,0.360051,-0.178954,-0.300686,-0.068299,-0.024974,0.008024,0.332009,0.230495,0.097399,0.022556,0.168772,0.305505,-0.014238,-0.237668,-0.036784,0.366027,-0.018088,0.129244,-0.094359,-0.037041,-0.258305,0.070358,0.233778,-0.148263,-0.128556,-0.1831,-0.046581,0.142065,0.125111,-0.110499,-0.036467,0.035212,0.276373,-0.047631,0.006982,-0.107541,-0.313382,-0.193294,0.090047,0.047789,-0.045397,-0.063408,0.062964,0.029311,-0.107466,0.037344,-0.017034,-0.012699,-0.094629,0.020941,0.087233,-0.302831,-0.046333,0.142263,-0.009006,-0.05871,-0.07684,-0.150827,-0.145703,-0.0153,0.314254,0.168728,0.052625,0.058811,0.08843,-0.298342,0.111303,0.04826,0.09677,-0.047623,#
3,-0.256223,-0.150564,0.30363,1.0,-0.069088,-0.224567,-0.266947,-0.32002,-0.265094,-0.060746,0.236109,-0.137792,-0.175476,-0.28549,-0.280425,-0.09761,-0.00848,-0.081187,-0.012962,0.159754,0.082553,-0.29763,-0.132859,-0.007238,-0.013086,0.056082,-0.068194,-0.087049,-0.168352,-0.218393,0.40376,-0.167041,-0.354212,-0.028989,0.016807,-0.44133,0.104195,0.150624,0.073266,0.052354,0.105161,0.034029,-0.089866,-0.146099,-0.036066,0.183897,-0.191492,-0.132071,0.336584,-0.26187,-0.072047,0.508656,0.015363,0.166866,0.037715,0.034483,0.089112,-0.054336,-0.077562,0.059468,-0.151219,-0.040985,0.026589,-0.167573,-0.012537,-0.226536,0.093429,-0.026007,-0.135978,0.291173,0.129998,0.322405,0.271654,0.282208,0.256184,-0.269782,0.065219,-0.051686,0.389358,0.262352,0.176595,0.45041,0.243874,0.106716,0.204508,-0.025211,0.096336,0.373407,0.069778,0.282282,0.317523,0.226402,0.338179,-0.143401,0.220429,0.25201,0.114438,0.003331,0.125836,0.329196,0.103528,-0.013555,0.37659,0.022473,0.195877,0.361158,0.109308,0.229576,0.218076,0.282601,-0.094549,-0.079627,0.372119,0.22269,0.132466,0.064352,0.460275,0.160915,0.012101,0.047102,0.297451,0.125889,0.405,0.09893,0.064803,0.140454,-0.042116,0.128019,0.241963,0.180934,0.456897,0.089481,0.064469,-0.031285,0.274163,0.368574,0.045206,0.296857,0.061994,0.220092,0.363903,0.284914,0.125633,0.080071,0.288036,0.447365,0.237051,-0.219074,0.262764,0.317513,0.222788,0.380219,0.166096,0.139724,0.254009,0.005326,-0.313323,-0.228274,0.335113,0.077215,-0.355342,0.05375,-0.001944,-0.042161,-0.048412,-0.12913,0.041018,-0.12919,0.06126,0.175228,-0.167574,-0.096728,0.164111,0.184673,-0.276948,0.151164,0.195039,-0.058957,-0.337309,0.323747,-0.35641,-0.044084,-0.060058,-0.083565,-0.138762,-0.038922,-0.066748,0.098868,0.238705,-0.305202,0.162981,-0.11027,-0.278797,-0.053458,-0.032111,-0.242639,-0.28715,0.177486,-0.134853,-0.085542,#
4,0.25073,0.153281,0.282659,-0.069088,1.0,-0.074763,0.306597,-0.035151,0.055915,0.075226,0.110557,0.095214,0.03752,-0.146956,0.334355,-0.173411,0.205176,0.148361,-0.064721,-0.041629,-0.114729,-0.01884,0.028244,-0.105901,-0.196912,-0.13043,0.070761,-0.067607,0.110521,0.214535,-0.191684,-0.076017,-0.00959,-0.102088,-0.215747,0.103283,-0.139139,-0.292437,0.05654,0.310821,-0.165372,-0.000922,-0.165741,-0.05007,-0.122987,-0.109564,0.11273,0.234927,-0.125536,0.138399,0.228326,-0.253167,0.044467,-0.14586,0.192747,-0.212227,-0.416953,0.002163,-0.283331,-0.270985,-0.083566,0.098957,0.020228,0.15368,0.016472,0.236773,0.047091,-0.00634,0.04382,0.017034,-0.060489,-0.15537,0.060743,-0.18354,-0.152814,0.342802,-0.221317,-0.482858,-0.230232,-0.371179,-0.278918,-0.269961,-0.365542,-0.075778,-0.23904,-0.182149,-0.330305,-0.295606,-0.229917,-0.185488,-0.223793,-0.28064,-0.21359,-0.099152,-0.25038,-0.154871,-0.007664,0.040317,0.019421,-0.066392,0.004589,-0.298022,-0.174794,-0.140108,-0.216418,-0.26435,-0.30629,-0.057692,-0.272395,0.192848,0.054707,-0.225672,-0.375093,-0.343475,-0.107197,-0.235746,-0.301198,-0.303062,-0.195381,-0.162647,-0.42807,-0.184558,-0.217055,-0.13608,-0.07816,-0.282929,-0.292264,-0.11855,-0.350904,-0.272522,-0.062104,-0.325852,-0.401731,-0.254413,-0.126558,-0.43258,0.328242,-0.112077,-0.161179,-0.07418,-0.097839,0.001353,-0.020109,-0.241383,-0.319254,-0.179657,-0.201823,0.21192,-0.270101,-0.207914,-0.230549,-0.203516,-0.33459,-0.143901,-0.401398,-0.186762,0.29872,0.268963,-0.238931,-0.197659,-0.009985,-0.154319,0.06423,-0.045685,-0.386448,0.199633,-0.054486,0.237084,0.072067,-0.149043,0.186037,-0.119736,-0.189055,-0.231217,0.148247,-0.284366,-0.347018,-0.04302,0.22097,-0.11699,0.223249,0.048499,0.300067,0.221046,0.138814,-0.043239,0.147248,-0.007496,-0.086108,0.222563,0.028105,0.389021,0.135895,0.198276,0.105341,-0.136825,0.098079,-0.252208,-0.494671,0.344099,#
5,0.07766,-0.036324,-0.240642,-0.224567,-0.074763,1.0,0.106828,0.128942,0.112289,0.052239,0.239771,0.057823,-0.035864,0.186862,0.136624,0.078667,0.089093,0.01743,-0.300623,0.187758,-0.264036,0.262415,0.165216,-0.131672,0.1665,-0.247082,-0.051853,0.07025,0.064267,-0.116044,-0.086415,0.142608,-0.169949,-0.167545,-0.082226,-0.033341,-0.255028,0.055764,-0.043341,-0.209149,-0.098449,0.256868,0.011308,0.352186,0.18586,-0.086897,0.060387,0.063476,0.038313,0.248368,0.06042,0.030973,0.280091,-0.202009,-0.207966,-0.095924,0.13247,-0.122814,0.102659,0.077781,0.09925,-0.008265,-0.00474,0.106392,0.138351,0.039446,-0.214746,0.039575,-0.039861,0.131817,0.05598,0.002479,-0.052166,-0.097111,-0.179804,0.159064,-0.012706,0.109603,-0.163636,-0.136494,0.112732,-0.130759,-0.052146,-0.168105,-0.045962,0.085158,-0.110676,-0.304275,0.035155,-0.313222,0.032086,0.085594,-0.098483,0.118969,0.06068,0.070764,0.037262,-0.049151,-0.146406,-0.24614,-0.169727,0.102602,0.067917,-0.042534,0.064116,-0.018415,0.017232,-0.28811,-0.139527,-0.224364,0.146799,0.248255,-0.111123,-0.25516,-0.234957,-0.214052,-0.212882,0.092143,-0.125464,-0.115358,-0.035515,-0.161304,0.114859,-0.144544,-0.111731,0.134581,0.024198,0.181263,-0.09594,0.031607,-0.076345,-0.017203,-0.062286,0.025645,-0.104312,-0.139665,-0.023481,-0.245443,-0.135264,-0.187773,0.03193,-0.316897,-0.277027,0.014751,0.047177,0.019158,-0.249402,-0.019459,0.228557,-0.198693,-0.061683,0.016145,-0.09855,0.072888,-0.110935,0.121859,0.080579,0.122137,-0.269437,0.102785,-0.164874,-0.043148,0.06111,0.012139,-0.041657,0.087459,0.164079,0.070135,-0.021046,-0.232553,0.121471,0.065196,-0.101148,0.207393,0.116479,0.022216,0.053701,0.078521,0.227157,-0.020708,0.227143,0.22388,-0.002576,0.007731,-0.200607,-0.146418,0.121252,0.096792,-0.058422,0.094215,-0.006581,-0.147962,0.145683,-0.15078,0.107106,0.139479,0.099341,-0.071841,0.062081,0.156224,#
6,0.125122,0.286788,-0.02305,-0.266947,0.306597,0.106828,1.0,0.276761,0.498699,0.07324,0.094173,-0.099903,0.293164,0.026609,0.358432,-0.135553,-0.174247,0.011928,0.017514,0.111457,0.050407,0.256055,0.158183,-0.137703,-0.06038,-0.161808,0.10198,-0.159222,0.176854,0.188238,-0.443999,-0.111211,0.079414,0.047317,-0.187366,0.000491,0.036689,-0.305226,0.090099,0.141548,0.028408,0.291276,-0.21291,0.03352,-0.059687,-0.042135,0.195599,0.359509,0.101248,0.12443,0.174231,-0.266738,0.013749,-0.306781,-0.152468,0.107184,0.141289,0.10174,-0.08742,0.185832,0.048128,0.059556,-0.21115,0.164292,0.272972,0.297441,-0.020098,-0.058956,0.181672,-0.223117,0.150713,-0.21911,0.007445,-0.366774,-0.477229,0.492393,-0.102649,-0.261978,-0.252941,-0.146903,-0.209556,-0.374991,-0.211749,-0.283114,-0.448511,0.090017,-0.129069,-0.028257,-0.328394,-0.252131,-0.364533,-0.330903,-0.466155,0.154438,-0.318607,-0.268108,-0.010402,-0.039096,-0.000423,-0.083615,-0.062996,-0.044403,-0.067311,0.039727,-0.222273,-0.26528,-0.001566,-0.152605,-0.258047,-0.300862,0.285582,0.234464,-0.327246,-0.506847,0.06212,-0.013439,-0.231597,-0.165407,-0.036631,-0.375445,-0.165374,-0.309829,-0.18083,-0.415852,-0.032369,0.075669,-0.150213,0.214703,-0.302551,-0.058279,-0.374083,-0.492873,-0.342764,-0.130099,-0.143039,-0.242405,0.010368,-0.019885,0.029779,-0.436481,-0.351634,-0.081037,-0.196965,-0.103087,-0.122529,-0.283634,-0.351424,0.636608,-0.006735,-0.394581,-0.025538,-0.252825,-0.225618,-0.203622,-0.280673,0.211766,0.302959,0.351947,-0.15085,-0.253153,0.364816,-0.023224,0.216457,-0.088967,0.056621,0.32683,-0.034553,-0.063439,-0.209946,0.00347,-0.068725,-0.133615,-0.096829,-0.134834,0.138687,-0.078352,-0.166907,0.33311,0.54721,-0.182862,0.204784,0.30426,-0.017109,-0.089248,0.317299,0.011076,0.249776,-0.026616,-0.373192,0.275302,0.180562,0.202713,0.230544,-0.020685,0.083119,0.00601,0.253494,-0.147634,-0.130902,-0.085135,#
7,0.100497,0.226187,-0.054534,-0.32002,-0.035151,0.128942,0.276761,1.0,0.197846,-0.033219,-0.170812,-0.022459,0.055181,0.137351,0.093999,0.016552,-0.009198,-0.010542,-0.156672,-0.045459,0.0013,0.388563,0.097035,0.297031,-0.093845,-0.013319,0.327388,0.098076,-0.036831,-0.101506,-0.31754,0.296291,0.007667,-0.018407,-0.064648,-0.022,0.033811,-0.49073,0.229382,-0.114375,-0.005307,0.171727,0.012458,0.127383,-0.084666,0.055564,0.142878,0.272121,-0.135402,0.05694,-0.003482,-0.208343,0.207542,-0.088681,-0.287792,-0.049018,0.211881,-0.129094,0.107483,0.159191,-0.010388,0.073066,-0.229171,0.280078,0.225566,0.177996,-0.149211,0.073536,0.216199,-0.250569,0.109032,0.075782,-0.237139,0.063055,-0.313177,0.220147,-0.135154,-0.022819,-0.380278,0.014972,-0.003095,-0.170262,0.061475,-0.06897,-0.129983,0.272269,0.096546,-0.073099,-0.032167,-0.227723,-0.163557,-0.18663,-0.147297,0.102595,-0.234382,-0.079778,0.005123,0.00075,-0.113798,-0.222532,-0.046394,-0.13834,-0.030064,0.021797,-0.173188,-0.239654,0.027085,-0.18469,-0.190571,-0.398641,0.124314,0.111191,-0.304095,-0.093119,0.101637,-0.021221,-0.286857,0.074512,-0.208384,-0.079296,-0.083857,-0.262512,0.037016,-0.288138,0.078311,-0.043349,-0.04003,-0.135857,-0.136679,-0.025985,-0.346352,-0.195212,0.083123,-0.074204,0.135478,0.038141,0.194895,-0.055408,0.043842,-0.370557,-0.331136,-0.090015,-0.168011,0.137509,-0.041242,-0.171782,-0.382798,0.218672,-0.134711,-0.082873,-0.170739,-0.079457,-0.16652,-0.129314,0.073327,0.134395,0.195494,0.012665,-0.252611,0.14417,0.201826,0.011149,0.016825,0.019576,0.1725,0.127234,-0.037496,-0.145497,-0.258903,-0.086559,-0.010576,-0.009588,-0.261873,-0.126787,0.089913,-0.026005,-0.026794,0.02007,0.131899,-0.32024,0.129656,0.083695,0.15725,0.00843,-0.100368,0.082234,-0.019872,-0.182025,-0.103148,0.147968,0.184822,0.127445,0.190993,-0.271498,0.07723,0.227531,0.051663,-0.237898,-0.116137,0.000318,#
8,0.251449,0.209311,-0.126273,-0.265094,0.055915,0.112289,0.498699,0.197846,1.0,0.201944,-0.038713,-0.11401,0.424166,0.196011,0.21919,-0.255825,-0.306016,0.254223,0.187756,-0.034049,0.098826,0.177237,0.289781,0.066905,0.129881,-0.249505,0.253261,0.085342,0.394832,0.205466,-0.230396,0.003801,0.137842,-0.015601,-0.261985,0.055012,0.117593,-0.257108,-0.024377,-0.008382,0.180037,0.031689,-0.136766,0.043038,0.073857,-0.270076,0.335011,0.263364,0.044107,0.032721,-0.05073,-0.208105,-0.024593,0.009124,-0.241524,-0.114983,0.149419,-0.029588,0.274532,0.007197,0.210023,-0.087176,-0.145471,0.137954,0.119677,0.382809,0.052649,0.027845,0.293108,-0.148553,0.164362,-0.11139,-0.127021,-0.106854,-0.245906,0.273394,-0.05274,-0.206753,-0.155888,-0.223239,-0.009927,-0.358047,-0.141097,-0.250072,-0.230439,0.20836,0.039684,-0.057277,-0.09828,-0.19045,-0.257978,-0.095533,-0.614447,0.482528,-0.122128,-0.027917,0.145464,-0.095973,0.182908,-0.143166,-0.086893,0.057375,0.085968,0.085739,-0.04886,-0.235689,-0.141415,-0.050662,-0.178896,-0.199233,0.35426,0.333312,-0.198407,-0.258366,0.003647,-0.135587,-0.151481,-0.066675,0.151024,-0.218801,-0.161279,-0.323435,0.036383,-0.437558,0.079802,0.189849,-0.05269,0.185573,-0.081204,-0.056203,-0.300842,-0.355837,-0.085904,-0.060162,-0.09619,-0.025235,-0.211832,-0.103129,0.133994,-0.157515,-0.188842,-0.126267,-0.320566,-0.207314,-0.165173,-0.051779,-0.225279,0.318467,-0.019689,-0.209096,0.095366,-0.273729,-0.016945,-0.248422,-0.055465,0.106099,0.445033,0.502972,0.021718,-0.149912,0.151236,-0.025652,0.173491,-0.07911,0.146493,0.330106,0.030257,-0.096861,-0.335227,0.024464,-0.287827,0.193151,-0.180674,-0.251053,0.236371,-0.102386,-0.188947,0.213772,0.48075,-0.325537,0.17938,0.160333,-0.130145,-0.159129,0.153069,0.05049,0.327661,-0.006101,-0.445494,0.152999,0.199259,-0.05144,0.209594,-0.088136,-0.003466,0.054396,0.215803,-0.167984,0.125974,-0.032947,#
9,0.177597,0.34307,-0.086215,-0.060746,0.075226,0.052239,0.07324,-0.033219,0.201944,1.0,0.02271,-0.248288,0.27908,0.090447,0.229293,-0.081306,-0.271362,0.214196,0.139198,-0.200122,-0.081811,0.186426,0.27084,0.093722,-0.158068,0.051221,0.150425,0.014766,-0.002629,0.340268,-0.120809,0.165893,0.165895,0.287159,-0.375679,-0.060169,-0.053625,-0.150382,0.103172,-0.010032,-0.118145,0.158295,0.228878,0.146784,0.083213,-0.364853,0.15983,0.097616,-0.234286,0.134958,-0.06161,-0.061307,0.065382,-0.14863,0.055883,-0.24154,-0.036826,0.081178,-0.151427,-0.012724,0.278657,-0.035339,-0.401391,0.153297,0.030613,0.183735,-0.082331,0.129896,0.069208,-0.189541,-0.069395,-0.219694,-0.030409,-0.245799,-0.021452,0.123392,-0.176761,-0.334663,-0.072223,-0.089064,-0.143992,-0.135104,-0.174672,-0.017207,-0.098429,0.0149,-0.310858,-0.293484,-0.183845,-0.113934,-0.171755,-0.116208,-0.353292,-0.02831,-0.085432,-0.05292,-0.036528,0.025969,0.110683,-0.23781,-0.12394,-0.359138,-0.22509,-0.141905,-0.225002,-0.049638,-0.27176,-0.149356,-0.261836,-0.257411,0.103659,0.219526,-0.063535,-0.333889,-0.372703,-0.123225,-0.19037,-0.277094,0.254984,-0.485385,-0.190222,-0.135999,0.00815,-0.276111,-0.220894,0.214291,-0.150808,-0.233867,-0.200652,-0.074667,-0.018079,-0.293639,-0.127113,0.248775,-0.326386,0.037997,0.060882,-0.109401,0.207427,-0.315383,-0.15099,-0.043555,-0.382247,-0.124031,-0.129961,-0.192491,0.075531,0.228192,-0.314884,-0.051811,-0.395521,-0.165763,0.026858,-0.024854,-0.13673,-0.091624,0.244946,0.437713,-0.200133,-0.146974,-0.222601,-0.023423,-0.065345,0.020746,-0.125546,0.303627,-0.313572,-0.072966,-0.032598,0.001339,0.059488,0.10875,0.035751,-0.22309,0.356591,-0.236557,-0.100824,0.095631,-0.012376,0.058766,0.022179,0.263671,-0.310434,0.027434,-0.072954,0.095988,0.191009,-0.275233,-0.113052,0.408762,-0.072363,0.10978,-0.101168,0.108441,0.043478,-0.183248,0.016558,-0.165534,0.127186,-0.073577,#
10,-0.121427,-0.15294,-0.086698,0.236109,0.110557,0.239771,0.094173,-0.170812,-0.038713,0.02271,1.0,-0.043537,-0.362858,-0.147509,0.044373,0.28109,0.087839,-0.110662,-0.01617,-0.071444,-0.208492,0.000537,0.046802,-0.083122,0.138409,0.087358,-0.094166,-0.001259,0.009698,-0.31666,0.187924,-0.075089,-0.01174,-0.03242,0.174102,0.02831,-0.053813,0.053972,-0.069632,0.124058,-0.134935,-0.084426,-0.151799,0.180578,0.137192,0.11177,-0.230522,-0.094644,0.220403,0.022705,-0.00875,0.153729,-0.003127,-0.16721,-0.07449,0.169468,-0.026816,0.0819,-0.07487,-0.022095,-0.010347,0.006244,0.097019,-0.16656,-0.022119,-0.307089,-0.073252,-0.23626,-0.283761,0.239397,-0.087093,-0.034015,0.216018,0.088734,0.062032,0.133451,-0.160328,-0.060881,-0.005467,-0.124492,-0.23005,0.04615,0.186935,-0.268691,-0.01369,-0.137049,0.040425,0.035008,-0.300656,-0.106961,0.031944,-0.14719,-0.008466,-0.193697,-0.025001,0.128346,-0.10885,0.030119,-0.14825,0.003304,0.055575,0.050754,0.186913,-0.082518,-0.02829,-0.057126,-0.065834,-0.116078,0.098882,0.175408,-0.153438,0.002088,0.077477,-0.202641,-0.054213,-0.127419,0.198108,-0.076761,-0.03455,0.13716,0.194649,-0.000198,0.136116,-0.009702,-0.091056,-0.098712,-0.155842,0.2141,-0.151971,-0.127953,0.116653,0.052447,-0.136808,-0.10294,0.087978,0.173975,0.028009,-0.096011,-0.06281,-0.072206,-0.103681,-0.013957,0.123836,-0.043961,-0.107493,-0.022435,-0.035069,-0.168578,0.167968,0.201798,0.135681,0.238749,-0.297708,-0.037965,0.080415,-0.106044,-0.275819,-0.075076,-0.072012,0.032316,-0.172708,-0.019345,0.084633,-0.290992,-0.287175,-0.002772,0.048025,0.201288,0.279562,-0.103733,0.026352,-0.092352,-0.202149,0.070304,-0.146309,0.069168,-0.061489,0.053803,-0.006573,0.239629,0.082357,0.141961,0.049794,0.20327,-0.131833,-0.175022,-0.132164,-0.120583,0.177231,-0.255577,-0.243416,-0.013047,-0.011787,-0.072404,-0.015931,-0.158666,0.165763,-0.04511,-0.258869,-0.035146,#
11,0.050624,-0.107615,0.052226,-0.137792,0.095214,0.057823,-0.099903,-0.022459,-0.11401,-0.248288,-0.043537,1.0,-0.145714,-0.197124,-0.034859,0.126889,0.043349,-0.027409,-0.353343,0.010627,-0.364997,0.184569,-0.108448,-0.117698,-0.025654,0.070699,-0.122025,-0.184211,-0.021892,0.007564,-0.144385,0.08791,0.009177,0.07717,0.180743,0.073834,-0.417817,0.085357,-0.200899,0.151485,-0.056967,0.106977,-0.101203,-0.316224,-0.090686,-0.036783,-0.209296,-0.103036,-0.126858,0.097262,-0.208581,0.006207,-0.155194,-0.048437,0.058977,-0.053702,-0.155214,-0.038281,0.024412,0.041629,-0.083262,0.022424,0.074948,-0.280512,0.146391,-0.186413,-0.147248,-0.153503,-0.135083,0.2252,0.109358,-0.057394,0.059097,0.036094,-0.279007,-0.13693,-0.197433,-0.065336,-0.042653,0.060085,0.254296,-0.157419,-0.120765,-0.182071,0.048056,0.101775,0.091454,-0.012557,-0.030759,-0.085947,0.160913,0.021455,0.032494,-0.032268,-0.058452,0.098548,-0.037786,-0.003236,-0.115182,0.051599,-0.039532,0.064219,0.023251,0.050764,-0.204443,-0.128408,0.172481,0.018551,-0.007647,0.188229,-0.198987,-0.007421,-0.317923,0.156548,-0.081838,-0.256852,0.032916,0.139896,-0.221099,0.205648,0.015479,-0.14405,-0.089125,0.184221,-0.07878,-0.002686,0.084956,-0.115289,0.025676,0.207831,-0.100944,0.083433,-0.024401,-0.210633,-0.065427,-0.082258,-0.045493,-0.239747,-0.076729,-0.014262,0.260244,-0.037653,0.107736,-0.015195,-0.256738,-0.075855,0.062545,-0.17995,-0.122756,0.130383,0.058353,-0.146504,0.005258,0.031772,-0.097735,0.01913,-0.126812,-0.186131,-0.0141,0.097032,0.050945,-0.150702,-0.076925,-0.098391,-0.130495,-0.076217,0.127705,0.14341,0.178911,-0.06992,0.174641,0.009575,-0.101163,0.238293,0.093489,-0.090762,-0.328011,-0.069861,-0.050111,-0.034585,0.09873,-0.204451,0.12518,0.212894,0.160079,-0.093528,0.091582,0.092334,0.027409,-0.228571,-0.165567,0.031079,-0.002752,-0.002266,-0.084401,0.086074,0.095839,-0.014143,0.031796,-0.03756,#
12,0.38082,0.29138,-0.105912,-0.175476,0.03752,-0.035864,0.293164,0.055181,0.424166,0.27908,-0.362858,-0.145714,1.0,0.367144,0.184258,-0.366651,-0.259032,0.32584,0.072342,0.167065,0.198189,0.210715,0.407285,-0.095067,-0.234932,-0.200985,0.164251,-0.18374,0.2093,0.248188,-0.34785,0.059984,0.307947,-0.174144,-0.160712,-0.057917,0.131012,-0.050427,-0.045734,-0.335883,0.273163,0.376894,0.063348,-0.039669,0.051458,-0.381631,0.487862,0.318255,-0.177097,0.014406,0.168541,-0.086896,0.093759,-0.024383,-0.26636,0.066406,0.210081,-0.061752,0.074293,0.052126,0.253616,0.128877,-0.061675,-0.043432,0.167168,0.447591,0.035619,0.368533,0.320001,-0.205913,0.258377,0.086811,-0.140379,-0.126305,-0.224719,0.210223,0.105788,-0.173449,-0.090556,-0.151944,-0.004747,-0.267756,-0.271172,-0.121013,-0.019573,0.197802,-0.176686,0.158035,0.053502,-0.150134,-0.243771,0.026443,-0.37446,0.27897,-0.119579,0.11015,0.388615,-0.030685,0.087754,-0.303459,0.140251,-0.080426,-0.05627,-0.019873,-0.134526,0.032327,-0.201803,-0.13743,-0.40199,-0.114629,0.438478,-0.045347,-0.065516,-0.307154,-0.066875,-0.018734,-0.354401,-0.059606,0.168884,-0.481395,-0.129916,-0.360493,0.004722,-0.346804,-0.031147,0.322359,-0.286375,0.004914,0.142476,0.14761,-0.238058,-0.137571,-0.155397,0.036433,-0.202222,-0.033185,-0.147625,-0.066612,0.204206,-0.052122,-0.11724,-0.256652,-0.22561,-0.219248,-0.008287,-0.086555,-0.204924,0.290982,-0.096569,-0.114127,-0.200954,-0.42662,0.272443,-0.159369,-0.096622,0.172442,0.540023,0.415967,0.053117,-0.281024,-0.007527,-0.150594,-0.029562,0.187714,0.188671,0.30804,0.105745,-0.090523,-0.138586,0.061804,-0.146062,0.082777,0.03002,-0.195119,0.30155,-0.072757,0.032236,0.161782,0.350009,-0.27786,0.087768,0.056082,-0.320592,-0.3642,0.270887,0.003775,0.440381,0.033724,-0.487007,0.392587,0.329023,0.041299,-0.041558,-0.007867,-0.049659,0.024358,0.093539,-0.150566,0.205865,0.008696,#
13,0.283859,0.188355,-0.162101,-0.28549,-0.146956,0.186862,0.026609,0.137351,0.196011,0.090447,-0.147509,-0.197124,0.367144,1.0,0.174788,-0.127392,-0.344571,0.160635,0.10035,0.101596,0.063733,0.2244,0.58777,0.060163,-0.128038,-0.268206,0.440529,0.178078,0.278485,0.23228,-0.219434,0.182869,0.295355,-0.121925,-0.049531,0.074301,-0.048326,0.074719,0.06867,-0.265676,0.051701,0.173031,0.269762,0.249633,-0.145676,-0.531291,0.353838,0.186047,-0.115078,0.179035,0.216898,-0.003595,0.031285,-0.037392,-0.123171,-0.027979,0.088063,-0.042479,0.282642,0.099021,0.381292,0.132094,-0.200574,0.116643,0.127648,0.396361,-0.071712,0.482385,0.270192,-0.043607,-0.020476,-0.103798,-0.031487,-0.117764,-0.194533,0.165898,0.058758,0.105372,-0.236159,-0.02314,-0.320636,-0.227,-0.061726,0.106292,-0.08451,-0.021169,0.029186,0.001662,0.084246,-0.277598,-0.30245,-0.117262,-0.273626,0.310896,0.080865,-0.111791,0.090195,-0.005205,-0.03621,-0.370113,-0.163434,-0.05057,-0.106266,-0.210776,-0.002051,-0.000549,-0.085671,-0.393372,-0.218319,-0.013372,0.298927,0.102919,-0.128674,-0.089232,-0.142214,-0.125405,-0.38205,-0.135755,0.095647,-0.212871,-0.02076,-0.351512,-0.063332,-0.193141,-0.062089,0.174933,-0.202727,-0.073327,0.101164,-0.166179,-0.215321,0.09649,-0.273226,0.20742,-0.363647,-0.083167,-0.13373,-0.282667,0.246847,-0.034544,-0.171443,-0.381264,-0.269837,-0.25181,-0.141656,0.011674,-0.233228,0.049715,0.015405,-0.220583,-0.129201,-0.325235,-0.035133,-0.188771,-0.155228,0.129941,0.474496,0.277906,-0.030533,-0.113402,-0.077705,-0.148417,-0.07324,0.303372,0.024621,0.098386,0.058748,0.157293,-0.154213,-0.070979,-0.080489,0.121587,-0.03003,-0.356081,0.36851,-0.06353,0.075469,-0.016841,0.461519,-0.344661,0.19757,0.004523,-0.338598,-0.064241,0.193906,0.160797,0.012094,-0.322383,-0.263417,0.463049,0.005322,-0.064015,0.173037,0.068964,0.076663,0.01275,0.389941,-0.133514,0.135944,-0.016796,#
14,0.031243,0.370232,-0.151162,-0.280425,0.334355,0.136624,0.358432,0.093999,0.21919,0.229293,0.044373,-0.034859,0.184258,0.174788,1.0,-0.141362,-0.10586,-0.114751,0.006563,0.055718,0.054245,0.01697,0.177367,0.027736,-0.098145,-0.036816,0.048465,0.28099,0.417198,0.16151,-0.366542,0.122719,0.246032,-0.069413,-0.231811,0.167757,-0.255235,-0.126725,0.174265,0.171088,-0.301856,0.285532,-0.222703,0.239255,0.16769,-0.115849,0.257336,0.016749,-0.01893,0.419869,-0.010828,-0.193738,-0.012464,-0.06936,0.038183,-0.101717,-0.178812,-0.027729,-0.125503,0.128508,-0.049051,0.33167,-0.248087,0.288369,0.142226,0.100631,-0.031911,0.066177,-0.072939,-0.409583,-0.129604,-0.290586,0.185425,-0.222237,-0.423776,0.202592,-0.088386,-0.2937,-0.349815,-0.397715,-0.299221,-0.380976,-0.348824,-0.098378,-0.507106,-0.070879,-0.224105,-0.270363,-0.491384,-0.302231,-0.186328,-0.206881,-0.339094,-0.038106,-0.20507,-0.144449,-0.069239,-0.0655,-0.086443,-0.25867,0.207383,-0.264627,-0.369134,-0.272618,-0.243392,-0.146357,-0.416212,-0.144858,-0.288229,-0.193169,-0.035958,0.046455,-0.391629,-0.307664,-0.382463,-0.196401,-0.260711,-0.339322,-0.309837,-0.212716,-0.320293,-0.160375,-0.334635,-0.118561,0.124778,-0.332921,-0.271615,-0.182621,-0.419021,-0.261616,-0.258027,-0.394077,-0.334933,0.187415,-0.303567,-0.164375,0.065689,-0.302598,0.050048,-0.097274,-0.240955,-0.300806,-0.239017,-0.122647,-0.178321,-0.349403,-0.174816,0.116221,-0.229405,-0.265048,-0.246497,-0.241965,-0.233024,-0.034728,-0.345814,0.098807,0.337119,0.330513,-0.265524,0.101793,0.026318,-0.136408,0.013997,-0.060698,-0.215075,0.317314,-0.034373,0.131302,-0.005314,-0.226578,0.388519,0.025919,-0.07071,-0.367786,0.497045,-0.213007,-0.317104,0.073696,0.324636,-0.201988,0.246298,0.27984,0.236985,0.112551,0.164995,-0.12903,0.091277,-0.103359,-0.144184,0.249612,-0.087262,0.430839,0.098779,0.027329,-0.215872,-0.081941,0.058128,-0.174617,-0.13298,0.171144,#
15,-0.199431,-0.129679,-0.195021,-0.09761,-0.173411,0.078667,-0.135553,0.016552,-0.255825,-0.081306,0.28109,0.126889,-0.366651,-0.127392,-0.141362,1.0,0.08687,-0.317796,0.247276,-0.052066,-0.191176,0.168669,-0.253167,-0.011618,0.031492,0.022011,-0.087003,0.029016,7.8e-05,-0.229216,-0.092931,0.071349,-0.010561,0.067732,0.304546,0.186974,-0.091237,0.176238,-0.168555,0.169958,0.043936,-0.304264,0.074764,0.047852,-0.047592,0.131047,-0.439226,-0.252514,0.073606,0.146526,0.114218,0.103561,-0.0908,0.113227,-0.052585,0.20555,0.086069,-0.126915,0.064161,-0.033008,0.011807,0.021271,0.171363,0.019826,0.098194,-0.355396,-0.237138,-0.129543,0.037037,0.210071,-0.064035,-0.027732,0.28494,0.015773,0.164963,-0.057967,-0.132797,0.025972,0.096922,0.041466,-0.055891,-0.108696,0.205697,-0.092787,0.166811,-0.029997,0.117309,-0.298059,-0.022836,0.152958,0.22878,-0.146794,0.082156,-0.369645,-0.013252,0.062364,-0.095677,-0.140541,-0.324731,-0.008111,0.043945,0.051531,-0.082069,-0.017761,0.132351,-0.032297,0.123504,-0.098456,0.005888,-0.10223,-0.228515,-0.12552,0.094201,0.142125,-0.161146,-0.119916,0.105421,0.19269,-0.148843,0.308976,0.123376,0.21923,-0.034753,-0.010979,-0.016476,-0.088248,0.23819,0.02384,-0.002204,-0.123893,-0.045902,0.13717,0.05055,-0.00121,-0.081491,0.099611,-0.120475,-0.088162,-0.252018,-0.069342,-0.105421,0.109084,-0.057757,0.271103,-0.169297,-0.02324,-0.124956,-0.322493,-0.107773,-0.137458,0.005867,0.14914,-0.210393,0.160811,-0.001085,0.003795,-0.420542,-0.132087,-0.061776,0.137036,0.013207,-0.012145,-0.203867,-0.079696,-0.356702,-0.178521,0.050399,0.159935,0.02568,0.111324,-0.059939,0.039041,-0.099273,0.179077,-0.04909,-0.00405,-0.040005,0.060161,-0.261273,0.246543,0.103073,-0.00294,0.2399,0.123581,-0.237398,0.012804,-0.242075,-0.09278,0.200617,-0.246743,-0.331412,-0.184007,-0.093034,-0.010214,0.036344,0.188363,0.166079,0.143918,-0.141697,-0.148238,#
16,0.17606,-0.039677,0.025791,-0.00848,0.205176,0.089093,-0.174247,-0.009198,-0.306016,-0.271362,0.087839,0.043349,-0.259032,-0.344571,-0.10586,0.08687,1.0,-0.050159,-0.154542,-0.299014,-0.180065,-0.166194,-0.370209,-0.05777,-0.064295,-0.0012,-0.371887,-0.046793,-0.186077,-0.115612,0.126053,-0.186455,-0.127551,-0.301087,0.2271,0.145568,-0.079569,-0.053162,-0.099647,0.142676,-0.191486,-0.352779,-0.161735,0.169484,0.078146,0.249067,-0.338987,-0.361861,-0.035624,-0.148384,0.085647,-0.075301,-0.010348,-0.03905,0.174328,-0.088447,-0.259632,0.042568,-0.116236,0.067279,-0.239734,-0.099607,0.163301,-0.002951,0.076361,-0.10364,0.135128,-0.143175,-0.150147,-0.003911,-0.302406,0.174868,0.08068,-0.112308,-0.032854,0.084395,0.041004,0.008818,-0.006927,-0.074344,-0.171248,0.09994,-0.080315,0.050045,0.051741,-0.242718,-0.226494,-0.244492,0.085017,-0.119929,-0.0501,-0.255835,0.207585,-0.43161,-0.026086,-0.242788,-0.08165,-0.153935,-0.36222,0.072142,0.193538,-0.232708,-0.018522,0.041101,-0.061206,-0.146561,-0.057988,0.105969,-0.090794,0.230176,-0.211348,-0.017335,-0.010268,-0.07574,-0.148783,0.129045,-0.002955,-0.167458,-0.30049,0.282609,-0.355264,0.191871,-0.319468,0.204773,0.10071,-0.210195,0.003073,-0.019979,-0.196692,-0.019317,-0.083138,0.18097,-0.076882,-0.257248,-0.036808,-0.226417,0.32504,-0.226198,-0.597755,-0.085859,-0.140557,0.154911,-0.015545,-0.05264,-0.020645,-0.083313,-0.08027,-0.061925,-0.014255,0.00948,-0.047847,0.211333,-0.163243,-0.003833,-0.190324,-0.446747,-0.296438,-0.166307,-0.261409,-0.023298,-0.026515,0.022709,0.055734,-0.362934,-0.206797,-0.071582,-0.009557,-0.143116,0.085132,-0.181055,0.2599,-0.148289,-0.24327,0.156112,-0.209694,-0.120207,-0.088255,-0.002057,-0.148853,0.194392,0.024195,-0.00205,0.536043,0.069765,0.034776,-0.11514,0.032463,0.232081,0.406969,-0.066754,-0.096261,0.190804,0.202856,0.198157,-0.161103,0.466691,-0.181014,-0.148074,-0.430512,0.169559,#
17,0.311021,0.351394,-0.038181,-0.081187,0.148361,0.01743,0.011928,-0.010542,0.254223,0.214196,-0.110662,-0.027409,0.32584,0.160635,-0.114751,-0.317796,-0.050159,1.0,0.182745,-0.057495,0.322026,0.045747,0.272729,-0.201774,0.017778,-0.074286,0.114308,0.060183,0.033542,0.183544,-0.167445,0.052302,0.146327,0.063369,-0.015982,-0.058035,0.053801,-0.149338,0.016117,-0.220547,0.027193,0.148532,0.233045,-0.085529,-0.144081,-0.284865,0.247984,0.26852,-0.01086,-0.13873,0.309254,-0.046203,-0.187407,-0.002576,0.106309,-0.165902,-0.082386,-0.085781,0.076501,-0.065504,0.055595,0.19988,-0.218517,-0.052776,-0.069172,0.321892,0.145915,0.307266,0.244607,0.239767,0.011747,0.056513,-0.38407,-0.028682,0.036178,0.200476,-0.189094,-0.147015,-0.041551,-0.378135,0.060798,-0.14041,-0.200379,-0.090166,-0.098019,0.190041,-0.22087,0.144535,0.203953,-0.022986,0.005002,-0.049918,-0.1237,0.333471,-0.098951,0.109434,0.228183,-0.158717,-0.017472,-0.445166,-0.22712,-0.252509,-0.1783,0.06368,-0.175185,-0.144555,-0.198636,-0.255059,-0.382835,0.000312,0.345586,0.03342,0.126101,-0.182253,0.082046,-0.110367,-0.448276,-0.136032,0.395003,-0.340996,-0.199527,-0.132163,-0.108091,-0.313484,-0.137441,0.208207,0.007595,0.013671,0.100642,-0.168544,0.064615,-0.154358,0.081054,-0.035651,-0.047321,-0.08835,-0.032461,-0.145835,0.233061,-0.064586,-0.079816,0.030678,-0.165855,-0.205606,-0.094539,0.114666,-0.071068,0.293603,-0.097724,-0.160236,-0.224129,-0.105315,0.144413,-0.166497,-0.185294,-0.069953,0.405152,0.373341,-0.269131,-0.191073,-0.157435,0.092849,0.184775,0.248503,-0.089791,0.534623,-0.061433,-0.104537,-0.15568,0.012906,-0.137403,0.179741,-0.149045,-0.179184,-0.000315,-0.214575,0.044419,0.082995,0.296524,-0.225461,-0.029676,0.048264,-0.309798,-0.115635,0.104215,-0.143939,0.205197,0.194078,-0.452823,0.360553,0.058741,0.096633,0.041128,0.075072,-0.084398,-0.051034,0.064459,-0.174392,0.1848,0.098578,#
18,0.089661,0.301442,-0.028317,-0.012962,-0.064721,-0.300623,0.017514,-0.156672,0.187756,0.139198,-0.01617,-0.353343,0.072342,0.10035,0.006563,0.247276,-0.154542,0.182745,1.0,-0.150227,0.373987,-0.310933,-0.04198,0.055035,-0.033042,-0.108485,0.151732,0.165228,0.197965,0.164599,-0.132267,-0.128579,0.192554,-0.03073,0.070614,0.020006,0.135706,0.098829,-0.215103,0.005498,0.058025,-0.344487,0.026037,0.013159,-0.043642,-0.161256,0.141329,-0.017291,0.202254,-0.028587,0.054669,0.106622,-0.114797,0.120449,0.16148,-0.013992,-0.063503,-0.083183,-0.004505,-0.244668,-0.030159,0.144666,-0.030351,0.116589,-0.092215,0.043915,0.048624,-0.056088,0.01786,-0.010366,-0.199959,-0.172305,-0.000173,-0.021554,0.123233,0.042164,-0.155961,-0.039697,0.100255,-0.180749,-0.2201,-0.090676,0.05477,0.253477,-0.04271,0.047879,-0.016385,-0.051432,-0.000644,0.232612,0.123446,-0.187572,-0.276829,-0.18035,-0.105738,-0.043369,-0.002278,-0.139545,-0.033494,-0.03307,-0.053382,-0.168857,-0.270047,-0.173216,-0.139914,0.126121,-0.280851,0.007178,-0.143397,-0.048741,0.147422,-0.053349,0.237201,-0.129827,0.023603,-0.159961,-0.00327,0.118319,0.226431,-0.132989,-0.028875,0.226149,-0.102305,-0.194186,-0.032511,0.043919,-0.024509,-0.010313,0.104203,-0.252965,0.080251,-0.120952,0.02771,0.101494,-0.102369,0.0711,-0.117974,-0.022263,-0.030545,-0.00383,-0.183959,-0.044393,-0.269525,0.009565,0.084865,0.076981,0.013008,0.116307,-0.08484,-0.146121,-0.058188,-0.052468,0.128368,0.104064,-0.058383,-0.017906,-0.035397,0.219495,0.021722,0.182093,-0.071803,0.028636,0.006453,0.103825,-0.140226,-0.061789,0.002791,0.048298,-0.011843,0.097256,-0.258752,0.07744,0.120812,0.007195,0.115627,0.157283,0.106917,0.147622,0.040746,-0.147494,-0.031459,0.047435,-0.009014,-0.219879,0.078918,-0.021842,-0.10883,0.068958,-0.127238,0.120846,0.003881,-0.082664,0.178598,0.149122,-0.071938,-0.159875,0.117753,-0.086409,-0.106115,-0.105711,#
19,-0.245511,-0.101085,-0.035284,0.159754,-0.041629,0.187758,0.111457,-0.045459,-0.034049,-0.200122,-0.071444,0.010627,0.167065,0.101596,0.055718,-0.052066,-0.299014,-0.057495,-0.150227,1.0,0.078779,0.168644,0.125236,-0.208551,0.052462,-0.178643,0.14259,-0.150646,-0.134057,-0.181194,-0.1199,0.127338,0.110809,-0.048738,-0.032267,-0.274226,-0.007288,0.140437,-0.105449,-0.113852,0.344915,0.454697,-0.109985,-0.224718,0.030877,0.029081,0.252601,0.381031,0.211711,0.053336,0.144557,0.053309,0.064184,0.095332,-0.124142,0.329381,0.198215,-0.294726,0.17532,-0.002701,-0.035975,-0.132813,0.100204,0.083162,-0.005029,0.071773,0.179855,0.199382,0.046932,0.116787,0.322369,0.044828,0.175747,0.154865,0.114672,-0.21176,0.277378,0.081686,0.224509,0.014557,0.337028,0.095494,0.085008,-0.289914,0.175212,0.118465,0.079191,0.339696,0.18058,0.030696,0.279147,0.156341,0.131245,0.240415,0.101561,0.208156,0.347665,0.110586,-0.037552,0.063068,0.10113,0.299364,0.056993,0.077169,0.168232,0.279868,0.17487,-0.225769,0.138123,-0.066058,0.344832,-0.288131,0.125942,0.120584,0.15572,-0.006321,-0.081062,0.32713,0.017331,-0.008887,0.280618,-0.061052,0.349828,-0.109309,0.201841,0.11359,-0.053112,0.141509,0.098367,0.276414,-0.009359,0.186396,-0.006722,0.000494,0.212887,0.087362,-0.132876,0.19535,0.095554,0.228789,0.340969,-0.092073,0.025848,0.088537,0.031204,0.092944,-0.11605,-0.078784,0.287127,-0.145297,0.115417,0.012823,0.134887,0.219372,0.20376,0.425856,0.019148,-0.11607,0.412345,-0.043304,-0.062479,-0.114168,-0.08722,0.360482,0.127202,0.026415,0.309788,0.221349,-0.23203,0.15497,-0.292301,-0.06417,0.266883,0.143794,-0.052024,0.206178,0.280618,-0.179935,-0.080695,0.027276,-0.020459,-0.016046,-0.064493,-0.022872,-0.207465,-0.030766,0.038361,0.083474,-0.266914,-0.151366,0.153344,-0.138053,-0.185793,-0.232979,0.060724,-0.280426,-0.038291,0.184433,0.054134,0.065151,#
20,-0.121203,0.140838,-0.037271,0.082553,-0.114729,-0.264036,0.050407,0.0013,0.098826,-0.081811,-0.208492,-0.364997,0.198189,0.063733,0.054245,-0.191176,-0.180065,0.322026,0.373987,0.078779,1.0,-0.121351,-0.030781,0.071019,0.131501,0.154666,-0.04603,-0.020588,0.023753,0.106014,0.07648,-0.207759,0.110311,0.130047,-0.01164,-0.049852,0.162895,-0.177367,0.069685,-0.116326,-0.043624,-0.011439,0.061769,-0.191006,-0.032011,0.108682,0.254876,0.029966,0.113655,-0.064551,0.069722,-0.012933,-0.219621,0.334769,-0.04073,0.148582,-0.075769,0.029806,0.059694,-0.036663,0.163598,0.171506,-0.156829,0.010014,-0.197891,0.0747,-0.086083,0.174277,0.073498,-0.163843,-0.158541,0.126726,-0.128123,0.194597,0.200782,-0.046048,0.134516,0.054759,0.017197,-0.17589,0.07545,-0.005198,0.111068,-0.034525,-0.06938,-0.070596,0.07805,0.24139,0.178945,0.165445,0.151863,0.036477,0.054344,0.144639,-0.228853,0.030434,0.168202,-0.10855,0.037271,0.054286,0.043794,0.0282,-0.086177,-0.109283,-0.100691,0.032108,-0.094492,0.048668,-0.057104,-0.169493,0.159047,-0.2048,0.117712,0.040583,0.226763,0.257308,0.011132,0.116016,0.178082,0.03558,0.114058,0.333174,0.044624,-0.083143,0.215044,-0.044856,-0.065573,-0.011894,0.116789,0.107468,0.182633,-0.210336,0.214013,0.038747,0.119609,0.148864,-0.184754,0.073947,0.134292,0.264842,-0.089347,-0.045671,0.167974,-0.067874,0.30126,0.065919,0.162206,0.218123,0.057211,-0.163312,-0.097018,0.132306,0.306798,-0.028826,0.102748,0.196486,0.172646,0.060222,0.161887,-0.068165,-0.011972,0.064194,0.018981,0.095706,0.151215,0.289639,-0.033825,-0.086873,-0.128879,0.172008,-0.189689,0.208505,0.126625,0.028402,-0.086335,0.055964,0.099484,0.093389,0.126105,-0.120157,-0.030901,0.047262,-0.014456,0.000765,0.104147,0.013676,-0.001384,0.265427,-0.108915,0.048526,0.073797,0.118611,-0.179579,-0.071191,-0.112846,-0.042377,-0.014914,0.062728,0.223785,-0.035447,#
