0,1.0,0.439614,-0.134134,-0.218177,0.35909,0.175155,-0.021538,0.188629,0.00332,0.27407,-0.108184,0.059874,0.336898,0.368382,0.08742,-0.030204,0.13844,0.248052,-0.041354,-0.156358,-0.112369,0.299931,0.283635,0.050737,-0.246867,-0.218718,0.065095,-0.145115,0.247805,0.342416,-0.094605,0.038959,0.103858,-0.194123,-0.159558,0.069038,-0.195096,-0.109618,-0.029793,-0.021114,-0.034152,-0.048905,-0.061221,0.23611,-0.068928,-0.349589,0.198569,0.233986,-0.273858,-0.113361,0.084145,-0.238237,-0.008064,-0.178984,-0.035873,-0.049449,-0.055903,-0.048952,0.218476,0.272531,0.315449,0.054117,-0.295076,-0.046807,0.153297,0.434269,-0.067688,0.265873,0.077805,-0.045888,-0.126823,0.014717,-0.312768,-0.111045,-0.364359,0.299296,-0.161116,-0.233026,-0.326872,-0.062219,-0.259084,-0.192634,-0.104971,0.19256,-0.135616,-0.158024,-0.089626,-0.154986,0.015706,-0.286815,-0.200845,-0.445047,-0.337647,0.159684,-0.020917,-0.150247,0.044268,-0.272729,-0.171205,-0.159401,0.139272,-0.389768,-0.21602,-0.011222,-0.276545,-0.0375,-0.228365,-0.145208,-0.389741,-0.150193,0.182523,0.15338,-0.171104,-0.240517,-0.341987,-0.013387,-0.296683,-0.28934,0.225938,-0.426115,-0.306826,-0.265873,-0.153139,-0.174079,-0.156617,0.048841,-0.127514,-0.120806,-0.033903,-0.228705,-0.287465,-0.058835,-0.19116,-0.02904,-0.472085,-0.194659,0.148583,-0.492124,0.008599,-0.293489,-0.068039,-0.337487,-0.468917,-0.047956,-0.15437,-0.16125,-0.149431,0.198951,-0.294759,-0.394755,-0.105872,-0.318051,-0.163904,-0.187335,-0.139107,-0.242735,0.321228,0.386797,-0.276941,-0.209096,-0.324274,-0.191201,-0.056434,-0.309456,-0.140951,0.430184,-0.241091,-0.196859,-0.199776,-0.326784,0.060105,0.118891,-0.413719,-0.150979,0.315803,-0.510768,-0.24143,0.142024,0.403057,-0.307016,0.0646,-0.015404,-0.15872,0.041055,0.362715,-0.264547,0.359301,-0.008665,-0.1939,0.382817,0.064636,0.216468,0.367912,0.246203,-0.073659,0.197519,0.112975,-0.394489,-0.090096,0.227635,#
1,0.439614,1.0,0.168725,-0.179621,0.225719,0.056188,0.352298,0.149737,0.228875,0.263024,-0.240726,-0.133589,0.362671,0.318901,0.386358,-0.256683,0.089412,0.381715,0.246477,-0.198966,-0.077049,0.105361,0.327599,0.027883,-0.301797,-0.257207,0.293871,0.063625,0.163393,0.404483,-0.513458,0.019915,0.190021,-0.090329,-0.134529,0.120366,0.006108,-0.144699,0.053729,-0.043096,-0.21762,0.218543,-0.02244,0.319781,0.198441,-0.40556,0.335134,0.19602,-0.005298,0.26765,0.090058,-0.265766,0.067892,-0.165567,0.174151,-0.37605,-0.164842,-0.133841,-0.191196,0.106044,0.119396,0.252508,-0.278442,0.170799,-0.004644,0.336321,-0.160475,0.291599,0.273362,-0.124359,-0.029322,-0.126292,-0.216809,-0.434849,-0.410548,0.410122,-0.311608,-0.379631,-0.37678,-0.36497,-0.3158,-0.41277,-0.408211,0.142485,-0.453063,-0.10251,-0.319802,-0.212894,-0.292601,-0.333531,-0.243341,-0.235585,-0.544969,0.01489,-0.244629,-0.113319,0.135292,-0.231624,-0.052254,-0.211038,-0.017512,-0.421484,-0.429593,-0.139296,-0.498054,-0.254096,-0.469166,-0.151478,-0.608441,-0.180607,0.209976,0.433266,-0.265431,-0.44218,-0.149155,-0.141472,-0.344017,-0.634078,-0.067022,-0.568929,-0.3543,-0.318711,-0.387918,-0.318428,-0.129747,-0.089042,-0.240405,-0.026414,-0.190668,-0.170454,-0.343758,-0.439818,-0.418247,0.077869,-0.268226,-0.310962,0.259222,-0.274638,0.177701,-0.470668,-0.358086,-0.048997,-0.517873,-0.151623,-0.147422,-0.230777,-0.274667,0.399956,-0.295628,-0.329627,-0.269769,-0.459903,-0.043973,-0.220723,-0.46078,-0.286401,0.358059,0.531965,-0.465614,-0.035663,-0.029046,-0.11662,0.286853,0.049538,-0.219864,0.471692,-0.276867,0.087993,-0.122793,-0.13997,-0.040559,0.009431,-0.215665,-0.427548,0.446632,-0.190476,-0.286482,0.354699,0.506092,-0.486294,0.118467,0.193072,-0.120953,0.068473,0.303075,-0.051153,0.314782,-0.108266,-0.342478,0.515511,0.172432,0.611961,0.403731,0.277148,-0.145876,0.06893,0.215633,-0.37365,-0.15052,0.129412,#
2,-0.134134,0.168725,1.0,0.309798,0.033989,-0.241074,-0.043319,-0.132089,0.05365,-0.149014,-0.063255,0.102798,-0.154782,-0.086814,-0.040112,-0.173759,-0.049956,0.06976,-0.029287,0.117365,-0.074227,-0.182312,0.185742,-0.123174,-0.078964,-0.109962,0.368799,0.057176,-0.157465,0.175286,-0.044429,0.260674,-0.115332,-0.004169,0.081371,0.030495,0.235029,-0.100756,0.044149,-0.012899,-0.009995,0.210879,-0.101142,0.035139,0.057965,-0.187197,0.054892,0.292307,0.042435,0.017798,-0.297695,0.215208,0.057194,0.155242,-0.131738,-0.156656,-0.259806,-0.18192,-0.436663,-0.133675,-0.252876,-0.267158,0.096415,0.061505,-0.153239,-0.117957,-0.109561,0.058659,-0.014727,0.297109,0.301908,0.23922,0.071756,-0.012257,0.029076,-0.04643,-0.134609,-0.29134,-0.098796,-0.085965,0.194519,-0.071254,-0.01657,0.229907,-0.019586,0.162831,-0.063088,0.114168,-0.043264,-0.060776,0.035036,-0.014905,-0.102599,0.079821,-0.088055,0.106697,0.32038,-0.038184,0.034331,-0.156221,-0.037016,-0.013747,0.005808,0.014812,-0.05342,-0.119598,-0.083215,0.187409,-0.179701,0.333296,0.287381,-0.063059,-0.118124,0.100908,0.444006,-0.141358,-0.113155,-0.306798,-0.064228,-0.091207,-0.06348,-0.144905,0.027675,0.000408,-0.035504,-0.158882,-0.25112,0.019179,-0.034114,-0.080827,0.327472,-0.266447,-0.258606,-0.087617,0.059951,0.083819,0.19501,0.276515,0.261479,0.112867,0.154576,0.269122,-0.024053,-0.300447,-0.173345,0.262918,-0.057178,-0.01941,0.034641,0.083083,-0.178917,-0.136403,0.272991,-0.101897,-0.047069,-0.092802,-0.038898,0.13434,0.130238,0.038398,0.006654,0.044455,0.203312,-0.028722,-0.09026,-0.124212,-0.225113,0.022222,0.16623,0.034506,-0.062375,-0.101332,-0.0584,-0.103909,-0.086695,0.139808,-0.102508,0.072197,0.026571,-0.179508,0.064146,-0.293516,-0.162267,0.168991,0.002658,0.138902,-0.106282,-0.053558,-0.12389,-0.000327,0.321723,0.287085,0.005487,0.14619,-0.111382,-0.082991,0.043333,-0.051175,0.093086,-0.076528,#
3,-0.218177,-0.179621,0.309798,1.0,-0.161154,-0.261615,-0.346429,-0.424004,-0.256132,-0.127841,0.148426,-0.052704,-0.271327,-0.246016,-0.2378,-0.117864,-0.093218,0.02057,-0.106975,0.260037,0.234241,-0.272767,-0.053313,-0.019609,0.214598,0.178252,-0.1094,0.074574,-0.083027,-0.168184,0.413331,-0.063987,-0.371881,0.018637,-0.007404,-0.392651,0.083252,0.120888,-0.038592,0.159689,0.095961,0.069842,-0.109594,-0.130727,0.000184,0.233367,-0.099229,-0.08762,0.191667,-0.219029,0.074964,0.503872,0.065292,0.145298,-0.085617,0.014231,0.085582,0.095017,-0.123236,0.077323,-0.292292,-0.029109,0.118216,-0.208334,0.047281,-0.285948,0.080178,0.107522,-0.177707,0.060073,0.070568,0.30994,0.280836,0.409922,0.193049,-0.385482,0.051277,0.022203,0.292133,0.228675,0.223107,0.487247,0.348598,0.236634,0.198344,-0.09798,0.161178,0.274974,0.16752,0.193117,0.337452,0.300421,0.498458,-0.147125,0.315797,0.232198,0.003943,-0.0255,0.025595,0.348084,0.044942,0.131356,0.339501,0.082392,0.188393,0.374776,0.096924,0.206948,0.298435,0.316179,-0.181945,-0.177256,0.299464,0.376654,0.180398,0.102602,0.412308,0.17885,0.047862,0.155244,0.291807,0.1989,0.293412,0.11512,0.011397,0.074333,-0.039818,-0.049205,0.205636,0.229729,0.51962,0.071826,0.146257,0.06535,0.310334,0.386702,-0.02845,0.311248,0.234821,0.347278,0.255667,0.126609,0.24314,0.055234,0.29816,0.377951,0.294916,-0.349115,0.325765,0.416032,0.131194,0.217076,0.174314,0.207639,0.263044,0.072468,-0.32464,-0.226525,0.209578,0.226697,-0.332257,0.024745,-0.008635,-0.096675,-0.064705,-0.273879,0.087606,-0.036344,0.213064,0.053389,-0.30746,-0.104965,0.175951,0.104331,-0.425766,0.199598,0.158596,-0.02698,-0.34007,0.178749,-0.395541,-0.191801,-0.25464,-0.137523,-0.102155,0.026961,-0.104278,0.145858,0.358577,-0.396785,0.071999,-0.198888,-0.213221,-0.120676,-0.039902,-0.077674,-0.389197,0.227991,0.069176,-0.284369,#
4,0.35909,0.225719,0.033989,-0.161154,1.0,-0.008984,0.124112,0.032097,-0.124207,0.089783,0.10736,0.122038,0.199412,-0.067357,0.340703,-0.075714,0.090821,0.051718,0.01246,0.030881,-0.057833,-0.041387,0.031169,-0.139597,-0.204216,-0.180536,-0.107869,-0.216665,0.200982,-0.022821,-0.195066,-0.09883,0.028172,-0.268858,-0.252495,0.0171,-0.243377,-0.213805,-0.091095,0.050595,-0.199161,-0.011556,-0.155841,-0.000724,-0.111509,-0.140734,0.136644,0.252805,-0.104995,0.152917,0.240718,-0.146798,0.009518,-0.143488,0.146719,0.005308,-0.388446,0.024368,-0.030877,-0.239641,0.019497,0.185299,-0.146676,0.141491,0.043303,0.262697,0.141033,-0.044059,0.063363,0.00839,-0.147438,0.069312,-0.060078,0.009409,-0.211425,0.372047,-0.044384,-0.361644,-0.183485,-0.324073,-0.219249,-0.208452,-0.256225,0.009318,-0.161864,-0.114498,-0.048026,-0.205285,-0.296322,-0.125365,-0.122317,-0.318791,-0.178201,-0.15357,-0.060938,0.048097,0.168059,-0.130882,0.047825,0.058678,0.143032,-0.274965,-0.254111,-0.058462,-0.295248,-0.143339,-0.282534,-0.19336,-0.176497,0.006749,0.070124,-0.307126,-0.250705,-0.229701,-0.157652,-0.147299,-0.343602,-0.110308,-0.09338,-0.153158,-0.29298,-0.096416,-0.028373,-0.071443,-0.092403,-0.142458,-0.109392,-0.122371,-0.163956,-0.099827,-0.091597,-0.271307,-0.32582,-0.145463,-0.177199,-0.209467,0.223402,-0.227263,-0.141593,-0.025325,-0.020195,-0.140085,-0.033312,-0.116724,-0.148801,-0.031744,-0.084647,0.066716,-0.296283,-0.277084,-0.186175,-0.145302,-0.304015,-0.041574,-0.281782,-0.029434,0.30592,0.295442,-0.112552,-0.195413,-0.212184,-0.184857,0.023575,-0.020727,-0.259088,0.277001,-0.087045,0.172646,-0.045148,-0.107433,0.091835,0.040748,0.008961,-0.070312,0.174434,-0.239706,-0.277764,-0.248729,0.187852,-0.023186,0.194323,-0.114428,0.371752,0.10236,0.083798,-0.320162,0.124833,-0.1274,-0.16375,0.09106,-0.02546,0.256379,0.018165,-0.091065,0.162379,-0.366943,0.104927,-0.207185,-0.399369,0.315568,#
5,0.175155,0.056188,-0.241074,-0.261615,-0.008984,1.0,0.075977,0.249849,0.007371,-0.104474,0.230197,0.014667,0.001129,0.06286,-0.070333,0.08564,0.23615,-0.004747,-0.307672,0.133083,-0.181606,0.367161,0.135911,-0.052028,0.004342,-0.366388,0.031296,0.094646,-0.128228,-0.289162,-0.172951,0.128143,-0.077427,-0.085336,-0.11074,0.004647,-0.177227,0.002983,-0.046673,-0.253205,0.034118,0.198738,0.065511,0.301637,0.231411,-0.03903,0.094245,0.26295,0.043067,0.088414,0.152779,-0.026448,0.171285,-0.199699,-0.129234,-0.097619,0.226399,-0.142705,0.216009,-0.015699,0.113149,-0.014038,-0.059318,0.13158,0.004512,0.185265,-0.267764,-0.005795,0.112575,0.180814,0.052337,0.159751,-0.083372,-0.043174,-0.254235,0.137152,-0.167187,0.084195,-0.292055,-0.12219,0.235286,-0.172307,0.014046,-0.184699,0.033355,0.110558,-0.084669,-0.333758,0.062981,-0.252382,-0.01113,-0.041837,-0.136957,0.070357,0.043709,-0.008135,-0.044131,-0.000926,-0.080439,-0.145921,0.016123,-0.045466,0.029355,-0.087183,-0.003104,-0.103343,0.019761,-0.222619,-0.21231,-0.233936,0.134664,0.114798,-0.060912,-0.255368,-0.112072,-0.24504,-0.386961,0.15283,0.008282,-0.151412,-0.107223,-0.251478,0.224957,-0.171337,-0.02121,0.132233,-0.023226,0.076985,0.108552,0.177614,-0.230587,0.104033,0.036423,-0.157417,-0.133644,-0.08399,-0.063046,-0.258931,-0.051369,-0.347449,-0.227621,-0.303,-0.382646,0.151609,0.135691,0.078647,-0.29192,-0.047337,0.009162,-0.153071,0.049421,0.101929,-0.255955,0.095337,0.006644,0.033406,-0.039092,0.060582,-0.181873,0.058323,0.04849,-0.10879,0.022074,0.193186,-0.022275,0.251996,0.147571,0.007401,-0.055325,-0.223697,0.047136,0.000523,-0.185055,0.131158,-0.010686,-0.092421,0.021104,0.159949,0.154992,-0.027071,0.077434,0.186732,-0.021059,-0.076923,-0.169327,-0.053412,0.026335,0.104189,-0.170177,-0.024668,0.017786,-0.08247,0.231294,-0.15844,0.095554,0.120623,0.140392,-0.076148,-0.073407,0.045179,#
6,-0.021538,0.352298,-0.043319,-0.346429,0.124112,0.075977,1.0,0.295381,0.561204,0.154693,0.015754,-0.152932,0.280146,-0.026763,0.393208,-0.039641,-0.201706,0.053023,0.105835,-0.089849,-0.15652,0.13489,0.173216,-0.000136,-0.141643,-0.132548,0.171108,-0.105627,0.152453,0.131783,-0.582989,-0.119451,0.100759,0.080436,-0.185956,0.227735,-0.04288,-0.197957,0.123362,0.069129,-0.084588,0.260459,-0.227136,0.030213,0.022059,-0.151429,0.289109,0.213463,0.030266,0.110209,-0.039708,-0.314503,-0.018325,-0.2363,-0.085144,-0.057714,0.11181,-0.016401,-0.16748,0.143307,0.04954,0.040086,-0.047184,0.229782,0.13041,0.295961,0.086383,-0.185537,0.308618,-0.124048,0.126502,-0.176246,-0.182166,-0.366556,-0.230824,0.347872,-0.100001,-0.309386,-0.114518,-0.177456,-0.16534,-0.41678,-0.353698,-0.225506,-0.296449,0.239529,-0.086894,-0.016905,-0.346473,-0.220046,-0.252981,-0.042908,-0.434933,0.272222,-0.227177,-0.171271,0.079178,0.094708,0.021518,-0.192087,0.019633,-0.107226,-0.041681,0.085722,-0.227332,-0.3978,-0.216302,-0.027254,-0.256981,-0.308299,0.182069,0.336633,-0.234988,-0.472615,0.001742,-0.042113,-0.125905,-0.234365,-0.1159,-0.279624,-0.22198,-0.234134,-0.248209,-0.360934,-0.105673,-0.039146,0.045432,0.42951,-0.203352,-0.117186,-0.326588,-0.682508,-0.372041,0.047835,-0.039533,-0.107212,-0.102221,0.013797,-0.069374,-0.306908,-0.101986,-0.075324,-0.215645,-0.059893,-0.04926,-0.242381,-0.252335,0.63093,-0.019046,-0.284332,0.018358,-0.164992,-0.119588,-0.37212,-0.252015,0.071398,0.347314,0.345638,-0.214572,-0.154937,0.350378,0.212114,0.378981,0.067094,0.025265,0.31892,-0.06243,0.001614,-0.235015,0.139072,0.097015,-0.039411,-0.15078,-0.2404,0.178054,-0.024437,-0.10605,0.143661,0.441028,-0.183539,0.278286,0.288129,0.04375,0.055442,0.270106,-0.034015,0.243589,0.031799,-0.440248,0.318206,0.133984,0.328116,0.042622,0.123311,0.126504,-0.054236,0.172761,-0.112796,-0.046124,-0.176765,#
7,0.188629,0.149737,-0.132089,-0.424004,0.032097,0.249849,0.295381,1.0,0.275464,0.058891,-0.085347,-0.089573,0.156491,0.191853,0.110307,0.084416,-0.120127,-0.102952,-0.101163,-0.018871,-0.018309,0.257277,0.051316,0.289877,-0.157672,-0.090592,0.240894,-0.008512,0.19474,-0.030386,-0.266282,0.126301,0.187699,-0.027666,-0.152023,-0.067481,-0.076508,-0.230813,0.323079,-0.250487,-0.153637,0.219976,-0.158673,0.105711,-0.178426,-0.07518,0.299282,0.229593,0.003407,0.067544,-0.183668,-0.17718,0.073542,-0.014703,-0.168631,-0.026239,0.214006,-0.173433,0.051152,0.159044,0.174032,0.048163,-0.176956,0.212904,0.025373,0.22897,-0.083487,0.104147,0.230193,-0.120805,0.180701,-0.040259,-0.23228,-0.041974,-0.199464,0.279738,-0.01732,0.002947,-0.315231,0.019113,-0.102836,-0.195899,-0.02756,-0.05635,-0.131227,0.300359,0.07595,0.014895,-0.072881,-0.122864,-0.287122,-0.105318,-0.337756,0.337305,-0.19967,0.019456,0.201902,0.076959,0.098216,-0.335888,0.023452,-0.186845,-0.048072,0.01684,-0.042228,-0.13795,-0.140519,-0.062473,-0.300242,-0.457201,0.189664,0.150262,-0.210707,-0.218317,0.00215,0.013197,-0.12619,0.086486,-0.194862,-0.097283,-0.051864,-0.266843,0.158233,-0.230703,0.096809,0.049533,-0.150725,-0.056838,-0.108435,-0.204477,-0.390877,-0.21012,0.049407,-0.09945,0.044423,-0.063955,0.255121,-0.062717,-0.02774,-0.31844,-0.037829,0.005655,-0.264081,0.121496,-0.110385,-0.135601,-0.209323,0.209735,-0.061831,-0.19811,-0.027685,-0.016434,-0.151598,-0.075227,-0.063192,0.118355,0.403267,0.06406,-0.117402,0.117432,0.002265,0.154282,-0.077699,-0.058038,0.141941,0.129408,0.045012,-0.291603,-0.302082,-0.052351,0.087387,-0.020254,-0.311196,-0.11199,0.27524,-0.021282,0.02858,-0.039832,0.173268,-0.19963,0.2259,0.171728,0.148425,-0.020737,0.043311,0.09987,0.056058,-0.146212,-0.1292,0.190945,0.224839,0.09408,0.12596,-0.269641,-0.041625,0.12669,0.086796,-0.306213,-0.134422,0.281096,#
8,0.00332,0.228875,0.05365,-0.256132,-0.124207,0.007371,0.561204,0.275464,1.0,0.104132,-0.130666,-0.140382,0.394972,0.118263,0.141153,-0.357812,-0.15203,0.218158,0.21637,-0.056511,0.099224,0.120836,0.179162,0.057698,0.061864,-0.141717,0.389196,0.012128,0.101088,0.214181,-0.259423,0.114197,0.143855,-0.041914,-0.077308,0.123665,0.219556,-0.284996,-0.099932,-0.031455,0.225869,0.095425,0.037973,0.104841,0.152913,-0.344915,0.227452,0.1455,3.3e-05,0.062438,-0.175666,-0.251627,0.110463,0.004694,-0.347956,-0.064312,0.117103,-0.125934,0.201098,0.12337,0.021645,-0.092636,-0.029484,0.134401,0.187498,0.232963,0.072274,-0.065663,0.189041,-0.116177,0.245051,-0.039732,-0.252655,-0.144581,-0.046275,0.215508,-0.018784,-0.127924,-0.003634,-0.330579,0.075138,-0.281335,-0.172411,-0.284521,-0.222692,0.302818,-0.043291,0.077293,-0.010709,-0.113255,-0.221816,0.053138,-0.48588,0.365128,-0.172464,-0.065279,0.188347,0.061845,-0.009994,-0.225698,-0.067105,0.153807,0.116273,0.158153,-0.042614,-0.274933,-0.10292,-0.111333,-0.067604,-0.119691,0.412091,0.342054,-0.146149,-0.286532,0.160996,-0.059008,-0.097011,-0.111119,-0.059684,-0.174315,-0.120426,-0.208132,-0.161347,-0.3167,0.083608,0.095224,-0.025942,0.212255,-0.103455,-0.169394,-0.224245,-0.439309,-0.070983,-0.007137,0.130354,-0.023439,-0.060393,0.039636,-0.027443,-0.096403,-0.101127,-0.05666,-0.094678,-0.235761,-0.141588,-0.100365,-0.350803,0.413895,0.074452,-0.166973,0.082663,-0.241145,0.108767,-0.295974,-0.000391,0.141519,0.39555,0.323448,0.028933,-0.122564,0.153527,0.144416,0.170685,-0.085515,0.265138,0.235942,0.0059,0.005611,-0.283293,0.103092,-0.220032,0.223803,-0.128999,-0.074953,0.17574,0.104691,-0.108163,0.210314,0.466448,-0.382676,0.152188,0.225956,-0.065525,-0.038543,0.016056,0.002266,0.283144,0.065271,-0.321112,0.321309,0.256939,0.051136,0.115146,0.014241,0.026713,0.223495,0.206709,-0.097681,0.041733,-0.021344,#
9,0.27407,0.263024,-0.149014,-0.127841,0.089783,-0.104474,0.154693,0.058891,0.104132,1.0,-0.171227,0.034842,0.401003,0.275499,0.146502,-0.019915,-0.245486,0.071013,0.137378,-0.160246,-0.098184,0.09141,0.243809,0.053951,-0.257262,-0.020791,0.257255,-0.078183,0.056277,0.512421,-0.167614,-0.144155,0.007659,-0.017927,-0.273827,0.072862,-0.212799,-0.131004,0.068624,-0.113958,-0.092652,0.068249,0.024181,-0.015327,-0.098557,-0.521401,0.268172,0.076097,-0.436626,0.101491,-0.249964,0.008953,0.071652,-0.151319,0.141236,-0.266287,-0.076769,-0.031979,-0.149796,-0.042482,0.166786,0.001932,-0.239649,0.068005,0.049558,0.178468,-0.094697,0.078938,-0.000901,-0.265531,-0.109612,-0.325018,-0.21231,-0.303054,-0.044502,0.175094,-0.128681,-0.279825,0.011739,-0.05337,-0.351163,-0.194035,-0.182871,0.049864,-0.115055,-0.1482,-0.330339,-0.142956,-0.16281,-0.041947,-0.093717,-0.141513,-0.31288,0.048996,0.004943,0.090025,0.041165,0.338413,0.124896,-0.146849,-0.14995,-0.238436,-0.268872,-0.075668,-0.246929,0.05382,-0.486472,-0.02112,-0.16624,-0.201949,0.077488,0.322707,0.050894,-0.30512,-0.203624,-0.150432,-0.04417,-0.125654,0.225531,-0.464329,-0.105631,-0.311876,-0.172184,-0.179254,-0.164044,0.198057,-0.169861,-0.187021,-0.092112,-0.137261,-0.156892,-0.10268,-0.313756,0.000263,-0.302262,-0.167176,-0.037201,-0.097804,0.137191,-0.29502,0.018328,-0.228713,-0.240004,-0.368896,-0.091176,-0.208038,0.069136,0.178103,-0.348852,-0.131176,-0.230528,-0.325308,0.025914,-0.15486,-0.024859,0.005233,0.27546,0.411279,-0.064013,-0.207306,-0.04711,-0.109252,-0.01777,0.014211,-0.081947,0.181094,-0.247829,-0.043586,-0.023585,0.069706,0.003756,0.115795,0.035421,-0.110375,0.250993,-0.252811,-0.206937,-0.025746,0.169058,0.043518,0.088613,0.090242,-0.216963,-0.247295,0.167992,0.169293,0.268895,-0.132047,0.019044,0.400861,0.099104,0.12398,-0.012423,0.289305,-0.065372,-0.17175,0.023108,-0.358125,0.044417,0.048372,#
10,-0.108184,-0.240726,-0.063255,0.148426,0.10736,0.230197,0.015754,-0.085347,-0.130666,-0.171227,1.0,-0.043843,-0.405485,-0.407299,-0.096409,0.235282,0.173494,-0.16378,0.036225,-0.284256,-0.053962,-0.063679,-0.081439,0.013259,0.11375,0.140189,-0.287092,-0.031112,-0.101451,-0.450177,0.196576,-0.069543,-0.196924,0.046522,0.259434,0.058485,-0.115996,-0.016292,-0.059522,0.118027,-0.134769,-0.149746,-0.007161,0.050924,0.070879,0.30119,-0.297937,-0.120407,0.118688,-0.111912,0.202137,0.147715,-0.067434,-0.128485,-0.095007,0.085865,-0.0073,0.264941,-0.119565,-0.037591,-0.104719,-0.00532,0.03538,-0.171302,-0.110262,-0.31408,-0.107065,-0.362003,-0.048258,0.217849,-0.167088,0.143322,0.169324,0.086235,0.118354,0.008319,-0.140677,0.033269,-0.004805,-0.17361,-0.020886,0.151675,0.113514,-0.13273,0.050053,-0.003162,0.091155,-0.02239,-0.181032,0.11051,-0.130686,0.031344,0.14298,-0.302163,0.004068,0.003062,-0.262891,-0.017153,-0.0589,0.066423,0.17523,-0.099799,0.236368,-0.10516,-0.053214,-0.080758,0.01919,-0.085659,0.170881,0.193587,-0.310637,-0.095328,0.211577,-0.169202,-0.033811,-0.062503,0.188389,0.126161,0.034842,0.250709,0.175009,0.024121,0.189831,0.066608,-0.13871,-0.164659,-0.093023,0.13954,0.002393,-0.070203,0.308703,-0.001761,0.089739,-0.034124,0.174646,0.312743,-0.106525,0.086479,-0.225157,0.003351,-0.122011,0.034562,0.186152,0.091251,-0.052142,0.023139,-0.037703,-0.148336,-0.078085,0.250219,0.055235,0.383501,-0.291335,-0.044211,-0.032939,-0.196769,-0.474209,-0.30079,-0.1436,0.12419,-0.137068,0.140413,0.173095,-0.235965,-0.289577,-0.057998,-0.006742,0.161703,0.316822,0.033634,0.064338,0.01715,-0.105724,0.046232,-0.24975,-0.015273,0.069546,0.045365,-0.23828,0.314191,0.002346,0.078947,0.159492,0.228946,-0.110316,-0.353754,-0.393502,-0.055615,0.348786,-0.293396,-0.366657,-0.064376,-0.022838,-0.23103,0.162433,-0.109764,0.219481,0.023426,-0.29318,-0.115248,#
11,0.059874,-0.133589,0.102798,-0.052704,0.122038,0.014667,-0.152932,-0.089573,-0.140382,0.034842,-0.043843,1.0,-0.087099,-0.112011,-0.126325,0.062531,0.031281,0.074288,-0.336384,0.05375,-0.138929,0.075504,-0.098634,-0.303459,-0.082388,-0.104126,-0.016733,-0.169757,-0.14039,0.008496,-0.124586,-0.009362,-0.004821,-0.014567,0.069817,0.030848,-0.243355,-0.037299,-0.123727,-0.010516,0.075059,0.096809,-0.033231,-0.318069,-0.044537,-0.132242,-0.179283,0.181598,-0.128988,0.173453,-0.143181,0.131574,-0.01517,-0.065661,0.084296,-0.034859,-0.151101,-0.169397,0.089927,-0.06304,-0.025449,0.067469,0.031324,-0.455709,0.145923,-0.093961,-0.203469,-0.090336,-0.181622,0.252924,0.128576,-0.143943,0.142286,0.246375,-0.220765,0.050958,-0.216497,-0.1357,-0.034241,0.157644,0.18438,0.013608,-0.088913,-0.260107,0.05514,0.007384,-0.053806,0.036113,0.116937,-0.057485,0.113047,-0.097943,0.052595,0.098573,-0.011987,0.200262,0.011809,0.180647,-0.05986,-0.008921,-0.153017,0.06127,-0.180827,0.041647,-0.219161,-0.040344,0.034802,0.057775,0.047223,0.153146,0.014764,0.086158,-0.187243,0.014721,-0.030345,-0.201904,-0.107083,0.115762,0.082826,0.080615,0.099992,-0.173311,0.039828,0.172572,-0.166648,0.086162,-0.148304,-0.111989,0.215593,0.15254,-0.0159,0.23404,-0.101421,-0.080322,-0.018506,-0.179812,0.076435,-0.134734,0.162754,0.010468,0.169359,-0.054474,0.07145,-0.173014,-0.096044,0.154446,0.020338,-0.185219,-0.146174,0.144336,-0.080673,-0.084687,0.032642,0.069855,-0.052898,0.080476,0.010484,0.071165,0.023534,-0.045438,0.057047,-0.324153,0.008641,0.144044,0.000513,-0.038469,0.036934,0.109347,0.056047,-0.069676,0.044063,0.086112,0.081448,0.161255,-0.079406,0.027454,-0.336173,-0.053597,-0.087818,0.094767,0.029909,-0.048487,-0.068159,0.105098,0.081072,-0.0071,0.128767,0.131771,-0.148039,-0.158662,-0.114079,-0.050749,0.000817,0.065509,-0.111572,-0.166329,0.23428,0.01272,0.180657,0.10319,#
12,0.336898,0.362671,-0.154782,-0.271327,0.199412,0.001129,0.280146,0.156491,0.394972,0.401003,-0.405485,-0.087099,1.0,0.359737,0.235078,-0.414334,-0.228784,0.239055,-0.002843,0.051722,-0.011743,0.233721,0.357173,0.040353,-0.284715,-0.17165,0.235401,-0.245203,0.210484,0.305283,-0.228409,0.000718,0.210046,-0.237583,-0.259772,0.005083,0.077249,-0.147213,0.002817,-0.365319,0.125319,0.256523,0.08946,-0.036325,-0.015506,-0.389579,0.460412,0.281939,-0.212025,-0.011574,-0.002641,-0.233589,0.101415,-0.035522,-0.066438,0.002865,0.127842,-0.154347,0.158869,0.054599,0.317006,0.127006,-0.089995,0.04585,0.183776,0.486887,-0.066793,0.292545,0.217725,-0.190785,0.207072,-0.04839,-0.287852,-0.220115,-0.261608,0.312317,0.104893,-0.167452,-0.159543,-0.209501,-0.049922,-0.369327,-0.354662,-0.089369,-0.085452,0.105995,-0.130002,0.148863,-0.053048,-0.171046,-0.19411,0.02634,-0.535397,0.291487,-0.217628,0.095158,0.406867,0.028406,0.183111,-0.138812,0.009246,-0.070781,-0.030794,0.030324,-0.104316,-0.085181,-0.233658,-0.16156,-0.303632,-0.212184,0.357727,0.124663,-0.095002,-0.326108,-0.026196,-0.051542,-0.24551,-0.175041,0.099255,-0.50684,-0.155013,-0.386221,-0.052373,-0.310005,0.067319,0.299389,-0.11195,0.089007,0.060918,0.099589,-0.368,-0.142016,-0.216145,-0.089349,-0.208329,-0.123303,-0.180854,-0.235686,0.150848,-0.139631,-0.038471,-0.236543,-0.248833,-0.241389,0.009937,-0.086876,-0.155802,0.311001,-0.068083,-0.312518,-0.045312,-0.418149,0.202891,-0.293389,-0.012555,0.121922,0.585864,0.411055,0.105678,-0.411394,0.099286,-0.2205,0.101266,0.152604,0.261081,0.46663,0.022248,-0.083168,-0.319419,-0.005098,0.010038,0.081938,-0.036005,-0.104412,0.420987,-0.131356,-0.142016,0.076782,0.477588,-0.249392,0.107514,0.005082,-0.106795,-0.236267,0.191244,-0.036006,0.542578,-0.066872,-0.507925,0.369933,0.419292,0.208184,0.046305,0.049272,0.078226,-0.108118,0.020036,-0.164967,0.135933,0.262028,#
13,0.368382,0.318901,-0.086814,-0.246016,-0.067357,0.06286,-0.026763,0.191853,0.118263,0.275499,-0.407299,-0.112011,0.359737,1.0,0.204592,-0.070227,-0.296564,0.286024,0.111697,0.028286,-0.101464,0.528345,0.505263,0.300363,-0.195822,-0.170859,0.497884,0.234569,0.181615,0.455225,-0.252009,0.16784,0.14346,-0.077929,0.001907,0.126193,0.038214,-0.100607,0.200017,-0.222908,0.03758,0.180137,0.31963,0.224123,-0.251865,-0.434,0.370382,0.093442,-0.212143,0.139852,0.043504,-0.195062,0.083549,0.005112,-0.128281,-0.090118,-0.019077,-0.003192,0.176406,0.084645,0.365288,0.07401,-0.245387,0.256107,0.205024,0.255903,-0.20478,0.481653,0.188342,0.00795,-0.062191,-0.099763,-0.201491,-0.104409,-0.277316,0.164672,0.074341,-0.134506,-0.272206,0.030626,-0.279525,-0.31442,-0.105568,0.16972,-0.01707,0.031127,-0.072054,-0.186153,0.100531,-0.284904,-0.09837,-0.224541,-0.29763,0.236204,-0.092532,-0.09667,0.022637,-0.021597,-0.135121,-0.269519,-0.149312,-0.166531,-0.142205,-0.234226,-0.132238,-0.092046,0.073926,-0.388731,-0.270155,-0.147908,0.278319,0.13109,-0.155123,-0.076682,-0.189022,-0.218583,-0.315532,-0.247895,0.040016,-0.280157,-0.191647,-0.330745,-0.114875,-0.322698,-0.065549,0.160569,-0.143732,-0.04205,0.056826,-0.094883,-0.214188,0.047848,-0.345712,-0.0977,-0.439042,-0.191702,0.052716,-0.232292,0.102919,-0.210734,-0.135292,-0.33202,-0.426419,-0.221271,-0.319343,-0.102165,-0.244182,0.145772,-0.252151,-0.284544,-0.161808,-0.369763,0.099963,-0.199443,-0.110201,0.071098,0.382972,0.259851,-0.085387,-0.169645,0.037287,-0.265944,-0.060491,0.198474,0.071115,0.195486,0.020304,0.127307,-0.187618,-0.052413,-0.052352,0.150564,-0.156169,-0.282853,0.350715,-0.232542,0.02714,-0.025533,0.478693,-0.356635,0.223929,-0.089445,-0.156116,-0.054529,0.047241,0.139261,0.109125,-0.237885,-0.291363,0.416064,0.078646,0.07634,0.150996,0.241692,0.086108,0.039283,0.246273,-0.250005,0.177655,0.10543,#
14,0.08742,0.386358,-0.040112,-0.2378,0.340703,-0.070333,0.393208,0.110307,0.141153,0.146502,-0.096409,-0.126325,0.235078,0.204592,1.0,-0.213657,-0.033303,-0.023423,0.169486,-0.080771,-0.085351,0.074281,0.150625,0.201461,-0.242108,-0.059076,0.080096,0.236502,0.260009,0.122444,-0.434609,-0.110592,0.052693,-0.122393,-0.086096,0.255106,-0.097037,-0.286294,0.234121,0.105275,-0.232568,0.194508,-0.164621,0.210551,0.111564,0.007271,0.299518,-0.002296,-0.078437,0.247554,0.091232,-0.191182,-0.009465,-0.079919,-0.006483,-0.290181,-0.259934,-0.005019,-0.134162,-0.067622,-0.048751,0.329275,-0.338772,0.235683,-0.021582,0.132862,-0.013118,0.005653,0.019731,-0.333007,-0.180283,-0.31709,0.013001,-0.30372,-0.375644,0.235563,-0.016895,-0.429252,-0.256074,-0.317599,-0.277469,-0.369508,-0.357763,0.016552,-0.401125,0.038653,-0.277102,-0.185181,-0.393147,-0.209694,-0.130474,-0.199548,-0.18323,-0.034042,-0.37571,-0.226935,-0.235306,0.042789,-0.182145,-0.176992,0.290637,-0.355274,-0.311851,-0.327209,-0.288959,-0.128008,-0.335302,-0.118094,-0.317866,-0.171247,-0.037592,0.137044,-0.310969,-0.386376,-0.207032,-0.169004,-0.213286,-0.350047,-0.325514,-0.237781,-0.386319,-0.201765,-0.347775,-0.18607,0.104316,-0.388479,-0.266843,-0.009701,-0.283812,-0.20194,-0.150543,-0.303151,-0.387794,0.105159,-0.222762,-0.245274,0.111533,-0.063828,-0.011872,-0.167507,-0.300182,-0.22565,-0.21681,-0.069662,-0.208527,-0.287731,-0.221462,0.308884,-0.443834,-0.20684,-0.326436,-0.266744,-0.159927,-0.160516,-0.258484,-0.052504,0.181703,0.261359,-0.337741,0.037647,0.248031,-0.149786,0.179697,0.048766,-0.183705,0.271934,-0.036094,0.151546,0.008017,-0.151516,0.339089,0.106702,-0.083285,-0.417041,0.411527,-0.264086,-0.228609,0.072745,0.286186,-0.188405,0.174387,0.219798,0.410995,0.106436,0.17804,-0.2503,-0.049391,-0.073632,-0.14014,0.241026,0.02368,0.584159,0.197317,0.182047,-0.070155,-0.126765,0.050651,-0.242452,-0.209187,0.20041,#
15,-0.030204,-0.256683,-0.173759,-0.117864,-0.075714,0.08564,-0.039641,0.084416,-0.357812,-0.019915,0.235282,0.062531,-0.414334,-0.070227,-0.213657,1.0,-0.033291,-0.264882,0.053963,-0.123634,-0.164686,0.075409,-0.102664,0.037058,0.164595,0.053583,-0.08269,-0.007298,0.168717,-0.200312,-0.047885,-0.11514,-0.165695,0.198717,0.061239,0.303141,-0.067475,0.207166,0.092261,0.167521,-0.181938,-0.398931,-0.049008,-0.004467,-0.132703,0.17285,-0.250517,-0.058756,-0.154953,-0.007207,0.167616,0.157833,-0.095603,0.087902,0.007164,0.107752,0.109254,0.001573,-0.025495,-0.222381,0.088332,0.039468,0.23095,-0.132723,-0.042621,-0.270679,-0.249726,-0.065092,0.049487,0.061504,-0.125289,-0.222579,0.114033,0.139746,0.13058,-0.008842,-0.115925,0.071477,-0.076856,0.19804,-0.180089,-0.004194,0.300533,0.070024,0.250219,-0.194378,0.117013,-0.273178,0.088775,0.026714,0.153929,-0.026605,0.248825,-0.068187,0.054513,0.103294,-0.154103,0.104037,-0.206062,-0.087275,-0.028435,0.075588,-0.09527,0.055284,0.219924,-0.058239,-0.03741,0.091097,0.008794,-0.092708,-0.295302,-0.046284,0.172651,0.094319,-0.108445,0.010173,0.170868,0.183182,0.042065,0.278304,0.085665,0.24267,0.054908,-0.023349,-0.138359,-0.030716,0.158582,0.04082,0.001642,-0.176897,-0.016077,0.168371,0.042013,0.00378,-0.067982,0.00099,-0.081326,-0.012165,-0.178735,-0.047112,0.033736,-0.000461,-0.00385,0.266076,0.021471,-0.054179,0.026711,-0.243252,-0.019392,-0.109125,-0.020607,0.11898,-0.238051,0.125329,0.014665,-0.019032,-0.2696,-0.13305,-0.173516,0.182363,0.145509,0.090833,-0.164781,-0.009613,-0.307413,-0.320415,0.143326,0.045408,0.037284,-0.03353,-0.015108,-0.11064,-0.11318,0.115361,-0.244611,-0.033978,0.044699,-0.046561,-0.205898,0.24225,0.10383,-0.14805,0.031462,0.072563,-0.08198,0.055287,-0.224703,-0.071692,0.122917,-0.189572,-0.301243,-0.273738,0.000679,0.046999,0.083384,0.065344,0.08496,0.08282,0.095541,-0.176314,#
16,0.13844,0.089412,-0.049956,-0.093218,0.090821,0.23615,-0.201706,-0.120127,-0.15203,-0.245486,0.173494,0.031281,-0.228784,-0.296564,-0.033303,-0.033291,1.0,-0.011535,-0.043805,-0.292287,0.008101,-0.306082,-0.259007,-0.258736,0.018571,-0.111449,-0.41743,0.036662,-0.16767,-0.203598,0.054409,-0.10218,0.087482,-0.206497,0.066093,0.219619,0.070939,-0.077421,-0.250084,0.084979,-0.083491,-0.290137,-0.055347,0.283379,0.219395,0.120926,-0.36949,-0.194677,0.115739,0.030102,0.094906,-0.114097,0.042708,-0.126828,0.111666,-0.03628,-0.280834,-0.057197,0.031966,0.0042,-0.14348,0.031147,0.106602,-0.0844,0.078557,-0.049538,0.117543,-0.05905,-0.062416,-0.016626,-0.334493,0.17736,0.196696,-0.082215,-0.033895,0.149318,-0.056486,0.073303,-0.057148,-0.164277,-0.076665,0.154601,-0.048827,-0.099468,-0.118363,-0.361732,-0.332235,-0.273959,0.07297,-0.217492,-0.103869,-0.208417,0.060319,-0.389517,-0.049265,-0.257766,-0.103071,-0.24565,-0.30408,0.00526,0.210169,-0.171875,-0.176343,-0.211848,-0.030544,-0.038574,-0.105829,0.09799,-0.084965,0.098194,-0.087939,-0.078387,-0.110797,-0.092607,-0.166686,0.136967,-0.260182,-0.191082,-0.186704,0.155179,-0.254469,0.064109,-0.322004,0.157777,0.142395,-0.32456,-0.12778,-0.119381,-0.255804,-0.015498,-0.01106,0.150069,0.031192,0.099261,-0.086216,-0.182002,0.21651,-0.26858,-0.302707,-0.064606,-0.401492,0.108041,-0.109956,-0.003692,0.104995,-0.037848,-0.05936,-0.026425,-0.011347,-0.023366,-0.18461,0.234189,-0.207186,0.016206,-0.177611,-0.404066,-0.184635,0.06366,-0.293613,-0.011766,-0.068188,-0.084979,0.073387,-0.194119,-0.118263,0.086811,-0.042733,-0.073433,0.056329,-0.347062,0.164589,-0.029335,-0.12539,0.019791,-0.098661,-0.042968,-0.11174,0.204164,-0.053455,0.130776,-0.059359,0.155324,0.304979,0.1263,0.057506,-0.078096,0.013684,0.286486,0.261653,0.025431,-0.222342,0.172628,0.245055,0.099496,-0.239619,0.491879,0.139175,-0.114505,-0.339228,0.009659,#
17,0.248052,0.381715,0.06976,0.02057,0.051718,-0.004747,0.053023,-0.102952,0.218158,0.071013,-0.16378,0.074288,0.239055,0.286024,-0.023423,-0.264882,-0.011535,1.0,0.157357,0.093969,0.246928,0.093503,0.158143,-0.121939,-0.025368,0.011667,0.122843,0.062244,0.10936,0.323524,-0.145039,0.042987,0.14881,-0.098043,0.140142,-0.106228,0.012798,-0.105367,-0.048444,-0.05424,0.065172,0.233578,0.099289,0.005111,-0.144831,-0.335149,0.213731,0.120987,0.108901,-0.188314,0.136258,-0.122418,-2.3e-05,-0.107407,0.047244,-0.258464,-0.188611,-0.173427,-0.05838,0.018018,0.017915,0.271719,-0.048719,0.016319,0.021326,0.208023,0.077973,0.232928,0.133543,0.334197,0.042277,0.116211,-0.467084,0.008126,-0.086997,0.120145,-0.09709,-0.124015,-0.086458,-0.326927,0.047664,-0.158643,-0.07417,-0.038151,-0.132569,0.128313,-0.137212,0.172915,0.133844,-0.053368,0.108002,-0.067351,-0.114078,0.212293,-0.143697,0.202993,0.233178,-0.1629,-0.171445,-0.315684,-0.238229,-0.128425,-0.096874,0.151996,-0.225135,-0.036026,-0.13031,-0.302096,-0.333037,0.057594,0.301547,0.028186,0.002164,0.036539,0.145044,-0.050902,-0.229568,-0.186438,0.167183,-0.255123,-0.102456,-0.093209,-0.217496,-0.21183,-0.103958,0.211742,0.053748,0.107807,0.07694,0.053333,0.065045,-0.133897,-0.088411,-0.256831,-0.074837,-0.111595,0.156328,-0.174572,0.196725,-0.049061,-0.027251,-0.131042,-0.147189,-0.285555,-0.189961,0.071433,0.021605,0.180936,0.035631,-0.135184,-0.139999,-0.223453,0.344384,-0.147665,-0.254625,-0.10276,0.314378,0.327503,-0.225434,-0.091318,-0.17978,0.016769,0.124479,0.086139,-0.210657,0.396739,0.088917,-0.010104,0.097952,0.058636,-0.189527,0.004418,-0.260504,-0.077688,0.082871,-0.11466,0.030919,0.035769,0.399729,-0.314604,-0.006237,0.089811,-0.217268,-0.216004,0.057452,-0.062639,0.315094,0.206765,-0.31382,0.177538,0.154619,0.094476,-0.027459,0.123635,-0.168988,0.033466,-0.075105,-0.153812,0.216867,0.086966,#
18,-0.041354,0.246477,-0.029287,-0.106975,0.01246,-0.307672,0.105835,-0.101163,0.21637,0.137378,0.036225,-0.336384,-0.002843,0.111697,0.169486,0.053963,-0.043805,0.157357,1.0,-0.322738,0.172618,-0.297359,0.034157,0.069989,-0.049732,-0.06686,0.112269,0.173807,0.072086,0.299936,-0.112258,-0.017662,0.125536,-0.048541,0.131112,0.112041,0.180167,-0.136252,-0.009921,0.102673,-0.103445,-0.201694,0.225079,0.048059,-0.025246,-0.141001,0.065441,-0.137722,0.128846,-0.050694,-0.02861,0.029847,-0.081728,0.086522,0.202844,-0.001447,-0.078958,-0.117862,-0.202684,-0.131687,-0.057853,0.095151,-0.028214,0.262538,-2e-05,0.04421,-0.001344,0.035498,0.042236,-0.067415,-0.220916,-0.295983,0.003245,-0.264709,0.046332,0.143881,-0.246128,-0.027091,0.156827,-0.275839,-0.287331,-0.213414,-0.214005,0.18313,-0.315866,-0.028768,-0.05983,-0.077354,-0.168332,0.082224,-0.010001,-0.189637,-0.227346,-0.200248,-0.271491,-0.236461,-0.086513,-0.182908,-0.132674,-0.135966,-0.18588,-0.047282,-0.110061,-0.177614,-0.146504,0.072594,-0.174233,-0.061771,-0.138745,-0.035481,0.105283,0.059227,0.049294,-0.148947,-0.087319,-0.279728,-0.03329,-0.066594,0.060205,-0.194488,-0.228887,0.071059,-0.370284,-0.170604,-0.10394,-0.17608,-0.042413,0.028088,-0.226386,-0.432226,0.134859,-0.276907,-0.048925,0.123328,-0.102951,-0.16938,0.004645,-0.068848,-0.125972,-0.070845,-0.168727,0.061886,-0.202027,-0.136755,-0.135761,-0.108735,-0.200731,0.262457,-0.117825,-0.146052,-0.266253,-0.104612,0.118989,-0.105222,-0.235836,-0.218695,-0.049123,0.156155,-0.193588,0.057188,-0.068016,0.095419,0.136654,0.000646,-0.183079,-0.001838,-0.079748,0.155739,-0.084911,0.01688,0.071285,-0.02485,0.016086,-0.062546,0.234128,0.078913,0.016068,0.158184,0.168567,-0.275024,0.063722,0.073704,0.199597,-0.018401,0.121909,0.003488,-0.072932,-0.006849,-0.034583,0.251038,-0.085175,0.127077,0.221992,0.303202,0.106351,-0.04155,0.134075,-0.183453,-0.333138,-0.080383,#
19,-0.156358,-0.198966,0.117365,0.260037,0.030881,0.133083,-0.089849,-0.018871,-0.056511,-0.160246,-0.284256,0.05375,0.051722,0.028286,-0.080771,-0.123634,-0.292287,0.093969,-0.322738,1.0,0.177532,0.144257,0.035375,-0.020611,0.213205,-0.086515,0.068402,-0.04312,-0.072196,-0.123995,0.072825,0.202068,0.09095,0.060579,-0.195427,-0.334247,-0.007283,0.133636,-0.078597,-0.014888,0.28643,0.381976,-0.095394,-0.146499,-0.018121,0.066596,0.354181,0.377943,0.156282,-0.006757,0.071393,-0.043012,0.196783,0.035748,-0.077497,0.173164,0.258261,-0.249486,0.17131,0.006916,-0.158858,-0.105204,0.227204,0.043992,-0.028001,0.089885,0.087784,0.16773,-0.037875,0.00919,0.407138,0.063727,0.032206,0.323782,0.105388,-0.337734,0.379705,0.177841,0.177744,0.179032,0.471729,0.217717,0.219166,-0.00452,0.248739,0.042723,0.226377,0.278271,0.348099,0.094412,0.229664,0.311414,0.239611,0.323709,0.212902,0.277535,0.281497,0.248033,0.063723,0.189919,-0.072901,0.387355,0.205959,0.350844,0.346048,0.277336,0.195473,-0.261283,0.328695,0.007456,0.234089,-0.282503,0.139997,0.353687,0.257626,0.09913,0.043874,0.348393,0.020004,0.052916,0.27142,-0.002372,0.412485,0.024444,0.189513,0.229638,0.039568,-0.034037,0.085091,0.399154,0.016603,0.230411,0.121092,-0.182426,0.290992,0.017408,0.120437,0.158865,0.133498,0.285071,0.357505,-0.160126,0.072428,0.061515,0.06502,0.174991,0.146791,-0.310515,0.400329,-0.115075,0.196004,0.097147,0.262814,0.288694,0.191984,0.386358,0.094645,-0.108085,0.344692,0.051365,-0.054619,-0.054126,-0.064706,0.263736,0.14271,-0.1274,0.336216,0.00172,-0.128786,0.089655,-0.379324,-0.044839,0.252257,0.193421,-0.176976,0.177333,0.286926,-0.334465,-0.179829,0.017123,-0.161637,-0.133944,-0.133202,-0.110848,-0.38892,0.06807,0.114343,0.118186,-0.168051,-0.438581,0.316877,-0.275424,-0.240713,-0.302624,0.091362,-0.299117,-0.411743,0.415449,0.250356,0.109877,#
20,-0.112369,-0.077049,-0.074227,0.234241,-0.057833,-0.181606,-0.15652,-0.018309,0.099224,-0.098184,-0.053962,-0.138929,-0.011743,-0.101464,-0.085351,-0.164686,0.008101,0.246928,0.172618,0.177532,1.0,-0.276569,-0.223138,0.102405,0.260997,0.113423,-0.114892,0.143878,0.060971,0.050326,0.305522,-0.020764,0.174973,0.068033,0.035667,-0.279361,0.042823,-0.029814,0.024771,0.046003,0.031187,-0.096169,-0.040165,-0.137653,-0.010044,0.132279,0.213882,0.013453,0.080673,-0.066397,0.035625,-0.044299,-0.069391,0.216467,0.073148,0.182586,0.022737,-0.008848,-0.021826,0.035053,-0.039728,0.119805,0.042891,-0.152032,-0.133463,0.007855,-0.078773,0.128415,-0.126478,-0.19881,-0.066618,0.121675,0.059022,0.294881,0.214391,-0.224945,0.12112,0.239391,0.044312,0.01341,0.101909,0.181645,0.222616,0.008729,-0.066612,-0.083083,0.180888,0.181784,0.332544,0.219801,-0.028313,0.051401,0.106024,0.150919,0.033713,0.105676,0.219848,0.038496,0.12653,0.120718,-0.054249,0.126138,-0.012205,0.111739,0.160376,0.132714,-0.029533,0.125829,0.124155,0.024145,0.060825,-0.237293,0.080688,0.193527,0.171978,0.194168,0.051721,0.242901,0.205316,0.192751,0.128293,0.301185,0.120717,0.187512,0.237193,0.082324,-0.158064,-0.255223,0.034086,0.101133,0.135588,0.00445,0.292755,-0.140223,0.135808,0.052341,0.058763,0.021222,0.117527,0.463733,-0.016596,0.035983,0.184769,-0.051092,0.247138,0.007543,0.285445,-0.203373,0.229018,0.067536,0.004475,0.204656,0.306773,0.259081,-0.02906,0.175974,0.103829,-0.014382,0.16596,0.081355,-0.21124,0.067956,-0.05879,-0.043798,0.045027,0.053529,0.102175,-0.18067,-0.015527,0.114608,-0.215667,0.091708,0.2374,-0.024028,-0.195541,0.092642,0.091114,-0.025175,-0.062667,0.047899,-0.151757,0.119937,-0.020638,-0.125376,0.029905,0.179352,0.076907,0.35328,0.047932,-0.165152,0.125858,-0.079415,-0.212485,-0.19391,-0.282718,-0.011489,-0.247228,0.176475,0.157836,0.009941,#
