0,1.0,0.240123,-0.027513,-0.050331,0.272212,0.151436,0.032533,-0.134766,0.163126,0.215873,-0.063906,0.016373,-0.061397,0.255006,0.296768,0.066684,0.06939,-0.067844,-0.122554,-0.23172,-0.077381,-0.152126,-0.182854,-0.115178,0.219505,-0.434359,0.100115,-0.226087,0.231698,0.115294,-0.356338,-0.02382,-0.106666,-0.189391,0.168429,0.157565,0.068153,-0.14689,-0.106777,0.162355,-0.03883,-0.039471,-0.359513,-0.158612,0.221823,-0.286524,0.065015,-0.024861,0.040472,-0.046543,-0.014578,-0.18407,0.009753,0.063032,0.135005,0.022723,-0.16771,0.040595,-0.212328,0.327543,0.183923,0.459992,0.118095,-0.314455,-0.230019,-0.056691,-0.033644,0.042626,0.078883,-0.052019,-0.031962,0.01236,0.125936,-0.04133,-0.075641,0.148807,-0.303657,-0.28016,-0.134154,-0.072869,0.012803,-0.210752,-0.032503,-0.245727,-0.227998,-0.025726,-0.194271,-0.102382,-0.122364,-0.362421,-0.096255,-0.345105,-0.017672,0.030053,-0.067099,-0.153863,-0.08078,0.0154,-0.086229,-0.149379,-0.094377,-0.223494,-0.165179,0.075655,-0.035904,-0.179086,0.043178,-0.129107,-0.098605,-0.360724,0.032755,-0.080214,-0.165721,-0.166312,-0.2221,-0.349962,-0.026002,-0.271589,0.06751,-0.27605,-0.105661,-0.027313,-0.241986,0.002751,0.155933,-0.156375,-0.104264,0.030769,-0.21004,-0.145185,-0.120613,-0.165628,-0.377658,0.018649,0.046941,-0.179758,0.04726,-0.11471,0.07289,-0.173695,-0.105028,-0.356002,-0.033128,-0.460102,-0.239647,-0.219959,-0.204449,0.301657,-0.153442,-0.096558,-0.303465,-0.010737,0.095495,-0.2585,0.033577,-0.012358,0.049314,0.190094,-0.061495,-0.195883,-0.173002,-0.207979,0.175561,-0.008669,-0.23345,0.165095,-0.07158,0.294066,-0.109333,-0.345571,0.161672,0.023384,-0.066415,-0.107293,0.095165,-0.239039,-0.021117,0.142784,0.228726,-0.342026,0.187811,0.024684,-0.060605,0.166332,0.139997,-0.190686,0.277937,-0.121919,0.083698,0.204684,-0.350036,0.063188,0.149777,0.18144,-0.160732,0.045261,-0.082503,-0.27541,0.090921,-0.097402,#
1,0.240123,1.0,-0.103776,-0.07744,0.296916,0.276121,0.177115,-0.306273,0.198561,0.206229,0.081788,0.025396,0.027172,0.296082,0.196888,-0.058365,-0.200549,0.22941,-0.100403,-0.027905,0.246846,0.321571,0.298756,-0.11095,0.008101,-0.361374,0.255346,-0.037814,0.256221,0.34191,-0.345415,-0.153567,0.085843,-0.45036,-0.111015,0.068731,0.195505,-0.621795,-0.058308,0.151156,0.119224,0.306573,0.04459,-0.118893,0.033866,-0.01569,0.063005,0.301062,-0.026632,-0.042713,-0.18803,-0.506364,0.044604,-0.271137,0.022191,0.057216,-0.193367,0.349799,0.029813,0.357221,0.225907,0.26442,0.15056,-0.011594,-0.063778,0.350097,-0.072357,0.289949,0.353752,0.030972,-0.328915,-0.166575,0.236205,-0.149652,-0.298929,0.169575,-0.419216,-0.126697,-0.370125,-0.162677,-0.196767,-0.707355,-0.324418,-0.096971,-0.20791,-0.237618,0.011471,-0.392625,-0.116752,-0.171731,-0.316083,-0.305223,-0.219066,-0.005542,-0.280401,-0.236322,-0.334154,-0.36589,-0.134347,-0.373461,0.050063,-0.244108,-0.155615,-0.026296,0.006642,-0.198634,-0.260017,-0.597679,-0.000957,-0.099489,0.063163,-0.093469,-0.483251,-0.278769,-0.094428,-0.205234,-0.248696,-0.118424,0.046671,-0.391633,-0.215678,-0.222466,-0.359185,-0.372416,0.02337,-0.134344,0.046212,0.199041,-0.218494,-0.417689,-0.167474,-0.247387,-0.278468,-0.237018,-0.298483,-0.354117,-0.165208,-0.223051,0.191108,-0.721456,-0.279941,-0.329253,-0.222487,-0.235692,-0.035299,-0.258608,-0.169692,0.441241,-0.209096,0.000319,-0.317304,-0.291766,-0.204403,-0.243564,-0.083034,-0.03131,-0.02795,0.476153,-0.195376,-0.38674,-0.141512,-0.15368,-0.147662,0.209844,-0.19657,0.382875,-0.17103,-0.118495,-0.207186,-0.325299,-0.04772,0.090579,-0.370834,-0.233574,0.228041,-0.433415,-0.306395,0.0965,0.43903,-0.348476,0.578202,-0.096425,-0.260104,0.340262,0.440359,-0.379877,0.024385,-0.049424,-0.116384,0.488692,-0.403975,0.411095,0.444721,0.311117,0.023375,-0.231739,0.022385,-0.344119,-0.099124,0.035529,#
2,-0.027513,-0.103776,1.0,0.277279,0.040215,0.023271,-0.06018,0.11343,0.252715,-0.050635,-0.018963,0.252884,-0.320215,0.017447,-0.221097,-0.308349,-0.17833,0.295565,-0.161639,0.136767,-0.239725,-0.238171,0.035409,0.084368,0.254718,0.097051,-0.14839,-0.057328,0.131656,-0.131537,0.091766,0.29171,-0.226083,0.10476,-0.040319,0.014307,0.035106,-0.024108,-0.054383,-0.214464,-0.097415,-0.011062,-0.08009,-0.064679,-0.045063,-0.085618,0.019654,-0.040802,-0.087463,0.257324,0.053465,0.271963,0.099918,0.229305,-0.038254,-0.120919,0.028267,-0.013008,-0.323773,-0.153258,0.214448,-0.021653,0.005611,-0.143389,0.015891,0.011557,0.181493,-0.020263,0.026968,0.280821,0.169319,0.116125,0.054117,0.11996,0.135458,0.113567,-0.072873,0.011638,0.024401,-0.022384,0.165514,0.142651,-0.071442,0.370276,0.096423,0.041801,-0.117782,0.041315,0.057553,-0.053685,0.159645,0.147803,0.049731,0.083822,-0.088036,-0.070474,0.242362,-0.035107,0.349843,0.169421,-0.196459,0.075139,0.118372,0.291192,-0.011403,0.099321,0.264517,0.232097,0.014528,0.044922,0.109487,0.145778,0.069358,0.254486,0.131007,0.304558,-0.248759,-0.019358,0.112313,0.223503,0.052258,0.178318,0.318518,-0.04989,-0.094202,0.159231,0.039705,-0.291134,-0.278226,0.06632,0.191087,0.005718,0.023597,0.041684,0.030148,0.042139,0.061012,0.240576,-0.074808,0.179477,0.248827,0.147353,-0.091343,-0.135035,0.136203,-0.013672,0.271349,0.012469,0.033427,0.030983,0.108203,0.106456,0.164166,0.257179,0.203668,-0.023861,0.04829,0.089698,0.388796,0.113914,0.097488,0.05838,0.354574,0.116466,0.266869,-0.109611,0.04996,-0.272364,0.168359,-0.016525,0.074544,-0.034101,-0.012558,0.054962,-0.170323,0.262286,0.091831,0.325602,-0.124416,-0.171692,-0.170869,0.01088,0.059723,-0.222124,-0.074206,0.306953,0.038826,-0.04392,-0.185156,0.188801,0.077447,-0.191136,0.005124,0.150091,-0.266065,-0.038164,-0.024367,-0.053363,0.073764,0.066257,#
3,-0.050331,-0.07744,0.277279,1.0,0.119523,-0.152755,-0.099525,0.179666,-0.104724,0.215438,-0.037007,0.037987,0.050671,-0.252697,-0.131935,0.006949,-0.079666,0.147359,-0.339851,0.160392,-0.058749,-0.145543,-0.110446,0.154099,0.172834,0.033173,-0.296374,-0.213217,-0.104783,-0.154513,0.306555,0.007962,0.142433,0.298451,0.108294,-0.099882,0.135872,0.077169,-0.050818,-0.007645,-0.007652,0.042555,-0.131627,-0.278312,0.342903,0.032742,-0.364468,-0.181728,0.214452,0.045502,0.195751,0.061374,0.265434,0.168557,-0.062948,-0.185124,-0.053596,0.013442,-0.058416,-0.267481,-0.133262,0.183355,0.172923,-0.052865,-0.10295,-0.136827,-0.045162,-0.273025,-0.17356,0.045327,-0.145957,-0.007879,0.232385,0.133943,0.068569,0.015765,0.063765,0.319993,0.278053,0.020039,0.216816,0.261779,-0.018925,0.101493,0.046645,-0.043504,0.197717,-0.037575,0.169141,-0.09582,0.060218,-0.005665,0.255108,-0.032238,0.083424,-0.217173,-0.055255,0.119893,0.275349,0.2879,-0.221118,0.143877,0.427523,0.393556,0.165507,0.132829,0.056997,0.022229,-0.135475,-0.14143,-0.076863,-0.131712,0.163113,0.226092,-0.009213,0.401394,0.316654,-0.00366,-0.013247,-0.011336,0.257644,0.133419,0.122118,0.178692,0.003463,0.178591,0.022061,-0.050901,0.017698,0.266154,0.004132,0.009936,0.303512,0.269575,0.113602,0.305855,0.096743,0.132691,-0.287741,0.182176,0.080533,0.234825,0.100763,0.056909,0.213458,0.19856,0.03285,-0.114105,0.175506,-0.125486,-0.126949,-0.099082,-0.003295,0.079871,0.252646,0.250322,-0.208946,-0.020049,0.276357,0.264858,0.41309,0.230091,0.115935,0.107797,0.178139,-0.284963,0.101085,-0.274757,0.261299,0.269232,-0.030231,-0.247876,0.051991,0.045193,-0.270148,0.247349,-0.143461,-0.04486,-0.309566,-0.161325,-0.180946,-0.270677,0.029165,-0.163526,-0.263648,0.056488,-0.371155,-0.053938,0.10409,-0.320482,0.046,-0.145237,-0.265145,0.091731,0.039277,0.072451,-0.152154,0.157956,0.045824,0.046594,#
4,0.272212,0.296916,0.040215,0.119523,1.0,0.108099,0.162258,0.054786,0.208695,0.067468,0.028507,0.212056,-0.053805,0.159352,0.074696,0.161277,0.143593,-0.019328,0.088588,-0.067491,0.126061,-0.134279,0.29331,-0.028906,-0.048846,-0.277242,0.153651,-0.121498,0.350967,0.089112,-0.22406,0.021366,0.006972,-0.258632,0.032555,0.139516,0.122359,-0.324951,-0.098931,0.019381,0.168655,0.049805,-0.164289,-0.283915,0.286967,-0.089208,0.014715,0.276493,0.212767,-0.044712,0.113457,-0.36588,0.314935,-0.226964,-0.09861,-0.041124,-0.100422,0.190891,0.129069,0.080842,-0.078264,0.365001,-0.082699,0.0374,-0.094761,0.138843,0.180909,0.041945,0.209773,-0.001557,-0.09235,-0.191055,0.207415,-0.175117,-0.175042,0.228657,-0.272921,-0.318048,-0.31367,-0.193255,-0.184188,-0.322983,-0.266657,0.276257,-0.233987,0.006133,-0.212428,-0.368696,0.128404,-0.32012,-0.176104,-0.258035,0.017886,-0.355519,-0.342469,-0.301131,-0.410993,-0.307502,-0.300233,-0.162336,-0.08055,-0.261662,-0.202409,0.158888,-0.180482,-0.26191,0.008767,-0.284795,-0.03695,0.033347,0.116321,0.151246,-0.099111,-0.256034,-0.2023,0.017337,-0.020338,-0.294441,0.241349,-0.274266,-0.078972,-0.255101,-0.304818,-0.445628,0.063839,-0.106305,-0.059973,0.074222,0.068067,-0.465947,-0.090265,-0.060819,-0.04231,-0.093015,-0.277932,-0.099744,-0.0987,-0.256981,0.030603,-0.275082,-0.315157,-0.207904,-0.316308,-0.232875,-0.193791,-0.074552,0.013082,0.155439,-0.364515,-0.273343,-0.229511,-0.085872,0.108155,-0.306606,0.098025,-0.241538,0.010851,0.443094,-0.267729,-0.306368,0.059185,-0.295716,0.107177,-0.056119,-0.231247,0.116889,-0.04472,0.018373,-0.045724,-0.126207,0.004542,0.275933,-0.356063,-0.023222,0.148243,-0.162941,-0.267014,0.167854,0.180421,-0.229001,0.307692,-0.084277,-0.122011,0.152906,0.061352,-0.067538,0.013371,-0.110426,-0.067462,-0.00511,-0.149332,0.195877,0.304709,0.307268,-0.331347,0.131605,0.169587,-0.170456,0.096278,0.18852,#
5,0.151436,0.276121,0.023271,-0.152755,0.108099,1.0,0.209872,-0.103727,0.479769,-0.01095,0.332335,0.065037,-0.150805,0.156385,-0.028987,0.027856,0.106613,-0.048405,0.072538,-0.10308,0.029368,0.219209,0.362063,-0.320925,0.013029,-0.416981,0.142533,0.037454,-0.011558,0.260054,-0.225807,0.072905,-0.127981,-0.201304,-0.209386,0.189936,0.073843,-0.156726,0.160102,-0.132482,0.031468,0.053075,0.164988,-0.1941,-0.318543,-0.104326,0.241589,0.007373,0.119924,0.049059,0.050586,-0.088229,0.002091,-0.115074,0.231943,0.392056,-0.507809,0.3585,-0.15379,0.166765,0.195487,0.182396,0.03812,0.074108,-0.118302,0.175527,-0.038135,0.302203,0.134463,0.114892,0.052452,-0.140583,0.114642,-0.351272,-0.352529,0.288643,-0.181559,-0.189675,-0.144274,-0.230529,-0.210654,-0.412464,-0.033926,0.257631,-0.368119,0.073276,-0.267298,-0.11716,0.050406,-0.168031,-0.029253,-0.188632,-0.113308,0.113208,-0.092099,-0.050206,0.074881,-0.143138,-0.037902,-0.35027,0.078055,-0.239618,-0.007785,-0.166912,-0.139783,-0.391295,0.141781,-0.196237,0.014463,0.098718,-0.046797,-0.13114,-0.194417,-0.291986,0.012769,-0.422167,-0.188318,-0.246513,0.151216,-0.085166,-0.146956,-0.056383,-0.257443,-0.320368,0.102291,-0.00331,0.326408,0.297592,-0.244608,-0.302915,-0.145283,0.085068,-0.195199,-0.342963,-0.114731,-0.19966,-0.076455,-0.20672,0.188622,-0.420331,-0.188357,-0.186311,-0.214071,-0.218246,-0.164261,-0.35207,-0.193124,0.336174,-0.187792,-0.125144,-0.060719,-0.123893,0.23194,-0.288856,-0.145665,-0.168459,0.111776,0.050405,-0.120042,-0.136369,-0.131488,-0.129716,0.008937,0.037267,0.097067,0.130133,-0.183638,-0.225909,-0.270918,-0.301027,0.023393,0.148357,0.063806,-0.189213,0.21541,-0.318867,-0.259287,0.324139,0.191582,-0.04124,0.241177,0.058992,-0.088635,0.268586,0.020542,-0.023087,0.067714,0.067822,-0.121081,0.32841,-0.211415,0.115401,0.08394,0.308449,-0.057519,0.211705,0.035536,-0.282525,-0.220329,-0.039644,#
6,0.032533,0.177115,-0.06018,-0.099525,0.162258,0.209872,1.0,-0.242925,0.137697,0.149164,0.124053,0.006874,0.137792,0.106261,0.109911,0.038881,-0.012527,0.023341,0.150913,-0.006655,0.277819,0.170485,0.113629,-0.241967,-0.192595,-0.317013,0.102825,0.024735,0.204078,0.125226,-0.240209,-0.048688,0.002428,-0.049457,-0.032142,-0.122115,0.098486,-0.06714,-0.155617,-0.029329,-0.100159,0.104336,0.114073,-0.095631,-0.131644,-0.100858,0.0086,0.065012,0.139149,0.187735,0.036428,-0.273378,-0.040219,-0.263137,-0.124035,0.037645,0.066078,0.089636,-0.149164,0.20368,0.037153,0.183987,-0.083888,0.062695,-0.166041,-0.054179,0.093484,-0.005258,0.040467,0.203022,0.168969,-0.26808,0.104638,0.00606,-0.205705,0.063321,-0.048405,-0.293507,-0.335905,-0.092052,-0.166328,-0.205784,-0.074909,0.08192,-0.134259,0.226138,-0.116385,-0.063033,0.092379,-0.175637,-0.158623,-0.059613,0.046321,0.103864,0.187415,0.000708,-0.146611,-0.263507,-0.236084,-0.127314,0.181473,-0.440532,-0.217568,-0.090343,-0.004354,-0.068304,0.082151,-0.145934,-0.09067,0.015949,0.000102,-0.136317,-0.208685,-0.155546,-0.097269,-0.06616,-0.233063,-0.178378,0.041589,-0.024277,-0.00274,-0.145436,-0.114586,-0.278676,-0.370627,0.316846,0.047135,0.264836,-0.055402,-0.235959,0.045321,0.086605,-0.001128,0.036984,-0.059377,0.039356,-0.084919,-0.229028,-0.028348,-0.080722,0.060545,-0.00334,0.077254,-0.105879,-0.259418,-0.273541,0.131073,0.383157,-0.022009,0.113679,-0.103358,-0.143312,0.122255,-0.020246,0.103034,-0.015581,0.020426,0.184875,-0.157729,-0.162832,-0.020187,-0.14641,-0.020734,0.19517,0.066573,0.09034,-0.047948,-0.093317,-0.107661,-0.063045,0.055651,0.059266,-0.041271,-0.121624,0.013697,-0.000149,-0.075119,0.234529,0.153875,-0.147028,0.050296,0.093133,0.217473,0.232096,-0.041076,0.074359,0.119257,-0.138757,-0.186589,-0.034268,-0.158898,0.178484,0.136901,0.207163,0.161675,0.246173,-0.080028,-0.092146,-0.073238,-0.044411,#
7,-0.134766,-0.306273,0.11343,0.179666,0.054786,-0.103727,-0.242925,1.0,-0.118153,-0.319943,-0.147405,-0.147654,0.002253,-0.193816,0.032978,-0.066708,-0.155071,-0.111092,-0.138053,0.103629,-0.125703,0.005717,-0.015917,0.257879,0.417723,0.234639,-0.105699,0.112098,-0.188296,-0.137176,0.193494,0.249264,0.295267,0.049298,0.002139,0.109018,-0.018669,0.21859,0.225814,-0.237823,0.122898,-0.058682,0.087737,-0.050373,0.108124,-0.051594,0.11154,0.282364,0.079345,-0.492183,-0.032347,0.148316,-0.005167,0.004464,-0.071231,-0.240867,-0.065662,-0.183121,0.093294,-0.353071,-0.389842,-0.252011,-0.291279,-0.094856,-0.115485,0.068131,0.189545,0.029664,-0.065199,0.199951,-0.131843,-0.081466,0.183119,-0.002318,0.284508,-0.106071,0.302068,0.061225,0.102416,0.013965,-0.07246,0.147665,-0.110403,-0.015831,0.122633,0.156285,-0.083604,0.142324,0.155799,0.025202,0.254671,0.075516,-0.016542,-0.381849,-0.023727,0.05729,0.078864,0.211265,0.139322,0.17352,0.000383,0.092342,0.334094,0.046605,0.159016,0.026825,0.293392,0.142983,0.11238,-0.016852,0.218994,-0.066872,0.287887,0.034854,0.150265,0.377904,0.226279,0.074137,-0.130292,0.206674,0.21405,-0.141847,0.114684,0.109975,0.019882,0.085697,-0.287009,0.101673,0.022096,0.362214,0.057693,-0.081208,0.105364,-0.10066,0.242768,0.222863,-0.118197,0.089535,0.195934,0.225557,0.079779,0.181981,0.116749,-0.055193,0.079836,0.074077,0.062349,-0.249709,0.031045,-0.101845,0.023979,0.317263,-0.046692,0.132746,0.069101,0.098542,0.116048,-0.347408,0.106087,0.006974,0.1722,0.327539,-0.049475,0.143513,0.107418,-0.255477,0.048884,-0.13373,0.200488,0.24619,-0.134253,0.040876,0.12945,-0.043065,-0.248329,0.167869,-0.090906,-0.294111,-0.343554,-0.117663,-0.347558,-0.062047,0.010176,-0.242433,-0.296054,-0.086393,-0.160873,-0.13336,0.014825,-0.332827,0.263724,-0.203839,-0.089316,-0.157922,-0.028972,0.09471,0.019615,0.153105,0.011827,-0.156307,#
8,0.163126,0.198561,0.252715,-0.104724,0.208695,0.479769,0.137697,-0.118153,1.0,0.183992,-0.009279,0.221019,-0.063405,0.43359,-0.174068,-0.042639,-0.15179,0.277361,0.233944,0.190824,-0.200813,-0.234718,0.282628,-0.38305,0.106147,-0.304209,0.116661,-0.124242,0.193897,0.179826,-0.181569,0.206285,-0.22445,-0.177818,-0.089196,0.304256,0.318956,-0.390801,0.053088,-0.203303,0.022604,0.213184,-0.171045,-0.095232,0.065039,-0.162138,0.331794,0.18304,0.050455,0.154151,0.135046,-0.057139,0.103896,-0.002469,-0.158628,0.226202,-0.08269,0.307925,-0.12705,0.185912,0.027613,0.182902,-0.005078,-0.159113,-0.148953,0.189015,0.367546,0.287349,0.167016,0.076702,0.102666,-0.082111,-0.152712,-0.124468,-0.29522,0.212214,-0.006,-0.301521,-0.107779,-0.031892,-0.088077,-0.275606,-0.073825,0.319806,0.085685,0.047594,-0.209813,-0.335394,0.016658,-0.06265,-0.159661,-0.051465,-0.241932,0.165215,-0.290184,-0.112537,0.14244,-0.272071,-0.025844,-0.179546,-0.122502,-0.157813,-0.132977,0.135866,-0.206737,-0.09339,0.107574,-0.10584,0.130791,-0.088612,0.112253,-0.126452,0.029982,-0.14935,-0.052934,-0.287205,-0.059524,-0.163938,0.36645,-0.282981,0.022952,-0.087466,-0.087276,-0.28402,0.018692,0.115522,-0.048581,0.142156,-0.337704,-0.220358,0.049241,0.1979,-0.319135,-0.119768,-0.245739,-0.189959,0.100685,0.095933,0.266103,-0.235084,0.026939,-0.204884,-0.201528,-0.134255,-0.127234,-0.408534,0.252874,0.4354,-0.097389,0.071264,0.063404,-0.094781,0.180973,-0.220639,0.104631,-0.071415,0.204005,0.349769,-0.140866,0.03537,-0.287334,-0.140151,-0.092133,0.314255,0.228668,-0.100396,-0.132555,-0.113194,-0.139231,-0.120219,0.074732,0.10015,0.078671,-0.103469,0.005336,-0.156027,-0.215301,0.168859,0.277675,-0.118471,0.249584,0.184983,-0.355958,-0.035321,0.036143,0.203513,0.232485,0.055391,-0.473678,0.325702,-0.138197,0.035022,0.099204,0.173215,-0.365501,0.133171,-0.030011,-0.164226,0.119891,0.114284,#
9,0.215873,0.206229,-0.050635,0.215438,0.067468,-0.01095,0.149164,-0.319943,0.183992,1.0,0.124401,0.03793,0.194671,0.175041,-0.146879,0.327793,-0.038573,0.034984,-0.009532,-0.054434,0.113607,-0.075738,0.072974,-0.333025,-0.106174,-0.23736,-0.112728,-0.234212,0.094316,0.106348,-0.053164,-0.062392,-0.010374,0.038964,0.305696,0.049091,0.049446,-0.385465,-0.107687,0.264906,-0.164087,0.103549,-0.00068,-0.080506,0.140905,-0.10575,-0.153,-0.184974,-0.221087,0.177387,0.204912,-0.171573,0.033703,0.185294,0.039141,0.19047,-0.163812,0.266556,-0.114316,0.192086,0.07835,0.135403,0.054152,0.169698,-0.317508,-0.026311,0.203793,-0.073137,-0.024659,-0.132187,0.015118,-0.245073,-0.0762,0.086208,-0.17012,-0.034251,-0.072886,0.088415,-0.132822,-0.008586,-0.124788,-0.050175,0.065516,-0.035504,-0.083757,-0.286881,0.12326,-0.084345,-0.048278,-0.001584,-0.286882,-0.180727,0.124967,-0.024232,-0.143169,0.015206,-0.215802,-0.057956,-0.276957,0.082616,-0.122784,0.002376,-0.005963,0.253828,-0.124498,0.121012,-0.186462,0.010102,-0.110005,0.050578,-0.307736,-0.097641,-0.167456,0.060506,-0.217344,-0.153254,-0.021214,-0.142946,0.143038,-0.105311,-0.144857,0.28493,-0.111938,-0.067888,-0.211821,0.104511,-0.168329,-0.109628,0.051452,-0.000805,-0.137838,0.205252,-0.127094,0.300992,-0.093369,0.002519,0.0,-0.174359,-0.067736,-0.148492,-0.032189,-0.223297,0.02751,-0.027513,-0.008042,0.01055,-0.033534,0.252123,-0.059987,0.088913,-0.105313,-0.24717,-0.311419,-0.063743,0.161647,0.0612,-0.042806,0.30055,-0.056197,-0.236011,-0.089037,-0.181798,-0.100883,0.177334,-0.050655,-0.08427,-0.002638,0.222435,-0.053213,-0.006845,0.175771,-0.150909,0.069496,0.002942,0.207751,-0.103089,-0.216098,0.151637,-0.033129,-0.155351,0.111395,0.019816,-0.094513,0.187673,-0.036428,-0.010814,0.135347,-0.068426,0.031258,0.168733,-0.315879,0.095143,0.038476,0.062665,0.055564,0.032413,0.047829,-0.03216,0.095749,0.039875,#
10,-0.063906,0.081788,-0.018963,-0.037007,0.028507,0.332335,0.124053,-0.147405,-0.009279,0.124401,1.0,0.176602,-0.021397,-0.096354,0.046723,0.097786,0.450709,-0.086845,-0.038419,-0.212289,0.299114,0.171361,0.081893,0.026298,-0.128605,-0.002618,-0.18624,0.046456,0.15678,0.225427,-0.168989,0.139945,-0.284885,-0.087848,0.392396,0.084906,0.109178,-0.161663,0.052779,0.214615,-0.276366,0.029008,0.004874,-0.071452,-0.081118,-0.009103,-0.277926,-0.313272,0.091378,-0.055321,0.204291,-0.080569,-0.202865,0.016999,0.322252,-0.014644,-0.361739,0.16968,-0.079066,0.073275,0.059048,-0.020607,-0.094741,0.144156,0.239223,-0.097177,-0.041897,-0.122815,0.09966,-0.331848,-0.058686,0.038007,0.098599,-0.209018,-0.055958,0.271389,-0.301305,0.012358,-0.350545,-0.275447,-0.311349,-0.128773,-0.229306,0.255102,-0.397825,-0.206191,-0.29313,-0.129216,-0.375169,-0.175384,-0.081993,-0.310658,-0.194456,-0.067587,-0.190188,-0.069882,-0.247677,-0.189344,-0.242568,-0.166505,0.24941,-0.044916,-0.232048,-0.276294,-0.098603,-0.16151,-0.184539,-0.081486,-0.26428,0.484201,-0.333647,-0.136033,-0.306064,-0.091652,-0.26773,-0.098334,-0.227585,-0.146911,-0.130451,0.125248,-0.433593,0.038198,-0.311005,-0.033374,-0.061873,-0.111833,0.072997,-0.023229,-0.101979,-0.269133,0.002315,-0.08871,-0.155468,-0.112593,-0.172773,-0.073892,-0.073746,-0.313889,-0.127621,-0.275714,-0.281242,0.038548,-0.102075,-0.095283,-0.212428,-0.104442,0.007766,0.056673,-0.046383,-0.142109,-0.007841,-0.234282,-0.237258,-0.321193,-0.287961,-0.379778,-0.002639,0.001393,-0.169412,-0.105048,0.057254,-0.178662,-0.239013,-0.166015,-0.240768,0.117744,-0.204802,-0.059132,-0.219845,-0.165336,0.182282,-0.108584,-0.227116,-0.33457,0.225796,-0.362364,-0.377631,0.417539,0.12355,0.211182,0.16474,0.180505,0.072666,0.264684,0.159846,-0.262361,-0.069341,-0.051651,0.3923,0.162638,-0.349837,0.364686,0.05798,0.139545,-0.006543,-0.017515,0.258114,-0.330855,-0.252062,-0.062117,#
11,0.016373,0.025396,0.252884,0.037987,0.212056,0.065037,0.006874,-0.147654,0.221019,0.03793,0.176602,1.0,-0.283699,0.056143,0.048196,0.175366,0.069575,-0.121175,0.003781,-0.176583,-0.056596,-0.162653,-0.011412,-0.181139,0.118956,-0.106958,-0.116993,-0.143159,0.349041,0.228898,-0.162045,0.139447,-0.388542,-0.082181,-0.097685,0.196596,-0.20567,-0.056771,0.129518,0.318661,0.029228,-0.143308,-0.035402,-0.058831,0.190832,0.178227,-0.020262,-0.209437,0.056919,0.197829,0.204904,-0.130316,-0.016082,0.072007,-0.163196,0.168477,-0.203024,-0.183588,-0.25407,-0.049109,-0.212054,0.113212,0.268945,0.046677,0.024261,-0.210956,0.086317,0.021564,0.018282,-0.076148,0.197461,-0.070018,-0.029071,-0.047412,-0.167506,0.180702,-0.344589,-0.085737,-0.031898,-0.272495,-0.022257,-0.185766,0.081596,0.248732,0.033171,0.074732,-0.201753,-0.26917,-0.016353,-0.416884,0.017016,0.008409,0.033289,-0.127562,-0.216452,-0.203132,-0.244342,-0.276006,-0.132427,-0.055236,-0.133353,0.124953,-0.059739,0.122101,-0.251252,-0.057238,-0.045303,-0.135848,-0.089418,-0.013456,-0.347816,0.115315,-0.267097,0.108564,-0.262143,-0.049083,0.024547,-0.142437,0.093584,-0.030613,-0.105023,-0.097808,-0.229002,-0.109481,0.299037,0.024872,-0.178542,-0.330788,-0.264811,-0.243482,0.046877,-0.183644,-0.002655,0.117765,-0.095323,0.016819,0.183156,0.000313,-0.033771,-0.103981,-0.045042,0.130314,-0.086441,-0.052423,-0.216057,-0.243555,0.327917,0.122567,-0.003516,-0.241166,0.059807,-0.087033,-0.008203,-0.119446,-0.254968,-0.147671,0.062759,0.003169,0.012742,0.08872,0.033281,-0.017983,0.03851,-0.147085,-0.09963,-0.270899,-0.238146,-0.087396,0.207405,-0.049299,0.080527,-0.200436,-0.049444,-0.390508,0.168592,-0.061801,-0.129865,0.003693,-0.092113,-0.183413,-0.055138,0.012439,0.043317,0.127179,0.174236,0.031295,0.15142,-0.178376,-0.097329,0.047132,-0.300725,0.215906,0.148223,0.109032,-0.072977,0.090986,0.086051,-0.223817,-0.050289,0.315153,#
12,-0.061397,0.027172,-0.320215,0.050671,-0.053805,-0.150805,0.137792,0.002253,-0.063405,0.194671,-0.021397,-0.283699,1.0,0.188599,0.076045,0.234368,-0.100889,-0.00175,0.086861,0.086334,0.255993,0.08769,-0.02466,-0.088574,-0.246534,-0.085958,0.18268,0.163683,-0.075679,-0.072451,-0.025794,0.179987,0.130309,-0.080109,-0.072066,-0.232585,0.177254,-0.163919,-0.098514,-0.004654,-0.091792,0.389541,0.056708,0.216462,0.109148,-0.209736,-0.05417,-0.020809,-0.065582,-0.222314,0.078286,-0.073962,0.02393,-0.116999,-0.073844,-0.050159,-0.11892,0.111765,0.067881,0.062889,-0.157138,0.047588,-0.296887,0.015505,-0.010242,0.189624,0.011219,0.119586,0.143045,-0.081895,0.006033,0.010227,-0.12351,0.08241,0.064299,-0.022681,0.060153,-0.092555,-0.088504,-0.143978,-0.101489,-0.186258,0.160068,-0.016945,-0.042414,-0.192946,0.219627,-0.000818,-0.272624,0.027205,0.004227,-0.293486,-0.062919,0.023119,0.064792,0.219139,-0.096351,-0.015257,-0.286674,-0.101635,0.004637,-0.17448,-0.017948,-0.154672,0.166126,0.050435,-0.12474,0.076681,-0.238055,-0.140377,0.266402,-0.115648,-0.028186,-0.011017,-0.014227,-0.083696,0.093861,0.096968,-0.173487,-0.009338,0.017662,-0.161056,-0.231294,-0.152103,-0.301474,0.226757,-0.278364,0.033926,0.111089,-0.075422,-0.257877,0.183357,-0.094366,-0.028493,-0.062323,-0.043711,-0.030946,-0.084008,0.069508,0.119633,0.015024,0.153439,-0.059874,-0.167167,-0.120351,0.021072,-0.143613,0.245447,-0.325791,-0.023295,-0.07553,-0.03976,-0.100359,-0.100595,-0.296025,-0.12071,0.212714,-0.018826,-0.167322,-0.055165,0.038925,-0.114324,0.01005,0.063406,-0.167091,0.019474,-0.058298,-0.054601,0.056887,0.019186,0.012618,0.120652,0.079746,0.178094,0.129497,-0.115646,-0.069277,-0.076011,0.132335,-0.034346,0.231798,-0.046757,0.03136,0.080876,0.032515,-0.005182,-0.028225,0.106136,0.040569,-0.005413,0.005044,0.060154,0.036362,0.055792,0.038096,0.046864,-0.067747,0.120011,0.067421,0.146511,#
13,0.255006,0.296082,0.017447,-0.252697,0.159352,0.156385,0.106261,-0.193816,0.43359,0.175041,-0.096354,0.056143,0.188599,1.0,0.221066,0.031921,0.032963,0.140974,0.061772,0.038014,-0.157433,-0.022947,0.118381,-0.407071,-0.164154,-0.156672,0.216411,-0.122088,0.129558,0.068556,-0.348711,0.138947,-0.110134,-0.162571,-0.194342,0.111401,0.136865,-0.133642,-0.026198,-0.1467,-0.016281,0.282565,-0.173341,0.187398,0.043144,-0.434462,0.356921,0.192098,-0.138726,0.164687,-0.07845,-0.130308,0.089328,-0.020375,-0.276885,0.261988,0.037602,0.386697,0.227833,0.3884,0.000458,0.206366,-0.149137,-0.088067,-0.137149,0.263533,0.239959,0.312114,0.378136,0.134853,0.137876,-0.047711,-0.152728,0.108493,-0.104127,0.191125,-0.084084,-0.226339,-0.40632,0.065894,-0.005042,-0.350558,-0.006844,0.159013,0.036922,0.132803,-0.103325,-0.33896,-0.219771,-0.210444,-0.228208,-0.049409,-0.153042,0.263749,-0.287518,0.04247,0.151641,-0.186113,-0.009558,-0.250855,-0.072354,-0.229622,-0.209464,-0.027162,-0.015424,-0.164012,0.02223,-0.198529,0.136617,-0.09662,0.224458,0.170543,-0.111426,0.087044,0.057076,-0.266579,-0.298706,0.008873,0.272566,-0.340703,-0.034559,-0.157746,-0.080378,-0.274392,-0.047594,-0.024545,-0.212433,0.091337,-0.136276,-0.281684,-0.116422,0.285611,-0.49457,-0.229478,-0.031009,-0.25894,-0.055015,0.101065,0.245676,-0.037396,-0.036633,-0.284275,-0.271127,-0.172266,-0.048367,-0.342995,0.022941,0.495258,-0.182494,0.322389,-0.124321,-0.07646,0.102957,-0.122967,0.030294,-0.063436,0.391957,0.325279,-0.007886,-0.10216,-0.256581,-0.30737,0.302096,0.490566,0.074818,0.31085,-0.055742,-0.001652,-0.136746,-0.18678,-0.053396,0.074232,-0.009752,0.114262,0.003491,-0.140133,0.08308,-0.144238,0.199237,-0.055696,0.5195,0.019844,-0.321757,0.08179,0.118908,-0.0702,0.37575,0.061966,-0.458979,0.259895,-0.02583,-0.110613,0.185728,0.163435,-0.094005,-0.114729,-0.333755,-0.100266,0.076709,0.113004,#
14,0.296768,0.196888,-0.221097,-0.131935,0.074696,-0.028987,0.109911,0.032978,-0.174068,-0.146879,0.046723,0.048196,0.076045,0.221066,1.0,0.11897,0.133254,-0.187138,-0.114263,-0.102694,-0.153918,0.001813,-0.019309,-0.136219,0.023196,-0.029741,0.182845,-0.119309,-0.051373,0.051757,-0.310795,0.207239,-0.072613,-0.164646,-0.05572,-0.160444,-0.134949,0.111475,0.050632,0.10055,-0.004158,-0.148171,-0.302413,-0.000335,0.279757,-0.321227,0.255581,0.045056,0.035667,-0.212141,-0.265842,0.020123,-0.158783,-0.270967,-0.126378,0.194343,-0.135743,-0.23557,0.005065,0.103471,-0.150992,0.389314,-0.050867,-0.092496,0.090116,-0.030123,-0.175472,-0.014392,0.204195,-0.170708,0.153927,0.166066,-0.175411,0.081225,0.169419,0.131378,-0.199956,-0.068143,-0.30941,0.191439,0.024605,-0.29979,-0.112777,-0.03268,-0.164473,0.201464,-0.233404,-0.04885,0.004386,-0.22713,0.087369,-0.154628,-0.114579,0.14529,-0.036049,-0.117586,0.12488,-0.125078,-0.14121,-0.058071,0.006514,-0.283103,0.065078,-0.044989,-0.038816,-0.167517,0.003141,-0.23282,0.105301,-0.051065,0.144945,-0.075218,-0.242002,0.114506,-0.334243,-0.136907,0.092231,0.108183,-0.104588,-0.268001,-0.247528,-0.118179,-0.184221,0.004059,0.162473,-0.000901,-0.20693,0.211343,-0.049748,-0.20608,-0.152566,-0.344385,-0.198588,-0.262789,0.028731,-0.256834,-0.132948,-0.207377,-0.091232,0.024841,-0.195359,-0.044369,-0.042206,-0.291824,-0.16448,-0.076152,0.060445,0.116725,0.052068,0.04171,-0.059986,0.074033,-0.131999,-0.156648,-0.118441,0.021873,0.164157,-0.068927,-0.192427,-0.151022,-0.375624,-0.059845,0.219611,-0.029494,-0.032742,0.150932,-0.064443,0.045187,-0.004732,-0.411934,0.008996,0.009523,-0.143394,-0.120838,0.032457,0.002866,-0.053527,-0.14726,0.080275,-0.027301,0.087782,-0.062275,0.008165,0.150753,0.115825,-0.162303,0.325002,0.007237,-0.034243,-0.155311,-0.031109,0.044081,0.124873,0.084963,0.056041,-0.118126,-0.095365,0.033642,-0.171432,0.039238,#
15,0.066684,-0.058365,-0.308349,0.006949,0.161277,0.027856,0.038881,-0.066708,-0.042639,0.327793,0.097786,0.175366,0.234368,0.031921,0.11897,1.0,0.118137,-0.24555,-0.028619,-0.42159,0.095615,-0.200643,-0.008386,-0.340749,-0.160735,-0.239597,-0.096708,-0.161288,0.071296,0.170835,-0.214969,0.169554,-0.045454,-0.201899,0.134863,-0.076822,-0.105458,-0.093332,0.36178,0.456094,-0.104741,-0.093472,0.032153,-0.050449,0.101513,0.13428,-0.182126,-0.161704,-0.032249,-0.165472,0.348757,-0.158981,0.114724,0.015573,0.027517,0.210698,-0.190246,0.11341,-0.041935,0.112665,-0.172521,0.230581,-0.111505,0.075055,-0.165511,-0.208685,-0.091012,0.111175,0.082159,-0.405265,0.097,0.035092,-0.20503,0.018568,-0.04669,0.084889,-0.141538,-0.05692,-0.170276,-0.158222,-0.12668,-0.057132,0.271658,0.092873,-0.009221,-0.038,0.096602,0.075612,-0.155886,-0.012903,0.071257,-0.30624,0.005895,-0.196913,-0.133,-0.090986,-0.052435,0.062018,-0.245856,-0.072794,0.08753,0.058184,-0.074131,0.070101,-0.050392,-0.127424,-0.217174,0.190124,-0.219321,0.107541,-0.470961,0.146433,-0.127009,-0.125524,-0.301362,-0.282553,0.178246,-0.098399,-0.214094,-0.085975,-0.16943,-0.029856,-0.08049,0.072391,0.060975,0.023007,-0.066881,-0.025648,-0.142976,-0.236608,-0.251227,-0.173836,0.003367,-0.031203,-0.178757,-0.033789,0.058763,-0.223962,-0.051686,-0.053985,-0.420345,0.092756,-0.001096,-0.118529,-0.234943,-0.139345,-0.101051,-0.043689,-0.332864,-0.223204,0.044328,-0.305521,-0.260413,-0.418695,-0.219775,-0.004938,-0.073476,-0.005919,-0.314889,-0.23657,-0.209732,-0.31164,-0.019352,-0.24583,-0.190081,-0.249592,-0.400436,0.135451,0.008,-0.142567,0.039149,-0.144142,-0.029121,-0.01446,0.274736,-0.131027,-0.29617,0.117118,-0.027447,0.06718,0.04575,-0.215609,0.19558,0.373808,-0.050616,-0.156176,0.16298,-0.253779,0.26193,-0.028771,-0.252038,0.258049,0.266356,0.110879,0.091857,0.118505,0.040646,-0.189678,-0.058965,-0.124066,#
16,0.06939,-0.200549,-0.17833,-0.079666,0.143593,0.106613,-0.012527,-0.155071,-0.15179,-0.038573,0.450709,0.069575,-0.100889,0.032963,0.133254,0.118137,1.0,-0.182045,-0.080487,-0.114124,-0.001209,-0.003443,-0.044075,-0.055045,-0.14014,0.179243,-0.273717,-0.055616,-0.001801,0.093326,-0.262761,-0.053621,-0.157297,-0.081106,0.2077,0.129084,-0.054311,0.074874,0.089444,0.022716,-0.269165,-0.126776,-0.309913,-0.245397,0.068887,0.139017,0.008632,-0.306883,0.224783,0.115869,0.042048,0.012111,-0.188199,-0.039891,0.259148,0.055273,-0.037216,0.045852,0.203783,0.036537,0.034331,0.085096,0.074391,0.130331,0.053719,-0.208616,-0.197379,-0.235633,0.108179,-0.219328,0.175297,0.008124,-0.197311,-0.243521,-0.012615,0.167123,-0.230781,0.081429,-0.257795,0.067694,-0.097476,0.139724,-0.145585,0.100771,-0.268258,0.038642,-0.220334,0.045057,-0.057213,0.00382,0.055619,-0.087047,0.08776,-0.004869,-0.103228,-0.187461,-0.083193,-0.193021,-0.025716,-0.268579,0.171174,-0.039149,-0.314974,-0.369069,-0.146812,-0.110145,-0.093623,-0.074002,-0.11768,0.172054,-0.271263,-0.084608,-0.101822,-0.196028,-0.235512,0.053628,-0.162776,-0.171595,0.116445,-0.001021,-0.205141,0.050535,-0.055285,0.067328,0.0343,-0.008522,-0.113732,-0.011127,0.100097,-0.164811,0.172871,0.031444,-0.077492,0.098279,-0.224221,-0.104005,-0.149547,-0.238997,-0.253516,0.003003,-0.223327,-0.029527,0.144868,-0.019239,-0.297082,0.00935,0.14082,-0.23068,0.143597,-0.197782,-0.195244,-0.061172,-0.127196,-0.179889,-0.100915,-0.21435,0.112059,0.006553,-0.201156,0.166039,0.027084,-0.103191,0.06113,-0.119793,-0.252299,0.140948,0.098232,-0.008782,-0.231453,0.028156,0.328108,-0.053688,-0.091556,0.075708,0.07902,-0.196633,-0.152922,0.221421,0.110298,0.144695,0.078406,0.003407,0.251698,0.125371,0.149374,-0.179448,0.0253,-0.066878,0.247114,-0.19081,-0.140532,0.242035,0.02739,-0.046667,0.096387,-0.068645,0.164974,-0.161145,-0.293374,0.082368,#
17,-0.067844,0.22941,0.295565,0.147359,-0.019328,-0.048405,0.023341,-0.111092,0.277361,0.034984,-0.086845,-0.121175,-0.00175,0.140974,-0.187138,-0.24555,-0.182045,1.0,0.032415,0.153231,0.098908,-0.031738,0.05533,-0.006854,0.140671,0.055448,-0.142264,0.032876,0.037772,0.06076,0.132369,0.001751,0.212316,0.090325,-0.09769,0.104282,0.035206,-0.138254,-0.186084,-0.196331,-0.024889,-0.058213,-0.06397,0.056893,0.068318,-0.091079,0.001769,0.082119,-0.141255,0.058108,0.144142,0.074956,0.190285,0.046097,-0.167408,0.02174,0.283567,0.319725,0.208879,-0.05971,0.189084,-0.115043,0.128531,-0.16674,0.009499,0.102401,0.064633,0.073174,0.01009,0.139578,-0.070368,-0.088955,-0.16402,-0.072045,0.094635,-0.037082,0.040477,-0.009348,0.007006,0.212626,0.161157,0.13541,-0.115448,0.009762,0.344332,-0.097389,0.178441,0.018523,0.047047,0.203418,-0.199706,0.073755,-0.17974,0.086811,-0.139534,-0.190627,0.034168,-0.035868,0.213807,0.170452,0.012042,0.043655,0.099533,0.129291,0.056832,0.158146,-0.069795,0.029162,-0.047161,-0.030197,0.158413,0.111908,0.156943,0.181831,0.138439,0.103804,-0.005889,0.22565,0.136158,0.006817,0.182466,0.129207,0.031391,-0.052669,0.143206,0.191185,0.203368,0.07899,-0.199757,0.120669,0.074826,0.01305,-0.199906,0.090984,-0.08018,0.136957,-0.033784,0.11156,0.267149,-0.117807,0.08247,-0.009002,0.070465,8.3e-05,0.248483,-0.176675,0.110108,0.053672,0.142955,0.138216,0.051396,-0.0155,0.042138,-0.052561,0.219508,-0.031943,0.011621,0.331703,0.081008,0.264868,0.038956,0.210539,-0.08887,0.321869,0.270507,0.03337,0.078358,-0.07307,0.084846,0.244435,0.003022,-0.112128,-0.01254,0.041545,-0.174556,0.24333,0.009839,0.126822,0.118686,-0.172185,0.165188,0.056919,-0.24316,-0.198531,-0.02924,0.087864,-0.119716,0.041176,-0.20959,0.269682,0.134046,-0.082477,0.212712,-0.030042,-0.007189,0.041888,0.000288,0.066685,0.297297,-0.136202,#
18,-0.122554,-0.100403,-0.161639,-0.339851,0.088588,0.072538,0.150913,-0.138053,0.233944,-0.009532,-0.038419,0.003781,0.086861,0.061772,-0.114263,-0.028619,-0.080487,0.032415,1.0,0.004188,0.147704,0.047109,0.306686,-0.031406,0.005541,-0.066457,0.208898,0.2635,-0.199265,0.218852,0.009063,-0.14148,-0.103297,0.099615,-0.138414,0.078291,-0.173518,-0.163608,-0.013786,-0.202534,-0.00736,-0.113495,0.164419,0.135764,-0.153857,-0.132109,0.038657,0.115029,-0.10977,0.011711,0.219218,0.153153,0.136944,-0.139641,-0.064542,0.179597,0.077199,-0.016236,-0.025138,0.170168,-0.149561,-0.15753,-0.115471,-0.029931,0.038998,0.197561,0.095808,0.078264,-0.062818,0.159671,0.287331,-0.153397,-0.218733,0.20375,0.012645,0.09224,0.019243,-0.451719,0.058902,-0.065351,-0.201477,-0.060102,-0.173254,0.234034,0.097394,-0.070143,-0.142368,-0.158075,0.0442,0.202112,-0.116235,0.08997,-0.034053,0.061575,-0.013424,-0.032229,-0.045361,-0.117863,-0.406459,-0.064409,0.099824,0.055239,-0.098653,0.164183,-0.093109,-0.13353,0.120362,0.040111,0.160839,0.155811,0.063682,0.115983,0.155156,-0.061675,-0.170061,-0.173917,0.088044,0.102636,0.245239,0.001593,-0.112962,-0.159667,-0.186164,-0.284275,-0.031765,-0.241613,0.075818,-0.032667,0.025323,-0.156188,-0.074344,0.122509,0.048181,0.097433,-0.291345,-0.070577,0.113408,-0.159736,-0.013631,-0.188252,0.046143,-0.000208,-0.24325,-0.134034,-0.088297,-0.128451,0.052919,0.162136,-0.081347,0.149037,0.265605,-0.180075,0.263756,-0.157521,-0.171948,-0.19134,-0.047942,0.207265,-0.040979,0.065147,-0.041842,-0.181768,-0.156329,0.044776,0.106073,-0.066002,0.222227,0.048592,-0.134822,0.058594,0.062557,0.29946,0.050215,-0.114448,0.216373,-0.18753,0.168495,-0.059045,0.118049,0.131719,0.186571,0.085427,0.017708,0.066301,-0.054877,0.31734,0.194515,0.127389,-0.298265,0.049728,0.087688,-0.001139,-0.153099,-0.14714,-0.271316,0.358788,0.110555,0.093727,0.374145,0.072069,#
19,-0.23172,-0.027905,0.136767,0.160392,-0.067491,-0.10308,-0.006655,0.103629,0.190824,-0.054434,-0.212289,-0.176583,0.086334,0.038014,-0.102694,-0.42159,-0.114124,0.153231,0.004188,1.0,-0.229808,-0.02431,-0.055043,0.357271,0.051866,0.111737,-0.022212,0.028828,-0.21512,-0.000616,0.177551,0.0586,-0.042307,0.374135,-0.20454,-0.060505,0.204764,0.031467,-0.107307,-0.326617,-0.044918,0.054148,0.031166,0.058323,-0.031862,-0.008186,0.181521,0.070534,-0.120601,0.072123,-0.041386,0.280338,0.060813,-0.071444,-0.334696,-0.038311,0.261509,-0.190329,0.067486,-0.236019,0.041519,-0.046597,0.111095,-0.003728,-0.089984,-0.003389,0.307737,-0.124359,-0.031013,0.251836,0.063877,-0.039517,-0.092067,0.055608,-0.031958,-0.063621,0.379032,0.150287,0.221808,0.198131,0.328674,0.159417,0.097158,0.010901,0.119551,0.189991,0.04822,-0.133028,0.219607,0.203153,-0.087079,0.295998,0.257282,0.093846,-0.221442,0.0767,0.182932,-0.028503,0.093018,0.213521,-0.256023,0.191777,0.073097,0.094317,0.14559,0.188532,0.093504,-0.067354,0.22059,-0.135658,0.441296,-0.102073,0.388773,0.188683,0.2211,0.122574,0.156518,0.048376,0.25253,-0.049832,0.32111,0.138792,0.167638,-0.095223,-0.057049,0.300281,0.037948,0.109707,0.181947,0.211875,0.107848,0.268011,0.060594,0.051663,0.178652,0.069842,-0.180416,0.110578,-0.017776,0.153658,0.295038,-0.059679,0.261286,0.194758,0.265961,0.272286,0.193408,-0.061148,0.095281,0.323814,-0.122445,0.233885,0.145772,0.267397,0.365762,0.33281,0.046218,0.046245,0.264631,0.239628,0.002617,0.374011,0.016024,0.270226,0.305954,0.035029,0.314012,0.064528,0.110231,0.22041,-0.225352,0.301948,0.097765,0.142207,-0.19148,0.172662,0.096061,-0.181319,-0.167232,-0.063127,-0.022684,0.011473,-0.076064,-0.244713,-0.082698,0.239607,-0.154119,0.306475,-0.393295,-0.146375,0.332924,-0.360691,-0.255348,-0.087332,-0.07755,-0.293582,-0.084923,0.300103,0.05633,0.019861,#
20,-0.077381,0.246846,-0.239725,-0.058749,0.126061,0.029368,0.277819,-0.125703,-0.200813,0.113607,0.299114,-0.056596,0.255993,-0.157433,-0.153918,0.095615,-0.001209,0.098908,0.147704,-0.229808,1.0,0.370751,0.134123,0.108125,-0.079058,0.022639,0.050473,0.184405,0.34468,0.312979,-0.107178,-0.162049,0.302319,-0.146598,0.11214,0.004648,-0.060715,-0.223573,-0.094886,0.184387,0.241988,0.03457,0.195471,0.019761,-0.07493,-0.029366,-0.435357,-0.075262,-0.145995,-0.213184,0.085027,-0.226382,-0.114057,-0.084061,0.152208,-0.122995,-0.203183,0.15963,0.02654,0.203094,0.074925,-0.103156,-0.184941,0.123744,0.135688,0.109941,-0.041503,-0.054603,0.079501,0.055577,-0.331085,-0.051136,0.244429,-0.076771,-0.178514,0.102117,-0.086539,-0.015096,-0.270797,-0.238915,-0.277893,-0.150842,-0.088437,-0.000592,-0.151277,-0.319003,0.166643,-0.313238,-0.22328,-0.014701,-0.251299,-0.363885,-0.172115,-0.219203,-0.047947,-0.028839,-0.408253,-0.112864,-0.350941,-0.006798,0.295453,-0.01734,-0.224983,-0.313289,0.082686,-0.036639,-0.219844,-0.237875,-0.303397,0.183346,-0.134244,0.163851,-0.319274,-0.104191,-0.156202,-0.046036,-0.076728,-0.106183,-0.167539,-0.087905,-0.22064,-0.215755,-0.229946,-0.178461,-0.197119,-0.113084,0.172924,-0.16101,-0.023138,-0.299178,-0.3398,-0.152873,-0.046852,0.016193,-0.309444,-0.016746,-0.239648,-0.353111,-0.017974,-0.360656,-0.415924,-0.053042,-0.234598,-0.099815,-0.336732,-0.214102,-0.236756,0.26413,-0.091029,-0.347557,0.09151,-0.298195,-0.285098,-0.250457,-0.379961,-0.270012,-0.099692,0.243588,-0.242541,-0.292499,0.107657,-0.136649,-0.275352,-0.072137,-0.373518,0.037316,-0.323413,0.000739,-0.203037,0.191206,0.231899,0.116961,-0.28678,-0.078685,0.21963,-0.311239,-0.135603,0.229082,0.179373,-0.066631,0.234679,0.011219,0.14749,0.247414,0.271536,-0.102474,-0.198574,0.111468,0.307667,0.300472,-0.293959,0.493301,0.345089,0.105109,0.120179,0.313081,0.28631,-0.063995,0.100085,0.047566,#
