0,1.0,0.291715,-0.159229,-0.109812,0.299157,0.254496,-0.006512,0.209448,-0.236362,0.180816,0.016533,0.019075,0.390359,0.177168,0.083474,-0.085749,0.225031,0.003824,-0.016355,-0.186989,0.092852,0.37286,0.105888,-0.067875,-0.166248,-0.162136,0.038415,-0.177986,0.218935,0.119179,0.050834,0.120084,0.175193,-0.115661,-0.118641,0.063337,-0.120915,-0.158425,-0.075344,-0.190784,-0.130105,-0.017455,0.011518,0.204349,-0.160755,-0.173321,0.141924,0.018976,-0.189349,-0.244121,-0.046907,-0.236047,0.017342,-0.221251,0.167946,-0.042637,-0.054576,0.067693,0.298513,0.22481,0.37608,0.059947,-0.216611,-0.047046,0.054072,0.212782,-0.06524,0.212933,0.130039,-0.328603,-0.131352,0.063785,-0.365396,-0.184022,-0.444936,0.320945,-0.084819,-0.176617,-0.39661,-0.192265,-0.181952,-0.189555,-0.06162,-0.074242,-0.182679,-0.122986,-0.143959,-0.06892,-0.083747,-0.406412,-0.285699,-0.491058,-0.226125,-0.120568,0.057432,-0.170992,-0.031,-0.222666,-0.128628,-0.065937,0.134131,-0.301083,-0.181817,-0.159344,-0.022584,-0.147637,-0.314693,-0.089715,-0.409048,-0.109977,-0.009477,0.152304,-0.232289,-0.164482,-0.257438,0.085579,-0.37364,-0.32675,0.009692,-0.138443,-0.332004,-0.13084,-0.028267,-0.244434,-0.131254,0.023999,0.002322,-0.099677,0.042655,-0.021387,-0.335708,-0.184026,-0.113666,-0.038884,-0.377452,-0.113671,0.109179,-0.427955,0.117028,-0.29518,-0.180516,-0.19611,-0.263698,-0.002879,-0.074862,-0.187432,-0.110433,0.136997,-0.365802,-0.440014,-0.128529,-0.291375,-0.203133,-0.111117,-0.085786,-0.232524,0.228748,0.260094,-0.239494,-0.367642,-0.237296,-0.253948,-0.085197,-0.319563,-0.143998,0.271002,-0.283741,-0.253938,-0.122134,-0.190638,0.190806,0.123753,-0.40839,-0.103728,0.190763,-0.466535,-0.135947,0.131534,0.146884,-0.024227,0.148726,-0.017873,0.092187,0.109347,0.334962,-0.238657,0.291655,-0.043169,0.02904,0.369228,0.111395,0.241702,0.33682,0.01171,-0.154968,0.256487,-0.010105,-0.313948,-0.087937,0.326752,#
1,0.291715,1.0,0.227838,-0.185843,0.085179,0.097705,0.262467,0.242245,0.180998,0.300678,-0.279952,-0.252999,0.381455,0.298571,0.370331,-0.268785,0.108561,0.381645,0.16955,-0.157733,-0.06574,0.123421,0.311635,-0.067049,-0.161672,-0.3615,0.15676,-0.023295,0.092163,0.318299,-0.374987,0.035119,0.292426,-0.06642,-0.189162,0.331529,0.025716,-0.247438,-0.031451,-0.053822,-0.27589,0.078859,-0.016959,0.204064,0.226291,-0.414745,0.242382,-0.019182,0.074196,0.231059,0.031144,-0.30278,0.017859,-0.219159,0.046139,-0.39328,-0.106424,-0.229031,-0.127111,-0.106051,0.170436,0.213076,-0.36379,0.029662,0.041183,0.276939,-0.13531,0.352691,0.27709,-0.142548,-0.09376,0.032472,-0.227908,-0.572976,-0.307076,0.440991,-0.252076,-0.493283,-0.275336,-0.398694,-0.16069,-0.488736,-0.437522,0.09374,-0.415941,-0.062606,-0.36366,-0.248371,-0.26613,-0.333876,-0.303853,-0.235739,-0.578846,-0.102475,-0.292752,-0.216236,0.122283,-0.214006,0.052836,-0.211605,-0.034361,-0.30689,-0.323042,-0.259465,-0.320005,-0.240304,-0.525805,-0.066603,-0.685853,-0.288406,0.160747,0.464179,-0.25324,-0.344285,-0.193342,-0.192123,-0.372496,-0.57324,0.040622,-0.545824,-0.36772,-0.361087,-0.459735,-0.335231,-0.232198,-0.167623,-0.151218,0.056491,-0.114575,-0.137055,-0.23899,-0.33807,-0.283265,-0.061404,-0.30339,-0.302718,0.208193,-0.266799,0.123302,-0.366377,-0.344854,-0.068621,-0.56433,-0.254121,0.003959,-0.189368,-0.304912,0.424028,-0.216377,-0.268617,-0.395755,-0.54791,-0.084791,-0.310358,-0.40878,-0.349178,0.285738,0.44177,-0.357028,-0.133827,0.000169,-0.117752,0.228423,0.048782,-0.179291,0.40544,-0.285136,-0.161811,-0.288752,-0.072367,0.013637,-0.090152,-0.268741,-0.315068,0.325783,-0.239801,-0.243542,0.474708,0.509032,-0.540792,0.296851,0.131701,-0.196802,-0.046297,0.28027,-0.159889,0.311398,-0.175836,-0.313928,0.525123,0.155236,0.394572,0.373416,0.395399,-0.279598,0.128005,0.047092,-0.241122,0.124957,0.096008,#
2,-0.159229,0.227838,1.0,0.344621,0.000149,-0.098746,0.09298,-0.011718,0.132581,-0.1452,0.018234,-0.044251,-0.21133,-0.102291,-0.107279,-0.185243,-0.087804,0.141934,-0.12605,0.139164,-0.130481,-0.037344,0.197037,-0.088078,0.026767,-0.147261,0.350413,0.225686,-0.014363,-0.028098,0.033433,0.210979,-0.148988,-0.07403,0.211679,0.128423,0.357528,-0.223584,-0.018187,-0.082901,-0.071306,0.1629,0.046599,0.087001,0.021549,-0.232203,-0.040171,0.265817,0.18381,-0.000685,-0.235162,0.183754,0.239167,-0.015447,-0.202493,-0.009392,-0.22073,-0.261979,-0.351234,-0.066043,-0.206348,-0.258287,0.09625,0.058124,-0.029391,-0.075702,0.059609,0.070809,0.065356,0.329662,0.258079,0.277638,0.061032,-0.108411,0.083521,0.053312,-0.039795,-0.354332,0.026667,-0.168929,0.134528,-0.031574,-0.001582,0.179455,0.058192,0.313998,-0.071756,-0.066594,0.027633,0.017709,0.056376,0.036492,-0.079487,0.002878,-0.00425,0.027886,0.334177,-0.001239,0.078153,-0.124695,-0.110918,0.073837,0.048529,-0.061606,-0.025537,-0.054876,-0.044448,0.165125,-0.281869,0.118743,0.343109,-0.050592,-0.051731,-0.012109,0.422479,-0.158704,-0.065559,-0.201799,-0.064941,-0.025716,0.037235,-0.055965,-0.003335,-0.018736,0.058535,-0.150988,-0.111515,0.126848,0.090471,0.035343,0.464177,-0.221311,-0.101393,-0.056292,0.156908,0.123078,0.033334,0.278813,0.223492,0.081251,0.023468,0.220767,-0.05054,-0.327323,-0.060784,0.309902,-0.130349,0.02639,0.238691,0.025177,-0.067436,-0.091525,0.159265,-0.027639,-0.047015,-0.064234,-0.09563,0.13968,0.099594,0.077954,0.166058,0.077063,0.007589,0.054323,-0.095904,-0.228472,-0.046206,0.05054,0.141859,0.206161,-0.05519,-0.179592,-0.064567,0.058997,-0.162624,0.233013,0.054828,0.167821,0.063114,-0.240504,0.130829,-0.147097,-0.16278,0.149689,-0.125055,0.01138,-0.172191,0.035533,-0.059283,0.058567,0.252138,0.0316,0.022214,0.178665,-0.167456,0.133213,-0.026868,0.053859,0.145684,-0.087074,#
3,-0.109812,-0.185843,0.344621,1.0,-0.162171,-0.163871,-0.243104,-0.353876,-0.262497,-0.173571,0.123166,0.023889,-0.263603,-0.147034,-0.289593,-0.127831,-0.098937,-0.045548,-0.117296,0.240514,0.196443,-0.082383,-0.048729,0.04316,0.218697,0.144353,0.045343,0.257445,0.026187,-0.23448,0.420241,-0.066421,-0.228016,-0.137312,0.191111,-0.332462,0.108552,0.065256,-0.057056,-0.017368,0.144386,0.163302,-0.127317,-0.055731,-0.183704,0.286404,-0.124349,-0.019707,0.138279,-0.086622,-0.01211,0.544706,0.153488,0.163551,-0.096325,0.025583,-0.023119,0.063366,-0.159476,0.247311,-0.211488,-0.103323,0.067491,-0.132176,0.145993,-0.228877,0.130571,0.215264,-0.061797,-0.037382,0.073062,0.103365,0.20875,0.211021,0.080034,-0.337571,0.063661,0.00612,0.196944,0.080274,0.251954,0.498271,0.33322,0.170195,0.220508,0.031524,0.276998,0.176812,0.07914,-0.000377,0.280439,0.131024,0.480288,-0.181228,0.343035,0.086357,0.058288,-0.027861,-0.035321,0.21391,0.072106,0.235312,0.223748,0.080811,0.211507,0.327555,0.209922,0.141695,0.250583,0.275987,-0.131656,-0.166463,0.215444,0.203084,0.265503,0.102736,0.267866,0.067278,-0.106623,0.229084,0.151698,0.234462,0.366835,0.121448,0.115594,0.109006,0.074056,-0.055252,0.116612,0.297039,0.35141,0.026353,0.181599,0.235587,0.26734,0.331415,-0.047244,0.272306,0.317828,0.370704,0.212256,0.171416,0.216985,0.111299,0.292246,0.36971,0.235892,-0.213025,0.276293,0.205562,0.227612,0.239229,0.194326,0.339943,0.15026,0.179966,-0.314552,-0.082618,0.138971,0.260986,-0.138309,0.133176,-0.15285,0.001999,-0.130789,-0.420476,0.072516,0.125118,0.291693,0.165497,-0.243427,-0.023925,0.367263,0.119252,-0.458677,0.29743,0.22221,-0.038418,-0.422913,0.167667,-0.354496,-0.177566,-0.050907,-0.026249,-0.161681,0.165468,-0.171746,0.20381,0.386161,-0.257809,0.091894,-0.157161,-0.196769,-0.176856,-0.104688,-0.023523,-0.35749,0.166365,0.068593,-0.208193,#
4,0.299157,0.085179,0.000149,-0.162171,1.0,-0.041177,-0.029269,0.130909,-0.213772,-0.083563,0.120288,0.0018,0.150502,-0.042509,0.229421,0.08901,0.085971,0.067663,0.14349,-0.039956,-0.068598,-0.1397,-0.003168,-0.268293,-0.009064,-0.214922,-0.240844,-0.147673,0.104219,-0.03188,-0.053939,-0.176692,-0.085399,-0.177683,-0.231917,0.121715,-0.141648,-0.261852,-0.135549,0.094542,-0.091346,-0.192647,-0.199888,0.097199,-0.117081,-0.073334,0.015017,0.15697,-0.08882,-0.071019,0.234384,-0.097705,0.142681,-0.266425,0.113404,-0.006865,-0.359941,0.064125,0.010412,-0.230001,0.026571,0.097255,-0.11087,0.09802,0.001359,0.284383,0.046477,-0.145175,0.009738,0.08039,-0.221144,0.095785,-0.131586,0.035113,-0.117887,0.393381,0.03674,-0.363487,-0.15997,-0.359222,-0.14238,-0.282422,-0.198783,0.138445,-0.126584,-0.087291,-0.002064,-0.222666,-0.19249,-0.122276,-0.009915,-0.2942,-0.047508,-0.247658,-0.169105,0.026607,0.084511,-0.270904,0.003393,0.139483,0.053292,-0.262461,-0.134316,-0.203955,-0.198062,-0.051227,-0.172635,-0.026535,-0.177901,-0.174049,0.034424,-0.105426,-0.217703,-0.124737,-0.162473,-0.132414,-0.303268,-0.046203,-0.088139,-0.037086,-0.319906,0.040398,-0.008256,-0.004863,-0.155962,-0.202737,0.141616,-0.028962,-0.096356,0.001395,-0.056736,-0.206604,-0.169573,-0.160798,-0.276352,-0.131214,0.070598,-0.220069,-0.131961,-0.001783,-0.120244,-0.152404,-0.012568,-0.103062,0.04711,0.002618,-0.131111,0.058118,-0.171528,-0.379046,-0.277704,-0.212457,-0.432741,-0.170559,-0.29141,-0.213125,0.199328,0.266043,-0.145303,-0.259659,-0.161253,-0.148541,-0.064982,-0.076559,-0.166668,0.055908,-0.130534,0.035598,-0.053283,-0.088804,0.067404,-0.03435,-0.051081,-0.00877,0.146121,-0.118635,-0.164124,0.0237,0.243197,-0.028005,0.288835,-0.078122,0.306103,0.156458,0.166277,-0.388019,0.210126,-0.235044,-0.191506,0.117396,-0.109534,0.039787,0.177501,-0.033024,0.02877,-0.135707,0.187219,-0.114678,-0.261594,0.212439,#
5,0.254496,0.097705,-0.098746,-0.163871,-0.041177,1.0,0.088959,0.207354,0.014593,-0.006325,0.25257,0.081102,0.095746,-0.106793,-0.063986,-0.007892,0.302606,0.079249,-0.219953,0.201022,-0.044011,0.351966,0.136338,-0.087071,-0.116899,-0.329881,0.077729,-0.26039,-0.172728,-0.325253,-0.073675,0.248662,0.085402,0.006652,-0.109012,-0.075237,-0.11715,0.022189,-0.152613,-0.285111,0.014074,0.311325,0.088702,0.144228,0.234262,-0.197962,0.031018,0.256017,0.11345,-0.273495,-0.070575,-0.036926,0.147726,-0.129015,-0.045204,-0.084599,0.173694,-0.220355,0.185584,-0.172018,0.079012,-0.172643,-0.217947,0.036357,0.026318,0.086465,-0.273535,-0.013091,0.135804,0.092712,0.132854,0.329303,-0.125185,-0.053549,-0.28349,0.20587,-0.268341,0.001349,-0.15924,-0.036974,0.415746,-0.209796,-0.017343,-0.332338,0.016803,0.19268,-0.016752,-0.10926,-0.014131,-0.35199,-0.14656,-0.019004,-0.186352,0.054928,0.013665,0.021009,0.018794,0.022922,0.017213,-0.025582,-0.111154,-0.045728,0.164965,0.000845,0.107338,-0.188817,-0.002339,-0.242392,-0.326415,-0.142932,0.188836,0.055359,-0.034201,-0.104853,-0.03955,-0.247556,-0.511691,0.067599,0.05839,-0.176985,-0.067821,-0.327489,0.186034,-0.297231,-0.067217,0.158169,-0.136397,0.117854,0.128826,0.153973,-0.088107,0.011388,0.029299,-0.165572,-0.062906,0.004451,-0.003938,-0.278002,0.061235,-0.317639,-0.16493,-0.126516,-0.299164,0.076494,0.052317,0.171611,-0.164403,-0.063678,-0.056268,-0.116315,0.014896,-0.046839,-0.104714,0.039008,-0.007704,-0.082069,0.021313,0.068027,-0.075381,-0.042891,0.082369,-0.035917,0.033548,0.185315,-0.080182,0.300844,0.117517,-0.121474,-0.059063,-0.100107,0.134737,-0.048639,-0.368918,0.173586,-0.013534,-0.227433,-0.132217,0.095108,-0.010357,-0.052898,0.062561,-0.07887,-0.072879,-0.023973,-0.07928,-0.002641,0.085755,0.136597,-0.198998,-0.13086,0.174564,-0.075549,0.087634,-0.178735,0.082808,0.115499,0.022724,-0.02739,-0.026347,0.036192,#
6,-0.006512,0.262467,0.09298,-0.243104,-0.029269,0.088959,1.0,0.276177,0.443581,0.219006,0.033643,-0.117596,0.307902,-0.19218,0.263115,-0.163326,-0.030629,-0.072739,0.049513,-0.154955,-0.186787,0.162594,-0.083123,-0.050357,-0.017306,-0.24534,0.198894,-0.121533,0.244433,0.022853,-0.493883,-0.128359,0.127953,0.029411,-0.130801,0.25197,-0.1592,-0.074971,0.079985,-0.064916,-0.052159,0.169976,-0.113922,-0.234803,-0.07623,-0.145974,0.149289,0.034878,0.090451,0.112285,-0.200723,-0.272516,-0.098538,-0.210321,-0.176705,-0.063063,0.243287,-0.157909,-0.161129,0.180926,0.047347,0.038926,-0.04509,0.122054,0.240388,0.173447,0.188302,-0.118869,0.309432,-0.116543,0.129587,-0.012136,-0.172561,-0.385604,-0.131681,0.347932,0.042454,-0.148257,-0.086928,-0.043801,-0.181561,-0.317116,-0.294341,-0.238239,-0.171479,0.42835,-0.115506,-0.035302,-0.153323,-0.287802,-0.28035,-0.108104,-0.293786,-0.00309,0.002992,-0.197649,0.156973,0.208769,0.040271,-0.189133,-0.017441,-0.089746,0.076049,0.03883,-0.151375,-0.197419,-0.245988,-0.102752,-0.415242,-0.259342,0.048374,0.171689,-0.192873,-0.377402,-0.087775,-0.186817,-0.139102,-0.07503,-0.242456,-0.087916,-0.074932,-0.105546,-0.230657,-0.287467,-0.236912,-0.021438,0.110375,0.483858,-0.132384,-0.033951,-0.199034,-0.615409,-0.397499,0.137504,0.025651,-0.02924,-0.118739,-0.056156,-0.115944,-0.26268,-0.025194,-0.096988,-0.201084,-0.057512,0.0501,-0.18708,-0.315848,0.510904,0.012746,-0.153578,0.00607,-0.136573,0.068379,-0.328135,-0.269382,-0.041899,0.189935,0.107293,-0.157611,-0.201109,0.246381,0.099342,0.387657,0.09687,0.121048,0.239565,0.073352,0.001216,-0.236051,0.139117,0.304159,-0.115574,-0.220204,0.005165,0.12934,-0.018212,0.089579,0.162328,0.329284,-0.109115,0.354446,0.230938,0.146332,-0.084256,0.171532,-0.02516,0.221905,0.094779,-0.314433,0.240068,0.137316,0.25348,0.015194,0.146541,-0.011604,0.10371,-0.11496,-0.039634,-0.025159,-0.186224,#
7,0.209448,0.242245,-0.011718,-0.353876,0.130909,0.207354,0.276177,1.0,0.132171,0.104237,-0.035635,-0.219681,0.241709,0.159942,0.002876,0.096893,0.000896,-0.088877,-0.005642,0.027211,0.019365,0.217866,-0.060959,0.280802,-0.012406,-0.110345,0.082635,-0.188116,0.113496,-0.042284,-0.199866,0.044347,0.356522,0.09237,-0.168941,0.131069,-0.093407,-0.135899,0.239473,-0.173797,-0.096364,0.12333,-0.159282,0.156589,-0.226572,-0.18521,0.051726,0.027869,0.105585,-0.155068,-0.219202,-0.100631,0.119081,-0.008034,-0.099013,-0.079819,0.134645,-0.090888,0.014719,0.051968,0.134132,0.013495,-0.321572,0.187092,0.004042,0.155972,0.050758,0.09758,0.262247,-0.111558,0.170606,0.105702,-0.325547,-0.113095,-0.019538,0.330717,0.037174,0.047696,-0.063194,-0.022438,-0.051525,-0.112048,-0.041438,-0.027866,-0.186871,0.242372,0.087731,0.140751,-0.044959,-0.204977,-0.419874,-0.111242,-0.277181,0.103135,-0.161556,0.079829,0.261452,0.185461,0.273101,-0.252676,-0.019535,-0.081113,0.135636,-0.034495,0.201478,-0.039439,-0.144074,-0.146726,-0.388642,-0.415796,0.12304,0.226932,-0.038841,-0.040401,0.018679,0.044696,-0.132333,-0.040455,-0.147166,0.015491,-0.057473,-0.283624,0.001689,-0.167526,0.085649,-0.029338,-0.050403,0.073194,-0.170996,-0.087022,-0.286899,-0.107398,0.01103,-0.142888,0.002399,-0.04628,0.321282,-0.057289,-0.071204,-0.246846,-0.034658,0.193749,-0.225158,0.126512,-0.044343,-0.067396,-0.228809,0.065497,-0.086693,-0.303443,-0.097062,-0.016831,-0.197612,-0.082634,-0.20152,-0.044135,0.324489,-0.111587,-0.035177,0.03151,0.021544,0.247459,-0.051609,-0.042041,0.079697,0.05997,0.127806,-0.371436,-0.295,0.095119,0.04801,-0.086833,-0.379559,-0.006779,0.150395,-0.102112,0.162577,-0.094043,0.109009,-0.146757,0.153997,0.103819,0.125443,0.010064,0.098177,0.115482,0.135266,-0.226708,-0.012147,0.194136,0.188076,-0.028013,0.102688,-0.18019,-0.221068,0.049578,0.019317,-0.18003,-0.019117,0.041084,#
8,-0.236362,0.180998,0.132581,-0.262497,-0.213772,0.014593,0.443581,0.132171,1.0,0.097389,-0.214021,-0.073048,0.254109,0.042707,0.085788,-0.345807,-0.058751,0.264688,0.016526,-0.044087,-0.061904,0.071766,0.056242,0.137084,0.236266,-0.092469,0.313357,0.052619,0.059035,0.064601,-0.238955,-0.018004,0.069216,-0.138361,-0.09686,0.163408,0.200308,-0.199205,-0.023232,-0.051967,0.151174,-0.093429,0.061013,-0.144685,0.21482,-0.258397,0.030157,0.095553,0.073531,0.284255,-0.095577,-0.331043,0.044035,0.095828,-0.432042,0.094115,0.174562,-0.269078,0.189832,0.058529,-0.080778,-0.17978,-0.000629,0.098951,0.227223,0.225344,0.183523,-0.040389,0.107826,0.047135,0.173125,0.077427,-0.139908,-0.123712,0.113078,0.114882,0.089164,-0.007098,0.072707,-0.193983,0.081833,-0.127671,-0.202075,-0.277874,-0.031277,0.29097,-0.147442,-0.033743,0.046119,-0.025289,-0.149527,0.209642,-0.343853,0.245645,0.000265,-0.058038,0.270509,0.18507,0.007086,-0.076801,-0.01272,0.266726,0.105843,0.23508,-0.115385,-0.159882,-0.088847,-0.102511,-0.038587,-0.101949,0.337362,0.130098,0.029034,-0.342232,0.086076,-0.033991,0.017921,-0.069437,-0.047232,-0.06023,0.054798,-0.097697,-0.188046,-0.108522,0.03617,0.068028,0.063724,0.143293,-0.07939,-0.097952,-0.090365,-0.210852,-0.103995,0.045413,0.245609,-0.073599,-0.133123,0.054255,-0.156993,-0.109154,-0.034162,-0.055004,-0.061602,-0.301392,-0.19973,-0.126352,-0.297371,0.268797,0.155277,-0.095723,0.139881,-0.064074,0.183615,-0.246423,-0.073471,0.13665,0.309303,0.249876,0.024885,-0.015485,0.275283,0.182906,0.22596,-0.125151,0.366967,0.238077,0.114443,0.020162,-0.250641,0.046554,-0.198802,0.118256,-0.105582,0.025088,-0.010375,0.140892,0.001819,0.170162,0.396438,-0.304077,0.204379,0.122157,-0.114237,-0.117916,-0.115518,0.016474,0.216935,0.05229,-0.279692,0.13768,0.175375,0.00884,-0.028122,0.053835,-0.096822,0.2819,0.03871,-0.017176,0.113,0.039565,#
9,0.180816,0.300678,-0.1452,-0.173571,-0.083563,-0.006325,0.219006,0.104237,0.097389,1.0,-0.315463,0.057298,0.361646,0.25116,0.123968,0.025442,-0.073792,0.075194,0.158383,-0.167623,-0.236915,0.151805,0.21037,-0.082313,-0.139302,-0.212839,0.237423,-0.053334,0.100334,0.501558,-0.152224,0.006518,0.145709,0.014876,-0.20316,0.260095,-0.25279,-0.119874,-0.053505,-0.080116,-0.136622,-0.010171,0.081056,-0.109591,-0.058131,-0.474261,0.271215,-0.014834,-0.244845,0.125267,-0.176191,-0.126973,0.038854,-0.322575,0.043866,-0.326364,0.14834,-0.154021,0.019016,-0.123483,0.190266,-0.02336,-0.22719,-0.055635,0.142934,0.137618,-0.106928,0.178398,0.039106,-0.276032,-0.119735,-0.199911,-0.208648,-0.480106,0.095505,0.221343,0.006045,-0.291719,-0.0475,0.01191,-0.287139,-0.337513,-0.358475,0.015427,-0.059427,-0.032298,-0.355932,-0.116444,-0.016815,-0.086282,-0.209213,-0.128371,-0.322241,-0.005234,0.105917,-0.086608,-0.069839,0.188611,0.123724,-0.189498,-0.183649,-0.158113,-0.174421,-0.009667,-0.056562,0.039001,-0.482089,-0.124148,-0.264068,-0.270028,-0.014168,0.415046,0.051728,-0.241608,-0.441265,-0.265674,-0.168599,0.012952,0.266914,-0.428394,-0.086925,-0.213929,-0.192491,-0.286788,-0.414341,0.176835,-0.000496,-0.082192,0.090497,-0.236003,-0.191117,-0.033997,-0.27923,-0.091326,-0.284024,-0.273633,-0.090855,-0.178467,0.142725,-0.28162,-0.020221,-0.254855,-0.388355,-0.324188,-0.001996,-0.122731,-0.023106,0.236961,-0.369421,-0.187759,-0.29755,-0.559971,-0.02732,-0.321127,-0.079195,-0.170773,0.137172,0.391163,-0.135745,-0.248222,-0.127023,-0.153225,-0.038526,0.076959,0.108327,0.175865,-0.346235,-0.188444,-0.274759,0.118257,0.041242,0.116649,-0.173318,-0.050677,0.337356,-0.410597,-0.257997,0.221035,0.243814,-0.163487,0.166088,-0.033399,-0.22993,-0.338472,0.252195,-0.067748,0.324356,-0.108667,-0.057289,0.324899,0.140414,-0.007562,0.088146,0.506543,-0.029348,0.015734,-0.158857,-0.101636,0.199845,0.118913,#
10,0.016533,-0.279952,0.018234,0.123166,0.120288,0.25257,0.033643,-0.035635,-0.214021,-0.315463,1.0,-0.000934,-0.251086,-0.473977,-0.107146,0.088073,0.16536,-0.180761,0.023645,-0.146333,0.024435,0.039711,-0.190094,-0.096183,-0.089252,-0.038882,-0.207304,-0.058401,-0.081085,-0.429079,0.203812,-0.034022,-0.266376,-0.018902,0.378549,-0.125478,-0.05818,0.127564,-0.067906,-0.01814,-0.083846,0.031813,-0.004085,0.015588,-0.067831,0.229587,-0.233394,0.031355,0.180951,-0.349225,-0.067563,0.174241,0.041215,0.014005,-0.031302,0.085903,-0.141918,0.241646,-0.135089,0.00071,-0.139508,-0.151419,0.032846,-0.113675,0.014091,-0.343214,-0.072884,-0.284073,0.101126,0.118404,0.008608,0.003407,0.125967,-0.018481,-0.038547,0.069979,-0.042868,0.182793,-0.023658,-0.212725,0.069046,0.129145,0.045616,-0.179776,0.065259,0.103306,0.263673,-0.072383,-0.130356,-0.049728,-0.173667,-0.195014,0.163328,-0.254336,-0.04949,0.044908,-0.142163,-0.066902,-0.051326,-0.004931,0.03277,-0.119672,0.214652,-0.125126,-0.015273,-0.115894,0.069658,-0.131991,0.034588,0.22783,-0.176976,-0.078607,-0.025595,-0.096156,0.093496,-0.020623,-2.5e-05,0.019638,-0.155815,0.235837,0.050912,-0.01186,0.089476,0.049907,-0.049652,-0.008129,-0.21767,0.205389,-0.048272,0.06398,0.254365,-0.07697,0.096514,0.080477,0.181648,0.278729,-0.112473,0.123822,-0.148957,0.087984,-0.08239,0.201138,0.196356,0.054203,-0.011407,0.037421,-0.145951,-0.088288,-0.00442,0.209797,0.081677,0.222364,-0.154917,-0.02189,-0.058414,-0.237566,-0.405543,-0.272801,-0.142768,0.012297,-0.005537,0.137429,0.134734,-0.038179,-0.206837,-0.212746,-0.016091,0.211142,0.348408,0.089695,0.187218,-0.015018,0.020371,0.053399,-0.202449,0.090007,0.004074,0.002206,-0.393626,0.403448,0.108038,-0.006151,0.281006,0.290881,-0.124036,-0.125145,-0.291153,-0.016867,0.305381,-0.171197,-0.283284,-0.045497,0.049723,-0.377111,0.107305,-0.008274,0.174604,0.025307,-0.266936,-0.116035,#
11,0.019075,-0.252999,-0.044251,0.023889,0.0018,0.081102,-0.117596,-0.219681,-0.073048,0.057298,-0.000934,1.0,-0.182724,-0.045706,-0.116559,0.151207,0.137504,-0.015552,-0.290683,-0.069177,-0.199203,-0.005371,-0.141738,-0.2337,0.06038,0.007378,-0.026946,-0.029657,-0.071599,-0.156094,-0.024036,-0.004245,-0.017917,-0.047841,0.097105,0.173965,-0.238242,-0.1017,-0.144784,0.057604,0.09966,-0.038848,0.008852,-0.28795,-0.117302,0.048263,-0.339888,0.094788,-0.077104,0.327224,-0.037706,0.004073,-0.037783,0.011163,0.001995,0.031521,-0.021383,-0.054224,0.133818,0.127429,-0.051839,0.099341,0.203441,-0.507717,0.147951,-0.121045,-0.10162,-0.195958,-0.208342,0.139069,0.001638,-0.099063,0.082106,0.308828,-0.174067,0.024077,-0.269599,-0.100562,-0.056985,0.153165,0.153434,0.14287,0.001073,-0.341345,0.135368,-0.10176,-0.044102,0.065803,-0.003652,0.07636,0.116519,0.059568,0.149016,0.046837,0.102861,0.119007,-0.21016,0.099215,-0.15534,0.029086,0.180088,0.292865,-0.191518,0.103166,-0.089426,0.007907,0.106148,0.113473,0.25628,0.248316,-0.160006,-0.1275,-0.102712,-0.023297,0.01668,-0.14953,-0.007662,0.146416,0.192293,0.163382,0.194486,-0.160777,0.196637,0.217233,-0.151732,-0.102335,-0.082281,-0.082097,0.285284,-0.049816,-0.020658,0.26221,-0.233959,0.048355,0.102655,-0.175706,0.072204,-0.081627,0.078078,0.019252,0.188525,-0.063923,0.044079,0.038841,-0.106653,0.111996,0.018406,-0.224975,-0.14185,0.063662,0.056261,0.088538,-0.071619,0.129962,-0.016306,0.182733,-0.099181,0.141623,-0.032093,0.02843,-0.105054,-0.351781,0.114911,-0.004264,-0.042595,0.012202,0.020659,0.086235,0.082283,0.056088,0.053236,0.223271,0.066137,0.106978,-0.160041,-0.094535,-0.286991,-0.087628,-0.053283,0.160636,-0.019264,-0.044446,-0.081917,0.028146,0.039865,-0.12108,-0.05683,0.24912,-0.031631,-0.193585,-0.253185,0.011332,0.030115,0.083048,0.021109,-0.170168,0.28359,-0.010958,0.049056,0.200774,#
12,0.390359,0.381455,-0.21133,-0.263603,0.150502,0.095746,0.307902,0.241709,0.254109,0.361646,-0.251086,-0.182724,1.0,0.348365,0.116815,-0.248505,-0.123041,0.18385,0.17854,-0.027305,-0.006702,0.267758,0.187727,-0.034523,-0.084405,-0.288047,0.123628,-0.17904,0.156149,0.289403,-0.120154,-0.027451,0.217552,-0.126447,-0.274973,0.169573,0.064872,-0.043957,-0.068713,-0.341081,0.141815,0.075088,0.150449,0.040353,-0.073385,-0.406891,0.347702,0.135776,-0.08356,-0.043259,-0.089911,-0.060525,0.148848,-0.075482,-0.032634,-0.00408,0.166867,-0.158042,0.20957,0.062427,0.458198,0.105687,-0.101065,0.051826,0.129874,0.423829,-0.086509,0.199246,0.328269,-0.196494,0.17126,-0.010385,-0.407242,-0.337129,-0.12188,0.355821,0.101973,-0.032584,-0.063643,-0.287246,-0.028291,-0.38821,-0.309521,-0.059244,-0.257802,0.092529,-0.008665,0.140465,-0.037235,-0.298289,-0.18444,-0.088089,-0.40749,0.152933,-0.165262,0.046777,0.30598,0.014713,0.117749,-0.185307,-0.101505,0.029232,0.115988,0.057575,0.083176,-0.044413,-0.244712,-0.242777,-0.390868,-0.282356,0.251153,0.302193,-0.10212,-0.246546,-0.136374,-0.125045,-0.240671,-0.13969,0.119784,-0.383271,-0.117875,-0.27552,-0.111424,-0.302676,-0.125135,0.237982,0.178458,0.268205,0.146306,0.101122,-0.37976,-0.080295,-0.218158,-0.087801,-0.297261,-0.066665,-0.22205,-0.311595,0.138701,-0.131273,-0.076427,-0.151903,-0.277015,-0.125465,0.252324,-0.029424,-0.300619,0.284184,-0.034692,-0.482679,-0.067394,-0.361129,0.160959,-0.322026,-0.161405,-0.043822,0.46809,0.339224,-0.022099,-0.380943,0.044963,-0.069577,0.090561,0.118746,0.271949,0.426044,0.044593,-0.142207,-0.423767,0.062127,-0.085222,0.154624,-0.120097,0.079132,0.343725,-0.265932,0.025745,0.201603,0.473892,-0.172145,0.166515,0.097683,-0.062435,-0.119596,0.238212,-0.060667,0.57994,-0.14032,-0.393532,0.401693,0.332104,0.09055,0.166595,0.147909,0.047128,-0.016428,-0.000325,-0.00475,0.196632,0.069413,#
13,0.177168,0.298571,-0.102291,-0.147034,-0.042509,-0.106793,-0.19218,0.159942,0.042707,0.25116,-0.473977,-0.045706,0.348365,1.0,0.152043,0.015604,-0.25728,0.327714,0.116299,-0.060737,-0.053612,0.3873,0.553415,0.325319,-0.0399,0.050707,0.312464,0.082891,0.001708,0.455466,-0.195976,0.10391,0.248586,0.012836,-0.154386,0.2513,0.068418,-0.243188,0.22131,-0.164388,-0.068307,0.091529,0.278729,0.195624,-0.181221,-0.3056,0.246595,-0.109189,-0.265217,0.055277,0.137651,-0.126263,0.124607,0.044058,-0.085598,-0.076161,-0.034687,0.078423,0.146502,-0.001235,0.266541,0.122234,-0.208974,0.061511,0.007708,0.124587,-0.247543,0.377366,0.035231,-0.092233,-0.131807,0.032925,-0.231933,-0.020518,-0.216807,0.0732,-0.075516,-0.227653,-0.257967,0.043167,-0.126974,-0.31181,-0.160417,0.182368,-0.08949,-0.109021,-0.184753,0.046769,-0.020248,-0.252688,-0.011868,-0.092778,-0.262912,0.149472,-0.152228,-0.076435,-0.04865,0.023265,-0.06188,-0.132984,0.088881,-0.102134,-0.041958,-0.240688,-0.019381,-0.07856,0.058434,-0.210721,-0.171551,-0.129875,0.098137,0.229948,-0.01282,-0.007632,-0.134918,-0.062476,-0.176026,-0.247965,0.12033,-0.206743,-0.170135,-0.313492,-0.031473,-0.268077,-0.187811,0.053461,0.003715,-0.104851,0.069676,-0.022235,-0.177095,0.146473,-0.284177,-0.230812,-0.45825,-0.198267,0.074781,-0.138676,0.163541,-0.121501,-0.121611,-0.252578,-0.295273,-0.195027,-0.275872,-0.134164,-0.075551,0.032844,-0.316267,-0.286655,-0.287469,-0.316629,-0.048007,-0.27048,-0.102987,0.049677,0.302533,0.184176,0.013236,-0.115066,0.047791,-0.110514,0.028248,0.063321,0.081107,0.212055,-0.034099,-0.116892,-0.161838,-0.087127,-0.243837,-0.008473,-0.267046,-0.298976,0.152104,-0.333512,-0.03173,0.026955,0.387446,-0.28316,0.140386,-0.164326,-0.262185,-0.085916,0.179956,0.124225,0.215864,-0.406247,-0.180545,0.309104,0.070626,0.076829,0.016192,0.241118,-0.011573,-0.141272,0.196608,-0.179849,0.333576,0.018003,#
14,0.083474,0.370331,-0.107279,-0.289593,0.229421,-0.063986,0.263115,0.002876,0.085788,0.123968,-0.107146,-0.116559,0.116815,0.152043,1.0,-0.084492,0.019937,0.112987,0.321819,-0.165534,-0.125372,-0.030683,0.059853,0.053565,-0.164185,-0.127075,-0.092437,0.218151,0.162474,0.16275,-0.405052,-0.140878,-0.074052,-0.076494,-0.133435,0.231785,-0.094752,-0.15104,0.167695,0.215377,-0.349247,0.07339,-0.081232,0.14582,0.170232,-0.042113,0.239277,-0.077003,0.060739,0.061616,0.106501,-0.250727,-0.092871,-0.070674,0.072233,-0.26964,-0.218045,-0.055219,-0.094936,-0.247002,-0.111374,0.204168,-0.271829,0.226794,0.044452,0.079996,-0.04141,-0.020588,-0.026029,-0.259205,-0.232597,-0.216751,0.008415,-0.329584,-0.328715,0.268921,0.002255,-0.329962,-0.204856,-0.248059,-0.248322,-0.495366,-0.428216,0.087954,-0.425751,-0.062434,-0.293408,-0.179954,-0.258354,-0.186465,-0.067117,-0.252987,-0.098737,-0.033666,-0.378627,-0.292711,-0.387947,-0.135309,-0.300485,-0.06355,0.163662,-0.392034,-0.247961,-0.264498,-0.248873,-0.173941,-0.377664,-0.085598,-0.376159,-0.161038,-0.134475,0.252221,-0.34214,-0.253198,-0.373907,-0.111224,-0.20341,-0.346519,-0.210185,-0.248128,-0.372546,-0.123076,-0.553391,-0.164224,-0.089494,-0.4267,-0.156357,0.095962,-0.212716,-0.289019,-0.091707,-0.265397,-0.459347,0.001602,-0.307345,-0.289546,0.079053,-0.108642,-0.044633,-0.207984,-0.351576,-0.204669,-0.312117,-0.14476,-0.174219,-0.237385,-0.224647,0.303409,-0.390001,-0.188665,-0.405245,-0.478469,-0.244564,-0.39537,-0.251907,-0.350446,0.082499,0.291754,-0.464115,-0.043466,0.146686,-0.136491,0.232469,0.004859,-0.087772,0.249673,-0.198452,0.038968,-0.126906,-0.268252,0.350264,0.091572,-0.269064,-0.329794,0.417252,-0.332481,-0.316354,0.227287,0.359151,-0.166865,0.314412,0.050104,0.235063,0.120467,0.368602,-0.335822,-0.002282,-0.0961,-0.214439,0.223529,-0.046543,0.481069,0.302571,0.326266,-0.014757,0.049038,0.057404,-0.142575,-0.103454,0.164909,#
15,-0.085749,-0.268785,-0.185243,-0.127831,0.08901,-0.007892,-0.163326,0.096893,-0.345807,0.025442,0.088073,0.151207,-0.248505,0.015604,-0.084492,1.0,-0.029622,-0.239486,-0.022644,-0.019746,-0.162461,-0.038201,0.074191,0.119288,-0.048361,0.175477,-0.034222,-0.158213,0.082673,-0.095095,-0.056931,-0.04996,-0.038252,0.216538,-0.038668,0.234741,-0.049052,0.121245,0.166811,0.223433,-0.202556,-0.226041,-0.233971,-0.021029,-0.073543,0.188419,-0.099323,0.082395,-0.286737,0.015273,0.210431,0.112773,-0.140229,0.115006,0.000346,0.016292,0.079252,0.117223,-0.065128,-0.242691,0.01753,0.063199,0.121494,-0.151185,-0.076865,-0.216478,-0.294737,0.060793,-0.046701,0.062689,-0.043192,-0.2807,0.146724,0.258718,0.012547,-0.037991,-0.113249,-0.081475,-0.161305,0.203201,-0.096191,0.012983,0.249065,0.114079,0.334065,-0.2645,-0.013138,-0.124359,-0.049849,0.036802,0.104222,0.117398,0.101004,0.058275,-0.093497,0.286189,-0.101482,0.089249,-0.089258,-0.1194,0.067076,-0.029827,-0.125483,-0.051033,0.161549,-0.107412,-0.064336,0.163478,0.075786,-0.018479,-0.186352,-0.113764,0.21659,0.106492,0.005698,0.064326,0.149977,0.048197,0.029098,0.156724,-0.024203,0.04693,0.138961,-0.075416,0.046422,0.068323,-0.147578,-0.137599,-0.068831,-0.169003,-0.09774,0.201188,0.05004,-0.008124,-0.066528,-0.055189,-0.045468,0.038975,-0.109885,-0.054189,0.092675,0.029628,0.037937,0.24223,-0.133,-0.108459,0.101562,-0.236329,-0.175275,-0.046513,-0.106643,0.059221,-0.249145,0.161768,0.076446,0.152235,-0.117853,-0.07166,-0.131562,0.137448,0.225163,-0.062687,-0.142355,0.041314,-0.309037,-0.262837,0.129516,0.005543,0.137917,-0.105185,-0.017421,-0.208435,-0.065985,-0.173707,-0.164595,-0.010134,-0.123384,-0.104523,-0.247792,0.16736,-0.051829,-0.293692,0.007485,0.042299,-0.042268,0.08133,-0.14611,-0.138369,0.000287,-0.249675,-0.151262,-0.14378,-0.050431,-0.073538,0.011606,-0.169848,0.164997,-0.062229,0.041516,-0.082132,#
16,0.225031,0.108561,-0.087804,-0.098937,0.085971,0.302606,-0.030629,0.000896,-0.058751,-0.073792,0.16536,0.137504,-0.123041,-0.25728,0.019937,-0.029622,1.0,-0.049769,0.119968,-0.238699,0.086153,-0.236453,-0.135439,-0.237388,-0.191893,-0.110689,-0.208395,-0.093213,-0.142294,-0.09843,0.079434,0.160007,0.190646,-0.022477,0.037443,0.180283,0.110451,-0.131405,-0.304297,0.068746,-0.038233,-0.128622,-0.14293,0.352066,0.184457,0.034576,-0.201843,-0.016437,0.118154,-0.0213,-0.04027,-0.052528,0.129874,-0.243379,0.110284,-0.103951,-0.208502,-0.024233,0.011019,0.040535,-0.077806,0.041931,0.10656,-0.112269,-0.029611,0.006484,-0.033676,-0.153778,0.035991,-0.098252,-0.219299,0.113196,0.105175,-0.075165,-0.075208,0.172984,-0.26121,-0.040754,-0.125233,-0.087358,-0.029247,0.077823,-0.06544,-0.211181,-0.212436,-0.253994,-0.191019,-0.038966,-0.080453,-0.336614,-0.202062,-0.149476,-0.056396,-0.203295,-0.103924,-0.235901,-0.195139,-0.290253,-0.28618,-0.111841,0.062949,-0.208988,-0.165215,-0.072528,0.041433,-0.129656,-0.048566,0.011891,-0.090798,0.082847,0.016261,-0.007608,-0.155156,-0.064287,-0.105235,0.003047,-0.400658,-0.112258,-0.101136,0.00094,-0.234139,-0.018455,-0.124208,-0.084435,0.013598,-0.298426,-0.243974,-0.110407,-0.298308,-0.220119,-0.12062,-0.013612,0.058922,0.12898,-0.049111,-0.12718,0.279788,-0.340773,-0.132306,-0.140313,-0.356816,0.158369,-0.098901,0.130284,0.114086,-0.004497,-0.059726,0.078008,-0.132842,-0.110685,-0.131163,0.165285,-0.089997,0.05809,-0.263702,-0.316165,-0.038581,0.196832,-0.305515,0.087781,-0.12039,0.007927,0.103159,-0.20723,-0.086407,0.242396,-0.114373,-0.153426,0.063685,-0.207343,0.098715,0.101182,-0.26126,-0.093829,0.096873,-0.265149,-0.294056,0.172747,-0.102941,-0.029227,-0.166903,0.119213,0.277469,0.17544,0.0869,-0.031513,0.111051,0.311936,0.208299,-0.02531,-0.030089,0.27769,0.260994,0.078748,-0.050789,0.418614,0.189699,-0.141428,-0.423697,0.033521,#
17,0.003824,0.381645,0.141934,-0.045548,0.067663,0.079249,-0.072739,-0.088877,0.264688,0.075194,-0.180761,-0.015552,0.18385,0.327714,0.112987,-0.239486,-0.049769,1.0,0.01737,0.254015,0.100728,0.101463,0.22236,-0.06559,0.084047,-0.014362,0.045775,0.104544,-0.090968,0.207576,-0.059536,0.049837,0.07339,-0.126805,0.0015,0.010712,0.032346,-0.167019,0.010285,0.022935,0.094089,0.122732,-0.060718,-0.096024,-0.019131,-0.26967,0.186019,0.239713,0.182005,-0.022787,0.154023,-0.271545,0.009281,-0.100882,-0.118006,-0.127573,-0.221878,-0.229677,-0.112864,-0.212985,-0.014121,0.146753,-0.071106,0.058476,0.0067,0.316034,-0.005477,0.238351,0.096608,0.361819,0.033895,0.184822,-0.364491,-0.04988,0.048922,0.011849,-0.025426,-0.198982,-0.014564,-0.315945,0.187348,-0.169183,-0.1675,-0.086887,-0.029005,0.063516,-0.108566,0.073591,0.001033,0.077263,0.048672,0.148997,-0.109312,0.291809,-0.223372,0.18824,0.293593,-0.071663,-0.05581,-0.194325,-0.165583,-0.009697,-0.074605,0.179858,-0.243264,-0.06339,-0.176412,-0.185743,-0.205585,-0.031317,0.3948,-0.001821,0.061811,-0.088684,0.072995,-0.103168,-0.175522,-0.179397,0.384981,-0.330557,-0.026956,-0.175942,-0.20209,-0.132826,-0.12309,0.087944,0.040896,0.073734,0.124537,0.055709,0.165202,0.021826,-0.079564,-0.301131,0.003039,-0.171456,0.057818,-0.142054,0.06774,0.00674,0.01946,-0.168616,-0.218108,-0.413344,-0.193303,0.057565,0.003691,0.140349,0.112977,-0.158911,-0.169557,-0.157748,0.346315,-0.216165,-0.251237,-0.050102,0.362239,0.378974,-0.194912,-0.007945,-0.056438,0.110203,0.160982,0.054911,-0.110412,0.413831,0.085473,-0.138022,-0.014244,0.075544,-0.27097,-0.106719,-0.225754,-0.138124,-0.010405,-0.09618,0.04642,0.050851,0.390828,-0.376778,0.095591,0.020348,-0.376074,-0.214613,-0.052598,-0.171398,0.244806,0.053111,-0.394032,0.054391,0.132442,0.000698,-0.043599,0.156234,-0.221986,0.002834,-0.074078,0.010984,0.315838,0.194668,#
18,-0.016355,0.16955,-0.12605,-0.117296,0.14349,-0.219953,0.049513,-0.005642,0.016526,0.158383,0.023645,-0.290683,0.17854,0.116299,0.321819,-0.022644,0.119968,0.01737,1.0,-0.277389,0.216286,-0.231287,-0.011747,0.00942,-0.08105,-0.092942,0.016273,0.229891,-0.006523,0.264929,-0.042189,0.045406,0.164829,0.064813,0.088986,0.156734,0.130713,-0.176696,0.009985,0.06579,-0.163285,-0.052717,0.207384,0.110447,-0.039957,-0.029322,0.153993,-0.108517,0.158049,-0.073209,-0.031642,0.008225,-0.050666,-0.057688,0.31174,-0.085061,-0.112656,0.091205,-0.108025,-0.156256,-0.031908,0.130231,0.00435,0.326575,-0.041759,0.036413,-0.121121,0.124714,0.043324,-0.257552,-0.160388,-0.338512,-0.024911,-0.320614,-0.047873,0.185327,-0.074672,-0.031273,0.001681,-0.368314,-0.228838,-0.30914,-0.377819,0.050565,-0.294545,-0.076574,-0.182768,0.041651,-0.211645,-0.021963,-0.163443,-0.155536,-0.194739,-0.286164,-0.309801,-0.218942,-0.130691,-0.206879,-0.043162,-0.082701,-0.084197,-0.169179,-0.083016,-0.384555,-0.012378,-0.033312,-0.276549,-0.021863,-0.173439,-0.050941,0.045985,0.199774,-0.003097,-0.189452,-0.178562,-0.239338,-0.118688,-0.101719,-0.057363,-0.101538,-0.293389,0.094202,-0.300936,-0.239438,-0.002223,-0.158963,-0.121472,-0.017744,-0.188198,-0.223559,-0.010775,-0.259225,-0.074808,0.036753,-0.121243,-0.279603,-0.004981,-0.109701,-0.077251,-0.122373,-0.362041,0.115245,-0.175313,-0.141162,-0.092649,-0.149965,-0.279886,0.197655,-0.302172,-0.272438,-0.402756,-0.247223,-0.011538,-0.155369,-0.258995,-0.239855,-0.041847,0.114955,-0.23589,-0.115912,0.039,-0.055887,0.093454,0.122019,-0.045413,-0.056597,-0.120582,0.098072,-0.088108,0.000983,0.151572,-0.002565,-0.011395,-0.168159,0.294083,0.030786,-0.014002,0.301515,0.058139,-0.132431,0.015547,0.061554,0.289165,0.084644,0.239714,-0.0648,0.043033,-0.109239,0.011514,0.20994,0.012489,0.205288,0.369147,0.160197,-0.022087,-0.006104,0.163242,-0.059269,-0.378856,0.06687,#
19,-0.186989,-0.157733,0.139164,0.240514,-0.039956,0.201022,-0.154955,0.027211,-0.044087,-0.167623,-0.146333,-0.069177,-0.027305,-0.060737,-0.165534,-0.019746,-0.238699,0.254015,-0.277389,1.0,0.172656,0.105874,0.0088,-0.03382,0.171578,-0.112736,0.00561,-0.15935,-0.113612,-0.200054,0.220298,0.141307,0.015865,0.08305,-0.198427,-0.357805,0.132244,0.181207,-0.166908,-0.032379,0.302233,0.305297,-0.097308,-0.151297,0.009059,-0.107054,0.263248,0.361002,0.257982,-0.208557,-0.067166,0.148157,0.291756,0.010698,-0.115204,0.228864,0.200789,-0.340122,0.136487,-0.155408,-0.124571,-0.222821,0.104304,0.00683,0.037513,0.11395,0.151709,0.120036,-0.021452,0.191366,0.407466,0.109804,0.004045,0.293285,0.189721,-0.283756,0.284653,0.125346,0.484555,0.206449,0.528019,0.276261,0.356675,0.092687,0.202429,0.166008,0.323164,0.224113,0.372809,0.100542,0.324562,0.293209,0.285243,0.33437,0.16197,0.317346,0.253205,0.263096,0.078556,0.180659,-0.322278,0.354746,0.298993,0.366142,0.357575,0.359687,0.261963,-0.252343,0.161739,-0.10465,0.34465,-0.218037,0.200217,0.446904,0.3375,0.03761,0.114214,0.371705,0.085822,0.004167,0.39664,0.033225,0.255909,0.085674,0.174935,0.310939,0.052481,0.098669,0.09389,0.331712,0.191124,0.318341,0.329303,-0.123723,0.250722,0.122342,0.054355,0.09655,0.143409,0.248078,0.356385,-0.061537,0.096793,-0.0139,0.213701,0.271861,0.203265,-0.311735,0.577227,-0.046194,0.271278,0.150984,0.356485,0.330762,0.129776,0.298951,0.096063,-0.122943,0.332325,0.141496,0.067611,0.119984,-0.211395,0.262259,0.089002,-0.109935,0.482593,-0.076557,-0.045744,0.077527,-0.382084,-0.175947,0.196404,0.370584,-0.26925,0.174532,0.325907,-0.364811,-0.210908,-0.041166,-0.113307,-0.17915,-0.207806,-0.072675,-0.48051,0.113755,0.112918,0.124828,-0.14201,-0.499027,0.298142,-0.454758,-0.321015,-0.274061,0.044659,-0.195562,-0.423373,0.416394,0.315468,-0.098615,#
20,0.092852,-0.06574,-0.130481,0.196443,-0.068598,-0.044011,-0.186787,0.019365,-0.061904,-0.236915,0.024435,-0.199203,-0.006702,-0.053612,-0.125372,-0.162461,0.086153,0.100728,0.216286,0.172656,1.0,-0.235928,-0.361944,0.028737,0.127734,0.081363,-0.108928,0.116148,0.064215,-0.002673,0.293593,0.027159,0.133414,0.01414,0.039974,-0.379784,0.128533,0.11567,-0.048464,-0.072113,0.147497,0.020167,-0.012171,0.045502,-0.230143,0.062697,0.215861,-0.074529,0.17948,-0.181065,0.000133,-0.011486,0.129143,0.108986,0.137457,0.187326,-0.066029,0.099649,-0.072644,0.056451,-0.094046,0.109784,0.143707,0.037745,-0.0898,0.076403,0.006079,0.136011,-0.227751,-0.232624,0.011671,0.019449,-0.031065,0.27865,0.065494,-0.186421,0.06619,0.373493,0.121556,0.094789,-0.053318,0.341564,0.299622,0.019299,-0.065657,-0.081771,0.206725,0.110754,0.384821,0.1801,-0.103703,-0.027594,0.071722,-0.065211,0.135174,0.171898,0.10993,0.052228,0.194609,0.145617,-0.131515,0.064695,-0.111009,-0.044913,0.279557,0.14991,0.038729,0.139068,0.099932,0.171942,0.060277,-0.131681,-0.001024,0.224151,0.275957,0.21742,0.009741,0.126241,0.130762,0.181134,0.026323,0.281269,-0.068222,0.24074,0.181651,0.082053,-0.274609,-0.162085,-0.037898,0.113509,0.098405,-0.06544,0.287331,0.019349,0.027728,0.010389,0.141694,0.012423,0.041265,0.334051,-0.070312,0.044862,0.230729,0.042289,0.249608,-0.004471,0.261311,-0.311386,0.261439,0.077921,0.097187,0.199178,0.214746,0.342572,-0.047898,0.196489,0.183917,-0.125671,0.22048,0.068295,-0.168211,0.057322,-0.022925,-0.027047,-0.029358,-0.154243,0.189596,-0.123116,0.173636,0.089473,-0.090514,0.015702,0.261582,-0.038749,-0.243418,0.255626,0.164703,-0.228052,-0.181147,0.159978,-0.069493,0.148391,0.031489,-0.111744,-0.02135,0.34932,0.093153,0.371409,0.131494,-0.031539,0.197412,-0.070473,-0.161373,-0.357191,-0.292586,-0.061642,-0.14558,0.1142,0.034864,-0.079026,#
