0,1.0,0.010089,-0.085226,-0.2549,0.12492,0.128918,0.281931,-0.100526,-0.102157,0.074694,0.225195,-0.112566,0.310031,0.195835,-0.08375,0.133648,-0.108226,-0.365973,0.362236,-0.105631,0.231062,0.063714,0.069572,-0.323978,-0.185973,-0.342831,-0.119701,-0.143161,0.335471,0.197709,-0.058878,0.066452,0.111657,-0.149884,0.262258,0.163895,0.23912,-0.03746,-0.154929,0.035702,0.079423,0.233686,0.005566,-0.063416,-0.059879,-0.153549,0.075799,0.040777,-0.068308,-0.050628,0.058599,-0.238111,0.211385,0.050121,0.318938,-0.065665,-0.132213,-0.006468,-0.08163,0.226707,0.392408,0.07045,-0.043665,0.275603,-0.112675,-0.027209,-0.173621,0.269285,-0.093792,-0.205151,0.029206,0.013394,-0.081868,-0.211318,-0.304347,0.284898,-0.326783,-0.114934,-0.243602,-0.07962,-0.010825,-0.2299,-0.188618,-0.250021,-0.145874,-0.085423,-0.242651,-0.031235,-0.217486,-0.315601,-0.325971,-0.322515,-0.059524,-0.328742,-0.070654,-0.356654,-0.355752,-0.275575,-0.190093,-0.063476,0.201053,-0.096419,-0.245324,-0.280821,-0.057841,-0.255852,-0.067749,0.183511,-0.214682,0.063981,0.04789,0.220249,-0.465587,-0.240023,0.10237,0.09668,-0.254454,-0.170288,-0.163461,-0.019775,-0.285837,0.067829,0.002137,-0.164874,-0.15033,-0.082266,-0.102338,0.185381,-0.142689,-0.081521,-0.078181,-0.496703,-0.129008,0.176703,-0.190419,-0.158883,-0.078887,0.03697,0.257857,-0.095106,-0.173759,0.257061,-0.057373,-0.119525,-0.200601,-0.019286,-0.196404,0.109475,-0.298079,-0.251874,-0.165229,-0.15468,-0.193146,-0.242599,0.219526,-0.111121,0.18517,0.060968,-0.339089,-0.127986,0.073653,-0.23619,0.004049,-0.260633,0.033252,-0.129243,-0.066364,0.137202,-0.203059,-0.195589,0.136018,0.136948,-0.16566,-0.025667,-0.091005,-0.055839,-0.172065,-0.006422,0.007851,-0.173155,0.130186,0.027417,0.079645,0.493648,0.189657,0.043223,0.21864,-0.098771,0.136475,0.285959,-0.244969,0.155928,0.344071,-0.112343,-0.102873,0.221748,0.076723,-0.193381,-0.128701,0.102881,#
1,0.010089,1.0,0.045279,-0.142172,-0.051643,-0.009525,0.266975,0.141704,-0.049023,0.321185,-0.067752,-0.044237,0.06618,0.246093,0.183226,0.067129,-0.159865,0.176905,0.212309,0.076998,0.228965,0.04892,0.246341,-0.097315,-0.035617,-0.216302,-0.197315,-0.065272,-0.008012,0.181637,-0.119652,0.033816,0.163962,-0.138963,-0.107181,0.118043,0.01759,-0.264203,0.05976,0.11034,0.069364,0.169591,-0.132348,0.023849,0.293559,-0.141315,0.088046,-0.119861,0.218699,0.325965,0.05362,0.010672,0.149064,0.000936,-0.030941,-0.067156,0.044217,-0.304801,-0.217037,-0.206195,0.09236,-0.045692,-0.192349,-0.076751,0.315024,0.242609,-0.148547,-0.039407,0.00334,-0.033943,0.075805,0.033065,-0.02049,-0.239414,-0.039649,-0.087519,-0.225201,-0.12501,0.13743,0.051103,0.100588,-0.184828,-0.104347,0.076592,-0.175417,-0.087145,-0.085324,-0.206625,0.01617,0.001788,-0.183561,-0.096099,-0.282836,-0.041235,-0.078526,-0.037702,0.023824,0.118126,0.324266,-0.044928,-0.021721,0.112973,0.008132,-0.099655,-0.308823,-0.099866,-0.083314,-0.128964,-0.225127,-0.109531,0.24581,0.14307,-0.12747,0.042333,-0.123334,-0.061128,-0.008364,0.019558,0.189425,-0.371852,-0.230079,-0.242746,-0.414739,-0.05629,-0.200934,-0.169953,0.182812,0.026526,-0.265312,-0.149768,0.175507,-0.002051,-0.132771,-0.278577,-0.187011,-0.336679,0.150104,0.257789,-0.032781,-0.127899,0.076568,-0.201585,-0.054134,-0.139226,-0.047082,-0.103984,-0.295087,0.171271,-0.031272,-0.080935,-0.107323,-0.128959,0.03359,-0.145328,-0.081017,-0.081156,0.221809,0.018808,-0.092403,0.070945,-0.055363,0.058897,-0.135141,0.072372,-0.026642,0.292763,0.130944,-0.041481,-0.18128,-0.382145,0.017336,0.016214,-0.036621,-0.107632,0.092127,-0.226425,-0.007705,0.004587,0.244594,-0.288095,0.201938,0.031606,-0.213295,0.041049,0.198095,-0.242644,0.245218,-0.270993,-0.08063,0.270391,-0.018032,-0.013152,-0.07924,0.228716,-0.136834,-0.199954,0.084623,-0.062389,0.173759,0.009046,#
2,-0.085226,0.045279,1.0,-0.072062,-0.02026,-0.167614,0.111411,0.002462,0.205057,0.013635,0.101881,-0.118814,-0.075804,-0.054399,-0.211846,-0.104748,-0.276861,0.196501,-0.067517,0.133573,-0.034753,0.225055,-0.084432,-0.031939,0.073518,0.097264,0.195544,-0.153904,0.060567,-0.279218,0.020344,0.165094,-0.181163,-0.016985,-0.001468,0.064141,-0.016504,0.251074,0.059748,-0.278575,0.235676,-0.019766,0.063529,-0.132399,0.036423,-0.223868,-0.132816,0.198301,-0.065861,-0.17713,-0.016721,-0.113313,0.272712,-0.104864,-0.233569,-0.070523,-0.12735,-0.198072,0.114757,0.041269,0.018984,-0.230089,-0.041545,-0.277839,0.195957,0.02668,0.184797,0.110067,0.183731,0.329475,0.092003,0.243609,-0.129342,0.126958,0.070224,-0.135592,0.045052,-0.107411,0.075028,0.048362,0.149661,0.118688,0.047713,0.146511,-0.140848,0.200162,0.107549,-0.0417,0.097,0.139183,0.041472,0.002612,0.214676,0.164272,0.072316,0.071746,0.314355,-0.029467,0.216229,0.239977,-0.118081,0.034223,0.082961,0.144994,0.180417,0.202262,0.088013,0.042605,-0.127194,-0.063112,0.137174,-0.169511,0.112112,0.122862,0.39241,-0.079252,-0.027354,0.179757,-0.026132,-0.080401,0.154777,0.155176,0.03941,0.013664,0.007596,0.208976,0.290434,-0.015271,0.092474,0.125635,0.431765,0.072091,0.198851,-0.000157,0.145715,0.037731,-0.056061,0.376087,0.109137,0.280792,0.064199,0.166743,0.169704,-0.071496,-0.012649,-0.013612,-0.172861,0.03288,0.184326,0.270505,0.089738,0.11824,0.185396,0.059439,0.175562,0.122823,0.002639,0.02752,0.285589,0.097968,0.38678,0.128486,-0.000457,0.223755,0.084356,-0.305306,0.065654,-0.079167,-0.022879,0.185575,-0.102253,-0.169684,-0.074078,0.119888,-0.201479,0.177446,0.119929,-0.070605,0.051684,-0.128995,0.122621,0.052435,-0.189219,-0.109686,-0.298732,0.20121,0.15395,0.1153,-0.060867,-0.178329,0.080653,-0.223734,-0.304538,0.292066,-0.134797,-0.115665,-0.155049,0.109175,0.1678,-0.044362,#
3,-0.2549,-0.142172,-0.072062,1.0,-0.105241,-0.28913,-0.278073,-0.181387,-0.308224,-0.397864,0.076156,-0.151849,-0.265941,-0.369246,-0.123188,-0.191946,0.21339,0.097835,-0.13962,-0.076256,-0.041915,-0.043586,-0.322495,0.091662,0.158,0.285969,0.1288,0.184098,-0.162292,-0.293482,0.242454,-0.122014,-0.085937,-0.03143,0.059312,-0.090891,-0.237068,-0.041499,0.095075,0.013599,-0.079254,-0.279795,0.072356,0.266414,-0.111666,0.421745,-0.195011,-0.050359,0.109952,-0.139245,-0.170082,0.424215,0.01201,0.141872,-0.105336,-0.093883,0.372939,0.157981,0.051312,0.084318,-0.336777,0.063371,0.276314,-0.177271,-0.14949,-0.334098,0.115131,-0.063944,-0.127503,0.017892,-0.035507,-0.061183,0.075269,0.048922,0.044422,-0.075271,0.36732,0.175247,0.036146,-0.096662,0.037782,0.365175,0.247729,0.051767,0.235282,0.029149,0.350922,0.254945,0.01665,0.085568,-0.009717,0.195482,0.144733,-0.128379,0.237367,0.175492,0.403546,0.19305,-0.045188,0.247894,0.031115,0.231541,0.500559,0.184184,0.185523,0.162166,0.359294,0.064728,0.063536,0.084255,-0.113567,-0.10685,0.313208,0.176961,0.101414,0.095062,0.054203,0.019062,-0.1915,0.371663,0.231827,0.351549,0.259858,0.184468,0.319045,0.139803,-0.341071,-0.133266,0.192191,0.240637,-0.031825,0.240212,0.315032,0.016435,0.192697,0.243562,0.023445,0.014079,-0.132034,0.263422,0.17105,-0.061907,0.329703,0.270066,0.432765,0.154633,0.058562,0.03133,0.39215,-0.010848,0.24644,0.093363,0.133471,0.259978,-0.015078,0.233065,-0.338345,-0.288523,0.382018,0.163232,-0.036509,0.176586,-0.086185,0.050556,-0.149844,-0.233057,0.176261,0.201052,0.152471,0.222097,0.047368,0.029099,0.307237,0.354736,-0.127002,0.223586,0.076221,-0.024912,-0.577248,0.452924,-0.41403,0.00089,0.361977,-0.124891,-0.174013,-0.032069,-0.195766,0.022266,0.344035,-0.082236,0.181362,-0.123406,-0.209072,-0.201199,0.011193,-0.115798,0.026202,0.039779,-0.166991,-0.273438,#
4,0.12492,-0.051643,-0.02026,-0.105241,1.0,0.051127,-0.193187,0.033358,0.048845,-0.162858,0.282749,-0.102655,-0.064301,-0.237987,-0.158282,-0.070008,0.140853,-0.173044,0.044288,-0.129489,-0.219562,-0.316928,0.092306,-0.076535,0.041136,-0.053707,-0.216728,0.09937,-0.174273,0.039515,-0.304666,-0.205104,0.039266,0.004059,0.049596,0.101318,0.020186,-0.101378,0.0494,0.393322,-0.045947,-0.368722,-0.207587,0.160003,-0.070897,0.225371,-0.148974,0.033024,0.149654,0.195155,0.070812,0.01019,0.07804,0.281831,0.179969,0.052959,-0.134768,0.330294,0.009049,-0.044769,-0.261544,-0.126172,0.003224,0.022733,-0.34306,0.114685,0.479404,-0.153997,-0.019491,-0.17968,0.049537,-0.126234,0.098892,0.326391,0.169638,0.032753,-0.081775,-0.191327,-0.069499,-0.144242,-0.158829,0.145337,0.136177,0.098362,0.081312,-0.07872,0.071524,0.162332,0.043712,-0.150415,0.260614,0.14807,0.257714,-0.058932,-0.05536,0.119456,0.129975,-0.00285,-0.134319,0.018702,0.110973,0.067563,0.147416,-0.121112,0.16589,0.083401,-0.001312,0.210554,-0.120535,0.096863,-0.040884,0.141262,0.103407,-0.059333,-0.05827,0.238521,-0.022067,0.333191,-0.303925,0.098234,-0.3089,0.083643,0.147893,0.021972,0.164533,0.133409,0.01144,0.084769,0.079912,0.020159,0.094794,-0.237942,0.043922,-0.208788,-0.010842,0.096694,0.045214,0.140725,-0.168835,0.304608,0.014366,-0.065809,-0.220642,0.167849,-0.003902,-0.270395,-0.216675,-0.179916,0.108674,-0.112445,0.047199,0.058635,-0.273013,0.01746,0.090213,-0.117877,-0.094116,-0.042214,-0.219385,0.275487,-0.253076,-0.170099,-0.224372,0.096529,0.180612,-0.185488,0.02446,-0.053211,-0.013153,0.15555,-0.041871,-0.11672,0.113137,-0.020787,-0.07097,0.2783,0.09719,0.171647,0.043299,0.021307,-0.210166,0.204962,0.071748,0.090928,0.123415,0.10922,0.138181,-0.103187,0.231024,-0.173475,0.080729,0.073536,0.266922,-0.099952,-0.220893,0.219846,0.006655,0.049307,-0.129743,-0.310421,#
5,0.128918,-0.009525,-0.167614,-0.28913,0.051127,1.0,0.404841,0.275458,0.087081,-0.060015,0.089116,0.259973,0.062948,0.084493,0.09946,0.03988,0.224329,-0.062691,0.177149,-0.068443,0.120393,0.042803,0.120709,-0.1378,-0.228754,-0.014559,0.143298,-0.054907,0.097057,0.100761,-0.248518,0.050618,-0.158236,-0.00407,0.012341,-0.06236,0.084456,-0.056293,-0.089359,-0.027139,-0.234784,0.25051,-0.066397,-0.082366,0.03367,-0.19284,0.158595,-0.172287,0.020337,0.195693,-0.113797,0.043849,0.041204,0.12739,0.106752,0.274987,-0.203274,0.080724,-0.144175,-0.195431,0.17123,-0.120851,-0.005593,0.319925,-0.100794,0.243802,0.012809,0.149479,-0.003532,-0.325888,0.028713,0.0,-0.133526,0.010308,-0.060668,0.362312,-0.232359,0.001047,-0.106465,-0.147036,-0.229222,-0.253037,-0.153997,-0.025804,-0.05978,-0.239345,-0.089359,-0.016613,-0.102139,-0.261276,-0.164059,-0.294399,-0.254351,-0.01377,-0.07997,-0.211051,-0.069793,-0.336916,-0.14859,-0.330638,0.101114,0.023435,-0.13285,-0.320205,-0.300401,-0.248611,-0.088636,0.111419,-0.261575,0.030291,0.085194,0.232161,-0.383776,-0.260001,-0.029016,-0.048041,-0.268906,0.039039,0.146774,-0.180926,-0.069372,-0.278633,-0.018731,-0.347885,-0.10955,-0.17736,-0.249535,-0.022855,-0.250907,-0.149078,-0.167079,-0.224726,-0.092624,0.060399,-0.354722,-0.144704,0.24666,-0.089519,-0.001818,-0.357513,-0.144704,0.179847,-0.172741,0.035232,-0.172957,-0.189346,0.24014,0.089884,-0.134317,0.025801,-0.068196,-0.173522,0.095941,0.130832,-0.099973,-0.201915,0.062147,0.127397,-0.41845,-0.137228,-0.103804,-0.240751,-0.039397,-0.203364,-0.016775,0.079924,-0.12006,-0.031891,-0.139795,0.09835,0.202522,-0.152625,-0.131709,-0.204139,0.17226,-0.221462,0.003493,-0.021121,0.094479,-0.138002,0.249161,-0.068213,0.100665,0.19398,0.491604,-0.057069,0.00935,0.045948,-0.040373,0.140298,0.065435,0.135119,0.205992,-0.21754,-0.252211,0.001807,0.198393,-0.081521,-0.276136,-0.007435,#
6,0.281931,0.266975,0.111411,-0.278073,-0.193187,0.404841,1.0,0.262427,0.251211,0.259845,0.090632,0.099344,0.358729,0.251726,0.010022,0.126906,0.051339,0.122388,0.276054,0.022429,-0.051934,0.240318,0.196771,-0.101514,-0.055385,-0.093513,0.238967,-0.009566,0.531201,0.08628,-0.310898,-0.026203,-0.077513,-0.241102,0.13944,0.11596,-0.028335,-0.033,0.010365,-0.146895,0.127922,0.240724,0.117176,-0.210818,0.112535,-0.370221,0.139997,-0.112062,-0.063773,0.312646,0.065964,-0.131067,0.095406,-0.024799,0.20412,0.120417,0.004013,-0.273627,-0.030108,0.047159,0.346761,0.095307,-0.059543,0.274603,0.166508,0.254608,-0.171249,0.239765,0.124002,-0.108483,0.184035,0.095639,-0.246128,-0.404261,-0.231858,0.324249,-0.322599,-0.165411,-0.202329,-0.147183,-0.145042,-0.334165,-0.405679,-0.118696,-0.407804,0.078873,-0.166438,-0.287804,-0.105652,-0.355966,-0.433885,-0.473945,-0.430187,-0.216866,-0.084469,-0.466943,-0.156167,-0.35154,-0.068774,-0.335017,0.010073,-0.06659,-0.305177,-0.236419,-0.318533,-0.166911,-0.173213,-0.160898,-0.253516,-0.146751,-0.17956,0.020979,-0.399989,-0.353728,0.044941,-0.396353,-0.180579,0.039298,0.085194,-0.306637,-0.06854,-0.279791,-0.106374,-0.463305,-0.263549,-0.289105,0.073549,0.202627,-0.257318,-0.239401,-0.254333,-0.394243,-0.433007,0.019022,-0.181089,-0.234613,0.138877,-0.088858,0.052379,-0.360941,-0.234613,0.13279,-0.168236,-0.307361,-0.341275,-0.139374,-0.180706,0.456835,-0.306699,-0.087531,-0.155466,-0.178098,0.088078,-0.059816,-0.05303,-0.382074,-0.013492,0.267817,-0.228068,-0.136566,0.020988,-0.248548,-0.194787,-0.037459,0.075586,0.22649,0.075452,0.057831,-0.448766,-0.001173,0.19056,-0.016543,-0.225838,-0.107433,0.319725,-0.401386,-0.00043,0.123016,0.326555,-0.554669,0.404238,0.10287,0.094025,0.176886,0.302591,-0.330922,0.029122,0.046833,-0.112181,0.135882,-0.262058,0.125316,0.186494,0.050252,-0.169257,-0.00423,0.014806,-0.198044,-0.244205,0.265713,#
7,-0.100526,0.141704,0.002462,-0.181387,0.033358,0.275458,0.262427,1.0,-0.028805,0.201309,-0.164578,-0.023608,0.465569,0.344707,0.091562,0.044658,-0.000582,0.163125,0.132937,0.006664,0.178554,0.182491,-0.000842,0.129149,0.089119,-0.031937,-0.121324,-0.222055,0.037492,0.2325,-0.115622,-0.161581,0.149947,0.065097,-0.306725,0.004783,0.067968,-0.093043,0.109318,-0.248321,0.111721,0.123005,0.00038,-0.065467,-0.115767,-0.330531,-0.018123,-0.215162,-0.051226,-0.019333,-0.158256,0.046098,0.215272,0.006594,0.261974,0.264066,-0.123522,-0.17737,-0.229132,0.035221,0.13369,0.0376,-0.171872,0.160306,-0.122813,0.40036,0.059208,0.123813,-0.05355,0.041833,0.272698,0.229809,-0.351648,-0.034856,-0.020251,0.019849,-0.014339,0.114055,0.130087,-0.046215,0.053199,-0.23116,-0.092118,-0.022254,-0.252343,-0.110027,-0.008669,0.023953,0.140945,-0.028651,0.06242,-0.269608,-0.165561,0.081359,-0.073519,0.065115,-0.03418,0.087916,0.10188,-0.422348,-0.022278,0.121505,-0.014904,-0.179969,-0.11737,0.057289,-0.199912,-0.035483,-0.031604,-0.328559,0.044115,0.202478,-0.108268,-0.084227,0.119042,-0.03279,-0.001181,-0.0093,0.154782,-0.163489,-0.122043,-0.630765,-0.048305,-0.096731,-0.189656,-0.093187,0.090318,0.031014,-0.229667,0.149767,-0.117743,0.147333,-0.073292,-0.03656,-0.184492,0.060151,0.219711,-0.220138,-0.012235,-0.191484,-0.058766,-0.083689,-0.194623,-0.017815,-0.12042,-0.154493,-0.195008,-0.007325,0.011408,-0.228612,-0.153541,0.051691,-0.206842,-0.172872,-0.047362,-0.37654,0.10741,0.120129,-0.127938,-0.060861,-0.023241,0.046071,-0.226611,0.144849,0.222096,0.019924,-0.001316,-0.041345,-0.041164,0.282119,-0.180442,-0.120629,-0.046797,-0.090379,0.22072,-0.220666,0.171216,-0.054177,0.36021,-0.127951,0.157425,0.33085,-0.036255,-0.126416,0.093538,0.107644,0.066786,-0.169873,-0.261077,0.294441,-0.205495,-0.224518,0.28448,-0.086793,-0.17249,-0.165869,0.070197,0.035727,-0.122789,-0.014556,#
8,-0.102157,-0.049023,0.205057,-0.308224,0.048845,0.087081,0.251211,-0.028805,1.0,0.295414,-0.063413,0.124966,0.039332,0.194657,0.102619,-0.049342,-0.249374,0.286633,-0.079058,0.101296,-0.224615,0.182501,0.288661,0.137286,0.032261,0.180054,0.229646,0.229234,0.144249,0.037891,-0.211705,-0.082806,-0.016279,-0.050358,0.128246,0.057124,-0.091615,-0.053884,0.263559,-0.114558,0.170819,-0.007665,-0.112687,-0.085089,0.150585,-0.126344,0.034376,0.204205,-0.001995,0.026591,0.059021,-0.160632,-0.029173,0.032067,-0.026654,0.444746,-0.195053,-0.217875,-0.103908,0.176779,0.12743,-0.068644,-0.086615,0.143337,0.079972,0.069658,0.01686,0.187571,0.288167,0.07017,0.01812,0.144419,0.053649,0.055143,-0.090081,0.068059,-0.098952,-0.132263,-0.070188,-0.012926,-0.056469,-0.099205,-0.312912,0.006502,-0.130684,0.238402,-0.084265,-0.305638,0.01451,-0.210532,0.129977,0.002935,-0.213499,0.190767,-0.008291,0.107911,-0.034055,-0.124758,-0.24912,-0.242207,-0.061723,0.174853,-0.066094,0.098833,-0.022278,-0.217105,0.004097,-0.071101,-0.023404,-0.105925,-0.04739,-0.201921,-0.110577,-0.244495,0.165776,-0.154195,0.169919,0.029988,0.161356,-0.182249,0.160642,-0.158996,0.091901,-0.230703,-0.167655,0.042325,0.315877,-0.012081,-0.124739,-0.127033,0.085235,-0.023182,-0.430666,-0.072104,-0.044307,0.026966,0.014523,0.117327,-0.123012,-0.080535,-0.047161,0.042903,-0.121683,-0.190461,-0.301593,-0.442776,-0.041558,0.133277,-0.007258,0.048411,0.095855,0.067503,0.082768,-0.143617,0.156645,-0.173605,0.249357,0.226534,-0.111502,-0.046621,-0.090023,0.112666,0.10331,0.008618,-0.191836,0.028616,0.034648,-0.127435,-0.240897,0.074319,-0.076063,-0.266073,0.00897,0.031162,0.239666,0.074261,-0.040767,-0.019704,0.380868,-0.334085,0.34413,0.207949,-0.258405,-0.178048,0.063203,0.069875,0.063004,0.227272,-0.376138,-0.203887,-0.107984,-0.116228,-0.023665,0.193913,-0.095142,0.214609,-0.063379,-0.158597,0.098076,0.051781,#
9,0.074694,0.321185,0.013635,-0.397864,-0.162858,-0.060015,0.259845,0.201309,0.295414,1.0,-0.211918,0.036605,0.308336,0.589996,0.265297,0.151657,-0.360422,0.266055,0.087784,0.13615,-0.047402,0.250181,0.31135,0.122847,0.115566,-0.231766,-0.087688,0.009225,0.13627,0.421722,0.032382,0.178171,0.306992,-0.224525,-0.060159,0.051313,0.080915,-0.00947,0.126333,-0.393025,0.212525,0.240813,-0.009619,-0.061597,0.119522,-0.417214,0.163708,0.27744,0.007877,0.278608,-0.068341,-0.178995,0.164585,-0.14374,0.179676,0.031917,-0.131106,-0.398337,-0.20495,0.12834,0.423706,0.084725,-0.388085,-0.031686,0.043908,0.246561,-0.088608,0.260843,-0.130467,0.160931,0.054376,0.393224,-0.098564,-0.104627,-0.088788,-0.059495,-0.093345,-0.191869,0.015024,0.139548,0.095572,-0.45016,-0.437435,0.120077,-0.296357,0.20848,-0.190964,-0.14175,0.195029,-0.22432,-0.035911,-0.086788,-0.223867,0.253274,0.004187,0.01509,-0.370734,-0.109685,0.136547,-0.293969,-0.218588,-0.015889,-0.225036,0.059017,-0.02399,-0.140929,-0.357561,-0.326767,-0.043043,-0.271178,0.176501,0.158366,-0.25535,-0.125704,-0.148477,-0.258845,-0.052852,-0.062961,0.380968,-0.435104,-0.043514,-0.259191,0.048744,-0.170084,-0.309539,0.136537,0.284081,0.066315,-0.147975,-0.289552,-0.035435,0.164891,-0.434557,-0.114831,-0.277685,-0.281172,-0.07316,-0.155894,0.159092,-0.300385,0.087148,-0.060128,-0.291941,-0.377271,-0.340998,-0.050407,-0.161509,0.097727,-0.225518,-0.152169,-0.200602,0.088202,-0.053278,-0.476157,-0.016309,-0.330151,0.382032,0.40146,-0.118186,-0.105816,-0.108854,0.066447,-0.175619,0.222547,0.289456,0.507359,-0.083697,-0.040146,-0.226819,-0.050449,-0.130854,0.069948,-0.174411,-0.113919,0.358349,-0.309422,-0.047626,-0.015374,0.629635,-0.431311,0.445868,0.167813,-0.547024,-0.209799,0.178974,-0.047888,0.266022,0.041754,-0.484038,0.011839,-0.231086,-0.11478,0.064873,0.361805,-0.030389,-0.039709,-0.101502,-0.069639,0.305688,0.389083,#
10,0.225195,-0.067752,0.101881,0.076156,0.282749,0.089116,0.090632,-0.164578,-0.063413,-0.211918,1.0,-0.127922,0.035993,-0.242694,-0.252864,-0.045592,0.026395,-0.169292,0.06899,-0.066834,-0.095314,-0.153125,-0.130304,0.027532,0.014995,0.157511,-0.072347,0.065899,0.114263,-0.266443,0.133049,-0.003524,-0.270953,-0.265955,0.095173,0.114949,0.17084,0.301734,-0.066311,0.211693,-0.205971,-0.328907,-0.022014,-0.056218,0.022397,0.07781,-0.285004,0.043099,0.185849,0.11523,-0.034358,0.027677,0.108607,0.226549,0.147723,0.026815,-0.223094,0.217664,0.109422,-0.122514,-0.245424,-0.160421,0.04738,0.036733,0.017246,-0.06967,0.256015,-0.003973,0.102241,-0.111234,0.218195,-0.171732,-0.057784,0.148876,-0.086718,0.131795,-0.023425,-0.072332,0.01119,-0.167621,0.005705,0.229308,0.006345,0.152745,0.038513,-0.013324,0.149187,0.115029,-0.052001,-0.044684,-0.039916,0.005248,0.037424,-0.099457,-0.017618,0.02358,0.054731,-0.21816,0.116443,0.039708,0.004286,-0.13067,0.012805,-0.235328,0.067605,-0.124367,-0.080755,0.245899,-0.019845,0.368045,-0.115733,-0.093136,-0.266059,-0.066652,0.02839,0.043364,-0.306996,-0.044898,-0.307913,0.202516,-0.304235,0.255732,-0.070466,-0.298837,-0.149104,0.041528,-0.07381,0.097659,-0.026879,-0.142135,-0.009694,-0.270442,-0.041952,-0.055341,0.120242,0.023017,0.114486,-0.009892,-0.195575,0.159055,-0.060251,0.24688,-0.04658,0.063357,0.34235,-0.021792,-0.150966,0.140654,0.154471,0.041897,0.258746,0.104446,-0.012736,0.037896,0.030761,-0.026248,-0.307495,-0.087294,-0.02915,0.048574,-0.131736,-0.061744,-0.045568,0.180073,0.144279,-0.21775,0.114493,-0.122411,-0.032084,0.168131,0.247578,0.119633,0.213865,0.105797,-0.155302,0.148517,0.121753,0.056524,-0.273711,0.094269,-0.11953,0.131558,0.092991,0.144967,0.151438,0.084745,0.02747,0.128063,0.253017,0.210575,0.186397,0.180982,0.173741,-0.367684,-0.094109,0.017043,0.100437,0.033196,-0.14686,-0.224213,#
11,-0.112566,-0.044237,-0.118814,-0.151849,-0.102655,0.259973,0.099344,-0.023608,0.124966,0.036605,-0.127922,1.0,0.044139,0.185775,-0.072382,-0.057009,0.010575,0.006216,0.013214,-0.142799,0.161038,-0.18225,0.048126,0.101904,0.101912,0.000204,0.07519,0.180498,-0.029839,0.011232,-0.035668,-0.003873,-0.106426,0.047206,-0.142215,0.062356,-0.142302,0.048338,0.069285,-0.097113,-0.137694,0.218549,-0.122205,-0.2242,-0.192496,0.19865,-0.031607,-0.060526,0.001654,0.149174,-0.19613,0.013649,-0.142186,0.269954,-0.169897,0.04365,-0.298362,0.045304,-0.178211,0.036564,-0.049002,-0.264726,0.064716,0.127504,0.077866,0.203323,-0.073514,0.038551,0.311358,-0.250502,-0.068668,-0.057039,-0.027518,0.076151,-0.001501,-0.043503,-0.167537,0.168049,-0.292567,-0.003639,-0.2145,-0.229967,0.021033,-0.004686,-0.025766,-0.302525,-0.074067,-0.042413,-0.055542,0.040836,-0.03285,-0.208775,-0.209587,0.017875,0.00518,-0.198752,-0.119087,-0.044282,-0.248074,-0.14656,0.214992,-0.010655,-0.220798,0.030897,-0.096562,0.053065,0.000409,0.009245,0.07314,0.151287,-0.054039,-0.103973,-0.25064,-0.22208,-0.077496,-0.033314,-0.000868,0.186187,-0.002486,-0.047075,0.071726,-0.108536,0.015418,-0.231293,0.006447,-0.139008,0.094006,-0.078082,0.033745,-0.132889,-0.145923,-0.013891,-0.266925,0.075439,-0.113658,0.050373,0.11078,-0.096051,-0.154839,-0.21688,-0.124411,0.11565,0.035971,0.131627,0.035744,-0.131789,-0.015957,0.079514,-0.166962,-0.046319,0.056634,0.235661,-0.097855,0.205478,0.068315,0.076265,-0.027081,0.189241,-0.105819,-0.239037,-0.162677,-0.133044,0.119634,-0.242362,-0.249319,0.127567,-0.047981,0.029979,0.255197,-0.008707,0.043373,0.294115,-0.08722,-0.206783,0.104561,-0.171866,-0.040297,0.257963,-0.005705,0.134669,-0.01247,-0.169786,0.03039,-0.140417,0.339001,0.196889,-0.079845,0.144655,0.124223,-0.02165,0.095512,0.346816,0.007998,0.207734,-0.063445,-0.06913,0.119286,-0.250161,-0.09627,-0.053032,#
12,0.310031,0.06618,-0.075804,-0.265941,-0.064301,0.062948,0.358729,0.465569,0.039332,0.308336,0.035993,0.044139,1.0,0.54765,0.105028,0.115352,-0.12759,0.103528,0.266839,0.211737,0.145253,0.181483,0.243695,0.05735,-0.117076,-0.406646,-0.054604,-0.00591,0.202529,0.237827,0.08458,0.055506,0.143836,0.103669,-0.262598,0.175357,0.256869,-0.036488,-0.124574,-0.053262,0.012319,0.221874,0.166542,-0.12813,-0.165238,-0.455451,0.256077,0.100248,-0.007155,-0.057358,-0.184469,0.018992,0.26628,0.000573,0.217516,0.049578,-0.15135,-0.254268,-0.004114,-0.008961,0.418629,0.084726,-0.225201,0.203533,0.062783,0.157008,-0.192321,0.200564,0.21166,0.038173,0.219777,0.165867,-0.267956,-0.355688,-0.307241,0.113341,-0.136536,0.009854,-0.045899,-0.12945,0.070024,-0.197726,-0.301171,-0.306096,-0.25998,0.105624,-0.116816,0.038872,-0.081681,-0.271284,-0.265707,-0.320811,-0.371369,0.028635,-0.158527,-0.242853,-0.269673,-0.202579,-0.186414,-0.440349,0.030983,-0.199532,-0.230051,-0.100205,-0.058811,-0.054142,-0.384851,-0.178904,-0.059285,-0.315182,-0.020257,0.079621,-0.366281,-0.228785,0.105618,-0.263678,-0.085067,-0.110082,0.036646,-0.234083,-0.05105,-0.429606,-0.162902,-0.247496,-0.248051,-0.132351,0.178417,0.29947,-0.190566,-0.094885,-0.091877,0.021091,-0.323834,0.075485,-0.017205,-0.133887,0.117806,-0.287578,-0.032904,-0.159347,-0.113753,0.215863,-0.214053,-0.205907,-0.173338,0.163001,-0.306312,0.205671,-0.257711,-0.284624,-0.311989,-0.127955,-0.114143,-0.20223,0.009352,-0.348215,0.170172,0.154856,-0.270853,-0.244225,0.1096,-0.107023,-0.024156,0.088911,0.300278,0.206105,0.090542,0.151982,-0.239312,0.102615,-0.153537,-0.100779,-0.372937,-0.054064,0.185313,-0.292782,-0.060782,0.124974,0.246144,-0.365684,0.136459,0.132271,0.029185,0.041166,0.08964,-0.083972,0.171848,0.010113,-0.195645,0.38897,-0.245134,-0.04296,0.326039,0.041532,0.144622,-0.013634,-0.03664,-0.101126,0.038497,0.153987,#
13,0.195835,0.246093,-0.054399,-0.369246,-0.237987,0.084493,0.251726,0.344707,0.194657,0.589996,-0.242694,0.185775,0.54765,1.0,0.230696,0.224175,-0.324973,0.208996,0.243094,0.172786,0.248798,0.105215,0.367141,0.170874,0.01195,-0.153661,0.065794,-0.020301,0.191956,0.398072,0.138486,0.202045,0.230205,-0.044782,-0.334472,0.129002,0.22236,-0.123683,0.108738,-0.266099,0.083786,0.385168,-0.064748,0.00848,0.049871,-0.514797,0.294341,0.090056,-0.124881,0.049777,0.001654,-0.156742,0.222846,-0.21221,0.057832,-0.004576,-0.111476,-0.346727,-0.210921,0.006834,0.536257,0.111279,-0.367122,0.059944,0.128903,0.416591,-0.240655,0.210173,-0.059675,-0.083759,-0.179289,0.370028,-0.193845,-0.159509,-0.274611,0.026536,-0.397016,-0.245782,-0.129006,0.061738,0.029223,-0.441665,-0.43407,0.020962,-0.367889,-0.005227,-0.258842,-0.033327,0.046085,-0.33648,-0.104543,-0.233383,-0.466941,0.069268,-0.187817,-0.138265,-0.402711,-0.193125,0.051729,-0.351144,-0.018147,-0.170059,-0.369822,-0.242996,-0.10355,-0.118899,-0.214098,-0.173293,0.02787,-0.325401,0.088058,0.264468,-0.412079,-0.175686,0.149884,-0.082918,-0.232117,-0.208128,0.417581,-0.40042,-0.142416,-0.453063,-0.00202,-0.226013,-0.380719,-0.062449,0.202956,-0.069821,-0.335729,-0.272828,-0.190261,0.119308,-0.348743,-0.179797,-0.361116,-0.337685,0.159924,-0.280254,0.118792,-0.45995,-0.054756,0.129536,-0.128484,-0.39533,-0.392253,-0.075062,0.006142,0.257602,-0.396889,-0.204833,-0.288221,0.074436,-0.19096,-0.309684,-0.029004,-0.212481,0.505628,0.268412,-0.109103,-0.289268,0.026174,0.093157,-0.026608,-0.20311,0.179676,0.275902,-0.154567,-0.022681,-0.240924,-0.09873,-0.312273,0.014171,-0.307501,-0.278436,0.18058,-0.2252,-0.079532,0.061938,0.48162,-0.391447,0.350657,0.020695,-0.405958,-0.049273,0.346012,0.1183,0.203448,-0.057185,-0.352906,0.31949,-0.300063,-0.067641,0.12722,0.254952,-0.177252,-0.224022,0.13724,-0.301411,0.242168,0.248919,#
14,-0.08375,0.183226,-0.211846,-0.123188,-0.158282,0.09946,0.010022,0.091562,0.102619,0.265297,-0.252864,-0.072382,0.105028,0.230696,1.0,-0.04593,-0.083523,0.204749,0.253756,0.150627,0.1982,0.093214,0.116805,0.15871,-0.11153,0.020402,0.152186,0.130207,0.131265,0.057105,-0.062357,0.202173,-0.017089,0.113159,-0.285684,-0.287196,-0.114452,0.015744,0.004849,-0.149228,0.109058,0.320971,-0.039902,0.198278,0.321527,-0.225894,0.075993,0.076405,0.166884,-0.061669,0.13236,-0.08562,0.085028,-0.078827,0.161843,0.246343,0.143319,-0.293189,-0.120781,-0.091957,0.27928,-0.014439,-0.219454,0.224322,0.2255,-0.003901,-0.106193,-0.090568,0.02312,-0.012604,0.128408,0.075657,0.118064,-0.050309,-0.121162,-0.109021,-0.029335,0.155696,-0.059389,0.175839,0.109817,-0.295645,-0.087358,0.033087,-0.1428,0.203445,0.109473,0.016196,0.058504,-0.216126,0.033696,0.026307,0.02523,0.251682,-0.013875,0.066951,-0.247575,-0.065581,-0.0297,-0.219246,-0.097533,0.0097,-0.027349,-0.156752,-0.165853,-0.234012,-0.276183,0.05813,-0.02574,-0.074425,0.085677,0.155389,-0.022763,0.038545,0.022558,-0.064356,-0.163689,-0.030601,0.305812,-0.342607,0.092715,-0.204903,-0.111506,-0.041683,-0.236039,-0.21346,-0.057519,0.168032,-0.229603,0.024649,-0.051116,0.120786,-0.174529,-0.212978,-0.118961,-0.124329,0.062583,0.068242,0.031946,-0.211737,-0.210821,-0.17091,-0.201937,0.022778,-0.144856,-0.081648,0.052599,-0.08321,-0.098716,-0.009634,-0.189471,-0.291466,0.09066,-0.129181,-0.147776,-0.125192,0.362695,0.051229,-0.174216,-0.013768,0.007926,0.048438,0.060596,-0.000433,-0.060942,0.306041,0.040419,-0.099859,-0.197739,-0.176966,-0.239753,-0.107313,-0.131898,0.192618,0.12574,-0.175176,-0.065528,0.045882,0.401185,-0.081121,0.181854,0.152826,-0.177892,0.044122,0.084303,-0.13957,0.229432,-0.057172,-0.121797,0.000696,-0.06484,-0.120956,0.146733,0.089491,-0.070295,0.013996,0.047389,-0.117156,0.183233,0.045927,#
15,0.133648,0.067129,-0.104748,-0.191946,-0.070008,0.03988,0.126906,0.044658,-0.049342,0.151657,-0.045592,-0.057009,0.115352,0.224175,-0.04593,1.0,-0.032769,0.233357,0.135073,0.078032,-0.1739,-0.068879,0.240001,-0.073379,0.008804,-0.073854,-0.085538,0.048218,0.185644,0.209441,0.216673,-0.037406,0.221939,-0.159257,0.027373,0.093996,0.377515,-0.000693,0.09031,-0.008633,0.080381,0.023873,0.215219,0.102273,-0.009956,-0.138607,0.122832,0.013938,-0.006864,0.257185,0.233031,0.066105,-0.070017,-0.075946,0.214111,-0.066809,-0.069941,-0.18987,-0.015223,0.078871,0.087601,0.190973,-0.119092,0.134972,-0.07873,0.099955,-0.153209,0.110813,-0.391875,0.096188,-0.042022,0.271183,0.097285,-0.180863,0.013724,0.272567,0.009418,-0.17821,0.153904,-0.012466,0.198138,-0.040746,-0.17545,0.209555,-0.007214,-0.215811,-0.211617,-0.191109,-0.06723,0.069151,-0.012327,0.100244,-0.195795,0.204545,-0.023956,-0.205217,-0.06577,-0.218712,0.049702,0.049086,0.010507,-0.058832,-0.323096,0.090903,0.019166,-0.019953,-0.041367,0.093668,0.03936,-0.014827,-0.121121,0.151863,-0.149544,-0.145233,0.019957,0.115633,0.022396,-0.233378,0.103518,-0.220507,-0.174754,-0.069209,-0.179978,-0.085399,-0.104222,-0.004767,-0.054344,0.170755,-0.182303,-0.236537,-0.137654,0.050908,-0.038963,0.128364,-0.170449,-0.141114,-0.075893,-0.189681,-3.3e-05,-0.270216,0.056857,0.203693,-0.130601,-0.216331,-0.115325,0.158089,0.229569,0.238357,-0.236614,-0.325504,-0.089983,-0.080737,-0.020359,0.038072,0.077728,-0.021814,0.043386,0.293303,-0.182347,-0.210846,0.25958,-0.145167,-0.079189,-0.159692,0.165741,0.128463,-0.181298,0.176465,-0.114177,-0.108613,0.163018,0.150153,0.062921,-0.259769,-0.039863,-0.045795,-0.115393,0.145522,0.141699,-0.322498,0.232564,-0.138744,-0.243091,0.183814,0.193155,-0.129023,0.181921,-0.042132,-0.147847,0.004059,-0.137429,-0.08317,0.146773,0.123971,-0.067604,-0.08969,0.126386,-0.10513,0.197196,0.260023,#
16,-0.108226,-0.159865,-0.276861,0.21339,0.140853,0.224329,0.051339,-0.000582,-0.249374,-0.360422,0.026395,0.010575,-0.12759,-0.324973,-0.083523,-0.032769,1.0,-0.143697,0.080741,-0.097564,-0.100133,-0.212606,-0.177986,-0.265924,-0.375723,0.035253,-0.140058,-0.037686,0.02851,-0.217518,-0.141359,-0.001357,0.071861,0.219265,0.123902,0.164678,-0.245953,-0.160777,-0.283386,0.296642,-0.225188,-0.229449,0.068139,0.114942,-0.174442,0.237707,-0.171167,-0.326165,0.131333,0.188857,0.116952,0.199422,-0.06089,0.097734,0.071015,0.077066,0.293579,0.195838,0.239802,-0.125065,-0.246719,0.13113,0.402206,-0.145769,-0.279242,0.021579,0.00479,-0.013161,-0.1763,-0.24477,-0.171649,-0.319863,-0.078359,-0.105012,0.063899,0.004897,0.144449,-0.031389,0.03465,0.061108,-0.02589,0.251254,0.229492,-0.257429,0.166518,0.000633,0.080637,0.179024,-0.177655,-0.014219,-0.035251,0.134752,0.077261,-0.101771,0.160181,-0.138862,0.094727,-0.111825,-0.177035,0.144045,0.101375,0.065324,0.212405,0.062966,-0.003259,0.073564,0.156167,-0.068911,-0.029409,0.115995,-0.355711,-0.046904,0.213426,0.139512,-0.190688,0.02974,0.058617,0.197574,-0.309877,0.032269,0.072479,0.093619,-0.066083,-0.111633,0.135742,-0.227053,-0.423032,-0.152414,0.126771,-0.028937,-0.15025,-0.213262,0.181209,0.088227,0.171644,0.048243,0.186714,-0.242587,-0.152596,0.100149,-0.046072,-0.009329,-0.02215,0.427648,0.149682,0.006293,0.042608,-0.110713,-0.052766,-0.084138,0.146364,-0.149692,0.097011,0.159082,-0.214681,-0.004053,-0.37699,-0.028958,-0.126544,0.345691,-0.101731,-0.039309,-0.015667,-0.254543,-0.106415,-0.001557,0.125653,-0.136485,0.051226,0.105192,0.01064,0.189548,-0.097206,0.005548,-0.098095,-0.0537,-0.10001,-0.045387,-0.280261,0.107766,-0.440427,-0.047466,0.576689,0.085462,-0.062381,-0.167576,-0.062721,0.121382,0.383164,-0.309355,0.122734,0.271701,-0.104601,-0.340091,0.039612,-0.008121,0.041335,0.057041,-0.494642,-0.11897,#
17,-0.365973,0.176905,0.196501,0.097835,-0.173044,-0.062691,0.122388,0.163125,0.286633,0.266055,-0.169292,0.006216,0.103528,0.208996,0.204749,0.233357,-0.143697,1.0,-0.076117,0.39424,-0.176909,-0.00226,0.177206,0.063743,0.188431,0.223986,0.06628,0.013928,-0.02096,-0.029961,0.042966,-0.163118,0.010568,-0.041378,-0.207694,-0.009431,-0.011848,-0.057985,0.127611,-0.249685,-0.054546,-0.055214,0.142286,0.125345,0.110432,-0.158722,0.012085,0.308934,0.09591,-0.022075,-0.030235,0.04923,0.066502,0.12107,0.037623,0.12144,0.032632,-0.224827,-0.082188,-0.148587,0.035873,-0.171158,-0.15609,0.065242,0.079139,0.202498,-0.019326,0.155296,-0.03541,0.297839,0.178969,0.314482,0.02846,-0.219308,0.009357,-0.059257,0.06811,-0.13472,0.137951,-0.000253,0.137195,-0.117027,-0.309832,0.252746,-0.221761,0.144745,-0.044765,-0.162054,-0.115149,-0.020524,-0.069316,0.026268,-0.23253,0.375346,-0.131026,-0.068222,0.118223,-0.109708,0.103708,0.031003,-0.262342,0.022651,-0.063814,0.220859,-0.112544,-0.05322,0.042055,-0.100038,0.006052,-0.102042,0.090596,0.006054,0.023564,-0.160268,0.066799,-0.014837,0.038522,-0.151554,0.355403,-0.395254,0.036465,-0.275994,-0.194004,-0.090186,-0.101153,0.028022,-0.014871,0.148896,-0.178603,-0.055559,0.134318,0.234176,-0.113521,-0.127183,0.004307,-0.053151,0.041312,-0.100919,-0.082832,-0.101692,-0.044223,0.041118,0.004149,-0.293571,-0.165213,-0.004083,-0.122931,0.348968,0.134223,-0.073256,-0.144509,0.014079,0.017767,-0.143394,0.012603,-0.085879,0.00767,0.43571,0.041046,0.0153,0.17131,0.280897,-0.228495,0.200858,0.168026,0.259942,-0.013296,-0.167299,-0.200976,0.158957,-0.107724,-0.190163,-0.032778,-0.001361,0.059883,-0.038586,-0.151987,-0.101263,0.164659,-0.228536,0.303443,-0.092439,-0.248308,-0.104611,0.109538,-0.174098,0.245956,0.237684,-0.328196,-0.081398,0.001347,-0.31175,-0.069721,0.200286,-0.125062,-0.24608,0.013006,-0.040006,0.118894,0.13495,#
18,0.362236,0.212309,-0.067517,-0.13962,0.044288,0.177149,0.276054,0.132937,-0.079058,0.087784,0.06899,0.013214,0.266839,0.243094,0.253756,0.135073,0.080741,-0.076117,1.0,-0.043933,0.173645,0.149149,0.075265,-0.020109,-0.06559,-0.063814,-0.059128,0.118576,0.151631,0.16512,-0.154288,0.163097,-0.072006,0.139615,-0.041203,0.049867,-0.041151,0.071767,-0.168028,0.10638,0.279078,0.229862,0.002153,0.170758,0.193858,-0.061727,0.13795,-0.105824,-0.095904,-0.086981,0.044886,0.02361,0.236066,-0.181964,0.234538,-0.004444,-0.010651,-0.19631,0.008263,-0.165399,0.256231,-0.199801,-0.11119,0.234441,-0.038787,0.184543,-0.254813,-0.021942,0.023199,-0.214231,-0.045147,0.077935,-0.211885,-0.107831,-0.187466,-0.02037,-0.129934,-0.104898,-0.168278,0.012532,0.138291,-0.140063,-0.110285,-0.283845,-0.042201,-0.108301,0.002557,-0.016653,-0.027922,-0.220453,-0.232651,-0.317605,0.019105,-0.250449,0.106578,-0.118618,-0.165969,-0.241375,-0.094753,-0.068619,0.170523,0.043615,-0.105703,-0.40673,-0.142884,0.051333,-0.29419,-0.030997,-0.10557,-0.007442,-0.062408,0.187627,-0.152356,-0.02583,0.124974,0.222043,-0.071677,0.008991,0.135695,-0.087561,-0.101258,-0.020021,-0.085255,-0.186697,-0.278287,-0.090959,0.092978,-0.036517,-0.038155,0.008666,-0.26454,-0.124385,-0.036724,0.008591,-0.169002,-0.073985,0.03953,-0.076856,0.058922,-0.213947,-0.422179,0.004303,-0.196237,-0.036464,-0.070412,-0.04847,-0.124463,0.087981,-0.359865,-0.164443,-0.276183,-0.133355,-0.094124,-0.161452,0.0975,-0.246395,0.097383,0.001156,-0.279962,-0.142726,0.00178,0.065224,-0.032332,-0.200975,0.055589,0.005573,0.18353,0.129458,-0.114853,-0.117869,0.037549,0.194411,-0.071561,0.061593,0.195964,-0.055276,-0.015908,0.161371,0.289866,-0.083674,-0.132627,0.092604,0.10969,0.291268,0.253272,-0.002997,0.446968,-0.030156,0.083423,0.147828,-0.12576,0.123297,0.265102,-0.047092,-0.111173,-0.083172,0.292081,-0.148373,-0.127266,0.08817,#
19,-0.105631,0.076998,0.133573,-0.076256,-0.129489,-0.068443,0.022429,0.006664,0.101296,0.13615,-0.066834,-0.142799,0.211737,0.172786,0.150627,0.078032,-0.097564,0.39424,-0.043933,1.0,0.156259,0.155599,0.120821,0.081417,-0.23769,-0.184768,0.1227,-0.237635,0.05753,-0.248696,0.186587,0.334154,0.322182,0.230653,-0.122379,-0.244647,0.199458,0.090644,-0.233881,-0.113739,0.129705,0.042073,-0.004616,-0.146387,-0.052998,-0.450587,0.19858,0.30606,0.286671,-0.275176,-0.108592,-0.135696,0.428959,-0.159962,-0.223492,0.09863,0.035128,-0.287702,0.263841,-0.1644,0.273516,-0.138885,-0.250596,-0.117757,0.126272,0.08337,-0.081795,-0.072697,0.100064,0.298316,-0.096372,0.223503,0.16715,-0.259765,-0.020437,-0.342712,0.155292,0.021132,0.516875,0.175807,0.294146,0.08647,-0.068454,-0.156396,0.194341,0.503518,0.025932,-0.245012,0.12178,-0.16137,0.009925,0.361372,-0.056971,0.079223,-0.031598,0.199089,0.136296,0.121437,0.213795,0.105957,-0.491082,0.102981,0.129238,0.088872,0.340086,0.125761,0.021809,-0.203909,0.125535,-0.302647,0.308361,-0.164153,0.025423,0.199396,0.203451,-0.033263,-0.052235,-0.047904,0.143295,-0.357766,0.233654,-0.167543,-0.128968,-0.106539,-0.123265,0.305957,0.104463,0.186478,0.252207,0.361161,0.478397,0.062133,0.146067,-0.042551,0.333708,0.182311,0.030804,0.040578,0.142692,0.100884,0.016433,0.269946,0.023677,-0.296957,-0.008321,0.171612,0.137254,-0.107198,0.112742,0.136385,0.041139,0.099098,0.342325,0.102412,-0.137538,0.146599,0.410765,-0.021883,-0.023989,-0.091433,0.363062,0.194823,0.043142,0.140889,0.050695,0.098949,0.366414,-0.059416,-0.090237,0.294736,-0.429433,-0.2135,-0.134311,0.090468,-0.231321,0.096991,0.123693,-0.37113,0.077128,-0.034557,0.180455,-0.03354,-0.228165,-0.014323,-0.256247,-0.209098,0.375354,0.278676,-0.237623,-0.056059,0.073988,-0.395552,-0.345177,0.015575,0.006283,-0.255461,-0.277419,0.00365,0.382915,-0.049976,#
20,0.231062,0.228965,-0.034753,-0.041915,-0.219562,0.120393,-0.051934,0.178554,-0.224615,-0.047402,-0.095314,0.161038,0.145253,0.248798,0.1982,-0.1739,-0.100133,-0.176909,0.173645,0.156259,1.0,0.04984,-0.117358,-0.09475,-0.039519,-0.182536,0.002325,-0.222378,-0.102065,-0.011977,0.101854,0.152519,0.154702,0.269814,-0.350607,-0.313312,0.144286,-0.117382,0.133804,-0.234564,0.234384,0.344164,-0.283845,0.034435,0.031904,-0.235893,0.005336,-0.083033,0.064161,-0.221221,-0.278638,0.000719,0.362467,0.045479,-0.009087,0.028534,-0.11367,-0.090425,-0.372024,0.022468,0.142657,0.026024,0.005812,0.121196,0.186875,0.043836,-0.326151,-0.074325,0.111196,-0.122532,-0.139773,0.127896,-0.157723,0.050925,-0.344633,-0.251819,-0.027485,0.312722,0.115006,0.187866,0.035807,-0.204612,0.229308,-0.138362,0.016135,-0.035534,-0.030421,0.22233,0.235046,-0.066603,-0.075765,0.056335,0.017275,-0.151175,0.113578,0.155251,-0.239155,0.065855,0.11575,-0.061779,0.036018,0.14817,0.007256,-0.166824,-0.00013,-0.072798,0.130286,0.06273,-0.062618,-0.10894,0.182442,0.082754,-0.21345,0.113934,0.285181,0.107564,-0.035572,-0.003708,-0.01914,-0.031891,-0.024022,-0.132127,-0.168729,0.011862,-0.17239,-0.153744,0.039356,-0.246678,-0.252552,0.18462,0.188537,-0.055838,-0.008895,0.142234,-0.099034,0.211765,0.105049,0.19871,0.199549,-0.196182,-0.079611,0.139489,0.176724,0.138522,-0.037709,-0.203991,-0.023972,-0.20489,-0.064696,0.049046,0.022884,0.074029,-0.032317,-0.062683,0.064451,0.026606,0.427437,-0.211326,-0.108175,-0.174472,0.024344,-0.063757,0.24015,-0.282594,-0.263583,-0.122366,0.173871,0.134638,0.254432,-0.216223,-0.136326,0.120411,-0.094685,-0.095851,-0.034353,-0.06707,0.092235,-0.294569,0.077805,0.257748,-0.094118,-0.011119,0.054591,0.040973,0.009128,0.116074,0.034798,-0.20016,-0.121051,0.299733,-0.093221,-0.065783,-0.105167,-0.077547,-0.076277,-0.129664,0.217762,-0.363072,-0.050831,-0.078269,#
