0,1.0,0.110149,0.112888,-0.139746,0.396037,-0.114396,0.094978,-0.080302,0.362809,0.060526,-0.243808,0.213937,0.361971,-0.039939,0.068839,-0.0114,0.117313,0.043902,0.093772,-0.206265,-0.292387,0.020973,0.074955,-0.146267,-0.016205,-0.294625,-0.281572,-0.243325,0.1736,0.054709,-0.387044,-0.15031,-0.200993,-0.057264,-0.224105,0.124705,0.24952,0.048143,0.089325,-0.104773,0.163812,-0.194772,-0.257019,0.035042,0.033279,0.032364,0.381959,0.114517,-0.031569,0.327537,0.057702,-0.134234,0.120485,-0.005175,0.105731,-0.035017,-0.259699,0.227302,-0.190615,0.037238,0.184589,-4e-05,0.069166,-0.178817,0.071204,0.201136,-0.033574,-0.070506,0.336166,-0.134687,0.185738,-0.320074,-0.097231,-0.351809,-0.267029,0.233711,-0.126303,-0.382608,-0.142088,-0.092738,0.032365,-0.312151,-0.235208,-0.204498,-0.015033,-0.091799,-0.432303,-0.152129,-0.090721,-0.244497,0.023429,-0.089863,-0.032344,0.117151,-0.134856,-0.198599,-0.27841,-0.198645,0.110326,-0.314024,0.149594,-0.253346,-0.235343,-0.185505,-0.085526,-0.254712,-0.126884,0.001996,-0.173503,-0.191443,-0.038977,-0.201752,0.109549,-0.240824,-0.268238,-0.278132,-0.296573,-0.246584,0.155638,-0.492956,-0.163768,-0.257742,-0.221818,-0.260203,-0.207533,-0.123423,-0.226476,-0.121556,-0.079685,-0.046048,-0.115426,-0.186123,-0.003051,0.042107,-0.22147,-0.393447,-0.039762,-0.217581,0.002654,-0.275289,-0.208205,-0.096071,-0.189741,-0.158448,-0.311781,-0.028893,-0.296922,0.26427,-0.366787,-0.208045,-0.313016,-0.235978,0.019527,-0.202316,-0.307442,-0.079765,0.229917,0.370889,-0.222426,-0.170553,-0.069211,0.005826,-0.122099,-0.045539,0.044855,0.082262,0.000648,-0.167849,-0.258254,-0.158708,0.053081,0.144221,0.121853,-0.326395,0.095437,-0.105049,0.051895,0.273049,0.139457,-0.25414,0.114445,0.014436,-0.039104,-0.020004,0.215313,-0.032819,0.319716,0.12641,-0.185264,0.407896,-0.268229,0.067308,0.15224,0.317514,-0.218195,0.155834,0.136861,-0.226,-0.080849,0.100224,#
1,0.110149,1.0,0.033569,0.119567,0.298058,0.058801,-0.080069,-0.124886,0.042325,0.075423,-0.174782,0.222703,-0.012568,0.013903,0.150101,-0.063416,-0.008407,0.060458,-0.17108,-0.093349,-0.068699,0.107754,0.139189,-0.100004,0.00718,-0.165824,-0.139161,0.058305,0.218498,0.288027,-0.347061,0.141965,-0.16483,0.019728,-0.203596,0.242006,0.188019,-0.175164,0.077914,0.034359,0.146524,-0.137531,0.190755,0.056353,-0.270131,-0.024405,0.240978,0.086926,-0.21406,0.218852,-0.030575,-0.210978,0.065759,0.11184,0.012773,-0.094851,-0.246866,0.203373,-0.182388,0.049018,-0.060297,-0.066501,0.072459,-0.004593,-0.011097,-0.072185,0.039019,0.164082,0.228199,0.026984,-0.155326,-0.264813,-0.025922,-0.137744,-0.166186,0.039911,-0.18772,-0.017021,-0.157484,-0.237509,-0.08728,-0.403315,-0.225217,0.218166,-0.265971,-0.232309,-0.18509,-0.120324,-0.061558,-0.10076,-0.015618,-0.004335,-0.06793,-0.014777,-0.450574,-0.161198,-0.199109,-0.19786,-0.16194,0.08239,0.087882,-0.037921,-0.137477,-0.155685,-0.292127,-0.276312,-0.245396,0.059429,0.012885,-0.05568,-0.098272,0.15633,-0.265367,-0.201244,0.067944,-0.059469,-0.158979,-0.231573,0.146975,0.041974,-0.271068,-0.083795,-0.262721,-0.12922,0.158706,-0.126334,-0.12317,-0.027644,0.012447,-0.019694,-0.165667,-0.04132,-0.057262,-0.031435,-0.141365,-0.116589,-0.165618,-0.276408,0.073632,-0.135873,-0.090266,0.100125,0.118444,-0.270025,-0.1324,-0.230974,0.003128,0.103177,-0.263048,-0.150097,-0.29826,-0.151833,-0.136174,0.003083,-0.131336,-0.077706,-0.036746,0.113536,0.014758,-0.167543,0.001937,-0.023424,-0.100078,-0.127874,-0.021325,0.30963,0.113079,-0.356301,-0.073118,-0.048901,-0.110307,0.015852,-0.269538,-0.042797,0.084642,0.101929,-0.139311,0.108501,0.231864,-0.26723,0.13273,-0.148719,-0.018082,0.030444,0.250552,-0.181419,0.101007,-0.064282,-0.185261,0.234611,-0.106819,0.166408,0.222068,0.328134,-0.004442,0.023905,0.187997,-0.256609,-0.073882,0.188148,#
2,0.112888,0.033569,1.0,0.266276,-0.051712,-0.205183,-0.019172,-0.14178,0.08535,0.16184,0.029902,0.008567,-0.137988,0.051701,-0.227845,-0.225187,-0.019205,0.217519,0.023091,0.006912,-0.252575,-0.045042,0.000333,0.196746,0.043241,-0.238559,0.029687,-0.264436,0.068859,-0.104336,-0.00159,0.031736,-0.149349,-0.041213,-0.16928,0.052513,-0.07915,0.016665,-0.057105,-0.293912,-0.221719,0.115338,-0.036335,0.023272,0.24894,-0.379678,0.089191,0.144087,-0.277999,0.25166,-0.119644,0.126545,0.017489,0.265229,-0.127458,-0.219581,-0.069481,-0.174887,-0.102562,0.041183,0.01933,0.21024,0.025165,-0.230224,-0.006333,0.102746,0.025748,-0.191373,-0.080191,0.059206,0.119378,0.068479,0.037153,0.16763,-0.184662,0.283305,-0.157004,-0.160295,0.003174,-0.062783,0.067221,-0.031177,-0.270527,0.376199,-0.077333,-0.098897,0.060016,-0.038931,-0.133883,-0.125357,-0.00785,-0.304439,0.18037,0.197723,-0.099684,0.144316,0.08082,0.091697,-0.06622,0.009512,-0.267578,-0.14449,-0.054165,0.215108,-0.049629,-0.100864,0.149265,0.048025,-0.006162,0.239977,0.294152,0.121574,0.082494,0.035753,0.181597,-0.106139,-0.127291,-0.126962,0.199772,0.001602,-0.268223,0.224911,-0.00957,-0.06378,-0.083699,0.165629,-0.055026,-0.146337,0.100336,0.05911,0.266247,0.15228,-0.070828,0.083715,0.235712,-0.021994,0.135483,0.227302,-0.065492,-0.237215,0.172569,0.235614,0.147599,-0.180551,0.051317,0.267045,-0.051926,-0.035707,-0.194266,0.134285,0.007127,0.410897,0.168614,0.005107,0.058922,-0.014149,-0.100433,0.20781,0.127548,-0.007706,0.220097,-0.009859,0.321832,0.15397,-0.054702,-0.078567,-0.095412,-0.246233,0.155004,0.035908,-0.012352,0.13027,-0.101096,0.038003,-0.057854,0.097564,-0.171268,0.078466,-0.056691,0.001378,0.181624,0.001261,-0.106749,0.031975,-0.321672,0.174403,-0.07596,0.077513,-0.024159,0.029313,0.228947,-0.157488,-0.117471,0.096244,-0.200433,-0.124351,-0.135408,0.095952,0.151147,-0.25408,#
3,-0.139746,0.119567,0.266276,1.0,-0.093938,-0.094763,-0.2752,-0.102646,-0.309996,-0.123174,0.108485,-0.167535,-0.232872,-0.171568,-0.015296,-0.093882,0.163742,-0.115717,-0.149062,0.093944,-0.185452,0.033444,-0.263631,0.069694,0.145817,0.042526,-0.108363,-0.021444,0.073801,-0.128624,0.014546,-0.012918,-0.068008,-0.041661,0.003161,-0.383118,-0.121772,0.083379,0.029196,0.175305,-0.059436,-0.032196,-0.004067,0.039477,0.088805,0.283987,-0.283476,-0.421703,0.11176,0.050105,-0.215142,0.264516,0.125905,0.101099,0.002379,0.16352,0.013733,-0.025949,-0.163183,-0.192339,-0.045759,-0.144503,0.257156,-0.035733,-0.114767,-0.356944,-0.099215,-0.188888,-0.373086,0.108118,-0.102959,0.14157,0.237424,0.181879,-0.06165,0.040116,0.133376,0.233817,0.309916,0.022316,0.084742,0.077675,0.092634,0.113853,0.124985,0.015821,0.188631,0.002026,0.005192,-0.091327,0.195295,0.013487,0.04894,0.153694,-0.026059,-0.061969,0.169566,0.219325,0.079288,0.150981,-0.195544,0.176544,0.177559,0.182617,0.104448,-0.023018,0.284944,0.18488,0.070896,0.108958,-0.030535,0.052927,-0.168187,-0.026143,-0.056989,0.256428,0.306711,-0.033588,-0.122853,0.323233,0.089822,0.017565,0.157074,0.200033,0.153524,0.143393,-0.060419,-0.104228,0.012952,0.231378,-0.120003,-0.082013,-0.058144,-0.006548,0.096174,0.217362,0.214223,0.072986,-0.282916,0.10773,0.030761,0.315185,0.186113,-0.163164,0.156025,0.160705,0.018208,-0.240025,0.063981,0.050847,0.075938,0.262143,0.168411,0.217235,0.072658,0.174043,-0.27947,-0.24685,0.23378,0.003463,0.19943,0.186291,0.065811,-0.113857,-0.284428,-0.276979,-0.084767,-0.295254,0.270418,-0.039329,-0.151491,-0.294268,0.100141,0.171086,-0.059404,0.048708,0.037569,-0.121013,-0.31928,0.12507,-0.305234,-0.137284,0.063671,-0.053654,-0.161466,-0.159586,-0.175664,-0.183771,0.180594,-0.197866,0.158982,-0.036618,-0.187105,-0.206111,-0.155835,-0.112629,-0.249103,0.06629,-0.247906,0.046848,#
4,0.396037,0.298058,-0.051712,-0.093938,1.0,0.079401,0.232419,0.00557,0.202314,0.162651,-0.152363,0.201737,0.352238,0.177576,0.003586,-0.040281,0.178921,0.046435,-0.097507,-0.125848,0.085486,0.105771,0.399092,-0.343498,-0.314553,-0.290736,-0.119559,-0.231862,0.221938,0.288146,-0.317109,0.05746,-0.203536,-0.096433,-0.253047,0.281381,0.24996,-0.352819,0.116582,-0.164873,0.201156,0.038483,0.016905,0.029712,-0.057624,-0.044725,0.236473,0.353455,0.12157,-0.004724,0.105014,-0.509762,0.168927,-0.139745,0.103994,-0.195144,-0.371703,0.105749,-0.060328,0.051053,0.186104,0.037708,-0.123361,-0.190064,0.033743,0.445603,0.083703,0.202361,0.340193,0.00245,-0.054292,-0.619126,0.165697,-0.643649,-0.364861,0.424156,-0.410519,-0.47818,-0.400099,-0.260703,-0.335481,-0.628335,-0.390453,-0.091363,-0.304265,-0.349055,-0.603125,-0.266454,-0.108448,-0.196472,-0.389067,-0.388677,-0.21858,-0.19708,-0.423867,-0.439947,-0.537356,-0.418677,-0.241921,-0.299195,0.023572,-0.28915,-0.324133,-0.267804,-0.376491,-0.60374,-0.131755,-0.3348,-0.181217,-0.178145,0.155009,0.121232,-0.354342,-0.597975,-0.230554,-0.056315,-0.294266,-0.509031,0.154769,-0.326731,-0.173302,-0.139322,-0.405407,-0.442222,-0.024869,0.12549,-0.514076,0.194014,-0.234581,-0.259789,-0.329211,-0.004355,-0.442193,0.115334,-0.397595,-0.416306,-0.054296,-0.507017,0.054861,-0.43851,-0.330847,0.006136,-0.096261,-0.132576,-0.471318,-0.222611,-0.207815,0.640766,-0.482182,-0.302934,-0.551396,-0.230582,-0.155769,-0.483836,-0.390063,-0.268501,0.198374,0.505147,-0.319086,-0.348773,-0.052862,-0.032059,-0.402272,-0.034416,-0.093076,0.231584,-0.169756,-0.313769,-0.332791,0.054912,-0.026488,0.105305,-0.353448,-0.52193,0.044103,-0.175289,-0.2111,0.309522,0.268605,-0.392629,0.332466,-0.029122,-0.014745,0.170951,0.413408,-0.250323,0.310952,-0.175093,-0.301288,0.406431,-0.278028,0.264016,0.458593,0.450769,-0.016474,0.304433,0.425486,-0.319884,-0.404841,0.134356,#
5,-0.114396,0.058801,-0.205183,-0.094763,0.079401,1.0,0.200357,0.254276,0.001475,-0.041743,-0.041606,0.114186,-0.154302,0.353082,0.15153,0.015902,-0.071267,-0.02206,-0.07963,-0.044821,0.205637,0.213534,-0.022223,-0.390831,0.117351,-0.115128,0.071104,-0.070386,-0.091637,0.122302,0.084386,0.247176,0.1878,-0.225146,-0.279336,0.149916,-0.017991,-0.075791,0.061294,-0.064143,-0.020126,0.028326,0.098949,0.141838,-0.091938,0.090544,-0.080156,0.058814,0.029396,0.00656,0.136596,-0.034505,0.184952,-0.171378,0.083853,0.041679,0.064787,0.269122,-0.060154,0.15283,0.109373,0.018321,-0.159672,0.266354,-0.030104,-0.062034,-0.139959,0.329832,0.180522,-0.098692,-0.207545,-0.188311,0.125311,-0.118682,0.071125,-0.045609,-0.019106,0.028043,-0.220905,-0.090493,0.048182,-0.245931,0.073932,-0.171012,-0.079212,0.194625,-0.096,-0.122745,-0.099426,-0.120251,0.045269,0.010444,0.070508,-0.315251,-0.02961,-0.149309,-0.132671,-0.210519,-0.017904,-0.274574,0.020285,-0.175647,0.118756,-0.336694,-0.019667,-0.203717,-0.157016,-0.489998,-0.12007,-0.403778,-0.060142,0.055696,-0.11905,-0.237085,-0.033483,-0.085984,-0.073128,-0.202915,-0.008255,-0.063879,-0.067863,0.052753,-0.031668,-0.203383,-0.136884,0.083028,-0.018622,0.044535,-0.07096,-0.234622,0.047631,-0.170279,-0.037471,-0.042971,-0.052458,-0.057212,0.020218,-0.111531,-0.047066,0.002735,-0.138519,-0.172487,-0.321867,-0.241016,-0.011446,0.027522,0.071548,0.054698,0.077777,-0.136524,-0.130998,0.058688,0.032365,0.118595,-0.08536,-0.250993,0.264528,0.141395,-0.161465,0.016535,-0.180165,-0.113568,0.043616,0.091005,-0.041802,0.360408,0.166984,0.115208,-0.022532,-0.024979,0.146688,0.034425,0.004774,0.101137,0.212703,-0.031258,-0.074237,0.113554,0.174224,-0.067011,0.171086,0.048885,-0.005326,0.298682,0.284263,-0.283514,0.116059,-0.016511,-0.062065,0.23559,-0.022677,0.090726,0.136812,-0.025435,0.211127,0.060648,0.083626,-0.116108,0.077858,0.271755,#
6,0.094978,-0.080069,-0.019172,-0.2752,0.232419,0.200357,1.0,0.205748,0.378389,-0.115956,0.319958,0.270252,0.079701,0.048745,0.142943,0.13852,-0.029671,-0.109604,0.158918,-0.078621,0.040005,0.323823,0.110492,-0.295551,-0.098364,-0.028085,0.02447,-0.232878,0.321919,0.180433,-0.294153,0.075768,0.098913,-0.354097,-0.092205,0.282541,0.062056,-0.105814,-0.09751,0.017635,0.080497,-0.026402,-0.162436,-0.111062,-0.10115,-0.052161,0.00833,0.141013,0.117303,0.177294,0.155133,-0.181467,-0.125093,0.00922,0.023086,-0.169093,0.022875,-0.024828,0.030803,0.116552,0.149185,-0.00898,-0.279621,0.224542,0.108681,0.099185,0.060555,0.137914,0.238405,-0.187123,-0.003986,-0.365567,0.095558,-0.267225,-0.346855,0.24277,-0.255456,-0.308649,-0.620952,-0.286186,-0.271105,-0.351952,-0.198313,-0.300952,-0.242649,-0.119196,-0.261072,-0.290159,-0.334508,-0.121885,-0.225783,-0.319615,-0.138322,-0.294251,-0.44875,-0.058779,-0.366723,-0.486879,-0.365069,-0.156915,0.01717,-0.398477,-0.313942,-0.391778,-0.092316,-0.164185,-0.131576,-0.327036,-0.288382,0.046106,-0.071981,0.033892,-0.185485,-0.227728,-0.103029,-0.331563,-0.316237,-0.216922,-0.062164,-0.229875,-0.300852,-0.172926,-0.242235,-0.38267,-0.203698,-0.00343,-0.413925,-0.015596,-0.221923,-0.455857,-0.310023,-0.1529,-0.311661,-0.088047,-0.285736,-0.28119,0.015699,-0.357805,-0.025822,-0.371457,-0.184505,-0.139615,-0.363749,-0.115757,-0.328326,-0.162764,-0.415541,0.412982,-0.103385,-0.288276,-0.070282,-0.177362,-0.371499,-0.177872,-0.278689,-0.493408,0.0978,0.304533,-0.173128,-0.394642,0.033664,-0.362937,-0.190672,-0.153419,-0.139375,0.422192,-0.089381,0.174298,-0.054053,-0.179692,0.11639,0.109188,-0.22079,-0.301382,0.293604,-0.358759,-0.226228,0.444244,0.32739,-0.169327,0.443615,0.288746,0.151732,0.308206,0.429807,0.046809,0.036668,0.00067,0.013998,0.260984,-0.126025,0.347184,0.438269,0.254721,-0.144661,0.318381,0.484691,-0.328089,-0.231452,0.165915,#
7,-0.080302,-0.124886,-0.14178,-0.102646,0.00557,0.254276,0.205748,1.0,-0.071812,-0.293826,-0.164697,-0.19643,-0.123693,0.114469,0.232187,-0.177787,0.08158,-0.102053,0.11168,-0.056144,0.061087,0.359954,-0.142072,-0.204371,0.093788,0.143948,0.167788,0.035439,-0.21109,-0.049904,0.048579,0.233815,0.382993,-0.114687,-0.087351,0.121284,0.116386,0.020258,0.200827,-0.156307,-0.120562,0.151269,0.28731,-0.008344,-0.074358,0.147963,0.030575,-0.105726,-0.146215,-0.229283,-0.042193,-0.039319,0.011973,-0.369508,0.015548,0.197484,0.101113,-0.008913,-0.134788,0.152991,-0.069469,0.091756,-0.156876,0.272106,0.112289,0.158935,0.00153,0.11103,-0.084432,-0.290106,-0.094131,-0.082197,-0.031342,-0.033777,0.022641,-0.165219,0.100621,0.013715,-0.246863,-0.038594,0.022625,-0.116515,0.265128,-0.266948,0.117543,0.147484,0.111306,0.08792,-0.073486,0.06502,0.01003,-0.020881,0.141572,-0.11783,0.104732,0.110503,-0.294306,0.096929,-0.05197,-0.150928,0.04046,-0.108448,0.088074,-0.067896,-0.100839,-0.154151,0.07644,-0.285338,0.100157,-0.26506,-0.28031,0.129644,0.100772,-0.014841,-0.008128,0.169512,0.133823,-0.057363,-0.045637,0.129285,-0.053009,0.122154,-0.147754,-0.0242,0.051554,0.16323,-0.023673,-0.199216,0.059884,-0.016377,0.056985,-0.039722,-0.054677,-0.157487,0.005102,-0.033446,0.203978,0.009425,-0.059839,-0.123251,-0.099831,-0.186139,-0.077499,0.104074,-0.029952,-0.266078,0.105636,-0.102009,0.118408,0.034537,0.110371,0.098511,0.248635,0.013783,0.166687,-0.14314,0.127317,-0.121932,-0.266463,0.132383,0.144808,-0.056717,0.005035,-0.037386,0.005311,0.045725,-0.072178,0.155728,-0.148241,0.258739,-0.081564,0.002939,0.014982,0.097145,-0.071385,0.0122,-0.058492,-0.054349,-0.05891,-0.106929,-0.045015,-0.149738,0.056451,0.110491,-0.018026,-0.084629,0.051855,0.079091,0.05343,-0.217026,-0.19077,0.268799,0.019283,-0.101394,0.048865,0.139732,-0.167318,-0.150268,0.057298,-0.121002,#
8,0.362809,0.042325,0.08535,-0.309996,0.202314,0.001475,0.378389,-0.071812,1.0,-0.014876,0.136866,0.300286,0.224209,0.036758,0.070762,-0.037408,-0.065104,0.224616,0.278636,-0.014341,-0.17583,-0.032144,0.203449,-0.124564,0.036827,-0.30929,-0.031824,0.085916,0.251048,0.039545,-0.154893,0.030122,0.037527,-0.119326,-0.208533,0.06405,0.405184,-0.182223,-0.013526,-0.042172,0.013784,-0.092604,-0.297001,-0.039457,0.044617,-0.170516,0.215156,0.227887,-0.021886,0.351259,0.106724,-0.121573,0.011811,0.238156,-0.033374,0.003842,-0.055626,0.142172,0.132534,0.072034,-0.159632,0.041312,-0.178799,0.069862,0.044365,0.18885,0.298363,-0.013817,0.295837,0.167602,0.192375,-0.202544,-0.003781,-0.246749,-0.14252,-0.019425,-0.026439,-0.331451,-0.194076,-0.003318,-0.082476,-0.219174,-0.142136,0.032036,-0.063996,0.067438,-0.224979,-0.222817,-0.157046,-0.205628,0.08229,-0.127329,-0.196129,0.128347,-0.174494,0.103622,-0.101131,-0.35052,-0.031687,-0.138097,-0.245917,-0.336975,-0.297046,-0.231133,0.143602,0.031121,-0.103711,0.098676,-0.172889,0.134444,0.126559,0.013755,0.091521,-0.126429,0.12644,-0.576631,-0.224507,-0.062774,0.261855,-0.351093,-0.069869,-0.1298,-0.080731,-0.535115,-0.265206,0.097553,-0.080428,0.076219,-0.105751,-0.1702,0.213173,0.152953,-0.008258,-0.06341,-0.002159,-0.155312,-0.115619,-0.085969,0.200069,-0.127125,0.074603,0.085375,-0.398914,-0.169009,-0.209051,-0.087227,-0.035057,0.345244,-0.113731,-0.118927,-0.063961,-0.097546,-0.03686,-0.17803,-0.13207,-0.246904,0.032962,0.376265,0.035713,-0.089074,0.144915,-0.140388,-0.089908,0.264605,0.147387,0.069271,-0.173809,-0.054621,-0.061105,0.037528,-0.153299,0.242821,0.158023,-0.195857,-0.058447,-0.256977,-0.054229,0.311101,0.144185,-0.178231,0.311846,0.133972,-0.149255,-0.094259,0.139747,0.204495,-0.060974,0.085489,-0.404967,0.180558,0.192867,-0.13015,0.14449,0.139448,-0.247689,0.070171,0.191783,-0.160618,0.009558,-0.027797,#
9,0.060526,0.075423,0.16184,-0.123174,0.162651,-0.041743,-0.115956,-0.293826,-0.014876,1.0,-0.16171,0.289493,0.147029,0.259136,-0.41254,-0.033128,-0.422462,0.253551,-0.205841,-0.058168,0.023348,-0.274532,0.145171,0.079307,0.180996,0.034192,-0.05791,-0.271288,0.055901,0.235119,0.053051,-0.115233,-0.304794,0.252851,-0.093917,0.363361,-0.023416,-0.246366,-0.113577,-0.013188,0.049187,0.240271,0.16427,0.269824,0.193428,-0.208138,-0.098377,0.321202,-0.060282,0.195589,-0.152296,-0.17931,0.09821,0.044063,-0.168392,-0.429352,-0.068544,-0.003652,0.180794,0.09052,-0.014162,0.220639,-0.001349,-0.347006,-0.027007,-0.032627,0.036392,0.172539,0.046694,-0.142985,-0.012781,-0.210065,-0.065225,-0.048054,0.100415,0.117218,-0.128464,-0.269875,0.052241,0.139722,-0.061855,-0.074833,-0.155129,0.007145,0.092679,-0.310008,-0.0608,-0.153945,-0.093174,0.07164,-0.214108,0.04574,-0.100147,0.161116,-0.136565,0.08186,0.041193,-0.107566,0.141716,0.01388,-0.205919,0.032441,0.080281,0.151499,0.071063,-0.078924,-0.101911,-0.102841,-0.140114,0.003733,0.219465,0.158722,-0.054294,-0.014298,-0.009366,-0.087431,-0.178547,-0.214164,0.279726,-0.275688,0.004048,0.245992,-0.030749,-0.015968,-0.228579,0.033657,-0.090237,-0.154693,-0.104546,0.160928,0.047741,0.19309,0.049705,0.732115,-0.120468,0.085205,-0.0333,-0.04787,0.286901,-0.165609,0.199823,0.068229,0.14817,0.061777,0.171849,0.143895,0.220091,0.035203,-0.237546,0.137275,-0.455355,-0.091932,-0.05818,0.035821,0.084403,0.172239,0.119612,0.300427,0.015417,0.081916,0.023925,0.130262,-0.127516,0.274764,0.049476,0.124447,-0.147095,-0.141173,0.081803,-0.025755,0.118922,-0.023668,-0.087717,-0.293804,0.139292,0.048235,-0.225396,0.043942,0.279513,-0.035507,0.036574,-0.173247,-0.289155,0.144061,-0.114349,-0.052452,0.07735,-0.079246,-0.266018,0.322284,0.037119,-0.269639,-0.139452,0.094178,0.062891,-0.199302,0.081069,0.048135,0.352039,-0.046247,#
10,-0.243808,-0.174782,0.029902,0.108485,-0.152363,-0.041606,0.319958,-0.164697,0.136866,-0.16171,1.0,-0.019225,-0.213483,-0.081838,0.172499,0.142985,0.081145,-0.241421,0.065973,0.152611,-0.109175,0.17653,-0.185461,0.160773,-0.148689,0.284694,-0.078756,0.113661,0.237577,-0.072816,0.00122,-0.01451,-0.290526,-0.165478,0.293514,-0.177137,-0.099836,-0.006816,0.006791,0.211613,-0.312618,-0.102328,-0.243202,-0.222256,0.12438,0.161036,-0.347144,-0.313452,0.243479,-0.006246,0.12648,0.135977,-0.021847,0.302499,-0.108615,0.10433,0.110049,-0.142913,0.055607,0.063173,0.069456,-0.105906,0.143289,0.07045,0.17484,-0.120932,-0.050476,-0.066284,-0.316717,0.057512,-0.109837,0.087222,0.226844,0.12006,-0.03855,0.132295,-0.099548,0.105064,-0.075742,-0.044412,-0.086083,0.12541,-0.106226,0.117279,-0.000944,-0.08892,0.13554,-0.132871,-0.168673,-0.129122,0.103214,-0.239751,0.104398,-0.155448,-0.132658,0.106515,-0.053685,-0.164763,-0.365947,0.026014,0.026125,0.066344,-0.294042,-0.0003,0.279684,0.082106,-0.005278,-0.003589,-0.198193,0.387932,-0.155836,-0.116033,-0.190575,0.240465,-0.038154,-0.004108,-0.151778,0.040832,-0.204058,0.155747,0.05051,-0.095598,0.108424,0.101634,0.065449,-0.05004,-0.086574,0.034551,-0.067991,-0.14315,0.12125,-0.248176,-0.075625,-0.197631,0.18823,0.193771,0.160001,-0.121604,-0.077888,0.05563,0.040328,0.21401,-0.121028,-0.096076,0.063758,0.213749,-0.098573,-0.130627,0.236771,-0.202352,0.196799,0.029562,-0.297267,-0.038437,-0.113477,-0.246947,-0.371373,0.10858,0.220872,-0.063181,0.09079,-0.29205,-0.025854,-0.079151,-0.11577,-0.097377,-0.158545,0.091208,0.35303,-0.341057,0.148586,-0.283641,-0.129573,0.089585,0.036375,-0.253169,-0.323814,0.14597,-0.119389,0.052257,0.059679,0.199107,0.170138,0.30642,-0.090064,0.202097,-0.228772,-0.185817,0.32667,0.006082,0.044252,0.265824,0.0626,-0.039595,0.033942,-0.061792,0.185722,-0.052354,-0.104447,0.159715,#
11,0.213937,0.222703,0.008567,-0.167535,0.201737,0.114186,0.270252,-0.19643,0.300286,0.289493,-0.019225,1.0,0.123965,-0.056346,-0.074714,0.342604,-0.128743,-0.157686,-0.172537,-0.222524,-0.047504,0.029628,-0.083776,0.047131,0.112999,-0.13846,-0.104989,-0.389747,0.291915,0.195831,-0.370019,-0.011711,-0.182982,0.046613,-0.062152,0.341608,-0.157079,-0.225071,-0.236992,0.033873,0.110009,-0.028791,-0.18316,-0.121851,-0.028973,0.028144,-0.110163,0.086403,0.110027,0.119404,-0.039695,-0.350915,-0.012462,0.075518,0.103844,-0.090769,-0.298843,-0.040121,0.012168,0.131444,-0.182011,0.193817,0.037887,0.058549,0.063771,-0.298945,-0.023975,-0.072826,0.145062,-0.060473,-0.051658,-0.261066,0.026056,-0.255245,-0.277668,0.180186,-0.229395,0.01319,-0.226504,-0.397401,-0.236148,-0.285106,-0.124247,-0.004828,-0.104966,-0.154489,-0.197731,-0.420095,-0.134985,-0.098419,-0.009409,-0.064969,0.019167,-0.209328,-0.346995,0.060163,-0.152931,-0.407027,-0.285058,-0.050922,0.046798,-0.095555,-0.181901,-0.210976,-0.018671,-0.172868,-0.080467,-0.147183,-0.35953,-0.082611,-0.228655,-0.076288,-0.269728,-0.134052,-0.029635,-0.25516,-0.146818,-0.151907,-0.210212,-0.020401,-0.01562,-0.126037,-0.204415,-0.235372,0.086655,-0.148697,-0.121973,-0.105942,-0.099184,-0.179925,-0.117441,-0.069941,-0.072812,0.183242,-0.250489,0.017619,-0.182328,-0.267156,0.041889,-0.23363,0.075242,0.085118,-0.276799,-0.122339,-0.198653,-0.167304,-0.125673,0.060727,-0.309597,-0.446473,-0.269302,-0.245336,-0.174042,-0.166084,-0.13181,-0.327692,0.025734,0.183102,0.040078,-0.090103,0.084617,-0.160147,-0.089295,-0.086498,-0.210271,0.082561,0.100076,0.113726,0.273542,-0.188632,0.006005,0.066098,-0.055469,-0.186801,0.247086,-0.316204,-0.339285,0.155284,0.098648,-0.201222,0.34771,0.012136,0.255583,0.155152,0.228709,-0.243198,-0.020398,0.034848,0.030732,0.343646,-0.027546,0.229678,0.284596,0.014076,-0.105621,0.17994,0.275254,-0.20535,0.003179,-0.004485,#
12,0.361971,-0.012568,-0.137988,-0.232872,0.352238,-0.154302,0.079701,-0.123693,0.224209,0.147029,-0.213483,0.123965,1.0,0.165539,0.010615,0.089506,0.033898,0.222453,0.043932,-0.089954,-0.051298,0.044513,0.321702,-0.16455,-0.20085,-0.080018,0.050278,-0.036956,0.187831,-0.063306,-0.309106,0.101472,-0.018431,0.087117,-0.130564,0.170711,0.292699,-0.159718,-0.041893,-0.002496,0.157284,0.172226,0.044044,-0.025171,0.142138,0.00478,0.348658,0.213523,-0.037607,0.117262,-0.05334,-0.279262,0.09808,-0.077798,0.069023,-0.229276,-0.291745,0.340618,0.141649,-0.157058,-0.03078,-0.082627,-0.247138,-0.075547,-0.006979,0.256559,0.101133,0.020608,0.359499,-0.172166,0.063375,-0.344716,-0.168384,-0.236732,-0.033092,0.197615,-0.092553,-0.330364,-0.165882,-0.239045,-0.229044,-0.282565,-0.207513,-0.102864,-0.035805,-0.169244,-0.202775,-0.202994,-0.152883,-0.099773,-0.224722,-0.281012,-0.184116,-0.024138,-0.150465,-0.217083,-0.081581,-0.171211,-0.021542,-0.456943,0.220997,-0.246511,-0.303123,-0.370999,-0.153712,0.013481,-0.198005,-0.071342,-0.241414,-0.038385,0.104837,-0.118829,0.029805,-0.272652,-0.241196,-0.235639,-0.366814,-0.139505,0.185388,-0.41573,0.017412,-0.358538,-0.147834,-0.261319,-0.236558,0.020307,-0.320707,0.136707,-0.236126,-0.306861,-0.125521,0.023079,0.012548,0.052117,-0.259279,-0.217162,0.02237,0.016833,0.114791,-0.365197,-0.316175,-0.102588,-0.231091,0.141538,-0.350276,-0.164908,-0.081279,0.359511,-0.53142,-0.108988,-0.075927,-0.191315,-0.097377,-0.156851,-0.197396,-0.090358,0.301431,0.273166,-0.43013,-0.234989,-0.093122,0.001643,-0.326583,-0.038024,0.171668,0.126767,-0.238052,-0.035659,-0.327656,-0.010159,0.133693,0.26294,-0.073627,-0.28491,0.062992,-0.058633,-0.047588,0.304017,0.292964,-0.370474,0.121622,0.19345,-0.120019,0.057144,0.181497,-0.097937,0.17907,-0.017141,-0.263431,0.258107,-0.221069,0.024888,0.229147,0.390984,0.068543,0.157979,0.269733,-0.162365,-0.085515,0.159445,#
13,-0.039939,0.013903,0.051701,-0.171568,0.177576,0.353082,0.048745,0.114469,0.036758,0.259136,-0.081838,-0.056346,0.165539,1.0,-0.122536,-0.001198,-0.243148,0.286285,0.217664,-0.121919,0.153366,-0.0,0.207922,-0.168254,-0.137128,-0.143237,0.262165,0.06859,-0.024244,-0.110691,0.146466,0.163702,0.063413,-0.108844,-0.286309,0.283656,0.182878,-0.098522,-0.15056,-0.383684,0.11072,0.290126,0.311678,0.186253,-0.071902,-0.332132,0.199365,0.287058,0.023185,-0.08042,0.057201,-0.009313,-0.036493,-0.15952,-0.330439,-0.32771,0.073108,0.219172,0.158738,-0.034353,0.027752,0.30828,-0.250228,-0.005445,0.103364,0.326358,0.213005,0.356734,0.315097,-0.022681,-0.088112,-0.237749,0.030223,-0.232522,0.073779,0.249772,-0.06656,-0.33,-0.141157,0.079755,-0.009692,-0.210173,-0.059508,0.008205,-0.021502,-0.015606,-0.036254,-0.110957,-0.115063,-0.011542,-0.02554,-0.147898,-0.042653,-0.00607,-0.014699,-0.10365,-0.123084,0.074093,-0.063878,-0.258939,-0.015675,-0.121629,0.060193,-0.178407,-0.027317,-0.163407,-0.124415,-0.411825,-0.029178,-0.166383,0.141723,0.126111,0.007026,0.05562,0.111963,0.033096,-0.298673,-0.090615,0.279791,-0.237274,0.011322,-0.027709,-0.03932,-0.12632,0.058307,-0.001722,-0.182154,0.016926,-0.030335,-0.084875,0.064588,0.256548,-0.159849,0.145972,0.095355,-0.161261,-0.045271,0.153827,0.301046,-0.084643,-0.133284,-0.174932,-0.099156,-0.200162,-0.039008,0.071265,0.162231,0.096068,-0.230252,0.114415,-0.206897,0.170079,-0.129263,-0.121073,0.193589,-0.002568,0.318437,0.385939,-0.218277,0.111987,-0.018405,-0.125366,0.093527,0.329647,0.092252,0.305315,0.019895,0.045944,-0.247761,0.267348,-0.037164,0.205998,-0.248452,-0.12685,-0.136249,0.033273,-0.12701,0.15218,0.320325,-0.090885,0.077603,-0.108434,-0.259598,-0.036173,0.156552,-0.101516,0.020527,-0.0147,-0.125496,0.091003,-0.011115,-0.140273,0.186562,0.188805,0.265196,-0.040256,0.104885,-0.127134,0.238922,0.067558,#
14,0.068839,0.150101,-0.227845,-0.015296,0.003586,0.15153,0.142943,0.232187,0.070762,-0.41254,0.172499,-0.074714,0.010615,-0.122536,1.0,0.14234,0.038382,-0.211089,0.015263,-0.1289,-0.067051,0.413711,0.047987,-0.043796,-0.048521,0.132086,-0.052325,0.113684,0.255117,0.100422,-0.27228,0.329801,0.018769,0.059316,-0.113659,-0.159467,-0.02181,0.051801,0.346945,0.175563,-0.211019,0.00343,0.034959,-0.162892,-0.167751,0.395241,0.199408,-0.328012,0.127248,0.05415,-0.077716,0.059758,-0.068175,-0.196683,0.060169,0.157203,-0.094607,0.313075,-0.345396,0.111913,0.254848,-0.16865,-0.061457,0.391842,0.257329,0.130179,-0.326793,-0.007713,0.013047,-0.145047,-0.001951,-0.088335,0.172989,-0.111923,-0.190345,-0.166599,-0.098669,0.180027,-0.240338,-0.279975,-0.074372,-0.1931,-0.105706,-0.145787,-0.250557,-0.011601,-0.133397,-0.29153,-0.161694,-0.187457,-0.008743,-0.112855,0.07268,-0.127844,-0.084672,-0.066814,-0.264333,-0.245109,-0.230372,-0.111475,0.038012,-0.00442,-0.224338,-0.320427,-0.062625,0.138686,-0.138483,-0.101963,0.078128,-0.220325,-0.378426,-0.058743,-0.219161,0.103541,-0.394526,-0.024171,-0.211775,0.051263,-0.21693,-0.066191,-0.081138,-0.265465,-0.106695,-0.010961,0.119406,-0.097287,0.157626,-0.106872,-0.259552,-0.316616,0.102836,-0.547993,-0.214174,-0.364203,-0.310094,-0.067152,-0.080564,-0.24513,0.110421,-0.16435,-0.187267,-0.302137,-0.265246,-0.193065,-0.345123,-0.137647,-0.115863,-0.142227,-0.083584,-0.346397,0.050773,-0.105513,-0.035966,-0.102323,-0.20174,-0.191407,-0.01925,0.058593,-0.339117,-0.077903,-0.200017,-0.174245,-0.013972,-0.424091,-0.157009,0.173857,-0.051674,0.061189,-0.198586,-0.225906,0.02578,0.172511,-0.271605,-0.040145,0.263465,-0.100654,0.003787,0.096349,-0.014402,-0.172344,0.056465,0.308436,0.213277,0.187343,0.166358,-0.141385,0.100466,0.085546,0.304239,-0.047985,-0.373247,0.372116,0.04087,0.0701,-0.072648,-0.038456,0.155753,-0.284837,0.02632,0.073961,#
15,-0.0114,-0.063416,-0.225187,-0.093882,-0.040281,0.015902,0.13852,-0.177787,-0.037408,-0.033128,0.142985,0.342604,0.089506,-0.001198,0.14234,1.0,0.029514,-0.464952,0.077888,-0.196763,0.051537,0.032769,-0.109978,-0.111383,-0.260346,0.083929,-0.181684,-0.060801,0.173903,-0.041771,-0.301679,0.003773,-0.100417,-0.102146,0.174877,0.014665,-0.189771,0.105238,-0.257441,0.210386,-0.047662,-0.079666,-0.075121,-0.142815,0.027872,0.183552,0.081474,-0.228747,0.228884,0.041154,0.025004,-0.111883,-0.022907,0.033235,-0.16252,0.057339,-0.038135,0.02646,0.030901,0.088442,-0.017699,0.046754,0.099596,0.303843,0.004312,-0.14743,-0.245412,0.132626,-0.048649,-0.251355,-0.018794,-0.016508,0.006182,-0.173766,-0.119631,0.054443,-0.163759,0.162213,-0.144149,-0.283456,-0.069047,-0.140597,-0.140932,-0.161617,-0.038011,-0.147907,-0.134384,-0.202097,-0.030241,-0.026231,0.155577,-0.06446,0.206538,-0.442769,-0.193763,0.030374,-0.171107,-0.34707,-0.244328,0.041659,0.217189,0.043069,-0.22061,-0.101026,-0.051417,0.082031,-0.414488,0.009507,-0.19478,-0.081877,-0.457108,-0.343523,-0.239469,0.124007,-0.224031,-0.086054,0.01734,-0.028283,-0.471676,0.126276,-0.057988,-0.19824,0.028867,0.280174,0.139327,-0.187376,-0.103097,-0.050448,-0.129557,-0.095441,-0.122171,-0.176478,-0.17263,0.092409,-0.151221,-0.097942,-0.042217,-0.276839,-0.136193,-1.2e-05,-0.080008,-0.193615,-0.11701,-0.048981,-0.369829,0.164217,-0.315466,-0.098481,-0.224486,-0.384154,-0.043424,-0.141038,-0.325101,-0.06109,-0.319064,-0.103405,-0.041824,-0.070469,-0.150706,-0.080971,-0.423638,-0.37628,-0.070543,-0.363991,-0.228833,0.084449,-0.066245,0.210087,0.084845,-0.287889,0.077946,0.052208,-0.140613,-0.022522,0.209361,-0.266474,-0.225091,0.019875,-0.246074,-0.138145,0.111609,0.098772,0.514575,0.244006,0.248135,-0.103042,0.072553,-0.019292,0.585491,-0.019052,-0.331176,0.365811,0.312388,0.012066,0.031178,0.13622,0.389011,-0.06139,-0.187224,0.141759,#
16,0.117313,-0.008407,-0.019205,0.163742,0.178921,-0.071267,-0.029671,0.08158,-0.065104,-0.422462,0.081145,-0.128743,0.033898,-0.243148,0.038382,0.029514,1.0,-0.162141,-0.063214,-0.100241,-0.197351,0.068057,-0.07052,0.080081,-0.148384,-0.141219,-0.193583,-0.02237,-0.005883,-0.074534,-0.067667,0.183615,-0.038026,-0.270544,0.056211,-0.402566,-0.063837,0.05932,0.053898,0.041283,-0.102792,-0.079484,-0.148148,-0.142264,0.161415,0.22511,0.0131,-0.153297,-0.083987,0.020281,0.1896,-0.021979,0.120279,0.000217,0.146284,0.184416,-0.147888,0.002883,-0.251605,0.025128,0.076475,-0.263278,0.080663,0.139407,0.022483,-0.019805,-0.047815,-0.149838,-0.057934,0.09694,-0.137527,0.075116,0.178322,-0.113212,-0.299084,0.142485,-0.147226,-0.042226,-0.010767,-0.058084,-0.019116,-0.085035,0.076622,0.138742,-0.029057,-0.037784,-0.021428,-0.003013,-0.128587,-0.179247,0.172441,-0.134762,0.040682,-0.193604,-0.091338,-0.199558,-0.024341,-0.061048,-0.033527,-0.109537,0.285282,0.007481,-0.185377,0.051896,-0.045598,-0.275313,0.222432,-0.084062,-0.086802,0.133574,-0.21207,-0.059217,-0.012255,-0.087591,-0.116717,0.099578,0.195801,-0.196869,-0.031045,0.26396,-0.095517,0.131289,-0.343123,-0.123369,-0.008608,-0.143873,-0.235696,0.244277,-0.18824,0.022245,-0.155953,-0.211808,0.033398,-0.238153,0.044498,-0.063353,0.099464,-0.343641,-0.398008,-0.045906,-0.087021,0.175303,-0.004294,0.135183,-0.180123,-0.011697,-0.120818,0.147229,-0.060136,-0.058834,0.175778,0.122153,-0.005625,-0.160455,-0.343229,-0.194996,-0.227264,0.024992,-0.063328,-0.186071,-0.109296,0.091607,-0.051986,-0.245986,0.024053,-0.033528,-0.102415,-0.158786,0.002944,0.115415,0.238355,-0.065625,-0.098582,0.12995,-0.195936,-0.140819,-0.087262,-0.122666,-0.232074,-0.089489,0.02333,-0.24305,0.356854,0.113254,0.009175,-0.112584,0.078052,-0.070834,0.13315,-0.13634,-0.088709,0.225561,0.110853,0.234195,0.106119,0.153441,0.098838,0.108541,-0.375373,0.143011,#
17,0.043902,0.060458,0.217519,-0.115717,0.046435,-0.02206,-0.109604,-0.102053,0.224616,0.253551,-0.241421,-0.157686,0.222453,0.286285,-0.211089,-0.464952,-0.162141,1.0,0.032746,0.283803,0.153272,-0.161351,0.408125,0.054332,0.254849,-0.243147,0.212362,0.089753,-0.107252,0.040877,0.279868,0.026211,0.10852,0.135695,-0.275018,0.077254,0.351542,-0.246345,0.136689,-0.293815,0.106231,0.305909,0.155596,0.011258,0.131457,-0.335045,0.308226,0.475593,-0.154184,-0.041426,0.122186,-0.054477,-0.202852,0.028287,-0.302603,-0.155017,-0.048479,0.002371,0.063349,-0.106113,-0.104463,0.034634,-0.144233,-0.366821,-0.163472,0.207501,0.20601,0.140278,0.309576,0.304443,0.048587,-0.102667,-0.250288,0.138639,0.099673,-0.090412,0.139767,-0.289424,0.012013,0.201491,0.019607,0.075073,-0.032928,0.214571,0.085127,0.116924,-0.19115,0.178221,-0.043809,0.040808,-0.115948,-0.007091,-0.347504,0.429436,0.13413,-0.031399,0.138085,0.192085,0.283176,-0.127885,-0.252623,-0.187745,-0.123787,0.112719,0.152621,0.079276,0.089403,0.149331,0.11597,-0.038596,0.525188,0.211879,0.268033,-0.135951,0.22612,-0.143965,-0.182045,-0.146425,0.645805,-0.414284,-0.055592,0.064664,-0.020359,-0.367784,-0.317238,0.209935,-0.043883,0.164628,-0.129138,-0.073719,0.142086,0.284122,0.202422,0.142629,0.112732,-0.044684,-0.096379,0.340388,0.334576,-0.060099,0.075881,-0.015403,-0.019546,-0.147489,0.027138,-0.061766,0.27684,0.360827,-0.207707,0.474237,-0.159205,0.112022,0.170076,0.000898,0.145894,0.222445,0.329756,0.165913,-0.04258,0.241834,0.222873,0.385372,0.117518,0.679643,0.283546,0.106323,0.028291,-0.185695,-0.394284,0.239914,-0.087335,0.195139,0.061742,-0.213407,-0.214911,0.173305,0.330956,0.177682,0.395692,-0.197975,0.137221,-0.174709,-0.769567,-0.253903,-0.03536,0.015318,-0.086361,0.158659,-0.593349,0.193886,0.087948,-0.412822,-0.083588,-0.006583,-0.053241,-0.058299,-0.0992,-0.008006,0.242056,-0.22723,#
18,0.093772,-0.17108,0.023091,-0.149062,-0.097507,-0.07963,0.158918,0.11168,0.278636,-0.205841,0.065973,-0.172537,0.043932,0.217664,0.015263,0.077888,-0.063214,0.032746,1.0,0.04399,-0.038667,0.13993,-0.063606,-0.094724,-0.479992,-0.140793,-0.034428,0.381058,0.088865,-0.381224,0.021237,0.224073,0.096524,-0.172297,0.053384,0.048298,0.172023,0.445035,-0.129915,-0.217217,0.296948,-0.099687,-0.182994,-0.014577,-0.11711,-0.268427,0.241555,-0.112759,-0.064629,0.082393,-0.245418,0.245034,0.026522,0.0273,-0.312694,-0.144081,0.035581,-0.000205,0.047454,-0.188872,-0.080491,-0.035285,0.052513,-0.072713,0.082516,0.067406,0.377282,-0.129611,0.070513,-0.060997,-0.004137,0.003693,-0.121887,0.113742,0.091437,-0.224012,0.288287,-0.311632,0.042155,0.040081,0.007687,0.069702,-0.007095,-0.166086,0.041855,0.138724,0.065498,0.024993,-0.061528,0.221366,0.285094,0.138833,-0.072512,0.091749,0.18647,0.164803,0.07406,0.114026,0.011391,-0.13053,-0.019417,-0.021855,-0.031292,0.107146,-0.010629,0.11342,-0.041772,-0.026476,0.353581,0.02465,0.110119,-0.058662,0.215389,0.216286,0.124963,-0.224009,0.133178,0.349109,0.108961,-0.056517,0.127664,-0.050807,0.210068,0.126406,0.010463,0.061614,0.007045,0.224534,0.209906,0.178655,0.217021,0.322621,0.065933,-0.19743,0.32479,0.018322,-0.053874,0.106724,-0.102268,0.05187,0.130238,-0.021371,-0.144363,-0.001714,0.08832,0.140313,0.158372,0.065823,-0.092245,0.250318,0.280391,0.103217,0.23337,-0.103219,0.161791,0.050698,0.095529,0.054037,0.069695,0.04561,-0.106925,-0.007686,-0.008841,0.068743,0.460191,-0.024253,0.149745,-0.010622,-0.156182,0.372873,-0.388874,0.407504,0.221678,0.081576,-0.07684,0.125137,0.094202,-0.014463,-0.130693,0.112008,0.017774,0.119906,-0.070542,-0.123036,-0.030205,0.118498,0.229885,0.125096,-0.019117,-0.355498,0.127764,-0.167577,-0.03155,-0.052386,-0.012704,0.096938,-0.036245,0.028041,0.104313,-0.123788,#
19,-0.206265,-0.093349,0.006912,0.093944,-0.125848,-0.044821,-0.078621,-0.056144,-0.014341,-0.058168,0.152611,-0.222524,-0.089954,-0.121919,-0.1289,-0.196763,-0.100241,0.283803,0.04399,1.0,0.021713,0.186409,0.061272,0.099191,-0.04624,0.159656,0.17885,0.18481,-0.122294,0.042587,0.355488,-0.097022,0.149658,0.128204,0.231668,-0.170446,-0.031331,0.022172,-0.109836,-0.04837,-0.074748,0.113439,-0.114099,-0.121927,-0.022838,-0.10492,-0.073551,-0.016403,-0.090792,-0.120774,0.096087,0.073816,-0.137774,-0.027908,-0.135946,0.135856,-0.074784,-0.021121,0.021609,-0.372927,0.046684,-0.131246,0.187826,-0.156212,-0.010704,-0.043516,0.325105,-0.006555,0.002963,0.259579,-0.066278,0.009797,-0.072773,0.18618,0.193689,-0.142429,0.142594,-0.024356,0.166823,0.09265,0.092521,0.193039,0.087798,0.081981,0.177454,0.226046,-0.034476,0.181604,0.24057,0.046006,0.101568,0.002651,-0.153176,0.203271,0.177396,0.092416,0.235985,0.045064,0.084529,0.134591,-0.227204,-0.171242,-0.040089,0.247706,0.163117,0.288823,-0.012609,0.33678,0.101045,0.167571,0.398852,-0.200739,0.208412,-0.066384,0.236462,0.229093,0.286593,0.102954,0.261238,0.014103,0.079522,0.254483,0.039061,-0.07587,-0.214237,0.235858,0.189109,0.174081,0.119154,-0.063787,0.160677,0.158504,0.109383,0.018539,0.182981,0.045158,-0.200939,0.25697,-0.082348,0.266345,0.307411,0.006948,0.131809,0.081279,0.183849,0.114871,0.35611,-0.032483,0.25334,0.229586,0.15454,-0.023974,0.279199,0.329357,0.20721,0.349796,-0.012767,-0.267518,0.309643,0.201858,0.046908,0.21761,0.020114,0.398517,0.143981,-0.066941,0.205516,0.16511,-0.008506,0.151187,-0.206575,-0.149861,0.099122,0.183913,-0.112351,0.293859,0.327745,0.024623,0.121004,0.189889,-0.057411,-0.097539,-0.428452,0.035011,-0.113404,0.321058,-0.136296,0.146819,-0.197423,0.066484,0.02508,-0.228121,-0.266987,-0.209119,-0.084032,0.012099,-0.087507,0.154114,-0.001341,-0.002077,#
20,-0.292387,-0.068699,-0.252575,-0.185452,0.085486,0.205637,0.040005,0.061087,-0.17583,0.023348,-0.109175,-0.047504,-0.051298,0.153366,-0.067051,0.051537,-0.197351,0.153272,-0.038667,0.021713,1.0,-0.204794,0.141326,-0.135694,-0.044929,0.053241,0.128041,0.040087,0.000816,0.155502,-0.003912,0.074119,0.187357,0.007455,-0.03083,0.110193,-0.053014,-0.023917,-0.048938,-0.165054,0.151721,-0.018262,0.210137,0.118448,-0.036927,-0.10308,-0.15513,0.113709,0.245547,-0.356587,0.042918,-0.277829,-0.088662,-0.16652,-0.208048,-0.063516,0.21213,-0.229238,0.180903,0.207042,-0.093822,-0.042423,-0.167686,-0.117914,-0.244933,0.172845,-0.07338,0.356848,0.117838,0.020931,0.120063,-0.016756,-0.121393,0.060927,0.209174,0.006467,0.206954,0.160857,-0.152008,-0.043617,-0.088775,-0.004127,-0.022752,0.007688,0.0242,-0.026849,-0.040174,0.178903,0.069922,0.280892,-0.192311,-0.030221,-0.073755,-0.147503,0.0018,0.068989,-0.096105,-0.072588,-0.084901,0.221327,-0.068922,0.038467,-0.052006,-0.087093,-0.006127,-0.060878,-0.13523,-0.162204,0.162396,-0.337633,0.190856,0.062152,-0.092226,-0.161819,0.15216,0.05674,0.03581,0.104947,-0.141769,-0.050621,0.145723,0.039018,0.074441,0.050312,-0.131703,0.123489,0.035153,0.232315,0.057336,-0.104845,-0.124241,0.070869,-0.207282,0.011687,0.002275,0.071949,-0.229593,0.086579,0.14338,0.128168,-0.026602,-0.118408,-0.148809,-0.126713,-0.08428,-0.028418,0.264508,0.183107,-0.001924,0.017133,-0.129647,0.078428,0.038892,-0.12004,-0.112435,-0.058944,0.101004,-0.008535,-0.143863,0.01201,-0.037937,-0.027637,0.031844,0.119201,-0.178549,0.096583,0.009135,-0.01113,-0.131481,0.266359,-0.042386,-0.066381,-0.235862,-0.060178,-0.002933,-0.007071,0.066737,-0.03366,0.026103,-0.12282,0.16646,-0.201181,-0.073262,0.118606,0.155965,-0.29797,0.006219,-0.131674,0.040936,0.021115,-0.015954,0.146384,-0.020918,-0.23944,0.016922,0.151689,0.007127,-0.084219,-0.042851,0.086748,#
