0,1.0,0.232983,0.023022,-0.332963,0.47606,0.01117,0.252635,0.068178,0.428942,0.04361,-0.091329,0.328254,0.35039,0.245476,-0.00688,0.004426,0.096711,0.096013,0.113666,-0.266217,-0.244579,-0.03109,0.342022,-0.113245,-0.181986,-0.270736,-0.146605,-0.115186,0.191999,0.215837,-0.368022,-0.015924,0.009995,-0.167995,-0.206037,0.067638,0.166378,-0.069492,0.006114,0.00315,0.145375,-0.124804,-0.041415,0.141005,-0.103481,-0.214473,0.315623,0.230797,-0.002778,0.161613,0.151973,-0.165055,0.051977,0.015969,-0.035178,-0.013615,-0.19463,0.058114,-0.034664,0.159518,0.22284,-0.012352,-0.123549,-0.020836,0.182261,0.40248,-0.01174,0.152774,0.286637,-0.091397,0.075576,-0.26552,-0.173147,-0.270078,-0.269801,0.323956,-0.231831,-0.215612,-0.306804,-0.062375,-0.185165,-0.355599,-0.232654,0.075375,-0.212699,-0.175678,-0.348613,-0.213972,0.017306,-0.382421,-0.324183,-0.253802,-0.233556,0.074278,-0.240768,-0.303769,-0.263453,-0.280379,-0.100975,-0.2815,0.191526,-0.407466,-0.252944,-0.236565,-0.270851,-0.1311,-0.241094,-0.118767,-0.360102,-0.007939,0.131063,-0.068166,-0.140439,-0.213169,-0.439118,-0.325771,-0.345723,-0.338333,0.019125,-0.459916,-0.302401,-0.409579,-0.322784,-0.363583,-0.228553,-0.164241,-0.427363,-0.037841,-0.143906,-0.401698,-0.232317,-0.120594,-0.14567,0.047777,-0.22254,-0.447759,0.219159,-0.449934,-0.151474,-0.311583,-0.15959,-0.259233,-0.405167,-0.13506,-0.404995,-0.207666,-0.482307,0.395364,-0.350335,-0.289693,-0.350361,-0.413477,-0.253469,-0.194922,-0.419677,-0.293663,0.300804,0.424582,-0.334291,-0.209394,-0.203539,-0.131723,-0.375557,-0.081516,-0.038773,0.044614,-0.060989,-0.077862,-0.267541,-0.265032,0.045065,0.248841,-0.194175,-0.318617,0.298244,-0.209611,-0.125326,0.243464,0.300877,-0.51839,0.146543,0.080204,-0.022882,0.055643,0.47587,-0.077559,0.169694,0.181015,-0.189376,0.529798,-0.169877,0.015704,0.468935,0.340489,-0.057324,0.279749,0.408389,-0.452919,-0.347511,0.189629,#
1,0.232983,1.0,0.182461,0.059094,0.22127,-0.140163,0.102292,0.148727,0.122414,0.210181,-0.336947,0.049212,0.181473,0.267412,0.162647,-0.229744,-0.220514,0.370255,0.205615,-0.076326,0.067383,0.135029,0.190162,0.043766,-0.201535,-0.022911,0.187289,0.029456,0.224106,0.302019,-0.469001,0.194532,0.144225,0.009617,-0.226523,0.011713,0.145723,-0.177786,0.107411,-0.172582,0.081968,0.234066,0.133263,0.088849,-0.310155,-0.381875,0.258147,0.384966,-0.033516,0.218646,0.108888,-0.213138,0.027762,0.081495,0.055123,-0.137694,-0.308098,-0.008769,-0.206592,0.000484,-0.041522,0.286677,-0.305375,0.214488,0.054574,0.138964,0.091196,0.251098,0.154079,0.001232,-0.090273,-0.180142,-0.027878,-0.04762,-0.211257,0.188181,-0.160117,-0.146005,-0.22984,-0.386678,-0.201177,-0.365553,-0.389896,0.149068,-0.313576,-0.095707,-0.199807,0.026953,-0.090085,-0.068981,-0.125531,-0.10348,-0.31937,0.2961,-0.341631,0.055672,0.129551,-0.128909,-0.025836,-0.119846,-0.010187,-0.314259,-0.509947,-0.070193,-0.534947,-0.304827,-0.243946,-0.234564,-0.289226,-0.09981,0.273847,0.223968,-0.077003,-0.290299,-0.02512,-0.068377,-0.273275,-0.336699,0.12984,-0.169698,-0.21902,-0.089437,-0.244317,-0.407858,0.109287,-0.065674,-0.334395,-0.239859,-0.012033,-0.038374,-0.249484,-0.135701,-0.232941,0.133074,-0.122524,-0.117438,0.070081,-0.133975,0.024744,-0.173414,-0.170572,0.211147,-0.223251,-0.23168,-0.159899,-0.351863,-0.156544,0.288139,-0.287127,-0.208483,-0.298721,-0.1493,-0.007291,-0.0089,-0.11638,-0.012716,0.251888,0.286376,-0.172519,-0.004193,-0.01005,-0.032196,-0.060378,0.140536,-0.047899,0.286488,0.019689,-0.078138,-0.254465,0.105129,-0.314311,0.095018,-0.098697,-0.22494,0.292755,0.071798,-0.12901,-0.028168,0.205717,-0.263835,0.079877,0.033829,-0.194748,-0.066638,0.13549,-0.142668,0.052745,-0.162949,-0.263605,0.357594,0.016645,0.239097,0.130282,0.110368,-0.153873,-0.034657,0.22111,-0.375661,-0.144848,-0.043077,#
2,0.023022,0.182461,1.0,0.30939,0.118945,-0.408178,-0.154414,-0.209636,-0.172592,0.205776,-0.095022,0.04131,-0.078082,-0.06784,-0.23875,-0.266825,-0.051441,0.156639,-0.06146,-0.162413,-0.042863,-0.178509,0.18533,0.018272,-0.134884,-0.08266,0.205188,-0.370538,-0.210332,0.196357,-0.111529,0.049422,-0.076766,0.046877,-0.045799,-0.112359,-0.09694,-0.038298,0.030455,-0.185504,0.030329,0.064107,0.027979,-0.042655,0.176882,-0.309127,0.010297,0.217051,-0.225432,0.005507,-0.21591,0.037933,-0.028781,0.244871,-0.01364,-0.302742,-0.276571,0.038991,-0.225132,-0.074949,-0.119058,-0.063968,-0.240824,-0.250805,0.030464,0.026351,-0.263567,-0.079557,-0.151477,0.232137,0.007417,0.083878,0.006882,0.129082,-0.121398,0.21646,-0.214703,-0.128513,-0.093609,0.090351,-0.082858,0.034985,-0.155812,0.435419,0.011137,-0.15584,0.041725,0.046899,-0.176694,-0.130887,-0.12357,-0.339279,0.025651,-0.092572,-0.320179,0.130742,0.168645,0.150615,-0.051306,0.048714,-0.134911,-0.05053,-0.038328,0.083185,-0.297733,-0.118632,0.074901,0.174438,-0.011335,0.376325,0.221162,0.135958,-0.009443,-0.058171,0.194395,-0.037827,-0.12675,-0.274173,0.13588,-0.020474,-0.288348,-0.116373,0.090097,0.005088,-0.128156,0.024471,-0.230735,-0.108374,0.146817,0.126615,0.29213,-0.095649,-0.208516,-0.01309,0.074825,-0.03678,0.286544,0.1564,0.140296,-0.15037,0.124618,0.437419,0.089572,-0.353394,-0.125689,0.180602,0.107048,0.10067,-0.248199,0.180276,-0.383307,0.13337,0.275046,-0.171918,-0.115548,-0.076178,-0.049797,0.13431,0.122919,-0.05082,0.121484,-0.015815,0.358012,-0.014301,-0.064657,-0.11817,-0.282162,-0.349498,0.121426,0.046451,0.084826,-0.042642,-0.007749,0.040433,-0.060441,0.061026,-0.219575,-0.069959,-0.140453,0.020971,0.019406,-0.106678,-0.136442,-0.0356,-0.15544,0.162434,-0.185877,-0.225814,-0.024532,0.112775,0.214147,0.103934,-0.032126,0.132248,-0.043822,-0.220235,0.002052,0.09374,0.190213,-0.243518,#
3,-0.332963,0.059094,0.30939,1.0,-0.049019,-0.16872,-0.33921,-0.213475,-0.347463,0.004726,0.109976,-0.23354,-0.174877,-0.162342,-0.210408,-0.295186,-0.052486,0.100024,0.009847,0.083612,0.117097,-0.215539,-0.087592,-0.077588,0.099754,0.07405,0.050738,-0.059668,-0.1239,-0.13724,0.325269,0.070979,-0.106109,-0.019265,-0.126362,-0.373457,-0.213415,-0.021649,0.103813,0.145673,0.190141,0.010589,0.172172,-0.121311,-0.081915,-0.019499,-0.264293,-0.14544,0.024572,-0.209372,-0.236429,0.296449,0.015187,0.247076,-0.05007,0.049126,0.037275,-0.113086,0.019042,-0.226256,-0.235673,0.159371,-0.04242,-0.215041,-0.22066,-0.311724,0.048587,-0.136336,-0.339746,0.349251,-0.048051,0.340821,0.219018,0.465467,0.122403,-0.103633,0.120061,-0.007684,0.262555,0.244321,-0.031791,0.250389,0.147051,0.154506,0.186451,0.007828,0.175047,0.239821,-0.000127,0.255038,0.10179,0.172342,0.019755,0.009102,0.164861,0.246644,0.269415,0.32472,0.036819,0.21478,-0.112332,-0.013566,0.403772,0.150063,0.005962,0.089237,0.225782,0.223431,0.226222,0.197224,0.104321,-0.018511,-0.008509,0.014573,0.232536,0.090294,0.370283,0.164561,0.127904,0.226138,0.186517,0.032992,0.339349,0.045292,0.131486,0.25899,-0.071472,-0.092639,0.406004,0.285186,0.283951,0.111499,-0.168135,-0.089459,0.198674,0.321009,0.005634,0.29356,0.012318,0.220492,0.141367,0.435998,0.335048,-0.254729,0.16999,0.176965,0.196675,-0.218054,0.10868,0.390728,-0.013825,0.381441,0.197153,0.063129,0.438309,0.163005,-0.183962,-0.327529,0.387815,0.089652,-0.034304,0.1141,0.134228,-0.044721,-0.123523,-0.14918,0.202492,-0.197661,0.066356,0.156148,-0.216411,-0.248918,-0.008333,0.245607,-0.19655,0.160852,0.070763,-0.113015,-0.20847,0.472058,-0.420186,0.015229,-0.157692,-0.243285,-0.099343,-0.204551,-0.07825,-0.248562,0.061998,-0.326841,0.30179,-0.15851,-0.236458,-0.146812,-0.097136,-0.28746,-0.300603,0.196212,-0.135267,-0.15753,#
4,0.47606,0.22127,0.118945,-0.049019,1.0,-0.134231,0.250953,-0.085871,0.195155,0.228824,-0.012771,0.139927,0.233587,0.083397,0.11484,-0.211232,0.199039,-0.014979,-0.07771,-0.220773,-0.166831,0.073804,0.192033,-0.038022,-0.330577,-0.066815,-0.061044,-0.187129,0.072735,0.177935,-0.169602,-0.046024,-0.103823,-0.016637,-0.356763,0.112169,0.164667,-0.215448,0.184919,0.095682,0.048226,-0.156782,-0.095741,0.106521,-0.126623,-0.063799,0.183778,0.24196,-0.015077,0.121938,0.098263,-0.403463,0.020323,0.0037,0.137624,-0.357867,-0.453255,0.266305,-0.287882,-0.133944,0.144398,0.028764,-0.131861,0.030391,0.167547,0.310629,0.087628,0.142784,0.205005,-0.076104,-0.166023,-0.456304,0.226672,-0.414475,-0.167448,0.261087,-0.300173,-0.442224,-0.300169,-0.184766,-0.273825,-0.339714,-0.347526,-0.15341,-0.299506,-0.51193,-0.390983,-0.305111,-0.261792,-0.232747,-0.210743,-0.199395,-0.209848,-0.030042,-0.346381,-0.273577,-0.263059,0.043839,-0.014587,-0.009405,0.134035,-0.277804,-0.169284,-0.17544,-0.387941,-0.454228,-0.340224,-0.148947,-0.113251,0.121595,0.071456,-0.009462,-0.309061,-0.284452,-0.274842,-0.130018,-0.212541,-0.475081,-0.050874,-0.26178,-0.368986,-0.247611,-0.270808,-0.203121,-0.021024,-0.175948,-0.452182,-0.24678,-0.328405,-0.020232,-0.183903,-0.142239,-0.392554,-0.118073,-0.080617,-0.444129,0.269667,-0.345868,-0.112556,-0.3017,-0.208276,0.052805,0.023987,-0.200751,-0.43978,-0.307824,-0.213696,0.382352,-0.46142,-0.163532,-0.280326,-0.216513,-0.209901,-0.241033,-0.244536,-0.242921,0.292518,0.358017,-0.273811,-0.378688,-0.031313,-0.149898,-0.213724,-0.123761,-0.143896,0.268936,-0.156733,-0.04209,-0.104332,-0.105529,0.058697,0.011647,-0.245784,-0.366912,0.142523,-0.242212,-0.289334,-0.0001,0.179673,-0.243328,0.110341,-0.003205,0.22503,0.277336,0.256243,0.041103,0.237962,-0.147832,-0.037069,0.315105,-0.093229,0.273455,0.274238,0.355885,0.204242,0.017757,0.225629,-0.407644,-0.405522,0.278272,#
5,0.01117,-0.140163,-0.408178,-0.16872,-0.134231,1.0,0.163652,0.269115,0.063439,-0.092113,0.116462,-0.067756,-0.283789,0.329248,0.202404,0.208769,0.054279,-0.195863,-0.018765,0.022786,0.069047,0.155756,-0.089127,-0.242853,0.162509,-0.114977,-0.006643,0.34612,-0.012442,-0.106791,0.161707,0.251164,0.027499,-0.168987,-0.184572,-0.114409,-0.116613,0.153748,0.139066,-0.064866,-0.120769,-0.041058,0.118682,0.238751,-0.030941,0.128429,-0.068558,-0.081165,0.116616,0.142936,0.164393,0.103204,0.216838,-0.224007,-0.043938,0.268206,0.27465,0.146844,0.062666,0.306421,0.211311,0.031808,-0.012837,0.327353,-0.035952,0.06271,-0.188245,0.25078,0.027322,-0.057039,0.055772,-0.176187,0.125917,-0.044704,-0.060046,-0.00881,0.313882,0.170561,-0.161863,0.075564,0.022555,0.043584,0.149042,-0.111171,0.096522,0.218892,-0.030966,-0.221752,0.128736,-0.153526,0.059592,0.131405,-0.032679,-0.099613,0.218576,0.004111,-0.143062,-0.14479,0.081804,-0.178703,-0.11408,0.000564,0.063247,-0.186806,0.278069,-0.016146,0.054016,-0.235374,-0.057056,-0.455981,-0.124731,0.130232,-0.070648,-0.151514,-0.179552,-0.087836,0.117923,-0.040758,-0.120911,-0.063543,0.068142,0.149296,0.071553,-0.046507,-0.202916,0.160735,0.053903,0.207883,-0.035401,-0.191064,-0.086541,-0.087999,0.037097,0.062365,-0.02347,-0.083195,-0.079646,-0.161632,-0.173211,0.039126,-0.054464,-0.192546,-0.368352,-0.109303,0.005238,0.058068,-0.097887,0.012111,0.344212,-0.170752,0.049359,0.065539,-0.056289,0.365246,-0.118826,0.024246,0.072856,-0.074787,-0.161464,0.13087,-0.142344,-0.100847,0.023161,0.070447,0.050565,0.035978,0.355184,0.238084,-0.038692,-0.022702,0.101426,0.006316,0.116232,0.200754,0.124988,0.000272,0.152782,0.047575,0.083253,-0.077136,0.11062,0.095262,0.022989,0.072089,-0.021453,-0.255948,0.120154,0.098065,0.060553,0.090614,0.011196,-0.172018,0.126218,-0.259223,0.146979,0.171958,-0.019423,-0.00866,0.002867,0.207432,#
6,0.252635,0.102292,-0.154414,-0.33921,0.250953,0.163652,1.0,0.130892,0.540137,-0.126029,0.174541,0.174408,0.200645,-0.033203,0.284373,0.101548,-0.165108,-0.181443,0.064573,0.053215,0.088429,0.274698,0.117602,-0.242165,-0.14858,-0.08349,-0.106359,-0.207509,0.165239,0.197141,-0.432487,-0.063185,0.033168,-0.145418,-0.053949,0.080621,0.170958,-0.086325,0.009416,0.188453,0.082157,0.016865,-0.335559,0.013932,-0.100334,0.109653,0.12243,0.317271,0.251392,0.232083,0.283766,-0.133527,0.018554,-0.071433,0.096403,0.175904,0.066044,0.098649,0.058513,0.285842,0.110222,0.165702,-0.135108,0.218438,0.193316,0.108906,0.003355,0.029589,0.258627,-0.270013,0.168013,-0.307551,0.114673,-0.260811,-0.424222,0.224557,-0.093253,-0.094871,-0.321107,-0.217102,-0.206432,-0.26377,-0.141268,-0.345098,-0.39174,-0.045165,-0.181472,0.052182,-0.290395,-0.16646,-0.217647,-0.220656,-0.157833,0.02554,-0.385589,-0.085733,-0.059014,-0.38539,-0.038852,-0.170103,0.031476,-0.15347,-0.19499,-0.125817,-0.088673,-0.170063,-0.065407,-0.287004,-0.293537,-0.158162,0.073154,0.031289,-0.158924,-0.407615,-0.034638,-0.168199,-0.247074,-0.170604,-0.016632,-0.430658,-0.156538,-0.262827,-0.124146,-0.412727,-0.087984,-0.061767,-0.248067,0.102766,-0.254203,-0.245739,-0.283664,-0.296998,-0.202079,-0.030853,-0.151314,-0.152788,-0.028758,-0.209902,-0.048808,-0.222816,-0.262531,-0.180202,-0.290523,-0.066661,-0.189895,-0.115372,-0.427225,0.579269,0.014189,-0.528353,-0.093662,-0.298722,-0.340448,-0.124385,-0.33956,-0.118468,0.2375,0.294066,-0.033235,-0.346533,0.168174,-0.048106,-0.082863,-0.053851,0.098672,0.398483,0.048404,0.184802,-0.084766,-0.15707,-0.02748,0.061293,0.045395,-0.216454,0.281942,-0.35087,-0.088215,0.296606,0.353829,-0.292831,0.243493,0.478889,0.099195,-0.005805,0.380608,0.005296,0.018209,0.075814,-0.20557,0.360511,0.057102,0.168112,0.335707,0.036506,-0.095224,0.129832,0.459195,-0.14076,-0.137701,0.133525,#
7,0.068178,0.148727,-0.209636,-0.213475,-0.085871,0.269115,0.130892,1.0,0.065906,-0.224585,-0.281443,-0.076725,-0.038827,0.220189,0.172295,-0.177775,-0.002844,0.033069,-0.037829,0.064318,0.088995,0.417633,-0.112642,0.030274,-0.079172,0.173899,0.30765,0.207071,-0.275036,-0.073602,-0.088434,0.355859,0.193799,0.029963,-0.096475,0.010029,0.034519,-0.338188,0.155165,-0.030934,-0.102528,0.085818,0.143795,-0.01267,-0.181633,0.026364,0.054487,0.092314,-0.105916,-0.008136,0.109302,-0.027642,0.142422,-0.190671,-0.076425,0.081176,0.248332,-0.073008,0.183723,0.266641,0.022945,0.220977,-0.21927,0.293384,0.142942,0.256169,-0.093025,0.14959,0.109642,-0.320341,0.058039,0.060282,-0.139492,0.089336,-0.112366,-0.115177,0.09446,0.027181,-0.210809,0.128029,0.152344,-0.002204,0.115604,-0.175142,0.074808,0.268229,0.088159,0.152091,0.154554,-0.051963,-0.06237,-0.011916,0.076568,0.09256,0.077511,0.033605,-0.110566,0.049492,-0.060387,-0.235358,0.001726,-0.138355,-0.064819,-0.010506,-0.117816,-0.0558,-0.077143,-0.228339,-0.110156,-0.293466,0.022638,0.067215,-0.115962,0.020476,0.036315,0.125885,-0.031039,0.081487,-0.120638,-0.056344,-0.062492,0.035309,0.041744,-0.158859,-0.016903,0.132382,0.050181,-0.303761,0.052435,0.007468,-0.200958,-0.090753,0.183391,-0.059434,0.210491,0.026389,0.128084,-0.046985,-0.038343,-0.091972,-0.118446,-0.252413,-0.155126,0.046283,0.062643,-0.147169,-0.088643,0.102984,0.125702,0.027851,-0.003654,0.019137,0.068109,0.125899,0.183484,0.07471,0.090633,-0.09469,-0.188918,0.226125,0.120533,-0.095574,-0.064155,0.077807,0.279437,0.087036,0.068879,0.004237,-0.189447,0.173786,-0.100506,-0.03124,-0.047277,0.005223,-0.000636,-0.009583,-0.001066,-0.076841,0.061825,-0.274764,-0.083953,0.01277,0.037823,-0.127249,-0.088788,-0.057797,-0.023278,0.082665,0.027998,0.0579,0.156679,0.033081,0.067716,-0.229913,0.049237,0.214996,-0.128839,-0.133509,-0.119306,0.031545,#
8,0.428942,0.122414,-0.172592,-0.347463,0.195155,0.063439,0.540137,0.065906,1.0,0.027894,0.039918,0.207532,0.334447,0.060851,0.336046,-0.001176,-0.324601,0.086451,0.190789,-0.01748,-0.025673,0.163476,0.321139,-0.017785,0.1041,-0.30352,0.064705,-0.082177,0.40021,0.183108,-0.316003,-0.034415,0.190524,0.009367,-0.262154,0.078891,0.24236,-0.173416,-0.035522,0.042904,0.171898,-0.151871,-0.190723,-0.017194,-0.001709,-0.094323,0.375021,0.358037,0.219844,0.171729,0.066697,-0.210505,-0.101507,0.061203,0.072364,-0.002576,0.051807,-0.102549,0.223705,0.116113,0.129254,0.064328,-0.186883,0.172099,0.093283,0.288494,0.118056,0.043939,0.334837,-0.037838,0.161006,-0.331363,0.014026,-0.207836,-0.21337,0.042228,-0.184505,-0.130061,-0.246749,-0.328938,0.018756,-0.371798,-0.143109,-0.218437,-0.171974,-0.003445,-0.134974,-0.111428,-0.18069,-0.19392,-0.079101,-0.154219,-0.325232,0.323983,-0.263659,0.060084,-0.070537,-0.321005,0.043892,-0.18363,0.018428,-0.230097,-0.18534,-0.171029,-0.004123,-0.069584,-0.272405,-0.11272,-0.232783,-0.084081,0.157219,0.07038,-0.089256,-0.166033,-0.118932,-0.34301,-0.279679,-0.120574,0.083947,-0.386777,-0.237082,-0.323221,0.0101,-0.544862,-0.068154,-0.016945,-0.123862,0.121217,-0.137095,-0.355761,-0.112132,-0.236474,0.023684,0.080143,-0.08089,-0.09142,-0.174616,-0.228675,0.149633,-0.135652,-0.085457,-0.255282,-0.459201,-0.100946,-0.317905,-0.130557,-0.287997,0.328908,-0.093086,-0.383976,-0.043127,-0.319566,-0.18509,-0.145828,-0.118353,-0.193304,0.323784,0.497887,-0.050308,-0.220658,0.050525,-0.090003,-0.180777,0.040516,-0.022509,0.266781,-0.051689,0.032554,-0.251458,-0.095859,-0.16558,0.348695,-0.059911,-0.331946,0.281981,-0.299009,-0.183447,0.283699,0.23155,-0.460084,0.255229,0.312574,0.006919,-0.069222,0.215884,-0.000458,0.046229,0.175202,-0.345312,0.277,0.034845,0.019471,0.302784,0.025808,-0.18912,0.047404,0.374259,-0.284111,-0.018133,0.056882,#
9,0.04361,0.210181,0.205776,0.004726,0.228824,-0.092113,-0.126029,-0.224585,0.027894,1.0,-0.029012,-0.088297,0.190237,0.024255,-0.169782,-0.047286,-0.335205,0.343019,0.017992,0.056963,0.049675,-0.007979,0.233176,0.104766,0.023122,0.077916,0.061524,-0.034653,0.006619,0.25966,0.059,-0.028777,0.031757,0.259604,-0.167232,0.064397,0.080765,-0.146411,-0.127879,-0.196043,-0.006084,0.171708,0.161341,0.212755,0.31122,-0.331818,0.046595,0.409533,0.012276,0.2019,-0.089356,-0.084064,0.000648,-0.031056,-0.086535,-0.340324,-0.145378,0.047437,-0.073683,-0.195743,0.1586,-0.092427,-0.067638,-0.1963,-0.034155,0.056535,-0.071274,0.20657,-0.055753,0.058271,0.043782,-0.228037,0.027026,-0.09337,0.214567,0.197225,-0.24285,-0.463204,0.047413,-0.040499,0.045068,-0.097658,-0.138466,-0.086689,0.041848,-0.08915,-0.174999,-0.104615,-0.114075,0.021387,0.0141,0.065508,-0.316029,0.154018,-0.175629,0.14076,0.142794,0.036801,0.27657,-0.099057,-0.214755,-0.171653,-0.059708,0.005388,-0.274462,-0.161028,-0.088869,-0.116382,-0.039213,-0.019551,0.424544,0.114967,0.032131,-0.306571,-0.151516,-0.081784,-0.040124,-0.159566,0.361917,-0.276984,0.013187,0.101003,0.190627,0.023572,-0.151186,0.045695,-0.195776,-0.140961,-0.166778,0.200966,0.054421,0.005615,0.068014,0.403636,-0.073604,0.122112,0.068738,-0.046352,0.220525,-0.213129,0.075957,0.143009,0.007505,0.036744,-0.040457,0.09047,0.16538,0.110449,-0.326237,0.196273,-0.435848,-0.077521,0.231165,0.130659,-0.099445,0.228286,0.161411,0.259567,-0.045722,0.052165,-0.154426,0.0121,-0.132914,0.281375,-0.107244,0.227961,-0.306273,-0.104853,0.069704,0.082238,0.028228,0.023462,0.040585,-0.191615,0.184949,0.138064,0.011568,-0.097467,-0.051728,-0.002813,-0.03164,-0.126086,-0.386779,0.274151,-0.258662,-0.000546,0.064188,-0.191457,-0.30357,0.184656,-0.017814,-0.082988,-0.184206,0.023117,0.117562,-0.310434,0.004874,0.016074,0.206228,-0.079832,#
10,-0.091329,-0.336947,-0.095022,0.109976,-0.012771,0.116462,0.174541,-0.281443,0.039918,-0.029012,1.0,0.026026,-0.252312,-0.172258,0.234862,0.320325,0.02411,-0.465656,-0.038035,-0.020442,-0.142501,0.028396,-0.049295,0.048808,-0.004147,0.196488,-0.112952,0.092365,0.103907,-0.251632,0.065523,-0.042241,-0.148943,-0.006643,0.182839,-0.109629,-0.203534,0.169896,-0.050255,0.253584,-0.182203,-0.197483,-0.223535,0.104212,0.346929,0.160002,-0.199819,-0.269858,0.260365,-0.073956,-0.019107,0.206788,0.00089,0.118209,0.166755,0.292835,0.0295,0.026582,0.042544,0.089711,0.139208,-0.161536,0.140163,-0.074391,-0.013317,-0.182438,-0.094856,-0.324401,-0.355123,-0.074193,-0.021076,0.010046,0.326913,0.075151,-0.11177,0.103151,-0.104453,0.065732,0.03412,-0.047089,-0.294115,0.16119,0.189379,-0.177587,-0.112275,-0.046123,0.162614,-0.020518,-0.26095,-0.119627,0.13405,-0.226081,0.212892,-0.365571,0.087232,0.09227,-0.129052,-0.078568,-0.322287,0.051031,0.019631,0.180731,0.101957,-0.092224,0.154515,0.082312,-0.076896,-0.022081,0.087392,0.162899,-0.308296,-0.083711,-0.130824,0.02059,-0.246449,-0.137062,0.115238,0.076975,-0.202375,0.109139,0.287282,-0.075815,0.267954,0.207418,0.151239,-0.089232,0.081075,0.297814,-0.101923,-0.140549,0.191987,-0.125691,-0.234709,-0.273407,-0.009605,0.262325,-0.100308,-0.180019,-0.029328,0.027869,-0.100331,0.034577,-0.056186,-0.052379,-0.068152,0.075928,-0.085805,-0.24337,0.247787,-0.020352,0.208588,0.150353,-0.309269,-0.115528,-0.105056,-0.117472,-0.252245,-0.03366,0.185419,-0.024349,-0.162299,-0.161739,0.113393,-0.424299,-0.254039,-0.023721,0.073523,0.194157,0.263086,-0.312514,0.110189,-0.167671,-0.171428,0.121339,0.100398,-0.24302,-0.175905,0.084084,-0.151292,0.065318,0.047988,0.345373,0.166247,0.38337,-0.066842,-0.042953,-0.016178,-0.1398,0.360492,-0.148432,-0.225271,0.247463,0.05977,-0.088413,0.002622,-0.047453,0.137836,0.079894,-0.145181,0.019874,#
11,0.328254,0.049212,0.04131,-0.23354,0.139927,-0.067756,0.174408,-0.076725,0.207532,-0.088297,0.026026,1.0,-0.082752,-0.320915,0.066808,0.289184,0.215028,-0.172412,-0.261228,-0.301992,-0.200769,-0.021266,0.023141,-0.024414,-0.098258,-0.013008,-0.069989,-0.190391,0.222172,0.179291,-0.32851,0.034994,-0.150701,-0.057086,0.125282,0.02138,-0.272313,-0.006183,-0.089666,0.062969,-0.035974,-0.149526,-0.283023,-0.223957,-0.059698,-0.030232,-0.105183,-0.087217,-0.118606,0.081053,-0.182488,-0.169699,-0.050524,0.076727,0.117173,-0.062591,-0.315989,-0.050937,-0.121507,0.256138,-0.131849,-0.136479,-0.060278,-0.020433,0.208422,-0.231739,-0.184885,-0.063635,0.002237,-0.050241,0.022893,-0.216845,0.071334,-0.253504,-0.447731,0.059575,-0.227962,-0.028972,-0.305055,-0.148418,-0.159753,-0.259256,-0.217803,0.047197,-0.223246,-0.044153,-0.174265,-0.351864,-0.065816,-0.291889,0.081478,-0.245616,-0.073071,-0.312991,-0.326349,-0.095979,-0.162887,-0.35279,-0.337323,-0.019887,0.135082,-0.256247,-0.157452,-0.232339,-0.188802,-0.168811,0.044864,0.062929,-0.272453,0.111294,-0.314868,0.034527,-0.388038,-0.017376,-0.163668,-0.353037,-0.163432,-0.08288,-0.451477,0.012216,-0.228426,-0.327481,-0.304035,0.031287,-0.153031,-0.276751,-0.053599,-0.237552,-0.183802,-0.130247,-0.227038,-0.202622,-0.125025,-0.136654,-0.274152,-0.082406,0.06503,-0.446333,-0.021183,-0.221813,-0.045736,0.051632,-0.176227,-0.255186,-0.391646,-0.148051,-0.1368,0.086487,-0.339941,-0.196776,-0.153722,-0.400293,-0.170038,-0.176163,-0.343034,-0.410041,-0.038351,0.079511,-0.061094,-0.073155,-0.046024,-0.107074,-0.09747,-0.314406,-0.240099,0.042522,-0.009779,0.079521,0.146791,-0.381924,0.346297,0.059815,-0.154493,-0.04524,0.268041,-0.402881,-0.380748,0.146927,-0.055743,-0.191495,0.412488,-0.045604,0.363855,0.254617,0.380172,-0.07788,0.076012,0.079752,0.101328,0.231615,-0.054371,0.307318,0.193092,0.138209,-0.151048,0.344429,0.22597,-0.184686,-0.095785,0.060687,#
12,0.35039,0.181473,-0.078082,-0.174877,0.233587,-0.283789,0.200645,-0.038827,0.334447,0.190237,-0.252312,-0.082752,1.0,0.179296,0.11899,-0.16464,-0.171825,0.262695,0.170192,0.139932,-0.045457,0.099692,0.363351,-0.079158,-0.227691,-0.229925,0.012163,-0.175499,0.31563,0.110407,-0.319026,-0.116558,0.049509,-0.055202,-0.033154,-0.001176,0.338692,-0.153594,0.015515,-0.159062,0.23349,0.255527,-0.018998,-0.114368,-0.017449,-0.10387,0.502793,0.365801,0.018388,0.117477,0.076423,-0.180994,0.071733,0.069198,-0.010978,0.021207,0.02455,0.020515,0.08024,-0.080127,0.117507,0.183806,-0.14751,0.009437,0.133762,0.332256,0.226516,0.1411,0.264955,-0.059515,0.257552,-0.153326,-0.143085,-0.186456,-0.113453,0.220366,-0.092632,-0.339508,-0.092557,-0.225683,0.034982,-0.278008,-0.303608,-0.169664,0.015353,0.022222,-0.265722,0.047903,-0.042694,0.063228,-0.208284,-0.065545,-0.317164,0.25675,-0.15655,-0.079704,0.177868,-0.152161,0.203317,-0.40983,0.279836,-0.252949,-0.297727,-0.221309,-0.26505,0.003129,-0.174516,-0.023756,-0.373004,-0.019956,0.40502,-0.169525,0.076052,-0.245486,-0.105806,-0.179121,-0.498286,-0.009293,0.303047,-0.458073,-0.094319,-0.359763,-0.053809,-0.340586,0.024683,0.092348,-0.515167,0.01064,-0.14069,-0.078948,-0.02751,-0.137694,0.052973,0.210681,-0.15763,-0.168586,-0.041985,0.035491,0.062575,-0.225989,-0.256071,-0.20006,-0.139062,0.146403,-0.198127,-0.133082,-0.34078,0.436041,-0.255826,-0.131482,-0.20532,-0.415237,0.072816,-0.04195,-0.018439,0.132851,0.358488,0.357422,-0.203603,-0.264694,-0.134919,-0.133054,-0.330178,0.160854,0.187913,0.068969,-0.125584,-0.122062,-0.260884,0.012702,0.013282,0.191899,0.133201,-0.217159,0.248002,0.13444,0.076537,0.273865,0.209959,-0.456209,0.050607,0.072054,-0.161464,-0.254138,0.176068,0.047024,0.317839,0.096591,-0.465713,0.340407,0.055655,-0.00864,0.154122,0.15124,-0.123567,-0.020477,0.271766,-0.259788,-0.073069,0.054934,#
13,0.245476,0.267412,-0.06784,-0.162342,0.083397,0.329248,-0.033203,0.220189,0.060851,0.024255,-0.172258,-0.320915,0.179296,1.0,0.130778,-0.089207,-0.075276,0.251923,0.30297,-0.035875,0.036008,0.057465,0.358246,-0.160745,-0.234315,-0.332136,0.179687,0.345511,0.245913,0.114214,-0.065473,0.167898,0.183508,-0.264798,-0.079066,-0.015532,0.052999,0.011569,0.04275,-0.303708,0.057938,0.203522,0.228777,0.400064,-0.135218,-0.376866,0.317486,0.285532,0.054575,0.039971,0.125532,0.10256,0.053237,-0.16496,-0.204656,-0.171962,0.127558,0.036659,0.014899,-0.029217,0.211718,0.192265,-0.159006,0.225245,0.118373,0.529988,0.130609,0.400603,0.232934,0.08118,-0.059353,-0.177474,0.004553,-0.188628,-0.096242,0.301568,-0.000268,-0.165805,-0.16183,-0.04632,-0.199371,-0.263452,-0.136922,0.078336,0.027934,0.022277,-0.018062,-0.032633,0.053395,-0.170365,-0.122392,-0.127003,-0.243314,0.191884,0.029354,-0.166972,0.009571,-0.135994,0.062521,-0.355265,0.009907,-0.072175,-0.186959,-0.130221,-0.163497,-0.073627,-0.153708,-0.361329,-0.129009,-0.100581,0.284483,0.167109,0.009533,-0.071746,-0.112583,-0.000255,-0.320805,-0.170899,0.201719,-0.207066,-0.092858,-0.102474,-0.127541,-0.153428,0.050712,0.11399,-0.321403,-0.004684,-0.092738,-0.162636,-0.185087,0.053373,-0.18947,0.221559,-0.164665,-0.258674,-0.015931,-0.195486,0.084104,-0.039831,-0.245795,-0.194527,-0.215549,-0.258346,-0.104412,0.123145,-0.163455,0.196217,0.03011,-0.041762,-0.189365,-0.133242,-0.082907,-0.030138,-0.096679,0.134092,0.326758,0.34006,-0.286706,0.019723,-0.124926,-0.211765,0.002659,0.261144,0.029369,0.075748,0.072285,-0.022918,-0.252541,0.184143,-0.056851,0.194771,-0.109706,-0.204343,0.25922,0.149727,0.00142,-0.030538,0.353754,-0.341452,0.050584,-0.111276,-0.23585,-0.036552,0.135543,-0.019576,0.138864,-0.105469,-0.131246,0.271247,-0.029752,-0.080871,0.242679,0.16452,0.077139,0.077115,0.276668,-0.234277,-0.05223,0.033514,#
14,-0.00688,0.162647,-0.23875,-0.210408,0.11484,0.202404,0.284373,0.172295,0.336046,-0.169782,0.234862,0.066808,0.11899,0.130778,1.0,-0.095701,-0.081663,-0.141145,-0.121913,0.020447,-0.027575,0.303536,0.162469,0.148742,-0.007486,0.117827,-0.03638,0.199609,0.205717,-0.095449,-0.246385,0.229139,0.200997,-0.027249,-0.257215,-0.060261,-0.063434,-0.040601,0.453653,0.172125,-0.173206,0.248776,-0.251552,0.015252,-0.154175,0.262762,0.187222,-0.068012,0.15276,0.177228,0.095564,0.005497,-0.147023,-0.13701,0.054937,0.202163,-0.121088,0.168156,-0.240595,0.336919,0.18364,0.339378,-0.252222,0.439395,0.266829,0.201016,-0.046324,0.026037,0.103824,-0.101314,0.12372,-0.084593,0.277655,-0.111409,-0.416375,-0.125741,-0.01989,0.064087,-0.143227,-0.361544,-0.134587,-0.175246,-0.139236,-0.260096,-0.371347,0.01883,-0.102293,-0.115689,-0.388153,-0.250612,-0.174655,-0.129768,-0.01343,0.111916,-0.059158,-0.026253,-0.070594,-0.064927,-0.086499,-0.190834,0.132656,-0.014863,-0.328816,-0.142951,-0.076234,-0.026035,-0.29827,-0.084161,-0.128495,-0.170036,-0.094858,-0.112886,-0.218134,-0.017067,-0.257253,-0.198805,-0.260766,-0.162065,-0.223863,-0.118765,-0.110704,-0.254572,-0.127902,-0.260326,0.220346,-0.13568,-0.026295,-0.024179,-0.350887,-0.192489,0.00341,-0.338287,-0.25354,-0.126654,-0.119497,-0.036608,0.008325,-0.213965,0.15648,-0.015062,-0.109963,-0.252158,-0.342318,-0.148036,-0.260368,-0.289509,-0.198544,0.02636,0.038721,-0.302335,0.046871,0.078683,-0.108056,-0.071435,-0.176209,0.015026,0.25265,0.261715,-0.270307,-0.034233,0.012895,-0.081061,-0.007049,-0.196164,-0.121069,0.234522,0.005722,0.159267,-0.12442,-0.190991,0.04249,0.071155,-0.081664,-0.107106,0.265922,-0.197964,-0.113837,0.028932,0.135902,-0.254038,0.115496,0.387661,0.226373,0.093551,0.0397,0.03936,0.036674,0.068036,0.023979,0.092185,-0.168958,0.378713,0.003681,-0.161579,-0.174594,-0.12655,0.127853,-0.285691,0.005672,0.066396,#
15,0.004426,-0.229744,-0.266825,-0.295186,-0.211232,0.208769,0.101548,-0.177775,-0.001176,-0.047286,0.320325,0.289184,-0.16464,-0.089207,-0.095701,1.0,0.173789,-0.284656,0.247992,0.012624,-0.043735,0.131474,-0.172149,-0.044139,-0.092048,-0.032325,-0.187513,0.119857,0.013122,-0.143225,-0.162963,0.085992,-0.149141,0.017864,0.399332,-0.01646,-0.13467,0.288959,-0.319672,0.060204,0.067387,-0.226513,-0.03973,-0.0618,0.254456,0.183383,-0.18096,-0.239022,0.123431,0.033736,0.134137,0.07725,-0.089518,0.015793,-0.136473,0.147908,0.119427,-0.020641,0.078909,0.113641,0.144485,-0.283552,0.177983,0.22114,0.169798,-0.141658,-0.16428,-0.118956,0.078082,-0.034238,0.012918,-0.036482,0.050647,-0.159969,0.056104,-0.016928,-0.162159,-0.012046,0.045793,-0.060014,-0.127399,-0.072243,0.036575,-0.172484,0.049211,0.046113,-0.094787,-0.332245,0.008998,0.047816,0.329422,-0.150755,0.217778,-0.445789,0.012298,-0.069927,-0.126748,-0.411004,-0.415432,-0.007714,0.160719,0.100498,-0.169911,-0.032012,0.147982,0.111436,-0.092561,-0.123131,-0.010692,-0.045553,-0.391367,-0.083994,0.054727,0.108769,-0.237634,-0.125761,0.023293,0.164018,-0.233216,0.17953,0.129538,0.094442,0.018188,0.197737,-0.034886,-0.16755,0.17391,0.201253,-0.090629,-0.14255,-0.061085,0.055598,0.044655,-0.120183,-0.099518,0.017048,-0.258281,-0.324516,-0.209554,-0.155394,-0.014058,-0.075579,-0.161805,0.090521,-0.222508,0.178119,-0.17445,-0.058294,-0.182183,-0.190437,0.110811,0.052625,-0.223074,-0.00181,-0.264569,-0.188697,-0.335044,-0.015666,-0.076965,-0.018134,-0.351043,-0.161093,0.021212,-0.24535,-0.149866,0.136335,-0.009651,0.186118,-0.003544,-0.042756,0.091507,0.315921,-0.151466,0.132517,0.035938,-0.327723,0.0167,0.168892,-0.316599,0.01134,0.287454,0.114903,0.249558,0.371892,0.073592,-0.100486,0.131934,0.094711,0.312862,-0.06116,-0.327444,0.085716,0.14203,0.1405,-0.029081,0.27626,0.306008,0.150117,-0.08707,-0.074517,#
16,0.096711,-0.220514,-0.051441,-0.052486,0.199039,0.054279,-0.165108,-0.002844,-0.324601,-0.335205,0.02411,0.215028,-0.171825,-0.075276,-0.081663,0.173789,1.0,-0.391767,-0.309412,-0.360024,-0.333568,-0.083939,-0.227541,0.115521,-0.140963,-0.167546,-0.289346,-0.03951,-0.139615,-0.248613,0.04767,0.036194,-0.026127,-0.192106,0.062227,-0.035494,-0.248761,0.116463,-0.102965,0.119268,-0.200079,-0.213772,-0.021656,0.049063,0.044565,0.263788,-0.151061,-0.361898,-0.114272,0.094789,0.146967,-0.043161,-0.046595,0.021084,0.186746,0.042661,-0.132791,0.249289,-0.088123,0.113867,0.004742,-0.189022,0.05006,0.115068,0.113702,-0.086195,0.091233,-0.100482,-0.063322,-0.169476,-0.25852,0.123725,0.136126,-0.179992,-0.176362,0.197451,-0.030693,0.07635,-0.046327,0.090584,-0.176187,0.076832,0.101927,0.134667,-0.037773,-0.233272,-0.075985,-0.268955,-0.009285,-0.266424,0.018967,-0.151819,0.283423,-0.483273,0.032481,-0.288281,-0.152337,0.013016,-0.282098,0.030929,0.330576,-0.040823,0.065932,-0.096077,-0.0214,-0.213836,0.186731,-0.146751,-0.065276,0.194724,-0.457685,-0.129456,-0.122251,0.110336,-0.255532,0.108299,0.123972,-0.175202,-0.392521,0.452868,-0.142481,0.154883,-0.378084,0.209628,0.121665,-0.29055,-0.147107,0.045867,-0.173544,0.009181,-0.170171,0.156844,-0.092284,-0.264626,0.037919,-0.220084,0.175922,-0.334088,-0.539306,-0.08727,-0.092177,0.076141,0.056985,0.152515,-0.172436,-0.197735,-0.151885,-0.138968,-0.113988,-0.002842,0.184035,0.196949,-0.293371,-0.111349,-0.250881,-0.374274,-0.311714,-0.165302,-0.162791,-0.186764,-0.064756,-0.132392,-0.049798,-0.373549,-0.042731,-0.028735,0.0581,0.021355,0.109077,-0.075722,0.411828,0.013314,-0.191558,0.100821,-0.266232,-0.153728,-0.148121,-0.15658,-0.202352,0.171708,0.027743,-0.159484,0.681073,0.178308,0.14194,-0.13305,0.073761,0.09648,0.416158,-0.197167,-0.172316,0.197723,0.214135,0.270133,0.069947,0.224544,0.024705,0.048939,-0.369499,0.252355,#
17,0.096013,0.370255,0.156639,0.100024,-0.014979,-0.195863,-0.181443,0.033069,0.086451,0.343019,-0.465656,-0.172412,0.262695,0.251923,-0.141145,-0.284656,-0.391767,1.0,0.108074,0.251903,0.231845,0.036441,0.413261,0.084984,0.138702,-0.133618,0.255029,0.022744,0.063935,0.193031,0.063225,-0.077457,0.192215,0.315984,-0.249357,-0.057327,0.311626,-0.222954,0.176887,-0.236125,0.027292,0.296059,0.466959,-0.064979,-0.053807,-0.348546,0.340117,0.398591,-0.036518,-0.109921,0.167967,0.024493,-0.297445,-0.012939,-0.107739,-0.193235,0.003173,-0.102973,0.08836,-0.187502,-0.0224,0.211773,-0.169651,-0.132521,-0.141191,0.248789,0.201524,0.349422,0.302502,0.27124,0.03721,-0.064079,-0.315127,0.12694,0.234218,-0.00198,-0.031381,-0.162314,0.030995,-0.060936,0.103803,-0.044897,-0.145604,0.165606,0.168616,0.063571,-0.261575,0.170166,0.248084,0.037717,0.052516,0.077576,-0.226139,0.535589,0.039235,0.100486,0.189576,0.189575,0.183743,-0.195301,-0.189146,-0.272323,-0.110689,0.190428,-0.121672,0.052012,-0.115191,-0.016922,-0.095519,-0.08055,0.483118,0.147537,0.343515,-0.027962,0.170509,0.137797,-0.223223,-0.158325,0.436976,-0.326848,-0.173509,-0.121232,0.055305,-0.267988,-0.152231,0.313509,-0.053166,-0.204919,0.075204,-0.064722,0.08164,0.038411,0.271964,0.208299,0.039539,-0.110173,-0.0046,0.253337,0.416449,-0.107481,0.008834,0.090439,0.03595,-0.188119,-0.077894,0.072067,0.03876,0.173192,-0.237537,0.140798,-0.399363,-0.094024,0.244897,0.214167,0.058196,0.206574,0.378666,0.078578,-0.207759,0.149193,0.183494,0.180256,-0.028616,0.682701,0.023681,0.177985,0.036333,-0.149398,-0.434834,0.100504,-0.290924,0.182386,0.121276,-0.195557,-0.081663,0.229328,0.247271,0.042429,0.203374,-0.089799,-0.216803,-0.136007,-0.519866,-0.216267,-0.062822,0.070841,-9.5e-05,0.103409,-0.438858,0.271409,0.015685,-0.187544,-0.080466,-0.073458,-0.087457,-0.211404,-0.050954,-0.108032,0.270504,-0.233699,#
18,0.113666,0.205615,-0.06146,0.009847,-0.07771,-0.018765,0.064573,-0.037829,0.190789,0.017992,-0.038035,-0.261228,0.170192,0.30297,-0.121913,0.247992,-0.309412,0.108074,1.0,-0.010062,0.258377,0.050822,-0.010194,-0.079437,-0.266081,-0.187098,-0.063855,0.205659,0.128655,-0.040027,-0.175183,0.068026,0.090406,-0.022868,0.035283,-0.01316,0.219139,0.313161,-0.255405,-0.17791,0.360662,-0.184164,0.052928,0.001969,-0.183932,-0.258782,0.166029,-0.001904,0.13117,-0.03405,-0.068007,0.257821,0.010347,0.109649,-0.1682,-0.13073,0.043625,-0.166222,0.078608,-0.269134,0.16693,0.055106,0.054525,0.094015,-0.043399,0.104617,0.157922,-0.029986,0.151296,0.050314,-0.105958,0.066278,-0.131016,0.069896,0.167813,-0.071493,0.001359,-0.053894,0.143804,-0.114813,-0.005719,-0.026268,0.012925,-0.014221,0.025804,0.091687,0.031322,0.178135,-0.00452,0.330343,0.255178,0.057681,-0.145905,0.152257,0.021012,0.09418,0.166573,-0.086498,0.051591,-0.109409,-0.002564,0.037621,-0.150837,0.061247,-0.116717,0.152128,-0.334669,-0.132752,-0.006674,-0.141554,0.153787,0.037386,0.18752,0.016343,0.069401,-0.040139,0.078455,0.22372,0.264361,-0.129912,0.149399,0.000713,0.264482,0.012946,0.016239,0.203901,-0.039955,0.249655,0.220527,0.033441,0.127869,0.149752,0.002963,0.059745,0.049851,0.123716,-0.262872,-0.030925,-0.082604,0.057136,0.001664,-0.095947,-0.213275,0.006842,0.161857,0.29052,0.080569,0.21987,-0.08877,-0.020095,0.023887,0.033516,0.176382,-0.070515,0.064845,0.015441,0.087759,0.217318,0.099421,-0.071066,-0.1885,0.034003,-0.023092,0.06764,0.327141,0.119809,0.078171,-0.043318,-0.092218,0.297775,-0.456545,0.438043,0.116543,0.076089,-0.007311,0.098491,0.136728,0.064959,-0.012234,-0.145797,-0.010438,0.016228,-0.194332,-0.124627,0.108039,0.015725,0.163994,-0.015606,-0.097636,-0.066245,-0.000689,-0.086166,0.131508,-0.008284,-0.098899,-0.022554,0.227191,-0.138615,0.014774,-0.151267,#
19,-0.266217,-0.076326,-0.162413,0.083612,-0.220773,0.022786,0.053215,0.064318,-0.01748,0.056963,-0.020442,-0.301992,0.139932,-0.035875,0.020447,0.012624,-0.360024,0.251903,-0.010062,1.0,0.136912,0.281508,0.002693,-0.004791,0.134965,-0.037284,0.292524,0.018081,-0.136399,-0.09348,0.096821,-0.075277,0.220167,0.213502,0.197387,-0.185026,0.011212,0.187758,0.00013,-0.025767,0.287304,0.324199,-0.115427,-0.183424,0.023879,0.002816,0.11082,0.176203,0.239036,-0.136174,0.187983,0.001211,-0.240847,-0.048547,-0.300273,0.205352,0.091721,-0.09779,0.175439,-0.101707,-0.074865,0.062445,0.047488,-0.048553,-0.014315,0.032652,0.158635,0.237845,0.073139,0.140459,0.097976,0.017266,0.023664,0.155397,0.373928,-0.187862,0.317109,0.085661,0.200916,0.098067,0.112031,0.326277,0.176319,-0.379592,0.369075,0.225557,0.027919,0.289479,0.123822,0.249352,0.119573,0.05364,-0.116679,0.22732,0.307331,0.342905,0.364683,0.202387,0.178524,-0.045752,-0.02518,0.032182,0.091355,0.223272,0.267906,0.236142,-0.010489,0.153785,0.09174,-0.09683,0.369442,-0.201176,0.224425,-0.093973,0.173533,0.254429,0.113664,0.131261,0.172623,-0.113778,0.137576,0.101643,0.24236,-0.092623,0.006403,0.350499,0.102611,0.143209,0.177564,0.139749,0.045438,0.143913,0.167256,0.081426,0.18972,0.157592,-0.201151,0.413909,0.069373,0.240661,0.28628,-0.1142,0.061397,0.126396,0.02385,0.058347,0.055244,-0.1089,0.169379,0.078041,0.163455,-0.073682,0.294242,0.390517,0.31812,0.534152,0.212085,-0.334021,0.378087,0.296291,0.048173,0.160366,-0.006581,0.442768,0.076532,0.049903,0.22977,0.180278,-0.27458,0.296683,-0.278938,-0.147866,0.261011,-0.005689,-0.124887,0.358141,0.34004,-0.062049,0.08825,0.116266,-0.197263,0.086843,-0.358312,-0.276793,-0.235174,0.060182,0.026683,0.187668,-0.321138,-0.039097,0.028837,-0.18877,-0.224339,-0.347553,-0.113725,-0.191049,-0.194235,0.180457,0.107372,-0.054708,#
20,-0.244579,0.067383,-0.042863,0.117097,-0.166831,0.069047,0.088429,0.088995,-0.025673,0.049675,-0.142501,-0.200769,-0.045457,0.036008,-0.027575,-0.043735,-0.333568,0.231845,0.258377,0.136912,1.0,-0.06692,-0.186755,-0.054064,0.101487,0.083224,-0.039219,-0.048926,0.006869,0.18313,-0.024147,-0.168977,0.04752,0.122829,-0.216533,-0.043087,0.015988,-0.046198,0.168401,-0.041328,0.02499,-0.144866,0.088761,-0.000937,0.037384,0.182784,-0.03085,0.090584,0.038764,-0.204634,-0.05818,0.038574,-0.216038,0.133319,-0.231908,0.155249,0.214477,-0.100477,0.061188,-0.002873,0.09769,0.190235,0.05282,-0.070797,-0.277923,-0.018857,-0.175452,0.274059,0.119171,-0.11935,0.004349,0.112298,-0.145436,0.325617,0.290787,-0.025309,0.265039,0.209376,-0.004328,-0.071331,0.198618,-0.005908,0.194005,-0.233695,0.083678,-0.00394,0.054413,0.316255,0.118851,0.263498,0.261088,0.227848,0.11036,0.146953,-0.153583,0.209544,0.277672,0.046337,0.160487,0.258386,-0.143253,0.111736,0.108385,0.042146,-0.011164,-0.006069,-0.110519,0.022447,0.2191,-0.466245,0.160098,-0.075677,0.039278,-0.053604,0.32162,0.180801,0.150285,0.234332,-0.067908,0.001175,0.216273,0.255938,0.248747,-0.019473,0.047952,0.08949,0.193058,0.095869,0.087677,0.268481,0.179146,-0.078374,0.145838,-0.064559,0.207044,0.303023,-0.218454,0.261072,0.113775,0.219626,0.069602,-0.038974,-0.01245,-0.100328,0.357563,0.074576,0.253786,0.098809,0.089104,-0.086582,-0.115177,0.210199,0.375346,0.134663,0.119776,0.231335,0.218484,-0.118249,0.097393,-0.02748,0.061249,0.017928,0.190753,0.193124,-0.050073,0.229279,0.098346,-0.146672,-0.029012,0.166093,-0.328999,-0.063713,0.019542,0.149996,0.062191,0.085494,0.191335,0.024774,-0.01733,-0.02251,-0.008906,-0.068728,-0.115761,0.078089,0.025736,-0.120282,0.08632,0.020161,-0.003271,-0.035191,0.194209,0.073347,-0.22253,-0.365736,-0.017127,-0.089738,-0.135861,0.022089,0.256896,0.088398,#
