0,1.0,0.08451,0.122382,-0.107706,0.397079,-0.070111,0.104927,-0.102792,0.401097,0.042328,-0.253926,0.247038,0.318665,-0.089126,0.062886,0.022244,0.08496,0.048705,0.115043,-0.232005,-0.320903,-0.016678,0.017285,-0.153196,-0.017089,-0.298792,-0.285007,-0.205152,0.199593,0.031304,-0.353613,-0.119681,-0.210303,-0.035779,-0.246385,0.098845,0.195816,0.072927,0.066712,-0.055062,0.129433,-0.230694,-0.272745,0.00353,0.035981,0.040424,0.320261,0.128837,-3.1e-05,0.344636,0.007578,-0.108503,0.209855,0.01057,0.122765,-0.040944,-0.236936,0.23235,-0.163463,0.044583,0.191391,0.066859,0.088018,-0.216895,0.034805,0.109324,-0.050204,-0.088466,0.268494,-0.12759,0.201904,-0.296008,-0.10985,-0.300533,-0.226043,0.216809,-0.131444,-0.395346,-0.101896,-0.115556,0.019442,-0.274685,-0.198171,-0.17607,0.022294,-0.043116,-0.389914,-0.129598,-0.064836,-0.276785,0.052588,-0.102727,-0.014945,0.079116,-0.090514,-0.201865,-0.232008,-0.191025,0.146695,-0.273084,0.16031,-0.255219,-0.209014,-0.157713,-0.043243,-0.187891,-0.102106,0.031423,-0.183726,-0.22165,-0.078552,-0.211097,0.122783,-0.246423,-0.251561,-0.301578,-0.247548,-0.238286,0.11555,-0.4469,-0.09871,-0.21711,-0.191755,-0.213921,-0.189611,-0.081478,-0.164911,-0.105991,-0.0653,-0.046869,-0.086605,-0.220859,0.02894,0.089225,-0.194958,-0.330116,0.042239,-0.199494,0.028588,-0.243507,-0.153886,-0.062369,-0.142962,-0.14951,-0.273526,-0.01297,-0.232235,0.205004,-0.331058,-0.216407,-0.279347,-0.210067,0.075048,-0.206657,-0.269088,-0.015355,0.168592,0.333556,-0.188503,-0.102957,-0.056948,-0.014195,-0.097542,-0.089017,0.079081,0.03089,-0.027142,-0.138295,-0.191376,-0.18272,0.02841,0.169617,0.12542,-0.29878,0.078843,-0.079602,0.02456,0.27884,0.151802,-0.253951,0.068275,-0.009311,0.001656,0.010553,0.164085,-0.017389,0.347519,0.057157,-0.153099,0.359721,-0.234059,0.026493,0.090793,0.324141,-0.20794,0.178648,0.142193,-0.25204,-0.057114,0.07349,#
1,0.08451,1.0,0.010982,0.118521,0.279339,0.059783,-0.101592,-0.124886,0.042325,0.096368,-0.152679,0.223921,-0.012568,0.013903,0.174441,-0.062595,-0.008407,0.038255,-0.170319,-0.093349,-0.068699,0.107754,0.139189,-0.07867,0.030777,-0.144895,-0.167484,0.057289,0.219666,0.288027,-0.347061,0.141965,-0.16483,-0.002705,-0.178113,0.242006,0.188019,-0.175981,0.077914,0.035322,0.146524,-0.137531,0.16909,0.079353,-0.250942,-0.017987,0.240978,0.061986,-0.21406,0.220068,-0.085835,-0.210978,0.064265,0.113038,0.012773,-0.083302,-0.246866,0.205946,-0.182388,0.050795,-0.060297,-0.094725,0.071153,0.022315,0.016676,-0.072185,0.039019,0.142757,0.228199,0.033142,-0.156407,-0.261258,-0.025922,-0.137744,-0.166186,0.006755,-0.16663,0.0054,-0.157484,-0.212781,-0.065161,-0.403315,-0.225217,0.193845,-0.265971,-0.232309,-0.18509,-0.141851,-0.083615,-0.10076,-0.015618,0.017801,-0.09005,-0.014777,-0.450574,-0.139959,-0.199109,-0.221937,-0.16194,0.08239,0.089289,-0.015444,-0.137477,-0.176871,-0.292127,-0.276312,-0.245396,0.059429,0.035026,-0.05568,-0.098272,0.15633,-0.287477,-0.180176,0.045985,-0.059469,-0.158979,-0.222092,0.146975,0.041974,-0.271068,-0.083795,-0.262721,-0.12922,0.157093,-0.126334,-0.12317,-0.029244,0.007334,0.003578,-0.165667,-0.04132,-0.057262,-0.031435,-0.141365,-0.116589,-0.18716,-0.298456,0.073632,-0.135873,-0.090266,0.100125,0.090654,-0.272758,-0.1324,-0.230974,0.003128,0.103177,-0.263048,-0.128362,-0.29826,-0.151833,-0.136174,0.026022,-0.131336,-0.077706,-0.036746,0.131575,0.014758,-0.167543,-0.022993,-0.023424,-0.121812,-0.127874,-0.021325,0.30963,0.113079,-0.35928,-0.073118,-0.048901,-0.086357,0.014617,-0.250169,-0.042797,0.108247,0.101929,-0.139311,0.085719,0.208574,-0.255543,0.13273,-0.123832,-0.018082,0.030444,0.250552,-0.192518,0.101007,-0.030657,-0.185261,0.234611,-0.106819,0.166408,0.222068,0.305961,-0.028713,0.001402,0.166356,-0.22842,-0.073882,0.188148,#
2,0.122382,0.010982,1.0,0.294485,-0.065965,-0.165052,-0.025517,-0.164903,0.127512,0.162525,0.034528,0.043721,-0.174244,0.00455,-0.21784,-0.193807,-0.048268,0.207201,0.04547,-0.020622,-0.285032,-0.080684,-0.053353,0.207825,0.061756,-0.230086,0.008001,-0.233514,0.097058,-0.12616,0.02437,0.058713,-0.161786,-0.039554,-0.17695,0.030008,-0.126751,0.040245,-0.077475,-0.249012,-0.252785,0.078716,-0.070616,0.012953,0.276173,-0.369258,0.036624,0.140211,-0.249563,0.274536,-0.237045,0.149471,0.103793,0.28222,-0.110169,-0.217499,-0.05201,-0.165854,-0.080009,0.050266,0.02864,0.235391,0.043279,-0.246672,-0.016705,0.018897,0.009537,-0.237208,-0.139772,0.06942,0.137066,0.092375,0.023842,0.211726,-0.150421,0.248377,-0.146789,-0.162268,0.039254,-0.068617,0.073407,-0.000371,-0.239892,0.379043,-0.042378,-0.054383,0.094046,-0.037908,-0.128613,-0.160194,0.020185,-0.301701,0.179045,0.164088,-0.059945,0.160198,0.121054,0.080769,-0.030251,0.043747,-0.25543,-0.131433,-0.03288,0.218601,-0.010915,-0.041563,0.171482,0.076206,-0.000728,0.209314,0.25708,0.11013,0.079446,0.046266,0.177298,-0.133002,-0.085633,-0.114081,0.164772,0.037983,-0.209874,0.260522,0.015637,-0.023941,-0.071364,0.204278,-0.000122,-0.135186,0.108809,0.07797,0.292928,0.117056,-0.040739,0.12945,0.258488,0.032209,0.170361,0.224552,-0.041055,-0.212049,0.221732,0.267106,0.162161,-0.177385,0.083194,0.282767,0.0049,-0.088206,-0.166556,0.142444,0.034458,0.433555,0.222322,0.017821,0.090987,0.045817,-0.155652,0.195667,0.15694,0.053951,0.213246,-0.028838,0.323895,0.112553,-0.021709,-0.126459,-0.12218,-0.224815,0.215285,0.010842,-0.01629,0.156115,-0.080968,0.059497,-0.053795,0.120548,-0.197124,0.068462,-0.061888,0.008148,0.140156,-0.002208,-0.069005,0.060839,-0.368362,0.179234,-0.045029,0.039956,0.003538,-0.010241,0.258275,-0.195873,-0.174038,0.087241,-0.213897,-0.115238,-0.14951,0.081255,0.173071,-0.278957,#
3,-0.107706,0.118521,0.294485,1.0,-0.068937,-0.094237,-0.249725,-0.103439,-0.307969,-0.148557,0.081423,-0.16728,-0.23405,-0.173281,-0.042999,-0.093694,0.162394,-0.089337,-0.149251,0.092731,-0.186512,0.031981,-0.265496,0.043601,0.119678,0.016171,-0.080091,-0.018973,0.073794,-0.129342,0.015573,-0.011824,-0.068409,-0.014008,-0.025138,-0.383605,-0.123538,0.085368,0.028354,0.176203,-0.060585,-0.033651,0.029003,0.00927,0.061615,0.277224,-0.285288,-0.390984,0.112822,0.049736,-0.195606,0.265124,0.130123,0.100335,0.00309,0.149356,0.014431,-0.028451,-0.162079,-0.19403,-0.045336,-0.093832,0.25885,-0.068179,-0.146668,-0.359933,-0.099761,-0.163617,-0.375054,0.101192,-0.100547,0.137131,0.236619,0.183424,-0.060176,0.085536,0.107114,0.204752,0.311021,-0.005561,0.057772,0.078832,0.093804,0.140509,0.126263,0.017608,0.18978,0.029072,0.032954,-0.092607,0.196206,-0.013452,0.075958,0.152141,-0.024417,-0.08993,0.170982,0.247871,0.080656,0.152187,-0.196578,0.150944,0.178226,0.208581,0.105896,-0.020593,0.285498,0.1858,0.044091,0.107567,-0.032037,0.05239,-0.140875,-0.053189,-0.030229,0.255079,0.308064,-0.046434,-0.124154,0.324336,0.092109,0.018942,0.157915,0.201422,0.155541,0.144762,-0.058137,-0.101572,0.019469,0.206304,-0.118838,-0.083361,-0.056859,-0.004715,0.096947,0.219303,0.241226,0.099774,-0.281609,0.108658,0.032677,0.316064,0.21261,-0.159224,0.157125,0.161117,0.02048,-0.241863,0.065053,0.024038,0.076951,0.262699,0.170357,0.19138,0.073857,0.176262,-0.281364,-0.267801,0.234682,0.005939,0.230373,0.185323,0.092834,-0.115419,-0.282777,-0.278584,-0.085735,-0.287188,0.272516,-0.040299,-0.178488,-0.291025,0.072696,0.171753,-0.088034,0.049563,0.036514,-0.093355,-0.290661,0.11039,-0.30659,-0.165224,0.065134,-0.052439,-0.163114,-0.144303,-0.174214,-0.212154,0.18151,-0.19924,0.159949,-0.038096,-0.189153,-0.177929,-0.127627,-0.083669,-0.223007,0.035671,-0.246772,0.045835,#
4,0.397079,0.279339,-0.065965,-0.068937,1.0,0.119578,0.223361,-0.01576,0.243824,0.170078,-0.143481,0.237408,0.321704,0.134403,0.022308,-0.009652,0.153145,0.028503,-0.077166,-0.153124,0.056467,0.073174,0.351991,-0.333725,-0.298675,-0.278911,-0.151399,-0.204076,0.250903,0.270557,-0.295491,0.083429,-0.216678,-0.101504,-0.254492,0.262514,0.207513,-0.333744,0.098592,-0.122376,0.174426,0.003746,-0.021324,0.026632,-0.032029,-0.031004,0.188586,0.345706,0.150645,0.016029,0.020148,-0.493285,0.251137,-0.125917,0.121802,-0.190978,-0.358387,0.116856,-0.039164,0.060475,0.196593,0.062463,-0.107649,-0.200059,0.031167,0.370003,0.069044,0.169051,0.28725,0.013494,-0.038664,-0.60449,0.154509,-0.608527,-0.335184,0.39692,-0.400022,-0.475769,-0.369692,-0.260218,-0.327625,-0.604934,-0.364118,-0.093402,-0.273732,-0.309813,-0.576766,-0.272898,-0.110402,-0.230846,-0.366134,-0.382502,-0.227896,-0.231493,-0.389844,-0.429038,-0.504583,-0.443648,-0.209886,-0.269612,0.036853,-0.274379,-0.306816,-0.270138,-0.343177,-0.552873,-0.112491,-0.311422,-0.171907,-0.20972,0.120289,0.111089,-0.36683,-0.59154,-0.244169,-0.081896,-0.257113,-0.50043,0.122351,-0.295345,-0.118699,-0.10772,-0.385299,-0.408406,-0.013575,0.162663,-0.466698,0.206188,-0.229848,-0.24257,-0.307995,-0.038303,-0.417585,0.15942,-0.380605,-0.368797,-0.016521,-0.521222,0.078754,-0.417925,-0.288016,0.03516,-0.085076,-0.130984,-0.445732,-0.210776,-0.155761,0.597182,-0.459753,-0.293817,-0.530705,-0.212775,-0.106981,-0.474337,-0.363566,-0.214179,0.148306,0.499316,-0.294703,-0.293625,-0.068884,-0.050296,-0.406689,-0.074516,-0.062507,0.188687,-0.196347,-0.29643,-0.279387,0.03156,-0.023901,0.129981,-0.335628,-0.506602,0.055144,-0.15552,-0.236941,0.29782,0.260199,-0.387479,0.295653,-0.025864,0.021246,0.19977,0.374234,-0.250518,0.34343,-0.19091,-0.277794,0.372676,-0.253689,0.230711,0.409748,0.441669,-0.034066,0.305224,0.414978,-0.323118,-0.38842,0.112978,#
5,-0.070111,0.059783,-0.165052,-0.094237,0.119578,1.0,0.239859,0.255566,-0.000156,-0.079854,-0.081949,0.111523,-0.153154,0.355498,0.111255,0.013051,-0.070249,0.019254,-0.082344,-0.043817,0.207197,0.215262,-0.020162,-0.433338,0.076155,-0.156431,0.119533,-0.069947,-0.094637,0.123335,0.083507,0.246524,0.188565,-0.184126,-0.316789,0.151044,-0.016173,-0.074951,0.062179,-0.067805,-0.018978,0.02982,0.154661,0.097369,-0.138253,0.078765,-0.078218,0.1041,0.028291,0.003914,0.254568,-0.035437,0.183185,-0.174406,0.083293,0.020738,0.064198,0.265159,-0.061147,0.149683,0.109187,0.07425,-0.15825,0.210585,-0.078877,-0.058843,-0.139547,0.394938,0.183127,-0.110454,-0.206143,-0.1991,0.126037,-0.12057,0.069874,0.018551,-0.06057,-0.012221,-0.222668,-0.129837,0.007945,-0.247534,0.072813,-0.129464,-0.080716,0.193184,-0.097474,-0.082613,-0.058229,-0.119102,0.044246,-0.029596,0.110667,-0.314413,-0.031225,-0.19279,-0.134443,-0.171589,-0.019348,-0.27635,0.017398,-0.219835,0.118107,-0.294173,-0.021219,-0.206375,-0.158113,-0.491878,-0.160552,-0.403192,-0.058747,0.05625,-0.079006,-0.279594,0.006385,-0.085088,-0.074892,-0.224506,-0.006871,-0.065403,-0.070291,0.05148,-0.032705,-0.205275,-0.134813,0.081676,-0.020804,0.047042,-0.062082,-0.281489,0.046706,-0.169154,-0.038717,-0.044813,-0.053397,-0.059424,0.080994,-0.071743,-0.048106,0.001721,-0.140635,-0.173958,-0.270341,-0.236233,-0.012702,0.026992,0.069436,0.056831,0.07679,-0.177572,-0.132274,0.057959,0.030345,0.078037,-0.086741,-0.25374,0.267094,0.105426,-0.162853,0.014153,-0.136061,-0.11301,0.083666,0.092792,-0.043165,0.362845,0.168283,0.122267,-0.0249,-0.024035,0.104324,0.035624,-0.040516,0.100465,0.170446,-0.032192,-0.073372,0.157428,0.217262,-0.089844,0.173008,0.005953,-0.006824,0.298039,0.286494,-0.262011,0.115025,-0.068808,-0.06325,0.237518,-0.023824,0.092347,0.139224,0.018424,0.257186,0.099777,0.12691,-0.156114,0.07715,0.273125,#
6,0.104927,-0.101592,-0.025517,-0.249725,0.223361,0.239859,1.0,0.185055,0.418597,-0.116328,0.324233,0.304218,0.046354,0.004411,0.155794,0.169545,-0.056961,-0.122297,0.180319,-0.104689,0.010539,0.291318,0.06036,-0.290105,-0.084362,-0.018891,0.005094,-0.203449,0.349188,0.160762,-0.270498,0.101168,0.088017,-0.350627,-0.100895,0.261917,0.017803,-0.083825,-0.116669,0.061393,0.052326,-0.061265,-0.198091,-0.12015,-0.083996,-0.040366,-0.041323,0.138281,0.145288,0.198202,0.095154,-0.160843,-0.043738,0.024009,0.039832,-0.167245,0.039583,-0.015743,0.052421,0.125194,0.158223,0.02852,-0.263038,0.194622,0.095917,0.020338,0.045392,0.10966,0.183342,-0.179044,0.012345,-0.346535,0.083163,-0.227085,-0.314897,0.209191,-0.247794,-0.310696,-0.588617,-0.290852,-0.267834,-0.323783,-0.169066,-0.293957,-0.210149,-0.077341,-0.229981,-0.287651,-0.327162,-0.154441,-0.199989,-0.317699,-0.138953,-0.327264,-0.412186,-0.047471,-0.330142,-0.502356,-0.331959,-0.125194,0.02973,-0.390677,-0.294535,-0.384405,-0.056018,-0.108551,-0.111578,-0.301554,-0.285398,0.016569,-0.10802,0.022793,-0.188032,-0.221146,-0.107431,-0.357218,-0.277447,-0.205944,-0.095895,-0.19629,-0.245846,-0.140726,-0.219131,-0.345979,-0.192149,0.032252,-0.363197,-0.004672,-0.214004,-0.44779,-0.286693,-0.186894,-0.283924,-0.045625,-0.265902,-0.230913,0.059069,-0.361054,-0.002706,-0.34789,-0.139422,-0.111239,-0.338236,-0.112326,-0.29939,-0.149364,-0.363025,0.364837,-0.076925,-0.284161,-0.044821,-0.158003,-0.322595,-0.168993,-0.249482,-0.43827,0.046558,0.291007,-0.146417,-0.337697,0.026724,-0.381613,-0.186076,-0.193235,-0.108546,0.378548,-0.114389,0.194114,0.001851,-0.203796,0.110998,0.133324,-0.205627,-0.28208,0.297444,-0.338414,-0.250444,0.43932,0.324909,-0.16436,0.405121,0.282913,0.187925,0.335949,0.388186,0.051749,0.066072,-0.032331,0.040124,0.224385,-0.099623,0.312566,0.38666,0.248622,-0.155562,0.324023,0.479438,-0.336467,-0.211981,0.14388,#
7,-0.102792,-0.124886,-0.164903,-0.103439,-0.01576,0.255566,0.185055,1.0,-0.071812,-0.271958,-0.14272,-0.195802,-0.123693,0.114469,0.257142,-0.177119,0.08158,-0.125635,0.112687,-0.056144,0.061087,0.359954,-0.142072,-0.183726,0.11847,0.166958,0.145794,0.034459,-0.210411,-0.049904,0.048579,0.233815,0.382993,-0.136276,-0.063543,0.121284,0.116386,0.019243,0.200827,-0.1557,-0.120562,0.151269,0.269128,0.015478,-0.051685,0.154939,0.030575,-0.13057,-0.146215,-0.2285,-0.099203,-0.039319,0.010732,-0.368684,0.015548,0.209125,0.101113,-0.006564,-0.134788,0.154826,-0.069469,0.053593,-0.157947,0.28965,0.137612,0.158935,0.00153,0.08778,-0.084432,-0.284733,-0.095263,-0.077802,-0.031342,-0.033777,0.022641,-0.21495,0.123949,0.035818,-0.246863,-0.015967,0.044829,-0.116515,0.265128,-0.287109,0.117543,0.147484,0.111306,0.065567,-0.095308,0.06502,0.01003,0.001119,0.119149,-0.11783,0.104732,0.134331,-0.294306,0.075377,-0.05197,-0.150928,0.041822,-0.086914,0.088074,-0.089664,-0.100839,-0.154151,0.07644,-0.285338,0.122314,-0.26506,-0.28031,0.129644,0.078642,0.00726,-0.030069,0.169512,0.133823,-0.04693,-0.045637,0.129285,-0.053009,0.122154,-0.147754,-0.0242,0.05004,0.16323,-0.023673,-0.200661,0.054704,0.006802,0.056985,-0.039722,-0.054677,-0.157487,0.005102,-0.033446,0.151166,-0.01253,-0.059839,-0.123251,-0.099831,-0.186139,-0.100398,0.101158,-0.029952,-0.266078,0.105636,-0.102009,0.118408,0.05676,0.110371,0.098511,0.248635,0.03668,0.166687,-0.14314,0.127317,-0.101229,-0.266463,0.132383,0.120745,-0.056717,-0.017271,-0.037386,0.005311,0.045725,-0.072178,0.150507,-0.148241,0.258739,-0.057983,0.001728,0.039824,0.097145,-0.047972,0.0122,-0.058492,-0.078149,-0.082346,-0.094909,-0.045015,-0.124985,0.056451,0.110491,-0.018026,-0.095997,0.051855,0.104929,0.05343,-0.217026,-0.19077,0.268799,0.019283,-0.12611,0.025141,0.116007,-0.191893,-0.124144,0.057298,-0.121002,#
8,0.401097,0.042325,0.127512,-0.307969,0.243824,-0.000156,0.418597,-0.071812,1.0,-0.053802,0.096025,0.299034,0.224209,0.036758,0.029112,-0.039117,-0.065104,0.26864,0.277202,-0.014341,-0.17583,-0.032144,0.203449,-0.165508,-0.005925,-0.352225,0.014541,0.087533,0.249632,0.039545,-0.154893,0.030122,0.037527,-0.077571,-0.247735,0.06405,0.405184,-0.180193,-0.013526,-0.043907,0.013784,-0.092604,-0.255233,-0.082775,0.000883,-0.183082,0.215156,0.273928,-0.021886,0.349739,0.217382,-0.121573,0.013956,0.236288,-0.033374,-0.017521,-0.055626,0.137944,0.132534,0.068868,-0.159632,0.098489,-0.17635,0.018262,-0.007227,0.18885,0.298363,0.036819,0.295837,0.156775,0.194455,-0.212375,-0.003781,-0.246749,-0.14252,0.046066,-0.068344,-0.370564,-0.194076,-0.044499,-0.123695,-0.219174,-0.142136,0.073227,-0.063996,0.067438,-0.224979,-0.181126,-0.11414,-0.205628,0.08229,-0.168128,-0.154722,0.128347,-0.174494,0.062568,-0.101131,-0.311976,-0.031687,-0.138097,-0.248573,-0.383022,-0.297046,-0.187887,0.143602,0.031121,-0.103711,0.098676,-0.213918,0.134444,0.126559,0.013755,0.132407,-0.168339,0.167257,-0.576631,-0.224507,-0.083091,0.261855,-0.351093,-0.069869,-0.1298,-0.080731,-0.535115,-0.262258,0.097553,-0.080428,0.079144,-0.096165,-0.215996,0.213173,0.152953,-0.008258,-0.06341,-0.002159,-0.155312,-0.040115,-0.045283,0.200069,-0.127125,0.074603,0.085375,-0.343358,-0.16362,-0.209051,-0.087227,-0.035057,0.345244,-0.113731,-0.160284,-0.063961,-0.097546,-0.03686,-0.221797,-0.13207,-0.246904,0.032962,0.336134,0.035713,-0.089074,0.191577,-0.140388,-0.048039,0.264605,0.147387,0.069271,-0.173809,-0.045985,-0.061105,0.037528,-0.194542,0.244722,0.115667,-0.195857,-0.101888,-0.256977,-0.054229,0.356694,0.187641,-0.201457,0.311846,0.089233,-0.149255,-0.094259,0.139747,0.22539,-0.060974,0.025308,-0.404967,0.180558,0.192867,-0.13015,0.14449,0.184936,-0.204917,0.110279,0.236293,-0.201076,0.009558,-0.027797,#
9,0.042328,0.096368,0.162525,-0.148557,0.170078,-0.079854,-0.116328,-0.271958,-0.053802,1.0,-0.159071,0.256634,0.179891,0.302503,-0.420522,-0.063118,-0.394258,0.260835,-0.225916,-0.032331,0.052614,-0.240713,0.194766,0.077244,0.173361,0.030447,-0.045481,-0.299857,0.030125,0.254406,0.028714,-0.139922,-0.292876,0.242804,-0.077132,0.383479,0.020707,-0.267622,-0.094484,-0.056289,0.077194,0.274113,0.191842,0.281367,0.18334,-0.218656,-0.048815,0.317265,-0.08759,0.175326,-0.10395,-0.199705,0.016734,0.029604,-0.184472,-0.427825,-0.084871,-0.012153,0.158907,0.082543,-0.022725,0.161194,-0.01851,-0.305054,-0.00865,0.045935,0.05148,0.20569,0.101772,-0.150312,-0.029247,-0.230772,-0.052509,-0.088394,0.067576,0.17107,-0.13384,-0.258821,0.018497,0.150258,-0.060703,-0.103427,-0.18419,-0.003722,0.05958,-0.350943,-0.092111,-0.160161,-0.103033,0.103438,-0.239642,0.04837,-0.104616,0.192693,-0.173549,0.076181,0.003888,-0.103477,0.107573,-0.018015,-0.217567,0.025173,0.060034,0.139162,0.034623,-0.134296,-0.121783,-0.128629,-0.138599,0.03314,0.254422,0.169365,-0.057492,-0.017297,-0.010876,-0.062539,-0.217297,-0.22479,0.312245,-0.308787,-0.05127,0.212924,-0.054176,-0.053259,-0.239893,-0.001848,-0.141319,-0.16539,-0.113246,0.153046,0.023703,0.225895,0.021284,0.687732,-0.140501,0.034396,-0.083561,-0.05082,0.263089,-0.189426,0.154077,0.039542,0.120532,0.057228,0.141851,0.129794,0.166348,0.083877,-0.263375,0.137125,-0.479493,-0.11131,-0.107441,0.030929,0.054505,0.115842,0.170349,0.311445,-0.011551,0.024223,0.024911,0.147536,-0.135624,0.313111,0.018409,0.168423,-0.122084,-0.161285,0.025974,-0.002206,0.128069,-0.047699,-0.102976,-0.312855,0.141807,0.027038,-0.201281,0.047386,0.276726,-0.038191,0.075744,-0.161262,-0.323872,0.116879,-0.071681,-0.059988,0.048047,-0.034609,-0.291148,0.358316,0.010511,-0.23368,-0.086784,0.096731,0.066536,-0.210461,0.086315,0.0664,0.331156,-0.023849,#
10,-0.253926,-0.152679,0.034528,0.081423,-0.143481,-0.081949,0.324233,-0.14272,0.096025,-0.159071,1.0,-0.053503,-0.178675,-0.035563,0.164561,0.111555,0.109572,-0.233967,0.044408,0.179691,-0.078438,0.211367,-0.133057,0.155585,-0.165133,0.279012,-0.06187,0.082559,0.210877,-0.051903,-0.024189,-0.040801,-0.279125,-0.169251,0.301936,-0.155044,-0.053623,-0.029977,0.026515,0.166704,-0.283273,-0.066131,-0.2233,-0.206092,0.108807,0.149664,-0.295619,-0.31271,0.214785,-0.027331,0.235977,0.114113,-0.10639,0.287662,-0.126089,0.103025,0.092771,-0.152507,0.033193,0.054785,0.060468,-0.140561,0.125429,0.094466,0.185629,-0.038582,-0.034553,-0.035908,-0.258942,0.048863,-0.126949,0.065533,0.240172,0.077623,-0.072777,0.196413,-0.109286,0.10975,-0.111091,-0.034946,-0.089025,0.095238,-0.137296,0.108958,-0.035441,-0.132915,0.102562,-0.13626,-0.174917,-0.095594,0.075824,-0.240925,0.102902,-0.121905,-0.172015,0.097118,-0.092792,-0.157437,-0.401657,-0.007433,0.013248,0.055254,-0.315286,-0.007619,0.241815,0.023756,-0.026463,-0.03099,-0.201083,0.419117,-0.118569,-0.104462,-0.190328,0.235174,-0.036015,0.02178,-0.193129,0.02873,-0.169206,0.120263,-0.007557,-0.129672,0.083799,0.062483,0.052929,-0.087276,-0.140571,0.022991,-0.076694,-0.15957,0.096226,-0.213314,-0.105389,-0.242215,0.16696,0.140786,0.096781,-0.121097,-0.102104,0.030154,-0.007106,0.18423,-0.138701,-0.100155,0.032802,0.199518,-0.154448,-0.07948,0.209097,-0.207262,0.170222,0.00895,-0.349407,-0.048138,-0.144716,-0.305859,-0.317981,0.120204,0.192746,-0.123592,0.096616,-0.273724,-0.031611,-0.038101,-0.148345,-0.050875,-0.132822,0.069453,0.294875,-0.316639,0.154467,-0.308596,-0.150985,0.068758,0.035337,-0.275477,-0.299386,0.154619,-0.117898,0.047454,0.100982,0.204232,0.132924,0.278514,-0.045645,0.195304,-0.259491,-0.139067,0.29971,0.044903,0.016441,0.302988,0.117561,-0.033327,0.041944,-0.072022,0.196514,-0.035279,-0.125411,0.183223,#
11,0.247038,0.223921,0.043721,-0.16728,0.237408,0.111523,0.304218,-0.195802,0.299034,0.256634,-0.053503,1.0,0.125564,-0.054534,-0.111208,0.340842,-0.127765,-0.123969,-0.175219,-0.221734,-0.046313,0.031085,-0.081749,0.013572,0.07805,-0.173966,-0.067253,-0.3896,0.290127,0.19696,-0.371572,-0.0128,-0.182763,0.080578,-0.095954,0.342991,-0.15541,-0.224558,-0.236518,0.030744,0.111369,-0.027351,-0.14517,-0.156327,-0.067486,0.017791,-0.108204,0.124974,0.109002,0.117276,0.033476,-0.3523,-0.014039,0.073346,0.10328,-0.108842,-0.299968,-0.044244,0.011269,0.128686,-0.182633,0.229915,0.039073,0.016617,0.02086,-0.295999,-0.023358,-0.031725,0.147631,-0.070431,-0.050491,-0.270981,0.026629,-0.257335,-0.27945,0.253379,-0.266769,-0.020973,-0.22826,-0.428054,-0.271333,-0.286738,-0.125685,0.029513,-0.10652,-0.156497,-0.199356,-0.384955,-0.099627,-0.097185,-0.010543,-0.099149,0.053327,-0.208246,-0.34908,0.025279,-0.154738,-0.37599,-0.286902,-0.052358,0.044314,-0.132493,-0.183013,-0.175316,-0.02025,-0.175491,-0.081443,-0.148506,-0.394746,-0.081466,-0.227449,-0.075918,-0.235815,-0.169691,0.004288,-0.254459,-0.148705,-0.170167,-0.209078,-0.021882,-0.018012,-0.1276,-0.205708,-0.2373,0.088468,-0.150422,-0.124343,-0.103975,-0.091655,-0.219532,-0.118629,-0.068609,-0.074126,0.181684,-0.251711,0.015476,-0.114244,-0.233512,0.040962,-0.234997,0.073411,0.084016,-0.232993,-0.118186,-0.200195,-0.168124,-0.128124,0.062902,-0.311164,-0.482958,-0.270767,-0.246519,-0.176404,-0.203391,-0.133265,-0.330545,0.027959,0.151921,0.03898,-0.092691,0.123724,-0.159614,-0.054609,-0.084942,-0.21189,0.084576,0.101269,0.119514,0.271541,-0.187889,-0.029212,0.06694,-0.095375,-0.187914,0.211217,-0.317548,-0.338752,0.193128,0.135112,-0.22123,0.349878,-0.024149,0.254416,0.154221,0.230843,-0.224899,-0.021672,-0.0119,0.029666,0.345709,-0.028721,0.231507,0.287233,0.051699,-0.068984,0.211807,0.314165,-0.237459,0.002332,-0.003537,#
12,0.318665,-0.012568,-0.174244,-0.23405,0.321704,-0.153154,0.046354,-0.123693,0.224209,0.179891,-0.178675,0.125564,1.0,0.165539,0.046835,0.091041,0.033898,0.188717,0.045407,-0.089954,-0.051298,0.044513,0.321702,-0.131034,-0.166735,-0.04581,0.011148,-0.038385,0.189492,-0.063306,-0.309106,0.101472,-0.018431,0.051537,-0.092997,0.170711,0.292699,-0.161124,-0.041893,-0.001085,0.157284,0.172226,0.001176,0.012699,0.182828,0.015025,0.348658,0.174317,-0.037607,0.118958,-0.141179,-0.279262,0.095755,-0.076106,0.069023,-0.211156,-0.291745,0.344685,0.141649,-0.154419,-0.03078,-0.128424,-0.248833,-0.030953,0.036508,0.256559,0.101133,-0.022289,0.359499,-0.162987,0.061383,-0.338782,-0.168384,-0.236732,-0.033092,0.156505,-0.057713,-0.293276,-0.165882,-0.201483,-0.194439,-0.282565,-0.207513,-0.137415,-0.035805,-0.169244,-0.202775,-0.236788,-0.187102,-0.099773,-0.224722,-0.246259,-0.218746,-0.024138,-0.150465,-0.183312,-0.081581,-0.207943,-0.021542,-0.456943,0.223275,-0.213295,-0.303123,-0.40329,-0.153712,0.013481,-0.198005,-0.071342,-0.207031,-0.038385,0.104837,-0.118829,-0.005156,-0.23924,-0.276253,-0.235639,-0.366814,-0.123281,0.185388,-0.41573,0.017412,-0.358538,-0.147834,-0.261319,-0.238687,0.020307,-0.320707,0.134038,-0.243643,-0.274181,-0.125521,0.023079,0.012548,0.052117,-0.259279,-0.217162,-0.035606,-0.017906,0.114791,-0.365197,-0.316175,-0.102588,-0.264698,0.136937,-0.350276,-0.164908,-0.081279,0.359511,-0.53142,-0.074376,-0.075927,-0.191315,-0.097377,-0.122197,-0.197396,-0.090358,0.301431,0.300423,-0.43013,-0.234989,-0.132817,0.001643,-0.359631,-0.038024,0.171668,0.126767,-0.238052,-0.042669,-0.327656,-0.010159,0.168893,0.260669,-0.036243,-0.28491,0.100095,-0.058633,-0.047588,0.269135,0.256263,-0.351967,0.121622,0.229246,-0.120019,0.057144,0.181497,-0.116049,0.17907,0.03129,-0.263431,0.258107,-0.221069,0.024888,0.229147,0.355329,0.030939,0.121179,0.235471,-0.122394,-0.085515,0.159445,#
13,-0.089126,0.013903,0.00455,-0.173281,0.134403,0.355498,0.004411,0.114469,0.036758,0.302503,-0.035563,-0.054534,0.165539,1.0,-0.075786,0.000682,-0.243148,0.241497,0.219761,-0.121919,0.153366,-0.0,0.207922,-0.12357,-0.090092,-0.098167,0.214241,0.066542,-0.02235,-0.110691,0.146466,0.163702,0.063413,-0.154811,-0.23502,0.283656,0.182878,-0.100503,-0.15056,-0.382513,0.11072,0.290126,0.263566,0.23317,-0.022801,-0.319725,0.199365,0.235101,0.023185,-0.078396,-0.036669,-0.009313,-0.038816,-0.157322,-0.330439,-0.30371,0.073108,0.224332,0.158738,-0.03074,0.027752,0.220835,-0.252551,0.050505,0.15891,0.326358,0.213005,0.312864,0.315097,-0.010031,-0.090589,-0.228843,0.030223,-0.232522,0.073779,0.194298,-0.019927,-0.281497,-0.141157,0.12561,0.036754,-0.210173,-0.059508,-0.038783,-0.021502,-0.015606,-0.036254,-0.156471,-0.161151,-0.011542,-0.02554,-0.101789,-0.088966,-0.00607,-0.014699,-0.057049,-0.123084,0.027853,-0.063878,-0.258939,-0.012896,-0.075264,0.060193,-0.22376,-0.027317,-0.163407,-0.124415,-0.411825,0.016879,-0.166383,0.141723,0.126111,-0.039294,0.102506,0.066148,0.033096,-0.298673,-0.068564,0.279791,-0.237274,0.011322,-0.027709,-0.03932,-0.12632,0.055173,-0.001722,-0.182154,0.013527,-0.040877,-0.03699,0.064588,0.256548,-0.159849,0.145972,0.095355,-0.161261,-0.115723,0.107771,0.301046,-0.084643,-0.133284,-0.174932,-0.148706,-0.206051,-0.039008,0.071265,0.162231,0.096068,-0.230252,0.161155,-0.206897,0.170079,-0.129263,-0.074382,0.193589,-0.002568,0.318437,0.42178,-0.218277,0.111987,-0.070483,-0.125366,0.046195,0.329647,0.092252,0.305315,0.019895,0.03624,-0.247761,0.267348,0.011208,0.203184,-0.201889,-0.12685,-0.08715,0.033273,-0.12701,0.104168,0.27162,-0.065341,0.077603,-0.058137,-0.259598,-0.036173,0.156552,-0.125618,0.020527,0.049059,-0.125496,0.091003,-0.011115,-0.140273,0.186562,0.139491,0.216673,-0.086107,0.057294,-0.075754,0.238922,0.067558,#
14,0.062886,0.174441,-0.21784,-0.042999,0.022308,0.111255,0.155794,0.257142,0.029112,-0.420522,0.164561,-0.111208,0.046835,-0.075786,1.0,0.110728,0.068043,-0.196449,-0.007309,-0.102215,-0.035826,0.453358,0.102706,-0.058824,-0.072982,0.117952,-0.025362,0.082854,0.229364,0.123001,-0.301024,0.305667,0.030937,0.063052,-0.109033,-0.137969,0.025811,0.028656,0.370494,0.130207,-0.1824,0.040935,0.076221,-0.157236,-0.199864,0.385406,0.254726,-0.320858,0.098585,0.032554,0.016031,0.037615,-0.155481,-0.214836,0.042746,0.152988,-0.113406,0.305722,-0.371756,0.103615,0.247842,-0.190118,-0.079917,0.399643,0.259127,0.216543,-0.313295,0.036236,0.073094,-0.158075,-0.019222,-0.114237,0.188174,-0.156881,-0.227421,-0.113577,-0.117834,0.177813,-0.279004,-0.278592,-0.086176,-0.226134,-0.138695,-0.145322,-0.288492,-0.057095,-0.168791,-0.28878,-0.161313,-0.154436,-0.037199,-0.123011,0.079959,-0.094242,-0.126011,-0.087378,-0.307117,-0.232042,-0.269103,-0.147072,0.024554,-0.025207,-0.248121,-0.320047,-0.102532,0.079608,-0.161635,-0.131204,0.06837,-0.19041,-0.343269,-0.047239,-0.212609,0.089753,-0.388344,0.002357,-0.256323,0.035281,-0.182755,-0.103574,-0.141912,-0.303029,-0.133195,-0.051587,0.108014,-0.136612,0.103345,-0.119102,-0.268609,-0.347449,0.077833,-0.516805,-0.246829,-0.413453,-0.335047,-0.122654,-0.112645,-0.238641,0.08647,-0.192217,-0.238018,-0.335829,-0.273252,-0.197867,-0.380312,-0.153769,-0.174579,-0.090588,-0.113117,-0.363118,0.023633,-0.127797,-0.089944,-0.122218,-0.235777,-0.253843,0.036014,0.064576,-0.371444,-0.140984,-0.188236,-0.156689,-0.011894,-0.385502,-0.192015,0.223566,-0.025453,0.04102,-0.26075,-0.202492,0.024548,0.14832,-0.307941,-0.062096,0.256205,-0.124435,0.029301,0.114314,-0.004172,-0.184037,0.099611,0.306879,0.176654,0.159997,0.21384,-0.144314,0.069818,0.108912,0.278926,-0.00832,-0.405429,0.41372,0.097981,0.086831,-0.056997,-0.041473,0.176424,-0.274179,0.00498,0.098807,#
15,0.022244,-0.062595,-0.193807,-0.093694,-0.009652,0.013051,0.169545,-0.177119,-0.039117,-0.063118,0.111555,0.340842,0.091041,0.000682,0.110728,1.0,0.030704,-0.437062,0.075877,-0.195921,0.052854,0.03422,-0.107987,-0.143521,-0.298407,0.052822,-0.148477,-0.060721,0.171908,-0.040974,-0.303098,0.002711,-0.100075,-0.070119,0.140822,0.015586,-0.188136,0.105747,-0.256972,0.207917,-0.046523,-0.078296,-0.03646,-0.174293,-0.006763,0.174672,0.083681,-0.193507,0.228006,0.038956,0.10401,-0.112919,-0.024566,0.031098,-0.163435,0.040864,-0.038889,0.022763,0.03003,0.085785,-0.018089,0.088398,0.100659,0.257077,-0.034458,-0.144273,-0.24508,0.178948,-0.046356,-0.26131,-0.017747,-0.024365,0.006725,-0.175716,-0.121173,0.113008,-0.197914,0.129873,-0.145767,-0.312514,-0.101131,-0.142006,-0.142372,-0.128725,-0.039461,-0.149881,-0.135899,-0.170138,0.001823,-0.0249,0.154662,-0.096123,0.238023,-0.441971,-0.195606,-0.002261,-0.172913,-0.317974,-0.246081,0.040354,0.215206,0.010505,-0.221747,-0.068644,-0.053029,0.079765,-0.41588,0.008407,-0.226959,-0.080727,-0.456178,-0.343491,-0.208019,0.092862,-0.193146,-0.085114,0.015688,-0.044414,-0.470861,0.124993,-0.060421,-0.199876,0.027901,0.278941,0.140989,-0.189127,-0.105419,-0.048626,-0.12257,-0.131044,-0.123347,-0.175283,-0.174058,0.090723,-0.152284,-0.100224,0.010084,-0.24568,-0.137349,-0.001048,-0.082037,-0.195079,-0.079663,-0.045085,-0.371563,0.163844,-0.318137,-0.096527,-0.225905,-0.417778,-0.044564,-0.142057,-0.327627,-0.094718,-0.320739,-0.105923,-0.039699,-0.096806,-0.152048,-0.083525,-0.390581,-0.376012,-0.038489,-0.36279,-0.230446,0.086448,-0.065282,0.215046,0.082583,-0.287258,0.044855,0.052911,-0.179504,-0.023399,0.176078,-0.267715,-0.224379,0.053891,-0.213071,-0.156487,0.113427,0.064605,0.513721,0.243178,0.250259,-0.086356,0.071406,-0.05982,0.58514,-0.017501,-0.332731,0.367782,0.315019,0.046925,0.066285,0.166007,0.426384,-0.093234,-0.188312,0.142891,#
16,0.08496,-0.008407,-0.048268,0.162394,0.153145,-0.070249,-0.056961,0.08158,-0.065104,-0.394258,0.109572,-0.127765,0.033898,-0.243148,0.068043,0.030704,1.0,-0.192707,-0.062105,-0.100241,-0.197351,0.068057,-0.07052,0.10842,-0.120497,-0.114007,-0.23005,-0.023539,-0.004713,-0.074534,-0.067667,0.183615,-0.038026,-0.297609,0.084545,-0.402566,-0.063837,0.057982,0.053898,0.042508,-0.102792,-0.079484,-0.189247,-0.109721,0.195285,0.234187,0.0131,-0.185199,-0.083987,0.021586,0.159372,-0.021979,0.118207,0.001638,0.146284,0.199323,-0.147888,0.005913,-0.251605,0.027371,0.076475,-0.287873,0.079009,0.168915,0.057247,-0.019805,-0.047815,-0.191208,-0.057934,0.104947,-0.138964,0.081618,0.178322,-0.113212,-0.299084,0.107666,-0.11955,-0.013489,-0.010767,-0.02895,0.009295,-0.085035,0.076622,0.108863,-0.029057,-0.037784,-0.021428,-0.031178,-0.156313,-0.179247,0.172441,-0.106542,0.012187,-0.193604,-0.091338,-0.172391,-0.024341,-0.090221,-0.033527,-0.109537,0.287212,0.036805,-0.185377,0.022813,-0.045598,-0.275313,0.222432,-0.084062,-0.058719,0.133574,-0.21207,-0.059217,-0.040608,-0.059645,-0.145045,0.099578,0.195801,-0.184193,-0.031045,0.26396,-0.095517,0.131289,-0.343123,-0.123369,-0.010489,-0.143873,-0.235696,0.241998,-0.194346,0.052618,-0.155953,-0.211808,0.033398,-0.238153,0.044498,-0.063353,0.045496,-0.37178,-0.398008,-0.045906,-0.087021,0.175303,-0.035997,0.131438,-0.180123,-0.011697,-0.120818,0.147229,-0.060136,-0.030651,0.175778,0.122153,-0.005625,-0.132629,-0.343229,-0.194996,-0.227264,0.049429,-0.063328,-0.186071,-0.141674,0.091607,-0.080232,-0.245986,0.024053,-0.033528,-0.102415,-0.163899,0.002944,0.115415,0.265872,-0.067084,-0.069015,0.12995,-0.165912,-0.140819,-0.087262,-0.153598,-0.262316,-0.073936,0.02333,-0.210872,0.356854,0.113254,0.009175,-0.127164,0.078052,-0.028516,0.13315,-0.13634,-0.088709,0.225561,0.110853,0.204744,0.075987,0.123285,0.069999,0.136626,-0.375373,0.143011,#
17,0.048705,0.038255,0.207201,-0.089337,0.028503,0.019254,-0.122297,-0.125635,0.26864,0.260835,-0.233967,-0.123969,0.188717,0.241497,-0.196449,-0.437062,-0.192707,1.0,0.055622,0.258825,0.123138,-0.198405,0.358119,0.069713,0.284322,-0.230693,0.190028,0.121901,-0.080229,0.019785,0.308501,0.053372,0.097639,0.132433,-0.277684,0.055216,0.307413,-0.225036,0.117765,-0.250207,0.076935,0.271611,0.122648,0.00688,0.162693,-0.324542,0.258069,0.46964,-0.126053,-0.019886,0.036999,-0.032491,-0.117585,0.04465,-0.287606,-0.150689,-0.031153,0.012869,0.086937,-0.097833,-0.09618,0.062805,-0.127648,-0.374757,-0.165758,0.125001,0.191584,0.10282,0.253053,0.31935,0.06608,-0.079591,-0.266104,0.183484,0.135629,-0.166967,0.159848,-0.287298,0.048275,0.20054,0.031031,0.106768,-0.001492,0.213875,0.121252,0.163008,-0.159054,0.174707,-0.044649,0.006753,-0.0889,0.00218,-0.357042,0.398968,0.175592,-0.012571,0.179387,0.177957,0.32212,-0.094801,-0.241439,-0.170814,-0.103399,0.11185,0.193036,0.139837,0.111931,0.178784,0.128081,-0.070609,0.491798,0.201917,0.261706,-0.122498,0.217952,-0.171824,-0.141501,-0.131888,0.615977,-0.381687,0.003401,0.100095,0.004753,-0.331037,-0.307671,0.249991,0.010949,0.177243,-0.122991,-0.051935,0.169129,0.250881,0.234737,0.189476,0.135706,0.009311,-0.051568,0.334572,0.362438,-0.034525,0.125201,0.015113,-0.007658,-0.145712,0.059144,-0.047608,0.336575,0.311708,-0.181124,0.492855,-0.133323,0.134199,0.224844,0.019136,0.179165,0.284675,0.277869,0.15967,-0.014007,0.305915,0.211221,0.369979,0.115402,0.643874,0.319466,0.059614,0.002092,-0.166384,-0.338136,0.216889,-0.08586,0.221977,0.092094,-0.193998,-0.20697,0.197581,0.308782,0.164025,0.389147,-0.190559,0.096241,-0.172688,-0.738498,-0.227461,-0.08125,0.017354,-0.055872,0.12515,-0.571025,0.155937,0.117284,-0.454536,-0.140612,-0.022546,-0.071213,-0.055383,-0.119057,-0.015589,0.265706,-0.253306,#
18,0.115043,-0.170319,0.04547,-0.149251,-0.077166,-0.082344,0.180319,0.112687,0.277202,-0.225916,0.044408,-0.175219,0.045407,0.219761,-0.007309,0.075877,-0.062105,0.055622,1.0,0.045137,-0.037435,0.14148,-0.061505,-0.116832,-0.510639,-0.163749,-0.009577,0.380534,0.087033,-0.380702,0.020213,0.223192,0.097086,-0.150014,0.031067,0.049253,0.174076,0.444986,-0.12922,-0.220551,0.298426,-0.098286,-0.160844,-0.037017,-0.143649,-0.276411,0.243897,-0.088575,-0.065872,0.0807,-0.236863,0.244349,0.024109,0.025635,-0.313686,-0.155627,0.0349,-0.002896,0.046574,-0.191209,-0.080934,-0.003174,0.052975,-0.095289,0.054829,0.070852,0.378273,-0.106462,0.072958,-0.067483,-0.003647,-0.001878,-0.121455,0.112097,0.090114,-0.204967,0.268547,-0.331519,0.040743,0.018334,-0.014075,0.068521,-0.008374,-0.143274,0.040475,0.137043,0.064197,0.046207,-0.039423,0.222944,0.284219,0.117426,-0.050837,0.093213,0.185024,0.143949,0.072521,0.137262,0.009945,-0.13202,-0.021281,-0.044887,-0.032184,0.127898,-0.012202,0.111122,-0.042679,-0.027624,0.332887,0.025941,0.111752,-0.058236,0.237107,0.195838,0.1468,-0.223145,0.131603,0.340419,0.110496,-0.058029,0.125391,-0.052248,0.20924,0.124907,0.011388,0.060141,0.004836,0.225647,0.214246,0.157872,0.216182,0.324347,0.064771,-0.19943,0.3242,0.016156,-0.016709,0.128301,-0.103351,0.050868,0.128404,-0.02262,-0.117606,0.000916,0.087125,0.139847,0.156221,0.067986,-0.093471,0.229592,0.279543,0.102462,0.231445,-0.126881,0.160655,0.048331,0.097818,0.035132,0.068595,0.043171,-0.083092,-0.006931,0.012752,0.070492,0.459266,-0.022361,0.150939,-0.007033,-0.15872,0.374217,-0.408228,0.407452,0.201479,0.080791,-0.099901,0.12434,0.095299,0.008629,-0.108002,0.100166,0.019485,0.096277,-0.072138,-0.1243,-0.028405,0.129341,0.228834,0.090709,-0.020251,-0.35422,0.126734,-0.166207,-0.029322,-0.028939,0.011071,0.117048,-0.013598,0.00533,0.103547,-0.122937,#
19,-0.232005,-0.093349,-0.020622,0.092731,-0.153124,-0.043817,-0.104689,-0.056144,-0.014341,-0.032331,0.179691,-0.221734,-0.089954,-0.121919,-0.102215,-0.195921,-0.100241,0.258825,0.045137,1.0,0.021713,0.186409,0.061272,0.126255,-0.018387,0.187625,0.151483,0.183428,-0.121313,0.042587,0.355488,-0.097022,0.149658,0.100435,0.256244,-0.170446,-0.031331,0.020937,-0.109836,-0.047367,-0.074748,0.113439,-0.152253,-0.091187,0.006095,-0.097393,-0.073551,-0.046696,-0.090792,-0.119666,0.052516,0.073816,-0.138595,-0.026578,-0.135946,0.150006,-0.074784,-0.018264,0.021609,-0.371057,0.046684,-0.162251,0.186142,-0.118555,0.02294,-0.043516,0.325105,-0.040531,0.002963,0.267586,-0.067706,0.015685,-0.072773,0.18618,0.193689,-0.198279,0.17123,0.002869,0.166823,0.118883,0.119751,0.193039,0.087798,0.05399,0.177454,0.226046,-0.034476,0.153979,0.211147,0.046006,0.101568,0.029509,-0.179866,0.203271,0.177396,0.121073,0.235985,0.018166,0.084529,0.134591,-0.225756,-0.145403,-0.040089,0.218437,0.163117,0.288823,-0.012609,0.33678,0.128053,0.167571,0.398852,-0.200739,0.181366,-0.039711,0.21005,0.229093,0.286593,0.116699,0.261238,0.014103,0.079522,0.254483,0.039061,-0.07587,-0.215853,0.235858,0.189109,0.171964,0.112737,-0.03612,0.160677,0.158504,0.109383,0.018539,0.182981,0.045158,-0.227075,0.23014,-0.082348,0.266345,0.307411,0.006948,0.098381,0.077745,0.183849,0.114871,0.35611,-0.032483,0.25334,0.257339,0.15454,-0.023974,0.279199,0.360059,0.20721,0.349796,-0.012767,-0.240848,0.309643,0.201858,0.016885,0.21761,-0.007206,0.398517,0.143981,-0.066941,0.205516,0.158848,-0.008506,0.151187,-0.176933,-0.151128,0.131039,0.183913,-0.083782,0.293859,0.327745,-0.003778,0.092589,0.205374,-0.057411,-0.067994,-0.428452,0.035011,-0.113404,0.3057,-0.136296,0.175687,-0.197423,0.066484,0.02508,-0.228121,-0.266987,-0.239819,-0.114071,-0.015005,-0.116493,0.179893,-0.001341,-0.002077,#
20,-0.320903,-0.068699,-0.285032,-0.186512,0.056467,0.207197,0.010539,0.061087,-0.17583,0.052614,-0.078438,-0.046313,-0.051298,0.153366,-0.035826,0.052854,-0.197351,0.123138,-0.037435,0.021713,1.0,-0.204794,0.141326,-0.106103,-0.012992,0.084276,0.095237,0.038732,0.002095,0.155502,-0.003912,0.074119,0.187357,-0.023538,0.001165,0.110193,-0.053014,-0.025278,-0.048938,-0.164109,0.151721,-0.018262,0.178237,0.149733,-0.004069,-0.094421,-0.15513,0.079133,0.245547,-0.35553,-0.018653,-0.277829,-0.089913,-0.165104,-0.208048,-0.047469,0.21213,-0.226176,0.180903,0.209597,-0.093822,-0.084735,-0.16923,-0.076901,-0.202182,0.172845,-0.07338,0.332383,0.117838,0.029429,0.118246,-0.010161,-0.121393,0.060927,0.209174,-0.043496,0.240036,0.190831,-0.152008,-0.012163,-0.058048,-0.004127,-0.022752,-0.023581,0.0242,-0.026849,-0.040174,0.14747,0.038033,0.280892,-0.192311,0.00046,-0.104462,-0.147503,0.0018,0.101366,-0.096105,-0.104329,-0.084901,0.221327,-0.06712,0.070667,-0.052006,-0.117513,-0.006127,-0.060878,-0.13523,-0.162204,0.193334,-0.337633,0.190856,0.062152,-0.122992,-0.131879,0.121806,0.05674,0.03581,0.120578,-0.141769,-0.050621,0.145723,0.039018,0.074441,0.050312,-0.133645,0.123489,0.035153,0.229867,0.050166,-0.073686,-0.124241,0.070869,-0.207282,0.011687,0.002275,0.071949,-0.259456,0.05595,0.14338,0.128168,-0.026602,-0.118408,-0.179758,-0.130634,-0.08428,-0.028418,0.264508,0.183107,-0.001924,0.04802,-0.129647,0.078428,0.038892,-0.089336,-0.112435,-0.058944,0.101004,0.018431,-0.143863,0.01201,-0.072701,-0.027637,0.000568,0.119201,-0.178549,0.096583,0.009135,-0.017399,-0.131481,0.266359,-0.010073,-0.067972,-0.206289,-0.060178,0.02975,-0.007071,0.066737,-0.066551,-0.006474,-0.10599,0.16646,-0.166719,-0.073262,0.118606,0.155965,-0.313194,0.006219,-0.082803,0.040936,0.021115,-0.015954,0.146384,-0.020918,-0.274522,-0.01655,0.119108,-0.025066,-0.050054,-0.042851,0.086748,#
