0,1.0,0.211152,-0.025836,-0.049536,0.246474,0.124164,0.0081,-0.111729,0.208203,0.113059,-0.132347,-0.061037,-0.022658,0.159764,0.257889,-0.002834,0.12899,-0.027116,-0.09595,-0.124601,-0.12385,-0.149893,-0.164957,-0.088057,0.216277,-0.387453,0.100082,-0.122846,0.187747,0.115294,-0.357466,-0.022065,-0.106666,-0.167945,0.120568,0.124072,0.093457,-0.145311,-0.059164,0.138114,-0.062582,-0.037731,-0.406783,-0.130021,0.258538,-0.248169,0.123114,0.035976,0.039282,-0.048364,-0.063804,-0.154026,0.037875,0.06186,0.134379,0.028178,-0.136693,0.06202,-0.16183,0.263312,0.179241,0.370026,0.120969,-0.261551,-0.240748,-0.039115,0.003516,0.013251,0.099246,-0.027886,0.027002,-0.026583,0.084388,-0.018126,-0.097282,0.146762,-0.199667,-0.32463,-0.088256,-0.048206,0.014172,-0.186002,-0.054507,-0.290076,-0.178644,0.019975,-0.165218,-0.057665,-0.052724,-0.342556,-0.066905,-0.297334,-0.03799,0.055846,-0.043766,-0.087669,-0.006796,-0.006731,-0.019327,-0.149379,-0.056445,-0.202325,-0.190734,0.075655,-0.012113,-0.114257,0.06766,-0.076116,-0.027583,-0.404138,0.104797,-0.080214,-0.05188,-0.229315,-0.197145,-0.349962,0.040479,-0.166163,0.089257,-0.250713,-0.015043,-0.02606,-0.240851,0.004067,0.12978,-0.088399,-0.081433,0.086683,-0.220682,-0.055701,-0.056006,-0.185673,-0.30598,0.014479,0.048591,-0.179758,-0.001638,-0.136453,0.084987,-0.141437,-0.058342,-0.291746,0.061993,-0.458171,-0.218977,-0.222047,-0.158095,0.252663,-0.05373,-0.024046,-0.303465,-0.009388,0.194542,-0.277408,0.035058,0.090301,0.064304,0.118464,-0.032482,-0.13051,-0.165701,-0.144312,0.201234,-0.008669,-0.188489,0.165095,-0.002331,0.261808,-0.131212,-0.307027,0.105607,0.018871,0.003894,-0.04629,0.072287,-0.239039,0.0095,0.073674,0.205414,-0.343731,0.144203,0.029219,-0.05811,0.144647,0.096293,-0.130607,0.321906,-0.147017,0.062305,0.148722,-0.316653,0.039715,0.061392,0.134868,-0.18766,0.096222,-0.130931,-0.187503,0.038877,-0.141181,#
1,0.211152,1.0,-0.147148,-0.024739,0.216698,0.287116,0.192698,-0.298907,0.210917,0.140024,0.04486,-0.032481,0.039103,0.225902,0.129786,-0.098298,-0.168935,0.210615,-0.131415,0.098538,0.142673,0.362934,0.244371,-0.040773,0.082089,-0.252109,0.274225,-0.014858,0.233727,0.311034,-0.406314,-0.198585,0.062689,-0.453617,-0.129257,0.11299,0.273103,-0.578147,-0.020548,0.17124,0.138495,0.26794,0.029495,-0.045263,0.044252,0.055446,0.079651,0.285653,-0.013673,-0.012804,-0.229742,-0.423904,0.055403,-0.227201,0.045731,0.01172,-0.126489,0.307235,0.086387,0.298492,0.227339,0.155172,0.176832,0.045861,-0.03599,0.272637,-0.044663,0.285527,0.391235,0.079228,-0.315751,-0.171518,0.162185,-0.158054,-0.284367,0.172443,-0.326832,-0.134649,-0.267804,-0.098461,-0.139856,-0.628293,-0.296959,-0.190198,-0.11355,-0.222035,0.066619,-0.375218,-0.082483,-0.090534,-0.247138,-0.205552,-0.179942,-0.010605,-0.295049,-0.188403,-0.290693,-0.348983,-0.094146,-0.321787,0.088919,-0.166032,-0.151649,-0.052963,0.068704,-0.151678,-0.285655,-0.482654,0.061798,-0.105783,0.092473,-0.097945,-0.383521,-0.299222,-0.029648,-0.134693,-0.20835,-0.089173,0.039239,-0.314988,-0.14316,-0.25012,-0.329009,-0.315704,-0.00276,-0.098004,0.037471,0.27281,-0.202317,-0.258108,-0.170358,-0.294891,-0.17529,-0.195106,-0.268761,-0.377364,-0.202058,-0.283639,0.222709,-0.633816,-0.255702,-0.234455,-0.149095,-0.209948,0.006951,-0.231779,-0.161382,0.340306,-0.067058,0.065229,-0.384174,-0.255506,-0.143194,-0.200178,-0.052496,0.059494,-0.057183,0.415619,-0.13249,-0.342251,-0.10039,-0.089315,-0.159109,0.162393,-0.185363,0.423298,-0.121979,-0.215748,-0.169574,-0.304769,-0.056187,0.005318,-0.325743,-0.130409,0.157176,-0.399002,-0.299087,0.067452,0.454258,-0.374925,0.476881,-0.128813,-0.216338,0.345766,0.427189,-0.269643,0.028792,-0.048338,-0.115356,0.469664,-0.332215,0.426822,0.38159,0.301065,0.033128,-0.208161,0.003265,-0.206205,-0.149011,0.044547,#
2,-0.025836,-0.147148,1.0,0.189827,-0.001176,-0.020381,0.065105,0.076346,0.266836,-0.067985,0.010063,0.206076,-0.396626,0.083145,-0.160747,-0.277587,-0.185355,0.217041,-0.014997,0.118989,-0.245102,-0.159075,0.009184,0.033873,0.156873,0.014433,-0.135419,0.00079,0.138299,-0.130142,0.085938,0.214794,-0.225153,0.140448,-0.044905,-0.034494,-0.003613,-0.029726,-0.147585,-0.255831,-0.223946,-0.008429,-0.028031,-0.008551,-0.093434,-0.133611,0.083496,-0.040549,-0.071471,0.349121,0.001336,0.213939,0.058455,0.121411,-0.127137,-0.038429,0.081734,-0.090875,-0.362268,-0.118422,0.225551,0.066554,-0.000244,-0.067189,-0.033688,0.06943,0.133069,-0.050669,-0.116344,0.216699,0.257339,0.105458,0.097991,0.162974,0.089025,0.122185,-0.10518,-0.081005,-0.058736,-0.068165,0.160289,0.096997,-0.116028,0.358744,0.100562,0.127148,-0.160651,0.044406,0.016741,-0.10131,0.113899,0.147218,0.084591,0.20408,-0.05396,-0.030443,0.191409,-0.08572,0.312638,0.166681,-0.229573,-0.127593,-0.015945,0.287068,-0.056844,0.074478,0.302187,0.226741,-0.016208,0.036566,0.071049,0.146618,0.042835,0.278422,0.084991,0.213273,-0.278624,0.036836,0.156635,0.265205,-0.022077,0.252034,0.31553,-0.048078,-0.194584,0.124743,0.074312,-0.36587,-0.273066,-0.005079,0.279106,0.034991,-0.069791,0.138448,0.025782,0.125839,0.131569,0.357342,-0.114418,0.1235,0.343453,0.0617,-0.091755,-0.14305,0.106479,-0.020024,0.198214,0.006703,-0.013281,0.08698,0.200636,0.102313,0.242207,0.380415,0.200017,-0.008691,0.017947,0.067234,0.327364,0.170062,0.004544,-0.087902,0.393979,0.193443,0.187749,-0.111941,0.014517,-0.144743,0.117611,-0.009071,-0.007013,0.044969,0.03682,0.056586,-0.131171,0.176187,0.159396,0.267954,-0.171031,-0.124742,-0.09586,-0.003933,0.136472,-0.182484,-0.081523,0.295789,0.045409,-0.00892,-0.233674,0.091058,0.026805,-0.233273,-0.015616,0.053204,-0.242751,-0.040014,-0.031027,-0.171737,0.071261,0.063005,#
3,-0.049536,-0.024739,0.189827,1.0,0.00439,-0.103529,0.035416,0.137705,-0.188209,0.211137,0.013958,0.005694,-0.032682,-0.156591,-0.068778,0.063495,-0.09528,-0.020673,-0.285398,0.110231,-0.133988,0.018453,-0.220555,0.101744,0.173376,0.023513,-0.286366,-0.165955,-0.086838,-0.15386,0.211156,-0.152926,0.143387,0.328535,0.123688,-0.130464,0.097243,0.161839,-0.15724,0.041675,-0.042571,-0.038751,-0.069576,-0.131516,0.301658,0.079953,-0.387496,-0.257934,0.210475,0.140957,0.170712,0.102351,0.222512,0.067344,-0.062386,-0.107399,0.00016,0.139214,-0.120718,-0.214799,-0.125634,0.175649,0.172618,0.134277,-0.025536,-0.173494,-0.127192,-0.296306,-0.28371,-0.006103,-0.152332,0.000605,0.271498,0.168991,0.028604,0.031218,0.007088,0.320715,0.264627,-0.030484,0.213176,0.211137,0.023159,0.021987,0.119823,0.026892,0.229777,-0.125953,0.108004,-0.147479,0.097896,0.06146,0.378269,-0.004101,0.031423,-0.203679,-0.113696,0.077965,0.218859,0.286714,-0.093531,0.019402,0.389566,0.300358,0.11503,0.090048,0.003388,0.010381,-0.196711,-0.058315,-0.216501,-0.131672,0.106114,0.267937,-0.058968,0.399586,0.270126,0.027005,-0.063039,0.104966,0.167737,0.123062,0.118585,0.262118,-0.069354,0.047778,0.048574,-0.151924,0.032412,0.269795,-0.008444,-0.040147,0.273537,0.346701,0.109909,0.387676,0.171969,0.173253,-0.280584,0.120358,0.067739,0.134517,0.08359,0.056311,0.268344,0.198131,-0.050427,-0.183379,0.1871,-0.102833,-0.038794,-0.103259,0.031441,0.294382,0.249539,0.260975,-0.241253,-0.051068,0.211976,0.223818,0.31397,0.081269,0.144965,0.103434,0.009132,-0.20011,0.048589,-0.213305,0.300919,0.188331,-0.007911,-0.26879,0.083401,0.12566,-0.221915,0.162976,-0.098326,-0.068731,-0.337449,-0.165325,-0.168664,-0.284871,0.115969,-0.020492,-0.249153,0.042508,-0.369901,-0.012788,0.073409,-0.295764,-0.009227,-0.092459,-0.255905,0.020311,0.089454,0.06072,-0.137864,0.096683,0.104544,0.144147,#
4,0.246474,0.216698,-0.001176,0.00439,1.0,0.109947,0.152998,-0.016035,0.257373,0.038134,-0.062319,0.121107,0.077869,0.116271,-0.002606,-0.007668,0.226545,0.108206,0.15036,0.047605,0.16791,-0.17879,0.351639,0.055941,-0.163521,-0.312705,0.172931,-0.040138,0.215466,0.06401,-0.192776,0.057495,-0.014881,-0.161396,-0.016737,0.066951,0.219329,-0.373394,-0.123812,-0.062591,0.097043,0.192618,-0.219567,-0.295951,0.22728,-0.094605,0.077201,0.381101,0.251456,-0.030195,0.064326,-0.372847,0.352062,-0.276328,-0.085428,-0.083616,-0.130869,0.028718,0.206917,0.041204,-0.074988,0.308433,-0.051772,-0.137386,-0.184334,0.19674,0.120715,-0.001565,0.254239,0.062598,0.028283,-0.18944,0.117897,-0.171623,-0.172232,0.219129,-0.184612,-0.352911,-0.260924,-0.110567,-0.214568,-0.238329,-0.255999,0.315538,-0.275067,-0.028334,-0.214549,-0.164782,0.123401,-0.222045,-0.276653,-0.293643,-0.051538,-0.269256,-0.182656,-0.292648,-0.310417,-0.304662,-0.206499,-0.200639,-0.147424,-0.245806,-0.292152,0.134287,-0.096283,-0.253968,0.087782,-0.245298,-0.013421,-0.088963,0.289141,0.144414,-0.012902,-0.330525,-0.117638,0.005338,-0.017846,-0.287468,0.251802,-0.27682,0.069987,-0.205769,-0.273271,-0.5555,0.016833,0.059708,-0.054124,0.197955,0.072825,-0.427335,-0.063211,0.047222,-0.006096,-0.049245,-0.245564,-0.114558,-0.173758,-0.243279,0.056854,-0.189329,-0.181064,-0.089341,-0.269216,-0.207713,-0.220337,-0.05403,0.057536,0.199475,-0.348145,-0.177134,-0.302489,-0.047976,0.254484,-0.371186,0.133634,-0.189256,0.003588,0.379496,-0.182246,-0.218015,0.138909,-0.17646,0.108907,0.066022,-0.104691,0.161333,0.145992,-0.018529,-0.119327,0.016771,-0.103311,0.2994,-0.270942,-0.09018,0.06593,-0.130406,-0.243022,0.169478,0.262122,-0.198876,0.349101,-0.106253,-0.094959,0.046604,0.020479,-0.037086,0.046667,-0.038517,-0.167743,-0.031584,-0.067708,0.116624,0.183891,0.267829,-0.260622,0.193059,0.200303,-0.079717,0.025434,0.067491,#
5,0.124164,0.287116,-0.020381,-0.103529,0.109947,1.0,0.214294,0.036511,0.432366,-0.019203,0.260097,0.064491,-0.107552,0.216733,0.00433,0.032094,0.079626,-0.110986,0.051329,-0.112088,-0.001276,0.247697,0.331775,-0.319167,0.079192,-0.380719,0.158497,-0.102297,0.021767,0.231756,-0.281853,0.110039,-0.149521,-0.271905,-0.15681,0.209194,0.172007,-0.115401,0.23316,-0.124824,0.126626,0.113046,0.140211,-0.209524,-0.304809,0.019777,0.204928,0.047976,0.138398,-0.010537,0.011198,-0.010317,0.024269,-0.188914,0.247959,0.257477,-0.511546,0.358273,-0.196668,0.263622,0.192482,0.056855,0.07392,0.015373,-0.076488,0.134893,0.010531,0.27136,0.200816,0.085842,-0.129258,-0.096257,0.035476,-0.351516,-0.26952,0.284363,-0.198051,-0.138822,-0.104918,-0.236018,-0.242962,-0.412343,-0.020753,0.223696,-0.335667,0.026124,-0.190207,-0.156663,-0.051929,-0.156007,0.030786,-0.237672,-0.095665,-0.046248,-0.17395,-0.135132,0.049832,-0.13885,-0.040591,-0.387575,0.144785,-0.153278,0.068567,-0.194011,-0.143625,-0.318897,0.122477,-0.255765,0.113501,0.061305,-0.058693,-0.136474,-0.212055,-0.353884,0.006661,-0.260302,-0.19971,-0.264192,0.152406,-0.092052,-0.106516,-0.254018,-0.22902,-0.191813,0.070826,-0.011692,0.16382,0.293347,-0.228727,-0.27492,-0.224657,0.022969,-0.165309,-0.390829,-0.086751,-0.13125,0.008326,-0.189883,0.105052,-0.430538,-0.315751,-0.189012,-0.268996,-0.185138,-0.109181,-0.322213,-0.078423,0.30585,-0.213067,-0.216494,-0.133491,-0.08893,0.168852,-0.26044,-0.112799,-0.130353,0.168514,0.113122,-0.141652,-0.140541,-0.137688,-0.117216,-0.078048,0.002149,0.04984,0.178959,-0.180228,-0.226734,-0.251518,-0.251516,0.149104,0.101252,-0.019368,-0.16747,0.217664,-0.28769,-0.238946,0.342577,0.288587,-0.067624,0.295362,0.034863,-0.13777,0.34769,0.156443,-0.09751,0.09628,0.060789,-0.136891,0.386598,-0.225091,0.20668,0.146483,0.366628,-0.057918,0.18651,0.081228,-0.202182,-0.198474,0.032353,#
6,0.0081,0.192698,0.065105,0.035416,0.152998,0.214294,1.0,-0.103621,0.176794,0.115946,0.211905,-0.009968,0.088947,0.074641,0.13789,0.123203,-0.041238,0.03901,0.127516,0.004035,0.231667,0.122881,0.164824,-0.254664,-0.121823,-0.279604,0.13337,-0.108453,0.325657,0.100365,-0.212736,0.077901,-0.018961,-0.210432,0.008425,0.003097,0.185094,-0.125214,-0.094379,-0.021722,-0.0934,0.150458,0.093584,-0.202003,-0.110087,-0.119181,0.067811,-0.030711,0.150996,0.217583,0.101709,-0.287237,-0.015916,-0.128097,-0.184439,0.003809,0.133437,-0.05824,-0.198508,0.188346,0.055889,0.151241,-0.062889,0.014753,-0.224413,-0.093853,0.158377,0.069489,0.076994,0.138846,0.076338,-0.231294,0.025364,-0.074699,-0.131945,0.074791,-0.051006,-0.248622,-0.38027,-0.106859,-0.031247,-0.216188,-0.066444,0.039835,-0.185572,0.100464,-0.134808,-0.109224,0.079208,-0.17195,-0.088273,-0.105172,0.063172,0.028256,0.09582,-0.07704,-0.246688,-0.185079,-0.322692,-0.085558,0.065424,-0.357301,-0.146344,-0.028866,-0.016661,-0.068855,0.058533,-0.118131,-0.08632,-0.020113,-0.017597,-0.141864,-0.217921,-0.060444,-0.108514,-0.094431,-0.238564,-0.193937,0.056759,-0.026952,-0.044995,-0.175362,-0.094968,-0.231738,-0.308491,0.300181,-0.027817,0.253629,-0.049636,-0.197749,0.054073,0.01326,-0.076951,-0.000495,-0.039506,-0.075686,-9.3e-05,-0.305999,-0.098052,-0.11039,0.029632,-0.023125,0.040687,-0.094689,-0.297718,-0.251979,0.073616,0.341418,-0.057237,0.042939,-0.171558,-0.115956,0.054753,-0.085106,0.127356,-0.054527,0.001916,0.268969,-0.184824,-0.080169,0.002916,-0.138259,-0.104012,0.067786,0.096894,0.051305,-0.130392,-0.180337,-0.091206,-0.104133,0.089738,-0.00223,-0.121969,-0.096284,0.014395,0.111147,-0.156984,0.320204,0.155498,-0.183203,0.007521,0.060378,0.250082,0.221033,-0.002431,0.090471,0.063034,-0.157427,-0.044319,-0.056805,-0.181103,0.266521,0.182508,0.336637,0.149875,0.227744,-0.051674,-0.111963,-0.101685,0.027531,#
7,-0.111729,-0.298907,0.076346,0.137705,-0.016035,0.036511,-0.103621,1.0,-0.253433,-0.354677,-0.041017,-0.264571,-0.009091,-0.109647,0.179093,-0.058269,-0.096509,-0.207181,-0.033303,0.012909,-0.118752,0.161745,-0.005322,0.126851,0.221722,0.118432,-0.006619,0.144554,-0.158697,-0.114234,0.169395,0.221111,0.331691,0.111211,0.029469,-0.007645,-0.053153,0.310295,0.062054,-0.219602,0.039174,-0.003432,0.19877,0.043963,0.027995,-0.061544,0.1546,0.166249,0.072101,-0.30825,-0.044305,0.145329,-0.086536,-0.143024,-0.103877,-0.050358,-0.066338,-0.035091,-0.067967,-0.332952,-0.406469,-0.259633,-0.325337,0.086069,-0.048194,0.093105,0.069035,0.015645,-0.172853,0.039457,-0.11327,-0.054812,0.167312,-0.043239,0.238921,-0.103619,0.246284,0.086471,-0.015879,-0.116847,-0.134796,0.020581,0.025108,-0.10871,0.011991,0.140711,-0.093972,0.131374,0.060952,-0.127353,0.253595,0.063873,0.120339,-0.341019,-0.05228,0.045854,-0.014298,0.158394,0.037894,0.016087,0.074022,-0.053999,0.29729,-0.156116,0.030928,-0.095271,0.288344,0.03274,-0.020794,-0.005401,0.117744,-0.062282,0.23121,0.137957,0.021514,0.192862,0.127426,0.111295,-0.199281,0.300923,0.126382,-0.108931,0.094905,0.058775,-0.026661,-0.012081,-0.239306,-0.021123,0.036127,0.288931,0.079896,-0.067924,-0.006975,-0.051523,0.227634,0.270675,0.087585,0.124346,0.07486,0.094566,0.050861,0.04527,0.022309,-0.066762,0.12119,0.05785,-0.054077,-0.252515,-0.058046,-0.014759,0.118863,0.297025,0.048024,0.270594,0.041362,-0.013656,0.105551,-0.3549,-0.025936,0.004273,0.072289,0.201312,0.01813,0.096122,-0.010135,-0.098035,0.039401,-0.048861,0.114153,0.117586,-0.191284,0.134813,0.238866,-0.020909,-0.108436,0.144015,-0.049924,-0.193435,-0.425381,-0.074704,-0.229177,-0.005451,0.096448,-0.071311,-0.283714,-0.198227,-0.167799,-0.074829,-0.020203,-0.328093,0.136088,-0.173231,-0.104133,-0.141773,0.04285,0.051908,0.065101,0.058415,0.002817,-0.044154,#
8,0.208203,0.210917,0.266836,-0.188209,0.257373,0.432366,0.176794,-0.253433,1.0,0.175233,0.045195,0.239475,-0.005493,0.446046,-0.170572,-0.057562,-0.033527,0.294313,0.301183,0.196932,-0.115322,-0.228479,0.267365,-0.40484,-0.022673,-0.312004,0.167966,-0.02942,0.236447,0.225051,-0.231554,0.221236,-0.188079,-0.164459,-0.154209,0.302642,0.274832,-0.448348,-0.005531,-0.169736,-0.024574,0.287632,-0.164924,-0.03582,0.055399,-0.271269,0.374233,0.188872,0.012394,0.2699,0.072018,-0.151133,0.095189,0.059682,-0.121839,0.234654,-0.08306,0.095202,-0.082604,0.242472,0.011292,0.230766,-0.042738,-0.132275,-0.213075,0.190494,0.355624,0.228119,0.247413,0.07671,0.234917,-0.088497,-0.16727,-0.09996,-0.316609,0.195733,-0.005821,-0.370287,-0.191582,-0.051183,-0.180172,-0.300769,-0.117459,0.329749,0.015531,0.035539,-0.300977,-0.271974,-0.024416,-0.120093,-0.159528,-0.051848,-0.217043,0.270178,-0.246588,-0.11395,0.109821,-0.377223,-0.082212,-0.260777,-0.203573,-0.212343,-0.226113,0.103696,-0.232688,-0.089322,0.09538,-0.080881,0.134632,-0.081898,0.153609,-0.116496,0.049078,-0.101128,-0.078681,-0.408641,-0.115867,-0.158854,0.465434,-0.320377,-0.015368,-0.028209,-0.125476,-0.373046,-0.071801,0.148464,-0.029297,0.183346,-0.352274,-0.279392,0.097782,0.299828,-0.356612,-0.021193,-0.286522,-0.304021,0.04318,0.056447,0.265325,-0.227225,0.076886,-0.158603,-0.250321,-0.156047,-0.193783,-0.441576,0.253972,0.501176,-0.088283,0.15743,0.016983,-0.146637,0.280055,-0.286242,0.059021,-0.135903,0.17524,0.356573,-0.134902,0.050138,-0.252971,-0.283425,0.020473,0.318342,0.225329,-0.101431,-0.137789,-0.125345,-0.198077,-0.154,-0.057866,0.164348,0.169817,-0.144226,0.050993,-0.204289,-0.144242,0.216229,0.321008,-0.105585,0.345935,0.109082,-0.33497,0.047633,0.056958,0.229925,0.319451,0.056032,-0.481876,0.301975,-0.141683,-0.007339,0.055135,0.188139,-0.382373,0.096254,-0.077616,-0.179403,-0.003528,0.08232,#
9,0.113059,0.140024,-0.067985,0.211137,0.038134,-0.019203,0.115946,-0.354677,0.175233,1.0,0.10395,0.06012,0.207459,0.221407,-0.25834,0.284631,-0.062004,0.054305,-0.130432,0.005811,0.061058,-0.166796,0.045461,-0.146574,-0.016482,-0.168799,-0.114995,-0.30254,-0.022485,0.00898,-0.027049,-0.075944,-0.090935,0.112365,0.2957,0.111216,0.187499,-0.336668,-0.127907,0.157069,-0.155023,0.145207,0.028227,-0.186089,0.08552,-0.061891,-0.17486,-0.182665,-0.090205,0.095016,0.223869,-0.120348,-0.016207,0.180115,0.037669,0.07001,-0.133699,0.087839,0.014194,0.174596,0.109981,0.160521,0.147494,-0.000531,-0.276765,-0.000596,0.211903,-0.027161,-0.006005,-0.003804,-0.022971,-0.194143,-0.051789,0.047535,-0.048785,-0.017084,-0.052875,0.110005,0.011769,0.146045,-0.009023,0.115032,0.056613,-0.002372,-0.060781,-0.294746,0.163169,-0.009874,-0.067547,0.229236,-0.324121,-0.132687,0.135573,0.038495,-0.041336,0.067407,-0.156029,0.063701,-0.164337,0.160009,-0.164231,0.06082,0.000515,0.313892,0.047518,0.083432,-0.117041,0.092953,-0.118808,-0.010428,-0.211061,-0.116219,-0.178725,0.066612,-0.039474,0.023467,-0.094448,-0.225377,0.131143,-0.089707,-0.054198,0.311689,-0.015108,-0.045077,-0.201953,0.180953,-0.189587,-0.030916,0.116583,0.091595,-0.176529,0.317808,-0.047422,0.281359,0.004942,0.068316,-0.097612,-0.093858,0.000109,-0.014703,0.089102,-0.116242,0.103258,0.040036,0.014732,0.090088,-0.066671,0.217845,-0.075863,0.085152,-0.287199,-0.11645,-0.308069,-0.031629,0.264563,0.085958,-0.035055,0.28385,0.070434,-0.188613,0.005551,-0.051132,-0.148077,0.252289,0.008817,-0.07116,0.066109,0.180814,-0.034693,0.106908,0.191077,-0.136298,0.035204,-0.042914,0.008441,-0.076459,-0.25093,0.161187,0.035819,-0.105626,0.052369,0.025315,-0.062597,-0.00621,-0.020752,0.059732,-0.010245,0.014724,0.004484,0.15562,-0.159927,0.001986,0.064822,0.090517,0.139143,-0.022789,0.02125,0.004133,0.068867,-0.034279,#
10,-0.132347,0.04486,0.010063,0.013958,-0.062319,0.260097,0.211905,-0.041017,0.045195,0.10395,1.0,0.12809,-0.128155,-0.052634,0.03235,0.166667,0.410059,-0.169946,0.002734,-0.175945,0.17204,0.197165,0.028811,0.075461,-0.017332,0.040431,-0.206664,-0.037124,0.165638,0.156855,-0.182874,0.088598,-0.345036,-0.147262,0.416201,0.155752,0.205293,-0.165903,0.086957,0.147312,-0.341592,0.011795,0.01573,-0.104799,-0.099678,0.031172,-0.219226,-0.325911,0.16609,-0.059501,0.187339,-0.05734,-0.223321,-0.011041,0.221954,-0.070344,-0.228286,0.027394,-0.101892,0.079346,0.097635,0.013721,-0.031904,0.122797,0.186622,-0.090731,-0.013302,-0.098112,-0.003724,-0.304218,-0.087611,0.046448,0.107095,-0.195864,0.002569,0.297687,-0.28858,-0.031985,-0.317462,-0.22949,-0.168302,-0.076995,-0.298751,0.210678,-0.297368,-0.163256,-0.259495,-0.17015,-0.390583,-0.076242,-0.054272,-0.281634,-0.154339,-0.045605,-0.209834,-0.038118,-0.283206,-0.128563,-0.242241,-0.044551,0.147762,-0.112549,-0.278231,-0.178122,-0.045557,-0.134085,-0.15012,0.001566,-0.222279,0.445272,-0.35171,-0.153391,-0.308058,-0.078034,-0.213205,-0.000353,-0.227335,-0.119344,-0.09793,0.19635,-0.465605,0.024784,-0.251805,0.106559,-0.101488,-0.124086,0.009934,-0.064201,-0.069017,-0.200058,0.053905,-0.130764,-0.176543,-0.070797,-0.112015,0.011239,-0.015841,-0.225631,-0.149934,-0.25803,-0.206275,0.004229,-0.035042,-0.058182,-0.208714,-0.053469,-0.049418,-0.042414,-0.038945,-0.184705,-0.031509,-0.153873,-0.280128,-0.183479,-0.213999,-0.307664,-0.02197,0.002411,-0.154845,0.000814,0.013703,-0.215855,-0.319687,-0.13213,-0.291522,0.076319,-0.262259,-0.02753,-0.18023,-0.097374,0.206711,-0.144064,-0.286876,-0.254642,0.142361,-0.37783,-0.396582,0.339286,0.125314,0.217561,0.115941,0.135595,0.15704,0.216887,0.18468,-0.180004,-0.134943,-0.020414,0.423198,0.068527,-0.320261,0.375472,0.075757,0.091418,0.025571,-0.017412,0.258752,-0.365448,-0.254999,-0.04058,#
11,-0.061037,-0.032481,0.206076,0.005694,0.121107,0.064491,-0.009968,-0.264571,0.239475,0.06012,0.12809,1.0,-0.195691,0.045816,-0.10116,0.032257,0.145913,-0.067984,-0.039754,-0.040189,-0.131302,-0.223069,-0.049213,-0.005321,0.147939,-0.026839,-0.156523,-0.064206,0.159366,0.161762,-0.176665,0.085887,-0.47617,0.059038,-0.20612,0.166388,-0.081657,-0.051875,0.110001,0.239441,-0.049645,-0.065595,-0.066348,-0.086008,0.099745,0.227409,-0.015609,-0.185925,0.154664,0.187689,0.174278,-0.082206,-0.015116,0.070551,-0.102204,0.111489,-0.17542,-0.200115,-0.082565,-0.122457,-0.192795,0.105449,0.367087,-0.088246,-0.004126,-0.18886,0.010202,0.012262,0.0444,0.05826,0.303213,-0.074481,-0.035323,-0.020647,-0.112294,0.202964,-0.26037,-0.072839,0.13855,-0.112614,0.051168,-0.017117,0.089419,0.275797,0.082378,0.071918,-0.145297,-0.11136,0.010069,-0.206756,-0.030909,0.076283,0.063075,-0.001136,-0.04792,-0.126718,-0.140479,-0.223749,0.013175,-0.009184,-0.161181,0.1772,-0.113895,0.141956,-0.082838,-0.066603,0.019253,-0.010323,-0.07825,-0.090008,-0.223234,0.100992,-0.199181,0.080256,-0.093517,0.072788,-0.014955,-0.166128,0.057652,0.062356,0.047153,-0.024973,-0.158999,-0.135893,0.291828,0.159892,-0.152897,-0.20006,-0.23408,-0.101425,0.037351,-0.053143,0.116212,0.161105,-0.016471,0.0311,0.015695,0.004485,0.064704,0.042821,0.178152,0.261408,0.058053,0.005254,-0.198637,-0.18842,0.318849,0.080417,0.059427,-0.148824,-0.071727,0.012978,0.148791,-0.088223,-0.170193,-0.079404,0.062283,-0.115068,0.161606,0.179158,0.146783,0.154372,0.057787,-0.021059,-0.028393,-0.229934,-0.063495,-0.184901,0.236809,0.072344,0.021237,-0.241071,0.033845,-0.38212,-0.017491,-0.068588,-0.122336,-0.02185,-0.010174,-0.169164,-0.132626,-0.01948,0.14469,-0.035272,0.103723,0.150876,0.117265,-0.065995,-0.179496,0.019315,-0.152179,0.139355,0.036521,0.044511,0.056039,0.130922,0.065356,-0.120185,-0.13274,0.204285,#
12,-0.022658,0.039103,-0.396626,-0.032682,0.077869,-0.107552,0.088947,-0.009091,-0.005493,0.207459,-0.128155,-0.195691,1.0,0.139672,0.071867,0.217841,-0.194862,0.084487,0.060823,0.052342,0.357196,0.086277,0.053434,-0.114126,-0.276668,-0.192904,0.216576,0.108205,-0.052165,-0.033783,0.018006,0.195884,0.165585,-0.075669,0.046674,-0.22714,0.129018,-0.149691,-0.06638,0.02548,0.033085,0.30134,0.062312,0.256159,0.192126,-0.192904,-0.100775,0.108044,-0.110438,-0.298428,0.145753,-0.078718,0.021862,-0.185155,-0.119825,-0.062837,-0.225376,0.163997,0.0803,0.031595,-0.187427,-0.00048,-0.342632,-0.009832,0.039796,0.193494,0.091849,0.131667,0.157998,-0.05613,-0.073663,0.004464,-0.137855,0.027652,-0.026367,-0.046324,0.039103,-0.139784,-0.095089,-0.164754,-0.195694,-0.212051,0.19964,0.017956,-0.042978,-0.151483,0.206337,-0.011406,-0.244823,-0.026685,-0.10515,-0.325767,-0.221383,-0.062608,0.034073,0.200652,-0.046081,-0.024568,-0.272174,-0.098315,0.063545,-0.140383,-0.013277,-0.181514,0.139514,0.049546,-0.13791,-0.006468,-0.271767,-0.135458,0.29771,-0.106426,-0.035073,-0.127111,-0.041094,-0.101117,0.193022,0.051994,-0.173699,-0.13758,0.056397,-0.197519,-0.271664,-0.241739,-0.265254,0.253047,-0.279374,0.070063,0.087609,-0.145797,-0.311074,0.113632,-0.059237,-0.046125,-0.102366,0.011127,-0.068259,-0.045176,0.0977,0.11524,-0.119535,0.174671,-0.12244,-0.200189,-0.106874,-0.014441,-0.058592,0.326038,-0.321359,-0.067773,-0.029865,-0.090312,-0.170955,-0.175961,-0.345162,-0.111588,0.181687,0.033321,-0.165216,-0.145006,0.029431,-0.041536,-0.060451,0.078358,-0.088812,0.010922,-0.059758,0.002563,0.009541,0.079069,0.040593,0.136087,0.056221,0.097497,0.165908,-0.069743,-0.114095,-0.101626,0.108309,-0.033118,0.248759,0.0316,-0.117935,0.059991,0.053648,-0.083092,-0.035603,0.028047,-0.036291,0.069366,-0.003979,0.023339,0.083803,0.070766,-0.046528,0.09187,-0.009951,0.167151,0.169254,0.114824,#
13,0.159764,0.225902,0.083145,-0.156591,0.116271,0.216733,0.074641,-0.109647,0.446046,0.221407,-0.052634,0.045816,0.139672,1.0,0.177889,0.059208,-0.063743,0.167918,-0.05417,0.060905,-0.224935,-0.125646,0.179453,-0.316735,-0.076114,-0.165086,0.212288,-0.278164,0.083627,-0.024469,-0.235821,0.207079,-0.190015,-0.16496,-0.127716,0.159684,0.278685,-0.105477,-0.025252,-0.245848,-0.027665,0.319072,-0.149298,-0.009563,0.002238,-0.375132,0.336104,0.088591,-0.021991,0.093629,0.039472,-0.078281,0.052947,-0.017242,-0.354124,0.251282,0.065466,0.207454,0.194131,0.361371,0.044797,0.202273,-0.059697,-0.206605,-0.107194,0.283327,0.275856,0.443341,0.291082,0.132848,0.01076,0.000413,-0.136639,0.000533,-0.002451,0.216575,-0.106584,-0.135958,-0.328185,0.140802,0.187699,-0.257792,0.058026,0.165626,-0.009304,0.047261,-0.044379,-0.333905,-0.208284,-0.056183,-0.266898,-0.071658,-0.140734,0.250414,-0.264954,0.039222,0.123996,0.003533,0.034199,-0.166886,-0.105263,-0.162367,-0.128644,0.044356,0.073399,-0.261248,0.083052,-0.175048,0.072866,-0.16959,0.227351,0.145057,-0.167327,0.149102,0.14517,-0.185133,-0.343348,-0.062942,0.196924,-0.316007,0.001574,-0.117191,0.007134,-0.251492,0.093553,-0.001115,-0.229683,0.058396,-0.076572,-0.251337,-0.142934,0.303738,-0.469427,-0.315178,0.058178,-0.19326,-0.006023,0.156643,0.187886,-0.002155,0.012957,-0.278432,-0.252364,-0.115888,-0.021277,-0.263563,-0.08001,0.441207,-0.248919,0.272467,-0.217681,0.038917,0.062834,-0.100292,0.13622,-0.098885,0.394444,0.360817,0.026152,-0.036919,-0.212482,-0.165089,0.17645,0.482453,0.142862,0.31247,-0.050498,-0.020084,-0.125596,-0.14724,0.032462,0.069812,-0.101471,0.082309,-0.116312,-0.034049,-0.047444,-0.073905,0.169917,-0.020212,0.437542,0.10596,-0.29429,-0.1171,0.108812,-0.068518,0.164261,0.129498,-0.412809,0.227625,0.02448,-0.125712,0.256195,0.252372,-0.024947,-0.152221,-0.302709,-0.122016,0.130111,0.105717,#
14,0.257889,0.129786,-0.160747,-0.068778,-0.002606,0.00433,0.13789,0.179093,-0.170572,-0.25834,0.03235,-0.10116,0.071867,0.177889,1.0,0.097713,0.159816,-0.20111,-0.048172,-0.017175,-0.241263,0.033497,0.033999,-0.171909,-0.00915,-0.03334,0.207921,-0.116705,-0.057288,0.021817,-0.266811,0.254643,-0.094664,-0.178056,-0.055679,-0.202403,-0.049258,0.145602,0.075804,0.029434,-0.071382,-0.076312,-0.299518,-0.048551,0.278911,-0.232569,0.340643,0.018603,0.075292,-0.169885,-0.290877,0.07046,-0.158037,-0.345775,-0.198933,0.256874,-0.071565,-0.106379,-0.108173,0.049384,-0.130001,0.268657,-0.017363,-0.029993,0.091986,0.018389,-0.164299,-0.007797,0.123798,-0.247975,0.104667,0.152406,-0.205641,0.057661,0.18629,0.142227,-0.130565,-0.059436,-0.30624,0.140589,0.084909,-0.32452,-0.075979,-0.12228,-0.173291,0.190434,-0.167235,-0.052567,0.011212,-0.238845,0.136357,-0.158423,-0.062702,0.125824,-0.067816,-0.086665,0.112838,-0.0986,-0.120242,-0.103454,0.04908,-0.29645,0.076655,-0.074483,-0.074488,-0.138617,0.058833,-0.241608,0.148539,-0.138752,0.143526,-0.079611,-0.176177,0.102539,-0.357388,-0.163053,0.102949,0.195431,-0.118142,-0.189077,-0.198569,-0.150458,-0.150885,0.061561,0.155812,0.00953,-0.220484,0.143255,-0.036807,-0.154426,-0.061671,-0.381949,-0.217908,-0.30976,0.055306,-0.177361,0.025289,-0.166824,-0.194507,-0.04078,-0.182285,-0.108892,0.009026,-0.258267,-0.113856,-0.053044,0.043428,0.030552,0.02516,0.08511,-0.029887,0.106799,-0.086158,-0.098945,-0.081511,0.086969,0.210212,-0.091648,-0.24407,-0.020908,-0.42272,-0.009916,0.187141,-0.078307,-0.041691,0.193702,-0.033625,0.06991,-0.062965,-0.399737,0.011379,0.041185,-0.113455,-0.034278,0.059808,0.032905,-0.047403,-0.148942,0.011583,-0.000476,0.092008,-0.00344,0.047236,0.157312,0.114805,-0.180279,0.297221,0.017637,-0.023586,-0.222192,-0.085105,0.076146,0.080555,0.089266,0.068423,-0.107003,-0.103688,0.024649,-0.20443,0.068523,#
15,-0.002834,-0.098298,-0.277587,0.063495,-0.007668,0.032094,0.123203,-0.058269,-0.057562,0.284631,0.166667,0.032257,0.217841,0.059208,0.097713,1.0,0.163394,-0.298928,0.013972,-0.386399,-0.039558,-0.178842,-0.053644,-0.282375,-0.137564,-0.187114,-0.117434,-0.118796,-0.00667,0.102224,-0.226687,0.124367,-0.107563,-0.176213,0.063341,-0.090065,-0.001527,-0.093277,0.331588,0.385727,-0.257215,-0.023961,0.040584,-0.083234,-0.004268,0.153036,-0.1139,-0.264965,0.048423,-0.087711,0.341018,-0.12624,0.109511,0.01451,0.010311,0.254529,-0.062437,0.000308,-0.048606,0.105777,-0.129818,0.239719,-0.043276,0.069083,-0.214621,-0.193198,-0.20107,0.142139,-0.012999,-0.393975,0.165839,0.043504,-0.182781,0.035814,0.014913,0.118771,-0.097228,-0.027522,-0.125709,-0.104907,0.024061,0.003617,0.280683,0.04116,0.014842,-0.064899,0.133648,0.123442,-0.160426,0.099022,0.106927,-0.266671,0.128277,-0.090101,-0.070094,-0.04252,-0.08078,0.127733,-0.231245,-0.027672,0.01916,0.000634,-0.116911,0.084375,0.01196,-0.169445,-0.173987,0.281699,-0.251788,0.061794,-0.473041,0.12987,-0.107241,-0.040567,-0.239251,-0.26975,0.112972,-0.057519,-0.263986,0.072941,-0.170549,0.041066,-0.014719,0.137486,0.033341,0.025845,-0.045342,-0.053293,-0.106333,-0.144821,-0.168547,-0.132806,-0.0126,0.007623,-0.112318,-0.02941,0.093021,-0.217616,-0.073336,-0.032825,-0.256789,0.069773,0.093034,-0.074516,-0.224423,-0.084279,-0.229029,-0.150421,-0.276872,-0.166997,0.018117,-0.220973,-0.188927,-0.286538,-0.140653,0.026678,-0.08405,-0.081489,-0.288425,-0.118143,-0.202527,-0.343835,-0.014185,-0.215395,-0.230647,-0.209666,-0.371283,0.09344,0.040321,-0.147497,0.000675,-0.176822,0.015765,0.060781,0.192886,-0.141989,-0.309658,0.118032,-0.025657,0.081486,-0.007154,-0.257911,0.374994,0.330327,-0.110131,-0.064795,0.106336,-0.143581,0.296317,-0.120742,-0.216571,0.272483,0.199581,0.063164,0.220518,0.130589,0.032728,-0.217362,-0.112553,-0.108978,#
16,0.12899,-0.168935,-0.185355,-0.09528,0.226545,0.079626,-0.041238,-0.096509,-0.033527,-0.062004,0.410059,0.145913,-0.194862,-0.063743,0.159816,0.163394,1.0,-0.12956,-0.027232,-0.174417,0.047447,0.009621,-9.8e-05,-0.125585,-0.091827,0.12672,-0.339766,-0.03961,0.07998,0.154412,-0.243501,-0.051079,-0.1184,-0.196767,0.295942,0.156279,-0.159333,-0.002259,0.2108,0.088224,-0.220633,-0.274695,-0.418583,-0.201175,0.159811,0.117544,-0.009647,-0.218876,0.144265,0.058557,0.105221,-0.027548,-0.126803,-0.005487,0.222535,0.060316,-0.06386,0.039659,0.182047,0.015283,0.012834,0.070383,0.007383,0.122669,-0.009064,-0.250837,-0.156436,-0.232527,0.079687,-0.224421,0.161163,-0.024436,-0.1958,-0.253696,-0.12865,0.164032,-0.26881,0.037247,-0.32968,0.013573,-0.127094,0.084077,-0.190764,0.153994,-0.216578,0.079953,-0.273567,-0.013931,0.019854,-0.099922,0.01853,-0.141128,-0.071249,-0.1105,-0.179622,-0.274725,-0.08949,-0.223058,-0.069557,-0.191663,0.155987,-0.036366,-0.336407,-0.330653,-0.219749,-0.078586,-0.147143,-0.103682,-0.105686,0.231234,-0.305233,-0.075802,-0.095809,-0.290158,-0.313769,0.00607,-0.007736,-0.144043,0.125861,-0.075518,-0.267634,0.023392,-0.120666,0.053677,0.123256,-0.038407,-0.119391,-0.018767,0.039126,-0.232417,0.172134,-0.141945,-0.088349,0.102266,-0.302125,-0.151845,-0.156377,-0.28967,-0.224006,-0.030621,-0.34717,-0.038527,0.121823,-0.081051,-0.358112,-0.047907,0.201456,-0.2107,0.167073,-0.313909,-0.042882,-0.142763,-0.265212,-0.254823,-0.180381,-0.190865,0.055705,0.031834,-0.241215,0.122877,-0.002324,-0.111423,-0.01835,-0.131336,-0.220969,0.042183,0.037822,-8.8e-05,-0.195015,0.046006,0.368329,-0.148193,-0.165646,0.072331,0.149795,-0.169664,-0.231471,0.142248,0.078573,0.085893,0.028909,-0.006533,0.187904,0.14128,0.114016,-0.200251,0.082115,-0.171329,0.280572,-0.184171,-0.18863,0.309362,0.041535,-0.107062,-0.001529,0.047192,0.260829,-0.159625,-0.198483,0.091131,#
17,-0.027116,0.210615,0.217041,-0.020673,0.108206,-0.110986,0.03901,-0.207181,0.294313,0.054305,-0.169946,-0.067984,0.084487,0.167918,-0.20111,-0.298928,-0.12956,1.0,0.107321,0.150689,0.23409,-0.027124,0.063478,-0.002541,0.016009,-0.000458,-0.089928,0.052337,0.043675,0.098062,0.084096,0.011001,0.24093,0.117515,-0.089295,0.097587,0.012584,-0.180427,-0.204292,-0.179721,0.010484,0.008832,-0.075367,0.122478,0.090633,-0.140723,0.015246,0.239546,-0.169516,0.069202,0.055159,-0.003802,0.192273,-0.004154,-0.147131,-0.081351,0.186837,0.13557,0.244325,0.003895,0.15483,-0.088237,0.094472,-0.238468,-0.049637,0.125694,0.068786,-0.031855,0.119615,0.177723,-0.006288,-0.084205,-0.198548,-0.035839,0.06668,-0.068292,0.041973,-0.115271,-0.037183,0.208509,-0.013511,0.129488,-0.176269,0.066259,0.297827,-0.067003,0.098818,0.111463,-0.030908,0.170501,-0.269885,0.023625,-0.261596,0.110165,-0.080965,-0.219919,0.058448,-0.144916,0.208748,0.094855,-0.057547,0.012179,-0.005727,0.103256,0.052851,0.224832,-0.055132,-0.002521,0.00959,-0.061109,0.252341,0.118831,0.169442,0.08236,0.131644,0.088562,-0.007258,0.147041,0.251966,-0.109646,0.222545,0.093017,-0.001356,-0.12986,0.034964,0.271947,0.141769,0.167369,-0.209951,0.064858,0.056249,0.095057,-0.196419,0.1778,-0.110866,0.12683,-0.105601,0.15127,0.268992,-0.084858,0.068157,0.064276,0.018007,-0.014177,0.181592,-0.199787,0.231181,0.170191,0.076679,0.175343,-0.009768,-0.059292,0.069387,-0.135793,0.17356,-0.006164,-0.002598,0.359129,0.103079,0.247972,0.065957,0.174785,-0.052638,0.396715,0.296328,0.025759,0.126562,-0.020176,-0.001553,0.34828,-0.076968,-0.042679,0.028166,-0.070152,-0.14926,0.19503,0.112936,0.115457,0.219013,-0.148768,0.302235,-0.011044,-0.312327,-0.143959,0.053812,0.058069,-0.007512,0.013554,-0.303525,0.287006,0.14568,-0.146891,0.195293,-0.041379,-0.038968,0.029181,0.001787,0.093708,0.243865,-0.193662,#
18,-0.09595,-0.131415,-0.014997,-0.285398,0.15036,0.051329,0.127516,-0.033303,0.301183,-0.130432,0.002734,-0.039754,0.060823,-0.05417,-0.048172,0.013972,-0.027232,0.107321,1.0,0.075942,0.150757,-0.000518,0.417364,-0.098247,-0.065432,-0.078753,0.290512,0.21879,-0.087628,0.240041,0.081158,0.011384,-0.079947,0.011923,-0.116744,0.122539,-0.162425,-0.192273,0.050635,-0.21932,-0.030484,-0.081786,0.189358,0.058259,-0.058148,-0.192752,0.180803,0.097334,-0.121814,0.073165,0.256943,0.088546,0.130107,-0.062082,-0.179508,0.251538,0.115189,-0.097697,-0.097945,0.046356,-0.152598,-0.163136,-0.138814,0.039056,0.003565,0.231419,0.223856,0.106936,-0.032487,0.066737,0.279113,-0.171404,-0.271218,0.122336,-8e-06,0.084951,0.09036,-0.512526,-0.039948,-0.126819,-0.156142,-0.123632,-0.184473,0.153321,0.004103,-0.087422,-0.193115,-0.173147,0.102399,0.117585,-0.071246,0.07966,-0.063304,0.065146,-0.080695,0.000902,-0.071158,-0.122326,-0.446623,-0.105073,0.018598,0.067007,-0.095284,0.188948,-0.156813,-0.104188,0.14819,0.04048,0.194882,0.08059,0.113318,0.120418,0.230078,-0.021466,-0.232332,-0.338731,0.135933,0.176077,0.334898,-0.062965,-0.110514,-0.12119,-0.208083,-0.332029,0.011008,-0.191808,0.089381,-0.018589,0.012413,-0.156974,0.052452,0.078309,-0.041801,0.055399,-0.31243,-0.136686,0.163886,-0.183153,-0.095192,-0.237575,0.01668,-0.023367,-0.241515,-0.148906,-0.125786,-0.148161,0.037598,0.156173,-0.083594,0.187165,0.244389,-0.209463,0.314768,-0.278564,-0.199253,-0.206477,-0.034963,0.248774,-0.096793,0.192462,-0.075882,-0.165802,-0.142468,-0.089928,0.180974,-0.11313,0.169175,0.048388,-0.247099,0.026437,-0.019713,0.378429,0.086654,-0.087655,0.282866,-0.114003,0.148498,-0.02647,0.001083,0.159103,0.187326,0.138308,-0.018417,0.060399,-0.047665,0.306563,0.178768,0.035123,-0.207218,-0.046569,0.024892,-0.02247,-0.16868,-0.044458,-0.376564,0.339338,0.045831,0.060989,0.282822,0.062408,#
19,-0.124601,0.098538,0.118989,0.110231,0.047605,-0.112088,0.004035,0.012909,0.196932,0.005811,-0.175945,-0.040189,0.052342,0.060905,-0.017175,-0.386399,-0.174417,0.150689,0.075942,1.0,-0.0763,0.049976,-0.083378,0.223989,-0.011389,0.020847,-0.045079,0.099513,-0.077586,0.133544,0.146078,0.036882,0.070927,0.335186,-0.191344,-0.07626,-0.022301,-0.041245,-0.157188,-0.176491,0.03614,-0.056864,0.012132,0.221873,0.007766,-0.131052,0.099478,0.087264,-0.313992,0.128301,-0.015644,0.195643,0.114827,-0.009909,-0.304605,0.015165,0.186687,-0.116102,0.02401,-0.141945,-0.00819,0.008384,-0.019652,0.088038,-0.12337,-0.084417,0.334038,-0.178661,-0.002573,0.207856,0.101007,-0.052796,-0.054397,0.104118,-0.180591,-0.104044,0.278153,0.160452,0.067415,0.064692,0.177529,0.008823,0.103116,0.095947,0.096939,0.208488,-0.069352,-0.248826,0.217279,-0.037633,-0.108116,0.255728,0.219176,0.023978,-0.338355,-0.056177,0.108838,-0.174673,-0.069,0.189649,-0.226233,0.160329,0.078608,0.048198,-0.009916,0.187683,-0.032233,-0.186432,0.184011,0.024502,0.34892,-0.079866,0.331446,0.233335,0.073028,-0.029279,0.214006,0.015571,0.289319,-0.156014,0.169492,0.136676,0.054198,-0.191351,-0.044025,0.190599,0.074174,0.049227,0.118285,0.026875,0.061829,0.208643,-0.009858,0.116126,0.063061,-0.06379,-0.164762,0.023894,0.008478,0.068273,0.150548,-0.12174,0.101914,0.115389,0.214813,0.191943,0.247444,0.063311,0.083931,0.299003,0.057646,0.0884,0.043924,0.221745,0.247886,0.254047,-0.019355,0.122393,0.188704,0.056766,-0.032154,0.207191,0.074952,0.256624,0.265821,-0.015566,0.217215,0.103641,0.172165,0.094765,-0.24457,0.296468,0.073951,0.089531,-0.006602,0.148075,0.122033,-0.170631,-0.183019,-0.147634,0.060758,-0.048971,-0.165023,-0.057861,-0.082888,0.164246,-0.026524,0.258674,-0.418011,-0.048104,0.245006,-0.312714,-0.225519,-0.110637,-0.185906,-0.308041,-0.016392,0.24456,0.173596,0.101415,#
20,-0.12385,0.142673,-0.245102,-0.133988,0.16791,-0.001276,0.231667,-0.118752,-0.115322,0.061058,0.17204,-0.131302,0.357196,-0.224935,-0.241263,-0.039558,0.047447,0.23409,0.150757,-0.0763,1.0,0.281456,0.220244,0.222524,-0.130935,0.023785,0.091382,0.161184,0.234583,0.264606,-0.049655,-0.087661,0.259597,-0.07938,0.102494,0.002827,0.08006,-0.244892,-0.05077,0.066692,0.215143,0.147296,0.17487,-0.056573,-0.073011,-0.008727,-0.333019,0.068794,-0.072529,-0.255449,0.048263,-0.218086,-0.112171,-0.125743,0.103533,-0.2121,-0.212092,0.005223,0.117055,0.105186,0.082661,-0.140192,-0.130701,-0.053878,0.074573,0.185881,-0.001842,-0.078083,0.145562,0.133968,-0.268451,-0.057699,0.140415,-0.108252,-0.141526,0.094511,0.049609,-0.085697,-0.184827,-0.128318,-0.262462,-0.038492,-0.111381,0.008632,-0.169207,-0.318739,0.176237,-0.146282,-0.194987,0.130967,-0.332406,-0.369372,-0.267152,-0.162912,0.06829,0.035018,-0.286057,-0.074107,-0.221697,-0.006959,0.174025,0.04006,-0.28689,-0.275732,0.194011,0.021804,-0.112209,-0.177466,-0.240731,0.024798,0.075376,0.151132,-0.203054,-0.209907,-0.041851,0.001116,-0.041469,-0.105429,-0.106303,-0.136327,-0.032871,-0.194416,-0.178178,-0.246829,-0.246614,0.084305,0.145741,-0.000543,-0.000388,-0.204983,-0.281898,-0.065029,0.005794,0.017172,-0.256045,0.022085,-0.302931,-0.295047,0.003814,-0.253669,-0.313627,0.070567,-0.141385,-0.05853,-0.339864,-0.174602,-0.158816,0.280679,-0.098372,-0.286155,-0.048324,-0.23274,-0.207703,-0.340491,-0.318238,-0.166069,-0.080649,0.213704,-0.139558,-0.160677,0.175351,0.070865,-0.313757,0.013839,-0.211697,0.042592,-0.174163,-0.019025,-0.301105,0.387723,0.146049,0.16948,-0.233583,-0.12984,0.09746,-0.253952,-0.125025,0.199141,0.225556,-0.015618,0.239143,0.029629,0.119772,0.082082,0.26888,-0.051546,-0.214999,0.132267,0.230484,0.236586,-0.187096,0.374739,0.264458,0.109323,0.140944,0.348242,0.267484,0.039548,0.008433,-0.087082,#
