0,1.0,0.423112,-0.152157,-0.230129,0.355186,0.160789,0.023254,0.168954,0.050987,0.223415,-0.115416,0.105737,0.333449,0.368132,0.065826,-0.035919,0.170055,0.242823,-0.084082,-0.151334,-0.135719,0.223456,0.278453,-0.030604,-0.21996,-0.212956,0.058963,-0.139656,0.262721,0.342764,-0.10816,0.08908,0.125118,-0.235796,-0.164903,0.079946,-0.271149,-0.016597,-0.084327,0.006595,-0.036757,-0.084134,-0.096078,0.229665,-0.040877,-0.402667,0.165287,0.167165,-0.303631,-0.045009,0.067272,-0.224585,0.023672,-0.223845,-0.026981,-0.040437,-0.026877,-0.071273,0.197573,0.282937,0.293035,0.07321,-0.174286,-0.073213,0.217098,0.445713,-0.006579,0.210615,0.073568,-0.07123,-0.100024,0.016863,-0.299697,-0.119865,-0.355065,0.277059,-0.165879,-0.201361,-0.28527,-0.047808,-0.330669,-0.17767,-0.097612,0.158069,-0.11744,-0.18218,-0.062385,-0.151678,-0.00743,-0.331238,-0.218369,-0.385419,-0.330302,0.135465,0.070842,-0.142149,0.099964,-0.256267,-0.171174,-0.197389,0.132067,-0.359223,-0.186963,0.059366,-0.290894,-0.080464,-0.230551,-0.132485,-0.348181,-0.079931,0.146161,0.170788,-0.199733,-0.202852,-0.414466,-0.005639,-0.263699,-0.285895,0.164283,-0.383784,-0.270179,-0.256056,-0.185611,-0.107423,-0.182251,0.050303,-0.070728,-0.120292,-0.072668,-0.225547,-0.359156,-0.084676,-0.223165,0.011995,-0.45671,-0.166889,0.165902,-0.57262,-0.072978,-0.228037,-0.00285,-0.380698,-0.412496,-0.072954,-0.120492,-0.199132,-0.152022,0.156899,-0.183996,-0.364284,-0.092347,-0.348649,-0.158717,-0.189711,-0.203998,-0.216361,0.384447,0.405308,-0.298838,-0.185759,-0.388709,-0.135621,-0.062083,-0.359419,-0.160058,0.354837,-0.21546,-0.141849,-0.169259,-0.308066,0.07276,0.113485,-0.382008,-0.140319,0.33745,-0.483683,-0.211521,0.11265,0.40226,-0.338096,0.131416,0.008405,-0.1807,0.026222,0.356673,-0.240131,0.402775,-0.003038,-0.199037,0.427933,0.041747,0.154341,0.330167,0.262647,-0.102342,0.234278,0.091308,-0.368486,-0.089988,0.185926,#
1,0.423112,1.0,0.173509,-0.203662,0.255488,0.019547,0.360733,0.208764,0.221468,0.298414,-0.223129,-0.207473,0.383762,0.243298,0.358755,-0.239814,0.039578,0.380945,0.305781,-0.206952,-0.05243,0.154562,0.268779,0.063677,-0.350769,-0.198552,0.287657,0.030549,0.13408,0.373163,-0.496296,0.007862,0.155746,-0.019316,-0.103133,0.086125,0.026688,-0.204523,0.059858,-0.089547,-0.208485,0.193025,0.032197,0.263038,0.148212,-0.343588,0.299575,0.220594,0.047873,0.25986,0.12509,-0.257418,0.014171,-0.115292,0.150382,-0.353429,-0.164487,-0.092659,-0.151209,0.063781,0.161568,0.219583,-0.376302,0.217069,-0.003418,0.351777,-0.162935,0.300245,0.307721,-0.110489,-0.025864,-0.120848,-0.245112,-0.458276,-0.365346,0.449678,-0.272607,-0.393287,-0.3632,-0.388896,-0.285927,-0.372476,-0.417422,0.121639,-0.418119,-0.038797,-0.331221,-0.184447,-0.268572,-0.253844,-0.242814,-0.272259,-0.559373,-0.026697,-0.301028,-0.129011,0.132642,-0.28959,-0.043468,-0.224825,0.005114,-0.479326,-0.440515,-0.166014,-0.535243,-0.241156,-0.429909,-0.195577,-0.616307,-0.211452,0.208237,0.404761,-0.209892,-0.507805,-0.14225,-0.082532,-0.33519,-0.596425,-0.040951,-0.578161,-0.332611,-0.268693,-0.324671,-0.345078,-0.090046,-0.060366,-0.243246,-0.006444,-0.159701,-0.175653,-0.316959,-0.462654,-0.356246,0.090276,-0.245141,-0.265515,0.232141,-0.224168,0.156032,-0.509168,-0.378999,0.025033,-0.543516,-0.109946,-0.138214,-0.203671,-0.283992,0.458282,-0.369345,-0.388217,-0.272413,-0.402438,-0.054965,-0.21093,-0.44693,-0.252048,0.333811,0.52183,-0.421141,-0.079829,-0.034742,-0.121153,0.266478,0.037679,-0.178559,0.513754,-0.323757,0.066039,-0.177993,-0.073078,-0.03257,0.053956,-0.188249,-0.400508,0.454426,-0.204127,-0.248844,0.370784,0.438368,-0.42692,0.103296,0.226765,-0.083035,0.098965,0.256673,-0.129753,0.249157,-0.148549,-0.329302,0.538243,0.140485,0.625584,0.387491,0.232724,-0.09627,0.012232,0.258006,-0.371902,-0.19814,0.206996,#
2,-0.152157,0.173509,1.0,0.286909,0.078412,-0.276573,-0.038225,-0.070575,0.053279,-0.101304,-0.025996,0.021384,-0.124762,-0.154772,-0.065101,-0.174886,-0.103615,0.056665,0.040243,0.091271,-0.060423,-0.13466,0.131687,-0.07627,-0.135199,-0.05536,0.356082,0.023744,-0.165189,0.150987,-0.025888,0.239468,-0.151327,0.052072,0.110417,-0.004124,0.255589,-0.162108,0.057869,-0.063934,-0.019665,0.176803,-0.042528,-0.016517,0.005127,-0.12596,0.026733,0.316509,0.097166,-0.015733,-0.261295,0.194927,-0.0006,0.204172,-0.129832,-0.139241,-0.259286,-0.139786,-0.396594,-0.153568,-0.20579,-0.303002,-0.000644,0.112263,-0.161717,-0.09672,-0.104575,0.046603,0.026516,0.313692,0.293031,0.22694,0.0392,-0.041415,0.069797,0.00074,-0.099209,-0.3014,-0.095001,-0.128373,0.220294,-0.035465,-0.045772,0.215734,0.011613,0.231009,-0.070721,0.136,-0.034286,0.021606,0.02446,-0.048778,-0.137868,0.041932,-0.147644,0.074628,0.311984,-0.100168,0.055425,-0.167383,-0.014088,-0.080523,-0.005318,-0.007973,-0.09447,-0.116808,-0.051715,0.140455,-0.185713,0.309016,0.279532,-0.090486,-0.061281,0.025777,0.456206,-0.084669,-0.098615,-0.280286,-0.043281,-0.097846,-0.050512,-0.099545,0.091784,-0.021589,0.006526,-0.130494,-0.249615,0.043327,-0.005951,-0.102559,0.351832,-0.288757,-0.196484,-0.082224,0.081467,0.122926,0.168304,0.319278,0.242075,0.076171,0.143736,0.348646,-0.044223,-0.257174,-0.171958,0.28635,-0.072181,0.050543,-0.049545,0.01656,-0.173359,-0.079539,0.245693,-0.109818,-0.037277,-0.068741,-0.055523,0.1047,0.173357,-0.009943,0.000306,0.050945,0.188359,-0.054082,-0.048499,-0.075441,-0.279256,0.006289,0.105444,0.097414,-0.043376,-0.055098,-0.038078,-0.088872,-0.071398,0.132328,-0.071964,0.089271,-0.032389,-0.120971,0.053626,-0.266423,-0.111501,0.215694,-0.039418,0.058449,-0.17532,-0.108754,-0.102665,0.020599,0.279741,0.316857,-0.000602,0.102558,-0.044881,-0.1444,0.092059,-0.049862,0.04244,0.01932,#
3,-0.230129,-0.203662,0.286909,1.0,-0.104461,-0.293711,-0.352193,-0.35962,-0.264786,-0.111212,0.23394,-0.142183,-0.232388,-0.309757,-0.25976,-0.139768,-0.153765,-0.023549,-0.04148,0.224493,0.227038,-0.242099,-0.097825,0.03151,0.16145,0.226711,-0.164482,0.026015,-0.076272,-0.209926,0.450917,-0.090411,-0.422392,0.043956,0.039237,-0.453692,0.089338,0.071977,-0.01092,0.110136,0.071764,0.034912,-0.049348,-0.175426,-0.056737,0.307335,-0.132516,-0.088151,0.2531,-0.296409,0.120894,0.49864,0.005183,0.196934,-0.070731,0.053371,0.086713,0.147194,-0.081965,0.056646,-0.249353,-0.068732,0.017548,-0.15907,0.037838,-0.26654,0.113748,0.082153,-0.133645,0.078484,0.081209,0.316928,0.254856,0.373973,0.229805,-0.346678,0.10257,0.035076,0.306066,0.176686,0.242099,0.53047,0.312151,0.227685,0.22617,-0.016932,0.183174,0.318017,0.152326,0.286749,0.311305,0.275339,0.46099,-0.193372,0.273442,0.18999,-0.005878,-0.106562,0.063042,0.344259,0.075008,0.063968,0.361454,0.076056,0.162775,0.386434,0.145254,0.148767,0.304221,0.314079,-0.196683,-0.212341,0.369166,0.307993,0.175059,0.152008,0.444218,0.219636,0.056814,0.154882,0.31548,0.240561,0.370538,0.111652,0.05702,0.11774,-0.011647,-0.024933,0.233918,0.196235,0.54719,0.067638,0.216999,0.066613,0.332448,0.441133,-0.058636,0.35115,0.192283,0.320199,0.268687,0.214902,0.247777,0.1044,0.306308,0.40674,0.2679,-0.28502,0.255436,0.35796,0.149879,0.284218,0.136372,0.184996,0.270236,0.096899,-0.352832,-0.30431,0.261339,0.182084,-0.367243,0.048826,-0.035898,-0.154002,-0.022734,-0.243177,0.03297,-0.052545,0.154264,0.122613,-0.273028,-0.065608,0.203714,0.133289,-0.399965,0.181898,0.196899,-0.035032,-0.397389,0.24646,-0.412894,-0.176867,-0.180679,-0.079995,-0.13742,-0.076956,-0.181546,0.069586,0.402578,-0.38772,0.02733,-0.173152,-0.227082,-0.185626,0.045729,-0.145941,-0.34973,0.229028,-0.021147,-0.180325,#
4,0.355186,0.255488,0.078412,-0.104461,1.0,-0.009875,0.08935,-0.059086,-0.103903,0.098605,0.040635,0.173031,0.126867,-0.048336,0.340985,-0.084271,0.124372,0.107414,-0.017048,0.035246,-0.036363,-0.059993,0.04182,-0.134843,-0.172981,-0.192396,-0.051741,-0.140821,0.205693,0.048628,-0.188277,-0.115451,0.05012,-0.233773,-0.328297,0.082621,-0.236456,-0.2,-0.130277,0.082098,-0.203761,-0.029863,-0.197313,0.008591,-0.080902,-0.189853,0.189208,0.273879,-0.143779,0.202435,0.207438,-0.200642,0.044692,-0.166032,0.159518,-0.074491,-0.437828,-0.014324,-0.060786,-0.290555,-0.006982,0.211105,-0.037132,0.100446,0.008657,0.251581,0.115308,-0.021027,0.036998,0.012276,-0.199389,0.009676,-0.041049,0.071275,-0.220186,0.351291,-0.118323,-0.394224,-0.221482,-0.31404,-0.215821,-0.214693,-0.251325,0.051251,-0.164857,-0.211405,-0.084898,-0.273834,-0.260891,-0.177181,-0.07672,-0.271083,-0.169694,-0.097452,-0.047672,0.056628,0.142064,-0.043108,0.045858,0.100057,0.111316,-0.238164,-0.289315,-0.068607,-0.293101,-0.176754,-0.355836,-0.113526,-0.146136,0.000921,0.043504,-0.294623,-0.288699,-0.187072,-0.139773,-0.163091,-0.327592,-0.178546,-0.085523,-0.121237,-0.3377,-0.105857,-0.06808,-0.082977,-0.11908,-0.213121,-0.150209,-0.127077,-0.170579,-0.097833,-0.084216,-0.286246,-0.367891,-0.138938,-0.174173,-0.271044,0.242772,-0.233608,-0.077325,0.029614,-0.035759,-0.190249,-0.045037,-0.144903,-0.136396,-0.034643,-0.018905,0.019666,-0.267665,-0.240306,-0.174063,-0.182125,-0.300978,-0.04727,-0.27258,-0.074228,0.352171,0.370029,-0.140572,-0.168646,-0.184711,-0.222678,0.088769,0.029158,-0.28825,0.273146,-0.055795,0.211379,-0.008696,-0.186356,0.038981,0.024264,-0.036814,-0.13483,0.126283,-0.21979,-0.3343,-0.213395,0.203135,-0.059675,0.184417,-0.126788,0.313343,0.088055,0.090113,-0.218579,0.168035,-0.055327,-0.166197,0.047506,-0.035229,0.276078,0.056077,-0.0114,0.138356,-0.334696,0.079283,-0.195075,-0.344041,0.284658,#
5,0.160789,0.019547,-0.276573,-0.293711,-0.009875,1.0,0.116384,0.240161,0.052362,-0.158487,0.261793,0.055252,0.006748,0.072019,-0.082338,0.067215,0.263415,-0.037138,-0.346811,0.12756,-0.218439,0.28624,0.138565,-0.126195,0.032157,-0.368348,0.004104,0.089417,-0.09545,-0.296258,-0.175214,0.17125,-0.059949,-0.151626,-0.103312,0.005335,-0.25467,0.09827,-0.083671,-0.228649,0.020432,0.168231,0.035672,0.303093,0.258399,-0.082071,0.061963,0.189247,0.016537,0.151676,0.138951,-0.009645,0.200552,-0.241784,-0.105611,-0.071766,0.25102,-0.160932,0.19519,0.038813,0.089338,0.001287,0.053727,0.111155,0.059562,0.19351,-0.207489,-0.086632,0.113689,0.158172,0.08202,0.165885,-0.067368,-0.069563,-0.250942,0.113876,-0.160379,0.131231,-0.250721,-0.118985,0.165729,-0.166414,0.011327,-0.21898,0.043003,0.102312,-0.039601,-0.317163,0.021492,-0.289733,-0.042952,0.019444,-0.136722,0.045934,0.137057,-0.009684,0.005375,0.009804,-0.068903,-0.179522,0.010568,-0.012481,0.075321,-0.013787,-0.003568,-0.14272,0.02804,-0.219798,-0.168979,-0.159211,0.098604,0.128666,-0.08525,-0.218707,-0.181309,-0.247138,-0.353881,0.163751,-0.063261,-0.106444,-0.070095,-0.249511,0.19731,-0.098576,-0.042179,0.141573,0.046369,0.079399,0.068248,0.169852,-0.302935,0.092862,0.009429,-0.131522,-0.119768,-0.056403,-0.049718,-0.337648,-0.149374,-0.284746,-0.160295,-0.338704,-0.314957,0.130182,0.16446,0.04074,-0.300779,-0.088273,0.118773,-0.120402,0.070883,0.077914,-0.259194,0.080291,-0.059784,0.05668,0.013132,0.043983,-0.199,0.082538,-0.005236,-0.041782,0.005283,0.149392,-0.038415,0.169484,0.174577,0.062921,-0.025101,-0.202815,0.077955,-0.010472,-0.151093,0.147369,0.020112,-0.056256,0.0516,0.111523,0.160777,-0.05191,0.14793,0.203948,-0.006494,-0.082061,-0.170057,-0.035891,0.060532,0.091921,-0.162828,0.009961,-0.004915,-0.141425,0.192304,-0.157117,0.083047,0.151346,0.119645,-0.050909,-0.097418,0.011483,#
6,0.023254,0.360733,-0.038225,-0.352193,0.08935,0.116384,1.0,0.341918,0.485573,0.161299,0.015038,-0.154256,0.322373,0.015905,0.437174,0.011658,-0.2024,0.055274,0.10383,-0.043228,-0.139245,0.189822,0.212635,0.000891,-0.142488,-0.17263,0.170097,-0.150341,0.105521,0.083018,-0.611794,-0.110859,0.099895,0.077663,-0.137592,0.191074,0.004375,-0.243212,0.180326,0.068022,-0.035284,0.363319,-0.220493,0.070887,0.020994,-0.123525,0.288563,0.26687,0.039349,0.06895,-0.026036,-0.230682,-0.019418,-0.22113,-0.136585,-0.00956,0.164855,-0.003536,-0.160108,0.20587,0.046423,0.039505,-0.188777,0.242872,0.135666,0.277123,0.035135,-0.113412,0.289227,-0.126533,0.158603,-0.105874,-0.18249,-0.371799,-0.269519,0.34477,-0.059182,-0.31078,-0.112643,-0.132317,-0.122333,-0.457478,-0.305998,-0.228883,-0.337255,0.28223,-0.092623,0.024626,-0.337441,-0.219858,-0.250437,-0.134606,-0.38782,0.266466,-0.271729,-0.124746,0.080494,0.051759,-0.02768,-0.197475,0.038098,-0.108338,-0.047941,0.040595,-0.19003,-0.311897,-0.172922,-0.07082,-0.342593,-0.356377,0.266964,0.33553,-0.235548,-0.473271,0.049502,-0.08118,-0.213207,-0.189382,-0.071698,-0.366908,-0.219755,-0.273481,-0.248447,-0.411083,-0.104675,0.002404,-0.007737,0.398793,-0.184602,-0.069669,-0.284079,-0.648686,-0.371945,0.000485,-0.081828,-0.104569,-0.102574,0.056673,-0.01135,-0.401113,-0.150347,-0.075858,-0.264069,-0.058936,-0.095427,-0.223787,-0.29233,0.638455,-0.069361,-0.285141,-0.035567,-0.165834,-0.072972,-0.316308,-0.209974,0.080368,0.25701,0.356387,-0.215824,-0.155612,0.381767,0.166027,0.323197,0.103288,0.02319,0.355051,-0.063362,-0.085117,-0.235802,0.141962,0.094304,-0.059244,-0.148508,-0.191968,0.175969,-0.079957,-0.103616,0.139784,0.474952,-0.184388,0.236617,0.256781,0.042387,0.009783,0.306668,-0.084617,0.24184,0.03781,-0.478673,0.317828,0.227248,0.322468,0.038141,0.078979,0.077568,-0.05533,0.16704,-0.162163,-0.044608,-0.229524,#
7,0.168954,0.208764,-0.070575,-0.35962,-0.059086,0.240161,0.341918,1.0,0.237347,0.107985,-0.171788,-0.051065,0.16142,0.193237,0.094864,0.167399,-0.095228,-0.037781,-0.12008,0.068742,0.03936,0.270619,0.048083,0.217492,-0.131783,-0.087407,0.307733,-0.009967,0.114824,-0.037192,-0.341681,0.184695,0.205741,0.015936,-0.147973,-0.064704,-0.054735,-0.230476,0.296096,-0.227494,-0.068953,0.291723,-0.185322,0.101624,-0.154093,-0.091312,0.266217,0.258392,-0.005485,0.140986,-0.195245,-0.132554,0.101596,-0.0276,-0.253461,-0.02982,0.234483,-0.188097,0.034648,0.19252,0.143766,0.067828,-0.204093,0.197699,0.090884,0.197442,-0.127299,0.171128,0.187653,-0.14414,0.204993,-0.007323,-0.2179,0.033544,-0.190549,0.250652,-0.013812,-0.046061,-0.273063,0.113997,-0.08163,-0.18476,0.060787,-0.092137,-0.11767,0.292572,0.024784,0.024512,-0.017685,-0.158455,-0.226241,-0.137595,-0.247027,0.312073,-0.200239,0.10976,0.254066,0.091159,0.015167,-0.371234,0.023397,-0.155998,-0.097554,-0.001689,-0.048309,-0.090313,-0.133997,-0.056479,-0.344798,-0.479918,0.243991,0.164081,-0.234279,-0.183503,0.038834,0.016706,-0.18027,0.095564,-0.172407,-0.140625,-0.012871,-0.259453,0.132488,-0.254384,0.077225,0.057055,-0.199602,-0.084468,-0.106541,-0.116852,-0.371273,-0.230933,0.024134,-0.08416,0.067142,-0.034036,0.269493,-0.050329,0.020544,-0.351894,-0.062644,-0.02787,-0.289286,0.101108,-0.082575,-0.131786,-0.216337,0.204473,-0.053156,-0.167319,-0.106835,-0.039154,-0.063847,0.009425,-0.034154,0.15908,0.366985,0.136797,-0.133421,0.141186,0.005313,0.123274,-0.089007,0.005017,0.127713,0.131735,0.070805,-0.333334,-0.274482,-0.028003,0.022748,-0.027699,-0.276368,-0.094632,0.216478,0.025135,0.061391,0.004677,0.17318,-0.223619,0.206594,0.188385,0.062638,-0.112897,0.03723,0.123298,0.089174,-0.059437,-0.209564,0.22361,0.300997,0.034458,0.085874,-0.26628,-0.152202,0.156574,0.060754,-0.282631,-0.041102,0.158042,#
8,0.050987,0.221468,0.053279,-0.264786,-0.103903,0.052362,0.485573,0.237347,1.0,0.088196,-0.142192,-0.133477,0.35385,0.168464,0.18828,-0.389423,-0.147963,0.225009,0.20896,-0.088523,0.088366,0.152913,0.227059,0.142695,0.067801,-0.19,0.405554,0.051775,0.131491,0.251917,-0.215559,0.048363,0.148432,-0.04314,-0.116706,0.15626,0.27047,-0.324486,-0.052858,-0.026717,0.188736,0.109788,0.03146,0.152616,0.159247,-0.350954,0.315242,0.197007,-0.018334,-0.00531,-0.191306,-0.276659,0.116959,0.011662,-0.294544,-0.103492,0.059315,-0.14097,0.19744,0.048198,0.023535,-0.090059,-0.034,0.121473,0.092881,0.231549,0.020243,-0.013815,0.18597,-0.09218,0.186883,-0.071393,-0.25138,-0.14768,-0.095187,0.219289,-0.062334,-0.131464,-0.082446,-0.363368,0.111789,-0.333688,-0.203896,-0.211707,-0.273983,0.259061,-0.048333,0.032617,-0.012286,-0.128635,-0.225065,0.045608,-0.518908,0.44788,-0.21206,-0.09674,0.110839,0.10296,0.016185,-0.155715,-0.084205,0.161489,0.110675,0.117921,-0.001047,-0.272085,-0.146757,-0.073169,-0.078396,-0.164374,0.41821,0.347315,-0.159807,-0.281353,0.20772,-0.110194,-0.110403,-0.154189,-0.023141,-0.186273,-0.200566,-0.259961,-0.175454,-0.366726,0.080133,0.05061,-0.083406,0.208514,-0.089682,-0.201567,-0.190702,-0.404987,-0.084509,-0.057316,0.083517,-0.110962,-0.058195,0.072901,0.077279,-0.105306,-0.148719,-0.071756,-0.140309,-0.241856,-0.197559,-0.086297,-0.310148,0.388508,0.032525,-0.161729,0.11187,-0.255567,0.076903,-0.32799,0.038283,0.065563,0.389832,0.339973,0.016883,-0.118768,0.219496,0.09717,0.206979,-0.057527,0.254364,0.274056,0.011169,-0.008348,-0.279471,0.004286,-0.231486,0.198217,-0.211178,-0.118769,0.174018,0.050989,-0.193056,0.208891,0.511861,-0.39844,0.111619,0.177011,-0.08117,-0.013075,0.059223,0.049554,0.292007,0.073649,-0.290044,0.246725,0.266653,0.12646,0.190929,0.053378,0.054061,0.231166,0.202909,-0.153816,0.04942,0.012751,#
9,0.223415,0.298414,-0.101304,-0.111212,0.098605,-0.158487,0.161299,0.107985,0.088196,1.0,-0.179262,-0.052654,0.392764,0.161903,0.091506,0.011107,-0.28997,0.102628,0.212525,-0.146364,-0.035088,0.159242,0.151244,0.091891,-0.303807,0.060815,0.27398,-0.092347,0.001051,0.473877,-0.164382,-0.147516,-0.030198,0.09867,-0.243177,0.045557,-0.163262,-0.213474,0.051268,-0.162086,-0.064174,0.037783,0.084712,-0.092062,-0.149518,-0.429235,0.216811,0.119914,-0.349177,0.098749,-0.201101,-0.016058,0.00734,-0.081811,0.090074,-0.262278,-0.105521,0.012539,-0.099401,-0.098644,0.206696,-0.032318,-0.342797,0.115779,0.049983,0.181694,-0.112767,0.096063,0.028622,-0.23684,-0.112902,-0.314264,-0.236556,-0.276986,0.022757,0.213722,-0.098275,-0.322205,0.023247,-0.063745,-0.283946,-0.124363,-0.172591,0.026154,-0.05443,-0.085407,-0.364344,-0.123407,-0.097915,0.048475,-0.054615,-0.179714,-0.302734,0.000179,-0.08302,0.08339,0.03741,0.275231,0.109781,-0.155975,-0.12175,-0.297142,-0.309141,-0.121166,-0.298504,0.064115,-0.439367,-0.054748,-0.172662,-0.247382,0.07646,0.278624,0.110121,-0.369738,-0.166665,-0.060231,-0.035081,-0.107625,0.265426,-0.458444,-0.079013,-0.225621,-0.094562,-0.220414,-0.111934,0.200676,-0.184754,-0.155448,-0.045251,-0.120921,-0.101287,-0.140679,-0.230878,0.026406,-0.245956,-0.11001,-0.064033,-0.020743,0.128872,-0.329947,-0.021603,-0.132086,-0.276553,-0.304921,-0.056811,-0.16005,0.064072,0.252539,-0.438976,-0.195025,-0.245483,-0.247437,0.028798,-0.121516,0.014004,0.041735,0.236465,0.411664,-0.013702,-0.248281,-0.039367,-0.130408,-0.011366,0.029751,-0.031741,0.244609,-0.292211,-0.069879,-0.086792,0.141667,-0.02148,0.169456,0.063125,-0.103398,0.214178,-0.236636,-0.156583,0.040078,0.075349,0.105075,0.049151,0.137122,-0.209742,-0.216388,0.093984,0.093971,0.183792,-0.131563,0.009569,0.410708,0.061906,0.142713,-0.024431,0.244533,-0.023211,-0.227811,0.072509,-0.320703,0.044718,0.11677,#
10,-0.115416,-0.223129,-0.025996,0.23394,0.040635,0.261793,0.015038,-0.171788,-0.142192,-0.179262,1.0,0.045979,-0.46161,-0.358334,-0.090677,0.267431,0.240528,-0.12078,-0.031953,-0.24367,-0.038608,-0.10476,-0.041394,-0.044469,0.181167,0.101368,-0.247777,0.01894,-0.116769,-0.422284,0.164364,-0.042505,-0.164883,0.022744,0.219772,0.110493,-0.122289,0.034766,-0.098906,0.179986,-0.104849,-0.112594,-0.074012,0.093446,0.133168,0.245258,-0.283146,-0.128766,0.065207,-0.062208,0.1661,0.146728,-0.005188,-0.181972,-0.118063,0.047526,-0.008854,0.225908,-0.171669,-0.017138,-0.165221,0.034978,0.140063,-0.237363,-0.098022,-0.361908,-0.14737,-0.356936,-0.106973,0.207844,-0.177424,0.137198,0.212897,0.160615,0.094156,-0.04643,-0.195702,0.016707,-0.005855,-0.112602,-0.030508,0.134496,0.171036,-0.124339,0.033795,-0.09012,0.07045,-0.061089,-0.162163,0.023487,-0.090691,0.065846,0.208822,-0.274043,0.053775,0.059899,-0.259374,0.064119,-0.104935,0.079984,0.153219,-0.029006,0.222267,-0.102475,-0.024443,-0.080906,-0.026721,-0.022673,0.179502,0.216403,-0.307737,-0.068624,0.157158,-0.091501,-0.017376,-0.111016,0.17503,0.091752,0.031776,0.263875,0.171036,-0.009319,0.126527,0.076736,-0.191556,-0.211137,-0.135916,0.11689,-0.019878,-0.025984,0.317723,0.003625,0.024464,-0.032036,0.178556,0.285748,-0.080299,0.058454,-0.17764,0.040349,-0.131752,-0.051898,0.200409,0.045512,-0.043584,0.006618,-0.007148,-0.220988,-0.004987,0.335185,0.031847,0.335748,-0.250712,-0.012301,-0.026945,-0.222404,-0.480758,-0.251828,-0.195971,0.183534,-0.127644,0.124801,0.202965,-0.195262,-0.346474,-0.09745,0.053009,0.181052,0.398303,-0.031024,0.011504,-0.025106,-0.129227,0.019814,-0.315553,0.022045,0.041629,0.058318,-0.19596,0.261858,-0.002081,0.060943,0.067579,0.168074,-0.083009,-0.266135,-0.332338,0.037859,0.316781,-0.327329,-0.327013,-0.103207,-0.019459,-0.177612,0.073513,-0.045604,0.173592,0.041103,-0.217914,-0.252941,#
11,0.105737,-0.207473,0.021384,-0.142183,0.173031,0.055252,-0.154256,-0.051065,-0.133477,-0.052654,0.045979,1.0,-0.045978,-0.06732,-0.085962,0.015042,0.031281,-0.011799,-0.351246,0.011086,-0.209987,0.040166,-0.056613,-0.302623,-0.082388,-0.145225,-0.09975,-0.211366,-0.080009,-0.035602,-0.090804,-0.015736,-0.004821,-0.112238,0.112478,-0.002817,-0.292095,0.006974,-0.076959,-0.010516,0.030017,0.096809,-0.031567,-0.274919,-0.044537,-0.132242,-0.177797,0.13724,-0.13559,0.132287,-0.135267,0.166422,-0.01517,-0.080752,0.131091,0.032219,-0.084234,-0.162184,0.092042,0.015416,-0.021852,0.063571,0.031324,-0.449576,0.141299,-0.075591,-0.159499,-0.14905,-0.162202,0.249976,0.158698,-0.100802,0.142286,0.165821,-0.260298,0.054685,-0.177582,-0.05302,-0.034241,0.115939,0.139934,-0.026401,-0.130019,-0.261955,0.015754,0.04574,0.025697,0.074298,0.034265,-0.059681,0.031647,-0.095644,0.010619,0.095928,0.031524,0.157253,0.011809,0.14169,-0.018725,-0.013567,-0.14151,0.06127,-0.098774,0.085057,-0.181859,-0.044806,0.072514,0.017127,0.049648,0.197551,0.009899,0.086158,-0.189449,0.014721,-0.081159,-0.24089,-0.105031,0.152607,0.036692,0.083166,0.099992,-0.213626,0.037383,0.218303,-0.166648,0.123457,-0.102048,-0.111989,0.192373,0.108458,-0.06163,0.275017,-0.103677,-0.114135,-0.060636,-0.179812,0.076435,-0.178136,0.111257,0.013023,0.216216,-0.056787,0.115657,-0.173014,-0.143153,0.131734,-0.02231,-0.199015,-0.096512,0.144336,-0.034886,-0.08711,-0.009608,0.024278,-0.100492,0.072534,0.012954,-0.00511,0.020729,-0.045438,0.02851,-0.284825,-0.036047,0.075724,-0.002383,-0.079139,0.036934,0.117511,0.056047,-0.069676,0.127121,0.064734,0.081448,0.198109,0.000491,-0.0249,-0.336173,-0.132602,-0.047387,0.091933,0.073404,-0.077967,0.023979,0.142989,0.118898,-0.053427,0.128767,0.040989,-0.10689,-0.156562,-0.119015,-0.053247,-0.001764,0.02433,-0.07116,-0.166329,0.23428,-0.033107,0.087955,0.146413,#
12,0.333449,0.383762,-0.124762,-0.232388,0.126867,0.006748,0.322373,0.16142,0.35385,0.392764,-0.46161,-0.045978,1.0,0.372496,0.234898,-0.333247,-0.199798,0.269744,-0.032717,0.122221,0.015677,0.227787,0.365539,-0.036211,-0.253837,-0.183617,0.263503,-0.260605,0.149392,0.270534,-0.288476,0.057764,0.225054,-0.217626,-0.231637,-0.006573,0.08185,-0.125564,-0.01708,-0.335946,0.187573,0.326011,0.062902,-0.021764,0.010682,-0.401109,0.420244,0.286889,-0.220559,0.03538,-0.009591,-0.163811,0.128642,-0.054952,-0.13386,0.027829,0.177227,-0.16324,0.14071,0.13167,0.282993,0.143817,-0.115842,0.03125,0.24636,0.456911,-0.087236,0.344006,0.179238,-0.212868,0.242849,0.003064,-0.268356,-0.182568,-0.265459,0.278774,0.122645,-0.17788,-0.112548,-0.127991,-0.046496,-0.370594,-0.275778,-0.125761,-0.086836,0.110584,-0.144802,0.171882,-0.031126,-0.205844,-0.162783,-0.005255,-0.451654,0.25921,-0.195444,0.167999,0.454532,0.024187,0.112064,-0.174514,0.013948,-0.037192,-0.046433,0.029759,-0.092843,-0.03673,-0.205821,-0.170993,-0.343124,-0.209507,0.405491,0.136553,-0.118213,-0.285227,-0.010714,-0.064589,-0.296784,-0.143301,0.10367,-0.544734,-0.112794,-0.39018,-0.079778,-0.311,0.045848,0.316947,-0.135379,0.059857,0.052213,0.167865,-0.361049,-0.14286,-0.240456,-0.085582,-0.204421,-0.090722,-0.165338,-0.238002,0.188548,-0.169149,-0.043981,-0.268775,-0.251026,-0.260147,0.022362,-0.091062,-0.179565,0.291536,-0.037587,-0.276046,-0.106374,-0.436946,0.27033,-0.217899,-0.002074,0.158541,0.540789,0.456335,0.087123,-0.382726,0.090165,-0.241088,0.065461,0.190424,0.241163,0.442668,0.048251,-0.118789,-0.28557,0.020284,-0.022412,0.063651,0.001951,-0.067312,0.391297,-0.110583,-0.106752,0.084279,0.485387,-0.271085,0.101908,0.006731,-0.169687,-0.31198,0.198803,-0.034649,0.569853,-0.014223,-0.563011,0.399735,0.488491,0.142281,0.002929,0.035171,-0.016606,-0.07681,-0.007455,-0.153105,0.203349,0.148305,#
13,0.368132,0.243298,-0.154772,-0.309757,-0.048336,0.072019,0.015905,0.193237,0.168464,0.161903,-0.358334,-0.06732,0.372496,1.0,0.208031,-0.103807,-0.26417,0.216222,0.053147,0.005674,-0.16926,0.41958,0.514918,0.219369,-0.163515,-0.187553,0.436321,0.20715,0.228788,0.413203,-0.236649,0.208272,0.160297,-0.187601,0.026205,0.111543,-0.058611,0.020721,0.188258,-0.192873,0.004917,0.14454,0.284172,0.238687,-0.220373,-0.473609,0.331636,-0.009036,-0.238891,0.18679,0.030753,-0.150396,0.112976,-0.047104,-0.081509,-0.034784,0.04574,-0.018713,0.151878,0.157932,0.336397,0.087871,-0.121517,0.2337,0.258238,0.268328,-0.113199,0.394422,0.195796,-0.017577,-0.013112,-0.067362,-0.18139,-0.167303,-0.284803,0.138661,0.093913,-0.04706,-0.223512,0.017392,-0.370362,-0.319742,-0.122959,0.129791,-0.022874,0.036347,0.008503,-0.151944,0.021934,-0.320767,-0.164407,-0.155406,-0.309069,0.205468,0.026528,-0.113317,0.075126,-0.026153,-0.104067,-0.302478,-0.14852,-0.128974,-0.057317,-0.136846,-0.115895,-0.13427,0.096302,-0.395948,-0.218783,-0.047536,0.233168,0.14365,-0.179518,-0.035803,-0.28107,-0.233281,-0.273461,-0.211801,-0.055122,-0.227259,-0.149136,-0.33935,-0.143762,-0.224303,-0.086874,0.182965,-0.051451,-0.039138,0.004224,-0.116501,-0.305473,0.049899,-0.370071,-0.079226,-0.43833,-0.159414,0.066358,-0.330038,-0.012693,-0.138687,-0.041672,-0.365372,-0.330086,-0.241458,-0.313576,-0.149528,-0.267368,0.089897,-0.107902,-0.245336,-0.114618,-0.390767,0.076224,-0.225126,-0.199553,0.091567,0.435222,0.21273,-0.103076,-0.141703,-0.032702,-0.17544,-0.093541,0.119194,0.051757,0.08834,0.048283,0.188307,-0.152672,-0.028758,0.012106,0.127493,-0.117275,-0.236818,0.415898,-0.218207,0.059136,-0.105042,0.49057,-0.378534,0.314964,-0.085022,-0.108609,-0.043878,0.061047,0.141007,0.143898,-0.306917,-0.262079,0.44962,0.051057,0.011096,0.105893,0.223214,0.087745,0.071036,0.220322,-0.242354,0.124899,0.085512,#
14,0.065826,0.358755,-0.065101,-0.25976,0.340985,-0.082338,0.437174,0.094864,0.18828,0.091506,-0.090677,-0.085962,0.234898,0.208031,1.0,-0.221703,-0.006447,-0.045931,0.125675,-0.080355,-0.115386,-0.004328,0.148868,0.128161,-0.215719,-0.057255,0.064131,0.237083,0.278628,0.116285,-0.4402,-0.066068,0.071219,-0.175714,-0.084646,0.261783,-0.169439,-0.193951,0.20297,0.132003,-0.238262,0.164355,-0.197141,0.208154,0.139355,-0.036517,0.26881,-0.076821,-0.104603,0.331015,0.076255,-0.173001,0.019832,-0.121996,0.007483,-0.270781,-0.214356,-0.023885,-0.157767,-0.015215,-0.074585,0.3488,-0.22593,0.215734,0.03508,0.139158,0.052435,-0.069431,0.016959,-0.358361,-0.149221,-0.300982,0.029711,-0.329196,-0.369854,0.213041,-0.015503,-0.386634,-0.21509,-0.311428,-0.347786,-0.361781,-0.356081,-0.01788,-0.392436,0.024928,-0.2411,-0.17595,-0.423493,-0.24863,-0.154626,-0.139068,-0.178685,-0.059009,-0.285201,-0.224002,-0.186555,0.059541,-0.17585,-0.211636,0.285694,-0.324392,-0.273053,-0.26258,-0.295887,-0.168288,-0.330697,-0.110311,-0.276126,-0.100553,-0.073787,0.152,-0.337537,-0.35136,-0.274663,-0.167196,-0.179845,-0.339517,-0.397509,-0.193858,-0.351276,-0.195587,-0.378328,-0.118432,0.083827,-0.380643,-0.214312,-0.007549,-0.322998,-0.202807,-0.218763,-0.326067,-0.417699,0.143609,-0.205912,-0.218875,0.126265,-0.139829,-0.09839,-0.10378,-0.239898,-0.262945,-0.151663,-0.09259,-0.183953,-0.32499,-0.227401,0.265331,-0.331595,-0.174721,-0.304565,-0.292905,-0.159281,-0.167106,-0.325944,-0.027569,0.236867,0.262242,-0.356957,0.062518,0.20285,-0.089846,0.166132,0.008596,-0.201095,0.194201,-0.009256,0.209487,0.039126,-0.130763,0.367983,0.098294,-0.048721,-0.397343,0.442085,-0.23047,-0.19942,0.035445,0.287764,-0.214654,0.243736,0.242614,0.446572,0.097891,0.173757,-0.231881,-0.01495,-0.084997,-0.138605,0.279008,0.001283,0.526719,0.158844,0.190066,-0.090919,-0.096801,0.029452,-0.217139,-0.231035,0.165261,#
15,-0.035919,-0.239814,-0.174886,-0.139768,-0.084271,0.067215,0.011658,0.167399,-0.389423,0.011107,0.267431,0.015042,-0.333247,-0.103807,-0.221703,1.0,-0.062692,-0.275199,0.087593,-0.08987,-0.142578,0.109239,-0.127162,0.011627,0.129219,0.079923,-0.103612,-0.076221,0.114969,-0.256775,-0.08185,-0.079667,-0.181984,0.20501,0.126842,0.236726,-0.06057,0.168095,0.103569,0.134908,-0.134301,-0.354401,-0.010791,-0.03081,-0.159512,0.217615,-0.309135,-0.050763,-0.10759,-0.014465,0.19942,0.204898,-0.12606,0.112254,-0.048529,0.165955,0.161702,0.038931,0.003189,-0.121847,0.107796,0.018831,0.097021,-0.088718,0.012826,-0.262583,-0.244582,-0.062988,0.06169,0.051812,-0.06538,-0.15265,0.092942,0.121325,0.150749,0.012222,-0.044006,0.065774,-0.026288,0.213646,-0.162955,0.016443,0.319005,0.015291,0.26377,-0.103151,0.113509,-0.199004,0.088083,0.074927,0.142898,-0.091588,0.26631,-0.135175,0.021572,0.126537,-0.108399,0.020365,-0.230047,-0.135815,0.004911,0.036225,-0.093085,0.044301,0.193598,-0.00903,0.03119,0.014498,-0.037868,-0.104255,-0.243713,-0.06058,0.20314,0.04964,-0.107044,0.041707,0.131331,0.239713,0.053282,0.224616,0.137334,0.262861,0.092166,-0.032732,-0.111422,0.035856,0.17131,0.037396,0.016042,-0.139072,-0.003782,0.157625,0.078685,0.006194,-0.055598,0.07245,-0.0948,0.01283,-0.248651,-0.114809,0.028501,0.046837,-0.012261,0.284785,0.024981,-0.040808,-0.032897,-0.175985,-0.062707,-0.14423,-0.064636,0.150872,-0.201294,0.1612,0.020238,0.042445,-0.319277,-0.157885,-0.142212,0.150849,0.118511,0.097529,-0.215912,-0.024758,-0.273317,-0.289131,0.109844,-0.005418,0.001907,0.058095,0.001554,-0.082847,-0.052038,0.170566,-0.227762,-0.042832,0.109131,-0.042022,-0.22988,0.272176,0.099149,-0.12173,0.07392,0.054609,-0.101261,-0.046181,-0.25827,-0.106368,0.088787,-0.130362,-0.264565,-0.297513,-0.048761,-0.027049,0.073977,0.02935,0.107038,0.084833,0.064125,-0.17362,#
16,0.170055,0.039578,-0.103615,-0.153765,0.124372,0.263415,-0.2024,-0.095228,-0.147963,-0.28997,0.240528,0.031281,-0.199798,-0.26417,-0.006447,-0.062692,1.0,-0.068645,-0.056745,-0.317528,-0.039929,-0.329126,-0.23025,-0.25839,0.018571,-0.138093,-0.478453,0.008158,-0.126138,-0.229322,0.074543,-0.105965,0.087482,-0.255808,0.09383,0.197266,0.042561,-0.047881,-0.226033,0.084979,-0.110636,-0.290137,-0.054294,0.309016,0.219395,0.120926,-0.368868,-0.228809,0.110147,-0.002343,0.100424,-0.081961,0.042708,-0.136038,0.140426,0.007913,-0.225783,-0.052349,0.033329,0.050192,-0.141355,0.028572,0.106602,-0.079755,0.075604,-0.037441,0.155759,-0.097511,-0.04908,-0.018289,-0.30291,0.195655,0.196696,-0.14164,-0.059631,0.151967,-0.031672,0.124802,-0.057148,-0.191758,-0.106523,0.128987,-0.075815,-0.100821,-0.145137,-0.338822,-0.277096,-0.244513,0.018846,-0.218546,-0.15867,-0.207164,0.032741,-0.390559,-0.020377,-0.284062,-0.103071,-0.27398,-0.274759,0.002172,0.217491,-0.171875,-0.121814,-0.185857,-0.006335,-0.041442,-0.079757,0.071396,-0.083642,0.127271,-0.090707,-0.078387,-0.112261,-0.092607,-0.202897,0.109896,-0.259408,-0.162951,-0.218415,0.15709,-0.254469,0.037636,-0.323031,0.188247,0.142395,-0.29523,-0.0987,-0.119381,-0.269151,-0.04321,-0.041025,0.176887,0.029556,0.080873,-0.114806,-0.182002,0.21651,-0.295714,-0.383486,-0.063058,-0.379018,0.106219,-0.0829,-0.003692,0.078134,-0.052245,-0.086076,-0.037209,0.019369,-0.023366,-0.151708,0.232157,-0.233064,-0.013107,-0.210592,-0.40515,-0.183443,0.014189,-0.295091,-0.011766,-0.089012,-0.055051,0.042632,-0.247451,-0.120022,0.059421,-0.042733,-0.069017,0.056329,-0.347062,0.221379,-0.042788,-0.12539,0.04581,-0.046956,-0.080179,-0.11174,0.147302,-0.027004,0.128805,-0.032134,0.137944,0.388953,0.151232,0.08228,-0.109711,0.013684,0.238415,0.285349,0.027222,-0.225131,0.170177,0.242752,0.072432,-0.214976,0.491879,0.139175,-0.147863,-0.430407,0.036879,#
17,0.242823,0.380945,0.056665,-0.023549,0.107414,-0.037138,0.055274,-0.037781,0.225009,0.102628,-0.12078,-0.011799,0.269744,0.216222,-0.045931,-0.275199,-0.068645,1.0,0.227908,0.059492,0.251618,0.141462,0.106256,-0.068972,-0.085299,0.065265,0.097508,0.026564,0.104444,0.29817,-0.11864,0.017127,0.112572,-0.042011,0.172539,-0.144706,0.02604,-0.167292,-0.033186,-0.109165,0.046321,0.195295,0.163253,-0.045648,-0.202942,-0.274411,0.190136,0.139589,0.166238,-0.246389,0.178043,-0.130234,-0.061708,-0.056353,0.053087,-0.238007,-0.194196,-0.130251,-0.014942,-0.021116,0.070321,0.238074,-0.147314,0.070018,0.007273,0.237786,0.096955,0.225805,0.183696,0.355926,0.039763,0.108322,-0.507427,-0.031034,-0.049001,0.173022,-0.060358,-0.130446,-0.08666,-0.383434,0.069846,-0.126708,-0.113345,-0.050631,-0.10569,0.201827,-0.13823,0.197237,0.134805,0.033426,0.09017,-0.100479,-0.160289,0.177336,-0.2038,0.162807,0.222476,-0.23224,-0.141805,-0.327342,-0.216679,-0.200974,-0.100614,0.135144,-0.267329,-0.037521,-0.097444,-0.35709,-0.339627,0.03339,0.291809,-0.000497,0.06239,-0.043299,0.146768,0.004524,-0.213174,-0.161426,0.188275,-0.2617,-0.093164,-0.04981,-0.151908,-0.235847,-0.060336,0.240143,0.074774,0.135936,0.105188,0.021864,0.084504,-0.153251,-0.023323,-0.261121,-0.059191,-0.075261,0.129173,-0.133069,0.163095,-0.085456,-0.038284,-0.04825,-0.167536,-0.241977,-0.195034,0.094992,0.004021,0.250688,-0.049049,-0.207821,-0.128256,-0.165495,0.310458,-0.164874,-0.254506,-0.082388,0.305016,0.29722,-0.182635,-0.143957,-0.193823,0.027683,0.110758,0.056319,-0.168809,0.446293,0.032975,-0.023598,0.033918,0.122001,-0.165402,0.051191,-0.24531,-0.062819,0.110811,-0.142599,0.060458,0.047324,0.341907,-0.255748,-0.014648,0.121202,-0.1589,-0.162952,0.016969,-0.153739,0.245607,0.155823,-0.285593,0.199449,0.106872,0.130638,-0.030987,0.077652,-0.092595,-0.03127,-0.023989,-0.161603,0.16262,0.201734,#
18,-0.084082,0.305781,0.040243,-0.04148,-0.017048,-0.346811,0.10383,-0.12008,0.20896,0.212525,-0.031953,-0.351246,-0.032717,0.053147,0.125675,0.087593,-0.056745,0.227908,1.0,-0.286832,0.232801,-0.249574,-0.016181,0.082394,-0.063206,-0.015173,0.178814,0.200558,0.019276,0.325057,-0.128996,-0.019507,0.114101,0.055667,0.094829,0.13207,0.222716,-0.186337,-0.051697,0.087722,-0.067129,-0.209923,0.234706,-0.002146,-0.038388,-0.123359,0.058191,-0.091712,0.145533,-0.017387,-0.026264,-0.013621,-0.095116,0.110551,0.152093,-0.057749,-0.129934,-0.112202,-0.190504,-0.189048,-0.047349,0.088156,-0.048648,0.264328,-0.002085,0.033585,-0.043587,0.07835,0.034708,-0.058767,-0.243106,-0.316852,-0.005219,-0.199051,0.089747,0.150868,-0.265524,-0.099354,0.152484,-0.248187,-0.237984,-0.166584,-0.182906,0.180264,-0.269805,-0.047038,-0.128509,-0.104995,-0.09098,0.103576,0.058355,-0.194787,-0.197989,-0.201333,-0.317097,-0.205408,-0.089908,-0.15943,-0.156284,-0.129424,-0.187374,-0.063552,-0.178357,-0.219252,-0.185952,0.07309,-0.19688,-0.035241,-0.137466,-0.079613,0.102564,0.051157,0.064951,-0.165596,-0.043619,-0.224087,-0.028491,-0.09457,0.105194,-0.1926,-0.223888,0.11625,-0.344606,-0.212916,-0.091243,-0.199631,-0.085309,0.03464,-0.194817,-0.391605,0.178035,-0.312874,-0.029998,0.15362,-0.061078,-0.159037,-0.002428,-0.017574,-0.088914,-0.078807,-0.21003,0.082957,-0.243344,-0.122959,-0.096331,-0.081144,-0.158661,0.284665,-0.174854,-0.160532,-0.290521,-0.08587,0.14304,-0.068233,-0.19133,-0.203152,-0.052149,0.216924,-0.176606,0.043718,-0.042973,0.054836,0.1696,0.057001,-0.166466,0.046151,-0.09204,0.145566,-0.099085,0.029665,0.005241,0.005536,0.018483,-0.094398,0.167292,0.123669,0.021059,0.226209,0.1146,-0.252363,0.023361,0.105638,0.141495,-0.036478,0.075788,0.024893,-0.089253,0.064395,-0.060414,0.248013,-0.092442,0.136966,0.220591,0.324043,0.08971,-0.056497,0.144301,-0.14451,-0.273117,-0.088048,#
19,-0.151334,-0.206952,0.091271,0.224493,0.035246,0.12756,-0.043228,0.068742,-0.088523,-0.146364,-0.24367,0.011086,0.122221,0.005674,-0.080355,-0.08987,-0.317528,0.059492,-0.286832,1.0,0.169106,0.16651,0.020366,-0.042672,0.182488,-0.070452,0.027797,-0.116947,-0.096821,-0.191214,0.046646,0.227587,0.071756,0.053274,-0.118512,-0.393766,-0.013145,0.112988,-0.058532,-0.041122,0.304601,0.4112,-0.060218,-0.158046,-0.045359,0.110746,0.293454,0.375564,0.191356,-0.027124,0.105483,0.022988,0.165206,0.055945,-0.112115,0.243212,0.311632,-0.211731,0.196346,0.088195,-0.137317,-0.123695,0.107415,0.083574,0.021092,0.097415,0.111501,0.165562,-0.020675,0.000929,0.450186,0.122769,0.015014,0.289919,0.115602,-0.315455,0.445826,0.191628,0.22101,0.185228,0.470385,0.225278,0.230176,-0.053662,0.254255,0.133128,0.242975,0.340474,0.322391,0.137651,0.200333,0.249914,0.248053,0.256939,0.191837,0.286965,0.317809,0.162196,0.045138,0.139732,-0.03934,0.349656,0.221011,0.353224,0.332939,0.316223,0.263407,-0.338172,0.284706,0.00674,0.269823,-0.29425,0.169825,0.311789,0.248492,0.116542,0.011162,0.408489,0.018828,0.009289,0.318359,0.010918,0.443181,0.026989,0.209714,0.294787,0.063661,-0.036031,0.091486,0.410156,0.015755,0.232978,0.153841,-0.19143,0.292311,0.082804,0.105366,0.167503,0.079943,0.220876,0.367092,-0.115735,0.076171,0.083789,0.05763,0.178141,0.078481,-0.254212,0.359989,-0.148618,0.160281,0.127456,0.274689,0.307155,0.185894,0.433643,0.043991,-0.152711,0.365569,0.025904,-0.087246,-0.037105,-0.127876,0.236693,0.165049,-0.116103,0.305765,-0.042253,-0.159367,0.172212,-0.346258,-0.02707,0.303832,0.253397,-0.14367,0.162981,0.344572,-0.343088,-0.194493,0.049182,-0.15534,-0.11934,-0.078282,-0.115421,-0.394627,-0.036009,0.077866,0.068791,-0.182528,-0.384848,0.338382,-0.301322,-0.284104,-0.377143,0.094701,-0.32826,-0.386292,0.412817,0.205214,0.123451,#
20,-0.135719,-0.05243,-0.060423,0.227038,-0.036363,-0.218439,-0.139245,0.03936,0.088366,-0.035088,-0.038608,-0.209987,0.015677,-0.16926,-0.115386,-0.142578,-0.039929,0.251618,0.232801,0.169106,1.0,-0.21977,-0.274851,0.132881,0.206972,0.168206,-0.116523,0.110075,0.027695,0.028175,0.296173,-0.028556,0.140432,0.13269,0.062186,-0.306477,0.066795,-0.09381,0.025225,-0.000332,0.040464,-0.114489,0.013621,-0.189676,-0.057332,0.188445,0.175336,0.040042,0.132183,-0.08658,0.070022,-0.047247,-0.12023,0.259329,0.045592,0.186436,0.009325,0.030802,0.016248,0.001356,0.001959,0.08803,-0.06,-0.10409,-0.125689,0.021535,-0.082855,0.13423,-0.095747,-0.18404,-0.061128,0.115538,0.02883,0.29142,0.25656,-0.181591,0.151197,0.202569,0.056839,-0.006241,0.13267,0.221043,0.209999,-0.012942,-0.029132,-0.020756,0.152647,0.199069,0.349083,0.290855,-0.02023,0.010371,0.090809,0.1053,-0.029994,0.093454,0.218015,-0.017699,0.124883,0.10019,-0.031293,0.064525,-0.038374,0.081677,0.113272,0.142944,0.00065,0.080653,0.108549,-0.009931,0.063908,-0.258163,0.131462,0.123155,0.185785,0.249468,0.055004,0.257924,0.233055,0.175159,0.147643,0.346477,0.177123,0.158004,0.271374,0.105868,-0.161852,-0.233159,0.063199,0.097197,0.163756,-0.020814,0.344845,-0.12794,0.163263,0.096542,0.033512,0.069941,0.094385,0.413986,-0.038119,0.10748,0.15747,-0.010871,0.264587,0.033188,0.261468,-0.126816,0.13628,0.006786,-0.013032,0.253461,0.294998,0.261291,-0.00923,0.204185,0.077808,-0.028665,0.202932,0.036782,-0.216232,0.063123,-0.067422,-0.050494,0.083074,0.103549,0.052738,-0.203637,-0.070109,0.180515,-0.215195,0.135145,0.26185,-0.009537,-0.197203,0.094506,0.127223,0.008338,-0.122015,0.100843,-0.171379,0.154907,0.013791,-0.099658,-0.016187,0.104326,0.014224,0.342463,0.0477,-0.136105,0.098064,-0.06024,-0.223126,-0.230763,-0.239501,-0.066084,-0.200733,0.19136,0.137234,0.077228,#
