0,1.0,0.041856,-0.030289,-0.336066,0.172649,0.13297,0.242859,-0.125045,-0.063283,0.091107,0.221692,-0.161514,0.290253,0.260709,-0.043244,0.113873,-0.169548,-0.319791,0.411073,-0.117585,0.231258,0.007429,0.16918,-0.300112,-0.104416,-0.315059,-0.158064,-0.111791,0.295046,0.219201,-0.140357,0.030274,0.076167,-0.223115,0.165845,0.193003,0.198582,-0.083512,-0.16373,0.052063,0.048826,0.193585,-0.01894,-0.05202,-0.027649,-0.210022,0.074475,0.070729,-0.091385,0.045118,0.21323,-0.26511,0.231341,-0.04561,0.197875,0.039641,-0.152787,0.007613,-0.111424,0.161075,0.40068,0.086863,0.003988,0.244766,-0.155406,0.097064,-0.236983,0.225463,-0.161525,-0.164269,-0.020202,0.00213,-0.078225,-0.213924,-0.262741,0.265371,-0.412575,-0.19835,-0.279421,-0.003265,-0.040464,-0.307488,-0.19525,-0.250578,-0.110998,-0.122652,-0.276988,-0.015852,-0.13662,-0.23661,-0.334979,-0.232319,-0.069438,-0.315517,-0.095923,-0.354953,-0.347061,-0.261728,-0.163975,-0.039317,0.226367,-0.205441,-0.230941,-0.333821,-0.126933,-0.215828,-0.068356,0.163737,-0.232639,0.017514,0.052795,0.239251,-0.461361,-0.282335,0.115813,0.130113,-0.231721,-0.125475,-0.119029,-0.136832,-0.260272,0.081047,0.007474,-0.180854,-0.18956,-0.048843,-0.061786,0.144264,-0.172268,-0.140635,-0.117549,-0.500105,-0.11909,0.103944,-0.215592,-0.164259,-0.105813,0.007877,0.257107,-0.172321,-0.27113,0.22034,-0.022127,-0.200167,-0.271608,-0.045119,-0.136587,0.112016,-0.283093,-0.220134,-0.144845,-0.182086,-0.231922,-0.24576,0.180358,-0.173122,0.202816,0.078393,-0.315191,-0.094711,0.083275,-0.249355,-0.051393,-0.26427,0.095019,-0.089802,-0.086742,0.101002,-0.182737,-0.240726,0.066538,0.100458,-0.19529,-0.008971,-0.054128,0.003928,-0.185091,-0.054929,0.094869,-0.252881,0.130354,0.027344,0.062621,0.372212,0.238994,0.056964,0.259723,-0.076273,0.103424,0.28718,-0.259459,0.094895,0.422971,-0.018309,-0.10937,0.251032,0.087298,-0.153338,-0.113282,0.088009,#
1,0.041856,1.0,-0.012421,-0.124547,-0.061948,-0.038366,0.262505,0.109367,-0.097146,0.335488,-0.03356,0.007683,0.095597,0.239706,0.237027,0.059254,-0.096329,0.124197,0.267019,0.020628,0.215184,0.08864,0.214353,-0.129789,-0.053718,-0.257154,-0.158839,0.001316,-0.01652,0.160336,-0.057627,0.07611,0.116366,-0.093479,-0.079169,0.085404,-0.064844,-0.217816,0.044028,0.093307,0.069187,0.215701,-0.104926,0.035651,0.265676,-0.083218,0.13338,-0.067225,0.180633,0.266525,-0.021671,0.048722,0.1287,0.020857,-0.044126,-0.116907,0.070895,-0.260992,-0.179991,-0.170005,0.102566,-0.061444,-0.154079,-0.092969,0.362644,0.214845,-0.18146,-0.02771,0.031088,-0.089946,0.126651,0.03888,-0.032826,-0.269751,-0.04105,-0.061933,-0.196625,-0.042408,0.093637,-0.015217,0.146704,-0.211371,-0.166368,0.051182,-0.163317,-0.036607,-0.035852,-0.159571,-0.003911,-0.009127,-0.198644,-0.134726,-0.200386,0.01126,-0.042792,-0.103577,0.001134,0.08846,0.286612,-0.07749,0.031326,0.116745,0.028861,-0.044809,-0.270967,-0.088944,-0.113411,-0.141546,-0.22775,-0.047719,0.177511,0.123711,-0.175454,0.063754,-0.156827,-0.05302,-0.036797,0.013075,0.138286,-0.340899,-0.151084,-0.222123,-0.363568,-0.063785,-0.163355,-0.210657,0.137923,0.069643,-0.233158,-0.179333,0.136655,-0.022051,-0.163161,-0.266218,-0.153003,-0.339295,0.152645,0.228513,-0.008555,-0.106097,0.075001,-0.1556,-0.08153,-0.080871,-0.03035,-0.072322,-0.372759,0.176788,-0.06878,-0.097063,-0.093875,-0.152453,0.046412,-0.14746,-0.106943,-0.107417,0.127576,0.064903,-0.158258,0.097615,-0.084391,0.051158,-0.104065,0.092718,0.010002,0.356069,0.087915,0.00438,-0.211862,-0.351253,0.028114,0.067933,-0.086914,-0.093846,0.101385,-0.291128,-0.062339,0.062075,0.176054,-0.267408,0.146244,-0.033394,-0.167648,0.097547,0.245777,-0.298944,0.207219,-0.261796,-0.037475,0.218784,0.007814,0.058007,-0.056889,0.204602,-0.048687,-0.195786,0.053811,-0.061735,0.089107,0.045934,#
2,-0.030289,-0.012421,1.0,-0.104133,0.038686,-0.169896,0.136092,-0.025424,0.123476,0.055816,0.155653,-0.121328,0.030299,0.00737,-0.217696,-0.06769,-0.186544,0.196763,0.017286,0.110928,-0.085111,0.21743,-0.056949,-0.033713,0.099379,0.094889,0.202771,-0.068854,0.086493,-0.280241,0.062759,0.173431,-0.259997,-0.038762,-0.014044,0.061735,-0.09943,0.265192,0.093161,-0.279201,0.267502,0.002344,0.068705,-0.12532,-0.05109,-0.224341,-0.130308,0.228113,-0.149392,-0.134674,-0.02495,-0.113882,0.270534,-0.138817,-0.246859,-0.058697,-0.127102,-0.175113,0.12462,0.105299,0.084914,-0.2228,-0.035934,-0.30937,0.192631,-0.024392,0.193676,0.078853,0.169816,0.27404,0.132377,0.224591,-0.225778,0.071367,0.047848,-0.123113,0.021486,-0.069685,0.001207,0.015329,0.147954,0.075053,0.02222,0.178022,-0.158039,0.202897,0.193958,-0.019164,0.039075,0.168758,-0.015767,0.03275,0.234501,0.19679,0.075845,0.046192,0.266547,-0.076649,0.165342,0.145488,-0.093917,-0.013692,0.133974,0.143399,0.22665,0.169345,0.119612,-0.018804,-0.085971,-0.061785,0.114184,-0.170594,0.058884,0.10316,0.340859,-0.104712,-0.029052,0.193188,-0.024371,-0.080066,0.146164,0.192585,0.061545,-0.046914,0.027009,0.180838,0.28662,0.00833,0.097081,0.040549,0.355771,0.016077,0.152614,0.054435,0.148598,-0.014931,-0.014423,0.357433,0.112612,0.249444,0.017687,0.164956,0.172612,-0.02801,-0.042299,-0.00843,-0.229291,0.104876,0.137452,0.163832,0.054931,0.104136,0.193558,0.006173,0.085594,0.036006,-0.020317,0.055305,0.235566,0.060964,0.337048,0.067633,0.055843,0.227538,0.104941,-0.228233,0.039054,-0.072287,-0.0244,0.162393,-0.127793,-0.160084,-0.105626,0.085167,-0.183811,0.092318,0.094614,0.012567,0.019001,-0.156616,0.098075,0.028554,-0.131348,-0.101887,-0.221131,0.14228,0.15507,0.172657,-0.059386,-0.198333,0.083898,-0.222331,-0.215517,0.321396,-0.103165,-0.097394,-0.125338,0.171675,0.141323,0.007301,#
3,-0.336066,-0.124547,-0.104133,1.0,-0.149674,-0.263354,-0.297131,-0.231358,-0.193743,-0.371072,-0.007968,-0.111286,-0.386533,-0.416683,-0.078439,-0.20832,0.158901,0.13994,-0.178884,-0.089258,-0.047238,-0.058607,-0.31908,0.113693,0.142478,0.310891,0.093192,0.128354,-0.182695,-0.272098,0.166457,-0.155705,-0.040917,-0.014281,0.053444,-0.063163,-0.179241,-0.089225,0.079281,0.028921,-0.107466,-0.322154,0.048605,0.271353,0.002458,0.459144,-0.193114,-0.024403,0.187337,-0.137294,-0.111196,0.396291,0.030731,0.158934,-0.047226,-0.097344,0.357399,0.175225,0.021785,0.001895,-0.402284,0.074188,0.320328,-0.155136,-0.141964,-0.261879,0.047401,-0.04029,-0.129024,0.053606,-0.095435,-0.037691,0.184479,0.125207,0.075786,-0.102645,0.367653,0.087056,0.079084,-0.020587,0.009344,0.362243,0.240849,0.046589,0.250842,-0.007321,0.228522,0.273715,0.0897,0.063924,0.060875,0.194857,0.133101,-0.110401,0.210246,0.17398,0.399302,0.200111,-0.025708,0.361657,0.053431,0.200203,0.423677,0.219313,0.121683,0.182975,0.352819,0.137259,0.034408,0.03988,-0.109156,-0.08855,0.408181,0.107498,0.106585,0.120754,0.075324,0.069619,-0.149159,0.348318,0.256788,0.390013,0.265744,0.250501,0.273228,0.161046,-0.301613,-0.178252,0.162623,0.267773,0.008613,0.311931,0.315293,-0.050035,0.165389,0.219839,-0.010391,-0.016486,-0.127263,0.272381,0.149522,-0.094227,0.263389,0.19408,0.443464,0.129174,0.13592,-0.045607,0.40202,0.011008,0.260687,0.061659,0.131077,0.235767,0.07784,0.259057,-0.310003,-0.275166,0.415039,0.167918,-0.034706,0.241819,-0.136258,0.044667,-0.095601,-0.271029,0.158978,0.165808,0.17094,0.148122,0.070018,0.068236,0.288724,0.365932,-0.081033,0.274392,0.064266,-0.067585,-0.488926,0.458518,-0.417118,-0.001319,0.264472,-0.162935,-0.205946,-0.011946,-0.158745,-0.045995,0.311281,-0.082403,0.164392,-0.091929,-0.231216,-0.197267,0.006816,-0.081474,0.031385,-0.028723,-0.153299,-0.282051,#
4,0.172649,-0.061948,0.038686,-0.149674,1.0,0.080703,-0.122438,-0.061611,-0.019133,-0.14508,0.340692,-0.174983,-0.024026,-0.276719,-0.157718,-0.082119,0.169377,-0.181268,0.038087,-0.06553,-0.259275,-0.263773,0.111894,-0.124515,0.013785,-0.10933,-0.146345,0.127066,-0.105084,-0.003126,-0.306967,-0.151319,-0.053461,-0.040248,0.069636,0.043873,-0.048855,-0.044545,0.02292,0.363073,-0.043352,-0.343383,-0.168625,0.093299,-0.125959,0.158874,-0.115309,0.037473,0.101975,0.219079,0.036837,-0.052144,0.038692,0.198953,0.124085,0.074639,-0.10111,0.261777,0.052513,-0.100616,-0.160933,-0.16226,-0.038795,0.024505,-0.313555,0.024713,0.517038,-0.14067,-0.024581,-0.202479,0.052701,-0.128882,0.04464,0.207029,0.165607,0.06463,-0.03645,-0.141187,-0.081091,-0.176185,-0.17697,0.096637,0.113868,0.05526,0.095578,-0.003137,0.149918,0.088388,0.006966,-0.084093,0.153241,0.173346,0.23301,-0.060507,-0.004423,0.083531,0.1587,0.010106,-0.149816,-0.036767,0.022865,0.057326,0.1749,-0.107627,0.155321,0.015391,-0.045015,0.098388,-0.120769,0.107886,-0.008386,0.104194,0.032343,-0.035544,-0.120529,0.162944,-0.067471,0.324648,-0.313001,0.071426,-0.262805,0.142065,0.09573,-0.081299,0.199233,0.121034,-0.069313,0.110519,0.135613,-0.03804,0.089126,-0.352543,0.066895,-0.182985,0.041487,0.077058,0.050559,0.162043,-0.166011,0.255804,-0.003582,-0.077281,-0.187645,0.178481,-0.065985,-0.224611,-0.194904,-0.086773,0.119762,-0.052169,0.059673,0.020541,-0.192497,-0.000546,0.022034,-0.173373,-0.098268,-0.047747,-0.243161,0.208871,-0.229036,-0.269272,-0.167924,0.105318,0.143419,-0.101414,0.023763,0.012002,-0.053708,0.173591,-0.030543,-0.207965,0.124326,-0.00646,-0.063186,0.250226,0.084481,0.181102,-0.003018,-0.022929,-0.161852,0.163722,0.151106,0.091713,0.104458,0.023425,0.054454,-0.004976,0.216907,-0.215606,0.111725,0.014665,0.211872,-0.076633,-0.159798,0.243985,-0.058455,0.136519,-0.109091,-0.239992,#
5,0.13297,-0.038366,-0.169896,-0.263354,0.080703,1.0,0.393112,0.345468,0.113124,-0.013064,0.080427,0.277243,0.101243,0.144128,0.051556,0.064187,0.220757,-0.008434,0.225599,-0.086751,0.10072,-0.04779,0.139344,-0.063329,-0.173015,0.06798,0.038354,-0.050389,0.104337,0.161591,-0.298616,-0.0314,-0.096431,-0.077281,-0.032743,0.025628,0.12433,-0.146335,-0.040089,0.022077,-0.21432,0.191621,-0.127665,-0.088915,0.034201,-0.171064,0.084281,-0.219081,0.051109,0.249341,-0.016527,0.075871,0.099175,0.177248,0.146095,0.308668,-0.257296,0.110697,-0.214223,-0.196248,0.149127,-0.067099,0.002171,0.288157,-0.162462,0.308582,0.005483,0.113745,-0.023502,-0.356071,0.003768,-0.033065,-0.172587,0.072607,-0.124255,0.307781,-0.306633,-0.110256,-0.131649,-0.065723,-0.2412,-0.249466,-0.081253,0.046255,-0.154119,-0.350232,-0.125262,0.013277,-0.12314,-0.299,-0.122108,-0.277275,-0.291649,-0.059975,-0.161209,-0.117993,-0.150273,-0.389441,-0.179202,-0.331776,0.15012,-0.053314,-0.098385,-0.377213,-0.325308,-0.250424,-0.014687,0.138948,-0.23574,-0.035931,0.106702,0.281908,-0.351628,-0.348899,-0.016422,-0.054636,-0.194062,0.11061,0.194235,-0.185999,-0.18808,-0.290846,-0.018375,-0.307616,-0.166968,-0.046222,-0.122441,-0.072178,-0.328876,-0.149577,-0.198533,-0.163868,-0.163793,0.091744,-0.428346,-0.193775,0.228729,-0.069506,-0.002978,-0.32543,-0.193775,0.141773,-0.172393,-0.010077,-0.127388,-0.256719,0.240884,0.071042,-0.187395,-0.122856,-0.099641,-0.191406,0.064936,0.066921,-0.024125,-0.206076,0.139029,0.095777,-0.444888,-0.182156,-0.18017,-0.203852,-0.077749,-0.2285,-0.008488,0.024823,-0.079167,-0.132308,-0.075726,-0.020613,0.168136,-0.096175,-0.101536,-0.230468,0.218787,-0.220117,0.05996,0.002662,0.191269,-0.120445,0.240996,0.02792,0.060366,0.146192,0.545925,-0.013385,0.131287,0.017432,-0.059242,0.224062,0.007205,0.130262,0.332443,-0.207011,-0.375163,0.035029,0.293923,-0.076505,-0.215322,-0.043685,#
6,0.242859,0.262505,0.136092,-0.297131,-0.122438,0.393112,1.0,0.350269,0.238937,0.314364,0.047632,0.085822,0.412884,0.343961,-0.07649,0.209312,0.109328,0.214257,0.274889,0.058396,-0.105579,0.185563,0.247036,-0.052238,-0.040864,-0.036687,0.170624,-0.037989,0.552304,0.126999,-0.332692,-0.080002,-0.064332,-0.203327,0.127764,0.171112,0.042136,-0.088962,0.11024,-0.111441,0.204787,0.207606,0.073388,-0.181609,0.082772,-0.381889,0.072521,-0.153889,-0.093009,0.267363,0.096969,-0.185072,0.132898,-0.034168,0.243804,0.101225,-0.032247,-0.300128,-0.076451,0.078631,0.339325,0.130369,-0.111528,0.268448,0.133175,0.315785,-0.107902,0.201398,0.10106,-0.128896,0.178951,0.088058,-0.29851,-0.370529,-0.249337,0.285301,-0.34876,-0.221516,-0.186127,-0.102564,-0.209076,-0.289276,-0.361522,-0.002004,-0.43223,-0.001264,-0.157885,-0.314786,-0.165154,-0.335865,-0.413938,-0.420615,-0.493659,-0.235337,-0.135922,-0.406804,-0.19525,-0.373785,-0.075376,-0.365265,-0.008787,-0.068408,-0.31219,-0.246563,-0.322814,-0.206398,-0.055484,-0.15282,-0.159486,-0.242672,-0.108407,0.058155,-0.338641,-0.380048,0.00643,-0.422693,-0.131867,0.067342,0.17701,-0.286366,-0.211789,-0.31474,-0.150416,-0.448204,-0.291912,-0.215028,0.152177,0.171888,-0.307532,-0.265236,-0.242549,-0.366002,-0.46058,0.079125,-0.231217,-0.308939,0.20705,-0.087277,0.013365,-0.373763,-0.219121,0.050419,-0.196018,-0.324819,-0.340904,-0.183914,-0.207684,0.46856,-0.327206,-0.253145,-0.240178,-0.167588,0.035201,-0.142311,-0.061556,-0.408067,0.087807,0.255911,-0.232415,-0.20578,-0.019818,-0.240831,-0.092857,-0.052446,0.061576,0.210054,0.092392,-0.010149,-0.399165,-0.052723,0.181017,-0.00274,-0.217482,-0.19379,0.329429,-0.451413,0.028479,0.187937,0.376641,-0.567566,0.438464,0.156023,0.029138,0.16893,0.315198,-0.346462,0.111538,0.048986,-0.177861,0.185022,-0.289856,0.094418,0.240217,0.087481,-0.246809,-0.001307,0.141518,-0.162261,-0.150599,0.290151,#
7,-0.125045,0.109367,-0.025424,-0.231358,-0.061611,0.345468,0.350269,1.0,-0.020459,0.298255,-0.182752,-0.013526,0.434866,0.262583,0.228386,-0.014177,0.040817,0.167491,0.136804,0.021409,0.106075,0.317799,-0.017159,0.071397,0.014799,-0.121887,-0.026491,-0.21027,0.098881,0.194857,-0.166017,-0.099633,0.032014,0.057907,-0.279812,-0.084872,-0.043914,-0.028754,0.037723,-0.330022,0.073844,0.160775,0.062398,-0.184891,-0.087276,-0.346111,0.083995,-0.134835,-0.026014,-0.011408,-0.234097,-0.037284,0.180236,-0.056075,0.2639,0.242166,-0.075906,-0.229326,-0.184259,-0.099056,0.191739,-0.011825,-0.137172,0.196354,-0.034323,0.431393,-0.012681,0.215905,-0.036898,0.007486,0.279192,0.291847,-0.310379,-0.138438,0.013784,0.062319,0.100682,0.169414,0.136989,-0.063126,0.041078,-0.361534,-0.21777,-0.133983,-0.206637,-0.000529,-0.007506,-0.002295,0.184441,0.021637,-0.002773,-0.313929,-0.130608,0.183888,0.002365,-0.057596,-0.025773,0.08703,0.062113,-0.421733,-0.071471,0.088969,-0.051861,-0.058373,-0.200856,0.008613,-0.333691,-0.111267,-0.084912,-0.338712,0.018691,0.168798,-0.14808,-0.128291,0.010615,-0.097656,-0.071704,0.051922,0.15655,-0.208574,0.07285,-0.57881,-0.05288,-0.16824,-0.175508,-0.098709,-0.024053,0.053829,-0.169262,0.092268,-0.130851,0.074848,-0.078649,-0.074585,-0.119545,0.009886,0.200695,-0.331088,0.029402,-0.238575,-0.120343,-0.101237,-0.292089,-0.059997,-0.178509,-0.098254,-0.121475,0.021256,-0.005003,-0.14838,-0.10013,-0.076174,-0.092197,-0.24529,-0.035804,-0.490978,0.026726,0.206747,-0.211991,-0.08327,-0.020664,-0.012409,-0.241305,0.187741,0.32421,0.159784,-0.089331,0.058067,-0.109222,0.268936,-0.133173,-0.155544,-0.135445,-0.03001,0.344304,-0.280931,0.092523,-0.047154,0.375523,-0.161149,0.180738,0.228462,-0.008248,-0.134793,0.074549,-0.03632,-0.054187,-0.126142,-0.308355,0.199059,-0.175412,-0.213446,0.231378,-0.094604,-0.00152,-0.086463,-0.055451,0.076255,-0.191234,0.129133,#
8,-0.063283,-0.097146,0.123476,-0.193743,-0.019133,0.113124,0.238937,-0.020459,1.0,0.258715,-0.026321,0.203616,0.043911,0.127165,0.099731,-0.085097,-0.247021,0.204027,-0.075566,0.056214,-0.182742,0.19638,0.174698,0.139571,-0.002987,0.18278,0.228214,0.2324,0.13337,0.039668,-0.164318,-0.076324,0.061997,-0.03952,0.173326,0.05955,-0.078607,-0.044026,0.225611,-0.11368,0.123107,0.008563,-0.112118,-0.12274,0.143876,-0.043262,0.027851,0.176107,0.075657,0.01584,-0.02526,-0.045962,-0.027735,0.179922,0.044389,0.386394,-0.199684,-0.174802,-0.102392,0.275678,0.084522,-0.069003,-0.074103,0.147282,0.082879,-0.026491,0.017348,0.226215,0.349963,0.022044,0.050578,0.127374,0.063129,0.098148,-0.162558,0.074611,-0.069337,-0.093347,-0.074484,-0.054836,0.01892,-0.059772,-0.279709,-0.026994,-0.203174,0.23033,-0.08696,-0.264756,-0.023184,-0.32651,0.172667,-0.112032,-0.16871,0.151715,-0.014369,0.143385,-0.075796,-0.167778,-0.304128,-0.244223,-0.012927,0.211752,-0.031603,0.09522,0.02583,-0.205503,-0.029307,-0.022805,-0.062027,-0.028405,-0.093097,-0.201128,-0.150195,-0.232731,0.207723,-0.144488,0.172225,0.023443,0.080352,-0.095776,0.154687,-0.168589,0.134311,-0.179384,-0.15396,0.069661,0.320035,0.005487,-0.126609,-0.044829,0.080297,0.020208,-0.472825,-0.030811,-0.05023,0.067248,-0.027261,0.166392,-0.09141,0.030176,-0.005162,0.121479,-0.123582,-0.144514,-0.184834,-0.4445,-0.109595,0.069711,-0.049669,0.038961,0.126799,0.074057,0.118791,-0.099399,0.229558,-0.08947,0.203313,0.198118,-0.164573,-0.037185,-0.13379,0.156143,0.034957,-0.00105,-0.234461,-0.048986,0.074704,-0.129392,-0.240134,0.072993,-0.040445,-0.196523,0.051368,0.06261,0.232875,0.070058,-0.004295,-0.014378,0.337577,-0.222316,0.30392,0.247658,-0.222609,-0.100758,0.068204,0.123138,0.067306,0.173473,-0.298757,-0.170016,-0.113972,-0.035677,-0.017488,0.081178,-0.137465,0.213639,-0.093315,-0.2077,0.048699,-0.001423,#
9,0.091107,0.335488,0.055816,-0.371072,-0.14508,-0.013064,0.314364,0.298255,0.258715,1.0,-0.201752,-0.000326,0.383057,0.633595,0.147724,0.1968,-0.340846,0.302681,0.057199,0.208629,-0.052946,0.224928,0.306313,0.151515,0.102281,-0.196913,-0.126248,-0.041135,0.195993,0.446354,0.034148,0.147563,0.359369,-0.22674,-0.041361,0.086731,0.164865,-0.04179,0.180923,-0.371446,0.249967,0.226358,-0.03661,-0.092791,0.068121,-0.459823,0.094222,0.1781,0.016948,0.272587,-0.08399,-0.188647,0.188362,-0.100437,0.235392,0.045352,-0.158379,-0.472153,-0.238323,0.179317,0.438253,0.10278,-0.482613,-0.018972,0.008444,0.207822,0.016893,0.251304,-0.123633,0.145049,0.060085,0.366309,-0.174262,-0.107905,-0.1589,-0.077008,-0.100989,-0.218889,0.044923,0.151465,0.065515,-0.386956,-0.351419,0.184874,-0.37224,0.151486,-0.159953,-0.213498,0.102027,-0.254777,-0.052029,-0.097153,-0.318567,0.167812,-0.035819,0.10699,-0.389667,-0.122493,0.140852,-0.3517,-0.289621,0.023052,-0.200251,-0.001009,-0.016206,-0.205021,-0.290648,-0.339469,0.003119,-0.316414,0.258318,0.181002,-0.261637,-0.130815,-0.14746,-0.318466,-0.024865,-0.068159,0.416709,-0.395105,-0.204908,-0.315847,-0.028846,-0.189671,-0.325217,0.191722,0.332541,0.054099,-0.184449,-0.260123,-0.008912,0.154683,-0.450834,-0.028479,-0.315397,-0.300511,-0.029363,-0.07762,0.130507,-0.279562,0.126971,-0.094647,-0.262551,-0.38005,-0.309603,-0.082633,-0.203772,0.131747,-0.236951,-0.24079,-0.253232,0.117143,-0.047521,-0.489598,-0.001002,-0.301787,0.478515,0.335773,-0.117251,-0.193285,-0.12842,0.043232,-0.11748,0.195765,0.199015,0.447588,-0.003562,-0.084411,-0.201082,-0.060635,-0.115196,0.044313,-0.095854,-0.168459,0.338817,-0.334006,0.035918,0.006621,0.643721,-0.412384,0.516123,0.264509,-0.55715,-0.183738,0.156873,-0.029639,0.314155,0.05692,-0.508201,0.098988,-0.258477,-0.167257,0.060524,0.34452,-0.158125,-0.062276,-0.032445,-0.036367,0.39729,0.375927,#
10,0.221692,-0.03356,0.155653,-0.007968,0.340692,0.080427,0.047632,-0.182752,-0.026321,-0.201752,1.0,-0.176102,0.017505,-0.18201,-0.214785,-0.056684,-0.032988,-0.125483,0.11659,-0.083006,-0.088898,-0.211886,-0.031598,0.050722,0.097141,0.185051,-0.110086,0.096537,0.071261,-0.246801,0.064905,-0.038906,-0.305786,-0.315025,0.00091,0.143641,0.134525,0.257536,-0.071106,0.228463,-0.220986,-0.365742,-0.045165,-0.029028,0.053672,0.023546,-0.286961,0.076446,0.141294,0.18067,0.115401,0.00152,0.128416,0.125238,0.03794,0.11751,-0.242806,0.240613,0.081202,-0.212306,-0.226327,-0.145193,0.094726,0.00744,-0.024941,0.058427,0.194788,-0.052743,0.03456,-0.063194,0.178478,-0.179682,-0.053348,0.150514,-0.038513,0.113774,-0.111803,-0.14849,-0.024157,-0.099227,-0.022239,0.158447,-0.003374,0.157332,0.077266,-0.048977,0.114837,0.1376,0.029975,0.032331,-0.047925,0.099297,0.031477,-0.076988,-0.041352,0.020729,0.067292,-0.199552,0.156774,0.06315,0.029669,-0.229518,0.020247,-0.287581,0.011649,-0.079602,-0.07697,0.231811,-0.037181,0.322844,-0.114009,-0.075137,-0.256017,-0.104321,0.047023,0.087133,-0.286371,-0.012264,-0.265664,0.089742,-0.279972,0.268951,-0.060672,-0.307283,-0.185745,0.047987,-0.034898,0.060888,-0.055485,-0.198935,-0.047489,-0.27169,-0.026853,-0.130304,0.095493,0.019079,0.08759,-0.045281,-0.200346,0.079004,-0.152018,0.213306,-0.011912,-0.003959,0.263715,-0.046368,-0.097974,0.140233,0.178872,0.068799,0.267395,0.096409,-0.053415,0.033631,-0.003094,-0.086435,-0.283779,-0.068561,0.009983,0.080206,-0.116437,-0.072953,-0.086944,0.178009,0.215035,-0.181041,0.093971,-0.156294,-0.012576,0.1192,0.174704,0.085061,0.191339,0.116164,-0.129963,0.207029,0.108297,0.010379,-0.194962,0.011862,-0.126037,0.128184,0.072912,0.027394,0.200274,0.104285,0.066953,0.141367,0.222202,0.209372,0.172385,0.123252,0.249707,-0.275859,-0.095904,0.033821,0.116406,0.059185,-0.136446,-0.245686,#
11,-0.161514,0.007683,-0.121328,-0.111286,-0.174983,0.277243,0.085822,-0.013526,0.203616,-0.000326,-0.176102,1.0,-0.05913,0.113163,-0.072382,-0.09447,-0.077206,0.004772,-0.077424,-0.10857,0.204826,-0.16875,0.011517,0.101904,0.06335,0.000204,0.071643,0.091203,-0.040695,0.011232,-0.082246,-0.009597,-0.025556,0.055556,-0.118512,0.062356,-0.056223,0.032416,0.030142,-0.097113,-0.176968,0.195369,-0.12648,-0.263191,-0.108867,0.197105,-0.035642,-0.097494,0.10058,0.120094,-0.19613,0.0117,-0.142186,0.309409,-0.105029,0.03677,-0.296371,0.007615,-0.187942,-0.027689,-0.106232,-0.275367,0.049404,0.16402,0.08319,0.258959,-0.074928,0.078315,0.330708,-0.202533,-0.11211,-0.042386,0.069249,0.121965,0.006462,-0.054821,-0.133734,0.127154,-0.214021,0.031049,-0.214769,-0.1868,0.054498,-0.041311,-0.016807,-0.303321,-0.157954,-0.079288,-0.010463,0.000341,0.015743,-0.248692,-0.240785,-0.022856,0.001401,-0.166287,-0.077326,-0.002507,-0.205477,-0.05668,0.179244,0.037401,-0.266564,0.03129,-0.146607,0.061988,-0.036119,0.06069,0.030238,0.148426,-0.022446,-0.103973,-0.206548,-0.206172,-0.034048,-0.022051,-0.000868,0.174481,-0.004604,-0.042075,0.071708,-0.133891,-0.018538,-0.174564,-0.013225,-0.100541,0.094006,-0.102426,0.030138,-0.045708,-0.06898,0.032882,-0.225641,0.031828,-0.116572,0.094349,0.064082,-0.056535,-0.156085,-0.180391,-0.075826,0.1133,0.031294,0.086168,0.071052,-0.13542,0.034518,0.007581,-0.125694,0.054689,0.090458,0.248663,-0.077363,0.245353,0.149549,0.163747,0.004743,0.155803,-0.058441,-0.210278,-0.119113,-0.080814,0.048467,-0.249739,-0.292317,0.048132,-0.01155,0.025244,0.255197,-0.001925,0.079552,0.282616,-0.049225,-0.168577,0.093257,-0.090815,-0.005938,0.177226,0.027317,0.169031,0.023322,-0.139433,-0.023229,-0.14305,0.255635,0.254086,-0.085034,0.087801,0.121533,0.004483,0.090516,0.34327,-0.093241,0.173615,-0.101264,-0.082117,0.083364,-0.300712,-0.061764,-0.098564,#
12,0.290253,0.095597,0.030299,-0.386533,-0.024026,0.101243,0.412884,0.434866,0.043911,0.383057,0.017505,-0.05913,1.0,0.604872,0.103,0.134759,-0.130042,0.207758,0.264262,0.298984,0.066373,0.17548,0.371226,0.05616,-0.095043,-0.407591,-0.050635,-0.007399,0.260203,0.236581,-0.010501,0.046916,0.043473,0.017748,-0.301724,0.173805,0.228934,-0.057539,-0.101811,-0.053993,0.037021,0.188673,0.160931,-0.174774,-0.160539,-0.565634,0.258049,0.118305,-0.055464,0.026746,-0.076463,-0.126656,0.265081,-0.156695,0.150235,0.120273,-0.150757,-0.346821,-0.014474,-0.154777,0.488587,0.081849,-0.252181,0.199629,0.059594,0.233264,-0.187662,0.178819,0.146815,0.064993,0.161019,0.169031,-0.291947,-0.437044,-0.268319,0.10368,-0.156691,-0.066975,-0.046264,-0.053539,-0.030051,-0.273989,-0.320254,-0.285764,-0.214004,0.105266,-0.110705,-0.049995,-0.065486,-0.14286,-0.347689,-0.202158,-0.448938,0.046966,-0.157337,-0.259868,-0.246709,-0.181937,-0.166611,-0.44449,-0.063041,-0.278422,-0.244234,-0.104507,-0.157146,-0.115867,-0.364491,-0.267658,-0.034353,-0.414784,0.062997,0.078641,-0.354439,-0.276989,0.025538,-0.321488,-0.086071,-0.054241,0.13814,-0.344023,-0.055467,-0.397736,-0.245934,-0.333794,-0.27471,-0.077209,0.176319,0.263698,-0.191531,-0.201951,-0.09174,-0.062847,-0.301945,0.054178,-0.017015,-0.212448,0.137999,-0.319379,-0.055153,-0.277796,-0.192863,0.10976,-0.207058,-0.305338,-0.294072,0.160161,-0.210498,0.284239,-0.237714,-0.278198,-0.328441,-0.19309,-0.073769,-0.278905,-0.046251,-0.455254,0.243255,0.169872,-0.253655,-0.29872,0.131633,-0.193508,0.013094,0.085911,0.3241,0.305045,0.072938,0.148842,-0.240058,0.039254,-0.171993,-0.204874,-0.403637,-0.075509,0.244506,-0.292104,-0.079668,0.118705,0.324419,-0.483806,0.219712,0.109107,0.00527,-0.059807,0.083695,-0.176637,0.166577,0.097448,-0.29514,0.367426,-0.244386,-0.154516,0.321176,0.163436,0.16444,0.037383,-0.023905,0.00082,0.125155,0.243056,#
13,0.260709,0.239706,0.00737,-0.416683,-0.276719,0.144128,0.343961,0.262583,0.127165,0.633595,-0.18201,0.113163,0.604872,1.0,0.238365,0.202066,-0.30431,0.205702,0.242459,0.258543,0.202055,0.174516,0.391016,0.124005,-0.026641,-0.217416,0.146505,0.008441,0.281431,0.362152,0.140571,0.268002,0.13518,-0.112177,-0.310299,0.069654,0.148931,-0.067769,0.072387,-0.308294,0.073349,0.418981,-0.024547,-0.100283,-0.0065,-0.60294,0.338292,0.09053,-0.146618,0.114084,-0.035467,-0.228475,0.185652,-0.287464,0.025186,0.033365,-0.0789,-0.452378,-0.170751,-0.064438,0.647445,0.075365,-0.423104,0.064563,0.167426,0.342469,-0.207597,0.242532,-0.061809,-0.119704,-0.19272,0.369553,-0.25227,-0.302117,-0.302515,0.060942,-0.349339,-0.206765,-0.145624,0.039124,0.008743,-0.51419,-0.465189,-0.034817,-0.368096,0.074073,-0.180625,-0.128122,-0.002359,-0.279404,-0.228795,-0.224774,-0.504334,0.060702,-0.138644,-0.173091,-0.391256,-0.196189,0.029382,-0.419429,-0.127975,-0.188453,-0.337545,-0.234353,-0.140708,-0.209013,-0.275927,-0.302993,0.014512,-0.320373,0.132277,0.230414,-0.516081,-0.169475,0.076914,-0.179348,-0.287089,-0.200929,0.418402,-0.440169,-0.097256,-0.411078,-0.069209,-0.348071,-0.355875,-0.030676,0.120948,-0.048923,-0.28455,-0.341845,-0.201563,-0.01163,-0.343567,-0.145963,-0.313715,-0.367264,0.154753,-0.270473,0.132643,-0.513114,-0.084599,0.117933,-0.096656,-0.421792,-0.456462,-0.027363,0.05952,0.348578,-0.410989,-0.144685,-0.268165,0.014222,-0.068631,-0.339286,-0.07339,-0.277638,0.507496,0.265997,-0.145723,-0.350077,0.042456,-0.025588,-0.000554,-0.203095,0.133053,0.377687,-0.153805,0.04622,-0.290946,-0.090565,-0.294627,-0.081946,-0.306272,-0.257783,0.213516,-0.262064,-0.089283,0.071131,0.452144,-0.439566,0.425994,-0.017122,-0.331553,-0.051241,0.334057,0.018427,0.116553,0.054477,-0.378139,0.289675,-0.275553,-0.135341,0.066002,0.2819,-0.124493,-0.194483,0.063015,-0.19286,0.273144,0.344717,#
14,-0.043244,0.237027,-0.217696,-0.078439,-0.157718,0.051556,-0.07649,0.228386,0.099731,0.147724,-0.214785,-0.072382,0.103,0.238365,1.0,-0.088444,-0.172019,0.117313,0.253756,0.107274,0.320303,0.073153,0.076275,0.15871,-0.066556,0.020402,0.145796,0.130207,0.040528,0.057105,-0.013991,0.204376,0.064108,0.104762,-0.314711,-0.287196,-0.101055,0.026306,-0.0384,-0.149228,0.055719,0.335935,-0.037952,0.252772,0.319542,-0.228246,0.071434,0.04289,0.168152,-0.059695,0.13236,0.031795,0.085028,-0.026791,0.082805,0.259617,0.139198,-0.252793,-0.117942,-0.027638,0.231016,-0.016506,-0.205161,0.21179,0.186243,0.013219,-0.107717,-0.108808,0.028233,0.039221,0.159435,0.058233,0.130896,-0.008,-0.116458,-0.101958,-0.07173,0.193691,-0.06122,0.135819,0.191424,-0.256626,-0.050271,-0.008173,-0.134641,0.201817,0.106554,0.064636,0.103107,-0.252288,0.077242,-0.012709,0.070998,0.214897,-0.013599,0.103188,-0.205277,-0.023989,0.018339,-0.215775,-0.052201,0.052012,0.01182,-0.235797,-0.120714,-0.140123,-0.317151,0.104285,-0.071081,0.011556,0.039051,0.155389,-0.063616,0.121606,0.147408,0.025736,-0.163689,-0.110381,0.219909,-0.337389,0.097314,-0.30834,-0.066522,0.006449,-0.221642,-0.243813,-0.057519,0.184577,-0.2289,0.110803,-0.052957,0.162658,-0.133443,-0.251459,-0.117995,0.008657,0.012238,0.119047,0.038616,-0.17144,-0.164718,-0.083396,-0.114308,0.071597,-0.1032,-0.08135,-0.004206,-0.140878,-0.057032,0.096568,-0.142017,-0.211784,0.043921,0.003893,-0.137562,-0.035977,0.311875,0.016089,-0.128988,0.087655,0.051051,0.092951,-0.012434,-1.7e-05,-0.092841,0.226933,0.083297,-0.099339,-0.197739,-0.083566,-0.279219,-0.115127,-0.09006,0.231961,0.041313,-0.089405,-0.027063,-0.031974,0.357181,-0.04167,0.141072,0.192536,-0.137641,0.046907,0.084966,-0.014149,0.230817,-0.101269,-0.041104,0.035549,-0.064288,-0.121346,0.148625,0.04972,-0.112883,-0.065154,0.011037,-0.163668,0.131653,-0.083231,#
15,0.113873,0.059254,-0.06769,-0.20832,-0.082119,0.064187,0.209312,-0.014177,-0.085097,0.1968,-0.056684,-0.09447,0.134759,0.202066,-0.088444,1.0,0.028957,0.272021,0.080232,0.162515,-0.238602,-0.015866,0.244435,-0.097541,-0.055535,-0.102187,-0.041483,0.013744,0.2648,0.182518,0.216576,-0.006865,0.167486,-0.117778,0.085207,0.061064,0.38678,0.028677,0.117161,-0.025996,0.126894,0.036186,0.231591,0.053228,-0.038715,-0.172934,0.12385,-0.002014,-0.021432,0.201593,0.162368,-0.03281,-0.090106,-0.111392,0.244468,-0.102035,-0.046734,-0.280305,0.00752,0.051644,0.134401,0.1687,-0.189502,0.159758,-0.035721,0.028159,-0.080751,0.135965,-0.370955,0.072083,-0.043714,0.279962,0.063445,-0.244806,0.004602,0.279324,0.081048,-0.15003,0.188009,-0.025589,0.137916,-0.02535,-0.182896,0.223722,-0.005098,-0.17018,-0.164722,-0.283003,-0.133498,0.097743,-0.071835,0.108036,-0.250119,0.20029,0.003201,-0.21788,-0.05282,-0.212741,0.039307,0.017966,-0.092229,-0.013985,-0.340726,0.140931,0.005653,-0.107391,-0.022529,0.027734,0.082539,-0.055813,-0.051778,0.128673,-0.144103,-0.132137,-0.063238,0.019055,-0.002338,-0.22363,0.143813,-0.190768,-0.197733,-0.035442,-0.253739,-0.140895,-0.084823,0.005577,-0.09675,0.179248,-0.148966,-0.262081,-0.09359,-0.015378,-0.029858,0.181644,-0.138844,-0.195938,-0.01965,-0.180658,-0.018944,-0.286458,0.088633,0.144322,-0.158815,-0.219087,-0.142226,0.179476,0.264153,0.291435,-0.232771,-0.340871,-0.124213,-0.110504,0.044988,-0.024699,0.044487,-0.051582,0.0853,0.286976,-0.197654,-0.279064,0.26355,-0.197745,0.017037,-0.153184,0.117126,0.170148,-0.178767,0.207118,-0.133799,-0.095864,0.209022,0.10216,0.071077,-0.286566,-0.028507,-0.107119,-0.119035,0.187928,0.117035,-0.335727,0.301318,-0.156345,-0.245107,0.220029,0.135772,-0.220991,0.133271,0.014162,-0.197538,-0.01578,-0.118528,-0.114434,0.061499,0.129951,-0.039828,-0.072381,0.12797,-0.048395,0.251827,0.348833,#
16,-0.169548,-0.096329,-0.186544,0.158901,0.169377,0.220757,0.109328,0.040817,-0.247021,-0.340846,-0.032988,-0.077206,-0.130042,-0.30431,-0.172019,0.028957,1.0,-0.049991,-0.016571,0.02448,-0.13002,-0.203588,-0.120288,-0.265593,-0.403294,0.036411,-0.139734,-0.134473,0.08771,-0.21717,-0.184771,-0.009079,0.07253,0.233115,0.142397,0.166181,-0.144535,-0.171586,-0.219632,0.297945,-0.148267,-0.245433,0.063356,0.116728,-0.171994,0.143595,-0.205428,-0.392551,0.105106,0.135496,0.119624,0.071424,-0.06025,0.020329,0.103429,0.05951,0.29482,0.073234,0.228355,-0.196112,-0.21694,0.127621,0.293015,-0.106918,-0.27652,0.049275,0.102394,-0.016705,-0.19647,-0.201038,-0.203383,-0.29904,-0.087372,-0.133953,0.089133,-0.007481,0.171413,-0.063977,0.11869,0.092216,-0.115941,0.305417,0.260714,-0.199039,0.18796,-0.002824,0.078521,0.056747,-0.207854,0.044208,-0.065565,0.193444,-0.044569,-0.138467,0.156352,-0.110248,0.148906,-0.056837,-0.116468,0.142941,-0.029619,0.124016,0.152171,0.062393,-0.042734,0.009494,0.215067,-0.100831,0.036087,0.02111,-0.235296,-0.046269,0.276293,0.158659,-0.224758,-0.033793,0.059632,0.169844,-0.21783,0.020492,-0.030254,0.057953,-0.183421,-0.142551,0.12154,-0.204481,-0.422404,-0.169602,0.122567,-0.031502,-0.066408,-0.24183,0.235556,0.108542,0.167781,0.011576,0.24788,-0.214761,-0.20734,0.04124,0.013116,-0.104075,-0.024744,0.40067,0.088359,0.001921,0.089502,-0.053237,0.003238,-0.088675,0.080273,-0.127197,0.105197,0.119747,-0.233545,-0.006875,-0.253159,-0.06132,-0.062853,0.250073,-0.044547,-0.070509,0.079561,-0.258987,-0.185737,-0.009002,0.160969,-0.141497,0.05213,0.125422,0.03467,0.100313,-0.065107,-0.056979,-0.128166,-0.056807,-0.070764,-0.055361,-0.251236,0.048514,-0.331827,-0.020282,0.521303,0.07671,-0.153779,-0.200734,-0.065675,0.148819,0.292496,-0.286324,0.119205,0.17732,-0.212915,-0.291769,-0.001384,-0.037244,0.091457,0.088997,-0.362339,-0.078988,#
17,-0.319791,0.124197,0.196763,0.13994,-0.181268,-0.008434,0.214257,0.167491,0.204027,0.302681,-0.125483,0.004772,0.207758,0.205702,0.117313,0.272021,-0.049991,1.0,-0.077943,0.448561,-0.226348,0.018744,0.131391,0.062692,0.13564,0.222525,0.075197,0.012656,0.075495,-0.03077,0.089853,-0.152352,0.006893,-0.045536,-0.14192,-0.010577,0.004869,-0.043163,0.168904,-0.24994,-0.00269,-0.035238,0.143848,0.067339,0.021385,-0.158181,-0.021778,0.250239,0.085899,-0.014143,-0.125259,0.04297,0.0656,0.174632,0.122573,0.084985,0.028767,-0.280551,-0.07988,-0.096473,0.092449,-0.170437,-0.2376,0.07341,0.087409,0.060513,0.07783,0.172279,0.001233,0.221232,0.217288,0.292722,-0.072931,-0.267125,-0.081264,-0.051657,0.111713,-0.099363,0.135318,-0.038577,0.12626,-0.081519,-0.268497,0.292785,-0.307937,0.139149,0.035841,-0.220331,-0.248122,-0.065098,-0.11886,-0.018465,-0.281247,0.327646,-0.134975,-0.02723,0.067176,-0.161677,0.04558,-0.063333,-0.324184,0.062099,-0.02499,0.220809,-0.076616,-0.151227,0.082458,-0.152298,0.052137,-0.110705,0.136937,0.005286,-0.022924,-0.165884,0.010351,-0.115328,0.037556,-0.142743,0.357922,-0.315649,-0.065281,-0.271563,-0.246316,-0.142149,-0.083292,0.080445,-0.016463,0.169648,-0.177076,-0.061921,0.131796,0.182797,-0.163277,-0.001453,-0.000586,-0.109419,0.088285,-0.04873,-0.088187,-0.062741,-0.004887,0.030477,-0.002733,-0.251932,-0.123981,-0.003532,-0.185765,0.399661,0.082719,-0.189411,-0.190885,-8e-06,0.080471,-0.197128,0.012478,-0.091998,0.054817,0.400548,-0.020538,-0.099494,0.117804,0.222915,-0.137946,0.186261,0.084788,0.256935,0.03458,-0.165484,-0.201465,0.138519,-0.062577,-0.189523,0.018577,-0.049925,0.064548,-0.133994,-0.108859,-0.01945,0.12197,-0.188495,0.347893,-0.048426,-0.203475,-0.024513,0.107585,-0.229261,0.244758,0.278063,-0.332021,-0.04276,-0.005311,-0.314218,-0.074133,0.150063,-0.178211,-0.238964,0.048794,0.013095,0.166334,0.184626,#
18,0.411073,0.267019,0.017286,-0.178884,0.038087,0.225599,0.274889,0.136804,-0.075566,0.057199,0.11659,-0.077424,0.264262,0.242459,0.253756,0.080232,-0.016571,-0.077943,1.0,0.003726,0.213329,0.128993,0.119844,-0.020109,-0.020697,-0.063814,-0.062744,0.118576,0.152616,0.16512,-0.219904,0.157436,-0.073792,0.002538,-0.100399,0.049867,-0.060903,0.054774,-0.218268,0.10638,0.209618,0.205348,-0.00408,0.113789,0.198819,-0.159204,0.132442,-0.151231,-0.075692,0.045427,0.143805,0.020955,0.236066,-0.235531,0.13762,0.121877,-0.019461,-0.251411,-0.006648,-0.274388,0.300597,-0.208006,-0.126019,0.221322,-0.081416,0.215944,-0.256286,-0.037297,-0.017704,-0.171802,-0.09068,0.049985,-0.224515,-0.156498,-0.195357,-0.023138,-0.178298,-0.156047,-0.1755,0.059711,0.134364,-0.194069,-0.065556,-0.333419,-0.050458,-0.113181,-0.000574,-0.067448,0.012607,-0.175011,-0.280511,-0.278413,-0.029677,-0.312271,0.099579,-0.074674,-0.129858,-0.206568,-0.055242,-0.071384,0.119131,-0.019696,-0.058153,-0.498495,-0.21263,0.043179,-0.34365,-0.08535,-0.158244,-0.010643,-0.019588,0.187627,-0.208862,-0.037413,0.163625,0.210078,-0.071677,0.015072,0.1325,-0.181679,-0.100741,-0.023641,-0.132614,-0.23745,-0.297985,-0.025916,0.092978,-0.062327,-0.042826,0.002593,-0.270999,-0.173193,-0.001582,-0.03053,-0.174046,-0.032107,-0.019933,-0.021249,0.064032,-0.258272,-0.469716,0.000968,-0.100036,-0.098281,-0.116587,-0.053744,-0.062428,0.103694,-0.326053,-0.051733,-0.224417,-0.150131,-0.039996,-0.117282,0.090514,-0.250581,0.137318,-0.048621,-0.245031,-0.140413,0.038835,0.011116,-0.110365,-0.214274,0.014731,0.005602,0.237931,0.12265,-0.114853,-0.125116,-0.006388,0.099129,-0.018634,0.10593,0.20077,0.032784,0.031193,0.069881,0.334717,-0.129443,-0.084713,0.133998,0.156809,0.201618,0.248526,0.030698,0.443029,0.017264,0.079957,0.18322,-0.132702,0.022615,0.260689,-0.005034,-0.162362,-0.081129,0.245251,-0.090131,-0.080447,0.045939,#
19,-0.117585,0.020628,0.110928,-0.089258,-0.06553,-0.086751,0.058396,0.021409,0.056214,0.208629,-0.083006,-0.10857,0.298984,0.258543,0.107274,0.162515,0.02448,0.448561,0.003726,1.0,0.07927,0.13714,0.145171,0.105455,-0.238088,-0.158947,0.096362,-0.208668,0.094728,-0.229486,0.227245,0.316268,0.286713,0.25765,-0.104238,-0.217928,0.199136,0.07638,-0.141496,-0.098543,0.215794,0.04904,-0.020371,-0.106997,-0.113247,-0.419049,0.171699,0.329917,0.207284,-0.294772,-0.139882,-0.167503,0.45188,-0.156468,-0.154404,0.036003,0.020295,-0.271744,0.251777,-0.100592,0.285209,-0.114107,-0.266495,-0.129748,0.131173,0.079852,-0.049194,-0.098857,0.101903,0.240508,-0.062426,0.224986,0.08739,-0.256054,-0.041113,-0.354656,0.149372,0.028108,0.487519,0.163851,0.259229,0.103662,-0.0854,-0.060937,0.158858,0.467784,0.072901,-0.230287,0.041953,-0.158389,0.004853,0.386655,-0.063134,0.114603,-0.054552,0.191508,0.071832,0.064806,0.166183,0.04143,-0.476915,0.095921,0.126,0.125899,0.399483,0.085131,0.118349,-0.208673,0.208247,-0.353964,0.31135,-0.146735,0.05235,0.159381,0.137466,-0.069187,-0.030333,-0.021349,0.196216,-0.312127,0.158371,-0.168147,-0.120901,-0.115192,-0.123429,0.276552,0.145086,0.1966,0.229071,0.300414,0.44622,0.063633,0.085318,0.034388,0.310393,0.085324,0.114182,-0.001044,0.125473,0.094761,0.017076,0.229191,-0.037029,-0.268055,-0.008422,0.152786,0.085981,-0.051688,0.057313,-0.056333,-0.042907,0.09929,0.315683,0.006963,-0.170604,0.082549,0.424385,0.010376,-0.079446,-0.142866,0.299468,0.183875,0.143857,0.141966,0.076742,0.137301,0.346012,-0.087954,-0.070991,0.248721,-0.420656,-0.159174,-0.176431,0.006795,-0.213517,-0.018671,0.10406,-0.255711,0.073135,-0.04301,0.168688,-0.038212,-0.256705,0.026454,-0.205888,-0.274815,0.42636,0.287872,-0.273582,-0.057934,0.061543,-0.366718,-0.270523,0.030742,0.005202,-0.245031,-0.180056,0.028311,0.390268,0.014635,#
20,0.231258,0.215184,-0.085111,-0.047238,-0.259275,0.10072,-0.105579,0.106075,-0.182742,-0.052946,-0.088898,0.204826,0.066373,0.202055,0.320303,-0.238602,-0.13002,-0.226348,0.213329,0.07927,1.0,0.071373,-0.127487,-0.119059,-0.027409,-0.210474,0.03449,-0.163919,-0.15631,-0.034271,0.091331,0.178086,0.110967,0.233242,-0.364069,-0.342051,0.050154,-0.091593,0.05625,-0.250427,0.154994,0.348184,-0.259609,0.034102,0.086992,-0.183936,0.07169,0.01088,0.078819,-0.186309,-0.252214,0.033662,0.339945,0.029869,-0.072153,0.032703,-0.090534,-0.016437,-0.339291,-0.024858,0.113317,0.009365,0.112667,0.103884,0.214322,0.095721,-0.440013,-0.056816,0.109479,-0.118771,-0.154248,0.139005,-0.074184,0.055479,-0.294182,-0.234919,-0.022994,0.322194,0.073965,0.186036,0.076297,-0.276091,0.157358,-0.219284,0.07394,0.00975,-0.066331,0.299487,0.320925,-0.051417,-0.058451,0.049127,0.116253,-0.08073,0.144766,0.077655,-0.230981,0.063439,0.101534,0.001115,0.110392,0.083775,0.003233,-0.119014,-0.019813,-0.009103,0.048018,0.079997,-0.127897,-0.049383,0.092168,0.062584,-0.227291,0.095299,0.288433,0.164391,-0.058998,0.021628,-0.069553,-0.071878,0.140681,-0.077082,-0.087747,0.033681,-0.159544,-0.172568,-0.002967,-0.240091,-0.219329,0.163459,0.150075,-0.046473,-0.005931,0.059254,-0.064807,0.233723,0.035529,0.136082,0.239167,-0.194208,-0.137738,0.184647,0.155707,0.12526,-0.043984,-0.175401,0.015425,-0.241942,-0.06912,0.143425,0.09724,0.029511,-0.016424,-0.032195,0.076013,0.008883,0.308021,-0.155793,-0.130196,-0.076718,0.027762,-0.042148,0.138876,-0.262111,-0.176923,-0.072627,0.108943,0.170613,0.232093,-0.216948,-0.144807,0.156417,-0.165271,-0.019374,0.003994,-0.029249,0.023111,-0.326669,0.072158,0.256933,-0.166411,-0.092821,0.072979,0.009785,0.040864,0.106167,-0.006417,-0.211604,-0.080532,0.224695,-0.069011,-0.008018,-0.086943,-0.075035,0.033466,-0.092002,0.136073,-0.376655,-0.150168,-0.074702,#
