0,1.0,0.090102,-0.056925,-0.140816,0.210307,0.226808,0.013905,0.124707,-0.224553,0.123447,-0.045472,0.049894,0.467696,0.266392,-0.026772,0.095879,0.019268,-0.12946,-0.111316,-0.142505,0.15159,0.301469,0.151007,-0.230756,-0.10692,-0.343646,-0.021527,-0.335951,0.268422,0.121471,0.203648,0.040117,0.090459,-0.184787,-0.135911,0.148183,0.130192,-0.093178,-0.012266,-0.26557,0.124937,0.126877,-0.080408,0.046871,-0.233692,-0.166757,-0.011474,0.134783,-0.209675,-0.102688,0.023816,-0.225476,0.091456,-0.058394,0.174566,0.020549,-0.230489,-0.042444,0.060371,0.24357,0.477156,0.227649,-0.107875,-0.058405,0.018352,0.151658,-0.101809,0.37947,0.144824,-0.149148,0.058092,0.098212,-0.411576,-0.138666,-0.507678,0.312296,-0.098056,-0.158904,-0.398796,-0.074419,-0.096651,-0.350713,0.06948,-0.003681,-0.151421,-0.166288,-0.15275,0.007144,-0.128718,-0.316922,-0.161472,-0.338955,-0.13408,0.022982,0.046241,-0.149331,-0.076512,-0.192241,-0.129236,0.045974,0.141879,-0.19815,-0.191148,0.018388,0.022907,-0.280977,-0.032587,0.049229,-0.35597,-0.081729,0.160102,0.158339,-0.310493,-0.195488,0.062574,0.131681,-0.349672,-0.328865,-0.034165,-0.115869,-0.314259,-0.061427,0.0835,-0.291155,-0.110657,0.072489,-0.096601,0.065663,-0.07418,0.175946,-0.112699,-0.25021,-0.177206,0.007554,-0.432985,-0.033424,-0.084759,-0.202447,0.255017,-0.256969,-0.119679,0.032582,-0.139977,0.056619,-0.138945,-0.056654,-0.14367,0.192349,-0.249449,-0.474077,-0.053603,-0.316838,-0.065998,-0.308567,0.186046,-0.099189,0.305791,0.257262,-0.192649,-0.359741,0.028501,-0.299235,0.042249,-0.2936,-0.026819,0.085376,-0.299599,-0.122415,-0.246931,-0.285979,0.000297,0.108927,-0.452754,-0.027202,-0.016881,-0.286999,-0.037137,0.129792,0.206266,-0.036889,0.126523,-0.148108,-0.00958,0.20247,0.230151,-0.059214,0.28617,-0.111549,-0.162033,0.271353,-0.004526,0.145434,0.266662,-0.026859,-0.037848,0.151843,-0.012676,-0.275896,0.055719,0.192096,#
1,0.090102,1.0,0.331501,-0.24742,-0.046492,0.150945,0.326857,0.258678,0.209989,0.24114,-0.237665,-0.082194,0.333481,0.271544,0.388418,-0.019982,-0.122315,0.269316,0.172278,-0.041496,-0.150725,0.17275,0.389077,0.030935,0.025336,-0.252508,0.231816,-0.119814,-0.071023,0.145737,-0.253818,0.116863,0.183536,-0.039732,-0.281093,0.309736,0.220829,-0.095965,-0.013578,-0.037094,-0.037947,0.246238,-0.003194,0.128683,0.44468,-0.389284,0.252691,-0.039691,0.063768,0.24134,0.038656,-0.21372,0.00223,-0.240829,-0.209836,-0.255228,-0.1224,-0.427698,-0.154036,-0.103848,0.239564,0.047152,-0.353441,-0.077367,0.342999,0.167805,-0.059542,0.139299,0.375193,-0.070379,0.202423,0.101168,-0.043517,-0.333946,-0.265092,0.343332,-0.263387,-0.459772,-0.137852,-0.139165,0.054435,-0.37055,-0.221038,0.163825,-0.390936,-0.127871,-0.239366,-0.200827,-0.17666,-0.269436,-0.200212,-0.189596,-0.437925,0.001648,-0.179581,-0.063543,0.178003,-0.036553,0.175248,-0.105023,-0.096304,-0.124675,-0.190757,-0.166766,-0.251906,-0.188118,-0.333584,-0.062872,-0.476513,-0.232324,0.243108,0.416044,-0.213684,-0.171199,0.04009,-0.10579,-0.25278,-0.438515,0.137917,-0.409465,-0.275335,-0.390821,-0.478057,-0.241558,-0.315758,-0.089077,0.165389,0.316531,-0.225746,-0.010291,-0.051342,-0.026443,-0.305866,-0.102624,-0.214819,-0.319597,0.208413,-0.039203,-0.021213,-0.331414,-0.211578,-0.128927,-0.365186,-0.219888,-0.091742,-0.039874,-0.365301,0.379363,-0.140907,-0.249621,-0.271902,-0.475909,0.053793,-0.19769,-0.209096,-0.230892,0.293067,0.297613,-0.197959,-0.247538,0.152317,-0.015658,0.209821,0.117798,0.019116,0.29802,-0.105245,0.063729,-0.341818,-0.225576,-0.025946,-0.092522,-0.232629,-0.204057,0.162056,-0.101407,-0.073344,0.399693,0.473946,-0.505184,0.336433,0.050655,-0.314842,0.024015,0.189541,-0.074499,0.353367,-0.24747,-0.396422,0.385553,0.189828,0.123669,0.319853,0.336446,-0.129211,0.004801,0.178421,-0.08088,0.359804,-0.007118,#
2,-0.056925,0.331501,1.0,0.162847,-0.062393,-0.071527,0.218276,0.059039,0.262643,0.002078,-0.012817,-0.108961,-0.151331,-0.05452,-0.041828,-0.120183,-0.286598,0.329735,-0.022723,0.092195,-0.028003,0.21163,0.026959,0.020329,0.407137,-0.140122,0.386199,0.161931,-0.011332,-0.021868,0.082434,0.109908,-0.074627,-0.064081,0.149078,0.069823,0.262462,-0.121439,0.186642,-0.168093,0.172416,0.148622,-0.0295,0.006801,0.102647,-0.212453,-0.032352,0.460924,0.162462,-0.037283,-0.15782,-0.022303,0.119105,0.023055,-0.210787,-0.059238,-0.130537,-0.287018,-0.279236,0.140418,-0.165287,-0.221893,-0.027022,-0.053855,-0.015452,-0.029392,0.243976,0.089108,0.11142,0.411449,0.412749,0.347662,0.101468,0.076061,0.11973,0.019158,-0.115351,-0.386659,-0.016636,-0.229853,0.287524,-0.063146,-0.065529,0.229859,-0.161687,0.270435,-0.018465,0.044656,0.074185,-0.026066,0.053395,-0.03781,-0.013238,0.153137,0.000602,0.086443,0.338055,0.048164,0.160452,-0.081901,-0.135025,0.14726,0.055191,-5.6e-05,0.077374,0.058924,-0.075814,0.218005,-0.49806,0.065193,0.503185,-0.000191,-0.036266,-0.001472,0.466173,-0.022785,-0.184589,-0.197966,0.175022,-0.034907,0.056791,0.034355,-0.04107,0.023634,0.104034,-0.01303,0.175847,0.280257,-0.091997,-0.011464,0.43402,-0.114032,0.096692,0.058374,0.113652,0.063283,-0.15047,0.339293,0.340847,-0.017512,-0.061303,0.175565,-0.023231,-0.229634,-0.111301,0.112872,-0.283678,0.133891,0.27314,0.097107,0.016002,-0.053075,0.198053,-0.048611,-0.03529,0.124039,0.098178,0.134864,0.099105,0.152207,0.371772,0.161634,0.020777,0.231656,0.026439,-0.135031,-0.037466,-0.008688,-0.000657,0.218988,-0.067592,-0.104508,-0.150151,0.065024,-0.261298,0.167705,0.018455,0.201402,0.165743,-0.299214,0.179087,-0.071336,-0.355373,0.0837,-0.073442,0.167824,0.082813,0.151018,-0.219564,0.033241,0.294437,0.038097,0.05052,0.269378,-0.334008,0.187096,-0.106014,0.096001,0.183363,0.00821,#
3,-0.140816,-0.24742,0.162847,1.0,-0.069492,-0.268878,-0.331066,-0.431208,-0.155075,-0.272095,0.081043,-0.045526,-0.34319,-0.261352,-0.285542,-0.206928,-0.025309,0.001388,-0.201564,0.349301,0.060951,0.037303,-0.189644,0.120126,0.109905,0.25618,0.121179,0.270069,-0.092134,-0.234039,0.258124,0.111591,0.006348,-0.074144,0.257477,-0.273917,-0.106768,-0.045027,-0.207168,0.035494,0.02103,-0.039477,-0.038924,0.097774,-0.076636,0.41015,-0.102336,0.107002,0.062235,-0.188121,0.009655,0.431471,0.082428,0.025494,-0.212596,-0.027199,0.432098,0.135495,0.142174,0.24154,-0.266394,-0.225928,0.137891,-0.2825,0.064043,-0.262604,0.117459,0.060337,-0.103781,-0.040862,-0.012765,0.008787,0.24119,0.169472,0.036275,-0.330418,0.217487,0.110331,0.083085,0.032241,0.287013,0.525858,0.282147,0.008784,0.338921,0.190952,0.410899,0.120357,0.173621,-0.100816,0.21461,0.308543,0.407908,-0.189086,0.360658,0.220886,0.254957,0.125395,-0.184295,0.321109,-0.052344,0.320717,0.529429,0.169923,0.339568,0.381044,0.235377,-0.035813,0.206395,0.168691,-0.158744,-0.206921,0.218767,0.271509,0.153746,0.039112,0.218769,0.124641,-0.118428,0.276983,0.23504,0.30442,0.535057,0.235437,0.18331,0.181984,-0.001029,-0.063037,0.333476,0.342351,0.179444,0.07319,0.286786,0.059119,0.363986,0.346718,-0.019882,0.154842,0.157021,0.467463,0.204335,0.059255,0.185747,0.244789,0.442492,0.221692,0.255134,-0.384336,0.35953,0.2307,0.224282,0.263844,0.140956,0.405785,0.061183,0.315547,-0.311062,-0.291319,0.202464,0.243349,-0.222858,0.166706,-0.085151,0.103782,-0.143158,-0.295669,0.184473,0.146242,0.297255,0.215828,-0.241918,-0.046194,0.391261,0.256646,-0.43738,0.441522,0.21414,-0.059721,-0.498154,0.353771,-0.360045,-0.228872,0.029278,0.022523,-0.220753,0.132002,-0.130586,0.148387,0.465027,-0.385728,0.311553,-0.127184,-0.205948,-0.214426,-0.044499,-0.066167,-0.366206,0.19744,0.165617,-0.383765,#
4,0.210307,-0.046492,-0.062393,-0.069492,1.0,-0.047761,-0.136752,0.131303,-0.233922,-0.275736,0.080918,-0.025173,0.059008,-0.118486,-0.04064,-0.027973,0.094092,-0.162695,0.046444,-0.152531,-0.244955,-0.169787,-0.004748,-0.17716,0.048909,-0.112778,-0.308555,0.038894,-0.010765,-0.10557,-0.115948,-0.284848,-0.155939,-0.145651,-0.03684,0.097189,-0.182844,-0.174699,0.094735,0.222144,-0.062758,-0.324443,-0.181359,-0.054255,-0.112098,0.226269,-0.177921,0.221669,0.015208,0.008975,0.303331,-0.072323,-0.148767,-0.059022,0.259664,0.082244,-0.091404,0.19833,0.067024,-0.183304,-0.100765,0.109007,-0.039016,0.068406,-0.082612,0.204667,0.253527,-0.12457,0.148004,0.044267,0.027183,-0.041554,-0.11205,0.172193,-0.112952,0.406424,-0.092346,-0.313001,-0.227991,-0.218344,-0.179457,-0.128796,-0.013389,0.098205,-0.087958,-0.088939,0.069592,0.038321,-0.182094,-0.070337,0.086049,-0.178473,0.094141,-0.214366,-0.100512,0.028694,0.217745,-0.246566,-0.00342,0.098906,0.120384,-0.212834,-0.026943,-0.15788,-0.134173,0.025593,0.108789,-0.017355,-0.118357,-0.165061,-0.030611,-0.116635,0.099098,-0.108536,-0.034301,-0.038404,-0.159724,0.157347,-0.107311,0.175465,-0.156958,0.025894,0.298633,0.051133,0.246942,-0.075549,0.107033,0.012877,0.056571,-0.06895,-0.050289,-0.148341,-0.094087,-0.15873,-0.113521,-0.031323,0.045249,-0.122802,-0.137458,0.149248,-0.022833,-0.06603,0.021,0.119408,-0.016417,-0.094455,-0.261658,0.027038,-0.014377,-0.289006,-0.078323,-0.055283,-0.384857,0.004461,-0.141771,-0.119118,-0.019255,0.035461,0.018209,0.00731,-0.182211,-0.216097,-0.132333,0.031842,0.005063,-0.142044,-0.110396,0.006998,-0.154043,-0.030661,0.023864,-0.078145,-0.043322,-0.037673,0.097385,0.04243,0.067143,0.226968,-0.003664,-0.059646,-0.052163,-0.028486,0.242687,0.114968,0.072789,-0.270858,-0.121262,-0.237337,-0.071508,-0.083371,-0.105474,0.064725,0.286743,-0.110462,0.040398,-0.019828,0.080949,0.033192,-0.323507,0.095126,#
5,0.226808,0.150945,-0.071527,-0.268878,-0.047761,1.0,0.263664,0.327677,-0.1127,0.115896,0.207551,0.165765,0.151773,0.140431,0.080154,0.235453,0.302307,0.155326,-0.066623,-0.015865,-0.035781,0.40666,0.230583,0.036152,-0.167949,-0.284222,-0.021317,-0.38864,0.01456,-0.196312,-0.099214,0.09274,0.024358,0.016907,-0.174167,-0.041946,0.014775,0.107659,0.022367,-0.186618,-0.039881,0.291991,0.010095,0.121442,0.053885,-0.23574,-0.014714,0.086257,0.091565,-0.066932,-0.046916,-0.088776,0.071315,-0.05563,0.168844,0.120791,-0.173732,-0.279569,-0.07098,-0.187334,0.319588,-0.017448,-0.260907,0.103605,0.036894,0.214489,-0.123806,0.209332,0.238373,0.165513,-0.07618,0.407121,-0.171477,-0.025428,-0.300762,0.147673,-0.41947,-0.034911,-0.148373,-0.059128,0.255852,-0.260814,-0.05932,-0.297971,-0.146748,-0.106744,-0.10612,-0.146526,-0.150025,-0.326718,-0.075739,-0.276607,-0.232071,0.09785,-0.136446,-0.110587,-0.108184,-0.279777,0.054949,-0.196115,-0.019407,-0.127354,-0.182881,-0.171943,-0.152891,-0.313281,-0.176387,-0.066274,-0.260649,-0.26665,0.05484,-0.008252,-0.267817,-0.21823,0.00397,-0.235688,-0.543092,-0.101525,0.20071,-0.300346,-0.226234,-0.501782,-0.050493,-0.548663,-0.21895,0.064144,-0.093849,0.04639,-0.138457,0.094606,-0.095637,0.008544,-0.154692,0.033105,-0.234746,-0.088062,0.124225,-0.332717,-0.035336,-0.417049,-0.240765,-0.124171,-0.38138,0.039757,-0.13927,-0.124629,-0.12243,0.128996,-0.13623,-0.146108,-0.060991,-0.000584,-0.15733,-0.076721,0.045116,-0.34816,0.088103,0.264262,-0.332694,-0.1089,0.148615,-0.076024,-0.159862,0.133772,-0.095643,0.353333,0.038978,-0.048911,-0.041632,-0.021252,0.140092,-0.21055,-0.378045,-0.051592,0.237959,-0.352437,-0.066412,-0.011753,0.22515,-0.19481,0.207662,0.208469,-0.046948,0.009575,0.12739,0.115926,-0.034829,0.073217,-0.248163,0.071936,-0.171144,-0.018535,0.254913,-0.197774,-0.058652,0.089028,0.273256,-0.172434,-0.175993,0.123667,#
6,0.013905,0.326857,0.218276,-0.331066,-0.136752,0.263664,1.0,0.546115,0.346025,0.435327,0.02694,-0.010178,0.33068,0.042489,0.19959,0.087143,-0.060305,-0.12007,0.17689,-0.295429,-0.25127,0.238287,0.110762,0.067428,0.003341,-0.173145,0.294137,-0.097532,0.355416,0.037167,-0.378903,-0.171629,0.021065,0.047265,-0.11194,0.200451,-0.07883,-0.02223,0.174592,-0.131902,-0.136362,0.185478,0.008719,-0.280609,-0.038909,-0.307885,-0.014795,-0.11515,0.08081,0.227747,-0.186762,-0.189129,-0.076073,-0.07881,0.084992,0.023301,-0.094604,-0.27708,-0.260702,0.157683,0.254943,-0.054979,-0.179513,0.300695,0.130229,0.275852,0.173788,0.114666,0.395776,-0.075927,0.243105,0.089346,-0.26711,-0.387663,-0.087311,0.359539,-0.112077,-0.270288,-0.0378,-0.038964,-0.210435,-0.290588,-0.381154,-0.108022,-0.217433,0.227219,-0.157105,-0.107857,-0.11039,-0.260678,-0.209707,-0.275445,-0.353903,0.053053,-0.001517,-0.234865,0.036142,-0.090435,0.127492,-0.418216,-0.010102,-0.13846,-0.188274,-0.170984,-0.232871,-0.173772,-0.396782,0.025686,-0.378204,-0.233781,-0.106433,0.205862,-0.280118,-0.421314,-0.027719,-0.146711,-0.084683,-0.083834,-0.098676,-0.127231,-0.085735,-0.319943,-0.207528,-0.442679,-0.277835,-0.059647,0.183084,0.363102,-0.25617,-0.191243,-0.235452,-0.444098,-0.471094,0.182701,-0.036258,-0.108122,0.105512,-0.133531,-0.168168,-0.441149,-0.02878,0.008811,-0.299252,-0.155469,-0.167325,-0.231571,-0.267351,0.553112,-0.125122,-0.110491,-0.039686,-0.16822,0.017299,-0.26957,-0.102,-0.319225,0.058533,0.204467,-0.183816,-0.149856,0.107573,-0.004867,0.040243,0.061816,0.127064,0.098328,0.000725,0.038399,-0.268988,0.339672,0.353704,-0.144559,-0.231511,-0.08483,0.346996,-0.173914,0.130777,0.12447,0.360129,-0.332758,0.416045,0.317032,0.0554,-0.08584,0.336944,0.009618,0.078903,0.033367,-0.220106,0.391033,-0.053601,0.137782,0.209514,0.144231,-0.135059,0.143798,0.069607,-0.175411,-0.206932,-0.000527,#
7,0.124707,0.258678,0.059039,-0.431208,0.131303,0.327677,0.546115,1.0,0.111783,0.324272,0.019759,-0.088701,0.431681,0.264936,0.051597,0.264705,-0.118865,-0.014693,0.231396,-0.060055,0.017497,0.220029,0.03973,0.25106,0.102488,-0.138372,0.029726,-0.331499,0.192438,0.055371,-0.173652,-0.09659,0.267383,0.144319,-0.248104,0.061414,0.059762,0.059858,0.256182,-0.230658,-0.033565,0.189897,-0.084776,0.005311,-0.261651,-0.392667,0.150001,-0.094291,0.169223,-0.01365,-0.253749,-0.088846,0.107958,-0.065184,0.094685,0.131316,-0.13969,-0.248055,-0.256556,0.033377,0.274559,0.06645,-0.308976,0.208618,0.019729,0.312944,0.153906,0.174497,0.266918,-0.023268,0.261755,0.1278,-0.366,-0.168338,-0.021371,0.277945,-0.103579,-0.047443,0.110212,-0.06141,-0.052635,-0.2091,-0.134556,0.064719,-0.294486,0.116023,0.000428,0.139926,-0.012578,-0.103846,-0.289555,-0.278175,-0.36107,0.162681,-0.181007,0.015888,0.13936,-0.037665,0.358819,-0.358387,0.007337,-0.041718,-0.114531,-0.164992,0.073079,-0.03895,-0.254814,0.011629,-0.303299,-0.413206,0.081225,0.212347,-0.128889,-0.258865,0.163726,-0.014561,-0.167666,-0.030982,0.095102,-0.154986,-0.177721,-0.443177,-0.13521,-0.316468,-0.210158,0.089999,0.080679,0.068527,-0.245975,-0.096497,-0.228685,-0.122576,-0.223869,-0.02779,-0.211078,-0.122509,0.319795,-0.060198,-0.130766,-0.342118,0.046583,0.128488,-0.262174,-0.0657,-0.175828,-0.224785,-0.153792,0.312462,-0.049461,-0.371735,-0.14548,-0.050338,-0.119858,-0.115101,-0.118277,-0.23915,0.371539,0.120703,-0.09708,-0.06847,0.054044,0.161782,-0.119264,-0.037438,0.138199,0.042843,0.16811,-0.263981,-0.348669,0.234647,0.115791,-0.214545,-0.241058,-0.014405,0.318744,-0.19086,0.280077,-0.060791,0.329803,-0.297831,0.365849,0.289895,0.031181,-0.136882,0.274824,0.152212,0.115057,-0.141788,-0.201769,0.319074,-0.041518,-0.084884,0.230294,-0.161299,-0.254976,-0.061563,0.182179,-0.174281,-0.054821,0.05998,#
8,-0.224553,0.209989,0.262643,-0.155075,-0.233922,-0.1127,0.346025,0.111783,1.0,0.239317,-0.130843,-0.077197,0.142348,0.124643,0.183586,-0.229373,-0.056273,0.196557,0.079849,-0.29689,-0.181393,0.14299,0.163882,0.197779,0.128415,0.14571,0.343153,0.227074,0.101418,0.156144,-0.121032,-0.069862,0.006988,0.015529,0.135053,0.200655,0.129563,-0.194624,0.237756,-0.09134,0.113845,-0.188189,0.070614,0.02444,0.25056,-0.271012,-0.119109,0.006912,0.125792,0.240092,-0.120371,-0.284078,-0.099896,0.036612,-0.259098,0.212412,0.091706,-0.222791,0.006536,0.200324,-0.063589,-0.082436,-0.005078,0.093945,0.118118,0.09063,0.133808,0.054691,0.138148,0.141264,0.158616,0.063466,-0.020181,-0.14788,0.067114,0.047044,-0.043519,-0.129984,0.032146,-0.203794,-0.107242,-0.018364,-0.217786,-0.055311,-0.062836,0.26996,-0.04157,-0.071607,-0.04342,-0.073786,0.020924,0.117436,-0.326784,0.271313,0.066076,-0.081672,0.078956,-0.03063,-0.092666,-0.262479,0.106419,0.223864,-0.035548,0.178252,-0.166595,-0.24387,-0.096275,0.035991,-0.124945,-0.039623,0.109603,0.058417,0.005248,-0.380103,0.091515,0.042143,0.07712,-0.191315,0.120164,-0.037288,0.014961,-0.162529,-0.197522,-0.130443,-0.049399,-0.013362,0.089011,0.014226,-0.200124,-0.255099,-0.079822,-0.071191,-0.277102,0.089454,0.053861,0.030249,0.100978,0.049244,-0.220622,-0.210796,-0.027709,0.020453,-0.08919,-0.306563,-0.361383,-0.355305,-0.216724,0.292074,0.055321,0.050313,0.066519,-0.151717,0.185177,-0.227214,0.018915,-0.1309,0.263386,0.256353,-0.042602,0.07831,0.111312,0.233924,0.263349,-0.194991,0.084694,0.04251,-0.046712,-0.012419,-0.190968,0.229226,-0.089575,0.051547,-0.027654,0.059084,0.13299,0.07058,-0.127338,0.218298,0.384144,-0.364035,0.248333,0.255493,-0.207698,-0.158933,-0.0142,0.06504,-0.005476,-0.007655,-0.205479,0.169057,-0.16255,-0.028864,0.11707,0.208214,-0.194828,0.364235,0.161715,-0.053183,0.017058,0.038082,#
9,0.123447,0.24114,0.002078,-0.272095,-0.275736,0.115896,0.435327,0.324272,0.239317,1.0,-0.327651,0.109544,0.454993,0.494368,0.279837,0.275315,-0.283226,0.164773,0.107979,-0.092664,-0.238233,0.360542,0.293768,0.130768,0.086981,-0.100838,0.236059,-0.092194,0.156124,0.438477,-0.103057,0.081266,0.133684,-0.174844,-0.344879,0.21997,-0.016575,-0.010286,0.170015,-0.270437,0.070907,0.149111,0.035885,-0.083948,-0.047055,-0.510671,0.22679,0.03153,-0.207338,0.232694,-0.153533,-0.096192,0.069797,-0.221161,0.069697,-0.104545,-0.057186,-0.322344,-0.055025,0.047751,0.396209,0.055891,-0.357581,0.083874,0.195539,0.200078,-0.04751,0.304287,0.073233,-0.076833,0.057692,0.060649,-0.260594,-0.250306,-0.046914,0.239663,0.010767,-0.187179,-0.008734,0.072833,-0.145762,-0.358947,-0.34278,0.078566,-0.246645,-0.008695,-0.308818,-0.010064,0.082702,-0.214166,-0.188912,-0.220551,-0.296039,0.342573,0.139741,-0.110033,-0.115955,0.018872,0.141734,-0.294117,-0.137453,-0.101498,-0.226935,0.038845,-0.020598,-0.119954,-0.449507,-0.031856,-0.176285,-0.419096,0.084997,0.374661,-0.078559,-0.267469,-0.23393,-0.243326,-0.249098,-0.142595,0.344038,-0.386203,-0.044409,-0.355491,-0.205556,-0.436607,-0.451337,0.147109,0.189786,0.135549,-0.160046,-0.238485,-0.198788,0.130085,-0.387103,-0.016333,-0.378789,-0.319599,-0.016358,-0.190928,0.076065,-0.396129,0.021204,-0.141627,-0.395026,-0.398905,-0.209241,0.01737,-0.089547,0.322619,-0.296267,-0.272636,-0.258674,-0.391024,0.048476,-0.350732,0.005045,-0.169655,0.288289,0.431704,-0.149847,-0.25942,0.157839,-0.120608,-0.047767,0.129531,0.380878,0.313274,-0.297098,-0.101621,-0.524694,0.076133,-0.00665,0.051267,-0.25546,-0.042996,0.325146,-0.382568,-0.108744,0.065552,0.482919,-0.362436,0.363564,0.122184,-0.359128,-0.362688,0.285351,0.032728,0.350019,-0.015474,-0.334775,0.291791,0.058613,-0.086198,0.169794,0.437816,-0.12493,-0.005612,-0.043643,-0.076641,0.277165,0.230873,#
10,-0.045472,-0.237665,-0.012817,0.081043,0.080918,0.207551,0.02694,0.019759,-0.130843,-0.327651,1.0,-0.163646,-0.204855,-0.464662,-0.169409,0.036845,0.106299,-0.239787,0.047234,-0.232844,-0.020253,-0.055237,-0.176108,-0.009502,0.044203,-0.028448,-0.337536,-0.04451,-0.016307,-0.479355,0.219101,-0.093915,-0.345163,-0.20679,0.426059,-0.159857,0.134545,0.132875,0.045699,0.176367,-0.094487,-0.146205,-0.034927,-0.050409,-0.003991,0.285319,-0.352703,0.063308,0.227863,-0.182069,0.033788,0.266656,-0.054283,0.149623,0.108205,0.089884,-0.273026,0.27272,-0.103,-0.119164,-0.176159,0.031887,0.046677,-0.087809,0.087598,-0.245558,0.07829,-0.138875,0.269322,0.155539,0.155471,-0.057096,0.061844,0.106689,-0.093044,0.065855,-0.126215,0.100981,-0.053087,-0.214224,0.109619,0.231279,0.046515,-0.11402,0.029742,0.101907,0.267579,-0.058443,-0.098196,0.089914,-0.066807,-0.045262,0.08675,-0.166108,-0.200687,0.10201,-0.126354,-0.28128,0.066995,-0.030108,-0.061856,-0.152371,0.12714,-0.173793,0.002696,-0.180512,-0.021299,0.043642,-0.034557,0.289765,-0.058321,-0.155307,-0.078055,-0.043911,0.106408,-0.181644,-0.001994,-0.035192,-0.060812,0.349341,-0.155405,0.089642,0.128848,-0.029806,-0.042887,0.079293,0.029743,0.202441,-0.113574,0.007691,0.059294,-0.076621,0.038603,0.144171,0.211697,0.132624,-0.148571,0.033047,-0.186606,0.109276,-0.045598,0.342883,0.006486,0.095178,0.226699,0.100436,-0.200033,0.071522,0.21505,0.204118,0.061305,0.292572,-0.060583,0.021513,0.012292,-0.055629,-0.434574,-0.268772,-0.060185,0.160542,-0.081641,0.131257,0.025327,0.164911,-0.111628,-0.218034,0.140656,0.020289,0.092451,0.144135,0.217597,-0.056919,0.119366,0.048942,-0.101147,0.051291,0.151137,0.028145,-0.368828,0.199116,-0.025343,0.090621,0.315226,0.235949,-0.092777,-0.01955,-0.319774,-0.026507,0.250388,-0.006199,-0.276792,0.074107,0.21074,-0.489322,0.187177,0.061221,0.165044,0.041401,-0.263631,-0.076895,#
11,0.049894,-0.082194,-0.108961,-0.045526,-0.025173,0.165765,-0.010178,-0.088701,-0.077197,0.109544,-0.163646,1.0,0.001528,0.039337,-0.041924,0.024474,0.154426,0.09488,-0.067563,-0.080982,0.186985,-0.058687,-0.151065,-0.232317,0.110737,-0.119341,-0.193017,0.023812,-0.059358,-0.158673,-0.043898,-0.193333,-0.102833,-0.037071,-0.069406,0.179614,-0.283535,0.002796,-0.046246,-0.018068,-0.01086,0.148528,-0.139868,-0.32833,-0.150949,0.131277,-0.165361,0.091445,-0.039416,0.23696,0.076645,-0.104512,-0.094399,0.199308,-0.032824,0.047109,-0.145941,-0.128731,0.012591,0.057896,-0.045845,0.046945,0.131817,-0.23502,0.042995,-0.033843,-0.068163,-0.125002,-0.173063,-0.022539,0.015216,0.026792,-0.037906,0.155369,-0.128944,0.028224,-0.248507,-0.022829,-0.083151,0.078392,-0.002865,0.033206,-0.048948,-0.333412,0.075222,-0.244271,-0.162358,0.147291,-0.144929,0.231005,0.067034,-0.079197,-0.029607,0.071714,0.008527,0.067548,-0.127832,-0.002375,-0.076181,-0.052454,0.218947,0.102802,-0.3356,-0.004452,-0.110601,0.120466,-0.053993,0.185465,0.171843,0.049892,-0.130946,-0.083881,-0.110717,-0.156224,0.037778,-0.112999,0.066624,0.161892,0.152129,0.020482,0.226699,-0.180939,0.004549,0.093407,0.050993,-0.142234,-0.016089,0.004649,0.174943,-0.112047,-0.045458,0.154008,-0.166545,0.216315,0.087579,-0.261275,0.086569,-0.153771,-0.040153,0.081099,-0.047675,-0.042379,-0.029594,0.066218,-0.069651,0.215174,-0.030754,-0.162994,-0.156004,0.003878,-0.018763,0.165264,-0.164217,0.150833,0.06852,0.19718,-0.04941,0.279474,-0.120062,-0.215241,-0.156361,-0.340156,0.0348,-0.003014,-0.063548,0.088031,-0.05604,0.034731,0.242247,0.09813,-0.078945,0.406619,0.005157,-0.163972,-0.055007,-0.096995,-0.239892,0.007307,0.008413,-0.007361,-0.055678,-0.014631,-0.053507,-0.107195,0.115296,-0.031173,-0.003436,0.408513,0.047612,-0.021844,-0.117624,0.191265,-0.005003,0.097649,-0.209217,-0.231839,0.289283,-0.223953,-0.062434,0.233776,#
12,0.467696,0.333481,-0.151331,-0.34319,0.059008,0.151773,0.33068,0.431681,0.142348,0.454993,-0.204855,0.001528,1.0,0.496424,0.173144,-0.050322,-0.051129,0.01706,0.133973,-0.084778,-0.116262,0.230367,0.412102,0.034778,-0.236474,-0.283638,0.083398,-0.182652,0.119324,0.288393,-0.004091,0.071948,0.207657,-0.176347,-0.318947,0.319744,0.20278,-0.063106,-0.055661,-0.283901,0.040102,0.170102,0.136957,0.040604,-0.091116,-0.474419,0.222158,-0.030368,-0.075057,0.096173,-0.2136,-0.028616,0.152958,0.030138,0.191345,0.172129,-0.163313,-0.249167,0.126481,0.1393,0.55757,0.125228,-0.207289,0.175326,0.073809,0.394512,-0.121151,0.296602,0.306893,-0.197401,0.186483,-0.051175,-0.48839,-0.358281,-0.278655,0.400825,0.031327,-0.101962,-0.040436,-0.215302,-0.178579,-0.342185,-0.250124,-0.054384,-0.316588,-0.107544,-0.095207,0.131383,-0.140189,-0.397851,-0.243679,-0.347696,-0.480997,0.17968,-0.130307,-0.203025,0.006891,-0.173667,-0.01991,-0.356027,0.030716,-0.112391,-0.095545,0.007547,-0.079692,-0.189691,-0.348389,-0.193371,-0.233581,-0.359733,0.056526,0.319761,-0.246619,-0.303016,-0.16259,-0.143828,-0.1397,-0.33441,0.03316,-0.386169,-0.115444,-0.452716,-0.209687,-0.442458,-0.18867,-0.021225,0.097722,0.262853,-0.081444,0.011749,-0.426422,0.01439,-0.405593,0.018765,-0.389592,-0.089065,0.00748,-0.417438,-0.053847,-0.316494,-0.045767,-0.02024,-0.371172,-0.206751,-0.021207,0.03615,-0.303351,0.329123,-0.217987,-0.586925,-0.140775,-0.377342,0.019729,-0.329646,-0.062889,-0.356762,0.342914,0.44034,-0.100601,-0.418248,0.049493,-0.16899,-0.031111,-0.083715,0.272512,0.36843,-0.157143,-0.063116,-0.425924,-0.008549,-0.028529,0.07631,-0.336003,-0.044683,0.424984,-0.417573,0.036262,0.174823,0.490979,-0.392449,0.246843,0.218581,-0.032971,0.029633,0.320899,-0.135279,0.377749,-0.228088,-0.340326,0.457479,0.068604,0.088021,0.355998,0.154564,-0.009189,0.008722,0.095365,-0.144212,0.122655,0.220712,#
13,0.266392,0.271544,-0.05452,-0.261352,-0.118486,0.140431,0.042489,0.264936,0.124643,0.494368,-0.464662,0.039337,0.496424,1.0,0.333844,0.09614,-0.301038,0.327098,0.178493,0.025583,0.057493,0.353011,0.556818,0.268015,0.041867,0.011206,0.250783,-0.094539,0.111387,0.522276,0.002049,0.113328,0.247878,-0.045856,-0.30155,0.255291,0.15622,-0.197217,0.097989,-0.325122,0.005964,0.33106,0.202247,0.162341,-0.00836,-0.530016,0.399183,-0.205919,-0.207983,0.097971,-0.071091,-0.172681,0.159863,0.002508,0.068399,0.045205,-0.151088,-0.258825,0.034276,0.156027,0.458168,0.029634,-0.301623,0.17967,0.005357,0.267118,-0.150771,0.432566,-0.150443,-0.079568,-0.108981,0.234131,-0.347234,-0.119296,-0.282646,0.03088,-0.043521,-0.249767,-0.149155,-0.007591,-0.052287,-0.404087,-0.259961,0.202544,-0.312505,-0.201502,-0.262953,0.018682,0.039396,-0.318743,0.057256,-0.29919,-0.363598,0.232558,-0.016661,-0.167687,-0.213985,-0.057533,-0.116198,-0.208583,0.112838,-0.132151,-0.198089,-0.202654,-0.105299,-0.056501,-0.120835,-0.113257,-0.087436,-0.32111,0.110591,0.327454,-0.150649,-0.117796,-0.014819,-0.039083,-0.268332,-0.305987,0.246348,-0.418492,-0.222438,-0.411514,-0.145754,-0.275759,-0.316854,-0.022147,0.073137,-0.011762,-0.18068,-0.031451,-0.127892,0.185168,-0.337296,-0.198359,-0.631267,-0.311132,0.191363,-0.215781,0.101091,-0.365633,-0.032105,-0.286492,-0.277574,-0.364413,-0.371139,-0.078201,0.012474,0.177073,-0.410624,-0.346749,-0.214692,-0.372535,-0.053581,-0.304519,-0.028311,-0.14303,0.407675,0.3598,-0.020486,-0.235175,0.152082,-0.115422,-0.096861,-0.08761,0.201016,0.278322,-0.227311,0.043089,-0.264205,-0.035169,-0.197831,0.05628,-0.338895,-0.212245,0.224757,-0.376296,-0.091771,0.037754,0.571122,-0.422145,0.37254,0.030175,-0.304324,-0.116412,0.30448,0.162791,0.283327,-0.249331,-0.342103,0.341189,-0.036354,-0.06737,0.086173,0.258208,-0.234688,-0.133744,0.169327,-0.202056,0.311662,0.14507,#
14,-0.026772,0.388418,-0.041828,-0.285542,-0.04064,0.080154,0.19959,0.051597,0.183586,0.279837,-0.169409,-0.041924,0.173144,0.333844,1.0,0.108014,-0.181642,0.148883,0.410523,-0.089664,-0.116063,0.113567,0.192663,0.209805,-0.066801,0.039314,0.070084,0.19025,0.200049,0.218194,-0.232218,-0.024183,-0.111549,0.076419,-0.134341,0.160539,-0.084793,-0.154589,0.124692,-0.01995,-0.111939,0.188573,0.104059,0.153874,0.463569,-0.14512,0.186444,-0.060222,0.062617,0.000608,0.074154,-0.126413,-0.101323,-0.12869,0.113676,-0.107071,-0.099157,-0.191831,-0.208482,-0.186922,0.146523,0.004113,-0.233061,0.336938,0.190802,0.02355,-0.247504,0.045462,-0.043915,-0.193561,-0.083645,-0.034563,0.092086,-0.329615,-0.207457,0.156952,0.005391,-0.166293,-0.164436,-0.097223,-0.086585,-0.521804,-0.476787,0.171458,-0.335308,-0.005921,-0.160788,-0.13522,-0.221011,-0.112925,-0.014081,-0.161413,-0.099295,0.135458,-0.163407,-0.175124,-0.308831,-0.084317,-0.175412,-0.062202,0.104318,-0.239251,-0.237651,-0.269266,-0.289486,-0.210663,-0.369509,-0.026929,-0.23293,-0.116421,-0.109836,0.328953,-0.299474,-0.231824,-0.240051,-0.072703,-0.117798,-0.176399,0.015532,-0.261285,-0.104509,-0.18579,-0.420762,-0.164279,-0.278168,-0.416748,-0.040288,0.12769,-0.365721,-0.189925,0.027155,0.065366,-0.497157,-0.092036,-0.329408,-0.256851,0.190837,0.018333,-0.088379,-0.319433,-0.221215,-0.135752,-0.117961,-0.148469,-0.345139,-0.176453,-0.138603,0.184272,-0.41735,-0.067069,-0.334869,-0.484354,-0.002974,-0.263919,-0.12222,-0.410308,0.044765,0.144417,-0.328044,-0.130614,0.139305,-0.164555,0.223783,0.086949,-0.123799,0.242427,-0.161039,0.195746,-0.118708,-0.164267,0.221599,0.129562,-0.147464,-0.101402,0.411871,-0.167774,-0.246105,0.15148,0.319749,-0.221438,0.37662,-0.021794,-0.057218,0.113726,0.349601,-0.227637,0.117735,-0.191638,-0.192034,0.144533,-0.041161,0.179173,0.323718,0.278111,0.035612,0.008209,0.195234,-0.129708,0.017237,0.076122,#
15,0.095879,-0.019982,-0.120183,-0.206928,-0.027973,0.235453,0.087143,0.264705,-0.229373,0.275315,0.036845,0.024474,-0.050322,0.09614,0.108014,1.0,-0.057776,0.075211,0.161916,0.073535,0.116109,-0.123361,0.111774,-0.063805,0.012178,0.085826,-0.039215,-0.09739,0.153077,0.092424,0.055369,-0.067775,0.15142,-0.083616,-0.063731,-0.052718,0.047264,0.11625,0.11528,0.03465,-0.000636,0.006186,-0.285989,0.053695,0.05834,-0.025891,0.058071,-0.01985,-0.156856,0.068693,0.204255,0.120302,0.008164,0.020455,0.241363,-0.084332,-0.239913,-0.166679,-0.390989,-0.121962,0.098841,0.089707,-0.248129,0.132118,0.045444,0.030801,-0.231703,0.122269,-0.172779,0.072986,-0.070103,-0.00945,-0.084377,0.091824,-0.06792,0.119061,-0.126655,-0.091642,-0.043981,0.137394,0.09594,-0.200186,0.026414,0.24452,0.053687,-0.182511,-0.171324,-0.115137,0.018919,-0.014556,0.043424,0.002503,-0.005627,0.145488,-0.02625,0.194523,-0.12298,-0.275575,0.074795,-0.11837,-0.150494,-0.128538,-0.364149,-0.051724,-0.012393,-0.174476,-0.204849,0.207791,0.023475,0.004292,-0.045026,0.074532,-0.012284,-0.221148,0.131497,0.024791,-0.115525,-0.091588,0.177423,-0.148681,-0.204948,-0.001044,-0.030966,-0.177996,-0.283517,0.076523,-0.065845,-0.045019,-0.322318,-0.26669,-0.038666,0.142845,-0.044754,-0.068956,-0.143344,-0.20816,0.032947,-0.044093,-0.103889,-0.325845,0.134846,0.147215,0.049345,0.051211,-0.047045,-0.030753,0.169276,0.084938,-0.1429,-0.225968,-0.062319,0.022805,-0.057316,0.04548,0.099371,0.025852,0.060227,0.103485,-0.284599,0.141291,0.205718,-0.096991,-0.060707,-0.032576,-0.191249,-0.07244,0.008538,-0.025951,-0.021018,-0.139612,0.181877,-0.162655,-0.08507,-0.139864,-0.117846,-0.041773,-0.091304,-0.092174,0.063485,-0.07555,0.148823,-0.098102,-0.06713,-0.016548,0.227999,-0.056416,0.208536,0.076854,-0.211293,-0.038797,0.005125,-0.1248,0.103603,-0.01205,-0.177902,-0.23875,0.086839,-0.226478,-0.00669,0.119476,#
16,0.019268,-0.122315,-0.286598,-0.025309,0.094092,0.302307,-0.060305,-0.118865,-0.056273,-0.283226,0.106299,0.154426,-0.051129,-0.301038,-0.181642,-0.057776,1.0,-0.12178,0.089697,-0.15276,0.036985,-0.290641,-0.118077,-0.331308,-0.191202,-0.152214,-0.224427,-0.080983,-0.102636,-0.129441,-0.089865,0.09251,0.119398,0.086507,0.059586,0.147738,0.064822,-0.114619,-0.341274,0.175556,0.061434,-0.202543,-0.012417,0.161376,0.015492,0.15112,-0.265348,0.04022,0.044159,0.034878,0.032674,0.024965,0.099004,-0.125032,0.040272,0.061059,-0.002245,0.074486,0.101537,-0.133836,-0.140803,0.232118,0.339066,-0.056715,-0.1579,0.017638,-0.144014,-0.052557,0.159292,-0.081661,-0.116817,-0.020704,0.03409,-0.123087,-0.005356,0.074588,-0.178332,0.082701,-0.047701,-0.056759,0.009465,0.087305,0.080688,-0.424975,0.021596,-0.157277,-0.121865,0.021104,-0.056912,-0.221934,-0.126793,0.088683,-0.040198,-0.172771,-0.111664,-0.155472,-0.04962,-0.175613,-0.291493,-0.113733,0.111158,-0.025101,-0.07028,0.022611,0.060844,-0.094238,0.125141,-0.076454,0.069341,0.040499,-0.073208,-0.100479,0.001609,-0.074457,-0.071262,-0.05478,-0.194872,0.142693,-0.149421,0.061492,-0.116091,-0.059506,0.016346,-0.199581,0.10489,-0.184608,-0.333145,-0.167154,0.032441,-0.054606,-0.148446,-0.102506,0.037781,0.189836,0.091661,0.037886,0.138793,-0.313494,-0.078403,0.049183,-0.279025,0.144135,-0.060159,0.259725,0.139746,-0.075237,-0.106507,-0.003897,-0.073573,-0.096522,-0.129563,0.138306,-0.001746,0.072442,-0.170543,-0.258122,-0.202872,0.105219,-0.233692,0.162371,-0.156874,-0.048664,0.205428,-0.115748,-0.143504,0.163027,0.145443,-0.040391,0.1073,-0.197027,-0.105063,0.008295,-0.117576,-0.032042,0.057403,-0.130651,-0.087161,0.117302,-0.203106,0.101639,-0.421254,0.075169,0.361501,0.107229,-0.130572,-0.037041,-0.046916,0.209742,0.174559,-0.196679,0.009014,0.173577,0.183556,-0.208797,0.125971,0.274068,0.150177,-0.040732,-0.371513,-0.208349,#
17,-0.12946,0.269316,0.329735,0.001388,-0.162695,0.155326,-0.12007,-0.014693,0.196557,0.164773,-0.239787,0.09488,0.01706,0.327098,0.148883,0.075211,-0.12178,1.0,0.015729,0.383656,-0.002896,0.308823,0.129835,0.111964,0.168995,0.222702,0.093049,0.109357,-0.151719,0.129599,0.174078,0.172233,0.07332,-0.05435,-0.041224,0.036662,0.105882,-0.058871,-0.002723,-0.276342,0.073562,0.111424,0.105964,0.121931,0.036368,-0.346283,0.086247,0.242856,0.143688,-0.110456,0.005556,-0.080149,-0.024837,-0.056959,-0.143294,-0.017413,-0.12516,-0.372019,-0.204887,-0.18409,0.039742,-0.158795,-0.166005,0.03344,-0.070883,0.141348,-0.02219,0.185776,0.022034,0.492208,0.221271,0.337589,-0.170117,-0.00284,0.126048,-0.171187,0.212738,-0.135803,0.153643,-0.116904,0.406843,-0.013249,-0.001497,0.099797,0.023229,0.12453,0.118008,0.105518,0.160738,0.105192,0.209597,0.119786,0.017212,0.524584,0.065765,0.269611,0.325303,-0.068388,0.052302,-0.220589,-0.127581,0.198408,0.058152,0.318496,-0.147508,0.092173,-0.051217,-0.206033,-0.099841,-0.024401,0.334072,0.117937,0.145401,0.060935,0.175667,0.136587,-0.054619,-0.133436,0.571734,-0.369402,0.126301,-0.257558,-0.113336,-0.018958,0.002387,0.063621,0.035287,0.070407,0.073165,0.139681,0.259058,0.284244,0.040777,-0.16895,-0.036118,-0.009644,0.059597,-0.07446,0.066488,0.030055,0.101736,-0.162867,-0.148736,-0.350337,-0.195214,0.087192,0.12456,-0.097634,0.130804,-0.03133,-0.199674,-0.105789,0.311345,-0.060668,-0.069587,-0.070048,0.221735,0.303594,-0.003044,0.02791,0.018154,0.250576,-0.046634,0.073277,0.059814,0.292316,0.16156,-0.056967,0.018905,0.174763,-0.266638,-0.146996,-0.159785,0.04464,0.024876,0.037668,0.062834,-0.16336,0.314729,-0.342242,0.18561,-0.111463,-0.464584,-0.163063,-0.128599,-0.096559,0.162237,0.228237,-0.303404,-0.146517,0.231343,-0.25179,-0.084554,0.152557,-0.327272,-0.089211,0.044131,0.069434,0.416187,0.146968,#
18,-0.111316,0.172278,-0.022723,-0.201564,0.046444,-0.066623,0.17689,0.231396,0.079849,0.107979,0.047234,-0.067563,0.133973,0.178493,0.410523,0.161916,0.089697,0.015729,1.0,-0.255325,0.122075,-0.157472,0.007145,-0.009491,0.044214,0.105614,0.105452,0.230791,0.006665,0.117502,-0.122578,0.09718,0.08185,-0.013205,0.089448,0.07402,0.164824,-0.117311,-0.06762,-0.058497,0.040528,0.181231,0.175069,0.15556,0.139059,-0.045597,0.039549,-0.239242,0.171684,-0.021521,-0.034247,0.10677,0.046618,-0.063947,0.301046,0.020669,-0.276206,-0.085734,-0.128734,-0.164957,0.055891,0.027804,-0.073684,0.48194,0.10615,0.114015,-0.099687,0.066197,0.101715,-0.2165,-0.031183,-0.15034,-0.044754,-0.12603,0.013143,0.232449,0.003562,-0.060675,0.127599,-0.238426,-0.124115,-0.252649,-0.377044,0.007266,-0.316613,-0.063117,-0.19975,0.000105,-0.076902,-0.084528,-0.211491,-0.221684,-0.107816,-0.203331,-0.309597,-0.110281,-0.049447,-0.229919,-0.046787,-0.170158,-0.035868,-0.047306,-0.059746,-0.340485,-0.050831,0.04468,-0.153195,-0.11343,-0.016261,-0.011844,-0.083021,0.183699,-0.102632,-0.164746,-0.060126,-0.063856,-0.128594,-0.089554,-0.130801,0.081283,-0.229509,-0.119149,-0.372174,-0.232079,-0.141635,-0.217004,0.027847,0.160869,-0.291811,-0.213972,-0.0302,-0.102781,-0.196804,-0.024329,-0.053445,-0.178557,0.171335,-0.110114,-0.168638,-0.195051,-0.457923,0.076528,-0.091177,-0.133782,-0.19897,-0.079755,-0.313318,0.197033,-0.341033,-0.272239,-0.344773,-0.151962,-0.070726,-0.176928,-0.081729,-0.333167,0.010293,0.093487,-0.218414,-0.139019,0.044227,0.049981,0.08618,0.048189,0.072714,-0.1044,0.025783,0.220356,-0.128567,-0.063556,0.200833,0.16739,-0.124251,-0.098779,0.305718,0.05234,0.143486,0.14756,0.152259,-0.16194,0.071415,0.113741,0.339094,0.099513,0.334524,-0.064405,0.040043,-0.105065,0.019612,0.177698,0.004396,-0.026005,0.419915,-0.002005,0.005374,-0.136534,0.42471,-0.050515,-0.31874,0.063029,#
19,-0.142505,-0.041496,0.092195,0.349301,-0.152531,-0.015865,-0.295429,-0.060055,-0.29689,-0.092664,-0.232844,-0.080982,-0.084778,0.025583,-0.089664,0.073535,-0.15276,0.383656,-0.255325,1.0,0.293798,0.133801,-0.06488,0.016871,-0.067416,0.034658,-0.04,-0.1361,-0.074908,-0.071986,0.33741,0.176667,0.167093,0.22305,-0.060681,-0.398931,0.076275,0.181042,-0.311418,-0.185102,0.144425,0.254398,-0.085566,0.04799,-0.123312,-0.153115,0.336404,0.138483,0.174835,-0.307558,-0.107546,0.079817,0.366382,-0.109668,-0.082386,0.062852,0.124295,-0.221408,0.026172,-0.139911,-0.064371,-0.212173,0.049996,-0.051847,-0.007383,-0.026376,-0.094372,0.080675,-0.155921,0.180852,0.148746,0.209552,0.154007,0.040124,0.229175,-0.356085,0.385291,0.265725,0.533276,0.193146,0.399351,0.250095,0.27158,0.1962,0.2727,0.097155,0.290984,0.075625,0.305153,0.141385,0.250766,0.240408,0.240123,0.227756,0.12567,0.265319,0.25393,0.228181,0.121395,0.248474,-0.425625,0.207342,0.242665,0.321232,0.292432,0.397927,0.168102,-0.258325,0.198685,-0.146227,0.203981,-0.222373,0.060891,0.459932,0.188683,0.146486,0.13698,0.146603,0.109091,-0.2225,0.409651,0.077685,0.083203,0.194349,0.128545,0.202311,-0.020376,0.008753,0.22902,0.336847,0.329972,0.368004,0.421016,-0.062496,0.250581,0.188331,0.112989,0.073597,0.163829,0.21508,0.268485,0.076189,0.157784,-0.096329,0.296438,0.330504,0.503814,-0.437096,0.404371,0.041594,0.175507,0.151672,0.336375,0.332136,-0.00516,0.201931,0.205322,-0.151209,0.120756,0.027639,0.031807,0.17124,-0.213361,0.11751,-0.073029,-0.058761,0.37266,-0.02713,0.226346,0.178634,-0.357615,-0.108551,0.281739,0.225039,-0.249287,0.106932,0.108831,-0.50307,-0.238188,0.095676,-0.029765,-0.257623,-0.233092,-0.064188,-0.40209,-0.00216,0.17312,0.161737,-0.027801,-0.326988,0.26411,-0.398097,-0.436905,-0.119682,-0.056033,-0.192183,-0.306766,0.292394,0.306838,-0.056299,#
20,0.15159,-0.150725,-0.028003,0.060951,-0.244955,-0.035781,-0.25127,0.017497,-0.181393,-0.238233,-0.020253,0.186985,-0.116262,0.057493,-0.116063,0.116109,0.036985,-0.002896,0.122075,0.293798,1.0,-0.18076,-0.27449,-0.13773,0.131794,0.097448,-0.031755,-0.061456,0.006972,-0.061819,0.36297,0.21239,0.076373,0.254269,-0.000534,-0.290794,0.050982,0.145511,-0.180669,-0.127567,0.298666,0.117392,-0.017648,-0.066758,-0.100813,-0.034117,0.089541,-0.143171,0.061865,-0.223664,-0.015726,-0.109947,0.326986,0.060095,0.052752,0.202644,-0.228899,0.005036,-0.06929,0.127493,0.037688,0.083223,0.1659,-0.072177,-0.018955,-0.090883,-0.316786,0.096241,-0.275795,-0.152204,-0.001453,0.100329,0.162629,0.229421,-0.057503,-0.352086,0.097915,0.372558,0.211129,0.30063,0.086641,0.201899,0.315573,-0.015091,-0.010745,-0.195647,0.086795,0.03097,0.402893,0.173381,-0.137855,-0.050745,0.10532,-0.082198,0.158743,0.127003,-0.108884,0.194902,0.061273,0.20285,-0.088806,0.204339,-0.136349,0.004052,0.243585,0.11314,0.180922,0.174995,0.206233,0.226965,-0.004597,-0.107115,-0.223521,0.318283,0.318644,0.269205,0.081632,0.113656,0.122709,0.264444,0.187406,0.200264,-0.200413,0.30873,-0.08452,-0.018159,-0.2716,-0.17742,-0.071507,0.281647,0.194284,0.105968,0.286564,0.057111,0.04323,0.125697,0.160058,0.025379,0.146301,0.164224,-0.135755,0.160497,0.343963,0.039628,0.066343,0.064718,0.263252,-0.430581,0.039283,0.138575,0.045548,0.108243,0.190318,0.281249,0.02191,0.209548,0.138606,-0.152519,0.074905,-0.044978,-0.057339,-0.079458,0.099617,-0.22053,-0.162827,-0.293484,0.211028,0.067328,0.258972,-0.067669,-0.194768,0.048671,0.210271,-0.090821,-0.379548,0.172191,0.04515,-0.313079,-0.219589,0.238166,-0.075127,-0.038807,-0.027318,0.043412,-0.097791,0.309185,0.064887,0.116851,0.191158,-0.067569,-0.097368,-0.293815,-0.224799,-0.320978,-0.142036,-0.162785,0.082855,0.047427,0.14776,-0.142668,#
