0,1.0,0.165634,0.11881,-0.107797,0.450766,-0.024862,0.183058,-0.131384,0.43094,0.028202,-0.152088,0.215356,0.184047,0.111925,0.10072,-0.006711,0.065483,-0.014842,0.070812,-0.116007,-0.280218,-0.016526,-0.04057,-0.135301,0.007156,-0.274436,-0.028747,-0.183613,0.290772,0.043062,-0.392837,-0.109044,-0.189752,-0.092734,-0.176605,0.053347,0.18401,-0.04023,-0.039317,0.006891,0.052164,-0.26651,-0.294502,0.032718,-0.005058,-0.00042,0.318688,0.198031,0.142271,0.378492,0.008054,-0.201313,0.205351,0.020102,0.036993,-0.075561,-0.212038,0.208097,-0.093196,0.085417,0.166909,0.160363,0.010002,-0.18426,-0.035531,0.097475,-0.031796,-0.00154,0.203046,-0.035767,0.018373,-0.365032,0.00296,-0.285406,-0.297724,0.205201,-0.188704,-0.333796,-0.225868,-0.205743,-0.005913,-0.377076,-0.09454,-0.232142,-0.070254,-0.092727,-0.393434,-0.117494,-0.122313,-0.406002,0.090532,-0.207043,0.018235,-0.002577,-0.19158,-0.170232,-0.280628,-0.21135,0.02417,-0.278043,0.113815,-0.227357,-0.29176,-0.18632,-0.067122,-0.131626,-0.032507,-0.102848,-0.143276,-0.24976,-0.020144,-0.173039,0.082926,-0.239267,-0.187898,-0.301728,-0.265646,-0.335508,0.071307,-0.459176,-0.045705,-0.230176,-0.229336,-0.199259,-0.097975,-0.180269,-0.188743,-0.035153,-0.107745,-0.103762,-0.085898,-0.240394,-0.102868,0.065499,-0.208558,-0.35281,0.00296,-0.217659,0.109907,-0.228213,-0.159177,-0.216678,-0.041035,-0.228806,-0.344029,-0.088813,-0.230734,0.277594,-0.313063,-0.164529,-0.29741,-0.254075,0.048843,-0.214809,-0.13982,0.037184,0.167037,0.315086,-0.168162,-0.159239,-0.071371,-0.11005,0.018521,-0.02487,-0.012894,0.136282,0.054251,-0.017961,-0.202047,-0.323461,0.041778,0.162317,0.057236,-0.334241,0.116417,-0.104397,-0.014491,0.266792,0.230929,-0.359279,0.106685,0.017577,0.007705,0.030783,0.189762,-0.085786,0.317643,-0.10258,-0.11073,0.407403,-0.290906,0.089717,0.174548,0.280016,-0.166344,0.091662,0.114813,-0.372989,-0.018508,0.059593,#
1,0.165634,1.0,0.057326,0.174248,0.37507,0.012417,-0.030251,-0.217502,0.047066,0.1853,-0.219974,0.065078,0.041291,0.125345,0.018099,-0.092902,-0.024968,0.052437,-0.119563,-0.124511,0.030965,0.12668,0.146237,-0.020097,-0.009001,-0.277703,-0.0144,0.090652,0.17421,0.237718,-0.40701,-0.007099,0.000686,-0.142059,-0.116844,0.140039,0.242832,-0.346324,0.021857,0.017974,0.179132,-0.15768,0.258545,0.086271,-0.142215,-0.005699,0.19246,0.197603,-0.093853,0.181967,-0.072989,-0.255428,0.137767,0.060081,-0.059843,-0.225088,-0.056702,0.198092,-0.0211,0.100737,-0.075738,-0.009863,0.03166,0.04011,-0.105879,0.045753,0.020189,0.163159,0.319191,0.185797,-0.182391,-0.235181,0.05226,-0.095734,-0.238955,0.006994,-0.198091,-0.005505,-0.203542,-0.142046,-0.066416,-0.408673,-0.211674,0.151149,-0.285322,-0.2666,-0.150112,-0.201236,-0.013576,-0.112653,-0.203107,-0.089849,-0.043064,-0.095597,-0.435154,-0.169799,-0.330742,-0.237373,-0.222382,-0.044164,0.070974,-0.031268,-0.073876,-0.088201,-0.197661,-0.257016,-0.223693,-0.138688,-0.006706,-0.066746,-0.023905,0.218847,-0.325394,-0.234828,0.037751,-0.009529,-0.264859,-0.22892,0.106043,-0.07789,-0.244176,-0.199766,-0.127017,-0.194631,-0.027384,-0.051722,-0.198333,0.065881,0.24121,-0.028275,-0.087119,-0.056289,-0.094303,0.034951,-0.183247,-0.191837,-0.149614,-0.312298,0.14054,-0.232922,-0.163483,-0.007359,0.153575,-0.340811,-0.112678,-0.106679,-0.052708,0.119467,-0.250443,-0.052903,-0.441942,-0.165181,-0.143489,-0.056319,0.021438,-0.060764,-0.080395,0.28111,-0.076724,-0.259486,0.072548,-0.045135,-0.068746,0.053503,-0.137149,0.314609,0.152894,-0.509737,-0.050598,-0.049244,-0.096305,0.147013,-0.272141,-0.015838,0.055218,0.027702,-0.140581,-0.06314,0.173861,-0.296772,0.169013,-0.124867,-0.011548,0.027944,0.173093,-0.310366,0.019101,-0.286356,-0.140401,0.164691,-0.114487,0.156595,0.266342,0.321754,0.103136,-0.158865,0.100759,-0.188475,-0.084143,0.119125,#
2,0.11881,0.057326,1.0,0.213198,-0.081066,-0.178753,-0.072137,-0.088407,0.183051,0.084598,-0.023128,0.143229,-0.188167,0.067138,-0.064234,-0.209326,-0.146405,0.197913,-0.016051,0.092188,-0.385145,-0.22229,-0.046238,0.149743,0.083558,-0.186551,0.070475,-0.217812,0.176239,-0.232754,0.002421,0.25238,-0.24965,0.017638,-0.210643,0.029662,-0.081234,0.123598,-0.163471,-0.339364,-0.25133,0.169185,-0.157075,-0.004237,0.241723,-0.430634,0.209593,0.133987,-0.303237,0.343208,-0.29002,0.095187,-0.021225,0.208035,-0.132226,-0.118277,-0.068192,-0.198365,-0.23726,0.056598,-0.006266,0.22696,0.039979,-0.318665,0.027382,-0.049313,0.075123,-0.113756,-0.194458,-0.020625,0.164562,0.039409,-0.091946,0.20015,-0.08654,0.192321,-0.099004,-0.144926,0.054498,-0.162613,0.067583,-0.050251,-0.167102,0.429205,-0.068902,0.010221,0.036217,-0.020554,-0.187653,-0.221499,0.204103,-0.186853,0.172359,0.214465,-0.060367,0.281487,0.199892,0.03515,0.01607,0.102056,-0.273436,-0.217216,-0.083344,0.22476,-0.086012,-0.01392,0.196537,0.187788,0.062048,0.115775,0.288878,0.0796,0.162321,0.137248,0.184824,-0.160496,-0.066018,-0.079136,0.144265,0.084006,-0.178588,0.311618,-0.093511,0.009321,0.032974,0.078715,0.031118,-0.128279,-0.02814,0.009515,0.286648,0.131146,-0.038625,0.057523,0.278661,0.063324,0.103683,0.347878,-0.041428,-0.100123,0.352991,0.204302,0.040199,-0.136999,0.072631,0.163408,0.072548,-0.036639,-0.251514,0.165673,0.097664,0.405204,0.306976,0.147643,0.087816,0.067879,-0.061093,0.119291,0.160146,0.025832,0.042182,-0.055225,0.380676,0.041449,0.03701,-0.066119,-0.05798,-0.092435,0.235129,-0.104106,-0.000753,0.190474,-0.066621,0.06128,-0.068067,0.202003,-0.141333,0.189913,0.058194,-0.044363,0.129458,-0.013032,-0.118491,-0.011844,-0.331824,0.214607,0.030538,0.266603,-0.095024,0.090375,0.209767,-0.21141,-0.173179,0.075049,-0.369191,-0.125882,-0.120706,-0.035412,0.244302,-0.200053,#
3,-0.107797,0.174248,0.213198,1.0,-0.106728,-0.233037,-0.242934,-0.054616,-0.339765,-0.03997,-0.028874,-0.202897,-0.093643,-0.183214,-0.028771,-0.036993,-0.018371,0.00256,-0.159093,0.11537,-0.1318,0.021566,-0.266468,0.080594,0.05372,-0.034825,-0.109969,0.043923,0.092451,-0.214329,-0.003267,-0.001039,0.081814,0.111261,-0.004252,-0.357895,-0.046374,0.060403,-0.064816,0.088148,-0.079368,0.028445,0.098552,-0.021955,0.062809,0.227036,-0.24948,-0.357108,0.091194,0.040904,-0.205883,0.202804,0.140046,0.054341,-0.058807,0.036009,0.065104,-0.011875,-0.184396,-0.246267,-0.055135,-0.028216,0.280582,-0.052475,-0.143872,-0.385075,-0.081644,-0.185071,-0.331614,-0.037094,-0.066194,0.145956,0.17111,0.220627,0.024474,0.05963,0.139534,0.31324,0.357264,-0.068172,0.07576,0.114869,0.084474,0.088949,0.145428,0.055729,0.282162,0.096555,-4.8e-05,-0.042223,0.190204,0.07742,0.113251,0.20607,0.086202,-0.057515,0.122288,0.278158,0.028632,0.166507,-0.168222,0.177393,0.216463,0.218097,0.122338,-0.005185,0.221509,0.239867,-0.004988,0.013205,-0.02499,-0.002688,-0.095608,0.016571,-0.017311,0.314086,0.311607,0.078658,-0.168786,0.332669,0.173433,0.037168,0.126207,0.271473,0.126183,0.162202,-0.054694,-0.239824,0.03487,0.233257,-0.174772,-0.079232,0.096095,0.105102,0.151864,0.303712,0.19785,0.11362,-0.259354,0.204865,0.009452,0.292956,0.2349,-0.165154,0.248051,0.220861,0.077418,-0.293502,-0.0188,0.030698,0.031684,0.159842,0.173743,0.163644,0.135778,0.254231,-0.234572,-0.21493,0.228885,0.039232,0.251261,0.203172,0.122406,-0.092124,-0.26406,-0.287317,-0.099458,-0.203116,0.240494,0.000224,-0.18944,-0.318056,0.09908,0.143622,-0.133335,0.126502,0.03296,-0.07822,-0.27905,0.060649,-0.263194,-0.27594,0.121265,-0.047141,-0.179442,-0.088726,-0.218636,-0.075698,0.13245,-0.258776,0.057217,-0.018937,-0.250559,-0.217894,-0.131041,-0.100294,-0.251188,0.01241,-0.131542,0.000306,#
4,0.450766,0.37507,-0.081066,-0.106728,1.0,0.058838,0.216153,-0.044709,0.263936,0.19885,-0.251583,0.198799,0.35239,0.304509,-0.016692,0.004521,0.029843,0.04905,-0.027719,-0.069108,0.12464,-0.027931,0.379262,-0.288122,-0.310405,-0.352119,0.044965,-0.108222,0.269158,0.11764,-0.369451,0.078661,-0.110672,-0.170058,-0.197837,0.207868,0.267475,-0.395136,-0.087678,-0.244952,0.219153,0.038484,0.015786,0.016014,0.010413,-0.087125,0.306036,0.442012,0.262137,0.034319,-0.025749,-0.582395,0.190561,-0.196623,0.006233,-0.243949,-0.223228,0.097361,0.028978,0.083956,0.141921,0.159185,-0.128053,-0.232457,-0.070607,0.397877,0.117512,0.304657,0.345719,0.067879,-0.064471,-0.623949,0.071202,-0.580107,-0.316034,0.332697,-0.375752,-0.432315,-0.387036,-0.305822,-0.295213,-0.625007,-0.262413,-0.069978,-0.329255,-0.273885,-0.547082,-0.288831,-0.059784,-0.25016,-0.329875,-0.370686,-0.189305,-0.286827,-0.345876,-0.330958,-0.533687,-0.470397,-0.264076,-0.326596,0.053818,-0.316966,-0.310444,-0.19997,-0.30552,-0.467029,-0.117908,-0.381693,-0.141581,-0.329685,0.194132,0.066696,-0.315493,-0.52372,-0.209099,-0.048306,-0.343031,-0.435061,0.064576,-0.360152,-0.045514,-0.168542,-0.372223,-0.411516,-0.068083,0.085373,-0.453912,0.286218,-0.128391,-0.329596,-0.225146,-0.050795,-0.399008,0.175845,-0.382766,-0.359669,-0.120699,-0.422862,0.168448,-0.371797,-0.25388,-0.139306,-0.084426,-0.151213,-0.415999,-0.205235,-0.115415,0.575216,-0.515581,-0.219646,-0.596106,-0.259071,-0.047299,-0.454065,-0.188876,-0.136781,0.178531,0.555011,-0.351996,-0.339306,-0.118391,-0.092364,-0.30595,0.043683,-0.116777,0.268849,-0.071091,-0.27845,-0.288796,-0.034155,-0.050361,0.293552,-0.338655,-0.466632,-0.006903,-0.128432,-0.197038,0.240446,0.33047,-0.477603,0.31414,-0.095837,0.00328,0.141851,0.349135,-0.351448,0.278079,-0.203871,-0.280249,0.363389,-0.327071,0.238575,0.428882,0.413837,-0.010516,0.157915,0.379446,-0.399714,-0.320135,0.108792,#
5,-0.024862,0.012417,-0.178753,-0.233037,0.058838,1.0,0.261419,0.375855,0.062989,-0.16042,-0.052991,0.195489,-0.227107,0.310183,0.047397,-0.019082,0.061893,-0.020034,0.01159,-0.133842,0.230447,0.257757,0.021458,-0.445709,0.163182,-0.071948,0.037389,-0.078564,-0.156172,0.120173,-0.014587,0.155252,0.124144,-0.187433,-0.30498,0.244469,-0.078282,-0.066261,0.104447,-0.04518,0.029967,-0.118821,0.173548,0.040146,-0.186508,0.111799,-0.029131,0.097743,-0.004767,-0.014705,0.241676,0.003683,0.212957,-0.128796,0.134276,0.161778,0.10719,0.213808,-0.019629,0.189949,0.128579,0.024822,-0.073708,0.269286,-0.090172,-0.03856,-0.138824,0.285435,0.161099,-0.116972,-0.076533,-0.161799,-0.064997,-0.187666,0.040745,0.030964,-0.052454,0.001747,-0.215707,-0.086825,-0.052736,-0.233332,0.131342,-0.118,-0.034898,0.201869,-0.077096,-0.035654,-0.002807,-0.063112,0.099801,0.012932,0.12433,-0.328171,-0.098199,-0.191184,-0.122959,-0.151777,0.011836,-0.234674,0.100858,-0.15341,0.066212,-0.334858,-0.088166,-0.200861,-0.114617,-0.446718,-0.072325,-0.285247,-0.185601,-0.053778,-0.070375,-0.31393,0.106514,-0.122315,-0.036872,-0.221,0.068077,-0.025824,-0.055641,0.015397,-0.023461,-0.158033,0.035115,0.03705,0.076355,0.072041,0.022516,-0.194011,0.060164,-0.04712,-0.060834,-0.1091,-0.027222,-0.049616,0.102366,-0.107589,-0.055818,-0.114684,-0.221898,-0.176628,-0.202225,-0.14557,-0.042431,-0.039159,0.117036,0.066349,0.04094,-0.212364,-0.059451,0.053681,-0.00786,-0.006106,-0.030935,-0.234041,0.214101,0.092863,-0.109481,0.071626,-0.042214,-0.103949,0.000302,0.019332,0.086666,0.329544,0.123611,0.154458,0.060235,0.032855,0.095335,0.075984,-0.032328,0.118367,0.167533,-0.115093,-0.1178,0.200816,0.170256,-0.153518,0.089012,-0.028201,-0.022317,0.263874,0.316316,-0.222972,0.136535,-0.065876,0.006072,0.188687,0.059763,0.100621,0.175366,0.018553,0.247655,0.214695,0.124056,-0.151487,0.032005,0.189064,#
6,0.183058,-0.030251,-0.072137,-0.242934,0.216153,0.261419,1.0,0.114778,0.369665,-0.003172,0.224932,0.183706,0.08865,0.088617,0.046947,0.190826,-0.076239,-0.031089,0.234411,-0.075858,0.132156,0.206725,0.145763,-0.30304,-0.154674,-0.157914,0.077163,-0.199572,0.265531,-0.031112,-0.293542,0.0443,0.254976,-0.405666,-0.051435,0.179398,0.061571,-0.099004,-0.28568,-0.13035,0.049226,-0.029484,-0.122331,-0.155268,-0.009558,-0.065194,0.053076,0.210329,0.180365,0.241879,0.058025,-0.223972,0.068787,-0.003997,-0.032572,-0.17575,0.173008,-0.014945,0.100732,0.151326,0.139875,0.106505,-0.244025,0.127694,-0.13549,-0.036999,0.064274,0.182338,0.205586,-0.074416,0.011909,-0.320666,-0.069645,-0.201048,-0.225539,0.185839,-0.130268,-0.269165,-0.539793,-0.281871,-0.229572,-0.275959,-0.162757,-0.259651,-0.203621,0.044615,-0.186727,-0.291513,-0.167177,-0.149252,-0.18392,-0.23379,-0.019481,-0.301013,-0.285578,-0.013185,-0.288077,-0.465083,-0.411041,-0.200093,0.081573,-0.395049,-0.263311,-0.311891,0.064772,-0.083984,-0.088599,-0.333908,-0.330803,-0.085023,-0.033884,-0.072055,-0.061942,-0.224572,-0.06542,-0.366567,-0.362738,-0.145769,-0.05885,-0.273538,-0.125497,-0.137069,-0.159326,-0.34678,-0.337563,0.03131,-0.322607,0.112899,-0.033559,-0.506358,-0.141682,-0.191161,-0.189146,0.061391,-0.207189,-0.19356,0.084646,-0.2781,-0.022875,-0.247604,-0.102218,-0.228796,-0.27256,-0.106771,-0.206,-0.094194,-0.284325,0.3169,-0.072305,-0.212905,-0.17425,-0.268356,-0.252144,-0.140507,-0.073919,-0.312396,0.045193,0.424411,-0.221228,-0.335756,-0.017128,-0.254693,-0.157262,0.011835,-0.100108,0.383556,-0.038161,0.20337,-0.061606,-0.202437,0.146891,0.219275,-0.087714,-0.204426,0.163522,-0.265466,-0.183458,0.369562,0.318095,-0.214848,0.354827,0.18691,0.179551,0.350964,0.291331,-0.070629,-0.022029,-0.036251,0.039101,0.214844,-0.131957,0.266205,0.30785,0.210984,-0.059663,0.213748,0.359173,-0.365274,-0.089463,0.185123,#
7,-0.131384,-0.217502,-0.088407,-0.054616,-0.044709,0.375855,0.114778,1.0,-0.052311,-0.336321,-0.180276,-0.204556,-0.151399,0.231676,0.328852,-0.132982,0.065697,-0.138612,0.16439,0.012423,0.022214,0.223641,-0.1463,-0.2713,0.079681,0.042502,0.201775,-0.001989,-0.175674,-0.132459,0.107821,0.310749,0.269477,-0.168311,-0.08081,0.016158,0.074231,0.18725,0.109793,-0.284192,-0.071898,0.196193,0.21695,0.047528,-0.089192,0.10528,0.07625,-0.237475,-0.087904,-0.140974,-0.146448,0.054988,-0.074276,-0.386067,-0.020039,0.199263,0.080297,0.03762,-0.155144,0.14484,-0.124439,0.060896,-0.257885,0.22646,0.095783,0.130789,0.044331,0.173715,-0.084023,-0.200957,-0.100626,-0.049956,0.088725,-0.049417,0.121774,-0.283218,0.214647,0.006941,-0.153388,0.017864,0.104829,-0.15309,0.28748,-0.223923,0.151688,0.250882,0.05072,0.033484,-0.076108,0.093815,0.136468,0.02184,0.120338,-0.10075,0.17154,0.22418,-0.213782,0.058981,0.016411,-0.130043,-0.043259,-0.187968,0.168592,-0.103349,-0.044301,-0.134337,0.088141,-0.256479,0.119198,-0.300517,-0.182164,0.24692,0.188855,0.072626,-0.071967,0.108135,0.150323,0.038374,-0.056787,0.162045,-0.029206,0.157178,-0.119475,-0.05304,0.010894,0.19129,0.006404,-0.054861,0.106388,-0.038635,0.182988,-0.041137,-0.093126,-0.207113,0.016751,-0.003395,0.106196,0.111743,-0.157595,-0.001063,0.016486,-0.235188,-0.220726,0.078648,-0.037814,-0.197127,0.16159,-0.133496,0.131925,0.066634,0.15689,0.199022,0.37267,0.16667,0.141478,-0.123747,0.185437,-0.092617,-0.285997,0.135398,-0.020993,-0.013036,0.072599,0.028868,-0.063044,0.038342,-0.030743,0.097859,-0.174085,0.258089,-0.114825,0.093583,0.107166,0.161864,-0.063181,0.062807,0.025342,-0.020207,-0.073161,0.008597,-0.057473,-0.088985,0.034533,0.021306,-0.031569,-0.101589,0.046594,0.245642,0.008875,-0.193635,-0.13279,0.131619,-0.038245,-0.190517,-0.020127,0.060184,-0.190327,-0.100545,0.120727,-0.023304,#
8,0.43094,0.047066,0.183051,-0.339765,0.263936,0.062989,0.369665,-0.052311,1.0,-0.138324,0.133665,0.314414,0.132725,0.091167,0.01023,-0.123779,0.031161,0.249355,0.257429,0.046853,-0.218753,-0.15559,0.185063,-0.184247,-0.049619,-0.297007,0.144544,0.031253,0.212085,-0.124316,-0.138727,0.114321,-0.084355,-0.185314,-0.197252,0.029437,0.427384,-0.133314,-0.087769,-0.129401,-0.038767,-0.100902,-0.325492,-0.033553,0.092472,-0.193178,0.358503,0.327595,-0.030618,0.353549,0.174949,-0.145531,0.069116,0.195129,-0.01935,0.130581,-0.053739,0.040026,0.065642,0.076207,-0.17668,0.081407,-0.132247,-0.092795,-0.100607,0.148944,0.340281,0.081714,0.196334,0.213295,0.143324,-0.215654,-0.20507,-0.169503,-0.082662,0.024363,-0.002844,-0.348713,-0.186365,-0.080361,-0.110936,-0.189529,-0.069,0.144283,-0.017034,0.144508,-0.270505,-0.140047,-0.070973,-0.315326,0.170713,-0.13719,-0.071936,0.096216,-0.161919,0.12988,-0.019629,-0.283241,-0.093548,-0.086613,-0.22452,-0.415953,-0.304127,-0.088311,0.077647,0.096135,-0.032386,0.135913,-0.137323,0.061673,0.155458,-0.089967,0.22073,-0.133072,0.200078,-0.556801,-0.198276,-0.132674,0.254188,-0.310477,-0.080235,-0.003094,-0.13571,-0.492622,-0.25176,0.048143,-0.08796,0.225326,-0.056276,-0.246826,0.275551,0.186344,-0.086329,-0.137519,0.08059,-0.16174,0.124635,0.073668,0.20207,-0.038436,0.21245,-0.000217,-0.304475,-0.091842,-0.143137,-0.207354,-0.011292,0.407934,-0.048215,-0.050375,-0.017343,-0.065864,0.062628,-0.093574,-0.044755,-0.25596,0.080492,0.25827,0.035504,-0.137861,0.037281,-0.103927,-0.063596,0.286303,0.2008,0.044317,-0.078018,0.059977,-0.021359,-0.103452,-0.128574,0.233859,0.170206,-0.139637,-0.201584,-0.118198,0.036155,0.317892,0.219424,-0.239938,0.224156,0.180204,-0.192695,-0.10931,0.094092,0.180025,0.053305,0.081399,-0.419686,0.273511,0.198883,-0.125652,0.113838,0.182707,-0.213705,0.046495,0.167982,-0.263075,0.026051,0.1052,#
9,0.028202,0.1853,0.084598,-0.03997,0.19885,-0.16042,-0.003172,-0.336321,-0.138324,1.0,-0.130729,0.246451,0.199347,0.239595,-0.559144,0.046065,-0.317016,0.204558,-0.171021,0.004856,0.137753,-0.095772,0.038464,0.114573,0.01919,0.045015,-0.006486,-0.390363,0.038823,0.29488,-0.004965,-0.308445,-0.09044,0.167343,0.145814,0.310407,-0.066028,-0.299487,-0.322758,-0.010337,0.057178,0.210682,0.12441,0.170102,0.196693,-0.187982,-0.187904,0.283416,-0.030715,0.130618,-0.087672,-0.286248,0.085233,0.037273,-0.182543,-0.470227,-0.095323,-0.035162,0.252624,0.031691,-0.006326,0.182302,0.071131,-0.247595,-0.035444,-0.024275,0.019929,0.035897,0.055848,-0.101987,-0.167911,-0.221052,0.059206,-0.077835,0.025167,0.188803,-0.186965,-0.19143,0.021527,0.100946,-0.137104,-0.115535,-0.247715,-0.146017,0.105608,-0.412769,-0.029113,-0.107837,-0.130069,0.150987,-0.314155,-0.054359,-0.090869,0.053701,-0.164128,0.017485,-0.068011,-0.120067,-0.091592,0.10233,-0.120389,0.08344,0.069705,0.130952,-0.048699,-0.109871,-0.102882,-0.108377,-0.211985,0.011761,0.140304,0.067696,-0.127695,-0.043897,-0.016972,0.017851,-0.083829,-0.160463,0.167227,-0.184794,-0.020274,0.257834,-0.083915,-0.008256,-0.217911,0.04591,-0.197724,-0.148706,-0.014695,0.274612,-0.106481,0.288228,-0.038459,0.687936,-0.196596,0.057415,-0.113898,-0.161751,0.153132,-0.175649,0.097639,0.027702,0.270385,0.079346,0.180704,0.109296,0.153388,0.061813,-0.248551,0.118581,-0.438559,-0.235202,-0.203052,-0.019992,0.164819,0.143136,0.027843,0.302447,0.09079,0.008126,0.098036,0.121621,-0.212381,0.310469,-0.100761,0.112957,-0.054097,-0.054227,0.072593,0.071645,0.120628,-0.180183,-0.14259,-0.25513,0.142878,0.09188,-0.293805,0.014753,0.233285,-0.041237,0.155238,-0.144033,-0.143769,0.130776,-0.051236,-0.071413,0.054017,-0.077474,-0.137112,0.256824,-0.088826,-0.152091,-0.070349,0.09748,0.101553,-0.137968,0.066238,0.041403,0.233147,-0.067483,#
10,-0.152088,-0.219974,-0.023128,-0.028874,-0.251583,-0.052991,0.224932,-0.180276,0.133665,-0.130729,1.0,0.074318,-0.128589,-0.134653,0.082109,0.116019,0.203365,-0.158905,0.176976,0.065037,-0.007995,0.220715,-0.07217,0.103235,-0.104507,0.336769,-0.299305,0.110564,0.188971,0.025463,-0.077634,-0.116723,-0.268843,-0.117968,0.276808,0.019934,-0.1607,0.094256,0.063288,0.165653,-0.262734,-0.167723,-0.205962,-0.233381,0.038297,0.183559,-0.215874,-0.390476,0.15794,-0.020644,0.223863,0.19412,-0.111283,0.374289,-0.052178,0.195637,0.043376,-0.119464,0.027744,-0.035324,0.082807,-0.199868,0.242632,0.071871,0.117576,-0.027141,-0.04882,-0.13289,-0.181156,-0.034413,-0.084179,0.138063,0.077756,0.054195,0.014365,0.215872,-0.05453,0.076854,0.015393,-0.047341,-0.028767,0.140144,-0.220554,0.165808,0.046034,-0.082604,0.074404,-0.12567,-0.081467,0.005249,0.075077,-0.157738,0.068987,-0.082841,-0.122347,0.071358,-0.044195,-0.112979,-0.327047,-0.00972,0.102723,0.079365,-0.333868,-0.084785,0.206756,0.084626,-0.057535,0.06318,-0.234251,0.429859,-0.201439,-0.250228,-0.144829,0.250749,-0.068206,-0.044805,-0.188265,0.073823,-0.050942,0.120315,-0.024492,-0.130268,0.023093,0.069839,0.112296,-0.093655,-0.072817,-0.085183,0.04316,-0.098139,0.130291,-0.210259,-0.018308,-0.19258,0.223302,0.201081,0.098099,-0.117669,-0.124956,0.029302,-0.03448,0.204777,-0.105575,-0.002501,0.03038,0.185936,-0.132544,-0.113497,0.198634,-0.284911,0.193099,0.031791,-0.340646,-0.081083,-0.239171,-0.314897,-0.242705,0.12559,0.197497,-0.001568,0.138972,-0.184329,-0.148312,-0.081868,-0.070547,-0.139379,-0.200233,0.053374,0.279181,-0.184877,0.103831,-0.274664,-0.083177,0.006067,0.079337,-0.33804,-0.285226,0.15813,-0.2071,0.049687,0.063139,0.201338,0.078737,0.273995,0.025567,0.199743,-0.198377,-0.002283,0.320439,0.042367,0.042193,0.275497,0.021493,-0.076166,0.053706,0.119476,0.230931,-0.006978,-0.050099,0.175786,#
11,0.215356,0.065078,0.143229,-0.202897,0.198799,0.195489,0.183706,-0.204556,0.314414,0.246451,0.074318,1.0,0.03942,-0.015029,-0.151909,0.21308,-0.082927,-0.088415,-0.178311,-0.315571,-0.059997,-0.026603,-0.04377,0.062485,0.163569,-0.093041,-0.055004,-0.36639,0.24995,0.199624,-0.288542,0.027236,-0.330094,0.076752,-0.178633,0.410629,-0.147235,-0.220843,-0.090322,0.081858,0.068016,-0.107179,-0.066326,0.031191,-0.019991,0.020979,-0.067846,0.156654,0.136665,0.026251,0.037735,-0.200458,0.002578,0.100632,0.155474,-0.068631,-0.337723,-0.094538,0.050594,0.047126,-0.179896,0.158595,-0.000968,-0.021546,0.03109,-0.166368,-0.023358,-0.037993,0.154726,-0.087003,-0.051915,-0.247596,-0.117802,-0.163557,-0.240928,0.269941,-0.268585,-0.021356,-0.22438,-0.376222,-0.184908,-0.209717,-0.079449,0.115592,-0.05618,-0.158673,-0.211458,-0.342002,-0.074101,-0.141142,-0.057918,-0.137886,0.056046,-0.20553,-0.355113,0.025279,-0.154283,-0.295497,-0.228165,-0.086326,-0.029257,-0.087186,-0.124549,-0.131929,-0.025478,-0.094288,-0.107575,-0.190297,-0.307251,-0.030738,-0.180615,0.014412,-0.23783,-0.127038,0.004223,-0.205804,-0.182096,-0.265435,-0.132016,-0.055585,-0.10909,-0.0806,-0.199338,-0.195585,0.092797,-0.10291,-0.126164,-0.118862,-0.070072,-0.212944,-0.041721,-0.105222,-0.124023,0.171713,-0.162451,0.009708,0.045517,-0.189809,0.195091,-0.283841,0.084284,0.094564,-0.183473,-0.107542,-0.16187,-0.129284,-0.174401,0.071371,-0.188461,-0.438249,-0.244422,-0.034088,-0.132196,-0.202916,-0.192796,-0.412619,0.154837,0.072167,0.004249,-0.05008,0.126956,-0.161921,-0.052133,-0.096188,-0.161259,0.041416,0.046566,0.056179,0.296062,-0.224292,-0.024947,0.06815,-0.097837,-0.277571,0.214269,-0.316841,-0.296299,0.088779,0.096003,-0.181327,0.270593,0.091676,0.148708,0.199398,0.203418,-0.195415,0.042283,-0.101295,0.001674,0.405242,0.067975,0.227498,0.246761,0.005387,0.025843,0.170439,0.316009,-0.143253,0.054524,0.00891,#
12,0.184047,0.041291,-0.188167,-0.093643,0.35239,-0.227107,0.08865,-0.151399,0.132725,0.199347,-0.128589,0.03942,1.0,0.214659,0.074436,0.157042,-0.091607,0.154245,-0.012001,-0.001297,-0.023149,0.086524,0.207855,-0.005685,-0.263269,-0.051345,0.175432,-0.010286,0.22782,-0.068124,-0.216325,0.079616,0.0497,0.044087,-0.01298,0.080015,0.335793,-0.248196,-0.131516,0.041791,0.118797,0.222659,0.007619,0.076725,0.232579,-0.019094,0.208835,0.197026,0.054412,0.022347,-0.114303,-0.326353,0.081581,-0.129375,0.004023,-0.369596,-0.332585,0.344803,0.219804,-0.203062,-0.044866,-0.054451,-0.331572,0.022337,0.118219,0.267496,0.09867,-0.013884,0.336926,-0.166402,-0.072315,-0.381309,-0.042267,-0.156868,-0.066566,0.145833,-0.139642,-0.205871,-0.24057,-0.240201,-0.180774,-0.269627,-0.169513,-0.218427,-0.075417,-0.250039,-0.10519,-0.189483,-0.282018,-0.119607,-0.27461,-0.369432,-0.219096,-0.117368,-0.132322,-0.185903,-0.164682,-0.200285,-0.155411,-0.414329,0.194761,-0.15237,-0.244349,-0.361442,-0.143768,0.029574,-0.244806,-0.138104,-0.210319,-0.08959,0.140335,-0.058133,-0.087166,-0.190379,-0.2748,-0.08913,-0.328847,-0.111388,0.023653,-0.375201,0.021075,-0.315722,-0.146001,-0.214673,-0.287642,0.06475,-0.388769,0.107614,-0.345526,-0.268763,-0.211048,-0.02532,-0.009756,0.065427,-0.263494,-0.200698,-0.05591,-0.062817,0.181339,-0.321197,-0.332626,-0.101263,-0.193142,0.053107,-0.296579,-0.099613,-0.121182,0.301259,-0.480871,-0.038013,-0.063294,-0.188217,-0.14444,-0.134056,-0.147621,-0.082792,0.258913,0.235695,-0.389132,-0.249385,-0.118406,-0.101225,-0.282852,-0.026668,0.04222,0.171144,-0.182228,0.014514,-0.351503,-0.031512,0.153785,0.151433,-0.124605,-0.282704,0.101351,0.039521,-0.097674,0.192661,0.288673,-0.310265,0.204069,0.228002,-0.007985,0.107512,0.157747,-0.11836,0.117125,-0.081643,-0.222255,0.205268,-0.309076,0.116414,0.259034,0.341722,0.08724,0.008361,0.234003,-0.114441,-0.133614,0.1528,#
13,0.111925,0.125345,0.067138,-0.183214,0.304509,0.310183,0.088617,0.231676,0.091167,0.239595,-0.134653,-0.015029,0.214659,1.0,-0.051734,-0.110561,-0.143899,0.129354,0.07094,-0.055348,-0.012143,-0.000615,0.093848,-0.228534,-0.124942,-0.043691,0.229302,-0.055366,0.052418,-0.041812,-0.027647,0.22414,-0.073809,-0.281738,-0.237027,0.232067,0.232963,-0.164698,-0.130328,-0.2998,0.029746,0.357008,0.158313,0.177599,0.006637,-0.271462,0.285749,0.312721,-0.071036,0.047928,-0.042607,-0.137518,0.03841,-0.13339,-0.338537,-0.186226,0.148924,0.174311,-0.007164,0.060695,0.041383,0.232689,-0.208528,-0.005919,0.099823,0.294727,0.200371,0.328467,0.277259,-0.007169,-0.141342,-0.229178,0.207812,-0.192988,-0.021571,0.207753,-0.051892,-0.349552,-0.187694,0.034164,-0.01839,-0.369512,-0.073258,-0.072124,-0.017473,-0.051323,-0.204875,-0.240495,-0.266722,-0.197097,-0.13591,-0.095754,-0.044535,-0.036427,-0.153465,-0.085457,-0.166102,-0.039601,-0.054356,-0.257061,0.066809,-0.169058,-0.057597,-0.209376,-0.177218,-0.208731,0.053619,-0.322648,-0.01713,-0.244102,0.150288,0.040297,-0.079397,0.021789,0.009991,-0.04499,-0.291142,-0.228504,0.240072,-0.233488,-0.031732,-0.023987,-0.111365,-0.215382,0.065959,-0.086423,-0.309153,0.00474,-0.155569,-0.065597,-0.120909,0.276559,-0.298931,0.065878,0.006753,-0.287968,0.044929,0.119903,0.224227,-0.112774,-0.073358,-0.226145,-0.159267,-0.20429,-0.140332,-0.145432,0.082937,0.31898,-0.353396,0.264945,-0.246557,0.105569,-0.109507,-0.004728,0.169207,-0.045453,0.291404,0.399384,-0.244989,-0.075676,-0.159939,-0.146847,0.006726,0.2645,0.091775,0.289135,0.016463,0.100308,-0.175305,0.070315,0.04732,0.188815,-0.229395,-0.106291,-0.056937,-0.035103,-0.099861,0.120911,0.269837,-0.206088,0.109066,0.055951,-0.294776,-0.07355,0.211046,-0.113218,0.193367,0.077461,-0.178539,0.193113,-0.056274,-0.11885,0.258559,0.27704,0.087084,-0.09092,-0.002207,-0.233,0.194232,0.169605,#
14,0.10072,0.018099,-0.064234,-0.028771,-0.016692,0.047397,0.046947,0.328852,0.01023,-0.559144,0.082109,-0.151909,0.074436,-0.051734,1.0,0.100972,0.101339,-0.263839,0.033916,-0.114198,-0.098517,0.289413,0.060934,-0.023327,-0.185369,0.045973,-0.003088,0.010315,0.152467,-0.139589,-0.324824,0.343901,-0.055427,-0.006333,-0.081833,-0.227358,0.082193,0.14756,0.356119,-0.015134,-0.117592,-0.02739,0.041994,-0.049928,-0.097703,0.36033,0.376025,-0.333105,0.112296,-0.001561,-0.051673,0.181831,-0.091896,-0.28572,0.009218,0.2103,-0.029661,0.203975,-0.409713,0.080466,0.224008,-0.185451,-0.05384,0.324616,0.208949,0.274888,-0.274543,-0.054012,0.065405,-0.135448,0.121791,0.049445,0.009428,-0.038772,-0.114848,-0.180066,-0.017897,0.292173,-0.147299,-0.194742,-0.019211,-0.130704,-0.003413,-0.042183,-0.122445,0.060063,-0.136932,-0.209394,-0.138612,-0.130989,0.027719,-0.056571,0.218424,-0.113677,-0.057999,0.011198,-0.277389,-0.134477,-0.233617,-0.054275,0.066454,-0.012195,-0.097516,-0.199181,-0.121477,0.114531,-0.133864,-0.04376,0.19914,-0.166355,-0.302413,-0.171946,-0.087803,0.176831,-0.32176,0.060746,-0.205937,0.151811,-0.254233,-0.020572,-0.113641,-0.226138,-0.035556,0.053635,0.101583,-0.072132,0.143546,0.046447,-0.111291,-0.272311,0.128866,-0.397477,-0.267895,-0.529759,-0.186364,-0.087271,0.024223,-0.086993,0.064203,-0.128367,-0.16867,-0.387744,-0.277128,-0.158744,-0.264314,-0.008924,-0.117607,-0.107558,-0.158988,-0.232928,0.132576,0.056865,0.037082,-0.058145,-0.16768,-0.228316,0.05733,0.01101,-0.332899,-0.144313,-0.295669,-0.101931,0.009952,-0.417045,-0.09975,0.087492,-0.051777,0.009813,-0.1306,-0.209727,-0.040599,0.226477,-0.239343,0.073945,0.119827,-0.003171,0.150217,0.071765,-0.118115,-0.165548,-0.042104,0.350962,0.197456,0.039698,0.135918,-0.100621,0.131701,0.238934,0.276118,-0.083195,-0.275152,0.31871,0.027371,0.087608,-0.078052,-0.166575,0.072997,-0.193539,0.012332,0.160877,#
15,-0.006711,-0.092902,-0.209326,-0.036993,0.004521,-0.019082,0.190826,-0.132982,-0.123779,0.046065,0.116019,0.21308,0.157042,-0.110561,0.100972,1.0,-0.000285,-0.400297,-0.024854,-0.290181,0.06071,0.123247,-0.06906,-0.075756,-0.298254,0.043655,-0.260107,-0.063474,0.073266,-0.002393,-0.228058,-0.017128,0.019527,-0.008921,0.03416,0.023253,-0.085463,0.001483,-0.040561,0.26759,-0.102543,-0.02915,0.106526,-0.100917,0.071623,0.219248,-0.026535,-0.142963,0.140946,-0.046119,0.161374,-0.080823,0.129032,0.040097,-0.141632,-0.024621,-0.026429,0.039839,0.016676,0.07492,0.026972,0.084604,0.085298,0.304447,0.00472,-0.107477,-0.302705,0.149416,-0.026742,-0.324673,0.050435,-0.007522,0.019383,-0.127397,-0.150925,0.169349,-0.217762,0.141983,-0.199228,-0.24229,-0.069986,-0.061167,-0.183041,-0.148406,-0.039561,-0.182742,-0.068597,-0.167376,0.004053,-0.028495,0.014519,-0.089506,0.290576,-0.377529,-0.173206,-0.098428,-0.218274,-0.247525,-0.229797,-0.051401,0.214762,0.105876,-0.180948,-0.031862,0.049614,-0.014737,-0.438231,-0.033857,-0.261526,-0.035291,-0.452134,-0.334065,-0.257421,0.024515,-0.182927,-0.037049,-0.043669,-0.136005,-0.43024,0.045521,-0.077843,-0.206862,0.11569,0.278589,0.011307,-0.096167,-0.12791,-0.171021,-0.21778,-0.124964,-0.162781,-0.236845,-0.072637,0.188199,-0.112626,-0.123568,0.185798,-0.327805,-0.083139,-0.066408,-0.166562,-0.07035,-0.042682,-0.095481,-0.329533,0.285085,-0.374527,-0.136544,-0.189016,-0.407331,-0.139498,-0.134518,-0.3819,-0.18083,-0.398811,-0.122447,-0.071493,-0.075139,-0.200974,-0.056949,-0.293815,-0.334355,-0.065174,-0.3571,-0.161164,0.065047,-0.19065,0.136352,0.030372,-0.243273,0.090208,-0.046154,-0.170761,-0.046776,0.15044,-0.29128,-0.257107,-0.036084,-0.294388,-0.124025,0.083159,0.01316,0.529213,0.379945,0.176634,-0.055722,-0.006213,-0.192241,0.565785,-0.056937,-0.303377,0.41428,0.296584,0.099861,0.163918,0.118265,0.372769,-0.002106,-0.202836,0.106453,#
16,0.065483,-0.024968,-0.146405,-0.018371,0.029843,0.061893,-0.076239,0.065697,0.031161,-0.317016,0.203365,-0.082927,-0.091607,-0.143899,0.101339,-0.000285,1.0,-0.072168,0.046376,-0.172238,-0.059381,0.068696,0.144993,0.062751,0.091969,-0.090635,-0.254803,0.124616,-0.011333,-0.045975,-0.083145,0.149443,0.007464,-0.171652,0.006764,-0.237175,-0.134734,0.046453,0.102914,0.014853,-0.093723,-0.159914,-0.052851,-0.148395,0.06105,0.212037,0.098094,-0.184187,-0.048683,0.065428,0.155476,0.007774,0.046846,0.073925,0.161869,0.247373,-0.119499,0.069667,-0.173345,0.065648,0.074267,-0.287592,0.046337,0.236098,-0.020682,-0.014085,-0.032745,-0.103717,-0.035971,0.106546,-0.076919,0.018127,0.016077,-0.248966,-0.274779,0.115754,-0.076948,-0.025113,-0.036698,-0.026156,0.000335,-0.088044,0.096256,0.150828,-0.119731,0.009183,0.001087,-0.02575,-0.028935,-0.127604,0.303914,-0.031986,-0.028764,-0.096718,-0.098451,-0.145218,0.030107,-0.090636,0.017839,-0.207012,0.247366,0.07059,-0.267793,-0.094228,0.040131,-0.224694,0.185245,-0.170465,-0.027126,0.204456,-0.231448,0.006925,0.010581,-0.057124,-0.070668,-0.006441,0.094671,-0.18667,0.180277,0.166632,-0.027579,0.035626,-0.362591,-0.114983,0.119345,-0.238697,-0.074141,0.21085,-0.230517,-0.006244,0.043636,-0.233588,0.10456,-0.154805,0.06493,0.001838,-0.173065,-0.388918,-0.300187,-0.097696,-0.164564,0.111746,-0.015216,0.147422,-0.247464,-0.048751,-0.025829,0.089902,-0.034104,-0.141618,0.123901,0.061329,-0.031677,-0.223231,-0.308699,-0.124622,-0.145371,0.137508,-0.120626,-0.050932,-0.056356,0.126906,-0.046808,-0.167133,0.104019,0.069938,-0.11023,-0.160736,-0.103063,0.150313,0.289068,0.042101,-0.030931,0.018815,-0.126929,-0.267234,-0.125233,-0.079433,-0.196251,-0.127236,-0.019906,-0.3227,0.240687,0.15109,0.036108,-0.158586,-0.033846,-0.071423,0.13092,-0.103152,-0.051219,0.206112,0.10588,0.081636,0.149592,0.213121,0.120728,0.116304,-0.22852,0.040075,#
17,-0.014842,0.052437,0.197913,0.00256,0.04905,-0.020034,-0.031089,-0.138612,0.249355,0.204558,-0.158905,-0.088415,0.154245,0.129354,-0.263839,-0.400297,-0.072168,1.0,0.144458,0.228073,0.123632,-0.099941,0.250989,0.063103,0.1597,-0.17919,0.208322,0.020873,-0.089618,0.003647,0.333799,-0.049146,0.120485,0.097586,-0.068744,0.007783,0.215675,-0.201562,-0.039659,-0.239954,0.073483,0.196854,-0.001609,-0.120877,0.204149,-0.28266,0.164657,0.424295,-0.088685,-0.071057,0.044716,-0.051794,-0.111351,0.013012,-0.180106,-0.136286,-0.054177,-0.035365,0.122754,-0.140433,-0.073591,-0.02859,-0.036521,-0.344314,-0.104485,0.075202,0.171851,-0.10397,0.152434,0.336146,0.005714,-0.118863,-0.333017,0.16099,0.124978,-0.145213,0.129152,-0.268548,0.090644,0.203377,-0.110963,0.129875,-0.114173,0.088606,0.217567,0.127108,-0.160943,0.257028,-0.063834,0.070762,-0.12532,-0.067041,-0.392708,0.306867,0.20757,-0.050375,0.134695,0.115079,0.174707,0.084826,-0.18393,-0.176727,-0.008896,0.136565,0.053428,0.174844,0.121952,0.256553,0.082009,-0.051451,0.335781,0.146282,0.220145,-0.125993,0.155075,-0.065412,0.043003,-0.027815,0.507329,-0.201133,-0.041588,0.195496,-0.053709,-0.252682,-0.255274,0.354201,-0.043365,0.216362,-0.104069,0.104622,0.088809,0.353961,0.121931,0.153341,0.045704,0.048279,-0.031892,0.257222,0.238934,-0.057687,0.103995,0.078594,0.088833,-0.049155,0.137587,-0.125714,0.336035,0.286852,-0.108484,0.432107,-0.033221,0.074992,0.160335,0.004544,0.242373,0.231855,0.193007,0.133344,0.052535,0.277848,0.248665,0.356231,-0.008305,0.595143,0.237602,-0.036223,0.090561,-0.07702,-0.268202,0.285446,-0.023716,0.077565,0.070086,-0.166829,-0.238935,0.326874,0.252479,0.203023,0.403659,-0.116931,0.151203,-0.072608,-0.601588,-0.245166,-0.096508,0.085345,0.039921,0.158651,-0.465942,0.11176,0.076788,-0.420611,-0.138999,-0.046097,-0.090573,0.044419,-0.077453,0.019654,0.135612,-0.278194,#
18,0.070812,-0.119563,-0.016051,-0.159093,-0.027719,0.01159,0.234411,0.16439,0.257429,-0.171021,0.176976,-0.178311,-0.012001,0.07094,0.033916,-0.024854,0.046376,0.144458,1.0,-0.064267,-0.047906,0.272827,0.009023,-0.132776,-0.446277,-0.025012,-0.08131,0.39882,0.022932,-0.255196,0.126363,0.20799,0.066322,-0.138269,-0.014873,0.138787,0.17942,0.369705,0.080023,-0.123598,0.217804,-0.058218,-0.123471,-0.075935,-0.094293,-0.179679,0.181951,-0.041164,-0.166998,0.010445,-0.183023,0.190506,0.065972,0.05205,-0.153464,-0.085592,-0.048353,0.025412,-0.041189,-0.174032,-0.012752,-0.131408,0.103269,-0.073739,0.132916,0.075635,0.321987,-0.105663,0.019659,-0.103428,-0.034228,-0.146902,-0.184269,0.068412,0.013324,-0.122115,0.217641,-0.472131,-0.064557,0.029732,-0.091375,0.104146,-0.169977,-0.192468,-0.015715,0.065334,0.01117,0.009649,0.002368,0.178094,0.176244,0.080607,-0.134293,0.127486,0.170862,0.024057,0.068551,0.090409,-0.016918,-0.20073,-0.023729,-0.063404,-0.076867,0.142099,-0.036997,0.077824,-0.06456,-0.050214,0.280137,0.025511,0.012041,-0.012833,0.148617,0.10146,0.039221,-0.196862,0.109382,0.204245,0.208701,-0.112757,-0.011741,-0.025536,0.139851,0.073924,-0.056953,0.101606,-0.054867,0.124551,0.092334,0.128348,0.227766,0.227863,0.039404,-0.14658,0.228562,-0.044209,0.133669,0.018328,-0.083686,-0.07342,0.098118,0.121694,-0.102693,0.059463,0.087925,-0.011378,0.065532,0.090334,0.066061,0.149285,0.221154,0.034733,0.170217,-0.156051,0.064301,-0.088687,0.103873,0.03127,-0.031619,0.033659,-0.029993,0.007392,-0.12789,0.045514,0.484979,0.00635,0.168234,-0.028927,-0.259776,0.359455,-0.252262,0.282686,0.181437,-0.016569,-0.076738,0.131571,0.054114,-0.02559,-0.045683,0.148713,0.042256,0.175585,-0.120914,0.034765,-0.053571,0.127916,0.28071,-0.043625,-0.018786,-0.265527,0.085315,-0.064435,-0.011031,0.013485,0.064577,0.211557,0.053139,0.027482,0.026461,-0.108598,#
19,-0.116007,-0.124511,0.092188,0.11537,-0.069108,-0.133842,-0.075858,0.012423,0.046853,0.004856,0.065037,-0.315571,-0.001297,-0.055348,-0.114198,-0.290181,-0.172238,0.228073,-0.064267,1.0,-0.062183,0.142683,0.037616,0.113305,-0.018382,0.097814,0.156278,0.168449,-0.091031,0.028299,0.244628,-0.042479,0.096701,0.099631,0.179144,-0.222431,0.087067,-0.079384,-0.018393,-0.019331,-0.102353,0.141807,-0.125171,-0.022284,0.037281,-0.118813,-0.042575,0.041144,-0.1197,-0.054169,0.054737,0.096401,-0.05045,-0.030773,-0.215565,0.076176,0.080584,-0.049774,0.018178,-0.283349,0.033884,-0.081696,0.123334,-0.136083,-0.024432,0.031564,0.326623,-0.040328,0.054887,0.251729,-0.002744,0.097548,0.018936,0.264994,0.166062,-0.209641,0.170848,0.03265,0.165179,0.143448,0.146688,0.138874,0.148407,0.053735,0.204098,0.225898,-0.064272,0.12679,0.126873,-0.039852,-0.022362,0.05473,-0.095945,0.259498,0.120953,0.122644,0.144662,0.047209,0.162863,0.069789,-0.290923,-0.14127,-0.009207,0.24966,0.189156,0.227851,0.069853,0.294818,0.129931,0.196876,0.517959,-0.172182,0.181488,-0.06653,0.241252,0.196074,0.225155,0.0593,0.263248,-0.048946,0.106867,0.191237,0.127999,-0.102858,-0.265373,0.260452,0.127003,0.132245,0.135168,-0.036611,0.103583,0.188526,0.109324,0.034795,0.230199,-0.012629,-0.172116,0.259246,-0.042615,0.234009,0.284477,-0.035559,0.091586,-0.018611,0.156731,0.211218,0.322235,0.063389,0.132498,0.374826,0.072168,0.037691,0.313212,0.333113,0.217522,0.369644,0.009289,-0.178048,0.277641,0.103127,0.044741,0.215455,0.077935,0.428975,0.16859,-0.103465,0.08821,0.088438,0.054749,0.052989,-0.215968,-0.090474,0.130111,0.175402,-0.093525,0.191596,0.367985,-0.027027,0.024846,0.110152,-0.06698,-0.065776,-0.479603,-0.003649,-0.139776,0.316711,-0.129552,0.114055,-0.299546,0.054934,0.08048,-0.290644,-0.246484,-0.190461,-0.134518,-0.142216,-0.209838,0.176846,0.067895,-0.03869,#
20,-0.280218,0.030965,-0.385145,-0.1318,0.12464,0.230447,0.132156,0.022214,-0.218753,0.137753,-0.007995,-0.059997,-0.023149,-0.012143,-0.098517,0.06071,-0.059381,0.123632,-0.047906,-0.062183,1.0,0.047815,0.119374,-0.110097,0.002627,0.145643,-0.033904,0.004208,-0.021751,0.416316,-0.009181,-0.105277,0.257167,-0.062394,0.015437,0.159247,-0.117618,-0.137584,0.079949,0.019684,0.09174,-0.024226,0.21228,0.043786,-0.017945,0.025831,-0.334772,0.072187,0.1994,-0.363004,0.063951,-0.346272,-0.00126,-0.060231,-0.114964,-0.070111,0.142598,-0.148597,0.198509,0.195323,-0.019837,-0.11604,-0.112864,0.014933,-0.173609,0.154137,-0.168941,0.244573,0.136419,0.054425,-0.001521,-0.068071,0.082891,-0.005471,0.057871,0.051675,0.128424,0.076307,-0.240642,-0.014239,-0.120918,-0.043513,-0.202633,-0.137126,-0.037949,-0.154052,-0.066391,0.057215,0.052099,0.276768,-0.392329,-0.110185,-0.173915,-0.185789,-0.061243,-0.084531,-0.164545,-0.151872,-0.145613,0.13747,-0.016995,0.104021,-0.136218,-0.187873,-0.006726,-0.125829,-0.132955,-0.216269,0.046697,-0.301418,0.069151,0.078796,-0.274885,-0.279776,0.027593,0.032984,0.019023,-0.010107,-0.102759,-0.104324,0.064274,-0.025058,0.054215,-0.060676,-0.202001,0.158555,-0.044645,0.100666,0.006925,-0.056522,-0.219576,-0.018695,-0.225497,0.086396,-0.147815,-0.011149,-0.251132,-0.150089,0.08925,-0.017278,-0.150678,-0.005198,-0.090353,-0.133258,-0.162449,-0.115802,0.135418,0.186552,0.066038,-0.056091,-0.218026,-0.066815,-0.105198,-0.199989,-0.201243,-0.126497,-0.021026,0.072305,-0.16876,-0.000657,0.088122,-0.028018,-0.134122,0.110249,-0.245493,0.103126,-0.022475,-0.074922,-0.207856,0.322098,0.043956,-0.181263,-0.25398,-0.110819,0.126379,-0.128469,-0.044387,-0.120923,-0.046208,-0.081682,0.252679,-0.136699,-0.023185,0.251357,0.19297,-0.32552,-0.013203,-0.274926,0.13367,0.007995,-0.085989,0.248233,0.030772,-0.188712,0.055199,0.247943,0.015212,-0.045803,-0.166639,0.034051,#
