0,1.0,0.137507,-0.028556,-0.178377,0.464004,0.026758,0.179068,-0.049572,0.29098,0.017414,-0.111751,0.186865,0.44849,0.032269,0.14576,0.039662,0.197472,-0.037629,0.119067,-0.256563,-0.286561,0.016169,0.152546,-0.209802,-0.070543,-0.22896,-0.299915,-0.0963,0.168889,0.044828,-0.332579,-0.080143,-0.165059,-0.164143,-0.321701,0.066153,0.158742,0.073395,0.15575,-0.04223,0.185896,-0.190387,-0.100644,0.075873,-0.058007,0.039779,0.390743,0.11948,-0.005102,0.281358,0.030094,-0.083221,0.13003,-0.090391,0.051897,0.00791,-0.294189,0.26095,-0.189628,-0.007171,0.175697,0.041314,0.008996,-0.093559,0.11251,0.292622,-0.024123,0.040994,0.251013,-0.166729,0.125332,-0.303423,-0.117889,-0.286264,-0.266117,0.226208,-0.125237,-0.223547,-0.191219,-0.15529,-0.172723,-0.302145,-0.109831,-0.045997,-0.098638,-0.128375,-0.416508,-0.198492,-0.064499,-0.278374,-0.08768,-0.1158,-0.024765,-0.064906,-0.10806,-0.156403,-0.352128,-0.23512,0.046536,-0.294296,0.202338,-0.388912,-0.136759,-0.312518,-0.177476,-0.090451,-0.216215,-0.047271,-0.185625,-0.079191,-0.056533,-0.192457,0.036294,-0.318426,-0.355977,-0.301032,-0.192212,-0.274832,0.088223,-0.48226,-0.17086,-0.294248,-0.301157,-0.228709,-0.232585,-0.09439,-0.297421,0.039108,-0.060655,-0.229197,-0.095182,-0.151315,-0.083548,0.052915,-0.310708,-0.455459,-0.026649,-0.377553,-0.051932,-0.331985,-0.267499,-0.165595,-0.277606,-0.17724,-0.362699,-0.122607,-0.386129,0.206157,-0.349761,-0.241571,-0.293962,-0.309393,-0.053103,-0.137543,-0.385646,-0.114444,0.283066,0.259088,-0.34578,-0.231614,-0.176431,-0.083134,-0.271426,-0.153568,0.050181,0.041723,0.12204,-0.100051,-0.206613,-0.276525,0.019382,0.203531,-0.062953,-0.223364,0.187356,-0.074111,0.111239,0.186708,0.242459,-0.345441,0.06734,0.116591,-0.004922,0.019837,0.2935,-0.111562,0.221286,0.132163,-0.091039,0.361909,-0.262414,0.05848,0.300582,0.294802,-0.098965,0.172435,0.253225,-0.31347,-0.204635,0.091115,#
1,0.137507,1.0,0.050832,0.131577,0.197814,-0.041296,-0.057121,-0.05619,0.05714,0.191789,-0.195353,0.075493,0.033989,-0.022707,0.173221,-0.108202,-0.152111,0.131358,0.055592,-0.055799,-0.040974,0.207049,0.075742,-0.038232,-0.085514,-0.055711,-0.016772,0.055449,0.211947,0.251935,-0.344577,0.153146,0.023621,0.106296,-0.2457,0.127736,0.228384,-0.120732,0.045098,-0.134277,0.197332,-0.090504,0.239664,0.049834,-0.26915,-0.233737,0.274027,0.221327,-0.030265,0.246778,-0.022374,-0.122459,0.005077,0.119689,0.040621,-0.05097,-0.154403,0.008104,-0.166119,7.5e-05,-0.039853,-0.068511,-0.044517,0.062687,0.04353,-0.085236,0.234503,0.140331,0.173881,0.073683,-0.072864,-0.186706,0.036273,0.034947,-0.107021,0.065469,-0.132754,-0.137724,-0.107884,-0.229363,-0.093261,-0.225551,-0.183871,0.123255,-0.19965,-0.12554,-0.264429,-0.014686,0.012344,-0.029155,0.097932,0.048255,-0.115504,0.088727,-0.309294,0.044977,-0.098085,-0.071207,-0.135355,-0.031266,0.191572,-0.105988,-0.209887,-0.134865,-0.455231,-0.185851,-0.307695,-0.074867,-0.015983,-0.095426,0.049021,0.108723,-0.067229,-0.22304,0.075835,-0.017661,-0.116587,-0.177047,0.167034,0.008865,-0.17146,-0.05654,-0.108926,-0.168792,0.18176,-0.071325,-0.195042,-0.030759,0.097713,0.077191,-0.105382,-0.075818,0.01264,0.080695,-0.107163,-0.011578,-0.192621,-0.220955,0.145163,-0.1783,-0.085833,0.10895,0.041123,-0.250859,-0.110098,-0.251235,-0.037979,0.105152,-0.190762,-0.066603,-0.243123,-0.113255,-0.045361,0.055999,-0.052953,0.009181,0.031409,0.125586,0.012925,-0.12229,-0.065235,-0.078669,-0.104841,-0.055026,0.053333,0.329504,0.218513,-0.261466,-0.095342,0.006909,-0.257405,0.009315,-0.156634,-0.027841,0.103668,0.213814,0.018605,-0.010836,0.069895,-0.139746,0.007357,-0.012618,-0.070277,-0.09557,0.042465,-0.127594,0.11688,-0.090102,-0.202702,0.196011,-0.070271,0.149317,0.121077,0.157026,-0.068854,-0.09291,0.1612,-0.224546,-0.036216,0.051993,#
2,-0.028556,0.050832,1.0,0.155494,9.8e-05,-0.276825,0.064831,-0.106612,-0.018852,0.197096,-0.036174,-0.010075,-0.078543,-0.020517,-0.241944,-0.170585,-0.020773,0.234925,0.094325,-0.044609,-0.057692,-0.006828,0.021109,0.131667,-0.045388,-0.134849,0.081623,-0.267891,0.003577,0.007435,-0.050064,0.045601,-0.0653,0.03248,-0.265699,-0.025427,-0.092403,0.065393,0.05193,-0.326375,-0.165882,0.113966,0.056402,-0.127979,0.194977,-0.3894,0.141438,0.263946,-0.207216,0.152492,-0.15139,0.070955,-0.132182,0.265067,-0.113738,-0.240594,-0.11105,-0.065795,-0.077162,0.021356,-0.002184,0.08388,-0.206038,-0.197002,-0.028765,0.162836,-0.03055,-0.047536,-0.090579,-0.024114,0.111428,-0.028348,0.008623,0.201894,-0.11895,0.252007,-0.064267,-0.102865,-0.167746,0.007533,-0.011348,0.038805,-0.233158,0.306972,-0.023418,-0.169629,-0.039574,-0.045285,-0.078165,-0.168679,-0.036942,-0.384336,0.134472,0.018644,-0.178009,0.289373,0.115005,0.148095,-0.058855,-0.014693,-0.235284,-0.187637,-0.109416,0.117529,-0.176868,-0.101616,0.122562,0.019454,-0.009504,0.216589,0.280256,0.154139,0.008445,0.015234,0.19109,-0.019782,-0.13834,-0.189689,0.074991,-0.007385,-0.310149,0.206069,0.01127,-0.06928,-0.121999,0.216163,-0.134753,-0.051011,0.090222,0.10831,0.267605,0.146994,-0.039274,0.011799,0.232252,-0.052778,0.167974,0.225263,0.044433,-0.304575,0.18977,0.296687,0.113546,-0.196056,-0.03805,0.158658,-0.015843,0.053296,-0.272608,0.137579,-0.035095,0.409414,0.23426,0.0307,-0.063535,-0.015377,0.031792,0.155507,0.047443,-0.057909,0.219717,-0.050635,0.269214,0.133803,0.020752,-0.052701,-0.158309,-0.236535,0.065972,0.031167,-0.035469,0.133362,-0.072219,0.064952,-0.092848,0.124054,-0.215549,0.057951,-0.129462,0.06546,0.14786,0.067608,-0.024541,-0.006112,-0.30583,0.212237,-0.009806,0.086667,-0.01938,-0.003871,0.244022,-0.047315,-0.032846,0.021102,-0.122203,-0.163285,-0.103779,0.070231,0.235944,-0.223166,#
3,-0.178377,0.131577,0.155494,1.0,-0.179369,-0.152299,-0.301564,-0.093066,-0.336742,-0.180399,0.071802,-0.329677,-0.253637,-0.198253,-0.096145,-0.003202,0.120275,-0.043303,0.063049,-0.048851,-0.101958,0.009139,-0.304415,-0.043723,0.145859,0.172429,-0.048135,0.082398,-0.037358,-0.169214,0.066564,-0.0991,0.168021,-0.077114,-0.131643,-0.297501,-0.143041,0.124795,0.050677,0.208231,0.047811,-0.126459,0.115939,0.04267,0.033948,0.092339,-0.252152,-0.321663,0.08029,-0.03943,-0.217822,0.308315,-0.050316,0.210896,0.080969,0.185243,0.065276,-0.050307,-0.042934,-0.17907,-0.150417,-0.111634,0.089739,0.024062,-0.114632,-0.336403,-0.030869,-0.094323,-0.406079,0.124485,-0.130655,0.230419,0.230581,0.30786,0.108512,-0.02565,0.166739,0.177498,0.363124,0.072792,0.026917,0.143931,0.141666,0.062749,0.111271,0.056628,0.172979,0.138602,0.105039,0.024116,0.273542,0.116272,0.06324,0.06828,0.120001,0.081932,0.217847,0.327294,0.039001,0.131748,-0.115915,0.059931,0.231575,0.153044,-0.074073,0.041314,0.238254,0.11479,0.187604,0.128139,-0.005487,0.017431,-0.017307,-0.034749,0.005891,0.241209,0.403943,0.017123,-0.145724,0.361683,0.126463,-0.03475,0.200062,0.275719,0.208405,0.101729,0.028511,-0.059339,0.10412,0.274779,-0.081348,-0.011461,-0.024908,-0.077624,0.084547,0.206161,0.187796,0.059001,-0.170594,0.14051,-0.08909,0.32361,0.218218,-0.147348,0.097191,0.081924,-0.044901,-0.255653,0.113201,0.171703,0.195394,0.382217,0.206172,0.176564,0.120234,0.150251,-0.202663,-0.371729,0.165443,-0.014048,0.046409,0.13334,0.038906,-0.128527,-0.310567,-0.192924,-0.063602,-0.209523,0.154625,-0.064984,-0.238208,-0.25153,0.139867,0.237096,-0.151621,0.074322,0.144084,-0.22347,-0.34511,0.29486,-0.444268,0.030469,0.034395,-0.125339,-0.152089,-0.108142,-0.170487,-0.162284,0.235552,-0.317323,0.170771,-0.021121,-0.18381,-0.227218,-0.125782,-0.09837,-0.299035,0.125611,-0.257871,-0.109169,#
4,0.464004,0.197814,9.8e-05,-0.179369,1.0,0.040381,0.163566,-0.062847,0.070902,0.155535,-0.221774,0.220885,0.215003,0.067373,0.012711,-0.128154,0.156105,0.030933,-0.107856,-0.266859,0.010341,0.039664,0.284412,-0.189495,-0.313946,-0.156246,-0.065953,-0.160345,0.077329,0.304135,-0.192738,0.06165,-0.295923,-0.04717,-0.363371,0.178714,0.0704,-0.23937,0.187096,-0.128046,0.071143,-0.157062,0.054372,0.009904,-0.18428,-0.076623,0.25371,0.339387,0.072968,-0.001071,0.040905,-0.442657,0.070455,-0.134164,0.269719,-0.288399,-0.357136,0.094315,-0.18928,-0.080196,0.204202,0.121686,-0.095152,-0.107259,0.043317,0.404328,-0.013284,0.165193,0.269754,-0.055963,0.038918,-0.56874,0.08022,-0.585608,-0.394037,0.323268,-0.475342,-0.355389,-0.392178,-0.157464,-0.299074,-0.454211,-0.388259,-0.038852,-0.407452,-0.372863,-0.649209,-0.209749,-0.050651,-0.253173,-0.333941,-0.27095,-0.278833,-0.167708,-0.275238,-0.385176,-0.471321,-0.150245,-0.100953,-0.205836,0.075167,-0.320207,-0.16858,-0.221296,-0.471305,-0.519358,-0.161407,-0.279556,-0.144326,-0.140175,0.118381,0.122352,-0.3266,-0.465811,-0.284622,-0.085951,-0.236069,-0.470624,-0.04423,-0.317968,-0.297222,-0.21922,-0.371537,-0.222431,-0.037406,0.06246,-0.425053,0.063141,-0.242582,-0.198645,-0.304817,-0.086323,-0.344333,0.04834,-0.301215,-0.462145,-0.053446,-0.531654,0.016167,-0.409701,-0.305065,-0.049505,-0.005148,-0.154702,-0.47835,-0.260652,-0.263255,0.505446,-0.443168,-0.166877,-0.447894,-0.292419,-0.175169,-0.390254,-0.365204,-0.252948,0.230137,0.339972,-0.403121,-0.298754,-0.072511,-0.123218,-0.228383,-0.132041,-0.002535,0.249593,-0.006782,-0.120585,-0.235597,-0.205451,0.05464,0.013975,-0.389631,-0.432519,0.155266,-0.14528,-0.159619,0.211877,0.225281,-0.331424,0.262003,-0.051796,0.131745,0.118206,0.379622,-0.062756,0.357272,-0.107972,-0.115045,0.408492,-0.166831,0.240436,0.454448,0.371308,0.050031,0.174054,0.284509,-0.348547,-0.366925,0.059679,#
5,0.026758,-0.041296,-0.276825,-0.152299,0.040381,1.0,0.217969,0.229607,-0.070588,-0.01392,-0.015491,0.077049,-0.157782,0.40924,0.238443,-0.042223,-0.045366,-0.141852,-0.116492,-0.091585,0.103098,0.110836,0.051233,-0.335696,0.134935,-0.138186,0.010749,-0.078602,0.010477,0.081265,0.145282,0.232014,0.108423,-0.232442,-0.206541,0.058403,-0.13283,0.018615,0.121689,-0.015748,0.054924,0.026263,0.057232,0.227238,-0.111898,0.08683,-0.030187,0.049081,0.09284,0.055793,0.147639,0.028748,0.309219,-0.240705,-0.003251,0.1024,0.178501,0.293538,-0.087035,0.283236,0.235618,-0.036406,-0.107156,0.243651,0.045517,-0.025661,-0.124637,0.283085,0.064325,-0.154074,-0.148326,-0.166037,0.064471,-0.059096,-0.101306,-0.059061,0.168041,0.149526,-0.239225,0.014222,-0.01588,-0.11449,0.158813,-0.190477,-0.027937,0.135153,-0.02912,-0.138673,-0.098248,-0.143098,-0.095975,0.109199,0.036929,-0.290449,0.059614,-0.086046,-0.14953,-0.162304,0.127483,-0.21657,0.04427,-0.033158,0.165276,-0.330343,0.095309,-0.079092,-0.118672,-0.344168,-0.099706,-0.383146,-0.063878,0.060927,-0.17597,-0.164899,-0.110722,-0.200307,0.01155,-0.110699,-0.039847,-0.132061,-0.004457,0.03139,-0.040508,-0.120644,-0.132992,0.036222,-0.073839,0.061841,-0.099626,-0.195662,0.021648,-0.18936,-0.088864,0.06451,-0.080026,-0.066942,0.025919,-0.177553,-0.129126,-0.003835,-0.109236,-0.330073,-0.30539,-0.222801,0.052748,0.01386,0.044398,0.020902,0.221154,-0.073674,-0.089586,-0.022283,-0.05963,0.160345,-0.049756,-0.060935,0.294065,0.079975,-0.167488,0.070312,-0.246343,-0.098406,-0.000942,-0.020576,0.014253,0.208821,0.447807,0.159888,0.016133,-0.072979,0.25911,-0.039736,0.068461,0.146816,0.353612,0.050238,0.009352,0.07957,0.248616,-0.127007,0.125618,0.05115,0.000895,0.163265,0.265675,-0.334214,0.12497,0.034664,0.015647,0.2615,0.018779,-0.032052,0.178452,-0.171841,0.194663,0.129439,0.109984,-0.157455,0.028649,0.241138,#
6,0.179068,-0.057121,0.064831,-0.301564,0.163566,0.217969,1.0,0.214276,0.441272,-0.013307,0.229224,0.230348,0.097192,0.043362,0.100377,0.090774,-0.163975,-0.101966,0.143601,-0.024654,-0.010493,0.208838,0.171958,-0.314849,-0.066877,-0.03307,0.026132,-0.341749,0.290195,0.082265,-0.255096,0.014817,-0.104251,-0.25914,-0.060634,0.196484,0.155479,-0.175708,-0.078963,0.026411,0.018607,0.04608,-0.277413,-0.018373,-0.099052,-0.032206,0.04486,0.228299,0.049185,0.257668,0.21643,-0.065842,0.062096,0.000245,3e-05,-0.064051,0.070403,0.120371,0.042747,0.230157,0.291804,0.171255,-0.259754,0.172859,0.078399,0.049178,0.042344,0.035695,0.26641,-0.256368,0.085298,-0.281309,0.000115,-0.271428,-0.461648,0.250587,-0.188797,-0.327077,-0.489039,-0.253606,-0.15477,-0.291248,-0.096536,-0.403732,-0.296647,-0.073445,-0.267972,-0.117216,-0.372977,-0.091757,-0.141541,-0.285317,-0.077415,-0.18812,-0.495166,-0.032788,-0.265229,-0.493886,-0.205536,-0.185191,-0.050773,-0.230251,-0.250518,-0.360199,-0.077847,-0.068002,-0.126565,-0.212588,-0.330415,-0.098442,-0.003589,0.01316,-0.165867,-0.194215,0.040336,-0.325272,-0.286293,-0.129076,0.043816,-0.399499,-0.199621,-0.129029,-0.090812,-0.435915,-0.169264,0.019804,-0.342697,-0.010588,-0.212652,-0.287231,-0.184876,-0.160758,-0.226397,-0.016843,-0.154479,-0.189568,-0.004671,-0.233549,0.010589,-0.384701,-0.203494,-0.155839,-0.299975,-0.08998,-0.126581,-0.107487,-0.406658,0.507741,-0.044303,-0.286247,-0.146127,-0.224244,-0.34162,-0.031136,-0.180029,-0.247136,0.077375,0.395334,-0.05171,-0.307849,0.008324,-0.296295,-0.200658,-0.126687,0.000653,0.398007,-0.038362,0.08285,0.019237,-0.106366,0.056584,0.075526,-0.016808,-0.148622,0.360923,-0.287192,-0.170974,0.517917,0.387676,-0.246556,0.452023,0.272659,0.079816,0.108047,0.402116,-0.027759,0.049624,0.085485,-0.080596,0.429532,0.000917,0.124508,0.359387,0.138429,-0.169839,0.244737,0.534465,-0.303841,-0.09334,0.167092,#
7,-0.049572,-0.05619,-0.106612,-0.093066,-0.062847,0.229607,0.214276,1.0,-0.100554,-0.221728,-0.282411,-0.235223,-0.057546,0.070478,0.245347,-0.228842,0.007605,-0.061823,0.047198,0.033796,-0.064879,0.375205,-0.177611,-0.127867,-0.014126,0.232014,0.277004,0.044965,-0.356504,-0.147705,0.053472,0.309211,0.204929,-0.101358,-0.03674,0.058376,0.086265,-0.141234,0.155665,-0.154087,-0.040918,0.181472,0.205784,-0.006052,-0.182332,0.187097,0.028353,-0.009045,-0.186416,-0.061519,0.001029,-0.00696,0.189249,-0.344115,-0.058601,0.163068,0.164737,0.081966,-0.101163,0.17465,-0.049485,0.236674,-0.13285,0.313218,0.232763,0.162143,-0.049575,0.080677,-0.069369,-0.309017,0.076136,0.015955,-0.109572,-0.020152,-0.089676,-0.253902,0.148779,-0.043444,-0.111661,0.024567,0.188233,-0.038478,0.248435,-0.233617,0.100641,0.324541,0.09516,0.176949,0.003845,0.150295,0.038015,0.050704,0.149853,-0.063991,0.132351,0.131594,-0.190423,0.118919,0.064438,-0.164739,0.021946,-0.07815,0.050058,-0.068009,-0.1064,0.021649,0.077163,-0.277812,0.080265,-0.289043,-0.141056,0.078149,0.119022,0.031752,0.102466,0.107529,0.07619,0.072754,0.013709,-0.068526,-0.060489,0.054396,-0.070778,0.003385,0.09162,0.108966,0.07926,-0.325188,0.064753,0.074046,0.004274,-0.166296,0.033572,-0.059758,0.125013,-0.017664,0.146296,0.062659,-0.056046,-0.150047,-0.190985,-0.237368,-0.052941,0.11054,0.083304,-0.194018,-0.026395,-0.029749,0.082894,0.10447,0.077879,0.028226,0.228655,0.142696,0.33002,0.143944,0.0567,-0.091243,-0.227282,0.157025,0.133924,-0.114295,0.085337,0.05245,0.174247,0.071151,0.025407,0.115196,-0.082878,0.209239,-0.063222,0.009775,0.140207,0.072369,0.03191,0.061054,0.093522,-0.077634,-0.039185,-0.177801,-0.085035,-0.163863,-0.011412,-0.124336,-0.139999,-0.129802,-0.089605,0.158555,0.050213,-0.058309,0.024466,0.074211,-0.071855,-0.228664,0.053949,0.102022,-0.186085,-0.10784,0.032456,-0.102689,#
8,0.29098,0.05714,-0.018852,-0.336742,0.070902,-0.070588,0.441272,-0.100554,1.0,0.014583,0.217128,0.155601,0.236241,-0.033017,0.232326,-0.083871,-0.170449,0.202304,0.300324,-0.022219,-0.181571,0.011084,0.280783,-0.084425,0.00439,-0.176694,-0.036971,0.112275,0.350172,0.053919,-0.110855,0.08164,0.106293,-0.036424,-0.165386,0.002703,0.371057,-0.200369,0.013301,-0.044536,-0.045002,-0.152431,-0.233165,0.043473,0.065223,-0.175019,0.256002,0.226777,0.105185,0.326651,0.091007,-0.074391,0.0111,0.184157,0.014744,0.010483,-0.002538,-0.026214,0.086078,-0.002452,-0.023153,-0.03297,-0.134119,0.068424,-0.044864,0.081321,0.293189,-0.137334,0.224699,0.159431,0.143162,-0.200569,0.054979,-0.053714,-0.197523,-0.016828,-0.05013,-0.300873,-0.232671,-0.135732,-0.079476,-0.201315,-0.145483,-0.0076,-0.106639,0.002953,-0.175899,-0.137372,-0.248878,-0.147154,0.058812,-0.044969,-0.30803,0.29545,-0.179074,0.196656,-0.12883,-0.327897,0.040196,-0.112199,-0.15023,-0.232703,-0.334659,-0.135186,0.120004,0.090421,-0.200774,0.138077,-0.16887,0.140442,0.113729,0.001049,0.086583,-0.042373,0.054761,-0.503211,-0.153196,-0.074179,0.229135,-0.300575,-0.126018,-0.104853,0.028926,-0.544996,-0.24538,0.056484,-0.117826,0.106819,-0.078806,-0.257224,0.134241,-0.006658,0.066179,0.028391,0.00164,-0.051264,-0.127244,-0.086489,0.211317,-0.09796,0.037763,0.043111,-0.323377,-0.155781,-0.174258,-0.061203,-0.026402,0.288554,0.006329,-0.117316,0.091217,-0.225112,-0.203759,-0.135124,-0.056403,-0.181375,0.06022,0.413416,0.061893,-0.16251,0.137996,-0.163564,-0.145356,0.147028,0.172087,0.072896,-0.079633,-0.043511,-0.005202,0.030574,-0.195497,0.208159,0.102407,-0.244514,0.160235,-0.228281,-0.128496,0.27252,0.158764,-0.206246,0.284404,0.255976,-0.152056,-0.104682,0.059113,0.157196,-0.101286,0.043964,-0.27891,0.151148,0.120059,-0.162081,0.090876,0.075338,-0.125779,0.022445,0.299198,-0.173628,0.05023,-0.001619,#
9,0.017414,0.191789,0.197096,-0.180399,0.155535,-0.01392,-0.013307,-0.221728,0.014583,1.0,-0.132585,0.203769,0.262343,0.295134,-0.300419,-0.109435,-0.498358,0.366094,-0.042187,-0.017352,0.115475,-0.137128,0.104193,0.0679,0.09119,0.100961,0.067727,-0.203672,-0.002152,0.257051,-0.004766,0.00376,-0.087768,0.219279,-0.278367,0.269639,0.047642,-0.181525,-0.168765,-0.219481,0.013027,0.290305,0.215646,0.240847,0.148825,-0.418999,-0.022913,0.45333,0.126275,0.137905,-0.196965,-0.132871,-0.000802,-0.00297,-0.112494,-0.427203,-0.059616,-0.119048,0.180517,-0.016065,-0.032422,0.311242,-0.175981,-0.253814,0.067427,-0.017638,0.161492,0.264462,0.07374,-0.058605,0.049838,-0.196695,0.003106,0.010351,0.163923,0.226453,-0.204267,-0.340751,-0.024681,0.068127,-0.1045,0.000291,-0.179492,-0.009323,-0.005135,-0.17781,-0.217903,-0.111873,-0.137383,0.043915,-0.178455,-0.011796,-0.25103,0.177313,-0.098943,0.210747,0.118313,-0.03429,0.095297,-0.158672,-0.159058,-0.174943,-0.004492,0.034388,-0.17408,-0.072952,-0.13855,-0.257178,-0.192443,-0.044694,0.413404,0.158526,-0.031464,-0.132616,-0.054476,-0.014313,-0.230669,-0.229615,0.260169,-0.32879,-0.036746,0.155117,0.046913,-0.0567,-0.249375,0.116437,-0.171509,-0.049378,-0.054746,0.138577,0.03998,0.16317,0.072298,0.663803,-0.098701,0.11588,-0.033259,-0.008984,0.382694,-0.258368,0.216559,0.036788,-0.042412,0.019131,0.079808,0.061594,0.161048,0.108075,-0.239105,0.18349,-0.452207,-0.05928,0.085993,0.045397,0.03107,0.105098,0.241314,0.336261,-0.08016,0.134549,-0.039083,0.039347,-0.135383,0.348817,0.130938,0.232086,-0.201995,-0.092582,0.087493,-0.023549,0.028395,-0.034901,-0.129286,-0.254065,0.143247,0.125367,-0.080268,-0.053701,0.233689,-0.001396,0.038724,-0.032143,-0.335667,0.082004,-0.155174,-0.011432,0.091922,-0.138344,-0.337169,0.330727,0.070112,-0.211293,-0.068949,0.017384,0.039344,-0.315889,0.024094,-0.004842,0.347372,-0.108747,#
10,-0.111751,-0.195353,-0.036174,0.071802,-0.221774,-0.015491,0.229224,-0.282411,0.217128,-0.132585,1.0,-0.039944,-0.222256,0.03451,0.118978,0.215649,-0.024785,-0.261941,0.174185,0.077437,-0.170357,-0.025468,-0.080144,0.078498,-0.076817,0.193088,-0.117492,0.135124,0.265386,-0.195324,0.100281,-0.111362,-0.108417,-0.220616,0.218893,-0.207626,-0.107141,0.138402,-0.002096,0.300265,-0.287252,-0.110052,-0.238095,0.017782,0.158992,-0.075871,-0.258603,-0.26211,0.208587,-0.06043,0.153648,0.286199,0.018412,0.35175,0.020551,0.284886,0.165275,-0.20049,0.096624,0.144226,0.114488,0.026785,0.122573,0.047739,0.092776,-0.133143,0.129648,-0.160124,-0.372515,0.084825,-0.074493,0.212487,0.225309,0.17893,-0.095142,0.183904,-0.036234,0.157755,0.041598,-0.037823,-0.145371,0.160194,0.055204,0.026511,-0.084396,-0.06472,0.255394,0.036217,-0.110472,-0.193663,0.154196,-0.138892,0.17779,-0.128132,0.059682,0.215904,0.041432,-0.10914,-0.295735,0.071957,-0.068508,0.096182,-0.09306,0.060624,0.215685,0.216083,-0.064551,0.064798,-0.173284,0.344816,-0.109141,-0.155241,-0.098008,0.302471,-0.063392,-0.15534,0.047784,0.08782,-0.18558,0.130231,0.168072,-0.061871,0.19257,0.138483,0.113553,-0.036059,0.037896,0.099172,-0.023988,-0.102477,0.208807,-0.076177,-0.185489,-0.154384,0.145973,0.198898,0.120064,-0.093938,-0.062571,0.148174,0.06338,0.160687,-0.098574,-0.069624,0.085221,0.135164,-0.149855,-0.190726,0.417458,-0.122499,0.248238,0.109925,-0.329337,-0.031238,-0.055857,-0.159787,-0.280019,0.030865,0.228625,-0.015158,-0.083545,-0.26047,-0.006405,-0.159357,-0.158101,-0.153186,0.024724,0.232024,0.405647,-0.340572,0.066749,-0.31539,-0.076938,0.253726,0.099399,-0.163511,-0.244261,0.06146,-0.059283,0.100134,0.004755,0.238288,0.111599,0.261935,-0.033666,0.264846,-0.095646,-0.174844,0.287621,-0.046403,0.048972,0.133746,0.043947,-0.10855,-0.029104,-0.034759,0.128664,-0.010263,-0.078011,0.01757,#
11,0.186865,0.075493,-0.010075,-0.329677,0.220885,0.077049,0.230348,-0.235223,0.155601,0.203769,-0.039944,1.0,0.040291,-0.088424,-0.056564,0.333549,-0.023917,-0.138646,-0.224235,-0.31958,-0.052038,-0.045588,-0.094941,0.032177,0.127788,-0.075773,-0.067052,-0.339588,0.133258,0.210721,-0.35888,-0.016934,-0.240338,-0.002505,-0.093409,0.272076,-0.305434,-0.093383,-0.11734,0.099293,0.092203,-0.167345,-0.222386,-0.195761,-0.056065,0.045366,-0.072461,0.053594,-0.016107,0.082974,-0.079938,-0.313024,-0.149824,0.101934,0.173844,-0.173538,-0.24835,0.033288,-0.006824,0.204563,-0.205981,0.195204,0.015964,0.079722,0.157545,-0.239723,-0.183468,0.038847,0.15809,-0.178561,0.031456,-0.234192,0.00824,-0.32749,-0.243411,0.021302,-0.273362,0.12246,-0.275016,-0.209541,-0.270641,-0.23447,-0.193925,-0.0235,-0.177222,-0.190006,-0.237191,-0.409389,-0.204669,-0.125256,-0.064575,-0.091284,-0.06419,-0.332612,-0.296317,0.061984,-0.080116,-0.282122,-0.239862,-0.016223,0.121404,-0.110322,-0.071506,-0.200996,-0.035485,-0.229032,-0.030622,-0.105674,-0.308078,0.019874,-0.278392,-0.032595,-0.373666,-0.029239,-0.074326,-0.289263,-0.260282,-0.161678,-0.386516,-0.048053,-0.210422,-0.248268,-0.278213,-0.032748,0.023195,-0.22543,0.008467,-0.1356,-0.161711,-0.125513,-0.202708,-0.052462,-0.066615,0.005273,-0.24466,-0.076581,-0.137037,-0.377482,0.089661,-0.234396,0.057675,0.038455,-0.198878,-0.166171,-0.312237,-0.239059,-0.144319,-0.004949,-0.318576,-0.262294,-0.24425,-0.305601,-0.167253,-0.185854,-0.205257,-0.414242,0.069061,0.083951,-0.065959,-0.034273,0.007684,-0.185091,-0.030245,-0.16283,-0.164361,0.134056,0.10035,0.178028,0.230914,-0.333733,0.174621,0.039714,-0.098424,-0.158171,0.258615,-0.371637,-0.35378,0.080675,0.122792,-0.152891,0.410447,-0.016868,0.385266,0.090475,0.334275,-0.112988,0.084145,0.028957,0.120642,0.323802,0.049949,0.275685,0.310734,0.046866,-0.067866,0.153274,0.184222,-0.245247,-0.006517,-0.060971,#
12,0.44849,0.033989,-0.078543,-0.253637,0.215003,-0.157782,0.097192,-0.057546,0.236241,0.262343,-0.222256,0.040291,1.0,0.171188,0.109904,-0.014692,-0.086385,0.191983,0.095163,0.050358,-0.172485,0.106252,0.314295,-0.126081,-0.23867,-0.096206,0.126868,-0.084439,0.191471,-0.135907,-0.355519,0.143519,-0.059591,0.154795,-0.025828,0.030579,0.321526,-0.106353,-0.023066,-0.145641,0.184106,0.255706,-0.064861,0.043944,0.14424,-0.052554,0.380432,0.28448,0.047783,0.273599,-0.011756,-0.149838,0.187191,-0.122681,0.000783,-0.155062,-0.140284,0.198943,0.100289,-0.065328,0.087917,-0.04229,-0.208743,-0.026348,0.117927,0.246526,0.19539,-0.047296,0.287452,-0.214821,0.209509,-0.263848,-0.09962,-0.180982,-0.086351,0.180608,-0.026998,-0.376219,-0.060855,-0.204462,-0.207997,-0.168478,-0.207678,-0.215584,0.003613,-0.066329,-0.239948,-0.1098,-0.217517,-0.040719,-0.162689,-0.270407,-0.223837,0.133414,-0.078922,-0.115274,0.056351,-0.143527,0.055912,-0.577412,0.314209,-0.158916,-0.353414,-0.293293,-0.197013,0.087836,-0.20887,-0.107597,-0.308028,-0.042657,0.256982,-0.133188,0.102582,-0.275738,-0.22873,-0.24682,-0.444412,-0.0723,0.229974,-0.526568,0.033453,-0.328566,-0.027479,-0.267787,-0.223486,0.05232,-0.37311,0.110732,-0.202158,-0.139898,-0.110911,0.007341,0.084602,0.203206,-0.231107,-0.115697,0.004831,0.030157,0.101654,-0.406092,-0.295339,-0.141885,-0.257135,0.121771,-0.234414,-0.060332,-0.157186,0.334692,-0.409854,-0.032413,-0.088194,-0.312885,-0.012466,-0.031237,-0.111693,0.082022,0.282426,0.362605,-0.318038,-0.145182,-0.139916,-0.020101,-0.374342,0.007235,0.285513,0.05288,-0.144816,-0.060151,-0.286676,0.05996,0.082164,0.216078,0.129523,-0.244752,0.192841,0.056181,0.069596,0.247706,0.215167,-0.380596,0.151864,0.250827,-0.144035,-0.144359,0.013523,-0.121429,0.236763,-0.049538,-0.358213,0.364302,-0.110559,-0.099162,0.093171,0.224038,-0.051671,0.020808,0.273523,-0.166264,-0.029336,0.086949,#
13,0.032269,-0.022707,-0.020517,-0.198253,0.067373,0.40924,0.043362,0.070478,-0.033017,0.295134,0.03451,-0.088424,0.171188,1.0,0.032903,-0.025724,-0.227684,0.101361,0.166632,-0.0854,-0.010064,0.00684,0.242905,-0.138368,-0.113939,-0.195239,0.202235,0.12562,0.065048,-0.15063,0.153289,0.230122,0.062414,-0.113678,-0.174877,0.151237,0.048119,0.038183,-0.082014,-0.370351,0.107891,0.275171,0.338966,0.29666,-0.100785,-0.306693,0.201308,0.219479,0.096998,0.012562,0.060417,0.087305,-0.006917,-0.245962,-0.350247,-0.252042,0.176381,0.072712,0.049216,0.011696,0.137745,0.277868,-0.136843,0.086664,0.144561,0.313827,0.232912,0.338533,0.106542,-0.084475,-0.018774,-0.206339,0.090818,-0.12779,0.008724,0.220085,-0.001536,-0.170254,-0.108089,0.060923,-0.150423,-0.142744,-0.026588,0.017792,0.010111,-0.079094,0.034778,-0.108255,-0.175148,-0.020486,-0.101228,-0.121623,-0.077723,0.057656,0.091469,-0.019239,-0.109576,0.070835,-0.025836,-0.267757,0.089032,-0.043466,0.062211,-0.102493,-0.003177,-0.027552,-0.173298,-0.361027,-0.086139,-0.029022,0.135282,0.130138,-0.008734,0.074523,-0.050876,-0.052864,-0.270311,-0.082076,0.197721,-0.192045,-0.015128,0.003323,-0.041557,-0.024356,0.042685,0.026022,-0.301676,0.02143,-0.024839,-0.088128,0.035883,0.267606,-0.163458,0.301754,-0.020178,-0.120331,-0.037942,0.025556,0.146388,-0.081838,-0.083998,-0.271242,-0.082327,-0.211693,0.005149,0.167494,0.044651,-0.073262,-0.069328,0.121572,-0.108619,-0.00048,-0.217852,-0.004225,0.203763,0.061365,0.287313,0.329602,-0.169715,0.094789,-0.071501,-0.205401,-0.001242,0.192953,0.078364,0.135675,0.224815,0.106766,-0.132513,0.179417,0.012951,0.125314,-0.249727,-0.108444,0.096377,0.117976,-0.130497,0.093487,0.315279,-0.153982,0.108865,-0.049697,-0.171266,-0.043399,0.083777,-0.126647,0.081189,-0.066082,-0.068872,0.114128,-0.021908,-0.204087,0.160215,0.087845,0.229096,-0.116727,0.160681,-0.172524,0.161309,0.035266,#
14,0.14576,0.173221,-0.241944,-0.096145,0.012711,0.238443,0.100377,0.245347,0.232326,-0.300419,0.118978,-0.056564,0.109904,0.032903,1.0,0.085417,-0.082035,-0.262606,0.003985,-0.073325,-0.203147,0.392106,0.189986,-0.065733,-0.095282,-0.029678,0.029208,0.15846,0.333847,0.01659,-0.243702,0.358199,0.119948,-0.027785,-0.161005,-0.187992,0.078333,0.0859,0.362663,0.096415,-0.179471,0.156724,-0.089062,0.002595,-0.154974,0.263995,0.359914,-0.176532,0.123781,0.145704,-0.014899,0.056735,0.12299,-0.289283,0.083352,0.24031,-0.059454,0.19075,-0.338159,0.226459,0.232858,-0.022618,0.004054,0.41821,0.220558,0.231862,-0.118079,-0.008006,0.021223,-0.17504,0.147933,-0.101857,0.208291,-0.199388,-0.311549,-0.167113,-0.059114,0.113988,-0.208027,-0.345731,-0.134863,-0.235987,-0.121315,-0.235409,-0.224388,0.085364,-0.092903,-0.220487,-0.234508,-0.201286,0.038567,-0.093798,0.020389,-0.023598,-0.007743,0.011295,-0.212603,-0.212852,-0.090592,-0.237459,-0.004292,0.071827,-0.205649,-0.304645,-0.109099,0.12537,-0.243511,-0.106227,0.014282,-0.275242,-0.250718,-0.076245,-0.211274,0.03156,-0.320718,-0.19268,-0.209304,0.031576,-0.165934,-0.167307,-0.07681,-0.312365,0.001099,-0.09066,0.128998,-0.011532,0.131473,-0.076539,-0.242308,-0.259663,0.092358,-0.423187,-0.213519,-0.233631,-0.286706,-0.058506,-0.097381,-0.234725,0.181798,-0.133576,-0.157247,-0.336671,-0.292798,-0.192469,-0.303876,-0.179215,-0.191597,-0.124073,0.026946,-0.275689,0.052211,-0.166383,-0.037539,-0.059657,-0.190722,-0.048709,0.131916,0.140742,-0.306352,0.004515,-0.236521,-0.196669,-0.051331,-0.310374,-0.113636,0.081467,-0.025057,0.091001,-0.141948,-0.153499,-0.039438,0.099726,-0.106322,-0.044479,0.386599,0.00522,-0.048371,0.023816,-0.022153,-0.283281,0.146307,0.290056,0.183601,0.068162,0.050987,-0.087411,0.21982,0.030555,0.133893,0.043924,-0.263517,0.30592,0.046123,-0.027257,-0.104807,-0.095706,0.143388,-0.289538,0.052347,0.092558,#
15,0.039662,-0.108202,-0.170585,-0.003202,-0.128154,-0.042223,0.090774,-0.228842,-0.083871,-0.109435,0.215649,0.333549,-0.014692,-0.025724,0.085417,1.0,0.087182,-0.402365,0.153752,-0.097763,0.040832,0.027775,-0.216962,-0.128048,-0.182413,0.073603,-0.207142,-0.146212,0.109497,-0.105047,-0.369672,-0.067962,-0.118619,-0.07149,0.321617,0.03231,-0.207391,0.168978,-0.321547,0.177826,-0.001855,-0.126641,-0.127014,-0.145313,0.142579,0.160327,-0.065091,-0.366966,0.212085,0.049071,0.011034,0.002383,-0.131743,0.145984,-0.173112,0.06958,0.062695,-0.055596,0.028736,0.119054,-0.005943,-0.006699,0.115893,0.232834,0.163854,-0.223287,-0.247523,0.074969,-0.039122,-0.199005,-0.044407,0.115303,0.058669,-0.174715,0.019789,0.072455,-0.222496,0.10638,0.007738,-0.183242,-0.013487,-0.117111,-0.141605,-0.176446,-0.065502,-0.086203,-0.121953,-0.223903,-0.038864,0.005416,0.192813,-0.096295,0.295675,-0.416312,-0.135625,-0.07222,-0.075628,-0.395727,-0.421507,0.052124,0.222955,-0.006934,-0.172216,0.003536,-0.001638,0.029888,-0.251122,-0.039447,-0.14733,0.016741,-0.408287,-0.344085,-0.130547,0.185268,-0.271284,-0.010948,-0.072021,0.042549,-0.405876,0.156403,-0.012155,-0.12403,-0.033844,0.337629,0.135729,-0.263774,0.012988,-0.064192,-0.11338,-0.040669,-0.105212,-0.126837,-0.231997,0.028505,-0.191862,-0.07307,-0.045167,-0.279734,-0.207125,0.008272,-0.062253,-0.133222,-0.132621,-0.057983,-0.371794,0.286025,-0.279223,-0.158197,-0.205981,-0.342679,-0.097892,-0.091307,-0.18132,-0.132909,-0.282155,-0.257031,-0.217195,-0.062571,-0.079239,-0.034531,-0.471638,-0.284062,-0.041404,-0.379121,-0.282387,0.11433,-0.086925,0.165449,0.010285,-0.201779,0.076335,0.145843,-0.176749,0.020266,0.065715,-0.318123,-0.060996,-0.001427,-0.279519,0.013659,0.102612,0.108618,0.477531,0.265191,0.296463,-0.109286,0.076792,-0.058394,0.537112,-0.096351,-0.345903,0.33399,0.150853,0.087711,-0.133537,0.173115,0.319247,-0.008275,-0.204123,-0.021649,#
16,0.197472,-0.152111,-0.020773,0.120275,0.156105,-0.045366,-0.163975,0.007605,-0.170449,-0.498358,-0.024785,-0.023917,-0.086385,-0.227684,-0.082035,0.087182,1.0,-0.270551,-0.093054,-0.162125,-0.288048,-0.045826,-0.158799,0.088308,-0.109762,-0.186617,-0.186839,0.050925,-0.133939,-0.152816,0.044119,0.127793,-0.019578,-0.310138,0.055144,-0.330755,-0.229722,0.183547,0.0528,0.16567,-0.010745,-0.184446,-0.143121,-0.072573,0.068874,0.203836,-0.043515,-0.208652,-0.222975,0.017584,0.162635,-0.005811,0.075328,0.059497,0.184338,0.180031,-0.122896,0.029877,-0.283226,-0.011084,-0.026401,-0.270119,0.084067,0.173417,0.051927,-0.016712,-0.075274,-0.180729,-0.132538,0.087297,-0.071606,0.126831,0.084456,-0.151707,-0.278075,0.062838,-0.05948,0.076935,0.072285,0.074768,0.009756,-0.029391,0.153655,0.177048,-0.009846,0.00437,0.117623,-0.039412,0.084078,-0.256893,0.171053,-0.010871,0.194278,-0.287995,0.103281,-0.225308,0.038141,0.054679,-0.028152,0.034291,0.218781,-0.025187,0.015707,0.098473,-0.022516,-0.164231,0.290586,-0.022833,0.035009,0.212873,-0.23417,-0.082599,0.052651,0.021915,-0.150362,-0.028297,0.301047,-0.101926,-0.141143,0.297652,-0.084654,0.122836,-0.379975,0.066866,0.025847,-0.225299,-0.078709,0.132165,-0.179104,0.062792,-0.112654,-0.096919,-0.023326,-0.265025,0.042417,-0.210018,0.071635,-0.328507,-0.519497,0.080814,-0.027333,0.157829,0.045249,0.153557,-0.190039,-0.092088,-0.20675,0.000326,-0.00896,-0.013483,0.211091,0.139388,0.026719,-0.163916,-0.294353,-0.184468,-0.254046,-0.197903,-0.082639,-0.205314,-0.119727,0.054656,0.096027,-0.308271,-0.013794,-0.145001,0.054645,0.006259,0.016579,-0.010539,0.304619,-0.063025,-0.053832,0.205787,-0.217632,-0.098744,-0.002208,-0.194075,-0.255694,0.014942,-0.064392,-0.310219,0.442016,0.137633,0.031154,0.0343,0.120495,0.011589,0.18672,-0.217339,0.000318,0.164455,0.08124,0.201588,0.07241,0.227194,-0.077148,0.19252,-0.365613,0.043968,#
17,-0.037629,0.131358,0.234925,-0.043303,0.030933,-0.141852,-0.101966,-0.061823,0.202304,0.366094,-0.261941,-0.138646,0.191983,0.101361,-0.262606,-0.402365,-0.270551,1.0,0.138309,0.278493,0.19924,-0.062889,0.368986,0.147956,0.186311,-0.100787,0.23716,0.054706,-0.132968,0.035252,0.282714,0.061239,0.206148,0.313547,-0.263875,0.002967,0.355727,-0.251963,0.165966,-0.321812,0.067155,0.289816,0.337718,-0.024948,0.118606,-0.369727,0.232298,0.478341,-0.092324,-0.065241,0.117952,-0.0408,-0.316678,0.025221,-0.151351,-0.143299,-0.041284,-0.108732,-0.012278,-0.225773,-0.198538,-0.025364,-0.218776,-0.325418,-0.290329,0.069403,0.323106,0.046913,0.238943,0.294401,0.070608,-0.09138,-0.212493,0.285678,0.213476,-0.157025,0.109241,-0.339593,0.096598,0.110901,0.005436,0.093219,0.047574,0.198012,0.132281,0.101969,-0.18629,0.260378,0.071366,0.046466,0.096797,0.033622,-0.227576,0.487652,0.2016,0.123785,0.161595,0.298197,0.214615,-0.114339,-0.236631,-0.189159,-0.116915,0.268249,0.033083,0.160266,-0.015754,0.007574,0.077101,-0.01927,0.504045,0.185877,0.469889,-0.061332,0.270649,-0.041969,-0.080911,-0.148697,0.552458,-0.2843,0.026337,0.167611,0.080769,-0.413084,-0.285919,0.300555,-0.051475,0.058872,-0.06087,-0.032892,0.24579,0.233425,0.36683,0.198653,0.157545,0.070055,-0.125608,0.370744,0.357647,-0.069787,0.156866,0.179148,0.101938,-0.131678,0.039938,-0.027623,0.264616,0.264639,-0.212198,0.449092,-0.111995,0.102352,0.213846,0.145252,0.168675,0.239646,0.284842,0.093098,-0.03996,0.174303,0.304121,0.365598,0.1139,0.674227,0.237387,0.099552,0.071729,-0.140076,-0.343887,0.258742,-0.304359,0.200326,0.121068,-0.173676,-0.186702,0.17106,0.269237,0.074749,0.181502,-0.09153,-0.021478,-0.143668,-0.659409,-0.180157,-0.23645,0.091635,-0.052673,0.144599,-0.526638,0.120188,0.085061,-0.369708,-0.271605,-0.126377,0.011834,-0.184658,-0.124117,0.015355,0.271334,-0.317284,#
18,0.119067,0.055592,0.094325,0.063049,-0.107856,-0.116492,0.143601,0.047198,0.300324,-0.042187,0.174185,-0.224235,0.095163,0.166632,0.003985,0.153752,-0.093054,0.138309,1.0,0.068497,0.010713,0.125346,-0.10035,-0.075685,-0.410336,-0.10723,-0.140008,0.293666,0.176943,-0.312131,-0.032994,0.213674,0.066066,-0.097587,0.032097,-0.036296,0.239343,0.296699,-0.193937,-0.180732,0.142195,-0.079074,-0.039616,-0.034433,-0.088288,-0.219496,0.169117,-0.143824,0.002893,0.125203,-0.221075,0.334649,0.012574,0.124616,-0.305707,-0.069772,-0.068024,-0.090542,0.029308,-0.253717,0.069656,0.0359,0.088634,-0.045009,-0.056339,-0.024617,0.366208,-0.164064,0.043413,-0.000547,-0.130044,0.073953,-0.054671,0.280871,0.080807,-0.092564,0.202873,-0.292021,0.111681,-0.046481,0.000537,0.088777,0.04488,-0.089607,0.009655,0.033447,-0.018745,0.154348,-0.078381,0.256937,0.330113,0.025439,-0.072303,0.138191,0.074446,0.216029,0.048167,-0.016132,-0.019525,-0.115929,-0.01257,-0.07563,-0.109151,0.079777,-0.046502,0.229742,-0.171395,-0.046485,0.155837,-0.034727,0.028996,-0.062203,0.250105,0.123412,0.069184,-0.111991,0.191179,0.239416,0.23574,-0.011434,0.231123,0.107694,0.224181,0.018545,0.012489,0.21055,-0.141668,0.19755,0.241421,0.14992,0.293753,0.258688,0.030951,-0.054363,0.260341,0.208049,-0.057477,0.104853,-0.154918,-0.030789,0.070736,0.00936,-0.152315,-0.004803,0.164172,0.305201,0.189232,0.072097,-0.173502,0.124269,0.234584,0.232039,0.134584,-0.002669,0.204991,0.064184,-0.002674,0.151765,0.144074,-0.005588,-0.132848,-0.024181,-0.050543,0.050243,0.395704,0.100212,0.132644,-0.045358,-0.052538,0.335995,-0.478413,0.404195,0.098187,0.086892,-0.049728,0.126413,0.071546,0.129093,-0.101683,0.073998,0.005886,0.117259,-0.180866,-0.0059,0.001621,0.013085,0.125656,0.066598,0.005724,-0.281668,-0.037672,-0.175608,-0.039179,0.027531,-0.074821,-0.045397,0.136844,-0.009763,0.060557,-0.078681,#
19,-0.256563,-0.055799,-0.044609,-0.048851,-0.266859,-0.091585,-0.024654,0.033796,-0.022219,-0.017352,0.077437,-0.31958,0.050358,-0.0854,-0.073325,-0.097763,-0.162125,0.278493,0.068497,1.0,0.075101,0.250959,0.091629,-0.062695,-0.054825,0.092759,0.212362,0.168295,-0.124043,-0.000336,0.231097,-0.003616,0.376316,0.091253,0.256763,-0.16905,0.008593,0.073703,-0.0822,-0.102696,0.074255,0.18507,-0.139541,-0.11491,-0.042882,-0.171698,-0.007551,0.120368,-0.016313,-0.104356,0.156977,0.079891,-0.222211,-0.011669,-0.212216,0.185285,0.039819,-0.09896,0.081815,-0.151224,0.019874,-0.215712,0.032457,-0.067464,0.017081,0.017844,0.348239,0.144218,-0.003705,0.218495,0.050703,0.003396,0.022097,0.207352,0.210002,-0.158891,0.292579,-0.076704,0.107234,0.159061,0.054968,0.174552,0.030989,-0.13522,0.290308,0.26968,-0.058069,0.308661,0.193822,0.114059,0.066183,-0.057814,-0.233126,0.16329,0.181159,0.296269,0.305442,-0.004911,0.097925,-0.047036,-0.067524,-0.144032,-0.167052,0.200989,0.099698,0.289205,0.012912,0.25974,0.036649,0.120833,0.484369,-0.201194,0.18911,-0.145336,0.226611,0.159568,0.143104,0.115708,0.243487,-0.049586,0.068782,0.19102,0.107996,-0.087922,-0.20614,0.32852,0.071012,0.141348,0.130032,0.046969,0.063321,0.177986,0.150036,0.053665,0.143472,0.126978,-0.201395,0.272291,-0.000668,0.226836,0.265134,-0.042044,0.125815,0.082057,0.113907,0.056925,0.239266,0.023012,0.287069,0.264199,0.181904,-0.029995,0.302023,0.321911,0.192795,0.456477,0.070601,-0.212486,0.31432,0.154679,-0.006079,0.129399,-0.100978,0.440612,0.132219,-0.052097,0.135691,0.105911,-0.122209,0.263074,-0.144965,-0.22666,0.308171,0.132922,-0.061071,0.349633,0.28886,0.051922,0.087493,0.220298,0.027026,0.003059,-0.437978,-0.079898,-0.156437,0.284847,-0.026825,0.078217,-0.321212,0.148328,0.056785,-0.200535,-0.267833,-0.273837,-0.163092,-0.018604,-0.060626,0.188,0.079387,-0.03504,#
20,-0.286561,-0.040974,-0.057692,-0.101958,0.010341,0.103098,-0.010493,-0.064879,-0.181571,0.115475,-0.170357,-0.052038,-0.172485,-0.010064,-0.203147,0.040832,-0.288048,0.19924,0.010713,0.075101,1.0,-0.296915,0.059935,-0.111323,0.015784,0.11959,0.092053,-0.109701,-0.0979,0.160147,0.003168,-0.093521,-0.034824,0.23803,0.03114,0.045286,-0.010702,-0.070786,-0.029024,-0.133328,0.013663,-0.087729,0.197699,0.07922,0.001219,-0.001128,-0.220356,0.092224,0.170109,-0.322778,0.041458,-0.154972,-0.108668,-0.015284,-0.13748,-0.039292,0.156797,-0.134956,0.144935,0.091613,0.08788,-0.000702,-0.136275,-0.188203,-0.342223,0.012348,-0.205403,0.234396,0.111142,-0.019221,0.058708,0.044356,-0.174037,0.132784,0.258305,0.03705,0.174805,0.167456,-0.014403,-0.012957,0.069575,0.087274,0.054262,-0.032696,-0.020036,-0.092907,-0.076125,0.292361,0.13639,0.285531,-0.04173,-0.034498,0.05065,-0.05527,-0.083334,0.014455,0.031277,-0.074784,-0.040805,0.315588,-0.18234,0.135384,-0.036111,0.020707,-0.023494,0.001677,-0.134769,-0.040365,0.153167,-0.39419,0.138755,0.048566,0.000376,-0.074269,0.230168,0.204873,0.099257,0.098011,-0.066488,-0.064603,0.184563,0.230237,0.175232,0.037956,-0.110607,0.089204,0.176631,0.21783,0.078255,0.062182,0.053366,0.052419,-0.128795,0.046499,0.085072,0.128464,-0.239012,0.22775,0.125673,0.13475,-0.009396,0.018936,-0.061265,-0.109615,0.102954,0.121604,0.350857,0.210003,-0.042684,-0.051508,-0.214637,0.074179,0.117446,0.002775,-0.021544,0.004037,-0.016882,0.036564,0.046546,0.021591,-0.003093,0.060343,0.123763,0.076156,-0.083974,0.123054,0.017502,-0.0607,-0.090643,0.264327,-0.154502,-0.030393,-0.15728,0.04683,-0.039985,-0.00494,0.096204,0.090943,-0.020148,-0.042517,0.125782,-0.231182,-0.096111,0.100054,0.166098,-0.256488,0.017954,-0.05797,0.027248,0.061671,-0.017742,0.025939,-0.162537,-0.243978,-0.029383,0.02769,0.033537,-0.015156,0.114436,0.085467,#
