0,1.0,0.212206,-0.2867,-0.070524,0.297867,0.223646,0.078046,-0.180855,0.215597,0.36448,0.275356,-0.000863,0.308265,0.146551,0.162424,0.166511,0.019403,-0.009779,-0.098193,-0.225968,0.316058,-0.072512,0.182381,-0.144761,0.071525,-0.350958,-0.076192,-0.371813,0.118847,0.195202,-0.342642,0.222378,0.063451,-0.312739,-0.105267,0.096448,-0.035974,-0.375382,-0.11341,0.071811,0.121225,0.072724,-0.354476,-0.041819,0.098932,-0.162055,-0.158516,-0.109711,-0.010781,-0.083152,0.074783,-0.217921,-0.059624,0.01952,0.196899,0.198458,-0.408894,0.187746,-0.163293,-0.033597,0.059458,0.245899,0.164395,-0.456044,0.034726,0.194759,-0.063404,0.204732,0.196884,-0.026975,-0.248283,-0.022161,0.120293,-0.187913,-0.195091,0.026658,-0.179917,-0.202248,-0.176729,-0.060323,-0.21883,-0.254874,-0.109104,-0.321266,-0.258814,-0.245419,-0.202687,-0.132552,-0.176132,-0.217096,-0.154556,-0.60023,-0.187921,-0.05507,-0.310379,-0.165777,-0.167316,-0.12947,-0.360156,-0.247048,-0.027853,-0.341855,-0.220082,0.039161,-0.335274,-0.185476,-0.271693,-0.088006,-0.078207,-0.190238,0.086674,-0.189352,-0.191334,-0.301859,-0.240195,-0.269918,0.042464,-0.17615,0.041048,-0.15446,-0.473066,-0.181324,-0.357226,0.11163,0.134008,-0.074546,-0.32574,0.221199,-0.067695,-0.412703,-0.30068,-0.187199,-0.449275,-0.260746,-0.058367,-0.26133,0.091964,-0.421025,-0.184768,-0.420208,-0.227989,-0.239044,-0.417124,-0.200126,-0.100786,-0.178589,-0.387314,0.444951,-0.215322,-0.130498,-0.274895,-0.218843,-0.040333,-0.281805,-0.220373,-0.139586,-0.155044,0.245145,-0.40318,-0.362937,-0.25019,-0.254185,-0.121317,-0.003519,-0.178809,0.441519,-0.305468,0.272812,-0.376596,-0.26271,0.096278,0.169004,-0.256437,-0.048908,0.360906,-0.090865,-0.105698,0.138371,0.375744,-0.024331,0.296077,0.257545,0.061344,0.380265,0.324677,-0.198806,0.016158,-0.031831,0.025264,0.387106,-0.211943,0.204349,0.337898,0.251593,0.085564,-0.024947,0.040098,-0.054754,-0.216225,-0.035512,#
1,0.212206,1.0,0.006378,-0.346493,0.186577,0.197915,0.063187,-0.329208,0.189129,0.226905,0.047363,0.092478,0.002948,0.390983,0.310985,-0.127261,-0.247063,0.23481,0.130355,-0.100541,0.05512,0.044644,0.250225,-0.046958,0.076499,-0.249302,0.322006,-0.107947,0.221043,0.369274,-0.406794,-0.062048,-0.010188,-0.251803,-0.11065,0.088658,0.07857,-0.262182,-0.120629,0.060107,0.123641,0.232002,-0.15778,0.022419,0.095589,-0.19157,0.254408,0.312458,-0.206862,-0.02018,-0.299855,-0.376909,0.063148,-0.321715,0.099792,0.060669,-0.201016,0.310713,0.036175,0.294132,0.175928,0.293559,0.175844,-0.052033,0.072649,0.276798,-0.154768,0.188492,0.271355,0.033626,-0.068704,0.122036,0.118437,-0.106811,-0.193271,0.146827,-0.317526,-0.148442,-0.217699,-0.022365,-0.09935,-0.554323,-0.288162,-0.1322,0.060727,-0.036385,0.024644,-0.449411,0.056321,-0.229698,-0.161922,-0.128504,-0.292177,0.308818,-0.028851,-0.1208,0.129644,-0.051101,-0.033159,-0.193842,0.250729,-0.163284,-0.149087,-0.10816,-0.062174,-0.175604,-0.106233,-0.440278,0.125512,-0.168645,0.274849,-0.134096,-0.345755,-0.106014,-0.250652,-0.250869,-0.264129,0.01255,-0.027199,-0.423248,-0.08012,-0.272817,-0.263026,-0.307069,0.133031,-0.159035,0.240506,0.191903,-0.294858,-0.310096,-0.065234,-0.21411,-0.235862,-0.232339,-0.120046,-0.314244,-0.156511,-0.178512,0.062673,-0.643092,-0.235648,-0.022468,-0.309785,-0.270563,-0.1241,-0.350603,-0.020619,0.308338,-0.022014,-0.112095,-0.285883,-0.168286,-0.152729,-0.2176,-0.057265,-0.139255,0.235096,0.427988,0.089952,-0.156089,-0.209697,-0.252773,-0.071576,0.117308,0.071416,0.161285,-0.20778,-0.035194,-0.289169,-0.363659,-0.076084,0.175399,-0.230424,-0.137231,0.000523,-0.392066,-0.231487,0.134232,0.352556,-0.242145,0.516876,-0.009741,-0.159009,0.211394,0.307934,-0.181802,0.334952,0.012692,-0.170495,0.360034,-0.268898,0.218324,0.269509,0.186159,-0.102868,-0.19221,-0.114165,-0.310522,-0.068817,-0.135262,#
2,-0.2867,0.006378,1.0,0.190847,-0.011918,-0.028816,0.121696,0.284638,-0.017764,-0.148979,0.078331,0.22616,-0.294373,-0.100579,-0.215619,-0.109043,0.074888,0.192274,-0.083111,0.098478,0.079448,0.066036,0.12331,0.152742,0.338574,0.196029,-0.14152,0.098132,0.012266,-0.136363,0.067517,0.039309,-0.068755,0.074077,-0.018136,0.104998,0.181523,-0.066473,0.110659,-0.070953,0.126926,0.095193,0.058535,-0.175512,0.140099,-0.079209,-0.250691,-0.047265,-0.033486,0.070225,0.134902,0.182285,0.009115,0.102401,-0.009527,-0.208907,-0.081993,0.071056,-0.076129,0.055999,0.02793,-0.150511,-0.159675,0.282785,0.164531,0.176472,-0.039184,0.104644,0.037215,0.126844,0.00677,-0.21701,-0.012338,-0.023843,0.096993,-0.038495,-0.093466,0.022624,-0.248252,-0.182021,0.267944,0.030899,-0.030144,0.246726,0.05859,0.020546,0.168084,-0.002098,0.001905,-0.055733,0.158661,-0.009458,-0.036878,-0.145106,-0.06617,-0.081653,0.204575,0.144426,0.346513,0.010187,0.071315,0.105957,0.090579,0.062367,-0.095273,0.14543,0.021112,0.208858,-0.051346,0.038775,0.025888,-0.090902,-0.057222,0.17549,0.161396,0.138198,-0.225546,-0.057681,-0.008546,0.114809,0.054273,-0.026318,0.330372,-0.000701,-0.070043,0.06686,0.070207,-0.305517,-0.260359,0.057467,-0.029113,-0.06599,0.0897,0.081743,0.086742,-0.085084,-0.013886,0.230157,0.075949,0.104291,-0.002236,0.343604,-0.037427,-0.034486,-0.093643,-0.117373,0.049125,0.009815,0.093827,0.00628,0.139872,-0.119805,-0.011763,0.035307,0.127859,-0.188458,0.168599,0.096214,0.248514,0.178727,0.463343,0.037718,0.317067,0.098618,0.008051,-0.043435,0.166889,-0.411117,0.154128,0.051803,0.243652,-0.103779,0.041369,0.117583,-0.209845,0.017258,-0.146514,0.073969,-0.144457,-0.107078,-0.180937,-0.065106,0.114944,-0.138639,-0.1153,-5.8e-05,0.063128,-0.19467,0.133024,-0.126217,-0.071301,0.067072,0.089862,0.040358,-0.058015,0.27201,0.150879,-0.25368,0.005049,0.001095,#
3,-0.070524,-0.346493,0.190847,1.0,0.035363,-0.065118,-0.162932,0.318991,-0.051302,-0.12039,-0.06234,-0.048784,-0.074974,-0.144142,-0.006496,-0.002499,0.124718,0.102989,-0.253768,0.153241,0.01878,-0.138323,-0.051521,0.041405,0.29482,0.226387,-0.310983,-0.078266,-0.19258,-0.09633,0.388524,0.116259,0.154916,0.216463,0.050087,0.216627,0.019182,0.150491,0.065335,-0.095981,0.136771,-0.123085,-0.078524,-0.236009,0.167632,-0.138382,-0.193275,-0.23333,0.148428,-0.067699,0.107911,0.342714,0.06013,0.219562,-0.094426,-0.017637,-0.027174,-0.021864,-0.060367,-0.306303,-0.198872,-0.017449,-0.091652,-0.146947,-0.129593,-0.048993,0.28739,-0.194107,-0.177202,0.053337,-0.165222,-0.160389,-0.005266,0.271421,0.349304,-0.146064,0.152607,0.187529,0.157303,0.179139,0.14507,0.314257,0.040354,0.143563,0.077458,-0.087733,0.152655,0.088873,0.248042,0.160419,0.195977,0.066735,0.204911,-0.093831,-0.08797,-0.050721,-0.222111,0.085273,0.328848,0.17386,-0.188861,0.27159,0.349808,0.409108,0.058337,0.192183,0.062088,-0.027164,0.09486,0.197127,-0.076697,0.061917,0.289418,0.243519,0.073451,0.444369,0.400841,0.081364,0.238382,0.054312,0.112966,0.115979,0.276862,0.151181,-0.009935,0.081324,-0.071034,-0.007134,0.079386,0.277051,-0.002326,0.074108,0.121783,0.054364,0.017465,0.220554,-0.003986,-0.012323,-0.053782,0.165057,0.031244,0.009281,0.097785,0.02036,0.246797,0.038733,0.15241,-0.121375,0.256869,0.163851,0.184221,0.165488,0.056214,0.164346,0.290935,0.292104,-0.240079,-0.132667,0.066263,0.094395,0.246008,0.324214,0.001085,0.163746,0.237676,-0.23748,0.152048,-0.047384,0.192357,0.251063,-0.14877,-0.196984,0.10477,0.241688,-0.058708,0.378232,-0.120313,-0.134666,-0.336357,-0.053781,-0.376154,-0.085158,-0.220103,-0.286979,-0.232835,0.142887,-0.438462,-0.070083,0.041001,-0.355257,0.268572,-0.123803,-0.020214,0.055997,-0.147371,-0.027364,-0.014969,0.365815,0.185114,0.13863,#
4,0.297867,0.186577,-0.011918,0.035363,1.0,0.129301,0.052708,-0.110725,0.114867,0.230366,0.284521,0.144322,0.055854,0.135849,0.002777,0.274064,0.100449,-0.108769,0.267358,-0.200245,0.219543,-0.159809,0.245466,0.030161,-0.07483,-0.213344,0.111894,-0.044755,0.312018,0.118705,-0.217897,0.062556,-0.031163,-0.068127,0.002593,0.12847,-0.01361,-0.151539,0.042239,-0.054673,0.266314,0.015198,-0.169441,-0.140492,0.160235,-0.113603,0.004108,0.10845,0.119617,-0.02934,0.115935,-0.225968,0.324554,-0.135801,0.094863,0.054342,-0.335089,0.25204,0.028472,0.066747,-0.033944,0.167445,-0.067433,0.049892,0.071957,0.176152,0.036766,0.230368,0.189134,-0.09012,-0.168581,0.175925,0.169884,-0.196101,-0.125581,0.220771,-0.243127,-0.02508,-0.174887,0.01029,-0.10941,-0.344191,-0.312179,0.167915,-0.333233,-0.010886,-0.107611,-0.332599,0.095846,-0.335593,-0.299124,-0.384687,-0.254231,-0.052502,-0.322542,-0.166875,-0.044419,-0.106071,-0.179617,0.051585,0.234799,-0.207195,-0.20337,0.058119,-0.334426,-0.172155,-0.053871,-0.118801,0.010024,0.013524,0.138772,-0.05227,-0.125041,-0.186427,-0.329723,-0.196015,0.060741,-0.083643,0.17963,-0.368939,-0.232902,-0.396366,-0.336724,-0.185426,0.177567,-0.252704,0.050712,0.00534,0.034386,-0.391034,-0.239141,-0.020702,-0.132188,-0.082245,-0.156948,0.088165,-0.270904,-0.232375,-0.273185,-0.419688,-0.35369,-0.041146,-0.480191,-0.014739,-0.114075,0.007603,-0.08447,0.179098,-0.218096,-0.365749,-0.230226,-0.087666,0.080579,-0.229598,0.189769,-0.277535,-0.001478,0.375883,-0.047959,-0.192116,-0.103562,-0.32403,0.07345,-0.095617,-0.071145,0.251017,-0.091997,0.072207,-0.150784,-0.106455,0.129675,0.270793,-0.252858,-0.016943,0.114676,-0.226264,-0.187724,0.131848,0.141746,0.044906,0.367646,0.073735,-0.067408,0.118873,0.043467,-0.051171,0.029485,-0.050382,0.020095,0.068602,-0.197659,0.100038,0.312309,0.325403,-0.264168,0.007067,0.226974,-0.130752,-0.011483,0.097623,#
5,0.223646,0.197915,-0.028816,-0.065118,0.129301,1.0,0.226548,-0.207069,0.347868,0.272234,0.30836,0.033179,0.133491,0.214796,-0.060653,0.264965,-0.002445,-0.094683,0.091264,-0.119674,0.243521,0.171638,0.410741,-0.231262,-0.073266,-0.449671,0.062033,-0.121534,0.093565,0.244434,-0.249906,0.212749,-0.194178,-0.166963,-0.150014,-0.020849,-0.00668,-0.382888,0.236964,-0.127324,0.14939,0.200584,0.198217,-0.055727,-0.299461,-0.162648,0.14535,-0.161541,0.320919,-0.058547,0.109836,-0.102227,0.093678,-0.241489,0.212419,0.422971,-0.449423,0.223543,-0.314641,0.130859,0.149567,0.14774,-0.036545,-0.16322,0.138615,0.229578,-0.11801,0.200839,0.006185,-0.039657,-0.286869,0.061816,0.177461,-0.209809,-0.365476,0.086911,-0.089514,-0.192716,-0.254966,-0.167607,-0.274637,-0.277079,-0.141135,0.158058,-0.256553,-0.093526,-0.170633,-0.075643,-0.025454,-0.063354,-0.062335,-0.181761,-0.338434,0.216822,-0.087178,-0.136108,0.081612,-0.184822,-0.176989,-0.183153,0.357985,-0.143623,0.033945,-0.296032,-0.146599,-0.315319,0.093383,-0.139948,-0.208737,0.11433,-0.034912,-0.071644,-0.145101,-0.116336,-0.0757,-0.313924,-0.106375,-0.173518,-0.023789,-0.073977,-0.145312,0.000133,-0.152764,-0.342101,-0.101053,-0.085703,0.148984,0.307909,-0.284146,-0.227259,-0.170399,-0.028283,-0.445028,-0.031029,-0.089239,-0.180819,0.171195,-0.227409,0.140295,-0.416928,-0.096704,-0.019932,-0.163208,-0.124947,-0.007171,-0.311995,-0.26502,0.37392,-0.236937,0.030083,0.028296,-0.183378,0.099772,-0.393565,-0.216232,-0.117601,-0.011559,0.019869,-0.317187,-0.192418,-0.278322,-0.221382,-0.149651,-0.011772,-0.06949,0.246732,-0.11312,-0.190387,-0.248398,-0.304778,0.050132,0.096104,0.17866,-0.130501,0.44982,-0.331651,-0.40065,0.287935,0.082266,0.005503,0.28475,0.165713,0.088334,0.295538,-0.100318,-0.144117,0.104665,0.122272,-0.125605,0.303826,-0.2285,0.086681,0.023665,0.187536,-0.048536,0.175123,0.122724,-0.186063,-0.176846,-0.009377,#
6,0.078046,0.063187,0.121696,-0.162932,0.052708,0.226548,1.0,-0.138691,0.156891,0.194472,0.255388,0.095293,0.122524,-0.190743,0.104166,0.025721,0.078681,0.053748,0.112564,-0.037156,0.361639,0.145696,0.095041,-0.171982,0.011255,-0.357202,-0.090825,-0.071692,0.108054,-0.038403,-0.104389,-0.174719,-0.145468,-0.094494,-0.058666,-0.226171,0.239935,-0.11497,-0.062494,0.177466,-0.008168,0.215219,-0.037833,0.055213,-0.024142,-0.092309,-0.068913,-0.03554,0.157834,0.290129,0.147022,-0.293481,-0.103088,-0.227997,0.025894,0.185609,-0.090937,0.156917,-0.051853,0.162821,-0.040912,0.31909,0.045748,0.155364,0.057795,0.133705,-0.237858,-0.003103,0.157988,-0.008697,0.034301,-0.159729,0.084075,-0.260715,-0.366511,-0.130723,-0.121296,-0.244135,-0.35647,-0.075065,-0.113109,-0.261765,-0.101481,0.046031,-0.19491,0.116488,0.061963,-0.025115,-0.108534,-0.201448,0.038719,-0.097213,-0.155697,0.147309,0.128801,-0.200967,-0.000595,-0.237277,0.003095,-0.151025,0.178518,-0.407276,-0.216145,-0.221505,-0.164079,-0.056128,-0.249947,0.124133,-0.126351,-0.136151,-0.019015,-0.206088,-0.282408,-0.189007,-0.005097,-0.241929,-0.282939,-0.401924,0.062126,-0.064651,-0.036798,-0.15237,-0.202803,-0.203048,-0.178857,0.156785,0.218882,0.240025,-0.164277,-0.210048,-0.014959,0.132842,-0.028533,0.00928,0.023057,-0.011215,0.063228,-0.166697,-0.083222,0.064625,-0.007106,0.214399,-0.045965,0.036233,-0.228216,-0.17541,-0.111874,0.533378,-0.150777,0.055803,0.074687,-0.231873,0.063016,-0.047572,-0.128709,-0.091232,0.089429,0.145899,-0.143315,-0.012325,0.021737,-0.198123,-0.032731,0.021292,-0.026975,0.200539,-0.193776,-0.265054,-0.065691,-0.114382,0.219179,0.082347,0.114939,-0.156221,0.014432,-0.155672,-0.023942,0.308156,0.193317,0.035735,0.126771,0.144582,0.266715,0.146725,-0.037548,0.022788,0.172269,0.020892,-0.16568,0.055887,-0.147289,0.22442,0.081221,0.231037,0.113459,0.428381,0.026132,-0.065569,-0.26063,0.004666,#
7,-0.180855,-0.329208,0.284638,0.318991,-0.110725,-0.207069,-0.138691,1.0,-0.153536,-0.198352,-0.256803,-0.17238,-0.155005,-0.314978,0.074817,-0.02907,-0.013594,-0.029819,-0.140801,0.235343,-0.068771,-0.005159,-0.218299,0.278021,0.335523,0.215662,-0.221223,0.147941,-0.315,-0.168441,0.263745,0.097324,0.061108,0.15327,0.071126,0.160722,0.050882,0.25735,0.219831,-0.106884,-0.055814,-0.042699,0.108065,-0.097128,0.297548,-0.014167,-0.127563,0.152985,-0.140943,-0.32934,0.113363,0.276106,-0.005907,0.121373,-0.077187,-0.170924,-0.064496,-0.053095,0.104048,-0.306815,-0.168853,-0.288647,-0.269634,0.024417,-0.315206,0.027523,0.272515,-0.030129,-0.035469,0.111814,-0.083967,0.023404,0.176918,0.117414,0.286642,-0.033761,0.266125,0.038811,0.076154,0.077398,0.153587,0.238473,0.028506,0.043424,0.014689,0.038651,0.062474,0.126373,0.175389,0.028339,0.250215,0.01906,0.087075,-0.370352,-0.058123,-0.041726,0.110109,0.2966,0.182652,0.14396,-0.188341,0.251404,0.454965,0.11327,0.132756,0.20104,0.072366,0.246229,0.124155,-0.103744,0.090347,0.032241,0.339181,0.093943,0.122496,0.340639,0.221203,0.061807,-0.105961,0.017586,0.193544,0.028919,0.10928,0.206974,0.061508,-0.030994,-0.235837,0.032588,0.064683,0.393439,0.055256,-0.117024,0.083802,-0.058254,0.102228,0.242125,-0.182829,0.158495,0.223158,0.272693,0.06699,0.09625,0.24585,0.039819,0.12248,0.130619,0.000568,-0.210008,0.150573,0.19455,0.122081,0.244424,-0.144914,0.102958,0.246248,0.18112,-0.027319,-0.209502,0.077221,0.003645,0.339439,0.312494,0.044614,0.142322,0.180951,-0.23022,0.152845,-0.040514,0.375971,0.110463,-0.09209,-0.10085,0.065558,0.045419,-0.218766,0.160794,-0.153186,-0.292383,-0.276394,-0.163585,-0.4392,-0.08512,-0.26823,-0.218045,-0.281963,-0.146625,-0.048759,-0.123352,0.106882,-0.335557,0.281366,-0.168538,-0.163965,-0.126502,-0.042821,0.17149,0.081263,0.19301,0.186472,-0.128426,#
8,0.215597,0.189129,-0.017764,-0.051302,0.114867,0.347868,0.156891,-0.153536,1.0,0.36467,0.039778,0.059205,0.028917,0.206367,-0.239407,0.067847,-0.175975,0.288066,0.318735,0.035489,0.140412,0.053095,0.458779,-0.133509,0.084195,-0.414361,-0.157157,-0.256306,0.192698,0.240043,-0.172499,-0.055841,-0.194797,-0.083283,-0.126016,0.390869,0.222467,-0.432999,0.122921,-0.135599,0.112223,0.099375,-0.065351,-0.02112,-0.050653,0.035471,0.114353,0.143276,0.146041,0.075804,0.285836,-0.224681,0.079095,-0.021191,-0.124219,0.093007,-0.223665,0.301043,-0.255583,0.101121,0.268944,0.126467,0.046132,-0.215508,-0.13174,0.280705,0.148562,0.260829,0.311188,-0.048224,-0.148843,0.165001,-0.08379,-0.063511,-0.385571,0.22223,0.046583,-0.124044,-0.18279,0.078244,-0.036586,-0.292659,-0.15105,0.086228,0.009311,-0.176761,-0.182382,-0.17748,0.052572,-0.007481,-0.410155,-0.185322,-0.266515,0.129284,-0.265072,-0.239432,0.060327,-0.049085,0.058467,-0.26948,0.158796,0.082223,-0.217344,0.148425,-0.18043,-0.257039,-0.241092,-0.127549,0.192457,-0.144976,0.207998,-0.232344,-0.138935,-0.205716,-0.180029,-0.239282,-0.020874,-0.191975,0.109341,-0.435017,-0.085855,-0.346183,-0.256858,-0.279546,-0.026003,-0.013445,0.032509,0.136219,-0.325005,-0.252504,-0.095947,-0.026037,-0.262056,-0.191715,-0.35639,-0.190616,-0.125932,-0.136116,0.166277,-0.343983,-0.202066,-0.211158,-0.333637,-0.289788,-0.277991,-0.456011,-0.091538,0.369099,-0.234416,-0.054456,0.115547,-0.452529,0.166841,-0.300017,-0.052268,0.053144,0.04562,0.440531,-0.165938,0.108128,-0.236617,-0.136208,-0.155292,0.235919,0.156529,-0.015516,-0.192955,-0.257528,-0.332779,0.046177,0.163777,0.205515,0.009362,-0.219189,0.172269,-0.254633,-0.19149,0.178745,0.215891,0.159535,0.256152,0.087576,-0.100001,0.087666,0.213525,0.143712,0.07666,0.094846,-0.292742,0.454091,-0.256264,0.160071,-0.001553,0.184793,-0.159579,0.077958,-0.072498,-0.161346,-0.039907,-0.150426,#
9,0.36448,0.226905,-0.148979,-0.12039,0.230366,0.272234,0.194472,-0.198352,0.36467,1.0,0.093415,0.185574,0.276373,0.149287,0.020824,0.31804,-0.05482,0.153958,0.195407,-0.191322,0.298237,-0.109495,0.24981,-0.408666,-0.10252,-0.318984,-0.11026,-0.158341,0.180461,0.298529,-0.183632,0.070219,-0.085018,-0.215694,-0.0621,0.109133,-0.107861,-0.438803,0.100058,0.199596,-0.015312,0.076308,-0.1721,0.006917,-0.071823,-0.048164,-0.0622,-0.089561,-0.140977,0.071012,0.164585,-0.567112,-0.047471,-0.11604,0.258032,0.235479,-0.237138,0.280605,-0.256832,-0.137819,0.165069,0.345349,-0.002558,-0.19876,-0.075612,0.152473,0.04334,0.088682,0.243774,-0.061175,-0.254463,0.185021,0.138024,-0.1758,-0.16777,0.10402,-0.274615,-0.145432,-0.367534,-0.165134,-0.273644,-0.31374,-0.077451,-0.094005,-0.241574,-0.213752,-0.155989,-0.13681,-0.176695,-0.086257,-0.227438,-0.297606,-0.27321,0.026727,-0.180302,-0.090117,0.086852,-0.032788,-0.227747,-0.173096,0.222741,-0.2236,-0.287024,-0.071154,-0.228612,-0.173844,-0.336705,-0.19417,0.058907,-0.130268,-0.029457,-0.125776,-0.20878,-0.269817,-0.327332,-0.051661,-0.233209,-0.304599,-0.207873,-0.273533,-0.236055,-0.175137,-0.439946,-0.221974,-0.043053,-0.119325,-0.080732,0.052839,-0.031903,-0.389565,-0.138578,-0.200824,-0.148297,-0.241087,-0.487638,-0.194004,0.036027,-0.279663,-0.121335,-0.324543,-0.120755,-0.298115,-0.389575,-0.167622,-0.216326,-0.231198,-0.067739,0.478051,-0.340345,-0.273103,-0.105929,-0.442881,-0.116723,-0.310336,-0.322947,-0.12237,0.01453,0.338269,-0.290088,-0.122157,-0.482367,-0.24658,-0.130992,-0.054834,0.017217,0.110945,-0.373002,0.014426,-0.169969,-0.057433,0.145426,0.151368,0.02186,-0.315375,0.153981,-0.228063,-0.089208,0.363743,0.218795,-0.152739,0.280819,0.24257,-0.000693,0.286825,0.283236,-0.177187,0.28461,-0.012613,0.03079,0.405156,-0.226812,0.048764,0.216946,0.347454,0.048332,0.055723,0.137374,-0.177639,-0.294768,-0.100343,#
10,0.275356,0.047363,0.078331,-0.06234,0.284521,0.30836,0.255388,-0.256803,0.039778,0.093415,1.0,0.068074,0.104768,-0.181779,0.072958,0.168344,0.284326,-0.227473,-0.114795,-0.134192,0.231293,0.008996,0.020867,0.036234,-0.030895,-0.186001,0.083083,-0.129308,0.170784,0.022156,-0.216081,0.160381,-0.017566,-0.220268,0.325779,-0.067615,0.132749,-0.208499,-0.145967,0.3061,-0.15281,-0.022132,-0.195317,-0.133925,-0.068374,-0.212662,-0.109488,-0.08255,0.225419,0.02565,0.144036,-0.141091,-0.106222,0.050982,0.481321,-0.004105,-0.397944,0.070443,0.103739,0.12902,-0.062212,0.304256,-0.126554,0.005263,0.14088,-0.064406,-0.245632,-0.046415,0.097986,-0.310927,0.036866,-0.12497,0.0791,-0.372089,-0.343607,0.076515,-0.253339,0.174148,-0.266559,-0.298135,-0.294535,-0.171529,-0.085228,-0.038577,-0.565482,-0.095906,-0.245084,0.002521,-0.291883,-0.319558,-0.067233,-0.319867,-0.117871,-0.199517,-0.14356,-0.151619,-0.156365,-0.202118,-0.116554,-0.121388,0.129295,-0.20602,-0.280582,-0.181157,-0.308412,-0.198961,-0.012844,0.242366,-0.269167,0.212692,-0.206883,-0.212824,-0.455369,-0.164951,-0.217492,-0.321737,-0.27575,-0.301892,-0.176285,0.200814,-0.49581,0.001427,-0.0043,0.054119,-0.12643,-0.084346,0.117369,-0.032182,-0.164298,-0.272872,-0.18911,-0.100358,-0.288298,-0.022807,-0.055056,-0.14459,0.059203,-0.308787,-0.242629,-0.145996,-0.306732,0.203309,-0.195684,-0.066341,-0.248112,-0.144198,-0.209885,0.155489,-0.161212,-0.232554,-0.087811,-0.146325,-0.112162,-0.300379,-0.119803,-0.334408,0.258282,-0.094988,-0.266272,-0.153912,-0.041267,-0.357132,-0.053348,-0.265548,-0.283443,0.187638,-0.111963,-0.050293,-0.36239,-0.336191,0.321085,0.104366,-0.252985,-0.157594,0.152303,-0.263109,-0.264003,0.401003,0.176973,0.325937,0.219353,0.113644,0.398092,0.189098,-0.008569,-0.091743,-0.084956,-0.105001,0.377688,0.125384,-0.44819,0.425282,0.185601,0.122431,-0.030103,0.001346,0.176323,-0.436415,-0.397457,-0.069793,#
11,-0.000863,0.092478,0.22616,-0.048784,0.144322,0.033179,0.095293,-0.17238,0.059205,0.185574,0.068074,1.0,-0.266691,0.14084,0.085247,0.354683,-0.061571,-0.081123,0.027364,-0.136831,0.135024,-0.366333,0.079101,-0.190025,0.027667,-0.13128,-0.022362,-0.150519,0.192594,0.269947,-0.211881,0.125437,-0.326453,-0.20419,-0.057994,0.146014,-0.30921,-0.045648,0.121855,0.354725,-0.032611,-0.128337,-0.108782,-0.052126,0.233451,0.144427,-0.168898,-0.13218,-0.17893,0.204331,0.253484,-0.181952,0.102144,0.115868,-0.183164,0.032181,-0.044548,-0.190216,-0.152252,-0.099748,-0.150173,0.269216,0.131862,0.110105,0.109042,-0.18382,0.156145,-0.01772,-0.082089,-0.17028,0.090586,0.083587,0.070147,-0.023383,-0.078552,0.057152,-0.340271,-0.216014,-0.164972,-0.282453,-0.087164,-0.032953,-0.080452,0.048736,0.02663,0.004069,-0.274973,-0.245206,-0.064867,-0.186625,-0.018283,-0.033888,0.005797,-0.19663,-0.284203,-0.227103,-0.246477,-0.245879,-0.35811,-0.055375,0.009572,0.078025,-0.11788,-0.106878,-0.294232,-0.156465,-0.17861,-0.067804,-0.157394,0.03008,-0.268929,0.141161,-0.158751,0.033987,-0.13807,-0.0389,0.009637,-0.064882,-0.001265,-0.234938,-0.269377,-0.171296,-0.112064,-0.052343,0.157537,-0.10384,-0.151067,-0.203663,-0.177957,-0.254252,0.019545,-0.31599,-0.080078,0.145076,-0.209759,-0.136435,0.181349,-0.019613,-0.056087,-0.160317,-0.265582,0.043338,-0.142188,-0.084521,-0.263885,-0.228071,0.257712,0.188076,-0.053245,-0.070065,0.039739,-0.343133,-0.176201,-0.274596,-0.202376,-0.150035,-0.056351,0.217055,-0.197861,-0.052478,-0.113696,-0.130182,-0.024934,-0.113512,-0.086475,-0.104228,-0.214618,-0.007353,0.048312,-0.139189,0.265502,-0.171945,-0.115983,-0.24539,0.253107,0.065839,-0.289479,0.132236,0.056795,-0.128025,0.016557,0.138838,0.103674,0.194906,0.200641,-0.034498,0.189241,-0.161409,-0.013207,0.084657,-0.276949,0.257923,0.274123,0.17773,-0.247867,-0.035941,0.099029,-0.23255,0.081584,0.335761,#
12,0.308265,0.002948,-0.294373,-0.074974,0.055854,0.133491,0.122524,-0.155005,0.028917,0.276373,0.104768,-0.266691,1.0,0.145183,-0.033289,0.018955,0.037425,-0.065547,0.096019,-0.001375,0.232563,0.143507,0.050247,-0.200363,0.072196,-0.264958,-0.02299,-0.187519,0.179942,0.004628,-0.00513,0.243364,-0.071814,0.02069,-0.350573,-0.303545,-0.077127,-0.150798,-0.046363,-0.209739,-0.100852,0.219169,-0.12831,0.031715,0.050241,-0.224822,0.084711,0.088939,-0.006958,0.002184,0.075727,-0.054319,0.142656,-0.061367,0.223442,0.214124,-0.136679,0.183017,-0.050839,0.038263,0.075647,0.00599,0.038878,-0.313954,-0.12575,0.281183,-0.070245,0.18309,0.138676,0.096398,-0.058569,0.03245,-0.019946,-0.139814,-0.089268,0.024069,0.011388,-0.167945,0.09807,-0.079956,-0.158104,-0.251727,0.100011,-0.026981,-0.073495,-0.177394,-0.018034,-0.061663,-0.056518,-0.165193,0.093242,-0.237129,-0.196387,0.201939,0.157796,0.106822,0.132192,0.014485,-0.156098,-0.067496,0.222485,-0.157734,-0.027773,-0.106492,0.032286,-0.161378,0.084558,0.037744,-0.19194,-0.26778,0.312149,-0.196295,0.006419,-0.167921,0.103242,-0.258286,0.058484,-0.026404,-0.062581,0.053629,-0.028444,-0.212448,-0.347499,-0.051917,-0.024236,0.042654,-0.229184,0.159882,0.143976,-0.126169,-0.254902,0.282446,-0.076246,-0.081027,-0.026391,0.087105,-0.077504,-0.265968,-0.058307,-0.188031,-0.072317,0.175158,-0.054477,0.02857,-0.006343,0.212061,-0.179876,0.341511,-0.188436,-0.14546,-0.163884,-0.096144,0.045539,-0.13614,-0.116205,-0.103773,0.227861,0.096329,-0.024731,-0.075837,-0.100736,0.033555,-0.036961,0.028951,0.033739,0.111891,0.097335,-0.10782,-0.003031,0.04233,0.062005,0.304543,0.22824,0.070533,0.099637,-0.099919,0.118564,0.031113,0.08221,-0.053524,0.288244,-0.01852,0.128164,0.067913,0.027355,0.112141,0.147361,0.091462,0.107287,0.201239,0.125649,-0.00663,-0.038168,0.019405,0.094571,0.105714,0.061707,0.047503,-0.158769,-0.057176,#
13,0.146551,0.390983,-0.100579,-0.144142,0.135849,0.214796,-0.190743,-0.314978,0.206367,0.149287,-0.181779,0.14084,0.145183,1.0,0.060043,0.243423,0.001933,0.054861,0.103893,-0.197745,-0.186618,0.135125,0.303346,-0.290093,-0.172319,-0.252494,0.056652,-0.15555,0.157134,0.225174,-0.341142,0.122309,-0.266804,0.011165,-0.241314,0.127095,-0.125959,-0.088482,0.231367,-0.284333,0.089743,0.107224,-0.067496,0.220216,-0.073313,-0.134121,0.231656,0.10595,-0.170786,0.005311,-0.139649,-0.096081,0.211574,-0.285862,-0.149597,0.144365,-0.134695,0.282943,-0.195734,0.25024,0.250778,0.028585,-0.004169,-0.193363,-0.000304,0.229055,-0.00906,0.289465,0.155135,-0.042347,-0.015538,0.131519,-0.20709,0.264046,0.11306,0.209008,-0.094983,-0.273186,-0.252945,0.092334,0.073072,-0.284855,-0.065942,0.13597,0.223204,0.217471,-0.100071,-0.169794,-0.0028,-0.013885,-0.178699,-0.170992,-0.183133,0.369255,-0.099882,0.070707,0.182945,0.05307,0.138918,-0.115186,0.354036,-0.07861,-0.132753,-0.028806,0.157402,-0.230912,-0.137477,-0.439205,0.136333,0.000558,0.162539,0.106766,-0.042155,0.049515,-0.000283,-0.055425,-0.015325,0.22973,-0.05581,-0.32153,-0.001132,-0.253986,-0.142501,-0.256216,0.02692,0.000844,-0.083614,0.124485,-0.118591,-0.234112,-0.072679,0.089148,-0.345711,-0.192004,-0.08176,-0.179766,-0.132344,-0.019219,0.175232,-0.320599,-0.160102,-0.166118,-0.295358,-0.179997,0.1189,-0.201157,0.000515,0.105488,-0.103321,0.035514,-0.161068,-0.17229,0.249426,-0.138737,-0.108817,0.059721,0.14973,0.260695,0.170514,-0.009466,-0.276957,-0.211314,0.310369,0.386455,0.151485,0.245602,0.048098,-0.07237,-0.078251,-0.025766,-0.214209,0.145602,0.065529,0.065517,0.105749,-0.118493,0.00909,-0.138765,0.145576,0.061909,0.445722,-0.155697,-0.145178,0.219365,0.165316,-0.243585,0.355407,0.095717,-0.249412,0.150825,-0.009765,-0.216183,0.068968,0.137237,-0.029281,-0.322532,-0.156519,-0.178026,-0.054902,-0.128634,#
14,0.162424,0.310985,-0.215619,-0.006496,0.002777,-0.060653,0.104166,0.074817,-0.239407,0.020824,0.072958,0.085247,-0.033289,0.060043,1.0,0.184867,0.233991,-0.165654,-0.13307,-0.049806,-0.180908,-0.074702,-0.189616,-0.058595,0.060146,-0.048739,0.210749,0.053277,-0.130758,0.009145,-0.141166,0.002093,-0.010945,-0.171712,0.194815,-0.061254,-0.043207,0.161872,-0.033923,0.436522,-0.03064,-0.046529,-0.279153,-0.115805,0.294784,-0.441933,0.194541,0.011585,-0.036031,-0.107892,-0.050657,-0.074663,-0.134822,-0.112205,0.013234,0.143695,-0.040633,-0.027743,0.244998,0.14894,-0.303875,0.579642,-0.037668,0.140738,-0.217442,7e-06,-0.013021,-0.129725,0.130098,-0.266533,0.162337,-0.166053,-0.111759,-0.010834,0.211289,-0.034562,-0.414526,-0.130741,-0.337132,-0.030257,-0.055138,-0.222109,-0.122914,-0.130005,-0.148478,-0.038423,-0.007126,-0.185353,-0.038089,-0.047032,0.031584,-0.159071,-0.067191,-0.007764,-0.032838,-0.098013,0.020039,-0.080291,-0.247841,-0.158846,-0.005227,-0.173577,0.009401,-0.03891,0.066357,-0.037064,-0.142832,-0.162373,0.091985,-0.082739,-0.134993,0.016802,-0.316699,0.032197,-0.241266,-0.174523,0.005152,-0.134506,0.102249,-0.219873,-0.120643,0.065717,-0.174777,0.041101,0.222154,-0.11461,-0.175539,0.098293,0.037882,-0.170537,-0.15353,-0.261432,-0.148485,-0.196743,-0.033412,-0.18352,-0.014214,-0.150945,-0.14051,0.051642,-0.225231,0.046323,0.094054,-0.168741,-0.159672,-0.043164,0.058839,0.093404,-0.081231,0.025235,-0.162209,0.031678,-0.335066,-0.155038,-0.021245,-0.036627,0.154819,-0.06668,-0.149426,-0.173951,-0.120393,-0.023005,-0.007978,-0.116085,-0.141877,0.016612,-0.164252,0.161664,-0.043169,-0.444034,0.019041,-0.158661,-0.160455,-0.127684,-0.122036,-0.060203,-0.282649,-0.098087,0.073495,-0.070895,0.184512,-0.041173,-0.022626,0.192601,-0.028727,-0.212384,0.271976,-0.027398,0.111536,-0.16005,-0.144904,0.12888,0.034201,0.140609,-0.151622,-0.025966,-0.068804,0.032293,-0.072749,0.207993,#
15,0.166511,-0.127261,-0.109043,-0.002499,0.274064,0.264965,0.025721,-0.02907,0.067847,0.31804,0.168344,0.354683,0.018955,0.243423,0.184867,1.0,0.10888,-0.200245,0.037825,-0.206869,0.077704,-0.202528,0.06751,-0.309424,-0.212534,-0.203001,0.094733,-0.110016,0.219764,0.243828,-0.268024,0.27205,-0.169475,-0.241751,0.185487,0.01512,-0.204396,-0.203906,0.526186,0.206135,-0.022962,-0.154179,-0.153798,0.054938,0.011855,0.04707,0.006741,-0.195349,-0.020209,-0.007319,0.337091,-0.108179,0.074641,-0.031779,0.072441,0.270898,-0.114482,-0.043166,-0.216681,-0.054289,-0.138616,0.115279,-0.05369,-0.006883,-0.040927,-0.036266,0.285409,0.118696,0.088263,-0.323721,-0.094636,-0.021295,-0.119241,0.024005,0.003744,0.091021,-0.187729,-0.213487,-0.208687,-0.093029,-0.10728,-0.149774,0.084733,0.087892,-0.099712,-0.023749,-0.197687,-0.099102,-0.252242,-0.023382,-0.033825,-0.416279,-0.166153,-0.082574,-0.323344,-0.083381,0.016644,-0.173623,-0.312517,-0.013304,0.173535,-0.139322,-0.142299,-0.001145,-0.119335,-0.080231,-0.185597,0.103456,-0.021458,0.188765,-0.393017,0.252171,-0.170996,-0.185013,-0.239477,-0.235019,0.054514,0.051814,-0.153569,-0.222398,-0.358843,0.023083,-0.204845,0.037882,0.107409,-0.197025,-0.252166,0.002519,-0.158088,-0.231561,-0.304199,-0.292924,-0.313259,-0.162145,-0.318268,-0.050264,0.004986,-0.182987,-0.220374,-0.182622,-0.225913,-0.086209,-0.072243,-0.026127,-0.078539,-0.08248,-0.040693,0.257522,-0.309357,-0.193153,0.003164,-0.311538,-0.030433,-0.492263,-0.172617,-0.149118,-0.173942,0.011756,-0.350605,-0.239716,-0.471787,-0.149714,-0.024952,-0.155167,-0.106004,-0.056514,-0.344551,0.140359,0.113137,-0.168272,0.069987,-0.099154,-0.114004,-0.184279,0.260872,-0.095774,-0.217884,0.22509,0.148745,0.006342,0.146958,0.003278,-0.011896,0.431554,0.045024,-0.2134,0.24973,-0.097409,0.084136,0.105802,-0.277498,0.035452,0.38333,0.360083,-0.001615,0.028514,0.091454,-0.16318,-0.062917,0.026414,#
16,0.019403,-0.247063,0.074888,0.124718,0.100449,-0.002445,0.078681,-0.013594,-0.175975,-0.05482,0.284326,-0.061571,0.037425,0.001933,0.233991,0.10888,1.0,-0.21466,-0.15905,0.054693,-0.099556,-0.023878,-0.261032,-0.056133,-0.129849,-0.008704,-0.224703,0.04891,-0.037333,-0.189656,2.8e-05,0.027177,-0.177701,0.063693,0.188789,0.040897,0.249589,-0.002329,0.054949,0.090805,-0.148307,0.013204,-0.185283,-0.154719,0.082062,-0.081608,-0.062004,-0.27287,0.206251,0.16478,0.126513,0.064164,-0.26311,-0.204129,0.302453,0.074924,0.019636,0.066336,0.067742,0.10983,-0.141206,0.199106,-0.06143,0.078761,0.047058,-0.207758,-0.190153,-0.188984,0.050738,-0.444359,0.159583,-0.202299,-0.240681,-0.091616,0.070638,-0.033882,-0.305809,0.104334,-0.285883,-0.069723,0.041397,0.152039,0.002499,0.179619,-0.301762,0.124318,0.193372,0.082545,-0.113435,-0.013426,0.060689,0.006425,0.103715,0.046518,0.093429,-0.144645,-0.13179,-0.125207,0.085581,-0.289674,0.127973,-0.033046,-0.075937,-0.188722,-0.248506,0.170308,-0.182577,-0.003877,-0.102635,0.125476,-0.179255,-0.164755,-0.074729,-0.025008,-0.319694,0.061479,-0.088521,-0.127647,0.142393,0.06888,-0.11304,0.212424,0.082346,0.108379,0.030259,-0.004546,-0.148104,-0.077836,0.077248,-0.22818,0.067517,0.247772,-0.150424,0.106465,-0.050634,-0.180631,-0.023057,-0.045586,-0.203866,0.215054,-0.15238,0.085131,0.137909,0.107902,-0.133864,0.039086,0.118206,-0.167732,0.082882,0.055563,-0.039314,0.058267,-0.056441,-0.012709,0.04808,-0.158908,0.192799,-0.049425,-0.116939,0.001763,0.159991,-0.057453,0.187654,-0.147243,-0.30287,0.062978,0.175133,0.147987,-0.012867,-0.056479,0.303095,-0.074023,0.030135,0.286098,0.077826,-0.127773,-0.044318,0.093585,0.074367,0.178739,0.080326,-0.021625,0.11347,0.030018,-0.097938,-0.149558,0.095723,0.087923,0.162112,-0.336929,-0.129722,0.084426,-0.038655,-0.114495,0.038557,-0.068886,0.234051,-0.133121,-0.216798,0.157886,#
17,-0.009779,0.23481,0.192274,0.102989,-0.108769,-0.094683,0.053748,-0.029819,0.288066,0.153958,-0.227473,-0.081123,-0.065547,0.054861,-0.165654,-0.200245,-0.21466,1.0,0.043044,0.206776,0.161892,-0.049313,0.148932,0.094695,0.210525,-0.018899,-0.19627,0.010961,0.048724,0.07939,0.20752,-0.031437,0.298063,0.157227,-0.090874,0.01851,0.044978,-0.127711,-0.110602,-0.087223,0.136586,-0.017948,-0.001265,0.250005,-0.011871,-0.050181,-0.036373,0.136153,-0.172124,0.121712,0.253646,-0.182544,0.081106,-0.049594,-0.238374,0.031251,0.377511,0.325769,0.045549,-0.08136,0.060758,-0.014805,0.154483,-0.08217,0.054121,0.208998,0.18171,0.065983,0.089915,0.160968,-0.213327,-0.229997,0.163692,-0.129694,-0.061037,-0.2389,0.00807,-0.004842,-0.052982,0.260639,0.213894,0.032503,-0.03106,-0.068532,0.318471,-0.247398,0.231777,-0.185857,0.013511,0.054118,-0.149993,0.043175,-0.041317,0.233035,-0.144851,-0.17195,-0.017957,0.186721,0.450925,0.010979,0.200981,0.157518,-0.023228,0.146468,0.094329,0.097341,-0.314851,-0.190814,0.135049,-0.111037,0.247148,0.0259,0.10206,0.170849,0.182852,-0.006031,-0.137131,0.001375,-0.098434,-0.207455,0.295811,-0.033156,-0.090567,-0.176063,0.308639,-0.069964,0.355618,0.141282,-0.246563,0.004353,0.120488,-0.021172,-0.127391,-0.19596,-0.146869,0.061034,-0.07295,0.133512,0.024007,-0.074184,0.04799,-0.042124,-0.157487,-0.068645,0.021998,-0.182323,-0.250533,0.243573,-0.065746,-0.036886,0.035569,-0.378081,0.123733,0.039827,-0.011817,0.099898,-0.088931,0.273342,0.180338,0.183752,0.074809,0.080124,-0.089948,0.348888,0.268108,0.012707,-0.09577,-0.219057,-0.054226,0.345489,0.02563,0.133272,0.078496,-0.088684,-0.158052,0.132141,0.118373,0.166487,-0.004052,-0.191221,0.17297,0.124185,-0.235204,-0.30637,-0.035559,-0.089794,-0.138403,0.163703,-0.233393,0.27066,0.13612,-0.163782,0.125073,0.101371,-0.015156,-0.063426,-0.074398,0.07824,0.036458,-0.273249,#
18,-0.098193,0.130355,-0.083111,-0.253768,0.267358,0.091264,0.112564,-0.140801,0.318735,0.195407,-0.114795,0.027364,0.096019,0.103893,-0.13307,0.037825,-0.15905,0.043044,1.0,0.0185,0.20121,0.124108,0.312408,0.131323,-0.086165,-0.227616,0.273223,0.228168,-0.039842,0.236953,-0.14668,-0.328443,-0.154192,0.16155,-0.185315,0.046536,-0.129422,-0.180622,0.05336,-0.119398,-0.009673,0.018792,0.160236,0.14189,-0.247956,-0.095075,0.105807,0.133493,-0.135569,0.13787,0.246729,-0.062572,0.253329,-0.188302,-0.100623,-0.024064,-0.084674,-0.096504,-0.065705,0.233442,-0.099262,-0.012576,-0.086587,-0.023864,-0.056833,0.149321,-0.041991,0.157122,0.200859,0.18838,0.113434,0.113821,-0.017825,0.157033,-0.192609,0.122709,-0.139507,-0.202139,0.025147,-0.004156,-0.143263,-0.371528,-0.175759,0.103391,-0.014517,-0.122724,-0.139096,-0.14156,0.07174,-0.207951,-0.232005,-0.05144,-0.08615,0.212694,0.016143,-0.005967,0.142124,-0.051841,-0.135071,-0.074872,0.1654,0.144653,-0.203924,0.0988,-0.065918,-0.24735,-0.045645,-0.021351,0.037719,-0.013629,0.169223,-0.081629,-0.050975,-0.143431,-0.325168,-0.243981,-0.006778,-0.002582,0.113831,-0.311147,-0.033769,-0.315038,-0.348873,-0.433551,-0.173982,-0.318739,0.143051,-0.111121,-0.154087,-0.17968,-0.087135,0.023097,-0.024588,0.120292,-0.319562,-0.011414,-0.143094,-0.117458,-0.191525,-0.166388,0.083708,0.095932,-0.249386,-0.40417,-0.18932,-0.297876,0.003392,0.280565,-0.3657,-0.133827,0.005417,-0.331674,0.177099,-0.131847,-0.190315,0.01127,-0.04988,0.278867,0.174743,0.2609,-0.052851,-0.156754,-0.059485,0.095494,-0.011418,-0.017402,0.021362,-0.048036,-0.017741,0.03205,0.094529,0.306202,0.048547,-0.210027,0.05836,-0.405757,0.099359,0.094108,0.138196,-0.037201,0.351087,-0.136857,0.059202,0.130876,0.078544,0.170716,0.200687,0.008492,-0.396056,0.24129,-0.086072,-0.144643,-0.217075,0.120715,-0.199342,0.061176,0.104554,-0.084372,0.248867,0.104974,#
19,-0.225968,-0.100541,0.098478,0.153241,-0.200245,-0.119674,-0.037156,0.235343,0.035489,-0.191322,-0.134192,-0.136831,-0.001375,-0.197745,-0.049806,-0.206869,0.054693,0.206776,0.0185,1.0,-0.139803,-0.103103,-0.098762,0.410811,0.323922,0.080919,-0.001872,0.066996,-0.295443,0.00308,0.326155,-0.135982,0.007879,0.434136,-0.135396,0.077864,0.176047,0.098899,-0.025564,-0.036115,0.04204,-0.155495,0.108967,-0.159214,0.078161,0.066953,0.011479,0.122688,-0.148249,0.020998,-0.003484,0.235205,-0.070482,-0.119918,-0.142742,-0.113363,0.163771,-0.176483,0.202696,-0.195705,-0.120186,-0.003051,0.093151,0.093988,-0.037925,0.02643,0.227641,-0.137348,-0.114784,0.119663,-0.069964,-0.401596,-0.033666,-0.038699,-0.031129,-0.202232,0.483239,0.086496,0.342981,0.126998,0.466889,0.203473,0.131136,-0.303631,0.155074,0.197114,0.137006,0.033594,0.237479,0.356529,0.090549,0.250684,0.168005,-0.052506,-0.205297,0.126884,0.212551,0.242899,0.218916,-0.002826,-0.054114,0.234352,0.030683,0.019945,0.189912,0.326726,0.018477,0.158312,0.182625,-0.240022,0.252353,-0.020775,0.449677,0.141129,0.1983,0.056231,0.213656,0.057693,0.0797,0.018805,0.281274,-0.005693,0.295812,0.045111,0.096226,0.260977,0.076331,0.013027,0.183759,0.357222,0.028744,0.210107,0.147852,-0.100061,-0.020183,0.138655,0.089941,0.168505,0.028021,0.122849,0.134123,0.230123,0.278545,0.211849,0.321515,0.183581,0.005102,-0.163744,0.225235,0.113683,0.003023,0.145146,0.04063,0.10359,0.317096,0.305162,0.219099,-0.095529,0.156764,0.319106,0.264257,0.297162,-0.034145,0.073605,0.322692,0.013589,0.320513,0.052719,0.062432,0.303468,-0.029994,0.163714,0.096005,0.079866,-0.326536,0.13001,-0.077509,-0.2231,-0.07979,0.119831,-0.04313,-0.097308,-0.145031,-0.299928,-0.131599,0.163239,-0.099992,0.256401,-0.054552,-0.345056,0.359001,-0.229016,-0.27004,-0.225422,-0.098661,-0.095504,0.107568,0.223956,-0.134685,-0.106604,#
20,0.316058,0.05512,0.079448,0.01878,0.219543,0.243521,0.361639,-0.068771,0.140412,0.298237,0.231293,0.135024,0.232563,-0.186618,-0.180908,0.077704,-0.099556,0.161892,0.20121,-0.139803,1.0,0.190752,0.081603,0.002114,-0.007585,-0.095712,-0.044117,-0.177248,0.352652,0.182255,-0.121242,0.028318,0.097799,-0.102536,-0.142784,-0.025354,-0.212993,-0.394747,-0.189663,0.075585,0.122499,0.035507,-0.131069,0.163622,-0.003271,-0.091305,-0.429279,-0.129579,-0.223549,0.093661,0.197537,-0.075899,-0.009409,0.008047,0.223916,0.195285,-0.197084,0.048405,-0.052446,-0.021937,0.016195,0.054845,0.105014,-0.264595,0.087151,0.097894,-0.053231,-0.10058,0.004531,0.149849,-0.391556,0.078336,0.179979,-0.095905,-0.333475,-0.072307,-0.072104,-0.005536,-0.175712,-0.076042,-0.38763,-0.114668,-0.038965,0.033647,-0.122481,-0.437226,-0.034931,-0.288066,-0.142876,-0.339729,-0.052205,-0.342281,-0.188857,-0.080152,-0.12522,-0.212302,-0.194939,-0.203442,-0.262399,0.117292,0.214564,0.020922,-0.082413,-0.112804,-0.300558,-0.076617,-0.262814,0.015853,-0.313017,0.068095,-0.018044,-0.057513,-0.233079,-0.182618,-0.10323,-0.158782,-0.095839,-0.232062,-0.166246,-0.085407,-0.288536,-0.091878,-0.232542,-0.032607,-0.124424,-0.287894,0.124854,-0.028897,-0.079531,-0.237356,-0.299249,-0.130816,-0.22603,0.072369,-0.235954,0.102916,0.024668,-0.439649,-0.213743,-0.271045,-0.252454,0.043896,-0.309012,-0.118203,-0.148252,-0.154975,-0.378316,0.492148,-0.168423,-0.203662,0.262911,-0.405856,-0.098721,-0.306509,-0.309207,-0.268079,-0.203988,0.285879,-0.315292,-0.204707,-0.097711,-0.24188,-0.233915,0.007694,-0.26742,0.100794,-0.285282,0.075828,0.039435,-0.090947,0.193311,0.290852,-0.173576,0.058326,0.28969,-0.152091,-0.069856,0.470378,0.216429,-0.008062,0.182395,0.226542,0.219401,0.243247,0.158233,0.103737,0.020134,0.133217,0.070252,0.547151,-0.037246,0.250627,0.298058,0.217722,0.116498,0.272893,0.345466,0.13957,0.115931,0.012437,#
