0,1.0,0.009697,-0.238513,-0.166428,0.25167,0.121492,0.403434,-0.260872,0.064566,-0.072931,0.472227,0.169486,0.216968,0.101315,0.026253,-0.033975,-8.7e-05,-0.39793,0.372923,-0.07239,0.043989,0.040186,0.171625,-0.044289,0.041383,-0.109715,-0.18386,0.109317,0.143692,0.048697,-0.282025,-0.056421,0.10838,-0.231687,0.288068,0.091765,0.069116,-0.044563,0.073478,0.297767,-0.102649,0.117551,-0.05986,-0.094925,0.136762,0.10426,0.189142,0.116311,-0.130716,0.04918,0.167338,-0.16148,0.054426,-0.104942,0.094777,0.058406,-0.182037,0.1574,-0.094047,-0.060507,0.169306,0.079881,-0.161487,0.177382,-0.343507,-0.023346,-0.108256,0.039375,-0.06355,-0.156132,0.01228,0.092156,0.180876,-0.235703,-0.163872,0.13609,-0.437397,-0.193409,-0.234623,-0.123926,-0.0705,-0.164736,-0.170821,-0.372562,-0.034237,-0.155961,-0.171974,-0.123184,-0.103609,-0.232173,-0.37571,-0.16018,-0.034861,-0.330975,-0.076712,-0.318408,-0.123202,-0.510824,-0.34691,-0.093546,0.329207,-0.07843,-0.130938,-0.26104,-0.109235,-0.251733,-0.199817,0.034029,-0.233033,-0.063299,-0.171872,0.10626,-0.338759,-0.285414,-0.041038,-0.002283,-0.031308,0.040767,0.014606,-0.123059,-0.245302,-0.003991,-0.034048,0.143192,-0.07267,-0.025883,-0.093453,0.167025,-0.151996,-0.207492,-0.317116,-0.38047,-0.066569,0.215477,-0.004614,-0.113061,-0.099669,-0.201301,0.18345,-0.121234,-0.139838,0.185308,-0.024349,-0.233372,-0.242691,-0.121367,-0.146887,0.113201,-0.323824,-0.29705,0.017322,-0.174233,-0.389033,-0.083311,0.163365,-0.126954,-0.024261,0.097967,-0.354821,-0.004948,-0.149695,-0.231518,0.023825,-0.291476,-0.013325,-0.078316,0.11207,0.064573,-0.333964,-0.135811,0.18487,-0.17541,0.106522,-0.045997,0.082228,-0.083286,-0.199849,0.113894,0.111802,-0.335535,-0.007745,0.115009,-0.009989,0.32425,0.151463,-0.104806,0.0871,0.00358,0.291549,0.221355,-0.365874,0.224308,0.472827,-0.021404,-0.029706,0.155389,-0.03437,-0.197198,-0.093442,-0.22115,#
1,0.009697,1.0,0.026457,-0.107069,-0.023046,-0.004632,0.208358,0.103676,-0.159904,0.225786,-0.108976,-0.037512,0.057587,0.203425,0.031271,0.149092,0.143262,0.107168,0.303536,-0.003312,0.207773,0.104818,0.0478,-0.161828,-0.017076,-0.212321,-0.107483,-0.05175,0.178925,0.089051,-0.077428,0.036848,0.054587,-0.038022,0.086927,-0.017372,-0.079401,-0.25371,0.087456,-0.005638,0.076682,0.19268,-0.030677,0.033585,-0.056012,-0.012825,0.025379,-0.044721,0.147206,0.336178,-0.006603,-0.0261,0.105769,0.091259,0.079223,-0.145629,0.197594,-0.24692,-0.087218,-0.112959,0.055779,-0.12383,-0.035159,0.043253,0.327687,0.333848,-0.395746,0.049521,-0.086363,-0.123132,-0.10327,0.098486,-0.147584,-0.097281,-0.062253,0.118473,-0.126125,-0.017157,0.20773,-0.069712,0.010432,-0.253467,-0.091678,-0.034883,-0.157392,0.029209,-0.033088,-0.082817,0.029494,-0.101699,-0.231734,-0.004696,-0.034605,-0.152196,-0.043,-0.065316,-0.023304,0.145143,0.359709,-0.011388,-0.061334,0.111167,0.040834,-0.03922,-0.247387,-0.047141,0.115502,-0.116195,-0.271409,-0.160209,0.216485,-0.053911,-0.070644,0.044945,-0.070495,-0.041044,-0.138114,0.044286,0.053723,-0.201429,-0.127246,-0.102307,-0.343933,-0.20192,-0.172292,-0.184183,-0.040863,-0.175168,-0.218469,-0.133031,0.094546,-0.194411,-0.139344,-0.030735,-0.17264,-0.192062,0.099874,0.13037,0.104594,-0.169682,-0.101655,-0.204804,0.101306,-0.055498,-0.039884,-0.215543,-0.411494,0.09264,-0.010858,0.001194,-0.059266,0.114106,0.119194,-0.190371,-0.091364,-0.123137,0.164604,0.113814,-0.098702,0.104525,-0.117877,0.069037,-0.136407,0.041852,-0.091608,0.306019,0.246293,0.164419,-0.09488,-0.327059,0.115668,0.167632,-0.073392,0.013442,0.056707,-0.157139,0.02507,-0.018461,0.126582,-0.076303,0.107045,-0.060773,0.120952,0.179781,0.257043,-0.13244,0.125399,-0.187386,0.037819,0.118769,-0.035216,0.076293,-0.122023,0.092972,-0.097769,-0.032369,0.169663,-0.073164,0.020334,0.167765,#
2,-0.238513,0.026457,1.0,-0.383309,-0.177958,-0.058519,0.082011,-0.030295,0.088511,0.122528,-0.105447,-0.184501,0.130003,0.026928,-0.204242,0.11677,-0.11344,0.416121,-0.091268,0.119662,-0.186635,0.09979,-0.04928,-0.039926,0.060669,0.051362,0.077905,-0.21968,-0.004054,-0.188905,0.021437,0.161355,-0.22887,0.133884,-0.038616,0.108911,0.071153,0.477638,-0.01911,-0.39251,0.111117,0.071053,0.018568,-0.064216,-0.128022,-0.353481,-0.063365,-0.020256,-0.045824,0.007583,0.085899,-0.233677,0.209494,-0.183407,-0.195343,-0.003962,-0.048316,-0.281207,0.186468,-0.174288,0.254543,-0.062734,0.050067,-0.22448,0.219954,0.232538,0.068205,0.007443,0.134391,0.18617,-0.099337,0.189733,-0.398667,0.078105,-0.014785,-0.122672,0.018329,0.035799,0.116302,0.02635,0.128072,0.068006,0.099723,0.216101,-0.144554,0.111568,0.079523,0.003668,-0.061244,0.185219,0.047178,0.008567,0.071017,0.216012,-0.060766,0.058014,0.035965,0.002013,0.078797,0.086216,-0.282232,-0.186328,0.017741,0.165336,0.245775,0.088993,0.040001,-0.07711,0.195237,-0.116623,0.039453,-0.257983,0.042506,0.148074,0.248422,-0.145608,0.010953,0.125226,-0.077965,-0.162812,0.075952,0.036808,-0.033708,-0.314523,-0.142742,0.092286,0.422894,-0.010773,0.217243,0.046798,0.292486,0.111871,-0.004018,0.10506,0.091536,-0.126123,0.097308,0.278132,-0.124007,0.179776,-0.020718,0.138261,0.054326,-0.165167,0.010296,0.092187,0.041352,0.107277,0.069937,0.221271,-0.04408,0.169204,0.138064,0.010178,0.114436,0.010778,0.051096,0.055425,0.183954,-0.014637,0.330428,0.008212,-0.065457,0.303308,0.128556,-0.088067,0.038505,0.05288,0.186188,0.084441,-0.194061,-0.109321,-0.120383,-0.045731,-0.204146,0.03538,0.132082,-0.083509,0.049317,-0.156329,0.12674,0.044213,-0.079626,-0.190962,-0.081198,0.167803,0.203982,0.168274,-0.260285,-0.265859,0.177912,-0.210032,-0.287746,0.23686,-0.062433,-0.049247,0.034092,0.355755,0.18569,0.236327,#
3,-0.166428,-0.107069,-0.383309,1.0,-0.120816,-0.090723,-0.204296,0.07219,-0.443544,-0.34446,0.078359,-0.034098,-0.237732,-0.470487,0.080475,-0.190098,0.22023,0.017859,-0.10049,-0.222915,0.150801,-0.19401,-0.297416,-0.010419,-0.036858,0.139481,-0.130913,0.15287,-0.158717,-0.142802,0.25512,-0.178895,0.129201,-0.024728,-0.031661,0.027368,-0.156552,-0.147246,0.062924,0.148495,-0.038166,-0.242654,0.04768,0.182111,-0.040402,0.438031,-0.091326,-0.133653,0.133691,-0.254839,-0.118056,0.476958,-0.060361,0.156879,0.249856,-0.212171,0.234477,0.342828,-0.097459,-0.136584,-0.500467,0.102125,0.17243,0.022294,-0.144007,-0.293601,0.00831,-0.018827,-0.092993,0.024917,0.124228,-0.194251,0.164068,0.114062,0.194818,-0.12441,0.394406,0.232042,0.126227,-0.010395,0.041568,0.177975,0.186888,-0.014642,0.222059,-0.054514,0.110695,0.32288,0.149074,0.11011,0.063495,0.203126,0.148242,-0.091141,0.202647,0.181397,0.335761,0.026876,-0.01929,0.201339,0.284933,0.281895,0.265391,0.288899,-0.131754,-0.05397,0.160285,0.171707,-0.102548,0.074799,-0.202768,0.122555,0.224738,0.074065,-0.082275,0.052526,0.294504,0.15239,-0.122953,0.294131,0.277372,0.144021,0.058516,0.297453,0.311193,0.034555,-0.44629,-0.111323,-0.013432,0.310923,-0.140329,0.311461,0.35487,-0.024805,0.142796,0.220435,0.012876,-0.006025,-0.104726,0.153271,0.139425,-0.159692,0.328927,0.374641,0.440786,0.053036,0.135269,-0.200087,0.289129,-0.165964,0.29965,-0.114249,0.004319,0.112624,0.102978,0.071547,-0.471158,-0.270188,0.237481,0.195002,0.035146,0.11698,0.149729,-0.070578,-0.034235,-0.30144,0.111242,-0.054142,0.056762,-0.017257,0.272385,0.206004,0.039159,0.286722,0.110882,0.126978,-0.159701,-0.015894,-0.495311,0.466611,-0.370852,0.144298,0.169754,-0.132251,-0.131209,-0.104877,-0.178163,0.054451,0.325408,-0.013823,0.043575,-0.113404,-0.069027,-0.2657,0.167549,-0.058921,-0.146178,-0.2055,-0.318608,-0.252402,#
4,0.25167,-0.023046,-0.177958,-0.120816,1.0,0.040903,0.013871,-0.129453,0.052607,-0.087583,0.311739,0.126946,-0.036142,-0.166289,-0.074914,-0.127536,0.1731,-0.258969,0.08732,-0.081254,-0.076766,-0.356503,0.098272,-0.063243,-0.01803,-0.076727,-0.249915,-0.054356,0.061762,-0.092773,-0.271748,-0.123191,0.08473,-0.23876,0.092952,0.092111,-0.055045,-0.256161,0.141033,0.340924,0.011197,-0.329658,-0.257827,-0.140867,-0.134855,0.099443,-0.199715,-0.116786,0.040974,0.192984,-0.007818,-0.033853,-0.150164,0.228977,0.091952,0.032603,-0.167159,0.223782,0.006247,0.226267,-0.240949,-0.122098,-0.056196,-0.076937,-0.196262,-0.047099,0.451286,-0.047925,-0.081694,-0.24661,-0.149867,-0.049203,0.005039,0.040997,0.114563,-0.031073,-0.103954,-0.136414,-0.11755,-0.118751,-0.262704,0.094874,0.164207,-0.133721,0.207907,-0.037463,-0.032269,0.028297,0.051605,-0.143639,0.133504,0.181516,0.0719,-0.006689,0.146697,-0.063091,0.100292,-0.021234,-0.065966,-0.1142,0.175271,0.070759,0.041848,-0.115236,0.1386,-0.090211,-0.082761,0.070402,-0.212238,0.194695,0.044801,-0.038239,-0.262666,-0.20266,-0.210386,0.246132,-0.027168,0.345522,-0.333497,0.033281,-0.291513,0.033017,-0.073621,0.022437,-0.016001,-0.000324,-0.10959,0.051378,-0.09795,-0.204214,-0.119705,-0.348673,-0.017536,-0.033422,0.015297,0.040804,0.177697,-0.036813,-0.113367,-0.06198,-0.041029,-0.114321,-0.128353,0.112085,-0.125999,-0.239471,0.021043,-0.096295,0.056608,-0.048482,0.090801,0.100048,-0.24774,0.154557,-0.029416,-0.147163,0.075292,0.073417,-0.259743,0.064941,-0.337922,-0.248819,0.000196,0.102301,-0.087631,0.047754,0.051693,0.026805,-0.089103,0.308431,0.104722,0.044551,0.16554,-0.038538,-0.141334,0.075754,-0.035814,0.058334,0.032031,-0.087514,-0.110089,0.173246,-0.017434,-0.03692,0.077576,0.00133,-0.002647,0.109189,0.303503,0.00446,-0.159525,0.134299,0.243821,-0.00973,-0.145407,0.123011,0.020707,0.041975,-0.054144,-0.201252,#
5,0.121492,-0.004632,-0.058519,-0.090723,0.040903,1.0,0.310239,0.263702,0.024545,-0.028697,0.013125,0.212518,-0.026879,-0.021383,0.113625,-0.07071,0.060863,-0.012336,0.138196,-0.155988,-0.023042,-0.146974,0.140428,-0.084801,-0.015211,0.1946,-0.015651,-0.026855,0.179247,0.173643,-0.299084,0.038707,-0.118537,0.038276,-0.020268,0.076203,0.081543,-0.069165,-0.046711,-0.023952,-0.25063,0.191019,-0.23381,-0.089642,0.137471,0.006801,0.247837,-0.175102,0.044111,0.051125,-0.021497,-0.096157,0.251734,0.071588,-0.027827,0.083496,-0.107806,0.250127,-0.190932,0.009787,0.081838,-0.024441,0.002261,0.148865,-0.192845,0.079834,-0.051037,-0.034767,-0.017331,-0.418292,-0.048432,-0.056177,-0.02559,0.129763,-0.005442,0.165765,-0.197021,-0.004304,-0.256808,-0.019284,-0.203406,-0.235229,-0.139944,0.312488,-0.102386,-0.250158,-0.125357,-0.087059,-0.097977,-0.138299,-0.001713,-0.234044,-0.191253,-0.279752,-0.231122,0.011184,-0.148682,-0.147618,-0.181211,-0.28332,0.240066,0.067781,-0.084778,-0.287009,-0.335043,-0.296391,-0.041456,0.106639,-0.26542,-0.049515,0.150161,0.35892,-0.309337,-0.187277,0.008603,-0.06474,-0.018215,0.181665,0.189411,-0.084036,-0.021037,-0.16683,0.030676,0.003813,-0.1712,-0.019401,0.056357,-0.030648,-0.364038,0.073304,-0.054079,-0.122845,-0.04001,0.051693,-0.446136,-0.160277,0.165578,0.205011,0.084456,-0.169535,-0.088009,0.019093,-0.174843,-0.071707,-0.12363,-0.27886,0.244638,0.052924,-0.379451,-0.105105,-0.068501,-0.281104,0.119502,-0.095457,0.115851,-0.07202,0.108882,-0.097426,-0.454719,-0.098904,-0.227621,-0.127836,0.193753,-0.273216,0.096481,-6.7e-05,-0.18177,-0.101712,-0.044087,-0.224698,0.064741,-0.198156,-0.100581,-0.225821,0.127301,-0.139363,-0.102208,0.012997,0.034827,-0.040026,0.237928,-0.029469,-0.023421,0.101524,0.467028,-0.090332,0.181978,-0.089385,-0.012085,0.171632,-0.02151,0.049042,0.059467,-0.05671,-0.315508,0.277609,0.1454,-0.029217,-0.179198,-0.09514,#
6,0.403434,0.208358,0.082011,-0.204296,0.013871,0.310239,1.0,-0.042189,0.226936,0.065916,0.135834,0.162013,0.104794,0.169691,-0.017721,0.146936,0.121739,0.154461,0.262943,0.087488,-0.154646,-0.074638,0.164805,-0.070423,0.031104,0.091247,-0.049794,-0.056232,0.459954,-0.049109,-0.232923,-0.023606,-0.096621,-0.242778,0.080903,0.067214,0.238338,-0.184776,0.272956,0.114987,0.094792,0.264261,-0.19857,-0.09765,0.205709,-0.174752,0.160397,-0.102561,-0.13469,0.058472,-0.001964,-0.328253,0.141238,-0.077414,0.297752,-0.104875,-0.054716,-0.077879,0.032378,-0.1769,0.29303,0.139995,-0.084741,0.175008,0.132149,0.341145,-0.172352,0.121823,0.153369,-0.26669,-0.018958,0.097132,-0.152551,-0.397028,-0.277251,0.169153,-0.484973,-0.380387,-0.312972,-0.14327,-0.25671,-0.188323,-0.175479,-0.063727,-0.383511,-0.22557,-0.244444,-0.306185,-0.297285,-0.347422,-0.455072,-0.389052,-0.482295,-0.263925,-0.372661,-0.43472,-0.114537,-0.318723,-0.249081,-0.146842,0.069087,-0.044243,-0.293482,-0.324876,-0.327373,-0.329254,-0.089343,-0.089489,-0.198976,-0.269461,0.029408,0.026517,-0.293682,-0.301961,-0.059114,-0.26712,-0.062311,-0.017083,0.168135,-0.272446,-0.314417,-0.204569,-0.272095,-0.140447,-0.141284,-0.185263,0.09362,0.158957,-0.306004,-0.214907,-0.277666,-0.394734,-0.250637,0.038763,-0.244205,-0.357456,0.042334,-0.106257,0.174247,-0.394818,-0.214539,0.053129,-0.114839,-0.440437,-0.412727,-0.211018,-0.066721,0.539588,-0.424778,-0.338302,-0.126408,-0.349922,-0.219531,-0.125234,-0.0759,-0.199009,0.171596,0.304483,-0.261321,-0.223073,-0.028202,-0.250775,0.056426,-0.097863,-0.168874,0.188004,-0.104489,0.007892,-0.362378,-0.252633,0.168283,-0.155571,-0.122416,-0.280939,0.175558,-0.372505,-0.13733,0.293368,0.228888,-0.501405,0.354124,-0.053128,-0.140461,0.380796,0.260878,-0.386354,0.115094,-0.059531,-0.087041,0.234642,-0.38174,0.20378,0.168193,0.247758,-0.221683,-0.021374,0.100789,-0.10788,-0.113404,0.208011,#
7,-0.260872,0.103676,-0.030295,0.07219,-0.129453,0.263702,-0.042189,1.0,-0.266577,0.140162,-0.27676,-0.049196,0.191322,0.029685,0.181994,0.043156,0.065039,0.098669,0.070591,-0.17146,0.24616,0.189382,-0.063255,0.113198,-0.025949,0.148346,0.006013,-0.309671,-0.035094,0.126007,-0.128033,-0.070824,0.004401,0.221071,-0.196823,-0.145233,-0.174112,-0.068853,-0.050414,-0.151085,0.045032,0.148696,-0.089966,-0.22271,0.145875,-0.070291,0.368102,-0.18684,0.016364,-0.083576,-0.151028,-0.143963,0.077082,-0.161804,-0.055,-0.01676,0.294969,-0.109246,-0.124826,0.290588,0.044398,-0.425805,-0.100511,0.038099,0.077033,0.169898,0.134117,-0.043367,-0.149293,-0.134457,0.133719,0.24693,-0.304482,0.215526,0.062689,-0.074192,-0.064579,0.124537,-0.059767,0.111566,-0.024065,-0.287753,-0.164667,0.047753,-0.025285,-0.225243,0.100692,0.035975,0.212422,0.259938,0.189313,-0.129974,0.082708,-0.085843,-0.045551,0.214212,-0.033136,0.220282,0.189752,-0.162634,-0.173287,0.13376,0.028117,-0.022589,-0.144388,0.157766,-0.155774,0.062811,-0.023094,0.003744,0.225282,0.081036,0.069356,0.237603,0.148228,0.186164,-0.0077,-0.054992,0.117481,-0.0413,0.171617,-0.319014,-0.000781,0.187987,-0.092026,0.006869,0.034411,-0.119167,-0.0626,0.020549,-0.073875,0.260663,0.119558,-0.186621,-0.080234,0.129263,0.172612,0.066781,0.122368,-0.166877,-0.289661,-0.139498,-0.167828,0.095245,-0.239272,-0.131437,0.018866,0.094494,0.008074,0.108476,0.003848,0.001748,0.116825,-0.028978,-0.035972,-0.219031,0.124109,0.072761,-0.089066,-0.028466,3.1e-05,0.215481,-0.106401,-0.005551,0.293268,-0.15078,-0.318849,0.003919,0.124405,0.190108,-0.105292,0.091306,-0.092527,-0.188508,0.216713,-0.106887,-0.10492,-0.113426,0.080477,0.129443,0.07667,0.100673,0.079012,-0.073274,0.138556,-0.000292,0.015812,-0.164313,-0.244402,0.250222,-0.082318,-0.171575,-0.16752,0.089365,-0.066793,-0.113702,0.080137,0.033147,-0.236064,0.130006,#
8,0.064566,-0.159904,0.088511,-0.443544,0.052607,0.024545,0.226936,-0.266577,1.0,0.259504,0.014268,0.17053,-0.044598,0.20875,-0.065975,-0.050245,-0.207709,0.022356,-0.023629,0.114721,-0.208101,-0.015466,0.165305,-0.078956,0.075669,0.131166,0.08872,0.116756,0.123507,-0.019396,-0.243696,-0.060597,-0.022274,0.016744,-0.034068,0.100702,0.093643,0.032543,0.048132,0.05363,0.052621,0.058968,-0.180411,-0.085545,0.097961,-0.157768,-0.069625,0.093818,-0.057089,0.094667,-0.095957,-0.195225,0.132779,0.21118,0.221271,0.339321,-0.333936,-0.12038,-0.103876,0.088881,0.221463,0.022767,0.05384,0.073005,0.127977,0.045479,-0.105024,0.26351,0.251136,-0.120252,-0.1116,0.024973,0.103793,-0.048946,-0.301212,0.184198,-0.101166,-0.294564,-0.180176,-0.013992,-0.170204,-0.069482,-0.146142,-0.065811,-0.278354,0.038538,-0.379436,-0.286137,-0.166953,-0.382633,-0.094137,-0.335388,-0.411126,-0.030789,-0.186834,-0.024365,-0.261457,-0.092332,-0.319436,-0.113314,-0.132379,-0.006321,-0.103904,-0.131552,0.015739,-0.32213,-0.059124,-0.024944,0.02587,-0.067977,0.00167,-0.097322,-0.206206,-0.081745,0.128091,-0.182536,0.000642,-0.21339,-0.100415,-0.148784,-0.095153,0.027373,0.021921,-0.199105,-0.200957,-0.020597,0.327775,0.038209,-0.082269,-0.096764,0.09625,-0.163784,-0.508149,-0.162289,-0.152464,-0.02318,-0.141616,0.073682,0.00318,-0.047806,-0.121997,0.141241,-0.213117,-0.240535,-0.18157,-0.300619,-0.259549,0.197608,-0.168218,-0.058088,-0.01491,-0.049193,-0.128566,-0.317495,0.136715,-0.073872,0.251472,0.291546,-0.238189,-0.287348,-0.105025,-0.077207,-0.102742,-0.093398,-0.239566,-0.004905,-0.136119,-0.105534,-0.166335,-0.079255,-0.183122,-0.178407,-0.002854,-0.068475,0.251616,0.06628,0.135476,0.13539,0.416512,-0.277084,0.213302,0.059213,-0.123442,0.137227,-0.021898,0.104549,0.08261,0.025239,-0.320063,-0.037532,-0.047799,0.168937,0.046833,0.105163,-0.050375,0.184578,-0.024285,-0.171588,0.077794,0.068337,#
9,-0.072931,0.225786,0.122528,-0.34446,-0.087583,-0.028697,0.065916,0.140162,0.259504,1.0,-0.150179,-0.163984,0.21171,0.506797,-0.074766,0.078033,-0.38388,0.294463,0.064916,0.203415,-0.098556,0.182278,0.264117,0.005313,0.121634,-0.087861,-0.152831,-0.113661,0.157397,0.369157,0.01825,0.096363,0.157424,-0.128645,-0.016204,-0.066848,0.337602,0.01965,0.013027,-0.386109,0.248079,0.185276,0.021353,-0.156306,0.04893,-0.422873,0.12838,0.342184,0.142191,0.095056,-0.178958,-0.294426,0.396405,-0.061908,0.133821,0.001425,-0.198143,-0.40008,-0.069273,0.267371,0.440994,-0.162674,-0.389783,-0.013916,0.034636,0.240941,0.055691,0.018571,-0.070532,0.032986,0.024599,0.309508,-0.166142,0.014553,-0.097542,-0.046109,-0.124443,-0.283843,0.042963,0.198961,0.006444,-0.247015,-0.30807,0.255008,-0.342231,0.125167,-0.161801,-0.186511,-0.083094,-0.246059,0.00165,-0.052745,-0.291866,0.024736,-0.217114,0.125841,-0.522647,0.017733,0.257414,-0.239838,-0.437294,-0.07338,-0.24611,-0.115036,0.005754,-0.131145,-0.154002,-0.361368,0.16806,-0.201546,0.461983,0.235642,-0.226093,0.005,0.003364,-0.202848,-0.166283,-0.154717,0.349413,-0.344528,-0.254139,-0.213515,-0.06445,-0.140151,-0.288704,0.324086,0.429007,-0.050881,-0.083541,-0.325483,0.15137,0.085042,-0.476603,-0.06159,-0.341389,-0.229747,-0.145841,0.190011,0.190892,-0.212313,-0.078006,-0.137255,-0.306549,-0.407108,-0.391431,-0.174958,-0.386338,0.199262,-0.170167,-0.068785,-0.328942,0.178102,-0.014069,-0.578864,0.045544,-0.333264,0.682371,0.40233,-0.172393,-0.368418,-0.121204,0.071496,-0.183363,0.149876,0.242255,0.337872,-0.017152,-0.284015,0.027216,-0.105633,-0.271283,0.128561,-0.00632,-0.214768,0.328651,-0.322937,0.055553,-0.218538,0.551079,-0.250362,0.582062,0.187969,-0.456935,-0.165174,0.152758,-0.066567,0.213363,-0.000395,-0.582292,0.111288,-0.181651,-0.099006,-0.045445,0.30597,-0.235218,-0.038274,0.232791,0.070101,0.20475,0.45185,#
10,0.472227,-0.108976,-0.105447,0.078359,0.311739,0.013125,0.135834,-0.27676,0.014268,-0.150179,1.0,0.22189,0.005901,-0.063598,-0.120341,-0.126278,0.097372,-0.302508,0.087247,-0.060864,-0.042943,-0.096881,-0.00697,0.097048,0.082541,0.304733,-0.068082,0.1258,0.124107,-0.157095,-0.021437,0.118771,0.087402,-0.183118,0.001092,0.154837,-0.065983,0.027894,-0.003176,0.214082,-0.240975,-0.264475,-0.084311,0.054244,0.088963,0.308132,-0.120854,0.153735,-0.054023,0.109268,0.046863,-0.000845,0.034668,0.062904,0.074563,-0.012854,-0.145214,0.407444,0.027033,-0.163046,-0.227133,-0.065517,0.004386,0.106111,-0.342244,-0.034327,0.226485,0.205679,-0.122186,-0.169505,0.179028,-0.048752,0.168312,0.015779,-0.008339,-0.047897,-0.158097,-0.0876,-0.228896,-0.161594,-0.114705,0.111492,0.017946,-0.002768,0.082325,-0.003779,0.09769,0.103421,0.01175,-0.044107,-0.183811,0.098191,0.032188,-0.012241,0.060445,-0.187097,0.139982,-0.368388,-0.123794,0.061827,0.276758,-0.117502,0.016128,-0.136294,0.073595,-0.156612,-0.120432,0.220045,-0.060291,0.267079,-0.315384,0.116965,-0.120289,-0.060542,-0.134018,0.094993,-0.207401,0.07932,-0.18877,0.041495,-0.202865,0.338744,-0.024931,-0.040299,-0.025547,0.032279,-0.220414,0.058815,-0.113937,-0.18837,-0.190119,-0.334531,0.028902,-0.152373,0.02254,0.068485,0.113234,-0.192136,0.010334,0.010516,-0.032982,0.217102,0.132094,0.106637,0.02424,-0.21557,-0.07923,0.029373,-0.121152,-0.105926,0.331303,-0.139989,-0.278013,0.042921,-0.027067,0.021333,-0.309884,-0.074515,-0.068256,0.064546,-0.109706,-0.149748,0.059725,-0.121052,-0.038248,-0.151347,0.018077,-0.266296,-0.120024,0.088785,0.209078,-0.048439,0.20953,0.148843,-0.072621,0.149202,-0.076383,0.05326,-0.111257,-0.037404,-0.155404,0.167434,-0.03549,-0.012578,0.116235,0.009025,0.004283,0.221314,0.307896,0.162981,0.03731,0.276603,0.229706,-0.177814,-0.08337,-0.101098,-0.127566,-0.139488,-0.20362,-0.440628,#
11,0.169486,-0.037512,-0.184501,-0.034098,0.126946,0.212518,0.162013,-0.049196,0.17053,-0.163984,0.22189,1.0,-0.035471,0.060051,-0.052731,-0.126976,-0.078033,-0.193877,0.030618,-0.146345,0.111891,-0.163015,0.020145,0.096469,0.053232,-0.052868,0.1578,0.10477,0.056008,0.10566,-0.05194,-0.022937,0.012984,0.035643,0.099076,-0.082803,-0.022313,-0.083284,0.186529,0.057309,-0.150963,0.141427,-0.179191,-0.190721,-0.057942,0.342833,-0.090013,0.014959,0.08492,0.087526,-0.251531,0.091508,-0.042379,0.184629,0.103541,-0.110354,-0.344472,0.150905,-0.270974,-0.094675,-0.145752,-0.228054,-0.050792,0.113788,-0.039366,0.204344,-0.022543,0.311137,0.300232,-0.185888,-0.089509,0.017438,0.10742,0.124365,0.10502,-0.031241,-0.161548,0.021173,-0.271404,-0.180183,-0.254814,-0.296966,0.088733,0.00847,-0.088707,-0.342505,-0.185433,-0.211763,0.153508,-0.149887,-0.015094,-0.23263,-0.078647,-0.122737,-0.00676,-0.123328,0.126943,-0.116399,-0.153721,0.073073,0.183066,-0.087807,-0.112596,-0.021657,-0.057855,-0.074471,-0.081473,0.036478,-0.132306,0.129665,-0.027043,-0.046397,-0.178787,-0.127365,-0.043272,-0.001331,-0.083255,0.173822,0.049292,0.050136,-0.091077,0.047174,0.02562,0.099192,-0.009843,0.008391,-0.102005,-0.116194,-0.168275,-0.025402,-0.083279,-0.096765,-0.109497,-0.027061,-0.153911,0.150579,-0.038301,-0.234767,0.13851,-0.37211,-0.019128,0.162678,0.12631,-0.047622,0.132283,-0.343919,0.040943,0.026967,-0.261127,-0.13925,0.242545,0.016175,-0.140765,0.156185,0.163928,0.115389,-0.041436,0.049458,-0.155153,-0.18765,-0.172687,-0.067818,-0.076652,-0.159392,-0.28731,-0.175087,-0.036593,0.080754,0.009172,0.018428,0.264612,0.069224,0.128235,-0.119546,0.111437,-0.003163,0.054953,0.401801,0.100044,0.196035,-0.015837,-0.011137,-0.096999,-0.026292,0.318121,0.192011,-0.106628,-0.060612,0.19685,0.151466,-0.158219,0.314721,0.145603,0.071395,-0.235483,-0.033822,0.01478,-0.182035,-0.078171,-0.283487,#
12,0.216968,0.057587,0.130003,-0.237732,-0.036142,-0.026879,0.104794,0.191322,-0.044598,0.21171,0.005901,-0.035471,1.0,0.433956,-0.064781,0.200672,-0.04101,0.257747,0.152655,0.039298,-0.001861,0.076674,0.26746,0.083048,0.018186,-0.292928,0.055558,-0.009499,0.191575,0.157641,-0.023674,-0.075202,-0.099796,0.152423,-0.101527,0.157522,0.153199,-0.043381,-0.098749,0.150263,-0.084836,0.045978,0.061358,-0.234793,-0.134936,-0.254728,0.330456,0.21124,0.108694,0.148316,0.001916,-0.210536,0.172218,-0.112506,-0.099369,-0.055012,0.133067,-0.308847,-0.010965,0.116803,0.38039,-0.302306,-0.175938,0.063658,0.092891,-0.004704,-0.06151,-0.009224,0.079455,0.020935,-0.05464,0.124149,-0.336544,-0.122776,-0.154004,-0.000761,-0.345196,-0.223185,-0.191838,-0.047171,-0.124497,-0.258201,-0.294055,-0.142173,-0.163623,-0.075461,-0.069999,-0.019135,-0.079024,0.026767,-0.213502,-0.037371,-0.234776,-0.209765,-0.221862,-0.068068,-0.271953,-0.137866,-0.035121,-0.32037,-0.1275,-0.334835,-0.189761,0.041148,-0.093659,-0.008368,-0.187459,-0.156091,-0.021875,-0.123761,0.162495,-0.137718,-0.103853,-0.028851,0.128491,-0.142737,-0.101874,-0.071293,0.118203,-0.14831,-0.07022,-0.16765,-0.282294,-0.081489,-0.254107,0.000354,0.158589,0.084127,-0.166736,-0.31468,-0.064796,0.036069,-0.236945,0.15714,0.016523,-0.006525,0.065557,-0.177485,0.020946,-0.210058,-0.427548,0.016616,-0.16291,-0.255647,-0.265942,0.026947,-0.258899,0.412568,-0.238286,-0.059149,-0.314914,-0.047997,-0.025684,-0.248942,0.02261,-0.283765,0.227093,0.151807,-0.142249,-0.210593,0.011882,-0.001563,-0.055758,0.075181,0.26275,0.015887,-0.03297,0.14269,-0.156683,-0.019534,-0.140135,-0.147798,-0.305408,-0.160806,0.078952,-0.108967,-0.265575,0.130418,0.141092,-0.253227,0.132538,0.05733,0.181712,-0.024656,0.256383,-0.064504,0.132189,0.133694,-0.169435,0.36281,-0.24046,-0.126525,0.05286,0.213081,0.009057,0.040156,0.172146,0.034224,0.125941,0.228075,#
13,0.101315,0.203425,0.026928,-0.470487,-0.166289,-0.021383,0.169691,0.029685,0.20875,0.506797,-0.063598,0.060051,0.433956,1.0,0.027008,0.056678,-0.375613,0.031167,0.363817,0.346416,0.154659,0.233936,0.323955,-0.079942,-0.003779,-0.152834,0.241406,0.137794,0.252638,0.104277,0.195625,0.118679,-0.102652,0.014117,-0.232875,-0.116496,0.099673,0.112508,0.000353,-0.235439,0.046309,0.354427,-0.011608,-0.251857,-0.071271,-0.487707,0.195565,0.271178,-0.121701,0.050294,0.025704,-0.213037,0.113959,-0.211576,-0.18616,0.025914,-0.192137,-0.277193,-0.161519,-0.006306,0.506691,-0.139516,-0.232296,-0.01647,0.248335,0.169964,-0.125449,-0.064898,-0.013009,0.016431,-0.120991,0.318376,-0.009443,-0.228537,-0.207938,0.076142,-0.237742,-0.134677,-0.064499,0.177756,0.018208,-0.318212,-0.333125,0.048109,-0.311936,0.186784,-0.280875,-0.191225,-0.132607,-0.121148,-0.185408,-0.095544,-0.234996,-0.194536,-0.189881,-0.100182,-0.356935,-0.032325,0.246763,-0.244972,-0.329952,-0.18481,-0.287417,-0.328712,-0.119368,-0.06549,-0.021663,-0.3843,0.023287,-0.195528,0.28441,0.07445,-0.442768,0.033795,0.257723,-0.158884,-0.281503,-0.180633,0.346369,-0.22916,-0.101203,-0.11712,-0.008598,-0.206718,-0.296162,0.149701,0.205701,-0.0582,-0.191265,-0.386028,0.038586,-0.127091,-0.36804,-0.150879,-0.03365,-0.174843,0.102531,-0.08603,0.213859,-0.396796,-0.114682,0.103843,-0.079569,-0.333616,-0.399001,0.000457,-0.252698,0.279792,-0.314465,0.100586,-0.245579,0.219864,0.102086,-0.400993,-0.118112,-0.222212,0.554883,0.193403,-0.142896,-0.38028,0.037595,-0.033169,0.032843,-0.171586,0.16116,0.411828,0.088247,0.029497,-0.14821,-0.062432,-0.331102,0.031951,-0.169364,-0.270639,0.085343,-0.331204,-0.007508,0.049011,0.445985,-0.2585,0.293338,-0.182991,-0.145641,0.076237,0.111736,-0.040782,-0.103942,0.146971,-0.348038,0.191749,-0.150852,-0.084144,-0.051422,0.256162,0.003356,-0.198774,0.161272,-0.09443,0.121281,0.324812,#
14,0.026253,0.031271,-0.204242,0.080475,-0.074914,0.113625,-0.017721,0.181994,-0.065975,-0.074766,-0.120341,-0.052731,-0.064781,0.027008,1.0,-0.20007,0.036523,-0.049918,0.112022,0.084022,0.217552,-0.057963,0.130415,0.166198,-0.148872,0.070626,0.229804,0.024331,0.099311,-0.088298,-0.132229,0.180998,0.129713,0.00214,-0.110368,-0.314542,-0.134464,0.027855,-0.115695,-0.14366,-0.043996,0.249062,-0.041335,0.205094,0.282646,-0.092024,0.166633,0.045738,0.076196,-0.103475,0.064707,0.008548,0.132285,-0.214164,-0.044406,0.318416,0.137867,-0.064184,-0.064938,0.069214,0.137305,0.121193,-0.070476,0.009444,0.035908,-0.029927,0.027145,-0.229376,-0.027109,-0.127029,-0.155064,-0.078606,0.127983,0.154764,-0.005938,-0.083033,-0.178358,0.17991,-0.255225,0.377735,0.073646,-0.07927,-0.073441,0.021586,0.045414,0.170805,0.217774,-0.069903,0.141814,-0.055874,-0.026973,0.041655,0.190049,-0.205911,-0.100576,0.088345,-0.062227,0.069724,-0.054538,-0.124242,-0.003061,0.222288,-0.137358,-0.334302,-0.170605,0.096676,-0.267929,-0.091138,0.124114,0.088559,-0.015095,0.051418,0.134643,0.160539,0.203039,0.018219,-0.016361,-0.0435,0.032413,-0.245055,0.063119,-0.259922,0.144049,0.170567,-0.087165,-0.173759,-0.021987,0.037463,-0.19241,0.138132,-0.032213,-0.014679,-0.090964,-0.124468,-0.020974,0.00184,-0.228143,0.066845,0.080443,-0.061688,-0.007244,-0.095242,-0.159079,0.136929,-0.178604,-0.14105,0.119247,-0.018867,-0.184441,0.165449,-0.031604,-0.123107,0.069679,0.154102,-0.21697,0.146455,0.216246,0.005748,-0.038211,0.403998,-0.028424,0.039164,-0.00968,-0.221227,0.062286,0.133783,0.161467,0.022711,0.007187,-0.081898,-0.248681,-0.127688,-0.155516,0.159916,0.004141,-0.185508,0.024146,-0.097766,0.183985,0.038033,-0.091286,0.180143,0.167303,0.016218,0.059112,-0.052952,0.232238,-0.143797,0.139367,-0.036169,-0.038291,-0.121726,-0.008832,0.089745,-0.142711,0.15959,-0.110232,-0.080776,-0.050559,-0.107825,#
15,-0.033975,0.149092,0.11677,-0.190098,-0.127536,-0.07071,0.146936,0.043156,-0.050245,0.078033,-0.126278,-0.126976,0.200672,0.056678,-0.20007,1.0,0.227761,0.302898,-0.158289,0.203579,-0.29152,0.195524,0.104472,-0.059544,0.066819,-0.004771,-0.106414,0.109347,0.07523,-0.006148,0.021605,-0.092907,0.090608,0.072649,0.042288,0.022191,0.162185,0.1566,0.066348,-0.054562,0.010789,-0.078059,0.234214,0.154606,-0.253267,-0.071701,0.209952,0.061414,-0.003229,0.272923,0.144517,-0.243777,0.034324,-0.076958,0.158384,-0.110092,0.123978,-0.296729,0.084713,0.04582,-0.008371,0.166399,0.097691,0.089419,-0.038197,-0.103037,-0.027464,-0.085409,-0.36978,-0.087035,0.160561,0.266782,0.110256,-0.082165,-0.037269,0.261142,-0.056877,-0.157055,0.267658,-0.005694,-0.007775,-0.027509,-0.231641,0.193795,0.005829,-0.22962,0.041059,-0.313313,-0.097896,0.269866,-0.133223,0.040867,-0.159301,0.072276,-0.23589,-0.128415,0.097282,0.035849,0.082544,0.13732,-0.167426,0.122969,-0.228671,0.29801,0.041764,0.159372,0.148309,-0.036489,0.105289,-0.223667,0.020377,-0.099529,0.088511,0.107374,-0.127983,-0.00089,0.110435,-0.270773,0.024684,-0.142723,-0.069685,0.148043,-0.26245,-0.094198,-0.000383,-0.070824,-0.035956,0.291165,0.078926,-0.119321,0.017307,-0.017417,-0.032637,0.213677,0.086399,-0.025932,-0.083048,-0.247834,-0.110469,0.051241,-0.021011,0.079904,-0.269403,-0.272002,-0.112185,0.208932,-0.06138,0.256572,-0.104684,-0.141005,-0.168574,-0.019598,0.082317,-0.023897,0.008768,0.087451,0.054253,0.247065,-0.019652,-0.065058,0.122905,-0.089278,0.120885,-0.059577,0.267649,0.019706,-0.133286,0.282118,-0.07055,-0.07055,0.049986,0.069774,0.114121,-0.074531,-0.117713,0.018129,-0.024881,0.213335,-0.024536,-0.171636,0.177661,-0.180332,0.072931,0.156997,-0.046553,-0.030645,0.176009,-0.00501,-0.095423,-0.029655,0.025183,-0.144383,-0.096679,0.258222,0.069605,0.006882,0.08631,0.104632,0.397234,0.317915,#
16,-8.7e-05,0.143262,-0.11344,0.22023,0.1731,0.060863,0.121739,0.065039,-0.207709,-0.38388,0.097372,-0.078033,-0.04101,-0.375613,0.036523,0.227761,1.0,-0.063487,-0.100879,-0.029834,-0.151489,-0.150638,-0.194279,-0.019059,-0.272862,0.119391,-0.151745,0.12851,0.060031,-0.213344,-0.225471,-0.033482,0.071417,0.080636,0.123237,0.143974,-0.255745,-0.229089,0.016867,0.434398,-0.157036,-0.280677,0.009083,0.200303,-0.016714,0.304309,-0.143093,-0.433227,0.057738,0.267262,0.209411,-0.083733,-0.177873,0.056307,0.18928,0.070909,0.391313,-0.037225,0.131753,-0.127645,-0.347096,0.111682,0.197704,-0.171615,-0.131297,-0.234878,0.083707,-0.058361,-0.288902,-0.259174,0.08231,-0.35293,0.020885,-0.031646,-0.088217,-0.017712,0.054874,-0.206457,-0.023534,-0.05713,-0.129708,0.166363,0.129954,-0.110184,0.036639,-0.114236,0.253215,-0.101046,-0.062341,0.225519,-0.112334,0.011056,-0.028583,-0.070936,0.074434,-0.01346,0.351699,-0.197271,-0.140006,0.135149,0.11894,0.242558,0.141308,0.172169,-0.189154,-0.07177,0.074076,0.08413,-0.043027,-0.023768,-0.29648,-0.077659,0.327526,0.226635,-0.354003,-0.066764,0.14415,0.020217,-0.206507,-0.04517,-0.141783,0.14646,-0.328358,0.091355,0.160867,-0.34311,-0.431829,0.004657,-0.057072,0.080189,-0.110589,-0.160174,0.187995,-0.037016,0.129172,0.079768,0.295417,-0.234398,-0.321042,0.094581,0.080313,-0.059522,0.03293,0.307594,-0.000427,-0.041267,-0.049418,0.060734,0.108859,-0.236696,0.138061,-0.146041,0.185147,0.01985,-0.046902,0.006093,-0.342722,-0.039984,0.031632,0.328047,-0.209174,-0.056385,0.12097,-0.197917,-0.234995,-0.201122,-0.016156,-0.010266,-0.15502,0.056028,0.154459,-0.009012,0.038293,0.067625,-0.175945,0.222403,-0.102549,0.251335,-0.237539,-0.090502,-0.201033,0.021718,0.497806,0.118209,-0.077069,-0.220417,0.03159,-0.046871,0.282095,0.007625,-0.029165,0.179257,-0.110549,-0.153721,0.025272,0.115222,-0.046254,-0.033413,-0.113334,-0.180779,#
17,-0.39793,0.107168,0.416121,0.017859,-0.258969,-0.012336,0.154461,0.098669,0.022356,0.294463,-0.302508,-0.193877,0.257747,0.031167,-0.049918,0.302898,-0.063487,1.0,-0.219219,0.211765,-0.226219,-0.185237,0.136894,-0.058773,0.120398,0.1018,0.086034,-0.151841,0.064015,0.104952,-0.014378,-0.178674,-0.097331,0.097921,-0.068513,0.023439,0.114426,0.132299,0.051679,-0.259391,0.070056,-0.068953,0.0807,0.055488,-0.059322,-0.218146,0.037545,0.068224,0.159219,0.052682,-0.053563,-0.087625,0.285945,0.061092,0.149182,-0.004125,0.134231,-0.345336,-0.004795,0.036219,0.201714,0.037276,-0.051376,-0.100869,0.164419,0.107323,0.077812,0.028154,-0.029158,0.066856,-0.095491,0.08471,-0.314707,-0.002983,-0.073563,-0.04101,-0.048018,-0.140732,0.041204,0.153396,-0.078005,-0.069411,-0.152571,0.444325,-0.255806,-0.039519,-0.101608,-0.164744,-0.175895,-0.025106,-0.084825,-0.065703,-0.318478,0.021154,-0.210216,0.06999,-0.14306,0.093451,0.087669,0.01785,-0.468557,-0.182328,-0.134227,0.199487,-0.014874,-0.02784,0.1109,-0.146881,0.208916,0.027422,0.192494,-0.137703,0.019756,0.01226,-0.001541,-0.136183,0.026377,-0.141294,0.145248,-0.111428,-0.05608,-0.09406,-0.25289,-0.259634,-0.236487,0.049127,0.216518,0.178211,-0.120705,-0.015394,0.248533,0.200755,-0.186375,0.021184,-0.070841,-0.164053,0.0648,0.081228,-0.159654,-0.04184,-0.174541,-0.069451,-0.081512,-0.267868,-0.029054,0.13004,-0.077833,0.392875,-0.010986,-0.058212,-0.240707,-0.005867,0.159484,-0.170321,-0.056791,-0.03811,0.115669,0.262805,-0.01991,-0.111451,0.106158,0.108175,-0.178441,0.26495,0.248106,0.095396,-0.120936,0.024737,0.073427,-0.020885,-0.079803,-0.000695,-0.144445,-0.137907,-0.069556,-0.124638,-0.053169,-0.032776,-0.008186,-0.08352,0.303362,0.00838,-0.040775,-0.117438,0.210253,-0.094027,0.34481,0.187336,-0.387149,-0.039717,0.033698,-0.337064,-0.256985,0.211321,-0.163479,-0.079827,0.15332,0.212777,0.155214,0.459432,#
18,0.372923,0.303536,-0.091268,-0.10049,0.08732,0.138196,0.262943,0.070591,-0.023629,0.064916,0.087247,0.030618,0.152655,0.363817,0.112022,-0.158289,-0.100879,-0.219219,1.0,0.057524,0.195528,0.137803,0.204082,0.044649,0.013931,0.047537,-0.017287,0.149957,0.356255,-0.015662,-0.082405,0.22925,0.021648,-0.030541,-0.158799,-0.008087,-0.064827,-0.092022,-0.127794,0.130673,0.131355,0.146774,0.023754,-0.193526,0.054539,-0.087526,0.133645,-0.038633,-0.245377,-0.027977,0.074483,-0.03426,0.134489,-0.063552,-0.065827,0.043136,-0.028632,-0.08174,-0.011974,-0.049225,0.143107,-0.207294,-0.171967,0.078279,-0.055586,0.102269,-0.345918,-0.040448,-0.014108,-0.005529,-0.219918,0.235682,0.018692,-0.336937,-0.250514,0.015739,-0.057646,-0.071334,-0.183348,0.125974,0.238924,-0.147941,0.031626,-0.384075,0.024435,0.134911,-0.090714,-0.163038,-0.041018,-0.260534,-0.217724,-0.117253,0.084076,-0.375321,0.217978,-0.242504,-0.188515,-0.052249,-0.010935,-0.082836,0.125723,0.083387,-0.001103,-0.373506,-0.098513,-0.098678,-0.220936,-0.149488,-0.300287,-0.145525,-0.01165,0.132617,-0.288635,-0.112433,0.225019,0.132416,-0.057134,0.155038,0.199374,-0.077638,0.023057,0.005055,-0.013402,0.004932,-0.299312,0.049237,0.081054,-0.126961,-0.056652,-0.052983,-0.130962,-0.276064,0.121557,0.002412,0.066703,-0.004567,-0.00306,0.077758,0.273204,-0.171338,-0.222428,-0.001878,0.019837,-0.18976,-0.135435,-0.028185,-0.165128,0.040786,-0.434739,-0.021814,-0.022068,-0.103744,-1.9e-05,-0.196096,0.055237,-0.143959,0.143104,-0.044281,-0.300262,-0.091551,0.091455,0.068666,0.070475,-0.316986,-0.060871,0.246933,0.354062,0.186417,-0.27529,-0.129501,-0.013146,-0.019923,-0.002285,0.114536,-0.052901,-0.100622,-0.220562,0.067423,0.241315,-0.133847,-0.037292,-0.117478,-0.019499,0.355373,-0.073353,-0.018782,0.222291,0.083002,0.100646,0.026977,-0.23818,0.029674,0.034466,0.081464,0.101555,0.015064,-0.020058,-0.234001,-0.090722,-0.018547,#
19,-0.07239,-0.003312,0.119662,-0.222915,-0.081254,-0.155988,0.087488,-0.17146,0.114721,0.203415,-0.060864,-0.146345,0.039298,0.346416,0.084022,0.203579,-0.029834,0.211765,0.057524,1.0,0.090726,0.084906,0.16844,-0.023479,-0.261553,-0.096009,0.222806,-0.02066,0.211821,-0.200586,0.067602,0.244428,0.29353,0.071047,-0.120969,-0.262606,0.11269,0.197642,-0.085086,-0.115915,0.190024,-0.012429,0.005961,-0.106562,-0.125402,-0.381974,-0.003772,0.307694,-0.14726,-0.077367,0.055399,-0.180894,0.180484,-0.043898,-0.1233,0.057677,-0.014315,-0.229598,0.149801,0.00121,0.194223,0.01745,-0.082335,-0.153734,0.084661,-0.05788,0.074586,0.031608,-0.090365,0.231943,-0.008252,0.126917,0.221692,-0.18444,-0.309819,-0.21316,0.13669,-0.03822,0.309146,0.312309,0.246185,0.188895,-0.059488,0.042066,-0.028303,0.460656,0.004528,-0.19494,0.152028,-0.08598,-0.13595,0.284513,-0.017913,-0.027321,0.104988,0.191192,0.063123,-0.080165,0.091712,0.147332,-0.358527,0.211829,-0.022936,-0.151427,0.307079,0.160151,0.198028,-0.034657,0.297605,-0.150031,0.145238,-0.155177,0.027873,0.14882,0.232194,0.005053,-0.02614,-0.079929,0.20877,-0.268595,-0.040734,-0.047083,0.011466,-0.177249,-0.088381,0.264041,0.254401,0.143223,0.204031,0.213384,0.475846,-0.100689,-0.023894,-0.064032,0.256481,0.047607,0.08493,0.194015,0.085107,0.219951,0.21034,0.176376,0.02261,0.013568,-0.095378,0.137536,0.074222,-0.027257,0.021829,0.11466,-0.05988,0.164364,0.42226,-0.171618,-0.052017,0.112255,0.285492,-0.003109,-0.007425,-0.042128,0.347563,0.071903,0.19187,-0.142883,0.090721,0.120744,0.312208,0.038195,0.054451,0.142685,-0.27257,-0.067548,-0.24285,-0.068658,-0.266021,0.026386,0.32863,-0.144149,0.20601,-0.058815,0.055986,-0.098609,-0.111652,-0.044453,-0.273886,-0.293799,0.30875,0.261497,-0.240131,-0.03938,0.176184,-0.195654,-0.348402,0.095907,0.269239,-0.175901,-0.357131,-0.110052,0.384508,0.150035,#
20,0.043989,0.207773,-0.186635,0.150801,-0.076766,-0.023042,-0.154646,0.24616,-0.208101,-0.098556,-0.042943,0.111891,-0.001861,0.154659,0.217552,-0.29152,-0.151489,-0.226219,0.195528,0.090726,1.0,0.066114,0.073427,-0.062602,-0.217719,-0.13971,0.251718,-0.02588,-0.295056,-0.158742,0.045052,0.10659,0.411752,0.163111,-0.353449,-0.427374,-0.135865,-0.170474,0.020006,0.026356,0.169194,0.157259,-0.349376,-0.051588,0.149483,-0.091276,0.134286,0.014637,-0.080182,-0.126857,-0.162709,0.218764,0.076276,0.052234,-0.057154,0.056169,0.07651,0.053852,-0.390301,0.08472,-0.096236,-0.113974,-0.079472,0.056307,0.216132,0.125917,-0.149366,0.026509,0.175915,0.086445,-0.140501,0.019786,-0.049352,0.187663,-0.218657,-0.209657,-0.023477,0.283793,0.078269,0.11959,0.158297,-0.095636,0.173165,-0.047512,0.207729,0.081094,0.093461,0.199547,0.452416,-0.072175,0.112656,0.174199,0.280798,0.046884,0.264148,0.244315,-0.041479,-0.129348,0.175555,0.02164,0.055705,0.188836,0.281637,-0.053824,0.112241,0.239428,0.130631,0.060732,-0.058611,-0.070586,0.002125,-0.010788,-0.147784,0.164793,0.307127,0.254893,0.019563,0.056719,-0.014248,0.053735,0.197171,-0.231557,0.144486,0.116545,0.06969,0.013942,0.077531,-0.403162,0.017511,0.040973,0.138584,0.045926,0.070927,-0.166173,0.272381,0.319206,0.124034,0.302714,0.214217,0.044011,0.048896,0.248211,0.134341,0.193483,0.010973,-0.122581,0.151762,-0.227917,0.083619,0.227768,0.260484,0.091348,0.114211,0.209779,0.088931,0.043066,0.140716,-0.299696,-0.087558,0.179427,0.059736,0.10852,-0.026962,-0.265064,-0.025045,-0.111546,0.287662,0.158151,0.14946,-0.138647,-0.06291,0.048789,-0.197858,-0.023973,0.012142,0.013143,0.190235,-0.274658,0.113807,0.218603,-0.335034,-0.133013,0.131988,0.010739,-0.011279,0.005357,-0.066965,-0.092927,-0.090493,0.110275,0.098121,-0.146497,-0.146488,-0.054031,0.012594,-0.242371,-0.134476,-0.4755,-0.221591,-0.128351,#
