0,1.0,0.027418,-0.206063,-0.163953,0.25244,0.073869,0.353855,-0.290367,0.072116,-0.080657,0.475739,0.133564,0.173714,0.087834,-0.017569,-0.018763,-0.027916,-0.402596,0.36902,-0.062508,0.045808,0.032993,0.159635,-0.068278,0.007035,-0.136163,-0.161835,0.079156,0.128428,0.029699,-0.271354,-0.092362,0.097049,-0.2138,0.323564,0.105924,0.092255,-0.011094,0.0391,0.324236,-0.082527,0.129093,-0.119104,-0.128655,0.155139,0.111586,0.121214,0.136208,-0.144968,0.068659,0.157315,-0.152777,0.07779,-0.10588,0.106692,0.03827,-0.155714,0.142454,-0.117215,-0.052806,0.193305,0.054664,-0.126576,0.121506,-0.306328,-0.00763,-0.069832,0.066579,-0.066261,-0.152819,0.033544,0.001178,0.161884,-0.194462,-0.157742,0.153044,-0.474871,-0.196813,-0.234221,-0.158456,-0.120176,-0.158468,-0.161514,-0.3347,-0.026785,-0.198167,-0.173855,-0.129828,-0.138154,-0.222087,-0.407527,-0.129788,0.01111,-0.345,-0.085134,-0.27078,-0.120095,-0.483741,-0.318681,-0.023684,0.311755,-0.103741,-0.089519,-0.262778,-0.085555,-0.195251,-0.155786,0.070328,-0.220812,-0.037883,-0.129556,0.088576,-0.354365,-0.225325,-0.006533,0.056867,-0.05653,-0.003146,0.007373,-0.130792,-0.270646,0.041731,-0.036838,0.152807,-0.096973,-0.019864,-0.095683,0.188809,-0.135774,-0.239283,-0.280738,-0.375129,-0.071281,0.193781,0.023939,-0.102309,-0.117394,-0.1173,0.179834,-0.086751,-0.171592,0.205875,-0.050854,-0.201871,-0.203803,-0.111854,-0.158879,0.127479,-0.288265,-0.275088,0.006066,-0.146413,-0.371677,-0.106098,0.183969,-0.105899,0.021763,0.075137,-0.382541,-0.030226,-0.131971,-0.175034,0.004891,-0.274229,0.00883,-0.119027,0.091796,0.051944,-0.316081,-0.157389,0.177878,-0.145014,0.088895,-0.016168,0.053615,-0.049738,-0.124506,0.123257,0.110718,-0.294604,-0.048085,0.082474,0.006009,0.325648,0.14754,-0.073871,0.125807,0.032437,0.290793,0.229761,-0.340052,0.217865,0.463909,0.012457,-0.030172,0.118218,-0.031389,-0.171033,-0.057285,-0.21109,#
1,0.027418,1.0,0.024084,-0.089205,-0.006943,-7.6e-05,0.213466,0.066455,-0.18003,0.206351,-0.092461,-0.034132,0.035418,0.183264,0.035522,0.131312,0.14617,0.088403,0.321228,-0.022825,0.190574,0.087087,0.030218,-0.159805,-0.013814,-0.210148,-0.114787,-0.048947,0.201438,0.091022,-0.083567,0.058265,0.036935,-0.062001,0.084797,-0.000828,-0.079365,-0.255017,0.090898,0.016935,0.055825,0.198448,-0.025055,0.045962,-0.036936,0.00558,0.014048,-0.040731,0.170658,0.333854,0.011271,-0.02698,0.086001,0.084101,0.078218,-0.164201,0.195405,-0.23242,-0.067258,-0.116854,0.053577,-0.12228,-0.03687,0.0178,0.324675,0.331172,-0.35853,0.0443,-0.075626,-0.12366,-0.100927,0.063018,-0.146012,-0.101399,-0.044532,0.117052,-0.122755,-0.034782,0.190197,-0.066524,0.015207,-0.23493,-0.112781,-0.038575,-0.138959,0.033299,-0.050975,-0.099864,0.032852,-0.083784,-0.229084,-0.007617,-0.039067,-0.166964,-0.060322,-0.069993,-0.005402,0.142787,0.357609,-0.0181,-0.04154,0.113778,0.036934,-0.057055,-0.250076,-0.052635,0.111477,-0.130168,-0.297412,-0.137613,0.212795,-0.052307,-0.051551,0.039261,-0.07392,-0.046779,-0.135932,0.048568,0.034534,-0.182903,-0.125038,-0.07361,-0.327008,-0.181529,-0.151811,-0.175434,-0.05866,-0.174134,-0.225736,-0.130214,0.091217,-0.215571,-0.121533,-0.044927,-0.175668,-0.214538,0.10174,0.122541,0.121798,-0.173274,-0.098787,-0.217096,0.104016,-0.056655,-0.043679,-0.222334,-0.411044,0.091431,-0.014287,-0.026269,-0.040017,0.111633,0.097851,-0.188512,-0.093489,-0.103039,0.157854,0.096852,-0.078705,0.107123,-0.129712,0.06374,-0.134823,0.040267,-0.093885,0.310435,0.248654,0.146867,-0.123416,-0.325548,0.135357,0.17703,-0.071826,0.010607,0.059545,-0.16062,0.017893,-0.001823,0.109493,-0.080357,0.111091,-0.057758,0.104496,0.196633,0.276294,-0.135629,0.121905,-0.190467,0.055224,0.134132,-0.037754,0.083822,-0.103885,0.089886,-0.113315,-0.028861,0.186286,-0.075796,0.016905,0.150118,#
2,-0.206063,0.024084,1.0,-0.349063,-0.147969,-0.060325,0.079946,-0.086607,0.056425,0.087089,-0.074109,-0.185685,0.080982,-0.008482,-0.205713,0.08456,-0.114394,0.377394,-0.064196,0.087631,-0.218898,0.066213,-0.082119,-0.040822,0.059236,0.050254,0.071304,-0.220592,0.026923,-0.189415,0.013435,0.195753,-0.259583,0.100977,-0.03435,0.140059,0.075743,0.479787,-0.020444,-0.309402,0.076867,0.084957,0.016206,-0.050557,-0.087635,-0.314677,-0.090644,-0.008817,-0.010485,0.005362,0.11691,-0.233036,0.178002,-0.196552,-0.194624,-0.048082,-0.047214,-0.25454,0.226464,-0.179111,0.255166,-0.065011,0.054022,-0.25919,0.221144,0.228884,0.108556,0.003181,0.153934,0.186065,-0.090501,0.106493,-0.398911,0.079636,0.018287,-0.121848,0.016829,0.002486,0.083586,0.024954,0.125948,0.10062,0.067018,0.217323,-0.10985,0.10976,0.046097,-0.030019,-0.062529,0.216529,0.045864,0.009756,0.072742,0.170113,-0.094248,0.059822,0.068959,0.003083,0.079813,0.088865,-0.256195,-0.18709,0.019354,0.131632,0.246398,0.091112,0.04169,-0.092196,0.163982,-0.074714,0.041075,-0.258354,0.077063,0.15026,0.249468,-0.143088,0.009943,0.123332,-0.113089,-0.12818,0.074857,0.083483,-0.000802,-0.274601,-0.104482,0.108621,0.388197,-0.004665,0.210573,0.045484,0.293552,0.079793,0.029016,0.07256,0.092547,-0.160888,0.096485,0.281096,-0.094976,0.18091,-0.021945,0.124887,0.05321,-0.160106,0.01182,0.083791,0.040827,0.107704,0.071253,0.189185,-0.010456,0.170088,0.102532,0.009266,0.115103,0.046814,0.045192,0.02272,0.224384,-0.015616,0.318,0.010433,-0.066122,0.303604,0.129267,-0.089562,0.037655,0.020674,0.153881,0.083483,-0.163538,-0.077171,-0.120926,-0.044495,-0.205017,0.03666,0.134889,-0.050247,0.017722,-0.154512,0.124986,0.042872,-0.111,-0.159039,-0.05019,0.168812,0.20525,0.169199,-0.22888,-0.230349,0.178707,-0.198698,-0.259005,0.237895,-0.090537,-0.050653,0.065234,0.356337,0.186882,0.205204,#
3,-0.163953,-0.089205,-0.349063,1.0,-0.117173,-0.139033,-0.25438,0.000383,-0.440899,-0.351643,0.086424,-0.070631,-0.2639,-0.478132,0.035655,-0.179353,0.191378,0.00681,-0.104521,-0.21648,0.150035,-0.201661,-0.306424,-0.034819,-0.07176,0.112239,-0.108425,0.121782,-0.176773,-0.161827,0.266447,-0.216628,0.114657,-0.003384,0.005698,0.045211,-0.131683,-0.112298,0.027755,0.191236,-0.018673,-0.227398,-0.012758,0.15292,-0.014404,0.444056,-0.14752,-0.110609,0.125298,-0.235191,-0.128918,0.484743,-0.042136,0.154452,0.261397,-0.22848,0.260771,0.332308,-0.118083,-0.128895,-0.474893,0.076064,0.206808,-0.027459,-0.105755,-0.277841,0.045255,0.008249,-0.094095,0.028258,0.145603,-0.250281,0.144319,0.155836,0.201111,-0.106878,0.355395,0.223652,0.12406,-0.04552,-0.00911,0.184497,0.197644,0.02401,0.229687,-0.097349,0.105343,0.309249,0.113562,0.119691,0.031002,0.233633,0.194723,-0.115131,0.188308,0.229533,0.339277,0.054475,0.009558,0.272038,0.267615,0.255477,0.30698,0.282578,-0.107315,0.003717,0.204789,0.209417,-0.090114,0.099429,-0.159176,0.104244,0.217845,0.135134,-0.046936,0.112645,0.268141,0.107307,-0.131606,0.291384,0.250956,0.183518,0.058277,0.307262,0.300127,0.041664,-0.449054,-0.087503,0.003131,0.277858,-0.102905,0.319922,0.353609,-0.044968,0.171545,0.232553,-0.00519,0.07957,-0.107095,0.188054,0.106784,-0.142621,0.301175,0.404287,0.479409,0.062428,0.122766,-0.1851,0.324726,-0.139907,0.293485,-0.085625,0.037158,0.089168,0.123698,0.091355,-0.429078,-0.287668,0.224971,0.168807,0.053696,0.174272,0.130095,-0.052807,-0.011591,-0.342193,0.090318,-0.06783,0.086422,-0.039173,0.267734,0.229589,0.021099,0.316445,0.081471,0.160864,-0.082569,-0.002535,-0.496985,0.507269,-0.411078,0.11081,0.186066,-0.127242,-0.133793,-0.073113,-0.138344,0.083714,0.326225,-0.000263,0.069829,-0.119725,-0.085775,-0.230596,0.164461,-0.096666,-0.140124,-0.178347,-0.281032,-0.244514,#
4,0.25244,-0.006943,-0.147969,-0.117173,1.0,-0.002848,-0.031686,-0.170775,0.058121,-0.095725,0.316514,0.093832,-0.066942,-0.17642,-0.115044,-0.116416,0.147388,-0.265219,0.083462,-0.073585,-0.076487,-0.361212,0.08647,-0.08518,-0.049529,-0.100896,-0.230187,-0.081986,0.047722,-0.110112,-0.262011,-0.15709,0.073081,-0.224266,0.126002,0.106151,-0.03327,-0.224433,0.109336,0.36134,0.030936,-0.315883,-0.311904,-0.171868,-0.109945,0.107391,-0.243331,-0.096504,0.031529,0.210794,-0.017612,-0.025811,-0.135053,0.227222,0.102774,0.012908,-0.142809,0.212434,-0.011383,0.233249,-0.218703,-0.144955,-0.024252,-0.113586,-0.1619,-0.032862,0.462862,-0.02351,-0.083346,-0.243292,-0.129123,-0.116055,-0.012416,0.078823,0.119926,-0.015506,-0.138166,-0.140858,-0.118281,-0.15029,-0.307996,0.10046,0.175036,-0.098793,0.214026,-0.076125,-0.03556,0.019725,0.019871,-0.133497,0.104227,0.209232,0.114006,-0.029555,0.135356,-0.019284,0.103725,0.003707,-0.039951,-0.049973,0.1568,0.047475,0.079822,-0.118302,0.160197,-0.038263,-0.042249,0.103679,-0.202128,0.212189,0.083601,-0.054439,-0.274711,-0.147281,-0.178505,0.300144,-0.050275,0.304867,-0.338395,0.028667,-0.314427,0.074253,-0.074901,0.033988,-0.035096,0.005783,-0.112748,0.071858,-0.083086,-0.23314,-0.08616,-0.344666,-0.020326,-0.050569,0.041478,0.051117,0.161265,0.04032,-0.116509,-0.030262,-0.0701,-0.098468,-0.152533,0.140044,-0.090156,-0.231177,0.01004,-0.083111,0.089218,-0.019242,0.082647,0.125491,-0.228191,0.133502,-0.010505,-0.125635,0.118266,0.051501,-0.281896,0.041682,-0.323787,-0.196706,-0.017179,0.118057,-0.067212,0.010364,0.033022,0.01433,-0.066174,0.288332,0.098902,0.068695,0.149181,-0.011125,-0.16745,0.106465,0.033375,0.068601,0.02982,-0.049823,-0.146984,0.1432,-0.004085,-0.033702,0.074852,0.029724,0.032855,0.135549,0.303725,0.015558,-0.135617,0.128501,0.233106,0.02135,-0.146732,0.088759,0.024506,0.065964,-0.020902,-0.193126,#
5,0.073869,-7.6e-05,-0.060325,-0.139033,-0.002848,1.0,0.310239,0.319494,0.073367,0.021651,-0.031808,0.212518,0.036057,0.030009,0.113625,-0.020647,0.060863,0.038385,0.097988,-0.107963,0.024677,-0.097884,0.187799,-0.084801,-0.015211,0.1946,-0.004123,-0.026855,0.135362,0.173643,-0.28742,-0.005624,-0.068378,0.094675,-0.024154,0.027024,0.075442,-0.073179,-0.046711,-0.094683,-0.201101,0.169455,-0.23381,-0.114515,0.080514,-0.044752,0.276812,-0.189399,-0.009147,0.055641,-0.06707,-0.096157,0.313247,0.091412,-0.027827,0.145698,-0.107806,0.207322,-0.249709,0.017401,0.081838,-0.022292,-0.001904,0.21068,-0.192845,0.086653,-0.111167,-0.027003,-0.046379,-0.418292,-0.059117,0.03073,-0.02559,0.129763,-0.053896,0.165765,-0.197021,0.044455,-0.208616,-0.019284,-0.203406,-0.282543,-0.090986,0.312488,-0.150645,-0.250158,-0.07616,-0.037002,-0.097977,-0.185652,-0.001713,-0.234044,-0.191253,-0.214745,-0.17884,0.011184,-0.197126,-0.147618,-0.181211,-0.28332,0.195472,0.067781,-0.084778,-0.237474,-0.335043,-0.296391,-0.041456,0.131071,-0.218182,-0.103678,0.150161,0.35892,-0.364196,-0.187277,0.008603,-0.06474,-0.018215,0.181665,0.240517,-0.137766,-0.021037,-0.225462,-0.018161,-0.048149,-0.239924,-0.043761,0.104928,-0.038192,-0.353769,0.073304,-0.054079,-0.074698,-0.089343,0.095008,-0.446136,-0.112239,0.165578,0.205011,0.041096,-0.169535,-0.088009,0.0417,-0.174843,-0.076134,-0.12363,-0.266421,0.244638,0.052924,-0.379451,-0.045299,-0.120456,-0.281104,0.188706,-0.095457,0.115851,-0.123123,0.122409,-0.05004,-0.52014,-0.098904,-0.206299,-0.127836,0.193753,-0.273216,0.096481,-6.7e-05,-0.18177,-0.054572,0.013602,-0.224698,0.017573,-0.235505,-0.100581,-0.225821,0.127301,-0.139363,-0.102208,-0.034272,0.08131,-0.040026,0.237928,-0.029469,0.021946,0.055147,0.422534,-0.090332,0.181978,-0.089385,-0.05848,0.122624,-0.02151,0.031578,0.009559,-0.05671,-0.273613,0.277609,0.098846,-0.029217,-0.179198,-0.045234,#
6,0.353855,0.213466,0.079946,-0.25438,-0.031686,0.310239,1.0,0.050965,0.279228,0.117514,0.088268,0.162013,0.164427,0.220688,-0.017721,0.202776,0.121739,0.205832,0.221619,0.140261,-0.105131,-0.024049,0.213968,-0.070423,0.031104,0.091247,-0.03797,-0.056232,0.418929,-0.049109,-0.220529,-0.071844,-0.044643,-0.191835,0.076547,0.016166,0.23154,-0.188625,0.272956,0.030035,0.155783,0.241447,-0.19857,-0.123634,0.144801,-0.226805,0.195741,-0.117998,-0.192671,0.063187,-0.049223,-0.328253,0.202309,-0.056691,0.297752,-0.035114,-0.054716,-0.128297,-0.023451,-0.169197,0.29303,0.142049,-0.088819,0.23805,0.132149,0.348816,-0.229614,0.13062,0.123364,-0.26669,-0.030247,0.165925,-0.152551,-0.397028,-0.32624,0.169153,-0.484973,-0.327883,-0.262774,-0.14327,-0.25671,-0.237945,-0.124816,-0.063727,-0.431693,-0.22557,-0.192895,-0.252282,-0.297285,-0.395036,-0.455072,-0.389052,-0.482295,-0.196981,-0.316888,-0.43472,-0.165135,-0.318723,-0.249081,-0.146842,0.01748,-0.044243,-0.293482,-0.273194,-0.327373,-0.329254,-0.089343,-0.067401,-0.148402,-0.319759,0.029408,0.026517,-0.350499,-0.301961,-0.059114,-0.26712,-0.062311,-0.017083,0.221623,-0.329796,-0.314417,-0.263517,-0.323774,-0.192757,-0.211818,-0.210136,0.144136,0.150409,-0.294999,-0.214907,-0.277666,-0.346931,-0.302956,0.084153,-0.244205,-0.309792,0.042334,-0.106257,0.129399,-0.394818,-0.214539,0.076979,-0.114839,-0.443949,-0.412727,-0.19784,-0.066721,0.539588,-0.424778,-0.286941,-0.181207,-0.349922,-0.163187,-0.125234,-0.0759,-0.249684,0.186377,0.345645,-0.324729,-0.223073,-0.004033,-0.250775,0.056426,-0.097863,-0.168874,0.188004,-0.104489,0.055681,-0.313867,-0.252633,0.119981,-0.195689,-0.122416,-0.280939,0.175558,-0.372505,-0.13733,0.241134,0.277111,-0.501405,0.354124,-0.053128,-0.094959,0.331889,0.213536,-0.386354,0.115094,-0.059531,-0.135449,0.182969,-0.38174,0.185977,0.118186,0.247758,-0.178086,-0.021374,0.05243,-0.10788,-0.113404,0.264277,#
7,-0.290367,0.066455,-0.086607,0.000383,-0.170775,0.319494,0.050965,1.0,-0.191353,0.200328,-0.311335,0.020324,0.298643,0.110819,0.240012,0.074165,0.107462,0.163967,0.022883,-0.111822,0.275174,0.238894,0.022834,0.143443,0.03816,0.179074,-0.021428,-0.221659,-0.058093,0.145964,-0.119334,-0.060447,0.082413,0.227037,-0.244167,-0.214173,-0.203259,-0.125712,0.01646,-0.303093,0.069705,0.084537,0.025569,-0.172745,0.021615,-0.140267,0.465466,-0.221027,-0.029593,-0.103566,-0.170581,-0.143615,0.099258,-0.117623,-0.070137,0.098168,0.215405,-0.1255,-0.143341,0.254311,-0.003244,-0.330901,-0.155681,0.198432,0.002151,0.131549,-0.022992,-0.077138,-0.164194,-0.12555,0.066864,0.425794,-0.236936,0.118131,-0.013773,-0.096179,0.009242,0.178034,0.005506,0.160762,0.06713,-0.324137,-0.105946,-0.025119,-0.0957,-0.125159,0.153779,0.10627,0.250507,0.154806,0.225013,-0.169836,-0.008389,0.03804,0.03797,0.105554,-0.09467,0.147525,0.11837,-0.269231,-0.174132,0.164081,-0.048861,0.044441,-0.170678,0.03958,-0.217111,0.021086,0.01405,-0.10751,0.124911,0.103637,0.019748,0.104158,0.070329,0.060152,0.038103,0.029378,0.181342,-0.090453,0.197768,-0.431748,-0.056293,0.080648,-0.123415,-0.034657,0.095087,-0.15493,-0.071453,0.074894,-0.130649,0.279076,0.053977,-0.076411,-0.12227,0.1565,0.18511,-0.090396,0.063082,-0.209943,-0.201089,-0.13117,-0.102042,0.023767,-0.282225,-0.118516,0.038119,0.058632,-0.056296,0.116581,-0.039225,-0.048085,0.124539,0.014823,-0.068682,-0.288603,0.044252,0.156682,-0.114056,0.01974,-0.005146,0.090918,-0.060886,-0.03576,0.221368,-0.061568,-0.247448,0.081375,0.134151,0.207534,-0.138075,-0.019443,-0.050852,-0.220867,0.2438,-0.154904,-0.227691,-0.176839,0.130696,0.042084,0.14011,0.14758,0.099019,-0.125669,0.074545,-0.055434,-0.054911,-0.197599,-0.272979,0.142728,-0.119354,-0.162152,-0.182943,0.019123,-0.007007,-0.034834,0.008975,-0.017212,-0.274463,0.157034,#
8,0.072116,-0.18003,0.056425,-0.440899,0.058121,0.073367,0.279228,-0.191353,1.0,0.260408,0.014199,0.208442,-0.017394,0.212566,-0.021687,-0.074843,-0.180756,0.023415,-0.012222,0.098813,-0.21847,-0.015236,0.168149,-0.055023,0.111284,0.159082,0.064623,0.148396,0.151332,-0.000125,-0.259763,-0.021649,-0.018735,-0.015391,-0.070732,0.090663,0.071044,-0.000774,0.083588,0.008559,0.02308,0.04959,-0.121194,-0.05126,0.081566,-0.158546,-0.013177,0.07494,-0.03793,0.075082,-0.079101,-0.205513,0.106743,0.210742,0.210678,0.342785,-0.363199,-0.098567,-0.077942,0.080588,0.198543,0.048271,0.019469,0.102839,0.090859,0.028851,-0.126354,0.237837,0.260078,-0.124507,-0.132056,0.090155,0.123946,-0.091441,-0.300131,0.168206,-0.063679,-0.297893,-0.188917,0.021151,-0.120687,-0.068137,-0.167699,-0.104996,-0.278564,0.081885,-0.385766,-0.285055,-0.13287,-0.38348,-0.062369,-0.368813,-0.460974,-0.014241,-0.18405,-0.073222,-0.258378,-0.120719,-0.350569,-0.185469,-0.10237,0.019469,-0.146952,-0.136645,-0.008349,-0.382117,-0.104536,-0.06524,0.002467,-0.082771,-0.041557,-0.079933,-0.191185,-0.143726,0.093752,-0.244225,0.026396,-0.170044,-0.100521,-0.136436,-0.069981,-0.010773,0.03184,-0.202236,-0.176524,-0.023276,0.324792,0.016595,-0.102102,-0.065015,0.05973,-0.182357,-0.50248,-0.148492,-0.182697,-0.043199,-0.12453,-0.011608,0.013869,-0.083375,-0.090453,0.121,-0.187557,-0.272328,-0.222599,-0.315506,-0.249156,0.184438,-0.205766,-0.107517,0.003784,-0.077976,-0.180457,-0.296477,0.116663,-0.0842,0.207203,0.30251,-0.217256,-0.263561,-0.129638,-0.135468,-0.084128,-0.111713,-0.263881,0.036622,-0.116358,-0.099433,-0.212895,-0.0578,-0.170424,-0.196294,0.015142,-0.099425,0.282622,0.032476,0.059463,0.13081,0.413372,-0.320887,0.256,0.092872,-0.149203,0.142386,-0.010833,0.07368,0.043681,-0.004051,-0.31493,-0.041692,-0.074562,0.180274,0.073563,0.071323,-0.056147,0.223861,-0.020773,-0.199547,0.041405,0.049049,#
9,-0.080657,0.206351,0.087089,-0.351643,-0.095725,0.021651,0.117514,0.200328,0.260408,1.0,-0.162751,-0.124711,0.246975,0.517651,-0.028014,0.071376,-0.351161,0.307007,0.063232,0.201627,-0.09094,0.195378,0.278572,0.030479,0.156656,-0.05928,-0.174451,-0.080908,0.168764,0.385811,0.00827,0.126114,0.173977,-0.146503,-0.054915,-0.090354,0.307999,-0.01641,0.049066,-0.418081,0.23855,0.166116,0.083439,-0.127733,0.014621,-0.433313,0.189166,0.312258,0.146091,0.074797,-0.175069,-0.300948,0.389598,-0.056683,0.120103,0.032716,-0.224061,-0.393299,-0.058138,0.258492,0.411814,-0.134209,-0.422084,0.046251,-0.004821,0.223925,0.006033,-0.008478,-0.072562,0.02918,-0.000153,0.360387,-0.144648,-0.028975,-0.110499,-0.063496,-0.083991,-0.266654,0.050851,0.233453,0.058603,-0.25792,-0.3116,0.212843,-0.353085,0.16839,-0.148615,-0.166313,-0.046041,-0.259193,0.035026,-0.084249,-0.337574,0.058891,-0.194277,0.074581,-0.528206,-0.010983,0.225358,-0.311143,-0.426809,-0.04612,-0.287459,-0.102301,-0.019212,-0.189386,-0.19894,-0.397554,0.161756,-0.229098,0.413302,0.252129,-0.224031,-0.058266,-0.032951,-0.26321,-0.138272,-0.107146,0.360554,-0.346475,-0.225241,-0.257425,-0.070128,-0.158597,-0.28271,0.309468,0.435484,-0.075146,-0.098726,-0.289158,0.111707,0.084786,-0.47871,-0.032944,-0.368333,-0.234217,-0.125908,0.099949,0.186503,-0.246674,-0.04394,-0.152998,-0.275923,-0.435489,-0.428828,-0.181811,-0.370272,0.182472,-0.206072,-0.097692,-0.327182,0.14722,-0.040008,-0.549702,0.023497,-0.352389,0.637753,0.42086,-0.164017,-0.338521,-0.137083,0.011428,-0.1618,0.130347,0.216777,0.377618,0.004337,-0.257287,0.007054,-0.082015,-0.270789,0.089094,0.012287,-0.244201,0.355786,-0.355312,-0.024194,-0.233965,0.555029,-0.291194,0.619228,0.220501,-0.468358,-0.173903,0.148389,-0.098508,0.170758,-0.030731,-0.584907,0.089149,-0.207222,-0.094158,-0.036394,0.267608,-0.224856,0.001176,0.218564,0.041929,0.164875,0.449502,#
10,0.475739,-0.092461,-0.074109,0.086424,0.316514,-0.031808,0.088268,-0.311335,0.014199,-0.162751,1.0,0.18669,-0.034573,-0.080899,-0.160866,-0.119849,0.070577,-0.312674,0.087386,-0.057996,-0.047735,-0.108774,-0.023225,0.073877,0.049693,0.277987,-0.047925,0.09662,0.11527,-0.174028,-0.012221,0.096017,0.069561,-0.171804,0.035824,0.172784,-0.042614,0.059619,-0.035533,0.25317,-0.232099,-0.247184,-0.139564,0.027678,0.114137,0.318374,-0.174222,0.173368,-0.058662,0.126432,0.042172,0.007377,0.048362,0.058827,0.085311,-0.038924,-0.119518,0.401808,0.015307,-0.155975,-0.203175,-0.089006,0.037356,0.047068,-0.305101,-0.020266,0.25516,0.229679,-0.120049,-0.165328,0.19865,-0.126187,0.149379,0.054543,0.00343,-0.031663,-0.19235,-0.097435,-0.233789,-0.193099,-0.160763,0.121984,0.021712,0.032948,0.094781,-0.04347,0.087913,0.087933,-0.020831,-0.02906,-0.212589,0.126228,0.075276,-0.041828,0.043916,-0.141068,0.148091,-0.340567,-0.096411,0.127236,0.264732,-0.140602,0.055043,-0.144118,0.095456,-0.102444,-0.078213,0.252866,-0.0528,0.287936,-0.273594,0.099586,-0.124698,-0.00356,-0.100708,0.150101,-0.229875,0.037487,-0.200106,0.042507,-0.225452,0.36571,-0.020593,-0.021597,-0.038165,0.040967,-0.227563,0.080359,-0.099457,-0.21712,-0.154663,-0.334009,0.03152,-0.171999,0.049285,0.073451,0.095869,-0.11185,0.012276,0.042934,-0.062656,0.232363,0.106337,0.13534,0.060738,-0.207383,-0.090015,0.04262,-0.086887,-0.085205,0.329548,-0.112917,-0.264638,0.021217,-0.007527,0.045421,-0.269726,-0.098506,-0.080257,0.040354,-0.095284,-0.095622,0.041531,-0.104035,-0.017154,-0.18874,-0.001137,-0.279146,-0.103483,0.067947,0.208095,-0.01643,0.19164,0.176023,-0.099128,0.179887,-0.004955,0.068853,-0.117832,0.001409,-0.192433,0.135764,-0.026949,-0.004153,0.118149,0.038109,0.040685,0.24713,0.311727,0.176915,0.061446,0.27142,0.222842,-0.144846,-0.089056,-0.135498,-0.117296,-0.113974,-0.168322,-0.438731,#
11,0.133564,-0.034132,-0.185685,-0.070631,0.093832,0.212518,0.162013,0.020324,0.208442,-0.124711,0.18669,1.0,0.012699,0.097818,-0.052731,-0.090427,-0.078033,-0.153972,-7.7e-05,-0.11042,0.148104,-0.1256,0.056805,0.096469,0.053232,-0.052868,0.167449,0.10477,0.02153,0.10566,-0.042611,-0.058056,0.049739,0.078388,0.095799,-0.117667,-0.026676,-0.08622,0.186529,-0.002124,-0.112584,0.125169,-0.179191,-0.211422,-0.096884,0.300841,-0.05356,0.003176,0.045444,0.091022,-0.288539,0.091508,-0.001767,0.199532,0.103541,-0.058948,-0.344472,0.117955,-0.318297,-0.089056,-0.145752,-0.226197,-0.053777,0.160332,-0.039366,0.209805,-0.068638,0.318507,0.278792,-0.185888,-0.097312,0.074652,0.10742,0.124365,0.067856,-0.031241,-0.161548,0.057855,-0.235068,-0.180183,-0.254814,-0.331994,0.127972,0.00847,-0.125035,-0.342505,-0.148082,-0.172809,0.153508,-0.185231,-0.015094,-0.23263,-0.078647,-0.076221,0.031041,-0.123328,0.089673,-0.116399,-0.153721,0.073073,0.149472,-0.087807,-0.112596,0.015214,-0.057855,-0.074471,-0.081473,0.054175,-0.095476,0.08409,-0.027043,-0.046397,-0.219524,-0.127365,-0.043272,-0.001331,-0.083255,0.173822,0.088613,0.010429,-0.091077,-0.009148,-0.011224,0.058759,-0.05824,-0.010062,-0.064966,-0.121551,-0.160084,-0.025402,-0.083279,-0.060471,-0.147069,0.006748,-0.153911,0.190238,-0.038301,-0.234767,0.10608,-0.37211,-0.019128,0.181045,0.12631,-0.050983,0.132283,-0.334895,0.040943,0.026967,-0.261127,-0.096993,0.20689,0.016175,-0.099128,0.156185,0.163928,0.073305,-0.03269,0.082727,-0.200308,-0.18765,-0.156606,-0.067818,-0.076652,-0.159392,-0.28731,-0.175087,-0.036593,0.114485,0.054259,0.018428,0.230833,0.035883,0.128235,-0.119546,0.111437,-0.003163,0.054953,0.361957,0.135039,0.196035,-0.015837,-0.011137,-0.063975,-0.061069,0.284398,0.192011,-0.106628,-0.060612,0.162024,0.114247,-0.158219,0.30226,0.109837,0.071395,-0.203871,-0.033822,-0.020069,-0.182035,-0.078171,-0.248768,#
12,0.173714,0.035418,0.080982,-0.2639,-0.066942,0.036057,0.164427,0.298643,-0.017394,0.246975,-0.034573,0.012699,1.0,0.461202,-0.005093,0.210968,-0.003114,0.290647,0.124838,0.059563,0.030013,0.115927,0.300805,0.110406,0.061888,-0.245567,0.031739,0.03003,0.175672,0.175211,-0.028711,-0.062404,-0.046244,0.157553,-0.146567,0.093635,0.111509,-0.08753,-0.049768,0.014923,-0.07275,0.013294,0.135368,-0.202782,-0.192054,-0.288522,0.404154,0.162607,0.082962,0.119969,-0.015038,-0.212421,0.179493,-0.092013,-0.110341,0.018844,0.092966,-0.310773,-0.022292,0.107047,0.332298,-0.254363,-0.215159,0.164625,0.040489,-0.020201,-0.144081,-0.038218,0.058696,0.015674,-0.087353,0.25959,-0.296835,-0.170766,-0.187673,-0.022668,-0.281271,-0.171975,-0.149571,-0.00034,-0.054568,-0.286882,-0.262836,-0.184944,-0.1994,-0.017423,-0.028881,0.026936,-0.030744,-0.019808,-0.162792,-0.075111,-0.283842,-0.123576,-0.162313,-0.1268,-0.297433,-0.16689,-0.070196,-0.396575,-0.127114,-0.287065,-0.234963,0.077071,-0.120173,-0.081231,-0.236163,-0.181755,-0.005427,-0.185138,0.100355,-0.108616,-0.121996,-0.105477,0.07802,-0.212994,-0.064638,-0.011191,0.158753,-0.171763,-0.034285,-0.257961,-0.301745,-0.128655,-0.266486,-0.024776,0.189019,0.045641,-0.173403,-0.25944,-0.109097,0.058498,-0.256665,0.202461,-0.021216,0.013582,0.08557,-0.278427,-0.005424,-0.245362,-0.367291,0.007518,-0.121278,-0.286733,-0.304476,0.022442,-0.2318,0.375622,-0.273761,-0.059928,-0.32604,-0.081932,-0.025891,-0.208288,-0.005068,-0.326832,0.168205,0.201493,-0.152761,-0.168412,0.003367,-0.07473,-0.028722,0.049411,0.222279,0.067913,-0.005201,0.182877,-0.151974,0.009275,-0.157896,-0.201874,-0.268875,-0.192269,0.112512,-0.147577,-0.351354,0.075966,0.169066,-0.294997,0.178877,0.096946,0.187896,-0.059054,0.218765,-0.101722,0.076134,0.090317,-0.193695,0.29522,-0.263229,-0.124571,0.038231,0.159663,0.039018,0.086555,0.12733,-0.001251,0.073433,0.240358,#
13,0.087834,0.183264,-0.008482,-0.478132,-0.17642,0.030009,0.220688,0.110819,0.212566,0.517651,-0.080899,0.097818,0.461202,1.0,0.073664,0.053344,-0.340765,0.05245,0.356178,0.347106,0.163483,0.249171,0.339962,-0.053152,0.033126,-0.122447,0.217809,0.168336,0.260321,0.123278,0.184489,0.145524,-0.076469,0.002699,-0.269083,-0.142418,0.071502,0.073809,0.03724,-0.286693,0.037092,0.329454,0.052091,-0.223988,-0.105942,-0.499169,0.256023,0.239542,-0.122505,0.030079,0.026551,-0.219567,0.106119,-0.202436,-0.196452,0.061759,-0.217851,-0.27158,-0.154848,-0.012591,0.474235,-0.109983,-0.266562,0.050615,0.205091,0.152894,-0.170515,-0.091236,-0.017663,0.012632,-0.144532,0.374719,0.011086,-0.269779,-0.222372,0.056965,-0.19445,-0.114964,-0.051583,0.212416,0.071246,-0.330698,-0.331504,0.006791,-0.326012,0.229554,-0.26119,-0.166053,-0.093801,-0.139972,-0.148872,-0.126904,-0.281193,-0.146331,-0.162584,-0.149996,-0.366895,-0.061033,0.213142,-0.316677,-0.319468,-0.155212,-0.32805,-0.308172,-0.143203,-0.125253,-0.068644,-0.417954,0.019453,-0.227405,0.235205,0.092449,-0.443236,-0.031163,0.217273,-0.220227,-0.250708,-0.131115,0.360421,-0.234386,-0.072709,-0.174652,-0.018424,-0.227217,-0.293597,0.134483,0.217827,-0.083212,-0.204526,-0.346825,-0.001005,-0.123029,-0.372879,-0.115391,-0.063834,-0.174654,0.120165,-0.175034,0.205056,-0.428532,-0.079115,0.088965,-0.05008,-0.362483,-0.435453,-0.00667,-0.236497,0.260773,-0.348484,0.08211,-0.246323,0.187067,0.084223,-0.371229,-0.138619,-0.24826,0.507495,0.221245,-0.137468,-0.348107,0.023044,-0.093361,0.052722,-0.187854,0.135247,0.450013,0.108843,0.05355,-0.168442,-0.038475,-0.332741,-0.008421,-0.148185,-0.299048,0.114918,-0.362804,-0.088266,0.024173,0.452802,-0.299028,0.332713,-0.145636,-0.151249,0.060791,0.103484,-0.073443,-0.144069,0.11406,-0.354726,0.163231,-0.176608,-0.080275,-0.045873,0.216427,0.014748,-0.156229,0.143485,-0.121276,0.080864,0.324235,#
14,-0.017569,0.035522,-0.205713,0.035655,-0.115044,0.113625,-0.017721,0.240012,-0.021687,-0.028014,-0.160866,-0.052731,-0.005093,0.073664,1.0,-0.156266,0.036523,-0.002919,0.074961,0.130686,0.261829,-0.013357,0.173979,0.166198,-0.148872,0.070626,0.241777,0.024331,0.057812,-0.088298,-0.121065,0.144869,0.173306,0.053108,-0.113665,-0.353628,-0.139474,0.023893,-0.115695,-0.198946,0.006483,0.228838,-0.041335,0.186731,0.226351,-0.138549,0.196518,0.031189,0.027694,-0.099591,0.023725,0.008548,0.186391,-0.195807,-0.044406,0.369405,0.137867,-0.108617,-0.116416,0.076293,0.137305,0.123009,-0.074089,0.075082,0.035908,-0.023881,-0.031522,-0.223118,-0.053847,-0.127029,-0.164351,0.005105,0.127983,0.154764,-0.050506,-0.083033,-0.178358,0.223934,-0.210899,0.377735,0.073646,-0.12357,-0.02775,0.021586,-4e-05,0.170805,0.262195,-0.023937,0.141814,-0.100041,-0.026973,0.041655,0.190049,-0.147587,-0.053584,0.088345,-0.107014,0.069724,-0.054538,-0.124242,-0.050441,0.222288,-0.137358,-0.288551,-0.170605,0.096676,-0.267929,-0.071841,0.17399,0.034956,-0.015095,0.051418,0.089233,0.160539,0.203039,0.018219,-0.016361,-0.0435,0.080573,-0.295719,0.063119,-0.306428,0.099425,0.120645,-0.148346,-0.195686,0.022893,0.030287,-0.182372,0.138132,-0.032213,0.030483,-0.136583,-0.081693,-0.020974,0.047906,-0.228143,0.066845,0.040566,-0.061688,-0.007244,-0.075442,-0.159079,0.132246,-0.178604,-0.129293,0.119247,-0.018867,-0.184441,0.233017,-0.079019,-0.123107,0.131496,0.154102,-0.21697,0.09503,0.230061,0.04741,-0.089878,0.403998,-0.007119,0.039164,-0.00968,-0.221227,0.062286,0.133783,0.161467,0.064717,0.062006,-0.081898,-0.29466,-0.163333,-0.155516,0.159916,0.004141,-0.185508,0.024146,-0.14008,0.226579,0.038033,-0.091286,0.180143,0.211916,-0.026281,0.016573,-0.052952,0.232238,-0.143797,0.096821,-0.079142,-0.038291,-0.138222,-0.055938,0.089745,-0.104249,0.15959,-0.152339,-0.080776,-0.050559,-0.062198,#
15,-0.018763,0.131312,0.08456,-0.179353,-0.116416,-0.020647,0.202776,0.074165,-0.074843,0.071376,-0.119849,-0.090427,0.210968,0.053344,-0.156266,1.0,0.261487,0.297541,-0.142252,0.181609,-0.314213,0.189211,0.100182,-0.034742,0.104882,0.023578,-0.137388,0.143627,0.112138,0.014191,0.005508,-0.045989,0.086235,0.031775,0.00508,0.020964,0.141225,0.124244,0.104441,-0.081617,-0.031522,-0.085336,0.301827,0.201922,-0.257112,-0.064415,0.250951,0.04481,0.027517,0.255684,0.176078,-0.257225,-0.005804,-0.083607,0.148223,-0.109869,0.097702,-0.272565,0.128292,0.035803,-0.034296,0.195333,0.063316,0.108277,-0.078878,-0.124101,-0.04248,-0.118853,-0.3643,-0.092074,0.143045,0.291673,0.132549,-0.12793,-0.027602,0.247281,-0.01759,-0.170192,0.255989,0.03133,0.045514,-0.017796,-0.266912,0.15624,0.014048,-0.188075,0.028241,-0.323766,-0.062387,0.27901,-0.101283,0.008833,-0.211405,0.07814,-0.243824,-0.181834,0.1115,0.007233,0.053501,0.064451,-0.129491,0.152228,-0.277051,0.288917,0.016972,0.101237,0.103388,-0.083487,0.074531,-0.228392,-0.024825,-0.082148,0.119992,0.044488,-0.167234,-0.064524,0.139397,-0.228045,0.015473,-0.12162,-0.043627,0.113923,-0.24875,-0.089985,0.044143,-0.070252,-0.049609,0.273383,0.058601,-0.08715,-0.021584,-0.04327,-0.012636,0.218625,0.057127,-0.056041,-0.065384,-0.342344,-0.093891,0.014986,0.012769,0.054343,-0.245387,-0.307358,-0.15592,0.198102,-0.049529,0.245508,-0.144727,-0.210223,-0.144528,-0.049875,0.028941,0.0002,-0.013221,0.084293,0.002024,0.253806,0.018696,-0.038954,0.097921,-0.151556,0.143268,-0.079165,0.248277,0.063809,-0.113682,0.281347,-0.126051,-0.048539,0.075944,0.054626,0.134999,-0.107863,-0.088885,-0.017666,-0.106364,0.21851,-0.038957,-0.218575,0.224008,-0.148324,0.043072,0.17206,-0.027492,-0.064444,0.137325,-0.036131,-0.080914,-0.026122,-0.002231,-0.13387,-0.064352,0.226101,0.057705,0.047002,0.09935,0.078201,0.364948,0.296922,#
16,-0.027916,0.14617,-0.114394,0.191378,0.147388,0.060863,0.121739,0.107462,-0.180756,-0.351161,0.070577,-0.078033,-0.003114,-0.340765,0.036523,0.261487,1.0,-0.033361,-0.12524,-0.001112,-0.123835,-0.1215,-0.163661,-0.019059,-0.272862,0.119391,-0.14581,0.12851,0.033628,-0.213344,-0.218811,-0.061171,0.099215,0.115194,0.12056,0.113656,-0.258436,-0.230876,0.016867,0.357029,-0.128384,-0.291201,0.009083,0.189743,-0.047563,0.271446,-0.111007,-0.439344,0.027069,0.270327,0.185262,-0.083733,-0.150058,0.067881,0.18928,0.106672,0.391313,-0.065379,0.103115,-0.123363,-0.347096,0.112796,0.19468,-0.117715,-0.131297,-0.231512,0.043447,-0.053997,-0.306296,-0.259174,0.075525,-0.257411,0.020885,-0.031646,-0.116052,-0.017712,0.054874,-0.177054,0.004664,-0.05713,-0.129708,0.137009,0.161054,-0.110184,0.007717,-0.114236,0.281134,-0.0714,-0.062341,0.195256,-0.112334,0.011056,-0.028583,-0.035619,0.102913,-0.01346,0.322088,-0.197271,-0.140006,0.135149,0.092287,0.242558,0.141308,0.200222,-0.189154,-0.07177,0.074076,0.098769,-0.013481,-0.055551,-0.29648,-0.077659,0.30161,0.226635,-0.354003,-0.066764,0.14415,0.020217,-0.17409,-0.076527,-0.141783,0.095185,-0.357786,0.05987,0.128287,-0.356314,-0.402208,0.000169,-0.050427,0.080189,-0.110589,-0.132833,0.160103,-0.01057,0.129172,0.110006,0.295417,-0.234398,-0.347798,0.094581,0.080313,-0.04694,0.03293,0.303956,-0.000427,-0.03367,-0.049418,0.060734,0.108859,-0.210155,0.109861,-0.146041,0.230857,0.01985,-0.046902,-0.024758,-0.339623,-0.012647,7.6e-05,0.328047,-0.197431,-0.056385,0.12097,-0.197917,-0.234995,-0.201122,-0.016156,0.016696,-0.12606,0.056028,0.127886,-0.033346,0.038293,0.067625,-0.175945,0.222403,-0.102549,0.221127,-0.210102,-0.090502,-0.201033,0.021718,0.532104,0.090994,-0.104578,-0.220417,0.03159,-0.046871,0.25525,-0.019995,-0.029165,0.169444,-0.142434,-0.153721,0.049632,0.115222,-0.073062,-0.033413,-0.113334,-0.153365,#
17,-0.402596,0.088403,0.377394,0.00681,-0.265219,0.038385,0.205832,0.163967,0.023415,0.307007,-0.312674,-0.153972,0.290647,0.05245,-0.002919,0.297541,-0.033361,1.0,-0.219461,0.209655,-0.217958,-0.166425,0.153723,-0.032775,0.155829,0.128979,0.063288,-0.118439,0.075079,0.124215,-0.024357,-0.154586,-0.075944,0.0837,-0.106987,-0.002232,0.087265,0.094571,0.087755,-0.30282,0.056953,-0.084531,0.142915,0.085934,-0.08995,-0.23215,0.104316,0.042465,0.16364,0.032502,-0.049066,-0.096122,0.276922,0.065074,0.13522,0.02723,0.105051,-0.337739,0.007764,0.029021,0.174462,0.063988,-0.088103,-0.033899,0.123411,0.091031,0.026929,0.000727,-0.031325,0.062719,-0.118771,0.169219,-0.291719,-0.046807,-0.086686,-0.058636,-0.007852,-0.125702,0.048859,0.188704,-0.024553,-0.082731,-0.156095,0.400114,-0.267959,0.005644,-0.089359,-0.145117,-0.137657,-0.041934,-0.050335,-0.097435,-0.364505,0.05541,-0.187702,0.018721,-0.152969,0.06377,0.056848,-0.056542,-0.458193,-0.153839,-0.177063,0.208387,-0.039917,-0.087638,0.063109,-0.181964,0.202538,-0.008554,0.14581,-0.117681,0.022934,-0.05173,-0.038191,-0.197818,0.052932,-0.093386,0.159695,-0.113443,-0.0287,-0.147461,-0.257117,-0.2754,-0.228931,0.037898,0.225287,0.150887,-0.135975,0.018482,0.207637,0.200156,-0.189567,0.047661,-0.100549,-0.168718,0.083041,-0.008761,-0.161977,-0.078123,-0.139286,-0.085547,-0.052638,-0.298281,-0.07015,0.121105,-0.06443,0.374251,-0.048718,-0.087456,-0.238339,-0.035398,0.139175,-0.14462,-0.078152,-0.065904,0.068969,0.285429,-0.009025,-0.083612,0.090022,0.047175,-0.156745,0.244239,0.222374,0.137789,-0.09831,0.045007,0.053903,0.002202,-0.079114,-0.036049,-0.124424,-0.168384,-0.038531,-0.15919,-0.132771,-0.051716,0.001184,-0.12632,0.343534,0.042888,-0.050083,-0.126502,0.205939,-0.126077,0.300655,0.155024,-0.391167,-0.05875,0.005909,-0.330568,-0.249554,0.173476,-0.154041,-0.039608,0.140273,0.183068,0.115415,0.45679,#
18,0.36902,0.321228,-0.064196,-0.104521,0.083462,0.097988,0.221619,0.022883,-0.012222,0.063232,0.087386,-7.7e-05,0.124838,0.356178,0.074961,-0.142252,-0.12524,-0.219461,1.0,0.073332,0.203783,0.137086,0.199773,0.024288,-0.015476,0.025089,0.003676,0.124787,0.343478,-0.032043,-0.071676,0.203189,0.018415,-0.004276,-0.128377,-0.00013,-0.045614,-0.064071,-0.157914,0.155582,0.161538,0.154752,-0.026953,-0.227865,0.065941,-0.085989,0.082306,-0.022613,-0.26683,-0.011022,0.060228,-0.026937,0.163752,-0.062371,-0.055933,0.033655,-0.006162,-0.10414,-0.036551,-0.041968,0.164364,-0.229382,-0.143198,0.044063,-0.02391,0.117283,-0.310279,-0.016729,-0.019778,-0.002693,-0.202859,0.145812,0.002465,-0.303145,-0.251416,0.030343,-0.090018,-0.069378,-0.17828,0.096971,0.197464,-0.148822,0.047729,-0.353392,0.024886,0.099369,-0.087248,-0.163346,-0.070841,-0.25817,-0.24602,-0.091722,0.123926,-0.379874,0.214775,-0.202768,-0.192127,-0.029198,0.013277,-0.023283,0.100949,0.062083,0.034444,-0.370742,-0.078657,-0.050662,-0.184196,-0.119472,-0.28701,-0.128229,0.024621,0.118069,-0.309256,-0.061384,0.255711,0.183802,-0.079044,0.118103,0.198677,-0.090551,0.001456,0.03561,-0.021455,0.008698,-0.335859,0.051604,0.084727,-0.108811,-0.041324,-0.080486,-0.10034,-0.266649,0.113224,-0.008015,0.091522,0.011582,-0.018269,0.150227,0.266807,-0.142562,-0.250724,0.016901,-0.002805,-0.164181,-0.102692,-0.018415,-0.176192,0.053218,-0.406281,0.015594,-0.038176,-0.080353,0.037568,-0.21658,0.073159,-0.131895,0.186639,-0.056257,-0.331751,-0.113679,0.111883,0.117488,0.054566,-0.303678,-0.042155,0.213204,0.338357,0.180228,-0.254026,-0.14862,-0.026178,-0.001841,-0.017433,0.140685,-0.077716,-0.072312,-0.156958,0.070651,0.246735,-0.099331,-0.072081,-0.145972,-0.000761,0.352751,-0.083339,0.007682,0.256558,0.108159,0.094964,0.030624,-0.217124,0.021811,0.014059,0.11091,0.106391,-0.016775,-0.022939,-0.212654,-0.060125,-0.001694,#
19,-0.062508,-0.022825,0.087631,-0.21648,-0.073585,-0.107963,0.140261,-0.111822,0.098813,0.201627,-0.057996,-0.11042,0.059563,0.347106,0.130686,0.181609,-0.001112,0.209655,0.073332,1.0,0.079655,0.081983,0.168464,0.001298,-0.228551,-0.069468,0.199881,0.010615,0.246579,-0.18294,0.053734,0.30054,0.293569,0.036368,-0.158975,-0.267091,0.090519,0.165324,-0.05012,-0.144529,0.161105,-0.020704,0.067857,-0.070678,-0.134688,-0.380038,0.04778,0.290753,-0.126222,-0.099549,0.078925,-0.19198,0.15204,-0.047669,-0.13707,0.062258,-0.041977,-0.207397,0.188668,-0.008555,0.171321,0.0434,-0.118038,-0.114785,0.046723,-0.076548,0.050562,0.002167,-0.082461,0.230994,-0.028181,0.174698,0.243967,-0.229541,-0.306409,-0.233164,0.177231,-0.044633,0.301586,0.351746,0.300717,0.194866,-0.08371,0.002945,-0.025238,0.509721,-0.003683,-0.198256,0.189733,-0.084129,-0.104284,0.255872,-0.066099,-0.014715,0.103778,0.143515,0.07138,-0.109392,0.063193,0.076003,-0.333523,0.240552,-0.066441,-0.160818,0.285698,0.102905,0.154198,-0.077838,0.277782,-0.159987,0.102627,-0.138396,0.051611,0.087679,0.198708,-0.056634,-0.000104,-0.034958,0.205323,-0.254871,-0.014763,-0.07642,0.025078,-0.177528,-0.054909,0.26521,0.248464,0.122592,0.186938,0.248867,0.443021,-0.122559,-0.008962,-0.054394,0.229478,0.025119,0.104343,0.108421,0.100415,0.18634,0.245762,0.155265,0.05052,-0.0175,-0.137051,0.126253,0.087527,-0.042441,-0.015102,0.069535,-0.03817,0.137093,0.395779,-0.149721,-0.074066,0.103323,0.241015,0.008817,0.024923,-0.016203,0.329558,0.013692,0.213734,-0.162493,0.068584,0.164546,0.3368,0.04057,0.012662,0.166746,-0.258532,-0.084969,-0.227086,-0.100552,-0.239046,-0.008358,0.253545,-0.14494,0.198931,-0.102236,0.098705,-0.065707,-0.141401,-0.036925,-0.263154,-0.329316,0.271735,0.234234,-0.231774,-0.040372,0.151097,-0.187109,-0.329064,0.061607,0.263455,-0.138998,-0.352948,-0.138597,0.350953,0.128893,#
20,0.045808,0.190574,-0.218898,0.150035,-0.076487,0.024677,-0.105131,0.275174,-0.21847,-0.09094,-0.047735,0.148104,0.030013,0.163483,0.261829,-0.314213,-0.123835,-0.217958,0.203783,0.079655,1.0,0.071226,0.081497,-0.038661,-0.183629,-0.113437,0.230042,0.004329,-0.281394,-0.139944,0.033283,0.145758,0.416746,0.141828,-0.389232,-0.435411,-0.158897,-0.203536,0.05451,-0.024025,0.149339,0.145123,-0.290555,-0.019473,0.125773,-0.097317,0.184283,-0.005687,-0.067329,-0.146851,-0.151475,0.210364,0.054592,0.052665,-0.069173,0.071551,0.050218,0.074001,-0.377435,0.076927,-0.120421,-0.088892,-0.113764,0.094145,0.179155,0.110386,-0.174575,-0.000655,0.179949,0.083238,-0.161078,0.092959,-0.030366,0.146586,-0.221599,-0.226963,0.013984,0.28575,0.076441,0.154375,0.208334,-0.099156,0.162585,-0.085597,0.200743,0.123507,0.094193,0.2044,0.487749,-0.07838,0.144672,0.143987,0.235158,0.067428,0.269646,0.196913,-0.04271,-0.15678,0.147485,-0.04837,0.085844,0.214497,0.240547,-0.052858,0.088665,0.183153,0.08667,0.02536,-0.07765,-0.090731,-0.040315,0.006939,-0.136767,0.104779,0.273022,0.196006,0.044871,0.100835,-0.008607,0.062642,0.222853,-0.25917,0.14927,0.105375,0.095985,0.0087,0.078449,-0.424531,0.00034,0.072874,0.10229,0.03613,0.077254,-0.146833,0.244192,0.310002,0.141983,0.218962,0.221064,0.009496,0.080783,0.231178,0.16112,0.162439,-0.028028,-0.133392,0.164002,-0.242575,0.048058,0.200779,0.277082,0.06358,0.082383,0.232943,0.068444,0.025342,0.095811,-0.274556,-0.068233,0.20505,0.040492,0.052037,-0.008021,-0.282818,-0.047295,-0.070926,0.308461,0.167083,0.123148,-0.117258,-0.053507,0.022633,-0.180487,-0.053918,0.040857,-0.020478,0.114984,-0.281329,0.113441,0.17787,-0.29513,-0.100593,0.116644,0.010084,-0.005329,-0.025659,-0.105858,-0.122,-0.088258,0.099865,0.072337,-0.139504,-0.130017,-0.088063,0.011828,-0.205472,-0.135795,-0.502515,-0.258201,-0.145081,#
