0,1.0,0.062345,-0.23581,-0.17434,0.244828,0.225495,0.078606,0.044619,-0.227484,0.162207,0.094949,0.045072,0.290049,0.201837,-0.003718,0.113598,-0.086723,-0.445944,0.175091,-0.227686,0.234383,0.118565,0.149703,-0.194651,0.035723,-0.35527,-0.192289,-0.199205,0.236203,0.114219,0.060675,-0.098009,0.190795,-0.216401,0.018136,0.146465,0.1647,-0.052202,-0.005845,-0.068817,0.093798,0.185899,-0.163158,0.053953,-0.10915,-0.030764,-0.032051,0.073572,-0.118796,-0.01388,-0.010906,-0.211481,0.205358,-0.000532,0.343452,0.063148,-0.170191,-0.036299,-0.179676,0.201631,0.385157,0.192267,-0.096742,0.079345,-0.136884,-0.008612,-0.164479,0.253537,-0.171626,-0.289894,-0.003545,0.011568,-0.211922,-0.087353,-0.390562,0.271673,-0.173905,-0.076047,-0.364165,0.047586,-0.043753,-0.355006,-0.028698,-0.11318,-0.077582,-0.212229,-0.153907,0.021446,-0.099158,-0.280317,-0.209762,-0.28496,-0.063149,-0.261879,0.03625,-0.18876,-0.387146,-0.101095,-0.12275,0.095318,0.199652,-0.027632,-0.244962,-0.254434,-0.027576,-0.249459,-0.036204,0.0729,-0.184786,-0.064902,0.139681,0.233061,-0.339292,-0.202593,0.029717,0.119963,-0.25332,-0.203354,-0.133727,0.022661,-0.239999,0.04177,0.095051,-0.241902,-0.102869,-0.001973,-0.149261,-0.042878,-0.118807,-0.013352,-0.165611,-0.257118,-0.208505,0.098273,-0.382961,-0.101876,-0.125819,-0.093865,0.26083,-0.255061,-0.141239,0.111246,-0.031285,0.07495,-0.066765,-0.10018,-0.089345,0.083785,-0.206173,-0.349203,-0.026406,-0.109658,-0.280219,-0.282359,0.257903,-0.11716,0.230671,0.063964,-0.270827,-0.207811,-0.034512,-0.292556,-0.105803,-0.146899,-0.046074,-0.125131,-0.134645,0.025517,-0.135699,-0.342391,0.060948,0.17924,-0.084019,0.112084,0.110025,-0.139414,-0.063061,-0.027468,0.08687,-0.005999,0.025965,-0.06226,-0.026051,0.369944,0.232784,0.027716,0.243783,-0.086311,-0.033127,0.27049,-0.065866,0.140249,0.284678,-0.082525,-0.167491,0.231924,0.173723,-0.255078,-0.088121,0.130875,#
1,0.062345,1.0,0.087588,-0.162173,-0.126476,0.095258,0.325581,0.191093,0.013904,0.334329,-0.17547,-0.055619,0.14272,0.319045,0.407526,0.004665,-0.021159,0.26948,0.247424,0.033167,0.052619,0.116431,0.265438,-0.034986,0.064801,-0.168126,-0.033216,-0.037143,-0.127956,0.063112,-0.148694,0.14453,0.299476,-0.135846,-0.196518,0.162759,0.211375,-0.194847,0.073446,0.082403,0.142455,0.317568,-0.045578,0.14083,0.418378,-0.27333,0.121106,-0.165724,0.171196,0.25348,0.116813,-0.148464,0.142962,-0.27218,-0.017984,-0.171394,-0.038568,-0.455421,-0.280238,-0.259104,0.165,0.183486,-0.264078,-0.110877,0.270226,0.123585,-0.072108,-0.161503,0.112199,-0.1297,0.145248,0.008138,0.026995,-0.335844,-0.168023,0.073442,-0.303591,-0.351678,-0.00146,0.025051,0.070356,-0.273636,-0.097453,0.010611,-0.235391,-0.084639,-0.210874,-0.163378,-0.017015,-0.186699,-0.161583,-0.117117,-0.285478,-0.102854,-0.135602,-0.103641,-0.062111,0.10713,0.334673,-0.046228,-0.049767,-0.01954,-0.15287,-0.299415,-0.261501,-0.168211,-0.138524,-0.179,-0.354238,-0.165121,0.202197,0.352181,-0.163052,-0.001526,-0.064833,-0.064362,-0.137347,-0.281737,0.243057,-0.295194,-0.198496,-0.343563,-0.440177,-0.155024,-0.363416,-0.235442,0.229195,0.124898,-0.306278,-0.009565,-0.036047,0.015511,-0.252673,-0.151781,-0.237084,-0.267641,0.109658,-0.034294,-0.00235,-0.214687,-0.136811,-0.19259,-0.165758,-0.240814,-0.159301,-0.024732,-0.2524,0.334661,-0.077779,-0.135186,-0.284077,-0.274988,0.074435,-0.16024,-0.092679,-0.175312,0.2199,0.076648,-0.151178,-0.022917,0.00058,0.036368,-0.057658,0.288454,0.010944,0.259536,0.076336,0.0525,-0.287331,-0.299417,-0.050588,0.129736,-0.086466,-0.11278,0.221894,-0.135476,-0.012071,0.13533,0.284004,-0.461516,0.26375,0.029605,-0.26192,0.115094,0.11276,-0.183654,0.219155,-0.202921,-0.273587,0.327922,-0.033136,0.100602,0.138983,0.319791,-0.200812,-0.052873,0.122086,-0.018012,0.281492,0.063749,#
2,-0.23581,0.087588,1.0,0.182092,-0.221251,-0.133532,0.104399,-0.004236,0.221736,-0.036923,0.04245,-0.145241,-0.141918,-0.01825,-0.118477,-0.070842,-0.260089,0.35838,-0.001939,0.128175,-0.056522,0.302365,-0.048907,0.131844,0.224328,0.11938,0.389142,0.116429,-0.04781,-0.113696,0.078825,0.149263,-0.143158,0.118611,0.005928,0.11196,0.122256,0.114734,0.108333,-0.111506,0.119451,0.06997,0.119985,-0.036371,-0.028092,-0.203293,-0.014365,0.156434,0.111585,-0.161112,-0.140791,-0.032067,0.221002,-0.083573,-0.310338,-0.195521,-0.125782,-0.292169,-0.017402,-0.013136,-0.243288,-0.17994,-0.02087,-0.165098,0.040919,-0.160451,0.258061,0.085196,0.0559,0.302418,0.173731,0.180194,-0.051966,0.144286,0.215399,-0.171888,0.182493,-0.185999,0.126688,-0.00579,0.219736,0.146747,0.016181,0.164722,-0.028151,0.145545,0.021627,0.115057,0.200415,0.205294,0.123848,0.057366,0.170513,0.162973,0.111707,0.12716,0.399227,0.161106,0.135845,0.086544,-0.142674,0.144246,0.188206,0.161835,0.161542,0.300432,-0.025906,0.073183,-0.253674,0.031242,0.228337,-0.004208,0.179358,0.18688,0.401542,0.005068,-0.030286,-0.017708,-0.012441,0.067448,0.178245,0.138013,-0.132464,-0.069448,0.063599,0.142165,0.190205,0.090725,0.028235,0.171933,0.516291,0.063369,0.206137,0.016529,0.221431,0.186654,-0.049818,0.348802,0.123399,0.198188,0.033964,0.061071,0.06304,-0.083768,-0.02703,0.071198,-0.074297,0.085881,0.301023,0.334761,0.082396,-0.044683,0.34287,0.041512,0.118287,0.133183,-0.060006,-0.011671,0.218819,0.148337,0.426438,0.203226,0.02596,0.24028,0.081765,-0.41974,0.038021,0.02525,0.088899,0.321512,-0.165733,-0.129783,-0.158695,0.117071,-0.173991,0.290013,0.201643,-0.002621,-0.019239,-0.136115,0.020151,0.046479,-0.17709,-0.162628,-0.251187,0.27987,-0.001575,0.253581,-0.037831,-0.029058,0.226329,-0.192391,-0.233555,0.315366,-0.212829,0.06895,-0.168562,0.193841,0.212755,-0.043037,#
3,-0.17434,-0.162173,0.182092,1.0,-0.147761,-0.312276,-0.235102,-0.306115,-0.197952,-0.312863,0.042377,-0.171357,-0.352089,-0.391785,-0.192543,-0.165482,0.114929,0.102872,-0.111389,0.060926,0.116124,-0.012632,-0.331444,0.058097,0.103756,0.384802,0.193676,0.198551,-0.066922,-0.32136,0.245285,0.146243,-0.061317,0.039021,0.191373,-0.16681,-0.176827,-0.011493,-0.064703,-0.001334,0.021449,-0.140783,0.036513,0.161681,-0.056048,0.326496,-0.112007,0.006392,0.017558,-0.173628,-0.091477,0.304711,0.001522,0.079802,-0.155887,-0.138717,0.31896,0.197861,0.12188,0.104429,-0.33213,-0.064305,0.231584,-0.098608,0.046817,-0.324892,0.075458,0.121163,-0.072802,-0.016398,-0.045759,-0.047656,0.074807,0.077826,0.045542,-0.07223,0.187535,0.219117,0.076774,-0.137982,0.066571,0.402478,0.276601,0.085957,0.226852,0.066451,0.274233,0.19066,0.064719,-0.042227,-0.045079,0.156953,0.343609,-0.098388,0.208283,0.098138,0.399052,0.08347,-0.046903,0.244161,0.045657,0.330664,0.494869,0.160879,0.263119,0.143282,0.262799,0.080984,0.028694,0.108758,-0.214692,-0.226604,0.164312,0.127975,0.178528,-0.026895,0.080392,0.05622,-0.189443,0.399406,0.086202,0.33814,0.335392,0.183094,0.241846,0.07105,-0.208169,-0.176761,0.185097,0.268164,0.037746,0.091785,0.30869,0.105718,0.296567,0.194291,-0.043642,0.140947,-0.01285,0.433083,0.143092,0.010333,0.310981,0.153762,0.299143,0.15416,0.081638,-0.108876,0.302567,0.09768,0.107926,0.104478,0.113716,0.390193,0.042081,0.236944,-0.319482,-0.214597,0.319633,0.247641,-0.02551,0.143585,-0.104551,0.009375,-0.217635,-0.31433,0.254252,0.105958,0.191225,0.159997,0.020519,-0.06007,0.20018,0.210387,-0.346691,0.287125,0.041154,-0.01374,-0.587411,0.280814,-0.320922,-0.081468,0.211619,-0.078955,-0.15769,0.034813,-0.194194,-0.017121,0.428326,-0.259177,0.095308,-0.19177,-0.061574,-0.146546,-0.106088,-0.021992,-0.179134,0.198322,-0.034483,-0.327535,#
4,0.244828,-0.126476,-0.221251,-0.147761,1.0,0.00692,-0.188358,0.091959,-0.029424,-0.114149,0.200321,0.009069,0.13829,-0.12573,-0.114602,-0.107846,0.059711,-0.280391,0.133246,-0.19414,-0.260211,-0.213489,0.126963,0.029652,0.086675,-0.091716,-0.327603,-0.011589,-0.09072,0.032998,-0.181998,-0.246562,-0.073572,-0.091468,-0.104525,0.057549,-0.085825,-0.070264,0.020511,0.282361,0.051652,-0.430036,-0.168132,0.052014,-0.086973,0.232303,-0.262124,0.141591,-0.027071,0.133599,0.114134,-0.13746,0.060111,0.062931,0.222476,0.130061,-0.044858,0.164779,0.154263,-0.055981,-0.024139,-0.121009,-0.223251,-0.02829,-0.166258,0.246053,0.38697,-0.210736,0.117273,-0.119481,-0.126259,-0.075448,-0.035686,0.247674,-0.0235,0.151833,-0.128999,-0.195108,-0.232306,-0.062075,-0.169656,-0.018215,0.019973,-0.04273,0.036629,-0.171823,0.192445,0.075464,-0.028625,-0.232485,0.098977,-0.013742,0.133978,-0.240566,-0.017679,0.013233,0.011828,-0.045345,-0.060246,0.209287,0.1195,0.013292,0.018482,-0.199761,0.0254,0.11271,-0.088208,0.069534,-0.026765,-0.064149,-0.002825,0.041704,0.102343,-0.146229,-0.10846,0.154488,-0.059652,0.250714,-0.097625,0.075711,-0.280171,0.033037,0.345861,-0.026761,0.122494,0.133039,0.095496,-0.014086,0.178365,0.05779,-0.122948,-0.113089,-0.004486,-0.187729,-0.099347,0.158074,-0.11572,-0.120251,-0.133905,0.101174,-0.067048,-0.095843,-0.218188,0.177106,-0.001454,-0.244897,-0.228453,-0.006706,-0.006717,-0.159585,-0.034348,0.124879,-0.384061,-0.065158,-0.005813,-0.156811,-0.000876,0.043209,-0.137665,0.073164,-0.248186,-0.16738,-0.205892,-0.039632,0.230098,-0.065682,-0.06638,-0.01704,-0.164487,0.054768,-0.096522,-0.036656,0.145718,0.063138,0.092326,0.146593,0.100303,0.272276,0.157774,0.098115,-0.179913,0.09069,0.113188,0.175307,0.116504,0.024178,0.124018,-0.15981,0.095671,-0.128459,-0.134537,0.031218,0.242417,-0.080681,-0.04962,0.113104,0.043135,-0.00899,-0.150186,-0.072223,#
5,0.225495,0.095258,-0.133532,-0.312276,0.00692,1.0,0.458315,0.249538,-0.02786,0.058224,0.133913,0.310153,0.090338,0.241654,0.144407,0.0782,0.233299,0.009873,0.126258,-0.102079,0.027369,0.11853,0.234215,0.042536,-0.224227,-0.100945,0.150508,-0.066562,0.107919,0.04308,-0.150947,0.053772,-0.06773,-0.064062,-0.028766,0.053914,0.052786,0.02164,-0.075512,-0.049735,-0.142868,0.361138,-0.001864,-0.031891,0.118205,-0.206288,0.060505,-0.043744,-0.039446,0.056544,-0.029572,-0.127121,-2.6e-05,-0.055412,0.187632,0.222642,-0.232672,-0.065462,-0.135124,-0.201186,0.318939,-0.133915,-0.238108,0.293859,-0.018014,0.421319,-0.117802,0.259549,0.1595,-0.150232,-0.097365,0.22214,-0.151281,-0.054637,-0.212665,0.248938,-0.365312,-0.153276,-0.297819,-0.018103,-0.003,-0.41657,-0.221228,-0.039134,-0.264449,-0.211423,-0.023463,-0.24634,-0.223627,-0.409468,-0.275399,-0.410334,-0.332044,-0.079065,-0.120779,-0.298037,-0.269459,-0.372295,-0.076478,-0.183836,-0.03006,-0.166941,-0.223416,-0.33774,-0.224143,-0.3031,-0.107,-0.084984,-0.18945,-0.114694,0.069927,0.110708,-0.496245,-0.220832,-0.17381,-0.196213,-0.454954,-0.014681,0.254372,-0.267675,-0.234443,-0.37916,0.0082,-0.45877,-0.183328,-0.114888,-0.141613,0.076716,-0.159634,-0.038697,-0.170003,-0.117295,-0.238909,-0.017713,-0.393212,-0.098231,0.206823,-0.292556,0.013344,-0.532015,-0.172522,0.054984,-0.198229,-0.046748,-0.141,-0.206892,0.072475,0.215505,-0.304475,-0.000189,-0.124857,-0.030947,-0.049753,0.059699,-0.062625,-0.380642,0.002668,0.255603,-0.360783,-0.162926,0.003832,-0.181053,-0.09673,0.114156,-0.086386,0.247062,-0.050786,-0.027243,-0.09901,0.031907,0.269427,-0.232738,-0.238205,-0.173954,0.190605,-0.397351,-0.03002,0.033544,0.177519,-0.186194,0.259018,-0.02138,0.012357,0.185776,0.517425,0.020268,0.064459,0.106329,-0.166588,0.044839,-0.023344,0.052217,0.181798,-0.124969,-0.205731,-0.008675,0.252252,-0.104147,-0.275565,0.005446,#
6,0.078606,0.325581,0.104399,-0.235102,-0.188358,0.458315,1.0,0.374898,0.244705,0.334715,0.078847,0.107175,0.209069,0.151245,0.06945,0.139823,0.047085,0.070967,0.117638,-0.251252,-0.187867,0.264167,0.186597,-0.062333,0.041569,-0.008513,0.297879,0.042204,0.281498,0.108445,-0.416019,-0.139507,-0.05654,-0.217516,0.103039,0.226462,-0.132431,-0.053948,0.187451,-0.11679,-0.009441,0.19535,0.007807,-0.213383,0.121961,-0.230059,-0.011587,-0.230065,-0.005168,0.331803,-0.0315,-0.050875,-0.086379,-0.005707,0.232765,0.03981,-0.055639,-0.240913,-0.281124,0.027807,0.233982,0.128405,-0.034315,0.283756,0.110341,0.23825,-0.029656,0.069301,0.209457,-0.151351,0.232096,0.03022,-0.343778,-0.33045,-0.100136,0.289268,-0.222578,-0.2707,-0.165528,-0.146687,-0.276682,-0.426472,-0.372718,-0.089655,-0.237212,0.077314,-0.205139,-0.216154,-0.114018,-0.292484,-0.274411,-0.358516,-0.403971,-0.16369,-0.01222,-0.351843,-0.086489,-0.209127,0.077162,-0.413845,0.012752,-0.171335,-0.234721,-0.236877,-0.403213,-0.254864,-0.228676,-0.153272,-0.386386,-0.081055,-0.204339,0.16573,-0.305661,-0.387547,-0.178739,-0.336541,-0.091355,-0.104371,0.029363,-0.115672,-0.054541,-0.193081,-0.161393,-0.450357,-0.239558,-0.274935,0.123162,0.287657,-0.3015,-0.230607,-0.284189,-0.430519,-0.570693,0.087786,-0.217204,-0.025142,0.032975,-0.209182,-0.127976,-0.461893,0.007067,-0.012801,-0.20014,-0.224677,-0.224849,-0.228282,-0.216742,0.496789,-0.221926,-0.115654,-0.116541,-0.199057,0.046105,-0.189437,-0.105443,-0.381629,-0.028729,0.213498,-0.181063,-0.095502,-0.07541,-0.097045,-0.154865,0.10886,-0.013977,0.164889,-0.066781,0.134522,-0.249788,0.116458,0.352892,-0.033789,-0.229046,-0.161182,0.459784,-0.367809,0.143067,0.124017,0.279678,-0.5218,0.508372,0.175464,0.083142,0.103279,0.38746,-0.205359,-0.122922,0.030627,-0.248525,0.328451,-0.188483,0.128824,0.161874,0.143397,-0.267349,0.072825,0.137253,-0.164637,-0.197147,0.199859,#
7,0.044619,0.191093,-0.004236,-0.306115,0.091959,0.249538,0.374898,1.0,0.017457,0.202777,-0.110851,-0.00965,0.562631,0.427163,0.086258,0.176146,-0.110193,0.1947,-0.002368,0.04249,0.031801,0.196361,0.00928,0.149707,0.115964,0.017056,-0.061343,-0.222763,0.15198,0.160513,-0.080617,-0.209141,0.170578,0.116956,-0.31405,0.131018,0.0612,0.065496,0.137116,-0.223307,-0.043662,0.119994,-0.010586,0.035392,-0.207949,-0.378751,0.078089,-0.200278,-0.021814,-0.048636,-0.090333,0.058984,0.085807,0.007278,0.190382,0.126056,-0.245012,-0.095413,-0.209793,0.035272,0.320906,0.053232,-0.136531,0.103395,-0.144902,0.404463,0.085176,0.10425,0.019213,0.052213,0.359571,0.112882,-0.395166,-0.145061,0.015588,0.018785,-0.015674,-0.014671,0.05364,-0.094317,-0.030322,-0.227402,-0.072352,0.074202,-0.14473,0.040691,-0.035594,0.071294,0.077273,-0.055975,-0.009449,-0.134766,-0.253433,0.167702,-0.198992,0.027117,0.033139,0.062232,0.138391,-0.405646,0.167613,-0.070104,-0.186249,-0.170612,-0.117472,-0.012951,-0.175005,-0.08089,-0.103959,-0.33507,0.01395,0.224238,-0.108757,-0.223023,0.126074,0.047517,0.046998,-0.047077,0.135721,-0.196592,-0.102216,-0.473534,-0.036917,-0.100735,-0.146743,-0.026616,0.130582,-0.026047,-0.19365,0.043158,-0.190006,0.070201,-0.162251,-0.017934,-0.244074,0.026848,0.214163,-0.30227,-0.035266,-0.245535,0.097899,2e-05,-0.037709,-0.006027,-0.1405,-0.10532,-0.059742,0.150588,-0.047507,-0.230245,-0.068958,0.014058,-0.16341,-0.093521,-0.067468,-0.243023,0.173347,0.02078,-0.093053,-0.044376,0.027954,0.074709,-0.256617,-0.008499,0.245648,0.103172,0.142231,-0.028474,-0.046782,0.217258,-0.068829,-0.06168,-0.167254,-0.010048,0.310844,-0.193015,0.196825,-0.08218,0.296676,-0.213457,0.303474,0.227082,-0.08005,-0.112488,0.207128,0.083048,0.077703,-0.171537,-0.256321,0.356017,-0.088692,-0.147905,0.26402,-0.058211,-0.22432,-0.122299,0.104519,-0.007003,0.019537,-0.008368,#
8,-0.227484,0.013904,0.221736,-0.197952,-0.029424,-0.02786,0.244705,0.017457,1.0,0.226581,-0.13762,0.011537,0.03582,0.159086,0.129865,-0.097749,-0.174672,0.299763,0.078754,-0.074076,-0.355068,0.245726,0.213092,0.126946,0.134456,0.219014,0.260801,0.348097,0.061397,0.226412,-0.184309,-0.130445,-0.019869,-0.029857,0.264479,0.185332,-0.016358,-0.164862,0.14704,-0.110999,0.07272,-0.103597,0.128729,0.021719,0.166586,-0.14114,-0.017906,-0.040246,0.06024,0.173069,0.016739,-0.128553,-0.129983,0.048676,-0.088178,0.378431,-0.100445,-0.303315,-0.044281,0.183053,-0.085195,-0.065955,-0.040068,0.174649,-0.023821,-0.035007,0.184961,0.05214,0.053016,0.112309,0.145442,0.105994,0.06865,-0.020959,0.100576,0.076005,0.031289,-0.20936,0.077858,-0.175628,0.011255,-0.009158,-0.37089,-0.101826,-0.080293,0.242762,-0.030416,-0.127131,-0.079402,-0.0323,0.204897,0.070646,-0.267579,0.191061,0.03695,0.057419,0.008679,-0.006813,-0.354621,-0.256724,-0.043109,0.20702,0.04705,0.167483,-0.093686,-0.144274,-0.085314,-0.101395,-0.032054,-0.00779,-0.018513,-0.093923,-0.020847,-0.236956,0.059302,-0.054597,0.200263,-0.055161,0.102744,-0.100762,0.168764,-0.086982,-0.101037,-0.081396,-0.019019,-0.068768,0.297337,0.136235,-0.12723,-0.277506,0.117297,0.013508,-0.299592,0.025586,0.108083,0.058914,0.059252,0.059964,-0.233739,-0.130108,0.03761,-0.057944,-0.127665,-0.212484,-0.386665,-0.361352,-0.076663,0.123699,0.024892,0.014003,0.004908,-0.08992,0.140278,-0.206768,0.092418,-0.129001,0.241731,0.187142,-0.210295,0.055449,-0.076453,0.206333,0.113867,-0.055998,-0.022026,-0.008184,-0.061358,0.077525,-0.21379,0.256199,-0.021651,0.017492,0.072621,0.112205,0.251831,0.135671,-0.051957,0.0412,0.348111,-0.404118,0.31414,0.153396,-0.128088,-0.107164,-0.092274,0.067359,-0.071328,0.187994,-0.233994,-0.072599,-0.118693,-0.063606,-0.037328,0.184386,-0.080222,0.345075,0.072341,-0.017001,-0.02207,0.156753,#
9,0.162207,0.334329,-0.036923,-0.312863,-0.114149,0.058224,0.334715,0.202777,0.226581,1.0,-0.342387,0.085678,0.437064,0.539163,0.356144,0.286332,-0.255183,0.201311,0.142038,0.058286,-0.146307,0.307123,0.411753,-0.001935,0.1907,-0.278725,0.038117,0.030223,0.118152,0.441575,-0.089917,0.070287,0.26687,-0.258403,-0.129428,0.189448,0.108714,-0.151534,0.125884,-0.334655,0.088338,0.167156,-0.044324,-0.059649,0.155682,-0.474983,0.247928,0.232533,-0.120402,0.382379,-0.096319,-0.023225,0.106293,-0.084344,0.207254,0.024006,-0.118845,-0.386208,-0.164963,0.092825,0.43254,0.14335,-0.29386,-0.034812,-0.030676,0.158399,-0.10969,0.21537,-0.281818,0.037483,0.105086,0.192218,-0.015547,-0.156018,-0.09166,0.142182,-0.11625,-0.343794,-0.006289,0.016349,0.002008,-0.408908,-0.452208,-0.018432,-0.169797,0.084271,-0.343536,-0.077444,0.132198,-0.30111,0.04909,-0.096347,-0.250485,0.27166,0.049012,0.001167,-0.289853,0.001887,0.060708,-0.334695,-0.141691,0.086274,-0.283142,-0.087154,-0.095225,-0.183748,-0.550897,-0.084179,-0.25857,-0.335431,0.176104,0.318299,-0.18377,-0.225875,-0.140324,-0.242243,-0.135049,-0.160032,0.452453,-0.435838,0.001529,-0.317164,-0.116052,-0.21782,-0.305114,-0.010806,0.181917,0.163829,-0.163314,-0.347894,-0.112193,0.151648,-0.426386,0.007795,-0.261835,-0.349595,-0.168973,-0.255788,0.22213,-0.363053,-0.005702,-0.110838,-0.385528,-0.417298,-0.347303,0.115199,-0.163775,0.139943,-0.266509,-0.234499,-0.285889,-0.190136,-0.04287,-0.453567,0.061677,-0.203275,0.348921,0.413899,-0.303126,-0.139756,0.059369,-0.114317,-0.116009,0.24722,0.421277,0.482994,-0.193088,0.061592,-0.418932,0.010554,-0.082283,0.196258,-0.158459,-0.027513,0.296779,-0.298249,-0.228217,0.023744,0.622481,-0.478616,0.408052,0.011797,-0.489842,-0.169329,0.240892,-0.090761,0.368714,0.094106,-0.475258,0.16846,-0.070494,0.015638,0.201713,0.480262,-0.10407,0.035112,-0.012082,-0.070103,0.306735,0.351218,#
10,0.094949,-0.17547,0.04245,0.042377,0.200321,0.133913,0.078847,-0.110851,-0.13762,-0.342387,1.0,-0.234139,-0.057159,-0.355763,-0.14516,-0.103951,0.009399,-0.38133,0.161532,-0.234276,-0.051427,-0.081973,-0.08873,0.226526,-0.030378,0.11506,-0.134611,0.044848,0.046034,-0.333098,0.194734,0.098145,-0.35201,-0.248226,0.138911,-0.104864,0.135481,0.250416,0.030126,0.20791,-0.135465,-0.214608,-0.057254,-0.090453,0.088953,0.224382,-0.308759,-0.021326,0.056033,-0.062238,-0.001236,0.081926,-0.021598,0.169927,0.177895,0.003251,-0.213934,0.213049,-0.007447,-0.139306,-0.219338,-0.159774,-0.058023,0.195023,0.055753,-0.02993,0.1795,-0.14905,0.395095,-0.058065,0.064689,-0.081882,-0.12095,0.070605,-0.138069,0.122694,-0.049461,0.097818,-0.089451,-0.180551,0.068635,0.152543,0.043231,0.083013,0.012252,-0.017385,0.354022,0.055673,-0.051474,-0.039698,-0.124234,-0.08654,0.152738,-0.200484,0.030658,-0.089946,-0.115999,-0.344767,0.123806,0.0005,0.027382,-0.172997,0.126611,-0.256236,0.069698,-0.064357,-0.102389,0.187755,-0.025572,0.296744,-0.228454,-0.093386,-0.265826,-0.062099,-0.000926,-0.03497,-0.148132,-0.059295,-0.321795,0.27906,-0.258401,0.207355,0.060013,-0.233887,-0.159194,0.019277,0.066201,0.149779,0.033864,-0.021912,-0.066384,-0.240653,0.003648,0.046505,0.099284,0.250803,-0.161524,0.042968,-0.183717,0.104147,-0.066863,0.355275,-0.13522,0.115641,0.337779,-0.073976,-0.162667,0.130544,0.107426,0.096165,0.167247,0.197937,-0.112558,0.046415,-0.014617,-0.146822,-0.365919,-0.254209,0.074491,0.046206,-0.162015,0.025423,-0.033425,0.119949,-0.025765,-0.176202,0.116416,-0.019686,0.009701,0.08541,0.297676,-0.072779,0.165024,0.022346,-0.058549,0.032134,0.21703,0.089222,-0.251431,0.182929,-0.178156,0.156157,0.23139,0.225216,0.075748,0.072029,-0.144051,-0.102108,0.275576,0.094084,-0.028533,0.230917,0.225802,-0.360694,0.077747,0.045591,0.077221,0.070984,-0.254033,-0.196093,#
11,0.045072,-0.055619,-0.145241,-0.171357,0.009069,0.310153,0.107175,-0.00965,0.011537,0.085678,-0.234139,1.0,0.106117,0.14316,-0.06813,0.000625,0.177865,-0.005654,0.048997,-0.159097,0.08818,-0.238836,-0.076172,-0.060415,0.047277,0.053331,0.050225,0.081324,-0.031581,0.045498,-0.190693,-0.056215,-0.11684,-0.095381,-0.189657,0.190322,-0.148882,0.033685,-0.040604,-0.142108,-0.094948,0.131534,-0.088633,-0.350935,-0.125835,0.096261,-0.029961,-0.048245,-0.171763,0.238738,-0.071845,-0.169834,-0.072415,0.175598,-0.051444,0.09293,-0.15897,-0.033753,-0.078314,0.09423,-0.021161,-0.188965,0.058498,0.010737,0.01702,0.205324,-0.076231,0.029399,0.046886,-0.31662,-0.085971,-0.096512,0.018577,0.12204,-0.073263,0.121209,-0.241631,0.065386,-0.267395,0.049545,-0.204226,-0.197592,-0.031999,-0.139713,-0.068069,-0.422702,-0.151282,-0.038458,-0.164563,0.041473,-0.03799,-0.265722,-0.174443,0.015274,0.037247,-0.199743,-0.07431,0.006559,-0.199843,-0.0058,0.227077,0.041667,-0.331626,-0.074069,-0.154251,0.087776,-0.123246,0.240698,0.084516,0.041356,-0.077724,-0.05378,-0.251401,-0.218503,-0.091053,-0.034354,-0.126499,0.205046,0.131493,-0.119656,0.083859,-0.200828,0.000109,-0.090594,-0.057691,-0.258112,-0.033741,-0.010149,0.063949,-0.097317,-0.23658,0.005223,-0.206033,0.120283,-0.035742,-0.085778,0.224991,-0.198914,-0.053801,-0.153504,-0.19634,0.044842,-0.128627,0.053908,-0.041972,0.020315,0.014232,-0.04184,-0.28197,-0.146897,-0.110975,0.131563,-0.118552,0.212443,0.023164,0.047265,-0.029058,0.380318,-0.256805,-0.293885,-0.118545,-0.293722,0.185402,-0.063002,-0.035642,0.145051,-0.210322,0.023981,0.057677,0.082859,-0.007176,0.280207,0.073047,-0.206652,-0.092871,-0.14201,-0.218701,0.255104,0.049711,0.049916,-0.019469,-0.177755,-0.008542,-0.091288,0.276522,0.205548,0.039073,0.268128,0.080189,-0.011186,0.053914,0.300639,0.068917,0.165706,-0.152994,-0.144726,0.182682,-0.245982,-0.0749,0.030262,#
12,0.290049,0.14272,-0.141918,-0.352089,0.13829,0.090338,0.209069,0.562631,0.03582,0.437064,-0.057159,0.106117,1.0,0.46571,0.144595,0.096491,-0.065991,-0.020588,0.106554,0.018706,-0.031016,0.13986,0.270359,-0.053744,-0.046336,-0.3808,-0.179993,-0.131618,0.032419,0.157871,0.040226,-0.107172,0.203889,-0.085114,-0.33766,0.262614,0.245929,-0.050966,-0.032357,-0.193687,0.087658,0.09378,0.083269,-0.049438,-0.192873,-0.370419,0.16144,0.0333,-0.0418,0.05646,-0.20092,0.059804,0.257829,-0.003888,0.335543,0.172567,-0.249462,-0.243325,-0.064875,0.006279,0.318501,0.232149,-0.157116,0.030711,-0.010414,0.147113,-0.085377,0.050232,0.079254,-0.106544,0.334074,0.081065,-0.361119,-0.303357,-0.223521,0.272603,0.028066,-0.042935,0.024045,-0.214279,-0.074235,-0.253138,-0.214949,-0.212995,-0.184646,0.007432,-0.182035,0.137935,-0.08048,-0.114492,-0.054882,-0.255239,-0.385558,0.14946,-0.12966,-0.120609,-0.19941,-0.075749,-0.00982,-0.354586,0.024234,-0.177459,-0.250493,-0.037506,-0.0544,-0.142418,-0.32206,-0.25564,-0.052932,-0.365602,0.001739,0.209679,-0.225202,-0.282535,-0.038223,-0.207127,-0.049214,-0.104432,-0.030191,-0.212386,0.038241,-0.429544,-0.195335,-0.26218,-0.183026,-0.049136,0.161266,0.230357,-0.210278,-0.11783,-0.213143,0.202984,-0.366599,0.126182,-0.159962,-0.098801,0.100461,-0.38841,-0.156659,-0.17389,0.013,0.076017,-0.207695,-0.154571,-0.05827,0.165504,-0.29661,0.157162,-0.16842,-0.531775,-0.200628,-0.126957,-0.206936,-0.349885,0.095929,-0.272859,0.200445,0.206728,-0.218036,-0.367302,0.031787,-0.202853,-0.097705,0.11827,0.35559,0.141112,-0.13479,0.091274,-0.261936,0.139547,-0.125755,0.167935,-0.159468,0.047874,0.338879,-0.232045,-0.057466,0.021379,0.301157,-0.29598,0.193033,0.182794,-0.044307,0.003675,0.037342,-0.066864,0.237029,-0.072524,-0.306255,0.417473,-0.116343,-0.011928,0.325644,0.093005,0.04802,-0.022316,0.144713,-0.112848,0.051067,0.2262,#
13,0.201837,0.319045,-0.01825,-0.391785,-0.12573,0.241654,0.151245,0.427163,0.159086,0.539163,-0.355763,0.14316,0.46571,1.0,0.289587,0.180778,-0.176071,0.194878,0.255276,0.02737,0.142759,0.261511,0.491239,0.157176,0.038255,-0.242781,0.0857,-0.041637,0.095671,0.437421,-0.018482,0.087412,0.390658,-0.072532,-0.256969,0.264168,0.37042,-0.318363,0.156632,-0.280485,0.07021,0.419924,-0.010274,0.186919,0.080371,-0.547309,0.318119,-0.033154,-0.090455,0.130156,-0.102588,-0.06946,0.174298,-0.123893,0.029198,0.089391,-0.15193,-0.299532,-0.217415,0.027903,0.324505,0.190158,-0.276316,0.062759,-0.060455,0.297102,-0.186727,0.244738,-0.311863,-0.043299,-0.060081,0.38553,-0.186494,-0.152627,-0.257711,0.050187,-0.28957,-0.332134,-0.14117,-0.072134,0.076668,-0.450344,-0.354274,0.03363,-0.293455,-0.041464,-0.375341,0.022161,-0.013536,-0.235917,0.140186,-0.190832,-0.443194,0.188479,-0.138822,-0.087283,-0.347894,-0.055202,-0.062557,-0.387075,0.054302,-0.064409,-0.277077,-0.290337,-0.066735,-0.181881,-0.167325,-0.149164,-0.128675,-0.377291,0.225192,0.368877,-0.25683,-0.158299,0.096003,-0.067617,-0.317472,-0.191158,0.325446,-0.436245,-0.234683,-0.533886,-0.146226,-0.254589,-0.306207,-0.124386,0.076375,-0.090558,-0.341362,-0.272866,-0.087184,0.121148,-0.330844,-0.214432,-0.473968,-0.40644,0.312433,-0.156793,0.127133,-0.477409,-0.072152,-0.026638,-0.252579,-0.343902,-0.463658,-0.060271,-0.033782,0.139421,-0.417751,-0.292619,-0.280946,-0.061227,-0.15504,-0.369065,0.09523,-0.218983,0.450919,0.229533,-0.243692,-0.19928,0.109028,-0.015172,-0.05639,-0.013065,0.251788,0.269233,-0.209297,-0.064359,-0.198485,-0.052645,-0.234988,0.103218,-0.329627,-0.183345,0.190622,-0.211954,-0.139684,-0.005129,0.592725,-0.407297,0.306669,-0.046646,-0.38863,-0.054797,0.304206,0.119336,0.260454,-0.103263,-0.350235,0.331043,-0.074288,0.039855,0.129117,0.322707,-0.288722,-0.070945,0.271719,-0.321985,0.184031,0.157709,#
14,-0.003718,0.407526,-0.118477,-0.192543,-0.114602,0.144407,0.06945,0.086258,0.129865,0.356144,-0.14516,-0.06813,0.144595,0.289587,1.0,-0.011902,-0.084201,0.210434,0.33738,-0.004232,-0.049307,0.237239,0.202363,0.04257,-0.136359,-0.110566,0.012997,0.087532,0.054199,0.037286,-0.060798,0.082015,-0.039823,0.074063,-0.097399,0.003549,-0.011092,-0.112944,-0.012884,-0.100118,0.076226,0.288471,0.132906,0.231989,0.339183,-0.180709,0.073438,0.111379,0.306609,-0.050641,0.17736,-0.078602,-0.071073,-0.11961,0.180043,0.111522,-0.011275,-0.292693,-0.031775,-0.109002,0.31457,-0.072448,-0.274384,0.214242,0.114539,0.077961,-0.131747,0.071039,0.042562,0.060255,0.132034,0.04452,0.217499,-0.24279,-0.045278,-0.01868,-0.024403,-0.147198,-0.009853,-0.113521,0.078947,-0.404321,-0.202302,0.013208,-0.164946,0.237392,-0.048194,-0.059797,-0.158494,-0.19422,0.042931,-0.005841,-0.099051,0.270774,-0.230497,-0.096418,-0.233911,-0.029495,0.00789,-0.086542,0.037826,-0.055645,-0.099849,-0.234255,-0.19189,-0.314143,-0.249623,-0.070174,-0.326123,-0.121593,0.177924,0.218898,-0.109812,-0.124815,-0.118625,-0.122887,-0.243094,-0.134411,0.347975,-0.35388,-0.084547,-0.246184,-0.263015,-0.172388,-0.177086,-0.270289,-0.062396,0.225452,-0.228367,-0.033472,0.022245,0.098437,-0.231381,-0.133867,-0.215411,-0.214747,0.066493,-0.027532,-0.012173,-0.366507,-0.21352,-0.320054,-0.215551,-0.085763,-0.23573,-0.04505,-0.176411,0.11112,-0.232922,-0.075844,-0.28094,-0.455729,0.060456,-0.294561,-0.122031,-0.23875,0.143316,0.149726,-0.239212,-0.055843,0.161473,-0.044592,0.110083,0.123772,-0.062605,0.383734,-0.072205,-0.014074,-0.198163,-0.088886,0.074924,0.058024,-0.265655,0.099383,0.259237,-0.123001,-0.24384,0.183911,0.400019,-0.22522,0.316694,0.069303,-0.129103,0.142831,0.254492,-0.13816,0.170179,-0.177729,-0.100851,0.085067,-0.022375,0.015132,0.320804,0.143989,0.038496,0.028492,0.088947,-0.127065,0.151231,0.070844,#
15,0.113598,0.004665,-0.070842,-0.165482,-0.107846,0.0782,0.139823,0.176146,-0.097749,0.286332,-0.103951,0.000625,0.096491,0.180778,-0.011902,1.0,-0.139292,0.205605,-0.03504,0.114894,0.021417,-0.064632,0.290727,-0.04948,0.065955,0.029543,-0.006021,-0.079856,0.205049,0.167548,0.091164,-0.152815,0.187669,-0.101058,-0.129198,-0.036566,0.127913,0.056463,0.229089,0.000977,0.047063,-0.018099,-0.05112,0.000786,0.089661,-0.074607,0.077051,0.089523,-0.149577,0.15358,0.135352,0.137426,-0.057561,0.004198,0.22629,-0.003555,-0.030914,-0.129242,-0.148012,0.059556,0.189872,0.099011,-0.137051,0.022945,0.002307,0.191128,-0.217737,0.206094,-0.286401,0.029301,-0.02064,0.110262,-0.225984,-0.001973,-0.097999,0.122929,-0.016283,-0.092412,-0.006276,0.222106,0.039524,-0.134871,-0.018138,0.283923,0.045211,-0.178756,-0.186354,-0.143232,0.070411,-0.036875,0.030444,0.119138,-0.0413,0.295396,0.126686,0.00235,-0.156408,-0.184126,0.093103,0.010927,-0.143179,-0.153633,-0.337614,0.000435,0.041169,-0.104788,-0.214096,0.205905,-0.027373,0.057402,-0.170428,0.064494,-0.041691,-0.163947,0.189458,0.10006,0.036521,-0.268455,0.19807,-0.166911,-0.147406,0.073663,-0.10759,-0.115635,-0.238735,0.042464,-0.039013,0.055966,-0.222853,-0.29138,-0.16202,0.039623,-0.15165,-0.002997,-0.238834,-0.142179,-0.147243,-0.086869,-0.037447,-0.291404,0.093344,0.212341,-0.10274,-0.076979,-0.05472,0.03983,0.22947,0.175247,-0.149724,-0.265823,-0.019698,-0.039379,-0.032989,0.029856,0.130594,-0.061613,0.096806,0.268682,-0.160999,-0.082871,0.194286,-0.025202,-0.130625,-0.113619,0.014425,0.063514,-0.165439,-0.057505,0.04572,-0.139965,0.118149,-0.104429,0.009689,-0.287239,-0.041431,-0.164215,-0.080501,0.069122,0.226083,-0.261222,0.211347,-0.2052,-0.331897,0.10666,0.300491,-0.109024,0.295739,0.007358,-0.313093,0.02703,-0.031644,-0.06944,0.030122,0.213797,-0.230865,-0.215106,0.025743,-0.197536,0.262455,0.184062,#
16,-0.086723,-0.021159,-0.260089,0.114929,0.059711,0.233299,0.047085,-0.110193,-0.174672,-0.255183,0.009399,0.177865,-0.065991,-0.176071,-0.084201,-0.139292,1.0,-0.0884,0.075979,-0.015546,0.039785,-0.223317,-0.15624,-0.322171,-0.452746,-0.111034,-0.158477,-0.036242,0.004601,-0.231394,-0.083639,0.18024,0.106036,0.184658,0.007215,0.07615,-0.148598,-0.113597,-0.284461,0.214275,-0.015738,-0.021392,0.078916,0.086108,-0.181437,0.153639,-0.201871,-0.162623,0.154408,0.190522,0.091471,0.029698,0.090085,-0.107659,0.074201,0.022181,0.198541,0.047964,0.207279,-0.169058,-0.10066,0.173666,0.275587,-0.142429,-0.025684,0.118672,-0.122579,0.035925,0.149847,-0.235607,-0.269664,-0.22635,-0.145412,-0.087673,-0.08746,0.096838,-0.02818,-0.015687,0.002405,0.138461,-0.050882,0.108705,0.163255,-0.252822,-0.031137,-0.081354,0.052117,0.014549,-0.100464,-0.194295,-0.152479,0.033887,-0.014369,-0.155725,0.067587,-0.168499,-0.021011,-0.218239,-0.101868,0.196455,0.0295,-0.020595,0.087263,0.011194,0.011339,0.080254,0.211989,-0.241427,0.010463,0.039865,-0.287895,-0.114874,0.009238,0.132483,-0.182104,-0.149931,-0.021902,0.124667,-0.243107,-0.056095,-0.002069,-0.05582,0.031785,-0.248103,-0.002216,-0.197609,-0.276879,-0.244821,0.09456,0.050517,-0.222076,-0.207224,0.016021,0.087647,0.074904,0.010564,0.154741,-0.341991,-0.070565,0.040439,-0.178488,-0.016082,-0.062357,0.346784,0.165793,-0.140621,-0.053019,0.007545,-0.092995,-0.03948,0.089266,-0.023794,0.089577,0.147577,-0.228785,-0.123065,-0.257492,0.117615,-0.040573,0.182887,-0.176592,-0.079159,0.048904,-0.049939,-0.20987,0.133974,0.185362,-0.138326,0.027207,-0.094025,-0.092855,0.119494,-0.15363,-0.15125,0.019678,-0.133976,-0.033,0.074075,-0.173815,0.063532,-0.360243,0.024237,0.514979,0.044795,-0.023291,-0.104333,-0.073803,0.127945,0.193411,-0.356446,-0.021551,0.217415,-0.026168,-0.271753,0.092562,-0.06534,-0.030387,0.038556,-0.391865,-0.073013,#
17,-0.445944,0.26948,0.35838,0.102872,-0.280391,0.009873,0.070967,0.1947,0.299763,0.201311,-0.38133,-0.005654,-0.020588,0.194878,0.210434,0.205605,-0.0884,1.0,-0.026888,0.319113,-0.115824,0.049405,0.103854,0.065857,0.20595,0.176309,0.135492,0.125443,-0.094475,0.094615,0.065511,-0.001152,0.062837,0.043941,-0.119675,0.004299,0.177737,-0.137611,0.099991,-0.237933,0.087705,0.172309,0.192852,0.225416,0.079718,-0.286934,0.099046,0.198124,0.126986,0.050113,-0.110898,-0.020902,0.090598,0.021335,-0.040629,-0.056189,-0.014121,-0.348962,-0.195521,-0.151889,-0.118746,-0.050252,-0.067934,0.080027,0.012242,0.078108,0.000532,0.128313,-0.11121,0.331909,0.277408,0.255072,-0.037808,-0.18916,0.104476,-0.073107,0.151178,-0.119117,0.133378,-0.136749,0.198581,-0.086358,-0.160697,0.273658,-0.171784,0.08287,-0.049437,-0.040619,-0.015084,0.108777,0.049718,0.0864,-0.168111,0.522633,-0.120695,-0.001345,0.196499,0.073896,0.05913,0.010517,-0.156996,0.09357,-0.0422,0.273456,-0.058118,0.080568,-0.062345,-0.125235,-0.146349,-0.083723,0.19391,0.128614,0.079442,-0.059368,0.115067,0.006648,0.158578,-0.19359,0.390742,-0.416335,0.099769,-0.301766,-0.244567,0.042862,0.019956,-0.089826,-0.047202,0.065609,-0.160289,0.006151,0.158356,0.244698,-0.037343,-0.104983,-0.0164,-0.068648,0.043007,0.053884,0.016619,-0.102385,-0.014663,-0.093929,-0.151553,-0.351744,-0.278212,0.06005,0.037862,0.151586,0.147856,-0.03267,-0.262843,-0.097814,0.214551,-0.050944,-0.063285,-0.121329,0.058637,0.392486,-0.004376,0.133277,0.187955,0.214189,-0.181502,0.235417,0.112893,0.239147,0.074597,-0.129737,-0.119384,0.17153,-0.117978,-0.136726,-0.060429,-0.105556,0.083141,0.041632,-0.05471,-0.034873,0.256832,-0.318362,0.277208,-0.165421,-0.341581,-0.15951,-0.032662,-0.079086,0.124695,0.161357,-0.308233,-0.166703,0.090745,-0.250422,-0.073457,0.243314,-0.275899,-0.142511,0.012918,0.091303,0.240843,0.162254,#
18,0.175091,0.247424,-0.001939,-0.111389,0.133246,0.126258,0.117638,-0.002368,0.078754,0.142038,0.161532,0.048997,0.106554,0.255276,0.33738,-0.03504,0.075979,-0.026888,1.0,-0.193058,0.13635,0.060491,0.042582,-0.009234,-0.026797,-0.026624,-0.013217,0.328102,-0.098399,0.191606,-0.15657,0.171362,0.036181,0.069749,0.047902,0.072818,0.06694,-0.081675,-0.110654,-0.024162,0.161198,0.289878,0.095215,0.2966,0.165077,0.018967,-0.002237,-0.205387,0.165764,0.035656,-0.027237,0.097459,0.208366,-0.052902,0.21701,0.057842,-0.10182,-0.145798,-0.150428,-0.136514,0.038309,-0.236606,-0.138337,0.331636,-0.068513,0.095833,-0.06523,-0.067028,-0.026531,-0.273569,-0.065152,0.080884,-0.112861,-0.043288,-0.044143,0.04269,-0.039335,-0.047382,0.103588,-0.083815,0.145955,-0.156344,-0.218214,-0.153875,-0.101086,-0.043598,-0.079706,0.093729,-0.026779,-0.137293,-0.130193,-0.21447,0.010874,-0.194655,0.020418,-0.090589,-0.114307,-0.311862,0.018147,-0.123259,0.101429,0.129691,0.09637,-0.398679,-0.174468,0.056735,-0.135916,-0.107943,0.006075,0.050182,-0.037925,0.274338,-0.213188,-0.021735,-0.052713,0.126034,-0.107225,-0.017052,-0.053422,-0.035749,-0.182654,-0.075611,-0.220299,-0.225657,-0.268012,-0.156715,0.157458,0.039487,-0.130336,-0.07586,-0.030778,-0.163652,-0.134708,0.083807,-0.078233,-0.061968,0.076001,0.030184,-0.012493,-0.167613,-0.314072,0.035122,-0.193672,-0.043449,-0.085182,-0.16863,-0.244854,0.037888,-0.341026,-0.188642,-0.243837,-0.093503,-0.140134,-0.240234,0.084939,-0.21626,0.091165,0.01967,-0.324688,-0.185799,-0.146759,0.07494,0.067184,-0.110753,0.147249,-0.030815,0.04223,0.229631,-0.001042,-0.083529,0.053783,0.326285,-0.009514,0.016367,0.244035,0.026901,0.0799,0.144265,0.256409,-0.13446,-0.078014,0.258688,0.173714,0.232775,0.324119,0.060427,0.258617,-0.01822,0.101237,0.1961,-0.065138,0.108022,0.350915,-0.030876,-0.189991,0.052911,0.485612,-0.138051,-0.185999,0.0631,#
19,-0.227686,0.033167,0.128175,0.060926,-0.19414,-0.102079,-0.251252,0.04249,-0.074076,0.058286,-0.234276,-0.159097,0.018706,0.02737,-0.004232,0.114894,-0.015546,0.319113,-0.193058,1.0,0.357026,0.137377,-0.01506,0.050095,-0.132294,-0.158698,0.034667,-0.213573,-0.019716,-0.12106,0.363317,0.32817,0.317486,0.314809,-0.146197,-0.372835,0.181301,0.126552,-0.324431,-0.115841,0.239488,0.076364,-0.031266,0.058396,-0.067036,-0.361846,0.270368,0.211142,0.237601,-0.199186,-0.162418,-0.097383,0.43696,-0.140262,-0.295023,0.064126,0.050522,-0.290199,0.283806,-0.158368,0.029406,-0.030254,-0.107164,-0.306943,0.036922,-0.002288,-0.075478,-0.059696,-0.170726,0.24276,0.081782,0.14619,0.07109,-0.013156,0.172855,-0.452347,0.310033,0.192848,0.599858,0.242223,0.364001,0.269699,0.204709,0.053934,0.257853,0.325456,0.231916,-0.052165,0.354588,0.113338,0.181802,0.4258,0.139439,0.339871,0.115217,0.402763,0.213746,0.347057,0.23437,0.186981,-0.50879,0.18145,0.168812,0.326688,0.478238,0.359955,-0.064541,-0.238345,0.219566,-0.206245,0.29941,-0.16469,0.133759,0.371743,0.260843,0.154849,0.084666,0.03296,0.180938,-0.260289,0.316587,-0.006342,-0.163964,0.133955,0.07304,0.357779,-0.031756,-0.045932,0.27981,0.319433,0.443404,0.266864,0.394783,-0.085287,0.308642,0.116898,0.09477,0.080137,0.131551,0.214368,0.176173,0.114775,0.021712,-0.193762,0.0762,0.307013,0.408354,-0.438526,0.312619,0.187525,0.127061,0.144615,0.470169,0.284615,-0.065097,0.213101,0.423043,-0.111222,0.081462,0.098929,0.170901,0.266384,-0.060207,0.00438,0.031004,0.05801,0.44277,-0.20272,0.138706,0.213967,-0.572454,-0.192519,0.045091,0.107684,-0.301177,0.175377,0.194373,-0.474973,0.036044,0.081048,-0.038876,-0.114977,-0.339299,-0.194848,-0.424353,-0.045911,0.343639,0.246246,-0.084967,-0.250759,0.183018,-0.428365,-0.437287,-0.091944,-0.161484,-0.242059,-0.306486,0.24565,0.431534,-0.012822,#
20,0.234383,0.052619,-0.056522,0.116124,-0.260211,0.027369,-0.187867,0.031801,-0.355068,-0.146307,-0.051427,0.08818,-0.031016,0.142759,-0.049307,0.021417,0.039785,-0.115824,0.13635,0.357026,1.0,-0.071226,-0.289488,-0.129353,-0.032028,-0.081268,-0.113499,-0.17941,-0.076673,-0.037496,0.303244,0.215126,0.138822,0.332771,-0.286289,-0.30183,0.073049,0.070788,-0.108359,-0.138481,0.34379,0.264664,-0.222665,0.099508,0.075581,-0.188092,0.124023,-0.089521,0.03677,-0.259294,-0.116349,-0.052846,0.345515,-0.007984,-0.085866,-0.003501,-0.107486,-0.066263,-0.215203,0.042944,0.019242,0.122712,0.146839,-0.048727,0.033273,-0.028575,-0.351087,0.004831,-0.239942,-0.155653,-0.101335,0.169931,0.041271,0.162719,-0.195403,-0.364004,-0.023201,0.26488,0.217942,0.304121,0.221927,0.072094,0.319485,-0.040573,0.035098,-0.159895,0.04535,0.187475,0.269609,0.068378,-0.028619,0.000607,0.191375,-0.1359,0.177838,0.152935,-0.094935,0.136906,0.147291,0.061955,0.080536,0.25597,-0.099544,0.031503,0.130998,0.104823,0.166188,0.07116,0.179661,-0.05443,-7.9e-05,0.065408,-0.281382,0.334683,0.2882,0.335202,-0.015101,0.098356,0.051903,0.096036,0.042675,-0.001955,-0.178428,0.20288,-0.134447,-0.045168,-0.186148,-0.272176,-0.207644,0.293954,0.09497,0.029992,0.237899,0.138424,-0.004489,0.140938,0.252087,0.005872,0.182953,0.026495,-0.026185,0.112565,0.243464,0.044765,0.0677,-0.027056,0.254274,-0.421709,-0.005463,0.169736,0.045635,0.154308,0.074931,0.160211,0.051256,0.14006,0.261239,-0.176407,0.001663,-0.100042,-0.045728,-0.00841,0.192225,-0.255418,-0.205691,-0.204191,0.238286,0.027463,0.288182,-0.146902,-0.247258,0.057307,0.118523,-0.066332,-0.315609,0.184702,-0.033365,-0.361101,-0.171155,0.302038,-0.249555,0.060144,-0.099561,-0.086721,-0.122593,0.322295,0.111089,-0.05181,0.125311,0.050193,-0.186144,-0.226106,-0.171647,-0.28976,-0.111682,-0.138843,0.132269,-0.102241,-0.006825,-0.095815,#
