0,1.0,0.080393,-0.107722,-0.148684,0.207513,0.249255,0.004407,0.115368,-0.223057,0.125983,-0.003042,0.089848,0.4479,0.297443,-0.066006,0.073084,-0.012629,-0.126589,-0.124001,-0.134593,0.199692,0.337528,0.13513,-0.1956,-0.046508,-0.28375,-0.034249,-0.376397,0.206599,0.137368,0.233399,0.022837,0.104526,-0.159103,-0.142908,0.116467,0.10758,-0.099867,0.011474,-0.287654,0.141876,0.139467,-0.106598,0.024863,-0.22964,-0.170299,0.005715,0.071688,-0.232528,-0.090999,-0.001232,-0.213701,0.067699,-0.025508,0.187083,0.034763,-0.257092,-0.013953,0.007299,0.253676,0.497172,0.210559,-0.138638,-0.097842,0.013907,0.129918,-0.127149,0.390097,0.122765,-0.164391,0.063904,0.122633,-0.428425,-0.097171,-0.506325,0.286227,-0.099138,-0.151579,-0.395831,-0.06979,-0.059538,-0.350719,0.088654,-0.047442,-0.147353,-0.201243,-0.110484,0.036355,-0.077162,-0.306183,-0.15144,-0.342324,-0.120634,0.013196,0.074971,-0.099809,-0.12832,-0.156425,-0.10107,0.053765,0.156682,-0.131142,-0.154679,-0.008288,0.014157,-0.278551,-0.025824,0.059604,-0.34484,-0.078736,0.113525,0.179746,-0.319868,-0.18397,0.095618,0.133233,-0.334201,-0.292808,0.000416,-0.116429,-0.303752,-0.069397,0.116652,-0.278144,-0.107085,0.100046,-0.077946,0.081166,-0.053032,0.201126,-0.112062,-0.241146,-0.183865,0.004649,-0.43755,-0.008499,-0.101353,-0.228187,0.268483,-0.257952,-0.10415,0.029622,-0.123051,0.070119,-0.152074,-0.09918,-0.117761,0.174437,-0.255664,-0.46622,-0.021728,-0.281871,-0.098028,-0.340994,0.215965,-0.082991,0.294115,0.203233,-0.213737,-0.381963,-0.024946,-0.322649,0.021974,-0.271139,-0.005367,0.087971,-0.323006,-0.075563,-0.229002,-0.270505,-0.01578,0.144861,-0.391443,0.001399,-0.023503,-0.258648,-0.065165,0.088583,0.200519,-0.016734,0.129704,-0.192102,-0.037892,0.241725,0.217169,-0.023533,0.244304,-0.132806,-0.175489,0.233378,-0.045364,0.151736,0.252892,-0.073006,-0.064791,0.159143,0.014111,-0.291186,0.041234,0.16056,#
1,0.080393,1.0,0.283271,-0.24952,-0.058017,0.174172,0.315132,0.245064,0.20518,0.237776,-0.196813,-0.042796,0.305592,0.304399,0.352348,-0.04336,-0.155708,0.283043,0.156048,-0.02537,-0.103138,0.210094,0.379927,0.048434,0.086187,-0.194271,0.215987,-0.161261,-0.134597,0.15416,-0.226385,0.09299,0.189578,0.001238,-0.281011,0.280268,0.195536,-0.095364,0.001672,-0.059335,-0.025247,0.26444,-0.023907,0.103041,0.442115,-0.389457,0.274727,-0.104052,0.040735,0.254168,0.021063,-0.205844,-0.021911,-0.209692,-0.199668,-0.243392,-0.14639,-0.402449,-0.182387,-0.095461,0.260999,0.029326,-0.373593,-0.129401,0.338044,0.137755,-0.08554,0.151908,0.353485,-0.079102,0.213819,0.126625,-0.060292,-0.294791,-0.25791,0.310223,-0.259017,-0.451039,-0.127383,-0.128603,0.091839,-0.366157,-0.20088,0.121089,-0.383693,-0.164112,-0.1988,-0.173225,-0.126242,-0.252083,-0.184534,-0.187919,-0.424788,-0.000534,-0.152309,-0.014503,0.127378,-0.001127,0.204528,-0.091641,-0.082847,-0.058546,-0.155763,-0.195287,-0.273083,-0.179531,-0.324012,-0.059794,-0.463222,-0.224134,0.19799,0.423587,-0.218583,-0.152787,0.073361,-0.111373,-0.227824,-0.405752,0.173392,-0.405353,-0.258505,-0.396154,-0.44838,-0.221219,-0.311459,-0.062331,0.1723,0.339197,-0.206312,0.019029,-0.043719,-0.007212,-0.306498,-0.098544,-0.215413,-0.297181,0.193677,-0.065259,-0.009344,-0.327564,-0.191328,-0.141628,-0.347554,-0.206854,-0.098735,-0.072297,-0.340914,0.360788,-0.141793,-0.232053,-0.242106,-0.444518,0.022011,-0.231787,-0.18078,-0.210847,0.276189,0.245305,-0.211947,-0.271692,0.099634,-0.038994,0.191175,0.140757,0.040398,0.294654,-0.129392,0.1109,-0.320436,-0.201958,-0.051092,-0.057214,-0.173328,-0.177113,0.15012,-0.074013,-0.102289,0.361727,0.465926,-0.488308,0.348788,0.006958,-0.347441,0.063597,0.169062,-0.039454,0.313524,-0.25847,-0.402373,0.35006,0.150021,0.123381,0.301132,0.293518,-0.158306,0.006096,0.207151,-0.093683,0.351255,-0.039368,#
2,-0.107722,0.283271,1.0,0.207736,-0.112831,-0.075666,0.168121,0.008313,0.211891,-0.048123,-0.016669,-0.112483,-0.199188,-0.058331,-0.041828,-0.120183,-0.286598,0.380837,-0.078114,0.143672,-0.031874,0.20712,0.074721,-0.042203,0.404126,-0.141912,0.336053,0.161931,-0.011332,-0.077204,0.082434,0.051847,-0.12722,-0.002715,0.20141,0.069823,0.226991,-0.06562,0.122315,-0.168093,0.120128,0.168925,0.02839,-0.032931,0.05018,-0.17232,-0.022607,0.460924,0.205121,-0.043155,-0.100491,-0.038372,0.119105,0.023055,-0.216232,-0.061614,-0.065078,-0.290396,-0.186572,0.133821,-0.1695,-0.225048,0.017243,-0.128533,-0.044178,-0.097178,0.243976,0.100692,0.038162,0.462806,0.436942,0.347662,0.101468,0.073028,0.168168,-0.05673,-0.065799,-0.339219,0.032309,-0.181508,0.283951,-0.014306,-0.013389,0.229859,-0.113313,0.270435,-0.021301,0.0415,0.071021,0.025947,0.104783,0.011383,0.038602,0.202128,-0.002557,0.083277,0.338055,0.045159,0.157033,-0.032099,-0.140072,0.143447,0.052148,-5.6e-05,0.02468,0.108021,-0.026464,0.158053,-0.453376,0.115484,0.503185,-0.059884,0.01565,0.050603,0.462229,-0.067666,-0.131995,-0.200468,0.171666,0.01641,0.109444,0.06401,-0.043952,0.078282,0.129373,-0.016127,0.116802,0.30093,-0.091997,0.043963,0.483219,-0.064257,0.145742,0.108697,0.16262,0.001791,-0.15047,0.339293,0.321508,0.031694,-0.009284,0.120032,0.030381,-0.211824,-0.056852,0.186538,-0.232037,0.086403,0.320278,0.151803,0.012922,-0.055958,0.198053,-0.048611,-0.038328,0.179605,0.051674,0.134864,0.154394,0.152207,0.371772,0.161634,0.020777,0.227376,0.022684,-0.185918,-0.037466,-0.01168,0.056038,0.2794,-0.124458,-0.104508,-0.15267,0.061754,-0.314409,0.164266,0.018455,0.198682,0.113968,-0.319846,0.219944,-0.07486,-0.359564,0.0837,-0.129052,0.164236,0.079801,0.203755,-0.16787,0.030047,0.236253,-0.014874,-0.004858,0.266897,-0.338433,0.135236,-0.106014,0.148982,0.233692,0.00821,#
3,-0.148684,-0.24952,0.207736,1.0,-0.077515,-0.287421,-0.333918,-0.433205,-0.166019,-0.282703,0.040287,-0.082526,-0.328915,-0.287792,-0.24689,-0.183917,0.004183,0.010205,-0.204244,0.352035,0.014821,0.00254,-0.161041,0.07529,0.052847,0.198,0.119992,0.304041,-0.034222,-0.256564,0.228679,0.115112,-0.020785,-0.091596,0.272477,-0.242013,-0.094064,-0.024504,-0.234303,0.055001,-0.008691,-0.045504,0.002588,0.110078,-0.09068,0.417404,-0.115173,0.163971,0.09705,-0.198168,0.044096,0.411592,0.103532,-0.004964,-0.223043,-0.040491,0.455828,0.106868,0.191667,0.228207,-0.282854,-0.208473,0.173624,-0.276536,0.060961,-0.259503,0.139398,0.05406,-0.099391,-0.007642,-0.012336,-0.01353,0.253713,0.128861,0.044762,-0.323682,0.227461,0.113834,0.089563,0.038977,0.248997,0.531452,0.280255,0.048786,0.343796,0.220899,0.366689,0.091503,0.123683,-0.103567,0.215709,0.319687,0.407666,-0.164518,0.329477,0.172259,0.299858,0.090525,-0.208723,0.324836,-0.066552,0.254638,0.48923,0.192755,0.334591,0.386452,0.239619,-0.058363,0.204087,0.17613,-0.114316,-0.236284,0.237914,0.271444,0.120961,0.026526,0.212726,0.089621,-0.149418,0.2863,0.23408,0.314381,0.497786,0.232932,0.184143,0.153941,-0.029412,-0.072062,0.310788,0.339872,0.18853,0.074121,0.300433,0.072791,0.376125,0.296917,-0.00461,0.176642,0.137401,0.474404,0.201949,0.048493,0.181991,0.235949,0.456848,0.263624,0.24738,-0.379826,0.37185,0.230128,0.191798,0.228174,0.168849,0.431146,0.032299,0.313855,-0.308546,-0.238648,0.232505,0.260849,-0.171709,0.186121,-0.065697,0.081161,-0.16208,-0.306184,0.20371,0.100938,0.292618,0.211099,-0.241698,-0.078514,0.330057,0.226788,-0.441519,0.409846,0.237705,-0.02181,-0.501949,0.323305,-0.350087,-0.188386,0.054139,-0.013365,-0.219284,0.097034,-0.090956,0.178362,0.478732,-0.347941,0.345163,-0.143932,-0.203394,-0.171599,-0.020482,-0.08446,-0.387244,0.223701,0.186379,-0.350907,#
4,0.207513,-0.058017,-0.112831,-0.077515,1.0,-0.025447,-0.148121,0.121754,-0.232918,-0.272599,0.122806,0.014543,0.027383,-0.087417,-0.079609,-0.050796,0.062596,-0.159613,0.035314,-0.14443,-0.19646,-0.133514,-0.018078,-0.144633,0.108726,-0.053622,-0.3255,-0.000639,-0.072552,-0.085556,-0.086971,-0.309309,-0.138293,-0.118196,-0.044245,0.065676,-0.212109,-0.180273,0.114842,0.201081,-0.042882,-0.314584,-0.203555,-0.078297,-0.108951,0.222201,-0.161663,0.159284,-0.013056,0.02055,0.271721,-0.06113,-0.172775,-0.026415,0.272149,0.096415,-0.123543,0.226475,0.014444,-0.173515,-0.080844,0.091764,-0.071187,0.034949,-0.087652,0.184464,0.229038,-0.115775,0.125717,0.025014,0.033034,-0.017556,-0.128346,0.213174,-0.110177,0.386631,-0.093061,-0.306785,-0.22393,-0.21415,-0.142672,-0.12842,0.004539,0.054979,-0.083265,-0.123539,0.111352,0.06729,-0.130952,-0.055326,0.09939,-0.182233,0.111531,-0.22146,-0.072034,0.077596,0.166883,-0.211116,0.02448,0.107477,0.135077,-0.146407,0.009124,-0.184688,-0.144788,0.029431,0.116918,-0.006675,-0.102687,-0.162022,-0.077139,-0.087021,0.084498,-0.095479,-0.001511,-0.037041,-0.138771,0.192921,-0.073027,0.175192,-0.143755,0.017905,0.331539,0.071193,0.251903,-0.04824,0.121291,0.028053,0.077782,-0.049078,-0.049228,-0.137782,-0.100978,-0.160783,-0.120186,-0.007137,0.029004,-0.148267,-0.122876,0.148261,-0.00525,-0.069743,0.041563,0.133397,-0.030995,-0.132792,-0.239902,0.00531,-0.022031,-0.277992,-0.04674,-0.020758,-0.41729,-0.027225,-0.112073,-0.103047,-0.03628,-0.018485,-0.009133,-0.014164,-0.235646,-0.239286,-0.152776,0.054061,0.026321,-0.139269,-0.133369,0.053311,-0.133417,-0.00882,0.007876,-0.042811,0.016624,-0.009331,0.091182,0.07049,0.03952,0.186555,-0.011343,-0.039673,-0.0492,-0.071655,0.215546,0.153829,0.056691,-0.235435,-0.164629,-0.254439,-0.085844,-0.122555,-0.152318,0.071208,0.2732,-0.156702,0.013926,-0.011549,0.107708,0.010805,-0.332005,0.06372,#
5,0.249255,0.174172,-0.075666,-0.287421,-0.025447,1.0,0.287845,0.352182,-0.089586,0.137966,0.211799,0.170051,0.172453,0.14423,0.076695,0.233067,0.299036,0.132861,-0.043357,-0.037998,-0.029703,0.409567,0.203938,0.064847,-0.161224,-0.276975,0.001964,-0.391263,0.009282,-0.164889,-0.096542,0.11984,0.049438,-0.008373,-0.196918,-0.044561,0.031076,0.081212,0.050056,-0.188089,-0.015441,0.284862,-0.018267,0.139232,0.077138,-0.252333,-0.017707,0.080752,0.065165,-0.063061,-0.0714,-0.080061,0.069163,-0.052742,0.171916,0.122761,-0.195133,-0.274187,-0.101906,-0.183003,0.322127,-0.017606,-0.274803,0.137662,0.049415,0.248739,-0.125693,0.205006,0.279471,0.131526,-0.086191,0.408389,-0.172515,-0.020546,-0.32202,0.187812,-0.439795,-0.0569,-0.17018,-0.080867,0.259262,-0.281856,-0.08263,-0.301091,-0.168494,-0.109465,-0.100814,-0.142139,-0.143635,-0.353069,-0.098215,-0.296764,-0.25699,0.072972,-0.132097,-0.104589,-0.112336,-0.274349,0.058532,-0.218848,-0.015728,-0.119533,-0.177763,-0.173867,-0.130572,-0.334974,-0.198759,-0.038733,-0.286722,-0.288866,0.050786,0.021115,-0.287354,-0.242849,0.008102,-0.214245,-0.579914,-0.096785,0.204177,-0.322177,-0.250972,-0.512227,-0.046169,-0.580299,-0.229855,0.067639,-0.065412,0.039216,-0.136398,0.073187,-0.117585,-0.013273,-0.176064,0.009918,-0.255246,-0.056407,0.122599,-0.334224,-0.025974,-0.437319,-0.266654,-0.099298,-0.41057,0.032489,-0.161416,-0.15518,-0.151487,0.152029,-0.157722,-0.170578,-0.056701,0.0037,-0.159721,-0.079268,0.048869,-0.375943,0.109301,0.259166,-0.34931,-0.110518,0.14382,-0.077813,-0.161272,0.13692,-0.091831,0.374447,0.036969,-0.043386,-0.066016,-0.044761,0.165741,-0.207131,-0.369468,-0.047572,0.261425,-0.347344,-0.068644,-0.01382,0.249126,-0.180336,0.189499,0.206497,-0.04776,0.012841,0.152242,0.11989,-0.037037,0.043075,-0.266507,0.070156,-0.150189,0.00595,0.283056,-0.200388,-0.059224,0.111152,0.274994,-0.194364,-0.197915,0.120745,#
6,0.004407,0.315132,0.168121,-0.333918,-0.148121,0.287845,1.0,0.538203,0.342837,0.433569,0.069963,0.030285,0.302853,0.074279,0.161077,0.064353,-0.093501,-0.111499,0.161606,-0.284254,-0.20324,0.276388,0.101883,0.085553,0.064894,-0.113374,0.280315,-0.139218,0.294564,0.048464,-0.351855,-0.202485,0.03001,0.091434,-0.113275,0.169364,-0.112005,-0.02294,0.187334,-0.155173,-0.121124,0.202418,-0.013917,-0.316137,-0.042264,-0.308242,0.003943,-0.180939,0.055978,0.240536,-0.201419,-0.180445,-0.101178,-0.045675,0.097636,0.037711,-0.121326,-0.250067,-0.283932,0.16824,0.276612,-0.073965,-0.204675,0.271049,0.123317,0.251091,0.149418,0.126769,0.375937,-0.086062,0.254308,0.114935,-0.285891,-0.347886,-0.0792,0.328305,-0.10769,-0.259173,-0.027034,-0.028092,-0.174113,-0.28634,-0.365719,-0.153726,-0.208826,0.193541,-0.115209,-0.079011,-0.05871,-0.24377,-0.194938,-0.274859,-0.339352,0.049496,0.027513,-0.185949,-0.016507,-0.054762,0.156741,-0.410109,0.004328,-0.071307,-0.152533,-0.199738,-0.252483,-0.165863,-0.388716,0.029623,-0.362907,-0.226412,-0.155272,0.220142,-0.285592,-0.408986,0.005602,-0.151431,-0.054561,-0.047947,-0.064251,-0.122164,-0.065309,-0.325457,-0.175203,-0.428322,-0.273349,-0.03219,0.19103,0.385892,-0.236484,-0.168154,-0.230188,-0.433611,-0.472377,0.186812,-0.038067,-0.088644,0.089515,-0.160663,-0.156144,-0.438647,-0.004652,-0.001286,-0.280339,-0.141621,-0.174825,-0.251389,-0.239254,0.539888,-0.127074,-0.090458,-0.007687,-0.133966,-0.015262,-0.304494,-0.072338,-0.302104,0.036934,0.15038,-0.199619,-0.173264,0.053661,-0.028407,0.019736,0.084685,0.149405,0.095096,-0.022762,0.086064,-0.24571,0.379952,0.338663,-0.109109,-0.171107,-0.05648,0.338369,-0.146441,0.103196,0.082635,0.351079,-0.314891,0.427997,0.275715,0.026554,-0.046658,0.320862,0.045776,0.035206,0.014829,-0.228435,0.354774,-0.107938,0.138583,0.188364,0.098284,-0.164369,0.146002,0.097636,-0.187867,-0.212501,-0.033144,#
7,0.115368,0.245064,0.008313,-0.433205,0.121754,0.352182,0.538203,1.0,0.106349,0.321298,0.06212,-0.049337,0.407376,0.297751,0.012444,0.243927,-0.15223,-0.004054,0.216326,-0.044239,0.06598,0.257675,0.032575,0.262552,0.163864,-0.079375,0.009701,-0.374887,0.131264,0.065017,-0.145483,-0.12653,0.272621,0.194111,-0.248074,0.029673,0.029904,0.060323,0.26582,-0.254671,-0.020913,0.207338,-0.103358,-0.023561,-0.26711,-0.392857,0.17076,-0.159159,0.144139,-0.002793,-0.265868,-0.080302,0.08478,-0.032437,0.107196,0.146422,-0.16303,-0.221573,-0.27811,0.04284,0.296253,0.048818,-0.330102,0.172948,0.01115,0.288927,0.129856,0.1875,0.240053,-0.032784,0.273828,0.153504,-0.385726,-0.128055,-0.011665,0.239877,-0.098175,-0.032013,0.123763,-0.049873,-0.015971,-0.20346,-0.11213,0.021072,-0.286054,0.082008,0.042611,0.170034,0.03885,-0.082534,-0.275624,-0.276746,-0.346127,0.16015,-0.153742,0.065432,0.088376,-0.002242,0.389456,-0.348808,0.021581,0.024826,-0.078998,-0.1935,0.05738,-0.02873,-0.244098,0.014304,-0.285544,-0.406976,0.034622,0.225025,-0.134356,-0.242404,0.197884,-0.019565,-0.139682,0.004658,0.130279,-0.149127,-0.158615,-0.448706,-0.103069,-0.298177,-0.204728,0.118077,0.088569,0.087567,-0.226725,-0.0698,-0.222541,-0.105241,-0.224541,-0.023362,-0.211673,-0.104409,0.306077,-0.08645,-0.119323,-0.338336,0.073539,0.118517,-0.241604,-0.050529,-0.182084,-0.242919,-0.120023,0.291915,-0.050402,-0.357052,-0.11477,-0.015939,-0.153232,-0.148447,-0.089296,-0.219321,0.356487,0.066771,-0.113657,-0.090991,0.000456,0.140065,-0.14092,-0.015625,0.160382,0.038311,0.14646,-0.218879,-0.32752,0.272829,0.094178,-0.180348,-0.181795,0.013934,0.309029,-0.164122,0.254359,-0.104214,0.319613,-0.281065,0.378511,0.249064,0.002419,-0.098766,0.256536,0.188815,0.07237,-0.155031,-0.209206,0.2828,-0.096182,-0.085083,0.208998,-0.210273,-0.285476,-0.060201,0.210948,-0.185438,-0.060365,0.028339,#
8,-0.223057,0.20518,0.211891,-0.166019,-0.232918,-0.089586,0.342837,0.106349,1.0,0.244751,-0.087936,-0.036926,0.116752,0.1552,0.144412,-0.251381,-0.087618,0.19528,0.073985,-0.293576,-0.132067,0.178479,0.1432,0.222214,0.187441,0.203898,0.338542,0.187065,0.039724,0.175188,-0.091661,-0.083718,0.026858,0.043259,0.120529,0.16858,0.110168,-0.204207,0.258179,-0.112464,0.134428,-0.178489,0.034596,0.005628,0.256277,-0.276441,-0.103001,-0.055568,0.089766,0.251157,-0.145359,-0.269718,-0.123203,0.069049,-0.245195,0.225896,0.045617,-0.193246,-0.048108,0.209968,-0.043054,-0.099485,-0.04208,0.068257,0.116039,0.072504,0.108597,0.062817,0.12221,0.113358,0.162057,0.087234,-0.03611,-0.106048,0.065601,0.010044,-0.048671,-0.126253,0.032792,-0.20319,-0.069902,-0.02241,-0.207767,-0.09833,-0.062325,0.234988,0.000468,-0.042197,0.007768,-0.063478,0.028532,0.107282,-0.319612,0.253758,0.094403,-0.032293,0.027742,0.005012,-0.064214,-0.260234,0.121014,0.28818,0.000757,0.151413,-0.171688,-0.2445,-0.093887,0.051099,-0.113853,-0.04066,0.063098,0.087584,-0.01282,-0.374269,0.123969,0.047445,0.098848,-0.154731,0.153947,-0.042119,0.025897,-0.171858,-0.163602,-0.118587,-0.047628,0.014163,0.108293,0.027467,-0.178593,-0.243641,-0.083065,-0.064174,-0.285947,0.081636,0.041041,0.057963,0.084459,0.024027,-0.203172,-0.215114,-0.015155,0.022184,-0.075708,-0.295791,-0.373655,-0.377777,-0.198196,0.27963,0.042254,0.061556,0.0979,-0.116385,0.153168,-0.258103,0.048663,-0.119536,0.25421,0.20194,-0.073115,0.056728,0.058229,0.210645,0.242555,-0.171671,0.105811,0.04942,-0.069212,0.033987,-0.175876,0.250949,-0.101818,0.08669,0.032341,0.087299,0.131297,0.098448,-0.154584,0.177354,0.38266,-0.337947,0.247265,0.213033,-0.23513,-0.120079,-0.026639,0.100152,-0.047725,-0.036422,-0.221306,0.130734,-0.204631,-0.016654,0.104726,0.163129,-0.220803,0.372336,0.187719,-0.078275,-0.001312,0.006565,#
9,0.125983,0.237776,-0.048123,-0.282703,-0.272599,0.137966,0.433569,0.321298,0.244751,1.0,-0.282756,0.148805,0.437555,0.522418,0.239809,0.251388,-0.313579,0.161606,0.103925,-0.089842,-0.187855,0.394469,0.268716,0.159709,0.146337,-0.040923,0.231873,-0.131299,0.093822,0.451601,-0.073471,0.071652,0.152465,-0.155572,-0.35425,0.187374,-0.03706,-0.024001,0.194362,-0.290689,0.094024,0.158487,-0.000843,-0.102907,-0.037241,-0.51494,0.242434,-0.031272,-0.234356,0.243637,-0.179087,-0.082328,0.045831,-0.187543,0.082338,-0.089676,-0.09793,-0.291542,-0.107335,0.058175,0.414208,0.038548,-0.383792,0.059841,0.194008,0.186928,-0.072224,0.311374,0.057338,-0.100519,0.060344,0.084401,-0.275481,-0.207312,-0.049749,0.216769,0.003684,-0.184999,-0.009688,0.071883,-0.107775,-0.362583,-0.335637,0.034909,-0.247384,-0.042997,-0.264665,0.019279,0.133291,-0.206828,-0.184208,-0.228916,-0.289678,0.321767,0.167697,-0.060059,-0.166605,0.054455,0.169091,-0.293105,-0.121361,-0.034437,-0.189114,0.01224,-0.023223,-0.122103,-0.448884,-0.013633,-0.167279,-0.420667,0.038269,0.393672,-0.096689,-0.261698,-0.199345,-0.23457,-0.236362,-0.105799,0.376387,-0.390333,-0.035718,-0.363672,-0.171055,-0.43041,-0.449148,0.173866,0.208298,0.148307,-0.138292,-0.22808,-0.202905,0.136803,-0.395631,-0.025034,-0.387383,-0.277642,-0.032579,-0.215248,0.091662,-0.400396,0.032715,-0.137627,-0.387593,-0.388223,-0.226059,-0.040875,-0.068713,0.311735,-0.306159,-0.266375,-0.225144,-0.353684,0.016661,-0.380801,0.035046,-0.160258,0.280429,0.375918,-0.178155,-0.279711,0.104195,-0.142785,-0.067691,0.151384,0.400272,0.319399,-0.318489,-0.054305,-0.517948,0.092992,-0.016032,0.086441,-0.193288,-0.014052,0.325021,-0.351829,-0.13595,0.024487,0.482644,-0.334936,0.360393,0.079482,-0.385815,-0.322546,0.278248,0.068168,0.30715,-0.045919,-0.349187,0.252935,0.030162,-0.071395,0.159827,0.392009,-0.150715,0.008891,-0.016915,-0.102819,0.25162,0.19834,#
10,-0.003042,-0.196813,-0.016669,0.040287,0.122806,0.211799,0.069963,0.06212,-0.087936,-0.282756,1.0,-0.1563,-0.175531,-0.456296,-0.171865,0.034963,0.103501,-0.281612,0.09303,-0.275796,-0.013048,-0.048817,-0.21447,0.044869,0.050286,-0.021908,-0.295403,-0.04743,-0.021033,-0.418744,0.220645,-0.046251,-0.291103,-0.265108,0.374258,-0.161788,0.168696,0.084676,0.095377,0.174127,-0.049799,-0.161964,-0.083575,-0.019376,0.039934,0.249945,-0.359657,0.05824,0.17881,-0.175345,-0.013624,0.279221,-0.055941,0.151666,0.113484,0.092648,-0.312185,0.276782,-0.159012,-0.112461,-0.16993,0.032918,0.006006,-0.033926,0.111248,-0.198541,0.076101,-0.147567,0.341641,0.097576,0.136189,-0.055046,0.060398,0.111669,-0.133207,0.131157,-0.16693,0.059891,-0.093871,-0.255117,0.114349,0.18925,0.003791,-0.117008,-0.010957,0.098911,0.27172,-0.053321,-0.091165,0.048136,-0.109063,-0.086335,0.045186,-0.20704,-0.194811,0.107627,-0.129911,-0.2746,0.071456,-0.071848,-0.056006,-0.143447,0.131709,-0.175276,0.04678,-0.221139,-0.062601,0.091439,-0.078088,0.247401,-0.061727,-0.097344,-0.12077,-0.086994,0.110928,-0.142667,-0.048342,-0.029802,-0.055317,0.304323,-0.199446,0.063171,0.133213,-0.074353,-0.063661,0.083637,0.076903,0.187947,-0.11157,-0.037309,0.01749,-0.119064,-0.004486,0.100348,0.166357,0.179982,-0.14935,0.030987,-0.169166,0.06723,-0.089401,0.38889,-0.037298,0.080459,0.176685,0.017898,-0.255632,0.11318,0.169839,0.162787,0.065994,0.296202,-0.062836,0.01899,0.017137,-0.099902,-0.400275,-0.272074,-0.109341,0.158355,-0.085482,0.129067,0.023682,0.16907,-0.10632,-0.172859,0.138436,0.026286,0.048713,0.101933,0.26593,-0.053986,0.125753,0.05354,-0.058302,0.055846,0.148495,0.027659,-0.326026,0.217829,-0.059208,0.090043,0.315577,0.238168,-0.049609,-0.01401,-0.320192,-0.075618,0.203843,-0.006442,-0.231686,0.117932,0.25998,-0.489949,0.188038,0.103052,0.166564,-0.008179,-0.30433,-0.079088,#
11,0.089848,-0.042796,-0.112483,-0.082526,0.014543,0.170051,0.030285,-0.049337,-0.036926,0.148805,-0.1563,1.0,0.03378,0.044631,-0.044775,0.022654,0.151527,0.054872,-0.025122,-0.12097,0.192544,-0.052466,-0.187686,-0.172101,0.116327,-0.112445,-0.152237,0.020705,-0.063908,-0.108899,-0.041527,-0.150023,-0.05656,-0.086549,-0.111898,0.176636,-0.257833,-0.041179,0.003728,-0.01966,0.029613,0.134007,-0.181911,-0.30294,-0.10823,0.098856,-0.17191,0.086353,-0.077875,0.241502,0.030379,-0.090115,-0.095928,0.201206,-0.027163,0.049931,-0.188689,-0.12268,-0.049084,0.063502,-0.040509,0.047831,0.090311,-0.190983,0.065395,0.016213,-0.069869,-0.133223,-0.119674,-0.072507,-0.002853,0.028555,-0.039022,0.159946,-0.166846,0.087675,-0.286292,-0.062092,-0.121706,0.039789,0.002311,-0.005653,-0.090549,-0.33572,0.036772,-0.246162,-0.155982,0.151243,-0.137812,0.193264,0.02806,-0.117713,-0.07007,0.029698,0.013178,0.073218,-0.13137,0.002661,-0.071184,-0.09196,0.223239,0.109648,-0.32878,-0.006468,-0.069472,0.081662,-0.093094,0.228184,0.133476,0.01022,-0.134106,-0.031351,-0.150472,-0.198051,0.042502,-0.076522,0.024471,0.166104,0.156361,-0.020366,0.189165,-0.203735,0.0094,0.053171,0.031221,-0.136984,0.029597,-0.009402,0.176025,-0.156663,-0.084573,0.11559,-0.204751,0.174305,0.046137,-0.203355,0.085053,-0.155234,-0.024776,0.041494,-0.089096,0.00176,-0.07149,0.052329,-0.111045,0.126367,-0.078229,-0.127594,-0.194178,-0.037233,-0.013827,0.169442,-0.166142,0.147943,0.072927,0.158879,-0.013176,0.274481,-0.164275,-0.21623,-0.159949,-0.340861,0.033147,0.001786,-0.058674,0.128478,-0.057612,0.040474,0.204412,0.057609,-0.03684,0.408095,0.012149,-0.1585,-0.014467,-0.091881,-0.241285,0.006718,0.049769,0.012905,-0.08763,-0.015284,-0.052817,-0.103907,0.158734,-0.02575,-0.00414,0.347673,0.007315,-0.022201,-0.067785,0.23122,0.038199,0.096745,-0.208039,-0.188464,0.290437,-0.263127,-0.104604,0.230641,#
12,0.4479,0.305592,-0.199188,-0.328915,0.027383,0.172453,0.302853,0.407376,0.116752,0.437555,-0.175531,0.03378,1.0,0.533269,0.144029,-0.071484,-0.080063,0.050823,0.09605,-0.049216,-0.079561,0.265034,0.434068,0.020673,-0.191481,-0.240497,0.043049,-0.22205,0.068858,0.271865,0.021191,0.023469,0.190299,-0.121119,-0.298777,0.300857,0.166061,-0.03774,-0.070682,-0.310299,0.027603,0.197527,0.145068,-0.001314,-0.121594,-0.4651,0.249748,-0.085813,-0.071022,0.105181,-0.202523,-0.029275,0.136488,0.05941,0.203576,0.187474,-0.1561,-0.233219,0.121439,0.147695,0.58632,0.111741,-0.209489,0.113714,0.0548,0.354832,-0.146163,0.320125,0.256576,-0.176524,0.210808,-0.031627,-0.515625,-0.333154,-0.255104,0.351701,0.060717,-0.067765,-0.00795,-0.188007,-0.152835,-0.321583,-0.213765,-0.093612,-0.292647,-0.140395,-0.062933,0.158061,-0.101011,-0.36938,-0.211959,-0.329703,-0.456321,0.204766,-0.110707,-0.167136,-0.037518,-0.148942,0.001978,-0.331121,0.041106,-0.059516,-0.068317,-0.015289,-0.122294,-0.162783,-0.323768,-0.22046,-0.19688,-0.337095,0.017656,0.304234,-0.230302,-0.271528,-0.13996,-0.172909,-0.090949,-0.313561,0.062009,-0.365459,-0.075721,-0.451612,-0.188112,-0.41387,-0.175554,0.000142,0.079455,0.295963,-0.065308,0.064112,-0.407194,0.056056,-0.389511,0.047154,-0.373143,-0.103854,-0.006518,-0.450701,-0.053184,-0.295707,-0.000576,-0.057046,-0.338898,-0.190644,-0.003076,0.043315,-0.258526,0.295587,-0.198882,-0.566121,-0.118668,-0.358552,-0.007281,-0.366153,-0.040487,-0.324972,0.31414,0.405327,-0.088098,-0.448285,0.004685,-0.193371,-0.049506,-0.068834,0.295739,0.34817,-0.181196,-0.026169,-0.393176,0.043702,-0.077236,0.109238,-0.293626,-0.023041,0.401892,-0.405631,0.013114,0.142055,0.469221,-0.396251,0.280758,0.185755,-0.060438,0.064032,0.287491,-0.109818,0.349928,-0.213837,-0.328546,0.435384,-0.005404,0.064311,0.32211,0.117546,-0.034853,-0.013811,0.121083,-0.129909,0.144241,0.199233,#
13,0.297443,0.304399,-0.058331,-0.287792,-0.087417,0.14423,0.074279,0.297751,0.1552,0.522418,-0.456296,0.044631,0.533269,1.0,0.329979,0.09412,-0.302785,0.295693,0.213324,-0.005138,0.063375,0.35642,0.516255,0.298245,0.047616,0.017116,0.286021,-0.097412,0.106273,0.545443,0.004333,0.151206,0.277458,-0.084615,-0.33179,0.252182,0.181987,-0.229323,0.133222,-0.326012,0.037674,0.320382,0.157095,0.187671,0.02426,-0.55133,0.39473,-0.21034,-0.233201,0.10219,-0.103795,-0.160689,0.157613,0.005067,0.072679,0.04767,-0.1835,-0.252884,-0.01678,0.160213,0.460593,0.030037,-0.321303,0.229768,0.022846,0.314505,-0.15236,0.426001,-0.109765,-0.117308,-0.122993,0.235445,-0.347644,-0.113731,-0.312108,0.077139,-0.074014,-0.281422,-0.179361,-0.03775,-0.047329,-0.432841,-0.295426,0.198645,-0.342744,-0.203708,-0.256611,0.022788,0.045007,-0.353955,0.027028,-0.327409,-0.399004,0.197116,-0.012391,-0.161148,-0.217482,-0.052689,-0.111571,-0.239968,0.116808,-0.124116,-0.192539,-0.204235,-0.07341,-0.086664,-0.151575,-0.075171,-0.120176,-0.351813,0.106678,0.354725,-0.180923,-0.150312,-0.010302,-0.010801,-0.308422,-0.300005,0.249794,-0.448436,-0.25605,-0.427489,-0.140693,-0.312313,-0.33192,-0.017972,0.107246,-0.022534,-0.178585,-0.065004,-0.158228,0.155902,-0.364964,-0.228669,-0.655503,-0.261934,0.189614,-0.217231,0.112365,-0.394411,-0.064163,-0.251757,-0.314273,-0.375936,-0.397479,-0.126825,-0.022962,0.209677,-0.437257,-0.382815,-0.209382,-0.366289,-0.055933,-0.306259,-0.023929,-0.17695,0.440879,0.354686,-0.058368,-0.236284,0.14755,-0.116924,-0.098206,-0.083089,0.204184,0.308627,-0.228539,0.048372,-0.303543,-0.068658,-0.166989,0.058924,-0.330223,-0.207163,0.257034,-0.37056,-0.093722,0.03654,0.605289,-0.400917,0.347047,0.028881,-0.304192,-0.113099,0.341221,0.166793,0.282071,-0.278759,-0.366706,0.340209,0.004767,-0.033276,0.121165,0.2568,-0.234322,-0.100331,0.170998,-0.232465,0.271642,0.142239,#
14,-0.066006,0.352348,-0.041828,-0.24689,-0.079609,0.076695,0.161077,0.012444,0.144412,0.239809,-0.171865,-0.044775,0.144029,0.329979,1.0,0.108014,-0.181642,0.188199,0.372173,-0.051104,-0.118695,0.110222,0.22705,0.154465,-0.068206,0.037558,0.028699,0.19025,0.200049,0.170143,-0.232218,-0.071143,-0.151199,0.128688,-0.091253,0.160539,-0.117674,-0.110844,0.075554,-0.01995,-0.147397,0.204585,0.144366,0.125671,0.421097,-0.114177,0.194672,-0.060222,0.097369,-0.003971,0.113047,-0.138423,-0.101323,-0.12869,0.10907,-0.108866,-0.048644,-0.19451,-0.137409,-0.191638,0.142771,0.001854,-0.19234,0.297262,0.169013,-0.027355,-0.247504,0.054368,-0.105492,-0.140719,-0.065845,-0.034563,0.092086,-0.331051,-0.170379,0.107678,0.043441,-0.128693,-0.127098,-0.059586,-0.088679,-0.483389,-0.44369,0.171458,-0.298579,-0.005921,-0.162628,-0.137357,-0.222624,-0.074078,0.025065,-0.122561,-0.060493,0.173132,-0.165555,-0.176882,-0.308831,-0.08639,-0.177531,-0.023703,0.100093,-0.240714,-0.239413,-0.269266,-0.332885,-0.173172,-0.333021,-0.07045,-0.19589,-0.077831,-0.109836,0.271618,-0.255093,-0.194578,-0.241912,-0.107241,-0.076496,-0.178285,0.013184,-0.221092,-0.065893,-0.161725,-0.422232,-0.12534,-0.259142,-0.418449,-0.082315,0.143185,-0.365721,-0.150911,0.065427,0.105451,-0.453796,-0.05253,-0.287612,-0.294971,0.190837,0.018333,-0.101501,-0.280566,-0.183907,-0.179069,-0.078441,-0.134568,-0.298451,-0.096928,-0.095875,0.149193,-0.374856,-0.026837,-0.336581,-0.485669,-0.002974,-0.263919,-0.124393,-0.376032,0.008384,0.144417,-0.271363,-0.130614,0.139305,-0.164555,0.223783,0.0838,-0.126473,0.201525,-0.161039,0.192869,-0.077861,-0.125009,0.181936,0.129562,-0.149296,-0.103658,0.373886,-0.169908,-0.246105,0.149366,0.280852,-0.237479,0.408497,-0.024424,-0.060036,0.113726,0.313296,-0.229602,0.115555,-0.141604,-0.151708,0.142363,-0.100793,0.136812,0.286435,0.276401,0.032774,-0.030504,0.195234,-0.083346,0.058158,0.076122,#
15,0.073084,-0.04336,-0.120183,-0.183917,-0.050796,0.233067,0.064353,0.243927,-0.251381,0.251388,0.034963,0.022654,-0.071484,0.09412,0.108014,1.0,-0.057776,0.098208,0.138646,0.097071,0.113865,-0.124783,0.13192,-0.089465,0.011232,0.084639,-0.064367,-0.09739,0.153077,0.065086,0.055369,-0.096291,0.124181,-0.057945,-0.038662,-0.052718,0.029855,0.13981,0.085256,0.03465,-0.022707,0.015108,-0.250258,0.03657,0.034539,-0.008012,0.06272,-0.01985,-0.131034,0.065917,0.222584,0.11254,0.008164,0.020455,0.238415,-0.085368,-0.201872,-0.168124,-0.32926,-0.124707,0.096621,0.088473,-0.220863,0.105785,0.032553,0.001546,-0.231703,0.127674,-0.214434,0.099134,-0.059729,-0.00945,-0.084377,0.090317,-0.046148,0.092007,-0.104036,-0.069589,-0.021951,0.16008,0.094397,-0.177844,0.050955,0.24452,0.075975,-0.182511,-0.172216,-0.116324,0.017531,0.00894,0.066877,0.024639,0.017837,0.166803,-0.027632,0.192648,-0.12298,-0.276324,0.073245,-0.096307,-0.152639,-0.129443,-0.364706,-0.051724,-0.0366,-0.152618,-0.183425,0.179089,0.047793,0.027006,-0.045026,0.044982,0.011143,-0.200454,0.129869,0.004385,-0.092563,-0.092717,0.175703,-0.12516,-0.184355,0.012465,-0.032245,-0.156678,-0.272565,0.074981,-0.089583,-0.036599,-0.322318,-0.247135,-0.016216,0.167412,-0.021715,-0.04576,-0.119343,-0.2287,0.032947,-0.044093,-0.1113,-0.302713,0.161095,0.122185,0.074752,0.059994,-0.022466,0.00959,0.203025,0.06394,-0.119,-0.205097,-0.063579,0.021404,-0.057316,0.04548,0.097784,0.050477,0.039405,0.103485,-0.248225,0.141291,0.205718,-0.096991,-0.060707,-0.034276,-0.192627,-0.095415,0.008538,-0.027244,0.004116,-0.117597,0.159473,-0.162655,-0.086147,-0.141041,-0.141877,-0.043122,-0.091304,-0.093896,0.039989,-0.085459,0.167396,-0.099883,-0.068845,-0.016548,0.207127,-0.05774,0.207643,0.100462,-0.186041,-0.040378,-0.028192,-0.147424,0.08011,-0.01357,-0.179957,-0.258967,0.086839,-0.19534,0.01754,0.119476,#
16,-0.012629,-0.155708,-0.286598,0.004183,0.062596,0.299036,-0.093501,-0.15223,-0.087618,-0.313579,0.103501,0.151527,-0.080063,-0.302785,-0.181642,-0.057776,1.0,-0.090171,0.055905,-0.121957,0.034339,-0.292283,-0.086017,-0.358255,-0.192016,-0.15318,-0.261378,-0.080983,-0.102636,-0.161684,-0.089865,0.056398,0.083193,0.130018,0.092898,0.147738,0.040581,-0.079096,-0.368158,0.175556,0.029464,-0.191046,0.023816,0.139009,-0.017297,0.175246,-0.260017,0.04022,0.072663,0.031099,0.065123,0.0147,0.099004,-0.125032,0.036595,0.059496,0.035247,0.071779,0.139133,-0.137701,-0.14339,0.23051,0.356015,-0.104822,-0.17629,-0.023879,-0.144014,-0.045481,0.116563,-0.040569,-0.102425,-0.020704,0.03409,-0.124597,0.025045,0.030933,-0.146853,0.114865,-0.017005,-0.026024,0.007587,0.117877,0.115578,-0.424975,0.052441,-0.157277,-0.123386,0.019129,-0.058595,-0.192189,-0.096098,0.118948,-0.00801,-0.138908,-0.113452,-0.156867,-0.04962,-0.177082,-0.292959,-0.082738,0.107676,-0.027007,-0.071975,0.022611,0.02776,-0.063559,0.157135,-0.111121,0.10378,0.072163,-0.073208,-0.134649,0.033914,-0.042626,-0.073024,-0.082927,-0.163814,0.140564,-0.151001,0.093615,-0.085067,-0.040397,0.01445,-0.169049,0.120905,-0.186257,-0.361227,-0.156007,0.032441,-0.020709,-0.117133,-0.071489,0.068885,0.220839,0.122303,-0.000771,0.138793,-0.313494,-0.089059,0.080001,-0.25028,0.109219,-0.027276,0.272825,0.170302,-0.016323,-0.071477,-0.035571,-0.041526,-0.06435,-0.131233,0.136137,-0.001746,0.072442,-0.172182,-0.228897,-0.235868,0.105219,-0.188675,0.162371,-0.156874,-0.048664,0.205428,-0.117991,-0.145615,0.129864,0.145443,-0.042177,0.145707,-0.166457,-0.141848,0.008295,-0.119078,-0.033971,0.025071,-0.1324,-0.087161,0.115563,-0.237504,0.085867,-0.396196,0.07329,0.359998,0.107229,-0.166972,-0.038978,-0.049084,0.239499,0.201909,-0.199237,-0.037243,0.138808,0.151631,-0.211482,0.12385,0.239846,0.150177,-0.004688,-0.331917,-0.208349,#
17,-0.126589,0.283043,0.380837,0.010205,-0.159613,0.132861,-0.111499,-0.004054,0.19528,0.161606,-0.281612,0.054872,0.050823,0.295693,0.188199,0.098208,-0.090171,1.0,0.027398,0.377897,-0.051157,0.272178,0.141836,0.081215,0.108766,0.163162,0.106848,0.149327,-0.089944,0.108702,0.145046,0.194055,0.056695,-0.089704,-0.032829,0.068567,0.133412,-0.051113,-0.025781,-0.255225,0.053144,0.100241,0.13104,0.147118,0.033169,-0.341671,0.069463,0.306366,0.168085,-0.122142,0.029592,-0.091177,-0.00106,-0.089923,-0.155768,-0.031571,-0.082856,-0.400162,-0.141628,-0.194152,0.019693,-0.141601,-0.127533,0.071749,-0.066566,0.173122,0.002865,0.177196,0.050872,0.498975,0.216502,0.313986,-0.154263,-0.044078,0.123514,-0.135518,0.213571,-0.145814,0.149383,-0.122629,0.369739,-0.013456,-0.019517,0.143576,0.018424,0.159319,0.075939,0.076408,0.109343,0.090928,0.200054,0.12404,0.001814,0.528974,0.037126,0.220149,0.377374,-0.103958,0.024262,-0.229835,-0.142336,0.131663,0.021895,0.345658,-0.139796,0.088985,-0.058695,-0.214208,-0.119324,-0.027887,0.381317,0.087841,0.156924,0.047348,0.142672,0.13488,-0.081417,-0.169151,0.537104,-0.368723,0.112771,-0.248526,-0.146372,-0.038177,-0.001588,0.036159,0.018027,0.055861,0.052098,0.121598,0.258422,0.275516,0.048347,-0.16577,-0.028033,-0.033046,0.076104,-0.049253,0.05197,0.031148,0.085791,-0.160164,-0.171782,-0.365737,-0.176908,0.12674,0.097888,-0.077599,0.137816,-0.047376,-0.231371,-0.140437,0.343698,-0.028939,-0.099437,-0.089531,0.241782,0.358367,0.024218,0.049539,0.071496,0.273872,-0.026442,0.050949,0.038454,0.288813,0.184694,-0.103442,-0.005218,0.156562,-0.255082,-0.18289,-0.21962,0.016149,0.031692,0.009476,0.090818,-0.122449,0.324532,-0.359263,0.183223,-0.068766,-0.438094,-0.202148,-0.113696,-0.132015,0.205928,0.245935,-0.283179,-0.108176,0.285059,-0.257099,-0.066865,0.199151,-0.301755,-0.096872,0.01749,0.089651,0.423588,0.178951,#
18,-0.124001,0.156048,-0.078114,-0.204244,0.035314,-0.043357,0.161606,0.216326,0.073985,0.103925,0.09303,-0.025122,0.09605,0.213324,0.372173,0.138646,0.055905,0.027398,1.0,-0.241991,0.174946,-0.119642,-0.000472,0.010663,0.109862,0.170903,0.08572,0.189779,-0.06097,0.127397,-0.091844,0.070975,0.089713,0.032098,0.088899,0.04004,0.135876,-0.116951,-0.050031,-0.082671,0.053462,0.199862,0.148174,0.12873,0.135229,-0.044049,0.060388,-0.310594,0.144984,-0.009905,-0.051945,0.117225,0.021106,-0.028744,0.316438,0.035933,-0.29705,-0.056104,-0.162045,-0.156544,0.07756,0.008435,-0.102265,0.45915,0.098087,0.07925,-0.128114,0.078883,0.064335,-0.223962,-0.021863,-0.125513,-0.062843,-0.082473,0.023843,0.186982,0.00999,-0.044448,0.142319,-0.228614,-0.085293,-0.247253,-0.359641,-0.040251,-0.308081,-0.10151,-0.155963,0.031399,-0.022052,-0.061206,-0.194959,-0.220347,-0.085432,-0.205633,-0.281494,-0.057911,-0.106182,-0.193436,-0.017071,-0.156977,-0.020908,0.024219,-0.021143,-0.373081,-0.069823,0.056544,-0.140246,-0.109858,0.010659,-0.000605,-0.134821,0.198858,-0.109025,-0.14486,-0.025135,-0.069504,-0.096976,-0.051715,-0.094765,0.089251,-0.210289,-0.124006,-0.339691,-0.209886,-0.13514,-0.189396,0.037203,0.182782,-0.271724,-0.18904,-0.021965,-0.083831,-0.197935,-0.01971,-0.054362,-0.158118,0.155217,-0.138912,-0.156603,-0.190261,-0.442856,0.065398,-0.063878,-0.11856,-0.206009,-0.112115,-0.28413,0.171227,-0.342446,-0.253924,-0.313523,-0.115833,-0.106188,-0.213515,-0.050316,-0.314422,-0.014831,0.035253,-0.233758,-0.164022,-0.013494,0.025548,0.064953,0.072382,0.096108,-0.109955,0.001106,0.27236,-0.097627,-0.032713,0.179899,0.208033,-0.05991,-0.06902,0.295275,0.083079,0.114559,0.103564,0.13859,-0.144128,0.081665,0.067591,0.311989,0.142902,0.316436,-0.026665,-0.006817,-0.120607,0.009699,0.136978,-0.051053,-0.026136,0.402651,-0.052604,-0.024306,-0.135035,0.458295,-0.06515,-0.323372,0.029056,#
19,-0.134593,-0.02537,0.143672,0.352035,-0.14443,-0.037998,-0.284254,-0.044239,-0.293576,-0.089842,-0.275796,-0.12097,-0.049216,-0.005138,-0.051104,0.097071,-0.121957,0.377897,-0.241991,1.0,0.246878,0.098424,-0.05627,-0.003428,-0.127924,-0.024556,-0.021778,-0.097169,-0.013151,-0.082687,0.310514,0.206746,0.156074,0.192617,-0.058715,-0.369982,0.108486,0.181554,-0.320869,-0.164821,0.12913,0.243245,-0.061091,0.076843,-0.120669,-0.15441,0.321637,0.20293,0.19403,-0.320487,-0.087255,0.070761,0.393109,-0.143526,-0.094718,0.049363,0.149343,-0.250605,0.064516,-0.150079,-0.084359,-0.195955,0.077584,-0.009497,0.000497,0.007467,-0.069879,0.070808,-0.12597,0.189007,0.141831,0.186852,0.171404,-0.000767,0.222654,-0.325981,0.382498,0.254925,0.528328,0.18439,0.364774,0.245761,0.253993,0.24151,0.265003,0.132635,0.250649,0.047184,0.255472,0.122377,0.237234,0.239836,0.22358,0.23043,0.098,0.217534,0.307622,0.194026,0.094302,0.238348,-0.442396,0.141854,0.207937,0.350423,0.312267,0.392438,0.157334,-0.260767,0.179583,-0.15686,0.252427,-0.235889,0.068027,0.448846,0.156995,0.150865,0.109548,0.111824,0.075446,-0.229184,0.396921,0.082499,0.050802,0.174117,0.122791,0.176278,-0.030322,-0.008486,0.209475,0.318718,0.325568,0.356499,0.422286,-0.065859,0.25211,0.167076,0.130333,0.099613,0.151917,0.211527,0.250955,0.086623,0.135705,-0.112939,0.302515,0.341885,0.486803,-0.421164,0.405812,0.020685,0.144972,0.118014,0.370909,0.366653,-0.034828,0.182481,0.232001,-0.097856,0.137929,0.049534,0.085611,0.195518,-0.19462,0.096222,-0.094505,-0.055629,0.398467,-0.073665,0.202451,0.155024,-0.343206,-0.145189,0.222773,0.198096,-0.239723,0.079601,0.137668,-0.466056,-0.227807,0.078409,-0.037719,-0.216527,-0.206592,-0.103666,-0.388149,-0.037474,0.218466,0.175687,-0.017379,-0.290783,0.330168,-0.398499,-0.422636,-0.074475,-0.029278,-0.194321,-0.335949,0.302378,0.311462,-0.024848,#
20,0.199692,-0.103138,-0.031874,0.014821,-0.19646,-0.029703,-0.20324,0.06598,-0.132067,-0.187855,-0.013048,0.192544,-0.079561,0.063375,-0.118695,0.113865,0.034339,-0.051157,0.174946,0.246878,1.0,-0.172946,-0.31675,-0.070777,0.137652,0.103562,0.019442,-0.064353,0.002062,-0.005146,0.363893,0.271963,0.127726,0.204334,-0.052937,-0.29219,0.088615,0.09049,-0.116353,-0.128779,0.339886,0.099505,-0.073828,-0.031158,-0.049784,-0.071879,0.081385,-0.147592,0.012276,-0.215893,-0.068013,-0.092719,0.323863,0.062453,0.058975,0.205167,-0.277329,0.01111,-0.136599,0.133789,0.043389,0.084414,0.115829,-0.008954,0.008278,-0.031373,-0.317552,0.085841,-0.212971,-0.208674,-0.023358,0.10185,0.160737,0.233999,-0.103509,-0.303507,0.049902,0.326264,0.164339,0.253716,0.091865,0.154037,0.269956,-0.018466,-0.057301,-0.197622,0.092328,0.036043,0.407011,0.126178,-0.186626,-0.097631,0.05767,-0.130408,0.16314,0.132831,-0.112523,0.199353,0.066153,0.155557,-0.08212,0.210987,-0.129878,0.001941,0.294974,0.066131,0.133964,0.227227,0.159424,0.178548,-0.008253,-0.043667,-0.269563,0.272301,0.322296,0.310728,0.030285,0.1186,0.127579,0.213589,0.140723,0.169127,-0.193813,0.262516,-0.108196,-0.012901,-0.210462,-0.194911,-0.069566,0.234707,0.14587,0.058676,0.234132,0.007843,-0.006023,0.18042,0.158155,0.023288,0.162987,0.115847,-0.187032,0.213447,0.298867,0.022562,0.013323,-0.024783,0.21475,-0.391114,-0.009682,0.09006,0.050713,0.113212,0.187087,0.277669,0.027117,0.162426,0.184702,-0.156207,0.013524,-0.046505,-0.061316,-0.080955,0.097641,-0.213825,-0.1567,-0.241365,0.208423,0.073445,0.211943,-0.120484,-0.144738,0.051292,0.216384,-0.085041,-0.330752,0.17647,0.042783,-0.312865,-0.169955,0.259106,-0.113729,-0.038978,-0.026123,0.046301,-0.048122,0.313184,0.064544,0.055987,0.139882,-0.067401,-0.034178,-0.238817,-0.175687,-0.321163,-0.140263,-0.111869,0.084642,-0.009069,0.092548,-0.144621,#
