0,1.0,0.362557,0.013206,-0.285492,0.323351,0.054776,0.126968,0.130674,0.210341,0.206399,-0.155208,0.03363,0.351611,0.33939,0.044491,-0.143461,0.185973,0.251628,0.136998,-0.243692,-0.130614,0.043079,0.304484,-0.100383,-0.244255,-0.261597,-0.00297,-0.050791,0.204048,0.471253,-0.267482,0.116481,0.06669,-0.139749,-0.067565,0.093207,-0.175745,-0.026166,-0.02388,-0.001069,0.014525,0.001157,-0.043474,0.164195,-0.025565,-0.414738,0.265952,0.193324,-0.304597,-0.023236,0.012686,-0.186948,0.087669,-0.11793,-0.019779,-0.074522,0.004639,-0.133893,-0.043511,0.151856,0.219502,0.01071,-0.097742,-0.054956,0.11296,0.377231,0.047688,0.203987,0.202477,-0.116989,-0.052295,-0.046917,-0.20828,-0.271057,-0.259954,0.313628,-0.176232,-0.245991,-0.166175,-0.138033,-0.328664,-0.196234,-0.234015,0.133331,-0.254692,-0.138034,-0.35867,-0.213484,0.055101,-0.359552,-0.374868,-0.386921,-0.297699,0.134115,-0.025389,-0.350995,0.035713,-0.24455,-0.103269,-0.397175,0.157252,-0.434564,-0.142849,-0.133195,-0.287645,-0.020102,-0.23975,-0.021313,-0.487562,-0.015877,0.15861,0.048855,-0.282042,-0.281051,-0.406647,-0.151376,-0.357634,-0.278323,0.098892,-0.413453,-0.301703,-0.360271,-0.320278,-0.172595,-0.183217,-0.109369,-0.261176,-0.068841,-0.142134,-0.340796,-0.188832,-0.123551,-0.196938,0.173888,-0.358585,-0.276522,0.246963,-0.339711,-0.137801,-0.242953,-0.066458,-0.242558,-0.480279,-0.192807,-0.204259,-0.269165,-0.290387,0.327761,-0.306021,-0.326608,-0.32155,-0.420277,-0.1501,-0.255532,-0.420751,-0.297879,0.374706,0.45053,-0.350908,-0.134426,-0.323099,-0.039912,-0.100635,-0.29661,-0.139338,0.163856,-0.191272,-0.102659,-0.11535,-0.217771,0.139621,0.114742,-0.359934,-0.294222,0.335337,-0.449156,-0.15077,0.242205,0.310161,-0.481027,0.182627,0.162359,-0.163508,0.040307,0.448852,-0.129186,0.286287,0.12138,-0.161777,0.601132,0.006773,0.150496,0.404246,0.395746,-0.134259,0.394066,0.235619,-0.401215,-0.249747,0.211371,#
1,0.362557,1.0,0.061215,-0.198584,0.192403,-0.097454,0.262047,0.208562,0.206132,0.395874,-0.228899,-0.085168,0.305993,0.286591,0.347495,-0.116664,-0.082432,0.340076,0.314169,-0.149144,0.141325,0.16898,0.178269,0.079512,-0.26388,-0.05742,0.344189,0.125716,0.331161,0.53247,-0.525845,0.135682,0.12968,0.07139,-0.048923,0.051958,-0.103312,-0.099129,0.013847,-0.099487,-0.222685,0.214119,0.030631,0.14013,0.009857,-0.444796,0.359561,0.210666,-0.131794,0.245643,0.151609,-0.301668,-0.069962,0.056185,0.137321,-0.217332,-0.248497,-0.000356,-0.167502,0.068726,0.033498,0.205625,-0.376587,0.273958,0.08646,0.187462,-0.003671,0.319923,0.126481,-0.250922,-0.213019,-0.160967,-0.127684,-0.278098,-0.336207,0.367426,-0.317833,-0.293559,-0.404811,-0.452073,-0.380379,-0.340255,-0.429944,0.1696,-0.445905,-0.084771,-0.338771,-0.196121,-0.168603,-0.156813,-0.182348,-0.306635,-0.409243,0.020396,-0.173408,-0.006256,0.143415,-0.301432,-0.088429,-0.285804,0.022331,-0.507051,-0.637888,-0.157415,-0.584469,-0.277253,-0.548106,-0.180276,-0.544615,-0.137157,0.073496,0.288246,-0.207151,-0.462376,-0.227886,-0.082372,-0.300923,-0.496958,0.033901,-0.335035,-0.386765,-0.096998,-0.391479,-0.300402,-0.011846,-0.082914,-0.32825,-0.140187,-0.181132,-0.247213,-0.266486,-0.395825,-0.357092,0.181319,-0.33126,-0.198068,0.055453,-0.197812,0.020173,-0.310787,-0.253246,0.020573,-0.487554,-0.155534,-0.206306,-0.358344,-0.203889,0.346286,-0.428795,-0.350702,-0.249977,-0.441637,-0.091538,-0.156542,-0.433024,-0.181489,0.341743,0.422236,-0.295439,0.01075,-0.191488,-0.120963,0.178177,-0.034202,-0.15862,0.467709,-0.197991,0.060355,-0.176208,0.01244,-0.044839,0.022459,-0.199167,-0.456151,0.389374,-0.206493,-0.257329,0.21122,0.331186,-0.400162,0.214446,0.152415,-0.13304,0.049545,0.318806,-0.18241,0.242479,-0.115741,-0.212233,0.569544,-0.06763,0.567573,0.348383,0.216151,-0.2409,0.037407,0.302673,-0.343944,-0.1076,0.125643,#
2,0.013206,0.061215,1.0,0.259402,0.32078,-0.299632,-0.045328,-0.079246,-0.127475,-0.036564,-0.156346,0.086534,-0.090239,-0.064853,-0.187414,-0.181929,-0.005606,-0.058126,-0.023246,-0.093137,-0.037985,-0.179868,0.043069,-0.102712,-0.191472,-0.09942,0.211745,-0.232242,-0.111601,0.191785,-0.029245,0.169014,-0.273218,0.000499,-0.070691,-0.044775,0.140995,-0.123404,0.144144,-0.129708,-0.067705,0.06086,-0.013335,-0.03541,-0.071605,-0.13758,-0.075938,0.344024,-0.121423,-0.033517,-0.142615,0.203904,0.071153,0.151903,-0.11509,-0.128328,-0.263395,-0.050781,-0.267017,-0.122057,-0.068171,-0.183505,-0.16836,0.029023,-0.090343,0.022827,-0.108871,-0.045503,-0.010147,0.278472,0.134,0.218768,0.036194,0.103858,-0.126216,0.200769,-0.125601,-0.24525,-0.13164,0.15054,0.063229,0.023076,-0.052492,0.314687,0.020736,-0.00811,-0.047001,0.097786,-0.013849,-0.017904,-0.146073,-0.120786,0.104251,0.06261,-0.153483,0.072013,0.201821,-0.075035,0.121265,-0.071547,-0.016298,-0.080932,-0.018998,0.012485,-0.143402,-0.207321,0.049311,0.124599,-0.097967,0.302637,0.184428,-0.027627,-0.169623,-0.000185,0.309248,0.022108,-0.069761,-0.232911,0.000844,0.010062,-0.154713,-0.086502,0.231114,0.054414,-0.090828,-0.031236,-0.322744,0.044006,0.108343,0.076665,0.339698,-0.156067,-0.326391,0.004247,-0.048895,-0.016095,0.315947,0.183876,0.059231,0.0666,0.180846,0.318746,0.006901,-0.271916,-0.089368,0.329291,-0.009266,0.128198,-0.140461,-0.041174,-0.269424,0.018718,0.220465,-0.171482,-0.140444,-0.171268,-0.024551,0.165456,0.174747,-0.159348,-0.075137,-0.013066,0.250273,-0.049926,0.048496,-0.111566,-0.261645,-0.203413,0.108851,0.044211,0.015681,-0.07113,0.010931,-0.023523,-0.065166,-0.000706,-0.032998,-0.106679,-0.118878,-0.026259,0.111832,-0.288493,-0.041563,0.150999,-0.004811,-0.07641,-0.075348,-0.195327,-0.133021,0.059184,0.301117,0.149824,0.057962,0.121281,0.079852,-0.327882,0.144833,0.144744,0.100515,-0.010335,#
3,-0.285492,-0.198584,0.259402,1.0,-0.086382,-0.250052,-0.279456,-0.315436,-0.265652,-0.05753,0.207457,-0.162205,-0.182615,-0.27969,-0.259697,-0.118919,-0.059651,-0.062434,-0.005908,0.180486,0.111771,-0.281534,-0.138532,0.014152,0.009279,0.078665,-0.021758,-0.045777,-0.194814,-0.214772,0.427991,-0.138008,-0.297074,-0.006353,-0.013665,-0.473437,0.099409,0.184465,0.093861,0.095742,0.13285,0.00232,-0.039551,-0.175874,-0.092053,0.178867,-0.18066,-0.181026,0.331893,-0.272116,-0.075397,0.506644,-0.006529,0.106051,0.071757,0.056167,0.082735,-0.02903,-0.051809,0.056751,-0.130382,-0.038984,0.022319,-0.142293,-0.033501,-0.211003,0.096926,-0.049388,-0.156928,0.296633,0.125548,0.319536,0.255824,0.33751,0.303548,-0.30334,0.111103,-0.006448,0.441134,0.315335,0.173008,0.471472,0.28699,0.090014,0.227789,0.020035,0.11536,0.396901,0.090714,0.326422,0.295436,0.25098,0.344647,-0.124691,0.27147,0.253506,0.094135,0.049584,0.174453,0.35478,0.053301,-0.020969,0.401223,0.023017,0.240869,0.381149,0.168443,0.243777,0.263993,0.261484,-0.11576,-0.127838,0.369562,0.242813,0.11171,0.05758,0.462659,0.186874,0.031942,0.053584,0.3161,0.156737,0.40282,0.103107,0.021183,0.162878,0.007238,0.117644,0.296377,0.159728,0.485558,0.117079,0.084685,-0.047687,0.252791,0.404939,0.009965,0.318566,0.065486,0.285017,0.388261,0.234614,0.145638,0.075677,0.286143,0.446036,0.26221,-0.234756,0.261389,0.319885,0.250575,0.378548,0.167379,0.181455,0.280138,0.026404,-0.277907,-0.262743,0.405326,0.073135,-0.343494,0.100119,-0.054767,-0.013092,-0.043836,-0.131992,0.044713,-0.103876,0.037473,0.201088,-0.170511,-0.106985,0.185382,0.18261,-0.256248,0.150292,0.236571,-0.069168,-0.325855,0.322456,-0.381197,0.002342,-0.086188,-0.12976,-0.141114,-0.010433,-0.074381,0.09739,0.194328,-0.301922,0.140853,-0.165192,-0.325192,-0.076819,-0.031667,-0.29619,-0.324047,0.211439,-0.113879,-0.08325,#
4,0.323351,0.192403,0.32078,-0.086382,1.0,-0.078524,0.30184,-0.084083,0.095063,0.098732,0.104336,0.171891,0.085257,-0.100607,0.262248,-0.184464,0.240292,0.161328,-0.10074,-0.127114,-0.136642,-0.015689,0.00303,-0.122074,-0.285328,-0.132354,0.040694,-0.104137,0.140321,0.243974,-0.1858,-0.067876,-0.050724,-0.122429,-0.200195,0.175575,-0.166299,-0.28693,0.027549,0.260445,-0.174855,0.010028,-0.200152,-0.042771,-0.101479,-0.14076,0.059989,0.28151,-0.160695,0.175316,0.223439,-0.273279,0.031312,-0.048855,0.131855,-0.22615,-0.431494,0.041248,-0.263314,-0.275112,-0.057462,0.118977,0.002495,0.091224,0.019995,0.264892,0.069384,0.024119,0.033622,0.014729,-0.085853,-0.177644,0.033693,-0.219161,-0.191463,0.391334,-0.259769,-0.522361,-0.268306,-0.409933,-0.311529,-0.269049,-0.405681,-0.072913,-0.232072,-0.226138,-0.329306,-0.291627,-0.234544,-0.227177,-0.209052,-0.272899,-0.175461,-0.089775,-0.288457,-0.123763,-0.003542,0.003315,-0.017005,-0.137268,0.063433,-0.270486,-0.168476,-0.110333,-0.256348,-0.342998,-0.345836,-0.091508,-0.311425,0.269507,0.05633,-0.166156,-0.402487,-0.348432,-0.092339,-0.205851,-0.268605,-0.372413,-0.191941,-0.118439,-0.433925,-0.183438,-0.242938,-0.10898,-0.031369,-0.276711,-0.342399,-0.128212,-0.333211,-0.203018,-0.130916,-0.332933,-0.398328,-0.233271,-0.114905,-0.474246,0.307094,-0.189531,-0.169182,-0.103738,-0.111302,0.054552,-0.031057,-0.255334,-0.342281,-0.192543,-0.215929,0.2309,-0.290137,-0.172718,-0.219034,-0.226403,-0.303265,-0.195457,-0.394259,-0.201061,0.277986,0.3143,-0.275071,-0.262738,-0.054374,-0.214752,0.096904,-0.113666,-0.325336,0.242625,-0.02962,0.17919,0.142066,-0.16954,0.210942,-0.095877,-0.268233,-0.254608,0.150259,-0.300566,-0.389323,-0.082615,0.234953,-0.13785,0.221667,0.019582,0.292898,0.268346,0.184696,-0.118249,0.19071,-0.027374,-0.03844,0.260795,0.046755,0.43471,0.183336,0.291588,0.066772,-0.105844,0.161709,-0.237652,-0.487188,0.361423,#
5,0.054776,-0.097454,-0.299632,-0.250052,-0.078524,1.0,0.114797,0.163159,0.147601,0.077431,0.140173,0.042901,-0.072429,0.236862,0.151638,0.064497,0.018307,0.031959,-0.252777,0.190969,-0.178163,0.274596,0.136432,-0.139627,0.165582,-0.241762,0.011009,0.113069,-0.011253,-0.085788,-0.077646,0.24551,-0.077399,-0.178373,-0.165733,-0.057847,-0.289882,0.158099,-0.05973,-0.158732,-0.018808,0.167635,0.09151,0.325222,0.113049,-0.124608,0.063637,0.006525,-0.002421,0.265541,0.049712,0.005749,0.266229,-0.209694,-0.175476,-0.06822,0.113774,-0.087043,0.154936,0.06799,0.138511,0.008282,-0.028938,0.154198,0.124154,0.066113,-0.192966,0.054625,-0.10366,0.126731,0.025777,-0.02493,-0.093093,-0.032383,-0.12481,0.113304,0.044167,0.165912,-0.105573,-0.074868,0.078548,-0.124945,-0.001552,-0.171812,-0.030941,0.134104,-0.104449,-0.296886,0.037845,-0.261501,0.035838,0.105318,-0.059445,0.138727,0.125049,0.100577,0.033109,0.009111,-0.087856,-0.230814,-0.243629,0.046326,0.083235,-0.015064,0.118152,-0.011604,0.100244,-0.280296,-0.085537,-0.23947,0.140892,0.202346,-0.141362,-0.254453,-0.228611,-0.269824,-0.183845,0.114961,-0.116546,-0.070009,-0.037539,-0.071063,0.088102,-0.117367,-0.198869,0.152724,0.063567,0.143682,-0.054065,0.014138,-0.056028,0.061657,-0.051017,0.036706,-0.102022,-0.092561,-0.090579,-0.236082,-0.148442,-0.114766,0.110055,-0.358372,-0.278691,-0.007996,0.022764,8.2e-05,-0.16962,-0.009345,0.208655,-0.166681,-0.040324,-0.007994,-0.070013,0.114436,-0.093738,0.111121,0.142814,0.083207,-0.20102,0.037674,-0.168068,-0.001169,-0.014776,0.050047,0.01826,0.117865,0.191435,0.109574,-0.045672,-0.150567,0.141713,0.053726,-0.094132,0.18385,0.123127,0.005059,0.099748,0.02662,0.23818,-0.042669,0.215244,0.292553,-0.028345,-0.044448,-0.170499,-0.119876,0.075991,0.076904,-0.104064,0.129753,0.004496,-0.224598,0.090579,-0.154647,0.065964,0.076754,0.051458,-0.04176,0.092626,0.176047,#
6,0.126968,0.262047,-0.045328,-0.279456,0.30184,0.114797,1.0,0.298964,0.538582,0.091011,0.017358,-0.091374,0.264368,0.062682,0.34745,-0.145867,-0.211845,0.02181,0.055313,0.09264,0.107197,0.260436,0.135434,-0.161835,-0.078234,-0.174816,0.129706,-0.147013,0.116333,0.209545,-0.436316,-0.036764,0.135024,0.012647,-0.245075,0.002768,0.012004,-0.229778,0.04937,0.155593,0.086514,0.219385,-0.184128,0.021433,-0.100569,-0.069352,0.179136,0.331576,0.070211,0.166662,0.166457,-0.282141,-0.000316,-0.271174,-0.150171,0.119,0.12823,0.138802,-0.05657,0.178496,0.072579,0.072279,-0.227152,0.177877,0.269219,0.321113,-0.002289,-0.018821,0.136882,-0.224511,0.126271,-0.23653,-0.019277,-0.340611,-0.451109,0.454036,-0.079209,-0.237804,-0.227377,-0.119603,-0.233038,-0.367892,-0.189742,-0.280242,-0.438243,0.104574,-0.123875,-0.020544,-0.340634,-0.228835,-0.333983,-0.319823,-0.431241,0.166175,-0.292586,-0.224804,0.005866,-0.015001,0.024782,-0.088381,-0.119027,-0.087474,-0.058077,0.078969,-0.199103,-0.273684,0.037178,-0.153187,-0.234029,-0.288743,0.29676,0.229542,-0.34534,-0.516728,0.084448,-0.054596,-0.187975,-0.167442,-0.029925,-0.336691,-0.183278,-0.239072,-0.199232,-0.390103,-0.099131,0.08587,-0.133599,0.183616,-0.285679,-0.052563,-0.37525,-0.424048,-0.333891,-0.116539,-0.118978,-0.220852,-0.034748,-0.031047,0.020693,-0.411752,-0.284329,-0.091787,-0.214609,-0.119189,-0.139614,-0.293929,-0.283931,0.645069,-0.022764,-0.34716,-0.010044,-0.267939,-0.182935,-0.183736,-0.268626,0.177366,0.332211,0.330462,-0.116566,-0.319789,0.34701,-0.015134,0.186039,-0.084,0.121136,0.366999,-0.014647,-0.052316,-0.208748,0.060179,-0.050137,-0.133455,-0.108568,-0.151871,0.122323,-0.090469,-0.147376,0.292998,0.552586,-0.197044,0.19519,0.332872,-0.033538,-0.104496,0.359844,0.011343,0.213287,-0.041757,-0.379413,0.299124,0.204034,0.174057,0.206848,-0.002037,0.03177,-0.022857,0.229688,-0.148187,-0.11344,-0.070277,#
7,0.130674,0.208562,-0.079246,-0.315436,-0.084083,0.163159,0.298964,1.0,0.278915,-0.034166,-0.223099,0.005661,0.055546,0.13507,0.070732,-0.03498,-0.033647,0.045747,-0.152444,-0.069964,0.064315,0.443078,0.10253,0.258622,-0.117822,-0.04436,0.353779,0.109008,-0.092556,-0.10257,-0.264276,0.351319,0.082832,-0.051456,-0.120646,0.007024,0.032622,-0.441178,0.185889,-0.087987,0.048405,0.110915,0.035062,0.128663,-0.113568,0.054451,0.097302,0.242571,-0.129834,0.098297,0.003947,-0.203165,0.154687,-0.105985,-0.339056,-0.036327,0.214849,-0.061507,0.183779,0.166367,0.049957,0.076342,-0.2314,0.257876,0.215206,0.244916,-0.149859,0.111757,0.197434,-0.227897,0.107659,0.080282,-0.310843,0.087776,-0.290714,0.180558,-0.112621,0.000253,-0.359961,0.038395,0.001362,-0.118941,0.083819,-0.117115,-0.078486,0.291703,0.147638,-0.021301,-0.061712,-0.202624,-0.128291,-0.135451,-0.148619,0.157868,-0.21348,0.002392,0.037991,0.023852,-0.091231,-0.24663,-0.121083,-0.139221,0.021949,0.105516,-0.149618,-0.260513,0.053465,-0.167319,-0.167645,-0.371181,0.157516,0.164509,-0.298604,-0.122208,0.133473,-0.022454,-0.206015,0.050445,-0.155913,-0.081026,-0.112943,-0.210157,0.041097,-0.288691,-0.008749,0.009455,-0.011636,-0.152949,-0.059465,0.001225,-0.372151,-0.139876,0.135594,-0.127357,0.16693,0.061485,0.124932,-0.07862,0.064541,-0.36096,-0.269817,-0.10939,-0.196276,0.133179,-0.03691,-0.165642,-0.317875,0.242754,-0.129996,-0.003129,-0.117208,-0.074925,-0.085078,-0.100081,0.128355,0.099778,0.218982,-0.006966,-0.238326,0.05258,0.191145,0.038206,-0.004751,-0.008843,0.259748,0.209125,-0.038486,-0.161821,-0.23298,-0.022735,-0.02642,0.011256,-0.282456,-0.122131,0.060104,-0.02157,-0.002591,0.020468,0.184865,-0.3145,0.077417,0.108179,0.103857,-0.013707,-0.019898,0.054666,-0.019791,-0.177083,-0.121173,0.147583,0.215271,0.107504,0.166878,-0.238187,0.000424,0.21145,0.024263,-0.279697,-0.057962,-0.000445,#
8,0.210341,0.206132,-0.127475,-0.265652,0.095063,0.147601,0.538582,0.278915,1.0,0.203275,-0.087235,-0.158535,0.345273,0.198283,0.260377,-0.217964,-0.31925,0.212328,0.272262,0.007181,0.145178,0.138131,0.287652,0.023791,0.16992,-0.288938,0.258676,0.077557,0.332188,0.207058,-0.278029,0.047171,0.187715,-0.059662,-0.304336,0.010462,0.114906,-0.216035,-0.070695,-0.004702,0.221003,-0.015303,-0.143113,0.05364,0.073826,-0.274226,0.367804,0.258507,0.03871,0.081016,-0.054185,-0.21346,0.019482,0.004975,-0.200425,-0.116596,0.153448,-0.087871,0.238692,0.00394,0.163578,-0.091011,-0.14924,0.195718,0.146886,0.345859,0.053678,0.071685,0.271941,-0.167723,0.161847,-0.116421,-0.081172,-0.106468,-0.24487,0.257023,-0.050691,-0.20488,-0.155154,-0.224852,-0.013725,-0.400532,-0.138091,-0.211489,-0.275413,0.208046,-0.000804,-0.099365,-0.135961,-0.187418,-0.219071,-0.139404,-0.613879,0.446546,-0.121305,-0.029917,0.180816,-0.09433,0.187446,-0.104036,-0.147912,-0.027202,0.045352,0.083807,-0.046618,-0.194515,-0.144427,-0.052085,-0.177134,-0.24251,0.390656,0.290278,-0.202036,-0.295372,0.040431,-0.219932,-0.153565,-0.027108,0.109743,-0.217313,-0.198797,-0.282076,0.032813,-0.437155,0.011414,0.14995,-0.048574,0.172056,-0.158101,-0.099157,-0.262797,-0.310569,-0.128124,-0.015603,-0.059253,-0.02273,-0.162555,-0.063379,0.11591,-0.161434,-0.142301,-0.128194,-0.356963,-0.212453,-0.168713,-0.057994,-0.176626,0.345903,-0.023235,-0.211141,0.052462,-0.277327,-0.018891,-0.239134,-0.099406,0.062571,0.456558,0.486348,0.026143,-0.151298,0.166992,-0.022525,0.174336,-0.034002,0.145767,0.325358,0.031351,-0.051194,-0.38483,0.071497,-0.273652,0.173946,-0.140058,-0.254612,0.194179,-0.106026,-0.183794,0.208158,0.439797,-0.329368,0.22102,0.160737,-0.089736,-0.162124,0.147134,0.098129,0.241869,-0.009688,-0.445348,0.151622,0.234229,-0.058456,0.203279,-0.134657,-0.013092,0.049971,0.200988,-0.215905,0.081075,-0.032258,#
9,0.206399,0.395874,-0.036564,-0.05753,0.098732,0.077431,0.091011,-0.034166,0.203275,1.0,0.049101,-0.223442,0.28177,0.090447,0.205145,-0.057111,-0.226684,0.19131,0.137973,-0.224251,-0.109114,0.162959,0.272194,0.064917,-0.182681,0.025472,0.102433,-0.031408,0.027947,0.340268,-0.147258,0.142218,0.119941,0.250975,-0.343577,-0.034309,-0.052571,-0.177899,0.069621,-0.058641,-0.142417,0.184422,0.182068,0.1774,0.143095,-0.364248,0.146602,0.151813,-0.234326,0.161697,-0.060069,-0.061318,0.093792,-0.079251,0.026063,-0.265313,-0.031718,0.053403,-0.191679,-0.011141,0.258155,-0.035347,-0.400312,0.127292,0.055017,0.16172,-0.082331,0.156867,0.08444,-0.197518,-0.068338,-0.219729,7.4e-05,-0.302351,-0.071005,0.172217,-0.22669,-0.384259,-0.123216,-0.141193,-0.145143,-0.160244,-0.222224,0.006086,-0.125149,-0.035295,-0.336351,-0.320958,-0.207643,-0.162795,-0.146156,-0.143706,-0.353292,-0.054994,-0.137397,-0.05292,-0.013116,-0.02375,0.061097,-0.264652,-0.071125,-0.359138,-0.252578,-0.141905,-0.273538,-0.07551,-0.33954,-0.169054,-0.311111,-0.232635,0.127281,0.276163,-0.064905,-0.356496,-0.344142,-0.123225,-0.19037,-0.305254,0.230765,-0.485385,-0.213471,-0.161719,0.006653,-0.276111,-0.167601,0.190861,-0.19853,-0.22633,-0.256256,-0.050135,-0.044815,-0.315848,-0.153273,0.270489,-0.299789,-0.014425,0.110123,-0.134953,0.199435,-0.385772,-0.175024,0.007842,-0.403569,-0.121876,-0.13128,-0.192555,0.047149,0.248386,-0.316052,-0.051811,-0.430913,-0.167065,0.026858,-0.076159,-0.165186,-0.116641,0.20507,0.471575,-0.264991,-0.147992,-0.234368,-0.079461,-0.013044,-0.009537,-0.125546,0.308559,-0.313572,-0.101475,-0.006851,-0.027616,0.068551,0.118241,0.009137,-0.224267,0.331856,-0.238008,-0.14892,0.099402,-0.035078,0.056915,0.050274,0.217853,-0.28587,0.079142,-0.07013,0.066533,0.193148,-0.276509,-0.064876,0.409421,-0.046162,0.167358,-0.047719,0.135631,0.039567,-0.136643,0.073108,-0.198828,0.100784,-0.073577,#
10,-0.155208,-0.228899,-0.156346,0.207457,0.104336,0.140173,0.017358,-0.223099,-0.087235,0.049101,1.0,-0.065314,-0.327104,-0.098375,0.060594,0.267072,0.004217,-0.094216,-0.052417,-0.062856,-0.216367,0.010802,0.012039,0.003131,0.14324,0.187036,-0.014024,0.072577,0.021384,-0.288043,0.20745,-0.052899,-0.037495,0.054468,0.172785,-0.000692,-0.085232,0.078783,0.020336,0.181052,-0.133666,-0.088035,-0.059385,0.118903,0.04839,0.078327,-0.200731,-0.164276,0.180153,-0.07025,-0.026407,0.128977,-0.030086,-0.189724,-0.019602,0.206559,-0.058352,0.134155,-0.033188,-0.039109,0.039177,0.023821,0.077943,-0.127077,-0.072054,-0.292029,-0.04951,-0.325724,-0.31994,0.237503,-0.117038,-0.063349,0.18183,0.171903,0.131877,0.077811,-0.094466,0.005306,0.067422,-0.050922,-0.269051,0.0588,0.24974,-0.2787,0.007219,-0.076276,0.053204,0.052905,-0.2124,-0.044009,-0.053117,-0.127791,0.03334,-0.176038,0.049704,0.075291,-0.202224,0.101574,-0.078422,0.026744,0.082237,0.078059,0.210529,-0.141649,0.036489,-0.045568,0.026685,-0.106491,0.167105,0.160008,-0.25186,-0.075257,0.047499,-0.114332,-0.138634,-0.099775,0.149271,-0.050944,-0.019454,0.187683,0.282502,0.015503,0.109032,0.019982,-0.061649,-0.080212,-0.098317,0.202663,-0.105964,-0.153829,0.146071,0.054698,-0.122374,-0.09519,0.00189,0.227196,-0.044649,-0.081808,-0.075262,0.020786,-0.105403,-0.071034,0.211984,-0.061254,-0.134503,-0.042989,-0.040072,-0.23782,0.147731,0.156588,0.169335,0.216295,-0.355419,0.017487,0.108262,-0.02001,-0.213621,-0.120614,0.02073,0.063645,-0.174646,0.033516,-0.003474,-0.256878,-0.320192,-0.054095,0.076101,0.234833,0.256961,-0.113608,0.046393,-0.114794,-0.191074,0.045225,-0.050362,0.052087,-0.003276,0.003887,0.009354,0.219751,0.063381,0.227163,0.019008,0.139259,-0.181321,-0.143084,-0.096526,-0.14332,0.120828,-0.221783,-0.323696,-0.099053,-0.07904,-0.08197,0.034239,-0.243226,0.103634,0.089766,-0.234314,-0.016039,#
11,0.03363,-0.085168,0.086534,-0.162205,0.171891,0.042901,-0.091374,0.005661,-0.158535,-0.223442,-0.065314,1.0,-0.18082,-0.147215,-0.030731,0.197334,0.065036,-0.103455,-0.309221,0.003795,-0.37679,0.110113,-0.143681,-0.130192,-0.036008,0.074098,-0.148592,-0.215193,0.001084,0.040205,-0.224387,0.104554,-0.029474,0.056163,0.186966,0.05806,-0.450236,0.101277,-0.218206,0.110315,-0.063655,0.112131,-0.123724,-0.319982,-0.077931,-0.071484,-0.185825,-0.06004,-0.173918,0.124732,-0.226148,-0.024072,-0.088258,0.030947,0.101034,-0.068467,-0.17239,-0.112719,-0.041815,0.026219,-0.154525,0.035889,0.055533,-0.258301,0.174581,-0.264095,-0.12333,-0.131005,-0.160925,0.187601,0.081853,-0.0898,0.128913,0.013037,-0.312505,-0.067371,-0.229897,-0.098646,-0.071939,0.036556,0.213538,-0.234842,-0.157417,-0.106658,-0.02109,0.060622,0.016602,-0.085523,-0.032002,-0.122275,0.162906,-0.047121,0.074286,-0.103772,-0.086968,0.047969,-0.04331,-0.033303,-0.14593,0.058314,0.008979,0.008228,-0.04732,-0.003211,-0.238853,-0.132939,0.163739,-0.020221,-0.039855,0.183308,-0.207969,-0.066342,-0.354676,0.153077,-0.076654,-0.311116,-0.014747,0.151524,-0.29941,0.254933,0.00912,-0.137976,-0.123119,0.214643,-0.036631,-0.073765,0.022577,-0.128319,-0.061606,0.198804,-0.09205,0.076541,-0.097074,-0.108355,-0.063816,-0.128428,0.029348,-0.24133,-0.119917,-0.031621,0.24644,0.005374,0.100286,-0.031044,-0.288446,-0.101279,0.047355,-0.163086,-0.150935,0.086675,-0.009343,-0.17754,-0.044773,-0.019582,-0.167922,0.004775,-0.148586,-0.139211,-0.030773,0.117708,0.038468,-0.206486,-0.06436,-0.076249,-0.1564,-0.123175,0.155523,0.161682,0.164497,-0.089379,0.222877,-0.011749,-0.105741,0.207808,0.096248,-0.115046,-0.366402,-0.119931,-0.12531,-0.063464,0.17376,-0.236448,0.196706,0.249792,0.119556,-0.078488,0.047468,0.065528,0.062697,-0.191924,-0.152583,0.055218,0.033959,0.001757,-0.055088,0.108419,0.148516,0.014877,-0.038483,-0.018274,#
12,0.351611,0.305993,-0.090239,-0.182615,0.085257,-0.072429,0.264368,0.055546,0.345273,0.28177,-0.327104,-0.18082,1.0,0.371951,0.213339,-0.321906,-0.253436,0.276417,0.074057,0.196132,0.137867,0.160176,0.401898,-0.059755,-0.20069,-0.167896,0.156972,-0.188101,0.251581,0.251307,-0.405991,0.016751,0.223374,-0.134633,-0.110152,-0.094459,0.131223,-0.096061,-0.007247,-0.348604,0.224773,0.423575,0.054514,-0.044574,0.068797,-0.383754,0.547306,0.332151,-0.184648,-0.033087,0.160911,-0.093076,0.149398,-0.005027,-0.229805,0.058019,0.207442,-0.136451,0.010204,0.044172,0.206724,0.126264,-0.060668,-0.006391,0.176105,0.400279,0.03758,0.314213,0.34035,-0.228499,0.259244,0.08117,-0.085054,-0.143566,-0.240516,0.217322,0.092233,-0.188476,-0.10606,-0.169169,-0.010463,-0.318953,-0.28438,-0.074055,-0.070599,0.18053,-0.227085,0.109231,0.085191,-0.164391,-0.276568,-0.02439,-0.372251,0.231225,-0.135869,0.028893,0.353511,-0.045358,0.074297,-0.274994,0.196108,-0.084916,-0.107318,-0.103297,-0.14907,0.061198,-0.225986,-0.145934,-0.417859,-0.148142,0.403607,-0.104781,-0.070937,-0.273857,-0.101248,-0.022828,-0.435015,-0.029718,0.118815,-0.478947,-0.096889,-0.406866,-0.000478,-0.34544,0.042009,0.275552,-0.291274,0.018831,0.070206,0.11584,-0.209503,-0.181819,-0.207208,0.089551,-0.235663,-0.048489,-0.078825,-0.037145,0.183045,-0.069516,-0.163387,-0.238598,-0.191372,-0.217185,-0.013351,-0.093629,-0.250245,0.256561,-0.101662,-0.193342,-0.259655,-0.432152,0.192524,-0.171196,-0.150281,0.203021,0.539279,0.417891,0.040904,-0.191445,0.003686,-0.161035,-0.018807,0.228966,0.103147,0.228965,0.108092,-0.069932,-0.175878,0.00719,-0.128857,0.060136,0.058846,-0.200391,0.333298,-0.077778,0.016311,0.16019,0.304686,-0.283446,0.138689,0.042886,-0.274014,-0.347234,0.192175,0.039601,0.437245,0.028755,-0.470669,0.393433,0.287579,0.054929,-0.028206,-0.043913,0.025617,0.03603,0.104836,-0.115614,0.153577,0.010199,#
13,0.33939,0.286591,-0.064853,-0.27969,-0.100607,0.236862,0.062682,0.13507,0.198283,0.090447,-0.098375,-0.147215,0.371951,1.0,0.127439,-0.079659,-0.251189,0.112323,0.098218,0.048752,0.003286,0.17782,0.590497,0.006195,-0.179126,-0.318215,0.349635,0.087689,0.329048,0.23228,-0.271069,0.134974,0.207208,-0.174454,0.004372,0.12741,-0.04619,0.024627,0.007412,-0.357563,0.00097,0.225773,0.170249,0.308986,-0.04191,-0.529824,0.328541,0.292236,-0.115097,0.236499,0.220254,-0.003596,0.085241,0.075584,-0.191116,-0.073179,0.09866,-0.10779,0.231166,0.102239,0.334465,0.132123,-0.197778,0.059847,0.17566,0.35422,-0.071712,0.527556,0.301604,-0.059331,-0.018265,-0.103814,0.029352,-0.220968,-0.29214,0.26572,-0.037307,0.00853,-0.336943,-0.122568,-0.32281,-0.276135,-0.157108,0.151686,-0.135596,-0.11881,-0.018943,-0.047813,0.035335,-0.372946,-0.252696,-0.169614,-0.273626,0.26342,-0.017691,-0.111791,0.135559,-0.102939,-0.135672,-0.42246,-0.067003,-0.05057,-0.156892,-0.210776,-0.09798,-0.052136,-0.199013,-0.430109,-0.314438,0.036026,0.345125,0.188832,-0.131349,-0.137447,-0.093652,-0.125405,-0.38205,-0.188417,0.045758,-0.212871,-0.069895,-0.402116,-0.066133,-0.193141,0.017437,0.126321,-0.300573,-0.05724,0.029721,-0.118276,-0.268735,0.046012,-0.324641,0.254709,-0.314123,-0.181521,-0.061274,-0.332276,0.231568,-0.146271,-0.220456,-0.274184,-0.316803,-0.247602,-0.144413,0.011677,-0.281324,0.096189,0.012224,-0.220583,-0.185749,-0.327784,-0.035133,-0.2848,-0.209183,0.074958,0.39631,0.35953,-0.141204,-0.116247,-0.103318,-0.252224,0.031247,0.250249,0.024621,0.105241,0.058748,0.105055,-0.104988,-0.125509,-0.060638,0.139493,-0.081208,-0.358511,0.320555,-0.066868,-0.023798,-0.010681,0.423149,-0.347561,0.253312,-0.094647,-0.285861,0.03855,0.201156,0.102733,0.015283,-0.325185,-0.168558,0.465122,0.053806,0.042351,0.274661,0.123581,0.0691,0.111728,0.483423,-0.193563,0.081175,-0.016796,#
14,0.044491,0.347495,-0.187414,-0.259697,0.262248,0.151638,0.34745,0.070732,0.260377,0.205145,0.060594,-0.030731,0.213339,0.127439,1.0,-0.207447,-0.132542,-0.045346,-0.032239,0.065185,0.077173,0.088613,0.209806,0.04117,-0.082777,-0.039164,0.075621,0.312787,0.378214,0.131106,-0.296778,0.113541,0.271548,-0.048942,-0.240141,0.181922,-0.227723,-0.137907,0.19079,0.210177,-0.288104,0.272642,-0.211394,0.238673,0.154279,-0.084036,0.23785,-0.027619,0.024312,0.363171,0.00428,-0.165672,-0.07893,-0.138166,0.007604,-0.086759,-0.16493,0.038695,-0.067553,0.143009,0.012523,0.319177,-0.23015,0.271945,0.116448,0.170897,-0.05484,0.046311,-0.053856,-0.373619,-0.103716,-0.260826,0.129633,-0.200142,-0.392063,0.128282,-0.055867,-0.258852,-0.322251,-0.377283,-0.260052,-0.310225,-0.307278,-0.169629,-0.447192,-0.028128,-0.153747,-0.203912,-0.487193,-0.26214,-0.187718,-0.144776,-0.378045,0.028202,-0.177757,-0.096867,-0.064463,-0.033665,-0.055726,-0.261554,0.140762,-0.215377,-0.306002,-0.222088,-0.207104,-0.13642,-0.413731,-0.104482,-0.254466,-0.191615,-0.028781,0.098563,-0.357426,-0.302169,-0.382494,-0.150032,-0.216142,-0.347224,-0.240274,-0.257932,-0.310659,-0.163739,-0.302608,-0.146237,0.076037,-0.269816,-0.199317,-0.173199,-0.366764,-0.256567,-0.265113,-0.380368,-0.269438,0.090717,-0.302539,-0.110672,-0.003136,-0.295148,0.090094,-0.081312,-0.22321,-0.338276,-0.2296,-0.108473,-0.149124,-0.326393,-0.154162,0.099943,-0.203125,-0.223778,-0.186295,-0.213019,-0.186351,0.017923,-0.287059,0.110647,0.364855,0.277939,-0.257927,0.082007,0.039411,-0.064023,-0.005002,-0.081041,-0.191468,0.361819,-0.05983,0.12212,0.007141,-0.195843,0.337965,0.044628,-0.061603,-0.338186,0.494439,-0.190342,-0.266779,0.119742,0.398281,-0.174806,0.177468,0.314672,0.175981,0.070412,0.20464,-0.142183,0.129866,-0.077925,-0.179671,0.214213,-0.095973,0.414263,0.05915,0.019157,-0.240468,-0.106897,-0.002782,-0.206227,-0.069402,0.153026,#
15,-0.143461,-0.116664,-0.181929,-0.118919,-0.184464,0.064497,-0.145867,-0.03498,-0.217964,-0.057111,0.267072,0.197334,-0.321906,-0.079659,-0.207447,1.0,0.095101,-0.301116,0.211623,-0.130544,-0.19981,0.186684,-0.283634,-0.017793,-0.052928,0.032533,-0.098118,0.013164,0.020747,-0.200187,-0.074422,0.094907,-0.036891,0.056018,0.303803,0.253978,-0.121786,0.201533,-0.178687,0.144741,0.044267,-0.306223,0.077874,0.043777,-0.049469,0.09899,-0.500775,-0.22709,0.036906,0.170374,0.10963,0.083087,-0.1216,0.165633,-0.112505,0.205438,0.070453,-0.077964,0.119433,-0.038621,0.059382,0.042903,0.153833,-0.035585,0.091346,-0.33214,-0.215992,-0.109844,0.019437,0.213863,-0.092364,-0.051895,0.252866,0.007562,0.15109,-0.010509,-0.150779,0.008247,0.085342,0.03284,-0.091308,-0.096571,0.18416,-0.102294,0.193248,-0.054836,0.13274,-0.284922,-0.017231,0.132324,0.229879,-0.125704,0.123387,-0.354415,-0.025881,0.095975,-0.103575,-0.158066,-0.345379,-0.070587,0.082924,0.081056,-0.062993,0.013561,0.114485,-0.106031,0.129583,-0.123851,-0.0114,-0.034564,-0.240741,-0.074846,0.065514,0.146762,-0.158399,-0.089709,0.14092,0.136885,-0.134011,0.359247,0.124491,0.236284,-0.06252,0.017576,0.009625,-0.067857,0.188025,0.010095,0.06419,-0.062834,-0.106461,0.13818,0.070333,0.003609,-0.082234,0.065893,-0.209953,-0.158937,-0.259617,-0.073537,-0.107979,0.139676,-0.057112,0.258571,-0.195549,-0.037359,-0.13006,-0.307917,-0.130051,-0.101773,0.036463,0.126408,-0.179781,0.123234,0.025691,-0.002312,-0.438862,-0.0963,-0.065035,0.068239,-0.027474,-0.057259,-0.20862,-0.138556,-0.296077,-0.138331,0.077352,0.112917,0.086958,0.096821,-0.035911,0.061686,-0.172833,0.155998,-0.035091,-0.021169,-0.067353,0.017715,-0.244182,0.227223,0.088375,-0.009722,0.219229,0.151308,-0.194605,-0.050908,-0.200247,-0.114029,0.226789,-0.208208,-0.320421,-0.17784,-0.067397,0.077391,-0.001641,0.205392,0.204406,0.186082,-0.110802,-0.131052,#
16,0.185973,-0.082432,-0.005606,-0.059651,0.240292,0.018307,-0.211845,-0.033647,-0.31925,-0.226684,0.004217,0.065036,-0.253436,-0.251189,-0.132542,0.095101,1.0,-0.06066,-0.151467,-0.350767,-0.165286,-0.193151,-0.448582,-0.034477,-0.119972,0.056132,-0.33857,-0.018766,-0.192022,-0.052295,0.115351,-0.112561,-0.131171,-0.285422,0.193406,0.156108,-0.146139,0.02613,-0.087314,0.159988,-0.159154,-0.402866,-0.09776,0.127117,0.007991,0.184189,-0.353514,-0.3917,-0.124287,-0.135679,0.062518,-0.131758,-0.014425,0.011698,0.220991,-0.070746,-0.311891,0.087041,-0.084598,0.045204,-0.223355,-0.066362,0.124866,0.022435,0.057208,-0.09937,0.189813,-0.159162,-0.2248,-0.028434,-0.372316,0.122107,0.052415,-0.065614,-0.000247,0.100367,0.076643,0.039259,0.033427,-0.02897,-0.253324,0.081091,-0.061459,0.081227,0.049256,-0.23081,-0.2558,-0.266544,0.133631,-0.099757,-0.08659,-0.268486,0.299659,-0.453963,0.016942,-0.267898,-0.13632,-0.12275,-0.336826,0.059196,0.202998,-0.26711,-0.027459,0.02018,-0.035725,-0.18895,0.013455,0.077759,-0.062948,0.262361,-0.276594,-0.080606,-0.076336,-0.034482,-0.184432,0.111988,-0.015722,-0.181577,-0.328105,0.39089,-0.325692,0.263216,-0.390257,0.272057,0.097104,-0.225055,-0.008896,-0.062105,-0.171479,-0.006707,-0.094707,0.221635,-0.091915,-0.197106,-0.076546,-0.224172,0.29424,-0.264488,-0.652454,-0.015365,-0.112712,0.148727,0.020743,-0.091344,-0.07666,-0.1264,-0.057145,-0.075305,-0.063062,0.003785,-0.042685,0.163216,-0.184843,-0.004373,-0.196809,-0.427753,-0.262223,-0.16369,-0.204167,-0.073571,-0.06055,0.004491,-0.010559,-0.365378,-0.170845,-0.081289,0.046128,-0.140386,0.091266,-0.167604,0.325101,-0.167458,-0.28749,0.105077,-0.157385,-0.163667,-0.078928,-0.104286,-0.169203,0.150636,0.036824,0.047889,0.553678,0.052974,0.036996,-0.119361,0.032832,0.192468,0.400497,0.009852,-0.119578,0.145901,0.184231,0.252047,-0.169348,0.439035,-0.168379,-0.03931,-0.440584,0.214841,#
17,0.251628,0.340076,-0.058126,-0.062434,0.161328,0.031959,0.02181,0.045747,0.212328,0.19131,-0.094216,-0.103455,0.276417,0.112323,-0.045346,-0.301116,-0.06066,1.0,0.227399,0.028067,0.3311,0.029029,0.304509,-0.192178,0.10947,-0.08405,0.130278,0.080751,0.009271,0.153596,-0.194201,0.032714,0.169053,0.07535,-0.017728,-0.129132,0.084741,-0.173249,0.032149,-0.19176,0.028623,0.149102,0.251489,-0.084455,-0.156993,-0.254605,0.310895,0.239307,0.027233,-0.166849,0.319337,-0.024924,-0.162466,-0.069495,0.177334,-0.164172,-0.066809,-0.1532,0.026118,-0.061627,0.008303,0.180302,-0.201665,0.008652,-0.062357,0.294925,0.123466,0.28132,0.268448,0.240395,0.040131,0.081486,-0.35478,-0.017239,0.056913,0.142066,-0.172755,-0.127198,-0.025142,-0.376461,0.09726,-0.158284,-0.175395,-0.080845,-0.125437,0.219057,-0.240274,0.126712,0.201412,0.002152,0.00206,-0.078387,-0.166788,0.31579,-0.085499,0.073715,0.236122,-0.143111,-7.9e-05,-0.383234,-0.256703,-0.289086,-0.205451,0.028714,-0.154299,-0.06451,-0.205543,-0.225647,-0.367355,-0.075616,0.358339,-0.035,0.157841,-0.185913,0.077739,-0.147659,-0.492903,-0.073044,0.383208,-0.393719,-0.199498,-0.146995,-0.08128,-0.347171,-0.158411,0.1887,0.053547,0.027815,0.038243,-0.242051,0.132234,-0.154064,0.061774,-0.03875,-0.048681,-0.05068,0.045527,-0.069718,0.240308,-0.064291,-0.074697,-0.005843,-0.165207,-0.192479,-0.07046,0.130054,-0.062424,0.277726,-0.077194,-0.203908,-0.264701,-0.081866,0.109179,-0.124738,-0.220016,-0.061473,0.427171,0.330461,-0.281579,-0.117352,-0.114334,0.139471,0.184984,0.321118,-0.160995,0.496672,-0.089374,-0.050206,-0.22743,0.027399,-0.162263,0.158568,-0.069344,-0.155965,-0.013761,-0.199773,0.075969,0.12885,0.278235,-0.206013,-0.012041,0.059896,-0.289633,-0.148146,0.054403,-0.076419,0.158363,0.217218,-0.483832,0.322453,0.048056,0.08343,0.010972,-0.020319,-0.042598,-0.067725,0.01226,-0.217206,0.15307,0.08057,#
18,0.136998,0.314169,-0.023246,-0.005908,-0.10074,-0.252777,0.055313,-0.152444,0.272262,0.137973,-0.052417,-0.309221,0.074057,0.098218,-0.032239,0.211623,-0.151467,0.227399,1.0,-0.190552,0.408551,-0.271351,-0.035651,0.004357,-0.07575,-0.156042,0.144118,0.148129,0.151036,0.163075,-0.091429,-0.091175,0.236495,-0.082036,0.027431,0.066889,0.135113,0.139085,-0.262647,0.000886,0.096961,-0.383235,0.015047,0.030202,-0.037185,-0.16171,0.08461,-0.009908,0.207393,0.040918,0.06328,0.111373,-0.157754,0.117542,0.106662,-0.015001,-0.057731,-0.030482,0.048856,-0.235947,0.011945,0.148034,-0.031948,0.06953,-0.088444,0.093182,0.047593,0.007297,0.005336,0.007508,-0.200557,-0.167305,-0.047465,-0.029234,0.116832,0.046199,-0.163017,-0.04625,0.094181,-0.190729,-0.215662,-0.052883,0.047886,0.216966,-0.00437,0.040781,0.021203,-0.013317,-0.04657,0.224335,0.170633,-0.150635,-0.278022,-0.142602,-0.113973,0.041432,0.045988,-0.147032,-0.040685,-0.074185,-0.104281,-0.16976,-0.233778,-0.086394,-0.145902,0.084017,-0.300854,0.007306,-0.149905,-0.004934,0.196258,0.013756,0.2399,-0.174929,0.072343,-0.160982,0.079648,0.077362,0.266714,-0.134668,-0.075101,0.265147,-0.098573,-0.195039,-0.090954,0.083466,-0.02977,-0.0227,0.17736,-0.210619,0.038861,-0.080383,0.066166,0.059187,-0.052731,0.062734,-0.193262,-0.062752,-0.013467,-0.012313,-0.139748,-0.034574,-0.313253,0.006598,0.08795,0.082891,0.05468,0.158233,-0.081234,-0.063665,-0.017729,-0.04892,0.211962,0.094272,-0.01951,-0.066753,-0.042349,0.221393,0.014396,0.086204,-0.08854,0.020278,0.0174,0.057352,-0.04943,0.024104,0.001725,0.016381,0.03391,0.139562,-0.266105,0.104836,0.078885,0.010529,0.069995,0.160236,0.098478,0.1505,0.080677,-0.143438,-0.068699,0.041001,-0.048433,-0.207428,0.164642,-0.070601,-0.107804,0.072148,-0.116876,0.121711,0.054543,-0.073941,0.186315,0.196057,-0.151448,-0.152967,0.121543,-0.143293,-0.064013,-0.106305,#
19,-0.243692,-0.149144,-0.093137,0.180486,-0.127114,0.190969,0.09264,-0.069964,0.007181,-0.224251,-0.062856,0.003795,0.196132,0.048752,0.065185,-0.130544,-0.350767,0.028067,-0.190552,1.0,0.111692,0.253303,0.158506,-0.174701,0.077975,-0.167427,0.192178,-0.09631,-0.165746,-0.212345,-0.031618,0.123778,0.158453,-0.013722,-0.052376,-0.273284,0.022863,0.137693,-0.06287,-0.047349,0.356551,0.425038,-0.068526,-0.241883,-0.012343,0.063356,0.236029,0.303152,0.256395,-0.000832,0.158648,0.083277,-0.016566,-0.017632,-0.14852,0.35206,0.210416,-0.222969,0.261804,0.01208,0.04284,-0.145273,0.11864,0.070279,-0.043041,0.155005,0.152812,0.156967,0.063847,0.157035,0.347193,0.07678,0.101387,0.205171,0.169149,-0.287875,0.330126,0.137934,0.277265,0.064006,0.375123,0.181042,0.144445,-0.371604,0.255334,0.180385,0.163998,0.421341,0.190677,0.090899,0.258332,0.235941,0.087345,0.322219,0.153912,0.254531,0.337,0.164372,0.016314,0.071478,0.024825,0.35002,0.137925,0.128209,0.223855,0.294853,0.224355,-0.169449,0.192769,-0.074439,0.337647,-0.271265,0.161413,0.133358,0.135881,0.044639,-0.034604,0.330619,0.103626,-0.058063,0.292964,-0.055704,0.38018,-0.138234,0.13,0.194908,0.035862,0.14877,0.209303,0.27166,-0.003751,0.200886,0.075801,-0.109992,0.195813,0.157409,-0.239821,0.209451,0.140316,0.280056,0.355419,-0.156393,0.044263,0.102598,0.06289,0.117043,-0.085196,-0.102994,0.312365,-0.101687,0.196366,0.04439,0.181156,0.286199,0.283273,0.439945,0.059622,-0.177104,0.468923,-0.059375,-0.041144,-0.013986,-0.131854,0.357535,0.148092,0.068311,0.278516,0.22127,-0.230313,0.184065,-0.339954,-0.047973,0.282024,0.174195,-0.042581,0.228641,0.339938,-0.130441,0.002193,0.056847,-0.106004,0.035564,-0.145826,-0.086745,-0.168313,-0.029797,0.079381,0.110565,-0.319265,-0.188055,0.125993,-0.189738,-0.244788,-0.249221,0.034339,-0.327751,-0.121484,0.170979,0.137982,0.04461,#
20,-0.130614,0.141325,-0.037985,0.111771,-0.136642,-0.178163,0.107197,0.064315,0.145178,-0.109114,-0.216367,-0.37679,0.137867,0.003286,0.077173,-0.19981,-0.165286,0.3311,0.408551,0.111692,1.0,-0.094686,0.008789,0.012712,0.166884,0.078126,-0.058726,-0.030234,-0.040708,0.065157,0.093807,-0.189995,0.187543,0.069506,-0.053328,-0.061805,0.191271,-0.158787,0.012351,-0.098104,-0.002358,-0.051905,0.0381,-0.156807,-0.012117,0.143744,0.237983,0.01931,0.159221,-0.010051,0.084607,0.01779,-0.225353,0.245616,-0.051981,0.141939,-0.046546,0.023134,0.055724,-0.019503,0.153852,0.14578,-0.131173,0.010394,-0.173384,0.081473,-0.111679,0.220411,0.081687,-0.141794,-0.122805,0.155493,-0.12267,0.183462,0.196057,-0.074538,0.131343,0.055906,0.014104,-0.180732,0.11673,0.017333,0.114662,-0.059331,-0.05512,-0.056685,0.097719,0.252692,0.108512,0.166078,0.204588,0.046731,0.004685,0.154111,-0.229069,0.088225,0.23036,-0.106746,0.034053,0.071842,-0.064476,-0.007122,-0.069598,-0.043465,-0.093103,0.063316,-0.115727,0.071818,-0.053147,-0.18832,0.226091,-0.195086,0.151312,-0.023353,0.274879,0.211774,0.065839,0.128018,0.192985,-0.021257,0.049989,0.34645,0.078112,-0.114665,0.104563,-0.030375,-0.031929,-0.00778,0.111609,0.087349,0.193345,-0.163464,0.225713,-0.0092,0.175598,0.159112,-0.172472,0.099962,0.153713,0.247261,-0.040491,-0.059165,0.10138,-0.050537,0.323096,0.086561,0.203291,0.248612,0.083125,-0.107237,-0.089135,0.159138,0.354878,-0.005944,0.110152,0.132066,0.160496,0.036803,0.142649,-0.094178,0.012548,0.091363,0.036602,0.097202,0.175683,0.331467,-0.064168,-0.069771,-0.138244,0.22148,-0.219263,0.210889,0.153835,0.059323,-0.156615,0.077184,0.108696,0.143943,0.137296,-0.087729,-0.047841,0.035537,-0.021261,-0.009924,0.145925,0.025127,-0.051377,0.283588,-0.114969,0.002211,0.123591,0.126649,-0.18049,-0.107395,-0.15687,-0.032667,-0.041874,-0.047689,0.225889,-0.056739,#
