0,1.0,0.324392,0.011009,-0.279693,0.389588,-0.09343,0.239774,0.05073,0.27045,0.16565,-0.047176,0.186303,0.281244,0.206962,-0.000908,-0.060563,0.104464,0.211776,0.269755,-0.287841,-0.243016,-0.050306,0.285137,-0.141341,-0.306721,-0.302754,-0.099779,-0.075058,0.220586,0.303129,-0.329741,-0.05048,0.104203,-0.13533,-0.094575,0.132891,-0.08248,-0.031771,-0.091059,0.131124,0.099393,0.015744,-0.13941,0.043829,-0.147931,-0.334297,0.250297,0.159941,-0.085422,0.14207,0.125778,-0.160484,0.054308,-0.065847,0.037253,-0.138582,-0.132228,0.007351,-0.051635,0.122869,0.146858,0.078758,-0.075369,-0.124639,0.150602,0.366695,0.046761,0.136546,0.159162,-0.194609,-0.107106,-0.193164,-0.176081,-0.277153,-0.264324,0.327069,-0.239806,-0.334277,-0.165308,-0.153885,-0.369418,-0.19732,-0.306548,0.130218,-0.214064,-0.143805,-0.281194,-0.237531,-0.019612,-0.282865,-0.383743,-0.311563,-0.339349,0.008918,-0.242635,-0.33855,-0.18999,-0.27561,-0.118141,-0.328148,0.157698,-0.375307,-0.220306,-0.186573,-0.352303,-0.010505,-0.222168,-0.121487,-0.45263,0.053184,0.109889,-0.02079,-0.137191,-0.228869,-0.501689,-0.292896,-0.292805,-0.300573,0.138496,-0.469477,-0.291976,-0.375661,-0.3388,-0.248399,-0.271706,-0.146142,-0.36059,-0.095972,-0.117384,-0.442683,-0.330471,-0.153403,-0.10663,0.135627,-0.25068,-0.384644,0.283784,-0.423856,-0.207087,-0.313293,-0.132607,-0.20665,-0.431426,-0.026677,-0.2154,-0.246167,-0.407957,0.399417,-0.312367,-0.229979,-0.35672,-0.430244,-0.309946,-0.22529,-0.488163,-0.289616,0.238373,0.418939,-0.326902,-0.170555,-0.205897,-0.060439,-0.310316,-0.127136,-0.08038,0.049065,-0.140075,-0.104668,-0.089222,-0.19148,0.135109,0.198071,-0.161526,-0.342699,0.281601,-0.273063,-0.199043,0.214873,0.341975,-0.42492,0.12121,0.212416,-0.091623,0.014396,0.441519,-0.070799,0.207251,0.132633,-0.197138,0.542183,-0.141788,0.07703,0.42538,0.402915,-0.212294,0.261864,0.29834,-0.375848,-0.404919,0.19323,#
1,0.324392,1.0,0.038247,-0.094198,0.244354,-0.168042,0.207937,0.11347,0.09027,0.3315,-0.222582,-0.031565,0.229388,0.237773,0.2431,-0.137428,-0.061946,0.371366,0.350059,-0.199196,0.110067,0.06527,0.154117,0.024274,-0.320708,-0.077226,0.164962,0.126053,0.234003,0.383431,-0.494173,0.15178,0.167811,-0.037304,-0.093389,-0.00865,-0.003272,-0.129706,-0.065983,-0.054134,-0.084513,0.233436,0.033994,0.117228,-0.22957,-0.367621,0.302441,0.240984,-0.020522,0.277637,0.13853,-0.254687,0.05695,-0.032825,0.19621,-0.175877,-0.305157,0.009841,-0.161632,0.02592,-0.059914,0.294423,-0.357953,0.194766,0.019775,0.18272,0.076948,0.192845,0.092706,-0.201462,-0.170602,-0.201149,-0.09069,-0.208677,-0.263132,0.252914,-0.291504,-0.297543,-0.242168,-0.480816,-0.253696,-0.349668,-0.429334,0.088527,-0.413793,-0.100731,-0.180866,-0.045342,-0.14969,-0.084117,-0.094438,-0.218209,-0.360962,0.076704,-0.39396,-0.0847,0.084853,-0.252638,-0.032306,-0.219076,0.02369,-0.367576,-0.577034,-0.126661,-0.573683,-0.275899,-0.360827,-0.30608,-0.422757,-0.147746,0.107695,0.240124,-0.05352,-0.314962,-0.22725,-0.128462,-0.325685,-0.354418,0.170323,-0.30422,-0.302582,-0.018717,-0.41252,-0.378446,0.020301,-0.21916,-0.336761,-0.205125,-0.204015,-0.186854,-0.326084,-0.257199,-0.186667,0.132897,-0.233251,-0.141928,0.084036,-0.214384,-0.048756,-0.270997,-0.229861,0.079462,-0.339295,-0.02529,-0.132446,-0.356218,-0.156319,0.376004,-0.341154,-0.261403,-0.303653,-0.26107,-0.173501,-0.043021,-0.322335,-0.107088,0.260216,0.381132,-0.350426,-0.044618,-0.200013,-0.040049,0.0311,-0.002019,-0.08662,0.420115,-0.145772,-0.005253,-0.152158,0.101582,-0.089209,0.120766,-0.157346,-0.335722,0.406779,-0.113459,-0.219413,0.078988,0.259576,-0.330832,0.125164,0.110198,-0.066875,-0.007244,0.222043,-0.135523,0.147728,-0.105998,-0.227507,0.415564,-0.130531,0.397922,0.190548,0.286253,-0.169181,0.005547,0.187,-0.400053,-0.20558,0.09409,#
2,0.011009,0.038247,1.0,0.287999,0.17214,-0.31734,-0.104728,-0.157403,-0.160787,0.186119,-0.081329,0.050077,-0.109814,-0.093575,-0.355899,-0.229024,-0.036852,-0.033261,-0.078394,-0.069439,-0.02348,-0.246404,0.141857,-0.059395,-0.158715,-0.087265,0.174991,-0.325894,-0.220631,0.211264,-0.09174,0.084236,-0.196685,-0.066313,-0.078791,-0.0538,0.070747,0.003662,0.003423,-0.144126,-0.038089,0.024894,-0.031955,0.086723,0.161966,-0.296463,-0.015168,0.239609,-0.135183,0.077512,-0.238627,0.156024,0.148343,0.241553,-0.082772,-0.232766,-0.315179,-0.025922,-0.089993,-0.096878,-0.08559,-0.184298,-0.244046,-0.168587,-0.067742,-0.040847,-0.235133,-0.057116,-0.054383,0.142305,0.083497,0.102476,-0.015859,0.156453,-0.050811,0.182028,-0.132618,-0.130296,-0.154354,0.196167,0.068462,0.017556,-0.045757,0.323824,0.034259,-0.141803,0.029563,0.161561,-0.084963,-0.097031,-0.087977,-0.202408,0.062069,-0.068653,-0.259999,0.135325,0.163004,0.067363,0.145428,0.000783,-0.046366,-0.050255,0.030591,-0.003318,-0.176276,-0.239657,0.093123,0.069309,-0.027595,0.265813,0.259682,0.127371,0.054606,-0.024333,0.209331,-0.03274,-0.052049,-0.256446,0.036462,-0.036791,-0.23938,-0.105088,0.115669,-0.030063,-0.161775,-0.025887,-0.379953,-0.112208,0.107789,0.159317,0.278134,-0.091606,-0.181863,0.016567,0.016991,0.013104,0.279094,0.184467,0.027458,-0.038022,0.129791,0.29913,0.089828,-0.30786,-0.137669,0.29729,0.040853,0.085365,-0.192387,0.089945,-0.384659,0.067987,0.233157,-0.123961,-0.144326,-0.108271,-0.045138,0.108888,0.15759,-0.076732,0.030988,0.003285,0.276708,0.008322,0.081958,-0.096947,-0.241766,-0.258376,0.109429,-0.018785,0.067333,-0.074976,0.084071,-0.016614,0.061444,0.077597,-0.094667,-0.135352,-0.101851,0.055507,0.054243,-0.265891,-0.072054,0.021855,-0.178598,0.167725,-0.206484,-0.25752,-0.016006,0.054207,0.211993,0.012617,-0.034016,0.099723,0.088748,-0.211347,0.041426,0.120364,0.174734,-0.130993,#
3,-0.279693,-0.094198,0.287999,1.0,-0.029067,-0.230527,-0.332367,-0.298321,-0.265717,-0.013536,0.218724,-0.272236,-0.217654,-0.264572,-0.247855,-0.20878,0.145316,-0.089619,-0.04046,-0.038258,0.128834,-0.399698,-0.136804,0.045238,0.108858,0.093601,-0.062391,0.004706,-0.117262,-0.140181,0.433908,-0.0247,-0.321563,-0.111222,-0.056197,-0.496982,-0.05426,0.144651,0.06468,0.114341,0.071386,-0.128159,0.053811,-0.005991,0.063422,0.12286,-0.229438,-0.219683,0.270631,-0.169418,-0.233042,0.406123,0.005415,0.162302,0.037091,0.005943,-0.014107,0.044111,-0.002991,-0.070094,-0.215215,0.052746,-0.082085,-0.119905,-0.169925,-0.304992,0.051555,-0.133532,-0.249761,0.326858,0.063506,0.345851,0.234186,0.312048,0.241205,-0.141707,0.038311,0.044703,0.374447,0.281249,0.074552,0.317932,0.273806,0.169506,0.127322,-0.049413,0.142692,0.284634,0.026219,0.254297,0.225621,0.123316,0.261745,-0.123333,0.287172,0.274968,0.194082,0.109829,0.221295,0.31109,0.026522,-0.094006,0.434458,-0.024395,0.145612,0.161321,0.194904,0.287186,0.236072,0.268872,-0.052879,-0.028114,0.25533,0.10905,0.131018,0.116819,0.389357,0.154455,0.044512,0.134745,0.226223,0.269927,0.178168,0.001384,0.11276,0.061336,-0.07642,-0.056508,0.275867,0.176516,0.503947,0.071873,0.008077,-0.057768,0.231376,0.431447,-0.002998,0.341073,-0.033866,0.321139,0.280049,0.31865,0.297213,-0.177621,0.139914,0.3367,0.196403,-0.246299,0.123601,0.320514,0.114064,0.419192,0.144041,0.163687,0.313384,0.012808,-0.267879,-0.245137,0.340209,0.105587,-0.246485,0.115225,0.085849,-0.201936,-0.142118,-0.064005,0.011821,-0.134704,0.056209,0.156482,-0.110736,-0.190432,0.016824,0.17637,-0.206475,0.060087,0.113925,-0.073151,-0.302606,0.388223,-0.449043,-0.049153,-0.045006,-0.250872,-0.137449,-0.143254,-0.141242,0.05037,0.228658,-0.347024,0.168408,-0.152214,-0.275522,0.009843,-0.069956,-0.209925,-0.286303,0.130583,-0.159668,-0.03715,#
4,0.389588,0.244354,0.17214,-0.029067,1.0,-0.120726,0.327286,-0.108224,0.14535,0.287636,0.09206,0.070595,0.229212,0.037129,0.18691,-0.236692,0.248852,0.066681,0.005188,-0.194012,-0.161676,0.058226,0.187331,-0.100566,-0.436616,-0.195062,0.027083,-0.174465,0.151997,0.183506,-0.241694,-0.036184,-0.068004,-0.059562,-0.354821,0.144367,-0.029279,-0.198946,0.040281,0.158606,-0.003456,0.013432,-0.175525,0.024101,-0.174928,-0.246267,0.208348,0.204046,-0.078624,0.126452,0.120303,-0.346613,0.164787,-0.111889,0.091006,-0.422528,-0.424801,0.123013,-0.305209,-0.236308,0.102944,0.043205,-0.071517,0.009657,0.132562,0.337346,0.082876,0.096504,0.106135,-0.187971,-0.260985,-0.352482,0.125121,-0.408431,-0.198734,0.345642,-0.258147,-0.562153,-0.195548,-0.339778,-0.396358,-0.277325,-0.407972,-0.154716,-0.292561,-0.381898,-0.33099,-0.385806,-0.230177,-0.224816,-0.228338,-0.235419,-0.293454,-0.110288,-0.383967,-0.239845,-0.138074,0.080115,-0.071554,-0.077161,0.14966,-0.165117,-0.102103,-0.141455,-0.377826,-0.391368,-0.297928,-0.235292,-0.229573,0.19865,0.071599,0.016137,-0.329035,-0.292265,-0.282486,-0.18836,-0.255617,-0.38215,-0.080918,-0.209229,-0.376728,-0.281945,-0.260067,-0.132441,-0.10944,-0.175279,-0.432373,-0.207601,-0.351499,-0.039601,-0.276086,-0.289077,-0.420225,-0.20387,-0.126398,-0.371282,0.296319,-0.348237,-0.183784,-0.265896,-0.185584,-0.015393,-0.05537,-0.253807,-0.277294,-0.288929,-0.191064,0.365447,-0.40172,-0.206785,-0.300275,-0.253858,-0.297512,-0.341302,-0.366935,-0.255457,0.277736,0.433789,-0.254183,-0.40165,-0.035173,-0.140355,-0.073649,-0.20711,-0.166215,0.317999,-0.142388,-0.028035,0.032383,-0.09028,0.150925,-0.005903,-0.21968,-0.31994,0.148748,-0.326978,-0.381975,-0.046559,0.261804,-0.106691,0.226278,0.0425,0.318841,0.233938,0.179424,0.006796,0.301178,-0.149177,-0.07894,0.268655,-0.016048,0.364457,0.170442,0.366889,0.150805,-0.044268,0.166377,-0.311316,-0.448778,0.298462,#
5,-0.09343,-0.168042,-0.31734,-0.230527,-0.120726,1.0,0.182102,0.324094,0.19727,-0.153195,0.071349,-0.066999,-0.158396,0.283178,0.28595,0.050684,0.053951,-0.092635,-0.148186,0.161709,-0.085519,0.245408,0.038024,-0.184037,0.218986,-0.15868,0.156951,0.256362,-0.010552,-0.2003,0.065872,0.288716,0.079475,-0.201391,-0.220735,-0.119804,-0.18482,0.044407,0.06656,-0.116872,-0.111742,0.166945,0.112077,0.17133,-0.033843,0.008198,0.020947,-0.031998,0.010249,0.199592,0.187866,0.079079,0.242236,-0.20436,-0.082507,0.230132,0.193127,0.066967,0.055079,0.178395,0.204858,-0.035348,0.027657,0.369768,0.096088,0.213247,-0.196496,0.111931,-0.067172,0.147806,0.062457,0.024909,0.052103,-0.024417,-0.101817,0.098051,0.268037,0.188991,-0.084345,0.018069,0.067722,-0.019385,0.033869,-0.095721,0.045401,0.298181,-0.006559,-0.304509,0.157733,-0.257863,-0.0147,0.12275,-0.074369,0.027722,0.182214,0.036629,-0.021282,0.009517,-0.101488,-0.184174,-0.21078,0.115477,0.124138,-0.061095,0.243342,0.018905,0.176805,-0.220366,-0.093674,-0.340856,0.061075,0.145311,-0.132794,-0.173593,-0.120032,-0.143693,-0.017299,0.124745,-0.151982,0.068669,0.06467,0.054705,0.095932,-0.103227,-0.168612,0.231265,0.146897,0.241785,-0.045072,-0.07268,-0.082188,-0.114559,-0.103184,-0.093266,-0.047894,-0.11349,-0.067906,-0.156958,-0.074189,-0.05215,-0.027957,-0.232211,-0.293376,-0.097929,0.035874,0.080864,-0.096293,-0.02916,0.438389,-0.130867,0.142905,0.047333,0.035357,0.245754,-0.042793,0.110946,0.062066,0.022719,-0.143901,0.089493,-0.06091,-0.106498,0.040225,0.052454,0.110894,0.007122,0.355601,0.224223,-0.100909,-0.024519,0.074138,-0.01567,0.048932,0.275489,-0.020334,0.182052,0.15028,-0.015033,0.2621,0.006408,0.154668,0.173909,0.068224,-0.005771,-0.118584,-0.144053,0.082357,0.116029,-0.057985,0.050034,0.133306,-0.227208,0.014221,-0.25499,0.185234,0.04261,-0.05099,0.03213,0.098865,0.149422,#
6,0.239774,0.207937,-0.104728,-0.332367,0.327286,0.182102,1.0,0.19015,0.580121,-0.07059,0.107459,0.107567,0.362859,0.00414,0.356992,-0.089085,-0.23274,0.091335,0.049781,0.15402,0.014511,0.354099,0.196088,-0.308529,-0.08271,-0.121648,0.08598,-0.283279,0.146216,0.203598,-0.508869,-0.05294,0.172619,-0.092052,-0.140863,0.118654,0.073784,-0.246801,-0.036217,0.166105,0.115906,0.192363,-0.239709,-0.068468,-0.148568,-0.054947,0.195007,0.351323,0.117449,0.242665,0.289463,-0.262864,0.066382,-0.139435,0.051004,0.144094,0.034393,0.009598,0.076642,0.151938,0.069718,0.17427,-0.20866,0.183362,0.238827,0.245831,0.001958,-0.074657,0.096474,-0.186969,0.068947,-0.275306,0.028576,-0.245347,-0.457648,0.31604,-0.134086,-0.215779,-0.306626,-0.279707,-0.239948,-0.374277,-0.289173,-0.35607,-0.387042,-0.001809,-0.205276,-0.012469,-0.256162,-0.24214,-0.332753,-0.252588,-0.324471,0.127836,-0.421505,-0.140049,-0.017468,-0.185998,-0.18403,-0.236637,-0.075428,-0.128708,-0.21795,-0.004509,-0.246626,-0.195138,-0.009199,-0.333867,-0.321529,-0.090388,0.248591,0.056678,-0.26373,-0.498988,-0.033834,-0.221976,-0.371369,-0.157422,0.047944,-0.386311,-0.252731,-0.385398,-0.105024,-0.435367,-0.173215,0.042848,-0.230587,0.112524,-0.259175,-0.165372,-0.379889,-0.338438,-0.330924,-0.108629,-0.20215,-0.254241,-0.003704,-0.209147,0.006329,-0.375462,-0.325024,-0.209186,-0.253151,-0.12013,-0.204951,-0.250653,-0.402974,0.628452,0.012244,-0.48287,-0.118227,-0.341904,-0.258245,-0.224378,-0.286035,-0.047136,0.287985,0.367361,-0.08693,-0.368817,0.27719,-0.03994,-0.032128,-0.021708,0.092175,0.361256,0.051051,0.110162,-0.136219,-0.140731,-0.032602,0.007493,-0.022293,-0.17494,0.202091,-0.214612,-0.098744,0.330113,0.540822,-0.263988,0.266146,0.520977,0.07381,-0.101274,0.374071,-0.028612,0.103796,0.034977,-0.413892,0.388496,0.13151,0.153532,0.299427,0.043333,-0.087972,-0.014794,0.391071,-0.116024,-0.151422,0.030158,#
7,0.05073,0.11347,-0.157403,-0.298321,-0.108224,0.324094,0.19015,1.0,0.164478,-0.278464,-0.24441,0.00466,-0.036166,0.224536,0.218336,-0.086104,0.063564,0.027663,-0.14339,0.016259,0.131966,0.475403,0.057985,0.085739,-0.10951,0.095588,0.374593,0.227862,-0.170315,-0.157423,-0.167185,0.406214,0.171026,-0.087458,-0.125661,0.01661,-0.038973,-0.4458,0.203791,-0.092299,-0.117374,0.142355,0.142428,0.048506,-0.160793,0.099455,0.080327,0.173736,-0.239615,0.018891,0.198198,-0.066785,0.080165,-0.076805,-0.148838,0.135662,0.241103,-0.102504,0.145815,0.198416,0.060742,0.078371,-0.145163,0.418739,0.106684,0.255241,-0.167893,0.121391,0.13206,-0.299268,0.141462,0.149016,-0.232094,0.129652,-0.209295,0.057703,0.091703,0.086621,-0.377175,0.080713,0.057846,-0.03811,0.106756,-0.096383,0.020423,0.290596,0.137282,0.027389,0.0717,-0.196417,-0.056972,0.003244,0.004533,0.077399,-0.09856,0.046777,-0.018852,0.075754,-0.229609,-0.299122,-0.026372,-0.108616,-0.000975,0.000702,-0.116194,-0.112175,0.008176,-0.292462,-0.108198,-0.355687,-0.015315,0.040281,-0.24219,-0.014671,0.114639,0.055824,-0.103078,0.093123,-0.224539,0.022817,-0.062174,-0.144597,0.083249,-0.217918,0.064391,0.018713,0.053421,-0.178939,-0.020264,-0.06793,-0.269144,-0.108935,0.123294,-0.197441,0.184081,-0.0089,0.099434,-0.15278,0.073782,-0.195612,-0.258891,-0.187295,-0.166294,0.095697,0.000219,-0.047988,-0.177211,0.065562,-0.005132,0.03595,-0.02329,-0.015273,-0.043451,-0.00395,0.192185,0.05879,0.087212,-0.074044,-0.171534,0.093984,0.117653,-0.077322,-0.055132,0.044229,0.259723,0.09926,0.100203,0.034947,-0.135686,0.07859,-0.075429,0.041284,-0.194059,-0.028198,0.001455,-0.008551,-0.00912,-0.071257,0.084203,-0.298297,0.029306,0.042013,0.18931,-0.001696,-0.030043,-0.036157,-0.020964,-0.049624,0.021242,0.084812,0.278148,0.076279,0.085561,-0.269446,0.036354,0.149923,-0.054797,-0.112405,-0.068595,0.105542,#
8,0.27045,0.09027,-0.160787,-0.265717,0.14535,0.19727,0.580121,0.164478,1.0,0.031457,-0.001696,0.092623,0.38206,0.074185,0.273242,-0.166799,-0.392954,0.237231,0.217513,0.134094,0.005554,0.213924,0.284972,-0.141028,0.114216,-0.299616,0.156028,-0.039845,0.354433,0.136642,-0.33476,-0.035347,0.22174,-0.088861,-0.267386,0.067959,0.115005,-0.256619,-0.158816,0.055925,0.245305,0.018446,-0.203319,-0.059008,-0.026079,-0.19993,0.321961,0.317939,0.142927,0.162698,0.073437,-0.162526,0.068982,0.0807,0.005202,-0.074899,0.117155,-0.242985,0.331719,-0.024366,0.076514,-0.013472,-0.108711,0.197416,0.089882,0.289932,0.139118,-0.061147,0.180211,-0.098497,0.121438,-0.149664,-0.042343,-0.034263,-0.190496,0.128711,-0.093494,-0.207989,-0.173853,-0.339075,0.034256,-0.350104,-0.247211,-0.282674,-0.164874,0.168573,-0.019498,-0.035555,-0.109985,-0.138439,-0.15474,-0.035366,-0.46471,0.421006,-0.24767,0.04187,0.109207,-0.214956,0.049481,-0.203394,-0.110832,-0.07772,-0.051712,-0.003383,-0.036167,-0.066001,-0.140745,-0.204892,-0.214284,-0.065672,0.308321,0.109337,-0.144235,-0.226198,-0.054656,-0.358295,-0.279339,0.038498,0.137719,-0.280815,-0.206906,-0.403333,0.187224,-0.450138,-0.064673,0.08843,-0.078605,0.145552,-0.130577,-0.222983,-0.248186,-0.245987,-0.057771,-0.007237,-0.069761,-0.070955,-0.13878,-0.180918,0.093405,-0.118265,-0.122218,-0.218638,-0.371334,-0.107956,-0.184491,0.016764,-0.23392,0.341084,0.069897,-0.294576,0.006923,-0.293373,-0.138082,-0.21634,-0.07028,-0.077509,0.372006,0.461193,0.067821,-0.220492,0.095694,-0.052972,-0.085253,0.085307,0.127097,0.274147,0.086094,0.029588,-0.259624,-0.05089,-0.214226,0.287335,-0.000155,-0.225292,0.245132,-0.157436,-0.150445,0.188159,0.375552,-0.352288,0.239784,0.324094,-0.002057,-0.137855,0.166539,0.035958,0.154965,0.087094,-0.449769,0.177611,0.177862,-0.054776,0.234911,-0.086401,-0.140496,0.006628,0.292964,-0.174731,-0.022903,0.058068,#
9,0.16565,0.3315,0.186119,-0.013536,0.287636,-0.153195,-0.07059,-0.278464,0.031457,1.0,0.150011,-0.114757,0.1914,-0.056277,0.030438,0.011735,-0.234873,0.365677,0.198555,-0.093462,0.054301,-0.031663,0.234702,0.138569,-0.12839,-0.008656,-0.013691,0.090144,0.041594,0.220353,-0.098093,0.042164,0.06352,0.27686,-0.09309,0.025406,-0.044772,-0.067234,-0.12891,-0.107409,-0.035413,0.127333,0.10044,0.180671,0.298034,-0.299328,0.120708,0.282643,-0.01125,0.177128,-0.031246,-0.096659,0.00302,-0.033772,-0.019536,-0.346508,-0.216377,0.07994,-0.180174,-0.14048,0.149265,-0.045332,-0.200654,-0.174269,0.036147,0.123932,-0.10213,0.170776,-0.082536,-0.090461,-0.017876,-0.310606,-0.051757,-0.218319,0.047566,0.269477,-0.32844,-0.49215,-0.005018,-0.245776,-0.121592,-0.122603,-0.21725,-0.028709,-0.085011,-0.059184,-0.202248,-0.222917,-0.280127,-0.032169,0.051771,-0.164712,-0.314466,-0.022872,-0.261731,0.049254,0.059755,-0.030765,0.140203,-0.241555,-0.151947,-0.2505,-0.240026,-0.081423,-0.273375,-0.157816,-0.264195,-0.076617,-0.207635,-0.014834,0.306677,0.115728,-0.076774,-0.357818,-0.237878,-0.16599,-0.122856,-0.217352,0.276802,-0.369534,-0.099789,0.036211,0.078374,0.028586,-0.092959,-0.055475,-0.22205,-0.104605,-0.199812,0.020553,0.08735,-0.142752,0.046665,0.282056,-0.069717,0.066398,0.069391,-0.157542,0.180977,-0.285129,-0.013577,0.12987,-0.141485,0.004034,-0.067296,-0.056636,0.135613,0.186687,-0.440595,0.110137,-0.415934,-0.073154,0.115621,-0.01684,-0.259023,0.100182,0.186065,0.363972,-0.179158,-0.011662,-0.250087,-0.020601,0.00442,0.100001,-0.203173,0.311027,-0.37959,-0.162329,0.153716,0.051941,0.196641,0.106658,-0.045451,-0.188103,0.25073,-0.117754,-0.188694,0.040571,-0.102856,-0.08656,0.050061,-0.010801,-0.331816,0.301944,-0.148052,-0.051111,0.136797,-0.121863,-0.23691,0.273077,-0.049596,0.17657,-0.09912,0.133408,0.038506,-0.233167,-0.00561,-0.119585,0.107531,-0.094407,#
10,-0.047176,-0.222582,-0.081329,0.218724,0.09206,0.071349,0.107459,-0.24441,-0.001696,0.150011,1.0,-0.093256,-0.217016,-0.142838,0.147552,0.165606,-0.070802,-0.226345,-0.117266,-0.013286,-0.145907,0.016444,0.003693,0.00839,0.105779,0.218981,0.095253,0.021192,0.162313,-0.118473,0.17849,-0.136021,-0.06761,0.087026,0.089676,0.020258,-0.15138,0.06265,0.033173,0.181255,-0.196209,-0.124728,-0.116635,0.154734,0.237916,0.016597,-0.239691,-0.165149,0.220775,-0.080917,-0.006676,0.055106,-0.025416,-0.088867,0.064152,0.258058,-0.015592,0.054188,0.053037,0.115822,0.077993,-0.079189,0.102399,-0.123719,-0.104586,-0.175042,-0.065134,-0.297441,-0.422324,0.104637,-0.168247,-0.051204,0.260028,0.017935,0.105744,0.163302,-0.078755,-0.008673,0.037764,-0.025692,-0.367056,0.116447,0.168253,-0.167898,-0.00273,-0.148305,0.028813,-0.006636,-0.180768,-0.145228,-0.089707,-0.17688,0.085873,-0.265413,0.137433,0.098994,-0.193712,0.050929,-0.238384,0.035784,0.021831,-0.006578,0.172705,-0.173542,0.040133,-0.00405,-0.035494,-0.092,0.124788,0.184041,-0.237384,-0.048258,-0.098072,-0.111285,-0.272332,-0.047466,0.138058,-0.104944,-0.172427,0.071956,0.246418,-0.078794,0.219503,0.133872,-0.114676,-0.063794,0.036754,0.252928,-0.094376,-0.154846,0.140467,-0.110502,-0.249871,-0.092863,-0.097048,0.301,-0.065355,-0.104803,0.056287,-0.029616,-0.121841,-0.026897,0.039467,-0.155864,-0.111435,-0.084719,-0.027714,-0.182615,0.159319,0.005679,0.154002,0.08043,-0.248734,-0.095495,-0.024166,-0.158889,-0.242842,-0.010155,0.159245,-0.018826,-0.106485,-0.016032,-0.001397,-0.322523,-0.387539,-0.056622,-0.06403,0.123901,0.347032,-0.26633,0.09281,-0.254095,-0.186742,-0.056404,0.02445,-0.066833,-0.036988,0.101685,0.015348,0.162083,0.067506,0.261352,0.022258,0.241623,-0.092264,-0.21119,0.00811,-0.135439,0.151543,-0.046517,-0.180877,0.130279,-0.053684,-0.074121,-0.035456,-0.203808,0.041985,0.131062,-0.170419,-0.002986,#
11,0.186303,-0.031565,0.050077,-0.272236,0.070595,-0.066999,0.107567,0.00466,0.092623,-0.114757,-0.093256,1.0,0.02769,-0.167273,-0.013879,0.213047,0.000857,-0.18712,-0.272877,-0.054535,-0.413034,0.12251,-0.042348,-0.115781,-0.019544,0.110227,-0.010495,-0.34491,0.066709,0.206566,-0.283477,0.063284,0.005571,0.02204,0.139533,0.11516,-0.285166,0.011214,-0.214144,0.103565,-0.017613,0.013554,-0.172619,-0.3864,-0.008188,-0.186426,-0.123493,-0.057933,-0.177495,0.142075,-0.269126,-0.143008,0.032206,0.071739,0.113368,-0.010622,-0.216894,-0.1187,0.080675,0.124472,-0.106282,0.008759,-0.037062,-0.186096,0.247134,-0.2244,-0.138268,-0.12041,-0.078091,0.021844,-0.003493,-0.156532,0.17479,-0.102452,-0.430837,-0.099469,-0.20148,-0.114714,-0.177001,0.012822,0.032784,-0.268268,-0.270524,-0.087473,-0.079139,-0.041663,-0.087987,-0.205543,0.058862,-0.240905,-0.020852,-0.128004,-0.036449,-0.143247,-0.140245,-0.061753,-0.054685,-0.152549,-0.29756,0.039753,0.027484,-0.053102,-0.148698,-0.016391,-0.243291,-0.114028,0.097707,-0.0048,-0.159293,0.15869,-0.144914,0.026627,-0.308351,0.131259,-0.178881,-0.305704,-0.139742,0.046761,-0.26589,0.114921,-0.146217,-0.319399,-0.15567,0.087197,-0.187759,-0.026446,-0.023908,-0.290348,-0.084996,0.142268,-0.251454,-0.045205,-0.200221,-0.067742,-0.245957,-0.106976,0.057386,-0.290015,-0.030944,-0.188423,0.075144,0.018343,-0.01664,-0.261077,-0.404348,-0.184705,-0.110059,0.041465,-0.163452,-0.07579,-0.158613,-0.37531,-0.006503,-0.098564,-0.234686,-0.215229,-0.070479,-0.026479,0.002354,0.015328,0.153189,-0.161476,-0.065425,-0.15814,-0.056958,-0.073835,0.128149,0.175665,0.017984,-0.349314,0.169315,-0.0353,-0.034899,0.076782,0.194045,-0.272274,-0.273752,0.023393,-0.017496,-0.078571,0.226366,-0.064157,0.21444,0.20312,0.222792,0.051386,0.057568,-0.037277,0.047536,0.041578,-0.139804,0.13912,0.149372,0.050618,-0.090095,0.259477,0.248447,-0.043717,0.00549,-0.152911,#
12,0.281244,0.229388,-0.109814,-0.217654,0.229212,-0.158396,0.362859,-0.036166,0.38206,0.1914,-0.217016,0.02769,1.0,0.209391,0.125689,-0.176333,-0.303983,0.311068,0.146902,0.172396,0.006602,0.159416,0.361882,-0.211221,-0.227361,-0.265507,0.012116,-0.25618,0.343846,0.063412,-0.506799,-0.104933,0.158411,-0.062663,-0.034427,-0.008256,0.200537,-0.173767,-0.082074,-0.243386,0.35691,0.34238,-0.023732,-0.202825,-0.10713,-0.257009,0.487434,0.416569,-0.049802,0.062565,0.130552,-0.177548,0.166705,0.018348,-0.107416,-0.021366,0.142271,-0.069335,0.046238,-0.126596,0.096018,0.25135,-0.058002,-0.040203,0.162583,0.317103,0.175142,0.204035,0.302876,-0.111645,0.204043,-0.072592,-0.136025,-0.113002,-0.161271,0.240062,0.020541,-0.305004,-0.094751,-0.316636,-0.008321,-0.320521,-0.380803,-0.249557,0.001788,0.234861,-0.222188,0.048466,-0.005328,0.065598,-0.272419,-0.026999,-0.408123,0.259848,-0.288928,0.035995,0.30244,-0.127076,0.124009,-0.330298,0.192836,-0.123607,-0.177358,-0.176934,-0.191322,0.004686,-0.178914,-0.110235,-0.418696,-0.021057,0.410836,-0.168704,-0.047157,-0.327636,0.002881,-0.221199,-0.539112,0.074921,0.266888,-0.42763,-0.011819,-0.42132,0.02416,-0.34306,-0.035742,0.259047,-0.377987,0.053893,0.063027,-0.000889,-0.158472,-0.174559,-0.109634,0.116776,-0.155227,-0.088028,-0.040381,-0.052377,0.04927,-0.146675,-0.208949,-0.215662,-0.095193,-0.13108,-0.066903,-0.073646,-0.299025,0.381634,-0.129885,-0.172892,-0.275626,-0.413831,0.068878,-0.126514,-0.065098,0.206789,0.479563,0.329529,-0.037634,-0.259106,-0.042741,-0.175186,-0.172431,0.260908,0.150964,0.195711,0.098599,-0.120383,-0.180746,0.052878,-0.056671,0.194179,0.167107,-0.125125,0.261847,0.045154,-0.007002,0.170449,0.272827,-0.321017,0.180579,0.112095,-0.255993,-0.302035,0.188294,-0.024971,0.376741,-0.007106,-0.573727,0.308017,0.193921,0.002985,0.051331,-0.009748,-0.1044,0.023651,0.272729,-0.194077,-0.040787,0.007276,#
13,0.206962,0.237773,-0.093575,-0.264572,0.037129,0.283178,0.00414,0.224536,0.074185,-0.056277,-0.142838,-0.167273,0.209391,1.0,0.142538,-0.01281,-0.095849,0.104727,0.208759,-0.037143,-0.074431,0.148478,0.470808,-0.039148,-0.263287,-0.394258,0.261867,0.251835,0.274379,-0.008844,-0.224194,0.256385,0.230601,-0.168986,-0.056662,0.075781,-0.011738,-0.008426,0.07845,-0.31493,0.062682,0.217541,0.22617,0.289829,-0.297846,-0.39806,0.246674,0.329775,-0.097012,0.155153,0.234577,0.072845,0.052621,-0.07351,-0.202042,-0.081228,0.069668,0.008932,0.028584,-0.025206,0.267553,0.225321,-0.154905,0.171588,0.152882,0.390908,0.019771,0.456273,0.365702,0.133292,-0.028094,-0.113724,0.047859,-0.20679,-0.215633,0.309867,-0.014388,-0.01852,-0.2639,-0.11317,-0.233342,-0.279541,-0.097102,0.080907,-0.079691,0.02496,0.058862,-0.033133,-0.030318,-0.220469,-0.174762,-0.09151,-0.29128,0.279018,-0.086974,-0.16208,0.077916,-0.019454,-0.02606,-0.436904,0.000535,0.01328,-0.077476,-0.194363,-0.062968,-0.155023,-0.103202,-0.415795,-0.233526,-0.059606,0.302046,0.13948,-0.110791,-0.086117,-0.011894,-0.049781,-0.313023,-0.096892,0.096518,-0.084099,0.034287,-0.226408,-0.137632,-0.243262,0.086099,0.092423,-0.268611,-0.027793,0.015241,-0.137128,-0.226435,0.082104,-0.244549,0.160221,-0.169943,-0.209332,-0.047592,-0.264056,0.107849,-0.066489,-0.232489,-0.194252,-0.189972,-0.1841,-0.136677,0.05251,-0.210208,0.073613,0.047233,-0.108673,-0.138454,-0.152492,-0.06721,-0.122749,-0.053808,0.192577,0.371938,0.279942,-0.24869,-0.059836,-0.087366,-0.229993,-0.008475,0.25468,0.059917,0.080864,0.183517,0.048985,-0.151089,0.147787,-0.055669,0.197926,-0.105272,-0.223936,0.183268,0.108046,-0.03275,-0.145409,0.380676,-0.265054,0.154847,-0.187765,-0.217845,-0.022083,0.141699,0.018764,0.045334,-0.302103,-0.178025,0.237047,0.02007,-0.06585,0.199401,0.139883,0.196216,0.055266,0.363621,-0.204369,-0.052997,0.045785,#
14,-0.000908,0.2431,-0.355899,-0.247855,0.18691,0.28595,0.356992,0.218336,0.273242,0.030438,0.147552,-0.013879,0.125689,0.142538,1.0,-0.147486,-0.120849,-0.021571,-0.040498,0.042771,0.116261,0.260602,0.090971,-0.02493,-0.047654,0.078299,0.033569,0.192212,0.235671,0.060519,-0.199729,0.137932,0.244424,-0.009036,-0.299943,0.05908,-0.135177,-0.182776,0.364074,0.220678,-0.238223,0.283379,-0.266268,0.108459,-0.271196,0.102504,0.132089,-0.087439,0.098745,0.153137,0.083857,-0.067653,-0.053202,-0.23919,0.045819,0.138931,-0.068631,-0.004375,-0.196131,0.201148,0.102334,0.365818,-0.25,0.333102,0.101781,0.18118,0.001458,0.06724,0.017622,-0.192147,-0.042071,-0.112298,0.221866,-0.136566,-0.351459,-0.064906,0.039577,-0.131726,-0.182621,-0.326509,-0.162146,-0.186129,-0.121884,-0.382183,-0.332284,0.061,-0.111397,-0.15532,-0.280808,-0.153195,-0.20447,-0.043582,-0.271539,0.090007,-0.151613,-0.081996,-0.096114,-0.080665,-0.029355,-0.252685,0.110938,-0.081478,-0.238621,-0.110149,-0.145131,-0.081757,-0.304726,-0.17575,-0.233163,-0.290631,-0.068913,-0.066329,-0.314,-0.123654,-0.318867,-0.180978,-0.219686,-0.208853,-0.152538,-0.208374,-0.210248,-0.206185,-0.158151,-0.221595,0.065801,-0.075773,-0.045402,-0.061029,-0.417648,-0.186257,-0.248329,-0.392827,-0.287543,-0.005492,-0.320311,-0.059365,0.057852,-0.282147,0.112419,-0.009659,-0.194233,-0.349676,-0.396894,-0.013602,-0.070239,-0.313271,-0.115639,0.07864,0.09536,-0.341936,-0.125454,-0.105888,-0.180826,-0.028835,-0.159339,0.073729,0.35522,0.27675,-0.289687,-0.010038,-0.033648,-0.017278,-0.07605,-0.123093,-0.186694,0.263635,-0.010663,0.136762,-0.033845,-0.119137,0.100715,-0.037629,-0.067719,-0.209112,0.424311,-0.179197,-0.132631,0.024756,0.317203,-0.159453,0.192511,0.360592,0.256262,0.06707,0.087574,-0.06003,0.089898,-0.042919,-0.14541,0.174764,-0.152115,0.347662,-0.040071,-0.158474,-0.151643,-0.151188,0.007463,-0.222695,-0.040841,0.19262,#
15,-0.060563,-0.137428,-0.229024,-0.20878,-0.236692,0.050684,-0.089085,-0.086104,-0.166799,0.011735,0.165606,0.213047,-0.176333,-0.01281,-0.147486,1.0,-0.020521,-0.295346,0.206988,0.071128,-0.158148,0.263101,-0.176737,0.048246,-0.103735,0.032079,-0.044212,0.012416,-0.00475,-0.126093,-0.036447,0.046873,-0.082422,0.260279,0.348135,0.250527,-0.053706,0.213349,-0.169556,0.029368,0.019479,-0.200309,0.117125,-0.063892,0.008624,0.043379,-0.355061,-0.187297,-0.004548,0.039968,0.13449,0.054415,-0.140685,0.072086,-0.200632,0.178919,0.09985,-0.122985,0.104491,0.002636,0.109926,-0.084036,0.163244,-0.013518,0.142978,-0.307998,-0.154276,-0.049715,0.058924,0.17383,-0.107762,-0.0641,0.20089,-0.113166,0.150712,-0.111079,-0.092824,-0.051315,0.07993,0.080369,-0.152904,-0.011083,0.131678,-0.113479,0.204707,-0.084172,-0.036155,-0.304321,0.060348,0.14618,0.218524,-0.060079,0.131923,-0.228937,0.092277,-0.011757,-0.146487,-0.174731,-0.391097,-0.072024,0.156963,0.046439,-0.083909,0.021027,0.154511,0.082631,-0.023008,-0.073931,-0.02023,0.015115,-0.277936,-0.059082,0.043711,0.19267,-0.176872,0.013234,0.164202,0.105096,-0.170323,0.265958,0.133558,0.130943,0.072501,0.177465,-0.027801,-0.029165,0.188454,0.04774,0.088221,-0.030216,-0.087069,0.192898,0.060108,0.110512,-0.16122,0.017175,-0.237867,-0.21572,-0.190739,-0.103856,0.01487,-0.017899,-0.092553,0.259984,-0.150041,0.00301,-0.063969,-0.230552,-0.189585,-0.125893,0.034221,0.004233,-0.122584,0.070409,0.007918,-0.01213,-0.365466,-0.110855,-0.009991,0.049806,-0.180197,-0.03936,-0.211623,-0.085674,-0.153375,-0.101889,0.009425,0.125722,0.044603,0.06504,-0.043719,0.181622,-0.117605,0.07466,-0.075458,-0.142986,0.036637,0.076895,-0.287744,0.147594,0.195526,-0.015691,0.095299,0.267539,-0.062006,-0.03591,-0.055156,-0.088708,0.21081,-0.07163,-0.333906,-0.072415,-0.005773,0.114469,-0.031237,0.203746,0.240395,0.239925,-0.072949,-0.242508,#
16,0.104464,-0.061946,-0.036852,0.145316,0.248852,0.053951,-0.23274,0.063564,-0.392954,-0.234873,-0.070802,0.000857,-0.303983,-0.095849,-0.120849,-0.020521,1.0,-0.19218,-0.190407,-0.311339,-0.238607,-0.091124,-0.348062,0.028063,-0.173971,-0.094153,-0.323925,0.062212,-0.193982,-0.189261,0.181319,-0.067929,-0.018447,-0.17936,0.05349,-0.000757,-0.23773,0.087961,-0.036703,0.090607,-0.164728,-0.213892,-0.011707,0.208513,-0.100721,0.192105,-0.248951,-0.406259,-0.016338,-0.104071,0.087857,-0.001602,-0.067241,-0.005322,0.108509,-0.132095,-0.156979,0.194701,-0.210248,0.07915,-0.145615,-0.175359,0.07277,0.045435,0.17908,-0.071399,0.213952,-0.096273,-0.203225,-0.163734,-0.443839,0.136484,0.15381,-0.148682,-0.031077,0.158931,0.06802,0.005049,0.076604,0.158434,-0.234723,0.134335,0.024338,0.206603,0.036332,-0.173848,-0.116475,-0.254825,0.041639,-0.12923,-0.037407,-0.164605,0.227327,-0.476844,0.084506,-0.247492,-0.230899,-0.014932,-0.244166,0.125798,0.256511,-0.18863,0.105413,-0.044136,-0.046422,-0.204258,0.160902,-0.001682,-0.043059,0.18961,-0.398513,-0.050587,-0.14923,0.0221,-0.243742,0.232624,0.212432,-0.253362,-0.346102,0.381281,-0.226286,0.303433,-0.375456,0.267929,0.134696,-0.150628,-0.085461,-0.029368,-0.126509,0.046858,-0.194033,0.181635,-0.141126,-0.14015,0.004631,-0.233998,0.274701,-0.294834,-0.644948,0.0174,-0.08445,0.160011,0.082936,0.056317,0.018679,-0.153834,0.022238,-0.141409,-0.055823,0.080283,0.129306,0.213067,-0.251704,-0.05738,-0.152633,-0.298551,-0.319479,-0.163861,-0.068623,-0.08235,-0.005765,0.010667,-0.125339,-0.29679,-0.108765,-0.053234,0.022856,-0.190074,0.129084,0.082397,0.341362,-0.110918,-0.173461,0.088644,-0.280786,-0.063689,-0.140663,-0.173909,-0.131162,0.269731,-0.058972,-0.07254,0.567921,0.049447,0.131987,-0.150262,0.081468,0.196405,0.387453,-0.116366,-0.077479,0.146822,0.127505,0.237599,-0.058769,0.30933,-0.19713,-0.00362,-0.432474,0.250991,#
17,0.211776,0.371366,-0.033261,-0.089619,0.066681,-0.092635,0.091335,0.027663,0.237231,0.365677,-0.226345,-0.18712,0.311068,0.104727,-0.021571,-0.295346,-0.19218,1.0,0.260067,0.125863,0.281896,-0.089728,0.369201,-0.005549,0.029363,-0.183118,0.17062,0.161577,0.006777,0.142815,-0.220037,-0.034798,0.260493,0.178871,-0.056881,-0.20366,0.1083,-0.147838,-0.021461,-0.185709,0.005424,0.264943,0.295317,-0.067814,0.018896,-0.313914,0.419637,0.22759,0.013648,-0.092376,0.253039,-0.037529,-0.150299,-0.109997,0.014544,-0.272308,-0.033402,-0.028089,0.061977,-0.056548,-0.050736,0.130384,-0.28214,-0.017152,-0.005765,0.365507,0.140733,0.283346,0.300476,-0.044351,-0.016076,-0.048384,-0.429388,-0.076939,0.086954,0.19216,-0.176703,-0.167302,-0.039027,-0.266504,0.052485,-0.142292,-0.26957,0.05801,-0.143075,0.2783,-0.259179,0.159209,0.074259,-0.038263,0.009316,-0.102251,-0.264267,0.284745,-0.104546,-0.060862,0.13636,-0.003611,0.114798,-0.260306,-0.224973,-0.318769,-0.151128,0.028873,-0.062897,-0.007232,-0.301042,-0.121405,-0.32524,-0.133842,0.350932,0.158394,0.240875,-0.210031,0.067042,-0.031821,-0.363902,-0.130675,0.292988,-0.467762,-0.193845,-0.115516,-0.147609,-0.319633,-0.18633,0.170981,0.017436,-0.095668,0.044857,-0.222046,0.022753,-0.166711,0.176803,-0.025579,0.020917,-0.102578,0.009377,0.033811,0.2767,-0.171797,-0.061782,-0.071168,-0.077124,-0.203163,-0.0738,0.083706,0.005943,0.323451,-0.170332,-0.009693,-0.265154,-0.104774,0.117608,0.008593,-0.221516,0.061086,0.495837,0.218152,-0.323708,0.027728,-0.050017,0.126623,0.250805,0.467531,-0.013516,0.509332,-0.042675,-0.124117,-0.303351,0.060211,-0.033283,0.255887,0.048372,-0.207249,0.013615,-0.130416,0.100333,0.133203,0.301463,-0.088564,-0.069164,-0.010435,-0.398434,-0.190856,0.154219,0.035939,0.199048,0.160701,-0.441677,0.32282,0.018392,0.062373,-0.00818,0.057394,-0.020557,-0.075818,-0.086775,-0.230657,0.130955,-0.108102,#
18,0.269755,0.350059,-0.078394,-0.04046,0.005188,-0.148186,0.049781,-0.14339,0.217513,0.198555,-0.117266,-0.272877,0.146902,0.208759,-0.040498,0.206988,-0.190407,0.260067,1.0,-0.098574,0.321646,-0.089509,0.058357,-0.004699,-0.272293,-0.314847,0.07997,0.108,0.115194,0.081709,-0.128405,-0.025244,0.098381,0.13088,-0.058922,0.024076,0.162268,0.201385,-0.177254,-0.149248,0.214652,-0.275713,0.049592,-0.003864,-0.198249,-0.238843,0.196732,0.039774,0.187647,-0.053846,-0.019266,0.052293,-0.129594,-0.065913,-0.000699,-0.209266,-0.034529,-0.096769,-0.075994,-0.184104,0.090506,0.065925,-0.051464,-0.002651,-0.031436,0.162392,0.150265,0.018055,0.100967,0.141904,-0.232316,-0.14225,-0.090357,-0.183818,0.139353,-0.038949,-0.211876,-0.13861,0.188279,-0.191558,-0.112314,-0.030615,0.046511,0.106142,-0.037025,-0.004469,-0.067286,0.006893,-0.070706,0.335337,0.266149,-0.082985,-0.268089,0.053486,-0.096265,-0.054506,-0.054369,-0.13853,-0.002757,-0.079098,0.030379,-0.124513,-0.165434,-0.089166,-0.227551,0.143698,-0.370503,-0.024611,-0.130729,-0.037569,0.14555,0.070336,0.182425,-0.084016,-0.00769,-0.105866,0.021598,0.098277,0.329491,-0.245421,0.01852,0.171175,0.010936,-0.081837,-0.107191,0.127214,-0.014107,0.085348,0.200344,-0.09774,0.087306,0.034352,0.084663,0.161264,-0.064982,0.019334,-0.219565,-0.122964,-0.022851,-0.067695,0.014678,-0.141659,-0.375806,0.166975,0.176915,0.076166,0.109583,0.243913,-0.182277,-0.152529,-0.078355,-0.071715,0.155701,-0.003815,0.035183,-0.024875,0.049978,0.323528,-0.045974,-0.105867,-0.285842,0.045999,-0.104988,-0.00612,0.0608,0.144478,-0.129078,-0.189274,-0.02043,0.306333,-0.263934,0.29271,0.03168,-0.033847,-0.028361,0.077013,0.088196,0.183431,0.057315,-0.240538,0.073756,0.047423,-0.154194,-0.147757,0.174321,-0.080397,0.133061,0.065108,-0.204367,0.121985,-0.078372,-0.012353,0.167919,0.266969,-0.137323,-0.115622,0.114049,-0.203089,-0.046037,-0.101084,#
19,-0.287841,-0.199196,-0.069439,-0.038258,-0.194012,0.161709,0.15402,0.016259,0.134094,-0.093462,-0.013286,-0.054535,0.172396,-0.037143,0.042771,0.071128,-0.311339,0.125863,-0.098574,1.0,0.090277,0.250897,0.105046,-0.047507,0.169671,-0.141083,0.28412,-0.086009,-0.157305,-0.166342,-0.070337,0.071621,0.145426,0.091171,0.065992,-0.236868,0.034527,0.159563,-0.027628,-0.019673,0.312699,0.313402,-0.126274,-0.266585,0.170982,0.052139,0.239806,0.288087,0.205086,-0.056283,0.152949,0.011362,-0.15239,-0.000453,-0.277584,0.293517,0.107477,-0.09916,0.211399,-0.114137,0.029616,-0.105887,0.079278,0.082237,0.005941,0.120833,0.094246,0.229026,0.166355,0.145855,0.269855,0.001216,-0.030023,0.196416,0.186633,-0.146254,0.250721,0.167927,0.121134,0.059908,0.219785,0.198718,0.180724,-0.401979,0.305434,0.288732,0.011308,0.251985,0.108971,0.124451,0.188757,0.083621,-0.058317,0.221258,0.220239,0.302533,0.38337,0.164321,0.087117,-0.001975,-0.02278,0.208637,0.064246,0.197978,0.276273,0.162912,0.037913,0.068087,0.110806,-0.096358,0.435512,-0.249608,0.17537,-0.059948,0.24518,0.065011,-0.008392,0.239905,0.081899,-0.015213,0.178378,-0.02384,0.285236,-0.15999,0.036866,0.333775,0.02014,0.14989,0.190061,0.195974,0.04566,0.08598,0.091934,-0.138048,0.233874,0.083755,-0.249578,0.311407,0.071936,0.206399,0.278385,-0.154867,0.014977,-0.008948,-0.123407,0.09933,-0.130111,-0.073075,0.212855,-0.042505,0.151929,-0.038831,0.292329,0.313761,0.234235,0.462355,0.19195,-0.288403,0.391158,0.163711,0.040018,-0.018636,0.087592,0.408153,0.13492,0.098897,0.347649,0.250029,-0.389695,0.104942,-0.288849,-0.110168,0.247187,0.134642,-0.084895,0.338988,0.354738,-0.087237,0.051223,0.069973,-0.088125,0.053661,-0.221536,-0.127974,-0.203372,0.028727,0.056081,0.094854,-0.297735,-0.12129,0.058377,-0.170398,-0.091673,-0.349795,0.011784,-0.256365,-0.021699,0.191822,0.133346,-0.047094,#
20,-0.243016,0.110067,-0.02348,0.128834,-0.161676,-0.085519,0.014511,0.131966,0.005554,0.054301,-0.145907,-0.413034,0.006602,-0.074431,0.116261,-0.158148,-0.238607,0.281896,0.321646,0.090277,1.0,-0.130192,-0.230369,0.079179,0.049728,0.122615,-0.023425,0.036422,-0.040744,0.154181,-0.007441,-0.212514,0.007685,0.14683,-0.121432,-0.082663,-0.005674,-0.035979,0.147928,-0.027024,-0.073127,-0.111386,0.034874,0.025889,0.085752,0.200589,0.017308,-0.04535,0.06133,-0.216707,-0.05876,0.046633,-0.248279,0.154787,-0.12278,0.057108,0.113636,-0.078765,-0.012266,-0.015362,0.05308,0.152441,-0.086937,-0.054619,-0.148521,0.085739,-0.139777,0.19658,-0.004342,-0.192103,-0.048559,0.180382,-0.16112,0.221053,0.295572,0.025248,0.144038,0.149618,0.117453,-0.11578,0.178752,0.037087,0.182274,-0.158451,-0.025198,-0.018588,0.100411,0.292936,0.056063,0.27298,0.298958,0.072978,0.158575,0.141899,-0.096309,0.150908,0.254506,0.0538,0.108907,0.192686,-0.152608,0.03931,0.025362,0.073893,-0.04463,0.096211,-0.155308,0.1472,0.110666,-0.375572,0.195732,-0.039492,0.099821,9.8e-05,0.268822,0.20067,0.102739,0.269901,-0.08055,-0.019495,0.117756,0.376661,0.133223,-0.009839,0.164435,0.00423,0.262323,0.10477,0.02605,0.20836,0.313851,-0.131978,0.221321,-0.110018,0.22569,0.276198,-0.190547,0.294843,0.120987,0.196001,0.077722,-0.052703,-0.068208,0.162001,0.453238,0.018819,0.336338,0.089834,0.12055,-0.04804,0.02922,0.248396,0.404005,0.086813,0.162788,0.215181,0.162203,0.004861,-0.009618,-0.006431,-0.003706,0.071933,0.189765,0.039237,-0.051169,0.191139,-0.119214,-0.235282,-0.03719,0.234056,-0.224212,-0.050052,-0.064312,0.173232,-0.021583,0.139297,0.093987,0.103695,0.007455,-0.093665,-0.095209,0.015605,-0.049473,0.007703,-0.012007,0.042991,0.03649,0.208707,0.037002,-0.018854,0.175725,0.177651,-0.284483,-0.197367,-0.07851,-0.092739,-0.254579,-0.083212,0.230869,0.048365,#
