0,1.0,0.193465,-0.244977,-0.059168,0.340593,0.177531,0.057768,-0.157086,0.202147,0.333515,0.224979,-0.028455,0.290306,0.187272,0.191932,0.21056,0.047184,-0.012023,-0.055749,-0.256725,0.273322,-0.063492,0.154239,-0.121937,0.040609,-0.295374,-0.041543,-0.35607,0.086551,0.170863,-0.378272,0.224537,0.083878,-0.28928,-0.061789,0.119931,-0.036563,-0.35715,-0.118813,0.007195,0.127229,0.069372,-0.389004,-0.00455,0.126268,-0.143452,-0.109311,-0.144117,-0.030802,-0.111541,0.04939,-0.13162,-0.043392,-0.006703,0.167938,0.201049,-0.3871,0.160463,-0.184245,-0.026026,0.045232,0.199408,0.147912,-0.434102,-0.005285,0.171378,-0.051943,0.235004,0.171751,-0.029203,-0.17419,-0.022983,0.008559,-0.151516,-0.143935,0.012939,-0.185763,-0.197957,-0.211883,-0.004988,-0.190111,-0.25011,-0.071643,-0.285059,-0.187485,-0.208211,-0.190218,-0.141161,-0.130959,-0.231002,-0.124394,-0.608521,-0.160154,-0.024208,-0.302088,-0.16274,-0.158827,-0.096827,-0.356858,-0.212992,-0.051903,-0.304288,-0.203751,0.064675,-0.369607,-0.157668,-0.260468,-0.08299,-0.050361,-0.150705,0.085118,-0.181205,-0.187209,-0.274243,-0.27283,-0.27524,0.058691,-0.135159,0.069116,-0.15159,-0.443486,-0.15347,-0.33709,0.125372,0.120579,-0.07548,-0.33097,0.205263,-0.072364,-0.385164,-0.282747,-0.172663,-0.471272,-0.229915,-0.032797,-0.239819,0.005676,-0.424991,-0.204301,-0.386739,-0.203413,-0.26183,-0.389642,-0.219265,-0.117165,-0.187394,-0.325075,0.388046,-0.231595,-0.100632,-0.256701,-0.160397,-0.013274,-0.259243,-0.173843,-0.139895,-0.169126,0.238585,-0.387114,-0.333362,-0.236217,-0.255247,-0.079065,0.033774,-0.185005,0.405257,-0.277909,0.334001,-0.351341,-0.322679,0.040034,0.190125,-0.226854,0.02141,0.357495,-0.066869,-0.0887,0.123757,0.337839,-0.046403,0.251627,0.254471,0.060118,0.360981,0.298052,-0.173664,0.014268,-0.057359,0.003025,0.33203,-0.1847,0.15996,0.391558,0.248186,0.055103,-0.049155,0.011898,-0.03386,-0.150672,-0.038586,#
1,0.193465,1.0,-0.047311,-0.303595,0.134435,0.250273,0.043581,-0.34828,0.160107,0.232116,0.111077,0.125511,-0.012252,0.331598,0.26785,-0.171889,-0.270635,0.184238,0.074364,-0.112612,0.10928,0.079191,0.27987,-0.029818,0.066995,-0.311216,0.326376,-0.088168,0.255576,0.351702,-0.365805,-0.107099,-0.032827,-0.275306,-0.15943,0.059445,0.122397,-0.243183,-0.058085,0.137946,0.156855,0.27136,-0.112228,-0.043131,0.061643,-0.206571,0.185144,0.341739,-0.166971,0.01689,-0.253444,-0.468303,0.040922,-0.288696,0.134632,0.017171,-0.255149,0.342464,0.062077,0.318795,0.18733,0.317765,0.194157,-0.042566,0.124869,0.300504,-0.163734,0.20418,0.29719,0.022658,-0.15715,0.09851,0.247331,-0.148698,-0.24954,0.158154,-0.338897,-0.106156,-0.16816,-0.087495,-0.132967,-0.572893,-0.323648,-0.175043,-0.029221,-0.082614,0.047479,-0.462621,-0.001466,-0.248148,-0.229635,-0.157803,-0.317365,0.26078,-0.000439,-0.076764,0.071101,-0.089641,0.004141,-0.230819,0.281977,-0.206943,-0.126341,-0.133682,-0.021518,-0.20493,-0.15442,-0.465509,0.087147,-0.212061,0.221489,-0.141865,-0.374619,-0.139393,-0.203756,-0.271638,-0.231193,0.008169,-0.058557,-0.447369,-0.11939,-0.29869,-0.308692,-0.268426,0.148976,-0.191017,0.285721,0.209175,-0.291991,-0.337884,-0.122658,-0.226513,-0.20466,-0.264379,-0.104777,-0.332448,-0.141865,-0.109724,0.080514,-0.670234,-0.259715,0.004668,-0.337585,-0.238478,-0.098553,-0.340465,-0.099014,0.370768,-0.001978,-0.145231,-0.329886,-0.234371,-0.179725,-0.240779,-0.113313,-0.092016,0.200539,0.383873,0.101105,-0.190948,-0.181158,-0.193749,-0.12055,0.069304,0.034055,0.207035,-0.237544,-0.101554,-0.314453,-0.279472,-0.000356,0.104078,-0.261,-0.215712,-0.029569,-0.437798,-0.244897,0.111602,0.391846,-0.203151,0.555886,-0.041021,-0.17688,0.236327,0.33632,-0.242745,0.283764,0.044453,-0.134942,0.417675,-0.32375,0.268744,0.206844,0.21614,-0.056492,-0.201237,-0.070486,-0.360811,-0.146731,-0.079252,#
2,-0.244977,-0.047311,1.0,0.145782,-0.011918,-0.032167,0.166718,0.284638,0.025717,-0.098414,0.074489,0.22139,-0.252223,-0.100579,-0.215619,-0.109043,0.074888,0.233232,-0.083111,0.143794,0.077488,0.017849,0.119141,0.10712,0.392986,0.196029,-0.197441,0.052493,0.008674,-0.092424,0.07449,0.083788,-0.068755,0.074077,-0.018136,0.104998,0.131566,-0.11584,0.05985,-0.07434,0.08091,0.044973,0.054853,-0.150978,0.140099,-0.082435,-0.250691,-0.0491,-0.041732,0.066017,0.130246,0.182285,0.009115,0.111107,-0.011213,-0.168299,-0.026867,0.058044,-0.080763,0.009544,0.02793,-0.101622,-0.162586,0.231457,0.155113,0.171729,-0.039184,0.05576,0.032938,0.13882,0.00677,-0.196808,-0.012338,-0.023843,0.096993,-0.038495,-0.052699,-0.020425,-0.250308,-0.182021,0.267944,0.071889,-0.030144,0.246726,0.05859,0.020546,0.126218,0.037459,0.001905,-0.015732,0.202988,0.030492,-0.036878,-0.145106,-0.108356,-0.124381,0.243657,0.144426,0.301434,0.010187,0.056459,0.105957,0.047824,0.062367,-0.097669,0.14543,0.064441,0.247767,-0.051346,0.038775,0.068812,-0.090902,-0.014548,0.17549,0.158574,0.172359,-0.268937,-0.115348,-0.008546,0.154948,0.054273,-0.026318,0.366115,-0.043049,-0.073096,0.106323,0.019515,-0.30758,-0.248336,0.057467,0.01747,-0.06599,0.086476,0.081743,0.043223,-0.085084,0.072721,0.17643,0.075949,0.149815,-0.002236,0.340235,-0.037427,-0.037101,-0.096766,-0.107981,0.049125,0.006629,0.090501,0.00628,0.181425,-0.119805,-0.011763,0.035307,0.127859,-0.22744,0.209166,0.135362,0.206865,0.178727,0.421509,-0.007858,0.317067,0.098618,0.048402,-0.048582,0.166889,-0.411117,0.154128,0.048926,0.236004,-0.067318,0.041369,0.117583,-0.170772,0.066483,-0.146514,0.113149,-0.149183,-0.111165,-0.185404,-0.026826,0.140851,-0.144227,-0.120508,0.051529,0.101777,-0.197073,0.130006,-0.131027,-0.018441,0.061228,0.087368,0.006113,-0.063442,0.316676,0.144622,-0.193794,0.005049,-0.044423,#
3,-0.059168,-0.303595,0.145782,1.0,-0.002901,-0.016185,-0.156133,0.292893,-0.047974,-0.092213,-0.008807,-0.020121,-0.064453,-0.182241,-0.033459,-0.04375,0.097465,0.090788,-0.296666,0.165931,0.064971,-0.132218,-0.020493,0.03037,0.318535,0.16678,-0.339405,-0.089274,-0.157699,-0.082358,0.416922,0.097523,0.135461,0.189041,0.005795,0.194534,0.03416,0.138871,0.08517,-0.029938,0.144255,-0.102764,-0.046879,-0.274013,0.141817,-0.15816,-0.243685,-0.199553,0.16992,-0.0391,0.134687,0.254454,0.043291,0.243953,-0.062803,-0.031482,-0.055599,0.009915,-0.039816,-0.297653,-0.183883,0.027055,-0.072292,-0.175998,-0.086314,-0.022381,0.274993,-0.20545,-0.148437,0.051391,-0.24137,-0.165417,0.106481,0.232824,0.295988,-0.132052,0.143596,0.193872,0.190325,0.123624,0.113756,0.29219,0.001954,0.103528,0.003671,-0.127548,0.15055,0.083448,0.200967,0.158782,0.146072,0.058106,0.174885,-0.124894,-0.087066,-0.040523,-0.238342,0.051315,0.334059,0.136888,-0.159017,0.229825,0.34499,0.384083,0.08903,0.162161,0.038283,-0.044487,0.066294,0.155476,-0.087448,0.05135,0.268161,0.212115,0.103492,0.433913,0.399522,0.051828,0.211023,0.037862,0.077508,0.086035,0.240381,0.152041,0.005901,0.068693,-0.04467,0.011998,0.0793,0.244242,-0.029802,0.057259,0.13884,0.020503,0.00477,0.19572,0.066739,0.011618,-0.036889,0.121326,0.004001,0.029821,0.065142,0.037598,0.262232,0.042002,0.085835,-0.059743,0.270816,0.132545,0.150947,0.104844,0.028955,0.138261,0.241904,0.301368,-0.240608,-0.135273,0.0545,0.060398,0.242465,0.334567,-0.042163,0.126778,0.228341,-0.195067,0.120739,-0.104102,0.162351,0.307397,-0.089719,-0.225216,0.072149,0.17149,-0.063555,0.325951,-0.138343,-0.130335,-0.292262,-0.030775,-0.32592,-0.091297,-0.225497,-0.261158,-0.200724,0.101624,-0.444649,-0.04427,0.063999,-0.294014,0.220912,-0.076016,-0.066922,0.069865,-0.11407,-0.017307,0.015041,0.31668,0.117478,0.153452,#
4,0.340593,0.134435,-0.011918,-0.002901,1.0,0.12587,0.090608,-0.110725,0.152454,0.288681,0.280341,0.140386,0.095592,0.135849,0.002777,0.274064,0.100449,-0.071216,0.267358,-0.164973,0.217591,-0.199846,0.241544,-0.010015,-0.035765,-0.213344,0.070139,-0.085107,0.308142,0.160075,-0.213079,0.099972,-0.031163,-0.068127,0.002593,0.12847,-0.053608,-0.195092,0.000117,-0.057589,0.225888,-0.026359,-0.172035,-0.119778,0.160235,-0.116414,0.004108,0.106677,0.111981,-0.032697,0.111966,-0.225968,0.324554,-0.129361,0.093304,0.086288,-0.279238,0.239292,0.024324,0.02707,-0.033944,0.226316,-0.070003,-0.000315,0.064458,0.172047,0.036766,0.190353,0.185079,-0.079834,-0.168581,0.192317,0.169884,-0.196101,-0.125581,0.220771,-0.207368,-0.061452,-0.176707,0.01029,-0.10941,-0.303699,-0.312179,0.167915,-0.333233,-0.010886,-0.144054,-0.297683,0.095846,-0.301377,-0.241121,-0.348208,-0.254231,-0.052502,-0.358483,-0.202432,-0.006946,-0.106071,-0.214941,0.051585,0.22061,-0.207195,-0.241986,0.058119,-0.336021,-0.172155,-0.015443,-0.0809,0.010024,0.013524,0.174119,-0.05227,-0.087563,-0.186427,-0.331326,-0.165227,0.024496,-0.134171,0.17963,-0.328293,-0.232902,-0.396366,-0.288973,-0.221468,0.174706,-0.216054,0.007773,0.003315,0.044642,-0.391034,-0.193571,-0.020702,-0.134685,-0.082245,-0.197174,0.088165,-0.232107,-0.26762,-0.273185,-0.360286,-0.35369,-0.043572,-0.480191,-0.016981,-0.116695,0.015681,-0.08447,0.175654,-0.220621,-0.365749,-0.185134,-0.087666,0.080579,-0.229598,0.189769,-0.309459,0.033059,0.408667,-0.086928,-0.192116,-0.141937,-0.357645,0.07345,-0.095617,-0.036298,0.245224,-0.091997,0.072207,-0.150784,-0.108385,0.123745,0.292893,-0.252858,-0.016943,0.14687,-0.174597,-0.187724,0.165553,0.136365,0.041127,0.360776,0.105697,-0.04478,0.113331,0.038479,-0.005176,0.062602,-0.052606,0.017661,0.063189,-0.147108,0.094816,0.31086,0.293193,-0.267908,0.04278,0.221272,-0.083024,-0.011483,0.057242,#
5,0.177531,0.250273,-0.032167,-0.016185,0.12587,1.0,0.180819,-0.208281,0.301263,0.223863,0.31382,0.039669,0.086023,0.211044,-0.062504,0.260792,-0.004527,-0.140534,0.087598,-0.167472,0.247676,0.22233,0.414651,-0.182871,-0.124505,-0.452563,0.118295,-0.07274,0.09944,0.198869,-0.255123,0.158536,-0.194938,-0.168435,-0.152861,-0.022458,0.045612,-0.336394,0.284722,-0.117025,0.196973,0.249874,0.203225,-0.080402,-0.300315,-0.160412,0.140907,-0.156094,0.329166,-0.051641,0.115883,-0.108621,0.092034,-0.248734,0.215626,0.374215,-0.491547,0.236592,-0.306029,0.179946,0.150147,0.096989,-0.031511,-0.104176,0.149098,0.23482,-0.118502,0.255763,0.01283,-0.052631,-0.291674,0.039726,0.185407,-0.211977,-0.36819,0.087654,-0.132615,-0.143796,-0.24823,-0.171243,-0.27601,-0.317974,-0.143562,0.154391,-0.261272,-0.096249,-0.124923,-0.118186,-0.028968,-0.106367,-0.118205,-0.223612,-0.339465,0.213609,-0.041228,-0.08678,0.031711,-0.18674,-0.128325,-0.185303,0.371023,-0.146283,0.080475,-0.296821,-0.140646,-0.316437,0.042045,-0.184205,-0.210149,0.110706,-0.081968,-0.072186,-0.188871,-0.118303,-0.070208,-0.349353,-0.060251,-0.122741,-0.025791,-0.118957,-0.147492,-0.002167,-0.198724,-0.294952,-0.095964,-0.128784,0.199263,0.31048,-0.296104,-0.228915,-0.216665,-0.029471,-0.438127,-0.033518,-0.042828,-0.182039,0.103491,-0.167244,0.141067,-0.455099,-0.098439,-0.0151,-0.165105,-0.120158,-0.002419,-0.321039,-0.269146,0.379022,-0.231202,0.02757,-0.023829,-0.187352,0.097302,-0.394088,-0.219179,-0.070574,-0.055374,-0.022955,-0.272622,-0.19431,-0.231222,-0.167514,-0.152423,-0.014565,-0.113032,0.253554,-0.115098,-0.194047,-0.249766,-0.295247,0.060309,0.054202,0.175484,-0.135404,0.404716,-0.373798,-0.400546,0.246704,0.090683,0.011898,0.291663,0.122762,0.058807,0.301884,-0.091054,-0.196245,0.060321,0.126521,-0.120122,0.311128,-0.275254,0.09538,0.023019,0.222531,-0.039528,0.131872,0.13025,-0.235086,-0.181382,0.041291,#
6,0.057768,0.043581,0.166718,-0.156133,0.090608,0.180819,1.0,-0.11464,0.145912,0.159491,0.205214,0.068895,0.103888,-0.154973,0.131488,0.066344,0.105944,0.055112,0.155789,-0.058468,0.319242,0.151621,0.066264,-0.153976,-0.016631,-0.302167,-0.06197,-0.052878,0.076018,-0.06476,-0.133825,-0.16695,-0.127831,-0.068665,-0.015852,-0.206715,0.233804,-0.093589,-0.071885,0.114799,-0.006747,0.206216,-0.068018,0.092019,0.000773,-0.073249,-0.019976,-0.067924,0.138626,0.26504,0.122281,-0.209933,-0.087556,-0.255966,-0.004308,0.190448,-0.071448,0.128736,-0.071077,0.16701,-0.055768,0.283377,0.02802,0.19918,0.018361,0.109589,-0.228063,0.016981,0.132323,-0.009587,0.109321,-0.159685,-0.024613,-0.225449,-0.317829,-0.145456,-0.122701,-0.242786,-0.391131,-0.021522,-0.083567,-0.252527,-0.064803,0.085508,-0.12443,0.156577,0.074435,-0.02905,-0.063612,-0.210542,0.065586,-0.098254,-0.127844,0.179104,0.138425,-0.200933,0.01019,-0.206179,0.005063,-0.116301,0.154207,-0.370192,-0.203083,-0.199312,-0.19487,-0.027395,-0.23447,0.131311,-0.09957,-0.096736,-0.017127,-0.197602,-0.273522,-0.160132,-0.03418,-0.242938,-0.274766,-0.377755,0.089245,-0.058188,-0.0025,-0.124488,-0.180881,-0.196464,-0.195024,0.159276,0.201907,0.223685,-0.168363,-0.180011,0.002204,0.150438,-0.045019,0.04247,0.046082,0.012805,-0.016895,-0.176569,-0.100444,0.087701,0.019482,0.196498,-0.01449,0.020178,-0.244856,-0.182374,-0.047799,0.476707,-0.165381,0.0868,0.090644,-0.174668,0.09021,-0.022595,-0.082087,-0.094436,0.081996,0.141147,-0.124267,0.020772,0.036405,-0.202081,0.009332,0.057531,-0.028455,0.162307,-0.164952,-0.21179,-0.037058,-0.170633,0.164123,0.106161,0.147795,-0.089068,0.011074,-0.1258,-0.006386,0.299056,0.154029,0.014557,0.081662,0.143261,0.268555,0.124757,-0.066828,0.045342,0.173701,-0.00347,-0.188883,0.000174,-0.117781,0.180305,0.128474,0.223875,0.083348,0.41729,-0.001804,-0.040619,-0.196849,-0.002245,#
7,-0.157086,-0.34828,0.284638,0.292893,-0.110725,-0.208281,-0.11464,1.0,-0.129154,-0.174099,-0.257752,-0.174323,-0.1306,-0.314978,0.074817,-0.02907,-0.013594,-0.004902,-0.140801,0.26348,-0.069683,-0.032657,-0.219932,0.254311,0.369623,0.215662,-0.256901,0.122765,-0.316192,-0.144699,0.268669,0.121692,0.061108,0.15327,0.071126,0.160722,0.022977,0.233666,0.187164,-0.108466,-0.081259,-0.069768,0.105764,-0.083101,0.297548,-0.015979,-0.127563,0.151676,-0.145181,-0.330819,0.110594,0.276106,-0.005907,0.12665,-0.078071,-0.147005,-0.032227,-0.059759,0.101064,-0.331549,-0.168853,-0.272328,-0.27107,-0.009781,-0.31748,0.024983,0.272515,-0.059263,-0.037779,0.118681,-0.083967,0.034682,0.176918,0.117414,0.286642,-0.033761,0.287528,0.013897,0.074561,0.077398,0.153587,0.25871,0.028506,0.043424,0.014689,0.038651,0.038302,0.148638,0.175389,0.0513,0.26828,0.041864,0.087075,-0.370352,-0.082373,-0.06633,0.132716,0.2966,0.156848,0.14396,-0.194859,0.251404,0.433551,0.11327,0.131049,0.20104,0.095994,0.266569,0.124155,-0.103744,0.114237,0.032241,0.358182,0.093943,0.120823,0.358865,0.197248,0.032551,-0.105961,0.041328,0.193544,0.028919,0.132082,0.182605,0.059642,-0.007629,-0.25783,0.031192,0.071607,0.393439,0.080052,-0.117024,0.08191,-0.058254,0.077931,0.242125,-0.156646,0.12697,0.223158,0.290229,0.06699,0.094448,0.24585,0.038256,0.120484,0.136163,0.000568,-0.210917,0.14856,0.19455,0.144809,0.244424,-0.144914,0.102958,0.246248,0.155555,-0.004013,-0.186497,0.052397,0.003645,0.315795,0.28205,0.044614,0.142322,0.20306,-0.232173,0.152845,-0.040514,0.375971,0.108531,-0.094743,-0.078866,0.065558,0.045419,-0.195944,0.182989,-0.153186,-0.2715,-0.27812,-0.16571,-0.439798,-0.06288,-0.2522,-0.220799,-0.284115,-0.111073,-0.025844,-0.124716,0.105104,-0.336354,0.298732,-0.170714,-0.166015,-0.14462,-0.045901,0.197321,0.077687,0.214419,0.186472,-0.152437,#
8,0.202147,0.160107,0.025717,-0.047974,0.152454,0.301263,0.145912,-0.129154,1.0,0.342916,-0.011442,0.032148,0.012937,0.244347,-0.214258,0.108167,-0.150392,0.292168,0.361949,0.020126,0.096089,0.053554,0.430043,-0.11902,0.06307,-0.358491,-0.13539,-0.244969,0.160249,0.224616,-0.201105,-0.044241,-0.176888,-0.057224,-0.083619,0.413777,0.210771,-0.422584,0.105713,-0.198464,0.108722,0.086278,-0.095498,0.018425,-0.025971,0.055173,0.16393,0.111663,0.125465,0.048886,0.260466,-0.140304,0.095718,-0.045285,-0.154891,0.101469,-0.194776,0.270531,-0.275309,0.100019,0.255725,0.083442,0.028051,-0.193102,-0.171241,0.256039,0.160965,0.279886,0.284887,-0.048013,-0.075437,0.168377,-0.192576,-0.026573,-0.335794,0.209712,0.049404,-0.126204,-0.215397,0.132285,-0.006487,-0.277837,-0.114468,0.125314,0.080881,-0.1388,-0.176356,-0.177384,0.098252,-0.010867,-0.359418,-0.18172,-0.238699,0.160062,-0.262032,-0.24269,0.074417,-0.01642,0.055983,-0.23491,0.132574,0.122855,-0.207827,0.172972,-0.210512,-0.229175,-0.220387,-0.113772,0.220911,-0.105356,0.212888,-0.223136,-0.126198,-0.176339,-0.209525,-0.235709,-0.01396,-0.16234,0.136139,-0.420569,-0.051915,-0.318707,-0.228411,-0.276687,-0.041063,-0.0067,0.01384,0.11839,-0.327817,-0.221993,-0.072389,-0.009865,-0.279292,-0.159724,-0.344993,-0.16753,-0.223137,-0.150588,0.150642,-0.301518,-0.176521,-0.231382,-0.303471,-0.307179,-0.29395,-0.462589,-0.027464,0.310266,-0.248813,-0.024457,0.134611,-0.395761,0.193952,-0.276132,-0.005175,0.045294,0.041735,0.439814,-0.151354,0.141492,-0.22916,-0.1444,-0.113989,0.272649,0.158882,-0.054686,-0.163533,-0.203545,-0.305254,-0.009199,0.107844,0.229578,0.040961,-0.152225,0.172805,-0.215712,-0.174701,0.171079,0.175533,0.138213,0.210122,0.089473,-0.097033,0.064585,0.184198,0.166758,0.081622,0.070543,-0.315641,0.396763,-0.217378,0.114906,0.044047,0.173561,-0.190526,0.06415,-0.100912,-0.128006,0.025387,-0.159921,#
9,0.333515,0.232116,-0.098414,-0.092213,0.288681,0.223863,0.159491,-0.174099,0.342916,1.0,0.032296,0.160161,0.241027,0.204145,0.055913,0.38393,-0.022746,0.139095,0.258447,-0.250806,0.253179,-0.082476,0.223717,-0.379364,-0.169703,-0.257277,-0.049955,-0.11705,0.147128,0.260227,-0.232024,0.05757,-0.064158,-0.190381,-0.008641,0.141552,-0.092753,-0.408943,0.113256,0.126993,0.008822,0.09374,-0.215993,0.044912,-0.04235,-0.022814,-0.000701,-0.133888,-0.167952,0.041077,0.140138,-0.479797,-0.028213,-0.158038,0.230222,0.230286,-0.243214,0.259826,-0.289237,-0.114682,0.153342,0.277699,-0.024478,-0.13533,-0.125246,0.128452,0.060572,0.144994,0.221144,-0.070913,-0.168563,0.183893,0.002213,-0.134678,-0.107732,0.090864,-0.306322,-0.126488,-0.42294,-0.101994,-0.245785,-0.333426,-0.032108,-0.047417,-0.158404,-0.172282,-0.126481,-0.167092,-0.124833,-0.119772,-0.215583,-0.32957,-0.247036,0.06737,-0.155639,-0.071081,0.080997,0.008775,-0.21169,-0.133804,0.205959,-0.180501,-0.258019,-0.042939,-0.275041,-0.143418,-0.349858,-0.210131,0.097536,-0.083243,-0.049877,-0.117817,-0.226418,-0.241797,-0.377046,-0.071529,-0.207351,-0.245224,-0.182333,-0.294469,-0.201298,-0.144777,-0.445405,-0.199168,-0.062419,-0.140066,-0.074306,0.032674,-0.042781,-0.364914,-0.141857,-0.188116,-0.173932,-0.208502,-0.46362,-0.171052,-0.117817,-0.276323,-0.147873,-0.317301,-0.091399,-0.334191,-0.364923,-0.194409,-0.242966,-0.252905,0.013615,0.421458,-0.370274,-0.245252,-0.107878,-0.385076,-0.087204,-0.290698,-0.274896,-0.109823,-0.016047,0.324664,-0.254931,-0.084371,-0.464647,-0.237196,-0.08174,-0.010487,-0.004455,0.067327,-0.349399,0.087024,-0.139399,-0.130375,0.08181,0.169318,0.064037,-0.240102,0.136115,-0.221249,-0.070009,0.344207,0.177958,-0.184447,0.235006,0.230025,-0.013502,0.271664,0.259359,-0.173303,0.276224,-0.043505,0.005006,0.349969,-0.220153,-0.004678,0.288214,0.366894,0.013387,0.012478,0.109232,-0.173749,-0.221798,-0.088729,#
10,0.224979,0.111077,0.074489,-0.008807,0.280341,0.31382,0.205214,-0.257752,-0.011442,0.032296,1.0,0.074776,0.052339,-0.184015,0.070541,0.164411,0.281015,-0.275825,-0.117694,-0.186544,0.235661,0.065943,0.027686,0.091979,-0.086276,-0.189877,0.145081,-0.075755,0.176496,-0.03101,-0.221847,0.102506,-0.019005,-0.221482,0.320955,-0.069047,0.187198,-0.154894,-0.083295,0.312733,-0.097073,0.037069,-0.187383,-0.158884,-0.070098,-0.209923,-0.112993,-0.077239,0.235206,0.032464,0.150279,-0.14739,-0.107093,0.043079,0.483212,-0.050345,-0.447206,0.086668,0.110351,0.182791,-0.060793,0.256039,-0.120667,0.075572,0.152164,-0.056823,-0.245558,0.011734,0.104468,-0.323866,0.030736,-0.147909,0.087521,-0.37354,-0.346324,0.077283,-0.298797,0.223606,-0.259346,-0.301226,-0.295748,-0.218588,-0.087877,-0.041541,-0.568897,-0.098631,-0.194896,-0.04465,-0.294334,-0.36543,-0.128163,-0.364254,-0.119716,-0.201124,-0.093031,-0.097589,-0.205188,-0.203928,-0.064072,-0.123764,0.146634,-0.208412,-0.230782,-0.182332,-0.301138,-0.200468,-0.066032,0.186125,-0.270275,0.208557,-0.255857,-0.21276,-0.497487,-0.166705,-0.210837,-0.360534,-0.224985,-0.250135,-0.177675,0.146649,-0.49651,-0.000916,-0.059588,0.104032,-0.120825,-0.131523,0.173556,-0.027715,-0.177858,-0.274283,-0.239427,-0.101254,-0.28171,-0.025359,-0.003733,-0.145916,-0.032115,-0.241261,-0.240299,-0.201201,-0.307584,0.207245,-0.197417,-0.061511,-0.241728,-0.154651,-0.214212,0.162673,-0.155424,-0.234024,-0.140928,-0.150452,-0.113825,-0.301157,-0.123122,-0.279864,0.209232,-0.141145,-0.216521,-0.155925,0.010792,-0.296013,-0.056512,-0.267323,-0.328888,0.19549,-0.113937,-0.054528,-0.363215,-0.325944,0.328753,0.058683,-0.254477,-0.162416,0.105428,-0.313312,-0.264323,0.35577,0.185088,0.330764,0.227427,0.067213,0.363491,0.196763,0.000615,-0.151443,-0.131013,-0.099199,0.380715,0.135293,-0.49025,0.431221,0.184952,0.16177,-0.020607,-0.047311,0.18399,-0.479909,-0.401083,-0.013197,#
11,-0.028455,0.125511,0.22139,-0.020121,0.140386,0.039669,0.068895,-0.174323,0.032148,0.160161,0.074776,1.0,-0.297172,0.136914,0.082515,0.34991,-0.063931,-0.108172,0.023282,-0.164898,0.139857,-0.332968,0.083976,-0.163046,-0.000217,-0.136454,0.008216,-0.123296,0.196987,0.246036,-0.21388,0.093084,-0.327385,-0.20618,-0.061953,0.143592,-0.272517,-0.017063,0.151329,0.360301,-0.00306,-0.093396,-0.103079,-0.068187,0.230449,0.144378,-0.173154,-0.127356,-0.170363,0.208451,0.257397,-0.189645,0.100313,0.113054,-0.178471,0.006305,-0.078707,-0.177309,-0.146599,-0.069194,-0.1484,0.252011,0.135089,0.149738,0.116986,-0.177701,0.154604,0.012855,-0.076405,-0.177519,0.083254,0.070228,0.080349,-0.026886,-0.08327,0.058291,-0.363294,-0.186243,-0.159525,-0.286851,-0.089832,-0.060106,-0.083805,0.044898,0.019708,0.000349,-0.248589,-0.269066,-0.06905,-0.211381,-0.053788,-0.059496,0.003008,-0.199005,-0.256778,-0.196264,-0.270166,-0.248378,-0.32712,-0.05865,0.02104,0.07396,-0.091744,-0.108886,-0.288452,-0.158826,-0.204059,-0.094852,-0.159625,0.026146,-0.293762,0.139811,-0.183914,0.030999,-0.133053,-0.061319,0.036418,-0.035523,-0.003784,-0.258851,-0.271951,-0.173616,-0.139668,-0.025389,0.160392,-0.12895,-0.113664,-0.199646,-0.185094,-0.256606,-0.012484,-0.316715,-0.076195,0.14155,-0.185067,-0.138364,0.156089,0.013444,-0.054373,-0.188222,-0.26741,0.046915,-0.144838,-0.080933,-0.259367,-0.233309,0.250855,0.194431,-0.049668,-0.072775,0.007269,-0.347849,-0.178265,-0.27628,-0.206373,-0.120934,-0.081856,0.190982,-0.172781,-0.055492,-0.086453,-0.098109,-0.028889,-0.116634,-0.111912,-0.096249,-0.216948,-0.01261,0.045412,-0.131301,0.271856,-0.191681,-0.118699,-0.251246,0.22687,0.02811,-0.2904,0.108496,0.063713,-0.122557,0.024337,0.113223,0.085869,0.199851,0.20578,-0.068852,0.161532,-0.156646,-0.009224,0.092847,-0.29999,0.263581,0.271576,0.198091,-0.239596,-0.061656,0.104763,-0.25789,0.075097,0.359595,#
12,0.290306,-0.012252,-0.252223,-0.064453,0.095592,0.086023,0.103888,-0.1306,0.012937,0.241027,0.052339,-0.297172,1.0,0.186043,-0.006166,0.061318,0.065604,-0.067068,0.141267,-0.025756,0.188352,0.153355,0.020384,-0.179662,0.041996,-0.207624,0.01293,-0.167821,0.147853,-0.024749,-0.034953,0.246225,-0.052994,0.048745,-0.309782,-0.284991,-0.078545,-0.126649,-0.053382,-0.276883,-0.09685,0.213849,-0.160591,0.06912,0.077071,-0.206891,0.13743,0.056555,-0.027247,-0.025565,0.050021,0.034802,0.161581,-0.088988,0.194386,0.217382,-0.119268,0.155133,-0.070738,0.045445,0.061478,-0.057116,0.020679,-0.285941,-0.166993,0.258256,-0.058738,0.211831,0.112551,0.095914,0.018612,0.032604,-0.134299,-0.10241,-0.036275,0.010202,0.007633,-0.164143,0.065687,-0.024439,-0.128245,-0.245906,0.140437,0.013426,0.000858,-0.138876,-0.003276,-0.068792,-0.009392,-0.177572,0.116147,-0.242036,-0.168379,0.236277,0.171423,0.110166,0.139679,0.049261,-0.152152,-0.030753,0.1989,-0.11732,-0.008087,-0.08266,0.00189,-0.132923,0.093747,0.043254,-0.165263,-0.228789,0.311857,-0.188021,0.011068,-0.138187,0.074234,-0.262634,0.074156,0.022024,-0.035654,0.057176,0.0073,-0.184642,-0.326236,-0.041067,-0.039736,0.042894,-0.236562,0.1429,0.142242,-0.094509,-0.236423,0.303118,-0.093867,-0.047517,-0.000663,0.113345,-0.188022,-0.272584,-0.076236,-0.159723,-0.045433,0.156983,-0.021919,0.01204,-0.021743,0.208722,-0.114291,0.282949,-0.204399,-0.115469,-0.146195,-0.03558,0.073891,-0.111365,-0.067868,-0.104766,0.219476,0.088752,0.0008,-0.042162,-0.084652,0.031097,0.006737,0.066907,0.029807,0.072426,0.13038,-0.051208,0.027389,-0.015137,0.005014,0.324668,0.264309,0.142868,0.094401,-0.074432,0.138575,0.015199,0.041482,-0.076116,0.243092,-0.023113,0.128024,0.045199,-0.002379,0.129838,0.146798,0.067083,0.085724,0.144448,0.144635,-0.053016,0.009714,0.014643,0.063792,0.085228,0.033354,0.0669,-0.091868,-0.061083,#
13,0.187272,0.331598,-0.100579,-0.182241,0.135849,0.211044,-0.154973,-0.314978,0.244347,0.204145,-0.184015,0.136914,0.186043,1.0,0.060043,0.243423,0.001933,0.090814,0.103893,-0.16244,-0.187812,0.093715,0.299271,-0.334503,-0.135204,-0.252494,0.013498,-0.197186,0.153678,0.268337,-0.336824,0.15877,-0.266804,0.011165,-0.241314,0.127095,-0.164256,-0.131037,0.185051,-0.285983,0.050691,0.063966,-0.070342,0.233681,-0.073313,-0.136961,0.231656,0.104181,-0.177222,0.001865,-0.142954,-0.096081,0.211574,-0.280077,-0.150865,0.17529,-0.085565,0.269927,-0.199397,0.209495,0.250778,0.079366,-0.006823,-0.251841,-0.007251,0.224815,-0.00906,0.250124,0.151169,-0.03208,-0.015538,0.148013,-0.20709,0.264046,0.11306,0.209008,-0.060162,-0.307929,-0.254618,0.092334,0.073072,-0.245254,-0.065942,0.13597,0.223204,0.217471,-0.136493,-0.135478,-0.0028,0.020169,-0.126308,-0.135902,-0.183133,0.369255,-0.135817,0.033111,0.216068,0.05307,0.101532,-0.115186,0.338795,-0.07861,-0.170818,-0.028806,0.154941,-0.230912,-0.097272,-0.39616,0.136333,0.000558,0.197643,0.106766,-0.005905,0.049515,-0.002451,-0.025393,-0.051787,0.192037,-0.05581,-0.281538,-0.001132,-0.253986,-0.100186,-0.292252,0.024224,0.035008,-0.123081,0.12234,-0.108343,-0.234112,-0.031684,0.089148,-0.347952,-0.192004,-0.120959,-0.179766,-0.074841,-0.059699,0.175232,-0.265214,-0.160102,-0.168378,-0.295358,-0.182071,0.116013,-0.193232,0.000515,0.102358,-0.105965,0.035514,-0.117893,-0.17229,0.249426,-0.138737,-0.108817,0.024114,0.184284,0.293699,0.134484,-0.009466,-0.316291,-0.246579,0.310369,0.386455,0.184965,0.239835,0.048098,-0.07237,-0.078251,-0.027974,-0.217558,0.170825,0.065529,0.065517,0.137978,-0.07118,0.00909,-0.106379,0.140175,0.058093,0.438392,-0.122594,-0.122283,0.213491,0.159852,-0.189843,0.385846,0.093268,-0.251455,0.144795,0.033201,-0.219599,0.066823,0.106992,-0.033986,-0.290233,-0.16077,-0.128479,-0.054902,-0.165244,#
14,0.191932,0.26785,-0.215619,-0.033459,0.002777,-0.062504,0.131488,0.074817,-0.214258,0.055913,0.070541,0.082515,-0.006166,0.060043,1.0,0.184867,0.233991,-0.138292,-0.13307,-0.023854,-0.181658,-0.103123,-0.191425,-0.087991,0.089966,-0.048739,0.184625,0.02579,-0.132542,0.037075,-0.137716,0.029162,-0.010945,-0.171712,0.194815,-0.061254,-0.070913,0.135415,-0.062225,0.431845,-0.057454,-0.074789,-0.280589,-0.100857,0.294784,-0.444413,0.194541,0.010426,-0.040919,-0.110039,-0.053112,-0.074663,-0.134822,-0.107734,0.012198,0.165033,-0.007802,-0.034949,0.241583,0.120359,-0.303875,0.648072,-0.039494,0.108908,-0.220677,-0.002575,-0.013021,-0.161304,0.127246,-0.259188,0.162337,-0.153835,-0.111759,-0.010834,0.211289,-0.034562,-0.387759,-0.155655,-0.338014,-0.030257,-0.055138,-0.193856,-0.122914,-0.130005,-0.148478,-0.038423,-0.032618,-0.160905,-0.038089,-0.022993,0.061189,-0.134069,-0.067191,-0.007764,-0.058184,-0.123265,0.04549,-0.080291,-0.271976,-0.158846,-0.01373,-0.173577,-0.016641,-0.03891,0.064699,-0.037064,-0.1135,-0.134376,0.091985,-0.082739,-0.107643,0.016802,-0.286866,0.032197,-0.242381,-0.152608,-0.020522,-0.173244,0.102249,-0.191759,-0.120643,0.065717,-0.142849,0.015652,0.220029,-0.089381,-0.200363,0.096769,0.045118,-0.170537,-0.121801,-0.261432,-0.15018,-0.196743,-0.06073,-0.18352,0.037028,-0.176126,-0.14051,0.07944,-0.225231,0.044512,0.094054,-0.170161,-0.16143,-0.037501,0.058839,0.091115,-0.083087,0.025235,-0.130405,0.031678,-0.335066,-0.155038,-0.021245,-0.060884,0.179198,-0.042923,-0.178472,-0.173951,-0.147725,-0.04972,-0.007978,-0.116085,-0.116731,0.01331,-0.164252,0.161664,-0.043169,-0.444121,0.015402,-0.134355,-0.160455,-0.127684,-0.098576,-0.027774,-0.282649,-0.075244,0.069834,-0.073336,0.180105,-0.018164,-0.006748,0.188332,-0.032015,-0.172843,0.293272,-0.028979,0.109677,-0.16231,-0.109023,0.124863,0.032646,0.118817,-0.154404,-0.001094,-0.071959,0.061179,-0.072749,0.177187,#
15,0.21056,-0.171889,-0.109043,-0.04375,0.274064,0.260792,0.066344,-0.02907,0.108167,0.38393,0.164411,0.34991,0.061318,0.243423,0.184867,1.0,0.10888,-0.158912,0.037825,-0.1687,0.075894,-0.245591,0.063799,-0.357294,-0.173021,-0.203001,0.04902,-0.154272,0.215898,0.290414,-0.262958,0.309144,-0.169475,-0.241751,0.185487,0.01512,-0.24468,-0.251543,0.470085,0.201526,-0.064164,-0.195874,-0.156669,0.073138,0.011855,0.044269,0.006741,-0.196822,-0.027831,-0.011004,0.332258,-0.108179,0.074641,-0.024328,0.070795,0.302957,-0.062507,-0.054182,-0.220621,-0.096369,-0.138616,0.174992,-0.056488,-0.063122,-0.048111,-0.040124,0.285409,0.074027,0.084191,-0.312523,-0.094636,-0.00313,-0.119241,0.024005,0.003744,0.091021,-0.149617,-0.251508,-0.210613,-0.093029,-0.10728,-0.109419,0.084733,0.087892,-0.099712,-0.023749,-0.237265,-0.062388,-0.252242,0.013365,0.01529,-0.376908,-0.166153,-0.082574,-0.362126,-0.122578,0.055843,-0.173623,-0.349866,-0.013304,0.158928,-0.139322,-0.183363,-0.001145,-0.121481,-0.080231,-0.141427,0.140636,-0.021458,0.188765,-0.349245,0.252171,-0.130018,-0.185013,-0.241406,-0.20167,0.015372,0.003111,-0.153569,-0.180971,-0.358843,0.023083,-0.157757,-0.001042,0.104415,-0.15822,-0.290562,0.000337,-0.147033,-0.231561,-0.253757,-0.292924,-0.315749,-0.162145,-0.363713,-0.050264,0.086976,-0.222682,-0.220374,-0.129487,-0.225913,-0.088771,-0.072243,-0.028536,-0.081417,-0.07383,-0.040693,0.25353,-0.312005,-0.193153,0.044835,-0.311538,-0.030433,-0.492263,-0.172617,-0.185207,-0.136692,0.04788,-0.39668,-0.239716,-0.515181,-0.188906,-0.024952,-0.155167,-0.068222,-0.061162,-0.344551,0.140359,0.113137,-0.17017,0.064113,-0.065552,-0.114004,-0.184279,0.295104,-0.046021,-0.217884,0.261866,0.14296,0.002357,0.141011,0.038145,0.012314,0.424572,0.039649,-0.157402,0.283674,-0.099742,0.081419,0.099723,-0.220357,0.030231,0.381898,0.325233,-0.006815,0.067267,0.085882,-0.11083,-0.062917,-0.015843,#
16,0.047184,-0.270635,0.074888,0.097465,0.100449,-0.004527,0.105944,-0.013594,-0.150392,-0.022746,0.281015,-0.063931,0.065604,0.001933,0.233991,0.10888,1.0,-0.186658,-0.15905,0.082032,-0.100465,-0.052713,-0.262667,-0.085675,-0.103657,-0.008704,-0.262027,0.021198,-0.039383,-0.164895,0.004078,0.054013,-0.177701,0.063693,0.188789,0.040897,0.217266,-0.031574,0.024497,0.088021,-0.174371,-0.016339,-0.186964,-0.138909,0.082062,-0.083605,-0.062004,-0.273636,0.200331,0.161926,0.123581,0.064164,-0.26311,-0.200029,0.301068,0.097187,0.05064,0.058266,0.064694,0.081304,-0.141206,0.245571,-0.063237,0.044596,0.041766,-0.209831,-0.190153,-0.221431,0.048078,-0.436892,0.159583,-0.189925,-0.240681,-0.091616,0.070638,-0.033882,-0.279581,0.077712,-0.286871,-0.069723,0.041397,0.174812,0.002499,0.179619,-0.301762,0.124318,0.168348,0.106149,-0.113435,0.010746,0.08913,0.030498,0.103715,0.046518,0.067931,-0.16966,-0.103271,-0.125207,0.059129,-0.289674,0.118243,-0.033046,-0.102811,-0.188722,-0.249618,0.170308,-0.152237,0.021735,-0.102635,0.125476,-0.151283,-0.164755,-0.048334,-0.025008,-0.320685,0.082251,-0.114619,-0.166311,0.142393,0.093153,-0.11304,0.212424,0.107241,0.082763,0.028334,0.019753,-0.173821,-0.079191,0.084531,-0.22818,0.093338,0.247772,-0.152128,0.106465,-0.078355,-0.180631,0.027323,-0.073533,-0.203866,0.236409,-0.15238,0.083256,0.137909,0.10619,-0.135663,0.044845,0.118206,-0.168916,0.080843,0.055563,-0.010753,0.058267,-0.056441,-0.012709,0.04808,-0.181985,0.217334,-0.025554,-0.145717,0.001763,0.134038,-0.083834,0.187654,-0.147243,-0.276581,0.05943,0.175133,0.147987,-0.012867,-0.057915,0.297302,-0.0517,0.030135,0.286098,0.100691,-0.092426,-0.044318,0.11751,0.070682,0.175735,0.07651,0.00143,0.128983,0.026264,-0.100976,-0.112352,0.118616,0.086154,0.160169,-0.337888,-0.094266,0.080642,-0.040428,-0.133746,0.034974,-0.044302,0.229727,-0.097693,-0.216798,0.127744,#
17,-0.012023,0.184238,0.233232,0.090788,-0.071216,-0.140534,0.055112,-0.004902,0.292168,0.139095,-0.275825,-0.108172,-0.067068,0.090814,-0.138292,-0.158912,-0.186658,1.0,0.083791,0.20578,0.115496,-0.063639,0.116848,0.096129,0.205269,0.037974,-0.190222,0.010979,0.014755,0.074743,0.181774,-0.00526,0.313575,0.181667,-0.047755,0.039222,0.019468,-0.125268,-0.137506,-0.149119,0.116561,-0.044629,-0.031933,0.287948,0.012734,-0.031586,0.012266,0.102519,-0.192704,0.092307,0.223697,-0.096824,0.09633,-0.070166,-0.266102,0.051956,0.400171,0.287073,0.024572,-0.095966,0.046034,-0.046967,0.133838,-0.073693,0.011241,0.180299,0.191507,0.064559,0.061079,0.163609,-0.138414,-0.21785,0.055441,-0.091827,-0.009864,-0.249804,0.023825,-0.021069,-0.084826,0.310912,0.241557,0.056578,0.005858,-0.029778,0.385707,-0.206898,0.223749,-0.170357,0.058087,0.063204,-0.092113,0.058521,-0.012437,0.260484,-0.152989,-0.187101,0.011233,0.217227,0.427431,0.046004,0.167575,0.195595,-0.025304,0.168554,0.063265,0.124871,-0.274651,-0.160162,0.160907,-0.070373,0.262249,0.035677,0.124178,0.198933,0.151365,0.008608,-0.143072,0.021227,-0.07157,-0.178978,0.326656,-0.004356,-0.050643,-0.184085,0.289536,-0.049044,0.309528,0.121018,-0.241647,0.035378,0.151823,-0.004949,-0.143167,-0.161773,-0.144379,0.083942,-0.131618,0.096425,0.007697,-0.024938,0.073493,-0.061883,-0.124877,-0.084944,0.005867,-0.181828,-0.184675,0.181284,-0.079499,-0.006791,0.070395,-0.316646,0.148488,0.064186,0.034837,0.077176,-0.078951,0.281165,0.18365,0.214315,0.069722,0.054145,-0.047792,0.380609,0.279545,-0.027752,-0.065086,-0.162737,-0.025228,0.285548,-0.031182,0.167515,0.108768,-0.021033,-0.143087,0.170906,0.134529,0.169084,-0.045269,-0.211627,0.123619,0.136581,-0.220587,-0.327109,-0.065824,-0.04085,-0.118053,0.136818,-0.253401,0.209208,0.174631,-0.20721,0.168173,0.07846,-0.047197,-0.064609,-0.103146,0.118087,0.100488,-0.291984,#
18,-0.055749,0.074364,-0.083111,-0.296666,0.267358,0.087598,0.155789,-0.140801,0.361949,0.258447,-0.117694,0.023282,0.141267,0.103893,-0.13307,0.037825,-0.15905,0.083791,1.0,0.061154,0.199094,0.077521,0.30789,0.087279,-0.042124,-0.227616,0.229827,0.185857,-0.043154,0.285362,-0.14084,-0.279828,-0.154192,0.16155,-0.185315,0.046536,-0.17282,-0.229914,0.005709,-0.12237,-0.052865,-0.028126,0.156442,0.159223,-0.247956,-0.098202,0.105807,0.131477,-0.143066,0.133648,0.241951,-0.062572,0.253329,-0.181189,-0.102135,0.012949,-0.031505,-0.107577,-0.070174,0.187758,-0.099262,0.0421,-0.089473,-0.083234,-0.064237,0.144814,-0.041991,0.110796,0.196317,0.199859,0.113434,0.132507,-0.017825,0.157033,-0.192609,0.122709,-0.100017,-0.242033,0.022676,-0.004156,-0.143263,-0.326096,-0.175759,0.103391,-0.014517,-0.122724,-0.180267,-0.103032,0.07174,-0.169433,-0.171482,-0.012774,-0.08615,0.212694,-0.024391,-0.047647,0.180722,-0.051841,-0.175363,-0.074872,0.150269,0.144653,-0.247293,0.0988,-0.068265,-0.24735,-0.00261,0.019602,0.037719,-0.013629,0.208973,-0.081629,-0.010029,-0.143431,-0.327057,-0.20912,-0.047883,-0.055831,0.113831,-0.266742,-0.033769,-0.315038,-0.295867,-0.474186,-0.176798,-0.277059,0.092384,-0.113288,-0.142527,-0.17968,-0.040744,0.023097,-0.027554,0.120292,-0.366899,-0.011414,-0.077381,-0.160775,-0.191525,-0.111827,0.083708,0.093005,-0.249386,-0.406305,-0.192208,-0.288986,0.003392,0.276343,-0.368424,-0.133827,0.048929,-0.331674,0.177099,-0.131847,-0.190315,-0.028289,-0.010918,0.316131,0.133858,0.2609,-0.095796,-0.197731,-0.059485,0.095494,0.027475,-0.022467,0.021362,-0.048036,-0.017741,0.029347,0.088227,0.33112,0.048547,-0.210027,0.094945,-0.341379,0.099359,0.13187,0.132236,-0.041272,0.34371,-0.099704,0.084272,0.124634,0.072801,0.213416,0.236675,0.005882,-0.398195,0.233955,-0.034567,-0.149064,-0.220339,0.086951,-0.203967,0.102021,0.098695,-0.032947,0.248867,0.0595,#
19,-0.256725,-0.112612,0.143794,0.165931,-0.164973,-0.167472,-0.058468,0.26348,0.020126,-0.250806,-0.186544,-0.164898,-0.025756,-0.16244,-0.023854,-0.1687,0.082032,0.20578,0.061154,1.0,-0.186151,-0.095344,-0.128897,0.446123,0.302824,0.140304,0.033591,0.091987,-0.330697,-0.025338,0.30265,-0.131806,0.02697,0.465994,-0.093448,0.100312,0.173901,0.12914,-0.032423,-0.099622,0.046573,-0.158161,0.080111,-0.12159,0.104319,0.088123,0.061387,0.091797,-0.168842,-0.005562,-0.028999,0.324479,-0.054793,-0.147474,-0.174669,-0.110513,0.173997,-0.2045,0.185962,-0.190099,-0.136156,-0.06457,0.076167,0.139599,-0.077222,0.001888,0.242237,-0.117036,-0.142306,0.119402,0.004289,-0.405579,-0.143999,-0.001426,0.020643,-0.218249,0.482042,0.091608,0.31414,0.182939,0.503025,0.207636,0.170414,-0.267923,0.229414,0.238672,0.153598,0.027453,0.286344,0.350434,0.112443,0.248528,0.199325,-0.022472,-0.196425,0.130161,0.218943,0.279072,0.22481,0.033357,-0.077737,0.277935,0.050866,0.044425,0.162178,0.359909,0.027814,0.162973,0.21278,-0.202031,0.251702,-0.010678,0.452609,0.173454,0.171257,0.054095,0.231062,0.108878,0.107331,0.022193,0.319347,0.023595,0.306009,0.05677,0.082581,0.261502,0.065173,-0.004963,0.182485,0.393427,0.042251,0.229074,0.133259,-0.067967,0.00483,0.164508,0.007794,0.156832,0.011778,0.14127,0.162467,0.213111,0.31383,0.19787,0.31014,0.179923,0.070523,-0.224065,0.214341,0.145664,0.017486,0.206357,0.067874,0.130315,0.368779,0.304615,0.210773,-0.104807,0.186025,0.3562,0.286143,0.29402,0.008005,0.110688,0.320403,-0.025152,0.354926,0.109183,0.092508,0.250222,-0.085314,0.184571,0.129126,0.149645,-0.335079,0.147958,-0.060566,-0.242727,-0.120124,0.099737,-0.088698,-0.102306,-0.147522,-0.324909,-0.161486,0.178524,-0.101527,0.234548,-0.077023,-0.402148,0.370183,-0.275012,-0.227274,-0.230246,-0.129815,-0.11977,0.080588,0.237693,-0.069885,-0.109988,#
20,0.273322,0.10928,0.077488,0.064971,0.217591,0.247676,0.319242,-0.069683,0.096089,0.253179,0.235661,0.139857,0.188352,-0.187812,-0.181658,0.075894,-0.100465,0.115496,0.199094,-0.186151,1.0,0.238973,0.086434,0.050671,-0.055979,-0.09793,0.00785,-0.131264,0.356081,0.138048,-0.127301,-0.019261,0.096838,-0.103443,-0.144303,-0.026189,-0.160204,-0.351135,-0.134516,0.081554,0.167978,0.085357,-0.125598,0.136695,-0.004301,-0.088848,-0.430519,-0.125858,-0.212689,0.098538,0.20218,-0.079305,-0.010068,0.000527,0.226246,0.152813,-0.245168,0.061919,-0.046477,0.025943,0.016763,0.000464,0.108664,-0.211375,0.096414,0.102952,-0.053621,-0.050405,0.009946,0.137054,-0.393905,0.057516,0.184152,-0.097273,-0.334991,-0.071612,-0.113151,0.038946,-0.17111,-0.078133,-0.388164,-0.156056,-0.04044,0.031974,-0.125227,-0.43802,0.008529,-0.327343,-0.1445,-0.380089,-0.104517,-0.380771,-0.189709,-0.081259,-0.081572,-0.165032,-0.23591,-0.20443,-0.215847,0.115587,0.228039,0.019208,-0.03849,-0.113587,-0.295588,-0.077678,-0.302688,-0.028615,-0.313582,0.066295,-0.062716,-0.05783,-0.272878,-0.183535,-0.099023,-0.193841,-0.052037,-0.185561,-0.167031,-0.127617,-0.289424,-0.09291,-0.273035,0.011055,-0.120198,-0.326275,0.172654,-0.025603,-0.091771,-0.238226,-0.338675,-0.131249,-0.221433,0.07087,-0.193278,0.10173,-0.060185,-0.377656,-0.212665,-0.312226,-0.253081,0.047581,-0.309748,-0.114439,-0.143841,-0.164416,-0.380291,0.494823,-0.16403,-0.204539,0.207271,-0.407539,-0.099634,-0.306983,-0.310598,-0.221936,-0.245365,0.244231,-0.273171,-0.205694,-0.0526,-0.190973,-0.235224,0.006194,-0.30714,0.10728,-0.286008,0.073396,0.038158,-0.085372,0.19982,0.246889,-0.174564,0.055394,0.248484,-0.198496,-0.070458,0.432066,0.222238,-0.002663,0.188597,0.18569,0.190941,0.249203,0.164391,0.044892,-0.020767,0.136577,0.073856,0.550314,-0.088556,0.25624,0.299298,0.250417,0.122944,0.232585,0.350572,0.080983,0.112993,0.059701,#
