0,1.0,0.212612,-0.003929,-0.049547,0.272212,0.151436,0.057312,-0.157664,0.189239,0.24585,-0.017822,-0.00639,-0.01362,0.281881,0.227919,0.067672,0.06939,-0.070465,-0.101939,-0.230959,-0.054115,-0.152126,-0.181458,-0.140698,0.219505,-0.434359,0.102416,-0.226087,0.235313,0.087289,-0.329118,0.001639,-0.106666,-0.149571,0.168429,0.126956,0.115629,-0.174304,-0.106777,0.14039,-0.03883,0.007727,-0.317188,-0.128394,0.221823,-0.326884,0.020225,-0.060058,0.040472,-0.043797,-0.010802,-0.156157,0.009753,0.072358,0.113261,0.049976,-0.165881,0.050891,-0.212486,0.364461,0.159673,0.413843,0.099364,-0.311143,-0.163401,-0.076843,-0.033644,0.083733,0.064086,-0.06313,-0.031962,0.017399,0.084388,-0.037709,-0.072134,0.143266,-0.282338,-0.258568,-0.134154,-0.048206,-0.009692,-0.20785,-0.032503,-0.202343,-0.225101,-0.025726,-0.138711,-0.102382,-0.168711,-0.381209,-0.096255,-0.368092,-0.040445,0.077741,-0.08729,-0.129879,-0.051761,-0.004133,-0.086229,-0.113799,-0.08862,-0.243298,-0.165179,0.102607,-0.032114,-0.157102,0.043178,-0.102133,-0.140308,-0.318718,0.037262,-0.114592,-0.141848,-0.144258,-0.221216,-0.384613,-0.026002,-0.23289,0.09448,-0.27605,-0.125427,-0.02606,-0.209432,0.002751,0.12978,-0.132712,-0.12389,0.030769,-0.215389,-0.145185,-0.11594,-0.121942,-0.415779,0.061281,0.096513,-0.179758,0.11452,-0.091917,0.059541,-0.169609,-0.082025,-0.291746,-0.055275,-0.371987,-0.207344,-0.182991,-0.201587,0.328989,-0.116475,-0.072907,-0.271049,-0.009388,0.095495,-0.238629,0.058191,-0.035473,0.029292,0.205992,-0.029516,-0.194188,-0.154893,-0.207979,0.175561,0.036917,-0.230886,0.187549,-0.07158,0.295848,-0.087047,-0.325917,0.185642,0.02455,-0.044277,-0.047728,0.096364,-0.265237,-0.021117,0.142784,0.228726,-0.320313,0.187811,0.020197,-0.084543,0.166332,0.096325,-0.19893,0.277937,-0.144548,0.06391,0.204684,-0.34699,0.041268,0.150818,0.18144,-0.131973,0.045261,-0.058246,-0.272101,0.095988,-0.092761,#
1,0.212612,1.0,-0.118595,-0.114036,0.250115,0.233046,0.165028,-0.342519,0.274637,0.300485,0.097911,0.028135,0.052909,0.371108,0.197191,-0.100063,-0.222154,0.251467,-0.044887,-0.05547,0.232857,0.269291,0.326666,-0.108843,-0.016924,-0.316753,0.277239,-0.018165,0.202563,0.368288,-0.370688,-0.167875,0.063673,-0.431791,-0.072673,0.109549,0.209518,-0.626966,-0.080948,0.169134,0.080386,0.330857,-0.007136,-0.044489,0.009887,-0.024389,0.040804,0.287177,-0.105308,-0.011828,-0.16325,-0.531499,0.021695,-0.227983,0.016505,0.040444,-0.166043,0.375242,0.03943,0.328531,0.20449,0.302703,0.14639,0.009457,-0.075583,0.335217,-0.085176,0.258659,0.339235,0.03237,-0.303121,-0.135616,0.163201,-0.107624,-0.265028,0.168272,-0.424133,-0.138262,-0.409543,-0.184545,-0.253637,-0.67229,-0.356312,-0.079275,-0.179678,-0.275656,0.0053,-0.428165,-0.147178,-0.152644,-0.381617,-0.301602,-0.270681,0.01688,-0.27717,-0.162316,-0.274476,-0.359082,-0.174108,-0.363187,0.06842,-0.228392,-0.208985,-0.022403,0.034108,-0.202913,-0.319801,-0.610296,-0.005759,-0.081922,0.091969,-0.139921,-0.492761,-0.282715,-0.142916,-0.19822,-0.288309,-0.160731,0.046197,-0.43322,-0.197782,-0.249472,-0.384782,-0.402057,-0.009577,-0.150614,0.059287,0.213265,-0.208694,-0.443733,-0.154176,-0.220529,-0.304029,-0.225177,-0.28849,-0.377134,-0.139832,-0.229676,0.189432,-0.697761,-0.280509,-0.346659,-0.280433,-0.295405,-0.073276,-0.306187,-0.138511,0.436716,-0.251293,0.002324,-0.342473,-0.34432,-0.225948,-0.241704,-0.112593,-0.088527,-0.024854,0.52639,-0.141605,-0.341175,-0.180188,-0.174766,-0.187187,0.2209,-0.162309,0.359958,-0.20106,-0.097492,-0.208232,-0.327962,-0.058327,0.117072,-0.374679,-0.229301,0.182959,-0.446511,-0.321063,0.144306,0.476736,-0.309324,0.611633,-0.055793,-0.256905,0.36271,0.421312,-0.371394,0.058621,-0.056776,-0.120645,0.541301,-0.3808,0.337563,0.391686,0.351131,-0.011663,-0.259252,-0.007109,-0.320919,-0.080359,0.020062,#
2,-0.003929,-0.118595,1.0,0.317991,0.082126,0.061804,-0.066685,0.075172,0.246148,-0.07421,0.01684,0.273165,-0.298595,0.0088,-0.282923,-0.263404,-0.1534,0.253756,-0.151218,0.077181,-0.245551,-0.191086,0.002236,0.006826,0.279504,0.054834,-0.17553,-0.080752,0.099061,-0.151658,0.09627,0.291434,-0.205247,0.127954,-0.080433,-0.012539,0.074153,-0.100421,-0.030786,-0.216822,-0.060512,0.021737,-0.039211,-0.055367,-0.021635,-0.063733,-0.010994,-0.107018,-0.008367,0.229497,0.03352,0.278063,0.122049,0.208779,-0.016538,-0.021863,0.006377,-0.035341,-0.345424,-0.081176,0.150298,-0.055551,0.056797,-0.162193,0.102571,-0.053247,0.057703,0.057004,-0.037953,0.26235,0.144579,0.090431,0.002595,0.077533,0.102896,0.101955,-0.080587,0.092675,0.069828,-0.012143,0.156954,0.113719,-0.034245,0.409929,0.068363,0.083681,-0.052417,0.083229,0.031445,-0.140869,0.230242,0.160772,0.036373,0.117,-0.077153,-0.078927,0.259317,-0.025928,0.391647,0.185981,-0.212616,0.076315,0.174208,0.371052,-0.041648,0.089603,0.328415,0.242875,-0.038545,0.080988,0.077747,0.006739,0.071959,0.246642,0.096076,0.239749,-0.205022,0.010228,0.097644,0.271379,0.051267,0.122685,0.332971,-0.01417,-0.047035,0.161967,0.039037,-0.313115,-0.311973,0.099144,0.177156,0.030794,0.060691,0.091472,0.098442,0.070908,0.192509,0.235025,-0.095023,0.162507,0.236744,0.201168,-0.096626,-0.064149,0.154435,0.012294,0.240763,-0.000151,0.066436,0.012378,0.125433,0.075467,0.188976,0.242351,0.215648,-0.03685,0.059593,0.038221,0.40888,0.155134,0.129584,0.081941,0.396359,0.155596,0.233542,-0.108294,0.082746,-0.29275,0.24566,-0.029093,0.070447,-0.06273,0.0638,0.125907,-0.130021,0.200177,0.11146,0.276132,-0.169223,-0.160599,-0.213659,-0.030036,0.073691,-0.250033,-0.115819,0.264046,0.004198,-0.114716,-0.169725,0.128178,0.056598,-0.197017,0.048718,0.104969,-0.154935,-0.00687,-0.010791,-0.075527,0.053354,-0.01053,#
3,-0.049547,-0.114036,0.317991,1.0,0.121251,-0.151586,-0.058553,0.223971,-0.145207,0.179411,-0.039289,-0.003566,0.049896,-0.294666,-0.121871,0.00392,-0.078882,0.157992,-0.368372,0.245122,-0.018829,-0.144053,-0.10569,0.204677,0.174023,0.035003,-0.294854,-0.210201,-0.024095,-0.191333,0.350401,0.048451,0.143421,0.309503,0.110448,-0.139048,0.133847,0.128324,-0.050035,-0.047871,-0.006313,0.039898,-0.087516,-0.321116,0.340519,-0.013926,-0.370555,-0.144737,0.214466,0.04621,0.197968,0.11373,0.266671,0.161064,-0.10309,-0.236416,-0.054747,0.017966,-0.048219,-0.257086,-0.07035,0.131911,0.118056,-0.051506,-0.109286,-0.077079,0.081491,-0.275344,-0.115,0.048516,-0.143026,-0.006533,0.276075,0.139879,0.074199,0.019118,0.101425,0.28015,0.277119,0.058117,0.256936,0.268801,-0.020633,0.100127,0.052378,-0.042038,0.188826,-0.036098,0.183227,-0.048894,0.059476,-0.039202,0.294521,-0.035877,0.054078,-0.257377,-0.091121,0.087405,0.277327,0.304916,-0.219718,0.110518,0.427106,0.355586,0.171944,0.172128,0.056122,0.062077,-0.123966,-0.145853,-0.06829,0.004317,0.200204,0.266335,0.07186,0.399811,0.315725,0.043423,0.029891,-0.012709,0.223598,0.215462,0.161897,0.177247,-0.057993,0.218215,-0.008875,-0.047388,0.037471,0.264701,0.011799,0.006908,0.274696,0.258815,0.105881,0.304185,0.007848,0.171101,-0.283604,0.190065,0.120757,0.248764,0.141528,0.119686,0.251399,0.251746,0.038317,-0.076159,0.216895,-0.088409,-0.082687,-0.015307,-0.002388,0.125035,0.289333,0.290116,-0.243173,-0.000846,0.230128,0.192572,0.427673,0.231323,0.117657,0.105932,0.184508,-0.246492,0.102449,-0.274419,0.220803,0.313984,0.009138,-0.243992,0.010169,0.040615,-0.266021,0.307206,-0.142969,-0.04356,-0.308543,-0.180849,-0.179665,-0.272727,-0.006131,-0.161449,-0.258802,0.086686,-0.3697,-0.00291,0.070418,-0.319851,0.052676,-0.09984,-0.260796,0.093522,-0.001544,0.073713,-0.110259,0.165273,0.052929,0.14167,#
4,0.272212,0.250115,0.082126,0.121251,1.0,0.108099,0.20703,0.002058,0.254352,0.114168,0.111895,0.174522,0.03268,0.204359,-0.02157,0.163096,0.143593,-0.02414,0.118477,-0.064506,0.168773,-0.134279,0.297435,-0.071732,-0.048846,-0.277242,0.157686,-0.121498,0.357162,0.042194,-0.183451,0.0667,0.006972,-0.18677,0.032555,0.089182,0.206803,-0.374995,-0.098931,-0.019036,0.168655,0.136356,-0.106557,-0.230156,0.286967,-0.14731,-0.067481,0.22137,0.212767,-0.039694,0.120628,-0.315076,0.314935,-0.213603,-0.145444,0.007093,-0.096769,0.210313,0.129165,0.168828,-0.163201,0.3014,-0.131505,0.045333,0.002936,0.112631,0.180909,0.116556,0.186266,-0.021517,-0.09235,-0.183368,0.134658,-0.169406,-0.169028,0.21886,-0.232994,-0.279363,-0.31367,-0.148767,-0.222802,-0.317566,-0.266657,0.361398,-0.228007,0.006133,-0.118506,-0.368696,0.054472,-0.353052,-0.176104,-0.295424,-0.023213,-0.279423,-0.380588,-0.258975,-0.355914,-0.344952,-0.300233,-0.099366,-0.06996,-0.296723,-0.202409,0.207371,-0.174334,-0.222174,0.008767,-0.236,-0.114057,0.115416,0.12468,0.010253,-0.05713,-0.216375,-0.200346,-0.061874,-0.020338,-0.23234,0.291555,-0.274266,-0.114184,-0.253531,-0.250088,-0.445628,-0.002578,-0.064712,-0.094913,0.074222,0.05994,-0.465947,-0.081567,0.027262,-0.086895,-0.016198,-0.170765,-0.099744,-0.017752,-0.216852,0.007145,-0.267698,-0.276489,-0.116235,-0.354365,-0.138987,-0.141943,-0.024791,0.020188,0.199107,-0.294693,-0.233434,-0.178479,-0.083594,0.108155,-0.267813,0.141184,-0.279822,-0.025498,0.474005,-0.206617,-0.303154,0.083665,-0.295716,0.107177,0.024774,-0.225628,0.156964,-0.04472,0.020927,-0.003824,-0.084935,0.045845,0.278328,-0.318684,0.072253,0.150427,-0.202927,-0.267014,0.167854,0.180421,-0.190373,0.307692,-0.09134,-0.164774,0.152906,-0.017828,-0.081264,0.013371,-0.148263,-0.106277,-0.00511,-0.142029,0.156372,0.306459,0.307268,-0.279108,0.131605,0.208683,-0.163246,0.10502,0.204891,#
5,0.151436,0.233046,0.061804,-0.151586,0.108099,1.0,0.25144,-0.145916,0.524508,0.030456,0.412074,0.028438,-0.074075,0.197853,-0.111839,0.029355,0.106613,-0.052783,0.100211,-0.100531,0.068194,0.219209,0.366101,-0.364577,0.013029,-0.416981,0.146245,0.037454,-0.00714,0.212488,-0.188098,0.114626,-0.127981,-0.134757,-0.209386,0.141867,0.151161,-0.199856,0.160102,-0.167437,0.031468,0.132799,0.206393,-0.145351,-0.318543,-0.158464,0.171771,-0.049051,0.119924,0.05399,0.057003,-0.049012,0.002091,-0.101901,0.196665,0.437696,-0.505289,0.378069,-0.153905,0.243534,0.14499,0.130173,-0.000705,0.081537,-0.026428,0.153355,-0.038135,0.359083,0.110494,0.096286,0.052452,-0.133307,0.052959,-0.347386,-0.348061,0.279514,-0.144333,-0.15395,-0.144274,-0.189111,-0.245873,-0.408056,-0.033926,0.33594,-0.363361,0.073276,-0.178313,-0.11716,-0.019219,-0.198117,-0.029253,-0.222526,-0.149513,0.192538,-0.124933,-0.007342,0.119635,-0.176435,-0.037902,-0.291785,0.088405,-0.271848,-0.007785,-0.129424,-0.133999,-0.35647,0.141781,-0.152359,-0.057448,0.174905,-0.040021,-0.187344,-0.155574,-0.256151,0.014957,-0.482941,-0.188318,-0.190286,0.196064,-0.085166,-0.179285,-0.054372,-0.207705,-0.320368,0.0453,0.034656,0.29418,0.297592,-0.253042,-0.302915,-0.137481,0.172304,-0.241949,-0.27031,-0.023617,-0.19966,0.00098,-0.169604,0.166601,-0.414129,-0.151041,-0.102298,-0.249453,-0.13149,-0.116934,-0.292011,-0.18769,0.378822,-0.130164,-0.085785,-0.017012,-0.121879,0.23194,-0.253352,-0.1022,-0.204342,0.079343,0.069859,-0.067238,-0.132722,-0.105069,-0.129716,0.008937,0.112021,0.104016,0.166955,-0.183638,-0.223856,-0.235889,-0.26548,0.061452,0.150415,0.101443,-0.09097,0.217226,-0.359886,-0.259287,0.324139,0.191582,-0.005725,0.241177,0.051523,-0.127635,0.268586,-0.052535,-0.03557,0.067714,0.036869,-0.157752,0.32841,-0.204998,0.079488,0.086072,0.308449,-0.015427,0.211705,0.073014,-0.276419,-0.213567,-0.029372,#
6,0.057312,0.165028,-0.066685,-0.058553,0.20703,0.25144,1.0,-0.261317,0.12353,0.122408,0.150022,0.030717,0.159638,0.091692,0.04153,0.086112,0.013293,-0.018729,0.15043,-0.069972,0.26932,0.220598,0.079507,-0.322223,-0.167977,-0.363095,0.075194,0.000478,0.171013,0.105835,-0.236632,-0.056931,0.024067,-0.040049,-0.074163,-0.139303,0.126667,-0.140842,-0.132103,-0.026243,-0.062426,0.12774,0.141615,-0.094651,-0.108141,-0.070129,-0.010032,0.009053,0.222456,0.15898,0.014739,-0.258432,-0.017397,-0.293544,-0.097027,0.133631,0.043173,0.065053,-0.172707,0.248854,-0.03593,0.149416,-0.028626,0.042923,-0.079689,-0.119519,-0.034782,0.061963,-0.021132,0.188719,0.144398,-0.300396,0.057934,-0.040048,-0.244035,0.053325,-0.063469,-0.217966,-0.290835,-0.088306,-0.167492,-0.240169,-0.036689,0.107085,-0.166665,0.271308,-0.063429,-0.019777,0.079267,-0.262532,-0.086084,-0.042838,0.039497,0.125819,0.208452,-0.014577,-0.1328,-0.251859,-0.193994,-0.120189,0.165566,-0.437165,-0.160821,-0.02392,-0.037015,-0.087795,0.149373,-0.137102,-0.131544,0.039924,-0.034853,-0.187127,-0.21351,-0.176266,-0.135114,-0.110559,-0.189162,-0.151538,0.017745,0.02552,0.002036,-0.205756,-0.096614,-0.24336,-0.337807,0.31469,0.052498,0.243613,-0.088937,-0.20333,0.029237,0.10205,0.043619,0.076701,0.001012,0.069608,0.003304,-0.246855,-0.045937,-0.101185,0.037762,0.047886,0.077847,-0.047736,-0.240141,-0.242692,0.098234,0.370606,0.005999,0.089328,-0.088999,-0.177382,0.148988,-0.049726,0.110698,-0.022562,0.038044,0.131613,-0.131473,-0.123057,0.011502,-0.12283,0.02279,0.224331,0.030048,0.085532,-0.014096,-0.115471,-0.039097,-0.084199,0.04492,0.029629,0.031144,-0.052708,0.054835,-0.065765,-0.055143,0.184695,0.108187,-0.142856,0.005994,0.051805,0.242327,0.204502,-0.071389,0.031643,0.084001,-0.209798,-0.165583,-0.097585,-0.183913,0.177399,0.182469,0.161608,0.260629,0.280421,-0.072488,-0.117329,-0.096955,-0.129223,#
7,-0.157664,-0.342519,0.075172,0.223971,0.002058,-0.145916,-0.261317,1.0,-0.137777,-0.325936,-0.149879,-0.131573,0.00417,-0.211027,0.072745,-0.019416,-0.178697,-0.07336,-0.188001,0.16978,-0.148374,-0.051121,-0.083803,0.271532,0.370732,0.275875,-0.076817,0.135763,-0.145294,-0.178355,0.22978,0.306892,0.258232,0.043972,0.05038,0.052326,-0.026407,0.229136,0.188211,-0.194073,0.073485,-0.058035,0.125893,-0.097989,0.200064,-0.037683,0.104984,0.283168,0.086926,-0.443328,-0.012232,0.181119,-0.031654,0.024366,-0.175076,-0.26679,-0.039703,-0.164312,0.108588,-0.362151,-0.429428,-0.280233,-0.320802,-0.075276,-0.153725,0.075819,0.330828,-0.014462,-0.056776,0.200259,-0.096745,-0.046323,0.266925,0.056163,0.320814,-0.088463,0.368212,0.029869,0.143548,0.06979,-0.02903,0.184344,-0.050794,-0.021433,0.158968,0.099458,-0.112037,0.086024,0.154926,0.066433,0.271858,0.098187,0.031578,-0.374352,-0.097916,0.039506,0.024115,0.232003,0.083143,0.149281,0.010436,0.126202,0.356617,0.035951,0.196079,0.107804,0.313181,0.189597,0.137411,-0.022512,0.14717,0.150973,0.339338,0.114912,0.184909,0.388394,0.264225,0.116899,-0.142882,0.242769,0.245771,-0.070749,0.15578,0.162354,0.010003,0.045825,-0.335672,0.124127,0.032293,0.409171,0.081069,-0.070484,0.109269,-0.11323,0.178017,0.284726,-0.101893,0.163152,0.197416,0.245808,0.168673,0.161495,0.149367,0.005524,0.124749,0.106997,0.10498,-0.25976,0.073208,-0.002977,0.073236,0.340485,-0.074739,0.119256,0.118809,0.141644,0.035479,-0.380054,0.033697,-0.034134,0.211176,0.285784,-0.097935,0.128148,0.151811,-0.277653,0.007383,-0.086907,0.179761,0.220602,-0.156286,-0.050392,0.103808,-0.086099,-0.287585,0.178408,-0.110879,-0.327189,-0.37941,-0.138537,-0.384996,-0.010397,-0.085015,-0.309363,-0.278761,-0.060802,-0.221614,-0.115008,0.02164,-0.356829,0.286593,-0.155821,-0.139969,-0.205492,-0.082615,0.053176,-0.029602,0.181107,0.043877,-0.068534,#
8,0.189239,0.274637,0.246148,-0.145207,0.254352,0.524508,0.12353,-0.137777,1.0,0.159282,-0.072093,0.253135,-0.140201,0.422726,-0.127093,-0.076727,-0.12736,0.254117,0.251093,0.13015,-0.218348,-0.188042,0.3355,-0.378634,0.133068,-0.351051,0.092988,-0.149845,0.160982,0.253508,-0.248602,0.115579,-0.204999,-0.241479,-0.131832,0.375132,0.262906,-0.383403,0.078147,-0.199003,0.061207,0.149805,-0.243461,-0.097908,-0.00965,-0.130661,0.415382,0.231906,0.04838,0.12517,0.114297,-0.12337,0.127973,-0.033575,-0.040127,0.223447,-0.10738,0.286608,-0.145259,0.136918,0.103367,0.254809,0.057815,-0.182109,-0.171619,0.214373,0.242264,0.251068,0.191058,0.085859,0.077959,-0.118823,-0.179916,-0.182605,-0.34538,0.21061,-0.10361,-0.308986,-0.141577,-0.112768,-0.086844,-0.32153,-0.115779,0.263952,0.046019,0.091669,-0.24514,-0.294965,0.079572,-0.07611,-0.177815,-0.041816,-0.245138,0.10145,-0.205303,-0.143789,0.14143,-0.268469,0.017562,-0.219499,-0.142761,-0.159746,-0.158877,0.11537,-0.252391,-0.198159,0.088129,-0.185863,0.16624,-0.152619,0.156287,-0.173462,-0.056393,-0.254501,-0.090677,-0.247721,-0.094488,-0.240188,0.348888,-0.317639,0.020767,-0.147582,-0.163231,-0.329511,0.095507,0.110175,0.029187,0.120529,-0.346262,-0.269349,0.020621,0.124265,-0.298084,-0.167193,-0.274697,-0.246356,0.01684,-0.000284,0.278297,-0.269628,-0.084041,-0.256998,-0.199302,-0.217817,-0.204071,-0.46066,0.21229,0.422392,-0.172936,-0.044557,-0.015895,-0.128848,0.208605,-0.25969,0.023974,-0.075496,0.301528,0.371709,-0.129877,0.067726,-0.34295,-0.116946,-0.049382,0.260373,0.185007,-0.10929,-0.099676,-0.151381,-0.160973,-0.145692,0.061699,0.169086,0.068611,-0.134692,0.046258,-0.146776,-0.196901,0.202752,0.316797,-0.131252,0.289988,0.149854,-0.251959,0.023664,0.095733,0.196438,0.285919,0.069368,-0.458341,0.354236,-0.174569,0.036516,0.144704,0.214635,-0.345539,0.167019,-0.025609,-0.20188,0.08681,0.033708,#
9,0.24585,0.300485,-0.07421,0.179411,0.114168,0.030456,0.122408,-0.325936,0.159282,1.0,0.040686,0.079869,0.103017,0.150212,-0.076418,0.300138,-0.012517,0.009991,0.004123,-0.126293,0.088098,-0.026548,0.124619,-0.321372,-0.081518,-0.288031,-0.142545,-0.264615,0.054862,0.199102,-0.136638,-0.174224,0.011831,-0.042364,0.268584,0.142825,-0.035761,-0.372074,-0.084466,0.288079,-0.127688,0.012084,-0.096433,-0.096222,0.066023,-0.054355,-0.06308,-0.133949,-0.228091,0.148063,0.18458,-0.252996,0.058353,0.154846,0.183276,0.178409,-0.193245,0.241386,-0.134812,0.118434,0.181022,0.228317,0.138911,0.149887,-0.359361,-0.005796,0.068673,-0.118671,-0.004274,-0.120446,-0.011403,-0.290973,-0.096658,0.028316,-0.224208,-0.035924,-0.189199,0.077414,-0.169334,-0.105851,-0.115842,-0.097143,0.024346,-0.123828,-0.130589,-0.247618,0.055191,-0.040813,0.034826,-0.008237,-0.309832,-0.164177,0.13143,-0.119488,-0.042843,-0.024897,-0.230032,-0.039769,-0.237448,0.026004,-0.148281,0.013244,-0.03137,0.229126,-0.174162,0.004989,-0.211328,-0.087325,-0.050677,-0.034508,-0.274831,-0.133146,-0.273366,-0.056654,-0.265086,-0.095514,-0.057086,-0.240384,0.105245,-0.140388,-0.139075,0.226305,-0.206271,-0.11342,-0.13602,0.086939,-0.079776,-0.135969,0.049632,-0.049198,-0.174311,0.106608,-0.083497,0.235507,-0.156576,-0.053779,-0.133062,-0.294024,-0.05197,-0.187372,-0.163086,-0.302342,0.04029,-0.147186,-0.104354,-0.076619,-0.08267,0.223765,-0.157141,-0.043987,-0.201064,-0.2914,-0.291061,-0.114143,0.065487,0.066702,0.064292,0.318111,-0.060047,-0.20703,-0.158038,-0.160122,-0.057715,0.099309,-0.103148,-0.107013,0.032744,0.188257,-0.083613,-0.044288,0.152557,-0.084844,0.050615,-0.060849,0.253193,-0.085295,-0.199374,0.188019,0.003736,-0.180432,0.152891,-0.014631,0.03139,0.252866,0.045086,-0.018894,0.19102,-0.051583,0.073346,0.198333,-0.362018,0.106529,0.08486,0.104947,0.060383,0.066881,0.039582,-0.072162,0.059504,-0.053371,#
10,-0.017822,0.097911,0.01684,-0.039289,0.111895,0.412074,0.150022,-0.149879,-0.072093,0.040686,1.0,0.176372,-0.059125,-0.160522,0.004851,0.107323,0.504532,-0.141034,-0.045241,-0.249283,0.329027,0.266244,0.1036,0.009365,-0.08059,-0.08293,-0.235057,0.00467,0.175238,0.22826,-0.174662,0.096935,-0.246613,-0.112955,0.320259,0.085429,0.09304,-0.174961,0.100045,0.175572,-0.206072,-0.001842,0.011276,-0.106786,-0.134073,-0.001741,-0.252171,-0.309001,0.16511,-0.112041,0.168247,-0.071914,-0.16097,-0.041919,0.430595,0.028317,-0.410281,0.131724,-0.106221,0.099057,0.123067,-0.027583,-0.059938,0.110928,0.274327,-0.086515,-0.15632,-0.078232,0.119744,-0.341655,-0.104125,-0.018114,0.067076,-0.30191,-0.126332,0.26224,-0.365705,0.048393,-0.34316,-0.301095,-0.280033,-0.192942,-0.236962,0.239173,-0.463878,-0.125227,-0.260895,-0.047409,-0.351881,-0.228246,-0.031916,-0.331975,-0.171076,-0.101287,-0.129832,-0.137504,-0.26056,-0.212225,-0.161901,-0.165673,0.224055,-0.081147,-0.205474,-0.282787,-0.163554,-0.231982,-0.145658,-0.100242,-0.274017,0.473315,-0.319955,-0.179307,-0.347415,-0.159847,-0.258558,-0.115426,-0.222277,-0.140931,-0.129597,0.140638,-0.478073,0.010556,-0.31164,-0.041957,-0.011357,-0.072161,0.113647,-0.062835,-0.119871,-0.286874,-0.030897,-0.146207,-0.13797,-0.112674,-0.130614,-0.101149,-0.179194,-0.378916,-0.136325,-0.318484,-0.368564,0.070337,-0.067249,-0.049687,-0.217023,-0.074983,-0.059021,0.066997,-0.033579,-0.233523,-0.018201,-0.213892,-0.190354,-0.334765,-0.303566,-0.356239,0.061799,-0.019311,-0.164021,-0.111,0.057964,-0.133718,-0.158345,-0.182805,-0.317057,0.154305,-0.141842,-0.112875,-0.212741,-0.15829,0.210253,-0.0679,-0.208208,-0.27486,0.308562,-0.376541,-0.342462,0.40661,0.118087,0.196682,0.163132,0.103997,0.154538,0.29932,0.18048,-0.288278,-0.052413,-0.059055,0.408415,0.131681,-0.400683,0.402146,0.146959,0.1373,0.071144,0.044309,0.317674,-0.38315,-0.300918,-0.124116,#
11,-0.00639,0.028135,0.273165,-0.003566,0.174522,0.028438,0.030717,-0.131573,0.253135,0.079869,0.176372,1.0,-0.293693,0.083822,0.085828,0.131471,0.046408,-0.083913,0.010894,-0.120153,-0.036154,-0.211186,0.025792,-0.123387,0.096574,-0.06748,-0.091292,-0.122567,0.390278,0.235401,-0.155756,0.157148,-0.415082,-0.078161,-0.060063,0.204958,-0.218201,0.00132,0.108576,0.31035,-0.006314,-0.149996,-0.055137,-0.046983,0.166832,0.140549,-0.020559,-0.174885,-0.022977,0.231809,0.231279,-0.129461,-0.037995,0.102088,-0.206143,0.0901,-0.183723,-0.159448,-0.2371,-0.078017,-0.178566,0.128915,0.220027,0.068694,-0.029899,-0.168877,0.208566,-0.026369,0.074082,-0.06701,0.224753,-0.042511,-0.004568,-0.003855,-0.136227,0.190903,-0.332134,-0.153869,-0.080175,-0.270123,-0.031402,-0.158352,0.043227,0.250607,0.064177,0.035014,-0.225731,-0.314468,-0.018319,-0.349316,-0.055534,-0.017201,0.029284,-0.132635,-0.244679,-0.184224,-0.245041,-0.30653,-0.17552,-0.04914,-0.116549,0.111542,-0.118781,0.069557,-0.224651,-0.034406,-0.11222,-0.135513,-0.065845,-0.018863,-0.317526,0.14193,-0.259928,0.135618,-0.231616,-0.022239,-0.021064,-0.151045,0.131712,-0.081407,-0.12043,-0.043902,-0.233633,-0.149496,0.248238,0.038767,-0.191922,-0.31455,-0.239907,-0.282918,0.065029,-0.186119,-0.056122,0.097131,-0.126365,-0.014596,0.142195,0.021125,-0.022601,-0.085993,-0.016275,0.093276,-0.097817,-0.080564,-0.220001,-0.244606,0.368643,0.155524,-0.019728,-0.216611,0.055326,-0.05719,-0.032627,-0.085522,-0.255367,-0.151905,0.042126,0.066735,0.00409,0.0523,0.006401,-0.041308,-0.001808,-0.158358,-0.065437,-0.259923,-0.27403,-0.068852,0.154525,-0.021276,0.103261,-0.17106,-0.11244,-0.410506,0.13302,-0.008604,-0.151164,0.055493,-0.046277,-0.182097,-0.010682,0.049547,0.018778,0.160306,0.189785,0.070662,0.191356,-0.128239,-0.133867,0.110777,-0.283403,0.209477,0.108653,0.158474,-0.160199,0.061899,0.090099,-0.204161,-0.028197,0.408778,#
12,-0.01362,0.052909,-0.298595,0.049896,0.03268,-0.074075,0.159638,0.00417,-0.140201,0.103017,-0.059125,-0.293693,1.0,0.121566,0.048838,0.249735,-0.051484,-0.057461,0.073604,0.052681,0.283336,0.188691,-0.004156,-0.103022,-0.201091,-0.173288,0.138219,0.123441,-0.061727,-0.057643,-0.04042,0.129475,0.177419,-0.121838,-0.154571,-0.221058,0.148809,-0.172557,-0.051745,-0.040671,-0.016958,0.359334,0.053386,0.173257,0.05695,-0.203981,-0.003944,0.005272,0.00969,-0.289407,0.038383,-0.073694,0.07109,-0.186955,0.033538,-0.015035,-0.169886,0.068928,0.041954,0.074641,-0.103129,0.047925,-0.269661,-0.022705,0.024627,0.225066,-0.109137,0.1458,0.174757,-0.087853,-0.04127,-0.051126,-0.134486,-0.010518,-0.008437,-0.033628,-0.008095,-0.064563,-0.079376,-0.181521,-0.061905,-0.259477,0.158789,-0.055543,-0.108732,-0.110336,0.227014,0.087124,-0.234088,-0.019756,0.058219,-0.313967,-0.031936,-0.024765,0.141627,0.150862,-0.12142,-0.02984,-0.206555,-0.113642,-0.027824,-0.210794,0.012161,-0.168122,0.103063,-0.026481,-0.085036,0.049009,-0.238334,-0.183368,0.294037,-0.151758,-0.077977,-0.089495,-0.001959,-0.088865,0.104472,0.088737,-0.185194,0.005361,-0.017996,-0.196231,-0.246154,-0.164995,-0.264807,0.267435,-0.237109,-0.006819,0.098534,-0.093397,-0.302619,0.12411,-0.066189,-0.043076,-0.041181,-0.07297,-0.151662,-0.157733,0.067327,0.08048,-0.076716,0.169643,-0.016405,-0.127825,-0.137541,0.038629,-0.220464,0.2572,-0.317969,-0.12499,-0.09561,-0.016846,-0.050933,-0.117405,-0.325983,-0.090958,0.295709,-0.045486,-0.174703,-0.062464,0.035779,-0.06798,0.098253,0.035066,-0.250649,0.05004,0.008926,-0.112813,0.064831,0.023467,0.032071,0.168126,0.099549,0.198451,0.218025,-0.116493,-0.029925,-0.094108,0.128858,-0.060101,0.234685,-0.127783,0.125177,0.116929,0.067299,-0.026494,-0.010341,0.112064,0.055263,-0.040061,-0.044871,0.106754,0.130505,0.053456,0.112064,0.11377,-0.012594,0.071974,0.020081,0.088163,#
13,0.281881,0.371108,0.0088,-0.294666,0.204359,0.197853,0.091692,-0.211027,0.422726,0.150212,-0.160522,0.083822,0.121566,1.0,0.248478,-0.001225,0.059073,0.116687,0.08108,-0.024636,-0.174189,0.025596,0.16905,-0.403298,-0.139901,-0.201919,0.193998,-0.147567,0.095891,0.143615,-0.413791,0.047915,-0.089644,-0.225526,-0.237816,0.185738,0.077928,-0.118635,-0.001985,-0.142055,0.021815,0.221723,-0.245316,0.184648,-0.031496,-0.414711,0.440953,0.240988,-0.142591,0.135939,-0.101854,-0.194695,0.113172,-0.051688,-0.162868,0.259749,0.014398,0.366954,0.21333,0.332501,0.072743,0.277154,-0.095601,-0.110037,-0.160215,0.292486,0.113871,0.275135,0.412662,0.14436,0.113578,-0.08374,-0.179878,0.054476,-0.151196,0.189321,-0.182617,-0.232853,-0.442816,-0.01467,-0.003643,-0.39737,-0.048008,0.100127,-0.003301,0.177527,-0.141279,-0.298672,-0.165302,-0.225526,-0.246931,-0.039807,-0.156515,0.203391,-0.20292,0.015717,0.15066,-0.181043,0.033853,-0.291008,-0.091834,-0.232354,-0.235984,-0.052785,-0.058093,-0.269813,0.002034,-0.277664,0.171723,-0.160429,0.270073,0.045022,-0.198426,-0.012794,0.020736,-0.227682,-0.335807,-0.071569,0.252483,-0.375757,-0.037309,-0.218531,-0.156083,-0.319604,0.021971,-0.030744,-0.136495,0.06929,-0.142239,-0.331061,-0.147021,0.217157,-0.481864,-0.276761,-0.06901,-0.315772,-0.173072,0.005335,0.257625,-0.069212,-0.148875,-0.332509,-0.269244,-0.251603,-0.126005,-0.397469,-0.020933,0.483689,-0.254645,0.214796,-0.201013,-0.110188,0.129734,-0.158651,-0.049522,-0.067588,0.492678,0.346315,0.000845,-0.071879,-0.312272,-0.285818,0.348441,0.43943,0.02895,0.305624,-0.022237,-0.038494,-0.158274,-0.213587,-0.068143,0.142637,-0.021303,0.071681,0.044259,-0.130414,0.104266,-0.11345,0.237449,-0.067761,0.562293,-0.015571,-0.21739,0.141682,0.179615,-0.080836,0.43033,0.076048,-0.443347,0.287671,-0.060531,-0.109653,0.231648,0.204599,-0.077978,-0.083364,-0.328257,-0.136885,0.043158,0.032687,#
14,0.227919,0.197191,-0.282923,-0.121871,-0.02157,-0.111839,0.04153,0.072745,-0.127093,-0.076418,0.004851,0.085828,0.048838,0.248478,1.0,0.1035,0.07102,-0.11433,-0.119558,-0.068124,-0.208813,-0.101368,-0.045629,-0.083263,-0.032704,0.060587,0.221007,-0.065949,-0.075903,0.075959,-0.309231,0.208734,-0.113938,-0.188644,0.031454,-0.112627,-0.170262,0.1446,-0.004004,0.171645,-0.084776,-0.171118,-0.321936,0.002857,0.32333,-0.275501,0.268866,0.069532,-0.045216,-0.142736,-0.213744,-0.02215,-0.198225,-0.203421,-0.194445,0.104308,-0.082236,-0.192237,0.033024,-0.006536,-0.169439,0.398689,-0.057109,-0.054662,-0.041692,-0.028379,-0.048084,-0.113435,0.202061,-0.137887,0.194381,0.213362,-0.084787,0.170262,0.231801,0.143134,-0.157711,-0.129651,-0.301964,0.173214,0.014972,-0.220651,-0.098702,-0.068625,-0.094926,0.097943,-0.302923,-0.137984,0.02102,-0.137893,0.027851,-0.101238,-0.103601,0.112384,-0.077885,-0.074072,0.09582,-0.068052,-0.22501,-0.10503,0.029539,-0.198441,0.03103,-0.075587,0.027771,-0.11931,-0.040328,-0.230173,0.168837,-0.086187,0.108334,0.105555,-0.217351,0.148744,-0.336656,-0.046367,0.080134,0.055025,-0.143491,-0.266469,-0.158948,-0.088037,-0.200453,0.014592,0.164102,-0.079958,-0.2115,0.2424,-0.024248,-0.175876,-0.11463,-0.348337,-0.185509,-0.3019,-0.081743,-0.210923,-0.119962,-0.164478,-0.059972,0.059954,-0.134269,-0.138081,-0.05103,-0.340342,-0.180169,-0.133915,0.125635,0.066808,-0.007951,0.100136,-0.080294,0.036599,-0.178914,-0.185589,-0.126005,0.024326,0.1136,-0.061502,-0.217641,-0.136417,-0.367532,-0.108107,0.115003,-0.072468,0.043568,0.069452,-0.132664,0.099566,-0.046442,-0.440858,-0.053768,-0.041096,-0.188215,-0.223286,-0.061279,0.02653,-0.093555,-0.123726,0.081351,-0.035334,0.084628,0.032884,-0.048528,0.104851,0.149348,-0.121095,0.28493,0.035266,-0.007593,-0.112089,0.015031,0.027631,0.017233,0.082313,-0.063776,-0.179903,-0.189725,0.078109,-0.118811,0.088292,#
15,0.067672,-0.100063,-0.263404,0.00392,0.163096,0.029355,0.086112,-0.019416,-0.076727,0.300138,0.107323,0.131471,0.249735,-0.001225,0.1035,1.0,0.119248,-0.235631,-0.059276,-0.340769,0.141472,-0.199154,-0.002738,-0.303718,-0.160025,-0.238241,-0.09398,-0.158223,0.152892,0.121244,-0.157915,0.215623,-0.044734,-0.189069,0.136965,-0.121948,-0.099466,-0.051625,0.363194,0.410947,-0.103497,-0.088742,0.076488,-0.088505,0.098631,0.084592,-0.193486,-0.132082,-0.032636,-0.165226,0.352471,-0.095841,0.115729,0.008332,-0.01537,0.167584,-0.191408,0.121137,-0.031791,0.118041,-0.123707,0.171628,-0.186862,0.077975,-0.156362,-0.156312,0.03448,0.101938,0.147035,-0.40423,0.100246,0.037797,-0.139806,0.024242,-0.041109,0.087028,-0.100922,-0.092795,-0.171946,-0.113747,-0.090035,-0.051416,0.270318,0.101516,-0.003059,-0.036469,0.101919,0.077308,-0.159854,0.029888,0.070493,-0.347245,0.042541,-0.193969,-0.168785,-0.122535,-0.081872,0.024863,-0.244624,-0.047676,0.09197,0.020496,-0.075374,0.03016,-0.044612,-0.086581,-0.218485,0.232831,-0.215827,0.116312,-0.464321,0.193921,-0.084862,-0.084834,-0.221635,-0.27616,0.177021,-0.042113,-0.169622,-0.087498,-0.208044,0.051032,-0.030479,0.070709,-0.003483,0.067663,-0.101932,-0.022149,-0.125127,-0.238889,-0.243703,-0.174113,-0.042028,-0.030596,-0.160053,-0.036068,-0.024955,-0.184005,-0.050754,-0.046349,-0.384562,0.123766,0.034798,-0.029236,-0.18142,-0.064431,-0.095726,0.000155,-0.263378,-0.183098,0.090516,-0.222757,-0.259848,-0.380199,-0.171051,0.032271,-0.11033,0.016002,-0.339152,-0.31085,-0.18003,-0.311197,-0.017794,-0.239753,-0.185633,-0.206347,-0.399772,0.137178,-0.031176,-0.098778,0.083779,-0.139604,-0.066443,-0.003749,0.278718,-0.086127,-0.295853,0.118703,-0.02592,0.052949,0.047437,-0.21891,0.158027,0.376761,-0.05358,-0.128934,0.16533,-0.212311,0.226724,-0.027632,-0.246102,0.296442,0.270445,0.112736,0.055655,0.119859,0.085224,-0.183445,-0.051512,-0.032369,#
16,0.06939,-0.222154,-0.1534,-0.078882,0.143593,0.106613,0.013293,-0.178697,-0.12736,-0.012517,0.504532,0.046408,-0.051484,0.059073,0.07102,0.119248,1.0,-0.184644,-0.05982,-0.112705,0.023739,-0.003443,-0.042207,-0.080996,-0.14014,0.179243,-0.272182,-0.055616,0.001071,0.064491,-0.236203,-0.026792,-0.157297,-0.03752,0.2077,0.097881,-0.005242,0.05061,0.089444,-9.6e-05,-0.269165,-0.078846,-0.267828,-0.212742,0.068887,0.1108,-0.04012,-0.350547,0.224783,0.119349,0.046218,0.03533,-0.188199,-0.031066,0.239027,0.084114,-0.035004,0.05674,0.203934,0.089229,-0.007716,0.052731,0.051978,0.135406,0.104397,-0.235852,-0.197379,-0.179812,0.09358,-0.230684,0.175297,0.013409,-0.218548,-0.241135,-0.008543,0.161263,-0.207619,0.1048,-0.257795,0.092284,-0.120457,0.144577,-0.145585,0.150561,-0.265337,0.038642,-0.161165,0.045057,-0.104336,-0.015423,0.055619,-0.108574,0.062446,0.044653,-0.124846,-0.16262,-0.052611,-0.215319,-0.025716,-0.230719,0.178339,-0.059809,-0.314974,-0.350796,-0.143368,-0.086067,-0.093623,-0.046479,-0.161377,0.222391,-0.268317,-0.12087,-0.076819,-0.172992,-0.234581,0.005457,-0.162776,-0.134871,0.145729,-0.001021,-0.225939,0.052109,-0.025991,0.067328,-0.005424,0.015991,-0.134432,-0.011127,0.095465,-0.164811,0.178733,0.086684,-0.105868,0.142625,-0.157538,-0.104005,-0.120794,-0.215861,-0.266657,0.007964,-0.201029,0.019855,0.120577,0.023689,-0.261942,0.036159,0.145748,-0.208967,0.168991,-0.174868,-0.163715,-0.059839,-0.127196,-0.156837,-0.07276,-0.236141,0.091521,0.018453,-0.163776,0.169602,0.041772,-0.103191,0.06113,-0.072195,-0.249629,0.164658,0.098232,-0.007291,-0.209717,0.053968,0.35413,-0.052566,-0.068385,0.126751,0.080337,-0.222868,-0.152922,0.221421,0.110298,0.167614,0.078406,-0.001164,0.230618,0.125371,0.103323,-0.188069,0.0253,-0.08935,0.228901,-0.19081,-0.136408,0.217819,0.028837,-0.046667,0.12034,-0.068645,0.187339,-0.157117,-0.289634,0.091416,#
17,-0.070465,0.251467,0.253756,0.157992,-0.02414,-0.052783,-0.018729,-0.07336,0.254117,0.009991,-0.141034,-0.083913,-0.057461,0.116687,-0.11433,-0.235631,-0.184644,1.0,0.009082,0.140723,0.058479,-0.037118,0.039018,0.00877,0.137588,0.059565,-0.143637,0.034683,0.0212,0.087684,0.10326,-0.026338,0.209602,0.040834,-0.093607,0.130865,-0.017941,-0.125298,-0.188528,-0.156892,-0.029109,-0.113276,-0.094185,0.024308,0.085414,-0.043424,0.053095,0.112541,-0.133228,0.057149,0.140955,0.042837,0.18744,0.03933,-0.148122,0.001935,0.28324,0.309861,0.207902,-0.118819,0.234856,-0.07882,0.177623,-0.171553,-0.050561,0.110548,0.052319,0.021051,0.01474,0.151745,-0.068234,-0.092602,-0.113223,-0.072423,0.093882,-0.030199,0.016359,-0.025484,0.017734,0.183507,0.183705,0.134295,-0.103608,-0.042597,0.343701,-0.102081,0.11385,0.013654,0.095827,0.215339,-0.189562,0.109146,-0.152207,0.035606,-0.122003,-0.22143,0.001606,-0.000973,0.208645,0.123195,0.004605,0.079522,0.109462,0.11578,0.055488,0.135322,-0.05969,0.0003,0.004991,-0.082727,0.139795,0.150557,0.130958,0.159287,0.124071,0.152779,0.005018,0.182978,0.095466,0.017613,0.21873,0.117177,-0.000283,-0.040755,0.219777,0.149426,0.22327,0.080533,-0.199333,0.132881,0.070219,-0.042741,-0.166573,0.042321,-0.138445,0.150306,-0.072184,0.087829,0.280802,-0.121964,0.059167,-0.063451,0.09359,-0.047388,0.211334,-0.202911,0.109207,0.014852,0.100242,0.115733,0.02028,-0.031042,0.039204,-0.09619,0.187044,-0.006041,0.031517,0.312279,0.042936,0.274404,0.026559,0.207501,-0.093577,0.270534,0.270719,-0.006298,0.074452,-0.070136,0.070005,0.206514,-0.037003,-0.130371,-0.028437,-0.02509,-0.18097,0.259072,0.007554,0.115631,0.107087,-0.196942,0.153395,0.066604,-0.224872,-0.212663,0.020286,0.091065,-0.132956,0.052135,-0.1779,0.258613,0.131192,-0.059936,0.204274,-0.042097,-0.028991,0.038214,-0.041774,0.063756,0.29452,-0.15913,#
18,-0.101939,-0.044887,-0.151218,-0.368372,0.118477,0.100211,0.15043,-0.188001,0.251093,0.004123,-0.045241,0.010894,0.073604,0.08108,-0.119558,-0.059276,-0.05982,0.009082,1.0,-0.061932,0.14787,0.081768,0.34627,-0.04828,0.024315,-0.097865,0.188005,0.238808,-0.239568,0.259358,-0.040817,-0.200058,-0.085248,0.08881,-0.166704,0.125135,-0.177249,-0.177079,0.004429,-0.204734,0.020808,-0.124832,0.106415,0.169357,-0.215357,-0.124013,0.05322,0.11143,-0.117685,-0.008624,0.201962,0.096791,0.150755,-0.150117,0.020654,0.201978,0.06053,-0.027309,-0.03912,0.170368,-0.15566,-0.096284,-0.080962,-0.040845,0.056967,0.186055,-0.033325,0.091407,-0.07916,0.15239,0.26121,-0.173064,-0.273834,0.161059,-0.019617,0.082116,-0.046897,-0.421162,0.025704,-0.116931,-0.227345,-0.088355,-0.207497,0.22383,0.067151,-0.03677,-0.124162,-0.122732,0.051998,0.165502,-0.134794,0.084631,-0.069276,0.050013,0.048843,-0.018057,-0.008077,-0.122056,-0.365626,-0.064988,0.089749,0.041961,-0.122703,0.173796,-0.121312,-0.201687,0.094065,-0.014559,0.142768,0.146543,0.103685,-0.058154,0.093438,-0.130088,-0.21314,-0.178972,0.053036,0.044499,0.238378,-0.029917,-0.124277,-0.21935,-0.227963,-0.317171,-0.003727,-0.226981,0.127184,-0.049829,0.014907,-0.195028,-0.092631,0.105623,0.060325,0.096384,-0.25594,-0.117271,0.119819,-0.223519,-0.017032,-0.206164,-0.030035,-0.017407,-0.266969,-0.181193,-0.135753,-0.168781,0.020928,0.157108,-0.126891,0.068469,0.202696,-0.220573,0.276817,-0.166305,-0.218156,-0.221849,0.016755,0.228135,0.006356,0.107814,-0.08377,-0.159838,-0.121038,0.039061,0.071163,-0.057604,0.242234,0.019877,-0.120812,0.055043,0.064255,0.353165,0.066118,-0.088154,0.241714,-0.20283,0.179706,-0.025845,0.150336,0.145313,0.218424,0.053788,0.095222,0.116951,-0.048757,0.292404,0.23628,0.111099,-0.288146,0.075993,0.062368,-0.032826,-0.115808,-0.10623,-0.221714,0.374619,0.122948,0.067661,0.343563,-0.007,#
19,-0.230959,-0.05547,0.077181,0.245122,-0.064506,-0.100531,-0.069972,0.16978,0.13015,-0.126293,-0.249283,-0.120153,0.052681,-0.024636,-0.068124,-0.340769,-0.112705,0.140723,-0.061932,1.0,-0.292889,-0.020722,-0.149513,0.331104,0.054071,0.108942,-0.033567,0.027117,-0.226543,-0.03078,0.191681,0.077561,-0.040872,0.34079,-0.20867,-0.090424,0.175154,-0.001266,-0.105957,-0.272475,-0.042225,0.022068,0.065887,-0.014462,0.071686,0.072762,0.215928,0.057143,-0.028222,0.063027,-0.053073,0.292017,0.062847,-0.09253,-0.370778,-0.000142,0.256008,-0.220109,0.060521,-0.261865,0.001882,-0.082561,0.185377,-0.01642,-0.105219,-0.041173,0.299445,-0.133293,-0.070308,0.256791,0.062234,-0.04861,-0.005789,0.052471,-0.035302,-0.057671,0.404906,0.182458,0.308244,0.219987,0.384689,0.158237,0.182228,-0.021489,0.118051,0.194191,0.014347,-0.130354,0.259835,0.172184,0.010215,0.360935,0.313096,0.062703,-0.245778,0.019333,0.121831,0.031758,0.096763,0.168587,-0.275174,0.252532,0.162443,0.131137,0.144245,0.212864,0.187986,-0.042428,0.249085,-0.170207,0.353019,0.061016,0.411536,0.212862,0.216435,0.15204,0.242267,0.075918,0.191369,0.037354,0.382768,0.132046,0.190366,-0.011192,0.045727,0.241771,0.015912,0.108486,0.163986,0.298299,0.10705,0.244063,0.139679,0.029821,0.135665,0.158816,-0.145743,0.133216,-0.012724,0.153073,0.323233,-0.058602,0.317741,0.222786,0.286951,0.282247,0.19245,-0.123088,0.12199,0.354428,-0.094926,0.229465,0.148421,0.207427,0.385999,0.388508,0.024637,-0.056726,0.194839,0.24808,0.058859,0.37764,0.019402,0.240763,0.30604,-0.022458,0.318083,0.075415,0.145331,0.161697,-0.287144,0.198446,0.130654,0.099289,-0.192435,0.144398,0.098065,-0.271535,-0.256513,-0.103524,-0.11058,0.01395,-0.108153,-0.338464,-0.057662,0.223976,-0.246708,0.281766,-0.346172,-0.242209,0.333722,-0.305692,-0.256118,-0.179856,-0.045465,-0.292506,-0.142478,0.300598,0.054729,-0.003208,#
20,-0.054115,0.232857,-0.245551,-0.018829,0.168773,0.068194,0.26932,-0.148374,-0.218348,0.088098,0.329027,-0.036154,0.283336,-0.174189,-0.208813,0.141472,0.023739,0.058479,0.14787,-0.292889,1.0,0.419794,0.101356,0.036718,-0.054493,-0.019577,0.023434,0.161812,0.313956,0.288987,-0.104061,-0.169301,0.324678,-0.137131,0.072439,-0.016001,-0.033383,-0.299736,-0.071705,0.186875,0.280211,0.057606,0.220558,0.021753,-0.051815,0.001386,-0.469152,-0.134959,-0.067391,-0.244435,0.064687,-0.211353,-0.092389,-0.110001,0.185117,-0.030511,-0.227136,0.137368,0.005093,0.248637,0.006519,-0.128065,-0.138903,0.105358,0.203587,0.053552,-0.165876,0.014303,0.021033,0.040502,-0.357528,-0.079283,0.188461,-0.12201,-0.214694,0.09226,-0.100276,0.061047,-0.226572,-0.233216,-0.279686,-0.182954,-0.051582,0.024561,-0.182289,-0.278576,0.211418,-0.272747,-0.247552,-0.098033,-0.181667,-0.353202,-0.178381,-0.204289,-0.032413,-0.042892,-0.391161,-0.100351,-0.310641,0.002297,0.281248,-0.011837,-0.170046,-0.254165,0.052317,-0.053603,-0.156738,-0.226895,-0.341331,0.211442,-0.169175,0.033107,-0.322702,-0.121947,-0.192873,-0.091348,-0.033314,-0.080596,-0.194177,-0.040225,-0.218028,-0.274181,-0.208684,-0.143535,-0.151122,-0.115411,0.177624,-0.183989,-0.055341,-0.267729,-0.35825,-0.147298,-0.006903,0.056622,-0.236482,0.012056,-0.185959,-0.3704,-0.035518,-0.382425,-0.44743,0.00102,-0.235245,-0.041909,-0.314742,-0.184908,-0.272193,0.250702,-0.059713,-0.381942,0.103694,-0.331813,-0.261585,-0.283922,-0.36615,-0.275889,-0.08556,0.194525,-0.213481,-0.255122,0.136903,-0.113676,-0.234687,-0.044514,-0.41336,0.033474,-0.292131,-0.019808,-0.137623,0.176711,0.224395,0.088759,-0.219135,-0.011648,0.259851,-0.384925,-0.116559,0.180715,0.135272,-0.060889,0.192865,-0.028793,0.168763,0.220579,0.244222,-0.145612,-0.234316,0.04907,0.337805,0.241225,-0.31885,0.490487,0.389344,0.060414,0.217186,0.346057,0.292051,-0.087648,0.079168,-0.031217,#
