0,1.0,0.410871,0.006442,-0.245469,0.242508,0.167394,0.065288,0.119729,0.086987,0.206399,-0.178565,0.030811,0.350199,0.401058,0.0415,-0.131982,0.128866,0.330948,-0.005046,-0.188222,-0.159704,0.189551,0.36112,-0.039907,-0.287719,-0.269125,0.107707,-0.101037,0.186284,0.460669,-0.143575,0.099796,0.064677,-0.189684,-0.108858,0.119881,-0.200634,-0.023316,0.011215,-0.061018,-0.100389,0.068311,-0.052123,0.219983,-0.036563,-0.456129,0.258627,0.154312,-0.286144,-0.07621,-0.043803,-0.143941,0.023989,-0.15119,-0.084915,-0.06055,-0.042763,-0.057192,0.0481,0.255177,0.246193,0.016777,-0.141392,-0.037774,0.088631,0.367872,0.018109,0.247835,0.156137,0.013701,-0.122214,0.072807,-0.332982,-0.121225,-0.287281,0.260079,-0.094022,-0.245924,-0.24455,-0.122051,-0.251081,-0.165887,-0.182246,0.187961,-0.129096,-0.084769,-0.19249,-0.154516,0.028002,-0.3594,-0.197604,-0.352515,-0.296668,0.194545,0.066727,-0.170546,0.153292,-0.208875,-0.151851,-0.36507,0.109957,-0.397065,-0.112529,0.039985,-0.316279,-0.073902,-0.27805,-0.079086,-0.458007,-0.069875,0.234242,0.181908,-0.134819,-0.197994,-0.390969,-0.064136,-0.275471,-0.319341,0.192081,-0.46421,-0.305012,-0.247166,-0.256211,-0.208633,-0.275372,0.015387,-0.113188,0.016809,-0.025281,-0.281244,-0.186079,-0.213188,-0.199599,-0.01015,-0.372104,-0.164636,0.179799,-0.369861,-0.173952,-0.225798,0.090197,-0.414496,-0.480279,-0.234685,-0.118031,-0.23255,-0.238275,0.244886,-0.21591,-0.3257,-0.18561,-0.392897,-0.035943,-0.204328,-0.273455,-0.228726,0.40668,0.392644,-0.303281,-0.133075,-0.341841,0.025665,-0.06339,-0.27433,-0.10983,0.282309,-0.205798,-0.164965,-0.140242,-0.235956,0.110783,0.099445,-0.417742,-0.142247,0.257529,-0.397892,-0.126449,0.158783,0.423805,-0.419974,0.144006,0.026549,-0.226115,-0.014104,0.399401,-0.230198,0.324867,0.069325,-0.208357,0.52975,0.044765,0.122475,0.295673,0.341843,-0.096133,0.280034,0.094837,-0.4477,-0.041283,0.2513,#
1,0.410871,1.0,0.168587,-0.130098,0.139705,-0.059969,0.315064,0.186607,0.253101,0.277772,-0.210622,-0.266777,0.417227,0.28494,0.317238,-0.155273,-0.094272,0.383956,0.385042,-0.041641,0.077528,0.186341,0.333876,0.044592,-0.323688,-0.163633,0.328142,0.062385,0.265747,0.405199,-0.52855,0.008326,0.232474,0.038462,-0.056049,0.037547,0.00066,-0.119992,-0.067627,-0.171164,-0.185728,0.242255,-0.033467,0.240078,0.106543,-0.411513,0.414594,0.248314,0.078916,0.242618,0.136167,-0.181598,-0.084056,-0.009652,0.078019,-0.255327,-0.167662,-0.087646,-0.083288,0.045829,0.082212,0.180998,-0.33004,0.248927,-0.016753,0.329029,-0.04348,0.377324,0.29485,-0.196066,-0.049713,-0.077751,-0.186113,-0.366945,-0.300284,0.415336,-0.255604,-0.323541,-0.332199,-0.463622,-0.283935,-0.340504,-0.399292,0.171844,-0.372055,-0.05023,-0.295686,-0.081899,-0.214688,-0.171345,-0.15567,-0.308035,-0.522027,0.045464,-0.218783,-0.035749,0.195168,-0.302001,-0.09118,-0.299863,-0.004305,-0.418434,-0.472336,-0.101088,-0.546615,-0.201494,-0.588911,-0.226995,-0.624067,-0.135293,0.199521,0.280285,-0.13285,-0.491741,-0.101741,-0.027396,-0.316655,-0.509258,-0.008831,-0.502646,-0.334857,-0.186761,-0.319203,-0.413949,-0.039631,-0.014397,-0.289171,-0.009233,-0.089272,-0.225686,-0.316312,-0.415395,-0.310437,0.112068,-0.240307,-0.192876,0.106752,-0.171719,0.154377,-0.411714,-0.382389,-0.024216,-0.514955,-0.126834,-0.121126,-0.234273,-0.24984,0.385653,-0.313172,-0.379783,-0.175171,-0.410614,-0.085313,-0.202664,-0.352958,-0.15605,0.370083,0.51439,-0.308459,-0.017228,-0.090373,-0.060755,0.160246,0.005816,-0.206129,0.437849,-0.296879,0.003496,-0.150054,0.020045,-0.186052,0.08096,-0.202587,-0.385099,0.370769,-0.130876,-0.240352,0.336133,0.391995,-0.421052,0.109605,0.151669,-0.21919,0.014421,0.311314,-0.127217,0.235599,-0.136726,-0.248172,0.456544,0.059866,0.573403,0.353029,0.199508,-0.190086,0.050457,0.26481,-0.358924,-0.173437,0.163882,#
2,0.006442,0.168587,1.0,0.276683,0.280395,-0.194487,0.016661,-0.063574,-0.062937,-0.114054,-0.034326,-0.011794,-0.073396,-0.180999,-0.109473,-0.272282,0.005002,-0.003199,-0.113556,0.057791,-0.064386,-0.15268,0.17513,-0.181286,-0.106788,-0.095647,0.248169,-0.190284,-0.16413,0.101806,0.033934,0.177983,-0.197617,0.039866,-0.08952,-0.053086,0.308946,-0.147186,0.128787,-0.067351,-0.079549,0.136677,-0.030039,0.032547,0.025548,-0.045868,-0.014338,0.432013,-0.013832,-0.026323,-0.071393,0.179408,0.069605,0.088923,-0.098001,-0.078189,-0.268139,-0.085844,-0.400877,-0.14527,-0.063875,-0.239037,-0.071747,-0.043876,-0.152066,0.006674,-0.184263,0.027656,-0.006633,0.264409,0.263194,0.160438,0.05116,-0.016286,-0.083546,0.185875,-0.128244,-0.278532,-0.214508,-0.039072,0.139958,0.016402,0.001825,0.236022,-0.017649,0.054888,-0.096047,0.119797,-0.034648,-0.087349,-0.135064,-0.072751,-0.093026,0.065832,-0.215841,-0.02961,0.241646,-0.081385,0.10794,-0.082101,-0.025261,-0.082372,-0.04072,0.002581,-0.092513,-0.190954,0.035343,0.168943,-0.177382,0.228766,0.285767,-0.061626,-0.119631,-0.097914,0.410977,0.004629,-0.13058,-0.335892,0.019303,-0.165421,-0.086844,-0.092042,0.195769,-0.054741,-0.076972,-0.06747,-0.313564,0.008683,-0.052096,-0.06234,0.274387,-0.208109,-0.221025,-0.045661,0.014016,0.02473,0.315653,0.239423,0.222394,0.008424,0.094273,0.338373,-0.007538,-0.1862,-0.052607,0.281419,-0.084377,0.174716,0.026154,-0.07017,-0.226201,-0.075839,0.16423,-0.080266,-0.102931,-0.122458,-0.001164,0.123483,0.112344,-0.128054,-0.004309,0.025421,0.165586,-0.073376,0.032528,-0.067455,-0.309368,-0.072979,0.055791,-0.067378,-0.045182,-0.15368,0.034649,0.016875,-0.066597,0.11708,-0.042442,0.11725,0.018055,-0.096709,0.036,-0.249383,-0.160289,0.253084,-0.010585,-0.002773,-0.080631,-0.163434,-0.195161,0.102918,0.301453,0.261445,0.134945,0.085475,0.049638,-0.204787,0.128506,-0.016364,0.067981,0.098269,#
3,-0.245469,-0.130098,0.276683,1.0,-0.052323,-0.272241,-0.355925,-0.35848,-0.249442,-0.031661,0.25857,-0.107955,-0.212332,-0.296189,-0.192552,-0.193565,-0.072997,0.032625,-0.060514,0.162601,0.155873,-0.271662,-0.146747,0.001034,0.102962,0.142726,-0.172953,0.044421,-0.16664,-0.23853,0.450438,-0.07684,-0.4058,-0.024895,0.02078,-0.461292,0.167603,0.021114,0.094672,0.130204,0.111067,0.049213,0.037716,-0.133436,-0.016568,0.282221,-0.180475,-0.084303,0.31133,-0.268501,0.125767,0.467941,0.071806,0.135282,0.007468,-0.009673,0.108713,0.021795,-0.165829,0.096208,-0.181339,-0.024379,0.016402,-0.177779,0.030787,-0.224588,0.071373,0.016178,-0.119336,0.185629,0.136951,0.307489,0.278131,0.322887,0.204973,-0.297469,0.09032,-0.0486,0.31088,0.19115,0.204394,0.491029,0.282016,0.155058,0.164676,0.018694,0.17043,0.298442,0.088489,0.297916,0.2428,0.277414,0.379723,-0.204218,0.225874,0.190259,-0.00752,-0.11013,0.096126,0.3711,0.091538,-0.030381,0.329463,0.06374,0.14339,0.387228,0.210104,0.139269,0.28508,0.277445,-0.136994,-0.092399,0.35364,0.282194,0.122366,0.097173,0.426017,0.118263,0.086304,0.073947,0.344407,0.173194,0.388253,0.16369,0.047472,0.101589,-0.007982,-0.022493,0.200712,0.219899,0.532133,0.078883,0.137909,0.079015,0.28502,0.416566,0.058717,0.312184,0.235789,0.252988,0.263686,0.271944,0.179003,0.06571,0.237302,0.474785,0.244365,-0.285231,0.224038,0.356245,0.078474,0.298986,0.18157,0.167818,0.172828,-0.01768,-0.34151,-0.231688,0.220432,0.108412,-0.387035,-0.032866,0.034637,-0.104656,-0.03176,-0.135875,-0.00435,0.006694,0.092711,0.15432,-0.199788,-0.067717,0.202031,0.071602,-0.284158,0.152609,0.184519,-0.027922,-0.376372,0.244637,-0.380824,-0.068171,-0.088044,-0.033713,-0.216904,-0.056806,-0.145774,0.026187,0.278938,-0.364142,0.053902,-0.103955,-0.24552,-0.148171,0.057384,-0.233262,-0.318885,0.212642,-0.028814,-0.100787,#
4,0.242508,0.139705,0.280395,-0.052323,1.0,-0.036949,0.18538,-0.019656,-0.082148,0.101024,0.054415,0.076312,0.005975,-0.051836,0.287428,-0.188153,0.151318,0.194879,-0.060176,-0.055941,-0.082131,-0.016106,0.038921,-0.038936,-0.220867,-0.184973,0.091888,-0.059249,0.060535,0.163317,-0.145354,-0.067805,-0.051508,-0.139142,-0.256026,0.094172,-0.183057,-0.353719,0.078447,0.174889,-0.263856,0.01374,-0.108722,-0.025019,-0.113993,-0.161399,0.147308,0.260315,-0.128061,0.101228,0.158071,-0.173363,0.031963,-0.119666,0.171382,-0.22669,-0.402695,0.015154,-0.200007,-0.269085,-0.107159,0.119792,-0.070805,0.217385,-0.017414,0.258918,0.075024,0.016861,0.068966,0.090528,-0.158726,-0.028057,-0.041476,-0.005681,-0.192363,0.315403,-0.142881,-0.44636,-0.231223,-0.280128,-0.200547,-0.230564,-0.331265,0.044219,-0.180782,-0.148923,-0.172585,-0.289192,-0.238007,-0.191565,-0.128316,-0.309757,-0.09716,-0.082862,-0.11978,-0.034754,0.074031,0.048459,0.025957,-0.027555,-0.035471,-0.265125,-0.129402,-0.025722,-0.258712,-0.234361,-0.329069,-0.139827,-0.195854,0.151798,0.082204,-0.166849,-0.27999,-0.19065,-0.095951,-0.20404,-0.321636,-0.251893,-0.103392,-0.162017,-0.43285,-0.144284,-0.121223,-0.080138,-0.155214,-0.224628,-0.177838,-0.077691,-0.26312,-0.161526,0.025206,-0.390207,-0.400227,-0.2929,-0.080055,-0.356358,0.342674,-0.117585,-0.14936,-0.060928,-0.020168,-0.121571,-0.028678,-0.333081,-0.227627,-0.047209,-0.137337,0.079596,-0.297845,-0.173151,-0.253822,-0.14511,-0.265307,-0.123725,-0.348845,-0.146181,0.322138,0.29224,-0.224121,-0.174939,-0.034463,-0.134767,0.177356,0.079645,-0.333008,0.23948,-0.077361,0.183249,0.020658,-0.140713,0.183005,-0.082243,-0.15868,-0.216544,0.020371,-0.272001,-0.328187,-0.176009,0.189003,-0.090586,0.188523,-0.089251,0.333688,0.106955,0.05659,-0.101,0.066636,-0.075843,-0.117609,0.105787,0.054294,0.298854,0.055101,0.079247,0.226348,-0.314568,-0.01746,-0.196503,-0.380308,0.32279,#
5,0.167394,-0.059969,-0.194487,-0.272241,-0.036949,1.0,0.088914,0.170472,0.179664,0.04553,0.194699,0.089197,0.022344,0.114878,-0.020815,8.4e-05,0.135209,-0.027392,-0.280338,0.096227,-0.237435,0.207376,0.179131,-0.189311,0.180167,-0.404769,-0.031944,0.145681,-0.065155,-0.161944,-0.118938,0.156674,-0.146865,-0.112408,-0.154334,-0.024672,-0.238382,0.081575,-0.024255,-0.26126,-0.09417,0.178138,0.033585,0.30821,0.21914,-0.095187,0.08722,0.148212,0.041105,0.287048,-0.041193,0.130282,0.203734,-0.153104,-0.130998,-0.043897,0.277184,-0.115335,0.196015,0.053239,0.080258,-0.072741,-0.003106,0.105177,0.053153,0.089241,-0.227023,-0.047926,0.009266,0.138464,0.096198,0.063629,-0.053485,-0.088139,-0.173531,0.146607,-0.05511,0.116195,-0.133059,-0.120787,0.147014,-0.139773,-0.030444,-0.244795,-0.00215,0.114222,-0.159372,-0.357936,0.017332,-0.332578,-0.046755,0.038361,-0.179737,0.118031,0.124421,0.026398,0.074031,-0.005982,0.046324,-0.26291,-0.137437,0.071537,0.113483,-0.083624,0.077109,-0.070218,0.02158,-0.167395,-0.175481,-0.220834,0.180707,0.257803,-0.098109,-0.261872,-0.233806,-0.333359,-0.317027,0.142766,-0.022995,-0.18275,-0.032289,-0.250054,0.195545,-0.142494,-0.100045,0.177387,0.025688,0.106315,-0.023754,0.051031,-0.145349,0.024664,0.029904,-0.035457,-0.054013,-0.118668,-0.07541,-0.265529,-0.148551,-0.299426,-0.027038,-0.271805,-0.345493,-0.010719,0.1288,0.069965,-0.307902,-0.062983,0.147991,-0.188746,-0.034745,0.048909,-0.188171,0.131861,-0.073709,0.192453,0.105633,0.172532,-0.209101,0.1057,-0.034352,-0.023467,0.035215,0.082786,0.06254,0.097736,0.107407,-0.003723,-0.057454,-0.237066,0.091943,0.147408,-0.073416,0.199649,0.032546,-0.040956,0.013935,0.178022,0.199156,-0.064539,0.182576,0.203532,-0.029419,-0.108037,-0.161782,-0.036281,0.076862,0.139975,-0.173673,0.101207,0.062271,-0.242008,0.23456,-0.187864,0.045238,0.129923,0.093286,-0.07032,0.02604,0.141168,#
6,0.065288,0.315064,0.016661,-0.355925,0.18538,0.088914,1.0,0.397495,0.482265,0.121845,-0.016126,-0.157474,0.310093,0.0871,0.351648,-0.116632,-0.194095,0.033434,0.053824,0.048857,-0.005798,0.219315,0.218593,-0.043043,-0.049744,-0.17086,0.174331,-0.230533,0.197373,0.171667,-0.511099,-0.128773,0.161299,0.144274,-0.223967,0.104341,0.084437,-0.282535,0.131222,0.036967,-0.035047,0.341344,-0.182584,0.127482,-0.064998,-0.180485,0.258086,0.348139,0.06038,0.076333,-0.009295,-0.236012,0.024792,-0.304672,-0.184431,0.074553,0.16608,-0.008838,-0.009453,0.221364,0.014195,0.09923,-0.239304,0.205734,0.235794,0.293436,0.034725,-0.090682,0.168485,-0.220241,0.152113,-0.151829,-0.147398,-0.315439,-0.388829,0.453321,-0.060327,-0.179969,-0.195189,-0.082528,-0.164446,-0.367398,-0.221622,-0.202444,-0.41887,0.07334,-0.0849,0.110814,-0.298985,-0.219714,-0.294344,-0.21791,-0.382685,0.30714,-0.306537,-0.11547,0.040936,0.091768,-0.023221,-0.156177,-0.110057,0.016863,-0.04192,0.101114,-0.142144,-0.277259,-0.131686,-0.175676,-0.219108,-0.298894,0.311734,0.343219,-0.266746,-0.476225,0.13062,0.048327,-0.20559,-0.142566,-0.061655,-0.399644,-0.225833,-0.307246,-0.195167,-0.405829,-0.039526,0.100157,-0.10489,0.30867,-0.261534,-0.067548,-0.320955,-0.521964,-0.363423,-0.096622,-0.123679,-0.227088,0.036576,0.01231,0.0226,-0.433416,-0.244684,-0.131686,-0.177303,-0.091178,-0.046605,-0.235856,-0.260304,0.655104,0.034906,-0.396067,0.016379,-0.13018,-0.119225,-0.3235,-0.165977,0.168266,0.368826,0.357891,-0.150192,-0.207188,0.40197,0.121681,0.272759,0.006781,0.110845,0.32149,-0.019339,-0.225626,-0.231558,0.053188,-0.028692,-0.080303,-0.10922,-0.059479,0.14206,-0.069926,-0.105925,0.161334,0.559118,-0.171372,0.215885,0.219822,-0.043997,-0.071226,0.284386,-0.072376,0.295223,-0.014924,-0.431166,0.279585,0.271805,0.232338,0.123819,0.009513,0.068852,-0.05071,0.214168,-0.103591,-0.039024,-0.214348,#
7,0.119729,0.186607,-0.063574,-0.35848,-0.019656,0.170472,0.397495,1.0,0.190204,-0.04175,-0.178298,-0.052368,0.122399,0.176258,0.052128,0.12776,0.013014,-0.115213,-0.116237,-0.026787,-0.072257,0.39555,0.136523,0.260416,-0.22694,-0.057806,0.392671,-0.044825,0.01742,-0.053539,-0.388002,0.185348,0.08386,-0.058963,-0.071526,0.025171,-0.040206,-0.393336,0.218264,-0.156275,0.014004,0.191483,-0.135143,0.100263,-0.102124,-0.032985,0.133254,0.253271,-0.112663,0.078905,-0.144259,-0.189628,0.16082,-0.072285,-0.271795,-0.006003,0.191461,-0.173824,0.164043,0.148286,0.068114,0.06736,-0.204116,0.288223,0.226261,0.214928,-0.164443,0.083309,0.242419,-0.179888,0.143499,0.077654,-0.234824,-0.008648,-0.290247,0.293007,-0.173496,-0.059639,-0.326647,0.059939,-0.070587,-0.23621,-0.006281,-0.137095,-0.113436,0.200419,-0.000837,-0.027302,-0.070757,-0.264929,-0.115844,-0.252054,-0.212556,0.149698,-0.274216,-0.057323,0.082351,0.076022,-0.115797,-0.288517,-0.020671,-0.111559,-0.013068,-0.046953,-0.1517,-0.246873,-0.075352,-0.124964,-0.282687,-0.406671,0.173094,0.071228,-0.31587,-0.185446,0.085618,-0.03225,-0.27066,0.090294,-0.30086,-0.119547,-0.121584,-0.32982,0.023617,-0.360781,0.087338,-0.027961,-0.111175,-0.007602,-0.119606,-0.091404,-0.444699,-0.206116,-0.011006,-0.151836,0.093832,-0.060246,0.187135,-0.094253,-0.038401,-0.407007,-0.275882,-0.094773,-0.203829,0.143275,-0.025524,-0.168371,-0.42456,0.323437,-0.120012,-0.148111,-0.059893,-0.032409,-0.204052,-0.195155,0.120355,0.149963,0.246865,0.047342,-0.174833,0.068398,0.219787,0.042613,-0.051737,0.038614,0.134223,0.143744,-0.017331,-0.235693,-0.265885,-0.096922,0.038875,-0.063222,-0.324279,-0.051023,0.137288,-0.048119,-0.035702,0.012343,0.201437,-0.258951,0.173022,0.136231,0.160323,-0.006471,0.006345,0.123648,0.08461,-0.121787,-0.116745,0.228866,0.262535,0.148142,0.148687,-0.128186,0.006032,0.244928,0.129519,-0.301736,-0.234611,0.02948,#
8,0.086987,0.253101,-0.062937,-0.249442,-0.082148,0.179664,0.482265,0.190204,1.0,0.148596,0.012713,-0.144809,0.341019,0.160539,0.274621,-0.252351,-0.224779,0.187473,0.157891,-0.023018,0.132832,0.120202,0.253753,0.09097,0.156029,-0.19555,0.319133,0.027086,0.309524,0.169197,-0.201581,0.073253,0.218421,0.001624,-0.212687,0.067209,0.169945,-0.203749,-0.092365,0.035049,0.186681,0.085051,-0.09006,0.173819,0.152487,-0.322476,0.278712,0.236216,0.04685,0.01731,-0.068473,-0.263326,0.067654,-0.018307,-0.27043,-0.105513,0.071277,-0.110927,0.280338,0.070956,0.145951,-0.051413,-0.117428,0.092846,0.120837,0.290885,0.02234,0.00747,0.18113,-0.125127,0.167768,-0.113971,-0.080898,-0.114437,-0.146684,0.212057,-0.081009,-0.102533,-0.171134,-0.317457,0.062837,-0.338951,-0.137173,-0.23583,-0.28145,0.206502,0.021416,0.009581,-0.058766,-0.148534,-0.269562,0.025216,-0.596726,0.46297,-0.177097,-0.030505,0.129167,-0.033716,0.087979,-0.12216,-0.096893,0.116588,0.040576,0.081159,0.043551,-0.258644,-0.182509,-0.07202,-0.123157,-0.193864,0.372868,0.354114,-0.211645,-0.290595,0.086923,-0.082788,-0.120181,-0.121215,0.051861,-0.155152,-0.146461,-0.224898,-0.052144,-0.379148,0.104548,0.134278,-0.077443,0.203123,-0.131141,-0.130715,-0.232294,-0.375332,-0.091245,0.060069,-0.055946,0.008403,-0.188442,-0.061236,0.165404,-0.070316,-0.168859,-0.08952,-0.222245,-0.150944,-0.161784,-0.071548,-0.20613,0.327089,0.121156,-0.198291,0.140059,-0.228306,0.02027,-0.260361,-0.008947,0.061514,0.394022,0.416661,0.032699,-0.081416,0.102224,0.047806,0.162068,-0.063997,0.123342,0.316988,0.046466,-0.071484,-0.283454,-0.013055,-0.258772,0.169764,-0.17794,-0.166895,0.297744,0.019825,-0.204617,0.191303,0.473454,-0.313067,0.140789,0.225969,-0.155127,0.004916,0.097882,0.003229,0.349369,0.002304,-0.364215,0.206506,0.209197,0.043413,0.188699,-0.087936,-0.018651,0.145339,0.241013,-0.105961,0.132735,-0.068928,#
9,0.206399,0.277772,-0.114054,-0.031661,0.101024,0.04553,0.121845,-0.04175,0.148596,1.0,0.023794,-0.229193,0.277725,0.15998,0.189173,0.043311,-0.270976,0.166233,0.163923,-0.176443,-0.134443,0.212315,0.247011,0.12402,-0.235539,0.006068,0.217715,-0.065807,0.098041,0.401298,-0.120809,0.040211,0.11784,0.211899,-0.307161,-0.085544,-0.147896,-0.065881,0.103172,-0.054808,-0.093491,0.103955,0.080589,0.097669,-0.006061,-0.39713,0.139693,0.033245,-0.244813,0.123424,-0.125233,-0.004822,0.038004,-0.130704,0.059625,-0.248329,-0.078644,0.100578,-0.107307,-0.072243,0.278657,-0.037249,-0.418054,0.135508,0.052659,0.148538,-0.024731,0.086661,0.035344,-0.077338,-0.114449,-0.212306,-0.019616,-0.231579,-0.022847,0.119251,-0.152308,-0.384154,-0.047197,0.031647,-0.220696,-0.13393,-0.174672,-0.017207,-0.002078,0.0149,-0.335562,-0.267735,-0.16006,-0.089493,-0.048783,-0.206391,-0.352601,0.00417,-0.039059,0.043425,0.03319,0.093893,0.093362,-0.236828,-0.138974,-0.401381,-0.225026,-0.141905,-0.225865,-0.048292,-0.300457,-0.114646,-0.2854,-0.208116,0.135815,0.272747,0.00747,-0.355953,-0.404334,-0.123225,-0.118914,-0.180976,0.23978,-0.457267,-0.213471,-0.135999,0.081485,-0.303875,-0.226806,0.31089,-0.150808,-0.114445,-0.151331,-0.073393,-0.042005,-0.249197,-0.240827,0.102528,-0.384597,0.011412,0.060882,-0.084935,0.099672,-0.282235,-0.025374,-0.081458,-0.403569,-0.129699,-0.114927,-0.162579,0.105332,0.230872,-0.315946,-0.05048,-0.293072,-0.122129,0.052369,-0.023358,-0.094231,-0.040568,0.243945,0.420022,-0.127531,-0.146974,-0.213996,-0.025071,-0.063983,0.047474,-0.180084,0.257873,-0.250495,-0.152605,-0.032598,0.065602,0.039217,0.099402,0.037326,-0.153698,0.319812,-0.275579,-0.051246,0.008631,-0.00814,0.199135,0.087777,0.241374,-0.267323,-0.06191,-0.041667,0.064784,0.220213,-0.231846,-0.111639,0.419585,0.001545,0.04537,-0.163296,0.162542,-0.010148,-0.253781,0.023216,-0.234594,0.109724,-0.045111,#
10,-0.178565,-0.210622,-0.034326,0.25857,0.054415,0.194699,-0.016126,-0.178298,0.012713,0.023794,1.0,0.055224,-0.444499,-0.261459,0.019187,0.223535,0.166766,-0.128894,0.019284,-0.21728,-0.074481,-0.057139,-0.065691,-0.05043,0.2666,0.0634,-0.201319,0.08193,-0.055609,-0.355698,0.186882,-0.011362,-0.05455,0.003675,0.215129,-0.001855,-0.040929,-0.019106,-0.068913,0.186698,-0.104321,-0.160799,-0.035571,0.207921,0.173838,0.157969,-0.310604,-0.113839,0.18376,0.002817,0.060922,0.207916,0.05461,-0.190461,-0.083652,0.115292,0.047252,0.100879,-0.053839,0.046231,-0.117374,0.012249,0.082947,-0.165997,0.033526,-0.344614,-0.10496,-0.38625,-0.28926,0.217375,-0.102736,0.068539,0.299962,0.16923,0.061941,0.030526,-0.211493,0.041567,0.021242,-0.097275,-0.159822,0.127732,0.188772,-0.267644,-0.013365,-0.136007,0.092135,-0.018273,-0.271941,0.007521,-0.109352,-0.063283,0.072201,-0.24881,-0.004563,0.127812,-0.230021,-0.001314,-0.101512,0.081627,0.032328,0.06959,0.184387,-0.08141,-0.028482,-0.059226,-0.007716,-0.095046,0.232017,0.239149,-0.234621,0.048552,0.047927,-0.150491,-0.08573,-0.126411,0.208342,0.00312,0.01534,0.246866,0.16409,-0.001807,0.189767,0.11882,-0.092653,-0.098424,-0.155264,0.101093,-0.120294,-0.047001,0.255136,0.118207,-0.088839,0.010271,0.11123,0.228607,0.028626,-0.065202,-0.065378,-0.043802,-0.159587,0.040447,0.178538,-0.044685,-0.125432,0.047723,-0.001222,-0.265993,0.07354,0.283686,0.040608,0.360894,-0.269278,-0.044108,0.017631,-0.165912,-0.382936,-0.103564,-0.114486,0.132353,-0.175494,-0.02054,0.173993,-0.330261,-0.281494,-0.071214,-0.03218,0.184041,0.367733,-0.034016,-0.012242,0.031843,-0.121055,0.034983,-0.175531,0.027947,-0.086601,0.046921,-0.179485,0.26219,0.064213,0.14603,0.113204,0.20111,-0.193349,-0.195106,-0.190416,-0.09489,0.249657,-0.357848,-0.282243,-0.073705,0.012232,-0.18612,0.001954,-0.137705,0.159055,0.076408,-0.203223,-0.226031,#
11,0.030811,-0.266777,-0.011794,-0.107955,0.076312,0.089197,-0.157474,-0.052368,-0.144809,-0.229193,0.055224,1.0,-0.191201,-0.114922,-0.100618,0.104635,0.00028,-0.056774,-0.327031,-0.017899,-0.230445,0.090393,-0.112354,-0.12097,-0.02917,0.001991,-0.085722,-0.142382,-0.039646,-0.06283,-0.088767,0.02857,-0.036216,-0.029303,0.218237,0.05619,-0.430126,0.060848,-0.184726,0.078663,0.003075,0.045057,-0.121362,-0.320135,-0.061178,-0.068914,-0.229691,-0.017624,-0.136038,0.090144,-0.199485,0.114642,-0.086906,-0.052494,0.039788,-0.035687,-0.110718,0.002857,0.139337,-0.025232,-0.127761,0.041785,0.041863,-0.373082,0.159005,-0.193521,-0.114828,-0.162764,-0.135032,0.320878,0.112125,-0.006793,0.049993,0.154035,-0.22538,-0.184547,-0.18476,-0.011229,-0.033269,0.157909,0.275884,-0.025113,-0.070578,-0.20635,0.115848,0.150441,0.10741,0.001534,0.05643,-0.077823,0.179635,0.001111,0.083676,-0.008488,0.09025,0.152758,-0.021279,0.097754,-0.094374,0.022779,-0.044178,0.083565,-0.001132,0.01664,-0.153636,-0.026741,0.139025,0.029071,0.084388,0.236722,-0.100468,-0.02288,-0.207706,0.164219,-0.058335,-0.23315,-0.049498,0.28078,-0.114257,0.213879,0.079605,-0.170983,0.020554,0.274265,-0.119542,0.065751,0.037982,-0.148033,0.188391,0.174929,-0.000987,0.128036,-0.007445,-0.168935,-0.003295,-0.073284,-0.035735,-0.151537,0.081926,0.089219,0.270527,-0.070006,0.17081,-0.064597,-0.145066,0.080081,0.0625,-0.245678,-0.141717,0.25813,0.04281,-0.072217,0.011364,0.071933,-0.02183,0.131469,-0.11101,-0.185346,0.015418,0.142879,0.035814,-0.202407,-0.032004,0.037817,-0.051263,-0.126736,0.130967,0.1729,0.199355,-0.135636,0.159474,0.06493,0.025912,0.18483,-0.052166,-0.061797,-0.292322,-0.132375,-0.096862,0.0893,0.025185,-0.187542,0.072913,0.162991,0.142761,-0.07499,-0.004789,0.114539,0.054508,-0.209243,-0.131703,-0.07673,-0.074407,-0.05366,-0.058485,-0.024207,0.143184,-0.027286,0.074966,-0.082752,#
12,0.350199,0.417227,-0.073396,-0.212332,0.005975,0.022344,0.310093,0.122399,0.341019,0.277725,-0.444499,-0.191201,1.0,0.404653,0.195759,-0.315997,-0.248783,0.330536,0.024361,0.219816,0.078507,0.257863,0.445191,-0.045041,-0.280085,-0.193524,0.275003,-0.269807,0.201152,0.271628,-0.346114,0.084774,0.338375,-0.123307,-0.208543,-0.021515,0.121156,0.02301,-0.046508,-0.415751,0.157886,0.467969,0.050978,0.004242,0.028061,-0.459591,0.539315,0.270832,-0.18962,-0.002531,0.027782,-0.112814,0.041287,0.007884,-0.255379,0.084329,0.150886,-0.120219,0.078656,0.094267,0.257915,0.129036,-0.082327,0.024927,0.109462,0.400441,0.057874,0.409076,0.250924,-0.166149,0.193002,0.115912,-0.223549,-0.105873,-0.22027,0.214483,0.150327,-0.181518,-0.116004,-0.176581,0.018953,-0.345661,-0.272154,-0.043693,-0.016198,0.196249,-0.144325,0.206947,0.020067,-0.184588,-0.1098,0.028475,-0.373613,0.329756,-0.129685,0.194034,0.510654,0.010163,0.05081,-0.302619,0.120476,-0.086512,-0.050041,0.061147,-0.130298,-0.046234,-0.262834,-0.158726,-0.447273,-0.182109,0.452486,0.022803,-0.029591,-0.271586,-0.030575,-0.019944,-0.301245,-0.132365,0.126075,-0.510937,-0.177154,-0.281331,-0.037283,-0.404672,-0.031471,0.324637,-0.19528,0.117616,0.139965,0.149216,-0.286703,-0.21014,-0.198383,-0.063953,-0.215087,-8.6e-05,-0.147954,-0.100712,0.117161,-0.084876,0.017574,-0.312688,-0.272132,-0.215533,0.022474,-0.143542,-0.157371,0.301856,-0.005834,-0.191537,-0.105302,-0.445748,0.320856,-0.157786,-0.021472,0.15437,0.578278,0.381769,0.101225,-0.281536,0.000859,-0.047679,-0.027688,0.238865,0.191729,0.380173,0.17589,-0.169533,-0.221744,0.084649,-0.104649,0.018469,-0.048333,-0.07109,0.31883,-0.028652,0.047407,0.084985,0.433061,-0.301345,0.125913,-0.035357,-0.31345,-0.364562,0.244233,-0.061325,0.490478,0.008081,-0.558925,0.406895,0.378628,0.092416,-0.071248,0.011439,-0.058212,-0.004556,0.007411,-0.170077,0.251108,0.067521,#
13,0.401058,0.28494,-0.180999,-0.296189,-0.051836,0.114878,0.0871,0.176258,0.160539,0.15998,-0.261459,-0.114922,0.404653,1.0,0.240855,-0.016756,-0.376236,0.211917,0.024494,0.127029,-0.077733,0.396578,0.580803,0.092939,-0.10466,-0.206454,0.416817,0.155872,0.388792,0.405515,-0.268718,0.15249,0.188169,-0.089343,-0.065513,0.076086,-0.118849,0.095312,0.151769,-0.198843,-0.009756,0.192856,0.194639,0.159424,-0.28938,-0.477847,0.385471,0.097375,-0.192843,0.176501,0.211425,-0.093852,-0.051968,-0.00892,-0.096948,-0.063621,0.036886,0.02811,0.195143,0.153753,0.40838,0.107018,-0.204236,0.207353,0.207288,0.359258,-0.074325,0.479212,0.251719,-0.094662,-0.071128,-0.16079,-0.028874,-0.158442,-0.319559,0.188312,0.067608,-0.034754,-0.311973,-0.013355,-0.443808,-0.349856,-0.097724,0.145454,-0.051403,-0.055356,0.018232,-0.079349,0.02015,-0.267451,-0.216314,-0.179319,-0.315351,0.305061,0.021513,-0.059579,0.082163,-0.096864,-0.049753,-0.336097,-0.176573,-0.181695,-0.158152,-0.1617,-0.12238,-0.11294,-0.038497,-0.384685,-0.307807,-0.033347,0.215864,0.172233,-0.146659,-0.090828,-0.256916,-0.159061,-0.275689,-0.177706,0.08418,-0.207822,-0.103128,-0.317362,-0.079743,-0.290489,-0.04349,0.21054,-0.134931,-0.054379,-0.017303,-0.1201,-0.317152,0.090345,-0.380675,0.026435,-0.53155,-0.079951,-0.148753,-0.353519,0.059722,-0.125033,-0.061506,-0.411993,-0.352107,-0.232797,-0.285055,-0.153206,-0.209896,0.08118,-0.054358,-0.338297,-0.103213,-0.420756,-0.018453,-0.215241,-0.241657,0.083825,0.470959,0.259926,-0.058288,-0.137783,-0.050629,-0.174473,-0.099523,0.174744,-0.066062,0.127759,0.110182,0.112098,-0.186744,0.030137,-0.082047,0.087929,-0.142546,-0.304208,0.43795,-0.210052,0.068465,-0.048798,0.501617,-0.341838,0.377719,-0.106555,-0.264853,-0.115619,0.211746,0.113731,0.108073,-0.326309,-0.311185,0.443901,-0.024446,-0.04595,0.181807,0.124107,0.022763,0.032807,0.328012,-0.242202,0.201456,0.026263,#
14,0.0415,0.317238,-0.109473,-0.192552,0.287428,-0.020815,0.351648,0.052128,0.274621,0.189173,0.019187,-0.100618,0.195759,0.240855,1.0,-0.134836,-0.134996,-0.02027,0.133428,0.069666,0.013218,-0.028083,0.157566,0.120626,-0.093415,-0.054607,0.03705,0.302566,0.476322,0.127954,-0.355913,0.027737,0.20676,-0.084805,-0.115674,0.107882,-0.215658,-0.092855,0.116471,0.14262,-0.209318,0.183333,-0.276249,0.266912,0.092298,-0.089683,0.278433,-0.06628,0.032074,0.36866,0.046008,-0.133177,0.00694,-0.103187,-0.007558,-0.215083,-0.173162,-0.038047,-0.052178,0.021535,-0.099594,0.361127,-0.260402,0.232093,0.095856,0.117705,0.106957,-0.011345,-0.064294,-0.399737,-0.116558,-0.297735,0.137401,-0.239836,-0.346802,0.152206,0.027289,-0.288103,-0.228191,-0.267945,-0.326029,-0.29767,-0.282135,-0.017697,-0.408372,-0.004927,-0.174819,-0.142025,-0.393066,-0.19794,-0.131684,-0.182491,-0.258717,0.019994,-0.188592,-0.080914,-0.103923,-0.020628,-0.116073,-0.25219,0.154141,-0.275026,-0.272111,-0.211021,-0.171639,-0.079061,-0.378461,-0.187948,-0.245357,-0.042428,-0.050985,0.136389,-0.335443,-0.275938,-0.319871,-0.134187,-0.173151,-0.246125,-0.336878,-0.164045,-0.2948,-0.1577,-0.272206,-0.110205,0.136282,-0.233235,-0.22788,-0.07708,-0.365387,-0.192699,-0.19962,-0.270485,-0.358638,0.150187,-0.283799,-0.145175,0.093336,-0.198312,-0.025212,-0.021121,-0.234718,-0.282406,-0.214099,-0.086604,-0.188493,-0.305158,-0.088231,0.104192,-0.192835,-0.19028,-0.217865,-0.210413,-0.133719,-0.067882,-0.322724,0.067546,0.3032,0.334224,-0.276207,0.148355,0.05564,-0.096182,0.072485,-0.054802,-0.26582,0.158039,0.05448,0.064137,0.055683,-0.107913,0.262069,0.126043,-0.002618,-0.388065,0.490491,-0.208476,-0.190908,-0.020533,0.25537,-0.111058,0.236389,0.276268,0.293318,0.046242,0.121801,-0.217579,0.04472,-0.108472,-0.129282,0.16628,-0.006503,0.372656,0.0658,0.037237,-0.225587,-0.15181,0.013508,-0.125628,-0.134195,0.160548,#
15,-0.131982,-0.155273,-0.272282,-0.193565,-0.188153,8.4e-05,-0.116632,0.12776,-0.252351,0.043311,0.223535,0.104635,-0.315997,-0.016756,-0.134836,1.0,-0.059374,-0.202782,0.236838,-0.085474,-0.226554,0.163286,-0.144952,0.047098,0.095511,0.033713,-0.049425,0.08923,0.09784,-0.229664,-0.135006,0.015967,-0.037712,0.12988,0.249533,0.281929,-0.019227,0.137094,-0.038685,0.089842,0.018056,-0.32764,0.083576,0.039616,-0.11986,0.073795,-0.322365,-0.187421,-0.006946,0.120328,0.031673,0.132441,-0.091563,0.117704,-0.069937,0.185628,0.156569,-0.115233,0.101109,-0.117856,0.00016,0.041179,0.145142,0.001081,0.090873,-0.349916,-0.157651,-0.099677,0.06191,0.167097,-0.03412,-0.051039,0.105195,0.077359,0.207086,-0.075967,-0.064383,0.010016,0.087716,0.127702,-0.098868,-0.064812,0.244288,-0.051949,0.229271,0.003961,0.136796,-0.223734,0.041533,0.137126,0.31475,-0.09576,0.12728,-0.193702,0.071063,0.189892,-0.078175,-0.037791,-0.30679,-0.132693,0.015957,0.022977,-0.11667,0.014908,0.170898,0.003353,0.062669,-0.109193,0.020074,-0.08997,-0.174186,-0.075691,0.212174,0.150603,-0.140386,-0.088596,0.057886,0.253186,-0.037693,0.217223,0.126093,0.177904,-0.001835,-0.022314,-0.031446,-0.028646,0.265049,0.003441,0.037253,-0.172846,-0.024271,0.146488,0.07071,-0.006616,-0.090874,0.098033,-0.10806,-0.023547,-0.200315,-0.067172,-0.036151,0.04191,-0.055924,0.259325,-0.112908,-0.001622,-0.070451,-0.281878,-0.140296,-0.099019,-0.020173,0.164649,-0.151357,0.097854,0.094043,0.064918,-0.298966,-0.09768,-0.117989,0.162527,0.081478,0.00795,-0.176564,-0.005393,-0.270646,-0.19269,0.089141,0.10906,-0.030047,0.110364,-0.043539,0.109347,-0.064701,0.125863,-0.121912,-0.066138,0.050815,-0.072384,-0.209797,0.257057,0.128486,-0.115611,0.158946,0.092246,-0.247162,-0.025152,-0.253171,-0.082224,0.090144,-0.200837,-0.301963,-0.210148,-0.185878,0.021915,0.015518,0.083101,0.151393,0.060474,-0.000589,-0.210442,#
16,0.128866,-0.094272,0.005002,-0.072997,0.151318,0.135209,-0.194095,0.013014,-0.224779,-0.270976,0.166766,0.00028,-0.248783,-0.376236,-0.134996,-0.059374,1.0,-0.078706,-0.120164,-0.365791,-0.048129,-0.30216,-0.311598,-0.123547,-0.039057,-0.028773,-0.394804,0.024073,-0.295582,-0.232986,0.114844,-0.121824,-0.033149,-0.271486,0.170372,0.205996,0.019726,-0.128812,-0.099026,0.116745,-0.163021,-0.338816,-0.04668,0.224965,0.208387,0.2195,-0.327,-0.227696,-0.011018,-0.122074,0.058092,-0.062607,0.045444,-0.062764,0.170325,-0.030133,-0.182085,-0.012959,-0.09166,0.05596,-0.229371,-0.089776,0.185928,-0.060893,0.035393,-0.025456,0.106489,-0.083815,-0.084566,-0.08429,-0.222483,0.174175,0.054041,-0.129161,0.051228,0.098964,-0.014178,0.115871,0.026831,-0.131187,-0.094492,0.175406,-0.085489,-0.034303,-0.0357,-0.24848,-0.26123,-0.209132,0.109614,-0.177683,-0.195293,-0.16962,0.203759,-0.393795,-0.009757,-0.330801,-0.113488,-0.099537,-0.309281,-0.018544,0.227797,-0.113317,-0.013183,-0.047431,0.022416,-0.064919,-0.092755,0.1303,-0.045386,0.203895,-0.156252,-0.106325,-0.046038,-0.109564,-0.091417,0.130584,-0.172472,-0.173998,-0.257478,0.21923,-0.299189,0.099662,-0.359509,0.272949,0.097833,-0.298511,-0.096139,-0.132428,-0.205658,-0.104739,-0.036605,0.156899,0.058923,-0.043573,0.074353,-0.259201,0.326301,-0.204079,-0.451447,-0.065355,-0.291794,0.20898,0.038394,-0.05563,0.063526,-0.061922,-0.146458,-0.042677,-0.015022,0.084155,-0.137147,0.248907,-0.222416,-0.016716,-0.168125,-0.406967,-0.249375,-0.10722,-0.300955,-0.030086,-0.023943,0.027612,0.050132,-0.298524,-0.095767,-0.048843,-0.101299,-0.078727,0.08652,-0.335203,0.313161,-0.117445,-0.168794,0.041001,-0.235141,-0.061837,-0.120163,0.079526,-0.148752,0.11535,-0.111024,0.093949,0.433495,0.152874,0.063786,-0.026492,-0.020623,0.253745,0.403792,0.00579,-0.125308,0.22318,0.225928,0.170249,-0.133989,0.504013,-0.086827,-0.123099,-0.484894,0.104572,#
17,0.330948,0.383956,-0.003199,0.032625,0.194879,-0.027392,0.033434,-0.115213,0.187473,0.166233,-0.128894,-0.056774,0.330536,0.211917,-0.02027,-0.202782,-0.078706,1.0,0.166832,0.065101,0.229939,0.176739,0.234811,-0.189752,-0.0527,0.020885,0.066124,-0.031841,0.126481,0.261252,-0.145821,0.003591,0.089978,-0.036116,0.04556,-0.131269,-0.018492,-0.127666,-0.045546,-0.141609,0.055414,0.180517,0.159446,-0.089699,-0.195528,-0.214723,0.207706,0.157601,0.045124,-0.153687,0.395651,-0.106103,-0.175627,-0.01555,0.059917,-0.228672,-0.198084,-0.041615,0.019751,-0.028479,0.106624,0.218863,-0.21273,-0.0084,-0.010126,0.325199,0.119708,0.345749,0.248975,0.298803,-0.002743,0.036986,-0.326642,-0.078563,-0.047824,0.243264,-0.134893,-0.245382,-0.067328,-0.387383,0.000269,-0.213113,-0.206601,-0.006704,-0.076283,0.171342,-0.177617,0.117782,0.15547,0.015027,0.073087,-0.112152,-0.11939,0.220866,-0.186399,0.085829,0.17723,-0.28738,-0.14343,-0.345917,-0.23459,-0.282953,-0.155712,0.126372,-0.260125,-0.153648,-0.133462,-0.365906,-0.424763,0.013979,0.295987,0.013951,0.090488,-0.157522,0.052998,-0.044298,-0.315765,-0.200941,0.266412,-0.271189,-0.178978,-0.042485,-0.134132,-0.36328,-0.144139,0.22265,0.053427,0.106781,0.061566,-0.093101,0.029781,-0.162702,-0.036083,-0.115851,-0.129341,-0.081001,-0.004594,-0.1871,0.143606,-0.059205,-0.06952,-0.017085,-0.150103,-0.190448,-0.228748,0.114929,-0.05847,0.293998,-0.056699,-0.241802,-0.189233,-0.186713,0.174794,-0.194201,-0.266702,-0.119143,0.34442,0.356318,-0.285965,-0.24101,-0.220177,0.028552,0.149656,0.127281,-0.257761,0.503113,-0.034399,-0.065306,-0.09143,0.078094,-0.192904,0.124446,-0.24219,-0.119954,0.097144,-0.218297,0.037782,0.072093,0.303324,-0.208551,0.040382,0.049765,-0.246639,-0.099547,0.071039,-0.194488,0.248821,0.098691,-0.346942,0.270194,0.037484,0.127656,0.020085,0.108968,-0.021885,-0.022193,0.017991,-0.151486,0.169198,0.206199,#
18,-0.005046,0.385042,-0.113556,-0.060514,-0.060176,-0.280338,0.053824,-0.116237,0.157891,0.163923,0.019284,-0.327031,0.024361,0.024494,0.133428,0.236838,-0.120164,0.166832,1.0,-0.156003,0.373713,-0.307182,-0.04791,0.053552,-0.029483,0.022794,0.066937,0.140559,0.190724,0.205829,-0.1508,-0.041631,0.229975,0.04728,0.048259,0.077299,0.124372,0.004509,-0.192984,0.043535,-0.039978,-0.206216,0.093608,-0.005071,-0.034775,-0.130425,0.120995,-0.049096,0.174835,-0.026838,0.077598,-0.034449,-0.130134,0.087436,0.152014,0.021481,-0.143917,-0.116608,-0.144785,-0.196739,0.041714,0.167488,-0.013657,0.188811,-0.029158,0.054105,-0.002699,0.076286,0.036873,-0.122146,-0.268807,-0.287689,0.008695,-0.094431,0.084195,0.112546,-0.219558,-0.003308,0.104402,-0.242076,-0.225302,-0.115416,-0.058995,0.225287,-0.230627,-0.071191,-0.003099,-0.040326,-0.07292,0.15887,0.062682,-0.133618,-0.222313,-0.166542,-0.219791,-0.081895,-0.003352,-0.221203,-0.120605,-0.059552,-0.046383,-0.070033,-0.302265,-0.211811,-0.180169,0.160008,-0.283021,0.00551,-0.132996,-0.158714,0.030538,-0.079275,0.088734,-0.125309,-0.050203,-0.127778,0.008035,0.011482,0.154313,-0.113176,-0.124149,0.199326,-0.253424,-0.180068,-0.023861,-0.14666,-0.080547,-0.012084,-0.071657,-0.288977,0.099101,-0.248191,0.031883,0.238082,-0.140366,-0.019094,-0.104098,-0.093307,-0.018731,0.031129,-0.192155,0.01175,-0.279763,0.031084,0.006857,-0.091938,0.010769,0.186899,-0.107492,-0.1754,-0.177209,-0.092082,0.136888,0.057663,-0.182359,-0.171854,-0.053836,0.227632,-0.05455,0.123039,-0.202534,0.051548,0.04942,0.024643,-0.181152,0.040688,0.002018,0.122481,-0.069075,0.041823,-0.10842,-0.015906,0.085909,-0.071089,0.228683,0.190563,0.0742,0.165142,0.073157,-0.203265,-0.003629,0.094972,0.040879,-0.101123,0.146763,-0.05436,-0.040038,0.084517,-0.077285,0.152272,-0.163502,0.067407,0.18189,0.184977,-0.032641,-0.09547,0.168722,-0.122892,-0.17659,-0.151602,#
19,-0.188222,-0.041641,0.057791,0.162601,-0.055941,0.096227,0.048857,-0.026787,-0.023018,-0.176443,-0.21728,-0.017899,0.219816,0.127029,0.069666,-0.085474,-0.365791,0.065101,-0.156003,1.0,0.02856,0.238814,0.15091,-0.155319,0.118436,-0.167759,0.086619,-0.118331,-0.111761,-0.186446,-0.15507,0.156637,0.074571,0.009745,-0.077621,-0.273459,0.043333,0.098598,-0.084575,-0.114038,0.331876,0.471589,-0.023444,-0.183629,0.012206,0.046197,0.317138,0.382074,0.21673,0.019803,0.185434,0.077473,0.061366,0.097338,-0.154273,0.238287,0.267779,-0.280552,0.215321,0.049413,-0.06426,-0.125101,0.070565,0.155728,-0.026271,0.115733,0.196581,0.162867,0.097454,0.067176,0.364509,0.126665,0.098916,0.208433,0.076079,-0.242923,0.355145,0.063246,0.221178,0.013237,0.383272,0.061926,0.124771,-0.168169,0.231596,0.157234,0.179251,0.337262,0.168835,0.098667,0.275722,0.209513,0.176679,0.236542,0.093833,0.242161,0.279875,0.041701,-0.023187,0.10782,0.06718,0.264977,0.112053,0.19778,0.12727,0.238367,0.20751,-0.327277,0.152503,-0.046541,0.316596,-0.249294,0.150694,0.211256,0.185391,0.02629,-0.044658,0.299535,0.036724,-0.016527,0.284933,-0.020498,0.384354,-0.121238,0.187728,0.169363,0.066735,0.121736,0.156745,0.401736,0.011419,0.204177,0.013746,-0.008785,0.213174,0.171577,-0.120499,0.184996,0.113128,0.14587,0.319693,-0.150037,0.026163,0.075319,-0.002283,0.174201,-0.05962,-0.122209,0.262506,-0.186911,0.084668,0.008334,0.202518,0.161254,0.207761,0.377187,0.028565,-0.088702,0.36371,-0.020324,-0.00145,-0.094917,-0.057883,0.361618,0.135397,0.002481,0.280274,0.160514,-0.203422,0.269937,-0.376619,0.031557,0.225413,0.167435,-0.039048,0.156586,0.302063,-0.231743,-0.118615,-0.061801,-0.003056,-0.129512,-0.068307,-0.061927,-0.30592,-0.07808,0.022662,-0.005282,-0.305924,-0.283621,0.189397,-0.166717,-0.192777,-0.288827,0.123291,-0.313009,-0.160136,0.300385,0.189098,0.021487,#
20,-0.159704,0.077528,-0.064386,0.155873,-0.082131,-0.237435,-0.005798,-0.072257,0.132832,-0.134443,-0.074481,-0.230445,0.078507,-0.077733,0.013218,-0.226554,-0.048129,0.229939,0.373713,0.02856,1.0,-0.188875,-0.16787,0.038071,0.185414,0.108693,-0.097014,0.073616,-0.04184,0.081248,0.149794,-0.152731,0.029105,0.103579,0.084703,-0.143433,0.123649,-0.177758,0.017361,-0.0396,0.009914,-0.103951,0.066894,-0.250499,-0.015924,0.207911,0.137282,0.013318,0.101002,-0.040491,0.144679,-0.015056,-0.199274,0.303381,0.005112,0.161983,-0.070471,0.08966,0.028765,-0.06532,0.087445,0.126793,-0.128929,-0.060417,-0.161928,0.002193,-0.081981,0.092544,0.020568,-0.161624,-0.214696,0.107403,0.040268,0.183451,0.185434,-0.10432,0.059729,0.09181,0.029883,-0.160228,0.080072,0.078499,0.116234,-0.124342,-0.092336,-0.049933,0.042774,0.142774,0.207261,0.191185,0.049681,0.001773,0.048255,0.035201,-0.192082,-0.04746,0.1256,-0.135576,0.087695,0.131364,0.05489,0.000931,-0.104751,-0.175031,-0.092267,0.046181,0.017097,0.15283,0.010215,-0.110531,0.085409,-0.205454,0.0644,0.029011,0.16083,0.171513,0.006465,0.179946,0.219677,0.134411,0.104796,0.30869,0.08206,0.012493,0.229959,-0.068331,-0.113582,-0.096553,0.099315,0.113547,0.222806,-0.127984,0.248838,0.042939,0.134483,0.145032,-0.205237,0.104198,0.101644,0.326335,-0.126384,0.072765,0.15601,-0.048725,0.278158,0.011068,0.12616,0.10948,0.005039,-0.061054,-0.134966,0.132169,0.242051,0.10743,0.009059,0.16481,0.029365,-0.0056,0.179728,-0.00868,-0.053212,0.010129,0.053333,0.06141,0.141504,0.223782,-0.015781,0.001348,-0.097063,0.186324,-0.202453,0.213639,0.226452,-0.03627,-0.128844,0.066347,0.077783,0.189863,0.007137,-0.031914,-0.055103,0.128415,0.076351,-0.024129,0.116232,0.040065,-0.075453,0.315176,-0.038658,0.036453,-0.002775,0.056968,-0.071092,-0.139178,-0.149061,-0.000156,0.029741,0.053263,0.131156,-0.048233,#
