0,1.0,0.211152,-0.002189,-0.026359,0.270921,0.150266,-0.013513,-0.084807,0.184188,0.139553,-0.109121,-0.033719,-0.020893,0.185284,0.296768,0.020438,0.098135,-0.025414,-0.122554,-0.169011,-0.09983,-0.176403,-0.138217,-0.113544,0.216277,-0.410646,0.098978,-0.188446,0.209184,0.115294,-0.326169,0.024325,-0.106666,-0.188887,0.146313,0.124072,0.09343,-0.145265,-0.059164,0.138114,-0.03883,-0.014709,-0.406309,-0.188491,0.258538,-0.248062,0.102343,0.009875,0.040526,-0.073064,-0.024673,-0.153162,0.037875,0.06186,0.133929,0.029296,-0.169536,0.069512,-0.216461,0.284877,0.179352,0.36996,0.120909,-0.316769,-0.230823,-0.036137,0.003516,0.03424,0.101591,-0.060507,-0.02975,-0.007303,0.084388,-0.04133,-0.074496,0.146908,-0.241264,-0.279549,-0.110567,-0.071657,0.014172,-0.209843,-0.031281,-0.26741,-0.227998,-0.025726,-0.165218,-0.07945,-0.075171,-0.36214,-0.068234,-0.344519,-0.039221,0.008962,-0.065944,-0.131831,-0.030236,0.016736,-0.041266,-0.17145,-0.051402,-0.180454,-0.139494,0.075655,-0.034654,-0.136701,0.06766,-0.127924,-0.052959,-0.404138,0.081504,-0.080214,-0.09709,-0.207909,-0.221216,-0.349962,0.01828,-0.198813,0.06751,-0.275331,-0.038001,-0.048361,-0.240851,0.002751,0.159302,-0.110414,-0.103242,0.060313,-0.219339,-0.101333,-0.086964,-0.185673,-0.339849,-0.032554,0.048591,-0.179758,0.04726,-0.136453,0.054942,-0.172401,-0.104023,-0.33775,0.013307,-0.457693,-0.218977,-0.221003,-0.158095,0.277945,-0.116475,-0.072907,-0.303465,-0.009388,0.126539,-0.297054,0.035058,0.03595,0.08531,0.157499,-0.06003,-0.152752,-0.171889,-0.143557,0.177279,-0.030775,-0.187636,0.165095,-0.025554,0.273478,-0.131212,-0.326217,0.151918,0.026897,-0.043075,-0.075701,0.095165,-0.21021,-0.021117,0.120753,0.206347,-0.343731,0.166851,0.05291,-0.083619,0.143757,0.118669,-0.189502,0.299168,-0.147017,0.083698,0.176594,-0.349141,0.062856,0.107356,0.183438,-0.18766,0.073045,-0.105695,-0.214863,0.066496,-0.119627,#
1,0.211152,1.0,-0.118247,0.003767,0.24638,0.320036,0.166693,-0.276347,0.181897,0.1724,0.073019,0.000151,0.041573,0.257178,0.170252,-0.069449,-0.196266,0.213336,-0.16413,0.031256,0.173008,0.330818,0.273644,-0.071185,0.082089,-0.281578,0.272764,-0.086834,0.259847,0.311034,-0.368541,-0.141143,0.062689,-0.477217,-0.096413,0.11299,0.273024,-0.577963,-0.020548,0.17124,0.169154,0.298748,0.030971,-0.113147,0.044252,0.055422,0.053772,0.258371,-0.012256,-0.041959,-0.173258,-0.423085,0.055403,-0.227201,0.045577,0.013034,-0.165182,0.31787,0.045882,0.325632,0.22748,0.155145,0.176744,0.006777,-0.020491,0.277404,-0.044663,0.303832,0.394779,0.045514,-0.40613,-0.149289,0.162185,-0.185392,-0.2555,0.172615,-0.375551,-0.07934,-0.295246,-0.127563,-0.139856,-0.660755,-0.269969,-0.162094,-0.172098,-0.276656,0.066619,-0.401424,-0.109975,-0.11694,-0.248487,-0.262209,-0.181003,-0.066467,-0.323354,-0.240065,-0.323039,-0.319502,-0.12072,-0.34864,0.095685,-0.138572,-0.090957,-0.052963,0.041856,-0.178899,-0.285655,-0.557577,0.02828,-0.105783,0.063818,-0.097945,-0.437322,-0.273144,-0.057344,-0.134693,-0.234996,-0.12591,0.013232,-0.345065,-0.169629,-0.275216,-0.329009,-0.316427,0.046676,-0.124867,0.00994,0.246879,-0.200612,-0.307579,-0.211647,-0.294891,-0.211351,-0.2544,-0.268761,-0.377364,-0.173119,-0.283639,0.194861,-0.686037,-0.305336,-0.284428,-0.202631,-0.209729,0.006951,-0.23047,-0.161382,0.371472,-0.143784,0.001223,-0.384174,-0.255506,-0.199552,-0.226542,-0.052496,-0.004509,-0.03086,0.461073,-0.169026,-0.367008,-0.10505,-0.087833,-0.187263,0.135644,-0.184218,0.423298,-0.148647,-0.207683,-0.169574,-0.329006,-0.001149,0.015056,-0.374606,-0.16851,0.185068,-0.362032,-0.321065,0.124705,0.454897,-0.374925,0.503809,-0.101086,-0.249098,0.343636,0.452594,-0.346514,0.001333,-0.048338,-0.086357,0.508175,-0.370616,0.456582,0.434322,0.360718,0.033128,-0.232737,0.032243,-0.239221,-0.108655,0.075335,#
2,-0.002189,-0.118247,1.0,0.185274,0.086912,-0.021097,-0.020674,0.035987,0.257341,0.01191,0.011275,0.316577,-0.363436,0.08655,-0.197833,-0.271402,-0.207243,0.272182,-0.093964,0.041076,-0.157313,-0.232625,0.022944,0.044553,0.181786,0.009244,-0.16397,-0.028959,0.149118,-0.106471,0.104813,0.254996,-0.204287,0.130701,-0.032807,-0.01084,-0.053436,-0.060101,-0.126511,-0.217145,-0.142074,-0.020964,-0.053859,-0.046741,-0.071231,-0.167957,0.003711,-0.024338,-0.104849,0.282135,0.04787,0.190975,0.079362,0.192257,-0.062825,-0.089978,0.004859,-0.101031,-0.338509,-0.079554,0.209724,0.090157,-0.025123,-0.160235,-0.026443,0.048071,0.145452,-0.037523,-0.039087,0.270184,0.242951,0.116504,0.113505,0.154129,0.095359,0.107539,-0.159119,-0.03612,-0.057689,-0.056913,0.10975,0.106466,-0.117541,0.445005,0.066676,0.080878,-0.186289,0.042728,0.021545,-0.108807,0.086521,0.108311,0.026751,0.148023,-0.048962,-0.0876,0.207103,-0.077938,0.308155,0.165579,-0.238967,-0.048763,0.042837,0.31324,-0.048946,0.058394,0.274218,0.201105,-0.039738,0.078544,0.077189,0.152599,-0.002632,0.276082,0.093917,0.239466,-0.280182,-0.038335,0.14638,0.182107,-0.034732,0.239095,0.293946,-0.097789,-0.120521,0.126706,0.06664,-0.348928,-0.288031,-0.065927,0.213772,0.06384,-0.047004,0.099411,0.003733,0.066733,0.072582,0.313168,-0.073132,0.155348,0.270612,0.104162,-0.14689,-0.16027,0.083375,-0.036675,0.243702,0.083435,-0.037406,0.014452,0.17707,0.073553,0.144338,0.270692,0.173406,-0.07716,0.023552,0.109352,0.365517,0.069857,0.064897,-0.065492,0.389863,0.194967,0.232676,-0.152597,-0.000228,-0.178064,0.14912,-0.021057,0.034377,0.029291,-0.021273,-0.015964,-0.130191,0.194214,0.113236,0.311927,-0.130213,-0.14659,-0.092904,-0.005603,0.060919,-0.207911,-0.074424,0.279379,0.050254,-0.035034,-0.214096,0.168411,0.049384,-0.238015,0.037039,0.100583,-0.271134,-0.051941,-0.013735,-0.157902,0.102265,0.044409,#
3,-0.026359,0.003767,0.185274,1.0,0.085706,-0.111936,-0.044012,0.093727,-0.189686,0.289045,0.009319,0.112127,0.001202,-0.161385,-0.110061,0.062426,-0.113525,0.032904,-0.36338,0.046992,-0.053587,-0.047611,-0.212953,0.119962,0.199137,0.024915,-0.316007,-0.191596,-0.079861,-0.131286,0.222585,-0.124021,0.164872,0.324983,0.128781,-0.107749,0.048328,0.13256,-0.137266,0.08025,0.033556,-0.057664,-0.095989,-0.160051,0.325412,0.046204,-0.46679,-0.240637,0.178715,0.076986,0.199021,0.079831,0.244558,0.13807,0.000838,-0.159617,-0.071741,0.129577,-0.06578,-0.181932,-0.142232,0.200083,0.148837,0.067299,-0.021751,-0.197335,-0.115607,-0.283717,-0.209667,0.043025,-0.177165,0.005607,0.288484,0.167146,0.029767,0.016801,-0.037269,0.355857,0.273274,-0.013207,0.164286,0.228457,0.016551,0.100931,0.099148,-0.00668,0.205622,-0.122511,0.119516,-0.149742,0.071709,0.034356,0.322436,-0.044309,0.042611,-0.244784,-0.09676,0.079711,0.221656,0.292913,-0.104279,0.09299,0.428741,0.32813,0.130665,0.080567,-0.024281,-0.008674,-0.209686,-0.016983,-0.207242,-0.126462,0.072979,0.26153,-0.045821,0.427935,0.27477,-0.040496,-0.066431,0.029019,0.159688,0.118005,0.097921,0.213761,-0.016866,0.055493,0.047148,-0.120585,0.01758,0.214044,-0.075585,-0.01174,0.313495,0.323932,0.088667,0.331283,0.108375,0.130494,-0.244471,0.159445,0.017207,0.189204,0.036789,0.039307,0.246987,0.182618,-0.005529,-0.115934,0.194796,-0.153864,-0.062361,-0.132375,-0.036892,0.194925,0.224615,0.194771,-0.241252,-0.018838,0.254454,0.131102,0.384902,0.104617,0.148471,0.111127,0.053071,-0.241639,0.039712,-0.250673,0.333953,0.181066,0.021461,-0.289034,0.037035,0.063665,-0.228071,0.175649,-0.124192,-0.040771,-0.298878,-0.187991,-0.17244,-0.296253,0.047853,-0.046875,-0.248403,0.028841,-0.36111,-0.038781,0.08289,-0.233263,0.018733,-0.103094,-0.214409,0.055017,0.061747,0.05373,-0.126382,0.12172,0.127354,0.121967,#
4,0.270921,0.24638,0.086912,0.085706,1.0,0.1047,0.157612,0.063192,0.250508,0.023491,0.024466,0.132639,0.017639,0.114397,0.073753,0.083478,0.194114,0.072909,0.170839,-0.022704,0.163432,-0.178523,0.357859,-0.027616,-0.138564,-0.314534,0.155907,-0.067422,0.314094,0.088093,-0.175873,0.105187,0.006181,-0.258477,-0.010825,0.091046,0.16558,-0.408615,-0.102738,-0.023574,0.088325,0.176165,-0.228864,-0.339088,0.250209,-0.134086,0.087677,0.302964,0.214066,-0.006861,0.099883,-0.401353,0.373961,-0.205059,-0.102557,-0.032135,-0.103094,0.009596,0.131365,0.067952,-0.075396,0.332936,-0.081817,-0.090379,-0.210367,0.171713,0.133533,0.031581,0.226329,-0.01628,0.005193,-0.189395,0.133875,-0.176255,-0.171493,0.225031,-0.233378,-0.317566,-0.347898,-0.189815,-0.180203,-0.319589,-0.266051,0.312375,-0.311807,-0.070259,-0.246346,-0.252431,0.131073,-0.316398,-0.211155,-0.332096,-0.02203,-0.313899,-0.264904,-0.33953,-0.393512,-0.303999,-0.29624,-0.199802,-0.164113,-0.259984,-0.236228,0.161141,-0.176996,-0.26351,0.05437,-0.281342,-0.034949,-0.046595,0.203248,0.150796,-0.054524,-0.253402,-0.198817,-0.065347,-0.017941,-0.269819,0.243166,-0.273901,-0.034823,-0.212623,-0.301349,-0.521209,0.064687,-0.02416,-0.059061,0.12249,0.052017,-0.471532,-0.034401,-0.017771,-0.082311,-0.086148,-0.274361,-0.179893,-0.098953,-0.293385,-0.00104,-0.271556,-0.2331,-0.176625,-0.316622,-0.232431,-0.249758,-0.075859,0.015059,0.19011,-0.393733,-0.234121,-0.231811,-0.082391,0.160248,-0.380209,0.101574,-0.245946,0.00737,0.416686,-0.264203,-0.226636,0.103036,-0.270118,0.108004,-0.019268,-0.148499,0.115061,0.038084,-0.024315,-0.087607,-0.0849,-0.07198,0.27995,-0.318057,-0.065023,0.146419,-0.114818,-0.267358,0.203582,0.215428,-0.22898,0.344092,-0.11666,-0.083393,0.108103,0.019467,-0.063953,0.053765,-0.070437,-0.066562,-0.048941,-0.145838,0.193128,0.225527,0.306723,-0.296169,0.180721,0.207754,-0.159132,0.049702,0.139543,#
5,0.150266,0.320036,-0.021097,-0.111936,0.1047,1.0,0.21906,-0.01044,0.512327,-0.03784,0.262126,0.075564,-0.169492,0.128527,-0.029776,0.036322,0.056946,-0.067773,0.070001,-0.079435,-0.009131,0.266857,0.331382,-0.320244,0.106338,-0.378801,0.141311,-0.024272,0.033979,0.258689,-0.273929,0.062229,-0.128542,-0.286842,-0.160515,0.23596,0.113219,-0.155987,0.257339,-0.08471,0.116282,0.00364,0.123376,-0.143159,-0.283577,-0.025353,0.216729,0.060573,0.095193,0.012719,0.039143,-0.042867,0.046705,-0.115002,0.230672,0.30657,-0.500745,0.333314,-0.159862,0.177068,0.1883,0.078637,0.038725,0.075053,-0.113714,0.104737,0.023814,0.291329,0.175924,0.127483,-0.052872,-0.134656,0.052274,-0.352056,-0.353794,0.285294,-0.158895,-0.190693,-0.108717,-0.232002,-0.21155,-0.41382,-0.034727,0.219076,-0.286011,0.071548,-0.2244,-0.163354,0.03881,-0.168865,0.009529,-0.189844,-0.150265,-0.007044,-0.17458,-0.098154,0.060692,-0.144282,-0.048462,-0.305072,0.122646,-0.169988,0.028054,-0.167609,-0.14111,-0.324421,0.088375,-0.197924,0.094457,0.106431,-0.057755,-0.131133,-0.167371,-0.362081,0.011468,-0.332863,-0.117089,-0.243387,0.14975,-0.086371,-0.123958,-0.176829,-0.259473,-0.239038,0.10266,-0.013898,0.243289,0.33179,-0.25847,-0.235126,-0.198669,-0.041626,-0.149505,-0.342991,-0.116908,-0.200397,-0.076722,-0.243245,0.190639,-0.422455,-0.274778,-0.164,-0.228305,-0.218307,-0.140233,-0.35225,-0.120402,0.29683,-0.135237,-0.178158,-0.063281,-0.125442,0.184181,-0.270966,-0.147393,-0.095264,0.092091,0.074082,-0.122242,-0.14904,-0.133197,-0.109668,-0.073875,-0.000466,0.086053,0.131646,-0.198731,-0.270747,-0.219925,-0.26754,0.094228,0.046183,0.016697,-0.141635,0.213604,-0.276334,-0.259571,0.28942,0.239056,-0.099043,0.204834,0.020269,-0.124486,0.321048,0.068803,-0.025083,0.104213,0.028041,-0.119842,0.370156,-0.213326,0.198444,0.097804,0.313129,-0.094896,0.258489,0.08541,-0.193822,-0.173418,0.011045,#
6,-0.013513,0.166693,-0.020674,-0.044012,0.157612,0.21906,1.0,-0.192072,0.183797,0.131944,0.12751,-0.021464,0.147784,0.074351,0.066533,0.034358,-0.013439,0.074715,0.113402,0.07159,0.238216,0.123166,0.153432,-0.175076,-0.144906,-0.272986,0.148804,-0.085477,0.224758,0.078948,-0.226286,0.028263,-0.038045,-0.114427,-8.4e-05,-0.018531,0.234432,-0.094057,-0.113827,-0.057108,-0.085196,0.165957,0.100787,-0.17167,-0.130613,-0.0837,0.059023,0.053782,0.186171,0.20039,0.056453,-0.263378,-0.03509,-0.193209,-0.165553,-0.047028,0.108322,-0.041812,-0.120512,0.153008,0.055634,0.129912,-0.035754,-0.037394,-0.207374,-0.071051,0.147353,0.03428,0.107363,0.229776,0.110949,-0.238201,0.011202,-0.066347,-0.134,0.069525,0.003919,-0.287814,-0.297611,-0.031819,-0.065959,-0.141123,-0.062529,0.044576,-0.154546,0.143884,-0.106567,-0.024208,0.07636,-0.07852,-0.150848,-0.067719,0.03339,0.07773,0.175702,-0.019997,-0.173219,-0.188274,-0.235062,-0.083867,0.079689,-0.350701,-0.193922,-0.052932,0.061399,-0.053258,0.08918,-0.0902,-0.061171,-0.058569,0.068547,-0.147666,-0.174073,-0.137889,-0.031142,-0.02714,-0.23576,-0.22355,0.065552,-0.030915,0.055867,-0.163522,-0.070092,-0.265164,-0.33279,0.383359,-0.020185,0.347068,-0.030782,-0.133808,0.027711,0.075602,-0.00338,0.038302,-0.013804,-0.016865,-0.105373,-0.261655,-0.040403,-0.038161,0.086839,0.058828,0.094373,-0.072391,-0.271967,-0.233139,0.115564,0.356164,-0.038152,0.105864,-0.239853,-0.085018,0.127306,-0.070795,0.157012,0.013049,-0.00421,0.226585,-0.115107,-0.069506,0.043211,-0.052106,-0.100246,0.151371,0.13963,0.093682,-0.026537,-0.179929,-0.120251,-0.005194,0.055882,0.01596,-0.064814,-0.124879,-0.064143,0.094234,-0.113262,0.289657,0.200592,-0.156481,0.009203,0.066693,0.241633,0.161096,-0.004285,0.124125,0.059594,-0.128805,-0.139134,-0.042431,-0.109749,0.193712,0.136079,0.298297,0.182051,0.237892,-0.062399,-0.037103,-0.124528,-0.042106,#
7,-0.084807,-0.276347,0.035987,0.093727,0.063192,-0.01044,-0.192072,1.0,-0.234764,-0.314462,-0.08661,-0.163311,0.036971,-0.160895,0.096549,-0.099807,-0.087473,-0.145771,-0.100661,0.008578,-0.046695,0.117603,-0.035149,0.198808,0.27169,0.166827,-0.046306,0.232999,-0.194688,-0.087473,0.155948,0.203636,0.38269,0.148154,-0.002876,0.025891,-0.128195,0.28616,0.096263,-0.177967,0.115186,-0.066888,0.17238,0.099224,0.061685,-0.114965,0.092001,0.256513,0.026644,-0.396243,-0.046151,0.11946,-0.06193,-0.050133,-0.018228,-0.129772,-0.133238,-0.065118,0.08018,-0.351485,-0.455434,-0.242065,-0.381609,0.039971,-0.06624,0.062259,0.091276,-0.008302,-0.076814,0.164759,-0.05751,-0.082221,0.200285,-0.011346,0.219432,-0.131512,0.264298,0.068661,0.027741,-0.064032,-0.21601,0.077782,-0.020031,-0.038454,0.051901,0.171714,-0.136875,0.179606,0.114983,-0.103301,0.232956,0.099128,0.047398,-0.342682,-0.005734,0.054319,0.04889,0.13343,0.077853,0.058732,0.056505,0.011055,0.302066,-0.128276,0.088687,-0.074393,0.266506,0.085342,-0.005374,0.054663,0.180609,-0.057581,0.267793,0.099727,0.078559,0.242859,0.175135,0.066466,-0.182384,0.247175,0.158997,-0.085957,0.06998,-0.006864,-0.020902,0.032047,-0.219794,0.078155,0.014196,0.30143,0.036562,-0.030718,0.077668,-0.021676,0.210368,0.20286,-0.101775,0.068802,0.227634,0.195495,0.056415,0.167591,0.03153,-0.095962,0.095676,0.035238,0.008,-0.205215,0.013901,-0.016651,0.092568,0.274533,0.03662,0.181804,0.005768,-0.015684,0.078534,-0.390515,0.063305,-0.089958,0.168581,0.245231,0.060372,0.147079,0.050762,-0.162788,0.065495,-0.114912,0.166771,0.150264,-0.233597,0.105668,0.256188,-0.07529,-0.158454,0.132548,-0.046985,-0.238305,-0.395991,-0.11092,-0.283843,-0.053733,0.041095,-0.11363,-0.334943,-0.160139,-0.127689,-0.117154,-0.041429,-0.294628,0.228384,-0.235099,-0.124468,-0.176694,0.004653,0.079554,0.046737,0.134092,-0.005122,-0.123965,#
8,0.184188,0.181897,0.257341,-0.189686,0.250508,0.512327,0.183797,-0.234764,1.0,0.181021,0.03671,0.210896,-0.03271,0.440466,-0.154946,-0.068533,-0.09339,0.326026,0.293465,0.17456,-0.119332,-0.230413,0.330515,-0.412233,-0.046314,-0.385894,0.190653,-0.095244,0.212688,0.200918,-0.163728,0.243277,-0.206613,-0.147094,-0.080813,0.277958,0.316933,-0.419644,-0.025564,-0.205392,-0.024912,0.289447,-0.143974,-0.08146,0.03385,-0.240575,0.376782,0.179149,0.043715,0.263897,0.134611,-0.128463,0.074564,-0.008348,-0.184848,0.282322,-0.10514,0.119071,-0.132098,0.197829,0.021408,0.202767,-0.023161,-0.177327,-0.188191,0.216911,0.341284,0.275435,0.1792,0.049747,0.182908,-0.069271,-0.180916,-0.167706,-0.325678,0.202278,-0.023305,-0.341085,-0.18484,-0.056018,-0.130729,-0.302718,-0.039381,0.323527,-0.021861,0.0085,-0.27437,-0.261594,-0.022182,-0.10375,-0.224482,-0.083663,-0.246846,0.242957,-0.244501,-0.126346,0.104915,-0.304058,-0.071457,-0.251183,-0.183797,-0.211314,-0.203014,0.077938,-0.234125,-0.152286,0.121325,-0.128026,0.067485,-0.121375,0.155187,-0.121415,0.021812,-0.104391,-0.079865,-0.430803,-0.106163,-0.18137,0.398174,-0.317999,0.004243,-0.011006,-0.104074,-0.405442,0.006086,0.152589,-0.015334,0.164396,-0.336525,-0.283113,0.076653,0.270192,-0.379318,-0.055407,-0.263481,-0.245528,0.110209,0.098113,0.246522,-0.251414,0.059047,-0.19365,-0.259489,-0.144673,-0.170404,-0.423355,0.20875,0.504273,-0.162525,0.137645,0.039301,-0.118193,0.252091,-0.26092,0.083948,-0.140109,0.161287,0.369952,-0.156864,0.06409,-0.272964,-0.197138,-0.053584,0.32197,0.264581,-0.061909,-0.11401,-0.098282,-0.22677,-0.132787,-0.029874,0.172397,0.146706,-0.168503,0.042872,-0.138007,-0.198409,0.246455,0.279037,-0.083973,0.333171,0.187574,-0.34426,-0.016636,0.043016,0.185316,0.233321,0.080552,-0.493299,0.310399,-0.157354,-0.010547,0.073444,0.213933,-0.352556,0.112957,-0.014525,-0.18991,0.059492,0.095022,#
9,0.139553,0.1724,0.01191,0.289045,0.023491,-0.03784,0.131944,-0.314462,0.181021,1.0,0.185027,0.061661,0.14713,0.211075,-0.205614,0.371336,-0.075216,0.017081,-0.104243,-0.041587,0.045169,-0.156166,0.042457,-0.226545,0.009627,-0.161489,-0.133953,-0.323952,0.071575,0.034054,-0.024028,-0.048223,-0.070204,0.021187,0.292099,0.13769,0.133625,-0.377183,-0.107442,0.199979,-0.179632,0.118373,0.019281,-0.204005,0.110097,-0.103677,-0.158336,-0.265987,-0.132033,0.134408,0.238234,-0.151112,0.005653,0.257375,0.020091,0.124634,-0.093278,0.066153,-0.064946,0.185792,0.111327,0.18762,0.118215,0.075968,-0.314481,-0.029249,0.227891,-0.002187,-0.037339,-0.07547,-0.023544,-0.205384,-0.036096,0.052858,-0.059415,-0.011867,-0.085905,0.1285,-0.067487,0.079424,0.027093,0.045826,0.038465,-0.018065,-0.074108,-0.319961,0.132717,-0.091049,-0.051361,0.141287,-0.259008,-0.151878,0.168259,0.008704,-0.116269,0.031286,-0.231061,0.054101,-0.249583,0.17349,-0.186032,0.039349,0.030639,0.345861,-0.024109,0.081055,-0.153619,0.090605,-0.127907,0.033746,-0.296023,-0.111454,-0.202708,0.139584,-0.113246,-0.04985,-0.085411,-0.194495,0.13418,-0.075746,-0.151928,0.314479,-0.043994,-0.00969,-0.1551,0.106281,-0.185956,-0.105563,0.095666,0.051964,-0.139206,0.254343,-0.11665,0.271645,-0.024478,0.001432,-0.030755,-0.146823,-0.04787,-0.082156,0.049244,-0.195381,0.067494,0.014998,-0.015256,0.068246,-0.111942,0.200136,-0.07441,0.038006,-0.216866,-0.153784,-0.345278,-0.03548,0.234498,0.038457,-0.041282,0.308025,0.006863,-0.189094,-0.035299,-0.148944,-0.139703,0.177247,-0.0368,-0.12066,-0.033709,0.175624,-0.001879,0.011906,0.207938,-0.164299,0.000699,-0.002621,0.081677,-0.073486,-0.265196,0.176964,-0.012954,-0.13801,0.037244,0.005162,-0.039295,0.058006,-0.032507,0.061658,0.007368,-0.018244,0.097242,0.130851,-0.233849,0.070339,0.088487,0.108895,0.104552,-0.023556,0.019992,-0.065683,0.08017,0.026666,#
10,-0.109121,0.073019,0.011275,0.009319,0.024466,0.262126,0.12751,-0.08661,0.03671,0.185027,1.0,0.238093,-0.094406,-0.048923,0.004171,0.171249,0.368637,-0.116807,-0.074963,-0.238329,0.259794,0.124376,0.042915,0.085474,0.00706,0.034363,-0.234365,-0.070335,0.176476,0.179798,-0.159483,0.129918,-0.324364,-0.155085,0.426128,0.178703,0.156354,-0.19538,0.107428,0.184906,-0.261469,0.000471,-0.009415,-0.146775,-0.07791,-0.002515,-0.299847,-0.316068,0.133732,-0.134284,0.22313,-0.079904,-0.202664,0.058213,0.283381,-0.120688,-0.31481,0.018403,-0.056706,0.111391,0.082051,0.036792,-0.056164,0.045224,0.196812,-0.111952,-0.001162,-0.083165,0.072079,-0.28048,-0.123925,0.057324,0.122169,-0.202445,0.010033,0.283291,-0.337914,0.013416,-0.317192,-0.220957,-0.217478,-0.069812,-0.300292,0.295232,-0.338164,-0.208392,-0.284325,-0.172054,-0.388116,-0.084415,-0.080715,-0.323407,-0.20994,-0.097476,-0.206273,-0.095225,-0.274516,-0.119976,-0.245377,-0.046131,0.139995,-0.034559,-0.212948,-0.152314,-0.038463,-0.147311,-0.177231,-0.031636,-0.240437,0.485857,-0.348666,-0.147365,-0.352126,-0.080558,-0.207373,0.025286,-0.229503,-0.197855,-0.106539,0.114113,-0.472721,0.013601,-0.272576,0.057411,-0.035117,-0.123184,0.002126,-0.03763,-0.083389,-0.254461,-0.018349,-0.102443,-0.157854,-0.112185,-0.133442,-0.04649,-0.094014,-0.268489,-0.113495,-0.239332,-0.260684,0.041849,-0.091873,-0.075065,-0.231059,-0.069678,-0.004884,0.032895,-0.066402,-0.244625,-0.054457,-0.181799,-0.341016,-0.2817,-0.239744,-0.361999,-0.015575,0.0454,-0.133033,-0.095663,0.072869,-0.194551,-0.322168,-0.131645,-0.248365,0.036498,-0.273252,-0.058492,-0.149243,-0.108721,0.250174,-0.159628,-0.336596,-0.335354,0.143732,-0.349924,-0.414874,0.384295,0.164362,0.195975,0.118942,0.135616,0.08255,0.18936,0.190534,-0.218625,-0.130655,-0.045909,0.432805,0.144572,-0.306773,0.373567,0.127646,0.13931,-0.002239,-0.030028,0.272915,-0.355796,-0.212547,-0.059996,#
11,-0.033719,0.000151,0.316577,0.112127,0.132639,0.075564,-0.021464,-0.163311,0.210896,0.061661,0.238093,1.0,-0.258459,0.060864,0.002218,0.148698,0.090869,-0.104928,-0.038792,-0.149606,-0.117288,-0.238139,-0.020141,-0.115859,0.173113,-0.04802,-0.173378,-0.137185,0.282911,0.185244,-0.135924,0.170756,-0.444849,-0.066434,-0.175596,0.189797,-0.13957,-0.088902,0.131485,0.278238,-0.041813,-0.068009,-0.073757,-0.164062,0.122673,0.18027,-0.020801,-0.300477,0.111125,0.197323,0.23063,-0.110155,0.008387,0.148083,-0.119018,0.16744,-0.163453,-0.213914,-0.222296,-0.062499,-0.189827,0.12987,0.327732,-0.055767,-0.019912,-0.212589,0.023818,0.063833,0.013436,-0.05303,0.245516,-0.057001,-0.017453,-0.043511,-0.093253,0.205424,-0.342129,0.001881,0.025453,-0.214146,0.088434,-0.119861,0.097049,0.284044,0.013179,-0.009489,-0.177193,-0.221469,0.001015,-0.32291,0.040522,0.002256,0.09306,-0.088658,-0.152362,-0.215293,-0.24311,-0.201419,-0.102016,-0.024237,-0.172476,0.180864,-0.020112,0.168664,-0.186125,-0.096505,-0.017904,-0.07805,-0.118164,-0.04181,-0.335147,0.105937,-0.274216,0.181935,-0.197014,-0.005979,-0.031158,-0.159882,0.032783,0.047983,-0.085489,-0.050285,-0.186452,-0.097025,0.346801,0.049036,-0.17151,-0.317278,-0.252173,-0.194513,0.050555,-0.123594,0.014853,0.084911,-0.047227,-0.040821,0.165954,-0.050001,-0.026856,-0.059502,0.070698,0.156415,-0.038466,-0.021729,-0.226997,-0.208189,0.266662,0.084026,-0.000186,-0.247584,0.007661,-0.024876,0.011428,-0.119366,-0.202707,-0.182965,0.080859,-0.039194,0.060923,0.143898,0.103287,0.052887,0.038398,-0.130852,-0.07455,-0.277064,-0.195101,-0.183485,0.267772,-0.057841,0.090204,-0.254987,-0.061015,-0.37672,0.08795,-0.032855,-0.175989,0.047698,-0.059972,-0.198827,-0.118324,-0.012225,0.139409,0.033194,0.117304,0.088145,0.106234,-0.099774,-0.048682,0.019783,-0.255424,0.237643,0.117523,0.120889,0.016666,0.099324,0.091317,-0.223418,-0.077131,0.300349,#
12,-0.020893,0.041573,-0.363436,0.001202,0.017639,-0.169492,0.147784,0.036971,-0.03271,0.14713,-0.094406,-0.258459,1.0,0.163662,0.115508,0.252627,-0.124051,-0.00445,0.130281,0.082149,0.298018,0.139956,-0.007014,-0.147993,-0.275999,-0.129428,0.218687,0.158525,-0.015614,-0.032071,-0.043362,0.173791,0.168015,-0.10955,-0.015767,-0.226341,0.128909,-0.14934,-0.065028,0.028659,-0.0284,0.335268,0.067774,0.299064,0.19479,-0.192469,-0.043202,0.076037,-0.112736,-0.241147,0.056305,-0.080101,0.023622,-0.180418,-0.117854,-0.057975,-0.156945,0.155195,0.033524,0.061254,-0.183263,0.005327,-0.341775,0.087396,0.0154,0.189046,0.093265,0.081187,0.151589,-0.102847,-0.035086,-0.008335,-0.137276,0.086026,1.9e-05,-0.039607,0.067724,-0.170455,-0.128766,-0.200745,-0.1939,-0.24747,0.141734,-0.041367,-0.012917,-0.121895,0.20486,-0.044257,-0.272962,-0.060443,-0.00589,-0.29942,-0.130379,-0.032543,0.001994,0.225312,-0.080778,-0.08375,-0.305796,-0.12497,0.05609,-0.20318,-0.042892,-0.180294,0.108412,0.109013,-0.141186,0.026788,-0.201644,-0.132773,0.265598,-0.106452,-0.005604,-0.095663,-0.074589,-0.107119,0.167292,0.126556,-0.120608,-0.077381,0.020321,-0.223972,-0.275099,-0.153968,-0.336666,0.22217,-0.305799,0.035727,0.088317,-0.111962,-0.247524,0.109083,-0.097584,-0.015614,-0.105062,0.006091,-0.012768,-0.049267,0.057392,0.081934,-0.086298,0.140975,-0.090097,-0.196113,-0.109644,-0.014746,-0.062197,0.271812,-0.306987,-0.03403,-0.024436,-0.09342,-0.126562,-0.113339,-0.349319,-0.075858,0.207272,0.009596,-0.208636,-0.084201,-0.018447,-0.159801,-0.001571,0.045906,-0.177605,0.007332,-0.095113,0.012445,0.012084,0.043613,0.013313,0.149237,0.084619,0.173794,0.200106,-0.130629,-0.035696,-0.131578,0.106621,-0.035596,0.276273,-0.02799,-0.056071,0.157083,0.080789,-0.051008,0.027057,0.025691,-0.001648,0.010553,-0.039892,0.056774,0.055521,0.042035,-0.049485,0.064197,-0.069112,0.136065,0.09328,0.152319,#
13,0.185284,0.257178,0.08655,-0.161385,0.114397,0.128527,0.074351,-0.160895,0.440466,0.211075,-0.048923,0.060864,0.163662,1.0,0.155834,0.066862,0.007775,0.135002,-0.035051,0.08435,-0.230527,-0.113304,0.101987,-0.30995,-0.0501,-0.076963,0.18737,-0.208683,0.098794,0.000358,-0.305433,0.166355,-0.168788,-0.176311,-0.209397,0.18521,0.230232,-0.134625,-0.003168,-0.206053,-0.036418,0.309044,-0.172056,0.05551,0.025628,-0.408882,0.345094,0.109002,-0.057721,0.115711,-0.040654,-0.103493,0.075198,0.057402,-0.289729,0.206102,0.099902,0.180888,0.268176,0.373236,0.034326,0.231649,-0.082052,-0.171048,-0.142286,0.254477,0.289976,0.371617,0.358899,0.180485,0.099017,-0.027222,-0.120774,0.078848,0.000681,0.209815,-0.071459,-0.179765,-0.331495,0.152766,0.141556,-0.254618,-0.029805,0.163441,0.04527,0.089677,-0.072008,-0.339215,-0.201248,-0.067538,-0.197494,-0.024164,-0.108536,0.282831,-0.264557,0.069671,0.137049,-0.075632,0.027761,-0.164602,-0.128861,-0.174767,-0.157979,0.07218,0.080201,-0.184557,0.053559,-0.116722,0.142533,-0.125968,0.23256,0.151942,-0.124704,0.149269,0.152722,-0.165394,-0.342468,-0.033859,0.264503,-0.310333,-0.015032,-0.1236,-0.015941,-0.214945,0.002844,-0.002054,-0.232755,0.093615,-0.093202,-0.214047,-0.112037,0.328288,-0.461083,-0.267867,0.034716,-0.256648,-0.084984,0.110385,0.25266,0.023912,0.042507,-0.256225,-0.213882,-0.128659,-0.046101,-0.282882,-0.038906,0.436411,-0.177125,0.287933,-0.236224,0.008384,0.081407,-0.110844,0.108327,-0.067647,0.396314,0.326787,0.053203,-0.044784,-0.204928,-0.258496,0.260129,0.483489,0.101818,0.27036,-0.068263,-0.053235,-0.092825,-0.161746,-0.011832,0.055968,-0.066389,0.118056,-0.113618,-0.103961,0.025989,-0.121514,0.205944,-0.043908,0.43663,0.018123,-0.281298,-0.050443,0.111138,0.002164,0.258313,0.102054,-0.388769,0.216041,0.045086,-0.128615,0.218942,0.210002,-0.05548,-0.160331,-0.37091,-0.110009,0.05393,0.090065,#
14,0.296768,0.170252,-0.197833,-0.110061,0.073753,-0.029776,0.066533,0.096549,-0.154946,-0.205614,0.004171,0.002218,0.115508,0.155834,1.0,0.075834,0.162153,-0.144378,-0.114263,-0.037146,-0.174849,-0.020409,0.017978,-0.134767,0.021231,-0.007017,0.181682,-0.087277,-0.075018,0.051757,-0.282896,0.251979,-0.072613,-0.164147,-0.078125,-0.180943,-0.112471,0.113638,0.104586,0.078121,-0.004158,-0.126442,-0.344709,-0.025869,0.316788,-0.283679,0.286103,0.07638,0.035714,-0.24027,-0.274604,0.043357,-0.138255,-0.271579,-0.127127,0.202412,-0.137498,-0.132415,0.000759,0.051012,-0.154607,0.307881,-0.048652,-0.095049,0.088692,-0.011602,-0.155231,-0.021933,0.221485,-0.178141,0.156445,0.145968,-0.194291,0.081225,0.170998,0.129604,-0.139547,-0.067093,-0.287185,0.193052,0.025927,-0.299133,-0.111852,-0.053364,-0.164473,0.201464,-0.205187,-0.027248,0.047196,-0.226548,0.109755,-0.153731,-0.133913,0.125094,-0.034911,-0.096591,0.166145,-0.124131,-0.099276,-0.078823,0.033559,-0.243779,0.087039,-0.044989,-0.037654,-0.127764,0.0267,-0.231911,0.15546,-0.092296,0.188894,-0.075218,-0.177057,0.073291,-0.333661,-0.136907,0.133627,0.152129,-0.104588,-0.267347,-0.188494,-0.137303,-0.183091,0.004059,0.165671,0.041296,-0.206277,0.231538,-0.058502,-0.166699,-0.119506,-0.360869,-0.167498,-0.310787,0.030252,-0.256834,-0.132948,-0.227442,-0.106979,0.026343,-0.194746,-0.028687,0.001127,-0.289196,-0.146591,-0.077245,0.10115,0.095755,0.078008,0.06669,-0.059986,0.075451,-0.110038,-0.195302,-0.117314,0.06828,0.195596,-0.095251,-0.19126,-0.110002,-0.375036,0.015662,0.221352,-0.050254,0.009748,0.150932,-0.021215,0.022817,-0.026509,-0.394641,0.002189,0.012763,-0.122441,-0.090544,0.032457,0.026153,-0.053527,-0.167288,0.059776,-0.027437,0.067846,-0.037005,-0.012066,0.129512,0.095802,-0.161164,0.344278,-0.01386,-0.034243,-0.174811,-0.029775,0.04385,0.084958,0.086607,0.035989,-0.095534,-0.117311,0.078914,-0.202519,0.015397,#
15,0.020438,-0.069449,-0.271402,0.062426,0.083478,0.036322,0.034358,-0.099807,-0.068533,0.371336,0.171249,0.148698,0.252627,0.066862,0.075834,1.0,0.125156,-0.244283,-0.067989,-0.444616,0.052178,-0.255356,-0.034639,-0.27848,-0.112391,-0.195014,-0.145222,-0.165519,0.010247,0.125016,-0.197673,0.172427,-0.086595,-0.186628,0.079307,-0.06639,-0.050539,-0.122722,0.350775,0.421969,-0.171306,-0.031972,0.015314,-0.132872,0.017574,0.118393,-0.197319,-0.257052,0.015764,-0.166896,0.372467,-0.148354,0.129593,0.084172,0.073053,0.203506,-0.147966,-0.00781,-0.004073,0.141467,-0.144964,0.261831,-0.067534,-0.018828,-0.20645,-0.213655,-0.18794,0.153185,0.063687,-0.37799,0.13479,0.057263,-0.166661,0.023551,0.025684,0.103844,-0.158716,0.025252,-0.128336,-0.098076,-0.025734,0.00802,0.284611,0.129468,-0.028566,-0.11768,0.107779,0.117064,-0.159916,0.085532,0.07927,-0.314641,0.070405,-0.148231,-0.069043,-0.1069,-0.07282,0.138641,-0.236997,-0.03259,0.011702,0.083755,-0.047505,0.109803,0.016032,-0.185315,-0.200641,0.247737,-0.272426,0.102819,-0.472533,0.135195,-0.159283,-0.03949,-0.236132,-0.242702,0.106052,-0.139007,-0.273482,-0.01396,-0.184682,0.026029,-0.035815,0.087189,0.094864,0.023439,-0.056049,-0.030463,-0.120185,-0.20829,-0.252526,-0.10381,0.006572,-0.040695,-0.133493,-0.087398,0.038083,-0.260002,-0.036242,-0.011076,-0.316305,0.105889,0.024773,-0.091219,-0.246106,-0.100106,-0.183187,-0.071415,-0.330525,-0.235311,-0.005106,-0.248237,-0.264554,-0.386331,-0.166147,-0.05178,-0.073675,-0.031016,-0.273464,-0.216871,-0.148355,-0.321575,-0.021352,-0.217554,-0.186076,-0.248733,-0.382981,0.064527,0.071163,-0.161266,0.049916,-0.190719,-0.049654,-0.015939,0.197008,-0.113739,-0.336174,0.167927,0.014496,0.059591,-0.000163,-0.255851,0.297003,0.300631,-0.098203,-0.106446,0.106391,-0.16862,0.310442,-0.042569,-0.203678,0.27279,0.256789,0.118509,0.191532,0.112201,0.053299,-0.208108,-0.069986,-0.125717,#
16,0.098135,-0.196266,-0.207243,-0.113525,0.194114,0.056946,-0.013439,-0.087473,-0.09339,-0.075216,0.368637,0.090869,-0.124051,0.007775,0.162153,0.125156,1.0,-0.182144,-0.011019,-0.124065,0.021374,0.026307,-0.037443,-0.097919,-0.117166,0.156944,-0.308199,-0.056037,0.034789,0.122752,-0.277332,-0.056884,-0.138215,-0.146012,0.249548,0.124553,-0.089709,0.040719,0.180298,0.041693,-0.234976,-0.173743,-0.38808,-0.210615,0.129632,0.16268,0.010778,-0.195174,0.18625,0.064989,0.013091,0.006944,-0.146471,-0.085559,0.238012,0.003764,-0.06053,0.061401,0.180198,0.065523,0.0186,0.04589,0.045945,0.113339,0.011737,-0.214078,-0.165534,-0.278564,0.10719,-0.229937,0.150069,-0.009468,-0.207187,-0.208304,-0.057543,0.160646,-0.232013,0.031942,-0.289716,0.031786,-0.16194,0.103551,-0.206477,0.125198,-0.215093,0.087312,-0.229847,0.019036,-0.054669,-0.055484,0.05033,-0.133658,-0.002048,-0.087436,-0.149944,-0.235246,-0.06998,-0.245552,-0.032348,-0.252926,0.170138,-0.052684,-0.336163,-0.349883,-0.192452,-0.030129,-0.104954,-0.111718,-0.042361,0.176369,-0.270244,-0.08021,-0.082362,-0.303816,-0.284057,0.084869,-0.073474,-0.137228,0.155382,-0.047466,-0.20877,-0.035497,-0.086077,0.109786,0.010091,-0.008578,-0.175803,-0.009241,0.066067,-0.191661,0.17416,-0.064722,-0.079647,0.102613,-0.260921,-0.074287,-0.141772,-0.225046,-0.272103,-0.02504,-0.298773,-0.040019,0.137322,-0.043305,-0.314381,-0.018516,0.242661,-0.221798,0.147228,-0.257787,-0.121166,-0.099892,-0.196638,-0.195441,-0.138548,-0.143765,0.113138,0.020989,-0.235331,0.159907,-0.012218,-0.129372,0.012645,-0.097806,-0.260894,0.092906,0.085209,0.031926,-0.224542,0.089612,0.362688,-0.091824,-0.134132,0.076082,0.123603,-0.208173,-0.134957,0.143455,0.132222,0.116367,0.10205,-0.025378,0.20093,0.172673,0.179377,-0.217193,0.106196,-0.130319,0.223698,-0.1881,-0.176531,0.284704,0.031717,-0.10433,0.037659,-0.009035,0.209427,-0.142303,-0.250115,0.084338,#
17,-0.025414,0.213336,0.272182,0.032904,0.072909,-0.067773,0.074715,-0.145771,0.326026,0.017081,-0.116807,-0.104928,-0.00445,0.135002,-0.144378,-0.244283,-0.182144,1.0,0.1444,0.120689,0.198885,-0.000795,0.109225,-0.06567,0.017924,-0.051951,-0.08261,0.031694,0.099101,0.100094,0.130643,0.032093,0.243127,0.058049,-0.041881,0.099619,0.001883,-0.190445,-0.203252,-0.177297,-0.026037,-0.033877,-0.065729,0.109089,0.092536,-0.152163,0.05141,0.176335,-0.178974,0.111185,0.118291,-0.010925,0.194349,0.001153,-0.227451,0.016867,0.237886,0.133169,0.174395,-0.035921,0.165139,-0.090412,0.08365,-0.196486,-0.062326,0.123571,0.069899,0.032689,0.022919,0.109659,-0.030691,-0.085388,-0.197906,-0.083558,0.028987,-0.055697,0.021902,-0.102735,-0.093466,0.154487,0.068596,0.075128,-0.13507,0.031554,0.286009,-0.084856,0.091801,0.056139,0.002278,0.112838,-0.26822,0.006346,-0.261998,0.08991,-0.136795,-0.23361,0.001237,-0.101778,0.152701,0.127981,-0.060723,-0.023722,0.008659,0.105497,-0.002785,0.171872,-0.062682,-0.02086,-0.045372,-0.058119,0.194378,0.119595,0.151228,0.133691,0.076729,-0.006483,0.025521,0.189547,0.2073,-0.078847,0.160754,0.125151,-0.008707,-0.129991,0.107278,0.217955,0.173938,0.099339,-0.220053,0.043146,0.097998,0.003182,-0.265426,0.161742,-0.118782,0.117491,-0.014624,0.14342,0.23162,-0.152853,0.04624,-0.008195,-0.001778,-0.028765,0.174746,-0.208276,0.146512,0.137355,0.062357,0.146623,0.083517,-0.066802,0.041254,-0.103505,0.166621,-0.027087,-0.033914,0.371116,0.041491,0.275365,0.015163,0.167054,-0.100321,0.342471,0.292677,0.017409,0.065115,-0.00835,0.000809,0.28677,-0.067843,-0.064297,0.00825,-0.034269,-0.102009,0.239094,0.043628,0.127035,0.132643,-0.158338,0.262807,0.030753,-0.284291,-0.144351,0.014459,0.041675,-0.057982,0.006253,-0.246994,0.25311,0.087539,-0.100542,0.204607,-0.030781,-0.047413,0.060864,0.045582,0.035707,0.291317,-0.143184,#
18,-0.122554,-0.16413,-0.093964,-0.36338,0.170839,0.070001,0.113402,-0.100661,0.293465,-0.104243,-0.074963,-0.038792,0.130281,-0.035051,-0.114263,-0.067989,-0.011019,0.1444,1.0,0.115613,0.173213,-0.016266,0.423291,-0.02623,-0.092931,-0.087086,0.312106,0.229103,-0.179973,0.218852,0.077366,-0.012271,-0.103297,0.102207,-0.112778,0.099449,-0.107946,-0.158661,0.02915,-0.263797,-0.00736,-0.047214,0.202099,0.06505,-0.082596,-0.154095,0.162557,0.176179,-0.082883,0.037385,0.220481,0.119603,0.11003,-0.138205,-0.160167,0.198526,0.071255,-0.075629,-0.031531,0.037719,-0.155145,-0.190458,-0.109061,-0.037677,0.035406,0.26506,0.214306,0.079304,0.00249,0.140381,0.294161,-0.166794,-0.292057,0.11953,0.016168,0.080646,0.118756,-0.533621,0.037053,-0.061863,-0.198508,-0.056702,-0.170211,0.174312,0.011231,-0.070143,-0.163199,-0.096353,0.081372,0.206182,-0.137736,0.093631,-0.091943,0.090292,-0.009989,0.031617,-0.004316,-0.114629,-0.370634,-0.12381,0.038508,0.094119,-0.120054,0.164183,-0.089753,-0.100798,0.185923,0.043977,0.20481,0.037386,0.194746,0.115983,0.250751,-0.091774,-0.166851,-0.266329,0.122038,0.140796,0.336383,-0.081803,-0.014955,-0.129333,-0.182405,-0.369021,-0.02384,-0.119494,0.079554,0.051275,0.035976,-0.120919,0.006358,0.151446,0.021578,0.068281,-0.287614,-0.070577,0.113408,-0.134001,-0.060329,-0.184356,0.049948,0.044001,-0.208995,-0.124668,-0.097272,-0.126928,0.086323,0.18532,-0.10569,0.221084,0.169944,-0.176731,0.347233,-0.276501,-0.168435,-0.160146,-0.023959,0.232062,-0.036857,0.191173,-0.037961,-0.07658,-0.153214,-0.014394,0.227044,-0.066002,0.267485,0.060651,-0.284508,0.120054,-0.028061,0.414194,0.115414,-0.136678,0.216373,-0.117724,0.168495,-0.034157,0.054357,0.193046,0.211748,0.16137,-0.04619,0.000504,-0.030402,0.321952,0.165273,0.069213,-0.298265,-0.015747,0.091793,-0.088959,-0.188119,-0.057112,-0.345743,0.335955,0.046381,0.131027,0.263686,0.004831,#
19,-0.169011,0.031256,0.041076,0.046992,-0.022704,-0.079435,0.07159,0.008578,0.17456,-0.041587,-0.238329,-0.149606,0.082149,0.08435,-0.037146,-0.444616,-0.124065,0.120689,0.115613,1.0,-0.139053,0.100748,-0.081427,0.270185,-0.064511,0.008221,0.005196,0.103822,-0.170835,0.075692,0.120461,-0.016608,0.022421,0.407811,-0.178128,-0.1232,0.090442,0.030851,-0.194301,-0.250463,-0.022207,0.00488,0.049219,0.241559,-0.040394,-0.044775,0.150625,0.132671,-0.220136,0.156506,-0.077047,0.240916,0.063808,-0.161982,-0.334554,0.011654,0.207885,-0.073147,0.027069,-0.16362,0.009373,-0.0426,0.040581,0.089856,-0.089664,-0.026372,0.289918,-0.196309,-0.048982,0.221087,0.105367,-0.044971,-0.085014,0.093594,-0.152906,-0.088707,0.330428,0.108185,0.133473,0.110196,0.182177,0.061894,0.126605,0.026324,0.121523,0.247453,-0.004558,-0.161335,0.170078,0.054278,-0.140093,0.28226,0.240248,0.087403,-0.262606,0.024612,0.151671,-0.155104,0.013458,0.155069,-0.18427,0.101885,0.001413,-0.0108,0.045208,0.185855,0.035375,-0.163885,0.198151,-0.067168,0.397847,-0.088657,0.362972,0.16249,0.124787,0.023073,0.180492,0.043049,0.272718,-0.085122,0.261432,0.123637,0.104017,-0.160781,-0.120249,0.247949,0.058446,0.076486,0.152419,0.106594,0.080862,0.239711,0.020568,0.148534,0.113824,0.072506,-0.156702,0.123032,-0.014143,0.092345,0.220408,-0.105133,0.169024,0.154893,0.25949,0.224599,0.234413,0.012091,0.074443,0.365908,0.000357,0.151403,0.156179,0.310277,0.298134,0.325694,-0.004917,0.065001,0.210058,0.147798,-0.054746,0.268014,0.056385,0.312336,0.248497,0.078754,0.309564,0.147775,0.095303,0.188358,-0.269486,0.330761,0.142527,0.111206,-0.070671,0.120837,0.165391,-0.197762,-0.161884,-0.084527,0.085272,-0.016173,-0.112146,-0.087319,-0.058642,0.171343,-0.055192,0.307366,-0.49154,-0.085791,0.271656,-0.35199,-0.269524,-0.150146,-0.108145,-0.288483,-0.024447,0.277888,0.119531,0.067756,#
20,-0.09983,0.173008,-0.157313,-0.053587,0.163432,-0.009131,0.238216,-0.046695,-0.119332,0.045169,0.259794,-0.117288,0.298018,-0.230527,-0.174849,0.052178,0.021374,0.198885,0.173213,-0.139053,1.0,0.284736,0.226266,0.141038,-0.105587,0.022245,0.074094,0.149394,0.334076,0.289953,-0.035787,-0.0413,0.282005,-0.177823,0.10684,0.027286,0.025088,-0.280953,-0.029189,0.106858,0.206342,0.128904,0.167044,-0.08956,-0.050327,-0.048887,-0.32544,-0.016069,-0.11205,-0.236039,0.083606,-0.247057,-0.090925,-0.052894,0.085942,-0.160478,-0.185411,-0.014878,0.033466,0.128825,0.082778,-0.116214,-0.16166,0.00282,0.051363,0.160357,0.010986,-0.043624,0.116663,0.059345,-0.307782,-0.057268,0.156959,-0.112195,-0.142352,0.100283,-0.002976,-0.051452,-0.272341,-0.20831,-0.227861,-0.118106,-0.121914,0.002677,-0.202314,-0.358628,0.144831,-0.234697,-0.188336,0.034096,-0.265987,-0.407187,-0.237065,-0.207897,-0.012517,-0.018819,-0.369496,-0.074942,-0.312349,-0.004629,0.158854,0.027625,-0.233063,-0.249547,0.116132,0.009732,-0.146861,-0.209431,-0.256001,0.068294,-0.012589,0.157868,-0.242837,-0.132089,-0.122711,-0.071014,-0.040404,-0.080462,-0.111962,-0.131618,-0.137475,-0.200556,-0.206882,-0.212368,-0.17892,0.000153,0.141222,-0.083923,-0.021928,-0.254882,-0.259192,-0.131662,-0.070193,-0.017117,-0.285806,-0.044271,-0.24944,-0.346688,-0.057379,-0.338487,-0.360471,-0.008086,-0.190592,-0.08369,-0.370598,-0.197537,-0.202817,0.271127,-0.121415,-0.337281,0.02424,-0.268554,-0.269237,-0.349405,-0.352309,-0.222566,-0.077835,0.250808,-0.220373,-0.169063,0.140112,-0.022569,-0.31352,-0.072124,-0.257225,-0.004803,-0.279275,-0.025438,-0.269529,0.282268,0.178264,0.148689,-0.280401,-0.104006,0.178495,-0.238026,-0.15422,0.231984,0.178176,-0.045985,0.23315,0.019034,0.135963,0.144805,0.265911,-0.076744,-0.20712,0.100227,0.32756,0.222522,-0.268689,0.453591,0.304032,0.14575,0.105684,0.335937,0.273562,-0.037765,0.03216,-0.018577,#
