0,1.0,0.364158,-0.159629,-0.185626,0.31611,0.189798,0.026771,0.187922,0.000248,0.262098,-0.09376,0.117231,0.368456,0.33341,0.109328,-0.025848,0.163884,0.195357,0.009611,-0.199142,-0.108976,0.330007,0.249382,0.031766,-0.182785,-0.214916,0.078025,-0.093162,0.268553,0.300003,-0.023138,0.057044,0.14337,-0.181166,-0.072656,0.151762,-0.212679,-0.142125,-0.054655,-0.014977,-0.029199,-0.054579,-0.062327,0.198452,-0.099984,-0.269828,0.142541,0.226272,-0.26268,-0.146173,0.032745,-0.264512,-0.051289,-0.153313,-0.036246,-0.071775,-0.043239,-0.039847,0.248363,0.308274,0.346835,-0.019937,-0.314869,-0.082295,0.1583,0.35531,-0.099312,0.270848,0.132094,-0.115558,-0.137134,-0.013992,-0.351048,-0.174502,-0.404739,0.330519,-0.112756,-0.237049,-0.407635,-0.143696,-0.138704,-0.279257,-0.15233,0.094867,-0.139117,-0.127902,-0.021126,-0.117139,-0.057833,-0.334309,-0.25318,-0.453751,-0.29013,0.139468,-0.05453,-0.231562,0.000377,-0.350689,-0.218853,-0.157295,0.193491,-0.309653,-0.172516,0.004675,-0.199253,-0.123858,-0.211725,-0.122127,-0.365944,-0.135847,0.134848,0.1345,-0.227018,-0.247623,-0.360794,-0.019311,-0.341936,-0.294065,0.207482,-0.342106,-0.329053,-0.247533,-0.07713,-0.211651,-0.126455,-0.034814,-0.053019,-0.085211,-0.021103,-0.213703,-0.330807,-0.093811,-0.250104,-0.002916,-0.425951,-0.182081,0.129806,-0.465404,0.041011,-0.225148,-0.102847,-0.294297,-0.470128,0.020229,-0.131557,-0.148369,-0.172304,0.244312,-0.358258,-0.497959,-0.123528,-0.378076,-0.178453,-0.262552,-0.148439,-0.287304,0.266256,0.446173,-0.310348,-0.286035,-0.309763,-0.186564,-0.085318,-0.323748,-0.160529,0.394073,-0.315527,-0.225461,-0.275977,-0.218479,0.120923,0.18633,-0.416493,-0.157673,0.328001,-0.590768,-0.264037,0.279935,0.375546,-0.277348,0.079107,-0.037256,-0.115713,0.130671,0.445349,-0.331006,0.31296,0.023221,-0.200391,0.382142,0.057408,0.234761,0.405065,0.256202,-0.062809,0.297303,0.109631,-0.321578,-0.074126,0.304964,#
1,0.364158,1.0,0.223809,-0.239403,0.183603,0.062914,0.389763,0.147944,0.307878,0.239789,-0.326251,-0.163441,0.305402,0.290501,0.394924,-0.248619,0.023234,0.41304,0.194565,-0.152846,-0.066344,0.133546,0.383112,-0.000123,-0.240366,-0.260613,0.295849,0.015996,0.182905,0.372742,-0.528582,0.014877,0.22137,-0.069992,-0.07709,0.207468,0.050988,-0.205883,0.032717,-0.030344,-0.208544,0.18162,-0.038193,0.291692,0.264149,-0.414526,0.279704,0.179995,0.009717,0.250305,0.148003,-0.402885,0.029432,-0.254538,0.157948,-0.361609,-0.150032,-0.211121,-0.176171,0.014284,0.136847,0.175319,-0.336587,0.161306,-0.007527,0.363499,-0.202182,0.295632,0.289352,-0.055536,-0.075716,-0.144521,-0.178156,-0.483503,-0.366262,0.424781,-0.270343,-0.467391,-0.376553,-0.357589,-0.281293,-0.495164,-0.454548,0.052391,-0.374386,-0.086297,-0.325357,-0.267637,-0.275188,-0.298306,-0.291955,-0.166783,-0.578848,0.001177,-0.292658,-0.193748,0.180718,-0.233299,-0.01928,-0.125959,-0.084868,-0.342919,-0.476915,-0.12162,-0.499479,-0.335633,-0.437094,-0.118122,-0.576898,-0.249002,0.246771,0.41766,-0.235874,-0.442732,-0.171575,-0.138992,-0.390241,-0.635145,0.005192,-0.575208,-0.383738,-0.316312,-0.397813,-0.349782,-0.148375,-0.174953,-0.169222,-0.028362,-0.18872,-0.158205,-0.308362,-0.466602,-0.383619,0.007813,-0.234216,-0.307437,0.244652,-0.240783,0.162003,-0.479759,-0.385352,-0.091216,-0.516533,-0.210413,-0.208845,-0.23082,-0.220833,0.440519,-0.264403,-0.355879,-0.281557,-0.509553,-0.062927,-0.29812,-0.464882,-0.332288,0.377318,0.583034,-0.384254,-0.113133,0.077508,-0.106742,0.260791,0.035139,-0.24936,0.437167,-0.354606,0.048979,-0.200046,-0.026936,0.016856,0.026497,-0.213798,-0.447708,0.451658,-0.169548,-0.31719,0.40433,0.564433,-0.544913,0.214174,0.171417,-0.17601,0.07382,0.305101,-0.108971,0.276517,-0.080435,-0.42952,0.511538,0.162568,0.536872,0.353826,0.372245,-0.139604,0.161599,0.207507,-0.303435,-0.027513,0.215414,#
2,-0.159629,0.223809,1.0,0.284126,0.042636,-0.197394,0.041418,-0.073662,0.193997,-0.091979,-0.077444,0.015118,-0.176526,-0.065113,0.015277,-0.18391,-0.152162,0.143326,-0.034841,0.121135,-0.084276,-0.142798,0.293052,-0.069719,-0.044116,-0.042385,0.392589,0.065424,-0.112229,0.11312,-0.026091,0.291691,-0.092276,0.008984,0.085092,0.099611,0.329151,-0.242632,0.000228,-0.016577,-0.016194,0.19862,-0.097254,0.078378,0.096622,-0.2432,0.031443,0.304485,0.092305,-0.006919,-0.189407,0.083078,0.101297,-0.03412,-0.158649,-0.131964,-0.227464,-0.217028,-0.414794,-0.164799,-0.220664,-0.262388,0.035964,0.06996,-0.134615,-0.057257,-0.06821,0.012871,0.001894,0.367766,0.2877,0.251592,0.07538,-0.031587,0.028637,-0.01529,-0.157128,-0.447883,-0.060989,-0.135678,0.186463,-0.119552,-0.00335,0.178103,0.008121,0.216032,-0.111593,0.084905,-0.075917,0.026458,0.032126,0.084065,-0.180527,0.093962,-0.126229,0.071498,0.302691,-0.018068,0.096839,-0.120822,-0.070109,0.050982,-0.012684,-0.015307,-0.088873,-0.161542,-0.092124,0.19985,-0.175602,0.212406,0.360948,-0.090881,-0.065467,0.071117,0.438235,-0.166973,-0.094503,-0.286108,0.04973,-0.145747,-0.059915,-0.194447,0.052099,-0.070199,-0.028802,-0.236144,-0.19674,0.049782,-0.018211,-0.109196,0.393829,-0.329201,-0.188562,-0.13004,0.122356,0.1636,0.167541,0.297936,0.272347,0.038433,0.092355,0.178327,-0.045388,-0.313808,-0.200128,0.273754,-0.028477,0.044042,0.084501,0.094742,-0.169589,-0.161578,0.194632,-0.116587,-0.029417,-0.066315,0.003668,0.213332,0.125409,0.037961,0.052603,0.040261,0.151777,-0.036915,-0.11251,-0.118409,-0.23904,-0.011518,0.148721,0.153175,-0.061028,-0.099737,-0.083531,-0.107909,-0.046098,0.173871,-0.083263,0.092185,0.128498,-0.310562,0.120702,-0.253747,-0.255134,0.127401,-0.049265,0.015579,-0.18382,-0.00512,-0.185293,0.051634,0.326751,0.178332,-0.006294,0.195212,-0.050939,-0.024707,0.083371,-0.051762,0.146658,-0.018938,#
3,-0.185626,-0.239403,0.284126,1.0,-0.165076,-0.236728,-0.350818,-0.374634,-0.289653,-0.162622,0.119074,0.002171,-0.185013,-0.182587,-0.211988,-0.150736,-0.058169,-0.067639,-0.109693,0.252116,0.208424,-0.231795,-0.088651,-0.02601,0.212736,0.143249,-0.078852,0.159838,-0.083286,-0.165051,0.452853,-0.026725,-0.324431,-0.016371,0.034466,-0.34127,0.0641,0.119437,-0.036118,0.133304,0.167988,0.125884,-0.172874,-0.125445,-0.094052,0.305585,-0.094038,-0.059793,0.186559,-0.188648,0.039005,0.452308,0.106268,0.154577,-0.154138,-0.024617,0.083148,0.129094,-0.111296,0.174378,-0.291527,-0.064314,0.114263,-0.204774,0.069766,-0.285756,0.069683,0.15613,-0.165624,-0.002614,0.125727,0.241246,0.221384,0.349007,0.113444,-0.384777,0.111109,0.056366,0.183959,0.180153,0.30779,0.464016,0.298558,0.213361,0.231753,-0.070052,0.220835,0.271512,0.11604,0.143656,0.283631,0.269049,0.50111,-0.169917,0.295267,0.209761,-0.02455,-0.082363,0.02903,0.291006,0.137162,0.188299,0.335996,0.025789,0.248066,0.352461,0.129877,0.242657,0.332597,0.347509,-0.18027,-0.176203,0.209042,0.353292,0.178742,0.076001,0.36461,0.153463,0.018317,0.177129,0.210054,0.154271,0.347033,0.119679,0.031143,0.022281,-0.04935,-0.037236,0.185463,0.255563,0.433352,0.075756,0.093375,0.145959,0.310903,0.358873,-0.026904,0.349551,0.23972,0.40804,0.260208,0.127694,0.218614,0.132617,0.323182,0.358381,0.218852,-0.3344,0.260556,0.336235,0.10404,0.155331,0.148702,0.18428,0.237064,0.111272,-0.322297,-0.194849,0.180961,0.20248,-0.317022,-0.002384,-0.005599,-0.061718,-0.027058,-0.357163,0.061833,-0.061265,0.190084,0.120085,-0.25447,-0.093792,0.241975,0.040208,-0.40194,0.207315,0.156483,0.053929,-0.370228,0.181833,-0.367895,-0.189066,-0.213639,-0.113124,-0.076943,0.034356,-0.096284,0.14614,0.330968,-0.344249,0.110239,-0.162489,-0.131064,-0.159875,-0.072547,-0.051318,-0.339452,0.267964,0.070954,-0.214091,#
4,0.31611,0.183603,0.042636,-0.165076,1.0,-0.048307,0.121224,0.068114,-0.090566,-0.003345,0.058175,0.127811,0.198817,-0.02815,0.300399,-0.035229,0.048079,0.04884,0.007803,0.024796,-0.014078,-0.06304,0.056567,-0.145208,-0.117223,-0.144964,-0.146625,-0.231211,0.19868,-0.021678,-0.165589,-0.13763,0.081833,-0.231828,-0.205909,0.139564,-0.198005,-0.29038,-0.090418,0.094622,-0.159431,-0.056335,-0.196264,0.031964,-0.111999,-0.103487,0.048179,0.205666,-0.129847,0.104929,0.27652,-0.201422,0.005198,-0.14393,0.114822,0.00691,-0.391623,0.016168,-0.023454,-0.147215,0.024715,0.134818,-0.191175,0.100266,-0.01076,0.262475,0.128191,-0.091881,0.074073,0.051259,-0.196348,0.029712,-0.095017,0.007741,-0.208577,0.37703,-0.038554,-0.402522,-0.221961,-0.360441,-0.1372,-0.24849,-0.261828,-0.03176,-0.120285,-0.15095,-0.005075,-0.204668,-0.330677,-0.125993,-0.123854,-0.273502,-0.175285,-0.189655,-0.142472,0.007122,0.176952,-0.170524,0.049197,0.10288,0.189352,-0.158993,-0.253949,-0.091907,-0.254969,-0.183995,-0.198727,-0.113626,-0.098668,-0.029093,0.07141,-0.307128,-0.250146,-0.190977,-0.11053,-0.107865,-0.353212,-0.14647,-0.051637,-0.116101,-0.368214,-0.124568,0.012332,-0.070227,-0.082473,-0.264067,-0.01556,-0.117045,-0.184834,-0.058207,-0.09083,-0.270591,-0.319698,-0.15685,-0.174674,-0.174238,0.224312,-0.150306,-0.144852,0.021166,-0.019047,-0.136626,0.007555,-0.056906,-0.142674,-0.052872,-0.075472,0.083627,-0.28346,-0.355371,-0.222341,-0.142404,-0.373743,-0.087174,-0.31614,-0.032833,0.308353,0.330289,-0.059333,-0.24991,-0.138529,-0.1497,0.024598,-0.065296,-0.315818,0.20158,-0.134111,0.108458,-0.089313,0.033832,0.098366,0.071865,0.049882,-0.11208,0.13715,-0.238165,-0.280102,-0.165716,0.224941,-0.018261,0.23656,-0.079931,0.326961,0.149082,0.131593,-0.318372,0.12864,-0.123845,-0.202255,0.128772,-0.06721,0.219375,0.019302,-0.034594,0.121108,-0.322244,0.18408,-0.160394,-0.302295,0.315587,#
5,0.189798,0.062914,-0.197394,-0.236728,-0.048307,1.0,0.110268,0.169264,0.002915,-0.029719,0.250154,0.057212,-0.058809,-0.045928,-0.069401,0.107297,0.2543,0.030754,-0.265586,0.10628,-0.165747,0.37927,0.111796,-0.078938,0.06279,-0.365014,0.025423,0.044315,-0.113002,-0.317755,-0.173271,0.117009,-0.040639,-0.056952,-0.060981,0.005719,-0.217556,0.029782,-0.066533,-0.238209,-0.043699,0.154306,0.136784,0.203424,0.299031,-0.052852,0.036145,0.240002,0.052981,0.046421,0.108365,-0.051493,0.051071,-0.163667,-0.04912,-0.084161,0.232894,-0.210487,0.230592,-0.087086,0.144856,-0.091422,-0.128771,0.107409,0.010745,0.11034,-0.310036,-0.004615,0.150796,0.132354,0.000719,0.236251,-0.054966,-0.087612,-0.210771,0.168443,-0.143336,0.079694,-0.286984,-0.120974,0.26637,-0.250715,-0.015786,-0.264565,0.021231,0.112711,-0.092055,-0.30278,0.072114,-0.293986,-0.047995,-0.060352,-0.09055,0.056753,0.078476,-0.081507,-0.012574,-0.006529,-0.137482,-0.066147,-0.049309,-0.045618,0.065179,0.006263,-0.004605,-0.179147,-0.031849,-0.2682,-0.257132,-0.226097,0.082985,0.102541,-0.030144,-0.249846,-0.20881,-0.23702,-0.422771,0.140101,-0.003799,-0.07752,-0.057382,-0.171406,0.210575,-0.203404,-0.039474,0.129327,0.050108,0.076353,0.144104,0.182976,-0.195301,0.076168,-0.015323,-0.217104,-0.106665,-0.069707,-0.075626,-0.303258,-0.030652,-0.360554,-0.256112,-0.260049,-0.37557,0.07814,0.070998,0.112291,-0.238191,-0.042991,-0.053977,-0.180971,0.030562,0.047844,-0.204006,0.028876,-0.004862,-0.085481,-0.093497,0.08154,-0.203541,-0.008888,0.054269,-0.09251,-0.001171,0.170197,-0.059188,0.301337,0.082864,0.034968,-0.12512,-0.217792,0.090215,0.05868,-0.26679,0.210431,-0.009317,-0.183556,-0.009925,0.209247,0.143552,0.008359,0.085479,0.104583,0.002314,0.001221,-0.095083,-0.109037,-0.007496,0.126465,-0.172644,-0.103888,-0.008728,-0.066075,0.18389,-0.09153,0.108088,0.205809,0.063318,-0.01177,-0.05461,0.102028,#
6,0.026771,0.389763,0.041418,-0.350818,0.121224,0.110268,1.0,0.24831,0.51958,0.236916,-0.024183,-0.071274,0.273331,-0.07965,0.426984,-0.082352,-0.149335,0.056426,0.11071,-0.082429,-0.205127,0.184049,0.117781,-0.004891,-0.136923,-0.183003,0.212789,-0.124734,0.149873,0.133202,-0.607044,-0.085423,0.14661,0.035191,-0.179096,0.183407,-0.121129,-0.122536,0.124415,0.028368,-0.138819,0.287631,-0.190598,-0.10299,0.028454,-0.188458,0.286761,0.248592,0.054281,0.171846,-0.094529,-0.344961,-0.11949,-0.223283,-0.029586,-0.058994,0.10206,-0.110271,-0.172872,0.046025,0.054815,-0.02032,-0.113434,0.278597,0.193654,0.288302,0.073493,-0.098926,0.311363,-0.165124,0.148108,-0.133747,-0.135888,-0.438537,-0.229262,0.35295,-0.027121,-0.268273,-0.150787,-0.13538,-0.175255,-0.452823,-0.437129,-0.262263,-0.267857,0.273297,-0.131385,-0.016918,-0.302496,-0.305197,-0.329798,-0.091507,-0.434334,0.225149,-0.146489,-0.209518,0.163344,0.136494,0.014567,-0.154696,-0.055879,-0.160927,-0.041987,0.129676,-0.27321,-0.435082,-0.301384,-0.116484,-0.343724,-0.264342,0.175576,0.337742,-0.235701,-0.515876,-0.129467,-0.082814,-0.209245,-0.275339,-0.164913,-0.248476,-0.217629,-0.198998,-0.295167,-0.360204,-0.156357,0.008603,0.041419,0.399023,-0.179454,-0.078971,-0.327994,-0.682487,-0.450557,0.044185,-0.045833,-0.155601,-0.101866,-0.074102,-0.066289,-0.350071,-0.100967,-0.07287,-0.259028,-0.14926,-0.135638,-0.218629,-0.262337,0.622407,-0.108058,-0.280298,-0.028027,-0.241977,-0.03483,-0.419201,-0.292628,-0.017239,0.342135,0.342814,-0.259737,-0.204364,0.361352,0.17783,0.380622,0.113203,0.071884,0.320981,-0.105332,0.077243,-0.277828,0.082876,0.173611,-0.026001,-0.199093,-0.199827,0.213436,-0.032457,-0.108109,0.137735,0.393699,-0.180617,0.313492,0.162731,0.085249,0.091761,0.309425,-0.031711,0.242326,0.025694,-0.469639,0.272214,0.178857,0.363431,0.035569,0.148539,0.083394,-0.019082,0.068207,-0.07751,-0.055986,-0.089971,#
7,0.187922,0.147944,-0.073662,-0.374634,0.068114,0.169264,0.24831,1.0,0.258631,-0.001284,-0.112148,-0.034901,0.120167,0.190492,0.020929,0.152773,-0.12776,-0.057237,-0.059137,-0.058107,0.052081,0.185707,0.031368,0.312946,-0.043489,-0.021728,0.16993,-0.081121,0.165877,0.002231,-0.259815,0.050994,0.258886,0.035706,-0.142872,-0.01175,-0.076262,-0.242274,0.34994,-0.194175,-0.190404,0.150677,-0.130718,0.080879,-0.152949,-0.09132,0.174924,0.146637,-0.039641,-0.006128,-0.166655,-0.146664,-0.008807,0.078786,-0.121538,0.00043,0.192988,-0.210576,0.034276,0.179278,0.167905,0.002158,-0.254429,0.170927,-0.048662,0.195316,-0.078832,0.068455,0.222583,-0.069479,0.114365,0.006463,-0.244722,0.003942,-0.15625,0.274969,-0.043907,0.025948,-0.316622,0.032911,-0.062966,-0.195784,-0.00046,-0.054306,-0.128631,0.213559,0.074944,0.075293,-0.068588,-0.179786,-0.253404,-0.100397,-0.298192,0.260972,-0.22024,0.01408,0.274792,0.094462,0.062284,-0.25048,0.052291,-0.132834,0.00413,0.02347,-0.051476,-0.14125,-0.106567,-0.040103,-0.279334,-0.453745,0.149645,0.166606,-0.150454,-0.14677,-0.001827,0.086517,-0.105509,0.010739,-0.199578,-0.011518,-0.087624,-0.253891,0.158044,-0.195994,0.075672,-0.006838,-0.037127,-0.088038,-0.114884,-0.126358,-0.343241,-0.179509,0.00563,-0.133331,0.011388,-0.001203,0.27263,-0.044366,-0.026241,-0.308043,-0.00528,0.057641,-0.198605,0.129131,-0.145024,-0.140023,-0.177116,0.169124,-0.096326,-0.243224,-0.101734,0.036007,-0.179616,-0.09654,-0.13844,0.049093,0.384023,0.040287,-0.096623,0.093378,0.037637,0.218855,-0.05121,-0.131388,0.082123,0.091286,0.024899,-0.311232,-0.323958,-0.003208,0.055479,0.020213,-0.335935,-0.08188,0.199572,-0.044683,0.058844,-0.010512,0.176421,-0.129607,0.220084,0.155085,0.135587,0.06704,0.138236,0.166235,0.095722,-0.175085,-0.120168,0.177304,0.166798,0.090922,0.089555,-0.199921,-0.144358,0.119654,0.136834,-0.292842,-0.069401,0.209905,#
8,0.000248,0.307878,0.193997,-0.289653,-0.090566,0.002915,0.51958,0.258631,1.0,0.13155,-0.243482,-0.090828,0.357882,0.116647,0.131864,-0.389163,-0.162328,0.271524,0.177003,-0.013474,0.080462,0.129476,0.167157,0.076655,0.095093,-0.163677,0.40063,-0.061968,0.074948,0.24809,-0.332103,0.114079,0.2139,-0.078923,-0.101039,0.104534,0.192073,-0.239321,-0.077915,-0.055413,0.202618,0.086885,0.061527,0.001262,0.187136,-0.432103,0.19088,0.148531,0.008268,0.10894,-0.15047,-0.320737,0.032108,-0.016046,-0.326123,-0.041238,0.094983,-0.25298,0.173368,0.003988,-0.000313,-0.153206,-0.128595,0.18628,0.214644,0.29704,0.08124,0.010044,0.150705,-0.055958,0.24651,0.010676,-0.183841,-0.179873,-0.003006,0.194978,0.032864,-0.111275,-0.002818,-0.241725,0.031299,-0.280464,-0.229533,-0.282462,-0.141865,0.293951,-0.129105,0.048517,0.073305,-0.16927,-0.267418,0.056357,-0.531326,0.284635,-0.109612,-0.071066,0.340588,0.158986,0.035523,-0.14102,-0.161117,0.1331,0.083629,0.160655,-0.134625,-0.278175,-0.151115,-0.173117,-0.123306,-0.116568,0.456586,0.358986,-0.087271,-0.29795,0.065969,-0.071305,-0.158471,-0.189119,-0.064325,-0.177261,-0.160053,-0.212658,-0.24769,-0.282524,0.005498,0.12109,-0.009582,0.146099,-0.103632,-0.092424,-0.176047,-0.410296,-0.113545,-0.042839,0.094153,-0.04805,-0.046497,-0.022019,-0.054879,-0.175938,-0.069572,-0.094008,-0.109376,-0.348731,-0.26277,-0.098329,-0.33847,0.373549,0.035434,-0.129874,0.004282,-0.26947,0.157395,-0.321032,-0.078325,0.074685,0.443674,0.296698,0.045605,-0.153635,0.227856,0.128324,0.198782,-0.063301,0.310873,0.19401,-0.014537,0.064305,-0.303069,0.059745,-0.17863,0.206076,-0.148789,-0.049172,0.174057,0.185585,-0.079741,0.152368,0.467155,-0.411628,0.224141,0.124834,-0.083935,-0.038496,0.021348,0.066221,0.317908,0.034718,-0.390237,0.303912,0.289357,0.039454,0.070737,0.08339,-0.077534,0.210739,0.156437,-0.080964,0.106372,0.008024,#
9,0.262098,0.239789,-0.091979,-0.162622,-0.003345,-0.029719,0.236916,-0.001284,0.13155,1.0,-0.208097,0.075896,0.351112,0.151098,0.219928,-0.052073,-0.210277,0.054647,0.123772,-0.135951,-0.131949,0.193455,0.22221,-0.006257,-0.205652,-0.07864,0.307658,-0.075456,0.101243,0.419013,-0.157058,-0.082368,0.054201,-0.033466,-0.155467,0.116162,-0.243459,-0.124966,0.017975,-0.14059,-0.124044,0.060459,0.04815,-0.143734,-0.04457,-0.474233,0.230252,0.102564,-0.362751,0.10859,-0.26856,-0.152454,-0.043879,-0.207575,0.165076,-0.266176,-0.04775,-0.135126,-0.101767,-0.139989,0.211066,-0.137073,-0.304759,0.069309,0.118912,0.123853,-0.166477,0.139256,0.065688,-0.302198,-0.120535,-0.314614,-0.162248,-0.438149,-0.039066,0.218008,-0.006087,-0.315424,-0.05264,-0.075248,-0.26056,-0.343774,-0.295375,-0.117292,-0.056033,-0.054645,-0.301713,-0.168628,-0.160215,-0.075585,-0.224182,-0.140546,-0.29308,0.043532,0.02255,-0.061857,0.063272,0.284327,0.098083,-0.076467,-0.218036,-0.190071,-0.276337,0.013056,-0.210609,-0.102422,-0.516435,-0.059885,-0.201699,-0.205874,0.063842,0.276248,0.014826,-0.348743,-0.333705,-0.195022,-0.157803,-0.117035,0.221332,-0.395186,-0.08922,-0.236126,-0.162084,-0.245547,-0.172962,0.142835,-0.106536,-0.16468,-0.049957,-0.139558,-0.165814,-0.164175,-0.353581,-0.044563,-0.218297,-0.200817,-0.064947,-0.126625,0.147725,-0.286828,-0.049455,-0.224426,-0.278161,-0.416485,-0.167286,-0.164509,0.096885,0.235389,-0.402516,-0.192489,-0.227211,-0.47143,0.082704,-0.281158,-0.022973,-0.106001,0.229322,0.479235,-0.084612,-0.33234,0.016464,-0.134861,-0.072304,0.040443,-0.065142,0.183659,-0.36908,-0.030468,-0.158444,0.158514,0.147409,0.171691,-0.017284,-0.077599,0.309197,-0.313207,-0.266457,0.08644,0.161289,0.002122,0.177246,-0.028515,-0.17901,-0.173426,0.214164,0.02827,0.175412,-0.070305,-0.068267,0.32646,0.123615,0.120879,-0.025184,0.349605,-0.014217,0.015315,-0.083214,-0.218972,0.098491,0.248927,#
10,-0.09376,-0.326251,-0.077444,0.119074,0.058175,0.250154,-0.024183,-0.112148,-0.243482,-0.208097,1.0,0.035514,-0.353291,-0.412849,-0.087012,0.206972,0.270793,-0.295492,-0.002356,-0.255625,-0.094974,-0.027815,-0.174246,-0.069523,0.052837,0.016407,-0.258021,0.01827,-0.122435,-0.425087,0.188457,-0.041511,-0.208364,-0.004228,0.319785,0.03674,-0.204992,0.093807,-0.037727,0.083515,-0.077782,-0.09092,-0.068094,0.004858,0.002624,0.40311,-0.241034,-0.077872,0.096453,-0.048298,0.101227,0.162578,-0.076555,-0.023055,-0.149069,0.033178,-0.023431,0.298051,-0.121159,0.011287,-0.122839,-0.064943,0.091648,-0.162435,-0.080778,-0.353182,-0.187184,-0.294026,-0.042411,0.083364,-0.107671,0.075418,0.157448,0.019505,0.075596,-0.007854,-0.055425,0.154233,-0.106829,-0.159029,0.032748,0.141437,0.034067,-0.145272,0.07631,0.011174,0.171658,-0.051161,-0.173708,0.037404,-0.205555,-0.057058,0.18704,-0.301007,0.010676,-0.015803,-0.27398,-0.079443,-0.089982,-0.003168,0.199871,-0.127675,0.20797,-0.097442,0.017424,-0.097148,0.0392,-0.078133,0.18618,0.298214,-0.351585,-0.082501,0.09335,-0.195588,-0.064287,-0.090864,0.106733,0.127167,-0.060921,0.281375,0.132927,0.044453,0.190443,0.104186,-0.136262,-0.136036,-0.17795,0.134332,-0.01961,-0.062015,0.189802,0.030489,0.024856,0.032855,0.14966,0.196509,-0.093888,0.095556,-0.242951,0.098764,-0.091676,0.084047,0.163075,0.120942,-0.016109,0.003763,-0.102951,-0.163784,-0.135229,0.202204,0.062152,0.312993,-0.222341,-0.079046,-0.032448,-0.204014,-0.504365,-0.326606,-0.133178,0.085655,-0.142324,0.110743,0.20264,-0.192343,-0.243555,-0.103504,-0.042521,0.176194,0.295913,-0.013417,0.141537,0.013653,-0.042307,-0.006894,-0.23609,-0.030144,0.016581,0.084807,-0.331795,0.388826,0.011729,0.035545,0.254092,0.25415,-0.087565,-0.295523,-0.355282,-0.077901,0.349507,-0.318942,-0.332385,0.032876,0.028903,-0.291518,0.141709,-0.099658,0.156758,0.071326,-0.3254,-0.052821,#
11,0.117231,-0.163441,0.015118,0.002171,0.127811,0.057212,-0.071274,-0.034901,-0.090828,0.075896,0.035514,1.0,-0.024037,-0.093258,-0.073291,0.058725,0.023372,0.060494,-0.253936,-0.022866,-0.149631,0.109705,-0.079515,-0.256556,-0.052267,-0.041256,0.006333,-0.076883,-0.096572,-0.051891,-0.019772,0.02988,0.007931,-0.001361,0.102656,0.095466,-0.216199,-0.141349,-0.166635,-0.013228,0.072167,0.114151,-0.021827,-0.272827,-0.098525,-0.094616,-0.199353,0.195249,-0.09938,0.159633,-0.147662,0.122126,0.025981,-0.124073,0.082078,-0.046714,-0.123871,-0.10619,0.129373,0.047294,0.019868,0.097064,0.022255,-0.492106,0.162795,-0.135706,-0.168301,-0.143583,-0.13125,0.196882,0.141177,-0.169746,0.064482,0.224556,-0.300104,0.095461,-0.241752,-0.201204,-0.075229,0.031606,0.257332,-0.032737,-0.075757,-0.307908,0.000312,0.058853,-0.018066,0.090737,0.005364,-0.050316,0.111623,-0.085593,0.059614,0.1162,-0.048077,0.167393,-0.098581,0.118703,-0.084022,-0.056786,-0.039683,0.123323,-0.119236,0.014936,-0.172857,-0.080369,0.026583,0.070141,0.053861,0.11899,0.000697,0.059524,-0.223844,-0.013995,-0.011735,-0.226976,-0.087643,0.135833,0.108859,0.110217,0.106886,-0.204992,0.144303,0.104661,-0.112966,0.017042,-0.09814,-0.04942,0.236692,0.120863,-0.036364,0.174225,-0.114935,-0.033799,0.041772,-0.11095,0.049798,-0.119494,0.213449,0.027919,0.109369,-0.058154,0.052948,-0.059315,-0.036135,0.171445,-0.0217,-0.121594,-0.174596,0.076169,-0.069243,-0.109076,-0.039801,0.059021,-0.031836,0.112825,-0.018595,0.151517,-0.068633,-0.047174,0.009118,-0.335056,-0.041487,0.14179,-0.017799,-0.029722,0.028599,0.082963,0.038693,0.037116,0.0441,0.135861,0.059544,0.164078,-0.040708,-0.045179,-0.321291,0.049305,-0.069299,0.063023,0.003035,-0.002516,-0.067248,0.144118,0.112339,-0.1267,0.058925,0.180029,-0.124951,-0.106598,-0.122757,-0.064035,0.071395,0.033359,-0.048997,-0.104913,0.268038,0.013761,0.13502,0.139683,#
12,0.368456,0.305402,-0.176526,-0.185013,0.198817,-0.058809,0.273331,0.120167,0.357882,0.351112,-0.353291,-0.024037,1.0,0.317427,0.173989,-0.362503,-0.186495,0.237642,0.086731,-0.028637,0.053925,0.182147,0.311228,0.037163,-0.195077,-0.115183,0.180101,-0.262081,0.203933,0.308505,-0.166645,-0.054631,0.238919,-0.177512,-0.222089,0.052511,0.054886,-0.153447,0.004545,-0.312359,0.089703,0.207429,0.134416,-0.050003,-0.015764,-0.341408,0.365995,0.216125,-0.247913,-0.100734,-0.050212,-0.146838,0.030745,0.094235,-0.007945,0.00633,0.120019,-0.123129,0.167891,0.13772,0.335252,0.09571,-0.119895,-0.025017,0.123133,0.380361,-0.078948,0.248812,0.249943,-0.220809,0.157538,-0.017043,-0.333691,-0.184885,-0.256556,0.33057,0.078726,-0.132967,-0.182645,-0.259995,0.03221,-0.394545,-0.330072,-0.115286,-0.146236,0.046285,-0.075351,0.242927,-0.103174,-0.232071,-0.16391,-0.007318,-0.447599,0.259681,-0.246553,0.068896,0.393748,-0.024363,0.092398,-0.106788,0.08967,-0.022444,0.058948,0.067825,-0.051392,-0.111405,-0.20765,-0.14002,-0.282772,-0.17726,0.267447,0.126067,-0.090601,-0.269515,-0.030588,0.008174,-0.220767,-0.201811,0.065222,-0.397603,-0.147535,-0.34227,0.000367,-0.308035,0.090045,0.254224,-0.012169,0.105569,0.071319,0.1289,-0.365653,-0.139936,-0.272588,-0.09097,-0.210776,-0.066468,-0.180232,-0.217021,0.182349,-0.078814,-0.036126,-0.142724,-0.192021,-0.143472,0.037301,-0.076176,-0.142573,0.305403,-0.128407,-0.393126,-0.074311,-0.373177,0.182773,-0.328023,-0.040616,0.057628,0.511817,0.412985,0.070268,-0.455351,0.067955,-0.168411,0.103552,0.087822,0.200389,0.473278,-0.007614,-0.10165,-0.352207,0.053754,-0.014661,0.154574,-0.07083,-0.066477,0.366174,-0.24458,-0.143078,0.165313,0.445364,-0.144773,0.050651,0.002848,-0.064985,-0.121078,0.312222,-0.031265,0.549054,-0.06772,-0.444507,0.341996,0.366636,0.242667,0.046995,0.072271,0.049495,-0.078286,0.048829,-0.13667,0.13437,0.211993,#
13,0.33341,0.290501,-0.065113,-0.182587,-0.02815,-0.045928,-0.07965,0.190492,0.116647,0.151098,-0.412849,-0.093258,0.317427,1.0,0.086464,0.021664,-0.319674,0.331102,0.153764,-0.01782,-0.002741,0.412094,0.505454,0.318862,-0.072247,-0.071277,0.39313,0.164413,0.147566,0.484989,-0.224064,0.064779,0.191175,0.015071,0.012002,0.210114,0.077989,-0.143551,0.222372,-0.133259,0.029298,0.089275,0.339333,0.260069,-0.220612,-0.423315,0.231727,-0.018805,-0.267212,0.034178,0.081749,-0.132847,0.042894,0.101965,-0.10026,-0.059423,-0.039619,-0.002001,0.158186,0.152986,0.349329,0.056091,-0.283304,0.184164,0.089666,0.216545,-0.192389,0.404582,0.174342,0.07846,-0.153735,-0.074057,-0.231406,-0.011169,-0.224922,0.151939,0.008002,-0.13149,-0.246517,0.024304,-0.230198,-0.288649,-0.034921,0.188864,-0.02945,-0.083148,-0.049986,-0.119288,0.083385,-0.299176,-0.018086,-0.190314,-0.246898,0.173141,-0.151246,-0.082276,0.051587,-0.025318,-0.172087,-0.189572,-0.065604,-0.079828,-0.083626,-0.243516,-0.117743,-0.073722,0.152321,-0.318024,-0.198073,-0.15903,0.231881,0.145135,-0.08555,0.025557,-0.115785,-0.118681,-0.249678,-0.300165,0.059799,-0.202763,-0.226797,-0.326463,-0.090847,-0.279481,-0.06381,0.076795,-0.016756,-0.055371,0.038454,-0.028733,-0.154923,0.08226,-0.338603,-0.13133,-0.468979,-0.101271,0.067641,-0.167646,0.10168,-0.170963,-0.098794,-0.272757,-0.328344,-0.140077,-0.299217,-0.115647,-0.199711,0.106345,-0.23188,-0.327808,-0.211428,-0.255502,0.027773,-0.199525,-0.165119,0.037609,0.354598,0.230927,-0.035613,-0.178531,0.067465,-0.18291,-0.030794,0.103898,-0.023232,0.15252,0.018983,0.081298,-0.183272,0.031201,-0.126529,0.186086,-0.153104,-0.272276,0.243198,-0.25322,0.058576,0.009179,0.494244,-0.274858,0.192275,-0.044624,-0.182189,0.022374,0.129678,0.206846,0.150472,-0.26157,-0.25617,0.417377,-0.013637,0.052172,0.110471,0.304026,0.000749,0.012006,0.335225,-0.246447,0.252218,-0.009948,#
14,0.109328,0.394924,0.015277,-0.211988,0.300399,-0.069401,0.426984,0.020929,0.131864,0.219928,-0.087012,-0.073291,0.173989,0.086464,1.0,-0.203161,-0.003695,0.01278,0.210956,-0.105241,-0.072397,0.096634,0.118959,0.174403,-0.18071,-0.057933,0.079546,0.184989,0.27514,0.093732,-0.433041,-0.119438,0.090476,-0.101024,-0.032918,0.253563,-0.146202,-0.258586,0.213468,0.123352,-0.323013,0.150931,-0.092895,0.094438,0.179777,-0.011684,0.239836,-0.028554,-0.064138,0.221955,0.041496,-0.21483,-0.151144,-0.042705,0.086507,-0.275981,-0.255838,-0.092314,-0.1205,-0.143186,-0.015682,0.258012,-0.398022,0.218791,-0.006975,0.05574,-0.051952,0.019481,0.058447,-0.350145,-0.238201,-0.252889,0.044513,-0.352597,-0.330717,0.266738,0.020415,-0.433395,-0.254643,-0.31085,-0.249791,-0.451226,-0.401381,-0.06975,-0.412336,0.045559,-0.28885,-0.152715,-0.375597,-0.260667,-0.176813,-0.221504,-0.135926,-0.051993,-0.34114,-0.305494,-0.196993,0.042378,-0.239678,-0.091301,0.190189,-0.365739,-0.275797,-0.226274,-0.29662,-0.208735,-0.393208,-0.173275,-0.372706,-0.15757,-0.090715,0.124046,-0.279629,-0.385354,-0.31554,-0.164506,-0.254903,-0.362029,-0.341397,-0.15916,-0.3347,-0.115414,-0.364178,-0.217654,0.080008,-0.391157,-0.195129,-0.016043,-0.242843,-0.189774,-0.114122,-0.330681,-0.441755,0.044621,-0.19555,-0.239014,0.098617,-0.115598,0.009408,-0.18819,-0.327722,-0.181107,-0.211643,-0.139243,-0.272052,-0.249184,-0.166159,0.316491,-0.498912,-0.233754,-0.342902,-0.319901,-0.097432,-0.236108,-0.271834,-0.185703,0.126234,0.281709,-0.360637,-0.03662,0.254373,-0.138525,0.155643,0.025819,-0.221294,0.320241,-0.109783,0.191633,-0.066786,-0.148092,0.390655,0.166889,-0.169661,-0.344672,0.415355,-0.355982,-0.259389,0.120823,0.267293,-0.152655,0.186324,0.120421,0.427374,0.190198,0.259869,-0.305754,-0.083662,-0.052382,-0.146909,0.156592,0.002368,0.593089,0.148167,0.252323,-0.064516,-0.035061,-0.034519,-0.177001,-0.191215,0.261689,#
15,-0.025848,-0.248619,-0.18391,-0.150736,-0.035229,0.107297,-0.082352,0.152773,-0.389163,-0.052073,0.206972,0.058725,-0.362503,0.021664,-0.203161,1.0,-0.032859,-0.307854,0.01094,-0.092529,-0.21649,0.081049,-0.107345,0.064244,0.103096,0.021765,-0.058903,0.039388,0.152341,-0.171072,-0.062819,-0.088182,-0.174959,0.151182,0.010187,0.285695,-0.066234,0.233787,0.11776,0.130437,-0.129678,-0.356145,-0.106671,0.036051,-0.206618,0.171408,-0.191939,-0.013873,-0.157309,0.07286,0.178771,0.16476,-0.010783,0.059999,-0.056522,0.094447,0.100005,0.038012,-0.044862,-0.16064,0.056248,0.096995,0.268374,-0.087147,-0.019426,-0.198177,-0.22686,-0.022794,0.008344,0.072331,-0.064706,-0.287581,0.106293,0.152437,0.086871,-0.042239,-0.114909,0.105671,-0.101052,0.224714,-0.223687,0.066988,0.305425,0.144076,0.286981,-0.184901,0.104875,-0.314761,0.103237,0.028965,0.160214,-0.03198,0.205054,-0.07632,0.065568,0.170132,-0.154746,0.134735,-0.152303,-0.160273,0.006737,0.048936,-0.137045,-0.024136,0.204487,0.008264,-0.024605,0.09633,0.01406,-0.07874,-0.249037,-0.032387,0.142773,0.06984,-0.05762,-0.020952,0.16879,0.175925,0.029499,0.220593,0.035557,0.178308,0.044906,0.014,-0.147407,0.000845,0.077662,0.02462,-0.026593,-0.16713,-0.056597,0.205343,0.056343,0.06779,-0.105282,-0.041312,-0.068175,-0.013611,-0.20379,-0.051349,0.067892,-0.046536,-0.03715,0.274049,0.043972,-0.08096,-0.039662,-0.270997,0.006127,-0.076267,-0.023297,0.135617,-0.252468,0.185984,0.006051,0.067063,-0.219004,-0.163519,-0.167775,0.24529,0.145992,0.055079,-0.140475,0.044735,-0.264551,-0.378984,0.203828,0.05625,0.096747,-0.092233,-0.026254,-0.1718,-0.051875,0.061286,-0.234087,0.06211,0.079082,-0.107461,-0.221077,0.212843,0.112492,-0.12307,0.028577,0.004857,-0.150294,0.122627,-0.189884,-0.102084,0.113729,-0.133019,-0.266236,-0.270077,0.048396,-0.014892,0.049864,-0.013596,0.110852,0.031217,0.070397,-0.200784,#
16,0.163884,0.023234,-0.152162,-0.058169,0.048079,0.2543,-0.149335,-0.12776,-0.162328,-0.210277,0.270793,0.023372,-0.186495,-0.319674,-0.003695,-0.032859,1.0,-0.065353,0.005225,-0.327307,0.007699,-0.277611,-0.272633,-0.278272,-0.01517,-0.118267,-0.395647,0.104812,-0.136957,-0.23322,0.1146,-0.079944,0.027482,-0.198404,0.097027,0.211981,0.055823,-0.090839,-0.268641,0.087093,-0.082818,-0.272359,-0.053332,0.31046,0.183413,0.190743,-0.322398,-0.177759,0.116433,0.015117,0.033357,-0.043309,0.074314,-0.089358,0.108514,-0.061477,-0.256392,0.036984,0.06048,0.070762,-0.112841,0.055969,0.167724,-0.113462,0.083415,-0.124045,0.099656,-0.092586,-0.016053,-0.102559,-0.320966,0.154673,0.142637,-0.082545,-0.077169,0.172409,-0.070852,0.079693,-0.075942,-0.235688,-0.032051,0.127251,-0.034132,-0.121279,-0.192837,-0.323543,-0.256424,-0.234853,0.005265,-0.203399,-0.096005,-0.23497,0.10747,-0.315342,-0.073368,-0.268653,-0.214865,-0.323574,-0.354468,-0.066699,0.251549,-0.175943,-0.134812,-0.179849,0.044393,-0.057397,-0.10032,0.109907,-0.073533,0.118531,-0.13718,-0.091823,-0.173122,-0.104247,-0.135699,0.126028,-0.240984,-0.123725,-0.207178,0.17518,-0.20136,0.089524,-0.248199,0.11579,0.197038,-0.317538,-0.146817,-0.062982,-0.235227,-0.078094,-0.064915,0.112724,0.027732,0.132012,-0.04752,-0.18231,0.196659,-0.250369,-0.263267,-0.001437,-0.426816,0.150533,-0.116623,0.081642,0.184659,-0.025437,-0.082016,0.015868,-0.023156,-0.061403,-0.118537,0.213197,-0.203384,0.012386,-0.111107,-0.38324,-0.235292,0.090474,-0.327166,-0.008715,-0.141791,-0.083877,0.043511,-0.200902,-0.13124,0.135787,-0.044436,-0.092833,0.048461,-0.342283,0.157627,0.001541,-0.133573,0.018632,-0.074467,-0.136786,-0.143378,0.262746,-0.079843,0.161246,-0.116993,0.189832,0.338107,0.146004,0.074185,-0.143817,-0.023007,0.311348,0.312603,0.017413,-0.226876,0.203029,0.281901,0.037161,-0.147664,0.514074,0.116709,-0.115085,-0.409855,0.02236,#
17,0.195357,0.41304,0.143326,-0.067639,0.04884,0.030754,0.056426,-0.057237,0.271524,0.054647,-0.295492,0.060494,0.237642,0.331102,0.01278,-0.307854,-0.065353,1.0,0.06943,0.166952,0.211804,0.142594,0.201252,-0.124762,-0.020002,-0.029167,0.160597,0.054058,0.112295,0.321886,-0.188586,0.076724,0.187852,-0.145024,0.161165,-0.054289,0.042723,-0.136452,-0.049218,-0.093715,0.120942,0.26193,0.047106,-0.017637,-0.140095,-0.36128,0.213543,0.154653,0.130839,-0.147976,0.193712,-0.275608,0.015086,-0.227471,-0.016386,-0.259662,-0.187078,-0.243951,-0.061315,-0.047413,0.008805,0.228101,-0.103192,0.061713,0.057636,0.30746,0.067436,0.302365,0.114718,0.371073,0.063167,0.073232,-0.419812,-0.063838,-0.08745,0.110656,-0.026736,-0.175646,-0.120309,-0.293276,0.047909,-0.193222,-0.14539,-0.073831,-0.016154,0.165505,-0.170664,0.085335,0.167572,-0.038576,0.037607,-0.016164,-0.196847,0.175445,-0.161128,0.167525,0.308498,-0.129322,-0.085655,-0.283548,-0.274034,-0.082329,-0.181482,0.104432,-0.259291,-0.071221,-0.115876,-0.291183,-0.321081,0.008707,0.388002,0.027617,0.00117,0.000282,0.114989,-0.088345,-0.305757,-0.217188,0.216803,-0.311845,-0.182037,-0.148248,-0.250405,-0.212889,-0.141322,0.165122,0.052331,0.082635,0.057634,0.086102,0.064411,-0.134906,-0.071844,-0.26931,-0.073004,-0.152462,0.155583,-0.163751,0.163515,-0.084815,-0.028407,-0.217727,-0.185825,-0.339807,-0.255191,0.052186,0.015225,0.200452,0.049538,-0.133795,-0.172681,-0.291122,0.329068,-0.18739,-0.284378,-0.090347,0.386221,0.359609,-0.163561,-0.134639,-0.068922,-0.017726,0.123317,0.134209,-0.172652,0.31508,0.051935,-0.024612,0.061803,0.12095,-0.119538,-0.026431,-0.214147,-0.13334,0.115984,-0.008177,0.029684,0.033397,0.441631,-0.410667,0.11024,0.061586,-0.264672,-0.263616,0.009952,-0.064914,0.310293,0.209043,-0.424649,0.22056,0.20116,0.042656,-0.031319,0.172745,-0.208114,0.067369,-0.063966,-0.117143,0.316485,0.175341,#
18,0.009611,0.194565,-0.034841,-0.109693,0.007803,-0.265586,0.11071,-0.059137,0.177003,0.123772,-0.002356,-0.253936,0.086731,0.153764,0.210956,0.01094,0.005225,0.06943,1.0,-0.33062,0.128901,-0.233282,-0.01719,0.066245,-0.044784,-0.115598,0.159614,0.26118,0.075744,0.296474,-0.066744,0.035634,0.170665,-0.100209,0.185536,0.162977,0.137522,-0.129273,-0.01162,0.060203,-0.055011,-0.149844,0.185464,0.010829,-0.120343,-0.076019,0.066323,-0.100473,0.134352,0.006293,-0.079978,-0.020029,-0.079023,0.092862,0.165689,-0.041355,-0.082439,-0.101261,-0.187331,-0.02944,-0.049737,0.044879,-0.048762,0.290906,0.045141,0.038735,-0.015636,0.107295,0.060939,-0.140462,-0.171238,-0.373544,-0.042668,-0.34174,-0.039724,0.150789,-0.167929,0.01405,0.031528,-0.323231,-0.20093,-0.25339,-0.296946,0.139329,-0.280827,0.015836,-0.012002,-0.077244,-0.214012,0.004122,-0.090655,-0.229824,-0.225981,-0.234566,-0.283508,-0.277387,-0.098686,-0.232577,-0.133993,-0.186034,-0.089437,-0.003949,-0.109522,-0.219652,-0.099176,0.030931,-0.168152,-0.05779,-0.134804,0.006238,0.104076,0.057936,-0.044993,-0.192246,-0.120075,-0.32505,-0.116638,-0.102447,0.017351,-0.161118,-0.308539,0.035195,-0.31916,-0.172813,-0.096451,-0.222653,-0.046055,0.034859,-0.23432,-0.392662,0.044866,-0.278437,-0.128511,0.20457,-0.100139,-0.217379,0.003538,-0.065137,-0.114102,-0.019794,-0.17062,0.062636,-0.247153,-0.068763,-0.12157,-0.11785,-0.288527,0.288188,-0.199128,-0.231127,-0.299946,-0.188049,0.114268,-0.150083,-0.269089,-0.217304,-0.050345,0.195596,-0.236333,0.010856,-0.05116,0.056382,0.134157,0.052403,-0.13706,-0.082993,-0.124881,0.157311,-0.128334,0.072759,0.150956,-0.002897,0.061026,-0.114555,0.272286,0.075158,0.013557,0.24857,0.122961,-0.274928,0.101134,0.037594,0.242435,0.023777,0.16497,-0.001387,-0.072424,-0.004467,-0.069455,0.29571,-0.038928,0.169577,0.305859,0.271011,0.06618,0.004947,0.129537,-0.141726,-0.338132,0.015678,#
19,-0.199142,-0.152846,0.121135,0.252116,0.024796,0.10628,-0.082429,-0.058107,-0.013474,-0.135951,-0.255625,-0.022866,-0.028637,-0.01782,-0.105241,-0.092529,-0.327307,0.166952,-0.33062,1.0,0.215067,0.102056,0.084339,-0.023347,0.202347,-0.053432,0.035995,-0.115083,-0.068741,-0.128893,0.031901,0.164354,0.039155,0.102161,-0.236489,-0.377614,0.030573,0.124146,-0.082119,0.018355,0.247771,0.345099,-0.060007,-0.117623,0.069724,0.011819,0.357183,0.356405,0.154519,-0.055948,0.114188,-0.015531,0.197506,0.014217,-0.044842,0.20472,0.264344,-0.248768,0.161604,-0.081766,-0.15938,-0.069022,0.228754,0.028785,-0.058206,0.09527,0.094639,0.11787,-0.048443,0.072577,0.371429,0.120018,0.075651,0.373349,0.178998,-0.336505,0.322274,0.133154,0.282298,0.217039,0.397117,0.238394,0.281127,0.018997,0.222228,0.015491,0.183406,0.267792,0.384258,0.167612,0.285841,0.345563,0.23279,0.355837,0.221085,0.300513,0.291897,0.286737,0.067529,0.233389,-0.145306,0.354275,0.197191,0.390214,0.305899,0.298619,0.184216,-0.267377,0.321376,-0.034091,0.237924,-0.2829,0.216418,0.382045,0.267218,0.129411,0.10764,0.380243,0.061477,0.018263,0.342397,0.031799,0.365029,0.01761,0.182761,0.267629,0.040261,-0.036234,0.09511,0.355487,0.09199,0.222734,0.190523,-0.256029,0.295804,0.050915,0.116887,0.155067,0.122769,0.233332,0.348833,-0.166074,0.103144,-0.002798,0.050383,0.183704,0.22461,-0.32352,0.456305,-0.040354,0.230507,0.153558,0.265305,0.319564,0.226599,0.386333,0.095839,-0.132652,0.375701,0.085362,-0.06346,-0.024505,-0.069072,0.230829,0.105399,-0.051939,0.368647,0.002074,-0.10131,0.052262,-0.433134,-0.062485,0.211972,0.23971,-0.199557,0.177271,0.278807,-0.406411,-0.13535,0.006758,-0.183173,-0.106184,-0.172347,-0.150636,-0.43056,0.055918,0.103583,0.122371,-0.143084,-0.478337,0.286493,-0.31093,-0.313048,-0.269995,0.139257,-0.321056,-0.399469,0.39295,0.256925,0.043573,#
20,-0.108976,-0.066344,-0.084276,0.208424,-0.014078,-0.165747,-0.205127,0.052081,0.080462,-0.131949,-0.094974,-0.149631,0.053925,-0.002741,-0.072397,-0.21649,0.007699,0.211804,0.128901,0.215067,1.0,-0.274322,-0.230147,0.133286,0.197036,0.082555,-0.091175,0.199511,0.040965,0.087269,0.292381,0.010578,0.155805,0.009306,-0.020692,-0.319324,0.048497,-0.016787,0.050564,0.001298,0.098324,-0.03143,-0.102103,-0.094281,-0.086827,0.131009,0.287916,0.064442,0.081165,0.012841,0.050982,-0.030921,0.025102,0.189155,0.00826,0.17024,0.010776,0.032171,-0.042403,0.075798,-0.076723,0.187943,0.093973,-0.104901,-0.111742,0.0926,-0.046664,0.186022,-0.174448,-0.172758,0.001667,0.07399,0.050355,0.310603,0.169864,-0.265253,0.131571,0.281046,0.021766,0.03654,0.063638,0.26192,0.226512,0.087667,-0.038521,-0.071732,0.170159,0.148561,0.351729,0.229211,-0.023544,0.047276,0.055683,0.145019,0.042827,0.178006,0.235209,0.068601,0.192366,0.04817,-0.013748,0.100521,-0.054828,0.027259,0.143043,0.208601,-0.014243,0.134147,0.13441,0.040589,0.119298,-0.226864,0.04656,0.171082,0.220712,0.167878,0.045735,0.23689,0.195911,0.127457,0.075723,0.233613,0.112033,0.232338,0.238658,0.119265,-0.255273,-0.282701,0.004078,0.115821,0.096087,0.040347,0.31078,-0.074945,0.101479,0.010183,0.076016,0.02255,0.096134,0.46433,0.018818,-0.012349,0.156626,-0.023238,0.269772,-0.020331,0.224352,-0.23098,0.253133,0.106155,0.002459,0.223577,0.297304,0.329689,-0.037972,0.279847,0.166991,-0.044339,0.170995,0.144567,-0.218413,0.029433,-0.030444,0.011551,0.114244,-0.001503,0.165996,-0.181271,0.047063,0.064153,-0.233155,0.030982,0.315439,-0.089651,-0.184211,0.198636,0.129014,-0.08962,-0.076157,0.011717,-0.147645,0.154573,-0.024199,-0.203845,-0.040327,0.254323,0.12028,0.332146,0.038062,-0.103216,0.185371,-0.075416,-0.165677,-0.266042,-0.329643,-0.098006,-0.207903,0.12565,0.132887,-0.021457,#
