0,1.0,0.096091,-0.205389,-0.174803,0.244385,0.25549,0.111239,0.010215,-0.224187,0.074777,0.144412,-0.033257,0.269388,0.145414,0.036227,0.049395,0.01723,-0.421524,0.291269,-0.225586,0.235718,0.148597,0.185984,-0.167336,-0.035329,-0.384391,-0.211315,-0.200286,0.221797,0.046612,-0.014154,-0.030573,0.272827,-0.236175,0.12669,0.123207,0.25706,-0.131214,-0.078771,-0.02193,0.118959,0.202286,-0.045187,0.050596,-0.018617,-0.017367,-0.056069,0.044303,-0.095246,-0.045691,0.058843,-0.24366,0.186482,-0.024299,0.357758,0.088621,-0.151671,-0.04728,-0.157991,0.214421,0.32987,0.179248,-0.110148,0.162088,-0.16008,0.020447,-0.191113,0.271316,-0.140961,-0.217156,-0.063366,0.092541,-0.094744,-0.170722,-0.422621,0.283995,-0.21153,-0.075157,-0.361506,0.003875,0.072537,-0.317223,-0.062416,-0.19436,-0.149302,-0.177739,-0.158668,-0.047547,-0.17657,-0.308044,-0.285631,-0.28739,-0.014643,-0.366995,0.058304,-0.311872,-0.430036,-0.190676,-0.19745,0.065355,0.166552,-0.003383,-0.167308,-0.280798,-0.002018,-0.290415,0.011215,0.086637,-0.173464,-0.100799,0.089161,0.215165,-0.364905,-0.19217,0.01268,0.090357,-0.336024,-0.20897,-0.195259,0.051712,-0.316544,-0.02966,0.039079,-0.236062,-0.128138,-0.073678,-0.10233,0.042569,-0.104918,0.093689,-0.081373,-0.334595,-0.175904,0.171911,-0.31709,-0.028161,-0.080631,-0.063603,0.278489,-0.180396,-0.268746,0.141777,-0.103925,0.053169,-0.114065,-0.095367,-0.17329,0.063173,-0.252971,-0.33498,-0.121603,-0.147882,-0.311115,-0.276738,0.242811,-0.241714,0.150652,0.06151,-0.338529,-0.172313,0.002764,-0.275347,-0.067207,-0.077261,-0.034784,-0.124713,-0.112004,0.105246,-0.154176,-0.276515,0.089512,0.119217,-0.116809,0.097593,0.067777,-0.114383,-0.091096,-0.022079,0.078882,-0.050373,-0.013002,0.026681,0.075622,0.447892,0.183053,-0.017052,0.247425,-0.106128,-0.001046,0.235457,-0.148705,0.149197,0.36217,-0.087195,-0.104797,0.315128,0.158874,-0.195925,-0.191965,0.099191,#
1,0.096091,1.0,-0.039406,-0.11591,0.010547,0.158425,0.292761,0.171063,-0.120982,0.305306,-0.170755,0.030019,0.124237,0.209564,0.309397,0.117494,0.041995,0.143325,0.195276,-0.015021,0.117631,0.075675,0.236269,-0.154348,0.058992,-0.236572,-0.120019,-0.066172,-0.139473,0.084142,-0.165497,0.040332,0.229254,-0.182756,-0.272248,0.201356,0.086363,-0.256271,0.070243,0.085799,0.023682,0.19073,-0.145025,0.073849,0.368543,-0.200307,0.08752,-0.150813,0.105129,0.361577,0.118014,-0.024725,0.104459,-0.145915,0.01701,-0.112873,0.006982,-0.339155,-0.245606,-0.236016,0.171488,0.154972,-0.172745,-0.154631,0.246853,0.174928,-0.132601,-0.128657,0.004877,-0.154911,0.03302,-0.051984,0.110902,-0.260382,-0.160324,0.111157,-0.311586,-0.293328,0.055447,0.064799,0.035036,-0.201432,-0.075106,-0.013037,-0.162655,-0.201625,-0.161599,-0.210762,-0.033206,-0.167422,-0.167912,-0.095251,-0.260319,-0.074168,-0.077302,-0.072535,0.034633,0.150037,0.299931,0.009453,0.063105,0.095028,-0.140626,-0.27927,-0.340447,-0.136037,-0.137265,0.008122,-0.356573,-0.249123,0.193005,0.321675,-0.165634,-0.006202,-0.148429,-0.046336,-0.125071,-0.154151,0.243674,-0.31349,-0.203346,-0.351164,-0.433259,-0.070564,-0.267727,-0.287725,0.13704,0.051716,-0.274904,-0.033323,-0.006647,0.006966,-0.190668,-0.119835,-0.23647,-0.338209,0.108541,-0.040223,0.051354,-0.194373,-0.069259,-0.20617,-0.164628,-0.14668,-0.061715,-0.002866,-0.227653,0.240156,-0.097817,-0.128859,-0.250087,-0.295839,0.009053,-0.076977,-0.094736,-0.118261,0.207824,0.074193,-0.172773,-0.028294,-0.033903,-0.079644,-0.012746,0.26021,0.05329,0.336158,0.059008,0.08411,-0.335941,-0.385398,0.009006,0.112808,-0.016167,-0.107778,0.136338,-0.1761,-0.074324,0.120654,0.226968,-0.363707,0.194803,-0.022867,-0.19975,0.044149,0.210361,-0.206518,0.263195,-0.17908,-0.214157,0.344789,0.015648,0.071577,0.136653,0.271682,-0.176976,-0.108032,0.162481,-0.042269,0.233397,-0.014777,#
2,-0.205389,-0.039406,1.0,0.138969,-0.178451,-0.164856,0.07708,-0.027147,0.18456,0.004463,-0.034345,-0.086466,-0.166143,-0.042509,-0.119927,-0.07089,-0.281159,0.268438,-0.030272,0.108375,-0.003024,0.281166,-0.071955,0.124259,0.212148,0.152298,0.421681,0.083438,-0.044999,-0.111147,0.033722,0.155483,-0.190269,0.077402,-0.039425,0.054771,0.019768,0.140464,0.09575,-0.205983,0.122277,0.079662,0.061556,-0.096855,0.035061,-0.229264,-0.043209,0.162403,-0.066584,-0.166653,-0.138982,-0.022299,0.181321,-0.070472,-0.287328,-0.132095,-0.076854,-0.268417,0.024527,0.017016,-0.136718,-0.210466,-0.033861,-0.196758,0.124358,-0.137133,0.203098,0.092566,0.084255,0.31249,0.098049,0.153454,-0.105159,0.207536,0.142217,-0.14821,0.095988,-0.128015,0.08801,0.099727,0.198998,0.138288,0.04106,0.134512,-0.046963,0.135676,0.067701,0.074113,0.179835,0.140844,0.119119,0.003461,0.292171,0.181177,0.168786,0.146068,0.383576,0.101452,0.184308,0.129544,-0.141835,0.150207,0.126672,0.099742,0.122211,0.328622,-0.109615,0.158545,-0.15603,-0.046541,0.137939,-0.044101,0.193103,0.178059,0.428447,-0.066936,-0.02158,0.017127,0.060014,0.042624,0.178906,0.143749,-0.051525,0.009881,0.021062,0.092998,0.197148,0.03555,0.093249,0.150143,0.468582,0.046786,0.184658,0.045908,0.239065,0.116319,-0.147552,0.343183,0.176295,0.229942,0.093518,0.143493,0.065177,-0.100068,-0.03558,0.128544,-0.044783,-0.013348,0.195657,0.350282,0.016361,0.008235,0.279857,0.12236,0.128524,0.188978,0.001978,0.012471,0.257985,0.14893,0.414421,0.184917,0.064924,0.209895,0.117598,-0.365005,0.029817,-0.018137,0.049944,0.242873,-0.202553,-0.158409,-0.111365,0.133506,-0.266747,0.251258,0.14271,-0.029138,0.016912,-0.137136,0.037391,0.004205,-0.195165,-0.204991,-0.260239,0.326349,0.047349,0.261626,-0.058228,-0.112557,0.162813,-0.211641,-0.234425,0.362361,-0.281429,0.037193,-0.138389,0.184752,0.240221,-0.032818,#
3,-0.174803,-0.11591,0.138969,1.0,-0.142758,-0.251653,-0.193651,-0.290661,-0.203656,-0.305366,0.080534,-0.163027,-0.339873,-0.333603,-0.241843,-0.095945,0.098454,0.135743,-0.157376,0.037785,0.03371,0.039529,-0.293492,0.027805,0.096211,0.321386,0.204754,0.204444,-0.055457,-0.25259,0.21565,0.072757,-0.075496,0.059711,0.163935,-0.051149,-0.18161,-0.016987,0.013671,0.065391,-0.016075,-0.162321,0.004533,0.160247,-0.150303,0.322034,-0.100436,0.037992,0.109042,-0.125321,-0.16902,0.317307,0.022058,0.105715,-0.166035,-0.165227,0.293561,0.21104,0.101957,0.090084,-0.378613,-0.049898,0.243136,-0.06816,0.009529,-0.354368,0.103485,0.106025,-0.104978,0.00294,-0.014819,0.004669,0.104809,0.089141,0.079186,-0.080035,0.227149,0.133243,0.080652,-0.174808,0.027397,0.362848,0.219093,0.084856,0.305648,0.020112,0.194558,0.161423,0.05984,-0.012809,0.032332,0.153997,0.197508,-0.076786,0.18322,0.143665,0.451779,0.180397,-0.052395,0.199813,0.07707,0.31828,0.499429,0.188381,0.234481,0.104596,0.303353,0.072032,-0.087527,0.146779,-0.084797,-0.206502,0.179049,0.122429,0.09927,0.005175,0.057541,0.066631,-0.20194,0.371515,0.071869,0.326211,0.307033,0.084901,0.263496,0.144237,-0.260309,-0.152554,0.147524,0.243287,0.036393,0.084148,0.274954,0.025889,0.222044,0.201657,0.024472,0.101248,-0.055165,0.349847,0.182194,-0.116519,0.298796,0.170399,0.353147,0.118255,0.044892,-0.003881,0.351656,0.083142,0.209732,0.099936,0.146011,0.295436,0.057088,0.280508,-0.326761,-0.205604,0.289806,0.202355,0.019252,0.122618,-0.148694,0.072435,-0.229849,-0.311878,0.221504,0.102454,0.210286,0.178749,0.087293,-0.058158,0.147881,0.222796,-0.301585,0.262188,0.070937,-0.012886,-0.58767,0.333048,-0.283099,-0.084894,0.189699,-0.093316,-0.091922,0.033037,-0.200515,0.010337,0.394852,-0.132361,0.17941,-0.20506,-0.137771,-0.149595,-0.06967,-0.04491,-0.159185,0.129549,-0.017434,-0.371307,#
4,0.244385,0.010547,-0.178451,-0.142758,1.0,0.065449,-0.142987,0.127149,-0.035675,-0.19379,0.238376,-0.070226,0.17115,-0.159989,-0.079046,-0.132544,0.132922,-0.24926,0.174077,-0.212661,-0.260001,-0.181499,0.172677,0.002531,0.076323,-0.151608,-0.328911,-0.007538,-0.077263,0.008832,-0.191474,-0.229756,0.001594,-0.072017,-0.039605,0.083935,0.024337,-0.139084,0.008171,0.336684,0.015636,-0.415283,-0.098903,0.147767,-0.085821,0.227785,-0.247776,0.071318,0.063034,0.164158,0.133948,-0.102349,0.07903,0.091834,0.217009,0.085274,-0.067733,0.177358,0.132145,-0.068603,-0.093375,-0.10771,-0.171038,0.007656,-0.223522,0.248674,0.412347,-0.219561,0.123753,-0.095788,-0.043801,-0.049924,0.004965,0.169553,0.010787,0.139967,-0.088595,-0.196008,-0.22722,-0.186575,-0.117533,0.031013,0.050135,-0.047353,0.025949,-0.130299,0.196826,0.140238,-0.03704,-0.201794,0.084117,0.070198,0.081784,-0.221199,-0.039722,-0.032322,-0.016818,-0.037171,-0.169685,0.161134,0.145777,-0.003414,0.112165,-0.170404,0.087731,0.070491,-0.044622,0.061452,-0.143038,-0.028527,0.036594,0.059732,0.118635,-0.156811,-0.099561,0.186926,-0.089141,0.258581,-0.207895,0.050496,-0.303364,0.011937,0.2291,-0.035275,0.181204,0.107234,0.126168,0.057013,0.146342,0.044571,-0.03544,-0.125372,0.052346,-0.175555,-0.083252,0.173379,-0.040952,-0.046325,-0.145922,0.109257,-0.139489,-0.129345,-0.244029,0.220145,-0.030867,-0.272585,-0.286232,0.014981,0.042553,-0.182011,-0.024121,0.028685,-0.353093,-0.07429,0.010797,-0.226885,-0.040541,-0.02725,-0.242072,0.140003,-0.201619,-0.181217,-0.258084,0.021067,0.217879,-0.066233,0.004249,0.058664,-0.146049,0.081746,-0.030007,-0.036966,0.088334,0.076279,0.134535,0.124382,0.127803,0.270772,0.158859,0.064269,-0.232006,0.088812,0.186956,0.244872,0.087112,-0.072714,0.118484,-0.222352,0.14777,-0.089759,-0.052227,0.102097,0.266869,-0.083379,-0.012453,0.173834,0.056012,0.026107,-0.226338,-0.117463,#
5,0.25549,0.158425,-0.164856,-0.251653,0.065449,1.0,0.437083,0.297296,-0.085593,0.026413,0.136421,0.311944,0.128663,0.146899,0.114633,0.143602,0.263397,-0.027955,0.086276,-0.081116,0.087416,0.082542,0.207329,-0.026859,-0.170305,-0.104125,0.082795,-0.087222,0.140207,0.00838,-0.107643,-0.008824,-0.065548,-0.064802,-0.047669,0.052737,0.056839,-0.002729,-0.108633,-0.007818,-0.209804,0.252489,-0.03491,0.001111,0.064358,-0.142349,0.102174,-0.066353,-0.030177,0.129224,0.004282,-0.046315,-0.000828,0.024959,0.196243,0.215549,-0.231613,-0.003527,-0.135229,-0.198481,0.272105,-0.138759,-0.145785,0.229311,-0.082181,0.449992,-0.118773,0.284582,0.03264,-0.225477,-0.02159,0.132484,-0.123934,-0.05279,-0.126604,0.253936,-0.278011,-0.089687,-0.234519,-0.071333,-0.023145,-0.322298,-0.13143,0.018203,-0.20938,-0.237791,0.039337,-0.148426,-0.167761,-0.319941,-0.313042,-0.294415,-0.321585,-0.016532,-0.112442,-0.273593,-0.231084,-0.31083,-0.13448,-0.153145,0.040934,-0.096232,-0.187967,-0.24704,-0.164024,-0.273133,-0.101438,-0.015291,-0.220184,-0.116062,0.063031,0.10982,-0.470905,-0.25,-0.142634,-0.106127,-0.400395,0.047874,0.190001,-0.252708,-0.177593,-0.323647,-0.044965,-0.394747,-0.070742,-0.114096,-0.164905,0.019567,-0.165955,-0.091749,-0.133541,-0.060481,-0.142685,0.027859,-0.356712,-0.121263,0.234397,-0.245596,0.034459,-0.492682,-0.150637,0.063199,-0.139174,0.045139,-0.105937,-0.215658,0.160932,0.159827,-0.215737,-0.030351,-0.063727,-0.111342,-0.05097,0.127141,-0.028059,-0.366263,-0.011945,0.205034,-0.399556,-0.12019,-0.024683,-0.23715,-0.142168,0.033435,-0.076512,0.222227,-0.016963,0.000148,-0.099662,0.004642,0.273098,-0.189793,-0.210861,-0.142791,0.190964,-0.388368,-0.031154,0.008329,0.1178,-0.151815,0.167779,-0.074599,0.049753,0.184435,0.536696,-0.065636,0.090936,0.078963,-0.07708,0.04509,0.087518,0.083314,0.217686,-0.183917,-0.197635,-0.006835,0.223101,-0.061034,-0.303767,-0.002749,#
6,0.111239,0.292761,0.07708,-0.193651,-0.142987,0.437083,1.0,0.371194,0.205578,0.300768,0.089505,0.100515,0.198503,0.039299,0.058874,0.154416,0.112163,0.037567,0.163633,-0.21097,-0.133661,0.235482,0.160548,-0.072567,0.03143,0.022686,0.228128,0.01332,0.291474,0.026131,-0.427698,-0.150103,-0.034083,-0.263661,0.14072,0.173546,-0.168644,-0.088668,0.094834,-0.10281,-0.009066,0.108026,0.035847,-0.283276,0.173527,-0.159429,-0.015316,-0.216595,-0.072221,0.317978,0.059434,-0.055893,-0.129396,0.010228,0.266567,0.106482,-0.011504,-0.214999,-0.240991,0.057849,0.225515,0.098277,-0.017625,0.274246,0.085111,0.299285,-0.086959,0.118871,0.119631,-0.167084,0.223881,-0.015693,-0.247503,-0.35102,-0.09006,0.324785,-0.226461,-0.212691,-0.116212,-0.125222,-0.2292,-0.356443,-0.355841,-0.118497,-0.257235,0.057383,-0.158647,-0.261976,-0.13573,-0.274524,-0.379561,-0.338598,-0.292287,-0.234473,0.042543,-0.421824,-0.087843,-0.264701,0.038153,-0.384889,0.015717,-0.069859,-0.219591,-0.213861,-0.387642,-0.231662,-0.227397,-0.070416,-0.293619,-0.159643,-0.316409,0.129784,-0.314385,-0.407567,-0.172616,-0.32404,-0.0801,-0.066597,0.017674,-0.049726,-0.055702,-0.195066,-0.160527,-0.379678,-0.234796,-0.330618,0.121478,0.271923,-0.264717,-0.157225,-0.254807,-0.45638,-0.513491,0.202439,-0.125162,0.000142,0.03731,-0.207366,-0.079181,-0.359391,-0.023105,0.067414,-0.203167,-0.207738,-0.224092,-0.204994,-0.193083,0.413694,-0.243684,-0.111353,-0.176689,-0.227944,-0.018447,-0.11157,-0.10927,-0.441392,-0.087089,0.237949,-0.212819,-0.094964,-0.1094,-0.119462,-0.124069,0.057172,0.019931,0.144258,-0.079636,0.169583,-0.294068,0.12341,0.32265,-0.05755,-0.177621,-0.159084,0.380835,-0.320558,0.085874,0.10553,0.225865,-0.518291,0.445292,0.217981,0.146994,0.129306,0.386548,-0.236451,-0.082034,0.046498,-0.18816,0.253683,-0.25709,0.1037,0.259536,0.09458,-0.24303,0.11152,0.083469,-0.089012,-0.25962,0.212422,#
7,0.010215,0.171063,-0.027147,-0.290661,0.127149,0.297296,0.371194,1.0,-0.0112,0.130835,-0.056048,-0.014739,0.523789,0.371924,0.079545,0.132175,-0.014847,0.180859,0.083607,0.016122,0.07067,0.1814,-0.013788,0.143388,0.059951,-0.020559,-0.118415,-0.209771,0.098033,0.117017,-0.097717,-0.165693,0.187138,0.095085,-0.272357,0.099532,0.048022,-0.011902,0.081996,-0.216438,-0.045315,0.123236,0.070341,-0.007138,-0.136061,-0.350629,0.002452,-0.216621,-0.01121,-0.052971,-0.03957,0.053637,0.062795,0.003313,0.214789,0.172848,-0.229646,-0.081541,-0.192434,0.052603,0.319973,0.037188,-0.147672,0.16915,-0.156761,0.456693,0.052027,0.137417,0.061898,0.117505,0.257687,0.183155,-0.273741,-0.163099,-0.032324,0.036035,-0.073448,0.021391,0.085152,-0.0866,0.052496,-0.193248,-0.118668,0.003566,-0.218311,0.025935,-0.009626,-0.017594,0.012717,-0.101552,-0.0708,-0.1815,-0.193659,0.064831,-0.179056,-0.065735,0.029162,-0.027928,0.108149,-0.408908,0.170366,-0.009829,-0.132099,-0.21978,-0.168296,0.002901,-0.128331,-0.033969,-0.044767,-0.401267,-0.055067,0.209057,-0.177272,-0.18531,0.079835,0.003225,-0.006367,-0.028515,0.126555,-0.168039,-0.168532,-0.566925,-0.040593,-0.05676,-0.17182,-0.126735,0.13046,0.004056,-0.17739,0.145152,-0.126607,0.009057,-0.13233,0.047346,-0.201327,0.039838,0.215538,-0.307438,-0.006237,-0.191647,0.025556,0.045827,-0.09888,-0.018493,-0.147629,-0.095803,-0.12052,0.090888,-0.119724,-0.177239,-0.169654,0.015937,-0.214004,-0.049582,-0.138918,-0.348705,0.090151,0.035535,-0.122092,-0.047151,0.006053,0.061201,-0.172846,0.036202,0.270228,0.143941,0.134974,0.045383,-0.074712,0.223584,-0.040825,-0.126949,-0.143988,-0.068306,0.264049,-0.173361,0.16673,-0.048337,0.266998,-0.219401,0.265869,0.311167,0.011518,-0.105464,0.210754,0.084741,0.049477,-0.171167,-0.229151,0.316141,-0.209425,-0.174507,0.334323,-0.099813,-0.160447,-0.100411,0.124499,0.038134,-0.079246,-0.052759,#
8,-0.224187,-0.120982,0.18456,-0.203656,-0.035675,-0.085593,0.205578,-0.0112,1.0,0.299987,-0.174065,0.081274,0.011212,0.191032,0.100145,-0.082863,-0.239061,0.273655,0.052637,-0.051951,-0.356603,0.218976,0.176125,0.152832,0.141181,0.277353,0.262895,0.339892,0.049123,0.251566,-0.160164,-0.148624,-0.083462,-0.049935,0.210194,0.156684,-0.122184,-0.096423,0.155452,-0.170464,0.107686,-0.110733,0.067585,-0.072107,0.168938,-0.137775,-0.038555,0.024879,-0.029673,0.122634,0.004098,-0.15605,-0.149363,0.012799,-0.082129,0.423704,-0.076057,-0.316035,-0.021249,0.195622,-0.01565,-0.079351,-0.085809,0.151379,0.037668,-0.036739,0.15668,0.060691,0.047642,0.094585,0.072511,0.088803,0.030784,0.04847,0.064197,0.087726,-0.010969,-0.210316,0.070873,-0.058355,-0.031914,-0.05699,-0.400881,-0.102878,-0.075143,0.206678,-0.037998,-0.194663,-0.07688,-0.063861,0.218508,-0.011774,-0.211332,0.165173,0.060065,0.093788,0.030134,-0.020688,-0.22592,-0.215211,-0.076314,0.225735,-0.041935,0.136341,-0.152259,-0.107926,-0.125929,-0.095321,0.081683,-0.04499,-0.060898,-0.112495,-0.033998,-0.231256,0.051621,-0.088704,0.228006,-0.067528,0.205896,-0.074185,0.184223,-0.072367,0.00657,-0.075523,-0.086544,-0.045627,0.264787,0.079048,-0.094353,-0.249996,0.034727,0.019471,-0.353012,0.018662,0.097089,0.039758,-0.00901,-0.008149,-0.220662,-0.132261,0.098763,-0.021843,-0.114383,-0.256124,-0.355558,-0.32977,-0.043905,0.105806,-0.026896,0.031433,-0.011551,0.000819,0.107957,-0.201302,0.079097,-0.079156,0.28024,0.24992,-0.08835,-0.013233,-0.119255,0.222199,0.158525,-0.117729,-0.009612,-0.009737,-0.125303,0.006184,-0.231811,0.226012,-0.086647,0.013701,0.133865,0.103014,0.207356,0.157785,-0.080781,0.041082,0.349648,-0.372159,0.364678,0.15747,-0.194969,-0.167823,-0.069499,0.156048,-0.063006,0.246509,-0.284068,-0.112994,-0.204218,-0.131133,-0.05409,0.189103,-0.113657,0.274604,0.054946,-0.047222,0.050075,0.200533,#
9,0.074777,0.305306,0.004463,-0.305366,-0.19379,0.026413,0.300768,0.130835,0.299987,1.0,-0.306215,0.091077,0.373768,0.593523,0.383279,0.179022,-0.27039,0.255451,0.216652,0.056793,-0.14821,0.276005,0.372281,0.067949,0.184721,-0.246302,0.046612,0.096824,0.042828,0.431563,-0.005324,0.182712,0.247936,-0.237188,-0.0991,0.128629,0.123752,-0.129857,0.118273,-0.359134,0.153792,0.262393,0.022042,-0.061836,0.200758,-0.48708,0.188258,0.227497,-0.053835,0.292071,-0.086522,-0.092124,0.126092,-0.176467,0.180626,-0.001668,-0.142591,-0.452203,-0.186821,0.073577,0.446424,0.160989,-0.362193,-0.007724,0.003414,0.132204,-0.08167,0.206561,-0.151753,0.056704,0.007006,0.259105,-0.023955,-0.155487,-0.139378,0.120122,-0.158913,-0.353117,-0.010416,0.052165,0.034132,-0.45139,-0.506468,-0.018769,-0.264892,0.117927,-0.344144,-0.1054,0.128539,-0.355368,0.037121,-0.181958,-0.228552,0.192485,0.009808,-0.038266,-0.317477,-0.073075,0.130348,-0.312159,-0.206304,0.059871,-0.286802,-0.144603,-0.139238,-0.148814,-0.513991,-0.1988,-0.196606,-0.296803,0.145299,0.336434,-0.269576,-0.155101,-0.137019,-0.294895,-0.163015,-0.240907,0.495133,-0.395912,-0.013036,-0.342141,-0.06733,-0.237483,-0.372238,-0.039492,0.202408,0.19655,-0.17858,-0.276189,-0.122018,0.145445,-0.464206,-0.008072,-0.26479,-0.31672,-0.200259,-0.279668,0.199264,-0.371209,-0.069185,-0.069931,-0.410823,-0.482343,-0.375715,0.108076,-0.213432,0.165185,-0.300873,-0.165886,-0.357117,-0.113819,-0.010786,-0.47507,-0.023851,-0.268878,0.316355,0.429159,-0.203016,-0.169042,0.007731,-0.04551,-0.040805,0.303863,0.387082,0.472133,-0.213617,0.062331,-0.398425,0.030144,-0.120581,0.190851,-0.139116,-0.112489,0.335796,-0.242597,-0.198178,0.098368,0.617051,-0.511441,0.439433,0.082272,-0.502326,-0.185531,0.201359,-0.013008,0.267749,0.104228,-0.50908,0.11711,-0.204125,-0.007223,0.209942,0.468788,-0.079605,0.010802,-0.007676,-0.057945,0.314831,0.387395,#
10,0.144412,-0.170755,-0.034345,0.080534,0.238376,0.136421,0.089505,-0.056048,-0.174065,-0.306215,1.0,-0.206896,-0.002105,-0.357291,-0.217117,0.028316,-0.021738,-0.387527,0.083397,-0.197751,-0.095393,-0.064681,-0.080367,0.175722,0.004609,0.111932,-0.176385,0.010924,0.096397,-0.300623,0.172818,-0.035588,-0.372869,-0.248574,0.07907,-0.01781,0.110916,0.271925,0.066956,0.258827,-0.176288,-0.33369,-0.151534,-0.135024,-0.025129,0.269758,-0.258079,0.039826,0.069868,-0.009733,-0.037335,0.116756,-0.022333,0.220315,0.183281,0.014067,-0.212792,0.250002,-0.002153,-0.135552,-0.261439,-0.164299,-0.00948,0.155996,0.005501,-0.030361,0.178126,-0.135414,0.233201,-0.105931,0.174924,-0.135075,-0.086171,0.10317,-0.055267,0.132259,0.034214,0.056186,-0.045811,-0.184541,0.002633,0.158148,0.041931,0.119214,0.134962,-0.09103,0.310817,0.052943,-0.015753,0.046054,-0.088266,-0.040402,0.072239,-0.158438,0.039431,-0.018016,-0.031685,-0.217715,0.11211,-0.003818,0.072393,-0.124676,0.095666,-0.1689,0.084435,-0.069311,-0.094871,0.238766,-0.071989,0.294786,-0.151399,-0.093958,-0.218306,-0.106595,-0.039895,0.051541,-0.109013,-0.015428,-0.315335,0.292428,-0.224444,0.252838,0.05648,-0.280174,-0.094178,0.117292,-0.008635,0.10786,0.021441,-0.051474,-0.095883,-0.206441,0.010096,0.021907,0.070311,0.251352,-0.0939,-0.003766,-0.195872,0.075646,0.012677,0.271915,-0.098106,0.160901,0.412721,-0.091099,-0.119644,0.179333,0.192276,0.048854,0.292327,0.172153,-0.113586,0.003645,0.040076,-0.072328,-0.358626,-0.224573,0.065032,-0.001415,-0.151011,-0.013041,-0.100523,0.07854,-0.014882,-0.217115,0.071622,-0.054523,0.008949,0.09534,0.303414,-0.04251,0.168383,0.074225,-0.057397,0.040851,0.215527,0.04826,-0.289026,0.261668,-0.1767,0.12398,0.19444,0.196133,0.154081,0.048742,-0.09523,-0.050851,0.278721,0.182048,0.078139,0.190753,0.192024,-0.396228,0.085537,0.017703,0.03429,0.037074,-0.211487,-0.200335,#
11,-0.033257,0.030019,-0.086466,-0.163027,-0.070226,0.311944,0.100515,-0.014739,0.081274,0.091077,-0.206896,1.0,0.100199,0.220348,-0.034905,-0.069465,0.135504,0.06158,0.057439,-0.176581,0.078857,-0.260929,-0.098408,-0.033434,0.095977,0.050769,0.079471,0.14957,-0.068388,0.065393,-0.063497,0.0071,-0.123291,-0.036266,-0.189841,0.186375,-0.094684,0.055781,0.004811,-0.138097,-0.080939,0.221517,-0.059885,-0.250611,-0.156117,0.066828,-0.043303,-0.087925,-0.031064,0.223615,-0.108292,-0.168975,-0.013862,0.129547,-0.095597,-0.003618,-0.226784,-0.082698,-0.144354,0.050386,-0.03114,-0.14546,0.040602,0.00669,0.005354,0.156445,0.004348,-0.004069,0.146129,-0.355879,-0.035016,-0.091214,-0.049606,0.110866,-0.050941,0.07696,-0.203338,0.047019,-0.271953,-0.008731,-0.226415,-0.228163,-0.025324,-0.070474,-0.104446,-0.378434,-0.151296,0.066684,-0.108073,0.049149,-0.0016,-0.259255,-0.260086,0.058613,-0.045977,-0.177021,-0.092936,0.029117,-0.163037,-0.008245,0.204373,-0.028778,-0.313186,-0.072211,-0.153567,0.108699,-0.090147,0.105633,0.012341,0.15164,-0.014955,0.002018,-0.30078,-0.177855,-0.058664,-0.020206,-0.116081,0.136409,0.121806,-0.134039,0.118883,-0.180742,-0.024613,-0.135476,-0.042032,-0.240355,-0.01368,0.013629,0.000215,-0.144662,-0.235122,0.055586,-0.21926,0.049272,-0.084875,-0.098184,0.219204,-0.179286,-0.107823,-0.22494,-0.232979,0.015835,-0.105278,0.040695,-0.064952,-0.022696,0.00152,0.032391,-0.217497,-0.126909,-0.081281,0.135535,-0.025707,0.172268,-0.018045,0.034278,-0.028516,0.328925,-0.207393,-0.27156,-0.148804,-0.250711,0.186171,-0.042135,-0.090911,0.127152,-0.1778,0.028395,0.114178,0.086829,-0.004869,0.336064,0.054341,-0.260829,0.032027,-0.133061,-0.134234,0.31963,0.05588,0.015626,-0.003154,-0.186822,-0.050273,-0.104201,0.251135,0.209741,-0.060996,0.227526,0.067609,0.018186,0.090251,0.34136,0.032387,0.160742,-0.148998,-0.172243,0.205718,-0.266404,-0.044708,0.053071,#
12,0.269388,0.124237,-0.166143,-0.339873,0.17115,0.128663,0.198503,0.523789,0.011212,0.373768,-0.002105,0.100199,1.0,0.412482,0.144046,0.046012,0.02907,-0.042315,0.200882,-0.005706,0.001175,0.125674,0.26652,-0.059884,-0.11095,-0.431734,-0.23821,-0.116301,-0.024593,0.112932,0.016658,-0.055766,0.226318,-0.114709,-0.292182,0.237218,0.262416,-0.130099,-0.096977,-0.183091,0.08866,0.09745,0.176386,-0.0912,-0.119632,-0.343844,0.098392,0.02044,-0.031598,0.049076,-0.155895,0.050863,0.242372,-0.009805,0.363769,0.218395,-0.233816,-0.23562,-0.041588,0.021675,0.312686,0.223781,-0.168147,0.089975,-0.020912,0.185476,-0.124333,0.07861,0.122757,-0.052046,0.23913,0.147629,-0.241768,-0.333924,-0.279026,0.299165,-0.025314,-0.011668,0.050773,-0.217209,0.007831,-0.22008,-0.264627,-0.295865,-0.258726,-0.003826,-0.16446,0.055337,-0.152459,-0.16015,-0.118527,-0.302219,-0.331966,0.047366,-0.10684,-0.221016,-0.212341,-0.168734,-0.041381,-0.357341,0.022715,-0.128636,-0.197922,-0.078338,-0.092682,-0.138364,-0.281525,-0.221859,0.005037,-0.428539,-0.065241,0.19354,-0.294855,-0.250839,-0.089533,-0.259947,-0.110399,-0.0903,-0.046291,-0.184993,-0.018652,-0.516721,-0.2075,-0.230212,-0.20672,-0.145791,0.16558,0.287422,-0.194725,-0.019814,-0.149852,0.14882,-0.344447,0.196833,-0.11146,-0.079993,0.104184,-0.388838,-0.134261,-0.116037,-0.069425,0.122823,-0.279588,-0.167967,-0.066817,0.184979,-0.383238,0.102282,-0.242095,-0.502567,-0.302521,-0.130288,-0.256284,-0.322813,0.040697,-0.380582,0.120849,0.221999,-0.246273,-0.366638,0.015738,-0.220456,-0.003388,0.182479,0.38243,0.179224,-0.143829,0.169163,-0.297087,0.148065,-0.100425,0.115106,-0.141066,-0.002179,0.294101,-0.213732,-0.097398,0.05665,0.274159,-0.30743,0.15112,0.263392,0.046784,0.019866,0.031908,-0.070393,0.217278,-0.071654,-0.280836,0.380535,-0.232434,-0.030746,0.397787,0.061979,0.119188,0.005832,0.1624,-0.074599,-0.045071,0.192222,#
13,0.145414,0.209564,-0.042509,-0.333603,-0.159989,0.146899,0.039299,0.371924,0.191032,0.593523,-0.357291,0.220348,0.412482,1.0,0.264256,0.147912,-0.2341,0.186301,0.263171,0.072599,0.197246,0.161107,0.383465,0.191321,0.09517,-0.147484,0.027477,-0.000113,0.035758,0.411495,0.112119,0.125023,0.30647,-0.072532,-0.304055,0.170232,0.298774,-0.246792,0.124279,-0.340422,0.109124,0.404,-0.04351,0.1212,0.091886,-0.493519,0.281121,0.012636,-0.106724,0.078967,-0.0711,-0.102779,0.174298,-0.178334,0.016994,0.102477,-0.15193,-0.331597,-0.218018,0.024333,0.378944,0.190158,-0.315074,-0.016932,-0.025396,0.297246,-0.186727,0.269218,-0.310571,-0.119775,-0.204816,0.336427,-0.205833,-0.079746,-0.257711,0.045183,-0.28957,-0.28151,-0.090403,0.034304,0.04472,-0.454834,-0.354274,0.091955,-0.330757,-0.067098,-0.323282,0.022161,0.044313,-0.235917,0.107109,-0.248375,-0.354805,0.14821,-0.147605,-0.064245,-0.323367,-0.089147,0.065623,-0.280829,0.010559,-0.006561,-0.341273,-0.290337,-0.097489,-0.074379,-0.172875,-0.195429,0.033544,-0.377291,0.142202,0.368877,-0.325506,-0.105523,0.130781,-0.067617,-0.258821,-0.229471,0.429837,-0.352723,-0.177876,-0.482523,-0.038139,-0.202364,-0.347684,-0.126738,0.049376,-0.194575,-0.331141,-0.237445,-0.149901,0.180964,-0.336183,-0.192644,-0.451554,-0.41396,0.225877,-0.219405,0.137185,-0.45156,-0.048988,0.061983,-0.194891,-0.381858,-0.438343,-0.046293,0.047468,0.085572,-0.417751,-0.237786,-0.313148,0.023705,-0.15504,-0.319306,0.029557,-0.201845,0.444454,0.280671,-0.098648,-0.26101,-0.01613,0.018719,0.022189,-0.130394,0.23989,0.228847,-0.266987,-0.113085,-0.198485,-0.077369,-0.341072,0.139655,-0.219915,-0.24961,0.187561,-0.121852,-0.139684,0.045695,0.531951,-0.38614,0.303709,-0.019176,-0.445495,-0.136277,0.311701,0.202628,0.193755,-0.047812,-0.353234,0.235894,-0.191727,-0.023462,0.155468,0.260382,-0.294198,-0.146329,0.227125,-0.301081,0.241403,0.240384,#
14,0.036227,0.309397,-0.119927,-0.241843,-0.079046,0.114633,0.058874,0.079545,0.100145,0.383279,-0.217117,-0.034905,0.144046,0.264256,1.0,-0.019572,-0.094927,0.133804,0.334385,-0.016715,-0.005601,0.227389,0.19961,0.046466,-0.161498,-0.078437,0.044996,0.047856,0.068448,0.034637,-0.115961,0.094938,-0.058804,0.032962,-0.119673,-0.052191,-0.08719,-0.092167,-0.036318,-0.177391,0.08986,0.301369,0.098671,0.183336,0.395527,-0.211046,0.060836,0.108761,0.134453,-0.069536,0.193799,-0.079442,-0.110527,-0.111871,0.203577,0.172659,0.036766,-0.273312,0.009578,-0.078565,0.384749,-0.099313,-0.280571,0.214568,0.185643,0.102269,-0.185669,0.074889,0.070711,0.072484,0.079434,0.020222,0.155359,-0.20951,-0.116893,0.005697,-0.108601,-0.096686,-0.055437,-0.030249,0.074213,-0.407408,-0.177061,-0.026859,-0.191757,0.242036,-0.011591,-0.099536,-0.190468,-0.2562,0.026247,-0.049221,0.017722,0.272717,-0.174157,-0.097913,-0.255521,-0.095047,0.040337,-0.068731,0.023669,-0.064129,-0.14978,-0.293246,-0.223544,-0.31147,-0.32527,0.000892,-0.239925,-0.195232,0.086173,0.179063,-0.093683,-0.145945,-0.093627,-0.190744,-0.250401,-0.10675,0.386131,-0.376596,-0.099428,-0.259387,-0.197874,-0.104121,-0.209252,-0.31764,-0.035502,0.197676,-0.165482,-0.03993,-0.01522,0.072592,-0.249481,-0.096575,-0.192792,-0.242718,-0.021184,-0.011646,0.03554,-0.325203,-0.18753,-0.237971,-0.228689,-0.103869,-0.255099,0.008531,-0.165562,0.024152,-0.334599,-0.082904,-0.347447,-0.403121,-0.003513,-0.227166,-0.108032,-0.218955,0.201521,0.1634,-0.190918,-0.037661,0.160545,-0.050997,0.138893,0.097951,-0.027815,0.43101,-0.067343,-0.048309,-0.23464,-0.137348,0.041056,0.027034,-0.241527,0.121877,0.171971,-0.160714,-0.300115,0.149975,0.44281,-0.238962,0.331733,0.037678,-0.134421,0.122668,0.22084,-0.096347,0.224102,-0.171648,-0.118468,0.005742,-0.085044,0.005075,0.336474,0.1944,-0.026084,0.024399,0.108006,-0.135332,0.164823,0.080876,#
15,0.049395,0.117494,-0.07089,-0.095945,-0.132544,0.143602,0.154416,0.132175,-0.082863,0.179022,0.028316,-0.069465,0.046012,0.147912,-0.019572,1.0,-0.031498,0.299327,0.066229,0.116201,-0.005429,-0.05899,0.30519,-0.051346,0.033835,-0.037154,-0.077577,-0.025105,0.155251,0.121988,0.117595,-0.112808,0.250551,-0.080456,-0.033822,-0.005675,0.244947,-0.038403,0.200798,0.113219,0.037274,-0.030253,0.086556,0.02874,0.081933,-0.011055,0.042855,0.070345,0.052097,0.159115,0.182548,0.12072,-0.036148,-0.011708,0.217067,-0.041377,-0.063714,-0.140781,-0.174683,0.04122,0.075417,0.11715,-0.129125,0.095371,-0.097526,0.197172,-0.191782,0.228854,-0.288158,0.083791,-0.071739,0.214192,-0.05931,-0.076596,-0.059353,0.112135,0.031488,-0.129563,0.061591,0.126484,0.137629,-0.090438,-0.081799,0.264856,0.011872,-0.185374,-0.217078,-0.178802,0.041125,-0.001522,-0.010528,0.148073,-0.113828,0.185101,0.092921,-0.095207,-0.148216,-0.199703,0.00583,-0.007305,-0.137612,-0.107178,-0.223897,0.035196,0.060481,-0.11791,-0.081583,0.165935,-0.089214,0.10143,-0.132039,0.087839,-0.10487,-0.112789,0.131864,0.141857,-0.020408,-0.293583,0.109092,-0.111192,-0.198971,0.026942,-0.198649,-0.165638,-0.210502,0.015551,-0.052054,0.152979,-0.277572,-0.184673,-0.051621,0.005663,-0.098817,0.020792,-0.214232,-0.059273,-0.033939,-0.092985,-0.068561,-0.276204,-0.031207,0.166455,-0.156993,-0.066289,-0.047824,-0.009265,0.166685,0.235844,-0.094346,-0.224288,-0.031044,-0.094402,0.002428,-0.014455,0.073264,-0.189748,-0.047998,0.254109,-0.236983,-0.089408,0.203849,-0.020296,-0.087129,-0.028597,-0.012321,0.030162,-0.165688,0.052022,0.068593,-0.05832,0.185822,-0.130982,-0.017593,-0.36249,0.003465,-0.099062,-0.049265,0.132269,0.154837,-0.262187,0.154122,-0.097228,-0.2296,0.163017,0.313052,-0.165002,0.220681,1.8e-05,-0.265663,0.069777,-0.059133,-0.066731,0.073404,0.137889,-0.099068,-0.160752,0.007308,-0.151678,0.152413,0.139052,#
16,0.01723,0.041995,-0.281159,0.098454,0.132922,0.263397,0.112163,-0.014847,-0.239061,-0.27039,-0.021738,0.135504,0.02907,-0.2341,-0.094927,-0.031498,1.0,-0.118394,0.026671,-0.002101,0.027725,-0.163458,-0.086506,-0.36657,-0.454657,-0.141786,-0.158495,-0.113981,0.097333,-0.226397,-0.18819,0.075341,0.153011,0.158791,0.00507,0.140602,-0.121243,-0.14144,-0.287337,0.265089,-0.073206,-0.117262,0.042708,0.095729,-0.209766,0.154471,-0.118043,-0.16301,0.089518,0.239062,0.094328,0.082367,0.066302,-0.013157,0.101445,0.049144,0.220818,0.111807,0.22909,-0.144542,-0.147496,0.150509,0.339015,-0.157701,-0.069885,0.146058,-0.150511,0.04456,0.008443,-0.238344,-0.160715,-0.274605,-0.109921,-0.122351,-0.033213,0.118559,0.01948,-0.018489,0.000309,0.076449,-0.056542,0.156753,0.214258,-0.262939,0.057461,-0.095996,0.04077,0.037571,-0.108972,-0.130095,-0.153217,0.134567,-0.036241,-0.092466,0.10891,-0.151524,-0.003873,-0.144444,-0.199572,0.14143,0.088343,0.002227,0.10569,0.074181,0.079244,0.018588,0.178911,-0.129652,-0.073295,-0.002008,-0.252202,-0.133641,0.107375,0.044766,-0.179001,-0.08855,-0.013271,0.198508,-0.31703,-0.092555,-0.001289,-0.052238,-0.04223,-0.240563,0.079417,-0.163592,-0.272351,-0.248397,0.108,0.004329,-0.189241,-0.211866,0.061076,0.116277,0.090593,0.025323,0.205938,-0.276098,-0.047848,0.064435,-0.146763,-0.059821,-0.059256,0.407709,0.177525,-0.133298,-0.032487,-0.002411,-0.052645,-0.128329,0.154304,-0.11544,0.052881,0.152075,-0.126749,-0.093142,-0.228439,0.080898,-0.148133,0.219966,-0.095386,-0.135154,-0.049736,-0.066393,-0.170065,0.129805,0.213936,-0.124516,0.005711,-0.083066,-0.047154,0.114869,-0.211232,-0.050828,-0.023007,-0.183329,-0.064448,-0.015414,-0.156559,0.083333,-0.388395,-0.031798,0.537034,0.100873,-0.004976,-0.197091,0.042969,0.101382,0.229547,-0.293934,0.116783,0.242911,-0.015953,-0.247707,0.07285,-0.00192,-0.047586,0.041102,-0.409761,-0.112482,#
17,-0.421524,0.143325,0.268438,0.135743,-0.24926,-0.027955,0.037567,0.180859,0.273655,0.255451,-0.387527,0.06158,-0.042315,0.186301,0.133804,0.299327,-0.118394,1.0,-0.05863,0.367601,-0.144307,0.036162,0.078594,0.067406,0.199756,0.21832,0.084174,0.098946,-0.098216,0.109832,0.034002,-0.085218,0.007579,0.005873,-0.174128,0.024438,0.075862,-0.100876,0.093078,-0.231377,0.099007,0.072229,0.132937,0.076132,0.053718,-0.233803,0.09794,0.30041,0.053575,0.030154,-0.113683,-0.042755,0.053668,0.019351,-0.019568,0.023922,0.028086,-0.334862,-0.152198,-0.126578,-0.102211,-0.080775,-0.088542,0.059284,0.025525,0.098313,-0.051999,0.166133,-0.224794,0.335763,0.224708,0.259818,0.025536,-0.126106,0.107196,-0.043215,0.143771,-0.144502,0.17268,-0.02632,0.171611,-0.106255,-0.223708,0.253105,-0.116747,-0.005831,-0.085412,-0.171638,-0.033429,0.12209,0.048125,0.023925,-0.135419,0.454058,-0.071891,0.021953,0.264832,0.096595,0.127323,0.055335,-0.16358,0.184921,-0.115451,0.292677,-0.113453,0.11013,-0.068626,-0.059357,-0.038719,-0.156245,0.173948,0.0941,0.085247,-0.06885,0.054862,0.014132,0.180359,-0.169521,0.469759,-0.361503,0.103256,-0.30843,-0.154136,0.034032,-0.028696,-0.044282,-0.119147,0.004892,-0.124052,0.072662,0.100158,0.238747,-0.069405,-0.085555,-0.009319,-0.042203,0.034776,-0.045387,0.036718,-0.081142,0.045954,-0.097115,-0.15294,-0.371029,-0.206029,0.084547,0.078734,0.141614,0.123612,-0.026057,-0.243805,-0.032833,0.15701,-0.06098,-0.064744,-0.074486,0.049344,0.484125,0.064774,0.031029,0.164579,0.204384,-0.156355,0.201991,0.145356,0.219907,-0.026858,-0.184583,-0.1575,0.177579,-0.163524,-0.161273,-0.003709,-0.101193,0.001703,0.091747,-0.111155,-0.056131,0.21692,-0.24199,0.307726,-0.126419,-0.371818,-0.21078,0.036669,-0.012547,0.165612,0.261911,-0.340536,-0.173624,0.018914,-0.356677,-0.07701,0.210145,-0.263126,-0.177493,-0.038726,0.073783,0.281754,0.182826,#
18,0.291269,0.195276,-0.030272,-0.157376,0.174077,0.086276,0.163633,0.083607,0.052637,0.216652,0.083397,0.057439,0.200882,0.263171,0.334385,0.066229,0.026671,-0.05863,1.0,-0.147523,0.11071,0.110111,0.090939,-0.006859,-0.028769,0.021791,0.013055,0.249593,-0.012664,0.226207,-0.261395,0.082094,0.045337,0.034492,0.006938,0.102883,0.037538,-0.029433,-0.114403,-0.029664,0.172558,0.223324,0.013233,0.235016,0.152075,-0.000545,0.082529,-0.151005,0.0126,0.021576,-0.035452,0.082643,0.178027,-0.028447,0.253222,0.126383,-0.059827,-0.13118,-0.109886,-0.109017,0.055721,-0.273511,-0.132513,0.32393,-0.040509,0.118046,-0.118245,-0.060773,-0.150134,-0.305575,0.022787,0.039759,-0.147031,-0.033961,-0.03652,0.074911,-0.041909,-0.070113,0.076533,-0.032083,0.110036,-0.180011,-0.205264,-0.173683,-0.029245,-0.065961,-0.114812,0.057438,-0.034795,-0.122194,-0.128833,-0.209931,0.04619,-0.16623,0.080137,-0.050772,-0.106314,-0.278294,0.022596,-0.158556,0.095436,0.143763,0.017753,-0.388503,-0.155345,0.02013,-0.222871,-0.035095,0.039946,-0.017292,-0.053819,0.247933,-0.129525,-0.111056,-0.0357,0.145504,-0.088251,0.016523,-0.029989,-0.049133,-0.181064,-0.063095,-0.191053,-0.243396,-0.275701,-0.095347,0.156468,0.000688,-0.089148,-0.096845,-0.100246,-0.172109,-0.170127,0.106061,-0.075204,-0.040335,0.065174,0.014466,0.012676,-0.151885,-0.257284,0.035729,-0.188786,-0.040672,-0.074707,-0.139619,-0.217147,0.032395,-0.369433,-0.283449,-0.210112,-0.093047,-0.20344,-0.257504,0.187453,-0.157497,0.175629,0.06133,-0.310323,-0.199318,-0.099833,0.066856,-0.009322,-0.183516,0.195147,-0.051734,0.01803,0.16307,-0.036327,-0.078069,0.012735,0.334202,-0.026959,0.11522,0.177645,0.00262,0.028554,0.054365,0.30727,-0.119013,-0.039563,0.223917,0.130484,0.251815,0.338274,0.059617,0.39307,0.017935,0.072222,0.212551,-0.028652,0.080485,0.363619,0.016357,-0.2638,0.076664,0.448353,-0.169629,-0.129313,0.092279,#
19,-0.225586,-0.015021,0.108375,0.037785,-0.212661,-0.081116,-0.21097,0.016122,-0.051951,0.056793,-0.197751,-0.176581,-0.005706,0.072599,-0.016715,0.116201,-0.002101,0.367601,-0.147523,1.0,0.272415,0.198534,0.032369,0.090896,-0.210864,-0.177204,0.051158,-0.216167,-0.033918,-0.104844,0.257646,0.336902,0.33423,0.296804,-0.111103,-0.324213,0.199076,0.112412,-0.319252,-0.077992,0.279474,0.091404,0.007971,-0.024793,-0.041867,-0.376338,0.258337,0.262229,0.246339,-0.243484,-0.178297,-0.158858,0.418909,-0.182943,-0.28625,0.104751,0.067629,-0.315744,0.30591,-0.146408,0.003259,-0.041121,-0.161468,-0.231426,0.04759,-0.008779,-0.09888,-0.057468,-0.14984,0.3362,0.001627,0.273879,0.14893,-0.032116,0.125356,-0.438014,0.256685,0.106927,0.577452,0.279699,0.408974,0.210316,0.088862,-0.031927,0.250526,0.30611,0.140236,-0.208039,0.274377,0.069002,0.196463,0.336655,0.111103,0.223007,0.133709,0.354476,0.215263,0.316402,0.232994,0.144486,-0.536712,0.181209,0.159662,0.282832,0.441649,0.31282,-0.030386,-0.250903,0.242928,-0.237791,0.324377,-0.180665,0.121543,0.383752,0.180178,0.107987,0.004828,0.006974,0.196596,-0.240411,0.243562,-0.086812,-0.136558,0.05004,-0.010944,0.376366,-0.042265,0.022093,0.290793,0.416463,0.436109,0.188953,0.32742,-0.096104,0.297276,0.186673,0.118453,0.017871,0.117993,0.207855,0.14351,0.069476,-0.057297,-0.249693,0.082054,0.308552,0.343862,-0.382593,0.250705,0.208946,0.09605,0.186109,0.441999,0.204345,-0.082762,0.178603,0.391298,-0.042402,0.087568,0.035133,0.22342,0.293059,-0.028043,0.102353,0.039983,0.058706,0.371536,-0.203116,0.122108,0.27158,-0.549709,-0.257812,0.00222,0.096872,-0.339383,0.193315,0.16902,-0.47378,0.052241,0.090529,0.022096,-0.022891,-0.320602,-0.167513,-0.405018,0.003049,0.349221,0.296382,-0.145134,-0.215313,0.087392,-0.482575,-0.452038,-0.072451,-0.11407,-0.20281,-0.314349,0.223515,0.415367,-0.032916,#
20,0.235718,0.117631,-0.003024,0.03371,-0.260001,0.087416,-0.133661,0.07067,-0.356603,-0.14821,-0.095393,0.078857,0.001175,0.197246,-0.005601,-0.005429,0.027725,-0.144307,0.11071,0.272415,1.0,-0.028883,-0.239612,-0.147591,-0.047948,-0.142701,-0.013023,-0.178372,-0.058367,0.029594,0.254944,0.247276,0.14163,0.353104,-0.302674,-0.275311,0.108619,0.058125,-0.039495,-0.166566,0.30055,0.371685,-0.250004,0.202657,0.076361,-0.292858,0.126055,-0.158785,0.021268,-0.215162,-0.185856,-0.005481,0.365639,0.020091,-0.095072,-0.05004,-0.127044,-0.054057,-0.240688,0.030183,0.049064,0.140605,0.159963,-0.006987,0.074116,-0.056827,-0.325017,-0.044584,-0.114269,-0.127017,-0.062116,0.220314,-0.05788,0.156047,-0.245434,-0.381093,-0.068145,0.261491,0.133299,0.259713,0.198819,0.037675,0.350971,-0.049747,0.020009,-0.109837,0.047067,0.25421,0.259522,0.011761,0.040213,0.005172,0.13872,-0.029672,0.155577,0.184979,-0.130384,0.139316,0.11349,0.000112,0.104492,0.140348,-0.085745,-0.027646,0.113077,0.053884,0.124112,0.058997,0.062292,-0.018246,0.054315,0.084051,-0.267842,0.325757,0.307071,0.280795,-0.048973,0.104639,0.017702,-0.021214,0.020392,-0.02912,-0.213426,0.192915,-0.095595,-0.071913,-0.141694,-0.238081,-0.219569,0.18535,0.101981,0.014567,0.208144,0.067872,-0.071624,0.071812,0.208916,0.081401,0.17058,-0.04595,-0.010602,0.078125,0.223403,0.063679,0.028508,-0.028196,0.220342,-0.40679,-0.04289,0.150377,0.050607,0.137538,0.105947,0.149507,0.07416,0.165559,0.343199,-0.244717,-0.022071,-0.01969,0.012428,-0.021285,0.15849,-0.205802,-0.217345,-0.123029,0.307631,0.030712,0.307245,-0.193505,-0.178789,0.054955,0.049645,-0.05067,-0.273779,0.069616,-0.005108,-0.368902,-0.077768,0.2583,-0.214328,-0.023332,-0.103005,-0.080915,-0.155964,0.299904,0.110786,-0.122756,0.095881,0.090343,-0.102623,-0.145457,-0.239128,-0.200902,-0.166504,-0.137318,0.228475,-0.170548,0.000518,-0.141785,#
