0,1.0,0.328966,-0.157552,-0.15086,0.371784,0.242267,-0.004262,0.165472,-0.154057,0.185101,-0.011937,0.016984,0.419301,0.211857,0.11647,-0.076321,0.22559,0.118678,0.001489,-0.115356,0.050396,0.329723,0.179201,-0.024274,-0.247209,-0.157296,0.04478,-0.210183,0.217512,0.171401,0.042761,0.077933,0.180842,-0.122216,-0.06496,0.061719,-0.091188,-0.127518,-0.078118,-0.103194,-0.09939,0.031423,-0.032518,0.241716,-0.128287,-0.240367,0.140012,0.139086,-0.186491,-0.272712,-0.033245,-0.258303,-0.008012,-0.170028,0.179826,-0.049302,-0.108379,0.081211,0.252399,0.200569,0.340077,-0.040556,-0.311381,0.002172,0.121811,0.279448,-0.012662,0.266409,0.162941,-0.239182,-0.128215,0.015601,-0.365811,-0.185742,-0.444821,0.361265,-0.051481,-0.215306,-0.321614,-0.227766,-0.147161,-0.189578,-0.099715,-0.032577,-0.149648,-0.157211,-0.105776,-0.068224,-0.123043,-0.397262,-0.321047,-0.462043,-0.262764,-0.008754,-0.022821,-0.133724,0.006636,-0.301324,-0.127565,-0.066364,0.104962,-0.292668,-0.183462,-0.114632,-0.059557,-0.181885,-0.261713,-0.129027,-0.404786,-0.09719,0.103809,0.118358,-0.195936,-0.16393,-0.227111,0.120664,-0.405014,-0.436994,0.049026,-0.215935,-0.367734,-0.207652,-0.108502,-0.240801,0.013278,0.056349,-0.091527,-0.096059,-0.018481,-0.063675,-0.340928,-0.152725,-0.155123,-0.008932,-0.388569,-0.151102,0.112672,-0.41774,0.117236,-0.301008,-0.173976,-0.123303,-0.299335,-0.001646,-0.154961,-0.166656,-0.102412,0.208185,-0.376849,-0.503899,-0.09307,-0.340572,-0.201524,-0.115028,-0.125575,-0.235896,0.294603,0.377024,-0.291924,-0.397363,-0.158437,-0.236418,-0.112653,-0.265965,-0.188416,0.306491,-0.28602,-0.200463,-0.115455,-0.143673,0.191205,0.156976,-0.367471,-0.186638,0.235164,-0.495966,-0.212261,0.132236,0.189995,-0.098337,0.079161,-0.094124,0.052659,0.179345,0.37557,-0.248159,0.29362,-0.005052,-0.081208,0.377132,0.1103,0.242944,0.335304,0.057159,-0.154698,0.25094,0.075063,-0.350829,-0.108141,0.320774,#
1,0.328966,1.0,0.276682,-0.169941,0.115728,0.062973,0.304085,0.160153,0.290092,0.242134,-0.276547,-0.214042,0.385562,0.300058,0.366744,-0.336553,0.06025,0.465087,0.133991,-0.118266,-0.073461,0.119367,0.353603,-0.001981,-0.225332,-0.325976,0.208604,-0.023019,0.159523,0.306448,-0.406603,-0.036909,0.227852,-0.149867,-0.085209,0.278853,0.048811,-0.239514,-0.008615,-0.035424,-0.227882,0.11957,0.010565,0.19532,0.211936,-0.439483,0.21209,0.096208,0.047714,0.152304,0.014676,-0.347923,0.012175,-0.075926,0.037568,-0.338902,-0.174974,-0.248101,-0.138396,-0.044436,0.134813,0.138842,-0.367534,0.054446,0.127237,0.318838,-0.058138,0.377426,0.305691,-0.056644,-0.101821,-0.031967,-0.210472,-0.533949,-0.354047,0.460641,-0.249721,-0.489152,-0.24617,-0.397392,-0.160767,-0.448956,-0.439665,0.076806,-0.335329,-0.072899,-0.288564,-0.286151,-0.284696,-0.296061,-0.305192,-0.227121,-0.57916,-0.017038,-0.320118,-0.224007,0.222892,-0.243564,0.016351,-0.167259,0.025921,-0.269751,-0.361599,-0.186122,-0.403626,-0.246499,-0.440304,-0.067346,-0.64769,-0.245706,0.245814,0.378297,-0.254787,-0.398203,-0.103222,-0.118773,-0.379384,-0.638867,0.04003,-0.582723,-0.366446,-0.40469,-0.487529,-0.306931,-0.067012,-0.156138,-0.236318,0.044377,-0.15794,-0.140438,-0.190995,-0.36368,-0.355071,0.020823,-0.252957,-0.310458,0.217074,-0.229168,0.096596,-0.327773,-0.307619,-0.025782,-0.56541,-0.257042,-0.107553,-0.189479,-0.271447,0.472424,-0.162768,-0.306312,-0.316054,-0.53682,-0.046297,-0.279515,-0.403946,-0.31715,0.340489,0.54168,-0.346518,-0.151425,0.057955,-0.092056,0.210597,0.063462,-0.244991,0.40362,-0.258292,-0.063396,-0.25581,-0.003786,0.051873,-0.029308,-0.198551,-0.342611,0.321589,-0.183727,-0.295751,0.428731,0.509391,-0.54177,0.260864,0.092307,-0.214321,-0.007533,0.279844,-0.10554,0.270968,-0.076164,-0.368181,0.55646,0.127449,0.426163,0.334237,0.391865,-0.26087,0.157154,0.109092,-0.306252,0.071421,0.124999,#
2,-0.157552,0.276682,1.0,0.273988,-0.007054,-0.092069,0.077892,-0.030806,0.13238,-0.113939,-0.014008,-0.051877,-0.201659,-0.084067,-0.060227,-0.149369,-0.053049,0.176232,-0.052536,0.146601,-0.147366,-0.086756,0.178177,-0.101544,-0.025609,-0.143299,0.326615,0.137247,-0.073283,0.044263,0.021511,0.24361,-0.111452,-0.005477,0.150263,0.162226,0.378415,-0.127509,-0.060209,-0.029351,-0.031469,0.166128,-0.031578,0.128445,0.02501,-0.306726,-0.075933,0.268935,0.264219,-0.049559,-0.209319,0.152032,0.232755,-0.080955,-0.178342,-0.082009,-0.217481,-0.237583,-0.375175,-0.148408,-0.236574,-0.317369,0.050905,0.093957,-0.045895,-0.061456,0.060979,0.03351,0.042912,0.392044,0.315236,0.254909,0.02804,-0.1314,0.086145,0.047161,-0.092444,-0.339306,0.094892,-0.137444,0.160073,-0.04546,-0.028412,0.225811,0.005498,0.276768,-0.065028,-0.019247,0.011615,0.023561,0.027232,0.050668,-0.112855,0.012005,-0.035809,0.076891,0.252221,-0.039435,0.132259,-0.143611,-0.185707,0.082872,0.031936,-0.030261,0.018033,-0.09364,-0.046536,0.13445,-0.290027,0.186057,0.372861,-0.005453,-0.051728,0.091118,0.441554,-0.188821,-0.080131,-0.256273,0.040387,-0.117419,0.001565,-0.134738,-0.111829,-0.011002,-0.06557,-0.219644,-0.154554,0.18933,0.01257,-0.077394,0.454724,-0.231322,-0.155923,-0.066891,0.126956,0.108566,0.133797,0.286246,0.236809,0.03539,0.03551,0.260354,-0.080573,-0.281946,-0.073308,0.324975,-0.106751,-0.003326,0.212207,0.040732,-0.085502,-0.173402,0.148752,-0.0873,-0.120698,-0.127075,-0.061665,0.158705,0.079837,0.076397,0.132891,0.102402,0.084533,0.047735,-0.093764,-0.187398,-0.098665,-0.014163,0.153277,0.198108,-0.056797,-0.188982,-0.100128,0.013418,-0.119331,0.171619,-0.006763,0.131806,0.098455,-0.300332,0.148517,-0.219817,-0.263307,0.140991,-0.090877,0.020495,-0.157337,0.033402,-0.121818,0.071188,0.29344,0.046171,0.032464,0.227521,-0.094772,0.084009,0.022866,0.057421,0.179901,-0.140053,#
3,-0.15086,-0.169941,0.273988,1.0,-0.206399,-0.094896,-0.296189,-0.313905,-0.328434,-0.175543,0.113108,-0.019271,-0.263007,-0.141994,-0.27409,-0.061034,-0.015797,-0.064204,-0.079796,0.289062,0.228596,-0.15522,-0.100085,-0.045781,0.19492,0.080296,-0.035876,0.205106,-0.05038,-0.208013,0.463934,0.038454,-0.229633,-0.025806,0.084016,-0.345118,0.166349,0.132076,-0.081384,0.062948,0.090203,0.155468,-0.128,-0.036126,-0.151319,0.251583,-0.071337,-0.067038,0.284263,-0.119225,0.006718,0.492248,0.163394,0.082459,-0.081876,0.006335,0.08683,0.083449,-0.081458,0.175496,-0.233672,-0.092821,0.110415,-0.121037,0.081813,-0.230676,0.139929,0.166207,-0.069426,-0.064894,0.10746,0.188746,0.193321,0.222626,0.126224,-0.349295,0.071981,0.070184,0.219298,0.150119,0.24228,0.518709,0.329546,0.169866,0.203381,-0.061597,0.236082,0.214419,0.107617,0.019309,0.275125,0.196988,0.47615,-0.213079,0.377439,0.166297,-0.068765,-0.08896,-0.000448,0.227069,-0.007964,0.257033,0.26445,0.043075,0.317019,0.320743,0.157139,0.13381,0.267939,0.286471,-0.155307,-0.077416,0.196036,0.351325,0.218065,0.096006,0.268651,0.073255,-0.037039,0.183807,0.141861,0.196807,0.314351,0.06734,-0.032747,0.109613,0.054639,-0.018485,0.202665,0.232811,0.366379,0.063044,0.190501,0.193718,0.276748,0.332239,-0.055581,0.293497,0.308781,0.295157,0.235087,0.203581,0.211096,0.145559,0.353327,0.366138,0.173217,-0.270682,0.28584,0.252423,0.176145,0.212686,0.12747,0.312697,0.12446,0.148521,-0.299881,-0.133628,0.096856,0.267055,-0.204522,0.073146,-0.057607,-0.004286,-0.031956,-0.408986,0.044853,-0.004791,0.229024,0.169764,-0.287785,-0.053102,0.278735,0.054596,-0.444494,0.201133,0.192928,-0.032399,-0.411889,0.184029,-0.310644,-0.190799,-0.110645,-0.070579,-0.147059,0.146465,-0.09446,0.175968,0.385324,-0.293012,0.121351,-0.192086,-0.121998,-0.157758,-0.076686,-0.052722,-0.332912,0.259407,0.090383,-0.240614,#
4,0.371784,0.115728,-0.007054,-0.206399,1.0,-0.038713,0.044852,0.091859,-0.136714,-0.097902,0.096091,0.07973,0.182912,-0.009275,0.266124,0.010487,0.085227,0.105716,0.128834,-0.038583,-0.024296,-0.10645,-0.01162,-0.223812,-0.096695,-0.216276,-0.250277,-0.177011,0.192198,-0.000848,-0.133522,-0.21307,-0.104106,-0.197354,-0.182353,0.116487,-0.177835,-0.217217,-0.133684,0.092365,-0.081846,-0.108713,-0.140044,0.128677,-0.165049,-0.141764,-0.000205,0.211579,-0.07943,-0.112671,0.243344,-0.149906,0.104011,-0.218501,0.108381,-0.002371,-0.395076,0.071237,0.007892,-0.167757,0.026831,0.10488,-0.08548,0.116877,0.06618,0.325946,0.095218,-0.103046,0.050553,0.097474,-0.200221,0.02643,-0.13016,0.037068,-0.202062,0.423629,-0.007403,-0.326208,-0.17182,-0.321812,-0.191007,-0.284367,-0.234601,0.086106,-0.086934,-0.132079,0.032422,-0.234995,-0.156641,-0.121383,-0.046192,-0.344773,-0.083572,-0.220443,-0.169025,-0.016696,0.12376,-0.274546,-0.006981,0.142401,0.132328,-0.259653,-0.220953,-0.168704,-0.242988,-0.092706,-0.12335,-0.063828,-0.177756,-0.105814,0.067243,-0.199015,-0.276086,-0.129945,-0.13287,-0.091552,-0.338794,-0.081914,-0.058506,-0.114846,-0.355455,-0.038177,-0.085728,-0.013182,-0.125349,-0.246112,0.039103,-0.008502,-0.160246,-0.035723,-0.056312,-0.254356,-0.290712,-0.139588,-0.28369,-0.169008,0.195121,-0.2181,-0.173083,-0.0083,-0.118931,-0.163638,-0.048892,-0.076956,-0.036454,-0.018322,-0.131278,0.053013,-0.175206,-0.381345,-0.255456,-0.253698,-0.436997,-0.167812,-0.337245,-0.21042,0.268488,0.313157,-0.108143,-0.297437,-0.167523,-0.147147,-0.027254,-0.035546,-0.212645,0.088227,-0.128053,0.083622,-0.056069,-0.043918,0.143405,0.064776,-0.013563,-0.010485,0.178417,-0.133602,-0.245382,-0.065907,0.275419,0.00186,0.297733,-0.077019,0.268463,0.152077,0.198015,-0.317496,0.208299,-0.113054,-0.222719,0.193479,-0.121035,0.11507,0.174628,-0.00154,0.097521,-0.133262,0.269271,-0.161581,-0.293489,0.216475,#
5,0.242267,0.062973,-0.092069,-0.094896,-0.038713,1.0,0.10294,0.258026,-0.008134,-0.026676,0.277006,0.087842,0.093749,-0.113587,-0.100724,-0.044355,0.294272,0.034437,-0.294608,0.197219,-0.014727,0.405292,0.153553,-0.086547,-0.065961,-0.348493,0.08896,-0.160295,-0.114905,-0.390767,-0.056848,0.227057,0.062278,-0.035399,-0.062431,-0.085564,-0.137422,-0.087365,-0.108937,-0.334645,-0.05517,0.297525,0.177956,0.114567,0.248394,-0.12543,0.090542,0.248759,0.05279,-0.181281,-0.097315,0.001471,0.125205,-0.113904,-0.07353,-0.036342,0.191029,-0.245602,0.255857,-0.120621,0.139264,-0.12417,-0.16483,-0.002508,0.030368,0.073407,-0.274479,0.031168,0.16098,0.044677,0.074316,0.338603,-0.089554,-0.050668,-0.281513,0.20906,-0.201251,-0.025101,-0.245551,-0.073787,0.383832,-0.21249,0.001285,-0.386422,0.063231,0.213792,-0.057563,-0.155706,0.01569,-0.366844,-0.12284,-0.036554,-0.159414,0.036004,0.04932,-0.032355,0.096321,0.058744,-0.033572,-0.026698,-0.063792,-0.070823,0.183043,-0.062187,0.078184,-0.159492,-0.02898,-0.214748,-0.334695,-0.226369,0.160166,0.061605,-0.050405,-0.197859,-0.06551,-0.223153,-0.492579,0.131899,-0.053263,-0.086288,-0.038942,-0.248904,0.290459,-0.318434,0.041739,0.234036,-0.097658,0.05192,0.203257,0.272942,-0.079972,0.027159,0.092802,-0.19366,-0.04437,0.009659,-0.102474,-0.29545,0.047892,-0.301793,-0.189587,-0.166655,-0.273007,0.021359,0.089486,0.15337,-0.202556,-0.037866,-0.036939,-0.12591,-0.005725,0.022895,-0.113176,0.098457,0.053489,-0.018833,-0.01129,0.0347,-0.064987,-0.050963,0.11704,-0.087916,-0.050836,0.196674,-0.056293,0.265659,0.168591,-0.076241,-0.094304,-0.099101,0.134621,0.002058,-0.342355,0.216598,-0.050676,-0.190058,-0.071074,0.162525,-0.035709,0.015717,0.055413,0.015991,0.030884,-0.013326,-0.105002,-0.020879,0.091147,0.133873,-0.119764,-0.14406,0.139691,-0.088179,0.100016,-0.213841,-0.005953,0.166368,-0.023712,-0.010999,-0.050866,0.087898,#
6,-0.004262,0.304085,0.077892,-0.296189,0.044852,0.10294,1.0,0.253784,0.507309,0.233423,0.004514,-0.119198,0.347787,-0.148167,0.309382,-0.146896,-0.014788,0.044428,0.058293,-0.072099,-0.223146,0.121091,-0.007007,-0.013606,-0.107739,-0.255134,0.190108,-0.149362,0.24072,0.074495,-0.491215,-0.160319,0.138929,0.052655,-0.086169,0.264298,-0.128412,-0.051798,0.081901,0.031555,-0.055673,0.219447,-0.147562,-0.195647,-0.02426,-0.218143,0.166944,0.160599,0.105636,0.070019,-0.18938,-0.288358,-0.135672,-0.169227,-0.165904,-0.07416,0.183857,-0.14619,-0.12926,0.140883,0.060431,-0.05771,-0.145856,0.172488,0.298786,0.251525,0.227585,-0.032468,0.349878,-0.013605,0.124791,-0.046799,-0.171669,-0.39939,-0.132032,0.39903,0.088956,-0.193821,-0.019098,-0.086868,-0.146722,-0.328006,-0.335189,-0.208548,-0.136572,0.376974,-0.095573,-0.039021,-0.195173,-0.293856,-0.321436,-0.068287,-0.3351,0.117292,-0.083099,-0.159892,0.192469,0.12076,0.036999,-0.199406,-0.069693,-0.09773,0.077927,0.059597,-0.186079,-0.244687,-0.20772,-0.145897,-0.423651,-0.265077,0.168456,0.164242,-0.163625,-0.377292,-0.067567,-0.149693,-0.18239,-0.189884,-0.211171,-0.169129,-0.115975,-0.187728,-0.312459,-0.299412,-0.081054,0.028236,0.004661,0.477773,-0.146198,-0.069645,-0.211247,-0.576077,-0.427306,0.1591,0.018711,-0.074261,-0.129502,-0.064689,-0.118284,-0.288601,-0.034163,-0.017825,-0.242539,-0.062789,-0.020863,-0.172391,-0.318441,0.589419,0.005455,-0.225556,0.03183,-0.183256,0.057231,-0.326662,-0.321037,-0.039515,0.266234,0.228036,-0.225517,-0.246393,0.343221,0.080177,0.331641,0.146119,0.076572,0.289744,0.075652,0.043132,-0.243101,0.175844,0.307283,-0.03832,-0.186243,-0.086989,0.178132,-0.037838,0.006473,0.183608,0.377566,-0.17334,0.287989,0.163137,0.114082,-0.00219,0.219385,-0.033068,0.239513,0.133516,-0.418952,0.241135,0.135088,0.256114,0.032826,0.19555,-0.02712,0.106086,-0.02025,-0.077728,-0.045926,-0.184662,#
7,0.165472,0.160153,-0.030806,-0.313905,0.091859,0.258026,0.253784,1.0,0.15489,0.009892,0.024955,-0.17224,0.204056,0.110611,-0.002903,0.083905,0.00526,-0.083841,-0.11408,0.065888,0.074086,0.226461,-0.079358,0.304544,-0.027592,-0.090687,0.074391,-0.129159,0.145478,-0.162296,-0.133908,0.002457,0.264286,0.062589,-0.123818,0.056411,-0.050005,-0.185004,0.304112,-0.204054,-0.181348,0.122332,-0.084213,0.077878,-0.202502,-0.131018,0.064742,0.092963,0.105859,-0.107065,-0.278751,-0.092237,0.072292,0.128134,-0.131157,0.059127,0.129413,-0.147416,0.067192,0.107606,0.168579,-0.033636,-0.257039,0.174858,0.01582,0.156067,0.065679,0.100558,0.294239,-0.072093,0.124517,0.100462,-0.276047,-0.05333,-0.059045,0.319064,0.06049,0.077224,-0.097414,-0.011973,-0.029956,-0.061839,0.015732,-0.126304,-0.09213,0.225114,0.11387,0.068852,-0.07566,-0.180391,-0.358155,-0.067087,-0.211788,0.147724,-0.154891,0.070077,0.325179,0.195362,0.197251,-0.200494,0.019031,-0.061811,0.12398,-0.043935,0.130618,-0.05237,-0.116211,-0.080747,-0.352179,-0.449017,0.152057,0.12374,-0.077356,-0.099989,0.074998,0.10349,-0.091525,-0.013143,-0.208411,0.066758,0.013179,-0.254942,0.077959,-0.153494,0.228542,0.015948,-0.099086,0.015114,-0.082662,-0.018194,-0.221907,-0.07338,0.037231,-0.100321,0.093077,-0.006528,0.243151,-0.034787,-0.109692,-0.249212,-0.0202,0.222376,-0.163789,0.09239,-0.044917,-0.097842,-0.228189,0.06755,0.001318,-0.281836,-0.041694,0.119735,-0.156562,0.006479,-0.168451,0.049094,0.350807,-0.085462,-0.036754,0.050633,0.12104,0.220043,-0.099894,-0.052013,0.069855,0.061828,0.20684,-0.342179,-0.284624,0.121808,0.09011,-0.026791,-0.320475,0.012526,0.070649,-0.065057,0.16996,-0.102944,0.045719,-0.015636,0.182002,0.145495,0.170407,0.066697,0.033492,0.173733,0.092224,-0.167644,0.032397,0.132983,0.135906,-0.008677,0.069825,-0.261573,-0.267399,0.127792,0.039332,-0.18896,-0.073674,0.119323,#
8,-0.154057,0.290092,0.13238,-0.328434,-0.136714,-0.008134,0.507309,0.15489,1.0,0.202156,-0.291253,-0.079523,0.329262,0.131824,0.117941,-0.380181,-0.051193,0.304811,0.083006,-0.041707,-0.090277,0.095403,0.117479,0.134613,0.184863,-0.143472,0.311469,0.016446,0.09754,0.199921,-0.334497,-0.012509,0.186711,-0.108487,-0.079943,0.252587,0.134306,-0.176625,-0.063967,-0.001539,0.181106,-0.019171,0.048638,-0.033234,0.202241,-0.345413,0.061019,0.105666,0.05871,0.228441,-0.037929,-0.333415,0.031631,0.035421,-0.406838,-0.035533,0.1331,-0.211279,0.182486,0.050355,-0.060432,-0.145775,-0.081615,0.123939,0.267893,0.275253,0.1917,0.040266,0.129463,0.018032,0.194823,0.043908,-0.171614,-0.20004,0.111444,0.175742,0.103096,-0.055749,0.080847,-0.228163,0.032113,-0.196199,-0.292354,-0.219983,-0.073346,0.262844,-0.181846,0.011882,0.098563,-0.075954,-0.243705,0.147679,-0.437429,0.265641,-0.031431,-0.081787,0.283007,0.147913,0.055965,-0.149087,-0.019655,0.210525,0.085998,0.216894,-0.08699,-0.180631,-0.100617,-0.202424,-0.098084,-0.08981,0.366162,0.279549,0.044356,-0.326469,0.033759,-0.05013,-0.068539,-0.131815,-0.015919,-0.146016,-0.048069,-0.169779,-0.289081,-0.156223,0.035123,0.069108,0.026544,0.172805,-0.128564,-0.137612,-0.17487,-0.230723,-0.167427,-0.010019,0.15267,-0.157523,-0.037724,0.001736,-0.144119,-0.130397,-0.078889,-0.063516,-0.157418,-0.281843,-0.232796,-0.108586,-0.320375,0.312496,0.060594,-0.160113,0.086108,-0.215372,0.11523,-0.301548,-0.129988,0.074197,0.337103,0.278467,0.016952,-0.094725,0.234827,0.138936,0.213153,-0.044415,0.328909,0.264408,0.06218,0.047554,-0.283842,0.050392,-0.197591,0.166719,-0.123717,-0.01855,0.099306,0.103026,-0.056423,0.187206,0.487984,-0.414583,0.14251,0.103683,-0.13683,-0.130544,-0.015102,-0.009779,0.280768,0.06054,-0.344629,0.229458,0.206294,0.021607,0.032388,0.162541,-0.077104,0.227754,0.083088,-0.031725,0.134163,-0.01159,#
9,0.185101,0.242134,-0.113939,-0.175543,-0.097902,-0.026676,0.233423,0.009892,0.202156,1.0,-0.280866,0.149829,0.335692,0.213561,0.146214,-0.020956,-0.134662,0.141469,0.086663,-0.173379,-0.238117,0.18159,0.227816,0.028224,-0.188129,-0.117485,0.299149,-0.033151,0.155572,0.436431,-0.136532,-0.117585,0.055802,-0.084952,-0.109584,0.207246,-0.253649,-0.130546,-0.00725,-0.139924,-0.13074,-0.000284,0.074824,-0.188734,-0.073695,-0.468256,0.18503,0.102233,-0.328641,0.135669,-0.236038,-0.117861,-0.012645,-0.170082,0.024555,-0.247274,0.021167,-0.211606,-0.06431,-0.059011,0.207,-0.15,-0.254265,-0.048536,0.205498,0.159439,-0.091967,0.181376,0.063096,-0.191189,-0.150328,-0.308344,-0.178018,-0.454805,0.012684,0.229052,-0.037078,-0.310273,-0.023119,-0.003779,-0.233804,-0.309936,-0.324473,-0.036574,0.014436,0.005623,-0.273835,-0.18598,-0.100084,-0.066495,-0.167188,-0.129463,-0.28151,0.079672,0.057875,-0.126061,0.02563,0.227998,0.061599,-0.151816,-0.135833,-0.143449,-0.252167,0.067483,-0.201219,0.004763,-0.403077,-0.075564,-0.241183,-0.243944,0.057981,0.260182,0.05001,-0.356762,-0.348461,-0.227894,-0.140158,-0.02362,0.260416,-0.436045,-0.033654,-0.228425,-0.171005,-0.206621,-0.252435,0.152174,-0.074043,-0.120177,-0.033313,-0.223738,-0.142959,-0.041946,-0.329928,0.019329,-0.23088,-0.247889,-0.078775,-0.161942,0.132566,-0.239485,-0.005345,-0.241641,-0.352839,-0.352606,-0.09682,-0.137242,0.061796,0.272074,-0.322365,-0.200375,-0.18691,-0.486341,0.086017,-0.266034,-0.081986,-0.106233,0.184691,0.51171,-0.115935,-0.233013,-0.000564,-0.071874,-0.099474,0.057625,-0.004909,0.205808,-0.300973,-0.088641,-0.18856,0.144817,0.12831,0.157964,-0.052359,-0.01261,0.28404,-0.356339,-0.293172,0.165049,0.198164,-0.102106,0.164701,-0.063458,-0.242327,-0.26239,0.206124,0.027828,0.215865,-0.006189,-0.079275,0.316243,0.096863,0.0604,-0.022926,0.460957,-0.02164,0.076306,-0.125136,-0.21771,0.15845,0.183983,#
10,-0.011937,-0.276547,-0.014008,0.113108,0.096091,0.277006,0.004514,0.024955,-0.291253,-0.280866,1.0,-0.029152,-0.25499,-0.474056,-0.103332,0.13264,0.206619,-0.240836,0.04581,-0.174624,0.032436,0.042826,-0.221933,-0.141334,-0.044219,-0.060457,-0.246861,-0.057713,-0.128776,-0.425738,0.227232,0.018892,-0.227025,0.03622,0.304342,-0.086785,-0.07271,0.120317,-0.082868,-0.032739,-0.10353,-0.001357,-0.020016,0.020416,-0.054482,0.248552,-0.207366,-0.051594,0.205544,-0.278224,-0.057762,0.20608,0.04337,-0.103837,-0.025937,0.037082,-0.077471,0.253213,-0.100824,-0.048062,-0.112594,-0.097225,0.039541,-0.132467,-0.05036,-0.369331,-0.121709,-0.300825,0.071954,0.057365,0.013684,0.050367,0.113896,-0.051077,-0.008135,0.041779,-0.044685,0.180077,-0.049101,-0.213991,0.067222,0.100194,0.050214,-0.171563,0.007109,0.108569,0.208957,-0.049369,-0.122058,-0.072361,-0.168708,-0.207313,0.165406,-0.323313,-0.028781,0.050025,-0.215659,-0.046461,-0.026993,-0.035982,-0.00854,-0.140038,0.240909,-0.174527,0.042867,-0.111167,0.001194,-0.127851,0.008157,0.19618,-0.239636,0.034936,-0.032398,-0.060043,0.027072,-0.071111,0.010036,0.070733,-0.157618,0.261929,0.05203,0.019116,0.109935,0.032178,-0.170615,-0.015013,-0.158068,0.212411,0.005592,0.066909,0.224043,-0.0657,0.148336,0.023986,0.147113,0.284331,-0.119831,0.098902,-0.131297,0.052427,-0.10213,0.175437,0.199043,0.055285,0.070145,0.035127,-0.158055,-0.123354,-0.044846,0.238649,0.012752,0.213936,-0.182482,-0.043067,-0.066456,-0.259815,-0.443963,-0.344604,-0.166308,0.028718,-0.047226,0.114975,0.140635,-0.050022,-0.146289,-0.21059,-0.034577,0.138376,0.319314,0.040671,0.160258,-0.050685,-0.030228,0.072434,-0.201346,0.043169,0.041125,0.0469,-0.394606,0.407996,0.13936,0.023806,0.294629,0.263277,-0.125712,-0.173975,-0.261464,-0.090538,0.345034,-0.194719,-0.264893,-0.066813,0.076296,-0.37638,0.09278,-0.026674,0.130828,0.077424,-0.230653,-0.134532,#
11,0.016984,-0.214042,-0.051877,-0.019271,0.07973,0.087842,-0.119198,-0.17224,-0.079523,0.149829,-0.029152,1.0,-0.135698,-0.001584,-0.077771,0.173961,0.150664,0.02102,-0.284587,-0.067696,-0.239037,0.033557,-0.06247,-0.191797,0.061452,-0.002159,-0.034137,0.003988,-0.072309,-0.114148,-0.022064,-0.046203,0.075003,-0.03736,0.122217,0.264589,-0.292554,-0.163007,-0.144154,0.060704,0.069074,-0.014732,-0.036572,-0.247427,-0.07091,0.035083,-0.300438,0.129271,-0.158544,0.387415,-0.02168,0.080707,-0.097047,-0.03184,0.005406,-0.055613,-0.068245,-0.038391,0.135274,0.091821,0.048363,0.11719,0.072252,-0.502986,0.166014,-0.078431,-0.149008,-0.10334,-0.172038,0.155628,-0.030705,-0.130883,0.082904,0.233684,-0.168696,0.07623,-0.219375,-0.21998,-0.060279,0.039205,0.192874,0.065025,-0.039614,-0.303208,0.099311,-0.067639,-0.091763,0.068308,-0.038613,-0.004545,0.075412,0.024533,0.108024,0.088935,0.023898,0.084193,-0.174957,0.096314,-0.154329,-0.050379,0.149645,0.20783,-0.185468,0.054667,-0.12021,-0.029913,0.080753,0.071191,0.177589,0.167237,-0.121808,-0.076357,-0.063269,-0.097376,-0.032667,-0.187522,-0.050543,0.109428,0.154231,0.165376,0.154705,-0.159513,0.199021,0.199913,-0.040352,-0.04929,-0.081657,-0.113867,0.206893,-0.006848,-0.102335,0.314966,-0.185079,0.001084,0.022026,-0.216123,0.064034,-0.161665,0.115085,0.014842,0.103872,-0.063154,0.003319,3.1e-05,-0.094349,0.129468,0.00857,-0.149625,-0.22989,-0.00942,0.008533,0.047274,-0.079397,0.131332,-0.054814,0.184229,-0.097389,0.190774,-0.084754,-0.020428,-0.014417,-0.34475,-0.014943,0.05016,-0.078131,0.056067,0.021723,0.131913,0.071368,0.011711,0.054396,0.258522,0.099919,0.1041,-0.118995,-0.106715,-0.286213,0.00497,-0.011137,0.09414,-0.089094,-0.035663,-0.036037,0.107869,0.080833,-0.181028,-0.048591,0.20869,-0.064701,-0.194627,-0.251729,0.012247,0.038329,0.124784,-0.058079,-0.169379,0.286722,-0.046589,0.071818,0.20209,#
12,0.419301,0.385562,-0.201659,-0.263007,0.182912,0.093749,0.347787,0.204056,0.329262,0.335692,-0.25499,-0.135698,1.0,0.364131,0.127286,-0.306625,-0.141771,0.248836,0.132137,0.016446,0.005487,0.2797,0.229612,0.015652,-0.150407,-0.283396,0.139294,-0.161334,0.227282,0.287354,-0.149891,-0.083123,0.183472,-0.171338,-0.183494,0.14368,0.064456,-0.05275,-0.042974,-0.315909,0.116459,0.133834,0.193808,0.050712,-0.074575,-0.431611,0.343723,0.236033,-0.106069,-0.065835,-0.09792,-0.093408,0.107473,0.040367,-0.04356,0.044391,0.102655,-0.164926,0.212368,0.124008,0.437083,0.065805,-0.107714,0.070076,0.202602,0.464959,-0.026944,0.2553,0.368362,-0.151055,0.151062,-0.05716,-0.380936,-0.319412,-0.165398,0.391135,0.123525,-0.037692,-0.061628,-0.295733,-0.042101,-0.371825,-0.324609,-0.093047,-0.180957,0.062129,0.027059,0.10481,-0.031157,-0.2884,-0.200912,-0.090055,-0.417958,0.231714,-0.188874,0.023099,0.394316,-0.014341,0.080292,-0.169718,-0.056022,0.027952,0.078868,0.078224,0.015395,-0.067042,-0.185615,-0.257698,-0.376464,-0.269668,0.322665,0.25058,-0.113337,-0.295545,-0.09093,-0.061707,-0.264592,-0.190184,0.102402,-0.413617,-0.131602,-0.315855,-0.136657,-0.303079,0.040942,0.263843,0.085411,0.241214,0.096088,0.116095,-0.360462,-0.0784,-0.270814,-0.051888,-0.274289,-0.096338,-0.214788,-0.301468,0.107173,-0.114328,-0.075938,-0.124575,-0.291553,-0.135694,0.161192,-0.036542,-0.29891,0.330077,-0.007475,-0.51603,-0.017156,-0.356525,0.164524,-0.282105,-0.16556,-0.006594,0.5193,0.415634,-0.014588,-0.408103,0.108994,-0.083727,0.050056,0.157453,0.207191,0.435307,0.074517,-0.057124,-0.415164,0.112491,-0.041533,0.227047,-0.060168,0.052163,0.351164,-0.243832,-0.029122,0.178233,0.483679,-0.155989,0.126736,0.091574,-0.057215,-0.073836,0.251631,-0.016628,0.562576,-0.047178,-0.4254,0.426844,0.300968,0.122478,0.159218,0.158506,0.041928,0.014287,0.067117,-0.056194,0.148574,0.09886,#
13,0.211857,0.300058,-0.084067,-0.141994,-0.009275,-0.113587,-0.148167,0.110611,0.131824,0.213561,-0.474056,-0.001584,0.364131,1.0,0.157982,-0.041149,-0.287244,0.396479,0.073622,-0.017392,-0.046421,0.394573,0.593235,0.368689,-0.105937,0.053829,0.339475,0.093297,0.073535,0.450777,-0.225292,0.040492,0.206471,-0.035953,-0.059854,0.218222,0.0744,-0.246804,0.243622,-0.142747,-0.065153,0.145037,0.312709,0.199785,-0.189542,-0.332611,0.240354,-0.0054,-0.289864,0.014414,0.12621,-0.161594,0.092554,0.185429,-0.095596,-0.022341,-0.090314,0.067632,0.143878,0.060101,0.253107,0.071598,-0.213508,0.081575,0.089275,0.177076,-0.176157,0.415524,0.084749,-0.02923,-0.144842,-0.020885,-0.209881,0.004889,-0.260519,0.118469,-0.056247,-0.228456,-0.247623,0.035501,-0.136796,-0.289193,-0.175,0.150733,-0.011294,-0.131385,-0.137561,0.011937,-0.019435,-0.236519,-0.027307,-0.091011,-0.272996,0.232095,-0.176855,-0.094506,0.040679,-0.005686,-0.098252,-0.10968,0.14791,-0.090784,-0.077603,-0.199404,-0.090099,-0.096379,0.128588,-0.222502,-0.15333,-0.112201,0.173443,0.145122,-0.019472,-0.05886,-0.076473,0.002818,-0.197703,-0.301178,0.107721,-0.240489,-0.179151,-0.354491,-0.05775,-0.262149,-0.020516,0.079159,-0.085501,-0.12255,0.023194,-0.010652,-0.149229,0.144667,-0.341093,-0.187003,-0.431225,-0.219539,0.081771,-0.125285,0.132963,-0.096098,-0.111078,-0.224454,-0.306195,-0.202528,-0.353125,-0.138313,-0.076259,0.081356,-0.286151,-0.324721,-0.233957,-0.308848,-0.032752,-0.233356,-0.103336,0.085305,0.356779,0.268552,0.026524,-0.148859,0.110604,-0.112383,-0.002794,0.097707,0.020904,0.220005,-0.003578,-0.028084,-0.155915,-0.027677,-0.199615,0.073511,-0.201865,-0.32244,0.158244,-0.306865,-0.085207,-0.00938,0.396188,-0.269933,0.101291,-0.174688,-0.26243,-0.042179,0.190608,0.179383,0.196683,-0.314369,-0.223532,0.337494,0.042203,0.108701,0.003333,0.246812,-0.009277,-0.109879,0.261388,-0.229706,0.283485,0.047938,#
14,0.11647,0.366744,-0.060227,-0.27409,0.266124,-0.100724,0.309382,-0.002903,0.117941,0.146214,-0.103332,-0.077771,0.127286,0.157982,1.0,-0.14796,-0.033072,0.113729,0.280343,-0.205741,-0.135552,0.046722,0.104092,0.116735,-0.138528,-0.094694,-0.044406,0.281753,0.235253,0.143234,-0.438607,-0.217851,-0.067563,-0.162936,-0.05155,0.26023,-0.15956,-0.227349,0.190869,0.144026,-0.318979,0.084061,-0.058818,0.140739,0.152463,-0.010309,0.212847,-0.055096,-0.059032,0.11682,0.095085,-0.192796,-0.118102,-0.023973,0.055712,-0.292192,-0.280704,-0.067932,-0.101914,-0.190365,-0.041317,0.241745,-0.307329,0.209446,0.087142,0.085555,-0.06452,0.030067,-0.006277,-0.295343,-0.269317,-0.269493,0.026713,-0.360684,-0.369878,0.286836,0.010175,-0.399526,-0.248517,-0.318977,-0.251183,-0.529331,-0.430814,0.077565,-0.418807,0.008426,-0.290492,-0.211184,-0.270162,-0.224191,-0.069624,-0.323904,-0.09981,-0.02504,-0.400446,-0.375496,-0.293529,-0.080145,-0.334829,-0.092193,0.244345,-0.428652,-0.279902,-0.264282,-0.326749,-0.17305,-0.362337,-0.087256,-0.410068,-0.193902,-0.133061,0.250141,-0.339335,-0.382516,-0.373805,-0.113564,-0.212706,-0.333215,-0.291368,-0.202073,-0.371907,-0.083654,-0.499576,-0.138602,0.033627,-0.406863,-0.137242,0.055705,-0.242576,-0.213387,-0.116919,-0.290579,-0.449674,0.016615,-0.336497,-0.29787,0.084548,-0.147919,-0.033905,-0.155832,-0.389397,-0.247251,-0.314122,-0.181721,-0.199783,-0.236743,-0.193595,0.351787,-0.421734,-0.227779,-0.407483,-0.46695,-0.207227,-0.365463,-0.237396,-0.318953,0.064213,0.318842,-0.450738,-0.06386,0.203627,-0.10977,0.129494,0.026864,-0.150899,0.244187,-0.171652,0.140544,-0.097633,-0.279684,0.387941,0.132954,-0.198889,-0.269831,0.409154,-0.275123,-0.286075,0.255704,0.354782,-0.167445,0.276476,0.088862,0.30602,0.159272,0.36376,-0.339586,-0.048755,-0.077153,-0.194702,0.251273,-0.070133,0.511366,0.258473,0.317851,-0.060292,0.076882,0.028791,-0.204869,-0.115822,0.193326,#
15,-0.076321,-0.336553,-0.149369,-0.061034,0.010487,-0.044355,-0.146896,0.083905,-0.380181,-0.020956,0.13264,0.173961,-0.306625,-0.041149,-0.14796,1.0,-0.077928,-0.351739,-0.050455,-0.102335,-0.130921,0.004154,-0.003302,0.105414,0.033055,0.212884,0.00535,-0.131059,0.117445,-0.174824,-0.072495,-0.042155,-0.09353,0.170187,-0.047447,0.203906,-0.072663,0.105807,0.180055,0.120725,-0.166822,-0.275577,-0.179577,-0.08292,-0.153931,0.271373,-0.141338,-0.011977,-0.323238,0.021374,0.190653,0.113532,-0.08527,0.136321,-0.017362,0.074021,0.09774,0.094793,-0.095548,-0.168905,-0.022824,0.140925,0.251603,-0.204322,-0.118749,-0.297475,-0.310325,-0.025897,-0.094447,-0.01606,-0.040436,-0.257956,0.157795,0.308774,-0.006724,-0.104613,-0.174678,-0.019483,-0.230287,0.269289,-0.140605,0.051982,0.30923,0.072008,0.342456,-0.211979,0.004853,-0.140872,-0.013808,0.072056,0.16262,0.084159,0.160066,-0.04512,-0.000635,0.249356,-0.102051,0.186661,-0.105507,-0.083828,0.16445,0.004289,-0.145575,-0.03788,0.169423,-0.051456,-0.069897,0.225179,0.113783,0.015185,-0.301199,-0.186046,0.188917,0.086387,0.030369,0.057361,0.207133,0.158369,-0.009567,0.245588,0.03213,0.130408,0.231787,-0.038622,-0.070279,0.009873,-0.059521,-0.138445,-0.047815,-0.134799,-0.05946,0.13671,0.056604,0.019006,-0.023906,0.000563,-0.038528,0.074463,-0.123435,-0.009515,0.127037,-0.045229,0.09517,0.255697,-0.100639,-0.129111,0.133196,-0.318374,-0.138977,0.028039,-0.090101,0.133139,-0.218345,0.178681,0.146666,0.169465,-0.189821,-0.175328,-0.051141,0.195325,0.140731,-0.028383,-0.08596,-0.02211,-0.288714,-0.33568,0.143988,-0.001423,0.170742,-0.119845,-0.005473,-0.255315,-0.07526,-0.077981,-0.236531,0.049582,-0.046848,-0.165418,-0.318192,0.253694,0.015703,-0.240645,0.038719,-0.04076,-0.107804,0.127117,-0.195103,-0.140282,0.10612,-0.246421,-0.166012,-0.137959,-0.095442,-0.143196,0.044839,-0.162939,0.080428,-0.046812,0.040841,-0.07301,#
16,0.22559,0.06025,-0.053049,-0.015797,0.085227,0.294272,-0.014788,0.00526,-0.051193,-0.134662,0.206619,0.150664,-0.141771,-0.287244,-0.033072,-0.077928,1.0,-0.082271,0.046538,-0.24889,0.105185,-0.200436,-0.126234,-0.22292,-0.146492,-0.106802,-0.176202,-0.010446,-0.087148,-0.182034,0.093672,0.128583,0.140197,-0.105581,0.1053,0.146201,0.110694,-0.225351,-0.26886,0.014623,-0.064647,-0.136665,-0.063403,0.313553,0.181929,0.108418,-0.16934,-0.009053,0.05584,0.014278,-0.076122,-0.03615,0.135412,-0.199347,0.08497,-0.025943,-0.194471,-0.05872,0.055707,0.12793,-0.045338,0.067512,0.170128,-0.148307,-0.012086,-0.01101,-0.027089,-0.126096,0.05202,-0.128697,-0.27141,0.120992,0.141601,-0.044271,-0.081975,0.167386,-0.223918,-0.050007,-0.190262,-0.108659,-0.052005,0.106586,-0.032322,-0.262966,-0.157559,-0.219762,-0.193771,-0.089911,-0.067222,-0.331541,-0.168119,-0.162089,-0.017689,-0.220971,-0.068203,-0.283893,-0.111752,-0.258548,-0.347258,-0.085751,0.140758,-0.205344,-0.155832,-0.090653,-0.00313,-0.090574,-0.039183,0.051769,-0.074913,0.033294,-0.002683,-0.090103,-0.167567,-0.16099,-0.088327,0.038363,-0.380286,-0.060731,-0.202776,0.089377,-0.195207,0.056049,-0.021218,-0.084338,0.129033,-0.243347,-0.212,-0.16781,-0.198836,-0.121568,-0.085421,-0.019707,0.102855,0.158394,0.000337,-0.105774,0.195653,-0.336121,-0.149366,-0.09384,-0.355637,0.142536,-0.063631,0.088986,0.118236,-0.015408,-0.071434,0.100579,-0.087366,-0.118152,-0.113137,0.258368,-0.071365,0.118806,-0.196871,-0.260843,-0.07287,0.184517,-0.290509,0.095535,-0.094653,-0.012003,0.042401,-0.208621,-0.086724,0.198014,-0.064881,-0.093096,0.057726,-0.19278,0.104109,0.109082,-0.229706,-0.049106,0.045471,-0.202859,-0.240837,0.207698,-0.146545,0.033149,-0.17776,0.184798,0.371793,0.184863,0.045398,-0.029971,0.0881,0.340497,0.271923,-0.037719,-0.068106,0.271599,0.246373,0.027342,-0.113478,0.479228,0.146566,-0.145797,-0.470397,0.08599,#
17,0.118678,0.465087,0.176232,-0.064204,0.105716,0.034437,0.044428,-0.083841,0.304811,0.141469,-0.240836,0.02102,0.248836,0.396479,0.113729,-0.351739,-0.082271,1.0,0.039533,0.213779,0.113123,0.181036,0.254029,-0.045957,0.058796,-0.053334,0.076175,0.105811,0.022746,0.298121,-0.196477,0.02885,0.147226,-0.161765,0.061635,0.06551,-0.064662,-0.174086,-0.0112,-0.001678,0.133924,0.191748,0.006765,-0.015162,-0.092172,-0.324704,0.195298,0.230129,0.130612,-0.049761,0.19211,-0.29196,0.010519,-0.125955,-0.118868,-0.220209,-0.250629,-0.195104,-0.084655,-0.131782,-0.001591,0.253432,-0.066446,0.056188,0.072424,0.343089,0.021811,0.290027,0.121612,0.312391,0.04957,0.129634,-0.382609,-0.102199,0.003925,0.066721,-0.037862,-0.212703,-0.065515,-0.322874,0.092742,-0.218303,-0.241356,-0.089381,-0.037741,0.066578,-0.124515,0.092294,0.094815,0.037866,-0.02786,0.044376,-0.18654,0.275593,-0.199142,0.10527,0.364371,-0.047267,-0.035992,-0.245942,-0.083072,-0.04666,-0.131727,0.175032,-0.24997,-0.061718,-0.169903,-0.264396,-0.2482,-0.000978,0.384209,0.052118,0.038864,-0.128691,0.051765,-0.097424,-0.244647,-0.185993,0.375736,-0.37644,-0.105217,-0.214643,-0.256601,-0.16976,-0.121577,0.06664,0.021895,0.093152,0.038688,0.059948,0.112634,-0.050327,-0.174067,-0.343067,-0.060159,-0.24079,0.1765,-0.178759,0.054452,0.027936,-0.016677,-0.232491,-0.293166,-0.402017,-0.245048,0.054276,-0.027239,0.161484,0.053338,-0.197235,-0.206654,-0.267392,0.302347,-0.247021,-0.27039,-0.082014,0.376084,0.376146,-0.140354,-0.079298,-0.127931,0.076566,0.165135,0.117543,-0.142261,0.409457,0.058972,-0.067616,-0.047068,0.092404,-0.234577,-0.014278,-0.219697,-0.116528,0.065116,-0.091239,0.015981,0.018973,0.459288,-0.42383,0.064255,0.058141,-0.370109,-0.268222,0.017051,-0.153517,0.282297,0.118742,-0.402904,0.182475,0.143856,0.044639,-0.009449,0.232073,-0.187601,-0.023684,-0.057753,-0.021792,0.316445,0.168428,#
18,0.001489,0.133991,-0.052536,-0.079796,0.128834,-0.294608,0.058293,-0.11408,0.083006,0.086663,0.04581,-0.284587,0.132137,0.073622,0.280343,-0.050455,0.046538,0.039533,1.0,-0.29157,0.185961,-0.260407,-0.028213,0.044399,-0.075726,-0.016243,0.089088,0.195654,-0.001038,0.236598,-0.05761,0.008921,0.090449,-0.021454,0.132403,0.085426,0.165222,-0.128675,0.004776,0.050434,-0.050555,-0.081579,0.167547,0.070105,-0.099032,-0.017449,0.062262,-0.081307,0.144913,-0.148912,-0.0463,-0.04181,0.011466,0.03972,0.313347,-0.019808,-0.159252,0.076384,-0.208569,-0.117674,-0.125978,0.055748,0.031106,0.334587,-0.015946,0.012096,-0.073215,0.060737,0.002426,-0.206672,-0.134538,-0.359933,-0.028919,-0.254932,-0.059108,0.137858,-0.129732,0.013535,0.05793,-0.322107,-0.210481,-0.24114,-0.337556,0.077097,-0.269126,-0.037569,-0.080996,0.039942,-0.23904,0.048993,-0.127334,-0.139542,-0.158829,-0.276752,-0.296983,-0.196249,-0.103431,-0.194744,-0.044125,-0.014775,-0.042448,-0.093803,-0.096844,-0.270077,-0.046254,0.004542,-0.194426,0.013077,-0.103712,0.038096,0.060083,0.074388,0.019495,-0.189235,-0.076573,-0.206848,-0.078149,-0.124712,-0.024033,-0.101752,-0.258158,0.094264,-0.301706,-0.161644,-0.006448,-0.215913,-0.112574,0.007308,-0.240815,-0.263642,0.057345,-0.319119,-0.124818,0.138427,-0.054692,-0.234953,0.013749,-0.035759,-0.078335,-0.05165,-0.280082,0.13934,-0.138952,-0.112556,-0.165673,-0.134517,-0.188309,0.180864,-0.240441,-0.252078,-0.31152,-0.218775,0.056287,-0.161527,-0.225944,-0.245713,-0.049414,0.142659,-0.188688,-0.067809,0.009918,0.029406,0.151789,0.061555,-0.092585,-0.099605,-0.126067,0.139612,-0.009808,0.036234,0.153226,-0.074217,0.017794,-0.156653,0.257509,0.115278,-0.011164,0.213485,0.021018,-0.148422,0.018108,-0.006239,0.246511,0.061193,0.201508,-0.017539,-0.028961,-0.070768,-0.013541,0.221243,0.008191,0.208362,0.290054,0.124233,0.046168,-0.012395,0.153079,-0.104072,-0.398863,0.060042,#
19,-0.115356,-0.118266,0.146601,0.289062,-0.038583,0.197219,-0.072099,0.065888,-0.041707,-0.173379,-0.174624,-0.067696,0.016446,-0.017392,-0.205741,-0.102335,-0.24889,0.213779,-0.29157,1.0,0.215729,0.150721,0.010425,-0.075441,0.171578,-0.192269,0.010715,-0.128204,-0.01862,-0.170839,0.136518,0.176016,0.020218,0.080311,-0.167291,-0.366461,0.095597,0.150854,-0.166908,-0.034355,0.269447,0.345063,0.036413,-0.107187,-0.037183,-0.119731,0.330778,0.330762,0.268086,-0.231268,-0.051388,0.08634,0.3097,0.001145,-0.127629,0.242749,0.244293,-0.326044,0.226053,-0.076742,-0.120518,-0.131477,0.203009,-0.01298,0.066933,0.123673,0.196197,0.158908,0.01126,0.106695,0.404128,0.147101,0.004045,0.294741,0.185922,-0.242491,0.318673,0.164959,0.406605,0.244362,0.41125,0.275733,0.313369,0.049771,0.241262,0.12748,0.288938,0.222586,0.499151,0.097093,0.282213,0.251999,0.243604,0.296288,0.24493,0.273306,0.301941,0.265978,0.076407,0.180016,-0.259267,0.346739,0.295262,0.320916,0.392842,0.396489,0.245344,-0.292039,0.159177,-0.110492,0.305483,-0.201107,0.159519,0.444614,0.311263,0.075983,0.070022,0.408365,0.04399,0.004167,0.356177,0.033225,0.255909,0.006537,0.169224,0.34378,0.052481,0.096186,0.159241,0.37249,0.192493,0.27923,0.282805,-0.171449,0.256147,0.077811,0.060548,0.092998,0.105043,0.256387,0.347159,-0.113836,0.055979,-0.016325,0.20428,0.253233,0.111085,-0.314959,0.592928,-0.053017,0.242909,0.110151,0.279769,0.330762,0.170435,0.298951,0.093622,-0.177,0.394362,0.09029,-0.025102,0.027073,-0.169408,0.300174,0.12917,-0.1539,0.482593,-0.056048,-0.125766,0.11854,-0.383764,-0.101116,0.157011,0.373688,-0.233516,0.187095,0.325907,-0.382734,-0.17356,-0.019239,-0.111029,-0.101408,-0.171502,-0.154494,-0.442967,0.121883,0.187026,0.172299,-0.102056,-0.416026,0.296369,-0.456485,-0.243286,-0.238115,0.047793,-0.195562,-0.427024,0.445319,0.294914,-0.098615,#
20,0.050396,-0.073461,-0.147366,0.228596,-0.024296,-0.014727,-0.223146,0.074086,-0.090277,-0.238117,0.032436,-0.239037,0.005487,-0.046421,-0.135552,-0.130921,0.105185,0.113123,0.185961,0.215729,1.0,-0.242095,-0.312369,0.01805,0.154832,0.048308,-0.123562,0.174696,0.046727,-0.02164,0.349053,0.028585,0.152324,0.022865,0.052918,-0.378187,0.146845,0.039554,-0.027039,-0.048244,0.08151,0.014274,-0.004351,0.043417,-0.172719,0.095187,0.273442,-0.05185,0.154843,-0.111742,-0.007662,0.032027,0.104297,0.110266,0.131715,0.210478,-0.031866,0.09384,0.010003,0.017325,-0.028563,0.120181,0.104128,0.031478,-0.089116,0.089456,-0.011902,0.183308,-0.195937,-0.246397,-0.034914,0.056926,-0.013507,0.269372,0.111645,-0.158641,0.154334,0.315614,0.107319,0.027147,-0.033387,0.328154,0.300672,0.028351,-0.050722,-0.078062,0.166033,0.092275,0.375288,0.150555,-0.101689,0.001516,0.075779,-0.03775,0.110822,0.183155,0.145193,0.027256,0.175441,0.130595,-0.185095,0.033458,-0.055684,-0.102446,0.280083,0.156722,0.004886,0.142781,0.077444,0.073616,0.085577,-0.118238,0.030584,0.18263,0.252611,0.22035,0.003306,0.126512,0.070811,0.229093,0.032479,0.323141,-0.013701,0.205334,0.301248,0.180908,-0.257871,-0.213105,0.053679,0.186,0.0884,-0.002142,0.375791,-0.016627,0.021111,0.003817,0.024354,-0.017439,0.05531,0.342696,-0.102165,0.066688,0.23352,-0.006306,0.285838,0.002733,0.211384,-0.25876,0.264911,0.034944,0.064958,0.23151,0.195155,0.376988,-0.025657,0.230824,0.17232,-0.113704,0.176187,0.051547,-0.099081,0.007983,-0.116233,-0.000677,-0.002988,-0.158442,0.218574,-0.112493,0.133128,0.078116,-0.128503,0.033167,0.26491,-0.062105,-0.250939,0.282475,0.197384,-0.133215,-0.180661,0.15256,-0.111795,0.175922,0.09839,-0.061055,-0.021172,0.301055,0.119985,0.3261,0.137619,-0.079145,0.187518,-0.116283,-0.131249,-0.365503,-0.396554,-0.035232,-0.164731,0.134212,0.031497,-0.052759,#
