0,1.0,0.03271,-0.090794,-0.178049,0.158475,0.156084,0.182589,-0.084369,-0.146697,0.105821,0.226958,-0.07237,0.285463,0.227712,-0.006262,0.067752,-0.096141,-0.29796,0.318883,-0.140968,0.235984,0.100791,0.130101,-0.196888,-0.107659,-0.325812,-0.094084,-0.098341,0.283037,0.201563,-0.039967,-0.04477,0.185303,-0.168705,0.248237,0.183152,0.258233,-0.128841,-0.109247,0.018104,0.01068,0.247349,0.034149,0.028987,-0.046344,-0.084311,0.034559,0.079439,-0.004371,-0.090539,0.039637,-0.22596,0.189717,0.083998,0.337752,-0.001361,-0.112771,-0.023796,-0.112667,0.238534,0.339394,0.051044,-0.108497,0.245482,-0.187908,-0.016286,-0.170769,0.340058,-0.169503,-0.17549,-0.00574,0.03597,-0.100577,-0.164866,-0.33674,0.259238,-0.250479,-0.111667,-0.27907,-0.030718,0.067249,-0.273134,-0.18037,-0.167353,-0.183275,-0.056938,-0.238717,0.032504,-0.21243,-0.302105,-0.315487,-0.294588,-0.044959,-0.284404,-0.048519,-0.312205,-0.384941,-0.235264,-0.170435,-0.002996,0.136957,-0.078812,-0.180662,-0.311601,-0.026563,-0.241079,-0.073861,0.151454,-0.193697,0.027053,0.083484,0.199593,-0.409466,-0.224504,0.090724,0.062625,-0.364232,-0.218062,-0.146563,-0.002074,-0.351583,0.043402,-0.051943,-0.230045,-0.133942,-0.105829,-0.145269,0.157695,-0.126694,-0.070832,0.038885,-0.449766,-0.17467,0.118298,-0.20084,-0.147278,-0.045058,0.062476,0.274252,-0.142117,-0.19919,0.201974,-0.085737,-0.056478,-0.20811,-0.01033,-0.210642,0.078826,-0.306262,-0.273266,-0.139219,-0.162217,-0.22003,-0.270791,0.230238,-0.177581,0.128801,0.082068,-0.352237,-0.097509,0.063825,-0.220938,-0.010392,-0.153799,0.047775,-0.120517,-0.092095,0.081646,-0.127211,-0.1814,0.119262,0.097369,-0.188568,0.038402,-0.059905,-0.078549,-0.164748,-0.040862,0.044749,-0.154215,0.045817,0.02389,0.081036,0.448462,0.259907,0.040351,0.209582,-0.029227,0.091384,0.277425,-0.128699,0.164491,0.364261,-0.091213,-0.177915,0.275208,0.146286,-0.216184,-0.159451,0.12213,#
1,0.03271,1.0,0.125589,-0.067572,-0.089682,0.067837,0.306431,0.093015,-0.010239,0.36126,-0.1408,0.037372,0.049797,0.256871,0.198806,0.096214,-0.113942,0.251371,0.199526,0.146292,0.279193,0.060145,0.281484,-0.115321,0.022785,-0.214234,-0.06633,-0.000727,-0.02447,0.175134,-0.151246,0.124092,0.230219,-0.093161,-0.169416,0.147568,0.064015,-0.261261,0.042958,0.141175,0.086109,0.237029,-0.188179,0.007554,0.321402,-0.235802,0.114319,-0.083384,0.209401,0.344935,0.014238,-0.010157,0.186007,-0.0511,-0.06204,-0.114896,-0.013376,-0.334251,-0.249663,-0.231905,0.095153,-0.005822,-0.152306,-0.089422,0.34445,0.194054,-0.164702,0.030517,0.031804,-0.076982,0.054376,0.009077,0.019211,-0.19638,-0.095047,-0.090216,-0.287746,-0.195635,0.086867,0.08284,0.086829,-0.178368,-0.053865,0.054353,-0.147287,-0.125501,-0.192375,-0.239548,0.072218,-0.145979,-0.140425,-0.082132,-0.236362,-0.043595,-0.047057,0.001071,0.056492,0.169028,0.258553,-0.080513,-0.027154,0.177941,-0.042821,-0.167852,-0.270936,-0.146051,-0.141616,-0.057156,-0.306304,-0.125933,0.249955,0.178198,-0.164409,0.07149,-0.07365,-0.086578,-0.06436,-0.053484,0.202566,-0.342015,-0.238416,-0.29205,-0.432664,-0.126495,-0.262345,-0.222559,0.170606,-0.001125,-0.282903,-0.060717,0.171021,-0.061178,-0.203848,-0.252712,-0.178062,-0.332416,0.158738,0.205956,0.046075,-0.117406,-0.022936,-0.22511,-0.094301,-0.182717,-0.049622,-0.116199,-0.251088,0.161081,-0.030201,-0.032404,-0.162375,-0.207195,0.087772,-0.07971,-0.054981,-0.082153,0.240624,0.088853,-0.156322,0.082443,-0.014884,-0.010797,-0.098898,0.215446,-0.066352,0.243891,0.177766,-0.044528,-0.204632,-0.381879,-0.029039,0.004572,-0.099336,-0.143668,0.041074,-0.17428,-0.015606,0.071354,0.240457,-0.342993,0.196031,0.001855,-0.299788,-0.015947,0.230875,-0.17928,0.295386,-0.150995,-0.155473,0.268884,0.059933,-0.021871,-0.019394,0.302518,-0.232499,-0.124998,0.023355,-0.02965,0.268636,-0.082766,#
2,-0.090794,0.125589,1.0,0.020855,-0.07658,-0.129141,0.115811,-0.021734,0.224771,0.078093,0.002697,0.001525,-0.059153,-0.001739,-0.135183,-0.118162,-0.284951,0.288308,-0.104383,0.166893,0.054673,0.271839,-0.004917,0.031933,0.155069,0.071142,0.342543,-0.035941,0.013694,-0.255551,-0.002549,0.196135,-0.085172,0.001569,-0.103949,0.055807,0.054892,0.1717,0.08296,-0.259315,0.220208,0.074677,0.03189,-0.115769,0.029492,-0.265535,-0.111813,0.264876,-0.046452,-0.120933,-0.102668,-0.128495,0.291317,-0.140699,-0.246339,-0.086284,-0.155618,-0.284307,0.022548,0.018692,-0.024279,-0.212664,-0.075158,-0.266564,0.267795,0.009318,0.143501,0.140038,0.247621,0.315167,0.083971,0.215228,-0.110071,0.180667,0.038302,-0.105664,0.034611,-0.117406,0.048547,0.10207,0.164692,0.073244,0.04479,0.157444,-0.125468,0.142399,0.032431,-0.035166,0.185904,0.04735,0.033627,0.048208,0.208448,0.151629,0.129131,0.126552,0.31653,0.036327,0.191926,0.179047,-0.169363,0.093628,0.083569,0.107989,0.169807,0.204541,-0.002636,0.073159,-0.149312,-0.118783,0.189599,-0.148358,0.11888,0.111841,0.396259,-0.138295,-0.10093,0.060339,0.00272,-0.044272,0.115294,0.072841,-0.012752,-0.093347,-0.031691,0.142616,0.328939,-0.054634,0.071471,0.185576,0.4761,0.042159,0.076541,0.037778,0.160748,0.099362,-0.08601,0.325378,0.190624,0.23692,0.014005,0.113333,0.100474,-0.070893,0.003283,-0.027803,-0.157455,0.054468,0.198907,0.289362,0.061627,0.052375,0.210197,0.086571,0.165247,0.099694,0.083253,0.094279,0.215807,0.075189,0.387416,0.1179,0.013548,0.31174,0.06555,-0.305565,0.090158,-0.044685,0.016566,0.147915,-0.193664,-0.209334,-0.156629,0.128355,-0.178214,0.177857,0.182137,-0.038746,0.095367,-0.149131,0.103177,0.051154,-0.21918,-0.171533,-0.215785,0.229459,0.159826,0.226405,-0.184113,-0.107597,0.172553,-0.24369,-0.228431,0.403384,-0.248719,0.009628,-0.163549,0.139499,0.25044,-0.056237,#
3,-0.178049,-0.067572,0.020855,1.0,-0.152871,-0.246806,-0.187769,-0.202978,-0.277584,-0.342065,-0.009441,-0.120415,-0.248156,-0.319078,-0.128832,-0.118858,0.207482,0.113386,-0.079424,-0.03897,-0.042119,0.003539,-0.329636,0.055284,0.159986,0.259107,0.181958,0.20166,-0.113652,-0.293913,0.240684,0.004921,-0.085187,-0.011431,0.052448,-0.025607,-0.17601,-0.028148,0.053257,0.032224,-0.000475,-0.196637,0.042598,0.180982,-0.124367,0.295344,-0.133983,-0.017202,0.049649,-0.093616,-0.160882,0.325009,0.034731,0.027662,-0.126566,-0.198078,0.344426,0.091114,0.071666,0.066851,-0.288194,0.080195,0.250706,-0.150668,-0.078055,-0.352893,0.077552,-0.018383,-0.12759,0.00634,-0.056967,-0.05518,0.095401,0.00699,1.4e-05,-0.038241,0.274836,0.086967,-0.001886,-0.141988,0.037756,0.327219,0.245111,-0.026204,0.249789,-0.019184,0.272899,0.178636,0.014528,-0.013601,-0.021768,0.15141,0.135914,-0.143301,0.199235,0.136505,0.41441,0.23358,-0.077239,0.27348,0.097949,0.286628,0.423731,0.135799,0.16358,0.156411,0.283692,0.098641,-0.059926,0.03325,-0.072354,-0.085582,0.238004,0.16455,0.117551,0.040344,0.070421,-0.0105,-0.130168,0.328833,0.202798,0.275583,0.30351,0.160772,0.276493,0.073432,-0.312263,-0.141155,0.195681,0.29997,-0.079883,0.200857,0.284341,0.052129,0.193827,0.210454,-0.009212,-0.012543,-0.022961,0.22835,0.110554,-0.096904,0.267083,0.177663,0.357283,0.167828,0.074045,0.058552,0.318046,0.012056,0.133966,0.024024,0.162568,0.290912,-0.023996,0.219689,-0.309791,-0.197623,0.308489,0.138823,0.052289,0.069526,-0.071174,0.138195,-0.178009,-0.238534,0.204121,0.230576,0.078994,0.186777,0.052984,0.055128,0.228985,0.280546,-0.179663,0.230458,0.049627,0.082887,-0.54114,0.351182,-0.345849,-0.083501,0.25262,-0.098581,-0.174861,-0.015455,-0.188346,0.031004,0.314094,-0.09581,0.158752,-0.136901,-0.139481,-0.148216,-0.005014,-0.099313,-0.061363,0.057027,-0.050537,-0.293175,#
4,0.158475,-0.089682,-0.07658,-0.152871,1.0,0.016664,-0.185311,0.06658,0.046799,-0.173102,0.249883,-0.098264,0.019582,-0.178309,-0.12604,-0.074192,0.044739,-0.220898,0.098697,-0.195136,-0.249564,-0.24857,0.100196,0.012385,0.019337,-0.071636,-0.242538,0.118809,-0.132402,0.11675,-0.259464,-0.220334,-0.010325,-0.030558,0.066018,0.089773,0.064648,-0.152387,0.060948,0.364187,-0.033643,-0.33611,-0.153924,0.113475,-0.168443,0.242177,-0.14677,0.077736,0.132982,0.16536,0.075617,-0.062851,0.039511,0.232174,0.206963,0.042875,-0.093324,0.264397,0.005628,-0.018535,-0.241796,-0.166008,-0.115136,0.120379,-0.283499,0.150896,0.454271,-0.191634,0.005945,-0.121883,0.041984,-0.107561,0.065318,0.267928,0.188862,0.131649,-0.045729,-0.138206,-0.065229,-0.211853,-0.135466,0.067056,0.034904,0.062711,0.093257,-0.096303,0.117042,0.172526,0.020703,-0.080625,0.169529,0.133447,0.166622,-0.086687,-0.088939,0.053901,0.093331,-0.018061,-0.096183,0.042487,0.159363,0.057238,0.168142,-0.096894,0.115506,0.160287,-0.047779,0.153989,-0.116217,0.030328,0.025539,0.105064,0.114118,-0.15589,-0.11861,0.178341,0.025482,0.320248,-0.257006,0.068714,-0.303946,0.03983,0.209798,0.014423,0.210064,0.124833,0.089475,0.083744,0.122317,0.001362,0.088823,-0.225294,0.032528,-0.155797,0.005635,0.167506,-0.040316,0.142203,-0.120932,0.220884,0.064076,-0.083246,-0.27414,0.16941,-0.05658,-0.240163,-0.244652,-0.119336,0.051593,-0.15282,0.019734,0.078896,-0.324474,-0.034346,0.029826,-0.131894,-0.031334,-0.036919,-0.214655,0.199763,-0.236751,-0.176804,-0.252369,-0.012213,0.212145,-0.132575,-0.022443,0.021358,-0.045412,0.138396,-0.039104,-0.116505,0.071836,-0.015557,0.001077,0.209312,0.160006,0.184838,0.11345,0.03586,-0.165626,0.168743,0.135998,0.167111,0.143692,0.053789,0.028274,-0.179411,0.22259,-0.132704,0.006498,0.056318,0.308769,-0.094587,-0.150797,0.243168,0.027161,0.040484,-0.131368,-0.167206,#
5,0.156084,0.067837,-0.129141,-0.246806,0.016664,1.0,0.333826,0.318678,-0.020033,0.032775,0.045093,0.273192,0.033394,0.152227,0.127349,0.05146,0.233171,-0.03724,0.147591,-0.139157,0.106302,0.119126,0.123941,-0.057585,-0.179345,-0.045366,0.123276,-0.035744,0.038433,0.217951,-0.20763,-0.04946,-0.117229,-0.04097,0.021138,0.024057,0.138766,-0.100553,-0.080979,-0.061957,-0.222434,0.303944,-0.009786,-0.02416,0.035974,-0.158656,0.163571,-0.130094,-0.001485,0.183059,-0.127993,-0.035408,0.000921,0.097629,0.135917,0.264429,-0.162608,-0.004742,-0.169109,-0.173061,0.093012,-0.16017,-0.131427,0.303099,-0.145843,0.29204,-0.023607,0.244092,-0.172349,-0.272565,0.039116,0.052763,-0.173923,0.052444,-0.024763,0.341616,-0.209614,-0.041592,-0.083645,-0.110143,-0.107402,-0.34482,-0.167829,0.035549,-0.15802,-0.285188,-0.033636,-0.020504,-0.120188,-0.183912,-0.169437,-0.320345,-0.264159,0.075161,-0.116354,-0.180454,-0.165507,-0.246121,-0.109419,-0.218617,0.0281,0.002762,-0.128502,-0.285612,-0.212446,-0.170084,-0.150484,0.053047,-0.255655,-0.040193,0.161205,0.199554,-0.402969,-0.263045,-0.102997,-0.115224,-0.331523,0.02392,0.198378,-0.218165,-0.183313,-0.334107,-0.066829,-0.36137,-0.063017,-0.16868,-0.26283,-0.01994,-0.215205,-0.18166,-0.090322,-0.101502,-0.107483,0.026183,-0.332228,-0.177326,0.304163,-0.096153,0.047218,-0.459436,-0.080052,0.052801,-0.232955,0.022888,-0.221654,-0.163251,0.219301,0.061363,-0.1862,-0.015408,-0.098871,-0.143423,0.046314,0.079604,-0.013906,-0.312751,0.028447,0.23238,-0.405466,-0.112387,-0.09548,-0.243312,-0.068533,-0.061936,0.016475,0.152018,-0.173622,-0.055283,-0.044235,0.072436,0.206222,-0.153063,-0.180365,-0.217415,0.142797,-0.321633,-0.032778,-0.009012,0.172233,-0.168834,0.200899,-0.098637,0.063479,0.170965,0.520781,0.014515,-0.023691,0.073646,-0.052339,0.08567,0.106497,0.109282,0.255176,-0.212509,-0.292188,0.024461,0.218078,-0.07565,-0.275498,0.058192,#
6,0.182589,0.306431,0.115811,-0.187769,-0.185311,0.333826,1.0,0.280885,0.271878,0.31377,0.085084,0.143719,0.323928,0.19475,-0.007375,0.07123,0.081937,0.195524,0.209632,-0.010439,-0.033551,0.186538,0.167472,-0.095993,0.03077,-0.002663,0.273546,0.044279,0.464646,0.108439,-0.319317,-0.072828,0.012034,-0.262309,0.11363,0.145418,-0.118708,-0.024593,-0.033629,-0.165422,0.072495,0.129103,0.141695,-0.19885,0.14552,-0.328838,-0.013014,-0.177174,-0.000163,0.389463,0.032786,-0.140731,0.076703,-0.006606,0.218501,0.181525,0.028292,-0.307751,-0.080294,0.058775,0.25863,0.079816,-0.023892,0.228176,0.198653,0.295681,-0.08184,0.185243,0.075295,-0.102237,0.236092,0.088041,-0.26723,-0.337793,-0.158753,0.278525,-0.2479,-0.163241,-0.13224,-0.072689,-0.135208,-0.292637,-0.390341,-0.097782,-0.378457,0.100437,-0.144494,-0.228817,-0.086,-0.328171,-0.416187,-0.360353,-0.41248,-0.2373,0.036951,-0.402132,-0.113934,-0.291404,-0.037347,-0.36639,-0.094264,-0.061612,-0.241913,-0.157835,-0.33833,-0.226379,-0.180533,-0.193004,-0.116961,-0.091078,-0.22872,0.002174,-0.344377,-0.330034,-0.054507,-0.340829,-0.196981,9.8e-05,0.014657,-0.194747,-0.055867,-0.201472,-0.179915,-0.431598,-0.248408,-0.2838,0.116681,0.222566,-0.270485,-0.240228,-0.213654,-0.407873,-0.477806,0.048082,-0.091529,-0.141239,0.203455,-0.169075,-0.066397,-0.322538,-0.143613,0.066668,-0.101445,-0.259749,-0.246282,-0.160714,-0.196811,0.430709,-0.212509,-0.109065,-0.115074,-0.166108,0.063966,-0.087311,-0.088843,-0.380064,0.037024,0.306403,-0.222267,-0.090205,-0.087102,-0.124233,-0.211073,-0.02921,0.106288,0.165138,0.052372,0.09807,-0.367033,0.09492,0.1694,0.02888,-0.144739,-0.041866,0.340061,-0.350346,0.08743,0.08752,0.282216,-0.532415,0.39868,0.205957,0.090039,0.114833,0.285911,-0.289718,0.036022,0.134996,-0.161609,0.211264,-0.240131,0.03961,0.109364,0.076901,-0.2571,0.052325,0.082487,-0.103587,-0.270783,0.270412,#
7,-0.084369,0.093015,-0.021734,-0.202978,0.06658,0.318678,0.280885,1.0,0.00405,0.160334,-0.14494,-0.023608,0.50883,0.344707,0.110529,0.024509,-0.020735,0.14778,0.16525,0.006664,0.164629,0.182491,0.015281,0.147682,0.0763,-0.016029,-0.123325,-0.231076,0.074583,0.207808,-0.112884,-0.152465,0.13046,0.065097,-0.299929,-0.020414,0.062352,-0.11237,0.115681,-0.248321,0.091344,0.116349,0.00038,-0.082441,-0.137383,-0.33748,-0.031563,-0.214811,-0.032094,-0.044,-0.146028,0.055809,0.215272,0.010996,0.264039,0.297172,-0.126855,-0.159841,-0.219895,0.035221,0.185688,0.035794,-0.171872,0.198374,-0.123959,0.396662,0.07086,0.097031,-0.006426,0.041011,0.24163,0.227377,-0.351648,-0.069471,-0.0535,0.055005,0.001192,0.135423,0.096682,-0.08148,0.030985,-0.23116,-0.113019,-0.039612,-0.213806,-0.08034,-0.024795,0.041125,0.12686,-0.046337,0.042998,-0.27226,-0.188755,0.040527,-0.075544,0.031462,-0.011897,0.047069,0.099079,-0.43778,0.015033,0.134151,0.000698,-0.217984,-0.151375,0.041313,-0.183467,-0.035483,-0.050314,-0.328559,0.041556,0.202478,-0.093984,-0.107775,0.137793,-0.03279,0.002694,-0.010393,0.158248,-0.164594,-0.096888,-0.630765,-0.017124,-0.116422,-0.197115,-0.109322,0.089916,0.021306,-0.226436,0.162141,-0.122557,0.114389,-0.074507,-0.03395,-0.20325,0.078345,0.2048,-0.192281,-0.009003,-0.191484,-0.099215,-0.045509,-0.194623,-0.000529,-0.134759,-0.151267,-0.195008,0.012118,-0.004033,-0.228612,-0.151657,0.034494,-0.206842,-0.172872,-0.08807,-0.354165,0.104761,0.079603,-0.143192,-0.089189,-0.010358,0.030582,-0.226611,0.063171,0.219173,0.004729,-0.001316,-0.038391,-0.090057,0.292399,-0.16939,-0.129032,-0.046797,-0.075544,0.258098,-0.209998,0.188143,-0.059476,0.360052,-0.116365,0.171408,0.31482,-0.009244,-0.093616,0.11227,0.048845,0.049393,-0.190153,-0.261077,0.312557,-0.211433,-0.202463,0.283753,-0.093331,-0.148778,-0.17195,0.088345,0.010621,-0.134914,8.5e-05,#
8,-0.146697,-0.010239,0.224771,-0.277584,0.046799,-0.020033,0.271878,0.00405,1.0,0.344125,-0.089812,0.129427,0.029883,0.168935,0.059957,-0.059411,-0.270158,0.294959,-0.089069,0.036608,-0.258098,0.164733,0.21779,0.130588,0.072849,0.250456,0.203801,0.246545,0.122309,0.097181,-0.180779,-0.085934,0.009777,-0.084463,0.149502,0.123492,-0.155577,-0.024557,0.188659,-0.145742,0.182982,-0.100388,-0.060836,-0.138803,0.135764,-0.118431,-0.090563,0.150328,0.003332,0.106402,0.069525,-0.25181,-0.067809,-0.019414,-0.005298,0.451749,-0.149621,-0.285959,-0.106868,0.202214,0.084582,-0.10343,-0.111437,0.132766,0.141519,0.125065,0.087731,0.119653,0.236552,0.109515,0.063642,0.163167,0.019347,0.061359,-0.003866,0.039942,-0.047761,-0.146688,0.005111,-0.006171,-0.030063,-0.094951,-0.338805,-0.028254,-0.101757,0.244042,-0.037553,-0.289389,-0.015531,-0.137826,0.11615,0.069695,-0.231454,0.149915,0.047862,0.111453,-0.01487,-0.066921,-0.199895,-0.207502,-0.103496,0.167679,-0.034578,0.200646,-0.06828,-0.233246,-0.02693,-0.128379,0.075788,-0.084638,-0.058541,-0.237816,-0.089075,-0.257191,0.037548,-0.126747,0.214934,0.022964,0.132396,-0.122701,0.161165,-0.102639,0.088443,-0.15173,-0.127617,0.038394,0.391816,0.020657,-0.100804,-0.136987,0.085865,-0.008217,-0.431968,-0.01749,0.052023,0.103489,0.028796,0.033796,-0.196863,-0.082324,0.079752,-0.039029,-0.081712,-0.19552,-0.271556,-0.42944,-0.067508,0.12162,0.015173,0.008938,0.077127,0.089188,0.033297,-0.194387,0.085199,-0.179069,0.313711,0.286474,-0.104854,-0.037244,-0.14346,0.197862,0.07665,-0.030628,-0.15115,-0.003259,-0.012232,-0.051149,-0.199739,0.153568,-0.061174,-0.184786,0.067527,0.052842,0.243229,0.094406,0.028353,-0.008755,0.368031,-0.341329,0.39173,0.247545,-0.259754,-0.166162,0.006528,0.082563,0.016399,0.228491,-0.384252,-0.154711,-0.172447,-0.206631,-0.079298,0.19424,-0.105151,0.233271,-0.032198,-0.06836,0.088689,0.120244,#
9,0.105821,0.36126,0.078093,-0.342065,-0.173102,0.032775,0.31377,0.160334,0.344125,1.0,-0.263916,0.107468,0.313279,0.598898,0.29374,0.166299,-0.333118,0.329325,0.100649,0.199546,-0.005269,0.25654,0.358238,0.107238,0.158639,-0.220037,0.021505,0.060996,0.146649,0.405509,-0.000291,0.273116,0.358758,-0.185642,-0.109853,0.0708,0.115306,-0.031026,0.111951,-0.353999,0.216812,0.296636,-0.065474,-0.08669,0.14357,-0.50977,0.170595,0.29863,0.018053,0.290713,-0.089498,-0.190632,0.201543,-0.187655,0.148587,0.004767,-0.181626,-0.420109,-0.226884,0.094152,0.472786,0.115846,-0.352173,-0.029861,0.080307,0.206452,-0.096385,0.28832,-0.087362,0.117407,0.01803,0.366901,-0.062117,-0.095443,-0.162278,-0.04672,-0.147126,-0.248944,-0.047357,0.146848,0.072839,-0.443284,-0.402825,0.089453,-0.248021,0.192065,-0.301525,-0.166354,0.231408,-0.372036,-0.012429,-0.076736,-0.200242,0.209541,0.029491,0.026414,-0.31528,-0.077546,0.086402,-0.327869,-0.206247,0.062684,-0.259611,-0.028452,-0.043039,-0.201444,-0.39721,-0.262371,-0.133275,-0.284463,0.184056,0.193534,-0.281926,-0.109852,-0.096946,-0.278359,-0.101475,-0.127413,0.395999,-0.416326,-0.052138,-0.307799,0.039454,-0.244682,-0.374491,0.054775,0.274248,0.035721,-0.17102,-0.19698,-0.033869,0.087697,-0.498131,-0.102518,-0.284207,-0.277035,-0.079706,-0.165249,0.225781,-0.289883,-0.025743,-0.065213,-0.323784,-0.413842,-0.348636,-0.062823,-0.132062,0.101912,-0.231527,-0.109515,-0.253052,-0.004893,-0.002214,-0.415561,-0.030433,-0.315782,0.398612,0.428034,-0.192141,-0.110779,-0.063916,-0.00662,-0.145977,0.290478,0.246255,0.454168,-0.034527,-0.044244,-0.287222,-0.056032,-0.15999,0.057054,-0.227531,-0.138659,0.331716,-0.25529,-0.043791,0.044196,0.624606,-0.481881,0.451203,0.128092,-0.603307,-0.2341,0.224089,-0.041641,0.308407,0.121941,-0.546818,0.033303,-0.160255,-0.109375,0.111551,0.425978,-0.113983,0.018252,-0.141226,-0.055445,0.382476,0.307595,#
10,0.226958,-0.1408,0.002697,-0.009441,0.249883,0.045093,0.085084,-0.14494,-0.089812,-0.263916,1.0,-0.163232,0.117395,-0.208673,-0.247311,-0.031703,-0.051743,-0.256542,0.099619,-0.099497,-0.094975,-0.114762,-0.128784,0.056248,-0.062944,0.087721,-0.123649,0.048206,0.158012,-0.212518,0.153305,-0.03293,-0.359099,-0.282415,0.105092,0.040865,0.213996,0.287289,-0.020802,0.194418,-0.187473,-0.285619,0.007926,-0.063365,-0.053691,0.121638,-0.203287,0.079686,0.146966,0.064622,-0.046858,0.042512,0.088193,0.240574,0.160846,0.01538,-0.194784,0.210512,0.099989,-0.105866,-0.224822,-0.177887,-0.013155,0.129589,0.049829,-0.056862,0.195957,-0.08044,0.17078,-0.079978,0.234657,-0.174454,-0.075004,0.104698,-0.050817,0.234461,-0.015827,0.021285,0.041333,-0.214411,-0.006259,0.187843,-0.073977,0.145759,0.021076,-0.047473,0.223924,0.107689,-0.049619,0.047554,-0.118386,-0.03815,-0.039941,-0.083608,-0.072041,-0.022989,-0.002576,-0.270923,0.139431,0.007134,0.042253,-0.188276,0.010474,-0.196062,0.070398,-0.032943,-0.08062,0.21518,0.001315,0.332125,-0.079298,-0.111693,-0.277564,-0.145994,0.022658,0.011608,-0.230714,-0.01542,-0.28506,0.15292,-0.265101,0.231944,-0.026255,-0.291882,-0.106062,0.099237,-0.028578,0.104005,-0.008046,-0.202416,-0.051348,-0.239487,-0.010192,-0.019796,0.104661,0.05012,0.039414,0.022138,-0.172607,0.114534,-0.005881,0.294592,-0.072801,0.064576,0.326046,-0.008567,-0.163729,0.212066,0.138087,0.021558,0.285341,0.167246,-0.037874,0.011262,0.032026,-0.008683,-0.261392,-0.144129,0.032589,-0.030833,-0.134801,-0.047721,-0.058785,0.03499,0.162446,-0.132851,0.089987,-0.074572,-0.066809,0.103222,0.242009,0.089509,0.191435,0.098391,-0.100628,0.059552,0.143579,0.026426,-0.23398,0.150514,-0.104094,0.128971,0.19463,0.198829,0.151084,0.056234,-0.047556,0.020422,0.287429,0.22151,0.098963,0.198878,0.19753,-0.392089,0.018042,-0.006362,0.100966,0.002442,-0.174963,-0.122147,#
11,-0.07237,0.037372,0.001525,-0.120415,-0.098264,0.273192,0.143719,-0.023608,0.129427,0.107468,-0.163232,1.0,-0.00051,0.185775,-0.10839,-0.018147,0.04898,0.044187,0.036143,-0.142799,0.118611,-0.18225,0.001332,0.056593,0.140115,0.045127,0.073195,0.168421,-0.025267,0.00135,-0.024484,0.057342,-0.07006,0.047206,-0.111646,0.183638,-0.160803,0.085899,-0.003932,-0.097113,-0.095911,0.198431,-0.122205,-0.273642,-0.157724,0.124017,-0.071715,-0.088846,-0.020063,0.190056,-0.154777,-0.084489,-0.142186,0.189085,-0.174411,-0.007424,-0.303691,0.007615,-0.135645,0.036564,-0.047004,-0.264583,0.064716,0.080706,0.079788,0.214093,-0.038421,0.100281,0.249934,-0.249192,-0.077976,-0.026693,-0.027518,0.070116,-0.010456,-0.110717,-0.206118,0.0532,-0.300659,-0.010705,-0.18055,-0.229967,0.059007,-0.04451,-0.023094,-0.298954,-0.116156,-0.083555,-0.100091,-0.0027,0.005483,-0.214405,-0.174337,0.011994,-2.3e-05,-0.207452,-0.095844,0.023645,-0.252382,-0.059924,0.232082,0.033513,-0.261965,0.022258,-0.097084,0.009608,-0.032195,0.009245,0.023883,0.151287,-0.057264,-0.103973,-0.29475,-0.186299,-0.111712,-0.033314,-0.00818,0.188546,0.01477,-0.049738,0.02846,-0.108536,0.019786,-0.199515,-0.011884,-0.18422,0.087346,-0.064379,0.045872,-0.089316,-0.147954,-0.019233,-0.265357,0.066349,-0.081505,0.005111,0.164379,-0.13335,-0.139648,-0.21688,-0.140296,0.042639,0.035971,0.073706,-0.009115,-0.117781,-0.015957,0.039649,-0.210026,-0.046319,-0.02539,0.190017,-0.097855,0.205478,0.057133,0.041583,-0.058657,0.281099,-0.151645,-0.201751,-0.120538,-0.184281,0.119634,-0.108841,-0.253986,0.083497,-0.047981,0.020159,0.269303,0.033482,0.086467,0.359935,-0.08722,-0.251398,0.029135,-0.133512,-0.08338,0.332834,-0.008529,0.041579,0.0246,-0.213784,-0.086836,-0.138228,0.303895,0.220049,-0.051695,0.17693,0.124223,-0.062304,0.094977,0.301534,0.004712,0.215185,-0.105504,-0.081216,0.082371,-0.206268,-0.041764,-0.089812,#
12,0.285463,0.049797,-0.059153,-0.248156,0.019582,0.033394,0.323928,0.50883,0.029883,0.313279,0.117395,-0.00051,1.0,0.500704,0.077239,0.065032,-0.08284,0.12024,0.25148,0.177638,0.087093,0.124194,0.206632,0.051856,-0.089135,-0.322807,-0.131655,-0.05315,0.181211,0.190349,0.102891,-0.01684,0.176468,0.085013,-0.216239,0.234072,0.160783,-0.012285,-0.163299,-0.076537,-0.043596,0.091325,0.20735,-0.098561,-0.122192,-0.412338,0.132586,0.023891,0.056317,-0.062287,-0.142682,0.033679,0.251254,0.050288,0.246152,0.129508,-0.128759,-0.207492,0.047569,0.011507,0.411597,0.068178,-0.192196,0.12411,-0.028465,0.190972,-0.101321,0.210748,0.141816,0.051811,0.223611,0.200176,-0.301398,-0.351923,-0.298981,0.011337,-0.065534,-0.009595,-0.031883,-0.113052,0.097238,-0.150527,-0.269556,-0.283015,-0.26566,0.200411,-0.083332,0.101413,-0.148986,-0.229345,-0.226161,-0.289455,-0.338182,0.023743,-0.126911,-0.234237,-0.24995,-0.206635,-0.163921,-0.38777,-0.012759,-0.215734,-0.177505,-0.074985,-0.071259,-0.114737,-0.327452,-0.22445,0.014901,-0.258238,-0.08505,0.058284,-0.327745,-0.18042,0.068178,-0.200311,-0.112013,-0.068545,-0.017351,-0.194606,-0.057043,-0.346381,-0.194728,-0.191231,-0.231389,-0.125577,0.132885,0.33401,-0.187221,-0.115479,-0.045103,0.04906,-0.288345,0.020377,0.000877,-0.151123,0.218452,-0.291306,-0.1539,-0.114156,-0.076936,0.208605,-0.138517,-0.161853,-0.151006,0.17092,-0.336078,0.145603,-0.240024,-0.322195,-0.281771,-0.108681,-0.151355,-0.244641,-0.010281,-0.371102,0.088864,0.143259,-0.262983,-0.177273,0.067372,-0.047106,-0.042499,0.033892,0.338343,0.153694,0.063156,0.103923,-0.206109,0.206607,-0.103271,-0.060268,-0.284877,0.002957,0.182301,-0.249843,-0.080221,0.083374,0.198106,-0.360664,0.11184,0.178547,0.024318,0.032119,0.051009,-0.101835,0.198965,0.024093,-0.157551,0.375638,-0.232686,-0.058315,0.243092,-0.021209,0.130771,-0.061687,0.031555,-0.097865,-0.048613,0.138594,#
13,0.227712,0.256871,-0.001739,-0.319078,-0.178309,0.152227,0.19475,0.344707,0.168935,0.598898,-0.208673,0.185775,0.500704,1.0,0.263751,0.192251,-0.272831,0.255633,0.227783,0.172786,0.220039,0.105215,0.399904,0.204746,0.0622,-0.120023,0.062054,-0.031186,0.171452,0.348973,0.143214,0.153701,0.282916,-0.044782,-0.316622,0.183455,0.211514,-0.15762,0.117094,-0.266099,0.043675,0.372363,-0.064748,0.071063,0.106711,-0.503947,0.253295,0.089911,-0.078634,0.002374,0.033289,-0.14359,0.222846,-0.187637,0.062152,0.03962,-0.11746,-0.316752,-0.184161,0.006834,0.54407,0.112302,-0.367122,-0.017325,0.019596,0.409053,-0.215463,0.308419,-0.140058,-0.085418,-0.229571,0.397857,-0.193845,-0.137121,-0.338914,-0.055666,-0.372408,-0.300416,-0.190394,0.087119,0.079111,-0.441665,-0.382762,0.075668,-0.388415,0.051902,-0.292296,-0.005464,0.015796,-0.377691,-0.048466,-0.237613,-0.417108,0.091162,-0.192045,-0.115223,-0.398344,-0.171054,0.045787,-0.269568,-0.048147,-0.136173,-0.347799,-0.312144,-0.072673,-0.155818,-0.184955,-0.173293,-0.00705,-0.325401,0.083181,0.264468,-0.391882,-0.118843,0.182019,-0.082918,-0.327776,-0.210356,0.424508,-0.402747,-0.199776,-0.453063,-0.03184,-0.261102,-0.395804,-0.098852,0.114085,-0.087286,-0.329249,-0.240226,-0.111033,0.145017,-0.351266,-0.265558,-0.393875,-0.395566,0.239423,-0.234847,0.125165,-0.45995,-0.127872,0.104617,-0.128484,-0.37893,-0.420133,-0.068571,0.006142,0.205473,-0.423972,-0.204833,-0.289562,0.040228,-0.19096,-0.309684,0.001198,-0.260089,0.395373,0.276905,-0.14377,-0.230717,0.053368,0.061789,-0.026608,-0.092258,0.173224,0.246052,-0.154567,-0.11766,-0.23086,-0.068094,-0.288883,0.0025,-0.307501,-0.255594,0.155172,-0.200206,-0.139419,0.056939,0.480747,-0.41349,0.287445,-0.010175,-0.446539,-0.076893,0.380196,0.106717,0.245665,-0.001426,-0.352906,0.260199,-0.196308,-0.035042,0.125111,0.240236,-0.235762,-0.23481,0.16872,-0.334052,0.214662,0.193841,#
14,-0.006262,0.198806,-0.135183,-0.128832,-0.12604,0.127349,-0.007375,0.110529,0.059957,0.29374,-0.247311,-0.10839,0.077239,0.263751,1.0,-0.027116,-0.070806,0.197028,0.295526,0.117563,0.124012,0.13102,0.09891,0.178451,-0.100375,0.031827,0.094563,0.087327,0.159803,0.042984,-0.024098,0.192861,-0.020523,0.095453,-0.223763,-0.194529,-0.102959,0.009344,-0.017306,-0.165617,0.145803,0.329093,-0.009964,0.195528,0.341138,-0.250353,0.069209,0.083437,0.155181,-0.096371,0.202839,-0.160561,0.065041,-0.12505,0.175047,0.230919,0.162076,-0.311996,-0.052752,-0.075812,0.316748,-0.032323,-0.279991,0.197215,0.155963,0.010158,-0.10292,0.014227,-0.082011,0.01861,0.083681,0.130301,0.100534,-0.083758,-0.157429,-0.168756,-0.034545,0.077275,-0.100399,0.145309,0.179428,-0.336233,-0.077591,0.034394,-0.177795,0.235051,0.108652,-0.006256,-0.015685,-0.208422,0.050201,-0.025646,0.041435,0.269314,-0.077672,0.033269,-0.274923,-0.035509,-0.016361,-0.080153,-0.082361,0.025367,-0.043033,-0.191066,-0.136013,-0.226592,-0.281282,0.028421,-0.095033,-0.10881,0.114441,0.13636,-0.044213,0.060305,0.012626,-0.096026,-0.192344,-0.000946,0.351702,-0.396735,0.019591,-0.22763,-0.088968,-0.028147,-0.22619,-0.237988,-0.104873,0.172167,-0.191839,0.034478,-0.017352,0.172609,-0.142845,-0.268432,-0.13579,-0.199657,0.102232,0.092858,0.07556,-0.255702,-0.245186,-0.226682,-0.228468,-0.012795,-0.233825,-0.047461,0.039116,-0.119372,-0.190138,-0.029852,-0.249853,-0.303205,0.065386,-0.15574,-0.117141,-0.188201,0.27186,0.103351,-0.1975,0.021092,0.078895,-0.019605,0.047133,0.0498,-0.053891,0.314392,0.01635,-0.153172,-0.231286,-0.162757,-0.179612,-0.079731,-0.153448,0.173889,0.079832,-0.197081,-0.143177,0.088527,0.436435,-0.142655,0.177085,0.073137,-0.237696,0.077406,0.074502,-0.14294,0.222034,-0.07584,-0.086137,-0.08345,-0.054124,-0.106694,0.165589,0.056509,-0.061605,-0.028929,0.038591,-0.147946,0.180716,0.057683,#
15,0.067752,0.096214,-0.118162,-0.118858,-0.074192,0.05146,0.07123,0.024509,-0.059411,0.166299,-0.031703,-0.018147,0.065032,0.192251,-0.027116,1.0,0.027334,0.302389,0.052303,0.116568,-0.111113,-0.112481,0.28745,-0.076784,0.060085,-0.070407,-0.025293,0.094658,0.107859,0.205868,0.181042,-0.095583,0.302143,-0.142992,-0.032876,0.061105,0.367881,-0.014393,0.122933,0.009422,0.023708,0.009269,0.186552,0.191244,0.049034,-0.095013,0.108672,0.006999,0.047521,0.264494,0.184998,0.160343,-0.049272,-1.4e-05,0.205987,-0.018701,-0.095116,-0.159973,-0.077933,0.062597,0.005596,0.217613,-0.05427,0.081873,-0.118277,0.081397,-0.145875,0.129355,-0.445933,0.062719,-0.024048,0.246823,0.118936,-0.093212,0.018084,0.240536,0.031392,-0.167848,0.167467,0.081574,0.196834,0.003555,-0.117415,0.289967,-0.025189,-0.223014,-0.233354,-0.156737,-0.002716,0.039833,0.047575,0.158938,-0.143112,0.233676,0.044486,-0.11617,-0.053686,-0.19964,0.032539,-0.011551,-0.077294,-0.060015,-0.301278,0.092851,0.058711,-0.053335,-0.020061,0.128801,0.098314,0.023145,-0.158994,0.176373,-0.115432,-0.092781,0.050181,0.15342,-0.051225,-0.273066,0.057484,-0.166809,-0.177853,-0.045414,-0.273765,-0.123219,-0.126667,0.009311,-0.097016,0.160476,-0.224264,-0.234057,-0.090568,0.056124,-0.076665,0.099636,-0.173785,-0.137774,-0.025061,-0.195673,-0.045153,-0.22714,0.048052,0.210464,-0.103905,-0.169709,-0.033374,0.126715,0.249585,0.208532,-0.153292,-0.310067,-0.024229,-0.083667,0.007355,0.068474,0.121816,-0.017938,0.032462,0.27792,-0.170481,-0.167751,0.203615,-0.092842,-0.065912,-0.063122,0.157867,0.107027,-0.15843,0.136221,-0.034577,-0.106447,0.113579,0.114648,0.088284,-0.228377,-0.046741,-0.010662,-0.1087,0.097279,0.105811,-0.289598,0.160264,-0.069799,-0.242221,0.090673,0.229584,-0.078709,0.251742,0.05635,-0.190791,0.020655,-0.037084,-0.078278,0.128175,0.15419,-0.157955,-0.049065,0.158636,-0.090479,0.182834,0.182693,#
16,-0.096141,-0.113942,-0.284951,0.207482,0.044739,0.233171,0.081937,-0.020735,-0.270158,-0.333118,-0.051743,0.04898,-0.08284,-0.272831,-0.070806,0.027334,1.0,-0.14806,0.086021,-0.063856,-0.032764,-0.162485,-0.150628,-0.271586,-0.397214,-0.058419,-0.078717,0.005347,0.030191,-0.138176,-0.158452,0.044662,0.06256,0.241293,0.065323,0.140602,-0.155522,-0.169878,-0.255998,0.318384,-0.174639,-0.110257,0.041061,0.106479,-0.209766,0.196447,-0.050025,-0.263261,0.069667,0.203094,0.06043,0.190522,-0.040542,0.061693,0.05357,0.000994,0.27759,0.138153,0.190404,-0.144055,-0.25985,0.150575,0.37341,-0.092918,-0.205828,0.0032,-0.088644,-0.01817,-0.149247,-0.258051,-0.146312,-0.347941,-0.060875,-0.097549,0.074003,0.078777,0.074147,-0.023337,0.050056,0.072689,-0.030976,0.20947,0.209552,-0.276446,0.138553,-0.098891,0.067157,0.125676,-0.113066,-0.045121,-0.068216,0.101513,0.048073,-0.063827,0.133221,-0.130405,0.051245,-0.086487,-0.202801,0.084472,0.114426,0.058826,0.155161,0.068361,0.041306,0.141375,0.086466,-0.038353,-0.076453,0.060296,-0.307907,-0.027364,0.160811,0.106989,-0.171662,-0.030799,0.076501,0.163471,-0.272468,-0.006825,0.06168,0.012134,-0.0755,-0.160183,0.122078,-0.209103,-0.385258,-0.166076,0.116361,-0.029564,-0.192848,-0.212913,0.144389,0.135512,0.17133,0.04784,0.141064,-0.251592,-0.059542,0.059085,-0.055463,-0.019938,-0.091822,0.390035,0.144157,0.001394,0.057559,-0.066326,-0.057419,-0.063892,0.118061,-0.151897,0.125287,0.189618,-0.148908,-0.004818,-0.307078,0.004895,-0.114229,0.310789,-0.079533,-0.077949,-0.00159,-0.140116,-0.12544,0.06561,0.153065,-0.095158,0.040656,0.006083,-0.05364,0.15675,-0.18358,-0.054196,-0.114959,-0.119421,-0.097489,-0.009707,-0.235725,0.093545,-0.435836,-0.065625,0.560749,0.068327,-0.039632,-0.107536,-0.069178,0.125776,0.350881,-0.302077,0.109853,0.271267,-0.025488,-0.284552,0.040252,0.034738,-0.026486,0.069321,-0.413635,-0.111744,#
17,-0.29796,0.251371,0.288308,0.113386,-0.220898,-0.03724,0.195524,0.14778,0.294959,0.329325,-0.256542,0.044187,0.12024,0.255633,0.197028,0.302389,-0.14806,1.0,-0.033602,0.408727,-0.174133,0.045822,0.169855,0.040251,0.208103,0.203292,0.117129,0.038917,0.006475,0.010927,0.046702,-0.0621,0.032059,-0.029597,-0.218573,0.07312,0.043397,-0.048591,0.079484,-0.235425,0.018857,0.016869,0.123428,0.052502,0.105211,-0.273328,0.041701,0.334236,0.041735,0.029701,-0.02469,-0.060427,0.077995,0.006569,0.02232,0.029326,0.013221,-0.309587,-0.075951,-0.157391,0.073126,-0.159878,-0.192383,0.086462,0.145683,0.195894,-0.047005,0.190427,-0.061321,0.293087,0.163288,0.322683,0.039018,-0.240436,-0.015323,-0.042926,-0.008042,-0.223201,0.114573,-0.02294,0.156772,-0.158387,-0.31092,0.188386,-0.207244,0.093459,-0.108793,-0.232439,-0.114657,-0.09773,-0.075129,-0.001526,-0.238343,0.349676,-0.153809,-0.088965,0.118633,-0.041116,0.083638,0.067174,-0.238088,0.07569,-0.133624,0.192894,-0.108911,-0.056649,-0.043488,-0.07979,-0.088319,-0.151685,0.13446,0.017911,-0.045349,-0.170027,0.053987,-0.068112,0.042175,-0.186422,0.403437,-0.419232,-0.003334,-0.340327,-0.174215,-0.108193,-0.133051,-0.031429,0.020367,0.143273,-0.16733,0.000388,0.107103,0.213285,-0.150478,-0.091267,0.025311,-0.071954,0.024862,-0.135542,0.012806,-0.141686,-0.083306,-0.023643,-0.054914,-0.389967,-0.223462,0.010074,-0.112506,0.367082,0.069681,-0.059396,-0.250125,-0.044903,0.033356,-0.12444,0.009419,-0.110452,0.043279,0.521603,-0.019416,-0.001249,0.241249,0.197637,-0.216402,0.275053,0.149421,0.25406,0.002029,-0.131983,-0.262429,0.132654,-0.109251,-0.154501,-0.102379,-0.071218,0.004912,-0.040306,-0.16592,0.000194,0.203808,-0.320257,0.352052,-0.160254,-0.339474,-0.092112,0.107554,-0.133222,0.243733,0.257469,-0.361715,-0.090917,-0.011764,-0.33375,-0.006542,0.251433,-0.155694,-0.215586,-0.06006,-0.005097,0.221532,0.125144,#
18,0.318883,0.199526,-0.104383,-0.079424,0.098697,0.147591,0.209632,0.16525,-0.089069,0.100649,0.099619,0.036143,0.25148,0.227783,0.295526,0.052303,0.086021,-0.033602,1.0,-0.103493,0.166399,0.138541,0.087024,0.064423,0.000483,0.002813,-0.065637,0.158312,0.099025,0.165223,-0.138127,0.067632,-0.014403,0.11204,-0.04358,0.0546,-0.09831,0.021309,-0.164292,0.08028,0.207946,0.155525,0.048131,0.227865,0.205608,0.029598,0.016222,-0.130937,-0.017401,-0.08644,0.036224,0.034892,0.207023,-0.142323,0.268155,0.088174,0.027436,-0.207138,-0.013756,-0.146996,0.196292,-0.235962,-0.138747,0.210588,-0.078065,0.224306,-0.196417,-0.019074,-0.026982,-0.187229,-0.046283,0.093008,-0.248465,-0.070829,-0.16863,-0.073921,-0.019421,-0.072274,-0.157405,0.055573,0.183271,-0.141813,-0.117889,-0.238552,-0.037874,-0.05776,0.041737,0.074355,-0.038086,-0.165425,-0.237823,-0.248814,0.024801,-0.261771,0.17975,-0.084134,-0.16095,-0.227464,-0.055798,-0.042188,0.107626,0.042534,-0.011875,-0.390071,-0.16381,0.040146,-0.282684,-0.084281,-0.001512,0.009704,-0.075412,0.158984,-0.06724,-0.014621,0.063613,0.250642,-0.125715,-0.018426,0.104566,-0.020953,-0.117517,0.028247,-0.130972,-0.192742,-0.250334,-0.096486,0.095679,-0.041041,-0.025653,-0.00123,-0.186821,-0.100108,-0.061735,-0.009079,-0.139049,-0.0053,0.078571,-0.086971,-0.015132,-0.223077,-0.396703,-0.037409,-0.167222,0.053063,-0.031075,-0.048686,-0.151573,0.05994,-0.328502,-0.204498,-0.229534,-0.118357,-0.141253,-0.212611,0.058963,-0.275393,0.08668,-0.001565,-0.280643,-0.119368,-0.066515,0.162456,-0.056966,-0.208753,0.090908,-0.023066,0.145892,0.126586,-0.025168,-0.046181,0.034968,0.202679,-0.021881,0.156678,0.257978,-0.040366,0.045792,0.106237,0.28888,-0.03701,-0.17959,0.147866,0.150847,0.271954,0.283997,-0.025097,0.429194,0.01406,0.057524,0.192959,-0.075528,0.095667,0.223363,-0.050878,-0.162769,-0.049499,0.401692,-0.133683,-0.198192,0.134505,#
19,-0.140968,0.146292,0.166893,-0.03897,-0.195136,-0.139157,-0.010439,0.006664,0.036608,0.199546,-0.099497,-0.142799,0.177638,0.172786,0.117563,0.116568,-0.063856,0.408727,-0.103493,1.0,0.19043,0.155599,0.096321,0.04015,-0.216301,-0.216512,0.126773,-0.229993,-0.010757,-0.182903,0.180196,0.310505,0.354092,0.230653,-0.149306,-0.212633,0.214305,0.124837,-0.238385,-0.113739,0.178724,0.058659,-0.004616,-0.107332,-0.019173,-0.445965,0.222287,0.308167,0.257858,-0.215793,-0.146087,-0.14403,0.428959,-0.159962,-0.227517,0.057254,0.041287,-0.327301,0.234976,-0.1644,0.205995,-0.135211,-0.250596,-0.174605,0.128127,0.092861,-0.108291,-0.040018,0.01804,0.300287,-0.03988,0.226262,0.16715,-0.19553,0.044646,-0.42835,0.129749,-0.009248,0.58059,0.246265,0.334252,0.08647,-0.034548,-0.119824,0.125349,0.447632,0.061763,-0.278261,0.156777,-0.126728,0.045819,0.366452,-0.022316,0.151319,-0.027668,0.268185,0.090249,0.190128,0.221264,0.115899,-0.591856,0.066977,0.104295,0.158415,0.400987,0.166498,-0.008063,-0.203909,0.169465,-0.302647,0.316011,-0.164153,-0.00167,0.241697,0.174585,-0.033263,-0.058215,-0.046105,0.133,-0.356222,0.189195,-0.167543,-0.192982,-0.075915,-0.109831,0.338569,0.106538,0.204441,0.245117,0.324116,0.490001,0.13462,0.148221,-0.04621,0.367181,0.147785,0.076642,0.002408,0.13445,0.100884,0.091738,0.20482,0.023677,-0.334967,0.026182,0.164056,0.137254,-0.144605,0.14617,0.136385,0.045315,0.13515,0.342325,0.102412,-0.040715,0.113805,0.428097,0.041155,0.018367,-0.051218,0.336746,0.236482,0.043142,0.21786,0.058467,0.133764,0.366414,-0.06327,-0.009673,0.257924,-0.470255,-0.20421,-0.134311,0.064115,-0.295985,0.066816,0.09124,-0.370073,0.079472,-0.045534,0.146998,0.000851,-0.259476,-0.076958,-0.289351,-0.097827,0.403323,0.315192,-0.237623,-0.088531,0.08406,-0.420007,-0.343118,0.028491,-0.028589,-0.250339,-0.309901,0.046344,0.398413,-0.074766,#
20,0.235984,0.279193,0.054673,-0.042119,-0.249564,0.106302,-0.033551,0.164629,-0.258098,-0.005269,-0.094975,0.118611,0.087093,0.220039,0.124012,-0.111113,-0.032764,-0.174133,0.166399,0.19043,1.0,0.015336,-0.178288,-0.205607,-0.053137,-0.190618,-0.027942,-0.278465,-0.123338,-0.006585,0.085945,0.193213,0.156777,0.289041,-0.334566,-0.251022,0.128599,-0.02819,0.089958,-0.219194,0.316405,0.335024,-0.31194,0.031063,0.09993,-0.287658,0.04304,-0.121228,0.013419,-0.174476,-0.260273,-0.012001,0.384456,0.030466,-0.027664,-0.034734,-0.1335,-0.072556,-0.351231,0.011567,0.137526,0.048155,0.06695,0.056102,0.158738,0.033287,-0.327804,-0.025567,0.036427,-0.151205,-0.109785,0.137221,-0.1408,0.078297,-0.325038,-0.355435,-0.103915,0.227566,0.145765,0.217648,0.041499,-0.164668,0.304474,-0.143377,-0.025856,-0.06017,-0.036094,0.164268,0.225607,-0.087731,-0.008701,0.023822,0.086266,-0.094022,0.087168,0.185365,-0.245164,0.107168,0.097111,-0.026725,0.025196,0.131644,-0.059417,-0.151224,0.061732,-0.094289,0.139943,0.093043,-0.098401,-0.074768,0.150576,0.102389,-0.28226,0.18548,0.304054,0.140072,-0.019924,0.046544,-0.031997,-0.054031,-0.042222,-0.10985,-0.19453,0.073972,-0.190923,-0.125772,-0.001843,-0.221428,-0.266136,0.17449,0.155835,-0.031713,0.039361,0.112758,-0.090223,0.110316,0.178953,0.172144,0.185273,-0.15278,-0.071316,0.114956,0.204379,0.077263,-0.035219,-0.211273,-0.010474,-0.265262,-0.059946,0.069703,-0.005326,0.081446,-0.006954,-0.036187,0.131784,0.017961,0.388455,-0.159391,-0.085216,-0.113765,0.040754,-0.091548,0.254942,-0.139928,-0.280167,-0.132396,0.19904,0.093867,0.285877,-0.224214,-0.115091,0.160118,-0.073406,-0.16233,-0.146732,-0.04744,-0.001937,-0.2617,0.043598,0.202595,-0.093811,-0.013892,-0.036364,0.008271,-0.057838,0.193559,0.107262,-0.184412,-0.073526,0.220203,-0.106244,-0.072464,-0.124788,-0.101203,-0.082941,-0.186657,0.153244,-0.329846,-0.019779,-0.169508,#
