0,1.0,0.079234,0.099898,-0.13784,0.421301,-0.121613,0.178309,-0.083942,0.296546,0.061725,-0.210813,0.260547,0.400295,-0.057974,0.117538,0.010391,0.12287,-0.014878,0.065369,-0.179411,-0.261435,0.010237,0.130355,-0.136826,-0.05203,-0.264052,-0.321628,-0.282626,0.193543,0.043781,-0.385673,-0.082966,-0.192665,-0.020721,-0.195586,0.02325,0.194699,0.079436,0.114075,-0.073429,0.174524,-0.181372,-0.211671,0.056735,0.036878,0.091036,0.354071,0.078223,0.050901,0.281393,0.029509,-0.0964,0.144394,-0.057473,0.08871,0.009555,-0.234024,0.219744,-0.2557,0.014669,0.204751,-0.091451,0.017332,-0.20662,0.070719,0.154954,-0.048056,-0.135043,0.291777,-0.15417,0.19891,-0.33002,-0.118263,-0.316422,-0.338484,0.248125,-0.064654,-0.28097,-0.183635,-0.099807,0.01375,-0.296533,-0.128651,-0.197762,-0.040052,-0.115476,-0.387424,-0.179051,-0.055414,-0.350184,-0.032532,-0.109321,0.009163,0.06976,-0.154448,-0.163706,-0.27606,-0.211631,0.098929,-0.264594,0.121443,-0.224378,-0.193046,-0.172898,-0.067288,-0.180701,-0.08759,0.016174,-0.19694,-0.182555,-0.03251,-0.192546,0.042466,-0.181272,-0.344197,-0.254059,-0.23478,-0.22906,0.082924,-0.508813,-0.13726,-0.236754,-0.219115,-0.259327,-0.223479,-0.101941,-0.246328,-0.079365,-0.103595,-0.083042,-0.116659,-0.238829,-0.037538,0.043199,-0.213848,-0.390254,-0.027092,-0.217067,-0.057463,-0.307209,-0.150199,-0.090009,-0.19297,-0.160672,-0.325521,-0.09619,-0.29503,0.265763,-0.343191,-0.257923,-0.347444,-0.299754,0.014074,-0.144055,-0.347259,-0.022385,0.223817,0.318268,-0.257529,-0.220066,-0.044988,0.027426,-0.153359,-0.141053,0.061319,0.016956,0.092698,-0.173665,-0.209816,-0.156751,0.041886,0.134402,0.085463,-0.24771,0.17455,-0.096535,0.074643,0.236668,0.148423,-0.285505,0.070493,0.010253,0.010084,-0.008607,0.228521,-0.060879,0.303193,0.143315,-0.145246,0.394535,-0.244627,0.032943,0.145225,0.228969,-0.175095,0.193121,0.145661,-0.254924,-0.055751,0.094433,#
1,0.079234,1.0,0.037482,0.124102,0.211729,0.022318,-0.120619,-0.189496,0.102341,0.095817,-0.163212,0.115054,0.003726,0.029908,0.182194,-0.092205,-0.092389,0.112265,-0.063571,-0.04682,-0.072586,0.144948,0.114231,-0.11725,-0.026629,-0.152494,-0.069285,0.116544,0.220095,0.286312,-0.335744,0.116204,-0.010999,0.027665,-0.248774,0.231912,0.222286,-0.145345,0.033979,-0.037594,0.142939,-0.145773,0.198864,0.094412,-0.243129,-0.128365,0.300115,0.153007,-0.146135,0.221994,-0.043287,-0.170922,0.024985,0.173682,0.047234,-0.077508,-0.255231,-0.002263,-0.155534,-0.074278,0.003177,-0.06156,0.070758,0.025164,-0.037271,-0.076543,0.087373,0.165396,0.224359,0.083949,-0.177321,-0.237035,0.05532,-0.050699,-0.122463,0.093833,-0.223727,-0.060863,-0.158888,-0.304269,-0.064298,-0.359804,-0.262427,0.192961,-0.27352,-0.189359,-0.18858,-0.078568,-0.047718,-0.059643,0.008114,0.012074,-0.140953,0.07392,-0.408637,-0.135202,-0.141403,-0.186955,-0.145874,0.057255,0.090794,-0.098057,-0.208466,-0.151513,-0.388012,-0.276975,-0.307286,0.054576,0.03174,-0.058206,-0.035806,0.126137,-0.204474,-0.239553,0.030895,-0.032721,-0.131405,-0.270546,0.202486,0.0535,-0.314441,-0.042789,-0.17893,-0.155815,0.172208,-0.150125,-0.128508,0.032317,0.061533,-0.052896,-0.175225,-0.029857,-0.085466,0.033234,-0.161683,-0.110377,-0.183496,-0.223821,0.109031,-0.084666,-0.129845,0.099668,0.0385,-0.263256,-0.128137,-0.235509,-0.002422,0.086511,-0.221867,-0.137557,-0.238931,-0.143846,-0.145127,-0.039244,-0.068292,-0.102645,0.030295,0.160678,0.065171,-0.191577,-0.042974,-0.061017,-0.063762,-0.102702,0.007361,0.345569,0.115449,-0.299173,-0.099394,-0.034325,-0.179135,0.043121,-0.291787,-0.092594,0.115091,0.161626,-0.109963,0.087362,0.193171,-0.211695,0.138079,-0.060213,-0.102372,0.035103,0.203374,-0.124414,0.093351,-0.116141,-0.207795,0.176401,-0.159172,0.174237,0.204668,0.344301,-0.030865,-0.031507,0.202225,-0.204212,-0.032473,0.186558,#
2,0.099898,0.037482,1.0,0.24441,-0.018422,-0.226562,0.028312,-0.163441,0.068749,0.188277,0.001835,-0.012669,-0.11355,0.048788,-0.226171,-0.231509,-0.036659,0.233366,0.03323,-0.048454,-0.161124,-0.099934,0.039107,0.18837,0.033361,-0.20235,0.004988,-0.287436,0.107064,-0.035744,0.031345,0.001859,-0.148337,-0.005091,-0.239898,0.020338,-0.073621,0.006399,-0.038385,-0.267391,-0.231746,0.109773,-0.006442,0.000632,0.226617,-0.381907,0.137165,0.202085,-0.22076,0.192801,-0.136754,0.105741,0.034629,0.269118,-0.135083,-0.196596,-0.116361,-0.06844,-0.084991,0.008202,0.087792,0.187002,-0.044804,-0.264627,-0.068727,0.112849,-0.013601,-0.194381,-0.07225,0.054441,0.057686,0.017618,-0.01977,0.211279,-0.254628,0.321469,-0.083008,-0.103767,-0.101482,-0.048156,0.073045,0.02541,-0.209833,0.361386,-0.080025,-0.169828,0.036187,-0.035608,-0.098996,-0.170821,-0.073045,-0.296327,0.14007,0.159427,-0.164762,0.18145,0.057712,0.104486,0.017645,0.059744,-0.286427,-0.116046,-0.060751,0.139444,-0.053257,-0.066758,0.131952,0.130244,-0.0001,0.154454,0.270643,0.131874,0.008111,0.037768,0.177178,-0.078123,-0.046564,-0.144155,0.194298,-0.030897,-0.242695,0.234319,0.019635,-0.092264,-0.087541,0.168021,-0.099816,-0.066661,0.084846,0.049344,0.281215,0.112942,-0.09826,0.078675,0.258699,-0.03291,0.145726,0.275163,-0.032229,-0.25331,0.170679,0.212745,0.117495,-0.168808,0.063258,0.201588,0.010756,0.05476,-0.202333,0.09961,-0.010367,0.450454,0.128938,0.0025,0.037062,0.05852,-0.020813,0.199496,0.105778,-0.022639,0.221856,0.007522,0.324025,0.11465,0.000502,-0.072891,-0.061104,-0.245234,0.146621,0.018588,-0.00042,0.109065,-0.116937,0.070787,-0.047505,0.128673,-0.188958,0.126411,-0.009038,-0.014312,0.146683,0.009465,-0.136235,0.007251,-0.269645,0.156522,-0.09353,0.119173,0.007341,0.033541,0.206018,-0.162216,-0.018527,0.059489,-0.145758,-0.095867,-0.089799,0.081068,0.20296,-0.181777,#
3,-0.13784,0.124102,0.24441,1.0,-0.163445,-0.129831,-0.330716,-0.128461,-0.288488,-0.171975,0.040795,-0.261603,-0.238263,-0.13927,-0.021387,-0.101752,0.127317,-0.030441,-0.096072,0.045989,-0.190375,0.008499,-0.307352,0.023148,0.154341,0.060303,-0.045466,0.045016,0.011311,-0.142087,0.040492,-0.041273,0.049093,-0.11103,-0.089259,-0.326126,-0.119062,0.085098,-0.012583,0.178159,-0.013527,-0.08709,-0.035546,0.062784,0.061983,0.171668,-0.222094,-0.354874,0.084749,0.037175,-0.222171,0.26203,0.090263,0.190992,0.04773,0.145873,0.019408,-0.07942,-0.094619,-0.204055,-0.053091,-0.094472,0.232324,-0.01358,-0.100748,-0.336676,-0.097731,-0.15002,-0.328047,0.154218,-0.096909,0.188609,0.241267,0.203077,-0.053848,0.040005,0.133889,0.184437,0.312087,0.059262,0.153171,0.102068,0.035253,0.073482,0.101738,0.090134,0.185729,0.077209,0.027235,-0.039702,0.198415,0.074849,-0.02839,0.175202,0.036289,-0.04298,0.22017,0.27239,0.136077,0.143119,-0.183536,0.118262,0.167631,0.142424,0.041812,-0.033877,0.273648,0.205654,0.137652,0.069298,0.019164,0.029461,-0.15036,-0.036666,-0.042773,0.212653,0.306535,-0.015369,-0.093675,0.289266,0.036739,-0.052321,0.192577,0.247599,0.185562,0.082962,0.006656,-0.108451,0.0362,0.244139,-0.18221,-0.077176,-0.084354,-0.044573,0.116569,0.186248,0.19627,0.120636,-0.221054,0.167997,-0.058701,0.265017,0.162828,-0.160398,0.119979,0.119382,-0.015447,-0.218211,0.081839,0.140963,0.137603,0.351089,0.15641,0.135777,0.143955,0.197378,-0.211454,-0.250611,0.217955,0.014138,0.129969,0.152476,0.149092,-0.080405,-0.264193,-0.192125,-0.100238,-0.250769,0.206233,-0.067778,-0.115425,-0.293942,0.115319,0.136417,-0.082312,0.075147,0.110778,-0.133458,-0.292943,0.186882,-0.31054,-0.095997,-0.022454,-0.127513,-0.13503,-0.10481,-0.186711,-0.18053,0.17616,-0.220565,0.172796,-0.042995,-0.153923,-0.173797,-0.176513,-0.09031,-0.311828,0.121942,-0.239206,0.025552,#
4,0.421301,0.211729,-0.018422,-0.163445,1.0,0.098575,0.236751,-0.004586,0.15513,0.053355,-0.243656,0.185077,0.281359,0.133358,-0.032183,-0.112916,0.157322,0.05083,-0.077555,-0.178374,0.086728,0.081356,0.297739,-0.317651,-0.326014,-0.210377,-0.068721,-0.1769,0.093959,0.268112,-0.219841,0.036131,-0.239211,-0.088776,-0.333424,0.347492,0.191617,-0.350268,0.083019,-0.160631,0.182688,-0.074995,0.002655,0.037991,-0.155856,-0.067879,0.217861,0.37672,0.083991,-0.045938,0.062505,-0.504833,0.138965,-0.122642,0.159492,-0.259824,-0.362537,0.156085,-0.079677,-0.084406,0.165657,0.102359,-0.167626,-0.177999,0.079607,0.423577,-0.010324,0.168998,0.364258,0.035039,-0.041257,-0.605444,0.053932,-0.65228,-0.358512,0.40974,-0.430381,-0.465925,-0.40709,-0.225475,-0.216626,-0.553115,-0.378764,-0.054333,-0.404846,-0.288138,-0.617487,-0.279297,-0.017403,-0.212212,-0.401707,-0.274672,-0.213567,-0.190075,-0.372369,-0.502241,-0.517572,-0.314612,-0.20568,-0.24205,0.003952,-0.350414,-0.238552,-0.304011,-0.432388,-0.579003,-0.050719,-0.278407,-0.059489,-0.205089,0.2064,0.10261,-0.334017,-0.548837,-0.216136,-0.03287,-0.249989,-0.421002,0.117385,-0.367995,-0.224944,-0.203561,-0.38318,-0.345774,0.002566,0.008496,-0.402371,0.161269,-0.223267,-0.269185,-0.313819,-0.063236,-0.397814,0.024563,-0.298081,-0.521173,-0.077014,-0.422031,0.030239,-0.394042,-0.349584,-0.043967,-0.106365,-0.118343,-0.448462,-0.293208,-0.241267,0.665904,-0.469605,-0.293633,-0.508072,-0.254727,-0.111983,-0.507411,-0.334523,-0.270913,0.201741,0.419123,-0.348754,-0.356151,-0.036743,-0.066896,-0.273825,-0.061774,-0.008295,0.254651,-0.113615,-0.262695,-0.340219,-0.037689,0.015804,0.118682,-0.361399,-0.451464,0.025831,-0.155478,-0.097289,0.303641,0.307874,-0.345401,0.272786,0.004104,-0.0112,0.12803,0.447874,-0.196014,0.24783,-0.071254,-0.236565,0.403444,-0.190563,0.201193,0.488937,0.433737,0.033646,0.344466,0.324834,-0.274453,-0.364274,0.112055,#
5,-0.121613,0.022318,-0.226562,-0.129831,0.098575,1.0,0.275699,0.246194,-0.048665,-0.036252,-0.023912,0.140419,-0.102834,0.372416,0.180711,0.052201,-0.05938,-0.051461,-0.109979,-0.057938,0.260337,0.149854,0.056993,-0.418346,0.120059,-0.114444,0.020439,-0.119502,-0.07158,0.107778,0.082253,0.286116,0.180552,-0.225353,-0.282023,0.064158,-0.051364,-0.034558,0.094132,-0.015563,-0.003933,0.057043,0.126582,0.161458,-0.081997,0.115161,-0.075922,0.05827,0.081605,-0.057948,0.131195,0.006035,0.215403,-0.207043,0.054979,0.099052,0.087417,0.293859,-0.074561,0.224371,0.140747,-0.028616,-0.244684,0.231308,-0.033296,-0.073849,-0.150942,0.328695,0.164666,-0.126085,-0.177718,-0.188472,0.082038,-0.107261,-0.016152,-0.014173,0.071629,0.120878,-0.276536,-0.048561,0.016357,-0.223602,0.169066,-0.205698,-0.105235,0.162919,-0.068338,-0.106018,-0.100065,-0.205716,-0.032555,-0.018362,0.078098,-0.389507,-0.056569,-0.09208,-0.125741,-0.227004,0.01142,-0.247901,0.002179,-0.125785,0.156287,-0.363986,0.013094,-0.149072,-0.106007,-0.4306,-0.151621,-0.434918,-0.057929,0.075069,-0.216707,-0.199558,-0.077995,-0.099595,-0.029416,-0.179672,-0.060217,-0.108237,-0.024489,0.044603,-0.029513,-0.20033,-0.15332,0.122608,-0.037186,0.083115,-0.105809,-0.236296,0.041523,-0.186682,-0.087041,-0.063434,-0.045613,-0.040333,0.039674,-0.109874,-0.05888,-0.033747,-0.104929,-0.213844,-0.315001,-0.238922,-0.028892,-0.060382,0.079972,0.097992,0.104632,-0.148114,-0.169979,0.055279,0.016088,0.153932,-0.131921,-0.172778,0.296526,0.107019,-0.204934,0.011244,-0.198469,-0.082399,0.000827,0.017153,-0.025996,0.323892,0.238371,0.106698,-4e-05,-0.016234,0.17982,-0.000203,-0.000163,0.173269,0.263516,-0.022881,-0.069638,0.109461,0.231107,-0.103582,0.159883,0.03739,0.01237,0.274161,0.344409,-0.32439,0.129139,0.009178,-0.049496,0.254262,0.003699,0.050051,0.175703,-0.102409,0.228582,0.108579,0.097609,-0.150465,0.103716,0.260692,#
6,0.178309,-0.120619,0.028312,-0.330716,0.236751,0.275699,1.0,0.188836,0.39192,-0.124078,0.320908,0.282428,0.07033,0.092652,0.115709,0.109843,-0.027155,-0.137422,0.140229,-0.095953,0.035165,0.243197,0.125213,-0.330214,-0.01805,-0.097161,-0.023335,-0.275329,0.333131,0.153623,-0.280795,0.026925,0.001172,-0.356501,-0.105562,0.274018,0.093305,-0.054329,-0.067518,0.00855,0.019971,-0.007763,-0.239505,-0.073416,-0.098274,-0.048184,0.015779,0.145861,0.074482,0.187467,0.172575,-0.123705,-0.096631,-0.025136,-0.004045,-0.130765,0.047412,0.083111,0.014191,0.211218,0.183471,0.075118,-0.281503,0.206454,0.128099,0.10941,0.032904,0.14432,0.240294,-0.210938,0.020236,-0.352545,0.046619,-0.325163,-0.365929,0.261648,-0.234622,-0.277808,-0.600615,-0.234122,-0.292666,-0.315527,-0.16638,-0.339847,-0.288177,-0.143865,-0.304682,-0.263349,-0.404616,-0.140158,-0.236095,-0.337448,-0.136046,-0.291787,-0.465066,-0.073438,-0.346495,-0.489964,-0.324369,-0.205572,0.018894,-0.350072,-0.244958,-0.422892,-0.069808,-0.177895,-0.073584,-0.263718,-0.309105,0.00345,-0.056986,0.050419,-0.21314,-0.256936,-0.080402,-0.345933,-0.339363,-0.182306,-0.043453,-0.28836,-0.259214,-0.192459,-0.229227,-0.365267,-0.219643,0.024392,-0.426667,0.03093,-0.235747,-0.375713,-0.231363,-0.096001,-0.28774,-0.118985,-0.265887,-0.268006,0.032481,-0.342662,-0.038705,-0.402518,-0.152605,-0.196023,-0.359621,-0.120882,-0.267579,-0.164728,-0.403514,0.448948,-0.063591,-0.292084,-0.10581,-0.189772,-0.310371,-0.14606,-0.319214,-0.489251,0.097144,0.319865,-0.144309,-0.318028,0.002912,-0.331194,-0.223968,-0.16252,-0.111859,0.385111,-0.101409,0.135562,-0.033396,-0.174762,0.157513,0.065886,-0.143239,-0.188715,0.270244,-0.335153,-0.211025,0.500191,0.39531,-0.202415,0.497514,0.284638,0.154787,0.257471,0.498026,0.008948,0.102424,0.027645,-0.045924,0.34973,-0.087666,0.280211,0.475797,0.242084,-0.189161,0.290592,0.478308,-0.357404,-0.188022,0.147966,#
7,-0.083942,-0.189496,-0.163441,-0.128461,-0.004586,0.246194,0.188836,1.0,-0.129751,-0.380219,-0.210777,-0.161058,-0.163924,0.076855,0.198653,-0.168755,0.115826,-0.104179,0.069576,-0.084911,0.027265,0.352761,-0.202015,-0.171377,0.085386,0.193057,0.194553,0.071199,-0.319648,-0.099364,0.086016,0.263985,0.330561,-0.14993,-0.076881,0.167509,0.039155,0.001737,0.173977,-0.10685,-0.079075,0.085066,0.28752,-0.018953,-0.123559,0.157467,-0.027977,-0.14556,-0.212055,-0.239058,-0.054567,-0.057508,-0.008886,-0.358145,0.043761,0.133877,0.134496,0.032637,-0.139208,0.146239,-0.151621,0.118858,-0.171652,0.281908,0.173628,0.146865,-0.045308,0.100788,-0.068038,-0.280874,-0.036302,-0.039763,-0.078567,-0.068503,0.039962,-0.224485,0.088073,0.010047,-0.199499,0.019798,0.0923,-0.118017,0.250366,-0.22771,0.087655,0.223577,0.150463,0.076685,-0.015368,0.069636,0.019131,0.047235,0.185236,-0.150535,0.174543,0.078138,-0.283152,0.154477,-0.073809,-0.108747,0.038621,-0.138961,0.157505,-0.044446,-0.079129,-0.1335,0.146963,-0.294153,0.167428,-0.223589,-0.267754,0.113512,0.123276,0.060394,0.011483,0.136525,0.115035,0.02714,-0.104771,0.124834,-0.080645,0.049306,-0.179306,0.068677,0.067299,0.09348,0.090726,-0.269181,0.052154,-0.023657,0.013496,-0.075487,-0.020186,-0.231042,0.05617,-0.085219,0.186046,0.01459,-0.084711,-0.08781,-0.110671,-0.203457,-0.026139,0.111841,-0.059139,-0.29776,0.047442,-0.133445,0.10713,0.084858,0.142489,0.100283,0.26528,0.001237,0.202706,-0.145253,0.073437,-0.205076,-0.316942,0.128581,0.160885,-0.076052,0.083638,-0.038815,0.001713,0.059633,-0.049341,0.18774,-0.151291,0.199868,-0.020516,0.015498,0.01133,0.092731,-0.092386,-0.030763,-0.00551,-0.105019,-0.056387,-0.070988,-0.088694,-0.170967,0.096786,0.092549,-0.019721,-0.047174,0.003284,0.122636,0.11009,-0.231368,-0.102249,0.239175,-0.018639,-0.107124,0.07783,0.197084,-0.267933,-0.115736,0.014297,-0.168211,#
8,0.296546,0.102341,0.068749,-0.288488,0.15513,-0.048665,0.39192,-0.129751,1.0,0.021417,0.172716,0.249429,0.26824,0.029532,0.144197,-0.036003,-0.127824,0.231482,0.333111,0.052099,-0.149793,0.013983,0.234493,-0.124375,-0.033306,-0.270728,-0.002736,0.111426,0.288939,0.058865,-0.16632,0.073336,0.167174,-0.078,-0.216137,-0.016273,0.399668,-0.15114,-0.031037,-0.076183,0.032654,-0.081411,-0.238196,-0.000883,0.067777,-0.212997,0.246286,0.255295,0.104036,0.323924,0.075697,-0.085246,-0.004543,0.257763,-0.020376,0.042353,-0.073861,-0.022871,0.121175,-0.055769,-0.081074,-0.042545,-0.227525,0.076369,0.005883,0.154096,0.330255,-0.053563,0.257432,0.20448,0.156186,-0.202254,0.058403,-0.134982,-0.155576,0.041078,-0.016501,-0.294806,-0.235231,-0.088688,-0.090844,-0.197321,-0.108102,0.034992,-0.07076,0.073801,-0.18738,-0.219722,-0.114764,-0.242991,0.06395,-0.137166,-0.228506,0.164568,-0.173993,0.157803,-0.064182,-0.364437,-0.043922,-0.109717,-0.263724,-0.363382,-0.347127,-0.211793,0.072692,0.092592,-0.162983,0.091914,-0.181815,0.148169,0.17102,0.00341,0.086002,-0.119078,0.042976,-0.528286,-0.153837,-0.110086,0.259487,-0.326552,-0.09287,-0.062786,-0.022663,-0.577728,-0.257335,0.102234,-0.114119,0.135969,-0.079221,-0.243478,0.182192,0.120184,-0.066001,0.010695,-0.03316,-0.13754,-0.126003,-0.058508,0.198498,-0.108435,0.083628,0.117267,-0.449267,-0.171587,-0.22628,-0.131473,-0.026902,0.321859,-0.084598,-0.15249,-0.043856,-0.129508,-0.071854,-0.171164,-0.108315,-0.233791,0.077953,0.38297,0.055412,-0.162388,0.137219,-0.156876,-0.093487,0.221879,0.167304,0.061861,-0.121074,-0.013272,-0.0459,0.059518,-0.238801,0.263,0.090289,-0.206208,0.028903,-0.196124,-0.044013,0.25906,0.103148,-0.159946,0.280712,0.193945,-0.183354,-0.062869,0.095391,0.22668,-0.080011,0.034127,-0.388268,0.105816,0.136813,-0.120004,0.121483,0.096641,-0.226339,0.048995,0.23291,-0.143333,0.047589,-0.010802,#
9,0.061725,0.095817,0.188277,-0.171975,0.053355,-0.036252,-0.124078,-0.380219,0.021417,1.0,-0.166752,0.195537,0.156233,0.290484,-0.365432,-0.088761,-0.521347,0.28779,-0.10432,-0.019707,0.019779,-0.281212,0.123301,0.036506,0.17825,0.039648,-0.002909,-0.219093,0.016979,0.218194,0.075416,-0.13559,-0.174534,0.262058,-0.165127,0.344326,-0.009514,-0.176542,-0.152031,-0.080879,0.03052,0.209603,0.156195,0.352621,0.182456,-0.332572,-0.037217,0.397051,-0.000476,0.178537,-0.183937,-0.102201,0.064447,0.092625,-0.134439,-0.384703,-0.063131,-0.120108,0.186987,-0.027599,0.079569,0.286069,-0.036106,-0.324759,-0.019364,-0.069258,0.053873,0.15257,0.031162,-0.087051,-0.014505,-0.172946,-0.024416,0.030228,0.117998,0.20006,-0.144842,-0.265538,0.049322,0.092995,-0.021062,-0.008506,-0.153411,-0.02895,0.020154,-0.257215,-0.066633,-0.096192,-0.082505,0.063731,-0.219992,0.084488,-0.170006,0.246532,-0.087604,0.106652,0.137968,-0.082601,0.175384,-0.004747,-0.214966,-0.023247,0.052655,0.136717,-0.047041,-0.031393,-0.122576,-0.062497,-0.101308,-0.020644,0.331103,0.138382,-0.027642,-0.031274,-0.062827,-0.066095,-0.137775,-0.213601,0.318318,-0.313404,-0.044818,0.266292,0.061146,0.001567,-0.21305,-0.010716,-0.050218,-0.054239,-0.06151,0.157701,0.054008,0.207827,0.022575,0.744893,-0.118681,0.066352,-0.055691,0.036846,0.307116,-0.121567,0.187905,0.02417,0.055253,0.058784,0.192857,0.11868,0.191328,0.0449,-0.162978,0.150709,-0.413409,-0.111389,-0.022699,0.020866,0.143098,0.180217,0.19079,0.319158,0.06466,0.084625,-0.041284,0.096622,-0.075783,0.257643,0.120219,0.145171,-0.102495,-0.083542,0.083226,-0.035894,0.074157,-0.015055,-0.090835,-0.252979,0.195337,0.136268,-0.133214,0.02923,0.301298,0.010909,0.047714,-0.070043,-0.369523,0.106197,-0.104439,-0.002525,0.091843,-0.09643,-0.303697,0.30472,0.030145,-0.32367,-0.12206,0.072392,0.029682,-0.250272,0.055023,0.09273,0.419091,-0.062193,#
10,-0.210813,-0.163212,0.001835,0.040795,-0.243656,-0.023912,0.320908,-0.210777,0.172716,-0.166752,1.0,-0.081924,-0.147456,0.016837,0.223234,0.162598,0.027171,-0.208552,0.109359,0.172184,-0.11605,0.118687,-0.125271,0.053546,-0.117944,0.216323,-0.069503,0.119617,0.233837,-0.127179,-0.027912,-0.001893,-0.138623,-0.232204,0.259757,-0.217359,-0.078523,0.082665,-0.0003,0.190549,-0.277006,-0.075238,-0.295849,-0.113139,0.154056,0.038497,-0.273482,-0.254243,0.26769,-0.027732,0.142009,0.226324,-0.028193,0.329998,-0.108498,0.184149,0.166855,-0.196115,0.088031,0.160988,0.12121,-0.057931,0.093013,0.078784,0.205154,-0.097686,-0.000738,-0.040883,-0.310516,0.073954,-0.051088,0.152532,0.267525,0.132451,-0.071131,0.175626,-0.068753,0.115207,-0.067506,-0.019433,-0.110289,0.13369,-0.092555,0.011038,-0.061113,-0.035737,0.144255,-0.026785,-0.230335,-0.142229,0.066619,-0.26314,0.037534,-0.143166,-0.081704,0.175349,0.037336,-0.189909,-0.335743,-0.043414,0.040251,0.055126,-0.269668,-0.020954,0.224176,0.107277,0.002716,0.013326,-0.221642,0.355042,-0.061515,-0.11904,-0.219322,0.21709,-0.090985,-0.070019,-0.175221,0.051035,-0.177207,0.081001,0.04079,-0.128091,0.154022,0.115731,0.062982,-0.028003,-0.068398,0.094212,-0.061353,-0.112315,0.082566,-0.18286,-0.14679,-0.195504,0.145196,0.218236,0.154268,-0.106579,-0.042137,0.061751,0.014997,0.135947,-0.16878,-0.105711,0.032136,0.163362,-0.146855,-0.109728,0.317335,-0.136492,0.202646,0.050861,-0.285477,-0.063725,-0.104376,-0.213596,-0.30257,0.141624,0.224402,-0.029013,-0.029836,-0.295772,-0.048819,-0.097003,-0.101725,-0.075923,-0.141787,0.114041,0.332159,-0.302714,0.1672,-0.304819,-0.096519,0.132892,0.087483,-0.197188,-0.276035,0.127084,-0.052698,0.058245,0.127336,0.256692,0.098915,0.231536,-0.024776,0.208201,-0.14535,-0.2224,0.234874,0.033825,0.053025,0.207437,0.081023,-0.057432,-0.045356,-0.068243,0.168633,-0.046162,-0.066179,0.097892,#
11,0.260547,0.115054,-0.012669,-0.261603,0.185077,0.140419,0.282428,-0.161058,0.249429,0.195537,-0.081924,1.0,0.101686,-0.034846,-0.09964,0.34862,-0.099995,-0.149693,-0.202281,-0.288143,-0.052343,-0.045335,-0.108502,0.015167,0.152482,-0.123314,-0.0986,-0.375788,0.195216,0.124572,-0.317464,-0.001755,-0.194499,-0.021497,-0.098282,0.372712,-0.214737,-0.192982,-0.241166,0.09065,0.137932,-0.08072,-0.233695,-0.095868,-0.080274,-0.002696,-0.124181,0.08831,0.033555,0.085376,-0.040547,-0.313547,-0.01761,0.078651,0.118436,-0.095113,-0.223304,0.068245,0.031085,0.216542,-0.206359,0.279094,-0.01583,0.057762,0.13419,-0.298241,-0.083408,-0.062602,0.184308,-0.068851,0.017451,-0.205635,-0.04958,-0.311529,-0.308448,0.132849,-0.192064,0.037141,-0.21072,-0.282121,-0.177271,-0.25655,-0.098423,-0.035739,-0.173203,-0.089859,-0.180416,-0.380569,-0.117922,-0.114046,-0.043444,-0.007116,0.031001,-0.268517,-0.284811,0.059472,-0.122062,-0.347088,-0.248569,-0.038524,0.048351,-0.103391,-0.065574,-0.242339,0.001851,-0.145593,0.030708,-0.112418,-0.300888,-0.107789,-0.197798,-0.079135,-0.296753,-0.074603,-0.009069,-0.31902,-0.164284,-0.047964,-0.258981,-0.093457,-0.022865,-0.2333,-0.219348,-0.132439,0.094013,-0.199711,-0.010666,-0.14175,-0.12056,-0.142727,-0.141838,-0.07457,-0.063955,0.065103,-0.183979,-0.030938,-0.184545,-0.241297,0.050137,-0.217671,0.056249,0.002137,-0.238872,-0.111837,-0.219266,-0.252311,-0.176907,0.08562,-0.274564,-0.373092,-0.253123,-0.225312,-0.149496,-0.185778,-0.114866,-0.289124,0.02571,0.106483,-0.025516,-0.049208,0.046373,-0.164444,-0.028217,-0.105866,-0.183217,0.102691,0.138765,0.139445,0.258939,-0.234602,0.114261,0.042263,-0.014614,-0.10358,0.224646,-0.328865,-0.275681,0.14026,0.177812,-0.184392,0.337738,-0.00075,0.264639,0.070215,0.30455,-0.226231,-0.020907,0.100576,0.052033,0.378532,0.074674,0.161395,0.307448,-0.009844,-0.100447,0.252369,0.173807,-0.189654,-0.001461,-0.064192,#
12,0.400295,0.003726,-0.11355,-0.238263,0.281359,-0.102834,0.07033,-0.163924,0.26824,0.156233,-0.147456,0.101686,1.0,0.211914,0.053298,0.070252,-0.011048,0.199699,0.081359,-0.006,-0.108823,0.055362,0.331375,-0.206775,-0.171739,-0.152665,0.05251,-0.035638,0.199159,-0.110265,-0.341155,0.106835,0.028373,0.076732,-0.099278,0.129723,0.324176,-0.07782,-0.046251,-0.06611,0.126284,0.2059,0.001163,0.061314,0.17975,-0.045349,0.353789,0.205943,-0.020132,0.154251,-0.044707,-0.17873,0.092777,-0.087427,0.061259,-0.161079,-0.229392,0.183901,0.10986,-0.135842,0.021213,-0.038575,-0.221891,-0.052222,0.030689,0.242543,0.151311,-0.000398,0.325934,-0.15749,0.102214,-0.292314,-0.082893,-0.233071,-0.002299,0.227376,-0.130482,-0.329985,-0.099206,-0.276544,-0.266615,-0.282223,-0.20888,-0.14393,-0.077529,-0.130718,-0.201136,-0.164925,-0.225486,-0.100505,-0.19632,-0.31797,-0.191207,0.045567,-0.113045,-0.212428,-0.00857,-0.209265,-0.060835,-0.531967,0.227916,-0.25142,-0.295777,-0.328435,-0.196833,0.013966,-0.196556,-0.09407,-0.27861,-0.003285,0.182339,-0.120561,0.061616,-0.310303,-0.283649,-0.23974,-0.403662,-0.142272,0.217438,-0.426196,0.01104,-0.328001,-0.108751,-0.264142,-0.241547,0.051547,-0.330003,0.174134,-0.212048,-0.278234,-0.098882,0.091362,0.000321,0.088185,-0.300192,-0.178259,0.019368,0.013396,0.083177,-0.364906,-0.287888,-0.11253,-0.26795,0.121253,-0.320683,-0.128641,-0.122419,0.310192,-0.447691,-0.105825,-0.076572,-0.241679,-0.031478,-0.128531,-0.196365,-0.130372,0.286427,0.317004,-0.361383,-0.204636,-0.143459,-0.002822,-0.365289,-0.041974,0.163397,0.092917,-0.247029,-0.043416,-0.298775,0.0288,0.08895,0.253491,-0.041838,-0.234872,0.104581,-0.020731,-0.008234,0.284336,0.287501,-0.371104,0.190179,0.241449,-0.133334,0.04936,0.174503,-0.098864,0.244446,-0.078126,-0.34376,0.280264,-0.22117,-0.015538,0.179053,0.385209,-0.017024,0.085032,0.264611,-0.163436,-0.063382,0.105637,#
13,-0.057974,0.029908,0.048788,-0.13927,0.133358,0.372416,0.092652,0.076855,0.029532,0.290484,0.016837,-0.034846,0.211914,1.0,-0.040896,0.014428,-0.263217,0.2223,0.218575,-0.010828,0.125891,0.026607,0.268009,-0.186576,-0.150834,-0.182631,0.23211,0.039357,0.016709,-0.147236,0.091473,0.228765,0.111162,-0.083798,-0.210312,0.162874,0.172636,-0.018979,-0.13375,-0.409616,0.099911,0.348402,0.341076,0.25568,-0.01395,-0.327141,0.174132,0.240324,0.108809,-0.083044,0.049014,0.077237,-0.022101,-0.205634,-0.353785,-0.225917,0.115602,0.087008,0.093233,-0.029272,0.078819,0.280142,-0.255066,-0.002901,0.118959,0.28005,0.259108,0.30931,0.238328,-0.026091,-0.042747,-0.206267,0.094336,-0.191207,0.061116,0.274943,-0.060988,-0.262628,-0.108549,0.018436,-0.078008,-0.220488,0.003874,-0.013886,-0.046235,-0.009197,0.011246,-0.105537,-0.155611,-0.076945,-0.032382,-0.21302,-0.014571,0.018358,-0.005544,-0.065891,-0.067936,0.011258,-0.127302,-0.285925,-0.027516,-0.097666,0.049292,-0.112427,-0.04131,-0.119252,-0.124429,-0.427506,-0.096587,-0.107416,0.196997,0.133338,-0.010138,0.062159,0.019103,0.052262,-0.287656,-0.103798,0.255822,-0.219463,0.030761,0.038972,-0.014708,-0.148184,0.040433,0.06192,-0.220882,0.073832,-0.02721,-0.098556,0.071695,0.279944,-0.199455,0.200066,0.033548,-0.103617,-0.035877,0.129777,0.237481,-0.109014,-0.062351,-0.149423,-0.129104,-0.215311,-0.035458,0.089031,0.131627,0.040409,-0.159562,0.076724,-0.231111,0.097711,-0.096105,-0.050037,0.163016,-0.003366,0.285297,0.393223,-0.177421,0.095334,-0.032313,-0.109769,0.018802,0.268094,0.073005,0.225101,0.070377,0.032072,-0.180439,0.314253,-0.101689,0.196153,-0.267249,-0.075576,-0.041265,0.059403,-0.125278,0.099246,0.292351,-0.116145,0.104865,-0.078226,-0.227684,-0.007762,0.131396,-0.127903,0.06883,-0.075546,-0.168789,0.08021,-0.02406,-0.170268,0.117737,0.123656,0.218647,-0.083968,0.127035,-0.150175,0.245383,0.028078,#
14,0.117538,0.182194,-0.226171,-0.021387,-0.032183,0.180711,0.115709,0.198653,0.144197,-0.365432,0.223234,-0.09964,0.053298,-0.040896,1.0,0.159145,0.016687,-0.196746,0.038271,-0.083882,-0.103921,0.395726,0.098467,-0.112881,-0.003079,0.025141,-0.066835,0.09291,0.31293,0.064418,-0.329648,0.311231,0.073079,0.015637,-0.095512,-0.174229,0.04682,0.100787,0.351143,0.130639,-0.210633,0.06807,-0.019964,-0.101071,-0.10014,0.339194,0.240696,-0.305751,0.120161,0.100094,-0.037678,0.115533,-0.059088,-0.186816,0.036562,0.211202,-0.053739,0.18298,-0.33359,0.230244,0.260103,-0.126343,-0.032446,0.396142,0.261216,0.176288,-0.23623,0.031237,0.018289,-0.146899,0.024974,-0.05417,0.243653,-0.138198,-0.178253,-0.128681,-0.118933,0.13945,-0.196453,-0.286361,-0.145278,-0.223519,-0.138986,-0.214836,-0.250667,-0.007884,-0.155062,-0.234119,-0.268506,-0.154872,0.006998,-0.181933,0.033934,-0.088803,-0.078957,-0.041283,-0.226532,-0.308174,-0.242389,-0.212474,0.064029,0.008823,-0.244493,-0.306812,-0.075011,0.090878,-0.163915,-0.12141,0.006562,-0.211684,-0.34314,-0.052789,-0.208667,0.029539,-0.403028,-0.070271,-0.28179,0.013875,-0.152044,-0.090388,-0.06856,-0.253085,-0.090059,-0.050872,0.10365,-0.032691,0.112033,-0.057848,-0.249151,-0.271307,0.101527,-0.450581,-0.244,-0.310088,-0.368222,-0.006466,-0.074317,-0.283892,0.139563,-0.182753,-0.195398,-0.328162,-0.280472,-0.208736,-0.339531,-0.104653,-0.133164,-0.149721,-0.038737,-0.316822,0.030078,-0.09935,-0.014251,-0.110936,-0.222156,-0.219418,-0.000942,0.144942,-0.28887,-0.031936,-0.272311,-0.163711,-0.089815,-0.389663,-0.19021,0.175674,-0.106386,0.030389,-0.21302,-0.160114,0.011561,0.151385,-0.227214,-0.03622,0.270623,-0.081493,-0.015721,0.111236,0.000715,-0.191859,0.154019,0.325359,0.170283,0.171669,0.180276,-0.161628,0.186112,0.001312,0.188956,-0.001633,-0.395322,0.363183,0.027354,0.105631,-0.167869,-0.092647,0.19172,-0.30164,0.0221,0.043561,#
15,0.010391,-0.092205,-0.231509,-0.101752,-0.112916,0.052201,0.109843,-0.168755,-0.036003,-0.088761,0.162598,0.34862,0.070252,0.014428,0.159145,1.0,0.025216,-0.490904,0.079581,-0.139104,-0.036015,0.062762,-0.149301,-0.125,-0.248793,0.055776,-0.150031,-0.027961,0.109066,-0.126878,-0.31363,0.042191,-0.06503,-0.144848,0.227275,0.027728,-0.217667,0.145471,-0.282124,0.185367,-0.035662,-0.091385,-0.117623,-0.079438,0.031446,0.153555,0.039562,-0.277821,0.18662,0.080129,0.028554,-0.056249,-0.045426,0.028637,-0.14744,0.060519,0.035939,-0.053856,0.001887,0.109282,-0.059856,0.107666,0.143846,0.342221,0.08871,-0.180367,-0.209849,0.116365,-0.069017,-0.238213,0.059562,0.055868,0.045647,-0.204385,-0.06739,0.01884,-0.222556,0.137118,-0.042173,-0.282438,-0.055739,-0.165875,-0.165999,-0.16954,-0.083963,-0.051824,-0.099864,-0.184033,-0.056117,-0.007918,0.205188,-0.053224,0.239285,-0.406858,-0.104598,0.007152,-0.109988,-0.34294,-0.313319,-0.004023,0.230145,0.007012,-0.172119,-0.035394,-0.071908,0.088792,-0.357058,-0.052779,-0.182739,-0.009741,-0.397012,-0.358585,-0.180123,0.144482,-0.245204,-0.117836,-0.043615,0.021652,-0.48431,0.132786,-0.0897,-0.224563,0.022733,0.343422,0.147169,-0.208767,-0.025096,-0.087916,-0.112778,-0.081097,-0.140875,-0.141124,-0.156382,0.071287,-0.162667,-0.100419,-0.056546,-0.294471,-0.189276,0.025933,-0.071099,-0.205096,-0.109295,-0.059078,-0.377873,0.221262,-0.394736,-0.177394,-0.172752,-0.341719,-0.016218,-0.184136,-0.268916,-0.05183,-0.288419,-0.156509,-0.109264,-0.087169,-0.134342,-0.060878,-0.453156,-0.399815,-0.049728,-0.359364,-0.251788,0.072112,-0.066339,0.230902,0.107361,-0.281637,0.077884,0.063692,-0.122417,-0.0141,0.225724,-0.272373,-0.18102,-0.041411,-0.267378,-0.113388,0.143087,0.117406,0.537653,0.244163,0.225552,-0.075399,0.097504,-0.049348,0.540692,-0.019874,-0.278427,0.328385,0.222936,0.015941,-0.024622,0.115807,0.315762,-0.037625,-0.212189,0.052055,#
16,0.12287,-0.092389,-0.036659,0.127317,0.157322,-0.05938,-0.027155,0.115826,-0.127824,-0.521347,0.027171,-0.099995,-0.011048,-0.263217,0.016687,0.025216,1.0,-0.171574,-0.093117,-0.127672,-0.225634,0.055663,-0.13233,0.096191,-0.147759,-0.088667,-0.160953,0.013013,-0.123305,-0.130393,-0.018807,0.215034,-0.060265,-0.303103,0.057829,-0.350629,-0.142929,0.055617,0.032052,0.082176,-0.071667,-0.145201,-0.162766,-0.131159,0.099828,0.230052,-0.042452,-0.189885,-0.147132,0.00166,0.171355,-0.024102,0.098888,-0.00194,0.173428,0.131754,-0.091109,0.051627,-0.267118,0.018819,-0.004053,-0.248047,0.063003,0.15277,0.095445,-0.045329,-0.099158,-0.174475,-0.048459,0.099684,-0.070622,0.118814,0.101833,-0.144937,-0.287323,0.073946,-0.149652,-0.02929,0.03072,0.005748,0.056003,-0.073333,0.084664,0.157603,-0.080074,0.045488,0.019539,-0.004202,-0.072554,-0.183649,0.175006,-0.060691,0.085185,-0.224438,-0.013769,-0.226418,-0.001445,0.005537,-0.047435,-0.070559,0.276977,-0.024342,-0.084938,0.067251,-0.033679,-0.244071,0.298335,-0.091679,-0.011886,0.157336,-0.185872,-0.070847,0.004921,-0.007511,-0.103905,0.070492,0.18627,-0.0972,-0.094918,0.247509,-0.12186,0.0561,-0.359988,-0.018641,0.007798,-0.213279,-0.114509,0.143597,-0.191383,0.022866,-0.182581,-0.243927,0.0647,-0.319076,0.100733,-0.119298,0.08559,-0.321219,-0.4399,-0.012476,-0.090895,0.149064,0.033311,0.143069,-0.197689,-0.043942,-0.177006,0.116273,-0.048445,-0.008359,0.208277,0.118152,0.025199,-0.163862,-0.301339,-0.190375,-0.276111,-0.068426,-0.115483,-0.182138,-0.098461,0.070497,0.031437,-0.260909,0.035289,-0.026848,-0.065199,-0.124397,0.007276,0.057887,0.29713,-0.057657,-0.094415,0.14792,-0.207834,-0.167233,-0.01223,-0.17034,-0.213668,-0.054688,-0.019209,-0.253565,0.391763,0.081164,0.021889,-0.075782,0.036467,-0.008353,0.181773,-0.145168,0.006449,0.178323,0.079373,0.211077,0.129835,0.210037,-0.013734,0.139057,-0.383731,0.076784,#
17,-0.014878,0.112265,0.233366,-0.030441,0.05083,-0.051461,-0.137422,-0.104179,0.231482,0.28779,-0.208552,-0.149693,0.199699,0.2223,-0.196746,-0.490904,-0.171574,1.0,0.05107,0.354542,0.127109,-0.059462,0.371582,0.124661,0.203262,-0.207239,0.242496,0.116679,-0.090286,0.068956,0.266517,0.046474,0.108632,0.199198,-0.229935,0.073807,0.356318,-0.277349,0.120407,-0.337414,0.092472,0.308367,0.217319,-0.017893,0.142102,-0.301586,0.271715,0.442341,-0.11573,-0.007365,0.104908,-0.08825,-0.221749,0.02333,-0.294104,-0.185089,-0.086754,-0.097568,0.025497,-0.252718,-0.114526,-0.027531,-0.090361,-0.351071,-0.188449,0.171816,0.228224,0.104099,0.277424,0.328234,0.010446,-0.128571,-0.190503,0.189968,0.163036,-0.097966,0.077099,-0.317389,0.036998,0.104796,0.020761,0.052404,-0.061671,0.289825,0.130804,0.116304,-0.176634,0.115195,-0.005162,0.061613,-0.062328,-0.00793,-0.319771,0.493843,0.129949,-0.066283,0.118991,0.186676,0.218401,-0.104696,-0.263922,-0.216619,-0.181486,0.179854,0.133033,0.075534,0.023809,0.089434,0.118352,0.029633,0.520458,0.203719,0.338335,-0.140501,0.213846,-0.075511,-0.167185,-0.192253,0.658603,-0.333275,-0.07959,0.14331,-0.020008,-0.411412,-0.312696,0.206161,-0.074373,0.134025,-0.101319,-0.133802,0.14804,0.256097,0.231505,0.211323,0.089735,-0.039687,-0.107988,0.333056,0.30628,-0.044218,0.099297,0.080001,-0.022799,-0.151749,0.040581,0.012108,0.290317,0.289828,-0.239551,0.427648,-0.143693,0.069401,0.17014,0.022982,0.170517,0.166919,0.285175,0.175457,-0.001674,0.191548,0.29699,0.372933,0.126796,0.70811,0.263478,0.087819,0.021865,-0.185321,-0.375267,0.249947,-0.181659,0.239984,0.00606,-0.277848,-0.203213,0.168928,0.320162,0.143375,0.299121,-0.184735,0.103155,-0.171142,-0.750839,-0.16849,-0.140719,0.034073,-0.129477,0.1165,-0.559884,0.129598,0.036973,-0.363106,-0.158589,0.007567,-0.027269,-0.105718,-0.073694,0.007338,0.216885,-0.199091,#
18,0.065369,-0.063571,0.03323,-0.096072,-0.077555,-0.109979,0.140229,0.069576,0.333111,-0.10432,0.109359,-0.202281,0.081359,0.218575,0.038271,0.079581,-0.093117,0.05107,1.0,0.076868,-0.008174,0.172378,-0.014272,-0.092813,-0.501028,-0.163266,-0.044077,0.356422,0.200212,-0.290747,-0.02247,0.192563,0.135156,-0.124087,0.051156,0.012806,0.241166,0.404102,-0.117732,-0.255975,0.270594,-0.043039,-0.154945,-0.031166,-0.061263,-0.273753,0.288872,-0.074432,0.009965,0.101731,-0.233347,0.215396,0.034861,0.041085,-0.324176,-0.108879,-0.027374,-0.080165,0.062423,-0.224504,-0.012304,-0.090442,0.076982,-0.079816,-0.001479,0.087835,0.410656,-0.114983,0.060503,-0.052624,-0.074162,-0.045198,-0.041891,0.164056,0.092913,-0.156871,0.275916,-0.325839,-0.002329,-0.041326,-0.052813,0.054992,-0.029068,-0.164173,0.102971,0.063588,0.033067,0.014643,-0.088931,0.233461,0.291147,0.077242,-0.116614,0.130876,0.113816,0.187831,0.045257,0.055281,0.016387,-0.149,-0.015546,-0.0071,-0.134388,0.099076,-0.033626,0.078347,-0.144432,-0.025128,0.288012,0.009845,0.079225,-0.051835,0.211128,0.141724,0.108751,-0.179804,0.149217,0.235154,0.168862,-0.019468,0.137526,0.031986,0.230432,0.01873,0.001433,0.115478,-0.113552,0.263532,0.220144,0.153147,0.225673,0.332961,0.034137,-0.090278,0.254306,0.067231,-0.047139,0.087999,-0.070948,0.032275,0.123481,0.025639,-0.175284,-0.009018,0.098014,0.18212,0.21336,0.076644,-0.111049,0.195387,0.256643,0.111546,0.189217,-0.107234,0.138066,0.036103,0.14216,0.139033,0.118518,0.017787,-0.101884,0.001413,-0.073462,0.089496,0.43338,-0.019124,0.115216,-0.031737,-0.165449,0.410214,-0.45848,0.404415,0.19408,0.017953,-0.059774,0.150416,0.014701,0.019803,-0.168875,0.090611,0.039608,0.135099,-0.111571,-0.072065,-0.067718,0.0964,0.233889,0.054113,-0.052071,-0.367337,0.020571,-0.103329,-0.016248,-0.023378,-0.02271,0.039602,0.075625,0.009392,0.11686,-0.051764,#
19,-0.179411,-0.04682,-0.048454,0.045989,-0.178374,-0.057938,-0.095953,-0.084911,0.052099,-0.019707,0.172184,-0.288143,-0.006,-0.010828,-0.083882,-0.139104,-0.127672,0.354542,0.076868,1.0,0.024072,0.139331,0.145946,-0.013602,-0.018387,0.073318,0.178375,0.18114,-0.084601,0.006228,0.289279,-0.094225,0.294612,0.036569,0.203004,-0.193263,0.02386,0.076071,-0.109836,-0.052414,-0.016069,0.16943,-0.160122,-0.055447,0.037254,-0.237328,0.021274,0.058378,-0.080528,-0.12427,0.139962,0.131543,-0.137774,0.021871,-0.148196,0.215426,-0.027385,-0.107022,0.098813,-0.208069,0.071653,-0.102211,0.153263,-0.15322,-0.005903,0.038006,0.38625,0.07324,0.048352,0.26573,-0.032272,0.060429,0.026748,0.182146,0.161058,-0.108334,0.173377,-0.054833,0.160457,0.120715,0.035046,0.160214,0.056086,-0.033244,0.180348,0.251107,-0.040025,0.293226,0.15444,0.071221,0.067035,-0.054834,-0.239626,0.197167,0.200337,0.176117,0.287462,-0.01263,0.113007,0.047166,-0.19556,-0.171242,-0.07216,0.218895,0.136589,0.267543,-0.046056,0.321902,0.044024,0.132175,0.456907,-0.200739,0.175114,-0.125002,0.21005,0.136319,0.230754,0.07041,0.314926,-0.052048,0.079522,0.222536,0.061664,-0.107171,-0.2199,0.289908,0.162549,0.197833,0.11729,-0.03612,0.09444,0.239309,0.021174,0.036801,0.113253,0.098896,-0.200939,0.228278,0.004525,0.26178,0.249289,-0.061883,0.098381,0.070032,0.122879,0.074588,0.322954,-0.007424,0.298256,0.312296,0.149607,0.039813,0.252448,0.271268,0.202805,0.389595,0.07902,-0.190181,0.303318,0.236326,-0.079765,0.21761,-0.038772,0.428299,0.112162,-0.011125,0.180392,0.169852,-0.073583,0.206204,-0.179206,-0.173894,0.131039,0.167622,-0.089958,0.312178,0.351912,0.024491,0.177235,0.184447,0.030003,-0.067064,-0.517036,-0.029426,-0.058369,0.316606,-0.052404,0.060849,-0.284331,0.095267,-0.007011,-0.225191,-0.236176,-0.180171,-0.168632,0.014104,-0.058831,0.148935,-0.000443,-0.034618,#
20,-0.261435,-0.072586,-0.161124,-0.190375,0.086728,0.260337,0.035165,0.027265,-0.149793,0.019779,-0.11605,-0.052343,-0.108823,0.125891,-0.103921,-0.036015,-0.225634,0.127109,-0.008174,0.024072,1.0,-0.208953,0.083284,-0.103833,-0.01072,0.047916,0.123874,0.037398,-0.002438,0.189391,0.035898,-0.002873,0.066386,0.074444,-0.05913,0.140791,-0.017895,-0.023562,-0.047392,-0.220357,0.052017,-0.044334,0.183529,0.111913,-0.065442,-0.075658,-0.161037,0.121004,0.234429,-0.344071,0.027938,-0.267497,-0.087337,-0.183774,-0.205177,-0.098625,0.159968,-0.137819,0.145177,0.103084,-0.024449,0.01121,-0.126226,-0.11676,-0.257928,0.141094,-0.108251,0.332866,0.098913,0.029041,0.074804,-0.053197,-0.159645,0.059381,0.249014,0.058506,0.173757,0.156571,-0.145694,-0.07754,-0.064082,0.052311,-0.025801,0.039931,-0.000846,-0.059474,-0.101751,0.149972,0.063949,0.285472,-0.156309,-0.005068,-0.070854,-0.080625,-0.029206,0.005453,-0.097713,-0.046589,-0.059484,0.217373,-0.081618,0.041102,-0.052099,-0.107259,-0.033321,-0.069771,-0.131608,-0.110143,0.188717,-0.362583,0.194172,0.063318,-0.056532,-0.199227,0.185261,0.123794,0.061193,0.100511,-0.105394,-0.043719,0.148334,0.076671,0.106128,0.04673,-0.133321,0.100838,0.031047,0.262427,0.076172,-0.071578,-0.02003,0.078059,-0.142049,0.018981,0.03293,0.046016,-0.229235,0.143557,0.113245,0.128504,0.007473,-0.115726,-0.178258,-0.127692,0.011605,0.027836,0.294403,0.20712,-0.001227,-0.045073,-0.131308,0.044419,0.10858,-0.086945,-0.114471,-0.10037,0.087547,0.009691,-0.074137,0.049128,-0.001308,-0.026133,0.057647,0.126476,-0.120893,0.06626,0.003563,-0.02431,-0.098342,0.236398,-0.073612,-0.066402,-0.204759,-0.025276,-0.033706,0.027056,0.103484,0.032838,0.026293,-0.124195,0.172481,-0.175362,-0.070214,0.128146,0.156494,-0.300992,0.010806,-0.087432,0.023468,0.056696,-0.018636,0.11752,0.011509,-0.238584,0.0143,0.084641,0.011457,-0.085244,0.008722,0.121818,#
