0,1.0,0.136338,-0.050594,-0.130135,0.20736,0.195323,0.015766,0.091758,-0.271821,0.152319,-0.015477,0.005433,0.443276,0.232157,0.008251,0.110787,0.016249,-0.0527,-0.054673,-0.107877,0.146945,0.302083,0.157362,-0.250379,-0.16785,-0.351733,0.038132,-0.296125,0.240954,0.181583,0.174279,0.145892,0.152619,-0.205728,-0.144345,0.135109,0.095127,-0.101724,-0.041744,-0.251839,0.084168,0.150148,-0.00476,0.099664,-0.239604,-0.188538,0.032041,0.180105,-0.259727,-0.121779,-0.001972,-0.201481,0.11533,-0.126097,0.151282,0.006212,-0.198392,-0.035499,0.065729,0.227325,0.453137,0.204403,-0.136269,-0.075749,0.011626,0.164327,-0.130784,0.344118,0.107915,-0.137502,-0.007762,0.031899,-0.42809,-0.180718,-0.507468,0.33342,-0.094032,-0.163395,-0.399817,-0.076047,-0.089889,-0.348622,0.054566,-0.004163,-0.122404,-0.131662,-0.151663,-0.022319,-0.134817,-0.325122,-0.251384,-0.333407,-0.144295,-0.0096,0.066445,-0.153869,-0.066253,-0.188014,-0.112377,0.041694,0.121681,-0.212376,-0.184813,0.00207,-0.011822,-0.281086,-0.06732,-0.009466,-0.364654,-0.081689,0.161481,0.178738,-0.298501,-0.204052,0.011486,0.090988,-0.362246,-0.353783,-0.016579,-0.183014,-0.322251,-0.067634,0.050212,-0.301351,-0.166204,0.080338,-0.161057,0.035989,-0.042786,0.155967,-0.11044,-0.256646,-0.167679,0.00623,-0.455033,-0.055652,-0.135701,-0.216947,0.312562,-0.253569,-0.131765,-0.010309,-0.15338,0.088809,-0.122294,-0.075549,-0.164828,0.192019,-0.283099,-0.52157,-0.11931,-0.352629,-0.073885,-0.31428,0.118374,-0.111817,0.273039,0.255388,-0.214684,-0.374551,0.023424,-0.276354,0.098779,-0.289351,-0.048598,0.15139,-0.314357,-0.125903,-0.187977,-0.354009,0.077626,0.073226,-0.460202,-0.008436,-0.016101,-0.303678,-0.009211,0.128172,0.207383,0.018762,0.15323,-0.149482,-0.022126,0.241973,0.238176,-0.130567,0.361552,-0.13524,-0.180586,0.267984,0.088392,0.168035,0.27546,0.010419,-0.047899,0.057899,-0.042003,-0.273191,0.112236,0.179692,#
1,0.136338,1.0,0.388621,-0.292148,-0.006141,0.160545,0.369836,0.269341,0.224846,0.325943,-0.154904,-0.088762,0.33317,0.269997,0.38272,-0.03512,-0.159396,0.305687,0.170761,-0.03764,-0.194979,0.213643,0.431123,-0.026299,0.030768,-0.298878,0.23509,-0.115673,-0.075452,0.178156,-0.247703,0.161258,0.215888,-0.105716,-0.256842,0.357672,0.228189,-0.067094,0.050431,-0.052105,-0.099204,0.304632,-0.017617,0.135348,0.410582,-0.456731,0.308301,0.052162,0.023824,0.240867,0.035638,-0.287023,0.005013,-0.267067,-0.219084,-0.258272,-0.197524,-0.394834,-0.136761,-0.10735,0.238615,0.01693,-0.354865,-0.054678,0.280291,0.218371,0.002102,0.12883,0.352126,-0.024207,0.15753,0.064058,-0.113437,-0.328539,-0.309255,0.393252,-0.30931,-0.504022,-0.181869,-0.183279,0.01075,-0.416485,-0.266404,0.221498,-0.411077,-0.12437,-0.284315,-0.192073,-0.221399,-0.314102,-0.234621,-0.235232,-0.481036,0.010951,-0.230748,-0.108241,0.136394,-0.091433,0.133236,-0.149899,-0.100054,-0.172561,-0.236915,-0.213382,-0.24475,-0.232476,-0.412418,-0.056295,-0.51911,-0.277945,0.301893,0.420123,-0.263813,-0.216645,0.03164,-0.187598,-0.299308,-0.519912,0.152314,-0.446446,-0.319633,-0.43574,-0.471982,-0.287294,-0.326199,-0.052016,0.172952,0.318019,-0.17987,-0.059851,-0.095716,-0.071926,-0.354833,-0.078704,-0.296841,-0.365572,0.161404,-0.088958,0.056944,-0.377852,-0.25691,-0.12136,-0.409033,-0.298082,-0.140394,-0.02483,-0.410412,0.440901,-0.132789,-0.251644,-0.298816,-0.46993,0.008103,-0.242076,-0.236056,-0.276275,0.282613,0.3586,-0.186095,-0.295682,0.195256,-0.01306,0.23984,0.17692,0.032827,0.331457,-0.154979,0.007489,-0.309345,-0.221332,-0.001088,-0.089966,-0.277888,-0.255763,0.206933,-0.187237,-0.070399,0.446717,0.520292,-0.516786,0.423965,0.096401,-0.359391,0.020791,0.234718,-0.104873,0.390259,-0.236556,-0.481915,0.433809,0.201408,0.208222,0.36476,0.421835,-0.169988,-0.038664,0.174228,-0.040359,0.359155,0.053002,#
2,-0.050594,0.388621,1.0,0.170697,-0.05032,0.01211,0.234861,0.123658,0.3188,-0.044852,-0.058747,-0.145514,-0.167836,-0.081481,0.004818,-0.193568,-0.206513,0.321504,0.029045,0.127733,0.061428,0.126286,0.051259,-0.016014,0.342528,-0.157041,0.430988,0.202467,-0.030251,-0.045203,0.051265,0.125581,-0.095486,-0.096899,0.076615,0.070863,0.224216,-0.19914,0.169341,-0.139288,0.118842,0.179536,-0.063126,0.061805,0.196873,-0.171239,-0.016529,0.441273,0.20689,-0.040598,-0.17246,0.004537,0.143235,0.039407,-0.219982,-0.073575,-0.097918,-0.369001,-0.308075,0.139325,-0.189329,-0.309155,-0.056449,0.05366,0.051446,0.008327,0.230473,0.088244,0.110378,0.326415,0.413363,0.3575,0.036678,0.032609,0.11356,0.065398,-0.116506,-0.393748,-0.024168,-0.235767,0.289436,-0.065596,-0.084979,0.2344,-0.209954,0.304842,-0.023024,0.01409,0.059843,-0.044393,0.043782,-0.035268,-0.031487,0.118803,0.013997,0.073864,0.344985,0.053544,0.176482,-0.09138,-0.142456,0.118166,0.057284,-0.023155,0.04113,0.052426,-0.043114,0.156416,-0.508434,0.058718,0.50732,0.021067,-0.024704,-0.018773,0.493645,0.006151,-0.207213,-0.149345,0.113837,-0.024329,0.03743,0.020837,-0.075419,0.001456,0.129898,-0.088671,0.109008,0.247527,-0.201786,-0.035246,0.428893,-0.127354,0.103047,-0.015745,0.163976,0.030257,-0.061838,0.304416,0.266639,-0.018774,-0.080677,0.130466,-0.045417,-0.214681,-0.099149,0.092457,-0.307064,0.146631,0.237729,0.04264,0.029356,-0.089086,0.180262,-0.062503,-0.018176,0.100479,0.068487,0.145038,0.076412,0.113252,0.284913,0.184497,-0.009516,0.159283,0.004103,-0.140371,-0.066074,-0.013302,-0.018949,0.149253,-0.038413,-0.141084,-0.167859,0.07942,-0.246844,0.228026,0.047462,0.210465,0.177883,-0.327434,0.131483,-0.060062,-0.274274,0.13019,-0.048768,0.177099,0.083878,0.126219,-0.15398,0.040186,0.389463,-0.011752,0.075131,0.234566,-0.368443,0.17379,-0.130142,0.023046,0.154445,-0.001197,#
3,-0.130135,-0.292148,0.170697,1.0,-0.05277,-0.207025,-0.321578,-0.370918,-0.08639,-0.307579,0.048815,-0.001376,-0.320385,-0.229263,-0.321173,-0.249778,-0.005431,-0.08835,-0.257411,0.320817,0.0892,0.022932,-0.182602,0.128669,0.168749,0.254799,0.063498,0.235796,-0.063251,-0.309227,0.288595,-0.002722,-0.071679,-0.06163,0.256716,-0.252641,-0.075118,-0.054362,-0.174672,0.023102,0.03722,-0.048639,-0.158925,0.049426,-0.055227,0.439706,-0.136129,0.066488,0.135161,-0.1692,0.037619,0.40746,0.061005,0.108754,-0.190258,-0.0135,0.403775,0.11494,0.131569,0.266815,-0.246879,-0.242715,0.166054,-0.206412,0.080432,-0.256975,0.16141,0.108322,-0.063958,-0.080969,0.06573,0.085544,0.251333,0.211572,0.024757,-0.335347,0.204855,0.104115,0.073765,0.022491,0.273276,0.51873,0.281936,0.021939,0.289111,0.160667,0.403088,0.150302,0.168986,-0.101598,0.319612,0.29489,0.406533,-0.160314,0.341077,0.215342,0.238055,0.111419,-0.221636,0.315339,-0.029528,0.32219,0.520187,0.17137,0.377414,0.373721,0.273206,0.019584,0.206313,0.158567,-0.148974,-0.228374,0.195998,0.269431,0.225316,0.080498,0.222288,0.154321,-0.158638,0.357046,0.233745,0.299877,0.574266,0.235621,0.252028,0.166816,0.059733,-0.035946,0.298331,0.342937,0.16764,0.069432,0.270315,0.045195,0.393511,0.349578,0.049181,0.157891,0.105237,0.458725,0.204317,0.1011,0.186985,0.212801,0.425433,0.241912,0.260391,-0.370872,0.396087,0.277603,0.304047,0.301009,0.137324,0.402863,0.139816,0.315263,-0.284216,-0.276317,0.226291,0.248821,-0.240724,0.147138,-0.156541,0.070966,-0.123763,-0.374622,0.18944,0.139929,0.228686,0.282557,-0.326196,-0.013261,0.3907,0.233679,-0.429227,0.466875,0.190408,-0.045118,-0.490664,0.29041,-0.393151,-0.216794,0.062633,-0.012407,-0.216842,0.218227,-0.217824,0.173168,0.495043,-0.373904,0.228037,-0.153498,-0.202871,-0.255283,-0.052424,0.03771,-0.342297,0.177498,0.093072,-0.366429,#
4,0.20736,-0.006141,-0.05032,-0.05277,1.0,-0.076598,-0.140152,0.091742,-0.290969,-0.241965,0.118599,-0.0763,0.028603,-0.160883,-0.012039,-0.002693,0.083928,-0.079571,0.098676,-0.114744,-0.266742,-0.165565,-0.001459,-0.197089,-0.007955,-0.121215,-0.250862,0.083376,-0.044148,-0.036533,-0.138696,-0.177386,-0.084916,-0.177061,-0.034838,0.076669,-0.212272,-0.176911,0.072577,0.232037,-0.093132,-0.284627,-0.102823,0.004161,-0.12663,0.200288,-0.127687,0.278366,-0.046432,-0.012981,0.276553,-0.030586,-0.122939,-0.130856,0.234862,0.064236,-0.054949,0.219217,0.075321,-0.205985,-0.127128,0.103366,-0.067455,0.035711,-0.102065,0.21259,0.240078,-0.171498,0.105138,0.074392,-0.037719,-0.104675,-0.148782,0.13655,-0.10881,0.423504,-0.083863,-0.314352,-0.226223,-0.216625,-0.168851,-0.121957,-0.024188,0.10348,-0.052854,-0.050854,0.075743,0.016034,-0.18505,-0.078734,-0.008396,-0.167155,0.084783,-0.242045,-0.076832,0.027125,0.238039,-0.247725,0.023023,0.098791,0.097063,-0.225041,-0.01417,-0.169112,-0.163978,0.029847,0.067396,-0.072301,-0.127889,-0.161371,-0.023441,-0.094526,0.125738,-0.115244,-0.090427,-0.085544,-0.1747,0.126371,-0.082558,0.100355,-0.164362,0.022947,0.27328,0.038913,0.163172,-0.06188,0.047219,-0.016452,0.115414,-0.082005,-0.043448,-0.15287,-0.078251,-0.15436,-0.142298,-0.051348,-0.012696,-0.13676,-0.088821,0.160002,-0.033396,-0.104007,0.007911,0.154684,0.009686,-0.098677,-0.278265,0.020672,-0.041499,-0.335303,-0.149228,-0.08472,-0.388391,-0.000305,-0.210157,-0.129008,-0.054297,0.031126,0.006044,-0.016021,-0.182648,-0.191649,-0.067397,0.068027,-0.006722,-0.069415,-0.127864,-0.000728,-0.091828,-0.094547,0.105416,-0.111192,-0.053832,-0.012323,0.094171,0.020238,0.098499,0.221898,-0.006605,0.002826,-0.019437,-0.034533,0.225257,0.150255,0.07967,-0.346747,-0.039875,-0.25343,-0.096362,-0.094109,-0.002694,0.093412,0.293263,-0.066139,0.032219,-0.123052,0.048991,0.058245,-0.275769,0.085472,#
5,0.195323,0.160545,0.01211,-0.207025,-0.076598,1.0,0.236397,0.355208,-0.094237,0.106104,0.197424,0.068841,0.094895,0.063526,0.069465,0.141129,0.330667,0.180344,-0.053726,0.061124,-0.000727,0.350156,0.215231,0.009705,-0.194322,-0.266986,0.010376,-0.287389,-0.042943,-0.192183,-0.056589,0.169064,0.020101,-0.115334,-0.190095,-0.098501,0.040522,0.085105,0.038526,-0.250399,-0.074237,0.328292,0.055175,0.233782,0.095294,-0.217456,0.014942,0.139706,0.112698,-0.096088,-0.095209,0.032119,0.121543,-0.037049,0.12951,0.060873,-0.177169,-0.301124,-0.088986,-0.209665,0.264054,-0.144394,-0.281861,0.18873,0.045168,0.210875,-0.101395,0.166202,0.17889,0.143153,-0.011092,0.411798,-0.209412,-0.021323,-0.260689,0.186086,-0.367262,-0.01554,-0.117443,-0.031541,0.29584,-0.216267,-0.056209,-0.221612,-0.166706,-0.026646,-0.070292,-0.104194,-0.129395,-0.307698,-0.127133,-0.221172,-0.217087,0.123141,-0.05906,-0.088256,-0.050425,-0.309713,0.130055,-0.167782,-0.056252,-0.128335,-0.130573,-0.167036,-0.126864,-0.273474,-0.17886,-0.087358,-0.247513,-0.227354,0.125129,0.037015,-0.192438,-0.201495,0.021497,-0.244868,-0.524885,-0.083509,0.179336,-0.307876,-0.211351,-0.465546,-0.023894,-0.522598,-0.128945,0.050809,-0.127436,0.01511,-0.135128,0.084736,-0.057149,0.019308,-0.094927,0.001476,-0.204606,-0.099888,0.109325,-0.323365,-0.026548,-0.364799,-0.228756,-0.111952,-0.365598,0.053343,-0.061435,0.009282,-0.136129,0.09128,-0.106518,-0.161059,-0.061982,0.021839,-0.13936,-0.061822,0.044405,-0.331311,0.026555,0.255106,-0.250685,-0.123459,0.106675,-0.02287,-0.168524,0.147606,-0.016662,0.360019,0.021193,-0.100918,-0.039841,-0.061367,0.186347,-0.212389,-0.359601,0.0247,0.209279,-0.301355,-0.002508,-0.037862,0.197846,-0.175517,0.191709,0.176302,-0.019054,0.013946,0.122708,0.102107,0.005671,0.134614,-0.205032,0.036683,0.039764,-0.034984,0.247246,-0.174002,-0.086801,0.021434,0.209246,-0.173263,-0.161882,0.160051,#
6,0.015766,0.369836,0.234861,-0.321578,-0.140152,0.236397,1.0,0.512364,0.30929,0.471746,0.065044,-0.060882,0.301515,0.002044,0.230496,0.095456,-0.066632,-0.040244,0.228675,-0.255648,-0.265218,0.240573,0.119791,0.032762,-0.054734,-0.186309,0.350907,-0.052201,0.324143,0.099362,-0.400846,-0.064338,0.085161,0.002584,-0.11561,0.187378,-0.107808,-0.025366,0.161283,-0.125892,-0.171117,0.215355,0.092443,-0.220297,-0.045617,-0.334889,0.035105,-0.05862,0.023844,0.207722,-0.216569,-0.160246,-0.048898,-0.144861,0.058854,0.004751,-0.064575,-0.269497,-0.253799,0.138732,0.22809,-0.057767,-0.207986,0.266306,0.118538,0.289245,0.163095,0.07327,0.354673,-0.056666,0.168582,0.025399,-0.301558,-0.425106,-0.088017,0.385356,-0.108651,-0.275734,-0.040863,-0.042134,-0.204494,-0.288662,-0.392155,-0.096855,-0.191867,0.26605,-0.156885,-0.130463,-0.118685,-0.272062,-0.303229,-0.269094,-0.363777,0.026652,0.018774,-0.240558,0.04768,-0.094248,0.150569,-0.421722,-0.033554,-0.157422,-0.181878,-0.187356,-0.262034,-0.174907,-0.437109,-0.029745,-0.389067,-0.234654,-0.092384,0.228581,-0.266109,-0.429443,-0.076288,-0.194431,-0.107187,-0.115907,-0.080438,-0.196836,-0.099166,-0.326077,-0.23508,-0.453092,-0.315108,-0.050036,0.121934,0.332487,-0.229003,-0.207954,-0.234057,-0.450539,-0.463912,0.184566,-0.065462,-0.132796,0.061173,-0.153092,-0.126605,-0.438458,-0.045316,-0.029035,-0.312994,-0.139125,-0.149819,-0.235002,-0.289314,0.554302,-0.152339,-0.157954,-0.106009,-0.197535,0.006212,-0.277521,-0.16541,-0.331334,0.022252,0.207616,-0.19586,-0.175506,0.107189,0.021094,0.096727,0.093313,0.115426,0.166439,-0.025804,0.02478,-0.208385,0.276023,0.431545,-0.177606,-0.244937,-0.06601,0.348806,-0.196474,0.162178,0.124236,0.362414,-0.28392,0.450096,0.317457,0.040293,-0.049456,0.346403,-0.063346,0.157489,0.018891,-0.244538,0.38882,0.051761,0.167334,0.222404,0.190262,-0.148016,0.044196,0.036903,-0.16268,-0.163278,-0.005849,#
7,0.091758,0.269341,0.123658,-0.370918,0.091742,0.355208,0.512364,1.0,0.107555,0.315665,0.016079,-0.176991,0.378689,0.193977,0.042457,0.199369,-0.094227,0.023324,0.238908,0.012016,0.039032,0.185552,0.022773,0.229223,0.071688,-0.121623,0.059727,-0.246012,0.136285,0.058137,-0.135271,-0.01468,0.267439,0.026883,-0.260311,-0.002594,0.083727,0.048529,0.265916,-0.296035,-0.054348,0.221555,-0.025785,0.114191,-0.232824,-0.379275,0.165108,-0.044963,0.176313,-0.045498,-0.301229,0.035734,0.156152,-0.058388,0.060596,0.077427,-0.133637,-0.265727,-0.269388,0.00413,0.230171,-0.038386,-0.333898,0.25668,0.027048,0.297498,0.165936,0.133558,0.214051,-0.031614,0.285282,0.144673,-0.374345,-0.164548,0.015856,0.29555,-0.056648,-0.020569,0.142087,-0.027689,0.000909,-0.164437,-0.121364,0.116181,-0.298016,0.186375,0.039899,0.173362,0.010561,-0.088261,-0.349109,-0.223321,-0.339636,0.187444,-0.102053,0.041789,0.200788,-0.063364,0.443917,-0.324556,-0.030176,-0.037656,-0.06049,-0.154253,0.091684,-0.002214,-0.258759,-0.010658,-0.285819,-0.371512,0.137759,0.252339,-0.053613,-0.237444,0.16436,-0.030483,-0.163322,-0.016642,0.092429,-0.179039,-0.160121,-0.411569,-0.111365,-0.299479,-0.141341,0.087931,0.045544,0.040092,-0.238025,-0.088409,-0.184496,-0.100513,-0.162077,-0.047396,-0.187787,-0.12345,0.308414,-0.05617,-0.116652,-0.293769,0.055604,0.134733,-0.248618,-0.041997,-0.096514,-0.101356,-0.156917,0.264811,-0.025966,-0.384154,-0.155523,-0.029566,-0.097722,-0.092793,-0.123785,-0.223575,0.313094,0.106506,-0.030449,-0.074923,0.026494,0.207475,-0.122044,-0.017629,0.2073,0.069593,0.158281,-0.302579,-0.333029,0.194624,0.167595,-0.220903,-0.225304,0.066415,0.286031,-0.152097,0.334974,-0.095516,0.297579,-0.2718,0.352879,0.253158,0.045275,-0.132297,0.259361,0.130815,0.158675,-0.081638,-0.168022,0.2761,0.150633,-0.10137,0.218158,-0.145065,-0.263547,-0.130153,0.128522,-0.170301,-0.022032,0.085648,#
8,-0.271821,0.224846,0.3188,-0.08639,-0.290969,-0.094237,0.30929,0.107555,1.0,0.236724,-0.137008,-0.170732,0.091018,0.054013,0.176875,-0.249838,-0.044307,0.249539,0.092377,-0.228909,-0.178452,0.122463,0.134751,0.196664,0.099735,0.171956,0.379628,0.313626,0.044994,0.172123,-0.085686,0.024656,0.026174,-0.083588,0.138973,0.128396,0.156302,-0.203768,0.238415,-0.161199,0.102596,-0.158185,0.174955,0.135022,0.273333,-0.265314,-0.101829,0.052786,0.122383,0.209027,-0.174626,-0.15577,-0.051527,0.027723,-0.299414,0.161786,0.126488,-0.234989,-0.004913,0.171057,-0.106724,-0.142732,-0.033422,0.122663,0.129748,0.067804,0.134489,0.007739,0.084714,0.155093,0.181054,0.07299,-0.039491,-0.148503,0.116862,0.064303,0.014153,-0.093136,0.077489,-0.161585,-0.043728,0.036507,-0.195655,-0.01576,-0.048215,0.34625,0.009204,-0.038545,-0.008899,-0.048561,-0.050464,0.186712,-0.301966,0.301465,0.163083,-0.044408,0.154942,-0.046398,-0.001027,-0.224381,0.067505,0.238142,0.029828,0.196552,-0.150667,-0.19918,-0.103568,0.013423,-0.102576,0.009596,0.15663,0.101837,0.0951,-0.353293,0.07849,0.027594,0.088272,-0.178941,0.135951,-0.074525,0.040763,-0.127345,-0.178448,-0.108877,-0.009144,-0.006882,0.05486,-0.013661,-0.174776,-0.236167,-0.026563,-0.039864,-0.209576,0.082813,0.07638,0.037711,0.055117,0.063868,-0.201987,-0.156211,-0.005443,0.027332,-0.069998,-0.28127,-0.279364,-0.237842,-0.209152,0.234336,0.078929,0.033651,0.041325,-0.134338,0.218164,-0.196575,-0.001778,-0.108876,0.212759,0.231229,0.022482,0.08138,0.097445,0.285186,0.266393,-0.173473,0.156267,0.080386,-0.037461,-0.042832,-0.172578,0.193646,-0.030092,0.043749,-0.005506,0.155932,0.092352,0.109308,-0.070889,0.173396,0.347328,-0.329994,0.24078,0.211706,-0.214208,-0.159451,-0.03698,0.034175,0.049476,0.051097,-0.177165,0.117361,0.029086,-0.048288,0.096887,0.224318,-0.193669,0.290998,0.11075,-0.036088,0.078036,0.051418,#
9,0.152319,0.325943,-0.044852,-0.307579,-0.241965,0.106104,0.471746,0.315665,0.236724,1.0,-0.332229,0.112854,0.46152,0.501225,0.363731,0.274358,-0.249855,0.210096,0.199187,-0.091496,-0.200512,0.326653,0.329205,0.084973,-0.000226,-0.136317,0.310524,-0.090825,0.160443,0.477302,-0.191601,0.133803,0.177614,-0.121019,-0.40645,0.260845,-0.104831,-0.065542,0.119186,-0.174731,0.021353,0.160972,0.052212,-0.082068,-0.005657,-0.510089,0.254529,0.016066,-0.236516,0.239528,-0.151047,-0.150179,0.070834,-0.280577,0.06641,-0.084638,0.012939,-0.366284,-0.059027,0.053894,0.38885,0.057629,-0.386747,0.07136,0.243465,0.241417,-0.105078,0.300466,0.07927,-0.127253,-0.029098,-0.009653,-0.295896,-0.332326,-0.079932,0.267801,-0.022847,-0.220533,-0.042081,0.039406,-0.181381,-0.39394,-0.374197,0.031722,-0.243886,-0.007381,-0.343209,-0.096689,0.047988,-0.247169,-0.241965,-0.256284,-0.328049,0.258926,0.106129,-0.143636,-0.15192,0.056852,0.108439,-0.327551,-0.133859,-0.136902,-0.263064,0.001754,-0.103487,-0.153516,-0.450968,-0.123252,-0.209658,-0.453997,0.037183,0.376093,-0.115717,-0.30015,-0.268625,-0.245435,-0.282077,-0.142832,0.323909,-0.425486,-0.078904,-0.388545,-0.28988,-0.46699,-0.505087,0.102739,0.101031,0.104638,-0.232445,-0.271774,-0.233442,0.094726,-0.426631,-0.056633,-0.378938,-0.351207,0.0439,-0.225031,0.035093,-0.432159,-0.014697,-0.22978,-0.425438,-0.382988,-0.25042,-0.126926,-0.127424,0.3677,-0.380609,-0.350161,-0.306282,-0.477027,0.01379,-0.382645,-0.045957,-0.203352,0.279975,0.445324,-0.250314,-0.292593,0.110099,-0.119938,-0.000709,0.075458,0.278206,0.354121,-0.328911,-0.068099,-0.480025,-0.014787,0.051304,-0.008487,-0.287993,-0.080633,0.357934,-0.382544,-0.107861,0.09858,0.51605,-0.352752,0.362056,0.155969,-0.327126,-0.287207,0.316152,-0.020659,0.393651,-0.11273,-0.331179,0.326809,0.06228,-0.089018,0.202435,0.436349,-0.148485,-0.056189,-0.047813,-0.131614,0.295039,0.183528,#
10,-0.015477,-0.154904,-0.058747,0.048815,0.118599,0.197424,0.065044,0.016079,-0.137008,-0.332229,1.0,-0.162844,-0.20276,-0.465751,-0.087873,0.043295,0.145232,-0.196021,0.139104,-0.231903,0.022872,-0.094159,-0.135781,-0.052702,-0.043776,-0.066324,-0.261775,-0.043046,-0.013005,-0.426943,0.130463,-0.046457,-0.29521,-0.153065,0.379264,-0.124962,0.045902,0.079202,-0.008637,0.278829,-0.138511,-0.121798,-0.028244,-0.048455,0.039646,0.287284,-0.305925,0.048405,0.191232,-0.177589,0.037933,0.229314,-0.053453,0.079442,0.105266,0.110466,-0.216663,0.238013,-0.107492,-0.113696,-0.184565,0.033202,0.018002,-0.085688,0.132025,-0.193088,0.025899,-0.147757,0.277955,0.110735,0.063058,-0.121467,0.001884,0.025605,-0.127558,0.104729,-0.162092,0.065147,-0.087856,-0.249057,0.074852,0.197634,0.008654,-0.160347,0.031427,0.103421,0.233416,-0.145798,-0.133408,0.052188,-0.11749,-0.080727,0.049326,-0.252173,-0.243486,0.066203,-0.163936,-0.247487,0.030433,-0.065626,-0.057398,-0.188437,0.092868,-0.209192,-0.080641,-0.215585,-0.024155,-0.047932,-0.071171,0.254594,-0.105171,-0.154785,-0.116743,-0.080123,0.072384,-0.18414,-0.041678,-0.035507,-0.086779,0.305629,-0.190251,0.052878,0.045219,-0.067287,-0.127424,0.031662,-0.06051,0.171413,-0.18488,-0.031187,0.02426,-0.112019,0.00324,0.103907,0.211505,0.088259,-0.097559,-0.006764,-0.246117,0.074878,-0.082166,0.256272,-0.031348,0.130428,0.193738,-0.044776,-0.236522,0.11805,0.132044,0.123762,0.011245,0.208626,-0.09599,-0.014243,-0.037923,-0.092305,-0.442575,-0.255403,-0.161003,0.113982,-0.135223,0.132367,0.06986,0.110988,-0.216611,-0.175437,0.097229,0.053156,0.130549,0.053025,0.27479,-0.117297,0.080567,0.01177,-0.067174,0.051364,0.152475,0.062607,-0.334226,0.222288,-0.027721,0.125914,0.361076,0.312968,-0.056461,-0.071527,-0.27833,-0.124428,0.256107,0.028311,-0.273675,0.071919,0.244499,-0.49161,0.156075,0.011713,0.161631,-0.010802,-0.273171,-0.129205,#
11,0.005433,-0.088762,-0.145514,-0.001376,-0.0763,0.068841,-0.060882,-0.176991,-0.170732,0.112854,-0.162844,1.0,-0.012618,0.024652,-0.049912,0.110624,0.114134,0.144256,-0.064589,-0.07499,0.14128,-0.020604,-0.201627,-0.178182,0.108859,-0.073472,-0.185106,0.031685,-0.074658,-0.110402,-0.039416,-0.141551,-0.054896,0.00132,-0.035114,0.129477,-0.282196,0.039358,-0.098399,-0.032553,0.042173,0.092536,-0.037004,-0.320915,-0.203455,0.129756,-0.181245,0.087807,-0.095237,0.224049,0.06316,-0.037477,-0.090594,0.148104,-0.044109,0.0403,-0.101663,-0.089605,0.028416,0.041783,-0.050004,0.142956,0.130762,-0.32979,0.036642,-0.093096,-0.119579,-0.156771,-0.195119,0.036044,-0.030852,-0.019849,0.023808,0.156226,-0.086566,-0.026586,-0.206178,0.020659,-0.040151,0.12254,0.044109,0.078252,-0.004889,-0.373795,0.154513,-0.239647,-0.119438,0.150884,-0.101634,0.273631,0.017707,-0.034219,0.013836,0.073778,0.061872,0.111273,-0.082178,0.032815,-0.025566,-0.008669,0.206773,0.146301,-0.294275,0.03981,-0.11104,0.165413,-0.053963,0.184466,0.214387,0.095392,-0.169535,-0.080659,-0.062481,-0.112103,-0.024749,-0.113869,0.110986,0.162526,0.213364,-0.019936,0.269119,-0.136914,0.005634,0.137103,-0.000519,-0.105604,-0.020678,0.002588,0.268143,-0.066015,-0.000736,0.197316,-0.121723,0.261759,0.088348,-0.210158,0.012948,-0.106857,0.018062,0.127553,-0.003766,-0.043313,0.014571,0.128504,-0.018862,0.230634,0.016943,-0.228785,-0.156542,0.008465,-0.065394,0.167796,-0.120953,0.193904,0.021138,0.239809,-0.052334,0.224873,-0.116422,-0.163558,-0.119538,-0.338593,0.080519,0.0522,-0.058993,0.128273,-0.009614,0.070025,0.282594,0.094583,-0.050088,0.41019,0.048897,-0.115708,-0.103774,-0.096118,-0.236522,-0.042052,-0.040558,0.061219,-0.058411,-0.064979,-0.108599,-0.114447,0.067138,-0.0807,0.038426,0.416827,0.043519,-0.072588,-0.100719,0.190229,-0.053834,0.098491,-0.149292,-0.280797,0.284216,-0.187676,0.029038,0.196121,#
12,0.443276,0.33317,-0.167836,-0.320385,0.028603,0.094895,0.301515,0.378689,0.091018,0.46152,-0.20276,-0.012618,1.0,0.49011,0.169391,0.000248,-0.077348,0.048295,0.136058,-0.077912,-0.148773,0.256063,0.38102,0.060757,-0.240814,-0.254982,0.089804,-0.175212,0.109443,0.313396,0.001213,0.112593,0.234232,-0.156607,-0.304658,0.292738,0.207952,-0.042404,-0.085358,-0.301064,0.06717,0.137526,0.222151,0.051986,-0.121989,-0.479862,0.206615,-0.028915,-0.107426,0.086087,-0.226893,0.017663,0.158831,0.00165,0.184699,0.166297,-0.143371,-0.2289,0.13608,0.129305,0.556439,0.166589,-0.21078,0.103137,0.069928,0.353403,-0.151933,0.281989,0.297075,-0.168106,0.14994,-0.075488,-0.424278,-0.360698,-0.253731,0.353348,0.059734,-0.075954,-0.014227,-0.189684,-0.151539,-0.317566,-0.222531,-0.07266,-0.273328,-0.100801,-0.068641,0.13599,-0.114148,-0.369683,-0.280788,-0.323422,-0.452534,0.183787,-0.099565,-0.177048,0.037364,-0.158261,0.01358,-0.330072,0.020265,-0.085335,-0.067618,0.032873,-0.078207,-0.163922,-0.350957,-0.197294,-0.206337,-0.334212,0.038887,0.3258,-0.21965,-0.275735,-0.199765,-0.14705,-0.111654,-0.337367,0.068737,-0.410799,-0.089484,-0.425747,-0.208785,-0.412378,-0.201087,0.003863,0.095211,0.261968,-0.038237,0.037367,-0.401994,0.039928,-0.382079,0.043894,-0.392149,-0.061133,-0.044148,-0.385554,-0.017961,-0.291509,-0.020102,-0.019549,-0.3418,-0.182144,0.012239,0.051348,-0.269755,0.292319,-0.217109,-0.58416,-0.168522,-0.377968,0.045197,-0.303292,-0.090889,-0.328073,0.339695,0.410216,-0.094417,-0.381829,0.074796,-0.16506,-0.002865,-0.053161,0.281763,0.393688,-0.128495,-0.046385,-0.398277,-0.012475,-0.008554,0.076907,-0.307622,-0.011738,0.397916,-0.418912,0.042364,0.146221,0.463506,-0.362432,0.248941,0.189744,-0.066149,0.025558,0.291081,-0.165174,0.407487,-0.223513,-0.346231,0.431593,0.088622,0.088366,0.324522,0.158273,0.023268,-0.022471,0.088816,-0.120912,0.185951,0.203012,#
13,0.232157,0.269997,-0.081481,-0.229263,-0.160883,0.063526,0.002044,0.193977,0.054013,0.501225,-0.465751,0.024652,0.49011,1.0,0.331401,0.160953,-0.340137,0.369204,0.181704,0.032566,0.018487,0.388997,0.51545,0.299017,0.039507,0.047123,0.259172,-0.08735,0.10007,0.554419,0.007014,0.164653,0.283619,-0.017849,-0.280152,0.21688,0.161074,-0.172866,0.06303,-0.344114,0.046745,0.28093,0.31699,0.173823,-0.048133,-0.536306,0.373768,-0.210685,-0.250011,0.085589,-0.084631,-0.122039,0.165644,-0.03468,0.059559,0.038623,-0.118445,-0.230702,0.046948,0.14373,0.457439,0.104923,-0.305884,0.082849,-0.001849,0.215622,-0.194364,0.415959,-0.169464,-0.034467,-0.137808,0.188867,-0.278731,-0.120671,-0.249543,-0.01201,-0.007121,-0.215204,-0.114839,0.027511,-0.014778,-0.371872,-0.223227,0.175893,-0.252927,-0.196068,-0.229113,0.021574,0.074194,-0.282295,0.016381,-0.265954,-0.327206,0.236531,0.026524,-0.133033,-0.178514,-0.03155,-0.075965,-0.173795,0.101294,-0.095193,-0.162939,-0.165565,-0.104939,-0.021397,-0.121978,-0.117153,-0.052227,-0.2869,0.082925,0.333695,-0.112399,-0.082471,-0.064927,-0.040836,-0.228398,-0.308519,0.297182,-0.450874,-0.186907,-0.376044,-0.145404,-0.238168,-0.33127,0.010798,0.070056,-0.013986,-0.131149,0.004474,-0.092481,0.219464,-0.304173,-0.167638,-0.634893,-0.268547,0.142251,-0.177264,0.158362,-0.332883,0.002774,-0.289085,-0.240084,-0.334828,-0.337977,-0.06479,0.049106,0.126655,-0.412561,-0.343483,-0.251351,-0.37446,-0.018942,-0.269692,-0.065962,-0.107073,0.406211,0.317263,-0.015036,-0.192843,0.188243,-0.111707,-0.05811,-0.047479,0.208724,0.311315,-0.187431,0.069804,-0.229852,-0.039828,-0.173835,0.056835,-0.301543,-0.174493,0.187264,-0.377343,-0.086907,-0.001725,0.534757,-0.380125,0.374448,-0.009983,-0.354641,-0.122471,0.264955,0.12182,0.320086,-0.246449,-0.349018,0.304588,-0.018339,-0.069595,0.046747,0.261143,-0.186372,-0.173792,0.163295,-0.172896,0.403923,0.11499,#
14,0.008251,0.38272,0.004818,-0.321173,-0.012039,0.069465,0.230496,0.042457,0.176875,0.363731,-0.087873,-0.049912,0.169391,0.331401,1.0,0.109447,-0.229082,0.194566,0.410492,-0.086151,-0.170596,0.162512,0.223533,0.160288,-0.062517,0.001439,0.074865,0.195807,0.196449,0.259818,-0.226349,0.027182,-0.065762,0.019961,-0.099199,0.193092,-0.078859,-0.119541,0.180951,-0.035957,-0.156172,0.234859,0.125977,0.160728,0.419402,-0.210893,0.237679,0.026845,0.010406,-0.004984,0.069318,-0.1796,-0.099107,-0.168393,0.105093,-0.109979,-0.15896,-0.14546,-0.188078,-0.194566,0.14537,0.004289,-0.234236,0.306354,0.122368,0.061959,-0.205832,0.028014,-0.075309,-0.139414,-0.121402,-0.076487,0.029162,-0.325197,-0.241402,0.201489,-0.027814,-0.200612,-0.198399,-0.131027,-0.121307,-0.559035,-0.509093,0.218116,-0.33685,-0.001975,-0.195123,-0.126963,-0.255329,-0.148224,-0.055521,-0.19641,-0.134481,0.144994,-0.202795,-0.209416,-0.347405,-0.129852,-0.214874,-0.096635,0.099905,-0.274318,-0.274021,-0.303729,-0.283564,-0.245013,-0.446566,-0.020829,-0.26735,-0.151124,-0.063398,0.332992,-0.34067,-0.266349,-0.263108,-0.152411,-0.155349,-0.255791,0.04158,-0.307117,-0.13956,-0.220748,-0.41549,-0.199975,-0.303176,-0.381276,-0.035145,0.128534,-0.315442,-0.225843,-0.006193,0.030103,-0.538899,-0.058773,-0.410443,-0.292528,0.126165,-0.020892,-0.003261,-0.355666,-0.255805,-0.1291,-0.153952,-0.208835,-0.388999,-0.162346,-0.17742,0.229882,-0.412051,-0.068277,-0.371516,-0.479653,-0.037886,-0.297832,-0.160293,-0.443281,0.034685,0.190453,-0.31814,-0.169652,0.19093,-0.162775,0.263825,0.155173,-0.11195,0.284165,-0.198091,0.150699,-0.079293,-0.160403,0.251858,0.133129,-0.182843,-0.139132,0.4465,-0.25226,-0.24417,0.185508,0.35436,-0.209762,0.462323,0.011697,-0.108169,0.109734,0.382048,-0.26758,0.161621,-0.181457,-0.276201,0.178945,-0.030708,0.26184,0.356747,0.361233,0.006781,-0.043457,0.190716,-0.082067,0.021507,0.125921,#
15,0.110787,-0.03512,-0.193568,-0.249778,-0.002693,0.141129,0.095456,0.199369,-0.249838,0.274358,0.043295,0.110624,0.000248,0.160953,0.109447,1.0,-0.098689,0.050288,0.143538,-0.002498,0.070269,-0.067349,0.106517,-0.031759,0.043345,0.081251,-0.066899,-0.177015,0.200379,0.099973,0.017179,-0.132149,0.15291,0.050259,-0.037028,-0.001625,0.021787,0.14063,0.096,0.095522,0.04,-0.053067,-0.327264,-0.059648,0.005986,-0.038428,0.026164,-0.068803,-0.181171,0.093827,0.242383,0.009844,-0.042383,-0.00248,0.26261,-0.028027,-0.240164,-0.127954,-0.350681,-0.092772,0.137213,0.213465,-0.20844,0.011985,0.031411,0.015094,-0.252103,0.150822,-0.11916,0.103864,-0.124869,-0.050669,-0.016469,0.086202,-0.089954,0.054586,-0.155807,-0.100751,-0.062859,0.110533,0.05146,-0.2232,0.028438,0.168551,0.084741,-0.24749,-0.191323,-0.144804,0.007812,-0.013794,0.08578,-0.039813,-0.005769,0.113702,-0.093507,0.171619,-0.167858,-0.229027,0.004715,-0.129019,-0.110739,-0.109346,-0.39259,-0.041216,-0.030681,-0.190991,-0.190136,0.223016,0.025237,-0.020979,-0.114252,0.028441,-0.07571,-0.212232,0.099934,0.037181,-0.09254,-0.105582,0.195468,-0.128188,-0.194437,-0.012356,-0.052163,-0.16304,-0.3205,0.095481,-0.027125,-0.014228,-0.325092,-0.241906,-0.067228,0.128556,-0.093141,-0.02939,-0.162133,-0.173549,0.03964,-0.029292,-0.102138,-0.347381,0.130501,0.134709,0.0534,0.041862,-0.11426,-0.15037,0.181782,0.107648,-0.1598,-0.193277,-0.062279,0.001848,-0.06151,0.035665,0.085161,0.028125,0.113098,0.094859,-0.338924,0.155806,0.246074,-0.140985,-0.032255,-0.033071,-0.253927,-0.082595,0.026811,0.02832,-0.013343,-0.093882,0.127828,-0.14595,-0.076696,-0.204584,-0.097499,-0.081403,-0.146102,-0.067408,0.074704,-0.081907,0.155431,-0.074235,-0.100976,-0.022362,0.210082,-0.052534,0.168415,0.014407,-0.241379,-0.010029,-0.190525,-0.099085,0.088779,-0.02345,-0.130877,-0.174288,0.13524,-0.214351,-0.010252,0.077088,#
16,0.016249,-0.159396,-0.206513,-0.005431,0.083928,0.330667,-0.066632,-0.094227,-0.044307,-0.249855,0.145232,0.114134,-0.077348,-0.340137,-0.229082,-0.098689,1.0,-0.113848,0.052566,-0.12042,0.014282,-0.279698,-0.118583,-0.339101,-0.164864,-0.154398,-0.244898,-0.042938,-0.13163,-0.1354,-0.030781,0.124678,0.112648,-0.02248,0.092288,0.128523,0.119374,-0.087279,-0.295601,0.098681,0.036827,-0.151065,-0.005209,0.214128,-0.004205,0.126619,-0.234639,0.112834,0.051537,0.018347,0.008745,0.073867,0.123083,-0.101228,0.024289,0.027927,-0.064983,0.101526,0.103546,-0.151515,-0.158219,0.140361,0.342289,-0.003461,-0.213863,0.023433,-0.087386,-0.072381,0.12429,-0.049717,-0.063122,0.010641,0.000882,-0.083049,0.003577,0.103605,-0.167523,0.086621,-0.04098,-0.050173,0.025902,0.100118,0.075866,-0.35464,0.003004,-0.124976,-0.1131,0.0809,-0.054948,-0.223805,-0.143706,0.107077,-0.042538,-0.119984,-0.086484,-0.152377,-0.030714,-0.235363,-0.271448,-0.109392,0.09329,-0.032868,-0.05491,0.016204,0.111811,-0.086496,0.08763,-0.042819,0.064829,0.049802,0.004004,-0.081542,0.028313,-0.07563,-0.05289,-0.098099,-0.202264,0.113919,-0.141572,0.053871,-0.118099,-0.057051,0.06894,-0.203163,0.149444,-0.156043,-0.309488,-0.167061,0.095679,-0.06093,-0.138806,-0.101953,0.05889,0.20998,0.065119,0.024797,0.084531,-0.31832,-0.022624,0.063047,-0.281737,0.192668,-0.065671,0.233741,0.172597,0.051332,-0.118698,-0.01239,-0.021948,-0.071036,-0.121704,0.191546,-0.001087,0.073326,-0.159594,-0.261068,-0.230157,0.126201,-0.154868,0.144532,-0.136137,-0.026816,0.189985,-0.066326,-0.059673,0.169024,0.131488,-0.103519,0.103106,-0.172856,-0.098351,0.032929,-0.121265,-0.00445,0.053638,-0.153601,-0.06077,0.111705,-0.208232,0.106192,-0.389672,0.06967,0.346762,0.074168,-0.124752,-0.031163,-0.033666,0.28851,0.151809,-0.209229,0.099448,0.20675,0.189532,-0.164785,0.104708,0.252789,0.127771,0.000932,-0.39371,-0.147833,#
17,-0.0527,0.305687,0.321504,-0.08835,-0.079571,0.180344,-0.040244,0.023324,0.249539,0.210096,-0.196021,0.144256,0.048295,0.369204,0.194566,0.050288,-0.113848,1.0,0.055001,0.349118,0.010726,0.309913,0.204298,0.037904,0.143161,0.145742,0.113935,0.069639,-0.119448,0.144227,0.11272,0.156243,0.087762,-0.029377,-0.066394,0.136051,0.050566,-0.083778,0.025926,-0.198369,-0.00281,0.158179,0.025549,0.06933,0.046742,-0.384347,0.134898,0.265415,0.124385,-0.086565,0.035942,-0.239825,-0.048613,-0.086105,-0.128414,0.020629,-0.163734,-0.388326,-0.197359,-0.161177,0.056314,-0.154527,-0.166239,0.060369,-0.092644,0.222606,0.002669,0.211151,0.044194,0.483367,0.148169,0.280989,-0.236069,-0.041115,0.046836,-0.095748,0.128183,-0.210717,0.075366,-0.194775,0.319604,-0.096437,-0.071921,0.100147,-0.020337,0.090008,0.036574,0.049146,0.085168,0.032599,0.222082,0.031343,-0.054033,0.473968,-0.041744,0.192584,0.234272,-0.084168,-0.05521,-0.296916,-0.102115,0.125169,-0.031283,0.243165,-0.195068,0.012414,-0.091571,-0.237569,-0.168656,-0.106283,0.331606,0.097621,0.043631,-0.012198,0.18185,0.097992,-0.122486,-0.183201,0.543414,-0.375928,0.053874,-0.331981,-0.162943,-0.089738,-0.062087,0.04304,0.011393,0.068799,0.03199,0.06645,0.175932,0.208612,-0.053671,-0.188593,-0.090199,-0.078678,0.118283,-0.142806,0.05,-0.05522,0.029985,-0.206816,-0.215894,-0.425997,-0.307804,-0.043174,0.051887,0.010396,0.081643,-0.066425,-0.209414,-0.154645,0.235646,-0.133026,-0.083291,-0.139594,0.238119,0.376915,-0.08109,-0.04196,0.007191,0.227737,-0.023131,0.036408,-0.02211,0.297707,0.089238,-0.067924,0.031077,0.152745,-0.26226,-0.172152,-0.227941,-0.063249,0.103344,-0.026771,0.035005,-0.081609,0.393352,-0.387653,0.236612,-0.02876,-0.453037,-0.124178,-0.056409,-0.106213,0.161355,0.155177,-0.359463,-0.06156,0.138752,-0.198471,-0.012106,0.189985,-0.377858,-0.083364,0.068124,0.042015,0.364091,0.165125,#
18,-0.054673,0.170761,0.029045,-0.257411,0.098676,-0.053726,0.228675,0.238908,0.092377,0.199187,0.139104,-0.064589,0.136058,0.181704,0.410492,0.143538,0.052566,0.055001,1.0,-0.257354,0.080436,-0.115772,0.060373,-0.073792,0.044008,0.045461,0.112724,0.226742,0.008656,0.156962,-0.127268,0.140848,0.122109,-0.069463,0.120003,0.130243,0.159697,-0.089578,-0.005549,-0.057781,-0.032564,0.244256,0.169749,0.150688,0.096674,-0.11823,0.108205,-0.145988,0.120198,-0.020621,-0.032641,0.026085,0.044492,-0.105213,0.295365,0.026158,-0.358541,-0.043646,-0.107573,-0.164432,0.057083,0.008092,-0.073463,0.459323,0.029916,0.174878,-0.039547,0.056383,0.077522,-0.173343,-0.077287,-0.18857,-0.122557,-0.126261,-0.041044,0.292747,-0.052416,-0.115282,0.072423,-0.291882,-0.182048,-0.307748,-0.427134,0.059158,-0.334493,-0.065774,-0.25455,-0.001543,-0.131414,-0.139414,-0.246542,-0.279111,-0.162042,-0.204362,-0.378079,-0.164418,-0.108096,-0.284131,-0.110393,-0.224395,-0.034734,-0.104721,-0.117005,-0.391287,-0.051787,-0.010299,-0.237806,-0.112866,-0.072387,-0.06799,-0.029896,0.181414,-0.165208,-0.218586,-0.072926,-0.151469,-0.18498,-0.178401,-0.119696,0.036257,-0.281767,-0.174229,-0.372852,-0.285359,-0.18177,-0.182961,0.028986,0.160211,-0.251499,-0.268071,-0.086127,-0.156946,-0.256611,0.000961,-0.144399,-0.234759,0.123421,-0.166652,-0.098353,-0.251155,-0.506493,0.075926,-0.146603,-0.212664,-0.2652,-0.09031,-0.365709,0.270893,-0.341756,-0.278671,-0.375157,-0.152854,-0.125123,-0.229858,-0.116627,-0.384137,0.002998,0.160791,-0.220978,-0.197142,0.086013,0.047924,0.126644,0.0992,0.069461,-0.064575,-0.035127,0.16575,-0.090589,-0.062339,0.227002,0.164755,-0.178808,-0.163556,0.359245,-0.045164,0.140709,0.203028,0.207155,-0.162973,0.165791,0.170132,0.304264,0.10303,0.384833,-0.100886,0.078297,-0.10755,-0.074148,0.234449,-0.003299,0.067202,0.469393,0.088326,-0.042464,-0.182278,0.423298,-0.010563,-0.35447,0.121774,#
19,-0.107877,-0.03764,0.127733,0.320817,-0.114744,0.061124,-0.255648,0.012016,-0.228909,-0.091496,-0.231903,-0.07499,-0.077912,0.032566,-0.086151,-0.002498,-0.12042,0.349118,-0.257354,1.0,0.337144,0.103662,-0.024263,-0.024481,-0.066187,-0.002069,-0.045317,-0.1361,-0.0681,-0.106273,0.33741,0.142287,0.128791,0.175163,-0.0892,-0.366314,0.076275,0.156784,-0.279473,-0.182342,0.092553,0.290674,-0.181446,0.04799,-0.085795,-0.153115,0.344832,0.15088,0.214961,-0.298869,-0.100331,0.033331,0.366382,-0.070083,-0.076679,0.06455,0.086347,-0.257288,0.013415,-0.129557,-0.064371,-0.276184,0.049996,0.042815,-0.00426,0.022534,-0.055119,0.101257,-0.147491,0.14158,0.176969,0.237011,0.091242,0.042181,0.196234,-0.290564,0.353006,0.230416,0.49902,0.15937,0.367637,0.217337,0.232363,0.232283,0.210427,0.097155,0.257695,0.077873,0.268932,0.104746,0.288227,0.208359,0.202567,0.230267,0.090697,0.230043,0.221756,0.19814,0.086593,0.213389,-0.41871,0.166744,0.210139,0.279845,0.295036,0.364384,0.163362,-0.257089,0.160803,-0.180494,0.240274,-0.222373,0.025662,0.420129,0.237422,0.141609,0.096488,0.144347,0.064425,-0.191884,0.370234,0.042501,0.0854,0.15548,0.159139,0.176708,-0.018297,0.008753,0.189119,0.294141,0.296758,0.33063,0.390949,-0.095934,0.248132,0.144734,0.181358,0.035122,0.131177,0.182142,0.229489,0.078512,0.119503,-0.147977,0.265275,0.330504,0.449477,-0.388016,0.407181,0.037136,0.208484,0.154043,0.299423,0.295494,0.030528,0.163563,0.202694,-0.104955,0.123393,-0.012689,0.000485,0.17124,-0.244255,0.08464,-0.070596,-0.086966,0.325685,-0.060268,0.193016,0.181583,-0.374888,-0.108551,0.242362,0.192174,-0.211634,0.104626,0.108831,-0.466222,-0.199751,0.046079,-0.025159,-0.21937,-0.195567,-0.059827,-0.358803,0.03485,0.144465,0.164378,-0.025456,-0.290497,0.26411,-0.394079,-0.390918,-0.115129,-0.102783,-0.162888,-0.304896,0.269325,0.247534,-0.01805,#
20,0.146945,-0.194979,0.061428,0.0892,-0.266742,-0.000727,-0.265218,0.039032,-0.178452,-0.200512,0.022872,0.14128,-0.148773,0.018487,-0.170596,0.070269,0.014282,0.010726,0.080436,0.337144,1.0,-0.163907,-0.280705,-0.149578,0.166858,0.097713,-0.053814,-0.017712,-0.02527,-0.066468,0.437573,0.257787,0.072941,0.130439,0.03783,-0.33132,0.114004,0.188399,-0.123895,-0.224199,0.267723,0.162653,-0.001398,-0.008598,-0.130295,-0.064424,0.114012,-0.064473,0.06643,-0.248795,-0.044932,-0.057713,0.35876,0.079521,0.034176,0.166867,-0.313543,0.037301,-0.067587,0.110769,0.019615,0.005058,0.16872,-0.019503,-0.076819,-0.087896,-0.263669,0.075281,-0.327385,-0.114429,0.049029,0.129005,0.122501,0.281054,-0.044897,-0.306078,0.118235,0.383693,0.225332,0.315943,0.110701,0.222389,0.314147,0.06684,-0.026644,-0.15981,0.102944,0.099986,0.411849,0.174109,-0.161424,-0.029212,0.106113,-0.020813,0.200909,0.13569,-0.085497,0.137622,0.100166,0.213978,-0.113864,0.197688,-0.117157,0.000305,0.305633,0.127901,0.139381,0.21802,0.205037,0.244024,0.081449,-0.085904,-0.196897,0.321435,0.339039,0.222522,0.072992,0.081057,0.141978,0.254641,0.1886,0.208244,-0.143645,0.30639,-0.023004,0.024228,-0.244871,-0.178338,-0.002782,0.276419,0.214021,0.110591,0.321092,0.0812,0.012659,0.113647,0.09305,0.019061,0.232537,0.185939,-0.137423,0.21724,0.34003,0.001661,0.105408,0.212407,0.246552,-0.45197,0.100205,0.169915,0.050892,0.169583,0.195625,0.287445,0.029901,0.207884,0.110658,-0.13647,0.169608,-0.057187,-0.027638,-0.054993,0.087925,-0.16686,-0.067454,-0.286918,0.199206,-0.0008,0.258434,-0.03837,-0.186858,0.077737,0.208765,-0.057628,-0.393483,0.149432,0.077155,-0.330074,-0.230461,0.254126,-0.035671,-0.05035,-0.059606,0.004485,-0.095559,0.313564,0.084439,0.206905,0.165846,-0.083881,0.005316,-0.262938,-0.220545,-0.273409,-0.159667,-0.197381,0.056392,0.103111,0.160899,-0.074995,#
