0,1.0,-0.016118,-0.134469,-0.134767,0.19954,0.197522,0.13886,-0.086574,-0.189935,0.061808,0.226958,-0.115467,0.239614,0.183836,-0.007939,0.117288,-0.051971,-0.345443,0.268943,-0.140968,0.235984,0.100791,0.130101,-0.151141,-0.065801,-0.285456,-0.099046,-0.100029,0.283037,0.134558,0.008486,0.005467,0.226734,-0.168705,0.203565,0.1344,0.255633,-0.083946,-0.112262,0.018104,0.01068,0.244282,-0.01861,0.076023,-0.046344,-0.051224,0.032143,0.042986,-0.039588,-0.092746,0.084533,-0.230049,0.189717,0.068402,0.331283,0.044011,-0.11087,0.020861,-0.112667,0.235545,0.294053,0.113848,-0.110325,0.242676,-0.187908,-0.066163,-0.125539,0.309605,-0.258394,-0.236551,-0.010617,0.104171,-0.042236,-0.123395,-0.338322,0.253393,-0.252358,-0.069366,-0.280898,0.012098,0.109434,-0.231191,-0.138272,-0.125062,-0.141514,-0.102202,-0.196627,0.029779,-0.170759,-0.303669,-0.274968,-0.296503,-0.000315,-0.286575,-0.002972,-0.308599,-0.386631,-0.237304,-0.173079,-0.002996,0.134861,-0.031682,-0.136504,-0.271045,0.020915,-0.242864,-0.031563,0.14808,-0.148224,0.027053,0.037449,0.196561,-0.411357,-0.181251,0.045102,0.108586,-0.361577,-0.17448,-0.193923,0.04294,-0.352857,0.043402,-0.009257,-0.226139,-0.136109,-0.053628,-0.145269,0.154546,-0.140964,-0.025677,-0.005706,-0.410413,-0.13145,0.123831,-0.203053,-0.103588,-0.045058,0.007041,0.268164,-0.099619,-0.201126,0.198854,-0.085737,-0.003567,-0.163622,-0.015149,-0.153501,0.031902,-0.26033,-0.273266,-0.092285,-0.11689,-0.264081,-0.229074,0.273967,-0.133546,0.125616,0.025903,-0.35459,-0.097509,0.01583,-0.220938,-0.082221,-0.15851,0.044348,-0.165577,-0.092095,0.06072,-0.127211,-0.225448,0.071451,0.090717,-0.142196,0.082598,-0.106253,-0.08103,-0.122029,-0.086169,-0.00139,-0.111904,-0.000333,0.02389,0.042219,0.446843,0.2164,0.037646,0.207273,-0.031841,0.13174,0.231628,-0.13173,0.115798,0.364261,-0.138221,-0.181426,0.328753,0.146286,-0.160322,-0.161802,0.07182,#
1,-0.016118,1.0,0.097248,-0.049491,-0.077467,0.071082,0.27982,0.112945,-0.029966,0.343327,-0.186425,0.022128,-0.015154,0.231113,0.246082,0.146296,-0.080612,0.232789,0.174531,0.112348,0.245126,0.004953,0.227086,-0.07078,0.054022,-0.185596,-0.033301,0.064036,-0.095059,0.182916,-0.151699,0.120099,0.250828,-0.115339,-0.206429,0.143619,0.093724,-0.25186,0.100439,0.125967,0.064092,0.267039,-0.246319,0.025452,0.297558,-0.229086,0.151462,-0.138521,0.198246,0.370572,0.013589,0.015157,0.167764,-0.031047,-0.0512,-0.128869,0.009675,-0.333305,-0.341508,-0.223225,0.039461,0.070704,-0.121904,-0.071908,0.271228,0.126265,-0.129286,-0.063975,-0.086071,-0.130527,0.075331,-0.013482,0.100497,-0.175205,-0.045352,-0.077172,-0.246101,-0.173649,0.133493,0.113133,0.103291,-0.163028,-0.023434,0.07805,-0.120535,-0.152979,-0.175017,-0.213387,0.102202,-0.083231,-0.106983,-0.046152,-0.206903,-0.012879,-0.043177,0.047556,0.098575,0.211109,0.289977,-0.112348,-0.003887,0.235278,-0.032496,-0.139666,-0.273002,-0.082912,-0.126473,0.010285,-0.268039,-0.167701,0.230039,0.277261,-0.13586,0.120817,-0.1058,-0.055281,0.012749,-0.042175,0.181418,-0.334525,-0.167919,-0.324514,-0.427308,-0.059071,-0.24018,-0.227928,0.128763,0.023477,-0.277825,-0.022888,0.154342,-0.031177,-0.192916,-0.223237,-0.148218,-0.305835,0.142418,0.211078,0.078131,-0.103694,0.052882,-0.188852,-0.126451,-0.182639,-0.039157,-0.097275,-0.177187,0.10948,-0.021617,-0.055993,-0.158375,-0.201724,0.087659,-0.040641,-0.060872,-0.042127,0.263406,0.063837,-0.134213,0.062901,-0.044619,-0.03966,-0.064088,0.233877,-0.047359,0.231183,0.154723,-0.000377,-0.229438,-0.385692,-0.079142,0.041929,-0.048076,-0.140504,0.014163,-0.145451,0.018816,0.05589,0.217485,-0.332433,0.178754,0.048593,-0.320836,-0.063971,0.202847,-0.144078,0.255731,-0.123068,-0.147364,0.251666,0.082072,-0.032853,0.004588,0.282666,-0.278798,-0.090835,0.061051,-0.035983,0.309611,-0.089761,#
2,-0.134469,0.097248,1.0,0.030975,-0.071838,-0.133088,0.093128,-0.006205,0.217126,0.061803,-0.033748,-0.005203,-0.112032,-0.02429,-0.099141,-0.090429,-0.267057,0.278023,-0.124454,0.136476,0.020297,0.225956,-0.057481,0.068271,0.177434,0.097209,0.375194,0.019887,-0.046476,-0.226407,-0.010526,0.181968,-0.078761,-0.015648,-0.125575,0.058595,0.080143,0.177154,0.132858,-0.277985,0.201835,0.097183,-0.00046,-0.108791,0.002808,-0.262959,-0.082549,0.236618,-0.054929,-0.106308,-0.10955,-0.106768,0.274939,-0.120661,-0.237061,-0.104727,-0.13759,-0.287046,-0.051316,0.031282,-0.069199,-0.170496,-0.046465,-0.251879,0.200628,-0.054359,0.176449,0.077651,0.185346,0.292977,0.102524,0.168842,-0.059942,0.199948,0.083499,-0.092814,0.076321,-0.102381,0.087939,0.120823,0.171588,0.083964,0.066395,0.171746,-0.107787,0.13068,0.045066,-0.008068,0.206085,0.104629,0.060751,0.081525,0.239974,0.180654,0.124872,0.167663,0.354814,0.070196,0.216352,0.155129,-0.1501,0.130963,0.086321,0.132622,0.158064,0.263238,0.00622,0.133134,-0.116354,-0.153485,0.17679,-0.066507,0.147984,0.147395,0.385103,-0.119099,-0.035668,0.064264,-0.012736,-0.040725,0.181071,0.05151,-0.008812,-0.034501,-0.007558,0.125674,0.292938,-0.033442,0.083016,0.217929,0.470331,0.063554,0.082808,0.068724,0.191564,0.129084,-0.104163,0.332324,0.219622,0.245654,0.080226,0.150001,0.075733,-0.078562,0.006036,-0.008851,-0.096692,0.012169,0.199818,0.272744,0.058735,0.052121,0.215335,0.118156,0.147812,0.132642,0.099561,0.081025,0.240174,0.057493,0.376474,0.094498,0.047769,0.327176,0.08429,-0.315239,0.067689,-0.003003,-0.000518,0.152074,-0.234304,-0.177379,-0.122993,0.124101,-0.197916,0.207892,0.209226,-0.046107,0.078358,-0.141773,0.092906,0.091916,-0.227483,-0.214353,-0.244896,0.265396,0.121621,0.255679,-0.18221,-0.122119,0.192583,-0.245209,-0.209792,0.392853,-0.286168,0.035548,-0.133271,0.123081,0.28338,-0.05365,#
3,-0.134767,-0.049491,0.030975,1.0,-0.145893,-0.226037,-0.177061,-0.219148,-0.278876,-0.33834,0.027401,-0.124699,-0.225662,-0.312409,-0.166623,-0.140333,0.197257,0.115336,-0.075414,-0.006444,-0.006788,0.052768,-0.276343,0.034925,0.153215,0.249962,0.14894,0.14379,-0.052652,-0.315307,0.256014,0.029002,-0.080603,0.005982,0.060066,-0.040647,-0.201231,-0.020886,0.002214,0.048291,0.020425,-0.218972,0.063024,0.184972,-0.097007,0.298457,-0.164832,0.010173,0.048197,-0.110023,-0.137044,0.299672,0.054346,0.002873,-0.139368,-0.158207,0.324995,0.105885,0.146442,0.053459,-0.27092,0.043602,0.219956,-0.168453,-0.00731,-0.321302,0.062979,0.040507,-0.065774,0.025312,-0.076141,-0.000607,0.05985,0.001951,-0.045989,-0.053477,0.23143,0.081839,-0.041922,-0.14839,0.043004,0.328011,0.238296,-0.027248,0.243267,-0.017642,0.272216,0.149785,0.008996,-0.071765,-0.036342,0.117094,0.123822,-0.171624,0.211664,0.098743,0.376542,0.198357,-0.100775,0.299323,0.07616,0.272361,0.428888,0.126698,0.181826,0.097157,0.285405,0.037346,-0.087554,0.067003,-0.069285,-0.16933,0.208357,0.148875,0.124305,0.030453,0.004699,-0.002818,-0.127546,0.334376,0.135312,0.297681,0.308668,0.102277,0.250595,0.098504,-0.272155,-0.163507,0.179211,0.289783,-0.081147,0.193725,0.288317,0.022931,0.162921,0.198939,0.008213,-0.041995,-0.052176,0.231609,0.042432,-0.133409,0.292925,0.195583,0.362919,0.146633,0.023182,0.092639,0.325364,0.031911,0.14665,0.035652,0.137406,0.27947,0.004492,0.206511,-0.325683,-0.198247,0.284317,0.157384,0.057137,0.09436,-0.119646,0.123746,-0.196831,-0.241939,0.227609,0.178787,0.09636,0.164621,0.074666,0.019718,0.209636,0.291647,-0.175984,0.200394,0.039105,0.077409,-0.538502,0.352851,-0.346493,-0.124054,0.248004,-0.058545,-0.165553,-0.05046,-0.148749,0.002652,0.320066,-0.095053,0.138883,-0.146226,-0.160626,-0.143993,0.028707,-0.113413,-0.093632,0.082276,-0.082216,-0.303464,#
4,0.19954,-0.077467,-0.071838,-0.145893,1.0,0.037011,-0.179015,0.049913,0.040229,-0.172456,0.284356,-0.106636,0.047168,-0.174475,-0.162357,-0.088808,0.037227,-0.223588,0.097711,-0.162582,-0.214009,-0.199492,0.151165,-0.003155,0.016087,-0.079685,-0.272102,0.062165,-0.072584,0.070294,-0.227106,-0.184662,-0.001724,-0.013504,0.068335,0.068092,0.039141,-0.139159,0.01072,0.377934,-0.013179,-0.356294,-0.143752,0.122125,-0.141108,0.247746,-0.176288,0.102229,0.127184,0.148043,0.098206,-0.086375,0.058378,0.203655,0.192171,0.077906,-0.111619,0.279288,0.078252,-0.031611,-0.228619,-0.208182,-0.143915,0.101825,-0.213414,0.20399,0.44998,-0.152939,0.073871,-0.112032,0.022383,-0.042128,0.035602,0.267598,0.142473,0.115269,-0.086916,-0.13931,-0.103878,-0.213044,-0.1244,0.072216,0.030867,0.065973,0.08977,-0.099247,0.12019,0.143488,0.019786,-0.136728,0.162254,0.099327,0.159408,-0.114225,-0.067187,0.017241,0.056802,-0.051755,-0.118871,0.06757,0.137195,0.042981,0.179053,-0.10314,0.138689,0.101749,-0.040722,0.093246,-0.138893,0.062968,0.023896,0.02212,0.084863,-0.172114,-0.117899,0.1742,-0.038167,0.328263,-0.258685,0.080702,-0.365891,0.061292,0.218954,-0.042835,0.183887,0.152104,0.127712,0.060861,0.104638,-0.008345,0.082311,-0.230443,0.042023,-0.183481,-0.024189,0.159837,-0.023199,0.101715,-0.148888,0.227496,-0.002409,-0.118638,-0.247432,0.191562,-0.042851,-0.258951,-0.317417,-0.097355,0.065726,-0.132747,0.038366,0.093734,-0.340995,-0.046122,0.060965,-0.145718,-0.047472,-0.043307,-0.236273,0.216861,-0.237603,-0.151729,-0.288391,-0.026356,0.191715,-0.140541,0.000634,-0.026637,-0.028258,0.112178,-0.025373,-0.150038,0.053353,0.004683,0.000693,0.178976,0.155057,0.173404,0.115135,0.042504,-0.170521,0.128436,0.127263,0.205431,0.151113,0.019094,0.066685,-0.205903,0.232405,-0.136285,-0.012826,0.039877,0.28654,-0.094666,-0.117958,0.23852,-0.004356,0.070457,-0.161604,-0.183543,#
5,0.197522,0.071082,-0.133088,-0.226037,0.037011,1.0,0.330999,0.295629,-0.036549,0.022857,0.081902,0.247655,0.048472,0.145789,0.085699,0.049055,0.235202,-0.051151,0.132666,-0.103785,0.140553,0.167371,0.175979,-0.062684,-0.171335,-0.042444,0.086182,-0.094033,0.099887,0.148331,-0.161939,-0.005675,-0.096055,-0.02257,0.012084,-0.008364,0.109466,-0.075822,-0.132298,-0.044552,-0.197531,0.274443,-0.008686,-0.002281,0.063174,-0.140052,0.128049,-0.116198,-0.015077,0.162263,-0.086699,-0.061057,0.020926,0.065075,0.118064,0.300488,-0.179266,0.02737,-0.090103,-0.184614,0.103653,-0.187675,-0.160587,0.278579,-0.071444,0.339817,-0.023143,0.300584,-0.13522,-0.275468,0.016988,0.123114,-0.201457,0.061423,-0.072037,0.317958,-0.249903,-0.03199,-0.123766,-0.09986,-0.08489,-0.323395,-0.160788,0.048758,-0.150734,-0.295308,-0.019361,-0.05,-0.109803,-0.240542,-0.168074,-0.34995,-0.262583,0.043642,-0.081182,-0.215577,-0.200706,-0.277747,-0.132661,-0.188515,0.004908,-0.00174,-0.101516,-0.279699,-0.165226,-0.227332,-0.130763,-0.010975,-0.267842,-0.005115,0.146621,0.108935,-0.426247,-0.267377,-0.11201,-0.109524,-0.394658,0.045724,0.182926,-0.188754,-0.24826,-0.30595,-0.043134,-0.417115,-0.088508,-0.116019,-0.21795,-0.043709,-0.231379,-0.180981,-0.105656,-0.094787,-0.084912,-0.002276,-0.358129,-0.1765,0.316987,-0.140078,0.014638,-0.431633,-0.148224,0.013398,-0.202628,0.062917,-0.192561,-0.182983,0.206112,0.0779,-0.155567,0.005086,-0.06526,-0.112286,0.005809,0.079005,0.032715,-0.315043,0.010088,0.208533,-0.423166,-0.091538,-0.106619,-0.214005,-0.142607,-0.07694,-0.004577,0.128583,-0.146706,-0.107597,-0.025756,0.034658,0.211121,-0.187728,-0.192416,-0.179061,0.130007,-0.346799,-0.028439,-0.029734,0.161225,-0.148629,0.180651,-0.138438,0.045101,0.208652,0.514648,-0.02238,0.016349,0.042589,-0.02816,0.06926,0.083619,0.078929,0.229379,-0.221345,-0.254842,0.028632,0.181608,-0.027539,-0.303854,0.023992,#
6,0.13886,0.27982,0.093128,-0.177061,-0.179015,0.330999,1.0,0.301934,0.262457,0.298796,0.046664,0.135338,0.286914,0.172721,0.033003,0.111233,0.114523,0.180829,0.191146,-0.045641,-0.072129,0.136299,0.112846,-0.058663,0.055206,0.026483,0.309422,0.105832,0.406066,0.122907,-0.322792,-0.080855,0.022383,-0.285088,0.092161,0.145891,-0.09355,-0.016949,0.019546,-0.185306,0.051066,0.154495,0.107721,-0.189758,0.118346,-0.325897,0.019611,-0.227866,-0.01104,0.412131,0.0267,-0.118026,0.056693,0.014579,0.233544,0.158389,0.050448,-0.309485,-0.162221,0.072967,0.221726,0.151,0.007653,0.250006,0.125466,0.244608,-0.050428,0.117703,-0.021496,-0.146613,0.258322,0.053082,-0.220804,-0.324563,-0.112014,0.29691,-0.206103,-0.145638,-0.09164,-0.053116,-0.127602,-0.28358,-0.37508,-0.083402,-0.363247,0.084688,-0.131035,-0.202225,-0.066712,-0.27014,-0.397882,-0.329465,-0.394185,-0.210497,0.03575,-0.367081,-0.076782,-0.258869,-0.0133,-0.400096,-0.072991,-0.024081,-0.238249,-0.135204,-0.342947,-0.166787,-0.170766,-0.130565,-0.076567,-0.128899,-0.253156,0.092212,-0.318629,-0.304886,-0.078455,-0.323048,-0.128212,0.00669,-0.004777,-0.18943,0.014208,-0.22862,-0.174557,-0.375337,-0.225405,-0.291668,0.075481,0.249062,-0.261938,-0.215556,-0.230966,-0.393166,-0.473921,0.082422,-0.060882,-0.113572,0.187783,-0.15183,-0.037368,-0.316153,-0.073312,0.106287,-0.131094,-0.263241,-0.242464,-0.1422,-0.129794,0.401643,-0.210124,-0.132153,-0.115263,-0.164326,0.06903,-0.055866,-0.099201,-0.358122,0.054272,0.292242,-0.201053,-0.111719,-0.110893,-0.152972,-0.159682,-0.016128,0.127311,0.155902,0.027668,0.141196,-0.39144,0.097599,0.136422,0.064851,-0.104467,-0.04303,0.326169,-0.324208,0.117529,0.077932,0.265504,-0.527614,0.389562,0.25291,0.081641,0.072549,0.265262,-0.256643,-0.007414,0.166374,-0.15768,0.197706,-0.223536,0.03511,0.133959,0.056831,-0.299116,0.084901,0.1186,-0.113809,-0.241007,0.269599,#
7,-0.086574,0.112945,-0.006205,-0.219148,0.049913,0.295629,0.301934,1.0,0.020654,0.178016,-0.146759,-0.006713,0.553106,0.365691,0.112922,0.007731,-0.037679,0.165734,0.185752,0.004942,0.162621,0.179732,0.012467,0.13321,0.061029,-0.032647,-0.118999,-0.226521,0.071301,0.221666,-0.129481,-0.168189,0.113673,0.064121,-0.284831,-0.001792,0.064426,-0.128705,0.119109,-0.248955,0.09016,0.118316,0.019776,-0.10022,-0.138703,-0.349006,-0.028938,-0.206839,-0.018566,-0.042179,-0.161335,0.058676,0.214047,0.017859,0.26627,0.267735,-0.126593,-0.174862,-0.223657,0.036922,0.213645,0.017167,-0.169136,0.199913,-0.127585,0.435228,0.05453,0.123016,0.015018,0.062565,0.243777,0.178411,-0.395439,-0.085691,-0.049943,0.057702,0.004383,0.120088,0.099431,-0.098007,0.014348,-0.246857,-0.130286,-0.055808,-0.231765,-0.063378,-0.040943,0.043532,0.111473,-0.042051,0.027068,-0.268751,-0.208048,0.042954,-0.092187,0.031695,-0.008969,0.049716,0.101197,-0.438776,0.016894,0.119783,-0.016036,-0.236574,-0.166707,0.045232,-0.199205,-0.031042,-0.070124,-0.330058,0.0592,0.206716,-0.091211,-0.127426,0.155986,-0.049818,0.003931,-0.026753,0.176414,-0.18072,-0.091819,-0.631395,-0.03351,-0.116267,-0.194442,-0.125985,0.087733,0.02356,-0.218568,0.147886,-0.10534,0.099218,-0.09053,-0.034439,-0.200117,0.062798,0.203702,-0.163315,-0.005462,-0.206898,-0.094052,-0.042408,-0.19583,-0.021294,-0.150344,-0.147851,-0.242293,0.029855,-0.020886,-0.229462,-0.167189,0.016885,-0.18196,-0.192933,-0.106094,-0.378107,0.106576,0.101003,-0.140496,-0.090098,0.007767,0.029241,-0.174093,0.065648,0.220948,0.022279,-0.002564,-0.027767,-0.090899,0.305538,-0.155191,-0.124074,-0.066948,-0.092187,0.276632,-0.206885,0.17384,-0.041576,0.379918,-0.132203,0.188858,0.316692,0.005681,-0.094842,0.130955,0.051547,0.048463,-0.187148,-0.274983,0.330443,-0.208686,-0.181634,0.284629,-0.07643,-0.149615,-0.19255,0.089975,-0.00991,-0.131837,0.019289,#
8,-0.189935,-0.029966,0.217126,-0.278876,0.040229,-0.036549,0.262457,0.020654,1.0,0.340504,-0.126766,0.133856,-0.002651,0.160714,0.098117,-0.041778,-0.260866,0.293955,-0.093827,0.003893,-0.293338,0.115059,0.164243,0.155597,0.08131,0.266029,0.235145,0.303189,0.060933,0.128383,-0.19778,-0.108107,0.005301,-0.101882,0.143614,0.137182,-0.129462,-0.031664,0.238789,-0.161781,0.161782,-0.077231,-0.081571,-0.143218,0.108213,-0.122303,-0.058948,0.126161,0.004869,0.122871,0.047343,-0.226517,-0.087496,0.005505,0.007944,0.402516,-0.130038,-0.297683,-0.182019,0.215209,0.05956,-0.068144,-0.080789,0.150672,0.070295,0.080326,0.105135,0.068454,0.187274,0.093541,0.082916,0.098858,0.061843,0.06657,0.042422,0.055276,-0.004833,-0.142016,0.045374,-0.000745,-0.03556,-0.096188,-0.332923,-0.027435,-0.094059,0.243023,-0.036832,-0.260027,-0.010154,-0.078633,0.132,0.103591,-0.220842,0.178367,0.031108,0.150287,0.022049,-0.031945,-0.175508,-0.233504,-0.081545,0.192702,-0.043412,0.213203,-0.08915,-0.173265,-0.02944,-0.066563,0.103812,-0.118525,-0.061902,-0.1519,-0.059614,-0.243546,0.031962,-0.117902,0.283362,0.014962,0.129939,-0.130261,0.227156,-0.124981,0.080192,-0.092828,-0.101865,0.009453,0.351341,0.043426,-0.084733,-0.124261,0.087303,0.000523,-0.435266,0.011948,0.08246,0.119845,0.011252,0.062851,-0.166481,-0.086375,0.147262,-0.00188,-0.107833,-0.213268,-0.278122,-0.40721,-0.015959,0.094114,0.004037,-0.011047,0.060907,0.075923,0.054038,-0.181268,0.054298,-0.165183,0.329641,0.287257,-0.080999,-0.055985,-0.148582,0.172636,0.125206,-0.01633,-0.131421,0.001502,-0.036004,-0.002893,-0.217068,0.169105,-0.082938,-0.148363,0.096429,0.036006,0.239989,0.123789,0.039635,-0.003439,0.364266,-0.343152,0.392459,0.288149,-0.254876,-0.206857,-0.004762,0.117566,-0.023734,0.25631,-0.389795,-0.155504,-0.152389,-0.192951,-0.057843,0.190404,-0.139206,0.249138,0.000335,-0.093608,0.120436,0.13375,#
9,0.061808,0.343327,0.061803,-0.33834,-0.172456,0.022857,0.298796,0.178016,0.340504,1.0,-0.303918,0.105327,0.284815,0.591538,0.334514,0.199064,-0.31886,0.322667,0.088394,0.167212,-0.041909,0.207239,0.305692,0.142208,0.176834,-0.203891,0.053986,0.120229,0.084486,0.415917,-0.013742,0.250943,0.362863,-0.20496,-0.127117,0.078286,0.142095,-0.030757,0.164325,-0.373108,0.196621,0.321385,-0.096933,-0.08388,0.116281,-0.5105,0.203401,0.27276,0.013524,0.309227,-0.101445,-0.167116,0.182551,-0.164475,0.161938,-0.021689,-0.162499,-0.425473,-0.30604,0.108007,0.455186,0.176233,-0.323109,-0.011739,0.007555,0.157788,-0.073953,0.240564,-0.189768,0.091981,0.037332,0.299005,-0.012374,-0.084069,-0.115677,-0.031968,-0.104111,-0.239002,-0.006472,0.162033,0.074676,-0.440147,-0.392658,0.098629,-0.235567,0.184447,-0.295809,-0.138211,0.247718,-0.313318,0.009913,-0.042385,-0.182308,0.239892,0.020696,0.067246,-0.279179,-0.042505,0.11095,-0.357137,-0.185376,0.095058,-0.261154,-0.010404,-0.057267,-0.141812,-0.394493,-0.200525,-0.102766,-0.321438,0.174683,0.28095,-0.25369,-0.084831,-0.112519,-0.26501,-0.033304,-0.128044,0.389154,-0.416808,0.016166,-0.333048,0.039132,-0.185469,-0.350704,0.033534,0.234787,0.058929,-0.158006,-0.17811,-0.040346,0.106002,-0.497613,-0.072271,-0.25455,-0.260215,-0.098313,-0.138482,0.256047,-0.287999,0.043758,-0.027803,-0.353018,-0.420412,-0.349923,-0.042503,-0.072505,0.0647,-0.23452,-0.130863,-0.258609,-0.009726,0.011343,-0.400908,-0.049551,-0.298049,0.417458,0.422177,-0.169343,-0.130899,-0.077834,-0.032476,-0.088083,0.305775,0.266931,0.452329,-0.05929,0.001591,-0.30726,-0.044472,-0.195006,0.092482,-0.199853,-0.145972,0.323233,-0.226468,-0.025411,0.041685,0.619104,-0.479733,0.44727,0.171093,-0.608578,-0.278496,0.208602,-0.00594,0.26942,0.15142,-0.548253,0.024716,-0.141436,-0.105653,0.134357,0.418366,-0.150549,0.040288,-0.108676,-0.073648,0.416871,0.312178,#
10,0.226958,-0.186425,-0.033748,0.027401,0.284356,0.081902,0.046664,-0.146759,-0.126766,-0.303918,1.0,-0.199613,0.072299,-0.250921,-0.248383,0.008633,-0.013586,-0.297091,0.055852,-0.099497,-0.094975,-0.114762,-0.128784,0.101252,-0.026952,0.127214,-0.127714,0.046424,0.158012,-0.251685,0.190494,0.009822,-0.32198,-0.282415,0.066017,0.001049,0.211784,0.323079,-0.023672,0.194418,-0.187473,-0.287527,-0.037652,-0.022811,-0.053691,0.149367,-0.204953,0.048858,0.116806,0.062613,-0.006838,0.038403,0.088193,0.225838,0.155549,0.053553,-0.193251,0.244944,0.099989,-0.108154,-0.283734,-0.13688,-0.014826,0.127278,0.049829,-0.101944,0.240985,-0.135366,0.132021,-0.130318,0.229968,-0.099044,-0.024518,0.141518,-0.052791,0.229445,-0.017918,0.058146,0.039132,-0.179051,0.030054,0.223488,-0.037232,0.182382,0.058429,-0.086118,0.260581,0.105223,-0.013199,0.045128,-0.081406,-0.040203,-0.001847,-0.085745,-0.032675,-0.018832,-0.004714,-0.272523,0.136717,0.007134,0.040536,-0.151032,0.046847,-0.160622,0.108753,-0.03509,-0.044477,0.211963,0.045388,0.332125,-0.119282,-0.11308,-0.279305,-0.108048,-0.016697,0.050364,-0.227708,0.020649,-0.326178,0.190126,-0.266339,0.231944,0.010074,-0.289301,-0.107924,0.138024,-0.028578,0.101364,-0.020751,-0.166262,-0.089374,-0.204461,0.02606,-0.015493,0.10227,0.090353,0.039414,-0.024061,-0.176388,0.150032,-0.008259,0.291651,-0.072801,0.106785,0.360033,-0.012682,-0.113252,0.1774,0.173339,0.021558,0.319517,0.202502,-0.079003,0.051463,0.074668,0.031766,-0.263681,-0.192181,0.030054,-0.030833,-0.176938,-0.047721,-0.115338,0.0307,0.159338,-0.171208,0.089987,-0.089423,-0.066809,0.060583,0.204666,0.083797,0.242779,0.135107,-0.140486,0.057207,0.183546,-0.012531,-0.275509,0.186149,-0.143482,0.128971,0.161148,0.196969,0.112988,0.053878,-0.05013,0.018111,0.320326,0.182379,0.096071,0.15666,0.19753,-0.434215,0.015454,0.035644,0.100966,0.044471,-0.176895,-0.161424,#
11,-0.115467,0.022128,-0.005203,-0.124699,-0.106636,0.247655,0.135338,-0.006713,0.133856,0.105327,-0.199613,1.0,-0.03021,0.180481,-0.069346,-0.003027,0.059203,0.04593,0.035682,-0.1749,0.082619,-0.231024,-0.052017,0.075897,0.145597,0.054736,0.105349,0.224973,-0.086432,0.041258,-0.048455,0.027496,-0.076979,0.029506,-0.115852,0.199049,-0.134009,0.074557,0.047446,-0.112902,-0.116541,0.220447,-0.140193,-0.279848,-0.184498,0.116516,-0.039753,-0.115744,-0.015907,0.205945,-0.174859,-0.059197,-0.161361,0.212533,-0.159737,-0.043694,-0.283287,-0.012292,-0.210363,0.049954,-0.072715,-0.241712,0.094893,0.098654,0.00836,0.177212,-0.026593,0.051314,0.20626,-0.269186,-0.057656,-0.079962,0.007617,0.072117,0.036076,-0.094218,-0.161815,0.055704,-0.258273,-0.008344,-0.187686,-0.233293,0.065148,-0.04661,-0.017761,-0.29664,-0.118165,-0.054302,-0.09793,0.056088,0.016429,-0.178819,-0.16558,0.040989,-0.019192,-0.16941,-0.058186,0.058463,-0.22686,-0.085893,0.252794,0.051738,-0.270986,0.029703,-0.120312,0.068646,-0.037609,0.07057,0.046569,0.116687,-0.057123,-0.018262,-0.263616,-0.174003,-0.114583,-0.026603,0.058028,0.175676,0.015225,-0.061016,0.095278,-0.13054,0.008957,-0.140712,0.013806,-0.209108,0.046893,-0.040982,0.061962,-0.078861,-0.142504,-0.013659,-0.271811,0.09543,-0.050249,0.016615,0.146185,-0.093855,-0.108715,-0.222681,-0.070945,0.079589,0.009615,0.044707,-0.02106,-0.095864,0.035337,0.012599,-0.221128,-0.06611,-0.043152,0.171819,-0.07009,0.221751,0.023328,0.056115,-0.041523,0.285029,-0.126986,-0.219705,-0.121707,-0.208561,0.168921,-0.093644,-0.232969,0.090831,-0.071574,0.068179,0.250666,0.054782,0.071567,0.392426,-0.066797,-0.265644,0.028073,-0.102885,-0.076292,0.338517,-0.011519,0.035575,0.02896,-0.172046,-0.079566,-0.178257,0.298687,0.254135,-0.091584,0.204538,0.11107,-0.059512,0.114322,0.311549,0.026074,0.214106,-0.139019,-0.073137,0.114542,-0.230114,-0.009303,-0.068953,#
12,0.239614,-0.015154,-0.112032,-0.225662,0.047168,0.048472,0.286914,0.553106,-0.002651,0.284815,0.072299,-0.03021,1.0,0.47744,0.131687,0.135943,-0.031814,0.084776,0.215295,0.141342,0.042682,0.062378,0.143478,0.12839,-0.047224,-0.287889,-0.097594,0.021466,0.10603,0.19038,0.116496,-0.009337,0.213599,0.065097,-0.277559,0.224041,0.201419,0.01446,-0.103396,-0.102258,-0.074373,0.124513,0.150946,-0.069992,-0.165414,-0.408739,0.179476,-0.044785,0.03131,-0.044314,-0.135918,0.064545,0.236088,0.07345,0.270408,0.123701,-0.106508,-0.19907,-0.053041,0.027958,0.359758,0.182147,-0.161115,0.15251,-0.126952,0.099381,-0.045539,0.107231,0.002737,-0.017619,0.256116,0.183153,-0.22412,-0.328079,-0.251079,0.028441,-0.012114,0.03366,0.019658,-0.075359,0.129478,-0.124108,-0.235805,-0.259767,-0.232386,0.170387,-0.050513,0.142791,-0.113213,-0.16148,-0.182825,-0.25799,-0.302232,0.062008,-0.114824,-0.189592,-0.212888,-0.170528,-0.141207,-0.441848,0.014716,-0.161298,-0.160818,-0.027882,-0.064113,-0.041439,-0.310249,-0.152824,0.094773,-0.316825,-0.132948,0.174638,-0.304852,-0.126289,0.024878,-0.160072,-0.022189,-0.04643,-0.061646,-0.175995,0.029527,-0.393365,-0.177199,-0.11506,-0.209155,-0.12404,0.084359,0.377938,-0.186509,-0.063463,-0.082676,0.100885,-0.272567,0.066025,0.040537,-0.101783,0.2048,-0.297397,-0.124601,-0.089681,0.010272,0.266281,-0.18085,-0.15315,-0.132985,0.202908,-0.241885,0.07243,-0.227617,-0.364667,-0.273356,-0.092431,-0.166851,-0.198786,-0.005603,-0.332554,0.11307,0.10391,-0.245155,-0.211282,0.024131,-0.083532,-0.025235,0.050675,0.377362,0.128354,0.033624,0.154736,-0.239768,0.197481,-0.181431,-0.01973,-0.227266,0.019045,0.147139,-0.222837,-0.032278,0.055712,0.16123,-0.345265,0.079729,0.242782,-0.001833,-0.023884,-0.001079,-0.060426,0.151583,0.061807,-0.141105,0.354054,-0.219169,-0.084655,0.283753,-0.0682,0.088317,-0.006859,0.077458,-0.095168,-0.009305,0.123256,#
13,0.183836,0.231113,-0.02429,-0.312409,-0.174475,0.145789,0.172721,0.365691,0.160714,0.591538,-0.250921,0.180481,0.47744,1.0,0.307142,0.232553,-0.253377,0.244637,0.212795,0.139751,0.184539,0.053306,0.347393,0.250262,0.083991,-0.097231,0.09578,0.02974,0.107721,0.358877,0.132271,0.13875,0.292366,-0.064105,-0.343894,0.18674,0.240754,-0.153915,0.171877,-0.286634,0.021627,0.400083,-0.102912,0.079285,0.078542,-0.503948,0.288886,0.052628,-0.087758,0.019653,0.023642,-0.120049,0.204282,-0.165892,0.07533,0.015691,-0.097388,-0.320745,-0.267147,0.02048,0.52532,0.181033,-0.338901,0.001289,-0.05649,0.368509,-0.191488,0.255562,-0.260291,-0.124594,-0.212252,0.33466,-0.145762,-0.122346,-0.293045,-0.041138,-0.33069,-0.287973,-0.14966,0.10666,0.085537,-0.436447,-0.369257,0.089572,-0.375355,0.038482,-0.283524,0.024403,0.034035,-0.318674,-0.021859,-0.20405,-0.400881,0.122321,-0.195859,-0.074421,-0.363329,-0.136107,0.071063,-0.300907,-0.025875,-0.104823,-0.346911,-0.295897,-0.082846,-0.094597,-0.177775,-0.109751,0.034741,-0.365737,0.068121,0.356758,-0.365203,-0.088868,0.166271,-0.061229,-0.261459,-0.207999,0.415144,-0.400943,-0.130296,-0.482539,-0.028261,-0.200316,-0.373286,-0.112992,0.072401,-0.064502,-0.319032,-0.218165,-0.123121,0.169948,-0.348029,-0.236556,-0.365716,-0.378144,0.22346,-0.211393,0.156442,-0.456781,-0.056664,0.14462,-0.158142,-0.383676,-0.419362,-0.048241,0.091968,0.16739,-0.424476,-0.228713,-0.292237,0.039399,-0.179379,-0.288306,-0.014597,-0.236512,0.416578,0.265536,-0.120741,-0.253616,0.036026,0.035649,0.015279,-0.079331,0.194855,0.240307,-0.181939,-0.071359,-0.252419,-0.060872,-0.335633,0.038701,-0.278043,-0.259163,0.140272,-0.171127,-0.118467,0.050236,0.470463,-0.408818,0.279109,0.033563,-0.457254,-0.122197,0.364452,0.144876,0.205318,0.028351,-0.352338,0.250051,-0.178171,-0.036211,0.149548,0.226352,-0.276406,-0.213965,0.205619,-0.343324,0.250402,0.196103,#
14,-0.007939,0.246082,-0.099141,-0.166623,-0.162357,0.085699,0.033003,0.112922,0.098117,0.334514,-0.248383,-0.069346,0.131687,0.307142,1.0,-0.069282,-0.111391,0.238336,0.342687,0.116118,0.122448,0.128901,0.09669,0.138837,-0.138507,-0.006816,0.100007,0.090918,0.157184,0.093014,-0.066262,0.143236,-0.057657,0.09463,-0.184378,-0.150151,-0.099679,-0.029849,-0.012175,-0.165999,0.144769,0.331415,0.0363,0.152602,0.339565,-0.278431,0.072284,0.118204,0.185954,-0.093481,0.157207,-0.154829,0.064176,-0.10973,0.180163,0.18143,0.160977,-0.346204,-0.055599,-0.072661,0.379289,-0.0853,-0.276263,0.199661,0.152968,0.051836,-0.146759,0.06318,-0.033763,0.068169,0.088441,0.054495,0.051303,-0.121303,-0.152807,-0.162868,-0.030549,0.039959,-0.09628,0.108324,0.140667,-0.372519,-0.116592,-0.003095,-0.217236,0.275,0.071257,-0.002775,-0.053464,-0.202763,0.01137,-0.022036,0.002602,0.271916,-0.116445,0.030466,-0.270283,-0.031818,-0.012813,-0.081052,-0.079583,-0.016478,-0.080605,-0.231507,-0.174791,-0.22081,-0.317695,0.033095,-0.142324,-0.109969,0.155561,0.14079,-0.040634,0.019784,0.053263,-0.136464,-0.196531,-0.038364,0.393747,-0.43299,0.024528,-0.228164,-0.125874,-0.031038,-0.222481,-0.27462,-0.106275,0.175097,-0.176798,-0.00526,0.022021,0.135806,-0.179555,-0.272333,-0.131882,-0.242771,0.101399,0.137383,0.080855,-0.291672,-0.238618,-0.222046,-0.229147,-0.058655,-0.269722,-0.042205,-0.024367,-0.080938,-0.226195,-0.030584,-0.285996,-0.338148,0.107962,-0.199073,-0.159363,-0.232923,0.274462,0.152808,-0.193415,0.020331,0.121728,-0.020549,0.108909,0.054568,-0.050021,0.353008,0.015401,-0.130977,-0.231623,-0.116691,-0.139843,-0.072409,-0.203695,0.130837,0.120541,-0.192972,-0.183724,0.128294,0.479927,-0.179352,0.217511,0.074616,-0.202535,0.078372,0.116352,-0.138745,0.223257,-0.072141,-0.121873,-0.042697,-0.050366,-0.063613,0.166173,0.09751,-0.060263,-0.072299,0.039797,-0.187769,0.183685,0.099853,#
15,0.117288,0.146296,-0.090429,-0.140333,-0.088808,0.049055,0.111233,0.007731,-0.041778,0.199064,0.008633,-0.003027,0.135943,0.232553,-0.069282,1.0,-0.008159,0.334227,0.083787,0.155315,-0.074227,-0.060103,0.352811,-0.129312,0.0324,-0.108428,-0.05899,0.033708,0.178067,0.188744,0.181269,-0.091659,0.292198,-0.126735,-0.003339,0.06631,0.348001,-0.027946,0.070207,0.027554,0.047507,-0.014603,0.242793,0.177376,0.080474,-0.108017,0.077258,0.056781,0.06393,0.252694,0.185774,0.138687,-0.028469,-0.020181,0.198322,-0.00358,-0.119934,-0.163991,0.003719,0.050457,0.065731,0.16046,-0.088073,0.064677,-0.042131,0.169231,-0.192939,0.237079,-0.390714,0.113894,-0.043717,0.252455,0.051923,-0.121851,-0.031624,0.230823,-0.014155,-0.199551,0.127324,0.056951,0.185849,-0.015171,-0.152402,0.275222,-0.056608,-0.205012,-0.260327,-0.190232,-0.029738,-0.023026,0.011629,0.125536,-0.186037,0.207691,0.040678,-0.16425,-0.094366,-0.240894,0.008177,0.017226,-0.102041,-0.109993,-0.315992,0.062972,0.060795,-0.118266,-0.038098,0.064682,0.050095,0.06128,-0.137168,0.086743,-0.148844,-0.141503,0.080587,0.125343,-0.129586,-0.288967,0.084891,-0.181374,-0.25365,-0.021548,-0.290103,-0.196087,-0.156309,0.016156,-0.054738,0.139872,-0.237835,-0.282247,-0.072591,0.026889,-0.092207,0.067029,-0.209888,-0.181868,-0.006208,-0.200447,-0.076164,-0.246863,-0.025,0.174868,-0.077156,-0.16827,-0.044683,0.108489,0.17844,0.280617,-0.163773,-0.294725,-0.029571,-0.092179,0.007367,0.030166,0.126718,-0.060938,0.016217,0.310388,-0.198648,-0.150624,0.237705,-0.067149,-0.087522,-0.077739,0.141274,0.125802,-0.135552,0.093416,-0.015919,-0.104236,0.166098,0.080448,0.038051,-0.233822,-0.020823,-0.042439,-0.146318,0.115225,0.138513,-0.312789,0.184877,-0.116574,-0.232445,0.13903,0.273166,-0.118044,0.303809,0.027271,-0.203715,0.044371,-0.058027,-0.068749,0.107302,0.186509,-0.122746,-0.088721,0.126108,-0.083274,0.152307,0.189874,#
16,-0.051971,-0.080612,-0.267057,0.197257,0.037227,0.235202,0.114523,-0.037679,-0.260866,-0.31886,-0.013586,0.059203,-0.031814,-0.253377,-0.111391,-0.008159,1.0,-0.132844,0.110378,-0.03046,0.004047,-0.112848,-0.096805,-0.323313,-0.429678,-0.08865,-0.111687,-0.054342,0.09498,-0.151313,-0.151402,0.052888,0.053325,0.263204,0.090505,0.139801,-0.183853,-0.178891,-0.311144,0.340037,-0.155111,-0.134836,0.081554,0.09662,-0.184031,0.191905,-0.082806,-0.23128,0.081242,0.189165,0.065873,0.168808,-0.020383,0.041249,0.042398,0.020234,0.260648,0.139985,0.272243,-0.159112,-0.223959,0.097552,0.347111,-0.112388,-0.134163,0.074904,-0.125078,0.063352,-0.064592,-0.229308,-0.166886,-0.295126,-0.131385,-0.119429,0.027133,0.065405,0.030988,-0.044487,0.009214,0.053562,-0.040077,0.199369,0.190125,-0.296647,0.117823,-0.083473,0.052726,0.098205,-0.136113,-0.106221,-0.100939,0.067836,0.019111,-0.09404,0.134293,-0.175019,0.014019,-0.123232,-0.229496,0.113238,0.093821,0.02203,0.150951,0.043878,0.048345,0.081961,0.075665,-0.102072,-0.12492,0.096863,-0.294394,-0.115831,0.133089,0.074164,-0.153267,-0.058013,0.006219,0.158357,-0.258375,-0.01339,-0.006938,0.035889,-0.082826,-0.228765,0.097772,-0.193545,-0.348777,-0.19121,0.106401,-0.062243,-0.181741,-0.242604,0.137137,0.105224,0.142285,0.017857,0.161525,-0.259395,-0.089411,0.049798,-0.126419,-0.058151,-0.065638,0.391726,0.139683,-0.018771,-0.024462,-0.018974,-0.061037,-0.04384,0.118236,-0.154686,0.118568,0.16234,-0.134472,-0.03964,-0.327593,0.023484,-0.139482,0.335055,-0.059788,-0.052794,-0.034979,-0.155148,-0.146249,0.077123,0.180287,-0.137378,0.059663,0.002938,-0.016825,0.123284,-0.238813,-0.052907,-0.096728,-0.151183,-0.12717,0.000444,-0.218315,0.083052,-0.427364,-0.109497,0.57668,0.112941,-0.012501,-0.145007,-0.027192,0.098435,0.348345,-0.290291,0.091785,0.276699,-0.048316,-0.26931,0.077628,0.005533,-0.061015,0.079862,-0.451556,-0.11113,#
17,-0.345443,0.232789,0.278023,0.115336,-0.223588,-0.051151,0.180829,0.165734,0.293955,0.322667,-0.297091,0.04593,0.084776,0.244637,0.238336,0.334227,-0.132844,1.0,-0.042902,0.374729,-0.212789,-0.007288,0.112983,0.069058,0.222617,0.223769,0.15133,0.100616,-0.059375,0.04413,0.027003,-0.082868,0.03083,-0.0485,-0.232628,0.085226,0.07096,-0.052525,0.134021,-0.253485,-0.003691,0.041302,0.10161,0.050843,0.076024,-0.275206,0.07528,0.310449,0.040507,0.047487,-0.042594,-0.034613,0.056971,0.031873,0.036069,-0.00358,0.034484,-0.319567,-0.157087,-0.143556,0.040865,-0.12023,-0.16015,0.105944,0.069654,0.147935,-0.026885,0.136082,-0.157206,0.276593,0.183915,0.248212,0.091436,-0.233615,0.034225,-0.026805,0.037729,-0.215742,0.157734,-0.013643,0.153987,-0.156701,-0.30159,0.193755,-0.196915,0.088645,-0.104884,-0.202187,-0.1062,-0.034901,-0.057484,0.034931,-0.223859,0.380844,-0.165218,-0.047839,0.158148,-0.003967,0.109157,0.039179,-0.215301,0.104557,-0.13914,0.210628,-0.126926,0.006518,-0.042748,-0.01414,-0.059339,-0.188638,0.128125,0.108744,-0.014201,-0.149674,0.044357,-0.054312,0.114874,-0.190546,0.399227,-0.422567,0.068311,-0.365412,-0.178149,-0.044406,-0.106071,-0.056236,-0.02268,0.167748,-0.151576,0.020342,0.105263,0.229169,-0.152785,-0.059706,0.058004,-0.053609,0.006097,-0.102882,0.044086,-0.142793,-0.01035,0.01593,-0.083243,-0.401238,-0.228351,0.032048,-0.054984,0.3433,0.061013,-0.081042,-0.259518,-0.053932,0.051681,-0.10534,-0.016719,-0.09037,0.060948,0.519552,0.005676,-0.021444,0.23459,0.171275,-0.142215,0.290245,0.170141,0.25503,-0.023541,-0.080524,-0.28201,0.146495,-0.138405,-0.116704,-0.072902,-0.083684,-0.003665,-0.008689,-0.152856,0.002012,0.195293,-0.32,0.350344,-0.116775,-0.338552,-0.136318,0.093099,-0.095615,0.201636,0.288099,-0.365999,-0.095966,0.009063,-0.322916,0.016426,0.244567,-0.193226,-0.20189,-0.025279,-0.030234,0.255909,0.136119,#
18,0.268943,0.174531,-0.124454,-0.075414,0.097711,0.132666,0.191146,0.185752,-0.093827,0.088394,0.055852,0.035682,0.215295,0.212795,0.342687,0.083787,0.110378,-0.042902,1.0,-0.143352,0.124921,0.080079,0.023646,0.100367,0.016518,0.024583,-0.027825,0.227609,0.026222,0.192672,-0.154072,0.044303,-0.013321,0.091784,-0.059866,0.065946,-0.068286,0.019323,-0.103964,0.061399,0.1841,0.183374,0.018332,0.229354,0.174076,0.029578,0.053554,-0.174303,-0.02105,-0.067293,0.017928,0.063547,0.184687,-0.114667,0.284385,0.052715,0.051412,-0.218251,-0.104083,-0.132226,0.16246,-0.19261,-0.103331,0.233142,-0.163807,0.169187,-0.174984,-0.101856,-0.133075,-0.224354,-0.02388,0.036134,-0.206099,-0.059303,-0.114176,-0.056559,0.031394,-0.060073,-0.110149,0.069426,0.183334,-0.137913,-0.102409,-0.233001,-0.021547,-0.066863,0.049485,0.108553,-0.02544,-0.096092,-0.219237,-0.209438,0.049067,-0.228807,0.165831,-0.038187,-0.117826,-0.187175,-0.027899,-0.073889,0.133995,0.076621,-0.016282,-0.377885,-0.180857,0.110491,-0.280711,-0.011558,0.037167,-0.030966,-0.08714,0.260525,-0.032928,0.015247,0.050422,0.274362,-0.046847,-0.021353,0.095073,-0.024407,-0.038055,0.00152,-0.133585,-0.122773,-0.221463,-0.119904,0.048238,-0.014327,-0.009453,0.023714,-0.192876,-0.084479,-0.06224,0.026965,-0.103426,0.019316,0.058081,-0.056154,0.01941,-0.222628,-0.316493,0.006416,-0.199731,0.032205,-0.035245,-0.024678,-0.086206,0.01667,-0.333945,-0.229784,-0.238791,-0.125717,-0.120534,-0.190967,0.03161,-0.254714,0.106589,-0.009062,-0.254193,-0.142661,-0.080034,0.133503,0.004096,-0.193488,0.114055,-0.024413,0.118324,0.178323,-0.046348,-0.030469,0.00394,0.244379,0.017349,0.14297,0.248834,-0.00541,0.066656,0.105803,0.278388,-0.034049,-0.186416,0.197812,0.150205,0.225534,0.268844,0.016671,0.384546,0.047825,0.053221,0.186686,-0.052858,0.101481,0.250451,-0.064488,-0.205354,-0.02803,0.443283,-0.15576,-0.161119,0.144457,#
19,-0.140968,0.112348,0.136476,-0.006444,-0.162582,-0.103785,-0.045641,0.004942,0.003893,0.167212,-0.099497,-0.1749,0.141342,0.139751,0.116118,0.155315,-0.03046,0.374729,-0.143352,1.0,0.19043,0.155599,0.096321,0.079602,-0.18595,-0.185716,0.12225,-0.230863,-0.010757,-0.217671,0.212002,0.339102,0.384577,0.230653,-0.185889,-0.243863,0.21232,0.157234,-0.240019,-0.113739,0.178724,0.05653,-0.045116,-0.071326,-0.019173,-0.42001,0.220134,0.286938,0.231175,-0.217326,-0.108592,-0.147178,0.428959,-0.169833,-0.231535,0.089432,0.042833,-0.288707,0.234976,-0.166357,0.169892,-0.097797,-0.251739,-0.176337,0.128127,0.061397,-0.07384,-0.086061,-0.031765,0.265409,-0.043476,0.26096,0.226101,-0.164701,0.042669,-0.431572,0.127551,0.023093,0.577401,0.280232,0.364722,0.117947,-0.001824,-0.087958,0.15932,0.414771,0.093873,-0.279782,0.190184,-0.128267,0.080816,0.363858,0.011492,0.149033,0.006503,0.273128,0.088166,0.187852,0.218712,0.115899,-0.592752,0.105607,0.135616,0.193518,0.426874,0.163898,0.023723,-0.205203,0.213644,-0.302647,0.282475,-0.165096,-0.003634,0.283404,0.140997,0.000421,-0.054225,-0.014067,0.098361,-0.319498,0.186286,-0.167543,-0.159832,-0.072205,-0.111451,0.365129,0.106538,0.201939,0.232594,0.364513,0.456151,0.168929,0.179468,-0.042515,0.364573,0.185004,0.076642,-0.037728,0.130116,0.132201,0.089212,0.20235,0.023677,-0.287417,0.058241,0.16003,0.211276,-0.18756,0.177028,0.136385,0.078477,0.166392,0.297231,0.139624,-0.000873,0.151911,0.425314,-0.001161,0.016147,-0.051218,0.302358,0.236482,-0.015842,0.213773,0.055852,0.098949,0.366414,-0.076424,-0.009673,0.217057,-0.520169,-0.207831,-0.099123,0.096859,-0.332343,0.064721,0.126065,-0.402694,0.045077,-0.013787,0.112222,0.000851,-0.287848,-0.079253,-0.328618,-0.099592,0.402235,0.312635,-0.204942,-0.123574,0.081513,-0.450698,-0.343118,-0.006302,-0.03098,-0.217047,-0.309901,0.082084,0.395624,-0.109952,#
20,0.235984,0.245126,0.020297,-0.006788,-0.214009,0.140553,-0.072129,0.162621,-0.293338,-0.041909,-0.094975,0.082619,0.042682,0.184539,0.122448,-0.074227,0.004047,-0.212789,0.124921,0.19043,1.0,0.015336,-0.178288,-0.169355,-0.018584,-0.156553,-0.032197,-0.279336,-0.123338,-0.053363,0.122943,0.228145,0.19066,0.289041,-0.375807,-0.284631,0.126581,0.008049,0.08676,-0.219194,0.316405,0.332325,-0.363613,0.069516,0.09993,-0.259995,0.041039,-0.155726,-0.015405,-0.176193,-0.217422,-0.0158,0.384456,0.018027,-0.032418,0.003543,-0.131982,-0.035167,-0.351231,0.009278,0.094926,0.099906,0.065238,0.05396,0.158738,-0.004816,-0.294323,-0.074183,-0.015692,-0.201361,-0.113546,0.183999,-0.096678,0.113454,-0.326202,-0.359142,-0.105701,0.264208,0.143412,0.254227,0.076078,-0.130373,0.343441,-0.108786,0.009499,-0.097239,-0.001388,0.161798,0.262247,-0.08958,0.028391,0.021736,0.124711,-0.096045,0.122463,0.190266,-0.246695,0.104895,0.094569,-0.026725,0.023566,0.175063,-0.024001,-0.116839,0.098621,-0.09612,0.174237,0.090403,-0.059303,-0.074768,0.113281,0.100168,-0.2839,0.229072,0.268407,0.178712,-0.015191,0.080699,-0.070373,-0.016785,-0.044318,-0.10985,-0.158619,0.079236,-0.192584,-0.081865,-0.001843,-0.223469,-0.276965,0.215368,0.119279,0.003801,0.073871,0.11734,-0.092168,0.149908,0.178953,0.122391,0.180428,-0.117886,-0.073305,0.112517,0.204379,0.117307,0.000111,-0.214747,0.053226,-0.315956,-0.024257,0.069703,0.031491,0.11612,-0.047055,0.001449,0.169388,0.057246,0.385522,-0.205448,-0.087462,-0.113765,0.001414,-0.091548,0.170953,-0.14376,-0.282495,-0.169133,0.19904,0.07618,0.285877,-0.258778,-0.159488,0.154272,-0.032767,-0.123156,-0.185217,-0.049501,0.034648,-0.297757,0.005901,0.236642,-0.131557,-0.013892,-0.067847,0.006016,-0.097058,0.191004,0.105202,-0.186271,-0.039401,0.182719,-0.108723,-0.110026,-0.124788,-0.139833,-0.085663,-0.149182,0.153244,-0.279504,-0.02192,-0.206294,#
