0,1.0,0.13228,-0.102191,-0.181106,0.251311,0.265324,0.055922,0.125727,-0.225143,0.124796,0.034573,0.128842,0.4236,0.304418,-0.026772,0.095879,-0.021916,-0.170452,-0.067982,-0.143454,0.232642,0.298487,0.146822,-0.172568,-0.061599,-0.3236,-0.025285,-0.335951,0.268422,0.121471,0.203648,0.040117,0.132328,-0.184787,-0.089407,0.104204,0.130192,-0.121459,0.035525,-0.26557,0.124937,0.129391,-0.127032,-0.009266,-0.190611,-0.176057,-0.005662,0.098091,-0.164239,0.019021,-0.02502,-0.238131,0.056245,-0.004208,0.16951,0.020451,-0.209175,-0.003483,-0.00684,0.240286,0.472522,0.228028,-0.16127,-0.119093,0.025706,0.153455,-0.137819,0.386595,0.08778,-0.195278,0.060948,0.098212,-0.411576,-0.056308,-0.508259,0.357397,-0.139623,-0.202348,-0.440859,-0.073598,-0.096321,-0.391025,0.073613,-0.003681,-0.151181,-0.166288,-0.069614,0.007029,-0.08487,-0.318355,-0.163649,-0.333825,-0.13668,-0.020636,0.091938,-0.108097,-0.161755,-0.191539,-0.038848,0.088273,0.139261,-0.10554,-0.190432,-0.071802,-0.019036,-0.28099,-0.075132,0.046298,-0.405538,-0.039916,0.118679,0.201114,-0.34895,-0.1995,0.104945,0.127529,-0.35082,-0.282696,0.010809,-0.118102,-0.315703,-0.036151,0.126583,-0.292651,-0.107812,0.072152,-0.137977,0.068038,-0.059633,0.131432,-0.154633,-0.295497,-0.217851,-0.028355,-0.434617,-0.030516,-0.084759,-0.202447,0.251931,-0.297654,-0.122428,0.077638,-0.142035,0.058943,-0.181064,-0.119032,-0.152796,0.156791,-0.289071,-0.436336,-0.011929,-0.268934,-0.107668,-0.308567,0.185273,-0.101397,0.307906,0.219095,-0.235889,-0.359741,-0.020862,-0.354539,0.042249,-0.268838,-0.026843,0.085225,-0.299599,-0.073469,-0.205736,-0.245934,-0.001353,0.16989,-0.36289,-0.027197,-0.057535,-0.248098,-0.081067,0.130395,0.248032,-0.053696,0.163753,-0.229907,-0.052791,0.283945,0.276063,-0.05904,0.247151,-0.156965,-0.164888,0.197133,-0.063419,0.184138,0.276232,-0.06644,-0.130142,0.103929,0.032787,-0.315588,0.055583,0.192096,#
1,0.13228,1.0,0.230588,-0.254519,-0.058017,0.224295,0.315132,0.194523,0.153608,0.288135,-0.196813,-0.042796,0.303042,0.352183,0.352348,-0.04336,-0.104685,0.283043,0.156048,0.027047,-0.103138,0.207779,0.426385,0.048434,0.031582,-0.205231,0.163834,-0.161261,-0.134597,0.216376,-0.226385,0.151896,0.189578,-0.061958,-0.281011,0.225287,0.232679,-0.108215,0.001672,-0.059335,0.025406,0.246396,-0.028527,0.105473,0.442115,-0.440819,0.245509,-0.058837,0.040735,0.254168,0.018776,-0.205844,0.024061,-0.288005,-0.199668,-0.245708,-0.081919,-0.462123,-0.187989,-0.098677,0.260999,0.026344,-0.375661,-0.132095,0.324425,0.197162,-0.041709,0.11957,0.349712,-0.079102,0.19316,0.126625,-0.060292,-0.294791,-0.208862,0.24964,-0.261383,-0.452713,-0.129999,-0.078529,0.088616,-0.368234,-0.149016,0.121089,-0.33505,-0.164112,-0.1988,-0.176074,-0.075497,-0.303571,-0.133935,-0.13698,-0.37745,-0.003592,-0.095437,-0.067948,0.124075,-0.004104,0.204528,-0.091641,-0.085472,-0.058546,-0.158439,-0.197737,-0.275591,-0.129632,-0.326088,-0.116741,-0.464631,-0.224134,0.249036,0.423587,-0.221289,-0.100776,0.017668,-0.059531,-0.281603,-0.352702,0.22373,-0.460993,-0.309513,-0.396154,-0.392862,-0.274175,-0.333597,-0.065425,0.168516,0.321065,-0.224174,0.015596,-0.046598,-0.010259,-0.308898,-0.109926,-0.271895,-0.245762,0.193677,-0.065259,-0.02726,-0.329769,-0.139458,-0.141628,-0.397175,-0.222744,-0.101724,-0.072297,-0.288871,0.356949,-0.144515,-0.232053,-0.302315,-0.388911,0.074435,-0.231787,-0.183632,-0.263472,0.317207,0.285221,-0.215161,-0.271692,0.039425,0.01953,0.191175,0.105142,0.036526,0.342273,-0.129392,0.064628,-0.320436,-0.201958,-0.110412,-0.057214,-0.173328,-0.180033,0.146475,-0.134654,-0.048944,0.359345,0.463967,-0.490274,0.346097,0.003536,-0.398849,0.060497,0.166221,-0.042655,0.359354,-0.261505,-0.339644,0.354264,0.145569,0.120256,0.248672,0.339236,-0.161383,0.013039,0.153517,-0.096881,0.40035,-0.039368,#
2,-0.102191,0.230588,1.0,0.242739,-0.160472,-0.08773,0.114997,-0.011143,0.206804,-0.038089,-0.056612,-0.15484,-0.176564,-0.0595,-0.083591,-0.145431,-0.272708,0.430648,-0.137846,0.1642,-0.067344,0.248408,0.069562,-0.066605,0.40845,-0.098048,0.322825,0.121104,-0.0772,-0.048895,0.114221,0.043698,-0.15788,0.019393,0.146707,0.071712,0.205906,-0.044646,0.097864,-0.192389,0.153842,0.176644,0.049727,0.003283,0.009676,-0.17529,-0.01577,0.432524,0.134947,-0.159802,-0.076464,-0.012482,0.142923,-0.012537,-0.19975,-0.047479,-0.091434,-0.317858,-0.173978,0.147756,-0.145655,-0.246324,0.041255,-0.107203,-0.059886,-0.112621,0.266793,0.098167,0.074399,0.499633,0.439402,0.376207,0.085196,0.030554,0.180632,-0.128951,-0.023485,-0.287124,0.081369,-0.170807,0.324311,0.02918,0.014104,0.185543,-0.101941,0.236034,-0.064549,0.072099,0.089365,0.034539,0.127904,0.013915,0.06466,0.238604,-0.012026,0.083211,0.375508,0.082655,0.092661,-0.068977,-0.123584,0.117768,0.090357,0.066617,0.059356,0.12065,0.025143,0.160063,-0.389788,0.075496,0.508641,-0.083297,0.047098,0.075599,0.451859,-0.052093,-0.111569,-0.19989,0.170123,0.008266,0.116908,0.029475,-0.046341,0.08874,0.127313,0.012352,0.180728,0.312574,-0.088739,0.116003,0.531033,-0.006389,0.182772,0.141416,0.149235,0.03586,-0.16912,0.315264,0.334952,0.074417,0.0181,0.070168,0.042586,-0.204475,-0.026584,0.20927,-0.199008,0.104571,0.358075,0.122219,-0.007953,-0.057079,0.220684,-0.082768,-0.007458,0.188316,0.039836,0.121585,0.178939,0.130596,0.361836,0.203216,-0.000544,0.220518,0.044882,-0.176514,-0.062013,-0.022758,0.032263,0.256178,-0.1541,-0.13211,-0.183512,0.091822,-0.280847,0.141942,0.044831,0.156116,0.064685,-0.283197,0.185704,-0.035081,-0.351069,0.039609,-0.193075,0.202302,0.084907,0.230502,-0.166353,0.069547,0.256349,-0.04986,-0.03506,0.270133,-0.270702,0.198074,-0.139475,0.176174,0.226439,-0.025364,#
3,-0.181106,-0.254519,0.242739,1.0,-0.082263,-0.316782,-0.338542,-0.40376,-0.132464,-0.313651,0.035837,-0.086686,-0.32328,-0.317253,-0.250428,-0.185839,-0.02804,0.015201,-0.20985,0.321647,0.010964,0.008139,-0.19226,0.072408,0.087379,0.208322,0.154349,0.298338,-0.041194,-0.296381,0.231172,0.072188,-0.023902,-0.044345,0.265359,-0.204501,-0.120561,-0.013265,-0.236167,0.052322,-0.038922,-0.033215,0.007897,0.112286,-0.094756,0.448132,-0.095314,0.12939,0.088922,-0.209974,0.048034,0.412866,0.076556,0.0375,-0.220225,-0.037117,0.394462,0.141058,0.195974,0.230702,-0.279057,-0.208003,0.176971,-0.270909,0.068941,-0.293674,0.113084,0.074428,-0.092936,-0.004054,0.000977,-0.01071,0.250905,0.123722,0.013438,-0.299958,0.232618,0.120854,0.096189,0.007394,0.253662,0.534815,0.25129,0.04361,0.312624,0.216106,0.360652,0.096326,0.092352,-0.063904,0.185347,0.284636,0.380116,-0.157778,0.286111,0.205148,0.303931,0.095958,-0.215025,0.319655,-0.06259,0.250773,0.492405,0.200566,0.338387,0.354601,0.245574,-0.019588,0.211696,0.171042,-0.146843,-0.237864,0.241992,0.241693,0.156551,-0.005935,0.24696,0.055901,-0.181493,0.320575,0.266234,0.309406,0.457509,0.26591,0.197536,0.15827,-0.020296,-0.059447,0.321279,0.347034,0.194156,0.081883,0.304559,0.083394,0.411558,0.268672,-0.006471,0.173074,0.149245,0.478039,0.171837,0.042818,0.216024,0.245989,0.459676,0.264913,0.218301,-0.373831,0.375529,0.225927,0.228451,0.191485,0.137979,0.425871,0.037551,0.344551,-0.33341,-0.263907,0.236112,0.257392,-0.13427,0.15566,-0.067769,0.103488,-0.156352,-0.335233,0.200323,0.130088,0.288894,0.207542,-0.209985,-0.081103,0.325617,0.230839,-0.432898,0.451753,0.207797,-0.024431,-0.504841,0.327526,-0.351236,-0.180639,0.090698,-0.01608,-0.22377,0.102595,-0.120217,0.182391,0.434461,-0.345415,0.348104,-0.145244,-0.171827,-0.200595,-0.010359,-0.082708,-0.359685,0.227503,0.147255,-0.353212,#
4,0.251311,-0.058017,-0.160472,-0.082263,1.0,0.020702,-0.148121,0.077925,-0.276211,-0.231159,0.122806,0.014543,0.025451,-0.04409,-0.079609,-0.050796,0.107992,-0.159613,0.035314,-0.101126,-0.19646,-0.13502,0.025342,-0.144633,0.061879,-0.064127,-0.37556,-0.000639,-0.072552,-0.037747,-0.086971,-0.252066,-0.138293,-0.167396,-0.044245,0.020667,-0.173552,-0.190613,0.114842,0.201081,-0.000354,-0.328293,-0.207135,-0.076482,-0.108951,0.17558,-0.184238,0.192105,-0.013056,0.02055,0.269519,-0.06113,-0.135621,-0.087886,0.272149,0.094245,-0.068876,0.183112,0.009425,-0.176169,-0.080844,0.089303,-0.07321,0.032494,-0.100504,0.232665,0.269061,-0.142974,0.12287,0.025014,0.015635,-0.017556,-0.128346,0.213174,-0.068271,0.345223,-0.095363,-0.308432,-0.225842,-0.172192,-0.144932,-0.130612,0.051938,0.054979,-0.040853,-0.123539,0.111352,0.064494,-0.08811,-0.10183,0.145465,-0.138913,0.159461,-0.223615,-0.024796,0.031549,0.163964,-0.213213,0.02448,0.107477,0.132669,-0.146407,0.006559,-0.186692,-0.147084,0.072373,0.114042,-0.055513,-0.104994,-0.162022,-0.032794,-0.087021,0.081718,-0.050837,-0.049455,0.007413,-0.186024,0.234614,-0.028376,0.127881,-0.188323,0.017905,0.371815,0.020702,0.233071,-0.050872,0.118172,0.013694,0.062072,-0.051703,-0.05164,-0.139935,-0.103332,-0.16985,-0.167628,0.042988,0.029004,-0.148267,-0.137507,0.145403,0.041763,-0.069743,-0.008134,0.118899,-0.033625,-0.132792,-0.193767,0.002392,-0.024534,-0.277992,-0.09578,0.023375,-0.377325,-0.027225,-0.114568,-0.149243,0.002629,0.018814,-0.012124,-0.014164,-0.288988,-0.195481,-0.152776,0.023683,0.023048,-0.100383,-0.133369,0.013924,-0.133417,-0.00882,-0.04151,-0.042811,0.016624,-0.012058,0.088168,0.021578,0.086969,0.18421,-0.01426,-0.042143,-0.05227,-0.074363,0.16419,0.151463,0.053939,-0.237696,-0.124849,-0.256957,-0.034711,-0.119982,-0.155684,0.068486,0.229093,-0.116183,0.010593,-0.005784,0.06069,0.007945,-0.281557,0.06372,#
5,0.265324,0.224295,-0.08773,-0.316782,0.020702,1.0,0.335079,0.339335,-0.108577,0.15168,0.246244,0.206947,0.143944,0.16804,0.115542,0.251869,0.305141,0.084527,0.015263,-0.026964,0.005307,0.360387,0.229307,0.08698,-0.190803,-0.317698,-0.00779,-0.341866,0.073337,-0.163828,-0.124898,0.15496,0.077314,-0.063151,-0.137716,-0.073094,0.069929,0.051249,0.07389,-0.161786,-0.017602,0.26219,-0.041006,0.102045,0.115497,-0.27184,-0.038764,0.121552,0.134019,0.051852,-0.09523,-0.103987,0.072336,-0.055797,0.150452,0.104514,-0.124208,-0.280207,-0.116294,-0.193412,0.290703,-0.000143,-0.293409,0.111365,0.055478,0.287147,-0.118407,0.186514,0.236267,0.096572,-0.094462,0.374787,-0.152179,0.02197,-0.299907,0.218544,-0.472885,-0.109812,-0.215496,-0.065294,0.213958,-0.319434,-0.079899,-0.249621,-0.151348,-0.071363,-0.05663,-0.170225,-0.130884,-0.378057,-0.089556,-0.264878,-0.251236,0.035291,-0.088828,-0.130107,-0.145883,-0.305995,0.121466,-0.178503,-0.033954,-0.090775,-0.212285,-0.236403,-0.16293,-0.313177,-0.246196,-0.070815,-0.345442,-0.242811,0.073901,0.043055,-0.313104,-0.235596,-0.003279,-0.199618,-0.60029,-0.068151,0.227256,-0.337047,-0.279368,-0.467241,-0.015013,-0.597993,-0.233808,0.036478,-0.127406,0.019183,-0.146767,-0.000656,-0.160373,-0.071436,-0.208913,-0.028739,-0.265481,-0.058224,0.137021,-0.300984,-0.046975,-0.470296,-0.263404,-0.047531,-0.435944,0.014632,-0.189372,-0.172613,-0.162504,0.129705,-0.19065,-0.136869,-0.066071,0.032381,-0.148581,-0.044638,0.01566,-0.401621,0.140753,0.285257,-0.366309,-0.085851,0.124587,-0.081274,-0.136898,0.12429,-0.113335,0.381441,0.059867,-0.05684,-0.040953,-0.018861,0.159743,-0.176682,-0.332847,-0.077196,0.218943,-0.351954,-0.064223,0.028367,0.292262,-0.215523,0.219824,0.16056,-0.082187,0.054828,0.208752,0.07915,-0.015851,0.015465,-0.22854,0.032383,-0.167133,0.038052,0.281056,-0.172365,-0.127056,0.054033,0.273608,-0.217359,-0.156438,0.151078,#
6,0.055922,0.315132,0.114997,-0.338542,-0.148121,0.335079,1.0,0.491411,0.291596,0.483987,0.069963,0.030285,0.300327,0.123446,0.161077,0.064353,-0.042301,-0.111499,0.161606,-0.234784,-0.20324,0.273995,0.151133,0.085553,0.011105,-0.125089,0.229414,-0.139218,0.294564,0.107697,-0.351855,-0.138618,0.03001,0.025499,-0.113275,0.11593,-0.069513,-0.036074,0.187334,-0.155173,-0.072932,0.184721,-0.018511,-0.314353,-0.042264,-0.359547,-0.023496,-0.13441,0.055978,0.240536,-0.203455,-0.180445,-0.056591,-0.117939,0.097636,0.035229,-0.058424,-0.307278,-0.289317,0.164843,0.276612,-0.077025,-0.206904,0.267912,0.109094,0.306212,0.19504,0.09476,0.372147,-0.086062,0.233807,0.114935,-0.285891,-0.347886,-0.030134,0.269994,-0.11038,-0.261392,-0.029888,0.022001,-0.176736,-0.288578,-0.317586,-0.153726,-0.159832,0.193541,-0.115209,-0.081997,-0.007869,-0.294877,-0.144966,-0.223986,-0.29112,0.046368,0.080704,-0.237539,-0.019496,-0.057602,0.156741,-0.410109,0.001651,-0.071307,-0.155187,-0.20214,-0.255002,-0.116395,-0.390579,-0.027853,-0.36467,-0.226412,-0.103216,0.220142,-0.288148,-0.361383,-0.0503,-0.100418,-0.112952,0.00242,-0.012302,-0.177338,-0.119107,-0.325457,-0.122786,-0.476279,-0.295281,-0.035305,0.187207,0.367735,-0.254107,-0.170729,-0.232579,-0.435231,-0.474415,0.173367,-0.092688,-0.032248,0.089515,-0.160663,-0.173166,-0.440567,0.050272,-0.001286,-0.330936,-0.15757,-0.177648,-0.251389,-0.18374,0.535878,-0.129796,-0.090458,-0.064348,-0.081497,0.036284,-0.304494,-0.075357,-0.352323,0.081162,0.191324,-0.202819,-0.173264,-0.006299,0.029854,0.019736,0.049269,0.145398,0.141501,-0.022762,0.040151,-0.24571,0.379952,0.287027,-0.109109,-0.171107,-0.059583,0.334345,-0.207899,0.159591,0.079533,0.348798,-0.3172,0.42552,0.271647,-0.029995,-0.050018,0.318651,0.042416,0.081179,0.011382,-0.167685,0.358957,-0.111971,0.135522,0.133941,0.144394,-0.167381,0.153921,0.042108,-0.19088,-0.156043,-0.033144,#
7,0.125727,0.194523,-0.011143,-0.40376,0.077925,0.339335,0.491411,1.0,0.097837,0.339023,0.024301,-0.089952,0.434639,0.300599,-0.027482,0.223172,-0.133547,0.041013,0.161566,-0.02453,0.032654,0.298588,0.030955,0.242193,0.166667,-0.038111,-0.012709,-0.419842,0.069088,0.100608,-0.117009,-0.129147,0.247006,0.206416,-0.305366,0.028399,0.014085,0.080278,0.244121,-0.279638,0.010805,0.21454,-0.084131,0.011631,-0.309657,-0.400726,0.176648,-0.175817,0.076192,-0.115321,-0.244718,-0.055834,0.110286,-0.073636,0.126074,0.161922,-0.182082,-0.250855,-0.267706,0.055582,0.323971,0.030682,-0.310436,0.196008,-0.00429,0.26934,0.153146,0.184246,0.276854,-0.001257,0.274576,0.18001,-0.406557,-0.171153,0.001496,0.19193,-0.057896,0.019692,0.171903,-0.034849,0.021048,-0.163258,-0.085175,-0.023423,-0.275037,0.047451,0.001416,0.200757,0.059393,-0.076862,-0.25858,-0.273002,-0.328091,0.195459,-0.158545,0.062234,0.123145,0.033552,0.330225,-0.388087,0.038596,-0.000901,-0.043241,-0.13057,0.091109,-0.015039,-0.196217,0.013248,-0.224313,-0.4511,0.041356,0.20535,-0.105467,-0.22244,0.180077,-0.000532,-0.123768,0.008773,0.132358,-0.162192,-0.152872,-0.4876,-0.102418,-0.287428,-0.211366,0.146639,0.150345,0.097142,-0.226162,-0.000941,-0.181116,-0.049951,-0.191826,0.007396,-0.234487,-0.07181,0.292639,-0.113393,-0.109198,-0.300325,0.105945,0.070621,-0.230074,-0.043804,-0.154324,-0.225124,-0.07924,0.311575,-0.016448,-0.390851,-0.141515,-0.013879,-0.135014,-0.182742,-0.060211,-0.210157,0.346642,0.057239,-0.092225,-0.114135,-0.018474,0.183761,-0.163273,-0.027086,0.182995,0.053057,0.124637,-0.235484,-0.354598,0.251128,0.067912,-0.208203,-0.21241,0.04256,0.345909,-0.198713,0.290099,-0.149165,0.274998,-0.246384,0.34797,0.289879,0.004711,-0.14387,0.199782,0.226133,0.080344,-0.132151,-0.204642,0.324717,-0.079493,-0.120111,0.183314,-0.206707,-0.220818,-0.00218,0.185241,-0.162053,-0.062569,-0.003893,#
8,-0.225143,0.153608,0.206804,-0.132464,-0.276211,-0.108577,0.291596,0.097837,1.0,0.246843,-0.124962,-0.075514,0.139338,0.144461,0.105625,-0.273712,-0.078998,0.238553,0.018799,-0.287902,-0.164752,0.215527,0.128442,0.199534,0.199695,0.244167,0.332413,0.147516,-0.021665,0.198068,-0.062553,-0.099088,-0.000777,0.072509,0.067806,0.177209,0.083855,-0.180905,0.234132,-0.13369,0.156838,-0.168575,0.054987,0.039335,0.217821,-0.268159,-0.091339,-0.081675,0.022619,0.142417,-0.121579,-0.244968,-0.11217,0.048855,-0.227863,0.239521,0.007565,-0.206421,-0.034091,0.222159,-0.019446,-0.116857,-0.019302,0.08932,0.104573,0.042983,0.119402,0.064914,0.1559,0.143976,0.164338,0.111051,-0.052035,-0.146112,0.067437,-0.037715,-0.008183,-0.074963,0.078739,-0.200039,-0.033171,0.018788,-0.194717,-0.141342,-0.058827,0.200533,-0.039703,-0.013273,0.015308,-0.044856,0.039721,0.10078,-0.31001,0.286295,0.0749,-0.023318,0.061085,0.040191,-0.125403,-0.294087,0.137567,0.262789,0.03658,0.21336,-0.138472,-0.242728,-0.044755,0.062307,-0.051564,-0.07881,0.057435,0.066114,0.016961,-0.366243,0.116414,0.054713,0.122079,-0.160951,0.142564,-0.040649,0.042387,-0.204374,-0.17253,-0.095719,-0.046852,0.041309,0.167408,0.039712,-0.171432,-0.174713,-0.040323,-0.009114,-0.250882,0.113361,0.035386,0.081431,0.068142,-0.001053,-0.187469,-0.174219,0.001249,-0.025282,-0.052702,-0.283922,-0.343471,-0.357603,-0.175324,0.295928,0.07597,0.032713,0.088677,-0.124813,0.163663,-0.289292,0.078065,-0.097438,0.23195,0.17999,-0.050424,0.035322,0.053924,0.239814,0.222236,-0.174719,0.126711,0.052836,-0.091736,0.031497,-0.198289,0.226833,-0.118529,0.061663,0.004729,0.115242,0.164518,0.08488,-0.141973,0.136432,0.336783,-0.300322,0.214004,0.250322,-0.216421,-0.161707,-0.084368,0.134926,-0.050894,-0.012084,-0.227565,0.166883,-0.186177,-0.0486,0.088622,0.156563,-0.154594,0.430163,0.173082,-0.053082,-0.015657,-0.02482,#
9,0.124796,0.288135,-0.038089,-0.313651,-0.231159,0.15168,0.483987,0.339023,0.246843,1.0,-0.247571,0.186615,0.416358,0.524822,0.277859,0.273965,-0.330992,0.119926,0.157564,-0.102779,-0.156567,0.358784,0.274925,0.181861,0.133869,-0.080957,0.248596,-0.093559,0.153479,0.440339,-0.101756,0.082408,0.179608,-0.175369,-0.304284,0.179963,-0.016175,-0.044143,0.217892,-0.270798,0.073191,0.150854,-0.020337,-0.13615,-0.000382,-0.515682,0.233196,-0.007353,-0.170064,0.34932,-0.201938,-0.106223,0.031035,-0.167145,0.066044,-0.103256,-0.063626,-0.281369,-0.120457,0.046337,0.392512,0.055751,-0.406188,0.0396,0.207691,0.202744,-0.086065,0.312192,0.024611,-0.130562,0.059483,0.061471,-0.260764,-0.16896,-0.055455,0.288433,-0.035135,-0.233881,-0.054078,0.064797,-0.142953,-0.402304,-0.363618,0.076761,-0.256644,-0.010005,-0.226481,-0.008356,0.123646,-0.216331,-0.201501,-0.226548,-0.31339,0.289957,0.178266,-0.06411,-0.198865,0.020635,0.22887,-0.260832,-0.137641,-0.010255,-0.223693,-0.04826,-0.054668,-0.128907,-0.495804,-0.02065,-0.22662,-0.384817,0.039445,0.41543,-0.125344,-0.283371,-0.189309,-0.247847,-0.250794,-0.102137,0.379684,-0.388462,-0.047436,-0.332981,-0.163404,-0.437478,-0.449336,0.147958,0.150588,0.137398,-0.143335,-0.292874,-0.243826,0.083911,-0.428767,-0.055406,-0.381495,-0.311566,-0.016959,-0.19157,0.078798,-0.439208,0.013085,-0.092059,-0.396056,-0.396964,-0.254199,-0.06011,-0.10629,0.296094,-0.338928,-0.239231,-0.214295,-0.346281,0.004137,-0.351347,0.006706,-0.171997,0.291038,0.385991,-0.199876,-0.2598,0.114323,-0.174435,-0.048461,0.157614,0.380498,0.314816,-0.297462,-0.048623,-0.497452,0.116323,0.002534,0.110815,-0.167107,-0.041124,0.292853,-0.340163,-0.157493,0.06477,0.530849,-0.370261,0.39494,0.042893,-0.391113,-0.283889,0.336193,0.034447,0.30704,-0.069179,-0.343724,0.219116,0.013162,-0.040563,0.186064,0.393345,-0.21293,-0.045261,0.005084,-0.126865,0.258606,0.22926,#
10,0.034573,-0.196813,-0.056612,0.035837,0.122806,0.246244,0.069963,0.024301,-0.124962,-0.247571,1.0,-0.1563,-0.176979,-0.416285,-0.171865,0.034963,0.142739,-0.281612,0.09303,-0.24033,-0.013048,-0.050197,-0.175116,0.044869,0.010979,-0.031121,-0.338277,-0.04743,-0.021033,-0.38594,0.220645,-0.00153,-0.291103,-0.300964,0.374258,-0.198084,0.195045,0.074515,0.095377,0.174127,-0.013824,-0.173964,-0.086793,-0.017758,0.039934,0.209873,-0.377655,0.087949,0.17881,-0.175345,-0.015248,0.279221,-0.023179,0.104979,0.113484,0.090792,-0.257194,0.240892,-0.163019,-0.114751,-0.16993,0.030774,0.004209,-0.035944,0.100939,-0.145896,0.109093,-0.170704,0.338738,0.097576,0.121266,-0.055046,0.060398,0.111669,-0.097596,0.079815,-0.168688,0.057526,-0.095758,-0.219714,0.111915,0.186679,0.04419,-0.117008,0.025477,0.098911,0.27172,-0.055508,-0.054471,0.0068,-0.072176,-0.049733,0.085217,-0.208841,-0.152196,0.068052,-0.131858,-0.276194,0.071456,-0.071848,-0.057907,-0.143447,0.129264,-0.176914,0.044495,-0.185365,-0.064591,0.048646,-0.080091,0.247401,-0.023946,-0.097344,-0.122794,-0.049028,0.071291,-0.105694,-0.090711,0.006933,-0.01732,0.263963,-0.236114,0.063171,0.168974,-0.114486,-0.079685,0.081182,0.074342,0.175062,-0.124569,-0.039566,0.015287,-0.120893,-0.006656,0.090808,0.127956,0.227648,-0.14935,0.030987,-0.181319,0.064931,-0.050957,0.38889,-0.078014,0.06821,0.17408,0.017898,-0.218368,0.11057,0.167333,0.162787,0.025552,0.331141,-0.025743,0.01899,0.014805,-0.139031,-0.361496,-0.236394,-0.111733,0.158355,-0.130132,0.175841,0.023682,0.143487,-0.108908,-0.139924,0.138436,-0.007348,0.048713,0.101933,0.228579,-0.053986,0.125753,0.051107,-0.060575,0.014075,0.190934,0.025306,-0.329488,0.215185,-0.061864,0.087354,0.269802,0.236434,-0.05234,-0.016357,-0.28591,-0.077994,0.245169,-0.004017,-0.234405,0.115732,0.222992,-0.45389,0.18434,0.108807,0.128155,-0.010589,-0.261033,-0.079088,#
11,0.128842,-0.042796,-0.15484,-0.086686,0.014543,0.206947,0.030285,-0.089952,-0.075514,0.186615,-0.1563,1.0,0.032057,0.082073,-0.044775,0.022654,0.192832,0.054872,-0.025122,-0.082495,0.192544,-0.053899,-0.147155,-0.172101,0.074484,-0.121058,-0.195075,0.020705,-0.063908,-0.067254,-0.041527,-0.10158,-0.05656,-0.130862,-0.111898,0.135592,-0.222336,-0.05102,0.003728,-0.01966,0.068728,0.120623,-0.185083,-0.30168,-0.10823,0.058048,-0.191772,0.116691,-0.077875,0.241502,0.028643,-0.090115,-0.062289,0.154046,-0.027163,0.048031,-0.136993,-0.165277,-0.053437,0.060973,-0.040509,0.045613,0.088349,-0.1929,0.054493,0.063753,-0.036942,-0.157317,-0.121731,-0.072507,-0.018256,0.028555,-0.039022,0.159946,-0.129867,0.030304,-0.287859,-0.06418,-0.123605,0.078143,3e-05,-0.007851,-0.050349,-0.33572,0.074911,-0.246162,-0.155982,0.148602,-0.100001,0.1477,0.068186,-0.079497,-0.030343,0.027338,0.053717,0.032343,-0.133405,0.000414,-0.071184,-0.09196,0.221012,0.109648,-0.33035,-0.008865,-0.071622,0.119935,-0.095085,0.182059,0.130569,0.01022,-0.094497,-0.031351,-0.152533,-0.160181,0.000459,-0.037455,-0.021854,0.203114,0.194006,-0.06229,0.144204,-0.203735,0.04785,0.008604,0.014538,-0.13916,0.027116,-0.022003,0.161856,-0.158492,-0.086612,0.112901,-0.206608,0.163845,0.005216,-0.164129,0.085053,-0.155234,-0.038168,0.039168,-0.049017,0.00176,-0.113119,0.039687,-0.113228,0.126367,-0.031895,-0.130033,-0.196053,-0.037233,-0.056968,0.206982,-0.128586,0.147943,0.070399,0.112781,0.021045,0.303151,-0.166686,-0.21623,-0.206913,-0.305655,0.033147,-0.025272,-0.061448,0.163944,-0.057612,0.005519,0.204412,0.057609,-0.081444,0.408095,0.012149,-0.160653,-0.016933,-0.138195,-0.204002,0.00421,0.047367,0.010611,-0.090454,-0.017808,-0.094663,-0.10664,0.15672,-0.028167,0.030845,0.344507,0.051986,-0.019714,-0.070869,0.22916,-0.005486,0.131675,-0.209921,-0.184678,0.253085,-0.26522,-0.062512,0.230641,#
12,0.4236,0.303042,-0.176564,-0.32328,0.025451,0.143944,0.300327,0.434639,0.139338,0.416358,-0.176979,0.032057,1.0,0.505783,0.142197,-0.072402,-0.103779,0.052674,0.093544,-0.072595,-0.080918,0.26691,0.405411,0.019671,-0.164193,-0.229994,0.067265,-0.223549,0.066107,0.252687,0.022438,-0.004595,0.188902,-0.087208,-0.300779,0.321327,0.143685,-0.030601,-0.071651,-0.310924,0.006349,0.204789,0.147617,-0.000849,-0.123142,-0.438095,0.260837,-0.104001,-0.073883,0.100333,-0.200083,-0.028176,0.118052,0.091952,0.204119,0.188873,-0.177116,-0.212296,0.124341,0.149438,0.586766,0.112318,-0.206963,0.115656,0.060972,0.313486,-0.166725,0.333853,0.258644,-0.175004,0.219598,-0.03055,-0.515809,-0.334579,-0.2775,0.415585,0.063593,-0.063937,-0.004599,-0.211036,-0.149418,-0.317406,-0.241662,-0.095404,-0.31592,-0.141751,-0.064627,0.160281,-0.124413,-0.336885,-0.237291,-0.350258,-0.486798,0.206967,-0.133419,-0.141559,-0.034593,-0.145631,-0.000703,-0.332284,0.042958,-0.060553,-0.06521,-0.011046,-0.119162,-0.18543,-0.319064,-0.191543,-0.191822,-0.33843,-0.005645,0.302996,-0.226988,-0.298861,-0.116717,-0.197227,-0.060157,-0.334023,0.037998,-0.340279,-0.049055,-0.452592,-0.209273,-0.378127,-0.165514,0.002747,0.083089,0.302482,-0.056702,0.068204,-0.402605,0.059572,-0.385514,0.05354,-0.351565,-0.131808,-0.007221,-0.451347,-0.044282,-0.29166,-0.02445,-0.059064,-0.304531,-0.182025,-0.000393,0.044135,-0.296447,0.29722,-0.195482,-0.566815,-0.095239,-0.3785,-0.030066,-0.367164,-0.037672,-0.291931,0.288242,0.378642,-0.085322,-0.448771,0.031484,-0.224033,-0.050333,-0.053134,0.297594,0.328736,-0.182004,-0.00569,-0.393773,0.042617,-0.053371,0.108039,-0.29454,-0.020312,0.40356,-0.387364,-0.010419,0.141981,0.469665,-0.392078,0.281195,0.188274,-0.033711,0.063772,0.287367,-0.106471,0.328119,-0.210686,-0.352233,0.436059,-0.002734,0.064485,0.3544,0.095878,-0.030107,-0.014529,0.148644,-0.126992,0.117543,0.197663,#
13,0.304418,0.352183,-0.0595,-0.317253,-0.04409,0.16804,0.123446,0.300599,0.144461,0.524822,-0.416285,0.082073,0.505783,1.0,0.365113,0.115489,-0.305561,0.250746,0.265524,-0.00579,0.094994,0.316041,0.525754,0.317787,0.024252,-0.026811,0.288794,-0.05813,0.165445,0.542958,-0.024086,0.17225,0.302231,-0.119816,-0.277651,0.230324,0.206428,-0.249491,0.155394,-0.302487,0.025867,0.305474,0.134837,0.153767,0.061414,-0.55759,0.374779,-0.171207,-0.16571,0.207498,-0.126128,-0.183314,0.15252,0.017185,0.055402,0.03318,-0.131143,-0.25092,-0.031023,0.14601,0.433821,0.046417,-0.340904,0.206488,0.032177,0.337191,-0.156059,0.415516,-0.142426,-0.146446,-0.127279,0.210142,-0.329214,-0.073491,-0.30523,0.118348,-0.113113,-0.328419,-0.222934,-0.034447,-0.082986,-0.468983,-0.307498,0.23924,-0.338234,-0.168606,-0.215231,-0.006058,0.044895,-0.369649,0.023832,-0.310552,-0.408958,0.162103,0.012792,-0.174512,-0.248434,-0.08701,-0.050723,-0.204618,0.098954,-0.098584,-0.22606,-0.263604,-0.105088,-0.081522,-0.198053,-0.093287,-0.179593,-0.311596,0.117771,0.372775,-0.208676,-0.156839,-0.009579,-0.01027,-0.330911,-0.281553,0.262415,-0.45383,-0.27391,-0.392031,-0.12067,-0.330884,-0.332983,-0.044843,0.047199,-0.036711,-0.185719,-0.130791,-0.198512,0.100107,-0.39515,-0.258518,-0.656949,-0.280022,0.203959,-0.190961,0.094255,-0.430027,-0.073487,-0.2033,-0.333417,-0.384306,-0.422475,-0.145127,-0.044538,0.190711,-0.466408,-0.351567,-0.208128,-0.343704,-0.057709,-0.272982,-0.053046,-0.198921,0.454669,0.370799,-0.080312,-0.213493,0.143501,-0.133942,-0.077796,-0.084862,0.18096,0.310556,-0.204576,0.044181,-0.278968,-0.044781,-0.162121,0.082843,-0.300572,-0.233166,0.221013,-0.367764,-0.101736,0.076195,0.647412,-0.432987,0.377375,-0.009145,-0.319577,-0.072377,0.395732,0.13026,0.288904,-0.300257,-0.344411,0.303514,-0.013405,-0.002301,0.132604,0.265715,-0.29533,-0.153594,0.183538,-0.255122,0.287229,0.171795,#
14,-0.026772,0.352348,-0.083591,-0.250428,-0.079609,0.115542,0.161077,-0.027482,0.105625,0.277859,-0.171865,-0.044775,0.142197,0.365113,1.0,0.108014,-0.143956,0.188199,0.372173,-0.011972,-0.118695,0.108551,0.262693,0.154465,-0.10733,0.027317,-0.012066,0.19025,0.200049,0.218194,-0.232218,-0.024183,-0.151199,0.076419,-0.091253,0.119653,-0.084793,-0.120291,0.075554,-0.01995,-0.111939,0.190994,0.140589,0.127572,0.421097,-0.153805,0.172758,-0.026609,0.097369,-0.003971,0.111226,-0.138423,-0.067753,-0.186655,0.10907,-0.110659,-0.002636,-0.23802,-0.141623,-0.193961,0.142771,-0.000411,-0.193993,0.294772,0.158472,0.021595,-0.216253,0.030097,-0.107578,-0.140719,-0.081193,-0.034563,0.092086,-0.331051,-0.133414,0.051932,0.041105,-0.130582,-0.128983,-0.02173,-0.090765,-0.484462,-0.410359,0.171458,-0.262031,-0.005921,-0.162628,-0.139488,-0.185553,-0.114873,0.065149,-0.084326,-0.020613,0.170488,-0.121871,-0.215783,-0.310513,-0.088455,-0.177531,-0.023703,0.097975,-0.240714,-0.24117,-0.270628,-0.334526,-0.13576,-0.334328,-0.112986,-0.197535,-0.077831,-0.070335,0.271618,-0.256966,-0.15666,-0.287065,-0.068433,-0.119795,-0.139157,0.052091,-0.262969,-0.106473,-0.161725,-0.379651,-0.166064,-0.275793,-0.420148,-0.084385,0.129985,-0.378695,-0.152764,0.063018,0.102796,-0.455154,-0.061258,-0.331056,-0.258184,0.190837,0.018333,-0.114513,-0.282146,-0.145651,-0.179069,-0.119908,-0.146592,-0.300298,-0.096928,-0.050258,0.146442,-0.376373,-0.026837,-0.38386,-0.442544,0.036264,-0.263919,-0.126559,-0.411172,0.042273,0.175056,-0.273607,-0.130614,0.094463,-0.124358,0.223783,0.056951,-0.129141,0.237271,-0.161039,0.158413,-0.077861,-0.125009,0.141341,0.129562,-0.149296,-0.105908,0.370576,-0.217699,-0.208912,0.147243,0.279163,-0.239237,0.406805,-0.026924,-0.101767,0.111568,0.31189,-0.23156,0.150286,-0.143974,-0.105747,0.14524,-0.103828,0.134553,0.248309,0.310558,0.029719,-0.025542,0.155763,-0.085731,0.097972,0.076122,#
15,0.095879,-0.04336,-0.145431,-0.185839,-0.050796,0.251869,0.064353,0.223172,-0.273712,0.273965,0.034963,0.022654,-0.072402,0.115489,0.108014,1.0,-0.035186,0.098208,0.138646,0.121182,0.113865,-0.125484,0.152799,-0.089465,-0.012426,0.077964,-0.089161,-0.09739,0.153077,0.092424,0.055369,-0.067775,0.124181,-0.083616,-0.038662,-0.075262,0.047264,0.133121,0.085256,0.03465,-0.000636,0.007461,-0.251848,0.037628,0.034539,-0.031537,0.050178,-0.000516,-0.131034,0.065917,0.221356,0.11254,0.028626,-0.01034,0.238415,-0.086403,-0.1679,-0.194291,-0.331334,-0.126057,0.096621,0.087237,-0.221712,0.104407,0.026151,0.029633,-0.214225,0.113373,-0.215345,0.099134,-0.068696,-0.00945,-0.084377,0.090317,-0.024361,0.061713,-0.105101,-0.070712,-0.023194,0.183211,0.092861,-0.17872,0.076509,0.24452,0.098558,-0.182511,-0.172216,-0.117508,0.040515,-0.015875,0.090986,0.046573,0.042061,0.165126,-0.003279,0.167542,-0.124079,-0.277072,0.073245,-0.096307,-0.153693,-0.129443,-0.365265,-0.052939,-0.037866,-0.130888,-0.184224,0.151542,0.046208,0.027006,-0.021982,0.044982,0.009759,-0.179571,0.106407,0.027661,-0.116483,-0.069881,0.196995,-0.149678,-0.205612,0.012465,-0.009376,-0.178728,-0.282302,0.073445,-0.090644,-0.043852,-0.329676,-0.247519,-0.017492,0.165511,-0.022999,-0.050755,-0.144406,-0.20865,0.032947,-0.044093,-0.118662,-0.303317,0.188644,0.122185,0.047748,0.052497,-0.02382,0.00959,0.240163,0.062356,-0.120087,-0.205097,-0.089545,0.044043,-0.034919,0.04548,0.096204,0.024363,0.058722,0.121135,-0.249401,0.141291,0.180343,-0.073476,-0.060707,-0.050204,-0.194003,-0.075316,0.008538,-0.047871,0.004116,-0.117597,0.136676,-0.162655,-0.086147,-0.142216,-0.143031,-0.070031,-0.068612,-0.095627,0.038616,-0.086603,0.166242,-0.101131,-0.092765,-0.018031,0.206398,-0.059059,0.227683,0.098776,-0.158341,-0.038987,-0.030015,-0.149226,0.055829,0.007177,-0.180776,-0.257857,0.063118,-0.196498,0.041079,0.119476,#
16,-0.021916,-0.104685,-0.272708,-0.02804,0.107992,0.305141,-0.042301,-0.133547,-0.078998,-0.330992,0.142739,0.192832,-0.103779,-0.305561,-0.143956,-0.035186,1.0,-0.135803,0.113086,-0.144859,0.068422,-0.333072,-0.084349,-0.339112,-0.194636,-0.194012,-0.244834,-0.041471,-0.040766,-0.200215,-0.120619,0.059517,0.112438,0.109328,0.147898,0.149227,0.055684,-0.098935,-0.347761,0.199383,-0.001658,-0.198018,0.004058,0.105599,0.021702,0.181823,-0.266279,0.058054,0.142288,0.142791,0.042188,-0.01024,0.077975,-0.09117,0.019481,0.046264,0.057877,0.097206,0.127513,-0.151261,-0.169134,0.251785,0.336762,-0.126967,-0.163377,-0.010196,-0.167354,-0.040835,0.083306,-0.072574,-0.101423,-0.045483,0.050853,-0.084692,0.012199,0.103304,-0.188816,0.064329,-0.063767,-0.042103,-0.029131,0.077332,0.089012,-0.385311,0.037866,-0.123879,-0.083482,-0.009545,-0.079314,-0.195859,-0.121623,0.114233,-0.03558,-0.17365,-0.106881,-0.153953,-0.083682,-0.214088,-0.23324,-0.048579,0.092123,-0.001563,-0.108699,-0.040882,-0.004862,-0.078429,0.109013,-0.109948,0.041861,0.112161,-0.080121,-0.114168,0.004394,-0.06985,-0.05266,-0.103736,-0.173737,0.137162,-0.153073,0.10594,-0.089214,-0.007253,0.013682,-0.174698,0.126551,-0.215138,-0.42431,-0.165941,0.030179,-0.089458,-0.161004,-0.127564,0.035099,0.191008,0.143224,-0.036986,0.156954,-0.291173,-0.10032,0.040134,-0.287706,0.159112,-0.035546,0.267831,0.142695,-0.036777,-0.121679,-0.052507,-0.075956,-0.035505,-0.110619,0.134361,-0.023082,0.105548,-0.203337,-0.233621,-0.226574,0.113901,-0.212711,0.186044,-0.140952,-0.088331,0.228239,-0.108438,-0.167841,0.117755,0.170226,-0.029447,0.170502,-0.143792,-0.117255,0.033981,-0.092057,-0.062485,-0.008503,-0.107057,-0.117804,0.160203,-0.19217,0.049806,-0.366165,0.035597,0.356102,0.151981,-0.109449,-0.074606,-0.056764,0.21761,0.197332,-0.239597,-0.055024,0.174169,0.189098,-0.217797,0.058846,0.185713,0.187661,-0.029609,-0.328468,-0.178394,#
17,-0.170452,0.283043,0.430648,0.015201,-0.159613,0.084527,-0.111499,0.041013,0.238553,0.119926,-0.281612,0.054872,0.052674,0.250746,0.188199,0.098208,-0.135803,1.0,0.027398,0.336866,-0.051157,0.273479,0.097021,0.081215,0.15235,0.172462,0.154341,0.149327,-0.089944,0.061496,0.145046,0.139045,0.056695,-0.03289,-0.032829,0.112237,0.096371,-0.039481,-0.025781,-0.255225,0.01089,0.114565,0.134748,0.145409,0.033169,-0.294456,0.092521,0.263183,0.168085,-0.122142,0.031481,-0.091177,-0.040239,-0.032351,-0.155768,-0.029449,-0.129076,-0.359086,-0.136415,-0.191206,0.019693,-0.139194,-0.125295,0.074076,-0.054266,0.113379,-0.03492,0.204297,0.053358,0.498975,0.233661,0.313986,-0.154263,-0.044078,0.081705,-0.073902,0.215588,-0.142818,0.151489,-0.166197,0.371507,-0.010934,-0.067139,0.143576,-0.024233,0.159319,0.075939,0.078945,0.066376,0.136729,0.157729,0.081053,-0.044182,0.530516,-0.009431,0.263788,0.37921,-0.101222,0.024262,-0.229835,-0.139925,0.131663,0.024391,0.347025,-0.136955,0.046502,-0.055988,-0.162789,-0.11617,-0.027887,0.335745,0.087841,0.159267,0.00204,0.192095,0.091299,-0.027649,-0.21093,0.488412,-0.321438,0.157803,-0.248526,-0.18836,0.011534,0.017192,0.038808,0.020632,0.069869,0.0675,0.123899,0.260315,0.277214,0.050803,-0.154225,0.018219,-0.084167,0.076104,-0.049253,0.066929,0.033587,0.040389,-0.160164,-0.119212,-0.350492,-0.17391,0.12674,0.046117,-0.074603,0.140086,-0.047376,-0.18597,-0.183132,0.303036,-0.028939,-0.09656,-0.03946,0.199804,0.315966,0.027181,0.049539,0.123603,0.23112,-0.026442,0.081546,0.041621,0.250564,0.184694,-0.064274,-0.005218,0.156562,-0.210291,-0.18289,-0.21962,0.01886,0.034435,0.059836,0.0457,-0.119935,0.328412,-0.355943,0.186595,-0.065709,-0.38343,-0.199913,-0.111172,-0.128932,0.166119,0.248463,-0.331233,-0.111291,0.288224,-0.254773,-0.018215,0.158509,-0.297026,-0.103436,0.067231,0.092343,0.371927,0.178951,#
18,-0.067982,0.156048,-0.137846,-0.20985,0.035314,0.015263,0.161606,0.161566,0.018799,0.157564,0.09303,-0.025122,0.093544,0.265524,0.372173,0.138646,0.113086,0.027398,1.0,-0.187766,0.174946,-0.12162,0.054196,0.010663,0.051,0.15502,0.028076,0.189779,-0.06097,0.193297,-0.091844,0.134737,0.089713,-0.036866,0.088899,-0.016494,0.177121,-0.130661,-0.050031,-0.082671,0.109488,0.180745,0.142893,0.131368,0.135229,-0.101237,0.030343,-0.257617,0.144984,-0.009905,-0.054322,0.117225,0.070982,-0.106361,0.316438,0.033247,-0.222177,-0.115345,-0.16811,-0.159952,0.07756,0.00521,-0.104811,0.455557,0.082553,0.14524,-0.081413,0.044256,0.060925,-0.223962,-0.043819,-0.125513,-0.062843,-0.082473,0.077305,0.110154,0.006779,-0.047559,0.138772,-0.175321,-0.088357,-0.249826,-0.306778,-0.040251,-0.255384,-0.10151,-0.155963,0.027958,0.033393,-0.120196,-0.140615,-0.165589,-0.028525,-0.208508,-0.218376,-0.114939,-0.109245,-0.196239,-0.017071,-0.156977,-0.023786,0.024219,-0.02432,-0.375068,-0.072946,0.110937,-0.143065,-0.170429,0.007201,-0.000605,-0.078561,0.198858,-0.112154,-0.088747,-0.086047,-0.013449,-0.159109,0.002857,-0.038255,0.029423,-0.266185,-0.124006,-0.281462,-0.267314,-0.158919,-0.19251,0.033682,0.164036,-0.290784,-0.191801,-0.025117,-0.086852,-0.200774,-0.032583,-0.113643,-0.098661,0.155217,-0.138912,-0.175109,-0.193001,-0.391739,0.065398,-0.124121,-0.135955,-0.209038,-0.112115,-0.224983,0.16735,-0.344991,-0.253924,-0.378833,-0.059233,-0.051265,-0.213515,-0.053639,-0.369098,0.033923,0.081552,-0.237198,-0.164022,-0.078967,0.09027,0.064953,0.033961,0.09187,-0.060502,0.001106,0.223195,-0.097627,-0.032713,0.120529,0.208033,-0.05991,-0.072369,0.291071,0.021081,0.175711,0.100241,0.135372,-0.147052,0.078109,0.063766,0.246421,0.139772,0.313917,-0.030135,0.043089,-0.124119,0.073425,0.140924,-0.05552,-0.029824,0.348125,-0.001965,-0.028318,-0.128637,0.405996,-0.06864,-0.260898,0.029056,#
19,-0.143454,0.027047,0.1642,0.321647,-0.101126,-0.026964,-0.234784,-0.02453,-0.287902,-0.102779,-0.24033,-0.082495,-0.072595,-0.00579,-0.011972,0.121182,-0.144859,0.336866,-0.187766,1.0,0.28289,0.061146,-0.053226,0.019545,-0.132018,-0.06567,-0.001287,-0.057741,0.049642,-0.116841,0.283703,0.209951,0.185864,0.168376,-0.005335,-0.370002,0.12395,0.162472,-0.299539,-0.144481,0.102356,0.238902,-0.081627,0.042655,-0.082664,-0.150764,0.317228,0.219677,0.264631,-0.212282,-0.111597,0.046358,0.379513,-0.112182,-0.113108,0.035909,0.169838,-0.23394,0.051976,-0.163628,-0.109321,-0.179574,0.055469,-0.030761,0.015545,0.022108,-0.090423,0.075659,-0.161232,0.159263,0.144537,0.164091,0.189402,0.040439,0.213501,-0.28849,0.344466,0.205108,0.485262,0.172736,0.33061,0.205925,0.232778,0.288023,0.254717,0.168957,0.294221,0.018646,0.241928,0.114828,0.220547,0.236844,0.203513,0.198591,0.104376,0.219828,0.27625,0.15997,0.158026,0.275624,-0.462867,0.168907,0.17333,0.28868,0.2817,0.384854,0.10897,-0.260555,0.117926,-0.11917,0.248664,-0.216202,0.038671,0.435324,0.18068,0.135736,0.092604,0.109461,0.07506,-0.221443,0.387659,0.116827,0.051347,0.162993,0.127703,0.150412,-0.091018,-0.017826,0.207973,0.251682,0.284912,0.303134,0.390992,-0.096783,0.273627,0.138538,0.148205,0.12625,0.141398,0.172451,0.229809,0.1361,0.123803,-0.121102,0.275632,0.324865,0.466439,-0.441334,0.374737,0.050393,0.170445,0.117393,0.35838,0.402408,-0.06475,0.171974,0.240039,-0.086999,0.116665,0.071891,0.104166,0.166816,-0.175901,0.107558,-0.116204,-0.069171,0.425419,-0.06251,0.227556,0.180936,-0.325595,-0.120994,0.253164,0.171354,-0.275308,0.109621,0.114689,-0.428796,-0.18216,0.042134,-0.003048,-0.256374,-0.209141,-0.061751,-0.33352,-0.073087,0.214045,0.152903,-0.020945,-0.331823,0.315277,-0.369682,-0.405369,-0.07856,-0.095182,-0.255919,-0.315784,0.279803,0.313791,0.007098,#
20,0.232642,-0.103138,-0.067344,0.010964,-0.19646,0.005307,-0.20324,0.032654,-0.164752,-0.156567,-0.013048,0.192544,-0.080918,0.094994,-0.118695,0.113865,0.068422,-0.051157,0.174946,0.28289,1.0,-0.173976,-0.280448,-0.070777,0.101517,0.09408,-0.015267,-0.064353,0.002062,0.032259,0.363893,0.305656,0.127726,0.15639,-0.052937,-0.322875,0.113049,0.081415,-0.116353,-0.128779,0.379624,0.088172,-0.076674,-0.029748,-0.049784,-0.105704,0.063228,-0.116863,0.012276,-0.215893,-0.069391,-0.092719,0.357309,0.018812,0.058975,0.203442,-0.228644,-0.023621,-0.140149,0.131576,0.043389,0.082574,0.114118,-0.010763,-0.001152,0.010502,-0.291996,0.065171,-0.214494,-0.208674,-0.036433,0.10185,0.160737,0.233999,-0.071974,-0.382848,0.047887,0.323356,0.162015,0.287407,0.089732,0.151795,0.310869,-0.018466,-0.025303,-0.197622,0.092328,0.033962,0.443688,0.088129,-0.155111,-0.06516,0.093367,-0.132105,0.194918,0.097534,-0.114251,0.19704,0.066153,0.155557,-0.083773,0.210987,-0.131526,-0.000125,0.292463,0.09865,0.131665,0.187623,0.156777,0.178548,0.024964,-0.043667,-0.271061,0.31119,0.289695,0.347042,-0.009373,0.150196,0.159623,0.177905,0.102852,0.169127,-0.159198,0.219962,-0.122362,-0.014925,-0.211707,-0.204884,-0.081126,0.231529,0.1436,0.05652,0.231736,2.3e-05,-0.041146,0.223141,0.158155,0.023288,0.150695,0.113683,-0.1551,0.213447,0.255358,0.011889,0.011275,-0.024783,0.265451,-0.392868,-0.011583,0.09006,0.014847,0.145382,0.222402,0.277669,0.025032,0.122683,0.210811,-0.125931,0.011238,-0.046505,-0.100706,-0.045115,0.097641,-0.237365,-0.158891,-0.212581,0.208423,0.043861,0.211943,-0.120484,-0.184725,0.051292,0.216384,-0.086959,-0.332156,0.14194,0.078778,-0.315855,-0.172652,0.256626,-0.116218,-0.041057,-0.061975,0.044334,-0.050554,0.310377,0.094138,0.053686,0.176761,-0.065402,-0.036833,-0.241486,-0.217475,-0.28975,-0.142041,-0.108291,0.049274,-0.011197,0.12579,-0.144621,#
