0,1.0,0.365099,-0.010448,-0.237663,0.376576,-0.08674,0.22277,0.086905,0.25054,0.132968,-0.108519,0.134971,0.267135,0.242557,0.03584,-0.096278,0.137598,0.182842,0.254866,-0.350899,-0.241779,-0.095361,0.251284,-0.110594,-0.301136,-0.291061,-0.106014,-0.030323,0.219575,0.340494,-0.306048,0.007573,0.124617,-0.207973,-0.131176,0.096121,-0.085741,-0.066523,-0.066383,0.169197,0.074415,0.04575,-0.102267,0.097637,-0.211896,-0.300355,0.21416,0.165073,-0.124769,0.121262,0.110689,-0.107629,0.083349,-0.108971,0.0148,-0.089775,-0.068006,-0.013181,-0.075589,0.108311,0.133433,0.096395,-0.086756,-0.056447,0.137186,0.365559,0.073004,0.112765,0.167726,-0.19005,-0.06786,-0.155472,-0.160213,-0.250361,-0.301448,0.325952,-0.223258,-0.320082,-0.13646,-0.124333,-0.35473,-0.233291,-0.288681,0.171327,-0.243927,-0.101902,-0.259656,-0.213022,-0.006527,-0.32561,-0.418777,-0.289385,-0.329046,0.043718,-0.221717,-0.391303,-0.145325,-0.255586,-0.085469,-0.309998,0.141015,-0.369076,-0.189066,-0.1491,-0.31108,-0.004335,-0.175569,-0.127669,-0.440126,0.003895,0.10047,-0.007965,-0.170951,-0.219249,-0.482091,-0.262442,-0.280265,-0.277931,0.109291,-0.45301,-0.283266,-0.347462,-0.373939,-0.302778,-0.218854,-0.175259,-0.337441,-0.119421,-0.148279,-0.434392,-0.365618,-0.145495,-0.136314,0.108193,-0.28175,-0.354605,0.303156,-0.386089,-0.211195,-0.279614,-0.126179,-0.206649,-0.42707,-0.045099,-0.183973,-0.276214,-0.404255,0.379037,-0.278623,-0.21475,-0.323664,-0.402366,-0.331428,-0.196343,-0.467712,-0.282142,0.235902,0.416161,-0.354513,-0.144751,-0.203136,-0.032255,-0.284699,-0.151307,-0.106588,0.024656,-0.113619,-0.079058,-0.087162,-0.188233,0.108885,0.16368,-0.217143,-0.314471,0.326529,-0.290221,-0.164989,0.186738,0.332368,-0.384684,0.067016,0.196038,-0.068725,-0.026051,0.485751,-0.100362,0.189163,0.115024,-0.180316,0.526123,-0.079268,0.039292,0.410575,0.431492,-0.168907,0.235302,0.267871,-0.403393,-0.432189,0.216982,#
1,0.365099,1.0,0.069756,-0.132663,0.275747,-0.195552,0.238943,0.11347,0.122528,0.370283,-0.221055,-0.029232,0.26027,0.211163,0.2431,-0.106763,-0.061946,0.373148,0.38363,-0.198406,0.07613,0.067975,0.15693,0.024274,-0.348481,-0.107358,0.193721,0.126053,0.263114,0.383431,-0.534027,0.15178,0.167811,-0.037304,-0.093389,0.025055,0.030203,-0.129706,-0.065983,-0.054134,-0.053968,0.202556,0.002268,0.117228,-0.200001,-0.40306,0.305864,0.26191,-0.010833,0.281117,0.142625,-0.293537,0.05695,-0.031339,0.197716,-0.215816,-0.362654,0.013692,-0.160432,0.029807,-0.05842,0.297218,-0.344156,0.194766,0.046063,0.214243,0.076948,0.19657,0.120822,-0.215371,-0.209228,-0.242092,-0.09069,-0.243685,-0.264447,0.282907,-0.321907,-0.327998,-0.276807,-0.518456,-0.28449,-0.350832,-0.461736,0.088527,-0.415038,-0.100731,-0.212965,-0.076783,-0.178646,-0.085701,-0.096125,-0.251511,-0.389758,0.046152,-0.42731,-0.086247,0.084853,-0.284834,-0.064774,-0.251066,0.027346,-0.394907,-0.61971,-0.126661,-0.573683,-0.303285,-0.413336,-0.27342,-0.454336,-0.149142,0.135784,0.240124,-0.055231,-0.343108,-0.263427,-0.128462,-0.355055,-0.389187,0.168159,-0.338424,-0.330684,-0.037318,-0.413669,-0.379922,-0.024518,-0.220695,-0.336761,-0.205125,-0.202385,-0.215912,-0.32737,-0.285141,-0.188212,0.128494,-0.234764,-0.141928,0.084036,-0.214384,-0.046822,-0.312953,-0.258108,0.108905,-0.366572,-0.02529,-0.166971,-0.354624,-0.18505,0.419751,-0.384948,-0.291295,-0.348445,-0.302769,-0.145472,-0.043021,-0.360306,-0.136172,0.286551,0.406116,-0.351942,-0.044618,-0.16405,-0.040049,0.0311,-0.004069,-0.088394,0.454844,-0.145772,-0.038737,-0.181403,0.069015,-0.056598,0.120766,-0.158687,-0.375486,0.407788,-0.115845,-0.219413,0.113863,0.290778,-0.363038,0.134843,0.143559,-0.064603,-0.005327,0.223533,-0.137406,0.180756,-0.107902,-0.255839,0.455048,-0.130531,0.440439,0.224198,0.294789,-0.166675,0.037182,0.189365,-0.401574,-0.207538,0.09409,#
2,-0.010448,0.069756,1.0,0.33398,0.169224,-0.323726,-0.109564,-0.124894,-0.17014,0.171497,-0.13647,-0.000596,-0.111718,-0.083354,-0.322088,-0.245466,-0.008096,-0.064106,-0.07802,-0.121515,-0.03903,-0.286968,0.105731,-0.027966,-0.16625,-0.087617,0.185077,-0.283106,-0.197872,0.240315,-0.078562,0.139501,-0.180001,-0.131434,-0.111133,-0.075607,0.085345,-0.028105,0.028266,-0.111442,-0.046989,0.034377,-0.010541,0.136142,0.136815,-0.272572,-0.053273,0.253866,-0.165313,0.056893,-0.254027,0.203832,0.174537,0.20441,-0.103931,-0.207175,-0.286244,-0.043181,-0.110704,-0.111266,-0.100473,-0.167353,-0.24577,-0.102719,-0.068633,-0.018533,-0.211913,-0.08074,-0.027034,0.142841,0.106966,0.128685,0.002449,0.17605,-0.081538,0.198955,-0.128758,-0.126505,-0.141836,0.214458,0.075079,-0.013361,-0.037948,0.359986,0.009361,-0.100032,0.041266,0.176536,-0.088731,-0.132673,-0.114527,-0.191848,0.061504,-0.055104,-0.253145,0.090985,0.208687,0.077314,0.16462,0.009576,-0.063512,-0.055555,0.050662,0.035365,-0.131004,-0.248351,0.131961,0.08009,-0.021553,0.217537,0.264112,0.139919,0.024621,-0.028432,0.23218,0.00149,-0.051002,-0.246393,0.005637,-0.024924,-0.242412,-0.077414,0.088151,-0.079046,-0.127071,-0.051359,-0.351643,-0.132302,0.082904,0.158832,0.250404,-0.098575,-0.208551,-0.013472,-0.008362,0.048848,0.291844,0.228435,0.028874,-0.012634,0.118593,0.311574,0.081406,-0.324916,-0.120913,0.276545,0.031204,0.080373,-0.171342,0.092758,-0.368495,0.096301,0.234065,-0.092614,-0.127709,-0.113373,-0.032113,0.116155,0.136894,-0.04935,0.050433,0.030785,0.307192,-0.012986,0.057947,-0.103091,-0.214608,-0.25252,0.092129,-0.031659,0.058363,-0.111121,0.033876,0.004799,0.09939,0.065452,-0.059043,-0.151987,-0.096846,0.103764,0.005087,-0.266753,-0.047778,-0.015026,-0.144045,0.140166,-0.210199,-0.277584,-0.011244,0.041425,0.273427,-0.005699,-0.040221,0.128193,0.133865,-0.230796,0.007671,0.100625,0.155642,-0.112892,#
3,-0.237663,-0.132663,0.33398,1.0,0.005155,-0.256352,-0.309747,-0.345672,-0.236107,0.039511,0.291107,-0.224132,-0.192452,-0.318519,-0.295103,-0.171295,0.11858,-0.057455,-0.007339,0.019169,0.116349,-0.369171,-0.098921,0.011826,0.090038,0.06648,-0.045849,-0.043231,-0.104446,-0.177339,0.4061,-0.086991,-0.352212,-0.042916,-0.022376,-0.468263,-0.038778,0.185316,0.039405,0.081939,0.115802,-0.177616,-0.000717,-0.061085,0.140585,0.068553,-0.193671,-0.218966,0.325087,-0.149737,-0.221777,0.360218,-0.023319,0.212341,0.063186,-0.065895,-0.108975,0.068836,0.021093,-0.053185,-0.205327,0.039202,-0.069483,-0.197864,-0.148419,-0.29429,0.027249,-0.109384,-0.249671,0.324216,0.007806,0.30463,0.222369,0.277343,0.282028,-0.129303,0.004818,0.011501,0.344901,0.246882,0.040572,0.361602,0.246423,0.135954,0.157611,-0.097929,0.105782,0.252532,0.001326,0.301049,0.26123,0.0833,0.241542,-0.177868,0.258815,0.331732,0.150593,0.07353,0.181774,0.284067,0.05014,-0.120891,0.404253,-0.06835,0.100297,0.146392,0.132225,0.310949,0.208789,0.329436,-0.031553,-0.04292,0.295747,0.086798,0.084494,0.082952,0.37238,0.115888,0.078461,0.095978,0.207578,0.232934,0.21317,0.052388,0.027265,0.089942,-0.111297,-0.036382,0.316451,0.153295,0.550532,0.051658,0.036239,-0.030248,0.265809,0.407495,-0.016883,0.304911,-0.034676,0.277234,0.266795,0.335904,0.28325,-0.165605,0.093339,0.375697,0.180954,-0.207788,0.066905,0.299687,0.054026,0.381674,0.17605,0.134611,0.276484,-0.010838,-0.257672,-0.232285,0.373249,0.078866,-0.240112,0.088845,0.055479,-0.18742,-0.122334,-0.026918,-0.018334,-0.18359,0.042109,0.142807,-0.071052,-0.157293,0.071294,0.129102,-0.253805,0.073234,0.078309,-0.026295,-0.283365,0.341009,-0.407598,-0.016064,-0.071369,-0.217548,-0.178466,-0.119828,-0.109875,0.07239,0.204305,-0.314637,0.10652,-0.104426,-0.246965,-0.010723,-0.120628,-0.170792,-0.257687,0.155102,-0.146328,-0.058853,#
4,0.376576,0.275747,0.169224,0.005155,1.0,-0.12783,0.323813,-0.076353,0.13785,0.274568,0.038932,0.020977,0.227249,0.049342,0.220957,-0.254093,0.277653,0.036694,0.004545,-0.245714,-0.173885,0.019743,0.152168,-0.069867,-0.441003,-0.194687,0.037878,-0.13243,0.165987,0.21213,-0.230323,0.017853,-0.051521,-0.1235,-0.387217,0.12644,-0.014224,-0.230551,0.064739,0.191208,-0.012779,0.023565,-0.156998,0.072528,-0.212736,-0.22111,0.172034,0.21792,-0.10798,0.106406,0.106286,-0.318442,0.190648,-0.149586,0.070665,-0.403768,-0.402348,0.106578,-0.326298,-0.251158,0.088766,0.059669,-0.07338,0.074529,0.131272,0.348868,0.106148,0.073885,0.128113,-0.187613,-0.245198,-0.337918,0.143375,-0.398186,-0.228936,0.357045,-0.254293,-0.559902,-0.183192,-0.329269,-0.392134,-0.307716,-0.402655,-0.119995,-0.317133,-0.341549,-0.322898,-0.377474,-0.232678,-0.259837,-0.254493,-0.224861,-0.293299,-0.096821,-0.377854,-0.283074,-0.093763,0.090922,-0.055497,-0.068408,0.133496,-0.169021,-0.084191,-0.1038,-0.333989,-0.397597,-0.275006,-0.222532,-0.224213,0.151582,0.076123,0.028316,-0.358527,-0.294654,-0.268705,-0.155137,-0.254218,-0.373446,-0.111121,-0.198984,-0.378682,-0.257723,-0.28714,-0.180058,-0.071121,-0.200337,-0.405029,-0.227617,-0.377583,-0.039235,-0.303329,-0.293855,-0.446647,-0.232869,-0.151301,-0.337028,0.309101,-0.306089,-0.182863,-0.246751,-0.192807,0.001362,-0.061765,-0.270685,-0.262977,-0.311194,-0.19777,0.361452,-0.386509,-0.204124,-0.281256,-0.234429,-0.29731,-0.311117,-0.35446,-0.259047,0.286111,0.438205,-0.274655,-0.375548,-0.01567,-0.113679,-0.044261,-0.228116,-0.189828,0.313667,-0.11573,-0.019495,0.017529,-0.101172,0.14216,-0.041283,-0.268601,-0.305064,0.18595,-0.339239,-0.347721,-0.062546,0.26425,-0.064064,0.180434,0.040923,0.342729,0.198653,0.213126,-0.020095,0.298415,-0.168924,-0.073844,0.258479,0.043917,0.352916,0.164821,0.392115,0.19504,-0.061663,0.133771,-0.330904,-0.467798,0.317039,#
5,-0.08674,-0.195552,-0.323726,-0.256352,-0.12783,1.0,0.173889,0.290738,0.192626,-0.149654,0.120666,-0.020387,-0.166589,0.283157,0.251505,0.051365,0.026784,-0.063888,-0.159277,0.208029,-0.056801,0.279438,0.070865,-0.211443,0.234281,-0.145545,0.130799,0.213929,-0.039587,-0.225015,0.06472,0.23494,0.063038,-0.139303,-0.188809,-0.11435,-0.20649,0.073383,0.042944,-0.146182,-0.114889,0.170097,0.104708,0.124083,-0.019696,-0.011527,0.055094,-0.05622,0.033247,0.216322,0.198569,0.053279,0.215881,-0.168273,-0.062873,0.216751,0.17309,0.08096,0.073094,0.188641,0.216104,-0.051761,0.023553,0.305097,0.086323,0.172605,-0.216406,0.131607,-0.099919,0.15113,0.056023,0.016621,0.034647,-0.028666,-0.071577,0.06077,0.272942,0.194502,-0.086891,0.015271,0.07244,0.01008,0.037004,-0.127869,0.068613,0.25652,-0.006026,-0.305722,0.170053,-0.221226,0.010715,0.122021,-0.062319,0.025865,0.184427,0.077716,-0.063147,0.011882,-0.10592,-0.180786,-0.19477,0.12961,0.118899,-0.096311,0.19892,0.040259,0.163601,-0.23692,-0.088165,-0.291708,0.044301,0.132477,-0.102922,-0.156318,-0.126725,-0.174041,-0.007438,0.123764,-0.121081,0.068629,0.078101,0.034398,0.120963,-0.05489,-0.201809,0.252975,0.118835,0.257941,-0.022108,-0.060764,-0.055027,-0.094443,-0.07664,-0.062852,-0.023231,-0.145469,-0.078712,-0.195921,-0.075458,-0.064937,-0.00697,-0.253315,-0.26985,-0.081597,0.029875,0.099403,-0.074753,-0.039172,0.434044,-0.121395,0.132732,0.036365,0.023883,0.214259,-0.049465,0.125272,0.03827,0.004634,-0.122474,0.063211,-0.089117,-0.130927,0.011979,0.072346,0.132581,0.000268,0.326792,0.228423,-0.072215,-0.00046,0.070829,0.017831,0.095308,0.270366,-0.05599,0.19232,0.115772,-0.013936,0.241872,-0.028456,0.198378,0.16059,0.044235,0.027766,-0.149757,-0.11622,0.07262,0.134078,-0.05203,0.050334,0.075458,-0.224868,0.00777,-0.281267,0.14033,0.046187,-0.019963,0.050796,0.116269,0.131091,#
6,0.22277,0.238943,-0.109564,-0.309747,0.323813,0.173889,1.0,0.222323,0.576177,-0.091404,0.05528,0.058969,0.360674,0.016643,0.391177,-0.105163,-0.205607,0.061938,0.048197,0.104625,0.000723,0.318,0.16162,-0.279011,-0.088981,-0.120455,0.095103,-0.242369,0.159174,0.231994,-0.501443,0.000178,0.189505,-0.155145,-0.172422,0.099583,0.086009,-0.278227,-0.012332,0.198359,0.107025,0.205305,-0.222286,-0.021048,-0.186145,-0.024323,0.159291,0.362706,0.090505,0.223528,0.276461,-0.231405,0.09169,-0.176825,0.030864,0.184186,0.084345,-0.007159,0.057047,0.138816,0.055681,0.190571,-0.211414,0.247753,0.237191,0.258435,0.024699,-0.097858,0.117492,-0.186366,0.093444,-0.25821,0.046367,-0.231747,-0.487813,0.327059,-0.128921,-0.211168,-0.29557,-0.267815,-0.234098,-0.404491,-0.282339,-0.322619,-0.411563,0.03872,-0.195163,0.001595,-0.257878,-0.276768,-0.358786,-0.24179,-0.323742,0.14575,-0.415372,-0.182701,0.026397,-0.177246,-0.16945,-0.228835,-0.092421,-0.131934,-0.201967,0.032849,-0.2034,-0.202503,0.026398,-0.321432,-0.316302,-0.136575,0.251648,0.068803,-0.292902,-0.500234,-0.014492,-0.189529,-0.369678,-0.14505,0.018345,-0.377974,-0.254314,-0.363364,-0.131623,-0.481405,-0.138427,0.018406,-0.203435,0.093593,-0.284801,-0.164362,-0.407029,-0.34219,-0.357105,-0.1373,-0.226828,-0.220487,0.00824,-0.167536,0.007571,-0.359256,-0.330226,-0.19051,-0.257459,-0.136566,-0.188694,-0.272719,-0.407272,0.625731,0.040209,-0.480731,-0.092874,-0.324745,-0.259059,-0.194605,-0.271514,-0.050748,0.295434,0.371551,-0.10696,-0.343366,0.28956,-0.013499,-0.003136,-0.042207,0.069238,0.356642,0.07775,0.120898,-0.147472,-0.150022,-0.044202,-0.027303,-0.070558,-0.156237,0.238808,-0.226658,-0.064504,0.319741,0.541568,-0.226916,0.221642,0.519541,0.097209,-0.137619,0.407496,-0.055057,0.09945,0.015777,-0.410214,0.37969,0.19097,0.136956,0.294096,0.070761,-0.044376,-0.032369,0.360207,-0.135179,-0.169977,0.047902,#
7,0.086905,0.11347,-0.124894,-0.345672,-0.076353,0.290738,0.222323,1.0,0.198504,-0.248958,-0.242878,0.007235,-0.004153,0.196652,0.218336,-0.053515,0.063564,0.02906,-0.107484,0.017512,0.096357,0.47949,0.060628,0.085739,-0.140679,0.063965,0.401785,0.227862,-0.131072,-0.157423,-0.203875,0.406214,0.171026,-0.087458,-0.125661,0.052191,-0.003497,-0.4458,0.203791,-0.092299,-0.085814,0.109418,0.111697,0.048506,-0.127359,0.074731,0.08318,0.196609,-0.231469,0.021988,0.202553,-0.099829,0.080165,-0.07534,-0.147585,0.105077,0.212902,-0.098732,0.147336,0.202751,0.062384,0.081688,-0.13074,0.418739,0.134005,0.286283,-0.167893,0.125075,0.160345,-0.313725,0.108293,0.115322,-0.232094,0.098652,-0.210775,0.094624,0.061255,0.056092,-0.414875,0.049535,0.027311,-0.039891,0.076639,-0.096383,0.018463,0.290596,0.107045,-0.004467,0.040429,-0.197848,-0.058792,-0.028738,-0.026057,0.045589,-0.13089,0.044835,-0.018852,0.044875,-0.266419,-0.33291,-0.022668,-0.138813,-0.034393,0.000702,-0.116194,-0.142849,-0.031208,-0.258798,-0.139505,-0.356582,0.014716,0.040281,-0.243648,-0.04557,0.083228,0.055824,-0.133659,0.062365,-0.226057,-0.009112,-0.092623,-0.166021,0.081245,-0.220457,0.020405,0.016742,0.053421,-0.178939,-0.01827,-0.098354,-0.270592,-0.139359,0.121189,-0.200761,0.181862,-0.0089,0.099434,-0.15278,0.075782,-0.236911,-0.288052,-0.151572,-0.196295,0.095697,-0.033167,-0.045866,-0.206944,0.109446,-0.041192,0.005241,-0.061155,-0.051712,-0.014566,-0.00395,0.162329,0.027416,0.117006,-0.044159,-0.173362,0.093984,0.147969,-0.077322,-0.055132,0.042033,0.257368,0.133907,0.100203,0.000401,-0.166494,0.045106,-0.041359,0.041284,-0.195366,-0.062821,0.003523,-0.01114,-0.00912,-0.037128,0.117805,-0.330367,0.038095,0.076769,0.19124,0.000311,-0.027929,-0.038312,0.013084,-0.051683,-0.007399,0.121353,0.278148,0.114143,0.120023,-0.254177,0.038344,0.18494,-0.052864,-0.114376,-0.07083,0.105542,#
8,0.25054,0.122528,-0.17014,-0.236107,0.13785,0.192626,0.576177,0.198504,1.0,0.008377,-0.057155,0.041944,0.377814,0.091523,0.309579,-0.188892,-0.366613,0.207961,0.213048,0.082889,-0.005098,0.175904,0.250341,-0.110273,0.110101,-0.296374,0.161976,0.003378,0.361647,0.166506,-0.321358,0.019907,0.240283,-0.15489,-0.301618,0.043289,0.123862,-0.290312,-0.134893,0.08938,0.23479,0.033604,-0.181227,-0.009799,-0.064659,-0.169927,0.286405,0.328814,0.114552,0.142605,0.058659,-0.122652,0.0956,0.04298,-0.016088,-0.0381,0.178968,-0.263053,0.313373,-0.039407,0.062025,0.002859,-0.113172,0.265244,0.085166,0.299269,0.163734,-0.085814,0.197452,-0.096416,0.152528,-0.124623,-0.024186,-0.012583,-0.222078,0.141558,-0.084915,-0.200586,-0.157133,-0.325332,0.045933,-0.382638,-0.237227,-0.248628,-0.190469,0.211927,-0.003207,-0.017934,-0.109216,-0.174719,-0.181959,-0.017525,-0.46259,0.449419,-0.236825,-0.002112,0.155684,-0.203524,0.072869,-0.192222,-0.129506,-0.078272,-0.027958,0.03552,0.009379,-0.071811,-0.105597,-0.197189,-0.20544,-0.113819,0.309291,0.122525,-0.174796,-0.225688,-0.031555,-0.326219,-0.275057,0.057906,0.10771,-0.26809,-0.206152,-0.379928,0.160833,-0.499372,-0.016181,0.063573,-0.050138,0.126464,-0.157343,-0.219578,-0.276979,-0.248063,-0.08465,-0.036778,-0.095312,-0.035485,-0.127262,-0.138145,0.095086,-0.089766,-0.126432,-0.203408,-0.373223,-0.125429,-0.164083,-0.005162,-0.237258,0.332392,0.10485,-0.289295,0.041598,-0.270897,-0.142387,-0.186087,-0.047015,-0.078152,0.377109,0.46373,0.047695,-0.19432,0.109062,-0.025663,-0.055528,0.064672,0.10394,0.265973,0.114324,0.043743,-0.267074,-0.058402,-0.232928,0.253001,-0.050226,-0.20408,0.284091,-0.170163,-0.115486,0.171678,0.374694,-0.315256,0.192854,0.319619,0.021965,-0.176613,0.201578,0.008858,0.147606,0.067734,-0.444682,0.161692,0.240583,-0.080829,0.226014,-0.058362,-0.095838,-0.014763,0.261115,-0.195201,-0.041849,0.076847,#
9,0.132968,0.370283,0.171497,0.039511,0.274568,-0.149654,-0.091404,-0.248958,0.008377,1.0,0.094669,-0.171879,0.178035,-0.032037,0.06696,-0.017634,-0.208718,0.339585,0.185303,-0.150267,0.053085,-0.074954,0.199749,0.174052,-0.123587,0.005522,-0.015991,0.137083,0.043959,0.25438,-0.069807,0.100789,0.082414,0.213409,-0.128546,-0.011753,-0.044354,-0.101754,-0.105078,-0.074765,-0.060431,0.156243,0.143357,0.235563,0.262944,-0.26613,0.082028,0.289812,-0.046526,0.157214,-0.049102,-0.043842,0.030359,-0.074975,-0.042558,-0.312576,-0.163476,0.061611,-0.205649,-0.159828,0.135782,-0.029956,-0.212354,-0.107919,0.023125,0.127336,-0.0792,0.148005,-0.069344,-0.084875,0.020957,-0.281679,-0.033416,-0.192363,0.016895,0.271356,-0.316131,-0.483207,0.025617,-0.222298,-0.103367,-0.156097,-0.199486,0.008294,-0.111589,-0.016165,-0.181059,-0.200765,-0.273394,-0.069291,0.025591,-0.140719,-0.30567,0.007034,-0.243905,0.004458,0.108517,-0.007033,0.177962,-0.22352,-0.174481,-0.244598,-0.212622,-0.042228,-0.230356,-0.155498,-0.224156,-0.07906,-0.191311,-0.064453,0.302052,0.130732,-0.108551,-0.352074,-0.210877,-0.132898,-0.109511,-0.194764,0.249662,-0.352038,-0.090723,0.077373,0.051629,-0.02087,-0.030942,-0.08219,-0.195658,-0.127358,-0.230997,0.034679,0.060571,-0.137343,0.020237,0.25629,-0.096524,0.105053,0.083587,-0.114387,0.184618,-0.253345,-0.009119,0.133168,-0.136128,-0.013367,-0.033683,-0.081371,0.141555,0.164712,-0.415781,0.129273,-0.388845,-0.03191,0.105046,0.015947,-0.232328,0.109779,0.185474,0.361972,-0.202805,0.016985,-0.243185,0.007903,0.036106,0.080229,-0.230674,0.295957,-0.35734,-0.141638,0.152855,0.053432,0.175441,0.070677,-0.097794,-0.156616,0.293404,-0.131248,-0.154447,0.010155,-0.115209,-0.031413,-0.004756,-0.027983,-0.312612,0.26815,-0.115142,-0.079697,0.120257,-0.143878,-0.223307,0.250645,0.01373,0.146503,-0.123534,0.159404,0.085587,-0.272897,-0.042262,-0.141245,0.090302,-0.076864,#
10,-0.108519,-0.221055,-0.13647,0.291107,0.038932,0.120666,0.05528,-0.242878,-0.057155,0.094669,1.0,-0.102306,-0.271487,-0.094058,0.150894,0.111295,-0.068833,-0.232303,-0.176825,-0.019497,-0.089811,0.009119,-0.003311,0.010914,0.158189,0.271929,0.041719,0.024696,0.101736,-0.116711,0.240127,-0.132252,-0.066562,0.082266,0.087517,-0.039536,-0.205832,0.06041,0.035276,0.18463,-0.253075,-0.068793,-0.061687,0.159292,0.179851,0.064925,-0.248797,-0.204338,0.204325,-0.088165,-0.014538,0.111576,-0.023473,-0.095087,0.060523,0.32944,0.056841,0.046545,0.04937,0.10875,0.074561,-0.083812,0.07868,-0.119033,-0.150601,-0.232465,-0.063556,-0.306933,-0.463684,0.129224,-0.110591,0.011405,0.262593,0.074607,0.106655,0.097007,-0.027837,0.042848,0.093985,0.028802,-0.318576,0.117377,0.222005,-0.1658,-0.00149,-0.145629,0.082664,0.04783,-0.129495,-0.145348,-0.088875,-0.125345,0.136966,-0.214263,0.192371,0.098726,-0.190955,0.104657,-0.186448,0.089546,0.014374,0.044437,0.233762,-0.171233,0.043898,0.048488,0.031806,-0.140671,0.177677,0.183663,-0.286256,-0.047488,-0.097568,-0.05995,-0.221188,-0.044964,0.189652,-0.052551,-0.172076,0.127575,0.297167,-0.046441,0.221046,0.136101,-0.038895,-0.062749,0.039187,0.252441,-0.10029,-0.104473,0.141787,-0.058421,-0.24948,-0.088521,-0.096089,0.305115,-0.064658,-0.101802,0.053294,0.031458,-0.068478,-0.078685,0.09104,-0.157848,-0.056841,-0.090556,0.024242,-0.257261,0.22624,0.057112,0.223379,0.145018,-0.29717,-0.093418,0.032371,-0.107384,-0.291206,-0.05821,0.161503,-0.016737,-0.157761,-0.01393,0.000975,-0.321586,-0.387243,-0.114511,-0.062136,0.18385,0.396464,-0.210803,0.035448,-0.258034,-0.187863,0.000538,0.02405,-0.063692,-0.034324,0.043926,-0.041131,0.209426,0.050702,0.204307,0.02049,0.236946,-0.093155,-0.21017,-0.048825,-0.133891,0.200859,-0.107389,-0.176827,0.071195,-0.111335,-0.091639,-0.03542,-0.263588,0.036168,0.13342,-0.16855,-0.001556,#
11,0.134971,-0.029232,-0.000596,-0.224132,0.020977,-0.020387,0.058969,0.007235,0.041944,-0.171879,-0.102306,1.0,-0.02198,-0.122193,-0.011255,0.163305,0.003111,-0.192615,-0.328636,-0.060803,-0.35698,0.116263,-0.04935,-0.113777,0.029932,0.159248,-0.059385,-0.3429,0.011829,0.209633,-0.234043,0.067844,0.006917,0.017046,0.137568,0.06173,-0.333656,0.008776,-0.213052,0.106544,-0.068712,0.067305,-0.12292,-0.384079,-0.071319,-0.147181,-0.131375,-0.095306,-0.19794,0.136539,-0.278024,-0.098263,0.034365,0.066701,0.110131,0.046271,-0.161511,-0.126937,0.0773,0.117879,-0.110408,0.004734,-0.059758,-0.18167,0.205586,-0.276321,-0.136977,-0.128266,-0.123623,0.04442,0.054343,-0.101241,0.176915,-0.051939,-0.431338,-0.155117,-0.154904,-0.06744,-0.128266,0.064304,0.081311,-0.268412,-0.224952,-0.085029,-0.078289,-0.03855,-0.039361,-0.157816,0.106396,-0.241343,-0.020021,-0.07932,0.010842,-0.093673,-0.092184,-0.062465,-0.05135,-0.104825,-0.250513,0.089925,0.020496,-0.005494,-0.098715,-0.013433,-0.2407,-0.064199,0.166291,-0.050688,-0.112423,0.158045,-0.190517,0.0277,-0.308474,0.178792,-0.129449,-0.304238,-0.092756,0.097922,-0.265876,0.167462,-0.098714,-0.294181,-0.155286,0.089071,-0.122202,-0.02549,-0.021751,-0.293058,-0.090575,0.189908,-0.2513,0.003029,-0.199823,-0.063804,-0.24553,-0.104609,0.058581,-0.287748,-0.034067,-0.136429,0.123486,-0.03045,0.031601,-0.263412,-0.36009,-0.190786,-0.061171,-0.02613,-0.110789,-0.028301,-0.104159,-0.329074,-0.051084,-0.096493,-0.186667,-0.167058,-0.116821,-0.07112,0.003924,0.017536,0.101044,-0.159968,-0.063331,-0.156901,-0.055911,-0.127933,0.130804,0.232155,0.067931,-0.296516,0.11687,-0.038257,-0.035963,0.13317,0.194104,-0.27001,-0.272043,-0.031783,-0.070009,-0.042414,0.213193,-0.118352,0.213341,0.198382,0.222703,0.052792,0.004812,-0.035649,0.092768,-0.013716,-0.13558,0.084373,0.097415,0.033582,-0.089902,0.212184,0.244134,-0.042096,0.007622,-0.152089,#
12,0.267135,0.26027,-0.111718,-0.192452,0.227249,-0.166589,0.360674,-0.004153,0.377814,0.178035,-0.271487,-0.02198,1.0,0.221497,0.159302,-0.190668,-0.275905,0.281517,0.147988,0.122079,-0.01004,0.121421,0.327163,-0.180462,-0.234788,-0.266431,0.024801,-0.213969,0.355402,0.091597,-0.500665,-0.050988,0.175063,-0.126344,-0.065995,-0.02764,0.213357,-0.204936,-0.057793,-0.211299,0.352114,0.353402,-0.00352,-0.154645,-0.140048,-0.233252,0.451936,0.428464,-0.078119,0.042364,0.116599,-0.144166,0.192215,-0.018681,-0.128046,0.010107,0.195427,-0.086203,0.026257,-0.140545,0.081773,0.267596,-0.05893,0.024478,0.162569,0.330612,0.198248,0.181787,0.321146,-0.11173,0.228658,-0.052442,-0.118136,-0.099151,-0.191202,0.255842,0.024092,-0.302614,-0.082492,-0.307003,-0.003148,-0.350392,-0.376286,-0.214683,-0.022635,0.276027,-0.214172,0.060786,-0.010166,0.030492,-0.298163,-0.015325,-0.408983,0.276689,-0.283133,-0.007382,0.34706,-0.119842,0.141437,-0.325094,0.176754,-0.12916,-0.162552,-0.139133,-0.14685,-0.007404,-0.152934,-0.096863,-0.41559,-0.067946,0.414828,-0.156655,-0.076477,-0.331034,0.020455,-0.187736,-0.539019,0.088057,0.236296,-0.421244,-0.016414,-0.400076,-0.00283,-0.389415,0.004556,0.233762,-0.349925,0.034392,0.038542,-0.002177,-0.185408,-0.181477,-0.135723,0.086905,-0.179921,-0.053092,-0.028282,-0.009601,0.050693,-0.125807,-0.217336,-0.193446,-0.10287,-0.147423,-0.050036,-0.094835,-0.306045,0.379485,-0.108495,-0.171507,-0.257425,-0.400376,0.070607,-0.095716,-0.048207,0.199088,0.48656,0.335599,-0.05792,-0.232304,-0.021254,-0.14834,-0.143022,0.239729,0.127254,0.192128,0.125538,-0.114405,-0.193841,0.038391,-0.065658,0.158973,0.117635,-0.107428,0.298582,0.033139,0.02799,0.159631,0.276615,-0.286326,0.134313,0.112332,-0.231863,-0.33896,0.221696,-0.051885,0.375487,-0.02679,-0.57186,0.299868,0.253853,-0.014118,0.046679,0.019537,-0.059779,0.009199,0.240287,-0.21329,-0.059496,0.025168,#
13,0.242557,0.211163,-0.083354,-0.318519,0.049342,0.283157,0.016643,0.196652,0.091523,-0.032037,-0.094058,-0.122193,0.221497,1.0,0.112474,0.008098,-0.123061,0.134304,0.219464,0.010189,-0.068089,0.187077,0.510633,-0.068318,-0.263422,-0.405263,0.258151,0.214593,0.263663,-0.035233,-0.251842,0.208276,0.217195,-0.111048,-0.027696,0.106318,-0.016801,0.020553,0.056448,-0.347855,0.080202,0.203737,0.203796,0.247372,-0.27217,-0.448116,0.285148,0.318852,-0.069723,0.176772,0.251598,0.029855,0.029327,-0.039211,-0.184506,-0.125221,0.019921,0.025799,0.048,-0.011521,0.28405,0.212463,-0.151289,0.112703,0.162285,0.374556,-0.001573,0.483837,0.343867,0.130287,-0.058344,-0.149109,0.031531,-0.23624,-0.189586,0.294352,-0.026824,-0.030939,-0.292097,-0.13841,-0.250461,-0.253812,-0.114319,0.04897,-0.058047,-0.013187,0.041132,-0.054226,-0.034959,-0.18986,-0.152286,-0.114004,-0.301103,0.263182,-0.105258,-0.123226,0.037047,-0.03673,-0.050896,-0.460536,0.017086,0.010141,-0.106339,-0.231506,-0.105157,-0.152637,-0.1509,-0.417058,-0.250647,-0.016679,0.305579,0.129427,-0.084703,-0.090889,-0.038393,-0.081576,-0.32501,-0.119681,0.124875,-0.10563,0.029754,-0.264371,-0.114023,-0.200163,0.038421,0.1159,-0.297404,-0.009807,0.038987,-0.145903,-0.203333,0.08074,-0.222448,0.187417,-0.148563,-0.243904,-0.059341,-0.306435,0.108091,-0.102738,-0.231475,-0.1999,-0.191333,-0.17055,-0.16716,0.073374,-0.20988,0.091346,0.015095,-0.120373,-0.179564,-0.19179,-0.060957,-0.152682,-0.081992,0.189951,0.367239,0.280624,-0.232237,-0.085513,-0.095818,-0.257225,-0.03609,0.275547,0.081794,0.096207,0.16005,0.033157,-0.144461,0.150336,-0.038563,0.232685,-0.060635,-0.259725,0.150277,0.119358,-0.065741,-0.126083,0.386747,-0.324361,0.20613,-0.179383,-0.241031,0.012003,0.111759,0.043425,0.057746,-0.286673,-0.192308,0.264184,-0.035669,-0.040983,0.216754,0.115889,0.156594,0.080044,0.399246,-0.188467,-0.036572,0.029488,#
14,0.03584,0.2431,-0.322088,-0.295103,0.220957,0.251505,0.391177,0.218336,0.309579,0.06696,0.150894,-0.011255,0.159302,0.112474,1.0,-0.114034,-0.120849,-0.020172,-0.003084,0.044134,0.079335,0.264142,0.093825,-0.02493,-0.081,0.045194,0.066876,0.192212,0.267821,0.060519,-0.238516,0.137932,0.244424,-0.009036,-0.299943,0.09722,-0.096257,-0.182776,0.364074,0.220678,-0.205973,0.249956,-0.307273,0.108459,-0.239685,0.076551,0.135223,-0.05959,0.110379,0.156641,0.088202,-0.102195,-0.053202,-0.237949,0.047312,0.106769,-0.116365,-0.000208,-0.19484,0.205679,0.104083,0.368784,-0.234916,0.333102,0.130415,0.216022,0.001458,0.070956,0.050511,-0.20731,-0.081012,-0.154272,0.221866,-0.173306,-0.35278,-0.022718,0.007501,-0.164364,-0.219292,-0.364824,-0.19518,-0.187739,-0.15496,-0.382183,-0.333817,0.061,-0.145555,-0.190791,-0.311774,-0.154798,-0.206152,-0.07764,-0.303131,0.056789,-0.185859,-0.083708,-0.096114,-0.114258,-0.064654,-0.287655,0.115088,-0.113332,-0.277991,-0.110149,-0.145131,-0.114351,-0.358442,-0.142019,-0.266527,-0.291796,-0.037104,-0.066329,-0.315425,-0.155473,-0.35956,-0.180978,-0.251717,-0.244673,-0.154281,-0.244331,-0.241457,-0.229543,-0.159863,-0.224294,0.019604,-0.077693,-0.045402,-0.061029,-0.416174,-0.217957,-0.249901,-0.422318,-0.289096,-0.009726,-0.321861,-0.059365,0.057852,-0.282147,0.114511,-0.04764,-0.225646,-0.309343,-0.426389,-0.013602,-0.106514,-0.311426,-0.147517,0.124678,0.060306,-0.374588,-0.168149,-0.146507,-0.15029,-0.028835,-0.197218,0.04077,0.382988,0.305132,-0.291459,-0.010038,0.001538,-0.017278,-0.07605,-0.125159,-0.188493,0.30064,-0.010663,0.101257,-0.068004,-0.151328,0.137981,-0.037629,-0.069476,-0.249164,0.425457,-0.181744,-0.132631,0.061912,0.351,-0.188285,0.203771,0.396772,0.258188,0.069329,0.089533,-0.062247,0.125774,-0.045089,-0.175962,0.214177,-0.152115,0.392385,-0.004576,-0.143869,-0.149006,-0.11901,0.009625,-0.224627,-0.043225,0.19262,#
15,-0.096278,-0.106763,-0.245466,-0.171295,-0.254093,0.051365,-0.105163,-0.053515,-0.188892,-0.017634,0.111295,0.163305,-0.190668,0.008098,-0.114034,1.0,0.008845,-0.331399,0.197929,0.018434,-0.162871,0.225733,-0.217937,0.081231,-0.102692,0.042203,-0.042019,0.057009,0.002589,-0.098055,-0.011311,0.104149,-0.066004,0.196596,0.319244,0.226173,-0.048332,0.183289,-0.14609,0.063529,0.00057,-0.183881,0.154731,-0.013983,-0.03537,0.086475,-0.400436,-0.177175,-0.037523,0.018084,0.12001,0.109972,-0.115678,0.033599,-0.225275,0.233598,0.168855,-0.143687,0.08432,-0.013109,0.095711,-0.068693,0.159258,0.054271,0.135009,-0.29378,-0.131962,-0.075608,0.07444,0.180987,-0.077625,-0.030223,0.222189,-0.088247,0.121271,-0.099375,-0.079752,-0.037679,0.107746,0.108664,-0.139153,-0.042381,0.152503,-0.078134,0.181932,-0.042057,-0.015052,-0.28785,0.066563,0.111549,0.194149,-0.037626,0.142634,-0.209218,0.113753,-0.05671,-0.101533,-0.158459,-0.374057,-0.054174,0.140501,0.050974,-0.055678,0.061061,0.203187,0.081263,0.024613,-0.071876,-0.004235,-0.033384,-0.283295,-0.047078,0.013967,0.199711,-0.15201,0.048634,0.177212,0.131697,-0.203141,0.295158,0.140495,0.171283,0.045612,0.129333,0.031661,-0.055043,0.220386,0.027819,0.062876,-0.021128,-0.115823,0.195864,0.033883,0.081912,-0.188379,0.054117,-0.228049,-0.173404,-0.19228,-0.069129,0.015022,-0.00998,-0.090675,0.246048,-0.123851,-0.019835,-0.063436,-0.254292,-0.158222,-0.114996,0.076642,0.043167,-0.132058,0.103669,0.038943,-0.008014,-0.362239,-0.112489,-0.03072,0.078672,-0.168409,-0.011572,-0.183248,-0.107816,-0.17906,-0.120388,0.037795,0.147619,0.039093,0.061854,-0.065778,0.146782,-0.169575,0.110553,-0.037783,-0.156268,0.073841,0.052604,-0.295847,0.20917,0.146381,-0.027841,0.120509,0.23277,-0.027916,-0.063805,-0.070107,-0.109607,0.228317,-0.098844,-0.275114,-0.105546,-0.023042,0.140899,0.014326,0.182135,0.208331,0.222927,-0.092611,-0.22668,#
16,0.137598,-0.061946,-0.008096,0.11858,0.277653,0.026784,-0.205607,0.063564,-0.366613,-0.208718,-0.068833,0.003111,-0.275905,-0.123061,-0.120849,0.008845,1.0,-0.191227,-0.158671,-0.310865,-0.26366,-0.089119,-0.346842,0.028063,-0.200621,-0.121708,-0.291225,0.062212,-0.15848,-0.189261,0.153528,-0.067929,-0.018447,-0.17936,0.05349,0.030253,-0.202738,0.087961,-0.036703,0.090607,-0.137383,-0.245652,-0.041666,0.208513,-0.069884,0.172972,-0.247406,-0.378072,-0.007444,-0.101578,0.091538,-0.028568,-0.067241,-0.003915,0.109824,-0.167671,-0.2027,0.198612,-0.209203,0.082804,-0.144311,-0.172,0.085533,0.045435,0.203111,-0.036139,0.213952,-0.09352,-0.169732,-0.176472,-0.485527,0.106952,0.15381,-0.180076,-0.032646,0.188422,0.041177,-0.022035,0.048864,0.132185,-0.262933,0.132473,-0.002628,0.206603,0.03458,-0.173848,-0.145393,-0.286034,0.014217,-0.130577,-0.039028,-0.194694,0.20002,-0.512018,0.057342,-0.248488,-0.230899,-0.042746,-0.277224,0.098859,0.260312,-0.214614,0.077938,-0.044136,-0.046422,-0.229942,0.132334,0.024927,-0.070378,0.187437,-0.36961,-0.050587,-0.150623,-0.005284,-0.277501,0.232624,0.185468,-0.284366,-0.347169,0.357055,-0.252264,0.29172,-0.376511,0.263067,0.100716,-0.152109,-0.085461,-0.029368,-0.124922,0.019904,-0.195376,0.152467,-0.142588,-0.143199,0.002915,-0.233998,0.274701,-0.294834,-0.643124,-0.013815,-0.111711,0.185323,0.05452,0.056317,-0.010375,-0.152127,-0.005767,-0.103764,-0.088962,0.053307,0.100438,0.187115,-0.225854,-0.05738,-0.184798,-0.323861,-0.288059,-0.136733,-0.07034,-0.08235,0.023305,0.010667,-0.125339,-0.298255,-0.110347,-0.023346,0.022856,-0.222027,0.097664,0.052728,0.374899,-0.110918,-0.174604,0.060543,-0.278285,-0.065913,-0.140663,-0.145417,-0.10031,0.258099,-0.052309,-0.041859,0.568949,0.051329,0.133506,-0.151938,0.111618,0.194278,0.363419,-0.086685,-0.077479,0.181657,0.158094,0.245692,-0.056753,0.342757,-0.195744,-0.005478,-0.433933,0.250991,#
17,0.182842,0.373148,-0.064106,-0.057455,0.036694,-0.063888,0.061938,0.02906,0.207961,0.339585,-0.232303,-0.192615,0.281517,0.134304,-0.020172,-0.331399,-0.191227,1.0,0.226536,0.122966,0.307743,-0.094202,0.366846,-0.004245,0.058967,-0.153598,0.138884,0.163582,-0.025901,0.144194,-0.190521,-0.032548,0.26153,0.176394,-0.058295,-0.241957,0.074539,-0.149348,-0.020455,-0.184578,-0.025233,0.299762,0.334487,-0.06585,-0.018204,-0.295407,0.417416,0.201558,0.002973,-0.096408,0.249452,-0.00861,-0.14941,-0.113426,0.012406,-0.247605,0.005819,-0.032629,0.059951,-0.061046,-0.052947,0.127778,-0.296198,-0.014425,-0.03142,0.321577,0.141891,0.280241,0.264031,-0.030818,0.018423,-0.013647,-0.429174,-0.046603,0.087362,0.151857,-0.148496,-0.13899,-0.008383,-0.239629,0.081906,-0.14178,-0.242466,0.05957,-0.142274,0.280401,-0.231983,0.191887,0.102755,-0.038014,0.009996,-0.073024,-0.235537,0.320212,-0.075509,-0.060916,0.138426,0.026214,0.148565,-0.232527,-0.229919,-0.288402,-0.121998,0.030519,-0.061085,0.022423,-0.27475,-0.14793,-0.298057,-0.13388,0.321334,0.159111,0.241278,-0.180371,0.100423,-0.030436,-0.335615,-0.101985,0.293352,-0.442748,-0.164514,-0.098534,-0.146954,-0.316711,-0.151186,0.171699,0.018657,-0.09662,0.042039,-0.193398,0.023354,-0.136435,0.17743,-0.022961,0.021676,-0.101223,0.009904,0.035673,0.275207,-0.14187,-0.031592,-0.099322,-0.04741,-0.204114,-0.043163,0.080984,0.035055,0.284446,-0.140431,0.019195,-0.237422,-0.072905,0.090596,0.009914,-0.193789,0.089547,0.461511,0.189537,-0.322638,0.028907,-0.078949,0.127929,0.252377,0.468587,-0.012661,0.479932,-0.041586,-0.092223,-0.268081,0.089178,-0.066541,0.254714,0.047956,-0.179086,0.013241,-0.128528,0.101948,0.101733,0.268209,-0.068185,-0.08009,-0.043052,-0.399371,-0.194953,0.153594,0.036856,0.167598,0.161851,-0.416565,0.293688,0.020959,0.028737,-0.040375,0.046588,-0.020604,-0.108436,-0.090398,-0.229495,0.132329,-0.107479,#
18,0.254866,0.38363,-0.07802,-0.007339,0.004545,-0.159277,0.048197,-0.107484,0.213048,0.185303,-0.176825,-0.328636,0.147988,0.219464,-0.003084,0.197929,-0.158671,0.226536,1.0,-0.154906,0.294668,-0.132324,0.018679,0.029619,-0.281936,-0.317263,0.095227,0.154854,0.135899,0.112874,-0.117473,0.034858,0.116643,0.059815,-0.093908,0.005553,0.179628,0.166398,-0.149864,-0.113158,0.209644,-0.270735,0.071294,0.049826,-0.234478,-0.212498,0.155783,0.06058,0.158652,-0.076271,-0.034825,0.096601,-0.101037,-0.107033,-0.023399,-0.18261,0.010843,-0.115081,-0.098108,-0.199007,0.074539,0.084379,-0.05138,0.069321,-0.029542,0.184658,0.175599,-0.00709,0.129486,0.140565,-0.217127,-0.123595,-0.070223,-0.171156,0.105177,-0.010264,-0.210316,-0.137067,0.203274,-0.180322,-0.108915,-0.064341,0.052555,0.144837,-0.064195,0.041229,-0.058551,0.017835,-0.077728,0.294957,0.236098,-0.072619,-0.270745,0.066662,-0.089951,-0.102558,-0.004761,-0.13228,0.012131,-0.073087,0.012246,-0.132587,-0.150252,-0.046867,-0.177555,0.126048,-0.350292,-0.008741,-0.127379,-0.089734,0.153565,0.083676,0.148942,-0.091059,0.009399,-0.068341,0.019723,0.110664,0.294514,-0.237365,0.011128,0.203975,-0.019221,-0.135065,-0.069494,0.098839,0.0173,0.063466,0.173029,-0.100912,0.056694,0.022565,0.05507,0.127278,-0.092553,0.058197,-0.205662,-0.075119,-0.021102,-0.044147,0.000491,-0.116245,-0.383366,0.148526,0.197678,0.052856,0.095006,0.242951,-0.161537,-0.152663,-0.053558,-0.048364,0.1591,0.030506,0.053621,-0.033916,0.065902,0.331866,-0.068569,-0.075734,-0.253948,0.075848,-0.071995,-0.029512,0.034263,0.142137,-0.098903,-0.184959,-0.040263,0.283839,-0.272764,0.252893,-0.023173,-0.014149,0.013357,0.063275,0.126951,0.17327,0.065149,-0.199241,0.021028,0.049977,-0.127007,-0.187848,0.211272,-0.110221,0.133067,0.042848,-0.202209,0.112086,-0.011637,-0.029165,0.165244,0.29674,-0.087172,-0.131321,0.077359,-0.224144,-0.066899,-0.080988,#
19,-0.350899,-0.198406,-0.121515,0.019169,-0.245714,0.208029,0.104625,0.017512,0.082889,-0.150267,-0.019497,-0.060803,0.122079,0.010189,0.044134,0.018434,-0.310865,0.122966,-0.154906,1.0,0.140865,0.246579,0.100245,-0.046422,0.218993,-0.091372,0.230363,-0.08456,-0.20974,-0.165589,-0.016498,0.073819,0.14634,0.088918,0.064915,-0.298688,-0.020424,0.158684,-0.026754,-0.018483,0.263982,0.370837,-0.074996,-0.265258,0.114429,0.097806,0.235446,0.245007,0.189989,-0.062121,0.146637,0.061703,-0.151714,-0.004415,-0.281341,0.361216,0.18172,-0.106501,0.20902,-0.121401,0.026616,-0.11074,0.056522,0.084864,-0.037333,0.05871,0.095307,0.223783,0.112813,0.169049,0.334495,0.061266,-0.029397,0.25273,0.188435,-0.202577,0.300706,0.217582,0.175208,0.112483,0.270183,0.20052,0.231278,-0.401422,0.307695,0.290857,0.061789,0.306693,0.157357,0.125991,0.190852,0.135883,-0.009983,0.277065,0.27263,0.303606,0.385808,0.216016,0.14185,0.048359,-0.029442,0.25635,0.119101,0.199806,0.278506,0.211494,0.103604,0.020074,0.160486,-0.095101,0.386434,-0.249629,0.177253,-0.01092,0.303599,0.066417,0.040021,0.294053,0.083806,0.035939,0.226348,0.00691,0.287271,-0.155234,0.116617,0.336033,0.021255,0.149435,0.18658,0.244313,0.047611,0.134718,0.093993,-0.132495,0.236095,0.085251,-0.249598,0.313641,0.068947,0.270322,0.326118,-0.202478,0.064332,-0.009587,-0.072373,0.095395,-0.079473,-0.142677,0.276856,0.006097,0.216602,0.018004,0.246809,0.315544,0.292477,0.508987,0.14134,-0.332561,0.393875,0.165054,-0.012025,-0.017646,0.088886,0.410951,0.137214,0.045202,0.349347,0.30758,-0.331845,0.15431,-0.347203,-0.111727,0.248032,0.192371,-0.086709,0.342965,0.356759,-0.144726,-0.002795,0.110038,-0.104591,-0.001321,-0.224241,-0.133072,-0.205281,0.031217,0.002266,0.097524,-0.253679,-0.17966,0.060773,-0.23225,-0.146371,-0.36477,0.010148,-0.313131,-0.026293,0.194554,0.136391,-0.046502,#
20,-0.241779,0.07613,-0.03903,0.116349,-0.173885,-0.056801,0.000723,0.096357,-0.005098,0.053085,-0.089811,-0.35698,-0.01004,-0.068089,0.079335,-0.162871,-0.26366,0.307743,0.294668,0.140865,1.0,-0.089642,-0.190999,0.045738,0.075854,0.138579,-0.05348,-0.008172,-0.078008,0.122196,-0.002595,-0.264817,-0.009683,0.210344,-0.086501,-0.081982,-0.041373,-0.003036,0.120049,-0.059972,-0.082105,-0.100251,0.031727,-0.024698,0.096357,0.185227,0.054239,-0.076059,0.084151,-0.193795,-0.0452,0.022451,-0.270302,0.189956,-0.100172,0.043646,0.0938,-0.062342,0.008002,-0.003065,0.066217,0.130352,-0.092333,-0.120849,-0.160617,0.038725,-0.161226,0.215423,-0.048702,-0.180774,-0.04993,0.178991,-0.176896,0.222134,0.322136,-0.020001,0.15492,0.16053,0.120509,-0.112457,0.187656,0.068845,0.18947,-0.191963,0.001696,-0.060922,0.106023,0.296211,0.076574,0.304943,0.321297,0.077386,0.173497,0.145153,-0.086629,0.193831,0.203765,0.061703,0.11058,0.199741,-0.135052,0.06164,0.024626,0.033247,-0.090108,0.123188,-0.171555,0.113946,0.120467,-0.31812,0.16811,-0.051375,0.129416,0.022028,0.268634,0.162262,0.117227,0.272755,-0.046554,-0.01352,0.136582,0.356913,0.15967,0.042486,0.153144,0.03116,0.228366,0.123188,0.050091,0.222208,0.336983,-0.102872,0.24532,-0.074844,0.248232,0.234972,-0.199748,0.245159,0.116281,0.191363,0.103868,-0.087145,-0.040584,0.176049,0.452598,0.039194,0.35442,0.069455,0.115139,-0.032327,0.022126,0.244317,0.378552,0.053232,0.16208,0.233411,0.126888,-0.020122,0.012783,-0.034261,-0.042729,0.042701,0.15578,0.061368,-0.024657,0.174734,-0.14504,-0.221011,-0.001174,0.258389,-0.232147,-0.012516,-0.011024,0.170993,-0.060977,0.15055,0.055971,0.098044,-0.016774,-0.12911,-0.048754,-0.003808,-0.074452,0.044016,-0.047919,0.071346,0.019591,0.226338,0.047925,-0.025187,0.110434,0.175886,-0.294097,-0.228612,-0.1241,-0.094817,-0.217292,-0.060348,0.247197,0.028925,#
