0,1.0,0.267004,0.023022,-0.290745,0.445397,0.009891,0.251061,0.066734,0.459902,0.009645,-0.091329,0.292514,0.380562,0.243906,0.023583,0.004426,0.096711,0.099,0.137817,-0.236672,-0.243808,0.001095,0.311352,-0.082156,-0.181986,-0.270736,-0.146605,-0.083167,0.221853,0.178172,-0.403584,-0.015924,0.009995,-0.167995,-0.244372,0.028797,0.166378,-0.036288,0.043237,0.00315,0.145375,-0.124804,-0.075903,0.107046,-0.103481,-0.214473,0.335255,0.230797,0.006929,0.192702,0.149639,-0.122701,0.051977,0.058712,-0.033728,-0.013615,-0.197324,0.071019,-0.033392,0.157182,0.189231,-0.012352,-0.123549,-0.022299,0.148493,0.400428,-0.01174,0.15105,0.298319,-0.100383,0.075576,-0.233253,-0.173147,-0.23725,-0.269801,0.325868,-0.201607,-0.184826,-0.273114,-0.062375,-0.154645,-0.32241,-0.229812,0.075375,-0.20967,-0.172701,-0.315552,-0.182404,0.050138,-0.411791,-0.282321,-0.222537,-0.203517,0.105742,-0.209534,-0.274671,-0.232945,-0.249926,-0.068261,-0.311469,0.189316,-0.407466,-0.249974,-0.20646,-0.239338,-0.1311,-0.237396,-0.118767,-0.360102,-0.007939,0.14669,-0.113127,-0.137162,-0.213169,-0.403529,-0.297563,-0.345723,-0.335778,-0.009328,-0.456707,-0.274001,-0.40709,-0.290458,-0.363583,-0.228553,-0.13241,-0.427363,-0.037841,-0.140822,-0.374646,-0.2658,-0.120594,-0.110002,0.039323,-0.186505,-0.420375,0.219159,-0.42109,-0.148297,-0.272974,-0.15959,-0.220311,-0.405167,-0.13506,-0.402288,-0.137293,-0.482307,0.375232,-0.347379,-0.317413,-0.305956,-0.369564,-0.223778,-0.164506,-0.417399,-0.265083,0.321615,0.382707,-0.29771,-0.206937,-0.20027,-0.098753,-0.373846,-0.077907,-0.006449,0.046738,-0.025218,-0.077862,-0.267541,-0.265032,0.01489,0.234891,-0.194175,-0.315466,0.268312,-0.16707,-0.09398,0.214133,0.303572,-0.51839,0.115714,0.112765,-0.022882,0.025031,0.447002,-0.05705,0.172137,0.186287,-0.189376,0.49962,-0.135374,0.017756,0.442303,0.334411,-0.057324,0.248971,0.383538,-0.413355,-0.344167,0.189629,#
1,0.267004,1.0,0.224792,0.073972,0.237361,-0.193666,0.065664,0.093948,0.11425,0.205881,-0.304672,0.050445,0.174853,0.231944,0.153528,-0.19642,-0.18531,0.350893,0.216317,-0.106977,0.012542,0.123877,0.207755,0.023806,-0.262051,0.011096,0.153881,0.027074,0.232879,0.29318,-0.457293,0.24949,0.159166,0.033706,-0.20439,-0.001726,0.208162,-0.171729,0.075599,-0.142568,0.035922,0.196791,0.161394,0.108949,-0.288043,-0.409976,0.26871,0.346063,-0.059783,0.228575,0.096204,-0.198065,0.053104,0.085686,0.033866,-0.15674,-0.326397,-0.011467,-0.236913,-0.013241,0.009051,0.168314,-0.211223,0.193194,0.091324,0.118538,0.113561,0.230054,0.129695,0.005684,-0.114172,-0.162262,-0.013191,-0.051777,-0.169492,0.171227,-0.175585,-0.15754,-0.232503,-0.344809,-0.215081,-0.370489,-0.425809,0.187932,-0.346337,-0.132027,-0.203886,0.020093,-0.114795,-0.055616,-0.113507,-0.11306,-0.336479,0.289434,-0.353315,0.035663,0.119203,-0.142241,-0.026678,-0.104711,-0.026081,-0.288283,-0.543714,-0.091324,-0.54513,-0.278764,-0.265369,-0.179762,-0.253166,-0.066399,0.285964,0.167171,-0.107273,-0.261468,-0.02527,-0.094581,-0.241491,-0.370601,0.152387,-0.203157,-0.248267,-0.117706,-0.250783,-0.380467,0.095858,-0.071616,-0.311174,-0.253362,-0.033823,-0.063474,-0.227107,-0.111778,-0.224551,0.085011,-0.117203,-0.140385,0.082719,-0.150701,0.001173,-0.165508,-0.145741,0.213798,-0.200194,-0.238255,-0.185919,-0.289932,-0.128999,0.259357,-0.313662,-0.201094,-0.281327,-0.136962,-0.024154,-0.036253,-0.147985,-0.039757,0.21452,0.306012,-0.168915,-0.069559,-0.042232,-0.066826,-0.108493,0.114309,-0.046711,0.254492,-0.017743,-0.10494,-0.23046,0.132689,-0.301524,0.091643,-0.071872,-0.248919,0.310346,0.084686,-0.157169,-0.016235,0.174399,-0.212319,0.089832,0.029046,-0.162571,-0.043122,0.15057,-0.110003,0.01904,-0.177112,-0.223092,0.371838,0.019392,0.200289,0.149752,0.156846,-0.109524,-0.030262,0.253156,-0.368796,-0.168197,-0.022034,#
2,0.023022,0.224792,1.0,0.342941,0.078232,-0.408929,-0.155735,-0.210801,-0.132685,0.160184,-0.095022,-0.000814,-0.038763,-0.06929,-0.200122,-0.266825,-0.051441,0.160524,-0.027105,-0.121285,-0.041247,-0.137762,0.14495,0.05977,-0.134884,-0.08266,0.205188,-0.327999,-0.160289,0.149668,-0.152695,0.049422,-0.076766,0.046877,-0.09059,-0.156176,-0.09694,0.003353,0.078527,-0.185504,0.030329,0.064107,-0.014881,-0.087879,0.176882,-0.309127,0.0414,0.217051,-0.214563,0.051102,-0.218488,0.085125,-0.028781,0.293568,-0.011757,-0.302742,-0.27997,0.055503,-0.223712,-0.077657,-0.184068,-0.063968,-0.240824,-0.252426,-0.018184,0.024275,-0.263567,-0.081441,-0.140302,0.220814,0.007417,0.116337,0.006882,0.168279,-0.121398,0.218718,-0.175796,-0.089124,-0.052838,0.090351,-0.043582,0.074417,-0.151703,0.435419,0.015916,-0.151769,0.080942,0.086394,-0.137257,-0.166641,-0.07681,-0.29931,0.065056,-0.052282,-0.280251,0.173726,0.208687,0.190544,-0.010217,0.013439,-0.137339,-0.05053,-0.033661,0.125401,-0.25761,-0.118632,0.080503,0.174438,-0.011335,0.376325,0.240639,0.057976,-0.004693,-0.058171,0.23258,0.003746,-0.12675,-0.270392,0.100617,-0.013485,-0.250682,-0.111948,0.129162,0.005088,-0.128156,0.064171,-0.230735,-0.108374,0.151487,0.170284,0.260268,-0.095649,-0.162537,-0.022966,0.115334,0.00384,0.286544,0.196812,0.145209,-0.105441,0.124618,0.474477,0.089572,-0.353394,-0.121156,0.231535,0.107048,0.080839,-0.243892,0.145329,-0.32826,0.174164,0.317043,-0.131706,-0.111225,-0.03459,-0.031396,0.079522,0.16232,-0.045835,0.127166,0.030123,0.364741,-0.009394,-0.02318,-0.115846,-0.242753,-0.349498,0.121426,0.046451,0.046502,-0.059256,-0.007749,0.045568,-0.100338,0.105553,-0.180412,-0.108469,-0.138134,0.020971,-0.019912,-0.063875,-0.136442,-0.076326,-0.195007,0.18287,-0.18364,-0.219843,-0.024532,0.073778,0.252519,0.106774,-0.070783,0.120369,-0.043822,-0.257024,-0.03807,0.133887,0.196215,-0.243518,#
3,-0.290745,0.073972,0.342941,1.0,-0.071292,-0.219647,-0.369707,-0.266708,-0.311279,-0.037468,0.143966,-0.261468,-0.142749,-0.198243,-0.180952,-0.249963,-0.01214,0.075934,0.052243,0.093304,0.057774,-0.186166,-0.107535,-0.060556,0.036131,0.107596,0.012653,-0.024055,-0.064013,-0.17661,0.306826,0.124154,-0.089114,0.006223,-0.135042,-0.408863,-0.144061,0.021709,0.109177,0.174624,0.13613,-0.030886,0.156484,-0.140332,-0.053443,-0.044239,-0.212241,-0.185835,0.008585,-0.141407,-0.246368,0.335528,0.040833,0.289612,-0.069743,0.029377,0.016347,-0.097624,-0.009099,-0.236554,-0.239233,0.028896,0.059824,-0.234668,-0.229067,-0.327097,0.069556,-0.158359,-0.349714,0.333977,-0.07064,0.371993,0.228499,0.481975,0.164619,-0.118748,0.139198,0.0178,0.28735,0.285073,-0.007263,0.274165,0.115711,0.189095,0.156379,-0.024512,0.201397,0.261091,0.014053,0.232369,0.147173,0.194243,0.041442,0.035443,0.186963,0.258048,0.286048,0.339961,0.07139,0.195996,-0.127861,0.017069,0.369885,0.164282,0.034522,0.117012,0.205761,0.276642,0.260428,0.227526,0.132391,-0.115373,-0.034386,0.047149,0.260031,0.101725,0.395879,0.134121,0.113193,0.195268,0.19672,0.008315,0.358853,0.07673,0.112741,0.281011,-0.041887,-0.101633,0.37703,0.293999,0.278131,0.134684,-0.115503,-0.144589,0.232726,0.331162,0.017897,0.307383,-0.008703,0.255596,0.165026,0.461235,0.35203,-0.252103,0.145193,0.253164,0.221477,-0.254039,0.086612,0.358443,0.040512,0.41275,0.211919,0.073385,0.40058,0.172234,-0.211167,-0.352908,0.412296,0.024917,-0.062092,0.120826,0.086475,-0.068346,-0.080672,-0.179918,0.206759,-0.21924,0.092106,0.179389,-0.228198,-0.260525,0.020813,0.22191,-0.213612,0.208607,0.082381,-0.1321,-0.2359,0.515251,-0.434366,0.047817,-0.117841,-0.250295,-0.118481,-0.140592,-0.109566,-0.249076,0.10513,-0.342574,0.329764,-0.195666,-0.248475,-0.111436,-0.04673,-0.30768,-0.306024,0.230396,-0.149276,-0.130828,#
4,0.445397,0.237361,0.078232,-0.071292,1.0,-0.080954,0.289655,-0.028968,0.198207,0.236919,-0.048926,0.145064,0.23544,0.122057,0.119689,-0.247991,0.161747,0.008446,-0.094758,-0.204508,-0.111598,0.080127,0.185696,-0.024559,-0.272279,-0.101734,-0.025477,-0.190775,0.050696,0.189118,-0.187566,-0.09993,-0.117843,-0.041016,-0.386362,0.130795,0.10334,-0.225017,0.218879,0.063813,0.095887,-0.117122,-0.115102,0.096781,-0.152559,-0.03935,0.163947,0.286034,0.008671,0.096405,0.112803,-0.413169,-0.005028,-0.011594,0.160026,-0.341058,-0.437333,0.266758,-0.260979,-0.119824,0.108902,0.151747,-0.230805,0.054288,0.146025,0.333554,0.066143,0.166973,0.232422,-0.078893,-0.143218,-0.470288,0.212208,-0.41627,-0.212441,0.281055,-0.295536,-0.440413,-0.30357,-0.231686,-0.270309,-0.341975,-0.319452,-0.191792,-0.273199,-0.480863,-0.393217,-0.304978,-0.250194,-0.243136,-0.224598,-0.197896,-0.204886,-0.027501,-0.345185,-0.263221,-0.259248,0.049141,-0.020709,-0.020778,0.150782,-0.308171,-0.143656,-0.164865,-0.388168,-0.485139,-0.324316,-0.207336,-0.153076,0.087094,0.05518,0.041486,-0.282226,-0.317493,-0.279844,-0.114782,-0.248179,-0.449067,-0.065426,-0.233833,-0.358255,-0.22249,-0.272077,-0.235632,-0.006373,-0.177027,-0.480502,-0.236274,-0.308965,-0.003348,-0.211365,-0.168304,-0.400707,-0.066851,-0.091546,-0.436495,0.2584,-0.340571,-0.089773,-0.311192,-0.235819,0.040282,-0.001563,-0.197044,-0.418883,-0.328195,-0.243865,0.408925,-0.441718,-0.167866,-0.29416,-0.230249,-0.201975,-0.22601,-0.216467,-0.22818,0.340901,0.353729,-0.281153,-0.31785,5e-05,-0.128195,-0.168543,-0.096936,-0.150924,0.305902,-0.131656,-0.015833,-0.131558,-0.132743,0.047249,0.018604,-0.274741,-0.348364,0.136616,-0.25829,-0.276709,-0.00591,0.21444,-0.298974,0.10813,-0.005528,0.191148,0.263825,0.251279,0.004821,0.273591,-0.137204,-0.080914,0.312552,-0.102278,0.31697,0.266326,0.319737,0.158365,0.01964,0.210324,-0.414593,-0.387036,0.257371,#
5,0.009891,-0.193666,-0.408929,-0.219647,-0.080954,1.0,0.166587,0.272312,0.01136,-0.034533,0.114806,-0.012233,-0.333933,0.331608,0.151556,0.206921,0.052684,-0.19959,-0.062633,-0.033743,0.069016,0.102227,-0.035785,-0.298368,0.164487,-0.116093,-0.005232,0.290669,-0.071079,-0.047769,0.21472,0.248537,0.026906,-0.169584,-0.131239,-0.048461,-0.118786,0.096948,0.082074,-0.065987,-0.11866,-0.039403,0.176047,0.298386,-0.031875,0.129123,-0.108884,-0.079302,0.101879,0.07784,0.168091,0.036331,0.215391,-0.290275,-0.045514,0.268345,0.279302,0.124844,0.061516,0.309673,0.297088,0.036544,-0.01666,0.329717,0.026726,0.066052,-0.188701,0.253481,0.012421,-0.042116,0.056566,-0.217699,0.12506,-0.09664,-0.061658,-0.010745,0.262782,0.11889,-0.21279,0.073595,-0.028752,-0.008679,0.144363,-0.112419,0.091536,0.214529,-0.082404,-0.272437,0.076277,-0.10845,5e-05,0.079333,-0.083829,-0.151828,0.166257,-0.049526,-0.194696,-0.196334,0.02759,-0.133546,-0.109724,-0.00059,0.058102,-0.241805,0.225413,-0.017265,0.047627,-0.237144,-0.058479,-0.456389,-0.152039,0.205471,-0.075852,-0.152454,-0.230036,-0.143265,0.11631,-0.045776,-0.074584,-0.071821,0.015149,0.144237,0.019471,-0.047655,-0.201916,0.107695,0.052738,0.207889,-0.040254,-0.247386,-0.040186,-0.088815,-0.019387,0.076527,-0.07794,-0.136915,-0.079952,-0.213552,-0.178322,-0.01738,-0.055401,-0.24726,-0.368582,-0.108905,-0.000212,-0.036082,-0.098834,0.037104,0.338791,-0.124838,-0.011532,0.005867,-0.10858,0.315178,-0.123967,-0.03063,0.050454,-0.003013,-0.212976,0.127181,-0.148168,-0.162647,0.018821,0.06514,-0.00365,0.033992,0.303722,0.238616,-0.039662,-0.023705,0.152633,0.02844,0.114887,0.195059,0.176737,-0.061159,0.099991,0.097427,0.081156,-0.079119,0.161581,0.039319,0.021589,0.124787,0.029222,-0.282536,0.118054,0.090173,0.058718,0.141392,-0.043192,-0.173821,0.176637,-0.245978,0.144854,0.220233,0.031985,-0.063308,-0.003478,0.206147,#
6,0.251061,0.065664,-0.155735,-0.369707,0.289655,0.166587,1.0,0.134089,0.501857,-0.083677,0.172931,0.211878,0.163362,-0.030206,0.247988,0.100044,-0.166295,-0.184008,0.031472,0.013494,0.08901,0.236615,0.156368,-0.282633,-0.146135,-0.084674,-0.104861,-0.243233,0.118158,0.234231,-0.400245,-0.065115,0.032605,-0.146123,-0.014558,0.123123,0.168386,-0.12382,-0.033547,0.186971,0.083824,0.01835,-0.300181,0.055686,-0.101149,0.110421,0.090412,0.318441,0.242013,0.181246,0.286232,-0.175597,0.017572,-0.121734,0.095403,0.176324,0.070066,0.082936,0.057981,0.288297,0.169278,0.170083,-0.138617,0.220558,0.24366,0.111383,0.002533,0.032264,0.24957,-0.259125,0.168647,-0.333629,0.113937,-0.296484,-0.425281,0.223227,-0.130369,-0.131607,-0.355924,-0.218531,-0.24328,-0.299077,-0.144746,-0.346024,-0.395816,-0.048359,-0.217223,0.014835,-0.332133,-0.134454,-0.254133,-0.257165,-0.194733,-0.012145,-0.421665,-0.124959,-0.096068,-0.422562,-0.076749,-0.138127,0.034425,-0.154357,-0.198787,-0.165194,-0.125051,-0.170926,-0.069886,-0.288767,-0.294597,-0.159245,0.051615,0.091636,-0.162618,-0.408235,-0.072071,-0.209243,-0.248032,-0.174204,0.017021,-0.437743,-0.19696,-0.266729,-0.160478,-0.41333,-0.087303,-0.098785,-0.248721,0.103041,-0.257674,-0.28748,-0.254437,-0.297532,-0.238344,-0.019126,-0.188274,-0.192101,-0.029172,-0.247491,-0.052251,-0.258672,-0.263163,-0.218927,-0.291066,-0.066401,-0.19383,-0.169434,-0.427717,0.588383,0.010391,-0.495272,-0.133957,-0.333205,-0.37951,-0.166124,-0.343507,-0.159763,0.225076,0.346073,-0.071606,-0.351605,0.164902,-0.0917,-0.085914,-0.057555,0.058907,0.397701,0.005857,0.185527,-0.085655,-0.157854,0.008486,0.076971,0.044269,-0.220621,0.319519,-0.38419,-0.128554,0.332686,0.352889,-0.294471,0.279789,0.435821,0.097752,0.031098,0.417725,-0.018684,0.017035,0.070305,-0.206917,0.396766,0.017249,0.167475,0.373295,0.048186,-0.096835,0.164546,0.50282,-0.177833,-0.142233,0.132514,#
7,0.066734,0.093948,-0.210801,-0.266708,-0.028968,0.272312,0.134089,1.0,0.010354,-0.16105,-0.282245,-0.017456,-0.093233,0.223065,0.11806,-0.178814,-0.004355,0.02903,-0.084238,0.004659,0.088858,0.360622,-0.055766,-0.026432,-0.076615,0.172111,0.308378,0.149414,-0.330118,-0.01148,-0.034415,0.352892,0.192807,0.028921,-0.037821,0.07619,0.031964,-0.389872,0.094486,-0.032151,-0.100391,0.087229,0.205194,0.049322,-0.18224,0.02729,0.009283,0.093837,-0.12276,-0.072507,0.113406,-0.094805,0.141078,-0.262653,-0.078094,0.081708,0.253381,-0.095839,0.182304,0.27022,0.103878,0.225393,-0.222714,0.295987,0.214331,0.25904,-0.093683,0.152785,0.094101,-0.303934,0.058841,0.01038,-0.13978,0.032856,-0.11389,-0.117126,0.039605,-0.02766,-0.264701,0.12588,0.097549,-0.057537,0.110486,-0.176259,0.069398,0.263529,0.032286,0.09617,0.098735,-0.003548,-0.122652,-0.06697,0.02211,0.036351,0.022188,-0.023362,-0.165619,-0.005518,-0.116512,-0.187372,0.005957,-0.13922,-0.070464,-0.067745,-0.171821,-0.056853,-0.083996,-0.230136,-0.111485,-0.294191,-0.008216,0.154091,-0.121585,0.019141,-0.020192,0.069458,-0.032368,0.076218,-0.071123,-0.065175,-0.120628,0.029745,-0.013577,-0.159772,-0.016274,0.076038,0.048988,-0.302614,0.047224,-0.050071,-0.153229,-0.091572,0.120285,-0.042565,0.148261,-0.029964,0.127306,-0.102014,-0.043758,-0.149538,-0.119252,-0.309822,-0.155797,0.046352,0.056817,-0.228791,-0.089621,0.12807,0.119726,0.076558,-0.066958,-0.043195,0.012911,0.068418,0.178305,0.016864,0.066873,-0.018132,-0.243543,0.222595,0.114748,-0.161232,-0.069141,0.07209,0.218568,0.084849,0.005038,0.005284,-0.190091,0.172312,-0.047227,-0.007444,-0.048297,-0.000963,0.054345,-0.074742,-0.059513,-0.023727,0.05952,-0.276333,-0.029069,-0.046197,0.036351,-0.073632,-0.034809,-0.091272,-0.025584,0.074223,0.026183,0.112099,0.096444,0.031192,0.121142,-0.21514,0.047262,0.26623,-0.075468,-0.189564,-0.126159,0.030601,#
8,0.459902,0.11425,-0.132685,-0.311279,0.198207,0.01136,0.501857,0.010354,1.0,0.013423,0.074908,0.196077,0.335744,0.023259,0.335454,0.033819,-0.287694,0.064108,0.207899,-0.034519,-0.079998,0.161675,0.326567,-0.027997,0.046539,-0.269728,0.030012,-0.073837,0.413136,0.162555,-0.3081,0.017718,0.20371,0.032945,-0.249934,0.051599,0.30219,-0.155267,-0.059791,0.074066,0.125761,-0.190718,-0.180114,-0.010559,0.023051,-0.118171,0.388829,0.315874,0.199157,0.192217,0.052468,-0.181289,-0.076823,0.079028,0.051399,-0.019951,0.035264,-0.100811,0.196729,0.101742,0.173752,-0.054832,-0.091278,0.148558,0.11732,0.266237,0.139091,0.020521,0.313643,-0.036377,0.138321,-0.300029,0.028726,-0.200282,-0.170159,0.024094,-0.188075,-0.129892,-0.236691,-0.283858,0.017447,-0.362783,-0.172533,-0.181589,-0.199378,-0.03666,-0.127338,-0.107953,-0.194582,-0.189558,-0.055928,-0.152437,-0.328814,0.324597,-0.26171,0.050446,-0.072273,-0.323017,0.052968,-0.177026,0.002215,-0.20139,-0.211267,-0.181498,-0.000553,-0.040961,-0.28964,-0.056516,-0.194409,-0.050229,0.172898,0.009694,-0.11704,-0.134785,-0.107695,-0.361249,-0.245641,-0.148667,0.095062,-0.41713,-0.253259,-0.34948,0.015019,-0.513702,-0.082387,-0.012229,-0.097718,0.110228,-0.157501,-0.373767,-0.094606,-0.211525,0.040388,0.029668,-0.064474,-0.102104,-0.162795,-0.234091,0.12763,-0.116044,-0.059347,-0.235705,-0.434143,-0.105099,-0.340964,-0.068376,-0.25926,0.292365,-0.114548,-0.383563,-0.018367,-0.290722,-0.192515,-0.163965,-0.147036,-0.211833,0.290745,0.500799,-0.03625,-0.285222,0.020529,-0.113363,-0.22683,0.014282,-0.010797,0.23303,-0.078623,0.006958,-0.225262,-0.069752,-0.158516,0.339173,-0.032555,-0.35215,0.286171,-0.264057,-0.199824,0.286674,0.199375,-0.406659,0.254047,0.316518,0.04044,-0.05568,0.219654,0.036024,0.013225,0.164966,-0.302757,0.277391,0.04759,-0.020929,0.312016,0.065789,-0.143941,0.042089,0.395708,-0.264375,-0.037925,0.077958,#
9,0.009645,0.205881,0.160184,-0.037468,0.236919,-0.034533,-0.083677,-0.16105,0.013423,1.0,-0.066029,-0.062473,0.172286,0.06445,-0.179333,-0.08402,-0.36962,0.361566,-0.015312,0.060609,0.10655,-0.019053,0.240005,0.101569,0.08429,0.040796,0.097696,-0.055178,-0.033417,0.283664,0.059547,-0.084092,0.017094,0.230597,-0.171952,0.103691,0.015479,-0.171929,-0.120067,-0.226531,0.043258,0.210825,0.161228,0.218815,0.280202,-0.301426,0.013891,0.448467,0.031752,0.150821,-0.07194,-0.121185,-0.025708,-0.068663,-0.063518,-0.316777,-0.124198,0.039564,-0.044231,-0.176599,0.143861,0.036322,-0.168798,-0.167717,-0.04143,0.079628,-0.09279,0.228935,-0.034265,0.059625,0.067322,-0.257236,0.010904,-0.111227,0.165335,0.213271,-0.249885,-0.469654,0.024645,-0.087951,0.033017,-0.11565,-0.107401,-0.124719,0.068623,-0.054214,-0.191489,-0.119124,-0.114972,0.027069,-0.023573,0.049873,-0.32236,0.137566,-0.187487,0.137665,0.129754,0.025003,0.246568,-0.095096,-0.193252,-0.199732,-0.033367,0.00132,-0.286269,-0.189255,-0.071645,-0.174733,-0.079561,-0.055425,0.389075,0.182229,0.059646,-0.335431,-0.171701,-0.081222,-0.075797,-0.129594,0.361079,-0.2461,0.013402,0.125462,0.16878,-0.009817,-0.133725,0.026858,-0.220816,-0.127215,-0.14456,0.201182,0.04591,-0.021028,0.033674,0.448923,-0.101224,0.118624,0.055183,-0.054151,0.240237,-0.238428,0.04697,0.107807,-0.019169,0.0407,-0.017681,0.005294,0.132383,0.147049,-0.301221,0.204463,-0.458108,-0.111753,0.222898,0.133616,-0.069553,0.231152,0.197428,0.272937,-0.072172,0.11722,-0.12221,0.019688,-0.084956,0.304737,-0.130062,0.260881,-0.29974,-0.075967,0.0408,0.053168,0.03183,0.037276,0.010768,-0.170036,0.19241,0.089149,0.012334,-0.086275,-0.017119,-0.059672,-0.017295,-0.143627,-0.41699,0.271808,-0.246347,-0.04739,0.097907,-0.179887,-0.344475,0.194555,-0.044948,-0.039582,-0.177934,-0.014833,0.067627,-0.286769,0.001328,-0.014276,0.223101,-0.101235,#
10,-0.091329,-0.304672,-0.095022,0.143966,-0.048926,0.114806,0.172931,-0.282245,0.074908,-0.066029,1.0,-0.010907,-0.217481,-0.173368,0.2694,0.320325,0.02411,-0.463457,-0.008104,0.018032,-0.141326,0.064726,-0.085793,0.085643,-0.004147,0.196488,-0.112952,0.126725,0.140362,-0.284968,0.031286,-0.042241,-0.148943,-0.006643,0.147772,-0.14783,-0.203534,0.20336,-0.010146,0.253584,-0.182203,-0.197483,-0.264931,0.065618,0.346929,0.160002,-0.16928,-0.269858,0.273093,-0.031575,-0.021541,0.243441,0.00089,0.163579,0.16859,0.292835,0.026081,0.041102,0.044067,0.087177,0.095382,-0.161536,0.140163,-0.075978,-0.05717,-0.184032,-0.094856,-0.325763,-0.346908,-0.084275,-0.021076,0.0399,0.326913,0.109831,-0.11177,0.105054,-0.069958,0.100415,0.069071,-0.047089,-0.259984,0.195059,0.194093,-0.177587,-0.108466,-0.04219,0.196305,0.014363,-0.22762,-0.15108,0.169533,-0.191021,0.24813,-0.330031,0.121939,0.129803,-0.094431,-0.043888,-0.283607,0.020082,0.017353,0.180731,0.106475,-0.05672,0.188519,0.082312,-0.072298,-0.022081,0.087392,0.162899,-0.286554,-0.133562,-0.127053,0.02059,-0.208852,-0.102032,0.115238,0.081335,-0.236542,0.11593,0.327968,-0.071844,0.301452,0.207418,0.151239,-0.05387,0.081075,0.297814,-0.098326,-0.105742,0.162775,-0.125691,-0.193375,-0.278813,0.027168,0.301129,-0.100308,-0.146036,-0.0254,0.064516,-0.100331,0.072927,-0.056186,-0.052379,-0.064051,0.127945,-0.085805,-0.255967,0.252811,-0.051227,0.24259,0.185447,-0.276081,-0.079559,-0.101269,-0.081769,-0.240003,-0.082296,0.219022,-0.019793,-0.158365,-0.125045,0.118217,-0.421336,-0.215355,-0.0215,0.118092,0.194157,0.263086,-0.312514,0.076808,-0.181837,-0.171428,0.126065,0.065898,-0.195004,-0.141221,0.050623,-0.149312,0.065318,0.01341,0.380494,0.166247,0.353813,-0.10138,-0.020889,-0.013888,-0.134452,0.360492,-0.182903,-0.186055,0.250367,0.026432,-0.101634,0.002622,-0.080437,0.104755,0.115225,-0.140757,0.019874,#
11,0.292514,0.050445,-0.000814,-0.261468,0.145064,-0.012233,0.211878,-0.017456,0.196077,-0.062473,-0.010907,1.0,-0.092171,-0.27784,0.058957,0.249797,0.174494,-0.148337,-0.282844,-0.296649,-0.142829,-0.027555,0.027481,-0.02266,-0.037064,-0.048148,-0.033006,-0.203726,0.180249,0.201452,-0.33297,-0.019953,-0.163202,-0.081265,0.117798,0.05665,-0.332581,-0.030824,-0.076862,0.029699,0.01263,-0.107336,-0.289445,-0.221291,-0.085085,-0.004909,-0.129874,-0.042391,-0.097767,0.041479,-0.165199,-0.197982,-0.075869,0.041949,0.1378,-0.043794,-0.294493,-0.055628,-0.092432,0.268954,-0.164695,-0.010352,-0.159812,0.004567,0.199933,-0.206032,-0.205254,-0.03808,0.024227,-0.048909,0.046372,-0.243052,0.055252,-0.264653,-0.488709,0.077662,-0.231818,-0.037192,-0.316782,-0.194105,-0.165465,-0.270522,-0.187067,0.008247,-0.194636,-0.0101,-0.186948,-0.359286,-0.062576,-0.288659,0.047248,-0.253035,-0.078072,-0.319372,-0.332922,-0.094136,-0.168378,-0.356945,-0.349606,-0.020573,0.151179,-0.283812,-0.130792,-0.231822,-0.19847,-0.19719,0.060944,0.003493,-0.309996,0.074815,-0.331613,0.101663,-0.357824,-0.049878,-0.17954,-0.349685,-0.197431,-0.054266,-0.45474,0.040607,-0.224667,-0.299762,-0.31338,-0.00139,-0.136645,-0.286278,-0.080434,-0.223868,-0.162259,-0.125951,-0.241697,-0.22675,-0.148531,-0.079751,-0.292046,-0.080914,0.052118,-0.44804,0.001386,-0.242698,-0.072626,0.024976,-0.200606,-0.24839,-0.366652,-0.201071,-0.165488,0.121418,-0.316414,-0.188273,-0.182489,-0.418941,-0.171499,-0.17025,-0.312247,-0.406041,-0.00193,0.088997,-0.082384,-0.008425,-0.015251,-0.096327,-0.050763,-0.285911,-0.255767,0.07753,0.006433,0.105583,0.118086,-0.405654,0.345448,0.071169,-0.181683,-0.02551,0.271463,-0.424064,-0.377454,0.151574,-0.021769,-0.245458,0.417717,-0.059987,0.325307,0.249264,0.3829,-0.118742,0.109577,0.088744,0.055953,0.237544,-0.075708,0.347069,0.193292,0.100112,-0.196884,0.352997,0.219576,-0.20484,-0.075604,0.038003,#
12,0.380562,0.174853,-0.038763,-0.142749,0.23544,-0.333933,0.163362,-0.093233,0.335744,0.172286,-0.217481,-0.092171,1.0,0.141844,0.119096,-0.129951,-0.135395,0.240806,0.188018,0.127034,-0.098888,0.098719,0.367502,-0.088733,-0.283979,-0.196468,-0.021979,-0.165385,0.331259,0.090285,-0.312025,-0.065082,0.062508,-0.031906,-0.017963,-0.026883,0.397216,-0.134819,-0.00582,-0.128134,0.187812,0.216842,-0.007178,-0.109604,0.00695,-0.127242,0.514583,0.323931,-0.002958,0.140217,0.062255,-0.15159,0.095882,0.087828,-0.031602,0.00407,0.008198,0.022492,0.053554,-0.093982,0.159194,0.066262,-0.053265,-0.013541,0.157164,0.309893,0.246951,0.117699,0.243702,-0.058305,0.234921,-0.125138,-0.1284,-0.177948,-0.07085,0.202433,-0.094792,-0.337987,-0.082779,-0.18113,0.034673,-0.268444,-0.332633,-0.133246,-0.011017,-0.010294,-0.256064,0.051782,-0.053632,0.067719,-0.181087,-0.062863,-0.319383,0.258174,-0.153641,-0.089554,0.177382,-0.152749,0.211524,-0.405409,0.263141,-0.22443,-0.323137,-0.230845,-0.259372,0.031271,-0.191007,0.031556,-0.334795,0.01336,0.418188,-0.208688,0.049209,-0.214446,-0.093748,-0.193603,-0.464186,-0.036519,0.314835,-0.487685,-0.107221,-0.38525,-0.047606,-0.309672,0.010604,0.097396,-0.488741,-0.000136,-0.160542,-0.091817,-0.009669,-0.113044,0.069887,0.158825,-0.13903,-0.178694,-0.030369,0.032263,0.040791,-0.203718,-0.230036,-0.180351,-0.114406,0.142055,-0.220252,-0.06967,-0.312131,0.397497,-0.276938,-0.131736,-0.175248,-0.382965,0.06805,-0.056958,-0.046258,0.120873,0.326824,0.358201,-0.186406,-0.328241,-0.164825,-0.155839,-0.375824,0.135333,0.197819,0.035402,-0.153032,-0.147067,-0.234834,0.03834,0.020687,0.182499,0.15991,-0.236492,0.25079,0.156864,0.065151,0.275551,0.178116,-0.403168,0.048594,0.078385,-0.128226,-0.244276,0.178516,0.082429,0.285573,0.086488,-0.423307,0.339497,0.068893,-0.048398,0.161108,0.191755,-0.078999,-0.026312,0.290094,-0.239381,-0.092468,0.075629,#
13,0.243906,0.231944,-0.06929,-0.198243,0.122057,0.331608,-0.030206,0.223065,0.023259,0.06445,-0.173368,-0.27784,0.141844,1.0,0.094187,-0.090438,-0.076595,0.249582,0.265303,-0.077409,0.036538,0.018858,0.398033,-0.200686,-0.231737,-0.33296,0.180773,0.304743,0.196347,0.153179,-0.029159,0.165626,0.182724,-0.265329,-0.039868,0.030196,0.05059,-0.027822,0.000395,-0.304478,0.059645,0.204739,0.272031,0.444677,-0.135983,-0.375387,0.282017,0.286749,0.044049,-0.005259,0.128399,0.053297,0.052201,-0.212981,-0.205529,-0.171036,0.131417,0.020976,0.014373,-0.025976,0.276498,0.196618,-0.162489,0.227357,0.167078,0.531394,0.129599,0.402322,0.223655,0.091786,-0.058387,-0.206634,0.003975,-0.225054,-0.097778,0.300185,-0.037426,-0.202689,-0.198325,-0.047999,-0.236444,-0.298989,-0.140413,0.076793,0.024571,0.019224,-0.055295,-0.069864,0.01527,-0.138167,-0.161475,-0.163977,-0.280584,0.15365,-0.007994,-0.207225,-0.02767,-0.173259,0.023305,-0.32418,0.012926,-0.073182,-0.190765,-0.169873,-0.199766,-0.074632,-0.158289,-0.362986,-0.130309,-0.10175,0.260568,0.215166,0.006127,-0.072853,-0.149384,-0.039336,-0.321656,-0.174521,0.237414,-0.213374,-0.132722,-0.106141,-0.164081,-0.154406,0.051193,0.075753,-0.321949,-0.004252,-0.096108,-0.203556,-0.153959,0.052329,-0.226222,0.229829,-0.201642,-0.299179,-0.016364,-0.233253,0.080784,-0.079451,-0.246451,-0.233252,-0.216201,-0.257806,-0.108261,0.047516,-0.164329,0.211568,0.026305,-0.00876,-0.227264,-0.172046,-0.120832,-0.070623,-0.100187,0.096454,0.315775,0.392461,-0.321567,0.017211,-0.128954,-0.259464,-7.4e-05,0.257987,-0.009754,0.074705,0.03016,-0.02189,-0.253187,0.182861,-0.020871,0.209904,-0.110609,-0.208523,0.296973,0.100458,-0.037947,0.005357,0.352799,-0.343024,0.087477,-0.150373,-0.236811,0.000167,0.172382,-0.043115,0.137767,-0.111054,-0.132703,0.307787,-0.06857,-0.081806,0.27994,0.177823,0.075273,0.112356,0.317851,-0.270009,-0.056682,0.032644,#
14,0.023583,0.153528,-0.200122,-0.180952,0.119689,0.151556,0.247988,0.11806,0.335454,-0.179333,0.2694,0.058957,0.119096,0.094187,1.0,-0.061609,-0.045835,-0.163753,-0.10155,0.002515,-0.080825,0.300778,0.169294,0.138878,-0.06373,0.15088,-0.07032,0.204148,0.221625,-0.108644,-0.236582,0.280397,0.214242,-0.004226,-0.243762,-0.080832,-0.004903,-0.026842,0.442004,0.20284,-0.218464,0.211046,-0.240618,0.024048,-0.130167,0.239743,0.202467,-0.109159,0.131844,0.19522,0.081904,0.025902,-0.123127,-0.11703,0.034442,0.185437,-0.136953,0.169119,-0.267783,0.323266,0.233244,0.223341,-0.159159,0.416817,0.297742,0.179834,-0.025762,0.003303,0.081219,-0.099547,0.101776,-0.060728,0.292397,-0.106606,-0.374768,-0.143866,-0.024732,0.06255,-0.136257,-0.318092,-0.138093,-0.169773,-0.168463,-0.22451,-0.399577,-0.01375,-0.096995,-0.114271,-0.406903,-0.24548,-0.15199,-0.130083,-0.017927,0.111078,-0.059456,-0.038514,-0.074218,-0.068428,-0.078361,-0.183184,0.116982,0.013079,-0.355352,-0.155096,-0.074401,0.001886,-0.315959,-0.029369,-0.09125,-0.137197,-0.078268,-0.152643,-0.246278,0.013387,-0.247108,-0.216979,-0.227956,-0.190158,-0.214606,-0.147782,-0.126972,-0.280761,-0.124426,-0.230453,0.206686,-0.13256,-0.000824,-0.034899,-0.372038,-0.210206,0.024285,-0.314445,-0.234509,-0.173114,-0.1049,-0.048448,0.019813,-0.221398,0.13506,2.3e-05,-0.084617,-0.235421,-0.318478,-0.152337,-0.283487,-0.21798,-0.17084,-0.004052,0.017863,-0.300853,0.066737,0.095797,-0.116869,-0.090052,-0.204958,-0.001651,0.218753,0.266937,-0.255839,-0.096211,-0.016774,-0.105978,-0.051469,-0.223051,-0.110513,0.201776,-0.021073,0.134463,-0.099085,-0.165758,0.05292,0.063766,-0.055051,-0.126847,0.27226,-0.169098,-0.131025,0.033078,0.104416,-0.202347,0.116452,0.389787,0.259449,0.111132,0.044706,0.073115,0.004334,0.057737,0.065458,0.094451,-0.155871,0.340537,0.012454,-0.124605,-0.130734,-0.129418,0.14716,-0.268654,-0.013865,0.087116,#
15,0.004426,-0.19642,-0.266825,-0.249963,-0.247991,0.206921,0.100044,-0.178814,0.033819,-0.08402,0.320325,0.249797,-0.129951,-0.090438,-0.061609,1.0,0.173789,-0.282093,0.273078,0.051708,-0.042329,0.168073,-0.209211,-0.008328,-0.092048,-0.032325,-0.187513,0.154003,0.051928,-0.178514,-0.199911,0.085992,-0.149141,0.017864,0.36846,-0.05737,-0.13467,0.320565,-0.287099,0.060204,0.067387,-0.226513,-0.078355,-0.101738,0.254456,0.183383,-0.150721,-0.239022,0.135206,0.072956,0.131553,0.117493,-0.089518,0.063846,-0.134943,0.147908,0.115868,-0.006099,0.080472,0.111083,0.100969,-0.283552,0.177983,0.219226,0.130933,-0.143297,-0.16428,-0.120555,0.089433,-0.044297,0.012918,-0.005675,0.050647,-0.123939,0.056104,-0.015138,-0.12788,0.022597,0.080639,-0.060014,-0.092985,-0.036967,0.040772,-0.172484,0.053537,0.050404,-0.059509,-0.296555,0.045733,0.017209,0.360361,-0.115791,0.253016,-0.410231,0.047069,-0.034222,-0.092137,-0.377,-0.375907,-0.039084,0.158295,0.100498,-0.166226,0.004062,0.181991,0.111436,-0.088001,-0.123131,-0.010692,-0.045553,-0.368868,-0.133795,0.059109,0.108769,-0.200137,-0.090582,0.023293,0.16866,-0.267674,0.186677,0.167999,0.098931,0.052787,0.197737,-0.034886,-0.131878,0.17391,0.201253,-0.087009,-0.107787,-0.094977,0.055598,0.080998,-0.127501,-0.061374,0.05326,-0.258281,-0.291249,-0.206087,-0.115501,-0.014058,-0.035429,-0.161805,0.090521,-0.218832,0.221174,-0.17445,-0.07358,-0.178303,-0.221446,0.147375,0.089965,-0.189318,0.036122,-0.261318,-0.154216,-0.324372,-0.064225,-0.039873,-0.013527,-0.347855,-0.1244,0.025534,-0.241802,-0.112372,0.138912,0.032333,0.186118,-0.003544,-0.042756,0.05798,0.300134,-0.151466,0.137268,0.001213,-0.277191,0.054266,0.135675,-0.314975,0.01134,0.252779,0.151324,0.249558,0.342176,0.039561,-0.077162,0.134549,0.100449,0.312862,-0.095549,-0.286889,0.088197,0.109309,0.130392,-0.029081,0.241866,0.275648,0.184346,-0.08249,-0.074517,#
16,0.096711,-0.18531,-0.051441,-0.01214,0.161747,0.052684,-0.166295,-0.004355,-0.287694,-0.36962,0.02411,0.174494,-0.135395,-0.076595,-0.045835,0.173789,1.0,-0.389263,-0.273438,-0.326055,-0.332764,-0.046113,-0.266685,0.154887,-0.140963,-0.167546,-0.289346,-0.002448,-0.094855,-0.283892,0.011477,0.036194,-0.026127,-0.192106,0.02291,-0.077927,-0.248761,0.152551,-0.06226,0.119268,-0.200079,-0.213772,-0.061921,0.008053,0.044565,0.263788,-0.1199,-0.361898,-0.103593,0.134248,0.144246,0.002567,-0.046595,0.071432,0.188684,0.042661,-0.136121,0.264401,-0.086676,0.111186,-0.048991,-0.189022,0.05006,0.113187,0.071131,-0.087987,0.091233,-0.10219,-0.052454,-0.180102,-0.25852,0.152719,0.136126,-0.142083,-0.176362,0.199532,0.005793,0.112763,-0.009008,0.090584,-0.14012,0.11295,0.106549,0.134667,-0.033517,-0.229864,-0.039081,-0.231683,0.029058,-0.300143,0.059037,-0.115105,0.320604,-0.445921,0.068979,-0.253183,-0.116028,0.049613,-0.242012,-0.001728,0.327862,-0.040823,0.070549,-0.058797,0.014857,-0.213836,0.192171,-0.146751,-0.065276,0.194724,-0.433628,-0.177964,-0.118243,0.110336,-0.216093,0.148754,0.123972,-0.171459,-0.430163,0.461719,-0.10599,0.159767,-0.339972,0.209628,0.121665,-0.252608,-0.147107,0.045867,-0.169916,0.04795,-0.207733,0.156844,-0.051637,-0.270581,0.075783,-0.184554,0.175922,-0.299117,-0.536481,-0.046725,-0.092177,0.115743,0.056985,0.152515,-0.168407,-0.118868,-0.151885,-0.15389,-0.109708,-0.035239,0.220652,0.232885,-0.258319,-0.073416,-0.247376,-0.341043,-0.299748,-0.216766,-0.122741,-0.183354,-0.06021,-0.092937,-0.04565,-0.370203,-0.004645,-0.026412,0.1043,0.021355,0.109077,-0.075722,0.379357,-0.002195,-0.191558,0.105716,-0.303836,-0.106354,-0.11116,-0.192367,-0.200367,0.171708,-0.008546,-0.119634,0.681073,0.143903,0.106426,-0.107946,0.076364,0.102502,0.416158,-0.233385,-0.131999,0.20061,0.180246,0.261181,0.069947,0.18871,-0.011955,0.08657,-0.365446,0.252355,#
17,0.099,0.350893,0.160524,0.075934,0.008446,-0.19959,-0.184008,0.02903,0.064108,0.361566,-0.463457,-0.148337,0.240806,0.249582,-0.163753,-0.282093,-0.389263,1.0,0.089418,0.230655,0.227019,0.013058,0.439782,0.061784,0.133828,-0.130872,0.252437,0.00074,0.039263,0.2128,0.087708,-0.072943,0.193792,0.318735,-0.228271,-0.031311,0.317627,-0.241827,0.15335,-0.233806,0.02322,0.293168,0.500629,-0.039614,-0.051697,-0.35139,0.319644,0.395631,-0.045866,-0.130557,0.168455,-0.001391,-0.295837,-0.042128,-0.111021,-0.195182,0.003875,-0.112341,0.085259,-0.187389,0.012834,0.201524,-0.161433,-0.13365,-0.115356,0.248217,0.203821,0.348748,0.296253,0.278518,0.035259,-0.080072,-0.314444,0.104387,0.238553,-0.004776,-0.054288,-0.185018,0.00885,-0.057033,0.081744,-0.066584,-0.151616,0.169233,0.164397,0.058321,-0.282232,0.147894,0.227077,0.058337,0.028444,0.055349,-0.249828,0.513717,0.016984,0.077369,0.167725,0.167748,0.160256,-0.176249,-0.189325,-0.270309,-0.116242,0.168411,-0.143445,0.054679,-0.120264,-0.011924,-0.092283,-0.077682,0.468998,0.166467,0.340169,-0.025225,0.147406,0.115026,-0.220635,-0.164298,0.46383,-0.335753,-0.201083,-0.126834,0.033255,-0.265759,-0.153816,0.290699,-0.050935,-0.206311,0.071253,-0.09067,0.106195,0.040714,0.245252,0.207365,0.016761,-0.135661,-0.003557,0.232221,0.413775,-0.128183,0.011189,0.065411,0.038249,-0.188875,-0.08303,0.032641,0.041401,0.178584,-0.243366,0.161141,-0.412957,-0.114983,0.223753,0.192454,0.0533,0.18483,0.372139,0.110402,-0.227452,0.14207,0.178937,0.156981,-0.035588,0.681153,0.001403,0.174208,0.007997,-0.151992,-0.433373,0.103042,-0.271159,0.190899,0.12397,-0.20104,-0.059365,0.198976,0.226211,0.064549,0.199818,-0.085212,-0.194953,-0.15888,-0.517909,-0.195893,-0.040783,0.059078,-0.004558,0.099258,-0.435944,0.294335,-0.006654,-0.193492,-0.05881,-0.063306,-0.083592,-0.189963,-0.027731,-0.128777,0.266911,-0.232279,#
18,0.137817,0.216317,-0.027105,0.052243,-0.094758,-0.062633,0.031472,-0.084238,0.207899,-0.015312,-0.008104,-0.282844,0.188018,0.265303,-0.10155,0.273078,-0.273438,0.089418,1.0,-0.002281,0.210042,0.068604,-0.026995,-0.06698,-0.3097,-0.155788,-0.091775,0.226799,0.164842,-0.074224,-0.18427,0.110477,0.099987,-0.002753,0.028071,-0.056641,0.265587,0.336209,-0.254316,-0.148818,0.316039,-0.213612,0.042676,-0.014499,-0.160111,-0.274399,0.192631,-0.037003,0.11748,0.011449,-0.079989,0.289633,0.030783,0.14842,-0.18216,-0.143059,0.027179,-0.153807,0.055502,-0.277577,0.17562,-0.045488,0.133512,0.071922,-0.050173,0.083491,0.172899,-0.049951,0.13624,0.045076,-0.123083,0.100995,-0.116499,0.093229,0.201042,-0.084525,0.018355,-0.033447,0.166769,-0.075291,0.012679,-0.000631,-0.009234,0.016758,0.005253,0.065017,0.055686,0.196801,0.006257,0.313457,0.284507,0.077456,-0.126785,0.170213,0.041433,0.105484,0.182302,-0.066955,0.078213,-0.119329,-0.017324,0.060909,-0.167675,0.073764,-0.092096,0.173477,-0.341098,-0.083534,0.02545,-0.110876,0.174787,-0.044216,0.164284,0.042142,0.095703,-0.030488,0.105494,0.199739,0.253059,-0.148774,0.158632,-0.018213,0.282458,0.038578,0.00403,0.223114,-0.017458,0.236293,0.202548,0.042999,0.126027,0.168,0.038024,0.011698,0.081441,0.13494,-0.248611,-0.014704,-0.097839,0.090323,0.023445,-0.058198,-0.188892,0.003212,0.143272,0.335939,0.103134,0.177523,-0.10284,-0.036601,0.064753,0.071627,0.189116,-0.06235,0.042573,0.023724,0.064815,0.188445,0.127839,-0.120322,-0.208723,0.039393,-0.058246,0.047114,0.347643,0.090695,0.081714,-0.063987,-0.068845,0.314547,-0.46493,0.41409,0.137436,0.061122,-0.024024,0.138415,0.1459,0.047112,-0.038001,-0.098822,-0.030414,0.041571,-0.163002,-0.131997,0.089965,0.057467,0.135203,-0.020979,-0.060523,-0.084173,0.030703,-0.117498,0.117291,0.018173,-0.059506,-0.044934,0.220217,-0.100946,0.000742,-0.131057,#
19,-0.236672,-0.106977,-0.121285,0.093304,-0.204508,-0.033743,0.013494,0.004659,-0.034519,0.060609,0.018032,-0.296649,0.127034,-0.077409,0.002515,0.051708,-0.326055,0.230655,-0.002281,1.0,0.078817,0.266818,0.025686,-0.034499,0.073683,-0.000641,0.259594,0.009056,-0.129096,-0.093301,0.130401,-0.018853,0.239081,0.243729,0.243652,-0.189683,0.077968,0.187111,-0.0468,0.008359,0.241629,0.287145,-0.085214,-0.160892,0.051815,-0.023653,0.119134,0.132931,0.215171,-0.126734,0.176918,0.005477,-0.218067,-0.051171,-0.330435,0.189958,0.076779,-0.105158,0.148112,-0.118055,-0.012709,-0.068611,0.154416,-0.074399,0.031023,0.009951,0.185056,0.217041,0.043546,0.149911,0.074737,0.028948,0.040438,0.146532,0.428872,-0.212672,0.303196,0.069878,0.194223,0.149794,0.095282,0.320042,0.146,-0.346004,0.345265,0.191784,0.018125,0.279977,0.096192,0.276821,0.123072,0.038635,-0.139833,0.214574,0.296871,0.323367,0.352859,0.187252,0.172649,-0.022318,-0.04245,0.064536,0.062988,0.201365,0.258598,0.272357,-0.031721,0.219032,0.135954,-0.061133,0.382478,-0.217048,0.196741,-0.061157,0.168371,0.229364,0.153455,0.101286,0.205431,-0.151406,0.109136,0.073528,0.233753,-0.060079,-0.009311,0.34304,0.133513,0.133791,0.157002,0.111172,0.085503,0.174212,0.16755,0.031539,0.188535,0.133123,-0.191936,0.401207,0.044067,0.241017,0.320647,-0.117284,0.090135,0.12413,-0.002607,0.080761,0.088038,-0.136224,0.147233,0.095881,0.168305,-0.069287,0.276989,0.368172,0.291676,0.517323,0.16827,-0.315006,0.376627,0.232361,0.013467,0.123317,-0.059009,0.421186,0.071625,0.011825,0.191722,0.155302,-0.250841,0.331239,-0.259912,-0.151767,0.296296,-0.02975,-0.106388,0.362046,0.317533,-0.043687,0.052804,0.177533,-0.18441,0.075674,-0.327892,-0.252197,-0.219597,0.089734,-0.010657,0.177117,-0.280173,-0.022078,0.025278,-0.23889,-0.20517,-0.308841,-0.06583,-0.182605,-0.165855,0.179344,0.085335,-0.03232,#
20,-0.243808,0.012542,-0.041247,0.057774,-0.111598,0.069016,0.08901,0.088858,-0.079998,0.10655,-0.141326,-0.142829,-0.098888,0.036538,-0.080825,-0.042329,-0.332764,0.227019,0.210042,0.078817,1.0,-0.123602,-0.13163,-0.11154,0.099247,0.084868,-0.040804,-0.102705,-0.053048,0.238301,0.030337,-0.167126,0.048203,0.124132,-0.160604,0.021251,0.018608,-0.100928,0.108094,-0.040081,0.023065,-0.146881,0.149909,0.060551,0.038538,0.182182,-0.072238,0.088986,0.021219,-0.260432,-0.055061,-0.02722,-0.215482,0.055706,-0.236175,0.154863,0.219163,-0.123136,0.057946,0.000306,0.184681,0.185547,0.057058,-0.069295,-0.217726,-0.017029,-0.174953,0.276071,0.102565,-0.104031,0.003385,0.06463,-0.145142,0.270267,0.293324,-0.028978,0.212367,0.156158,-0.058591,-0.069563,0.145608,-0.059676,0.187543,-0.232658,0.076512,-0.011777,0.000647,0.262254,0.06329,0.313531,0.196681,0.174181,0.057212,0.092374,-0.207706,0.155303,0.224698,-0.00758,0.10439,0.30985,-0.140632,0.113229,0.101349,-0.014206,-0.064493,-0.004852,-0.11916,0.024918,0.221261,-0.465877,0.1304,0.018091,0.031793,-0.052386,0.265048,0.125836,0.152097,0.228073,-0.01837,-0.009722,0.162374,0.249704,0.194597,-0.018187,0.047449,0.035237,0.194633,0.095622,0.081278,0.215263,0.234587,-0.077487,0.086666,-0.052337,0.148153,0.250571,-0.218459,0.208679,0.107159,0.159331,0.070887,-0.098151,-0.011409,-0.100743,0.351765,-0.02061,0.255611,0.121282,0.08186,-0.038957,-0.172677,0.146877,0.323758,0.077724,0.112814,0.176659,0.195068,-0.043528,0.040912,-0.037875,0.053237,-0.045688,0.183759,0.186318,-0.104708,0.225323,0.034895,-0.148117,-0.027956,0.167603,-0.278993,-0.041144,0.020765,0.14301,0.116819,0.021024,0.136156,0.077268,-0.022384,-0.020271,0.044653,-0.125793,-0.114587,0.134894,0.079245,-0.149095,0.081678,0.011132,-0.001452,0.01802,0.13644,0.068464,-0.17197,-0.351208,-0.015225,-0.038271,-0.082928,-0.034284,0.249868,0.089514,#
