0,1.0,0.241055,0.014216,-0.049053,0.225628,0.07503,0.045656,-0.115911,0.216777,0.153721,-0.246858,0.08578,0.031566,0.167245,0.3241,-0.02223,-0.000723,-0.053554,-0.037265,-0.097635,-0.194965,-0.085616,-0.251767,-0.107686,0.222605,-0.354665,0.137021,-0.234176,0.261963,0.127149,-0.321427,0.016865,-0.09947,-0.084409,-0.037494,0.173757,0.049732,-0.097388,-0.109551,0.159098,-0.003034,-0.028773,-0.370125,-0.107259,0.225051,-0.145907,0.195985,0.001479,-0.065912,0.073065,-0.143627,-0.13843,0.186626,0.002394,0.03131,-0.080189,-0.117531,0.047148,-0.151124,0.183325,0.138929,0.400628,0.248872,-0.247791,-0.183833,-0.076965,-0.009519,0.01883,0.08763,-0.133566,0.035005,-0.108094,0.108342,-0.008282,-0.100723,0.095981,-0.138049,-0.331472,-0.059021,-0.032065,0.001896,-0.184415,-0.043654,-0.364028,-0.069377,-0.00784,-0.144183,-0.109609,-0.030228,-0.323382,-0.065948,-0.24492,0.07264,0.067919,-0.019745,-0.087189,-0.05312,-0.090279,-0.012697,-0.163571,-0.086664,-0.169539,-0.128637,0.072306,-0.028795,-0.119256,0.056115,-0.14292,0.042645,-0.452568,0.041113,-0.120892,-0.05653,-0.175284,-0.147642,-0.314926,-0.012646,-0.14541,0.173146,-0.366181,0.056749,-0.07802,-0.187715,0.064505,0.114756,-0.019201,-0.007481,0.08935,-0.153153,-0.006674,0.04575,-0.188153,-0.229315,0.068125,0.006027,-0.160834,-0.014548,-0.150926,0.137792,-0.187265,-0.035298,-0.28454,0.054663,-0.387961,-0.224916,-0.162287,-0.026227,0.132488,-0.102294,-0.020185,-0.241185,0.00847,0.3664,-0.259957,0.110841,0.120595,0.082207,0.139127,-0.064487,-0.048538,-0.201921,-0.082072,0.1691,-0.004441,-0.054041,0.129951,0.040754,0.236985,-0.065786,-0.290873,0.007464,0.030146,0.105373,-0.118749,0.108217,-0.066206,-0.009889,0.021294,0.26064,-0.251581,0.066858,0.110438,-0.087743,0.137903,0.077239,-0.086377,0.323074,-0.113611,0.04532,0.161647,-0.288788,0.027743,0.061912,0.24513,-0.134246,0.038184,-0.195145,-0.101597,0.113721,-0.045555,#
1,0.241055,1.0,-0.264198,-0.116088,0.205859,0.248876,0.06181,-0.289239,0.149006,0.073313,-0.054391,-0.059285,0.100459,0.159267,0.226449,-0.031018,-0.192223,0.101807,-0.125486,0.048218,0.138473,0.349762,0.250451,-0.031046,-0.000607,-0.323499,0.238993,0.07039,0.296904,0.392426,-0.43562,-0.220164,0.078585,-0.351401,-0.114799,0.052544,0.228919,-0.476255,0.07309,0.182644,0.119099,0.159315,0.072871,0.011428,0.01516,0.149658,0.183153,0.258601,0.018144,0.025751,-0.147331,-0.356545,0.106411,-0.193448,0.001353,0.019491,-0.086518,0.33632,0.103491,0.228875,0.163958,-0.004375,0.191335,0.03806,-0.094465,0.257369,-0.057644,0.326234,0.423962,0.099152,-0.297738,-0.054152,0.196457,-0.140021,-0.178431,0.136655,-0.33417,-0.064926,-0.224328,-0.054031,-0.222998,-0.518324,-0.276775,-0.165096,-0.066926,-0.224604,0.082468,-0.33093,-0.032757,-0.090236,-0.193577,-0.1241,-0.141405,-0.06727,-0.253411,-0.189904,-0.297033,-0.335236,-0.153266,-0.314929,0.120699,-0.105275,-0.07865,-0.135424,0.077204,-0.15357,-0.355195,-0.343154,0.046315,-0.140931,0.050655,-0.146439,-0.361182,-0.302856,-0.043503,-0.122995,-0.164892,0.04263,0.046053,-0.2591,-0.141458,-0.30342,-0.253886,-0.259844,-0.010552,-0.096628,0.038009,0.276087,-0.113819,-0.20361,-0.126776,-0.294034,-0.170842,-0.224695,-0.240283,-0.352993,-0.211426,-0.293636,0.315928,-0.508027,-0.227938,-0.206447,-0.05626,-0.319383,0.005727,-0.126879,-0.08552,0.212658,-0.096922,-0.012271,-0.37519,-0.292786,-0.202915,-0.173034,-0.135249,0.009723,-0.098367,0.273394,-0.031091,-0.333212,-0.11564,0.002073,-0.1635,0.096964,-0.107098,0.390513,-0.058749,-0.252247,-0.086332,-0.280517,-0.060402,0.021486,-0.308961,-0.110917,0.205063,-0.285443,-0.192671,-0.083904,0.413382,-0.319505,0.319832,-0.044873,-0.150341,0.255902,0.403124,-0.275313,0.049539,-0.098855,-0.105628,0.365299,-0.269596,0.389129,0.380399,0.330306,0.096839,-0.262331,0.039711,-0.188,-0.095903,0.238141,#
2,0.014216,-0.264198,1.0,0.109811,-0.085425,-0.014741,0.151154,0.146131,0.282409,-0.087202,-0.020619,0.24265,-0.231848,0.125173,-0.146449,-0.219877,-0.192869,0.18698,0.132985,0.146334,-0.341686,-0.105999,-0.120837,0.098839,0.125005,0.048726,-0.063681,-0.004212,0.203131,-0.220372,0.059623,0.327135,-0.289433,0.109593,-0.191735,-0.050812,-0.081595,0.079576,0.01205,-0.310798,-0.242113,0.0681,-0.027252,-0.001435,-0.093074,-0.177302,0.17063,-0.011361,-0.222731,0.34384,-0.063196,0.260512,-0.005883,0.150064,-0.24183,-0.096349,-0.023564,-0.120093,-0.375752,-0.199724,0.280934,0.026872,-0.028171,-0.079564,-0.0851,-0.047764,0.12936,-0.048512,-0.082424,0.163519,0.283714,0.09145,0.042056,0.162089,0.017257,0.051698,0.004663,-0.098927,-0.016664,-0.091744,0.134629,0.090173,-0.031616,0.283581,0.083828,0.237237,-0.113138,0.084572,-0.007713,-0.106886,0.204254,0.164412,0.102969,0.22248,-0.013269,0.096429,0.276602,-0.01001,0.247379,0.062112,-0.256841,-0.152192,-0.04103,0.171242,0.082243,0.116575,0.307319,0.252379,-0.092049,0.012776,0.132188,-0.007269,0.113999,0.305279,0.10286,0.109225,-0.240251,0.008938,0.05299,0.214006,0.004291,0.28349,0.176151,-0.100275,-0.1583,0.248429,0.051323,-0.337654,-0.303001,0.046879,0.235499,0.161686,-0.022246,0.121612,0.083523,0.13245,0.127872,0.310464,-0.037637,0.124005,0.359632,0.115075,-0.05334,-0.22193,0.160617,0.054016,0.219701,-0.07294,-0.139247,0.063069,0.279657,0.233097,0.291618,0.39514,0.210762,0.012334,0.112428,0.022645,0.348018,0.070619,0.02658,-0.030699,0.420026,0.131474,0.212437,-0.152062,-0.002034,-0.086139,0.223346,-0.007219,-0.020865,0.17399,0.118396,0.048617,-0.053973,0.184453,0.154181,0.250502,-0.146876,-0.10195,-0.052224,-0.014939,0.211619,-0.140747,-0.202904,0.295127,0.089879,0.087887,-0.205499,0.029079,0.125986,-0.338389,-0.174559,-0.025377,-0.205131,-0.090724,-0.00953,-0.15204,0.12401,0.026478,#
3,-0.049053,-0.116088,0.109811,1.0,0.004512,-0.179452,0.0326,0.168667,-0.257201,0.1354,-0.02575,-0.083747,0.070359,-0.202181,-0.014128,0.213899,-0.041295,-0.153,-0.25208,0.177807,-0.120149,-0.03178,-0.280236,0.041209,0.077087,0.069196,-0.28848,-0.103076,-0.036425,-0.184069,0.130923,-0.077481,0.05331,0.315824,0.081135,-0.165613,0.023321,0.212632,-0.054991,0.004931,-0.14559,-0.019383,-0.02404,-0.136473,0.259412,0.110952,-0.310603,-0.356995,0.133889,0.103775,0.134657,0.103765,0.107752,0.106326,-0.075848,-0.072642,-0.051153,0.09278,-0.107473,-0.246437,-0.109929,0.075706,0.174352,0.164675,-0.119276,-0.240995,-0.150534,-0.230505,-0.30091,-0.00811,-0.079526,0.023998,0.195446,0.100972,-0.057803,-0.000231,0.039156,0.402814,0.305496,-0.080859,0.192664,0.198936,0.034336,0.024644,-0.003359,0.039438,0.143659,-0.084544,0.146766,-0.11962,0.052779,0.064943,0.329072,-0.066222,-0.015165,-0.136568,-0.133082,0.064711,0.070856,0.263595,-0.081865,0.000255,0.327737,0.211126,0.138093,0.07647,-0.024452,0.109247,-0.232863,-0.09756,-0.188821,-0.203839,0.080511,0.20142,-0.146505,0.422404,0.31709,-0.047425,-0.242415,0.146522,0.122921,0.104145,-0.057981,0.314574,-0.005275,0.16367,-0.051131,-0.083435,0.000341,0.27908,-0.178984,0.029968,0.150962,0.33458,0.092855,0.346084,0.147248,0.058698,-0.269231,0.153084,0.017858,0.099784,0.160754,0.047858,0.167604,0.292702,-0.130494,-0.154822,0.095568,-0.196827,-0.081334,-0.008611,-0.006534,0.249566,0.128387,0.226112,-0.234964,-0.102447,0.191657,0.053246,0.193931,0.114086,0.072754,-0.049376,-0.065378,-0.231933,-0.043868,-0.173495,0.347756,0.136307,0.002874,-0.192362,0.079136,0.080729,-0.215337,0.132254,-0.016477,-0.059354,-0.3731,-0.154115,-0.128199,-0.268432,0.281612,-0.008409,-0.267346,0.008875,-0.331629,0.047993,0.183655,-0.296822,-0.043538,-0.072712,-0.321701,-0.057066,0.012965,0.04667,-0.034004,0.154829,0.001683,0.151424,#
4,0.225628,0.205859,-0.085425,0.004512,1.0,0.04312,0.156951,-0.003837,0.127759,0.114928,-0.185286,0.137351,0.09832,0.071229,0.045904,0.052744,0.183089,0.056438,0.003388,0.132341,0.315975,-0.230769,0.30296,-0.069719,-0.164472,-0.273316,0.164067,-0.074704,0.270529,0.188783,-0.238772,0.041043,-0.107081,-0.087913,-0.022497,0.172502,0.14241,-0.453315,-0.226407,-0.013985,0.069087,0.19325,-0.162412,-0.25118,0.18665,0.000854,0.078663,0.25294,0.159093,-0.054267,0.058172,-0.431622,0.253854,-0.335401,-0.039752,-0.087603,-0.063303,-0.070779,0.226217,0.119792,-0.067063,0.291423,-0.060741,-0.088846,-0.190565,0.150448,0.094577,0.067323,0.22823,-0.038196,0.07525,-0.309219,0.038413,-0.238532,-0.250303,0.195463,-0.228822,-0.214607,-0.28351,-0.149137,-0.228914,-0.242269,-0.247667,0.175447,-0.306526,-0.083751,-0.349881,-0.188608,0.104691,-0.14263,-0.418737,-0.347195,-0.016962,-0.405592,-0.293016,-0.315711,-0.462244,-0.390821,-0.348623,-0.144783,-0.119674,-0.257358,-0.273837,0.055483,-0.200223,-0.27245,-0.021531,-0.283034,-0.057083,-0.189582,0.17076,0.188121,-0.10325,-0.390486,-0.26196,0.030884,-0.03915,-0.335645,0.165842,-0.242266,-0.043781,-0.157508,-0.351586,-0.43524,0.037408,0.101413,-0.070106,0.238813,0.030873,-0.451889,-0.135173,0.0418,-0.160918,0.104991,-0.361704,-0.166638,-0.199574,-0.358731,0.040324,-0.272128,-0.233907,-0.236985,-0.197231,-0.12709,-0.341945,-0.050311,-0.001218,0.237078,-0.336202,-0.178925,-0.386727,-0.097311,0.142444,-0.433092,0.014919,-0.234557,0.003553,0.422786,-0.302563,-0.232283,-0.042598,-0.168214,-0.028747,-0.007329,-0.158003,0.185199,0.07172,0.084696,-0.167031,-0.033293,-0.030642,0.344021,-0.368707,-0.144326,0.066962,-0.145848,-0.165555,0.236907,0.296303,-0.289989,0.304589,-0.027139,0.036693,0.051656,0.155761,-0.122707,0.073207,0.009637,-0.095158,0.091935,-0.227919,0.263366,0.291677,0.21802,-0.246866,0.181944,0.38554,-0.087856,-0.075697,0.074182,#
5,0.07503,0.248876,-0.014741,-0.179452,0.04312,1.0,0.226207,0.083822,0.357127,0.080386,0.124544,0.209497,-0.099836,0.191152,-0.089512,-0.0475,-0.026221,0.011094,-0.021552,-0.121296,0.078675,0.20343,0.298689,-0.28543,0.219631,-0.339319,0.210068,-0.117618,0.036623,0.316833,-0.229386,0.033823,-0.106682,-0.14852,-0.225975,0.296662,0.084375,-0.2065,0.20035,-0.082932,0.165202,0.116208,0.150303,-0.124103,-0.199608,0.068989,0.204155,0.120097,0.094838,0.005983,0.066336,-0.071096,0.017238,-0.165425,0.236197,0.167003,-0.391127,0.30721,-0.208644,0.238355,0.091404,0.011253,-0.020311,0.023298,-0.070627,0.043864,0.008604,0.284927,0.152076,0.012161,-0.143,-0.183084,0.095492,-0.28308,-0.270368,0.226768,-0.209493,-0.069606,-0.07043,-0.195865,-0.282299,-0.337886,0.052991,0.061064,-0.213584,0.021131,-0.147662,-0.129553,-0.091748,-0.159892,0.018724,-0.239032,0.069752,-0.12676,-0.139055,-0.184963,-0.038083,-0.147611,-0.043361,-0.351519,0.162341,-0.119418,0.101213,-0.23976,-0.184602,-0.28459,0.028795,-0.297772,0.023433,0.016455,-0.098071,0.014161,-0.184974,-0.283554,0.005065,-0.334429,-0.172773,-0.210534,0.20096,-0.102557,-0.112123,-0.13716,-0.182154,-0.227897,0.046106,-0.053705,0.209446,0.277575,-0.302337,-0.164079,-0.078766,0.066181,-0.132205,-0.199666,-0.127522,-0.054628,0.006413,-0.157353,0.153624,-0.482281,-0.244705,-0.213576,-0.235305,-0.135477,-0.069408,-0.344815,0.002024,0.257826,-0.169446,-0.084729,-0.049956,-0.129053,0.078937,-0.188074,-0.113514,-0.136788,0.190249,0.127732,-0.177855,-0.015872,-0.139227,0.03392,-0.086851,0.074514,0.130907,0.138131,-0.149565,-0.164137,-0.184735,-0.179755,0.224716,0.089046,0.02449,-0.174314,0.295037,-0.275537,-0.240157,0.344929,0.338672,-0.223352,0.170739,0.114465,-0.155243,0.303796,0.171875,-0.094268,0.051753,0.05854,-0.205224,0.419775,-0.213846,0.212689,0.200934,0.315088,0.068622,0.224644,0.121027,-0.278531,-0.140944,0.072944,#
6,0.045656,0.06181,0.151154,0.0326,0.156951,0.226207,1.0,0.180792,0.102161,0.190198,0.17011,0.035999,0.089844,0.122883,0.129822,0.117066,-0.048509,0.079597,0.161778,-0.100225,0.162765,0.076128,0.132517,-0.211933,0.016557,-0.159123,0.195353,-0.115064,0.242757,0.100347,-0.244395,0.092459,0.031851,-0.257946,-0.02848,0.086665,0.098232,-0.125774,-0.052485,-0.072732,-0.206823,0.233181,0.07784,-0.142661,-0.006069,-0.164887,0.067368,0.077255,0.099934,0.128146,0.044721,-0.231843,-0.1139,-0.10127,-0.178769,-0.063646,0.048977,-0.068459,-0.216124,0.170892,-0.092089,0.192064,-0.238102,0.011947,-0.202152,-0.108553,0.156197,0.081458,0.096507,0.074147,0.087076,-0.270929,0.087717,0.000139,-0.132164,0.199806,-0.140271,-0.340046,-0.425647,-0.148329,-0.153898,-0.222988,-0.072955,-0.039665,-0.221486,0.099674,-0.175191,-0.080282,-0.04029,-0.101447,-0.084059,-0.184079,0.062437,-0.048699,0.051674,-0.047688,-0.236916,-0.193014,-0.323001,-0.130959,0.04879,-0.407378,-0.114256,-0.071034,-0.057456,-0.117704,0.132632,-0.164338,-0.088151,-0.063786,-0.055911,0.008785,-0.187328,-0.063531,-0.184243,-0.098827,-0.21067,-0.229701,0.023002,-0.040593,-0.135086,-0.057881,-0.13853,-0.27423,-0.293731,0.252258,-0.147764,0.26437,-0.145228,-0.171924,0.004783,-0.030987,-0.092469,0.092365,-0.081646,-0.08453,-0.001502,-0.270687,-0.04047,-0.190064,0.02466,-0.069345,-0.009755,-0.18581,-0.23598,-0.283136,-0.002308,0.289434,-0.111015,0.186245,-0.164832,-0.077071,0.063597,-0.09427,0.202096,-0.054022,0.021086,0.26715,-0.212654,-0.123279,-0.002362,-0.109342,-0.02611,0.144675,0.021956,0.086053,-0.180412,-0.117516,-0.100821,-0.113401,0.08437,0.011162,-0.177046,-0.19749,0.08994,0.020722,-0.270857,0.394099,0.194234,-0.284133,0.044872,0.047556,0.243542,0.263937,-0.013369,0.001321,0.10151,-0.164976,-0.082333,-0.022219,-0.168824,0.258599,0.225955,0.275963,0.087634,0.265742,-0.025182,-0.196247,-0.056209,-0.110792,#
7,-0.115911,-0.289239,0.146131,0.168667,-0.003837,0.083822,0.180792,1.0,-0.191783,-0.154697,-0.09739,-0.156949,0.005208,0.024602,0.053738,-0.168723,-0.213943,-0.128349,-0.111718,-0.058094,-0.004699,0.226473,-0.070953,-0.074999,0.177035,0.051204,-0.027066,-0.11591,-0.010024,-0.117831,0.191391,0.155747,0.270221,-0.054206,0.055302,0.198949,0.000734,0.216782,-0.162599,-0.305499,0.244354,0.254522,0.182465,0.051618,-0.076368,0.038859,0.010344,0.039614,-0.019466,-0.242881,-0.205676,0.02557,-0.173871,-0.304345,0.021528,-0.088308,-0.084177,-0.052002,-0.097309,-0.192395,-0.140099,0.028096,-0.268034,0.104588,0.083986,0.160755,0.091301,-0.034678,-0.175206,-0.081981,-0.155484,-0.291588,0.064368,-0.191173,0.010679,-0.206939,0.270222,0.013844,-0.134272,-0.223332,-0.078429,-0.098827,0.109379,-0.251171,0.014371,0.147411,-0.071012,-0.096531,-0.047386,-0.017217,0.084613,-0.02983,-0.025787,-0.289201,-0.050662,0.101817,-0.107927,0.150388,0.014937,-0.028526,0.006101,-0.189012,0.281952,-0.238867,-0.049043,-0.041027,0.28497,-0.187606,0.011494,-0.125097,0.006026,0.226914,0.150955,0.042619,0.046217,0.199505,-0.10472,0.004307,-0.157799,0.24412,0.138332,-0.093513,-0.034174,0.060934,-0.045689,0.060831,-0.19022,-0.052375,0.079633,0.168103,0.107081,-0.012191,-0.0722,-0.00794,0.032696,0.257094,0.111027,0.094185,0.047641,-0.107205,0.010398,-0.145547,-0.038402,0.157099,0.049594,-0.121681,-0.151899,-0.090119,-0.068734,-0.100477,0.044783,0.199802,0.131403,0.25701,0.156557,-0.079645,0.256508,-0.123233,-0.203858,0.065681,0.097475,0.01831,-0.097354,0.076348,-0.110498,0.003873,-0.113445,-0.040816,-0.002281,0.091029,-0.197159,0.243969,0.15869,0.075537,-0.066611,0.150648,-0.026674,0.011239,-0.21955,-0.087292,-0.100883,0.020335,0.011521,-0.01823,-0.111599,-0.279316,-0.141411,0.12462,0.042624,-0.150605,-0.030531,-0.002963,0.001276,-0.055988,0.025535,0.087283,0.09602,0.057181,0.071073,-0.10515,#
8,0.216777,0.149006,0.282409,-0.257201,0.127759,0.357127,0.102161,-0.191783,1.0,0.113964,0.083778,0.220418,-0.026518,0.351642,-0.2215,-0.108902,0.003665,0.348633,0.379583,0.236487,-0.154155,-0.189573,0.18346,-0.225454,-0.028589,-0.270496,0.185199,0.171361,0.211136,0.198165,-0.175594,0.172189,-0.118249,-0.152355,-0.147904,0.19114,0.26967,-0.359756,0.051898,-0.134385,-0.074787,0.207473,-0.193929,-0.04036,0.093967,-0.26832,0.367851,0.204508,-0.080012,0.223411,0.079211,0.001628,0.021601,0.11549,-0.183802,0.238541,-0.117416,0.064067,-0.105509,0.237435,-0.145406,0.142313,-0.052557,-0.169199,-0.16279,0.093326,0.384361,0.197274,0.20291,0.152456,0.19937,0.074695,-0.103919,0.02506,-0.242955,0.139807,0.017528,-0.349769,-0.103989,0.06094,-0.16469,-0.152051,-0.060947,0.315225,0.050692,0.079684,-0.164106,-0.117435,-0.003408,-0.116784,-0.007823,-0.004773,-0.175761,0.244755,-0.152019,-0.031085,0.171423,-0.233284,-0.029676,-0.232812,-0.218471,-0.137725,-0.161982,0.105776,-0.146072,-0.00147,0.109689,0.033863,0.094862,0.009159,0.185354,-0.152928,0.125559,0.0152,-0.020053,-0.416231,0.044447,-0.088977,0.41386,-0.229506,0.00676,0.005409,-0.038912,-0.396879,-0.089381,0.113717,-0.008098,0.152577,-0.31796,-0.144391,0.165514,0.318536,-0.226985,0.003161,-0.133906,-0.197723,0.067088,0.160065,0.291392,-0.121152,0.204334,0.004211,-0.168924,-0.269796,-0.060127,-0.398944,0.312059,0.319526,0.00812,0.166132,0.109567,-0.101211,0.221384,-0.178989,0.079019,-0.115446,0.11633,0.212124,-0.00437,0.071762,-0.168864,-0.158709,0.064733,0.391198,0.280053,-0.186109,-0.071882,-0.067787,-0.104801,-0.037922,-0.033264,0.124553,0.248903,-0.09122,0.063605,-0.180021,-0.112065,0.183893,0.24703,-0.087298,0.255812,0.132337,-0.299641,-0.026826,-0.027424,0.300715,0.231336,0.01677,-0.500795,0.213326,0.007747,-0.110329,0.00611,0.09832,-0.218992,0.040547,-0.055981,-0.164674,0.084337,0.073131,#
9,0.153721,0.073313,-0.087202,0.1354,0.114928,0.080386,0.190198,-0.154697,0.113964,1.0,-0.037283,0.197787,0.338906,0.336315,-0.147002,0.256223,-0.150794,0.058715,-0.078054,0.002585,-0.022887,-0.138163,0.047162,-0.14585,0.114747,-0.201642,0.017503,-0.466109,-0.077522,0.020732,-0.057268,-0.003161,-0.12516,0.191627,0.122538,0.203419,0.028688,-0.303107,-0.07285,0.049337,-0.104116,0.176818,0.089799,-0.066161,0.102082,-0.099396,-0.032797,-0.06619,-0.126099,0.105939,0.20699,-0.168218,0.105124,0.029818,-0.106279,-0.003804,-0.149174,0.075823,0.049409,0.1011,0.040971,0.200074,0.021122,0.029992,-0.282019,-0.009607,0.15866,0.055188,0.012507,-0.091113,0.06726,-0.344528,-0.058641,-0.016729,-0.086218,-0.079776,-0.011198,0.014619,-0.036237,0.046618,-0.104247,-0.00396,0.059302,-0.096199,0.020426,-0.217727,0.03391,-0.048808,-0.13071,0.168136,-0.30034,-0.151967,0.261476,-0.015298,-0.10274,0.073609,-0.207375,-0.045547,-0.233765,0.113333,-0.128933,0.032755,0.052665,0.248674,0.041646,0.006432,-0.109814,-0.014169,-0.130668,-0.062649,-0.189399,0.014878,-0.064275,0.06639,-0.076704,-0.078766,-0.131261,-0.180371,0.224009,-0.187916,-0.010877,0.301741,-0.166343,-0.140076,-0.15425,0.195533,-0.199084,0.047256,0.069355,0.114465,-0.142352,0.331599,-0.113737,0.356556,-0.064983,0.038548,-0.14335,-0.205053,0.111177,-0.121775,0.067066,-0.187362,0.024338,-0.001226,0.0337,0.085539,-0.009864,0.183463,-0.239794,0.212519,-0.278003,-0.060162,-0.208647,-0.062821,0.246602,0.075698,0.097028,0.313965,-0.005939,-0.106231,0.015972,0.026068,-0.079461,0.232959,0.076668,-0.035803,0.164883,0.185123,0.005382,0.070158,0.191759,-0.03235,0.128443,-0.148571,0.158238,-0.072821,-0.316057,0.079726,0.074971,-0.195893,0.071474,0.025207,-0.129414,0.041709,-0.134609,-0.02535,0.082911,0.013186,-0.086952,0.150512,-0.152347,-0.061914,-0.017829,0.096263,0.004486,-0.010286,-0.008092,-0.068765,0.118834,0.000194,#
10,-0.246858,-0.054391,-0.020619,-0.02575,-0.185286,0.124544,0.17011,-0.09739,0.083778,-0.037283,1.0,0.138287,-0.196111,-0.220965,-0.147395,0.12084,0.430126,-0.15161,0.08577,-0.038933,0.143627,0.113145,-0.049438,0.169567,-0.029367,0.121506,-0.175156,0.122213,0.129514,0.082864,0.024662,0.057066,-0.283852,-0.14765,0.359076,-0.017575,0.159668,-0.098409,0.183148,0.221382,-0.332512,-0.042731,0.02313,-0.189539,-0.082871,0.170571,-0.261013,-0.336333,0.093837,-0.088233,0.204829,-0.032348,-0.205884,0.130133,0.081501,-0.031054,-0.14923,-0.094404,-0.116484,-0.104173,-0.047057,-0.103606,0.108081,0.12707,0.203734,-0.21561,-0.002088,-0.117329,-0.157463,-0.135045,-0.096853,0.253899,0.194451,-0.082538,-0.025898,0.225922,-0.175407,0.022323,-0.070256,-0.126512,-0.081898,0.048405,-0.177019,0.255145,-0.190967,-0.114902,-0.063206,-0.00918,-0.213564,-0.124601,0.099292,-0.152009,-0.108054,-0.007011,-0.045086,-0.053192,-0.214881,-0.08249,-0.200731,0.048745,0.134643,-0.030994,-0.332079,-0.097611,0.050131,-0.062426,-0.074979,0.178549,-0.282362,0.536913,-0.249726,-0.210582,-0.223346,0.050432,-0.073637,0.022615,-0.065399,-0.076921,-0.097357,0.24534,-0.364741,0.018556,-0.214439,0.099128,-0.093417,-0.110556,0.013302,-0.069825,-0.036264,-0.043412,0.180786,-0.057485,0.014706,-0.028606,0.10896,0.130847,-0.004621,-0.149684,-0.198299,-0.074897,-0.094296,0.227749,0.035844,0.048532,-0.07337,-0.004791,0.086158,-0.107563,0.097072,-0.196865,0.134355,-0.039651,-0.270421,-0.070796,-0.136277,-0.288583,-0.137577,-0.083134,-0.0267,0.006124,0.082473,-0.043917,-0.273232,-0.080662,-0.160493,-0.165898,-0.278339,-0.038021,0.024138,0.017651,0.171194,-0.261731,-0.130269,-0.173074,0.098338,-0.29627,-0.3785,0.303672,0.042048,0.247946,0.03977,0.090461,0.128932,0.15157,0.075214,0.071385,-0.303037,-0.033925,0.35144,-0.020791,-0.143312,0.253637,0.002279,0.022928,0.13405,0.054422,0.201062,-0.204439,-0.191837,0.030835,#
11,0.08578,-0.059285,0.24265,-0.083747,0.137351,0.209497,0.035999,-0.156949,0.220418,0.197787,0.138287,1.0,-0.057533,0.215271,-0.060455,0.05106,0.149556,-0.044202,-0.015448,-0.193295,-0.166999,-0.104575,-0.041159,0.000348,0.151574,-0.052161,-0.076801,-0.158047,0.181681,0.142842,-0.273485,0.154372,-0.502754,-0.022609,-0.176268,0.286185,-0.136363,-0.101604,0.159757,0.209365,-0.039327,0.023801,-0.090042,-0.036641,0.120439,0.110895,-0.004166,-0.070498,0.162239,0.156255,0.123872,-0.101351,-0.064012,-0.020897,-0.002364,0.008124,-0.276515,-0.120274,-0.089038,-0.061425,-0.16379,0.151872,0.167739,-0.128602,0.049374,-0.160891,0.019545,0.004966,0.146539,-0.065314,0.263026,-0.219168,-0.063975,-0.03981,-0.113815,0.28716,-0.348515,-0.158265,0.012906,-0.222161,-0.032674,-0.113082,0.073576,0.167003,0.057603,0.093419,-0.163283,-0.156273,-0.19108,-0.211627,-0.039654,-0.068252,0.04558,-0.019048,-0.083282,-0.047937,-0.097909,-0.150375,-0.0036,-0.170209,-0.164399,0.043887,-0.089583,0.042254,-0.075362,-0.070474,0.016814,-0.131453,-0.154847,-0.130563,-0.246401,0.147138,-0.205332,0.015294,-0.144824,-0.044721,-0.062236,-0.171856,0.066069,-0.000361,-0.032084,0.031113,-0.20705,-0.195737,0.251681,0.081877,-0.14109,-0.228035,-0.251458,-0.167311,0.02348,-0.053307,0.045906,0.174671,-0.087927,-0.002061,0.024889,0.009454,0.128166,-0.101913,0.145407,0.14145,-0.038638,-0.175412,-0.16175,-0.215547,0.260487,0.02073,-0.105799,-0.148235,-0.110797,-0.015436,0.111774,-0.122797,-0.156758,-0.112187,0.201887,-0.049161,0.06557,0.185282,0.168909,0.084161,0.081282,-0.029906,-0.080426,-0.108381,-0.028186,-0.087831,0.166428,0.041671,0.112398,-0.165517,-0.07202,-0.311443,0.115919,-0.148614,-0.22606,0.025649,0.110869,-0.170538,-0.06115,-0.019547,0.163224,0.0649,0.132677,0.002753,0.199612,-0.101562,-0.130284,0.08888,-0.148316,0.150787,0.037964,0.018368,0.086815,0.094124,0.118429,-0.293372,-0.013516,0.113,#
12,0.031566,0.100459,-0.231848,0.070359,0.09832,-0.099836,0.089844,0.005208,-0.026518,0.338906,-0.196111,-0.057533,1.0,0.192765,0.158418,0.241971,-0.298195,0.114769,0.03323,0.018136,0.317287,0.107511,0.025833,-0.14113,-0.158891,-0.053375,0.231018,-0.032316,-0.01463,-0.001682,-0.061376,0.272829,0.212574,0.037604,-0.073403,-0.061044,0.127161,-0.203859,-0.187658,0.0836,-0.031588,0.324317,0.043443,0.27026,0.299565,-0.253954,-0.040443,0.159476,-0.139494,-0.194653,0.062827,-0.087066,0.098983,-0.159882,-0.134518,-0.229805,-0.211265,0.214586,0.064402,-0.006692,-0.361525,0.052329,-0.326207,-0.012851,0.01946,0.213318,0.091152,0.115796,0.206682,-0.255546,-0.09556,-0.164218,-0.1014,0.086331,0.027065,0.066902,-0.012529,-0.132197,-0.172964,-0.162179,-0.257155,-0.238307,0.098546,-0.090592,-0.032986,-0.289522,0.116834,-0.09445,-0.322094,-0.006324,-0.172041,-0.375131,-0.087553,-0.087254,-0.041525,0.136418,-0.093747,-0.136256,-0.217989,-0.155753,0.034627,-0.144521,0.008577,-0.154093,0.033559,-0.009822,-0.161179,-0.172991,-0.18485,-0.219987,0.212772,-0.152062,-0.140729,-0.099584,-0.089141,-0.079366,0.111435,-0.035836,-0.141334,-0.302338,0.005472,-0.140786,-0.141664,-0.167488,-0.298055,0.267743,-0.2549,0.047199,-0.032505,-0.15297,-0.277357,0.058496,-0.049287,0.049995,-0.203679,-0.018183,-0.068593,-0.017316,0.104751,-0.039467,-0.155139,0.028316,-0.186552,-0.135506,-0.20221,0.013831,-0.022935,0.260026,-0.378186,0.063061,-0.001009,-0.090621,-0.106744,-0.212205,-0.271908,-0.048997,0.195563,0.110762,-0.259193,-0.116193,-0.110079,-0.044518,-0.107534,0.13732,-0.053819,0.072469,-0.066555,0.014266,-0.04245,0.052508,-0.032495,0.115722,0.039786,-0.091331,0.155937,-0.012012,-0.231455,-0.067532,0.185619,-0.059469,0.206163,0.12857,-0.119309,0.107713,0.124122,-0.129968,0.008671,0.022179,-0.030287,0.160161,-0.080236,0.085481,0.188934,0.162635,-0.02334,0.064386,-0.039555,0.129117,0.124993,0.059962,#
13,0.167245,0.159267,0.125173,-0.202181,0.071229,0.191152,0.122883,0.024602,0.351642,0.336315,-0.220965,0.215271,0.192765,1.0,0.14782,-0.00241,-0.188086,0.247466,-0.069582,0.051545,-0.208444,-0.130558,0.090326,-0.306603,0.042778,-0.090458,0.287165,-0.337513,0.111888,0.041698,-0.225251,0.169125,-0.162549,-0.065292,-0.263339,0.287851,0.155962,-0.150569,-0.095815,-0.243297,-0.019576,0.358042,-0.124969,0.079645,0.082708,-0.312826,0.37308,0.115689,-0.149839,0.128771,0.004435,-0.097167,0.04475,-0.054828,-0.47752,0.125557,0.104445,0.154562,0.185728,0.347501,-0.095949,0.215099,-0.120646,-0.188844,-0.076686,0.208383,0.26242,0.471439,0.244366,-0.002238,0.023936,-0.175043,-0.095939,0.049169,-0.043569,0.148586,-0.119521,-0.1158,-0.3187,0.136895,0.124277,-0.221586,0.108202,-0.024236,0.079236,0.027727,-0.049028,-0.330292,-0.273405,-0.026448,-0.278108,-0.094653,0.004836,0.154713,-0.256489,0.049864,0.004455,-0.03968,0.007533,-0.16302,-0.109156,-0.147498,-0.062012,-0.017127,0.007892,-0.24965,0.025745,-0.256185,0.04552,-0.237895,0.15856,0.197941,-0.150121,0.212678,0.117052,-0.218261,-0.339831,-0.068664,0.226033,-0.362792,-0.003294,-0.034481,-0.014173,-0.260156,0.088276,-0.001916,-0.213019,0.067771,-0.144353,-0.149495,-0.052652,0.332707,-0.443215,-0.114869,-0.035599,-0.135488,-0.019025,0.15875,0.259678,-0.13533,0.082418,-0.332707,-0.241991,-0.045972,-0.022187,-0.269428,-0.02099,0.343674,-0.268094,0.40323,-0.165912,0.033728,0.061537,-0.039015,0.160497,-0.116359,0.436536,0.380655,-0.063386,0.066286,-0.242889,-0.021201,0.154287,0.528133,0.206838,0.296402,-0.023306,0.055921,-0.059122,-0.090631,0.058605,0.087745,-0.067402,0.008848,-0.004386,9.5e-05,-0.066631,-0.056195,0.243869,-0.15607,0.345756,0.215578,-0.301806,-0.150029,0.123598,-0.102156,0.149082,0.151779,-0.455524,0.289964,-0.012094,-0.109468,0.324229,0.235213,0.044054,-0.138203,-0.281928,-0.166785,0.187348,0.130023,#
14,0.3241,0.226449,-0.146449,-0.014128,0.045904,-0.089512,0.129822,0.053738,-0.2215,-0.147002,-0.147395,-0.060455,0.158418,0.14782,1.0,0.14832,0.035826,-0.268768,-0.144886,-0.194373,-0.151218,0.051428,0.015233,-0.355803,-0.196896,-0.060907,0.114405,-0.175359,0.206008,0.085107,-0.375638,0.15817,-0.069994,-0.132946,-0.050899,-0.072563,-0.044395,0.125282,-0.094719,0.022103,-0.062338,-0.027154,-0.272097,0.017024,0.270445,-0.0283,0.385164,-0.172093,0.089183,0.050688,-0.359023,0.03147,-0.1322,-0.34577,-0.138799,0.156661,-0.028133,-0.007466,-0.111888,0.066661,-0.063556,0.236714,0.138965,-0.021186,0.096431,0.08405,-0.164272,0.018493,0.103781,-0.367346,0.080814,0.020056,-0.185628,0.007646,0.147679,0.094485,-0.240453,0.002157,-0.333817,0.124204,0.016959,-0.266464,-0.123299,-0.161206,-0.184802,0.003008,-0.094705,-0.176686,-6.1e-05,-0.176555,-0.023806,-0.146523,-0.101075,0.080081,-0.005143,-0.0723,-0.082995,-0.152874,-0.166328,-0.155575,0.025263,-0.311293,0.113425,-0.150738,-0.237332,-0.118095,-0.091163,-0.255155,0.264521,-0.257745,0.0176,-0.113736,-0.350908,0.011492,-0.350969,-0.001872,-0.02174,0.17064,-0.089296,-0.224977,-0.211958,-0.263313,-0.101955,0.189881,0.117021,0.048312,-0.189781,0.117452,0.040358,-0.193525,-0.074256,-0.364344,-0.280099,-0.283623,-0.131731,-0.13598,0.023987,-0.147707,-0.104166,-0.129979,-0.14077,-0.282865,0.044255,-0.157542,-0.274033,0.013583,0.048433,-0.017703,-0.0388,-0.094158,-0.12129,-0.019085,-0.028185,-0.05505,-0.126034,-0.072592,0.198744,-0.073978,-0.286077,0.014452,-0.503636,-0.048699,-0.001082,-0.211966,-0.036211,0.231136,-0.065184,0.003441,-0.07138,-0.364556,-0.03086,0.017529,-0.203465,-0.036434,0.155153,0.190851,0.091398,-0.139138,0.146196,0.042157,-0.030893,0.256824,0.116709,0.03484,0.303049,-0.2657,0.286979,0.034807,0.131545,-0.125253,-0.225253,0.244221,0.292756,0.290064,0.109438,-0.130599,-0.066755,0.082221,-0.136713,0.315019,#
15,-0.02223,-0.031018,-0.219877,0.213899,0.052744,-0.0475,0.117066,-0.168723,-0.108902,0.256223,0.12084,0.05106,0.241971,-0.00241,0.14832,1.0,0.121681,-0.266892,-0.036238,-0.322976,0.005383,-0.152477,-0.040299,-0.297408,-0.135905,-0.152887,-0.139623,-0.138768,0.03481,0.039671,-0.257472,0.097687,-0.090466,-0.01382,-0.042502,-0.079756,0.003899,-0.08691,0.206508,0.357215,-0.291093,-0.114009,0.073597,-0.04127,0.054815,0.153327,-0.021154,-0.372941,0.060052,0.054275,0.318882,-0.101304,0.219882,-0.05071,-0.059347,0.233794,-0.008687,0.030534,-0.024503,0.162989,-0.17065,0.215086,0.062107,0.110219,-0.239075,-0.192509,-0.229474,0.180145,-0.125829,-0.431396,0.21759,-0.021405,-0.15341,-0.01564,0.016987,0.046194,-0.120326,0.035578,-0.13032,-0.055653,0.091898,0.010548,0.160418,0.059937,-0.001815,-0.182987,0.079148,0.122617,-0.08959,0.020492,0.033497,-0.230845,0.266991,-0.141928,-0.090852,-0.056807,-0.231189,0.047996,-0.217179,0.038461,0.038165,0.086376,-0.092491,0.181792,-0.076905,-0.182572,-0.266305,0.247328,-0.124793,0.126092,-0.417837,-0.045241,-0.176905,0.000776,-0.217628,-0.161229,0.113089,-0.102728,-0.274222,0.038249,-0.112668,-0.06604,-0.010686,0.166508,0.057092,0.071149,0.018178,-0.011817,-0.115368,-0.130324,-0.215204,-0.1374,-0.070065,0.056147,-0.140513,0.019513,0.067802,-0.252686,-0.098919,-0.031428,-0.215487,0.008187,0.096957,0.021607,-0.323289,0.010096,-0.196356,-0.15165,-0.259297,-0.160814,0.010089,-0.175609,-0.119977,-0.250664,-0.240489,-0.001623,-0.094159,-0.094383,-0.300144,-0.041902,-0.270827,-0.341986,-0.135335,-0.280929,-0.19382,-0.211144,-0.295557,0.03434,0.029395,-0.109193,-0.016018,-0.234316,0.061179,-0.075188,0.191095,-0.068772,-0.233009,0.083503,-0.094276,0.074036,-0.064689,-0.114633,0.437329,0.252479,-0.104008,-0.051399,0.047105,-0.177583,0.381416,-0.101127,-0.264512,0.314592,0.280657,0.141049,0.148969,0.11482,0.016664,-0.134349,-0.188431,-0.01878,#
16,-0.000723,-0.192223,-0.192869,-0.041295,0.183089,-0.026221,-0.048509,-0.213943,0.003665,-0.150794,0.430126,0.149556,-0.298195,-0.188086,0.035826,0.121681,1.0,-0.110937,-0.027518,0.003439,0.066691,-0.073618,-0.023214,-0.11141,-0.069743,0.201975,-0.325837,0.01455,0.025097,0.098726,-0.067769,-0.065504,-0.09654,-0.177525,0.246475,0.046537,-0.162836,-0.015531,0.205626,0.164011,-0.197612,-0.316554,-0.398405,-0.284758,0.15192,0.211215,-0.072975,-0.267764,0.11429,0.044936,0.120294,-0.067414,-0.075692,0.058241,0.139064,0.100177,0.036588,-0.071547,0.182762,-0.071552,-0.050577,0.038236,0.154263,0.151603,0.02202,-0.311423,-0.156446,-0.237513,-0.057682,-0.124385,0.172251,0.087438,-0.176784,-0.216847,-0.17572,0.135796,-0.195663,0.096402,-0.169266,0.067597,-0.007071,0.117264,-0.150694,0.19985,-0.152773,0.077429,-0.200352,0.059799,0.173521,-0.142487,0.049831,-0.063718,-0.026765,-0.073368,-0.120075,-0.347196,-0.094715,-0.266906,-0.033442,-0.073126,0.152561,0.021639,-0.400324,-0.201275,-0.200458,-0.059515,-0.088848,-0.027375,-0.109672,0.301451,-0.233464,-0.108317,-0.08056,-0.213584,-0.229044,0.06203,0.067136,-0.163872,0.151452,-0.059558,-0.194033,0.001367,-0.103218,0.08473,0.136654,-0.020449,-0.101237,-0.00678,0.049551,-0.176389,0.221989,-0.122289,0.00969,0.153807,-0.146889,-0.112659,-0.156387,-0.271706,-0.32917,0.066552,-0.314373,0.092979,0.140977,0.087316,-0.309175,-0.030513,0.277962,-0.163242,0.291664,-0.297348,0.043986,-0.063897,-0.231539,-0.218626,-0.135295,-0.152997,-0.044363,0.042658,-0.2036,0.146183,-0.008468,-0.035975,-0.02379,-0.092839,-0.141683,-0.118504,0.013517,-0.026514,-0.115576,0.089255,0.3347,-0.262818,-0.063371,0.08508,0.050398,-0.126605,-0.231485,0.154907,0.007682,0.115875,0.01137,-0.056946,0.148865,0.121468,0.087661,-0.002422,-0.045427,-0.175602,0.219182,-0.184794,-0.137608,0.278623,0.031737,-0.131183,0.01181,0.126157,0.209065,-0.015001,-0.234058,0.113945,#
17,-0.053554,0.101807,0.18698,-0.153,0.056438,0.011094,0.079597,-0.128349,0.348633,0.058715,-0.15161,-0.044202,0.114769,0.247466,-0.268768,-0.266892,-0.110937,1.0,0.164874,0.09213,0.174682,-0.092519,0.067297,0.041535,0.089657,-0.004291,-0.033786,0.039239,0.000752,0.10133,0.112652,0.087263,0.22623,0.026175,-0.093399,0.080494,-0.02944,-0.169323,-0.008001,-0.192382,0.019318,0.110943,-0.100715,0.108498,0.11598,-0.224737,-0.006062,0.417919,-0.158902,-0.042517,0.094034,-0.046648,0.165122,0.117352,-0.192231,-0.098425,0.156723,0.116192,0.215751,-0.088477,0.150073,-0.122538,-0.070207,-0.261276,-0.104067,0.083993,0.081434,-0.050721,0.232368,0.209387,-0.021081,-0.022039,-0.249705,0.013458,0.050095,0.002785,0.104433,-0.172069,-0.02143,0.15105,-0.096178,0.102623,-0.058806,0.040595,0.315273,0.0671,0.128854,0.122685,-0.088733,0.177948,-0.148923,0.009596,-0.315883,0.164114,-0.060533,-0.237192,0.218089,-0.090534,0.184609,0.008591,-0.057764,-0.058429,-0.077631,0.007847,0.167657,0.217583,0.01328,0.021317,-0.144612,-0.12313,0.278301,0.162007,0.275805,0.066682,0.122735,-0.072956,0.0025,0.16993,0.252543,-0.122227,0.206935,0.231357,-0.049329,-0.228374,0.037354,0.272591,0.063437,0.156479,-0.278231,0.067582,0.094896,0.169665,-0.104778,0.146769,-0.040925,0.080988,-0.092196,0.157267,0.29228,-0.072662,0.017294,0.1196,0.004479,-0.119356,0.291071,-0.23668,0.222904,0.201429,0.006573,0.254662,0.076848,-0.026353,0.009937,-0.190793,0.239529,0.041021,0.052425,0.370769,0.144316,0.156869,0.135234,0.186806,0.087698,0.447586,0.287914,0.002314,0.051726,0.024996,0.05388,0.311494,-0.062009,0.042128,0.052301,-0.009205,-0.121608,0.096365,0.011982,0.119789,0.27344,-0.199144,0.371174,-0.155364,-0.377206,-0.053668,-0.03012,0.058324,0.067116,0.064676,-0.424516,0.226435,0.228792,-0.239793,0.085776,-0.146431,-0.017493,0.082862,-0.017448,-0.006787,0.256946,-0.291574,#
18,-0.037265,-0.125486,0.132985,-0.25208,0.003388,-0.021552,0.161778,-0.111718,0.379583,-0.078054,0.08577,-0.015448,0.03323,-0.069582,-0.144886,-0.036238,-0.027518,0.164874,1.0,0.013495,0.093896,0.102897,0.264567,-0.005594,-0.156952,-0.004353,0.237649,0.27438,0.013239,0.12774,0.104645,-0.017994,-0.011277,-0.097256,-0.092692,0.086473,-0.055761,-0.107403,0.005209,-0.16317,-0.026864,-0.013245,0.090755,-0.01375,-0.043558,-0.161664,0.086404,0.046785,-0.232459,0.121511,0.094535,0.212517,0.064062,0.016263,-0.129925,0.16091,0.018072,-0.06096,-0.15156,0.086191,-0.135141,-0.090298,-0.022006,-0.025763,0.10423,0.183076,0.267954,-0.016092,-0.029904,0.043165,0.155429,-0.027147,-0.235328,0.223004,0.006236,0.077922,0.100784,-0.519984,-0.007427,-0.035995,-0.090913,-0.018741,-0.131498,0.116377,-0.000844,-0.109656,0.02348,-0.14858,0.063716,0.169815,0.034681,0.082146,-0.120777,0.146783,0.053113,0.111463,0.0412,0.043219,-0.30688,-0.16302,-0.075176,0.068214,-0.07759,0.190453,-0.081451,0.017881,0.186135,0.038801,0.21959,0.111534,0.085351,-0.017886,0.176752,0.047899,-0.103273,-0.278035,0.145067,0.124234,0.275656,-0.073774,-0.090023,-0.092564,-0.062734,-0.284618,-0.045127,-0.16048,0.146424,-0.112693,0.034591,-0.116109,0.124835,0.102171,0.11509,0.010954,-0.19014,-0.045659,0.211374,-0.018256,-0.090455,-0.187012,0.098016,0.07869,-0.20486,-0.127834,-0.04369,-0.145014,0.054555,0.015605,-0.01027,0.094593,0.319539,-0.172434,0.351947,-0.184773,-0.035489,-0.165887,-0.048897,0.212124,-0.017143,0.164953,0.000625,-0.19965,-0.155042,-0.022216,0.177096,-0.132325,0.137311,0.078996,-0.226106,0.12092,-0.074362,0.326513,0.071672,-0.000216,0.248189,-0.031406,0.129646,0.058676,0.056964,0.257639,0.170866,0.170774,-0.008322,0.039377,-0.01837,0.351841,0.095428,0.087752,-0.122731,-0.047303,0.115149,-0.041541,-0.151751,-0.015673,-0.160762,0.246067,0.020042,0.110062,0.368152,-0.010285,#
19,-0.097635,0.048218,0.146334,0.177807,0.132341,-0.121296,-0.100225,-0.058094,0.236487,0.002585,-0.038933,-0.193295,0.018136,0.051545,-0.194373,-0.322976,0.003439,0.09213,0.013495,1.0,-0.05391,-0.019638,0.040394,0.135658,-0.159959,0.105219,-0.081952,0.192629,-0.102694,0.030564,0.1461,0.053839,0.156604,0.140703,-0.015045,-0.109875,-0.035386,-0.145078,-0.200401,-0.100092,-0.059313,-0.020035,-0.01819,0.101378,0.057292,-0.139473,-0.04373,0.062355,-0.159501,0.06598,-0.005835,0.085105,0.115424,0.104011,-0.174711,0.034843,0.169606,-0.048952,0.012372,-0.145246,0.079576,-0.069869,-0.026129,0.070208,-0.021417,0.067636,0.384187,-0.206632,-0.068171,0.224448,0.045966,0.047292,0.007913,0.134457,-0.229203,0.057043,0.142151,0.139176,0.127811,-0.053962,0.195308,-0.046304,0.03271,0.251208,-0.021424,0.091377,0.019831,-0.220754,0.200137,-0.101991,-0.148933,0.151989,0.038848,0.048907,-0.302616,-0.089485,0.120687,-0.145891,-0.039668,0.122341,-0.235613,0.009261,-0.074526,0.154799,-0.099599,0.179151,0.059154,-0.108714,0.14589,0.088644,0.437575,-0.101431,0.249255,0.118961,0.067816,0.099883,0.278215,-0.088959,0.312505,-0.110012,0.129862,0.098744,0.030283,-0.170009,-0.084944,0.025241,-0.02477,-0.002631,0.131476,-0.074507,-0.034382,0.200053,-0.029291,0.085256,0.117592,-0.077836,-0.146445,0.135628,-0.141099,0.100168,0.155368,-0.037756,-0.024395,0.053947,0.150079,0.197344,0.147962,0.10563,0.06495,0.188132,-0.021768,0.085555,0.030414,0.237907,0.240151,0.159634,-0.100286,0.185003,0.121339,-0.051698,-0.025163,0.085482,0.061784,0.221346,0.162801,-0.065926,0.157048,0.129739,0.127197,0.101708,-0.193145,0.111149,-0.072544,0.271047,-0.006379,0.02295,0.023294,-0.047246,-0.150942,-0.02914,0.170889,-0.098893,-0.178207,-0.015632,0.029293,0.186963,-0.130163,0.099361,-0.386531,0.045004,0.193027,-0.244553,-0.103429,-0.121462,-0.239608,-0.162961,-0.028295,0.227121,0.155982,0.08053,#
20,-0.194965,0.138473,-0.341686,-0.120149,0.315975,0.078675,0.162765,-0.004699,-0.154155,-0.022887,0.143627,-0.166999,0.317287,-0.208444,-0.151218,0.005383,0.066691,0.174682,0.093896,-0.05391,1.0,0.141274,0.384869,0.182556,0.012114,-0.005232,0.114801,0.100622,0.079511,0.321049,-0.046063,-0.034173,0.261818,-0.007664,0.082477,-0.034513,0.024247,-0.26108,0.057801,0.024079,0.182603,0.09185,0.237528,-0.021226,-0.04856,-0.075916,-0.266162,0.194865,0.08696,-0.336937,0.174225,-0.306565,0.004248,-0.114671,0.025698,-0.143432,-0.145648,-0.004686,0.164831,0.00571,-0.036254,-0.189625,-0.235083,-0.005703,-0.047477,0.281659,-0.04807,0.005468,0.18589,0.184705,-0.182112,-0.05206,0.16767,-0.15028,-0.089835,0.262033,0.047705,-0.12753,-0.206145,-0.182959,-0.355216,-0.126796,-0.17525,0.110387,-0.164593,-0.30153,0.002285,-0.159721,-0.144071,0.078513,-0.342682,-0.354386,-0.250066,-0.197951,-0.043951,-0.116958,-0.295437,-0.24396,-0.275241,0.049982,0.252992,0.049137,-0.319133,-0.239898,0.158166,-0.13268,-0.071676,-0.15339,-0.240993,0.003327,0.12019,0.179713,-0.133438,-0.263638,-0.122546,-0.014118,-0.049659,-0.056998,-0.025386,-0.145698,-0.041615,-0.201309,-0.232282,-0.294794,-0.199722,0.050189,0.040087,0.081561,-0.037527,-0.268624,-0.327432,-0.130968,-0.061539,-0.002813,-0.244223,-0.078306,-0.355323,-0.39938,-0.001786,-0.204822,-0.431707,0.031288,-0.209083,-0.127001,-0.327269,-0.164176,-0.171019,0.39477,-0.14491,-0.156645,-0.10121,-0.219728,-0.186752,-0.462899,-0.366722,-0.163945,-0.113578,0.221316,-0.135063,-0.18696,0.138582,0.084466,-0.212427,0.026173,-0.215629,0.047797,-0.178544,-0.108507,-0.337997,0.302463,0.123481,0.172015,-0.213666,-0.258549,0.072625,-0.322723,-0.195936,0.107189,0.151851,-0.107263,0.277485,-0.080295,0.039964,0.123109,0.211484,-0.08429,-0.139466,0.065793,0.083679,0.184324,-0.205854,0.34661,0.244437,0.108646,-0.08664,0.446997,0.230421,0.004754,-0.115794,-0.067482,#
