0,1.0,0.373796,-0.254319,-0.158436,0.418494,0.155367,0.009848,-0.216655,0.132368,0.309906,0.102055,-0.025357,0.285955,0.402191,0.252119,0.101031,0.056288,-0.085675,-0.117053,-0.213476,0.047709,-0.098427,0.036133,-0.233066,0.124001,-0.306233,0.080819,-0.167287,0.255694,0.309045,-0.476004,0.239648,-0.033625,-0.236489,-0.007097,0.026749,0.023397,-0.342465,-0.074191,0.064074,0.136793,0.1284,-0.28423,-0.125867,0.142081,-0.221301,0.108491,0.017233,0.036627,-0.1211,-0.033651,-0.21373,-0.074738,-0.050126,0.099751,0.111708,-0.243701,0.172508,-0.268472,0.158977,0.12911,0.276409,0.057477,-0.378864,-0.046249,0.161855,-0.001942,0.295715,0.254202,-0.008387,-0.156904,-0.026972,0.163167,-0.147424,-0.108003,0.119244,-0.337213,-0.250803,-0.208772,-0.180722,-0.098397,-0.385154,-0.045747,-0.198083,-0.312618,-0.110626,-0.213897,-0.214785,-0.151338,-0.383736,-0.142802,-0.525511,-0.123739,0.021041,-0.257207,-0.024564,-0.065927,-0.060988,-0.316781,-0.229694,-0.001086,-0.36493,-0.313583,-0.002077,-0.200291,-0.122394,-0.01662,-0.271798,-0.0712,-0.169593,0.140239,-0.149638,-0.183396,-0.231091,-0.341823,-0.275208,0.013353,-0.18799,0.081036,-0.258863,-0.330958,-0.284562,-0.346804,-0.047293,0.153716,-0.109506,-0.311102,0.094319,-0.131046,-0.444023,-0.233192,-0.138737,-0.483565,-0.174659,-0.062053,-0.28007,-0.120898,-0.350956,-0.057219,-0.392032,-0.314448,-0.37298,-0.259323,-0.282856,-0.255379,-0.219137,-0.192996,0.413565,-0.210247,-0.178326,-0.474514,-0.139662,-0.09572,-0.165142,0.034303,-0.132746,0.02732,0.286369,-0.193429,-0.462982,-0.262937,-0.166815,0.059661,0.072816,-0.249711,0.31967,-0.175658,0.3109,-0.299556,-0.310169,0.031597,0.142359,-0.167807,-0.098847,0.308481,-0.243605,-0.110104,0.030701,0.274978,-0.380178,0.322656,0.19091,-0.046771,0.252829,0.352559,-0.234695,0.157622,-0.205381,0.058143,0.238199,-0.358419,0.144376,0.330325,0.206533,-0.015174,-0.127098,0.004567,-0.255082,-0.055832,-0.034562,#
1,0.373796,1.0,-0.117909,-0.277348,0.285638,0.20256,0.17333,-0.382923,0.186798,0.324371,0.095023,-0.008425,0.083568,0.34555,0.169461,-0.085665,-0.297526,0.195085,0.077565,-0.110756,0.268394,0.189574,0.307629,-0.035939,0.015523,-0.367713,0.417276,-0.086673,0.266782,0.283455,-0.440304,-0.185189,0.066113,-0.4107,-0.097017,0.054529,0.181758,-0.521675,-0.139138,0.18238,0.112086,0.326028,-0.096032,-0.048441,0.055844,-0.114831,0.044888,0.392542,-0.087024,0.004921,-0.135162,-0.622841,0.103852,-0.332107,0.105938,-0.038893,-0.161043,0.352126,0.080794,0.358954,0.181453,0.352572,0.121777,-0.044564,0.010884,0.345281,-0.199882,0.290709,0.300212,0.018041,-0.310107,-0.139431,0.239636,-0.165754,-0.354859,0.150614,-0.360642,-0.163238,-0.348142,-0.157209,-0.192849,-0.623449,-0.322451,-0.298922,-0.122366,-0.214404,0.00614,-0.478325,-0.056731,-0.232738,-0.360861,-0.302073,-0.303923,0.106888,-0.110839,-0.210748,-0.157184,-0.156967,-0.144212,-0.338825,0.300926,-0.307412,-0.175861,-0.09183,-0.078827,-0.206827,-0.21915,-0.497127,0.019439,-0.274425,0.203827,-0.173185,-0.411605,-0.230604,-0.193264,-0.296605,-0.278524,-0.085772,-0.103039,-0.473494,-0.172287,-0.350622,-0.338383,-0.312173,0.015089,-0.258229,0.153293,0.260775,-0.205666,-0.41996,-0.137056,-0.29912,-0.295748,-0.203926,-0.216641,-0.426957,-0.139922,-0.09968,0.067764,-0.687223,-0.255484,-0.159383,-0.342678,-0.217026,-0.137674,-0.414624,-0.293253,0.494255,-0.146553,-0.063325,-0.363871,-0.394759,-0.173547,-0.327525,-0.133282,-0.112505,0.047622,0.482499,-0.193329,-0.291533,-0.130127,-0.325798,-0.153057,0.140119,-0.130601,0.369033,-0.173814,-0.085186,-0.364834,-0.375915,0.030163,0.210094,-0.34909,-0.190018,0.08422,-0.44116,-0.276496,0.105422,0.482962,-0.248018,0.619941,-0.020301,-0.162346,0.326947,0.356676,-0.40549,0.178237,-0.025054,-0.086384,0.534081,-0.348077,0.360994,0.346089,0.248878,-0.001776,-0.217223,-0.081343,-0.4143,-0.125436,-0.109815,#
2,-0.254319,-0.117909,1.0,0.150931,0.017944,-0.064364,0.03591,0.298527,0.146447,-0.24621,0.07287,0.222913,-0.208784,-0.074219,-0.170699,-0.237256,-0.031636,0.139102,-0.098372,0.13446,-0.064714,-0.068528,0.06182,0.132442,0.352527,0.235473,-0.055896,-0.046169,0.129517,-0.179319,0.058318,0.158419,-0.142278,0.095098,-0.082029,0.074868,0.097872,-0.007673,0.032607,-0.179229,0.009369,0.002175,-0.056642,-0.178114,0.139579,-0.121647,-0.05215,0.01377,-0.02468,0.163842,0.015837,0.230894,-0.01552,0.174583,-0.044445,-0.167021,-0.07536,0.000149,-0.043212,-0.072574,0.066235,-0.170091,-0.149621,0.09885,0.083507,0.08967,0.008508,0.067837,0.061231,0.197491,0.148447,0.102103,-0.00953,0.049918,0.137074,0.019881,0.063197,0.116453,-0.066392,-0.062424,0.184453,0.065475,0.034884,0.276718,0.168696,0.05283,-0.014536,0.077629,0.072199,-0.153373,0.200253,0.164951,-0.050181,-0.108673,-0.063873,0.008803,0.337289,0.037866,0.358419,0.107954,-0.033402,0.153332,0.071555,0.203706,-0.140342,0.049192,0.231795,0.357497,-0.040453,0.032167,0.136994,-0.04982,0.02311,0.258468,0.138355,0.205842,-0.218007,-0.039761,-0.036277,0.263219,0.031661,-0.010564,0.400292,0.01538,-0.107516,0.087424,-0.014496,-0.298724,-0.311512,0.143969,-0.034062,-0.050895,0.115609,0.078102,0.047765,-0.03134,0.015715,0.182212,0.119304,0.183749,0.09856,0.460987,-0.055587,-0.164678,0.013172,-0.132286,0.206832,-0.088357,0.12071,0.036828,0.205945,0.024953,0.088257,0.137763,0.216227,-0.202009,0.275587,0.025625,0.299023,0.181224,0.293509,0.068066,0.323175,0.042133,0.176267,-0.13979,0.214876,-0.359603,0.186576,-0.003677,0.129205,-0.086726,0.040569,0.109651,-0.298201,0.141561,-0.030418,0.095287,-0.210714,-0.072832,-0.24302,-0.030739,0.173234,-0.249722,-0.163794,0.262482,0.085304,-0.195675,0.055766,-0.037769,0.065262,0.005899,0.021496,-0.054866,-0.110123,0.163458,0.11532,-0.144876,0.007995,0.013166,#
3,-0.158436,-0.277348,0.150931,1.0,-0.038162,-0.174357,-0.07047,0.315324,-0.116612,0.066188,-0.130491,-0.135653,0.026028,-0.217546,-0.083075,-0.001654,-0.028909,0.146948,-0.352767,0.132692,0.014495,-0.118808,-0.082542,-0.030657,0.176373,0.169297,-0.381377,-0.107321,-0.142521,-0.122536,0.468864,0.069814,0.280655,0.269072,0.079098,0.00553,0.110219,0.1887,0.049873,-0.149703,0.107732,-0.023709,-0.053868,-0.262967,0.244285,-0.178468,-0.32602,-0.223727,0.193532,-0.069871,0.15097,0.196697,0.014478,0.246445,-0.151303,-0.115222,0.094551,0.05213,-0.064493,-0.291609,-0.126877,0.023761,-0.020186,-0.015826,-0.08844,-0.02976,0.276716,-0.245781,-0.123343,0.045536,-0.083661,-0.056768,0.1581,0.234011,0.299217,-0.048487,0.182626,0.262744,0.187873,0.116225,0.157844,0.329034,-0.002628,0.148196,0.040473,-0.082785,0.149821,0.042597,0.080537,0.11707,0.033068,0.09831,0.302828,-0.123562,0.039098,-0.038126,-0.190578,0.044512,0.25477,0.260665,-0.145847,0.18141,0.428939,0.44119,0.176459,0.135708,0.030352,-0.053892,0.07136,0.065086,-0.135514,0.052284,0.263565,0.264029,0.128882,0.487661,0.358101,0.106001,0.078919,0.029301,0.160573,0.172473,0.18345,0.230878,-0.036406,0.198169,-0.092863,-0.044582,0.096443,0.288745,-0.077177,0.104831,0.364161,0.092971,0.036839,0.234425,-0.026422,0.013484,-0.101522,0.246219,0.00652,-0.077603,0.145049,0.08707,0.242914,0.236186,0.086284,-0.074481,0.27653,0.140342,0.076191,0.021752,0.034368,0.140602,0.287123,0.295928,-0.226602,-0.042349,0.147372,0.101746,0.24147,0.371305,0.042407,0.164703,0.181096,-0.278521,0.132044,-0.187758,0.176742,0.375277,-0.048979,-0.336175,0.119868,0.066068,-0.186974,0.383576,-0.088816,-0.107305,-0.331782,-0.061983,-0.284227,-0.093139,-0.086027,-0.265891,-0.195812,0.178864,-0.402096,-0.002266,0.064158,-0.398945,0.096043,-0.117817,-0.150176,0.10243,-0.029674,0.072783,-0.153877,0.336158,0.133646,0.118118,#
4,0.418494,0.285638,0.017944,-0.038162,1.0,0.07679,0.15224,-0.145441,0.104264,0.207782,0.190611,0.086964,0.075163,0.142023,0.018448,0.205773,0.036511,-0.061621,0.206329,-0.138926,0.221405,-0.230776,0.261689,0.051524,-0.018427,-0.18989,0.217375,-0.059495,0.324449,0.089657,-0.296736,0.067026,-0.010312,-0.177267,0.038682,-0.005752,0.08201,-0.312074,-0.069048,0.041791,0.231781,0.114254,-0.144143,-0.206381,0.229542,-0.122022,-0.051862,0.223174,0.21687,-0.062765,0.134321,-0.326651,0.271178,-0.206904,-0.038136,-0.050681,-0.101106,0.18519,0.055434,0.150532,-0.113837,0.327199,-0.144028,0.101565,0.169609,0.183222,0.023019,0.19002,0.211535,-0.051776,-0.198637,-0.057736,0.206566,-0.246069,-0.258857,0.167491,-0.297244,-0.177661,-0.310364,-0.125668,-0.178635,-0.315941,-0.349864,0.160436,-0.336947,-0.092348,-0.180486,-0.374449,0.004688,-0.366366,-0.208582,-0.354688,-0.164334,-0.166889,-0.355123,-0.238054,-0.193875,-0.20907,-0.328989,-0.111512,0.19992,-0.371121,-0.288221,0.08772,-0.307152,-0.167618,0.001096,-0.136473,-0.107697,0.053987,0.163084,-0.063413,-0.056436,-0.180624,-0.337112,-0.15953,-0.05952,-0.159022,0.181413,-0.372848,-0.266802,-0.436859,-0.304563,-0.272103,-0.003802,-0.219554,-0.054211,0.036181,0.061597,-0.473253,-0.119519,-0.089799,-0.117197,-0.051574,-0.219328,-0.078176,-0.195204,-0.195132,-0.223823,-0.360483,-0.414526,-0.118693,-0.437294,-0.086224,-0.179941,-0.023211,-0.148701,0.2527,-0.310471,-0.341323,-0.266333,-0.232544,-0.040561,-0.256174,0.184881,-0.335299,-0.014181,0.457743,-0.251148,-0.346615,-0.016628,-0.422842,0.105904,-0.089305,-0.283642,0.290719,-0.044546,0.017553,-0.186251,-0.205726,0.218042,0.309009,-0.328583,0.008641,0.228558,-0.22955,-0.269858,0.188454,0.218304,-0.084938,0.444802,0.061568,-0.024322,0.139829,0.071778,-0.130138,0.058141,-0.149752,0.010539,0.122531,-0.205294,0.185362,0.350026,0.3107,-0.31945,0.003049,0.174366,-0.196833,0.035726,0.15508,#
5,0.155367,0.20256,-0.064364,-0.174357,0.07679,1.0,0.234167,-0.18479,0.380439,0.206794,0.35583,0.029727,-0.023703,0.14852,-0.077086,0.128634,0.106169,-0.07832,0.160878,-0.244817,0.224799,0.166975,0.443715,-0.27185,-0.028979,-0.338998,0.023819,-0.113825,0.04442,0.225558,-0.203301,0.093335,-0.191146,-0.104524,-0.126341,-0.041424,0.037369,-0.154468,0.290227,-0.146343,0.12819,0.234706,0.195307,-0.15306,-0.257848,-0.142838,0.226939,-0.127122,0.294832,0.030919,0.079461,-0.094964,0.037123,-0.096996,0.2604,0.480307,-0.429012,0.32364,-0.245783,0.213343,0.254038,0.007506,0.016536,0.000265,0.065577,0.184985,-0.098053,0.332529,0.097019,0.064521,-0.090352,0.04922,0.147032,-0.388341,-0.448129,0.237371,-0.114363,-0.149848,-0.233108,-0.064869,-0.333535,-0.341818,-0.150411,0.256403,-0.277018,-0.074529,-0.18438,-0.2386,0.036475,-0.239965,-0.061653,-0.178792,-0.326879,0.271951,-0.072332,-0.029361,0.171154,-0.171093,-0.059009,-0.179456,0.335928,-0.162526,0.003646,-0.298986,-0.115113,-0.422829,0.077335,-0.174117,-0.180232,0.113945,-0.128082,-0.054432,-0.170929,-0.187825,-0.038237,-0.475367,-0.177647,-0.217475,0.099371,-0.201433,-0.166778,-0.043879,-0.286666,-0.330647,0.029715,-0.15637,0.293594,0.308573,-0.287035,-0.295278,-0.117237,0.06303,-0.39558,-0.110037,-0.063238,-0.176211,0.019402,-0.224054,0.10794,-0.432374,-0.166029,-0.05211,-0.165074,-0.097287,-0.163502,-0.344052,-0.230409,0.440445,-0.16176,-0.103073,-0.067885,-0.242437,0.023806,-0.350537,-0.162877,-0.081494,0.014773,0.06927,-0.150644,-0.16429,-0.195199,-0.064915,-0.171045,0.017162,0.004241,0.245124,-0.16196,-0.241433,-0.310442,-0.203415,0.154747,0.0898,0.185489,-0.174648,0.287621,-0.408116,-0.3424,0.357359,0.111823,-0.031871,0.243579,0.095152,0.000475,0.256239,-0.064497,-0.113154,0.099824,0.062784,-0.124813,0.382147,-0.22364,0.072477,0.022721,0.274426,-0.012963,0.249836,0.069221,-0.236488,-0.21561,-0.045879,#
6,0.009848,0.17333,0.03591,-0.07047,0.15224,0.234167,1.0,-0.241846,0.100903,0.241136,0.15176,-0.032132,0.127093,-0.031996,0.069289,0.040877,0.080319,-0.050512,0.142013,-0.100637,0.286599,0.255611,0.021854,-0.212751,-0.058165,-0.414714,0.06271,-0.021651,0.152952,-0.072689,-0.232381,-0.241783,-0.07672,-0.046652,0.010134,-0.206754,0.235023,-0.134542,-0.122461,0.08248,-0.057418,0.207033,0.067848,-0.128769,0.002288,-0.092183,0.061266,0.029616,0.227902,0.248887,0.112083,-0.260627,0.037509,-0.244226,-0.064306,0.096426,-0.019129,0.114174,-0.049662,0.364048,0.02903,0.286849,0.055714,0.203561,-0.156008,-0.018314,-0.228088,-0.010531,0.062788,0.106988,0.140791,-0.243091,0.055439,-0.167552,-0.312357,-0.047036,-0.11954,-0.151777,-0.306637,-0.027723,-0.113889,-0.218127,-0.077342,0.031127,-0.194384,0.193771,0.030928,0.007679,0.074107,-0.236579,-0.064741,0.017274,-0.009403,0.183322,0.275665,-0.201862,-0.034819,-0.244129,-0.075448,-0.078998,0.180272,-0.315509,-0.126747,-0.154876,-0.072027,-0.091254,0.035934,0.020297,-0.208803,-0.101575,-0.071873,-0.197623,-0.283523,-0.1292,-0.089199,-0.202344,-0.23635,-0.312718,0.147638,-0.076626,0.086108,-0.147736,-0.04644,-0.237601,-0.384642,0.1973,0.172657,0.217823,-0.159372,-0.061943,0.067945,0.210378,-0.017507,0.295587,0.070524,0.06968,-0.159666,-0.177185,-0.02359,0.001673,-0.01215,0.229107,0.159255,-0.051852,-0.23933,-0.242515,0.028092,0.388455,-0.050761,0.147513,-0.097942,-0.185781,0.065556,-0.023564,0.16396,0.00108,0.091661,0.204126,-0.094562,-0.021827,0.071521,-0.145249,-0.008799,0.19749,-0.070337,0.075576,0.003888,-0.211502,-0.054368,-0.118343,0.203706,-0.004969,0.188303,-0.088183,-0.046723,-0.145312,-0.073563,0.174256,0.012292,-0.154273,0.059698,0.021405,0.308351,0.117284,-0.156662,0.006609,0.122192,-0.15938,-0.153179,-0.02946,-0.236456,0.241835,0.038828,0.100925,0.16626,0.313464,-0.073128,-0.109003,-0.072549,0.006844,#
7,-0.216655,-0.382923,0.298527,0.315324,-0.145441,-0.18479,-0.241846,1.0,-0.164352,-0.312652,-0.217131,-0.153013,-0.114012,-0.31555,0.171988,-0.054133,-0.061353,-0.099091,-0.208794,0.289219,-0.205635,-0.085559,-0.246781,0.290134,0.416882,0.302,-0.07671,0.072381,-0.212268,-0.249443,0.325847,0.166591,0.086456,0.167684,0.089954,0.091492,-0.047213,0.261435,0.188559,-0.121555,-0.078926,-0.150414,0.042815,-0.113094,0.257458,-0.064091,-0.017944,0.148693,-0.05459,-0.31036,0.053693,0.316873,-0.021733,0.159333,-0.100707,-0.179139,-0.00065,-0.187918,0.154846,-0.353566,-0.275749,-0.256791,-0.261231,-0.039193,-0.315548,-0.016873,0.315584,-0.161068,-0.153338,0.158111,-0.003369,0.067618,0.173973,0.171859,0.325124,-0.118231,0.330611,0.094627,0.186824,0.053389,0.111664,0.321789,0.070342,0.065155,0.1418,0.060445,-0.042658,0.181002,0.178314,0.023414,0.277711,0.171045,0.089461,-0.418115,-0.014257,0.008162,0.19498,0.192496,0.150139,0.25835,-0.205228,0.244057,0.420699,0.204785,0.170213,0.214499,0.251893,0.348936,0.145034,-0.013846,0.060213,0.058267,0.346715,0.198251,0.169617,0.399135,0.23836,0.018273,-0.076968,0.210597,0.191354,0.149816,0.2177,0.28694,0.022959,-0.063682,-0.275251,0.032854,0.04105,0.520817,0.001136,-0.11099,0.106148,-0.017535,0.140598,0.278068,-0.113983,0.190854,0.211218,0.315898,0.141026,0.224794,0.29526,-0.030527,0.24222,0.215231,0.095474,-0.326816,0.11473,0.191987,0.172999,0.335626,-0.10657,0.16847,0.313897,0.128324,0.033935,-0.336618,0.099713,0.005293,0.262905,0.336387,0.005506,0.021295,0.240526,-0.343066,0.239328,0.001869,0.4285,0.075141,-0.155185,-0.147523,0.069913,-0.004687,-0.277828,0.229876,-0.095813,-0.296945,-0.372941,-0.161074,-0.443381,-0.062769,-0.193958,-0.291743,-0.374961,0.036248,-0.08425,-0.121427,0.159922,-0.361151,0.338604,-0.2576,-0.259711,-0.236109,-0.124522,0.167102,0.067036,0.235744,0.169947,-0.026128,#
8,0.132368,0.186798,0.146447,-0.116612,0.104264,0.380439,0.100903,-0.164352,1.0,0.175302,-0.052895,0.147902,-0.111883,0.346527,-0.085647,-0.013467,-0.069274,0.293203,0.308684,0.093221,-0.113048,-0.072071,0.410428,-0.184601,0.215358,-0.240545,0.004863,-0.162474,0.224288,0.231925,-0.213342,0.057454,-0.252316,-0.023687,-0.040433,0.326106,0.184774,-0.408122,0.16315,-0.156041,0.197853,0.049307,-0.084449,-0.076112,-0.034025,0.003126,0.356939,0.182037,0.213026,0.068012,0.185327,-0.085875,-0.032242,-0.09554,-0.181555,0.094628,-0.052753,0.165967,-0.379416,0.155657,0.19087,0.144458,0.011017,-0.13475,-0.09004,0.267769,0.210186,0.207489,0.234517,0.001324,-0.04371,-0.030695,-0.174746,-0.047022,-0.316944,0.142976,-0.024301,-0.224237,-0.198537,-0.009199,-0.002106,-0.288804,-0.134047,0.222455,0.08885,-0.041797,-0.218313,-0.224503,0.088957,-0.064688,-0.238174,-0.052125,-0.260957,0.195842,-0.209108,-0.121923,0.160484,-0.09631,0.108659,-0.239755,0.162588,0.01993,-0.28024,0.139954,-0.157364,-0.095838,-0.06231,-0.170151,0.234006,-0.018811,0.174584,-0.189261,-0.097503,-0.101195,-0.24467,-0.206549,-0.047644,-0.200974,0.223936,-0.397411,0.001068,-0.311166,-0.189668,-0.325123,0.00034,-0.02541,-0.001551,0.065746,-0.390748,-0.231663,-0.019559,0.008253,-0.371197,-0.164466,-0.34783,-0.208449,-0.152911,-0.062123,0.212076,-0.243142,-0.20726,-0.229831,-0.233515,-0.352149,-0.277084,-0.539865,0.123164,0.333151,-0.227578,-0.115142,0.063491,-0.349696,0.18511,-0.185912,0.084267,-0.002555,0.19967,0.36283,-0.072975,0.073132,-0.258717,-0.068456,-0.054917,0.216222,0.112855,-0.159785,-0.061027,-0.220096,-0.227796,-0.035616,0.175923,0.200347,0.11433,-0.250623,0.134105,-0.225079,-0.18598,0.173572,0.186316,-0.029697,0.247867,0.128368,-0.167945,-0.03879,0.146612,0.173612,0.21004,0.038193,-0.313347,0.335394,-0.227082,0.003745,-0.0359,0.134671,-0.331565,0.075088,-0.049317,-0.192047,0.030673,-0.030778,#
9,0.309906,0.324371,-0.24621,0.066188,0.207782,0.206794,0.241136,-0.312652,0.175302,1.0,0.070566,0.066726,0.261966,0.175002,-0.020299,0.382972,-0.007973,0.151726,0.198034,-0.279822,0.367943,0.037458,0.119964,-0.285056,-0.160429,-0.281832,-0.057306,-0.118707,0.130316,0.253923,-0.239299,-0.124328,0.083917,-0.096694,0.131383,0.163271,-0.058012,-0.397918,-0.066361,0.230757,-0.091204,0.11313,-0.084459,-0.149772,-0.009704,-0.057961,-0.084434,-0.076731,-0.036878,-0.017523,0.212234,-0.438026,0.094875,-0.01349,0.179526,0.07281,-0.168337,0.288302,-0.128635,0.049194,0.130749,0.340938,0.055976,0.006104,-0.170633,0.049406,0.010578,0.013796,0.119063,-0.043945,-0.259964,-0.255916,0.061633,-0.119092,-0.170092,0.088437,-0.393768,-0.028959,-0.339819,-0.208613,-0.245136,-0.155689,-0.205578,-0.161465,-0.179535,-0.25913,-0.063982,-0.164131,-0.10121,-0.054731,-0.39871,-0.326343,-0.100626,-0.038427,-0.010508,-0.182917,-0.196808,-0.000218,-0.401594,-0.115288,0.246615,-0.127553,-0.145005,-0.086142,-0.226721,-0.114208,-0.219274,-0.218142,-0.164604,-0.118841,-0.198732,-0.141404,-0.329625,-0.202322,-0.381488,-0.072787,-0.209084,-0.218293,-0.059335,-0.284244,-0.197605,-0.072692,-0.376704,-0.123954,-0.210159,-0.063422,-0.109003,-0.049786,0.062578,-0.214486,-0.169188,-0.110075,-0.136658,0.108636,-0.282536,-0.036886,-0.114245,-0.331642,-0.106654,-0.318413,-0.297144,-0.27218,-0.109609,-0.179283,-0.284346,-0.196681,-0.152648,0.364238,-0.250149,-0.246973,-0.261413,-0.483168,-0.297059,-0.348896,-0.094814,-0.084294,0.007414,0.354962,-0.237752,-0.150932,-0.183808,-0.229256,-0.177932,0.137197,-0.2164,0.020834,-0.229122,0.102596,-0.284552,0.005936,0.251035,0.014929,-0.02261,-0.229043,0.189984,-0.198584,-0.225757,0.247989,0.046372,-0.264015,0.300965,0.133558,0.119174,0.335154,0.14643,-0.189913,0.185035,-0.150427,0.095465,0.276069,-0.418416,0.184959,0.193723,0.232461,0.133417,0.121434,0.060542,-0.185832,-0.050173,-0.114833,#
10,0.102055,0.095023,0.07287,-0.130491,0.190611,0.35583,0.15176,-0.217131,-0.052895,0.070566,1.0,0.131944,-0.053061,-0.195813,-0.022004,0.160633,0.35916,-0.20352,-0.015804,-0.284321,0.258122,0.139831,0.066902,0.015168,-0.066809,-0.157454,-0.064175,0.077262,0.138903,0.085398,-0.215286,0.049242,-0.188505,-0.141752,0.302838,0.046223,0.167554,-0.061905,0.015165,0.346051,-0.105733,0.024059,-0.032464,-0.113965,-0.102662,-0.160844,-0.175063,-0.125383,0.183195,-0.094961,0.185994,-0.086732,-0.081991,0.000761,0.518784,-0.018899,-0.501485,0.146421,0.036879,0.260132,0.070184,0.120944,-0.144542,0.179384,0.216005,-0.031037,-0.256398,-0.008067,0.136649,-0.417816,0.004299,-0.061809,0.009835,-0.404059,-0.229621,0.238874,-0.313705,0.125761,-0.290456,-0.342197,-0.183569,-0.222042,-0.115645,0.030582,-0.549494,-0.029496,-0.139718,0.046517,-0.28973,-0.270921,-0.009553,-0.357737,-0.095921,-0.151086,-0.074424,-0.138764,-0.139338,-0.036041,-0.022347,-0.122932,0.168082,-0.181491,-0.193584,-0.338863,-0.254341,-0.122583,-0.121669,0.124877,-0.221659,0.259345,-0.272083,-0.222152,-0.366696,-0.143148,-0.221558,-0.347222,-0.131962,-0.164866,-0.124174,0.092765,-0.446325,-0.023559,-0.171404,0.053297,0.020344,-0.050848,0.286573,-0.067719,-0.158438,-0.252535,-0.057733,-0.052076,-0.235715,-0.027834,-0.011575,-0.114039,-0.179484,-0.169973,-0.142586,-0.21732,-0.367361,0.163887,-0.114906,0.022761,-0.303027,-0.213014,-0.185876,0.129483,-0.02342,-0.291528,-0.085991,-0.116708,-0.183093,-0.328473,-0.214274,-0.287718,0.256463,-0.086426,-0.177559,-0.042923,0.086481,-0.274499,-0.037612,-0.263363,-0.333905,0.148646,-0.16082,-0.100243,-0.33023,-0.223635,0.329724,-0.009818,-0.1707,-0.221649,0.193112,-0.366307,-0.354675,0.366874,0.170568,0.286538,0.159212,0.06347,0.246107,0.231479,0.130753,-0.214592,0.006019,-0.04822,0.413735,0.117167,-0.424573,0.46242,0.128569,0.077338,0.026465,0.095754,0.215918,-0.466683,-0.271789,-0.09483,#
11,-0.025357,-0.008425,0.222913,-0.135653,0.086964,0.029727,-0.032132,-0.153013,0.147902,0.066726,0.131944,1.0,-0.309514,0.121636,0.124092,0.198016,-0.04101,-0.107654,0.097458,-0.184339,0.024095,-0.372848,0.034819,-0.201247,0.103879,0.110265,0.011871,-0.096282,0.269797,0.303041,-0.164254,0.104978,-0.426452,-0.141513,-0.078427,0.23629,-0.370081,0.126137,0.199476,0.317617,-0.01558,-0.215018,-0.175123,-0.015028,0.175303,0.125313,-0.010086,-0.174221,-0.155134,0.213228,0.161037,-0.094713,-0.134298,0.22309,-0.124605,0.081205,-0.157059,-0.190889,-0.133783,-0.179512,-0.134604,0.143997,0.193154,0.149322,0.110899,-0.123705,0.178909,0.021934,0.048154,-0.12287,0.177282,0.142883,0.018601,-0.018009,-0.107046,0.115971,-0.328172,-0.138559,-0.076191,-0.228114,-0.041615,-0.091133,0.0086,0.130298,0.038619,-0.000883,-0.349792,-0.310037,-0.058659,-0.326349,-0.066944,-0.02353,-0.109834,-0.183498,-0.24948,-0.080971,-0.100832,-0.276004,-0.188175,0.019763,-0.019406,0.074229,-0.153059,-0.043083,-0.395066,-0.092777,-0.180469,-0.060742,-0.024987,-0.021492,-0.337341,0.160427,-0.231145,0.117425,-0.194504,-0.031631,-0.020629,-0.13213,0.024715,-0.217612,-0.328595,-0.121661,-0.227402,-0.001368,0.264721,-0.162251,-0.136618,-0.263145,-0.216441,-0.244384,-0.06702,-0.316517,-0.083385,0.049015,-0.193839,-0.122381,0.135734,-0.024157,-0.001877,-0.110001,-0.18496,0.028199,-0.138039,-0.101545,-0.253739,-0.296364,0.279479,0.216952,0.011121,-0.170246,0.060054,-0.163406,-0.122141,-0.178548,-0.247364,-0.19408,0.099338,0.053842,-0.057102,0.045485,-0.183128,-0.070588,-0.039434,-0.244012,0.003478,-0.149741,-0.214966,0.000923,0.075704,-0.104212,0.164755,-0.16709,-0.138488,-0.409809,0.150739,0.031191,-0.141482,0.081198,0.056214,-0.11899,0.028838,0.209937,0.021603,0.106847,0.281865,0.077924,0.257641,-0.157972,-0.041361,0.133386,-0.239451,0.182399,0.211395,0.208758,-0.227743,0.029231,0.136568,-0.179532,-0.012573,0.36877,#
12,0.285955,0.083568,-0.208784,0.026028,0.075163,-0.023703,0.127093,-0.114012,-0.111883,0.261966,-0.053061,-0.309514,1.0,0.136662,-0.026165,0.125597,-0.039034,-0.029172,0.129458,0.030606,0.239558,0.170878,-0.026748,-0.072178,-0.049496,-0.249327,-0.008506,-0.079479,0.119448,-0.009484,-0.05184,0.185718,-0.041675,0.012104,-0.2838,-0.319064,0.046246,-0.201304,-0.076432,-0.149189,-0.049159,0.333118,-0.055746,0.086605,0.123505,-0.235859,-0.059171,0.033243,-0.01243,-0.152944,0.099195,-0.027247,0.11931,-0.228768,0.091945,0.01442,-0.105844,0.138457,-0.130863,0.083442,0.018979,0.035819,-0.06621,-0.268681,0.051463,0.283117,-0.082845,0.149385,0.196188,-0.074425,-0.102201,-0.046836,-0.07309,-0.035922,-0.054442,-0.084693,-0.089931,-0.224593,-0.033086,-0.151625,-0.0482,-0.224783,0.12378,-0.040292,-0.023669,-0.188281,0.116679,-0.032245,-0.137048,-0.107075,0.112793,-0.296756,-0.108906,0.159878,0.220918,0.034322,-0.044705,0.101662,-0.224315,-0.152026,0.206033,-0.151337,0.042937,-0.084867,0.024052,-0.061836,-0.044732,0.003146,-0.245161,-0.220601,0.316586,-0.204663,0.051461,-0.074106,0.002343,-0.130062,0.100784,0.104085,-0.132082,0.022819,0.01431,-0.167393,-0.325664,-0.072978,-0.210026,0.145195,-0.275291,0.089298,0.148812,-0.124799,-0.219878,0.198773,-0.016225,-0.019206,0.000429,0.021821,-0.165354,-0.215812,-0.008708,-0.087263,-0.049234,0.138996,0.015851,-0.034544,0.009021,0.213783,-0.173118,0.276602,-0.269311,-0.048012,-0.142532,-0.087647,-0.02502,-0.163341,-0.188387,-0.073756,0.160526,0.105844,-0.089636,-0.071464,0.03956,-0.068318,0.060109,0.037545,-0.201216,0.076267,0.06971,-0.071091,0.033854,-0.027095,-0.001723,0.259078,0.221984,0.183688,0.212254,-0.061701,0.033892,-0.031313,0.077359,-0.051534,0.319991,-0.075496,0.164462,0.100126,0.0672,-0.015388,0.151887,0.052787,0.051774,0.070841,0.028267,0.036458,0.001042,0.032562,0.0447,0.035988,0.031544,0.02723,-0.044614,-0.018483,#
13,0.402191,0.34555,-0.074219,-0.217546,0.142023,0.14852,-0.031996,-0.31555,0.346527,0.175002,-0.195813,0.121636,0.136662,1.0,0.130074,0.085219,-0.000323,0.111957,0.05316,-0.079758,-0.186194,-0.030556,0.251591,-0.342444,-0.060907,-0.119314,0.116959,-0.332551,0.191963,0.258092,-0.413511,0.127963,-0.200811,-0.041812,-0.195658,0.037819,-0.136447,-0.116768,0.0736,-0.195274,-0.046088,0.088173,-0.180758,0.152573,-0.051271,-0.191734,0.278926,0.159147,-0.137348,0.184212,-0.175305,-0.163367,0.096917,-0.122365,-0.253323,0.156432,0.045196,0.252328,-0.108137,0.173059,0.172765,0.209545,0.008183,-0.244346,-0.085256,0.179447,0.002127,0.27875,0.258276,0.094421,-0.004165,0.038513,-0.109196,0.205564,-0.093894,0.144138,-0.089573,-0.283784,-0.296134,0.044329,-0.022639,-0.33131,-0.044827,0.121065,0.199878,0.127307,-0.244083,-0.306256,-0.083481,-0.227603,-0.153216,-0.144415,-0.128091,0.316244,-0.220351,0.064499,0.128154,-0.062705,0.055908,-0.220659,0.261992,-0.158056,-0.300545,0.032453,0.047673,-0.264315,-0.04856,-0.352613,0.061032,-0.048408,0.196027,0.11672,-0.050986,0.026983,-0.014813,-0.116243,-0.222293,-0.003419,0.013218,-0.331054,-0.053481,-0.252651,-0.178148,-0.287416,3.2e-05,-0.049604,-0.211879,0.106584,-0.110823,-0.345273,-0.110022,0.050237,-0.41093,-0.250091,-0.123687,-0.287417,0.012172,-0.135315,0.128321,-0.148948,-0.174885,-0.302335,-0.274354,-0.298823,-0.031692,-0.29326,-0.037973,0.319543,-0.242794,0.045301,-0.189318,-0.294405,0.177106,-0.115093,-0.099059,0.054549,0.219464,0.321989,0.127378,-0.113312,-0.267566,-0.254502,0.340328,0.381427,0.096429,0.281726,-0.020925,-0.014326,-0.153048,-0.151346,-0.144735,0.22387,-0.036913,0.037428,0.130817,-0.114416,0.073748,-0.028198,0.214201,-0.096327,0.519556,-0.101855,-0.104927,0.185382,0.207813,-0.127261,0.387074,-0.005889,-0.344361,0.252495,-0.021365,-0.213779,0.113493,0.208662,-0.071474,-0.271767,-0.272609,-0.214347,-0.07404,-0.122433,#
14,0.252119,0.169461,-0.170699,-0.083075,0.018448,-0.077086,0.069289,0.171988,-0.085647,-0.020299,-0.022004,0.124092,-0.026165,0.130074,1.0,0.106937,0.123687,-0.217809,-0.159548,-0.076035,-0.266104,-0.11683,-0.183916,-0.148905,-0.015248,-0.031598,0.186387,-0.007181,-0.079579,-0.009242,-0.267609,0.138825,-0.143842,-0.193146,0.05069,-0.047138,-0.080056,0.185943,-0.005751,0.261431,-0.0924,-0.086396,-0.353574,-0.051214,0.330279,-0.426236,0.258593,0.031944,-0.078361,-0.061689,-0.096398,-0.007855,-0.167114,-0.134361,-0.082225,0.197637,-0.069661,-0.07295,0.16998,0.063017,-0.222731,0.539805,-0.006635,-0.023006,-0.262747,-0.024552,0.000723,-0.128698,0.179806,-0.179514,0.278079,0.18356,-0.126927,0.091044,0.276565,0.125193,-0.223276,-0.119989,-0.292679,0.079231,-0.045206,-0.211586,-0.032182,-0.062847,-0.0927,0.031265,-0.187322,-0.092894,-0.007815,-0.106281,0.09094,-0.059678,-0.006045,0.026635,-0.037031,-0.087218,0.13738,-0.14429,-0.239006,-0.097555,-0.11117,-0.154622,0.090513,0.015488,0.023876,-0.080541,-0.038993,-0.125463,0.185601,-0.13812,-0.022766,0.02947,-0.175743,0.09749,-0.265636,-0.086254,0.055533,-0.043649,0.0043,-0.18492,-0.081579,0.049067,-0.145059,0.063,0.207149,-0.01199,-0.247622,0.125487,-0.00369,-0.112514,-0.076803,-0.269354,-0.135364,-0.201735,-0.071938,-0.184336,-0.125998,-0.152248,-0.043094,0.13237,-0.102534,-0.050725,0.091703,-0.239784,-0.124519,-0.101411,0.186397,0.065201,0.015552,0.183545,-0.070322,0.151897,-0.226301,-0.129099,-0.040529,-0.027961,0.171416,-0.067496,-0.239158,-0.117629,-0.315665,-0.042998,0.093434,-0.100679,-0.045613,-0.033977,-0.129189,0.1202,0.045164,-0.50338,-0.080076,-0.165466,-0.102922,-0.163937,-0.123746,0.056353,-0.248982,-0.125409,0.045408,-0.050001,0.051957,0.038849,-0.003242,0.166431,0.031491,-0.049125,0.387533,0.008445,-0.009549,-0.087321,-0.018033,0.096373,-0.007579,0.093261,-0.095289,-0.072804,-0.165512,0.110168,-0.008184,0.202633,#
15,0.101031,-0.085665,-0.237256,-0.001654,0.205773,0.128634,0.040877,-0.054133,-0.013467,0.382972,0.160633,0.198016,0.125597,0.085219,0.106937,1.0,0.047147,-0.149149,0.118309,-0.233275,0.166158,-0.195144,0.005995,-0.208733,-0.241605,-0.261191,-0.085046,-0.144787,0.151696,0.297398,-0.182982,0.116035,-0.147757,-0.17271,0.213815,-0.003661,-0.109477,-0.089384,0.406069,0.283367,-0.142855,-0.055253,-0.037755,0.011348,0.083642,0.004409,-0.131732,-0.187306,-0.061669,-0.129396,0.351285,-0.117215,0.148413,0.021867,0.019283,0.144431,-0.105302,0.047386,-0.093102,0.018267,-0.067901,0.164886,-0.126867,0.018044,0.089468,-0.12565,0.270086,0.077404,0.240589,-0.34857,-0.024847,0.065718,-0.064189,-0.017785,-0.046329,0.197441,-0.2313,-0.19599,-0.17401,-0.048021,-0.090846,-0.037947,0.052768,0.083781,-0.117035,-0.106761,-0.113154,-0.0572,-0.244538,0.022859,0.029382,-0.38489,-0.075255,-0.110805,-0.27964,-0.159659,-0.044026,-0.027281,-0.377322,-0.090822,0.129902,-0.049452,-0.142509,0.030858,-0.00636,-0.238272,-0.214584,0.168744,-0.135562,0.225226,-0.351402,0.238863,-0.095837,-0.17679,-0.250284,-0.193655,0.017066,0.078439,-0.136376,-0.228738,-0.396573,-0.006714,-0.17844,-0.044116,-0.038184,-0.077774,-0.157157,-0.036959,-0.101564,-0.225492,-0.17849,-0.238979,-0.089688,-0.121378,-0.293987,-0.026513,-0.018234,-0.248821,-0.169363,-0.1472,-0.366969,0.036576,-0.024413,-0.102227,-0.146399,0.004014,-0.105555,0.126603,-0.284865,-0.241904,0.011907,-0.355144,-0.25769,-0.518155,-0.188318,-0.120639,-0.166997,0.100125,-0.303286,-0.219134,-0.312813,-0.175321,-0.072616,-0.146403,-0.144541,-0.09565,-0.460157,0.100383,-0.004968,-0.014437,0.074653,-0.1446,-0.191405,-0.062839,0.299534,-0.109118,-0.299064,0.258927,0.067626,0.071366,0.146503,-0.173816,0.062529,0.45244,0.077085,-0.1718,0.187406,-0.191411,0.098559,0.083341,-0.263497,0.202342,0.340594,0.314402,0.029699,0.043345,0.03515,-0.118973,-0.010629,-0.098178,#
16,0.056288,-0.297526,-0.031636,-0.028909,0.036511,0.106169,0.080319,-0.061353,-0.069274,-0.007973,0.35916,-0.04101,-0.039034,-0.000323,0.123687,0.047147,1.0,-0.240304,-0.10466,-0.085958,-0.053126,0.031975,-0.163722,-0.18456,-0.070657,0.06654,-0.306753,-0.04986,-0.033136,-0.156138,-0.051219,-0.021023,-0.209973,0.063349,0.118038,0.135201,0.116106,0.058973,0.049016,0.035188,-0.257391,-0.106392,-0.174238,-0.188115,0.044062,-0.016266,-0.040834,-0.303957,0.213524,0.162212,0.139585,0.09412,-0.192453,-0.042947,0.29323,0.207316,0.017715,0.078153,0.117388,0.169402,-0.007709,0.094716,0.04235,0.055477,-0.111976,-0.273169,-0.199787,-0.208267,0.002937,-0.238095,0.302358,-0.08645,-0.276299,-0.143597,0.028413,0.168889,-0.162312,0.121735,-0.244075,0.039147,-0.000769,0.219024,0.034646,0.239844,-0.270322,0.125429,0.02202,0.104802,-0.001138,-0.039412,0.073365,0.092511,0.194946,0.034279,0.075974,-0.20865,-0.022859,-0.152342,0.036336,-0.208585,0.07812,0.00837,-0.078761,-0.189626,-0.243439,0.075263,-0.031545,0.00491,-0.051328,0.161267,-0.250763,-0.173102,-0.030511,-0.036185,-0.251626,-0.009519,-0.111796,-0.19586,0.262929,0.076995,-0.123344,0.232939,0.078087,0.13964,0.068421,0.010868,-0.080393,-0.013487,0.111166,-0.140068,0.201789,0.292288,-0.105851,0.186422,-0.020913,-0.128432,-0.139855,-0.103557,-0.181921,0.134391,-0.147106,0.030121,0.213538,0.118795,-0.237526,0.003109,0.118274,-0.190372,0.222785,0.071068,-0.006208,0.063101,-0.044041,-0.046454,0.081931,-0.178818,0.180986,-0.000601,-0.149454,0.105813,0.138093,-0.050062,0.11843,-0.103099,-0.178657,0.028825,0.210253,0.094766,-0.062398,-0.016339,0.315809,-0.098251,0.046403,0.21896,0.090758,-0.123611,-0.033579,0.128765,-0.019419,0.120889,-0.052014,-0.005884,0.130604,0.065862,-0.055185,-0.047056,0.10799,0.02344,0.187709,-0.222066,-0.024028,0.124738,-0.077996,-0.203989,0.176775,0.093801,0.116353,-0.057994,-0.141679,0.085774,#
17,-0.085675,0.195085,0.139102,0.146948,-0.061621,-0.07832,-0.050512,-0.099091,0.293203,0.151726,-0.20352,-0.107654,-0.029172,0.111957,-0.217809,-0.149149,-0.240304,1.0,0.153956,0.065696,0.135552,0.052665,0.136407,0.078263,0.110869,-0.019533,-0.116757,0.035913,0.108265,-0.00794,0.150054,-0.046113,0.243159,0.214126,-0.026147,0.124918,-0.024292,-0.173085,-0.189117,-0.171547,0.056929,-0.085319,0.055731,0.183474,-0.020766,-0.003446,0.030403,0.126901,-0.112605,-0.014068,0.237798,-0.075889,0.184749,-0.138296,-0.245951,-0.029017,0.356174,0.24651,0.008191,-0.024236,0.14291,-0.183622,0.126151,-0.18405,-0.007124,0.128968,0.174467,-0.047662,-0.056725,0.052782,-0.171093,-0.236194,-0.043438,-0.002537,0.126307,-0.189912,0.082649,0.035356,0.03114,0.279515,0.172197,0.132017,-0.083048,-0.118984,0.451673,-0.18459,0.16448,0.025571,0.139143,0.161891,-0.142363,0.138512,0.010661,0.241438,0.003439,-0.233184,-0.075951,0.161488,0.311241,0.146193,0.176433,0.204733,0.129484,0.208377,0.05893,0.164897,-0.161528,-0.109872,0.078811,-0.034082,0.185469,0.021188,0.182231,0.308023,0.062498,0.119825,0.052356,0.225472,-0.056357,-0.037665,0.308596,0.078823,-0.048669,-0.107103,0.172654,0.05235,0.27668,0.11016,-0.225094,0.229869,0.231896,0.021544,-0.158778,0.045032,-0.154144,0.188511,-0.259752,0.163382,0.102778,-0.100585,0.116885,0.033185,0.001959,-0.113107,0.170153,-0.266755,-0.125927,0.023215,0.060723,0.020465,0.074427,-0.253299,0.202355,0.028487,0.084598,0.070767,-0.053635,0.261048,0.08012,0.253827,0.072091,0.050628,-0.147661,0.394523,0.210373,-0.130056,0.071075,-0.109111,-0.023555,0.288019,-0.026879,0.034221,0.145094,-0.077211,-0.113858,0.227866,0.072745,0.114294,-0.103444,-0.143801,0.106084,0.138237,-0.185924,-0.280267,-0.101157,0.007363,-0.110598,0.161522,-0.226601,0.302756,0.132077,-0.138767,0.055724,-0.146542,0.007765,-0.088401,-0.073721,0.127871,0.261185,-0.27158,#
18,-0.117053,0.077565,-0.098372,-0.352767,0.206329,0.160878,0.142013,-0.208794,0.308684,0.198034,-0.015804,0.097458,0.129458,0.05316,-0.159548,0.118309,-0.10466,0.153956,1.0,-0.045293,0.293498,0.117118,0.39062,0.163748,0.019886,-0.20359,0.179234,0.224111,-0.100544,0.240892,-0.098463,-0.266874,-0.165658,0.14356,-0.162342,0.105676,-0.167333,-0.302487,-0.009856,-0.069795,-0.018595,-0.015509,0.148206,0.207366,-0.224195,-0.02794,0.052925,0.174863,-0.089298,-0.002755,0.332035,-0.022034,0.292457,-0.196028,-0.022874,0.064772,-0.015413,-0.081746,-0.034054,0.21784,-0.153033,0.006319,-0.06099,0.02676,0.057084,0.268679,-0.076481,0.085036,0.065922,0.106589,0.031692,-0.153612,-0.126021,0.079154,-0.175556,0.111141,-0.170127,-0.354513,-0.041773,-0.071604,-0.181818,-0.191459,-0.35307,0.125595,0.027411,-0.198802,-0.17011,-0.099378,0.046846,0.004277,-0.187982,-0.109384,-0.140345,0.116854,-0.039627,-0.142937,0.055371,-0.08501,-0.270854,-0.059422,0.235,0.058468,-0.220868,-0.013216,-0.073279,-0.197719,-0.099913,0.034375,-0.021479,0.024987,0.132433,-0.112208,-0.075656,-0.188389,-0.258473,-0.273686,-0.050747,-0.034981,0.146561,-0.242973,-0.139235,-0.330411,-0.348196,-0.429634,-0.109709,-0.298072,0.126003,-0.092416,-0.06559,-0.158855,-0.015076,0.004386,-0.08202,0.169641,-0.318147,0.038936,-0.010013,-0.13209,-0.173336,-0.257399,-0.058291,0.166154,-0.281293,-0.292069,-0.199687,-0.196941,-0.177602,0.244516,-0.311569,-0.208089,0.088495,-0.388812,0.15352,-0.206226,-0.234991,-0.212027,-0.036879,0.293124,0.028916,0.206998,-0.0075,-0.258694,-0.161422,0.109184,-0.058208,0.044695,0.107963,-0.123518,-0.085634,0.084213,0.213585,0.373638,-0.00268,-0.225459,0.208044,-0.31572,0.002385,0.183641,0.168241,0.035796,0.368586,-0.031115,0.119501,0.213532,0.023898,0.135684,0.246581,0.073883,-0.281622,0.283398,-0.034226,-0.048347,-0.174534,0.038983,-0.1911,0.266149,0.21158,0.009199,0.274331,0.04203,#
19,-0.213476,-0.110756,0.13446,0.132692,-0.138926,-0.244817,-0.100637,0.289219,0.093221,-0.279822,-0.284321,-0.184339,0.030606,-0.079758,-0.076035,-0.233275,-0.085958,0.065696,-0.045293,1.0,-0.260872,-0.101452,-0.195351,0.455297,0.190265,0.150621,0.110333,0.022873,-0.202627,-0.070979,0.169295,-0.080647,-0.02488,0.4139,-0.203334,0.026509,0.212839,0.15249,-0.049781,-0.170299,-0.05619,-0.118134,0.032199,-0.082362,0.124604,0.077365,0.103858,0.158244,-0.140772,0.060931,-0.05701,0.28805,-0.023098,-0.081087,-0.358241,-0.154167,0.208321,-0.235321,0.207189,-0.187806,-0.060973,-0.065049,0.068355,0.111887,-0.175303,-0.046473,0.253879,-0.075513,-0.114417,0.181355,0.098845,-0.021106,-0.036907,0.098965,-0.003851,-0.125724,0.597049,0.199699,0.355148,0.210166,0.513722,0.18466,0.276013,-0.209741,0.259468,0.235912,0.001465,0.024709,0.237829,0.195529,0.048765,0.315787,0.34718,-0.06625,-0.191394,0.159183,0.222191,0.201458,0.188116,0.090021,-0.152794,0.301914,0.081218,0.096707,0.180985,0.261903,0.173325,0.164508,0.232146,-0.262084,0.341233,-0.002005,0.479995,0.23373,0.226726,0.049906,0.231186,0.126259,0.002555,0.026471,0.368153,0.008263,0.305627,0.109822,0.021738,0.261922,-0.011715,0.00134,0.162787,0.458126,-0.008419,0.193043,0.247026,-0.011955,0.06992,0.149223,-0.139905,0.178339,0.11055,0.197625,0.258671,0.105848,0.365794,0.120174,0.230769,0.234192,0.111681,-0.233365,0.203054,0.332302,-0.000459,0.241286,0.155759,0.152719,0.421791,0.34913,0.180712,-0.128904,0.217033,0.345606,0.20619,0.285836,0.115502,0.128853,0.316146,-0.063947,0.391517,0.071993,0.111985,0.143346,-0.185037,0.140388,0.119033,0.120129,-0.350925,0.138772,-0.011723,-0.297099,-0.218246,-0.009524,-0.150057,-0.110125,-0.066481,-0.354307,-0.101453,0.257618,-0.097789,0.193509,-0.145001,-0.341253,0.338032,-0.244807,-0.264752,-0.256627,-0.068949,-0.192557,-0.094189,0.190907,0.025989,-0.099782,#
20,0.047709,0.268394,-0.064714,0.014495,0.221405,0.224799,0.286599,-0.205635,-0.113048,0.367943,0.258122,0.024095,0.239558,-0.186194,-0.266104,0.166158,-0.053126,0.135552,0.293498,-0.260872,1.0,0.389051,0.04997,0.01854,-0.026664,-0.157276,-0.026468,0.091472,0.396025,0.242038,-0.029438,-0.207862,0.112659,-0.023448,-0.009439,-0.025579,-0.112011,-0.359337,-0.112494,0.202051,0.176583,0.133701,0.113136,0.055158,-0.025914,-0.085881,-0.477485,-0.104566,-0.16146,-0.112304,0.245699,-0.191118,0.073455,-0.059403,0.280201,0.033683,-0.172015,0.146813,-0.014973,0.266512,0.130065,-0.009881,0.024586,-0.002221,0.130924,0.110923,-0.06488,-0.062044,0.026077,-0.001344,-0.40476,-0.119477,0.214358,-0.158079,-0.290513,0.032598,-0.294151,-0.000462,-0.214626,-0.213909,-0.283945,-0.160278,-0.088982,0.038903,-0.231894,-0.428659,0.150097,-0.322662,-0.144498,-0.277417,-0.168986,-0.377733,-0.183768,-0.103448,0.016307,-0.196489,-0.234591,-0.047527,-0.245401,0.125216,0.377611,0.018546,-0.084691,-0.191967,-0.073945,-0.066424,-0.278347,-0.170306,-0.352922,0.119294,-0.170436,-0.067586,-0.314121,-0.172526,-0.110366,-0.187629,-0.049719,-0.198862,-0.119653,-0.178004,-0.239106,-0.124074,-0.295436,-0.12225,-0.141468,-0.318944,0.292297,-0.100828,-0.04528,-0.229489,-0.24508,-0.072493,-0.083037,0.194152,-0.210807,0.128554,-0.201125,-0.301522,-0.159781,-0.414788,-0.41868,0.094096,-0.172366,-0.049733,-0.209406,-0.08777,-0.425208,0.388367,-0.125239,-0.37462,0.065748,-0.457486,-0.257597,-0.33106,-0.231392,-0.255098,-0.176438,0.321681,-0.149105,-0.187338,0.094242,-0.163149,-0.287629,0.013431,-0.388384,0.053341,-0.235215,0.015326,0.007839,0.087029,0.222336,0.160294,-0.157592,-0.016587,0.238641,-0.346486,-0.154638,0.380043,0.138026,-0.121019,0.278036,0.038707,0.146681,0.267347,0.191066,-0.132674,-0.030812,0.031022,0.269667,0.447249,-0.248677,0.342118,0.239552,0.166181,0.148271,0.302235,0.395557,-0.045883,0.171866,-0.020143,#
