0,1.0,0.076508,0.097592,-0.138776,0.443421,-0.096472,0.150139,-0.112963,0.323959,0.059468,-0.210813,0.285647,0.396756,-0.032077,0.117538,0.008265,0.12287,-0.021109,0.037336,-0.183555,-0.285936,-0.018953,0.154947,-0.136826,-0.05203,-0.288519,-0.320867,-0.25393,0.193543,0.043781,-0.355711,-0.087318,-0.192665,-0.048441,-0.227752,0.02325,0.193371,0.079436,0.114075,-0.047828,0.145381,-0.182128,-0.219376,0.084564,0.036878,0.089632,0.377668,0.076899,0.017175,0.278348,0.025291,-0.10273,0.186107,-0.059845,0.117605,0.014759,-0.281691,0.214373,-0.257475,-0.011958,0.206496,-0.056022,0.050895,-0.208711,0.036547,0.167515,-0.048056,-0.137396,0.305111,-0.15417,0.197349,-0.334254,-0.118263,-0.341766,-0.36835,0.249706,-0.091593,-0.255358,-0.185907,-0.128459,0.010637,-0.325175,-0.131178,-0.174069,-0.069065,-0.117931,-0.360752,-0.181123,-0.058195,-0.375979,-0.035679,-0.109321,0.006078,0.06976,-0.154448,-0.189617,-0.277725,-0.211631,0.122838,-0.237351,0.085249,-0.224378,-0.162411,-0.172898,-0.067288,-0.182572,-0.12065,0.042087,-0.19694,-0.182555,-0.0461,-0.192546,0.014955,-0.181272,-0.345748,-0.277955,-0.210961,-0.258209,0.079378,-0.508813,-0.163395,-0.238904,-0.221643,-0.259327,-0.225013,-0.104559,-0.223284,-0.068896,-0.111962,-0.110114,-0.119525,-0.214821,-0.066225,0.041546,-0.216644,-0.413025,-0.027092,-0.219002,-0.057463,-0.276447,-0.150199,-0.09312,-0.19297,-0.16393,-0.327335,-0.105891,-0.29503,0.246854,-0.343191,-0.257923,-0.347444,-0.302568,-0.014984,-0.146313,-0.349048,-0.025547,0.245003,0.31624,-0.259784,-0.220066,-0.046696,0.027426,-0.129325,-0.143552,0.058037,0.013524,0.092698,-0.145023,-0.186322,-0.182744,0.040322,0.132827,0.053758,-0.250228,0.196826,-0.09961,0.039994,0.232377,0.170942,-0.325535,0.092687,-0.017703,0.008443,0.015036,0.250187,-0.03272,0.30703,0.13881,-0.145246,0.389043,-0.246853,0.031363,0.165742,0.249717,-0.154518,0.193121,0.141781,-0.25742,-0.059236,0.126907,#
1,0.076508,1.0,0.045537,0.128455,0.142016,-0.042037,-0.050399,-0.101611,0.036815,0.103448,-0.165737,0.048212,0.012922,-0.035072,0.178434,-0.083142,-0.094465,0.129113,0.007107,-0.02515,-0.002141,0.216705,0.045662,-0.119659,-0.028856,-0.083778,-0.069511,0.048719,0.213813,0.282728,-0.386892,0.128429,-0.01196,0.097956,-0.180346,0.228531,0.226181,-0.149553,0.032052,-0.102643,0.209951,-0.138423,0.220163,0.021192,-0.244114,-0.122118,0.226637,0.158597,-0.062502,0.228408,-0.031235,-0.149989,-0.058842,0.181665,-0.038896,-0.087842,-0.176061,0.011026,-0.146207,-0.009353,-0.000165,-0.173108,-0.02294,0.033456,0.04973,-0.107814,0.085357,0.172857,0.198013,0.083673,-0.171083,-0.215111,0.053722,0.018496,-0.052745,0.090874,-0.149675,-0.121544,-0.146604,-0.235787,-0.052295,-0.29131,-0.24933,0.131269,-0.203385,-0.175439,-0.247378,-0.065909,-0.035055,0.010185,0.018514,0.008669,-0.128159,0.070542,-0.409505,-0.062248,-0.128469,-0.189805,-0.20565,-0.007102,0.206643,-0.100102,-0.27088,-0.153477,-0.38941,-0.258919,-0.235842,-0.013486,0.028354,-0.060703,0.003013,0.124392,-0.134075,-0.24102,0.041321,0.042152,-0.191848,-0.200777,0.211903,0.049022,-0.232776,-0.031807,-0.166877,-0.158105,0.1765,-0.137845,-0.19598,0.005782,0.084217,0.021197,-0.163205,-0.091414,-0.01558,0.039476,-0.149664,-0.037101,-0.183473,-0.210033,0.108943,-0.148223,-0.131821,0.109776,0.036221,-0.252862,-0.116453,-0.207874,-0.004902,0.120955,-0.224846,-0.139972,-0.242392,-0.131761,-0.068054,-0.026632,-0.057125,-0.087482,-0.033073,0.165412,0.074953,-0.192647,-0.03847,-0.062297,-0.126337,-0.090854,0.017975,0.35325,0.112734,-0.355471,-0.167229,0.041385,-0.178395,0.048426,-0.207101,-0.081369,0.058135,0.170732,-0.022736,0.097594,0.136292,-0.133833,0.081061,0.009355,-0.10146,-0.026444,0.146383,-0.190749,0.070596,-0.103387,-0.210607,0.186525,-0.147182,0.174411,0.144737,0.281191,-0.078778,-0.033702,0.211133,-0.192033,-0.020971,0.116312,#
2,0.097592,0.045537,1.0,0.247181,-0.057398,-0.26483,0.068644,-0.109884,0.030627,0.193093,-0.001228,-0.051216,-0.106177,0.010386,-0.227906,-0.224426,-0.038854,0.242528,0.07439,-0.03414,-0.118087,-0.055729,-0.000792,0.18509,0.031158,-0.160989,0.00533,-0.322831,0.102304,-0.037362,-0.004551,0.010127,-0.148804,0.036617,-0.201887,0.01846,-0.069288,0.001925,-0.039804,-0.30659,-0.187729,0.114015,0.007776,-0.041686,0.223847,-0.376546,0.094832,0.206197,-0.17485,0.197237,-0.128778,0.116538,-0.012685,0.273921,-0.179386,-0.202441,-0.069829,-0.059687,-0.079157,0.046462,0.08586,0.144084,-0.095926,-0.257643,-0.01863,0.093839,-0.014902,-0.187547,-0.087754,0.05446,0.060904,0.029247,-0.020845,0.249794,-0.214579,0.319592,-0.040372,-0.139037,-0.093553,-0.008054,0.080201,0.065227,-0.201312,0.326338,-0.039084,-0.160269,-0.000156,-0.027182,-0.089735,-0.128836,-0.06576,-0.298401,0.146685,0.156342,-0.167108,0.220505,0.065057,0.100711,-0.018368,0.0216,-0.243836,-0.118007,-0.09973,0.136528,-0.056296,-0.056029,0.178768,0.088254,-0.002934,0.151494,0.288488,0.130579,0.048521,0.035148,0.183148,-0.032499,-0.082155,-0.103799,0.200666,-0.034495,-0.193568,0.23977,0.026319,-0.094804,-0.083704,0.174077,-0.139484,-0.081871,0.098221,0.091464,0.286267,0.07688,-0.058001,0.082864,0.263968,0.009665,0.144388,0.280761,-0.031661,-0.287071,0.16777,0.218529,0.115326,-0.162983,0.069808,0.215644,0.00852,0.076072,-0.205491,0.096484,-0.014604,0.45476,0.169813,0.010895,0.043802,0.067558,-0.057628,0.202617,0.111926,-0.024487,0.223692,0.00606,0.289076,0.121098,0.007684,-0.065278,-0.06274,-0.277576,0.110124,0.062471,-0.001468,0.112511,-0.068654,0.0771,-0.080303,0.134683,-0.13265,0.132814,-0.041794,0.032761,0.113161,0.050161,-0.13691,-0.029015,-0.300958,0.11209,-0.10571,0.125847,0.003783,0.041383,0.211603,-0.162736,-0.05174,0.024482,-0.172593,-0.097684,-0.082288,0.0873,0.208872,-0.228348,#
3,-0.138776,0.128455,0.247181,1.0,-0.190324,-0.158132,-0.299127,-0.089437,-0.317421,-0.167444,0.039074,-0.288608,-0.232915,-0.166288,-0.022676,-0.097623,0.125906,-0.022238,-0.065782,0.054525,-0.158284,0.040101,-0.332041,0.021631,0.153007,0.08855,-0.045577,0.016069,0.008867,-0.142861,0.014137,-0.03528,0.048539,-0.079454,-0.060106,-0.326733,-0.116271,0.082561,-0.013406,0.151448,0.016508,-0.083949,-0.025142,0.031194,0.060761,0.173677,-0.249277,-0.350639,0.123309,0.040685,-0.216274,0.26856,0.057979,0.19438,0.009496,0.142243,0.058615,-0.073238,-0.090697,-0.17933,-0.054448,-0.148853,0.181378,-0.009769,-0.064579,-0.349792,-0.098348,-0.145572,-0.341426,0.154133,-0.09444,0.195316,0.240361,0.231213,-0.02412,0.038972,0.16252,0.156938,0.315198,0.089395,0.157299,0.131674,0.039775,0.047302,0.133101,0.094823,0.157963,0.081976,0.032482,-0.00967,0.202152,0.073147,-0.023159,0.173565,0.034696,-0.011994,0.223909,0.270172,0.109154,0.114377,-0.15006,0.116862,0.134374,0.140886,0.040014,-0.027164,0.312147,0.173398,0.135939,0.067847,0.03533,0.02893,-0.120302,-0.037994,-0.037754,0.240144,0.280702,0.014509,-0.087861,0.286905,0.067801,-0.047353,0.196332,0.245767,0.187577,0.087324,-0.021654,-0.119455,0.046085,0.271041,-0.176779,-0.103812,-0.054902,-0.041514,0.120751,0.214239,0.195542,0.124983,-0.220533,0.136677,-0.059946,0.268613,0.161639,-0.156338,0.124036,0.129971,-0.016634,-0.197262,0.079688,0.139247,0.135105,0.354469,0.185161,0.140268,0.147918,0.201786,-0.235163,-0.247379,0.221543,0.013075,0.131647,0.151508,0.123189,-0.075147,-0.258027,-0.186368,-0.101113,-0.272902,0.181,-0.034035,-0.115738,-0.290691,0.14542,0.140423,-0.106352,0.079466,0.142605,-0.12788,-0.316976,0.226158,-0.33386,-0.066661,-0.022422,-0.151165,-0.158521,-0.132666,-0.193797,-0.174697,0.174017,-0.213761,0.176617,-0.042919,-0.176449,-0.197065,-0.195422,-0.091352,-0.305692,0.126001,-0.233212,-0.005477,#
4,0.443421,0.142016,-0.057398,-0.190324,1.0,0.101518,0.219072,-0.040381,0.159783,0.014331,-0.201485,0.195958,0.230117,0.145693,-0.000558,-0.147094,0.185805,0.020556,-0.086195,-0.229014,0.064867,0.063459,0.312762,-0.279118,-0.295472,-0.223647,-0.093684,-0.154509,0.150933,0.287971,-0.184549,0.014805,-0.225104,-0.105684,-0.331054,0.367825,0.157326,-0.288855,0.102175,-0.158745,0.15895,-0.116092,-0.01625,0.056103,-0.127001,-0.091989,0.233083,0.327806,0.088259,-0.071322,0.045246,-0.520673,0.121567,-0.158024,0.194951,-0.286655,-0.35551,0.131858,-0.104755,-0.076806,0.155898,0.067173,-0.106888,-0.200429,0.078082,0.42484,0.007238,0.142043,0.350545,0.032359,-0.060036,-0.625864,0.068175,-0.657765,-0.36205,0.394307,-0.442135,-0.445239,-0.438394,-0.227715,-0.257024,-0.555906,-0.40877,-0.050912,-0.406659,-0.331517,-0.591568,-0.323385,-0.06797,-0.223714,-0.424328,-0.233593,-0.253931,-0.154205,-0.331876,-0.512639,-0.554227,-0.266442,-0.190515,-0.219924,0.032455,-0.317023,-0.200076,-0.268477,-0.386583,-0.634647,-0.043991,-0.246691,-0.021998,-0.170514,0.165751,0.113416,-0.341708,-0.510874,-0.251002,-0.060214,-0.241752,-0.424432,0.070311,-0.316394,-0.246536,-0.23504,-0.4059,-0.305804,-0.010798,-0.028972,-0.410385,0.167939,-0.236703,-0.28822,-0.337434,-0.056786,-0.399138,-0.005509,-0.318445,-0.531899,-0.064466,-0.460512,0.023786,-0.356846,-0.314906,-0.072456,-0.081617,-0.122563,-0.476074,-0.300552,-0.210225,0.598526,-0.41616,-0.253928,-0.447584,-0.272784,-0.135722,-0.550613,-0.362953,-0.329481,0.221462,0.393345,-0.374056,-0.327781,-0.036754,-0.047494,-0.271801,-0.097555,-0.044911,0.221655,-0.08885,-0.223105,-0.349966,-0.065448,0.061024,0.092784,-0.380715,-0.471727,0.034559,-0.178593,-0.132403,0.268167,0.312203,-0.343398,0.279577,0.00091,0.029571,0.153858,0.452906,-0.162941,0.284858,-0.088351,-0.188215,0.355629,-0.219888,0.238725,0.499897,0.444315,0.053768,0.368505,0.293906,-0.296831,-0.384176,0.103159,#
5,-0.096472,-0.042037,-0.26483,-0.158132,0.101518,1.0,0.278323,0.223594,-0.059382,-0.073042,0.015315,0.138336,-0.148811,0.371656,0.212773,0.018452,-0.030082,-0.076768,-0.103152,-0.107694,0.255579,0.150804,0.062168,-0.385825,0.147882,-0.115141,-0.005343,-0.115847,-0.014791,0.130623,0.096389,0.269034,0.193321,-0.226345,-0.266569,0.087963,-0.082799,0.022613,0.114435,-0.029864,-0.00742,0.01646,0.113308,0.162599,-0.055452,0.091933,-0.072606,0.015166,0.107944,-0.082369,0.117839,-0.013046,0.183585,-0.242601,0.076495,0.069636,0.133979,0.275413,-0.099167,0.254253,0.132546,-0.1017,-0.204125,0.209439,-0.014816,-0.076358,-0.134597,0.306859,0.147485,-0.129169,-0.196807,-0.2145,0.097133,-0.106359,-0.004556,-0.026738,0.067368,0.120357,-0.311734,-0.035176,-0.024858,-0.215223,0.136499,-0.219776,-0.091705,0.117667,-0.06697,-0.152006,-0.148481,-0.203945,-0.058193,0.019523,0.037032,-0.358228,-0.020426,-0.095671,-0.167769,-0.183759,0.009304,-0.244727,0.057371,-0.096876,0.168678,-0.333968,0.05434,-0.212001,-0.083116,-0.417711,-0.116046,-0.405339,-0.083786,0.087187,-0.212538,-0.168469,-0.113765,-0.108905,-0.037911,-0.17023,-0.103223,-0.061385,-0.034705,0.0127,-0.054999,-0.165328,-0.166281,0.08773,-0.059656,0.085715,-0.117084,-0.242507,0.016234,-0.197176,-0.07278,-0.09222,-0.067546,-0.045665,0.051588,-0.152326,-0.065331,-0.02221,-0.074614,-0.241045,-0.293466,-0.24361,-0.060371,-0.065471,0.108851,0.058082,0.153636,-0.112559,-0.116052,0.036673,0.006609,0.1053,-0.162901,-0.233046,0.303618,0.087535,-0.233107,0.035969,-0.199021,-0.064356,-0.01283,-0.017185,-0.060548,0.297406,0.263227,0.121247,-0.023332,-0.027083,0.227273,-0.023689,-0.013139,0.150034,0.260435,-0.045736,-0.087379,0.080693,0.226276,-0.080067,0.156979,0.051526,0.053708,0.285697,0.34271,-0.309233,0.165861,-0.006082,-0.004249,0.215156,-0.025917,0.090007,0.18234,-0.097349,0.236952,0.13629,0.073481,-0.174519,0.081892,0.240258,#
6,0.150139,-0.050399,0.068644,-0.299127,0.219072,0.278323,1.0,0.213097,0.39168,-0.083513,0.277832,0.271808,0.118957,0.082485,0.082454,0.145772,-0.05839,-0.106494,0.143342,-0.038554,0.049712,0.251481,0.106509,-0.365799,-0.04661,-0.084214,0.003694,-0.285699,0.271126,0.129471,-0.299906,0.047502,-0.011169,-0.338425,-0.118028,0.248026,0.126181,-0.114748,-0.088073,0.012613,0.034693,0.035896,-0.219368,-0.085907,-0.126422,-0.022221,0.001121,0.191224,0.064654,0.212772,0.187739,-0.099447,-0.069565,0.013175,-0.042014,-0.100714,0.02029,0.10461,0.040784,0.199579,0.191726,0.137801,-0.311237,0.230149,0.123713,0.105844,0.014502,0.168771,0.256776,-0.207535,0.039912,-0.318029,0.030978,-0.311547,-0.36717,0.273233,-0.215365,-0.284582,-0.557501,-0.238271,-0.245047,-0.315592,-0.128905,-0.338126,-0.293667,-0.093208,-0.31272,-0.210877,-0.347943,-0.129658,-0.205889,-0.376094,-0.089993,-0.326046,-0.50154,-0.056412,-0.297619,-0.534932,-0.329597,-0.216096,-0.019184,-0.379863,-0.265209,-0.455061,-0.113015,-0.107278,-0.089335,-0.278725,-0.346296,-0.03064,-0.021971,0.037863,-0.205994,-0.289929,-0.040788,-0.314285,-0.340004,-0.183,0.003676,-0.337287,-0.229915,-0.15574,-0.199235,-0.401912,-0.204902,0.062555,-0.419716,0.024075,-0.218213,-0.346281,-0.201354,-0.096747,-0.294036,-0.087441,-0.239423,-0.245708,0.019994,-0.293367,-0.032089,-0.416228,-0.184641,-0.164784,-0.382793,-0.115331,-0.230884,-0.154222,-0.431707,0.483412,-0.114438,-0.329308,-0.163441,-0.167015,-0.281631,-0.09181,-0.282861,-0.417717,0.074896,0.339827,-0.11264,-0.342657,0.002907,-0.349304,-0.220612,-0.123488,-0.073162,0.412191,-0.125692,0.104589,-0.020471,-0.146579,0.10952,0.090914,-0.113237,-0.160806,0.264322,-0.307124,-0.168682,0.528058,0.391511,-0.220681,0.489202,0.282709,0.111594,0.225798,0.489174,-0.014213,0.058453,0.045327,-0.093872,0.389271,-0.054334,0.238549,0.451387,0.224343,-0.204033,0.260682,0.50177,-0.328366,-0.161661,0.168511,#
7,-0.112963,-0.101611,-0.109884,-0.089437,-0.040381,0.223594,0.213097,1.0,-0.14593,-0.320556,-0.252442,-0.184578,-0.100219,0.044438,0.155008,-0.11938,0.076239,-0.061818,0.092602,-0.012284,0.06381,0.374262,-0.232276,-0.208978,0.049836,0.219147,0.219172,0.032707,-0.379807,-0.123425,0.035518,0.282628,0.306476,-0.108093,-0.067243,0.133987,0.077238,-0.068211,0.144748,-0.119296,-0.038307,0.133424,0.30452,-0.054834,-0.152812,0.183139,-0.063645,-0.086709,-0.196949,-0.198977,-0.030888,-0.023862,0.000726,-0.300393,-0.027269,0.161627,0.130376,0.060499,-0.102245,0.147693,-0.138038,0.15781,-0.235875,0.30369,0.190538,0.129548,-0.064986,0.128865,-0.056577,-0.269665,-0.011369,0.001651,-0.094,-0.034039,0.058783,-0.204466,0.122995,-0.019107,-0.1468,0.036216,0.143043,-0.094802,0.28574,-0.238184,0.102336,0.274707,0.113936,0.133673,0.047932,0.098246,0.053593,-0.000461,0.232659,-0.187032,0.124884,0.113853,-0.218534,0.095502,-0.098341,-0.138391,0.028517,-0.170958,0.099102,-0.082385,-0.126911,-0.047181,0.152182,-0.323737,0.117968,-0.256171,-0.206029,0.095918,0.146621,0.01924,0.058162,0.178142,0.092156,0.046586,-0.044984,0.063232,-0.02869,0.090376,-0.138468,0.022502,0.082143,0.136787,0.082903,-0.275994,0.074687,0.023105,0.047961,-0.092834,-0.00426,-0.187093,0.085074,-0.040588,0.166272,0.069359,-0.074761,-0.128473,-0.145072,-0.159953,-0.053929,0.116619,-0.015168,-0.269933,0.011441,-0.063785,0.045016,0.037914,0.071283,0.124356,0.29918,0.064255,0.237057,-0.061904,0.028513,-0.172358,-0.268912,0.094708,0.157362,-0.096371,0.067655,0.008141,0.047379,0.094968,-0.076375,0.128069,-0.154159,0.239081,-0.073719,0.045335,0.062828,0.122625,-0.111414,0.002119,0.058031,-0.062039,-0.074168,-0.062384,-0.108686,-0.149489,0.045955,0.041064,-0.042121,-0.091463,-0.050989,0.142335,0.051318,-0.171239,-0.058932,0.186501,-0.053999,-0.136625,0.040464,0.15825,-0.225205,-0.079165,0.04524,-0.169333,#
8,0.323959,0.036815,0.030627,-0.317421,0.159783,-0.059382,0.39168,-0.14593,1.0,-0.015869,0.213283,0.249238,0.221864,0.03039,0.176131,-0.070568,-0.098314,0.204717,0.340188,0.000299,-0.154695,0.012564,0.240412,-0.089373,-0.006012,-0.272909,-0.028909,0.116273,0.348055,0.08157,-0.146681,0.054928,0.179668,-0.081608,-0.200867,0.007367,0.369104,-0.093658,-0.011187,-0.089176,0.026616,-0.123037,-0.25218,0.003154,0.095436,-0.237802,0.250155,0.211847,0.128172,0.299791,0.061464,-0.105017,-0.045515,0.222205,0.006721,0.01222,-0.038181,-0.042678,0.096572,-0.034636,-0.090564,-0.114162,-0.184071,0.053265,0.022472,0.153593,0.349081,-0.077187,0.241662,0.202968,0.138147,-0.228737,0.073419,-0.136071,-0.147482,0.028767,-0.022628,-0.293264,-0.270563,-0.077837,-0.132764,-0.190404,-0.141703,0.025578,-0.058754,0.027529,-0.183544,-0.266156,-0.163815,-0.243045,0.037859,-0.099252,-0.270229,0.199311,-0.137758,0.150156,-0.106797,-0.320736,-0.044105,-0.104512,-0.232659,-0.334816,-0.323692,-0.180018,0.114669,0.027823,-0.143638,0.102039,-0.1456,0.181405,0.140935,0.01523,0.0892,-0.086854,0.006646,-0.533184,-0.161142,-0.101814,0.215419,-0.279778,-0.104511,-0.095453,-0.048673,-0.543405,-0.270619,0.06642,-0.13607,0.139406,-0.091171,-0.251613,0.15634,0.114144,-0.053436,-0.01828,-0.055547,-0.144291,-0.114697,-0.101572,0.193138,-0.093586,0.11531,0.090008,-0.427349,-0.175875,-0.2584,-0.137423,0.001735,0.276269,-0.035972,-0.116198,0.011615,-0.149003,-0.082646,-0.22035,-0.139664,-0.294509,0.088961,0.363656,0.027202,-0.138086,0.138307,-0.138738,-0.106309,0.18679,0.132106,0.033997,-0.097872,0.005446,-0.068211,0.044876,-0.194229,0.239835,0.072931,-0.230718,0.026305,-0.219669,-0.065321,0.229453,0.098979,-0.140233,0.279623,0.207663,-0.142979,-0.044713,0.094209,0.236911,-0.041081,0.018351,-0.343731,0.065608,0.10661,-0.080917,0.130079,0.102884,-0.214011,0.076582,0.208099,-0.167646,0.024929,-0.037419,#
9,0.059468,0.103448,0.193093,-0.167444,0.014331,-0.073042,-0.083513,-0.320556,-0.015869,1.0,-0.169409,0.156447,0.161856,0.251058,-0.366823,-0.082481,-0.522168,0.29628,-0.063842,-0.005942,0.059477,-0.236235,0.083002,0.033588,0.175548,0.077682,-0.002451,-0.254481,0.012345,0.215766,0.0393,-0.126555,-0.174948,0.299679,-0.127095,0.341424,-0.005413,-0.180613,-0.153158,-0.11825,0.070109,0.213442,0.168814,0.306963,0.179746,-0.327392,-0.076421,0.40026,0.048218,0.183024,-0.175809,-0.089826,0.019676,0.098575,-0.177754,-0.39083,-0.015618,-0.111118,0.19138,0.00916,0.077732,0.254106,-0.086633,-0.317479,0.030101,-0.087227,0.052329,0.157492,0.016515,-0.086606,-0.011003,-0.159558,-0.025512,0.069422,0.158064,0.198534,-0.102232,-0.298754,0.056164,0.132854,-0.013162,0.030331,-0.145295,-0.06416,0.060739,-0.246901,-0.101204,-0.087238,-0.073372,0.103008,-0.211827,0.081192,-0.160945,0.243101,-0.090265,0.145878,0.14467,-0.085929,0.139177,-0.041347,-0.168885,-0.025555,0.011711,0.133727,-0.050198,-0.021022,-0.081691,-0.100128,-0.10393,-0.023164,0.347373,0.137035,0.012005,-0.033768,-0.055145,-0.02167,-0.172481,-0.17435,0.323664,-0.316275,-0.001048,0.271496,0.067525,-0.001339,-0.208759,-0.003391,-0.088309,-0.069173,-0.047306,0.1967,0.060432,0.172585,0.062679,0.745942,-0.111221,0.106407,-0.05646,0.044354,0.306688,-0.157145,0.184865,0.031152,0.053209,0.06371,0.198506,0.132893,0.188483,0.066109,-0.166367,0.147339,-0.416579,-0.10394,0.020429,0.029113,0.149096,0.187964,0.15102,0.321762,0.071034,0.082398,-0.038731,0.094848,-0.111665,0.263046,0.126536,0.151295,-0.104065,-0.119043,0.046758,0.008328,0.072938,-0.01107,-0.04418,-0.244745,0.162402,0.142174,-0.079991,0.036257,0.26869,0.057346,0.015365,-0.030668,-0.370266,0.06851,-0.135784,-0.042697,0.077267,-0.088656,-0.30644,0.310306,0.036862,-0.324262,-0.153127,0.03797,0.00117,-0.251693,0.061573,0.098839,0.423585,-0.105122,#
10,-0.210813,-0.165737,-0.001228,0.039074,-0.201485,0.015315,0.277832,-0.252442,0.213283,-0.169409,1.0,-0.041925,-0.15005,0.055731,0.223234,0.158954,0.027171,-0.216806,0.066725,0.160078,-0.156308,0.073603,-0.084021,0.053546,-0.117944,0.174642,-0.067881,0.158059,0.233837,-0.127179,0.007415,-0.008936,-0.138623,-0.272583,0.220135,-0.217359,-0.080054,0.082665,-0.0003,0.231898,-0.315612,-0.076728,-0.307707,-0.068974,0.154056,0.036483,-0.229531,-0.255521,0.220408,-0.031318,0.135362,0.214642,0.023826,0.324907,-0.054891,0.193053,0.118535,-0.202381,0.08425,0.123051,0.12376,0.003872,0.140649,0.074692,0.154603,-0.078434,-0.000738,-0.044867,-0.295685,0.073954,-0.053118,0.141465,0.267525,0.090352,-0.114087,0.177896,-0.110064,0.151589,-0.071842,-0.061954,-0.114375,0.092777,-0.096807,0.048813,-0.105249,-0.040244,0.180005,-0.031297,-0.2337,-0.183309,0.061446,-0.26314,0.032726,-0.143166,-0.081704,0.131047,0.032492,-0.189909,-0.297741,-0.00495,-0.025606,0.055126,-0.223589,-0.020954,0.224176,0.101202,-0.044577,0.052917,-0.221642,0.355042,-0.081991,-0.11904,-0.260782,0.21709,-0.095175,-0.112622,-0.138561,0.008795,-0.181005,0.081001,-0.003835,-0.132263,0.148573,0.115731,0.06031,-0.032522,-0.028509,0.109736,-0.074515,-0.153742,0.077351,-0.145825,-0.191304,-0.197558,0.139525,0.172799,0.154268,-0.110652,-0.042137,0.099504,0.014997,0.130217,-0.16878,-0.110741,0.027376,0.147739,-0.146855,-0.127479,0.317335,-0.136492,0.202646,0.045174,-0.324135,-0.068089,-0.108693,-0.216978,-0.260866,0.138976,0.218843,-0.029013,-0.032434,-0.295772,-0.010877,-0.101297,-0.105912,-0.080772,-0.141787,0.149483,0.379336,-0.340937,0.165127,-0.306558,-0.139486,0.127469,0.121489,-0.20171,-0.315327,0.121463,-0.018731,0.009088,0.16107,0.215988,0.096639,0.262882,0.00882,0.245487,-0.132989,-0.228107,0.234874,0.028467,0.048079,0.205428,0.113762,-0.022229,-0.016272,-0.068243,0.162907,-0.051019,-0.071541,0.146167,#
11,0.285647,0.048212,-0.051216,-0.288608,0.195958,0.138336,0.271808,-0.184578,0.249238,0.156447,-0.041925,1.0,0.054037,-0.025976,-0.068053,0.31133,-0.069718,-0.176106,-0.204825,-0.336357,-0.065644,-0.054989,-0.091233,0.050461,0.179211,-0.132907,-0.124042,-0.357568,0.252158,0.146465,-0.286406,-0.021509,-0.181998,-0.033576,-0.088536,0.394898,-0.245494,-0.134409,-0.220361,0.086868,0.121959,-0.121846,-0.248441,-0.082097,-0.052708,-0.027159,-0.109044,0.043662,0.045091,0.05954,-0.055839,-0.332505,-0.048387,0.04177,0.149297,-0.124176,-0.204575,0.046657,0.005478,0.233931,-0.214273,0.251448,0.027902,0.033504,0.141471,-0.294246,-0.065688,-0.086451,0.169701,-0.070924,-0.001482,-0.232352,-0.034679,-0.318031,-0.307837,0.120407,-0.203718,0.045446,-0.245158,-0.279798,-0.218455,-0.256351,-0.132014,-0.038064,-0.169848,-0.135912,-0.167956,-0.424498,-0.16676,-0.121534,-0.070137,0.031213,-0.011918,-0.233575,-0.246949,0.043778,-0.164394,-0.300784,-0.239665,-0.025819,0.089868,-0.073086,-0.038785,-0.208925,0.043341,-0.208912,0.045429,-0.091302,-0.262953,-0.074892,-0.225902,-0.067081,-0.300512,-0.041756,-0.046061,-0.333382,-0.163014,-0.047166,-0.301133,-0.04521,-0.044012,-0.264943,-0.244649,-0.095422,0.080664,-0.234664,-0.022294,-0.134723,-0.134147,-0.159621,-0.167688,-0.073925,-0.05942,0.035397,-0.206015,-0.046801,-0.172078,-0.283008,0.043806,-0.192106,0.087238,-0.026097,-0.214322,-0.116024,-0.250438,-0.259403,-0.147616,0.039699,-0.224767,-0.334924,-0.196758,-0.244171,-0.166639,-0.234199,-0.146106,-0.348098,0.04438,0.085163,-0.054394,-0.024168,0.04621,-0.145125,-0.032444,-0.14085,-0.217707,0.073149,0.161829,0.161816,0.249428,-0.25129,0.159706,0.017837,-0.038697,-0.128063,0.227683,-0.35087,-0.297363,0.108653,0.179361,-0.173965,0.34085,0.002234,0.305247,0.092824,0.308099,-0.199647,0.01975,0.082935,0.09775,0.334176,0.043058,0.200389,0.318966,0.003821,-0.082488,0.278676,0.146678,-0.213403,-0.025149,-0.082652,#
12,0.396756,0.012922,-0.106177,-0.232915,0.230117,-0.148811,0.118957,-0.100219,0.221864,0.161856,-0.15005,0.054037,1.0,0.163989,0.050634,0.076284,-0.013371,0.211092,0.13125,0.009796,-0.057773,0.107264,0.278627,-0.208807,-0.173265,-0.103347,0.052425,-0.082376,0.193864,-0.111626,-0.376166,0.115863,0.027338,0.126253,-0.050162,0.127378,0.326982,-0.082106,-0.047653,-0.11252,0.174034,0.209965,0.018139,0.009238,0.176932,-0.040896,0.299828,0.210344,0.040398,0.159586,-0.035848,-0.16319,0.036885,-0.079354,-0.001739,-0.168271,-0.175986,0.192361,0.115393,-0.091247,0.018928,-0.116597,-0.274243,-0.045459,0.093031,0.218922,0.149376,0.006285,0.308368,-0.156724,0.105652,-0.275238,-0.08375,-0.181912,0.047244,0.225126,-0.078315,-0.370958,-0.090188,-0.228603,-0.255536,-0.234062,-0.199185,-0.188003,-0.027478,-0.120323,-0.242716,-0.154219,-0.213857,-0.050301,-0.187038,-0.319825,-0.180799,0.042717,-0.115536,-0.158723,0.000366,-0.21205,-0.103979,-0.571018,0.321351,-0.252857,-0.33714,-0.329792,-0.199387,0.024971,-0.146041,-0.1402,-0.28049,-0.005841,0.206283,-0.121045,0.110431,-0.311733,-0.273141,-0.181105,-0.446433,-0.092984,0.22453,-0.428409,0.063617,-0.317429,-0.100106,-0.266054,-0.23638,0.059439,-0.38085,0.154363,-0.193485,-0.220222,-0.090305,0.047437,0.050181,0.092822,-0.290239,-0.124334,0.018367,0.022124,0.083355,-0.404272,-0.289292,-0.10337,-0.268831,0.127042,-0.310281,-0.109428,-0.12423,0.329332,-0.449893,-0.10834,-0.08067,-0.232044,0.021921,-0.117789,-0.186873,-0.118002,0.23621,0.319951,-0.350928,-0.205846,-0.139904,-0.00429,-0.411017,-0.033326,0.170337,0.100489,-0.247983,-0.088568,-0.350088,0.081693,0.088277,0.256631,0.013949,-0.225441,0.064073,-0.012691,0.051537,0.290579,0.246896,-0.320707,0.149279,0.291876,-0.133468,0.004677,0.134015,-0.146354,0.225141,-0.06896,-0.346121,0.287029,-0.211547,-0.015668,0.135961,0.338814,-0.051493,0.082563,0.270835,-0.154516,-0.054563,0.055688,#
13,-0.032077,-0.035072,0.010386,-0.166288,0.145693,0.371656,0.082485,0.044438,0.03039,0.251058,0.055731,-0.025976,0.163989,1.0,-0.010053,-0.020139,-0.2326,0.192049,0.213506,-0.063013,0.108985,0.015105,0.279986,-0.150969,-0.123296,-0.192337,0.206059,0.052926,0.073276,-0.124569,0.113972,0.207287,0.122181,-0.095988,-0.203241,0.185274,0.140262,0.037913,-0.11358,-0.413856,0.083458,0.305285,0.320713,0.265651,0.012888,-0.34928,0.185948,0.195307,0.119836,-0.107423,0.033222,0.054674,-0.050993,-0.239688,-0.301397,-0.254281,0.14645,0.065377,0.067514,-0.01687,0.070126,0.255172,-0.197245,-0.026468,0.124333,0.281821,0.274961,0.283156,0.22443,-0.02826,-0.061072,-0.232541,0.108335,-0.199675,0.061089,0.262064,-0.075478,-0.250618,-0.143175,0.02074,-0.119346,-0.221232,-0.030027,-0.015049,-0.043462,-0.055283,0.022562,-0.151205,-0.203169,-0.085705,-0.058777,-0.17439,-0.056445,0.051584,0.030602,-0.080541,-0.110032,0.055382,-0.118222,-0.269098,0.006031,-0.067824,0.073793,-0.079981,-0.000362,-0.181754,-0.114001,-0.399182,-0.059994,-0.074999,0.160724,0.144245,-0.016458,0.093842,-0.017598,0.028276,-0.28489,-0.1042,0.209432,-0.171384,0.007485,0.005669,-0.041101,-0.111619,0.027451,0.025335,-0.23343,0.0799,-0.041665,-0.117161,0.044607,0.281029,-0.196836,0.169874,0.010271,-0.119054,-0.024151,0.085318,0.230316,-0.084884,-0.031411,-0.176025,-0.105269,-0.2189,-0.067531,0.079334,0.159104,-0.004199,-0.110923,0.112448,-0.175599,0.076846,-0.115196,-0.098965,0.129963,-0.064711,0.299609,0.37037,-0.204641,0.119286,-0.032221,-0.090886,0.015889,0.230374,0.036932,0.1948,0.093207,0.057729,-0.194382,0.283111,-0.056851,0.171127,-0.285114,-0.099868,-0.036104,0.034966,-0.153379,0.068259,0.294227,-0.105929,0.109956,-0.076718,-0.187079,0.017195,0.136627,-0.102597,0.107699,-0.091861,-0.122894,0.03907,-0.054494,-0.131454,0.132592,0.136241,0.232509,-0.056792,0.100433,-0.173742,0.219984,0.013106,#
14,0.117538,0.178434,-0.227906,-0.022676,-0.000558,0.212773,0.082454,0.155008,0.176131,-0.366823,0.223234,-0.068053,0.050634,-0.010053,1.0,0.156192,0.016687,-0.203021,0.004695,-0.090543,-0.135443,0.358278,0.128565,-0.112881,-0.003079,-0.006588,-0.065573,0.123149,0.31293,0.064418,-0.296223,0.304631,0.073079,-0.017882,-0.131676,-0.174229,0.045475,0.100787,0.351143,0.163001,-0.241066,0.066684,-0.030413,-0.066231,-0.10014,0.337237,0.270736,-0.306547,0.081071,0.096994,-0.042549,0.10669,-0.019885,-0.189233,0.073884,0.218591,-0.100292,0.176842,-0.335651,0.202332,0.262199,-0.085614,0.010429,0.392149,0.22293,0.191316,-0.23623,0.027949,0.031848,-0.146899,0.023314,-0.061642,0.243653,-0.169902,-0.212714,-0.127073,-0.150691,0.167826,-0.199267,-0.321975,-0.148201,-0.257184,-0.142068,-0.186374,-0.287244,-0.01154,-0.125185,-0.236487,-0.270635,-0.186972,0.003081,-0.181933,0.030131,-0.088803,-0.078957,-0.074056,-0.229048,-0.308174,-0.212579,-0.180749,0.014663,0.008823,-0.207552,-0.306812,-0.075011,0.086046,-0.204765,-0.088256,0.006562,-0.211684,-0.354409,-0.052789,-0.24122,0.029539,-0.404921,-0.103471,-0.2533,-0.019478,-0.154964,-0.090388,-0.101688,-0.255773,-0.09365,-0.050872,0.101504,-0.0362,0.146018,-0.045394,-0.258594,-0.300702,0.097306,-0.422333,-0.280257,-0.311428,-0.371229,-0.039827,-0.074317,-0.286083,0.139563,-0.149113,-0.195398,-0.331075,-0.280472,-0.212624,-0.341891,-0.116286,-0.133164,-0.16232,-0.038737,-0.316822,0.030078,-0.103436,-0.048449,-0.114004,-0.225024,-0.221668,0.02836,0.142817,-0.291634,-0.031936,-0.274358,-0.163711,-0.060365,-0.391724,-0.193047,0.170999,-0.106386,0.059533,-0.184251,-0.191768,0.009576,0.149513,-0.257485,-0.040045,0.297228,-0.085275,-0.053551,0.106771,0.027468,-0.236177,0.180471,0.294285,0.168736,0.196514,0.206353,-0.126306,0.192601,-0.003634,0.188956,-0.005697,-0.397607,0.362106,0.053495,0.131959,-0.143673,-0.092647,0.187021,-0.304636,0.017642,0.080701,#
15,0.008265,-0.083142,-0.224426,-0.097623,-0.147094,0.018452,0.145772,-0.11938,-0.070568,-0.082481,0.158954,0.31133,0.076284,-0.020139,0.156192,1.0,0.022743,-0.475723,0.116732,-0.124099,0.001542,0.101371,-0.18282,-0.127492,-0.250294,0.090859,-0.149183,-0.062973,0.104125,-0.128322,-0.339113,0.049626,-0.065794,-0.105384,0.26763,0.025754,-0.212801,0.140416,-0.282935,0.152142,0.001921,-0.086234,-0.103692,-0.116862,0.029167,0.156614,0.00225,-0.271408,0.23502,0.084918,0.035122,-0.044984,-0.091173,0.034768,-0.186812,0.056237,0.083787,-0.045779,0.007022,0.145305,-0.061183,0.0637,0.087232,0.345782,0.135696,-0.196649,-0.210662,0.121242,-0.082892,-0.23736,0.062654,0.066299,0.044337,-0.166063,-0.030795,0.0179,-0.181819,0.103396,-0.034977,-0.247488,-0.047861,-0.130219,-0.158119,-0.202501,-0.047096,-0.04355,-0.131578,-0.17465,-0.047515,0.028994,0.210397,-0.056154,0.244874,-0.408449,-0.107262,0.044874,-0.101604,-0.345598,-0.343918,-0.037977,0.303257,0.004588,-0.204751,-0.037907,-0.075043,0.097506,-0.324024,-0.08783,-0.185186,-0.012325,-0.36822,-0.358529,-0.142765,0.141462,-0.236542,-0.075317,-0.075798,0.058466,-0.472741,0.128566,-0.047987,-0.216331,0.029035,0.339528,0.149942,-0.200347,-0.059994,-0.10161,-0.09914,-0.040281,-0.133578,-0.173716,-0.120535,0.0754,-0.155319,-0.060636,-0.057334,-0.284645,-0.188254,-0.009897,-0.073408,-0.196973,-0.11089,-0.0541,-0.36873,0.233871,-0.395934,-0.152174,-0.176188,-0.343719,-0.020626,-0.176674,-0.223718,-0.04323,-0.27987,-0.145416,-0.141163,-0.083007,-0.127023,-0.062705,-0.449649,-0.400201,-0.082819,-0.349902,-0.243168,0.078402,-0.06805,0.190397,0.074169,-0.234799,0.076459,0.067226,-0.0781,-0.007653,0.195101,-0.264384,-0.129432,-0.034239,-0.296548,-0.073106,0.112718,0.15467,0.536468,0.205991,0.195047,-0.111168,0.083588,-0.04227,0.535492,-0.011937,-0.270017,0.327332,0.189466,-0.015389,-0.050445,0.113292,0.320395,-0.031058,-0.204169,0.014819,#
16,0.12287,-0.094465,-0.038854,0.125906,0.185805,-0.030082,-0.05839,0.076239,-0.098314,-0.522168,0.027171,-0.069718,-0.013371,-0.2326,0.016687,0.022743,1.0,-0.177697,-0.12542,-0.133437,-0.254495,0.021923,-0.100806,0.096191,-0.147759,-0.11825,-0.159851,0.042704,-0.123305,-0.130393,0.007765,0.208993,-0.060265,-0.332379,0.025678,-0.350629,-0.143973,0.055617,0.032052,0.112837,-0.102196,-0.146173,-0.172017,-0.097468,0.099828,0.228292,-0.010965,-0.190851,-0.190123,-0.001093,0.166195,-0.031831,0.143617,-0.004885,0.203696,0.138421,-0.13754,0.046191,-0.269211,-0.011657,-0.002184,-0.2214,0.09925,0.149471,0.056497,-0.030839,-0.099158,-0.177123,-0.035946,0.099684,-0.07212,0.110449,0.101833,-0.175237,-0.320987,0.075618,-0.179676,-0.001331,0.027114,-0.026121,0.052237,-0.104945,0.080851,0.18689,-0.113636,0.041694,0.047056,-0.007689,-0.075687,-0.214235,0.170696,-0.060691,0.081282,-0.224438,-0.013769,-0.255663,-0.004944,0.005537,-0.019497,-0.04127,0.245799,-0.024342,-0.052802,0.067251,-0.033679,-0.245902,0.269243,-0.060295,-0.011886,0.157336,-0.19901,-0.070847,-0.026546,-0.007511,-0.106912,0.035963,0.214633,-0.129734,-0.097982,0.247509,-0.1525,0.052363,-0.362527,-0.018641,0.005819,-0.215872,-0.085454,0.155156,-0.200643,-0.010209,-0.185704,-0.21633,0.032877,-0.320321,0.096487,-0.149753,0.08559,-0.323069,-0.4399,0.016972,-0.090895,0.144576,0.033311,0.139161,-0.200433,-0.055244,-0.177006,0.098638,-0.048445,-0.008359,0.208277,0.113647,-0.008263,-0.166458,-0.303752,-0.192688,-0.243984,-0.070197,-0.118688,-0.182138,-0.10042,0.070497,0.06053,-0.263355,0.031672,-0.030612,-0.065199,-0.093178,0.038548,0.023231,0.296075,-0.05919,-0.126278,0.143685,-0.182031,-0.170582,-0.048569,-0.173541,-0.18826,-0.094067,0.006364,-0.287605,0.390882,0.106539,0.047128,-0.043402,0.044208,-0.013067,0.181773,-0.148302,0.002846,0.176865,0.103836,0.235313,0.1501,0.210037,-0.017582,0.13486,-0.386681,0.113225,#
17,-0.021109,0.129113,0.242528,-0.022238,0.020556,-0.076768,-0.106494,-0.061818,0.204717,0.29628,-0.216806,-0.176106,0.211092,0.192049,-0.203021,-0.475723,-0.177697,1.0,0.079679,0.366978,0.155651,-0.027064,0.334805,0.115266,0.1953,-0.175326,0.246285,0.085549,-0.103684,0.063077,0.231155,0.055446,0.105064,0.22706,-0.205972,0.067596,0.362312,-0.289553,0.114791,-0.363072,0.121626,0.316968,0.227673,-0.049038,0.134554,-0.292007,0.236846,0.450441,-0.085209,0.001243,0.111894,-0.075013,-0.258263,0.03448,-0.32177,-0.183093,-0.060117,-0.086875,0.033794,-0.232218,-0.113387,-0.061391,-0.130054,-0.339579,-0.156113,0.157304,0.2225,0.111729,0.270046,0.32664,0.016309,-0.113226,-0.192818,0.217134,0.190601,-0.095887,0.106957,-0.340201,0.048401,0.131978,0.033936,0.079533,-0.04965,0.265242,0.158783,0.12937,-0.201043,0.128386,0.010138,0.090452,-0.051904,-0.017168,-0.302712,0.482364,0.120173,-0.033671,0.131204,0.174536,0.190234,-0.131195,-0.245691,-0.222449,-0.208918,0.170788,0.122092,0.093595,0.051907,0.056687,0.108649,0.021558,0.530482,0.199527,0.36442,-0.147475,0.223542,-0.039277,-0.191125,-0.164224,0.664731,-0.342698,-0.043415,0.152998,-0.010044,-0.417561,-0.305522,0.215858,-0.099228,0.12105,-0.087813,-0.097229,0.156349,0.230277,0.259391,0.218259,0.09797,-0.006928,-0.110131,0.342862,0.305754,-0.073823,0.091075,0.089472,-0.028384,-0.146188,0.051179,0.024101,0.281465,0.305601,-0.2498,0.41592,-0.156186,0.077337,0.199757,0.038001,0.179645,0.182973,0.249963,0.180744,0.008542,0.184259,0.296746,0.365944,0.102689,0.71228,0.272413,0.097276,0.015999,-0.211366,-0.403391,0.277883,-0.190355,0.245373,0.041576,-0.265748,-0.225143,0.176561,0.34703,0.152659,0.274571,-0.158043,0.078834,-0.143955,-0.756114,-0.1936,-0.162907,0.000922,-0.144136,0.123693,-0.567336,0.1414,0.047257,-0.369466,-0.181845,-0.018667,-0.049682,-0.111635,-0.063284,0.016636,0.224175,-0.228676,#
18,0.037336,0.007107,0.07439,-0.065782,-0.086195,-0.103152,0.143342,0.092602,0.340188,-0.063842,0.066725,-0.204825,0.13125,0.213506,0.004695,0.116732,-0.12542,0.079679,1.0,0.131831,0.001743,0.17667,-0.025816,-0.13099,-0.530974,-0.155589,-0.016264,0.344205,0.13829,-0.315147,-0.04354,0.212505,0.122631,-0.115228,0.034594,-0.012602,0.275207,0.342227,-0.139279,-0.248722,0.277798,0.001558,-0.13784,-0.038903,-0.090693,-0.247599,0.277101,-0.027046,-0.008375,0.128408,-0.217102,0.23666,0.07567,0.079588,-0.344122,-0.077529,-0.066174,-0.05814,0.08927,-0.249443,-0.00276,-0.032935,0.033632,-0.054464,-0.014622,0.087397,0.392346,-0.089233,0.079595,-0.050164,-0.054128,-0.015022,-0.057783,0.168212,0.086853,-0.143913,0.283388,-0.329206,0.035987,-0.050893,-0.007171,0.049583,0.00743,-0.158008,0.093847,0.11321,0.02616,0.065119,-0.035265,0.236384,0.318941,0.036066,-0.070812,0.094475,0.074319,0.196392,0.091241,0.006883,0.013379,-0.15624,-0.06656,-0.039328,-0.15352,0.06418,-0.07836,0.147227,-0.169077,-0.040123,0.248687,-0.025139,0.109827,-0.064551,0.21143,0.106797,0.147746,-0.158515,0.153349,0.23028,0.215474,-0.071076,0.15274,0.067313,0.258211,-0.020581,0.015009,0.153894,-0.097847,0.258618,0.233379,0.166548,0.253463,0.338443,0.023712,-0.058912,0.278224,0.078631,-0.059863,0.134284,-0.064408,0.014058,0.090001,0.055299,-0.200937,-0.004642,0.132521,0.189294,0.182759,0.11966,-0.163683,0.156008,0.197236,0.132553,0.202375,-0.053205,0.171677,0.102381,0.124347,0.161071,0.148928,-0.008965,-0.102339,-0.018723,-0.064757,0.127208,0.470172,0.011269,0.089928,-0.054132,-0.149188,0.420652,-0.509708,0.430128,0.210365,0.044419,-0.059801,0.17559,0.042648,0.051979,-0.167083,0.071221,0.038689,0.127602,-0.156384,-0.092281,-0.069017,0.076742,0.18953,0.071536,-0.101584,-0.322362,0.053367,-0.14625,-0.029061,-0.033347,-0.036702,0.010274,0.102688,0.035723,0.141419,-0.028779,#
19,-0.183555,-0.02515,-0.03414,0.054525,-0.229014,-0.107694,-0.038554,-0.012284,0.000299,-0.005942,0.160078,-0.336357,0.009796,-0.063013,-0.090543,-0.124099,-0.133437,0.366978,0.131831,1.0,0.080485,0.196237,0.087202,-0.022209,-0.024933,0.126283,0.180443,0.122771,-0.097831,0.000589,0.22941,-0.078682,0.28785,0.093566,0.257645,-0.196608,0.033539,0.060707,-0.113346,-0.102464,0.041327,0.179352,-0.135707,-0.112934,0.029994,-0.225333,-0.035716,0.070766,-0.015629,-0.111373,0.149806,0.148002,-0.203529,0.035582,-0.212975,0.210936,0.036968,-0.091022,0.108237,-0.159941,0.069689,-0.184322,0.065289,-0.139892,0.06169,0.01205,0.376891,0.083397,0.029838,0.262846,-0.024455,0.07929,0.022743,0.234377,0.214428,-0.106782,0.227063,-0.103613,0.172633,0.173844,0.051007,0.212278,0.069625,-0.081052,0.234748,0.264182,-0.089188,0.305606,0.170041,0.125887,0.079035,-0.063637,-0.218779,0.186168,0.188587,0.230005,0.29907,-0.023643,0.061848,-0.006,-0.128121,-0.176443,-0.127739,0.207968,0.124497,0.284664,0.01107,0.256817,0.034308,0.12238,0.479231,-0.201043,0.22775,-0.131464,0.221544,0.194022,0.180231,0.124445,0.326341,-0.06327,0.138846,0.23311,0.073705,-0.114847,-0.210268,0.299982,0.113003,0.173101,0.136189,0.025842,0.105947,0.188303,0.075422,0.046641,0.123973,0.155218,-0.201243,0.241003,0.005992,0.198695,0.238287,-0.047095,0.091224,0.0768,0.134957,0.095138,0.311634,0.029621,0.282255,0.299094,0.13389,0.051389,0.306215,0.284732,0.213458,0.403505,0.024066,-0.179118,0.31172,0.22707,-0.075382,0.210129,-0.086915,0.435906,0.125113,0.00282,0.172179,0.108751,-0.123956,0.262182,-0.1854,-0.16264,0.190694,0.177638,-0.133648,0.319801,0.406274,0.038274,0.130738,0.24804,-0.015356,-0.012456,-0.518537,-0.080556,-0.102066,0.248334,-0.075112,0.072228,-0.292034,0.110374,0.00695,-0.229294,-0.277884,-0.224311,-0.205792,0.007145,-0.044776,0.159209,0.012644,-0.089886,#
20,-0.285936,-0.002141,-0.118087,-0.158284,0.064867,0.255579,0.049712,0.06381,-0.154695,0.059477,-0.156308,-0.065644,-0.057773,0.108985,-0.135443,0.001542,-0.254495,0.155651,0.001743,0.080485,1.0,-0.18795,0.059004,-0.139687,-0.039153,0.064704,0.149308,0.016697,-0.062711,0.164003,0.004351,0.018919,0.053387,0.092463,-0.064201,0.114627,0.015865,-0.083776,-0.06768,-0.22156,0.071968,-8.7e-05,0.200323,0.089954,-0.093246,-0.048875,-0.178162,0.165901,0.233566,-0.312613,0.044797,-0.238734,-0.067231,-0.142624,-0.240186,-0.069175,0.144795,-0.112751,0.170436,0.095334,-0.015613,0.057861,-0.171377,-0.089661,-0.256762,0.133714,-0.125296,0.354497,0.11186,0.031174,0.093964,-0.02046,-0.173332,0.0747,0.253113,0.070163,0.191671,0.139461,-0.105088,-0.074463,-0.017706,0.057999,0.011197,0.03627,0.001397,-0.008778,-0.116749,0.197906,0.115874,0.296398,-0.125149,-0.045053,-0.02446,-0.115231,-0.067345,0.027316,-0.050092,-0.093121,-0.071801,0.194606,-0.115985,0.009397,-0.082885,-0.140089,-0.076346,0.000399,-0.14058,-0.133281,0.148255,-0.3927,0.225821,0.050359,-0.043876,-0.231155,0.221974,0.149697,0.053886,0.105624,-0.056486,-0.093319,0.173326,0.111234,0.133492,0.008064,-0.117894,0.138274,0.0369,0.250228,0.092347,-0.042081,0.009082,0.071055,-0.140399,0.049793,0.057633,0.068622,-0.239104,0.187859,0.118463,0.096991,-0.025225,-0.083774,-0.201083,-0.120604,0.046478,0.038954,0.261364,0.24939,-0.052179,-0.083012,-0.187832,0.065942,0.133578,-0.032268,-0.07854,-0.03254,0.05958,0.031679,-0.041977,0.022627,-0.000907,-0.045398,0.05586,0.16279,-0.080837,0.096191,-0.021135,-0.056446,-0.091741,0.25934,-0.120258,-0.039975,-0.165315,0.002185,-0.042811,0.05284,0.140039,0.065071,0.018655,-0.132746,0.160098,-0.171352,-0.112037,0.093585,0.143929,-0.321201,-0.033274,-0.067541,-0.024777,0.099377,0.014831,0.075976,-0.010685,-0.253443,-0.007739,0.055241,0.039165,-0.057115,0.034236,0.134316,#
