0,1.0,0.250514,0.05955,-0.286553,0.407621,0.032258,0.274015,0.003815,0.441037,0.112454,-0.121789,0.308134,0.488328,0.26854,0.045751,0.008625,-0.036277,0.06573,0.232978,-0.237624,-0.277297,0.047821,0.282698,-0.141986,-0.178614,-0.280971,-0.117256,-0.14696,0.244283,0.208467,-0.363884,0.018259,-0.094006,-0.171613,-0.247994,0.040193,0.158951,0.052683,0.070606,-0.055509,0.218925,-0.049684,0.00469,0.086472,-0.135425,-0.212348,0.414616,0.261605,-0.08879,0.215877,0.04836,-0.038408,0.083049,-0.037092,-0.079354,-0.081081,-0.250152,0.024224,-0.10523,0.073992,0.181008,0.119088,-0.044977,-0.04774,0.186049,0.391791,-0.0461,0.139927,0.295569,-0.101117,0.153084,-0.280114,-0.172688,-0.294915,-0.241749,0.287682,-0.222524,-0.219618,-0.270488,-0.06071,-0.152329,-0.361279,-0.195399,0.078655,-0.127015,-0.138839,-0.248308,-0.200141,-0.014119,-0.298703,-0.200162,-0.158677,-0.194071,0.120403,-0.176312,-0.158056,-0.192688,-0.217774,-0.020175,-0.360048,0.117906,-0.407387,-0.155439,-0.204816,-0.206,-0.098342,-0.18123,-0.124419,-0.310976,-0.047903,0.138756,-0.112531,-0.069289,-0.227538,-0.300356,-0.351555,-0.344439,-0.256768,0.138313,-0.61125,-0.272947,-0.416024,-0.244046,-0.321334,-0.244898,-0.044107,-0.345413,-0.047376,-0.014171,-0.318827,-0.109348,-0.149124,-0.124187,0.064972,-0.274393,-0.41973,0.145491,-0.362615,-0.006845,-0.282901,-0.12675,-0.221763,-0.380248,-0.168359,-0.339814,-0.042585,-0.402436,0.26877,-0.355367,-0.313702,-0.346875,-0.405604,-0.078352,-0.163093,-0.300489,-0.205297,0.36,0.386932,-0.259576,-0.201746,-0.181521,-0.062747,-0.344692,-0.027513,0.054286,0.043543,0.066935,0.013132,-0.236604,-0.233972,-0.014188,0.248019,-0.097824,-0.227598,0.298946,-0.038487,-0.061706,0.23751,0.364398,-0.414253,0.077832,0.109781,-0.091572,-0.01359,0.410663,-0.037336,0.219159,0.189812,-0.25006,0.497056,-0.084052,-0.020155,0.380637,0.416708,0.018668,0.088796,0.351842,-0.366384,-0.131111,0.096342,#
1,0.250514,1.0,0.081297,0.020922,0.223456,-0.093732,0.015581,-0.00321,0.168299,0.220651,-0.266121,0.0679,0.128118,0.09982,0.183555,-0.08097,-0.261108,0.225661,0.145426,-0.057529,-0.011099,0.186292,0.200478,0.024751,-0.207202,-0.098476,0.134944,0.058957,0.214822,0.304732,-0.418362,0.240231,0.100269,0.186438,-0.147137,-0.006419,0.250747,-0.056597,0.023978,-0.145642,0.185336,0.112371,0.228471,0.080442,-0.26894,-0.362905,0.302628,0.34329,0.029066,0.212281,0.102771,-0.181328,0.060859,0.033149,-0.040676,-0.073305,-0.196425,-0.091678,-0.17173,0.039973,-0.032792,0.007575,-0.129409,0.130319,0.078003,0.096756,0.130077,0.185153,0.148754,0.059367,0.019983,-0.209186,0.017825,-0.04086,-0.051801,0.105785,-0.134779,-0.096865,-0.139279,-0.251366,-0.142703,-0.247972,-0.313579,0.188745,-0.257109,-0.103172,-0.148187,-0.00202,-0.019434,-0.024657,-0.019053,-0.059887,-0.263422,0.299091,-0.251378,0.035574,0.055771,-0.04078,-0.071965,-0.068661,0.049117,-0.142293,-0.334566,-0.027477,-0.444555,-0.200111,-0.25943,-0.180833,-0.116238,-0.145619,0.177261,0.200238,-0.035136,-0.234553,-0.013596,-0.082628,-0.175966,-0.195662,0.220766,-0.18893,-0.196962,-0.129917,-0.108201,-0.248732,0.088638,-0.0603,-0.172517,-0.137172,0.048605,-0.045933,-0.140626,-0.088901,-0.133218,0.077288,-0.114932,-0.080626,-0.015592,-0.119994,0.093854,-0.159968,-0.065832,0.11688,-0.112066,-0.218581,-0.216642,-0.24167,-0.076107,0.161941,-0.307742,-0.217811,-0.199338,-0.241471,-0.07664,0.018391,-0.115033,-0.016694,0.118708,0.205124,-0.032031,-0.016865,-0.023949,0.013821,-0.103271,0.072191,0.033786,0.27313,0.127806,-0.061796,-0.254404,0.127568,-0.322478,0.131653,-0.11951,-0.130913,0.175496,0.171854,-0.067816,-0.068967,0.074418,-0.221857,-0.030188,0.041517,-0.150133,-0.138987,0.04548,-0.177515,0.099354,-0.089367,-0.306457,0.205349,-0.018402,0.089498,0.113352,0.179296,-0.002563,-0.132022,0.176796,-0.286303,-0.064213,0.027018,#
2,0.05955,0.081297,1.0,0.315926,0.075849,-0.369183,0.003428,-0.147658,-0.016499,0.186624,-0.10187,0.031356,0.037195,-0.073275,-0.211155,-0.265656,-0.056874,0.194058,0.045799,-0.100141,-0.071175,-0.058128,-0.018538,0.131874,-0.027604,-0.069518,0.18828,-0.430214,-0.144884,0.048535,-0.145605,0.027673,0.002271,0.022725,-0.261086,-0.035122,-0.072451,0.058181,0.053544,-0.20698,0.073278,0.128862,-0.099373,-0.095163,0.243972,-0.298247,0.087675,0.269204,-0.24079,0.063168,-0.295352,0.05289,-0.105502,0.292278,-0.085548,-0.301123,-0.262745,-0.023547,-0.174679,-0.018413,-0.188196,-0.068211,-0.227217,-0.276318,0.024323,-0.011365,-0.160368,-0.11577,-0.124246,0.035913,0.051554,0.031111,0.021098,0.245688,-0.125588,0.164151,-0.068214,-0.097707,-0.007584,0.051706,-0.008002,0.078093,-0.070005,0.306531,-0.018253,-0.153159,0.117802,0.120377,-0.18696,-0.169633,-0.020861,-0.349139,0.099354,0.019269,-0.203647,0.247113,0.238407,0.264987,0.024621,0.007159,-0.123122,-0.025076,0.022711,0.155411,-0.179404,-0.051869,0.110391,0.049812,0.067607,0.288332,0.27557,0.070771,0.038369,-0.02695,0.227854,0.028854,-0.093879,-0.307769,0.06202,-0.050465,-0.224081,0.007876,0.05149,-0.03647,-0.091344,0.09733,-0.203671,0.059913,0.014394,0.198028,0.2217,-0.027697,-0.026709,0.079175,0.163113,0.032712,0.252021,0.227595,0.102613,-0.140811,0.195269,0.341865,0.070874,-0.264782,-0.076253,0.163973,0.051611,0.055006,-0.274971,0.176733,-0.137648,0.274996,0.353141,-0.106395,-0.02677,-0.013601,0.071755,0.108138,0.16377,-0.106762,0.209635,0.100238,0.355765,0.028389,0.022076,-0.073509,-0.21888,-0.31623,0.101543,0.024695,-0.035486,0.015266,-0.033751,0.01816,-0.101898,0.120138,-0.203412,-0.071885,-0.093911,-0.074788,0.058079,-0.020757,-0.100334,-0.063824,-0.275851,0.176804,-0.095399,-0.028758,-0.053575,0.030049,0.281849,0.022984,-0.107349,0.014592,-0.080776,-0.224148,-0.110956,0.150328,0.233108,-0.309665,#
3,-0.286553,0.020922,0.315926,1.0,-0.05033,-0.261447,-0.301839,-0.202393,-0.267048,-0.090061,0.16876,-0.309138,-0.173576,-0.230813,-0.206324,-0.216845,0.059335,0.050025,0.058893,0.095605,0.090259,-0.16454,-0.179426,0.011992,0.034275,0.138634,-0.042069,-0.011275,-0.093958,-0.201945,0.274417,0.076166,0.029514,-0.010033,-0.198081,-0.341092,-0.106574,0.026475,0.02966,0.148749,0.061998,-0.066044,0.135956,-0.114191,-0.02437,-0.008997,-0.214655,-0.211612,0.001302,-0.170022,-0.265543,0.268,-0.057786,0.31216,-0.037595,0.117842,0.054247,-0.083781,0.045498,-0.182966,-0.223408,-0.066516,0.101129,-0.219458,-0.228543,-0.33164,0.1362,-0.16144,-0.371374,0.212161,-0.070484,0.363475,0.228499,0.493023,0.140259,-0.072881,0.179769,0.046614,0.28735,0.28956,-0.007263,0.25551,0.091485,0.189095,0.063148,-0.048487,0.147839,0.299153,0.067938,0.20816,0.085319,0.146787,-0.046257,0.050959,0.16314,0.231473,0.278872,0.317163,0.055885,0.258591,-0.102151,0.022271,0.343502,0.164282,0.010824,0.093338,0.240617,0.221308,0.288539,0.201694,0.16548,-0.115373,-0.082386,0.001184,0.179293,0.23743,0.395879,0.047201,-0.028854,0.289029,0.19672,0.040913,0.298155,0.088799,0.167962,0.278221,-0.135894,0.03794,0.246913,0.247573,0.125892,0.157169,-0.071769,-0.109835,0.268562,0.331162,-0.034576,0.258945,-0.15018,0.288115,0.141663,0.394249,0.33414,-0.147012,0.125068,0.154171,0.12631,-0.200183,0.124201,0.353692,0.104691,0.472862,0.161811,0.073385,0.369848,0.125534,-0.235184,-0.357792,0.383102,-0.072361,-0.04439,0.095502,0.062561,-0.080868,-0.127677,-0.170353,0.107231,-0.266702,0.062253,0.151521,-0.293266,-0.234193,-0.064914,0.123086,-0.236702,0.175877,0.063035,-0.083159,-0.281833,0.413625,-0.316918,0.057567,-0.056143,-0.224454,-0.085597,-0.124455,-0.078753,-0.125667,0.152829,-0.339323,0.304563,-0.162521,-0.191452,-0.195356,-0.135281,-0.215088,-0.276138,0.264497,-0.263605,-0.124352,#
4,0.407621,0.223456,0.075849,-0.05033,1.0,-0.031854,0.288922,-0.113842,0.089112,0.273351,-0.04287,0.174982,0.2417,0.116514,0.124128,-0.097114,0.092245,-0.108782,-0.162146,-0.218873,-0.048302,0.075417,0.264574,-0.09557,-0.304057,-0.010743,-0.021408,-0.141352,0.028657,0.214215,-0.272435,-0.004788,-0.215804,0.053256,-0.341236,0.178301,0.026828,-0.196383,0.190082,0.003856,0.058435,-0.130643,0.032871,0.134784,-0.133351,-0.017226,0.19973,0.253518,0.050836,0.07139,0.071975,-0.451581,-0.059007,-0.080737,0.219854,-0.311283,-0.37427,0.353733,-0.257984,-0.063631,0.127439,0.181269,-0.207546,0.068056,0.133948,0.334836,-0.043862,0.191928,0.205274,-0.150451,-0.001629,-0.529266,0.197943,-0.557575,-0.286794,0.3668,-0.402971,-0.36408,-0.347052,-0.194698,-0.303377,-0.414677,-0.397748,-0.145444,-0.327381,-0.478885,-0.50848,-0.329009,-0.195537,-0.243438,-0.355869,-0.22654,-0.244264,-0.089001,-0.420556,-0.343777,-0.364508,-0.021173,-0.127126,-0.09419,0.23866,-0.332683,-0.12737,-0.191288,-0.464242,-0.55874,-0.272884,-0.239458,-0.158718,0.018549,0.02744,0.027921,-0.31534,-0.426106,-0.349522,-0.062526,-0.278146,-0.496433,-0.103976,-0.269917,-0.388228,-0.342641,-0.283556,-0.117729,0.03026,-0.150395,-0.507216,-0.137802,-0.275476,-0.109841,-0.252115,-0.15514,-0.516705,0.004693,-0.20754,-0.469447,0.199775,-0.455289,-0.068401,-0.341412,-0.305386,-0.004537,-0.057028,-0.154252,-0.515405,-0.263854,-0.277736,0.378412,-0.468571,-0.211962,-0.397701,-0.238734,-0.235956,-0.254079,-0.305906,-0.25115,0.271033,0.341706,-0.36669,-0.339721,-0.074529,-0.196557,-0.155516,-0.206219,-0.183537,0.342648,-0.153553,0.011402,-0.204384,-0.205779,0.124664,0.009395,-0.350574,-0.408667,0.138179,-0.271243,-0.254226,0.106256,0.175903,-0.284571,0.105287,0.03047,0.228643,0.249615,0.33042,-0.074975,0.266004,-0.121485,-0.063529,0.358524,-0.209608,0.397727,0.378351,0.370161,0.125227,-0.015102,0.282723,-0.353214,-0.380084,0.238437,#
5,0.032258,-0.093732,-0.369183,-0.261447,-0.031854,1.0,0.191086,0.251666,-0.004943,0.016444,0.003738,0.029498,-0.204188,0.443397,0.194643,0.134473,0.004363,-0.091548,-0.077264,-0.090718,0.159017,0.08192,0.006899,-0.323853,0.182667,-0.142594,-0.008448,0.173818,0.02567,0.02286,0.13411,0.247765,0.060854,-0.138408,-0.200794,0.026914,-0.138224,-0.021597,0.159552,-0.005767,-0.11576,0.005321,0.129704,0.336168,-0.02433,0.054082,-0.030134,0.034397,0.152277,0.167253,0.234825,-0.035824,0.257163,-0.227328,-0.056592,0.132955,0.287834,0.14764,0.040796,0.292526,0.317073,0.14213,-0.130316,0.363604,0.000287,0.09341,-0.160139,0.302631,0.108356,-0.163799,-0.025622,-0.220483,0.091529,-0.094699,-0.038339,-0.027708,0.248259,0.150852,-0.305653,-0.023736,-0.104884,-0.074791,0.079166,-0.18662,0.072569,0.155604,-0.107323,-0.289169,-0.053776,-0.159833,-0.057093,0.059229,-0.007018,-0.135661,0.111779,-0.076101,-0.140856,-0.237185,0.056708,-0.191541,-0.118736,-0.062058,-0.035311,-0.301358,0.16554,-0.043392,-0.141067,-0.274906,-0.170709,-0.488144,-0.078816,0.173121,-0.10802,-0.154458,-0.222847,-0.262379,0.042883,-0.06116,-0.021665,-0.169265,-0.042273,0.178761,-0.022569,-0.158805,-0.213404,0.088503,0.08482,0.116176,-0.105406,-0.237664,-0.002714,-0.086325,-0.070828,0.121997,-0.126051,-0.196191,-0.045036,-0.21669,-0.138775,-0.068911,-0.074676,-0.284779,-0.386357,-0.192262,0.018687,-0.060038,-0.070027,0.073898,0.268791,-0.118909,-0.033799,-0.010943,-0.108957,0.253606,-0.183465,-0.014994,0.211145,0.08088,-0.28215,0.164257,-0.145592,-0.175342,-0.013595,0.088685,0.037657,0.104958,0.351029,0.230766,-0.057628,-0.04152,0.182457,0.044378,0.170895,0.154018,0.286045,-0.074814,0.074277,0.02506,0.213495,-0.089102,0.1257,0.111553,0.051493,0.143922,0.070223,-0.278841,0.152195,-0.000115,0.061504,0.220387,-0.017768,-0.120348,0.175532,-0.249699,0.129918,0.221882,0.048932,-0.216524,-0.026223,0.25045,#
6,0.274015,0.015581,0.003428,-0.301839,0.288922,0.191086,1.0,0.202409,0.464722,0.021167,0.163529,0.317719,0.160765,0.04757,0.163354,0.081297,-0.17495,-0.095786,0.059033,-0.047263,-0.047334,0.219761,0.165651,-0.300325,-0.117941,-0.023472,0.026228,-0.285928,0.135526,0.14099,-0.380601,-0.015665,-0.026173,-0.163401,-0.05275,0.129081,0.086794,-0.152515,-0.05952,0.095537,0.050916,0.121193,-0.31895,0.078948,-0.027726,-0.008685,0.053119,0.30505,0.126437,0.198543,0.190643,-0.104088,0.074314,-0.105428,0.119619,-0.007997,-0.102448,0.164693,0.013377,0.239105,0.157641,0.226707,-0.27142,0.205638,0.150257,0.082724,-0.079058,0.005113,0.224052,-0.231614,0.122987,-0.375148,0.12868,-0.287228,-0.492604,0.269,-0.17111,-0.288712,-0.386052,-0.25167,-0.282339,-0.29466,-0.135607,-0.38557,-0.343056,-0.043761,-0.166062,-0.094605,-0.378772,-0.132797,-0.177672,-0.291673,-0.16604,-0.086134,-0.418492,-0.054965,-0.132259,-0.423782,-0.097279,-0.208545,-0.070136,-0.206454,-0.237658,-0.213826,-0.119674,-0.183304,-0.050666,-0.3095,-0.29983,-0.087187,0.021419,0.10495,-0.186968,-0.384995,-0.054477,-0.260307,-0.290413,-0.201859,-0.004801,-0.474558,-0.169284,-0.207189,-0.155048,-0.457094,-0.12135,-0.062721,-0.303472,-0.042055,-0.285371,-0.26474,-0.263084,-0.22665,-0.251693,-0.08524,-0.209598,-0.16188,0.071649,-0.211977,0.018831,-0.350669,-0.282862,-0.155696,-0.31827,-0.112066,-0.202209,-0.13667,-0.396372,0.553831,-0.089816,-0.379824,-0.111244,-0.311108,-0.352302,-0.139727,-0.255923,-0.222549,0.259006,0.36662,-0.055848,-0.328964,0.091128,-0.11433,-0.093482,-0.076475,-0.042528,0.349854,-0.060884,0.225228,-0.01445,-0.08818,0.008633,0.126004,0.040022,-0.237793,0.392347,-0.435676,-0.228288,0.363538,0.386992,-0.311458,0.344378,0.387027,0.032768,0.112906,0.403211,-0.080782,0.009989,0.049883,-0.147477,0.422124,-0.001922,0.14885,0.328046,0.102746,-0.067315,0.193086,0.507584,-0.253087,-0.134171,0.058694,#
7,0.003815,-0.00321,-0.147658,-0.202393,-0.113842,0.251666,0.202409,1.0,0.023612,-0.103438,-0.273476,-0.051685,-0.033099,0.199563,0.084956,-0.201733,-0.110383,0.044556,0.063238,0.032928,0.029346,0.372352,-0.128489,-0.056271,-0.041381,0.195217,0.336101,0.133925,-0.341846,-0.046014,0.058158,0.381541,0.122482,-0.029953,-0.04408,0.027305,0.084396,-0.245889,0.129714,-0.160621,-0.055012,0.195827,0.293741,0.010837,-0.183848,0.031659,0.055659,0.109994,-0.259474,-0.082227,-0.012902,0.043428,0.125114,-0.288364,-0.141616,0.088443,0.216102,-0.191899,0.096824,0.222749,0.086664,0.40643,-0.123644,0.267749,0.237024,0.223072,-0.123214,0.111445,0.041901,-0.183444,0.160548,-0.004901,-0.125113,0.002662,-0.118436,-0.18925,0.054946,-0.085473,-0.21372,0.182057,0.145014,-0.060728,0.194217,-0.135435,0.134552,0.347515,0.142836,0.119565,0.075608,0.154836,0.013743,0.03443,-0.010087,0.084164,0.098627,0.12903,-0.100725,0.066751,-0.03195,-0.193648,-0.106447,-0.108776,0.017545,-0.031193,-0.098195,0.005184,0.063574,-0.192985,-0.01573,-0.31748,0.014807,0.174099,-0.009185,0.028882,0.12075,0.044221,0.008449,0.137273,0.047543,-0.181308,-0.090007,0.06488,0.013721,-0.150375,-0.012201,0.217382,0.084193,-0.331164,0.145471,0.042748,-0.024118,-0.090148,0.158039,-0.036467,0.098739,0.00595,0.022458,-0.007285,0.063849,-0.109971,-0.061786,-0.269064,-0.105293,0.087197,0.14728,-0.164479,-0.053728,0.082179,0.157448,0.127306,-0.043983,-0.029031,0.19516,0.102073,0.348726,0.112362,0.068482,-0.027539,-0.154574,0.16171,0.175745,-0.107514,-0.004848,0.161499,0.253225,0.041865,0.035307,0.081665,-0.134924,0.245092,-0.112223,0.025303,0.076726,0.077187,0.033701,0.0389,-0.000137,0.048731,0.073207,-0.206567,-0.024637,-0.093218,-0.08046,-0.145396,-0.11444,-0.020342,-0.008414,0.182786,-0.06619,0.06106,0.184767,-0.050308,0.02555,-0.180023,0.090076,0.139178,-0.14523,-0.072892,0.067182,-0.141158,#
8,0.441037,0.168299,-0.016499,-0.267048,0.089112,-0.004943,0.464722,0.023612,1.0,-0.001631,0.106755,0.190847,0.291274,0.062601,0.288304,-0.083158,-0.265933,0.175116,0.269666,-0.070803,-0.199043,0.112294,0.384782,-0.017548,0.025263,-0.248456,0.074614,0.006835,0.399272,0.172434,-0.243625,0.060497,0.168895,-0.037178,-0.137531,-0.078821,0.338164,-0.127033,0.020968,0.00558,0.125808,-0.132584,-0.191814,-0.004579,0.03014,-0.170464,0.319509,0.310154,0.127651,0.184079,0.075162,-0.048191,0.002084,0.113336,0.072337,-0.028392,-0.059471,-0.047875,0.065144,0.022265,0.131601,-0.046738,-0.13341,0.110789,0.094775,0.222984,0.076653,-0.028971,0.271239,0.177767,0.073133,-0.220465,0.059059,-0.162753,-0.20367,0.03563,-0.205792,-0.239641,-0.222524,-0.195017,0.013809,-0.319222,-0.123934,-0.107237,-0.096671,0.084319,-0.040741,-0.110418,-0.209857,-0.149087,0.066467,-0.078936,-0.334433,0.358491,-0.22496,0.069934,-0.010167,-0.293811,0.137675,-0.211101,-0.089968,-0.227607,-0.270752,-0.201814,0.041527,-0.028226,-0.195896,0.044678,-0.233742,0.054239,0.174092,0.03698,-0.024804,-0.084621,0.022883,-0.4522,-0.257095,-0.131458,0.192654,-0.412841,-0.198619,-0.327282,0.070038,-0.587093,-0.139375,0.002639,-0.128682,-0.046959,-0.094061,-0.338087,0.020191,-0.196475,0.064607,-0.088537,-0.045927,-0.041422,-0.07934,-0.173922,0.202679,-0.087968,-0.054712,-0.038363,-0.445748,-0.171911,-0.232294,-0.034528,-0.198925,0.316777,-0.086537,-0.307662,-0.013313,-0.293794,-0.134883,-0.111384,-0.093273,-0.174289,0.26049,0.471689,0.027118,-0.239947,0.070522,-0.119561,-0.128336,0.105798,0.005893,0.15328,-0.128424,-0.043843,-0.134808,0.025364,-0.103386,0.313419,0.060187,-0.311889,0.323043,-0.255504,-0.196207,0.295566,0.196533,-0.372392,0.204148,0.235674,-0.142683,-0.079452,0.177004,0.098969,-0.105757,0.134559,-0.371069,0.267998,0.138793,-0.071897,0.246331,0.154635,-0.067513,0.027225,0.383709,-0.27983,0.033789,0.023663,#
9,0.112454,0.220651,0.186624,-0.090061,0.273351,0.016444,0.021167,-0.103438,-0.001631,1.0,-0.170463,0.059507,0.28333,0.174778,-0.054856,-0.068043,-0.407681,0.329776,-0.041071,0.001757,0.135693,0.043292,0.196831,0.074196,0.106777,0.088663,0.087747,-0.159653,0.054034,0.26207,-0.10371,-0.000572,0.050602,0.236264,-0.305296,0.254289,-0.075278,-0.200014,-0.057696,-0.161176,0.046618,0.266147,0.110266,0.263119,0.276662,-0.266993,0.082204,0.474827,0.092388,0.229323,-0.107024,-0.187557,-0.047684,-0.106584,-0.084015,-0.415416,-0.114625,0.043005,0.023669,-0.084768,0.16734,0.303408,-0.249058,-0.133319,0.032621,0.097622,-0.057875,0.270621,0.080686,-0.207589,0.090413,-0.34566,-0.019527,-0.107544,0.098688,0.201672,-0.256714,-0.423419,-0.071906,-0.179876,-0.043178,-0.176958,-0.164436,-0.285424,-0.035924,-0.105551,-0.299131,-0.13858,-0.234935,-0.037342,-0.171032,-0.056185,-0.237239,0.150331,-0.233123,0.099185,0.095534,-0.018794,0.180256,-0.241714,-0.0942,-0.255367,-0.042818,-0.062627,-0.332912,-0.213269,-0.166948,-0.30728,-0.114097,-0.183703,0.371169,0.151139,0.024351,-0.335817,-0.252733,-0.124522,-0.143831,-0.228166,0.314894,-0.337108,-0.04301,0.075602,0.039948,-0.042499,-0.112734,0.000734,-0.181082,-0.116011,-0.210321,0.123148,-0.008127,-0.018419,-0.018637,0.559317,-0.14653,0.054807,0.109949,-0.146427,0.268152,-0.367658,0.028352,-0.04044,-0.122941,0.027018,-0.084027,-0.016336,0.068242,0.102522,-0.427168,0.119375,-0.4578,-0.036793,0.212019,0.077242,-0.140341,0.252876,0.348334,0.337704,-0.234235,0.157566,-0.119331,0.00879,-0.115208,0.227606,-0.08062,0.406851,-0.242467,-0.08773,-0.072928,-0.060714,0.064087,0.083786,-0.035944,-0.295257,0.30018,0.059881,-0.011625,-0.078224,0.116151,-0.078554,-0.053702,0.013777,-0.290299,0.289719,-0.200962,-0.152506,0.131068,-0.154533,-0.307992,0.271176,-0.106084,0.008726,-0.094968,-0.024163,-0.01473,-0.271259,0.017469,-0.084555,0.226152,-0.045795,#
10,-0.121789,-0.266121,-0.10187,0.16876,-0.04287,0.003738,0.163529,-0.273476,0.106755,-0.170463,1.0,-0.119308,-0.222792,-0.178578,0.265895,0.180476,0.108556,-0.346038,0.03612,0.086955,-0.079806,-0.014102,-0.084083,0.093469,-0.031967,0.192222,-0.162898,0.150211,0.107435,-0.276119,0.10224,-0.092966,-0.110666,-0.144633,0.161701,-0.245075,-0.15123,0.140662,0.09973,0.349597,-0.209987,-0.186543,-0.364597,-0.004641,0.267685,0.173672,-0.222913,-0.259287,0.265985,-0.061463,0.05604,0.235497,0.003168,0.216448,0.160544,0.350687,0.000203,-0.029924,-0.001408,0.064194,0.111454,-0.064048,0.156704,-0.035667,0.013376,-0.152487,-0.028329,-0.293074,-0.369079,0.051846,-0.121689,0.164319,0.308486,0.161582,-0.120689,0.073792,-0.037359,0.114084,0.104333,-0.097076,-0.212713,0.173228,0.179389,-0.130346,-0.156346,-0.050031,0.219573,0.124917,-0.23908,-0.157971,0.175651,-0.160364,0.213275,-0.263562,0.114362,0.139155,0.012313,-0.047082,-0.181661,0.093056,-0.009639,0.145784,-0.024172,-0.000699,0.177971,0.09001,-0.092582,0.083079,0.007216,0.249475,-0.169982,-0.146821,-0.102798,0.057461,-0.145175,-0.11955,0.163133,0.03248,-0.203077,0.143906,0.295922,-0.048715,0.220002,0.107191,0.14807,-0.093974,0.054812,0.25337,-0.083192,-0.057716,0.176339,-0.186397,-0.173857,-0.27759,0.122777,0.266569,-0.047101,-0.108634,-0.121106,0.162477,-0.089753,0.178777,-0.049684,-0.08279,0.027302,0.076813,-0.112249,-0.160864,0.343578,-0.08657,0.209792,0.239614,-0.238555,-0.107052,-0.111639,-0.032063,-0.206915,-0.039318,0.195448,-0.047348,-0.092903,-0.11018,0.122226,-0.311333,-0.190574,-0.065101,0.100554,0.166603,0.280713,-0.303682,0.081126,-0.267206,-0.086811,0.156832,0.060219,-0.221265,-0.134774,0.02392,-0.120141,0.116599,0.025941,0.332883,0.14515,0.353771,-0.09257,0.132052,-0.100634,-0.233785,0.327226,-0.132581,-0.087857,0.259344,-0.005512,-0.172006,-0.049892,-0.029181,0.100249,0.105262,-0.180408,-0.005781,#
11,0.308134,0.0679,0.031356,-0.309138,0.174982,0.029498,0.317719,-0.051685,0.190847,0.059507,-0.119308,1.0,0.112676,-0.165165,0.093984,0.236787,0.05132,-0.109765,-0.193374,-0.347474,-0.045177,0.031249,-0.020972,-0.043434,-0.011661,-0.061192,-0.043134,-0.365036,0.259901,0.283372,-0.39148,-0.030323,-0.139687,-0.065836,-0.018868,0.201014,-0.324757,-0.060097,-0.099003,0.00255,0.018906,-0.032033,-0.277669,-0.165828,-0.077193,-0.046795,0.02994,0.080337,-0.139031,0.124763,-0.191337,-0.244855,-0.092032,0.009908,0.126394,-0.151462,-0.293942,-0.073944,-0.128719,0.224418,-0.128036,0.082509,-0.151427,0.031637,0.197666,-0.189749,-0.167845,0.003321,0.089003,-0.273635,0.05617,-0.31515,0.025362,-0.319753,-0.451967,0.064484,-0.231687,-0.000735,-0.406997,-0.283382,-0.237212,-0.398736,-0.237653,-0.065159,-0.204666,-0.056159,-0.19925,-0.367022,-0.192369,-0.255734,0.002214,-0.258221,-0.071719,-0.289085,-0.373057,-0.033697,-0.097195,-0.391971,-0.289131,-0.074163,0.109921,-0.339165,-0.148804,-0.291664,-0.24301,-0.217528,-0.033936,-0.113114,-0.34515,-0.035903,-0.248167,0.074177,-0.372218,-0.120709,-0.160266,-0.389857,-0.263157,-0.064563,-0.383356,-0.132268,-0.27701,-0.238746,-0.35263,-0.050125,-0.11403,-0.220167,-0.043064,-0.254169,-0.221358,-0.104439,-0.182852,-0.222499,-0.182054,0.037549,-0.397432,-0.139712,-0.080729,-0.444443,0.04362,-0.272474,-0.085987,-0.093898,-0.217101,-0.257836,-0.308546,-0.23675,-0.133508,0.09231,-0.343248,-0.178758,-0.187729,-0.410765,-0.084207,-0.220633,-0.286024,-0.391527,0.168634,0.170291,-0.148141,-0.051846,-0.001387,-0.10299,-0.076028,-0.227264,-0.194257,0.150579,0.06133,0.168199,0.10874,-0.421977,0.294195,0.11956,-0.124012,-0.055332,0.388602,-0.327184,-0.39697,0.1557,0.123071,-0.247602,0.464076,0.015837,0.339439,0.269624,0.418321,-0.107972,0.229839,0.112114,0.050472,0.318967,-0.029013,0.388313,0.188544,0.093169,-0.201062,0.27904,0.236351,-0.277943,0.001202,-0.000722,#
12,0.488328,0.128118,0.037195,-0.173576,0.2417,-0.204188,0.160765,-0.033099,0.291274,0.28333,-0.222792,0.112676,1.0,0.223499,0.118652,-0.04558,-0.14773,0.198854,0.113974,0.063652,-0.236081,0.177204,0.385012,-0.107451,-0.257286,-0.130509,0.112265,-0.210624,0.346485,-0.015151,-0.384964,0.077383,0.001387,0.038485,-0.055715,0.089224,0.232627,-0.166094,-0.038582,-0.133727,0.217724,0.251413,0.00777,-0.072758,0.080375,-0.17488,0.48095,0.30832,-0.000644,0.161177,-0.011535,-0.181391,0.153902,-0.001671,-0.01762,-0.180974,-0.055506,0.109204,0.114625,-0.053801,0.139573,0.086331,-0.188657,-0.04916,0.149282,0.286003,0.178111,0.095281,0.266731,-0.201136,0.276843,-0.27195,-0.113904,-0.178281,-0.150943,0.243338,-0.141585,-0.424115,-0.115459,-0.216641,-0.006625,-0.268009,-0.326446,-0.261002,0.034878,-0.009504,-0.295193,-0.065339,-0.105106,-0.020719,-0.205123,-0.189455,-0.213595,0.176446,-0.154293,-0.11293,0.048983,-0.156907,0.088134,-0.566243,0.336257,-0.278187,-0.279928,-0.281551,-0.257544,0.018072,-0.175303,-0.096149,-0.339376,-0.004767,0.297791,-0.195591,0.015262,-0.193257,-0.169365,-0.242423,-0.508673,-0.073077,0.272642,-0.526189,-0.080301,-0.41629,-0.047722,-0.269726,-0.023445,0.0463,-0.460846,-0.032998,-0.183312,-0.161184,-0.038771,-0.042964,0.040142,0.171853,-0.16849,-0.149274,0.066307,-0.020043,0.118457,-0.394369,-0.25292,-0.217425,-0.223983,0.101025,-0.324718,-0.015823,-0.288062,0.287097,-0.465211,-0.101146,-0.156687,-0.364203,0.010777,-0.031276,-0.049127,0.062925,0.356245,0.378699,-0.261235,-0.214694,-0.241466,-0.184239,-0.390096,0.010951,0.166085,0.067836,-0.132529,-0.10613,-0.264158,0.015205,0.104599,0.226249,0.057216,-0.263913,0.323824,0.077218,-0.036966,0.309826,0.210267,-0.431601,0.033188,0.11144,-0.104118,-0.162703,0.168019,-0.088465,0.285731,0.06236,-0.359296,0.367147,-0.049285,-0.062221,0.19843,0.250935,-0.03043,0.001467,0.295711,-0.316485,-0.053713,0.096562,#
13,0.26854,0.09982,-0.073275,-0.230813,0.116514,0.443397,0.04757,0.199563,0.062601,0.174778,-0.178578,-0.165165,0.223499,1.0,0.086002,-0.01511,-0.163518,0.217183,0.261568,-0.054799,-0.013409,0.097621,0.327082,-0.216599,-0.122134,-0.323092,0.238438,0.200162,0.207764,0.055157,-0.01785,0.229118,0.141294,-0.187642,-0.137954,0.139838,-0.006349,0.024969,-0.025571,-0.320436,0.169762,0.263552,0.301877,0.419988,-0.060429,-0.395571,0.333092,0.344201,0.046187,0.012219,0.041034,0.020065,0.046396,-0.260922,-0.299181,-0.256177,0.177955,-0.058431,0.070123,0.00453,0.259886,0.247416,-0.18082,0.184028,0.188589,0.498116,0.161499,0.370078,0.237905,-0.06184,0.049485,-0.341446,0.019439,-0.212366,-0.094697,0.23671,0.001178,-0.209111,-0.149358,-0.080094,-0.198023,-0.289885,-0.053711,-0.046628,0.074156,0.025193,-0.011337,-0.10159,-0.039393,-0.143114,-0.094697,-0.205355,-0.16954,0.160146,0.07345,-0.145912,-0.069668,-0.095495,-0.006006,-0.400636,0.04713,-0.045448,-0.064178,-0.137317,-0.116999,-0.003307,-0.138797,-0.46696,-0.058216,-0.191809,0.22702,0.229326,0.058815,-0.039601,-0.137075,-0.095377,-0.286324,-0.129967,0.284759,-0.324727,-0.104117,-0.055347,-0.163589,-0.124977,0.051079,0.106691,-0.208701,0.141307,-0.116523,-0.185581,-0.090459,0.118912,-0.158921,0.326801,-0.217562,-0.268077,-0.105781,-0.204684,0.160694,-0.183796,-0.179512,-0.339895,-0.235189,-0.238754,-0.126984,0.112013,-0.137283,0.112313,-0.08104,0.025186,-0.114976,-0.147771,-0.09524,-0.043272,-0.019685,0.131705,0.385927,0.411862,-0.309378,0.044816,-0.111179,-0.193959,-0.005782,0.223237,0.048096,0.109413,0.148658,0.090895,-0.278582,0.167998,-0.018522,0.26068,-0.133311,-0.147372,0.291456,0.118572,-0.052518,0.037107,0.391379,-0.362123,0.073449,-0.115211,-0.213629,0.001614,0.081457,-0.111602,0.221237,-0.023069,-0.175895,0.256208,-0.091573,-0.175118,0.236466,0.152778,0.125745,0.06331,0.240906,-0.262898,0.075655,-0.033709,#
14,0.045751,0.183555,-0.211155,-0.206324,0.124128,0.194643,0.163354,0.084956,0.288304,-0.054856,0.265895,0.093984,0.118652,0.086002,1.0,0.037607,-0.139558,-0.268124,-0.083229,-0.058315,-0.153932,0.384274,0.185276,0.122338,-0.113673,0.075819,-0.001132,0.184072,0.232276,-0.037861,-0.224981,0.27663,0.16679,0.087962,-0.183504,-0.047373,-0.006789,0.03108,0.345488,0.106359,-0.192708,0.160637,-0.124193,0.064256,-0.143652,0.226528,0.259581,-0.140667,0.037811,0.207541,-0.00335,0.085036,-0.067069,-0.214276,0.074144,0.110158,-0.195707,0.268637,-0.295459,0.247692,0.214657,0.103206,-0.087054,0.378979,0.214993,0.176659,-0.124687,-0.023885,0.078259,-0.101533,0.145055,-0.122394,0.308724,-0.188322,-0.285628,-0.107504,-0.075112,0.001627,-0.167648,-0.267249,-0.178466,-0.16031,-0.164929,-0.180104,-0.268088,-0.014265,-0.056652,-0.235082,-0.356066,-0.164109,-0.090185,-0.08982,-0.050293,0.022176,-0.061642,0.027977,-0.131406,-0.074027,-0.119798,-0.173304,0.026785,0.04818,-0.216677,-0.205195,-0.074422,-0.013583,-0.299262,-0.05561,-0.007496,-0.146285,-0.20214,-0.139766,-0.281291,-0.042851,-0.242855,-0.170634,-0.272101,-0.054182,-0.171002,-0.175581,-0.099621,-0.30896,0.050344,-0.094529,0.180856,-0.078535,0.029528,-0.059678,-0.267475,-0.19648,0.079362,-0.322,-0.259538,-0.257165,-0.214558,-0.018164,-0.075903,-0.196613,0.25372,-0.022934,-0.107081,-0.263256,-0.256078,-0.184762,-0.309899,-0.155995,-0.055899,-0.124628,-0.005535,-0.261854,0.005519,-0.058744,-0.094849,-0.063813,-0.123236,-0.070003,0.135739,0.190569,-0.156497,-0.068932,-0.1037,-0.135895,-0.064279,-0.259252,-0.141219,0.170483,0.001009,0.193229,-0.033591,-0.102042,-0.010283,0.120264,-0.083485,-0.05974,0.271657,-0.046359,-0.145028,0.00572,0.06079,-0.165107,0.117588,0.358711,0.218153,0.129823,0.052201,-0.009613,0.104259,0.050696,0.1161,0.051366,-0.190383,0.343972,-0.010291,0.004396,-0.003293,-0.257927,0.170431,-0.250749,0.077788,0.112229,#
15,0.008625,-0.08097,-0.265656,-0.216845,-0.097114,0.134473,0.081297,-0.201733,-0.083158,-0.068043,0.180476,0.236787,-0.04558,-0.01511,0.037607,1.0,0.111541,-0.315726,0.193777,0.013198,0.139947,0.097611,-0.141889,-0.117933,-0.156579,-0.014711,-0.221325,0.071341,0.129628,-0.091845,-0.330257,0.058334,-0.158336,0.028152,0.285077,0.006421,-0.213237,0.199951,-0.278118,0.127025,-0.033176,-0.209944,-0.073507,-0.063529,0.165933,0.177235,-0.061793,-0.240708,0.174623,0.144679,0.145402,0.04397,-0.110951,0.055553,-0.098722,0.047141,0.078963,-0.000271,0.123465,0.111829,0.183194,-0.104664,0.122279,0.333832,0.093744,-0.043236,-0.178572,0.009943,0.176496,-0.202525,-0.020602,0.006125,-0.025795,-0.229309,0.042216,0.024143,-0.227696,0.102197,-0.075797,-0.206423,-0.197066,-0.144936,-0.148147,-0.18834,-0.112286,-0.120766,-0.201777,-0.33813,-0.014012,0.008597,0.119922,-0.148628,0.21964,-0.48608,-0.116238,-0.062589,-0.112688,-0.521155,-0.439427,-0.052978,0.18384,0.038455,-0.272302,-0.067919,0.008119,0.007213,-0.319297,-0.132906,-0.091476,-0.091429,-0.315031,-0.200548,-0.103973,0.028969,-0.312133,-0.064409,-0.067006,0.094731,-0.335531,0.118041,0.025009,0.004414,-0.044832,0.192706,0.001385,-0.11562,0.126355,0.13323,-0.07964,-0.161037,-0.206184,-0.03177,-0.12686,-0.072839,-0.170424,-0.101332,-0.2705,-0.381456,-0.206419,-0.138083,-0.103785,-0.14324,-0.153854,0.038243,-0.310252,0.255347,-0.232697,-0.032044,-0.198215,-0.327553,-0.068395,0.062772,-0.193878,-0.098781,-0.375974,-0.202917,-0.22946,0.00435,-0.177155,-0.044997,-0.465605,-0.200421,-0.09272,-0.319684,-0.200036,0.244344,0.020008,0.18122,-0.091483,-0.130906,0.031211,0.258612,-0.161852,0.005574,0.080422,-0.297845,0.048805,0.09118,-0.211963,0.067231,0.266352,0.258674,0.414035,0.36621,0.202261,-0.135487,0.189687,-0.04731,0.430693,0.04261,-0.367037,0.266721,0.208394,0.138918,-0.168383,0.228726,0.381677,0.10929,-0.21019,0.005502,#
16,-0.036277,-0.261108,-0.056874,0.059335,0.092245,0.004363,-0.17495,-0.110383,-0.265933,-0.407681,0.108556,0.05132,-0.14773,-0.163518,-0.139558,0.111541,1.0,-0.308982,-0.191414,-0.204192,-0.306058,-0.135657,-0.254821,0.134311,-0.112505,-0.149266,-0.315051,0.060428,-0.175075,-0.316861,0.183891,0.018563,-0.104267,-0.272017,0.102581,-0.224089,-0.17218,0.200898,-0.004108,0.10697,-0.161875,-0.176434,-0.026876,-0.099064,0.024708,0.253842,-0.163093,-0.333346,-0.140958,0.047827,0.169812,0.057802,-0.056217,0.102229,0.143975,0.155389,-0.114171,0.168142,-0.188393,0.050075,-0.060959,-0.229711,0.137015,0.099515,0.108135,-0.109108,0.102944,-0.126277,-0.164558,0.069362,-0.234504,0.232818,0.149493,-0.142901,-0.177867,0.141562,0.0301,0.12713,0.118535,0.129129,-0.022996,0.115303,0.181478,0.252309,0.015077,-0.156746,0.073434,-0.117671,0.065678,-0.22693,0.190052,-0.008636,0.292304,-0.384431,0.140365,-0.190151,-0.018715,0.118634,-0.12922,0.080034,0.28476,-0.016857,0.045833,0.057384,0.08723,-0.153247,0.322063,-0.003756,-0.067253,0.279429,-0.328225,-0.165846,-0.001823,0.140901,-0.062015,0.101947,0.23893,-0.127003,-0.305177,0.430979,-0.081083,0.198868,-0.335706,0.173993,0.119403,-0.208176,-0.121537,0.067856,-0.080427,0.155213,-0.073709,0.140401,-0.007251,-0.261948,0.128257,-0.157331,0.125665,-0.199342,-0.553303,0.084415,-0.030609,0.257505,0.113048,0.173989,-0.048639,-0.068475,-0.122311,-0.096185,0.023224,0.00237,0.23452,0.254505,-0.158885,-0.049653,-0.166573,-0.251407,-0.349023,-0.205088,-0.037626,-0.240227,0.017623,-0.031218,0.019006,-0.246659,0.034823,-0.142696,0.129832,0.086595,0.176926,-0.012057,0.402412,-0.090586,-0.055751,0.257024,-0.392717,-0.087773,-0.051507,-0.140529,-0.243708,0.256903,-0.008689,-0.238151,0.554481,0.083379,0.036106,0.073126,-0.003228,0.078303,0.295318,-0.270038,-0.016328,0.127168,0.08149,0.217649,0.101235,0.151027,-0.074068,0.188788,-0.270179,0.094652,#
17,0.06573,0.225661,0.194058,0.050025,-0.108782,-0.091548,-0.095786,0.044556,0.175116,0.329776,-0.346038,-0.109765,0.198854,0.217183,-0.268124,-0.315726,-0.308982,1.0,0.12598,0.219673,0.098588,0.030196,0.360879,0.163115,0.238813,-0.114065,0.260138,0.021829,0.001382,0.108734,0.1695,-0.051057,0.231341,0.276263,-0.211131,-0.041594,0.349881,-0.183417,0.151051,-0.282757,0.087769,0.307083,0.43403,-0.037246,0.084572,-0.392952,0.243329,0.438341,-0.044648,-0.147112,0.167356,0.007682,-0.267448,0.045902,-0.152677,-0.135876,0.056784,-0.114255,0.035238,-0.178807,-0.04854,0.012362,-0.201856,-0.206527,-0.125204,0.134897,0.239981,0.223069,0.217764,0.300817,0.030962,-0.090477,-0.231969,0.210016,0.208676,-0.041858,0.050367,-0.225678,0.111207,0.037252,0.140112,0.01062,0.011376,0.126666,0.261059,0.187685,-0.140507,0.175338,0.199269,0.015216,0.2062,0.062042,-0.165304,0.564296,0.146854,0.071805,0.203093,0.27493,0.231939,-0.173333,-0.193941,-0.223283,-0.104487,0.193647,0.005439,0.137782,0.003434,-0.031091,-0.072254,-0.04871,0.466275,0.206467,0.44291,0.052366,0.235395,0.022595,-0.150975,-0.135429,0.473134,-0.28062,-0.07712,0.039141,0.061209,-0.341015,-0.165795,0.262938,-0.028263,-0.164435,-0.054099,-0.039116,0.173459,0.165308,0.401483,0.182887,0.110321,-0.006657,-0.004434,0.295161,0.364103,-0.114268,0.08602,0.132844,0.009234,-0.130229,0.03462,-0.018269,0.064823,0.197921,-0.217444,0.292615,-0.129488,-0.043189,0.19396,0.281353,0.119315,0.221218,0.354129,0.092177,-0.119397,0.139993,0.289824,0.213102,0.060441,0.707992,0.076359,0.092812,-0.000213,-0.149199,-0.338991,0.167885,-0.208468,0.206954,0.136152,-0.123621,-0.078405,0.148149,0.196416,0.097798,0.151515,-0.197124,-0.168486,-0.216116,-0.613194,-0.189694,-0.175874,0.107282,-0.040967,0.241061,-0.518467,0.180357,0.09462,-0.328905,-0.14622,-0.117308,0.006831,-0.105041,-0.120284,-0.136915,0.29423,-0.296735,#
18,0.232978,0.145426,0.045799,0.058893,-0.162146,-0.077264,0.059033,0.063238,0.269666,-0.041071,0.03612,-0.193374,0.113974,0.261568,-0.083229,0.193777,-0.191414,0.12598,1.0,-0.006299,-0.012098,0.13012,-0.122258,-0.006491,-0.286215,-0.115798,-0.042092,0.244205,0.139133,-0.205494,-0.144943,0.168688,0.107514,-0.088183,0.016395,-0.083481,0.24331,0.408647,-0.214425,-0.151268,0.347226,-0.148424,-0.050709,-0.041908,-0.139261,-0.22238,0.087052,-0.094854,0.037194,-0.002581,-0.173038,0.377481,0.060958,0.106589,-0.213532,-0.162306,-0.09152,-0.166521,0.061906,-0.253775,0.119789,0.061503,0.111409,0.01158,0.031976,0.035759,0.190973,-0.119898,0.117836,0.10617,-0.169792,0.081131,-0.072741,0.212187,0.13793,-0.12127,0.076729,-0.173582,0.223121,-0.0338,0.048179,0.094137,0.094645,-0.055995,0.049614,0.141008,0.114905,0.184587,-0.016371,0.308412,0.367228,0.04013,-0.085374,0.201414,0.130242,0.161107,0.166241,0.017286,0.089683,-0.171952,-0.017663,0.067092,-0.102217,0.088728,0.005792,0.229865,-0.196398,-0.088139,0.098237,-0.065168,0.070162,-0.006779,0.234883,0.151295,0.127623,-0.035932,0.129746,0.16685,0.232883,-0.097972,0.227291,-0.006376,0.256828,0.014317,-0.030306,0.188635,-0.012274,0.258897,0.216969,0.054232,0.129035,0.178237,0.149341,-0.053558,0.178436,0.211245,-0.13643,0.017835,-0.060834,0.021109,0.075435,0.009611,-0.231519,0.0003,0.162879,0.330624,0.087835,0.099987,-0.159848,-0.022337,0.155168,0.14627,0.217991,0.010386,0.143708,0.039669,0.05347,0.151057,0.152389,-0.055332,-0.134918,0.083705,-0.006506,0.065658,0.349756,0.067929,0.065797,-0.09783,-0.042558,0.336476,-0.461584,0.409157,0.11407,0.061755,-0.022451,0.123979,0.108914,0.056955,-0.041644,-0.09594,-0.05354,0.020081,-0.221894,-0.112008,-0.009725,0.033109,0.06598,0.052909,-0.069897,-0.137369,0.053618,-0.218363,0.068763,0.044665,-0.029005,-0.020398,0.14904,-0.063627,0.085799,-0.14948,#
19,-0.237624,-0.057529,-0.100141,0.095605,-0.218873,-0.090718,-0.047263,0.032928,-0.070803,0.001757,0.086955,-0.347474,0.063652,-0.054799,-0.058315,0.013198,-0.204192,0.219673,-0.006299,1.0,0.085313,0.232252,0.092334,-0.010132,-0.016027,0.054792,0.294907,0.090808,-0.196039,-0.067278,0.159881,0.009542,0.312346,0.144107,0.329202,-0.240116,0.053359,0.090582,-0.062057,0.047755,0.158806,0.225201,-0.070298,-0.174138,0.017056,-0.033384,0.023762,0.086059,0.186747,-0.195289,0.211359,-0.041232,-0.200056,-0.044022,-0.254478,0.230338,0.046693,-0.036509,0.10574,-0.157803,-0.006111,-0.153273,0.157335,-0.056101,0.064067,0.022051,0.155171,0.225715,-0.04442,0.205672,-0.003736,0.094905,0.038242,0.127057,0.360933,-0.135528,0.2651,0.053514,0.196873,0.141051,0.099842,0.246716,0.08116,-0.253881,0.340684,0.210752,-0.018022,0.331776,0.130946,0.211008,0.077295,0.001248,-0.224246,0.201166,0.231691,0.262242,0.374334,0.123605,0.181665,0.007215,-0.070954,-0.027749,-0.085097,0.206287,0.193651,0.209002,0.039981,0.266953,0.019306,0.056983,0.43858,-0.216981,0.154085,-0.102106,0.15355,0.254644,0.157966,0.012077,0.168281,-0.066308,0.104781,0.034669,0.203427,-0.071504,-0.017575,0.256576,0.040619,0.073205,0.151865,0.077548,0.045365,0.140303,0.119325,0.005109,0.233163,0.128253,-0.164475,0.369631,-0.086492,0.287032,0.256499,0.03621,0.016676,0.106181,0.01053,0.034362,0.087456,-0.076248,0.196773,0.093969,0.094158,-0.039493,0.245064,0.361883,0.225568,0.495229,0.101199,-0.281713,0.303386,0.2248,-0.001885,0.053098,-0.036309,0.419537,0.031112,-0.075463,0.09036,0.125565,-0.227838,0.363283,-0.186913,-0.246993,0.303944,-0.023155,-0.079548,0.275006,0.251127,0.000816,0.016794,0.193123,-0.112244,-0.013817,-0.360426,-0.182626,-0.147496,0.175005,-0.129284,0.047912,-0.244723,0.076306,0.03752,-0.166337,-0.161501,-0.322213,-0.071413,-0.089643,-0.095077,0.154778,-0.002722,-0.036537,#
20,-0.277297,-0.011099,-0.071175,0.090259,-0.048302,0.159017,-0.047334,0.029346,-0.199043,0.135693,-0.079806,-0.045177,-0.236081,-0.013409,-0.153932,0.139947,-0.306058,0.098588,-0.012098,0.085313,1.0,-0.18069,0.025579,-0.178391,0.095,0.135977,0.055523,-0.017389,-0.105624,0.178882,-0.004369,-0.092853,-0.060473,0.268158,-0.066363,0.023177,-0.121427,-0.186614,0.015646,-0.030995,-0.009157,-0.228343,0.259676,0.068828,0.102333,0.123281,-0.155737,0.011277,0.129961,-0.309064,0.01342,-0.12109,-0.193242,0.031331,-0.183184,0.103974,0.271068,-0.045771,0.155161,0.073026,0.189093,0.000951,-0.061564,-0.065096,-0.323794,-0.006116,-0.346181,0.289839,0.060342,-0.087084,0.076611,0.00223,-0.145164,0.181591,0.236428,0.05967,0.101777,0.181999,-0.058599,-0.06274,0.14563,-0.03009,0.13149,-0.203962,0.072982,-0.064281,-0.088099,0.153817,0.17928,0.200627,0.093986,0.09161,0.103488,-0.074472,-0.263589,0.03113,0.027466,-0.063586,-0.096248,0.277325,-0.064198,0.116249,0.107935,-0.014208,-0.119522,-0.064032,-0.153986,0.023075,0.194713,-0.418952,0.032611,0.018094,-0.078083,-0.084182,0.119596,0.155432,0.152119,0.228038,-0.136954,0.076015,0.162398,0.152295,0.251297,0.099059,0.039522,-0.031612,0.167518,0.119302,0.087285,0.125497,0.112409,-0.018832,-0.031248,-0.083746,0.11354,0.250608,-0.18729,0.121221,0.097629,0.068923,0.010082,-0.10028,-0.039591,-0.118845,0.139025,0.08828,0.253411,0.116971,-0.006141,-0.020284,-0.241739,0.079661,0.153576,0.077735,-0.007379,0.062193,0.05304,-0.071118,0.009216,0.027122,-0.126817,-0.11408,0.131394,-0.02296,-0.2382,0.196198,0.001377,-0.115256,-0.065875,0.134216,-0.156988,-0.06826,-0.138614,0.139415,0.05548,-0.136706,0.084691,0.108281,-0.142276,-0.049569,0.037251,-0.155533,-0.028783,0.193004,0.135693,-0.299912,0.046977,-0.100049,0.09863,0.015902,-0.066756,0.123693,-0.086373,-0.329758,-0.005112,0.039455,-0.025236,-0.058996,0.098803,0.15312,#
