0,1.0,0.146344,0.095828,-0.163239,0.425471,-0.097607,0.16465,-0.069359,0.458237,0.01393,-0.196,0.308119,0.264407,-0.031205,0.06431,-0.004611,0.085152,0.020908,0.15686,-0.231441,-0.283204,0.043583,-0.010686,-0.124259,0.04483,-0.210785,-0.180751,-0.143272,0.263787,0.098662,-0.414064,-0.162418,-0.237816,-0.064717,-0.185549,0.161013,0.164896,-0.024012,0.026352,0.032757,0.130967,-0.292139,-0.277277,-0.028112,0.002163,0.049179,0.321844,0.180666,0.077716,0.323071,0.015471,-0.17726,0.135897,0.008233,0.124833,-0.054666,-0.230403,0.214997,-0.100172,0.051112,0.187507,0.072751,0.088717,-0.150758,0.071518,0.162104,-0.049662,-0.086335,0.273752,-0.130917,0.117152,-0.354494,-0.109566,-0.333208,-0.313905,0.219949,-0.220725,-0.394445,-0.189052,-0.172066,-0.038564,-0.330139,-0.165227,-0.237129,-0.035478,-0.131446,-0.388996,-0.128455,-0.103652,-0.304003,0.023677,-0.189851,-0.072907,-0.010152,-0.176835,-0.201117,-0.319485,-0.247374,0.089327,-0.271763,0.165383,-0.254651,-0.268344,-0.190311,-0.129909,-0.132729,-0.103228,-0.046926,-0.153675,-0.220897,-0.138765,-0.211117,0.03537,-0.245673,-0.250456,-0.275112,-0.246626,-0.270141,0.082501,-0.44615,-0.127555,-0.274004,-0.249507,-0.212805,-0.098855,-0.13905,-0.192652,-0.137007,-0.069041,-0.045857,-0.12289,-0.219933,-0.060216,0.059438,-0.254631,-0.355585,-0.008698,-0.257243,0.10462,-0.335891,-0.215111,-0.123436,-0.085695,-0.146138,-0.329624,-0.101137,-0.258898,0.248432,-0.333001,-0.248289,-0.26728,-0.230021,0.014891,-0.269801,-0.212867,-0.045843,0.171668,0.319955,-0.186769,-0.132329,0.00786,-0.129285,-0.096381,-0.121138,0.021336,0.091737,0.027315,-0.085996,-0.162096,-0.210351,0.025182,0.196687,0.027435,-0.355821,0.14007,-0.140813,-0.041397,0.27866,0.213803,-0.328414,0.12957,0.017527,0.005227,0.007444,0.226241,-0.04902,0.373246,-0.060246,-0.096378,0.358764,-0.290942,0.113609,0.183073,0.315712,-0.201175,0.204684,0.205386,-0.308082,-0.099001,0.00089,#
1,0.146344,1.0,0.008646,0.078035,0.32784,0.080586,-0.080071,-0.121779,0.06682,0.111506,-0.126052,0.235939,-0.028834,0.026651,0.135773,-0.137613,0.050604,0.050752,-0.166894,-0.121321,-0.055134,0.133311,0.143879,-0.089724,0.069232,-0.085162,-0.127893,0.071104,0.225257,0.326826,-0.377345,0.104249,-0.196586,-0.066654,-0.163392,0.278872,0.178346,-0.243183,0.112904,0.088312,0.10984,-0.151491,0.181198,0.066863,-0.230839,0.021998,0.268674,0.12762,-0.202986,0.218142,-0.074953,-0.254691,0.075569,0.128007,0.039524,-0.052178,-0.217827,0.194586,-0.183432,0.062546,-0.047118,-0.109593,0.093876,0.018731,-0.024174,-0.024808,0.020189,0.160242,0.237309,0.053221,-0.211252,-0.286857,-0.04005,-0.12757,-0.213063,0.028308,-0.198091,-0.044586,-0.202614,-0.236339,-0.081257,-0.420769,-0.247353,0.178211,-0.284579,-0.2666,-0.230591,-0.177696,-0.061251,-0.159838,-0.104505,-0.0265,-0.107107,-0.05339,-0.482461,-0.169799,-0.23909,-0.24515,-0.182045,0.027075,0.104284,-0.046884,-0.180584,-0.163483,-0.329965,-0.235209,-0.215724,0.003409,0.018105,-0.088973,-0.114082,0.139488,-0.325394,-0.212008,-0.001229,-0.061711,-0.196031,-0.300519,0.167596,-0.008151,-0.313922,-0.107685,-0.293158,-0.17006,0.146737,-0.145702,-0.175315,-0.046789,0.026167,-0.026916,-0.163637,-0.079594,-0.113626,-0.019466,-0.183791,-0.168861,-0.149614,-0.312298,0.110147,-0.198246,-0.101241,0.060105,0.124035,-0.249753,-0.158381,-0.294549,-0.052708,0.16879,-0.225482,-0.117911,-0.344828,-0.162683,-0.143489,0.01503,-0.118192,-0.129035,-0.008776,0.148842,-0.044626,-0.21515,-0.00558,-0.045135,-0.156537,-0.107332,-0.048898,0.318993,0.141593,-0.364945,-0.075337,-0.100391,-0.047895,0.037881,-0.272141,-0.090671,0.128535,0.050203,-0.140581,0.029909,0.223786,-0.299957,0.151494,-0.057639,-0.063412,0.059493,0.26344,-0.237073,0.156128,-0.132616,-0.169129,0.277999,-0.138931,0.21048,0.249141,0.320615,0.001484,0.013093,0.175332,-0.258433,-0.082505,0.193002,#
2,0.095828,0.008646,1.0,0.278011,-0.085779,-0.205512,-0.067885,-0.176559,0.155552,0.124818,-0.014574,0.091414,-0.13695,0.057675,-0.15411,-0.141673,-0.16137,0.181534,0.054766,0.034296,-0.304495,-0.139423,-0.066553,0.231755,0.07006,-0.251423,0.038502,-0.177221,0.162472,-0.129698,0.020475,0.117168,-0.195913,-0.013012,-0.207463,0.026475,-0.110189,0.080263,-0.129706,-0.267926,-0.191223,0.116149,-0.101001,0.03784,0.249898,-0.415832,0.062079,0.107971,-0.220377,0.282097,-0.252459,0.151003,-0.020923,0.237261,-0.158835,-0.269812,-0.085018,-0.148913,-0.080751,0.02603,-0.003841,0.264424,-0.002148,-0.255865,0.057763,0.042174,0.041908,-0.166696,-0.089236,0.029103,0.144812,0.087353,0.050451,0.205885,-0.138052,0.206807,-0.162882,-0.158744,0.047216,-0.092748,0.112044,-0.025219,-0.183667,0.409984,-0.075299,-0.062306,0.097336,-0.053358,-0.178411,-0.133897,0.087197,-0.300601,0.132303,0.150771,-0.06011,0.219486,0.120878,0.054076,0.0215,0.049629,-0.285423,-0.163126,-0.032303,0.207219,-0.008712,-0.027515,0.121767,0.081165,0.029865,0.180868,0.296242,0.133164,0.080175,0.111596,0.173044,-0.129862,-0.097823,-0.058199,0.110863,0.038082,-0.198789,0.225264,0.004636,-0.031734,-0.052891,0.163553,0.011576,-0.145078,0.071719,0.039976,0.288151,0.099548,-0.018729,0.090935,0.248992,0.043705,0.082765,0.268461,-0.005102,-0.177241,0.252144,0.241233,0.069129,-0.204777,0.056026,0.298658,0.013627,-0.108941,-0.227149,0.135386,0.072836,0.458651,0.24753,0.044623,0.058699,0.050066,-0.120529,0.160366,0.172601,0.057008,0.169092,-0.093484,0.390282,0.074247,-0.050742,-0.079735,-0.107287,-0.23796,0.224403,0.012628,-0.087149,0.224426,-0.117536,0.057311,-0.020515,0.11326,-0.189565,0.104185,-0.022823,0.019075,0.17426,-0.032684,-0.071106,0.000504,-0.325927,0.179021,-0.062235,0.115453,-0.027228,-0.017434,0.235284,-0.207976,-0.153887,0.083884,-0.270245,-0.141578,-0.096304,0.066574,0.184752,-0.283255,#
3,-0.163239,0.078035,0.278011,1.0,-0.12632,-0.105821,-0.261428,-0.120022,-0.319084,-0.154839,0.063106,-0.173263,-0.220865,-0.176611,-0.010037,-0.016824,0.104593,-0.091999,-0.137791,0.119965,-0.176117,0.009193,-0.262976,0.046845,0.087378,-0.036931,-0.111187,-0.024028,0.074498,-0.165592,0.052132,0.006985,-0.00092,0.051542,-0.030803,-0.405996,-0.130358,0.151781,-0.0149,0.123365,-0.028626,-0.022583,0.014853,0.00371,0.023697,0.236435,-0.3095,-0.447991,0.112606,0.061625,-0.201844,0.298504,0.114077,0.086421,-0.022187,0.119511,-0.006827,-0.007828,-0.154423,-0.204047,-0.056625,-0.075976,0.23242,-0.06066,-0.114292,-0.386509,-0.081644,-0.176791,-0.380383,0.082348,-0.043365,0.158728,0.247438,0.162311,-0.010793,0.064193,0.139534,0.245625,0.352947,0.015122,0.068931,0.097795,0.110827,0.146866,0.140609,0.055729,0.231,0.062301,0.020882,-0.02713,0.285421,0.028254,0.084986,0.186716,0.017459,-0.057515,0.211214,0.263157,0.097746,0.196898,-0.210393,0.175452,0.209162,0.184849,0.147416,-0.042616,0.259255,0.224197,0.05077,0.135299,-0.019823,0.063999,-0.095608,-0.018461,0.010193,0.250652,0.339209,0.036069,-0.137093,0.362926,0.145679,0.035307,0.183433,0.236802,0.197592,0.155923,0.002246,-0.086246,0.004365,0.228676,-0.111524,-0.048723,-0.001313,-0.006514,0.1306,0.271724,0.19785,0.11362,-0.306481,0.169335,0.039389,0.333443,0.176222,-0.169518,0.174193,0.218655,0.077418,-0.3008,0.034664,0.002256,0.119698,0.252867,0.173743,0.196055,0.067667,0.227222,-0.299197,-0.27154,0.283695,0.062942,0.218071,0.203172,0.127066,-0.122159,-0.258906,-0.282756,-0.106764,-0.275232,0.26826,0.017019,-0.209494,-0.301119,0.09908,0.202985,-0.100331,0.08304,0.03296,-0.033836,-0.298097,0.154996,-0.3153,-0.22635,0.104885,-0.079406,-0.170438,-0.095721,-0.230177,-0.112065,0.172971,-0.239671,0.181383,-0.082283,-0.216844,-0.206047,-0.149622,-0.078523,-0.224966,0.063011,-0.234586,0.037888,#
4,0.425471,0.32784,-0.085779,-0.12632,1.0,0.112506,0.212405,-0.038258,0.307731,0.164371,-0.155781,0.313612,0.327435,0.213453,0.052868,-0.010607,0.092944,0.032988,-0.037473,-0.124937,0.069155,0.054673,0.362969,-0.337666,-0.230388,-0.248979,-0.087201,-0.118436,0.33882,0.318587,-0.34307,0.08981,-0.264131,-0.115347,-0.256213,0.311707,0.184792,-0.354151,0.050089,-0.093972,0.202607,0.010467,-0.03226,0.00991,-0.083699,-0.045354,0.24309,0.359292,0.214392,0.034888,0.011507,-0.529552,0.122412,-0.12716,0.096928,-0.218746,-0.366868,0.14734,-0.018063,0.047973,0.17281,0.078897,-0.127277,-0.193056,0.049095,0.400647,0.084454,0.255097,0.348212,-0.000102,-0.099602,-0.643219,0.166445,-0.642444,-0.365524,0.374423,-0.443845,-0.514061,-0.400762,-0.32282,-0.318501,-0.661743,-0.348385,-0.090248,-0.341612,-0.349916,-0.613111,-0.321321,-0.127184,-0.243145,-0.364986,-0.418018,-0.303932,-0.274478,-0.424586,-0.395983,-0.537928,-0.503829,-0.193581,-0.309132,0.020911,-0.332667,-0.358381,-0.308738,-0.377233,-0.487443,-0.138369,-0.350501,-0.171966,-0.265879,0.127594,0.12186,-0.401305,-0.554548,-0.286651,-0.097487,-0.304173,-0.501904,0.108338,-0.336626,-0.141764,-0.176862,-0.43875,-0.452318,0.020043,0.087412,-0.478699,0.169777,-0.237766,-0.304852,-0.301056,-0.089724,-0.442708,0.14832,-0.43016,-0.382816,-0.142677,-0.506174,0.141595,-0.438926,-0.285183,-0.034724,-0.124307,-0.140434,-0.506328,-0.251678,-0.176333,0.608509,-0.488865,-0.327023,-0.54506,-0.206846,-0.10778,-0.474262,-0.371054,-0.234909,0.205576,0.500722,-0.328834,-0.312737,-0.080568,-0.132263,-0.369846,-0.07928,-0.130647,0.263437,-0.136933,-0.298151,-0.29794,0.001782,-0.060288,0.225801,-0.393161,-0.551107,0.123457,-0.21287,-0.24803,0.308035,0.330555,-0.42314,0.36318,-0.014481,-0.020414,0.166508,0.445865,-0.29489,0.355781,-0.204804,-0.281394,0.406462,-0.314006,0.260201,0.456507,0.429806,-0.060482,0.307731,0.494983,-0.37868,-0.379263,0.103117,#
5,-0.097607,0.080586,-0.205512,-0.105821,0.112506,1.0,0.317367,0.288657,0.004158,-0.074465,-0.001184,0.106996,-0.225378,0.349414,0.07908,0.005968,-0.007026,0.018317,-0.049512,-0.071554,0.2571,0.301229,-0.028899,-0.430297,0.090421,-0.10723,0.145939,-0.078113,-0.108408,0.14623,0.061394,0.154603,0.228302,-0.174806,-0.242586,0.169751,-0.062527,-0.134454,0.037539,-0.020588,-0.04949,-0.046007,0.167973,0.040359,-0.170767,0.099237,-0.12647,0.116604,0.05886,-0.013974,0.269024,-0.060652,0.230593,-0.144636,0.110814,0.035831,0.083788,0.249486,-3.7e-05,0.167054,0.126516,0.064262,-0.132257,0.287583,-0.094723,-0.072479,-0.155564,0.314393,0.128734,-0.088672,-0.22792,-0.220968,0.111984,-0.155396,0.028971,0.042195,-0.086532,0.024582,-0.260154,-0.132546,-0.067089,-0.248946,0.062751,-0.201457,-0.080221,0.161374,-0.061476,-0.036684,-0.049723,-0.10971,0.032307,-0.06316,0.116882,-0.341566,-0.064848,-0.222772,-0.168685,-0.17366,-0.100178,-0.239261,0.037648,-0.163466,0.095528,-0.330414,-0.056471,-0.192457,-0.130311,-0.509445,-0.158823,-0.348906,-0.135762,0.044002,-0.113836,-0.312008,0.045628,-0.070044,-0.030526,-0.23304,0.003675,-0.026878,-0.050329,0.050658,-0.044739,-0.162527,-0.056883,0.084308,-0.00541,0.044056,-0.042714,-0.221229,0.034496,-0.121842,-0.084999,-0.034138,-0.070414,-0.04376,0.090476,-0.149088,-0.050275,-0.051937,-0.212952,-0.178862,-0.159334,-0.214835,-0.016423,-0.021192,0.084563,0.058364,0.110026,-0.213138,-0.120641,-0.010745,-0.03941,0.007774,-0.012167,-0.229117,0.21598,0.118144,-0.13152,0.033328,-0.049499,-0.123814,0.048618,0.095925,-0.044882,0.36262,0.177536,0.190673,-0.008681,-0.002671,0.141087,-0.024106,-0.059547,0.078334,0.175672,-0.048232,-0.143027,0.172705,0.219973,-0.121369,0.177428,0.002364,0.033757,0.328148,0.287998,-0.248177,0.10231,-0.154112,0.007399,0.204965,-0.031884,0.137037,0.169255,-0.012611,0.294005,0.152112,0.122962,-0.164268,0.056281,0.208966,#
6,0.16465,-0.080071,-0.067885,-0.261428,0.212405,0.317367,1.0,0.120137,0.421403,-0.041445,0.320881,0.301287,0.054291,-0.00394,0.126815,0.163527,-0.007694,-0.048025,0.212204,-0.131093,0.05911,0.291982,0.127619,-0.36576,-0.070047,-0.052046,-0.056378,-0.21476,0.341967,0.180102,-0.269967,0.066195,0.133405,-0.344041,-0.114448,0.276353,-0.023008,-0.054943,-0.132333,0.025905,0.024053,-0.05295,-0.170383,-0.166283,-0.109665,-0.021287,-0.010003,0.124358,0.130286,0.270154,0.095582,-0.166388,-0.007111,0.076581,0.062098,-0.138822,0.054163,0.035561,0.038012,0.130481,0.170232,0.014987,-0.240263,0.1682,-0.012141,-0.024359,0.030202,0.13103,0.197506,-0.143356,-0.016029,-0.352727,0.070818,-0.264212,-0.277337,0.227059,-0.195862,-0.358145,-0.550541,-0.296732,-0.262334,-0.329581,-0.256838,-0.285519,-0.213402,-0.02995,-0.277166,-0.325877,-0.244204,-0.147725,-0.216606,-0.274544,-0.137043,-0.278092,-0.369956,-0.076218,-0.287883,-0.507271,-0.331057,-0.174976,0.039658,-0.423032,-0.309229,-0.424973,-0.014324,-0.098728,-0.091842,-0.289318,-0.365105,-0.01656,-0.101031,0.011659,-0.145844,-0.253145,-0.150792,-0.438181,-0.317022,-0.216871,-0.010087,-0.24267,-0.226371,-0.144206,-0.231307,-0.3885,-0.267738,0.031995,-0.346431,-0.006565,-0.179343,-0.479264,-0.222804,-0.224755,-0.250586,0.028119,-0.280955,-0.216205,0.063231,-0.358375,-0.044486,-0.318582,-0.128846,-0.12088,-0.325651,-0.094333,-0.305006,-0.165385,-0.344151,0.355776,-0.050604,-0.322601,-0.117667,-0.21427,-0.312044,-0.157299,-0.266447,-0.415291,0.071571,0.366288,-0.201183,-0.315127,0.016133,-0.293636,-0.219205,-0.115804,-0.113465,0.375059,-0.104104,0.179908,-0.069276,-0.182142,0.145914,0.146949,-0.14,-0.297111,0.297643,-0.351096,-0.232975,0.454128,0.323414,-0.155844,0.405224,0.28117,0.148506,0.366109,0.386271,0.014458,0.056675,-0.009618,0.029251,0.270567,-0.109886,0.277916,0.335552,0.224074,-0.122038,0.365971,0.475589,-0.346182,-0.146414,0.180928,#
7,-0.069359,-0.121779,-0.176559,-0.120022,-0.038258,0.288657,0.120137,1.0,-0.050471,-0.252971,-0.224284,-0.168436,-0.063231,0.158242,0.30581,-0.146472,0.007005,-0.091226,0.134129,-0.023527,0.055397,0.287509,-0.103319,-0.232535,0.132347,0.10852,0.115042,0.077653,-0.17461,-0.049122,0.051234,0.290666,0.327794,-0.118188,-0.131475,0.126613,0.11836,0.099855,0.188865,-0.225334,-0.086912,0.225842,0.268999,0.020476,-0.093303,0.129847,0.097139,-0.172969,-0.155727,-0.18122,-0.122383,-0.030736,-0.076637,-0.375371,-0.017315,0.194079,0.081262,0.060434,-0.18077,0.137712,-0.096167,0.07263,-0.191115,0.252921,0.121922,0.149365,0.022076,0.195004,-0.01492,-0.304892,-0.091479,-0.078997,-0.015561,-0.053573,0.07928,-0.250279,0.166365,-0.01265,-0.201489,-0.040192,0.114623,-0.143317,0.249765,-0.236774,0.092173,0.195944,0.066958,0.007184,-0.076873,0.087467,0.058551,0.048573,0.086589,-0.079856,0.155669,0.177198,-0.255052,0.053319,0.021941,-0.205418,0.017655,-0.163277,0.079495,-0.118019,-0.054783,-0.144825,0.045078,-0.264855,0.090147,-0.344413,-0.221705,0.149248,0.130628,0.048974,-0.083958,0.120739,0.079792,-0.007884,-0.024856,0.082213,-0.044496,0.097442,-0.165492,-0.081352,-0.005583,0.136115,-0.011156,-0.216337,0.047011,-0.070888,0.114426,-0.103271,0.00688,-0.137382,-0.004685,-0.020896,0.089141,0.058529,-0.063893,-0.05494,-0.041068,-0.212083,-0.210873,0.087351,-0.055217,-0.230689,0.118726,-0.123875,0.080816,0.04086,0.083358,0.112898,0.321395,0.100309,0.106458,-0.136145,0.199053,-0.075215,-0.318429,0.142879,0.045842,-0.036312,0.025262,-0.008267,-0.021002,0.079491,-0.060979,0.108091,-0.215995,0.269071,-0.104448,0.093187,0.071243,0.088788,-0.026645,0.001158,-0.005762,-0.056036,-0.058755,-0.068766,-0.022437,-0.153421,0.007852,0.076735,0.009908,-0.125412,0.036381,0.222404,-0.007154,-0.181585,-0.214761,0.221278,-0.019468,-0.142016,-0.013435,0.108997,-0.164598,-0.143011,0.134959,-0.071697,#
8,0.458237,0.06682,0.155552,-0.319084,0.307731,0.004158,0.421403,-0.050471,1.0,-0.054089,0.101734,0.298352,0.22422,0.033004,-0.001886,-0.123098,-0.012625,0.262743,0.25061,-0.041386,-0.194881,-0.022055,0.19436,-0.161537,0.013233,-0.300462,0.044582,0.0842,0.243137,0.06874,-0.180064,0.027311,-0.042594,-0.150591,-0.256106,0.088468,0.428176,-0.244221,0.050643,0.005006,-0.015981,-0.091797,-0.242715,-0.055358,0.061632,-0.144423,0.243732,0.341083,-0.033432,0.336925,0.224645,-0.153684,0.044124,0.232412,-0.009699,0.01221,-0.0357,0.111821,0.11102,0.080251,-0.147534,0.080614,-0.154874,-0.002883,-0.024451,0.233833,0.281183,0.054734,0.306284,0.167292,0.145758,-0.223999,-0.016995,-0.209748,-0.188511,0.06435,-0.101049,-0.413841,-0.237978,-0.055947,-0.123909,-0.228588,-0.150326,0.077939,-0.07154,0.02976,-0.268921,-0.215643,-0.109823,-0.275313,-0.01402,-0.207256,-0.156181,0.091599,-0.213592,0.032542,-0.141978,-0.320127,-0.038175,-0.185374,-0.232334,-0.410075,-0.315538,-0.147201,0.100975,0.044784,-0.082029,0.057179,-0.212749,0.102873,0.126406,0.001991,0.089858,-0.200137,0.125284,-0.571984,-0.260309,-0.173874,0.265059,-0.393776,-0.134197,-0.137011,-0.09977,-0.572478,-0.335352,0.09211,-0.146727,0.06874,-0.085004,-0.242428,0.199369,0.117157,-0.060999,-0.070874,-0.029085,-0.219923,0.089824,-0.048761,0.232559,-0.186441,0.079558,0.067889,-0.319147,-0.152495,-0.218299,-0.139757,-0.101113,0.407353,-0.085316,-0.121813,-0.104028,-0.077098,-0.029043,-0.216911,-0.138474,-0.307251,0.055986,0.328704,-0.017344,-0.153734,0.190171,-0.160202,-0.081626,0.262922,0.135939,0.066685,-0.15683,-0.072963,-0.046535,-0.029093,-0.161898,0.256143,0.087702,-0.217459,-0.097114,-0.275177,-0.039168,0.289505,0.188867,-0.237359,0.314266,0.1602,-0.191688,-0.06799,0.139686,0.180883,0.008657,-0.068164,-0.410161,0.223848,0.173217,-0.088137,0.171807,0.229769,-0.181759,0.085732,0.231811,-0.216212,-0.018031,-0.006193,#
9,0.01393,0.111506,0.124818,-0.154839,0.164371,-0.074465,-0.041445,-0.252971,-0.054089,1.0,-0.080503,0.247563,0.110376,0.29147,-0.452782,-0.072818,-0.328087,0.258316,-0.201097,-0.061123,0.101104,-0.153028,0.185797,0.085503,0.18119,0.077623,-0.021094,-0.315661,0.011945,0.268111,0.012245,-0.212756,-0.19948,0.246236,-0.004655,0.391435,-0.020579,-0.325544,-0.121163,-0.010543,0.045463,0.201679,0.205038,0.226231,0.174418,-0.197551,-0.099292,0.327555,-0.064878,0.15836,-0.088452,-0.215519,0.06552,0.053052,-0.155378,-0.413357,-0.064528,-0.039185,0.2201,0.100666,-0.004135,0.150455,0.007087,-0.248757,-0.023965,0.028214,0.034339,0.12331,0.045569,-0.128894,-0.054146,-0.248137,-0.06651,-0.117165,0.028327,0.194856,-0.15758,-0.220309,-0.018782,0.149461,-0.133501,-0.101883,-0.190388,-0.072549,0.064147,-0.378245,-0.054981,-0.112611,-0.095661,0.108765,-0.257604,0.016144,-0.093063,0.164628,-0.205015,0.044374,-0.029491,-0.101651,0.028271,0.019495,-0.19649,0.082761,0.044347,0.117256,0.00075,-0.12594,-0.093422,-0.153046,-0.134883,0.0879,0.180481,0.156657,-0.090904,-0.051796,0.029866,-0.044252,-0.171253,-0.236148,0.318192,-0.268613,-0.033345,0.216246,-0.060948,-0.009595,-0.178485,0.006276,-0.125495,-0.164814,-0.094187,0.214253,0.008374,0.274007,-0.023927,0.69004,-0.150205,0.046827,-0.10407,-0.126122,0.246851,-0.241257,0.086178,0.036374,0.223816,0.076445,0.141572,0.079876,0.178257,0.084815,-0.228344,0.111324,-0.468527,-0.166035,-0.175904,-0.036925,0.127613,0.130539,0.117926,0.318788,0.020408,0.041687,0.109546,0.137727,-0.171365,0.314097,0.021086,0.162576,-0.113427,-0.100579,0.046174,0.017117,0.166103,-0.11133,-0.119221,-0.318222,0.142332,0.01444,-0.27058,0.057545,0.274754,-0.067879,0.075462,-0.162303,-0.281809,0.149189,-0.075871,-0.04806,0.038031,-0.119175,-0.224514,0.324877,0.006833,-0.19074,-0.059277,0.070311,0.106383,-0.155175,0.076806,0.058948,0.315723,-0.093397,#
10,-0.196,-0.126052,-0.014574,0.063106,-0.155781,-0.001184,0.320881,-0.224284,0.101734,-0.080503,1.0,-0.056162,-0.175097,-0.040945,0.135175,0.107871,0.15883,-0.156361,0.080229,0.15394,-0.021025,0.214949,-0.06526,0.082066,-0.14583,0.24627,-0.122802,0.078297,0.204027,-0.022642,-0.030908,-0.07602,-0.187333,-0.159226,0.29669,-0.127677,-0.100484,-0.000774,0.012755,0.131285,-0.311943,-0.061044,-0.19402,-0.257187,0.086064,0.168918,-0.264025,-0.323908,0.205278,0.041808,0.236329,0.09812,-0.077008,0.339404,-0.103799,0.133185,0.107356,-0.101792,0.023064,0.059567,0.071555,-0.15419,0.148736,0.067744,0.072247,-0.084097,-0.049919,-0.014763,-0.245009,0.084957,-0.153317,0.052546,0.22774,0.038973,-0.034435,0.213789,-0.05681,0.063776,-0.071693,-0.045014,-0.085176,0.084152,-0.227952,0.118709,-0.041888,-0.085106,0.056518,-0.173351,-0.088624,-0.085361,0.067661,-0.196813,0.102695,-0.072042,-0.12877,0.068724,-0.049774,-0.1665,-0.402827,-0.05659,0.023038,0.02461,-0.33219,-0.045293,0.283342,0.035772,-0.00635,-0.026048,-0.282571,0.386385,-0.114679,-0.115755,-0.147463,0.204364,-0.078866,-0.052521,-0.231659,0.02426,-0.079331,0.074903,0.011831,-0.135998,0.063705,0.021524,0.00823,-0.09086,-0.122409,0.01961,-0.040787,-0.189299,0.172309,-0.250517,-0.07123,-0.163503,0.138264,0.154481,0.096941,-0.120281,-0.141034,0.060368,0.001799,0.167886,-0.124537,-0.081048,0.022532,0.15895,-0.134332,-0.080565,0.235852,-0.25033,0.09789,-0.061946,-0.341675,-0.037936,-0.156399,-0.280445,-0.292727,0.200464,0.138885,-0.100675,0.09021,-0.18514,-0.063934,0.043382,-0.155967,-0.055552,-0.118936,0.056381,0.227178,-0.28823,0.189097,-0.291661,-0.084847,0.041964,0.037909,-0.292091,-0.286061,0.167463,-0.118571,0.048864,0.102793,0.198525,0.093381,0.307839,-0.047617,0.153106,-0.26924,-0.115983,0.294206,0.090102,0.001725,0.267626,0.064389,-0.065743,0.075045,-0.014954,0.191369,-0.051804,-0.051662,0.216918,#
11,0.308119,0.235939,0.091414,-0.173263,0.313612,0.106996,0.301287,-0.168436,0.298352,0.247563,-0.056162,1.0,0.135267,-0.068148,-0.143273,0.25057,-0.075352,-0.142404,-0.225788,-0.250492,-0.088686,0.031793,-0.103824,0.02777,0.087082,-0.123415,-0.03745,-0.408572,0.2772,0.2123,-0.387636,0.000111,-0.256212,-0.00444,-0.11472,0.352885,-0.108185,-0.292048,-0.165663,0.081129,0.081619,-0.017605,-0.137113,-0.108725,0.011514,0.058922,-0.078721,0.203395,0.08874,0.089492,0.041774,-0.372702,0.027291,0.063927,0.127219,-0.077863,-0.281579,-0.087071,-0.026094,0.141242,-0.17124,0.212073,0.058979,-0.015389,0.013662,-0.223614,-0.039834,-0.013859,0.159527,-0.061567,-0.077419,-0.27496,0.013269,-0.203772,-0.328554,0.272691,-0.301658,-0.066673,-0.275395,-0.430132,-0.265072,-0.289335,-0.125949,0.04336,-0.105982,-0.195358,-0.246062,-0.422806,-0.104613,-0.179781,-0.11978,-0.140909,0.060767,-0.245823,-0.391492,-0.004978,-0.197967,-0.378103,-0.285579,-0.101388,0.060213,-0.162253,-0.197103,-0.116419,-0.063396,-0.168531,-0.060141,-0.180027,-0.388116,-0.113553,-0.220544,-0.088246,-0.279509,-0.203638,-0.037853,-0.235336,-0.186851,-0.274403,-0.21189,-0.066905,-0.094824,-0.127336,-0.214865,-0.278698,0.029974,-0.147278,-0.201878,-0.110231,-0.085144,-0.248443,-0.149191,-0.10487,-0.128732,0.162685,-0.264005,-0.06311,0.035504,-0.229695,0.083278,-0.297544,0.088143,0.076465,-0.220999,-0.110512,-0.202694,-0.208457,-0.204363,0.140387,-0.284186,-0.433098,-0.310797,-0.200156,-0.161952,-0.190908,-0.150002,-0.402967,0.05113,0.134932,-0.014807,-0.169446,0.113223,-0.181731,-0.089333,-0.09549,-0.213011,0.073533,0.107185,0.084422,0.305546,-0.261533,0.002218,0.076641,-0.123602,-0.201969,0.207319,-0.327625,-0.321813,0.110883,0.128293,-0.253915,0.346022,0.057596,0.21072,0.18029,0.223584,-0.255695,0.057863,-0.107855,0.017406,0.392311,-0.036095,0.275264,0.317014,0.112827,-0.051693,0.167397,0.303591,-0.245166,-0.038054,0.030553,#
12,0.264407,-0.028834,-0.13695,-0.220865,0.327435,-0.225378,0.054291,-0.063231,0.22422,0.110376,-0.175097,0.135267,1.0,0.178761,0.076899,0.102944,-0.016173,0.120907,0.022727,-0.064051,-0.093516,0.04274,0.266279,-0.066299,-0.175025,-0.015867,0.069843,-0.026988,0.2091,-0.08219,-0.300112,0.127205,-0.066871,0.048851,-0.082075,0.150038,0.326591,-0.18723,-0.042836,0.031652,0.186614,0.165151,-0.025436,0.054951,0.207598,-0.004971,0.32109,0.182387,-0.017807,0.062617,-0.142358,-0.263603,0.057527,-0.124221,0.046811,-0.243654,-0.307125,0.311045,0.162592,-0.160316,-0.042678,-0.115077,-0.272238,0.001541,0.136764,0.288044,0.117023,-0.039471,0.349597,-0.195879,0.083455,-0.329616,-0.156192,-0.213336,-0.068312,0.139443,-0.10704,-0.251081,-0.202336,-0.196387,-0.203084,-0.277002,-0.124482,-0.150895,-0.035449,-0.213989,-0.160146,-0.203569,-0.264556,-0.102559,-0.212388,-0.287305,-0.225778,-0.070797,-0.190685,-0.155149,-0.121554,-0.203004,-0.022477,-0.412332,0.213874,-0.186465,-0.278013,-0.3887,-0.192801,0.006748,-0.219325,-0.076261,-0.137754,-0.008467,0.098096,-0.107926,-0.04474,-0.208708,-0.237252,-0.17705,-0.332661,-0.113235,0.104643,-0.374626,0.004437,-0.357633,-0.133514,-0.224121,-0.205823,0.017737,-0.326476,0.134686,-0.275242,-0.248793,-0.192744,0.057241,-0.018287,-0.016337,-0.235771,-0.223941,-0.045483,-0.021827,0.150931,-0.392752,-0.332153,-0.094111,-0.272188,0.119445,-0.344923,-0.132355,-0.091229,0.350931,-0.560432,-0.048326,-0.008369,-0.125556,-0.114691,-0.137884,-0.186959,-0.101848,0.280106,0.228688,-0.380473,-0.244506,-0.123891,-0.081861,-0.328251,-0.110962,0.173447,0.138615,-0.243443,-0.024712,-0.271558,-0.024798,0.13423,0.250392,-0.098753,-0.260138,0.104093,-0.041342,-0.07291,0.273744,0.264398,-0.348479,0.126718,0.228626,-0.082787,0.027628,0.190931,-0.080706,0.183826,0.012871,-0.255311,0.216474,-0.210826,0.058902,0.282122,0.380484,-0.00103,0.075317,0.252549,-0.110186,-0.155879,0.134242,#
13,-0.031205,0.026651,0.057675,-0.176611,0.213453,0.349414,-0.00394,0.158242,0.033004,0.29147,-0.040945,-0.068148,0.178761,1.0,-0.107601,-0.095899,-0.192345,0.224468,0.171776,-0.150267,0.102033,-0.002269,0.188673,-0.108812,-0.082603,-0.047975,0.244793,0.051016,-0.043945,-0.091038,0.123917,0.175757,-0.040729,-0.242041,-0.25964,0.292123,0.234746,-0.167326,-0.068247,-0.336434,0.081551,0.306739,0.271984,0.281216,0.064817,-0.281998,0.230175,0.314605,-0.00291,-0.115565,-0.028947,-0.035835,0.004626,-0.167497,-0.309451,-0.275504,0.092864,0.188953,0.122056,-0.019255,0.040541,0.203236,-0.234595,0.016896,0.154242,0.380736,0.198459,0.332702,0.328165,-0.002666,-0.11227,-0.230617,0.017087,-0.173765,0.02616,0.213578,-0.054248,-0.328881,-0.188188,0.12501,0.048579,-0.210717,-0.056937,-0.023161,-0.018087,-0.054011,-0.081828,-0.193288,-0.169281,-0.09671,-0.137387,-0.143631,-0.079979,-0.043069,-0.05607,-0.087604,-0.166355,0.027481,-0.059425,-0.30929,0.002522,-0.104685,0.044427,-0.161292,-0.070335,-0.159706,-0.103873,-0.437414,0.031017,-0.199077,0.1552,0.115259,-0.082363,0.070512,0.024883,0.06356,-0.33807,-0.173871,0.273601,-0.283637,-0.068379,-0.024613,-0.047586,-0.16715,-0.011543,0.004817,-0.261999,0.008738,-0.035933,-0.064836,0.035505,0.222962,-0.214848,0.124245,0.079436,-0.240917,0.043979,0.116449,0.336212,-0.146555,-0.118949,-0.177748,-0.140771,-0.199884,-0.039179,0.02076,0.080376,0.174075,-0.20377,0.229615,-0.245199,0.205146,-0.111478,-0.057235,0.179422,-0.082455,0.343106,0.400998,-0.273479,0.029624,-0.086668,-0.147903,0.012418,0.319176,0.093911,0.294918,0.023528,-0.003927,-0.226061,0.183788,0.042307,0.211852,-0.230695,-0.139166,-0.095682,0.020131,-0.101459,0.016705,0.26366,-0.099628,0.069435,0.025496,-0.306598,-0.011185,0.146094,-0.156419,0.102173,-0.045908,-0.142827,0.136176,-0.015616,-0.100176,0.215562,0.206213,0.231317,-0.130476,0.039977,-0.082347,0.20549,0.10804,#
14,0.06431,0.135773,-0.15411,-0.010037,0.052868,0.07908,0.126815,0.30581,-0.001886,-0.452782,0.135175,-0.143273,0.076899,-0.107601,1.0,0.080121,0.06667,-0.234336,-0.068811,-0.102215,-0.101392,0.418365,0.070732,-0.027568,-0.105042,0.117952,-0.028003,0.049514,0.200136,0.082101,-0.269261,0.343449,-0.027913,0.02949,-0.145839,-0.169365,0.088386,0.027241,0.46682,0.131711,-0.1824,0.072912,0.066968,-0.086746,-0.137043,0.392557,0.253109,-0.294897,0.059568,-0.003759,0.016042,0.062845,-0.121098,-0.244558,0.04116,0.16042,-0.114912,0.278178,-0.426274,0.103665,0.250185,-0.195807,-0.083126,0.377062,0.292618,0.237329,-0.313295,0.034603,0.070143,-0.170286,0.020583,-0.080009,0.188174,-0.095462,-0.228747,-0.115382,-0.119311,0.177813,-0.280191,-0.245627,-0.05555,-0.193645,-0.10509,-0.115151,-0.256369,-0.058758,-0.168791,-0.28878,-0.189793,-0.185867,-0.072485,-0.124504,0.110972,-0.095806,-0.127488,-0.087378,-0.308177,-0.199352,-0.23769,-0.147072,0.024561,-0.025207,-0.20669,-0.26166,-0.10408,0.04991,-0.161635,-0.110073,0.101355,-0.19041,-0.312818,-0.047239,-0.213901,0.089753,-0.388344,0.038275,-0.256323,0.00159,-0.214618,-0.103574,-0.173379,-0.270975,-0.09803,-0.051587,0.057812,-0.105762,0.068053,-0.105214,-0.28074,-0.347449,0.043144,-0.516805,-0.248202,-0.446793,-0.291583,-0.154192,-0.010048,-0.20813,0.09109,-0.193798,-0.208506,-0.298288,-0.299394,-0.205083,-0.34639,-0.111264,-0.20542,-0.070448,-0.113117,-0.304188,0.03708,-0.051744,-0.058648,-0.091503,-0.269589,-0.283237,0.033889,0.018485,-0.371444,-0.173065,-0.224301,-0.158002,-0.011894,-0.418405,-0.160043,0.192978,-0.054371,0.003264,-0.230938,-0.232955,0.022502,0.13244,-0.308645,-0.025645,0.223529,-0.087514,0.065052,0.070781,-0.036793,-0.160289,0.067094,0.336595,0.172714,0.157549,0.18229,-0.123363,0.101528,0.10629,0.250112,-0.00832,-0.368214,0.412656,0.096248,0.139822,-0.068748,-0.104673,0.145774,-0.237805,-0.036863,0.141798,#
15,-0.004611,-0.137613,-0.141673,-0.016824,-0.010607,0.005968,0.163527,-0.146472,-0.123098,-0.072818,0.107871,0.25057,0.102944,-0.095899,0.080121,1.0,0.089843,-0.462752,0.005501,-0.224946,0.003816,0.032518,-0.133301,-0.129458,-0.374994,0.021561,-0.218221,-0.166596,0.070684,-0.118623,-0.227282,0.018886,-0.042469,-0.071089,0.12311,-0.061375,-0.136508,0.133285,-0.182782,0.17883,-0.077099,-0.066824,-0.029059,-0.121748,0.081197,0.194347,0.029293,-0.203799,0.148845,0.006089,0.112939,-0.040004,0.136125,0.019701,-0.141091,0.074066,-0.028166,-0.020302,-0.017424,0.098279,0.0055,0.069337,0.12065,0.232746,-0.038238,-0.175146,-0.263212,0.093789,-0.110382,-0.253654,0.066927,0.044494,-0.006685,-0.116306,-0.08503,0.13185,-0.147152,0.170452,-0.108646,-0.228697,-0.091281,-0.05858,-0.14043,-0.114927,0.048611,-0.103896,-0.098417,-0.123036,0.008906,-0.025049,0.13708,-0.053941,0.33476,-0.395128,-0.154687,-0.032584,-0.132048,-0.233641,-0.2429,0.079743,0.232485,0.068915,-0.136657,-0.002185,-0.012605,0.008127,-0.391806,0.068897,-0.216545,-0.025689,-0.449978,-0.35795,-0.167646,0.060539,-0.152521,-0.058705,0.062645,-0.060922,-0.47195,0.167088,-0.050045,-0.11311,0.108713,0.325828,0.083679,-0.099596,-0.098085,-0.007305,-0.117383,-0.069954,-0.151807,-0.127107,-0.142771,0.084245,-0.068359,-0.093343,0.204446,-0.24017,-0.198803,0.02698,-0.067237,-0.106744,-0.055973,-0.038045,-0.286804,0.228937,-0.306958,-0.117919,-0.194267,-0.362844,-0.026566,-0.095214,-0.314198,-0.078321,-0.338577,-0.09467,-0.097949,-0.126579,-0.119387,-0.071765,-0.405592,-0.288771,-0.073136,-0.373379,-0.144821,-0.005335,-0.136883,0.196534,0.114138,-0.271036,0.081534,-0.051415,-0.114553,0.057631,0.090367,-0.182878,-0.202138,0.024628,-0.305215,-0.092009,0.026456,0.068993,0.554696,0.275352,0.161999,-0.025143,0.068283,-0.041005,0.578921,-0.052039,-0.24786,0.335513,0.264295,0.08463,0.087205,0.11804,0.336748,-0.011871,-0.234122,0.186104,#
16,0.085152,0.050604,-0.16137,0.104593,0.092944,-0.007026,-0.007694,0.007005,-0.012625,-0.328087,0.15883,-0.075352,-0.016173,-0.192345,0.06667,0.089843,1.0,-0.121624,0.047228,-0.101114,-0.071903,0.121971,-0.006101,0.046328,-0.061802,-0.121516,-0.234012,0.033275,0.049025,-0.008755,-0.106359,0.088814,0.073108,-0.232135,0.145286,-0.332162,-0.176947,0.068509,-0.072517,0.03243,-0.103764,-0.132954,-0.170403,-0.229343,0.07331,0.223543,0.016419,-0.226562,-0.017091,0.094496,0.158587,-0.064392,0.055553,0.064433,0.149326,0.190538,-0.144425,0.077669,-0.178694,0.027052,0.073256,-0.279486,0.085694,0.234886,-0.01887,-0.077986,-0.048355,-0.18723,-0.052461,0.129958,-0.198853,0.024739,0.177425,-0.229499,-0.286636,0.111302,-0.107064,-0.015244,0.000426,-0.080595,-0.042572,-0.136002,0.010603,0.057092,-0.081004,-0.026014,-0.023171,-0.032518,-0.096006,-0.115596,0.239554,-0.094746,-0.039605,-0.180882,-0.079735,-0.173222,-0.012912,-0.141466,-0.084998,-0.111217,0.286743,0.03559,-0.239646,-0.094796,-0.034206,-0.222986,0.22282,-0.108631,-0.123487,0.132058,-0.265751,-0.059561,-0.029126,-0.060816,-0.146393,0.031183,0.193933,-0.121558,0.035289,0.261656,-0.028199,0.078625,-0.392068,-0.124685,0.088746,-0.195072,-0.167456,0.21834,-0.16557,0.051421,-0.087542,-0.212773,0.044446,-0.165185,-0.016158,0.001219,-0.181047,-0.422419,-0.404079,-0.03435,-0.140351,0.116368,0.015576,0.145597,-0.230634,-0.065202,-0.053964,0.107065,-0.058895,-0.147262,0.148605,-0.011605,-0.05975,-0.187206,-0.293198,-0.124979,-0.222046,0.135651,-0.065308,-0.114821,-0.084227,0.106842,-0.081413,-0.180354,-0.028168,0.020123,-0.051633,-0.101054,-0.067463,0.179457,0.269898,-0.040824,-0.055279,0.066786,-0.110691,-0.195287,-0.147255,-0.072319,-0.207756,-0.099722,0.078066,-0.267731,0.361652,0.117992,0.063657,-0.155683,0.015377,-0.014492,0.185556,-0.134302,-0.141611,0.221464,0.106036,0.109217,0.098465,0.236663,0.124867,0.079698,-0.305951,0.082153,#
17,0.020908,0.050752,0.181534,-0.091999,0.032988,0.018317,-0.048025,-0.091226,0.262743,0.258316,-0.156361,-0.142404,0.120907,0.224468,-0.234336,-0.462752,-0.121624,1.0,0.072847,0.228115,0.160438,-0.111571,0.345454,0.085799,0.28728,-0.178778,0.217732,0.102078,-0.108562,0.037037,0.289824,-0.023083,0.137763,0.128489,-0.210347,0.067845,0.27593,-0.292563,0.120731,-0.200276,0.042049,0.20159,0.136815,-0.031535,0.169732,-0.301481,0.205489,0.489758,-0.111675,-0.051838,0.05424,-0.05194,-0.062342,0.06333,-0.257419,-0.132179,-0.009082,-0.024293,0.141765,-0.078308,-0.07587,0.04979,-0.100388,-0.326438,-0.173784,0.111909,0.173636,0.015236,0.193712,0.338301,0.041298,-0.095204,-0.2834,0.171546,0.091512,-0.141227,0.132056,-0.249538,0.005847,0.206382,-0.041074,0.112701,-0.003251,0.148984,0.132557,0.130341,-0.121778,0.225475,-0.043352,0.003956,-0.117855,-0.034634,-0.341284,0.368684,0.139282,-0.04807,0.141696,0.184121,0.2437,-0.056739,-0.219804,-0.110676,-0.110564,0.103198,0.154994,0.141477,0.143884,0.147453,0.141074,-0.013025,0.422338,0.189175,0.224002,-0.161803,0.26161,-0.14759,-0.094364,-0.154947,0.617859,-0.342737,0.011898,0.110943,0.001927,-0.287437,-0.262295,0.265835,0.015717,0.179494,-0.105742,0.013062,0.148203,0.303307,0.184169,0.190175,0.124175,0.013717,-0.031156,0.261055,0.347879,-0.09435,0.058901,0.018145,0.100794,-0.126177,0.06582,-0.085714,0.339292,0.315596,-0.143643,0.487758,-0.119334,0.078241,0.163112,-0.047572,0.254002,0.289456,0.223479,0.161024,0.018339,0.310742,0.298303,0.358733,0.075915,0.642431,0.328117,0.046562,0.004668,-0.110619,-0.318762,0.224221,-0.043711,0.150418,0.07231,-0.199386,-0.213569,0.186967,0.255101,0.165931,0.38358,-0.217785,0.090303,-0.165932,-0.700411,-0.192374,-0.092832,0.030502,-0.056353,0.029676,-0.511065,0.123015,0.118321,-0.410135,-0.111102,-0.039224,-0.028512,-0.014367,-0.138832,-0.016647,0.238071,-0.329142,#
18,0.15686,-0.166894,0.054766,-0.137791,-0.037473,-0.049512,0.212204,0.134129,0.25061,-0.201097,0.080229,-0.225788,0.022727,0.171776,-0.068811,0.005501,0.047228,0.072847,1.0,-0.008141,-0.031911,0.187343,-0.05851,-0.134926,-0.518982,-0.136604,-0.032021,0.332507,0.025325,-0.365924,0.020668,0.175716,0.103607,-0.197988,0.046071,0.050754,0.181184,0.402234,-0.067484,-0.197215,0.243316,-0.123323,-0.134228,-0.03925,-0.090418,-0.229191,0.234498,-0.042044,-0.10881,0.072706,-0.224371,0.230548,0.151613,0.053678,-0.269531,-0.104591,0.068468,-0.033215,0.030471,-0.17075,-0.051143,-0.034422,0.096731,-0.114175,-0.009413,0.065968,0.351411,-0.159575,0.035825,-0.032914,-0.018433,0.004108,-0.149366,0.143331,0.072161,-0.169118,0.280327,-0.352038,0.025146,0.042755,-0.03919,0.092956,-0.053302,-0.162423,0.073284,0.138745,0.047846,0.048785,0.002147,0.179223,0.203694,0.112187,-0.006671,0.097804,0.17986,0.086642,0.064568,0.162767,-0.027425,-0.153819,0.008959,-0.027514,-0.03166,0.168423,-0.022267,0.097925,0.003768,-0.038535,0.316839,0.039116,0.088306,-0.082291,0.230395,0.133937,0.138477,-0.228306,0.13239,0.270533,0.153528,-0.072844,0.096657,-0.021019,0.218308,0.120804,-0.037317,0.099163,-0.028548,0.237523,0.246765,0.182533,0.222363,0.331568,0.036059,-0.175634,0.32092,-0.017509,0.153029,0.098695,-0.12007,0.010398,0.115484,-0.002468,-0.044546,0.026877,0.11283,0.094965,0.124856,0.108534,-0.034947,0.265302,0.241805,0.074384,0.228107,-0.142462,0.182145,0.020269,0.077587,0.056026,0.039208,0.015588,-0.056889,0.046628,-0.054219,0.100026,0.490953,-0.070167,0.138267,-0.014955,-0.161512,0.345774,-0.344168,0.353107,0.231264,0.079571,-0.13487,0.126392,0.103119,-0.047974,-0.149239,0.083432,-0.015776,0.147149,-0.085096,-0.068208,-0.071355,0.116487,0.268081,0.006472,-0.003687,-0.339148,0.144236,-0.150476,-0.043252,-0.005494,0.0652,0.123734,-0.068199,0.017672,0.091589,-0.115433,#
19,-0.231441,-0.121321,0.034296,0.119965,-0.124937,-0.071554,-0.131093,-0.023527,-0.041386,-0.061123,0.15394,-0.250492,-0.064051,-0.150267,-0.102215,-0.224946,-0.101114,0.228115,-0.008141,1.0,-0.037031,0.156985,0.032851,0.155275,-0.047256,0.187625,0.148711,0.155145,-0.151266,0.008769,0.36907,-0.050164,0.08427,0.07066,0.227262,-0.196754,0.024048,0.019701,-0.052898,-0.046366,-0.074748,0.141882,-0.159563,-0.030296,0.070809,-0.092405,-0.0746,-0.026958,-0.128824,-0.155298,0.052552,0.094705,-0.108525,-0.055352,-0.137136,0.156628,-0.07613,-0.051501,-0.018192,-0.371236,0.0486,-0.167231,0.182701,-0.155036,0.055508,-0.016257,0.325105,-0.041896,0.00044,0.25386,-0.030509,0.044374,-0.072773,0.244459,0.19168,-0.199749,0.169098,0.002869,0.164877,0.144842,0.147323,0.218328,0.116056,0.081981,0.203812,0.223833,-0.034476,0.153979,0.184491,0.016998,0.072476,0.027861,-0.153176,0.201076,0.175409,0.121073,0.23383,0.045064,0.111165,0.134591,-0.22582,-0.145403,-0.00844,0.280477,0.161166,0.260601,-0.012609,0.3444,0.157398,0.167571,0.428288,-0.200739,0.179348,-0.039711,0.21005,0.26587,0.286593,0.087855,0.230237,0.014103,0.047932,0.280282,0.067122,-0.07587,-0.289589,0.262517,0.15661,0.183056,0.099704,-0.03612,0.131994,0.158504,0.107552,-0.013333,0.208771,0.015198,-0.172095,0.25697,-0.072484,0.264201,0.337777,0.035988,0.070692,0.070509,0.209522,0.136513,0.320203,-0.016016,0.25334,0.317464,0.167212,0.038537,0.311203,0.392004,0.181556,0.312553,-0.014564,-0.278849,0.309643,0.166773,-0.013468,0.214115,-0.007206,0.369721,0.170107,-0.095633,0.177783,0.127948,0.022753,0.117009,-0.178264,-0.163426,0.128732,0.209576,-0.112351,0.316846,0.366044,-0.043845,0.064232,0.216167,-0.086037,-0.040885,-0.431947,0.033085,-0.142399,0.314827,-0.106308,0.173263,-0.22603,0.066484,0.052791,-0.230375,-0.26976,-0.194799,-0.123629,-0.070985,-0.146251,0.205168,-0.038261,0.032584,#
20,-0.283204,-0.055134,-0.304495,-0.176117,0.069155,0.2571,0.05911,0.055397,-0.194881,0.101104,-0.021025,-0.088686,-0.093516,0.102033,-0.101392,0.003816,-0.071903,0.160438,-0.031911,-0.037031,1.0,-0.131144,0.164699,-0.14033,-0.01481,0.103094,0.057245,-0.014221,-0.058974,0.16475,-0.005722,-0.00507,0.232236,-0.042582,0.037977,0.116078,-0.081997,-0.063529,-0.016783,-0.143263,0.084388,-0.062035,0.209308,0.100415,0.019906,-0.043315,-0.175117,0.101432,0.217852,-0.346096,-0.001156,-0.276283,0.03515,-0.108334,-0.150297,0.007959,0.242749,-0.2384,0.188071,0.229864,-0.058117,-0.113636,-0.116236,-0.071184,-0.2862,0.128467,-0.10617,0.255682,0.065753,0.074329,0.085507,-0.013492,-0.147048,0.052876,0.195779,0.000143,0.256064,0.180274,-0.153335,0.007353,-0.102298,0.014905,-0.090196,-0.059318,0.051414,-0.013541,-0.046753,0.157336,0.101644,0.254489,-0.253277,0.005605,-0.060888,-0.127342,0.006081,0.035027,-0.090881,-0.0815,-0.141533,0.206174,-0.032598,0.100009,-0.057511,-0.117386,-0.004577,-0.066226,-0.080584,-0.165172,0.14628,-0.304521,0.140802,0.035559,-0.117688,-0.198594,0.11902,0.038592,0.045064,0.067232,-0.071259,-0.053296,0.141648,0.065049,0.074695,0.054144,-0.160925,0.154764,0.029435,0.232436,0.09072,-0.035749,-0.102319,0.083663,-0.221446,0.062005,-0.004958,0.064299,-0.213717,0.002566,0.095074,0.093633,-0.062107,-0.100159,-0.074344,-0.094394,-0.06162,-0.070532,0.252669,0.194845,0.06337,0.040871,-0.175075,0.004735,0.008962,-0.120892,-0.072236,-0.053972,0.065991,0.066173,-0.161758,0.015073,-0.019927,0.047053,-0.072031,0.167655,-0.149805,0.052695,0.002079,-0.00043,-0.149578,0.260525,0.066118,-0.133983,-0.156911,-0.065494,0.001616,-0.011071,0.050445,-0.092616,-0.040081,-0.115565,0.133306,-0.13732,-0.071332,0.179773,0.116104,-0.310584,0.017338,-0.15635,0.07713,0.031557,-0.003937,0.15409,-0.044523,-0.278612,0.050652,0.160589,-0.074487,-0.042254,-0.036009,0.078556,#
