0,1.0,0.267004,0.023022,-0.290745,0.441625,0.009891,0.2807,0.066734,0.491613,0.009645,-0.124207,0.292514,0.41128,0.243906,0.054208,-0.029133,0.063287,0.13086,0.161385,-0.238719,-0.243808,0.001095,0.27923,-0.082156,-0.151736,-0.300851,-0.175387,-0.116331,0.250826,0.178172,-0.403584,-0.043669,0.009995,-0.167995,-0.286016,0.028797,0.19639,-0.004103,0.081006,0.000627,0.177917,-0.092825,-0.114038,0.107046,-0.103481,-0.210348,0.364426,0.255685,0.010199,0.222648,0.144932,-0.084205,0.051977,0.080638,-0.076755,-0.022258,-0.197324,0.035633,-0.035928,0.152471,0.185458,0.043762,-0.125237,-0.025211,0.146665,0.396263,0.027224,0.147588,0.332444,-0.100383,0.07404,-0.228739,-0.173147,-0.205133,-0.238086,0.295848,-0.171446,-0.184826,-0.273114,-0.062375,-0.154645,-0.290086,-0.198045,0.044216,-0.20967,-0.172701,-0.283348,-0.182404,0.017306,-0.380322,-0.24293,-0.19164,-0.173561,0.137403,-0.178647,-0.24538,-0.202632,-0.2197,-0.036207,-0.311469,0.184854,-0.380574,-0.216084,-0.20646,-0.208338,-0.100126,-0.28169,-0.118767,-0.329859,-0.039602,0.15113,-0.113127,-0.104583,-0.18339,-0.369237,-0.325771,-0.345723,-0.302787,0.022994,-0.490668,-0.274001,-0.371745,-0.290458,-0.392037,-0.230232,-0.101005,-0.401508,-0.040056,-0.140822,-0.347516,-0.229134,-0.120594,-0.075736,0.039323,-0.186505,-0.420375,0.219159,-0.3926,-0.099147,-0.272974,-0.128215,-0.259233,-0.379157,-0.138654,-0.364868,-0.137293,-0.482307,0.372805,-0.347379,-0.317413,-0.264517,-0.369564,-0.19401,-0.164506,-0.383776,-0.23604,0.368174,0.380209,-0.262571,-0.206937,-0.164253,-0.064283,-0.373846,-0.044502,0.025197,0.077024,0.012877,-0.083346,-0.267541,-0.265032,-0.019869,0.257831,-0.163919,-0.315466,0.26698,-0.127366,-0.061807,0.180017,0.333278,-0.51839,0.08049,0.143562,-0.024854,-0.010753,0.412418,-0.05705,0.20258,0.218177,-0.220433,0.463539,-0.101961,-0.016354,0.41009,0.333442,-0.05961,0.216052,0.352986,-0.413355,-0.300669,0.189629,#
1,0.267004,1.0,0.224792,0.073972,0.234304,-0.193666,0.094401,0.093948,0.144249,0.205881,-0.334441,0.050445,0.204246,0.231944,0.183221,-0.226992,-0.215949,0.375562,0.237592,-0.109904,0.012542,0.123877,0.176544,0.023806,-0.234365,-0.019537,0.130932,-0.00405,0.260149,0.29318,-0.457293,0.227234,0.159166,0.033706,-0.243643,-0.001726,0.236057,-0.13908,0.112733,-0.144371,0.066353,0.227101,0.128345,0.108949,-0.288043,-0.406584,0.297068,0.368798,-0.056838,0.256116,0.091807,-0.159163,0.053104,0.106805,-0.004694,-0.163874,-0.326397,-0.05382,-0.238847,-0.017371,0.005792,0.240906,-0.21274,0.189895,0.089648,0.115193,0.155421,0.226527,0.165083,0.005684,-0.115432,-0.157716,-0.013191,-0.021757,-0.139362,0.134962,-0.14662,-0.15754,-0.232503,-0.344809,-0.215081,-0.339264,-0.394431,0.157858,-0.346337,-0.132027,-0.173506,0.020093,-0.144192,-0.025787,-0.07898,-0.083427,-0.308469,0.319972,-0.323821,0.067656,0.149489,-0.112954,0.003723,-0.104711,-0.029858,-0.261129,-0.508384,-0.091324,-0.514977,-0.251316,-0.308915,-0.179762,-0.224038,-0.096351,0.290891,0.167171,-0.076257,-0.23355,0.004708,-0.124327,-0.241491,-0.338709,0.182368,-0.23447,-0.248267,-0.086439,-0.250783,-0.407398,0.093929,-0.041689,-0.284537,-0.255267,-0.033823,-0.032634,-0.192425,-0.111778,-0.189898,0.085011,-0.117203,-0.140385,0.082719,-0.121779,0.041879,-0.165508,-0.115558,0.183656,-0.170928,-0.24158,-0.152774,-0.289932,-0.128999,0.257133,-0.313662,-0.201094,-0.241921,-0.136962,0.005967,-0.036253,-0.117289,-0.007781,0.258803,0.30369,-0.136593,-0.069559,-0.009018,-0.033031,-0.108493,0.144375,-0.016029,0.283268,0.018958,-0.109999,-0.23046,0.132689,-0.336701,0.119839,-0.040974,-0.248919,0.309219,0.11628,-0.127535,-0.048739,0.203205,-0.212319,0.056201,0.058619,-0.163968,-0.078275,0.117442,-0.110003,0.048622,-0.130489,-0.253024,0.337618,0.049702,0.166883,0.117662,0.155343,-0.11187,-0.060221,0.222245,-0.368796,-0.130234,-0.022034,#
2,0.023022,0.224792,1.0,0.342941,0.074852,-0.408929,-0.116879,-0.210801,-0.092963,0.160184,-0.137208,-0.000814,0.000444,-0.06929,-0.161639,-0.307594,-0.093297,0.200464,0.006118,-0.125364,-0.041247,-0.137762,0.102624,0.05977,-0.094808,-0.122898,0.174554,-0.371686,-0.113079,0.149668,-0.152695,0.015102,-0.076766,0.046877,-0.139175,-0.156176,-0.05327,0.043816,0.127454,-0.18793,0.070823,0.104756,-0.0624,-0.087879,0.176882,-0.30395,0.081856,0.249537,-0.211007,0.094375,-0.223546,0.128181,-0.028781,0.322523,-0.065493,-0.311521,-0.27997,0.006524,-0.226517,-0.083028,-0.188015,0.002695,-0.242892,-0.255615,-0.020215,0.020135,-0.222846,-0.085182,-0.087609,0.220814,0.005554,0.12363,0.006882,0.20736,-0.081459,0.169789,-0.136836,-0.089124,-0.052838,0.090351,-0.043582,0.113553,-0.111772,0.394893,0.015916,-0.151769,0.119864,0.086394,-0.176694,-0.126745,-0.032245,-0.259833,0.104875,-0.012047,-0.240787,0.218096,0.249293,0.230998,0.03017,0.013439,-0.142136,-0.009672,0.00694,0.125401,-0.218066,-0.078345,0.035368,0.174438,0.028159,0.333478,0.24656,0.057976,0.035683,-0.0179,0.270488,-0.037827,-0.12675,-0.229221,0.141248,-0.053955,-0.250682,-0.070642,0.129162,-0.035801,-0.130469,0.103708,-0.191636,-0.111145,0.151487,0.215649,0.297837,-0.095649,-0.118409,-0.022966,0.115334,0.00384,0.286544,0.238004,0.193167,-0.105441,0.171375,0.437419,0.136928,-0.357795,-0.078625,0.231535,0.107048,0.078137,-0.243892,0.145329,-0.276758,0.174164,0.36022,-0.131706,-0.070769,0.008449,0.02671,0.076804,0.20105,-0.045835,0.169941,0.078642,0.364741,0.032379,0.017402,-0.076957,-0.201537,-0.354925,0.121426,0.046451,0.002247,-0.013127,0.034984,0.045568,-0.103268,0.147919,-0.140348,-0.151791,-0.098523,0.020971,-0.064174,-0.024291,-0.138588,-0.123495,-0.239247,0.18287,-0.143532,-0.158362,-0.063196,0.029393,0.290419,0.062842,-0.11485,0.118048,-0.046657,-0.295754,-0.084796,0.133887,0.237279,-0.243518,#
3,-0.290745,0.073972,0.342941,1.0,-0.06918,-0.219647,-0.392217,-0.266708,-0.335702,-0.037468,0.16876,-0.261468,-0.166439,-0.198243,-0.205047,-0.222152,0.013347,0.047877,0.031633,0.095605,0.057774,-0.186166,-0.082077,-0.060556,0.011272,0.13151,0.03329,0.001017,-0.088831,-0.17661,0.306826,0.147384,-0.089114,0.006223,-0.109669,-0.408863,-0.166951,-0.003043,0.084081,0.175826,0.112763,-0.05544,0.187361,-0.140332,-0.053443,-0.047994,-0.235133,-0.204974,0.0061,-0.164703,-0.24243,0.29971,0.040833,0.274126,-0.040353,0.035896,0.016347,-0.074883,-0.007057,-0.232649,-0.23613,-0.012379,0.061163,-0.231822,-0.227489,-0.323838,0.041695,-0.155584,-0.373966,0.333977,-0.06944,0.369216,0.228499,0.455947,0.140259,-0.08849,0.11584,0.0178,0.28735,0.285073,-0.007263,0.249107,0.091485,0.212625,0.156379,-0.024512,0.17674,0.261091,0.03873,0.20816,0.118212,0.170411,0.017779,0.011151,0.16314,0.236054,0.263048,0.317163,0.046515,0.195996,-0.124461,-0.007789,0.342056,0.164282,0.010824,0.093338,0.240617,0.276642,0.237058,0.250594,0.130107,-0.115373,-0.058494,0.022955,0.233974,0.125333,0.395879,0.10944,0.087616,0.220668,0.19672,-0.016068,0.358853,0.100653,0.114102,0.256318,-0.068979,-0.099794,0.37703,0.273143,0.248705,0.134684,-0.138841,-0.144589,0.232726,0.331162,0.017897,0.285282,-0.041168,0.255596,0.141663,0.496156,0.332873,-0.248949,0.11854,0.253164,0.221477,-0.252202,0.086612,0.358443,0.013065,0.41275,0.18928,0.073385,0.374166,0.149192,-0.24698,-0.350913,0.383102,0.024917,-0.088047,0.095502,0.086475,-0.092821,-0.104287,-0.203138,0.184004,-0.21324,0.092106,0.179389,-0.202676,-0.27452,-0.004719,0.22191,-0.212602,0.175877,0.057725,-0.105798,-0.258818,0.515251,-0.40564,0.023903,-0.115845,-0.225751,-0.09178,-0.140592,-0.133128,-0.268917,0.128904,-0.314862,0.301439,-0.168602,-0.223192,-0.110172,-0.045228,-0.281606,-0.282593,0.230396,-0.17337,-0.130828,#
4,0.441625,0.234304,0.074852,-0.06918,1.0,-0.08308,0.252248,-0.031134,0.1609,0.233864,-0.007943,0.141981,0.198357,0.11842,0.083633,-0.204979,0.199962,-0.033897,-0.124969,-0.19255,-0.106837,0.076911,0.225712,-0.026852,-0.313375,-0.062359,0.004171,-0.152996,0.007309,0.186404,-0.18462,-0.070104,-0.118549,-0.042762,-0.351333,0.128545,0.060973,-0.260016,0.183007,0.07046,0.059413,-0.154557,-0.07352,0.092303,-0.154071,-0.043504,0.123597,0.249965,0.006931,0.050456,0.118701,-0.445252,-0.006963,-0.03685,0.212989,-0.324739,-0.434457,0.338886,-0.254207,-0.112712,0.113873,0.103735,-0.226282,0.059495,0.149531,0.337431,0.023921,0.171719,0.179945,-0.077453,-0.138983,-0.47532,0.210422,-0.450604,-0.24827,0.348662,-0.332787,-0.43592,-0.300052,-0.234561,-0.266197,-0.376468,-0.353831,-0.153865,-0.27625,-0.482729,-0.427127,-0.301102,-0.207157,-0.279201,-0.260808,-0.234187,-0.241576,-0.064792,-0.381099,-0.304004,-0.296154,0.012514,-0.058521,-0.017865,0.156207,-0.349058,-0.180034,-0.160303,-0.422947,-0.528608,-0.290878,-0.20433,-0.18947,0.124425,0.053871,0.040314,-0.317371,-0.357001,-0.314362,-0.073148,-0.24387,-0.482138,-0.103601,-0.197219,-0.359367,-0.257863,-0.27469,-0.194,-0.002761,-0.213137,-0.527327,-0.231587,-0.306452,-0.041696,-0.247287,-0.169776,-0.43316,-0.063562,-0.089078,-0.437578,0.256714,-0.378341,-0.138585,-0.308191,-0.279521,0.081469,-0.042013,-0.191119,-0.451056,-0.326211,-0.245413,0.410957,-0.438337,-0.17028,-0.328922,-0.227682,-0.240032,-0.227411,-0.251983,-0.27113,0.287077,0.356112,-0.315709,-0.318784,-0.041294,-0.173826,-0.170515,-0.135149,-0.18729,0.268587,-0.179925,-0.005989,-0.133236,-0.134416,0.088335,-0.025912,-0.317134,-0.345386,0.135759,-0.29451,-0.319554,0.034478,0.176497,-0.295543,0.148846,-0.042298,0.196547,0.308508,0.291635,0.007252,0.23499,-0.181179,-0.045633,0.351922,-0.139546,0.35545,0.30706,0.318418,0.157506,0.057283,0.254646,-0.411189,-0.420959,0.254947,#
5,0.009891,-0.193666,-0.408929,-0.219647,-0.08308,1.0,0.195152,0.272312,0.041281,-0.034533,0.081696,-0.012233,-0.304551,0.331608,0.18128,0.173177,0.020839,-0.162338,-0.037065,-0.037266,0.069016,0.102227,-0.068265,-0.298368,0.198409,-0.145917,-0.030703,0.261059,-0.036792,-0.047769,0.21472,0.226234,0.026906,-0.169584,-0.169008,-0.048461,-0.085236,0.126038,0.119434,-0.068115,-0.089277,-0.008825,0.14317,0.298386,-0.031875,0.133991,-0.077387,-0.052816,0.105279,0.109288,0.163522,0.069328,0.215391,-0.27074,-0.087286,0.257824,0.279302,0.096975,0.058859,0.304785,0.293233,0.095404,-0.018386,0.32609,0.025143,0.06283,-0.157825,0.249892,0.049899,-0.042116,0.055111,-0.21335,0.12506,-0.066396,-0.031776,-0.056791,0.294017,0.11889,-0.21279,0.073595,-0.028752,0.020966,0.173108,-0.141904,0.091536,0.214529,-0.052547,-0.272437,0.04445,-0.078537,0.032308,0.109101,-0.054587,-0.12178,0.196053,-0.018621,-0.165531,-0.167204,0.057624,-0.133546,-0.113307,0.030575,0.087769,-0.241805,0.254452,0.01399,0.013388,-0.237144,-0.028946,-0.483973,-0.149143,0.205471,-0.04503,-0.12337,-0.198403,-0.172348,0.11631,-0.015869,-0.043207,-0.102496,0.015149,0.173065,0.019471,-0.077832,-0.203544,0.137201,0.086406,0.205523,-0.040254,-0.219536,-0.008359,-0.088815,0.012128,0.076527,-0.07794,-0.136915,-0.079952,-0.185003,-0.129601,-0.01738,-0.023345,-0.285177,-0.343187,-0.112372,0.030472,-0.036082,-0.098834,0.035101,0.338791,-0.124838,0.021665,0.005867,-0.079141,0.315178,-0.093377,0.001565,0.094275,-0.004979,-0.180115,0.127181,-0.114014,-0.131548,0.018821,0.095744,0.026663,0.063037,0.35187,0.231377,-0.039662,-0.023705,0.120143,0.059633,0.148986,0.195059,0.175237,-0.025695,0.134142,0.0648,0.110291,-0.079119,0.127588,0.068918,0.019547,0.091823,-0.003954,-0.282536,0.147377,0.124746,0.030076,0.107834,-0.012139,-0.205741,0.144628,-0.248904,0.143241,0.188783,-0.002186,-0.063308,0.030767,0.206147,#
6,0.2807,0.094401,-0.116879,-0.392217,0.252248,0.195152,1.0,0.161339,0.50243,-0.054642,0.161893,0.243945,0.16504,0.00996,0.247457,0.08982,-0.171859,-0.157209,0.050488,-0.048204,0.034596,0.272587,0.159068,-0.253136,-0.159128,-0.092385,-0.090122,-0.240936,0.137613,0.260153,-0.428732,-0.049913,0.045386,-0.123003,0.000107,0.145692,0.183015,-0.107098,-0.05572,0.135203,0.079643,0.021383,-0.294376,0.106857,-0.076983,0.093332,0.099385,0.326596,0.216485,0.200491,0.268542,-0.147028,0.041374,-0.126496,0.125546,0.1467,0.05043,0.167504,0.029758,0.270537,0.150054,0.133528,-0.155956,0.195219,0.215373,0.087797,-0.023144,0.007606,0.260639,-0.273387,0.144403,-0.354492,0.127933,-0.288498,-0.418606,0.266324,-0.133575,-0.170501,-0.38733,-0.174612,-0.283372,-0.290674,-0.137089,-0.348731,-0.347899,-0.008212,-0.209171,-0.021666,-0.341142,-0.131081,-0.228127,-0.255149,-0.19777,-0.011131,-0.419395,-0.1363,-0.097677,-0.424564,-0.066769,-0.172726,0.016079,-0.166844,-0.185332,-0.214736,-0.121051,-0.184108,-0.049779,-0.317505,-0.294279,-0.165947,0.014614,0.104291,-0.151921,-0.41923,-0.061601,-0.22128,-0.291325,-0.164599,0.02466,-0.436328,-0.170108,-0.252506,-0.118433,-0.419732,-0.103268,-0.093731,-0.267822,0.089282,-0.276794,-0.304388,-0.233535,-0.272888,-0.217716,-0.056911,-0.214781,-0.162812,-0.017754,-0.252766,-0.016197,-0.283686,-0.283432,-0.210063,-0.31482,-0.075032,-0.17605,-0.18158,-0.399164,0.57171,-0.015152,-0.458716,-0.108139,-0.35566,-0.387939,-0.140544,-0.332896,-0.177546,0.226335,0.327825,-0.057737,-0.328061,0.172931,-0.115038,-0.055582,-0.045301,0.06933,0.39958,-0.019207,0.15174,-0.060247,-0.132312,0.011357,0.116135,0.031867,-0.244095,0.359929,-0.348825,-0.143883,0.328807,0.356227,-0.325106,0.271717,0.437623,0.045845,0.040158,0.414582,-0.048554,0.021963,0.102819,-0.204802,0.389727,0.029797,0.160521,0.37592,0.097688,-0.055869,0.155567,0.518847,-0.204225,-0.117172,0.15266,#
7,0.066734,0.093948,-0.210801,-0.266708,-0.031134,0.272312,0.161339,1.0,0.038844,-0.16105,-0.310691,-0.017456,-0.065234,0.223065,0.146289,-0.208026,-0.034411,0.059509,-0.059516,0.001007,0.088858,0.360622,-0.086803,-0.026432,-0.047702,0.141829,0.28903,0.120469,-0.291448,-0.01148,-0.034415,0.333546,0.192807,0.028921,-0.071963,0.07619,0.061418,-0.355717,0.130525,-0.034306,-0.072324,0.116224,0.174444,0.049322,-0.18224,0.031665,0.038347,0.117577,-0.120135,-0.038803,0.109163,-0.060102,0.141078,-0.243993,-0.119254,0.073071,0.253381,-0.145272,0.179474,0.265623,0.100575,0.301401,-0.224137,0.292576,0.212547,0.255496,-0.061145,0.149588,0.128355,-0.303934,0.057449,0.015322,-0.13978,0.061135,-0.08529,-0.166685,0.068275,-0.02766,-0.264701,0.12588,0.097549,-0.029088,0.137984,-0.20419,0.069398,0.263529,0.060205,0.09617,0.068103,0.024848,-0.089441,-0.038697,0.050437,0.065179,0.050491,0.006381,-0.137775,0.02287,-0.086849,-0.187372,0.002283,-0.111459,-0.041024,-0.067745,-0.143594,-0.027675,-0.120464,-0.230136,-0.083469,-0.321322,-0.004824,0.154091,-0.091873,0.048534,0.008358,0.038802,-0.032368,0.103949,-0.041244,-0.094368,-0.120628,0.058213,-0.013577,-0.187404,-0.018004,0.104202,0.081023,-0.304369,0.047224,-0.020496,-0.121143,-0.091572,0.148144,-0.042565,0.148261,-0.029964,0.127306,-0.07417,-0.002958,-0.149538,-0.090076,-0.347174,-0.127079,0.04289,0.085267,-0.228791,-0.089621,0.126069,0.119726,0.076558,-0.034052,-0.043195,0.041933,0.068418,0.205669,0.048416,0.108658,-0.019987,-0.211789,0.222595,0.145099,-0.131801,-0.069141,0.101129,0.245343,0.11245,0.040807,-0.000206,-0.190091,0.172312,-0.079321,0.023874,-0.018497,-0.000963,0.052601,-0.04054,-0.029687,-0.054711,0.087318,-0.276333,-0.060618,-0.017921,0.034351,-0.107579,-0.066403,-0.091272,0.00275,0.10767,-0.001229,0.080214,0.124462,-4e-06,0.090448,-0.217859,0.045463,0.235955,-0.109546,-0.189564,-0.090746,0.030601,#
8,0.491613,0.144249,-0.092963,-0.335702,0.1609,0.041281,0.50243,0.038844,1.0,0.0433,0.068324,0.229923,0.334958,0.064777,0.332785,0.027593,-0.290054,0.082098,0.22246,-0.09755,-0.136196,0.199576,0.334472,0.001889,0.032211,-0.273578,0.050051,-0.067544,0.423665,0.190054,-0.338768,0.037631,0.217229,0.05659,-0.236104,0.075269,0.312318,-0.141402,-0.087469,0.021754,0.11868,-0.190936,-0.169098,0.04249,0.047863,-0.136883,0.392916,0.322592,0.172996,0.208885,0.035863,-0.156062,-0.052245,0.072504,0.085402,-0.047712,0.015136,-0.028579,0.167819,0.085014,0.154777,-0.122593,-0.109476,0.12348,0.089071,0.24234,0.113487,-0.00454,0.320817,-0.051724,0.113945,-0.323066,0.043481,-0.196621,-0.168353,0.063197,-0.195467,-0.170558,-0.270206,-0.239201,-0.024531,-0.358168,-0.168264,-0.1824,-0.150867,0.004733,-0.123325,-0.145806,-0.203258,-0.189825,-0.037398,-0.154306,-0.336628,0.323035,-0.263756,0.037379,-0.077435,-0.329251,0.05885,-0.213314,-0.016185,-0.218901,-0.201296,-0.233309,-0.000129,-0.056549,-0.271864,-0.086926,-0.198004,-0.054892,0.135077,0.022993,-0.110179,-0.147615,-0.100178,-0.369004,-0.291234,-0.142743,0.099214,-0.413528,-0.226179,-0.338365,0.058194,-0.517539,-0.098987,-0.010755,-0.118685,0.096571,-0.178007,-0.397103,-0.079687,-0.186896,0.053369,-0.009432,-0.092371,-0.072324,-0.151226,-0.243517,0.152376,-0.142603,-0.080318,-0.223686,-0.466704,-0.11385,-0.324861,-0.081379,-0.230918,0.277226,-0.141081,-0.347224,0.00161,-0.314987,-0.203927,-0.138037,-0.141496,-0.235361,0.288197,0.483267,-0.025897,-0.26193,0.026834,-0.142331,-0.195884,0.02264,-0.002582,0.233044,-0.111779,-0.025793,-0.199407,-0.043739,-0.153006,0.364464,-0.050218,-0.377299,0.329079,-0.235805,-0.220944,0.287337,0.20106,-0.439434,0.250417,0.316524,-0.012581,-0.043632,0.221201,0.005122,0.015098,0.190464,-0.298562,0.275337,0.056938,-0.023383,0.319179,0.117465,-0.101825,0.037282,0.415851,-0.292354,-0.018614,0.099171,#
9,0.009645,0.205881,0.160184,-0.037468,0.233864,-0.034533,-0.054642,-0.16105,0.0433,1.0,-0.097666,-0.062473,0.20167,0.06445,-0.150594,-0.115455,-0.399346,0.385981,0.009495,0.05633,0.10655,-0.019053,0.208967,0.101569,0.116998,0.009974,0.073875,-0.086777,-4.6e-05,0.283664,0.059547,-0.111768,0.017094,0.230597,-0.210517,0.103691,0.046673,-0.139287,-0.088504,-0.22798,0.073732,0.241113,0.128187,0.218815,0.280202,-0.297739,0.044332,0.4703,0.034952,0.180346,-0.075943,-0.084244,-0.025708,-0.048211,-0.105945,-0.322636,-0.124198,0.002665,-0.04663,-0.180345,0.140326,0.095074,-0.17036,-0.170156,-0.042911,0.076378,-0.058472,0.225412,0.003968,0.059625,0.065857,-0.253041,0.010904,-0.080969,0.194571,0.179267,-0.221307,-0.469654,0.024645,-0.087951,0.033017,-0.085572,-0.077523,-0.154132,0.068623,-0.054214,-0.161174,-0.119124,-0.144357,0.056816,0.009116,0.07958,-0.294291,0.167913,-0.157917,0.170998,0.16007,0.054881,0.274923,-0.095096,-0.196629,-0.171365,-0.00288,0.00132,-0.256512,-0.160527,-0.109393,-0.174733,-0.050114,-0.085436,0.394481,0.182229,0.089422,-0.308287,-0.140574,-0.11115,-0.075797,-0.099212,0.389801,-0.277624,0.013402,0.154421,0.16878,-0.040311,-0.135419,0.056525,-0.192453,-0.129244,-0.14456,0.236373,0.076357,-0.021028,0.064318,0.448923,-0.101224,0.118624,0.055183,-0.02461,0.270324,-0.238428,0.081051,0.075898,0.014295,0.037079,0.013191,0.005294,0.132383,0.144939,-0.301221,0.204463,-0.414616,-0.111753,0.255113,0.133616,-0.039334,0.268395,0.241644,0.270654,-0.04096,0.11722,-0.088327,0.055946,-0.084956,0.332862,-0.098606,0.289641,-0.273052,-0.081207,0.0408,0.053168,-0.001334,0.068006,0.043055,-0.170036,0.190957,0.120616,0.044909,-0.118719,0.012278,-0.059672,-0.050436,-0.113874,-0.417498,0.240852,-0.279488,-0.04739,0.127244,-0.133149,-0.37497,0.160886,-0.013921,-0.071999,-0.211509,-0.016941,0.065794,-0.31523,-0.033235,-0.014276,0.252119,-0.101235,#
10,-0.124207,-0.334441,-0.137208,0.16876,-0.007943,0.081696,0.161893,-0.310691,0.068324,-0.097666,1.0,-0.047033,-0.222847,-0.216685,0.264037,0.33091,0.036475,-0.479476,-0.033751,0.086955,-0.079794,0.023597,-0.082733,0.052753,0.003099,0.208078,-0.127656,0.128016,0.105738,-0.312142,0.063695,-0.056232,-0.162085,-0.032014,0.13878,-0.172093,-0.223536,0.177567,0.007618,0.307299,-0.181879,-0.204193,-0.271625,0.007964,0.317507,0.177557,-0.182622,-0.282539,0.299826,-0.063037,-0.002326,0.203356,-0.025675,0.16458,0.150909,0.320643,0.047592,-0.032688,0.075181,0.105348,0.115613,-0.125942,0.158997,-0.047592,-0.025822,-0.155917,-0.07504,-0.2946,-0.362109,-0.067128,0.005753,0.06153,0.308486,0.096768,-0.120689,0.082001,-0.071537,0.143259,0.104333,-0.095148,-0.212713,0.180607,0.179389,-0.166332,-0.160092,-0.086476,0.181664,0.054882,-0.202514,-0.157971,0.136836,-0.196298,0.245282,-0.333907,0.114362,0.136388,-0.097322,-0.047082,-0.294548,0.058788,0.038077,0.188563,0.087235,-0.000699,0.177971,0.09001,-0.092582,0.010771,0.081705,0.174535,-0.24484,-0.146821,-0.140304,0.024097,-0.221332,-0.077421,0.163133,0.066234,-0.247017,0.11751,0.295922,-0.087992,0.252605,0.221342,0.168283,-0.063322,0.09316,0.310511,-0.075659,-0.09765,0.135546,-0.151477,-0.212337,-0.234478,0.056918,0.266569,-0.112173,-0.146092,-0.068253,0.092469,-0.089753,0.065654,-0.043006,-0.041477,-0.084193,0.140858,-0.115961,-0.236804,0.279256,-0.090417,0.204692,0.209768,-0.274559,-0.107052,-0.113538,-0.07137,-0.247163,-0.06214,0.195448,-0.045062,-0.172065,-0.11018,0.08369,-0.431785,-0.228983,-0.029553,0.143323,0.228263,0.232904,-0.33815,0.078984,-0.22512,-0.163687,0.151732,0.021118,-0.221265,-0.132986,0.058826,-0.158255,0.09961,0.025665,0.368682,0.221914,0.351673,-0.09257,0.012596,-0.024196,-0.173626,0.361122,-0.169884,-0.201763,0.259344,0.029843,-0.155924,-0.042788,-0.065822,0.100249,0.144129,-0.166054,-0.003031,#
11,0.292514,0.050445,-0.000814,-0.261468,0.141981,-0.012233,0.243945,-0.017456,0.229923,-0.062473,-0.047033,1.0,-0.059108,-0.27784,0.092061,0.211724,0.138124,-0.108186,-0.25085,-0.29852,-0.142829,-0.027555,-0.008696,-0.02266,-0.002149,-0.082229,-0.062069,-0.240144,0.212828,0.201452,-0.33297,-0.049902,-0.163202,-0.081265,0.080879,0.05665,-0.291442,0.003755,-0.039661,0.02687,0.046692,-0.072895,-0.33362,-0.221291,-0.085085,0.000155,-0.094399,-0.013021,-0.094536,0.078018,-0.16951,-0.154822,-0.075869,0.06549,0.09836,-0.052878,-0.294493,-0.107862,-0.09503,0.263643,-0.168004,0.05044,-0.161603,0.00136,0.197905,-0.208975,-0.170287,-0.041311,0.066186,-0.048909,0.044755,-0.238157,0.055252,-0.229999,-0.454002,0.030686,-0.199385,-0.037192,-0.316782,-0.194105,-0.165465,-0.236025,-0.153112,-0.025185,-0.194636,-0.0101,-0.152943,-0.359286,-0.096504,-0.254878,0.082558,-0.21974,-0.045116,-0.285766,-0.299685,-0.059896,-0.1354,-0.32468,-0.313,-0.020573,0.146496,-0.252681,-0.095578,-0.231822,-0.165146,-0.16461,0.022668,0.003493,-0.277253,0.040174,-0.329104,0.101663,-0.321161,-0.015921,-0.144598,-0.379671,-0.197431,-0.020623,-0.417242,0.00674,-0.224667,-0.262981,-0.31338,-0.035822,-0.138567,-0.25206,-0.045263,-0.226073,-0.162259,-0.092132,-0.202871,-0.22675,-0.111134,-0.079751,-0.292046,-0.080914,0.052118,-0.417294,0.047208,-0.242698,-0.036794,-0.012574,-0.167083,-0.252154,-0.32722,-0.201071,-0.165488,0.119085,-0.316414,-0.188273,-0.141237,-0.418941,-0.13882,-0.17025,-0.276825,-0.377081,0.047155,0.08668,-0.047223,-0.008425,0.021865,-0.058886,-0.050763,-0.247859,-0.219315,0.110145,0.048685,0.098472,0.118086,-0.405654,0.309961,0.104408,-0.148605,-0.02551,0.269979,-0.374868,-0.347585,0.11486,0.011343,-0.245458,0.37844,-0.026594,0.321959,0.21365,0.345619,-0.118742,0.142616,0.128187,0.023703,0.199573,-0.040486,0.308966,0.157279,0.09815,-0.199738,0.317026,0.183827,-0.20484,-0.035464,0.038003,#
12,0.41128,0.204246,0.000444,-0.166439,0.198357,-0.304551,0.16504,-0.065234,0.334958,0.20167,-0.222847,-0.059108,1.0,0.182663,0.116497,-0.135933,-0.139197,0.255498,0.203208,0.063667,-0.154077,0.135825,0.374101,-0.059319,-0.301882,-0.201463,-0.003964,-0.160727,0.344018,0.117159,-0.341877,-0.047751,0.075586,-0.008691,-0.000497,-0.003664,0.406226,-0.120248,-0.030294,-0.178909,0.182191,0.217489,0.00518,-0.057432,0.031328,-0.145404,0.518168,0.330973,-0.029355,0.15879,0.045708,-0.126141,0.120146,0.082073,-0.002836,-0.02368,-0.011634,0.105242,0.025166,-0.11024,0.140273,0.014129,-0.071164,-0.038083,0.129155,0.28591,0.226923,0.092699,0.252834,-0.073365,0.21066,-0.146678,-0.113932,-0.173223,-0.068151,0.248908,-0.100401,-0.377868,-0.115487,-0.136918,-0.006627,-0.262936,-0.326527,-0.134948,0.03691,0.030454,-0.250411,0.014678,-0.064718,0.068445,-0.159173,-0.063499,-0.325723,0.257247,-0.154331,-0.103252,0.17432,-0.156946,0.217096,-0.44094,0.244316,-0.240767,-0.311025,-0.281621,-0.257607,0.018077,-0.171608,0.001715,-0.337424,0.007423,0.382115,-0.195639,0.055893,-0.226753,-0.085343,-0.204228,-0.508798,-0.030224,0.318556,-0.485142,-0.080321,-0.372569,-0.005166,-0.315828,-0.005785,0.099587,-0.515744,-0.013653,-0.180551,-0.108744,0.00486,-0.088601,0.083196,0.120354,-0.166408,-0.149311,-0.018815,0.025967,0.070126,-0.22973,-0.252983,-0.168555,-0.137548,0.133196,-0.204587,-0.08239,-0.284003,0.382149,-0.302932,-0.095589,-0.150851,-0.406545,0.060256,-0.031283,-0.040237,0.105495,0.325622,0.340532,-0.173465,-0.305051,-0.155989,-0.184284,-0.345176,0.143369,0.204981,0.036343,-0.186996,-0.178516,-0.209182,0.064002,0.026222,0.21519,0.146918,-0.26086,0.292546,0.175151,0.050252,0.274827,0.180614,-0.434992,0.044537,0.079301,-0.179905,-0.23607,0.178698,0.052006,0.287608,0.116125,-0.420449,0.33589,0.078816,-0.051774,0.166058,0.2429,-0.037317,-0.031707,0.306889,-0.266629,-0.071039,0.096412,#
13,0.243906,0.231944,-0.06929,-0.198243,0.11842,0.331608,0.00996,0.223065,0.064777,0.06445,-0.216685,-0.27784,0.182663,1.0,0.135094,-0.134321,-0.120041,0.289267,0.295393,-0.082049,0.036538,0.018858,0.355232,-0.200686,-0.191358,-0.373191,0.14838,0.263084,0.237144,0.153179,-0.029159,0.131768,0.182724,-0.265329,-0.089293,0.030196,0.093434,0.014708,0.049002,-0.306535,0.101984,0.246909,0.226832,0.444677,-0.135983,-0.370146,0.322157,0.320025,0.048495,0.041273,0.122303,0.099,0.052201,-0.185068,-0.26915,-0.181315,0.131417,-0.033919,0.010858,-0.031694,0.271429,0.293558,-0.164735,0.222873,0.164692,0.525857,0.186718,0.397217,0.272053,0.091786,-0.060251,-0.200249,0.003975,-0.182718,-0.056289,0.253144,0.00386,-0.202689,-0.198325,-0.047999,-0.236444,-0.256579,-0.09894,0.035402,0.024571,0.019224,-0.014146,-0.069864,-0.027751,-0.096678,-0.113438,-0.122819,-0.240792,0.195771,0.033221,-0.166181,0.013686,-0.132491,0.065083,-0.32418,0.007562,-0.030945,-0.147037,-0.169873,-0.158716,-0.032002,-0.212493,-0.362986,-0.089432,-0.143296,0.266776,0.215166,0.048065,-0.031071,-0.10684,-0.081978,-0.321656,-0.132339,0.278904,-0.256515,-0.132722,-0.063252,-0.164081,-0.195419,0.048597,0.116876,-0.282831,-0.007243,-0.096108,-0.162619,-0.108285,0.052329,-0.179414,0.229829,-0.201642,-0.299179,-0.016364,-0.193236,0.133814,-0.079451,-0.205418,-0.284013,-0.17411,-0.262503,-0.064239,0.047516,-0.164329,0.208628,0.026305,-0.00876,-0.176315,-0.172046,-0.079737,-0.070623,-0.058176,0.143824,0.377342,0.389273,-0.275681,0.017211,-0.082221,-0.217286,-7.4e-05,0.298744,0.032344,0.11497,0.083082,-0.029701,-0.253187,0.182861,-0.067343,0.245206,-0.067872,-0.208523,0.295036,0.144794,0.006356,-0.039813,0.392465,-0.343024,0.040929,-0.109086,-0.238713,-0.047864,0.126364,-0.043115,0.178525,-0.052401,-0.173446,0.260891,-0.025391,-0.126739,0.235693,0.175594,0.072671,0.069846,0.274423,-0.270009,-0.00799,0.032644,#
14,0.054208,0.183221,-0.161639,-0.205047,0.083633,0.18128,0.247457,0.146289,0.332785,-0.150594,0.264037,0.092061,0.116497,0.135094,1.0,-0.065236,-0.047207,-0.143473,-0.084623,-0.05924,-0.13601,0.338578,0.178358,0.168575,-0.081496,0.146915,-0.050952,0.214501,0.234335,-0.082196,-0.266956,0.306566,0.227869,0.018886,-0.228502,-0.057934,0.007939,-0.016686,0.428354,0.151692,-0.230392,0.209405,-0.229123,0.076086,-0.106259,0.222924,0.206231,-0.101132,0.106012,0.209678,0.065997,0.043659,-0.09932,-0.12593,0.069575,0.15767,-0.157094,0.271575,-0.295808,0.307416,0.215197,0.183422,-0.177156,0.3928,0.270615,0.157029,-0.059272,-0.021035,0.08979,-0.114822,0.078161,-0.082591,0.307648,-0.105283,-0.375124,-0.112221,-0.032834,0.023039,-0.169211,-0.274945,-0.17962,-0.16796,-0.166354,-0.223845,-0.352978,0.026794,-0.095113,-0.151553,-0.411756,-0.247985,-0.134179,-0.133907,-0.025627,0.107432,-0.063042,-0.054554,-0.081229,-0.075292,-0.073738,-0.219053,0.099248,-0.002795,-0.346781,-0.206084,-0.075864,-0.014633,-0.297951,-0.059176,-0.096426,-0.139714,-0.117094,-0.140061,-0.240987,0.000655,-0.24101,-0.224876,-0.272991,-0.186248,-0.21128,-0.141042,-0.100532,-0.272696,-0.082508,-0.235077,0.190921,-0.132973,-0.021409,-0.048222,-0.393008,-0.232619,0.035367,-0.290984,-0.220139,-0.211935,-0.132452,-0.019306,0.031379,-0.232768,0.156615,-0.025864,-0.107882,-0.222099,-0.350386,-0.160957,-0.270679,-0.23126,-0.143282,-0.0188,-0.00795,-0.265695,0.082552,0.07262,-0.129398,-0.064733,-0.201395,-0.022441,0.21371,0.250354,-0.245714,-0.073358,-0.012347,-0.136554,-0.021057,-0.214995,-0.103658,0.200375,-0.0538,0.102296,-0.073797,-0.140675,0.061915,0.098944,-0.074813,-0.151455,0.314847,-0.146012,-0.152704,0.035659,0.104651,-0.234579,0.115557,0.388671,0.207558,0.127612,0.048107,0.043016,0.004395,0.085056,0.07354,0.094951,-0.146773,0.339622,0.019813,-0.074959,-0.089546,-0.13172,0.165476,-0.296532,0.002451,0.108055,#
15,-0.029133,-0.226992,-0.307594,-0.222152,-0.204979,0.173177,0.08982,-0.208026,0.027593,-0.115455,0.33091,0.211724,-0.135933,-0.134321,-0.065236,1.0,0.184172,-0.303533,0.241091,0.119945,0.01829,0.126236,-0.205894,-0.04041,-0.085336,-0.017522,-0.202833,0.155185,0.020154,-0.206481,-0.165774,0.073046,-0.162265,-0.007643,0.362295,-0.082296,-0.156281,0.292436,-0.274957,0.116126,0.067558,-0.232907,-0.083852,-0.157963,0.225846,0.200805,-0.164277,-0.252146,0.162602,0.038161,0.149172,0.081722,-0.115324,0.065255,-0.16228,0.177926,0.136637,-0.084431,0.111149,0.128973,0.121103,-0.259701,0.196452,0.244549,0.160472,-0.115678,-0.146418,-0.091592,0.063397,-0.027504,0.039383,0.01611,0.034433,-0.134122,0.045513,-0.043658,-0.129241,0.065963,0.115741,-0.107873,-0.047135,-0.048481,0.028079,-0.161381,0.000755,0.00549,-0.070884,-0.253707,0.065189,0.008928,0.322478,-0.121555,0.250246,-0.413536,0.040126,-0.028448,-0.094976,-0.378726,-0.38538,-0.0,0.177539,0.107924,-0.180673,0.059485,0.171604,0.119384,-0.108671,-0.089566,-0.015717,-0.0311,-0.327005,-0.147034,0.043135,0.112556,-0.212676,-0.066348,0.071809,0.152442,-0.277651,0.188013,0.137292,0.079949,0.006002,0.211747,-0.016236,-0.140447,0.187097,0.214787,-0.064487,-0.099674,-0.116112,0.028449,0.055786,-0.08446,-0.030998,0.020724,-0.268902,-0.291066,-0.239403,-0.086204,-0.00238,-0.04371,-0.150204,0.100127,-0.235599,0.233347,-0.20386,-0.056082,-0.148545,-0.259234,0.112565,0.114992,-0.187705,0.007784,-0.271318,-0.144618,-0.331055,-0.044284,-0.058385,-0.038793,-0.358399,-0.109498,-0.008189,-0.25539,-0.127683,0.129521,0.055257,0.220266,-0.031568,-0.070459,0.060121,0.230903,-0.143514,0.162804,-0.043144,-0.300551,0.064393,0.143074,-0.322046,0.045983,0.262017,0.14166,0.304178,0.339946,0.047187,-0.043313,0.122732,0.049069,0.313611,-0.083586,-0.300598,0.099021,0.112377,0.075214,-0.074242,0.25202,0.27223,0.212661,-0.109438,-0.096639,#
16,0.063287,-0.215949,-0.093297,0.013347,0.199962,0.020839,-0.171859,-0.034411,-0.290054,-0.399346,0.036475,0.138124,-0.139197,-0.120041,-0.047207,0.184172,1.0,-0.405348,-0.291211,-0.254275,-0.271876,-0.085725,-0.266667,0.122532,-0.132531,-0.154024,-0.308138,-0.003561,-0.119223,-0.311351,0.043447,0.021014,-0.040037,-0.216099,0.009651,-0.102482,-0.265237,0.131242,-0.043152,0.173659,-0.197804,-0.218248,-0.070303,-0.048025,0.018168,0.281617,-0.131509,-0.371627,-0.075527,0.101082,0.161484,-0.026089,-0.072414,0.074692,0.16931,0.073207,-0.114155,0.211387,-0.055293,0.128726,-0.028153,-0.153053,0.069315,0.139204,0.100772,-0.06188,0.119339,-0.074424,-0.071592,-0.163053,-0.23095,0.17434,0.11991,-0.149813,-0.182439,0.178088,0.006561,0.155006,0.026153,0.042642,-0.095078,0.102558,0.09596,0.140541,-0.084822,-0.272497,-0.048201,-0.190697,0.046058,-0.30396,0.032854,-0.118659,0.321008,-0.447694,0.064618,-0.246836,-0.116602,0.048732,-0.25147,0.036397,0.345653,-0.031921,0.055007,-0.004003,0.008611,-0.20618,0.175601,-0.113982,-0.067654,0.203671,-0.39321,-0.191126,-0.129145,0.116895,-0.226291,0.165204,0.171227,-0.180761,-0.436374,0.46114,-0.134369,0.142962,-0.383887,0.221221,0.138825,-0.258047,-0.135494,0.060455,-0.147611,0.059996,-0.223894,0.129815,-0.070973,-0.227924,0.104798,-0.215222,0.162649,-0.297334,-0.550062,-0.018582,-0.079222,0.106514,0.074638,0.161539,-0.183839,-0.104633,-0.181379,-0.136578,-0.081282,-0.073898,0.187418,0.257029,-0.255044,-0.100634,-0.255595,-0.332112,-0.303694,-0.196579,-0.137202,-0.207392,-0.072612,-0.075034,-0.078376,-0.379687,-0.01904,-0.031901,0.132187,0.05678,0.080971,-0.102906,0.379239,-0.051484,-0.182055,0.131344,-0.346939,-0.132454,-0.100442,-0.185547,-0.206672,0.205003,0.000925,-0.124673,0.731646,0.138252,0.110991,-0.074737,0.067996,0.055245,0.41539,-0.223499,-0.146189,0.207805,0.180859,0.206963,0.025111,0.197423,-0.020068,0.115384,-0.381509,0.228807,#
17,0.13086,0.375562,0.200464,0.047877,-0.033897,-0.162338,-0.157209,0.059509,0.082098,0.385981,-0.479476,-0.108186,0.255498,0.289267,-0.143473,-0.303533,-0.405348,1.0,0.123148,0.151622,0.160492,0.054008,0.414806,0.09309,0.13922,-0.15521,0.253385,-0.014679,0.082702,0.237823,0.05255,-0.070227,0.203911,0.337288,-0.232141,-0.004778,0.344436,-0.197907,0.151338,-0.286226,0.036033,0.308284,0.485753,0.019309,-0.023414,-0.360988,0.339614,0.412039,-0.07213,-0.076523,0.143097,0.046193,-0.262126,-0.033784,-0.107089,-0.225846,-0.018265,-0.060658,0.049951,-0.203886,-0.010421,0.189966,-0.178753,-0.159584,-0.144536,0.21399,0.200273,0.310422,0.325405,0.255433,0.00675,-0.098395,-0.29118,0.126691,0.255876,0.003225,-0.038313,-0.225111,-0.027711,-0.006554,0.033958,-0.03946,-0.122008,0.142269,0.213942,0.1023,-0.249123,0.103263,0.184685,0.078466,0.069854,0.074032,-0.230107,0.522139,0.036511,0.084551,0.181045,0.181126,0.1843,-0.211698,-0.207492,-0.260911,-0.0815,0.10814,-0.118072,0.060838,-0.117788,-0.044836,-0.072015,-0.103,0.420622,0.177205,0.358749,-0.014874,0.172082,0.074333,-0.265163,-0.132296,0.478163,-0.345106,-0.16658,-0.091781,0.079691,-0.288542,-0.169639,0.306669,-0.047659,-0.217934,0.047397,-0.085091,0.139762,0.066976,0.273555,0.159847,-0.014047,-0.099881,0.009374,0.241896,0.449284,-0.154163,0.013821,0.058111,0.038996,-0.196553,-0.044661,0.017762,0.071766,0.156316,-0.266695,0.197674,-0.34877,-0.138542,0.23222,0.216622,0.078836,0.187108,0.392516,0.087177,-0.186618,0.164651,0.204437,0.155884,-0.000661,0.690972,0.032334,0.191276,0.002255,-0.187542,-0.394952,0.129224,-0.283685,0.246163,0.127984,-0.22353,-0.013922,0.237675,0.229509,0.039882,0.218379,-0.118614,-0.216966,-0.133463,-0.563649,-0.205183,-0.062652,0.023895,0.019286,0.156663,-0.442598,0.260923,0.026623,-0.214869,-0.07578,-0.00741,-0.036722,-0.211611,-0.037518,-0.156115,0.300015,-0.203885,#
18,0.161385,0.237592,0.006118,0.031633,-0.124969,-0.037065,0.050488,-0.059516,0.22246,0.009495,-0.033751,-0.25085,0.203208,0.295393,-0.084623,0.241091,-0.291211,0.123148,1.0,-0.056749,0.160661,0.098595,-0.042761,-0.041338,-0.301391,-0.176579,-0.092135,0.209992,0.195817,-0.050611,-0.206408,0.109649,0.109397,0.016716,0.021477,-0.036345,0.289751,0.356134,-0.256209,-0.190342,0.326272,-0.190546,0.03112,0.029386,-0.137268,-0.283046,0.213562,-0.011922,0.095855,0.050218,-0.094897,0.317047,0.050607,0.154498,-0.186121,-0.168137,0.010168,-0.125857,0.02932,-0.289054,0.155002,-0.064865,0.115232,0.048334,-0.073546,0.060658,0.175518,-0.071577,0.16632,0.031791,-0.14202,0.085376,-0.102604,0.113235,0.217944,-0.086001,0.032384,-0.06628,0.136859,-0.037132,-0.022075,0.021328,0.012986,-0.003569,0.045276,0.09812,0.076584,0.162744,-0.022853,0.327496,0.309694,0.094206,-0.111114,0.185464,0.058706,0.114311,0.195546,-0.050749,0.101122,-0.147204,-0.034644,0.069037,-0.137252,0.030169,-0.071204,0.181361,-0.346967,-0.10723,0.041805,-0.132218,0.143303,-0.032606,0.1852,0.052475,0.118366,-0.060069,0.06659,0.218871,0.271506,-0.161744,0.178725,0.008509,0.313657,0.011041,-0.010875,0.239605,-0.012016,0.219804,0.182723,0.049904,0.153522,0.185894,0.068214,-0.020684,0.057299,0.157477,-0.235142,-0.001494,-0.040761,0.067193,0.028806,-0.066751,-0.186443,-0.006357,0.168813,0.320168,0.125118,0.160879,-0.122998,-0.005785,0.099692,0.050832,0.199589,-0.03991,0.064956,0.02926,0.08915,0.169667,0.152355,-0.099054,-0.177197,0.041962,-0.031682,0.073131,0.36538,0.108026,0.082582,-0.093237,-0.046311,0.33121,-0.476721,0.443297,0.144374,0.039816,0.009384,0.172407,0.152806,0.025754,-0.016574,-0.12391,-0.05362,0.060064,-0.204775,-0.143529,0.068195,0.031126,0.153496,0.032263,-0.07368,-0.10531,0.057755,-0.138407,0.099235,0.058899,-0.024949,-0.0673,0.209074,-0.122184,0.038025,-0.11167,#
19,-0.238719,-0.109904,-0.125364,0.095605,-0.19255,-0.037266,-0.048204,0.001007,-0.09755,0.05633,0.086955,-0.29852,0.063667,-0.082049,-0.05924,0.119945,-0.254275,0.151622,-0.056749,1.0,0.085301,0.259875,0.093495,-0.038017,0.009054,0.065066,0.313002,0.074731,-0.196988,-0.096014,0.133196,0.034497,0.235462,0.238764,0.318709,-0.191147,0.007151,0.117024,-0.118889,0.019977,0.178179,0.219677,-0.012141,-0.166325,0.048251,-0.030805,0.051302,0.074735,0.210825,-0.196269,0.186054,-0.069425,-0.219435,-0.094246,-0.259954,0.208294,0.078718,-0.038467,0.155529,-0.105869,-0.003299,-0.184266,0.159019,-0.064424,0.037588,0.019342,0.113929,0.224214,-0.039219,0.150643,0.080097,0.020618,0.038242,0.080943,0.360933,-0.130396,0.239537,0.074456,0.196873,0.142876,0.099842,0.252693,0.08116,-0.279213,0.336291,0.184976,-0.045196,0.282503,0.161207,0.211008,0.048829,-0.024623,-0.201595,0.149151,0.231691,0.259681,0.288409,0.123605,0.104929,-0.017557,-0.031503,0.000496,-0.003366,0.206287,0.193651,0.209002,0.039981,0.221113,0.072502,0.004959,0.378422,-0.216981,0.128628,-0.125011,0.101472,0.292014,0.157966,0.036241,0.136238,-0.087341,0.104781,0.007047,0.226387,0.007126,-0.003224,0.275926,0.067996,0.138901,0.158313,0.046376,0.015468,0.169649,0.09557,0.03625,0.190543,0.128253,-0.191876,0.337904,-0.048789,0.242424,0.256499,-0.048588,0.022104,0.13172,-0.069257,0.081749,0.083694,-0.128885,0.149394,0.09044,0.090619,-0.065689,0.21378,0.361883,0.223549,0.455888,0.075136,-0.30569,0.303386,0.227487,-0.05748,0.053098,-0.062492,0.34603,0.005003,-0.050078,0.121335,0.169399,-0.252127,0.325251,-0.189213,-0.217789,0.232715,-0.026368,-0.106897,0.275006,0.253788,0.025809,-0.010503,0.1802,-0.11105,0.011993,-0.31321,-0.181543,-0.147496,0.092936,-0.073841,0.081432,-0.218524,0.048753,-0.041411,-0.166337,-0.135394,-0.30957,-0.066586,-0.115378,-0.095077,0.181408,0.007765,-0.03474,#
20,-0.243808,0.012542,-0.041247,0.057774,-0.106837,0.069016,0.034596,0.088858,-0.136196,0.10655,-0.079794,-0.142829,-0.154077,0.036538,-0.13601,0.01829,-0.271876,0.160492,0.160661,0.085301,1.0,-0.123602,-0.0717,-0.11154,0.041533,0.141704,0.006189,-0.044549,-0.113092,0.238301,0.030337,-0.120417,0.048203,0.124132,-0.098251,0.021251,-0.040823,-0.156583,0.04545,-0.0354,-0.03346,-0.204031,0.218689,0.060551,0.038538,0.174207,-0.129056,0.03982,0.015431,-0.316495,-0.047096,-0.090162,-0.215482,0.016964,-0.170618,0.169371,0.219163,-0.059008,0.062513,0.008119,0.190388,0.101737,0.060268,-0.063798,-0.214511,-0.011243,-0.252182,0.280933,0.030063,-0.104031,0.005991,0.055207,-0.145142,0.213159,0.236794,0.05478,0.157362,0.156158,-0.058591,-0.069563,0.145608,-0.114953,0.131471,-0.176419,0.076512,-0.011777,-0.054655,0.262254,0.120415,0.257315,0.132162,0.1185,0.001879,0.035774,-0.263551,0.098149,0.169466,-0.063577,0.046882,0.30985,-0.133085,0.056311,0.0437,-0.014206,-0.119504,-0.064022,-0.055818,0.024918,0.166069,-0.405972,0.124248,0.018091,-0.025214,-0.110448,0.207019,0.182454,0.152097,0.171083,-0.076287,0.047084,0.162374,0.190703,0.194597,0.039462,0.05084,-0.020723,0.137111,0.099578,0.081278,0.158918,0.172415,-0.077487,0.026765,-0.052337,0.148153,0.250571,-0.218459,0.15387,0.025846,0.159331,0.01008,-0.036446,-0.075387,-0.093914,0.289472,-0.02061,0.255611,0.124848,0.08186,-0.038957,-0.230451,0.146877,0.269552,0.077724,0.05614,0.118583,0.113772,-0.039782,-0.016655,-0.037875,-0.008929,-0.114063,0.183759,0.125775,-0.160526,0.17053,-0.033985,-0.13643,-0.027956,0.167603,-0.217997,-0.100235,-0.039206,0.14301,0.120875,-0.043047,0.077724,0.138288,-0.077448,-0.020271,0.106868,-0.181262,-0.110497,0.20164,0.141491,-0.149095,0.025762,-0.061888,0.052791,0.08011,0.077558,0.129397,-0.111194,-0.348584,-0.011456,0.018554,-0.019158,-0.034284,0.180068,0.089514,#
