0,1.0,0.379623,-0.018161,-0.238727,0.333794,0.170147,0.042199,0.199194,0.041119,0.248647,-0.173874,0.062922,0.356909,0.358585,-0.001126,-0.127676,0.156057,0.306714,-0.095487,-0.130396,-0.071684,0.149561,0.276012,-0.055496,-0.245615,-0.249932,0.059524,-0.150859,0.210221,0.42333,-0.069627,0.083048,0.102581,-0.199397,-0.181955,0.046689,-0.195625,-0.011249,0.038898,-0.052464,-0.097192,0.026041,-0.063393,0.219127,-0.069836,-0.42659,0.253613,0.214177,-0.281393,-0.086501,0.003235,-0.163605,0.054684,-0.193227,-0.033781,-0.045875,-0.012855,-0.089699,0.062693,0.285903,0.286049,0.050687,-0.147006,-0.107149,0.109763,0.423726,-0.027553,0.249442,0.081264,-0.050361,-0.067532,0.00496,-0.338528,-0.085937,-0.307207,0.306762,-0.063165,-0.184053,-0.268995,-0.03992,-0.292024,-0.105794,-0.105338,0.20875,-0.142365,-0.152114,-0.136209,-0.101909,0.069094,-0.305202,-0.296556,-0.351196,-0.283944,0.22904,0.075945,-0.119853,0.169388,-0.151849,-0.099977,-0.303521,0.09558,-0.361012,-0.147297,0.121606,-0.244141,-0.027773,-0.261021,-0.086982,-0.388034,-0.081707,0.22028,0.224754,-0.128344,-0.209226,-0.351541,0.019678,-0.238866,-0.303435,0.232836,-0.454319,-0.245317,-0.239027,-0.181547,-0.112744,-0.233396,0.086597,-0.15801,-0.086946,-0.056386,-0.258913,-0.251783,-0.111119,-0.188946,-0.051125,-0.381241,-0.221257,0.293057,-0.431959,-0.127643,-0.232893,0.09211,-0.378525,-0.440437,-0.203137,-0.094802,-0.203966,-0.148725,0.178151,-0.15216,-0.364648,-0.155176,-0.353454,-0.046224,-0.128206,-0.298671,-0.216162,0.444614,0.41854,-0.279286,-0.177294,-0.378708,-0.020473,-0.087531,-0.326449,-0.093695,0.277482,-0.180617,-0.241776,-0.168662,-0.269195,0.090158,0.067296,-0.357044,-0.11172,0.261979,-0.39295,-0.122569,0.116498,0.401551,-0.360905,0.109253,0.048058,-0.23954,-0.053418,0.365961,-0.214123,0.380165,0.056958,-0.216787,0.472118,0.100408,0.086706,0.306784,0.267646,-0.121674,0.207933,0.045089,-0.384755,-0.023241,0.324376,#
1,0.379623,1.0,0.199931,-0.153492,0.187247,-0.013587,0.348993,0.201923,0.255944,0.255394,-0.1668,-0.289932,0.383762,0.307349,0.32143,-0.21863,-0.035563,0.41701,0.339786,-0.059433,0.061678,0.20343,0.318469,0.061831,-0.350138,-0.199651,0.341743,0.052466,0.26064,0.414846,-0.493698,0.052191,0.26665,0.059803,-0.069745,0.004181,0.059924,-0.161393,-0.009178,-0.124907,-0.160414,0.261684,0.025597,0.297259,0.113017,-0.427334,0.367435,0.26931,0.130511,0.225942,0.159806,-0.218092,-0.023603,-0.08758,0.099603,-0.295368,-0.15998,-0.136152,-0.087217,0.066328,0.10305,0.214599,-0.38512,0.252107,0.012178,0.360953,-0.064653,0.355374,0.295535,-0.111467,-0.031879,-0.061237,-0.161897,-0.3787,-0.375584,0.44103,-0.284268,-0.318852,-0.409806,-0.42575,-0.285927,-0.335623,-0.383855,0.138841,-0.421541,-0.083069,-0.293435,-0.081615,-0.234401,-0.193831,-0.204407,-0.361306,-0.559373,0.038832,-0.263092,-0.059057,0.159757,-0.299616,-0.092487,-0.297237,-0.06005,-0.447623,-0.440515,-0.083548,-0.535243,-0.221303,-0.511537,-0.281921,-0.616307,-0.098935,0.236488,0.362709,-0.179087,-0.474374,-0.110809,-0.011619,-0.345155,-0.553723,-0.012426,-0.544809,-0.349537,-0.228881,-0.287699,-0.38877,-0.032862,0.01728,-0.310203,-0.01123,-0.163637,-0.175653,-0.325715,-0.386499,-0.356246,0.036893,-0.292898,-0.220819,0.232141,-0.205203,0.164279,-0.476191,-0.437852,-0.037256,-0.543516,-0.127503,-0.138214,-0.230579,-0.250771,0.3859,-0.286519,-0.380118,-0.189208,-0.366461,-0.069235,-0.21093,-0.4127,-0.2185,0.378601,0.523903,-0.328899,-0.039946,-0.066947,-0.081942,0.173561,0.027757,-0.230752,0.475864,-0.258159,-0.016347,-0.143021,0.000902,-0.155815,0.002568,-0.222463,-0.400508,0.41396,-0.160427,-0.215257,0.336418,0.423708,-0.408994,0.114138,0.221398,-0.208709,0.033065,0.24472,-0.10233,0.250954,-0.200904,-0.293636,0.453197,0.083907,0.579089,0.338416,0.192181,-0.169194,0.019719,0.285609,-0.335757,-0.198528,0.152754,#
2,-0.018161,0.199931,1.0,0.260415,0.184957,-0.203953,0.006465,-0.131141,-0.036658,-0.16292,-0.076796,-0.014176,-0.055228,-0.155112,-0.086045,-0.251599,-0.026139,0.011338,-0.024752,0.03904,-0.101973,-0.144777,0.230308,-0.188401,-0.139083,-0.107312,0.259091,-0.149283,-0.177516,0.11796,-0.031471,0.180057,-0.209255,0.032562,-0.028769,0.015715,0.296531,-0.129154,0.07504,-0.114605,-0.061344,0.180594,-0.028014,0.013001,0.043678,-0.06651,0.015903,0.370599,-0.016702,0.000754,-0.118918,0.186621,0.038807,0.132801,-0.14569,-0.074493,-0.30131,-0.05983,-0.415536,-0.185258,-0.10995,-0.244334,-0.052358,-0.007071,-0.192006,-0.059306,-0.140268,0.047039,0.065313,0.284156,0.21767,0.228894,0.024652,-0.034099,-0.040049,0.132621,-0.126295,-0.320292,-0.168514,-0.116982,0.202307,-0.023822,-0.053595,0.241793,-0.000911,0.124118,-0.133051,0.087326,-0.045837,-0.095441,-0.032035,-0.043658,-0.097498,0.044978,-0.198674,-0.041514,0.255923,-0.118554,0.077059,-0.119815,0.027537,-0.107025,-0.031947,-0.064443,-0.138188,-0.200749,0.012844,0.185575,-0.220412,0.214238,0.293932,-0.124817,-0.0964,-0.06514,0.400848,-0.06084,-0.159415,-0.32283,-0.008919,-0.162579,-0.100374,-0.093384,0.129906,-0.125466,-0.103499,-0.138592,-0.267124,0.075968,0.006571,-0.078482,0.330019,-0.282404,-0.203155,-0.001682,0.033701,0.085517,0.202672,0.312241,0.18788,0.047855,0.103001,0.300862,-0.033302,-0.203174,-0.059758,0.26667,-0.11938,0.196552,-0.030667,-0.040776,-0.243519,-0.113911,0.189817,-0.108265,-0.070568,-0.10645,-0.033832,0.111841,0.109967,-0.080981,0.017174,0.070422,0.177366,-0.01427,0.035201,-0.070961,-0.30007,-0.003906,0.070203,-0.028019,-0.057926,-0.101376,0.022451,0.004507,-0.078571,0.132176,-0.025151,0.141448,0.028067,-0.132828,0.052448,-0.286244,-0.168522,0.260977,0.015063,-0.03166,-0.137636,-0.123162,-0.181587,0.132271,0.246214,0.282359,0.098875,0.122058,0.052511,-0.142169,0.175477,-0.065942,0.0717,0.027973,#
3,-0.238727,-0.153492,0.260415,1.0,-0.10347,-0.32085,-0.363197,-0.376738,-0.237513,-0.005616,0.233077,-0.099231,-0.193323,-0.314592,-0.182601,-0.123008,-0.13531,-0.01089,-0.012026,0.153146,0.131057,-0.265126,-0.119003,-0.001766,0.132301,0.184028,-0.167244,0.061059,-0.170121,-0.233827,0.403524,-0.1185,-0.446288,-0.035925,0.050347,-0.414256,0.102655,0.039816,0.056731,0.101333,0.069149,0.015521,-0.020748,-0.190661,-0.008776,0.310843,-0.141823,-0.111859,0.246429,-0.266172,0.09771,0.502202,0.003979,0.218141,-0.017443,0.015638,0.101696,0.088787,-0.158968,0.072881,-0.201065,-0.087356,0.038769,-0.155673,0.010055,-0.255699,0.093449,0.047984,-0.124386,0.104274,0.110916,0.278861,0.266251,0.319667,0.275627,-0.320566,0.098931,-0.060927,0.381635,0.148393,0.189785,0.467678,0.252769,0.163881,0.221908,0.054895,0.156004,0.283585,0.088725,0.292659,0.292225,0.305608,0.419617,-0.208167,0.246526,0.18629,0.008492,-0.119525,0.082145,0.352511,0.141913,0.00914,0.315915,0.034339,0.119822,0.376019,0.139512,0.197184,0.264487,0.258205,-0.179651,-0.14004,0.377714,0.248318,0.120385,0.067492,0.4538,0.1376,0.074562,0.126036,0.332426,0.220818,0.347082,0.128632,0.034701,0.064605,0.017431,0.008784,0.265439,0.161894,0.541119,0.043651,0.15952,0.156503,0.342128,0.439346,-0.079547,0.3433,0.211981,0.287911,0.314153,0.292489,0.213816,0.059378,0.243375,0.456371,0.218006,-0.264316,0.191914,0.364648,0.080653,0.250793,0.146331,0.152145,0.241284,0.045528,-0.363256,-0.239113,0.226605,0.131177,-0.364138,-0.008297,0.032995,-0.130858,-0.021693,-0.181153,-0.051409,0.041104,0.097326,0.171838,-0.207227,-0.001986,0.197919,0.073054,-0.331395,0.170738,0.141853,-0.017432,-0.40891,0.222864,-0.370152,-0.135449,-0.088759,-0.030807,-0.147405,-0.071999,-0.168352,0.064125,0.327982,-0.344417,0.025935,-0.092277,-0.213426,-0.122691,0.055002,-0.194377,-0.340285,0.184961,-0.022538,-0.122483,#
4,0.333794,0.187247,0.184957,-0.10347,1.0,-0.044594,0.088135,0.028825,-0.13727,0.092281,-0.052097,0.170374,0.102712,-0.073673,0.237988,-0.135736,0.151318,0.192839,-0.058942,0.038438,0.026485,-0.094023,-0.014226,-0.089816,-0.223782,-0.182772,0.001724,-0.09581,0.10709,0.116097,-0.13899,-0.096626,0.014516,-0.203731,-0.298677,0.097122,-0.215928,-0.258591,-0.030116,0.073414,-0.210336,0.027918,-0.14616,-0.056848,-0.160822,-0.196694,0.237912,0.273283,-0.160312,0.176455,0.151788,-0.214824,0.034441,-0.12959,0.172788,-0.166367,-0.416495,-0.024979,-0.19459,-0.279366,-0.1066,0.174014,0.006597,0.096005,-0.065063,0.253597,0.076987,0.055768,0.076749,0.021188,-0.144073,-0.010937,-0.123141,0.046025,-0.143194,0.311093,-0.050132,-0.401547,-0.181787,-0.283925,-0.154132,-0.184271,-0.284297,0.13887,-0.177408,-0.146891,-0.12623,-0.243621,-0.141953,-0.096085,-0.124909,-0.218808,-0.094348,-0.037642,-0.023157,0.059768,0.170476,0.096719,0.07091,0.020279,0.065198,-0.263637,-0.222178,0.02268,-0.215779,-0.137776,-0.377635,-0.113958,-0.149824,0.056408,0.079523,-0.28246,-0.18746,-0.14317,-0.046142,-0.1552,-0.320466,-0.160115,-0.05818,-0.159082,-0.333151,-0.14144,-0.123991,-0.030922,-0.133757,-0.22795,-0.176722,-0.170789,-0.174663,-0.162522,-0.022235,-0.337671,-0.311131,-0.284714,-0.076122,-0.355423,0.344894,-0.115324,-0.134139,0.042519,0.032281,-0.169974,-0.026298,-0.304409,-0.178822,-0.030972,-0.031154,-0.006068,-0.300904,-0.219061,-0.205822,-0.171589,-0.216737,-0.021904,-0.345313,-0.093173,0.376355,0.325623,-0.175326,-0.173813,-0.137737,-0.133588,0.126864,0.078226,-0.285811,0.237195,-0.023991,0.142403,-0.026233,-0.139755,0.090664,-0.001725,-0.063233,-0.168855,0.016884,-0.220373,-0.276505,-0.227575,0.187043,-0.068141,0.139414,-0.13613,0.292022,0.015733,0.082178,-0.154516,0.095415,0.031781,-0.114372,0.056568,0.052587,0.257727,0.00647,0.019273,0.147648,-0.313375,-0.019284,-0.198884,-0.336929,0.408726,#
5,0.170147,-0.013587,-0.203953,-0.32085,-0.044594,1.0,0.078075,0.215497,0.129913,-0.056268,0.189348,0.096485,0.031196,0.095945,-0.072816,-0.039122,0.226546,-0.030214,-0.279506,0.101466,-0.219351,0.212883,0.127595,-0.148559,0.089619,-0.403373,-0.036659,0.110425,-0.11796,-0.212962,-0.129164,0.166181,-0.077986,-0.17397,-0.108142,-0.022215,-0.178756,0.092339,-0.0484,-0.287733,-0.044429,0.191272,0.067313,0.357579,0.266132,-0.12997,0.083655,0.161031,0.052715,0.239277,-0.048549,0.059448,0.296681,-0.225499,-0.126675,-0.002689,0.263015,-0.194023,0.176151,0.045405,0.085181,-0.012458,0.076501,0.088876,0.049324,0.082938,-0.226189,-0.136066,0.016573,0.17763,0.110008,0.163995,-0.133327,-0.039791,-0.210958,0.145134,-0.050041,0.162912,-0.170883,-0.123906,0.195724,-0.094537,0.014582,-0.240581,0.001822,0.117177,-0.114531,-0.31463,0.021875,-0.324884,-0.043104,0.046212,-0.177261,0.07496,0.133368,0.030832,0.080531,0.040183,0.002781,-0.218548,-0.054245,0.074236,0.107881,-0.036543,0.033974,-0.06465,0.061199,-0.181129,-0.130943,-0.230898,0.178418,0.195576,-0.094288,-0.215867,-0.188349,-0.28542,-0.315821,0.151504,-0.068188,-0.179924,-0.027192,-0.247624,0.193979,-0.094453,-0.079211,0.175596,0.027535,0.108778,0.057902,0.138013,-0.190463,0.07107,0.036787,-0.127906,-0.050052,-0.116854,0.063576,-0.263825,-0.165371,-0.304453,-0.06776,-0.317936,-0.344289,0.019127,0.185569,0.053695,-0.290779,-0.067466,0.146624,-0.147115,0.016603,0.06746,-0.141591,0.131946,-0.069215,0.149689,0.083424,0.118172,-0.16173,0.107831,-0.038312,-0.021894,-0.016751,0.081395,0.121526,0.094956,0.154953,0.037877,-0.01333,-0.236454,0.082352,0.079687,-0.067835,0.25469,0.029167,0.018856,0.060334,0.131828,0.197245,-0.087552,0.135133,0.238797,0.011192,-0.116517,-0.212228,-0.04185,0.104534,0.155266,-0.170684,0.053665,0.060619,-0.207483,0.187433,-0.163179,0.042184,0.132725,0.091895,-0.072179,-0.025053,0.14317,#
6,0.042199,0.348993,0.006465,-0.363197,0.088135,0.078075,1.0,0.330818,0.512616,0.070978,-0.062113,-0.157095,0.340062,0.112995,0.377972,-0.096369,-0.224506,0.045098,0.144181,0.033171,-0.043306,0.225196,0.269984,-0.044168,-0.085847,-0.180202,0.184103,-0.193334,0.19269,0.185004,-0.578443,-0.127095,0.132731,0.135514,-0.160612,0.175017,0.0759,-0.264873,0.072888,-0.009541,-0.015674,0.384131,-0.179427,0.10683,-0.0465,-0.200494,0.299262,0.288881,0.053921,0.109392,-0.057639,-0.216494,-0.002996,-0.245334,-0.233125,0.08894,0.134866,0.011774,-0.023756,0.183333,-0.031721,0.08156,-0.225094,0.229066,0.202656,0.229002,0.080244,-0.081952,0.240255,-0.163295,0.108148,-0.079325,-0.19646,-0.335152,-0.345229,0.402282,-0.055422,-0.217468,-0.147578,-0.16177,-0.103773,-0.406924,-0.273498,-0.196331,-0.401317,0.143845,-0.117792,0.083025,-0.30538,-0.224525,-0.191427,-0.190544,-0.386204,0.288416,-0.28896,-0.123885,0.056264,0.060585,-0.057196,-0.190658,-0.058676,-0.004317,-0.035975,0.03785,-0.190504,-0.28412,-0.155126,-0.153731,-0.258902,-0.32761,0.317879,0.319418,-0.244803,-0.442412,0.120533,-0.013222,-0.232329,-0.122947,-0.092941,-0.395517,-0.235316,-0.30698,-0.263821,-0.470997,-0.064328,0.029173,-0.057391,0.354021,-0.219923,-0.080868,-0.267911,-0.590617,-0.346608,-0.05524,-0.101135,-0.167116,-0.07577,0.08536,-0.013011,-0.409643,-0.229012,-0.169767,-0.201177,-0.10505,-0.048408,-0.254191,-0.286037,0.66617,-0.022356,-0.369049,0.009989,-0.170232,-0.09076,-0.342005,-0.130325,0.182472,0.334617,0.352042,-0.154976,-0.160428,0.412123,0.168061,0.282883,0.063077,0.1224,0.317344,-0.014726,-0.153177,-0.221725,0.093709,-0.044505,-0.022291,-0.1173,-0.068709,0.128028,-0.057058,-0.086554,0.182249,0.570034,-0.209175,0.231166,0.181912,-0.047214,-0.0633,0.308697,-0.104538,0.2391,0.037374,-0.416542,0.306997,0.21679,0.2555,0.086166,0.047793,0.069896,0.013173,0.259309,-0.154296,-0.040964,-0.258009,#
7,0.199194,0.201923,-0.131141,-0.376738,0.028825,0.215497,0.330818,1.0,0.184823,0.029867,-0.238384,0.019282,0.183815,0.195099,0.0482,0.152166,-0.021187,-0.077618,-0.157795,0.05214,0.030456,0.314233,0.11546,0.177257,-0.163101,-0.094797,0.3085,-0.058279,0.109657,-0.052806,-0.333871,0.181885,0.136196,-0.046669,-0.180744,-0.008902,-0.075357,-0.330479,0.189302,-0.21535,0.041817,0.212754,-0.15054,0.070956,-0.191082,-0.062475,0.182582,0.27499,-0.104982,0.197335,-0.118917,-0.211251,0.128089,-0.084039,-0.249269,-0.010375,0.19966,-0.178793,0.185081,0.166996,0.085369,0.115134,-0.240333,0.174665,0.209058,0.245843,-0.184178,0.176172,0.242878,-0.215219,0.160551,0.008511,-0.220847,-0.010777,-0.272169,0.313421,-0.103601,-0.049431,-0.309575,0.094795,-0.065714,-0.224049,0.011038,-0.068295,-0.164761,0.164078,0.006912,-0.020761,0.006031,-0.184612,-0.164996,-0.197702,-0.251198,0.239861,-0.21379,0.01999,0.146416,0.083225,-0.021083,-0.277901,-0.066589,-0.142527,-0.088811,-0.023439,-0.050996,-0.164578,-0.102255,-0.139328,-0.268693,-0.472956,0.209802,0.120172,-0.258877,-0.164161,0.08391,-0.009736,-0.298237,0.151684,-0.204443,-0.164166,-0.041281,-0.369685,0.053372,-0.327584,0.095462,0.004573,-0.133016,-0.13069,-0.149797,-0.12893,-0.455796,-0.173512,0.049526,-0.121159,0.037526,-0.089166,0.16881,-0.128247,0.008303,-0.358806,-0.233575,-0.112782,-0.23359,0.144696,-0.034256,-0.12854,-0.306116,0.236023,-0.093318,-0.24161,-0.065502,-0.03425,-0.178508,-0.09786,0.055707,0.17558,0.340079,0.13283,-0.185261,0.044269,0.120342,0.020097,-0.047462,0.060506,0.123909,0.183415,0.020099,-0.336393,-0.357624,-0.115051,-0.024691,0.027202,-0.240196,-0.055823,0.181886,-0.067172,-0.007891,0.006182,0.233655,-0.198085,0.170282,0.118546,0.077102,-0.078118,0.025997,0.097533,0.106011,-0.069168,-0.163141,0.218121,0.284039,0.061408,0.128876,-0.215548,-0.059499,0.210796,0.150732,-0.276553,-0.143949,0.141045,#
8,0.041119,0.255944,-0.036658,-0.237513,-0.13727,0.129913,0.512616,0.184823,1.0,0.071849,0.021846,-0.176633,0.329622,0.133682,0.259877,-0.257391,-0.192902,0.150219,0.205049,-0.062069,0.072142,0.162189,0.250278,0.162425,0.092751,-0.156627,0.352938,0.025521,0.244471,0.14963,-0.24894,0.058527,0.175886,-0.039378,-0.116905,0.104374,0.1899,-0.230694,-0.108887,0.044009,0.178854,0.065575,-0.084842,0.185896,0.228714,-0.305385,0.276464,0.215046,0.026505,-0.069294,-0.097655,-0.243915,0.101491,-0.007632,-0.292229,-0.074373,0.056061,-0.11224,0.261348,0.046905,0.128659,-0.076745,-0.063514,0.13975,0.121406,0.256832,0.04619,-0.068568,0.182464,-0.087999,0.154606,-0.035836,-0.150943,-0.091622,-0.140078,0.187185,-0.110082,-0.092218,-0.163496,-0.359082,0.081331,-0.331599,-0.134702,-0.265875,-0.227082,0.245043,0.035283,0.025027,-0.094437,-0.182796,-0.217396,0.011113,-0.557766,0.397769,-0.201791,-0.066879,0.107285,-0.020695,0.011428,-0.110516,-0.017372,0.152772,0.077574,0.079524,-0.039522,-0.293538,-0.175361,-0.042322,-0.114421,-0.174908,0.334374,0.310986,-0.236085,-0.289179,0.114514,-0.083999,-0.087758,-0.14447,-0.02508,-0.106728,-0.182981,-0.179376,-0.085169,-0.381845,0.105449,0.100772,-0.053023,0.27434,-0.074912,-0.092083,-0.233217,-0.379873,-0.112743,0.034601,0.003125,0.040609,-0.174442,-0.023746,0.125117,-0.08616,-0.17785,-0.091063,-0.189377,-0.141773,-0.133386,-0.104254,-0.251468,0.362431,0.095118,-0.122642,0.174187,-0.240898,0.019554,-0.301203,0.059238,0.052522,0.317455,0.355741,0.06772,-0.05705,0.148032,0.072039,0.137224,-0.088838,0.168397,0.275154,0.03069,0.022887,-0.217529,0.007777,-0.240003,0.127174,-0.213145,-0.143032,0.250481,0.068354,-0.209893,0.178242,0.440401,-0.36323,0.122711,0.222425,-0.094786,0.039137,0.08874,0.007312,0.338248,-0.006564,-0.315938,0.195819,0.184321,0.114115,0.185661,-0.018425,0.014116,0.180279,0.218606,-0.130048,0.064488,-0.133132,#
9,0.248647,0.255394,-0.16292,-0.005616,0.092281,-0.056268,0.070978,0.029867,0.071849,1.0,-0.033317,-0.183348,0.331425,0.06552,0.113912,0.117095,-0.269374,0.068871,0.165447,-0.12865,-0.078297,0.187631,0.169083,0.159103,-0.238567,0.104702,0.17064,-0.119807,0.063436,0.335996,-0.128971,-0.043443,0.078436,0.133402,-0.275053,-0.083206,-0.199356,-0.016763,0.041301,-0.116306,-0.117051,0.016855,-0.003724,0.045236,0.023117,-0.344813,0.202182,0.054232,-0.337559,0.081318,-0.136387,0.0191,0.040837,-0.085724,0.066114,-0.153251,-0.075624,0.106848,-0.108249,-0.084706,0.28632,-0.06672,-0.32993,0.071772,0.034601,0.140431,-0.02303,0.054901,-0.041635,-0.192492,-0.092887,-0.212117,-0.135385,-0.155179,0.050059,0.115958,-0.104912,-0.312196,0.026466,0.034156,-0.244761,-0.059637,-0.100948,0.031547,0.100626,0.017855,-0.263676,-0.194647,-0.110666,-0.040659,-0.044788,-0.160696,-0.255585,-0.02027,0.01174,0.091352,0.083278,0.170452,0.069923,-0.16338,-0.005235,-0.303392,-0.266573,-0.064674,-0.25053,0.000379,-0.368684,-0.023456,-0.21316,-0.258106,0.039822,0.166631,0.059921,-0.3781,-0.331837,-0.046969,-0.017964,-0.13456,0.217786,-0.358108,-0.162936,-0.034786,0.084958,-0.224861,-0.1957,0.315573,-0.149758,-0.135739,-0.030285,-0.069589,-0.111731,-0.170047,-0.195661,0.114822,-0.281973,0.013999,0.064608,-0.08247,0.088125,-0.23891,0.052102,-0.052954,-0.304161,-0.085515,-0.032,-0.174898,0.152186,0.185997,-0.314088,-0.021515,-0.215938,-0.154437,0.029889,0.027211,0.014367,0.035238,0.209027,0.385239,-0.045149,-0.145902,-0.256564,-0.023361,-0.145447,-0.067518,-0.094734,0.167928,-0.271702,-0.122563,-0.002848,0.067646,-0.003632,0.11325,0.085109,-0.075085,0.22829,-0.188859,-0.074239,-0.058242,-0.098594,0.189632,0.019431,0.173175,-0.244225,-0.102394,0.002981,0.046643,0.262737,-0.186033,-0.018067,0.356432,0.005354,0.075299,-0.141114,0.166549,-0.038723,-0.252707,-0.079173,-0.231418,0.085657,0.004106,#
10,-0.173874,-0.1668,-0.076796,0.233077,-0.052097,0.189348,-0.062113,-0.238384,0.021846,-0.033317,1.0,0.086525,-0.415411,-0.253646,0.026508,0.264961,0.142553,-0.121646,0.117296,-0.208863,-0.082137,-0.076816,-0.028309,-0.069785,0.238238,0.057082,-0.220986,0.115304,-0.056405,-0.378593,0.123798,-0.019071,-0.056158,-0.028677,0.275181,0.074054,-0.06089,0.037893,-0.184103,0.117157,-0.070913,-0.115035,-0.048678,0.181791,0.189665,0.126603,-0.267211,-0.177177,0.172431,0.053434,0.009542,0.205776,0.02643,-0.142669,-0.137915,0.155357,0.010644,0.111607,-0.069169,0.002531,-0.171314,0.015488,0.151259,-0.164963,-0.020655,-0.434062,-0.059989,-0.394847,-0.22179,0.230195,-0.149787,0.15381,0.269872,0.179989,0.128809,-0.029468,-0.185594,0.018463,0.090139,-0.186629,-0.0848,0.108034,0.1534,-0.241487,0.008319,-0.06543,0.075537,-0.036724,-0.259518,0.030032,0.000268,0.000792,0.074156,-0.271496,0.052753,0.149534,-0.196043,-0.022351,-0.127571,0.063744,0.140171,0.049249,0.167007,-0.137798,-0.067038,-0.041833,-0.049311,-0.068106,0.214221,0.198738,-0.239705,-0.041757,0.113732,-0.104162,-0.089752,-0.182727,0.189202,0.057407,-0.001628,0.264259,0.183345,0.000723,0.124276,0.06379,-0.116417,-0.180229,-0.109108,0.138408,-0.024085,-0.063604,0.30663,0.0569,-0.035826,0.058651,0.141111,0.304628,-0.093559,0.011438,-0.101094,0.031327,-0.133472,-0.014191,0.161103,-0.05167,-0.118223,0.037104,-0.009023,-0.270201,0.014029,0.317242,0.051154,0.328053,-0.232837,-0.04425,0.058314,-0.136649,-0.414486,-0.123824,-0.106354,0.190012,-0.189466,0.028098,0.171908,-0.28241,-0.277189,-0.080994,-0.012241,0.252308,0.389946,0.008234,-0.058281,0.135242,-0.105024,0.043725,-0.198883,0.065937,-0.054061,0.054952,-0.179037,0.238271,0.064815,0.095456,0.102046,0.186958,-0.162782,-0.254587,-0.247313,-0.0123,0.278802,-0.362006,-0.355368,-0.071729,-0.042977,-0.167536,-0.021182,-0.073457,0.212856,0.025176,-0.199847,-0.246164,#
11,0.062922,-0.289932,-0.014176,-0.099231,0.170374,0.096485,-0.157095,0.019282,-0.176633,-0.183348,0.086525,1.0,-0.202854,-0.144552,-0.130221,0.090292,0.030165,-0.070559,-0.411128,0.008853,-0.168091,0.074462,-0.169891,-0.126993,0.002453,0.01296,-0.106111,-0.184284,-0.02736,-0.081852,-0.023521,0.021884,-0.006263,-0.026934,0.151894,-0.011041,-0.415447,0.050832,-0.145625,0.11397,-0.00892,0.002954,-0.122425,-0.297859,-0.083503,-0.050438,-0.254747,0.042076,-0.133568,0.075362,-0.153737,0.091509,-0.056298,-0.097606,0.085718,-0.036222,-0.080496,-0.023564,0.15221,0.01206,-0.082239,0.060397,0.027953,-0.398501,0.192031,-0.129393,-0.157478,-0.183684,-0.203308,0.244981,0.156183,-0.072016,0.075381,0.177209,-0.261582,-0.131608,-0.17671,0.032053,-0.073775,0.232429,0.221964,0.018495,-0.01172,-0.200841,0.098891,0.082628,0.146814,0.038577,0.07555,-0.058799,0.078217,-0.019715,0.087212,0.01738,0.079621,0.170526,-0.023341,0.137454,-0.058735,0.06314,-0.094969,0.10671,-0.018386,0.085924,-0.103186,-0.005429,0.153466,0.013105,0.129265,0.247837,-0.106819,0.020445,-0.227298,0.135208,-0.03686,-0.161718,-0.021703,0.273834,-0.081844,0.209324,0.10113,-0.169022,0.084993,0.343122,-0.091027,0.134117,-0.008362,-0.211766,0.157498,0.189431,-0.060441,0.204316,-0.020365,-0.208798,-0.022319,-0.131732,0.077083,-0.220459,0.11639,0.064152,0.25822,-0.038502,0.194793,-0.046344,-0.137179,0.096692,0.106517,-0.271127,-0.085707,0.224434,0.059936,-0.038172,-0.009958,0.108168,-0.053448,0.119416,-0.072195,-0.171871,0.025954,0.095963,0.003768,-0.244802,-0.045076,-0.019977,-0.048776,-0.122845,0.129406,0.099013,0.183745,-0.173265,0.162655,0.014363,0.045888,0.204228,-0.040486,-0.067839,-0.298262,-0.159369,-0.105954,0.125938,0.005132,-0.154592,0.072497,0.141314,0.117982,-0.052534,0.05386,0.082604,0.040354,-0.241226,-0.07633,-0.098554,-0.043341,-0.095066,-0.068337,-0.085507,0.097256,0.020895,0.081064,-0.003916,#
12,0.356909,0.383762,-0.055228,-0.193323,0.102712,0.031196,0.340062,0.183815,0.329622,0.331425,-0.415411,-0.202854,1.0,0.38944,0.182854,-0.339569,-0.222643,0.321381,-0.062841,0.224032,0.10209,0.263008,0.401774,-0.038465,-0.252319,-0.185399,0.272479,-0.308953,0.211684,0.271393,-0.286392,0.085061,0.337804,-0.113551,-0.263133,-0.089884,0.132202,-0.010298,0.025783,-0.383387,0.134453,0.426415,0.05414,0.027287,0.01771,-0.433479,0.518436,0.330149,-0.183047,-0.040865,0.075382,-0.117468,0.07255,-0.037578,-0.212758,0.0738,0.186126,-0.13585,0.09214,0.135363,0.30677,0.132581,-0.123671,0.004266,0.155308,0.473654,0.014749,0.414775,0.18288,-0.187301,0.237648,0.048392,-0.203416,-0.098237,-0.272739,0.2725,0.138309,-0.151249,-0.170221,-0.102665,-0.046496,-0.318106,-0.226284,-0.061162,-0.03302,0.131258,-0.11738,0.238613,0.019414,-0.188635,-0.213598,-0.014048,-0.375398,0.352911,-0.168382,0.193942,0.499076,0.040484,0.076659,-0.277999,0.070652,-0.063851,-0.046433,0.121489,-0.092843,-0.046524,-0.235677,-0.179938,-0.419157,-0.156618,0.452551,0.092233,-0.069517,-0.312404,-0.020179,0.038443,-0.278003,-0.168125,0.150297,-0.522348,-0.174256,-0.28475,0.02777,-0.342174,-0.008642,0.399631,-0.245247,0.056627,0.080392,0.167865,-0.338992,-0.14102,-0.240456,-0.109142,-0.237826,-0.059942,-0.036019,-0.173253,0.150362,-0.141396,0.000579,-0.273406,-0.251026,-0.207912,0.022362,-0.132601,-0.12768,0.284392,0.050198,-0.219224,-0.103776,-0.414975,0.291087,-0.137157,-0.054085,0.133454,0.60783,0.41203,0.104041,-0.332829,-0.006705,-0.092713,-0.029869,0.184074,0.192212,0.389362,0.164965,-0.231549,-0.235498,0.046929,-0.083031,-0.056993,-0.048832,-0.067312,0.335409,-0.047634,0.024737,0.070325,0.430054,-0.271983,0.119965,0.006307,-0.315948,-0.363975,0.216558,-0.028179,0.546341,-0.053804,-0.581778,0.393018,0.440109,0.08417,-0.030522,-0.01782,-0.051559,-0.067097,-0.038336,-0.123918,0.253378,0.110061,#
13,0.358585,0.307349,-0.155112,-0.314592,-0.073673,0.095945,0.112995,0.195099,0.133682,0.06552,-0.253646,-0.144552,0.38944,1.0,0.215672,-0.059886,-0.304905,0.19981,0.040443,0.093503,-0.114725,0.435865,0.558643,0.164921,-0.191115,-0.193664,0.445081,0.140328,0.329355,0.385268,-0.294208,0.162642,0.196094,-0.132599,0.009998,0.090005,-0.061153,0.070907,0.173469,-0.188997,0.010017,0.193048,0.227395,0.209154,-0.229178,-0.485868,0.367403,0.096444,-0.181498,0.094589,0.201477,-0.122354,0.024074,-0.058267,-0.101032,-0.041186,0.023746,-0.022881,0.173533,0.143755,0.409,0.119885,-0.163722,0.236628,0.220517,0.348217,-0.06649,0.413411,0.257204,-0.025951,-0.069764,-0.068131,-0.086424,-0.131377,-0.358995,0.18143,0.038559,-0.010609,-0.351667,-0.02741,-0.42453,-0.329484,-0.076853,0.117452,-0.031256,-0.042679,0.043754,-0.054468,-0.012485,-0.298848,-0.198572,-0.212246,-0.302175,0.242465,-0.005489,-0.092097,0.055066,-0.072909,-0.119045,-0.315366,-0.125045,-0.170755,-0.124796,-0.141178,-0.192469,-0.145041,0.005506,-0.391103,-0.287339,-0.005227,0.202696,0.123097,-0.178356,-0.069793,-0.232429,-0.138713,-0.266171,-0.209435,0.015651,-0.191754,-0.135463,-0.303139,-0.092253,-0.26983,-0.03433,0.199961,-0.127117,0.009934,0.034167,-0.046125,-0.338506,0.108845,-0.418704,-0.050355,-0.515059,-0.069102,-0.044755,-0.343117,0.030465,-0.157163,-0.107386,-0.434612,-0.342796,-0.218591,-0.259448,-0.181319,-0.242536,0.110648,-0.06471,-0.275101,-0.072853,-0.410373,0.001867,-0.247383,-0.219283,0.038471,0.416613,0.195543,-0.025096,-0.130002,-0.010611,-0.167542,-0.136031,0.167652,-0.02994,0.112743,0.125956,0.182588,-0.122756,0.037998,-0.059099,-0.004201,-0.174394,-0.280427,0.423987,-0.177238,0.087073,-0.076585,0.492778,-0.381728,0.356004,-0.071551,-0.209462,-0.087496,0.164382,0.127523,0.117069,-0.37179,-0.295418,0.423711,-0.034402,0.015059,0.160229,0.176756,0.051779,0.045235,0.322187,-0.252837,0.133392,-0.017733,#
14,-0.001126,0.32143,-0.086045,-0.182601,0.237988,-0.072816,0.377972,0.0482,0.259877,0.113912,0.026508,-0.130221,0.182854,0.215672,1.0,-0.139652,-0.102346,-0.059177,0.180011,0.031827,-0.040001,0.011532,0.152834,0.191564,-0.157917,-0.014755,0.070662,0.302274,0.419257,0.106853,-0.403573,0.012756,0.166486,-0.130211,-0.021758,0.145172,-0.192442,-0.11458,0.113945,0.155331,-0.213855,0.164773,-0.268701,0.277876,0.165578,-0.075084,0.278164,-0.087727,0.011398,0.316988,0.018467,-0.118882,0.03987,-0.089666,-0.026755,-0.187255,-0.191376,-0.041964,-0.07391,-0.003012,-0.118971,0.322362,-0.217359,0.271327,0.094978,0.081805,0.131483,-0.08703,-0.065184,-0.343071,-0.130723,-0.221528,0.083813,-0.219699,-0.341325,0.126917,0.001233,-0.279527,-0.220445,-0.308925,-0.313874,-0.289274,-0.27974,-0.043309,-0.356114,0.031202,-0.163103,-0.128313,-0.425164,-0.230075,-0.078816,-0.202544,-0.217113,-0.051901,-0.211667,-0.114867,-0.127902,-0.006685,-0.193704,-0.241787,0.270732,-0.243203,-0.236895,-0.211842,-0.254308,-0.112856,-0.372412,-0.15794,-0.237388,-0.021819,-0.093226,0.065364,-0.362124,-0.273815,-0.302035,-0.134611,-0.141705,-0.270703,-0.418407,-0.116323,-0.328122,-0.112114,-0.307267,-0.112601,0.137956,-0.270156,-0.205346,0.009985,-0.338588,-0.155447,-0.201521,-0.274757,-0.386106,0.125685,-0.227744,-0.114887,0.112267,-0.16268,-0.065962,-0.032521,-0.242022,-0.285555,-0.181662,-0.076209,-0.160482,-0.339726,-0.135416,0.141147,-0.22181,-0.11636,-0.193875,-0.223284,-0.133796,-0.111441,-0.258506,0.059614,0.228532,0.271473,-0.251189,0.174824,0.09984,-0.073655,0.044345,-0.079362,-0.236281,0.115222,0.039764,0.156271,0.129019,-0.088292,0.288438,0.081495,-0.036601,-0.370059,0.445974,-0.171076,-0.195415,-0.037844,0.220766,-0.159433,0.219753,0.272438,0.368127,0.078279,0.11329,-0.219958,0.034289,-0.121822,-0.079329,0.154369,-0.033216,0.44868,0.061312,0.103895,-0.195921,-0.120203,-0.010857,-0.14978,-0.211182,0.082601,#
15,-0.127676,-0.21863,-0.251599,-0.123008,-0.135736,-0.039122,-0.096369,0.152166,-0.257391,0.117095,0.264961,0.090292,-0.339569,-0.059886,-0.139652,1.0,-0.08742,-0.252104,0.187684,-0.086693,-0.206307,0.167105,-0.162924,0.055997,0.156777,0.084041,-0.043998,0.071689,0.096213,-0.229767,-0.100204,-0.022355,-0.093059,0.144314,0.219893,0.242413,-0.057668,0.112131,0.007085,0.130056,-0.04506,-0.396448,0.034976,0.006259,-0.121606,0.136598,-0.33735,-0.154838,-0.045931,0.103107,0.055994,0.180165,-0.122098,0.151787,-0.044964,0.189863,0.183996,-0.060564,0.114602,-0.095567,0.023234,-0.018201,0.129505,-0.000754,0.118432,-0.311316,-0.177972,-0.098546,-0.018518,0.065288,-0.012554,-0.141643,0.136277,0.082039,0.219713,-0.046672,-0.075147,0.026336,0.101298,0.167884,-0.179291,-0.047384,0.263672,-0.064407,0.263588,-0.031281,0.149781,-0.208434,0.035407,0.12706,0.257133,-0.124355,0.172629,-0.185913,0.048778,0.179444,-0.09437,-0.022714,-0.291369,-0.116263,-0.024576,0.081201,-0.104481,0.044596,0.186599,-0.001454,0.034885,-0.07186,0.037361,-0.066468,-0.219327,-0.042087,0.188838,0.081177,-0.135422,-0.057117,0.118251,0.232192,-0.027378,0.258446,0.118646,0.222125,0.034726,0.010433,-0.020484,0.010522,0.236714,-0.016966,-0.00817,-0.205683,-0.046067,0.177037,0.04809,0.022946,-0.052078,0.065584,-0.119748,-0.059856,-0.18146,-0.100506,0.001138,0.113631,0.004901,0.25995,-0.115362,0.003854,-0.058267,-0.271507,-0.106322,-0.106566,-0.018525,0.165627,-0.211268,0.097125,0.12497,0.095746,-0.300022,-0.092089,-0.120596,0.135792,0.082005,-0.01506,-0.174006,-0.089144,-0.280248,-0.229634,0.028419,0.077451,-0.029562,0.088477,-0.020815,0.098856,-0.067542,0.128406,-0.156362,-0.077917,-0.010755,-0.073935,-0.252949,0.269658,0.129682,-0.130998,0.173309,0.100025,-0.213573,-0.000221,-0.221731,-0.122521,0.124097,-0.203482,-0.265803,-0.207976,-0.112765,0.013568,0.027905,0.049531,0.077818,0.087809,-0.006707,-0.181113,#
16,0.156057,-0.035563,-0.026139,-0.13531,0.151318,0.226546,-0.224506,-0.021187,-0.192902,-0.269374,0.142553,0.030165,-0.222643,-0.304905,-0.102346,-0.08742,1.0,0.012074,-0.115912,-0.330632,-0.013677,-0.338993,-0.275137,-0.196705,-0.038145,-0.120007,-0.416573,0.049249,-0.233142,-0.20531,0.124236,-0.065494,0.046489,-0.245233,0.107691,0.209574,0.039891,-0.098496,-0.132121,0.090364,-0.0995,-0.243398,-3.9e-05,0.243428,0.149121,0.142465,-0.321415,-0.239359,0.051399,-0.027479,0.060173,-0.117396,0.040918,-0.104402,0.163444,-0.076713,-0.19679,-0.048646,-0.087063,0.059234,-0.237732,-0.013106,0.150209,-0.088861,0.015747,-0.025297,0.10868,-0.021107,-0.003171,-0.010763,-0.234138,0.18751,0.104871,-0.170255,0.024616,0.096259,0.013013,0.079763,-3.8e-05,-0.139822,-0.036321,0.139633,-0.12267,-0.006811,-0.128601,-0.247016,-0.30036,-0.248374,0.135467,-0.149192,-0.192272,-0.1449,0.113624,-0.339931,0.019584,-0.30005,-0.086689,-0.137301,-0.254326,-0.055748,0.197223,-0.207627,-0.045386,-0.086315,0.07758,-0.037149,-0.068537,0.064743,-0.082295,0.173441,-0.067819,-0.063025,-0.017407,-0.051825,-0.131614,0.091331,-0.26849,-0.148788,-0.200902,0.127194,-0.268294,0.006652,-0.368959,0.231369,0.083015,-0.307827,-0.094781,-0.16929,-0.268092,-0.112891,-0.003697,0.115519,0.089629,-0.044171,-0.019891,-0.258104,0.316701,-0.202297,-0.430188,-0.036116,-0.317211,0.143254,-0.056626,-0.076223,0.025254,-0.039084,-0.112179,-0.067795,-0.022884,0.023097,-0.180232,0.258424,-0.163677,0.011545,-0.266344,-0.430891,-0.174073,-0.044589,-0.349573,-0.028422,-0.058936,0.029446,0.085701,-0.189894,-0.14149,0.034448,-0.035727,-0.133556,0.022194,-0.33526,0.2841,-0.058264,-0.140023,0.003299,-0.15157,-0.11001,-0.0599,0.107153,-0.065947,0.140688,-0.085337,0.119609,0.375448,0.120533,0.044572,-0.050255,-0.042109,0.30144,0.320489,0.033054,-0.133645,0.16352,0.166569,0.117839,-0.168124,0.508765,0.010141,-0.131653,-0.42994,0.136654,#
17,0.306714,0.41701,0.011338,-0.01089,0.192839,-0.030214,0.045098,-0.077618,0.150219,0.068871,-0.121646,-0.070559,0.321381,0.19981,-0.059177,-0.252104,0.012074,1.0,0.165142,0.049672,0.202551,0.19908,0.194409,-0.138315,-0.141719,0.020885,0.080051,-0.058773,0.07033,0.228816,-0.154785,0.022823,0.133552,-0.07933,0.097628,-0.131269,0.046729,-0.145269,-0.042685,-0.135284,0.092294,0.1909,0.200348,-0.026413,-0.14618,-0.239734,0.185218,0.167909,0.0663,-0.252397,0.392801,-0.158479,-0.083231,-0.093004,0.065538,-0.209719,-0.210796,-0.11466,-0.001639,-0.033524,0.112153,0.254273,-0.169618,0.005105,-0.003401,0.322925,0.119708,0.271203,0.25453,0.338995,0.008747,0.131477,-0.403932,-0.042663,-0.098608,0.244461,-0.151068,-0.21124,-0.118752,-0.387383,0.035535,-0.1788,-0.171156,-0.023262,-0.076283,0.171342,-0.14364,0.153575,0.136701,-0.001698,0.073087,-0.132779,-0.11939,0.169525,-0.207086,0.067892,0.161895,-0.253773,-0.19598,-0.312362,-0.192207,-0.282953,-0.137354,0.161046,-0.309523,-0.167873,-0.078829,-0.384763,-0.390937,0.031362,0.295987,-0.051055,0.075168,-0.121788,0.090804,-0.008385,-0.315765,-0.220914,0.214411,-0.271189,-0.192301,-0.042485,-0.134132,-0.322769,-0.127726,0.22265,0.053427,0.129172,0.121742,-0.00651,-0.005576,-0.124107,-0.053876,-0.210889,-0.129341,-0.081001,0.138664,-0.1871,0.124266,-0.079746,-0.122791,-0.053142,-0.150103,-0.168626,-0.195065,0.095587,-0.073704,0.29921,-0.056699,-0.191878,-0.154461,-0.162209,0.208441,-0.204682,-0.266702,-0.170379,0.309976,0.303852,-0.253731,-0.24101,-0.195644,0.028552,0.113574,0.127281,-0.224187,0.503113,0.005654,-0.017051,-0.038583,0.078094,-0.18319,0.033043,-0.255091,-0.084686,0.097144,-0.182341,0.073394,0.036497,0.303324,-0.234169,0.003384,0.097712,-0.20104,-0.087367,0.010951,-0.189604,0.268689,0.084282,-0.346942,0.234859,0.037484,0.175498,-0.015873,0.140672,-0.007078,-0.022193,0.017991,-0.151486,0.110769,0.178788,#
18,-0.095487,0.339786,-0.024752,-0.012026,-0.058942,-0.279506,0.144181,-0.157795,0.205049,0.165447,0.117296,-0.411128,-0.062841,0.040443,0.180011,0.187684,-0.115912,0.165142,1.0,-0.239125,0.256188,-0.231411,-0.001029,0.105629,-0.033424,0.024229,0.148125,0.172021,0.148087,0.25016,-0.159754,-0.016467,0.157338,0.097383,0.096105,0.078488,0.155624,-0.088651,-0.105328,0.143283,-0.08454,-0.219028,0.126681,0.024764,0.011822,-0.093578,0.045418,-0.063096,0.199867,-0.096636,0.081356,0.010392,-0.128718,0.097585,0.148972,-0.034072,-0.135299,-0.077631,-0.151976,-0.191987,0.03898,0.104333,-0.081501,0.283979,0.012026,0.056733,-0.001841,0.039077,0.030089,-0.053943,-0.281218,-0.293578,0.072626,-0.139068,0.040754,0.115431,-0.30419,-0.044358,0.060594,-0.243063,-0.268084,-0.156643,-0.099574,0.138816,-0.22818,-0.069753,-0.044052,-0.081801,-0.158027,0.070134,0.064555,-0.227868,-0.220326,-0.216106,-0.313275,-0.16744,-0.090401,-0.262824,-0.16815,-0.100923,-0.136609,-0.06865,-0.211556,-0.25227,-0.225305,0.070576,-0.233748,-0.013488,-0.173594,-0.071479,0.028967,-0.011903,0.000327,-0.165917,-0.094085,-0.168778,0.009234,-0.075949,0.106339,-0.111184,-0.208303,0.200716,-0.254174,-0.221018,-0.043067,-0.147672,-0.079504,0.084647,-0.180032,-0.285412,0.14007,-0.287668,-0.056446,0.227022,-0.13798,-0.017903,-0.101363,-0.091777,-0.036247,-0.062819,-0.235005,0.054742,-0.278031,0.004793,-0.038438,-0.109499,-0.083896,0.260164,-0.108295,-0.129353,-0.225289,-0.070969,0.093545,-0.035859,-0.179589,-0.214455,-0.109981,0.206172,-0.10111,0.123741,-0.099724,0.05232,0.095775,0.023727,-0.234586,0.038998,-0.045306,0.164577,-0.020947,0.042509,-0.023089,-0.101357,-0.002031,-0.115898,0.226491,0.146221,0.029692,0.208388,0.071676,-0.226473,0.040233,0.135477,0.093968,-0.016361,0.120828,-0.008843,-0.066518,-0.011226,-0.075285,0.19563,-0.1642,0.115086,0.223384,0.240363,0.040356,-0.0941,0.167547,-0.123519,-0.238348,-0.244303,#
19,-0.130396,-0.059433,0.03904,0.153146,0.038438,0.101466,0.033171,0.05214,-0.062069,-0.12865,-0.208863,0.008853,0.224032,0.093503,0.031827,-0.086693,-0.330632,0.049672,-0.239125,1.0,0.092848,0.204997,0.080231,-0.168066,0.147317,-0.153321,0.047109,-0.164209,-0.091451,-0.21097,-0.085456,0.140974,0.106638,0.004248,-0.146319,-0.334544,0.03907,0.103687,-0.055735,-0.101306,0.315836,0.419652,-0.033596,-0.166681,-0.017473,0.055513,0.309429,0.433159,0.204366,0.010679,0.226319,0.047454,0.090135,0.040404,-0.104543,0.24979,0.290809,-0.297424,0.225629,0.084642,-0.017933,-0.086712,0.06946,0.082906,-0.002169,0.176475,0.14929,0.16159,0.027645,0.003869,0.402714,0.060248,0.11425,0.236623,0.044326,-0.186905,0.368805,0.112474,0.183675,0.088219,0.33121,0.111466,0.186739,-0.145437,0.210531,0.087168,0.222984,0.376453,0.197946,0.127933,0.169833,0.20582,0.177018,0.267555,0.097381,0.26934,0.289198,0.088009,0.020324,0.153597,0.044622,0.283049,0.076337,0.268634,0.180473,0.265465,0.209768,-0.328461,0.201835,-0.052857,0.303115,-0.240106,0.150535,0.185876,0.213969,0.100712,-0.016281,0.303367,0.076503,-0.019508,0.312231,-0.019092,0.44079,-0.036333,0.214465,0.234438,0.019326,0.018449,0.137632,0.409072,-0.055543,0.283269,0.016304,-0.048658,0.18975,0.10928,-0.006802,0.111522,0.148345,0.13685,0.309545,-0.122856,0.050525,0.096698,0.016321,0.19051,0.007449,-0.163032,0.312134,-0.225694,0.109058,0.038318,0.182805,0.207028,0.171776,0.361781,0.074486,-0.067017,0.383018,-0.065897,-0.048765,-0.136405,-0.078512,0.296663,0.14911,0.005588,0.27815,0.077571,-0.228451,0.226015,-0.383964,-0.007916,0.252754,0.191804,-0.026882,0.165058,0.287389,-0.262757,-0.125778,-0.018705,-0.030954,-0.102383,-0.079119,-0.092796,-0.314117,-0.062539,0.085051,-0.024913,-0.313386,-0.318712,0.239964,-0.194149,-0.165138,-0.33026,0.097283,-0.367816,-0.20182,0.342069,0.204394,0.108722,#
20,-0.071684,0.061678,-0.101973,0.131057,0.026485,-0.219351,-0.043306,0.030456,0.072142,-0.078297,-0.082137,-0.168091,0.10209,-0.114725,-0.040001,-0.206307,-0.013677,0.202551,0.256188,0.092848,1.0,-0.225723,-0.245015,0.012372,0.211872,0.11565,-0.150652,0.007104,-0.006925,0.038883,0.217591,-0.161104,0.082286,0.083577,-0.010839,-0.211722,0.104481,-0.144331,0.030976,-0.044801,0.01518,-0.138992,0.040772,-0.229427,-0.059089,0.198852,0.142463,0.085496,0.082369,-0.038223,0.18673,-0.052436,-0.155375,0.214142,0.057787,0.182917,-0.03745,0.037546,0.045707,-0.022816,0.13429,0.161656,-0.120028,-0.149257,-0.139006,0.072142,-0.126723,0.094302,-0.055483,-0.216988,-0.146057,0.032461,0.03776,0.220482,0.152103,-0.041993,0.100547,0.154051,0.001424,-0.06718,0.03334,0.141718,0.193096,-0.076426,-0.106101,-0.122937,0.10324,0.196214,0.253434,0.236035,-0.066001,0.017016,0.050373,0.082584,-0.160736,0.016115,0.155033,-0.066563,0.1427,0.188812,0.045698,0.027523,-0.154569,-0.067833,-0.013546,0.103347,0.015367,0.134594,0.078379,-0.134693,0.073335,-0.199971,0.083022,0.014648,0.198934,0.256316,0.037165,0.200063,0.26618,0.123947,0.160818,0.294389,0.150759,0.113344,0.257578,0.012596,-0.159927,-0.210064,0.090869,0.124048,0.125015,-0.012344,0.264406,-0.002739,0.106298,0.071412,-0.070485,0.0203,0.142879,0.33083,-0.10315,0.084592,0.176369,-0.014544,0.302482,0.036875,0.207315,0.031005,0.067031,-0.115522,-0.09238,0.155157,0.222158,0.181192,-0.027188,0.163306,0.09303,0.025922,0.206432,-0.060228,-0.124889,-0.03949,0.017412,-0.006581,0.164188,0.216181,0.008271,-0.095787,-0.133873,0.133717,-0.227468,0.193305,0.271704,0.003408,-0.109579,0.084248,0.078147,0.132766,-0.004097,0.022058,-0.094905,0.139191,0.050915,-0.078972,0.094161,0.044811,0.006459,0.315395,-0.052337,-0.020363,0.058954,0.011308,-0.051461,-0.202282,-0.183566,-0.069428,-0.022607,0.104758,0.156483,0.082925,#
