0,1.0,0.191043,0.069006,-0.263201,0.373857,0.011456,0.317279,0.031528,0.482482,0.059938,-0.085891,0.295548,0.448036,0.228177,0.028174,-0.00247,-0.0007,0.091649,0.251196,-0.213518,-0.312704,0.03145,0.249049,-0.11428,-0.151359,-0.247931,-0.147455,-0.101191,0.217114,0.147416,-0.351511,0.021451,-0.082983,-0.202222,-0.253193,0.007363,0.194596,0.109268,0.090264,-0.083223,0.216108,-0.03277,-0.024973,0.072289,-0.110308,-0.181695,0.381217,0.24212,-0.084553,0.189048,0.027631,-0.009177,0.039625,-0.003043,-0.097509,-0.012037,-0.226483,-0.000925,-0.097913,0.123821,0.16913,0.130597,-0.033152,-0.061789,0.198655,0.369357,-0.027623,0.113345,0.274214,-0.04736,0.180656,-0.266171,-0.159431,-0.257332,-0.280054,0.276802,-0.191622,-0.22538,-0.225567,-0.015578,-0.116412,-0.32095,-0.153445,0.084939,-0.159116,-0.099734,-0.239967,-0.163203,0.017486,-0.292297,-0.179617,-0.153648,-0.208308,0.157525,-0.139134,-0.161336,-0.192899,-0.183985,-0.009798,-0.352363,0.1391,-0.382321,-0.148653,-0.175163,-0.167497,-0.071499,-0.107879,-0.107648,-0.273523,-0.047366,0.141805,-0.100136,-0.024313,-0.200684,-0.291414,-0.324625,-0.313344,-0.290279,0.104483,-0.572118,-0.247832,-0.406643,-0.279156,-0.336468,-0.231043,-0.032536,-0.379879,0.035131,-0.041762,-0.323753,-0.138402,-0.124065,-0.071408,0.065593,-0.225362,-0.393501,0.157181,-0.362395,-0.037403,-0.267345,-0.102729,-0.206092,-0.383896,-0.11274,-0.329077,-0.063308,-0.457698,0.30496,-0.341403,-0.309628,-0.285539,-0.347796,-0.080185,-0.138159,-0.290546,-0.18329,0.333474,0.369951,-0.244972,-0.240489,-0.135929,-0.040576,-0.317723,-0.014907,0.053639,0.035481,0.034938,-0.015196,-0.242661,-0.240133,-0.018415,0.254874,-0.107485,-0.253177,0.258921,-0.060799,-0.035766,0.280798,0.3289,-0.448962,0.085738,0.10214,-0.111484,-0.042595,0.376032,-0.019366,0.186139,0.2841,-0.284549,0.458561,-0.071058,-0.062278,0.378652,0.387065,-0.016561,0.12411,0.327734,-0.311018,-0.141648,0.062446,#
1,0.191043,1.0,0.142768,0.096986,0.220356,-0.161242,0.017292,-0.002078,0.170257,0.217015,-0.265273,0.001952,0.124382,0.096082,0.119888,-0.146713,-0.260295,0.296752,0.21357,-0.056586,-0.012473,0.119206,0.19733,0.026014,-0.206536,-0.097252,0.138737,0.061055,0.211753,0.306501,-0.356772,0.173708,0.101019,0.124367,-0.147626,-0.081061,0.304453,-0.054432,0.024821,-0.217386,0.139183,0.160234,0.223014,0.072314,-0.268538,-0.404944,0.299788,0.343259,-0.053315,0.209165,0.098413,-0.113061,0.059192,0.101134,-0.035404,-0.070614,-0.267652,-0.097793,-0.241367,-0.05095,-0.026809,0.00802,-0.129234,0.14406,0.014351,0.092905,0.13119,0.181705,0.112751,0.169721,-0.032989,-0.145102,0.018488,-0.039295,-0.046159,0.111908,-0.13376,-0.150018,-0.137673,-0.250124,-0.141526,-0.246797,-0.312572,0.25236,-0.250849,-0.101768,-0.084828,-0.000421,-0.018175,0.039721,0.051036,0.004254,-0.322002,0.301337,-0.250417,0.101888,0.12013,-0.039402,-0.007456,-0.003559,-0.059148,-0.141457,-0.389058,-0.026242,-0.444022,-0.199477,-0.256997,-0.113523,-0.114865,-0.078949,0.242438,0.201307,-0.033344,-0.233954,0.050585,-0.081586,-0.174994,-0.189622,0.229527,-0.187551,-0.19632,-0.065393,-0.10234,-0.307899,0.089536,0.004606,-0.239134,-0.203663,0.044369,0.023284,-0.1343,-0.088034,-0.131333,0.020067,-0.113093,-0.07958,-0.015209,-0.054571,0.08953,-0.094475,-0.064958,0.189352,-0.051714,-0.21678,-0.153335,-0.247723,-0.070595,0.225115,-0.244421,-0.152862,-0.197179,-0.23954,-0.01058,0.019533,-0.050595,-0.015746,0.117771,0.20479,0.034484,-0.085902,-0.022057,0.014796,-0.102283,0.139212,-0.023419,0.214121,0.062956,-0.063127,-0.1807,0.193659,-0.381156,0.132171,-0.046635,-0.124154,0.174174,0.178925,-0.066895,-0.067457,0.072996,-0.215124,0.030238,-0.018988,-0.211986,-0.140533,0.044001,-0.10761,0.098158,-0.085788,-0.308561,0.204085,0.046571,0.087999,0.054039,0.178363,-0.016436,-0.130941,0.176111,-0.284604,-0.089369,-0.044786,#
2,0.069006,0.142768,1.0,0.303494,0.113391,-0.363279,-0.036581,-0.174832,-0.053056,0.239582,-0.138395,0.037934,0.082218,-0.030835,-0.205876,-0.26592,-0.092285,0.184274,0.042915,-0.126167,-0.038888,-0.053423,0.01741,0.103019,-0.056226,-0.104815,0.217454,-0.476422,-0.115882,0.110335,-0.15448,0.012867,-0.00953,0.037548,-0.258145,-0.014931,-0.0962,0.002805,0.034788,-0.1962,0.069456,0.120207,-0.071143,-0.081618,0.217631,-0.324065,0.124949,0.290749,-0.252704,0.09158,-0.275146,0.036412,-0.061738,0.276126,-0.066981,-0.369773,-0.282588,0.000718,-0.189563,-0.088438,-0.173364,-0.078336,-0.239116,-0.258915,-0.002769,0.014586,-0.178905,-0.088551,-0.10439,-0.004882,0.009181,0.023778,0.006303,0.20548,-0.087206,0.178018,-0.100828,-0.102215,-0.05456,0.006527,-0.044932,0.034679,-0.113258,0.310192,0.01401,-0.192969,0.118005,0.08185,-0.218113,-0.166848,-0.034538,-0.341858,0.101257,-0.016201,-0.241876,0.258794,0.247304,0.229261,0.025391,0.006914,-0.160741,-0.053784,0.006149,0.123996,-0.219254,-0.079275,0.036127,0.043323,0.027535,0.295921,0.281736,0.05737,-0.006729,-0.055656,0.226834,-0.001195,-0.127856,-0.273542,0.09734,-0.09503,-0.251334,0.00358,0.085702,-0.035389,-0.107333,0.09678,-0.192288,-0.039247,0.040893,0.214293,0.249981,-0.053863,-0.079986,0.067917,0.111885,0.00268,0.241679,0.236364,0.132161,-0.152078,0.17014,0.337364,0.085498,-0.321073,-0.081318,0.183272,0.105771,0.037944,-0.287673,0.181364,-0.20145,0.213717,0.361558,-0.132501,-0.029456,-0.037319,0.101397,0.12859,0.157298,-0.089193,0.16267,0.07765,0.32544,0.027211,0.012669,-0.075349,-0.201982,-0.287853,0.120222,0.045369,-0.041537,0.01092,-0.009385,0.043149,-0.059374,0.142827,-0.229427,-0.112205,-0.055219,-0.04114,0.061177,-0.022739,-0.093465,-0.035275,-0.237392,0.172101,-0.060576,-0.119914,-0.021944,0.072884,0.279982,0.064332,-0.11337,0.047918,-0.048333,-0.257917,-0.083611,0.091959,0.237926,-0.293765,#
3,-0.263201,0.096986,0.303494,1.0,-0.005236,-0.235242,-0.358184,-0.240764,-0.318328,-0.027578,0.128584,-0.287545,-0.122782,-0.184609,-0.181138,-0.198983,0.017761,0.012553,0.03245,0.066316,0.131724,-0.138658,-0.139697,-0.022617,0.000343,0.099216,-0.00866,-0.068197,-0.060205,-0.132469,0.250516,0.083068,0.015931,0.030911,-0.199876,-0.306469,-0.156056,-0.040071,0.007689,0.197152,0.076048,-0.096777,0.176272,-0.097873,-0.056728,-0.032059,-0.174338,-0.190549,0.010336,-0.139096,-0.246582,0.233132,-0.006205,0.275784,-0.018432,0.037101,0.046035,-0.054859,0.049796,-0.221907,-0.213741,-0.080601,0.089004,-0.209994,-0.2373,-0.307898,0.116984,-0.131556,-0.346248,0.14278,-0.099167,0.34276,0.216397,0.457069,0.186448,-0.059714,0.144666,0.061182,0.23762,0.242135,-0.052334,0.209389,0.041191,0.176048,0.100953,-0.098275,0.128641,0.260136,0.031612,0.192461,0.04712,0.132851,-0.024497,0.009186,0.120636,0.228219,0.273215,0.282174,0.034593,0.241344,-0.115482,-0.012072,0.349068,0.130491,-0.037525,0.062368,0.156664,0.19534,0.247312,0.193817,0.154543,-0.134534,-0.139253,-0.033699,0.159186,0.20703,0.364626,0.085424,0.010004,0.242222,0.16839,0.012996,0.343835,0.11383,0.152732,0.261236,-0.101081,-0.044189,0.287008,0.248285,0.161514,0.129369,-0.138376,-0.103446,0.213375,0.303188,-0.047746,0.252873,-0.117196,0.262464,0.114976,0.373286,0.334993,-0.21948,0.099577,0.183274,0.192234,-0.252504,0.092408,0.344181,0.029687,0.41082,0.156054,0.043421,0.353782,0.099914,-0.205109,-0.341983,0.362734,-0.026919,-0.102361,0.070614,0.027715,-0.108998,-0.120108,-0.155171,0.164426,-0.239408,0.062629,0.152167,-0.284933,-0.245456,-0.062325,0.153469,-0.191207,0.205009,0.032809,-0.134366,-0.242142,0.460023,-0.342444,0.078712,-0.026893,-0.195584,-0.041367,-0.162157,-0.038563,-0.239686,0.19512,-0.295931,0.286517,-0.116414,-0.181741,-0.159848,-0.095123,-0.261885,-0.250108,0.200514,-0.256309,-0.074952,#
4,0.373857,0.220356,0.113391,-0.005236,1.0,-0.072901,0.290943,-0.112926,0.090698,0.270734,-0.041479,0.135759,0.239225,0.113733,0.085076,-0.137381,0.093791,-0.069208,-0.121993,-0.218161,-0.049654,0.033862,0.262422,-0.094571,-0.303372,-0.009354,-0.0195,-0.139711,0.025944,0.214114,-0.234549,-0.043511,-0.215656,0.013874,-0.341851,0.137401,0.057384,-0.194478,0.191109,-0.038452,0.030168,-0.103131,0.028552,0.129845,-0.132512,-0.048168,0.19731,0.25303,-1.3e-05,0.068781,0.068979,-0.417328,-0.060829,-0.041612,0.222769,-0.309008,-0.407971,0.351082,-0.297156,-0.108758,0.130909,0.181944,-0.207374,0.076176,0.093178,0.332827,-0.043185,0.189535,0.18454,-0.096384,-0.033002,-0.494119,0.198825,-0.556818,-0.283107,0.370263,-0.402273,-0.395815,-0.345702,-0.193195,-0.302362,-0.413573,-0.39662,-0.105913,-0.323445,-0.478012,-0.47057,-0.327973,-0.194583,-0.204073,-0.318909,-0.186745,-0.280281,-0.087725,-0.419656,-0.29792,-0.321268,-0.019795,-0.087765,-0.054459,0.155863,-0.332037,-0.1613,-0.190331,-0.463344,-0.558482,-0.270344,-0.1994,-0.157365,0.058278,0.067637,0.028492,-0.314019,-0.425599,-0.311569,-0.061427,-0.277207,-0.492197,-0.098075,-0.268547,-0.387715,-0.304901,-0.27984,-0.153663,0.030944,-0.111002,-0.554914,-0.169669,-0.279368,-0.066029,-0.24823,-0.154331,-0.515358,-0.029895,-0.20582,-0.468955,0.200475,-0.411635,-0.071925,-0.304327,-0.30485,0.038964,-0.020407,-0.152235,-0.479325,-0.268001,-0.273893,0.422663,-0.433198,-0.171893,-0.395753,-0.236665,-0.19341,-0.253417,-0.267618,-0.250582,0.270257,0.341398,-0.329717,-0.390251,-0.072782,-0.195956,-0.154556,-0.166225,-0.217128,0.306473,-0.199822,0.010304,-0.158383,-0.159561,0.087854,0.009581,-0.299374,-0.404258,0.136699,-0.266767,-0.253563,0.108019,0.174631,-0.280376,0.142121,-0.006542,0.193924,0.248855,0.329394,-0.03168,0.26502,-0.118043,-0.064879,0.357356,-0.170876,0.396677,0.3408,0.369388,0.117315,-0.013775,0.282063,-0.351426,-0.396681,0.201087,#
5,0.011456,-0.161242,-0.363279,-0.235242,-0.072901,1.0,0.236133,0.283812,0.034172,-0.04029,0.043004,0.010521,-0.255552,0.403263,0.178649,0.123892,0.042398,-0.067844,-0.062379,-0.063785,0.126333,0.064852,-0.031995,-0.2968,0.21545,-0.106359,-0.039485,0.225736,-0.005633,-0.042517,0.157827,0.250132,0.074192,-0.170244,-0.205993,-0.00876,-0.109046,0.037409,0.181422,-0.034071,-0.121884,0.024513,0.100077,0.324522,0.003361,0.080421,-0.070878,0.011449,0.153465,0.138456,0.215323,-0.004395,0.213349,-0.198104,-0.075611,0.208313,0.297021,0.122702,0.046364,0.323553,0.306106,0.154677,-0.118843,0.351943,0.01652,0.066206,-0.141967,0.276736,0.080955,-0.111409,0.008014,-0.204232,0.108408,-0.052965,-0.077641,-0.041997,0.286112,0.147078,-0.258845,0.024331,-0.066526,-0.029229,0.126473,-0.181305,0.040057,0.200184,-0.096622,-0.251348,-0.020841,-0.1516,-0.030969,0.06623,-0.01997,-0.099249,0.154213,-0.079896,-0.141014,-0.201909,0.068951,-0.181188,-0.078953,-0.031998,-0.029212,-0.271328,0.210304,-0.014485,-0.063255,-0.259901,-0.129817,-0.487526,-0.075633,0.189395,-0.060997,-0.12546,-0.212179,-0.233239,0.079861,-0.095352,-0.05796,-0.123427,-0.013346,0.199032,-0.058282,-0.173261,-0.198641,0.102844,0.059681,0.181232,-0.135782,-0.244095,-0.032662,-0.059264,-0.014552,0.12254,-0.072792,-0.166313,-0.034726,-0.216624,-0.172841,-0.047151,-0.048813,-0.269235,-0.390515,-0.133916,0.036495,-0.082233,-0.127354,0.106714,0.298416,-0.113344,0.034287,0.054294,-0.110564,0.284589,-0.170998,0.01025,0.181753,0.059797,-0.266904,0.135612,-0.09717,-0.153263,0.018376,0.104011,0.036641,0.096761,0.327277,0.203339,-0.066237,-0.050444,0.178825,0.049528,0.156839,0.129938,0.243888,-0.098698,0.103196,0.068606,0.1746,-0.123889,0.134949,0.10324,0.032873,0.115062,0.030111,-0.264212,0.116742,0.097548,0.028384,0.177011,-0.00268,-0.166042,0.172383,-0.28828,0.094651,0.260825,0.020317,-0.156644,-0.03621,0.220534,#
6,0.317279,0.017292,-0.036581,-0.358184,0.290943,0.236133,1.0,0.202409,0.464722,0.022818,0.163529,0.363487,0.162619,0.049202,0.207294,0.124015,-0.17495,-0.140634,0.015649,-0.047263,-0.047334,0.265945,0.167483,-0.300325,-0.117941,-0.023472,0.022893,-0.285928,0.137443,0.136871,-0.427287,0.026461,-0.026173,-0.123726,-0.05275,0.180395,0.057317,-0.152515,-0.05952,0.141654,0.08101,0.091956,-0.316214,0.084239,-0.027726,0.026548,0.054845,0.30505,0.177424,0.200582,0.193435,-0.153191,0.074314,-0.151196,0.11545,-0.007997,-0.046762,0.168058,0.061079,0.271406,0.153089,0.226707,-0.27142,0.195369,0.187249,0.084881,-0.079058,0.007096,0.251445,-0.316385,0.153795,-0.421753,0.12868,-0.287228,-0.49509,0.264283,-0.17111,-0.252843,-0.386052,-0.25167,-0.282339,-0.29466,-0.135607,-0.425634,-0.346492,-0.043761,-0.207789,-0.094605,-0.378772,-0.174618,-0.226089,-0.33218,-0.12919,-0.086134,-0.418492,-0.098011,-0.173293,-0.423782,-0.13947,-0.251392,0.004969,-0.206454,-0.195485,-0.213826,-0.119674,-0.183304,-0.050666,-0.357257,-0.29983,-0.129198,-0.022134,0.10495,-0.186968,-0.384995,-0.096424,-0.260307,-0.290413,-0.205753,-0.012014,-0.474558,-0.169284,-0.250967,-0.159081,-0.420161,-0.12135,-0.105258,-0.267229,0.021854,-0.283615,-0.303797,-0.266984,-0.22665,-0.251693,-0.04724,-0.209598,-0.16188,0.071649,-0.251854,0.021137,-0.398675,-0.282862,-0.203288,-0.352521,-0.112066,-0.245732,-0.134051,-0.398607,0.52532,-0.134719,-0.420062,-0.111244,-0.311108,-0.390398,-0.139727,-0.299275,-0.222549,0.259006,0.36662,-0.099752,-0.292326,0.091128,-0.11433,-0.093482,-0.120049,-0.004798,0.388244,-0.018462,0.225228,-0.059319,-0.131484,0.047547,0.126004,-0.007289,-0.242079,0.392347,-0.439638,-0.228288,0.363538,0.386992,-0.315204,0.304116,0.42611,0.072062,0.112906,0.403211,-0.128065,0.009989,0.049883,-0.147477,0.422124,-0.044257,0.14885,0.364786,0.102746,-0.05964,0.193086,0.507584,-0.253087,-0.118366,0.107109,#
7,0.031528,-0.002078,-0.174832,-0.240764,-0.112926,0.283812,0.202409,1.0,0.023612,-0.10256,-0.273476,-0.022569,-0.032085,0.200952,0.114732,-0.172753,-0.110383,0.01553,0.033723,0.032928,0.029346,0.405385,-0.127585,-0.056271,-0.041381,0.195217,0.33305,0.133925,-0.341088,-0.048079,0.029243,0.404747,0.122482,-0.001545,-0.04408,0.06074,0.064722,-0.245889,0.129714,-0.132892,-0.034271,0.176737,0.296895,0.014372,-0.183848,0.054564,0.056867,0.109994,-0.217063,-0.081111,-0.011181,0.012381,0.125114,-0.325228,-0.14406,0.088443,0.243211,-0.190168,0.12751,0.238302,0.083589,0.40643,-0.123644,0.260257,0.258723,0.224766,-0.123214,0.112944,0.059123,-0.243175,0.178859,-0.034401,-0.125113,0.002662,-0.121085,-0.1919,0.054946,-0.06139,-0.21372,0.182057,0.145014,-0.060728,0.194217,-0.163373,0.130802,0.347515,0.114548,0.119565,0.075608,0.125923,-0.017113,0.005704,0.01532,0.084164,0.098627,0.096878,-0.128615,0.066751,-0.060746,-0.222966,-0.050262,-0.108776,0.043657,-0.031193,-0.098195,0.005184,0.063574,-0.225425,-0.01573,-0.343387,-0.014927,0.174099,-0.009185,0.028882,0.092498,0.044221,0.008449,0.133565,0.04229,-0.181308,-0.090007,0.036159,0.01049,-0.124859,-0.012201,0.188787,0.113467,-0.245357,0.147158,0.011022,-0.027329,-0.090148,0.158039,-0.010721,0.098739,0.00595,0.022458,-0.036047,0.065508,-0.141224,-0.061786,-0.303161,-0.130299,0.087197,0.119271,-0.162787,-0.056697,0.057385,0.129358,0.09792,-0.043983,-0.029031,0.163274,0.102073,0.321118,0.112362,0.068482,-0.027539,-0.185664,0.195542,0.175745,-0.107514,-0.004848,0.132267,0.276772,0.068281,0.066204,0.081665,-0.162689,0.20845,-0.085038,0.025303,0.043133,0.073508,0.033701,0.035168,-0.000137,0.048731,0.073207,-0.20915,-0.051514,-0.066145,-0.054485,-0.145396,-0.11444,-0.052335,-0.008414,0.182786,-0.06619,0.06106,0.156589,-0.050308,0.051751,-0.180023,0.096226,0.139178,-0.14523,-0.072892,0.078287,-0.113502,#
8,0.482482,0.170257,-0.053056,-0.318328,0.090698,0.034172,0.464722,0.023612,1.0,-0.000165,0.106755,0.231897,0.293224,0.064123,0.329624,-0.044218,-0.265933,0.137918,0.230958,-0.070803,-0.199043,0.153914,0.386792,-0.017548,0.025263,-0.248456,0.071442,0.006835,0.401374,0.16844,-0.285334,0.097948,0.168895,0.000911,-0.137531,-0.037075,0.315841,-0.127033,0.020968,0.04638,0.153146,-0.161181,-0.189061,0.000121,0.03014,-0.133296,0.321502,0.310154,0.173996,0.185946,0.077586,-0.092065,0.002084,0.076944,0.068593,-0.028392,-0.009869,-0.045168,0.107618,0.073225,0.127459,-0.046738,-0.13341,0.101693,0.129718,0.225152,0.076653,-0.027204,0.297165,0.128885,0.102693,-0.26194,0.059059,-0.162753,-0.207021,0.03164,-0.205792,-0.206938,-0.222524,-0.195017,0.013809,-0.319222,-0.123934,-0.144989,-0.100638,0.084319,-0.078802,-0.110418,-0.209857,-0.187278,0.025929,-0.116828,-0.30119,0.358491,-0.22496,0.028587,-0.048974,-0.293811,0.09915,-0.250297,-0.019141,-0.227607,-0.231402,-0.201814,0.041527,-0.028226,-0.195896,0.003929,-0.233742,0.014394,0.132976,0.03698,-0.024804,-0.084621,-0.015287,-0.4522,-0.257095,-0.13522,0.184785,-0.412841,-0.198619,-0.368082,0.065503,-0.553648,-0.139375,-0.036145,-0.093236,0.012652,-0.092216,-0.371616,0.015707,-0.196475,0.064607,-0.053703,-0.045927,-0.041422,-0.07934,-0.210598,0.205098,-0.129123,-0.054712,-0.080843,-0.474816,-0.171911,-0.272365,-0.032012,-0.202055,0.287301,-0.127638,-0.344642,-0.013313,-0.293794,-0.172236,-0.111384,-0.132371,-0.174289,0.26049,0.471689,-0.012267,-0.205066,0.070522,-0.119561,-0.128336,0.066388,0.040035,0.188551,-0.091477,-0.043843,-0.173039,-0.016681,-0.067229,0.313419,0.016318,-0.31551,0.323043,-0.259563,-0.196207,0.295566,0.196533,-0.375449,0.1676,0.271532,-0.108188,-0.079452,0.177004,0.057162,-0.105757,0.134559,-0.371069,0.267998,0.100638,-0.071897,0.28022,0.154635,-0.060537,0.027225,0.383709,-0.27983,0.048548,0.067029,#
9,0.059938,0.217015,0.239582,-0.027578,0.270734,-0.04029,0.022818,-0.10256,-0.000165,1.0,-0.169354,0.002757,0.280551,0.171681,-0.111919,-0.124538,-0.40712,0.393128,0.016397,0.00281,0.134686,-0.015528,0.193982,0.075507,0.108154,0.090271,0.09084,-0.158119,0.050747,0.263211,-0.047629,-0.055303,0.051183,0.184151,-0.30605,0.197399,-0.034921,-0.198216,-0.057067,-0.223546,0.006886,0.308965,0.104967,0.256796,0.278297,-0.304141,0.078838,0.474957,0.020271,0.226601,-0.111565,-0.129461,-0.049538,-0.05184,-0.079559,-0.413527,-0.177632,0.038164,-0.039384,-0.149877,0.172548,0.30446,-0.249099,-0.121212,-0.02119,0.094213,-0.057247,0.267857,0.048849,-0.132124,0.042577,-0.292325,-0.018975,-0.106166,0.103074,0.206901,-0.255945,-0.468555,-0.070171,-0.178444,-0.041786,-0.175592,-0.163044,-0.229703,-0.030894,-0.10417,-0.24509,-0.13733,-0.234174,0.018005,-0.113548,-0.001019,-0.287568,0.152073,-0.232074,0.155129,0.150348,-0.017409,0.236311,-0.186333,-0.175928,-0.254753,-0.092618,-0.061503,-0.33201,-0.212617,-0.164323,-0.250974,-0.112731,-0.12586,0.425727,0.151994,0.026212,-0.335374,-0.198631,-0.12358,-0.142767,-0.222936,0.321645,-0.33603,-0.041998,0.13261,0.044631,-0.0926,-0.112327,0.056773,-0.238939,-0.173021,-0.214991,0.179248,-0.002918,-0.017406,-0.016536,0.506733,-0.144789,0.056128,0.110588,-0.08978,0.264984,-0.314433,0.029414,0.020172,-0.07074,0.029346,-0.028659,-0.020866,0.072171,0.156117,-0.374812,0.174409,-0.456201,-0.03442,0.265625,0.078458,-0.085121,0.254364,0.347878,0.337594,-0.179418,0.102425,-0.117705,0.009712,-0.114247,0.285964,-0.129155,0.356196,-0.30802,-0.089043,-0.012587,-0.000422,0.012709,0.084137,0.025051,-0.289314,0.299112,0.065881,-0.010597,-0.076767,0.114846,-0.073056,-0.001738,-0.03828,-0.345137,0.289188,-0.202922,-0.0923,0.129951,-0.151198,-0.309913,0.270029,-0.050738,0.007083,-0.145305,-0.025553,-0.026908,-0.270469,0.016412,-0.082395,0.205681,-0.10986,#
10,-0.085891,-0.265273,-0.138395,0.128584,-0.041479,0.043004,0.163529,-0.273476,0.106755,-0.169354,1.0,-0.080665,-0.221748,-0.177451,0.30708,0.219654,0.108556,-0.390829,-0.003671,0.086955,-0.079806,0.026716,-0.082744,0.093469,-0.031967,0.192222,-0.165495,0.150211,0.109168,-0.277761,0.063695,-0.053293,-0.110666,-0.108237,0.161701,-0.207635,-0.182333,0.140662,0.09973,0.396167,-0.181879,-0.215589,-0.362275,6.6e-05,0.267685,0.20038,-0.221749,-0.259287,0.309352,-0.059905,0.058442,0.1977,0.003168,0.182682,0.156636,0.350687,0.047592,-0.027181,0.042549,0.110646,0.107338,-0.064048,0.156704,-0.044221,0.050519,-0.150816,-0.028329,-0.291661,-0.351647,-0.006367,-0.085167,0.126341,0.308486,0.161582,-0.124409,0.069738,-0.037359,0.145549,0.104333,-0.097076,-0.212713,0.173228,0.179389,-0.168041,-0.160092,-0.050031,0.181664,0.124917,-0.23908,-0.196198,0.136836,-0.197932,0.247894,-0.263562,0.114362,0.096606,-0.026806,-0.047082,-0.220299,0.054208,0.054531,0.145784,0.011552,-0.000699,0.177971,0.09001,-0.092582,0.042618,0.007216,0.207482,-0.208252,-0.146821,-0.102798,0.057461,-0.183804,-0.11955,0.163133,0.028087,-0.208394,0.143906,0.295922,-0.087992,0.214861,0.141984,0.14807,-0.132973,0.09316,0.271168,-0.081329,-0.09765,0.171298,-0.186397,-0.173857,-0.241013,0.122777,0.266569,-0.047101,-0.146092,-0.119227,0.12421,-0.089753,0.138388,-0.08454,-0.08279,-0.011269,0.079483,-0.115961,-0.19899,0.307465,-0.124697,0.209792,0.239614,-0.274559,-0.107052,-0.150856,-0.032063,-0.206915,-0.039318,0.157627,-0.008017,-0.092903,-0.11018,0.122226,-0.351801,-0.154849,-0.029553,0.143323,0.166603,0.232904,-0.33815,0.116362,-0.267206,-0.126881,0.151732,0.060219,-0.225434,-0.134774,0.02392,-0.120141,0.111485,-0.010235,0.368682,0.18207,0.353771,-0.09257,0.090461,-0.100634,-0.233785,0.327226,-0.132581,-0.126943,0.259344,0.029843,-0.172006,-0.042788,-0.029181,0.100249,0.105262,-0.166054,0.036764,#
11,0.295548,0.001952,0.037934,-0.287545,0.135759,0.010521,0.363487,-0.022569,0.231897,0.002757,-0.080665,1.0,0.064801,-0.213011,0.079229,0.230264,0.090066,-0.089737,-0.183355,-0.321991,-0.080369,0.016916,-0.060375,-0.012715,0.019216,-0.023448,-0.07491,-0.317542,0.230521,0.217688,-0.380953,-0.023333,-0.128037,-0.091929,-0.021935,0.175118,-0.302345,-0.000766,-0.079565,-0.021856,0.016587,-0.015934,-0.312002,-0.183244,-0.049572,-0.014995,-0.01036,0.057413,-0.129449,0.094845,-0.215597,-0.223341,-0.139969,0.044606,0.108172,-0.078143,-0.263262,-0.101563,-0.116679,0.26719,-0.143483,0.094178,-0.139535,0.016341,0.213974,-0.219995,-0.148975,-0.026539,0.062672,-0.234986,0.091031,-0.303353,0.041537,-0.279065,-0.493363,0.05037,-0.198196,-0.002663,-0.35943,-0.236836,-0.199159,-0.35504,-0.192706,-0.062416,-0.239297,-0.013413,-0.192529,-0.328401,-0.160027,-0.251169,0.026224,-0.256113,-0.082144,-0.253049,-0.33448,-0.041522,-0.100789,-0.35672,-0.283519,-0.065683,0.138979,-0.310791,-0.138307,-0.260168,-0.201675,-0.189572,0.045971,-0.098173,-0.304631,-0.038662,-0.24841,0.089183,-0.326452,-0.090604,-0.151717,-0.36049,-0.228416,-0.099278,-0.421061,-0.085086,-0.249518,-0.228409,-0.39029,-0.059721,-0.097556,-0.212746,-0.068165,-0.134472,-0.252524,-0.116094,-0.214284,-0.195947,-0.125873,0.041048,-0.345362,-0.108385,-0.07044,-0.446578,0.011704,-0.258148,-0.059698,-0.077781,-0.224517,-0.198757,-0.298943,-0.260322,-0.191627,0.122223,-0.33033,-0.176609,-0.120102,-0.348047,-0.089374,-0.194051,-0.277707,-0.368976,0.137853,0.149422,-0.133154,-0.084196,0.049166,-0.079487,-0.044204,-0.21923,-0.192118,0.145659,0.03018,0.139171,0.093727,-0.428975,0.293608,0.12519,-0.137401,-0.081638,0.345812,-0.35271,-0.371789,0.200596,0.082311,-0.283424,0.471348,0.009877,0.32858,0.240961,0.380335,-0.093503,0.19411,0.21158,0.016729,0.275156,-0.017591,0.346667,0.188172,0.057864,-0.241288,0.317984,0.208774,-0.217194,-0.007088,-0.037341,#
12,0.448036,0.124382,0.082218,-0.122782,0.239225,-0.255552,0.162619,-0.032085,0.293224,0.280551,-0.221748,0.064801,1.0,0.220846,0.071607,-0.093736,-0.146598,0.251533,0.163963,0.06479,-0.237763,0.128172,0.383037,-0.106513,-0.256616,-0.129351,0.114704,-0.209166,0.344431,-0.013731,-0.340323,0.029784,0.001853,-0.009068,-0.055919,0.036911,0.273037,-0.164216,-0.037915,-0.1869,0.183747,0.288148,0.002704,-0.079352,0.081542,-0.207851,0.479223,0.308009,-0.060513,0.158539,-0.015234,-0.132172,0.152459,0.047674,-0.013886,-0.178588,-0.110629,0.105203,0.059046,-0.110973,0.143895,0.086883,-0.188515,-0.039,0.100485,0.283564,0.17916,0.092282,0.242421,-0.138264,0.229445,-0.226043,-0.113525,-0.177026,-0.146803,0.247686,-0.140553,-0.462363,-0.113818,-0.215252,-0.005187,-0.266781,-0.325322,-0.213345,0.038886,-0.007952,-0.249091,-0.063946,-0.104061,0.026513,-0.157021,-0.141988,-0.256526,0.178149,-0.153057,-0.062361,0.095993,-0.155791,0.135781,-0.520021,0.232505,-0.277551,-0.319129,-0.280821,-0.256427,0.019182,-0.172701,-0.046204,-0.338405,0.043224,0.344319,-0.195413,0.017058,-0.192471,-0.122921,-0.241673,-0.508234,-0.068959,0.278112,-0.525367,-0.079365,-0.371214,-0.043726,-0.313323,-0.022856,0.094281,-0.515547,-0.090268,-0.187378,-0.107881,-0.034413,-0.042012,0.042305,0.129078,-0.166783,-0.14836,0.066821,0.027289,0.115147,-0.349881,-0.252388,-0.167786,-0.177961,0.103423,-0.279382,-0.019785,-0.283306,0.336844,-0.421716,-0.053598,-0.154454,-0.36245,0.05839,-0.030302,-0.001558,0.063968,0.355708,0.378561,-0.215046,-0.270498,-0.240056,-0.183681,-0.389608,0.059921,0.12331,0.024301,-0.186495,-0.10742,-0.208471,0.065128,0.060595,0.226819,0.107005,-0.258862,0.32273,0.082171,-0.036003,0.311959,0.209123,-0.426164,0.077484,0.06709,-0.149421,-0.164108,0.166816,-0.036598,0.284872,0.06605,-0.36117,0.366113,-0.001778,-0.063954,0.154452,0.250069,-0.041132,0.002804,0.295164,-0.314758,-0.072198,0.046069,#
13,0.228177,0.096082,-0.030835,-0.184609,0.113733,0.403263,0.049202,0.200952,0.064123,0.171681,-0.177451,-0.213011,0.220846,1.0,0.041283,-0.060522,-0.162412,0.267413,0.309709,-0.053876,-0.014682,0.050693,0.324999,-0.215841,-0.121224,-0.322253,0.240573,0.202301,0.205386,0.056142,0.02816,0.182222,0.141985,-0.236594,-0.138286,0.091933,0.027413,0.027158,-0.024887,-0.37422,0.137672,0.29848,0.298269,0.415415,-0.059515,-0.419971,0.330958,0.343923,-0.011284,0.009252,0.037659,0.071064,0.044777,-0.221448,-0.29564,-0.253924,0.11753,-0.062832,0.018404,-0.055301,0.263942,0.24822,-0.180648,0.19311,0.141347,0.496415,0.162491,0.368028,0.214666,0.007282,0.011951,-0.298963,0.020044,-0.211164,-0.090966,0.240766,0.002449,-0.24556,-0.147781,-0.078474,-0.196916,-0.288681,-0.052118,-0.002187,0.077792,0.026785,0.032887,-0.100267,-0.038242,-0.098526,-0.04744,-0.160432,-0.209937,0.161786,0.075063,-0.097577,-0.024127,-0.094276,0.038821,-0.356518,-0.028536,-0.044408,-0.103802,-0.13633,-0.115639,-0.002247,-0.136147,-0.423729,-0.056759,-0.144791,0.271287,0.230222,0.060661,-0.038552,-0.093093,-0.094369,-0.285474,-0.125994,0.289702,-0.323531,-0.103223,-0.01025,-0.15959,-0.16567,0.051787,0.152217,-0.256437,0.063568,-0.120215,-0.134552,-0.086289,0.120124,-0.157114,0.28519,-0.215939,-0.267354,-0.105563,-0.158217,0.157666,-0.139186,-0.17884,-0.294526,-0.191419,-0.236953,-0.082749,0.10862,-0.133529,0.156172,-0.035092,0.069697,-0.112684,-0.145646,-0.049042,-0.042326,0.0254,0.132843,0.38541,0.411744,-0.266415,-0.001831,-0.109547,-0.193405,-0.004627,0.270356,0.008366,0.068317,0.105026,0.089955,-0.225374,0.211797,-0.059663,0.261278,-0.08172,-0.142768,0.290289,0.123138,-0.051588,0.038736,0.390526,-0.357114,0.115248,-0.15723,-0.257565,0.000511,0.080109,-0.062869,0.220253,-0.019568,-0.177411,0.254967,-0.046941,-0.177013,0.194721,0.151735,0.116873,0.064734,0.240246,-0.261071,0.058653,-0.085385,#
14,0.028174,0.119888,-0.205876,-0.181138,0.085076,0.178649,0.207294,0.114732,0.329624,-0.111919,0.30708,0.079229,0.071607,0.041283,1.0,0.028901,-0.102963,-0.251485,-0.071446,-0.030994,-0.189506,0.374878,0.148453,0.153938,-0.08412,0.114089,-0.032147,0.23521,0.203189,-0.103335,-0.211307,0.28107,0.180733,0.065407,-0.187897,-0.082002,0.023835,0.090228,0.368263,0.084296,-0.196699,0.179988,-0.156533,0.049266,-0.117043,0.251198,0.22215,-0.165032,0.044005,0.178912,-0.025567,0.116608,-0.114107,-0.187217,0.055978,0.184446,-0.169162,0.244842,-0.282084,0.286326,0.201757,0.114907,-0.074884,0.365623,0.230161,0.15028,-0.10583,-0.053575,0.051814,-0.04879,0.176428,-0.106972,0.32701,-0.147324,-0.325864,-0.12247,-0.04095,-0.000757,-0.119025,-0.221421,-0.140625,-0.115502,-0.120184,-0.177254,-0.302488,0.028145,-0.048248,-0.196138,-0.32567,-0.15851,-0.068175,-0.086639,-0.060896,0.060097,-0.021257,0.020369,-0.134247,-0.036872,-0.112375,-0.165337,0.060661,0.079163,-0.20647,-0.173607,-0.032442,0.015529,-0.222798,-0.039337,0.035032,-0.14812,-0.201858,-0.126729,-0.235654,-0.012621,-0.234813,-0.140089,-0.238094,-0.088278,-0.207796,-0.129547,-0.071215,-0.299293,0.014893,-0.104994,0.199466,-0.069319,0.005938,0.032059,-0.298754,-0.205987,0.049645,-0.296788,-0.20495,-0.254009,-0.161965,0.013621,-0.065771,-0.198995,0.22438,-0.003364,-0.081412,-0.249881,-0.262634,-0.12611,-0.300039,-0.178586,-0.112984,-0.100293,0.014368,-0.259484,0.073618,0.00573,-0.099293,-0.036446,-0.112626,-0.045323,0.10524,0.170271,-0.141367,-0.101993,-0.054772,-0.113076,-0.032882,-0.251185,-0.139695,0.165301,-0.032267,0.164936,-0.045607,-0.113165,-0.012212,0.125872,-0.096754,-0.085617,0.228742,-0.070097,-0.118337,0.048759,0.0202,-0.200076,0.123465,0.354749,0.205098,0.100572,0.011967,0.006859,0.068148,0.148179,0.083444,0.006165,-0.180519,0.302785,-0.011649,-0.031058,-0.04016,-0.223896,0.142844,-0.190842,0.070185,0.079835,#
15,-0.00247,-0.146713,-0.26592,-0.198983,-0.137381,0.123892,0.124015,-0.172753,-0.044218,-0.124538,0.219654,0.230264,-0.093736,-0.060522,0.028901,1.0,0.149437,-0.305493,0.199819,0.04106,0.105687,0.091117,-0.180603,-0.087377,-0.126142,0.022986,-0.252592,0.121092,0.098834,-0.157508,-0.323613,0.07116,-0.145866,0.011444,0.282402,-0.017864,-0.191901,0.259086,-0.258368,0.112432,-0.030541,-0.200303,-0.104161,-0.078429,0.193898,0.208026,-0.101691,-0.264119,0.187265,0.114617,0.123925,0.065627,-0.157594,0.083836,-0.118,0.120678,0.105959,-0.026295,0.138954,0.17411,0.1679,-0.093873,0.135279,0.316027,0.117818,-0.071087,-0.158774,-0.019194,0.155151,-0.168479,0.021844,0.016064,-0.010057,-0.186838,0.002033,0.009086,-0.193012,0.105742,-0.02575,-0.158442,-0.157817,-0.098822,-0.102059,-0.191586,-0.146053,-0.07825,-0.200593,-0.297406,0.019383,0.007791,0.138085,-0.152029,0.216921,-0.448621,-0.075353,-0.07685,-0.122382,-0.483691,-0.438924,-0.051061,0.216917,0.069121,-0.252754,-0.03462,0.050797,0.036494,-0.24044,-0.124979,-0.048876,-0.100414,-0.320126,-0.186469,-0.055994,0.059628,-0.309933,-0.03244,-0.030729,0.059685,-0.371451,0.165698,0.05431,0.010823,-0.081245,0.190454,0.018527,-0.113479,0.111407,0.209114,-0.108149,-0.177958,-0.236613,-0.003863,-0.070112,-0.062605,-0.116079,-0.069412,-0.259912,-0.387996,-0.238432,-0.127596,-0.077255,-0.134795,-0.166884,0.098559,-0.305586,0.235253,-0.289283,-0.011857,-0.188483,-0.330467,-0.000271,0.127891,-0.204029,-0.070906,-0.373135,-0.177757,-0.261302,-0.017563,-0.168775,-0.069108,-0.416061,-0.176575,-0.0608,-0.317588,-0.19033,0.244776,-0.004969,0.151401,-0.11008,-0.148768,0.036145,0.263415,-0.180814,-0.020957,0.035233,-0.321632,0.076781,0.134312,-0.25328,0.031733,0.26404,0.2591,0.408032,0.33609,0.161667,-0.128383,0.152782,0.04989,0.397321,-0.003067,-0.364096,0.222796,0.212943,0.103464,-0.205058,0.26512,0.352898,0.171462,-0.216296,-0.02273,#
16,-0.0007,-0.260295,-0.092285,0.017761,0.093791,0.042398,-0.17495,-0.110383,-0.265933,-0.40712,0.108556,0.090066,-0.146598,-0.162412,-0.102963,0.149437,1.0,-0.351981,-0.230948,-0.204192,-0.306058,-0.096954,-0.253772,0.134311,-0.112505,-0.149266,-0.317184,0.060428,-0.17375,-0.318191,0.147351,0.055446,-0.104267,-0.238909,0.102581,-0.187483,-0.202761,0.200898,-0.004108,0.148221,-0.134745,-0.204531,-0.023807,-0.094673,0.024708,0.277094,-0.161885,-0.333346,-0.090196,0.049472,0.172288,0.017517,-0.056217,0.06674,0.140212,0.155389,-0.063918,0.171165,-0.141815,0.096381,-0.064686,-0.229711,0.137015,0.090724,0.14159,-0.107438,0.102944,-0.124696,-0.145109,0.014394,-0.194991,0.196718,0.149493,-0.142901,-0.181202,0.137529,0.0301,0.157542,0.118535,0.129129,-0.022996,0.115303,0.181478,0.214064,0.010816,-0.156746,0.036614,-0.117671,0.065678,-0.263842,0.152787,-0.045692,0.326039,-0.384431,0.140365,-0.22596,-0.056242,0.118634,-0.166629,0.042399,0.322234,-0.016857,0.079398,0.057384,0.08723,-0.153247,0.322063,-0.043687,-0.067253,0.238354,-0.363909,-0.165846,-0.001823,0.140901,-0.099233,0.101947,0.23893,-0.130653,-0.309624,0.430979,-0.081083,0.162221,-0.338486,0.20782,0.119403,-0.246143,-0.087115,0.109847,-0.078623,0.111758,-0.077729,0.140401,-0.007251,-0.226588,0.128257,-0.157331,0.125665,-0.234563,-0.552214,0.046499,-0.030609,0.219225,0.076955,0.173989,-0.086441,-0.066083,-0.125816,-0.132035,-0.015375,-0.03498,0.23452,0.254505,-0.194727,-0.049653,-0.204774,-0.251407,-0.349023,-0.205088,-0.076431,-0.206576,0.017623,-0.031218,0.019006,-0.285717,0.067702,-0.108187,0.172069,0.086595,0.132802,-0.051978,0.434839,-0.090586,-0.095298,0.251754,-0.392717,-0.092197,-0.051507,-0.140529,-0.243708,0.251347,-0.043644,-0.202868,0.593656,0.083379,0.036106,0.032398,-0.003228,0.078303,0.295318,-0.270038,-0.053913,0.127168,0.11524,0.217649,0.109117,0.151027,-0.074068,0.188788,-0.256468,0.138839,#
17,0.091649,0.296752,0.184274,0.012553,-0.069208,-0.067844,-0.140634,0.01553,0.137918,0.393128,-0.390829,-0.089737,0.251533,0.267413,-0.251485,-0.305493,-0.351981,1.0,0.109327,0.194476,0.135019,0.052432,0.406264,0.134259,0.211146,-0.154132,0.294462,-0.028489,0.033595,0.175975,0.149676,-0.051588,0.221869,0.315791,-0.211254,-0.003125,0.325631,-0.246173,0.132914,-0.260327,0.095827,0.292696,0.473534,-0.021193,0.057424,-0.412096,0.288257,0.468361,-0.043848,-0.117943,0.192985,-0.028018,-0.223879,0.006772,-0.136116,-0.212727,0.04138,-0.088638,0.031872,-0.218813,-0.035112,0.001471,-0.217933,-0.194651,-0.137601,0.165967,0.223154,0.256937,0.255896,0.256015,-0.001019,-0.116433,-0.251378,0.16962,0.250073,-0.02845,0.015595,-0.220941,0.061774,-0.011241,0.10201,-0.036313,-0.03552,0.118642,0.297074,0.146997,-0.157407,0.136141,0.168119,0.002849,0.181663,0.053381,-0.152769,0.533946,0.107242,0.073181,0.201204,0.240363,0.220995,-0.191689,-0.207492,-0.257728,-0.108097,0.162476,-0.037955,0.109949,-0.077086,-0.055526,-0.116766,-0.052468,0.462898,0.194966,0.400363,0.02191,0.222828,-0.009695,-0.190167,-0.102946,0.513133,-0.333147,-0.108069,0.019865,0.097612,-0.331765,-0.185657,0.251221,0.001249,-0.221227,-0.0254,-0.032286,0.205405,0.139246,0.349385,0.185909,0.056428,-0.039347,-0.01548,0.293369,0.402828,-0.143693,0.060161,0.111285,0.012295,-0.193536,0.014991,0.003342,0.122832,0.170971,-0.249562,0.286354,-0.200816,-0.110112,0.193337,0.256955,0.103389,0.198639,0.391528,0.115839,-0.146493,0.182801,0.243206,0.191747,0.028729,0.703,0.080329,0.105871,0.039749,-0.120848,-0.329387,0.173124,-0.203143,0.205242,0.1433,-0.099602,-0.033444,0.173095,0.170792,0.055336,0.195647,-0.164819,-0.181175,-0.20696,-0.604879,-0.161487,-0.136915,0.086415,-0.003824,0.145488,-0.491659,0.229532,0.07817,-0.28872,-0.140895,-0.082785,0.045657,-0.143473,-0.092429,-0.202157,0.309841,-0.266199,#
18,0.251196,0.21357,0.042915,0.03245,-0.121993,-0.062379,0.015649,0.033723,0.230958,0.016397,-0.003671,-0.183355,0.163963,0.309709,-0.071446,0.199819,-0.230948,0.109327,1.0,-0.034822,0.023,0.142739,-0.083544,-0.037867,-0.318731,-0.154886,-0.010072,0.194437,0.171839,-0.137997,-0.160752,0.156642,0.095116,-0.068859,0.019412,-0.056987,0.22025,0.350097,-0.235779,-0.133524,0.347897,-0.164433,-0.019644,-0.026651,-0.168366,-0.250507,0.128384,-0.071497,0.024332,0.028602,-0.151542,0.362241,0.108865,0.078793,-0.194588,-0.238221,-0.114696,-0.140686,0.046426,-0.298278,0.135261,0.050658,0.098689,0.027954,0.007622,0.06454,0.171431,-0.090593,0.14636,0.05855,-0.204208,0.068497,-0.089182,0.169507,0.178493,-0.106598,0.041419,-0.174711,0.17285,-0.083187,0.008094,0.047269,0.047804,-0.055441,0.084146,0.098046,0.110476,0.143493,-0.050619,0.306591,0.354514,0.040665,-0.07933,0.163627,0.088904,0.171032,0.172618,-0.021345,0.085618,-0.178598,-0.059912,0.036043,-0.113925,0.055004,-0.037838,0.200928,-0.278172,-0.102523,0.055021,-0.058241,0.073922,-0.021358,0.186759,0.120618,0.121719,-0.068844,0.093156,0.202106,0.270513,-0.147074,0.198335,-0.016561,0.29394,0.020408,-0.047976,0.183736,0.008331,0.132111,0.247414,0.070368,0.160466,0.15045,0.09185,-0.060024,0.1235,0.179448,-0.14806,0.02494,-0.028766,0.005262,0.04855,-0.004327,-0.216944,-0.061379,0.154111,0.353864,0.146532,0.077726,-0.17861,-0.021471,0.086108,0.080339,0.225308,-0.018157,0.136679,0.013956,0.086116,0.174144,0.140431,-0.029541,-0.186539,0.059534,-0.039257,0.059282,0.343231,0.070896,0.097543,-0.067624,-0.02447,0.347587,-0.463099,0.406237,0.131295,0.088537,0.023738,0.148751,0.080809,0.013146,0.000288,-0.060308,-0.055058,0.022941,-0.211479,-0.081422,0.03191,0.021093,0.104164,-0.046334,-0.035751,-0.091214,0.04576,-0.174195,0.066224,0.081234,0.007602,-0.057556,0.179417,-0.127435,0.093372,-0.12162,#
19,-0.213518,-0.056586,-0.126167,0.066316,-0.218161,-0.063785,-0.047263,0.032928,-0.070803,0.00281,0.086955,-0.321991,0.06479,-0.053876,-0.030994,0.04106,-0.204192,0.194476,-0.034822,1.0,0.085313,0.263005,0.093507,-0.010132,-0.016027,0.054792,0.292054,0.090808,-0.195149,-0.069131,0.133196,0.036765,0.312346,0.174078,0.329202,-0.215124,0.034054,0.090582,-0.062057,0.077621,0.178179,0.207234,-0.068164,-0.171083,0.017056,-0.009535,0.024872,0.086059,0.217744,-0.19437,0.213295,-0.072713,-0.200056,-0.073259,-0.2566,0.230338,0.078718,-0.034581,0.134805,-0.102445,-0.008915,-0.153273,0.157335,-0.062086,0.089118,0.023417,0.155171,0.22731,-0.029074,0.176543,0.019364,0.067611,0.038242,0.127057,0.356326,-0.138133,0.2651,0.076058,0.196873,0.141051,0.099842,0.246716,0.08116,-0.280029,0.336291,0.210752,-0.045196,0.331776,0.130946,0.183264,0.048829,-0.026079,-0.200469,0.201166,0.231691,0.229186,0.34216,0.123605,0.154168,-0.020571,-0.019809,-0.027749,-0.058606,0.206287,0.193651,0.209002,0.039981,0.239938,0.019306,0.02833,0.406569,-0.216981,0.154085,-0.102106,0.126623,0.254644,0.157966,0.008986,0.162463,-0.066308,0.104781,0.007047,0.199574,-0.046965,-0.017575,0.229311,0.067996,0.100893,0.153497,0.046376,0.042054,0.140303,0.119325,0.029373,0.233163,0.128253,-0.164475,0.337904,-0.085152,0.261746,0.256499,0.0065,-0.00894,0.106181,-0.017035,0.036239,0.083694,-0.102748,0.170449,0.066003,0.094158,-0.039493,0.21378,0.361883,0.198755,0.495229,0.101199,-0.281713,0.277983,0.258757,-0.001885,0.053098,-0.036309,0.39222,0.055285,-0.050078,0.121335,0.125565,-0.252127,0.325251,-0.160497,-0.246993,0.26577,-0.026368,-0.079548,0.27071,0.251127,0.000816,0.016794,0.189014,-0.13774,0.011993,-0.337927,-0.182626,-0.147496,0.146003,-0.129284,0.047912,-0.244723,0.076306,0.010031,-0.166337,-0.135394,-0.322213,-0.066586,-0.089643,-0.095077,0.154778,0.007765,-0.007157,#
20,-0.312704,-0.012473,-0.038888,0.131724,-0.049654,0.126333,-0.047334,0.029346,-0.199043,0.134686,-0.079806,-0.080369,-0.237763,-0.014682,-0.189506,0.105687,-0.306058,0.135019,0.023,0.085313,1.0,-0.217912,0.024331,-0.178391,0.095,0.135977,0.058022,-0.017389,-0.107163,0.180664,0.030342,-0.125289,-0.060473,0.238418,-0.066363,-0.014816,-0.098607,-0.186614,0.015646,-0.067374,-0.033465,-0.205799,0.257479,0.064801,0.102333,0.091356,-0.1573,0.011277,0.083798,-0.310895,0.011387,-0.085972,-0.193242,0.066801,-0.17967,0.103974,0.21903,-0.048319,0.113185,0.018015,0.192274,0.000951,-0.061564,-0.057204,-0.348226,-0.007773,-0.346181,0.288638,0.041484,-0.03891,0.045558,0.037,-0.145164,0.181591,0.239132,0.063047,0.101777,0.153292,-0.058599,-0.06274,0.14563,-0.03009,0.13149,-0.16933,0.076524,-0.064281,-0.054663,0.153817,0.17928,0.234171,0.132182,0.124893,0.073736,-0.074472,-0.263589,0.066017,0.061439,-0.063586,-0.062302,0.311978,-0.114564,0.116249,0.075212,-0.014208,-0.119522,-0.064032,-0.153986,0.05953,0.194713,-0.379859,0.067269,0.018094,-0.078083,-0.084182,0.153564,0.155432,0.152119,0.230925,-0.130233,0.076015,0.162398,0.187472,0.254039,0.068808,0.039522,0.002507,0.137131,0.055917,0.085667,0.158941,0.115901,-0.018832,-0.031248,-0.112981,0.11354,0.250608,-0.18729,0.153893,0.095961,0.105081,0.010082,-0.064179,-0.007714,-0.118845,0.173936,0.086142,0.255649,0.150075,0.029104,0.01374,-0.241739,0.079661,0.186016,0.077735,0.026727,0.062193,0.05304,-0.071118,0.044233,-0.007816,-0.126817,-0.11408,0.131394,0.011931,-0.266454,0.164774,-0.03399,-0.115256,-0.027961,0.167628,-0.187543,-0.06826,-0.097721,0.143031,0.05548,-0.132025,0.084691,0.108281,-0.142276,-0.045292,0.068941,-0.187182,-0.06045,0.193004,0.135693,-0.264824,0.046977,-0.100049,0.09863,0.015902,-0.032925,0.123693,-0.116966,-0.329758,-0.011691,0.039455,-0.025236,-0.058996,0.086055,0.120093,#
