0,1.0,0.130972,-0.25864,-0.093378,0.237954,0.215458,0.107705,0.021944,-0.305986,0.116766,0.099139,0.086327,0.306809,0.230239,0.044072,0.13538,-0.070794,-0.3336,0.124407,-0.183775,0.209437,0.187348,0.140527,-0.217881,-0.027771,-0.305304,-0.174966,-0.205997,0.339671,0.056449,0.111857,-0.137252,0.154116,-0.279582,-0.024048,0.156837,0.141708,-0.120439,0.005958,-0.135357,0.077337,0.249523,-0.199946,0.067981,-0.149001,0.049035,-0.040499,0.021848,-0.080893,0.002438,0.095013,-0.200191,0.125016,0.024637,0.277788,0.042961,-0.147474,0.034967,-0.186777,0.159629,0.401792,0.207784,-0.077033,0.088443,-0.085083,0.071945,-0.191135,0.326514,-0.027867,-0.334282,0.001275,-0.033701,-0.273857,-0.134924,-0.467488,0.323838,-0.182152,-0.117081,-0.405142,0.011747,-0.103983,-0.407217,0.011686,-0.032598,-0.080262,-0.218755,-0.087101,0.000323,-0.174357,-0.312868,-0.163047,-0.337974,-0.089983,-0.19641,0.010634,-0.192552,-0.335196,-0.157599,-0.152472,0.094507,0.218498,-0.056512,-0.22683,-0.24437,-0.132658,-0.284407,0.005436,0.015937,-0.248019,-0.026784,0.102519,0.219883,-0.287202,-0.193373,0.005241,0.12348,-0.263235,-0.251415,-0.110178,-0.021579,-0.268658,0.00746,0.08223,-0.306859,-0.159812,-0.082125,-0.144981,-0.029542,-0.186227,0.081595,-0.244218,-0.363986,-0.199009,-0.020283,-0.425105,-0.126914,-0.090889,-0.159033,0.285493,-0.337818,-0.206412,0.019588,-0.048124,0.088704,-0.054024,-0.097499,-0.10646,0.101596,-0.272138,-0.361038,-0.016299,-0.210869,-0.235437,-0.274757,0.194606,-0.113393,0.167666,0.069922,-0.297075,-0.229384,-0.027592,-0.358095,-0.063157,-0.188884,-0.102177,-0.074902,-0.157968,-0.05565,-0.149991,-0.36969,0.0563,0.194999,-0.150868,0.086969,0.036972,-0.185959,-0.091107,0.05427,0.121083,0.021674,0.047178,-0.182254,0.040402,0.374569,0.26901,-0.044871,0.206348,-0.167384,0.001531,0.207146,-0.07605,0.199702,0.315415,-0.050041,-0.192927,0.154957,0.126331,-0.335971,-0.071772,0.142551,#
1,0.130972,1.0,0.141275,-0.226812,-0.057421,0.096807,0.304913,0.144656,0.062167,0.320275,-0.188813,-0.098199,0.22716,0.300038,0.383565,0.001839,-0.04749,0.259198,0.294243,0.068057,-0.043781,0.196151,0.34701,-0.012051,-0.01236,-0.214649,-0.060193,-0.073381,-0.124835,0.055133,-0.184157,0.151366,0.335521,-0.069857,-0.229163,0.217819,0.213895,-0.182115,0.019834,0.024467,0.058524,0.338549,-0.032437,0.137075,0.40847,-0.280217,0.147113,-0.132659,0.24097,0.237231,0.087648,-0.155432,0.087268,-0.271051,-0.071546,-0.130357,-0.056807,-0.501039,-0.234367,-0.2321,0.251879,0.13711,-0.298572,-0.089512,0.161963,0.180131,-0.045276,-0.066935,0.184814,-0.108112,0.106683,0.042196,-0.043165,-0.31657,-0.176639,0.128495,-0.232199,-0.387204,0.044742,0.059984,0.15782,-0.250211,-0.148823,-0.037205,-0.189083,-0.092644,-0.138306,-0.114669,-0.033325,-0.235302,-0.068575,-0.085663,-0.255523,-0.060689,-0.134558,-0.032931,0.024639,0.082075,0.269436,-0.06843,-0.064419,0.07367,-0.044276,-0.231942,-0.251567,-0.13213,-0.237993,-0.175741,-0.376786,-0.206844,0.221302,0.369593,-0.156032,0.055199,0.005033,0.001328,-0.102177,-0.312953,0.215822,-0.365243,-0.188047,-0.32746,-0.440355,-0.224287,-0.365412,-0.199024,0.282746,0.209485,-0.242361,0.047259,-0.049331,-0.032873,-0.221982,-0.170282,-0.178348,-0.255819,0.085723,-0.074807,-0.007316,-0.222971,-0.14322,-0.19195,-0.289148,-0.221127,-0.12799,-0.026182,-0.232459,0.312344,-0.044483,-0.127046,-0.251156,-0.268057,0.106606,-0.18188,-0.050703,-0.194625,0.284231,0.121365,-0.190585,-0.104078,0.018778,0.094898,0.005816,0.212606,0.048989,0.300329,0.098011,0.033392,-0.27058,-0.269288,-0.078116,0.072236,-0.115062,-0.046632,0.238588,-0.065483,0.015511,0.121383,0.399442,-0.488393,0.21275,0.045174,-0.310749,0.100437,0.106889,-0.150714,0.31543,-0.163552,-0.304982,0.267446,0.030051,0.130028,0.114724,0.350124,-0.16224,-0.009906,0.097725,-0.03739,0.326674,0.069421,#
2,-0.25864,0.141275,1.0,0.261104,-0.324393,-0.107588,0.129209,-0.064703,0.21282,-0.084251,-0.040486,-0.195906,-0.192978,-0.085276,-0.130734,-0.097554,-0.228714,0.4024,-0.162641,0.114469,-0.081668,0.282825,0.00705,0.062736,0.270321,0.053305,0.400106,0.035857,-0.130288,-0.136863,0.100198,0.078272,-0.165727,0.102372,0.025479,0.060356,0.150963,0.026053,0.093374,-0.113295,0.173419,0.078471,0.142903,0.054025,0.128395,-0.207311,-0.086447,0.239537,0.142839,-0.117845,-0.156908,0.022452,0.199917,-0.002353,-0.312116,-0.191106,-0.064529,-0.250161,0.023941,0.088117,-0.194378,-0.110211,0.055912,-0.186511,0.034136,-0.159534,0.180921,0.064119,-0.025312,0.415969,0.217042,0.187287,-0.039628,0.087392,0.223885,-0.174864,0.090894,-0.213747,0.09321,-0.119121,0.226639,0.077566,0.000378,0.196488,-0.036851,0.139797,0.001855,0.060746,0.127457,0.112542,0.098509,0.072359,0.090242,0.112607,-0.040208,0.035714,0.364972,0.172467,0.156439,0.108289,-0.091266,0.142198,0.201347,0.185634,0.115023,0.198599,0.040221,0.124663,-0.285216,-0.004343,0.304995,0.040112,0.209108,0.134888,0.45389,-0.069268,-0.021435,-0.163077,0.066636,0.00096,0.160255,0.126254,-0.095043,-0.040358,0.187959,0.097292,0.129714,0.166654,-0.009173,0.215044,0.44185,0.047285,0.205231,0.043804,0.174321,0.186658,-0.161726,0.323703,0.179817,0.106835,0.008957,0.040405,0.081375,-0.14757,-0.037897,0.107932,-0.12948,0.145231,0.390733,0.325161,0.064113,-0.093969,0.328198,0.068534,0.09605,0.158834,-0.087478,0.074292,0.231048,0.189184,0.531164,0.163735,0.019047,0.225828,0.068517,-0.293474,-0.033876,0.016407,0.10175,0.244767,-0.185996,-0.126665,-0.200077,0.14122,-0.177657,0.228475,0.118274,0.084603,-0.009917,-0.205652,0.065961,-0.002132,-0.263558,-0.071403,-0.227336,0.187712,-0.050976,0.140585,-0.11241,-0.027079,0.171187,-0.202903,-0.156889,0.286838,-0.226415,0.085767,-0.16879,0.165154,0.202799,-0.008683,#
3,-0.093378,-0.226812,0.261104,1.0,-0.068351,-0.3091,-0.346939,-0.423005,-0.12644,-0.326577,0.11527,-0.134,-0.365366,-0.405145,-0.234016,-0.181186,0.086637,0.086626,-0.130845,0.096006,0.080033,0.077695,-0.322709,0.082447,0.10066,0.339314,0.160269,0.257206,-0.082471,-0.343632,0.286303,0.164043,-0.105078,0.002328,0.243011,-0.181579,-0.180909,0.014915,-0.147117,0.063741,0.040153,-0.230655,0.051464,0.161792,-0.044512,0.387721,-0.170387,0.087755,0.057399,-0.190939,-0.033881,0.317578,0.069054,0.075619,-0.222394,-0.10913,0.293561,0.211068,0.218888,0.173899,-0.348551,-0.168061,0.186305,-0.200886,-0.009441,-0.362371,0.103485,0.088354,-0.106612,0.039385,-0.097054,0.023268,0.141056,0.192242,0.036851,-0.139893,0.267731,0.170296,0.036943,-0.099218,0.184178,0.528102,0.305312,0.014561,0.368421,0.144654,0.356099,0.125323,0.137722,-0.010219,0.0626,0.197914,0.371344,-0.157468,0.316352,0.179088,0.411166,0.053245,-0.108686,0.30981,0.025198,0.33261,0.539626,0.230349,0.279421,0.179855,0.226355,0.086471,0.091894,0.147702,-0.150632,-0.199728,0.270335,0.19379,0.277304,0.049048,0.11453,0.104099,-0.123893,0.376082,0.186737,0.430605,0.428357,0.187707,0.271255,0.248706,-0.136479,-0.217454,0.391065,0.329306,0.114246,0.125555,0.361047,0.077257,0.394552,0.28865,-0.08528,0.200123,0.010902,0.513309,0.133009,0.013487,0.269328,0.213676,0.35122,0.183375,0.099581,-0.258965,0.356305,0.202659,0.164899,0.11725,0.15001,0.449821,0.104728,0.300991,-0.333443,-0.251601,0.241623,0.265444,-0.000978,0.119531,-0.025864,-0.060916,-0.187917,-0.350885,0.278323,0.184186,0.28639,0.188179,-0.125756,-0.069634,0.261086,0.315381,-0.414089,0.409773,0.070937,-0.01946,-0.541117,0.329004,-0.412352,-0.048089,0.157727,-0.085297,-0.257207,0.088167,-0.157093,0.044666,0.473194,-0.344646,0.192515,-0.248937,-0.084104,-0.192517,-0.072614,0.036922,-0.200014,0.17551,0.111087,-0.332958,#
4,0.237954,-0.057421,-0.324393,-0.068351,1.0,-0.012219,-0.141046,0.156019,-0.193176,-0.080348,0.123722,-0.02811,0.151301,-0.007314,-0.064825,-0.088888,-0.00897,-0.171855,0.08289,-0.147722,-0.214114,-0.225989,0.112786,0.006925,0.099843,-0.027802,-0.307812,-0.016175,-0.056356,0.058206,-0.124139,-0.288434,-0.109934,-0.16179,-0.153469,-0.015355,-0.122093,-0.140101,0.120033,0.197181,0.035169,-0.340237,-0.20398,0.011816,-0.131772,0.228399,-0.162271,0.085888,-0.052552,0.146038,0.138998,-0.131927,-0.016509,0.085226,0.28042,0.063468,-0.025982,0.232492,0.071661,-0.134009,-0.012065,-0.030379,-0.208996,0.088727,-0.087985,0.28774,0.362038,-0.136051,0.155866,-0.166385,-0.129078,-0.135503,-0.114191,0.202211,-0.104313,0.209902,-0.136183,-0.236011,-0.273778,-0.098106,-0.317557,-0.146771,0.062868,0.121245,-0.045898,-0.177455,0.184421,0.051786,-0.105646,-0.265527,0.061104,-0.144393,0.107804,-0.257794,-0.04331,-0.067986,-0.012039,-0.102084,0.001496,0.208023,0.134566,-0.104858,-0.03943,-0.192466,-0.080511,0.078687,0.033898,-0.039466,-0.095515,-0.104697,-0.046579,0.021363,0.080966,-0.136793,-0.22598,0.077608,-0.090521,0.203124,-0.074442,0.096511,-0.309128,-0.001707,0.334182,-0.026243,0.071344,0.058235,0.099409,-0.005835,0.030547,0.067626,-0.203372,-0.145177,-0.072145,-0.242833,-0.215009,0.120623,-0.077767,-0.186866,-0.137313,0.018634,-0.047503,-0.19349,-0.168918,0.090508,-0.069007,-0.248777,-0.246172,0.044706,-0.071878,-0.271291,-0.11097,0.021844,-0.418701,-0.059524,-0.085768,-0.151799,0.010271,0.077272,-0.072714,0.050554,-0.295143,-0.237339,-0.270286,0.028382,0.188982,-0.026109,-0.089639,-0.031678,-0.272013,0.028323,-0.016913,-0.029542,0.0733,-0.052759,0.089381,0.028455,0.072802,0.267494,0.102372,0.048035,-0.08571,-0.038287,0.184726,0.09435,0.14631,-0.049452,-0.001995,-0.338589,0.051868,-0.122044,-0.263036,0.00011,0.262552,-0.110017,0.002515,-0.04366,-0.016638,0.001096,-0.223214,0.020829,#
5,0.215458,0.096807,-0.107588,-0.3091,-0.012219,1.0,0.434867,0.151291,0.01606,0.033691,0.123239,0.269938,0.112292,0.211871,0.13807,0.116662,0.230343,0.004835,0.074129,-0.0542,0.018035,0.184993,0.304484,0.018887,-0.201741,-0.199395,0.18793,-0.088857,0.072414,-0.007553,-0.145817,0.019393,-0.019869,-0.046761,-0.081036,0.055693,0.113269,0.015771,-0.103059,-0.031292,-0.054614,0.327451,0.048414,0.046198,0.229915,-0.232016,0.045259,0.051827,-0.002437,0.069649,-0.011046,-0.098336,0.01231,-0.019547,0.141318,0.304116,-0.216189,-0.070334,-0.056087,-0.165616,0.34535,-0.120912,-0.221341,0.213302,-0.068516,0.388129,-0.147778,0.217341,0.119097,-0.106421,-0.092723,0.313623,-0.116463,-0.049261,-0.22404,0.214186,-0.391086,-0.189424,-0.257394,-0.056588,0.059997,-0.421293,-0.259168,-0.075478,-0.222995,-0.150332,-0.040944,-0.240978,-0.23876,-0.44903,-0.250415,-0.327209,-0.365905,-0.07527,-0.164135,-0.317345,-0.300672,-0.344398,-0.083338,-0.188956,-0.015405,-0.123697,-0.220289,-0.342285,-0.172459,-0.344777,-0.117355,-0.068769,-0.183253,-0.153898,0.067811,0.098284,-0.457928,-0.225441,-0.06445,-0.204838,-0.472219,-0.065086,0.287791,-0.28937,-0.210201,-0.347209,-0.016155,-0.440304,-0.13692,-0.139245,-0.150169,0.102212,-0.166861,-0.035023,-0.188053,-0.15301,-0.245486,0.021308,-0.385071,-0.062874,0.162515,-0.278346,0.058769,-0.561205,-0.233025,0.040222,-0.286507,-0.075342,-0.143821,-0.183321,0.055628,0.184319,-0.312676,0.035339,-0.132727,-0.056146,-0.079167,0.053837,-0.069679,-0.383802,0.022819,0.27565,-0.362044,-0.187322,0.091768,-0.176185,-0.068821,0.086456,-0.030168,0.293524,-0.076172,-0.040466,-0.050967,0.004024,0.199819,-0.281631,-0.236352,-0.158317,0.204181,-0.407255,-0.060216,0.10289,0.275259,-0.236567,0.231302,-0.009092,-0.08455,0.258735,0.488633,0.018494,0.081264,0.108136,-0.225129,0.055897,-0.046923,0.019784,0.209735,-0.090939,-0.24243,0.045554,0.286329,-0.180941,-0.201712,0.031325,#
6,0.107705,0.304913,0.129209,-0.346939,-0.141046,0.434867,1.0,0.38448,0.326923,0.366665,0.090662,0.093279,0.269914,0.113389,0.080009,0.163644,0.037906,0.013267,0.22893,-0.254425,-0.244463,0.303117,0.231772,-0.011171,-0.000633,-0.025928,0.251427,-0.009004,0.307481,0.125105,-0.469641,-0.136873,0.025945,-0.119325,0.107692,0.297371,-0.139869,-0.029481,0.161279,-0.136425,-0.06678,0.221185,0.026349,-0.224311,0.084035,-0.271967,0.001527,-0.229451,0.034786,0.297045,-0.089589,-0.086636,-0.099473,-0.040926,0.172333,0.093497,-0.098142,-0.329492,-0.251763,0.073543,0.302849,0.089941,-0.07867,0.260663,0.058443,0.256582,0.028847,0.110763,0.269283,-0.158398,0.219315,0.04202,-0.355434,-0.330263,-0.062067,0.311272,-0.175886,-0.264362,-0.069591,-0.06594,-0.220055,-0.359954,-0.459486,-0.180691,-0.233157,0.044007,-0.174702,-0.112823,-0.080966,-0.301162,-0.232959,-0.283083,-0.340891,-0.069485,-0.015328,-0.245596,-0.031106,-0.164243,0.021508,-0.464588,-0.024096,-0.053192,-0.160123,-0.229552,-0.317767,-0.176094,-0.368689,-0.117209,-0.375955,-0.097636,-0.221679,0.184714,-0.326087,-0.364379,-0.134925,-0.2409,-0.050342,-0.08075,-0.026498,-0.140048,-0.086119,-0.225245,-0.195857,-0.481905,-0.225584,-0.256215,0.142541,0.370987,-0.250918,-0.237424,-0.243212,-0.433874,-0.570406,0.114813,-0.181012,-0.07692,0.021301,-0.212091,-0.16249,-0.413283,0.028391,0.029079,-0.299205,-0.199153,-0.221286,-0.247427,-0.177108,0.514626,-0.216971,-0.091352,-0.104099,-0.139699,0.09755,-0.249931,-0.085319,-0.435303,0.038429,0.233603,-0.220492,-0.149585,-0.087188,0.001073,-0.087074,0.055929,0.011052,0.153808,-0.015144,0.097335,-0.225317,0.174229,0.359391,-0.065326,-0.218107,-0.116788,0.520917,-0.327759,0.20326,0.060417,0.357136,-0.510472,0.493026,0.246956,0.073139,0.117793,0.406821,-0.1776,0.015549,0.149373,-0.24073,0.314988,-0.148179,0.174813,0.104819,0.208746,-0.277486,0.135428,0.159832,-0.182263,-0.188387,0.159394,#
7,0.021944,0.144656,-0.064703,-0.423005,0.156019,0.151291,0.38448,1.0,0.01825,0.299035,-0.144585,-0.059746,0.55719,0.424013,0.160304,0.230545,-0.177216,0.099659,0.175726,0.059657,0.034138,0.171309,0.008202,0.214469,0.103422,0.064521,-0.059489,-0.24337,0.19078,0.207964,-0.168124,-0.153962,0.276805,0.195844,-0.309067,0.132446,0.005044,0.100652,0.177674,-0.232441,-0.086971,0.159163,0.057366,-0.050433,-0.312688,-0.454638,0.180444,-0.251063,-0.026415,-0.098064,-0.17477,-0.022147,0.046456,-0.051219,0.240601,0.163294,-0.291591,-0.201668,-0.215185,0.033254,0.356214,0.062331,-0.195505,0.203114,-0.127343,0.374107,0.168591,0.134349,0.095053,-0.01803,0.303694,0.057881,-0.393331,-0.132922,0.067738,0.081688,0.057345,0.017332,0.191992,0.040528,-0.068692,-0.198437,-0.1461,0.050674,-0.226615,0.016567,-0.052523,0.171459,0.119306,-0.037439,-0.054759,-0.105471,-0.134579,0.244963,-0.151326,0.090806,0.044531,0.150382,0.147044,-0.424968,0.087859,-0.032704,-0.154101,-0.214145,0.02699,0.108805,-0.253334,-0.086728,-0.095258,-0.362417,-0.068462,0.146648,-0.165484,-0.174966,0.087028,0.085341,0.021487,0.025087,0.031869,-0.130174,-0.142022,-0.47512,-0.122093,-0.094559,-0.155292,-0.050575,0.150881,0.057709,-0.209065,-0.057278,-0.110449,0.083711,-0.211928,0.0469,-0.268395,-0.060587,0.232315,-0.281212,-0.119813,-0.149548,0.158774,-0.007845,-0.08763,-0.032192,-0.192344,-0.150646,0.005478,0.204752,-0.103253,-0.279183,-0.117105,0.033338,-0.133154,-0.152879,-0.106093,-0.285073,0.287955,0.027777,-0.044345,-0.087475,-0.024782,0.178945,-0.265717,0.060986,0.218694,0.037369,0.208427,-0.052022,-0.144622,0.288516,0.082831,-0.104241,-0.140435,-0.040605,0.413369,-0.205106,0.274404,-0.211698,0.27966,-0.218829,0.3451,0.282113,-0.022961,-0.14732,0.225255,0.124725,0.143522,-0.09343,-0.252663,0.363317,-0.095424,-0.133206,0.140702,-0.007783,-0.192071,-0.135698,0.087865,0.034462,-0.033687,-0.003512,#
8,-0.305986,0.062167,0.21282,-0.12644,-0.193176,0.01606,0.326923,0.01825,1.0,0.158936,-0.122649,0.049912,-0.002515,0.075506,0.10288,-0.132458,-0.040047,0.308223,-0.006417,-0.1723,-0.316496,0.148532,0.198936,0.055676,0.159561,0.225558,0.26335,0.301759,0.050799,0.201626,-0.17555,-0.1935,-0.041346,-0.033715,0.281642,0.229685,0.044933,-0.216716,0.174226,-0.100586,0.117275,-0.063018,0.058043,0.097638,0.269704,-0.124908,-0.101895,-0.055503,0.021004,0.222409,0.010988,-0.092061,-0.131244,0.075723,-0.109768,0.344991,-0.032946,-0.256725,-0.102108,0.169822,-0.129778,0.00103,0.062952,0.111788,0.045332,-0.035173,0.102591,-0.002891,0.008217,0.118488,0.23564,0.094648,0.082413,-0.14319,0.108512,0.06001,-0.133154,-0.157069,0.039255,-0.284727,-0.037519,-0.062116,-0.385666,-0.104945,-0.137068,0.158984,-0.116587,-0.098969,-0.146927,-0.04963,0.116042,0.100328,-0.347773,0.212051,-0.109383,-0.022435,-0.027119,-0.004104,-0.335794,-0.304755,0.015028,0.219036,-0.006668,0.117138,-0.141929,-0.249313,-0.04324,-0.036505,-0.054737,0.037758,-0.022573,-0.045007,-0.074204,-0.358195,0.027435,-0.113352,0.210898,-0.120305,0.092285,-0.100279,0.081156,-0.161318,-0.131517,-0.060767,0.0151,-0.204101,0.159887,0.120186,-0.271825,-0.299886,0.039014,-0.0068,-0.296375,0.049171,0.07884,-0.010612,0.065126,0.044613,-0.191146,-0.217061,0.001596,0.012753,-0.049725,-0.222517,-0.384213,-0.346315,-0.128232,0.234778,0.033902,0.033886,0.000521,-0.045197,0.122629,-0.250891,0.08436,-0.176059,0.134481,0.198665,-0.203386,0.088897,-0.065657,0.169119,0.11889,-0.077589,-0.034313,0.043532,-0.131873,0.003714,-0.159224,0.172268,0.012599,0.085854,0.038157,0.07339,0.238613,0.08657,-0.137423,0.136948,0.296075,-0.385076,0.336935,0.122946,-0.129238,-0.00173,0.002233,-0.022219,-0.092638,0.178468,-0.219501,0.002665,-0.189219,0.022956,0.043908,0.236089,-0.174362,0.373586,0.160905,-0.056084,-0.112427,0.096516,#
9,0.116766,0.320275,-0.084251,-0.326577,-0.080348,0.033691,0.366665,0.299035,0.158936,1.0,-0.315662,0.156394,0.398959,0.558126,0.441381,0.310391,-0.24199,0.196765,0.23176,0.051033,-0.13102,0.278654,0.304515,0.039242,0.145223,-0.140467,0.055167,0.059017,0.239937,0.447965,-0.094996,0.126974,0.259508,-0.264188,-0.121221,0.187096,0.022196,-0.141568,0.160043,-0.34204,0.039563,0.197601,-0.037053,-0.131182,-0.030121,-0.439541,0.257242,0.091873,-0.142236,0.352268,-0.055355,-0.076157,0.079757,-0.126201,0.244323,0.005366,-0.151573,-0.377069,-0.222733,0.004888,0.401848,0.104479,-0.325317,0.046964,0.050463,0.184382,-0.060831,0.246247,-0.146882,-0.062473,0.100535,0.085815,-0.056333,-0.165635,-0.073081,0.17416,-0.083254,-0.282388,0.000315,0.080679,-0.092482,-0.413824,-0.394198,0.03102,-0.230828,0.050668,-0.309965,-0.072498,0.150769,-0.244113,0.013295,-0.165724,-0.199126,0.340522,0.109551,0.030356,-0.245703,0.026433,0.066547,-0.320854,-0.169043,0.029038,-0.291032,-0.153827,-0.105729,-0.119263,-0.542545,-0.105003,-0.256704,-0.270254,0.10917,0.245492,-0.19406,-0.213472,-0.251468,-0.220641,-0.172375,-0.078008,0.395998,-0.383071,-0.035831,-0.346093,-0.151858,-0.254788,-0.406988,-0.074553,0.190662,0.134667,-0.214938,-0.340325,-0.084639,0.129244,-0.431865,-0.052542,-0.311833,-0.382911,-0.083486,-0.259633,0.16445,-0.327315,0.001621,-0.158691,-0.334601,-0.399376,-0.35236,0.065923,-0.131113,0.169599,-0.348634,-0.274136,-0.286841,-0.224067,0.007407,-0.436152,-0.013472,-0.195262,0.315625,0.36481,-0.273185,-0.105381,-0.000647,-0.111489,-0.139945,0.254526,0.344207,0.40339,-0.14902,0.014087,-0.452481,0.058427,0.018322,0.224129,-0.155202,-0.068234,0.273755,-0.349781,-0.174976,-0.016542,0.547877,-0.394308,0.468439,-0.003795,-0.352682,-0.205666,0.270454,-0.086866,0.343554,0.113576,-0.381862,0.149175,-0.039943,0.071697,0.155128,0.465062,-0.128022,-0.046334,-0.060476,-0.038528,0.256347,0.306076,#
10,0.099139,-0.188813,-0.040486,0.11527,0.123722,0.123239,0.090662,-0.144585,-0.122649,-0.315662,1.0,-0.195742,-0.138221,-0.410248,-0.107879,-0.091203,0.022703,-0.339017,0.037387,-0.266389,-0.022294,-0.082627,-0.090021,0.202863,0.055507,0.081383,-0.196009,-0.021347,0.062417,-0.322593,0.256169,-0.020338,-0.385801,-0.30327,0.259414,-0.168499,0.136538,0.134225,0.038972,0.236785,-0.050495,-0.225575,-0.081472,-0.043417,0.164672,0.249067,-0.421621,0.034016,0.062333,-0.049515,0.023381,0.116832,0.014413,0.206862,0.10193,-0.005902,-0.19413,0.272584,0.018013,-0.061771,-0.198686,-0.083285,-0.017916,0.079696,0.146919,-0.084884,0.152486,-0.172269,0.303228,0.017856,0.106967,-0.097932,-0.05879,0.035883,-0.1353,0.063359,-0.126735,0.057626,-0.130072,-0.216073,0.036965,0.19613,0.009753,0.073948,0.028461,-0.015583,0.354445,0.030715,-0.044834,-0.070503,-0.141098,-0.046988,0.125452,-0.21823,-0.070613,-0.085253,-0.20862,-0.319258,0.081705,0.009677,0.042441,-0.181021,0.086335,-0.236947,0.054773,-0.098825,-0.067795,0.222598,-0.000421,0.337844,-0.180381,-0.006413,-0.198937,-0.126877,-0.004633,-0.022601,-0.083197,-0.105354,-0.208273,0.284435,-0.272869,0.180117,0.133548,-0.154179,-0.057033,0.050893,-0.001822,0.197876,0.023693,0.000864,-0.062747,-0.193909,-0.044269,0.068518,0.017483,0.222285,-0.253254,0.071652,-0.151629,0.104189,-0.053991,0.352931,-0.093228,0.068084,0.295628,-0.039863,-0.179212,0.161497,0.142611,0.165394,0.117382,0.189593,-0.063962,0.057731,-0.073529,-0.133337,-0.427446,-0.218185,0.030689,0.12084,-0.142616,-0.04091,0.016565,0.054614,-0.065619,-0.131063,0.092885,-0.01243,0.091837,0.058333,0.253673,-0.012569,0.181885,0.015207,-0.066534,-0.066125,0.188336,0.096964,-0.290551,0.214821,-0.10335,0.122796,0.202983,0.314101,0.098385,-0.07174,-0.169552,-0.166639,0.304596,0.08015,-0.119073,0.204356,0.251296,-0.380323,0.040689,0.06612,0.106085,-0.008315,-0.225309,-0.192002,#
11,0.086327,-0.098199,-0.195906,-0.134,-0.02811,0.269938,0.093279,-0.059746,0.049912,0.156394,-0.195742,1.0,0.105303,0.13826,-0.071449,0.044164,0.125782,0.011411,-0.020604,-0.159356,0.163396,-0.198467,-0.036265,-0.059597,0.168089,-0.033854,-0.028443,0.047624,-0.032222,0.091705,-0.115799,-0.19177,-0.118441,-0.141792,-0.107375,0.146236,-0.093489,-0.042222,0.008791,-0.085111,0.008897,0.08485,-0.143948,-0.322404,-0.027314,0.063836,-0.068348,0.066045,-0.187877,0.231975,-0.076295,-0.135603,-0.020303,0.178609,-0.117477,0.066215,-0.164008,0.002903,-0.095262,0.170264,-0.021828,-0.087546,0.069409,-0.10244,0.085332,0.116437,-0.075298,-0.030757,-0.052095,-0.263357,-0.064251,-0.008845,0.076735,0.121993,-0.113022,0.05231,-0.280623,-0.013835,-0.267928,0.051046,-0.21232,-0.121078,-0.110045,-0.175327,-0.028807,-0.385303,-0.187155,0.008595,-0.125909,0.041914,-0.035541,-0.192056,-0.173644,-0.023535,-0.004242,-0.159008,-0.195059,0.005487,-0.238311,-0.043793,0.22073,0.03888,-0.413925,-0.031302,-0.117183,0.08928,-0.121424,0.218164,0.125006,0.044316,-0.058179,0.050342,-0.211321,-0.256214,-0.054784,0.008122,-0.040356,0.206108,0.220178,-0.0482,0.080436,-0.196259,0.042141,0.019106,0.017068,-0.178294,-0.072322,0.010266,0.038726,-0.134993,-0.198308,0.083583,-0.29187,0.180712,-0.079652,-0.083748,0.180023,-0.147457,-0.032735,-0.115616,-0.155996,0.086578,-0.137208,-0.037546,-0.124294,0.06211,0.014927,-0.052732,-0.289186,-0.052161,-0.200627,0.175006,-0.112053,0.169497,0.023946,0.008407,-0.029397,0.403111,-0.29335,-0.292795,-0.139453,-0.331464,0.232635,-0.115529,0.021733,0.137863,-0.209722,0.065323,0.145454,0.084045,-0.054573,0.30896,0.112892,-0.26194,-0.056568,-0.198391,-0.217922,0.207831,0.047055,0.053271,0.014045,-0.181084,-0.105554,-0.055577,0.265755,0.120919,0.038204,0.281373,0.076661,0.016774,-0.050046,0.214347,0.062106,0.175117,-0.159901,-0.102562,0.260592,-0.33827,0.010695,0.073909,#
12,0.306809,0.22716,-0.192978,-0.365366,0.151301,0.112292,0.269914,0.55719,-0.002515,0.398959,-0.138221,0.105303,1.0,0.413476,0.212165,0.081423,-0.039209,0.032812,0.101308,0.02001,-0.161384,0.162017,0.296905,-0.055929,-0.162414,-0.331826,-0.19588,-0.231364,0.097336,0.139759,0.002609,-0.112811,0.208547,-0.056533,-0.333527,0.277919,0.156852,-0.127849,-0.08772,-0.290539,-0.036618,0.20349,0.116204,-0.047017,-0.2481,-0.327018,0.126587,-0.041189,0.043579,0.063814,-0.198335,0.040972,0.141877,0.032706,0.288511,0.227024,-0.24209,-0.254736,-0.004121,0.055429,0.451669,0.20773,-0.156817,0.10899,-0.030051,0.262892,-0.087855,0.193106,0.233328,-0.098883,0.330511,-0.044251,-0.458621,-0.369113,-0.207833,0.372636,0.041174,-0.048109,0.028881,-0.217488,-0.099411,-0.317678,-0.223762,-0.175529,-0.225167,-0.071221,-0.073902,0.120087,-0.162035,-0.216921,-0.017868,-0.310231,-0.387565,0.230679,-0.228249,-0.10371,-0.086076,-0.076117,-0.035283,-0.342816,0.031396,-0.124684,-0.120672,-0.01857,-0.136415,-0.145609,-0.364207,-0.222071,-0.141951,-0.370189,0.022161,0.212568,-0.212703,-0.263385,-0.079721,-0.187408,-0.042889,-0.207056,-0.032555,-0.338895,-0.028379,-0.482882,-0.184799,-0.373505,-0.160022,-0.130838,0.173962,0.378146,-0.189692,0.00588,-0.295085,0.103041,-0.340966,0.038834,-0.211537,-0.164722,0.07351,-0.471359,-0.166734,-0.256649,-0.008097,-0.006206,-0.257033,-0.123232,-0.026852,0.140854,-0.297796,0.254562,-0.136852,-0.573577,-0.172752,-0.210864,-0.115925,-0.334128,0.029083,-0.262092,0.202721,0.298594,-0.235225,-0.372366,0.06429,-0.177733,-0.063514,0.075968,0.264058,0.255826,-0.136859,0.002244,-0.314089,0.136657,-0.063205,0.158613,-0.243867,0.106122,0.32745,-0.298664,-0.060146,0.051249,0.353195,-0.302318,0.25616,0.120673,0.027907,0.036055,0.113316,-0.142843,0.279629,-0.146669,-0.305675,0.321078,-0.086245,0.101939,0.335874,0.096951,0.052832,-0.056264,0.051533,-0.122044,-0.013099,0.210455,#
13,0.230239,0.300038,-0.085276,-0.405145,-0.007314,0.211871,0.113389,0.424013,0.075506,0.558126,-0.410248,0.13826,0.413476,1.0,0.384537,0.201963,-0.256275,0.208671,0.280685,0.097643,0.078723,0.302985,0.443456,0.20165,-0.009591,-0.167926,0.090695,-0.041206,0.145982,0.451914,-0.007382,0.142721,0.371404,-0.092915,-0.234083,0.165506,0.235227,-0.340645,0.129646,-0.295761,0.005026,0.401332,0.084339,0.109618,-0.073006,-0.508301,0.327972,-0.106978,-0.039869,0.093882,-0.066697,-0.106038,0.136721,-0.115678,0.083455,0.147852,-0.192804,-0.291565,-0.177172,0.066658,0.39103,0.145753,-0.342181,0.149624,-0.063209,0.313162,-0.127129,0.311851,-0.199983,-0.051168,-0.12165,0.291299,-0.219808,-0.086226,-0.232413,0.088824,-0.167407,-0.338132,-0.135826,0.004878,0.042636,-0.455313,-0.284937,0.100574,-0.284694,-0.005297,-0.253897,-0.058669,0.009335,-0.249509,0.172692,-0.279004,-0.377027,0.181548,-0.068047,-0.053043,-0.293315,-0.031194,-0.040756,-0.28561,0.014834,-0.125037,-0.20539,-0.271043,-0.086431,-0.105298,-0.152225,-0.173864,-0.133691,-0.378657,0.236222,0.291773,-0.187574,-0.062408,0.049116,-0.047672,-0.345861,-0.172842,0.351425,-0.449774,-0.188021,-0.473103,-0.096961,-0.291338,-0.32935,-0.097299,0.168963,-0.031731,-0.301083,-0.179599,-0.056519,0.103635,-0.335075,-0.275012,-0.535728,-0.355468,0.310157,-0.168407,0.082927,-0.432325,-0.0515,-0.160819,-0.265159,-0.355698,-0.467627,-0.084552,0.002583,0.098979,-0.420649,-0.339065,-0.280626,-0.177644,-0.09313,-0.268669,0.015465,-0.12647,0.488254,0.248429,-0.204797,-0.156716,0.116589,-0.017511,-0.091899,0.031094,0.152363,0.26248,-0.156075,-0.038924,-0.262566,0.004618,-0.190219,0.070723,-0.320004,-0.151257,0.165079,-0.266609,-0.07788,-0.062633,0.574316,-0.387528,0.375943,-0.072678,-0.314628,-0.112935,0.252237,0.125029,0.22364,-0.183131,-0.326667,0.218868,-0.040056,0.011684,0.074796,0.217935,-0.214051,-0.165038,0.118586,-0.265574,0.199506,0.195878,#
14,0.044072,0.383565,-0.130734,-0.234016,-0.064825,0.13807,0.080009,0.160304,0.10288,0.441381,-0.107879,-0.071449,0.212165,0.384537,1.0,-0.00841,-0.152087,0.204321,0.445387,-0.016538,0.015357,0.221903,0.186537,0.089847,-0.122652,-0.076582,-0.040831,0.132566,0.073383,0.122755,-0.060156,0.090158,-0.047607,0.068627,-0.088826,0.022704,-0.003458,-0.077303,0.06874,-0.108803,0.01432,0.290163,0.054613,0.130966,0.247741,-0.229634,0.178193,0.083814,0.250454,-0.082667,0.129033,-0.110046,-0.073374,-0.192206,0.197717,0.0266,-0.054574,-0.311428,-0.172766,-0.207927,0.281461,-0.062225,-0.327342,0.253313,0.15174,0.073229,-0.079345,0.072354,0.050022,-0.004949,0.110809,0.083599,0.177709,-0.230445,-0.085863,0.001082,0.025971,-0.160463,-0.007234,-0.041413,0.035396,-0.390927,-0.223924,0.031761,-0.195929,0.212294,-0.077119,0.01939,-0.121602,-0.135688,0.03322,-0.060931,-0.045563,0.254431,-0.151944,-0.050001,-0.252737,-0.085122,0.009244,-0.139686,0.001832,-0.080647,-0.159028,-0.20835,-0.198266,-0.247165,-0.272668,-0.15278,-0.314314,-0.131882,0.148187,0.255983,-0.196383,-0.101942,-0.204502,-0.089374,-0.202993,-0.044305,0.301029,-0.262059,-0.095996,-0.259154,-0.283278,-0.158409,-0.279716,-0.22033,-0.033437,0.185889,-0.334408,-0.10672,0.06664,0.164504,-0.289203,-0.128488,-0.227504,-0.236149,0.15532,-0.027096,-0.066287,-0.320881,-0.131658,-0.268762,-0.194239,-0.126103,-0.293889,-0.06251,-0.143752,0.1066,-0.288534,-0.101087,-0.338616,-0.394285,0.044781,-0.351319,-0.078237,-0.293128,0.192749,0.12532,-0.225557,-0.115772,0.034588,-0.028993,0.089071,0.137666,-0.030282,0.296265,-0.025834,0.026437,-0.228213,-0.035298,0.12323,0.073629,-0.249834,0.025576,0.302183,-0.119954,-0.189521,0.05815,0.348666,-0.216207,0.333845,0.077291,-0.099822,0.016012,0.255043,-0.102502,0.176092,-0.134208,-0.087451,0.126721,-0.047648,-0.016905,0.264585,0.156765,0.099525,-0.019091,0.113012,-0.077975,0.119676,0.094317,#
15,0.13538,0.001839,-0.097554,-0.181186,-0.088888,0.116662,0.163644,0.230545,-0.132458,0.310391,-0.091203,0.044164,0.081423,0.201963,-0.00841,1.0,-0.134569,0.206038,0.019965,0.066226,0.025512,-0.126639,0.238147,-0.025414,0.037276,0.11554,-0.045244,-0.06302,0.229371,0.226578,0.084244,-0.122123,0.144132,-0.108644,-0.07845,-0.033118,0.079332,0.068842,0.257402,-0.014093,-0.045667,0.001396,-0.103729,-0.07409,-0.015312,-0.05613,0.087971,0.006014,-0.187021,0.143933,0.11472,0.110099,-0.066742,-0.032745,0.241624,-0.063624,-0.052351,-0.130317,-0.255601,0.014935,0.176028,0.075572,-0.163816,0.077416,0.043387,0.203142,-0.193072,0.21997,-0.244658,-0.013595,-0.028129,0.055047,-0.235123,-0.005557,-0.087283,0.138576,0.004232,-0.060197,-0.048574,0.265553,-0.009593,-0.139389,0.011892,0.315655,0.010256,-0.247342,-0.170606,-0.142489,0.085687,-0.005675,0.012799,0.036567,-0.012899,0.289564,0.170036,0.021694,-0.132855,-0.219996,0.095145,0.015114,-0.161248,-0.177819,-0.34951,0.00807,-0.012364,-0.069078,-0.220074,0.195494,-0.030172,0.0943,-0.167104,0.084115,-0.097666,-0.159321,0.091237,0.113239,0.05681,-0.224605,0.171393,-0.146495,-0.165961,0.049671,-0.083363,-0.143183,-0.31249,0.069245,-0.030154,0.036987,-0.273405,-0.291212,-0.14766,0.075085,-0.155696,-0.03891,-0.274003,-0.167531,-0.104581,-0.093176,-0.081809,-0.276838,0.15097,0.238859,-0.03436,-0.055193,-0.055008,0.015773,0.252357,0.200955,-0.152251,-0.287247,-0.014347,-0.009627,-0.003179,0.0346,0.150693,-0.058821,0.08147,0.26763,-0.150664,-0.064569,0.116657,-0.023981,-0.142665,-0.091819,-0.040787,0.022092,-0.143365,-0.043358,0.007059,-0.113449,0.167389,-0.063261,0.010267,-0.326706,-0.052945,-0.194597,-0.051522,0.001052,0.145071,-0.218714,0.249702,-0.214316,-0.264378,0.038957,0.318685,-0.107588,0.291371,0.021555,-0.266308,0.01525,-0.008387,-0.036567,0.004544,0.182378,-0.199172,-0.254832,-0.003375,-0.125937,0.193597,0.161098,#
16,-0.070794,-0.04749,-0.228714,0.086637,-0.00897,0.230343,0.037906,-0.177216,-0.040047,-0.24199,0.022703,0.125782,-0.039209,-0.256275,-0.152087,-0.134569,1.0,-0.138018,0.024562,-0.04795,0.049528,-0.210699,-0.054864,-0.341599,-0.371238,-0.272825,-0.198475,-0.099933,-0.090308,-0.22599,-0.09999,0.093826,0.15888,0.231312,0.039262,0.106728,-0.041296,-0.129557,-0.311782,0.25554,0.072456,-0.061938,0.070769,0.16961,0.016801,0.086227,-0.250259,-0.006506,0.164585,0.201042,0.020288,0.069638,0.134391,-0.087902,-0.011701,0.058738,0.215298,0.009233,0.284277,-0.067,-0.075599,0.270632,0.311038,-0.254785,-0.072277,0.045294,-0.147516,-0.050101,0.012386,-0.141052,-0.229548,-0.113485,-0.063367,-0.103279,-0.06311,0.027958,-0.09667,-0.045604,0.052336,0.10136,0.048723,0.172735,0.043302,-0.37101,0.015224,-0.067935,-0.016733,0.080816,-0.08193,-0.224985,-0.148306,0.187138,-0.040767,-0.172328,-0.026654,-0.151526,-0.094807,-0.17754,-0.132636,0.133788,0.044398,0.084334,0.076834,0.038056,0.106688,0.045137,0.145551,-0.166785,0.046574,0.001062,-0.24522,-0.023045,0.007674,0.072502,-0.060144,-0.124251,0.046036,0.07484,-0.210478,-0.056497,-0.004262,-0.053324,0.0366,-0.169249,0.126129,-0.151837,-0.330473,-0.193673,0.140983,-0.005623,-0.205385,-0.156339,-0.002647,0.205711,0.115564,0.015024,0.059017,-0.284341,-0.032008,0.051098,-0.174704,0.089772,-0.126627,0.330198,0.148644,-0.099003,-0.069322,0.017631,-0.026857,0.06083,0.067365,0.073394,0.06179,0.084447,-0.168037,-0.175696,-0.227266,0.15664,-0.077377,0.157026,-0.125285,-0.037223,0.108799,-0.100126,-0.108015,0.172496,0.160516,-0.117491,0.132978,-0.119595,-0.15244,0.103329,-0.117017,-0.120475,0.087519,-0.106858,-0.06041,0.084558,-0.102572,0.015033,-0.408465,0.098763,0.367565,0.143735,-0.022174,-0.130901,0.004889,0.199003,0.131329,-0.293404,-0.071374,0.180331,-0.00397,-0.210649,0.055445,0.077818,0.08803,-0.029747,-0.340542,-0.075933,#
17,-0.3336,0.259198,0.4024,0.086626,-0.171855,0.004835,0.013267,0.099659,0.308223,0.196765,-0.339017,0.011411,0.032812,0.208671,0.204321,0.206038,-0.138018,1.0,-0.003055,0.367836,-0.191926,0.168967,0.139417,0.101324,0.133234,0.171513,0.080126,0.134909,-0.039473,0.088626,0.091636,-0.004827,0.037105,0.018645,-0.103518,0.022311,0.145332,-0.14696,0.04851,-0.252587,0.012941,0.166954,0.182794,0.187348,0.022815,-0.227899,0.095062,0.229108,0.194204,0.025474,-0.062022,-0.02639,0.061099,0.011118,-0.118001,-0.040928,-0.046833,-0.33527,-0.151143,-0.138129,-0.062339,-0.148404,-0.126158,0.047589,-0.035934,0.115356,0.042841,0.20278,-0.010825,0.349882,0.212594,0.29557,-0.078545,-0.125156,0.052333,-0.033865,0.253329,-0.190301,0.113978,-0.076475,0.266681,-0.015627,-0.155613,0.248717,-0.075328,0.106066,0.075888,-0.045806,-0.000414,0.090631,0.174721,0.075649,-0.121979,0.508054,-0.050382,0.103378,0.270723,0.007779,-0.022782,0.032656,-0.181428,0.122154,0.045622,0.355316,-0.096045,0.134401,-0.127032,-0.16245,-0.151693,-0.068871,0.225291,0.160873,0.152442,0.027936,0.162192,0.102658,0.201706,-0.179838,0.413166,-0.451002,0.135731,-0.248504,-0.186128,-0.021339,0.000726,0.026402,0.042552,0.102385,-0.047033,0.109183,0.174238,0.209998,-0.005716,-0.185012,0.039595,-0.032368,0.038145,0.032183,0.015688,-0.076366,-0.016272,-0.129734,-0.241507,-0.330389,-0.246801,0.067917,0.064346,0.06633,0.162634,0.006472,-0.226241,-0.121283,0.279769,-0.029732,-0.037636,-0.096304,0.076707,0.400966,-0.08184,0.081278,0.175925,0.200449,-0.083338,0.130773,0.12694,0.237819,0.110207,-0.111684,-0.080152,0.21108,-0.187699,-0.156102,-0.064341,-0.045086,0.034092,0.116723,-0.008826,-0.059238,0.335525,-0.282539,0.230723,-0.187263,-0.356729,-0.20075,-0.069856,-0.063184,0.182809,0.196009,-0.271761,-0.277177,0.177128,-0.245322,-0.107238,0.229992,-0.215853,-0.132892,-0.044593,0.051586,0.342185,0.175426,#
18,0.124407,0.294243,-0.162641,-0.130845,0.08289,0.074129,0.22893,0.175726,-0.006417,0.23176,0.037387,-0.020604,0.101308,0.280685,0.445387,0.019965,0.024562,-0.003055,1.0,-0.194759,0.170179,0.004975,0.057967,-0.009234,0.02466,0.009557,-0.020921,0.212685,-0.063744,0.25377,-0.186178,0.10401,0.104979,0.091033,0.047902,0.016152,0.025711,-0.177757,-0.019416,-0.092119,0.164819,0.375908,0.129073,0.272329,0.143717,-0.07531,0.056706,-0.264146,0.153457,0.032858,-0.104444,0.076127,0.132031,-0.034572,0.284601,0.056785,-0.10182,-0.165882,-0.209921,-0.119142,0.131685,-0.109112,-0.119022,0.424142,0.012784,0.130325,-0.06523,-0.015134,0.002781,-0.292027,-0.026224,-0.009389,-0.186323,-0.145564,-0.02745,0.116847,-0.091214,-0.047865,0.174028,-0.083815,0.010164,-0.261707,-0.290651,-0.070566,-0.252912,-0.095289,-0.134481,0.150664,-0.078285,-0.207297,-0.232178,-0.248309,0.010874,-0.134738,-0.1136,-0.141995,-0.17019,-0.240361,0.078252,-0.181072,0.098815,0.089281,0.061864,-0.447469,-0.155924,0.056735,-0.105149,-0.121092,-0.052054,-0.023667,-0.087826,0.270551,-0.275764,-0.075436,-0.145795,0.07242,-0.116461,-0.086369,-0.056668,-0.018421,-0.283897,-0.183051,-0.27783,-0.189249,-0.227533,-0.294648,0.103795,0.169164,-0.309425,-0.134164,-0.082449,-0.163652,-0.246477,0.135942,-0.24365,-0.174304,0.052857,-0.032853,-0.0523,-0.219678,-0.263315,-0.017899,-0.173698,-0.164113,-0.196029,-0.193693,-0.244854,0.205863,-0.385041,-0.296689,-0.367044,-0.147421,-0.14561,-0.292847,-0.029477,-0.272129,0.160319,0.105721,-0.247925,-0.188576,-0.164031,0.094328,-0.010405,-0.0263,0.082064,0.03539,0.04223,0.172935,-0.122598,-0.083529,0.214252,0.322328,-0.065392,-0.07871,0.361551,-0.148741,0.0799,0.085187,0.216409,-0.206837,0.086552,0.220692,0.221874,0.245496,0.418549,-0.053806,0.219763,-0.136654,0.032506,0.255435,-0.21996,0.108022,0.342348,-0.016633,-0.192994,-0.032264,0.474111,-0.13852,-0.308082,0.118633,#
19,-0.183775,0.068057,0.114469,0.096006,-0.147722,-0.0542,-0.254425,0.059657,-0.1723,0.051033,-0.266389,-0.159356,0.02001,0.097643,-0.016538,0.066226,-0.04795,0.367836,-0.194759,1.0,0.3428,0.107665,-0.046558,0.04907,-0.183632,-0.092859,0.025691,-0.176275,-0.032529,-0.088572,0.373893,0.378714,0.236883,0.259539,-0.147896,-0.401927,0.128343,0.130299,-0.320028,-0.153549,0.133091,0.096411,-0.071086,-0.010851,-0.147608,-0.32524,0.318501,0.148014,0.223909,-0.195615,-0.157834,-0.104153,0.374998,-0.143634,-0.224694,0.00341,0.051201,-0.248418,0.225818,-0.230857,0.026,-0.063243,-0.125548,-0.188872,0.038652,0.044335,-0.076404,0.000235,-0.127742,0.219641,0.045404,0.102539,0.013462,0.002021,0.134762,-0.381534,0.357941,0.183971,0.516502,0.240302,0.320042,0.20597,0.280961,0.149571,0.237669,0.294636,0.277317,-0.108239,0.31921,0.109652,0.193785,0.2827,0.138087,0.272278,0.16732,0.369096,0.258507,0.258698,0.257404,0.229414,-0.504491,0.100203,0.181839,0.371874,0.361371,0.357865,-0.001923,-0.294913,0.176885,-0.210137,0.331179,-0.166056,0.100107,0.416597,0.166397,0.119386,0.075999,0.029092,0.179306,-0.268744,0.324522,0.010975,-0.118778,0.085701,0.001791,0.399474,0.01718,-0.070858,0.295261,0.362234,0.408683,0.265063,0.411852,-0.163286,0.297625,0.129295,0.146721,0.03797,0.110454,0.180844,0.213399,0.074292,0.081871,-0.206592,0.087416,0.29558,0.406885,-0.44072,0.330719,0.104799,0.141113,0.105362,0.461635,0.327313,-0.054988,0.254733,0.420095,-0.09974,0.111188,0.095025,0.115163,0.223805,-0.103058,0.04431,-0.020481,0.062193,0.440987,-0.16541,0.053002,0.212473,-0.524013,-0.178492,0.008283,0.08981,-0.344484,0.162795,0.192868,-0.500908,-0.027402,0.074953,-0.019802,-0.183292,-0.281217,-0.304472,-0.428254,-0.034553,0.271936,0.175903,-0.084694,-0.294531,0.213895,-0.428817,-0.432911,-0.161029,-0.07015,-0.330359,-0.388654,0.33158,0.37555,0.023274,#
20,0.209437,-0.043781,-0.081668,0.080033,-0.214114,0.018035,-0.244463,0.034138,-0.316496,-0.13102,-0.022294,0.163396,-0.161384,0.078723,0.015357,0.025512,0.049528,-0.191926,0.170179,0.3428,1.0,-0.097123,-0.391637,-0.083463,-0.01347,-0.035506,-0.103779,-0.146984,-0.047901,-0.035684,0.292505,0.296888,0.128398,0.314248,-0.188714,-0.366958,-0.018706,0.100381,-0.177241,-0.047982,0.380062,0.161716,-0.13199,0.068289,-0.025491,-0.151942,0.02691,-0.140165,0.038095,-0.291685,-0.087488,-0.08558,0.422972,-0.024248,-0.045952,0.069882,-0.150889,-0.081865,-0.162481,0.103565,-0.005465,0.04608,0.10164,-0.078029,0.053386,-0.103377,-0.299318,-0.042819,-0.263168,-0.14899,-0.121348,0.098345,0.129003,0.249369,-0.089906,-0.422207,0.024216,0.329293,0.218034,0.37884,0.248095,0.165435,0.37836,-0.090678,0.06942,-0.119737,0.091094,0.096543,0.380411,0.129816,-0.043264,0.012071,0.246782,-0.143451,0.265772,0.198578,-0.110859,0.234916,0.146626,0.157118,0.044841,0.212606,-0.086102,-0.022445,0.207616,0.175629,0.15387,0.147106,0.264977,0.015335,0.03476,0.005006,-0.213681,0.351808,0.292679,0.366039,-0.047479,0.191017,0.082371,0.119572,0.100408,0.053844,-0.12085,0.231621,-0.110763,0.015794,-0.159507,-0.306445,-0.099809,0.296103,0.21179,0.094817,0.269104,0.151892,-0.013982,0.183393,0.240701,0.092449,0.151449,0.149613,-0.018247,0.085905,0.302116,0.113159,0.094326,-0.046466,0.290158,-0.478787,0.020545,0.213418,0.081842,0.146118,0.132347,0.254003,0.010925,0.231513,0.234187,-0.232067,0.01025,0.031284,-0.020834,0.003652,0.162187,-0.212972,-0.303093,-0.283684,0.286557,0.079138,0.311909,-0.093336,-0.247607,0.077385,0.209069,0.00842,-0.345325,0.203182,0.023295,-0.405161,-0.238995,0.391733,-0.231221,0.143243,-0.051788,-0.054595,-0.17914,0.371517,0.110609,-0.005968,0.216715,0.002276,-0.126739,-0.250294,-0.219492,-0.377386,-0.132965,-0.117757,0.078,-0.049664,0.028363,-0.155597,#
