0,1.0,0.174249,-0.050594,-0.130135,0.168669,0.195323,0.015766,0.091758,-0.271821,0.192163,0.023888,-0.03371,0.443276,0.232157,0.008251,0.065867,0.016249,-0.021375,-0.020747,-0.148759,0.146945,0.302083,0.157362,-0.209307,-0.126193,-0.313388,0.039784,-0.296125,0.240954,0.181583,0.204089,0.147886,0.152619,-0.205728,-0.144345,0.135109,0.091306,-0.101724,-0.041744,-0.251839,0.084168,0.145396,-0.002696,0.097769,-0.200203,-0.188538,0.032041,0.17569,-0.259727,-0.121779,-0.049294,-0.216395,0.061599,-0.139075,0.200459,0.002318,-0.198392,0.005643,0.063164,0.269821,0.450801,0.200585,-0.139879,-0.066065,0.041727,0.164327,-0.130784,0.356926,0.107915,-0.150727,-0.012699,0.017364,-0.42809,-0.182591,-0.468568,0.331014,-0.13672,-0.163395,-0.399817,-0.117298,-0.133913,-0.308378,0.010511,0.035745,-0.163782,-0.133635,-0.153628,-0.022319,-0.175765,-0.325122,-0.290705,-0.378593,-0.144295,-0.012004,0.066445,-0.194738,-0.110964,-0.189993,-0.067174,0.041694,0.121681,-0.252566,-0.229236,-0.04187,-0.054792,-0.281086,-0.108555,-0.009466,-0.364654,-0.081689,0.158711,0.178738,-0.251237,-0.21135,-0.032372,0.124783,-0.362246,-0.398232,0.024484,-0.191058,-0.322251,-0.067634,0.007304,-0.301351,-0.170995,0.03478,-0.120308,0.018383,-0.122413,0.108317,-0.11044,-0.218353,-0.167679,0.039643,-0.455033,-0.055652,-0.135701,-0.216947,0.310028,-0.29682,-0.131765,-0.010309,-0.15338,0.031881,-0.172372,-0.095069,-0.164828,0.243988,-0.329072,-0.489341,-0.11931,-0.352629,-0.073885,-0.31428,0.07512,-0.15339,0.270147,0.27082,-0.217227,-0.374551,0.0207,-0.23757,0.098779,-0.292125,-0.075689,0.188296,-0.352148,-0.16311,-0.187977,-0.354009,0.114656,0.073226,-0.460202,-0.011007,-0.021164,-0.355775,-0.009211,0.125879,0.20109,-0.025386,0.146795,-0.112228,-0.069051,0.235731,0.272487,-0.132811,0.396611,-0.085096,-0.180586,0.306079,0.085123,0.1657,0.309853,0.020749,-0.095938,0.096854,-0.047407,-0.27554,0.109358,0.22685,#
1,0.174249,1.0,0.354865,-0.239787,-0.012847,0.134576,0.334266,0.234895,0.179025,0.328626,-0.1489,-0.096497,0.308609,0.236948,0.340679,-0.060599,-0.12872,0.316764,0.191287,-0.053117,-0.162692,0.177807,0.399839,-0.043376,0.023057,-0.303597,0.202376,-0.076418,-0.098593,0.202235,-0.208914,0.131032,0.240934,-0.082877,-0.198953,0.304582,0.191306,-0.010975,0.070713,-0.030877,-0.078973,0.273426,-0.035615,0.100261,0.412142,-0.416171,0.27806,0.017299,0.088779,0.226799,0.052562,-0.298374,-0.031738,-0.287651,-0.150627,-0.29067,-0.207722,-0.364449,-0.154784,-0.037546,0.211115,0.032964,-0.378867,-0.065425,0.275427,0.189708,0.025032,0.118792,0.339191,-0.044063,0.131989,0.046683,-0.095662,-0.365463,-0.297932,0.367972,-0.313442,-0.465106,-0.142776,-0.1926,0.007868,-0.4004,-0.28328,0.228446,-0.417034,-0.171113,-0.320769,-0.133553,-0.234222,-0.282108,-0.25081,-0.236971,-0.447632,-0.020955,-0.166241,-0.121475,0.137306,-0.124177,0.156941,-0.112597,-0.114159,-0.19495,-0.239136,-0.233096,-0.246802,-0.191401,-0.421052,-0.023666,-0.486649,-0.23534,0.259172,0.436167,-0.231295,-0.258806,0.029493,-0.180881,-0.272416,-0.522211,0.168663,-0.474481,-0.28758,-0.397748,-0.473159,-0.256842,-0.345981,-0.044479,0.166421,0.294303,-0.161595,-0.084451,-0.052559,-0.071628,-0.299743,-0.057018,-0.244438,-0.339316,0.174508,-0.062614,0.054689,-0.381598,-0.226678,-0.075978,-0.378765,-0.292219,-0.134129,-0.032711,-0.384997,0.449399,-0.133443,-0.248623,-0.244973,-0.416764,0.039968,-0.208091,-0.234937,-0.293024,0.258181,0.326634,-0.205687,-0.271216,0.154501,-0.027397,0.258527,0.153438,0.029954,0.333335,-0.181086,0.004544,-0.282368,-0.195066,0.019663,-0.064949,-0.247471,-0.280081,0.164846,-0.18295,-0.042982,0.481812,0.473929,-0.519211,0.3677,0.103214,-0.37668,-0.017819,0.249164,-0.139888,0.396959,-0.192551,-0.421597,0.435773,0.180068,0.235903,0.378051,0.447408,-0.193147,-0.040721,0.145281,-0.062927,0.327584,0.048338,#
2,-0.050594,0.354865,1.0,0.170697,-0.019939,0.01211,0.234861,0.123658,0.3188,-0.075625,-0.089705,-0.114949,-0.167836,-0.081481,0.004818,-0.156462,-0.206513,0.294995,0.002768,0.15931,0.061428,0.126286,0.051259,-0.0552,0.314299,-0.192863,0.430292,0.202467,-0.030251,-0.045203,0.024047,0.12435,-0.095486,-0.096899,0.076615,0.070863,0.226292,-0.19914,0.169341,-0.139288,0.118842,0.182366,-0.064803,0.063076,0.166188,-0.171239,-0.016529,0.442811,0.20689,-0.040598,-0.140967,0.016907,0.177346,0.050001,-0.251981,-0.070299,-0.097918,-0.395706,-0.305766,0.081967,-0.187696,-0.306448,-0.05318,0.046084,0.028478,0.008327,0.230473,0.079505,0.110378,0.335375,0.416041,0.366949,0.036678,0.034326,0.083286,0.066917,-0.083908,-0.393748,-0.024168,-0.202804,0.325362,-0.096007,-0.049933,0.203175,-0.177364,0.305802,-0.021163,0.01409,0.092168,-0.044393,0.076502,-0.002324,-0.031487,0.120463,0.013997,0.106054,0.38316,0.055276,0.139395,-0.09138,-0.142456,0.150511,0.091311,0.01153,0.074911,0.052426,-0.010352,0.156416,-0.508434,0.058718,0.507974,0.021067,-0.056962,-0.011148,0.531985,-0.020108,-0.207213,-0.117161,0.080668,-0.016682,0.03743,0.020837,-0.042273,0.001456,0.133638,-0.053684,0.076868,0.259403,-0.161132,0.000282,0.428893,-0.160079,0.103047,-0.041703,0.163976,0.030257,-0.061838,0.304416,0.268577,0.014142,-0.080677,0.130466,-0.045417,-0.176895,-0.064338,0.107627,-0.307064,0.10516,0.273775,0.015753,0.029356,-0.089086,0.180262,-0.062503,0.016596,0.13272,0.07036,0.136911,0.078537,0.113252,0.286252,0.15334,-0.009516,0.161566,0.025176,-0.169269,-0.028617,0.015223,-0.018949,0.149253,-0.067589,-0.141084,-0.167859,0.0813,-0.241583,0.268518,0.047462,0.213052,0.181052,-0.295264,0.13481,-0.089212,-0.231197,0.133515,-0.076969,0.178676,0.055338,0.08646,-0.15398,0.011386,0.391327,-0.009688,0.044687,0.224536,-0.321713,0.145575,-0.125328,0.025183,0.156239,-0.035731,#
3,-0.130135,-0.239787,0.170697,1.0,-0.102719,-0.207025,-0.321578,-0.370918,-0.08639,-0.258884,0.099335,-0.051386,-0.320385,-0.229263,-0.321173,-0.299699,-0.005431,-0.048174,-0.211283,0.265078,0.0892,0.022932,-0.182602,0.196268,0.229733,0.313406,0.065627,0.235796,-0.063251,-0.309227,0.325293,-0.00043,-0.071679,-0.06163,0.256716,-0.252641,-0.079403,-0.054362,-0.174672,0.023102,0.03722,-0.053998,-0.156438,0.047122,-0.003148,0.439706,-0.136129,0.061383,0.135161,-0.1692,-0.021586,0.38523,-0.004747,0.090048,-0.103394,-0.018402,0.403775,0.16532,0.128236,0.322914,-0.248911,-0.248514,0.160498,-0.194406,0.11946,-0.256975,0.16141,0.123519,-0.063958,-0.098454,0.059204,0.066751,0.251333,0.208137,0.074249,-0.337582,0.151549,0.104115,0.073765,-0.030524,0.219794,0.567292,0.222346,0.072918,0.235816,0.1572,0.399195,0.150302,0.113928,-0.101598,0.260841,0.242829,0.406533,-0.163098,0.341077,0.160539,0.184535,0.108185,-0.162295,0.315339,-0.029528,0.258672,0.46905,0.112185,0.325487,0.373721,0.218356,0.019584,0.206313,0.158567,-0.151667,-0.228374,0.246006,0.254363,0.171002,0.123621,0.222288,0.101107,-0.10465,0.341932,0.233745,0.299877,0.524305,0.235621,0.244494,0.110023,0.117105,-0.057887,0.228861,0.279292,0.16764,0.121797,0.270315,0.087469,0.393511,0.349578,0.049181,0.157891,0.102022,0.406507,0.204317,0.1011,0.186985,0.144608,0.374232,0.216303,0.260391,-0.302588,0.344677,0.323264,0.304047,0.301009,0.137324,0.402863,0.084396,0.254925,-0.287046,-0.263457,0.222273,0.248821,-0.243501,0.210868,-0.156541,0.066642,-0.158508,-0.329828,0.126047,0.093782,0.228686,0.282557,-0.273647,-0.013261,0.3907,0.229968,-0.433635,0.416563,0.190408,-0.048584,-0.494828,0.235953,-0.397394,-0.169206,0.000668,-0.018824,-0.167607,0.214464,-0.170849,0.22684,0.495043,-0.327917,0.223687,-0.157227,-0.152045,-0.239908,-0.114002,0.087119,-0.348146,0.173657,0.089489,-0.315925,#
4,0.168669,-0.012847,-0.019939,-0.102719,1.0,-0.052124,-0.107948,0.124044,-0.247548,-0.237396,0.124071,-0.077954,0.05039,-0.130391,0.026731,0.012815,0.054753,-0.087059,0.081392,-0.108662,-0.297797,-0.131823,0.026172,-0.174983,0.011468,-0.10884,-0.220172,0.04526,-0.020463,-0.06215,-0.158919,-0.148393,-0.111895,-0.199281,-0.090578,0.126833,-0.178626,-0.232708,0.052005,0.21164,-0.112664,-0.257622,-0.084447,0.037436,-0.119396,0.163926,-0.100269,0.311152,-0.11161,-0.00097,0.257464,-0.01944,-0.095257,-0.108717,0.182558,0.09855,-0.043188,0.205279,0.094037,-0.235964,-0.102453,0.086517,-0.040457,0.049449,-0.090524,0.239739,0.217539,-0.160018,0.115273,0.090639,-0.015194,-0.091498,-0.165831,0.176284,-0.107653,0.444725,-0.089588,-0.349508,-0.264123,-0.215697,-0.17857,-0.123105,-0.011701,0.104952,-0.053711,-0.003287,0.114565,-0.040798,-0.178186,-0.108189,0.002025,-0.177756,0.055589,-0.21082,-0.139472,0.031097,0.229286,-0.214565,0.00609,0.062938,0.112155,-0.204859,-0.022851,-0.152262,-0.174194,-0.009193,0.070996,-0.104547,-0.156167,-0.201867,0.015401,-0.114242,0.108828,-0.070339,-0.100428,-0.082621,-0.199338,0.120109,-0.0906,0.132639,-0.193968,-0.011314,0.265915,0.010964,0.185076,-0.083691,0.067993,-0.001922,0.073749,-0.065763,-0.085836,-0.144383,-0.13044,-0.164447,-0.192394,-0.074592,-0.027167,-0.162557,-0.087831,0.15553,-0.061497,-0.1485,-0.018882,0.129552,-0.010353,-0.095544,-0.30066,0.020559,-0.052538,-0.330645,-0.200758,-0.134031,-0.420929,-0.032228,-0.227174,-0.1149,-0.033301,0.067706,0.026733,-0.038007,-0.144574,-0.171399,-0.088195,0.088842,-0.01099,-0.063831,-0.105215,-0.007193,-0.116331,-0.119085,0.093298,-0.135612,-0.081976,0.013909,0.131809,0.002562,0.071856,0.18447,0.031387,-0.005463,0.029098,-0.032632,0.236669,0.186777,0.069571,-0.311044,-0.041758,-0.269359,-0.152736,-0.089119,0.015833,0.064076,0.278945,-0.095531,0.047363,-0.112664,0.074297,0.080486,-0.248523,0.103404,#
5,0.195323,0.134576,0.01211,-0.207025,-0.052124,1.0,0.236397,0.355208,-0.094237,0.081882,0.173228,0.093505,0.094895,0.063526,0.069465,0.165413,0.330667,0.159521,-0.0738,0.086943,-0.000727,0.350156,0.215231,-0.021174,-0.226656,-0.297827,0.00938,-0.287389,-0.042943,-0.192183,-0.076501,0.16816,0.020101,-0.115334,-0.190095,-0.098501,0.042625,0.085105,0.038526,-0.250399,-0.074237,0.330034,0.053925,0.234533,0.070074,-0.217456,0.014942,0.141658,0.112698,-0.096088,-0.0684,0.041972,0.14889,-0.027951,0.084425,0.063105,-0.177169,-0.322646,-0.087312,-0.231379,0.264892,-0.142017,-0.278567,0.183098,0.026652,0.210875,-0.101395,0.159479,0.17889,0.151137,-0.007934,0.418817,-0.209412,-0.019824,-0.285026,0.187166,-0.341977,-0.01554,-0.117443,-0.005336,0.325293,-0.24034,-0.028103,-0.24669,-0.140392,-0.025087,-0.068669,-0.104194,-0.101865,-0.307698,-0.098547,-0.196085,-0.217087,0.124429,-0.05906,-0.061334,-0.023275,-0.307607,0.10036,-0.167782,-0.056252,-0.097629,-0.10441,-0.136351,-0.100798,-0.273474,-0.151537,-0.087358,-0.247513,-0.227354,0.126335,0.037015,-0.215385,-0.193318,0.049375,-0.266458,-0.524885,-0.057302,0.151582,-0.299341,-0.211351,-0.465546,0.003224,-0.522598,-0.125214,0.081759,-0.157697,0.025951,-0.099757,0.111248,-0.057149,-0.00606,-0.094927,-0.019644,-0.204606,-0.099888,0.109325,-0.323365,-0.024964,-0.339578,-0.228756,-0.111952,-0.365598,0.094222,-0.032915,0.021661,-0.136129,0.057876,-0.080297,-0.183698,-0.061982,0.021839,-0.13936,-0.061822,0.07329,-0.298775,0.028107,0.250114,-0.24849,-0.123459,0.108077,-0.052899,-0.168524,0.149416,0.000311,0.33865,0.049535,-0.078301,-0.039841,-0.061367,0.160111,-0.212389,-0.359601,0.026286,0.211466,-0.277886,-0.002508,-0.036306,0.200127,-0.148889,0.193818,0.152853,0.011251,0.017073,0.098258,0.103475,-0.017175,0.101527,-0.205032,0.013443,0.041682,-0.033369,0.220347,-0.179155,-0.053861,-0.002539,0.211984,-0.171232,-0.159898,0.134798,#
6,0.015766,0.334266,0.234861,-0.321578,-0.107948,0.236397,1.0,0.512364,0.30929,0.441271,0.032503,-0.028349,0.301515,0.002044,0.230496,0.129204,-0.066632,-0.065657,0.197763,-0.219035,-0.265218,0.240573,0.119791,-0.00728,-0.093285,-0.224709,0.350027,-0.052201,0.324143,0.099362,-0.420219,-0.065918,0.085161,0.002584,-0.11561,0.187378,-0.104545,-0.025366,0.161283,-0.125892,-0.171117,0.218296,0.090815,-0.218517,-0.080055,-0.334889,0.035105,-0.05525,0.023844,0.207722,-0.18407,-0.146288,-0.005823,-0.132111,0.006422,0.007953,-0.064575,-0.299611,-0.25143,0.078398,0.229334,-0.05439,-0.204096,0.258939,0.094638,0.289245,0.163095,0.063893,0.354673,-0.044614,0.172216,0.03722,-0.301558,-0.422195,-0.120185,0.386625,-0.073887,-0.275734,-0.040863,-0.007581,-0.1699,-0.320392,-0.350148,-0.129985,-0.1572,0.267241,-0.154596,-0.130463,-0.082804,-0.272062,-0.263734,-0.235841,-0.363777,0.028614,0.018774,-0.204283,0.084753,-0.092101,0.111843,-0.421722,-0.033554,-0.117178,-0.147454,-0.147492,-0.228385,-0.174907,-0.399871,-0.029745,-0.389067,-0.234654,-0.090181,0.228581,-0.296143,-0.416888,-0.040387,-0.222698,-0.107187,-0.081388,-0.113517,-0.187295,-0.099166,-0.326077,-0.201265,-0.453092,-0.309748,-0.011808,0.087833,0.344664,-0.187014,-0.166849,-0.234057,-0.488106,-0.463912,0.154678,-0.065462,-0.132796,0.061173,-0.153092,-0.124509,-0.405039,-0.045316,-0.029035,-0.312994,-0.094805,-0.113729,-0.218193,-0.289314,0.508931,-0.117882,-0.187545,-0.106009,-0.197535,0.006212,-0.277521,-0.130379,-0.290099,0.024315,0.19957,-0.193172,-0.175506,0.109124,-0.017047,0.096727,0.095879,0.1381,0.136984,0.012938,0.05533,-0.208385,0.276023,0.394666,-0.177606,-0.244937,-0.063746,0.351321,-0.161713,0.162178,0.126734,0.364901,-0.249196,0.451543,0.286575,0.078803,-0.045004,0.312254,-0.061082,0.126885,-0.019969,-0.244538,0.359455,0.05429,0.169896,0.188224,0.180066,-0.103821,0.012747,0.041387,-0.160107,-0.160756,-0.042691,#
7,0.091758,0.234895,0.123658,-0.370918,0.124044,0.355208,0.512364,1.0,0.107555,0.284782,-0.016341,-0.144726,0.378689,0.193977,0.042457,0.230828,-0.094227,-0.002336,0.208082,0.046285,0.039032,0.185552,0.022773,0.196159,0.036019,-0.158832,0.058484,-0.246012,0.136285,0.058137,-0.160006,-0.01618,0.267439,0.026883,-0.260311,-0.002594,0.086383,0.048529,0.265916,-0.296035,-0.054348,0.224447,-0.027515,0.115459,-0.268266,-0.379275,0.165108,-0.041665,0.176313,-0.045498,-0.271716,0.048644,0.191991,-0.046418,0.008474,0.080351,-0.133637,-0.295602,-0.267017,-0.045498,0.231399,-0.035003,-0.329687,0.249351,0.002567,0.297498,0.165936,0.124475,0.214051,-0.019818,0.288544,0.155801,-0.374345,-0.162267,-0.016068,0.296903,-0.021989,-0.020569,0.142087,0.00653,0.036658,-0.196255,-0.083879,0.083266,-0.263543,0.187777,0.041716,0.173362,0.045104,-0.088261,-0.309308,-0.190012,-0.339636,0.189076,-0.102053,0.075993,0.239258,-0.061296,0.399536,-0.324556,-0.030176,-0.000186,-0.025473,-0.1153,0.127707,-0.002214,-0.222893,-0.010658,-0.285819,-0.371512,0.139397,0.252339,-0.087167,-0.227037,0.201914,-0.058256,-0.163322,0.018161,0.057726,-0.169712,-0.160121,-0.411569,-0.076681,-0.299479,-0.136547,0.128862,0.01023,0.054126,-0.197402,-0.049923,-0.184496,-0.134762,-0.162077,-0.074452,-0.187787,-0.12345,0.308414,-0.05617,-0.114575,-0.260089,0.055604,0.134733,-0.248618,0.006329,-0.059591,-0.084951,-0.156917,0.220701,0.009403,-0.414571,-0.155523,-0.029566,-0.097722,-0.092793,-0.088507,-0.184348,0.314742,0.097398,-0.028035,-0.074923,0.028619,0.174949,-0.122044,-0.01489,0.22998,0.039995,0.19199,-0.273804,-0.333029,0.194624,0.134237,-0.220903,-0.225304,0.068429,0.288827,-0.116823,0.334974,-0.093601,0.300361,-0.237303,0.354944,0.222517,0.083336,-0.12748,0.226375,0.132611,0.128326,-0.11715,-0.168022,0.246578,0.152991,-0.099372,0.184301,-0.152468,-0.217075,-0.163072,0.132631,-0.167735,-0.019793,0.050618,#
8,-0.271821,0.179025,0.3188,-0.08639,-0.247548,-0.094237,0.30929,0.107555,1.0,0.193709,-0.181787,-0.126693,0.091018,0.054013,0.176875,-0.196926,-0.044307,0.212911,0.053763,-0.180252,-0.178452,0.122463,0.134751,0.147607,0.051081,0.125776,0.378315,0.313626,0.044994,0.172123,-0.12154,0.022669,0.026174,-0.083588,0.138973,0.128396,0.1598,-0.203768,0.238415,-0.161199,0.102596,-0.152873,0.172801,0.136784,0.229047,-0.265314,-0.101829,0.056914,0.122383,0.209027,-0.126936,-0.13717,0.006279,0.043218,-0.346623,0.165586,0.126488,-0.277514,-0.002112,0.090675,-0.104561,-0.138279,-0.028845,0.111898,0.097134,0.067804,0.134489,-0.005275,0.084714,0.169963,0.186108,0.088798,-0.039491,-0.145569,0.073253,0.066525,0.061816,-0.093136,0.077489,-0.114549,0.004754,-0.007702,-0.144016,-0.060637,-0.001499,0.347901,0.011789,-0.038545,0.038444,-0.048561,-0.001804,0.236051,-0.301966,0.303605,0.163083,0.002923,0.206128,-0.043655,-0.049279,-0.224381,0.067505,0.283357,0.078468,0.242382,-0.103581,-0.19918,-0.05611,0.013423,-0.102576,0.009596,0.15894,0.101837,0.046268,-0.33877,0.128564,-0.010214,0.088272,-0.132352,0.088468,-0.063184,0.040763,-0.127345,-0.131352,-0.108877,-0.003159,0.046197,0.006505,0.00596,-0.105594,-0.181406,-0.026563,-0.085776,-0.209576,0.044229,0.07638,0.037711,0.055117,0.063868,-0.199148,-0.109282,-0.005443,0.027332,-0.069998,-0.225538,-0.232202,-0.215251,-0.209152,0.17451,0.128319,-0.005223,0.041325,-0.134338,0.218164,-0.196575,0.048661,-0.05842,0.215302,0.219773,0.025678,0.08138,0.100188,0.240839,0.266393,-0.169472,0.186955,0.039919,0.015038,-0.001839,-0.172578,0.193646,-0.072444,0.043749,-0.005506,0.158568,0.097673,0.163486,-0.070889,0.17679,0.351428,-0.282601,0.245227,0.169823,-0.156141,-0.152977,-0.07796,0.036962,0.008582,-0.002264,-0.177165,0.076085,0.032571,-0.045377,0.053159,0.210787,-0.134008,0.250747,0.116595,-0.032898,0.080891,0.002526,#
9,0.192163,0.328626,-0.075625,-0.258884,-0.237396,0.081882,0.441271,0.284782,0.193709,1.0,-0.34249,0.117659,0.441731,0.472565,0.326399,0.257823,-0.221535,0.21525,0.210785,-0.093648,-0.170659,0.293954,0.302918,0.055523,-0.023098,-0.15613,0.280642,-0.05283,0.137304,0.505058,-0.167748,0.104815,0.205338,-0.099538,-0.352349,0.211767,-0.138192,-0.010113,0.140478,-0.15465,0.0409,0.134786,0.033633,-0.115581,-0.016983,-0.475512,0.227923,-0.017018,-0.172212,0.228506,-0.124797,-0.160084,0.048457,-0.300003,0.096449,-0.119003,0.001101,-0.354424,-0.077793,0.091322,0.365414,0.075556,-0.414112,0.057597,0.231892,0.215575,-0.082526,0.28962,0.069618,-0.142671,-0.051351,-0.021503,-0.28033,-0.372826,-0.084311,0.247749,-0.014743,-0.186728,-0.004593,0.041698,-0.17213,-0.395969,-0.379126,0.027678,-0.240956,-0.054906,-0.382778,-0.040043,0.045096,-0.218821,-0.24713,-0.247373,-0.300052,0.22847,0.169345,-0.144509,-0.139327,0.023967,0.120223,-0.292847,-0.14944,-0.147512,-0.254548,-0.009277,-0.09295,-0.114958,-0.451183,-0.091546,-0.182406,-0.415612,-0.001542,0.397386,-0.102203,-0.341537,-0.259746,-0.25249,-0.258874,-0.134061,0.327687,-0.456253,-0.049803,-0.35583,-0.280397,-0.440929,-0.527614,0.129244,0.08056,0.09112,-0.196823,-0.279404,-0.191995,0.082995,-0.376253,-0.047015,-0.330556,-0.329507,0.058598,-0.200352,0.034291,-0.427377,0.01339,-0.186301,-0.400406,-0.36535,-0.233345,-0.128948,-0.10596,0.364544,-0.372306,-0.362659,-0.256152,-0.429772,0.045878,-0.352288,-0.029748,-0.21028,0.259915,0.415177,-0.271593,-0.27184,0.072448,-0.153285,0.020055,0.054987,0.286206,0.348576,-0.338321,-0.059632,-0.457695,0.009624,0.059231,0.015807,-0.2611,-0.106992,0.319958,-0.370085,-0.081432,0.137957,0.477924,-0.345411,0.312961,0.152093,-0.334033,-0.323861,0.321084,-0.056111,0.3935,-0.089863,-0.27621,0.321331,0.044086,-0.059614,0.209314,0.463913,-0.158145,-0.071588,-0.072954,-0.154108,0.268695,0.16776,#
10,0.023888,-0.1489,-0.089705,0.099335,0.124071,0.173228,0.032503,-0.016341,-0.181787,-0.34249,1.0,-0.160197,-0.225381,-0.498336,-0.127336,0.028758,0.175311,-0.188472,0.152261,-0.234609,0.053874,-0.128817,-0.164134,-0.08607,-0.066459,-0.083601,-0.294769,-0.004555,-0.037042,-0.40253,0.149906,-0.076562,-0.269069,-0.131416,0.436745,-0.17591,0.012381,0.135525,0.01223,0.300723,-0.119391,-0.148545,-0.04728,-0.082074,0.029957,0.325278,-0.334827,0.014982,0.257609,-0.190323,0.06968,0.218463,-0.073759,0.058119,0.134897,0.075832,-0.229341,0.245276,-0.126483,-0.061973,-0.209862,0.050922,-0.009013,-0.100362,0.119651,-0.220792,0.049141,-0.161729,0.268802,0.094234,0.040586,-0.133623,0.018865,-0.014509,-0.130846,0.083829,-0.156172,0.100352,-0.050238,-0.248238,0.085744,0.197402,-0.001942,-0.163817,0.034041,0.055582,0.194472,-0.088851,-0.13677,0.081978,-0.124971,-0.070771,0.079112,-0.283865,-0.181146,0.063588,-0.152576,-0.281098,0.044809,-0.02947,-0.07267,-0.199426,0.104277,-0.218489,-0.070958,-0.176815,-0.026308,-0.015641,-0.043054,0.296063,-0.144377,-0.135534,-0.10175,-0.123401,0.084233,-0.189642,-0.017218,-0.026801,-0.078871,0.271242,-0.161243,0.087691,0.058109,-0.039215,-0.149591,0.054965,-0.083685,0.156938,-0.146376,-0.043788,0.067078,-0.12519,0.055832,0.113381,0.262559,0.11194,-0.083285,0.019043,-0.247939,0.082565,-0.054109,0.301878,-0.004378,0.172146,0.221069,-0.047152,-0.215135,0.115991,0.146215,0.116461,0.063081,0.258972,-0.064078,0.017951,-0.022772,-0.101763,-0.464535,-0.296206,-0.182059,0.136535,-0.173477,0.108381,0.090984,0.090258,-0.212391,-0.184284,0.077166,0.061613,0.155573,0.077826,0.281829,-0.093199,0.109167,-0.014597,-0.105182,0.072697,0.180044,0.101822,-0.371732,0.234871,-0.076318,0.122847,0.339999,0.275305,-0.048081,-0.1073,-0.277874,-0.099611,0.313724,0.02143,-0.292742,0.102383,0.25196,-0.459535,0.139067,-0.001652,0.136138,-0.033167,-0.300893,-0.150127,#
11,-0.03371,-0.096497,-0.114949,-0.051386,-0.077954,0.093505,-0.028349,-0.144726,-0.126693,0.117659,-0.160197,1.0,0.009188,0.055493,-0.011003,0.125896,0.084726,0.133851,-0.08111,-0.067165,0.110555,0.01351,-0.173893,-0.157189,0.128722,-0.0621,-0.153885,-0.006682,-0.050824,-0.136024,-0.063054,-0.1122,-0.081812,-0.020677,-0.090958,0.179654,-0.247715,-0.01632,-0.119141,-0.053384,0.022732,0.119145,-0.018429,-0.286957,-0.198314,0.092949,-0.153522,0.121026,-0.160523,0.236095,0.038928,-0.025514,-0.061528,0.168923,-0.081985,0.074861,-0.089768,-0.101503,0.047228,-0.009586,-0.025054,0.126132,0.157563,-0.317698,0.048265,-0.066204,-0.142565,-0.14542,-0.185108,0.053075,-0.007999,-0.00625,0.00695,0.195899,-0.086937,-0.0054,-0.210361,-0.014091,-0.077791,0.124756,0.038068,0.074969,0.009278,-0.374055,0.155355,-0.191189,-0.080059,0.093843,-0.093262,0.244192,0.029705,-0.041647,-0.015585,0.104974,-0.000833,0.11652,-0.092989,0.066013,-0.043488,-0.044787,0.221733,0.161225,-0.303112,0.055135,-0.118712,0.126194,-0.047886,0.152225,0.186214,0.05503,-0.130071,-0.100272,-0.078095,-0.066488,-0.032152,-0.112315,0.086549,0.158102,0.200325,0.013692,0.239668,-0.171301,-0.002847,0.108995,0.021918,-0.126239,-0.003218,0.017824,0.243391,-0.047931,-0.043178,0.207308,-0.173928,0.245734,0.038328,-0.233368,-0.001546,-0.132498,0.019301,0.124531,-0.031896,-0.087765,-0.012314,0.104493,-0.037513,0.234132,-0.005067,-0.230464,-0.166735,0.013791,-0.116827,0.118462,-0.152944,0.161869,0.009556,0.250235,-0.031074,0.263139,-0.095357,-0.185568,-0.081091,-0.324134,0.059761,0.073134,-0.06218,0.133198,0.012295,0.065477,0.258142,0.070118,-0.062163,0.38584,0.020752,-0.089074,-0.06494,-0.114041,-0.263383,-0.080513,-0.002035,0.055274,-0.009195,-0.064667,-0.088008,-0.076541,0.055386,-0.04483,0.03475,0.379023,-0.012869,-0.068977,-0.081838,0.16095,-0.066012,0.067315,-0.127843,-0.273417,0.308876,-0.16493,0.056357,0.213801,#
12,0.443276,0.308609,-0.167836,-0.320385,0.05039,0.094895,0.301515,0.378689,0.091018,0.441731,-0.225381,0.009188,1.0,0.49011,0.169391,0.024088,-0.077348,0.030706,0.115592,-0.054083,-0.148773,0.256063,0.38102,0.035223,-0.270791,-0.282499,0.089027,-0.175212,0.109443,0.313396,-0.017466,0.111745,0.234232,-0.156607,-0.304658,0.292738,0.209289,-0.042404,-0.085358,-0.301064,0.06717,0.139517,0.221217,0.052881,-0.145708,-0.479862,0.206615,-0.02669,-0.107426,0.086087,-0.207664,0.026423,0.181277,0.00942,0.140451,0.167883,-0.143371,-0.248429,0.137302,0.086087,0.556807,0.169228,-0.207974,0.097947,0.053824,0.353403,-0.151933,0.276524,0.297075,-0.159218,0.152269,-0.067105,-0.424278,-0.358568,-0.275234,0.354094,0.083542,-0.075954,-0.014227,-0.166103,-0.128451,-0.338469,-0.195,-0.094866,-0.249949,-0.099201,-0.067192,0.13599,-0.089817,-0.369683,-0.25328,-0.302256,-0.452534,0.18478,-0.099565,-0.152631,0.062276,-0.156632,-0.010605,-0.330072,0.020265,-0.058772,-0.044139,0.056736,-0.054912,-0.163922,-0.325645,-0.197294,-0.206337,-0.334212,0.040124,0.3258,-0.239042,-0.26745,-0.176914,-0.166025,-0.111654,-0.315759,0.045203,-0.402121,-0.089484,-0.425747,-0.186605,-0.412378,-0.197525,0.030314,0.072621,0.269867,0.000447,0.061521,-0.401994,0.017704,-0.382079,0.024751,-0.392149,-0.061133,-0.044148,-0.385554,-0.016562,-0.269097,-0.020102,-0.019549,-0.3418,-0.156499,0.038908,0.062203,-0.269755,0.262147,-0.195123,-0.606267,-0.168522,-0.377968,0.045197,-0.303292,-0.067134,-0.298761,0.340634,0.407906,-0.092672,-0.381829,0.076086,-0.195706,-0.002865,-0.051237,0.297403,0.375115,-0.099682,-0.026198,-0.398277,-0.012475,-0.029609,0.076907,-0.307622,-0.010277,0.398775,-0.401069,0.042364,0.148057,0.464041,-0.340414,0.250268,0.169033,-0.038273,0.028258,0.26758,-0.16337,0.386003,-0.242467,-0.346231,0.41255,0.090237,0.090035,0.299434,0.151189,0.050106,-0.044074,0.091587,-0.119168,0.18709,0.1817,#
13,0.232157,0.236948,-0.081481,-0.229263,-0.130391,0.063526,0.002044,0.193977,0.054013,0.472565,-0.498336,0.055493,0.49011,1.0,0.331401,0.191609,-0.340137,0.342114,0.152915,0.065181,0.018487,0.388997,0.51545,0.270082,0.004804,0.013766,0.258243,-0.08735,0.10007,0.554419,-0.019521,0.16346,0.283619,-0.017849,-0.280152,0.21688,0.163369,-0.172866,0.06303,-0.344114,0.046745,0.283492,0.315672,0.17494,-0.080822,-0.536306,0.373768,-0.206981,-0.250011,0.085589,-0.050038,-0.108946,0.199375,-0.023398,0.009607,0.041542,-0.118445,-0.259595,0.048851,0.085589,0.458341,0.108417,-0.301894,0.075296,-0.025504,0.215622,-0.194364,0.408288,-0.169464,-0.023158,-0.133502,0.199259,-0.278731,-0.118575,-0.279993,-0.010391,0.026208,-0.215204,-0.114839,0.060099,0.019302,-0.401669,-0.185708,0.14439,-0.219986,-0.193652,-0.226757,0.021574,0.106718,-0.282295,0.049784,-0.234507,-0.327206,0.237981,0.026524,-0.099232,-0.14586,-0.02963,-0.108242,-0.173795,0.101294,-0.058141,-0.130227,-0.127983,-0.071945,-0.021397,-0.08843,-0.117153,-0.052227,-0.2869,0.084608,0.333695,-0.143393,-0.074084,-0.030824,-0.067418,-0.228398,-0.276958,0.261675,-0.439664,-0.186907,-0.376044,-0.112602,-0.238168,-0.326089,0.04833,0.036809,-0.00021,-0.083474,0.039571,-0.092481,0.18944,-0.304173,-0.192148,-0.634893,-0.268547,0.142251,-0.177264,0.160327,-0.300872,0.002774,-0.289085,-0.240084,-0.302081,-0.308062,-0.049163,0.049106,0.084854,-0.382482,-0.372462,-0.251351,-0.37446,-0.018942,-0.269692,-0.031507,-0.071238,0.407642,0.311003,-0.01275,-0.192843,0.189853,-0.151605,-0.05811,-0.044806,0.230438,0.284022,-0.14653,0.098986,-0.229852,-0.039828,-0.201626,0.056835,-0.301543,-0.172152,0.190373,-0.348013,-0.086907,0.000337,0.536134,-0.34801,0.376173,-0.03939,-0.309432,-0.117883,0.233232,0.123545,0.290518,-0.275355,-0.349018,0.276503,-0.01584,-0.067628,0.016374,0.25082,-0.143418,-0.20577,0.167077,-0.170426,0.405271,0.082027,#
14,0.008251,0.340679,0.004818,-0.321173,0.026731,0.069465,0.230496,0.042457,0.176875,0.326399,-0.127336,-0.011003,0.169391,0.331401,1.0,0.149901,-0.229082,0.162388,0.371488,-0.04404,-0.170596,0.162512,0.223533,0.11648,-0.108565,-0.041426,0.073369,0.195807,0.196449,0.259818,-0.254858,0.025434,-0.065762,0.019961,-0.099199,0.193092,-0.075109,-0.119541,0.180951,-0.035957,-0.156172,0.238444,0.124045,0.162223,0.381498,-0.210893,0.237679,0.030558,0.010406,-0.004984,0.118458,-0.162963,-0.046225,-0.153181,0.040209,-0.105752,-0.15896,-0.183887,-0.185383,-0.239198,0.147005,0.008463,-0.229623,0.297502,0.093614,0.061959,-0.205832,0.016588,-0.075309,-0.124555,-0.116123,-0.061818,0.029162,-0.322147,-0.279833,0.203293,0.014153,-0.200612,-0.198399,-0.089491,-0.079052,-0.596352,-0.458228,0.178381,-0.295283,0.000368,-0.192369,-0.126963,-0.211504,-0.148224,-0.012374,-0.155651,-0.134481,0.14712,-0.202795,-0.16652,-0.307584,-0.12725,-0.253167,-0.096635,0.099905,-0.224422,-0.23327,-0.254613,-0.243093,-0.245013,-0.402488,-0.020829,-0.26735,-0.151124,-0.060876,0.332992,-0.376188,-0.254012,-0.221573,-0.186096,-0.155349,-0.215197,0.000489,-0.295119,-0.13956,-0.220748,-0.376327,-0.199975,-0.29699,-0.342639,-0.079548,0.144921,-0.269021,-0.177121,-0.006193,-0.009904,-0.538899,-0.091395,-0.410443,-0.292528,0.126165,-0.020892,-0.000766,-0.315041,-0.255805,-0.1291,-0.153952,-0.157767,-0.350445,-0.142476,-0.17742,0.176943,-0.373064,-0.103095,-0.371516,-0.479653,-0.037886,-0.297832,-0.117884,-0.393222,0.037141,0.180171,-0.314797,-0.169652,0.193081,-0.21372,0.263825,0.158164,-0.08537,0.249289,-0.147481,0.187796,-0.079293,-0.160403,0.211003,0.133129,-0.182843,-0.13632,0.449361,-0.211013,-0.24417,0.18859,0.35774,-0.167282,0.464568,-0.025385,-0.05865,0.11424,0.341539,-0.264425,0.125104,-0.221805,-0.276201,0.142752,-0.027544,0.265029,0.314741,0.347955,0.055456,-0.082034,0.195542,-0.079169,0.024118,0.084031,#
15,0.065867,-0.060599,-0.156462,-0.299699,0.012815,0.165413,0.129204,0.230828,-0.196926,0.257823,0.028758,0.125896,0.024088,0.191609,0.149901,1.0,-0.128953,0.025173,0.105043,0.02381,0.035342,-0.02876,0.134792,-0.024442,0.04291,0.075362,-0.032025,-0.215589,0.222609,0.070034,-0.024974,-0.098298,0.120551,0.025245,-0.097394,0.05329,0.0596,0.077062,0.071474,0.070914,0.01798,-0.020601,-0.301891,-0.021077,-0.004979,-0.077932,0.055962,-0.028937,-0.249115,0.105231,0.237296,0.029467,0.010174,0.02778,0.171247,0.012254,-0.222581,-0.156014,-0.321869,-0.163022,0.16245,0.192944,-0.172424,0.021825,0.030269,0.044204,-0.272437,0.156372,-0.105957,0.126305,-0.095062,-0.028378,-0.034588,0.129168,-0.105669,0.077512,-0.138559,-0.136827,-0.102825,0.12913,0.062947,-0.238841,0.061846,0.147294,0.102368,-0.18882,-0.143469,-0.2044,0.034315,-0.045696,0.115142,-0.028498,-0.03783,0.146656,-0.160288,0.192172,-0.158007,-0.186791,-0.034489,-0.166053,-0.092245,-0.065879,-0.376351,-0.002869,-0.018969,-0.230216,-0.160808,0.183519,-0.006032,-0.064707,-0.068058,0.006442,-0.10964,-0.153204,0.110254,0.023625,-0.117485,-0.091441,0.160005,-0.083927,-0.222904,-0.049738,-0.041931,-0.190651,-0.286564,0.096479,-0.026907,0.010445,-0.368619,-0.194732,-0.112357,0.118479,-0.148464,-0.057511,-0.213728,-0.195637,0.023034,-0.056783,-0.09772,-0.327343,0.097248,0.083522,0.022981,0.037058,-0.11367,-0.134223,0.154243,0.079561,-0.148782,-0.199949,-0.117341,-0.05212,-0.095332,-2.8e-05,0.091402,0.061746,0.135058,0.127676,-0.307852,0.128746,0.283611,-0.136417,-0.05433,-0.00794,-0.241114,-0.092472,0.069443,0.038674,-0.0398,-0.118834,0.093276,-0.16975,-0.106004,-0.170298,-0.051011,-0.078632,-0.172709,-0.107084,0.117095,-0.068463,0.207189,-0.088874,-0.056153,0.021231,0.175698,-0.011279,0.144879,-0.034138,-0.298429,-0.021926,-0.164757,-0.128635,0.055343,-0.060599,-0.084153,-0.178412,0.162746,-0.184173,0.021072,0.073278,#
16,0.016249,-0.12872,-0.206513,-0.005431,0.054753,0.330667,-0.066632,-0.094227,-0.044307,-0.221535,0.175311,0.084726,-0.077348,-0.340137,-0.229082,-0.128953,1.0,-0.089777,0.076657,-0.150823,0.014282,-0.279698,-0.118583,-0.313346,-0.134364,-0.1241,-0.244009,-0.042938,-0.13163,-0.1354,-0.004982,0.126197,0.112648,-0.02248,0.092288,0.128523,0.116359,-0.087279,-0.295601,0.098681,0.036827,-0.153852,-0.00366,0.212497,0.026605,0.126619,-0.234639,0.109591,0.051537,0.018347,-0.026476,0.061591,0.081505,-0.110924,0.06682,0.024922,-0.064983,0.130678,0.101555,-0.09499,-0.159398,0.137469,0.338346,0.003991,-0.193189,0.023433,-0.087386,-0.063927,0.12429,-0.059982,-0.066664,-0.000209,0.000882,-0.08458,0.032673,0.10196,-0.199952,0.086621,-0.04098,-0.081173,-0.006497,0.129271,0.042236,-0.324551,-0.028164,-0.126383,-0.114578,0.0809,-0.086074,-0.223805,-0.173838,0.075952,-0.042538,-0.121571,-0.086484,-0.18284,-0.064082,-0.236661,-0.233698,-0.109392,0.09329,-0.065649,-0.08765,-0.017061,0.080453,-0.086496,0.055828,-0.042819,0.064829,0.049802,0.002202,-0.081542,0.059271,-0.081952,-0.086333,-0.072974,-0.202264,0.082775,-0.109301,0.046263,-0.118099,-0.057051,0.037011,-0.203163,0.145011,-0.195028,-0.282653,-0.17897,0.047559,-0.093292,-0.138806,-0.072407,0.05889,0.23278,0.065119,0.024797,0.084531,-0.31832,-0.024507,0.031549,-0.281737,0.192668,-0.065671,0.198624,0.140797,0.036458,-0.118698,0.02712,-0.054632,-0.045308,-0.121704,0.191546,-0.001087,0.073326,-0.195468,-0.2895,-0.231735,0.137044,-0.156788,0.144532,-0.137783,0.007435,0.189985,-0.068677,-0.08007,0.196971,0.093709,-0.131504,0.103106,-0.172856,-0.068611,0.032929,-0.121265,-0.006384,0.049504,-0.191312,-0.06077,0.110022,-0.211091,0.073709,-0.391095,0.097723,0.303478,0.070001,-0.095839,-0.033004,-0.006356,0.314451,0.151809,-0.182157,0.096942,0.205159,0.215579,-0.155628,0.065427,0.28414,0.12313,-0.001161,-0.394978,-0.11704,#
17,-0.021375,0.316764,0.294995,-0.048174,-0.087059,0.159521,-0.065657,-0.002336,0.212911,0.21525,-0.188472,0.133851,0.030706,0.342114,0.162388,0.025173,-0.089777,1.0,0.075379,0.328391,0.034922,0.280676,0.180892,0.029186,0.141596,0.146996,0.088768,0.09945,-0.137403,0.163427,0.136733,0.132387,0.108395,-0.011775,-0.021765,0.095384,0.022657,-0.039159,0.042137,-0.180445,0.012574,0.134287,0.011164,0.041871,0.051193,-0.352442,0.112009,0.235214,0.175079,-0.095466,0.046414,-0.249965,-0.078902,-0.105466,-0.073596,-0.007931,-0.171925,-0.360304,-0.211156,-0.095653,0.03574,-0.141162,-0.186976,0.052054,-0.09466,0.199723,0.020826,0.203662,0.035971,0.45989,0.127502,0.263499,-0.221012,-0.072915,0.05589,-0.112139,0.120494,-0.181704,0.104565,-0.204581,0.314357,-0.083837,-0.091558,0.109074,-0.0307,0.0508,0.00478,0.093857,0.068035,0.055608,0.197832,0.027031,-0.030384,0.44423,0.00812,0.175445,0.232656,-0.110229,-0.029042,-0.266187,-0.113204,0.097072,-0.036108,0.214038,-0.199758,0.043308,-0.104664,-0.210355,-0.145166,-0.073608,0.296966,0.112411,0.065596,-0.049294,0.177369,0.103962,-0.102281,-0.188626,0.551456,-0.3988,0.076737,-0.302354,-0.166723,-0.066873,-0.080419,0.047038,0.007727,0.051701,0.055805,0.040931,0.208185,0.211817,-0.012006,-0.166924,-0.050008,-0.05974,0.128869,-0.121483,0.048058,-0.062175,0.051998,-0.170161,-0.193059,-0.432904,-0.308964,-0.050529,0.068901,0.024519,0.078553,-0.062285,-0.167219,-0.114529,0.259209,-0.106744,-0.084955,-0.157799,0.218714,0.353104,-0.097545,-0.024244,-0.023639,0.224423,-0.00656,0.018682,-0.025905,0.30178,0.058444,-0.072486,0.050155,0.170953,-0.23818,-0.151672,-0.204026,-0.084165,0.070588,-0.025222,0.055995,-0.051517,0.356952,-0.392966,0.193437,-0.020066,-0.465252,-0.153372,-0.038049,-0.133983,0.17096,0.180176,-0.312258,-0.055697,0.121993,-0.174609,0.007161,0.213508,-0.392334,-0.082607,0.045739,0.023259,0.338478,0.165516,#
18,-0.020747,0.191287,0.002768,-0.211283,0.081392,-0.0738,0.197763,0.208082,0.053763,0.210785,0.152261,-0.08111,0.115592,0.152915,0.371488,0.105043,0.076657,0.075379,1.0,-0.276192,0.105225,-0.142913,0.03603,-0.076055,0.049234,0.054037,0.085303,0.255834,-0.01163,0.176319,-0.087205,0.114759,0.143072,-0.049823,0.165471,0.085851,0.126862,-0.041148,0.012089,-0.039297,-0.015636,0.215262,0.152568,0.11916,0.108552,-0.085347,0.08316,-0.173398,0.173655,-0.030523,-0.031918,0.008579,-0.001725,-0.127632,0.333102,-0.005393,-0.363275,-0.013306,-0.122896,-0.082366,0.034314,0.020574,-0.096929,0.447284,0.033442,0.149539,-0.019505,0.050818,0.067918,-0.190543,-0.097372,-0.202636,-0.106478,-0.158998,-0.022927,0.269287,-0.067683,-0.084173,0.103195,-0.307309,-0.194459,-0.282349,-0.445297,0.076283,-0.348434,-0.106047,-0.284289,0.046724,-0.153418,-0.112461,-0.268891,-0.289917,-0.134749,-0.22853,-0.319425,-0.184521,-0.118774,-0.308541,-0.07194,-0.190509,-0.04689,-0.135947,-0.129534,-0.411538,-0.064602,0.02302,-0.256163,-0.08393,-0.047495,-0.032842,-0.06347,0.195322,-0.127117,-0.254773,-0.085795,-0.136007,-0.161571,-0.191004,-0.089501,0.002893,-0.252691,-0.142541,-0.382808,-0.257356,-0.199853,-0.189676,0.033473,0.136173,-0.262283,-0.293,-0.048942,-0.145043,-0.208628,0.026822,-0.099945,-0.211624,0.133852,-0.142479,-0.099047,-0.264136,-0.47518,0.112409,-0.121683,-0.220816,-0.272559,-0.100864,-0.341664,0.291356,-0.351727,-0.264948,-0.326072,-0.108863,-0.096192,-0.199361,-0.126286,-0.403695,-0.016086,0.135527,-0.236298,-0.175584,0.051084,0.048867,0.14232,0.078309,0.059223,-0.051546,-0.072336,0.151946,-0.06858,-0.040724,0.24844,0.182879,-0.152349,-0.184345,0.317449,-0.052223,0.161364,0.231818,0.168308,-0.175933,0.118539,0.183914,0.256747,0.067175,0.400829,-0.130467,0.095926,-0.061014,-0.025347,0.244977,-0.020471,0.090236,0.484304,0.116613,-0.077893,-0.172978,0.391268,-0.030596,-0.372899,0.129247,#
19,-0.148759,-0.053117,0.15931,0.265078,-0.108662,0.086943,-0.219035,0.046285,-0.180252,-0.093648,-0.234609,-0.067165,-0.054083,0.065181,-0.04404,0.02381,-0.150823,0.328391,-0.276192,1.0,0.301843,0.139216,0.005454,-0.005278,-0.056299,0.003328,-0.011815,-0.175938,-0.042192,-0.132773,0.295663,0.172532,0.099122,0.150387,-0.148024,-0.310038,0.111898,0.096265,-0.299448,-0.203148,0.071135,0.317026,-0.160781,0.083507,-0.086163,-0.19115,0.371717,0.185635,0.143745,-0.283726,-0.122086,0.04833,0.388082,-0.043044,-0.125193,0.101511,0.098352,-0.27315,0.033827,-0.180857,-0.03696,-0.292009,0.07915,0.054865,0.002384,0.051006,-0.079201,0.111417,-0.135716,0.160549,0.200254,0.251006,0.072584,0.084852,0.187265,-0.265118,0.355617,0.19163,0.455096,0.167917,0.368472,0.204732,0.249792,0.222801,0.217161,0.147434,0.297203,0.016516,0.280343,0.072604,0.302935,0.208426,0.169673,0.261898,0.023196,0.24073,0.219889,0.232101,0.056804,0.173273,-0.399549,0.18921,0.210717,0.297698,0.295432,0.319827,0.174757,-0.289459,0.129576,-0.222111,0.2799,-0.241579,-0.000375,0.46141,0.237772,0.136515,0.069724,0.145997,0.04451,-0.151486,0.33605,0.005523,0.084274,0.124356,0.182301,0.168228,-0.007395,0.028006,0.166001,0.312227,0.249268,0.332495,0.332324,-0.114098,0.192947,0.118876,0.164529,0.007522,0.131939,0.185327,0.197762,0.030544,0.089943,-0.174411,0.258133,0.335106,0.422591,-0.395893,0.406497,0.036411,0.152081,0.100317,0.263036,0.25912,0.026141,0.182717,0.223894,-0.069525,0.145022,-0.03606,0.041582,0.191948,-0.264497,0.106846,-0.068614,-0.088499,0.346267,-0.058672,0.165515,0.154137,-0.387811,-0.133625,0.210526,0.21899,-0.16722,0.096982,0.079355,-0.504243,-0.155444,0.047231,0.028188,-0.224146,-0.161871,-0.018382,-0.37077,0.072975,0.132596,0.123025,-0.085339,-0.291906,0.28221,-0.422965,-0.403619,-0.147556,-0.07161,-0.159341,-0.273046,0.291239,0.274833,-0.010727,#
20,0.146945,-0.162692,0.061428,0.0892,-0.297797,-0.000727,-0.265218,0.039032,-0.178452,-0.170659,0.053874,0.110555,-0.148773,0.018487,-0.170596,0.035342,0.014282,0.034922,0.105225,0.301843,1.0,-0.163907,-0.280705,-0.115771,0.205591,0.132903,-0.052626,-0.017712,-0.02527,-0.066468,0.454619,0.259546,0.072941,0.130439,0.03783,-0.33132,0.110886,0.188399,-0.123895,-0.224199,0.267723,0.158792,0.000224,-0.009955,-0.09898,-0.064424,0.114012,-0.067263,0.06643,-0.248795,-0.083419,-0.069895,0.307599,0.067933,0.078058,0.163255,-0.313543,0.068694,-0.069457,0.149274,0.018169,0.001778,0.165124,-0.011772,-0.053947,-0.087896,-0.263669,0.084644,-0.327385,-0.124765,0.044996,0.117085,0.122501,0.278588,-0.014484,-0.307341,0.08547,0.383693,0.225332,0.282601,0.077449,0.252497,0.275357,0.098129,-0.059177,-0.161196,0.100888,0.099986,0.375563,0.174109,-0.192754,-0.062838,0.106113,-0.022674,0.200909,0.102012,-0.120954,0.135497,0.131808,0.213978,-0.113864,0.158684,-0.151805,-0.034148,0.274303,0.127901,0.105868,0.21802,0.205037,0.244024,0.079383,-0.085904,-0.160483,0.310492,0.307324,0.249272,0.072992,0.048297,0.172478,0.245069,0.1886,0.208244,-0.179056,0.30639,-0.02709,-0.012374,-0.215267,-0.190754,-0.062446,0.236068,0.214021,0.143337,0.321092,0.106564,0.012659,0.113647,0.09305,0.019061,0.230549,0.153498,-0.137423,0.21724,0.34003,-0.046117,0.07054,0.196554,0.246552,-0.409349,0.06725,0.197954,0.050892,0.169583,0.195625,0.287445,-0.004896,0.170605,0.108531,-0.128195,0.167095,-0.057187,-0.029656,-0.019975,0.087925,-0.169143,-0.088774,-0.259645,0.158157,-0.029541,0.258434,-0.03837,-0.154753,0.077737,0.208765,-0.059556,-0.395535,0.115926,0.077155,-0.332979,-0.233381,0.221238,-0.039667,-0.021092,-0.09549,0.000486,-0.065713,0.310836,0.112586,0.236845,0.165846,-0.055093,0.002847,-0.26557,-0.188141,-0.263021,-0.194583,-0.169244,0.051826,0.100761,0.158505,-0.041526,#
