0,1.0,0.425825,0.053917,-0.212473,0.19742,0.122688,0.02055,0.090004,0.12973,0.171541,-0.175612,-0.019969,0.343454,0.396985,0.053794,-0.2008,0.131897,0.391609,0.043105,-0.185335,-0.134962,0.146213,0.356336,-0.014068,-0.262298,-0.260599,0.077347,-0.062219,0.16002,0.40284,-0.121428,0.139299,0.083965,-0.169359,-0.082933,0.094389,-0.137449,-0.046207,-0.044743,-0.058782,-0.070248,0.051968,0.022435,0.280172,-0.002438,-0.440093,0.264561,0.147711,-0.24859,-0.097993,0.026178,-0.131237,0.057661,-0.181099,-0.113957,-0.105572,-0.025108,-0.084029,0.064635,0.242698,0.222561,0.033411,-0.142,-0.060501,0.045457,0.38508,0.042111,0.243164,0.16833,-0.008417,-0.100895,0.079561,-0.339828,-0.128904,-0.247773,0.238346,-0.052677,-0.203814,-0.202429,-0.139023,-0.20303,-0.122307,-0.147443,0.23624,-0.140321,-0.049743,-0.147519,-0.106835,0.065134,-0.327891,-0.241505,-0.299252,-0.25732,0.186137,0.055005,-0.206733,0.111572,-0.229822,-0.170381,-0.352081,0.093236,-0.369287,-0.059721,0.075766,-0.280721,-0.038663,-0.25378,-0.130453,-0.421619,-0.030173,0.22066,0.200217,-0.146656,-0.16351,-0.336247,-0.030257,-0.272154,-0.337226,0.180694,-0.452764,-0.275524,-0.232445,-0.266575,-0.178923,-0.27628,0.005096,-0.090068,0.013059,0.002103,-0.248289,-0.13461,-0.186369,-0.148391,0.063604,-0.319267,-0.135502,0.198054,-0.338545,-0.11295,-0.197362,0.023484,-0.398747,-0.454063,-0.223574,-0.118562,-0.175861,-0.21608,0.224198,-0.182577,-0.290349,-0.223063,-0.394095,-0.001488,-0.204871,-0.276497,-0.277591,0.387957,0.395249,-0.339928,-0.110337,-0.349972,0.049942,-0.033836,-0.265909,-0.10591,0.239189,-0.208598,-0.146461,-0.109242,-0.21932,0.060539,0.136474,-0.388841,-0.178478,0.271942,-0.364076,-0.098013,0.168266,0.39084,-0.462565,0.084541,0.049155,-0.231522,0.010275,0.357664,-0.262308,0.281262,0.039018,-0.188774,0.486726,0.043906,0.127923,0.322169,0.30708,-0.057525,0.287109,0.067347,-0.371796,-0.039449,0.231628,#
1,0.425825,1.0,0.124626,-0.146408,0.183738,-0.01629,0.35472,0.196319,0.214244,0.298222,-0.187475,-0.218583,0.401178,0.266136,0.324652,-0.094156,-0.072105,0.332124,0.338922,-0.021561,0.051955,0.227357,0.314675,0.020235,-0.349506,-0.150908,0.352556,0.025134,0.290996,0.462762,-0.530511,-0.005769,0.214625,0.016634,-0.059384,0.041618,-0.059948,-0.09141,-0.046157,-0.147226,-0.213554,0.261684,-0.101682,0.187719,0.074345,-0.414859,0.386606,0.225807,0.047933,0.259563,0.110271,-0.210132,-0.113638,0.007788,0.103438,-0.21395,-0.202707,-0.063738,-0.124195,0.061115,0.106583,0.163805,-0.31961,0.262159,0.023031,0.280841,-0.064653,0.388465,0.251748,-0.17457,-0.084162,-0.108093,-0.134363,-0.377613,-0.339005,0.436777,-0.293039,-0.363782,-0.372373,-0.468298,-0.329893,-0.380633,-0.431374,0.130168,-0.380632,-0.083069,-0.337801,-0.127172,-0.246521,-0.204832,-0.120182,-0.360261,-0.559373,0.031598,-0.22769,-0.031027,0.233836,-0.306766,-0.098538,-0.297237,0.01271,-0.447623,-0.51911,-0.132207,-0.580701,-0.233397,-0.60211,-0.182436,-0.660791,-0.171587,0.191507,0.264984,-0.144473,-0.52322,-0.157223,-0.058993,-0.294999,-0.514342,-0.018983,-0.500636,-0.364579,-0.182639,-0.329688,-0.441766,-0.032862,-0.027533,-0.310203,0.002764,-0.140277,-0.258835,-0.364077,-0.44066,-0.358229,0.044372,-0.292898,-0.220819,0.09255,-0.205203,0.064748,-0.426799,-0.325523,-0.026649,-0.543516,-0.127503,-0.141671,-0.276636,-0.27237,0.406079,-0.333201,-0.414882,-0.145235,-0.4237,-0.116598,-0.174967,-0.366503,-0.146448,0.371042,0.481419,-0.280752,-0.039946,-0.107734,-0.081942,0.131407,-0.025944,-0.227918,0.479451,-0.266398,0.015086,-0.179548,0.000902,-0.139153,0.009296,-0.234489,-0.354476,0.377542,-0.160427,-0.266727,0.344977,0.426952,-0.389941,0.164677,0.152641,-0.184102,0.012643,0.354405,-0.11561,0.279216,-0.10876,-0.250089,0.503067,0.034955,0.580632,0.354432,0.235307,-0.225486,0.066753,0.288737,-0.432938,-0.195683,0.195488,#
2,0.053917,0.124626,1.0,0.232063,0.280395,-0.194487,0.016661,-0.019592,-0.062937,-0.067839,-0.078822,-0.011794,-0.029873,-0.135829,-0.151795,-0.272282,-0.039992,-0.003199,-0.113556,0.011787,-0.064386,-0.151229,0.217581,-0.181286,-0.106788,-0.139063,0.261452,-0.190284,-0.16413,0.101806,-0.010426,0.144214,-0.197617,0.039866,-0.136869,-0.009028,0.308946,-0.158886,0.188895,-0.111422,-0.079549,0.12172,-0.030039,0.032547,0.025548,-0.095508,0.018715,0.475878,-0.037897,-0.026323,-0.141756,0.227073,0.069605,0.102082,-0.0999,-0.078189,-0.194571,-0.085844,-0.32174,-0.14527,-0.061951,-0.236628,-0.089928,-0.031906,-0.150276,0.043081,-0.184263,0.011417,0.035457,0.264409,0.291444,0.207656,-0.006461,0.030206,-0.083546,0.185875,-0.128244,-0.278532,-0.214508,0.005283,0.139958,0.016402,0.001825,0.236022,0.027525,0.054888,-0.096047,0.119797,-0.034648,-0.087349,-0.132825,-0.072751,-0.093026,0.110943,-0.169291,0.015981,0.244687,-0.036932,0.152722,-0.124765,-0.025261,-0.082372,-0.04072,0.002581,-0.092513,-0.190954,-0.008871,0.171963,-0.177382,0.228766,0.331478,-0.061626,-0.073353,-0.097914,0.410977,0.004629,-0.172011,-0.290101,0.065267,-0.209222,-0.086844,-0.135309,0.239406,-0.054741,-0.096419,-0.021518,-0.313564,-0.007864,0.023692,-0.06234,0.274387,-0.208109,-0.221025,-0.045661,0.014016,0.02473,0.315653,0.239423,0.262686,-0.037192,0.103527,0.296958,-0.007538,-0.213924,-0.00356,0.327292,-0.084377,0.174716,-0.020858,-0.07017,-0.223926,-0.025946,0.16423,-0.123901,-0.054082,-0.076877,0.054359,0.162555,0.115254,-0.128054,0.046115,0.025421,0.165586,-0.017375,0.082104,-0.064923,-0.346212,-0.133591,0.055791,-0.067378,-0.042544,-0.089376,0.034649,0.019528,-0.107465,0.067558,-0.042442,0.076057,0.020797,-0.093987,0.038942,-0.292678,-0.201589,0.213839,-0.007911,0.020432,-0.078134,-0.160973,-0.238608,0.105991,0.344054,0.217186,0.094385,0.088463,0.049638,-0.245879,0.131847,-0.016364,0.118454,0.04327,#
3,-0.212473,-0.146408,0.232063,1.0,0.000397,-0.22703,-0.314856,-0.333221,-0.30063,0.018044,0.254344,-0.054699,-0.201224,-0.28939,-0.212252,-0.126087,-0.079636,-0.026039,-0.114658,0.157252,0.129634,-0.227479,-0.13703,-0.027919,0.072064,0.129333,-0.141673,0.001185,-0.138479,-0.172252,0.434144,-0.121852,-0.435827,-0.051507,-0.013398,-0.443369,0.098917,0.045294,0.166465,0.125782,0.078997,0.067842,-0.043679,-0.19803,-0.054937,0.257129,-0.185293,-0.073807,0.270912,-0.253091,0.052407,0.455103,0.037392,0.168993,0.037585,0.037959,0.092176,0.050463,-0.17703,0.117392,-0.154977,-0.042642,0.013676,-0.158412,0.080827,-0.244038,0.047374,0.024134,-0.131015,0.214734,0.117003,0.300379,0.285968,0.337998,0.16131,-0.276084,0.045633,-0.100701,0.267915,0.214959,0.15213,0.452627,0.247552,0.110127,0.181402,-0.020733,0.121841,0.25091,0.050805,0.263882,0.293092,0.219278,0.34048,-0.19323,0.247305,0.234345,0.041412,-0.091129,0.118919,0.355995,0.114308,-0.069432,0.277971,0.027144,0.101889,0.357139,0.178891,0.197548,0.243417,0.239784,-0.117814,-0.111049,0.37439,0.247767,0.057931,0.061404,0.423383,0.138321,0.10679,0.048883,0.314852,0.153337,0.406305,0.131247,0.043205,0.117957,-0.035675,-0.019755,0.165308,0.183883,0.485765,0.04735,0.081552,0.000389,0.227147,0.392052,0.043919,0.278512,0.171246,0.220864,0.349716,0.248617,0.145293,0.048062,0.242728,0.399964,0.221568,-0.264981,0.185517,0.320181,0.117525,0.305691,0.147882,0.166413,0.180314,0.028163,-0.31675,-0.232737,0.259885,0.08369,-0.380511,-0.059657,0.002014,-0.105872,-0.031759,-0.085953,-0.004427,-0.020125,0.058437,0.135347,-0.147893,-0.107195,0.167236,0.110095,-0.304709,0.096202,0.155648,-0.039586,-0.341064,0.288603,-0.323391,-0.097105,-0.084026,-0.064636,-0.168052,-0.028844,-0.094597,0.061669,0.257994,-0.314949,0.058466,-0.113231,-0.277256,-0.106406,0.014804,-0.245034,-0.295286,0.126257,-0.026936,-0.08708,#
4,0.19742,0.183738,0.280395,0.000397,1.0,-0.036949,0.18538,-0.066996,-0.082148,0.052191,0.100741,0.076312,-0.039216,-0.097071,0.330921,-0.188153,0.196148,0.194879,-0.060176,-0.007854,-0.082131,-0.017918,-0.007336,-0.038936,-0.220867,-0.138199,0.080428,-0.059249,0.060535,0.163317,-0.099792,-0.030499,-0.051508,-0.139142,-0.21017,0.048475,-0.183057,-0.337659,0.024032,0.219487,-0.263856,0.028337,-0.108722,-0.025019,-0.113993,-0.111572,0.111118,0.205571,-0.105651,0.101228,0.237075,-0.223776,0.031963,-0.133589,0.173286,-0.22669,-0.444538,0.015154,-0.250631,-0.269085,-0.109375,0.117376,-0.051463,0.205608,-0.019631,0.213499,0.075024,0.033632,0.02324,0.090528,-0.191275,-0.081927,0.018286,-0.054086,-0.192363,0.315403,-0.142881,-0.44636,-0.231223,-0.325827,-0.200547,-0.230564,-0.331265,0.044219,-0.226563,-0.148923,-0.172585,-0.289192,-0.238007,-0.191565,-0.131217,-0.309757,-0.09716,-0.129979,-0.166748,-0.083282,0.071601,0.001945,-0.021137,0.016631,-0.035471,-0.265125,-0.129402,-0.025722,-0.258712,-0.234361,-0.287196,-0.14289,-0.195854,0.151798,0.034323,-0.166849,-0.325495,-0.19065,-0.095951,-0.20404,-0.273575,-0.297431,-0.151181,-0.117823,-0.43285,-0.099671,-0.167683,-0.080138,-0.134472,-0.270611,-0.177838,-0.060121,-0.315574,-0.161526,0.025206,-0.390207,-0.400227,-0.2929,-0.080055,-0.356358,0.342674,-0.117585,-0.199732,-0.014121,-0.02896,-0.076105,-0.028678,-0.305734,-0.273663,-0.123031,-0.137337,0.079596,-0.255036,-0.173151,-0.257113,-0.193205,-0.265307,-0.074451,-0.392603,-0.199637,0.267209,0.244877,-0.227347,-0.174939,-0.086691,-0.134767,0.177356,0.020948,-0.377492,0.237296,-0.031877,0.246265,0.020658,-0.140713,0.180653,-0.131619,-0.15868,-0.219676,0.063372,-0.226278,-0.328187,-0.132522,0.186616,-0.093821,0.186268,-0.045625,0.373023,0.150788,0.053919,-0.126141,0.063972,-0.078859,-0.074557,0.103232,0.00282,0.3392,0.098214,0.076523,0.226348,-0.265722,-0.020741,-0.196503,-0.425528,0.364074,#
5,0.122688,-0.01629,-0.194487,-0.22703,-0.036949,1.0,0.088914,0.127696,0.179664,-0.00287,0.237492,0.089197,-0.021319,0.069864,0.022507,8.4e-05,0.178594,-0.027392,-0.280338,0.140575,-0.237435,0.206001,0.133361,-0.189311,0.180167,-0.358606,-0.043832,0.145681,-0.065155,-0.161944,-0.074835,0.196326,-0.146865,-0.112408,-0.109136,-0.069979,-0.238382,0.093887,-0.080707,-0.211964,-0.09417,0.191104,0.033585,0.30821,0.21914,-0.046524,0.052983,0.096698,0.065922,0.287048,0.022537,0.070801,0.203734,-0.166744,-0.128803,-0.043897,0.202598,-0.115335,0.126986,0.053239,0.078335,-0.074919,0.015405,0.093363,0.051151,0.049858,-0.227023,-0.031439,-0.033283,0.138464,0.058444,0.008795,0.004752,-0.13389,-0.173531,0.146607,-0.05511,0.116195,-0.133059,-0.165191,0.147014,-0.139773,-0.030444,-0.244795,-0.047592,0.114222,-0.159372,-0.357936,0.017332,-0.332578,-0.049393,0.038361,-0.179737,0.071196,0.077914,-0.019657,0.071693,-0.05082,0.000877,-0.221273,-0.137437,0.071537,0.113483,-0.083624,0.077109,-0.070218,0.067066,-0.170435,-0.175481,-0.220834,0.134524,0.257803,-0.143233,-0.261872,-0.233806,-0.333359,-0.270611,0.097328,-0.06937,-0.140265,-0.032289,-0.207341,0.147792,-0.142494,-0.080125,0.13023,0.025688,0.122593,-0.093787,0.051031,-0.145349,0.024664,0.029904,-0.035457,-0.054013,-0.118668,-0.07541,-0.265529,-0.19668,-0.258608,-0.035602,-0.229371,-0.345493,0.016633,0.07788,-0.016136,-0.307902,-0.062983,0.199561,-0.188746,-0.037528,-0.000938,-0.188171,0.175018,-0.120144,0.147894,0.050632,0.128537,-0.2122,0.1057,-0.084699,-0.023467,0.035215,0.026004,0.010143,0.095262,0.148126,0.057755,-0.057454,-0.237066,0.08942,0.083076,-0.073416,0.197359,0.073952,0.01218,0.013935,0.217519,0.196893,-0.067613,0.180405,0.246996,0.016745,-0.067336,-0.164965,-0.060022,0.074329,0.137446,-0.132612,0.098741,0.01245,-0.197568,0.276745,-0.191124,0.045238,0.172243,0.090326,-0.07032,-0.027229,0.187484,#
6,0.02055,0.35472,0.016661,-0.314856,0.18538,0.088914,1.0,0.359922,0.482265,0.077292,0.027695,-0.157474,0.266651,0.044026,0.391568,-0.116632,-0.147711,0.033434,0.053824,0.092075,-0.005798,0.218027,0.174214,-0.043043,-0.049744,-0.127506,0.164329,-0.230533,0.197373,0.171667,-0.471833,-0.095284,0.161299,0.144274,-0.18132,0.062165,0.084437,-0.267989,0.083113,0.080139,-0.035047,0.352661,-0.182584,0.127482,-0.064998,-0.134612,0.223074,0.29607,0.084643,0.076333,0.053917,-0.279991,0.024792,-0.318676,-0.182251,0.074553,0.099547,-0.008838,-0.065523,0.221364,0.012273,0.097,-0.221005,0.194836,0.234228,0.249865,0.034725,-0.074615,0.123277,-0.220241,0.114297,-0.197759,-0.087086,-0.356834,-0.388829,0.453321,-0.060327,-0.179969,-0.195189,-0.125287,-0.164446,-0.367398,-0.221622,-0.202444,-0.459417,0.07334,-0.0849,0.110814,-0.298985,-0.219714,-0.297395,-0.21791,-0.382685,0.260749,-0.349083,-0.161483,0.038619,0.048638,-0.066798,-0.115756,-0.110057,0.016863,-0.04192,0.101114,-0.142144,-0.277259,-0.09026,-0.178638,-0.219108,-0.298894,0.267326,0.343219,-0.308875,-0.476225,0.13062,0.048327,-0.161988,-0.185137,-0.106083,-0.359906,-0.225833,-0.266375,-0.237452,-0.405829,-0.020472,0.055329,-0.10489,0.323561,-0.308664,-0.067548,-0.320955,-0.521964,-0.363423,-0.096622,-0.123679,-0.227088,0.036576,0.01231,-0.039931,-0.39679,-0.255404,-0.089714,-0.177303,-0.065141,-0.092358,-0.284539,-0.260304,0.655104,0.08194,-0.396067,0.013796,-0.174842,-0.119225,-0.274202,-0.209079,0.125082,0.318606,0.312652,-0.153085,-0.207188,0.347471,0.121681,0.272759,-0.045603,0.059221,0.319739,0.021919,-0.165652,-0.231558,0.053188,-0.031471,-0.125772,-0.10922,-0.06213,0.18135,-0.020097,-0.105925,0.19937,0.557796,-0.174548,0.213945,0.261719,0.000747,-0.031859,0.28256,-0.095505,0.293418,-0.017621,-0.393682,0.27778,0.219966,0.270203,0.164027,0.006835,0.068852,-0.008092,0.211552,-0.103591,-0.088653,-0.156438,#
7,0.090004,0.196319,-0.019592,-0.333221,-0.066996,0.127696,0.359922,1.0,0.232136,-0.083571,-0.176447,-0.1019,0.11424,0.17125,0.062388,0.066692,0.013957,-0.065181,-0.07221,-0.024735,-0.047073,0.357522,0.13091,0.289591,-0.201217,-0.048269,0.370356,-0.006893,-0.010507,-0.117306,-0.373841,0.224213,0.102307,-0.037245,-0.047286,-0.00024,0.022668,-0.418216,0.178479,-0.155485,0.044583,0.176352,-0.065517,0.155059,-0.070644,-0.007761,0.138849,0.248434,-0.071343,0.060762,-0.088127,-0.174186,0.1948,-0.098292,-0.301829,-0.047765,0.201721,-0.200932,0.177071,0.134223,0.042276,0.083908,-0.20577,0.27353,0.187514,0.233069,-0.144474,0.076026,0.253752,-0.203852,0.162467,0.085427,-0.244647,-0.013628,-0.252122,0.272272,-0.13524,-0.016269,-0.287343,0.047937,-0.021654,-0.195527,0.029847,-0.096644,-0.122135,0.238189,0.045205,0.020245,-0.037077,-0.232748,-0.155574,-0.199153,-0.17324,0.142344,-0.287434,-0.086715,0.041252,0.062338,-0.131044,-0.275325,-0.03878,-0.079934,0.038827,-0.014405,-0.114714,-0.215879,-0.04717,-0.174278,-0.244419,-0.373936,0.160244,0.086502,-0.326661,-0.152064,0.145702,0.000539,-0.26812,0.080166,-0.316204,-0.102177,-0.0901,-0.318212,0.017562,-0.334404,0.091393,-0.036611,-0.088935,-0.012028,-0.084427,-0.056588,-0.399338,-0.180056,0.040925,-0.08396,0.151922,-0.030624,0.204152,-0.059482,0.011312,-0.387248,-0.348874,-0.072698,-0.173629,0.160386,-0.024414,-0.116545,-0.405764,0.304422,-0.085934,-0.111102,-0.092791,-0.031928,-0.173817,-0.19653,0.119403,0.11928,0.226139,0.050098,-0.206672,0.093348,0.21529,0.065852,-0.023362,0.044579,0.137565,0.099795,-0.02117,-0.220514,-0.238042,-0.078472,-0.010275,-0.017207,-0.294453,-0.083455,0.14769,0.002144,-0.007039,0.018405,0.165397,-0.295565,0.116911,0.158442,0.151157,0.01551,-0.041143,0.102704,0.038259,-0.153864,-0.097044,0.181451,0.262354,0.151711,0.169105,-0.170124,0.044452,0.249268,0.103909,-0.226431,-0.229108,0.013309,#
8,0.12973,0.214244,-0.062937,-0.30063,-0.082148,0.179664,0.482265,0.232136,1.0,0.194999,-0.026503,-0.144809,0.376765,0.19709,0.236141,-0.252351,-0.260555,0.187473,0.157891,-0.061995,0.132832,0.121885,0.289795,0.09097,0.156029,-0.232739,0.331391,0.027086,0.309524,0.169197,-0.241938,0.04257,0.218421,0.001624,-0.255248,0.1067,0.169945,-0.213342,-0.048286,-0.004605,0.186681,0.072285,-0.09006,0.173819,0.152487,-0.368471,0.303913,0.276045,0.027091,0.01731,-0.130012,-0.206605,0.067654,-0.007418,-0.271856,-0.105513,0.119535,-0.110927,0.316415,0.070956,0.147857,-0.049447,-0.133104,0.103817,0.122884,0.314669,0.02234,-0.006556,0.21265,-0.125127,0.193864,-0.06489,-0.125299,-0.072926,-0.146684,0.212057,-0.081009,-0.102533,-0.171134,-0.278288,0.062837,-0.338951,-0.137173,-0.23583,-0.240205,0.206502,0.021416,0.009581,-0.058766,-0.148534,-0.267931,0.025216,-0.596726,0.499287,-0.136712,0.00904,0.131623,0.004889,0.12689,-0.159431,-0.096893,0.116588,0.040576,0.081159,0.043551,-0.258644,-0.224132,-0.069975,-0.123157,-0.193864,0.412564,0.354114,-0.170664,-0.290595,0.086923,-0.082788,-0.156103,-0.082112,0.091656,-0.193258,-0.146461,-0.262887,-0.012138,-0.379148,0.087372,0.172818,-0.077443,0.188032,-0.05804,-0.130715,-0.232294,-0.375332,-0.091245,0.060069,-0.055946,0.008403,-0.188442,-0.061236,0.203139,-0.111335,-0.163673,-0.128994,-0.222245,-0.174993,-0.117001,0.003835,-0.20613,0.327089,0.082644,-0.198291,0.142659,-0.18198,0.02027,-0.294959,0.03219,0.104629,0.446171,0.445854,0.035118,-0.081416,0.144541,0.047806,0.162068,-0.015341,0.164055,0.320223,0.009019,-0.124106,-0.283454,-0.013055,-0.257142,0.203262,-0.17794,-0.164914,0.260595,-0.026541,-0.204617,0.154892,0.476897,-0.311165,0.143745,0.190491,-0.190631,-0.030771,0.100505,0.023434,0.35273,0.004699,-0.403422,0.209539,0.247185,0.006882,0.153705,-0.085728,-0.018651,0.106075,0.244154,-0.105961,0.174769,-0.110805,#
9,0.171541,0.298222,-0.067839,0.018044,0.052191,-0.00287,0.077292,-0.083571,0.194999,1.0,0.033149,-0.288217,0.266594,0.149378,0.210057,-0.024418,-0.266077,0.226991,0.21808,-0.169425,-0.109133,0.168957,0.237464,0.154703,-0.209628,0.023817,0.18913,-0.025293,0.069724,0.342667,-0.092881,0.083367,0.139576,0.241951,-0.282821,-0.123785,-0.082287,-0.089058,0.045064,-0.047724,-0.062684,0.089687,0.160918,0.158328,0.029864,-0.375485,0.142269,0.020312,-0.202898,0.105415,-0.05284,-0.000531,0.073414,-0.163409,0.032692,-0.300119,-0.066452,0.076389,-0.09204,-0.091887,0.25629,-0.021471,-0.423865,0.115497,0.007221,0.165445,-0.000817,0.081935,0.044616,-0.102485,-0.097159,-0.20861,-0.029529,-0.247089,0.023032,0.094757,-0.111492,-0.345495,-4.2e-05,0.011809,-0.171651,-0.088958,-0.139516,0.028815,-0.017409,0.053211,-0.293732,-0.222108,-0.126141,-0.052211,-0.091706,-0.14964,-0.315038,-0.011901,-0.058062,0.007841,-0.012732,0.073419,0.07391,-0.21698,-0.161923,-0.375125,-0.173808,-0.109158,-0.188655,-0.011565,-0.272715,-0.169664,-0.246122,-0.170875,0.115515,0.295137,-0.008262,-0.325405,-0.350334,-0.089988,-0.110097,-0.203616,0.224977,-0.443096,-0.182456,-0.114236,0.069205,-0.276758,-0.226087,0.300468,-0.128481,-0.119179,-0.123498,-0.035701,0.013854,-0.223609,-0.190003,0.181776,-0.332415,0.045054,0.077906,-0.047538,0.133608,-0.251294,-0.099209,-0.050991,-0.377395,-0.113531,-0.121692,-0.121111,0.13556,0.21057,-0.282113,-0.008874,-0.336252,-0.129753,0.0901,-0.018832,-0.102979,-0.089141,0.214849,0.420934,-0.162931,-0.124567,-0.228981,-0.001026,-0.033747,0.046341,-0.182473,0.213881,-0.250328,-0.127292,0.001401,0.089019,-0.014548,0.132628,0.076223,-0.192731,0.34231,-0.228096,-0.02064,0.021327,-0.051991,0.169021,0.025044,0.276223,-0.269424,-0.033633,-0.095239,0.037444,0.173712,-0.271314,-0.084623,0.374732,-0.004772,0.055388,-0.142577,0.123287,0.031461,-0.247167,-0.007004,-0.153262,0.105441,-0.053733,#
10,-0.175612,-0.187475,-0.078822,0.254344,0.100741,0.237492,0.027695,-0.176447,-0.026503,0.033149,1.0,0.103234,-0.454287,-0.277244,0.036212,0.283591,0.189653,-0.178974,-0.026765,-0.185017,-0.099779,-0.012851,-0.085496,-0.074988,0.233908,0.079864,-0.176302,0.042232,-0.026681,-0.288038,0.190928,-0.021119,-0.071005,-0.018988,0.217777,-0.004,-0.103877,0.011297,-0.053545,0.209184,-0.133311,-0.132002,-0.106784,0.151895,0.138509,0.162492,-0.328797,-0.13657,0.15465,0.022122,0.037826,0.152104,0.022347,-0.172514,-0.054926,0.155443,-0.01092,0.124017,-0.106425,0.061934,-0.090267,-0.004906,0.092267,-0.151861,0.074458,-0.374722,-0.126039,-0.360965,-0.318531,0.235737,-0.141415,0.023292,0.334633,0.140791,0.01859,0.055306,-0.24959,-0.00326,-0.023303,-0.110987,-0.207717,0.081773,0.150051,-0.306641,-0.033724,-0.16894,0.04486,-0.065996,-0.303102,-0.028782,-0.07199,-0.119177,0.028702,-0.264051,-0.022755,0.126429,-0.186531,-0.014571,-0.114753,0.088866,0.049698,0.03535,0.129853,-0.113596,-0.067396,-0.093186,-0.009916,-0.04858,0.18639,0.197079,-0.244959,0.033717,0.026555,-0.184702,-0.143387,-0.158021,0.226693,-0.013911,-0.002086,0.2522,0.12859,0.007861,0.162918,0.085396,-0.081777,-0.116749,-0.17714,0.114173,-0.180523,-0.082586,0.199652,0.087455,-0.139767,-0.060049,0.05309,0.195048,0.014069,-0.100544,-0.14394,-0.048411,-0.098818,0.044021,0.142882,-0.041553,-0.152855,-0.04238,-0.026446,-0.238552,0.065617,0.240677,0.07032,0.318548,-0.299053,-0.012448,-0.011913,-0.161441,-0.389777,-0.129305,-0.085996,0.10669,-0.197887,-0.042863,0.142531,-0.356624,-0.307431,-0.025649,-0.000655,0.201586,0.330992,-0.053489,0.035992,-0.046633,-0.154204,0.06449,-0.155337,0.01005,-0.114662,0.065541,-0.139657,0.289558,0.121199,0.151931,0.145362,0.203796,-0.145433,-0.184942,-0.142275,-0.065533,0.252388,-0.304342,-0.30461,-0.048604,0.02039,-0.146177,-0.036403,-0.110342,0.183101,-0.004491,-0.231779,-0.166639,#
11,-0.019969,-0.218583,-0.011794,-0.054699,0.076312,0.089197,-0.157474,-0.1019,-0.144809,-0.288217,0.103234,1.0,-0.237014,-0.161269,-0.05371,0.104635,0.048985,-0.056774,-0.327031,0.031381,-0.230445,0.088695,-0.159023,-0.12097,-0.02917,0.049544,-0.098851,-0.142382,-0.039646,-0.06283,-0.041076,0.068857,-0.036216,-0.029303,0.270862,0.008401,-0.430126,0.074277,-0.251699,0.126368,0.003075,0.059973,-0.121362,-0.320135,-0.061178,-0.016293,-0.262573,-0.070777,-0.112886,0.090144,-0.140997,0.051662,-0.086906,-0.066513,0.041928,-0.035687,-0.169836,0.002857,0.068876,-0.025232,-0.130077,0.039348,0.061654,-0.387902,0.157052,-0.227873,-0.114828,-0.144507,-0.176833,0.320878,0.071338,-0.063313,0.107715,0.102096,-0.22538,-0.184547,-0.18476,-0.011229,-0.033269,0.109554,0.275884,-0.025113,-0.070578,-0.20635,0.066137,0.150441,0.10741,0.001534,0.05643,-0.077823,0.177275,0.001111,0.083676,-0.057849,0.040504,0.104815,-0.024022,0.04955,-0.142969,0.068768,-0.044178,0.083565,-0.001132,0.01664,-0.153636,-0.026741,0.189641,0.026357,0.084388,0.236722,-0.150055,-0.02288,-0.255446,0.164219,-0.058335,-0.23315,-0.002614,0.231459,-0.16374,0.261543,0.079605,-0.124822,-0.028961,0.274265,-0.09812,0.015978,0.037982,-0.129582,0.095056,0.174929,-0.000987,0.128036,-0.007445,-0.168935,-0.003295,-0.073284,-0.035735,-0.151537,0.006464,0.140446,0.264733,-0.022392,0.17081,-0.035378,-0.194461,-0.012976,0.0625,-0.245678,-0.093421,0.25813,0.039968,-0.12348,0.011364,0.11951,-0.072645,0.082017,-0.172328,-0.226922,0.012495,0.142879,-0.019299,-0.202407,-0.032004,-0.021645,-0.104625,-0.130031,0.174447,0.238253,0.199355,-0.135636,0.156946,0.002703,0.025912,0.182316,-0.007276,-0.005436,-0.292322,-0.087672,-0.100013,0.086318,0.022228,-0.142802,0.12006,0.208791,0.14023,-0.100792,-0.007758,0.111758,0.100437,-0.212878,-0.18153,-0.030897,-0.030184,-0.056808,-0.058485,0.023069,0.140082,-0.027286,0.016579,-0.024025,#
12,0.343454,0.401178,-0.029873,-0.201224,-0.039216,-0.021319,0.266651,0.11424,0.376765,0.266594,-0.454287,-0.237014,1.0,0.412657,0.184149,-0.374873,-0.263006,0.378561,0.068196,0.19766,0.103336,0.21482,0.452501,-0.020597,-0.250657,-0.201397,0.250838,-0.231363,0.173063,0.209806,-0.344669,0.10104,0.353138,-0.10097,-0.205248,-0.026827,0.181485,-0.004005,-0.073531,-0.426798,0.186233,0.440151,0.119529,0.055364,0.059627,-0.458726,0.549702,0.282712,-0.159456,-0.021085,0.06522,-0.073208,0.071354,-0.010002,-0.279861,0.043894,0.185618,-0.143097,0.118524,0.078126,0.231914,0.144218,-0.088919,0.01078,0.069121,0.423747,0.079145,0.390037,0.275258,-0.185686,0.222348,0.143644,-0.253291,-0.088323,-0.178318,0.189215,0.188815,-0.138088,-0.072921,-0.167877,0.066861,-0.301402,-0.235992,-0.002639,-0.003508,0.228589,-0.099377,0.251936,0.053328,-0.148893,-0.144568,0.082788,-0.330868,0.3378,-0.118217,0.189165,0.469486,0.015629,0.057315,-0.303102,0.102778,-0.054085,0.000224,0.092766,-0.091917,-0.012647,-0.256062,-0.20239,-0.404137,-0.14383,0.45562,0.036312,-0.017029,-0.235452,0.026016,0.012105,-0.311967,-0.1221,0.133948,-0.510948,-0.144255,-0.282947,-0.022468,-0.372032,-0.037197,0.33279,-0.171315,0.105083,0.18485,0.183211,-0.235217,-0.181048,-0.147357,0.003746,-0.159591,0.029229,-0.13359,-0.065445,0.177332,-0.074283,-0.041677,-0.310292,-0.238783,-0.213274,0.044271,-0.058548,-0.132339,0.277351,0.01012,-0.152874,-0.134363,-0.413422,0.35122,-0.176047,-0.000821,0.143494,0.579836,0.394864,0.074358,-0.257146,0.01871,-0.025747,0.000447,0.260673,0.21291,0.335813,0.149503,-0.177968,-0.19001,0.103343,-0.151062,0.081113,-0.01473,-0.09999,0.306042,-0.002935,0.075202,0.071742,0.395065,-0.329985,0.069975,-0.035354,-0.332038,-0.362427,0.199172,-0.074088,0.444612,-0.019531,-0.557446,0.357755,0.391876,0.075304,-0.072404,-0.025449,-0.021119,-0.020516,-0.01794,-0.092521,0.269932,0.02698,#
13,0.396985,0.266136,-0.135829,-0.28939,-0.097071,0.069864,0.044026,0.17125,0.19709,0.149378,-0.277244,-0.161269,0.412657,1.0,0.224725,-0.077788,-0.390267,0.260398,0.068745,0.10262,-0.051559,0.351371,0.58777,0.116642,-0.075456,-0.216861,0.392071,0.192043,0.358132,0.34096,-0.26942,0.166465,0.203252,-0.066632,-0.064597,0.074301,-0.056206,0.06582,0.134838,-0.217042,0.019809,0.16635,0.262585,0.2098,-0.254863,-0.479049,0.399861,0.115781,-0.16345,0.156229,0.254466,-0.050323,-0.020906,-0.026053,-0.122547,-0.103542,0.082824,0.004114,0.232584,0.136613,0.380275,0.122315,-0.210699,0.193108,0.165639,0.385842,-0.051885,0.45651,0.278668,-0.114476,-0.030506,-0.118133,-0.072804,-0.135909,-0.275563,0.16227,0.106735,0.008527,-0.266359,-0.002448,-0.391504,-0.303916,-0.061726,0.185517,-0.034627,-0.021169,0.062792,-0.032111,0.053722,-0.23004,-0.25024,-0.122725,-0.271379,0.31589,0.034851,-0.062748,0.041652,-0.087149,-0.039007,-0.338548,-0.192358,-0.147809,-0.106236,-0.128039,-0.083199,-0.078255,-0.032573,-0.426804,-0.263883,0.004709,0.222946,0.184555,-0.128674,-0.054915,-0.197667,-0.125405,-0.289219,-0.163048,0.095647,-0.210369,-0.069895,-0.321029,-0.060523,-0.257106,-0.050503,0.22288,-0.110559,-0.066578,0.047599,-0.083933,-0.263875,0.11792,-0.326871,0.09435,-0.472035,-0.049628,-0.13373,-0.31538,0.131037,-0.117774,-0.121108,-0.411841,-0.316803,-0.231703,-0.25121,-0.06012,-0.183616,0.057265,-0.042448,-0.29732,-0.132069,-0.383791,0.014065,-0.235081,-0.211833,0.074958,0.474496,0.277906,-0.084514,-0.113402,-0.027704,-0.151061,-0.070369,0.202553,-0.032971,0.083271,0.081521,0.096132,-0.154213,0.049224,-0.128555,0.149491,-0.107604,-0.331446,0.419386,-0.19376,0.09624,-0.063386,0.461519,-0.369321,0.319711,-0.109282,-0.287594,-0.115529,0.165741,0.102694,0.062404,-0.351819,-0.31113,0.392844,0.002222,-0.064015,0.17655,0.086283,0.059784,0.01275,0.300453,-0.162593,0.22524,-0.016796,#
14,0.053794,0.324652,-0.151795,-0.212252,0.330921,0.022507,0.391568,0.062388,0.236141,0.210057,0.036212,-0.05371,0.184149,0.224725,1.0,-0.074172,-0.113904,-0.069517,0.089175,0.085963,-0.011886,0.013861,0.142811,0.096032,-0.120775,-0.044801,0.061719,0.264369,0.500975,0.187351,-0.35983,0.012553,0.189435,-0.105959,-0.121165,0.114085,-0.275152,-0.065316,0.146265,0.158556,-0.237283,0.203259,-0.343269,0.214908,0.060396,-0.093756,0.254626,-0.081195,-0.000293,0.385379,0.012619,-0.161907,-0.023146,-0.08542,0.018366,-0.174376,-0.205865,-0.014554,-0.092727,0.03698,-0.074428,0.343357,-0.251669,0.24616,0.135314,0.078223,0.085054,0.003474,-0.094007,-0.377649,-0.147716,-0.318213,0.170714,-0.251352,-0.38572,0.175496,-0.0118,-0.328956,-0.269309,-0.273062,-0.372165,-0.338472,-0.315344,-0.058143,-0.415413,-0.037997,-0.217893,-0.187068,-0.424359,-0.231517,-0.09648,-0.235699,-0.298054,0.008208,-0.19644,-0.074906,-0.064215,-0.025612,-0.121744,-0.251647,0.170384,-0.305499,-0.320489,-0.241735,-0.208281,-0.111798,-0.392086,-0.143819,-0.284772,-0.079305,-0.055784,0.122233,-0.343176,-0.309151,-0.374404,-0.165275,-0.155744,-0.252622,-0.342554,-0.164357,-0.325192,-0.155533,-0.28215,-0.140045,0.141146,-0.242115,-0.249623,-0.065168,-0.389248,-0.226303,-0.248349,-0.297043,-0.406619,0.082616,-0.336479,-0.173599,0.079394,-0.231888,-0.093771,-0.033395,-0.177293,-0.287666,-0.244831,-0.08854,-0.20584,-0.336599,-0.111871,0.126506,-0.212845,-0.226805,-0.188047,-0.226904,-0.16486,-0.045168,-0.335671,0.082278,0.306469,0.307215,-0.249041,0.124881,0.037317,-0.117264,0.044362,-0.082402,-0.28427,0.200905,0.075221,0.072938,0.025047,-0.126396,0.307952,0.053059,-0.035716,-0.358012,0.49521,-0.243009,-0.217851,-0.008526,0.291315,-0.081388,0.291516,0.275946,0.312005,0.043057,0.165767,-0.20566,0.089085,-0.080756,-0.132815,0.214009,-0.027954,0.382252,0.066622,0.073762,-0.261063,-0.133908,0.038637,-0.201166,-0.155879,0.190585,#
15,-0.2008,-0.094156,-0.272282,-0.126087,-0.188153,8.4e-05,-0.116632,0.066692,-0.252351,-0.024418,0.283591,0.104635,-0.374873,-0.077788,-0.074172,1.0,0.004454,-0.202782,0.236838,-0.020926,-0.226554,0.161168,-0.205287,0.047098,0.095511,0.095043,-0.065972,0.08923,0.09784,-0.229664,-0.073512,0.067702,-0.037712,0.12988,0.317221,0.2224,-0.019227,0.154015,-0.117293,0.151687,0.018056,-0.305757,0.083576,0.039616,-0.11986,0.143478,-0.364568,-0.254095,0.026276,0.120328,0.125908,0.051598,-0.091563,0.100631,-0.067024,0.185628,0.064724,-0.115233,0.014127,-0.117856,-0.002642,0.038039,0.170533,-0.015963,0.088125,-0.391581,-0.157651,-0.076616,0.001488,0.167097,-0.082274,-0.122763,0.177986,0.011576,0.207086,-0.075967,-0.064383,0.010016,0.087716,0.065362,-0.098868,-0.064812,0.244288,-0.051949,0.164407,0.003961,0.136796,-0.223734,0.041533,0.137126,0.311869,-0.09576,0.12728,-0.256222,0.006983,0.127818,-0.081838,-0.100059,-0.369314,-0.073906,0.015957,0.022977,-0.11667,0.014908,0.170898,0.003353,0.12634,-0.113089,0.020074,-0.08997,-0.238286,-0.075691,0.146979,0.150603,-0.140386,-0.088596,0.117246,0.189858,-0.102084,0.278551,0.126093,0.23869,-0.065578,-0.022314,-0.003956,-0.092179,0.265049,0.026579,-0.065961,-0.172846,-0.024271,0.146488,0.07071,-0.006616,-0.090874,0.098033,-0.10806,-0.023547,-0.267756,-0.004221,-0.048031,0.104672,-0.055924,0.298182,-0.178164,-0.110101,-0.070451,-0.281878,-0.076845,-0.099019,-0.023987,0.093638,-0.151357,0.159276,0.026378,-0.001214,-0.379778,-0.153608,-0.122001,0.162527,0.009736,0.00795,-0.176564,-0.080625,-0.33457,-0.19703,0.146735,0.193999,-0.030047,0.110364,-0.04756,0.027028,-0.064701,0.122411,-0.063626,0.007286,0.050815,-0.015285,-0.214067,0.253487,0.125013,-0.057162,0.218381,0.150576,-0.251646,-0.05792,-0.257712,-0.086229,0.149668,-0.205321,-0.363927,-0.149738,-0.12901,0.018065,0.015518,0.142955,0.147322,0.060474,-0.073671,-0.130564,#
16,0.131897,-0.072105,-0.039992,-0.079636,0.196148,0.178594,-0.147711,0.013957,-0.260555,-0.266077,0.189653,0.048985,-0.263006,-0.390267,-0.113904,0.004454,1.0,-0.12932,-0.164193,-0.327931,-0.073699,-0.254741,-0.326964,-0.146972,-0.067643,-0.009443,-0.368399,-0.014866,-0.263138,-0.166701,0.120355,-0.130766,-0.049834,-0.290165,0.174198,0.201836,-0.044008,-0.095658,-0.085829,0.142238,-0.191016,-0.305702,-0.117643,0.168472,0.172366,0.224895,-0.345266,-0.248581,-0.040616,-0.100982,0.036591,-0.10647,0.013266,-0.046069,0.195221,0.01195,-0.22697,0.011685,-0.143256,0.071456,-0.200702,-0.105441,0.193937,-0.047957,0.076177,-0.069388,0.0825,-0.063456,-0.123011,-0.061851,-0.257223,0.122606,0.104324,-0.151453,0.007982,0.122702,-0.054839,0.069948,-0.017792,-0.145414,-0.143103,0.12863,-0.120458,-0.076315,-0.056771,-0.2796,-0.303485,-0.254046,0.073297,-0.211297,-0.156821,-0.223865,0.158298,-0.40686,-0.029071,-0.332562,-0.071228,-0.11255,-0.320284,-0.009213,0.242293,-0.144979,-0.065057,-0.079988,-0.017174,-0.098702,-0.093757,0.174116,-0.087265,0.162066,-0.168682,-0.118974,-0.066669,-0.144158,-0.14885,0.095438,-0.143872,-0.188987,-0.271203,0.225693,-0.328178,0.109314,-0.374771,0.237173,0.10629,-0.313646,-0.118664,-0.114813,-0.259308,-0.13941,-0.088156,0.125461,0.006003,-0.113084,0.016646,-0.285976,0.307419,-0.237312,-0.488586,-0.068726,-0.23066,0.212798,0.004564,-0.05158,0.028742,-0.140407,-0.169568,-0.01815,-0.022515,0.043705,-0.105335,0.208466,-0.252516,0.015345,-0.193323,-0.405105,-0.257877,-0.133828,-0.270033,-0.05355,-0.051766,0.004634,0.020264,-0.32734,-0.129934,-0.003555,-0.066429,-0.05494,0.05341,-0.350272,0.357571,-0.18435,-0.201083,0.070298,-0.212487,-0.080595,-0.147615,0.098483,-0.109175,0.144126,-0.052329,0.10132,0.454699,0.156776,0.108834,-0.017798,0.025672,0.278702,0.406275,0.055489,-0.15378,0.242149,0.23281,0.206016,-0.170361,0.516463,-0.059973,-0.201159,-0.503711,0.148364,#
17,0.391609,0.332124,-0.003199,-0.026039,0.194879,-0.027392,0.033434,-0.065181,0.187473,0.226991,-0.178974,-0.056774,0.378561,0.260398,-0.069517,-0.202782,-0.12932,1.0,0.166832,0.012124,0.229939,0.179,0.283444,-0.189752,-0.0527,-0.029745,0.0799,-0.031841,0.126481,0.261252,-0.198384,-0.038648,0.089978,-0.036116,-0.007415,-0.081266,-0.018492,-0.141459,0.015974,-0.191444,0.055414,0.163131,0.159446,-0.089699,-0.195528,-0.273555,0.243079,0.212351,0.01859,-0.153687,0.345327,-0.039765,-0.175627,-0.001059,0.05752,-0.228672,-0.119033,-0.041615,0.08589,-0.028479,0.109051,0.22124,-0.233397,0.005574,-0.007743,0.358406,0.119708,0.325506,0.290539,0.298803,0.037617,0.096087,-0.375629,-0.024334,-0.047824,0.243264,-0.134893,-0.245382,-0.067328,-0.335514,0.000269,-0.213113,-0.206601,-0.006704,-0.02382,0.171342,-0.177617,0.117782,0.15547,0.015027,0.07614,-0.112152,-0.11939,0.271809,-0.133088,0.139833,0.1805,-0.236112,-0.091407,-0.396099,-0.23459,-0.282953,-0.155712,0.126372,-0.260125,-0.153648,-0.187024,-0.363908,-0.424763,0.013979,0.34865,0.013951,0.14215,-0.157522,0.052998,-0.044298,-0.361799,-0.148924,0.318432,-0.322046,-0.178978,-0.092152,-0.080465,-0.36328,-0.166451,0.273441,0.053427,0.087364,0.138592,-0.093101,0.029781,-0.162702,-0.036083,-0.115851,-0.129341,-0.081001,-0.004594,-0.1871,0.201097,-0.112992,-0.060886,-0.068506,-0.150103,-0.22231,-0.169094,0.191307,-0.05847,0.293998,-0.112912,-0.241802,-0.18648,-0.12741,0.174794,-0.242705,-0.208036,-0.066173,0.411812,0.398044,-0.283315,-0.24101,-0.159068,0.028552,0.149656,0.185398,-0.193336,0.50763,-0.082401,-0.135207,-0.09143,0.078094,-0.190289,0.176294,-0.24219,-0.117146,0.049258,-0.289781,0.037782,0.025079,0.307138,-0.205612,0.043768,0.001512,-0.292763,-0.147661,0.074353,-0.169325,0.252668,0.102038,-0.397913,0.274205,0.092331,0.078479,-0.027097,0.112436,-0.021885,-0.071891,0.0216,-0.151486,0.225109,0.139282,#
18,0.043105,0.338922,-0.113556,-0.114658,-0.060176,-0.280338,0.053824,-0.07221,0.157891,0.21808,-0.026765,-0.327031,0.068196,0.068745,0.089175,0.236838,-0.164193,0.166832,1.0,-0.199977,0.373713,-0.305959,-0.002802,0.053552,-0.029483,-0.021999,0.079178,0.140559,0.190724,0.205829,-0.197454,-0.079726,0.229975,0.04728,0.001497,0.123596,0.124372,-0.008571,-0.144664,-0.003004,-0.039978,-0.219126,0.093608,-0.005071,-0.034775,-0.181848,0.153033,0.001658,0.153999,-0.026838,0.015583,0.022046,-0.130134,0.100824,0.149775,0.021481,-0.075618,-0.116608,-0.077864,-0.196739,0.043798,0.169611,-0.032307,0.202027,-0.02709,0.089894,-0.002699,0.059507,0.078576,-0.122146,-0.226311,-0.225228,-0.048047,-0.046194,0.084195,0.112546,-0.219558,-0.003308,0.104402,-0.196434,-0.225302,-0.115416,-0.058995,0.225287,-0.183005,-0.071191,-0.003099,-0.040326,-0.07292,0.15887,0.065377,-0.133618,-0.222313,-0.118931,-0.172368,-0.036089,-0.000829,-0.175876,-0.07461,-0.102917,-0.046383,-0.070033,-0.302265,-0.211811,-0.180169,0.160008,-0.332874,0.008147,-0.132996,-0.158714,0.077133,-0.079275,0.134357,-0.125309,-0.050203,-0.127778,-0.03562,0.056732,0.200625,-0.157526,-0.124149,0.156064,-0.204692,-0.180068,-0.043762,-0.09929,-0.080547,-0.028865,0.007125,-0.288977,0.099101,-0.248191,0.031883,0.238082,-0.140366,-0.019094,-0.104098,-0.093307,0.046441,-0.014938,-0.186006,-0.033477,-0.279763,0.003538,0.055691,-0.002629,0.010769,0.186899,-0.158558,-0.1754,-0.174793,-0.04098,0.136888,0.01079,-0.131342,-0.126405,0.002207,0.265874,-0.051871,0.123039,-0.148384,0.051548,0.04942,0.078692,-0.125339,0.043568,-0.040991,0.059954,-0.069075,0.041823,-0.105921,0.039233,0.085909,-0.068543,0.185675,0.143024,0.0742,0.122857,0.076077,-0.200704,-0.000778,0.052546,-0.005982,-0.143768,0.149929,-0.031142,-0.037375,0.087471,-0.120634,0.15555,-0.111337,0.024394,0.140719,0.188257,-0.032641,-0.138582,0.172196,-0.122892,-0.119122,-0.198006,#
19,-0.185335,-0.021561,0.011787,0.157252,-0.007854,0.140575,0.092075,-0.024735,-0.061995,-0.169425,-0.185017,0.031381,0.19766,0.10262,0.085963,-0.020926,-0.327931,0.012124,-0.199977,1.0,0.001733,0.279884,0.126234,-0.178606,0.087493,-0.146939,0.109907,-0.15559,-0.08189,-0.12059,-0.14901,0.147376,0.056286,-0.013139,-0.074034,-0.274924,-0.021129,0.126757,-0.069593,-0.082952,0.296853,0.48789,-0.09525,-0.234761,-0.021193,0.05119,0.282876,0.346375,0.187623,0.038997,0.16851,0.027685,0.028805,0.113143,-0.124318,0.277008,0.194981,-0.252151,0.144867,0.065162,-0.037624,-0.140409,0.080158,0.167017,0.015593,0.066675,0.17133,0.178347,0.05242,0.087636,0.307459,0.078436,0.145594,0.178753,0.032261,-0.214313,0.30922,0.017845,0.173664,-0.002362,0.327797,0.016549,0.086642,-0.208699,0.205911,0.120172,0.130497,0.284461,0.131593,0.060913,0.308927,0.149613,0.131495,0.211227,0.073627,0.240505,0.317962,0.027685,-0.037758,0.114922,0.084182,0.227884,0.058127,0.161649,0.086024,0.200201,0.205686,-0.277992,0.107627,-0.085062,0.298668,-0.260217,0.126981,0.171989,0.123744,-0.007549,-0.020169,0.277166,0.018733,-0.008861,0.24756,-0.010487,0.352799,-0.151655,0.194491,0.145357,0.041762,0.134561,0.069118,0.359897,-0.041168,0.172059,-0.038861,-0.079282,0.153286,0.138542,-0.133141,0.146079,0.014213,0.142135,0.379781,-0.145513,-0.00769,0.077287,-0.033896,0.06769,-0.084213,-0.09649,0.256466,-0.223894,0.114038,-0.023247,0.166253,0.186917,0.172357,0.385559,0.020149,-0.115097,0.386748,-0.04411,-0.028815,-0.116371,-0.086445,0.305049,0.093411,0.047541,0.302547,0.178664,-0.232759,0.246257,-0.324269,-0.047467,0.187415,0.195562,-0.021089,0.142124,0.268611,-0.20726,-0.079195,-0.030601,0.054926,-0.121123,-0.029225,-0.057573,-0.256475,-0.068483,0.068857,0.023218,-0.299789,-0.230496,0.151797,-0.139163,-0.182414,-0.247469,0.083065,-0.281111,-0.13226,0.21596,0.145465,0.068653,#
20,-0.134962,0.051955,-0.064386,0.129634,-0.082131,-0.237435,-0.005798,-0.047073,0.132832,-0.109133,-0.099779,-0.230445,0.103336,-0.051559,-0.011886,-0.226554,-0.073699,0.229939,0.373713,0.001733,1.0,-0.188194,-0.140827,0.038071,0.185414,0.082538,-0.09093,0.073616,-0.04184,0.081248,0.124881,-0.176729,0.029105,0.103579,0.058468,-0.11888,0.123649,-0.18391,0.050198,-0.065365,0.009914,-0.111457,0.066894,-0.250499,-0.015924,0.181271,0.154851,0.041932,0.089056,-0.040491,0.115527,0.017196,-0.199274,0.3125,0.003926,0.161983,-0.031896,0.08966,0.061359,-0.06532,0.088715,0.127987,-0.139374,-0.053571,-0.161023,0.023526,-0.081981,0.082676,0.044519,-0.161624,-0.188763,0.134578,0.00611,0.208475,0.185434,-0.10432,0.059729,0.09181,0.029883,-0.133984,0.080072,0.078499,0.116234,-0.124342,-0.065306,-0.049933,0.042774,0.142774,0.207261,0.191185,0.051257,0.001773,0.048255,0.061601,-0.164531,-0.021176,0.127342,-0.109559,0.113839,0.107156,0.05489,0.000931,-0.104751,-0.175031,-0.092267,0.046181,-0.008809,0.154739,0.010215,-0.110531,0.112144,-0.205454,0.090487,0.029011,0.16083,0.171513,-0.018609,0.205231,0.245757,0.109938,0.104796,0.284401,0.10788,0.012493,0.218135,-0.041257,-0.113582,-0.105855,0.132651,0.113547,0.222806,-0.127984,0.248838,0.042939,0.134483,0.145032,-0.205237,0.104198,0.127995,0.30543,-0.123038,0.047409,0.15601,-0.064745,0.301046,0.055147,0.12616,0.10948,-0.022691,-0.061054,-0.133641,0.158099,0.242051,0.079238,0.036503,0.196415,0.062126,0.01844,0.181622,-0.00868,-0.023018,0.010129,0.053333,0.091003,0.167458,0.225987,-0.040172,-0.034265,-0.097063,0.186324,-0.201441,0.228857,0.226452,-0.034801,-0.152323,0.037305,0.077783,0.164928,0.008732,-0.030273,-0.05366,0.104422,0.048216,-0.048352,0.118138,0.053976,-0.074074,0.317346,-0.063494,0.038176,0.025468,0.032091,-0.095313,-0.137883,-0.149061,-0.025502,0.031611,0.053263,0.158419,-0.076349,#
