0,1.0,0.099705,-0.288612,-0.132312,0.279689,0.18785,0.080544,0.045204,-0.305388,0.157065,0.055628,0.046685,0.285695,0.238614,0.075701,0.158222,-0.125775,-0.368508,0.141795,-0.151782,0.203223,0.193115,0.146177,-0.194651,0.001459,-0.317663,-0.16743,-0.214299,0.310129,0.078174,0.0963,-0.121234,0.18697,-0.258501,-0.016449,0.101816,0.110851,-0.114319,-0.00235,-0.118159,0.096422,0.221837,-0.126452,0.053768,-0.165253,0.009908,-0.021572,0.041223,-0.069371,-0.015987,0.067129,-0.213503,0.145183,0.029328,0.346078,0.090857,-0.170191,0.00465,-0.137122,0.198948,0.418386,0.21756,-0.107177,0.116498,-0.108597,0.045852,-0.164479,0.318196,-0.060526,-0.300146,-0.022465,-0.045318,-0.257948,-0.092598,-0.43079,0.307844,-0.139767,-0.119378,-0.365607,0.047586,-0.092058,-0.395966,0.004281,-0.035951,-0.081575,-0.177953,-0.082149,-0.019798,-0.138181,-0.317863,-0.171996,-0.327192,-0.063149,-0.218005,0.032346,-0.18876,-0.359556,-0.105526,-0.128171,0.12475,0.197567,-0.073094,-0.215323,-0.254434,-0.073185,-0.249459,0.001057,0.024041,-0.224544,-0.067107,0.11239,0.197249,-0.262996,-0.163925,0.022859,0.119963,-0.290851,-0.244846,-0.091366,-0.014721,-0.239025,0.035261,0.092554,-0.278488,-0.115495,-0.048872,-0.113003,0.002305,-0.137594,0.067025,-0.204966,-0.33164,-0.223009,0.019775,-0.447776,-0.10247,-0.125819,-0.138114,0.269101,-0.295153,-0.181831,-0.012747,-0.064965,0.060372,-0.078169,-0.102879,-0.089345,0.080811,-0.253209,-0.385976,-0.037818,-0.234896,-0.24558,-0.24513,0.174804,-0.084061,0.227681,0.083301,-0.276107,-0.209559,-0.002457,-0.330799,-0.105803,-0.154019,-0.111665,-0.081103,-0.134645,-0.017097,-0.178765,-0.342391,0.06636,0.160918,-0.125179,0.105235,0.07479,-0.203602,-0.063061,0.00942,0.124658,-0.008329,0.075726,-0.144603,0.019063,0.370071,0.234585,-0.02552,0.203369,-0.185043,-0.030488,0.201275,-0.086213,0.143542,0.286778,-0.092762,-0.164347,0.14698,0.094859,-0.317979,-0.051717,0.173984,#
1,0.099705,1.0,0.143457,-0.226812,-0.057421,0.096807,0.310454,0.187812,0.029944,0.320275,-0.188813,-0.098199,0.22716,0.337083,0.383565,0.001839,-0.046097,0.253737,0.327756,0.068057,-0.012105,0.162515,0.312703,-0.012051,-0.01236,-0.175731,-0.026644,-0.037311,-0.124835,0.055133,-0.194115,0.19411,0.335521,-0.069857,-0.262136,0.217819,0.213895,-0.148633,0.047499,0.024467,0.058524,0.338549,-0.032437,0.118031,0.380501,-0.293928,0.193918,-0.170136,0.206291,0.237231,0.087648,-0.167065,0.087268,-0.284641,-0.024072,-0.146211,-0.056807,-0.501039,-0.264987,-0.264047,0.203278,0.13711,-0.298572,-0.050531,0.171831,0.180131,-0.045276,-0.081596,0.184814,-0.146726,0.106683,0.029809,-0.043165,-0.31657,-0.176639,0.1301,-0.232199,-0.357222,0.044742,0.059984,0.124121,-0.280021,-0.11795,-0.007128,-0.220875,-0.092644,-0.169334,-0.116868,-0.033325,-0.204051,-0.10149,-0.116432,-0.255523,-0.062787,-0.104134,-0.064111,0.022734,0.082075,0.316146,-0.06843,-0.064419,0.040219,-0.075707,-0.266846,-0.251567,-0.13213,-0.207533,-0.194904,-0.376786,-0.209244,0.186364,0.343811,-0.186553,0.055199,-0.028686,-0.031101,-0.142371,-0.286045,0.178316,-0.337423,-0.188047,-0.32746,-0.46782,-0.224287,-0.394024,-0.229581,0.282746,0.154489,-0.277273,0.012886,-0.049331,-0.032873,-0.224261,-0.170282,-0.180581,-0.255819,0.124922,-0.074807,-0.018695,-0.222971,-0.14322,-0.194343,-0.251996,-0.221127,-0.130129,-0.039713,-0.232459,0.312344,-0.076305,-0.166353,-0.253573,-0.270455,0.07507,-0.18188,-0.052943,-0.194625,0.284231,0.090556,-0.160441,-0.104078,-0.001392,0.094898,-0.041546,0.276876,0.046246,0.269349,0.098011,0.033392,-0.317506,-0.269288,-0.0462,0.072236,-0.115062,-0.079892,0.238588,-0.067721,0.015511,0.119653,0.364078,-0.49115,0.21275,0.045174,-0.270044,0.06812,0.105039,-0.119496,0.283896,-0.165913,-0.304982,0.298201,0.027439,0.12836,0.11271,0.349039,-0.16224,-0.042711,0.095808,-0.002065,0.286012,0.069421,#
2,-0.288612,0.143457,1.0,0.26364,-0.327017,-0.105087,0.137608,-0.029922,0.180487,-0.08735,-0.036838,-0.19218,-0.190805,-0.052432,-0.132996,-0.099194,-0.221821,0.399808,-0.137473,0.111588,-0.049497,0.247677,-0.025818,0.060707,0.26725,0.088236,0.437269,0.07132,-0.127589,-0.138301,0.09272,0.116965,-0.168015,0.100427,-0.009444,0.064681,0.153085,0.060729,0.120802,-0.114396,0.171409,0.080502,0.136559,0.035356,0.096552,-0.216215,-0.048442,0.191455,0.108117,-0.11604,-0.154244,0.012723,0.197744,-0.016699,-0.287526,-0.208444,-0.062488,-0.247053,-0.023259,0.022039,-0.227329,-0.11076,0.058247,-0.152973,0.046928,-0.157006,0.178309,0.05078,-0.022573,0.359347,0.218433,0.176186,-0.040791,0.083727,0.220382,-0.171338,0.087223,-0.183423,0.089797,-0.121752,0.191113,0.045087,0.030774,0.225687,-0.067744,0.136136,-0.029692,0.060288,0.1242,0.14197,0.06786,0.039997,0.087831,0.112255,-0.009352,0.004342,0.364676,0.167793,0.195845,0.105528,-0.089354,0.111278,0.166986,0.155433,0.109886,0.195277,0.069955,0.103302,-0.286379,-0.002923,0.267839,0.001295,0.170215,0.132165,0.410079,-0.101347,-0.05735,-0.13523,0.030334,0.031108,0.157463,0.123659,-0.126314,-0.042534,0.127463,0.054062,0.12679,0.110962,-0.05996,0.18513,0.437555,0.044571,0.20506,0.04042,0.174037,0.184203,-0.105686,0.321195,0.170786,0.103122,0.006952,0.041055,0.113296,-0.144892,-0.037812,0.095022,-0.130537,0.146549,0.351053,0.296932,0.063763,-0.093876,0.299049,0.065975,0.095403,0.156049,-0.092188,0.042939,0.275388,0.187116,0.500018,0.161137,-0.023973,0.286088,0.066424,-0.327758,-0.035676,0.01322,0.068757,0.241966,-0.155933,-0.123584,-0.201651,0.102413,-0.180305,0.22749,0.115694,0.086238,-0.044302,-0.204905,0.063453,-0.005181,-0.221791,-0.104369,-0.226546,0.224872,-0.084034,0.139714,-0.109507,0.004821,0.169123,-0.200735,-0.156703,0.288348,-0.228152,0.054931,-0.16826,0.20478,0.162726,-0.011252,#
3,-0.132312,-0.226812,0.26364,1.0,-0.068351,-0.3091,-0.335412,-0.387074,-0.167286,-0.326577,0.11527,-0.134,-0.365366,-0.365796,-0.234016,-0.181186,0.088056,0.077823,-0.096596,0.096006,0.11945,0.036297,-0.362054,0.082447,0.10066,0.376737,0.205434,0.299108,-0.082471,-0.343632,0.276241,0.217162,-0.105078,0.002328,0.198222,-0.181579,-0.180909,0.059586,-0.111239,0.063741,0.040153,-0.230655,0.051464,0.137699,-0.089648,0.380063,-0.122155,0.034594,0.016023,-0.190939,-0.033881,0.305326,0.069054,0.057748,-0.173345,-0.130825,0.293561,0.211068,0.153167,0.090114,-0.383557,-0.168061,0.186305,-0.155017,0.004836,-0.362371,0.103485,0.070694,-0.106612,-0.014392,-0.097054,0.007523,0.141056,0.192242,0.036851,-0.137621,0.267731,0.207424,0.036943,-0.099218,0.141882,0.485205,0.341467,0.052325,0.330165,0.144654,0.315501,0.122913,0.137722,0.027587,0.022601,0.157209,0.371344,-0.160224,0.366833,0.139498,0.40935,0.053245,-0.066366,0.30981,0.025198,0.295154,0.495386,0.191718,0.279421,0.179855,0.263327,0.060929,0.091894,0.145683,-0.190406,-0.264458,0.223447,0.19379,0.230141,0.008501,0.070549,0.142889,-0.164593,0.418332,0.186737,0.430605,0.384129,0.187707,0.197017,0.192921,-0.136479,-0.266241,0.307656,0.291497,0.114246,0.125555,0.359145,0.077257,0.392641,0.28865,-0.025344,0.200123,-0.003292,0.513309,0.133009,0.011005,0.305495,0.213676,0.349304,0.166902,0.099581,-0.258965,0.310602,0.161337,0.162545,0.114933,0.110463,0.449821,0.102142,0.300991,-0.333443,-0.285494,0.299938,0.265444,-0.026,0.119531,-0.087553,-0.005224,-0.191589,-0.395788,0.278323,0.184186,0.247338,0.188179,-0.085893,-0.069634,0.261086,0.265871,-0.414089,0.407564,0.070937,-0.022163,-0.583095,0.327244,-0.412352,-0.048089,0.197612,-0.128128,-0.260456,0.134365,-0.200208,0.042004,0.473194,-0.303739,0.189362,-0.252683,-0.087118,-0.195709,-0.072614,-0.003799,-0.203128,0.22821,0.065519,-0.332958,#
4,0.279689,-0.057421,-0.327017,-0.068351,1.0,-0.012219,-0.150264,0.108165,-0.149586,-0.080348,0.123722,-0.02811,0.151301,-0.053866,-0.064825,-0.088888,-0.010692,-0.162997,0.045051,-0.147722,-0.256156,-0.180564,0.156389,0.006925,0.099843,-0.07456,-0.358165,-0.063967,-0.056356,0.058206,-0.112411,-0.348649,-0.109934,-0.16179,-0.105858,-0.015355,-0.122093,-0.189528,0.081595,0.197181,0.035169,-0.340237,-0.20398,0.039731,-0.08631,0.245037,-0.224672,0.138961,-0.00804,0.146038,0.138998,-0.117738,-0.016509,0.104185,0.230852,0.08856,-0.025982,0.232492,0.126245,-0.048691,0.040923,-0.030379,-0.208996,0.034625,-0.102523,0.28774,0.362038,-0.117204,0.155866,-0.104781,-0.129078,-0.119077,-0.114191,0.202211,-0.104313,0.207404,-0.136183,-0.275981,-0.273778,-0.098106,-0.270848,-0.103219,0.021734,0.080297,-0.003634,-0.177455,0.226544,0.054633,-0.105646,-0.304783,0.105468,-0.100959,0.107804,-0.255426,-0.090265,-0.025499,-0.00942,-0.102084,-0.048379,0.208023,0.134566,-0.059551,0.00401,-0.150258,-0.080511,0.078687,-0.006683,-0.012181,-0.095515,-0.102387,-0.001654,0.081727,0.124761,-0.136793,-0.176409,0.122104,-0.042216,0.164419,-0.027141,0.055305,-0.309128,-0.001707,0.374044,-0.026243,0.132362,0.107053,0.099409,0.056967,0.094839,0.116953,-0.203372,-0.145177,-0.069616,-0.242833,-0.212643,0.120623,-0.133082,-0.186866,-0.122856,0.018634,-0.047503,-0.191187,-0.209937,0.090508,-0.066471,-0.231156,-0.246172,0.044706,-0.026881,-0.227941,-0.108338,0.024571,-0.378731,-0.059524,-0.082942,-0.151799,0.010271,0.116154,-0.127636,0.050554,-0.263662,-0.237339,-0.222221,-0.034511,0.192928,0.019023,-0.089639,-0.031678,-0.228748,0.028323,-0.06169,-0.029542,0.0733,-0.005251,0.089381,0.031417,0.072802,0.271156,0.148794,0.050663,-0.08571,-0.038287,0.134387,0.140542,0.149504,-0.098118,0.043425,-0.336081,0.051868,-0.164559,-0.259687,0.003079,0.266161,-0.107492,0.002515,0.000187,-0.013784,-0.048684,-0.172157,0.020829,#
5,0.18785,0.096807,-0.105087,-0.3091,-0.012219,1.0,0.438687,0.189903,-0.012268,0.033691,0.123239,0.269938,0.112292,0.2439,0.13807,0.116662,0.230943,-0.001747,0.100619,-0.0542,0.045636,0.155404,0.274377,0.018887,-0.201741,-0.165033,0.22035,-0.056957,0.072414,-0.007553,-0.154481,0.053897,-0.019869,-0.046761,-0.11071,0.055693,0.113269,0.04696,-0.078051,-0.031292,-0.054614,0.327451,0.048414,0.028711,0.203089,-0.243867,0.083809,0.014996,-0.030879,0.069649,-0.011046,-0.108367,0.01231,-0.03187,0.199529,0.277018,-0.216189,-0.070334,-0.090863,-0.197208,0.297809,-0.120912,-0.221341,0.258152,-0.058029,0.388129,-0.147778,0.205756,0.119097,-0.139968,-0.092723,0.304118,-0.116463,-0.049261,-0.22404,0.21551,-0.391086,-0.163257,-0.257394,-0.056588,0.031163,-0.44617,-0.231366,-0.049007,-0.251062,-0.150332,-0.068404,-0.243096,-0.23876,-0.420295,-0.281149,-0.352593,-0.365905,-0.077142,-0.13859,-0.344277,-0.302838,-0.344398,-0.054124,-0.188956,-0.015405,-0.156715,-0.246452,-0.374328,-0.172459,-0.344777,-0.090866,-0.085978,-0.183253,-0.155936,0.038394,0.064692,-0.478898,-0.225441,-0.092845,-0.234546,-0.517921,-0.039408,0.253254,-0.264687,-0.210201,-0.347209,-0.04389,-0.440304,-0.171628,-0.167288,-0.150169,0.057421,-0.200094,-0.06674,-0.188053,-0.15301,-0.247562,0.021308,-0.387363,-0.062874,0.192136,-0.278346,0.04922,-0.561205,-0.233025,0.038557,-0.253355,-0.075342,-0.145746,-0.195613,0.055628,0.184319,-0.336862,0.004155,-0.134722,-0.057974,-0.108629,0.053837,-0.07168,-0.383802,0.022819,0.246564,-0.343826,-0.187322,0.072922,-0.176185,-0.114953,0.135168,-0.032639,0.266579,-0.076172,-0.040466,-0.086189,0.004024,0.23101,-0.281631,-0.236352,-0.185109,0.204181,-0.409653,-0.060216,0.101361,0.244409,-0.238639,0.231302,-0.009092,-0.052725,0.232099,0.487936,0.049626,0.052389,0.106376,-0.225129,0.083459,-0.049279,0.017944,0.208196,-0.093039,-0.24243,0.01741,0.285081,-0.15541,-0.228232,0.031325,#
6,0.080544,0.310454,0.137608,-0.335412,-0.150264,0.438687,1.0,0.420118,0.298668,0.354679,0.100483,0.102162,0.273167,0.140276,0.071915,0.157097,0.05188,0.014953,0.25106,-0.260433,-0.214975,0.271103,0.200847,-0.016579,-0.007622,0.007811,0.278867,0.022731,0.312507,0.119097,-0.472595,-0.112466,0.017849,-0.12352,0.076347,0.308639,-0.131662,-0.002274,0.184104,-0.139642,-0.070969,0.226341,0.008656,-0.238513,0.05939,-0.272547,0.031559,-0.260789,0.005058,0.299609,-0.082389,-0.09241,-0.103736,-0.05331,0.217818,0.061775,-0.092029,-0.320191,-0.281757,0.009149,0.249424,0.086954,-0.070926,0.297196,0.07268,0.261208,0.022358,0.101019,0.275443,-0.192808,0.223637,0.034377,-0.356922,-0.338294,-0.070285,0.314119,-0.184873,-0.237519,-0.078466,-0.074121,-0.24567,-0.383141,-0.42767,-0.153767,-0.25775,0.034045,-0.200018,-0.109129,-0.08906,-0.271318,-0.258415,-0.307167,-0.345162,-0.065615,0.007,-0.270115,-0.026706,-0.175634,0.045272,-0.46898,-0.019019,-0.078808,-0.186221,-0.255259,-0.329986,-0.183256,-0.339883,-0.134312,-0.379138,-0.089164,-0.247691,0.164452,-0.350016,-0.369088,-0.163627,-0.266522,-0.07711,-0.058469,-0.057808,-0.116617,-0.092575,-0.230507,-0.221535,-0.485578,-0.260205,-0.283812,0.13405,0.307827,-0.284235,-0.265899,-0.251004,-0.438776,-0.563547,0.104508,-0.176311,-0.082247,0.065656,-0.215718,-0.167598,-0.420796,0.022408,0.03507,-0.261577,-0.19116,-0.216052,-0.256317,-0.180063,0.51636,-0.242846,-0.118585,-0.100132,-0.134908,0.073081,-0.255363,-0.081957,-0.439575,0.023742,0.201802,-0.204914,-0.153311,-0.107569,-0.005329,-0.121766,0.087479,0.010998,0.128018,-0.020574,0.087513,-0.256702,0.166753,0.386091,-0.056833,-0.222844,-0.146629,0.508596,-0.323646,0.195311,0.069263,0.324824,-0.502561,0.483096,0.23647,0.104222,0.092696,0.411802,-0.157045,-0.011012,0.151104,-0.23156,0.339153,-0.147103,0.186187,0.109425,0.216546,-0.282528,0.111622,0.164988,-0.16481,-0.216519,0.150812,#
7,0.045204,0.187812,-0.029922,-0.387074,0.108165,0.189903,0.420118,1.0,0.046164,0.257579,-0.094878,-0.01226,0.599848,0.403097,0.125605,0.208759,-0.114316,0.15098,0.139484,0.021923,0.014198,0.194747,0.028319,0.192455,0.070139,0.058391,-0.103451,-0.265425,0.232744,0.187052,-0.146364,-0.220586,0.243889,0.176077,-0.296024,0.204828,0.043418,0.065274,0.168253,-0.260694,-0.113604,0.198039,-0.032209,-0.016317,-0.280151,-0.416299,0.129819,-0.242407,-0.012186,-0.078052,-0.145479,0.002382,0.022431,-0.046464,0.164188,0.118657,-0.271792,-0.170031,-0.222108,0.009443,0.344811,0.051585,-0.16366,0.1492,-0.109376,0.417907,0.140848,0.163071,0.138772,-0.011565,0.342564,0.085197,-0.424577,-0.189517,0.024976,0.101568,0.006566,-0.004516,0.149337,-0.003002,-0.055704,-0.185973,-0.166565,0.030493,-0.20566,-0.0334,-0.03247,0.203799,0.078146,-0.055295,-0.019541,-0.090939,-0.17198,0.281538,-0.215857,0.116468,0.078113,0.090286,0.088271,-0.475847,0.116199,0.015265,-0.141733,-0.184784,-0.046149,0.06909,-0.28072,-0.081926,-0.126935,-0.322414,-0.055311,0.237327,-0.161714,-0.216641,0.095088,0.121586,0.081183,-0.010588,0.04067,-0.170827,-0.182767,-0.524292,-0.111149,-0.132204,-0.154978,-0.055703,0.115859,0.058669,-0.208315,-0.009582,-0.162291,0.046649,-0.187017,-0.001635,-0.246825,-0.092676,0.238314,-0.315545,-0.092242,-0.206643,0.133355,0.033997,-0.094594,0.002009,-0.166661,-0.137386,-0.015496,0.236712,-0.095313,-0.240884,-0.092194,0.066156,-0.100271,-0.193933,-0.08295,-0.33012,0.221443,0.035742,-0.12186,-0.114399,-0.038746,0.151071,-0.200948,-0.034996,0.239903,0.074855,0.185986,-0.101613,-0.090413,0.263995,0.046115,-0.065278,-0.176456,-0.036596,0.378657,-0.187611,0.247934,-0.160908,0.312116,-0.186819,0.319862,0.24408,-0.027298,-0.114968,0.27766,0.076029,0.182612,-0.072387,-0.220383,0.351898,-0.083368,-0.065238,0.183142,0.047023,-0.233183,-0.101294,0.131937,-0.032132,-0.0274,-0.043159,#
8,-0.305388,0.029944,0.180487,-0.167286,-0.149586,-0.012268,0.298668,0.046164,1.0,0.201286,-0.167912,0.008881,-0.023948,0.086548,0.136006,-0.108627,-0.097386,0.276249,0.012555,-0.139561,-0.318076,0.15214,0.201877,0.079538,0.19014,0.205546,0.280093,0.291415,0.020724,0.224599,-0.194057,-0.174903,-0.006944,-0.012316,0.284633,0.173013,0.013133,-0.208338,0.167516,-0.083063,0.137426,-0.091472,0.134243,0.081381,0.256986,-0.168969,-0.080071,-0.037509,0.028732,0.203536,-0.017846,-0.106912,-0.110213,0.07928,-0.065473,0.383935,-0.056887,-0.28855,-0.059954,0.205608,-0.094223,0.01157,0.031533,0.146143,0.020715,-0.062244,0.130128,-0.013963,-0.025805,0.135814,0.211251,0.082035,0.098594,-0.099573,0.146019,0.044415,-0.089547,-0.156947,0.079732,-0.24779,-0.029151,-0.05657,-0.388728,-0.105572,-0.141966,0.201267,-0.114737,-0.12037,-0.109786,-0.054004,0.10622,0.105128,-0.32047,0.189906,-0.086637,-0.022173,-0.05279,0.049798,-0.314176,-0.273523,-0.006347,0.203972,0.0,0.106991,-0.080465,-0.213778,-0.044801,-0.0298,-0.030819,-0.004221,-0.014082,-0.085769,-0.056936,-0.328367,0.042146,-0.121579,0.191535,-0.109756,0.10506,-0.090961,0.111626,-0.13259,-0.121778,-0.031865,0.04683,-0.169445,0.193119,0.142508,-0.222198,-0.326565,0.07948,0.026208,-0.322418,0.090883,0.055169,0.014586,0.024255,0.06616,-0.212332,-0.173548,0.026813,-0.021052,-0.064247,-0.252138,-0.410631,-0.3545,-0.11078,0.21364,0.04567,0.013,-0.022075,-0.070556,0.112433,-0.220878,0.063834,-0.14597,0.197404,0.208577,-0.174193,0.10924,-0.041015,0.197116,0.081313,-0.02796,-0.044621,0.034723,-0.108057,0.043738,-0.193495,0.200252,0.025846,0.050847,0.064673,0.089649,0.278346,0.068135,-0.108582,0.090595,0.296624,-0.417691,0.367171,0.161967,-0.144645,-0.012959,-0.033967,0.001827,-0.100655,0.160261,-0.253107,0.000692,-0.200534,-0.036049,0.013908,0.192485,-0.145193,0.365386,0.128449,-0.02363,-0.094494,0.129603,#
9,0.157065,0.320275,-0.08735,-0.326577,-0.080348,0.033691,0.354679,0.257579,0.201286,1.0,-0.315662,0.156394,0.398959,0.518655,0.441381,0.310391,-0.243112,0.208186,0.197807,0.051033,-0.171685,0.319513,0.345424,0.039242,0.145223,-0.183243,0.011116,0.012336,0.239937,0.447965,-0.083609,0.079816,0.259508,-0.264188,-0.075626,0.187096,0.022196,-0.189141,0.12283,-0.34204,0.039563,0.197601,-0.037053,-0.105843,0.015284,-0.4321,0.209708,0.14266,-0.098604,0.352268,-0.055355,-0.062285,0.079757,-0.107601,0.194644,0.031233,-0.151573,-0.377069,-0.154864,0.074392,0.436507,0.104479,-0.325317,-0.006428,0.035321,0.184382,-0.060831,0.266109,-0.146882,-0.006129,0.100535,0.102668,-0.056333,-0.165635,-0.073081,0.171782,-0.083254,-0.320749,0.000315,0.080679,-0.049592,-0.370234,-0.431222,-0.008183,-0.190756,0.050668,-0.268079,-0.069925,0.150769,-0.2819,0.05549,-0.123809,-0.199126,0.343627,0.068212,0.071046,-0.243545,0.026433,0.021012,-0.320854,-0.169043,0.075106,-0.247302,-0.112946,-0.105729,-0.119263,-0.580035,-0.078473,-0.256704,-0.26845,0.150833,0.314419,-0.147046,-0.213472,-0.203232,-0.179668,-0.128279,-0.117897,0.433745,-0.426782,-0.035831,-0.346093,-0.108906,-0.254788,-0.323502,-0.023112,0.190662,0.189059,-0.139308,-0.301143,-0.084639,0.129244,-0.429982,-0.052542,-0.309712,-0.382911,-0.136168,-0.259633,0.180332,-0.327315,0.001621,-0.156421,-0.371135,-0.399376,-0.350358,0.083654,-0.131113,0.169599,-0.301569,-0.232777,-0.284569,-0.221824,0.050057,-0.436152,-0.01066,-0.195262,0.315625,0.398657,-0.334562,-0.105381,0.0253,-0.111489,-0.086346,0.211534,0.348141,0.450228,-0.14902,0.014087,-0.417005,0.058427,-0.024302,0.224129,-0.155202,-0.022218,0.273755,-0.347401,-0.174976,-0.013855,0.591394,-0.392581,0.468439,-0.003795,-0.390078,-0.164267,0.273829,-0.134612,0.389329,0.116531,-0.381862,0.107463,-0.036537,0.074836,0.158393,0.469133,-0.128022,-0.004247,-0.057829,-0.08783,0.296582,0.306076,#
10,0.055628,-0.188813,-0.036838,0.11527,0.123722,0.123239,0.100483,-0.094878,-0.167912,-0.315662,1.0,-0.195742,-0.138221,-0.366258,-0.107879,-0.091203,0.024444,-0.352274,0.078253,-0.266389,0.021793,-0.127574,-0.135003,0.202863,0.055507,0.128476,-0.150556,0.028195,0.062417,-0.322593,0.244721,0.033197,-0.385801,-0.30327,0.209816,-0.168499,0.136538,0.184964,0.077526,0.236785,-0.050495,-0.225575,-0.081472,-0.072457,0.118427,0.238231,-0.37515,-0.023442,0.01647,-0.049515,0.023381,0.102149,0.014413,0.186824,0.184572,-0.033582,-0.19413,0.272584,-0.04298,-0.130877,-0.244886,-0.083285,-0.017916,0.141579,0.161382,-0.084884,0.152486,-0.193103,0.303228,-0.041009,0.106967,-0.116,-0.05879,0.035883,-0.1353,0.065697,-0.126735,0.098916,-0.130072,-0.216073,-0.008357,0.151045,0.051653,0.115716,-0.015068,-0.015583,0.309549,0.027899,-0.044834,-0.028267,-0.187492,-0.09041,0.125452,-0.221347,-0.0252,-0.128724,-0.211652,-0.319258,0.136073,0.009677,0.042441,-0.233243,0.041293,-0.284791,0.054773,-0.098825,-0.025966,0.193697,-0.000421,0.336034,-0.224348,-0.06775,-0.24189,-0.126877,-0.051506,-0.068023,-0.13769,-0.064521,-0.252228,0.330134,-0.272869,0.180117,0.087861,-0.154179,-0.12065,-0.003162,-0.001822,0.125118,-0.045561,-0.048445,-0.062747,-0.193909,-0.047049,0.068518,0.014753,0.222285,-0.178114,0.071652,-0.168464,0.104189,-0.053991,0.350883,-0.046563,0.068084,0.293362,-0.058761,-0.179212,0.161497,0.095388,0.118244,0.114679,0.187115,-0.11019,0.057731,-0.07666,-0.133337,-0.427446,-0.256499,0.085317,0.12084,-0.168205,-0.04091,-0.049035,0.125742,-0.069565,-0.178762,0.092885,-0.01243,0.041328,0.058333,0.302533,-0.012569,0.181885,-0.032864,-0.066534,-0.069219,0.188336,0.094328,-0.337849,0.212598,-0.10335,0.122796,0.246622,0.270742,0.095683,-0.02472,-0.217325,-0.169858,0.304596,0.124026,-0.122861,0.202118,0.248675,-0.384343,0.040689,0.02127,0.103343,0.042623,-0.269293,-0.192002,#
11,0.046685,-0.098199,-0.19218,-0.134,-0.02811,0.269938,0.102162,-0.01226,0.008881,0.156394,-0.195742,1.0,0.105303,0.183119,-0.071449,0.044164,0.127128,0.001905,0.015768,-0.159356,0.202932,-0.23873,-0.077486,-0.059597,0.168089,0.011111,0.014833,0.092094,-0.032222,0.091705,-0.127902,-0.147578,-0.118441,-0.141792,-0.150456,0.146236,-0.093489,0.002321,0.044085,-0.085111,0.008897,0.08485,-0.143948,-0.351821,-0.072603,0.051846,-0.016494,0.012865,-0.227392,0.231975,-0.076295,-0.150112,-0.020303,0.160367,-0.059229,0.038736,-0.164008,0.002903,-0.14494,0.086122,-0.070191,-0.087546,0.069409,-0.052433,0.098933,0.116437,-0.075298,-0.049157,-0.052095,-0.308787,-0.064251,-0.024912,0.076735,0.121993,-0.113022,0.054444,-0.280623,0.023852,-0.267928,0.051046,-0.251306,-0.160255,-0.071207,-0.136837,-0.068632,-0.385303,-0.226596,0.006003,-0.125909,0.079828,-0.076913,-0.230666,-0.173644,-0.026129,0.038646,-0.1985,-0.19783,0.005487,-0.200287,-0.043793,0.22073,-0.004743,-0.451111,-0.07302,-0.117183,0.08928,-0.083151,0.191758,0.125006,0.042018,-0.099288,-0.002825,-0.249918,-0.256214,-0.096619,-0.033094,-0.089046,0.246293,0.173361,-0.009212,0.080436,-0.196259,0.001289,0.019106,-0.044509,-0.219763,-0.072322,-0.048804,-0.025352,-0.182681,-0.198308,0.083583,-0.294783,0.180712,-0.082278,-0.083748,0.226006,-0.147457,-0.047369,-0.115616,-0.155996,0.084223,-0.093809,-0.037546,-0.126957,0.045146,0.014927,-0.052732,-0.326491,-0.099698,-0.203531,0.172752,-0.154735,0.169497,0.021219,0.008407,-0.029397,0.360903,-0.257153,-0.292795,-0.162626,-0.331464,0.186303,-0.063408,0.018208,0.096477,-0.209722,0.065323,0.101402,0.084045,-0.013438,0.30896,0.112892,-0.300119,-0.056568,-0.201381,-0.217922,0.205792,0.003193,0.050987,0.014045,-0.181084,-0.059771,-0.098541,0.263706,0.168383,-0.004144,0.278978,0.076661,0.056936,-0.053446,0.21242,0.059369,0.172957,-0.159901,-0.145361,0.258449,-0.304063,-0.033437,0.073909,#
12,0.285695,0.22716,-0.190805,-0.365366,0.151301,0.112292,0.273167,0.599848,-0.023948,0.398959,-0.138221,0.105303,1.0,0.440049,0.212165,0.081423,-0.038267,0.028071,0.122049,0.02001,-0.139912,0.139526,0.273808,-0.055929,-0.162414,-0.302411,-0.175554,-0.205599,0.097336,0.139759,-0.003401,-0.090107,0.208547,-0.056533,-0.354282,0.277919,0.156852,-0.105711,-0.068758,-0.290539,-0.036618,0.20349,0.116204,-0.061091,-0.275865,-0.337944,0.158508,-0.067147,0.021658,0.063814,-0.198335,0.033928,0.141877,0.023304,0.347247,0.20663,-0.24209,-0.254736,-0.032432,0.014671,0.408234,0.20773,-0.156817,0.140987,-0.022313,0.262892,-0.087855,0.184481,0.233328,-0.1237,0.330511,-0.052824,-0.458621,-0.369113,-0.207833,0.373462,0.041174,-0.028419,0.028881,-0.217488,-0.119846,-0.336488,-0.202593,-0.15531,-0.246549,-0.071221,-0.094536,0.11889,-0.162035,-0.195862,-0.039434,-0.329015,-0.387565,0.229669,-0.211549,-0.124271,-0.087497,-0.076117,-0.012179,-0.342816,0.031396,-0.15025,-0.140807,-0.040346,-0.136415,-0.145609,-0.343459,-0.234299,-0.141951,-0.372354,0.000211,0.193884,-0.230972,-0.263385,-0.100647,-0.210061,-0.068873,-0.189202,-0.054536,-0.321275,-0.028379,-0.482882,-0.204071,-0.373505,-0.183305,-0.151149,0.173962,0.331494,-0.211212,-0.017438,-0.295085,0.103041,-0.34277,0.038834,-0.213153,-0.164722,0.098601,-0.471359,-0.175369,-0.256649,-0.008097,-0.007541,-0.231295,-0.123232,-0.028183,0.132291,-0.297796,0.254562,-0.156495,-0.610677,-0.174364,-0.212506,-0.138774,-0.334128,0.027685,-0.262092,0.202721,0.275514,-0.219829,-0.372366,0.050121,-0.177733,-0.099096,0.113606,0.262441,0.235734,-0.136859,0.002244,-0.349519,0.136657,-0.042169,0.158613,-0.243867,0.081263,0.32745,-0.300465,-0.060146,0.050012,0.329521,-0.304108,0.25616,0.120673,0.050062,0.01431,0.112188,-0.123198,0.259144,-0.148282,-0.305675,0.34102,-0.088071,0.100896,0.335083,0.095841,0.052832,-0.078614,0.050233,-0.102201,-0.03576,0.210455,#
13,0.238614,0.337083,-0.052432,-0.365796,-0.053866,0.2439,0.140276,0.403097,0.086548,0.518655,-0.366258,0.183119,0.440049,1.0,0.353148,0.178394,-0.197538,0.251003,0.260932,0.063603,0.07433,0.307057,0.448891,0.17831,-0.041874,-0.157297,0.070866,-0.041128,0.179297,0.432054,0.013084,0.113533,0.338336,-0.116514,-0.231521,0.227453,0.271195,-0.367037,0.129911,-0.317237,-0.016126,0.43515,0.004423,0.134958,-0.047955,-0.472561,0.304714,-0.113889,-0.04078,0.115077,-0.036735,-0.089859,0.115515,-0.117118,0.022253,0.096777,-0.169266,-0.260903,-0.19859,0.018779,0.355586,0.135939,-0.311973,0.114876,-0.040093,0.344731,-0.157364,0.331237,-0.165767,-0.062416,-0.096597,0.312361,-0.238896,-0.13347,-0.274189,0.105749,-0.215384,-0.34796,-0.179948,-0.034635,0.041487,-0.454962,-0.287951,0.095146,-0.276432,-0.049949,-0.250069,-0.036415,-0.03016,-0.252515,0.195181,-0.278229,-0.409975,0.208052,-0.105349,-0.046552,-0.268922,-0.088635,-0.087626,-0.32181,0.037655,-0.099837,-0.205399,-0.256685,-0.152597,-0.144301,-0.158384,-0.17707,-0.16037,-0.338035,0.234815,0.359661,-0.195209,-0.095115,0.040382,-0.033118,-0.323074,-0.195677,0.341624,-0.475946,-0.221962,-0.508195,-0.098736,-0.324779,-0.33854,-0.115707,0.135533,-0.04899,-0.312132,-0.155424,-0.099891,0.069597,-0.311543,-0.321727,-0.515726,-0.38551,0.325456,-0.192757,0.107698,-0.48279,-0.078712,-0.126312,-0.254363,-0.327924,-0.445407,-0.075237,-0.016075,0.122642,-0.424234,-0.318558,-0.259218,-0.152373,-0.075139,-0.303344,0.038133,-0.159795,0.426286,0.241666,-0.264588,-0.179618,0.0953,-0.047117,-0.039712,-0.036276,0.165406,0.284522,-0.182963,-0.081713,-0.233972,-0.024765,-0.215688,0.108615,-0.351043,-0.160411,0.124829,-0.249152,-0.109375,-0.013152,0.585223,-0.358125,0.347866,-0.114551,-0.299868,-0.095593,0.294055,0.095179,0.242573,-0.164784,-0.294392,0.215019,-0.028307,0.075026,0.108134,0.268361,-0.247215,-0.147117,0.155446,-0.323069,0.188596,0.162761,#
14,0.075701,0.383565,-0.132996,-0.234016,-0.064825,0.13807,0.071915,0.125605,0.136006,0.441381,-0.107879,-0.071449,0.212165,0.353148,1.0,-0.00841,-0.153051,0.213667,0.422992,-0.016538,-0.016888,0.25387,0.218827,0.089847,-0.122652,-0.110704,-0.076356,0.095151,0.073383,0.122755,-0.051174,0.052994,-0.047607,0.068627,-0.053169,0.022704,-0.003458,-0.114202,0.039949,-0.108803,0.01432,0.290163,0.054613,0.153244,0.288102,-0.222324,0.140282,0.123296,0.281246,-0.082667,0.129033,-0.099421,-0.073374,-0.177475,0.159346,0.046145,-0.054574,-0.311428,-0.119718,-0.133728,0.309899,-0.062225,-0.327342,0.219409,0.138912,0.073229,-0.079345,0.087344,0.050022,0.037871,0.110809,0.096873,0.177709,-0.230445,-0.085863,-0.000667,0.025971,-0.190553,-0.007234,-0.041413,0.06796,-0.356376,-0.253376,0.001057,-0.164602,0.212294,-0.044805,0.021506,-0.121602,-0.16557,0.066475,-0.028558,-0.045563,0.256845,-0.190262,-0.018036,-0.25114,-0.085122,-0.027983,-0.139686,0.001832,-0.046593,-0.125331,-0.17724,-0.198266,-0.247165,-0.302417,-0.131687,-0.314314,-0.130274,0.180187,0.31304,-0.158771,-0.101942,-0.166607,-0.056792,-0.170327,-0.075369,0.330728,-0.295952,-0.095996,-0.259154,-0.248038,-0.158409,-0.216389,-0.174443,-0.033437,0.22505,-0.265786,-0.072805,0.06664,0.164504,-0.287655,-0.128488,-0.22582,-0.236149,0.101996,-0.027096,-0.055161,-0.320881,-0.131658,-0.267286,-0.223976,-0.126103,-0.292349,-0.048926,-0.143752,0.1066,-0.251475,-0.066149,-0.337001,-0.392867,0.078574,-0.351319,-0.07613,-0.293128,0.192749,0.15376,-0.274102,-0.115772,0.054367,-0.028993,0.14331,0.099278,-0.027464,0.332775,-0.025834,0.026437,-0.196413,-0.035298,0.091153,0.073629,-0.249834,0.05999,0.302183,-0.1179,-0.189521,0.060471,0.38293,-0.214688,0.333845,0.077291,-0.13275,0.05021,0.257786,-0.140736,0.211358,-0.132172,-0.087451,0.094034,-0.044995,-0.01474,0.267441,0.159354,0.099525,0.014062,0.115431,-0.118338,0.152695,0.094317,#
15,0.158222,0.001839,-0.099194,-0.181186,-0.088888,0.116662,0.157097,0.208759,-0.108627,0.310391,-0.091203,0.044164,0.081423,0.178394,-0.00841,1.0,-0.135216,0.2133,-0.001155,0.066226,0.001997,-0.101752,0.261125,-0.025414,0.037276,0.087455,-0.071288,-0.088642,0.229371,0.226578,0.091393,-0.154143,0.144132,-0.108644,-0.052417,-0.033118,0.079332,0.043277,0.235195,-0.014093,-0.045667,0.001396,-0.103729,-0.059648,0.010588,-0.049371,0.059128,0.036033,-0.161177,0.143933,0.11472,0.118718,-0.066742,-0.022219,0.221628,-0.046786,-0.052351,-0.130317,-0.210133,0.053396,0.197855,0.075572,-0.163816,0.048846,0.034633,0.203142,-0.193072,0.231655,-0.244658,0.017858,-0.028129,0.064678,-0.235123,-0.005557,-0.087283,0.137189,0.004232,-0.082147,-0.048574,0.265553,0.014436,-0.115168,-0.010506,0.292793,0.0335,-0.247342,-0.146761,-0.141158,0.085687,-0.027923,0.036889,0.059606,-0.012899,0.291468,0.149182,0.044869,-0.131614,-0.219996,0.071311,0.015114,-0.161248,-0.155355,-0.323158,0.032334,-0.012364,-0.069078,-0.241666,0.209437,-0.030172,0.095938,-0.141115,0.120678,-0.071115,-0.159321,0.114646,0.13803,0.086157,-0.249105,0.193792,-0.170778,-0.165961,0.049671,-0.058924,-0.143183,-0.260715,0.094678,-0.030154,0.069663,-0.221765,-0.270865,-0.14766,0.075085,-0.154487,-0.03891,-0.272935,-0.167531,-0.131473,-0.093176,-0.073938,-0.276838,0.15097,0.240837,-0.057792,-0.055193,-0.053647,0.025818,0.252357,0.200955,-0.126072,-0.266638,-0.012839,-0.008167,0.021042,0.0346,0.152514,-0.058821,0.08147,0.286188,-0.185421,-0.064569,0.129657,-0.023981,-0.11602,-0.134498,-0.038752,0.047097,-0.143365,-0.043358,0.035732,-0.113449,0.144967,-0.063261,0.010267,-0.29462,-0.052945,-0.193236,-0.051522,0.002615,0.170271,-0.217719,0.249702,-0.214316,-0.284368,0.064119,0.320994,-0.136229,0.318036,0.023185,-0.266308,-0.00829,-0.006434,-0.035088,0.006229,0.18446,-0.199172,-0.233564,-0.0018,-0.157864,0.215627,0.161098,#
16,-0.125775,-0.046097,-0.221821,0.088056,-0.010692,0.230943,0.05188,-0.114316,-0.097386,-0.243112,0.024444,0.127128,-0.038267,-0.197538,-0.153051,-0.135216,1.0,-0.150848,0.075466,-0.049151,0.105426,-0.267083,-0.112522,-0.341764,-0.371596,-0.2044,-0.139971,-0.035526,-0.088903,-0.226376,-0.115698,0.16406,0.157148,0.229931,-0.022423,0.108749,-0.039935,-0.068114,-0.259511,0.254254,0.071495,-0.060669,0.067581,0.135248,-0.044897,0.070897,-0.182792,-0.079224,0.104651,0.201345,0.021389,0.050963,0.133241,-0.112744,0.080056,0.019277,0.215756,0.010464,0.190646,-0.158082,-0.142522,0.269594,0.311579,-0.189499,-0.050463,0.046264,-0.148268,-0.075315,0.013711,-0.211777,-0.228041,-0.135672,-0.063861,-0.104784,-0.064451,0.031538,-0.098189,0.007231,0.05061,0.099645,-0.009488,0.115162,0.096623,-0.316077,-0.04018,-0.069452,-0.072633,0.077937,-0.083227,-0.169731,-0.206348,0.129573,-0.041777,-0.174854,0.031857,-0.206533,-0.097176,-0.179276,-0.073115,0.132225,0.045147,0.024485,0.019249,-0.019093,0.103994,0.043608,0.197988,-0.201435,0.045514,-0.00063,-0.300883,-0.100357,-0.052459,0.071132,-0.119412,-0.182143,-0.018371,0.128299,-0.267499,-0.00215,-0.005459,-0.054353,-0.020744,-0.170015,0.033093,-0.213994,-0.33103,-0.268108,0.044761,-0.067791,-0.206522,-0.157294,-0.005101,0.203586,0.112906,0.013988,0.135245,-0.284545,-0.051529,0.04924,-0.175307,0.087552,-0.066126,0.330609,0.146075,-0.122717,-0.069864,0.018443,-0.084618,-0.001926,0.064546,0.070811,0.004671,0.083047,-0.170921,-0.1765,-0.229241,0.101705,-0.014003,0.155864,-0.15942,-0.038241,0.032136,-0.024472,-0.112412,0.114414,0.159196,-0.118813,0.069948,-0.120425,-0.095975,0.104489,-0.117801,-0.179324,0.085752,-0.109842,-0.061426,0.082752,-0.163311,0.012944,-0.408716,0.096993,0.42082,0.085992,-0.024473,-0.072622,-0.054362,0.195697,0.132353,-0.23547,-0.075535,0.179096,-0.006781,-0.212727,0.05415,0.020921,0.085543,0.033165,-0.395471,-0.07707,#
17,-0.368508,0.253737,0.399808,0.077823,-0.162997,-0.001747,0.014953,0.15098,0.276249,0.208186,-0.352274,0.001905,0.028071,0.251003,0.213667,0.2133,-0.150848,1.0,0.031906,0.378491,-0.159908,0.135875,0.106185,0.107693,0.141397,0.202797,0.121188,0.170279,-0.046829,0.094641,0.07912,0.041664,0.04545,0.023803,-0.139138,0.009185,0.13906,-0.109643,0.076682,-0.250494,0.017714,0.161671,0.20204,0.165056,-0.018098,-0.253263,0.149476,0.186431,0.161404,0.021203,-0.069257,-0.041628,0.066542,-0.002902,-0.059664,-0.049586,-0.05279,-0.345317,-0.18128,-0.171068,-0.094232,-0.147136,-0.134529,0.101536,-0.02963,0.109972,0.049585,0.187564,-0.01886,0.302863,0.208533,0.282981,-0.075423,-0.115932,0.061479,-0.035943,0.26559,-0.160215,0.124334,-0.068375,0.234031,-0.047716,-0.125237,0.281927,-0.110277,0.116743,0.043354,-0.053342,0.008302,0.121576,0.141058,0.04381,-0.116476,0.505418,-0.010248,0.071011,0.265281,0.020431,0.023229,0.040306,-0.187883,0.083972,0.01349,0.324639,-0.082419,0.143857,-0.096469,-0.182635,-0.14731,-0.081437,0.192078,0.114702,0.119275,0.035237,0.128544,0.068001,0.163285,-0.148499,0.376944,-0.42331,0.143912,-0.243742,-0.217464,-0.014742,-0.042282,-0.00751,0.050605,0.056335,-0.088217,0.070126,0.185076,0.219397,-0.013716,-0.176773,0.0323,-0.02674,0.074141,0.037459,-0.00068,-0.066751,-0.010514,-0.141067,-0.208693,-0.339893,-0.257139,0.052778,0.068979,0.061854,0.130171,-0.037026,-0.235843,-0.130442,0.247621,-0.022885,-0.045138,-0.089997,0.091976,0.371007,-0.036602,0.086654,0.159104,0.208546,-0.150318,0.205775,0.122729,0.204102,0.116695,-0.103236,-0.130721,0.219258,-0.153582,-0.165558,-0.058677,-0.076661,0.04357,0.111163,-0.00212,-0.073086,0.301149,-0.294645,0.239534,-0.179694,-0.320006,-0.242357,-0.081266,-0.022468,0.148218,0.191184,-0.281725,-0.245462,0.173366,-0.264405,-0.117756,0.219874,-0.210722,-0.173263,-0.055016,0.10091,0.305587,0.184533,#
18,0.141795,0.327756,-0.137473,-0.096596,0.045051,0.100619,0.25106,0.139484,0.012555,0.197807,0.078253,0.015768,0.122049,0.260932,0.422992,-0.001155,0.075466,0.031906,1.0,-0.227285,0.157986,0.01806,0.072133,-0.030623,-0.002065,0.005803,-0.050985,0.202482,-0.03784,0.237519,-0.16977,0.066999,0.075874,0.073328,0.062264,0.067285,0.054568,-0.210456,-0.028727,-0.109347,0.149577,0.407202,0.063146,0.305675,0.182763,-0.034535,0.015063,-0.25602,0.16417,0.050495,-0.08034,0.096107,0.11519,-0.03098,0.237354,0.02211,-0.082095,-0.140398,-0.212666,-0.127914,0.121191,-0.120253,-0.092779,0.39782,0.028725,0.156523,-0.090732,0.001851,0.033215,-0.284768,-0.004583,0.008724,-0.203629,-0.186988,-0.061248,0.131668,-0.131756,-0.064061,0.14069,-0.118464,0.019696,-0.252592,-0.304998,-0.086483,-0.237658,-0.134368,-0.121449,0.17319,-0.112865,-0.220871,-0.211551,-0.239168,-0.013745,-0.115734,-0.158669,-0.128105,-0.149294,-0.29231,0.032628,-0.212192,0.119487,0.128029,0.072879,-0.432091,-0.213449,0.025609,-0.120527,-0.117996,-0.074302,0.01449,-0.0788,0.345183,-0.272113,-0.10369,-0.141664,0.097395,-0.079498,-0.114742,-0.051713,-0.044114,-0.31551,-0.211797,-0.270718,-0.21813,-0.223405,-0.294427,0.075956,0.164025,-0.302218,-0.102748,-0.119844,-0.19573,-0.227253,0.100909,-0.225519,-0.199581,0.061433,-0.052562,-0.030078,-0.262273,-0.290006,0.013037,-0.176557,-0.140529,-0.175819,-0.184222,-0.264472,0.22828,-0.379906,-0.269957,-0.352156,-0.126434,-0.122178,-0.324588,-0.010329,-0.30352,0.106833,0.110506,-0.316264,-0.209626,-0.174996,0.071024,0.053734,-0.10331,0.094017,0.061759,0.021477,0.139942,-0.08285,-0.109638,0.191556,0.358799,-0.090061,-0.076397,0.332086,-0.13351,0.055251,0.129811,0.236307,-0.181486,0.061324,0.189493,0.218992,0.279162,0.459602,-0.096089,0.24848,-0.12121,0.06277,0.244057,-0.212549,0.164102,0.376595,0.02396,-0.222307,-0.004528,0.513259,-0.195801,-0.303489,0.091083,#
19,-0.151782,0.068057,0.111588,0.096006,-0.147722,-0.0542,-0.260433,0.021923,-0.139561,0.051033,-0.266389,-0.159356,0.02001,0.063603,-0.016538,0.066226,-0.049151,0.378491,-0.227285,1.0,0.309438,0.140254,-0.013108,0.04907,-0.183632,-0.126648,-0.008987,-0.210558,-0.032529,-0.088572,0.384945,0.349225,0.236883,0.259539,-0.111898,-0.401927,0.128343,0.095559,-0.346443,-0.153549,0.133091,0.096411,-0.071086,0.009931,-0.114287,-0.319177,0.284843,0.185964,0.254925,-0.195615,-0.157834,-0.093509,0.374998,-0.129,-0.297282,0.023672,0.051201,-0.248418,0.257772,-0.154552,0.064462,-0.063243,-0.125548,-0.238869,0.026813,0.044335,-0.076404,0.014881,-0.127742,0.255836,0.045404,0.115899,0.013462,0.002021,0.134762,-0.382964,0.357941,0.153576,0.516502,0.240302,0.349908,0.236705,0.248744,0.118679,0.270244,0.294636,0.308588,-0.106295,0.31921,0.078465,0.228578,0.312847,0.138087,0.274715,0.137023,0.400415,0.260887,0.258698,0.229341,0.229414,-0.504491,0.137752,0.212845,0.40887,0.361371,0.357865,-0.032363,-0.273181,0.176885,-0.208723,0.361358,-0.129504,0.132325,0.416597,0.19783,0.153212,0.116246,-0.001228,0.210989,-0.302674,0.324522,0.010975,-0.085174,0.085701,0.050377,0.42385,0.01718,-0.020811,0.328174,0.40564,0.408683,0.265063,0.414457,-0.163286,0.300072,0.129295,0.093899,0.03797,0.122757,0.180844,0.213399,0.076481,0.04753,-0.206592,0.089533,0.310089,0.406885,-0.44072,0.359294,0.144351,0.143414,0.10755,0.499717,0.327313,-0.05285,0.254733,0.420095,-0.068592,0.076905,0.095025,0.133702,0.223805,-0.060727,-0.001213,-0.017655,0.096788,0.440987,-0.16541,0.093761,0.212473,-0.563744,-0.178492,0.008283,0.12289,-0.344484,0.165198,0.192868,-0.500289,0.007758,0.076999,-0.019802,-0.183292,-0.310364,-0.273535,-0.427115,-0.071079,0.307767,0.178323,-0.084694,-0.325848,0.216776,-0.428296,-0.431517,-0.159357,-0.07015,-0.30092,-0.387324,0.306364,0.403745,0.023274,#
20,0.203223,-0.012105,-0.049497,0.11945,-0.256156,0.045636,-0.214975,0.014198,-0.318076,-0.171685,0.021793,0.202932,-0.139912,0.07433,-0.016888,0.001997,0.105426,-0.159908,0.157986,0.309438,1.0,-0.105269,-0.396779,-0.106386,-0.043056,-0.013849,-0.112365,-0.132179,-0.018321,-0.057716,0.308533,0.286103,0.094328,0.29223,-0.196309,-0.310084,0.012448,0.095734,-0.165644,-0.065046,0.359229,0.188838,-0.205813,0.082677,-0.013703,-0.11364,0.009558,-0.158857,0.025036,-0.271967,-0.059033,-0.073364,0.40081,-0.029742,-0.093573,0.016273,-0.127044,-0.050857,-0.195808,0.035306,-0.040913,0.035636,0.132027,-0.10365,0.078127,-0.076647,-0.325017,-0.034235,-0.229044,-0.170537,-0.096823,0.109483,0.112871,0.205756,-0.126053,-0.404886,-0.018592,0.332105,0.177829,0.341112,0.232205,0.153993,0.384044,-0.085041,0.068904,-0.160376,0.084171,0.116655,0.342656,0.137631,-0.037537,0.002067,0.218832,-0.121281,0.251541,0.192654,-0.08596,0.181496,0.123407,0.125701,0.065564,0.229899,-0.096365,-0.01626,0.146733,0.140021,0.158989,0.136498,0.240646,0.056139,0.021284,0.036254,-0.229718,0.321016,0.266766,0.369321,-0.029433,0.185123,0.061802,0.114766,0.070431,0.025416,-0.132432,0.202534,-0.143484,-0.017596,-0.191174,-0.325932,-0.134857,0.315459,0.171617,0.062268,0.292875,0.110724,0.009063,0.158153,0.269804,0.07116,0.169409,0.106352,-0.042789,0.118516,0.31579,0.141382,0.118562,-0.04179,0.271954,-0.456192,0.003434,0.23317,0.103416,0.170157,0.139699,0.223509,0.030829,0.20112,0.172145,-0.24463,-0.020772,0.01144,-0.046584,-0.023462,0.208454,-0.275686,-0.292735,-0.281001,0.26215,0.039812,0.343277,-0.120097,-0.257509,0.111388,0.182518,-0.014149,-0.382589,0.22061,-0.005108,-0.359481,-0.243604,0.421444,-0.259486,0.104827,-0.027913,-0.04902,-0.143919,0.360618,0.113026,0.011935,0.248471,0.008925,-0.116173,-0.19305,-0.190105,-0.333954,-0.161192,-0.110832,0.109798,-0.079575,0.006968,-0.187218,#
