0,1.0,0.217622,-0.108924,-0.104513,0.292351,0.234135,0.001713,0.074937,-0.298716,0.224989,-0.027637,-0.058197,0.447727,0.180145,0.072891,-0.037269,0.122743,-0.018305,-0.034772,-0.184289,0.126299,0.292982,0.12519,-0.182781,-0.207939,-0.239227,0.021233,-0.249332,0.25829,0.227505,0.178118,0.077752,0.16197,-0.130478,-0.100028,0.073916,-0.017449,-0.194689,-0.076313,-0.311008,-0.043367,0.077754,0.072908,0.17011,-0.232987,-0.249268,0.199176,0.04664,-0.244571,-0.195657,-0.115414,-0.192923,0.033378,-0.187999,0.154824,-0.04838,-0.069349,0.014077,0.083712,0.204995,0.414368,0.123478,-0.169615,-0.113545,0.057164,0.173611,-0.090482,0.231932,0.018476,-0.252437,-0.140372,0.084557,-0.350574,-0.241116,-0.43187,0.307367,-0.122949,-0.183508,-0.429624,-0.10307,-0.154339,-0.2928,0.020993,0.012719,-0.212577,-0.102628,-0.083821,-0.042381,-0.152672,-0.349975,-0.198002,-0.442213,-0.177503,-0.136004,0.104755,-0.203776,-0.041684,-0.134667,-0.105107,-0.010391,0.111138,-0.24465,-0.209838,-0.041603,-0.083946,-0.214956,-0.224605,-0.026133,-0.379261,-0.093544,0.10974,0.23118,-0.203585,-0.175027,-0.138686,0.081168,-0.380374,-0.301539,0.074816,-0.283458,-0.363656,-0.079792,0.013348,-0.221036,-0.086668,0.072411,-0.10118,-0.086455,0.009959,0.079681,-0.135028,-0.253715,-0.14899,-0.052843,-0.528452,-0.124429,-0.062915,-0.276005,0.323827,-0.293698,-0.095248,-0.154531,-0.116072,0.017277,-0.072522,-0.122765,-0.05337,0.15811,-0.347753,-0.412437,-0.114103,-0.40394,-0.082296,-0.215078,-0.052638,-0.174312,0.272969,0.292615,-0.207804,-0.351022,-0.074092,-0.267578,-0.028152,-0.349878,-0.104635,0.212694,-0.352045,-0.182685,-0.099973,-0.233999,0.166105,0.094848,-0.381426,-0.020783,0.114722,-0.391978,-0.175154,0.171951,0.173991,0.064539,0.172034,-0.065889,0.021365,0.166477,0.298619,-0.150326,0.322713,-0.055494,-0.106843,0.305404,0.121784,0.214944,0.2359,0.083636,-0.121461,0.243943,-0.129503,-0.236167,-0.006324,0.285167,#
1,0.217622,1.0,0.179658,-0.199208,0.079426,0.187512,0.34643,0.242185,0.265251,0.345753,-0.209875,-0.17689,0.411017,0.191841,0.446367,-0.182999,0.033874,0.343724,0.211118,-0.078177,-0.126555,0.16368,0.30688,-0.044261,-0.096463,-0.330146,0.134108,0.042706,-0.071986,0.214935,-0.266778,-0.002971,0.306178,-0.039276,-0.171725,0.304621,0.06493,-0.133445,-0.003674,-0.084288,-0.145648,0.222848,-0.036607,0.181025,0.31461,-0.411438,0.333661,-0.066033,0.162824,0.162499,0.010842,-0.254136,-0.080372,-0.254098,-0.041659,-0.296864,-0.102739,-0.368565,-0.154898,-0.098523,0.073718,0.165601,-0.405545,-0.005703,0.14593,0.213196,-0.010178,0.119268,0.265239,-0.148692,0.051416,-0.016828,-0.126709,-0.480664,-0.295717,0.361471,-0.212706,-0.483485,-0.143619,-0.305102,-0.079429,-0.356809,-0.248884,0.107609,-0.373728,-0.042585,-0.245124,-0.168177,-0.250445,-0.317618,-0.20668,-0.285286,-0.518867,-0.064289,-0.139974,-0.170413,0.168165,-0.139895,0.054747,-0.211316,-0.017986,-0.242201,-0.212056,-0.122015,-0.245325,-0.145131,-0.513688,-0.108189,-0.550533,-0.267475,0.11794,0.478377,-0.180728,-0.333022,-0.138441,-0.177113,-0.253316,-0.514145,0.081827,-0.546008,-0.321601,-0.361081,-0.493392,-0.271473,-0.236139,-0.092651,0.089046,0.23482,-0.111301,-0.096243,-0.19715,-0.230344,-0.33041,-0.04677,-0.300295,-0.276498,0.23101,-0.172276,-0.050475,-0.36445,-0.238078,-0.154455,-0.463714,-0.253064,0.000199,-0.076263,-0.290641,0.397113,-0.133038,-0.299736,-0.318761,-0.49843,-0.034244,-0.159363,-0.255846,-0.33639,0.310069,0.382999,-0.207707,-0.189387,0.016925,0.009057,0.264267,0.093388,-0.097189,0.368821,-0.160847,-0.08326,-0.220862,-0.093278,0.060354,-0.036089,-0.29337,-0.209341,0.249527,-0.208841,-0.177196,0.521698,0.463813,-0.610205,0.350177,0.166722,-0.228664,-0.131926,0.24008,-0.210581,0.354757,-0.047397,-0.385397,0.423908,0.206305,0.340451,0.334706,0.396435,-0.240785,0.059375,-0.007259,-0.110813,0.214096,0.079659,#
2,-0.108924,0.179658,1.0,0.298865,0.04168,-0.087836,0.128706,0.011458,0.322712,-0.149976,-0.081107,-0.093026,-0.213455,-0.14068,-0.060979,-0.186379,-0.121611,0.214498,-0.093814,0.172125,-0.061058,0.114143,0.062223,-0.040877,0.191029,-0.165859,0.370846,0.220786,-0.009608,-0.015168,0.038112,0.142757,-0.106018,-0.030085,0.101758,0.141184,0.285295,-0.22964,0.125824,-0.084098,0.069992,0.104396,-0.015151,0.107234,0.049499,-0.157117,-0.040686,0.439728,0.23538,-0.065091,-0.203858,0.123432,0.178709,0.030861,-0.303591,0.028425,0.026739,-0.336153,-0.293767,0.058153,-0.171668,-0.345495,0.121042,0.092366,-0.050024,-0.073391,0.216566,0.120055,0.135046,0.323049,0.403608,0.316379,0.060257,0.014345,0.19405,-0.037568,0.0386,-0.309085,0.012872,-0.212373,0.250606,-0.037686,0.035415,0.129266,-0.039369,0.333586,0.001481,0.062007,0.053518,-0.023805,0.090306,0.031408,0.010917,0.166572,0.12194,0.098958,0.419179,0.046298,0.109534,-0.073999,0.003165,0.231263,0.126438,0.024922,0.084987,0.05577,-0.005572,0.14036,-0.367743,0.07311,0.427386,-0.001483,0.068481,0.039159,0.449596,-0.044641,-0.026989,-0.092538,0.00938,0.006923,0.112352,-0.004226,0.024343,-0.017386,0.188089,-0.132054,-0.068058,0.189458,-0.09612,0.043158,0.467362,-0.183976,0.065504,-0.007205,0.191407,0.160368,-0.042273,0.329335,0.188628,0.122098,0.058691,0.06766,0.003242,-0.196395,-0.108638,0.054034,-0.278405,-0.02479,0.272801,0.023902,0.007652,-0.091089,0.156225,-0.045776,-0.021832,-0.01671,-0.05381,0.145455,0.14511,0.123504,0.242315,0.114233,-0.034764,0.154219,-0.058078,-0.216244,-0.020034,0.005353,0.048589,0.183519,-0.151324,-0.176262,-0.068241,0.146551,-0.209103,0.323391,0.040831,0.154252,0.070809,-0.25322,0.130582,-0.139842,-0.157624,0.119164,-0.208556,0.114571,-0.092112,0.11579,-0.065856,-0.105132,0.363725,-0.077934,0.011922,0.141564,-0.266159,0.185791,-0.113655,0.041242,0.117038,-0.07667,#
3,-0.104513,-0.199208,0.298865,1.0,-0.239543,-0.140061,-0.245531,-0.304675,-0.123858,-0.163498,0.120842,0.009116,-0.287936,-0.117015,-0.268693,-0.122676,-0.091892,-0.008658,-0.108298,0.311969,0.237766,0.092606,-0.145676,0.207705,0.299562,0.225348,0.088213,0.225079,0.026227,-0.279155,0.382079,0.023881,-0.157649,-0.074003,0.113825,-0.273553,0.021851,0.106193,-0.094612,-0.073658,0.094601,0.039015,-0.156295,0.014418,-0.04433,0.323621,-0.146455,0.073896,0.148554,-0.144341,-0.007748,0.457164,0.125844,0.089104,-0.104618,0.056794,0.234063,0.053365,0.064554,0.364275,-0.174212,-0.231423,0.088129,-0.135404,0.079348,-0.251806,0.084104,0.261013,-0.035735,-0.049181,0.111208,0.160264,0.223136,0.194364,0.05227,-0.345919,0.20487,0.112594,0.210601,-0.022764,0.311249,0.513155,0.208146,0.14242,0.236373,0.071144,0.292828,0.174403,0.205398,-0.0936,0.248684,0.18763,0.418859,-0.059317,0.433566,0.184613,0.087899,0.002447,-0.042937,0.242029,0.048605,0.228646,0.351639,0.023319,0.356815,0.357756,0.188919,0.081386,0.199192,0.154253,-0.149658,-0.211204,0.192772,0.209674,0.249523,0.163856,0.223549,0.03049,-0.08316,0.297757,0.248033,0.261797,0.439888,0.14898,0.070267,0.086521,0.095003,-0.03188,0.111658,0.270053,0.237153,0.153627,0.318884,0.24649,0.354118,0.379338,0.024085,0.174956,0.144253,0.375939,0.179232,0.154059,0.128833,0.069398,0.305725,0.252852,0.228393,-0.277295,0.266348,0.230826,0.272954,0.299526,0.142281,0.392152,0.120552,0.181793,-0.298538,-0.163762,0.130824,0.202374,-0.155453,0.189196,-0.163299,0.052777,-0.118869,-0.339018,0.101501,0.154464,0.213384,0.246776,-0.297441,-0.015546,0.394124,0.164586,-0.454079,0.362315,0.222878,-0.111777,-0.417349,0.121691,-0.304452,-0.196963,-0.084975,-0.063193,-0.185423,0.195199,-0.118096,0.244726,0.434777,-0.282685,0.146663,-0.218355,-0.158632,-0.240618,-0.173313,-0.026482,-0.276994,0.118328,0.123607,-0.270769,#
4,0.292351,0.079426,0.04168,-0.239543,1.0,0.146655,0.064212,0.211903,-0.217563,-0.054476,0.155191,0.004634,0.215976,-0.044366,0.141078,0.111145,0.073104,0.03105,0.200314,-0.114516,-0.160298,-0.097439,0.085278,-0.290634,0.017127,-0.201111,-0.220444,0.002868,0.063937,-0.009436,-0.153762,-0.142367,-0.101434,-0.195498,-0.181521,0.070952,-0.140995,-0.193493,-0.063854,0.021144,-0.106658,-0.150857,0.020352,0.073064,-0.125783,-0.078847,-0.007482,0.218347,-0.075775,-0.023078,0.257859,-0.034334,0.095338,-0.187629,0.197684,0.119637,-0.305306,0.030148,0.00742,-0.257838,-0.001381,0.070162,-0.092254,0.133464,-0.056754,0.33891,0.134232,-0.139409,0.02419,0.066261,-0.036461,0.022894,-0.22924,0.051456,-0.108521,0.467891,-0.075414,-0.434982,-0.19137,-0.266658,-0.134097,-0.312731,-0.190396,0.127714,-0.160806,-0.011279,-0.040113,-0.107194,-0.118601,-0.131102,-0.097921,-0.328492,-0.088374,-0.196281,-0.157006,-0.023716,0.154137,-0.333503,0.0261,-0.024198,0.151361,-0.22179,-0.169168,-0.246729,-0.198243,0.030754,-0.090908,-0.097439,-0.211814,-0.169329,-0.001205,-0.028317,-0.025983,-0.212267,-0.136827,-0.140903,-0.30377,0.056266,-0.046073,-0.032649,-0.283203,-0.133258,0.089721,-0.064076,-0.03035,-0.098276,0.105445,0.015354,-0.082369,-0.125892,-0.090772,-0.212814,-0.198508,-0.151151,-0.341357,-0.145698,0.001731,-0.315538,-0.115534,0.011554,-0.125283,-0.231537,-0.093232,-0.013644,-0.019269,-0.075603,-0.256364,0.084157,-0.154209,-0.436309,-0.306595,-0.232217,-0.475264,-0.127738,-0.282916,-0.226141,0.059188,0.306347,-0.121275,-0.176359,-0.158142,-0.260014,-0.092803,0.015434,-0.015055,0.005923,-0.131854,-0.033438,-0.109669,-0.070204,0.181942,-0.027377,-0.109351,-0.034813,0.217476,-0.142227,-0.043905,0.220949,0.192113,-0.101951,0.231233,-0.038346,0.250282,0.068982,0.201242,-0.377972,0.082227,-0.16754,-0.235984,0.059754,-0.024178,0.022607,0.300261,-0.042544,0.015996,-0.157306,0.154463,-0.021347,-0.308067,0.247095,#
5,0.234135,0.187512,-0.087836,-0.140061,0.146655,1.0,0.232522,0.265088,0.015621,-0.003036,0.258132,-0.01946,0.150634,-0.069192,0.040614,-0.056851,0.39895,0.185436,-0.154906,0.023717,-0.062814,0.259044,0.18354,-0.074309,-0.197552,-0.329488,0.016487,-0.242801,-0.119311,-0.286917,-0.184522,0.094394,0.084798,-0.17828,-0.132497,-0.132394,-0.032103,-0.027599,-0.040875,-0.1838,-0.070176,0.268362,0.018372,0.222009,0.093544,-0.155043,0.042394,0.148952,0.177825,-0.10433,-0.006502,-0.012711,0.118062,-0.101349,0.040344,-0.080525,-0.05252,-0.250384,-0.02908,-0.240006,0.089762,-0.080889,-0.32897,0.119981,0.077243,0.232504,-0.042713,0.036523,0.18713,0.098905,-0.029742,0.346567,-0.225051,-0.015711,-0.31507,0.315359,-0.387772,-0.109142,-0.231489,-0.136895,0.275827,-0.216216,-0.064751,-0.322846,-0.152971,0.108645,-0.017161,-0.142267,-0.098835,-0.389981,-0.124397,-0.142379,-0.214452,-0.001646,-0.129777,-0.029772,0.042695,-0.227152,0.014086,-0.079502,-0.152577,-0.151991,0.038882,-0.080919,-0.04389,-0.296412,-0.099967,-0.191683,-0.354834,-0.134004,0.144898,0.003213,-0.167679,-0.245294,-0.003113,-0.324558,-0.632982,-0.028439,0.047488,-0.24126,-0.296183,-0.380016,0.091359,-0.463344,-0.107742,0.128882,-0.118683,0.082185,-0.03349,0.072715,-0.136962,-0.143298,-0.176248,-0.206745,-0.154501,-0.11022,0.110804,-0.31274,-0.107064,-0.293862,-0.201229,-0.189896,-0.35244,0.076814,0.068415,0.024173,-0.134562,0.147321,0.039309,-0.205349,-0.029778,-0.002952,-0.13337,-0.087892,-0.017503,-0.200792,0.11893,0.226603,-0.196367,-0.028582,7e-05,-0.021044,-0.027924,0.169204,-0.065352,0.392673,0.071698,-0.162329,-0.103269,-0.059423,0.251343,-0.150994,-0.381047,0.093465,0.141437,-0.228102,-0.061197,0.090657,0.203088,-0.120521,0.159468,0.122289,0.077675,-0.012061,0.102909,0.039781,0.043153,0.16053,-0.223903,-0.009433,0.156157,0.112682,0.169543,-0.180263,0.037578,0.133501,0.056726,-0.185217,-0.157527,0.080206,#
6,0.001713,0.34643,0.128706,-0.245531,0.064212,0.232522,1.0,0.426814,0.422573,0.343109,0.083148,-0.120184,0.341036,-0.110826,0.194599,-0.094948,-0.016655,-0.032246,0.098241,-0.241711,-0.351772,0.177027,0.08022,-0.035198,-0.057612,-0.23542,0.372512,-0.017539,0.269756,0.00981,-0.531543,-0.132404,0.138586,-0.049911,-0.068894,0.149353,-0.189048,-0.130389,0.092452,-0.069394,-0.124596,0.167533,0.042077,-0.221872,-0.076136,-0.254988,0.069795,-0.032155,0.085456,0.200255,-0.132658,-0.187049,-0.049413,-0.191117,-0.044156,-0.103875,0.125898,-0.200198,-0.194786,0.070494,0.073135,-0.003206,-0.223322,0.218671,0.135936,0.318805,0.215825,-0.055213,0.366325,-0.084651,0.155408,-0.037384,-0.309548,-0.393654,-0.13052,0.470049,-0.093798,-0.309654,-0.131018,-0.122389,-0.210364,-0.288308,-0.35915,-0.228679,-0.141316,0.410933,-0.086086,-0.14454,-0.079411,-0.350848,-0.269219,-0.164683,-0.331517,-0.070641,-0.03407,-0.164446,0.188118,0.020897,0.030544,-0.337079,-0.111651,-0.130884,0.008516,-0.07402,-0.18009,-0.206064,-0.33085,-0.140239,-0.439092,-0.171515,-0.068402,0.192851,-0.233864,-0.457396,-0.080195,-0.269321,-0.207066,-0.016694,-0.21764,-0.110456,-0.129396,-0.254695,-0.096249,-0.406503,-0.290407,0.041787,0.115701,0.378674,-0.103364,-0.144497,-0.310118,-0.601987,-0.541842,-0.022227,0.005731,-0.109496,0.062523,-0.121165,-0.18635,-0.343887,-0.011267,-0.104075,-0.273703,-0.108389,-0.038994,-0.214193,-0.288327,0.576254,0.006469,-0.188713,-0.051372,-0.194165,0.037596,-0.28364,-0.212605,-0.196554,0.109437,0.144112,-0.112891,-0.084142,0.031012,0.022948,0.230614,0.123836,0.096281,0.209251,0.073962,0.002167,-0.255125,0.278782,0.417678,-0.143476,-0.249207,0.019677,0.28302,-0.086086,0.135944,0.20446,0.367558,-0.202012,0.405419,0.27459,0.132228,-0.081442,0.284077,-0.116871,0.1757,0.030451,-0.27235,0.311763,0.165953,0.291522,0.120163,0.145345,-0.01095,0.122576,-0.097823,-0.134966,-0.155502,-0.120657,#
7,0.074937,0.242185,0.011458,-0.304675,0.211903,0.265088,0.426814,1.0,0.13929,0.179714,0.041331,-0.314645,0.327122,0.121574,0.002935,0.111941,-0.048346,-0.050948,0.105742,-0.056423,-0.040072,0.154408,-0.006647,0.248989,-0.016123,-0.084583,0.072342,-0.12159,0.088322,-0.031645,-0.193787,-0.070583,0.319811,-0.026351,-0.123888,0.048426,-0.002144,-0.055029,0.300386,-0.249342,-0.116952,0.173015,-0.0581,0.177527,-0.269252,-0.210123,0.101769,-0.019929,0.128391,-0.042438,-0.209478,0.01377,0.052041,-0.001631,-0.04871,0.011399,0.051495,-0.187386,-0.227963,-0.042438,0.08488,0.023292,-0.357427,0.220356,-0.008144,0.225959,0.214856,0.057892,0.238777,-0.052529,0.268465,0.095,-0.379633,-0.122963,-0.017107,0.388441,-0.032335,-0.043291,-0.024867,-0.021345,-0.08524,-0.07905,-0.010372,0.073753,-0.239938,0.249536,0.194828,0.177662,-0.031756,-0.166644,-0.31509,-0.110953,-0.297702,0.103471,-0.147758,0.122891,0.356464,0.058854,0.32656,-0.321797,-0.09494,-0.097737,0.137971,-0.045596,0.17761,-0.035116,-0.146697,-0.121525,-0.327457,-0.391657,0.07741,0.215981,-0.009521,-0.178714,0.173,-0.016172,-0.165225,0.001633,-0.050104,-0.085487,-0.17632,-0.345538,0.040497,-0.252045,0.040869,0.090232,0.031409,0.094738,-0.147583,-0.112106,-0.250261,-0.163152,-0.149743,-0.160052,-0.112669,-0.089618,0.308376,-0.017848,-0.134412,-0.188778,0.006079,0.143528,-0.201461,0.109589,0.004535,-0.073644,-0.156898,0.202196,0.047901,-0.31874,-0.095575,-0.011912,-0.143361,-0.101456,-0.07919,-0.094599,0.325569,-0.031516,0.074061,0.012584,-0.037431,0.308736,-0.073814,0.020901,0.20158,0.029961,0.160436,-0.30787,-0.280649,0.1946,0.164827,-0.13595,-0.310063,0.061783,0.222979,-0.032199,0.309911,-0.022609,0.218208,-0.181374,0.222569,0.213562,0.138486,-0.075651,0.200554,0.17399,0.091944,-0.158311,-0.112451,0.196788,0.269406,0.015139,0.118034,-0.182388,-0.211506,-0.066797,0.000739,-0.134492,-0.007499,-0.025263,#
8,-0.298716,0.265251,0.322712,-0.123858,-0.217563,0.015621,0.422573,0.13929,1.0,0.190105,-0.198469,-0.072209,0.150747,0.083853,0.168596,-0.278564,-0.119423,0.381075,0.058296,-0.112592,-0.144808,0.123172,0.119798,0.113959,0.245309,0.096912,0.44953,0.212316,0.022987,0.055088,-0.218171,0.000312,0.043674,-0.143472,0.029834,0.053776,0.089286,-0.178202,0.158739,-0.239922,0.138646,-0.063417,0.11871,0.02981,0.265126,-0.284981,-0.032178,0.075739,0.113097,0.222402,-0.061564,-0.233983,0.025772,0.009453,-0.371098,0.061617,0.13586,-0.285818,-0.02159,0.104516,-0.134139,-0.238998,-0.189874,0.119644,0.16914,0.193773,0.148959,-0.085067,0.093146,0.19178,0.201985,0.170369,-0.068766,-0.125058,0.042774,0.166206,0.024361,-0.100484,0.049161,-0.180809,0.088586,-0.076349,-0.234399,-0.069388,-0.065211,0.403816,-0.010691,-0.077858,0.085855,-0.07777,-0.022377,0.21234,-0.270002,0.272258,0.067495,0.01374,0.290253,0.048004,-0.021786,-0.165331,-0.082513,0.264265,0.132074,0.225309,-0.106052,-0.201087,0.005751,-0.058116,-0.140298,0.006737,0.266735,0.130962,0.00475,-0.399499,0.213194,0.003286,-0.093288,-0.081683,0.081575,-0.078559,0.036912,-0.176082,-0.122781,-0.096896,-0.050201,0.133596,0.074326,0.074131,-0.060555,-0.133863,-0.064394,-0.141389,-0.256064,-0.066727,0.129602,-0.012911,0.040377,0.091461,-0.123947,-0.142274,-0.061908,-0.000938,-0.035639,-0.322905,-0.239211,-0.150844,-0.230206,0.306141,0.215729,-0.018496,0.073109,-0.063017,0.241627,-0.216081,0.003238,0.08176,0.319335,0.224323,0.072156,0.067049,0.138975,0.261847,0.29774,-0.152684,0.280711,0.183186,0.092528,0.002827,-0.23196,0.168316,-0.058113,0.059936,-0.023023,0.126088,0.069035,0.216446,0.003786,0.167994,0.474814,-0.264894,0.266857,0.145194,-0.221669,-0.152285,-0.013809,0.018441,0.169336,0.063799,-0.266671,0.112474,0.167147,0.021627,0.003248,0.207641,-0.140318,0.23535,0.109729,-0.03825,0.11945,-0.032523,#
9,0.224989,0.345753,-0.149976,-0.163498,-0.054476,-0.003036,0.343109,0.179714,0.190105,1.0,-0.331475,0.019093,0.401087,0.335859,0.32121,0.103542,-0.104006,0.144215,0.163496,-0.19222,-0.282904,0.198231,0.243168,0.035796,-0.157619,-0.135877,0.234069,0.00222,0.116345,0.510018,-0.172008,0.050307,0.241624,-0.065775,-0.244831,0.255487,-0.185521,-0.120891,0.064672,-0.057199,-0.109626,0.019093,0.033486,-0.021608,-0.027211,-0.432476,0.266644,-0.074646,-0.115076,0.183264,-0.160655,-0.134225,-0.038412,-0.345277,0.082543,-0.235407,0.260551,-0.304602,-0.038169,0.041909,0.276692,0.059078,-0.400124,-0.036577,0.245925,0.183224,0.019092,0.207256,0.044239,-0.234418,-0.133222,-0.133842,-0.238537,-0.424674,-0.023919,0.256233,-0.013906,-0.26282,-0.101322,-0.01797,-0.298706,-0.308329,-0.35236,0.002016,-0.211092,-0.014507,-0.328023,-0.097595,-0.001237,-0.212181,-0.211952,-0.241114,-0.297675,0.08454,0.166308,-0.137083,-0.081515,0.091725,0.056272,-0.271071,-0.146653,-0.184501,-0.169714,0.012701,-0.06978,-0.044062,-0.490999,-0.124347,-0.243932,-0.367205,-0.054311,0.421343,0.013928,-0.28003,-0.389044,-0.275838,-0.247944,-0.109375,0.275964,-0.474936,-0.137757,-0.291116,-0.226775,-0.336081,-0.429727,0.135549,0.051097,0.037283,-0.110263,-0.340091,-0.221255,-0.012407,-0.383796,-0.165473,-0.336918,-0.347155,0.106946,-0.210637,-0.043163,-0.359586,0.070333,-0.297564,-0.405708,-0.335362,-0.098882,-0.186185,-0.038349,0.321734,-0.334619,-0.338712,-0.268744,-0.488348,-0.017901,-0.315212,-0.110036,-0.203395,0.251623,0.396758,-0.223352,-0.210352,-0.071653,-0.12241,-0.054275,0.039282,0.223629,0.315324,-0.376678,-0.158406,-0.417719,0.088549,0.150976,0.049452,-0.234223,-0.067207,0.384035,-0.354076,-0.197944,0.256505,0.369993,-0.28385,0.267133,0.130904,-0.227357,-0.337607,0.320265,-0.080461,0.313452,-0.026214,-0.156179,0.321558,0.107171,0.021495,0.186094,0.51683,-0.154933,0.081801,-0.191501,-0.13666,0.202817,0.154827,#
10,-0.027637,-0.209875,-0.081107,0.120842,0.155191,0.258132,0.083148,0.041331,-0.198469,-0.331475,1.0,-0.108772,-0.184315,-0.447818,-0.149349,0.05992,0.221245,-0.106568,0.122382,-0.175897,0.04113,-0.012082,-0.141531,-0.073381,-0.118797,-0.042137,-0.228096,-0.007807,0.033651,-0.426101,0.102923,-0.087034,-0.247169,-0.100808,0.398295,-0.210406,0.000945,0.148435,-0.053118,0.12543,-0.163463,-0.049793,0.03377,-0.009278,-0.126634,0.230719,-0.238777,-0.036342,0.187465,-0.229526,0.048741,0.204705,0.038731,0.033243,0.005936,0.095019,-0.244571,0.25544,-0.082067,-0.098556,-0.122951,-0.075844,0.048608,0.017941,0.0469,-0.17478,-0.023269,-0.165588,0.237335,0.080262,0.004902,-0.021242,-0.033036,-0.060425,0.010195,0.106157,-0.065439,0.19037,0.006188,-0.315093,0.03847,0.147428,-0.04737,-0.18962,0.084699,0.099043,0.190123,-0.145133,-0.115785,0.008967,-0.181703,-0.135489,0.077764,-0.264337,-0.194425,0.071894,-0.061459,-0.239204,0.06334,-0.082151,-0.048325,-0.161316,0.125157,-0.272226,-0.036918,-0.107917,-0.04856,-0.152211,0.053385,0.198134,-0.211012,-0.149029,-0.07084,-0.139912,0.049444,-0.119388,0.005603,-0.013854,-0.145659,0.192004,-0.089088,-0.08171,0.051132,-0.099114,-0.10854,0.039185,-0.129637,0.140952,0.011236,-0.038118,0.125156,-0.139874,0.05908,0.089938,0.290745,0.175318,-0.040284,0.000495,-0.233661,0.093967,-0.083738,0.188971,0.063535,0.011023,0.079281,-0.026593,-0.151591,0.014125,0.028541,0.137049,0.065817,0.271822,-0.144331,-0.032126,-0.085716,-0.269549,-0.435779,-0.225525,-0.227943,0.01886,-0.148242,0.145997,0.020628,0.034365,-0.208628,-0.14201,0.09727,0.127495,0.29198,0.154711,0.210559,-0.031609,0.12393,-0.062976,-0.058723,0.031801,0.137724,-0.030031,-0.327926,0.330239,0.044808,0.09279,0.383056,0.203622,-0.044564,-0.182976,-0.278781,-0.029375,0.27882,0.010401,-0.227732,-0.01062,0.150105,-0.499848,0.07085,-0.033174,0.218423,-0.009345,-0.368258,-0.086123,#
11,-0.058197,-0.17689,-0.093026,0.009116,0.004634,-0.01946,-0.120184,-0.314645,-0.072209,0.019093,-0.108772,1.0,-0.067553,-0.066887,-0.120649,0.022452,0.07405,0.012368,-0.176084,-0.07291,-0.026513,-0.064463,-0.159375,-0.209089,0.113477,-0.049155,-0.159067,-0.048069,-0.140232,-0.098974,-0.065569,-0.052619,-0.090591,-0.023573,0.011894,0.154786,-0.190044,-0.056792,-0.119358,0.146406,0.118688,0.013795,-0.038689,-0.331491,-0.107992,0.1648,-0.177646,0.179256,-0.109093,0.254412,0.027769,-0.028415,-0.06225,0.083157,-0.096572,0.047867,-0.016083,-0.017179,0.14822,0.006788,-0.036916,0.152887,0.326566,-0.466712,0.162844,-0.108617,-0.051897,-0.225194,-0.152827,0.067332,0.016877,-0.1192,0.069159,0.305804,-0.091079,-0.059821,-0.320249,-0.025016,-0.091817,0.15806,0.055619,0.104173,0.016928,-0.412551,0.176961,-0.181957,-0.091685,0.138482,-0.087953,0.268878,0.04177,0.089366,0.035639,0.06502,-0.010984,0.158192,-0.104332,0.089543,-0.08454,0.121818,0.196716,0.251307,-0.254135,0.07362,-0.104728,0.093556,0.02692,0.220134,0.225201,0.178731,-0.036099,-0.19509,-0.038114,-0.010487,-0.016863,-0.218055,0.102028,0.226138,0.222925,0.15823,0.232612,-0.062648,0.091548,0.194539,-0.02281,-0.039272,0.046449,0.0102,0.331628,0.00518,0.023846,0.255856,-0.203811,0.127604,0.093553,-0.238688,-0.029587,-0.063959,-0.029594,0.184488,0.106918,-0.094055,0.052097,0.136556,-0.024626,0.197006,-0.047669,-0.218474,-0.069609,0.039849,-0.042434,0.121081,-0.028337,0.170574,-0.029044,0.283162,-0.051593,0.170728,-0.069696,-0.139948,-0.089083,-0.405891,0.151818,0.125985,-0.086183,0.059242,0.03487,0.064422,0.158491,0.023331,-0.065214,0.264967,0.120144,0.038051,-0.156222,-0.07554,-0.231969,-0.025542,-0.087753,0.148232,-0.046582,-0.06866,-0.101076,-0.044079,0.003174,-0.041178,-0.007914,0.28142,-0.007236,-0.136878,-0.150765,0.121411,-0.012249,0.09221,0.058558,-0.242437,0.315705,-0.098469,0.100378,0.165469,#
12,0.447727,0.411017,-0.213455,-0.287936,0.215976,0.150634,0.341036,0.327122,0.150747,0.401087,-0.184315,-0.067553,1.0,0.407168,0.179902,-0.174717,-0.066879,0.096083,0.087466,-0.087315,-0.174349,0.198276,0.312412,-0.00829,-0.210035,-0.284028,0.147653,-0.173473,0.096616,0.241064,-0.133496,0.030483,0.240285,-0.195457,-0.266643,0.204131,0.097377,-0.096172,-0.139721,-0.307861,0.067294,0.151633,0.155398,0.024843,-0.08182,-0.458869,0.308677,-0.048889,-0.040537,0.063554,-0.154666,-0.027061,0.175849,-0.096809,0.078489,0.007877,-0.034766,-0.203931,0.198443,0.063554,0.456475,0.146333,-0.281416,-0.000837,0.168585,0.437967,-0.062977,0.125127,0.261605,-0.210164,0.106975,-0.072008,-0.407765,-0.31328,-0.263043,0.454037,0.01075,-0.144168,-0.093228,-0.255718,-0.12804,-0.33887,-0.27252,-0.121117,-0.294779,-0.003328,-0.047789,0.079327,-0.047587,-0.413679,-0.24392,-0.270146,-0.410875,0.027904,-0.188031,-0.080629,0.185738,-0.018706,-0.033794,-0.26974,-0.093144,-0.095175,0.076275,0.055853,-0.016626,-0.138643,-0.304606,-0.260917,-0.294176,-0.258723,0.103995,0.321445,-0.208503,-0.283282,-0.17521,-0.191427,-0.295373,-0.247654,-0.005086,-0.370378,-0.159815,-0.366174,-0.130474,-0.30698,-0.206048,0.146369,0.152318,0.290352,0.11071,0.042149,-0.429096,-0.091893,-0.400668,-0.192883,-0.364394,-0.135696,-0.026448,-0.344445,0.00988,-0.245398,-0.042931,-0.132088,-0.301031,-0.192764,0.130483,0.080066,-0.239057,0.335599,-0.094084,-0.579976,-0.085087,-0.36052,0.074702,-0.291522,-0.175281,-0.161509,0.482766,0.363397,-0.037028,-0.340273,0.016878,-0.136286,0.057677,-0.037457,0.329125,0.45541,-0.049887,-0.069324,-0.423325,0.016225,0.056358,0.131633,-0.298253,0.035575,0.367309,-0.367863,-0.00138,0.248754,0.502975,-0.261531,0.251633,0.173972,-0.025827,-0.034538,0.32306,-0.172422,0.485405,-0.177662,-0.376721,0.44524,0.200366,0.192867,0.218202,0.199335,0.081408,0.042467,-0.004459,-0.0425,0.168173,0.159639,#
13,0.180145,0.191841,-0.14068,-0.117015,-0.044366,-0.069192,-0.110826,0.121574,0.083853,0.335859,-0.447818,-0.066887,0.407168,1.0,0.23832,0.113348,-0.351202,0.285867,0.059604,0.015084,-0.109609,0.39864,0.544626,0.371346,-0.036259,0.024127,0.332764,-0.022747,0.00232,0.431004,-0.062385,0.146344,0.30426,-0.024962,-0.235908,0.309328,0.141717,-0.226406,0.168493,-0.243174,-0.004765,0.173501,0.304162,0.170359,-0.131338,-0.359969,0.272476,-0.132177,-0.230272,0.10809,0.042954,-0.113021,0.095163,-0.002977,-0.095517,-0.003738,0.059954,-0.119469,0.138936,0.10809,0.358727,0.148912,-0.297127,-0.02878,0.02799,0.092782,-0.191495,0.377569,-0.092927,-0.016077,-0.116085,0.068125,-0.210378,-0.029113,-0.308322,0.056506,-0.017158,-0.199662,-0.235219,0.034185,-0.061096,-0.288695,-0.093309,0.164385,-0.151851,-0.137847,-0.076551,0.055567,0.025769,-0.343573,0.055819,-0.117779,-0.220259,0.193555,0.016905,-0.062082,-0.10101,0.137889,-0.144248,-0.101362,0.059371,-0.087368,0.079226,-0.117014,0.0377,-0.120653,0.050285,-0.200331,-0.046453,-0.233035,0.084121,0.278309,-0.032559,-0.005031,-0.016707,-0.083569,-0.203705,-0.282728,0.149311,-0.307716,-0.153921,-0.288602,0.041611,-0.237303,-0.239646,0.040095,0.027721,-0.003679,0.019955,0.035867,-0.101388,0.178749,-0.310419,-0.288014,-0.540943,-0.222914,0.120614,-0.051401,0.144044,-0.186954,0.038086,-0.267463,-0.199217,-0.247006,-0.326173,-0.042263,0.011667,0.041319,-0.312583,-0.342162,-0.199556,-0.338936,-0.004374,-0.272366,-0.041337,0.051051,0.394449,0.166148,0.11567,-0.144207,0.169618,-0.04657,0.016165,0.017891,0.229623,0.269847,-0.082921,0.080086,-0.231521,-0.084021,-0.222053,-0.043093,-0.315906,-0.164999,0.051231,-0.249151,-0.019433,0.031107,0.450244,-0.300789,0.257691,-0.128816,-0.309967,-0.056188,0.139467,0.160413,0.252395,-0.369372,-0.312875,0.186955,0.027898,0.007278,-0.048316,0.241288,-0.040683,-0.148766,0.075902,-0.122427,0.467973,-0.034773,#
14,0.072891,0.446367,-0.060979,-0.268693,0.141078,0.040614,0.194599,0.002935,0.168596,0.32121,-0.149349,-0.120649,0.179902,0.23832,1.0,0.042551,-0.163331,0.166282,0.391163,-0.077388,-0.152771,0.108753,0.148511,0.120938,-0.123466,-0.098604,0.076335,0.258636,0.127171,0.197265,-0.250989,-0.057639,0.000597,-0.001318,-0.097447,0.17921,-0.12121,-0.163358,0.143756,0.032499,-0.258058,0.170508,0.062691,0.195896,0.325783,-0.168804,0.299348,0.000217,0.03343,-0.024895,0.132685,-0.214821,-0.076184,-0.134198,0.069557,-0.299125,-0.112409,-0.174016,-0.134772,-0.259964,-0.020133,0.072517,-0.37133,0.253121,-0.010029,0.056655,-0.148912,-0.03399,-0.057576,-0.180884,-0.155455,-0.152038,0.029886,-0.391087,-0.313938,0.260647,-0.016285,-0.311395,-0.229773,-0.235133,-0.141986,-0.518156,-0.418891,0.180709,-0.29304,0.032404,-0.15291,-0.238212,-0.171539,-0.193903,0.025854,-0.184534,-0.132243,0.041135,-0.270088,-0.161262,-0.319241,-0.114319,-0.268415,-0.061547,0.028567,-0.338154,-0.185988,-0.221261,-0.152489,-0.167123,-0.363891,-0.105133,-0.413851,-0.151276,-0.077534,0.315155,-0.328017,-0.256714,-0.286201,-0.111449,-0.208848,-0.247787,-0.064741,-0.326787,-0.24943,-0.127429,-0.377497,-0.130945,-0.146322,-0.320155,-0.059417,0.147204,-0.197788,-0.25013,-0.036224,-0.09359,-0.481528,-0.143093,-0.36772,-0.291878,0.141575,-0.026112,-0.06397,-0.270262,-0.263986,-0.158046,-0.235491,-0.195837,-0.226494,-0.15402,-0.155147,0.226614,-0.361564,-0.150257,-0.432303,-0.575714,-0.111598,-0.256652,-0.143134,-0.359337,0.098283,0.185859,-0.356283,-0.058605,0.099289,-0.140414,0.219187,0.123509,-0.146929,0.209488,-0.187582,0.134261,-0.094954,-0.13554,0.320359,0.11854,-0.224193,-0.162721,0.425356,-0.240648,-0.35083,0.264342,0.319647,-0.222591,0.436163,-0.059634,0.010268,0.113848,0.338262,-0.35585,0.12397,-0.104387,-0.256307,0.175102,0.062377,0.399772,0.281146,0.40652,-0.004158,0.027775,0.042279,-0.148807,0.002372,0.114351,#
15,-0.037269,-0.182999,-0.186379,-0.122676,0.111145,-0.056851,-0.094948,0.111941,-0.278564,0.103542,0.05992,0.022452,-0.174717,0.113348,0.042551,1.0,-0.071785,-0.140195,0.011439,-0.044288,-0.162848,-0.046101,0.123926,0.140571,-0.152306,0.148326,-0.012911,-0.14679,0.183094,0.000425,0.014406,-0.097692,0.083878,0.120368,-0.004043,0.206211,0.069025,0.035976,0.184393,0.234306,-0.156256,-0.202986,-0.270693,0.055078,-0.10573,0.107905,-0.064317,-0.006872,-0.230702,0.084652,0.235434,0.125521,-0.151839,0.057659,0.050865,0.020805,0.047635,0.013003,-0.276619,-0.190458,0.119163,0.132801,-0.042301,-0.113356,0.047621,-0.142523,-0.231161,0.118438,-0.050682,0.102021,-0.12971,-0.198686,0.099488,0.207143,-0.01337,0.015402,-0.128962,-0.065423,-0.197377,0.166343,-0.08431,-0.039429,0.228873,0.197312,0.262538,-0.204263,0.031598,-0.188904,-0.09552,-0.012936,0.189357,0.081978,0.108533,0.077096,-0.105702,0.233417,-0.085719,-0.023348,-0.044971,-0.134751,-0.029657,-0.050044,-0.194485,-0.024496,0.073927,-0.253328,-0.080312,0.160983,0.083329,-0.029585,-0.136754,-0.054682,0.101064,0.043713,0.068972,0.044729,0.050892,-0.05351,0.066304,0.018128,-0.153453,0.033341,0.136521,-0.135088,-0.072239,0.052085,-0.14174,-0.10429,-0.266387,-0.19926,-0.052323,0.139495,-0.077193,-0.09975,-0.119675,-0.13773,0.041152,0.090655,-0.13312,-0.148215,0.191087,0.053294,0.07854,0.139627,-0.135881,-0.183934,0.184732,-0.127871,-0.120847,-0.115521,-0.062112,0.018134,-0.130666,0.074148,0.074827,0.097188,0.002295,-0.046882,-0.180809,0.156307,0.235296,-0.025373,-0.165111,0.028964,-0.289912,-0.193837,0.077525,0.013571,0.068923,-0.092194,0.031894,-0.254268,-0.036324,-0.163198,-0.088524,0.046546,-0.136401,-0.121468,-0.103139,0.081434,0.066812,-0.187437,0.001701,0.099145,0.041513,0.052787,-0.048753,-0.126935,-0.120955,-0.159856,-0.169083,-0.131762,-0.014563,-0.048492,-0.04551,-0.099947,0.118996,-0.076751,0.008048,-0.030913,#
16,0.122743,0.033874,-0.121611,-0.091892,0.073104,0.39895,-0.016655,-0.048346,-0.119423,-0.104006,0.221245,0.07405,-0.066879,-0.351202,-0.163331,-0.071785,1.0,-0.078242,0.194186,-0.229706,0.109611,-0.324421,-0.117006,-0.347469,-0.13748,-0.159388,-0.236854,-0.069206,-0.10343,-0.108937,0.060306,0.126639,0.086619,-0.032749,0.08466,0.105635,0.135466,-0.036748,-0.304215,0.060231,-0.050479,-0.113157,0.016633,0.236331,0.115086,0.016787,-0.196868,0.039954,0.051877,0.007466,-0.011649,0.035432,0.143186,-0.161894,0.088249,-0.081967,-0.237581,0.013362,0.0427,-0.107384,-0.12387,0.084128,0.261063,-0.074444,-0.1109,0.065736,-0.03628,-0.107519,0.071414,-0.087373,-0.098669,0.055249,0.00636,-0.132273,0.01754,0.151286,-0.294718,-0.050134,-0.060901,-0.074793,0.012071,0.072103,-0.06199,-0.20556,-0.146931,-0.225337,-0.207383,-0.006816,-0.051769,-0.195415,-0.19719,-0.008941,-0.095674,-0.219094,-0.145858,-0.176125,-0.116357,-0.284694,-0.176338,-0.147677,0.042626,-0.152916,-0.176403,-0.124868,0.082634,-0.016043,-0.037311,0.022073,-0.053344,0.100519,0.037697,-0.027086,-0.019426,-0.077237,-0.068312,-0.070005,-0.313654,0.02092,-0.032829,-0.050334,-0.256461,-0.05939,-0.077919,-0.145369,0.077771,-0.165645,-0.208907,-0.171391,-0.072358,-0.207199,-0.096959,-0.073699,0.113352,0.203542,-0.017761,-0.128125,0.101029,-0.370688,0.015776,-0.052753,-0.357918,0.151214,-0.124935,0.169917,0.206918,0.049517,-0.096792,0.091332,-0.109262,-0.076179,-0.153579,0.146614,-0.05568,0.052297,-0.224407,-0.261994,-0.175942,0.222289,-0.263665,0.08179,-0.160121,-0.003695,0.067918,-0.102846,-0.037097,0.176938,-0.004993,-0.167236,0.094697,-0.149035,0.081408,0.124086,-0.147773,-0.095854,0.103476,-0.289565,-0.15144,0.224888,-0.16735,0.055265,-0.316397,0.084115,0.288036,0.063643,0.04538,0.000116,0.065405,0.327037,0.161538,-0.027963,0.087781,0.234465,0.250187,-0.011751,-0.003475,0.312346,0.156542,-0.032657,-0.421867,-0.029793,#
17,-0.018305,0.343724,0.214498,-0.008658,0.03105,0.185436,-0.032246,-0.050948,0.381075,0.144215,-0.106568,0.012368,0.096083,0.285867,0.166282,-0.140195,-0.078242,1.0,0.005409,0.286372,0.004281,0.264772,0.168049,-0.008524,0.155289,0.105138,0.142007,0.175459,-0.165597,0.139234,0.008162,0.064593,0.126256,-0.081699,0.047047,0.020625,-0.043127,-0.110601,0.057249,-0.156269,0.137404,0.112577,-0.033426,0.01463,0.096577,-0.299556,0.140569,0.262709,0.239858,-0.0855,0.110178,-0.268314,-0.059083,-0.188731,-0.10853,-0.070762,-0.120703,-0.304453,-0.141271,-0.085686,-0.095477,-0.000559,-0.166436,-0.002622,-0.01894,0.22386,0.03913,0.127051,0.041494,0.421702,0.132469,0.22285,-0.247059,0.005225,0.015031,0.018164,0.066658,-0.220431,0.055737,-0.280801,0.307748,-0.089743,-0.126041,0.029067,-0.041467,0.174039,0.04113,0.119882,0.106941,-0.05264,0.164529,0.137057,-0.019925,0.387815,-0.021553,0.253818,0.301937,-0.034453,-0.093735,-0.219579,-0.166244,0.067271,0.079692,0.259262,-0.135833,-0.036358,-0.064056,-0.276585,-0.208227,0.0078,0.318073,0.045215,0.09022,-0.119752,0.169119,0.026558,-0.216406,-0.161453,0.45588,-0.284005,0.041248,-0.203626,-0.10063,-0.047928,-0.158133,0.119583,0.07711,0.116258,0.065973,0.052026,0.158845,0.13355,-0.071303,-0.320437,-0.022154,-0.046411,0.114013,-0.100547,0.007619,-0.033966,0.060325,-0.208105,-0.169118,-0.422274,-0.224955,-0.038378,0.046302,0.090525,0.157549,-0.085242,-0.078533,-0.140678,0.341001,-0.138279,-0.14758,-0.092143,0.354312,0.299979,-0.081772,0.043966,-0.059211,0.242074,0.210872,0.057717,-0.061063,0.34727,0.114495,-0.087795,-0.022764,0.14587,-0.197377,-0.108375,-0.228253,0.02602,-0.046176,0.002485,0.032617,0.034932,0.395789,-0.395159,0.185991,0.019548,-0.456579,-0.238729,-0.046535,-0.160698,0.251145,0.148561,-0.403475,-0.095501,0.140836,-0.107364,-0.042761,0.19176,-0.2495,-0.019789,-0.065072,0.102729,0.358695,0.134628,#
18,-0.034772,0.211118,-0.093814,-0.108298,0.200314,-0.154906,0.098241,0.105742,0.058296,0.163496,0.122382,-0.176084,0.087466,0.059604,0.391163,0.011439,0.194186,0.005409,1.0,-0.315255,0.067947,-0.200484,0.011615,0.027222,-0.06313,0.006541,0.056412,0.350298,-0.124971,0.135939,-0.076931,0.031564,0.161922,0.047219,0.151542,0.121549,0.060823,-0.131532,0.077995,0.088734,-0.165657,-0.027496,0.192054,0.157483,0.014172,-0.014744,0.090094,-0.219769,0.260403,-0.072265,-0.031491,0.062121,-0.102826,-0.104253,0.339234,-0.0505,-0.263188,0.0476,-0.102218,-0.123763,-0.160349,0.091081,-0.149057,0.333448,0.000638,0.02107,-0.00985,-0.041436,0.062988,-0.26698,-0.17161,-0.362782,0.042617,-0.210145,-0.097087,0.215394,-0.083387,-0.134197,0.08055,-0.343702,-0.234027,-0.157519,-0.31179,0.063371,-0.319919,-0.062174,-0.138002,0.053287,-0.172301,-0.117062,-0.131952,-0.28242,-0.122077,-0.32715,-0.254667,-0.23253,-0.176136,-0.265347,-0.121663,-0.181608,-0.041172,-0.171994,-0.033889,-0.368058,0.002766,0.005071,-0.273102,-0.085566,-0.131913,0.041157,-0.119343,0.193609,-0.012685,-0.212421,-0.201221,-0.205162,-0.11499,-0.118191,-0.099282,-0.003231,-0.304548,0.004272,-0.342136,-0.218417,-0.060372,-0.192205,0.004824,-0.002473,-0.198735,-0.297828,-0.105155,-0.204816,-0.177445,0.00823,-0.092809,-0.231518,0.16636,-0.13907,-0.227071,-0.175663,-0.363402,0.054939,-0.19938,-0.167823,-0.151851,-0.151511,-0.288363,0.211816,-0.290346,-0.290614,-0.390353,-0.172807,-0.091277,-0.061694,-0.189705,-0.338574,-0.075155,0.102463,-0.200347,-0.049717,-0.073885,0.032983,0.090375,0.056701,-0.036803,-0.094792,-0.051216,0.075424,-0.064134,0.016058,0.297171,0.005798,-0.088785,-0.15954,0.325306,-0.024582,0.015824,0.309514,0.059372,-0.218688,0.039938,0.147575,0.364677,0.048103,0.307098,-0.171086,-0.033452,-0.05542,0.073597,0.177358,-0.061079,0.225801,0.438913,0.181663,-0.019929,-0.008441,0.20643,-0.036076,-0.426629,0.11113,#
19,-0.184289,-0.078177,0.172125,0.311969,-0.114516,0.023717,-0.241711,-0.056423,-0.112592,-0.19222,-0.175897,-0.07291,-0.087315,0.015084,-0.077388,-0.044288,-0.229706,0.286372,-0.315255,1.0,0.264723,0.058028,-0.001922,-0.007759,0.057767,-0.039929,-0.032369,-0.213531,-0.077608,-0.147952,0.244107,0.188463,0.032782,0.102818,-0.159371,-0.312479,0.140624,0.121383,-0.226485,-0.049887,0.225199,0.268563,-0.246472,-0.054542,0.020095,-0.100595,0.295592,0.282001,0.23016,-0.235087,-0.087435,0.094062,0.340772,-0.07719,-0.102425,0.141812,0.114896,-0.213112,0.022141,-0.132843,-0.096946,-0.214328,0.092677,-0.026157,0.102291,0.037153,-0.036543,0.105342,-0.060228,0.206181,0.267587,0.170362,0.103853,0.198578,0.107343,-0.269617,0.316465,0.201708,0.443819,0.198893,0.44865,0.230267,0.277223,0.180556,0.239286,0.165867,0.285084,0.115451,0.290042,0.116638,0.33274,0.327389,0.245082,0.284711,0.06292,0.284964,0.198473,0.24774,0.062507,0.267516,-0.417685,0.234692,0.255724,0.334222,0.279873,0.198697,0.258331,-0.193611,0.127008,-0.105167,0.376862,-0.279151,0.013932,0.453216,0.316245,0.046423,0.044242,0.201949,0.043908,-0.003218,0.356173,0.128462,0.164242,0.1459,0.049769,0.21885,-0.015994,0.065612,0.087637,0.384887,0.228923,0.317744,0.275768,-0.135422,0.233615,0.136243,0.104346,0.113437,0.12742,0.234912,0.280728,0.095348,0.102637,-0.093982,0.280055,0.328838,0.330047,-0.305046,0.567506,0.008466,0.21999,0.172494,0.40255,0.283635,0.037858,0.316339,0.200975,-0.165234,0.233308,0.057476,0.073585,0.146529,-0.09209,0.191832,-0.057562,-0.06323,0.39118,-0.074545,0.015973,0.053404,-0.412988,-0.191703,0.255065,0.323672,-0.263865,0.198156,0.206562,-0.465728,-0.162779,0.035056,-0.055883,-0.215826,-0.234124,0.010324,-0.438307,0.103451,0.162251,0.060477,-0.108639,-0.364959,0.232928,-0.371208,-0.365464,-0.186798,0.062309,-0.183938,-0.306305,0.360837,0.362889,-0.134768,#
20,0.126299,-0.126555,-0.061058,0.237766,-0.160298,-0.062814,-0.351772,-0.040072,-0.144808,-0.282904,0.04113,-0.026513,-0.174349,-0.109609,-0.152771,-0.162848,0.109611,0.004281,0.067947,0.264723,1.0,-0.245004,-0.408524,-0.047054,0.138544,0.124399,-0.072973,0.082721,-0.028149,-0.109957,0.375001,0.136695,0.073385,0.143201,0.088257,-0.339465,0.005119,0.112795,-0.114794,-0.154843,0.178158,0.070379,-0.09251,0.025725,-0.151624,0.040353,0.15201,-0.092376,0.153031,-0.29529,-0.101203,-0.017879,0.203241,0.055517,0.080679,0.098605,-0.132126,0.187918,-0.007284,0.113392,-0.172678,0.074926,0.156039,-0.081545,-0.117237,-0.094511,-0.195813,0.009614,-0.321559,-0.211284,-0.015385,0.014847,0.144832,0.291962,0.011469,-0.252318,0.129888,0.376809,0.177554,0.186351,-0.006385,0.400991,0.361382,0.028374,0.022684,-0.070282,0.213698,0.081779,0.382069,0.161722,-0.101298,-0.013582,0.168517,-0.144593,0.225897,0.159517,-0.02377,0.249653,0.093851,0.212089,-0.089935,0.093824,-0.023936,0.046921,0.331569,0.164426,0.126685,0.151345,0.11442,0.262476,0.02791,-0.118645,-0.015037,0.356086,0.231813,0.290486,0.05654,0.129366,0.063579,0.287591,0.157885,0.34361,-0.079345,0.419033,0.157263,0.010934,-0.296847,-0.219152,0.111085,0.226904,0.149245,0.016089,0.361999,0.029122,0.061493,0.147829,0.127023,0.071622,0.204114,0.287077,-0.109617,0.141674,0.302885,0.013256,0.211806,0.165519,0.300884,-0.469525,0.156601,0.196348,0.097085,0.187669,0.183856,0.389312,-0.056636,0.244152,0.149637,-0.223061,0.295109,0.084428,-0.134988,0.086812,0.090801,-0.170689,-0.158684,-0.248331,0.168837,-0.096551,0.278187,0.013869,-0.124713,0.070235,0.213312,0.012906,-0.39841,0.201633,0.019768,-0.291667,-0.316295,0.273878,-0.135068,0.000745,-0.01139,-0.049571,-0.125575,0.292332,0.064046,0.323233,0.233645,-0.126991,0.085169,-0.139607,-0.27436,-0.276,-0.223946,-0.054635,-0.127416,0.186705,0.11578,-0.103065,#
