0,1.0,0.173338,0.017629,-0.179688,0.534315,-0.000175,0.234979,-0.019087,0.343984,0.04437,-0.131355,0.238672,0.506127,0.016828,0.191451,-0.000445,0.164566,0.026018,0.089194,-0.23026,-0.254846,0.06674,0.195598,-0.174004,-0.120851,-0.216022,-0.269326,-0.142687,0.166656,0.073525,-0.384016,-0.005796,-0.15729,-0.153437,-0.368345,0.021523,0.225392,0.033548,0.142784,-0.104188,0.123367,-0.148972,-0.137503,0.043546,-0.02617,0.039684,0.437413,0.146427,0.038076,0.262084,0.019189,-0.122129,0.15645,-0.140669,0.113608,-0.020132,-0.320563,0.251251,-0.228393,-0.020284,0.156749,0.059434,-0.00947,-0.121556,0.095502,0.276642,-0.005051,0.016765,0.336088,-0.158743,0.195616,-0.352397,-0.103121,-0.349126,-0.318275,0.230519,-0.197552,-0.283379,-0.246105,-0.204785,-0.132376,-0.357357,-0.16199,-0.083183,-0.146702,-0.090382,-0.478338,-0.188728,-0.141797,-0.336086,-0.052796,-0.174438,-0.087225,-0.023364,-0.17291,-0.149249,-0.345164,-0.218514,0.068529,-0.353279,0.192725,-0.385878,-0.17891,-0.307537,-0.205073,-0.179473,-0.221613,-0.091983,-0.247488,-0.146755,-0.015094,-0.183398,-0.016798,-0.313323,-0.341127,-0.274295,-0.261241,-0.317313,0.064116,-0.536372,-0.226938,-0.350232,-0.272715,-0.296168,-0.262712,-0.046227,-0.29828,0.016555,-0.092854,-0.228514,-0.137796,-0.222941,-0.048292,-0.002251,-0.263634,-0.428235,-0.012953,-0.346432,0.015909,-0.381936,-0.241404,-0.133321,-0.279649,-0.202819,-0.416555,-0.150675,-0.361774,0.27484,-0.403421,-0.229914,-0.340258,-0.308662,-0.022547,-0.130116,-0.439356,-0.115073,0.331214,0.334747,-0.396104,-0.207577,-0.122566,-0.062532,-0.245454,-0.102752,0.078727,0.101845,0.031829,-0.137797,-0.183369,-0.250688,-0.000545,0.174398,-0.065609,-0.267551,0.206913,-0.113093,0.057819,0.171446,0.221314,-0.395545,0.114139,0.073774,0.01123,0.008329,0.274297,-0.083041,0.252933,0.108154,-0.13057,0.413953,-0.239902,0.103672,0.290782,0.2821,-0.074316,0.137531,0.220965,-0.35962,-0.164196,0.124084,#
1,0.173338,1.0,0.050832,0.156316,0.197814,-0.015943,-0.057121,-0.05619,0.05714,0.166604,-0.168813,0.075493,0.033989,0.002834,0.173221,-0.109093,-0.125601,0.131358,0.050047,-0.055799,-0.040974,0.207049,0.049236,-0.038232,-0.05756,-0.081478,-0.047097,0.056624,0.235662,0.251935,-0.343964,0.153146,0.023621,0.078574,-0.244868,0.159071,0.228384,-0.119818,0.009327,-0.135052,0.198892,-0.090504,0.241237,0.058047,-0.26915,-0.233737,0.24813,0.191999,-0.013981,0.245328,-0.024419,-0.121475,0.005077,0.121156,0.009316,-0.05097,-0.156848,0.005801,-0.166119,-0.001984,-0.038102,-0.068511,-0.034046,0.061336,0.063263,-0.086537,0.234503,0.138765,0.173881,0.108446,-0.108267,-0.181444,0.036273,0.034947,-0.107021,0.101227,-0.132754,-0.137724,-0.107884,-0.229363,-0.093261,-0.225551,-0.183871,0.152141,-0.19965,-0.12554,-0.264429,-0.041994,0.012344,-0.029155,0.070193,0.048255,-0.115504,0.088727,-0.309294,0.016171,-0.124619,-0.098374,-0.162286,-0.031266,0.189559,-0.132269,-0.209887,-0.161223,-0.427683,-0.185851,-0.270692,-0.074867,-0.015983,-0.095426,0.049021,0.108723,-0.067229,-0.247947,0.048842,-0.017661,-0.116587,-0.166109,0.195133,0.021414,-0.145511,-0.05654,-0.139656,-0.168792,0.183692,-0.071325,-0.220145,-0.02892,0.099312,0.045961,-0.105382,-0.075818,-0.015894,0.080695,-0.127122,-0.011578,-0.192621,-0.220955,0.112971,-0.1783,-0.085833,0.080504,0.009245,-0.247979,-0.110098,-0.24974,-0.037979,0.105152,-0.190762,-0.093718,-0.243123,-0.078171,-0.045361,0.027007,-0.052953,-0.021211,0.004944,0.125586,0.012925,-0.12229,-0.065235,-0.078669,-0.104841,-0.055026,0.026102,0.329504,0.218513,-0.26494,-0.095342,0.006909,-0.229501,0.010788,-0.18295,-0.027841,0.075159,0.213814,0.051396,0.016346,0.09744,-0.139746,0.007357,-0.012618,-0.096623,-0.06595,0.069675,-0.157697,0.08918,-0.090102,-0.202702,0.196011,-0.098354,0.149317,0.147738,0.184735,-0.096723,-0.06643,0.1612,-0.224546,-0.069053,0.051993,#
2,0.017629,0.050832,1.0,0.192607,9.8e-05,-0.240502,0.064831,-0.106612,-0.018852,0.159867,0.001656,-0.010075,-0.078543,0.01692,-0.241944,-0.171877,0.021029,0.234925,0.086106,-0.044609,-0.057692,-0.006828,-0.018798,0.131667,-0.002815,-0.172488,0.03882,-0.266675,0.043822,0.007435,-0.048533,0.045601,-0.0653,-0.0072,-0.264353,0.016332,-0.092403,0.067071,3e-05,-0.327252,-0.164646,0.113966,0.058329,-0.117301,0.194977,-0.3894,0.101541,0.220982,-0.17878,0.150581,-0.154289,0.072717,-0.132182,0.267382,-0.164899,-0.240594,-0.114847,-0.069072,-0.077162,0.018312,0.000458,0.08388,-0.1911,-0.198677,3.7e-05,0.16061,-0.03055,-0.049541,-0.090579,0.033136,0.066819,-0.018997,0.008623,0.201894,-0.11895,0.295121,-0.064267,-0.102865,-0.167746,0.007533,-0.011348,0.038805,-0.233158,0.350576,-0.023418,-0.169629,-0.039574,-0.085159,-0.078165,-0.168679,-0.079757,-0.384336,0.134472,0.018644,-0.178009,0.243986,0.07362,0.107963,-0.098792,-0.014693,-0.237748,-0.225765,-0.109416,0.074407,-0.13689,-0.101616,0.164445,0.019454,-0.009504,0.216589,0.280256,0.154139,0.008445,-0.025778,0.15154,-0.019782,-0.13834,-0.173046,0.115923,0.010844,-0.273209,0.206069,-0.03147,-0.06928,-0.119618,0.216163,-0.175538,-0.048319,0.092499,0.062571,0.267605,0.146994,-0.081853,0.011799,0.213032,-0.052778,0.167974,0.225263,-0.010312,-0.304575,0.18977,0.256514,0.065205,-0.191516,-0.03805,0.161539,-0.015843,0.053296,-0.272608,0.096227,-0.035095,0.444436,0.23426,-0.011154,-0.063535,-0.059254,-0.007226,0.155507,0.047443,-0.057909,0.219717,-0.050635,0.269214,0.133803,-0.019371,-0.052701,-0.158309,-0.242599,0.065972,0.031167,0.004468,0.13571,-0.115532,0.064952,-0.132852,0.124054,-0.175021,0.097597,-0.089975,0.06546,0.14786,0.067608,-0.063711,0.035775,-0.267333,0.170361,-0.050601,0.086667,-0.01938,-0.003871,0.20489,-0.047315,0.007825,0.062888,-0.163181,-0.124819,-0.103779,0.070231,0.194181,-0.223166,#
3,-0.179688,0.156316,0.192607,1.0,-0.126314,-0.135001,-0.251498,-0.063736,-0.291118,-0.193397,0.094169,-0.282735,-0.209545,-0.168562,-0.058364,-0.040066,0.127317,0.013194,0.025591,-0.019081,-0.065707,0.052014,-0.310809,-0.007022,0.149932,0.144786,-0.055591,0.045016,0.002263,-0.142087,0.031086,-0.031222,0.175132,-0.103548,-0.159315,-0.294636,-0.086579,0.087899,-0.012583,0.149573,-0.009975,-0.083664,0.086423,0.023914,0.061983,0.089371,-0.262533,-0.337783,0.136881,-0.063412,-0.226265,0.272618,-0.029676,0.167852,0.082861,0.157079,0.043594,-0.066933,-0.070802,-0.189371,-0.165415,-0.094717,0.088073,-0.000314,-0.100202,-0.351567,-0.013257,-0.116122,-0.330488,0.177924,-0.128418,0.203877,0.241267,0.254257,0.067798,0.046779,0.10411,0.127725,0.31294,0.032458,0.06516,0.100714,0.096513,0.073482,0.070005,0.091164,0.126207,0.104417,0.037966,-0.019309,0.260203,0.066226,0.008839,0.1041,0.064354,0.044454,0.181267,0.298632,0.01466,0.085357,-0.129085,0.022747,0.193784,0.112907,-0.051051,-0.033877,0.2705,0.075099,0.134966,0.069298,0.031589,0.029461,-0.063434,-0.067261,-0.013562,0.266344,0.340776,0.007773,-0.123899,0.345542,0.129597,-0.075078,0.189751,0.217459,0.186806,0.143245,-0.01884,-0.075692,0.078157,0.219827,-0.113981,-0.069141,-0.034897,-0.124669,0.113919,0.236148,0.19627,0.093551,-0.171287,0.1026,-0.058395,0.308978,0.158874,-0.156932,0.057568,0.06203,-0.013784,-0.196223,0.073102,0.139738,0.158564,0.41187,0.229383,0.135777,0.080805,0.097264,-0.209375,-0.305142,0.12702,0.012449,0.095948,0.150241,0.066911,-0.078493,-0.322976,-0.138223,-0.142709,-0.242249,0.17631,-0.034798,-0.209015,-0.274622,0.083633,0.199515,-0.175694,0.041045,0.142565,-0.19395,-0.322906,0.253908,-0.396366,-0.009753,0.006922,-0.088323,-0.133142,-0.123157,-0.187294,-0.182682,0.198832,-0.27463,0.153402,0.016753,-0.1507,-0.194732,-0.141565,-0.09204,-0.32656,0.090836,-0.262873,-0.080737,#
4,0.534315,0.197814,9.8e-05,-0.126314,1.0,0.086319,0.163566,-0.062847,0.070902,0.109819,-0.174768,0.220885,0.215003,0.11263,0.012711,-0.129841,0.209732,0.030933,-0.116543,-0.266859,0.010341,0.039664,0.238518,-0.189495,-0.266885,-0.202242,-0.12091,-0.158617,0.125191,0.304135,-0.191051,0.06165,-0.295923,-0.094909,-0.361779,0.233897,0.0704,-0.237764,0.118341,-0.129664,0.073285,-0.157062,0.056707,0.024085,-0.18428,-0.076623,0.205568,0.286892,0.098629,-0.00321,0.037168,-0.441174,0.070455,-0.132168,0.219488,-0.288399,-0.361375,0.090079,-0.18928,-0.083812,0.20769,0.121686,-0.076424,-0.109447,0.078635,0.401385,-0.013284,0.162484,0.269754,0.015195,-0.018839,-0.560856,0.08022,-0.585608,-0.394037,0.374985,-0.475342,-0.355389,-0.392178,-0.157464,-0.299074,-0.454211,-0.388259,0.010486,-0.407452,-0.372863,-0.649209,-0.256999,-0.050651,-0.253173,-0.389559,-0.27095,-0.278833,-0.167708,-0.275238,-0.430378,-0.516134,-0.198936,-0.149642,-0.205836,0.071813,-0.365459,-0.16858,-0.268845,-0.422239,-0.519358,-0.103517,-0.279556,-0.144326,-0.140175,0.118381,0.122352,-0.3266,-0.509619,-0.333464,-0.085951,-0.236069,-0.452284,0.005497,-0.298686,-0.250488,-0.21922,-0.429089,-0.222431,-0.034367,0.06246,-0.468115,0.06659,-0.240273,-0.247006,-0.304817,-0.086323,-0.399834,0.04834,-0.339826,-0.462145,-0.053446,-0.531654,-0.052378,-0.409701,-0.305065,-0.103364,-0.060032,-0.149005,-0.47835,-0.257724,-0.263255,0.505446,-0.443168,-0.215187,-0.447894,-0.226951,-0.175169,-0.435431,-0.365204,-0.300467,0.184613,0.339972,-0.403121,-0.298754,-0.072511,-0.123218,-0.228383,-0.132041,-0.051602,0.249593,-0.006782,-0.12909,-0.235597,-0.205451,0.103116,0.016612,-0.433595,-0.432519,0.104379,-0.14528,-0.106875,0.259791,0.275085,-0.331424,0.262003,-0.051796,0.082904,0.167859,0.429613,-0.115769,0.307702,-0.107972,-0.115045,0.408492,-0.217434,0.240436,0.500534,0.420522,0.000545,0.226777,0.284509,-0.348547,-0.432544,0.059679,#
5,-0.000175,-0.015943,-0.240502,-0.135001,0.086319,1.0,0.259498,0.255986,-0.035071,-0.006874,-0.015178,0.114543,-0.122437,0.40974,0.272645,-0.075735,-0.063636,-0.090834,-0.144976,-0.065279,0.135201,0.15128,0.066802,-0.303874,0.116625,-0.137575,0.029771,-0.113201,0.022089,0.1035,0.113422,0.294073,0.118744,-0.234922,-0.236762,0.037232,-0.083745,-0.014201,0.09034,-0.064905,0.001509,0.063645,0.03117,0.206107,-0.085677,0.086231,-0.019364,0.052533,0.13343,0.03393,0.137662,0.000419,0.328694,-0.279435,0.025844,0.080281,0.16252,0.279875,-0.114106,0.272728,0.21867,-0.023021,-0.117153,0.223375,0.040182,-0.045488,-0.109407,0.262975,0.126878,-0.12312,-0.12198,-0.194992,0.079144,-0.103122,-0.137419,-0.024678,0.113839,0.107392,-0.279754,-0.021749,0.020081,-0.152293,0.120309,-0.206371,-0.064202,0.16888,-0.069302,-0.142114,-0.158886,-0.183542,-0.082496,0.065452,-0.012192,-0.257079,0.010533,-0.093043,-0.152915,-0.159266,0.129498,-0.257981,0.031412,-0.041379,0.135383,-0.335019,0.092073,-0.148427,-0.103516,-0.380221,-0.145344,-0.436882,-0.02983,0.072688,-0.219865,-0.170707,-0.105876,-0.173119,-0.039193,-0.131276,-0.046395,-0.155777,-0.026833,-0.006594,-0.024226,-0.169876,-0.15141,0.076894,-0.088925,0.044293,-0.123651,-0.206589,-0.01014,-0.243923,-0.075012,0.019594,-0.040677,-0.035374,0.037546,-0.145071,-0.099145,-0.036315,-0.082926,-0.320375,-0.316441,-0.238532,0.018073,-0.00461,0.0726,0.071195,0.18705,-0.075024,-0.120355,-0.004316,-0.034323,0.150936,-0.084233,-0.076303,0.313603,0.134902,-0.200642,0.094932,-0.200478,-0.080534,0.02581,0.023291,0.021103,0.256726,0.374998,0.128281,0.039339,-0.046522,0.257799,-0.067198,0.047718,0.117147,0.350001,0.020998,-0.020843,0.078517,0.242346,-0.159824,0.161979,0.014615,-0.000625,0.167965,0.259668,-0.327678,0.130751,0.012717,-0.013799,0.296059,0.029108,0.002565,0.180076,-0.171634,0.203144,0.113221,0.079076,-0.187955,0.052641,0.266419,#
6,0.234979,-0.057121,0.064831,-0.251498,0.163566,0.259498,1.0,0.214276,0.441272,-0.054324,0.269005,0.230348,0.097192,0.083608,0.100377,0.088998,-0.12068,-0.101966,0.134443,-0.024654,-0.010493,0.208838,0.130344,-0.314849,-0.021074,-0.074274,-0.021268,-0.340506,0.328763,0.082265,-0.253715,0.014817,-0.104251,-0.299709,-0.058879,0.246213,0.155479,-0.174232,-0.129336,0.024692,0.020405,0.04608,-0.275762,-0.005974,-0.099052,-0.032206,0.000841,0.181829,0.072391,0.2555,0.212956,-0.064113,0.062096,0.002233,-0.051722,-0.064051,0.065944,0.116563,0.042747,0.226663,0.295039,0.171255,-0.243677,0.17063,0.109816,0.046905,0.042344,0.03342,0.26641,-0.183519,0.035754,-0.272832,0.000115,-0.271428,-0.461648,0.298671,-0.188797,-0.327077,-0.489039,-0.253606,-0.15477,-0.291248,-0.096536,-0.363438,-0.296647,-0.073445,-0.267972,-0.159794,-0.372977,-0.091757,-0.189114,-0.285317,-0.077415,-0.18812,-0.495166,-0.077182,-0.306433,-0.536749,-0.248419,-0.185191,-0.053637,-0.271187,-0.250518,-0.400102,-0.034628,-0.068002,-0.075551,-0.212588,-0.330415,-0.098442,-0.003589,0.01316,-0.165867,-0.235933,-0.002703,-0.325272,-0.286293,-0.110403,0.088106,-0.383518,-0.156871,-0.129029,-0.138567,-0.435915,-0.166726,0.019804,-0.381807,-0.007613,-0.210599,-0.327637,-0.184876,-0.160758,-0.274717,-0.016843,-0.185824,-0.189568,-0.004671,-0.233549,-0.050409,-0.384701,-0.203494,-0.204942,-0.340158,-0.084838,-0.126581,-0.104728,-0.406658,0.507741,-0.044303,-0.328217,-0.146127,-0.167153,-0.34162,-0.075603,-0.180029,-0.288721,0.035565,0.395334,-0.05171,-0.307849,0.008324,-0.296295,-0.200658,-0.126687,-0.042886,0.398007,-0.038362,0.074062,0.019237,-0.106366,0.09958,0.077964,-0.065571,-0.148622,0.314074,-0.287192,-0.125085,0.559262,0.432649,-0.246556,0.452023,0.272659,0.036701,0.152074,0.446739,-0.074643,0.005452,0.085485,-0.080596,0.429532,-0.043089,0.124508,0.400604,0.183109,-0.214356,0.292917,0.534465,-0.303841,-0.146392,0.167092,#
7,-0.019087,-0.05619,-0.106612,-0.063736,-0.062847,0.255986,0.214276,1.0,-0.100554,-0.248027,-0.25558,-0.235223,-0.057546,0.095449,0.245347,-0.229564,0.036267,-0.061823,0.041725,0.033796,-0.064879,0.375205,-0.206787,-0.127867,0.015068,0.205307,0.251563,0.04612,-0.322877,-0.147705,0.054632,0.309211,0.204929,-0.127251,-0.035641,0.08821,0.086265,-0.140353,0.115229,-0.154818,-0.039914,0.181472,0.207308,0.001745,-0.182332,0.187097,0.000806,-0.037883,-0.165853,-0.062643,-0.001028,-0.005834,0.189249,-0.343495,-0.092747,0.163068,0.16173,0.079574,-0.101163,0.172434,-0.047753,0.236674,-0.122696,0.311604,0.252763,0.160577,-0.049575,0.079186,-0.069369,-0.256453,0.045897,0.022531,-0.109572,-0.020152,-0.089676,-0.199068,0.148779,-0.043444,-0.111661,0.024567,0.188233,-0.038478,0.248435,-0.208219,0.100641,0.324541,0.09516,0.14796,0.003845,0.150295,0.009703,0.050704,0.149853,-0.063991,0.132351,0.101704,-0.215981,0.09168,0.037055,-0.164739,0.020102,-0.104718,0.050058,-0.095188,-0.079297,0.021649,0.105701,-0.277812,0.080265,-0.289043,-0.141056,0.078149,0.119022,0.003657,0.075611,0.107529,0.07619,0.085716,0.041401,-0.056774,-0.032453,0.054396,-0.100859,0.003385,0.09344,0.108966,0.047176,-0.323739,0.066303,0.043008,0.004274,-0.166296,0.005403,-0.059758,0.111135,-0.017664,0.146296,0.062659,-0.096999,-0.150047,-0.190985,-0.269729,-0.08198,0.114059,0.083304,-0.192456,-0.026395,-0.029749,0.082894,0.076348,0.077879,0.059127,0.228655,0.112616,0.33002,0.110185,0.030625,-0.091243,-0.227282,0.157025,0.133924,-0.114295,0.085337,0.05245,0.147422,0.071151,0.025407,0.109282,-0.082878,0.209239,-0.036015,0.011243,0.105225,0.072369,0.004057,0.061054,0.128532,-0.050325,-0.012201,-0.177801,-0.085035,-0.163863,-0.038014,-0.094488,-0.113621,-0.159798,-0.117332,0.158555,0.050213,-0.058309,-0.00293,0.074211,-0.04391,-0.199043,0.026537,0.131388,-0.186085,-0.10784,0.001282,-0.102689,#
8,0.343984,0.05714,-0.018852,-0.291118,0.070902,-0.035071,0.441272,-0.100554,1.0,-0.021502,0.252132,0.155601,0.236241,0.002822,0.232326,-0.085213,-0.132646,0.202304,0.2912,-0.022219,-0.181571,0.011084,0.245513,-0.084425,0.04598,-0.212484,-0.079733,0.113972,0.382512,0.053919,-0.109479,0.08164,0.106293,-0.07378,-0.163985,0.043143,0.371057,-0.19913,-0.034713,-0.045915,-0.043559,-0.152431,-0.231695,0.054814,0.065223,-0.175019,0.218747,0.185766,0.123925,0.324637,0.08803,-0.072887,0.0111,0.186244,-0.030442,0.010483,-0.006353,-0.029395,0.086078,-0.005338,-0.020655,-0.03297,-0.119651,0.066549,-0.017374,0.079276,0.293189,-0.139143,0.224699,0.205572,0.101776,-0.192781,0.054979,-0.053714,-0.197523,0.039886,-0.05013,-0.300873,-0.232671,-0.135732,-0.079476,-0.201315,-0.145483,0.031218,-0.106639,0.002953,-0.175899,-0.174592,-0.248878,-0.147154,0.018988,-0.044969,-0.30803,0.29545,-0.179074,0.154394,-0.16614,-0.365791,0.001765,-0.112199,-0.152655,-0.268366,-0.334659,-0.172922,0.157926,0.090421,-0.153865,0.138077,-0.16887,0.140442,0.113729,0.001049,0.086583,-0.080822,0.016837,-0.503211,-0.153196,-0.057386,0.268545,-0.285987,-0.087334,-0.104853,-0.011661,-0.544996,-0.243256,0.056484,-0.15708,0.109592,-0.076851,-0.292757,0.134241,-0.006658,0.02672,0.028391,-0.022427,-0.051264,-0.127244,-0.086489,0.166492,-0.09796,0.037763,0.001924,-0.357104,-0.151387,-0.174258,-0.058727,-0.026402,0.288554,0.006329,-0.155202,0.091217,-0.173994,-0.203759,-0.172834,-0.056403,-0.218983,0.023269,0.413416,0.061893,-0.16251,0.137996,-0.163564,-0.145356,0.147028,0.13412,0.072896,-0.079633,-0.050497,-0.005202,0.030574,-0.156849,0.210527,0.055944,-0.244514,0.120127,-0.228281,-0.087341,0.309628,0.197659,-0.206246,0.284404,0.255976,-0.188685,-0.063477,0.097286,0.116918,-0.140328,0.043964,-0.27891,0.151148,0.081984,-0.162081,0.128852,0.114975,-0.16496,0.061946,0.299198,-0.173628,0.006416,-0.001619,#
9,0.04437,0.166604,0.159867,-0.193397,0.109819,-0.006874,-0.054324,-0.248027,-0.021502,1.0,-0.133982,0.166869,0.226794,0.292373,-0.334805,-0.075865,-0.490792,0.315107,-0.012833,-0.044327,0.083862,-0.177867,0.092112,0.034583,0.11335,0.101517,0.051583,-0.170167,-0.015369,0.235719,0.028115,-0.05786,-0.097983,0.222937,-0.250265,0.297156,-0.002295,-0.149158,-0.133413,-0.170073,0.067286,0.253559,0.243106,0.266673,0.12234,-0.419265,-0.032999,0.452045,0.07917,0.160462,-0.186712,-0.104752,-0.019149,0.03457,-0.144024,-0.405716,-0.042998,-0.1045,0.207992,-0.004471,-0.014258,0.298503,-0.168289,-0.233008,0.072414,0.002323,0.146078,0.286149,0.011123,-0.08251,0.021066,-0.171511,-0.011415,0.054548,0.200411,0.180095,-0.149482,-0.298619,0.015127,0.104676,-0.141154,0.037946,-0.140509,0.002564,0.031317,-0.211791,-0.17813,-0.10556,-0.077028,0.084244,-0.194708,0.032762,-0.202059,0.142947,-0.049469,0.217774,0.123144,-0.036566,0.094832,-0.118274,-0.146168,-0.162887,0.026348,0.043454,-0.172227,-0.003553,-0.150668,-0.223014,-0.147389,0.007772,0.380004,0.147384,0.011986,-0.122545,-0.058795,-0.042626,-0.180109,-0.213472,0.266386,-0.311491,-0.016609,0.194027,0.032019,-0.007709,-0.232627,0.075902,-0.149187,-0.031639,-0.031372,0.152021,0.072257,0.217899,0.05941,0.711344,-0.142815,0.084093,-0.044977,-0.042528,0.366203,-0.226379,0.190195,0.023762,-0.020963,0.033579,0.115248,0.080475,0.133259,0.057745,-0.204473,0.185764,-0.422877,-0.076938,0.060464,0.054241,0.065734,0.121051,0.230911,0.282176,-0.047655,0.110404,-0.086506,0.021018,-0.162774,0.305504,0.126215,0.185321,-0.127252,-0.060484,0.064408,-0.050616,0.028638,-0.007655,-0.105097,-0.224265,0.146407,0.155446,-0.053864,-0.053933,0.242374,0.031172,0.002686,0.004836,-0.331676,0.073789,-0.149375,-0.020015,0.088443,-0.116465,-0.308392,0.297938,0.06192,-0.246974,-0.072244,0.01588,0.033789,-0.304186,0.05581,0.025251,0.334357,-0.133556,#
10,-0.131355,-0.168813,0.001656,0.094169,-0.174768,-0.015178,0.269005,-0.25558,0.252132,-0.133982,1.0,-0.002405,-0.185063,0.043717,0.15181,0.180461,-0.032758,-0.208883,0.141719,0.103907,-0.137751,0.01483,-0.075123,0.111531,-0.089392,0.183334,-0.110217,0.100752,0.280705,-0.172432,0.067503,-0.04946,-0.098007,-0.230418,0.189342,-0.223678,-0.056767,0.10525,-0.040218,0.24857,-0.340272,-0.072094,-0.263396,-0.003255,0.18509,-0.076492,-0.257566,-0.267045,0.250145,-0.082649,0.141595,0.25702,0.036604,0.313739,0.039322,0.260933,0.146814,-0.214663,0.069345,0.131255,0.096404,0.040267,0.116754,0.025897,0.093595,-0.152716,0.144889,-0.180755,-0.308228,0.117984,-0.055751,0.187845,0.23876,0.134119,-0.130578,0.216805,-0.091247,0.114067,0.00168,-0.073861,-0.108503,0.121955,0.015592,0.022745,-0.120341,-0.031097,0.213974,0.022161,-0.170499,-0.23283,0.160479,-0.182684,0.12746,-0.092794,0.009834,0.194453,0.0273,-0.114261,-0.301032,0.030921,-0.081822,0.07627,-0.123374,0.041874,0.220195,0.145752,-0.039377,0.029714,-0.217944,0.290852,-0.074159,-0.142972,-0.140939,0.280405,-0.066959,-0.126471,-0.003478,0.073095,-0.181943,0.113149,0.158276,-0.099896,0.201489,0.088883,0.095962,0.004828,0.009673,0.081514,-0.047003,-0.124398,0.175821,-0.129873,-0.181266,-0.199093,0.185176,0.230001,0.131094,-0.060122,-0.041784,0.114875,0.089992,0.16669,-0.12449,-0.082766,0.049763,0.116707,-0.121018,-0.139404,0.380359,-0.132084,0.216564,0.134666,-0.302157,-0.048179,-0.090044,-0.182016,-0.275893,0.085591,0.19497,0.009358,-0.036038,-0.240912,0.020514,-0.114461,-0.160317,-0.105221,-0.05044,0.196311,0.427057,-0.31213,0.073891,-0.341314,-0.103974,0.22214,0.086323,-0.192365,-0.270466,0.069122,-0.058332,0.067231,0.040748,0.200273,0.099734,0.273359,-0.032626,0.265086,-0.099559,-0.196253,0.256656,-0.012557,0.049791,0.168063,0.055019,-0.097731,-0.031344,-0.044459,0.096555,-0.040209,-0.066977,0.041886,#
11,0.238672,0.075493,-0.010075,-0.282735,0.220885,0.114543,0.230348,-0.235223,0.155601,0.166869,-0.002405,1.0,0.040291,-0.050951,-0.056564,0.331581,0.017496,-0.138646,-0.230464,-0.31958,-0.052038,-0.045588,-0.135794,0.032177,0.173309,-0.113315,-0.111904,-0.338489,0.170886,0.210721,-0.357791,-0.016934,-0.240338,-0.041574,-0.091853,0.319426,-0.305434,-0.091938,-0.161481,0.097568,0.094023,-0.167345,-0.220834,-0.185644,-0.056065,0.045366,-0.11356,0.011317,0.00683,0.08115,-0.082875,-0.311761,-0.149824,0.103938,0.131693,-0.173538,-0.251868,0.029906,-0.006824,0.201371,-0.203618,0.195204,0.031464,0.077766,0.186453,-0.241492,-0.183468,0.036758,0.15809,-0.114523,-0.015458,-0.226281,0.00824,-0.32749,-0.243411,0.077836,-0.273362,0.12246,-0.275016,-0.209541,-0.270641,-0.23447,-0.193925,0.016646,-0.177222,-0.190006,-0.237191,-0.445527,-0.204669,-0.125256,-0.107362,-0.091284,-0.06419,-0.332612,-0.296317,0.020083,-0.119345,-0.321512,-0.278961,-0.016223,0.118622,-0.149229,-0.071506,-0.239316,0.004032,-0.229032,0.014217,-0.105674,-0.308078,0.019874,-0.278392,-0.032595,-0.373666,-0.069341,-0.113829,-0.289263,-0.260282,-0.144951,-0.346798,-0.030366,-0.171851,-0.248268,-0.324627,-0.032748,0.025726,-0.22543,-0.035666,-0.13304,-0.159788,-0.165602,-0.202708,-0.052462,-0.109174,0.005273,-0.276019,-0.076581,-0.137037,-0.377482,0.037383,-0.234396,0.057675,-0.004371,-0.237834,-0.161617,-0.312237,-0.236717,-0.144319,-0.004949,-0.318576,-0.300701,-0.24425,-0.25048,-0.167253,-0.224365,-0.205257,-0.447428,0.030779,0.083951,-0.065959,-0.034273,0.007684,-0.185091,-0.030245,-0.16283,-0.204606,0.134056,0.10035,0.169318,0.230914,-0.333733,0.213597,0.041899,-0.140589,-0.158171,0.216283,-0.371637,-0.317975,0.119915,0.162993,-0.152891,0.410447,-0.016868,0.343869,0.130867,0.374978,-0.156403,0.043747,0.028957,0.120642,0.323802,0.009974,0.275685,0.348585,0.088175,-0.108361,0.196277,0.184222,-0.245247,-0.053305,-0.060971,#
12,0.506127,0.033989,-0.078543,-0.209545,0.215003,-0.122437,0.097192,-0.057546,0.236241,0.226794,-0.185063,0.040291,1.0,0.206195,0.109904,-0.016137,-0.047172,0.191983,0.08724,0.050358,-0.172485,0.106252,0.279188,-0.126081,-0.201492,-0.132485,0.086535,-0.083019,0.226816,-0.135907,-0.354474,0.143519,-0.059591,0.115654,-0.024237,0.071793,0.321526,-0.104976,-0.069755,-0.146822,0.186087,0.255706,-0.063163,0.055347,0.14424,-0.052554,0.343861,0.243158,0.068236,0.27163,-0.014658,-0.14842,0.187191,-0.121142,-0.045066,-0.155062,-0.143871,0.195444,0.100289,-0.068171,0.090569,-0.04229,-0.194426,-0.028132,0.145863,0.24429,0.19539,-0.04922,0.287452,-0.150831,0.170115,-0.256431,-0.09962,-0.180982,-0.086351,0.225728,-0.026998,-0.376219,-0.060855,-0.204462,-0.207997,-0.168478,-0.207678,-0.178524,0.003613,-0.066329,-0.239948,-0.147484,-0.217517,-0.040719,-0.205286,-0.270407,-0.223837,0.133414,-0.078922,-0.15343,0.017101,-0.181804,0.017231,-0.577412,0.311327,-0.195851,-0.353414,-0.329026,-0.158583,0.087836,-0.161557,-0.107597,-0.308028,-0.042657,0.256982,-0.133188,0.102582,-0.311373,-0.267155,-0.24682,-0.444412,-0.055399,0.269595,-0.514065,0.075529,-0.328566,-0.06907,-0.267787,-0.221323,0.05232,-0.40598,0.113524,-0.200357,-0.178311,-0.110911,0.007341,0.045144,0.203206,-0.261328,-0.115697,0.004831,0.030157,0.051677,-0.406092,-0.295339,-0.185452,-0.293005,0.126693,-0.234414,-0.057841,-0.157186,0.334692,-0.409854,-0.071062,-0.088194,-0.259012,-0.012466,-0.070601,-0.111693,0.037366,0.247742,0.362605,-0.318038,-0.145182,-0.139916,-0.020101,-0.374342,0.007235,0.247616,0.05288,-0.144816,-0.067067,-0.286676,0.05996,0.120177,0.218469,0.082022,-0.244752,0.152277,0.056181,0.117208,0.285108,0.254501,-0.380596,0.151864,0.250827,-0.180915,-0.102465,0.05172,-0.163549,0.19774,-0.049538,-0.358213,0.364302,-0.15024,-0.099162,0.131338,0.263108,-0.090853,0.060495,0.273523,-0.166264,-0.075167,0.086949,#
13,0.016828,0.002834,0.01692,-0.168562,0.11263,0.40974,0.083608,0.095449,0.002822,0.292373,0.043717,-0.050951,0.206195,1.0,0.065817,-0.0592,-0.236812,0.152265,0.134325,-0.058386,0.021538,0.046635,0.24924,-0.104578,-0.12626,-0.202216,0.212399,0.09154,0.085167,-0.128064,0.120581,0.289826,0.071932,-0.125259,-0.202789,0.141341,0.097326,0.005641,-0.116669,-0.417061,0.05443,0.310921,0.311884,0.276478,-0.073694,-0.306113,0.202835,0.210917,0.142015,-0.009898,0.048896,0.059012,0.011233,-0.281869,-0.341545,-0.273239,0.157862,0.056987,0.022365,-0.000491,0.119715,0.28996,-0.141943,0.064725,0.145584,0.29174,0.247435,0.315059,0.168054,-0.042111,0.000707,-0.231381,0.104711,-0.170761,-0.026872,0.251014,-0.05622,-0.211995,-0.146927,0.024725,-0.113779,-0.179211,-0.065471,0.014605,-0.025949,-0.045662,-0.005303,-0.120729,-0.234267,-0.060078,-0.097335,-0.165046,-0.12642,0.091817,0.04187,-0.036822,-0.122034,0.064157,-0.033624,-0.306767,0.074892,-0.06116,0.031433,-0.11863,0.003069,-0.096154,-0.14476,-0.393702,-0.130756,-0.080813,0.168787,0.140948,-0.051685,0.055949,-0.05501,-0.024683,-0.319553,-0.096997,0.20082,-0.210243,-0.026971,-0.034663,-0.035484,-0.072774,0.0255,0.066257,-0.319874,0.004207,-0.047605,-0.110813,0.003948,0.212699,-0.159663,0.25523,0.014823,-0.088003,-0.026278,0.058523,0.174341,-0.113768,-0.056914,-0.268839,-0.109148,-0.224155,-0.029639,0.149052,0.072336,-0.022882,-0.103874,0.108738,-0.138353,0.028344,-0.191302,-0.022111,0.168605,0.031993,0.294374,0.382334,-0.201195,0.118547,-0.024429,-0.186159,0.025417,0.23577,0.075046,0.181848,0.149297,0.072567,-0.1088,0.205176,0.021007,0.098273,-0.271172,-0.138065,0.082802,0.088048,-0.15274,0.101358,0.316495,-0.185373,0.144018,-0.086056,-0.180496,-0.026465,0.085277,-0.127464,0.075996,-0.087758,-0.097924,0.146896,-0.021784,-0.168447,0.170335,0.097229,0.225722,-0.126575,0.128629,-0.201388,0.1757,0.05927,#
14,0.191451,0.173221,-0.241944,-0.058364,0.012711,0.272645,0.100377,0.245347,0.232326,-0.334805,0.15181,-0.056564,0.109904,0.065817,1.0,0.083949,-0.045901,-0.262606,-0.002815,-0.073325,-0.203147,0.392106,0.156509,-0.065733,-0.058612,-0.063354,-0.009415,0.160114,0.363673,0.01659,-0.242622,0.358199,0.119948,-0.062474,-0.159716,-0.154293,0.078333,0.087426,0.30292,0.094858,-0.178451,0.156724,-0.087534,0.012852,-0.154974,0.263995,0.326249,-0.213936,0.140429,0.144,-0.017571,0.058288,0.12299,-0.288182,0.043541,0.24031,-0.062889,0.187513,-0.338159,0.223565,0.235496,-0.022618,0.017869,0.416092,0.24653,0.229794,-0.118079,-0.009823,0.021223,-0.117105,0.110069,-0.094079,0.208291,-0.199388,-0.311549,-0.105397,-0.059114,0.113988,-0.208027,-0.345731,-0.134863,-0.235987,-0.121315,-0.201573,-0.224388,0.085364,-0.092903,-0.254128,-0.234508,-0.201286,0.001455,-0.093798,0.020389,-0.023598,-0.007743,-0.025525,-0.246327,-0.248078,-0.125868,-0.237459,-0.00667,0.034618,-0.205649,-0.337124,-0.073724,0.12537,-0.198771,-0.106227,0.014282,-0.275242,-0.250718,-0.076245,-0.211274,-0.005011,-0.356274,-0.19268,-0.209304,0.047981,-0.130111,-0.152706,-0.040143,-0.312365,-0.036894,-0.09066,0.131386,-0.011532,0.088839,-0.074195,-0.240721,-0.292134,0.092358,-0.423187,-0.253357,-0.233631,-0.316483,-0.058506,-0.097381,-0.234725,0.139605,-0.133576,-0.157247,-0.379252,-0.324276,-0.18848,-0.303876,-0.177078,-0.191597,-0.124073,0.026946,-0.309728,0.052211,-0.120196,-0.037539,-0.095535,-0.190722,-0.086676,0.098498,0.140742,-0.306352,0.004515,-0.236521,-0.196669,-0.051331,-0.310374,-0.149507,0.081467,-0.025057,0.083664,-0.141948,-0.153499,-0.004029,0.101777,-0.143444,-0.044479,0.347605,0.00522,-0.007988,0.059042,0.013216,-0.283281,0.146307,0.290056,0.147618,0.104396,0.08637,-0.126117,0.18383,0.030555,0.133893,0.043924,-0.301093,0.30592,0.081614,0.010008,-0.141106,-0.060871,0.143388,-0.289538,0.011848,0.092558,#
15,-0.000445,-0.109093,-0.171877,-0.040066,-0.129841,-0.075735,0.088998,-0.229564,-0.085213,-0.075865,0.180461,0.331581,-0.016137,-0.0592,0.083949,1.0,0.051117,-0.403915,0.160664,-0.098715,0.039487,0.02611,-0.183518,-0.129225,-0.223863,0.107527,-0.17126,-0.146281,0.07066,-0.105794,-0.36979,-0.070354,-0.118859,-0.035187,0.321257,-0.004216,-0.209127,0.168892,-0.261392,0.180606,-0.001127,-0.127984,-0.127601,-0.155551,0.141298,0.160146,-0.029097,-0.327721,0.183756,0.051427,0.014163,0.002036,-0.132303,0.145915,-0.136264,0.070402,0.066762,-0.051828,0.029783,0.121964,-0.007582,-0.007241,0.102447,0.23482,0.138187,-0.220091,-0.247826,0.077487,-0.041603,-0.240911,-0.003607,0.108426,0.058003,-0.172695,0.021214,0.014264,-0.219958,0.107974,0.009335,-0.181525,-0.014934,-0.115432,-0.139819,-0.213966,-0.063942,-0.087435,-0.120156,-0.185064,-0.036361,0.00703,0.232314,-0.094365,0.297276,-0.41715,-0.133433,-0.033558,-0.038366,-0.358955,-0.383723,0.053701,0.225386,0.030273,-0.170737,0.041137,-0.037322,0.032655,-0.285965,-0.037985,-0.145289,0.018839,-0.409125,-0.344083,-0.128612,0.21965,-0.23564,-0.012073,-0.069856,0.027225,-0.442551,0.142114,-0.050274,-0.122309,0.003653,0.33915,0.134151,-0.265062,0.053165,-0.065943,-0.114363,-0.000139,-0.103772,-0.124476,-0.197131,0.030305,-0.175547,-0.074266,-0.045574,-0.280703,-0.166437,0.009581,-0.063257,-0.095926,-0.087298,-0.061828,-0.369866,0.284352,-0.279981,-0.160023,-0.204275,-0.303499,-0.096522,-0.131358,-0.182112,-0.093277,-0.280375,-0.209502,-0.184483,-0.064707,-0.07781,-0.035474,-0.472901,-0.284417,-0.042436,-0.380392,-0.246803,0.112261,-0.083768,0.172263,0.00933,-0.202592,0.040215,0.145049,-0.129595,0.02147,0.101867,-0.31649,-0.104147,-0.037247,-0.315972,0.014954,0.101013,0.109964,0.509371,0.223784,0.261822,-0.07137,0.113242,-0.057416,0.537578,-0.09758,-0.311383,0.332119,0.113073,0.049418,-0.097441,0.139418,0.320086,-0.00705,-0.167009,-0.022607,#
16,0.164566,-0.125601,0.021029,0.127317,0.209732,-0.063636,-0.12068,0.036267,-0.132646,-0.490792,-0.032758,0.017496,-0.047172,-0.236812,-0.045901,0.051117,1.0,-0.216425,-0.124407,-0.134451,-0.256563,-0.001568,-0.137601,0.12688,-0.146862,-0.179634,-0.161982,0.013013,-0.128889,-0.130393,0.00777,0.198227,-0.008771,-0.307353,0.022965,-0.37658,-0.177229,0.149097,0.032052,0.112837,-0.071667,-0.145201,-0.175365,-0.103148,0.099828,0.205652,-0.023133,-0.198415,-0.176649,-0.006563,0.153698,-0.038255,0.096823,0.018175,0.235608,0.157263,-0.141985,0.014701,-0.317247,-0.02341,-0.047854,-0.258751,0.071833,0.152474,0.040272,-0.038672,-0.058652,-0.206183,-0.064462,0.099684,-0.028765,0.096933,0.101833,-0.203036,-0.322112,0.082273,-0.121994,0.030001,0.028909,0.03536,0.050362,-0.071733,0.111846,0.157603,-0.050589,0.041682,0.074297,-0.035633,0.017622,-0.3053,0.201416,-0.060674,0.14169,-0.253242,0.049339,-0.22527,0.042286,0.067975,-0.017799,-0.010721,0.207651,-0.026037,-0.018422,0.098442,-0.03533,-0.244071,0.293453,-0.06204,-0.015287,0.157336,-0.198953,-0.070847,0.00492,0.022531,-0.138038,0.002778,0.248273,-0.129697,-0.159251,0.276283,-0.121822,0.081769,-0.362415,0.013083,0.005815,-0.182985,-0.087019,0.113533,-0.208723,0.055169,-0.15006,-0.158694,0.002255,-0.319543,0.096454,-0.177229,0.08559,-0.295857,-0.497328,0.045498,0.002343,0.188072,0.033311,0.138798,-0.231935,-0.114924,-0.178218,0.056722,-0.048431,-0.006624,0.179949,0.146857,0.055804,-0.163862,-0.337026,-0.191502,-0.235192,-0.139394,-0.120267,-0.180907,-0.068756,0.075969,0.127444,-0.263282,0.00218,-0.094231,-0.02846,-0.027134,0.042803,0.01937,0.297666,-0.095069,-0.064563,0.174698,-0.213018,-0.133225,-0.046743,-0.205913,-0.278344,-0.021111,-0.025055,-0.355904,0.452238,0.135666,0.014028,0.055336,0.13685,-0.013061,0.156225,-0.182834,0.02042,0.205824,0.075571,0.194409,0.090358,0.204108,-0.113477,0.161734,-0.342902,0.071857,#
17,0.026018,0.131358,0.234925,0.013194,0.030933,-0.090834,-0.101966,-0.061823,0.202304,0.315107,-0.208883,-0.138646,0.191983,0.152265,-0.262606,-0.403915,-0.216425,1.0,0.126941,0.278493,0.19924,-0.062889,0.317765,0.147956,0.249681,-0.152927,0.18024,0.056997,-0.075117,0.035252,0.28531,0.061239,0.206148,0.256679,-0.26189,0.06123,0.355727,-0.250126,0.090392,-0.323278,0.069541,0.289816,0.340709,-0.009206,0.118606,-0.369727,0.177627,0.418993,-0.058534,-0.067587,0.113675,-0.038548,-0.316678,0.027792,-0.221645,-0.143299,-0.046715,-0.113221,-0.012278,-0.229722,-0.195147,-0.025364,-0.198004,-0.327667,-0.251127,0.066507,0.323106,0.044021,0.238943,0.357866,0.006382,-0.078848,-0.212493,0.285678,0.213476,-0.067292,0.109241,-0.339593,0.096598,0.110901,0.005436,0.093219,0.047574,0.255933,0.132281,0.101969,-0.18629,0.202449,0.071366,0.046466,0.039543,0.033622,-0.227576,0.487652,0.2016,0.065088,0.104575,0.242842,0.158787,-0.114339,-0.240106,-0.24266,-0.116915,0.207376,0.087869,0.160266,0.04592,0.007574,0.077101,-0.01927,0.504045,0.185877,0.469889,-0.116741,0.216195,-0.041969,-0.080911,-0.124843,0.609679,-0.261841,0.086221,0.167611,0.022819,-0.413084,-0.282778,0.300555,-0.111111,0.062746,-0.057982,-0.091754,0.24579,0.233425,0.31317,0.198653,0.126878,0.070055,-0.125608,0.370744,0.2954,-0.069787,0.156866,0.121155,0.03694,-0.125177,0.039938,-0.023976,0.264616,0.264639,-0.212198,0.390449,-0.111995,0.163797,0.213846,0.086188,0.168675,0.17247,0.233791,0.093098,-0.03996,0.174303,0.304121,0.365598,0.1139,0.674227,0.182643,0.099552,0.071729,-0.149639,-0.343887,0.258742,-0.248592,0.203584,0.054892,-0.173676,-0.241344,0.17106,0.342803,0.129362,0.237362,-0.09153,-0.021478,-0.143668,-0.709461,-0.120424,-0.182707,0.032802,-0.108876,0.144599,-0.526638,0.120188,0.029655,-0.369708,-0.213959,-0.068017,-0.044092,-0.13107,-0.124117,0.015355,0.21263,-0.317284,#
18,0.089194,0.050047,0.086106,0.025591,-0.116543,-0.144976,0.134443,0.041725,0.2912,-0.012833,0.141719,-0.230464,0.08724,0.134325,-0.002815,0.160664,-0.124407,0.126941,1.0,0.062636,0.004185,0.116429,-0.071286,-0.082006,-0.446501,-0.075393,-0.109447,0.297981,0.137665,-0.314711,-0.027472,0.199915,0.063652,-0.063511,0.036508,-0.066485,0.227765,0.300742,-0.138687,-0.168004,0.15132,-0.086201,-0.03555,-0.039013,-0.0932,-0.217972,0.200221,-0.108885,-0.024336,0.130235,-0.21495,0.337499,0.008787,0.130207,-0.280177,-0.064749,-0.0609,-0.084186,0.03458,-0.24716,0.070896,0.032921,0.077611,-0.038867,-0.078371,-0.018749,0.360779,-0.156931,0.030441,-0.051021,-0.100899,0.071793,-0.057279,0.288106,0.087601,-0.140103,0.212849,-0.281529,0.119071,-0.038848,-0.006818,0.095857,0.052601,-0.120222,0.016973,0.026477,-0.010457,0.185528,-0.065616,0.263513,0.363239,0.034305,-0.06181,0.130298,0.084062,0.246926,0.080986,0.015705,0.012813,-0.106962,-0.007648,-0.039213,-0.10225,0.11346,-0.077757,0.242433,-0.205475,-0.03914,0.164122,-0.023878,0.021818,-0.064175,0.257399,0.155678,0.099986,-0.117032,0.200386,0.229076,0.202949,-0.021859,0.203857,0.11482,0.257259,0.028376,0.013993,0.201008,-0.09783,0.19802,0.243321,0.183733,0.298481,0.268096,0.062184,-0.044813,0.277416,0.200292,-0.059479,0.097439,-0.122185,-0.023979,0.064847,0.041767,-0.106656,-0.005815,0.1703,0.305364,0.18237,0.061416,-0.165304,0.155846,0.239367,0.182539,0.128555,0.032601,0.210743,0.101477,0.026193,0.139706,0.149825,-0.010519,-0.141613,-0.027765,-0.055697,0.04097,0.425487,0.090008,0.14708,-0.032242,-0.056942,0.328501,-0.506074,0.406188,0.13546,0.092545,-0.015532,0.131657,0.0412,0.095739,-0.132258,0.080139,-0.001462,0.124049,-0.146436,-0.040945,-0.028935,0.046046,0.157022,0.070703,0.011712,-0.286793,-0.006787,-0.181637,-0.071913,-0.006781,-0.043054,-0.075241,0.142417,-0.003615,0.094954,-0.083158,#
19,-0.23026,-0.055799,-0.044609,-0.019081,-0.266859,-0.065279,-0.024654,0.033796,-0.022219,-0.044327,0.103907,-0.31958,0.050358,-0.058386,-0.073325,-0.098715,-0.134451,0.278493,0.062636,1.0,0.075101,0.250959,0.064053,-0.062695,-0.024938,0.065269,0.184382,0.169684,-0.093153,-0.000336,0.232557,-0.003616,0.376316,0.062433,0.258302,-0.142325,0.008593,0.074935,-0.11398,-0.103583,0.07558,0.18507,-0.138401,-0.10747,-0.042882,-0.171698,-0.036739,0.089883,0.000286,-0.105495,0.154681,0.081182,-0.222211,-0.010384,-0.252581,0.185285,0.036901,-0.101225,0.081815,-0.153233,0.021783,-0.215712,0.04365,-0.068735,0.03766,0.016366,0.348239,0.142582,-0.003705,0.248205,0.017971,0.010211,0.022097,0.207352,0.210002,-0.107809,0.292579,-0.076704,0.107234,0.159061,0.054968,0.174552,0.030989,-0.107515,0.290308,0.26968,-0.058069,0.277077,0.193822,0.114059,0.036762,-0.057814,-0.233126,0.16329,0.181159,0.262701,0.273879,-0.033382,0.069092,-0.047036,-0.069374,-0.171033,-0.167052,0.168638,0.12795,0.289205,0.044348,0.25974,0.036649,0.120833,0.484369,-0.201194,0.18911,-0.172516,0.198543,0.159568,0.143104,0.129643,0.272997,-0.037033,0.100845,0.19102,0.07895,-0.087922,-0.204584,0.32852,0.037646,0.143494,0.131742,0.015081,0.063321,0.177986,0.121819,0.053665,0.129218,0.126978,-0.201395,0.272291,-0.041084,0.226836,0.265134,-0.073603,0.090094,0.08569,0.113907,0.058904,0.239266,0.023012,0.287069,0.233665,0.181904,0.004155,0.302023,0.287943,0.192795,0.413128,0.04335,-0.212486,0.31432,0.154679,-0.006079,0.129399,-0.100978,0.440612,0.103933,-0.052097,0.135691,0.0998,-0.122209,0.263074,-0.116164,-0.225484,0.266676,0.132922,-0.089596,0.349633,0.331596,0.080117,0.116352,0.220298,0.027026,0.003059,-0.463257,-0.049168,-0.128781,0.255805,-0.055889,0.078217,-0.321212,0.148328,0.028211,-0.200535,-0.2371,-0.242562,-0.192486,0.010291,-0.060626,0.188,0.04767,-0.03504,#
20,-0.254846,-0.040974,-0.057692,-0.065707,0.010341,0.135201,-0.010493,-0.064879,-0.181571,0.083862,-0.137751,-0.052038,-0.172485,0.021538,-0.203147,0.039487,-0.256563,0.19924,0.004185,0.075101,1.0,-0.296915,0.026672,-0.111323,0.052795,0.086931,0.056254,-0.108504,-0.06211,0.160147,0.004525,-0.093521,-0.034824,0.202753,0.03261,0.081909,-0.010702,-0.069543,-0.069718,-0.134358,0.015064,-0.087729,0.199522,0.08953,0.001219,-0.001128,-0.256513,0.056127,0.18454,-0.323923,0.03886,-0.153754,-0.108668,-0.013762,-0.181956,-0.039292,0.153137,-0.137619,0.144935,0.088972,0.090226,-0.000702,-0.123533,-0.189595,-0.318466,0.010604,-0.205403,0.232381,0.111142,0.029106,0.019812,0.052711,-0.174037,0.132784,0.258305,0.084083,0.174805,0.167456,-0.014403,-0.012957,0.069575,0.087274,0.054262,0.001391,-0.020036,-0.092907,-0.076125,0.25557,0.13639,0.285531,-0.078034,-0.034498,0.05065,-0.05527,-0.083334,-0.020715,-0.003081,-0.108507,-0.074581,0.315588,-0.184438,0.098931,-0.036111,-0.014635,0.010171,0.001677,-0.094208,-0.040365,0.153167,-0.39419,0.138755,0.048566,0.000376,-0.107799,0.196817,0.204873,0.099257,0.114222,-0.032144,-0.049761,0.224662,0.230237,0.141416,0.037956,-0.108603,0.089204,0.13464,0.220442,0.080182,0.024192,0.053366,0.052419,-0.165909,0.046499,0.06595,0.128464,-0.239012,0.22775,0.083314,0.13475,-0.009396,-0.017716,-0.09758,-0.105677,0.102954,0.124023,0.350857,0.210003,-0.042684,-0.085358,-0.214637,0.111562,0.117446,-0.032274,-0.021544,-0.033485,-0.050342,0.036564,0.046546,0.021591,-0.003093,0.060343,0.123763,0.076156,-0.118129,0.123054,0.017502,-0.066734,-0.090643,0.264327,-0.120375,-0.02863,-0.191032,0.04683,-0.074084,-0.00494,0.139186,0.124299,0.013591,-0.042517,0.125782,-0.231182,-0.128745,0.134197,0.20031,-0.294413,-0.016504,-0.05797,0.027248,0.061671,-0.052168,0.025939,-0.12719,-0.207287,-0.063808,0.062747,0.033537,-0.015156,0.077247,0.085467,#
