0,1.0,0.246102,0.037116,-0.262142,0.407278,0.011456,0.240483,0.037735,0.482482,0.010518,-0.085891,0.300036,0.369662,0.204512,0.0353,-0.020331,0.047694,0.114843,0.167187,-0.213518,-0.31215,-0.019592,0.308025,-0.11428,-0.151359,-0.295687,-0.149705,-0.065031,0.22464,0.149063,-0.351511,-0.013568,-0.082983,-0.172049,-0.217986,-0.04828,0.196141,0.053794,0.105365,-0.025651,0.216108,-0.081034,-0.079815,0.07071,-0.110308,-0.201505,0.329109,0.221618,-0.013229,0.196832,0.128771,-0.012495,0.079803,0.054307,-0.096104,-0.010434,-0.225285,0.013104,-0.063159,0.136347,0.165579,0.059569,-0.100794,-0.05294,0.150212,0.386541,-0.027623,0.122152,0.30331,0.038217,0.116159,-0.217081,-0.159431,-0.213811,-0.249032,0.277285,-0.191622,-0.224202,-0.225567,-0.013862,-0.116412,-0.246795,-0.153445,0.0869,-0.159116,-0.129641,-0.239967,-0.192742,0.050398,-0.341979,-0.179617,-0.152288,-0.16344,0.126614,-0.139134,-0.217454,-0.221525,-0.183985,-0.039829,-0.32002,0.167223,-0.355916,-0.165565,-0.175163,-0.167497,-0.071499,-0.20452,-0.058709,-0.294119,-0.001434,0.110679,-0.100136,-0.054696,-0.153158,-0.323039,-0.354793,-0.313344,-0.257716,0.074014,-0.498226,-0.247832,-0.406643,-0.247173,-0.362152,-0.254425,-0.082056,-0.379879,-0.058824,-0.045863,-0.323753,-0.171461,-0.124065,-0.071408,-0.005063,-0.182179,-0.393501,0.235173,-0.362395,-0.041714,-0.266003,-0.102729,-0.196051,-0.358573,-0.155512,-0.362564,-0.068603,-0.457698,0.345243,-0.340197,-0.309628,-0.285539,-0.395432,-0.162468,-0.138159,-0.33988,-0.212063,0.309194,0.349836,-0.210434,-0.183938,-0.169147,-0.040576,-0.344879,-0.045934,0.023989,0.034274,0.034938,-0.061223,-0.242661,-0.240133,0.002412,0.247495,-0.137568,-0.253177,0.22577,-0.114056,-0.034003,0.198653,0.297255,-0.467235,0.033607,0.101262,-0.082858,-0.043961,0.376525,-0.053056,0.163433,0.207828,-0.258248,0.425754,-0.101819,-0.063983,0.378929,0.387385,-0.014488,0.17205,0.327504,-0.358295,-0.234232,0.154185,#
1,0.246102,1.0,0.242122,0.11735,0.197984,-0.192075,0.052601,0.065898,0.128415,0.207651,-0.300054,0.05685,0.160824,0.193401,0.166828,-0.219787,-0.236584,0.362545,0.242816,-0.083559,-0.049994,0.1056,0.203074,-0.0051,-0.233761,-0.011385,0.165722,0.047567,0.234798,0.268345,-0.40735,0.265533,0.086766,0.029934,-0.176736,-0.077369,0.235182,-0.084484,0.136977,-0.174451,0.102101,0.243481,0.171288,0.073565,-0.292046,-0.396343,0.261756,0.336226,-0.080064,0.23146,0.075327,-0.090263,0.080291,0.081447,-0.022499,-0.150989,-0.355739,-0.077059,-0.26917,-0.035461,-0.01586,0.25888,-0.186461,0.165866,0.092965,0.100683,0.109091,0.202861,0.132731,0.142416,-0.081111,-0.147127,0.002404,-0.02908,-0.149568,0.114869,-0.166477,-0.19562,-0.185606,-0.301472,-0.178667,-0.297795,-0.353736,0.201133,-0.298991,-0.089479,-0.1297,0.01162,-0.114174,0.016532,-0.014947,-0.043549,-0.300304,0.311571,-0.287362,0.099261,0.136379,-0.076654,-0.000116,-0.111907,-0.050044,-0.235488,-0.463273,-0.059214,-0.479512,-0.225543,-0.234069,-0.122047,-0.187759,-0.059916,0.253432,0.183776,-0.027202,-0.204808,0.054969,-0.148846,-0.20852,-0.295318,0.234418,-0.24068,-0.222444,-0.116574,-0.208064,-0.378564,0.074831,-0.021452,-0.261893,-0.276636,0.060321,-0.005096,-0.13569,-0.114572,-0.186119,0.041982,-0.113604,-0.110324,0.096484,-0.08859,0.107572,-0.159581,-0.090544,0.251499,-0.148007,-0.259526,-0.150897,-0.239169,-0.100132,0.229974,-0.307288,-0.191385,-0.262242,-0.159029,0.039518,-0.008775,-0.070797,0.018774,0.199345,0.274,-0.084007,-0.045233,-0.013592,-0.009472,-0.076583,0.143128,-0.017947,0.24547,0.040577,-0.088575,-0.205733,0.16253,-0.321785,0.108788,-0.013568,-0.187281,0.269866,0.12611,-0.101348,-0.033914,0.16563,-0.158223,0.009923,0.015668,-0.223575,-0.111987,0.076838,-0.106555,0.00747,-0.145451,-0.290566,0.298396,0.04971,0.123901,0.08191,0.203904,-0.068474,-0.107832,0.195089,-0.314553,-0.063076,-0.066602,#
2,0.037116,0.242122,1.0,0.328413,0.112086,-0.394284,-0.076478,-0.1983,-0.088418,0.169415,-0.173994,0.00579,0.043896,-0.030091,-0.155984,-0.303235,-0.089896,0.218123,-0.008763,-0.15162,0.01699,-0.132003,0.09482,0.075558,-0.083959,-0.118131,0.159719,-0.420405,-0.085913,0.172483,-0.205716,-0.002369,-0.020923,0.061478,-0.205273,-0.085315,-0.064507,-0.00923,0.106278,-0.17817,0.038203,0.104802,-0.087864,-0.052798,0.192951,-0.316175,0.11898,0.2826,-0.185348,0.120965,-0.207003,0.061498,-0.053606,0.347955,-0.051433,-0.32648,-0.258137,0.027622,-0.205059,-0.066334,-0.166889,-0.012053,-0.265036,-0.230708,-0.038677,0.032105,-0.197311,-0.060024,-0.058098,0.092724,-0.01671,0.10165,-0.007922,0.202141,-0.084129,0.19084,-0.132543,-0.057795,-0.099958,0.045171,-0.080629,0.070214,-0.155257,0.356624,-0.033092,-0.193538,0.076533,0.083289,-0.206883,-0.166875,-0.093397,-0.298519,0.102552,-0.01109,-0.27944,0.189472,0.253642,0.195582,0.022403,0.008068,-0.123678,-0.0372,-0.042125,0.094137,-0.258307,-0.105909,-0.038937,0.118006,-0.008836,0.298219,0.285719,0.044646,-0.011336,-0.047977,0.223556,-0.028726,-0.160969,-0.274569,0.094911,-0.060518,-0.27836,-0.043554,0.085833,-0.068281,-0.111384,0.094516,-0.216775,-0.094546,0.062794,0.189509,0.242233,-0.079223,-0.131531,0.020841,0.098946,-0.026226,0.274902,0.205394,0.157385,-0.120399,0.146478,0.376465,0.11324,-0.344379,-0.090803,0.197677,0.078317,0.107728,-0.256573,0.144759,-0.263509,0.193162,0.329041,-0.158051,-0.115994,-0.016567,0.086245,0.108681,0.15002,-0.069611,0.160658,0.056146,0.333586,0.02223,0.007806,-0.038355,-0.221697,-0.370687,0.095243,0.020237,-0.008081,0.002331,0.008747,-0.015541,-0.062852,0.121709,-0.166699,-0.156415,-0.061729,-0.032592,-0.021662,0.015366,-0.088457,-0.095363,-0.20193,0.164498,-0.106421,-0.14615,-0.032723,0.071025,0.276224,0.105084,-0.081361,0.080724,-0.089251,-0.253872,-0.057566,0.078181,0.172682,-0.22408,#
3,-0.262142,0.11735,0.328413,1.0,-0.027565,-0.234092,-0.355404,-0.235165,-0.317035,-0.048561,0.130377,-0.281949,-0.120104,-0.15768,-0.181041,-0.246335,0.04096,0.065529,0.033801,0.067566,0.128652,-0.160322,-0.118613,-0.021347,0.001634,0.116569,-0.007107,-0.05563,-0.059373,-0.136724,0.253174,0.111196,0.016481,0.001838,-0.18976,-0.336865,-0.15884,-0.065158,0.061487,0.220521,0.077601,-0.080556,0.146464,-0.103924,-0.055614,-0.043694,-0.198092,-0.173221,0.029017,-0.138099,-0.229419,0.229694,0.01293,0.305729,-0.02042,0.033985,0.043949,-0.052231,0.022723,-0.219302,-0.218804,-0.028355,0.051009,-0.208727,-0.221776,-0.312915,0.117956,-0.13028,-0.345162,0.193037,-0.125932,0.368891,0.217304,0.481737,0.16101,-0.067257,0.1463,0.058017,0.240001,0.239827,-0.050728,0.205032,0.043188,0.173297,0.103269,-0.073879,0.130736,0.284677,0.004608,0.166916,0.049921,0.129942,-0.002975,0.033846,0.122501,0.208755,0.295997,0.284086,0.05966,0.215101,-0.106114,-0.040167,0.293855,0.132045,-0.035763,0.063674,0.160179,0.217957,0.200139,0.215845,0.179179,-0.134082,-0.115043,-0.011574,0.185183,0.161452,0.366567,0.059531,0.035698,0.238045,0.169815,0.015214,0.317716,0.065409,0.139556,0.235002,-0.100069,-0.082983,0.28334,0.249742,0.190152,0.130693,-0.136129,-0.101478,0.239812,0.304878,0.004561,0.254627,-0.123201,0.260375,0.116228,0.437868,0.313993,-0.239671,0.126022,0.17818,0.193742,-0.228214,0.08982,0.346295,0.032601,0.445873,0.15764,0.044651,0.331368,0.123937,-0.183632,-0.325563,0.333561,-0.002174,-0.075921,0.071706,0.05211,-0.08408,-0.096015,-0.161084,0.16551,-0.255296,0.063879,0.153516,-0.242802,-0.270003,-0.035537,0.156388,-0.168517,0.172879,0.028571,-0.133799,-0.220457,0.466415,-0.365725,0.074157,-0.057002,-0.196105,-0.046584,-0.13637,-0.090083,-0.261724,0.169864,-0.273643,0.314289,-0.122221,-0.187457,-0.165708,-0.0947,-0.238304,-0.255924,0.171353,-0.253683,-0.080581,#
4,0.407278,0.197984,0.112086,-0.027565,1.0,-0.043872,0.252248,-0.071978,0.123005,0.269962,-0.007943,0.179328,0.198357,0.11842,0.046258,-0.166049,0.162824,-0.025708,-0.154861,-0.19255,-0.108699,0.037381,0.266378,-0.067701,-0.274707,-0.024414,0.039162,-0.152996,0.007309,0.147957,-0.18462,-0.035001,-0.203036,-0.005081,-0.351333,0.128545,0.020121,-0.260016,0.183007,0.032186,0.059413,-0.115145,-0.03835,0.093762,-0.107673,-0.087745,0.123597,0.257549,0.016457,0.050456,0.118701,-0.445252,-0.006963,-0.026773,0.206245,-0.358015,-0.436701,0.338886,-0.261383,-0.112712,0.115747,0.101013,-0.266398,0.059495,0.099265,0.327242,-0.025875,0.171719,0.1703,-0.077453,-0.098432,-0.499516,0.210422,-0.483079,-0.281941,0.35027,-0.369071,-0.441836,-0.300052,-0.234561,-0.266197,-0.376468,-0.353831,-0.153865,-0.27625,-0.482729,-0.427127,-0.334602,-0.207157,-0.279201,-0.260808,-0.234187,-0.211756,-0.099999,-0.381099,-0.304004,-0.33183,0.012514,-0.092985,-0.052818,0.156207,-0.349058,-0.180034,-0.160303,-0.422947,-0.528608,-0.290878,-0.20433,-0.18947,0.124425,0.053871,0.040314,-0.317371,-0.357001,-0.314362,-0.10799,-0.24387,-0.482138,-0.103601,-0.230833,-0.359367,-0.257863,-0.27469,-0.194,-0.002761,-0.184249,-0.527327,-0.231587,-0.306452,-0.041696,-0.247287,-0.129226,-0.462462,-0.053661,-0.123573,-0.437578,0.256714,-0.378341,-0.103122,-0.339202,-0.279521,0.081469,-0.042013,-0.191119,-0.480371,-0.289665,-0.245413,0.41891,-0.467116,-0.13557,-0.334306,-0.227682,-0.240032,-0.227411,-0.251983,-0.27113,0.285676,0.364348,-0.315709,-0.318784,-0.078873,-0.173826,-0.170515,-0.169781,-0.220416,0.265122,-0.179925,0.027341,-0.133236,-0.134416,0.123443,-0.013145,-0.317134,-0.345386,0.131551,-0.325753,-0.319554,0.067833,0.172488,-0.295543,0.144812,-0.04743,0.192967,0.30465,0.28825,-0.0318,0.231247,-0.181179,-0.048111,0.34897,-0.173157,0.35258,0.303609,0.332078,0.154547,0.054954,0.250541,-0.411189,-0.420959,0.219135,#
5,0.011456,-0.192075,-0.394284,-0.234092,-0.043872,1.0,0.2346,0.277798,0.034172,-0.010155,0.043004,0.00672,-0.256393,0.368247,0.175535,0.185765,0.012798,-0.138486,-0.061197,-0.063785,0.127977,0.096235,-0.064999,-0.2968,0.21545,-0.127506,-0.038243,0.208209,-0.008347,-0.0413,0.157827,0.220401,0.074192,-0.137728,-0.235033,0.02511,-0.107834,0.069995,0.096212,-0.067819,-0.121884,0.00355,0.13155,0.331089,0.003361,0.094736,-0.03836,-0.012301,0.131563,0.135357,0.178842,-0.000161,0.187428,-0.234261,-0.074122,0.210493,0.298841,0.117587,0.079575,0.318574,0.311855,0.078239,-0.068127,0.348202,-0.009723,0.071033,-0.141967,0.273013,0.077528,-0.173601,0.046503,-0.237701,0.108408,-0.080593,-0.044988,-0.033708,0.286112,0.149271,-0.258845,0.026211,-0.066526,-0.023944,0.126473,-0.179937,0.040057,0.169217,-0.096622,-0.282168,0.012992,-0.118868,-0.030969,0.068222,-0.047309,-0.130382,0.154213,-0.048007,-0.171328,-0.201909,0.037916,-0.147652,-0.092941,0.001906,0.03628,-0.271328,0.210304,-0.014485,-0.063255,-0.292652,-0.06671,-0.515005,-0.107317,0.189395,-0.092934,-0.152918,-0.244633,-0.172719,0.079861,-0.062212,-0.090494,-0.118611,-0.013346,0.199032,-0.025422,-0.110355,-0.181521,0.135843,0.059681,0.220354,-0.131173,-0.244095,-0.065677,-0.059264,-0.014552,0.12254,-0.102211,-0.166313,-0.091212,-0.216624,-0.16822,-0.045325,-0.048813,-0.344963,-0.363776,-0.097069,0.005245,-0.075867,-0.127354,0.069298,0.300873,-0.113344,0.034287,0.025242,-0.110564,0.284589,-0.138819,-0.024203,0.153931,0.032473,-0.230725,0.101304,-0.131658,-0.153263,-0.013686,0.072388,0.005555,0.101316,0.327277,0.22918,-0.066237,-0.050444,0.119861,0.078415,0.120279,0.129938,0.214898,-0.060074,0.105598,0.070423,0.146485,-0.133361,0.169499,0.107927,0.070569,0.119092,0.034357,-0.302544,0.183933,0.136005,0.060581,0.148347,-0.034253,-0.162901,0.177184,-0.285276,0.096493,0.230576,0.024662,-0.120006,-0.03621,0.224205,#
6,0.240483,0.052601,-0.076478,-0.355404,0.252248,0.2346,1.0,0.120133,0.462672,-0.011512,0.161893,0.283921,0.16504,0.00996,0.207753,0.130925,-0.213514,-0.147814,0.015514,-0.048204,0.032947,0.230796,0.202601,-0.301017,-0.118882,-0.050965,-0.053551,-0.240936,0.137613,0.219524,-0.428732,-0.011271,-0.026592,-0.08077,0.000107,0.145692,0.13696,-0.107098,-0.05572,0.09425,0.079643,0.064135,-0.261008,0.108435,-0.028694,0.041622,0.099385,0.334329,0.225525,0.200491,0.268542,-0.147028,0.041374,-0.114893,0.117909,0.096523,0.048546,0.167504,0.023093,0.270537,0.152063,0.130544,-0.204056,0.195219,0.15935,0.075708,-0.079669,0.007606,0.250733,-0.273387,0.196037,-0.383779,0.127933,-0.324777,-0.454776,0.268202,-0.172133,-0.175826,-0.38733,-0.174612,-0.283372,-0.290674,-0.137089,-0.348731,-0.347899,-0.008212,-0.209171,-0.059109,-0.341142,-0.131081,-0.228127,-0.255149,-0.165206,-0.049428,-0.419395,-0.1363,-0.135889,-0.424564,-0.104256,-0.209915,0.016079,-0.166844,-0.185332,-0.214736,-0.121051,-0.184108,-0.049779,-0.317505,-0.294279,-0.165947,0.014614,0.104291,-0.151921,-0.41923,-0.061601,-0.260353,-0.291325,-0.164599,0.02466,-0.471343,-0.170108,-0.252506,-0.118433,-0.419732,-0.103268,-0.061208,-0.267822,0.089282,-0.276794,-0.304388,-0.233535,-0.227346,-0.253399,-0.046269,-0.250571,-0.162812,-0.017754,-0.252766,0.029109,-0.318316,-0.283432,-0.210063,-0.31482,-0.075032,-0.212084,-0.125182,-0.399164,0.579132,-0.054313,-0.420963,-0.113554,-0.35566,-0.387939,-0.140544,-0.332896,-0.177546,0.224457,0.337428,-0.057737,-0.328061,0.130126,-0.115038,-0.055582,-0.084028,0.030695,0.396348,-0.019207,0.189624,-0.060247,-0.132312,0.048807,0.129263,0.031867,-0.244095,0.356502,-0.382138,-0.143883,0.366019,0.352662,-0.325106,0.26794,0.434568,0.040823,0.034812,0.411385,-0.090102,0.016722,0.102819,-0.207803,0.38655,-0.00881,0.156187,0.372346,0.109919,-0.058434,0.153299,0.515282,-0.204225,-0.117172,0.109908,#
7,0.037735,0.065898,-0.1983,-0.235165,-0.071978,0.277798,0.120133,1.0,0.018853,-0.158238,-0.27606,-0.009485,-0.113439,0.184221,0.127238,-0.199055,-0.054194,0.043575,-0.056203,0.029411,0.026634,0.345772,-0.064095,-0.059461,-0.04467,0.153859,0.331662,0.175055,-0.325832,-0.049981,0.022406,0.378367,0.120103,0.027038,-0.001576,0.00051,0.058603,-0.304081,0.155745,-0.06402,-0.038106,0.133638,0.222092,0.012746,-0.185773,0.034733,-0.001218,0.084087,-0.144062,-0.068219,0.092889,0.011296,0.170326,-0.272261,-0.139984,0.080814,0.232975,-0.170562,0.156325,0.251884,0.080126,0.321048,-0.200252,0.270263,0.212724,0.243252,-0.124652,0.124739,0.094262,-0.16994,0.101723,0.023725,-0.126047,0.052872,-0.09702,-0.19139,0.050445,-0.064329,-0.218042,0.177028,0.139317,0.017502,0.187358,-0.165822,0.123708,0.313106,0.108275,0.086867,0.101854,0.068693,-0.024636,0.002436,0.066167,0.051239,0.093084,0.037674,-0.158129,0.061811,-0.093315,-0.197622,-0.017791,-0.083468,0.011504,-0.034885,-0.102492,0.001703,-0.041867,-0.172651,-0.044721,-0.288208,-0.047203,0.171148,-0.042389,0.081946,0.059572,0.015914,0.004115,0.154699,0.008412,-0.101694,-0.09279,0.029759,0.033271,-0.155324,-0.039087,0.129839,0.109503,-0.327507,0.144292,0.007654,-0.062661,-0.09277,0.150194,-0.086388,0.150217,0.002144,0.142241,-0.039881,0.063078,-0.145771,-0.064461,-0.286556,-0.103414,0.028815,0.085804,-0.166961,-0.059884,0.098805,0.123321,0.092385,-0.051677,-0.064399,0.076685,0.098037,0.258085,0.076355,0.045469,-0.050717,-0.15984,0.252051,0.139696,-0.109546,-0.036262,0.098112,0.243422,0.070647,0.063211,0.026014,-0.164779,0.203636,-0.056488,0.012471,0.009671,0.065318,0.007294,-0.030895,-0.001701,-0.038168,0.04678,-0.222832,-0.11044,-0.063427,-0.022254,-0.142914,-0.111706,-0.090023,-0.040264,0.096112,-0.035425,0.035104,0.123206,-0.047303,0.053511,-0.177825,0.091393,0.19304,-0.143723,-0.132219,-0.022048,-0.014499,#
8,0.482482,0.128415,-0.088418,-0.317035,0.123005,0.034172,0.462672,0.018853,1.0,0.035321,0.106755,0.226238,0.291346,0.024312,0.325546,0.028002,-0.299988,0.063901,0.232756,-0.070803,-0.197939,0.190763,0.351772,-0.017548,0.025263,-0.274082,0.073011,-0.017487,0.397299,0.170418,-0.285334,0.060488,0.168895,0.043742,-0.168611,0.001909,0.317825,-0.086918,-0.065789,0.00558,0.153146,-0.187772,-0.145131,0.006423,0.03014,-0.118088,0.356193,0.285304,0.148244,0.182276,0.0187,-0.087427,-0.026716,0.044612,0.070456,-0.02647,-0.008124,-0.050618,0.145271,0.068008,0.133663,-0.107966,-0.074467,0.098006,0.102252,0.230821,0.076653,-0.030745,0.292539,0.081226,0.145069,-0.301366,0.059059,-0.195515,-0.169045,0.041656,-0.205792,-0.205331,-0.222524,-0.193302,0.013809,-0.314706,-0.123934,-0.143225,-0.100638,0.048041,-0.078802,-0.146468,-0.172938,-0.149087,0.025929,-0.114992,-0.333023,0.320078,-0.22496,0.06742,-0.085149,-0.293811,0.063003,-0.211101,-0.035521,-0.191308,-0.151243,-0.201814,0.041527,-0.028226,-0.195896,-0.028594,-0.160459,-0.018304,0.095176,0.03698,-0.061818,-0.117056,-0.051711,-0.386929,-0.257095,-0.096437,0.147883,-0.408801,-0.198619,-0.368082,0.103547,-0.486176,-0.119343,0.002639,-0.093236,0.079697,-0.086594,-0.371616,-0.022102,-0.196475,0.064607,-0.053703,-0.079697,-0.041422,-0.139636,-0.210598,0.212247,-0.127126,-0.054712,-0.161109,-0.44413,-0.128532,-0.311928,-0.024394,-0.202055,0.24544,-0.12564,-0.344642,-0.013313,-0.336038,-0.172236,-0.111384,-0.09521,-0.210441,0.228729,0.447564,0.027118,-0.238452,0.031115,-0.119561,-0.164179,0.029116,0.003733,0.194249,-0.091477,-0.010424,-0.173039,-0.016681,-0.140883,0.34945,-0.023172,-0.31551,0.289243,-0.211387,-0.194667,0.297097,0.163688,-0.385781,0.207901,0.277793,-0.066338,-0.074305,0.182672,0.017129,-0.024634,0.178542,-0.332567,0.234528,0.064592,-0.067579,0.286169,0.160424,-0.057894,-0.007266,0.390126,-0.235735,0.048548,0.07026,#
9,0.010518,0.207651,0.169415,-0.048561,0.269962,-0.010155,-0.011512,-0.158238,0.035321,1.0,-0.134947,-0.041479,0.244739,0.104809,-0.155217,-0.097363,-0.404316,0.401582,-0.016807,0.028173,0.166174,-0.025241,0.2119,0.103891,0.136671,0.026819,0.067191,-0.136556,0.028522,0.292417,0.003295,-0.118688,0.062973,0.252522,-0.277139,0.176827,0.019579,-0.193222,-0.109698,-0.228193,0.038556,0.251128,0.11664,0.253017,0.305489,-0.322444,0.082666,0.500367,0.063139,0.205933,-0.057503,-0.153221,-0.051407,-0.015034,-0.092392,-0.348493,-0.099986,0.024756,-0.024761,-0.160541,0.16115,0.077454,-0.212688,-0.141752,-0.076745,0.084357,-0.039497,0.249052,0.032032,-0.075607,0.057911,-0.277111,-0.004764,-0.095741,0.176999,0.19968,-0.22594,-0.4337,-0.025049,-0.134304,-0.006222,-0.13004,-0.122096,-0.192613,0.016358,-0.097252,-0.204697,-0.131804,-0.174113,0.014101,-0.055117,0.038184,-0.283711,0.155147,-0.19634,0.138708,0.150548,0.016902,0.249836,-0.110667,-0.174734,-0.198102,-0.054311,-0.031569,-0.29539,-0.187392,-0.185992,-0.231864,-0.088312,-0.121573,0.43049,0.165946,0.038971,-0.335992,-0.188229,-0.112211,-0.110663,-0.145393,0.336265,-0.291179,-0.015631,0.180959,0.121152,-0.073854,-0.113634,0.055908,-0.216305,-0.110157,-0.23589,0.205878,0.016893,0.007892,0.035075,0.487295,-0.125907,0.085612,0.0421,-0.058662,0.246665,-0.261074,0.053818,0.010739,-0.010817,0.050922,-0.012718,-0.030564,0.100533,0.177536,-0.322016,0.212836,-0.397203,-0.090551,0.219006,0.104408,-0.086233,0.238816,0.301072,0.302702,-0.094105,0.090855,-0.10743,0.031604,-0.116814,0.303035,-0.118023,0.326817,-0.290672,-0.082373,0.012752,0.024982,-0.00072,0.087172,0.014978,-0.232047,0.231002,0.079571,0.016804,-0.110756,0.049717,-0.115124,-0.006707,-0.072945,-0.363064,0.267183,-0.238465,-0.075155,0.164417,-0.118583,-0.339701,0.201604,-0.037025,-0.029166,-0.17567,-0.054007,0.019166,-0.268028,-0.005687,-0.072613,0.181079,-0.089267,#
10,-0.085891,-0.300054,-0.173994,0.130377,-0.007943,0.043004,0.161893,-0.27606,0.106755,-0.134947,1.0,-0.08459,-0.222847,-0.216685,0.303081,0.291968,0.073869,-0.485502,-0.002194,0.086955,-0.078419,0.063259,-0.121693,0.093469,-0.031967,0.169906,-0.164165,0.128016,0.105738,-0.276921,0.063695,-0.092953,-0.110666,-0.068016,0.13878,-0.172093,-0.180988,0.177567,0.007618,0.349597,-0.181879,-0.242821,-0.31422,0.006375,0.267685,0.217813,-0.182622,-0.289682,0.288476,-0.063037,-0.002326,0.203356,-0.025675,0.153692,0.158572,0.35348,0.0494,-0.032688,0.081607,0.105348,0.113505,-0.123231,0.20175,-0.047592,0.020742,-0.145227,-0.028329,-0.2946,-0.354273,-0.067128,-0.037601,0.0928,0.308486,0.130428,-0.086286,0.079928,-0.037359,0.148046,0.104333,-0.095148,-0.212713,0.180607,0.179389,-0.166332,-0.160092,-0.086476,0.181664,0.088723,-0.202514,-0.157971,0.136836,-0.196298,0.215863,-0.299304,0.114362,0.136388,-0.063181,-0.047082,-0.257833,0.093056,0.038077,0.188563,0.087235,-0.000699,0.177971,0.09001,-0.092582,0.010771,0.081705,0.174535,-0.24484,-0.146821,-0.140304,0.024097,-0.221332,-0.04425,0.163133,0.066234,-0.247017,0.151232,0.295922,-0.087992,0.252605,0.221342,0.168283,-0.093974,0.09316,0.310511,-0.075659,-0.09765,0.135546,-0.186397,-0.173857,-0.241013,0.091423,0.266569,-0.112173,-0.146092,-0.113469,0.126673,-0.089753,0.065654,-0.043006,-0.041477,-0.048321,0.087437,-0.115961,-0.246327,0.310262,-0.124697,0.209792,0.209768,-0.274559,-0.107052,-0.113538,-0.07137,-0.245632,-0.073363,0.195448,-0.045062,-0.133116,-0.11018,0.08369,-0.391862,-0.19238,-0.024948,0.143323,0.197628,0.232904,-0.33815,0.045827,-0.236388,-0.163687,0.151732,0.026113,-0.177934,-0.132986,0.026198,-0.154221,0.09961,0.030611,0.375457,0.228233,0.358027,-0.088248,0.050804,-0.019465,-0.173626,0.364187,-0.166017,-0.164807,0.265439,0.034704,-0.167729,-0.040193,-0.06355,0.105614,0.144129,-0.166054,0.039831,#
11,0.300036,0.05685,0.00579,-0.281949,0.179328,0.00672,0.283921,-0.009485,0.226238,-0.041479,-0.08459,1.0,-0.01378,-0.23522,0.090895,0.220771,0.133395,-0.086294,-0.267684,-0.323319,-0.08216,-0.029043,-0.009505,-0.016076,0.015687,-0.068859,-0.073507,-0.288428,0.239364,0.215386,-0.385141,-0.060979,-0.128734,-0.0557,0.012084,0.129521,-0.30611,-0.051096,-0.061319,0.031234,0.012602,-0.063904,-0.355677,-0.182804,-0.052415,-0.029838,-0.055396,0.02577,-0.065948,0.104838,-0.151007,-0.222623,-0.100924,0.095112,0.111093,-0.084229,-0.269932,-0.085264,-0.072803,0.27896,-0.144408,0.034222,-0.19842,0.027241,0.162071,-0.198287,-0.150378,-0.01496,0.095262,-0.180995,0.031739,-0.259504,0.039541,-0.239073,-0.459429,0.052682,-0.200997,-0.005206,-0.363043,-0.239375,-0.202463,-0.279094,-0.196808,-0.06478,-0.243808,-0.053073,-0.196631,-0.365725,-0.126851,-0.294337,0.018791,-0.257885,-0.041096,-0.290178,-0.337208,-0.089154,-0.138513,-0.358974,-0.32347,-0.033212,0.164553,-0.279214,-0.145547,-0.262456,-0.205333,-0.191797,-0.054279,-0.054937,-0.313404,0.003237,-0.286343,0.087094,-0.367343,-0.046858,-0.192165,-0.377398,-0.231214,-0.067164,-0.462064,-0.007916,-0.25141,-0.232981,-0.355868,-0.06908,-0.11773,-0.256051,-0.070768,-0.20716,-0.252756,-0.118579,-0.258975,-0.197986,-0.131539,-0.031332,-0.308356,-0.111366,0.039518,-0.447999,0.011131,-0.261698,-0.062346,-0.075722,-0.190386,-0.236175,-0.341565,-0.26237,-0.193993,0.150885,-0.333605,-0.180214,-0.127071,-0.396284,-0.170216,-0.196102,-0.321417,-0.400097,0.107814,0.121388,-0.099709,-0.032893,0.005311,-0.081732,-0.082797,-0.261293,-0.232759,0.149171,0.027625,0.093475,0.090076,-0.429716,0.306978,0.121654,-0.174614,-0.088471,0.310753,-0.394553,-0.372106,0.11721,0.048845,-0.298957,0.420991,0.013537,0.373477,0.241431,0.38366,-0.139999,0.180376,0.139941,0.054711,0.240935,-0.05869,0.350522,0.190949,0.060703,-0.242305,0.35935,0.210565,-0.26093,-0.102075,0.057483,#
12,0.369662,0.160824,0.043896,-0.120104,0.198357,-0.256393,0.16504,-0.113439,0.291346,0.244739,-0.222847,-0.01378,1.0,0.182663,0.072943,-0.090862,-0.183774,0.263883,0.16371,0.063667,-0.156326,0.089936,0.422544,-0.107477,-0.25735,-0.156491,0.036781,-0.160727,0.344018,0.070096,-0.341877,-0.006169,0.001388,0.034678,-0.000497,-0.003664,0.353918,-0.120248,-0.030294,-0.226768,0.182191,0.26324,0.048362,-0.055478,0.080395,-0.194706,0.518168,0.339463,-0.017986,0.15879,0.045708,-0.126141,0.120146,0.092929,-0.011419,-0.072492,-0.013727,0.105242,0.017985,-0.11024,0.142454,0.01106,-0.127534,-0.038083,0.071561,0.273617,0.178155,0.092699,0.241953,-0.073365,0.267505,-0.182361,-0.113932,-0.212804,-0.108206,0.250967,-0.14162,-0.384299,-0.115487,-0.136918,-0.006627,-0.262936,-0.326527,-0.134948,0.03691,0.030454,-0.250411,-0.025642,-0.064718,0.068445,-0.159173,-0.063499,-0.290952,0.216228,-0.154331,-0.103252,0.134061,-0.156946,0.174636,-0.479444,0.244316,-0.240767,-0.311025,-0.281621,-0.257607,0.018077,-0.171608,0.001715,-0.337424,0.007423,0.382115,-0.195639,0.055893,-0.226753,-0.085343,-0.245905,-0.508798,-0.030224,0.318556,-0.522615,-0.080321,-0.372569,-0.005166,-0.315828,-0.005785,0.13607,-0.515744,-0.013653,-0.180551,-0.108744,0.00486,-0.042975,0.040152,0.129804,-0.205786,-0.149311,-0.018815,0.025967,0.123128,-0.268181,-0.252983,-0.168555,-0.137548,0.133196,-0.243068,-0.011057,-0.284003,0.392415,-0.34011,-0.055022,-0.156725,-0.406545,0.060256,-0.031283,-0.040237,0.105495,0.323945,0.350963,-0.173465,-0.305051,-0.198956,-0.184284,-0.345176,0.09984,0.162269,0.030897,-0.186996,-0.141314,-0.209182,0.064002,0.066554,0.228803,0.146918,-0.26086,0.288356,0.125969,0.050252,0.314534,0.175805,-0.434992,0.0391,0.073977,-0.186832,-0.242892,0.173929,0.005636,0.283299,0.116125,-0.424064,0.332036,0.036846,-0.057625,0.161183,0.257493,-0.040136,-0.034711,0.302127,-0.266629,-0.071039,0.048473,#
13,0.204512,0.193401,-0.030091,-0.15768,0.11842,0.368247,0.00996,0.184221,0.024312,0.104809,-0.216685,-0.23522,0.182663,1.0,0.095946,-0.09357,-0.160281,0.296605,0.258259,-0.082049,0.034946,-0.023262,0.399128,-0.246426,-0.151962,-0.331632,0.187606,0.263084,0.237144,0.111682,-0.029159,0.172218,0.128824,-0.222046,-0.089293,0.030196,0.049927,0.014708,0.049002,-0.351497,0.101984,0.288189,0.270918,0.445693,-0.087669,-0.408628,0.322157,0.327491,0.058286,0.041273,0.122303,0.099,0.052201,-0.173359,-0.277645,-0.220934,0.129678,-0.033919,0.004328,-0.031694,0.273235,0.290495,-0.210706,0.222873,0.111477,0.515713,0.141812,0.397217,0.262624,0.091786,-0.015268,-0.231247,0.003975,-0.218342,-0.09248,0.254971,-0.03298,-0.207988,-0.198325,-0.047999,-0.236444,-0.256579,-0.09894,0.035402,0.024571,0.019224,-0.014146,-0.106011,-0.027751,-0.096678,-0.113438,-0.122819,-0.209301,0.158714,0.033221,-0.166181,-0.023067,-0.132491,0.027741,-0.359364,0.007562,-0.030945,-0.147037,-0.169873,-0.158716,-0.032002,-0.212493,-0.362986,-0.089432,-0.143296,0.266776,0.215166,0.048065,-0.031071,-0.10684,-0.118784,-0.321656,-0.132339,0.278904,-0.291644,-0.132722,-0.063252,-0.164081,-0.195419,0.048597,0.150034,-0.282831,-0.007243,-0.096108,-0.162619,-0.108285,0.091419,-0.214484,0.237045,-0.236441,-0.299179,-0.016364,-0.193236,0.185193,-0.116353,-0.205418,-0.284013,-0.17411,-0.262503,-0.100572,0.123621,-0.164329,0.219254,-0.01236,0.027883,-0.181692,-0.172046,-0.079737,-0.070623,-0.058176,0.143824,0.37617,0.397819,-0.275681,0.017211,-0.121538,-0.217286,-7.4e-05,0.257713,-0.004786,0.110465,0.083082,0.005233,-0.253187,0.182861,-0.031736,0.25723,-0.067872,-0.208523,0.29142,0.100705,0.006356,-0.004853,0.389237,-0.343024,0.036023,-0.114839,-0.245479,-0.053384,0.121881,-0.083466,0.174228,-0.052401,-0.176306,0.257182,-0.062218,-0.13245,0.231665,0.188309,0.069818,0.067415,0.270113,-0.270009,-0.00799,-0.012296,#
14,0.0353,0.166828,-0.155984,-0.181041,0.046258,0.175535,0.207753,0.127238,0.325546,-0.155217,0.303081,0.090895,0.072943,0.095946,1.0,-0.06311,-0.057062,-0.161285,-0.07361,-0.032933,-0.196913,0.330117,0.195603,0.151119,-0.086064,0.148349,-0.028852,0.265249,0.20804,-0.110647,-0.214684,0.337016,0.179145,0.008557,-0.162655,-0.130604,0.01412,0.037294,0.452682,0.136319,-0.198541,0.216299,-0.20593,0.041012,-0.118667,0.23204,0.169736,-0.13528,0.082495,0.183947,0.049409,0.111964,-0.074659,-0.152463,0.054564,0.171877,-0.181233,0.251771,-0.322555,0.292267,0.195159,0.199014,-0.142492,0.369703,0.27793,0.144776,-0.106911,-0.046856,0.058561,0.015131,0.109995,-0.06626,0.324655,-0.106088,-0.378409,-0.134037,-0.043368,-0.009686,-0.122281,-0.23056,-0.143014,-0.12477,-0.123148,-0.185992,-0.305225,0.06943,-0.051474,-0.154168,-0.383668,-0.208715,-0.072718,-0.095483,-0.018749,0.101951,-0.024197,-0.025586,-0.090691,-0.039525,-0.071091,-0.218967,0.080967,0.025234,-0.298937,-0.17543,-0.035468,0.013315,-0.224064,-0.001927,-0.059309,-0.104442,-0.157572,-0.127313,-0.19455,0.031298,-0.194514,-0.242791,-0.239901,-0.141341,-0.165288,-0.139049,-0.073112,-0.302043,-0.038785,-0.203466,0.172579,-0.12007,0.003955,-0.065508,-0.304976,-0.207294,0.092438,-0.297761,-0.208389,-0.253973,-0.121567,0.011215,0.043619,-0.200836,0.218109,-0.013939,-0.083074,-0.161091,-0.328342,-0.175857,-0.260592,-0.187701,-0.114829,-0.047846,0.00377,-0.261553,0.068326,0.053821,-0.098202,-0.038372,-0.156608,0.002918,0.155003,0.217726,-0.195116,-0.049614,-0.009873,-0.11443,0.01079,-0.209432,-0.098856,0.162145,-0.033719,0.121077,-0.047499,-0.114808,0.078481,0.085209,-0.04852,-0.090096,0.275975,-0.125896,-0.126891,0.045042,0.067049,-0.181444,0.07248,0.351855,0.157407,0.098923,0.00853,0.052475,-0.034921,0.073041,0.042571,0.053094,-0.139892,0.300195,-0.015396,-0.035319,-0.046702,-0.177022,0.138257,-0.241528,0.068442,0.07811,#
15,-0.020331,-0.219787,-0.303235,-0.246335,-0.166049,0.185765,0.130925,-0.199055,0.028002,-0.097363,0.291968,0.220771,-0.090862,-0.09357,-0.06311,1.0,0.183207,-0.281314,0.217926,0.092639,0.077866,0.128528,-0.210956,-0.030635,-0.069571,-0.008394,-0.219115,0.104876,0.047979,-0.195214,-0.21933,0.06025,-0.122565,0.012759,0.293195,-0.009261,-0.170672,0.236875,-0.295623,0.124665,0.033818,-0.226893,-0.105477,-0.121027,0.245468,0.16914,-0.125628,-0.211339,0.187143,0.06519,0.16566,0.012988,-0.140274,0.094002,-0.148344,0.143007,0.158863,-0.062478,0.133343,0.145608,0.142268,-0.273813,0.144968,0.269241,0.130682,-0.104847,-0.121876,-0.065392,0.093439,-0.158772,0.022682,-0.008585,0.019121,-0.141709,0.037991,-0.021525,-0.128483,0.097896,0.067028,-0.153785,-0.084874,-0.092761,-0.016516,-0.200189,-0.049471,-0.037232,-0.11507,-0.259063,0.034106,-0.032144,0.258538,-0.160536,0.250742,-0.415348,0.000513,-0.0578,-0.095544,-0.413627,-0.392914,-0.009748,0.195822,0.079289,-0.230218,0.027133,0.129819,0.090709,-0.184386,-0.147134,-0.053576,-0.067312,-0.285718,-0.160134,-0.005238,0.081296,-0.260074,-0.061166,0.036539,0.105509,-0.324093,0.174537,0.108538,0.107424,-0.038499,0.177635,0.003466,-0.147529,0.160705,0.230996,-0.155197,-0.12619,-0.172803,0.047859,0.035145,-0.037428,-0.049924,-0.010167,-0.279925,-0.323452,-0.291758,-0.105952,-0.027989,-0.106264,-0.173954,0.113694,-0.249389,0.205431,-0.232541,-0.022758,-0.16697,-0.254626,0.125975,0.133881,-0.21912,-0.019157,-0.316512,-0.169669,-0.27052,-0.008698,-0.110561,-0.062969,-0.366591,-0.132154,-0.040308,-0.266284,-0.139932,0.169051,0.034506,0.213486,-0.058343,-0.097061,0.054033,0.246075,-0.169838,0.099505,-0.001762,-0.320004,0.037223,0.142875,-0.28465,-0.009096,0.305782,0.181998,0.356778,0.368656,0.086252,-0.062963,0.16109,0.061483,0.344051,-0.041817,-0.311782,0.141457,0.146721,0.03737,-0.117786,0.295384,0.299796,0.154641,-0.17533,-0.076893,#
16,0.047694,-0.236584,-0.089896,0.04096,0.162824,0.012798,-0.213514,-0.054194,-0.299988,-0.404316,0.073869,0.133395,-0.183774,-0.160281,-0.057062,0.183207,1.0,-0.423089,-0.275389,-0.228491,-0.33281,-0.096091,-0.258289,0.107016,-0.13933,-0.155528,-0.293698,0.045679,-0.147266,-0.341666,0.097343,0.041872,-0.115226,-0.226399,0.076733,-0.174881,-0.25301,0.185566,-0.021699,0.161351,-0.165253,-0.216199,-0.045297,-0.083551,5.4e-05,0.292362,-0.169582,-0.404422,-0.099476,0.074453,0.145052,0.041641,-0.047446,0.046998,0.155322,0.092386,-0.137413,0.190631,-0.078891,0.112126,-0.049435,-0.138574,0.097151,0.114185,0.114696,-0.075134,0.08517,-0.100266,-0.104072,-0.033326,-0.211842,0.189646,0.135331,-0.147454,-0.181815,0.157111,-0.000748,0.123567,0.074064,0.088724,-0.057777,0.146975,0.140362,0.180106,-0.035302,-0.23103,-0.004266,-0.190072,0.076756,-0.264242,0.095052,-0.079905,0.327195,-0.452618,0.103932,-0.218406,-0.123197,0.085005,-0.245,0.039347,0.327911,-0.004068,0.105022,0.027818,0.049374,-0.178885,0.251654,-0.056913,-0.030274,0.24034,-0.434075,-0.178156,-0.081772,0.147804,-0.179167,0.155197,0.206447,-0.135417,-0.390602,0.463997,-0.10684,0.115856,-0.341011,0.25489,0.119797,-0.248614,-0.110509,0.043717,-0.057894,0.086873,-0.167937,0.115493,-0.057481,-0.269796,0.116136,-0.185363,0.17517,-0.265003,-0.53021,-0.003807,-0.054076,0.16904,0.099021,0.148198,-0.170999,-0.053389,-0.152703,-0.165639,-0.065652,-0.071126,0.173892,0.238655,-0.223956,-0.074276,-0.210514,-0.30775,-0.366425,-0.227449,-0.085677,-0.183927,-0.066724,-0.052372,-0.04675,-0.369439,-0.011669,-0.072138,0.152956,0.071899,0.107899,-0.076577,0.396673,-0.066164,-0.15596,0.193859,-0.391947,-0.109162,-0.074083,-0.180367,-0.246584,0.260071,-0.042979,-0.166477,0.686605,0.10975,0.072302,-0.060686,0.029709,0.042917,0.386245,-0.267844,-0.136065,0.166733,0.147306,0.249763,0.068321,0.15486,-0.048578,0.172416,-0.316956,0.206172,#
17,0.114843,0.362545,0.218123,0.065529,-0.025708,-0.138486,-0.147814,0.043575,0.063901,0.401582,-0.485502,-0.086294,0.263883,0.296605,-0.161285,-0.281314,-0.423089,1.0,0.102069,0.145345,0.17209,0.035572,0.43412,0.077113,0.157177,-0.134075,0.270037,-0.02512,0.088269,0.224914,0.040878,-0.056798,0.204883,0.352396,-0.245506,0.010608,0.315764,-0.208607,0.146128,-0.305448,0.028815,0.326491,0.508134,0.027583,0.002976,-0.377406,0.346281,0.419099,-0.061302,-0.070471,0.146136,0.031549,-0.266448,-0.022517,-0.107536,-0.24493,-0.014272,-0.055847,0.051682,-0.199443,-0.004811,0.184506,-0.202274,-0.153517,-0.167743,0.210766,0.191274,0.314637,0.327984,0.22664,0.024095,-0.116934,-0.29322,0.107357,0.236163,0.00879,-0.054722,-0.220324,-0.037798,-0.016325,0.025804,-0.048703,-0.130921,0.133358,0.202469,0.092864,-0.257524,0.084649,0.17743,0.069478,0.056335,0.065392,-0.215,0.502839,0.028026,0.077984,0.16413,0.172699,0.163048,-0.228364,-0.202644,-0.265825,-0.0918,0.100919,-0.126284,0.054636,-0.133413,-0.056901,-0.079742,-0.110268,0.427383,0.1736,0.347123,-0.021326,0.161192,0.059544,-0.271493,-0.141556,0.466192,-0.360303,-0.171872,-0.085537,0.069971,-0.294415,-0.164809,0.320938,-0.052886,-0.213451,0.027979,-0.090439,0.12712,0.087811,0.247278,0.171517,-0.034899,-0.105992,0.006777,0.233833,0.481122,-0.172687,0.008351,0.044619,0.033691,-0.192812,-0.064376,0.041142,0.065241,0.16673,-0.282851,0.214129,-0.347379,-0.133896,0.224489,0.210066,0.068736,0.180939,0.404125,0.098996,-0.196948,0.158848,0.181142,0.150377,-0.007455,0.661063,0.012395,0.197511,-0.002093,-0.174565,-0.399055,0.123023,-0.270157,0.253527,0.121784,-0.235874,-0.007528,0.2068,0.222902,0.055604,0.224211,-0.129741,-0.210446,-0.127462,-0.556525,-0.20147,-0.056767,0.000585,0.025056,0.158701,-0.436249,0.267827,0.006212,-0.208472,-0.070828,-0.01068,-0.04697,-0.203322,-0.03406,-0.167571,0.284791,-0.225148,#
18,0.167187,0.242816,-0.008763,0.033801,-0.154861,-0.061197,0.015514,-0.056203,0.232756,-0.016807,-0.002194,-0.267684,0.16371,0.258259,-0.07361,0.217926,-0.275389,0.102069,1.0,-0.033813,0.110153,0.109292,-0.051688,-0.036757,-0.318011,-0.193048,-0.092239,0.248353,0.170164,-0.049493,-0.158837,0.109576,0.095724,-0.012531,0.077161,-0.096027,0.309236,0.39647,-0.234837,-0.183715,0.349695,-0.204718,0.036045,-0.001399,-0.167541,-0.236215,0.179337,-0.045827,0.069191,0.027067,-0.107797,0.3695,0.070977,0.123773,-0.193178,-0.123356,-0.008104,-0.142093,0.012671,-0.299468,0.134119,-0.050333,0.158754,0.026451,-0.03486,0.054862,0.172423,-0.092014,0.144709,0.140086,-0.143514,0.113522,-0.088706,0.129692,0.231542,-0.103556,0.042798,-0.090697,0.174989,0.001705,0.0096,0.057852,0.049623,0.02913,0.086241,0.132168,0.112381,0.177239,0.002947,0.357167,0.35747,0.125634,-0.120557,0.197285,0.090581,0.137198,0.205407,-0.019938,0.120325,-0.125025,-0.049914,0.091467,-0.093856,0.056345,-0.036271,0.202316,-0.279413,-0.057892,0.072637,-0.10042,0.108359,-0.020848,0.222659,0.077278,0.156748,-0.053158,0.094662,0.254333,0.307312,-0.137709,0.19972,-0.014605,0.346356,0.038413,-0.026982,0.233827,0.009353,0.202798,0.255606,0.071525,0.198811,0.151717,0.094133,-0.061058,0.083479,0.180909,-0.222045,0.026297,-0.021694,0.09479,0.049627,-0.013971,-0.163849,-0.017835,0.190599,0.364992,0.147896,0.126366,-0.089752,-0.019946,0.088813,0.034151,0.223601,-0.017122,0.102411,0.05009,0.039079,0.132838,0.193731,-0.077624,-0.150474,0.060526,-0.004663,0.095137,0.380076,0.076107,0.098487,-0.097074,-0.023444,0.349125,-0.480567,0.416735,0.164748,0.091127,-0.023375,0.201622,0.173073,0.014758,-0.046014,-0.076867,-0.087518,0.027941,-0.244723,-0.164367,0.036928,0.059844,0.122195,0.021404,-0.097814,-0.137571,0.0808,-0.170786,0.071531,0.087123,0.012717,-0.10193,0.185867,-0.073288,0.092417,-0.117839,#
19,-0.213518,-0.083559,-0.15162,0.067566,-0.19255,-0.063785,-0.048204,0.029411,-0.070803,0.028173,0.086955,-0.323319,0.063667,-0.082049,-0.032933,0.092639,-0.228491,0.145345,-0.033813,1.0,0.086637,0.289749,0.066987,-0.010132,-0.016027,0.038251,0.293419,0.074731,-0.196988,-0.068202,0.133196,0.00954,0.312346,0.208903,0.318709,-0.191147,0.035225,0.117024,-0.118889,0.047755,0.178179,0.191849,-0.038362,-0.1672,0.017056,0.001892,0.051302,0.067001,0.202748,-0.196269,0.186054,-0.069425,-0.219435,-0.100457,-0.255514,0.232285,0.080056,-0.038467,0.160492,-0.105869,-0.004705,-0.182235,0.187271,-0.064424,0.069401,0.027433,0.155171,0.224214,-0.031633,0.150643,0.051102,0.043344,0.038242,0.104896,0.384037,-0.131658,0.2651,0.077768,0.196873,0.142876,0.099842,0.252693,0.08116,-0.279213,0.336291,0.184976,-0.045196,0.30586,0.161207,0.211008,0.048829,-0.024623,-0.223208,0.173972,0.231691,0.259681,0.313741,0.123605,0.128701,0.007215,-0.031503,0.000496,-0.003366,0.206287,0.193651,0.209002,0.039981,0.221113,0.072502,0.004959,0.378422,-0.216981,0.128628,-0.125011,0.101472,0.318496,0.157966,0.036241,0.136238,-0.062077,0.104781,0.007047,0.226387,0.007126,-0.003224,0.256576,0.067996,0.138901,0.158313,0.046376,0.015468,0.140303,0.119325,0.029373,0.212922,0.128253,-0.191876,0.337904,-0.081046,0.263821,0.256499,-0.048588,0.022104,0.13172,-0.04355,0.041852,0.083694,-0.136075,0.172354,0.066003,0.094158,-0.065689,0.21378,0.361883,0.223549,0.455888,0.077261,-0.310899,0.303386,0.227487,-0.03027,0.053098,-0.062492,0.36786,0.02952,-0.046939,0.121335,0.147616,-0.252127,0.325251,-0.215068,-0.225522,0.232715,-0.026368,-0.103997,0.295347,0.253788,0.002486,-0.007128,0.1802,-0.108246,0.015512,-0.311862,-0.178689,-0.144823,0.118767,-0.070749,0.081432,-0.217272,0.052424,-0.016194,-0.163868,-0.132612,-0.32009,-0.064631,-0.113954,-0.091872,0.181408,0.007765,-0.005154,#
20,-0.31215,-0.049994,0.01699,0.128652,-0.108699,0.127977,0.032947,0.026634,-0.197939,0.166174,-0.078419,-0.08216,-0.156326,0.034946,-0.196913,0.077866,-0.33281,0.17209,0.110153,0.086637,1.0,-0.187779,-0.01131,-0.177576,0.096455,0.200194,0.06183,-0.042581,-0.114543,0.176635,0.032683,-0.065092,-0.060108,0.179811,-0.095666,0.018261,-0.10261,-0.154698,0.046476,-0.097778,-0.032142,-0.14277,0.283077,0.061615,0.103696,0.099971,-0.130969,0.053663,0.02933,-0.318424,-0.047929,-0.087523,-0.214956,0.031075,-0.183642,0.099668,0.216196,-0.06006,0.052177,0.007421,0.192886,0.098419,-0.021437,-0.065032,-0.281817,-0.029691,-0.346192,0.280554,0.011415,-0.098791,0.076234,0.003735,-0.14487,0.1587,0.182701,0.057092,0.103421,0.148992,-0.056717,-0.067796,0.14756,-0.113378,0.133662,-0.175208,0.078806,-0.010019,-0.05293,0.208142,0.122006,0.259676,0.135115,0.120449,0.049391,-0.019337,-0.262558,0.099628,0.115536,-0.06221,-0.007784,0.254157,-0.134213,0.057633,0.045914,-0.012897,-0.118083,-0.063002,-0.052769,0.027406,0.168071,-0.405466,0.122886,0.01871,-0.023259,-0.109434,0.209557,0.130289,0.153941,0.173449,-0.074487,-0.007737,0.16396,0.190015,0.196945,0.040953,0.050145,0.027408,0.138527,0.099112,0.08529,0.160442,0.175239,-0.017751,-0.02903,-0.039325,0.090774,0.252487,-0.218498,0.15566,0.095594,0.100886,0.011178,-0.033911,-0.074556,-0.094733,0.231714,0.086093,0.257485,0.141484,0.024595,0.015424,-0.239559,0.146434,0.271573,0.079044,0.058218,0.119953,0.10793,-0.021967,-0.014503,-0.036951,-0.068027,-0.113381,0.185564,0.06877,-0.213721,0.162589,-0.033211,-0.085289,-0.0269,0.169148,-0.166251,-0.080808,-0.038177,0.14599,0.11232,-0.101392,0.079044,0.191375,-0.087254,-0.018023,0.098263,-0.192074,-0.121387,0.193771,0.133294,-0.207322,0.016621,-0.062571,0.047968,0.071369,0.022218,0.121137,-0.120936,-0.335365,-0.013548,0.012903,-0.028389,-0.031977,0.183295,0.023048,#
