0,1.0,0.387191,0.006442,-0.246449,0.240965,0.054798,0.088584,0.119729,0.199894,0.206399,-0.179348,0.081951,0.350199,0.281221,0.072376,-0.170509,0.178432,0.337762,0.080956,-0.274159,-0.129679,0.156808,0.304783,-0.039907,-0.216417,-0.232236,-0.031752,-0.053659,0.222146,0.471253,-0.198826,0.113827,0.064677,-0.110769,-0.06385,0.119881,-0.172982,-0.084036,0.011215,0.026592,-0.043881,0.032968,-0.009221,0.179452,-0.053868,-0.372491,0.217951,0.113511,-0.293008,-0.077848,0.044343,-0.173817,0.023989,-0.195438,-0.087464,-0.107316,-0.001458,-0.058594,-0.003704,0.252923,0.244596,0.015132,-0.106447,-0.031017,0.138764,0.399735,0.018109,0.187771,0.21466,-0.089479,-0.084302,0.030014,-0.261185,-0.207426,-0.287281,0.260925,-0.146456,-0.218399,-0.164355,-0.104776,-0.273766,-0.138568,-0.236344,0.135316,-0.191625,-0.140011,-0.216957,-0.154516,0.028002,-0.304284,-0.342146,-0.299618,-0.26949,0.188069,-0.023852,-0.237444,0.035703,-0.271448,-0.1315,-0.366018,0.107801,-0.37248,-0.084495,-0.015272,-0.316279,-0.046846,-0.224657,-0.033434,-0.430582,-0.015877,0.115419,0.181908,-0.24982,-0.227094,-0.440584,-0.064136,-0.24593,-0.300643,0.156689,-0.413453,-0.362406,-0.330133,-0.287198,-0.182151,-0.238311,-0.048825,-0.179788,-0.033634,-0.071764,-0.255274,-0.157203,-0.155059,-0.167961,0.082835,-0.390277,-0.223374,0.179799,-0.369861,-0.168231,-0.227246,-0.005769,-0.308553,-0.480279,-0.18729,-0.204198,-0.241564,-0.238275,0.290204,-0.305918,-0.299253,-0.285442,-0.366732,-0.035943,-0.267958,-0.385417,-0.365548,0.341267,0.412026,-0.366494,-0.133075,-0.351278,0.025665,-0.034303,-0.353338,-0.140953,0.22225,-0.230904,-0.163203,-0.084268,-0.161125,0.10504,0.151443,-0.392795,-0.239363,0.339891,-0.448979,-0.126449,0.212186,0.337429,-0.433879,0.163732,0.102135,-0.162125,0.014142,0.448335,-0.228439,0.348096,0.121336,-0.162652,0.496326,-0.024042,0.148671,0.351905,0.372433,-0.128179,0.354529,0.155434,-0.402498,-0.110416,0.141495,#
1,0.387191,1.0,0.043443,-0.194119,0.186524,-0.025033,0.366525,0.240104,0.223679,0.341505,-0.153839,-0.171655,0.370724,0.219522,0.368094,-0.130619,-0.071899,0.33291,0.336656,-0.067603,0.09494,0.194783,0.316772,0.019276,-0.292633,-0.102068,0.304856,0.066662,0.316693,0.463655,-0.532613,0.033395,0.213624,0.071125,-0.071914,0.087875,-0.042866,-0.160483,0.01239,-0.132661,-0.248274,0.298357,-0.056764,0.152625,0.067609,-0.393592,0.388626,0.251747,-0.006553,0.262128,0.113255,-0.260646,-0.114597,-0.007555,0.109834,-0.187212,-0.199027,-0.060483,-0.176674,0.06458,0.114935,0.168665,-0.312292,0.264493,0.06569,0.275872,-0.065364,0.421844,0.258235,-0.238187,-0.108074,-0.160696,-0.144233,-0.380296,-0.339977,0.443591,-0.336723,-0.330635,-0.374637,-0.470317,-0.336478,-0.34736,-0.477456,0.085893,-0.460597,-0.128913,-0.346193,-0.12871,-0.247368,-0.240125,-0.163992,-0.322317,-0.526092,0.074464,-0.236052,-0.032194,0.221087,-0.307857,-0.10172,-0.341332,0.01638,-0.417446,-0.559952,-0.179741,-0.581135,-0.201764,-0.605069,-0.141363,-0.627192,-0.20801,0.145648,0.264005,-0.188148,-0.540218,-0.201144,-0.06011,-0.328744,-0.516308,0.013911,-0.502717,-0.412708,-0.226972,-0.372505,-0.411459,-0.025744,-0.108856,-0.370862,-0.052614,-0.203788,-0.305973,-0.328471,-0.471377,-0.322952,0.128063,-0.297583,-0.270279,0.09187,-0.206174,0.117761,-0.384841,-0.32598,0.014858,-0.543795,-0.119811,-0.148643,-0.33012,-0.272824,0.440322,-0.374621,-0.383,-0.232093,-0.426965,-0.117618,-0.192177,-0.406844,-0.197078,0.373625,0.483619,-0.324625,-0.040754,-0.151948,-0.082628,0.169238,-0.038008,-0.187694,0.513,-0.266861,0.055014,-0.214747,-0.043689,-0.057244,-0.005193,-0.202929,-0.438653,0.38649,-0.162758,-0.267336,0.342952,0.427531,-0.393699,0.17143,0.168367,-0.183645,0.058961,0.396209,-0.119751,0.288837,-0.067065,-0.251536,0.547206,-0.051747,0.622298,0.35215,0.249392,-0.236334,0.077558,0.34702,-0.473389,-0.197813,0.14321,#
2,0.006442,0.043443,1.0,0.274498,0.278252,-0.19224,0.01197,-0.063574,-0.067411,-0.114054,-0.035996,0.025231,-0.073396,-0.173289,-0.194048,-0.228056,0.041862,-0.088002,-0.02793,-0.028863,-0.015365,-0.196015,0.134436,-0.181286,-0.151593,-0.183798,0.22084,-0.229614,-0.177959,0.092882,-0.008703,0.100576,-0.197617,-0.01291,-0.06373,-0.053086,0.22959,-0.146114,0.128787,-0.11394,-0.037786,0.071952,-0.071366,0.004535,0.027738,-0.084049,-0.066235,0.408024,-0.009164,-0.028816,-0.144147,0.270061,0.069605,0.088568,-0.101813,-0.086094,-0.196577,-0.087906,-0.25781,-0.148131,-0.065807,-0.234225,-0.093889,-0.033893,-0.121841,0.048997,-0.184263,-0.042373,0.054161,0.310183,0.259947,0.250544,0.075336,0.030196,-0.083546,0.181636,-0.167034,-0.238279,-0.135526,0.083178,0.138887,0.055816,-0.0372,0.19725,0.027525,0.01522,-0.094837,0.119797,-0.034648,-0.047674,-0.17117,-0.115189,-0.053645,0.071202,-0.166736,0.015981,0.244011,-0.036932,0.152722,-0.084411,-0.028251,-0.042559,-0.000643,-0.038505,-0.092513,-0.151627,-0.008871,0.212766,-0.137993,0.267637,0.291234,-0.061626,-0.112223,-0.098557,0.36538,0.004629,-0.13129,-0.211301,0.0249,-0.128709,-0.127755,-0.174647,0.276705,-0.013097,-0.100816,-0.021518,-0.369611,0.045397,0.085887,-0.022598,0.311759,-0.164492,-0.258532,-0.042817,0.01436,-0.016409,0.315653,0.239423,0.173922,0.00577,0.103527,0.341922,-0.007538,-0.223516,-0.002769,0.366225,-0.084377,0.159693,-0.06346,-0.030737,-0.223926,0.059488,0.16423,-0.12743,-0.093866,-0.121332,-0.019554,0.159604,0.155312,-0.128054,0.001372,0.025421,0.212445,-0.015719,0.037164,-0.10762,-0.346212,-0.164196,0.095328,-0.016306,-0.045198,-0.072999,0.075223,0.019528,-0.11079,0.063375,-0.042442,0.073169,-0.06239,-0.001402,0.035026,-0.228608,-0.114743,0.172108,0.029385,0.020432,-0.08161,-0.120416,-0.163149,0.061767,0.344054,0.171755,0.091461,0.087046,0.0477,-0.24836,0.180032,0.03011,0.026543,-0.011089,#
3,-0.246449,-0.194119,0.274498,1.0,-0.049254,-0.225892,-0.305747,-0.359328,-0.294428,-0.032722,0.261192,-0.080122,-0.214156,-0.24846,-0.232026,-0.063317,-0.044232,-0.065394,-0.062341,0.165548,0.129351,-0.244182,-0.171954,-1.3e-05,0.025176,0.096348,-0.10237,-0.064942,-0.116475,-0.179218,0.423522,-0.176809,-0.406039,-0.106899,0.056831,-0.462193,0.06912,0.108477,0.093629,0.108054,0.133828,0.016921,-0.095344,-0.150841,-0.053042,0.215523,-0.22434,-0.130096,0.297417,-0.265668,0.031242,0.486346,0.070415,0.153967,0.010992,0.003194,0.065281,0.024015,-0.098915,0.098428,-0.178787,-0.022844,0.011013,-0.183881,0.075441,-0.25909,0.070359,-0.038884,-0.153441,0.285237,0.118755,0.338072,0.303398,0.333338,0.202971,-0.297386,0.064414,-0.073163,0.309474,0.259989,0.152306,0.46413,0.257446,0.128721,0.232802,-0.007888,0.120247,0.296106,0.086945,0.319083,0.314309,0.213051,0.353985,-0.198856,0.24344,0.264176,0.041985,-0.041067,0.078552,0.372981,0.093835,-0.055498,0.300686,0.037155,0.141594,0.364084,0.148711,0.176717,0.25968,0.299514,-0.090967,-0.09288,0.392881,0.235451,0.09288,0.09568,0.469265,0.187545,0.042549,0.102165,0.320997,0.174703,0.42593,0.139291,0.041633,0.170982,-0.038573,0.064022,0.234549,0.195771,0.501127,0.102024,0.023164,-0.020405,0.227728,0.394929,0.058061,0.310319,0.087993,0.255038,0.370697,0.238947,0.177414,0.058377,0.246249,0.451298,0.243034,-0.266347,0.224849,0.331613,0.183678,0.368703,0.179977,0.147537,0.213076,0.031592,-0.342198,-0.252237,0.294642,0.107294,-0.381802,-0.033764,0.008116,-0.072373,-0.077058,-0.153331,0.022863,-0.068653,0.115539,0.177865,-0.191697,-0.084272,0.178025,0.174043,-0.295185,0.12026,0.183093,-0.088187,-0.371015,0.359694,-0.31728,-0.062155,-0.053112,-0.073402,-0.184013,-0.05843,-0.089296,0.06646,0.306623,-0.331965,0.126912,-0.139971,-0.307604,-0.092529,0.004737,-0.245001,-0.29102,0.175776,-0.050704,-0.102692,#
4,0.240965,0.186524,0.278252,-0.049254,1.0,-0.118391,0.270337,-0.020758,0.002387,0.099869,0.058126,0.119741,0.004107,-0.138354,0.372483,-0.14398,0.193406,0.195931,-0.061777,-0.051832,-0.134543,0.023394,-0.004315,-0.039808,-0.168649,-0.091433,0.03789,-0.071815,0.159668,0.245591,-0.18357,-0.068863,-0.05206,-0.081366,-0.198339,0.092723,-0.165706,-0.324643,0.077478,0.300498,-0.21845,0.011777,-0.148983,-0.055362,-0.173257,-0.093928,0.113989,0.172655,-0.156161,0.104119,0.239627,-0.267908,0.030737,-0.148891,0.175692,-0.257555,-0.440291,0.018106,-0.298694,-0.264896,-0.104045,0.114252,-0.012463,0.208042,0.046997,0.208732,0.074063,-0.018037,0.030553,0.011916,-0.131869,-0.12959,0.031208,-0.135273,-0.19362,0.318994,-0.184742,-0.483981,-0.229593,-0.323976,-0.278225,-0.269324,-0.375038,0.001875,-0.228117,-0.193367,-0.251186,-0.290488,-0.238898,-0.150535,-0.173076,-0.272965,-0.136368,-0.090405,-0.246212,-0.08438,-0.009572,0.000296,-0.019816,-0.023609,-0.031796,-0.306963,-0.168304,-0.070232,-0.259737,-0.275883,-0.285832,-0.098989,-0.23452,0.191053,-0.009243,-0.167096,-0.365668,-0.275044,-0.138873,-0.204934,-0.230972,-0.295766,-0.190959,-0.116786,-0.479692,-0.142508,-0.206234,-0.122928,-0.092911,-0.27209,-0.232549,-0.082432,-0.359094,-0.202042,-0.015665,-0.342531,-0.436419,-0.294952,-0.160674,-0.405665,0.341571,-0.118733,-0.249237,-0.057105,-0.029947,-0.032145,-0.029868,-0.252296,-0.348442,-0.182402,-0.138044,0.173266,-0.296382,-0.212798,-0.259067,-0.192395,-0.2661,-0.165523,-0.430603,-0.249195,0.27007,0.247715,-0.265712,-0.175533,-0.042926,-0.13538,0.135854,-0.073357,-0.412453,0.198495,-0.032761,0.203427,0.061214,-0.085065,0.184259,-0.108448,-0.19974,-0.22161,0.150122,-0.307056,-0.32872,-0.127577,0.18764,-0.093357,0.270619,-0.027611,0.376389,0.196655,0.099784,-0.124882,0.150415,-0.033413,-0.076339,0.147144,0.000402,0.380957,0.101856,0.167614,0.141025,-0.179636,0.032214,-0.23743,-0.427498,0.323649,#
5,0.054798,-0.025033,-0.19224,-0.225892,-0.118391,1.0,0.099002,0.141911,0.179706,0.002058,0.258344,0.047261,-0.046642,0.121771,0.05851,0.018288,0.159478,-0.014082,-0.279853,0.159875,-0.247115,0.174168,0.149184,-0.143832,0.190823,-0.322709,0.0137,0.114015,-0.020022,-0.176953,-0.063949,0.174819,-0.115973,-0.112112,-0.071975,-0.046161,-0.194897,0.123152,-0.084914,-0.223658,-0.07521,0.195648,0.027812,0.371128,0.218993,-0.098463,0.061272,0.082305,0.053089,0.259741,-0.006283,0.068467,0.262427,-0.188675,-0.165234,-0.064753,0.165815,-0.154354,0.137382,0.032083,0.04176,-0.039356,0.017251,0.046795,0.05029,0.004132,-0.18676,-0.029706,-0.090003,0.153907,0.069494,0.005103,-0.035159,-0.114053,-0.096243,0.108259,-0.02251,0.157356,-0.127706,-0.155973,0.154125,-0.09897,-0.006621,-0.210533,-0.031106,0.136073,-0.156977,-0.271449,0.081148,-0.301565,0.002518,0.11008,-0.142006,0.134453,0.084488,0.041353,0.072987,0.030156,-0.067208,-0.251429,-0.161841,0.092954,0.089186,-0.068239,0.149491,-0.047858,0.018985,-0.202389,-0.137519,-0.185789,0.174363,0.284902,-0.091101,-0.283768,-0.169442,-0.273702,-0.244385,0.110274,-0.098704,-0.126983,-0.014786,-0.164739,0.126034,-0.128345,-0.075349,0.146676,0.020741,0.157156,-0.06774,-0.001126,-0.090378,0.040384,0.007926,0.009606,-0.035595,-0.109534,-0.049719,-0.20023,-0.164447,-0.180742,0.015362,-0.246891,-0.285859,0.043907,0.104247,0.016635,-0.262885,-0.035796,0.276956,-0.157718,-0.00475,0.035868,-0.127815,0.145544,-0.051385,0.156581,0.065942,0.090034,-0.213137,0.149996,-0.09825,0.017875,0.045367,0.065717,0.010241,0.056008,0.19499,0.047991,-0.035595,-0.237589,0.089896,0.084756,-0.050959,0.229269,0.079346,0.066066,0.067558,0.133261,0.211709,-0.024921,0.167479,0.256049,-0.017775,-0.001653,-0.199417,-0.117272,0.082104,0.145557,-0.111599,0.137142,0.047228,-0.166344,0.212567,-0.171336,0.032662,0.161475,0.103775,-0.063487,0.016964,0.175134,#
6,0.088584,0.366525,0.01197,-0.305747,0.270337,0.099002,1.0,0.341496,0.481904,0.072147,0.010653,-0.114492,0.295126,-0.009822,0.356392,-0.13654,-0.129373,0.021353,0.05072,0.076229,-0.003556,0.253992,0.160504,-0.091188,-0.061429,-0.163141,0.104426,-0.195095,0.157266,0.186725,-0.476786,-0.072135,0.129488,0.144794,-0.221413,0.038925,0.041422,-0.299943,0.089131,0.094039,-0.055502,0.336385,-0.171723,0.057973,-0.064035,-0.080274,0.217097,0.306981,0.096094,0.105965,0.084144,-0.27346,-0.03501,-0.301237,-0.145533,0.097494,0.138763,0.031243,-0.080457,0.244482,0.050554,0.060417,-0.224158,0.24418,0.239025,0.29941,-0.007783,-0.070039,0.181943,-0.232302,0.106335,-0.190967,-0.046395,-0.368183,-0.471622,0.494871,-0.09452,-0.222524,-0.203198,-0.137192,-0.171218,-0.410246,-0.24888,-0.240003,-0.480642,0.053698,-0.086346,0.020247,-0.366544,-0.253172,-0.349925,-0.294657,-0.423143,0.201751,-0.353637,-0.225594,0.037826,-0.035218,0.003304,-0.08521,-0.085588,-0.003949,-0.018466,0.085862,-0.217521,-0.303943,-0.040722,-0.148113,-0.259198,-0.337796,0.227999,0.318002,-0.361305,-0.466388,0.065393,-0.014659,-0.189326,-0.200512,-0.073882,-0.376745,-0.247608,-0.311071,-0.215815,-0.428699,-0.026254,0.037518,-0.10215,0.267709,-0.311161,-0.014984,-0.375406,-0.535621,-0.337982,-0.142467,-0.13899,-0.243143,0.009825,-0.056414,-0.052268,-0.467473,-0.309655,-0.077123,-0.241468,-0.094793,-0.118719,-0.295295,-0.309587,0.644149,-0.003287,-0.431452,-0.021975,-0.215345,-0.183166,-0.246792,-0.276334,0.123249,0.305389,0.354149,-0.146993,-0.253678,0.367246,0.079373,0.268991,-0.08512,0.05986,0.363295,-0.025881,-0.152665,-0.254377,0.058081,-0.03026,-0.128513,-0.134138,-0.096334,0.176469,-0.074636,-0.161955,0.287442,0.547761,-0.221438,0.221886,0.259859,0.034798,-0.100319,0.318409,-0.037051,0.287597,-0.023063,-0.419499,0.240185,0.183399,0.239257,0.231579,-0.019421,0.084328,0.000892,0.207965,-0.107435,-0.133415,-0.14103,#
7,0.119729,0.240104,-0.063574,-0.359328,-0.020758,0.141911,0.341496,1.0,0.217802,-0.04175,-0.179081,-0.081668,0.122399,0.144949,0.078654,0.005474,-0.016597,-0.02762,-0.116237,-0.027878,-0.039757,0.367228,0.163859,0.260416,-0.161442,-0.027452,0.335694,0.056091,-0.048398,-0.111341,-0.356426,0.278492,0.08386,0.010394,-0.11204,0.025171,0.044338,-0.470341,0.218264,-0.151788,-0.016049,0.214389,-0.007159,0.119007,-0.060951,0.020238,0.176634,0.298858,-0.095067,0.077121,-0.069038,-0.211149,0.16082,-0.084509,-0.273927,-0.011546,0.220483,-0.175103,0.114972,0.146125,0.066692,0.065856,-0.206322,0.296015,0.180441,0.25,-0.164443,0.135855,0.272173,-0.25947,0.151012,0.039653,-0.266117,-0.011274,-0.290247,0.293589,-0.145512,-0.032698,-0.32764,0.00015,-0.014556,-0.208673,0.022322,-0.10862,-0.171581,0.231756,0.054054,-0.027302,-0.070757,-0.292214,-0.174142,-0.201757,-0.185529,0.143562,-0.27264,-0.118228,0.050695,0.017805,-0.095003,-0.289619,-0.022699,-0.084911,0.014022,-0.017339,-0.1517,-0.220863,-0.023111,-0.163736,-0.255606,-0.43437,0.142393,0.071228,-0.341368,-0.131193,0.114097,-0.03225,-0.323247,0.029963,-0.247993,-0.150765,-0.093485,-0.32982,-0.008618,-0.335903,0.084462,-0.087319,-0.080302,-0.08332,-0.145449,-0.064614,-0.4134,-0.232955,0.097105,-0.063392,0.148219,-0.030692,0.187135,-0.094253,0.080594,-0.408176,-0.371108,-0.073599,-0.203829,0.142122,-0.027161,-0.182584,-0.42456,0.295279,-0.120012,-0.121444,-0.154648,-0.097028,-0.204052,-0.168551,0.085532,0.123323,0.253229,0.072494,-0.235851,0.068398,0.213225,0.042613,-0.022466,0.032187,0.182006,0.167835,-0.045692,-0.162838,-0.292412,-0.128725,0.033384,-0.038436,-0.298775,-0.14326,0.130991,-0.014234,-0.035702,0.063139,0.198367,-0.363322,0.107063,0.124355,0.121561,0.017764,-0.028354,0.128893,0.022088,-0.166713,-0.146144,0.195537,0.19449,0.169778,0.200639,-0.196922,0.066158,0.23879,0.092576,-0.261088,-0.203284,0.034842,#
8,0.199894,0.223679,-0.067411,-0.294428,0.002387,0.179706,0.481904,0.217802,1.0,0.191063,-0.048914,-0.095879,0.407447,0.136637,0.203339,-0.263818,-0.240843,0.174473,0.153843,-0.08458,0.132783,0.160279,0.274052,0.042915,0.145354,-0.260987,0.26325,0.057199,0.283797,0.192272,-0.256458,0.059394,0.185017,0.011917,-0.291267,0.08723,0.12719,-0.241765,-0.031634,0.020178,0.167626,0.06025,-0.085172,0.099335,0.146051,-0.308561,0.295582,0.281195,0.032836,0.046649,-0.099202,-0.205803,0.007766,0.01181,-0.23292,-0.086872,0.157732,-0.070194,0.277479,0.092976,0.185369,-0.08623,-0.130205,0.15178,0.132256,0.360837,-0.020204,-0.010186,0.269892,-0.151167,0.192909,-0.066091,-0.081427,-0.097515,-0.226405,0.251097,-0.119,-0.148096,-0.17714,-0.287709,0.044898,-0.38268,-0.166673,-0.275805,-0.257935,0.182118,0.010733,-0.081085,-0.124177,-0.175756,-0.322426,-0.041831,-0.636374,0.444247,-0.150397,-0.053934,0.120537,-0.078767,0.196386,-0.131896,-0.07126,0.091541,0.058757,0.059968,-0.030875,-0.28701,-0.173435,-0.033409,-0.165889,-0.22581,0.365402,0.325753,-0.22624,-0.2839,0.016763,-0.145306,-0.177145,-0.096025,0.118169,-0.207383,-0.170288,-0.309599,0.003687,-0.402558,0.086157,0.154071,-0.078593,0.133664,-0.083266,-0.082232,-0.289062,-0.381904,-0.070479,0.014596,-0.080994,-0.007876,-0.214408,-0.129372,0.16394,-0.189272,-0.215612,-0.110904,-0.284184,-0.198679,-0.150819,-0.038493,-0.25292,0.313816,-0.008044,-0.234739,0.106397,-0.22027,-0.042799,-0.275706,-0.042373,0.096169,0.429534,0.483711,0.032984,-0.126242,0.163123,0.004909,0.149593,-0.066287,0.156115,0.356018,-0.038664,-0.114972,-0.298373,-4.1e-05,-0.253753,0.201783,-0.206262,-0.197894,0.263471,-0.090912,-0.258906,0.241205,0.462012,-0.355008,0.160888,0.187808,-0.154796,-0.09362,0.139699,0.081944,0.353777,0.005185,-0.42534,0.174872,0.208629,-0.018694,0.219703,-0.103455,-0.014134,0.122204,0.245431,-0.113825,0.13003,-0.09842,#
9,0.206399,0.341505,-0.114054,-0.032722,0.099869,0.002058,0.072147,-0.04175,0.191063,1.0,0.02271,-0.253918,0.277725,0.114251,0.229293,-0.081306,-0.293133,0.26097,0.163923,-0.177049,-0.108288,0.186426,0.269491,0.12402,-0.158068,0.051221,0.149269,0.041285,0.045177,0.340268,-0.095018,0.139806,0.11784,0.285085,-0.343577,-0.085544,-0.053625,-0.150382,0.103172,-0.034941,-0.118145,0.13185,0.207019,0.113768,0.029501,-0.330941,0.182142,0.078781,-0.230967,0.121825,-0.031989,-0.056717,0.038004,-0.14863,0.057117,-0.259942,-0.040641,0.099202,-0.150323,-0.073941,0.277209,-0.039345,-0.411593,0.141902,0.010275,0.18236,-0.024731,0.138178,0.069208,-0.183351,-0.100014,-0.250239,-0.058811,-0.245799,-0.022847,0.120865,-0.128043,-0.359746,-0.048555,-0.038956,-0.170158,-0.110267,-0.150969,0.007557,-0.072433,0.040604,-0.285954,-0.267735,-0.16006,-0.113934,-0.118807,-0.144963,-0.328858,-0.003813,-0.060093,-0.027838,-0.013112,0.024453,0.108952,-0.23781,-0.140613,-0.380471,-0.199501,-0.117425,-0.225865,-0.024732,-0.240739,-0.150492,-0.261836,-0.232635,0.089715,0.272747,-0.03798,-0.311493,-0.373483,-0.123225,-0.166673,-0.250709,0.27939,-0.485385,-0.190222,-0.135999,0.033099,-0.282206,-0.220894,0.23763,-0.125669,-0.192172,-0.19499,-0.050135,-0.018079,-0.271457,-0.128312,0.19812,-0.327193,0.037997,0.060882,-0.084935,0.18636,-0.283358,-0.126454,-0.045022,-0.403569,-0.124031,-0.131241,-0.201866,0.105332,0.211085,-0.315946,-0.027257,-0.396372,-0.196953,0.052369,0.002085,-0.137998,-0.091624,0.242952,0.435504,-0.201354,-0.146974,-0.223778,-0.025071,-0.038898,0.01904,-0.126939,0.277625,-0.271026,-0.072966,-0.057788,0.032223,0.033277,0.109044,0.061332,-0.254017,0.331121,-0.237914,-0.051246,0.06987,-0.012376,0.086434,0.030196,0.239239,-0.290405,-0.024267,-0.072954,0.066507,0.165688,-0.276411,-0.137212,0.389642,-0.073812,0.083132,-0.101168,0.108441,0.04185,-0.229484,-0.013062,-0.200189,0.127186,-0.041564,#
10,-0.179348,-0.153839,-0.035996,0.261192,0.058126,0.258344,0.010653,-0.179081,-0.048914,0.02271,1.0,0.029375,-0.445434,-0.198641,0.044373,0.28109,0.13931,-0.130616,-0.069836,-0.125337,-0.141351,0.000537,-0.037207,-0.051297,0.226872,0.087358,-0.0952,0.030423,-0.028272,-0.31666,0.219729,-0.020583,-0.055094,-0.033659,0.204453,-0.003201,-0.053813,0.053972,-0.069632,0.176313,-0.134935,-0.120013,-0.097989,0.223406,0.155274,0.117849,-0.285656,-0.120769,0.173204,0.006724,0.022231,0.163803,0.053259,-0.16721,-0.077084,0.144122,-0.031438,0.1042,-0.077521,0.050475,-0.113547,0.010261,0.083917,-0.178723,0.022344,-0.402857,-0.105596,-0.336168,-0.365797,0.252802,-0.12391,0.035767,0.271432,0.172725,0.060147,0.032424,-0.183546,-0.009858,-0.060043,-0.146119,-0.179337,0.075743,0.217952,-0.239155,0.016508,-0.107647,0.069791,-0.020097,-0.272675,-0.023856,0.008049,-0.095555,0.02098,-0.247691,0.005099,0.160215,-0.163033,0.028303,-0.149667,0.085903,0.036703,0.017851,0.130337,-0.052109,-0.029945,-0.111682,-0.033076,-0.117602,0.180325,0.205999,-0.172889,0.047889,0.10699,-0.17403,-0.055918,-0.127419,0.229426,-0.046666,-0.0038,0.221399,0.194649,0.084016,0.164844,0.065493,-0.091056,-0.067454,-0.12493,0.137144,-0.140006,-0.098787,0.199977,0.084112,-0.13828,-0.081671,0.086016,0.261998,0.028009,-0.066462,-0.10427,-0.039198,-0.07282,-0.015798,0.176838,-0.043961,-0.109118,-0.001921,-0.002201,-0.256015,0.16574,0.2322,0.133524,0.298148,-0.269963,-0.005809,0.078443,-0.106044,-0.349754,-0.151873,-0.073768,0.131122,-0.174333,-0.021372,0.119524,-0.292444,-0.288608,-0.033423,0.023853,0.201288,0.330967,-0.070363,-0.004999,-0.05229,-0.173583,0.125467,-0.17755,0.066963,-0.08754,0.023189,-0.091381,0.268505,0.091649,0.111098,0.082596,0.232407,-0.216613,-0.214359,-0.163394,-0.122363,0.228152,-0.29821,-0.244877,-0.044069,-0.011787,-0.161792,-0.018054,-0.136591,0.134874,0.013086,-0.162021,-0.114174,#
11,0.081951,-0.171655,0.025231,-0.080122,0.119741,0.047261,-0.114492,-0.081668,-0.095879,-0.253918,0.029375,1.0,-0.160561,-0.17123,-0.046688,0.116306,0.016398,-0.020689,-0.370041,0.039155,-0.311303,0.169394,-0.124241,-0.144881,-0.007452,0.05757,-0.112235,-0.131146,-0.0119,-0.002405,-0.092482,0.05638,-0.052669,0.004241,0.225094,0.022459,-0.408,0.092525,-0.205774,0.180019,0.016561,0.045054,-0.140805,-0.33796,-0.094412,0.007384,-0.222321,-0.065214,-0.123941,0.106099,-0.123608,0.021518,-0.117045,-0.0503,0.060096,-0.05273,-0.148001,0.024495,0.024984,-0.012091,-0.109376,0.014997,0.082657,-0.360115,0.163304,-0.206881,-0.136099,-0.166181,-0.15469,0.239861,0.13433,-0.086975,0.099123,0.045978,-0.26562,-0.162544,-0.1861,-0.091832,-0.073345,0.066877,0.223787,-0.105701,-0.067655,-0.208599,0.095401,0.156868,0.062147,-0.044796,0.022653,-0.070977,0.163999,-0.011464,0.00431,-0.066446,-0.007837,0.072255,-0.068061,0.006614,-0.104334,0.062688,-0.02954,0.012398,-0.010213,0.024644,-0.191012,-0.099678,0.216771,0.028491,0.005162,0.238967,-0.153905,-0.036502,-0.263811,0.130345,-0.073832,-0.264425,0.006475,0.186285,-0.167394,0.21485,0.086896,-0.130486,-0.03935,0.204242,-0.076935,0.046201,0.06096,-0.158837,0.041645,0.18098,-0.089426,0.140329,-0.015813,-0.235945,-0.056747,-0.063283,-0.049296,-0.185938,-0.036602,0.034922,0.236833,-0.029697,0.138018,-0.016631,-0.247575,-0.066609,0.03789,-0.213068,-0.116204,0.181337,0.06371,-0.182791,-0.020872,0.093957,-0.090255,0.098035,-0.141753,-0.203669,-0.00848,0.119252,0.057494,-0.223475,-0.103766,-0.091843,-0.1239,-0.127149,0.149443,0.212029,0.207872,-0.097818,0.120057,0.014364,-0.046797,0.205411,0.039508,-0.085985,-0.319441,-0.03855,-0.064888,0.019373,0.077162,-0.176485,0.097039,0.202078,0.145224,-0.067787,0.037614,0.096253,0.050498,-0.205331,-0.158148,-0.020379,0.00818,-0.019732,-0.098696,0.074074,0.123947,-0.053904,0.039555,0.010219,#
12,0.350199,0.370724,-0.073396,-0.214156,0.004107,-0.046642,0.295126,0.122399,0.407447,0.277725,-0.445434,-0.160561,1.0,0.330124,0.182495,-0.36734,-0.215798,0.333836,0.107664,0.134914,0.137272,0.208747,0.408855,-0.045041,-0.235751,-0.202277,0.166439,-0.217013,0.19235,0.24662,-0.378909,0.097325,0.338375,-0.076124,-0.192321,-0.021515,0.135604,-0.045537,-0.046508,-0.380999,0.189255,0.420119,0.107207,-0.018466,0.038595,-0.411516,0.509211,0.26333,-0.182941,-0.005329,0.081689,-0.092911,0.041287,-0.01927,-0.259293,0.055108,0.206924,-0.122486,0.081244,0.090859,0.255444,0.12944,-0.076146,0.036265,0.128796,0.449074,0.057874,0.359247,0.320105,-0.214449,0.213486,0.120835,-0.191694,-0.128068,-0.22027,0.213494,0.118884,-0.13715,-0.039704,-0.137341,0.030657,-0.300708,-0.306029,-0.075745,-0.05375,0.165027,-0.131586,0.206947,0.020067,-0.151333,-0.226447,0.063478,-0.329322,0.32673,-0.153054,0.157995,0.437133,-0.027001,0.090995,-0.304764,0.117004,-0.042194,-0.005421,0.028058,-0.130298,-0.001487,-0.234498,-0.133179,-0.402971,-0.148865,0.380967,0.022803,-0.099276,-0.262919,-0.063335,-0.019944,-0.310512,-0.092923,0.133144,-0.482587,-0.211895,-0.361695,-0.029671,-0.361984,-0.025061,0.284286,-0.239492,0.069952,0.134661,0.194359,-0.239597,-0.173708,-0.151458,0.024095,-0.198148,-0.034224,-0.147954,-0.100712,0.130787,-0.087683,-0.06878,-0.252309,-0.272132,-0.210843,-0.005015,-0.099651,-0.157371,0.304091,-0.093018,-0.147819,-0.197004,-0.394709,0.320856,-0.198861,-0.093062,0.084341,0.541577,0.417862,0.056165,-0.281536,-0.003904,-0.047679,0.02112,0.190482,0.191338,0.341912,0.125938,-0.179374,-0.186274,0.121222,-0.110077,0.088139,-0.003721,-0.160309,0.336607,-0.069252,0.047407,0.114854,0.350877,-0.310845,0.106467,0.007366,-0.272154,-0.386448,0.272086,-0.047309,0.475721,0.03691,-0.536407,0.355945,0.331248,0.076414,-0.040141,-0.006628,-0.04877,0.014154,0.040381,-0.113646,0.202898,-0.038304,#
13,0.281221,0.219522,-0.173289,-0.24846,-0.138354,0.121771,-0.009822,0.144949,0.136637,0.114251,-0.198641,-0.17123,0.330124,1.0,0.211238,-0.096962,-0.356462,0.223924,0.110605,0.100529,0.028724,0.264712,0.54955,0.139071,-0.098757,-0.22714,0.403421,0.183265,0.330799,0.261279,-0.200776,0.181251,0.217537,-0.100574,-0.02453,0.054529,-0.074353,0.042162,0.088964,-0.277699,-0.001535,0.176908,0.284471,0.23102,-0.211473,-0.495646,0.3586,0.114546,-0.142975,0.138865,0.235878,-0.015844,0.008469,-0.040047,-0.139132,-0.08104,0.061677,-0.016918,0.266044,0.122591,0.357025,0.144981,-0.234942,0.166303,0.152582,0.364549,-0.030666,0.47133,0.254795,-0.046239,-0.100546,-0.083989,-0.067659,-0.068635,-0.233978,0.14029,0.112231,0.092908,-0.225514,0.037458,-0.326224,-0.216002,-0.060037,0.191495,-0.065707,-0.021844,0.115926,0.012563,0.08548,-0.240461,-0.230933,-0.116026,-0.185984,0.320197,0.09179,-0.031401,0.095248,-0.045461,-0.075411,-0.32449,-0.204801,-0.07187,-0.091526,-0.131241,-0.04615,-0.000909,-0.059193,-0.431037,-0.178702,-0.006861,0.230024,0.196228,-0.111316,-0.009235,-0.173049,-0.093585,-0.300838,-0.119815,0.106877,-0.165389,-0.071844,-0.306713,-0.044825,-0.18119,-0.076259,0.188977,-0.128573,-0.027678,0.095225,-0.085156,-0.16729,0.093364,-0.306208,0.162021,-0.394713,-0.055476,-0.119534,-0.279339,0.173097,-0.00885,-0.094335,-0.411339,-0.283443,-0.260566,-0.170313,0.005408,-0.158778,0.00928,-0.011835,-0.215155,-0.157219,-0.323164,0.044822,-0.200219,-0.183884,0.066769,0.441176,0.253826,-0.057766,-0.090352,-0.110336,-0.128934,0.005548,0.272171,-0.002577,0.087764,0.104224,0.122383,-0.17011,0.006725,-0.090093,0.132573,-0.030313,-0.354806,0.358754,-0.086463,0.122519,-0.109761,0.424517,-0.302556,0.24605,-0.080963,-0.26409,-0.112682,0.153396,0.070379,0.005931,-0.345662,-0.261123,0.377988,-0.022844,-0.077657,0.137669,0.037762,0.1109,-0.048673,0.320008,-0.125035,0.202041,-0.044959,#
14,0.072376,0.368094,-0.194048,-0.232026,0.372483,0.05851,0.356392,0.078654,0.203339,0.229293,0.044373,-0.046688,0.182495,0.211238,1.0,-0.141362,-0.142663,-0.034023,0.045407,0.094746,0.008362,0.01697,0.175601,0.071783,-0.098145,-0.036816,0.046918,0.323723,0.463753,0.16151,-0.325416,0.081388,0.172556,-0.070915,-0.18682,0.125831,-0.255235,-0.126725,0.174265,0.131071,-0.301856,0.245308,-0.268739,0.188308,0.083643,-0.069858,0.29169,-0.014545,-0.011895,0.399944,0.028989,-0.18692,-0.053041,-0.06936,0.040048,-0.132041,-0.184389,0.006771,-0.123719,0.049605,-0.050815,0.32649,-0.264384,0.270563,0.113233,0.098745,0.063459,0.078466,-0.072939,-0.400185,-0.177337,-0.336316,0.133668,-0.222237,-0.424982,0.198666,-0.012842,-0.333082,-0.312156,-0.317652,-0.339633,-0.342483,-0.312765,-0.060216,-0.463631,-0.032087,-0.185993,-0.23208,-0.456118,-0.302231,-0.105946,-0.251572,-0.301326,-0.000378,-0.165688,-0.106328,-0.033066,-0.067589,-0.08851,-0.25867,0.183861,-0.301939,-0.329437,-0.235481,-0.24499,-0.108541,-0.368399,-0.14683,-0.288229,-0.154575,-0.059394,0.108387,-0.350008,-0.271279,-0.384044,-0.196401,-0.223922,-0.299147,-0.269141,-0.212716,-0.320293,-0.160375,-0.292827,-0.133299,0.124778,-0.290832,-0.233994,-0.125779,-0.410479,-0.224773,-0.258027,-0.359113,-0.33649,0.101952,-0.305226,-0.164375,0.065689,-0.265594,-0.001129,-0.054741,-0.203242,-0.302572,-0.275736,-0.122647,-0.180338,-0.363807,-0.135518,0.094195,-0.231493,-0.227824,-0.248487,-0.289871,-0.196039,0.006913,-0.347523,0.098807,0.334116,0.32758,-0.267484,0.101793,0.023668,-0.138381,0.057034,-0.063156,-0.217187,0.277416,0.051042,0.131302,-0.04468,-0.186912,0.347453,0.025989,-0.032329,-0.415835,0.457682,-0.21535,-0.24495,0.034299,0.324636,-0.151825,0.257429,0.24101,0.282768,0.034406,0.164995,-0.17831,0.051726,-0.10574,-0.181176,0.218315,-0.089542,0.388008,0.098779,0.027329,-0.219089,-0.156001,0.013461,-0.226047,-0.13298,0.236476,#
15,-0.170509,-0.130619,-0.228056,-0.063317,-0.14398,0.018288,-0.13654,0.005474,-0.263818,-0.081306,0.28109,0.116306,-0.36734,-0.096962,-0.141362,1.0,0.056528,-0.250658,0.276663,-0.022627,-0.220339,0.168669,-0.254025,0.021851,0.031492,0.022011,-0.088045,0.0609,0.057205,-0.229216,-0.062382,0.03903,-0.053981,0.066162,0.333182,0.153785,-0.091237,0.176238,-0.168555,0.138542,0.043936,-0.342934,0.04428,0.008283,-0.107626,0.16366,-0.408114,-0.281261,0.079568,0.13075,0.136591,0.109539,-0.121145,0.113227,-0.051204,0.179956,0.081162,-0.095494,0.065667,-0.10829,0.010386,0.016632,0.158154,0.006866,0.075349,-0.356302,-0.177501,-0.120652,0.037037,0.218071,-0.100344,-0.057539,0.239904,0.015773,0.16283,-0.060556,-0.07421,-0.005412,0.124432,0.099998,-0.087215,-0.07896,0.236827,-0.063137,0.195292,0.000387,0.146571,-0.267605,0.007054,0.152958,0.285,-0.181367,0.111622,-0.335932,0.016793,0.093612,-0.067425,-0.141952,-0.325733,-0.008111,0.025014,0.018626,-0.05322,0.013407,0.130284,-0.002187,0.153007,-0.100025,0.005888,-0.072146,-0.248696,-0.088547,0.123581,0.173763,-0.162641,-0.119916,0.136102,0.221131,-0.117609,0.308976,0.123376,0.21923,-0.004406,-0.023842,-0.016476,-0.057095,0.280929,0.061049,0.005011,-0.094709,-0.045902,0.169883,0.048683,-0.073094,-0.083101,0.099611,-0.120475,-0.058579,-0.311912,-0.036395,-0.074602,0.106981,-0.08769,0.271103,-0.170808,-0.034733,-0.094161,-0.331964,-0.109518,-0.10828,0.003952,0.11731,-0.181901,0.196939,-0.002907,0.003795,-0.421655,-0.133833,-0.063549,0.137036,0.011164,-0.014212,-0.174584,-0.081546,-0.358014,-0.208903,0.120179,0.159935,-0.005247,0.152196,-0.0911,0.039147,-0.069825,0.148206,-0.080205,-0.006136,0.021632,0.029526,-0.261273,0.275233,0.112241,-0.035081,0.276642,0.06368,-0.237398,-0.023952,-0.273555,-0.094609,0.174839,-0.273143,-0.332716,-0.2139,-0.093034,-0.010214,0.034352,0.12739,0.135212,0.111021,-0.141697,-0.113203,#
16,0.178432,-0.071899,0.041862,-0.044232,0.193406,0.159478,-0.129373,-0.016597,-0.240843,-0.293133,0.13931,0.016398,-0.215798,-0.356462,-0.142663,0.056528,1.0,-0.127658,-0.166152,-0.299807,-0.13784,-0.206641,-0.326464,-0.14633,-0.09868,-0.040163,-0.334191,-0.061145,-0.254003,-0.145315,0.099655,-0.181637,-0.049297,-0.316625,0.188437,0.169957,-0.052308,-0.020616,-0.119492,0.158698,-0.136633,-0.347002,-0.172202,0.189412,0.157724,0.211157,-0.344837,-0.283858,-0.004724,-0.103404,0.034293,-0.064391,0.014463,-0.035693,0.189436,-0.026412,-0.229471,0.009421,-0.10067,0.069032,-0.207987,-0.111767,0.201427,-0.050346,0.056618,-0.06664,0.083498,-0.127685,-0.129088,-0.003586,-0.215802,0.156846,0.117356,-0.165813,0.009575,0.115573,-0.023956,0.022778,-0.016241,-0.143802,-0.158818,0.081296,-0.090195,-0.045083,0.024703,-0.250643,-0.319486,-0.252775,0.074732,-0.160005,-0.123863,-0.254941,0.111381,-0.439273,-0.046261,-0.331991,-0.088382,-0.111133,-0.31753,0.022376,0.239963,-0.195072,-0.032798,-0.048319,-0.015751,-0.148296,-0.089895,0.146989,-0.133998,0.21306,-0.136547,-0.118685,-0.03416,-0.164547,-0.114161,0.096863,-0.092417,-0.187321,-0.31736,0.227442,-0.300307,0.14143,-0.339253,0.189104,0.11436,-0.23193,-0.085802,-0.063915,-0.192166,-0.108845,-0.135012,0.175968,-0.039649,-0.199301,-0.001086,-0.25787,0.308559,-0.236443,-0.531873,-0.117465,-0.230087,0.187495,0.005808,-0.041323,0.01021,-0.075313,-0.16897,-0.010798,0.013597,-0.003596,-0.017396,0.210877,-0.251784,-0.004145,-0.157284,-0.379951,-0.258068,-0.136587,-0.230175,-0.05277,0.007863,0.005481,-0.033061,-0.329707,-0.176771,-0.052202,-0.065627,-0.107951,0.104506,-0.275816,0.27614,-0.161883,-0.251334,0.156242,-0.191573,-0.094604,-0.146827,0.099971,-0.107492,0.146734,-0.030273,0.092806,0.453526,0.129628,0.0799,-0.01344,0.04722,0.256312,0.406055,0.025765,-0.06641,0.211162,0.234804,0.233633,-0.193947,0.527745,-0.095199,-0.157824,-0.500746,0.201304,#
17,0.337762,0.33291,-0.088002,-0.065394,0.195931,-0.014082,0.021353,-0.02762,0.174473,0.26097,-0.130616,-0.020689,0.333836,0.223924,-0.034023,-0.250658,-0.127658,1.0,0.166832,-0.024137,0.295007,0.132225,0.284464,-0.189752,-0.013059,0.007914,0.045297,0.015679,0.118824,0.244032,-0.183013,0.01297,0.089978,0.007603,-0.022264,-0.043915,-0.005802,-0.216384,0.059052,-0.199868,0.004033,0.209359,0.21156,-0.112967,-0.185363,-0.258468,0.244132,0.247471,-0.023783,-0.151461,0.347083,-0.084123,-0.175627,-0.013692,0.063114,-0.192875,-0.117079,-0.039791,0.038442,-0.025984,0.116058,0.227994,-0.237163,0.007241,0.01872,0.354634,0.119708,0.37794,0.295089,0.211481,-0.003315,0.049076,-0.38439,-0.012767,-0.047824,0.249715,-0.169547,-0.199246,-0.070036,-0.337686,0.011054,-0.166995,-0.242785,-0.041458,-0.107979,0.137073,-0.165819,0.117782,0.15547,-0.033817,0.040454,-0.079707,-0.074,0.308635,-0.12064,0.139833,0.190364,-0.236112,-0.096349,-0.4313,-0.231868,-0.238445,-0.191936,0.091176,-0.260125,-0.10794,-0.192231,-0.333299,-0.378952,-0.035415,0.31269,0.013951,0.105913,-0.148521,0.016338,-0.044298,-0.407598,-0.151485,0.361892,-0.324324,-0.216541,-0.127339,-0.117545,-0.318474,-0.17077,0.188483,0.01342,0.03361,0.07111,-0.131512,0.075515,-0.2109,0.008038,-0.026461,-0.11546,-0.119264,-0.004594,-0.1871,0.264257,-0.062157,-0.060886,-0.037323,-0.150103,-0.231787,-0.15194,0.112846,-0.05847,0.302162,-0.148754,-0.196572,-0.277096,-0.13032,0.174794,-0.238998,-0.24106,-0.105799,0.413257,0.399751,-0.317578,-0.24101,-0.220153,0.028552,0.202996,0.187964,-0.140719,0.553136,-0.082401,-0.080662,-0.140378,0.014773,-0.105377,0.154473,-0.197122,-0.20537,0.034976,-0.255567,0.037782,0.02192,0.307138,-0.20863,0.028641,0.012341,-0.292997,-0.112811,0.106788,-0.17507,0.239182,0.138445,-0.397913,0.309846,0.002242,0.114332,-0.030185,0.100096,-0.007692,-0.081562,0.060854,-0.190422,0.223061,0.096404,#
18,0.080956,0.336656,-0.02793,-0.062341,-0.061777,-0.279853,0.05072,-0.116237,0.153843,0.163923,-0.069836,-0.370041,0.107664,0.110605,0.045407,0.276663,-0.166152,0.166832,1.0,-0.157383,0.334511,-0.266663,-0.004515,0.053552,-0.0766,-0.068146,0.119937,0.093706,0.19653,0.195736,-0.191054,-0.122567,0.229975,-0.006711,0.014139,0.077299,0.108129,0.065676,-0.192984,-0.006365,0.003583,-0.260983,0.043319,0.025301,-0.03351,-0.196296,0.151036,-0.032445,0.204524,-0.029377,0.012994,0.076726,-0.130134,0.117016,0.143543,-0.009631,-0.077791,-0.118678,-0.019682,-0.199611,0.035658,0.162884,-0.035701,0.199722,-0.066601,0.096051,-0.002699,0.000835,0.071611,-0.036684,-0.199951,-0.165061,-0.032756,-0.041008,0.084195,0.104556,-0.177524,-0.041842,0.106604,-0.193647,-0.21847,-0.15369,-0.016428,0.268285,-0.09803,-0.027646,0.000978,-0.040326,-0.07292,0.199416,0.108174,-0.177759,-0.260291,-0.161961,-0.166286,-0.036089,0.003273,-0.175876,-0.069621,-0.05701,-0.049409,-0.11009,-0.254,-0.169085,-0.180169,0.121351,-0.327616,-0.031329,-0.170947,-0.116241,0.121042,-0.079275,0.176725,-0.122778,-0.005203,-0.127778,0.006191,0.059039,0.162471,-0.154748,-0.081411,0.199326,-0.15668,-0.223297,-0.047464,-0.013508,-0.031666,0.026894,0.076776,-0.244466,0.059079,-0.201676,-0.004825,0.148522,-0.133108,0.02629,-0.104098,-0.093307,-0.02399,-0.056008,-0.186006,-0.074402,-0.279763,-0.00152,0.058038,0.072237,0.010769,0.173166,-0.107492,-0.214297,-0.083298,-0.038286,0.136888,0.015701,-0.084604,-0.08166,-0.000487,0.26273,-0.002053,0.123039,-0.100796,0.051548,0.006858,0.079207,-0.162469,0.003657,-0.040991,0.013574,-0.025866,0.09143,-0.191373,0.056209,0.046906,0.020537,0.18404,0.137453,0.0742,0.125155,0.076077,-0.197526,-0.002532,0.038606,-0.006086,-0.190821,0.108305,-0.025342,-0.039235,0.046365,-0.120634,0.110377,-0.020374,-0.0206,0.143099,0.190599,-0.031179,-0.141207,0.128431,-0.066491,-0.116351,-0.146616,#
19,-0.274159,-0.067603,-0.028863,0.165548,-0.051832,0.159875,0.076229,-0.027878,-0.08458,-0.177049,-0.125337,0.039155,0.134914,0.100529,0.094746,-0.022627,-0.299807,-0.024137,-0.157383,1.0,0.064351,0.213066,0.093612,-0.155925,0.081709,-0.140715,0.110817,-0.16637,-0.086656,-0.151507,-0.122193,0.147338,0.073759,-0.027912,-0.027016,-0.27416,-0.03423,0.109238,-0.085235,-0.112915,0.294412,0.48862,-0.083118,-0.220288,-0.005987,0.032949,0.246819,0.331138,0.182949,0.023666,0.15417,0.038107,0.060041,0.093224,-0.143389,0.289941,0.176431,-0.275975,0.161432,0.05367,-0.056665,-0.1178,0.071745,0.143162,0.032904,0.044524,0.195298,0.187352,0.033898,0.110507,0.271853,0.086027,0.15404,0.205353,0.074307,-0.236041,0.300572,0.08918,0.216803,0.040952,0.350709,0.087932,0.070403,-0.222908,0.175079,0.101927,0.151005,0.334706,0.167151,0.066518,0.306804,0.180742,0.202184,0.238494,0.096502,0.275888,0.339465,0.071378,-0.077039,0.107078,0.071463,0.293698,0.053496,0.142034,0.125507,0.266681,0.179589,-0.268763,0.177959,-0.078125,0.291438,-0.249275,0.124071,0.186316,0.125136,0.024978,-0.017925,0.32499,0.011979,0.037613,0.231112,-0.018897,0.349739,-0.093506,0.188817,0.11302,0.003725,0.157015,0.089803,0.345453,0.037675,0.168584,-0.042089,-0.009366,0.180174,0.115683,-0.120766,0.183222,0.037927,0.233377,0.411419,-0.126148,0.02485,0.078418,0.001946,0.09424,-0.060439,-0.108741,0.262898,-0.160172,0.087611,0.038082,0.200813,0.197084,0.175669,0.366638,-0.008801,-0.137723,0.388602,-0.02118,-0.095744,-0.095558,-0.028366,0.335657,0.101886,0.034852,0.330707,0.189187,-0.23268,0.221048,-0.286559,-0.053116,0.253567,0.170277,-0.041624,0.185058,0.300292,-0.257605,-0.115358,0.037345,0.025797,-0.084365,-0.005036,-0.034872,-0.24906,-0.102592,0.050857,0.058416,-0.252917,-0.2236,0.127022,-0.134904,-0.222121,-0.266357,0.097941,-0.306963,-0.099061,0.223403,0.122996,0.016024,#
20,-0.129679,0.09494,-0.015365,0.129351,-0.134543,-0.247115,-0.003556,-0.039757,0.132783,-0.108288,-0.141351,-0.311303,0.137272,0.028724,0.008362,-0.220339,-0.13784,0.295007,0.334511,0.064351,1.0,-0.167335,-0.087016,0.067677,0.193502,0.104714,-0.008986,0.056663,-0.018926,0.066887,0.137908,-0.189689,0.049354,0.09905,0.046297,-0.108228,0.189326,-0.134951,0.043307,-0.078538,0.019527,-0.104818,0.063667,-0.177921,-0.014445,0.136563,0.213279,0.05094,0.098416,-0.059099,0.100763,0.021158,-0.169232,0.328905,-0.020566,0.142815,-0.055916,0.068169,0.074436,-0.080376,0.065944,0.148611,-0.143695,-0.083984,-0.21176,-0.003932,-0.058888,0.084023,-0.004646,-0.129807,-0.155515,0.136363,-0.059397,0.226477,0.238782,-0.133209,0.130996,0.075956,-0.011176,-0.176542,0.092377,0.062166,0.184959,-0.056442,-0.008277,0.011931,0.050909,0.20106,0.252429,0.212704,0.134381,0.044033,0.029774,0.10081,-0.156862,0.015901,0.137042,-0.062588,0.077919,0.094992,0.041487,-0.03093,-0.116937,-0.119375,-0.050434,0.017321,-0.035874,0.091425,-0.008962,-0.093202,0.190466,-0.195207,0.174461,0.025636,0.253075,0.214003,-0.005151,0.173335,0.238083,0.074989,0.170971,0.368707,0.101304,-0.023601,0.226248,0.016434,-0.064448,-0.078669,0.144502,0.089219,0.216302,-0.121539,0.244892,0.019152,0.152071,0.211336,-0.195001,0.148091,0.138181,0.307036,-0.094995,-0.009441,0.198079,-0.053363,0.322779,0.076758,0.158274,0.129584,0.08221,-0.086716,-0.064795,0.135756,0.286595,0.068531,0.130301,0.263868,0.115244,-0.005134,0.184451,0.018122,0.022297,0.035971,0.012661,0.120703,0.173289,0.212124,-0.012786,-0.044992,-0.087134,0.176749,-0.253884,0.234631,0.203983,0.034323,-0.156995,0.076432,0.113015,0.119941,0.066945,-0.057973,-0.064267,0.062341,-0.023412,-0.010846,0.052245,0.023665,-0.075287,0.283323,-0.096742,0.061053,0.099613,0.050053,-0.134724,-0.133101,-0.156076,-0.034679,-0.017018,0.061138,0.246946,-0.025102,#
