0,1.0,0.332204,-0.158164,-0.177279,0.424797,0.240098,0.035877,-0.236857,0.160155,0.275823,0.05861,-0.00843,0.176413,0.370557,0.216883,0.112797,-0.04239,-0.049655,-0.052388,-0.23965,0.000775,-0.212218,-0.07849,-0.29596,0.093995,-0.329531,0.182164,-0.06212,0.184921,0.266194,-0.430618,0.200013,-0.024046,-0.263529,-0.038318,0.081461,-0.012426,-0.236722,-0.101132,0.088246,0.029394,0.08786,-0.319119,-0.128526,0.109775,-0.314053,0.052794,0.025414,-0.050043,-0.119473,-0.044084,-0.185195,-0.007373,0.049914,0.177578,0.090504,-0.21611,0.174347,-0.15876,0.168291,0.136642,0.401719,0.069096,-0.357727,-0.064499,0.071814,-0.015405,0.295274,0.155788,-0.018779,-0.123203,-0.003453,0.140195,-0.158976,-0.070059,0.12586,-0.413431,-0.260555,-0.163414,-0.202495,-0.128585,-0.340606,-0.059656,-0.211633,-0.341977,-0.059,-0.239917,-0.163385,-0.201686,-0.390982,-0.116514,-0.531254,-0.12815,0.01518,-0.208053,-0.036906,0.009001,-0.036473,-0.256102,-0.17425,-0.032408,-0.442313,-0.265485,0.000998,-0.232365,-0.150933,0.014183,-0.193108,-0.094342,-0.250999,0.085109,-0.15742,-0.141738,-0.308512,-0.232821,-0.352311,-0.010523,-0.198107,0.051072,-0.28056,-0.338993,-0.212673,-0.31132,0.070366,0.16849,-0.133782,-0.166671,0.117105,-0.123395,-0.37276,-0.202156,-0.150836,-0.451868,-0.145944,-0.026981,-0.226454,0.022975,-0.213128,-0.03552,-0.356006,-0.248062,-0.389523,-0.225979,-0.255529,-0.22483,-0.199838,-0.22536,0.437997,-0.18547,-0.174999,-0.431202,-0.103054,-0.005997,-0.24309,0.042219,-0.136529,0.043534,0.234841,-0.162157,-0.348423,-0.321065,-0.266516,0.104487,0.056596,-0.199742,0.332968,-0.182411,0.340069,-0.247778,-0.407646,0.065221,0.151798,-0.171042,-0.070843,0.21077,-0.209738,-0.091521,0.126743,0.357054,-0.33998,0.336233,0.235636,-0.045482,0.248288,0.283959,-0.212529,0.23928,-0.22791,0.071124,0.271226,-0.321381,0.09394,0.361966,0.292753,-0.076151,-0.092832,0.030953,-0.286495,-0.000558,-0.061007,#
1,0.332204,1.0,-0.172054,-0.249658,0.259773,0.147542,0.145581,-0.382923,0.158186,0.324371,0.095023,-0.01573,0.112914,0.363775,0.169461,-0.112417,-0.273695,0.196405,0.029826,-0.110756,0.268394,0.216741,0.346056,-0.035939,0.015523,-0.335773,0.397954,-0.121567,0.268202,0.283455,-0.439736,-0.155324,0.106863,-0.4107,-0.067764,0.020511,0.181758,-0.564766,-0.139138,0.154168,0.140838,0.326028,-0.064372,-0.024416,0.055844,-0.05105,0.044888,0.367526,-0.085783,-0.024191,-0.174443,-0.622191,0.064043,-0.367246,0.049165,-0.016429,-0.159866,0.356628,0.042905,0.335475,0.176974,0.244131,0.107078,-0.056162,0.027513,0.345281,-0.199882,0.267461,0.300212,0.019646,-0.311056,-0.137157,0.239636,-0.139192,-0.354859,0.145281,-0.309812,-0.136921,-0.348142,-0.128594,-0.192849,-0.623449,-0.297187,-0.272711,-0.091237,-0.214404,0.033369,-0.478325,-0.056731,-0.206232,-0.360861,-0.274752,-0.279682,0.136836,-0.110839,-0.184733,-0.221482,-0.18408,-0.144212,-0.338825,0.286642,-0.252888,-0.175861,-0.061724,-0.049067,-0.206827,-0.21915,-0.565785,0.019439,-0.220713,0.203827,-0.173185,-0.411605,-0.17919,-0.2223,-0.24461,-0.251118,-0.069751,-0.103039,-0.442819,-0.145742,-0.350622,-0.338383,-0.337759,0.013092,-0.23022,0.122593,0.259034,-0.213365,-0.41996,-0.137056,-0.29912,-0.295748,-0.230423,-0.216641,-0.448233,-0.173119,-0.154357,0.069626,-0.687223,-0.279664,-0.200213,-0.368224,-0.218605,-0.137674,-0.413334,-0.260188,0.457841,-0.146553,-0.033611,-0.363871,-0.394759,-0.173547,-0.280666,-0.163718,-0.084385,0.022267,0.482499,-0.193329,-0.341767,-0.130127,-0.301353,-0.153057,0.167985,-0.130601,0.341819,-0.147486,-0.085186,-0.387763,-0.351364,0.000872,0.218487,-0.324908,-0.190018,0.140445,-0.44116,-0.253062,0.047457,0.42713,-0.248018,0.592567,-0.020301,-0.196128,0.303632,0.356676,-0.41928,0.123323,0.002925,-0.084645,0.494238,-0.348077,0.360994,0.346089,0.19177,-0.001776,-0.241108,-0.081343,-0.374946,-0.154697,-0.109815,#
2,-0.158164,-0.172054,1.0,0.189257,-0.018938,-0.053366,0.013736,0.253232,0.206087,-0.289968,0.002742,0.17302,-0.233876,-0.037259,-0.219262,-0.279912,-0.046513,0.196816,-0.124057,0.079562,-0.142858,-0.116114,0.018916,0.013698,0.380542,0.170469,-0.050782,-0.043021,0.104811,-0.238352,0.115431,0.191146,-0.134984,0.119444,-0.138152,0.076615,0.112066,-0.000528,-0.017031,-0.200632,-0.01758,-0.061573,-0.051478,-0.156495,0.090153,-0.154703,-0.068938,0.028306,-0.062378,0.17465,0.006549,0.269931,0.002895,0.183853,-0.078201,-0.143603,-0.034691,0.021056,-0.088792,-0.04612,0.079027,-0.083709,-0.12974,-0.004095,0.056122,0.031916,-0.014692,0.077742,-0.002541,0.199615,0.194932,0.103207,-0.041551,0.1045,0.19687,0.029574,0.072592,0.088662,0.002193,-0.040517,0.200702,0.124337,0.087422,0.323638,0.173943,0.136224,0.005627,0.155873,0.059886,-0.114192,0.238303,0.197134,0.022971,-0.04718,0.009035,-0.016018,0.318832,0.079851,0.447139,0.120713,-0.072562,0.149265,0.139707,0.308334,-0.125623,0.079775,0.283173,0.34517,-0.002836,0.031782,0.124634,-0.069749,0.086224,0.292168,0.164542,0.212082,-0.180293,-0.026176,-0.003441,0.287126,0.08623,0.023478,0.444329,0.065951,-0.079532,0.115403,0.055913,-0.257652,-0.302588,0.16327,0.008767,0.016339,0.147853,0.048938,0.104972,-0.034804,0.082779,0.214008,0.153651,0.22733,0.10157,0.368971,-0.081034,-0.134925,0.054025,-0.10865,0.215153,-0.093559,0.153373,0.120937,0.258242,0.081368,0.237547,0.182019,0.235857,-0.127394,0.231844,0.012735,0.343045,0.195674,0.267555,0.049846,0.401759,0.086119,0.250188,-0.181281,0.19805,-0.308389,0.175673,-0.028818,0.104543,-0.04267,0.103516,0.152895,-0.300229,0.188248,0.109609,0.108274,-0.207274,-0.077913,-0.284584,-0.028375,0.100395,-0.34275,-0.189059,0.289546,0.07369,-0.174406,0.012798,-0.048416,0.112447,-0.074111,0.007146,-0.058491,-0.129191,0.146846,0.082834,-0.139498,0.019323,-0.033778,#
3,-0.177279,-0.249658,0.189257,1.0,0.038769,-0.140241,0.000424,0.337579,-0.128256,0.088634,-0.095097,-0.061421,0.017132,-0.290289,-0.058232,0.078906,-0.042687,0.116948,-0.320171,0.160151,0.054067,-0.114644,-0.095097,0.029155,0.11898,0.177906,-0.371807,-0.085804,-0.090795,-0.092369,0.439438,0.071769,0.259086,0.297728,0.086153,-0.021174,0.060283,0.214454,0.074875,-0.07663,0.101501,0.008509,-0.030511,-0.332958,0.268909,-0.135134,-0.359161,-0.209297,0.263207,-0.055488,0.184827,0.175894,0.083802,0.259897,-0.097521,-0.145832,0.075119,0.032455,-0.015925,-0.289435,-0.133304,0.041693,-0.016391,-0.017357,-0.143353,-0.051651,0.288271,-0.235304,-0.144427,0.030819,-0.10438,-0.078411,0.174205,0.228992,0.26863,-0.053389,0.139467,0.258302,0.153216,0.043368,0.107771,0.299011,-0.008538,0.145577,0.057124,-0.124953,0.158732,0.002923,0.127557,0.037546,0.01352,0.021481,0.292497,-0.220499,0.002336,-0.046454,-0.138784,0.043299,0.209258,0.294639,-0.119681,0.142791,0.394157,0.429149,0.189014,0.163144,0.004024,-0.003074,0.006683,0.025158,-0.17276,0.0624,0.231494,0.215449,0.137285,0.448487,0.359265,0.063607,0.016603,0.036411,0.155066,0.198654,0.160489,0.224058,-0.04584,0.202726,-0.10585,-0.061399,0.09795,0.236937,-0.098721,0.017408,0.347491,0.167981,0.007842,0.297808,0.066308,0.036308,-0.120367,0.223783,0.07321,0.051604,0.218457,0.076266,0.222118,0.223256,0.10028,-0.090632,0.259689,0.031779,0.049413,-0.006802,-0.041214,0.081802,0.303212,0.284756,-0.224293,-0.071468,0.124593,0.131597,0.297679,0.364175,0.002187,0.081946,0.143379,-0.278268,0.122067,-0.205092,0.242496,0.370415,-0.058696,-0.349794,0.025847,0.044015,-0.227029,0.359558,-0.25755,-0.071306,-0.291741,-0.088132,-0.284051,-0.136181,0.019016,-0.157567,-0.225895,0.17487,-0.359338,-0.073718,0.122826,-0.408476,0.07205,-0.077335,-0.18502,0.148364,0.023521,0.137415,-0.093449,0.260044,0.149235,0.141751,#
4,0.424797,0.259773,-0.018938,0.038769,1.0,0.039315,0.157016,-0.166854,0.110942,0.18664,0.157273,0.097918,0.086197,0.136644,-0.00506,0.202324,0.051273,-0.033141,0.15492,-0.165173,0.184055,-0.232278,0.270487,-0.005158,-0.043371,-0.196497,0.203626,-0.081999,0.350971,0.061183,-0.269105,0.142647,0.024125,-0.127988,0.032682,-0.072009,0.050208,-0.33793,-0.092858,0.046878,0.2419,0.083803,-0.07523,-0.220834,0.20626,-0.046446,-0.09824,0.211816,0.247281,-0.084096,0.10748,-0.30738,0.289657,-0.239238,-0.102639,-0.022132,-0.079059,0.19311,0.006417,0.143375,-0.113734,0.27321,-0.143349,-0.012899,0.110798,0.109353,0.011932,0.174545,0.13264,-0.060215,-0.175204,-0.072786,0.191391,-0.163225,-0.230231,0.16471,-0.255169,-0.171806,-0.277865,-0.131241,-0.208595,-0.287918,-0.269427,0.241349,-0.265742,-0.052381,-0.111496,-0.33717,0.036254,-0.364863,-0.190243,-0.354996,-0.069756,-0.156523,-0.320589,-0.231218,-0.259077,-0.209501,-0.286243,-0.068185,0.163191,-0.33187,-0.255711,0.207643,-0.236417,-0.113777,0.026059,-0.192266,-0.131504,0.09512,0.117951,-0.073095,-0.0262,-0.129492,-0.348656,-0.117375,0.015445,-0.161994,0.155542,-0.299797,-0.184033,-0.381305,-0.283152,-0.267202,0.010603,-0.148319,-0.041381,0.056151,0.059832,-0.502243,-0.099146,-0.106505,-0.10168,-0.048569,-0.192036,-0.060813,-0.097416,-0.212838,-0.206386,-0.339654,-0.381403,-0.154347,-0.431121,-0.071174,-0.160502,-0.01085,-0.080295,0.186174,-0.294921,-0.328648,-0.241209,-0.205676,0.031092,-0.203056,0.17422,-0.240589,-0.089239,0.419525,-0.229843,-0.374537,0.011184,-0.416008,0.144136,-0.085234,-0.248211,0.212876,-0.032648,0.048799,-0.168853,-0.19875,0.143628,0.351225,-0.320411,0.029536,0.269911,-0.207176,-0.244087,0.150439,0.177651,-0.113884,0.366339,0.024447,-0.042487,0.120957,0.020081,-0.127413,0.009286,-0.156277,0.026369,0.051021,-0.182768,0.147186,0.305049,0.267076,-0.289469,0.011818,0.199352,-0.210247,0.018409,0.132737,#
5,0.240098,0.147542,-0.053366,-0.140241,0.039315,1.0,0.208631,-0.227022,0.436958,0.161566,0.284546,-0.020954,-0.049355,0.184038,-0.12471,0.085537,0.090263,-0.020999,0.144742,-0.29652,0.146206,0.115746,0.381993,-0.386058,0.003039,-0.396237,0.032849,-0.109107,0.016954,0.165388,-0.145932,0.119765,-0.188517,-0.082708,-0.182814,-0.029267,0.054566,-0.146941,0.239431,-0.167826,0.099376,0.170374,0.187032,-0.129862,-0.304066,-0.181325,0.211815,-0.111768,0.252017,0.041646,0.075304,-0.055647,0.051572,-0.091518,0.242123,0.504319,-0.386716,0.342274,-0.30471,0.241961,0.265328,0.081532,0.036397,-0.094788,0.042204,0.131052,-0.120086,0.347983,0.037921,0.067565,-0.043359,0.05138,0.114471,-0.340305,-0.385689,0.245724,-0.110796,-0.179681,-0.164227,-0.042203,-0.311401,-0.281293,-0.104165,0.295956,-0.267187,0.008073,-0.166978,-0.159768,0.021203,-0.199481,-0.023239,-0.144056,-0.263154,0.335639,-0.000388,-0.056143,0.1522,-0.126089,0.029611,-0.168387,0.316563,-0.169232,0.070757,-0.215057,-0.106214,-0.392806,0.127902,-0.191402,-0.138592,0.108486,-0.135561,-0.073748,-0.107617,-0.171257,-0.010914,-0.475123,-0.145329,-0.201761,0.134263,-0.178011,-0.118755,-0.013471,-0.240117,-0.274532,0.056451,-0.131557,0.358508,0.345031,-0.276425,-0.270536,-0.074411,0.132518,-0.360649,-0.137724,-0.00645,-0.17651,0.082866,-0.169707,0.141064,-0.385835,-0.155202,-0.161253,-0.189246,-0.067958,-0.122135,-0.318981,-0.218892,0.428276,-0.128131,-0.021915,-0.015417,-0.185168,0.170498,-0.331655,-0.144373,-0.012002,-0.023249,0.058892,-0.105417,-0.138746,-0.221706,-0.086144,-0.091653,0.061097,0.077322,0.207937,-0.183659,-0.191017,-0.31068,-0.230582,0.13521,0.130927,0.24875,-0.130566,0.278048,-0.358832,-0.220871,0.369393,0.118488,-0.034639,0.206144,0.099878,-0.074742,0.17416,-0.086019,-0.083114,0.093031,0.081101,-0.169196,0.367181,-0.175456,-0.006613,0.011739,0.275913,-0.035227,0.230515,0.033784,-0.226939,-0.199175,-0.091602,#
6,0.035877,0.145581,0.013736,0.000424,0.157016,0.208631,1.0,-0.261876,0.114732,0.217809,0.116639,-0.018356,0.129697,-0.0423,0.044885,0.043922,0.08731,-0.021433,0.101217,-0.126541,0.24646,0.243034,0.024492,-0.269047,-0.083139,-0.424368,0.052706,-0.033969,0.178091,-0.101258,-0.202656,-0.171269,-0.055075,0.003971,-0.004063,-0.257327,0.201006,-0.146538,-0.145802,0.094576,-0.057204,0.174549,0.124214,-0.15046,-0.021631,-0.03286,0.013708,0.023376,0.256727,0.240486,0.092636,-0.239248,0.076258,-0.268888,-0.112944,0.119901,0.003224,0.120031,-0.096422,0.363263,0.030131,0.255824,0.060227,0.088908,-0.205028,-0.093529,-0.237858,-0.02217,-0.018112,0.097181,0.163846,-0.257818,0.039433,-0.089271,-0.280888,-0.048011,-0.089303,-0.152309,-0.271218,-0.041747,-0.143445,-0.187852,-0.00072,0.104789,-0.131306,0.233223,0.091124,0.045907,0.105725,-0.240634,-0.045452,0.008883,0.081263,0.189028,0.30928,-0.200967,-0.078248,-0.234893,-0.031139,-0.034274,0.148761,-0.288765,-0.092546,-0.04876,-0.011216,-0.035698,0.061094,-0.016369,-0.231525,-0.075135,-0.117466,-0.206088,-0.250797,-0.091247,-0.090102,-0.173891,-0.165986,-0.317705,0.120152,-0.011384,0.164575,-0.089807,-0.02406,-0.223169,-0.366408,0.258894,0.189533,0.236863,-0.158069,-0.090589,0.088329,0.192047,-0.001492,0.303178,0.098024,0.092563,-0.049361,-0.177876,-0.005744,0.02319,0.019559,0.214848,0.169477,-0.035628,-0.217774,-0.228911,0.086675,0.323709,-0.03431,0.162398,-0.071472,-0.156976,0.138065,0.024061,0.159733,0.09545,0.022345,0.16344,-0.072015,-0.039001,0.099358,-0.141548,0.030066,0.193584,-0.033549,0.003307,0.008433,-0.178301,-0.030069,-0.117452,0.134946,0.034444,0.194041,-0.066336,-0.020757,-0.121355,-0.045576,0.150754,-0.013324,-0.182613,-0.013266,-0.01657,0.303015,0.105622,-0.208281,0.013383,0.089295,-0.172732,-0.136757,-0.090679,-0.211754,0.20119,-0.007524,0.070955,0.195946,0.324759,-0.047372,-0.132465,-0.080527,-0.016081,#
7,-0.236857,-0.382923,0.253232,0.337579,-0.166854,-0.227022,-0.261876,1.0,-0.184891,-0.312652,-0.217131,-0.158495,-0.09193,-0.298183,0.171988,-0.075871,-0.039387,-0.098323,-0.253853,0.289219,-0.205635,-0.062664,-0.199192,0.290134,0.416882,0.32192,-0.102519,0.047472,-0.211588,-0.249443,0.32711,0.190405,0.121193,0.167684,0.112535,0.062328,-0.047213,0.241061,0.188559,-0.142783,-0.056803,-0.150414,0.065794,-0.092303,0.257458,-0.014309,-0.017944,0.12536,-0.053554,-0.340665,0.028183,0.318173,-0.049584,0.143183,-0.15421,-0.162445,0.000431,-0.1848,0.132669,-0.377537,-0.278966,-0.293512,-0.272959,-0.048639,-0.287295,-0.016873,0.315584,-0.188168,-0.153338,0.159343,-0.004436,0.069834,0.173973,0.195692,0.325124,-0.122353,0.379453,0.117545,0.186824,0.075288,0.111664,0.321789,0.093047,0.087613,0.162853,0.060445,-0.020006,0.181002,0.178314,0.045324,0.277711,0.192679,0.114833,-0.400114,-0.014257,0.030908,0.153642,0.170216,0.150139,0.25835,-0.239792,0.2882,0.420699,0.237837,0.190832,0.214499,0.251893,0.310716,0.145034,0.030452,0.060213,0.058267,0.346715,0.25224,0.148569,0.446691,0.26011,0.031125,-0.076968,0.231546,0.215356,0.149816,0.2177,0.263424,0.021321,-0.041595,-0.294506,0.031636,0.034874,0.520817,0.001136,-0.11099,0.106148,-0.039711,0.140598,0.24863,-0.141026,0.135434,0.212924,0.315898,0.111568,0.205261,0.271339,-0.031965,0.24222,0.216701,0.117243,-0.34388,0.11473,0.221928,0.172999,0.335626,-0.10657,0.226832,0.29477,0.155328,0.013265,-0.336618,0.099713,-0.039226,0.262905,0.363814,0.005506,0.043653,0.240526,-0.365819,0.265526,0.001869,0.397237,0.098331,-0.177209,-0.141768,0.0941,-0.004687,-0.232099,0.229876,-0.068514,-0.339634,-0.418582,-0.161074,-0.466464,-0.062769,-0.222668,-0.325141,-0.374961,0.024379,-0.132839,-0.097692,0.161592,-0.379204,0.338604,-0.2576,-0.259711,-0.285755,-0.124522,0.144308,0.067036,0.255301,0.144647,-0.026128,#
8,0.160155,0.158186,0.206087,-0.128256,0.110942,0.436958,0.114732,-0.184891,1.0,0.151742,-0.087038,0.160287,-0.196914,0.329917,-0.109191,-0.008398,-0.14879,0.320137,0.354761,0.065432,-0.150837,-0.166283,0.30953,-0.241568,0.187733,-0.254778,0.087218,-0.080916,0.164894,0.200407,-0.182942,0.036018,-0.23936,-0.055005,-0.055956,0.352932,0.150241,-0.329746,0.1372,-0.138483,0.112631,0.017323,-0.115971,-0.073801,-0.057985,-0.080362,0.305972,0.179045,0.134771,0.058701,0.16981,-0.065123,0.01299,-0.014992,-0.137445,0.084304,-0.033828,0.171022,-0.310117,0.156141,0.197059,0.24461,0.01689,-0.123496,-0.097762,0.188973,0.196876,0.200183,0.150796,-0.007961,-0.018663,-0.00861,-0.189082,-0.052241,-0.284368,0.148353,-0.07915,-0.226134,-0.162949,-0.02552,-0.032859,-0.257043,-0.13949,0.212775,0.05723,-7.2e-05,-0.236057,-0.183693,0.038788,-0.07139,-0.216957,-0.061763,-0.260472,0.199374,-0.171284,-0.122476,0.213421,-0.08603,0.152159,-0.192812,0.131356,-0.04032,-0.243946,0.153788,-0.180704,-0.125399,-0.035987,-0.1212,0.207476,-0.077274,0.126297,-0.197545,-0.065374,-0.153313,-0.161236,-0.262206,-0.060374,-0.207734,0.195092,-0.410048,-0.004236,-0.250666,-0.165614,-0.225941,0.015921,-0.041892,0.106378,0.086248,-0.38669,-0.175699,0.001762,-0.008986,-0.351817,-0.149646,-0.316398,-0.175595,-0.0385,0.023435,0.228335,-0.219169,-0.165853,-0.256166,-0.216053,-0.332528,-0.254418,-0.523319,0.09308,0.353436,-0.209239,-0.106301,0.08913,-0.318674,0.257522,-0.240456,0.08118,0.000833,0.206486,0.319761,-0.050101,0.138703,-0.315154,-0.15125,-0.015055,0.20994,0.148722,-0.147232,-0.058566,-0.185921,-0.196591,-0.119145,0.194885,0.211953,0.117554,-0.226861,0.071233,-0.19979,-0.166186,0.238002,0.246151,-0.001473,0.257438,0.172824,-0.176945,-0.051403,0.091877,0.179697,0.267508,0.01951,-0.295281,0.355821,-0.201641,-0.035885,0.002008,0.195938,-0.384237,0.092116,-0.023247,-0.215195,0.068002,-0.053727,#
9,0.275823,0.324371,-0.289968,0.088634,0.18664,0.161566,0.217809,-0.312652,0.151742,1.0,0.070566,0.060526,0.287866,0.190335,-0.020299,0.362701,0.014798,0.152795,0.16211,-0.279822,0.367943,0.060013,0.155635,-0.285056,-0.160429,-0.25594,-0.082701,-0.148376,0.131379,0.253923,-0.238695,-0.099987,0.118604,-0.096694,0.153711,0.131831,-0.058012,-0.4325,-0.066361,0.20719,-0.069122,0.11313,-0.058469,-0.128329,-0.009704,-0.008529,-0.084434,-0.104017,-0.035811,-0.041743,0.192942,-0.437429,0.061937,-0.034704,0.13678,0.09229,-0.167411,0.291979,-0.178561,0.028195,0.127109,0.247362,0.044004,-0.003389,-0.148917,0.049406,0.010578,-0.009772,0.119063,-0.042604,-0.260731,-0.254344,0.061633,-0.097288,-0.170092,0.084115,-0.353449,-0.006794,-0.339819,-0.184625,-0.245136,-0.155689,-0.184582,-0.139768,-0.1527,-0.25913,-0.041068,-0.164131,-0.10121,-0.032887,-0.39871,-0.303917,-0.078372,-0.015565,-0.010508,-0.16177,-0.251646,-0.022432,-0.401594,-0.115288,0.234999,-0.083103,-0.145005,-0.061901,-0.199912,-0.114208,-0.219274,-0.26979,-0.164604,-0.074713,-0.198732,-0.141404,-0.329625,-0.160783,-0.406977,-0.028959,-0.18673,-0.204876,-0.059335,-0.259891,-0.17634,-0.072692,-0.376704,-0.145491,-0.211545,-0.041287,-0.130702,-0.050914,0.056398,-0.214486,-0.169188,-0.110075,-0.136658,0.085908,-0.282536,-0.060287,-0.14135,-0.366278,-0.105331,-0.318413,-0.314412,-0.311016,-0.131388,-0.18057,-0.284346,-0.195521,-0.126992,0.335186,-0.250149,-0.22731,-0.261413,-0.483168,-0.297059,-0.314415,-0.119477,-0.061193,-0.013387,0.354962,-0.237752,-0.193238,-0.183808,-0.208838,-0.177932,0.160034,-0.2164,-0.00164,-0.208713,0.102596,-0.303505,0.028599,0.224806,0.02125,0.000458,-0.229043,0.235916,-0.198584,-0.206622,0.198745,0.000714,-0.264015,0.278445,0.133558,0.096449,0.317877,0.14643,-0.201417,0.140862,-0.126369,0.097068,0.246432,-0.418416,0.184959,0.193723,0.186041,0.133417,0.099035,0.060542,-0.157025,-0.074345,-0.114833,#
10,0.05861,0.095023,0.002742,-0.095097,0.157273,0.284546,0.116639,-0.217131,-0.087038,0.070566,1.0,0.122116,-0.017022,-0.169736,-0.022004,0.127255,0.400178,-0.202367,-0.079657,-0.284321,0.258122,0.175009,0.126925,0.015168,-0.066809,-0.119669,-0.103447,0.037136,0.140499,0.085398,-0.214148,0.087087,-0.149164,-0.141752,0.337205,0.003318,0.167554,-0.10415,0.015165,0.309134,-0.070755,0.024059,0.00604,-0.082289,-0.102662,-0.078029,-0.175063,-0.168335,0.18525,-0.134427,0.149844,-0.085232,-0.123789,-0.03193,0.460811,0.010255,-0.500252,0.151843,-0.018237,0.228512,0.064603,0.013279,-0.163192,0.164377,0.228177,-0.031037,-0.256398,-0.045703,0.136649,-0.415527,0.002607,-0.058658,0.009835,-0.371355,-0.229621,0.231992,-0.24673,0.161697,-0.290456,-0.304399,-0.183569,-0.222042,-0.081336,0.065687,-0.502566,-0.029496,-0.103332,0.046517,-0.28973,-0.236879,-0.009553,-0.322736,-0.059921,-0.116319,-0.074424,-0.104256,-0.219687,-0.07092,-0.022347,-0.122932,0.138664,-0.111668,-0.193584,-0.306987,-0.213797,-0.122583,-0.121669,0.05472,-0.221659,0.329828,-0.272083,-0.222152,-0.366696,-0.07241,-0.258594,-0.280256,-0.097086,-0.14419,-0.124174,0.12737,-0.41389,-0.023559,-0.171404,0.018236,0.017782,-0.016315,0.245899,-0.069504,-0.168265,-0.252535,-0.057733,-0.052076,-0.235715,-0.062753,-0.011575,-0.149719,-0.222067,-0.238426,-0.140477,-0.21732,-0.397271,0.125771,-0.149433,0.020421,-0.303027,-0.211119,-0.146403,0.091487,-0.02342,-0.258364,-0.085991,-0.116708,-0.183093,-0.264113,-0.253897,-0.254317,0.224556,-0.086426,-0.177559,-0.112266,0.086481,-0.241352,-0.037612,-0.229253,-0.333905,0.113443,-0.126273,-0.100243,-0.362031,-0.189979,0.289178,-0.0,-0.136171,-0.221649,0.265252,-0.366307,-0.324614,0.289779,0.098856,0.286538,0.123573,0.06347,0.211541,0.196721,0.130753,-0.232811,-0.068163,-0.01218,0.416545,0.076332,-0.424573,0.46242,0.128569,0.00236,0.026465,0.061485,0.215918,-0.417615,-0.308728,-0.09483,#
11,-0.00843,-0.01573,0.17302,-0.061421,0.097918,-0.020954,-0.018356,-0.158495,0.160287,0.060526,0.122116,1.0,-0.254774,0.110568,0.117092,0.208656,0.015591,-0.099894,0.041318,-0.191078,0.01348,-0.318464,0.082696,-0.216522,0.096551,0.093855,-0.051805,-0.163179,0.341723,0.294055,-0.156476,0.181676,-0.452187,-0.062551,-0.091951,0.148408,-0.377839,0.065736,0.192172,0.328101,0.039446,-0.222904,-0.093605,-0.051191,0.168148,0.213207,-0.023056,-0.166793,-0.063304,0.224442,0.172965,-0.089471,-0.10393,0.154374,-0.19208,0.105152,-0.147948,-0.19021,-0.252771,-0.170958,-0.137117,0.069163,0.199128,0.024708,0.047081,-0.144085,0.175218,0.029868,0.025805,-0.125496,0.183652,0.107525,0.014229,0.058256,-0.098603,0.110956,-0.278266,-0.149223,-0.066747,-0.23965,-0.049844,-0.082896,0.083637,0.204498,0.110989,0.010359,-0.274658,-0.298485,0.014553,-0.337107,-0.06153,-0.035561,-0.028463,-0.194447,-0.238898,-0.09128,-0.162953,-0.262909,-0.175492,0.031887,-0.020329,0.124317,-0.143371,0.050921,-0.315083,-0.009895,-0.172885,-0.117906,-0.03156,0.029376,-0.348967,0.157212,-0.221905,0.179124,-0.249877,0.019798,0.051725,-0.139368,0.017329,-0.14356,-0.253467,-0.105569,-0.220586,-0.051644,0.268509,-0.090596,-0.184771,-0.255755,-0.21297,-0.316914,-0.061058,-0.320167,-0.078733,0.061654,-0.185502,-0.101975,0.157357,-0.072659,0.002359,-0.103711,-0.159083,0.035986,-0.123439,-0.096088,-0.247425,-0.292874,0.346882,0.14224,0.015528,-0.181727,0.06698,-0.155283,-0.101631,-0.123039,-0.240824,-0.111442,0.030001,0.042827,-0.050876,-0.003983,-0.106297,-0.013755,-0.028605,-0.25508,0.013482,-0.223542,-0.226165,0.009685,0.091237,-0.049824,0.08737,-0.138113,-0.149017,-0.402633,0.202476,0.037429,-0.156156,0.028866,0.004112,-0.171931,-0.046258,0.133109,0.030673,0.117085,0.266435,0.084745,0.205244,-0.170568,-0.037656,0.05394,-0.232309,0.171053,0.131973,0.154038,-0.150555,0.042927,0.143098,-0.19351,-0.038933,0.361277,#
12,0.176413,0.112914,-0.233876,0.017132,0.086197,-0.049355,0.129697,-0.09193,-0.196914,0.287866,-0.017022,-0.254774,1.0,0.113387,-0.000755,0.140376,-0.064323,-0.057763,0.127343,0.059418,0.282936,0.165504,0.001453,-0.010993,-0.109311,-0.163482,0.025138,-0.049025,0.092195,0.021584,-0.080302,0.178398,0.020026,-0.041728,-0.200705,-0.327689,-0.004929,-0.177039,-0.051283,-0.146994,-0.067702,0.369798,-0.046715,0.098012,0.150377,-0.176645,-0.094264,-0.031564,-0.045609,-0.219014,0.042915,-0.045884,0.093798,-0.197135,0.090334,0.012233,-0.127658,0.130489,-0.06541,0.019677,0.007381,-0.031998,-0.101779,-0.17785,0.081295,0.26327,-0.071552,0.092239,0.176252,-0.086027,-0.1282,-0.024221,-0.057056,-0.053711,-0.086483,-0.096545,-0.075775,-0.161745,-0.06919,-0.153559,-0.100435,-0.257928,0.109496,-0.054218,-0.016296,-0.233873,0.117322,-0.07362,-0.172863,-0.119368,0.093703,-0.307183,-0.138546,0.140728,0.185092,0.100664,-0.053751,0.029085,-0.273535,-0.118223,0.174676,-0.130455,0.007604,-0.126772,0.029167,-0.121377,-0.072421,-0.00794,-0.314537,-0.202697,0.281116,-0.196209,0.018924,-0.068918,0.020381,-0.114659,0.093419,0.103381,-0.197877,0.020203,-0.002632,-0.141863,-0.352592,-0.068947,-0.226991,0.141778,-0.278274,0.068747,0.131725,-0.094881,-0.244431,0.110311,-0.033436,-0.013823,-0.029567,0.013546,-0.196133,-0.252069,-0.023518,-0.111224,-0.062368,0.190516,0.019974,-0.050696,-0.01228,0.206914,-0.166901,0.266875,-0.289284,-0.082415,-0.17164,-0.118076,-0.103505,-0.169295,-0.256149,-0.10428,0.175184,0.076731,-0.114032,-0.1009,0.009588,-0.092491,0.019094,0.024553,-0.242177,0.087764,0.135085,-0.089858,0.027175,-0.046017,-0.00149,0.242694,0.204245,0.162734,0.237089,-0.086964,-0.023592,-0.060143,0.055596,-0.020544,0.334151,-0.035681,0.198257,0.13842,0.036613,-0.057756,0.140865,0.052576,0.11793,0.063977,0.003764,0.078668,0.050482,0.012726,0.012113,0.034586,0.094335,0.036483,-0.062053,0.005869,#
13,0.370557,0.363775,-0.037259,-0.290289,0.136644,0.184038,-0.0423,-0.298183,0.329917,0.190335,-0.169736,0.110568,0.113387,1.0,0.14725,0.082076,-0.027125,0.090322,0.107044,-0.05974,-0.157113,-0.044743,0.218103,-0.298254,-0.041868,-0.104529,0.151627,-0.305736,0.149266,0.278519,-0.433271,0.05323,-0.22671,-0.101383,-0.182206,0.105112,-0.111854,-0.087279,0.091182,-0.203687,-0.06839,0.110823,-0.243165,0.175671,-0.033355,-0.249795,0.312658,0.165192,-0.188329,0.1953,-0.165301,-0.177508,0.061319,-0.084494,-0.203947,0.132176,0.027533,0.246858,-0.049308,0.173682,0.17251,0.218868,0.004097,-0.1259,-0.025629,0.234474,0.010489,0.290981,0.316776,0.100705,-0.022073,0.06065,-0.097159,0.126314,-0.115244,0.146358,-0.134033,-0.28325,-0.319583,0.055228,-9.1e-05,-0.351242,-0.123136,0.044899,0.129517,0.096592,-0.307077,-0.333307,-0.129242,-0.222323,-0.16653,-0.136748,-0.219949,0.316246,-0.245684,0.064603,0.18581,-0.068661,0.023238,-0.25245,0.302542,-0.196048,-0.323969,-0.073871,-0.019573,-0.327351,-0.067163,-0.310334,0.078639,-0.088263,0.229318,0.12348,-0.073591,-0.024999,0.00736,-0.158621,-0.293085,0.002808,0.032779,-0.396584,-0.133574,-0.293742,-0.193736,-0.272081,-0.011296,-0.117491,-0.200709,0.090615,-0.11084,-0.299569,-0.124989,0.062551,-0.420966,-0.256749,-0.143879,-0.299756,-0.053566,-0.100471,0.114866,-0.164259,-0.193304,-0.29772,-0.281462,-0.309015,-0.046327,-0.3012,-0.103519,0.375708,-0.253698,0.037823,-0.207631,-0.313566,0.122341,-0.179441,-0.096816,-0.038315,0.29038,0.349739,0.110616,-0.077379,-0.311222,-0.282379,0.310157,0.384411,0.069131,0.355657,-0.023667,-0.037796,-0.167588,-0.17456,-0.071476,0.187425,-0.039872,0.021532,0.089944,-0.130949,0.055425,0.008812,0.253493,-0.058429,0.593501,-0.050539,-0.100546,0.198773,0.245938,-0.131958,0.439169,0.006724,-0.354757,0.3165,-0.038388,-0.183984,0.170125,0.253839,-0.117635,-0.280867,-0.290166,-0.188295,-0.055406,-0.104975,#
14,0.216883,0.169461,-0.219262,-0.058232,-0.00506,-0.12471,0.044885,0.171988,-0.109191,-0.020299,-0.022004,0.117092,-0.000755,0.14725,1.0,0.083485,0.15067,-0.217088,-0.20774,-0.076035,-0.266104,-0.09145,-0.13422,-0.148905,-0.015248,-0.005873,0.164411,-0.03686,-0.078655,-0.009242,-0.266946,0.165223,-0.11677,-0.193146,0.076012,-0.074801,-0.080056,0.161209,-0.005751,0.235394,-0.067984,-0.086396,-0.318861,-0.029455,0.330279,-0.344959,0.258593,0.003864,-0.077244,-0.089289,-0.130767,-0.006753,-0.191739,-0.161224,-0.140238,0.220399,-0.06853,-0.069347,0.14535,0.039923,-0.226371,0.421061,-0.019791,-0.033459,-0.235417,-0.024552,0.000723,-0.157642,0.179806,-0.177967,0.276567,0.186227,-0.126927,0.116682,0.276565,0.120401,-0.176295,-0.096115,-0.292679,0.103281,-0.045206,-0.211586,-0.007785,-0.038505,-0.064981,0.031265,-0.160897,-0.092894,-0.007815,-0.082258,0.09094,-0.035394,0.020251,0.052722,-0.037031,-0.062905,0.089013,-0.168703,-0.239006,-0.097555,-0.143488,-0.105591,0.090513,0.045592,0.049208,-0.080541,-0.038993,-0.17972,0.185601,-0.08947,-0.022766,0.02947,-0.175743,0.153355,-0.292512,-0.037965,0.079833,-0.029298,0.0043,-0.158933,-0.057149,0.049067,-0.145059,0.038261,0.205138,0.012135,-0.269721,0.124041,-0.01054,-0.112514,-0.076803,-0.269354,-0.135364,-0.225524,-0.071938,-0.207365,-0.155891,-0.198985,-0.041544,0.13237,-0.127873,-0.0839,0.066532,-0.24116,-0.124519,-0.100044,0.209211,0.038972,0.015552,0.215967,-0.070322,0.151897,-0.226301,-0.079211,-0.06687,-0.001273,0.148991,-0.067496,-0.239158,-0.165011,-0.315665,-0.01786,0.093434,-0.076423,-0.045613,-0.058815,-0.105141,0.1202,0.018036,-0.48265,-0.105356,-0.159113,-0.078468,-0.163937,-0.073158,0.056353,-0.227879,-0.174999,-0.00495,-0.050001,0.026889,0.038849,-0.030904,0.142133,0.031491,-0.062091,0.341898,0.03335,-0.007908,-0.11292,-0.018033,0.096373,-0.007579,0.040903,-0.095289,-0.095503,-0.165512,0.135068,-0.035097,0.202633,#
15,0.112797,-0.112417,-0.279912,0.078906,0.202324,0.085537,0.043922,-0.075871,-0.008398,0.362701,0.127255,0.208656,0.140376,0.082076,0.083485,1.0,0.065066,-0.12077,0.059662,-0.260536,0.128708,-0.194581,0.027835,-0.266903,-0.267685,-0.265195,-0.109676,-0.173261,0.178694,0.269512,-0.155123,0.195716,-0.11629,-0.123245,0.209893,-0.073939,-0.142135,-0.113794,0.38343,0.285292,-0.13352,-0.086385,0.032346,-0.004483,0.060145,0.076924,-0.179105,-0.209872,-0.031598,-0.155585,0.330509,-0.097488,0.169416,-0.006339,-0.049537,0.178227,-0.083124,0.055634,-0.162113,0.007421,-0.068389,0.119045,-0.127905,-0.098968,0.035437,-0.201057,0.259773,0.056661,0.161337,-0.357967,-0.001357,0.051253,-0.079969,0.070595,-0.017263,0.194631,-0.183099,-0.188053,-0.141418,-0.051697,-0.121336,-0.009411,0.139952,0.168202,-0.046238,-0.066573,-0.04158,-0.019305,-0.213426,0.027965,0.048246,-0.383587,0.024746,-0.097056,-0.245313,-0.149694,-0.110486,-0.030346,-0.335042,-0.04716,0.086451,-0.004491,-0.109817,0.153721,0.063559,-0.184423,-0.19005,0.114705,-0.160041,0.273286,-0.398474,0.229945,-0.065499,-0.119642,-0.264455,-0.146527,0.095599,0.076825,-0.163213,-0.153578,-0.312131,0.049921,-0.157098,-0.042808,-0.023878,-0.003856,-0.145922,-0.016956,-0.104567,-0.255196,-0.158369,-0.256642,-0.074179,-0.121059,-0.267168,-0.012809,0.047091,-0.270999,-0.151848,-0.126287,-0.338782,0.003452,-0.022747,-0.08742,-0.127057,0.016741,-0.034462,0.058992,-0.269822,-0.224165,0.037635,-0.328955,-0.185988,-0.472034,-0.20774,-0.017864,-0.246507,0.061351,-0.282533,-0.255043,-0.285718,-0.162724,-0.03425,-0.140285,-0.108903,-0.178079,-0.45212,0.132356,0.006804,-0.002949,-0.001937,-0.103454,-0.178957,-0.041906,0.347657,-0.086627,-0.271504,0.214889,0.021084,0.042379,0.064215,-0.212065,0.043113,0.439777,0.024936,-0.170839,0.135133,-0.195501,0.115195,0.008935,-0.241412,0.164214,0.295909,0.265374,0.060456,0.049482,0.060414,-0.131621,-0.030861,-0.121287,#
16,-0.04239,-0.273695,-0.046513,-0.042687,0.051273,0.090263,0.08731,-0.039387,-0.14879,0.014798,0.400178,0.015591,-0.064323,-0.027125,0.15067,0.065066,1.0,-0.271943,-0.106905,-0.059147,-0.013589,0.02146,-0.141226,-0.126302,-0.12997,0.146624,-0.280535,-0.013909,-0.06192,-0.127704,-0.079585,-0.034734,-0.165995,0.011201,0.196659,0.122928,0.066979,0.09631,0.075184,0.042436,-0.284843,-0.075112,-0.169152,-0.179529,0.069885,0.019124,-0.075328,-0.373097,0.18418,0.112353,0.092377,0.077311,-0.202271,-0.0008,0.312599,0.206425,-0.002535,0.069337,0.216289,0.113133,-0.018692,0.035272,0.010893,0.149877,-0.080006,-0.299321,-0.190687,-0.271563,-0.018552,-0.252296,0.281798,-0.065465,-0.263714,-0.167978,-0.002149,0.161048,-0.159505,0.185325,-0.282687,0.033434,-0.051657,0.191741,0.014949,0.226587,-0.266811,0.084229,0.018377,0.065922,-0.035015,-0.05519,0.054522,0.081613,0.170049,0.008224,0.03965,-0.153281,-0.021494,-0.22234,-0.009331,-0.176798,0.044717,0.021733,-0.115031,-0.241215,-0.242455,0.018399,-0.058771,0.003198,-0.117842,0.175609,-0.292287,-0.165217,-0.063435,-0.03908,-0.235122,-0.000954,-0.125667,-0.202182,0.203255,0.07052,-0.147318,0.262971,0.055922,0.149569,0.054787,0.002625,-0.079955,-0.034413,0.095669,-0.111403,0.182663,0.207488,-0.124104,0.198069,-0.050701,-0.130935,-0.165154,-0.133533,-0.199458,0.11359,-0.1538,0.081205,0.223738,0.105059,-0.261906,-0.006119,0.118689,-0.192809,0.208944,0.036555,-0.033509,0.03494,-0.121573,-0.055932,0.026526,-0.217463,0.200521,-0.030273,-0.174663,0.085146,0.110186,-0.078203,0.079187,-0.122589,-0.219465,0.044144,0.274045,0.078352,-0.063823,-0.039243,0.321852,-0.120733,0.020667,0.19964,0.105358,-0.149582,-0.101741,0.109697,-0.032933,0.153566,-0.037827,0.033918,0.168353,0.107684,-0.086695,-0.086847,0.105742,0.018878,0.254746,-0.222474,-0.048733,0.167634,-0.030502,-0.218981,0.146793,0.096969,0.179413,-0.052957,-0.155064,0.111106,#
17,-0.049655,0.196405,0.196816,0.116948,-0.033141,-0.020999,-0.021433,-0.098323,0.320137,0.152795,-0.202367,-0.099894,-0.057763,0.090322,-0.217088,-0.12077,-0.271943,1.0,0.210859,0.066862,0.137277,0.025526,0.081676,0.080718,0.112039,-0.049823,-0.090349,0.069857,0.109461,-0.00676,0.148048,-0.078114,0.212421,0.215519,-0.056913,0.155548,-0.022994,-0.144929,-0.188353,-0.141338,0.029852,-0.084148,0.023165,0.154977,-0.019813,-0.061251,0.032368,0.164616,-0.11152,0.018358,0.285912,-0.078225,0.214353,-0.11742,-0.190266,-0.054325,0.354709,0.242302,0.055745,0.004488,0.147371,-0.087869,0.142148,-0.171508,-0.025178,0.132205,0.175137,-0.015979,-0.053499,0.051405,-0.170632,-0.240595,-0.04285,-0.033186,0.125255,-0.184475,0.024805,0.005427,0.029812,0.248021,0.173642,0.130995,-0.113811,-0.149532,0.413155,-0.186477,0.133596,0.024035,0.141168,0.132897,-0.143304,0.109144,-0.021831,0.213027,0.001991,-0.26626,-0.01526,0.191314,0.309819,0.144558,0.219929,0.147002,0.128273,0.177975,0.027458,0.16618,-0.16276,-0.051466,0.079892,-0.092208,0.187575,0.021614,0.181186,0.255029,0.090277,0.062856,0.022807,0.208074,-0.05534,-0.067227,0.280515,0.076586,-0.04963,-0.08037,0.174232,0.023127,0.300346,0.11092,-0.217083,0.228101,0.231318,0.022262,-0.159618,0.074614,-0.155472,0.216679,-0.161081,0.218768,0.100335,-0.101586,0.147051,0.073654,0.031704,-0.111778,0.169539,-0.269543,-0.154749,0.05266,0.060135,-0.013987,0.073459,-0.254728,0.199611,-0.037055,0.117678,0.038449,-0.02584,0.262968,0.079319,0.308153,0.074403,0.022958,-0.149425,0.366393,0.209137,-0.100165,0.040404,-0.110541,0.008181,0.263359,0.004679,0.025324,0.115339,-0.078173,-0.173866,0.227196,0.030904,0.173239,-0.044033,-0.145008,0.136828,0.136698,-0.155527,-0.252219,-0.099121,0.02308,-0.050616,0.130225,-0.229783,0.329995,0.131287,-0.137335,0.05441,-0.084939,0.009875,-0.059627,-0.074843,0.092847,0.291768,-0.270966,#
18,-0.052388,0.029826,-0.124057,-0.320171,0.15492,0.144742,0.101217,-0.253853,0.354761,0.16211,-0.079657,0.041318,0.127343,0.107044,-0.20774,0.059662,-0.106905,0.210859,1.0,-0.095813,0.229005,0.090487,0.375104,0.059976,0.056564,-0.247399,0.177881,0.2208,-0.133841,0.192251,-0.048271,-0.235869,-0.145187,0.159681,-0.201441,0.102634,-0.148162,-0.32669,-0.055074,-0.115502,-0.028913,-0.073754,0.156435,0.248417,-0.273789,-0.047103,0.048388,0.177677,-0.136863,-0.010767,0.326589,0.013989,0.271427,-0.213171,-0.085346,0.101536,0.021265,-0.061132,-0.100149,0.235297,-0.146018,0.029538,-0.053139,-0.057694,0.056971,0.234307,-0.099264,0.081629,0.021944,0.115143,0.074007,-0.150569,-0.157988,0.136052,-0.124854,0.120577,-0.138858,-0.376028,0.019391,-0.029448,-0.161116,-0.142163,-0.310712,0.176428,0.040842,-0.127426,-0.149054,-0.030355,0.027484,0.063206,-0.15714,-0.058327,-0.073436,0.202791,0.025518,-0.155297,0.001095,-0.06303,-0.19544,-0.058273,0.204477,0.085331,-0.163784,0.082121,-0.057478,-0.184211,-0.054883,-0.012,0.022619,0.054087,0.134577,-0.13299,-0.019985,-0.14369,-0.25783,-0.248655,-0.01341,-0.009722,0.19015,-0.217669,-0.088829,-0.317032,-0.315004,-0.405526,-0.088788,-0.272326,0.175646,-0.059488,-0.063749,-0.13493,0.023388,0.077735,-0.05428,0.122955,-0.273275,0.009473,0.006212,-0.124759,-0.145151,-0.223154,-0.079806,0.047757,-0.333584,-0.273542,-0.167076,-0.179516,-0.162524,0.234235,-0.288641,-0.114859,0.138564,-0.346324,0.292835,-0.153061,-0.242914,-0.144657,-0.082321,0.296345,0.070371,0.195733,-0.040506,-0.269907,-0.092827,0.175883,0.008091,0.0027,0.10975,-0.082606,-0.118073,0.078685,0.189982,0.423996,0.079022,-0.190998,0.239956,-0.280092,0.16722,0.168642,0.145078,0.038446,0.333864,-0.020091,0.029091,0.116941,0.011003,0.15656,0.21415,0.116214,-0.335121,0.268605,0.008031,-0.122096,-0.181754,0.005899,-0.223051,0.233641,0.177026,0.03731,0.273551,0.000383,#
19,-0.23965,-0.110756,0.079562,0.160151,-0.165173,-0.29652,-0.126541,0.289219,0.065432,-0.279822,-0.284321,-0.191078,0.059418,-0.05974,-0.076035,-0.260536,-0.059147,0.066862,-0.095813,1.0,-0.260872,-0.073361,-0.140461,0.455297,0.190265,0.177302,0.083597,-0.009324,-0.201728,-0.070979,0.170576,-0.050954,0.011559,0.4139,-0.173299,-0.00664,0.212839,0.123869,-0.049781,-0.196217,-0.028726,-0.118134,0.060877,-0.057779,0.124604,0.126944,0.103858,0.129186,-0.139616,0.032997,-0.093191,0.289552,-0.057437,-0.108939,-0.433011,-0.132961,0.209845,-0.231499,0.18164,-0.215383,-0.065205,-0.133855,0.053695,0.100204,-0.150235,-0.046473,0.253879,-0.10627,-0.114417,0.182874,0.097414,-0.018596,-0.036907,0.127417,-0.003851,-0.130802,0.659276,0.228371,0.355148,0.23592,0.513722,0.18466,0.305091,-0.183213,0.283786,0.235912,0.028737,0.024709,0.237829,0.222669,0.048765,0.342182,0.382284,-0.038497,-0.191394,0.188391,0.170866,0.174133,0.188116,0.090021,-0.190173,0.356094,0.081218,0.132559,0.206725,0.261903,0.173325,0.1114,0.232146,-0.208347,0.341233,-0.002005,0.479995,0.299697,0.201038,0.104707,0.257958,0.141797,0.002555,0.053756,0.398569,0.008263,0.305627,0.082155,0.019734,0.28734,-0.040039,-0.000112,0.155259,0.458126,-0.008419,0.193043,0.247026,-0.039212,0.06992,0.116805,-0.173098,0.112551,0.112464,0.197625,0.220123,0.07529,0.336414,0.118244,0.230769,0.235972,0.138485,-0.257208,0.203054,0.371328,-0.000459,0.241286,0.155759,0.221846,0.398805,0.385843,0.155781,-0.128904,0.217033,0.285936,0.20619,0.317915,0.115502,0.156674,0.316146,-0.09155,0.424892,0.071993,0.080791,0.172237,-0.212126,0.148543,0.149141,0.120129,-0.294798,0.138772,0.028501,-0.350294,-0.274217,-0.009524,-0.178064,-0.110125,-0.098409,-0.395202,-0.101453,0.24268,-0.157335,0.219443,-0.143327,-0.365258,0.338032,-0.244807,-0.264752,-0.317327,-0.068949,-0.216679,-0.094189,0.217059,-0.004083,-0.099782,#
20,0.000775,0.268394,-0.142858,0.054067,0.184055,0.146206,0.24646,-0.205635,-0.150837,0.367943,0.258122,0.01348,0.282936,-0.157113,-0.266104,0.128708,-0.013589,0.137277,0.229005,-0.260872,1.0,0.427729,0.118048,0.01854,-0.026664,-0.11513,-0.069377,0.046628,0.39808,0.242038,-0.027915,-0.165027,0.172067,-0.023448,0.031649,-0.071269,-0.112011,-0.412896,-0.112494,0.161889,0.218029,0.133701,0.15281,0.087621,-0.025914,-4.9e-05,-0.477485,-0.152075,-0.159734,-0.156651,0.206667,-0.189525,0.019497,-0.097784,0.203557,0.066948,-0.170267,0.152869,-0.082229,0.230893,0.12376,-0.11673,0.003561,-0.018925,0.149602,0.110923,-0.06488,-0.105305,0.026077,0.000976,-0.406173,-0.116046,0.214358,-0.119324,-0.290513,0.025102,-0.218417,0.038888,-0.214626,-0.172872,-0.283945,-0.160278,-0.050279,0.078258,-0.186152,-0.428659,0.187841,-0.322662,-0.144498,-0.239232,-0.168986,-0.338547,-0.1447,-0.063654,0.016307,-0.158175,-0.327309,-0.086606,-0.245401,0.125216,0.354282,0.096665,-0.084691,-0.150522,-0.031776,-0.066424,-0.278347,-0.25621,-0.352922,0.197831,-0.170436,-0.067586,-0.314121,-0.093639,-0.150769,-0.110953,-0.010759,-0.175661,-0.119653,-0.137316,-0.20089,-0.124074,-0.295436,-0.160639,-0.144158,-0.278945,0.247134,-0.1028,-0.056231,-0.229489,-0.24508,-0.072493,-0.083037,0.154128,-0.210807,0.083614,-0.248842,-0.373787,-0.157417,-0.414788,-0.451999,0.047918,-0.210819,-0.052276,-0.209406,-0.085531,-0.377623,0.341589,-0.125239,-0.338586,0.065748,-0.457486,-0.257597,-0.257223,-0.275675,-0.216416,-0.213656,0.321681,-0.149105,-0.262978,0.094242,-0.124201,-0.287629,0.052793,-0.388384,0.013791,-0.197189,0.015326,-0.034349,0.127567,0.178406,0.171877,-0.118472,-0.016587,0.319484,-0.346486,-0.105552,0.29402,0.057657,-0.121019,0.238182,0.038707,0.105457,0.228604,0.191066,-0.153277,-0.114569,0.070613,0.272601,0.395775,-0.248677,0.342118,0.239552,0.082729,0.148271,0.261944,0.395557,-0.001301,0.127912,-0.020143,#
