0,1.0,0.091434,-0.263978,-0.134115,0.242719,0.173231,0.01181,0.024062,-0.266355,0.117533,0.102462,0.08896,0.383241,0.278534,0.049597,0.091973,-0.068453,-0.257995,0.076766,-0.227716,0.249485,0.189416,0.14306,-0.173009,-0.030066,-0.213378,-0.060857,-0.208371,0.345301,0.102925,0.206038,-0.014128,0.112842,-0.318858,-0.027361,0.154966,0.185092,-0.028924,0.006061,-0.180364,0.078197,0.109334,-0.149012,0.00674,-0.146087,-0.053712,-0.037689,0.023668,-0.172536,0.008357,0.106497,-0.253304,0.069703,0.048587,0.288195,0.003734,-0.256041,0.078572,-0.065676,0.168506,0.434695,0.215435,-0.133,0.083497,-0.062396,0.136877,-0.146875,0.372223,0.018697,-0.288292,-0.003468,-0.042739,-0.272988,-0.047687,-0.425195,0.326822,-0.140108,-0.116233,-0.445542,-0.069593,-0.189299,-0.404483,0.057884,0.015716,-0.076809,-0.21562,-0.083383,0.005392,-0.091032,-0.310669,-0.156166,-0.290222,-0.086862,-0.145814,0.012454,-0.148315,-0.293063,-0.149289,-0.147235,0.058111,0.179084,-0.055617,-0.269617,-0.201861,-0.079792,-0.320219,-0.034473,0.03868,-0.287315,0.038748,0.106985,0.220926,-0.281014,-0.232883,0.011198,0.125142,-0.350149,-0.244208,-0.062855,-9.1e-05,-0.306949,0.047643,0.092144,-0.31223,-0.102719,0.025994,-0.228204,-0.045297,-0.066181,0.082703,-0.242127,-0.28258,-0.147767,-0.108852,-0.417969,-0.079869,-0.139521,-0.24161,0.253311,-0.29724,-0.246157,-0.020815,-0.052796,0.089464,-0.091663,-0.107133,-0.154757,0.076648,-0.314167,-0.399178,-0.011311,-0.244009,-0.192884,-0.272451,0.17088,-0.153329,0.205429,0.10615,-0.253617,-0.269473,-0.019823,-0.408388,-0.056657,-0.224562,-0.032043,-0.028209,-0.157322,-0.036692,-0.147338,-0.328525,0.062582,0.172785,-0.229835,0.05072,0.002414,-0.175959,-0.090171,0.099585,0.168958,0.030934,0.051066,-0.174595,-0.001138,0.290317,0.273414,-0.034338,0.210589,-0.217654,0.009027,0.21026,-0.007015,0.110066,0.358447,-0.005483,-0.154028,0.113258,0.087345,-0.274805,0.023404,0.100313,#
1,0.091434,1.0,0.15675,-0.248314,-0.021654,0.088882,0.230467,0.18221,0.078219,0.307238,-0.152351,-0.114149,0.266605,0.314045,0.41314,0.029219,-0.016463,0.318729,0.274607,0.052371,-0.047956,0.152792,0.384794,0.029601,0.036118,-0.149379,0.00839,-0.108025,-0.097746,0.097088,-0.164958,0.211899,0.277636,-0.149682,-0.198185,0.192881,0.302773,-0.118741,0.018695,-0.057425,0.040153,0.22085,-0.042185,0.114701,0.433772,-0.336551,0.180486,-0.10229,0.169859,0.259544,0.098438,-0.184744,0.095915,-0.233849,-0.049124,-0.214582,-0.146791,-0.4962,-0.211337,-0.221368,0.229769,0.128746,-0.346101,-0.079175,0.221423,0.17816,-0.012494,0.03185,0.258705,-0.059072,0.126579,0.049131,0.067163,-0.252485,-0.15845,0.147701,-0.245226,-0.407099,-0.045493,-0.057604,0.081635,-0.296485,-0.125986,0.041794,-0.224815,-0.131358,-0.179362,-0.17499,0.016535,-0.2664,-0.017461,-0.073251,-0.283231,-0.055948,-0.195163,-0.01835,0.086846,0.059728,0.204324,-0.072746,-0.116604,0.049289,-0.147123,-0.211179,-0.246644,-0.142759,-0.325464,-0.160199,-0.45394,-0.163875,0.25707,0.356302,-0.133171,-0.027762,0.007818,-0.029793,-0.216442,-0.282705,0.218493,-0.390398,-0.270829,-0.326469,-0.4149,-0.25996,-0.319427,-0.133048,0.17073,0.228753,-0.228248,0.022522,-0.032826,0.048521,-0.215091,-0.248128,-0.151267,-0.227285,0.099124,-0.125909,-0.071371,-0.235991,-0.222788,-0.217184,-0.333678,-0.1986,-0.159597,-0.026663,-0.309778,0.298086,-0.073549,-0.209414,-0.312517,-0.270053,0.107942,-0.210832,-0.108943,-0.277837,0.27671,0.190148,-0.238701,-0.093649,0.046307,0.038144,0.059185,0.180687,0.033807,0.328977,0.076336,0.084554,-0.292593,-0.243,-0.085922,0.023328,-0.143232,-0.082883,0.175166,-0.040654,-0.012071,0.225788,0.415625,-0.460625,0.275279,0.010444,-0.300146,0.041709,0.065604,-0.09288,0.285979,-0.211544,-0.276284,0.237045,0.100611,0.074335,0.202503,0.373841,-0.076801,-0.015864,0.078764,-0.039329,0.382577,0.006514,#
2,-0.263978,0.15675,1.0,0.204492,-0.258417,-0.081431,0.168672,-0.080265,0.277606,-0.060495,-0.11982,-0.177217,-0.208175,-0.053393,-0.060311,-0.089245,-0.225552,0.426378,-0.148389,0.148862,-0.127902,0.191117,0.081946,-0.020448,0.307796,0.002847,0.37576,0.151058,-0.075082,-0.019698,0.034107,0.023883,-0.185266,0.088957,0.109026,0.092387,0.186478,-0.051298,0.069921,-0.114766,0.136615,0.115001,0.156045,0.054636,0.13253,-0.186741,-0.015517,0.286161,0.071134,-0.085863,-0.14028,0.008002,0.192037,0.00941,-0.288783,-0.120961,-0.134666,-0.221421,-0.062558,0.114483,-0.183909,-0.149182,0.057816,-0.156487,-0.064387,-0.158421,0.196018,0.040094,-0.064229,0.387578,0.275615,0.217272,0.064544,0.026528,0.206235,-0.147359,0.027318,-0.27261,0.03787,-0.118531,0.185711,-0.023323,-0.097432,0.240373,-0.119855,0.141017,-0.093465,-0.076553,0.052196,0.04525,0.118515,0.029666,0.030233,0.135394,-0.086689,0.007813,0.291288,0.174209,-0.001928,0.068847,-0.129102,0.091242,0.131998,0.094929,0.047927,0.152367,-0.003546,0.101755,-0.306261,0.047522,0.383952,0.00203,0.083861,0.101732,0.413848,-0.074036,0.014507,-0.185425,0.098037,-0.037503,0.126937,0.091479,-0.122272,0.056204,0.171311,-0.030603,0.146892,0.225233,-0.117571,0.165916,0.51443,0.008395,0.148813,0.10058,0.143928,0.10805,-0.152652,0.334149,0.267278,0.043644,-0.01418,0.0539,0.088108,-0.205645,-0.133767,0.122947,-0.127834,0.143628,0.31394,0.302238,-0.070956,-0.070106,0.298505,0.002691,0.047829,0.125802,-0.073476,0.122123,0.104843,0.181248,0.487578,0.171331,0.058302,0.206308,0.053637,-0.23696,-0.084159,0.014367,0.054488,0.256146,-0.167099,-0.137703,-0.182801,0.03729,-0.211828,0.180911,0.061477,0.154517,0.035449,-0.22792,0.185047,-0.085481,-0.282431,-0.004802,-0.162576,0.179047,0.036065,0.231012,-0.137564,-0.021302,0.134945,-0.116668,-0.12838,0.353929,-0.247557,0.13874,-0.166387,0.171979,0.195865,-0.018461,#
3,-0.134115,-0.248314,0.204492,1.0,-0.035035,-0.233442,-0.315054,-0.373145,-0.121828,-0.278912,0.077258,-0.085966,-0.406085,-0.413395,-0.198112,-0.160284,0.045191,0.045761,-0.144646,0.169414,4.4e-05,0.030228,-0.292027,0.017042,0.071505,0.222903,0.090474,0.313443,-0.057361,-0.324214,0.199948,0.072844,-0.094352,0.022272,0.283482,-0.211211,-0.187353,-0.025375,-0.171816,0.088079,0.020406,-0.100869,0.030924,0.205258,-0.081158,0.447215,-0.140474,0.117686,0.067579,-0.178678,-0.022364,0.37125,0.090817,0.068125,-0.211174,-0.065026,0.315904,0.202288,0.118,0.181647,-0.361762,-0.189766,0.169403,-0.192568,-0.046819,-0.384474,0.133891,0.024733,-0.12841,-0.014627,-0.069425,0.026752,0.257632,0.159044,0.044154,-0.12872,0.179715,0.144561,0.031696,-0.057424,0.209434,0.481799,0.240197,0.013439,0.331505,0.186027,0.312531,0.059242,0.019508,-0.044027,0.111498,0.196048,0.344218,-0.168173,0.251336,0.184846,0.312023,0.090361,-0.187459,0.310728,-0.016103,0.307557,0.53336,0.163833,0.264014,0.17618,0.227348,0.023321,0.105568,0.143565,-0.119808,-0.219404,0.206146,0.198991,0.212459,0.011578,0.175708,0.13625,-0.1311,0.314528,0.191397,0.35821,0.460784,0.237135,0.244634,0.170408,-0.089137,-0.173883,0.271544,0.304232,0.146589,0.105654,0.350098,0.114092,0.422705,0.229294,-0.051551,0.248671,0.058617,0.428099,0.144311,-0.002671,0.234369,0.245302,0.335446,0.180676,0.124651,-0.304497,0.340489,0.21278,0.100088,0.189322,0.072851,0.420605,0.109978,0.30526,-0.344108,-0.259655,0.109241,0.279638,-0.067093,0.141455,-0.054684,0.017136,-0.214061,-0.346248,0.255536,0.124696,0.26503,0.213909,-0.089459,-0.071597,0.312254,0.29431,-0.413927,0.432681,0.042325,-0.010208,-0.541359,0.364399,-0.359972,-0.091219,0.167223,-0.048974,-0.22424,0.120481,-0.115288,0.111164,0.505467,-0.384801,0.151924,-0.198752,-0.092867,-0.186706,-0.066295,0.040393,-0.219827,0.15013,0.057677,-0.32327,#
4,0.242719,-0.021654,-0.258417,-0.035035,1.0,-0.05495,-0.095516,0.067257,-0.227912,-0.152695,0.124435,-0.104691,0.066843,-0.033581,-0.000709,-0.139273,0.067105,-0.233003,0.121472,-0.111977,-0.172633,-0.221343,0.110097,-0.032895,0.098212,-0.018044,-0.316811,-0.019161,-0.064044,0.016342,-0.112071,-0.291349,-0.146457,-0.11922,-0.15691,-0.012057,-0.159556,-0.209421,0.046678,0.230918,0.037621,-0.332131,-0.239683,0.00531,-0.052023,0.229826,-0.166551,0.087992,-0.050305,0.139846,0.21859,-0.173686,0.025829,0.065089,0.27288,0.090145,-0.026761,0.193362,0.081019,-0.143007,-0.049923,-0.034432,-0.169674,0.090879,-0.100205,0.240218,0.327225,-0.159066,0.082437,-0.14618,-0.12899,-0.130368,-0.126064,0.1329,-0.145239,0.204008,-0.099905,-0.311003,-0.239632,-0.100327,-0.256848,-0.147284,0.030102,0.148813,-0.046931,-0.18209,0.185526,0.053931,-0.10095,-0.268933,0.049926,-0.183835,0.106448,-0.29589,-0.041751,-0.102838,0.026796,-0.177712,0.004179,0.236986,0.183605,-0.102215,-0.002093,-0.229827,-0.120375,0.107651,0.069205,0.017183,-0.056782,-0.165174,-0.051603,0.023642,0.081185,-0.100069,-0.159897,0.077047,-0.089409,0.195222,-0.109547,0.082672,-0.272185,0.031231,0.327657,-0.024716,0.139114,-0.02425,0.097371,-0.01867,0.047401,0.070959,-0.142115,-0.223929,-0.111665,-0.199622,-0.226478,0.085729,-0.032104,-0.106677,-0.105305,0.056435,-0.010254,-0.164427,-0.092549,0.089255,-0.037998,-0.243151,-0.193336,0.08731,-0.041042,-0.229445,-0.109906,-0.027508,-0.375129,-0.061691,-0.146246,-0.115318,-0.020774,0.040736,-0.024725,0.087476,-0.266003,-0.278924,-0.159274,-0.036434,0.127085,-0.065868,-0.087223,-0.029098,-0.278046,-0.016021,-0.072866,-0.049148,0.067243,-0.019018,0.053066,0.019152,0.076449,0.229025,0.062416,0.038461,-0.094049,-0.03797,0.215643,0.158533,0.141428,-0.134499,-0.008348,-0.317586,0.044107,-0.121927,-0.236812,0.066391,0.218278,-0.151384,-0.031602,-0.010344,0.018836,-0.042352,-0.292353,-0.015288,#
5,0.173231,0.088882,-0.081431,-0.233442,-0.05495,1.0,0.397061,0.237417,-0.054324,0.021306,0.240295,0.256449,0.117233,0.149009,0.053707,0.200522,0.217913,-0.001911,0.061974,-0.072206,0.003106,0.236901,0.259047,0.115647,-0.177702,-0.170938,0.175948,-0.238392,0.037899,-0.122445,-0.153557,0.023519,-0.010938,-0.084959,-0.123627,-0.00254,0.13747,0.100114,-0.043659,-0.078412,-0.031284,0.302109,-0.008191,0.089014,0.21768,-0.207536,0.00288,0.036256,0.092191,0.047691,-0.072125,-0.028915,0.063373,-0.005462,0.124662,0.177787,-0.123532,-0.12575,-0.06679,-0.179422,0.276588,-0.09651,-0.225994,0.189391,0.084422,0.31818,-0.155298,0.268913,0.222285,-0.068602,-0.124377,0.29529,-0.109849,0.027983,-0.207379,0.196468,-0.390907,-0.119,-0.263131,-0.097363,0.085054,-0.359593,-0.16282,-0.096779,-0.175129,-0.186985,0.012395,-0.161378,-0.190694,-0.405334,-0.219632,-0.296191,-0.327527,-0.123792,-0.179012,-0.296506,-0.21179,-0.33137,0.007522,-0.124871,-0.001824,-0.092135,-0.219445,-0.245788,-0.128441,-0.275658,-0.131724,-0.073157,-0.210877,-0.201825,0.028274,0.118486,-0.297399,-0.243059,-0.028776,-0.235026,-0.527854,-0.016862,0.223399,-0.281811,-0.227204,-0.356812,0.036244,-0.562709,-0.129854,-0.011656,-0.196093,0.08131,-0.165402,-0.004599,-0.261544,-0.088186,-0.205461,-0.039608,-0.321777,0.03228,0.200087,-0.27657,-0.041305,-0.55978,-0.256967,0.032451,-0.358664,0.006096,-0.05363,-0.188053,-0.000248,0.176879,-0.223561,0.002532,-0.055529,-0.027398,-0.097852,0.091086,-0.037717,-0.397357,-0.023183,0.270727,-0.344183,-0.131353,0.174662,-0.175921,-0.087959,0.143073,-0.072419,0.218841,-0.048043,-0.005739,-0.022285,0.006381,0.182569,-0.291481,-0.204723,-0.057371,0.218631,-0.329547,-0.026599,0.10886,0.207135,-0.187704,0.16908,0.036976,-0.026677,0.176841,0.36343,0.110892,-0.047604,0.015778,-0.171762,0.013601,-0.022024,-0.068872,0.233054,-0.163353,-0.16043,0.014489,0.28381,-0.219779,-0.184879,0.037655,#
6,0.01181,0.230467,0.168672,-0.315054,-0.095516,0.397061,1.0,0.372503,0.289513,0.32814,0.112573,0.12408,0.219142,0.061929,0.136879,0.181894,0.025132,0.005389,0.147566,-0.209795,-0.302275,0.240355,0.209106,0.012048,-0.006193,-0.013797,0.254047,-0.014092,0.353708,0.11058,-0.449399,-0.153657,-0.060139,-0.116774,0.080077,0.22475,-0.130734,-0.003379,0.145136,-0.124505,-0.097716,0.174966,0.019587,-0.271457,0.072513,-0.263638,-0.053714,-0.176326,0.000184,0.32459,-0.071966,-0.089033,-0.092693,-0.035304,0.203829,0.038971,-0.132691,-0.322751,-0.225685,0.085081,0.19056,0.069031,-0.097143,0.284224,0.085205,0.25583,0.13699,0.090095,0.241607,-0.112167,0.255953,0.056994,-0.265251,-0.302245,0.008359,0.341328,-0.166825,-0.311587,-0.102848,-0.128521,-0.251225,-0.360095,-0.471751,-0.07968,-0.216203,0.062441,-0.164672,-0.123611,-0.087603,-0.275724,-0.128127,-0.229505,-0.308075,-0.057973,-0.061631,-0.263161,-0.033943,-0.146704,0.005188,-0.411903,-0.065128,-0.093289,-0.209968,-0.232872,-0.271726,-0.127904,-0.397779,-0.06809,-0.380577,-0.073265,-0.260729,0.161502,-0.34238,-0.384235,-0.119218,-0.250718,-0.088542,0.003918,-0.096987,-0.178352,-0.10292,-0.189018,-0.11798,-0.491179,-0.149874,-0.240208,0.091302,0.421988,-0.232935,-0.282098,-0.205098,-0.400386,-0.526099,0.067067,-0.10635,-0.060804,0.03452,-0.174218,-0.248058,-0.412093,0.022614,0.033029,-0.301181,-0.115279,-0.202582,-0.249503,-0.161326,0.513616,-0.198657,-0.098545,-0.112716,-0.097215,0.052767,-0.220351,-0.100485,-0.456648,-0.038206,0.232795,-0.257641,-0.145339,-0.066612,-0.077087,-0.071225,0.080903,-0.002426,0.118881,-0.05065,0.087465,-0.170456,0.281395,0.397641,-0.081761,-0.181098,-0.100335,0.436546,-0.260852,0.165798,0.100212,0.307347,-0.437424,0.507073,0.191329,0.067658,0.092578,0.390844,-0.164611,0.003554,0.134259,-0.166563,0.229796,-0.082047,0.157771,0.116345,0.249077,-0.222576,0.085186,0.081281,-0.179955,-0.204847,0.079281,#
7,0.024062,0.18221,-0.080265,-0.373145,0.067257,0.237417,0.372503,1.0,-0.008306,0.32799,-0.05751,-0.099496,0.505978,0.396266,0.090706,0.246817,-0.14892,0.053912,0.20927,0.064676,0.049972,0.271804,0.014328,0.238572,0.066231,0.023022,-0.045725,-0.353545,0.11863,0.114911,-0.197303,-0.109864,0.317625,0.155411,-0.286675,0.096479,0.010783,0.160741,0.186702,-0.252539,-0.037659,0.226966,-0.019946,0.053078,-0.273913,-0.44364,0.207744,-0.285589,0.062926,-0.131153,-0.182848,0.053363,0.112652,-0.049638,0.192486,0.103835,-0.204326,-0.274787,-0.234018,0.007026,0.366733,0.095121,-0.229927,0.147912,0.005542,0.272454,0.094041,0.174101,0.185227,-0.007725,0.235195,0.014764,-0.353744,-0.077708,0.038032,0.038614,0.003567,0.049071,0.212299,0.0346,0.00453,-0.168974,-0.092873,-0.032967,-0.217798,0.020717,-0.037805,0.214462,0.111843,-0.052309,-0.078669,-0.106832,-0.157322,0.150954,-0.193336,0.154797,0.098472,0.119373,0.208462,-0.403659,0.076773,0.028728,-0.100064,-0.158672,0.041297,0.116067,-0.226188,-0.158531,-0.105086,-0.447697,-0.049638,0.182682,-0.024518,-0.162402,0.08148,-0.00672,-0.024306,0.035315,0.039656,-0.159105,-0.130026,-0.536794,-0.098118,-0.197555,-0.175747,0.067401,0.128472,0.00909,-0.22308,0.005325,-0.150826,0.105833,-0.191984,0.01913,-0.226002,-0.02777,0.270981,-0.260423,-0.127743,-0.194301,0.136492,-0.065127,-0.155812,0.027439,-0.130824,-0.17055,-0.039307,0.160762,-0.043852,-0.272379,-0.063842,0.032363,-0.118983,-0.166578,-0.087003,-0.265709,0.29185,0.007553,-0.046942,-0.014891,0.009052,0.209601,-0.25472,0.107192,0.136812,0.003451,0.252896,-0.068208,-0.192234,0.222644,0.037645,-0.138845,-0.173511,0.032054,0.458688,-0.145504,0.327156,-0.237254,0.254333,-0.200193,0.299024,0.357788,0.056297,-0.194643,0.139632,0.19241,0.042157,-0.118108,-0.222524,0.339986,-0.098336,-0.198754,0.140656,-0.123755,-0.137641,-0.133121,0.133205,-0.03624,-0.043415,0.044356,#
8,-0.266355,0.078219,0.277606,-0.121828,-0.227912,-0.054324,0.289513,-0.008306,1.0,0.115106,-0.084078,0.006134,0.066424,0.088802,0.062097,-0.16096,-0.004783,0.352808,0.002269,-0.247948,-0.23801,0.19672,0.166989,0.129408,0.190787,0.340753,0.329711,0.246681,0.025536,0.17947,-0.088663,-0.099499,-0.051083,-0.055895,0.243317,0.259041,0.056486,-0.167753,0.205668,-0.126703,0.137426,-0.194143,0.078933,0.049215,0.294936,-0.186944,-0.133344,-0.085783,0.010581,0.210117,-0.007139,-0.153147,-0.154024,0.08495,-0.122729,0.306685,-0.054689,-0.244149,-0.000286,0.164088,-0.096316,0.023105,0.082667,0.102595,0.08327,0.004581,0.080121,0.058439,0.041869,0.17833,0.20731,0.090796,-0.032171,-0.103893,0.105408,0.048493,-0.045408,-0.125147,0.042283,-0.32748,-0.06359,-0.01249,-0.317771,-0.106397,-0.097969,0.119063,-0.070876,-0.032008,-0.027692,-0.015801,0.069384,0.105322,-0.319262,0.22478,-0.042433,-0.024686,0.078927,-0.036522,-0.258049,-0.307239,0.055334,0.245808,0.004296,0.192573,-0.124477,-0.247637,-0.046931,0.023153,-0.071828,0.051229,-0.05451,-0.026089,-0.007815,-0.364054,0.102638,-0.075694,0.147127,-0.151982,0.102588,-0.032771,0.072103,-0.090365,-0.160467,-0.11087,0.057173,-0.121242,0.112001,0.075995,-0.151365,-0.273794,0.003375,0.022276,-0.282012,0.011804,0.055102,0.061026,0.028587,-0.021167,-0.253604,-0.130152,-0.014535,0.026905,-0.02581,-0.253871,-0.370509,-0.344049,-0.155317,0.27644,0.056392,0.017113,0.066744,-0.114648,0.195956,-0.21929,0.075389,-0.183344,0.150725,0.2092,-0.071138,0.062547,-0.004879,0.155204,0.133508,-0.144401,0.008149,0.039564,-0.108057,0.063972,-0.136001,0.159246,-0.021125,0.089089,-0.011971,0.103814,0.240788,0.068068,-0.108582,0.131352,0.2999,-0.419705,0.283362,0.16619,-0.141617,-0.042809,-0.031339,-0.050147,-0.135118,0.11694,-0.248922,0.043728,-0.150843,-0.027939,0.056219,0.232855,-0.179516,0.365496,0.177469,-0.029904,-0.05254,0.085736,#
9,0.117533,0.307238,-0.060495,-0.278912,-0.152695,0.021306,0.32814,0.32799,0.115106,1.0,-0.240092,0.153974,0.422879,0.530906,0.347672,0.320976,-0.259488,0.201488,0.207351,0.005516,-0.097264,0.374964,0.237093,0.137008,0.119948,-0.090676,0.08915,-0.051933,0.185193,0.357662,-0.032476,0.183318,0.287286,-0.259253,-0.198073,0.159346,0.00294,-0.041528,0.219716,-0.342054,0.079614,0.158211,-0.037343,-0.125548,-0.054527,-0.462263,0.192321,0.049685,-0.071778,0.321104,-0.106441,-0.046104,0.069985,-0.130239,0.21652,-0.080863,-0.087523,-0.394581,-0.140963,-0.015825,0.39576,0.141672,-0.34633,0.012315,0.150357,0.189622,-0.059071,0.265308,-0.074471,-0.017568,0.047572,0.059007,-0.155981,-0.082482,-0.04011,0.145085,-0.031724,-0.215938,0.043739,0.075696,-0.067076,-0.317608,-0.294172,-0.015579,-0.154564,0.052507,-0.220911,0.059422,0.228448,-0.179255,-0.00246,-0.113039,-0.141929,0.326707,0.152829,0.070321,-0.172365,0.046472,0.22155,-0.291658,-0.15918,0.082057,-0.233119,-0.050213,-0.027925,-0.081222,-0.509982,-0.098701,-0.246206,-0.309722,0.046287,0.283714,-0.066183,-0.190636,-0.216667,-0.21998,-0.209711,-0.061551,0.375403,-0.344929,-0.013819,-0.320579,-0.129,-0.349612,-0.420871,0.0764,0.175769,0.085475,-0.114904,-0.287664,-0.161446,0.195666,-0.360449,-0.12234,-0.278779,-0.29598,-0.097814,-0.29034,0.094431,-0.2775,0.010241,-0.183491,-0.35454,-0.348919,-0.280541,0.051814,-0.141207,0.166596,-0.276501,-0.259395,-0.157607,-0.234603,0.031601,-0.374781,0.048992,-0.172293,0.30867,0.330815,-0.162917,-0.106706,0.062593,-0.10202,-0.192244,0.269405,0.352458,0.357053,-0.101165,0.017941,-0.409377,0.070919,0.009295,0.236161,-0.179191,0.024698,0.315002,-0.298586,-0.117078,-0.067481,0.514829,-0.381514,0.360768,0.078657,-0.336898,-0.290338,0.203599,-0.049767,0.259594,0.027716,-0.362689,0.145514,-0.005762,-0.035009,0.139011,0.420866,-0.103439,-0.103648,-0.076185,-0.031812,0.27994,0.331128,#
10,0.102462,-0.152351,-0.11982,0.077258,0.124435,0.240295,0.112573,-0.05751,-0.084078,-0.240092,1.0,-0.195747,-0.130367,-0.372366,-0.104506,-0.054712,0.023342,-0.348085,0.084553,-0.230564,-0.057324,-0.080898,-0.014189,0.159344,0.053715,-0.00454,-0.210024,-0.020019,0.063132,-0.287398,0.155897,-0.040995,-0.350055,-0.336587,0.345603,-0.167638,0.178418,0.131116,0.036505,0.183621,-0.049799,-0.124392,-0.122973,0.047781,0.163025,0.255616,-0.323431,0.031045,0.06966,-0.0484,0.028356,0.17301,0.062522,0.220517,0.101482,0.016427,-0.193067,0.233724,-0.091654,-0.059779,-0.141672,-0.085128,-0.062834,0.071615,0.162769,-0.137556,0.109436,-0.129171,0.343685,-0.032966,0.109806,-0.111097,0.063314,0.03282,-0.175737,0.060634,-0.243397,0.052857,-0.165018,-0.214966,0.03927,0.11841,-0.033706,0.032943,-0.049127,-0.011863,0.277418,-0.054905,-0.123559,-0.151029,-0.147066,-0.086335,0.042757,-0.257191,-0.157287,-0.045504,-0.257788,-0.316969,-0.010806,-0.034788,-0.003139,-0.180279,0.051844,-0.284279,0.012372,-0.141994,-0.1028,0.120186,-0.039535,0.322656,-0.101017,-0.005689,-0.205833,-0.162221,-0.094071,-0.103275,-0.086633,-0.109924,-0.161599,0.224049,-0.306443,0.062138,0.13076,-0.156879,-0.121132,0.045176,-0.000547,0.21144,-0.102945,0.001891,-0.060368,-0.202688,-0.084544,0.088811,0.013905,0.179982,-0.192213,0.068175,-0.107108,-0.010133,-0.091365,0.311837,-0.163138,0.069231,0.256799,-0.053691,-0.218368,0.115797,0.10082,0.12305,0.03159,0.223013,-0.099348,-0.023062,-0.092087,-0.168363,-0.380178,-0.18372,-0.114581,0.161843,-0.201267,-0.001537,0.014845,0.099317,-0.116485,-0.091994,0.093959,-0.033273,-0.001225,0.016251,0.253331,-0.050586,0.170248,-0.032068,-0.029188,-0.070271,0.189754,0.137319,-0.247253,0.212614,-0.019248,0.123717,0.243401,0.314504,0.100157,0.007793,-0.16853,-0.124215,0.304937,0.081166,-0.187645,0.202084,0.289829,-0.421627,0.073672,0.102978,0.150144,-0.053186,-0.221545,-0.153938,#
11,0.08896,-0.114149,-0.177217,-0.085966,-0.104691,0.256449,0.12408,-0.099496,0.006134,0.153974,-0.195747,1.0,0.058969,0.117319,-0.086869,-0.043579,0.104027,-0.062962,-0.045554,-0.127172,0.199961,-0.101763,-0.103284,-0.062368,0.064373,-0.066363,-0.029862,0.021969,-0.092507,-0.01118,-0.057995,-0.168158,-0.094882,-0.05275,-0.182708,0.120234,-0.198602,-0.025802,-0.028103,-0.001457,0.049687,0.162,-0.144447,-0.312357,-0.047663,0.055284,-0.132172,0.027244,-0.126164,0.196691,-0.045155,-0.109061,-0.023968,0.133293,-0.157259,0.090649,-0.101429,-0.023521,-0.014507,0.144772,-0.010921,-0.059108,0.061902,-0.141898,0.093433,0.118439,-0.074853,-0.108303,-0.114295,-0.252449,-0.110929,-0.041197,-0.020819,0.123926,-0.088591,0.013852,-0.236464,-0.027641,-0.150243,0.121223,-0.107908,-0.030496,-0.091012,-0.22875,0.041787,-0.311106,-0.104638,0.134642,-0.130063,0.101442,-0.058735,-0.147648,-0.12421,-0.040108,0.032594,-0.120076,-0.204939,0.017062,-0.091585,-0.020721,0.24606,0.093047,-0.280013,-0.010921,-0.047341,0.123306,-0.014232,0.221437,0.211961,-0.032298,-0.120222,0.089283,-0.170433,-0.155094,-0.013832,0.003194,0.006953,0.219329,0.203555,-0.049796,0.179293,-0.177691,0.06036,0.002238,0.038117,-0.116833,-0.011674,-0.036187,0.133841,-0.081754,-0.198116,0.063141,-0.230487,0.184088,-0.051711,-0.082892,0.157183,-0.095764,-0.01624,-0.069276,-0.063211,0.060588,-0.080611,0.015753,-0.053032,0.042684,0.097461,-0.06347,-0.221718,0.042843,-0.07825,0.154274,-0.084777,0.22737,0.076119,0.107859,-0.029031,0.299145,-0.190206,-0.287699,-0.126746,-0.32774,0.154653,-0.090657,0.039084,0.085746,-0.16198,-0.016761,0.184575,0.088633,-0.067784,0.328745,0.082631,-0.1803,-0.019456,-0.1537,-0.15997,0.077066,0.013087,0.063296,-0.09892,-0.102402,-0.098537,-0.065619,0.275335,0.060362,0.028432,0.295943,0.091933,0.009982,-0.022486,0.183884,-0.037919,0.127271,-0.208733,-0.15739,0.247143,-0.333046,-0.047485,0.096161,#
12,0.383241,0.266605,-0.208175,-0.406085,0.066843,0.117233,0.219142,0.505978,0.066424,0.422879,-0.130367,0.058969,1.0,0.477446,0.137544,0.006703,-0.01862,0.086619,0.140918,-0.064938,-0.045876,0.261475,0.29608,-0.022506,-0.174939,-0.243179,-0.070376,-0.241993,0.034869,0.159871,0.071266,0.040665,0.252033,-0.084937,-0.3007,0.326771,0.157464,-0.044914,-0.068632,-0.309369,0.011396,0.129642,0.140834,-0.038509,-0.212181,-0.419103,0.168515,-0.109921,0.014039,0.032143,-0.200987,-0.007352,0.086518,0.037341,0.239108,0.233181,-0.275394,-0.227118,0.095822,0.040616,0.565633,0.236193,-0.19363,0.064696,-0.009435,0.286366,-0.155936,0.242906,0.261525,-0.083717,0.254544,-0.076819,-0.547377,-0.290388,-0.223808,0.315624,0.071382,-0.007256,0.05027,-0.211329,-0.118532,-0.280718,-0.160587,-0.244441,-0.215968,-0.065302,-0.060123,0.160462,-0.064211,-0.223819,-0.129251,-0.296943,-0.396705,0.228545,-0.167246,-0.025494,-0.019718,-0.089293,0.031863,-0.410069,0.026012,-0.056287,-0.071817,0.034162,-0.110203,-0.211469,-0.33157,-0.245129,-0.153413,-0.353935,0.046123,0.242523,-0.152167,-0.247971,-0.083647,-0.187349,-0.089332,-0.268508,0.079729,-0.272368,-0.028586,-0.459337,-0.241216,-0.37743,-0.182794,0.005561,0.143931,0.282096,-0.066393,0.066052,-0.324052,0.129333,-0.308565,0.001116,-0.257717,-0.123229,0.010459,-0.528387,-0.141833,-0.209195,-0.026299,-0.061122,-0.233238,-0.18112,-0.062001,0.110775,-0.319411,0.231833,-0.16621,-0.545494,-0.117239,-0.281087,-0.012311,-0.337979,0.036612,-0.246195,0.303063,0.292538,-0.124703,-0.374286,0.059282,-0.129563,-0.073377,0.00449,0.299409,0.305786,-0.073386,0.014802,-0.353841,0.07118,-0.094056,0.136797,-0.360541,0.075583,0.381489,-0.327937,0.009985,0.02039,0.418671,-0.360579,0.213839,0.210189,0.007838,-0.028011,0.122466,-0.135513,0.257819,-0.165329,-0.354362,0.390941,-0.083137,0.011728,0.325431,0.068461,0.023848,-0.050349,0.099104,-0.076342,0.079156,0.250507,#
13,0.278534,0.314045,-0.053393,-0.413395,-0.033581,0.149009,0.061929,0.396266,0.088802,0.530906,-0.372366,0.117319,0.477446,1.0,0.312312,0.20532,-0.234374,0.27598,0.290617,-0.001299,0.142566,0.339273,0.412739,0.285526,0.034494,-0.050405,0.154513,-0.087135,0.125216,0.457174,0.066094,0.22077,0.378511,-0.126987,-0.263556,0.204856,0.256304,-0.275773,0.189929,-0.325433,0.021706,0.260267,0.119928,0.061942,-0.060068,-0.553449,0.300487,-0.137483,-0.049632,0.084503,-0.117951,-0.152558,0.086968,-0.096734,0.0751,0.101482,-0.209129,-0.258745,-0.089423,0.06415,0.416372,0.164824,-0.330352,0.142213,-0.029208,0.347213,-0.149782,0.360371,-0.13061,-0.019166,-0.144957,0.286228,-0.340828,-0.035326,-0.233593,0.081566,-0.091056,-0.276399,-0.147688,-0.030672,-0.010629,-0.407682,-0.205945,0.084513,-0.247618,-0.055144,-0.211615,-0.000647,0.126495,-0.217576,0.117524,-0.269555,-0.347204,0.207703,0.007878,-0.054218,-0.203748,-0.040298,0.026752,-0.298171,0.050887,-0.10125,-0.21187,-0.191901,-0.069997,-0.116215,-0.168774,-0.129929,-0.161957,-0.346612,0.208417,0.303908,-0.127822,-0.085196,0.096554,0.000154,-0.392924,-0.211594,0.368746,-0.367476,-0.207037,-0.405221,-0.134148,-0.330008,-0.340192,-0.011416,0.126508,-0.069908,-0.194972,-0.155102,-0.117704,0.14682,-0.316583,-0.320278,-0.56682,-0.280921,0.243228,-0.246798,0.030648,-0.354461,-0.0806,-0.147012,-0.251922,-0.39989,-0.467434,-0.078717,-0.045777,0.13309,-0.419983,-0.359535,-0.221,-0.230172,-0.029047,-0.237674,0.02915,-0.147366,0.504228,0.274128,-0.091361,-0.188606,0.16527,-0.014564,-0.082253,-0.027706,0.199635,0.274409,-0.133974,0.031303,-0.239093,-0.008857,-0.205083,0.084644,-0.358125,-0.145624,0.182441,-0.296704,-0.052572,-0.050569,0.585439,-0.425743,0.327136,-0.032566,-0.332417,-0.160483,0.221728,0.115622,0.186442,-0.261811,-0.361732,0.26747,-0.020202,-0.047112,0.101413,0.229214,-0.214422,-0.165821,0.131674,-0.214652,0.273807,0.20266,#
14,0.049597,0.41314,-0.060311,-0.198112,-0.000709,0.053707,0.136879,0.090706,0.062097,0.347672,-0.104506,-0.086869,0.137544,0.312312,1.0,0.072001,-0.108848,0.204148,0.486407,-0.03645,-0.005345,0.13025,0.171296,0.089593,-0.013054,-0.033225,-0.123977,0.15055,0.121562,0.129223,-0.09774,-0.017524,-0.07614,0.073516,-0.099275,0.055403,0.005476,-0.187005,0.096785,-0.086099,-0.023256,0.236385,0.048618,0.087305,0.278921,-0.135156,0.136553,0.117476,0.268076,-0.056713,0.102817,-0.141083,-0.057943,-0.18552,0.222631,0.024574,-0.014937,-0.294642,-0.247225,-0.193642,0.162583,-0.0929,-0.215497,0.300515,0.100314,0.04899,-0.099855,0.04995,-0.002729,-0.026715,0.152663,0.135858,0.134154,-0.322423,-0.12878,0.036733,0.067771,-0.156733,-0.043366,-0.036346,0.019173,-0.400416,-0.247045,0.078811,-0.188652,0.123123,-0.0817,-0.017042,-0.107702,-0.116037,0.040548,-0.121101,-0.016163,0.251662,-0.096192,-0.177207,-0.233142,-0.118518,-0.040986,-0.078644,0.095411,-0.129631,-0.211808,-0.231324,-0.277827,-0.198055,-0.293061,-0.057835,-0.305228,-0.11107,0.122338,0.218422,-0.23067,-0.114828,-0.149306,-0.003507,-0.163003,-0.067592,0.217297,-0.216178,-0.110063,-0.18529,-0.31251,-0.135415,-0.304957,-0.361102,-0.01905,0.224112,-0.39925,-0.155515,0.06599,0.091414,-0.359479,-0.054103,-0.267488,-0.246913,0.169839,0.024944,-0.086702,-0.279182,-0.131429,-0.151391,-0.143385,-0.184572,-0.282041,-0.018916,-0.115523,0.202589,-0.277284,-0.102472,-0.370498,-0.388621,0.032298,-0.327408,-0.104959,-0.303041,0.107631,0.149581,-0.231973,-0.10237,0.075579,-0.044713,0.160444,0.085399,-0.061971,0.255094,-0.070581,0.115637,-0.17694,-0.058815,0.114796,0.110262,-0.139609,0.032142,0.253989,-0.177942,-0.242414,0.095052,0.282662,-0.237915,0.348647,-0.001525,-0.099845,0.111429,0.234737,-0.14921,0.173624,-0.144631,-0.114007,0.133612,-0.080232,0.097407,0.259693,0.188687,0.065844,0.045762,0.137859,-0.086894,0.074998,0.069748,#
15,0.091973,0.029219,-0.089245,-0.160284,-0.139273,0.200522,0.181894,0.246817,-0.16096,0.320976,-0.054712,-0.043579,0.006703,0.20532,0.072001,1.0,-0.057776,0.114593,0.044057,0.167571,0.047522,-0.072067,0.291494,-0.082233,-0.035466,0.051289,-0.013827,-0.12855,0.199726,0.176036,0.061711,-0.078719,0.117047,-0.109174,-0.030318,-0.099751,0.071951,0.086094,0.151468,-0.020693,-0.022707,0.09412,-0.211931,0.009683,0.063898,-0.103766,0.164688,0.0021,-0.189301,0.124443,0.242981,0.129241,0.039999,-0.045571,0.224775,-0.079576,-0.074813,-0.234829,-0.273278,-0.00342,0.178989,0.089757,-0.235903,0.042479,0.129451,0.106549,-0.248589,0.226249,-0.204612,0.036872,-0.052654,0.01864,-0.083552,-0.000399,-0.114578,0.110249,-0.059461,-0.164585,-0.022784,0.225764,0.095305,-0.180838,-0.022981,0.337286,-0.037297,-0.202921,-0.217413,-0.172417,0.039726,-0.063343,0.041954,0.024639,-0.079122,0.192242,0.044902,0.097066,-0.106003,-0.302597,0.077911,0.019242,-0.231098,-0.151076,-0.325763,-0.027218,-0.014071,-0.061207,-0.206358,0.153313,-0.026202,-0.014967,-0.118838,0.109885,-0.037895,-0.148921,0.113134,-0.021121,-0.010986,-0.184868,0.170835,-0.269063,-0.155327,-0.03457,-0.03352,-0.201857,-0.250603,0.103148,-0.086089,0.013234,-0.300597,-0.268,-0.063604,0.070322,-0.164481,-0.052207,-0.222643,-0.2287,-0.000109,-0.022395,-0.037274,-0.35078,0.159067,0.172125,-0.05081,0.041494,-0.02382,-0.015711,0.240163,0.151918,-0.125809,-0.283552,-0.041834,-0.026535,0.012472,-0.024265,0.059117,-0.046185,0.084484,0.234144,-0.209693,0.033416,0.148747,-0.067554,-0.064701,-0.084337,-0.150432,-0.006494,-0.118584,-0.111378,-0.078005,-0.161841,0.104123,-0.161981,-0.062406,-0.303189,-0.079676,-0.125455,-0.017736,-0.027682,0.1307,-0.179411,0.289833,-0.175527,-0.166387,0.029474,0.288542,-0.097161,0.250066,0.075162,-0.222235,-0.03738,0.071825,-0.05685,-0.00138,0.07049,-0.152253,-0.258781,0.030471,-0.227634,0.113856,0.131373,#
16,-0.068453,-0.016463,-0.225552,0.045191,0.067105,0.217913,0.025132,-0.14892,-0.004783,-0.259488,0.023342,0.104027,-0.01862,-0.234374,-0.108848,-0.057776,1.0,-0.076613,0.065716,-0.068684,0.027716,-0.304065,0.01597,-0.355361,-0.251359,-0.223411,-0.190949,-0.074733,-0.028941,-0.132515,-0.153139,0.06811,0.11694,0.140407,0.116466,0.134403,0.060324,-0.165233,-0.305016,0.166306,0.029464,-0.14176,0.055039,0.155252,0.068402,0.090578,-0.177923,0.034152,0.095565,0.23217,0.010149,0.024188,0.147072,-0.043644,0.025124,0.042487,0.14223,0.021564,0.195673,-0.040606,-0.093904,0.232247,0.335692,-0.206977,-0.080699,0.021699,-0.168586,0.030607,0.061336,-0.157419,-0.175421,-0.074892,0.036427,-0.126101,-0.105426,0.064972,-0.130199,-0.055447,-0.062826,0.021998,-0.043211,0.072569,0.010514,-0.299358,-0.060309,-0.151301,-0.104825,-0.052423,-0.071239,-0.283433,-0.128259,0.118948,-0.095279,-0.164021,-0.063904,-0.201903,-0.069788,-0.212753,-0.283734,0.115496,0.046356,0.027694,-0.058888,0.005427,0.014262,0.01899,0.039751,-0.143501,-0.03782,0.061266,-0.176116,-0.061504,-0.033717,-0.02371,-0.077367,-0.11736,-0.008521,0.057078,-0.199012,-0.059177,-0.097296,-0.059616,0.012562,-0.148933,0.133876,-0.219188,-0.389978,-0.146763,0.044855,-0.059982,-0.182939,-0.158176,-0.081434,0.224945,0.078525,-0.000771,0.087585,-0.287125,-0.03903,0.014495,-0.251271,0.129156,-0.15028,0.263574,0.081794,-0.073313,-0.139473,0.04372,-0.092855,-0.029417,-0.06338,0.071679,0.048992,0.021789,-0.237036,-0.262863,-0.227102,0.248074,-0.180984,0.165482,-0.12913,-0.061857,0.194512,-0.137583,-0.138348,0.210441,0.107057,-0.023897,0.087927,-0.140486,-0.158854,0.073535,-0.086028,-0.201729,0.033209,-0.157836,-0.118585,0.20899,-0.077355,-7.8e-05,-0.282669,0.014924,0.358568,0.171649,-0.034874,-0.093736,0.010049,0.207223,0.109232,-0.275835,-0.089496,0.221205,0.087807,-0.170896,0.092942,0.146453,0.119469,-0.042777,-0.286212,-0.110154,#
17,-0.257995,0.318729,0.426378,0.045761,-0.233003,-0.001911,0.005389,0.053912,0.352808,0.201488,-0.348085,-0.062962,0.086619,0.27598,0.204148,0.114593,-0.076613,1.0,0.049116,0.323278,-0.083735,0.254762,0.160735,0.095725,0.104477,0.220894,0.169438,0.124601,-0.085933,0.09935,0.154265,0.113509,0.055842,0.011852,-0.084489,0.074651,0.13265,-0.123339,0.00603,-0.257662,0.048979,0.125677,0.182704,0.182459,0.077026,-0.325992,0.144586,0.174897,0.156293,0.001125,-0.015594,-0.090344,0.047795,0.005498,-0.147365,-0.008642,-0.104511,-0.341914,-0.061147,-0.149802,0.054275,-0.117643,-0.150868,0.017745,-0.035016,0.131682,-0.033088,0.228596,-0.001112,0.391786,0.170534,0.266446,-0.155102,-0.117392,0.01138,-0.065272,0.292632,-0.214307,0.149214,-0.088312,0.290251,-0.012468,-0.145006,0.206682,-0.08925,0.115646,0.0723,-0.019697,0.064692,0.063794,0.083465,0.050089,-0.158592,0.489587,-0.024994,0.150805,0.336616,-0.051407,0.015841,-0.03266,-0.183024,0.16935,0.097221,0.370024,-0.102585,0.080629,-0.101943,-0.166702,-0.146871,-0.098254,0.252969,0.194324,0.177186,0.042532,0.198286,0.082582,0.155956,-0.241058,0.482211,-0.434886,0.149696,-0.242223,-0.242398,-0.033883,0.024753,0.07715,0.020933,0.038556,0.052365,0.156459,0.188207,0.199864,-0.019795,-0.192745,-0.009952,-0.037448,0.015264,-0.016503,0.068699,-0.037369,-0.011942,-0.168026,-0.191466,-0.378773,-0.272791,0.051295,0.042201,0.071713,0.143024,0.011134,-0.201868,-0.215419,0.375507,-0.059573,-0.071109,-0.079407,0.158668,0.388708,0.014985,0.070578,0.192358,0.208495,-0.038314,0.035287,0.143711,0.277843,0.152966,-0.10974,-0.138652,0.146572,-0.245435,-0.183797,-0.184748,-0.060407,0.068264,0.076022,0.043621,-0.100555,0.391068,-0.345689,0.216721,-0.110439,-0.343164,-0.212493,-0.049139,-0.114938,0.185897,0.213414,-0.326688,-0.204319,0.22296,-0.266914,-0.112356,0.192487,-0.252257,-0.113117,0.011799,0.054786,0.361738,0.191322,#
18,0.076766,0.274607,-0.148389,-0.144646,0.121472,0.061974,0.147566,0.20927,0.002269,0.207351,0.084553,-0.045554,0.140918,0.290617,0.486407,0.044057,0.065716,0.049116,1.0,-0.204965,0.171678,-0.041842,0.091433,0.033764,0.073886,0.082181,0.05319,0.173788,-0.035691,0.297659,-0.162375,0.171196,0.03033,0.006887,0.083348,-0.019302,0.118173,-0.112772,-0.034093,-0.173165,0.147739,0.251005,0.108307,0.247878,0.184408,-0.136696,0.088649,-0.232154,0.077515,0.051762,-0.093695,0.032178,0.14826,0.005978,0.313741,-0.027278,-0.198886,-0.166873,-0.18093,-0.107559,0.103748,-0.120772,-0.161722,0.44114,0.083647,0.123852,-0.032218,0.085517,0.09005,-0.242186,-0.007515,-0.003505,-0.066056,-0.077555,-0.005428,0.135521,-0.098332,-0.068631,0.083845,-0.216315,-0.067449,-0.30946,-0.271227,0.019396,-0.290738,-0.134955,-0.176489,0.093365,-0.02453,-0.238837,-0.177423,-0.237492,-0.012792,-0.136938,-0.182842,-0.128573,-0.102831,-0.27202,0.009049,-0.180547,0.054049,0.064737,-0.040829,-0.432393,-0.150961,0.05498,-0.193778,-0.097197,-0.133967,0.020493,-0.057214,0.256042,-0.247851,-0.160843,-0.141572,0.03579,-0.24397,-0.044697,-0.060597,-0.041846,-0.369476,-0.177734,-0.242508,-0.232066,-0.152186,-0.222607,-0.023409,0.187309,-0.290559,-0.162046,-0.056824,-0.085186,-0.239584,0.065443,-0.210664,-0.14156,0.076212,-0.079996,-0.124114,-0.229764,-0.34462,-0.0398,-0.218805,-0.131274,-0.224203,-0.19743,-0.324301,0.188777,-0.419958,-0.380524,-0.431934,-0.153182,-0.142233,-0.324643,-0.100867,-0.358021,0.147239,0.173542,-0.296101,-0.169457,-0.136574,0.025593,0.057646,-0.053922,0.056097,0.053351,0.019419,0.227602,-0.142427,-0.049296,0.20512,0.268654,-0.096628,-0.110113,0.288079,-0.11758,0.052734,0.191487,0.225441,-0.166677,0.148609,0.186552,0.2349,0.186002,0.373761,-0.000517,0.181559,-0.185225,0.074434,0.217479,-0.154741,0.051069,0.431936,-0.005468,-0.100378,-0.039281,0.463075,-0.146797,-0.246543,0.044845,#
19,-0.227716,0.052371,0.148862,0.169414,-0.111977,-0.072206,-0.209795,0.064676,-0.247948,0.005516,-0.230564,-0.127172,-0.064938,-0.001299,-0.03645,0.167571,-0.068684,0.323278,-0.204965,1.0,0.263963,0.052627,-0.089986,0.064436,-0.136011,-0.123649,-0.09057,-0.199534,-0.007068,-0.152779,0.305391,0.230446,0.232163,0.276465,-0.188057,-0.429611,0.105248,0.069359,-0.28468,-0.11085,0.109095,0.139695,-0.095449,-0.003422,-0.162195,-0.194917,0.244999,0.177288,0.307112,-0.183393,-0.213298,-0.043265,0.389227,-0.148928,-0.209229,-0.03206,0.160526,-0.25929,0.127367,-0.227319,-0.104511,-0.082636,-0.053323,-0.160604,0.047718,-0.00316,-0.054481,-0.047063,-0.141831,0.201109,0.069246,0.1315,0.013044,-0.044704,0.137336,-0.357326,0.352676,0.213687,0.509036,0.272549,0.355143,0.230228,0.282026,0.162957,0.272012,0.255076,0.304862,-0.092148,0.276237,0.153857,0.246509,0.271586,0.189451,0.246279,0.18126,0.284867,0.242409,0.272298,0.264486,0.315029,-0.463816,0.069341,0.170288,0.37322,0.332927,0.434431,0.003659,-0.254538,0.192755,-0.228564,0.277689,-0.185305,0.11278,0.418769,0.199142,0.159449,0.1319,0.063196,0.071942,-0.26026,0.328153,0.031095,-0.086789,0.068821,-0.02615,0.288418,0.058304,-0.028938,0.199557,0.328203,0.379664,0.232853,0.3882,-0.123917,0.322422,0.142993,0.177588,0.109663,0.07114,0.176383,0.226273,0.148722,0.067431,-0.172872,0.152366,0.316593,0.422179,-0.400184,0.396777,0.121013,0.156214,0.166678,0.38295,0.371901,-0.021584,0.260265,0.306059,-0.113101,0.079239,0.119349,0.149432,0.228972,-0.101394,0.101249,-0.066399,-0.016664,0.408804,-0.139418,0.122184,0.23297,-0.498793,-0.136681,0.141394,0.153689,-0.355584,0.182584,0.158042,-0.496871,-0.118857,0.109873,-0.045274,-0.229254,-0.253339,-0.249711,-0.467452,-0.017838,0.234384,0.158627,-0.052586,-0.335672,0.188376,-0.354187,-0.441841,-0.161315,-0.065728,-0.316219,-0.402629,0.289375,0.293377,0.022035,#
20,0.249485,-0.047956,-0.127902,4.4e-05,-0.172633,0.003106,-0.302275,0.049972,-0.23801,-0.097264,-0.057324,0.199961,-0.045876,0.142566,-0.005345,0.047522,0.027716,-0.083735,0.171678,0.263963,1.0,-0.143616,-0.353468,-0.064354,0.044441,0.026957,-0.048423,-0.092336,-0.01383,0.08324,0.307616,0.335578,0.13316,0.241879,-0.150358,-0.310084,0.05402,0.125552,-0.128867,-0.107454,0.359229,0.054627,-0.060074,0.023447,-0.046179,-0.194713,0.064831,-0.133667,-0.044584,-0.266708,-0.1383,-0.125039,0.340397,0.010582,-0.021345,0.080532,-0.235717,-0.010439,-0.144142,0.12539,0.060452,0.037386,0.087773,-0.056547,0.007966,-0.031887,-0.289829,0.023263,-0.201515,-0.175776,-0.100033,0.113084,0.116154,0.281658,-0.086982,-0.398507,0.025544,0.373266,0.142081,0.341112,0.127333,0.120902,0.3905,-0.076477,0.034962,-0.158605,0.050296,0.035504,0.423892,0.100937,-0.06813,0.006346,0.221878,-0.073317,0.291425,0.195233,-0.119039,0.25618,0.074705,0.092134,0.025519,0.186026,-0.172701,-0.014097,0.187955,0.108121,0.082694,0.14075,0.195589,0.120066,0.070078,-0.013531,-0.26936,0.279992,0.253886,0.403739,-0.074993,0.151285,0.148523,0.166097,0.032887,0.066611,-0.165147,0.269471,-0.154593,0.029868,-0.191174,-0.292671,-0.088087,0.269225,0.182752,0.143298,0.253265,0.129314,-0.064874,0.206662,0.166486,-0.012953,0.145948,0.151157,-0.081163,0.087552,0.269415,0.030923,0.005612,-0.037227,0.212339,-0.483456,-0.069244,0.142975,0.021871,0.133522,0.142565,0.226429,0.011789,0.161795,0.284801,-0.148641,-0.014861,-0.030639,-0.062535,0.015081,0.142096,-0.237028,-0.214646,-0.197634,0.26215,0.133803,0.293863,-0.079016,-0.217071,0.088678,0.182634,-0.092725,-0.340496,0.140518,-0.005108,-0.321544,-0.157745,0.353025,-0.172728,0.10915,-0.109994,-0.080607,-0.141045,0.385463,0.156095,-0.02329,0.173713,0.050174,-0.166206,-0.263444,-0.145645,-0.29536,-0.127382,-0.100853,0.073332,0.017607,0.135381,-0.15017,#
