0,1.0,0.309605,-0.210192,-0.069059,0.415992,0.15021,0.029488,-0.134738,0.12802,0.346158,0.060151,-0.05828,0.288226,0.372614,0.25395,0.164728,0.067297,-0.080005,-0.10381,-0.158928,0.069402,-0.103915,0.031273,-0.231117,0.052707,-0.404358,-0.023543,-0.204979,0.16352,0.305707,-0.44636,0.283393,0.000818,-0.213819,-0.055184,0.020382,0.024945,-0.30737,-0.031622,-0.004888,0.179328,0.130195,-0.282983,-0.080714,0.143588,-0.236198,0.040861,-0.060205,-0.06952,-0.098107,-0.039059,-0.158256,-0.043359,-0.101647,0.11637,0.133656,-0.320943,0.18261,-0.300335,0.092588,0.134165,0.275028,0.053843,-0.452519,-0.042458,0.13231,-0.001432,0.292897,0.267941,-0.029227,-0.153367,0.153004,0.164359,-0.105287,-0.040813,0.100556,-0.271415,-0.227279,-0.182053,-0.088866,-0.056125,-0.38403,-0.005095,-0.220911,-0.310843,-0.04542,-0.122244,-0.150748,-0.119244,-0.319905,-0.065749,-0.525215,-0.122891,0.115281,-0.256125,-0.023195,0.003622,0.029751,-0.250953,-0.228866,-0.01661,-0.275766,-0.249751,-0.00109,-0.19831,-0.13984,-0.086429,-0.243271,-0.025007,-0.168328,0.212636,-0.149631,-0.117625,-0.252564,-0.340752,-0.234415,0.079394,-0.1098,0.036013,-0.257504,-0.263897,-0.28424,-0.281431,-0.04593,0.161011,-0.044748,-0.2903,0.119915,-0.156088,-0.444,-0.234826,-0.111807,-0.481004,-0.233989,-0.059884,-0.259119,-0.120892,-0.369197,-0.141376,-0.3265,-0.252866,-0.329582,-0.319716,-0.288253,-0.182434,-0.21508,-0.12482,0.395722,-0.211598,-0.128211,-0.420434,-0.100016,-0.044436,-0.164524,-0.007598,-0.034924,-0.038672,0.293763,-0.159367,-0.394323,-0.30048,-0.142466,0.100291,0.096692,-0.160273,0.318837,-0.260077,0.331691,-0.247148,-0.28778,-0.014952,0.13844,-0.099258,0.003948,0.282566,-0.174678,-0.109713,0.030555,0.273914,-0.279222,0.256264,0.164254,-0.048738,0.252508,0.329956,-0.221066,0.132178,-0.1392,-0.007225,0.167084,-0.292455,0.077957,0.329756,0.248512,-0.016623,-0.19926,0.003428,-0.184356,-0.093057,-0.058788,#
1,0.309605,1.0,-0.132458,-0.238336,0.248046,0.156579,0.152471,-0.385573,0.135086,0.298147,0.102537,-0.067509,0.119456,0.276216,0.198547,-0.069461,-0.337933,0.196487,0.06153,-0.104521,0.253406,0.153622,0.283668,0.026888,-0.020622,-0.410284,0.394276,-0.154277,0.239252,0.234171,-0.362527,-0.197178,0.13275,-0.364712,-0.082287,-0.024567,0.220382,-0.425016,-0.166889,0.160407,0.093493,0.365548,-0.124898,-0.054565,0.083023,-0.157057,0.036793,0.38729,-0.110404,0.006188,-0.159826,-0.600694,0.171552,-0.301714,0.105117,-0.067306,-0.153357,0.364894,0.127129,0.351331,0.175176,0.374031,0.097392,-0.025504,0.056516,0.306338,-0.190752,0.268173,0.298912,0.013831,-0.240335,-0.050141,0.260753,-0.184266,-0.336854,0.139411,-0.35361,-0.103217,-0.27771,-0.106398,-0.213422,-0.579407,-0.341311,-0.290758,-0.059535,-0.204137,0.062199,-0.470893,-0.057862,-0.221301,-0.329174,-0.262785,-0.279734,0.142596,-0.068409,-0.179518,-0.129831,-0.117527,-0.135635,-0.308211,0.294975,-0.267346,-0.157726,-0.069416,-0.018249,-0.285582,-0.218491,-0.420925,-0.013283,-0.236484,0.231572,-0.165274,-0.396471,-0.228999,-0.146494,-0.313937,-0.265444,-0.036012,-0.116224,-0.430241,-0.164357,-0.328519,-0.31152,-0.28114,0.004994,-0.241695,0.218669,0.263163,-0.210119,-0.39494,-0.162207,-0.26389,-0.204756,-0.222026,-0.163569,-0.387305,-0.13353,-0.104221,0.007433,-0.674063,-0.283563,-0.044075,-0.365206,-0.243206,-0.095263,-0.308251,-0.26865,0.427976,-0.166662,-0.093741,-0.35155,-0.410805,-0.205673,-0.306364,-0.109072,-0.083858,0.032115,0.477826,-0.091849,-0.287061,-0.103565,-0.275138,-0.167384,0.12535,-0.087178,0.332459,-0.224663,-0.078059,-0.387205,-0.323287,0.030808,0.17795,-0.346193,-0.120006,0.016738,-0.418756,-0.263866,0.149178,0.445849,-0.183334,0.613958,-0.092559,-0.104666,0.306722,0.305399,-0.330615,0.116624,0.002079,-0.08035,0.516591,-0.321932,0.350687,0.314737,0.246327,-0.035646,-0.256179,-0.110437,-0.390059,-0.143199,-0.113206,#
2,-0.210192,-0.132458,1.0,0.147588,0.020607,0.027686,0.096025,0.294085,0.168885,-0.15475,0.083445,0.235342,-0.272562,-0.0249,-0.219262,-0.19976,0.035103,0.155309,-0.074979,0.113064,-0.012762,0.004423,0.115564,0.013698,0.349434,0.215178,-0.095027,-0.037443,0.104621,-0.157172,-0.000659,0.152802,-0.131884,0.082562,-0.089917,0.129781,0.03108,-0.084015,0.068971,-0.20375,0.025376,-0.061573,-0.00561,-0.196154,0.090153,-0.082625,-0.107146,-0.056452,-0.033487,0.170214,0.057558,0.228344,0.00352,0.143039,-0.028171,-0.111512,-0.079975,-0.018248,-0.12322,-0.043734,0.094619,-0.198593,-0.098415,0.071078,-0.012209,0.086181,-0.014692,0.034801,-0.010977,0.212918,0.105599,0.050179,-0.041551,0.063475,0.162923,0.048311,0.115087,0.091268,-0.113596,-0.075595,0.200708,0.047198,0.047425,0.241548,0.135863,0.101278,-0.03206,0.12158,0.09667,-0.108204,0.203704,0.162835,-0.017747,-0.082262,-0.065659,-0.055971,0.360027,0.044524,0.328996,0.122172,-0.014748,0.153391,0.105332,0.158448,-0.168158,0.1145,0.239314,0.297559,0.001145,0.034509,0.086305,-0.069749,0.051158,0.238768,0.126809,0.211327,-0.178212,-0.047606,0.001184,0.250389,0.087991,0.025035,0.415899,0.029869,-0.08217,0.119545,-0.024914,-0.263914,-0.30365,0.167935,0.014056,-0.032121,0.046142,0.125659,0.026556,-0.035362,-0.000555,0.174915,0.090797,0.193028,0.143376,0.345369,-0.004674,-0.122399,0.012786,-0.220177,0.225536,-0.034309,0.159196,0.074689,0.206211,0.00242,0.135517,0.087806,0.190864,-0.166276,0.235557,0.076616,0.207404,0.241448,0.262658,0.052466,0.325601,0.091817,0.175934,-0.133116,0.230136,-0.343022,0.214649,-0.026533,0.160428,-0.113589,0.10721,0.068748,-0.254023,0.153199,-0.062384,0.089683,-0.200486,-0.106422,-0.277856,0.018708,0.146254,-0.195694,-0.141594,0.205982,0.119128,-0.171893,0.0513,-0.042783,0.075537,-0.029142,0.015367,-0.076859,-0.041482,0.233122,0.08808,-0.139345,0.04604,0.008601,#
3,-0.069059,-0.238336,0.147588,1.0,0.038506,-0.175519,-0.028127,0.350221,-0.036315,0.118171,-0.127377,-0.10036,0.02474,-0.182317,-0.083908,-0.045057,0.004781,0.181665,-0.299075,0.162684,0.060497,-0.120467,-0.084773,-0.03291,0.224473,0.167036,-0.380084,-0.06427,-0.145888,-0.042825,0.424901,0.060744,0.242449,0.232835,0.083289,0.100829,0.10877,0.1414,0.038988,-0.108921,0.101873,-0.024913,-0.051079,-0.277906,0.242983,-0.161013,-0.282942,-0.174179,0.162186,-0.02487,0.147559,0.139424,-0.038267,0.244049,-0.106543,-0.088984,0.046592,0.087831,-0.047399,-0.327715,-0.135396,0.023364,-0.018938,-0.071819,-0.136112,0.011885,0.275869,-0.162348,-0.034713,0.042818,-0.180794,-0.177626,0.157251,0.22438,0.256069,-0.058797,0.13781,0.225759,0.148057,0.115403,0.148355,0.244166,-0.009072,0.102494,-0.049743,-0.126266,0.148915,-0.000806,0.115413,0.073384,-0.021391,0.016391,0.215435,-0.123932,-0.042376,-0.039328,-0.240851,0.044066,0.290035,0.177711,-0.158634,0.180955,0.38623,0.439689,0.087592,0.163519,-0.015265,-0.093401,0.061729,-0.017409,-0.09679,0.05182,0.220023,0.2136,0.045612,0.478338,0.314381,0.051972,0.086201,-0.054985,0.115156,0.084498,0.137314,0.148012,-0.017267,0.155052,-0.136339,-0.060801,0.093058,0.204016,-0.081473,0.05797,0.251482,0.046477,-0.049057,0.196937,-0.026699,-0.035528,-0.060747,0.200505,-0.000487,-0.122469,0.098469,0.0883,0.195384,0.11001,0.039175,0.0271,0.271008,0.12784,0.044481,0.014678,0.025502,0.139438,0.283256,0.296687,-0.186688,0.001641,0.100041,0.056509,0.237674,0.336192,0.035658,0.206637,0.180631,-0.203969,0.122083,-0.154836,0.16371,0.339564,-0.050613,-0.243198,0.073467,0.064588,-0.153196,0.341402,-0.089311,-0.135526,-0.255914,-0.106624,-0.248279,-0.059423,-0.174587,-0.270025,-0.163207,0.106705,-0.368894,-0.048685,0.025516,-0.365883,0.047383,-0.082311,-0.074162,0.151905,-0.033514,0.035641,-0.074733,0.291793,0.108365,0.069064,#
4,0.415992,0.248046,0.020607,0.038506,1.0,0.072003,0.190207,-0.096384,0.100976,0.259483,0.191855,0.040758,0.076569,0.098713,0.019457,0.243195,0.070675,-0.032683,0.231828,-0.106316,0.261999,-0.235662,0.25774,0.053971,-0.063214,-0.274103,0.129009,-0.10998,0.243907,0.086404,-0.252416,0.064749,0.04738,-0.137147,0.037182,-0.010677,0.083467,-0.260308,-0.070459,0.000594,0.230016,0.115707,-0.143513,-0.21305,0.230882,-0.139838,-0.091486,0.174793,0.129722,-0.023611,0.129888,-0.299982,0.345061,-0.202473,-0.000868,-0.028679,-0.150266,0.213496,0.043949,0.109746,-0.111216,0.327686,-0.145866,0.038746,0.156032,0.136218,0.023519,0.1878,0.219384,-0.057431,-0.194621,0.023946,0.207531,-0.244705,-0.221165,0.156548,-0.257665,-0.137702,-0.268209,-0.044984,-0.176988,-0.314412,-0.347903,0.121453,-0.335057,-0.053459,-0.100031,-0.336592,0.048377,-0.328278,-0.166813,-0.353595,-0.163503,-0.085409,-0.35403,-0.237134,-0.154898,-0.130275,-0.289166,-0.110337,0.186361,-0.292898,-0.250667,0.08875,-0.305327,-0.20276,-0.040407,-0.092953,-0.105121,0.055656,0.206789,-0.063111,-0.016418,-0.21835,-0.335778,-0.160111,-0.020474,-0.113885,0.191288,-0.37153,-0.226415,-0.436506,-0.26759,-0.271181,0.011896,-0.182087,-0.010726,0.052513,0.055892,-0.472806,-0.120561,-0.038487,-0.113806,-0.086643,-0.21756,-0.033721,-0.195186,-0.233496,-0.338108,-0.324492,-0.393906,-0.064446,-0.47407,-0.087535,-0.136923,-0.019025,-0.108394,0.240901,-0.311618,-0.329563,-0.243928,-0.239909,-0.040238,-0.255586,0.183129,-0.250807,-0.053571,0.496196,-0.19904,-0.305001,-0.014809,-0.386827,0.105055,-0.05122,-0.205367,0.289585,-0.121202,0.058062,-0.181534,-0.166073,0.223802,0.306815,-0.285718,0.098998,0.187624,-0.190175,-0.269641,0.215627,0.216967,0.002681,0.405611,0.020642,-0.024699,0.139094,0.030581,-0.108044,0.01714,-0.110392,-0.027722,0.079306,-0.165235,0.145931,0.349194,0.333923,-0.321214,-0.038672,0.173605,-0.155439,0.013874,0.111028,#
5,0.15021,0.156579,0.027686,-0.175519,0.072003,1.0,0.184372,-0.129325,0.376087,0.150425,0.26671,0.083513,-0.0237,0.194301,-0.077076,0.175552,0.041522,-0.143108,0.115047,-0.20846,0.17025,0.167193,0.443867,-0.271815,-0.080635,-0.33548,0.025431,-0.063614,0.049663,0.22098,-0.250594,0.193759,-0.271943,-0.157578,-0.230059,-0.047592,0.037364,-0.205734,0.379186,-0.196161,0.222415,0.234676,0.196946,-0.042966,-0.257815,-0.129156,0.178317,-0.179618,0.265896,-0.024355,0.079754,-0.054143,-0.02932,-0.20971,0.197284,0.468996,-0.464202,0.258589,-0.348298,0.171726,0.257688,0.002323,0.0104,-0.058387,0.166751,0.252061,-0.098041,0.327484,0.102453,0.032369,-0.088832,0.231784,0.147013,-0.28893,-0.405493,0.225672,-0.067958,-0.200308,-0.281131,-0.070976,-0.232515,-0.338346,-0.055302,0.306935,-0.27333,-0.028643,-0.190677,-0.193373,-0.010226,-0.194509,-0.007011,-0.175434,-0.323264,0.266697,-0.069003,-0.029357,0.222862,-0.17741,-0.016287,-0.176053,0.336196,-0.168783,0.050109,-0.298948,-0.111505,-0.356812,0.030338,-0.222332,-0.070622,0.117294,-0.082993,-0.054425,-0.125233,-0.131423,-0.034852,-0.379783,-0.132083,-0.166901,-0.007423,-0.19798,-0.119367,-0.040267,-0.24193,-0.327226,0.00156,-0.111573,0.246952,0.32269,-0.326205,-0.291782,-0.117004,-0.001023,-0.391008,-0.147555,-0.059745,-0.236278,0.0194,-0.161407,0.185082,-0.39072,-0.050814,-0.108269,-0.203064,-0.103665,-0.112292,-0.338944,-0.18455,0.43163,-0.161499,0.002951,0.001315,-0.149061,0.130623,-0.350491,-0.256234,-0.088247,-0.031225,-0.002596,-0.2012,-0.11638,-0.290248,-0.117074,-0.077389,-0.034942,-0.001622,0.242072,-0.14874,-0.298641,-0.199407,-0.255367,0.057992,0.084032,0.230863,-0.181531,0.33426,-0.36567,-0.342356,0.293153,0.108741,0.00302,0.196892,0.141848,0.001038,0.256432,-0.015573,-0.136198,0.148364,0.111481,-0.164658,0.337475,-0.176749,0.026118,0.019621,0.299266,-0.012749,0.208789,0.065971,-0.188633,-0.239822,0.00923,#
6,0.029488,0.152471,0.096025,-0.028127,0.190207,0.184372,1.0,-0.157508,0.129101,0.206089,0.087778,-0.006079,0.163394,-0.030953,0.096602,0.049189,0.03749,-0.069773,0.142247,-0.031981,0.271676,0.216339,-0.010363,-0.151681,-0.089309,-0.453099,0.039235,0.007739,0.126157,-0.046921,-0.234707,-0.182389,-0.138603,-0.074798,-0.054949,-0.193872,0.273813,-0.128732,-0.077774,0.064614,-0.001927,0.243985,0.044389,-0.053734,0.028718,-0.104933,0.060115,0.031145,0.157675,0.249993,0.08697,-0.252041,-0.016343,-0.303371,-0.070891,0.087122,-0.101752,0.121768,-0.086983,0.280951,0.013209,0.30232,0.024856,0.103712,-0.088403,0.020061,-0.218482,0.047887,0.158974,0.074143,0.115713,-0.154801,0.073405,-0.114538,-0.303924,-0.083397,-0.120556,-0.173948,-0.316638,0.017884,-0.063115,-0.25426,-0.024488,0.039333,-0.225358,0.197725,0.079643,0.011774,0.072098,-0.235761,-0.031332,-0.023577,-0.07185,0.211836,0.238456,-0.169529,-0.015642,-0.213071,0.008553,-0.130343,0.158378,-0.282016,-0.118689,-0.13278,-0.102908,-0.091232,-0.049228,0.017836,-0.158577,-0.146473,0.030271,-0.1893,-0.275822,-0.130978,-0.126847,-0.147761,-0.233145,-0.289714,0.061291,-0.114212,0.084779,-0.214126,-0.020321,-0.290921,-0.404994,0.212109,0.148736,0.212005,-0.197709,-0.119371,0.040196,0.168644,-0.037347,0.203761,0.038928,0.037315,-0.152942,-0.184568,0.018779,0.031921,0.029079,0.240097,0.063703,-0.0795,-0.215361,-0.261697,0.051263,0.405973,-0.075348,0.187305,-0.055413,-0.11666,0.103431,0.002828,0.109719,0.023609,0.083395,0.17316,-0.084223,-0.02689,0.017099,-0.174712,0.049128,0.182223,-0.033111,0.111144,-0.043617,-0.221055,-0.007933,-0.142076,0.127479,0.055076,0.181553,-0.024447,-0.041038,-0.123338,-0.057222,0.133577,0.045864,-0.097293,0.045554,0.023952,0.275961,0.087216,-0.142162,-0.005849,0.135241,-0.14743,-0.22036,-0.06641,-0.217893,0.230281,0.081535,0.173854,0.128886,0.21162,-0.018803,-0.08485,-0.136242,-0.001272,#
7,-0.134738,-0.385573,0.294085,0.350221,-0.096384,-0.129325,-0.157508,1.0,-0.101329,-0.203294,-0.207532,-0.151495,-0.148554,-0.280594,0.138328,-0.034737,0.016469,-0.049931,-0.143534,0.30524,-0.122126,-0.044177,-0.212,0.212497,0.408083,0.232469,-0.147907,0.077655,-0.26887,-0.184802,0.280113,0.153575,0.100023,0.157855,0.082289,0.174989,-0.084876,0.205125,0.19222,-0.132729,-0.066584,-0.183534,0.073343,-0.12588,0.221416,-0.039677,-0.049664,0.101799,-0.119381,-0.244059,0.072128,0.297572,-0.010379,0.135638,-0.041796,-0.113827,-0.062397,-0.148544,0.082013,-0.371356,-0.254528,-0.266258,-0.224603,-0.116209,-0.432475,-0.025877,0.293044,-0.128204,-0.13396,0.157969,-0.083188,0.030839,0.150243,0.170311,0.331046,-0.111467,0.347932,0.077823,0.153444,0.090336,0.115247,0.253238,0.072218,-0.004365,0.06681,0.08434,-0.005779,0.198994,0.232344,0.046146,0.274134,0.117758,0.054979,-0.344874,-0.062288,-0.030044,0.200205,0.23693,0.174388,0.211418,-0.20372,0.283228,0.428066,0.172794,0.097666,0.239599,0.196385,0.303867,0.155089,-0.059919,0.077367,0.044838,0.35352,0.13127,0.11014,0.387233,0.2527,0.011061,-0.055105,0.148763,0.215218,0.115065,0.217627,0.239219,0.057316,-0.046483,-0.278761,0.051399,0.038562,0.471105,0.026163,-0.101199,-0.001774,-0.037287,0.074626,0.275886,-0.120266,0.126691,0.17834,0.314821,0.155586,0.153263,0.26875,-0.004939,0.239432,0.085241,0.100478,-0.246546,0.130847,0.198729,0.166015,0.318428,-0.069907,0.134636,0.287621,0.195894,0.010085,-0.264198,0.045594,0.038722,0.236465,0.32265,0.004443,0.095806,0.279389,-0.286665,0.19166,0.050467,0.418964,0.060683,-0.142531,-0.106149,0.103671,0.022585,-0.247426,0.230532,-0.111898,-0.296988,-0.313051,-0.153429,-0.454603,-0.034888,-0.255871,-0.255448,-0.357066,-0.028338,-0.065315,-0.107412,0.10577,-0.363943,0.3388,-0.273713,-0.211802,-0.195491,-0.083953,0.157162,0.095514,0.236703,0.159809,-0.077509,#
8,0.12802,0.135086,0.168885,-0.036315,0.100976,0.376087,0.129101,-0.101329,1.0,0.214682,-0.075446,0.112475,-0.110777,0.310955,-0.084806,0.034753,-0.051654,0.31048,0.325964,0.134876,-0.0853,-0.076966,0.406729,-0.182524,0.162854,-0.328603,-0.089284,-0.206584,0.140752,0.228759,-0.17834,0.076257,-0.221867,0.010232,-0.064117,0.322393,0.186552,-0.364653,0.174472,-0.211879,0.217283,0.050741,-0.083375,-0.05553,-0.033075,-0.012604,0.303461,0.120601,0.11725,0.095922,0.180866,-0.039884,0.01104,-0.119023,-0.15388,0.115748,-0.117424,0.184702,-0.366007,0.103834,0.194738,0.143949,0.008586,-0.200443,-0.108111,0.234751,0.211115,0.204879,0.244899,-0.011249,-0.039541,0.098238,-0.174448,-0.027443,-0.268195,0.128672,0.026279,-0.193645,-0.165191,0.074823,0.016976,-0.287304,-0.114048,0.192137,0.091561,0.00853,-0.135188,-0.175149,0.124807,-0.014749,-0.183336,-0.050514,-0.260375,0.282172,-0.20783,-0.120831,0.218024,-0.014237,0.158639,-0.238856,0.148568,0.102568,-0.231118,0.141182,-0.15529,-0.12227,-0.115241,-0.135314,0.244862,-0.017199,0.23091,-0.189244,-0.046112,-0.131067,-0.243245,-0.187103,0.002983,-0.142769,0.212158,-0.396267,0.052072,-0.310741,-0.136854,-0.324405,0.010968,0.025136,0.033722,0.08597,-0.407568,-0.230912,-0.020491,0.053383,-0.368254,-0.210175,-0.346364,-0.177732,-0.152896,-0.094152,0.149165,-0.190466,-0.175425,-0.182654,-0.280053,-0.356177,-0.223419,-0.536605,0.181463,0.319092,-0.228749,-0.090623,0.106643,-0.339281,0.195465,-0.185273,0.063617,0.086877,0.149304,0.385078,-0.033988,0.123617,-0.273352,-0.035335,-0.035908,0.248032,0.195594,-0.161783,-0.139144,-0.188688,-0.200418,-0.002592,0.15827,0.197325,0.165128,-0.157974,0.101764,-0.172609,-0.185706,0.187385,0.184958,0.073661,0.196485,0.095555,-0.168776,-0.039869,0.114996,0.193511,0.178252,0.09206,-0.357347,0.283848,-0.174578,-0.047859,-0.037418,0.166968,-0.333584,0.022465,-0.050502,-0.137081,0.002382,-0.061971,#
9,0.346158,0.298147,-0.15475,0.118171,0.259483,0.150425,0.206089,-0.203294,0.214682,1.0,-0.036404,0.121968,0.314372,0.198277,0.011219,0.419725,-0.08659,0.114809,0.189949,-0.194697,0.342082,-0.01284,0.085001,-0.218086,-0.218562,-0.329076,-0.086124,-0.071408,0.104721,0.296626,-0.26452,-0.021587,-0.0,-0.152084,0.025147,0.18959,-0.016472,-0.417995,0.014089,0.205667,0.002659,0.159404,-0.116673,-0.028188,0.022173,-0.069623,-0.100791,-0.090487,-0.121853,-0.032546,0.188112,-0.433889,0.012064,-0.124798,0.157978,0.059405,-0.28374,0.285285,-0.208517,-0.064672,0.116809,0.366934,0.017698,-0.120675,-0.061891,0.121597,0.026233,0.085519,0.242687,-0.097874,-0.304254,-0.099888,0.085082,-0.029245,-0.147026,0.04513,-0.395725,-0.069868,-0.376755,-0.165512,-0.160589,-0.20258,-0.118792,-0.141023,-0.221413,-0.254755,-0.012274,-0.15415,-0.122124,-0.040702,-0.369756,-0.389151,-0.180778,-0.013582,-0.060765,-0.147309,-0.170543,0.037623,-0.299955,-0.181358,0.227062,-0.090666,-0.127,-0.060059,-0.272174,-0.098639,-0.340237,-0.244782,-0.079741,-0.176822,-0.068552,-0.133601,-0.316441,-0.192761,-0.440854,0.021175,-0.197696,-0.172156,-0.214946,-0.340009,-0.194696,-0.154461,-0.353532,-0.190322,-0.244897,-0.041289,-0.169675,-0.058099,0.010384,-0.292049,-0.210616,-0.213319,-0.166062,-0.014626,-0.333191,-0.100946,-0.107941,-0.329646,-0.04223,-0.289274,-0.21019,-0.274669,-0.244171,-0.221267,-0.247896,-0.224134,-0.121497,0.384651,-0.288982,-0.161975,-0.200403,-0.392361,-0.207799,-0.329644,-0.190231,-0.065412,-0.015562,0.308102,-0.24812,-0.14974,-0.28173,-0.289957,-0.086037,0.103716,-0.183041,0.064053,-0.287708,0.076974,-0.200188,-0.035992,0.134493,0.088583,-0.019967,-0.163986,0.220137,-0.164583,-0.213299,0.184314,0.089108,-0.200037,0.282539,0.156617,0.079447,0.30943,0.191602,-0.221936,0.222481,-0.126555,0.002091,0.235379,-0.398311,0.16228,0.252848,0.335717,0.090296,-0.019535,0.130495,-0.149651,-0.135199,-0.109557,#
10,0.060151,0.102537,0.083445,-0.127377,0.191855,0.26671,0.087778,-0.207532,-0.075446,-0.036404,1.0,0.137174,0.011871,-0.239426,0.027713,0.133003,0.297372,-0.232587,-0.044247,-0.258163,0.202792,0.067395,0.012671,0.135949,-0.068624,-0.141269,-0.027705,0.079526,0.163985,0.065558,-0.165388,0.074213,-0.232935,-0.140804,0.295668,-0.007437,0.237493,0.006964,-0.006593,0.369487,-0.105506,0.08932,-0.084184,-0.083618,-0.054068,-0.199502,-0.12767,-0.063419,0.183563,-0.111581,0.145662,-0.074127,-0.120085,0.007336,0.495972,-0.075113,-0.49431,0.155287,0.096768,0.224056,0.042373,0.151271,-0.200245,0.180109,0.357328,-0.015731,-0.236127,0.026658,0.21511,-0.446684,0.045478,0.029084,0.042618,-0.402798,-0.25232,0.210899,-0.362151,0.146539,-0.253528,-0.33275,-0.186809,-0.208211,-0.113139,0.071275,-0.525526,-0.071662,-0.122809,0.009835,-0.322947,-0.31229,0.002797,-0.3624,-0.131832,-0.179359,-0.075021,-0.074601,-0.153834,-0.042294,0.014082,-0.141025,0.150508,-0.183342,-0.223594,-0.29779,-0.230662,-0.179571,-0.143865,0.17465,-0.23826,0.258576,-0.21506,-0.204589,-0.395399,-0.120607,-0.214778,-0.34132,-0.166724,-0.15728,-0.191462,0.104544,-0.499441,-0.061891,-0.176351,0.03751,-0.009168,-0.076462,0.297608,-0.09999,-0.176175,-0.282398,-0.107517,-0.089569,-0.170599,-0.085604,0.008013,-0.124912,-0.165294,-0.158268,-0.107373,-0.221995,-0.384705,0.252784,-0.177252,-0.020981,-0.307041,-0.128339,-0.199085,0.075896,-0.063428,-0.305974,-0.074538,-0.080768,-0.209585,-0.282275,-0.208607,-0.328008,0.292218,-0.151842,-0.099408,-0.098647,0.092431,-0.274583,-0.025754,-0.325881,-0.337722,0.145706,-0.179887,-0.12232,-0.341399,-0.214481,0.29964,0.019017,-0.231498,-0.182134,0.159909,-0.379912,-0.326634,0.368946,0.164533,0.34537,0.189216,0.021846,0.272225,0.180101,0.118469,-0.165693,-0.020223,-0.067116,0.404766,0.11635,-0.440532,0.496358,0.137956,0.107574,-0.042896,0.019563,0.247737,-0.484615,-0.320433,-0.082635,#
11,-0.05828,-0.067509,0.235342,-0.10036,0.040758,0.083513,-0.006079,-0.151495,0.112475,0.121968,0.137174,1.0,-0.353279,0.109142,0.098602,0.272816,-0.007967,-0.107293,0.094298,-0.201045,0.047167,-0.338775,0.066954,-0.273642,0.049889,0.056898,-0.061424,-0.149269,0.219609,0.271368,-0.154408,0.110393,-0.386056,-0.107337,-0.090264,0.212627,-0.41637,0.133036,0.22357,0.264287,-0.001225,-0.256339,-0.149641,-0.017569,0.150971,0.130783,-0.091065,-0.272323,-0.187987,0.212403,0.188974,-0.044513,-0.069845,0.200255,-0.124668,0.110915,-0.160681,-0.207414,-0.180985,-0.163842,-0.113279,0.129789,0.227181,0.134581,0.073026,-0.190269,0.169499,-0.051048,-0.044818,-0.118897,0.219358,0.257365,0.000591,-0.004592,-0.043935,0.135734,-0.253518,-0.112053,-0.059687,-0.197124,-0.024822,-0.049864,0.021478,0.120894,0.078039,0.077415,-0.324216,-0.241711,-0.043863,-0.257804,-0.010085,0.027207,-0.037774,-0.127825,-0.204116,-0.119943,-0.040099,-0.235457,-0.208713,0.081445,-0.007614,0.119517,-0.08698,-0.069677,-0.363703,-0.092389,-0.168917,-0.048013,0.004193,0.03207,-0.378505,0.152392,-0.170366,0.11717,-0.152248,-0.022879,0.052363,-0.078767,0.046166,-0.175654,-0.25028,-0.04744,-0.177058,0.059819,0.282669,-0.098207,-0.099158,-0.229136,-0.218797,-0.181577,-0.037486,-0.266795,-0.054185,0.088225,-0.155639,-0.078769,0.129376,-0.017155,-0.106146,-0.053948,-0.14332,0.02436,-0.101369,-0.080111,-0.206142,-0.274333,0.354718,0.186488,0.03744,-0.13837,0.096822,-0.179288,-0.080849,-0.210914,-0.262472,-0.131044,0.031045,0.071636,-0.055338,0.133066,-0.199067,-0.035064,-0.032853,-0.226997,0.046671,-0.196674,-0.243127,0.01003,0.100533,-0.074519,0.187622,-0.247248,-0.049302,-0.394097,0.137081,0.094962,-0.162991,0.109917,0.014948,-0.069897,-0.036626,0.20066,0.062165,0.143336,0.261046,0.103633,0.241616,-0.095846,-0.041269,0.085157,-0.187954,0.121046,0.164067,0.180426,-0.19014,0.071336,0.073386,-0.123826,0.013551,0.373863,#
12,0.288226,0.119456,-0.272562,0.02474,0.076569,-0.0237,0.163394,-0.148554,-0.110777,0.314372,0.011871,-0.353279,1.0,0.103794,-0.026165,0.09332,0.005571,0.014482,0.15744,0.003887,0.278405,0.170855,-0.026744,-0.072178,-0.014719,-0.249327,-0.007129,-0.118761,0.117975,-0.008222,-0.017175,0.118213,0.004569,0.048194,-0.208933,-0.318641,0.046246,-0.160184,-0.143384,-0.116901,-0.11571,0.333118,-0.057104,0.009293,0.123505,-0.244834,-0.025841,0.070734,0.005295,-0.114463,0.099176,-0.058245,0.17437,-0.141389,0.131131,0.019999,-0.064336,0.172508,-0.021062,0.113449,0.016426,0.039381,-0.062103,-0.208776,-0.008994,0.251985,-0.082845,0.15096,0.189111,-0.051811,-0.100783,-0.177378,-0.07309,-0.101741,-0.088358,-0.075672,-0.121697,-0.192357,0.001006,-0.150009,-0.113741,-0.224783,0.057131,-0.073975,-0.023669,-0.219849,0.118819,-0.06381,-0.105761,-0.138768,0.077186,-0.296756,-0.108906,0.162382,0.220918,0.034322,-0.079607,0.103818,-0.255188,-0.152026,0.205551,-0.149798,0.010812,-0.084867,0.024052,-0.099527,-0.009456,0.037722,-0.306348,-0.220601,0.284091,-0.204663,0.018959,-0.107994,0.002343,-0.194894,0.068958,0.066883,-0.060485,0.022819,-0.018186,-0.167393,-0.369535,-0.072978,-0.191988,0.114205,-0.244114,0.078871,0.176392,-0.124799,-0.219878,0.257867,-0.016225,0.009389,0.000429,0.061129,-0.165354,-0.247545,-0.055419,-0.126874,-0.120485,0.175153,0.044667,-0.030359,-0.030286,0.213783,-0.211117,0.301502,-0.269311,-0.117179,-0.193179,-0.160108,-0.099172,-0.163341,-0.11739,-0.071977,0.19287,0.15781,-0.050024,-0.103321,0.108283,-0.033611,-0.005282,0.072103,-0.199796,0.076267,0.063274,-0.031315,-0.037211,0.007356,0.069747,0.260987,0.186611,0.186114,0.178543,-0.099507,0.033892,0.015437,0.077359,-0.081832,0.353211,-0.108005,0.166033,0.100126,0.033276,0.001779,0.118465,0.019913,0.082593,0.109444,-0.007448,0.069128,0.001042,0.010871,0.0447,0.07028,0.031544,-0.009638,-0.026922,-0.053507,#
13,0.372614,0.276216,-0.0249,-0.182317,0.098713,0.194301,-0.030953,-0.280594,0.310955,0.198277,-0.239426,0.109142,0.103794,1.0,0.104924,0.167237,0.000889,0.08555,0.029865,-0.073672,-0.191243,0.006388,0.277936,-0.400435,-0.135957,-0.167533,0.0519,-0.357967,0.143137,0.22276,-0.420143,0.175332,-0.1774,-0.03079,-0.250215,0.010846,-0.169259,-0.133195,0.139737,-0.273915,0.010785,0.055835,-0.153492,0.204808,-0.075651,-0.181971,0.184018,0.047629,-0.173785,0.155505,-0.15321,-0.100267,0.137041,-0.189161,-0.274466,0.176342,0.014015,0.205208,-0.208141,0.167746,0.194669,0.191076,0.030811,-0.266009,-0.094211,0.160931,-0.009509,0.212851,0.179106,0.086101,0.027983,0.191412,-0.124834,0.256968,-0.014844,0.152735,0.002244,-0.28054,-0.300529,0.074817,0.035533,-0.292195,0.009193,0.131729,0.232752,0.215553,-0.215203,-0.219069,-0.088436,-0.14014,-0.079391,-0.099079,-0.062557,0.367402,-0.175092,0.031753,0.208102,-0.022541,0.060903,-0.166283,0.270947,-0.121036,-0.218794,0.009922,0.082398,-0.231644,-0.059056,-0.359264,0.12938,-0.001033,0.191224,0.106173,0.029494,0.048232,0.025853,-0.064942,-0.137099,0.077183,-0.019605,-0.288928,0.041017,-0.1845,-0.105266,-0.232799,-0.002361,0.030876,-0.201422,0.146929,-0.125473,-0.284375,-0.082509,0.088346,-0.38218,-0.234458,-0.086135,-0.27567,0.003984,-0.101239,0.07845,-0.074627,-0.085983,-0.321031,-0.257479,-0.280311,0.047115,-0.267186,0.039876,0.282411,-0.219042,0.114059,-0.128989,-0.262903,0.246531,-0.139485,-0.152993,0.112632,0.136345,0.309696,0.101331,-0.015018,-0.319579,-0.247283,0.387344,0.381089,0.132684,0.24246,-0.03909,-0.03159,-0.079255,-0.145933,-0.183282,0.155754,0.064166,0.058086,0.136884,-0.03877,0.057365,-0.035671,0.17623,-0.032608,0.438864,-0.090412,-0.070442,0.214455,0.205319,-0.117906,0.38868,0.074542,-0.35666,0.185676,0.056319,-0.291347,0.067677,0.192719,-0.034008,-0.260795,-0.329279,-0.138517,-0.06243,-0.09179,#
14,0.25395,0.198547,-0.219262,-0.083908,0.019457,-0.077076,0.096602,0.138328,-0.084806,0.011219,0.027713,0.098602,-0.026165,0.104924,1.0,0.082364,0.162975,-0.184411,-0.136188,-0.095998,-0.239945,-0.116815,-0.183889,-0.148905,0.011702,-0.031598,0.188454,-0.035728,-0.08049,-0.008284,-0.239398,0.087359,-0.115217,-0.169193,0.106142,-0.046103,-0.080056,0.211567,-0.058798,0.289925,-0.142357,-0.086396,-0.354249,-0.112696,0.330279,-0.43264,0.281868,0.060426,-0.062874,-0.033238,-0.096379,-0.031042,-0.140316,-0.068916,-0.050841,0.201391,-0.03841,-0.042353,0.219827,0.085886,-0.224495,0.541679,-0.003354,0.012151,-0.335198,-0.057372,0.000723,-0.127764,0.17436,-0.162956,0.279648,0.136414,-0.126927,0.039495,0.25438,0.132556,-0.246945,-0.094942,-0.266098,0.080856,-0.094996,-0.211586,-0.081659,-0.08837,-0.0927,0.0069,-0.186213,-0.116961,0.015316,-0.130431,0.063986,-0.059678,-0.006045,0.028225,-0.037031,-0.087218,0.113486,-0.143212,-0.26221,-0.097555,-0.11091,-0.153542,0.066388,0.015488,0.023876,-0.10848,-0.012029,-0.098259,0.123522,-0.13812,-0.049228,0.02947,-0.202565,0.069299,-0.265636,-0.135709,0.031222,-0.077037,0.064193,-0.18492,-0.105839,0.049067,-0.175997,0.063,0.222246,-0.036414,-0.224656,0.117445,0.016904,-0.112514,-0.076803,-0.249005,-0.135364,-0.180078,-0.071938,-0.159865,-0.125998,-0.17674,-0.08207,0.107609,-0.153185,-0.018325,0.113819,-0.237197,-0.158985,-0.101411,0.163199,0.078905,0.015552,0.121815,-0.108443,0.102828,-0.270386,-0.129099,0.01166,-0.026494,0.196102,-0.0314,-0.205301,-0.14138,-0.255659,-0.016407,0.043568,-0.075181,-0.04428,-0.033977,-0.132477,0.149274,-0.009676,-0.482675,-0.028258,-0.16457,-0.127002,-0.16258,-0.148627,0.030005,-0.248982,-0.090563,0.045408,-0.073727,0.077111,0.013467,-0.001544,0.166431,0.00548,-0.036232,0.362595,-0.016964,0.014895,-0.06091,-0.046186,0.121323,-0.007579,0.076109,-0.095289,-0.048209,-0.165512,0.084358,0.005386,0.171211,#
15,0.164728,-0.069461,-0.19976,-0.045057,0.243195,0.175552,0.049189,-0.034737,0.034753,0.419725,0.133003,0.272816,0.09332,0.167237,0.082364,1.0,0.05187,-0.167329,0.118877,-0.232205,0.170162,-0.158443,0.033576,-0.268876,-0.226285,-0.223805,-0.052447,-0.074109,0.18548,0.346251,-0.272031,0.151531,-0.233796,-0.246658,0.169557,0.067488,-0.143256,-0.193515,0.447919,0.298984,-0.097144,-0.087537,-0.011555,0.046851,0.059061,0.046271,-0.135885,-0.193857,-0.039336,-0.146142,0.373367,-0.159173,0.082347,-0.035011,0.001669,0.166443,-0.117021,0.013383,-0.170133,0.020221,-0.058142,0.14821,-0.103976,-0.011713,0.083609,-0.059431,0.258899,0.099773,0.244625,-0.355415,-0.092623,0.010368,-0.080491,0.025175,-0.060133,0.208894,-0.229247,-0.272177,-0.258221,-0.102808,-0.04359,-0.085743,0.093985,0.089092,-0.174692,-0.106765,-0.170271,-0.059337,-0.257626,0.021064,-0.001608,-0.423979,-0.099322,-0.147113,-0.318541,-0.19265,-0.061834,-0.07131,-0.376621,-0.121706,0.140537,-0.096795,-0.151669,0.008378,-0.061071,-0.142059,-0.221563,0.078127,-0.071773,0.189021,-0.366003,0.22918,-0.108272,-0.158949,-0.294435,-0.154599,0.012476,0.046661,-0.168341,-0.27383,-0.391572,-0.029375,-0.207215,-0.074894,-0.03734,-0.086993,-0.231307,-0.031585,-0.111933,-0.25254,-0.15704,-0.326612,-0.175642,-0.115705,-0.344415,-0.097521,-0.026458,-0.219513,-0.102013,-0.177743,-0.281784,-0.086657,-0.017055,-0.083667,-0.182641,-0.097552,-0.126656,0.209417,-0.268493,-0.174302,0.009832,-0.339925,-0.175435,-0.54415,-0.234029,-0.154797,-0.164638,0.103323,-0.406654,-0.211293,-0.357934,-0.250221,-0.035763,-0.14728,-0.19229,-0.058678,-0.404531,0.074211,0.050503,-0.087741,0.050436,-0.115577,-0.181268,-0.136672,0.377036,-0.135527,-0.315816,0.204457,0.107135,0.005358,0.149979,-0.09208,0.009015,0.477646,0.148181,-0.256361,0.262636,-0.20691,0.082138,0.106653,-0.293791,0.205938,0.373043,0.321392,0.06185,0.064414,0.058124,-0.146749,-0.001286,-0.075089,#
16,0.067297,-0.337933,0.035103,0.004781,0.070675,0.041522,0.03749,0.016469,-0.051654,-0.08659,0.297372,-0.007967,0.005571,0.000889,0.162975,0.05187,1.0,-0.280943,-0.120862,-0.016499,-0.096825,-0.021623,-0.210769,-0.106496,-0.103657,0.049104,-0.326455,-0.014907,-0.04865,-0.14144,-0.052061,0.054817,-0.301578,0.033547,0.047245,0.143981,0.167563,0.06927,0.094341,0.019692,-0.200388,-0.064587,-0.213216,-0.104854,0.080549,-0.03247,-0.035072,-0.298165,0.157743,0.154239,0.111157,0.125122,-0.282672,-0.113312,0.279517,0.189726,-0.061739,0.080586,0.065133,0.08544,-0.028835,0.114754,0.002625,-0.030255,-0.010357,-0.24192,-0.190153,-0.154115,0.10819,-0.287679,0.296318,0.062337,-0.262975,-0.086326,0.042937,0.134913,-0.174956,0.104391,-0.258839,0.079123,0.055728,0.199102,0.095938,0.271777,-0.29962,0.124318,0.064388,0.106149,-0.01875,-0.043342,0.117513,0.057578,0.136556,0.046518,0.040902,-0.16966,-0.005529,-0.134057,0.125441,-0.265986,0.055672,0.037238,-0.075937,-0.164322,-0.274021,0.072409,-0.11771,0.003811,-0.003157,0.125476,-0.149962,-0.164755,-0.021226,-0.025008,-0.2922,0.054981,-0.114619,-0.168017,0.171714,0.047872,-0.13728,0.173118,0.110951,0.094295,0.047275,0.018201,-0.12199,-0.0279,0.075209,-0.203061,0.171935,0.247772,-0.113444,0.090436,-0.047662,-0.180631,-0.133111,-0.101641,-0.138049,0.173842,-0.100813,0.052984,0.116141,0.088401,-0.216927,0.006561,0.145724,-0.219004,0.199936,0.11824,0.043849,0.158323,0.000214,-0.012709,0.023694,-0.180027,0.183472,-0.059805,-0.13637,0.094174,0.079898,-0.083834,0.189528,-0.146074,-0.156545,0.060935,0.175133,0.075144,-0.012867,-0.042536,0.237102,-0.040009,0.030135,0.288176,0.100675,-0.103493,-0.011867,0.082289,0.009205,0.200352,-0.063795,-0.003935,0.10691,0.027458,-0.03514,-0.054082,0.125752,0.037387,0.123885,-0.271129,0.001868,0.119306,-0.039881,-0.134233,0.13164,-0.022665,0.177738,-0.033018,-0.215389,0.091015,#
17,-0.080005,0.196487,0.155309,0.181665,-0.032683,-0.143108,-0.069773,-0.049931,0.31048,0.114809,-0.232587,-0.107293,0.014482,0.08555,-0.184411,-0.167329,-0.280943,1.0,0.160566,0.11417,0.124496,0.000685,0.096968,0.158386,0.108322,-0.041687,-0.127187,0.04147,0.090155,0.009125,0.177916,-0.024918,0.230147,0.216283,-0.042302,0.126007,0.020775,-0.129666,-0.190042,-0.167739,0.065529,-0.042077,0.023082,0.218117,0.012449,-0.026636,0.057806,0.161115,-0.152713,0.002445,0.206043,-0.073406,0.167424,-0.141115,-0.23344,-0.047728,0.295928,0.269497,0.036813,-0.0858,0.121511,-0.164448,0.090451,-0.220579,0.054033,0.147534,0.190047,0.008389,0.034994,0.032061,-0.18216,-0.208532,-0.021695,0.005972,0.119055,-0.221671,0.054689,0.042822,0.052958,0.321289,0.173589,0.10921,-0.073023,-0.119885,0.436014,-0.209357,0.20894,0.003324,0.144265,0.139213,-0.135605,0.105504,-0.047657,0.257383,-0.029081,-0.189158,-0.081267,0.189269,0.369548,0.101765,0.152201,0.236924,0.115347,0.23848,0.041382,0.125692,-0.214261,-0.081285,0.068087,-0.070013,0.266541,0.034777,0.172984,0.288445,0.035519,0.132451,0.033358,0.24895,-0.109463,-0.064435,0.276263,0.017887,-0.045898,-0.151332,0.164501,0.038893,0.277962,0.090379,-0.243944,0.177905,0.196985,-0.006213,-0.157945,-0.030652,-0.175311,0.184001,-0.248583,0.134179,0.136466,-0.097463,0.096262,0.087626,-0.076103,-0.143267,0.186069,-0.258398,-0.130189,0.016016,0.031915,0.012369,0.089158,-0.22536,0.175069,0.062032,0.076551,0.081581,-0.036698,0.247002,0.124043,0.217268,0.065284,0.051723,-0.132006,0.385572,0.242695,-0.103403,0.024842,-0.099718,-0.027428,0.296058,-0.070183,0.090202,0.105988,-0.013773,-0.134269,0.236082,0.094413,0.102788,-0.078585,-0.102648,0.117993,0.111874,-0.206258,-0.318477,-0.109266,0.019033,-0.125626,0.154182,-0.261634,0.298329,0.137935,-0.127003,0.091378,-0.090862,-0.040686,-0.179835,-0.022398,0.134246,0.210448,-0.287641,#
18,-0.10381,0.06153,-0.074979,-0.299075,0.231828,0.115047,0.142247,-0.143534,0.325964,0.189949,-0.044247,0.094298,0.15744,0.029865,-0.136188,0.118877,-0.120862,0.160566,1.0,0.006662,0.298273,0.080204,0.359823,0.21575,0.000862,-0.246154,0.14091,0.225662,-0.139834,0.258653,-0.073264,-0.24392,-0.186027,0.148443,-0.182895,0.114968,-0.136066,-0.263489,-0.005732,-0.081599,-0.000961,0.013318,0.126248,0.241864,-0.200356,-0.045617,0.055653,0.178018,-0.148921,0.020579,0.306611,-0.008472,0.294555,-0.206699,-0.004628,0.061502,-0.076078,-0.049916,-0.026116,0.150594,-0.165318,0.01813,-0.085388,-0.040147,0.098241,0.278735,-0.065441,0.129988,0.139819,0.086514,0.014168,-0.09305,-0.110593,0.093007,-0.16739,0.083078,-0.172574,-0.345988,-0.022537,-0.015995,-0.164314,-0.214143,-0.330962,0.109912,0.007304,-0.199741,-0.112046,-0.099639,0.064698,0.003051,-0.168079,-0.139244,-0.187475,0.154829,-0.069735,-0.112651,0.067933,-0.03899,-0.204773,-0.097385,0.210748,0.106576,-0.216217,0.006993,-0.093868,-0.218146,-0.159565,0.056659,-0.01482,-0.008032,0.210076,-0.10228,-0.068615,-0.207331,-0.283306,-0.251973,-0.049193,-0.008482,0.107238,-0.267958,-0.143493,-0.37784,-0.335498,-0.464654,-0.110306,-0.292898,0.129372,-0.098882,-0.084299,-0.201212,-0.038635,-0.008748,-0.092883,0.09618,-0.339022,0.038191,-0.002628,-0.158698,-0.191033,-0.24225,-0.052983,0.201678,-0.353582,-0.311168,-0.180874,-0.203386,-0.165565,0.248442,-0.328867,-0.192305,0.11141,-0.363076,0.144349,-0.182288,-0.243543,-0.174364,-0.039898,0.291001,0.063155,0.195019,-0.021498,-0.256084,-0.140122,0.114361,-0.00947,0.07001,0.049222,-0.104679,-0.074776,0.092128,0.178545,0.417687,-0.013144,-0.151201,0.187307,-0.302877,0.016803,0.173331,0.191529,0.10241,0.35847,-0.052214,0.093132,0.185719,0.014148,0.139517,0.230449,0.082701,-0.322996,0.262706,-0.01703,-0.055442,-0.141216,0.092468,-0.222358,0.184081,0.252588,0.027861,0.225571,0.012313,#
19,-0.158928,-0.104521,0.113064,0.162684,-0.106316,-0.20846,-0.031981,0.30524,0.134876,-0.194697,-0.258163,-0.201045,0.003887,-0.073672,-0.095998,-0.232205,-0.016499,0.11417,0.006662,1.0,-0.192316,-0.073612,-0.175004,0.404606,0.20299,0.107092,0.059615,0.013433,-0.246331,-0.029487,0.156064,-0.113893,-0.000379,0.427204,-0.17739,0.087476,0.184528,0.131909,-0.062275,-0.168253,-0.073773,-0.143985,0.053888,-0.122793,0.103869,0.089267,0.092158,0.140915,-0.177517,0.110216,-0.042712,0.270829,0.001909,-0.058855,-0.299574,-0.108974,0.170889,-0.193676,0.180235,-0.195649,-0.052333,-0.07542,0.091119,0.064926,-0.283731,-0.069812,0.243295,-0.054726,-0.105862,0.19263,0.042898,-0.105925,-0.049995,0.07655,-0.008132,-0.119506,0.600279,0.202976,0.346071,0.23747,0.483994,0.142079,0.25103,-0.267985,0.208462,0.240816,0.027345,0.029159,0.288877,0.199469,0.031828,0.28042,0.3233,-0.021297,-0.224732,0.131809,0.217568,0.236663,0.195186,0.061774,-0.155191,0.334178,0.081189,0.077884,0.13258,0.265621,0.151379,0.152426,0.209232,-0.293754,0.342258,-0.010289,0.47985,0.175099,0.187328,0.025964,0.23339,0.110294,0.048273,-0.012969,0.373994,-0.013247,0.299095,0.081512,0.053303,0.261869,-0.002236,0.011269,0.171723,0.431691,0.009259,0.230283,0.17217,-0.015547,0.025996,0.165873,-0.146045,0.12123,0.070949,0.18804,0.234214,0.076061,0.362564,0.139087,0.22022,0.146027,0.104554,-0.177235,0.215881,0.30497,-0.021527,0.209237,0.137084,0.131649,0.429115,0.399669,0.175955,-0.063353,0.190855,0.353002,0.217264,0.295899,0.090062,0.194696,0.348098,-0.030829,0.357004,0.120037,0.093906,0.148044,-0.154562,0.166944,0.130718,0.139746,-0.345502,0.12933,-0.024914,-0.285142,-0.182652,-0.011424,-0.153853,-0.103126,-0.113119,-0.333161,-0.107449,0.219402,-0.09834,0.190883,-0.162571,-0.337272,0.33257,-0.248258,-0.235147,-0.238799,-0.042595,-0.187617,-0.072424,0.182322,0.02845,-0.14745,#
20,0.069402,0.253406,-0.012762,0.060497,0.261999,0.17025,0.271676,-0.122126,-0.0853,0.342082,0.202792,0.047167,0.278405,-0.191243,-0.239945,0.170162,-0.096825,0.124496,0.298273,-0.192316,1.0,0.346678,0.015679,0.086687,-0.052193,-0.193982,-0.052942,0.120164,0.367758,0.27336,-0.024638,-0.154738,0.068836,-0.046141,-0.065871,-0.008098,-0.074659,-0.343695,-0.077282,0.190667,0.222595,0.171354,0.087772,0.127453,0.002048,-0.100599,-0.473493,-0.09559,-0.225996,-0.102694,0.21925,-0.182345,0.026626,-0.111008,0.279967,0.023988,-0.249348,0.160704,-0.042375,0.181094,0.113257,0.003855,-0.008238,-0.090922,0.220674,0.150443,-0.052061,0.000265,0.127059,-0.034372,-0.437156,-0.010359,0.234418,-0.112588,-0.284983,-0.003473,-0.301042,-0.014388,-0.216993,-0.166431,-0.239387,-0.197252,-0.043871,0.041324,-0.264243,-0.434905,0.203491,-0.326594,-0.14155,-0.281158,-0.144457,-0.424572,-0.251805,-0.076819,-0.027102,-0.160791,-0.224716,-0.010458,-0.161463,0.072335,0.354249,0.059975,-0.080518,-0.167785,-0.106627,-0.073423,-0.360303,-0.167031,-0.306605,0.07355,-0.068463,-0.056566,-0.3105,-0.179878,-0.150306,-0.139935,-0.048668,-0.173428,-0.214908,-0.218567,-0.247504,-0.193998,-0.281639,-0.176999,-0.15466,-0.317499,0.275557,-0.112009,-0.079103,-0.291811,-0.277483,-0.129531,-0.104784,0.098602,-0.247216,0.102478,-0.193345,-0.313254,-0.136338,-0.403835,-0.36809,0.11541,-0.27343,-0.078124,-0.18768,-0.105844,-0.418668,0.40658,-0.151752,-0.327743,0.106304,-0.404599,-0.213786,-0.30513,-0.273559,-0.233549,-0.182304,0.299775,-0.130179,-0.198317,0.047997,-0.187594,-0.239385,-0.000438,-0.350976,0.090794,-0.286786,0.013509,0.043303,0.072664,0.152898,0.226316,-0.170619,0.05311,0.24042,-0.334823,-0.137403,0.347099,0.174854,-0.061211,0.270337,0.035429,0.110073,0.235737,0.206916,-0.144783,-0.025125,0.042468,0.199135,0.428542,-0.233996,0.335055,0.286545,0.23966,0.107296,0.197075,0.457653,-0.023899,0.1102,-0.034916,#
