0,1.0,0.36736,-0.098611,-0.164104,0.358645,0.143466,0.034369,0.187828,-0.02986,0.245564,-0.069251,0.075373,0.461402,0.239897,0.14804,-0.134027,0.096315,0.162777,-0.04305,-0.14218,-0.021774,0.336127,0.230989,0.027906,-0.223755,-0.181653,0.099194,-0.179871,0.241473,0.286466,-0.011195,0.081678,0.17539,-0.163341,-0.104354,0.092726,-0.183881,-0.143038,-0.032875,-0.05559,-0.0711,-0.006052,-0.094108,0.129174,-0.073636,-0.269766,0.167972,0.199054,-0.262175,-0.174838,-0.020597,-0.294278,-0.110505,-0.122013,0.060485,-0.101117,-0.068846,-0.032227,0.223434,0.28629,0.32911,-0.009014,-0.393319,-0.075265,0.121921,0.253331,-0.04007,0.270563,0.190103,-0.149835,-0.090595,0.007833,-0.336636,-0.184315,-0.458288,0.313003,-0.070005,-0.240074,-0.413368,-0.237437,-0.074199,-0.282057,-0.129785,0.033318,-0.183898,-0.122675,-0.063482,-0.095473,-0.129412,-0.360851,-0.260042,-0.496293,-0.313799,0.11503,-0.089541,-0.146,0.076704,-0.291225,-0.153125,-0.173665,0.173283,-0.258148,-0.167718,-0.038331,-0.203323,-0.176884,-0.304764,-0.146545,-0.390243,-0.107295,0.154829,0.069877,-0.266716,-0.162079,-0.297533,0.015006,-0.381529,-0.380583,0.131994,-0.309747,-0.38523,-0.317479,-0.060014,-0.242136,-0.061585,-0.007982,-0.090531,-0.110492,-0.043803,-0.12869,-0.329738,-0.158389,-0.233286,-0.038129,-0.366487,-0.100715,0.14533,-0.381971,0.12653,-0.215475,-0.053452,-0.234189,-0.388103,0.00398,-0.166582,-0.170018,-0.146504,0.259689,-0.394714,-0.416485,-0.157325,-0.374905,-0.123879,-0.212036,-0.10389,-0.236376,0.296274,0.416794,-0.297051,-0.357316,-0.289011,-0.256045,-0.059896,-0.293123,-0.175319,0.398018,-0.334053,-0.225088,-0.248644,-0.167114,0.151823,0.158591,-0.334138,-0.189572,0.318219,-0.558433,-0.246567,0.204909,0.312761,-0.224451,0.111515,-0.060195,-0.040253,0.11539,0.383549,-0.310644,0.269545,-0.007504,-0.191421,0.414309,0.101109,0.261427,0.341865,0.160574,-0.088697,0.229576,0.051983,-0.3546,-0.036018,0.334621,#
1,0.36736,1.0,0.277409,-0.154569,0.14856,0.096388,0.388876,0.153076,0.287572,0.268557,-0.266887,-0.209424,0.361981,0.266144,0.360771,-0.315923,0.091706,0.368001,0.128114,-0.087829,-0.043669,0.135741,0.352705,0.02201,-0.230645,-0.291551,0.292905,-0.032022,0.197958,0.293378,-0.441079,0.015088,0.301279,-0.087372,-0.0569,0.267657,0.031953,-0.22637,0.012819,-0.012745,-0.195709,0.155346,-0.017125,0.229224,0.239224,-0.422497,0.237377,0.119981,0.021181,0.259023,0.042359,-0.372117,-0.010036,-0.153725,0.067387,-0.329818,-0.141811,-0.228317,-0.15517,0.019537,0.158259,0.156212,-0.373706,0.113235,0.032497,0.326411,-0.118038,0.345039,0.307037,-0.061144,-0.112319,-0.064793,-0.193906,-0.487606,-0.315024,0.445678,-0.239234,-0.482099,-0.285747,-0.355682,-0.234988,-0.405851,-0.408466,0.000355,-0.328208,-0.07389,-0.286508,-0.268428,-0.323325,-0.296838,-0.376692,-0.125854,-0.579025,-0.047884,-0.260661,-0.185961,0.232027,-0.189292,0.028381,-0.128505,-0.051618,-0.273048,-0.394685,-0.150946,-0.406975,-0.282141,-0.435736,-0.115319,-0.577133,-0.20659,0.248138,0.350529,-0.194931,-0.433864,-0.130329,-0.169252,-0.38502,-0.633731,0.020432,-0.5392,-0.329382,-0.367041,-0.393342,-0.3463,-0.060506,-0.184065,-0.254897,-0.014634,-0.159919,-0.148519,-0.223801,-0.402057,-0.387826,0.046063,-0.19313,-0.283984,0.231587,-0.230365,0.096176,-0.403171,-0.311737,-0.038094,-0.50022,-0.205444,-0.177786,-0.20397,-0.24484,0.422428,-0.234126,-0.343751,-0.2513,-0.430386,-0.005879,-0.215104,-0.435442,-0.252073,0.368994,0.520106,-0.310356,-0.129284,0.071711,-0.123095,0.236836,0.016879,-0.324052,0.446216,-0.23153,0.022217,-0.226464,0.064531,0.058562,0.040429,-0.202318,-0.419059,0.363569,-0.20407,-0.266612,0.369627,0.493239,-0.516612,0.174101,0.164376,-0.150249,0.062543,0.246342,-0.117066,0.238223,-0.051924,-0.353857,0.468032,0.149852,0.506814,0.297098,0.364521,-0.227244,0.117546,0.12445,-0.275688,-0.044406,0.191596,#
2,-0.098611,0.277409,1.0,0.300894,-0.031602,-0.114087,0.081291,-0.019522,0.195438,-0.09247,-0.051452,0.021136,-0.22119,-0.02917,-0.056272,-0.131229,-0.113658,0.138331,-0.035223,0.12161,-0.106869,-0.096684,0.273156,-0.081297,-0.047721,-0.110927,0.423839,0.10326,-0.064436,0.10449,-0.002688,0.319308,-0.038063,-0.02878,0.144061,0.129849,0.342701,-0.221892,-0.042546,-0.011077,-0.012817,0.193084,-0.049871,0.099174,0.045213,-0.295313,0.02492,0.281988,0.131915,0.032966,-0.21427,0.1341,0.13956,-0.044186,-0.23345,-0.09065,-0.198145,-0.294531,-0.381491,-0.130869,-0.179618,-0.296757,0.022837,0.07617,-0.088175,-0.028546,-0.040658,0.037979,-0.003405,0.394183,0.281033,0.244355,0.041308,-0.079416,0.037277,0.027561,-0.183998,-0.429973,-0.026156,-0.089921,0.164257,-0.088328,0.0081,0.188703,0.00392,0.260473,-0.041924,0.015683,-0.054254,0.002245,-0.004062,0.066486,-0.211054,0.071537,-0.072128,0.027448,0.275368,-0.050308,0.065328,-0.158907,-0.164979,0.055865,0.007464,-0.001679,-0.051404,-0.150914,-0.049586,0.179424,-0.20635,0.216953,0.388159,-0.04019,-0.087546,0.02714,0.414839,-0.234789,-0.106069,-0.253902,0.074573,-0.159839,-0.045832,-0.1828,-0.0057,-0.088994,-0.09394,-0.237078,-0.193567,0.095403,0.021943,-0.151519,0.423641,-0.300472,-0.17739,-0.071489,0.088286,0.139468,0.142397,0.258828,0.229842,0.046971,0.099814,0.160215,-0.08109,-0.287995,-0.148323,0.312349,-0.081708,0.068835,0.137186,0.056485,-0.120089,-0.15344,0.188285,-0.094928,-0.058343,-0.049633,0.007295,0.210901,0.122413,0.093101,0.06118,0.093505,0.103044,-0.055971,-0.175789,-0.152169,-0.160711,-0.000199,0.092313,0.185476,-0.060791,-0.089814,-0.122769,-0.062295,-0.07609,0.154536,-0.06606,0.135422,0.125905,-0.356293,0.135483,-0.208033,-0.267853,0.171331,-0.043323,0.023517,-0.172741,0.04306,-0.174917,0.060635,0.325904,0.124251,0.003686,0.246582,-0.065518,0.00954,0.058855,-0.007164,0.141334,-0.069459,#
3,-0.164104,-0.154569,0.300894,1.0,-0.211357,-0.184636,-0.275367,-0.288683,-0.258368,-0.150786,0.094715,0.048209,-0.189475,-0.171774,-0.257026,-0.146195,-0.08578,-0.032763,-0.125252,0.276218,0.20918,-0.149065,-0.071168,-0.025117,0.157554,0.104395,-0.008814,0.156622,-0.050058,-0.144523,0.443015,0.044418,-0.245334,-0.039066,0.062342,-0.37025,0.124285,0.116828,-0.061959,0.080144,0.112039,0.188479,-0.152214,-0.137189,-0.126305,0.230692,-0.047272,-0.030735,0.243318,-0.160882,-0.006146,0.482966,0.172209,0.110994,-0.141449,0.002162,0.106834,0.021444,-0.095263,0.205719,-0.273911,-0.082612,0.073296,-0.204154,0.081847,-0.27788,0.10789,0.158836,-0.1132,-0.003503,0.183732,0.19384,0.203148,0.265922,0.073534,-0.368872,0.054537,0.052535,0.174846,0.190344,0.323947,0.457852,0.267472,0.192297,0.184919,0.007038,0.260273,0.245955,0.104192,0.075115,0.292341,0.212391,0.436451,-0.145811,0.326027,0.198936,-0.024477,-0.080007,0.033637,0.215752,0.011629,0.213646,0.32168,0.071494,0.241369,0.317223,0.136877,0.174543,0.265276,0.310583,-0.11715,-0.104129,0.148819,0.343935,0.186385,0.037621,0.310478,0.152703,0.003091,0.129418,0.174936,0.136147,0.328262,0.053805,-0.071128,0.080067,-0.010131,-0.019284,0.205428,0.246792,0.421393,0.047724,0.156054,0.175265,0.324955,0.358526,-0.043238,0.341639,0.322181,0.389075,0.2863,0.141749,0.212556,0.142972,0.353419,0.377537,0.189867,-0.272227,0.28866,0.329216,0.129981,0.131526,0.168143,0.216,0.179678,0.142557,-0.279649,-0.15694,0.144365,0.27951,-0.262665,0.072422,-0.035615,-0.009167,-0.016298,-0.371092,0.071592,-0.063851,0.157742,0.16471,-0.300492,-0.121346,0.234411,0.062602,-0.396388,0.174979,0.126358,0.050877,-0.397629,0.111083,-0.322401,-0.176041,-0.206606,-0.102949,-0.100435,0.098805,-0.053569,0.170551,0.316092,-0.30514,0.167459,-0.198075,-0.153393,-0.150711,-0.051843,-0.056831,-0.372198,0.291787,0.130386,-0.246429,#
4,0.358645,0.14856,-0.031602,-0.211357,1.0,-0.046953,0.086319,0.033217,-0.103863,-0.046451,0.058175,0.129493,0.124016,0.011654,0.300399,0.055334,0.049701,0.045773,0.076631,-0.05116,-0.053907,-0.098106,0.04136,-0.175966,-0.077559,-0.144964,-0.186744,-0.153844,0.200688,0.016832,-0.205602,-0.182194,-0.015722,-0.231828,-0.195775,0.135956,-0.233448,-0.243239,-0.090418,0.139994,-0.118864,-0.095465,-0.190653,0.114017,-0.111999,-0.071562,0.039784,0.203597,-0.152788,0.1073,0.350613,-0.203091,0.014034,-0.207527,0.112885,-0.003152,-0.389651,0.056292,-0.021586,-0.144838,0.028122,0.136614,-0.114151,0.146243,-0.010775,0.300987,0.045703,-0.113789,0.0058,0.075992,-0.23972,-0.008441,-0.095017,0.047024,-0.208577,0.381107,-0.03426,-0.358754,-0.257133,-0.324472,-0.215453,-0.284317,-0.258938,0.042337,-0.120285,-0.188769,-0.005075,-0.248962,-0.260435,-0.087712,-0.089336,-0.273502,-0.137108,-0.193535,-0.142472,-0.027571,0.103769,-0.250138,-0.027279,0.142255,0.184149,-0.230456,-0.292339,-0.095757,-0.289778,-0.183995,-0.162411,-0.074051,-0.060369,-0.024835,0.031348,-0.271745,-0.250146,-0.225455,-0.194037,-0.107865,-0.318131,-0.109265,-0.028776,-0.112193,-0.368214,-0.049521,-0.027276,-0.030598,-0.142157,-0.309147,0.026839,-0.104218,-0.187539,-0.093028,-0.127601,-0.270591,-0.361937,-0.159003,-0.258498,-0.208788,0.224312,-0.184994,-0.208915,-0.016027,-0.093017,-0.215636,-0.02785,-0.039855,-0.142674,-0.055742,-0.075472,0.064094,-0.28346,-0.388627,-0.222341,-0.18197,-0.445749,-0.161641,-0.312782,-0.108156,0.280534,0.346188,-0.102523,-0.25252,-0.185108,-0.153277,0.024598,-0.117797,-0.320539,0.167289,-0.169434,0.144325,-0.089313,-0.054117,0.103736,0.09489,0.01474,-0.11208,0.175216,-0.180876,-0.277403,-0.089625,0.298734,-0.013346,0.239729,-0.039449,0.285112,0.189702,0.206087,-0.368201,0.130697,-0.123845,-0.239131,0.13712,-0.11579,0.221406,0.095337,0.005772,0.163822,-0.252727,0.258545,-0.160394,-0.359394,0.315587,#
5,0.143466,0.096388,-0.114087,-0.184636,-0.046953,1.0,0.145429,0.202423,0.019654,0.023998,0.25167,0.053881,0.031826,-0.088107,-0.068142,0.00678,0.261788,0.032967,-0.342735,0.191394,-0.120615,0.413935,0.128317,-0.038426,0.021681,-0.364356,0.064453,-0.049467,-0.116646,-0.371359,-0.126298,0.162411,0.065598,-0.056324,-0.076411,0.016812,-0.19168,-0.023497,-0.065827,-0.288404,-0.09054,0.195668,0.129743,0.11138,0.300579,-0.082747,0.042621,0.241031,0.07609,0.042829,-0.00074,-0.049694,0.038726,-0.099916,-0.056008,-0.071797,0.230352,-0.245419,0.229255,-0.091629,0.140868,-0.092987,-0.194765,0.045452,0.012683,0.06068,-0.211171,0.022905,0.227783,0.105877,0.035854,0.301358,-0.054392,-0.126119,-0.203084,0.164561,-0.146717,0.0306,-0.244602,-0.156548,0.358622,-0.208146,-0.019151,-0.348432,0.029714,0.151553,-0.09266,-0.25529,-0.011366,-0.335461,-0.090672,-0.051419,-0.13007,0.061216,0.078539,-0.044234,0.077311,0.0809,-0.051613,-0.105345,-0.028794,0.039511,0.111559,0.009902,0.039004,-0.171402,-0.068225,-0.311158,-0.297372,-0.230737,0.124759,0.022884,-0.020893,-0.212526,-0.123817,-0.236172,-0.471331,0.101775,-0.023702,-0.080828,-0.049523,-0.257902,0.262331,-0.246616,0.023013,0.174134,-0.00276,0.06029,0.147743,0.220305,-0.152012,0.084255,0.025491,-0.214285,-0.019033,-0.029659,-0.075241,-0.265001,0.011659,-0.319826,-0.166835,-0.174386,-0.336051,0.057901,0.071067,0.11601,-0.237598,-0.025848,-0.05407,-0.143286,0.030653,0.096547,-0.120225,0.115941,-0.007431,0.003565,-0.062716,0.066401,-0.157039,-0.005259,0.101113,-0.088287,-0.000201,0.228786,-0.052886,0.341484,0.128559,-0.010497,-0.124225,-0.107168,0.08731,0.036979,-0.228654,0.210954,-0.056325,-0.234631,-0.013459,0.123425,0.054595,0.005753,0.07524,0.055202,0.040578,-0.047405,-0.179933,-0.064359,-0.011613,0.126817,-0.130821,-0.12058,0.0395,-0.067573,0.097663,-0.134913,0.057911,0.122535,-0.030883,-0.011582,-0.006163,0.103182,#
6,0.034369,0.388876,0.081291,-0.275367,0.086319,0.145429,1.0,0.248231,0.496169,0.260165,0.035637,-0.118533,0.317355,-0.092687,0.394715,-0.124291,-0.080034,0.012098,0.05704,-0.031307,-0.187823,0.180951,0.087971,0.011886,-0.118161,-0.215989,0.203502,-0.162729,0.166567,0.057312,-0.52889,-0.094046,0.218943,0.017394,-0.15802,0.245751,-0.149939,-0.137639,0.104646,0.055782,-0.116524,0.25913,-0.169389,-0.154887,0.003715,-0.194892,0.243575,0.188237,0.061615,0.182322,-0.171578,-0.316261,-0.16063,-0.130256,-0.122067,-0.032028,0.111053,-0.123821,-0.152165,0.052148,0.077698,-0.038966,-0.151966,0.237017,0.235611,0.262208,0.133668,-0.050587,0.318995,-0.167806,0.112517,-0.059692,-0.152961,-0.438767,-0.178666,0.377199,0.005655,-0.280104,-0.064971,-0.129698,-0.14131,-0.370585,-0.39191,-0.302333,-0.222609,0.276739,-0.092967,-0.022472,-0.340325,-0.298523,-0.412146,-0.050425,-0.429776,0.174284,-0.11506,-0.209155,0.202038,0.17539,0.049996,-0.151063,-0.023249,-0.107426,0.039273,0.097797,-0.186744,-0.382932,-0.29692,-0.106974,-0.338565,-0.221886,0.170632,0.274222,-0.195346,-0.51616,-0.101313,-0.114416,-0.195242,-0.274912,-0.143565,-0.211739,-0.163841,-0.238249,-0.299125,-0.351613,-0.077308,-0.00608,-0.032341,0.419998,-0.151723,-0.076396,-0.250261,-0.620338,-0.465289,0.082999,-0.013425,-0.141824,-0.115047,-0.071309,-0.169235,-0.278461,-0.046163,-0.032959,-0.25273,-0.141799,-0.104924,-0.193151,-0.288458,0.608103,-0.078166,-0.276537,0.002123,-0.165413,0.009835,-0.347044,-0.263358,0.041149,0.329489,0.280336,-0.189403,-0.221999,0.353106,0.157918,0.358275,0.088672,-0.006683,0.327327,0.008443,0.056755,-0.306427,0.154088,0.218725,-0.008213,-0.195102,-0.172404,0.132091,-0.064812,-0.055411,0.110572,0.340481,-0.151396,0.275027,0.163996,0.100327,0.088114,0.265012,-0.047404,0.205319,0.054754,-0.40186,0.229366,0.158872,0.336236,-0.007038,0.149564,0.003791,-0.054168,0.004448,-0.050177,-0.083159,-0.114168,#
7,0.187828,0.153076,-0.019522,-0.288683,0.033217,0.202423,0.248231,1.0,0.239312,0.036299,-0.053077,-0.081013,0.175086,0.165693,-0.012409,0.106167,-0.059138,-0.099683,-0.125299,0.008641,0.073945,0.18889,0.005593,0.331869,-0.031658,-0.053223,0.167478,-0.134558,0.180666,-0.082711,-0.168757,0.05296,0.339117,0.018014,-0.123301,0.050108,-0.096006,-0.263614,0.328807,-0.18191,-0.178584,0.124628,-0.109883,0.013857,-0.176713,-0.104152,0.129631,0.086567,-0.026744,0.002731,-0.256429,-0.11648,-0.049054,0.197383,-0.21102,0.028738,0.200254,-0.229108,0.054825,0.184089,0.188964,-0.016466,-0.298232,0.12045,-0.008497,0.160238,0.003105,0.120103,0.242025,-0.075996,0.0853,0.094604,-0.259999,-0.005508,-0.105243,0.295442,-0.012579,0.003954,-0.223902,0.03064,-0.010506,-0.104095,0.047002,-0.108765,-0.082811,0.224025,0.11279,0.079918,-0.117493,-0.179107,-0.339375,-0.05945,-0.298777,0.210183,-0.188084,0.022429,0.331315,0.14736,0.114716,-0.253972,0.085062,-0.063668,0.092063,-0.006844,0.042289,-0.087973,-0.109572,-0.038407,-0.280059,-0.411417,0.152241,0.067215,-0.109469,-0.137476,0.047693,0.055584,-0.097834,0.000865,-0.181596,0.025524,-0.033792,-0.307198,0.166767,-0.192432,0.190182,-0.01242,-0.120948,-0.074976,-0.086048,-0.1153,-0.257034,-0.115333,0.004952,-0.094234,0.061994,0.018868,0.259118,-0.033625,-0.111857,-0.226531,0.063136,0.115055,-0.183363,0.134155,-0.113889,-0.11315,-0.201006,0.145143,-0.066284,-0.230134,-0.071732,0.12439,-0.118838,-0.017218,-0.108574,0.120886,0.376485,-0.028572,-0.012275,0.074751,0.033031,0.198532,-0.074387,-0.152992,0.005805,0.104495,0.142733,-0.334415,-0.34967,0.090156,0.097079,0.033214,-0.321805,-0.053949,0.110104,-0.086078,0.110711,-0.059399,0.108448,-0.100716,0.179584,0.146081,0.15649,0.054086,0.077593,0.163112,0.058007,-0.146089,-0.040206,0.131314,0.155766,0.062526,0.030751,-0.207393,-0.233534,0.071465,0.053235,-0.264698,-0.085451,0.185793,#
8,-0.02986,0.287572,0.195438,-0.258368,-0.103863,0.019654,0.496169,0.239312,1.0,0.175321,-0.250927,-0.073851,0.360287,0.162996,0.11613,-0.400828,-0.076431,0.283947,0.16737,-0.010097,0.028974,0.111149,0.186226,0.109561,0.125226,-0.174695,0.376214,-0.054803,0.083697,0.216892,-0.294209,0.09153,0.209414,-0.085215,-0.096574,0.181165,0.15564,-0.272767,-0.085176,-0.024531,0.23808,0.041293,0.072684,0.000243,0.174397,-0.410382,0.155546,0.160354,-0.001824,0.115532,-0.151567,-0.301349,0.04593,0.027874,-0.425698,-0.016271,0.104138,-0.230715,0.187616,0.011103,0.006815,-0.154235,-0.074137,0.127472,0.244492,0.339438,0.072963,0.033076,0.130675,-0.046233,0.204369,0.061829,-0.188131,-0.157851,0.069806,0.199669,0.016637,-0.14278,0.037749,-0.182282,0.032419,-0.237675,-0.23643,-0.274487,-0.068448,0.27644,-0.105549,0.082157,0.079667,-0.145136,-0.295892,0.127101,-0.504381,0.295096,-0.08876,-0.11723,0.344566,0.160277,0.035585,-0.118401,-0.060591,0.136386,0.122054,0.179203,-0.092045,-0.200158,-0.092814,-0.1481,-0.100168,-0.126404,0.436086,0.354895,-0.013324,-0.340766,0.065591,-0.083172,-0.131695,-0.130595,-0.000265,-0.189008,-0.083698,-0.205761,-0.212142,-0.256548,0.034166,0.101191,-0.039417,0.145413,-0.086655,-0.137838,-0.136587,-0.324294,-0.130036,-0.019957,0.094542,-0.092357,-0.051109,-0.068782,-0.12488,-0.138846,-0.059496,-0.09157,-0.153398,-0.350403,-0.240206,-0.082316,-0.344169,0.350694,0.053692,-0.173733,0.02309,-0.231485,0.159401,-0.296366,-0.094285,0.08103,0.422545,0.300303,0.085036,-0.117091,0.207066,0.157538,0.186288,-0.093261,0.31799,0.226848,0.037364,0.027798,-0.31024,0.070254,-0.187103,0.229632,-0.192445,-0.030347,0.14222,0.127964,-0.086744,0.165633,0.456863,-0.428067,0.159215,0.097027,-0.124368,-0.065997,0.025216,0.045087,0.332125,0.052759,-0.356085,0.244143,0.267604,0.030749,0.074711,0.135691,-0.105904,0.218381,0.147363,-0.061738,0.081541,-0.001869,#
9,0.245564,0.268557,-0.09247,-0.150786,-0.046451,0.023998,0.260165,0.036299,0.175321,1.0,-0.234409,0.124371,0.338587,0.212261,0.172487,-0.022064,-0.133295,0.096924,0.114159,-0.123175,-0.184566,0.221725,0.250825,0.028224,-0.208568,-0.115874,0.320016,-0.06074,0.131091,0.403638,-0.135701,-0.06243,0.087074,-0.054451,-0.130207,0.17811,-0.246702,-0.159418,-0.00725,-0.139924,-0.124926,0.043366,0.074835,-0.135642,-0.073695,-0.489204,0.223293,0.137675,-0.328223,0.134046,-0.272041,-0.116713,0.016659,-0.209856,0.059273,-0.215234,-0.020339,-0.177707,-0.070425,-0.109496,0.226859,-0.14712,-0.243727,0.014869,0.156834,0.185814,-0.145734,0.156331,0.071268,-0.282954,-0.141929,-0.313963,-0.178018,-0.454297,0.012684,0.233144,-0.062902,-0.338734,-0.023119,-0.002343,-0.262639,-0.309181,-0.324473,-0.114003,-0.010362,-0.019338,-0.247362,-0.154984,-0.149574,-0.091077,-0.241248,-0.099001,-0.305311,0.077989,0.059545,-0.124933,0.051626,0.274825,0.088554,-0.098475,-0.188635,-0.168482,-0.252167,0.067483,-0.175352,-0.046167,-0.429591,-0.075564,-0.216097,-0.243118,0.083256,0.331636,0.051658,-0.403647,-0.348461,-0.227894,-0.164107,-0.049185,0.272839,-0.435576,-0.032297,-0.227563,-0.142556,-0.254451,-0.236941,0.152174,-0.10331,-0.148043,-0.021511,-0.198671,-0.142959,-0.093229,-0.329928,-0.002854,-0.229746,-0.247889,-0.078775,-0.186222,0.122498,-0.271929,-0.031868,-0.222493,-0.329175,-0.405437,-0.126049,-0.135407,0.063652,0.252838,-0.35606,-0.24801,-0.185626,-0.450714,0.086017,-0.242731,-0.081986,-0.080463,0.233232,0.509346,-0.080755,-0.233013,0.029538,-0.045009,-0.099474,0.040969,-0.038957,0.205808,-0.300584,-0.064145,-0.187693,0.180052,0.104107,0.180549,-0.078368,-0.042596,0.28404,-0.356339,-0.293172,0.10662,0.150777,-0.06976,0.139551,-0.042094,-0.22014,-0.187497,0.208232,0.041486,0.222373,-0.034615,-0.053347,0.289334,0.125179,0.087941,-0.021261,0.411015,-0.02164,0.03003,-0.093435,-0.180886,0.101979,0.213073,#
10,-0.069251,-0.266887,-0.051452,0.094715,0.058175,0.25167,0.035637,-0.053077,-0.250927,-0.234409,1.0,0.036657,-0.3323,-0.467586,-0.087012,0.186589,0.174417,-0.296814,-0.024819,-0.221841,-0.029382,0.031574,-0.183463,-0.092688,-0.013285,0.016407,-0.198239,-0.020775,-0.121313,-0.40196,0.157972,0.021107,-0.157218,-0.004228,0.323211,-0.052958,-0.13847,0.116995,-0.037727,0.017326,-0.151723,-0.011823,-0.074912,-0.024697,0.002624,0.349947,-0.186495,-0.079056,0.13379,-0.046734,0.062534,0.156572,-0.071077,-0.071083,-0.035107,0.020823,-0.026933,0.226608,-0.133046,0.013254,-0.124518,-0.067959,0.004897,-0.122793,-0.110937,-0.412085,-0.135921,-0.309352,0.021292,0.065581,-0.031096,0.01738,0.157448,-0.043353,-0.014029,-0.009303,-0.062709,0.172071,-0.142728,-0.222869,0.060585,0.106293,0.027281,-0.181777,-0.014795,0.063292,0.161554,-0.082559,-0.212794,-0.02474,-0.179807,-0.151663,0.12567,-0.303321,-0.00013,0.039564,-0.253788,-0.053761,-0.064264,-0.065951,0.056268,-0.099061,0.17361,-0.100136,-0.017985,-0.187635,-0.026939,-0.143272,0.125196,0.292713,-0.299033,-0.039165,-0.00354,-0.139815,-0.037673,-0.090864,0.043429,0.058878,-0.136775,0.275563,0.04309,0.007126,0.162512,0.040859,-0.202756,-0.082507,-0.15145,0.136237,-0.028593,-0.00596,0.154988,-0.06292,0.0783,0.019901,0.182248,0.252742,-0.093888,0.151395,-0.168856,0.06189,-0.063215,0.112814,0.218473,0.122806,-0.026819,-0.005234,-0.102951,-0.105218,-0.146154,0.256797,0.050963,0.27978,-0.195524,-0.048767,-0.039696,-0.170999,-0.460142,-0.32182,-0.180076,0.08103,-0.08489,0.105987,0.20264,-0.132053,-0.247022,-0.132793,-0.080461,0.196319,0.295913,0.018254,0.134595,-0.028435,0.013605,-0.018307,-0.213649,-0.005812,0.00955,0.046746,-0.365577,0.382331,0.093307,0.055124,0.307438,0.274087,-0.12476,-0.239682,-0.358221,-0.089404,0.321994,-0.247843,-0.27982,0.02889,-0.009248,-0.355793,0.16784,-0.135118,0.109833,0.059553,-0.270434,-0.052821,#
11,0.075373,-0.209424,0.021136,0.048209,0.129493,0.053881,-0.118533,-0.081013,-0.073851,0.124371,0.036657,1.0,-0.020099,-0.051041,-0.072016,0.054593,0.120315,0.062481,-0.259468,-0.020685,-0.193249,0.063271,-0.062404,-0.216353,-0.002917,-0.039996,-0.040694,-0.075992,-0.100071,-0.099243,0.029684,-0.01565,0.010823,-0.000623,0.096757,0.186523,-0.278538,-0.183012,-0.166088,0.037655,0.128136,0.050829,-0.019061,-0.281755,-0.09767,-0.055776,-0.265328,0.196133,-0.128116,0.156523,-0.145026,0.127983,0.013745,-0.056928,-0.030821,-0.030898,-0.122422,-0.053836,0.140031,0.043365,0.019206,0.099914,0.074339,-0.537983,0.192857,-0.086532,-0.172223,-0.117072,-0.1685,0.205756,0.080613,-0.097206,0.065276,0.271781,-0.21005,0.095092,-0.235831,-0.236269,-0.024546,0.080353,0.268025,0.018509,-0.069886,-0.303114,0.092631,0.02104,-0.009253,0.141908,0.009948,-0.003388,0.070954,0.010399,0.107328,0.120274,-0.038306,0.128152,-0.095179,0.127492,-0.079909,-0.009027,0.109107,0.126817,-0.067779,0.018266,-0.122638,0.010859,0.076318,0.119751,0.101181,0.126494,-0.037474,-0.02113,-0.125723,-0.05339,-0.005528,-0.226078,-0.040192,0.185,0.174567,0.11785,0.197734,-0.201294,0.193094,0.154826,-0.049092,-0.021587,-0.153107,-0.0574,0.246485,0.08096,0.016483,0.268462,-0.153579,-0.02082,0.049499,-0.151917,0.050412,-0.159251,0.155586,0.084857,0.112668,-0.052865,0.012452,-0.06882,-0.02641,0.181306,-0.020703,-0.180629,-0.164851,0.036506,-0.059038,-0.055433,-0.03433,0.062443,-0.024642,0.115107,-0.057455,0.138029,-0.00883,-0.043567,-0.032561,-0.329265,-0.040574,0.100409,-0.011871,0.015048,0.082883,0.044231,0.039894,0.040264,0.051554,0.170417,0.019696,0.175002,-0.080447,-0.086861,-0.317444,0.055704,-0.06298,0.071758,-0.080875,-0.040315,-0.107827,0.10895,0.117063,-0.171151,0.059942,0.191044,-0.079218,-0.185733,-0.169914,-0.060087,0.076522,0.079269,-0.093176,-0.108614,0.264261,0.024822,0.094268,0.140909,#
12,0.461402,0.361981,-0.22119,-0.189475,0.124016,0.031826,0.317355,0.175086,0.360287,0.338587,-0.3323,-0.020099,1.0,0.366561,0.10171,-0.307173,-0.150214,0.234458,0.100986,-0.04279,0.023901,0.23157,0.290323,0.017666,-0.199061,-0.191544,0.204576,-0.222303,0.262856,0.316326,-0.154368,-0.040282,0.260501,-0.223113,-0.16577,0.083035,0.055966,-0.123726,-0.041309,-0.314789,0.107563,0.198226,0.19246,-0.015545,-0.072586,-0.397344,0.377824,0.192077,-0.215348,-0.060503,-0.068094,-0.097201,0.070566,0.082197,-0.08485,0.048618,0.157805,-0.202137,0.21367,0.180721,0.393154,0.064267,-0.118763,-0.006195,0.177871,0.418764,-0.064612,0.277146,0.240924,-0.201769,0.13957,-0.050198,-0.380411,-0.232733,-0.256534,0.387421,0.057326,-0.106071,-0.156661,-0.2112,-0.010329,-0.37853,-0.326233,-0.094566,-0.156761,0.086758,-0.001454,0.166552,-0.068062,-0.259141,-0.200844,-0.029344,-0.484561,0.23826,-0.193961,0.017724,0.358863,-0.074216,0.044769,-0.141806,-0.013392,-0.031384,0.076265,0.081378,-0.018132,-0.103037,-0.161052,-0.163282,-0.314696,-0.179338,0.291569,0.225749,-0.118066,-0.329438,-0.093557,-0.062548,-0.232468,-0.165997,0.095243,-0.420598,-0.137624,-0.323124,-0.072213,-0.330999,0.027993,0.262028,0.007209,0.160362,0.115855,0.082501,-0.364164,-0.111004,-0.274233,-0.029782,-0.279773,-0.098044,-0.214191,-0.271657,0.116733,-0.082011,-0.041836,-0.186879,-0.239241,-0.111179,0.09613,-0.040294,-0.203397,0.342727,-0.076534,-0.449004,-0.021409,-0.383565,0.164756,-0.320563,-0.069954,0.059645,0.530789,0.422181,0.057386,-0.407206,0.069949,-0.117349,0.052259,0.065017,0.134876,0.4395,0.067931,-0.082621,-0.424302,0.078648,-0.011276,0.1771,-0.119003,-0.01826,0.351898,-0.24627,-0.125358,0.232494,0.463245,-0.190737,0.068389,0.067351,-0.086233,-0.071062,0.339911,-0.03329,0.575163,-0.017979,-0.452989,0.365691,0.363599,0.189398,0.073294,0.133079,0.044661,-0.030003,0.039746,-0.092145,0.120628,0.163765,#
13,0.239897,0.266144,-0.02917,-0.171774,0.011654,-0.088107,-0.092687,0.165693,0.162996,0.212261,-0.467586,-0.051041,0.366561,1.0,0.12338,-0.0364,-0.281363,0.37581,0.132651,0.003085,-0.031407,0.38919,0.556512,0.367244,-0.076713,-0.034479,0.385722,0.127468,0.123387,0.476798,-0.219013,0.059993,0.176302,0.03491,-0.031592,0.248345,0.068423,-0.212469,0.24244,-0.143488,0.022374,0.08957,0.309877,0.227779,-0.190364,-0.390842,0.232563,0.045639,-0.282297,0.016903,0.070672,-0.154326,0.058634,0.134815,-0.129027,-0.059891,-0.048835,0.035694,0.143583,0.137457,0.318151,0.076371,-0.223487,0.106116,0.079363,0.241271,-0.187791,0.398821,0.195171,0.064522,-0.155955,-0.030302,-0.210321,0.009599,-0.17273,0.123079,-0.020047,-0.193486,-0.244016,0.040324,-0.192064,-0.284677,-0.0812,0.163598,0.028069,-0.09403,-0.080787,-0.018581,0.052975,-0.289214,-0.011775,-0.12134,-0.23521,0.231093,-0.172324,-0.093053,0.098876,0.016003,-0.130448,-0.172658,0.076566,-0.056247,-0.074443,-0.200606,-0.117736,-0.02488,0.168659,-0.308781,-0.18641,-0.19933,0.22957,0.099765,-0.014876,0.013265,-0.069629,-0.082438,-0.250799,-0.267239,0.092658,-0.235867,-0.17784,-0.349834,0.001119,-0.275062,-0.033569,0.085713,-0.039438,-0.094057,0.021902,-0.042187,-0.145947,0.120551,-0.334054,-0.153593,-0.430554,-0.123989,0.081118,-0.179322,0.159127,-0.155103,-0.075906,-0.235697,-0.339955,-0.17492,-0.317871,-0.127944,-0.169457,0.097721,-0.250006,-0.337685,-0.229402,-0.242541,0.055386,-0.175861,-0.190038,0.052795,0.359849,0.270978,-0.008716,-0.149592,0.076044,-0.153964,-0.003814,0.129236,0.069329,0.223758,-0.00132,0.022987,-0.150511,0.035573,-0.165558,0.183844,-0.165947,-0.287012,0.244829,-0.299215,0.007116,-0.028324,0.46665,-0.296999,0.13474,-0.124964,-0.206379,-0.051274,0.108636,0.215885,0.184331,-0.277142,-0.246888,0.367737,0.006309,0.08341,0.087955,0.312922,-0.004436,-0.025817,0.313388,-0.260403,0.275781,0.01676,#
14,0.14804,0.360771,-0.056272,-0.257026,0.300399,-0.068142,0.394715,-0.012409,0.11613,0.172487,-0.087012,-0.072016,0.10171,0.12338,1.0,-0.127011,-0.002263,0.009933,0.275131,-0.176608,-0.109614,0.062944,0.103751,0.14152,-0.144069,-0.057933,0.042927,0.269616,0.277182,0.132205,-0.473741,-0.162151,-0.004108,-0.101024,-0.021865,0.249569,-0.179422,-0.213582,0.213468,0.167772,-0.28878,0.1204,-0.0871,0.173722,0.179777,0.018147,0.2379,-0.0302,-0.08656,0.224415,0.125855,-0.216409,-0.144719,-0.099062,0.08467,-0.283252,-0.253879,-0.051324,-0.118773,-0.140907,-0.01249,0.259606,-0.313241,0.260019,-0.006985,0.096956,-0.123886,-0.001974,-0.007251,-0.328624,-0.28161,-0.302879,0.044513,-0.312914,-0.330717,0.270468,0.024749,-0.390946,-0.288543,-0.276489,-0.326848,-0.486597,-0.399455,0.001457,-0.412336,0.007667,-0.28885,-0.194639,-0.308886,-0.224821,-0.143569,-0.221504,-0.099118,-0.056169,-0.34114,-0.338358,-0.277878,-0.029785,-0.32005,-0.053557,0.185175,-0.430949,-0.313011,-0.229246,-0.330133,-0.208735,-0.356889,-0.135774,-0.33719,-0.154148,-0.129784,0.207661,-0.279629,-0.418149,-0.402516,-0.164506,-0.219875,-0.323432,-0.315382,-0.155618,-0.3347,-0.043352,-0.405058,-0.181315,0.040668,-0.436324,-0.159699,-0.003071,-0.245361,-0.222782,-0.149721,-0.330681,-0.483311,0.042265,-0.276818,-0.271214,0.098617,-0.148997,-0.034678,-0.227976,-0.392796,-0.257512,-0.244261,-0.123298,-0.272052,-0.251734,-0.166159,0.303942,-0.498912,-0.266131,-0.342902,-0.360918,-0.167259,-0.302723,-0.268498,-0.253758,0.097198,0.29654,-0.411939,-0.04115,0.21534,-0.142008,0.155643,-0.021461,-0.226046,0.286523,-0.143989,0.225144,-0.066786,-0.221198,0.397426,0.189894,-0.202441,-0.344672,0.45205,-0.296161,-0.256738,0.201967,0.337392,-0.148442,0.18924,0.161314,0.385233,0.22946,0.330662,-0.353593,-0.081213,-0.052382,-0.181786,0.164873,-0.042314,0.594295,0.220943,0.290963,-0.025479,0.038276,0.045138,-0.177001,-0.243137,0.261689,#
15,-0.134027,-0.315923,-0.131229,-0.146195,0.055334,0.00678,-0.124291,0.106167,-0.400828,-0.022064,0.186589,0.054593,-0.307173,-0.0364,-0.127011,1.0,-0.073194,-0.316711,-0.024686,-0.058597,-0.183198,0.039337,-0.077796,0.10392,0.099371,0.107739,-0.078342,-0.043695,0.10004,-0.196347,-0.070628,-0.105806,-0.183382,0.20786,-0.067276,0.279592,-0.067616,0.191891,0.178414,0.11923,-0.163108,-0.363289,-0.177506,-0.028437,-0.154614,0.23369,-0.203398,0.018195,-0.206323,0.0265,0.173675,0.114551,-0.061814,0.115601,0.016618,0.055342,0.066032,0.124389,-0.094562,-0.217655,0.003672,0.14189,0.257965,-0.132151,-0.0764,-0.257459,-0.224366,-0.040232,0.046908,0.040457,-0.036036,-0.262076,0.156417,0.20618,0.094148,-0.100257,-0.093976,0.062447,-0.127654,0.169134,-0.167802,0.055189,0.310637,0.104118,0.322892,-0.234031,0.02486,-0.222657,0.044206,0.047446,0.192371,0.001715,0.239382,-0.048885,0.002287,0.248692,-0.079021,0.225777,-0.081555,-0.139208,0.146346,0.083868,-0.14748,-0.039428,0.19442,0.005612,-0.090351,0.118542,0.035775,-0.087421,-0.277052,-0.164551,0.191491,0.142077,0.031747,0.059718,0.178801,0.134271,-0.002463,0.248604,0.031636,0.133971,0.148089,0.02176,-0.062405,0.011347,0.042378,-0.037237,-0.07547,-0.113159,-0.061671,0.190899,0.058087,0.000855,-0.025227,-0.000741,-0.039023,0.049501,-0.132104,-0.03806,0.099806,0.018225,0.017478,0.244496,-0.018842,-0.12776,0.023562,-0.320411,-0.056328,-0.020053,-0.08706,0.157494,-0.219468,0.208476,0.040027,0.090269,-0.228885,-0.174662,-0.144353,0.193567,0.16636,-0.00442,-0.086836,0.090821,-0.19913,-0.336151,0.144213,0.020762,0.175002,-0.096809,-0.03158,-0.206497,0.005637,0.008605,-0.237341,0.050593,0.059655,-0.207861,-0.268316,0.276373,0.09137,-0.222249,0.060724,-0.072275,-0.204951,0.141003,-0.217869,-0.16697,0.128417,-0.166727,-0.255445,-0.218454,0.000255,-0.091569,0.043321,-0.098479,0.099423,-0.021314,0.110295,-0.151071,#
16,0.096315,0.091706,-0.113658,-0.08578,0.049701,0.261788,-0.080034,-0.059138,-0.076431,-0.133295,0.174417,0.120315,-0.150214,-0.281363,-0.002263,-0.073194,1.0,0.028599,-0.019551,-0.287185,-0.021113,-0.208788,-0.185339,-0.222092,-0.087223,-0.117198,-0.330881,0.064075,-0.128682,-0.206806,0.085585,-0.01026,0.071179,-0.198144,0.077178,0.214396,0.111406,-0.162709,-0.26846,0.016523,-0.162,-0.218388,-0.061674,0.2809,0.18493,0.137771,-0.275389,-0.071906,0.151553,0.026829,-0.003717,-0.045915,0.162474,-0.137396,0.110798,-0.040552,-0.245603,-0.031103,0.061122,0.085164,-0.123958,0.062791,0.172396,-0.178922,0.077774,-0.081746,0.120547,-0.099266,0.06234,-0.118047,-0.270498,0.131858,0.143698,-0.148296,-0.079126,0.162606,-0.164604,0.012037,-0.103782,-0.211347,0.008699,0.100629,-0.127128,-0.161478,-0.194858,-0.2562,-0.258675,-0.168343,-0.03523,-0.271298,-0.068959,-0.236874,0.042372,-0.218805,-0.07486,-0.293291,-0.178811,-0.289627,-0.321573,-0.133134,0.258978,-0.133951,-0.164607,-0.088214,0.017211,-0.0594,-0.075504,0.042652,-0.139447,0.02623,-0.070007,-0.049002,-0.174853,-0.128756,-0.096704,0.127672,-0.314653,-0.097553,-0.189932,0.083213,-0.203763,0.049062,-0.183589,0.048918,0.13164,-0.252414,-0.118753,-0.087265,-0.238721,-0.102685,-0.093923,0.110698,0.095392,0.128915,-0.005887,-0.206681,0.197697,-0.274937,-0.176955,-0.030743,-0.379934,0.194634,-0.141202,0.052638,0.183849,-0.028568,-0.08116,0.08856,-0.024449,-0.085802,-0.120067,0.188204,-0.163997,0.053113,-0.205739,-0.332983,-0.179068,0.187571,-0.370408,0.097832,-0.068744,0.021211,0.044633,-0.122932,-0.012456,0.19642,-0.074378,-0.148262,0.049749,-0.27635,0.068399,-0.030077,-0.157957,0.017536,-0.044973,-0.212046,-0.239579,0.232384,-0.114898,0.057711,-0.11462,0.128338,0.307046,0.085774,0.038653,-0.069927,0.064147,0.31096,0.289845,0.024272,-0.154671,0.206052,0.246335,0.059846,-0.117644,0.491007,0.074749,-0.116492,-0.340741,0.023428,#
17,0.162777,0.368001,0.138331,-0.032763,0.045773,0.032967,0.012098,-0.099683,0.283947,0.096924,-0.296814,0.062481,0.234458,0.37581,0.009933,-0.316711,0.028599,1.0,0.071684,0.155649,0.154697,0.098507,0.214958,-0.090624,0.03074,-0.031752,0.11535,0.071799,0.112703,0.288368,-0.149146,0.031224,0.166014,-0.146094,0.15976,0.033809,-0.01379,-0.170376,-0.050754,-0.043605,0.17875,0.202521,0.053454,-0.010603,-0.141751,-0.321303,0.164343,0.158198,0.102096,-0.147925,0.187452,-0.26654,0.011126,-0.180468,-0.127605,-0.240283,-0.182207,-0.191629,-0.048833,-0.04799,0.01071,0.228633,-0.036352,0.011523,0.088017,0.354796,0.04436,0.322536,0.074386,0.38362,-0.001138,0.143639,-0.41998,-0.017398,-0.001175,0.112433,-0.025208,-0.203678,-0.077035,-0.235289,0.04211,-0.150059,-0.142867,-0.058174,0.070838,0.127606,-0.157736,0.125712,0.185116,0.007816,0.003856,0.073618,-0.150907,0.180994,-0.148162,0.12011,0.309444,-0.138243,-0.09434,-0.236465,-0.137965,-0.085814,-0.138936,0.111344,-0.215724,0.015991,-0.058082,-0.244385,-0.275635,0.011269,0.350236,-0.034033,0.092975,-0.046524,0.11107,-0.090679,-0.260625,-0.156913,0.282404,-0.310283,-0.095037,-0.132516,-0.213456,-0.166252,-0.100446,0.127021,0.013974,0.079533,0.068264,0.038594,0.109279,-0.043937,-0.110133,-0.252911,-0.08197,-0.198725,0.154082,-0.209963,0.096852,-0.040188,-0.032714,-0.225848,-0.231345,-0.345921,-0.242105,0.062663,0.013107,0.153851,0.061872,-0.179402,-0.159476,-0.249336,0.321779,-0.185587,-0.283147,-0.09238,0.351788,0.354438,-0.118507,-0.122261,-0.112516,-0.007085,0.12099,0.089337,-0.16486,0.349985,0.099515,-0.056178,0.059352,0.108553,-0.116668,0.007508,-0.259369,-0.120212,0.084247,-0.045597,0.033051,0.052682,0.449967,-0.409818,0.032246,0.033029,-0.306809,-0.292576,0.025797,-0.108985,0.315098,0.221336,-0.389593,0.149893,0.160836,0.043454,-0.014919,0.226218,-0.243334,0.08089,-0.045171,-0.103781,0.277715,0.172868,#
18,-0.04305,0.128114,-0.035223,-0.125252,0.076631,-0.342735,0.05704,-0.125299,0.16737,0.114159,-0.024819,-0.259468,0.100986,0.132651,0.275131,-0.024686,-0.019551,0.071684,1.0,-0.345255,0.130805,-0.291719,-0.001952,0.070374,-0.024024,-0.051722,0.119899,0.256601,0.029775,0.312098,-0.09233,-0.004606,0.086476,-0.06435,0.135279,0.143994,0.118175,-0.137146,0.027945,0.075167,-0.039139,-0.159983,0.141831,0.015166,-0.070833,-0.012705,0.063704,-0.078703,0.085261,-0.030644,-0.018581,-0.065774,-0.11333,0.09862,0.216775,-0.080152,-0.110524,-0.005559,-0.218969,-0.062452,-0.088708,0.074398,-0.010479,0.282288,0.004329,0.028626,-0.061057,0.080211,0.041146,-0.150781,-0.176553,-0.367345,-0.010089,-0.274756,-0.035702,0.111095,-0.14025,0.004417,-0.003927,-0.346654,-0.197936,-0.285034,-0.302456,0.151051,-0.262724,-0.041525,-0.075989,-0.018498,-0.214611,0.044739,-0.052406,-0.198656,-0.181586,-0.213051,-0.330656,-0.24703,-0.08564,-0.226811,-0.125011,-0.132482,0.015426,-0.028871,-0.130967,-0.231782,-0.136359,0.030665,-0.189677,-0.016931,-0.090569,0.009185,0.066183,0.01401,-0.012611,-0.162897,-0.105461,-0.261132,-0.090467,-0.113844,0.007977,-0.145338,-0.307883,0.04366,-0.270797,-0.138774,-0.051911,-0.245712,-0.052735,-0.003141,-0.268491,-0.363504,0.023008,-0.293816,-0.158671,0.148389,-0.087726,-0.205369,0.028374,-0.040276,-0.080407,-0.029334,-0.193751,0.061837,-0.224714,-0.092611,-0.168866,-0.149192,-0.237016,0.257318,-0.243634,-0.206044,-0.343083,-0.203517,0.100217,-0.182754,-0.237141,-0.244553,-0.0686,0.202159,-0.236702,-0.043332,-0.076991,0.003168,0.179372,0.048438,-0.081333,-0.055829,-0.195502,0.150294,-0.073617,0.006826,0.153358,-0.003014,0.081915,-0.155194,0.301744,0.094465,0.000406,0.240364,0.144343,-0.230842,0.078592,-0.001537,0.234827,-0.007202,0.17864,-0.027473,-0.084319,-0.047462,-0.085816,0.280049,-0.046508,0.219993,0.315299,0.239154,0.083796,-0.005663,0.167479,-0.180566,-0.354866,0.061941,#
19,-0.14218,-0.087829,0.12161,0.276218,-0.05116,0.191394,-0.031307,0.008641,-0.010097,-0.123175,-0.221841,-0.020685,-0.04279,0.003085,-0.176608,-0.058597,-0.287185,0.155649,-0.345255,1.0,0.201311,0.159661,0.063013,-0.02741,0.188865,-0.121742,0.071645,-0.106466,-0.019059,-0.152528,0.067822,0.199819,0.112157,0.062584,-0.180331,-0.344097,0.045259,0.131762,-0.124455,0.011544,0.241701,0.350262,-0.012049,-0.122905,0.015753,-0.050449,0.359439,0.322555,0.198898,-0.015953,0.043599,0.035949,0.228296,0.023941,-0.113484,0.244551,0.292366,-0.333881,0.197256,-0.045735,-0.114068,-0.101259,0.178223,0.023851,-0.009859,0.102768,0.140074,0.147834,-0.032784,0.084951,0.371736,0.112896,0.039403,0.306386,0.181867,-0.290234,0.296453,0.139958,0.326235,0.246532,0.394226,0.280458,0.292725,0.004918,0.21174,0.071364,0.252601,0.205121,0.385074,0.12957,0.234323,0.319072,0.190986,0.324695,0.274194,0.264998,0.280594,0.280241,0.056592,0.181258,-0.24297,0.372172,0.228299,0.395258,0.35211,0.304118,0.209818,-0.303159,0.278536,-0.03093,0.270228,-0.271476,0.188482,0.345516,0.253809,0.061002,0.08631,0.388276,0.074816,0.007882,0.349776,0.022773,0.312617,-0.012369,0.155517,0.285427,0.038944,0.005915,0.135346,0.322028,0.123977,0.249213,0.216404,-0.191722,0.285151,0.040352,0.088171,0.124853,0.071079,0.253714,0.368997,-0.164622,0.079402,0.024159,0.104038,0.21832,0.168304,-0.298061,0.502826,-0.06524,0.279304,0.178085,0.275596,0.348531,0.197587,0.410095,0.109285,-0.146968,0.386948,0.13681,-0.042943,0.027444,-0.119267,0.233579,0.037958,-0.077776,0.447865,0.004913,-0.158855,0.115389,-0.427488,-0.057636,0.183215,0.283773,-0.239078,0.142619,0.297867,-0.398346,-0.157983,-0.033009,-0.165984,-0.063986,-0.167501,-0.116708,-0.440278,0.077213,0.110841,0.169315,-0.117774,-0.467937,0.29106,-0.363946,-0.322349,-0.232547,0.112396,-0.313177,-0.427332,0.433509,0.264325,-0.007912,#
20,-0.021774,-0.043669,-0.106869,0.20918,-0.053907,-0.120615,-0.187823,0.073945,0.028974,-0.184566,-0.029382,-0.193249,0.023901,-0.031407,-0.109614,-0.183198,-0.021113,0.154697,0.130805,0.201311,1.0,-0.250413,-0.285515,0.080473,0.199894,0.044601,-0.082619,0.2267,0.062482,0.083885,0.297593,0.017316,0.155248,-0.011167,0.021719,-0.347136,0.058505,0.048156,0.026739,0.008017,0.105038,-0.030524,-0.074036,-0.076497,-0.113463,0.102238,0.290985,-0.005373,0.100494,0.028737,0.036058,-0.005927,0.003339,0.183507,0.030196,0.16993,0.019705,-0.008887,-0.028164,0.08757,-0.047543,0.162781,0.035276,-0.039074,-0.097917,0.050369,-0.025276,0.188169,-0.18682,-0.16061,-7.2e-05,0.043898,0.030765,0.28112,0.123511,-0.233616,0.161215,0.331273,0.032481,0.015406,0.037258,0.268124,0.274025,0.096728,-0.08882,-0.054882,0.199834,0.05466,0.368445,0.21658,-0.039923,-0.014,0.043251,0.078288,0.06607,0.191183,0.204651,0.040163,0.162968,0.030783,-0.144979,0.088628,-0.051903,-0.014987,0.153425,0.163289,-0.037081,0.123109,0.120723,0.085042,0.120614,-0.210056,-0.017467,0.184515,0.188862,0.129559,0.044084,0.199953,0.155288,0.163886,0.034325,0.24412,0.026697,0.224891,0.242428,0.112378,-0.248797,-0.242465,0.021751,0.132077,0.098372,0.007079,0.30681,-0.047616,0.0696,0.040266,0.060235,0.041016,0.056408,0.460286,0.011171,-0.035969,0.175194,0.010412,0.288329,-0.004576,0.192071,-0.225266,0.270679,0.12359,0.023981,0.221321,0.275925,0.312044,-0.007754,0.264061,0.162829,-0.091516,0.159202,0.112555,-0.223631,0.000613,-0.056943,-0.008517,0.015537,-0.069013,0.193156,-0.126818,0.015121,0.067581,-0.187097,0.031937,0.328624,-0.069095,-0.19685,0.237374,0.182569,-0.066095,-0.071731,0.039602,-0.09572,0.226611,0.01116,-0.134955,-0.033011,0.247828,0.077966,0.346119,0.03973,-0.060893,0.169761,-0.106696,-0.154035,-0.279025,-0.334604,-0.073615,-0.204955,0.141409,0.117823,-0.048077,#
