0,1.0,0.208167,-0.02792,-0.040622,0.294127,0.101612,0.005997,-0.031252,0.128945,0.16224,-0.218981,-0.002424,0.068462,0.187628,0.328966,0.021557,0.077701,-0.077734,-0.10079,-0.141396,-0.136243,-0.08809,-0.178738,-0.140704,0.188836,-0.366204,0.13598,-0.19843,0.217299,0.12654,-0.403975,0.00524,-0.117334,-0.115586,0.051925,0.203269,0.008032,-0.142647,-0.099589,0.11828,-0.067334,-0.042203,-0.345427,-0.075874,0.241159,-0.190533,0.194865,-0.019436,-0.004142,0.010604,-0.107311,-0.162972,0.082744,-0.057898,0.124867,-0.035601,-0.150976,0.076229,-0.128481,0.254799,0.172642,0.369207,0.13591,-0.235136,-0.195228,-0.015992,-0.022009,0.065552,0.080405,-0.138146,0.062127,-0.179781,0.091773,-0.066181,-0.112302,0.12504,-0.229449,-0.323006,-0.12029,-0.10248,-0.030393,-0.226245,-0.106114,-0.338921,-0.163908,-0.034224,-0.226914,-0.085316,-0.092781,-0.331542,-0.140344,-0.323932,0.011571,-0.013905,-0.084835,-0.052284,-0.120158,-0.077045,-0.070513,-0.175538,-0.048875,-0.219665,-0.126258,0.047159,-0.086017,-0.146264,0.030622,-0.133909,0.019749,-0.423842,0.052943,-0.08901,-0.079192,-0.250929,-0.236447,-0.295671,0.010128,-0.179209,0.108944,-0.290957,-0.023364,-0.089408,-0.289186,0.047948,0.129903,-0.085676,-0.064356,0.112315,-0.175717,-0.057605,-0.084048,-0.213218,-0.374251,0.077067,-0.049474,-0.184336,-0.02693,-0.185921,0.133778,-0.218183,-0.060062,-0.369759,0.025761,-0.436008,-0.284472,-0.168983,-0.137524,0.172187,-0.144168,-0.046897,-0.361341,-0.011917,0.251859,-0.281407,-0.00485,0.035461,0.103888,0.131139,-0.118941,-0.07967,-0.22205,-0.125534,0.134763,-0.06975,-0.160719,0.193184,0.050783,0.269807,-0.141177,-0.313029,0.102624,0.029492,-0.004783,-0.101024,0.153998,-0.179506,0.00716,0.052273,0.235372,-0.325901,0.111468,0.119303,-0.018618,0.145474,0.117847,-0.195601,0.338738,-0.178185,0.111628,0.199727,-0.369704,0.082621,0.102727,0.187358,-0.220236,0.058914,-0.09654,-0.181405,0.077047,-0.072907,#
1,0.208167,1.0,-0.193172,-0.065218,0.231928,0.302539,0.146377,-0.312705,0.170767,0.137179,-0.003668,0.002172,0.07284,0.213703,0.139291,-0.11283,-0.189357,0.210283,-0.168375,0.11147,0.170992,0.374797,0.275729,-0.035508,0.088924,-0.292049,0.290827,-0.022127,0.239207,0.338979,-0.389886,-0.216325,0.080453,-0.364724,-0.139909,0.122608,0.22603,-0.592724,-0.042362,0.190943,0.172682,0.193154,0.058376,-0.007373,0.057243,0.069326,0.12262,0.295873,0.027022,0.021799,-0.149529,-0.447992,0.126233,-0.260825,0.006866,0.002534,-0.061743,0.313385,0.104333,0.278473,0.205812,0.089325,0.168511,0.049903,-0.03443,0.273571,-0.056927,0.312544,0.379582,0.053776,-0.302293,-0.179964,0.198416,-0.165505,-0.246889,0.132088,-0.326967,-0.097003,-0.250067,-0.092281,-0.144559,-0.604774,-0.304268,-0.202851,-0.049178,-0.230152,0.058785,-0.355114,-0.070696,-0.151005,-0.240016,-0.19037,-0.092461,-0.045151,-0.279281,-0.214348,-0.343941,-0.361578,-0.104008,-0.30233,0.121558,-0.144738,-0.120805,-0.049216,0.045233,-0.151991,-0.344954,-0.463014,0.034364,-0.090553,0.100567,-0.102466,-0.363052,-0.279551,-0.022339,-0.159868,-0.189217,-0.031007,0.094877,-0.308364,-0.114722,-0.278744,-0.304596,-0.318171,-0.01415,-0.139217,0.088169,0.273518,-0.181481,-0.229574,-0.110756,-0.29393,-0.186451,-0.152784,-0.261429,-0.352492,-0.211385,-0.292012,0.248334,-0.602805,-0.22699,-0.230694,-0.149107,-0.221095,-0.001926,-0.202628,-0.092915,0.29812,-0.07531,0.072096,-0.369563,-0.277714,-0.162728,-0.171744,-0.11916,0.032114,-0.046338,0.397217,-0.13438,-0.255819,-0.096284,-0.037207,-0.170753,0.14322,-0.113909,0.403925,-0.033228,-0.220007,-0.142925,-0.279596,-0.008898,-0.019352,-0.300495,-0.107422,0.198088,-0.367859,-0.289281,-0.001838,0.434639,-0.392347,0.396763,-0.079309,-0.213384,0.319367,0.405989,-0.260039,0.008988,-0.113472,-0.126914,0.451436,-0.320191,0.408701,0.382516,0.30842,0.064743,-0.208821,0.003246,-0.230884,-0.127095,0.141794,#
2,-0.02792,-0.193172,1.0,0.191215,-0.047347,-0.067806,0.146234,0.079644,0.265156,-0.07545,0.008376,0.200817,-0.35517,0.074571,-0.16065,-0.290832,-0.185897,0.219622,0.03019,0.177884,-0.235856,-0.124632,-0.078909,0.040451,0.115969,0.017672,-0.132647,0.00801,0.175401,-0.174495,0.088386,0.213248,-0.287508,0.104851,-0.082213,-0.041588,-0.00508,0.022787,-0.148137,-0.301573,-0.213362,0.033906,-0.027441,-0.010686,-0.145694,-0.112974,0.07951,-0.122339,-0.186561,0.343604,-0.060469,0.260794,-0.029859,0.076701,-0.138963,-0.016905,0.028098,-0.136371,-0.366124,-0.065954,0.328829,0.112364,0.032631,-0.058689,-0.024569,0.014987,0.132406,-0.055522,-0.145747,0.20518,0.277664,0.081297,0.044894,0.12481,0.009143,0.052335,-0.059967,-0.07548,-0.052658,-0.06111,0.207248,0.10181,-0.072719,0.319536,0.066071,0.171897,-0.149441,0.051102,0.022752,-0.061159,0.115466,0.153142,0.05054,0.202548,-0.047728,0.058554,0.189058,-0.042055,0.274896,0.174281,-0.25305,-0.123034,-0.009622,0.249626,-0.013219,0.122584,0.302755,0.227684,-0.013592,0.042891,0.07717,0.146171,0.049677,0.287358,0.090077,0.215328,-0.274883,-0.003455,0.074522,0.285923,-0.015461,0.25048,0.222901,-0.048761,-0.165687,0.207618,0.078456,-0.346166,-0.261121,0.002394,0.230572,0.083236,-0.082212,0.141706,0.030554,0.138071,0.130908,0.31916,-0.113386,0.12339,0.36633,0.063478,-0.045802,-0.110928,0.107785,-0.019293,0.164265,0.005435,-0.006515,0.044244,0.198049,0.148817,0.244996,0.402283,0.200692,-0.009599,0.05309,0.061964,0.317201,0.13777,0.01061,-0.086982,0.355224,0.154467,0.154653,-0.113373,-0.018794,-0.112601,0.128486,-0.002166,-0.005877,0.115195,0.045436,0.059722,-0.124307,0.182815,0.23306,0.307752,-0.172018,-0.121177,-0.055659,0.002979,0.185308,-0.19249,-0.084023,0.291832,0.04456,0.081707,-0.177933,0.088418,0.031755,-0.232676,-0.054666,0.013838,-0.24234,-0.079674,0.013665,-0.120562,0.078543,0.02467,#
3,-0.040622,-0.065218,0.191215,1.0,-0.036601,-0.142446,0.113964,0.137705,-0.188209,0.209597,0.013958,0.000542,0.007115,-0.15586,-0.063111,0.066124,-0.09528,-0.025375,-0.239932,0.16178,-0.124348,0.057668,-0.304476,0.096904,0.127918,0.025271,-0.284937,-0.162154,-0.047859,-0.190227,0.199651,-0.148526,0.091303,0.291326,0.096329,-0.122249,0.097243,0.203194,-0.15724,0.001957,-0.030793,0.007498,-0.069576,-0.138522,0.258108,0.098234,-0.391492,-0.339088,0.099328,0.135741,0.095391,0.14381,0.13782,0.021208,-0.058847,-0.091652,-0.053641,0.100891,-0.125059,-0.162311,-0.051303,0.221759,0.203742,0.140882,-0.01444,-0.227655,-0.127192,-0.301288,-0.310679,-0.011755,-0.136712,-0.020847,0.223527,0.127142,-0.048823,-0.041626,0.048268,0.329084,0.261827,-0.034073,0.255493,0.205114,0.061953,-0.0204,0.081275,0.065991,0.218219,-0.131252,0.103734,-0.10373,0.089993,0.057477,0.344905,-0.004101,0.027338,-0.118908,-0.113696,0.116271,0.177288,0.285166,-0.118671,0.015606,0.395389,0.258666,0.153066,0.132673,0.003388,0.005981,-0.196711,-0.06262,-0.22001,-0.131672,0.103202,0.266725,-0.062495,0.399586,0.26905,-0.017199,-0.144998,0.120024,0.169393,0.123062,0.029657,0.268974,-0.044809,0.12789,0.053217,-0.135224,0.044305,0.277398,-0.052779,0.000621,0.238283,0.349629,0.099504,0.398526,0.171969,0.131194,-0.280584,0.11011,0.066257,0.119426,0.126726,0.08341,0.25271,0.198131,-0.088641,-0.183379,0.17227,-0.155727,-0.041594,-0.062085,0.031441,0.301541,0.249539,0.260975,-0.204521,-0.048745,0.197349,0.187676,0.301832,0.084293,0.102568,0.061058,-0.028863,-0.192205,0.010385,-0.178502,0.306275,0.1903,-0.005613,-0.206761,0.081966,0.130995,-0.216879,0.168101,-0.049129,-0.0247,-0.328873,-0.156017,-0.124895,-0.279776,0.168971,-0.011417,-0.243869,0.036771,-0.366148,0.075412,0.134575,-0.281213,-0.013231,-0.083266,-0.291074,-0.013804,0.09234,0.018058,-0.091146,0.136165,0.110329,0.102805,#
4,0.294127,0.231928,-0.047347,-0.036601,1.0,0.115381,0.187269,-0.038102,0.224199,0.081278,-0.106472,0.148701,0.169349,0.150223,0.062771,0.021164,0.205029,0.067143,0.129492,0.081321,0.204418,-0.103679,0.306613,0.013695,-0.234345,-0.354875,0.193898,-0.094435,0.286327,0.085444,-0.23763,0.087701,-0.085398,-0.144296,-0.037963,0.125569,0.180782,-0.381295,-0.144472,-0.05477,0.138745,0.1916,-0.192132,-0.279643,0.168273,-0.072827,0.114932,0.314779,0.184847,-0.002139,0.033197,-0.386785,0.333891,-0.374017,-0.07737,-0.105543,-0.143288,0.015999,0.223487,0.099209,-0.002474,0.315887,-0.02964,-0.133728,-0.161296,0.177165,0.108754,0.024706,0.281413,-0.015266,0.045181,-0.273316,0.054279,-0.243493,-0.217173,0.16938,-0.169933,-0.316588,-0.293653,-0.150406,-0.204541,-0.274196,-0.250532,0.239897,-0.273805,-0.020914,-0.25805,-0.194873,0.088928,-0.220354,-0.319477,-0.326937,-0.031805,-0.301684,-0.216763,-0.24078,-0.364999,-0.305211,-0.279425,-0.231946,-0.143993,-0.275737,-0.265263,0.071225,-0.098726,-0.240624,0.024819,-0.285004,-0.04129,-0.120599,0.250866,0.138719,-0.041229,-0.362664,-0.15451,-0.023642,-0.046234,-0.295405,0.225691,-0.291745,0.053061,-0.236771,-0.342465,-0.51682,0.018863,0.095079,-0.002208,0.212242,0.105734,-0.463965,-0.079397,0.068315,-0.082076,-0.020065,-0.293726,-0.137489,-0.186061,-0.317586,0.084628,-0.238775,-0.206369,-0.153521,-0.255756,-0.207798,-0.266665,-0.030967,0.062041,0.166577,-0.391,-0.248469,-0.345358,-0.060177,0.230272,-0.40455,0.067874,-0.213759,0.069154,0.407977,-0.23201,-0.20209,0.088177,-0.202874,0.034499,-0.009946,-0.097799,0.197033,0.172269,0.033894,-0.144247,-0.002376,-0.056604,0.374957,-0.300586,-0.065531,0.111541,-0.106035,-0.212538,0.167252,0.299755,-0.184977,0.344382,-0.057716,-0.023486,0.07035,0.051407,-0.086814,0.07963,-0.017169,-0.093953,0.016497,-0.117519,0.155941,0.178099,0.267491,-0.226869,0.131565,0.273953,-0.092338,0.045881,0.099125,#
5,0.101612,0.302539,-0.067806,-0.142446,0.115381,1.0,0.172916,0.01776,0.395827,-0.04199,0.21323,0.096267,-0.085052,0.183498,-0.005846,-0.007084,0.056662,-0.078582,0.017917,-0.089325,0.030844,0.251361,0.363688,-0.283271,0.101092,-0.42233,0.179184,-0.0773,0.014946,0.251458,-0.248897,0.067891,-0.123767,-0.177065,-0.179079,0.187344,0.130977,-0.132764,0.210898,-0.113708,0.165454,0.033823,0.167923,-0.16942,-0.287725,0.038273,0.246106,0.065096,0.175775,0.021995,0.085605,-0.035865,0.096467,-0.212588,0.194581,0.261243,-0.424096,0.35854,-0.178057,0.234761,0.152564,-0.015694,0.070048,0.023626,-0.082023,0.121602,-0.002092,0.300765,0.157152,0.09298,-0.116552,-0.081262,0.083614,-0.349229,-0.236804,0.24085,-0.187659,-0.102449,-0.066612,-0.203745,-0.237139,-0.376581,-0.018671,0.219279,-0.26047,0.02862,-0.161808,-0.116736,-0.017263,-0.226619,0.049851,-0.201312,0.001328,-0.079443,-0.139363,-0.161986,-0.006728,-0.144359,-0.039323,-0.348777,0.180557,-0.109808,0.097415,-0.180109,-0.150727,-0.310178,0.059902,-0.223054,0.087793,0.099256,-0.021974,-0.142022,-0.171644,-0.314732,0.037553,-0.285852,-0.159211,-0.189602,0.208257,-0.073805,-0.053107,-0.284973,-0.209611,-0.222977,0.065663,-0.05211,0.214709,0.302216,-0.214731,-0.224528,-0.152139,0.038345,-0.157914,-0.350087,-0.064616,-0.077418,-0.004284,-0.18993,0.133234,-0.391028,-0.266838,-0.160623,-0.259232,-0.192011,-0.085486,-0.297058,-0.001722,0.270178,-0.185236,-0.201032,-0.108352,-0.103029,0.146843,-0.211183,-0.177332,-0.155069,0.168127,0.076669,-0.117095,-0.045433,-0.107233,-0.03651,-0.079565,-0.001407,0.129339,0.142469,-0.082711,-0.245276,-0.203983,-0.203977,0.19424,0.069884,0.036542,-0.14552,0.25893,-0.261947,-0.212881,0.263384,0.252336,-0.103003,0.212517,0.080032,-0.149714,0.300484,0.114753,-0.071125,0.052787,-0.001944,-0.166817,0.352586,-0.19526,0.173151,0.139461,0.36447,-0.026024,0.198851,0.070109,-0.215205,-0.177642,0.138642,#
6,0.005997,0.146377,0.146234,0.113964,0.187269,0.172916,1.0,-0.001866,0.178378,0.108578,0.213958,-0.016096,0.040372,0.069787,0.123159,0.120026,-0.040451,0.038225,0.168109,-0.047003,0.163101,0.076839,0.163543,-0.253313,-0.078202,-0.199319,0.131114,-0.105715,0.283401,0.056313,-0.206776,0.078412,0.035026,-0.255763,-0.02106,-0.00397,0.186899,-0.084515,-0.093724,-0.062689,-0.166877,0.190319,0.080672,-0.209494,-0.063024,-0.111157,0.061754,-0.0172,0.151889,0.211592,0.03822,-0.23788,-0.002922,-0.081557,-0.194755,-0.013409,0.08501,-0.041789,-0.208584,0.150712,-0.009782,0.192201,-0.064052,0.021504,-0.21968,-0.055133,0.159097,0.063135,0.067037,0.128628,0.085304,-0.182865,0.09042,-0.034405,-0.128174,0.193114,-0.095915,-0.325744,-0.384216,-0.10644,-0.074045,-0.215663,-0.107909,0.080528,-0.223427,0.05999,-0.131608,-0.112093,0.077795,-0.132829,-0.086017,-0.106789,0.023155,0.029555,0.094336,-0.082146,-0.244953,-0.225393,-0.284061,-0.088055,0.041253,-0.365943,-0.148212,0.016093,-0.057054,-0.114069,0.142481,-0.116941,0.001332,-0.021731,-0.018999,-0.141856,-0.222355,-0.06282,-0.108965,-0.010665,-0.243261,-0.232822,0.063414,-0.046813,-0.048921,-0.174433,-0.089706,-0.229548,-0.295039,0.297503,-0.107532,0.264101,-0.066853,-0.209384,0.009042,-0.030991,-0.054098,-0.006378,-0.038222,-0.081076,0.000379,-0.266752,-0.103922,-0.105996,0.028621,-0.022026,-0.002962,-0.079304,-0.286468,-0.257506,0.035698,0.343244,-0.054841,0.091302,-0.16557,-0.077634,0.153002,-0.090881,0.21292,-0.053663,-0.039975,0.27071,-0.176981,-0.122739,0.001773,-0.157059,-0.063548,0.108527,0.05936,0.048246,-0.174325,-0.22599,-0.096443,-0.109935,0.008475,-0.04302,-0.128748,-0.186016,0.007719,0.11064,-0.226976,0.355237,0.152393,-0.185805,0.042601,0.053586,0.207004,0.228249,-0.005704,0.086745,0.060706,-0.161498,-0.070506,-0.059677,-0.17583,0.261985,0.220036,0.373186,0.056528,0.272311,-0.100108,-0.07284,-0.102991,-0.017749,#
7,-0.031252,-0.312705,0.079644,0.137705,-0.038102,0.01776,-0.001866,1.0,-0.253433,-0.284035,-0.041017,-0.269576,0.075756,-0.045368,0.243192,0.007241,-0.096509,-0.27548,-0.002952,0.035837,-0.114698,0.246566,-0.113825,0.054529,0.125865,0.121882,-0.005825,0.062476,-0.074375,-0.130516,0.090452,0.296378,0.227661,0.021758,0.016027,0.064248,-0.053153,0.329082,0.062054,-0.236979,0.045465,0.089915,0.19877,0.022781,-0.082451,-0.050066,0.149452,0.053258,-0.071971,-0.313061,-0.166509,0.162599,-0.215739,-0.229922,-0.031908,-0.076939,-0.168447,-0.061232,-0.07,-0.233426,-0.28324,-0.147288,-0.288535,0.08519,-0.015804,0.069271,0.069035,0.009926,-0.124789,-0.051368,-0.102822,-0.164623,0.041533,-0.130783,0.135705,-0.149403,0.270115,0.090033,-0.084661,-0.183623,-0.117569,-0.04712,0.043542,-0.194908,-0.072438,0.160014,-0.16249,0.06452,-0.007177,-0.039719,0.171493,-0.003682,0.032705,-0.341019,-0.119257,0.156481,-0.014298,0.176218,-0.048503,-0.052796,0.030191,-0.124694,0.300424,-0.258227,0.04902,-0.077574,0.288344,-0.038474,-0.020794,-0.073664,0.044247,-0.062282,0.164684,0.070687,-0.046856,0.192862,0.059737,0.012588,-0.311699,0.269651,0.056072,-0.108931,-0.024129,0.128661,-0.010183,0.091259,-0.238593,-0.009602,0.060351,0.22514,-0.020683,-0.049626,-0.089072,-0.064813,0.137603,0.206182,0.087585,0.038096,0.07486,0.014472,-0.023971,-0.042666,0.042389,-0.048272,0.042148,0.05785,-0.138369,-0.252515,-0.131867,-0.117138,0.039958,0.312466,0.048024,0.206115,0.041362,-0.013656,0.185208,-0.301575,-0.100234,-0.084741,-0.003112,0.125807,-0.068587,0.009952,-0.094141,-0.026302,-0.050877,0.029612,0.043716,0.048305,-0.190701,0.261698,0.172807,-0.018612,-0.101757,0.146643,-0.026865,-0.103916,-0.352401,-0.022172,-0.139721,0.00137,0.197471,0.008635,-0.213367,-0.265346,-0.092951,0.039029,0.103907,-0.247968,0.058294,-0.099949,-0.116225,-0.153255,0.044216,-0.035791,0.163572,0.076928,0.005416,-0.13365,#
8,0.128945,0.170767,0.265156,-0.188209,0.224199,0.395827,0.178378,-0.253433,1.0,0.106097,0.045195,0.237686,-0.040124,0.382457,-0.23647,-0.126081,-0.033527,0.35852,0.317351,0.246225,-0.106764,-0.263762,0.264016,-0.329138,0.014543,-0.312815,0.169617,0.046616,0.204413,0.184861,-0.15405,0.157108,-0.152396,-0.130036,-0.182965,0.214864,0.274832,-0.405436,-0.005531,-0.203658,-0.013995,0.250327,-0.164924,-0.020743,0.098931,-0.261203,0.372296,0.198982,0.010665,0.26811,0.109598,-0.108618,0.107527,0.091835,-0.20052,0.27829,-0.045221,0.068517,-0.086493,0.219573,-0.041314,0.184943,-0.039144,-0.122759,-0.230331,0.155702,0.355624,0.226259,0.189071,0.154574,0.24703,0.01846,-0.128214,-0.068144,-0.315261,0.152073,0.030396,-0.366854,-0.125882,0.016177,-0.147098,-0.232437,-0.083956,0.361841,0.051406,0.070207,-0.222053,-0.208588,0.041572,-0.151406,-0.083075,0.013664,-0.182995,0.270178,-0.180685,-0.112359,0.109821,-0.34225,-0.0504,-0.196159,-0.192246,-0.14845,-0.222881,0.142699,-0.197604,-0.054632,0.09538,-0.010811,0.134632,-0.016085,0.223858,-0.116496,0.116648,-0.035546,-0.011874,-0.408641,-0.050144,-0.114412,0.472652,-0.26505,0.056709,-0.028209,-0.123431,-0.433315,-0.0552,0.150673,-0.025598,0.195671,-0.360773,-0.217499,0.136955,0.342652,-0.285298,-0.009665,-0.195765,-0.243123,0.04318,0.088854,0.265325,-0.143068,0.155219,-0.064741,-0.218254,-0.137232,-0.113941,-0.441576,0.290106,0.501176,-0.008771,0.199534,0.088067,-0.109564,0.280055,-0.224659,0.059021,-0.135903,0.147411,0.304523,-0.055195,0.088997,-0.175329,-0.219758,0.05277,0.350433,0.262064,-0.165672,-0.100186,-0.157403,-0.132608,-0.088159,-0.055969,0.141342,0.248283,-0.140225,0.05101,-0.200816,-0.104269,0.182941,0.256345,-0.147494,0.313748,0.109119,-0.37565,-0.023859,-0.008204,0.29379,0.255737,0.058188,-0.528736,0.230804,-0.065902,-0.071376,0.021011,0.15305,-0.380831,0.130424,-0.112708,-0.14109,0.001308,0.116663,#
9,0.16224,0.137179,-0.07545,0.209597,0.081278,-0.04199,0.108578,-0.284035,0.106097,1.0,0.014805,0.112216,0.274934,0.22843,-0.175512,0.284203,-0.104369,0.027703,-0.133063,0.004106,0.051939,-0.123808,0.028724,-0.172039,-0.025333,-0.167979,-0.074765,-0.339733,-0.001307,0.018956,-0.069167,-0.074636,-0.087855,0.175881,0.228836,0.164447,0.107591,-0.324392,-0.166771,0.134082,-0.153472,0.118095,0.069901,-0.132182,0.087705,-0.012912,-0.098558,-0.224643,-0.122004,0.147419,0.1816,-0.125487,0.035301,0.075528,0.003206,0.026066,-0.132196,0.094485,0.03803,0.158346,0.083801,0.15835,0.163935,0.016921,-0.246597,0.006976,0.184696,0.023556,-0.050579,-0.081046,0.013897,-0.279776,-0.031489,0.012559,-0.061068,-0.092699,-0.073244,0.105148,0.001904,0.111312,-0.038184,0.088255,0.01748,-0.049109,-0.036235,-0.330515,0.110397,-0.014203,-0.083015,0.201728,-0.356901,-0.144664,0.200728,-0.025892,-0.058117,0.092564,-0.261452,0.007861,-0.200339,0.153254,-0.149687,0.063642,0.055464,0.30392,-0.011776,0.063456,-0.152694,0.054843,-0.078723,-0.020376,-0.226195,-0.126144,-0.181519,0.062478,-0.061823,0.054949,-0.097566,-0.219935,0.157908,-0.119819,-0.037307,0.245919,-0.064461,-0.025002,-0.189666,0.173778,-0.168647,-0.000509,0.144972,0.119173,-0.179214,0.302175,-0.114802,0.344705,-0.056886,0.09076,-0.120202,-0.133343,0.050163,-0.072263,0.116985,-0.182371,0.083976,0.044194,-0.039844,0.130135,-0.035334,0.14876,-0.13449,0.077631,-0.324281,-0.108499,-0.247173,-0.011592,0.219074,0.036425,-0.005319,0.278845,0.007611,-0.125989,-0.033062,0.003998,-0.189621,0.201796,0.045255,-0.060381,0.136666,0.185059,-0.020525,0.125251,0.195584,-0.141091,0.053679,-0.089309,0.088746,-0.027169,-0.247358,0.125021,0.04881,-0.114198,0.009504,0.111543,-0.039044,-0.031948,-0.021283,0.011661,-0.009918,-0.025277,0.035186,0.184011,-0.200145,0.021481,0.093277,0.132027,0.105559,-0.043534,0.03914,0.007789,0.107111,0.043677,#
10,-0.218981,-0.003668,0.008376,0.013958,-0.106472,0.21323,0.213958,-0.041017,0.045195,0.014805,1.0,0.126011,-0.172128,-0.139873,-0.068801,0.080267,0.410059,-0.079432,0.032818,-0.127177,0.186268,0.152358,0.025238,0.165788,0.031999,0.038569,-0.204882,0.062922,0.121329,0.107031,-0.084493,0.001433,-0.302568,-0.100801,0.389025,0.052197,0.205293,-0.116165,0.086957,0.100461,-0.331415,-0.034002,0.01573,-0.085692,-0.048819,0.047148,-0.220564,-0.315351,0.163534,-0.061256,0.231037,-0.00478,-0.214528,0.033504,0.139161,-0.005897,-0.174722,-0.008626,-0.107026,0.037497,0.037155,-0.037866,-0.027144,0.136029,0.160892,-0.146244,-0.013302,-0.099959,-0.101766,-0.170192,-0.073499,0.163861,0.182559,-0.154381,0.005088,0.248333,-0.245925,-0.024699,-0.231269,-0.138228,-0.123938,0.00993,-0.255494,0.252903,-0.249294,-0.118937,-0.15993,-0.084815,-0.302915,-0.118095,0.040696,-0.195467,-0.106936,-0.045605,-0.123427,-0.035625,-0.283206,-0.083406,-0.200972,0.043187,0.160141,-0.02548,-0.27391,-0.133886,-0.000478,-0.088702,-0.15012,0.091596,-0.222279,0.534353,-0.257102,-0.153391,-0.223262,0.008907,-0.124275,-0.000353,-0.141634,-0.062789,-0.093134,0.262456,-0.386898,0.024784,-0.249217,0.023872,-0.079622,-0.121912,0.01508,-0.049091,-0.080801,-0.110998,0.107545,-0.084964,-0.09595,-0.056121,-0.006444,0.107677,-0.015841,-0.183937,-0.149934,-0.14919,-0.117187,0.11186,0.01272,-0.033797,-0.105531,-0.053469,-0.002279,-0.042414,0.061511,-0.139675,0.064301,-0.105516,-0.280128,-0.094758,-0.213999,-0.307664,-0.060724,-0.073238,-0.050985,0.050751,0.107352,-0.114993,-0.277815,-0.089951,-0.245777,-0.007465,-0.214989,-0.066983,-0.091413,-0.007147,0.209967,-0.187496,-0.201881,-0.249556,0.142407,-0.373589,-0.356775,0.295456,0.039966,0.166181,0.072157,0.135641,0.11516,0.12971,0.100501,-0.080303,-0.227172,-0.017737,0.36303,-0.018874,-0.215746,0.289108,0.030843,0.045374,0.02876,0.025635,0.220299,-0.313351,-0.249369,0.002235,#
11,-0.002424,0.002172,0.200817,0.000542,0.148701,0.096267,-0.016096,-0.269576,0.237686,0.112216,0.126011,1.0,-0.163524,0.098249,-0.034489,0.085999,0.144764,-0.120168,-0.06236,-0.074365,-0.13606,-0.195068,-0.041592,-0.059996,0.121964,-0.031134,-0.156769,-0.120678,0.190209,0.191163,-0.226981,0.139208,-0.531969,0.037633,-0.186357,0.21659,-0.083201,-0.084466,0.10896,0.269998,-0.054737,-0.043895,-0.064536,-0.097446,0.071039,0.21849,-0.012344,-0.190272,0.162071,0.190061,0.137657,-0.116528,-0.017422,0.040416,-0.052261,0.071017,-0.1909,-0.178374,-0.07764,-0.102496,-0.172526,0.126328,0.362507,-0.09654,0.010053,-0.161724,0.009667,0.015212,0.10614,-0.013316,0.29462,-0.139592,-0.077348,-0.04677,-0.109243,0.306396,-0.293371,-0.073173,0.086909,-0.163154,0.023645,-0.068432,0.062345,0.249457,0.059372,0.044611,-0.195452,-0.163883,-0.041684,-0.185377,-0.085802,0.024858,0.040898,-0.002511,-0.098789,-0.133362,-0.142596,-0.250586,-0.012672,-0.061512,-0.164376,0.127432,-0.11635,0.116136,-0.110173,-0.096395,0.012936,-0.064125,-0.083147,-0.142028,-0.27764,0.100592,-0.253393,0.028987,-0.144557,0.067793,-0.067379,-0.188752,0.060251,0.020513,-0.007392,-0.026255,-0.156158,-0.08626,0.275813,0.153422,-0.151224,-0.210774,-0.22534,-0.163322,0.009038,-0.083157,0.066323,0.155278,-0.075881,-0.024057,0.015153,-0.021482,0.066,-0.017625,0.128286,0.175966,0.02999,-0.011917,-0.247056,-0.186965,0.29627,0.078878,-0.003454,-0.182273,-0.125736,-0.019932,0.14324,-0.147889,-0.176415,-0.080328,0.086496,-0.07167,0.095327,0.159168,0.086511,0.098633,0.031746,-0.047002,-0.050744,-0.180524,-0.090991,-0.164911,0.188447,0.019707,0.025022,-0.228841,-0.020979,-0.38148,-0.015736,-0.071166,-0.167519,-0.001572,0.040665,-0.139606,-0.112708,-0.017589,0.174403,0.02,0.156498,0.08927,0.172217,-0.074033,-0.144965,0.070568,-0.202733,0.188742,0.064143,0.072509,0.059582,0.10644,0.09308,-0.151853,-0.136251,0.188859,#
12,0.068462,0.07284,-0.35517,0.007115,0.169349,-0.085052,0.040372,0.075756,-0.040124,0.274934,-0.172128,-0.163524,1.0,0.200778,0.166362,0.276821,-0.214822,0.009375,0.034061,-0.036447,0.301473,0.095357,0.090886,-0.190096,-0.269948,-0.151374,0.23083,0.004951,-0.05295,0.005864,-0.068127,0.254575,0.191251,-0.074177,0.036156,-0.118174,0.087052,-0.181492,-0.086754,0.047512,-0.018353,0.309741,0.077433,0.270662,0.212903,-0.181886,-0.059543,0.124494,-0.06559,-0.264321,0.088884,-0.119117,0.094012,-0.215976,-0.080991,-0.142901,-0.243504,0.221839,0.093038,-0.003572,-0.255823,0.03293,-0.348868,-0.009569,0.065062,0.283921,0.078065,0.157572,0.208086,-0.16612,-0.068212,-0.125776,-0.113895,0.022032,0.008529,0.076036,-0.048301,-0.18635,-0.159427,-0.23577,-0.28523,-0.278742,0.105454,0.005771,-0.061279,-0.243416,0.110954,-0.073255,-0.309133,-0.012272,-0.189334,-0.387872,-0.222309,-0.095055,-0.034354,0.162872,-0.101668,-0.124955,-0.276909,-0.161227,0.06086,-0.200527,0.009416,-0.175293,0.034307,-0.037735,-0.114785,-0.086105,-0.204687,-0.199142,0.218759,-0.111073,-0.097245,-0.188867,-0.111951,-0.041679,0.130301,0.013093,-0.115161,-0.217717,0.001562,-0.226751,-0.246671,-0.173312,-0.278153,0.201524,-0.311877,0.069924,0.095932,-0.204517,-0.340124,0.027381,-0.122214,-0.025016,-0.196043,-0.043484,-0.079883,-0.053361,0.120176,0.011661,-0.177643,0.045607,-0.211298,-0.218328,-0.193735,0.005225,-0.073179,0.287303,-0.400298,-0.058324,-0.120621,-0.121064,-0.09058,-0.235321,-0.320717,-0.135259,0.182277,0.080667,-0.251743,-0.1457,-0.056085,-0.099289,-0.069893,0.065368,-0.10003,0.068736,-0.06039,-0.009637,-0.047415,0.025145,0.000618,0.106736,0.001453,0.021009,0.200459,-0.050042,-0.215374,-0.093962,0.167531,-0.006286,0.248509,0.07105,-0.125167,0.109314,0.107911,-0.167243,0.021071,-0.043929,-0.022172,0.138644,-0.092734,0.085988,0.165965,0.160676,-0.112595,0.093789,-0.019345,0.128547,0.180434,0.126857,#
13,0.187628,0.213703,0.074571,-0.15586,0.150223,0.183498,0.069787,-0.045368,0.382457,0.22843,-0.139873,0.098249,0.200778,1.0,0.210192,0.03933,-0.107061,0.162458,-0.053684,0.074448,-0.234012,-0.096495,0.163337,-0.32212,-0.075663,-0.168084,0.25244,-0.29909,0.095546,-0.024518,-0.25156,0.191809,-0.180593,-0.094405,-0.205551,0.190366,0.203667,-0.091537,-0.065857,-0.275939,-0.023762,0.283896,-0.108335,0.04809,0.01523,-0.328073,0.409841,0.04879,-0.055651,0.147136,0.025033,-0.074724,0.108732,-0.103509,-0.432986,0.221249,0.069859,0.209226,0.217477,0.348649,-0.002296,0.190395,-0.040656,-0.187928,-0.088633,0.288285,0.253496,0.49454,0.245013,0.071639,0.050579,-0.086166,-0.108779,-0.023914,-0.014717,0.164809,-0.11813,-0.139658,-0.321014,0.12949,0.172683,-0.260653,0.030744,0.129866,0.024889,0.020246,-0.067031,-0.323353,-0.205438,-0.088063,-0.286017,-0.065968,-0.06856,0.188446,-0.26317,0.065918,0.017727,-0.040445,0.006902,-0.154691,-0.0911,-0.142936,-0.074023,0.044538,0.025886,-0.276411,0.04639,-0.186176,0.1113,-0.161152,0.230316,0.134285,-0.153228,0.167958,0.141659,-0.154553,-0.332197,-0.052205,0.228228,-0.330703,0.041597,-0.178512,-0.041346,-0.251385,0.10802,-0.005412,-0.212044,0.092306,-0.049546,-0.216793,-0.137071,0.305648,-0.503513,-0.25323,0.017378,-0.159201,-0.029921,0.127522,0.238602,-0.037846,0.061361,-0.30996,-0.266862,-0.105803,-0.052062,-0.223927,-0.039459,0.378271,-0.277261,0.284339,-0.240667,0.054258,0.119073,-0.062043,0.095724,-0.147325,0.420308,0.345861,-0.010734,0.036547,-0.224789,-0.095926,0.1444,0.448475,0.191401,0.305907,0.029619,-0.026232,-0.093892,-0.115161,0.040146,0.062033,-0.066085,0.037764,-0.037155,0.014927,-0.020736,-0.117939,0.164659,-0.041895,0.389564,0.192534,-0.288405,-0.170791,0.090442,-0.089953,0.147155,0.091547,-0.399163,0.238024,-0.002583,-0.125803,0.277486,0.28553,-0.055994,-0.165764,-0.303436,-0.106436,0.171462,0.195457,#
14,0.328966,0.139291,-0.16065,-0.063111,0.062771,-0.005846,0.123159,0.243192,-0.23647,-0.175512,-0.068801,-0.034489,0.166362,0.210192,1.0,0.124742,0.101778,-0.248036,-0.063646,-0.038601,-0.244284,0.094485,0.015179,-0.226274,-0.036444,-0.033032,0.239559,-0.202596,-0.014208,0.048347,-0.326542,0.276463,-0.107682,-0.116401,-0.117759,-0.079044,-0.133955,0.120716,0.025328,0.021632,-0.072066,-0.081926,-0.235014,0.006959,0.254037,-0.171721,0.404881,-0.036386,0.033973,-0.098301,-0.305688,0.035561,-0.098689,-0.444764,-0.204933,0.168301,-0.087219,-0.080267,-0.072711,0.040199,-0.151369,0.269868,0.002824,-0.013211,0.122571,0.04532,-0.182378,0.050373,0.109042,-0.343232,0.135632,-0.05259,-0.206087,0.000348,0.16062,0.118622,-0.165446,-0.063514,-0.332816,0.065041,0.031476,-0.361349,-0.132003,-0.183535,-0.153386,0.121286,-0.236685,-0.08611,-0.039235,-0.234011,0.034973,-0.196138,-0.005111,0.046413,-0.114252,-0.053641,-0.015667,-0.170919,-0.171899,-0.136496,0.05392,-0.313495,0.133055,-0.103055,-0.15223,-0.173142,0.013132,-0.294985,0.183677,-0.174025,0.080103,-0.088372,-0.203585,0.062184,-0.391845,-0.117827,0.062866,0.15809,-0.082611,-0.237631,-0.207922,-0.21136,-0.199844,0.108781,0.149497,0.002593,-0.189389,0.164347,0.003901,-0.159108,-0.087722,-0.404614,-0.301857,-0.228468,-0.055811,-0.184675,-0.003393,-0.219143,-0.126853,-0.137358,-0.186489,-0.220261,-0.030873,-0.246291,-0.197596,-0.003139,0.058717,-0.045828,-0.085015,0.055061,-0.120822,0.088579,-0.017476,-0.107719,-0.124069,0.027378,0.247309,-0.066568,-0.320051,0.033902,-0.466227,0.013181,0.112556,-0.142017,-0.014876,0.224858,0.027015,0.085005,-0.078374,-0.404736,0.017571,0.051722,-0.124784,-0.087722,0.147688,0.084102,-0.053277,-0.163273,0.056708,0.008444,0.055027,0.094956,0.088506,0.160793,0.140349,-0.2495,0.317318,-0.029431,0.034254,-0.136885,-0.165346,0.123732,0.125601,0.149269,0.02754,-0.141372,-0.06416,0.010338,-0.151523,0.138681,#
15,0.021557,-0.11283,-0.290832,0.066124,0.021164,-0.007084,0.120026,0.007241,-0.126081,0.284203,0.080267,0.085999,0.276821,0.03933,0.124742,1.0,0.121974,-0.294996,0.016856,-0.38956,-0.045025,-0.156442,-0.071776,-0.280772,-0.134801,-0.192371,-0.079453,-0.136671,-0.001706,0.095796,-0.234877,0.098327,-0.0879,-0.100424,-0.015158,-0.059177,-0.079925,-0.074755,0.29538,0.353353,-0.258315,-0.064138,0.084004,-0.024105,0.014905,0.211323,-0.041493,-0.310738,0.014457,-0.034776,0.318554,-0.117186,0.170807,-0.069263,-0.058646,0.233551,-0.049908,-0.005079,-0.026673,0.074296,-0.207269,0.223324,-0.023562,0.092593,-0.200488,-0.212627,-0.228682,0.194554,-0.093265,-0.409321,0.211537,-0.036656,-0.151996,0.016425,0.00292,0.033117,-0.104355,-0.029451,-0.107528,-0.104996,0.011277,0.009411,0.263299,0.009038,0.055442,-0.089421,0.117402,0.152625,-0.149123,0.062233,0.087068,-0.254931,0.216094,-0.156374,-0.058797,-0.016077,-0.191554,0.089483,-0.259462,-0.003401,0.035282,0.034516,-0.061462,0.092028,-0.031543,-0.179014,-0.214732,0.276325,-0.216813,0.083294,-0.46542,0.120071,-0.082825,-0.014854,-0.234092,-0.24165,0.143363,-0.041092,-0.239701,0.064212,-0.127765,-0.020414,-0.064326,0.12963,0.050685,0.022201,-0.02505,-0.018416,-0.081213,-0.094152,-0.157474,-0.138166,-0.058186,0.078591,-0.13573,0.023662,0.070051,-0.248167,-0.023621,-0.057426,-0.212691,0.025637,0.093234,-0.062078,-0.24,-0.043544,-0.18548,-0.219707,-0.296319,-0.165286,-0.003132,-0.200593,-0.134675,-0.247841,-0.185097,-0.021942,-0.069594,-0.115627,-0.304619,-0.040454,-0.206775,-0.282813,-0.043761,-0.251593,-0.181745,-0.233039,-0.297646,0.086629,0.090392,-0.105473,0.008589,-0.201467,0.067959,0.016262,0.277727,-0.093609,-0.2961,0.070244,-0.042241,0.055689,-0.065766,-0.174054,0.396835,0.290787,-0.144461,-0.076871,0.078413,-0.185603,0.311425,-0.116206,-0.228567,0.265651,0.217574,0.091671,0.193246,0.128453,0.03661,-0.197548,-0.072726,-0.018015,#
16,0.077701,-0.189357,-0.185897,-0.09528,0.205029,0.056662,-0.040451,-0.096509,-0.033527,-0.104369,0.410059,0.144764,-0.214822,-0.107061,0.101778,0.121974,1.0,-0.084343,-0.011726,-0.15356,0.054135,-0.012812,-0.001827,-0.078445,-0.069637,0.125611,-0.339104,0.010769,0.058056,0.128083,-0.190279,-0.095429,-0.094998,-0.175841,0.28407,0.101177,-0.159333,0.021049,0.2108,0.06498,-0.216233,-0.294785,-0.418583,-0.193662,0.192768,0.126156,-0.010476,-0.213934,0.142885,0.057562,0.126025,-0.001593,-0.12281,0.016527,0.187762,0.090411,-0.03893,0.022095,0.17905,-0.006564,-0.020813,0.042973,0.009762,0.129355,-0.021126,-0.284121,-0.156436,-0.233161,0.036488,-0.15243,0.169083,0.040396,-0.176773,-0.234194,-0.127636,0.143086,-0.249993,0.04117,-0.28792,0.05666,-0.10569,0.125867,-0.169644,0.174867,-0.192638,0.10287,-0.219738,0.028938,0.062714,-0.120131,0.063801,-0.098548,-0.047726,-0.1105,-0.136678,-0.274403,-0.08949,-0.200355,-0.048931,-0.149812,0.161599,0.007,-0.33494,-0.314282,-0.196628,-0.056379,-0.147143,-0.057035,-0.105686,0.275305,-0.257979,-0.075802,-0.053273,-0.249887,-0.267989,0.00607,0.035787,-0.114236,0.129385,-0.040968,-0.230105,0.023392,-0.119382,0.012809,0.133895,-0.03728,-0.117551,-0.011253,0.033192,-0.194427,0.194635,-0.120869,-0.048472,0.111126,-0.236996,-0.110404,-0.156377,-0.269646,-0.224006,0.018524,-0.314353,0.017703,0.148042,-0.068862,-0.296437,-0.047907,0.225009,-0.2107,0.206497,-0.297568,0.005586,-0.118088,-0.265212,-0.217458,-0.180381,-0.190865,0.03711,-0.005084,-0.182007,0.149863,0.04418,-0.062095,0.002605,-0.110501,-0.198706,0.000797,0.065827,-0.019314,-0.154559,0.093749,0.370652,-0.172463,-0.124501,0.075403,0.149844,-0.167516,-0.214002,0.120588,0.036407,0.060272,0.007155,-0.006535,0.169363,0.099738,0.072754,-0.147383,0.038771,-0.170285,0.250942,-0.223181,-0.135906,0.266026,0.019364,-0.12966,1.6e-05,0.069217,0.244682,-0.134148,-0.195915,0.114084,#
17,-0.077734,0.210283,0.219622,-0.025375,0.067143,-0.078582,0.038225,-0.27548,0.35852,0.027703,-0.079432,-0.120168,0.009375,0.162458,-0.248036,-0.294996,-0.084343,1.0,0.104768,0.151853,0.244015,-0.067343,0.085876,0.023334,0.024501,-0.001864,-0.128315,0.100266,0.023582,0.091842,0.120132,0.013979,0.242823,0.056575,-0.016028,0.035831,0.090531,-0.185328,-0.160826,-0.149403,0.010672,0.029586,-0.116665,0.06806,0.092126,-0.191969,-0.058605,0.287802,-0.124575,0.014445,0.081371,-0.001802,0.147962,0.094273,-0.112648,-0.040526,0.187505,0.132458,0.217914,0.025651,0.205583,-0.093095,0.072136,-0.255621,-0.073155,0.125229,0.092402,-0.081595,0.177308,0.235452,-0.045814,0.040775,-0.235135,-0.001138,0.085152,-2.3e-05,0.058762,-0.108551,-0.031305,0.229457,0.012172,0.147023,-0.140062,0.112464,0.272278,-0.031681,0.136057,0.111625,-0.017851,0.187242,-0.211784,0.033309,-0.326884,0.173596,-0.066209,-0.251481,0.166914,-0.091325,0.245184,0.096288,-0.065455,0.005281,-0.061966,0.116396,0.107441,0.24288,-0.020173,0.028506,-0.033031,-0.054717,0.263516,0.129358,0.168794,0.082029,0.148479,0.051831,-0.007971,0.14759,0.228751,-0.078501,0.205326,0.153915,0.055717,-0.143576,0.021643,0.268153,0.124335,0.133133,-0.23771,0.037164,0.0669,0.109326,-0.117129,0.112336,-0.046436,0.104757,-0.080126,0.190772,0.215629,-0.025356,0.040267,0.131035,0.034021,-0.023036,0.222005,-0.23937,0.200356,0.235035,0.131633,0.186125,0.039832,-0.070168,0.007456,-0.165302,0.210217,0.042759,-0.031839,0.369645,0.151648,0.188145,0.097999,0.125098,-0.008609,0.439425,0.259657,0.019317,0.060041,-0.023139,-0.021073,0.335003,-0.080182,-0.043914,0.006315,-0.019009,-0.229341,0.143887,0.097928,0.14572,0.207061,-0.137647,0.340345,-0.09881,-0.338878,-0.118529,0.058548,0.096929,-0.003742,0.046622,-0.332541,0.24836,0.183323,-0.160462,0.168508,-0.080762,-0.002833,0.049838,-0.015915,0.080314,0.20163,-0.270532,#
18,-0.10079,-0.168375,0.03019,-0.239932,0.129492,0.017917,0.168109,-0.002952,0.317351,-0.133063,0.032818,-0.06236,0.034061,-0.053684,-0.063646,0.016856,-0.011726,0.104768,1.0,0.074907,0.121094,-0.014011,0.365688,-0.092179,-0.068948,-0.034615,0.270896,0.214861,-0.093566,0.185438,0.083792,0.018618,-0.091182,-0.05613,-0.122897,0.096095,-0.132259,-0.144376,0.063534,-0.246538,-0.060984,-0.023168,0.164469,0.033553,-0.065967,-0.192514,0.146417,0.072819,-0.167772,0.047711,0.176754,0.130807,0.069761,-0.031219,-0.164369,0.250936,0.056365,-0.109959,-0.110977,0.067912,-0.137558,-0.10272,-0.125863,0.0386,0.004422,0.22688,0.227133,0.081509,-0.026345,0.077279,0.274378,-0.114961,-0.301169,0.126871,-0.036099,0.138439,0.09453,-0.537671,-0.043485,-0.119187,-0.146698,-0.118924,-0.17035,0.160691,-0.046414,-0.075055,-0.175132,-0.176994,0.098097,0.166296,-0.058194,0.075226,-0.130455,0.085652,-0.080029,0.036504,-0.03249,-0.102673,-0.431037,-0.109282,-0.012449,0.058035,-0.110214,0.187052,-0.134771,-0.099081,0.199713,0.04295,0.222042,0.075054,0.108853,0.121739,0.221017,-0.027488,-0.22467,-0.299441,0.127944,0.121043,0.278488,-0.054842,-0.126458,-0.097446,-0.233229,-0.319808,0.02688,-0.144593,0.043458,-0.01501,0.000448,-0.177437,0.003998,0.081641,-0.021937,0.028928,-0.276877,-0.15438,0.1685,-0.171031,-0.112681,-0.209374,-0.000147,-0.004174,-0.236178,-0.125432,-0.107502,-0.161276,-0.015917,0.175344,-0.063782,0.184465,0.239169,-0.165784,0.338476,-0.298555,-0.137819,-0.185259,-0.042298,0.252782,-0.078336,0.125231,-0.067275,-0.210987,-0.129945,-0.077158,0.123036,-0.106989,0.101984,0.04944,-0.262686,0.012975,-0.061699,0.404831,0.0734,-0.112918,0.249171,-0.126224,0.145798,0.02919,0.00401,0.16886,0.242334,0.105678,-0.020657,0.07913,-0.039376,0.29748,0.185306,0.094058,-0.189777,-0.048581,0.031987,-0.021073,-0.173431,-0.055719,-0.404425,0.337927,0.045436,0.096575,0.266504,-0.013305,#
19,-0.141396,0.11147,0.177884,0.16178,0.081321,-0.089325,-0.047003,0.035837,0.246225,0.004106,-0.127177,-0.074365,-0.036447,0.074448,-0.038601,-0.38956,-0.15356,0.151853,0.074907,1.0,-0.128599,-0.017407,-0.019749,0.226,0.043689,0.071565,-0.073906,0.110063,-0.139713,0.14089,0.154734,0.054615,0.132369,0.305116,-0.150384,-0.094838,0.025548,-0.060026,-0.137283,-0.157616,-0.01898,-0.038146,-0.021538,0.195744,0.063357,-0.176937,0.05734,0.177018,-0.229265,0.099546,-0.005161,0.188817,0.154437,0.096304,-0.292591,0.00619,0.187724,-0.0802,0.008023,-0.200885,-0.072848,0.011288,-0.054273,0.077527,-0.141305,-0.023416,0.361604,-0.21594,0.044683,0.224546,0.073391,0.018852,-0.006899,0.173686,-0.125846,0.057987,0.240074,0.117281,0.056918,0.065676,0.140427,0.005057,0.0695,0.171705,0.076386,0.178878,-0.061367,-0.27719,0.21605,-0.019627,-0.097565,0.254928,0.18134,0.065146,-0.357749,-0.135197,0.180882,-0.20835,-0.005235,0.182495,-0.240826,0.147734,0.042784,0.107679,-0.035632,0.144612,0.041486,-0.187369,0.221304,0.012518,0.351796,-0.075471,0.33018,0.227506,0.070426,0.00173,0.207022,0.007207,0.341789,-0.179672,0.149547,0.180329,0.149196,-0.194184,-0.064431,0.144719,0.012257,0.023046,0.08799,-0.008357,0.058171,0.16443,0.043481,0.075435,0.078639,-0.10322,-0.155694,0.093374,-0.025724,0.08289,0.125478,-0.092528,0.052937,0.101723,0.226391,0.170269,0.228669,0.107218,0.100736,0.374164,0.069772,0.072578,0.07129,0.204601,0.335496,0.293923,-0.080968,0.146447,0.201806,0.010449,-0.029163,0.17278,0.148263,0.338361,0.244834,-0.009967,0.176869,0.065046,0.153995,0.070453,-0.311155,0.255936,0.047073,0.062294,-0.06419,0.119059,0.035491,-0.153592,-0.185712,-0.143818,0.092042,-0.112145,-0.242155,-0.032118,-0.073926,0.172556,-0.014668,0.231563,-0.495412,-0.057326,0.254806,-0.322329,-0.197483,-0.084893,-0.23405,-0.266891,-0.080107,0.232781,0.150654,0.049041,#
20,-0.136243,0.170992,-0.235856,-0.124348,0.204418,0.030844,0.163101,-0.114698,-0.106764,0.051939,0.186268,-0.13606,0.301473,-0.234012,-0.244284,-0.045025,0.054135,0.244015,0.121094,-0.128599,1.0,0.235719,0.300631,0.23041,-0.080886,0.033892,0.084973,0.168766,0.192599,0.288719,-0.035355,-0.098104,0.336049,-0.056204,0.136549,-0.010916,0.091934,-0.27675,-0.045344,0.09864,0.198567,0.113449,0.168658,-0.060687,-0.017857,-0.030185,-0.34255,0.150995,0.032592,-0.261391,0.101443,-0.245985,-0.039235,-0.062129,0.106463,-0.217502,-0.16272,0.041803,0.117075,0.049259,0.005564,-0.179663,-0.162839,-0.061412,0.061246,0.24115,0.001616,-0.081807,0.165863,0.144197,-0.290635,-0.008529,0.221335,-0.059055,-0.07003,0.20884,0.011488,-0.102736,-0.180242,-0.117304,-0.304871,-0.029343,-0.147405,0.060784,-0.142957,-0.35835,0.184721,-0.142738,-0.188234,0.099784,-0.309938,-0.365231,-0.251421,-0.15518,0.076859,-0.046659,-0.273103,-0.106446,-0.173789,-0.000458,0.193355,0.046604,-0.302406,-0.230938,0.163596,-0.017039,-0.096086,-0.164438,-0.235956,0.032314,0.08466,0.154197,-0.200901,-0.207768,-0.032777,0.008473,-0.036014,-0.068602,-0.036664,-0.14729,-0.030696,-0.18736,-0.091036,-0.259955,-0.26971,0.012635,0.130106,-0.018828,-0.018302,-0.213329,-0.239349,-0.107393,0.04097,0.00903,-0.229378,0.02647,-0.302225,-0.247286,-0.004052,-0.228938,-0.328123,0.084017,-0.185442,-0.081616,-0.314624,-0.182788,-0.134167,0.292758,-0.078139,-0.241589,-0.032898,-0.262748,-0.20371,-0.353862,-0.303196,-0.160615,-0.12846,0.214459,-0.119308,-0.1419,0.184298,0.078774,-0.265326,0.06604,-0.189281,0.031164,-0.158736,-0.062563,-0.309619,0.408157,0.133232,0.105379,-0.24048,-0.141751,0.081386,-0.268128,-0.193296,0.169385,0.215116,-0.026185,0.211621,0.011935,0.065641,0.078108,0.264529,-0.037623,-0.231572,0.05858,0.167696,0.218517,-0.169037,0.362757,0.298908,0.139107,0.131415,0.405647,0.220146,0.008381,-0.001941,-0.065913,#
