0,1.0,0.203999,-0.02625,-0.020115,0.293321,0.129891,0.038197,-0.176281,0.170774,0.240359,0.015018,0.005248,-0.047142,0.2616,0.250123,0.067487,0.040581,-0.102136,-0.136285,-0.235497,-0.094234,-0.174554,-0.212152,-0.202057,0.186737,-0.399183,0.100464,-0.189902,0.193138,0.159984,-0.355098,0.050465,-0.05953,-0.179708,0.185759,0.129243,0.071243,-0.165548,-0.129556,0.144364,-0.005023,0.025429,-0.355471,-0.113403,0.190585,-0.324218,0.03301,-0.107999,0.050496,-0.033893,-0.017872,-0.121044,-0.014559,0.113207,0.135014,0.104136,-0.133192,0.067521,-0.193134,0.303166,0.165119,0.379133,0.108894,-0.316096,-0.16321,-0.074028,-0.008379,0.084386,0.063953,-0.035258,0.000292,0.009704,0.065357,-0.052593,-0.051013,0.147971,-0.313649,-0.222791,-0.10957,-0.079124,-0.048155,-0.188533,-0.001466,-0.21277,-0.277258,-0.070512,-0.128644,-0.075818,-0.197224,-0.337011,-0.093204,-0.385352,-0.000425,0.041557,-0.138441,-0.062806,-0.041167,-0.055279,-0.129463,-0.080362,-0.115341,-0.27887,-0.193924,0.181349,-0.015486,-0.115195,0.076418,-0.090524,-0.070761,-0.253142,0.002663,-0.120877,-0.117243,-0.176101,-0.244527,-0.325201,-0.002271,-0.197597,0.152526,-0.223256,-0.162449,-0.034591,-0.206388,0.034188,0.152518,-0.084323,-0.160931,-0.035983,-0.183723,-0.177013,-0.170868,-0.121483,-0.376841,0.013134,0.045357,-0.1837,0.102216,-0.128238,-0.028053,-0.171698,-0.086618,-0.383808,-0.06972,-0.336011,-0.169964,-0.15166,-0.153373,0.317467,-0.088009,-0.075449,-0.303245,0.027508,0.065997,-0.179525,0.092493,-0.068646,-0.00282,0.18,-0.078664,-0.227787,-0.216434,-0.141887,0.195412,0.018819,-0.249172,0.167336,-0.081054,0.323934,-0.09116,-0.351497,0.145681,-0.03393,-0.078751,-0.016934,0.146366,-0.225874,-0.041898,0.130372,0.277233,-0.27856,0.167379,0.072475,-0.071747,0.198555,0.138704,-0.161934,0.240655,-0.180191,0.06731,0.202098,-0.377587,0.071429,0.196082,0.231675,-0.162275,0.010126,-0.085999,-0.231829,0.125699,-0.037991,#
1,0.203999,1.0,-0.138648,-0.103333,0.221424,0.217703,0.147638,-0.326871,0.257456,0.274301,0.059522,0.006832,0.085545,0.356371,0.201819,-0.076868,-0.200549,0.245295,-0.050601,-0.093816,0.275663,0.260745,0.324883,-0.049666,0.008101,-0.304693,0.336233,-0.046813,0.198454,0.30411,-0.376032,-0.214686,0.05925,-0.407025,-0.052186,0.068731,0.251754,-0.613161,-0.058308,0.193449,0.090289,0.348677,-0.002592,-0.056116,0.033866,0.024184,0.018316,0.285765,-0.065545,-0.031693,-0.173895,-0.569392,0.044604,-0.271843,-0.006403,-0.001719,-0.195354,0.36463,0.021802,0.329512,0.198845,0.330067,0.127681,0.005405,-0.057911,0.327849,-0.192907,0.260279,0.331565,0.008337,-0.337601,-0.062662,0.181671,-0.13471,-0.249827,0.163124,-0.394866,-0.127894,-0.398468,-0.194787,-0.221556,-0.664157,-0.349751,-0.107927,-0.128223,-0.237618,0.039099,-0.419381,-0.155675,-0.145179,-0.355915,-0.317172,-0.26794,0.049163,-0.231674,-0.224683,-0.250672,-0.317,-0.134347,-0.356673,0.07347,-0.192844,-0.217655,-0.099115,0.059535,-0.198634,-0.357335,-0.597679,-0.067588,-0.136897,0.081711,-0.133528,-0.483251,-0.254005,-0.154952,-0.197783,-0.276214,-0.190743,-0.015486,-0.483098,-0.163272,-0.289569,-0.359185,-0.396897,-0.03425,-0.195202,0.098047,0.217739,-0.236533,-0.417689,-0.14047,-0.276001,-0.335329,-0.185294,-0.286656,-0.428087,-0.133444,-0.197178,0.196069,-0.684646,-0.327878,-0.258928,-0.312177,-0.324866,-0.104422,-0.33613,-0.181038,0.418712,-0.279279,-0.038427,-0.3423,-0.384392,-0.204403,-0.243564,-0.148051,-0.058028,-0.031835,0.520306,-0.136799,-0.310559,-0.121676,-0.180058,-0.174725,0.203264,-0.180563,0.345971,-0.237498,-0.126669,-0.254759,-0.301397,-0.026412,0.134552,-0.347495,-0.260799,0.136752,-0.484287,-0.306395,0.119479,0.433546,-0.345704,0.603119,-0.106222,-0.234343,0.334428,0.386209,-0.407338,0.046641,-0.059155,-0.09044,0.523206,-0.378152,0.348583,0.352044,0.305401,-0.019583,-0.231739,-0.017483,-0.357292,-0.11191,0.014096,#
2,-0.02625,-0.138648,1.0,0.31453,0.052509,0.05644,-0.07335,0.096283,0.239252,-0.097066,-0.019323,0.257538,-0.26775,-0.000101,-0.289952,-0.251084,-0.128715,0.259145,-0.139203,0.059086,-0.207562,-0.188332,0.013936,0.066872,0.304809,0.056948,-0.152489,-0.108772,0.106984,-0.221072,0.106425,0.247152,-0.219721,0.159574,-0.075108,-0.041378,0.112412,-0.082814,-0.007218,-0.208551,-0.06618,0.02282,-0.015358,-0.066163,0.00178,-0.038038,-0.029899,-0.085638,0.01479,0.215757,0.03148,0.24984,0.144419,0.169621,-0.039383,-0.067195,-0.019754,-0.051971,-0.362781,-0.062511,0.14161,-0.03364,0.039788,-0.159927,0.116078,-0.062198,-0.004046,0.05445,-0.047239,0.238531,0.115793,0.158157,0.018114,0.069049,0.10901,0.09428,-0.044954,0.089759,0.07385,-0.005673,0.192904,0.124264,-0.03853,0.403418,0.122051,0.125752,-0.036163,0.084307,0.038993,-0.145931,0.260866,0.163284,0.024384,0.148669,-0.027941,-0.137782,0.279982,0.021334,0.434186,0.180862,-0.197733,0.115151,0.180752,0.296421,-0.032904,0.07908,0.297155,0.262591,-0.099373,0.028322,0.082485,0.015329,0.076086,0.279874,0.100136,0.220786,-0.203366,-0.016675,0.039577,0.22974,0.088546,0.108496,0.366487,-0.019971,-0.071233,0.120761,0.076279,-0.271613,-0.336407,0.132177,0.199114,0.004163,0.034933,0.134545,0.113502,0.051957,0.201355,0.271103,-0.049623,0.198122,0.221374,0.293486,-0.10699,-0.088413,0.125188,-0.012161,0.2015,-0.016703,0.043087,-0.010991,0.138722,0.041754,0.214146,0.218341,0.182886,-0.005429,0.06624,0.036577,0.419484,0.19107,0.190315,0.055556,0.397091,0.149264,0.232997,-0.116611,0.069373,-0.321878,0.229766,0.002379,0.102918,-0.029041,0.096777,0.098824,-0.178683,0.170569,0.131305,0.266093,-0.219773,-0.191583,-0.222899,-0.078811,0.088907,-0.284157,-0.157427,0.235104,0.00681,-0.099578,-0.153613,0.107958,0.072708,-0.202232,0.003357,0.054357,-0.145886,0.024445,-0.006398,-0.106195,0.023683,-0.031673,#
3,-0.020115,-0.103333,0.31453,1.0,0.150204,-0.151171,-0.057678,0.202403,-0.14202,0.197546,-0.005182,0.011945,0.018919,-0.292041,-0.10732,-0.00737,-0.103082,0.143143,-0.378182,0.262452,-0.056493,-0.150469,-0.120773,0.144761,0.148806,0.038472,-0.324477,-0.181893,-0.037539,-0.122448,0.327478,0.091892,0.162798,0.277322,0.1106,-0.120796,0.095754,0.117134,-0.073081,-0.053997,0.005227,0.042751,-0.113538,-0.309288,0.316085,-0.034369,-0.353989,-0.165623,0.204331,0.059455,0.197327,0.141447,0.243758,0.199262,-0.080213,-0.18634,-0.028795,0.034218,-0.032929,-0.27361,-0.061309,0.10974,0.133718,-0.055837,-0.11979,-0.070187,0.147784,-0.271657,-0.107703,0.072136,-0.113919,-0.052678,0.259705,0.144029,0.074178,0.026738,0.065832,0.285881,0.278372,0.04569,0.22074,0.266056,-0.01071,0.106131,-0.000589,-0.083172,0.180086,-0.031623,0.167546,-0.03722,0.043035,-0.047187,0.306332,-0.06675,0.00531,-0.198524,-0.102278,0.040495,0.234889,0.311588,-0.233371,0.071951,0.407916,0.428158,0.16912,0.184466,0.087128,0.053152,-0.063644,-0.093313,-0.07853,-0.004147,0.2015,0.232902,0.061294,0.411824,0.318016,0.06975,0.087435,0.028709,0.186081,0.22823,0.147609,0.186409,-0.034006,0.258137,-0.04545,-0.080913,0.060944,0.231266,-0.023381,0.028034,0.299046,0.21551,0.08055,0.323437,-0.000625,0.135229,-0.310645,0.173065,0.137055,0.157171,0.14594,0.143008,0.279406,0.274837,0.077151,-0.066164,0.239111,-0.072919,-0.101869,0.018049,-0.026896,0.146255,0.320736,0.25798,-0.25225,-0.003943,0.197486,0.156644,0.366366,0.253467,0.12193,0.108117,0.178979,-0.244771,0.112216,-0.240984,0.24003,0.281713,-0.022767,-0.271985,-0.022247,0.067289,-0.217237,0.33541,-0.161784,-0.035697,-0.257787,-0.14985,-0.177814,-0.223667,-0.014364,-0.127561,-0.216973,0.115199,-0.374812,-0.021863,0.057648,-0.30867,0.028433,-0.08714,-0.215036,0.14312,-0.014821,0.042583,-0.118776,0.194703,0.082003,0.164431,#
4,0.293321,0.221424,0.052509,0.150204,1.0,0.079544,0.179314,0.007653,0.227127,0.080442,0.096243,0.163682,0.041242,0.176468,-0.000279,0.190412,0.151346,-0.052642,0.089103,-0.103618,0.180293,-0.16265,0.269868,-0.056358,-0.042618,-0.248618,0.204662,-0.129873,0.330563,0.024151,-0.210464,0.056518,0.029208,-0.179903,0.066272,0.051393,0.218577,-0.34658,-0.093446,0.003767,0.197279,0.159881,-0.134737,-0.23483,0.295471,-0.104413,-0.081741,0.187027,0.268046,-0.052732,0.10989,-0.325177,0.32333,-0.225775,-0.152659,0.00274,-0.104479,0.20758,0.122317,0.140961,-0.16686,0.309632,-0.14608,0.033404,0.018741,0.101673,0.131199,0.116782,0.175957,-0.028112,-0.100782,-0.127427,0.139847,-0.20426,-0.139904,0.218521,-0.225351,-0.251989,-0.286304,-0.176892,-0.215082,-0.290207,-0.239083,0.334799,-0.215584,0.017323,-0.085084,-0.342233,0.026138,-0.325609,-0.141502,-0.325076,0.003995,-0.273274,-0.370511,-0.276632,-0.327994,-0.335129,-0.291465,-0.071496,-0.084189,-0.288793,-0.230168,0.189059,-0.144505,-0.19419,0.000412,-0.205389,-0.131102,0.102315,0.093876,0.012613,-0.027165,-0.20936,-0.229257,-0.034581,0.009505,-0.241333,0.275858,-0.287602,-0.105209,-0.294479,-0.218044,-0.418222,-0.009008,-0.076229,-0.08579,0.040766,0.054044,-0.460911,-0.108121,-0.012964,-0.094448,-0.004922,-0.196937,-0.139809,-0.015616,-0.20908,-0.029067,-0.234537,-0.321549,-0.092716,-0.392476,-0.14651,-0.150895,-0.031487,0.009831,0.16948,-0.303258,-0.280358,-0.204446,-0.093239,0.115627,-0.237472,0.133524,-0.273685,-0.050997,0.451311,-0.231117,-0.296075,0.100409,-0.262484,0.137367,-0.006505,-0.256876,0.128624,-0.0801,0.018254,-0.042206,-0.07724,0.054806,0.254416,-0.312479,0.065588,0.138746,-0.212475,-0.263905,0.138097,0.168492,-0.200053,0.281044,-0.105007,-0.133141,0.145151,-0.028976,-0.089694,-0.016143,-0.175028,-0.074858,-0.042987,-0.168333,0.183326,0.296827,0.296226,-0.307496,0.140969,0.181349,-0.172658,0.097954,0.22713,#
5,0.129891,0.217703,0.05644,-0.151171,0.079544,1.0,0.244777,-0.126431,0.519008,0.007728,0.382192,0.011254,-0.044477,0.188631,-0.117517,0.046443,0.130877,-0.048603,0.10601,-0.125041,0.105148,0.218693,0.371103,-0.308666,0.036914,-0.41394,0.181955,0.010915,-0.001616,0.147177,-0.178663,0.072748,-0.140528,-0.105243,-0.202437,0.116102,0.188288,-0.182414,0.183355,-0.157608,0.028647,0.136614,0.218874,-0.156209,-0.297443,-0.133749,0.154515,-0.033605,0.150533,0.039193,0.054117,-0.076588,0.023333,-0.140064,0.175653,0.391389,-0.532399,0.363782,-0.170711,0.253167,0.13708,0.151749,-0.018161,0.082657,-0.013134,0.145063,-0.113403,0.358059,0.10154,0.073549,0.02494,-0.086908,0.06802,-0.363371,-0.34263,0.273199,-0.110741,-0.153562,-0.138606,-0.185323,-0.212719,-0.400971,-0.03513,0.326957,-0.313609,0.113712,-0.162353,-0.113705,-0.014737,-0.200158,-0.003374,-0.222613,-0.156124,0.223477,-0.078275,-0.063565,0.140795,-0.131925,0.002105,-0.292506,0.098972,-0.235933,-0.003182,-0.201852,-0.123806,-0.360144,0.112027,-0.137054,-0.115822,0.125144,-0.0382,-0.179917,-0.149914,-0.22576,0.016207,-0.487888,-0.18424,-0.216827,0.141764,-0.125716,-0.14444,-0.074081,-0.187141,-0.322032,0.022404,-0.004834,0.330978,0.310379,-0.277049,-0.272711,-0.109323,0.148257,-0.267679,-0.230357,-0.010337,-0.227362,0.009187,-0.136116,0.188915,-0.397763,-0.177557,-0.014686,-0.264593,-0.155161,-0.145605,-0.316637,-0.226353,0.367285,-0.15313,-0.114264,-0.005261,-0.154739,0.256728,-0.263753,-0.134256,-0.175087,0.082993,0.065874,-0.049888,-0.099108,-0.047587,-0.146115,0.012443,0.102984,0.1007,0.158544,-0.203965,-0.252023,-0.265996,-0.236441,0.092674,0.174391,0.133325,-0.117425,0.171756,-0.389976,-0.241533,0.313262,0.144251,-0.035172,0.233407,0.005121,-0.113158,0.237399,-0.092399,-0.063758,0.067144,0.046087,-0.139744,0.311811,-0.188398,0.075981,0.042974,0.261178,-0.011066,0.242551,0.074117,-0.306805,-0.242911,-0.046039,#
6,0.038197,0.147638,-0.07335,-0.057678,0.179314,0.244777,1.0,-0.242222,0.112827,0.101258,0.116052,0.013228,0.190651,0.080699,0.035586,0.104568,0.037456,-0.015175,0.155452,-0.094574,0.307694,0.219739,0.086721,-0.265642,-0.14466,-0.359452,0.109416,-0.026528,0.175252,0.039361,-0.227283,-0.099739,0.009756,-0.00981,-0.065451,-0.1757,0.164192,-0.1212,-0.109875,-0.014502,-0.064496,0.132003,0.155519,-0.105471,-0.085961,-0.040818,-0.029355,0.022886,0.257615,0.144837,0.011442,-0.287347,0.004005,-0.333112,-0.119572,0.089459,0.018078,0.049313,-0.189976,0.258207,-0.044713,0.171404,-0.046685,0.043758,-0.066575,-0.130034,-0.111377,0.059707,-0.031302,0.1662,0.117023,-0.271444,0.073223,-0.052993,-0.237298,0.04601,-0.029174,-0.217232,-0.28573,-0.085391,-0.133703,-0.23053,-0.03745,0.094319,-0.115585,0.313194,-0.044356,-0.015449,0.082825,-0.264079,-0.061099,-0.043464,0.031563,0.156904,0.25717,-0.0715,-0.116026,-0.207272,-0.154273,-0.120779,0.175722,-0.401747,-0.155896,-0.096767,-0.025054,-0.093008,0.119377,-0.120849,-0.190983,-0.01097,-0.033568,-0.179707,-0.207797,-0.145272,-0.134134,-0.120141,-0.184659,-0.178306,-0.039978,-0.015028,0.038055,-0.22924,-0.07189,-0.244955,-0.362759,0.276077,0.088737,0.258192,-0.11258,-0.172455,0.051432,0.074804,0.018813,0.118625,0.013501,0.047735,0.011619,-0.213425,-0.010654,-0.071894,0.015093,0.137185,0.066139,-0.071357,-0.269791,-0.267524,0.060371,0.358416,-0.016661,0.065074,-0.076645,-0.210952,0.173794,-0.063483,0.079219,0.007791,0.041466,0.12751,-0.113208,-0.08907,0.070157,-0.139163,0.026869,0.215973,0.025973,0.075767,-0.032127,-0.144099,-0.064913,-0.054098,0.076463,0.056635,0.06312,-0.079339,0.008174,-0.095004,-0.036348,0.170953,0.060004,-0.1733,-0.00478,0.004885,0.264128,0.172783,-0.111838,0.003422,0.082982,-0.198143,-0.147118,-0.126651,-0.168145,0.174081,0.139364,0.113245,0.263147,0.312062,-0.071666,-0.147462,-0.126202,-0.143616,#
7,-0.176281,-0.326871,0.096283,0.202403,0.007653,-0.126431,-0.242222,1.0,-0.118433,-0.310435,-0.145672,-0.126203,0.00417,-0.192277,0.055397,-0.034035,-0.178697,-0.051093,-0.163268,0.195839,-0.148374,-0.030807,-0.062055,0.271532,0.370732,0.254451,-0.102777,0.135763,-0.12385,-0.178355,0.24869,0.305561,0.234544,0.043972,0.0281,0.077739,-0.026407,0.209819,0.188211,-0.209752,0.051526,-0.073742,0.14801,-0.097989,0.200064,-0.068817,0.111461,0.301292,0.060358,-0.43913,-0.004296,0.181119,-0.031654,0.024366,-0.175076,-0.269067,-0.039703,-0.164312,0.111543,-0.333534,-0.429428,-0.280233,-0.316444,-0.066081,-0.163266,0.083004,0.405943,-0.014462,-0.049919,0.200259,-0.096745,-0.095468,0.266925,0.077675,0.301093,-0.088463,0.368212,0.009073,0.122907,0.090377,-0.02903,0.164605,-0.071276,-0.000326,0.158968,0.099458,-0.136436,0.065449,0.174941,0.045229,0.254698,0.118593,0.00979,-0.374352,-0.097916,0.039506,0.001745,0.232003,0.083143,0.127714,0.02298,0.126202,0.374606,0.035951,0.176234,0.085475,0.313181,0.169846,0.137411,-0.022512,0.168944,0.150973,0.319231,0.114912,0.20487,0.359882,0.243522,0.116899,-0.140565,0.242769,0.245771,-0.050039,0.135667,0.140441,0.010003,0.045825,-0.335672,0.146433,0.032293,0.409171,0.103917,-0.048506,0.109269,-0.11323,0.197634,0.313008,-0.101893,0.163152,0.216983,0.228277,0.194615,0.161495,0.171767,0.005524,0.124749,0.106997,0.10498,-0.242536,0.073208,0.02037,0.094541,0.340485,-0.074739,0.09426,0.118809,0.141644,0.054596,-0.361643,0.056543,-0.034134,0.211176,0.253853,-0.118612,0.149929,0.172559,-0.25908,0.029126,-0.090207,0.20673,0.220602,-0.156286,-0.030296,0.103808,-0.086099,-0.287585,0.178408,-0.110879,-0.310306,-0.37941,-0.138537,-0.366823,-0.010397,-0.108398,-0.309363,-0.278761,-0.060802,-0.199247,-0.090795,0.001464,-0.34269,0.303795,-0.174922,-0.139969,-0.205492,-0.059873,0.053176,-0.008908,0.181107,0.043877,-0.089074,#
8,0.170774,0.257456,0.239252,-0.14202,0.227127,0.519008,0.112827,-0.118433,1.0,0.136489,-0.110291,0.237629,-0.110925,0.414157,-0.130584,-0.058885,-0.104159,0.254275,0.253009,0.107685,-0.182798,-0.192584,0.33874,-0.323231,0.158221,-0.345401,0.131324,-0.178027,0.163035,0.188284,-0.242748,0.073624,-0.214368,-0.212787,-0.120987,0.35448,0.301869,-0.367738,0.101628,-0.187727,0.061796,0.15669,-0.223581,-0.109033,0.013016,-0.100165,0.400594,0.23848,0.081679,0.110221,0.110772,-0.152041,0.150456,-0.072087,-0.06256,0.179855,-0.133532,0.272663,-0.163138,0.145422,0.095506,0.278035,0.03991,-0.183767,-0.15868,0.205987,0.193784,0.250384,0.182068,0.06304,0.050425,-0.063448,-0.166211,-0.200688,-0.337654,0.204597,-0.069715,-0.306387,-0.132979,-0.112904,-0.052839,-0.310953,-0.113989,0.251311,0.098338,0.13304,-0.227595,-0.289879,0.080476,-0.075561,-0.152846,-0.045346,-0.248429,0.13276,-0.159001,-0.201834,0.167324,-0.224599,0.058415,-0.217817,-0.133458,-0.123375,-0.157252,0.043344,-0.240943,-0.200372,0.058021,-0.16803,0.108538,-0.204946,0.154428,-0.166434,-0.04689,-0.224505,-0.092815,-0.253333,-0.086924,-0.268084,0.296639,-0.36076,0.057006,-0.173268,-0.137721,-0.32901,0.072815,0.070813,0.06547,0.13631,-0.372114,-0.239455,0.039736,0.094845,-0.32537,-0.12679,-0.261581,-0.279874,0.025282,0.034382,0.289771,-0.244125,-0.113054,-0.169655,-0.217977,-0.242885,-0.234167,-0.487828,0.175465,0.409532,-0.196961,-0.076037,-0.007602,-0.162609,0.234312,-0.267516,-0.007916,-0.045536,0.302383,0.36736,-0.115128,0.102871,-0.286784,-0.130619,-0.042929,0.250286,0.179263,-0.124162,-0.122479,-0.179944,-0.193617,-0.116216,0.093555,0.190593,0.101017,-0.162134,-0.000415,-0.176858,-0.179274,0.187045,0.270363,-0.162062,0.280323,0.103708,-0.236782,-0.008913,0.056252,0.169473,0.282915,0.075051,-0.444851,0.335678,-0.162501,0.036407,0.101723,0.167006,-0.343846,0.198643,-0.027645,-0.233025,0.058608,0.019102,#
9,0.240359,0.274301,-0.097066,0.197546,0.080442,0.007728,0.101258,-0.310435,0.136489,1.0,-0.001461,0.058352,0.138246,0.127315,-0.07225,0.338028,0.013586,-0.000878,-0.004335,-0.172033,0.130503,-0.041997,0.120022,-0.264455,-0.056829,-0.273293,-0.099081,-0.299629,0.047313,0.129954,-0.144703,-0.22361,0.009656,-0.009954,0.301088,0.099341,0.003894,-0.34574,-0.061215,0.318909,-0.117156,0.027084,-0.093925,-0.109558,0.092208,-0.001901,-0.089806,-0.135209,-0.189567,0.130579,0.17938,-0.288519,0.08306,0.11628,0.162903,0.136432,-0.224914,0.22882,-0.157357,0.118002,0.175341,0.256316,0.118974,0.147317,-0.347462,-0.021232,-0.027282,-0.123913,-0.020129,-0.148544,-0.04233,-0.229975,-0.08223,0.001093,-0.205648,-0.044943,-0.155266,0.093816,-0.151048,-0.11877,-0.08041,-0.071504,0.038046,-0.157874,-0.076551,-0.208321,0.095043,-0.022757,0.024815,0.003422,-0.277637,-0.181764,0.138679,-0.088604,0.008487,-0.087604,-0.201586,0.009483,-0.197903,0.0398,-0.146876,0.05452,-0.041864,0.154298,-0.150929,0.013161,-0.24928,-0.05423,-0.116065,-0.0911,-0.292786,-0.126814,-0.257448,-0.02301,-0.282479,-0.092917,-0.037972,-0.27385,0.042495,-0.187776,-0.102559,0.1984,-0.169169,-0.103151,-0.164381,0.044871,-0.042054,-0.126122,0.025255,-0.01539,-0.163549,0.06193,-0.112584,0.285839,-0.158766,-0.097252,-0.126734,-0.262256,-0.036442,-0.14368,-0.211067,-0.211154,0.013052,-0.17582,-0.137704,-0.104111,-0.126304,0.19596,-0.185208,-0.091401,-0.204766,-0.333228,-0.270712,-0.114627,0.031834,0.1014,0.055716,0.306887,-0.058908,-0.173495,-0.097202,-0.163702,-0.040285,0.075806,-0.124067,-0.135385,-0.000381,0.162254,-0.130078,-0.011841,0.189983,-0.066382,0.086478,-0.090966,0.207101,-0.118702,-0.18265,0.161479,-0.049453,-0.216725,0.131105,-0.066527,0.066743,0.222339,0.00214,-0.050318,0.178318,-0.056977,0.114446,0.162972,-0.363675,0.118709,0.038518,0.053377,0.050203,0.101427,0.026955,-0.106009,0.029241,-0.056492,#
10,0.015018,0.059522,-0.019323,-0.005182,0.096243,0.382192,0.116052,-0.145672,-0.110291,-0.001461,1.0,0.164093,-0.051284,-0.200065,0.030866,0.137973,0.51609,-0.175729,-0.080205,-0.30044,0.342508,0.234371,0.071385,0.025605,-0.074665,-0.046666,-0.196648,-0.002792,0.143611,0.211842,-0.208218,0.087183,-0.216946,-0.105585,0.364539,0.040789,0.1042,-0.134215,0.10736,0.205564,-0.171834,0.025039,-0.026885,-0.110698,-0.129057,0.056175,-0.271039,-0.341802,0.227224,-0.127922,0.155942,-0.080304,-0.156549,-0.052936,0.428603,0.025328,-0.421265,0.128531,-0.116439,0.066098,0.121858,-0.021934,-0.075431,0.097053,0.296674,-0.101759,-0.258203,-0.079694,0.106895,-0.351453,-0.112926,0.069963,0.071895,-0.345376,-0.09092,0.262662,-0.359611,0.082979,-0.310721,-0.335694,-0.273119,-0.157855,-0.20385,0.204728,-0.453928,-0.115147,-0.225003,-0.012771,-0.386205,-0.195246,0.014468,-0.368211,-0.137327,-0.093788,-0.117814,-0.154632,-0.22431,-0.201545,-0.152165,-0.132372,0.206457,-0.07151,-0.23962,-0.305727,-0.127743,-0.198398,-0.155595,-0.060185,-0.293005,0.463674,-0.357993,-0.178726,-0.315109,-0.15254,-0.293971,-0.081693,-0.188625,-0.149529,-0.154729,0.130688,-0.472668,-0.030462,-0.275303,-0.00849,-0.017958,-0.084002,0.124746,-0.099468,-0.12748,-0.280788,-0.066291,-0.200097,-0.146251,-0.102207,-0.164077,-0.147891,-0.178613,-0.372948,-0.173389,-0.280581,-0.423323,0.095773,-0.106902,-0.056669,-0.227039,-0.082288,-0.070243,0.028369,-0.040209,-0.287575,-0.052276,-0.22505,-0.185488,-0.297746,-0.315385,-0.351203,0.030946,-0.05143,-0.196168,-0.102461,0.074811,-0.097596,-0.124411,-0.223293,-0.355418,0.120434,-0.18574,-0.115089,-0.264344,-0.151337,0.220986,-0.089438,-0.201366,-0.284841,0.298492,-0.388208,-0.340463,0.376429,0.105689,0.190301,0.128882,0.091889,0.199609,0.293117,0.171068,-0.29894,-0.088333,-0.092948,0.459538,0.091873,-0.430759,0.435583,0.136153,0.124967,0.036041,0.053163,0.285319,-0.395061,-0.311818,-0.090345,#
11,0.005248,0.006832,0.257538,0.011945,0.163682,0.011254,0.013228,-0.126203,0.237629,0.058352,0.164093,1.0,-0.286173,0.066308,0.096191,0.149115,0.053751,-0.098451,-0.003833,-0.146621,-0.02537,-0.226623,0.012676,-0.10682,0.104162,-0.05029,-0.0677,-0.131137,0.375103,0.216755,-0.168478,0.145639,-0.399781,-0.06955,-0.041258,0.18524,-0.208347,0.025939,0.11585,0.327996,0.008811,-0.138061,-0.067655,-0.050274,0.17434,0.177812,-0.030817,-0.185773,0.005838,0.224838,0.225681,-0.138267,-0.031832,0.091303,-0.213663,0.080749,-0.192084,-0.164959,-0.245506,-0.088953,-0.181972,0.135824,0.212549,0.062434,-0.019636,-0.178143,0.183769,-0.02725,0.066523,-0.074249,0.21755,0.003822,-0.000155,-0.023115,-0.119306,0.189589,-0.323519,-0.138489,-0.063171,-0.28409,-0.021339,-0.140995,0.058263,0.234331,0.079807,0.047177,-0.207964,-0.299421,-0.032907,-0.333849,-0.031258,-0.032747,0.042543,-0.124269,-0.231761,-0.201907,-0.227576,-0.294489,-0.164364,-0.03403,-0.122229,0.123153,-0.132784,0.048408,-0.20807,-0.020324,-0.121831,-0.115945,-0.083537,-0.034043,-0.333211,0.145068,-0.244249,0.145674,-0.246635,-0.009154,-0.004155,-0.159469,0.1138,-0.093813,-0.110375,-0.066565,-0.214858,-0.134497,0.242537,0.027109,-0.182218,-0.316331,-0.247926,-0.27488,0.050594,-0.219296,-0.063781,0.109876,-0.137831,-0.038554,0.145333,0.031446,-0.035752,-0.060438,-0.040276,0.120037,-0.11846,-0.087864,-0.229486,-0.252783,0.359101,0.137264,-0.026525,-0.24816,0.041152,-0.067134,-0.025666,-0.071873,-0.266053,-0.143641,0.028754,0.051986,-0.008846,0.062764,0.023741,-0.028636,0.014668,-0.178757,-0.082319,-0.28078,-0.300265,-0.074501,0.134338,-0.01237,0.113014,-0.172275,-0.103581,-0.420281,0.119803,-0.017191,-0.146265,0.036045,-0.060884,-0.19177,-0.029127,0.035855,0.040667,0.151425,0.178853,0.062623,0.175357,-0.140542,-0.115164,0.089619,-0.292141,0.223016,0.09619,0.144728,-0.174457,0.071152,0.075118,-0.213884,-0.036837,0.412057,#
12,-0.047142,0.085545,-0.26775,0.018919,0.041242,-0.044477,0.190651,0.00417,-0.110925,0.138246,-0.051284,-0.286173,1.0,0.152669,0.023495,0.230699,-0.051484,-0.024788,0.105947,0.087567,0.283336,0.217988,0.02665,-0.103022,-0.201091,-0.205512,0.107136,0.123441,-0.031303,-0.057643,-0.00711,0.128051,0.145793,-0.121838,-0.18879,-0.192207,0.148809,-0.211907,-0.051745,-0.062482,-0.048676,0.335954,0.09042,0.173257,0.05695,-0.255696,0.004864,0.042632,-0.033364,-0.281596,0.050229,-0.073694,0.07109,-0.186955,0.033538,-0.023059,-0.169886,0.068928,0.046105,0.105348,-0.103129,0.047925,-0.26219,-0.009132,0.011717,0.236068,-0.064969,0.1458,0.185713,-0.087853,-0.04127,-0.122332,-0.134486,0.02077,-0.0398,-0.033628,-0.008095,-0.095079,-0.110786,-0.148627,-0.061905,-0.293179,0.126947,-0.024357,-0.108732,-0.110336,0.197272,0.056514,-0.199882,-0.050464,0.023731,-0.281589,-0.063316,-0.024765,0.141627,0.150862,-0.157198,-0.02984,-0.206555,-0.143844,-0.008781,-0.210794,0.043946,-0.168122,0.072052,-0.057625,-0.085036,0.016078,-0.238334,-0.183368,0.325896,-0.151758,-0.109325,-0.089495,0.029397,-0.119731,0.073461,0.088737,-0.18145,0.005361,-0.017996,-0.166787,-0.288459,-0.19468,-0.264807,0.267435,-0.237109,0.034264,0.098534,-0.093397,-0.252535,0.163531,-0.066189,-0.043076,-0.005618,-0.040887,-0.151662,-0.157733,0.111564,0.044659,-0.044709,0.169643,0.015012,-0.127825,-0.137541,0.038629,-0.220464,0.292576,-0.317969,-0.093176,-0.060125,-0.016846,-0.050933,-0.148103,-0.325983,-0.090958,0.322289,-0.017867,-0.135098,-0.062464,0.035779,-0.101079,0.067266,0.066541,-0.219444,0.080426,0.041262,-0.117816,0.10056,0.023467,0.032071,0.190795,0.099549,0.198451,0.218025,-0.116493,-0.029925,-0.064149,0.128858,-0.060101,0.266658,-0.127783,0.093722,0.116929,0.067299,-0.026494,0.021624,0.143557,0.025633,-0.007734,-0.009382,0.07577,0.130505,0.053456,0.143637,0.11377,0.018031,0.071974,0.020081,0.052931,#
13,0.2616,0.356371,-0.000101,-0.292041,0.176468,0.188631,0.080699,-0.192277,0.414157,0.127315,-0.200065,0.066308,0.152669,1.0,0.244675,0.017807,0.083569,0.117132,0.083946,-0.051126,-0.138424,0.02196,0.173254,-0.348243,-0.116854,-0.195149,0.235905,-0.175616,0.098138,0.077798,-0.406817,0.005719,-0.100203,-0.1968,-0.228342,0.158128,0.115369,-0.095652,0.020817,-0.130083,0.02234,0.229046,-0.22533,0.175645,-0.009072,-0.396908,0.426528,0.247417,-0.116549,0.12118,-0.107066,-0.223773,0.135452,-0.090189,-0.186115,0.216091,-0.010757,0.353623,0.198917,0.338641,0.064676,0.300435,-0.115283,-0.111204,-0.147196,0.284924,0.050281,0.274608,0.405982,0.122045,0.086398,-0.024634,-0.166206,0.040136,-0.141307,0.183155,-0.149415,-0.230046,-0.437229,-0.014783,0.030856,-0.388055,-0.046177,0.084773,0.048462,0.219369,-0.121355,-0.29367,-0.163795,-0.22505,-0.224438,-0.043245,-0.160366,0.235326,-0.15675,-0.040933,0.176595,-0.136667,0.074675,-0.289492,-0.082572,-0.196633,-0.23409,-0.125794,-0.043788,-0.271779,-0.028605,-0.262037,0.114256,-0.212608,0.268269,0.053644,-0.190412,0.01889,0.018834,-0.233509,-0.330265,-0.098105,0.198665,-0.419117,-0.001629,-0.245654,-0.130506,-0.319132,-0.001188,-0.071007,-0.101562,0.086821,-0.166469,-0.301704,-0.122711,0.191346,-0.510372,-0.237294,-0.05862,-0.351009,-0.166055,0.039917,0.27031,-0.035542,-0.179499,-0.246014,-0.288851,-0.276807,-0.1554,-0.424032,-0.059353,0.472311,-0.279166,0.191776,-0.190591,-0.143677,0.15475,-0.167981,-0.081838,-0.037671,0.493474,0.341812,0.01332,-0.037892,-0.256053,-0.295758,0.35738,0.431838,0.02224,0.296396,-0.043263,-0.066749,-0.190643,-0.184703,-0.037362,0.164692,0.01032,0.045866,-0.002263,-0.160253,0.124056,-0.135275,0.190573,-0.097981,0.556379,-0.062776,-0.201612,0.110086,0.140883,-0.109755,0.42783,0.081714,-0.429587,0.267221,-0.049974,-0.109793,0.189448,0.15705,-0.076825,-0.053707,-0.330726,-0.167421,0.01473,0.018074,#
14,0.250123,0.201819,-0.289952,-0.10732,-0.000279,-0.117517,0.035586,0.055397,-0.130584,-0.07225,0.030866,0.096191,0.023495,0.244675,1.0,0.099149,0.050577,-0.129711,-0.137199,-0.065245,-0.237727,-0.11276,-0.065004,-0.130505,-0.052323,0.069996,0.215574,-0.043147,-0.092183,0.130575,-0.323329,0.242403,-0.086666,-0.212218,0.038665,-0.105038,-0.199343,0.143347,-0.022814,0.171096,-0.067262,-0.162241,-0.341458,0.011388,0.302021,-0.289838,0.279968,0.038826,-0.049391,-0.133411,-0.214689,0.000864,-0.214346,-0.170302,-0.174669,0.141507,-0.060713,-0.177459,0.044268,-0.03156,-0.160975,0.377935,-0.046186,-0.060814,-0.047164,-0.024966,-0.01867,-0.110421,0.204568,-0.117474,0.215954,0.212073,-0.096487,0.166355,0.237642,0.148223,-0.18497,-0.114979,-0.2921,0.154141,-0.013662,-0.216925,-0.082769,-0.071203,-0.136932,0.063674,-0.307269,-0.126706,0.003015,-0.120101,0.021754,-0.113435,-0.080832,0.086338,-0.116619,-0.026596,0.0957,-0.105251,-0.25671,-0.089137,0.011684,-0.227753,0.012729,-0.015004,0.03183,-0.098111,-0.014687,-0.232288,0.215981,-0.043372,0.090383,0.097859,-0.208084,0.121304,-0.346738,-0.021555,0.088972,0.076064,-0.098628,-0.230792,-0.187363,-0.087275,-0.210653,0.030081,0.182042,-0.04625,-0.239478,0.192823,-0.004904,-0.200713,-0.145861,-0.346419,-0.163392,-0.333745,-0.105328,-0.209071,-0.125841,-0.191684,-0.104179,0.051445,-0.131501,-0.210419,-0.054745,-0.318315,-0.155207,-0.113308,0.156229,0.069246,0.010822,0.108218,-0.102525,0.063295,-0.19735,-0.152998,-0.098604,-0.000986,0.095915,-0.069527,-0.239235,-0.163825,-0.412899,-0.072349,0.124593,-0.077494,0.032685,0.064568,-0.133208,0.124436,-0.042082,-0.462463,-0.07917,-0.074889,-0.212947,-0.199736,-0.022097,0.050171,-0.108515,-0.124308,0.120849,-0.010503,0.079656,0.071511,-0.048238,0.13096,0.181222,-0.096728,0.267982,0.011804,-0.012157,-0.106971,-0.01147,0.043098,0.053349,0.12216,-0.080498,-0.203456,-0.201515,0.101871,-0.094116,0.114304,#
15,0.067487,-0.076868,-0.251084,-0.00737,0.190412,0.046443,0.104568,-0.034035,-0.058885,0.338028,0.137973,0.149115,0.230699,0.017807,0.099149,1.0,0.103309,-0.227103,-0.05199,-0.32283,0.116522,-0.189217,0.002333,-0.347928,-0.178703,-0.255788,-0.132371,-0.1406,0.159611,0.169967,-0.151108,0.247207,-0.044317,-0.212515,0.120658,-0.09216,-0.126648,-0.082087,0.350525,0.401511,-0.11314,-0.100305,0.075764,-0.082008,0.08349,0.050321,-0.179689,-0.127009,-0.068491,-0.153366,0.36262,-0.077122,0.101611,0.035514,0.000157,0.194971,-0.175322,0.133712,-0.019338,0.118781,-0.118802,0.158201,-0.173926,0.082843,-0.173075,-0.147846,0.109741,0.104744,0.159626,-0.391566,0.12114,-0.025319,-0.151831,0.044367,-0.058852,0.093249,-0.126464,-0.104617,-0.189935,-0.104924,-0.115459,-0.072319,0.26124,0.124665,-0.039904,-0.065645,0.078514,0.06431,-0.151602,0.020843,0.040946,-0.337938,0.036758,-0.217507,-0.204316,-0.083379,-0.10955,-0.007385,-0.275859,-0.058054,0.090919,-0.005908,-0.067253,0.082081,-0.06524,-0.093234,-0.198829,0.213529,-0.176189,0.153707,-0.454475,0.189922,-0.101835,-0.108254,-0.212192,-0.277448,0.164185,-0.024033,-0.129971,-0.059488,-0.235638,0.077294,-0.063676,0.061758,0.013061,0.096787,-0.128474,-0.023992,-0.109866,-0.26382,-0.239821,-0.146757,-0.024685,-0.060395,-0.155112,-0.008773,-0.031089,-0.21036,-0.053964,-0.085344,-0.367768,0.061753,0.055368,-0.012916,-0.162953,-0.04825,-0.069457,0.024957,-0.249849,-0.158251,0.093498,-0.201702,-0.279496,-0.376594,-0.150009,0.010966,-0.103063,0.02913,-0.332796,-0.338426,-0.223383,-0.303459,-0.031489,-0.225082,-0.173592,-0.191596,-0.385342,0.156193,-0.002695,-0.121392,0.062361,-0.146881,-0.089684,0.01494,0.314746,-0.066436,-0.31227,0.144106,0.008389,0.074596,0.066465,-0.187573,0.13786,0.403644,-0.025633,-0.110058,0.178066,-0.205989,0.206612,0.001677,-0.24039,0.288624,0.304297,0.148707,0.064252,0.099513,0.095621,-0.164244,-0.031581,-0.0313,#
16,0.040581,-0.200549,-0.128715,-0.103082,0.151346,0.130877,0.037456,-0.178697,-0.104159,0.013586,0.51609,0.053751,-0.051484,0.083569,0.050577,0.103309,1.0,-0.15736,-0.032561,-0.087936,0.023739,0.020436,-0.017166,-0.080996,-0.14014,0.153759,-0.308378,-0.055616,0.024817,0.064491,-0.206918,-0.027705,-0.177245,-0.03752,0.181967,0.129084,-0.005242,0.02315,0.089444,-0.01727,-0.292472,-0.097467,-0.228801,-0.212742,0.068887,0.079541,-0.033297,-0.311941,0.196857,0.127045,0.055663,0.03533,-0.188199,-0.031066,0.239027,0.076557,-0.035004,0.05674,0.207594,0.11311,-0.007716,0.052731,0.059192,0.146024,0.094547,-0.228226,-0.17462,-0.179812,0.102174,-0.230684,0.175297,-0.037402,-0.218548,-0.218026,-0.03353,0.161263,-0.207619,0.079869,-0.283269,0.116614,-0.120457,0.120578,-0.169373,0.177302,-0.265337,0.038642,-0.190562,0.020687,-0.077872,-0.039883,0.028389,-0.083403,0.036284,0.044653,-0.124846,-0.16262,-0.080411,-0.215319,-0.025716,-0.253981,0.191786,-0.059809,-0.286522,-0.350796,-0.169825,-0.110145,-0.093623,-0.074002,-0.161377,0.222391,-0.239247,-0.12087,-0.101822,-0.172992,-0.208223,-0.02045,-0.187642,-0.134871,0.151869,-0.001021,-0.225939,0.078728,-0.055285,0.042251,-0.005424,0.015991,-0.134432,0.021828,0.095465,-0.164811,0.202681,0.117726,-0.105868,0.142625,-0.126619,-0.079377,-0.120794,-0.215861,-0.210055,-0.02248,-0.178357,0.019855,0.146678,0.023689,-0.261942,0.036159,0.145748,-0.18705,0.168991,-0.151364,-0.133837,-0.059839,-0.127196,-0.179889,-0.07276,-0.236141,0.113802,0.040473,-0.131619,0.169602,0.041772,-0.128119,0.036464,-0.047734,-0.22474,0.189599,0.125213,-0.011732,-0.18695,0.053968,0.35413,-0.028955,-0.068385,0.126751,0.080337,-0.222868,-0.152922,0.248924,0.110298,0.167614,0.10321,-0.001164,0.207307,0.125371,0.103323,-0.188069,0.050619,-0.0614,0.208518,-0.168714,-0.106032,0.192139,0.028837,-0.046667,0.145185,-0.068645,0.210624,-0.157117,-0.289634,0.062836,#
17,-0.102136,0.245295,0.259145,0.143143,-0.052642,-0.048603,-0.015175,-0.051093,0.254275,-0.000878,-0.175729,-0.098451,-0.024788,0.117132,-0.129711,-0.227103,-0.15736,1.0,0.030383,0.132979,0.097372,-0.02443,0.060287,0.070432,0.161959,0.050604,-0.128763,0.005669,0.039558,0.015721,0.123309,-0.071899,0.176423,0.072797,-0.09818,0.115935,0.02146,-0.118053,-0.162535,-0.153289,-0.045268,-0.118818,-0.054458,0.013064,0.10875,-0.030194,0.036409,0.140402,-0.125997,0.044366,0.141461,0.013021,0.208567,-0.001599,-0.170248,-0.047654,0.253785,0.289995,0.191159,-0.087242,0.223571,-0.055491,0.161856,-0.162994,-0.04142,0.104267,0.005881,0.018151,0.008687,0.125491,-0.097428,-0.063887,-0.09624,-0.071513,0.08886,-0.037966,0.052972,-0.037977,0.011259,0.197278,0.218782,0.13354,-0.116758,-0.043648,0.395696,-0.05801,0.121415,0.004536,0.112548,0.195704,-0.179439,0.120907,-0.171114,0.067682,-0.070175,-0.279833,0.007195,0.047677,0.249932,0.106838,0.024414,0.11863,0.126074,0.037441,0.054385,0.112382,-0.091772,0.005415,-0.057554,-0.136256,0.153993,0.158015,0.123845,0.19166,0.137099,0.122594,-0.003057,0.153635,0.036557,-0.025761,0.255009,0.111803,0.013062,-0.056251,0.192964,0.105459,0.259487,0.119741,-0.2222,0.165502,0.108825,-0.060241,-0.19164,0.0861,-0.105522,0.141864,-0.06271,0.123794,0.315937,-0.106913,0.049731,0.031773,0.0941,-0.071818,0.179114,-0.226236,0.06749,0.008227,0.075223,0.104527,0.046631,-0.065541,0.064459,-0.123646,0.151341,0.02638,0.04766,0.316858,0.073828,0.308646,0.088586,0.163333,-0.102231,0.27223,0.277504,-0.004164,0.070295,-0.102153,0.059904,0.237048,-0.003377,-0.083467,0.005643,-0.052897,-0.229184,0.225982,0.027733,0.111956,0.054374,-0.226787,0.155075,0.015882,-0.222104,-0.245464,-0.022521,0.060093,-0.118054,0.075568,-0.169509,0.249023,0.156292,-0.075432,0.155699,-0.093916,-0.009777,0.07008,-0.026691,0.031747,0.261255,-0.186642,#
18,-0.136285,-0.050601,-0.139203,-0.378182,0.089103,0.10601,0.155452,-0.163268,0.253009,-0.004335,-0.080205,-0.003833,0.105947,0.083946,-0.137199,-0.05199,-0.032561,0.030383,1.0,-0.068907,0.186798,0.095699,0.363022,0.016225,0.050521,-0.108223,0.206573,0.206087,-0.21225,0.182428,-0.013761,-0.244739,-0.113766,0.121147,-0.173435,0.112095,-0.1344,-0.172584,0.029502,-0.202017,0.000396,-0.132085,0.142467,0.155807,-0.187681,-0.115843,0.036535,0.143305,-0.113133,-0.020705,0.202315,0.065113,0.172473,-0.190206,-0.003896,0.145013,0.031942,-0.044612,-0.054168,0.196952,-0.163163,-0.071664,-0.095067,-0.032075,0.064649,0.179334,-0.085297,0.087446,-0.083645,0.124719,0.227053,-0.156009,-0.253858,0.163825,-0.026885,0.072756,-0.00826,-0.430116,0.016149,-0.094348,-0.186443,-0.091324,-0.221573,0.224853,0.123339,0.008345,-0.120602,-0.133094,0.07277,0.142843,-0.125938,0.099576,-0.093327,0.08291,0.100716,-0.080349,-0.00527,-0.070174,-0.316314,-0.08154,0.110071,0.082649,-0.097904,0.091614,-0.124541,-0.220558,0.059114,-0.012229,0.076282,0.088516,0.121638,-0.048286,0.083314,-0.093444,-0.191066,-0.203544,0.041387,0.015287,0.177274,-0.07426,-0.083106,-0.223337,-0.220211,-0.330306,-0.029364,-0.268206,0.165153,0.001101,-0.01082,-0.157553,-0.041284,0.093225,0.032056,0.140869,-0.214613,-0.125637,0.12743,-0.182647,0.046751,-0.195152,-0.037769,0.080763,-0.262344,-0.204629,-0.165393,-0.192692,-0.021484,0.153256,-0.150236,0.058878,0.227216,-0.253777,0.299819,-0.194965,-0.250588,-0.185548,0.036175,0.235284,0.042654,0.144464,-0.01827,-0.193786,-0.132008,0.044131,0.082666,-0.052409,0.240559,-0.015162,-0.130256,0.087886,0.097895,0.384047,0.100283,-0.116051,0.18706,-0.232075,0.198387,-0.027301,0.094888,0.110739,0.221851,0.001242,0.096209,0.079529,-0.092249,0.257508,0.248702,0.136424,-0.281923,0.066058,0.09332,-0.051853,-0.162693,-0.158908,-0.194624,0.403218,0.138344,0.034278,0.307558,-0.043581,#
19,-0.235497,-0.093816,0.059086,0.262452,-0.103618,-0.125041,-0.094574,0.195839,0.107685,-0.172033,-0.30044,-0.146621,0.087567,-0.051126,-0.065245,-0.32283,-0.087936,0.132979,-0.068907,1.0,-0.257086,-0.034483,-0.154141,0.40258,0.082105,0.130423,0.014441,-0.002576,-0.235158,-0.106324,0.18758,0.031718,-0.045011,0.381486,-0.18957,-0.144673,0.21989,0.039224,-0.082454,-0.257273,-0.032294,0.036098,0.069085,-0.026352,0.098475,0.130924,0.196183,0.057245,0.018838,0.043434,-0.062725,0.266724,0.088113,-0.13706,-0.402726,-0.045118,0.232692,-0.242361,0.042168,-0.260305,-0.007719,-0.060358,0.166427,-0.021458,-0.086966,-0.05708,0.235536,-0.138746,-0.087336,0.235604,0.032053,0.042531,0.0109,0.027232,-0.01344,-0.067263,0.451515,0.198777,0.335707,0.212662,0.430887,0.189719,0.196385,-0.051049,0.178393,0.243413,0.051373,-0.115476,0.253792,0.184354,0.05623,0.35308,0.319393,0.098045,-0.19716,-0.043908,0.161761,0.0836,0.144123,0.182655,-0.273693,0.299401,0.155655,0.052306,0.175046,0.220899,0.157298,-0.008973,0.188127,-0.230688,0.344759,0.071499,0.441359,0.252628,0.20751,0.153198,0.265982,0.048247,0.129971,-0.007424,0.430529,0.101811,0.244699,-0.001245,0.020483,0.201616,0.056496,0.115756,0.141198,0.339741,0.115233,0.207175,0.114414,0.07691,0.135317,0.125113,-0.139299,0.174528,0.004359,0.214245,0.296117,0.039926,0.299507,0.200952,0.260639,0.261249,0.153317,-0.16209,0.098982,0.325913,-0.096254,0.197315,0.178286,0.203976,0.357719,0.43017,0.017149,-0.074441,0.196809,0.291601,0.12558,0.366345,0.036794,0.22217,0.294483,-0.047214,0.295667,0.046609,0.109715,0.198979,-0.257686,0.216091,0.168818,0.071705,-0.248691,0.114845,0.1213,-0.31179,-0.316004,-0.138854,-0.137971,-0.038555,-0.078774,-0.38164,-0.10367,0.196599,-0.264646,0.27948,-0.32185,-0.295612,0.333334,-0.30018,-0.310313,-0.238336,-0.054902,-0.264289,-0.156019,0.273363,0.023581,-0.008725,#
20,-0.094234,0.275663,-0.207562,-0.056493,0.180293,0.105148,0.307694,-0.148374,-0.182798,0.130503,0.342508,-0.02537,0.283336,-0.138424,-0.237727,0.116522,0.023739,0.097372,0.186798,-0.257086,1.0,0.455048,0.137746,0.036718,-0.054493,-0.058977,-0.019048,0.161812,0.347493,0.288987,-0.062482,-0.170488,0.28402,-0.137131,0.031686,0.027031,-0.033383,-0.349803,-0.071705,0.161586,0.239018,0.02894,0.261204,0.021753,-0.051815,-0.052885,-0.460763,-0.085622,-0.122505,-0.234392,0.079222,-0.211353,-0.092389,-0.110001,0.185117,-0.040203,-0.227136,0.137368,0.010086,0.283245,0.006519,-0.128065,-0.128834,0.121833,0.188642,0.066432,-0.115325,0.014303,0.033908,0.040502,-0.357528,-0.168401,0.188461,-0.084496,-0.253993,0.09226,-0.100276,0.023068,-0.265389,-0.1928,-0.279686,-0.223183,-0.0892,0.063705,-0.182289,-0.278576,0.173833,-0.310136,-0.205986,-0.135154,-0.23049,-0.31364,-0.215006,-0.204289,-0.032413,-0.042892,-0.438852,-0.100351,-0.310641,-0.035537,0.301892,-0.011837,-0.129286,-0.254165,0.013716,-0.091554,-0.156738,-0.271621,-0.341331,0.211442,-0.126216,0.033107,-0.361692,-0.121947,-0.153294,-0.1295,-0.071447,-0.080596,-0.189232,-0.040225,-0.218028,-0.23859,-0.258146,-0.180357,-0.151122,-0.115411,0.177624,-0.126389,-0.055341,-0.267729,-0.297327,-0.107735,-0.006903,0.056622,-0.18901,0.05344,-0.185959,-0.3704,0.0266,-0.442744,-0.415307,0.00102,-0.19846,-0.041909,-0.314742,-0.184908,-0.272193,0.2931,-0.059713,-0.348506,0.143128,-0.331813,-0.261585,-0.318473,-0.36615,-0.275889,-0.049512,0.228493,-0.164939,-0.255122,0.136903,-0.153373,-0.272375,-0.006452,-0.375025,0.070567,-0.256564,-0.026596,-0.098541,0.176711,0.224395,0.120051,-0.219135,-0.011648,0.259851,-0.384925,-0.116559,0.221088,0.135272,-0.060889,0.23149,-0.028793,0.130397,0.220579,0.244222,-0.145612,-0.194202,0.089102,0.306172,0.287532,-0.269805,0.449783,0.389344,0.060414,0.255126,0.346057,0.327878,-0.087648,0.079168,-0.071003,#
