0,1.0,0.303709,0.03203,-0.203849,0.379256,-0.064187,0.20028,0.085322,0.287423,0.137504,-0.104661,0.1365,0.270235,0.199031,-0.052803,-0.1163,0.108402,0.210358,0.256113,-0.256566,-0.219574,-0.06534,0.251649,-0.135899,-0.278728,-0.267231,-0.124859,-0.032017,0.198525,0.278733,-0.276388,-0.078794,0.038315,-0.177966,-0.109396,0.101049,-0.0158,-0.045853,-0.067223,0.105932,0.139425,-0.005103,-0.138926,0.095342,-0.152098,-0.302335,0.214788,0.137908,-0.035457,0.122168,0.111651,-0.111945,0.082052,-0.003203,0.017299,-0.167912,-0.160277,-0.011429,-0.05074,0.109273,0.13545,0.012952,-0.068607,-0.089633,0.16736,0.347243,0.071835,0.130147,0.137405,-0.207519,-0.070554,-0.159014,-0.160528,-0.222299,-0.21644,0.314339,-0.199348,-0.321811,-0.139762,-0.099208,-0.329534,-0.176133,-0.290786,0.141792,-0.208718,-0.129314,-0.262125,-0.186885,0.016771,-0.241404,-0.363313,-0.262253,-0.330432,0.066581,-0.196468,-0.330864,-0.173383,-0.281856,-0.060218,-0.312084,0.141813,-0.369959,-0.192425,-0.150282,-0.338924,-0.007105,-0.180293,-0.083947,-0.414302,0.063174,0.161839,-0.008452,-0.112739,-0.221035,-0.484103,-0.263133,-0.256784,-0.280448,0.138592,-0.454662,-0.28471,-0.3582,-0.287627,-0.219535,-0.222729,-0.141191,-0.358998,-0.089722,-0.143894,-0.411088,-0.309776,-0.12247,-0.07714,0.138853,-0.224087,-0.37849,0.301816,-0.386829,-0.2412,-0.283142,-0.128279,-0.164415,-0.405691,0.007203,-0.187353,-0.178421,-0.383189,0.385739,-0.282155,-0.191118,-0.327172,-0.405352,-0.27256,-0.1971,-0.434432,-0.259764,0.240127,0.399408,-0.297299,-0.145484,-0.218945,-0.033298,-0.361828,-0.113788,-0.016012,0.008839,-0.114437,-0.133316,-0.144173,-0.165455,0.091769,0.188941,-0.130733,-0.317447,0.266926,-0.171715,-0.166007,0.194288,0.339014,-0.452452,0.071479,0.179067,-0.091867,-0.016328,0.428593,-0.0313,0.196428,0.186466,-0.182816,0.531128,-0.111262,0.022494,0.416515,0.370662,-0.187499,0.297668,0.275679,-0.398088,-0.426453,0.215635,#
1,0.303709,1.0,0.053898,-0.017992,0.235269,-0.140507,0.168339,0.146934,0.098454,0.313453,-0.279075,-0.082548,0.221511,0.233957,0.195871,-0.191209,-0.063543,0.372946,0.341867,-0.16663,0.138096,0.057255,0.118923,0.025518,-0.292402,-0.038868,0.146391,0.169974,0.211604,0.366044,-0.443357,0.129042,0.11703,-0.069019,-0.10849,-0.03864,0.06177,-0.145091,-0.042416,-0.07806,-0.049117,0.212982,0.03935,0.167004,-0.236845,-0.341064,0.267449,0.217699,0.027041,0.259077,0.12415,-0.217401,0.083135,0.025577,0.178519,-0.200104,-0.33324,-0.008403,-0.153,0.010851,-0.074247,0.254632,-0.356754,0.23364,0.029319,0.159795,0.100963,0.184782,0.069213,-0.21047,-0.143079,-0.174009,-0.073806,-0.153921,-0.215912,0.237816,-0.252149,-0.288364,-0.224151,-0.431714,-0.21212,-0.336639,-0.419727,0.093466,-0.401562,-0.090722,-0.164376,0.006663,-0.116439,-0.040533,-0.070871,-0.168244,-0.355679,0.13248,-0.350345,-0.079048,0.100519,-0.252563,0.024669,-0.205287,0.005858,-0.365267,-0.565133,-0.090242,-0.567266,-0.276861,-0.333539,-0.278261,-0.383221,-0.144331,0.156594,0.255164,-0.033013,-0.311579,-0.20571,-0.096394,-0.290029,-0.340069,0.173986,-0.289417,-0.299019,0.002153,-0.362638,-0.351048,0.081912,-0.208536,-0.338385,-0.202188,-0.229847,-0.151071,-0.309858,-0.228059,-0.165544,0.139522,-0.21168,-0.1379,0.09719,-0.174087,-0.078794,-0.245116,-0.229965,0.127945,-0.311143,0.003068,-0.107737,-0.316711,-0.1273,0.366552,-0.317896,-0.223383,-0.277826,-0.23487,-0.134401,-0.012629,-0.266259,-0.074735,0.264834,0.359353,-0.327476,-0.018197,-0.209554,-0.013562,-0.017412,0.014468,-0.024826,0.384677,-0.120574,-0.031259,-0.205124,0.131053,-0.133737,0.108466,-0.126988,-0.315344,0.39781,-0.013273,-0.186994,0.059844,0.258712,-0.354934,0.076717,0.075824,-0.072269,-0.037171,0.207647,-0.106256,0.139933,-0.071367,-0.217922,0.404063,-0.105924,0.347832,0.180863,0.251677,-0.142751,0.035098,0.162173,-0.420235,-0.223225,0.113152,#
2,0.03203,0.053898,1.0,0.215813,0.176695,-0.346373,-0.065104,-0.188291,-0.15965,0.206955,-0.029747,0.098383,-0.107831,-0.09596,-0.309104,-0.17942,-0.026892,-0.045264,-0.076198,-0.102751,-0.048814,-0.246192,0.177272,-0.052232,-0.189686,-0.124723,0.19479,-0.367097,-0.197175,0.233991,-0.145757,0.107351,-0.161454,-0.047127,-0.062485,-0.03515,0.009426,0.019743,-0.01961,-0.132545,-0.072663,0.047477,-0.044751,0.041273,0.177452,-0.336422,0.021222,0.263567,-0.180006,0.098513,-0.223645,0.123053,0.124726,0.198387,-0.063828,-0.222019,-0.293163,-0.008131,-0.103548,-0.082091,-0.07251,-0.149292,-0.246536,-0.19428,-0.070409,-0.017005,-0.257763,-0.045526,-0.029172,0.145407,0.062997,0.082309,-0.032918,0.102806,-0.098651,0.199813,-0.173619,-0.135077,-0.170581,0.144894,0.026469,0.007191,-0.05391,0.326058,0.017654,-0.14455,0.019119,0.112397,-0.11841,-0.139544,-0.105517,-0.252842,0.062295,-0.120765,-0.306628,0.137194,0.158317,0.059548,0.091659,-0.007584,-0.028896,-0.04505,0.012919,-0.039224,-0.183295,-0.226388,0.064265,0.040549,-0.069911,0.268895,0.215536,0.116317,0.043231,-0.020575,0.195666,-0.064649,-0.089669,-0.27249,0.025382,-0.048881,-0.235042,-0.118108,0.064166,-0.060402,-0.217241,-0.041324,-0.362762,-0.114138,0.13089,0.123874,0.268055,-0.122415,-0.200952,0.002695,-0.000594,0.016791,0.268553,0.144524,0.055937,-0.063911,0.13732,0.269517,0.059628,-0.334686,-0.158697,0.267984,0.011757,0.088276,-0.222799,0.051301,-0.423157,0.045239,0.194978,-0.153617,-0.201534,-0.140461,-0.056795,0.133922,0.137237,-0.102491,0.035086,-0.022214,0.321988,-0.015135,0.022795,-0.059228,-0.268079,-0.233762,0.160586,-0.045563,0.109208,-0.059336,0.053843,-0.037425,0.069436,-0.0182,-0.128155,-0.12443,-0.106438,0.077644,0.101624,-0.23214,-0.056336,0.050619,-0.169958,0.150086,-0.204956,-0.293146,-0.020361,0.06648,0.198122,0.063702,-0.029469,0.135625,0.060635,-0.239948,0.067302,0.137853,0.191472,-0.148391,#
3,-0.203849,-0.017992,0.215813,1.0,0.045185,-0.230527,-0.334753,-0.298321,-0.342849,0.065648,0.215152,-0.274746,-0.143295,-0.188966,-0.250362,-0.211414,0.065781,-0.004365,0.045474,-0.038258,0.128834,-0.32039,-0.139586,-0.03214,0.108858,0.093601,-0.050437,0.004706,-0.120496,-0.063131,0.433908,-0.012554,-0.228896,-0.032475,-0.079489,-0.424332,-0.05426,0.120926,0.06468,0.192559,0.071386,-0.149867,0.131023,-0.005991,-0.026547,0.060337,-0.232209,-0.241701,0.233807,-0.172915,-0.237611,0.343857,0.005415,0.119568,0.033726,0.063972,-0.014107,0.039274,0.088738,-0.074827,-0.218909,0.166763,-0.116947,-0.210937,-0.23189,-0.308233,0.051555,-0.157323,-0.271122,0.36194,-0.022521,0.260523,0.234186,0.312048,0.241205,-0.145001,0.038311,-0.033633,0.295521,0.281249,0.074552,0.239461,0.196573,0.089111,0.193591,-0.127962,0.063407,0.284634,0.026219,0.254297,0.144708,0.123316,0.182822,-0.123333,0.287172,0.194287,0.115316,0.174555,0.221295,0.232141,0.021982,-0.171764,0.356574,-0.024395,0.067546,0.077191,0.101165,0.245449,0.236072,0.185554,-0.052879,-0.028114,0.175455,0.02937,0.047924,0.116819,0.389357,0.074859,0.112826,0.053992,0.146277,0.190424,0.178168,0.001384,0.004182,0.129279,-0.157133,-0.091292,0.270576,0.176516,0.427367,0.071873,-0.076027,0.010812,0.149445,0.348949,-0.002998,0.341073,-0.038627,0.237621,0.194599,0.275789,0.297213,-0.243967,0.057179,0.218118,0.196403,-0.151036,0.035244,0.320514,0.022582,0.33805,0.144041,0.163687,0.313384,0.012808,-0.19447,-0.249473,0.257505,0.105587,-0.221389,0.115225,0.066434,-0.121197,-0.142118,-0.068661,0.011821,-0.139365,0.036568,0.156482,-0.115292,-0.220026,0.016824,0.093081,-0.137004,0.060087,0.113925,-0.004442,-0.232694,0.3704,-0.452573,-0.053963,-0.128961,-0.255217,-0.068631,-0.245484,-0.073642,-0.04312,0.154902,-0.279829,0.085724,-0.156724,-0.208569,0.004862,-0.049306,-0.209925,-0.29072,0.114829,-0.175807,-0.03715,#
4,0.379256,0.235269,0.176695,0.045185,1.0,-0.092395,0.286386,-0.077457,0.140624,0.277556,0.039315,0.021391,0.229791,0.042605,0.138494,-0.287079,0.232625,0.081551,0.00632,-0.160524,-0.136115,0.061062,0.151354,-0.109458,-0.405924,-0.157427,0.008704,-0.133835,0.127445,0.170869,-0.187286,-0.0587,-0.117479,-0.078371,-0.370342,0.130204,0.033199,-0.21523,0.063694,0.149679,0.03151,-0.010606,-0.155765,0.070548,-0.193459,-0.223305,0.171022,0.175795,-0.040304,0.105092,0.104265,-0.322872,0.189348,-0.064958,0.071393,-0.437733,-0.448429,0.104614,-0.278237,-0.251621,0.089254,0.002657,-0.071279,0.028183,0.132562,0.312664,0.105082,0.083438,0.07903,-0.189325,-0.247423,-0.341448,0.142443,-0.353627,-0.150436,0.327802,-0.2171,-0.56166,-0.187098,-0.287215,-0.353681,-0.272103,-0.405255,-0.160557,-0.268245,-0.382293,-0.326028,-0.335525,-0.196623,-0.182096,-0.218753,-0.185024,-0.295815,-0.057672,-0.3377,-0.243937,-0.135974,0.08958,-0.016505,-0.072357,0.131543,-0.171843,-0.088731,-0.105082,-0.376069,-0.399114,-0.280293,-0.210805,-0.186818,0.188869,0.117337,0.027802,-0.323321,-0.296996,-0.272588,-0.156168,-0.217725,-0.376533,-0.066212,-0.202665,-0.380661,-0.275988,-0.207511,-0.101808,-0.0751,-0.153327,-0.440232,-0.207525,-0.374571,-0.003094,-0.268294,-0.25825,-0.413439,-0.184154,-0.113792,-0.375485,0.308115,-0.307221,-0.212588,-0.25134,-0.19541,0.02067,-0.02443,-0.239156,-0.266908,-0.263093,-0.161477,0.365872,-0.390631,-0.167345,-0.285922,-0.239057,-0.258096,-0.311781,-0.309527,-0.223271,0.288951,0.407875,-0.239202,-0.375952,-0.03822,-0.114524,-0.122003,-0.174792,-0.105953,0.278781,-0.116571,-0.053626,-0.021911,-0.063202,0.107904,-0.022708,-0.18881,-0.309034,0.144635,-0.229617,-0.348482,-0.056953,0.267783,-0.129417,0.177352,0.007673,0.294063,0.204237,0.172938,0.025447,0.301705,-0.129832,-0.077693,0.261945,-0.001443,0.311268,0.168721,0.32961,0.178628,-0.015977,0.139765,-0.328703,-0.464963,0.315816,#
5,-0.064187,-0.140507,-0.346373,-0.230527,-0.092395,1.0,0.180697,0.324094,0.166336,-0.125123,0.07001,-0.068033,-0.129881,0.309714,0.284254,0.049402,0.023572,-0.058945,-0.11508,0.161709,-0.085519,0.274252,0.036831,-0.211429,0.218986,-0.15868,0.162063,0.256362,-0.011827,-0.173207,0.065872,0.294452,0.128182,-0.174231,-0.228528,-0.090793,-0.18482,0.035397,0.06656,-0.088661,-0.111742,0.157055,0.139924,0.17133,-0.066549,-0.016677,0.019718,-0.040863,-0.005954,0.197976,0.185832,0.052454,0.242236,-0.229196,-0.083708,0.254264,0.193127,0.065059,0.088732,0.17638,0.203242,0.004818,0.014333,0.343678,0.072347,0.211616,-0.196496,0.102149,-0.075574,0.161225,0.030413,-0.010228,0.052103,-0.024417,-0.101817,0.096668,0.268037,0.159164,-0.11711,0.018069,0.067722,-0.050439,0.004032,-0.125163,0.070791,0.267754,-0.037338,-0.304509,0.157733,-0.257863,-0.047027,0.12275,-0.103817,0.027722,0.182214,0.006229,-0.051587,0.034564,-0.101488,-0.2159,-0.212273,0.084358,0.093674,-0.061095,0.213976,-0.012578,0.144869,-0.242202,-0.093674,-0.368566,0.061075,0.145311,-0.165457,-0.202353,-0.154501,-0.143693,-0.017299,0.094965,-0.123642,0.037952,0.034275,0.023886,0.095932,-0.103227,-0.222991,0.253473,0.112946,0.228483,-0.046863,-0.07268,-0.114692,-0.114559,-0.136798,-0.065937,-0.081423,-0.14279,-0.067906,-0.156958,-0.075893,-0.088524,-0.058695,-0.257204,-0.293376,-0.123757,0.003958,0.029693,-0.096293,0.00712,0.414577,-0.130867,0.110724,0.013455,0.035357,0.245754,-0.042793,0.110946,0.087706,0.020873,-0.182509,0.089493,-0.051285,-0.106498,0.032713,0.079708,0.110894,0.005263,0.355601,0.221975,-0.106727,-0.024519,0.07207,-0.027389,0.048932,0.247666,0.006461,0.182052,0.15028,0.011345,0.28597,0.000305,0.152257,0.171625,0.034295,-0.007604,-0.092735,-0.185228,0.108057,0.08312,-0.086305,0.077185,0.102829,-0.228332,0.03999,-0.256261,0.191453,0.04261,-0.052781,0.026176,0.092047,0.149422,#
6,0.20028,0.168339,-0.065104,-0.334753,0.286386,0.180697,1.0,0.188637,0.619384,-0.11432,0.110807,0.110778,0.321335,-0.036528,0.359254,-0.085083,-0.186272,0.043188,0.002659,0.152456,0.013481,0.309593,0.198527,-0.262304,-0.083791,-0.122935,0.080194,-0.284426,0.148619,0.163836,-0.510199,-0.058856,0.123271,-0.137053,-0.126279,0.076732,0.071212,-0.231867,-0.037078,0.12593,0.114348,0.203955,-0.278335,-0.070183,-0.094964,-0.021546,0.197558,0.361839,0.141853,0.244867,0.291957,-0.23138,0.065315,-0.119467,0.053466,0.113872,0.035258,0.012904,0.023771,0.154774,0.072195,0.125886,-0.1893,0.234541,0.272247,0.248076,0.001084,-0.06042,0.109357,-0.205792,0.117343,-0.23104,0.027853,-0.247116,-0.458819,0.317837,-0.135489,-0.172818,-0.264605,-0.281332,-0.241249,-0.332609,-0.24733,-0.3092,-0.417602,0.041167,-0.162921,-0.014431,-0.257076,-0.243436,-0.291422,-0.254169,-0.27996,0.125564,-0.422657,-0.095603,0.025675,-0.220274,-0.1859,-0.193677,-0.072053,-0.084047,-0.175324,-0.005933,-0.204122,-0.146644,0.044582,-0.31481,-0.322699,-0.044943,0.2464,0.05613,-0.221172,-0.450938,0.011642,-0.22289,-0.37227,-0.114781,0.009061,-0.344652,-0.207437,-0.343794,-0.106925,-0.435878,-0.122011,0.003542,-0.180743,0.131337,-0.254785,-0.166543,-0.339112,-0.339115,-0.289453,-0.14438,-0.158873,-0.208349,-0.004155,-0.21043,0.010084,-0.335156,-0.274897,-0.187716,-0.253964,-0.087806,-0.162143,-0.195984,-0.403497,0.574364,0.061678,-0.483653,-0.070529,-0.300722,-0.259386,-0.225186,-0.28784,-0.04833,0.244752,0.369764,-0.039932,-0.369246,0.263294,-0.040893,-0.01972,-0.063153,0.089658,0.363921,0.049953,0.113478,-0.121704,-0.141572,-0.028126,0.024997,-0.023474,-0.131349,0.164372,-0.218099,-0.099909,0.295008,0.498632,-0.252662,0.26948,0.523001,0.119208,-0.097131,0.338246,0.024042,0.066649,0.086881,-0.373249,0.353115,0.179536,0.157546,0.262674,0.047301,-0.099253,-0.015883,0.393487,-0.10634,-0.1407,0.029434,#
7,0.085322,0.146934,-0.188291,-0.298321,-0.077457,0.324094,0.188637,1.0,0.131137,-0.249653,-0.245157,0.00338,-0.005376,0.253854,0.216673,-0.087198,0.030514,0.061816,-0.107484,0.016259,0.131966,0.505945,0.056666,0.052903,-0.10951,0.095588,0.380756,0.227862,-0.171522,-0.127045,-0.167185,0.412781,0.229466,-0.055545,-0.134756,0.050698,-0.038973,-0.452917,0.203791,-0.061309,-0.117374,0.131905,0.172281,0.048506,-0.192701,0.074731,0.078902,0.162309,-0.26293,0.017346,0.195996,-0.101348,0.080165,-0.099139,-0.15009,0.160882,0.241103,-0.104369,0.180195,0.196224,0.059103,0.12916,-0.159632,0.390777,0.08091,0.253442,-0.167893,0.110772,0.121221,-0.284906,0.108293,0.113736,-0.232094,0.129652,-0.209295,0.056241,0.091703,0.054161,-0.416007,0.080713,0.057846,-0.07195,0.074677,-0.128407,0.048513,0.257606,0.104985,0.027389,0.0717,-0.196417,-0.092634,0.003244,-0.027788,0.077399,-0.09856,0.013729,-0.051743,0.102328,-0.229609,-0.334071,-0.028215,-0.140241,-0.036295,0.000702,-0.149034,-0.144257,-0.033491,-0.317116,-0.108198,-0.385902,-0.015315,0.040281,-0.278556,-0.047263,0.081118,0.055824,-0.103078,0.060379,-0.192987,-0.010983,-0.094181,-0.179861,0.083249,-0.217918,0.020405,0.047029,0.01843,-0.193369,-0.022252,-0.06793,-0.306546,-0.108935,0.090049,-0.166266,0.151511,-0.041625,0.099434,-0.15278,0.07164,-0.238635,-0.289003,-0.212852,-0.166294,0.070801,-0.03507,-0.120125,-0.177211,0.10475,-0.043234,0.03595,-0.063234,-0.053742,-0.043451,-0.00395,0.192185,0.05879,0.114756,-0.075889,-0.213838,0.093984,0.128279,-0.077322,-0.062074,0.074171,0.259723,0.097012,0.100203,0.032859,-0.14164,0.07859,-0.077237,0.028146,-0.194059,-0.064715,0.030642,-0.008551,-0.00912,-0.043107,0.11163,-0.303397,0.02714,0.039873,0.149998,-0.003695,-0.0013,-0.078032,0.00705,-0.090479,-0.009428,0.114531,0.247244,0.073912,0.113638,-0.270844,0.044406,0.149923,-0.056742,-0.118307,-0.075283,0.105542,#
8,0.287423,0.098454,-0.15965,-0.342849,0.140624,0.166336,0.619384,0.131137,1.0,0.04163,0.054056,0.144037,0.373878,0.062303,0.322428,-0.111814,-0.366687,0.208903,0.208957,0.097984,-0.021545,0.203579,0.321182,-0.123065,0.081036,-0.337999,0.174412,-0.082641,0.378375,0.149289,-0.390707,-0.012524,0.274857,-0.076929,-0.244686,0.080975,0.048457,-0.234197,-0.182749,0.062233,0.20719,0.045056,-0.221574,-0.107756,0.005672,-0.230403,0.359284,0.343366,0.106024,0.184465,0.090196,-0.201262,0.042794,0.032765,0.026072,-0.067118,0.141325,-0.221855,0.295011,-0.007592,0.090782,0.023834,-0.106088,0.187287,0.093678,0.314236,0.115035,-0.045511,0.207175,-0.099207,0.108978,-0.166619,-0.060368,-0.09217,-0.24067,0.146928,-0.136512,-0.20296,-0.180669,-0.393102,-0.011172,-0.353341,-0.246735,-0.266233,-0.185967,0.173662,-0.022158,-0.088668,-0.144998,-0.182989,-0.163946,-0.088526,-0.451593,0.363348,-0.295514,0.052627,0.111731,-0.22715,-0.008925,-0.203456,-0.090831,-0.062618,-0.062447,-0.041845,-0.033765,-0.044547,-0.169224,-0.234727,-0.258505,-0.050744,0.258562,0.096496,-0.148648,-0.210646,-0.06477,-0.390643,-0.318123,0.03415,0.116086,-0.285266,-0.192066,-0.408396,0.130688,-0.480366,-0.10372,0.061767,-0.055109,0.147045,-0.10465,-0.260469,-0.256034,-0.277488,-0.06602,-0.02927,-0.080224,-0.057232,-0.150415,-0.223523,0.123798,-0.137059,-0.101238,-0.257888,-0.40223,-0.124521,-0.196764,-0.035061,-0.264123,0.331193,0.054875,-0.334896,-0.010647,-0.315626,-0.179181,-0.246632,-0.130742,-0.111248,0.343977,0.485369,0.052668,-0.246757,0.096751,-0.080061,-0.030562,0.049248,0.062764,0.313191,0.058343,0.056789,-0.196628,-0.079281,-0.167199,0.303808,-0.032862,-0.240782,0.245195,-0.259644,-0.185271,0.194673,0.358005,-0.323231,0.289184,0.358806,0.022888,-0.105587,0.170344,0.023868,0.148709,0.070597,-0.444348,0.182875,0.170033,0.001009,0.231672,-0.046833,-0.170649,-0.0233,0.319245,-0.152716,-0.002759,0.039609,#
9,0.137504,0.313453,0.206955,0.065648,0.277556,-0.125123,-0.11432,-0.249653,0.04163,1.0,0.096253,-0.168145,0.181358,-0.064108,-0.020088,-0.041832,-0.234689,0.366135,0.186745,-0.058954,0.082511,-0.042907,0.20012,0.142431,-0.097268,0.031543,-0.035885,0.134999,0.016635,0.196068,-0.041269,0.016817,-3.3e-05,0.252606,-0.108188,-0.006482,0.021364,-0.082153,-0.105815,-0.135529,0.001439,0.106784,0.103674,0.232989,0.284534,-0.268209,0.08322,0.260283,0.039047,0.157481,-0.047874,-0.0484,0.029236,0.02737,-0.040129,-0.377354,-0.24463,0.062325,-0.174093,-0.158052,0.137463,-0.115147,-0.197016,-0.144912,0.047909,0.100151,-0.07995,0.163418,-0.106879,-0.099446,0.018085,-0.284831,-0.034071,-0.162771,0.099999,0.254928,-0.289306,-0.484349,0.021469,-0.193066,-0.077578,-0.102732,-0.202162,-0.022051,-0.07671,-0.046468,-0.184039,-0.172284,-0.248299,0.013131,0.08226,-0.113169,-0.307358,0.033086,-0.215965,0.058088,0.077757,-0.031976,0.201162,-0.22618,-0.172479,-0.246338,-0.216027,-0.043681,-0.260807,-0.157513,-0.228832,-0.039859,-0.164897,-0.008821,0.360081,0.129906,-0.05418,-0.353333,-0.21426,-0.133946,-0.084046,-0.197809,0.279321,-0.35435,-0.093337,0.061118,0.135847,0.061822,-0.035246,-0.047652,-0.222806,-0.099662,-0.226646,0.059901,0.116602,-0.111773,0.07696,0.28724,-0.040617,0.073692,0.08288,-0.115862,0.153121,-0.257153,-0.012038,0.183143,-0.110484,0.035709,-0.037842,0.029995,0.169348,0.172941,-0.418916,0.154033,-0.392262,-0.036634,0.159618,0.014638,-0.201315,0.136202,0.189658,0.342466,-0.14679,0.015836,-0.261843,0.006776,-0.044854,0.113515,-0.141687,0.274495,-0.357553,-0.190964,0.099691,0.081701,0.154273,0.095081,-0.013016,-0.160426,0.237608,-0.015263,-0.1555,0.018304,-0.107492,-0.109332,-8.1e-05,-0.047186,-0.333397,0.275326,-0.172292,-0.015383,0.127182,-0.084636,-0.225768,0.257038,-0.019749,0.123814,-0.115157,0.096882,0.06606,-0.206363,-0.03301,-0.137826,0.092709,-0.077407,#
10,-0.104661,-0.279075,-0.029747,0.215152,0.039315,0.07001,0.110807,-0.245157,0.054056,0.096253,1.0,-0.088649,-0.268811,-0.194306,0.151065,0.169188,-0.014207,-0.281466,-0.177666,-0.014656,-0.146654,-0.038931,0.00728,0.063177,0.10426,0.216929,0.087495,0.01945,0.16518,-0.175655,0.175828,-0.143961,-0.15064,0.03192,0.10643,-0.036437,-0.153651,0.079153,0.032126,0.128627,-0.197235,-0.106488,-0.170359,0.152461,0.293939,0.062255,-0.235028,-0.145307,0.25412,-0.077163,-0.002581,0.110285,-0.02638,-0.059655,0.067131,0.219088,-0.014582,0.058159,-0.014162,0.119499,0.081062,-0.16057,0.126867,-0.064071,-0.060371,-0.17088,-0.065914,-0.277747,-0.400154,0.07975,-0.110427,0.013119,0.258739,0.015606,0.103497,0.165964,-0.080296,0.046823,0.096619,-0.027831,-0.368036,0.174052,0.224029,-0.10989,-0.052073,-0.092058,0.085616,-0.008723,-0.181773,-0.146693,-0.031736,-0.178595,0.140634,-0.267024,0.135197,0.154293,-0.137691,0.003316,-0.240155,0.09274,0.025707,0.049551,0.234836,-0.174679,0.095604,0.054404,0.033705,-0.061432,0.12273,0.239521,-0.238767,-0.048637,-0.04086,-0.054026,-0.216308,-0.048706,0.136172,-0.048663,-0.219174,0.130132,0.299764,-0.021645,0.216828,0.132301,-0.041295,-0.112219,0.09481,0.27701,-0.0896,-0.156027,0.199806,-0.111549,-0.19362,-0.139856,-0.038303,0.354226,-0.065697,-0.106288,0.060688,0.033775,-0.061604,0.006854,0.038091,-0.113666,-0.053393,0.015761,-0.028889,-0.24903,0.226964,0.00402,0.224117,0.146429,-0.249836,-0.096522,-0.026511,-0.159886,-0.288601,-0.005704,0.226814,-0.019862,-0.124181,-0.017075,0.013684,-0.367201,-0.389201,-0.051337,-0.064968,0.127953,0.3571,-0.266876,0.097572,-0.229097,-0.187622,0.003346,-0.025133,-0.070747,-0.038309,0.053628,-0.033048,0.173141,0.072687,0.265113,0.082661,0.245274,-0.141807,-0.146395,-0.039744,-0.07279,0.203694,-0.096,-0.12351,0.135279,-0.101291,-0.068743,-0.050545,-0.20454,0.046404,0.141854,-0.15672,-0.003696,#
11,0.1365,-0.082548,0.098383,-0.274746,0.021391,-0.068033,0.110778,0.00338,0.144037,-0.168145,-0.088649,1.0,-0.02145,-0.215084,-0.009863,0.216295,0.052644,-0.23916,-0.32864,-0.055809,-0.413254,0.070194,-0.038755,-0.063016,-0.020778,0.108448,-0.017776,-0.345889,0.069734,0.157642,-0.28515,0.056213,-0.067493,-0.030328,0.154806,0.063774,-0.287165,0.027023,-0.214675,0.053927,-0.019019,0.0294,-0.221548,-0.387531,0.05134,-0.148531,-0.119449,-0.040396,-0.154385,0.144947,-0.264462,-0.09837,0.031131,0.103493,0.11605,-0.048579,-0.215489,-0.114398,0.017056,0.127909,-0.102883,-0.062223,-0.013936,-0.131802,0.287583,-0.220288,-0.138902,-0.103022,-0.06068,-0.001253,0.053473,-0.098861,0.173724,-0.104512,-0.431959,-0.096201,-0.202769,-0.062761,-0.124059,0.010622,0.03095,-0.216547,-0.219472,-0.034019,-0.123705,0.010511,-0.03562,-0.207207,0.057354,-0.242182,0.033969,-0.129827,0.015416,-0.145128,-0.141875,-0.008795,-0.002413,-0.194731,-0.299228,0.092941,0.031126,-0.000152,-0.095191,-0.01786,-0.19164,-0.05746,0.166945,0.024935,-0.160737,0.210684,-0.146505,0.026093,-0.256534,0.182391,-0.125607,-0.306415,-0.141026,0.100394,-0.308001,0.169548,-0.092788,-0.267751,-0.157527,0.085754,-0.124098,-0.072377,0.031477,-0.266746,-0.080507,0.140474,-0.199772,-0.04639,-0.147383,-0.112004,-0.193359,-0.053326,0.056789,-0.291125,-0.026431,-0.13305,0.128324,0.050731,-0.017883,-0.223307,-0.354561,-0.103712,-0.111059,-0.021436,-0.107625,-0.077266,-0.10104,-0.324212,-0.008121,-0.099588,-0.236585,-0.216125,-0.115886,-0.022202,0.061981,0.014229,0.136389,-0.162217,-0.050314,-0.204225,-0.05933,-0.068723,0.126822,0.179304,0.032402,-0.349724,0.173478,-0.013806,-0.036105,0.134746,0.148123,-0.275742,-0.274585,-0.021922,-0.062391,-0.066556,0.230466,-0.059189,0.266331,0.206723,0.17804,0.11713,0.012737,0.023556,0.096354,-0.0041,-0.085892,0.143834,0.10481,0.055179,-0.103692,0.257783,0.251851,-0.032608,0.017296,-0.153311,#
12,0.270235,0.221511,-0.107831,-0.143295,0.229791,-0.129881,0.321335,-0.005376,0.373878,0.181358,-0.268811,-0.02145,1.0,0.215206,0.077195,-0.226474,-0.313942,0.322784,0.149528,0.205688,0.032172,0.163422,0.325142,-0.220338,-0.196259,-0.227543,-0.006016,-0.21525,0.318572,0.050519,-0.451786,-0.127225,0.12632,-0.079543,-0.052023,-0.023285,0.262641,-0.190365,-0.058634,-0.254534,0.391362,0.315036,-0.004887,-0.156249,-0.129371,-0.235439,0.448995,0.3854,-0.011796,0.041103,0.114216,-0.148989,0.190928,0.06826,-0.126797,-0.031564,0.118723,-0.087547,0.066531,-0.141827,0.082112,0.225885,-0.058452,-0.024732,0.160902,0.291875,0.197045,0.189697,0.273234,-0.111942,0.225659,-0.056893,-0.118635,-0.057995,-0.112796,0.221817,0.061589,-0.305485,-0.086858,-0.26365,0.034453,-0.316955,-0.379101,-0.256045,0.022389,0.231789,-0.217802,0.098753,0.028264,0.108245,-0.264942,0.023423,-0.411142,0.312077,-0.242237,0.02842,0.303343,-0.114068,0.178813,-0.328192,0.174305,-0.132261,-0.166935,-0.140364,-0.190473,-0.010962,-0.158745,-0.084403,-0.375422,-0.030676,0.455935,-0.156868,-0.040512,-0.333333,0.015481,-0.188722,-0.500531,0.083251,0.278263,-0.424239,-0.020055,-0.417829,0.076688,-0.312017,0.000459,0.274434,-0.387983,0.053202,0.039349,0.035553,-0.150873,-0.143455,-0.100172,0.132928,-0.14482,-0.096008,-0.028702,-0.011229,0.02001,-0.13091,-0.21993,-0.185429,-0.064183,-0.115726,-0.054791,-0.025035,-0.269053,0.383544,-0.113649,-0.133236,-0.262298,-0.404584,0.108259,-0.096747,-0.007571,0.238769,0.48865,0.303131,-0.019083,-0.232964,-0.045143,-0.149135,-0.219635,0.281636,0.210981,0.156392,0.124304,-0.14571,-0.2322,0.079871,-0.099124,0.175051,0.197806,-0.112166,0.259419,0.142388,0.026601,0.16339,0.279791,-0.34254,0.131475,0.07692,-0.270141,-0.330496,0.183159,-0.009331,0.378124,0.014253,-0.573865,0.30273,0.209749,-0.04909,0.050829,-0.046295,-0.074115,0.051868,0.245469,-0.211834,-0.058708,0.02444,#
13,0.199031,0.233957,-0.09596,-0.188966,0.042605,0.309714,-0.036528,0.253854,0.062303,-0.064108,-0.194306,-0.215084,0.215206,1.0,0.093165,-0.063556,-0.113639,0.125606,0.215863,-0.003465,-0.048435,0.156974,0.431318,-0.05524,-0.230891,-0.354253,0.24372,0.290841,0.247729,-0.017472,-0.168504,0.234554,0.209572,-0.181457,-0.07537,0.067191,0.050584,-0.027572,0.101272,-0.320039,0.097128,0.188735,0.244238,0.334303,-0.318723,-0.382259,0.20754,0.296301,-0.062455,0.132505,0.216556,0.104805,0.076686,-0.029303,-0.22042,-0.087591,0.045902,-0.009801,0.055261,-0.040833,0.251763,0.204535,-0.156793,0.184458,0.146342,0.363375,0.041731,0.436724,0.332152,0.134472,-0.016986,-0.104605,0.064762,-0.150735,-0.166102,0.289754,0.02671,-0.024272,-0.261957,-0.059956,-0.18921,-0.279713,-0.099221,0.065733,-0.052595,0.017065,0.059429,0.017337,0.003402,-0.176453,-0.170781,-0.040637,-0.298658,0.329765,-0.040173,-0.172585,0.072979,-0.003143,0.02897,-0.438405,-0.017825,-0.002077,-0.07081,-0.15687,-0.066856,-0.172604,-0.086483,-0.396099,-0.189393,-0.073884,0.345716,0.150234,-0.109583,-0.098814,-0.005132,-0.017318,-0.273233,-0.094959,0.11443,-0.083157,0.020295,-0.225758,-0.08431,-0.211189,0.12137,0.115137,-0.284788,-0.030556,-0.008667,-0.099901,-0.22392,0.112442,-0.241174,0.179333,-0.16462,-0.220407,-0.035688,-0.221412,0.0776,-0.054574,-0.247369,-0.165964,-0.157959,-0.172837,-0.130621,0.105363,-0.179353,0.082459,0.061407,-0.06862,-0.127071,-0.142304,-0.027394,-0.092428,0.003881,0.223575,0.385522,0.252031,-0.240113,-0.033681,-0.087638,-0.202781,-0.05899,0.279318,0.119655,0.041315,0.208172,0.022639,-0.203423,0.173893,-0.09811,0.175767,-0.07377,-0.217421,0.184386,0.204519,0.000993,-0.149529,0.389313,-0.286643,0.10484,-0.221233,-0.237421,-0.051585,0.140243,0.028685,0.051716,-0.293801,-0.182334,0.234762,0.02747,-0.117528,0.20243,0.101829,0.224093,0.083128,0.334016,-0.222055,-0.071681,0.062651,#
14,-0.052803,0.195871,-0.309104,-0.250362,0.138494,0.284254,0.359254,0.216673,0.322428,-0.020088,0.151065,-0.009863,0.077195,0.093165,1.0,-0.142854,-0.068131,-0.07598,-0.096084,0.041337,0.115004,0.208522,0.094036,0.025667,-0.048804,0.07663,0.026471,0.190202,0.238119,0.010556,-0.201535,0.13113,0.187962,-0.060896,-0.281683,0.007852,-0.137429,-0.165858,0.362427,0.173029,-0.239167,0.296402,-0.312307,0.106382,-0.204702,0.146273,0.135149,-0.069929,0.127086,0.15592,0.087371,-0.021341,-0.054084,-0.217295,0.048639,0.102695,-0.067556,-0.00052,-0.251088,0.204294,0.105109,0.317453,-0.226917,0.39611,0.141786,0.183935,0.000563,0.083137,0.033712,-0.214476,0.013021,-0.05487,0.220741,-0.138513,-0.352724,-0.061803,0.037844,-0.080767,-0.130805,-0.327996,-0.163555,-0.135006,-0.071485,-0.326826,-0.370861,0.111831,-0.060198,-0.157048,-0.281618,-0.15462,-0.152899,-0.045529,-0.219256,0.087714,-0.153187,-0.029894,-0.044865,-0.122821,-0.031513,-0.201447,0.114253,-0.029235,-0.187516,-0.111401,-0.094449,-0.026832,-0.251259,-0.149296,-0.234435,-0.234614,-0.070618,-0.066669,-0.263299,-0.07103,-0.268641,-0.181926,-0.220789,-0.158258,-0.195485,-0.156981,-0.157242,-0.154826,-0.159963,-0.2224,0.142904,-0.119813,0.009331,-0.038349,-0.412097,-0.187365,-0.197687,-0.393311,-0.236825,-0.049968,-0.26988,-0.00722,0.057271,-0.283256,0.116289,0.048733,-0.137751,-0.326119,-0.397369,0.02671,-0.016695,-0.249711,-0.116608,0.016813,0.156097,-0.342863,-0.068223,-0.049686,-0.182066,-0.029973,-0.161345,0.072286,0.303639,0.279859,-0.238088,-0.01106,-0.04993,-0.018286,-0.061079,-0.169241,-0.188758,0.26714,-0.011683,0.140469,-0.018908,-0.119997,0.105111,-0.016532,-0.068833,-0.157185,0.379802,-0.182772,-0.133728,-0.019667,0.27001,-0.147111,0.196693,0.363654,0.306084,0.071123,0.043062,0.002071,0.045844,0.016561,-0.097331,0.130788,-0.099474,0.351127,-0.083668,-0.153094,-0.164356,-0.152033,0.011688,-0.210777,-0.028991,0.191554,#
15,-0.1163,-0.191209,-0.17942,-0.211414,-0.287079,0.049402,-0.085083,-0.087198,-0.111814,-0.041832,0.169188,0.216295,-0.226474,-0.063556,-0.142854,1.0,0.033365,-0.346997,0.14736,0.069589,-0.158876,0.2082,-0.172592,0.10064,-0.104796,0.03045,-0.051794,0.010705,-0.00142,-0.18146,-0.038627,0.039498,-0.163632,0.209982,0.362335,0.199396,-0.05618,0.228166,-0.170167,-0.02264,0.017991,-0.181923,0.060563,-0.065679,0.069628,0.088062,-0.350082,-0.167822,0.023119,0.043238,0.13802,0.107698,-0.141402,0.10492,-0.196943,0.140874,0.100609,-0.118548,0.038144,0.006554,0.112815,-0.16302,0.186744,0.046036,0.185065,-0.303508,-0.154868,-0.032211,0.075442,0.149689,-0.050887,-0.002333,0.199753,-0.115204,0.148392,-0.107689,-0.094333,0.002329,0.137153,0.078018,-0.154356,0.043873,0.18547,-0.057966,0.152833,-0.030072,0.018327,-0.305769,0.058828,0.1441,0.278051,-0.062043,0.184505,-0.230635,0.090161,0.042566,-0.092416,-0.218135,-0.392554,-0.017352,0.160294,0.100047,-0.027534,0.019475,0.208119,0.137543,0.044175,-0.044224,-0.021962,0.070565,-0.279242,-0.05944,0.09992,0.244963,-0.121631,0.01187,0.162283,0.161008,-0.215432,0.323432,0.186094,0.187501,0.070168,0.175821,0.047853,-0.076604,0.241523,0.071432,0.092199,-0.031664,-0.031918,0.191211,0.1179,0.061561,-0.105474,0.071367,-0.237849,-0.21697,-0.185472,-0.044429,0.070874,0.014824,-0.09364,0.306204,-0.094636,0.11011,-0.065062,-0.294473,-0.132286,-0.127264,0.098942,0.066238,-0.123963,0.069032,0.005518,-0.013441,-0.40749,-0.106151,0.051412,0.04863,-0.197201,-0.040349,-0.193985,-0.135615,-0.155549,-0.096527,0.008333,0.129651,0.059032,0.06378,-0.038409,0.201822,-0.118639,0.13454,-0.123523,-0.146721,0.035166,0.030371,-0.331563,0.158375,0.199894,-0.010815,0.151905,0.270982,-0.109713,0.030201,-0.101166,-0.027118,0.261098,-0.119561,-0.280811,-0.066395,-0.051772,0.118854,-0.045873,0.202146,0.243926,0.249709,-0.060278,-0.24271,#
16,0.108402,-0.063543,-0.026892,0.065781,0.232625,0.023572,-0.186272,0.030514,-0.366687,-0.234689,-0.014207,0.052644,-0.313942,-0.113639,-0.068131,0.033365,1.0,-0.218272,-0.204554,-0.342014,-0.262014,-0.10717,-0.304781,0.052061,-0.203773,-0.132202,-0.303328,0.018857,-0.164905,-0.188023,0.121882,-0.046162,0.006357,-0.176723,0.07493,0.001585,-0.299608,0.108549,-0.0606,0.087061,-0.198907,-0.18013,-0.043266,0.157132,-0.055464,0.175848,-0.205782,-0.364905,-0.050366,-0.079607,0.104095,-0.025596,-0.091847,-0.049245,0.127941,-0.130277,-0.13033,0.211744,-0.239492,0.094967,-0.128494,-0.159067,0.07796,0.04311,0.18808,-0.04414,0.18782,-0.076729,-0.166918,-0.166787,-0.451209,0.134808,0.133638,-0.203985,-0.081138,0.175702,0.024107,0.01839,0.080647,0.101196,-0.27616,0.140748,0.033782,0.224109,0.002442,-0.155817,-0.108765,-0.303909,0.005927,-0.172107,-0.035153,-0.215,0.241299,-0.525116,0.034854,-0.221997,-0.215944,-0.037462,-0.298221,0.134209,0.272285,-0.161095,0.105735,-0.081541,-0.03429,-0.168673,0.153139,-0.023004,-0.087184,0.20863,-0.440618,-0.062042,-0.142481,0.0435,-0.243444,0.195676,0.169786,-0.247123,-0.363858,0.385626,-0.200007,0.308122,-0.425162,0.232141,0.119552,-0.17837,-0.051561,-0.02265,-0.099169,0.008087,-0.189848,0.146778,-0.138719,-0.16597,0.005245,-0.206827,0.258685,-0.333671,-0.603471,0.012291,-0.053981,0.133002,0.04946,0.048701,0.018802,-0.204402,-0.009042,-0.157837,-0.061845,0.037899,0.124786,0.210212,-0.289452,-0.087548,-0.210579,-0.328077,-0.339139,-0.1339,-0.074897,-0.108208,-0.007283,-0.016507,-0.067279,-0.32629,-0.170206,-0.01121,-0.004475,-0.159441,0.185236,0.052941,0.381063,-0.08524,-0.20335,0.087257,-0.286083,-0.164553,-0.173828,-0.175516,-0.149119,0.291798,-0.006629,-0.034181,0.582588,0.0802,0.126185,-0.152512,0.066956,0.192188,0.394722,-0.119307,-0.077248,0.199522,0.115495,0.272762,-0.091434,0.275449,-0.165562,0.018516,-0.402984,0.229509,#
17,0.210358,0.372946,-0.045264,-0.004365,0.081551,-0.058945,0.043188,0.061816,0.208903,0.366135,-0.281466,-0.23916,0.322784,0.125606,-0.07598,-0.346997,-0.218272,1.0,0.275775,0.161268,0.305418,-0.066325,0.320744,-0.034328,0.063573,-0.13721,0.14992,0.204333,-0.021652,0.143054,-0.154535,-0.056605,0.248028,0.177517,-0.080451,-0.203418,0.17657,-0.168988,0.005267,-0.178327,0.044666,0.225846,0.321254,-0.014285,-0.028826,-0.297953,0.368603,0.185926,0.04894,-0.115335,0.228923,-0.014685,-0.119913,-0.065548,-0.008539,-0.26887,-0.059132,-0.049235,0.102359,-0.073905,-0.066007,0.112745,-0.284563,-0.017019,-0.020001,0.329846,0.163017,0.256899,0.257359,-0.03679,-0.014464,-0.048251,-0.401854,-0.013606,0.13976,0.16765,-0.127044,-0.181075,-0.045823,-0.202149,0.099722,-0.150966,-0.27846,0.030311,-0.100456,0.253748,-0.266183,0.212981,0.110733,0.010645,0.004318,-0.043492,-0.280053,0.338627,-0.050311,-0.08377,0.118532,0.023141,0.174607,-0.269411,-0.241803,-0.337224,-0.153381,0.069328,-0.076734,-0.041295,-0.297202,-0.099663,-0.270868,-0.157783,0.395729,0.168519,0.229544,-0.230411,0.063493,0.005102,-0.314258,-0.137456,0.314972,-0.472317,-0.214237,-0.123593,-0.085548,-0.279058,-0.174409,0.201887,-0.01933,-0.101706,0.016435,-0.176755,0.016094,-0.128724,0.170786,0.00963,0.017618,-0.125979,0.022315,0.079506,0.237142,-0.169889,-0.092506,-0.042208,-0.040826,-0.196051,-0.076256,0.124213,0.039223,0.339711,-0.168305,0.034976,-0.263525,-0.102568,0.159894,0.041827,-0.152543,0.096283,0.512436,0.183996,-0.32252,0.056331,-0.046637,0.153371,0.18342,0.493278,0.054632,0.453949,-0.012745,-0.15153,-0.358474,0.089589,-0.081697,0.223162,0.082309,-0.207898,0.024264,-0.018231,0.136325,0.136661,0.317974,-0.11624,-0.123131,-0.050449,-0.42245,-0.221047,0.159681,0.034051,0.211453,0.167082,-0.449279,0.325313,0.015338,0.001228,0.005214,0.013898,0.0172,-0.042531,-0.115827,-0.249697,0.10406,-0.086692,#
18,0.256113,0.341867,-0.076198,0.045474,0.00632,-0.11508,0.002659,-0.107484,0.208957,0.186745,-0.177666,-0.32864,0.149528,0.215863,-0.096084,0.14736,-0.204554,0.275775,1.0,-0.059562,0.350657,-0.083174,0.01669,-0.018432,-0.236044,-0.270619,0.059062,0.154854,0.08647,0.067118,-0.065125,-0.050776,0.056052,0.115029,-0.079225,0.007492,0.234197,0.179264,-0.149864,-0.160545,0.254658,-0.301508,0.07018,0.049826,-0.221963,-0.212498,0.153061,0.007906,0.236686,-0.078402,-0.037815,0.094307,-0.101037,-0.010875,-0.023428,-0.222072,-0.061546,-0.117779,-0.048694,-0.201553,0.074352,0.023194,-0.052094,0.015822,-0.033243,0.133521,0.175599,0.002527,0.068858,0.141375,-0.217127,-0.125585,-0.070223,-0.119882,0.195024,-0.05943,-0.163871,-0.139467,0.20002,-0.130236,-0.062543,-0.024612,0.049744,0.094611,-0.01212,-0.007623,-0.061211,0.065216,-0.031652,0.384192,0.281651,-0.024436,-0.272767,0.114268,-0.042382,-0.062796,-0.053916,-0.123211,0.060927,-0.075712,0.009314,-0.134931,-0.152928,-0.046867,-0.226693,0.122818,-0.353225,0.006879,-0.080922,-0.048842,0.198103,0.083676,0.191593,-0.09353,0.006445,-0.068341,0.065501,0.107661,0.342393,-0.239723,0.008399,0.179828,0.071814,-0.046192,-0.069494,0.148541,-0.033944,0.08433,0.172393,-0.055325,0.098599,0.07008,0.097918,0.179671,-0.051464,0.008667,-0.205662,-0.075119,-0.056509,-0.047236,-0.00232,-0.104208,-0.339276,0.188978,0.194405,0.151359,0.143678,0.246938,-0.164429,-0.106524,-0.056732,-0.051448,0.201127,0.030506,0.101681,0.012521,0.06877,0.292852,-0.024834,-0.075734,-0.288264,0.075848,-0.160954,0.027124,0.130438,0.099102,-0.098903,-0.218357,-0.082941,0.337089,-0.312154,0.269656,0.067426,-0.017115,-0.031855,0.189596,0.126951,0.17526,0.067856,-0.266177,0.01739,0.006903,-0.174019,-0.181277,0.168247,-0.063718,0.135489,0.091515,-0.204802,0.114427,-0.064866,-0.072628,0.167486,0.223391,-0.10191,-0.082667,0.082961,-0.223682,-0.066837,-0.080988,#
19,-0.256566,-0.16663,-0.102751,-0.038258,-0.160524,0.161709,0.152456,0.016259,0.097984,-0.058954,-0.014656,-0.055809,0.205688,-0.003465,0.041337,0.069589,-0.342014,0.161268,-0.059562,1.0,0.090277,0.285163,0.103549,-0.081756,0.169671,-0.141083,0.290463,-0.086009,-0.158651,-0.133158,-0.070337,0.077417,0.206417,0.129395,0.05495,-0.204234,0.034527,0.148327,-0.027628,0.014944,0.312699,0.300848,-0.08862,-0.266585,0.126176,0.023783,0.238015,0.274781,0.190325,-0.057886,0.150616,-0.023179,-0.15239,-0.022132,-0.278846,0.322246,0.107477,-0.101207,0.247544,-0.116195,0.027856,-0.062317,0.063518,0.043934,-0.022105,0.11906,0.094246,0.217046,0.154356,0.161716,0.236255,-0.041012,-0.030023,0.196416,0.186633,-0.147676,0.250721,0.132608,0.084897,0.059908,0.219785,0.163649,0.146057,-0.434489,0.33088,0.25282,-0.024952,0.251985,0.108971,0.124451,0.153373,0.083621,-0.093273,0.221258,0.220239,0.264909,0.348369,0.192505,0.087117,-0.038401,-0.024794,0.171162,0.026842,0.197978,0.241506,0.123452,-0.006383,0.048115,0.110806,-0.131997,0.435512,-0.249608,0.139809,-0.095114,0.210569,0.065011,-0.008392,0.205586,0.111973,-0.052393,0.141661,-0.061079,0.285236,-0.15999,-0.013086,0.358954,-0.017317,0.134158,0.187569,0.195974,0.008892,0.08598,0.055124,-0.105286,0.198925,0.047347,-0.249578,0.311407,0.069618,0.170193,0.237586,-0.181517,0.014977,-0.037836,-0.163905,0.039249,-0.130111,-0.030079,0.176902,-0.042505,0.113382,-0.081311,0.292329,0.313761,0.234235,0.462355,0.220536,-0.290076,0.359823,0.163711,0.051512,-0.018636,0.078215,0.430762,0.13492,0.096471,0.347649,0.247396,-0.392845,0.104942,-0.29024,-0.123377,0.247187,0.098041,-0.053449,0.338988,0.354738,-0.05665,0.081413,0.062442,-0.090095,0.051311,-0.25517,-0.129911,-0.17323,-0.0153,0.086524,0.054687,-0.331437,-0.090622,0.0207,-0.172077,-0.061352,-0.351181,0.020778,-0.256365,-0.023885,0.184192,0.125215,-0.047094,#
20,-0.219574,0.138096,-0.048814,0.128834,-0.136115,-0.085519,0.013481,0.131966,-0.021545,0.082511,-0.146654,-0.413254,0.032172,-0.048435,0.115004,-0.158876,-0.262014,0.305418,0.350657,0.090277,1.0,-0.102843,-0.231066,0.051778,0.049728,0.122615,-0.019304,0.036422,-0.041861,0.184036,-0.007441,-0.209068,0.047467,0.177442,-0.128904,-0.056012,-0.005674,-0.043706,0.147928,-0.000721,-0.073127,-0.118384,0.061231,0.025889,0.052842,0.18299,0.0162,-0.053214,0.047885,-0.217747,-0.060359,0.021669,-0.248279,0.143186,-0.123822,0.077611,0.113636,-0.080324,0.019681,-0.017005,0.051715,0.20006,-0.098973,-0.086321,-0.169881,0.084394,-0.139777,0.187342,-0.012402,-0.18013,-0.079804,0.152359,-0.16112,0.221053,0.295572,0.02405,0.144038,0.122667,0.090072,-0.11578,0.178752,0.009452,0.156004,-0.184463,-0.001061,-0.045702,0.073436,0.292936,0.056063,0.27298,0.274087,0.072978,0.131049,0.141899,-0.096309,0.122698,0.227705,0.075994,0.108907,0.165868,-0.153997,0.011805,-0.003588,0.073893,-0.071819,0.066529,-0.196142,0.133649,0.110666,-0.399965,0.195732,-0.039492,0.072356,-0.027112,0.243697,0.20067,0.102739,0.244551,-0.055703,-0.04795,0.089861,0.351727,0.133223,-0.009839,0.134587,0.027991,0.229379,0.09276,0.02433,0.20836,0.28906,-0.131978,0.195302,-0.084933,0.199772,0.246698,-0.190547,0.294843,0.119092,0.169336,0.048495,-0.071456,-0.068208,0.142572,0.431377,-0.034016,0.336338,0.122362,0.092032,-0.04804,-0.002645,0.223014,0.404005,0.086813,0.162788,0.215181,0.183797,0.003218,-0.041412,-0.006431,0.005037,0.071933,0.181097,0.064077,-0.051169,0.188997,-0.119214,-0.236572,-0.043189,0.234056,-0.225264,-0.06038,-0.064312,0.146646,0.002603,0.139297,0.093987,0.128556,0.030744,-0.09868,-0.096622,0.013869,-0.077725,0.006023,0.011994,0.009873,0.05974,0.182021,0.011504,0.005152,0.149105,0.175277,-0.26165,-0.198596,-0.070952,-0.092739,-0.255831,-0.088162,0.224138,0.048365,#
