0,1.0,0.456425,-0.122239,-0.266289,0.325815,0.160789,0.054211,0.171907,0.082573,0.265777,-0.115416,0.108433,0.361557,0.395767,0.097881,-0.065757,0.133852,0.253094,-0.050299,-0.151334,-0.135719,0.194304,0.278453,-0.0638,-0.21996,-0.243135,0.060216,-0.139656,0.262721,0.381526,-0.133993,0.056998,0.125118,-0.235796,-0.164903,0.082664,-0.233797,-0.016597,-0.046359,-0.024789,-0.06847,-0.046082,-0.092563,0.229665,-0.040877,-0.438076,0.196815,0.188374,-0.263473,-0.041493,0.031969,-0.176687,0.023672,-0.213531,-0.025632,-0.040437,-0.025232,-0.109239,0.168428,0.2876,0.322121,0.074651,-0.174286,-0.070573,0.183891,0.437308,-0.006579,0.201092,0.065153,-0.057903,-0.100024,-0.011962,-0.299697,-0.119865,-0.35414,0.306405,-0.134175,-0.201361,-0.284189,-0.077767,-0.364398,-0.17767,-0.097612,0.128504,-0.148416,-0.180957,-0.09241,-0.117883,-0.036999,-0.330294,-0.2503,-0.384242,-0.360346,0.166854,0.040545,-0.115609,0.131213,-0.255008,-0.138189,-0.227802,0.136552,-0.359223,-0.218137,0.034282,-0.320252,-0.049237,-0.26324,-0.100368,-0.378817,-0.10998,0.178189,0.240582,-0.198226,-0.232191,-0.413195,-0.005639,-0.237797,-0.32095,0.195859,-0.41533,-0.24037,-0.256056,-0.185611,-0.110463,-0.182251,0.050303,-0.104117,-0.079134,-0.056103,-0.225547,-0.32433,-0.084676,-0.257459,0.041047,-0.45573,-0.166889,0.165902,-0.543716,-0.056488,-0.26579,0.030824,-0.3798,-0.4392,-0.140724,-0.120492,-0.197061,-0.152022,0.182624,-0.183996,-0.391764,-0.128229,-0.388813,-0.128229,-0.189711,-0.239814,-0.216361,0.407577,0.446432,-0.253816,-0.185759,-0.387577,-0.135621,-0.06038,-0.35787,-0.116992,0.354837,-0.21546,-0.131097,-0.169259,-0.281295,0.07276,0.113485,-0.382008,-0.140319,0.370886,-0.421626,-0.211521,0.144551,0.429166,-0.380696,0.165732,0.039847,-0.184864,-0.002051,0.385844,-0.238632,0.40376,-0.000933,-0.238669,0.461984,0.0438,0.154341,0.359472,0.262647,-0.132123,0.204071,0.123679,-0.415627,-0.04795,0.236348,#
1,0.456425,1.0,0.171787,-0.180956,0.260245,0.057388,0.356054,0.163565,0.211892,0.276485,-0.197885,-0.249926,0.38498,0.246584,0.348209,-0.244992,0.028014,0.358257,0.299667,-0.172097,-0.021037,0.159898,0.318258,0.046265,-0.324957,-0.197094,0.253888,-0.020426,0.207395,0.360203,-0.483531,0.021085,0.174573,0.003507,-0.139296,0.037547,0.033515,-0.152393,0.0171,-0.098916,-0.214421,0.200494,0.004756,0.311594,0.175651,-0.336524,0.301628,0.239141,0.04806,0.247354,0.178553,-0.231831,0.043244,-0.136488,0.124627,-0.281396,-0.176809,-0.057749,-0.10814,0.053257,0.172928,0.237765,-0.400666,0.193427,0.01567,0.341152,-0.142381,0.297216,0.286388,-0.122152,-0.054479,-0.080919,-0.230274,-0.40166,-0.409162,0.455002,-0.277729,-0.347745,-0.407758,-0.382335,-0.274579,-0.328729,-0.382308,0.134522,-0.409753,-0.093653,-0.324037,-0.181688,-0.265609,-0.298878,-0.232094,-0.304013,-0.55624,-0.020937,-0.288777,-0.132305,0.131581,-0.327628,-0.045053,-0.218089,-0.006729,-0.448962,-0.43362,-0.162063,-0.532584,-0.252735,-0.421174,-0.205734,-0.612879,-0.210484,0.20449,0.377052,-0.241757,-0.505998,-0.170447,-0.046853,-0.347809,-0.588451,-0.040267,-0.574062,-0.348986,-0.228516,-0.274523,-0.390707,-0.111682,-0.008591,-0.257355,0.009679,-0.167473,-0.141977,-0.316312,-0.436206,-0.343562,0.102577,-0.279163,-0.23913,0.247224,-0.237919,0.145677,-0.496733,-0.412547,-0.016115,-0.544783,-0.051464,-0.07023,-0.225728,-0.257722,0.462338,-0.306202,-0.388793,-0.252436,-0.387595,-0.070005,-0.182907,-0.433697,-0.222962,0.338671,0.516652,-0.395207,-0.056101,-0.070339,-0.098949,0.201384,0.012785,-0.155396,0.474516,-0.299019,0.023234,-0.148486,-0.116133,-0.08262,0.020757,-0.154649,-0.34065,0.447874,-0.17234,-0.219738,0.362977,0.440522,-0.412013,0.086688,0.224998,-0.147828,0.103213,0.254434,-0.165295,0.286624,-0.174212,-0.326488,0.532556,0.115233,0.572643,0.38633,0.196713,-0.100207,0.010302,0.27082,-0.351457,-0.175343,0.174088,#
2,-0.122239,0.171787,1.0,0.309447,0.072208,-0.239422,-0.035072,-0.115066,0.051755,-0.123364,-0.000379,-0.01665,-0.111118,-0.137582,-0.071148,-0.188302,-0.122472,0.032945,0.042939,0.125556,-0.029818,-0.138962,0.176959,-0.100484,-0.107862,-0.063316,0.321169,-0.025345,-0.095173,0.143396,-0.01206,0.24217,-0.133672,0.07385,0.075997,-0.050701,0.268299,-0.11035,0.030019,-0.08265,-0.037267,0.194089,-0.067847,0.028458,0.030491,-0.126774,0.040659,0.337539,0.108246,-0.028486,-0.240464,0.217719,0.027159,0.189715,-0.154801,-0.06761,-0.268649,-0.118537,-0.380202,-0.16238,-0.173067,-0.284863,-0.021705,0.088582,-0.156703,-0.109614,-0.08352,0.039212,0.003175,0.30786,0.264692,0.26816,0.05474,0.01572,0.031301,0.027268,-0.092359,-0.254294,-0.133965,-0.127795,0.22687,0.008806,-0.009459,0.217197,0.015672,0.179285,-0.0701,0.146794,-0.039709,-0.018864,0.028315,-0.076386,-0.140129,0.057301,-0.142012,0.08002,0.318281,-0.133531,0.063838,-0.168523,-0.024049,-0.048257,-0.003261,-0.011305,-0.097879,-0.115475,-0.047236,0.14252,-0.186437,0.297633,0.283956,-0.148793,-0.089441,0.019697,0.430025,-0.049688,-0.098877,-0.274084,-0.031536,-0.098253,-0.052216,-0.059079,0.141423,-0.066002,-0.013675,-0.080063,-0.271835,0.069368,-0.006757,-0.068869,0.358682,-0.259565,-0.189598,-0.058027,0.051266,0.149335,0.180721,0.319134,0.236198,0.091935,0.133765,0.309172,-0.05618,-0.23531,-0.10538,0.266906,-0.045043,0.064418,0.013335,0.005896,-0.160825,-0.067194,0.243361,-0.081302,-0.024946,-0.039112,-0.039821,0.109566,0.195224,0.013298,-0.032839,0.072748,0.124053,-0.077399,-0.016875,-0.115833,-0.252574,-0.031847,0.134382,0.075477,-0.090948,-0.087011,-0.004625,-0.028804,-0.0728,0.162229,-0.042323,0.087713,-0.017695,-0.10838,0.046905,-0.256149,-0.174401,0.208997,-0.032235,0.026054,-0.138714,-0.131289,-0.112958,0.019069,0.254553,0.261207,0.00764,0.066287,-0.058436,-0.153886,0.118668,-0.029848,0.070255,-0.008497,#
3,-0.266289,-0.180956,0.309447,1.0,-0.124991,-0.338443,-0.337072,-0.319817,-0.243749,-0.065605,0.212129,-0.103531,-0.221744,-0.301181,-0.235409,-0.149685,-0.159852,0.008352,-0.016358,0.192838,0.199932,-0.266594,-0.148414,0.030276,0.136641,0.212839,-0.131307,0.078436,-0.151393,-0.179323,0.431703,-0.123121,-0.449845,0.021684,0.07609,-0.414194,0.099836,0.019451,0.056728,0.105076,0.063608,0.042998,-0.020521,-0.226837,-0.084852,0.287308,-0.120419,-0.097702,0.274921,-0.286873,0.062375,0.49402,-0.024069,0.228656,-0.044439,-0.020683,0.100879,0.098316,-0.162626,0.071337,-0.243761,-0.086636,0.040222,-0.135684,0.001218,-0.263325,0.094407,0.083546,-0.118191,0.098194,0.111839,0.275016,0.243912,0.321981,0.277545,-0.340757,0.12479,-0.012798,0.35645,0.155234,0.218025,0.495537,0.280836,0.206701,0.203063,0.03877,0.161896,0.336436,0.136021,0.338099,0.290827,0.312845,0.449128,-0.183562,0.2489,0.210043,0.01152,-0.072145,0.082133,0.328576,0.091028,0.031565,0.343767,0.059819,0.145214,0.421795,0.118563,0.177644,0.287432,0.302549,-0.179336,-0.140019,0.409558,0.294905,0.207683,0.118702,0.478854,0.191403,0.073875,0.133462,0.352981,0.203476,0.325876,0.157598,0.079633,0.067508,-0.008855,-0.021606,0.254658,0.165346,0.571456,0.039391,0.188717,0.068231,0.373853,0.422492,-0.073738,0.388348,0.218356,0.290516,0.321456,0.263058,0.238182,0.015458,0.243339,0.438357,0.245414,-0.280313,0.194769,0.34882,0.111035,0.253476,0.171253,0.159361,0.240212,0.067971,-0.34925,-0.28137,0.261545,0.161572,-0.33945,0.026639,0.03299,-0.131044,-0.02169,-0.205538,0.006572,-0.002848,0.126653,0.190484,-0.228581,-0.033081,0.172989,0.073043,-0.3828,0.174324,0.170189,-0.007429,-0.389951,0.212004,-0.391761,-0.161613,-0.119018,-0.099971,-0.121387,-0.042907,-0.221121,0.097136,0.384605,-0.370041,0.055725,-0.119362,-0.213394,-0.151772,0.034814,-0.160787,-0.347846,0.188184,-0.018528,-0.127005,#
4,0.325815,0.260245,0.072208,-0.124991,1.0,-0.045094,0.08786,-0.015638,-0.1011,0.122126,0.015654,0.210419,0.115288,-0.060467,0.350852,-0.068626,0.140749,0.131736,-0.018013,0.001393,-0.065925,-0.056413,-0.002912,-0.106977,-0.1988,-0.184461,-0.018404,-0.092724,0.137559,0.060104,-0.205537,-0.119594,0.033342,-0.254725,-0.294437,0.12833,-0.247782,-0.249491,-0.104597,0.098475,-0.184324,-0.048485,-0.172656,-0.035244,-0.105498,-0.191193,0.174359,0.23986,-0.152259,0.215,0.183428,-0.220742,0.01752,-0.151504,0.184129,-0.143713,-0.427163,-0.041706,-0.102616,-0.281198,-0.030501,0.19422,-0.016505,0.123554,0.000443,0.263151,0.094908,-0.014455,0.058811,0.018587,-0.172394,-0.024397,-0.056267,0.015537,-0.182684,0.316736,-0.122275,-0.438269,-0.183308,-0.316977,-0.224168,-0.257309,-0.286065,0.048724,-0.171277,-0.161208,-0.087284,-0.281307,-0.255898,-0.137696,-0.082371,-0.243876,-0.168505,-0.109929,-0.056273,0.052032,0.133617,-0.010302,0.038468,0.099881,0.121223,-0.268857,-0.294005,-0.066457,-0.290311,-0.176504,-0.364481,-0.114111,-0.146915,0.007828,0.039053,-0.271365,-0.26094,-0.182019,-0.114973,-0.196572,-0.326348,-0.190937,-0.093948,-0.122534,-0.33584,-0.144754,-0.116701,-0.039014,-0.099148,-0.261405,-0.116063,-0.147948,-0.168855,-0.130125,-0.092241,-0.313083,-0.382273,-0.156354,-0.144729,-0.296694,0.229542,-0.232145,-0.070703,0.014356,-0.022812,-0.152153,-0.033883,-0.211083,-0.200442,-0.016143,-0.04508,0.00659,-0.328275,-0.229466,-0.194862,-0.200378,-0.297836,-0.074593,-0.291207,-0.10273,0.334541,0.366208,-0.161192,-0.190934,-0.152313,-0.243673,0.151916,0.052113,-0.3054,0.312261,-0.080695,0.252692,-0.037293,-0.166528,0.085469,0.055548,-0.069236,-0.19283,0.129583,-0.242903,-0.362263,-0.210923,0.188217,-0.077207,0.195029,-0.132261,0.370998,0.091625,0.08445,-0.186995,0.132714,-0.03299,-0.155168,0.05084,-0.0111,0.328645,0.049248,0.023637,0.148844,-0.322234,0.049429,-0.223387,-0.358633,0.327523,#
5,0.160789,0.057388,-0.239422,-0.338443,-0.045094,1.0,0.15456,0.24391,0.091169,-0.118921,0.261793,0.058338,0.044838,0.110514,-0.04456,0.029049,0.217816,-0.026926,-0.305665,0.12756,-0.218439,0.250351,0.138565,-0.164744,0.032157,-0.40498,0.005552,0.089417,-0.09545,-0.259602,-0.207599,0.132188,-0.059949,-0.151626,-0.103312,0.008323,-0.209905,0.09827,-0.035936,-0.263176,-0.019606,0.20925,0.040516,0.303093,0.258399,-0.123983,0.102399,0.215718,0.062142,0.156336,0.098177,0.039948,0.200552,-0.228869,-0.104039,-0.071766,0.253211,-0.210274,0.156601,0.044116,0.132649,0.003136,0.053727,0.114862,0.01585,0.184247,-0.207489,-0.097708,0.103195,0.175417,0.08202,0.135768,-0.067368,-0.069563,-0.24938,0.156353,-0.12147,0.131231,-0.249156,-0.156123,0.129673,-0.166414,0.011327,-0.257498,0.006377,0.104855,-0.076383,-0.27435,-0.014954,-0.288286,-0.080489,0.021763,-0.173383,0.086198,0.100334,0.022605,0.044493,0.012019,-0.029065,-0.216791,0.015853,-0.012481,0.03879,-0.04464,-0.039712,-0.10442,-0.009393,-0.180387,-0.205928,-0.195885,0.138194,0.206599,-0.083105,-0.25488,-0.179178,-0.247138,-0.322105,0.127629,-0.022291,-0.143989,-0.031852,-0.249511,0.19731,-0.102501,-0.042179,0.141573,0.000833,0.12333,0.088895,0.169852,-0.261095,0.092862,-0.028936,-0.093024,-0.117718,-0.056403,-0.049718,-0.300293,-0.129362,-0.331291,-0.121779,-0.337282,-0.349557,0.070765,0.16446,0.043732,-0.300779,-0.053682,0.118773,-0.156468,0.030949,0.038615,-0.222185,0.080291,-0.100352,0.05668,0.046512,0.094623,-0.148455,0.082538,-0.002751,-0.041782,0.007733,0.152341,0.009376,0.169484,0.174577,0.080407,-0.025101,-0.162915,0.077955,-0.010472,-0.151093,0.147369,0.059031,-0.003636,0.0516,0.150617,0.197565,-0.096065,0.189988,0.241783,-0.014905,-0.116643,-0.132223,-0.033457,0.062747,0.09467,-0.212337,0.048788,-0.002482,-0.141425,0.229343,-0.157117,0.044121,0.115168,0.159255,-0.096433,-0.046126,0.063305,#
6,0.054211,0.356054,-0.035072,-0.337072,0.08786,0.15456,1.0,0.29617,0.482077,0.139708,0.041949,-0.195332,0.327566,0.02611,0.430992,-0.000747,-0.215683,0.029127,0.101496,-0.006774,-0.107355,0.189213,0.261062,-0.021487,-0.114338,-0.175753,0.134385,-0.202123,0.178763,0.06906,-0.602181,-0.104299,0.118001,0.100892,-0.173562,0.142501,0.017367,-0.189521,0.150504,0.050872,-0.048451,0.372844,-0.248767,0.118288,0.047766,-0.119442,0.295135,0.287915,0.045988,0.055064,0.012962,-0.197371,0.009818,-0.240582,-0.163761,0.065379,0.154106,0.029214,-0.123398,0.19599,0.066797,0.05692,-0.21115,0.218405,0.150539,0.263405,0.056947,-0.11933,0.264723,-0.135349,0.130032,-0.069533,-0.166125,-0.312085,-0.31113,0.357345,-0.057624,-0.262601,-0.154502,-0.127468,-0.113027,-0.411378,-0.268187,-0.2241,-0.331125,0.228713,-0.08756,0.032384,-0.338204,-0.263499,-0.243725,-0.164469,-0.386539,0.274636,-0.262863,-0.122707,0.084629,0.016281,-0.0234,-0.194686,0.026962,-0.074746,-0.041188,0.041173,-0.189371,-0.316928,-0.16463,-0.073872,-0.339992,-0.359098,0.267748,0.307421,-0.266299,-0.474055,0.02268,-0.044719,-0.218808,-0.177608,-0.064712,-0.364051,-0.228071,-0.231474,-0.195998,-0.455635,-0.126037,0.055046,-0.034786,0.410192,-0.188665,-0.034628,-0.276209,-0.619649,-0.362937,0.019257,-0.114035,-0.076348,-0.08892,0.0513,-0.020604,-0.389178,-0.171554,-0.117539,-0.270155,-0.004183,-0.02602,-0.244563,-0.264279,0.643291,-0.003347,-0.289608,-0.014207,-0.149516,-0.082349,-0.286974,-0.195218,0.111399,0.265759,0.35552,-0.186777,-0.1313,0.347734,0.18936,0.256682,0.078521,0.047747,0.31251,-0.036396,-0.129177,-0.205106,0.114571,0.044082,-0.09315,-0.113536,-0.129184,0.170641,-0.044998,-0.072754,0.133806,0.480031,-0.167369,0.226891,0.259285,-0.025605,0.008588,0.308313,-0.119272,0.278661,0.013575,-0.480262,0.313213,0.201572,0.265356,0.041654,0.041226,0.06686,-0.061994,0.187683,-0.138997,-0.018594,-0.277544,#
7,0.171907,0.163565,-0.115066,-0.319817,-0.015638,0.24391,0.29617,1.0,0.191421,0.054818,-0.17036,-0.058088,0.113932,0.143708,0.047509,0.211072,-0.044847,-0.05319,-0.172633,0.071758,0.041931,0.31518,0.051916,0.262702,-0.130108,-0.040048,0.304729,-0.013923,0.120787,-0.090102,-0.309274,0.236992,0.207844,0.017751,-0.151223,-0.072616,-0.103751,-0.227208,0.244814,-0.177918,-0.019978,0.232545,-0.194538,0.105581,-0.152614,-0.040155,0.213844,0.217467,-0.061599,0.135183,-0.143526,-0.187435,0.10418,-0.047211,-0.258817,-0.024237,0.232095,-0.139058,0.101755,0.186196,0.085217,0.067043,-0.206508,0.192665,0.148588,0.207291,-0.126102,0.18488,0.197594,-0.166464,0.203547,0.040321,-0.217425,0.038223,-0.197402,0.189608,-0.061421,-0.042547,-0.280496,0.160673,-0.035291,-0.18189,0.063896,-0.046173,-0.072554,0.287655,0.070739,-0.024361,0.027289,-0.16532,-0.182068,-0.1434,-0.20283,0.25919,-0.154902,0.070086,0.205399,0.086249,-0.033429,-0.327621,0.016138,-0.153998,-0.052151,0.03656,-0.003654,-0.139146,-0.088251,-0.106354,-0.301583,-0.433125,0.195118,0.095137,-0.240677,-0.13847,0.033968,0.019539,-0.222708,0.145808,-0.221272,-0.095242,-0.061389,-0.257173,0.136961,-0.251892,0.075887,0.061255,-0.141232,-0.137845,-0.132801,-0.114605,-0.418487,-0.22951,0.07331,-0.12607,0.062262,-0.032008,0.271501,-0.099483,-0.005639,-0.3086,-0.116829,-0.033967,-0.241956,0.208345,-0.077595,-0.137624,-0.214961,0.162194,-0.048331,-0.121545,-0.05652,0.012021,-0.113638,0.011707,0.015406,0.161999,0.323703,0.074469,-0.183797,0.143547,-0.000425,0.125475,-0.097896,-0.000183,0.068257,0.128952,0.07311,-0.364001,-0.273118,-0.091049,0.019011,-0.030367,-0.274692,-0.090192,0.169926,-0.035593,0.063961,-0.043384,0.124886,-0.174667,0.15916,0.140506,0.06733,-0.070165,-0.008764,0.118295,0.08919,-0.064811,-0.145703,0.177218,0.297564,0.030224,0.039108,-0.270103,-0.104749,0.198901,0.007413,-0.235865,-0.097555,0.099754,#
8,0.082573,0.211892,0.051755,-0.243749,-0.1011,0.091169,0.482077,0.191421,1.0,0.058803,-0.115841,-0.175979,0.355664,0.172821,0.175109,-0.394183,-0.157873,0.199719,0.202472,-0.052148,0.121269,0.157726,0.277183,0.122675,0.096802,-0.189032,0.371832,-0.000139,0.206239,0.236442,-0.196961,0.06174,0.167531,-0.019979,-0.153646,0.107369,0.275799,-0.2719,-0.102153,-0.037593,0.178301,0.119401,0.003503,0.201391,0.187249,-0.344281,0.317826,0.216812,-0.017182,-0.020146,-0.15469,-0.249277,0.147236,-0.00807,-0.324064,-0.028321,0.048315,-0.107939,0.262863,0.037392,0.038893,-0.073153,-0.05665,0.096496,0.113568,0.220078,0.042387,-0.018495,0.163949,-0.103589,0.158957,-0.028929,-0.236159,-0.087832,-0.137456,0.230616,-0.066104,-0.08324,-0.125368,-0.35676,0.129148,-0.288634,-0.166591,-0.202933,-0.263744,0.205856,-0.038425,0.035351,-0.008677,-0.173383,-0.21431,0.01583,-0.515719,0.450766,-0.198408,-0.099422,0.110317,0.067468,0.015239,-0.148716,-0.096882,0.19652,0.124002,0.123192,0.004508,-0.283443,-0.133913,-0.081839,-0.070372,-0.163854,0.415712,0.313056,-0.191796,-0.279018,0.181744,-0.073905,-0.120484,-0.137514,-0.021832,-0.17865,-0.214898,-0.218778,-0.123231,-0.413254,0.059106,0.10414,-0.10296,0.220587,-0.096677,-0.167269,-0.189497,-0.377434,-0.066588,-0.042295,0.051542,-0.082989,-0.044639,0.062828,0.066105,-0.081948,-0.17629,-0.114544,-0.143297,-0.198273,-0.128462,-0.107779,-0.283359,0.393378,0.099536,-0.162984,0.143,-0.236876,0.064042,-0.299987,0.063393,0.097258,0.394968,0.334169,0.033918,-0.094746,0.185326,0.121188,0.139818,-0.083647,0.266974,0.23234,0.038563,-0.053618,-0.249877,-0.035279,-0.283736,0.165167,-0.176934,-0.055811,0.164412,0.074335,-0.162901,0.199353,0.514186,-0.382676,0.095379,0.175656,-0.147437,-0.009786,0.056875,0.014862,0.330333,0.049266,-0.288002,0.237726,0.241812,0.069162,0.189926,0.015447,0.048717,0.228344,0.218094,-0.125118,0.06664,-0.030686,#
9,0.265777,0.276485,-0.123364,-0.065605,0.122126,-0.118921,0.139708,0.054818,0.058803,1.0,-0.153258,-0.103138,0.385234,0.151573,0.057661,0.020847,-0.2865,0.068827,0.1894,-0.108274,0.001036,0.185683,0.211577,0.092852,-0.279809,0.082376,0.23951,-0.154931,0.08593,0.451058,-0.130619,-0.118558,-0.010177,0.128393,-0.291805,-0.012236,-0.176388,-0.157122,-0.023057,-0.157948,-0.055542,0.02926,0.052748,-0.03982,-0.122819,-0.411481,0.205453,0.132108,-0.376881,0.082648,-0.139839,-0.017871,0.041487,-0.114629,0.060523,-0.182941,-0.122704,0.079311,-0.023089,-0.117011,0.20266,-0.014208,-0.378486,0.08792,0.095495,0.176698,-0.090771,0.098844,0.008822,-0.264786,-0.149486,-0.265382,-0.224236,-0.215353,-0.02516,0.210057,-0.12375,-0.275328,-0.025526,-0.036079,-0.258672,-0.074005,-0.133407,0.058069,-0.022277,-0.152998,-0.346781,-0.141966,-0.078601,-0.001142,-0.022584,-0.220929,-0.286163,-0.01252,-0.047853,0.067201,0.018539,0.241057,0.092005,-0.133387,-0.14186,-0.266674,-0.288197,-0.104337,-0.283127,0.037025,-0.420511,-0.085169,-0.150387,-0.234221,0.054409,0.201989,0.077127,-0.357849,-0.204617,-0.019595,-0.062689,-0.070934,0.252647,-0.444471,-0.114347,-0.183143,-0.036198,-0.276568,-0.139847,0.267555,-0.187376,-0.15828,-0.0639,-0.083704,-0.121722,-0.110383,-0.199544,0.02546,-0.292115,-0.080352,-0.049941,-0.05294,0.109357,-0.296696,-0.070309,-0.185736,-0.267661,-0.22997,0.022156,-0.190272,0.09878,0.248325,-0.375052,-0.182914,-0.206107,-0.210679,-0.005184,-0.090674,0.061669,0.078856,0.232399,0.389902,-0.015576,-0.22711,-0.083101,-0.107299,-0.092423,-9.7e-05,-0.03193,0.201975,-0.269334,-0.132878,-0.053449,0.082537,-0.080461,0.135102,0.105681,-0.033363,0.189353,-0.22821,-0.125212,0.008913,0.063533,0.162795,0.010584,0.119709,-0.285273,-0.201465,0.075322,0.055423,0.230284,-0.165483,0.035945,0.392509,0.031782,0.080257,-0.044978,0.207745,-0.010889,-0.21847,0.074432,-0.279313,0.042336,0.050176,#
10,-0.115416,-0.197885,-0.000379,0.212129,0.015654,0.261793,0.041949,-0.17036,-0.115841,-0.153258,1.0,0.048181,-0.430654,-0.326317,-0.064317,0.237611,0.207259,-0.114248,-0.002507,-0.24367,-0.038608,-0.129718,-0.041394,-0.072867,0.181167,0.073763,-0.247096,0.01894,-0.116769,-0.399662,0.145552,-0.071214,-0.164883,0.022744,0.219772,0.113014,-0.091537,0.034766,-0.067183,0.149685,-0.131301,-0.078666,-0.070924,0.093446,0.133168,0.216866,-0.250793,-0.104161,0.096905,-0.059189,0.140523,0.176385,-0.005188,-0.17292,-0.117005,0.047526,-0.007415,0.203203,-0.216515,-0.013454,-0.128292,0.036255,0.140063,-0.235464,-0.130829,-0.366936,-0.14737,-0.364211,-0.113261,0.220359,-0.177424,0.116657,0.212897,0.160615,0.095878,-0.012863,-0.168012,0.016707,-0.004348,-0.138969,-0.057388,0.134496,0.171036,-0.151397,0.007945,-0.08884,0.044905,-0.03237,-0.187579,0.02506,-0.117682,0.067576,0.183271,-0.241445,0.027345,0.082562,-0.230254,0.065802,-0.076489,0.054166,0.157177,-0.029006,0.19747,-0.12426,-0.04998,-0.053787,-0.053586,0.005434,0.154262,0.18884,-0.278943,-0.029136,0.159068,-0.117197,-0.015679,-0.111016,0.19891,0.065905,0.060114,0.238531,0.199368,-0.009319,0.126527,0.073161,-0.191556,-0.211137,-0.162467,0.146133,-0.005403,-0.025984,0.343393,0.003625,-0.002402,-0.005979,0.180507,0.285748,-0.080299,0.08629,-0.163841,0.01248,-0.104884,-0.050436,0.172147,-0.001534,-0.043584,0.008697,-0.007148,-0.194896,-0.004987,0.306821,0.003215,0.313589,-0.225101,-0.012301,-0.055327,-0.222404,-0.451937,-0.216029,-0.158665,0.183534,-0.126174,0.124801,0.20556,-0.193709,-0.302225,-0.09745,0.053009,0.195853,0.398303,0.001595,0.011504,-0.025106,-0.129227,0.019814,-0.289914,0.0565,0.041629,0.085815,-0.166562,0.23744,0.026298,0.088042,0.060537,0.143222,-0.056397,-0.26496,-0.329909,0.039756,0.277913,-0.301888,-0.325837,-0.103207,0.007418,-0.177612,0.045849,-0.070056,0.198833,0.01133,-0.176748,-0.228613,#
11,0.108433,-0.249926,-0.01665,-0.103531,0.210419,0.058338,-0.195332,-0.058088,-0.175979,-0.103138,0.048181,1.0,-0.085531,-0.107603,-0.128854,0.053447,0.072366,-0.025058,-0.397372,0.013916,-0.208184,0.077811,-0.053094,-0.253073,-0.080476,-0.104616,-0.104488,-0.215974,-0.074654,-0.08108,-0.059253,0.027275,-0.003456,-0.110811,0.11008,-0.009769,-0.330853,0.011124,-0.139089,0.02916,0.070667,0.049083,-0.038868,-0.272143,-0.042625,-0.088788,-0.219126,0.104081,-0.182611,0.127158,-0.088875,0.110869,-0.012977,-0.098275,0.127795,0.038059,-0.08755,-0.119836,0.153697,0.009135,-0.068146,0.063088,0.029721,-0.457584,0.191826,-0.067413,-0.158323,-0.137793,-0.153099,0.233292,0.156989,-0.063376,0.143991,0.170933,-0.267078,0.006633,-0.218378,-0.049472,-0.039885,0.15601,0.182368,-0.02292,-0.127503,-0.224054,0.05578,0.039492,0.065083,0.032251,0.072777,-0.065569,0.072073,-0.100788,0.049482,0.052506,0.073433,0.123355,-0.029334,0.137365,-0.060166,0.02562,-0.148606,0.06404,-0.059965,0.118026,-0.14407,-0.086375,0.114064,-0.025201,0.088858,0.236531,-0.032161,0.020942,-0.19512,0.053443,-0.086203,-0.238836,-0.140982,0.196888,-0.005847,0.123425,0.059433,-0.211049,0.041533,0.218952,-0.168791,0.12787,-0.054455,-0.156278,0.171268,0.111482,-0.102867,0.278136,-0.063535,-0.149055,-0.065802,-0.178199,0.077724,-0.22129,0.089484,0.057946,0.175574,-0.062655,0.15399,-0.109824,-0.138273,0.127695,-0.02021,-0.232371,-0.091749,0.182387,0.009916,-0.044341,-0.051762,0.026622,-0.059409,0.075129,-0.021782,-0.058847,-0.025503,-0.043706,0.023319,-0.28393,-0.044109,0.071329,-0.049651,-0.082667,0.039118,0.09941,0.058588,-0.125913,0.12366,0.062341,0.084388,0.203543,-0.041098,-0.074565,-0.33484,-0.175036,-0.087088,0.141462,0.030988,-0.118626,0.027539,0.179859,0.079571,-0.05901,0.129218,0.03657,-0.052688,-0.199557,-0.12418,-0.057809,-0.041636,0.021508,-0.031098,-0.129019,0.183866,0.014471,0.036283,0.096635,#
12,0.361557,0.38498,-0.111118,-0.221744,0.115288,0.044838,0.327566,0.113932,0.355664,0.385234,-0.430654,-0.085531,1.0,0.385173,0.233838,-0.347702,-0.221433,0.245311,-0.024647,0.157731,0.047626,0.216083,0.410701,-0.067844,-0.223296,-0.194571,0.22576,-0.310096,0.221394,0.267293,-0.278644,0.055005,0.241153,-0.192533,-0.265547,-0.055384,0.103234,-0.070449,-0.043925,-0.35298,0.159426,0.344452,0.036365,0.025859,0.037398,-0.404943,0.431758,0.312565,-0.198042,0.022146,0.018515,-0.118875,0.156841,-0.069019,-0.159377,0.102692,0.165285,-0.145587,0.18102,0.121645,0.305898,0.160361,-0.137084,0.006618,0.249331,0.436242,-0.064654,0.331535,0.151081,-0.215846,0.211967,0.034503,-0.249461,-0.120805,-0.304055,0.302028,0.132407,-0.127772,-0.152871,-0.131045,-0.045354,-0.320764,-0.235214,-0.128491,-0.086882,0.055741,-0.147785,0.186755,-0.04101,-0.247011,-0.163036,-0.034209,-0.45531,0.275286,-0.193314,0.176128,0.462385,-0.011129,0.124558,-0.179186,0.003915,-0.003107,-0.048471,0.022314,-0.100263,-0.030654,-0.205282,-0.162716,-0.346351,-0.220228,0.412194,0.103631,-0.146995,-0.292707,-0.037036,-0.027417,-0.291638,-0.139042,0.118585,-0.546722,-0.109616,-0.34445,-0.026299,-0.354258,0.02414,0.366948,-0.168109,0.092048,0.053397,0.201588,-0.33931,-0.111927,-0.236826,-0.055401,-0.234507,-0.06156,-0.150128,-0.233028,0.183775,-0.16066,-0.052316,-0.308045,-0.26423,-0.243085,0.091807,-0.109944,-0.14963,0.305364,0.028954,-0.287193,-0.096023,-0.432219,0.271161,-0.186324,0.00686,0.188189,0.550053,0.463861,0.118181,-0.354901,0.054877,-0.215769,-0.002574,0.164681,0.268229,0.395872,0.074913,-0.158315,-0.252116,-0.000294,-0.072632,0.029177,0.037116,-0.003638,0.393317,-0.060661,-0.074804,0.08671,0.495436,-0.264179,0.099425,0.019761,-0.235312,-0.318594,0.208139,-0.068254,0.601434,-0.037857,-0.571348,0.401525,0.459358,0.083519,0.016049,-0.003038,-0.035761,-0.091408,0.029382,-0.139086,0.231598,0.129711,#
13,0.395767,0.246584,-0.137582,-0.301181,-0.060467,0.110514,0.02611,0.143708,0.172821,0.151573,-0.326317,-0.107603,0.385173,1.0,0.208713,-0.125955,-0.286659,0.191113,0.063381,0.043322,-0.134177,0.402091,0.5587,0.174552,-0.132362,-0.200757,0.394928,0.151338,0.301687,0.412085,-0.227359,0.201907,0.177026,-0.161459,-0.011147,0.060471,-0.030359,0.076195,0.17178,-0.216287,-0.022163,0.171705,0.255054,0.284796,-0.190129,-0.478473,0.347183,0.028883,-0.211788,0.171781,0.058163,-0.101248,0.141878,-0.060553,-0.107885,0.043082,0.034522,0.00077,0.190088,0.147278,0.360331,0.105354,-0.143028,0.206499,0.257654,0.247996,-0.089357,0.379201,0.165363,-0.020584,-0.042635,-0.039013,-0.162167,-0.103269,-0.323514,0.170579,0.106522,0.00358,-0.263582,0.01121,-0.370683,-0.2679,-0.082143,0.123251,-0.025272,-0.019755,0.002386,-0.127663,0.008769,-0.361406,-0.166543,-0.183599,-0.3154,0.225408,0.026751,-0.099388,0.091115,-0.062013,-0.085267,-0.307957,-0.156903,-0.092636,-0.061587,-0.144598,-0.12533,-0.124547,0.094203,-0.382148,-0.224552,-0.06315,0.243916,0.11365,-0.208099,-0.048558,-0.305305,-0.192776,-0.265362,-0.20951,-0.03429,-0.23273,-0.142822,-0.291682,-0.087629,-0.269869,-0.107829,0.235211,-0.091551,0.000976,0.007098,-0.078849,-0.280635,0.079936,-0.368207,-0.045794,-0.466306,-0.128272,0.079785,-0.321052,-0.015419,-0.131672,-0.047438,-0.404039,-0.343835,-0.225083,-0.238063,-0.167952,-0.234953,0.110047,-0.038343,-0.25905,-0.106312,-0.386607,0.079507,-0.191859,-0.194117,0.122482,0.44795,0.225336,-0.06068,-0.11476,-0.06803,-0.149418,-0.162555,0.092982,0.090619,0.042998,0.075644,0.150822,-0.118927,-0.048327,-0.040029,0.091007,-0.07961,-0.168962,0.419134,-0.157404,0.090433,-0.099231,0.502096,-0.374336,0.314779,-0.067635,-0.17808,-0.055709,0.074581,0.104937,0.181035,-0.328114,-0.278746,0.452445,0.024183,-0.048364,0.120172,0.181494,0.063239,0.051126,0.251481,-0.231803,0.160255,0.066785,#
14,0.097881,0.348209,-0.071148,-0.235409,0.350852,-0.04456,0.430992,0.047509,0.175109,0.057661,-0.064317,-0.128854,0.233838,0.208713,1.0,-0.224501,-0.013868,-0.076246,0.114453,-0.044155,-0.084084,0.003663,0.199317,0.113522,-0.189234,-0.052142,0.027904,0.187115,0.355676,0.093798,-0.424663,-0.049964,0.09022,-0.154017,-0.121871,0.21456,-0.165195,-0.141239,0.16319,0.124067,-0.241279,0.168925,-0.228689,0.258301,0.167918,-0.02224,0.268269,-0.056084,-0.108596,0.319607,0.132976,-0.154734,0.049711,-0.145602,-0.020117,-0.197516,-0.228322,0.018882,-0.109819,-0.027168,-0.062379,0.369282,-0.250757,0.191992,0.059744,0.128928,0.075065,-0.07341,-0.003964,-0.375682,-0.179877,-0.265597,0.046786,-0.271637,-0.416335,0.220409,-0.02343,-0.341419,-0.260405,-0.301542,-0.334863,-0.318284,-0.321076,-0.002866,-0.381419,-0.030735,-0.230177,-0.177612,-0.419331,-0.295822,-0.13942,-0.171216,-0.169793,-0.056969,-0.269769,-0.231669,-0.192269,0.023597,-0.182011,-0.20193,0.276392,-0.293528,-0.261382,-0.257216,-0.289335,-0.183735,-0.317826,-0.124163,-0.266989,-0.09627,-0.082849,0.090679,-0.372701,-0.346732,-0.305879,-0.131841,-0.195006,-0.323659,-0.401566,-0.183009,-0.37321,-0.154717,-0.328754,-0.165007,0.06311,-0.331132,-0.226362,0.004581,-0.335434,-0.169267,-0.222807,-0.299336,-0.403788,0.152708,-0.241399,-0.192385,0.141501,-0.157139,-0.114186,-0.076271,-0.275413,-0.308847,-0.151141,-0.023844,-0.115333,-0.35004,-0.200996,0.268188,-0.267951,-0.172642,-0.282159,-0.271875,-0.180473,-0.138761,-0.30671,0.003554,0.240063,0.251493,-0.337679,0.087966,0.169019,-0.067249,0.098772,-0.017355,-0.182048,0.152699,0.018064,0.168401,0.070885,-0.182476,0.320706,0.064958,-0.013603,-0.337533,0.433176,-0.202707,-0.170053,0.019696,0.288213,-0.189709,0.226511,0.238112,0.377961,0.105889,0.168345,-0.270269,0.022057,-0.111318,-0.131997,0.26728,-0.025937,0.473862,0.154289,0.153636,-0.091747,-0.095729,0.044399,-0.186795,-0.212349,0.124898,#
15,-0.065757,-0.244992,-0.188302,-0.149685,-0.068626,0.029049,-0.000747,0.211072,-0.394183,0.020847,0.237611,0.053447,-0.347702,-0.125955,-0.224501,1.0,-0.029051,-0.251407,0.07374,-0.124453,-0.172093,0.121328,-0.172759,0.048532,0.099838,0.096404,-0.067575,-0.024641,0.041823,-0.257567,-0.089316,-0.071569,-0.197268,0.179663,0.160308,0.281929,-0.086773,0.113098,0.126454,0.160778,-0.102441,-0.375426,0.014338,-0.076781,-0.183649,0.226419,-0.326248,-0.086589,-0.128909,-0.002157,0.184258,0.152039,-0.153081,0.123586,-0.022245,0.090381,0.169714,0.023694,-0.023341,-0.112225,0.065353,0.000829,0.117509,-0.064313,0.016662,-0.242321,-0.262744,-0.052,0.086707,0.05324,-0.0364,-0.182365,0.075539,0.060919,0.18826,-0.026629,-0.059,0.017444,0.013843,0.219892,-0.158835,-0.029342,0.277548,0.022933,0.267136,-0.049396,0.120611,-0.2171,0.101293,0.115373,0.147174,-0.062503,0.274601,-0.158021,0.023743,0.110857,-0.125276,0.054236,-0.244512,-0.124171,0.013909,0.00275,-0.085705,0.054583,0.203622,-0.019495,0.035186,0.002406,-0.027842,-0.084441,-0.25583,-0.02983,0.229511,0.063788,-0.080336,0.005375,0.122474,0.239759,0.030872,0.231824,0.128741,0.218053,0.039366,0.014999,-0.089143,-0.016175,0.206447,-0.003634,0.011787,-0.171656,-0.024271,0.12655,0.078849,-0.02571,-0.024499,0.04377,-0.107038,0.003901,-0.245233,-0.120881,0.031213,0.086093,0.009901,0.278942,-0.043421,-0.021612,-0.060212,-0.195017,-0.126623,-0.121714,-0.071657,0.147601,-0.206149,0.130088,0.016505,0.011567,-0.335182,-0.17339,-0.175438,0.124933,0.150865,0.073556,-0.148106,-0.000939,-0.302885,-0.243385,0.081944,0.030103,-0.0284,0.074357,0.050816,-0.048611,-0.085756,0.106675,-0.234061,-0.089803,0.077388,-0.049109,-0.248317,0.269678,0.096881,-0.137268,0.141005,0.067795,-0.115698,-0.012929,-0.291599,-0.082283,0.111029,-0.137097,-0.23674,-0.237414,-0.065495,0.010356,0.095999,0.04859,0.061272,0.074793,0.019361,-0.162135,#
16,0.133852,0.028014,-0.122472,-0.159852,0.140749,0.217816,-0.215683,-0.044847,-0.157873,-0.2865,0.207259,0.072366,-0.221433,-0.286659,-0.013868,-0.029051,1.0,-0.044726,-0.073772,-0.350221,-0.073226,-0.304078,-0.277119,-0.202176,-0.01188,-0.111621,-0.432152,0.062951,-0.201529,-0.232589,0.069009,-0.092471,0.066624,-0.275505,0.130155,0.24537,0.006837,-0.104322,-0.21713,0.11813,-0.072482,-0.318727,-0.026701,0.252676,0.186688,0.134789,-0.388324,-0.263172,0.076724,0.01046,0.083935,-0.129158,0.010756,-0.122605,0.165639,-0.071988,-0.210866,-0.066446,0.01039,0.057699,-0.180598,0.008547,0.128163,-0.053252,0.083636,-0.018315,0.129574,-0.083438,-0.018451,-0.017525,-0.266499,0.174076,0.175303,-0.202803,-0.016317,0.098768,-0.051739,0.070822,-0.013099,-0.17658,-0.09797,0.076995,-0.114882,-0.087327,-0.13476,-0.276259,-0.260644,-0.265862,0.037744,-0.170253,-0.147741,-0.173266,0.048115,-0.41047,-0.014096,-0.296015,-0.124819,-0.232416,-0.292108,0.016799,0.222938,-0.204402,-0.109288,-0.167444,0.010919,-0.05598,-0.070783,0.053331,-0.068256,0.147307,-0.109785,-0.051826,-0.0794,-0.070881,-0.171858,0.068896,-0.266688,-0.158326,-0.239547,0.168352,-0.263055,-0.008056,-0.372838,0.235222,0.16227,-0.345534,-0.0426,-0.160956,-0.270803,-0.079728,-0.066117,0.141938,0.033256,0.039886,-0.079914,-0.208614,0.197697,-0.304773,-0.378391,-0.064842,-0.379869,0.147379,-0.053153,-0.0325,0.002679,-0.031255,-0.114544,-0.064494,-0.051314,0.002181,-0.155104,0.231521,-0.240559,-0.044375,-0.210649,-0.430259,-0.20666,-0.010076,-0.327884,-0.037561,-0.051215,-0.078651,0.113362,-0.217786,-0.163938,0.103885,-0.070662,-0.031872,0.022348,-0.342399,0.27063,-0.005943,-0.160323,-0.022067,-0.058747,-0.133672,-0.14252,0.133589,-0.055906,0.127849,-0.038202,0.111753,0.451567,0.166603,0.059363,-0.072499,-0.027321,0.258791,0.308525,0.014776,-0.194419,0.227972,0.214197,0.11128,-0.17901,0.503806,0.083416,-0.157773,-0.458244,0.051684,#
17,0.253094,0.358257,0.032945,0.008352,0.131736,-0.026926,0.029127,-0.05319,0.199719,0.068827,-0.114248,-0.025058,0.245311,0.191113,-0.076246,-0.251407,-0.044726,1.0,0.200621,0.06997,0.262252,0.166494,0.120303,-0.045148,-0.078129,0.090689,0.087418,0.012537,0.125337,0.272482,-0.095503,0.046978,0.118345,-0.035938,0.163918,-0.161969,0.001396,-0.153658,-0.081469,-0.086092,0.069397,0.166596,0.154225,-0.032945,-0.197043,-0.247715,0.163746,0.123758,0.13636,-0.255468,0.231417,-0.153334,-0.0541,-0.071982,0.044967,-0.219093,-0.200143,-0.096967,0.030794,-0.027747,0.043437,0.243117,-0.154491,0.061368,0.041493,0.241106,0.103652,0.233057,0.184295,0.346011,0.032144,0.149075,-0.506542,-0.014724,-0.062148,0.144127,-0.086642,-0.118046,-0.100389,-0.36132,0.099727,-0.114816,-0.103677,-0.023936,-0.079451,0.187359,-0.113235,0.171689,0.160174,0.020465,0.119475,-0.111072,-0.136041,0.151354,-0.178005,0.142016,0.197235,-0.245712,-0.167978,-0.304337,-0.225284,-0.193151,-0.074652,0.157397,-0.244249,-0.065495,-0.070447,-0.388472,-0.317008,0.057993,0.266304,-0.062203,0.05309,-0.018778,0.138988,0.014616,-0.239322,-0.134522,0.162176,-0.2378,-0.122765,-0.038536,-0.138503,-0.245973,-0.066627,0.256371,0.095438,0.107441,0.091065,0.031687,0.059,-0.1462,0.006531,-0.277593,-0.070097,-0.068009,0.133891,-0.162978,0.14832,-0.054331,-0.072755,-0.061663,-0.143828,-0.202989,-0.177311,0.088251,0.011847,0.229795,-0.031212,-0.1843,-0.097544,-0.136573,0.286008,-0.15791,-0.228817,-0.07446,0.284065,0.264315,-0.203034,-0.138264,-0.207094,0.034265,0.091599,0.04809,-0.189373,0.437716,0.040654,-0.047094,0.042674,0.085781,-0.180449,0.042241,-0.237417,-0.04594,0.08386,-0.162993,0.069418,0.01971,0.316881,-0.228104,-0.046047,0.095925,-0.170331,-0.140348,-0.007877,-0.166391,0.255428,0.14873,-0.251634,0.173644,0.098921,0.115776,-0.056049,0.067799,-0.068925,-0.009157,-0.046034,-0.129896,0.132201,0.167422,#
18,-0.050299,0.299667,0.042939,-0.016358,-0.018013,-0.305665,0.101496,-0.172633,0.202472,0.1894,-0.002507,-0.397372,-0.024647,0.063381,0.114453,0.07374,-0.073772,0.200621,1.0,-0.247308,0.268329,-0.249719,0.036694,0.056527,-0.032298,-0.018681,0.139753,0.144265,0.09954,0.313196,-0.109933,-0.010909,0.13406,0.081165,0.05568,0.078488,0.233395,-0.127528,-0.098067,0.069372,-0.080593,-0.187892,0.205863,0.049771,-0.009112,-0.118273,0.067558,-0.060887,0.151311,-0.032938,0.017341,0.013955,-0.063197,0.091747,0.123025,0.024357,-0.142334,-0.079675,-0.150491,-0.201092,-0.023122,0.107306,-0.073084,0.237653,0.012714,0.019278,-0.019774,0.071909,0.009455,-0.068399,-0.275032,-0.284295,0.012906,-0.13353,0.045381,0.170235,-0.264337,-0.04637,0.107566,-0.243063,-0.228473,-0.115851,-0.141446,0.188875,-0.261839,-0.107274,-0.122636,-0.096078,-0.091592,0.056911,0.06925,-0.227868,-0.195708,-0.186942,-0.307274,-0.203757,-0.085221,-0.199155,-0.151784,-0.125599,-0.200392,-0.026709,-0.171391,-0.218519,-0.1848,0.068629,-0.187432,-0.03912,-0.133249,-0.083356,0.103126,-0.011903,0.032123,-0.16647,-0.073372,-0.184406,-0.034295,-0.07949,0.111014,-0.18812,-0.233687,0.162806,-0.287432,-0.262976,-0.114729,-0.142244,-0.111865,0.057983,-0.199739,-0.353788,0.183058,-0.280921,-0.014083,0.171036,-0.096411,-0.128257,0.012648,-0.024554,-0.099895,-0.057308,-0.235005,0.037831,-0.250012,-0.068282,-0.020274,-0.103641,-0.127879,0.293632,-0.102684,-0.165892,-0.272684,-0.065397,0.134246,-0.035859,-0.173939,-0.169553,-0.039855,0.215214,-0.147269,0.07062,-0.081866,0.080357,0.095775,0.02969,-0.134266,-0.000788,-0.062559,0.10161,-0.065352,-0.006196,-0.049932,-0.031584,0.057024,-0.025506,0.160813,0.1522,0.055052,0.219751,0.123763,-0.234424,0.008904,0.108484,0.065808,-0.037231,0.077661,-0.012762,-0.048485,0.037884,-0.065168,0.241861,-0.121608,0.074239,0.223384,0.283123,0.078588,-0.063331,0.167547,-0.11747,-0.238348,-0.133738,#
19,-0.151334,-0.172097,0.125556,0.192838,0.001393,0.12756,-0.006774,0.071758,-0.052148,-0.108274,-0.24367,0.013916,0.157731,0.043322,-0.044155,-0.124453,-0.350221,0.06997,-0.247308,1.0,0.169106,0.132246,0.020366,-0.081662,0.182488,-0.106915,0.029219,-0.116947,-0.096821,-0.154648,0.018632,0.190572,0.071756,0.053274,-0.118512,-0.392435,0.026257,0.112988,-0.011681,-0.0773,0.261833,0.445181,-0.055892,-0.158046,-0.045359,0.071331,0.329508,0.396573,0.233357,-0.022935,0.065078,0.069399,0.165206,0.070232,-0.110621,0.243212,0.313774,-0.261088,0.159878,0.093349,-0.089619,-0.121816,0.107415,0.087076,-0.021306,0.088803,0.111501,0.154481,-0.029955,0.016942,0.450186,0.092561,0.015014,0.289919,0.117911,-0.262838,0.481668,0.191628,0.223591,0.15097,0.438787,0.225278,0.230176,-0.08978,0.220841,0.135677,0.208977,0.375466,0.286885,0.14004,0.166229,0.252545,0.213346,0.292653,0.157313,0.317251,0.353547,0.164633,0.082737,0.10478,-0.03435,0.349656,0.186884,0.323588,0.298275,0.35427,0.229642,-0.300643,0.250579,-0.029216,0.307393,-0.260308,0.172338,0.275972,0.251264,0.116542,0.042802,0.377286,0.05747,-0.026314,0.357312,0.010918,0.443181,0.022561,0.209714,0.294787,0.019369,0.009394,0.111322,0.410156,0.053623,0.232978,0.119019,-0.153298,0.295053,0.082804,0.105366,0.2057,0.100179,0.186513,0.413725,-0.113862,0.039591,0.02236,0.05763,0.181224,0.078481,-0.219286,0.359989,-0.182964,0.124113,0.090838,0.314331,0.307155,0.151465,0.433643,0.075654,-0.104153,0.398003,0.025904,-0.085053,-0.037105,-0.126104,0.239684,0.204235,-0.116103,0.305765,-0.027328,-0.159367,0.224923,-0.346258,-0.02707,0.303832,0.253397,-0.10728,0.203866,0.344572,-0.308341,-0.155392,0.009101,-0.118746,-0.081677,-0.085248,-0.148504,-0.357622,-0.03368,0.079944,0.071394,-0.229752,-0.349977,0.34129,-0.301322,-0.246462,-0.377143,0.057222,-0.359499,-0.332875,0.383497,0.244515,0.178421,#
20,-0.135719,-0.021037,-0.029818,0.199932,-0.065925,-0.218439,-0.107355,0.041931,0.121269,0.001036,-0.038608,-0.208184,0.047626,-0.134177,-0.084084,-0.172093,-0.073226,0.262252,0.268329,0.169106,1.0,-0.249356,-0.274851,0.094242,0.206972,0.135118,-0.115468,0.110075,0.027695,0.063271,0.275199,-0.062581,0.140432,0.13269,0.062186,-0.305159,0.100174,-0.09381,0.070185,-0.032691,0.006432,-0.074519,0.01764,-0.189676,-0.057332,0.154231,0.207919,0.064984,0.169382,-0.083006,0.033501,-0.004165,-0.12023,0.273258,0.047075,0.186436,0.01105,-0.00475,-0.024608,0.005772,0.040414,0.089511,-0.06,-0.101422,-0.164866,0.014174,-0.082855,0.124529,-0.103423,-0.170627,-0.061128,0.089323,0.02883,0.29142,0.258939,-0.138094,0.183227,0.202569,0.058782,-0.037055,0.102281,0.221043,0.209999,-0.044454,-0.060458,-0.018957,0.122547,0.230705,0.317806,0.293361,-0.051678,0.012311,0.060212,0.13826,-0.062513,0.120382,0.249713,-0.015888,0.157418,0.069468,-0.026909,0.064525,-0.069709,0.055712,0.082867,0.175929,-0.031039,0.114323,0.078198,-0.041398,0.097247,-0.228384,0.133635,0.09206,0.188161,0.249468,0.082916,0.22918,0.265235,0.144504,0.181036,0.346477,0.177123,0.153384,0.271374,0.105868,-0.193456,-0.187351,0.080574,0.097197,0.195883,-0.020814,0.317129,-0.095236,0.165491,0.096542,0.033512,0.10308,0.112253,0.388411,-0.003921,0.109633,0.124558,-0.073966,0.264587,0.035703,0.261468,-0.097176,0.13628,-0.024289,-0.048281,0.224162,0.330208,0.261291,-0.042597,0.204185,0.105169,0.01393,0.234781,0.036782,-0.21463,0.063123,-0.065674,-0.048324,0.119481,0.103549,0.052738,-0.193526,-0.070109,0.227923,-0.215195,0.135145,0.26185,-0.009537,-0.165677,0.132514,0.127223,0.040699,-0.088244,0.066987,-0.139713,0.186802,0.006424,-0.128688,0.01523,0.106677,0.016172,0.345213,0.004397,-0.104311,0.100282,-0.06024,-0.190219,-0.230763,-0.268869,-0.095105,-0.158127,0.160335,0.17313,0.123994,#
