0,1.0,0.101357,-0.171859,-0.094205,0.251837,0.237045,0.064786,0.012773,-0.22516,0.080704,0.069202,0.124211,0.397333,0.288119,0.009726,0.069397,-0.074602,-0.21481,0.02092,-0.192664,0.217302,0.214192,0.193624,-0.199912,-0.03441,-0.224195,0.027131,-0.221814,0.317445,0.158142,0.178091,-0.037581,0.068943,-0.295259,-0.026332,0.17722,0.165976,-0.055056,-0.021489,-0.20324,0.099973,0.150454,-0.14062,0.019871,-0.115059,-0.095849,0.01055,0.055115,-0.214764,0.057552,0.082594,-0.229356,0.06363,0.075522,0.267025,0.017631,-0.215094,0.048073,-0.021462,0.22152,0.444779,0.164835,-0.121813,0.0428,0.005457,0.148192,-0.148817,0.425481,0.038376,-0.307123,0.079735,0.012811,-0.362352,-0.05764,-0.473475,0.378904,-0.137959,-0.205851,-0.482536,-0.111913,-0.179529,-0.43244,0.0068,0.087958,-0.157474,-0.252951,-0.071268,0.020118,-0.134155,-0.366065,-0.213989,-0.331277,-0.151649,-0.133764,0.02664,-0.193905,-0.246746,-0.217278,-0.154546,0.093848,0.162815,-0.079563,-0.260449,-0.169697,-0.053039,-0.283812,-0.042962,0.046407,-0.342618,0.038842,0.076891,0.241994,-0.340337,-0.251005,0.030434,0.081801,-0.325274,-0.280748,-0.050248,-0.075996,-0.324917,0.038176,0.133452,-0.304011,-0.071139,0.008862,-0.230604,0.068716,-0.058452,0.074515,-0.239319,-0.304137,-0.213336,-0.06494,-0.478192,-0.054245,-0.12086,-0.216413,0.272258,-0.338926,-0.180822,0.035057,-0.117028,0.07732,-0.080216,-0.109759,-0.134775,0.143798,-0.329011,-0.407216,0.002321,-0.309672,-0.157804,-0.278254,0.121468,-0.157091,0.209846,0.202955,-0.216735,-0.337806,-0.041352,-0.440426,-0.035064,-0.247256,-0.038032,0.007324,-0.276268,-0.032458,-0.184007,-0.30086,0.063731,0.145416,-0.258408,-0.013076,-0.008114,-0.234236,-0.097636,0.172804,0.216469,-0.04069,0.120587,-0.224311,-0.014287,0.364909,0.363468,-0.05994,0.250058,-0.193962,-0.067408,0.20334,0.032824,0.141586,0.326284,-0.018285,-0.185516,0.096,0.093305,-0.301789,0.031723,0.132579,#
1,0.101357,1.0,0.248255,-0.195576,-0.020832,0.131703,0.27379,0.172916,0.113909,0.281281,-0.193186,-0.089768,0.295186,0.333076,0.369734,-0.007826,-0.03815,0.349784,0.207992,0.091861,-0.067772,0.187811,0.43235,0.015656,0.035139,-0.173825,0.093661,-0.124618,-0.120318,0.150958,-0.15885,0.194131,0.248532,-0.126256,-0.197518,0.199271,0.286506,-0.139041,0.003572,-0.099755,0.05851,0.269785,-0.03461,0.116944,0.433152,-0.383965,0.234358,-0.049921,0.126113,0.303588,0.076816,-0.155711,0.091655,-0.221582,-0.069148,-0.176428,-0.091315,-0.525999,-0.187855,-0.111238,0.258276,0.062837,-0.338986,-0.117225,0.283283,0.199994,-0.011058,0.111035,0.279983,-0.067454,0.213207,0.116571,0.031522,-0.260428,-0.205457,0.17722,-0.232066,-0.489718,-0.066337,-0.083941,0.103854,-0.306966,-0.164185,0.111109,-0.299362,-0.151964,-0.163569,-0.138781,-0.010323,-0.319308,-0.066721,-0.106756,-0.336321,-0.028122,-0.15859,-0.057017,0.142538,-0.007639,0.188568,-0.04061,-0.1284,0.038319,-0.129662,-0.179713,-0.214621,-0.099281,-0.323328,-0.149404,-0.510592,-0.16691,0.234652,0.369499,-0.191167,-0.032445,0.032813,-0.059975,-0.190936,-0.319087,0.231351,-0.457523,-0.274619,-0.342994,-0.360013,-0.234311,-0.308371,-0.128281,0.172348,0.33681,-0.213951,0.016415,-0.035664,0.025647,-0.27489,-0.188186,-0.210528,-0.201627,0.114491,-0.101584,-0.013195,-0.268192,-0.154948,-0.165301,-0.395632,-0.205221,-0.129013,-0.020605,-0.287788,0.352774,-0.080329,-0.232453,-0.273404,-0.329353,0.137704,-0.22897,-0.153861,-0.276129,0.292643,0.280683,-0.181926,-0.168191,0.019119,0.027583,0.077452,0.160143,0.03502,0.364838,-0.029269,0.083213,-0.319026,-0.214749,-0.088214,0.001371,-0.156159,-0.141979,0.162399,-0.100629,-0.014744,0.293499,0.460613,-0.521959,0.337554,-0.031875,-0.32002,0.113569,0.14927,-0.101941,0.325853,-0.196767,-0.344881,0.245149,0.151006,0.110801,0.171021,0.356682,-0.091949,-0.02493,0.080676,-0.060989,0.397881,0.028555,#
2,-0.171859,0.248255,1.0,0.243605,-0.275553,-0.172566,0.118466,-0.03666,0.239523,0.009591,-0.160903,-0.241553,-0.114675,0.032091,-0.020639,-0.176412,-0.318321,0.379498,-0.170606,0.205754,-0.067002,0.253462,0.123024,0.027973,0.343386,-0.085494,0.367709,0.121455,-0.042268,-0.008207,0.090475,0.068804,-0.110336,0.065879,0.091541,0.0369,0.224992,-0.026604,0.11405,-0.202212,0.116957,0.196213,0.11705,0.023394,0.073438,-0.225684,0.04899,0.364964,0.108988,-0.147849,-0.11206,-0.026128,0.2244,-0.022984,-0.283462,-0.103069,-0.036371,-0.280389,-0.121769,0.196337,-0.093841,-0.241497,0.024132,-0.148723,-0.024871,-0.085759,0.219099,0.099365,0.02435,0.444885,0.348753,0.302409,0.152433,0.014387,0.170857,-0.228073,0.036897,-0.255705,0.107281,-0.0459,0.279147,0.040782,-0.012805,0.234675,-0.104735,0.213194,-0.083343,0.014353,0.129397,0.012067,0.176991,0.069776,0.094661,0.226837,0.00558,0.05273,0.327246,0.180458,0.05177,0.034591,-0.107188,0.129364,0.136444,0.063796,0.046408,0.202893,0.015968,0.115899,-0.336635,0.031737,0.446417,-0.01811,0.079892,0.13034,0.403529,0.00484,-0.010778,-0.238641,0.09834,-0.027683,0.154786,-0.000363,-0.088326,0.116388,0.117369,0.024031,0.173092,0.236861,-0.091035,0.206855,0.507209,0.008063,0.151209,0.15182,0.142291,0.083843,-0.173188,0.312553,0.37851,0.084527,-0.008995,-0.000581,0.061145,-0.196574,-0.041777,0.172917,-0.149424,0.079339,0.366691,0.209157,0.021788,-0.068449,0.266888,-0.087708,0.013853,0.154002,0.02576,0.112473,0.194558,0.160532,0.436106,0.211126,0.03755,0.231343,0.102143,-0.18359,-0.047438,0.00471,0.067205,0.230978,-0.196618,-0.097233,-0.154448,0.029955,-0.228177,0.169318,0.093502,0.150314,0.081893,-0.221747,0.186053,-0.037998,-0.372448,-0.012785,-0.184077,0.239969,0.088187,0.196966,-0.151941,0.090971,0.227687,-0.056178,-0.095972,0.347908,-0.199785,0.176883,-0.200105,0.200409,0.290888,-0.068944,#
3,-0.094205,-0.195576,0.243605,1.0,0.002275,-0.248585,-0.317938,-0.359133,-0.124462,-0.271553,0.074194,-0.091588,-0.340524,-0.366481,-0.199547,-0.207839,-0.003361,0.048262,-0.18512,0.252264,-0.000388,0.050603,-0.208652,0.073412,0.116962,0.169616,0.132227,0.264415,-0.053224,-0.276271,0.197071,0.085956,-0.086932,0.020478,0.242178,-0.211025,-0.186605,-0.034006,-0.219248,0.028044,0.018823,-0.047992,-0.021838,0.196883,-0.084922,0.44617,-0.11146,0.156499,0.050347,-0.137103,-0.01857,0.341414,0.130187,0.116184,-0.223273,-0.075974,0.365921,0.118957,0.179708,0.225872,-0.303465,-0.239627,0.123118,-0.211327,0.02586,-0.344898,0.169198,0.051242,-0.088654,0.00189,0.005938,0.081555,0.222122,0.11623,-0.035876,-0.211895,0.141372,0.10863,0.039042,-0.049989,0.253301,0.483329,0.255783,0.049113,0.295944,0.193381,0.35194,0.105931,0.027644,-0.126507,0.113455,0.19667,0.346879,-0.118494,0.294411,0.1859,0.311783,0.051848,-0.170133,0.307355,-0.012536,0.274376,0.489542,0.161066,0.301485,0.255466,0.191599,0.06022,0.10335,0.16979,-0.110484,-0.220251,0.161672,0.163403,0.164799,0.020155,0.173397,0.05352,-0.169515,0.274287,0.1562,0.304231,0.460807,0.236309,0.190264,0.168347,-0.046706,-0.073017,0.299936,0.357376,0.181945,0.061055,0.307043,0.12465,0.375737,0.226834,-0.052758,0.246157,0.12694,0.428619,0.179884,-0.006625,0.148283,0.230541,0.376837,0.200905,0.122864,-0.308401,0.337023,0.158045,0.146426,0.147249,0.070129,0.367634,0.042949,0.351198,-0.279645,-0.209501,0.158873,0.27723,-0.144659,0.105212,-0.056073,0.015728,-0.186945,-0.262681,0.22139,0.093743,0.210103,0.211299,-0.140242,-0.064221,0.279172,0.244504,-0.46031,0.377012,0.088429,0.025171,-0.454965,0.324449,-0.317526,-0.09015,0.111515,-0.014556,-0.190599,0.124435,-0.033084,0.156117,0.442545,-0.336905,0.204045,-0.113822,-0.092871,-0.232918,-0.090585,-0.001128,-0.272622,0.149388,0.10458,-0.319404,#
4,0.251837,-0.020832,-0.275553,0.002275,1.0,-0.037539,-0.146916,0.020988,-0.26893,-0.1813,0.085737,-0.069835,0.054422,-0.020891,0.056399,-0.122273,0.067527,-0.207592,0.110786,-0.139919,-0.19235,-0.189806,0.069989,-0.100941,0.032919,-0.010198,-0.328929,0.047438,-0.03077,0.036354,-0.165065,-0.279602,-0.170972,-0.143133,-0.082594,0.034096,-0.191576,-0.156291,0.077677,0.244321,0.016847,-0.318798,-0.188907,0.044157,-0.004768,0.191154,-0.139929,0.091794,-0.094481,0.105716,0.248284,-0.115122,-0.027128,0.046341,0.291124,0.034427,-0.049363,0.220522,0.040599,-0.15617,-0.06724,0.000346,-0.100117,0.096269,-0.120945,0.206143,0.275317,-0.139908,0.043478,-0.125377,-0.132991,-0.134707,-0.075277,0.209151,-0.104551,0.284612,-0.099906,-0.301738,-0.269992,-0.126512,-0.256646,-0.181083,0.01377,0.149754,-0.039467,-0.212331,0.107095,0.044616,-0.127152,-0.221754,0.105346,-0.146142,0.169303,-0.296792,-0.049008,-0.059821,0.057809,-0.18096,-0.054643,0.203071,0.207057,-0.080737,-0.007482,-0.261944,-0.213569,0.075129,0.07993,-0.049575,-0.083221,-0.15393,-0.090022,0.003901,0.06687,-0.085747,-0.173293,0.055621,-0.114577,0.227021,-0.117749,0.083215,-0.261357,0.034093,0.363403,0.031262,0.240061,-0.078645,0.03018,-0.086924,0.045423,0.007625,-0.149405,-0.13239,-0.118083,-0.145289,-0.234705,0.060916,-0.050587,-0.131905,-0.118081,0.095703,0.004008,-0.218857,-0.034746,0.134086,-0.041903,-0.234041,-0.213472,0.022753,-0.084878,-0.218726,-0.115278,-0.035099,-0.410345,-0.059133,-0.140655,-0.18403,-0.042636,0.042088,-0.044041,0.065259,-0.249155,-0.262494,-0.180637,-0.015403,0.041375,-0.096615,-0.061071,0.059622,-0.156749,-0.043678,0.000781,-0.007398,0.093108,-0.035598,0.133732,-0.000621,0.011808,0.231786,0.02005,0.037121,-0.0832,0.009091,0.224362,0.159051,0.133227,-0.176055,-0.042862,-0.363102,0.049268,-0.108588,-0.253032,0.039663,0.252148,-0.068596,-0.021416,0.011416,0.089216,-0.017424,-0.291873,0.022377,#
5,0.237045,0.131703,-0.172566,-0.248585,-0.037539,1.0,0.303566,0.216839,-0.140495,0.059175,0.249991,0.237605,0.139631,0.191386,0.143015,0.180101,0.178821,-0.036136,0.076102,-0.055139,0.033325,0.2582,0.256603,0.15109,-0.188864,-0.205487,0.110371,-0.221991,0.102844,-0.136619,-0.160777,0.077606,0.041502,-0.137009,-0.113424,-0.008032,0.12234,0.16552,-0.026395,-0.08876,-0.075713,0.294136,-0.03214,0.09759,0.211071,-0.202069,-0.004418,0.051927,0.1019,0.004542,-0.018915,-0.07046,0.071425,-0.012194,0.157023,0.106155,-0.109403,-0.154908,-0.118498,-0.200042,0.286815,-0.091972,-0.248985,0.230318,0.060011,0.310788,-0.168515,0.232148,0.205771,-0.016016,-0.150209,0.275046,-0.052103,0.056857,-0.206887,0.1615,-0.43745,-0.045766,-0.240376,-0.05865,0.127447,-0.346767,-0.109114,-0.149338,-0.116571,-0.160435,-0.02178,-0.134415,-0.155527,-0.399902,-0.114713,-0.228437,-0.211998,-0.089808,-0.150973,-0.218404,-0.246076,-0.298941,-0.007909,-0.200593,0.039668,-0.085335,-0.271104,-0.319727,-0.193071,-0.275451,-0.150939,-0.099985,-0.180851,-0.176023,0.045113,0.081196,-0.277211,-0.257365,-0.101421,-0.196406,-0.597223,-0.032923,0.171985,-0.238113,-0.241868,-0.404823,0.021505,-0.554379,-0.196526,-0.023356,-0.214916,-0.006748,-0.151718,0.004063,-0.251801,-0.035882,-0.174761,-0.033226,-0.298548,-0.018672,0.168344,-0.337717,-0.01336,-0.500139,-0.285938,-0.079053,-0.335789,0.043087,-0.018353,-0.160966,-0.041327,0.047963,-0.220593,-0.031138,-0.024135,0.007306,-0.172743,0.051643,-0.044378,-0.421685,0.019014,0.211498,-0.330681,-0.080418,0.143345,-0.174802,-0.134628,0.189371,-0.10155,0.240777,0.066335,0.030641,0.067166,-0.0509,0.200993,-0.227768,-0.204391,-0.038443,0.256895,-0.316174,-0.027034,0.062518,0.206652,-0.146161,0.134389,0.134467,-0.059745,0.128337,0.301359,0.121305,-0.04156,-0.012602,-0.130262,0.090001,-0.022934,-0.045585,0.307533,-0.1345,-0.142999,0.020666,0.299872,-0.177384,-0.14769,0.02282,#
6,0.064786,0.27379,0.118466,-0.317938,-0.146916,0.303566,1.0,0.449741,0.289513,0.427002,0.112573,0.025823,0.26436,0.097773,0.124274,0.123339,-0.024209,-0.083622,0.174922,-0.211287,-0.214756,0.252854,0.2047,0.074468,0.044418,-0.064269,0.205688,-0.065649,0.351253,0.056122,-0.311525,-0.135363,0.038966,-0.116774,0.027629,0.118766,-0.033099,-0.019961,0.210536,-0.179184,-0.097716,0.210327,-0.031117,-0.335816,-0.033039,-0.262084,-0.032768,-0.131656,0.106286,0.268902,-0.073983,-0.14891,-0.050541,-0.101764,0.209693,0.117081,-0.069104,-0.321203,-0.312006,0.136667,0.248084,-0.010329,-0.160739,0.311041,0.071158,0.322155,0.177512,0.108808,0.322276,-0.097392,0.286405,0.11193,-0.203207,-0.348098,0.011162,0.303767,-0.115433,-0.263167,-0.005158,-0.030675,-0.195276,-0.258717,-0.38113,-0.128037,-0.166896,0.161519,-0.116338,-0.06633,0.011262,-0.273692,-0.125635,-0.227172,-0.306202,-0.003739,-0.005067,-0.26098,-0.030995,-0.094837,0.116635,-0.411903,-0.067507,-0.039132,-0.156728,-0.232872,-0.217211,-0.127904,-0.349643,-0.025375,-0.380577,-0.130364,-0.154396,0.161502,-0.282871,-0.336536,-0.060263,-0.152152,-0.088542,0.00677,-0.041738,-0.125089,-0.052176,-0.237008,-0.115317,-0.486981,-0.250388,-0.12016,0.141011,0.392959,-0.232537,-0.234123,-0.254465,-0.443789,-0.469005,0.054851,-0.051453,-0.060804,0.03452,-0.174218,-0.16025,-0.410143,-0.028504,0.033029,-0.299303,-0.135836,-0.146401,-0.229098,-0.161326,0.513616,-0.091244,-0.149138,-0.055449,-0.043064,0.052767,-0.266987,-0.067692,-0.411777,0.026408,0.166237,-0.184974,-0.145339,-0.063515,-0.023329,-0.071225,0.08504,0.124553,0.121759,0.006717,0.014272,-0.218667,0.281395,0.353454,-0.086622,-0.129027,-0.041713,0.3913,-0.196667,0.219779,0.051971,0.309627,-0.384697,0.451386,0.195127,0.012013,0.045879,0.345525,-0.05337,0.006698,0.079422,-0.130744,0.285789,-0.004507,0.160659,0.119963,0.201873,-0.152072,0.146954,0.033103,-0.176965,-0.148175,-0.014486,#
7,0.012773,0.172916,-0.03666,-0.359133,0.020988,0.216839,0.449741,1.0,0.065237,0.353674,-0.049836,-0.142418,0.492751,0.367725,-0.000442,0.207746,-0.141484,0.018307,0.202996,0.056999,0.083206,0.250354,0.032755,0.270842,0.113787,0.00975,-0.01317,-0.401727,0.056732,0.0848,-0.088432,-0.137291,0.336511,0.191796,-0.339268,0.022985,0.085775,0.083132,0.19855,-0.270094,0.001528,0.240571,-0.047964,-0.006757,-0.323627,-0.428143,0.209959,-0.25086,0.124741,-0.130062,-0.225003,0.034078,0.144969,-0.07758,0.16232,0.202712,-0.152875,-0.254286,-0.23549,0.078186,0.379321,0.026688,-0.274166,0.129354,0.02692,0.311761,0.133638,0.201262,0.244215,-0.04375,0.274876,0.063429,-0.390209,-0.141434,0.018614,0.027284,0.059608,0.013303,0.246126,0.06706,0.009738,-0.109125,-0.07258,-0.020465,-0.23389,0.061863,0.038079,0.218615,0.141865,-0.079264,-0.172105,-0.169033,-0.260547,0.152206,-0.166059,0.073421,0.112121,0.111191,0.28206,-0.325054,0.03554,0.04671,-0.028646,-0.095068,0.139686,0.116022,-0.180323,-0.091429,-0.125252,-0.483477,0.01196,0.210956,-0.009689,-0.128273,0.168304,0.023015,0.021794,0.035982,0.113907,-0.163403,-0.09595,-0.512944,-0.086036,-0.221452,-0.218999,0.149302,0.178779,0.082772,-0.225752,0.047138,-0.187122,0.009546,-0.179234,-0.003078,-0.204406,0.018488,0.293169,-0.204641,-0.081694,-0.254115,0.116877,0.035191,-0.19349,-0.02498,-0.114372,-0.177046,-0.002072,0.271086,0.028373,-0.268399,-0.0458,0.034677,-0.05195,-0.160266,-0.063073,-0.205559,0.293637,0.021985,-0.005007,-0.053767,0.03084,0.224573,-0.206346,0.069175,0.238812,0.005087,0.186316,-0.154839,-0.307471,0.263429,-0.019532,-0.199277,-0.15188,0.049888,0.370905,-0.112232,0.365385,-0.215522,0.264369,-0.198841,0.283343,0.262439,0.038395,-0.170595,0.169254,0.248205,0.048867,-0.122403,-0.22779,0.303957,-0.031669,-0.196927,0.079429,-0.194686,-0.111358,-0.104452,0.081852,-0.076499,-0.03521,-0.010665,#
8,-0.22516,0.113909,0.239523,-0.124462,-0.26893,-0.140495,0.289513,0.065237,1.0,0.192536,-0.084078,-0.071292,0.10522,0.116641,0.052524,-0.199817,-0.043635,0.283839,0.026449,-0.248974,-0.168703,0.206532,0.163496,0.183214,0.233362,0.2951,0.291689,0.203836,0.023923,0.134228,0.006788,-0.084838,0.027326,-0.055895,0.203222,0.173102,0.128011,-0.179493,0.260316,-0.16895,0.137426,-0.149693,0.040632,-0.006843,0.205689,-0.185665,-0.114396,-0.052129,0.094303,0.163462,-0.008796,-0.205043,-0.121647,0.034854,-0.118485,0.350461,-0.006334,-0.242909,-0.058116,0.195814,-0.042914,-0.037805,0.03643,0.123583,0.07172,0.063662,0.112037,0.073768,0.113981,0.1912,0.230842,0.131065,0.034424,-0.139673,0.107881,0.003205,-0.004892,-0.085407,0.11974,-0.252467,-0.020811,0.065391,-0.244326,-0.144564,-0.058509,0.197644,-0.032768,0.012112,0.051073,-0.013569,0.071888,0.107775,-0.318051,0.264017,0.00224,-0.022523,0.081453,0.004071,-0.155559,-0.307239,0.05333,0.296287,0.04516,0.192573,-0.08272,-0.247637,-0.006688,0.057004,-0.071828,0.004675,0.027363,-0.026089,0.035017,-0.327133,0.145216,0.004499,0.147127,-0.150043,0.144143,0.009221,0.114273,-0.12905,-0.158489,-0.104826,-0.007953,-0.029493,0.151696,0.054704,-0.151106,-0.236827,-0.035023,-0.014472,-0.238091,0.002621,0.096664,0.061026,0.028587,-0.021167,-0.181007,-0.128185,-0.054489,0.026905,-0.023507,-0.269336,-0.323147,-0.327904,-0.155317,0.27644,0.135633,-0.024538,0.109362,-0.071376,0.195956,-0.255774,0.098184,-0.14597,0.20079,0.156363,-0.018656,0.062547,-0.002357,0.202655,0.133508,-0.141467,0.107776,0.041968,-0.064677,0.006139,-0.174155,0.159246,-0.061377,0.084584,0.032385,0.146302,0.204495,0.112095,-0.069439,0.092891,0.30153,-0.377704,0.240648,0.169241,-0.182515,-0.079531,-0.06963,0.035969,-0.132278,0.073894,-0.218116,0.087267,-0.08416,-0.025329,0.059007,0.195572,-0.12374,0.421153,0.141466,-0.027358,-0.008976,0.011207,#
9,0.080704,0.281281,0.009591,-0.271553,-0.1813,0.059175,0.427002,0.353674,0.192536,1.0,-0.244614,0.156218,0.408763,0.501954,0.263869,0.319207,-0.232656,0.215347,0.195201,-0.007613,-0.105909,0.362745,0.251086,0.134052,0.137991,-0.075505,0.147617,-0.085879,0.127799,0.354926,0.004259,0.142559,0.269129,-0.215986,-0.228186,0.138842,0.036473,-0.102733,0.221455,-0.338573,0.119558,0.167309,-0.03102,-0.146128,-0.069096,-0.478691,0.202338,0.046344,-0.056469,0.369688,-0.15769,-0.027063,0.077772,-0.140664,0.193027,0.000929,-0.079171,-0.379091,-0.122608,0.0331,0.393672,0.111172,-0.364181,-0.014444,0.171865,0.209496,-0.043041,0.296047,-0.037082,-0.063418,0.095851,0.08047,-0.221196,-0.120335,-0.051598,0.190016,0.009429,-0.282625,0.03726,0.060184,-0.088535,-0.314037,-0.339593,0.021649,-0.2075,0.045123,-0.177806,0.047755,0.215156,-0.203248,-0.104566,-0.18448,-0.258703,0.306292,0.138882,-0.009127,-0.147038,0.017296,0.249773,-0.228247,-0.198055,0.084417,-0.180733,0.009384,0.042152,-0.085548,-0.494578,-0.066093,-0.282919,-0.346704,0.053999,0.322853,-0.079342,-0.181708,-0.136696,-0.247988,-0.163657,-0.052051,0.434351,-0.385411,-0.000225,-0.296438,-0.113369,-0.381567,-0.433799,0.108397,0.200638,0.167924,-0.130764,-0.289468,-0.19019,0.133687,-0.382782,-0.128411,-0.294424,-0.250419,-0.06353,-0.244718,0.086974,-0.351327,0.024449,-0.082186,-0.395192,-0.38784,-0.296167,0.02786,-0.104686,0.290129,-0.251286,-0.241027,-0.16936,-0.256921,0.096975,-0.349629,0.056663,-0.15592,0.287793,0.381019,-0.150053,-0.159412,0.093342,-0.104209,-0.153565,0.23461,0.381152,0.349899,-0.201984,-0.03208,-0.497586,0.123629,-0.012349,0.17035,-0.184616,0.015808,0.278523,-0.297797,-0.107015,-0.030303,0.527881,-0.416861,0.385428,-0.007481,-0.319392,-0.249824,0.268278,-0.033422,0.259098,0.044143,-0.393433,0.093724,0.016595,-0.052687,0.080493,0.38037,-0.113251,-0.09991,-0.092198,-0.076885,0.256345,0.322842,#
10,0.069202,-0.193186,-0.160903,0.074194,0.085737,0.249991,0.112573,-0.049836,-0.084078,-0.244614,1.0,-0.193299,-0.174162,-0.401822,-0.096893,-0.007042,0.06521,-0.35606,0.125774,-0.311142,-0.052401,-0.096442,-0.094365,0.11207,0.010979,0.03896,-0.253998,0.024397,0.061532,-0.320273,0.144144,-0.051013,-0.36026,-0.336587,0.390405,-0.161788,0.181826,0.140883,0.083934,0.227584,-0.049799,-0.160392,-0.075426,0.048486,0.160879,0.25435,-0.335716,-0.007338,0.086001,-0.106876,0.02672,0.229548,0.026204,0.175497,0.114888,0.031874,-0.242924,0.314364,-0.157152,-0.110278,-0.177449,-0.024236,-0.016081,0.091726,0.088662,-0.154143,0.076101,-0.147645,0.298187,-0.046188,0.036122,-0.153748,0.136552,0.075731,-0.097596,0.135634,-0.204054,0.093029,-0.167573,-0.219774,-0.001902,0.114936,-0.037322,-0.00412,-0.010957,-0.014336,0.235632,-0.096012,-0.127448,-0.070088,-0.145323,-0.084373,0.045186,-0.294643,-0.196869,-0.043478,-0.255964,-0.27627,-0.012987,-0.034788,-0.005001,-0.141669,0.090746,-0.284279,-0.030897,-0.219565,-0.064591,0.083618,-0.039535,0.288641,-0.102004,-0.005689,-0.161446,-0.124078,-0.049144,-0.107626,-0.086633,-0.029802,-0.118489,0.263963,-0.270786,0.104395,0.133213,-0.151564,-0.061263,0.040319,-0.042479,0.109851,-0.130851,-0.04407,-0.09753,-0.157013,-0.044128,0.079069,0.054375,0.179982,-0.192213,0.068175,-0.165189,-0.007996,-0.128503,0.311837,-0.078014,0.082715,0.212334,-0.071195,-0.218368,0.115797,0.09555,0.165744,-0.011361,0.261123,-0.099348,0.01899,-0.027045,-0.212584,-0.433015,-0.232451,-0.158412,0.161843,-0.126805,0.040655,0.014845,0.102527,-0.108957,-0.170939,0.141596,-0.005114,0.048713,0.016251,0.305921,-0.054334,0.217184,0.011586,0.016181,-0.024609,0.148495,0.100307,-0.327765,0.250887,-0.056881,0.126542,0.286182,0.278433,0.064284,0.004946,-0.247307,-0.173994,0.34934,0.04001,-0.231686,0.120758,0.293016,-0.376588,0.102724,0.150839,0.200948,-0.050778,-0.260468,-0.154894,#
11,0.124211,-0.089768,-0.241553,-0.091588,-0.069835,0.237605,0.025823,-0.142418,-0.071292,0.156218,-0.193299,1.0,0.060245,0.139426,-0.00124,-0.044583,0.078291,-0.064909,-0.042093,-0.108076,0.198154,-0.089804,-0.110687,-0.059824,0.045468,-0.077431,-0.079474,0.059236,-0.032874,-0.005718,-0.102144,-0.126491,-0.080855,-0.09771,-0.151854,0.144887,-0.234611,0.037775,-0.030493,0.00829,0.009674,0.136544,-0.152613,-0.275288,-0.019774,0.066188,-0.141366,0.027752,-0.148486,0.187305,0.006682,-0.132075,-0.033735,0.151503,-0.132918,-0.002303,-0.104212,-0.046897,-0.032877,0.081366,-0.022166,-0.028979,0.07467,-0.118801,0.07163,0.08295,-0.094642,-0.142679,-0.148834,-0.206958,-0.151985,-0.065265,0.014653,0.164181,-0.082153,-0.015992,-0.283509,0.027052,-0.153003,0.128733,-0.086563,-0.0429,-0.069158,-0.25666,0.08511,-0.312732,-0.151406,0.140152,-0.123896,0.118784,0.043883,-0.076598,-0.008152,-0.023736,0.041542,-0.039533,-0.230147,0.037919,-0.137132,-0.086321,0.28369,0.087346,-0.336126,-0.071276,-0.12031,0.131309,-0.043877,0.184116,0.244992,0.01479,-0.136673,0.051133,-0.161864,-0.17671,-0.098463,0.015656,-0.040769,0.203745,0.131073,-0.018854,0.159866,-0.195515,0.044593,0.029121,0.023082,-0.157496,-0.037674,-0.109852,0.150336,-0.092623,-0.16424,0.127747,-0.212024,0.191529,-0.041591,-0.130259,0.121377,-0.143106,-0.015122,0.002672,-0.067929,-0.042917,-0.048474,0.056361,-0.03644,0.066307,0.059387,-0.186795,-0.244762,0.028278,-0.065266,0.166882,-0.150166,0.202229,0.058403,0.085725,-0.010718,0.256756,-0.1926,-0.235826,-0.1617,-0.341976,0.113863,-0.053828,-0.037305,0.098147,-0.077876,0.040592,0.279047,0.035533,-0.043239,0.393772,0.076726,-0.176418,0.023695,-0.153847,-0.177917,0.046846,0.005838,0.089073,-0.115984,-0.015146,-0.108466,-0.099313,0.221669,0.032033,0.034069,0.297849,0.11882,0.061544,-0.0464,0.204975,0.021848,0.174702,-0.212419,-0.175125,0.268269,-0.287427,-0.027027,0.110931,#
12,0.397333,0.295186,-0.114675,-0.340524,0.054422,0.139631,0.26436,0.492751,0.10522,0.408763,-0.174162,0.060245,1.0,0.49626,0.092018,-0.045396,-0.053214,0.102402,0.077648,-0.01884,-0.04764,0.297492,0.345626,-0.025139,-0.162066,-0.275678,0.015099,-0.265709,0.006854,0.203829,0.086203,0.025788,0.237906,-0.058839,-0.306838,0.30268,0.166502,-0.072273,-0.072463,-0.352666,0.031984,0.198862,0.138659,-0.045531,-0.207336,-0.464442,0.231279,-0.041912,-0.003898,0.053814,-0.217958,0.020639,0.090126,0.038444,0.211188,0.253388,-0.191301,-0.260221,0.118978,0.144782,0.589351,0.136471,-0.194056,0.025725,0.066738,0.318934,-0.142231,0.321183,0.303934,-0.088221,0.345321,0.022823,-0.610508,-0.304698,-0.271415,0.338249,0.09095,-0.087938,0.046849,-0.215017,-0.075375,-0.267552,-0.177583,-0.170226,-0.284362,-0.066171,-0.033393,0.199125,-0.07072,-0.279181,-0.180109,-0.32663,-0.448168,0.260086,-0.11364,-0.067237,0.044205,-0.148283,0.051704,-0.364128,0.009804,-0.056235,-0.04191,0.06493,-0.066706,-0.159547,-0.313123,-0.219259,-0.218502,-0.360636,0.050066,0.255596,-0.202089,-0.237873,-0.039165,-0.195789,-0.061792,-0.304707,0.108881,-0.333348,-0.02097,-0.479673,-0.178774,-0.34115,-0.175589,0.025505,0.154658,0.391204,-0.052389,0.070469,-0.330536,0.090386,-0.357153,0.058025,-0.305337,-0.094733,0.028631,-0.48857,-0.054835,-0.241718,0.031489,-0.005188,-0.299,-0.191194,-0.018508,0.118531,-0.290712,0.290269,-0.145369,-0.565373,-0.067012,-0.331306,0.022558,-0.361548,-0.012083,-0.229879,0.3306,0.372502,-0.053295,-0.447716,0.028935,-0.128575,-0.050242,-0.015147,0.297671,0.342616,-0.178717,0.000276,-0.388495,0.096888,-0.10635,0.10741,-0.359024,0.015832,0.349639,-0.366191,0.018311,0.088653,0.463747,-0.41434,0.270912,0.158927,-0.036297,0.042784,0.202303,-0.118655,0.29981,-0.158163,-0.4164,0.405284,0.00421,0.053712,0.285432,0.041543,0.023436,-0.046682,0.088804,-0.098085,0.115587,0.244604,#
13,0.288119,0.333076,0.032091,-0.366481,-0.020891,0.191386,0.097773,0.367725,0.116641,0.501954,-0.401822,0.139426,0.49626,1.0,0.277592,0.162284,-0.252732,0.30793,0.223275,0.048567,0.117766,0.364224,0.466401,0.287283,0.039382,-0.078079,0.233597,-0.106158,0.104873,0.498569,0.051169,0.20715,0.350086,-0.108289,-0.267506,0.214501,0.233991,-0.288887,0.167001,-0.35221,0.036352,0.300418,0.120914,0.069153,-0.03882,-0.588007,0.34077,-0.08739,-0.088195,0.131385,-0.131629,-0.135689,0.088403,-0.071021,0.054565,0.101404,-0.151291,-0.301631,-0.049465,0.134714,0.433132,0.100479,-0.331217,0.103373,0.044343,0.354654,-0.143116,0.409789,-0.091315,-0.024081,-0.033048,0.326599,-0.422086,-0.049105,-0.286993,0.092116,-0.09394,-0.354375,-0.168978,-0.057882,0.014416,-0.41829,-0.244543,0.150335,-0.31824,-0.078317,-0.192551,0.029437,0.09858,-0.277369,0.076501,-0.294227,-0.38855,0.228541,0.037559,-0.084995,-0.156468,-0.104291,0.016148,-0.269431,0.040108,-0.124291,-0.20788,-0.166601,-0.042584,-0.064655,-0.179309,-0.116505,-0.210043,-0.332987,0.183906,0.313929,-0.186104,-0.101155,0.100226,-0.030215,-0.369641,-0.258287,0.361352,-0.432428,-0.221944,-0.420818,-0.092874,-0.310586,-0.345814,-0.020277,0.133264,0.04462,-0.177146,-0.155015,-0.107891,0.120309,-0.37309,-0.266143,-0.614481,-0.259165,0.253095,-0.225499,0.080301,-0.378569,-0.017316,-0.106238,-0.320007,-0.401933,-0.428252,-0.070516,-0.031009,0.177661,-0.417186,-0.378415,-0.184911,-0.289521,-0.003972,-0.256429,-0.026465,-0.140619,0.518999,0.359281,-0.044707,-0.246775,0.125516,-0.036094,-0.066055,-0.042879,0.174488,0.31967,-0.234971,0.030876,-0.266589,0.01106,-0.213908,0.067425,-0.383668,-0.203289,0.165511,-0.348093,-0.04896,0.018885,0.634279,-0.485531,0.385735,-0.066351,-0.352037,-0.089196,0.29852,0.09445,0.235772,-0.238345,-0.424825,0.278895,0.034736,0.000987,0.076346,0.209795,-0.237722,-0.18809,0.126803,-0.230303,0.292272,0.222177,#
14,0.009726,0.369734,-0.020639,-0.199547,0.056399,0.143015,0.124274,-0.000442,0.052524,0.263869,-0.096893,-0.00124,0.092018,0.277592,1.0,0.112354,-0.070707,0.279665,0.442268,-0.019844,-0.083115,0.111746,0.183847,0.051758,-0.048756,0.006473,-0.083737,0.188222,0.128768,0.172957,-0.195702,-0.028285,-0.161062,0.067599,-0.0603,0.142644,-0.082535,-0.165241,0.035112,-0.033833,-0.027693,0.183054,0.081713,0.147501,0.361706,-0.12736,0.109343,0.079453,0.16262,0.014533,0.109428,-0.115851,-0.08778,-0.118108,0.216909,-0.061002,-0.060277,-0.309426,-0.184819,-0.229193,0.102207,-0.02264,-0.17727,0.276924,0.112724,-0.021186,-0.128004,0.019107,-0.088417,-0.033775,0.072295,0.072233,0.058205,-0.287792,-0.142022,0.072294,0.007958,-0.198435,-0.127295,-0.120803,-0.021903,-0.47916,-0.339426,0.118649,-0.229362,0.037057,-0.117817,-0.060049,-0.192839,-0.128646,0.049249,-0.114984,-0.00568,0.2046,-0.1373,-0.169628,-0.244644,-0.161084,-0.140222,-0.085609,0.100897,-0.19141,-0.269316,-0.236325,-0.312823,-0.183269,-0.349901,-0.089746,-0.291384,-0.045991,0.029396,0.212089,-0.273782,-0.173407,-0.213908,-0.090418,-0.167125,-0.084013,0.148104,-0.258913,-0.167449,-0.144044,-0.321921,-0.147977,-0.270752,-0.439289,-0.0543,0.248385,-0.389069,-0.193749,0.120397,0.1269,-0.398861,-0.048419,-0.309443,-0.250296,0.164241,0.019158,-0.140958,-0.271909,-0.082691,-0.162095,-0.155052,-0.163056,-0.317123,-0.032689,-0.118896,0.18639,-0.358381,-0.059919,-0.404234,-0.428194,0.024347,-0.285025,-0.138309,-0.338788,0.059129,0.20229,-0.273251,-0.087566,0.056333,-0.104357,0.154346,0.084862,-0.173038,0.263136,-0.115792,0.171352,-0.12671,-0.064445,0.150415,0.120752,-0.201534,-0.020709,0.287739,-0.225493,-0.279684,0.13329,0.288079,-0.278967,0.384166,0.005263,-0.055832,0.148097,0.271255,-0.239341,0.181705,-0.086927,-0.138956,0.094925,-0.13626,0.108508,0.261391,0.223364,-0.005021,-0.017969,0.172733,-0.084473,0.031862,0.149835,#
15,0.069397,-0.007826,-0.176412,-0.207839,-0.122273,0.180101,0.123339,0.207746,-0.199817,0.319207,-0.007042,-0.044583,-0.045396,0.162284,0.112354,1.0,-0.024022,0.095579,0.094983,0.124384,0.048533,-0.113835,0.229577,-0.078573,-0.044128,0.089128,-0.094944,-0.092998,0.223389,0.119278,0.034684,-0.061628,0.128339,-0.13148,-0.01816,-0.086317,0.046368,0.113744,0.153502,0.040675,-0.044171,0.011065,-0.212698,0.019414,0.068294,-0.046179,0.086763,-0.056541,-0.165151,0.10973,0.261162,0.102943,0.035632,-0.043526,0.240954,-0.117816,-0.132343,-0.19564,-0.299767,-0.109236,0.114413,0.158357,-0.236396,0.077793,0.051413,0.051155,-0.253499,0.119161,-0.251778,0.044803,-0.170635,-0.072263,-0.06589,0.020424,-0.06328,0.101371,-0.083031,-0.083357,-0.020822,0.229584,0.05661,-0.178676,-0.006239,0.263667,0.034625,-0.196319,-0.236161,-0.208051,0.046418,-0.005421,0.097882,0.063318,-0.013182,0.147129,0.000145,0.139434,-0.166585,-0.234037,0.047399,-0.017572,-0.208389,-0.153157,-0.34648,-0.059963,-0.052737,-0.100823,-0.217552,0.130815,0.043484,0.009428,-0.121153,0.086277,0.016914,-0.156665,0.062898,-0.010697,-0.037101,-0.142767,0.128108,-0.195487,-0.163362,0.001564,-0.088283,-0.226666,-0.284147,0.073499,-0.097414,-0.101503,-0.302492,-0.270219,-0.04515,0.102717,-0.101722,-0.104983,-0.159098,-0.249462,-0.019557,-0.048254,-0.105793,-0.303056,0.099146,0.110761,0.017417,0.05707,-0.060702,-0.024264,0.213406,0.079804,-0.132588,-0.231316,-0.081925,0.032315,-0.024204,0.009473,0.09866,-0.056492,0.047845,0.140689,-0.257151,0.116467,0.168608,-0.070097,-0.085321,-0.062013,-0.169312,-0.047237,-0.015204,-0.091065,-0.021045,-0.187029,0.115497,-0.129947,-0.064616,-0.236944,-0.055737,-0.067859,-0.024833,-0.093429,0.073755,-0.111932,0.216723,-0.123399,-0.119183,-0.039114,0.202697,-0.103623,0.1984,0.069883,-0.136301,-0.055519,-0.011338,-0.092171,0.031786,0.093704,-0.152495,-0.264356,0.038314,-0.197504,0.073468,0.123976,#
16,-0.074602,-0.03815,-0.318321,-0.003361,0.067527,0.178821,-0.024209,-0.141484,-0.043635,-0.232656,0.06521,0.078291,-0.053214,-0.252732,-0.070707,-0.024022,1.0,-0.11176,0.118794,-0.103572,0.049615,-0.334166,-0.03409,-0.346756,-0.248983,-0.193181,-0.27479,-0.056773,-0.002911,-0.184198,-0.138107,0.086803,0.151945,0.116457,0.1148,0.114729,0.059536,-0.138499,-0.29693,0.199704,0.009198,-0.192707,0.044464,0.14422,0.049222,0.140652,-0.230588,-0.011467,0.129197,0.209291,0.031777,-0.014513,0.153961,-0.057491,0.045654,0.016652,0.092152,0.052447,0.172793,-0.119301,-0.125199,0.268104,0.327016,-0.166607,-0.145383,-0.006914,-0.167715,-0.050037,0.021516,-0.14533,-0.251949,-0.136475,0.081222,-0.116774,-0.059831,0.042413,-0.139957,0.028072,-0.038683,0.051058,-0.062269,0.090248,0.050012,-0.365407,0.016117,-0.125828,-0.115093,-0.077515,-0.042026,-0.229755,-0.075231,0.154421,-0.035715,-0.182465,-0.088407,-0.159493,-0.125834,-0.14405,-0.262627,0.081463,0.06056,0.038894,-0.074415,-0.024973,-0.010221,-0.018531,0.038098,-0.149563,0.025226,0.068383,-0.154863,-0.079943,0.027841,-0.020172,-0.103185,-0.085498,-0.032412,0.09178,-0.215612,0.013958,-0.09477,-0.038176,-0.037299,-0.172297,0.105639,-0.202244,-0.390133,-0.254349,0.035479,-0.051577,-0.177585,-0.134799,-0.016111,0.168041,0.139009,-0.024739,0.06914,-0.308563,-0.084421,0.051216,-0.305201,0.076122,-0.087816,0.270356,0.057842,-0.076119,-0.157165,-0.018772,-0.078218,-0.003699,-0.08708,0.135063,0.015523,0.04011,-0.184785,-0.26186,-0.239935,0.15109,-0.213052,0.240196,-0.106266,-0.052478,0.172607,-0.117156,-0.128311,0.171647,0.217171,-0.02577,0.121651,-0.165737,-0.160216,0.096241,-0.076495,-0.135116,0.042552,-0.092611,-0.114135,0.134721,-0.12413,0.068376,-0.345172,0.059457,0.373921,0.09754,-0.119119,-0.076279,-0.030116,0.193583,0.182368,-0.279594,-0.136694,0.186053,0.118081,-0.158279,0.109126,0.156449,0.116585,-0.019119,-0.300813,-0.131435,#
17,-0.21481,0.349784,0.379498,0.048262,-0.207592,-0.036136,-0.083622,0.018307,0.283839,0.215347,-0.35606,-0.064909,0.102402,0.30793,0.279665,0.095579,-0.11176,1.0,0.044594,0.349118,-0.076671,0.272232,0.161837,0.11019,0.093771,0.193252,0.129416,0.150861,-0.031869,0.105522,0.115671,0.156878,0.081683,-0.029249,-0.061554,0.08903,0.097915,-0.066232,0.011037,-0.256337,0.012931,0.121178,0.178665,0.20038,0.089678,-0.326488,0.142506,0.186051,0.134934,-0.023,0.031844,-0.114115,0.044345,0.01407,-0.127259,-0.078737,-0.090812,-0.373145,-0.087631,-0.160764,0.057541,-0.105953,-0.150503,0.037335,-0.042029,0.113319,-0.047238,0.199761,-0.021361,0.44126,0.122819,0.243338,-0.127906,-0.086273,0.009569,-0.105437,0.254371,-0.170571,0.157092,-0.073341,0.320035,-0.013946,-0.11717,0.183225,-0.053524,0.124407,0.034085,0.002764,0.082488,0.072263,0.177804,0.115149,-0.053894,0.5132,-0.001342,0.225281,0.324169,-0.034971,-0.019784,-0.092635,-0.147593,0.173089,0.048129,0.316616,-0.163558,0.096761,-0.124866,-0.196315,-0.125431,-0.061036,0.243616,0.160755,0.176733,0.030531,0.123415,0.106309,0.113192,-0.264184,0.420958,-0.411029,0.138533,-0.272804,-0.249639,-0.001424,0.002602,0.04238,0.002606,-0.018992,0.071631,0.157158,0.215682,0.254053,-0.008607,-0.1725,-0.004418,-0.081069,-0.016693,-0.060059,0.086096,0.028092,-0.013998,-0.262812,-0.172109,-0.342691,-0.242025,0.079293,0.008069,-0.04055,0.122952,-0.015589,-0.174468,-0.203504,0.31726,-0.09244,-0.089973,-0.096234,0.189518,0.356484,0.021426,0.107274,0.154172,0.21236,-0.075055,0.069253,0.077993,0.298971,0.23544,-0.060614,-0.050856,0.099175,-0.232493,-0.120859,-0.190997,-0.063127,0.103312,0.067122,0.035005,-0.123766,0.394031,-0.324925,0.201908,-0.031544,-0.364117,-0.240506,-0.095683,-0.125783,0.200308,0.209123,-0.301638,-0.145196,0.205964,-0.238296,-0.058368,0.232282,-0.250309,-0.123528,0.022869,0.096232,0.391065,0.196638,#
18,0.02092,0.207992,-0.170606,-0.18512,0.110786,0.076102,0.174922,0.202996,0.026449,0.195201,0.125774,-0.042093,0.077648,0.223275,0.442268,0.094983,0.118794,0.044594,1.0,-0.249043,0.161103,-0.092801,0.048137,0.02977,0.076796,0.131945,0.023504,0.171265,-0.056796,0.24132,-0.145499,0.146305,0.016939,0.020879,0.071139,-0.022224,0.116779,-0.132019,-0.041086,-0.108738,0.156955,0.171046,0.116736,0.230458,0.1729,-0.090417,0.027258,-0.280214,0.096379,0.063111,-0.111288,0.023698,0.147681,0.004347,0.306418,-0.005422,-0.244861,-0.11496,-0.178204,-0.160272,0.049905,-0.053527,-0.167157,0.443959,0.031352,0.088146,-0.027493,0.022678,0.047516,-0.269247,-0.085132,-0.070604,-0.093088,-0.086766,0.032466,0.158819,-0.086828,-0.046183,0.074815,-0.224368,-0.12021,-0.304305,-0.289736,-0.010664,-0.261707,-0.139862,-0.159601,0.036395,-0.034944,-0.198587,-0.20651,-0.255245,-0.049222,-0.186115,-0.229484,-0.151526,-0.14,-0.232888,0.014841,-0.156016,0.036409,0.0605,-0.027149,-0.403982,-0.124672,0.010444,-0.187829,-0.085764,-0.093374,0.011481,-0.05788,0.262243,-0.19971,-0.159558,-0.115657,0.023015,-0.223678,0.001579,-0.043288,-0.010839,-0.365623,-0.11691,-0.278171,-0.279955,-0.157364,-0.201814,-0.017356,0.14214,-0.306472,-0.161337,-0.060674,-0.101115,-0.197931,0.003731,-0.166119,-0.123513,0.085543,-0.063294,-0.189556,-0.248015,-0.370269,-0.006601,-0.18149,-0.144133,-0.270263,-0.223421,-0.305381,0.223318,-0.398802,-0.311193,-0.46941,-0.113155,-0.118527,-0.260309,-0.049084,-0.349061,0.090044,0.129026,-0.333086,-0.128008,-0.085184,0.021601,0.068948,-0.064756,0.061859,0.004879,0.035974,0.190798,-0.164915,-0.031705,0.19806,0.231468,-0.101068,-0.06292,0.271572,-0.067538,0.054906,0.154518,0.17776,-0.132348,0.106677,0.155333,0.279326,0.1522,0.343825,-0.001238,0.132145,-0.178241,0.113566,0.147702,-0.200715,-0.001194,0.404269,-0.018149,-0.110191,-0.041724,0.458229,-0.158204,-0.294241,0.038052,#
19,-0.192664,0.091861,0.205754,0.252264,-0.139919,-0.055139,-0.211287,0.056999,-0.248974,-0.007613,-0.311142,-0.108076,-0.01884,0.048567,-0.019844,0.124384,-0.103572,0.349118,-0.249043,1.0,0.260386,0.123562,-0.084338,0.005403,-0.188033,-0.157944,-0.038183,-0.167759,-0.000462,-0.095887,0.272542,0.23537,0.223001,0.275063,-0.132354,-0.398931,0.101044,0.089914,-0.251474,-0.148784,0.108116,0.206018,-0.047522,0.013267,-0.138212,-0.284498,0.327,0.236811,0.260095,-0.234379,-0.205897,0.041482,0.350266,-0.188343,-0.20977,-0.022775,0.19562,-0.259746,0.089162,-0.126219,-0.059731,-0.125952,0.01033,-0.182898,0.083149,0.02849,-0.094372,0.055678,-0.094182,0.217753,0.164282,0.198842,0.075342,0.004877,0.137988,-0.312195,0.385291,0.168641,0.495843,0.262371,0.388781,0.214894,0.276977,0.2112,0.227079,0.242273,0.255125,-0.050837,0.266164,0.154831,0.250766,0.274939,0.194066,0.280902,0.217324,0.288475,0.331206,0.223339,0.234293,0.313156,-0.454975,0.109311,0.202889,0.371339,0.275918,0.435252,0.038231,-0.297151,0.10331,-0.249576,0.259391,-0.185683,0.060891,0.459932,0.231645,0.148926,0.130725,0.063363,0.106608,-0.307769,0.367021,-0.005626,-0.001289,0.152818,0.064811,0.259188,0.009732,-0.001789,0.204643,0.280889,0.347964,0.282618,0.335843,-0.022706,0.268091,0.141797,0.176569,0.108529,0.125417,0.179759,0.273879,0.14644,0.068663,-0.145387,0.188432,0.336908,0.420645,-0.401814,0.371547,0.081111,0.192888,0.11571,0.380947,0.332136,-0.048302,0.212929,0.322596,-0.046373,0.120756,0.020461,0.149484,0.27154,-0.101978,0.104672,-0.077907,-0.012624,0.367486,-0.073811,0.178119,0.231505,-0.449621,-0.120323,0.182935,0.097802,-0.303679,0.124181,0.108831,-0.439847,-0.114582,0.062346,0.011426,-0.225598,-0.282216,-0.1966,-0.416367,-0.031663,0.237178,0.122993,-0.106406,-0.296947,0.227721,-0.348535,-0.438487,-0.107791,-0.039467,-0.282068,-0.354389,0.292394,0.328409,0.043993,#
20,0.217302,-0.067772,-0.067002,-0.000388,-0.19235,0.033325,-0.214756,0.083206,-0.168703,-0.105909,-0.052401,0.198154,-0.04764,0.117766,-0.083115,0.048533,0.049615,-0.076671,0.161103,0.260386,1.0,-0.155734,-0.333602,-0.062453,0.069754,0.037832,0.002651,-0.131193,-0.067388,0.082912,0.32844,0.300764,0.115982,0.283467,-0.187649,-0.322677,0.083149,0.06559,-0.147322,-0.112504,0.396308,0.064555,-0.066107,-1.1e-05,-0.062987,-0.198281,0.069772,-0.133555,-0.027705,-0.246766,-0.185263,-0.126593,0.360298,0.012596,-0.045518,0.144248,-0.219347,-0.002164,-0.118311,0.156169,0.067301,0.012429,0.071803,-0.080823,0.033828,-0.007881,-0.269197,0.051542,-0.160025,-0.21863,-0.04154,0.12708,0.071691,0.239886,-0.105887,-0.412005,0.05647,0.322598,0.139352,0.333504,0.107708,0.125527,0.374921,-0.044158,-0.010109,-0.163519,0.099886,0.026391,0.417239,0.072584,-0.162052,-0.058338,0.117658,-0.087452,0.277329,0.1229,-0.10422,0.230077,0.109778,0.151827,-0.009697,0.18348,-0.131309,0.040499,0.259383,0.112931,0.097326,0.180133,0.172781,0.088159,0.079693,0.020605,-0.277033,0.289449,0.311845,0.394224,-0.032074,0.152725,0.195961,0.132039,0.039165,0.084675,-0.159354,0.240092,-0.163314,0.063894,-0.163102,-0.208983,-0.099814,0.291575,0.165745,0.076116,0.231304,0.112986,-0.0791,0.250435,0.198784,0.030192,0.137964,0.086254,-0.068784,0.181217,0.228325,-0.008621,-0.009364,-0.05934,0.247049,-0.3731,-0.046937,0.153382,0.010547,0.112531,0.202456,0.244713,0.015685,0.191436,0.269834,-0.104927,-0.00583,-0.068494,-0.043062,0.008795,0.17884,-0.272253,-0.137898,-0.197469,0.183704,0.075791,0.18955,-0.031549,-0.252325,0.027131,0.179997,-0.097335,-0.389815,0.134451,0.01659,-0.289091,-0.138916,0.3228,-0.149063,0.030155,-0.098211,-0.044857,-0.08807,0.394355,0.162913,-0.002377,0.138135,0.003164,-0.134514,-0.27151,-0.201247,-0.347981,-0.141193,-0.105234,0.050962,-0.023646,0.115571,-0.157662,#
