0,1.0,0.104446,0.101038,-0.136864,0.437502,-0.139836,0.162179,-0.083942,0.317815,0.082809,-0.230326,0.245766,0.400295,-0.057974,0.100081,0.010391,0.12287,0.013703,0.074486,-0.204474,-0.241563,0.006948,0.130355,-0.136013,-0.05203,-0.263494,-0.320246,-0.281904,0.212711,0.080164,-0.385095,-0.115499,-0.192665,-0.019718,-0.22686,0.048953,0.220045,0.053505,0.114075,-0.073429,0.174524,-0.181372,-0.211671,0.028443,0.036878,0.083009,0.377668,0.107783,0.044336,0.286179,0.037479,-0.129031,0.144394,-0.037064,0.090115,-0.004619,-0.278273,0.226698,-0.21887,0.014669,0.206625,-0.089706,0.018864,-0.211284,0.040678,0.176034,-0.048056,-0.102554,0.311451,-0.152971,0.173788,-0.357973,-0.118263,-0.316422,-0.338484,0.249823,-0.064654,-0.308215,-0.210469,-0.099807,0.01375,-0.296533,-0.155514,-0.197762,-0.013126,-0.141102,-0.415844,-0.179051,-0.055414,-0.325373,-0.032532,-0.109321,-0.016763,0.06976,-0.179879,-0.163706,-0.301423,-0.211631,0.124617,-0.264594,0.127261,-0.224378,-0.227027,-0.197941,-0.067288,-0.205308,-0.119121,0.029602,-0.19694,-0.207574,-0.059276,-0.192546,0.042466,-0.206015,-0.318049,-0.254059,-0.23478,-0.257186,0.110016,-0.508813,-0.13726,-0.236754,-0.219115,-0.284695,-0.221943,-0.101941,-0.269866,-0.077711,-0.102261,-0.083042,-0.116659,-0.238829,-0.037538,0.053013,-0.213848,-0.390254,-0.027092,-0.217067,-0.018539,-0.307209,-0.175254,-0.090009,-0.19297,-0.157415,-0.325521,-0.094647,-0.271823,0.288258,-0.372969,-0.257923,-0.347444,-0.26058,-0.01343,-0.169226,-0.347259,-0.022385,0.251809,0.33844,-0.257529,-0.220066,-0.044988,0.027426,-0.153359,-0.114226,0.061319,0.045497,0.061826,-0.176655,-0.233767,-0.156751,0.043441,0.135983,0.085463,-0.281534,0.148253,-0.096535,0.041986,0.264723,0.149786,-0.285505,0.072025,0.005008,-0.014872,-0.00678,0.229638,-0.060879,0.299345,0.143315,-0.143827,0.395341,-0.274282,0.061284,0.173,0.257666,-0.169558,0.193121,0.173224,-0.254924,-0.055751,0.129461,#
1,0.104446,1.0,0.005857,0.105079,0.215579,0.038498,-0.104232,-0.169833,0.094982,0.095601,-0.145292,0.143516,0.036647,0.072093,0.197893,-0.048062,-0.065645,0.104342,-0.100568,-0.047069,-0.082943,0.113688,0.16499,-0.159421,-0.001524,-0.198861,-0.100284,0.088239,0.227153,0.255871,-0.370916,0.151186,-0.000181,-0.019692,-0.226922,0.211388,0.21665,-0.119799,0.052888,-0.007746,0.173586,-0.112046,0.180965,0.1203,-0.220606,-0.13525,0.296297,0.138985,-0.16589,0.222653,-0.020594,-0.144421,0.04257,0.158309,0.024949,-0.035595,-0.217894,0.019312,-0.145569,0.058978,-0.015074,-0.053163,0.055303,0.017018,-0.007467,-0.049173,0.104595,0.182232,0.228881,0.059985,-0.137444,-0.214616,0.069662,-0.091754,-0.154988,0.074914,-0.197295,-0.045156,-0.144691,-0.2624,-0.104694,-0.395071,-0.248698,0.151095,-0.278687,-0.182955,-0.173444,-0.049212,-0.09474,-0.076808,-0.016657,-0.025505,-0.131675,0.031186,-0.401843,-0.107762,-0.132426,-0.220658,-0.158772,0.026353,0.101433,-0.071365,-0.181764,-0.145983,-0.353939,-0.278495,-0.284144,0.040091,-0.006962,-0.052317,-0.028277,0.138556,-0.243579,-0.234177,0.020175,-0.08795,-0.173439,-0.256121,0.188538,0.022924,-0.293825,-0.074201,-0.205756,-0.146925,0.161633,-0.111783,-0.129042,0.019392,0.038353,-0.028049,-0.202007,0.002664,-0.114357,0.012859,-0.18495,-0.083851,-0.174697,-0.267133,0.111096,-0.109992,-0.125326,0.074845,0.060957,-0.272207,-0.159989,-0.258399,-0.028477,0.083854,-0.204789,-0.104964,-0.267199,-0.131859,-0.144335,-0.034516,-0.098758,-0.080703,0.022807,0.161148,0.039128,-0.170691,-0.079661,-0.044333,-0.110932,-0.112713,-0.025817,0.337995,0.109554,-0.324214,-0.101221,-0.010443,-0.139248,0.020518,-0.272061,-0.063853,0.125834,0.141231,-0.116426,0.076472,0.2277,-0.238866,0.174663,-0.084145,-0.090475,0.007911,0.240586,-0.152381,0.136856,-0.132922,-0.238275,0.209687,-0.139695,0.161012,0.1982,0.336281,-0.063479,-0.006499,0.195766,-0.229647,-0.054591,0.155872,#
2,0.101038,0.005857,1.0,0.242686,-0.046102,-0.204846,0.051685,-0.162746,0.0403,0.159066,0.025263,0.011341,-0.112333,0.050591,-0.203787,-0.229933,-0.035551,0.195334,0.021376,-0.011847,-0.187158,-0.096797,0.041212,0.185912,0.034461,-0.206209,0.000893,-0.290839,0.076364,-0.083512,0.028725,0.042735,-0.148076,-0.008431,-0.207683,-0.012949,-0.10771,0.04292,-0.037666,-0.266483,-0.230846,0.11139,-0.007292,0.038728,0.227969,-0.371547,0.101046,0.164475,-0.212533,0.186794,-0.145298,0.148673,0.035393,0.243962,-0.138039,-0.180892,-0.077915,-0.078638,-0.120711,0.013787,0.085156,0.185339,-0.047529,-0.258122,-0.028573,0.072808,-0.012946,-0.220842,-0.103313,0.05173,0.106599,0.047888,-0.019227,0.209875,-0.256255,0.319603,-0.081909,-0.070287,-0.068003,-0.046331,0.071493,0.024154,-0.177226,0.360027,-0.113628,-0.135078,0.070526,-0.034396,-0.101057,-0.205888,-0.074174,-0.298284,0.17362,0.157824,-0.131309,0.182894,0.091497,0.103313,-0.015918,0.058511,-0.293417,-0.115041,-0.023179,0.172576,-0.051721,-0.02905,0.17444,0.113298,-0.001724,0.187563,0.304268,0.132502,0.006596,0.071052,0.143821,-0.080505,-0.048308,-0.110681,0.160528,-0.032234,-0.242004,0.233342,0.018633,-0.058383,-0.09047,0.169908,-0.062803,-0.069574,0.082182,0.050468,0.280556,0.114457,-0.099548,0.066183,0.258151,-0.031797,0.146372,0.273833,-0.078285,-0.254654,0.203417,0.211944,0.118564,-0.173653,0.062079,0.199153,-0.025287,0.022034,-0.169807,0.101162,-0.011439,0.399195,0.162235,0.036571,0.035878,0.059559,-0.059332,0.166491,0.104803,-0.021707,0.220643,0.008255,0.322521,0.080277,-0.00088,-0.109762,-0.023083,-0.240955,0.179688,0.019622,-0.000848,0.106585,-0.116129,0.110422,-0.013969,0.127916,-0.14492,0.088976,-0.009866,-0.015357,0.145772,0.015096,-0.104006,0.00376,-0.270021,0.155626,-0.083684,0.118689,0.004049,0.032633,0.244082,-0.199686,-0.055851,0.020453,-0.157409,-0.094938,-0.126334,0.080217,0.202323,-0.230348,#
3,-0.136864,0.105079,0.242686,1.0,-0.178795,-0.115776,-0.318574,-0.127585,-0.306125,-0.188003,0.0563,-0.249447,-0.236989,-0.137499,-0.006552,-0.099793,0.128695,-0.053569,-0.105574,0.067766,-0.206914,0.00961,-0.30539,0.020524,0.155634,0.057609,-0.048787,0.042883,-0.006809,-0.177795,0.038296,-0.015945,0.049634,-0.114361,-0.067281,-0.352905,-0.140109,0.110164,-0.011755,0.179695,-0.012225,-0.085562,-0.036496,0.0879,0.06319,0.177268,-0.242081,-0.380368,0.088533,0.033253,-0.22593,0.29397,0.091129,0.174971,0.045747,0.162805,0.049166,-0.085056,-0.115758,-0.198157,-0.055345,-0.095434,0.230802,-0.009809,-0.076169,-0.343135,-0.097085,-0.165061,-0.342003,0.1523,-0.071595,0.211294,0.242108,0.201426,-0.055307,0.038035,0.135329,0.207087,0.335433,0.061377,0.151513,0.100752,0.057296,0.071548,0.079336,0.111175,0.208793,0.078652,0.025152,-0.061644,0.197467,0.073207,-0.007046,0.173384,0.05741,-0.041702,0.241232,0.271209,0.114765,0.141817,-0.187648,0.119633,0.196952,0.162943,0.043602,-0.010463,0.305631,0.195417,0.136005,0.090314,0.041093,0.029984,-0.152162,-0.015348,-0.063857,0.210359,0.304977,0.006655,-0.116454,0.288114,0.037875,-0.05377,0.19163,0.26859,0.183924,0.084856,0.028761,-0.110638,0.034005,0.245517,-0.183498,-0.075755,-0.085696,-0.053518,0.115705,0.187679,0.196946,0.1189,-0.242999,0.167046,-0.036847,0.26408,0.163974,-0.163584,0.118711,0.117407,-0.038888,-0.236576,0.104945,0.142642,0.136573,0.317007,0.176226,0.156182,0.142741,0.198607,-0.234222,-0.267092,0.216937,0.015201,0.128446,0.153404,0.147122,-0.101715,-0.265942,-0.214883,-0.075143,-0.248195,0.224859,-0.066738,-0.114661,-0.296773,0.116474,0.163871,-0.060975,0.074205,0.131693,-0.156815,-0.292407,0.185932,-0.309803,-0.092445,-0.001827,-0.130626,-0.13457,-0.106107,-0.181272,-0.181393,0.174037,-0.220199,0.197581,-0.066566,-0.176408,-0.197542,-0.185172,-0.089241,-0.333028,0.121008,-0.24041,-0.001299,#
4,0.437502,0.215579,-0.046102,-0.178795,1.0,0.093505,0.233778,0.015216,0.168201,0.074499,-0.241789,0.18903,0.307206,0.169288,-0.038894,-0.070596,0.180293,0.072101,-0.10056,-0.20296,0.097839,0.04735,0.338286,-0.349404,-0.298675,-0.246751,-0.092679,-0.200488,0.122698,0.270557,-0.243746,0.032091,-0.226098,-0.129713,-0.337609,0.350456,0.209763,-0.353753,0.098592,-0.131135,0.206348,-0.042016,-0.015629,0.028833,-0.13086,-0.080117,0.237395,0.388792,0.058751,-0.041992,0.09033,-0.511827,0.152682,-0.116823,0.138235,-0.236897,-0.361868,0.181507,-0.038319,0.03772,0.148826,0.11086,-0.178678,-0.188153,0.074978,0.450728,0.004426,0.208077,0.384761,0.013494,-0.033375,-0.60449,0.065554,-0.679946,-0.381702,0.387988,-0.398348,-0.473935,-0.415599,-0.181438,-0.249451,-0.573635,-0.386726,-0.093402,-0.371819,-0.303471,-0.623564,-0.248206,-0.059077,-0.197282,-0.418699,-0.304979,-0.227896,-0.22683,-0.383913,-0.469262,-0.527417,-0.338777,-0.185752,-0.267253,0.019339,-0.320558,-0.241018,-0.319791,-0.391697,-0.592729,-0.051408,-0.275826,-0.093929,-0.223011,0.181006,0.111089,-0.362606,-0.559215,-0.195883,-0.081896,-0.28313,-0.428484,0.12883,-0.391159,-0.199978,-0.228688,-0.400298,-0.358292,-0.007145,0.044554,-0.420459,0.149015,-0.240639,-0.24257,-0.331876,-0.03273,-0.417585,0.015494,-0.313323,-0.489025,-0.066093,-0.45302,0.071805,-0.410657,-0.365169,-0.066816,-0.085076,-0.118441,-0.469767,-0.305738,-0.236006,0.674343,-0.475838,-0.258805,-0.524166,-0.203627,-0.137253,-0.519603,-0.356753,-0.246369,0.22193,0.434223,-0.368214,-0.330465,-0.068884,-0.050296,-0.311992,-0.041361,-0.038188,0.271114,-0.144053,-0.282424,-0.360953,-0.015274,0.054704,0.097811,-0.335628,-0.456121,0.007072,-0.173479,-0.132796,0.318372,0.33431,-0.362995,0.302069,-0.022687,-0.025405,0.10353,0.47436,-0.217271,0.276888,-0.084198,-0.256963,0.427396,-0.197548,0.21452,0.502351,0.44786,0.011932,0.362694,0.341605,-0.291521,-0.37895,0.112978,#
5,-0.139836,0.038498,-0.204846,-0.115776,0.093505,1.0,0.266555,0.231636,-0.04393,-0.036917,-0.0388,0.125284,-0.127183,0.344073,0.173775,0.019725,-0.079843,-0.046735,-0.08645,-0.055467,0.267516,0.173515,0.021503,-0.391926,0.102282,-0.083252,0.042208,-0.098744,-0.078064,0.143685,0.105019,0.272508,0.173571,-0.192478,-0.308305,0.083496,-0.047844,-0.055659,0.08122,-0.037579,-0.024934,0.03168,0.141897,0.148529,-0.100801,0.120004,-0.073862,0.068871,0.095572,-0.057106,0.113731,-0.015547,0.204009,-0.197214,0.071845,0.070262,0.055564,0.276397,-0.079894,0.128415,0.154812,-0.035408,-0.234442,0.238326,-0.054935,-0.090258,-0.163464,0.300325,0.156242,-0.108847,-0.22156,-0.212621,0.072551,-0.078523,0.006278,0.000237,0.050964,0.111327,-0.289985,-0.08172,0.04515,-0.202289,0.159019,-0.17482,-0.102948,0.158773,-0.081199,-0.1285,-0.066943,-0.197204,-0.014719,0.008858,0.072011,-0.359974,-0.0633,-0.113583,-0.132134,-0.205375,0.018337,-0.226336,-0.005299,-0.146606,0.137655,-0.366411,-0.014808,-0.142007,-0.132261,-0.424529,-0.124119,-0.437095,-0.062062,0.06754,-0.191261,-0.202779,-0.071648,-0.0604,-0.000246,-0.194742,-0.049705,-0.086208,-0.042217,0.067222,-0.011761,-0.206989,-0.145118,0.094209,-0.034404,0.09319,-0.08922,-0.255977,0.059648,-0.211465,-0.067301,-0.049485,-0.030376,-0.060691,0.031951,-0.080984,-0.06243,-0.016303,-0.106742,-0.196143,-0.332589,-0.236347,-0.007065,-0.046514,0.098909,0.09827,0.091761,-0.173662,-0.152428,0.045578,0.017125,0.151275,-0.11113,-0.190445,0.299428,0.10458,-0.186596,-0.005449,-0.173307,-0.095432,0.03445,0.022456,-0.002043,0.329849,0.239147,0.12345,0.003263,-0.033905,0.150123,0.016497,-0.016926,0.156309,0.258423,-0.006859,-0.060193,0.116685,0.207977,-0.086246,0.134641,0.054716,0.004198,0.296104,0.319652,-0.306895,0.101714,0.020392,-0.029913,0.232019,-0.011566,0.060279,0.178806,-0.096597,0.254463,0.090771,0.101017,-0.134569,0.120002,0.296083,#
6,0.162179,-0.104232,0.051685,-0.318574,0.233778,0.266555,1.0,0.174506,0.401552,-0.121959,0.309634,0.268313,0.04724,0.063295,0.106315,0.078179,-0.047332,-0.129375,0.168922,-0.096761,0.043686,0.266817,0.090649,-0.303986,-0.03643,-0.06619,-0.001868,-0.256215,0.324769,0.195995,-0.261072,0.003028,-0.006678,-0.325489,-0.131264,0.301198,0.10007,-0.079266,-0.081302,-0.013133,-0.000683,-0.033261,-0.226733,-0.093902,-0.117209,-0.044803,0.020806,0.161005,0.087701,0.190554,0.156477,-0.152679,-0.109753,-0.010572,0.012453,-0.167645,0.009708,0.068066,0.010694,0.116467,0.198282,0.069222,-0.271987,0.213131,0.107102,0.089468,0.021516,0.126139,0.234473,-0.194683,-0.017266,-0.38369,0.037129,-0.298494,-0.346285,0.278413,-0.257198,-0.294917,-0.621606,-0.268456,-0.266346,-0.295544,-0.183772,-0.310652,-0.282448,-0.151411,-0.324058,-0.287013,-0.374219,-0.12817,-0.21997,-0.312835,-0.146267,-0.262618,-0.477359,-0.094814,-0.35739,-0.470925,-0.316304,-0.184409,0.012328,-0.372621,-0.279277,-0.429327,-0.098048,-0.174314,-0.102525,-0.254925,-0.283312,-0.00287,-0.064564,0.042933,-0.188346,-0.263823,-0.071089,-0.309088,-0.312774,-0.200978,-0.029628,-0.268068,-0.278558,-0.171675,-0.213151,-0.376329,-0.212164,-0.004221,-0.423665,0.040881,-0.220478,-0.396745,-0.215302,-0.120303,-0.269823,-0.104869,-0.25249,-0.289939,0.024856,-0.315956,-0.038283,-0.387993,-0.157838,-0.178796,-0.37805,-0.11749,-0.247747,-0.151801,-0.391597,0.451684,-0.082306,-0.318778,-0.088301,-0.189881,-0.310297,-0.151234,-0.300251,-0.509447,0.104622,0.319599,-0.126119,-0.336962,0.028911,-0.346109,-0.192278,-0.154563,-0.088795,0.395424,-0.098624,0.152045,-0.033215,-0.193475,0.128559,0.083187,-0.160905,-0.218954,0.262557,-0.321602,-0.202405,0.512969,0.373884,-0.18617,0.474639,0.301661,0.144798,0.279885,0.475146,0.028045,0.074121,0.038917,-0.026372,0.328902,-0.107841,0.296191,0.482532,0.252023,-0.168626,0.274498,0.48517,-0.343477,-0.173792,0.183488,#
7,-0.083942,-0.169833,-0.162746,-0.127585,0.015216,0.231636,0.174506,1.0,-0.109767,-0.3573,-0.228554,-0.179317,-0.163924,0.076855,0.183214,-0.168755,0.115826,-0.077854,0.077908,-0.108754,0.045147,0.34824,-0.202015,-0.170728,0.085386,0.194387,0.197086,0.072281,-0.293164,-0.072115,0.087137,0.241582,0.330561,-0.149293,-0.103288,0.192866,0.062941,-0.022936,0.173977,-0.10685,-0.079075,0.085066,0.28752,-0.04525,-0.123559,0.150003,-0.003268,-0.119416,-0.216506,-0.234705,-0.046643,-0.08628,-0.008886,-0.341998,0.044985,0.12386,0.111477,0.040524,-0.108512,0.146239,-0.150327,0.120293,-0.170454,0.276626,0.148771,0.165534,-0.045308,0.121263,-0.043714,-0.279996,-0.068962,-0.06063,-0.078567,-0.068503,0.039962,-0.223462,0.088073,-0.013368,-0.223833,0.019798,0.0923,-0.118017,0.228427,-0.22771,0.110781,0.198624,0.128016,0.076685,-0.015368,0.093461,0.019131,0.047235,0.161503,-0.150535,0.151095,0.078138,-0.305922,0.154477,-0.050456,-0.108747,0.044098,-0.138961,0.134766,-0.067806,-0.079129,-0.156308,0.123917,-0.28356,0.167428,-0.245709,-0.290453,0.113512,0.123276,0.036676,0.034568,0.136525,0.115035,0.003505,-0.081207,0.124834,-0.080645,0.049306,-0.179306,0.045068,0.06891,0.09348,0.064235,-0.267865,0.053563,-0.023657,0.013496,-0.075487,-0.020186,-0.223926,0.05617,-0.085219,0.186046,0.01459,-0.048482,-0.08781,-0.133463,-0.203457,-0.026139,0.11492,-0.059139,-0.296645,0.07281,-0.109552,0.084373,0.084858,0.142489,0.124421,0.236799,-0.022594,0.202706,-0.145253,0.099767,-0.180885,-0.316942,0.128581,0.160885,-0.076052,0.083638,-0.014978,0.001713,0.085152,-0.074195,0.183789,-0.173579,0.199868,-0.018945,0.016785,0.01133,0.068839,-0.115346,-0.030763,-0.032788,-0.078887,-0.054708,-0.070988,-0.086924,-0.174687,0.074393,0.094399,-0.018143,-0.047174,-0.003218,0.122636,0.111818,-0.2293,-0.127665,0.265188,0.007634,-0.079576,0.084748,0.197084,-0.239881,-0.115736,0.014297,-0.144214,#
8,0.317815,0.094982,0.0403,-0.306125,0.168201,-0.04393,0.401552,-0.109767,1.0,0.032258,0.183862,0.26556,0.29731,0.067164,0.146575,0.004816,-0.10249,0.237018,0.308463,0.035835,-0.147495,-0.016929,0.278538,-0.160349,-0.010337,-0.310022,-0.028578,0.085052,0.302847,0.038628,-0.193336,0.086419,0.176693,-0.120454,-0.20794,-0.027113,0.404247,-0.141188,-0.014295,-0.048736,0.05869,-0.049316,-0.255934,0.005074,0.090499,-0.221234,0.253852,0.256399,0.082886,0.324052,0.099772,-0.074086,0.011047,0.253344,-0.040297,0.075688,-0.047059,0.001681,0.140212,0.065192,-0.096616,-0.033357,-0.241209,0.065752,0.017199,0.18402,0.34417,-0.017523,0.271107,0.182517,0.190159,-0.190807,0.070621,-0.171159,-0.183267,0.023659,0.009711,-0.294271,-0.234505,-0.047568,-0.126374,-0.22489,-0.105775,-0.004838,-0.059914,0.066056,-0.18526,-0.191991,-0.15639,-0.244149,0.041415,-0.17087,-0.231749,0.124946,-0.177186,0.18363,-0.068492,-0.392079,-0.040306,-0.137938,-0.250105,-0.337551,-0.339492,-0.218216,0.107341,0.071391,-0.151409,0.085397,-0.216647,0.138334,0.162289,0.01326,0.052753,-0.125851,0.046503,-0.576615,-0.190004,-0.107056,0.258789,-0.353994,-0.070783,-0.090507,-0.044896,-0.579633,-0.267586,0.138155,-0.127781,0.124713,-0.099998,-0.220032,0.159538,0.149553,-0.090992,-0.003092,-0.052346,-0.112192,-0.115877,-0.095047,0.214971,-0.130136,0.073167,0.093608,-0.428518,-0.174701,-0.253159,-0.148343,-0.036085,0.328861,-0.079577,-0.121359,-0.066711,-0.100963,-0.084853,-0.179003,-0.13482,-0.212457,0.086193,0.390816,0.031146,-0.141213,0.104336,-0.140877,-0.135121,0.226241,0.13699,0.067628,-0.137611,-0.035518,-0.062035,0.081275,-0.199371,0.242676,0.110959,-0.196672,0.023831,-0.215804,-0.066431,0.26256,0.133089,-0.181862,0.312155,0.168475,-0.184545,-0.086823,0.127702,0.202331,-0.047345,0.020165,-0.412208,0.134758,0.144563,-0.119119,0.129187,0.102653,-0.252846,0.071759,0.239359,-0.163798,0.027906,-0.028688,#
9,0.082809,0.095601,0.159066,-0.188003,0.074499,-0.036917,-0.121959,-0.3573,0.032258,1.0,-0.162611,0.203805,0.184126,0.325153,-0.366817,-0.047664,-0.491863,0.29993,-0.129071,-0.043328,0.027917,-0.308944,0.166231,0.000956,0.199297,0.000806,-0.027732,-0.243064,0.043475,0.213755,0.048366,-0.135393,-0.16321,0.218574,-0.163993,0.343954,0.00727,-0.174692,-0.134169,-0.053161,0.056063,0.239297,0.136763,0.350062,0.203427,-0.340283,-0.017428,0.40484,-0.022605,0.179271,-0.153327,-0.100584,0.079277,0.093433,-0.152692,-0.362113,-0.046228,-0.090926,0.212149,0.092172,0.064029,0.292814,-0.04911,-0.332918,-0.018581,-0.019653,0.067823,0.187364,0.057549,-0.107531,0.00069,-0.167195,-0.011994,-0.006099,0.089233,0.18175,-0.117649,-0.271448,0.042016,0.132648,-0.056198,-0.036097,-0.15859,-0.068013,0.038245,-0.268982,-0.071892,-0.068347,-0.123167,0.071055,-0.240173,0.050115,-0.180576,0.205462,-0.098709,0.131559,0.123458,-0.109938,0.185303,-0.03284,-0.198263,0.001772,0.058996,0.117834,-0.012201,-0.058393,-0.118866,-0.06466,-0.135217,-0.037124,0.310242,0.146887,-0.060104,-0.046785,-0.05031,-0.114374,-0.172621,-0.218144,0.324138,-0.338392,-0.022759,0.236353,0.038561,-0.011258,-0.221208,0.025116,-0.073453,-0.064221,-0.081168,0.178977,0.031487,0.235252,-0.00248,0.732299,-0.136658,0.090546,-0.045432,0.000257,0.329104,-0.142159,0.166701,0.000791,0.074365,0.056028,0.164079,0.101519,0.192329,0.06277,-0.165954,0.179836,-0.432387,-0.07328,-0.044959,0.002444,0.115377,0.199222,0.206013,0.333297,0.04019,0.104478,-0.073157,0.111259,-0.11647,0.26838,0.089496,0.158494,-0.127812,-0.105728,0.055119,-0.013931,0.111638,-0.034393,-0.069392,-0.251868,0.179868,0.11518,-0.161421,0.042759,0.328496,-0.01119,0.080089,-0.094416,-0.375965,0.082354,-0.070305,-0.026124,0.122747,-0.109304,-0.324739,0.330918,0.028011,-0.311521,-0.101804,0.087607,0.007041,-0.225409,0.072005,0.071365,0.395954,-0.070542,#
10,-0.230326,-0.145292,0.025263,0.0563,-0.241789,-0.0388,0.309634,-0.228554,0.183862,-0.162611,1.0,-0.105466,-0.1726,-0.01327,0.213466,0.131387,0.007293,-0.197953,0.138773,0.166321,-0.106717,0.142027,-0.162176,0.083682,-0.137419,0.250961,-0.048234,0.142652,0.229387,-0.094536,-0.005757,-0.02999,-0.147822,-0.200107,0.240757,-0.19881,-0.06914,0.058439,-0.013693,0.170398,-0.300522,-0.101567,-0.283947,-0.137745,0.137125,0.041542,-0.265345,-0.240284,0.281175,-0.025743,0.126976,0.204629,-0.040963,0.352701,-0.092839,0.155171,0.132517,-0.209985,0.08628,0.065452,0.135994,-0.064693,0.106062,0.084482,0.183231,-0.107017,-0.012462,-0.05039,-0.307271,0.093128,-0.096418,0.131419,0.26009,0.162942,-0.049299,0.192258,-0.090405,0.100097,-0.085166,-0.05248,-0.082632,0.157385,-0.111949,0.04306,-0.053148,-0.045965,0.128493,-0.048934,-0.198853,-0.127718,0.085221,-0.238284,0.025525,-0.112949,-0.094743,0.155973,0.025543,-0.16887,-0.325632,-0.020976,0.034443,0.035495,-0.308547,-0.030143,0.198308,0.104008,-0.027097,0.027013,-0.195424,0.346623,-0.072076,-0.128054,-0.194795,0.208315,-0.079169,-0.030992,-0.147548,0.033022,-0.162458,0.10432,0.023587,-0.106914,0.173332,0.104438,0.073139,-0.05727,-0.071883,0.105117,-0.044392,-0.131774,0.101215,-0.208327,-0.127973,-0.181709,0.161995,0.200128,0.147771,-0.078131,-0.037865,0.079923,0.006789,0.156004,-0.186257,-0.102021,0.054387,0.179717,-0.126669,-0.103188,0.302903,-0.162496,0.222939,0.048399,-0.288983,-0.071931,-0.083882,-0.232312,-0.291962,0.145029,0.245866,-0.046014,-0.003938,-0.31109,-0.015689,-0.08621,-0.078603,-0.063958,-0.14164,0.130408,0.325898,-0.323076,0.138558,-0.291029,-0.114154,0.108858,0.076424,-0.182886,-0.269604,0.14144,-0.076429,0.076642,0.102937,0.273744,0.085964,0.254496,-0.05021,0.229299,-0.179535,-0.2133,0.257787,0.011485,0.03261,0.226158,0.091393,-0.044989,-0.021771,-0.08723,0.179103,-0.029922,-0.051067,0.135308,#
11,0.245766,0.143516,0.011341,-0.249447,0.18903,0.125284,0.268313,-0.179317,0.26556,0.203805,-0.105466,1.0,0.078542,-0.066344,-0.116822,0.319389,-0.121905,-0.134722,-0.177802,-0.296005,-0.039269,-0.022801,-0.146551,0.045875,0.135511,-0.091853,-0.077068,-0.358463,0.195203,0.176459,-0.298651,-0.035341,-0.205053,0.013988,-0.132342,0.411381,-0.20199,-0.230502,-0.257919,0.06929,0.11814,-0.10804,-0.221589,-0.125473,-0.100115,-0.001032,-0.112177,0.111483,0.045695,0.089477,-0.054844,-0.358535,-0.03067,0.101089,0.137493,-0.136322,-0.287444,0.055452,0.035065,0.119649,-0.195049,0.276206,-0.003391,0.062848,0.105027,-0.297143,-0.096476,-0.067746,0.186678,-0.05072,-0.030385,-0.240914,-0.060367,-0.285372,-0.289211,0.150079,-0.216034,0.016643,-0.235474,-0.319379,-0.150048,-0.236696,-0.122715,-0.003419,-0.161488,-0.104878,-0.206313,-0.407798,-0.084893,-0.095082,-0.025523,0.020804,0.014735,-0.239492,-0.304584,0.038661,-0.139639,-0.32802,-0.234255,-0.015561,0.043544,-0.125354,-0.103199,-0.25705,-0.026804,-0.150602,-0.003396,-0.098467,-0.275627,-0.121744,-0.213857,-0.088246,-0.273198,-0.088678,0.007627,-0.282275,-0.136266,-0.07235,-0.241657,-0.071454,-0.041196,-0.213258,-0.203723,-0.150154,0.105305,-0.231979,-0.019003,-0.133167,-0.103927,-0.163417,-0.125247,-0.099908,-0.044045,0.085115,-0.170406,-0.05198,-0.194979,-0.214095,0.057931,-0.202319,0.043974,0.021463,-0.258192,-0.10793,-0.199466,-0.240518,-0.153168,0.096354,-0.305821,-0.403144,-0.237371,-0.21803,-0.158565,-0.198915,-0.094271,-0.309916,0.041472,0.114141,-0.005929,-0.066999,0.073818,-0.179415,0.005901,-0.091118,-0.160803,0.120541,0.131139,0.156263,0.249831,-0.25556,0.085127,0.060518,-0.031984,-0.140273,0.210895,-0.316417,-0.274789,0.159927,0.155877,-0.16836,0.315425,0.015003,0.250052,0.092405,0.281892,-0.209371,-0.054543,0.113279,0.073879,0.359468,0.050231,0.184891,0.323731,0.007689,-0.076435,0.236674,0.189535,-0.174911,0.014661,-0.027532,#
12,0.400295,0.036647,-0.112333,-0.236989,0.307206,-0.127183,0.04724,-0.163924,0.29731,0.184126,-0.1726,0.078542,1.0,0.211914,0.029328,0.070252,-0.011048,0.237023,0.093625,-0.043809,-0.081943,0.050721,0.331375,-0.205713,-0.171739,-0.151517,0.055678,-0.034202,0.226282,-0.067771,-0.340121,0.067263,0.028373,0.078302,-0.138659,0.165992,0.358073,-0.116387,-0.046251,-0.06611,0.126284,0.2059,0.001163,0.022833,0.17975,-0.055702,0.386983,0.246195,-0.028514,0.160748,-0.033143,-0.223955,0.092777,-0.059864,0.063091,-0.1841,-0.285032,0.194429,0.147245,-0.135842,0.02345,-0.036271,-0.220057,-0.05906,-0.011295,0.269592,0.151311,0.03637,0.353947,-0.155794,0.060434,-0.327566,-0.082893,-0.233071,-0.002299,0.229551,-0.130482,-0.366654,-0.134877,-0.276544,-0.266615,-0.282223,-0.245465,-0.14393,-0.040859,-0.165558,-0.237566,-0.164925,-0.225486,-0.065493,-0.19632,-0.31797,-0.225884,0.045567,-0.147639,-0.212428,-0.043851,-0.209265,-0.025815,-0.531967,0.235583,-0.25142,-0.342603,-0.36167,-0.196833,-0.024916,-0.241099,-0.076456,-0.27861,-0.038922,0.144749,-0.120561,0.061616,-0.343392,-0.248519,-0.23974,-0.403662,-0.179122,0.254618,-0.426196,0.01104,-0.328001,-0.108751,-0.298702,-0.239416,0.051547,-0.361931,0.176624,-0.210344,-0.278234,-0.098882,0.091362,0.000321,0.101662,-0.300192,-0.178259,0.019368,0.013396,0.130256,-0.364906,-0.321084,-0.11253,-0.26795,0.125853,-0.320683,-0.12655,-0.087061,0.34113,-0.487842,-0.105825,-0.076572,-0.19359,-0.067978,-0.163193,-0.196365,-0.130372,0.324468,0.345706,-0.361383,-0.204636,-0.143459,-0.002822,-0.365289,-0.006227,0.163397,0.131239,-0.280504,-0.048163,-0.330929,0.0288,0.090961,0.255724,-0.041838,-0.278571,0.069367,-0.020731,-0.049215,0.322416,0.289141,-0.371104,0.192012,0.233076,-0.167286,0.051958,0.176357,-0.098864,0.23737,-0.078126,-0.342113,0.281936,-0.260101,0.022697,0.216805,0.423657,-0.007727,0.085032,0.301387,-0.163436,-0.063382,0.152398,#
13,-0.057974,0.072093,0.050591,-0.137499,0.169288,0.344073,0.063295,0.076855,0.067164,0.325153,-0.01327,-0.066344,0.211914,1.0,-0.071741,0.014428,-0.263217,0.269991,0.235429,-0.058886,0.160067,0.0209,0.268009,-0.185091,-0.150834,-0.181147,0.236581,0.041297,0.055635,-0.093441,0.093515,0.180307,0.111162,-0.082168,-0.261925,0.208992,0.217429,-0.06656,-0.13375,-0.409616,0.099911,0.348402,0.341076,0.208742,-0.01395,-0.339493,0.219108,0.291492,0.097379,-0.074754,0.062761,0.026294,-0.022101,-0.171254,-0.351967,-0.255671,0.064692,0.101845,0.142077,-0.029272,0.081726,0.282848,-0.252705,-0.01175,0.067147,0.31577,0.259108,0.343834,0.277487,-0.023685,-0.103941,-0.248343,0.094336,-0.191207,0.061116,0.277695,-0.060988,-0.308608,-0.15386,0.018436,-0.078008,-0.220488,-0.041007,-0.013886,-5.6e-05,-0.054421,-0.033416,-0.105537,-0.155611,-0.032199,-0.032382,-0.21302,-0.059173,0.018358,-0.049796,-0.065891,-0.112682,0.011258,-0.082678,-0.285925,-0.01671,-0.097666,-0.000167,-0.156887,-0.04131,-0.165779,-0.17812,-0.406598,-0.096587,-0.152015,0.149373,0.133338,-0.010138,0.017157,0.063237,0.052262,-0.287656,-0.150121,0.303032,-0.219463,0.030761,0.038972,-0.014708,-0.192624,0.043438,0.06192,-0.264868,0.076869,-0.024697,-0.098556,0.071695,0.279944,-0.199455,0.217777,0.033548,-0.103617,-0.035877,0.129777,0.292789,-0.109014,-0.107202,-0.149423,-0.129104,-0.209665,-0.035458,0.092022,0.180702,0.083214,-0.206634,0.076724,-0.231111,0.146687,-0.14173,-0.095135,0.163016,-0.003366,0.334384,0.42987,-0.177421,0.095334,-0.032313,-0.109769,0.018802,0.312339,0.073005,0.273376,0.019186,0.025712,-0.225067,0.314253,-0.098502,0.198829,-0.267249,-0.126522,-0.085556,0.059403,-0.174026,0.148401,0.294611,-0.116145,0.107548,-0.086726,-0.270951,-0.0046,0.133984,-0.127903,0.057103,-0.075546,-0.166193,0.082968,-0.070747,-0.121954,0.166688,0.174551,0.232443,-0.083968,0.175519,-0.150175,0.245383,0.0844,#
14,0.100081,0.197893,-0.203787,-0.006552,-0.038894,0.173775,0.106315,0.183214,0.146575,-0.366817,0.213466,-0.116822,0.029328,-0.071741,1.0,0.126446,-0.003691,-0.194964,0.063411,-0.07742,-0.100801,0.41947,0.062494,-0.083819,-0.021751,0.057592,-0.045598,0.115031,0.297667,0.094314,-0.30876,0.30118,0.065273,0.050582,-0.114057,-0.162283,0.046782,0.085869,0.338665,0.108814,-0.232571,0.042268,-0.005174,-0.114772,-0.119087,0.344856,0.237395,-0.300801,0.13484,0.100957,-0.055664,0.100187,-0.071971,-0.178776,0.053299,0.186397,-0.089541,0.16429,-0.336312,0.132496,0.274372,-0.13362,-0.020843,0.403553,0.250188,0.145601,-0.248871,0.009446,0.00872,-0.129422,-0.004568,-0.072706,0.23437,-0.108929,-0.155991,-0.114711,-0.140642,0.132895,-0.205609,-0.320628,-0.116632,-0.201431,-0.149181,-0.183118,-0.250577,-0.008703,-0.165523,-0.25709,-0.235243,-0.148704,0.025277,-0.154814,0.030792,-0.057073,-0.082478,-0.062724,-0.229543,-0.286015,-0.239119,-0.189965,0.055656,-0.01159,-0.270934,-0.305469,-0.103605,0.097455,-0.188143,-0.113472,0.035272,-0.210624,-0.343031,-0.060988,-0.182377,0.029191,-0.400178,-0.030226,-0.252952,0.004352,-0.145323,-0.067765,-0.086621,-0.231192,-0.072189,-0.053843,0.113112,-0.062238,0.116336,-0.048601,-0.232946,-0.290864,0.120003,-0.476143,-0.224297,-0.299362,-0.353698,-0.026912,-0.082593,-0.254917,0.125113,-0.165466,-0.193235,-0.310118,-0.297517,-0.205917,-0.318323,-0.090869,-0.121297,-0.151145,-0.050584,-0.342939,0.048871,-0.108863,-0.009465,-0.109148,-0.201079,-0.237106,-0.000717,0.138904,-0.270103,-0.04902,-0.246607,-0.177004,-0.056016,-0.387325,-0.166389,0.177671,-0.095786,0.047642,-0.202888,-0.178451,-0.019175,0.168819,-0.244928,-0.055306,0.268134,-0.065386,-0.003648,0.11474,-0.02362,-0.17434,0.127873,0.342795,0.165773,0.192553,0.154135,-0.142677,0.159738,0.012638,0.209908,-0.025159,-0.413134,0.371604,0.027284,0.107525,-0.147532,-0.111572,0.190921,-0.285679,0.038129,0.067529,#
15,0.010391,-0.048062,-0.229933,-0.099793,-0.070596,0.019725,0.078179,-0.168755,0.004816,-0.047664,0.131387,0.319389,0.070252,0.014428,0.126446,1.0,0.025216,-0.434785,0.096102,-0.18897,0.000947,0.056439,-0.149301,-0.123263,-0.248793,0.057866,-0.146264,-0.025957,0.149448,-0.067438,-0.311993,-0.01438,-0.06503,-0.143196,0.179614,0.075362,-0.166445,0.097133,-0.282124,0.185367,-0.035662,-0.091385,-0.117623,-0.13424,0.031446,0.138655,0.089656,-0.223744,0.173872,0.089077,0.043638,-0.114347,-0.045426,0.067642,-0.145195,0.035062,-0.02344,-0.036368,0.057393,0.109282,-0.056883,0.110725,0.146807,0.33186,0.031897,-0.119757,-0.209849,0.162313,-0.02018,-0.23591,-0.001673,0.015065,0.045647,-0.204385,-0.06739,0.0215,-0.222556,0.089236,-0.090822,-0.282438,-0.055739,-0.165875,-0.21557,-0.16954,-0.033731,-0.100474,-0.148853,-0.184033,-0.056117,0.040738,0.205188,-0.053224,0.19054,-0.406858,-0.152268,0.007152,-0.158264,-0.34294,-0.264863,-0.004023,0.240967,0.007012,-0.230946,-0.084067,-0.071908,0.033811,-0.420388,-0.028177,-0.182739,-0.058722,-0.444851,-0.358585,-0.180123,0.095345,-0.197098,-0.117836,-0.043615,-0.02744,-0.436888,0.132786,-0.0897,-0.224563,0.022733,0.294138,0.150505,-0.208767,-0.076251,-0.084782,-0.11018,-0.081097,-0.140875,-0.141124,-0.156382,0.089505,-0.162667,-0.100419,-0.056546,-0.294471,-0.113913,0.025933,-0.11955,-0.205096,-0.109295,-0.052877,-0.377873,0.224658,-0.349318,-0.128975,-0.223639,-0.341719,-0.016218,-0.122459,-0.315825,-0.1006,-0.288419,-0.156509,-0.05261,-0.041294,-0.134342,-0.060878,-0.453156,-0.399815,-0.049728,-0.309031,-0.251788,0.12508,-0.118494,0.223312,0.053497,-0.281637,0.08078,0.066392,-0.122417,-0.067763,0.177044,-0.272373,-0.232367,0.012122,-0.263551,-0.113388,0.145912,0.107089,0.491757,0.248095,0.22814,-0.075399,0.085087,-0.049348,0.544847,-0.016648,-0.331692,0.381767,0.275059,0.071591,-0.011844,0.115807,0.366737,-0.037625,-0.212189,0.113588,#
16,0.12287,-0.065645,-0.035551,0.128695,0.180293,-0.079843,-0.047332,0.115826,-0.10249,-0.491863,0.007293,-0.121905,-0.011048,-0.263217,-0.003691,0.025216,1.0,-0.137857,-0.08449,-0.157668,-0.20287,0.051695,-0.13233,0.097559,-0.147759,-0.087617,-0.158817,0.014286,-0.094907,-0.095906,-0.017559,0.184085,-0.060265,-0.302521,0.027034,-0.326822,-0.111349,0.025241,0.032052,0.082176,-0.071667,-0.145201,-0.162766,-0.16582,0.099828,0.22047,-0.010965,-0.156654,-0.153487,0.00717,0.179232,-0.059623,0.098888,0.021918,0.175124,0.118169,-0.133173,0.061557,-0.225622,0.018819,-0.002186,-0.245949,0.0648,0.146528,0.061311,-0.011023,-0.099158,-0.136463,-0.018289,0.101451,-0.113287,0.095124,0.101833,-0.144937,-0.287323,0.075653,-0.149652,-0.059245,0.001035,0.005748,0.056003,-0.073333,0.05532,0.157603,-0.048903,0.015114,-0.010092,-0.004202,-0.072554,-0.15439,0.175006,-0.060691,0.05532,-0.224438,-0.043187,-0.226418,-0.031322,0.005537,-0.017799,-0.070559,0.283188,-0.024342,-0.120637,0.036669,-0.033679,-0.271473,0.27168,-0.07683,-0.011886,0.126014,-0.215658,-0.070847,0.004921,-0.037135,-0.074375,0.070492,0.18627,-0.128219,-0.064774,0.247509,-0.12186,0.0561,-0.359988,-0.048399,0.009781,-0.213279,-0.144314,0.145701,-0.189957,0.022866,-0.182581,-0.243927,0.0647,-0.310189,0.100733,-0.119298,0.08559,-0.321219,-0.382233,-0.012476,-0.120304,0.149064,0.033311,0.146986,-0.197689,-0.042087,-0.148123,0.143878,-0.07919,-0.008359,0.208277,0.149127,-0.006452,-0.192718,-0.301339,-0.190375,-0.239454,-0.040017,-0.115483,-0.182138,-0.098461,0.070497,0.031437,-0.229784,0.035289,0.00607,-0.096747,-0.128095,-0.024775,0.057887,0.298184,-0.056122,-0.094415,0.118166,-0.236762,-0.167233,-0.04676,-0.137014,-0.211196,-0.054688,-0.017197,-0.258093,0.363591,0.083443,0.023776,-0.075782,0.028562,-0.008353,0.184048,-0.14288,-0.024357,0.211117,0.111925,0.244237,0.138884,0.210037,0.019305,0.139057,-0.383731,0.115985,#
17,0.013703,0.104342,0.195334,-0.053569,0.072101,-0.046735,-0.129375,-0.077854,0.237018,0.29993,-0.197953,-0.134722,0.237023,0.269991,-0.194964,-0.434785,-0.137857,1.0,0.016217,0.323938,0.130785,-0.099265,0.427239,0.077303,0.231811,-0.257452,0.208191,0.081975,-0.059976,0.04535,0.230002,0.059444,0.120796,0.143176,-0.220142,0.063042,0.364839,-0.267181,0.141372,-0.299773,0.125883,0.348014,0.192229,-0.013003,0.170982,-0.311674,0.283636,0.444777,-0.141451,-0.005787,0.136545,-0.075836,-0.200077,0.017839,-0.318451,-0.147059,-0.054196,-0.063515,0.056937,-0.093787,-0.134116,-0.015367,-0.107877,-0.361959,-0.179483,0.214171,0.245801,0.145998,0.297812,0.298357,0.042776,-0.113296,-0.173249,0.141316,0.125545,-0.11996,0.110704,-0.317713,0.036091,0.157446,-0.025875,0.015652,-0.060564,0.236247,0.144432,0.103049,-0.175342,0.149996,-0.059638,0.063022,-0.09111,-0.052132,-0.325059,0.439609,0.121444,-0.031818,0.109435,0.148544,0.223774,-0.141082,-0.244914,-0.182605,-0.167729,0.164048,0.177512,0.045935,0.041055,0.081772,0.071772,0.015683,0.50194,0.215281,0.293159,-0.15135,0.219453,-0.139382,-0.213646,-0.1903,0.658354,-0.367799,-0.050581,0.106153,-0.048892,-0.416218,-0.324594,0.25192,-0.095925,0.119024,-0.127805,-0.10309,0.118106,0.293062,0.197343,0.194253,0.064104,-0.006802,-0.094466,0.283243,0.328281,-0.072489,0.082829,0.049009,0.003159,-0.154952,0.004723,-0.009886,0.283711,0.301677,-0.235542,0.465107,-0.172671,0.10154,0.145495,0.007485,0.13465,0.19303,0.295647,0.191869,-0.033112,0.21749,0.252686,0.391017,0.071543,0.71089,0.222808,0.097669,-0.006901,-0.212905,-0.390914,0.276876,-0.13004,0.212727,0.033177,-0.267179,-0.210244,0.141725,0.274814,0.151011,0.336294,-0.212546,0.145037,-0.200858,-0.751164,-0.198792,-0.096682,0.002763,-0.087325,0.097683,-0.588533,0.166942,0.043043,-0.357747,-0.141834,0.019123,-0.059363,-0.075286,-0.058423,-0.019737,0.19003,-0.223559,#
18,0.074486,-0.100568,0.021376,-0.105574,-0.10056,-0.08645,0.168922,0.077908,0.308463,-0.129071,0.138773,-0.177802,0.093625,0.235429,0.063411,0.096102,-0.08449,0.016217,1.0,0.107843,-0.033938,0.165932,0.002685,-0.109219,-0.497657,-0.181886,-0.057584,0.349197,0.175909,-0.360396,-0.034651,0.244216,0.140412,-0.143395,0.094097,-0.024721,0.209669,0.457405,-0.112598,-0.248261,0.283558,-0.031235,-0.163629,0.008979,-0.053141,-0.269136,0.257034,-0.114148,0.010556,0.096736,-0.235118,0.268065,0.041227,0.011866,-0.337472,-0.080832,0.02633,-0.083039,0.030317,-0.180494,-0.020628,-0.090114,0.070521,-0.077601,0.044699,0.061578,0.420716,-0.134793,0.033418,-0.06355,-0.022274,-0.011057,-0.037603,0.151825,0.083155,-0.167318,0.288967,-0.295661,0.032793,-0.026041,-0.067111,0.044837,0.006222,-0.181232,0.071614,0.096164,0.069347,0.025285,-0.105983,0.201782,0.285692,0.065018,-0.084732,0.117198,0.147603,0.199917,0.078594,0.04497,-0.016503,-0.161547,-0.019257,0.002464,-0.094101,0.131221,-0.020617,0.108141,-0.104435,-0.04591,0.277604,0.041715,0.112691,-0.048608,0.200706,0.173857,0.077032,-0.200743,0.136813,0.276063,0.135402,-0.030483,0.147432,0.02163,0.224368,0.051796,-0.004906,0.130616,-0.082032,0.260063,0.212869,0.163624,0.219557,0.347952,0.02485,-0.109862,0.249663,0.077593,-0.043858,0.074864,-0.109244,0.0242,0.155162,0.016917,-0.169564,-0.014874,0.088568,0.175591,0.178835,0.047465,-0.075983,0.209348,0.250607,0.07858,0.21938,-0.075962,0.129291,0.044509,0.106099,0.111883,0.11052,0.025989,-0.115517,0.007453,-0.090333,0.057286,0.426559,-0.054992,0.14474,-0.035715,-0.133597,0.423068,-0.449631,0.399723,0.204199,0.061852,-0.027794,0.144328,0.045831,-0.016432,-0.160902,0.083044,0.050234,0.133491,-0.080171,-0.084657,-0.057952,0.088267,0.261582,0.049361,-0.064214,-0.361445,0.059423,-0.141989,-0.051449,-0.060784,-0.042083,0.048818,0.040933,0.001516,0.110601,-0.103548,#
19,-0.204474,-0.047069,-0.011847,0.067766,-0.20296,-0.055467,-0.096761,-0.108754,0.035835,-0.043328,0.166321,-0.296005,-0.043809,-0.058886,-0.07742,-0.18897,-0.157668,0.323938,0.107843,1.0,0.012031,0.17736,0.086579,0.032203,-0.047391,0.122101,0.207965,0.211554,-0.117565,0.019199,0.319145,-0.095431,0.277171,0.089894,0.201156,-0.19099,0.000597,0.072878,-0.129382,-0.086479,-0.04921,0.125801,-0.134177,-0.049502,0.00739,-0.217244,-0.005186,0.042723,-0.04984,-0.125486,0.100737,0.12981,-0.155458,0.019493,-0.121028,0.181596,-0.05188,-0.139496,0.051917,-0.359311,0.089793,-0.112851,0.168034,-0.134844,-0.005811,-0.024903,0.361255,0.013448,0.010179,0.289042,-0.052046,0.052283,0.010522,0.225816,0.194269,-0.085091,0.137041,-0.043749,0.168846,0.066353,0.080179,0.193391,0.063936,0.018179,0.150701,0.266854,-0.031427,0.253521,0.205484,0.059252,0.094607,-0.010446,-0.217955,0.244212,0.213449,0.13977,0.299905,0.023908,0.09472,0.082797,-0.2102,-0.200541,-0.078571,0.236551,0.089823,0.294936,-0.05218,0.320723,0.088356,0.152,0.468555,-0.210069,0.214572,-0.100337,0.18982,0.197324,0.273666,0.077296,0.300763,-0.015221,0.0502,0.254534,0.089166,-0.087429,-0.20376,0.238928,0.190158,0.208177,0.141507,-0.064891,0.121406,0.197494,0.052982,0.049752,0.13604,0.065202,-0.210278,0.271456,-0.04312,0.285554,0.267459,-0.030903,0.071399,0.0717,0.155861,0.094412,0.320931,-0.03255,0.301126,0.267749,0.176521,-0.007067,0.275394,0.289033,0.23369,0.356536,0.05171,-0.212861,0.329264,0.205789,-0.036741,0.193989,0.015387,0.400334,0.14868,-0.031944,0.211643,0.196693,-0.03638,0.174832,-0.225469,-0.146164,0.102207,0.164331,-0.070076,0.33277,0.380367,0.004804,0.134234,0.209896,-0.01324,-0.032516,-0.495931,0.000804,-0.099955,0.341989,-0.091532,0.077632,-0.250245,0.055085,-0.002935,-0.236154,-0.255164,-0.198631,-0.13828,-0.015386,-0.081862,0.173064,0.024627,-0.027361,#
20,-0.241563,-0.082943,-0.187158,-0.206914,0.097839,0.267516,0.043686,0.045147,-0.147495,0.027917,-0.106717,-0.039269,-0.081943,0.160067,-0.100801,0.000947,-0.20287,0.130785,-0.033938,0.012031,1.0,-0.23568,0.123663,-0.136753,0.010053,0.012241,0.100572,0.013507,0.013816,0.173787,0.011248,0.010183,0.075325,0.035995,-0.047427,0.131213,-0.0125,-0.01051,-0.03226,-0.195581,0.075689,-0.01537,0.166977,0.120905,-0.044699,-0.083256,-0.152058,0.119867,0.215119,-0.343648,0.049627,-0.259189,-0.073196,-0.192009,-0.223589,-0.070163,0.197821,-0.115158,0.159299,0.212688,-0.038767,0.019294,-0.139093,-0.125396,-0.250418,0.166187,-0.095002,0.34816,0.11242,0.009163,0.105557,-0.039213,-0.148438,0.026309,0.223581,0.042688,0.197484,0.160404,-0.14308,-0.040399,-0.096473,0.026932,-0.021358,0.003864,0.006154,-0.063538,-0.097661,0.1747,0.025971,0.283771,-0.176614,-0.035894,-0.072426,-0.116249,-0.030585,0.029173,-0.099544,-0.072336,-0.05832,0.191548,-0.070766,0.063851,-0.037229,-0.111967,-0.001754,-0.083237,-0.118666,-0.117884,0.156764,-0.365491,0.188472,0.072252,-0.086525,-0.202922,0.186253,0.07896,0.028095,0.106628,-0.109283,-0.069214,0.16818,0.051401,0.085909,0.044593,-0.143139,0.133601,0.018387,0.25243,0.057263,-0.050758,-0.040236,0.104915,-0.164825,0.00579,0.015462,0.068746,-0.220262,0.11029,0.127913,0.108604,0.000832,-0.136955,-0.160256,-0.131075,-0.013199,0.012344,0.288332,0.212864,0.006021,-0.017114,-0.152107,0.062782,0.096289,-0.092846,-0.138703,-0.081445,0.092619,0.019714,-0.096037,0.068028,-0.030878,-0.011911,0.019703,0.129018,-0.148066,0.069264,-0.011888,-0.044176,-0.109771,0.25622,-0.038834,-0.084848,-0.185822,-0.01135,-0.03601,0.008838,0.08125,0.034737,0.053664,-0.144359,0.201578,-0.195709,-0.069525,0.106517,0.185651,-0.322624,0.041801,-0.100024,0.001591,0.083093,-0.010774,0.116336,0.017222,-0.233566,-0.008931,0.105371,0.017045,-0.104064,-0.009043,0.106919,#
