0,1.0,0.102912,-0.208061,-0.127865,0.050689,0.038023,0.361168,-0.311042,0.105658,0.046505,0.418343,0.126679,0.265411,0.178664,0.068688,0.004257,-0.031951,-0.339192,0.318405,-0.08505,-0.077042,0.059035,0.087866,0.044183,0.037124,-0.019221,-0.176836,0.10865,0.26998,-0.006276,-0.239391,-0.00847,0.11048,-0.174782,0.325424,0.005563,0.07753,-0.001863,0.134432,0.079505,0.000469,0.117976,0.075164,-0.031685,0.096196,0.072468,0.258576,0.211549,-0.291873,-0.099974,0.08251,-0.169685,0.050043,-0.171923,0.069307,0.071872,-0.045491,0.1935,-0.026292,-0.132618,0.21022,0.07353,-0.20507,0.132317,-0.271315,0.008312,-0.046457,-0.033417,-0.142418,-0.180663,0.045676,0.061809,0.109581,-0.245682,-0.05109,0.141109,-0.390091,-0.077674,-0.235569,-0.008325,-0.112498,-0.081239,-0.082827,-0.420909,-0.110341,-0.07603,-0.095142,-0.206739,-0.151044,-0.112108,-0.418383,-0.205665,0.001017,-0.328705,-0.161792,-0.167846,-0.05428,-0.388802,-0.28128,-0.089383,0.285719,-0.082804,-0.089434,-0.180369,-0.115382,-0.207718,-0.182839,-0.015065,-0.192286,-0.062292,-0.09872,0.047703,-0.176472,-0.170532,-0.0408,0.030355,0.021873,-0.077636,0.047403,-0.076539,-0.160971,0.005604,-0.159368,0.186478,-0.155489,0.009263,-0.219353,0.171754,-0.254832,-0.208356,-0.286343,-0.337883,-0.149664,0.305869,-0.075528,-0.192815,-0.096336,-0.283234,0.342178,-0.117016,-0.134879,0.058382,0.0611,-0.223173,-0.198152,-0.007947,-0.147558,0.093277,-0.250277,-0.318858,0.053557,-0.106758,-0.387862,-0.085459,0.094372,-0.167682,0.037644,0.101481,-0.220359,-0.001813,-0.085772,-0.112485,-0.024021,-0.278922,0.000606,0.11584,0.100811,0.087449,-0.322223,-0.194314,0.168403,-0.268562,0.047846,0.088624,0.158846,-0.07312,-0.201482,0.03116,0.107074,-0.424932,0.063863,0.111294,-0.048951,0.239826,0.066728,-0.17441,0.242323,0.047158,0.141566,0.254154,-0.398661,0.23483,0.377836,0.021087,0.075001,0.195617,-0.066992,-0.169124,-0.004852,-0.188094,#
1,0.102912,1.0,0.008865,-0.086855,-0.11511,-0.007214,0.125826,-0.105128,0.019323,0.154215,0.018109,0.032035,0.161864,0.257279,-0.054235,0.025843,0.22718,0.107473,0.277265,-0.11272,0.176797,0.195896,0.047422,-0.27683,0.00496,-0.210307,-0.285655,0.0536,0.094055,-0.08176,0.004688,-0.155215,-0.006571,0.045968,0.160415,0.167451,-0.166463,-0.198774,0.079828,-0.324944,0.008643,0.045594,-0.049912,0.003032,-0.150348,0.002758,-0.094722,-0.047077,0.109765,0.182374,-0.007527,-0.174809,0.030942,0.170081,0.071522,-0.083189,0.118928,-0.05609,-0.050542,-0.11943,0.039487,-0.108646,-0.040823,0.063112,0.093476,0.161144,-0.229047,0.089085,-0.111707,-0.009646,-0.059176,-0.133328,-0.29477,-0.132494,-0.137271,0.133484,-0.105262,-0.054516,0.118728,-0.102266,-0.040581,-0.253022,-0.067528,-0.10917,-0.16303,-0.02921,-0.107728,0.119958,-0.027983,-0.077858,-0.15005,-0.092538,-0.169548,-0.144455,-0.15045,-0.063416,-0.079347,0.062628,0.086083,-0.070082,-0.043021,-0.079885,0.013759,0.160385,-0.122876,-0.229192,0.205336,0.035682,-0.240458,-0.232786,0.321664,-0.162595,-0.134173,-0.073014,-0.068967,-0.131218,-0.169228,-0.239299,-0.1254,-0.135562,-0.116325,0.031983,-0.396162,-0.111549,-0.187148,-0.276703,-0.082403,-0.099719,-0.250656,-0.125971,-0.043141,-0.266838,-0.294899,0.005821,-0.321781,-0.097665,0.083159,0.059316,0.143579,-0.271384,-0.112107,-0.229166,0.104094,-0.11498,-0.023847,-0.183963,-0.411355,0.106843,0.135807,0.076921,-0.035462,0.053736,0.124422,-0.188654,0.019567,-0.199365,0.155903,0.241201,-0.002558,0.133266,0.045458,-0.066383,-0.042129,0.074363,-0.032042,0.336375,0.27873,0.180873,-0.160139,-0.236908,0.212929,-0.041048,-0.109731,-0.039343,0.061903,-0.207838,-0.08378,0.182444,0.124043,-0.231692,0.218269,-0.065783,0.209235,0.08187,0.254688,-0.104715,0.07292,-0.162558,-0.118911,0.295266,-0.169181,0.276879,-0.123389,0.052372,-0.025433,0.189689,0.092413,-0.021614,-0.093844,0.160381,#
2,-0.208061,0.008865,1.0,-0.311579,-0.0285,-0.096716,0.079425,-0.177988,0.082558,0.025584,-0.118771,-0.17974,0.039955,0.012696,-0.122749,0.027498,-0.042524,0.320085,-0.068127,0.147415,-0.083836,-0.051851,-0.079593,0.028176,-0.039916,0.070399,0.101193,-0.09647,-0.000956,-0.141322,-0.140957,0.146542,-0.209887,0.206759,-0.058503,0.07037,0.010098,0.37372,-0.066562,-0.145935,0.094753,-0.120856,-0.101935,-0.097583,-0.006389,-0.286079,-0.26809,-0.155264,0.021821,0.050119,-0.028588,-0.143451,0.207751,-0.110009,-0.195597,-0.119542,-0.015514,-0.172077,0.07338,-0.206846,0.088317,-0.033734,-0.014455,-0.191407,0.254646,0.215859,0.105989,-0.0648,0.138072,0.209489,-0.183492,0.015647,-0.413182,0.066598,-0.100339,-0.145684,-0.07873,0.015899,-0.003419,-0.002846,0.172017,0.017167,0.176266,0.128084,-0.020543,0.143652,0.182722,0.041632,-0.031321,0.238668,0.040355,0.020925,0.050161,0.087965,-0.001643,0.014017,-0.032454,-0.075329,0.05223,0.034342,-0.275063,-0.214007,0.105982,0.122768,0.112881,0.065021,0.070312,-0.058913,0.171845,-0.105803,-0.011342,-0.084295,-0.004777,0.070156,0.286405,-0.083019,-0.006338,0.293544,-0.16871,-0.131241,0.015464,0.16495,0.020978,-0.316071,-0.246371,0.092726,0.374831,-0.054636,0.177508,0.084766,0.264014,0.008883,-0.058722,0.053039,0.167313,-0.091102,0.222683,0.262017,-0.381197,0.232397,0.010196,0.144786,-0.010399,-0.14361,0.00672,-0.098834,0.056249,0.012327,-0.075162,0.187316,-0.142138,0.220747,0.069169,0.038819,0.131022,0.075579,0.067711,0.001045,0.03428,-0.102637,0.181728,-0.121861,0.019667,0.158771,0.052965,-0.102017,0.031289,-0.029278,0.257857,0.070712,-0.135353,-0.077911,-0.025325,0.024625,-0.356577,0.187948,0.160222,-0.067211,-0.002792,-0.125616,-0.087825,0.072126,0.084553,-0.156937,-0.126836,0.134,0.136812,-0.024405,-0.150614,-0.442476,0.208845,-0.190309,-0.320042,0.107038,-0.187173,-0.028564,-0.010091,0.19481,0.155964,0.151645,#
3,-0.127865,-0.086855,-0.311579,1.0,-0.106938,-0.052952,-0.134245,0.203523,-0.447772,-0.189153,0.002068,0.052024,-0.169122,-0.345298,0.082437,-0.088681,0.144615,0.049,-0.097516,-0.098575,0.234518,-0.274884,-0.347688,-0.037069,0.107308,0.111313,-0.115284,0.121199,-0.000898,-0.192545,0.331649,-0.201682,0.165494,-0.103893,-0.136422,0.001827,-0.199905,-0.265306,0.202349,0.203818,0.019412,-0.136769,-0.048984,0.062371,0.087515,0.34312,-0.090542,-0.238073,0.078723,-0.170031,-0.16379,0.504477,-0.085276,0.259002,0.273203,-0.262369,0.231924,0.237474,-0.12344,-0.120231,-0.515333,-0.020989,0.135944,-0.008981,-0.129262,-0.207525,0.03096,0.042817,-0.105563,-0.013096,0.039143,-0.184575,0.087186,0.239363,0.204554,-0.126621,0.242712,0.230312,0.083913,-0.006394,0.030534,0.142402,0.162601,0.142335,0.114296,-0.093296,0.160149,0.118276,0.241902,0.033265,0.149803,0.115621,0.079533,-0.066865,0.242283,0.225094,0.288661,0.091665,0.10291,0.287387,0.183134,0.169967,0.344942,0.160475,-0.106335,0.120194,0.034822,0.188222,-0.175384,0.066102,-0.163393,0.049985,0.180301,0.169719,-0.055445,0.143751,0.234715,0.234114,-0.081674,0.274824,0.161873,0.130151,0.06671,0.221742,0.283058,0.111229,-0.373322,-0.186423,0.024955,0.195594,-0.15539,0.388671,0.313452,-0.096599,0.163696,0.115197,0.002452,-0.117059,-0.061358,0.108832,0.118898,0.004502,0.304102,0.175035,0.285492,-0.050999,0.124047,-0.204314,0.168021,-0.105994,0.213869,-0.083602,-0.009183,0.091164,0.176564,-0.002698,-0.332239,-0.232841,0.13749,0.087745,0.039146,0.130783,0.087847,-0.083913,-0.110374,-0.305383,0.080122,-0.143604,0.040077,0.011432,0.146551,0.336235,0.085698,0.20705,0.078101,0.155175,-0.090176,-0.128703,-0.381537,0.430112,-0.409982,0.110767,0.008583,-0.167612,-0.095987,-0.141733,-0.141598,-0.043748,0.294924,-0.006695,0.110476,-0.144019,-0.128052,-0.181528,-0.006727,-0.134071,-0.081713,-0.336541,-0.276926,-0.081421,#
4,0.050689,-0.11511,-0.0285,-0.106938,1.0,-0.022432,-0.006101,-0.033555,-0.041237,-0.102016,0.16434,-0.122492,-0.071724,-0.325626,-0.090478,-0.028767,0.190655,-0.133881,0.083574,-0.01872,-0.170345,-0.262809,0.117548,-0.072394,0.021285,-0.024365,-0.114228,-0.162996,0.037417,0.056589,-0.273595,-0.028601,0.128554,-0.226633,0.10316,0.051796,-0.003454,-0.165139,0.04713,0.361504,-0.078168,-0.281295,-0.106056,-0.065694,-0.254792,0.124196,-0.077554,-0.055712,0.002247,0.241581,0.020265,0.109056,-0.155096,0.232739,0.082666,-0.046908,-0.291925,0.125627,0.096827,0.222823,-0.165351,-0.139401,0.019044,-0.161652,-0.129783,-0.101532,0.369158,-0.03301,-0.072989,-0.074046,-0.076551,0.150343,0.146059,-0.005544,0.128042,-0.014602,-0.000188,-0.130442,0.087771,-0.180182,-0.194263,0.235933,0.144929,-0.052434,0.184744,-0.063336,-0.067127,-0.015318,0.049044,-0.053245,0.058472,0.276774,0.090964,0.128239,0.188151,-0.092977,0.247493,-0.035314,-0.032879,-0.04487,0.151618,0.138583,0.047239,-0.142675,0.075984,0.008519,-0.187427,-0.013481,-0.192316,0.186041,-0.000256,0.000945,-0.217177,-0.110594,-0.272716,0.177384,0.099973,0.344983,-0.255469,-0.044541,-0.225252,-0.089483,-0.139116,0.035384,0.021657,0.070632,0.034678,0.086898,-0.047978,-0.149212,0.132371,-0.17204,0.194719,0.018143,0.127481,-0.059398,0.144304,0.051651,-0.004038,0.064043,-0.057978,-0.114457,-0.060119,0.179039,-0.110981,-0.09035,0.01052,-0.073628,0.033174,-0.081154,0.082589,0.044133,-0.174866,0.134659,-0.070452,-0.036256,-0.059939,0.038229,-0.260456,0.061723,-0.276844,-0.062447,-0.067187,0.114169,-0.039525,-0.030698,0.042725,0.016981,-0.018791,0.244807,0.125332,0.097624,0.09221,-0.039806,-0.091965,0.027317,0.032857,-0.055443,-0.014746,0.042152,-0.068775,0.212455,-0.008042,0.00396,0.029483,-0.037749,0.041959,0.287357,0.348181,-0.07784,0.013467,0.013912,0.270054,0.091257,-0.115354,-0.039969,0.091069,0.124086,-0.005443,-0.200484,#
5,0.038023,-0.007214,-0.096716,-0.052952,-0.022432,1.0,0.257986,0.179812,0.147073,-0.077,-0.027134,0.092699,0.03627,-0.100429,0.142146,-0.108758,0.197822,0.086428,0.099838,-0.148009,-0.146211,-0.109047,0.215602,-0.104623,-0.167091,0.28246,-0.117349,-0.023454,0.124077,0.089155,-0.227868,0.055239,-0.051458,0.090448,-0.00625,0.182247,0.077941,-0.138055,-0.129374,-0.126042,-0.330128,0.056747,-0.124699,-0.043329,0.013085,-0.036592,0.212538,-0.175141,0.124831,-0.003965,0.051076,-0.089225,0.138494,-0.018251,-0.052509,0.089633,-0.158718,0.21751,-0.14677,-0.017025,0.048806,0.077953,0.04671,0.054133,-0.249584,-0.170515,-0.105077,-0.029608,-0.039752,-0.359935,-0.029924,-0.085285,-0.090792,-0.016145,-0.046694,0.163473,-0.081901,0.02164,-0.250442,0.085136,-0.217382,-0.230722,-0.15932,0.189472,-0.103806,-0.184024,-0.149352,-0.009164,-0.122119,-0.102646,-0.037526,-0.20071,-0.247205,-0.278075,-0.153382,0.013451,-0.146814,-0.108413,-0.296186,-0.287653,0.279348,0.099423,-0.04487,-0.121706,-0.240335,-0.343201,-0.040823,0.089955,-0.142226,0.015111,0.071549,0.278053,-0.245223,-0.215215,0.001206,-0.118267,0.032083,0.050273,0.121611,-0.199583,0.073794,-0.171181,-0.035634,0.061177,-0.142526,-0.079744,0.039582,-0.037586,-0.372644,0.08035,-0.032645,-0.162293,-0.04821,0.040665,-0.42267,-0.080757,0.151698,0.183924,0.188623,-0.090394,-0.092266,-0.023781,-0.172509,0.11915,-0.090032,-0.221078,0.247089,0.074062,-0.31726,-0.184259,-0.038585,-0.410516,0.220221,-0.093215,0.160997,-0.031318,0.063686,-0.053374,-0.394291,-0.024902,-0.191332,-0.023562,0.261577,-0.248645,0.185166,0.037169,-0.179897,-0.074002,0.02628,-0.275668,0.056101,-0.298207,-0.159734,-0.223877,0.123891,-0.211569,-0.009942,0.089147,0.032532,-0.050407,0.320699,-0.035402,0.018599,0.019003,0.46572,-0.188583,0.091982,0.034761,-0.030784,0.131369,-0.057716,0.158768,0.05875,-0.043347,-0.194819,0.333306,0.027661,0.119813,-0.265982,-0.131417,#
6,0.361168,0.125826,0.079425,-0.134245,-0.006101,0.257986,1.0,-0.223724,0.323272,-0.03969,0.224879,0.085685,0.077403,0.03601,-0.038803,0.002433,0.152035,0.184889,0.189002,0.047422,-0.242164,-0.075218,0.194014,0.047416,-0.143572,0.153858,-0.039361,0.000248,0.352058,-0.042067,-0.274185,0.005036,-0.092443,-0.21979,0.146099,0.155453,0.311086,-0.146977,0.144089,0.125433,0.050808,0.185735,-0.077989,0.065402,0.073846,-0.086943,0.128563,-0.043964,-0.104767,-0.062074,0.027544,-0.319108,0.182655,-0.130714,0.301975,-0.151169,-0.102932,0.006703,0.093148,-0.242254,0.19168,0.222246,-0.064842,0.239343,0.148396,0.168139,-0.149228,0.067799,0.150127,-0.190257,0.07262,-0.057955,-0.13727,-0.588363,-0.361358,0.19412,-0.40968,-0.349252,-0.349719,-0.082123,-0.309936,-0.141097,-0.156995,-0.165788,-0.341162,-0.128229,-0.247039,-0.200334,-0.437483,-0.269501,-0.530535,-0.423456,-0.511456,-0.24464,-0.433794,-0.476179,-0.090557,-0.362819,-0.354431,-0.259116,0.127161,0.035588,-0.295903,-0.206621,-0.317089,-0.413821,0.028847,-0.141418,-0.108305,-0.226929,-0.015361,0.047871,-0.207264,-0.444502,-0.03653,-0.274038,-0.031947,-0.119399,0.162347,-0.268771,-0.245511,-0.105987,-0.240637,-0.116769,-0.151543,-0.233601,0.043447,0.210995,-0.312938,-0.159926,-0.243191,-0.39785,-0.235671,0.127677,-0.284814,-0.312281,0.008137,-0.042044,0.118115,-0.368211,-0.253169,-0.037396,-0.140446,-0.319559,-0.352497,-0.15862,-0.078479,0.507426,-0.340628,-0.450776,-0.154417,-0.470985,-0.244144,-0.147584,-0.123977,-0.099202,0.097045,0.301067,-0.264176,-0.176291,-0.00081,-0.263248,0.103913,-0.063479,-0.091192,0.177729,-0.043992,-0.020206,-0.309722,-0.326717,0.269687,-0.290401,-0.199599,-0.177312,0.141825,-0.409797,-0.159859,0.335839,0.179811,-0.49184,0.31638,-0.015861,-0.035151,0.336642,0.210888,-0.455943,0.048819,-0.001282,-0.077921,0.245123,-0.389431,0.208918,0.19052,0.203591,-0.08452,0.001593,0.096559,-0.036321,-0.171693,0.148851,#
7,-0.311042,-0.105128,-0.177988,0.203523,-0.033555,0.179812,-0.223724,1.0,-0.33151,-0.005057,-0.220206,-0.208065,0.182355,-0.195137,0.103409,0.041725,0.176836,0.013101,-0.049776,-0.26204,0.172419,0.103645,0.000689,-0.003108,-0.095061,0.050828,-0.167826,-0.235818,-0.222413,0.111531,-0.084964,-0.04818,0.04436,0.14309,-0.165053,-0.07071,-0.142663,-0.23407,-0.153041,0.130229,-0.03931,-0.017324,-0.027377,-0.166661,0.107618,0.041697,0.253516,-0.144504,0.174201,0.021189,-0.043838,-0.043943,-0.00931,-0.182446,-0.055271,0.091164,0.453022,-0.129696,-0.126516,0.394894,-0.086003,-0.304728,0.073045,0.047919,-0.05832,-0.113756,-0.014567,0.02489,-0.092276,-0.15182,0.183568,0.0486,-0.246606,0.220516,0.098149,-0.093846,0.073243,0.071847,-0.055983,0.059792,-0.067391,-0.220791,-0.120433,-0.001418,0.137333,-0.168817,0.179007,0.104566,0.204648,0.182847,0.116936,0.057094,0.105988,-0.030048,0.120832,0.176142,-0.059088,0.138115,0.141416,-0.029524,-0.108135,0.137619,0.10187,0.070403,-0.103947,0.119091,-0.139956,0.020361,-0.014327,0.214561,0.128649,0.029157,0.174471,0.271846,-0.025315,0.040219,0.171373,-0.060956,0.020217,0.027343,0.20385,-0.224131,0.090791,0.199582,0.041467,-0.127659,-0.002201,-0.10406,0.038997,0.025097,-0.171545,0.237511,0.168899,-0.172625,0.041474,0.269073,0.091229,0.112223,-0.070343,-0.019258,-0.157163,-0.082632,-0.187632,0.253541,-0.130417,-0.130209,0.022397,0.103656,0.099799,0.101044,-0.086575,-0.104546,0.141711,-0.030809,-0.035491,-0.232784,-0.063807,0.041341,0.032632,0.136441,-0.164059,0.239102,0.081714,0.123723,0.135352,-0.324494,-0.385104,-0.093109,0.102151,0.203512,-0.121607,0.090085,-0.136308,-0.18561,0.131894,-0.067416,-0.116757,-0.02247,-0.098815,0.178623,-0.004583,0.034303,0.18806,0.027084,0.037661,-0.028827,-0.08498,-0.089528,-0.091918,0.137295,0.000369,-0.148983,-0.120413,0.006194,0.060395,-0.115877,-0.055911,0.022324,-0.151667,0.060401,#
8,0.105658,0.019323,0.082558,-0.447772,-0.041237,0.147073,0.323272,-0.33151,1.0,0.375605,0.019227,0.233162,-0.009742,0.241064,0.016593,-0.067359,-0.225563,0.152905,0.051041,0.229396,-0.1516,-0.034002,0.221182,0.065605,-0.098362,0.158426,0.172146,0.1514,0.137031,-0.018428,-0.213144,0.104664,0.140084,-0.018082,0.016414,0.012758,0.323652,0.173731,-0.024562,-0.152519,0.103127,0.106731,-0.059848,0.019573,-0.060659,-0.226152,-0.014244,0.301666,-0.066806,0.010289,-0.134537,-0.322137,0.26239,0.150826,0.194736,0.132948,-0.410831,-0.198689,-0.06,-0.043579,0.14539,-0.041888,-0.085769,0.110715,0.180788,0.129319,-0.022758,0.184905,0.139279,-0.088107,-0.00194,0.033789,0.091225,-0.184248,-0.295319,0.178709,-0.16443,-0.198172,-0.21482,0.16638,-0.262872,-0.183546,-0.096367,0.030233,-0.316116,0.109774,-0.327337,-0.319468,-0.198953,-0.392105,-0.113886,-0.387469,-0.3936,-0.040871,-0.20625,-0.073712,-0.299511,-0.066076,-0.252208,-0.191903,-0.211869,0.136114,-0.189244,-0.073804,0.102299,-0.24428,-0.012353,-0.153982,0.101899,-0.025722,0.12192,-0.127169,-0.219738,-0.17551,0.166599,-0.025457,-0.211719,-0.293452,0.066709,-0.307909,-0.158644,0.051567,0.050979,-0.223846,-0.277579,-0.00575,0.232345,0.079515,-0.114574,-0.150061,0.212404,-0.08345,-0.458795,-0.118997,-0.268051,0.020108,-0.147222,0.111835,0.1541,-0.154064,-0.164092,0.146206,-0.28069,-0.208761,-0.245486,-0.227075,-0.249259,0.154445,-0.182117,-0.145907,-0.089745,-0.069487,-0.112018,-0.295926,0.157715,-0.087378,0.361756,0.444387,-0.387682,-0.223502,0.012306,0.019008,-0.14272,-0.119131,-0.056344,0.091025,0.004155,-0.011941,-0.042334,-0.120899,-0.143373,-0.320776,-0.058691,-0.031399,0.114904,-0.142452,0.162181,0.166602,0.547844,-0.309746,0.346623,0.008754,-0.255855,0.098644,0.10687,-0.052123,0.228732,0.062846,-0.352131,0.034626,-0.112314,0.094601,0.026688,0.29994,-0.02898,0.085832,-0.006075,-0.136628,0.061632,0.137502,#
9,0.046505,0.154215,0.025584,-0.189153,-0.102016,-0.077,-0.03969,-0.005057,0.375605,1.0,-0.240172,-0.148645,0.30667,0.474819,0.003997,0.016648,-0.365019,0.25075,-0.008605,0.163574,-0.171256,-0.009095,0.216663,0.020379,0.044475,-0.025935,-0.179712,-0.056651,0.231777,0.215531,-0.01145,0.002255,0.164014,0.005189,-0.056278,0.03456,0.252787,-0.041959,-0.038745,-0.179602,0.287137,0.053077,0.065841,-0.099782,0.026356,-0.356728,0.029076,0.318416,0.080441,-0.020173,-0.14186,-0.377374,0.328836,-0.007592,0.137952,-0.020694,-0.126073,-0.405016,-0.019361,0.210834,0.320279,-0.188062,-0.391613,0.080095,0.045966,0.045409,0.069402,0.062079,-0.062437,-0.0991,0.040093,0.153693,-0.262992,-0.092482,-0.100316,-0.0424,-0.135042,-0.162547,-0.081366,0.258583,-0.13302,-0.288698,-0.204774,0.147576,-0.385758,0.143042,-0.078174,-0.256458,-0.218045,-0.251894,-0.07161,-0.179628,-0.324238,-0.062188,-0.285837,0.176961,-0.598862,0.077792,0.177392,-0.257901,-0.390431,-0.0884,-0.162506,-0.082088,0.013188,-0.133567,-0.037146,-0.428198,0.262132,-0.066843,0.421444,0.132509,-0.136364,-0.047007,0.027499,-0.127405,-0.135459,-0.179103,0.243366,-0.247899,-0.276786,-0.111451,-0.122084,-0.115088,-0.320565,0.294565,0.205983,-0.052405,-0.182252,-0.359363,0.108573,0.078478,-0.562324,0.022263,-0.287644,-0.274554,-0.047462,0.033457,0.156395,-0.183352,-0.030557,-0.236781,-0.241848,-0.316146,-0.329999,-0.239383,-0.40355,0.207145,-0.170331,-0.1643,-0.370264,0.085194,-0.13085,-0.609459,0.110822,-0.324734,0.676374,0.40767,-0.175915,-0.322824,-0.194369,0.044922,-0.145145,0.002374,0.085925,0.331762,-0.067836,-0.25185,0.066623,-0.174381,-0.31036,-0.013554,-0.075853,-0.105358,0.296915,-0.272935,0.033685,-0.169651,0.50822,-0.329111,0.457171,0.241352,-0.343477,-0.211024,0.104068,-0.185337,0.231264,-0.04305,-0.577651,0.12669,-0.295338,-0.10481,-0.023541,0.251802,-0.19071,0.078889,0.231264,-0.063379,0.145539,0.396898,#
10,0.418343,0.018109,-0.118771,0.002068,0.16434,-0.027134,0.224879,-0.220206,0.019227,-0.240172,1.0,0.298506,-0.017885,-0.048299,-0.189861,-0.123501,0.105021,-0.200218,0.080495,-0.022123,0.02621,-0.038126,0.037335,0.105272,-0.082855,0.185541,-0.022832,0.092545,0.03304,-0.172531,-0.075414,0.164248,0.050195,-0.176185,0.005457,0.129526,-0.159753,0.128665,-0.068212,0.143081,-0.223065,-0.101626,0.017483,0.085176,-0.007598,0.390138,-0.008244,0.167942,0.004766,-0.01598,0.172513,-0.07532,0.20716,-0.118155,0.08963,0.014931,-0.077607,0.292921,0.099791,-0.157383,-0.16017,0.01499,-0.026346,0.068911,-0.253402,0.035402,0.141917,0.151102,-0.10739,-0.17838,0.183999,-0.078554,0.210315,-0.209869,-0.076411,-0.032345,-0.054939,-0.076266,-0.107607,-0.050633,-0.068473,0.163661,-0.075981,-0.087766,0.053386,0.057711,-0.0927,0.057416,-0.012768,0.05225,-0.105142,0.097895,0.055302,0.015126,-0.073654,-0.14898,0.269631,-0.299144,-0.092766,0.02384,0.186404,-0.079263,-0.074123,-0.010494,0.090806,-0.139899,0.084339,0.116588,-0.03694,0.156723,-0.358626,0.050818,-0.067658,-0.132393,-0.028976,0.111852,-0.187795,-0.006331,-0.172969,0.036775,-0.047173,0.321674,-0.086863,-0.038455,-0.014509,0.008121,-0.247332,0.084041,-0.098797,-0.135131,-0.092553,-0.31308,0.082268,-0.194823,0.030805,0.042637,0.099873,-0.081515,-0.109076,-0.035338,-0.140977,0.112238,0.102638,0.156385,0.033389,-0.193241,-0.090909,0.013405,0.013933,-0.241169,0.408163,-0.209024,-0.204436,0.018433,-0.086322,0.048308,-0.290856,-0.095486,-0.088757,0.063285,-0.060815,-0.184566,-0.016535,-0.136256,0.080742,-0.146227,0.109503,-0.19457,-0.20318,0.004581,0.249635,-0.172066,0.12421,0.079109,-0.013384,0.15389,-0.0995,0.024228,-0.074867,-0.066756,-0.111253,0.128677,-0.02516,-0.044921,0.069438,-0.007154,-0.026933,0.224624,0.285501,0.327835,0.007806,0.145565,0.167846,-0.18252,0.106049,-0.196131,-0.1021,-0.058883,-0.163864,-0.444821,#
11,0.126679,0.032035,-0.17974,0.052024,-0.122492,0.092699,0.085685,-0.208065,0.233162,-0.148645,0.298506,1.0,-0.005349,0.090642,-0.048972,-0.15053,-0.108194,-0.078337,-0.091535,-0.128607,0.014915,-0.188168,-0.017358,0.140706,-0.025227,-0.023822,0.059695,0.222696,0.068761,-0.104662,0.046021,0.026158,-0.002995,0.000446,0.114773,-0.088807,-0.027679,-0.154055,0.204091,-0.146113,-0.093143,0.140706,-0.040851,-0.116084,-0.130192,0.346202,-0.138818,0.094168,0.0498,-0.095759,-0.295967,0.145679,-0.004985,0.041179,0.08867,-0.044378,-0.138221,0.242725,-0.242706,-0.145951,-0.217368,-0.11954,-0.044586,0.045676,-0.031154,0.105034,-0.053488,0.242421,0.224635,-0.163688,-0.08853,-0.229264,-0.004581,0.073164,0.190325,-0.048137,-0.080106,0.136327,-0.307831,-0.004597,-0.259647,-0.187349,0.131262,-0.063375,-0.054759,-0.133738,-0.134336,-0.246192,0.134688,-0.066585,-0.0391,-0.215545,-0.059118,-0.052741,-0.040097,-0.010731,0.173086,-0.000388,-0.080375,0.083385,0.119708,-0.180966,-0.043035,0.182616,0.014261,-0.079757,0.038171,0.008464,-0.049768,0.152746,0.01614,-0.178537,0.053987,-0.06944,-0.075991,-0.016556,-0.022297,0.024801,-0.002977,0.124785,0.026877,0.174805,-0.042089,0.178006,-0.035502,-0.052966,-0.197054,-0.142559,-0.209392,0.011997,-0.138339,-0.096914,-0.211513,0.039352,-0.186123,0.178298,-0.144844,-0.280687,0.136278,-0.321467,0.010139,0.071676,0.157531,-0.047823,0.228852,-0.29701,0.054855,-0.055089,-0.128188,-0.14333,0.182292,0.006774,-0.115979,0.183572,0.06092,0.110434,-0.003115,0.064058,0.03356,-0.147612,-0.109046,-0.0555,-0.016703,0.02148,-0.280611,-0.014233,-0.003614,0.001222,-0.038538,-0.015877,0.286655,-0.078373,0.085786,0.005811,0.042297,0.029419,0.081182,0.335723,0.045189,0.09623,0.018579,-0.072649,-0.143528,-0.161133,0.190135,0.127396,-0.0584,-0.033741,0.092976,0.196832,-0.142947,0.334622,0.019507,0.018624,-0.072634,0.013697,-0.146777,-0.053734,0.062356,-0.225717,#
12,0.265411,0.161864,0.039955,-0.169122,-0.071724,0.03627,0.077403,0.182355,-0.009742,0.30667,-0.017885,-0.005349,1.0,0.439937,-0.00859,0.209999,-0.030071,0.298696,0.18574,0.065603,0.031948,0.010866,0.198414,0.086225,0.001001,-0.227147,0.057664,0.024014,0.255134,0.124274,0.079323,-0.021956,0.027684,0.140034,-0.087148,0.133984,0.234905,-0.038904,-0.039941,-0.015988,0.016773,0.03628,0.08874,-0.194127,-0.167861,-0.287463,0.326317,0.271039,0.051361,0.092209,-0.058525,-0.215848,0.104621,-0.06633,-0.114415,-0.074934,0.123977,-0.33676,-0.023474,0.050424,0.312021,-0.37768,-0.224832,0.060126,0.124724,0.018639,-0.018896,-0.008532,0.02007,-0.054231,-0.040549,0.104755,-0.322605,-0.082245,-0.082469,-0.014152,-0.358191,-0.112957,-0.23358,0.048056,-0.198275,-0.297747,-0.202684,-0.066886,-0.216194,-0.083996,0.04571,-0.042677,-0.070292,-0.028043,-0.197218,-0.047321,-0.225503,-0.233676,-0.118831,-0.001728,-0.284214,-0.013426,-0.005281,-0.321598,-0.1327,-0.238829,-0.128423,0.094942,0.031289,0.042238,-0.240836,-0.158295,0.026027,-0.042785,0.196222,-0.19464,-0.102877,-0.004006,0.081086,-0.075173,-0.203571,-0.088472,0.170636,-0.211946,-0.150616,-0.138431,-0.24648,-0.065292,-0.281075,-0.004118,0.065576,0.069508,-0.182552,-0.374112,-0.062685,0.088592,-0.246175,0.139983,-0.068594,0.059744,0.062628,-0.210569,0.207082,-0.242819,-0.363452,0.076433,-0.126561,-0.22128,-0.282795,0.031249,-0.234186,0.355628,-0.236334,-0.076896,-0.315608,-0.025084,-0.000248,-0.212828,0.130522,-0.335116,0.275288,0.194125,-0.18297,-0.114377,0.056286,0.091718,-0.053335,0.110686,0.296761,0.109086,0.033718,0.233558,-0.087491,-0.020207,-0.16308,-0.190225,-0.284008,-0.119271,0.025524,-0.164401,-0.228691,0.153889,0.200345,-0.23924,0.179524,-0.019575,0.059475,-0.059441,0.311736,-0.114254,0.214942,0.114021,-0.185453,0.361821,-0.249961,-0.109482,0.029379,0.315607,0.011309,0.041914,0.143762,0.018249,0.080444,0.234291,#
13,0.178664,0.257279,0.012696,-0.345298,-0.325626,-0.100429,0.03601,-0.195137,0.241064,0.474819,-0.048299,0.090642,0.439937,1.0,0.061678,-0.004622,-0.350274,0.060025,0.309662,0.316554,0.108247,0.195627,0.249458,-0.066765,-0.073951,-0.091169,0.154657,0.289157,0.219798,-0.060633,0.204247,0.068664,-0.099125,0.122293,-0.195234,-0.148323,0.066059,0.155802,-0.031509,-0.437556,0.0801,0.19121,0.054197,-0.20289,-0.157447,-0.447968,0.083239,0.314186,-0.194744,-0.143158,-0.049508,-0.263629,0.134733,-0.219682,-0.218826,-0.004973,-0.095142,-0.09606,-0.166689,-0.081429,0.399784,-0.085315,-0.304715,0.007078,0.145297,-0.020056,-0.038352,-0.14181,-0.093415,0.060586,-0.085563,0.111538,-0.15752,-0.283791,-0.174499,0.049904,-0.205491,-0.015206,-0.137159,0.26284,0.030586,-0.320692,-0.199109,-0.080446,-0.234116,0.256252,-0.211126,-0.088304,-0.155396,-0.01397,-0.243602,-0.118476,-0.219023,-0.235092,-0.252232,-0.020555,-0.377217,-0.042693,0.18476,-0.275101,-0.353483,-0.272974,-0.228237,-0.14125,-0.059318,-0.138684,0.144323,-0.334289,0.124012,-0.166643,0.36611,0.030975,-0.345059,-0.018278,0.271154,-0.151193,-0.26569,-0.309752,0.22594,-0.149455,-0.036336,0.034759,-0.08675,-0.071959,-0.371944,0.136108,0.034953,-0.02022,-0.25271,-0.305454,-0.019204,-0.186249,-0.456406,-0.047452,-0.062118,-0.111608,0.121857,-0.159726,0.223405,-0.362485,-0.051016,-0.014416,-0.019306,-0.286562,-0.263078,0.074038,-0.220871,0.201657,-0.232129,0.078717,-0.279917,0.245107,0.050929,-0.342133,-0.080488,-0.209415,0.555985,0.213527,-0.034155,-0.333162,0.087099,-0.125803,0.141074,-0.167844,0.206598,0.529025,0.094448,0.066192,-0.121516,-0.056792,-0.231432,-0.16682,-0.18757,-0.135591,-0.035848,-0.279644,-0.05183,0.101814,0.347104,-0.35359,0.291501,-0.199713,-0.039698,-0.020443,0.025085,-0.106917,-0.026816,0.128057,-0.446416,0.205233,-0.226172,-0.009985,-0.113314,0.182833,0.095237,-0.054536,0.013446,-0.089465,0.143359,0.270835,#
14,0.068688,-0.054235,-0.122749,0.082437,-0.090478,0.142146,-0.038803,0.103409,0.016593,0.003997,-0.189861,-0.048972,-0.00859,0.061678,1.0,-0.18407,0.049993,0.013694,0.118971,0.153088,0.136633,0.037799,0.151427,0.115885,-0.081549,0.227977,0.17366,-0.002784,0.07569,-0.158361,-0.027699,0.132124,0.245027,0.02654,-0.14099,-0.265991,-0.177258,0.00902,-0.062653,-0.245776,-0.086124,0.100291,-0.077594,0.13794,0.244836,-0.25308,0.106203,-0.041215,-0.009145,-0.136098,0.087952,-0.039773,0.097618,-0.148354,-0.071166,0.185854,-0.081249,0.020797,-0.089253,0.048719,0.12063,0.198188,-0.170173,-0.042463,-0.193743,-0.275204,0.059212,-0.205801,-0.046107,-0.032249,-0.180315,-0.042816,-0.059969,0.130142,-0.162612,-0.072751,-0.18271,0.170824,-0.297289,0.373494,0.165738,-0.197401,-0.122059,-0.069097,0.00926,0.122606,0.16299,0.043901,0.252325,-0.05129,-0.098757,-0.070135,0.104625,-0.18421,-0.076741,0.059207,-0.181823,-0.046887,-0.127534,-0.059371,-0.040666,0.152723,-0.057555,-0.382126,-0.05019,0.101188,-0.30865,0.023567,0.136062,0.050356,-0.052988,0.078967,0.076471,0.103164,0.32194,0.020925,0.005745,-0.134676,-0.035118,-0.413779,0.043747,-0.278565,0.129759,0.195476,-0.066687,-0.108801,0.073919,0.009435,-0.152823,0.113468,-0.058895,-0.092146,-0.147404,-0.118098,0.004397,0.050229,-0.26946,-0.059307,0.254877,-0.034083,-0.043633,-0.01977,-0.184266,0.138312,-0.189642,-0.142474,0.109329,0.044717,-0.24753,0.171137,-0.049229,-0.203774,0.058983,0.134675,-0.133946,0.161929,0.231986,0.053354,-0.04672,0.347138,0.044356,-0.049824,0.027229,-0.244611,0.178743,0.133078,0.029942,0.000471,0.060681,-0.048936,-0.228543,-0.086426,-0.114677,0.139765,-0.03388,-0.229613,0.094873,-0.139032,0.216326,-0.011176,-0.051936,0.142351,0.187441,-0.109602,0.089133,-0.216097,0.103746,-0.084937,0.00351,-0.117303,-0.056853,0.145463,0.011901,0.057471,-0.227348,0.249649,-0.189967,-0.103331,-0.195779,-0.090203,#
15,0.004257,0.025843,0.027498,-0.088681,-0.028767,-0.108758,0.002433,0.041725,-0.067359,0.016648,-0.123501,-0.15053,0.209999,-0.004622,-0.18407,1.0,0.195729,0.188999,-0.184867,0.066416,-0.310058,0.105845,-0.013693,-0.150743,0.233679,0.02243,-0.125246,0.142032,0.117896,0.012697,0.041274,-0.245053,0.006407,0.12849,0.026411,0.117843,0.075904,0.131218,0.123916,0.06424,0.066486,-0.101457,0.140396,0.158794,-0.149542,0.016674,0.174653,-0.032435,-0.049212,0.283575,0.115703,-0.164163,-0.101092,0.052443,0.16977,0.042975,0.189494,-0.210664,0.025806,0.104281,-0.004279,0.094264,0.191902,0.197802,-0.058867,-0.188707,-0.04324,-0.002921,-0.313744,-0.190526,0.139107,0.269941,0.123512,0.104582,0.060935,0.249831,-0.041978,-0.103334,0.23653,-0.133614,-0.040769,0.01266,-0.163574,0.223214,0.038101,-0.32942,0.125718,-0.263388,-0.152506,0.201382,-0.161892,0.076931,-0.114657,0.055077,-0.17902,-0.08353,0.096314,0.086238,0.006303,0.138433,-0.028769,0.069378,-0.154548,0.262864,0.028166,0.083078,0.101193,0.088327,0.109412,-0.153161,-0.018377,-0.114202,0.097696,0.169672,-0.244411,-0.087817,0.177875,-0.168111,-0.077392,0.024411,-0.133949,0.157887,-0.217648,-0.031398,0.035786,-0.117831,-0.072899,0.282296,0.058122,-0.086891,-0.09504,-0.005475,-0.036917,0.250728,0.118223,0.003223,-0.062575,-0.279946,-0.121148,0.11031,0.098601,0.075997,-0.147076,-0.280548,-0.006014,0.141886,-0.049902,0.251611,-0.106131,-0.067493,-0.134944,0.000638,0.005673,-0.00074,0.04135,0.087004,-0.035238,0.14242,0.082505,-0.005602,0.053906,-0.131787,0.180969,-0.012869,0.091792,-0.041149,-0.171146,0.32049,-0.104177,-0.016478,0.027378,0.122495,0.185197,-0.001229,-0.080096,0.132002,-0.097368,0.249711,-0.146803,-0.093205,0.059087,-0.143765,0.140394,0.200798,-0.084194,0.13388,0.175528,-0.056815,-0.021718,-0.058813,0.036724,-0.155715,-0.032221,0.158676,0.039617,0.123621,0.09339,0.057064,0.369225,0.21386,#
16,-0.031951,0.22718,-0.042524,0.144615,0.190655,0.197822,0.152035,0.176836,-0.225563,-0.365019,0.105021,-0.108194,-0.030071,-0.350274,0.049993,0.195729,1.0,-0.017958,0.07127,-0.084373,-0.089081,0.039901,-0.224158,-0.015807,-0.142196,0.242815,-0.028845,0.065391,-0.003561,-0.047714,-0.205112,-0.043555,0.082223,0.153087,0.125809,0.146338,-0.235081,-0.060963,-0.030896,0.087273,-0.193818,-0.267074,-0.015654,0.229555,-0.006488,0.240589,-0.045926,-0.478865,-0.061286,0.270441,0.088779,-0.120221,-0.208094,0.192935,0.173092,0.006427,0.139591,0.044114,0.112166,-0.136112,-0.219719,-0.058163,0.130607,-0.134015,-0.207839,-0.210744,0.187041,-0.046724,-0.314559,-0.125328,0.165199,-0.138029,0.047784,0.055951,-0.085147,-0.003611,-0.004673,-0.252115,0.021772,-0.188188,-0.089922,0.130075,0.111722,-0.002511,-0.011319,-0.289926,0.253647,0.051092,-0.038846,0.232462,-0.127233,-0.038616,-0.074835,-0.084725,0.051473,-0.064088,0.349849,-0.249543,-0.246556,0.035137,0.164809,0.266513,0.046587,0.146063,-0.200028,-0.15786,-0.039596,0.204442,-0.043656,-0.144094,-0.175972,0.022708,0.160654,0.185486,-0.385011,-0.059197,0.012292,-0.044556,-0.128542,-0.141726,-0.211561,0.040992,-0.357187,0.150888,0.11411,-0.320015,-0.301776,0.067647,-0.084788,0.109058,-0.052704,-0.064088,0.272252,-0.033541,-0.018812,0.124692,0.320355,-0.15634,-0.095457,-0.023973,0.027451,-0.057781,0.055308,0.268872,-0.064336,0.00483,-0.039571,0.096453,0.034613,-0.174356,0.183093,-0.151997,0.203674,0.039047,0.003972,0.001755,-0.340279,0.012878,-0.058413,0.295086,-0.04348,-0.013162,0.071068,-0.223961,-0.071248,-0.174093,0.04892,0.129812,-0.09767,0.110136,0.289516,-0.044789,0.097214,0.051516,-0.11714,0.07734,-0.180183,0.307741,-0.171046,-0.011176,-0.054964,0.069958,0.491602,0.180908,0.073795,-0.102146,0.119181,0.002245,0.199984,0.083278,-0.013469,0.193773,-0.026765,-0.070927,-0.080561,0.155709,0.064667,0.012716,-0.241361,-0.215442,#
17,-0.339192,0.107473,0.320085,0.049,-0.133881,0.086428,0.184889,0.013101,0.152905,0.25075,-0.200218,-0.078337,0.298696,0.060025,0.013694,0.188999,-0.017958,1.0,-0.170176,0.203514,-0.10377,-0.315258,0.14953,-0.102273,0.107311,0.119441,0.030934,-0.067226,0.118194,0.001994,0.012313,-0.318016,-0.063094,0.064488,-0.084899,0.249678,0.066668,0.012286,0.111438,-0.175534,0.096197,-0.118674,-0.097541,-0.020231,0.069178,-0.216692,-0.117127,-0.043613,0.243946,0.052129,-0.069559,-0.095332,0.219642,0.160149,0.166452,0.020749,0.095363,-0.283682,-0.100856,0.036719,0.068165,0.027993,-0.065199,-0.060742,0.116664,0.086328,0.098342,0.097858,-0.006423,0.002301,-0.189759,-0.121921,-0.379505,0.057247,-0.176721,-0.052591,-0.126684,-0.14984,-0.131916,0.149624,-0.160234,-0.164829,-0.178657,0.493499,-0.24695,-0.061551,-0.10101,-0.088186,-0.184287,-0.166422,0.035492,-0.119312,-0.393668,0.003066,-0.118195,-0.018742,-0.273749,0.125852,-0.019195,-0.06449,-0.427349,-0.240016,-0.091361,0.180696,0.053484,-0.092045,0.074701,-0.061009,0.168865,0.016077,0.132856,-0.192317,-0.094481,-0.080942,-0.015863,-0.109165,-0.115731,-0.089642,0.058238,-0.135035,-0.238158,0.005845,-0.102756,-0.291056,-0.219352,-0.097135,0.22774,0.09436,-0.168438,-0.090942,0.08084,0.144187,-0.297204,-0.103673,-0.130515,-0.013883,0.084067,0.049486,-0.258793,-0.116026,-0.168928,0.052385,-0.169373,-0.34955,-0.089736,-0.094861,-0.072887,0.358698,-0.068533,-0.007265,-0.310903,-0.107733,0.149877,-0.16121,0.011752,-0.083235,0.152957,0.326784,-0.128544,-0.068334,0.116799,-0.029113,-0.113322,0.295414,0.207212,0.043523,-0.065295,-0.02794,0.069924,0.055636,-0.078829,0.006099,-0.065566,-0.225642,-0.163967,-0.111673,-0.042459,0.053556,0.062436,-0.098021,0.219158,-0.041172,-0.071557,-0.185223,0.303798,-0.07183,0.17403,0.043264,-0.32264,-0.008531,-0.001668,-0.249114,-0.248885,0.125991,-0.280197,0.000937,0.11031,0.180532,-0.018195,0.45116,#
18,0.318405,0.277265,-0.068127,-0.097516,0.083574,0.099838,0.189002,-0.049776,0.051041,-0.008605,0.080495,-0.091535,0.18574,0.309662,0.118971,-0.184867,0.07127,-0.170176,1.0,0.008429,0.099355,0.235563,0.257201,-0.096918,-0.045694,0.077384,-0.123426,0.181095,0.381547,-0.019627,-0.073448,0.165976,0.070026,0.04868,0.017962,0.105811,-0.069373,0.018164,-0.11489,-0.082606,0.055618,-0.009074,0.061075,-0.241977,-0.07725,-0.079079,0.075395,0.042941,-0.20495,-0.090937,0.099541,-0.047672,0.0457,-0.068226,-0.109521,0.078874,-0.102938,0.018517,0.029893,-0.072326,0.172782,-0.095139,-0.140602,-0.028907,-0.182641,0.011015,-0.238436,-0.045862,-0.047703,0.154772,-0.187842,0.182072,0.001231,-0.371741,-0.317174,0.01471,0.089681,-0.072012,-0.137734,0.113116,0.228062,-0.0931,0.068069,-0.439926,0.054941,0.100232,-0.196118,0.042138,-0.067356,-0.177437,-0.14074,-0.011472,0.074031,-0.297429,0.265535,-0.293705,-0.130592,-0.120402,-0.230648,-0.07873,0.154802,0.021263,-0.011981,-0.24176,-0.043226,-0.193111,-0.279498,-0.090744,-0.305416,-0.201153,-0.031444,0.095494,-0.324702,-0.109793,0.177827,-0.040897,0.006439,-0.007043,0.099292,-0.140683,0.051529,0.013295,-0.020136,0.082168,-0.307051,-0.020132,0.093956,-0.086198,-0.106849,-0.018562,-0.109327,-0.338713,0.097747,-0.00811,0.025494,0.088736,0.011925,0.107178,0.386553,-0.123159,-0.195779,-0.004792,0.046895,-0.109134,-0.065996,0.098227,-0.153354,0.044621,-0.314942,0.01207,0.068137,-0.129232,0.1205,-0.17339,0.091504,-0.15379,0.048315,0.028247,-0.191873,0.012942,0.226036,0.090328,0.139756,-0.304454,0.011279,0.256657,0.366626,0.188101,-0.2352,-0.06388,0.028821,-0.077146,-0.057619,0.052716,-0.014396,-0.14485,-0.197896,0.192103,0.205479,-0.166095,0.095964,-0.147012,0.054575,0.250185,-0.107239,-0.05385,0.130521,0.207463,0.069839,0.008827,-0.291992,0.229221,0.010638,0.101129,0.193122,0.081104,-0.156444,-0.101091,-0.203692,-0.101601,#
19,-0.08505,-0.11272,0.147415,-0.098575,-0.01872,-0.148009,0.047422,-0.26204,0.229396,0.163574,-0.022123,-0.128607,0.065603,0.316554,0.153088,0.066416,-0.084373,0.203514,0.008429,1.0,0.11852,-0.039856,0.09443,0.003091,-0.220633,0.000582,0.230357,0.056424,0.271738,-0.293094,0.085003,0.130195,0.225073,0.113597,-0.225279,-0.097773,0.003578,0.080527,-0.099938,-0.018193,0.178383,-0.034464,-0.102939,-0.107336,-0.005385,-0.3467,-0.11792,0.204649,-0.144416,-0.12003,-0.019917,-0.101348,0.081799,0.093218,-0.097854,0.034577,-0.050797,-0.113304,0.096027,-0.013429,0.0488,-0.082419,-0.031259,-0.071744,0.080793,-0.257404,0.114478,0.087268,-0.081396,0.229005,-0.051199,-0.021583,0.090295,-0.109997,-0.335445,-0.222208,0.028523,0.027581,0.154593,0.291246,0.188936,0.175203,-0.053457,0.084021,-0.02264,0.477142,0.100968,-0.181337,0.09392,-0.125148,-0.118508,0.176905,-0.103819,-0.037653,0.115148,0.186985,-0.016257,-0.028301,0.016802,0.031375,-0.292413,0.09776,0.081599,-0.162955,0.303492,0.11143,0.18279,0.081543,0.362187,-0.118378,0.140817,-0.187067,0.041036,0.096729,0.233801,0.043938,-0.084457,-0.019306,0.114418,-0.162899,-0.124354,0.049157,0.073246,-0.135901,-0.101606,0.238655,0.281789,0.083328,0.182046,0.227614,0.388839,-0.064599,-0.081363,-0.063276,0.236086,0.053069,0.097531,0.113405,0.033084,0.232767,0.214365,0.196121,0.030352,-0.06123,-0.119789,-0.000464,0.07852,-0.082326,-0.052482,0.201413,-0.165346,0.103011,0.337367,-0.167354,-0.007392,0.177471,0.3005,-0.022218,-0.047301,-0.109547,0.361879,-0.018528,0.246732,-0.107553,0.031424,0.079628,0.299684,-0.064681,0.084904,0.197071,-0.27563,-0.068732,-0.206806,0.004507,-0.351682,0.082147,0.339157,-0.140463,0.196415,-0.0279,-0.104798,-0.005145,-0.074444,-0.124453,-0.2684,-0.223986,0.235596,0.152864,-0.216743,-0.030854,0.199323,-0.22806,-0.339607,-0.00091,0.151866,-0.076967,-0.336836,-0.130199,0.281344,0.17495,#
20,-0.077042,0.176797,-0.083836,0.234518,-0.170345,-0.146211,-0.242164,0.172419,-0.1516,-0.171256,0.02621,0.014915,0.031948,0.108247,0.136633,-0.310058,-0.089081,-0.10377,0.099355,0.11852,1.0,0.091353,0.036397,-0.204912,-0.198135,-0.205313,0.156814,0.090815,-0.295785,-0.261643,0.147655,0.055667,0.401103,0.135236,-0.278006,-0.351191,-0.174766,-0.160624,0.054454,-0.181997,0.110862,0.155653,-0.325065,-0.081043,0.118904,-0.0073,0.063574,0.075218,-0.046626,-0.203655,-0.205063,0.353386,0.013959,0.097011,-0.05964,0.088087,0.108656,0.150175,-0.362385,0.078899,-0.157315,-0.088887,0.014296,-0.056476,0.16004,0.028528,-0.07635,0.039522,0.134403,0.298866,-0.142847,-0.228788,-0.068444,0.228913,-0.218426,-0.218977,0.055291,0.312767,0.128296,0.121961,0.167101,0.09623,0.205523,0.048462,0.242283,0.127214,0.060554,0.258637,0.458832,0.008736,0.266994,0.282793,0.210845,0.225366,0.314945,0.281597,0.076893,-0.10976,0.076481,0.041933,-0.021701,-0.027995,0.357151,0.151702,0.197048,0.231286,0.093412,0.1393,-0.062776,-0.128442,0.054186,-0.14974,-0.093134,0.229362,0.205204,0.093733,0.087768,-0.098978,-0.120262,0.131102,0.230355,-0.101764,0.153891,0.200245,0.049013,-0.04226,0.165478,-0.388154,0.062794,0.079468,0.168856,0.126129,0.050264,-0.187737,0.237092,0.347517,0.02179,0.311818,0.209434,0.097678,0.077451,0.332236,0.165055,0.083268,0.020307,-0.050899,0.166262,-0.328087,0.224353,0.35218,0.201695,0.082864,0.230875,0.236824,0.130226,0.033736,0.075938,-0.253352,0.023516,0.19635,0.227152,0.106255,0.040896,-0.073917,0.011389,-0.110294,0.38706,0.014816,0.08782,-0.071158,-0.02844,-0.01195,-0.258517,-0.092144,-0.049928,0.053513,0.217171,-0.250082,0.068757,0.192392,-0.288957,-0.189989,0.104056,-0.113878,-0.132164,0.043581,-0.099387,-0.061209,-0.12916,0.169167,0.208237,-0.138575,-0.263784,-0.02682,0.08997,-0.259752,-0.239801,-0.355164,-0.165948,-0.052987,#
