0,1.0,0.179003,-0.02792,-0.066244,0.291341,0.125119,0.029973,-0.031252,0.15419,0.16224,-0.218981,0.023404,0.093769,0.210154,0.292268,0.019483,0.077701,-0.077734,-0.073155,-0.141396,-0.162433,-0.08809,-0.180353,-0.140704,0.188836,-0.366204,0.159747,-0.231812,0.214757,0.0964,-0.372838,0.03278,-0.117334,-0.140913,0.024531,0.203269,-0.018421,-0.142647,-0.070712,0.11828,-0.041626,-0.015834,-0.344497,-0.089205,0.241159,-0.190533,0.192348,0.009714,-0.004142,0.008448,-0.109919,-0.197435,0.121072,-0.053489,0.099277,-0.051929,-0.153905,0.070794,-0.129963,0.231916,0.174492,0.369207,0.13591,-0.237676,-0.176995,-0.018319,-0.022009,0.063101,0.077776,-0.13919,0.062127,-0.181002,0.091773,-0.066181,-0.139394,0.11766,-0.206633,-0.349253,-0.095908,-0.129418,-0.030393,-0.252709,-0.081839,-0.339529,-0.138692,-0.00942,-0.198441,-0.085316,-0.093999,-0.354524,-0.112345,-0.324583,0.011571,0.011393,-0.060647,-0.052284,-0.093537,-0.077045,-0.070513,-0.200514,-0.052636,-0.243524,-0.155862,0.047159,-0.061131,-0.146264,0.056124,-0.135129,-0.009746,-0.423842,0.079193,-0.08901,-0.054688,-0.250929,-0.211266,-0.317021,0.010128,-0.180539,0.138104,-0.317137,0.003664,-0.089408,-0.32887,0.021874,0.129903,-0.086904,-0.064356,0.112315,-0.177209,-0.057605,-0.053958,-0.19021,-0.34141,0.077067,-0.020896,-0.184336,-0.02693,-0.185921,0.132082,-0.219419,-0.060062,-0.328609,-0.002294,-0.436008,-0.253209,-0.170166,-0.112861,0.169979,-0.177995,-0.046897,-0.328798,0.013445,0.29542,-0.281407,0.021598,0.035461,0.125224,0.150974,-0.120341,-0.07967,-0.193543,-0.125534,0.159964,-0.06975,-0.136509,0.166983,0.050783,0.269807,-0.116545,-0.313029,0.101297,0.029492,0.02251,-0.070483,0.176164,-0.180765,-0.028456,0.05081,0.257193,-0.309258,0.133448,0.091546,-0.04904,0.16704,0.091056,-0.166812,0.333869,-0.179448,0.088158,0.19853,-0.338233,0.055678,0.075583,0.183102,-0.223087,0.085337,-0.128054,-0.182586,0.104685,-0.070006,#
1,0.179003,1.0,-0.236019,-0.046525,0.266559,0.284556,0.131265,-0.326763,0.164229,0.098033,-0.048908,-0.032334,0.069092,0.190783,0.171111,-0.07806,-0.209116,0.160104,-0.18967,0.087642,0.182554,0.320496,0.302107,-0.085762,0.063997,-0.329738,0.236443,-0.026409,0.263256,0.362171,-0.40581,-0.231051,0.059817,-0.326785,-0.13657,0.094629,0.239917,-0.552695,-0.025623,0.148024,0.164098,0.187237,0.078394,0.019039,0.035542,0.103739,0.158094,0.257724,0.066364,0.048917,-0.129587,-0.458422,0.149913,-0.233289,-0.006086,0.036131,-0.036892,0.323291,0.112392,0.268946,0.214235,0.063114,0.191331,0.067735,-0.101385,0.292358,-0.068574,0.33309,0.396926,0.079218,-0.269673,-0.14691,0.181615,-0.197573,-0.237059,0.142811,-0.325162,-0.082665,-0.25667,-0.083925,-0.175538,-0.587662,-0.309243,-0.154105,-0.066163,-0.235629,0.029897,-0.386045,-0.025784,-0.125351,-0.262346,-0.14243,-0.121413,-0.047707,-0.288377,-0.240288,-0.360093,-0.402178,-0.138417,-0.275926,0.133655,-0.116432,-0.119526,-0.073517,0.026564,-0.17877,-0.364064,-0.41934,0.071902,-0.128122,0.084906,-0.107072,-0.366423,-0.31154,-0.038028,-0.119286,-0.222452,-0.001661,0.097335,-0.289378,-0.110462,-0.30649,-0.318522,-0.294741,0.00498,-0.093961,0.052563,0.295305,-0.157837,-0.251383,-0.145593,-0.290926,-0.212344,-0.197163,-0.287659,-0.373899,-0.220888,-0.325322,0.270962,-0.565447,-0.248835,-0.263477,-0.112469,-0.199676,-0.033499,-0.177692,-0.105815,0.342257,-0.083302,0.047442,-0.389271,-0.295825,-0.149756,-0.195646,-0.146799,0.006721,-0.066702,0.366026,-0.104283,-0.282518,-0.117975,-0.053702,-0.178223,0.100771,-0.123608,0.410443,-0.060302,-0.279506,-0.140214,-0.303321,-0.047915,0.011001,-0.297379,-0.142392,0.182814,-0.333052,-0.207821,-0.042356,0.41339,-0.399496,0.373772,-0.060855,-0.2142,0.271316,0.409752,-0.280334,0.045292,-0.082009,-0.134787,0.412907,-0.339798,0.418041,0.385872,0.343985,-0.001978,-0.206325,0.000317,-0.193754,-0.166838,0.2129,#
2,-0.02792,-0.236019,1.0,0.145795,-0.050614,-0.02684,0.187705,0.079644,0.309171,-0.07545,0.008376,0.2413,-0.315564,0.115033,-0.206391,-0.293619,-0.185897,0.219622,0.075621,0.177884,-0.281221,-0.124632,-0.082237,0.040451,0.115969,0.017672,-0.080663,-0.042328,0.171423,-0.218029,0.132517,0.260039,-0.287508,0.056665,-0.131776,-0.041588,-0.050823,0.022787,-0.09705,-0.301573,-0.169445,0.08056,-0.025226,-0.035005,-0.145694,-0.112974,0.07586,-0.070441,-0.186561,0.339174,-0.0652,0.214534,0.028246,0.08521,-0.194499,-0.045908,0.022208,-0.145127,-0.368616,-0.132312,0.332056,0.112364,0.032631,-0.063768,-0.002309,0.010872,0.132406,-0.059406,-0.14971,0.202847,0.277664,0.078508,0.044894,0.12481,-0.036567,0.039958,-0.01481,-0.120663,-0.009865,-0.107057,0.207248,0.057424,-0.030118,0.316265,0.108084,0.216094,-0.103437,0.051102,0.020211,-0.1054,0.158335,0.150303,0.05054,0.24868,-0.00587,0.058554,0.230775,-0.042055,0.274896,0.127876,-0.259268,-0.167202,-0.057978,0.249626,0.029251,0.122584,0.343057,0.224643,-0.063413,0.042891,0.122647,0.146171,0.093388,0.287358,0.132175,0.162488,-0.274883,-0.006298,0.123093,0.240023,0.031857,0.25048,0.175669,-0.093383,-0.165687,0.204676,0.078456,-0.346166,-0.263762,0.002394,0.272718,0.131663,-0.035621,0.141706,0.077442,0.138071,0.130908,0.31916,-0.115818,0.12042,0.36633,0.112507,-0.092729,-0.110928,0.151117,-0.021645,0.206419,0.002514,-0.058822,0.044244,0.239886,0.1908,0.312319,0.402283,0.242784,-0.009599,0.091098,0.097804,0.313911,0.13777,0.055913,-0.086982,0.399298,0.154467,0.197275,-0.160248,-0.018794,-0.112601,0.177825,-0.002166,-0.008613,0.115195,0.093775,0.106399,-0.085662,0.179802,0.158471,0.305763,-0.132942,-0.093867,-0.016667,-0.044508,0.136502,-0.145133,-0.13319,0.333017,0.038538,0.078844,-0.225986,0.085806,0.076073,-0.27871,-0.104248,0.008024,-0.246632,-0.036732,-0.037218,-0.122976,0.128356,0.031226,#
3,-0.066244,-0.046525,0.145795,1.0,0.000695,-0.146476,0.109312,0.119117,-0.185211,0.172224,-0.030529,-0.023979,0.012716,-0.164248,-0.03524,0.097283,-0.116859,-0.071645,-0.251744,0.139276,-0.119549,0.009259,-0.273062,0.046734,0.104164,-0.015773,-0.306619,-0.179482,-0.020982,-0.160551,0.180164,-0.155682,0.071788,0.30364,0.090077,-0.147546,0.104553,0.233604,-0.133876,-0.037563,-0.0286,0.012273,-0.048534,-0.115903,0.23657,0.132547,-0.352783,-0.350881,0.137897,0.16109,0.111128,0.130239,0.175308,0.047629,-0.083909,-0.062864,-0.031112,0.113076,-0.11568,-0.202993,-0.03962,0.196378,0.22761,0.157236,-0.076628,-0.204486,-0.138887,-0.275228,-0.286757,0.013622,-0.108274,0.008404,0.208853,0.092927,-0.050706,-0.031271,0.061075,0.331397,0.261639,-0.036119,0.222121,0.205917,0.063385,0.0238,0.071798,0.067754,0.196756,-0.165901,0.145502,-0.089869,0.068692,0.100601,0.313875,0.002348,0.02308,-0.146797,-0.127094,0.071066,0.141414,0.292644,-0.105651,0.030176,0.390561,0.233129,0.143054,0.103809,-0.015945,0.041061,-0.162974,-0.100459,-0.223535,-0.137061,0.106633,0.230484,-0.069019,0.413595,0.232806,0.010624,-0.134909,0.124201,0.18683,0.091566,0.010189,0.274883,-0.026055,0.168776,0.019271,-0.109597,0.063952,0.251781,-0.079677,0.014699,0.211167,0.302626,0.071788,0.371152,0.15909,0.094027,-0.253673,0.136411,0.041478,0.083439,0.145229,0.101087,0.225538,0.218127,-0.093409,-0.134449,0.158216,-0.178315,-0.061948,-0.076684,0.061674,0.274561,0.222821,0.235462,-0.215016,-0.062311,0.223151,0.157261,0.283414,0.06727,0.102336,0.021116,-0.030882,-0.191151,-0.016669,-0.239155,0.323475,0.16247,-0.044547,-0.176425,0.097821,0.098512,-0.220041,0.19514,0.000895,-0.065008,-0.332822,-0.162925,-0.131631,-0.27091,0.160477,-0.03803,-0.249826,0.0186,-0.328504,0.103553,0.120468,-0.313841,-0.031959,-0.077052,-0.298874,0.025704,0.026875,0.030196,-0.106162,0.167682,0.071867,0.175039,#
4,0.291341,0.266559,-0.050614,0.000695,1.0,0.081205,0.152454,-0.039368,0.190938,0.078269,-0.109555,0.106905,0.135897,0.114817,0.103579,0.026313,0.202784,0.063426,0.089037,0.079429,0.241187,-0.107055,0.310162,0.009868,-0.235458,-0.356997,0.146063,-0.056063,0.289885,0.123873,-0.272161,0.047464,-0.086616,-0.102407,0.000765,0.123255,0.21749,-0.377852,-0.195105,-0.057623,0.102464,0.155351,-0.192042,-0.254517,0.166241,-0.069982,0.11984,0.266746,0.187294,0.002878,0.038231,-0.353488,0.302698,-0.379433,-0.03963,-0.077613,-0.136055,0.024311,0.225605,0.152962,-0.004016,0.313138,-0.027679,-0.127548,-0.1784,0.181316,0.107521,0.029694,0.285202,-0.011572,0.047177,-0.267704,0.053078,-0.245377,-0.180648,0.179251,-0.209026,-0.278789,-0.328962,-0.113864,-0.20643,-0.237692,-0.286028,0.244025,-0.306947,-0.056159,-0.291047,-0.197004,0.093728,-0.180348,-0.35153,-0.319913,-0.033973,-0.339374,-0.250527,-0.242264,-0.39685,-0.307761,-0.281319,-0.192046,-0.136962,-0.233654,-0.229537,0.069161,-0.133256,-0.242106,-0.01382,-0.278854,0.002981,-0.12316,0.212562,0.137881,-0.076548,-0.364326,-0.188716,0.018075,-0.048781,-0.289626,0.191186,-0.25307,0.016226,-0.238468,-0.309245,-0.476052,0.020223,0.09978,-0.004769,0.213557,0.109247,-0.464531,-0.118627,0.032253,-0.11882,-0.023479,-0.327051,-0.139066,-0.186468,-0.319486,0.08832,-0.233407,-0.207657,-0.192316,-0.209725,-0.205846,-0.299719,-0.027312,0.026793,0.171593,-0.358794,-0.24954,-0.376924,-0.096159,0.19516,-0.405379,0.027595,-0.215023,0.036026,0.372401,-0.226674,-0.203781,0.04889,-0.203576,-0.000452,-0.012939,-0.132421,0.235149,0.169731,0.029129,-0.183818,-0.00443,-0.057323,0.376153,-0.343271,-0.105167,0.07937,-0.101223,-0.14623,0.166384,0.266223,-0.206389,0.309912,-0.018114,0.017868,0.031415,0.09087,-0.1236,0.086436,-0.012696,-0.060473,0.016245,-0.153416,0.193566,0.219089,0.27309,-0.229691,0.098092,0.319503,-0.087288,-0.001376,0.100153,#
5,0.125119,0.284556,-0.02684,-0.146476,0.081205,1.0,0.174124,0.034262,0.392518,-0.008486,0.253702,0.114097,-0.093233,0.189015,-0.026784,-0.035784,0.076711,-0.036038,0.029398,-0.069215,0.029451,0.295226,0.335659,-0.237393,0.122276,-0.384407,0.199557,-0.062706,-0.009244,0.225678,-0.233248,0.072525,-0.106103,-0.187843,-0.1719,0.210764,0.125467,-0.161216,0.189557,-0.077409,0.161707,0.027147,0.14872,-0.185074,-0.268648,0.006455,0.212331,0.078116,0.139915,-0.001838,0.070735,-0.018593,0.068806,-0.238053,0.224872,0.233743,-0.44244,0.346059,-0.185709,0.280468,0.141811,0.006758,0.047379,0.00811,-0.023325,0.101488,0.009082,0.277862,0.136718,0.069709,-0.141978,-0.107569,0.096153,-0.318005,-0.233758,0.231464,-0.20437,-0.102998,-0.069132,-0.200405,-0.207267,-0.375716,-0.022423,0.178304,-0.253323,0.024769,-0.145772,-0.08441,-0.055913,-0.233405,0.064388,-0.240311,0.028488,-0.088586,-0.137736,-0.135849,0.004712,-0.103239,-0.007076,-0.353175,0.16913,-0.119475,0.109424,-0.157481,-0.144302,-0.283912,0.074018,-0.254389,0.062789,0.134034,-0.020386,-0.136464,-0.177957,-0.282195,0.041386,-0.298848,-0.126837,-0.214304,0.197952,-0.075439,-0.070292,-0.256289,-0.194059,-0.226705,0.048585,-0.089972,0.245382,0.278933,-0.232269,-0.20185,-0.124575,0.023505,-0.137417,-0.30796,-0.042804,-0.053721,0.006888,-0.156178,0.109802,-0.41448,-0.244117,-0.12919,-0.271031,-0.208307,-0.066605,-0.315526,0.000693,0.22561,-0.170585,-0.179576,-0.089429,-0.089961,0.123141,-0.187358,-0.157066,-0.132498,0.176295,0.086849,-0.14127,-0.018217,-0.095651,-0.02119,-0.082013,0.034949,0.128935,0.14457,-0.057891,-0.188835,-0.221941,-0.178977,0.23032,0.042785,0.021209,-0.118138,0.260137,-0.286718,-0.239809,0.300875,0.254815,-0.096683,0.216371,0.076037,-0.139377,0.315642,0.122672,-0.05658,0.021171,-0.027948,-0.152583,0.383486,-0.177249,0.170041,0.148893,0.326532,0.034065,0.188323,0.086737,-0.244021,-0.142894,0.073979,#
6,0.029973,0.131265,0.187705,0.109312,0.152454,0.174124,1.0,0.014912,0.173191,0.142513,0.255187,0.003815,0.032453,0.075613,0.099425,0.09056,-0.020013,0.081333,0.17725,-0.026652,0.162291,0.121612,0.135907,-0.206904,-0.056549,-0.161156,0.152708,-0.090757,0.258212,0.035453,-0.192294,0.082402,0.052822,-0.265012,-0.011254,0.02001,0.181815,-0.11351,-0.129463,-0.025916,-0.173236,0.184228,0.061181,-0.224731,-0.04392,-0.143382,0.02825,-0.003325,0.115587,0.18697,0.023347,-0.224473,-0.036619,-0.107062,-0.17532,-0.036144,0.064539,-0.052946,-0.216395,0.193632,-0.020712,0.214903,-0.086974,0.005845,-0.156324,-0.074999,0.170374,0.040737,0.046673,0.105027,0.059326,-0.209375,0.103202,-0.00304,-0.12392,0.184056,-0.112146,-0.325726,-0.388451,-0.101922,-0.043922,-0.213926,-0.112773,0.039492,-0.217166,0.055605,-0.11653,-0.079337,0.038305,-0.140072,-0.069686,-0.146754,0.050729,0.020643,0.095088,-0.055735,-0.231254,-0.183685,-0.25123,-0.093917,0.030166,-0.372233,-0.13859,0.03888,-0.05174,-0.087667,0.154883,-0.149126,-0.020896,0.013699,-0.018079,-0.136297,-0.229818,-0.030074,-0.105168,-0.029527,-0.210443,-0.257891,0.049922,-0.047869,-0.067016,-0.145521,-0.069634,-0.232786,-0.312186,0.258103,-0.076113,0.240653,-0.08501,-0.186495,0.031824,-0.048029,-0.036022,0.036045,-0.017442,-0.057056,0.011721,-0.232555,-0.127146,-0.130611,0.051408,0.004527,-0.019302,-0.096018,-0.264333,-0.27647,0.037451,0.297944,-0.035913,0.112844,-0.146086,-0.065394,0.12834,-0.066864,0.225558,-0.030877,-0.030316,0.27874,-0.201439,-0.095093,0.011609,-0.141471,-0.066665,0.1454,0.058313,0.050877,-0.149128,-0.168827,-0.113571,-0.084708,0.044905,-0.07045,-0.148205,-0.157979,0.008799,0.084572,-0.252901,0.393692,0.154759,-0.179535,0.04678,0.050374,0.224447,0.244942,0.002008,0.098546,0.028682,-0.187523,-0.053563,-0.028737,-0.158669,0.259437,0.231257,0.334943,0.117933,0.262147,-0.085851,-0.102533,-0.071352,-0.084967,#
7,-0.031252,-0.326763,0.079644,0.119117,-0.039368,0.034262,0.014912,1.0,-0.238125,-0.284035,-0.041017,-0.245945,0.093712,-0.028589,0.217196,0.005809,-0.096509,-0.27548,0.01558,0.035837,-0.133018,0.246566,-0.114981,0.054529,0.125865,0.121882,0.013771,0.043403,-0.075674,-0.146779,0.107598,0.31434,0.227661,0.002584,-0.00339,0.064248,-0.07142,0.329082,0.088027,-0.236979,0.064041,0.109458,0.199886,0.012682,-0.082451,-0.050066,0.147655,0.072595,-0.071971,-0.313883,-0.168176,0.145329,-0.202012,-0.22777,-0.053578,-0.087527,-0.17032,-0.064754,-0.071046,-0.271123,-0.282262,-0.147288,-0.288535,0.082926,-0.006638,0.067485,0.069035,0.008288,-0.126253,-0.052152,-0.102822,-0.16541,0.041533,-0.130783,0.118029,-0.153981,0.293271,0.071851,-0.067603,-0.203157,-0.117569,-0.06531,0.061113,-0.195437,-0.054995,0.178351,-0.142516,0.06452,-0.008165,-0.057461,0.18685,-0.004672,0.032705,-0.326695,-0.102309,0.156481,0.003557,0.176218,-0.048503,-0.070732,0.027447,-0.141708,0.285147,-0.258227,0.065921,-0.077574,0.302049,-0.039439,-0.040514,-0.073664,0.062612,-0.062282,0.18332,0.070687,-0.029598,0.16921,0.059737,0.011415,-0.297881,0.251002,0.076434,-0.108931,-0.046601,0.110023,-0.010183,0.090053,-0.238593,-0.009602,0.059067,0.22514,-0.00064,-0.031641,-0.069236,-0.064813,0.153727,0.206182,0.087585,0.038096,0.073701,0.01333,-0.023971,-0.020701,0.022309,-0.048272,0.059677,0.056827,-0.121052,-0.252909,-0.156339,-0.117138,0.057564,0.326526,0.073054,0.206115,0.059072,-0.013656,0.199205,-0.284166,-0.101186,-0.084741,0.015265,0.125807,-0.051519,0.009952,-0.077172,-0.045172,-0.050877,0.029612,0.0635,0.048305,-0.192255,0.261698,0.195384,0.001377,-0.086113,0.145304,-0.049924,-0.105292,-0.335992,-0.011231,-0.123536,-0.017813,0.179949,0.025821,-0.234947,-0.243433,-0.09489,0.037862,0.087998,-0.249616,0.075507,-0.118535,-0.137291,-0.154807,0.043143,-0.018501,0.146254,0.075713,0.026467,-0.132457,#
8,0.15419,0.164229,0.309171,-0.185211,0.190938,0.392518,0.173191,-0.238125,1.0,0.141348,0.087486,0.246481,-0.05658,0.382121,-0.244667,-0.155611,-0.013011,0.40479,0.319166,0.268569,-0.100295,-0.220048,0.238201,-0.284356,0.036606,-0.276274,0.183323,0.074136,0.181148,0.170342,-0.149017,0.153635,-0.135346,-0.134151,-0.167835,0.240698,0.279216,-0.43771,-0.04799,-0.167722,-0.027498,0.238431,-0.186472,-0.034169,0.11899,-0.295782,0.340572,0.20231,-0.026077,0.245549,0.095972,-0.083425,0.069015,0.065968,-0.173486,0.257446,-0.064911,0.058937,-0.094712,0.279248,-0.053247,0.209359,-0.062729,-0.138316,-0.171113,0.136853,0.369589,0.205426,0.170195,0.132045,0.222368,-0.008317,-0.116067,-0.036762,-0.306332,0.146231,0.008197,-0.361681,-0.137733,0.029503,-0.117535,-0.224648,-0.096854,0.322406,0.049347,0.058798,-0.214722,-0.176788,0.00229,-0.151938,-0.074904,-0.026756,-0.156226,0.257807,-0.18827,-0.086332,0.112805,-0.302321,-0.017515,-0.194932,-0.203241,-0.150568,-0.207362,0.166835,-0.200285,-0.028232,0.10164,-0.043404,0.118122,0.019791,0.218303,-0.111709,0.104563,-0.002549,-0.015801,-0.41352,-0.017253,-0.140485,0.460987,-0.259875,0.032563,0.000894,-0.095562,-0.431056,-0.073129,0.112581,0.0061,0.173306,-0.380818,-0.195828,0.149252,0.326677,-0.272515,0.033366,-0.180712,-0.220422,0.054999,0.124088,0.243408,-0.168563,0.179446,-0.045723,-0.224059,-0.155188,-0.103393,-0.463369,0.286174,0.458761,0.020637,0.222829,0.095994,-0.105137,0.25249,-0.201838,0.067223,-0.113709,0.149978,0.308284,-0.080226,0.11764,-0.172582,-0.205497,0.042908,0.390344,0.25579,-0.15676,-0.075351,-0.100506,-0.159763,-0.063182,-0.019021,0.114424,0.229446,-0.122427,0.045739,-0.227629,-0.128175,0.223456,0.253628,-0.147023,0.312423,0.114707,-0.361886,-0.008675,0.007944,0.297126,0.225121,0.032164,-0.516633,0.264892,-0.058474,-0.065709,0.038922,0.117534,-0.322533,0.111182,-0.090402,-0.171667,0.020545,0.049443,#
9,0.16224,0.098033,-0.07545,0.172224,0.078269,-0.008486,0.142513,-0.284035,0.141348,1.0,0.014805,0.146418,0.312387,0.26057,-0.211861,0.280641,-0.104369,0.027703,-0.094014,0.004106,0.014763,-0.123808,0.025787,-0.172039,-0.025333,-0.167979,-0.033225,-0.388288,-0.004254,-0.020224,-0.031302,-0.03524,-0.087855,0.135183,0.191919,0.164447,0.069703,-0.324392,-0.126969,0.134082,-0.117408,0.157091,0.071811,-0.150823,0.087705,-0.012912,-0.101093,-0.180207,-0.122004,0.144081,0.177333,-0.171717,0.085699,0.082552,-0.038543,0.001695,-0.136578,0.086815,0.035818,0.115237,0.086296,0.15835,0.163935,0.012639,-0.221651,0.00362,0.184696,0.020231,-0.053964,-0.082661,0.013897,-0.281463,-0.031489,0.012559,-0.098876,-0.10249,-0.036702,0.068279,0.037077,0.074708,-0.038184,0.051955,0.052717,-0.051025,-0.001432,-0.296866,0.144868,-0.014203,-0.084854,0.163356,-0.314741,-0.14634,0.200728,0.009897,-0.023864,0.092564,-0.222717,0.007861,-0.200339,0.115218,-0.154875,0.025693,0.016788,0.30392,0.022976,0.063456,-0.113511,0.052621,-0.11769,-0.020376,-0.188851,-0.126144,-0.14726,0.062478,-0.026968,0.014359,-0.097566,-0.22188,0.199293,-0.157126,0.000914,0.245919,-0.110438,-0.061571,-0.189666,0.171361,-0.168647,-0.000509,0.142341,0.119173,-0.134975,0.34623,-0.075819,0.344705,-0.016683,0.09076,-0.120202,-0.133343,0.047964,-0.074407,0.116985,-0.134851,0.043341,0.044194,-0.002084,0.12805,-0.000606,0.145924,-0.180625,0.077631,-0.281473,-0.071504,-0.211123,-0.011592,0.252535,0.036425,0.026181,0.30612,0.005337,-0.125989,0.004435,0.003998,-0.155228,0.201796,0.079998,-0.098624,0.136666,0.185059,0.017595,0.125251,0.193823,-0.141091,0.093553,-0.047455,0.120242,-0.029337,-0.282784,0.123076,0.080363,-0.091802,0.041202,0.072374,-0.082384,0.003972,-0.061055,0.048483,-0.014639,-0.02746,-0.000528,0.182107,-0.160456,-0.016539,0.054233,0.126666,0.103461,-0.008064,-0.001918,0.005611,0.146352,0.049278,#
10,-0.218981,-0.048908,0.008376,-0.030529,-0.109555,0.253702,0.255187,-0.041017,0.087486,0.014805,1.0,0.167818,-0.131106,-0.098385,-0.11653,0.076587,0.410059,-0.079432,0.077984,-0.127177,0.141031,0.152358,0.021689,0.165788,0.031999,0.038569,-0.151022,0.014011,0.117484,0.057537,-0.038443,0.048926,-0.302568,-0.145839,0.345493,0.052197,0.158912,-0.116165,0.148042,0.100461,-0.28848,0.011795,0.017979,-0.109124,-0.048819,0.047148,-0.223369,-0.260648,0.163534,-0.0648,0.22583,-0.05734,-0.165563,0.041759,0.092662,-0.034927,-0.180011,-0.017649,-0.109637,-0.02309,0.040138,-0.037866,-0.027144,0.130597,0.177527,-0.150021,-0.013302,-0.103727,-0.105798,-0.172072,-0.073499,0.160944,0.182559,-0.154381,-0.040412,0.235535,-0.20411,-0.069621,-0.189337,-0.184414,-0.123938,-0.034498,-0.214023,0.249809,-0.205996,-0.076511,-0.114009,-0.084815,-0.304677,-0.161616,0.08451,-0.197458,-0.106936,-0.002229,-0.081754,-0.035625,-0.236489,-0.083406,-0.200972,-0.002125,0.153231,-0.070491,-0.325715,-0.133886,0.041715,-0.088702,-0.103026,0.088843,-0.266305,0.534353,-0.2117,-0.153391,-0.18162,0.008907,-0.081742,-0.048246,-0.141634,-0.065513,-0.047652,0.216806,-0.347259,0.024784,-0.310201,-0.02082,-0.079622,-0.124086,0.01508,-0.049091,-0.083663,-0.110998,0.152707,-0.039962,-0.049341,-0.056121,0.041032,0.107677,-0.015841,-0.183937,-0.1523,-0.151696,-0.117187,0.159099,-0.035042,-0.033797,-0.058587,-0.055771,0.039893,-0.045173,0.011229,-0.139675,0.108265,-0.060834,-0.235422,-0.094758,-0.164761,-0.307664,-0.02197,-0.036371,-0.053651,0.050751,0.151426,-0.114993,-0.236157,-0.089951,-0.204006,-0.053749,-0.214989,-0.066983,-0.046248,-0.007147,0.20776,-0.187496,-0.158671,-0.194923,0.180685,-0.375652,-0.396582,0.29345,0.078376,0.192371,0.110477,0.088011,0.065366,0.169596,0.05335,-0.034226,-0.231955,-0.020414,0.325984,-0.021696,-0.167903,0.242431,-0.017545,0.039432,0.025746,0.06999,0.173909,-0.315386,-0.18824,0.00853,#
11,0.023404,-0.032334,0.2413,-0.023979,0.106905,0.114097,0.003815,-0.245945,0.246481,0.146418,0.167818,1.0,-0.151243,0.120736,-0.077467,0.051131,0.163712,-0.071314,-0.02773,-0.050965,-0.154341,-0.14285,-0.07144,-0.008977,0.142674,0.010446,-0.100009,-0.12491,0.157947,0.140741,-0.186496,0.16184,-0.50178,0.00142,-0.19571,0.237872,-0.106223,-0.113923,0.103155,0.303897,-0.039399,-0.030906,-0.083263,-0.124184,0.090072,0.17926,-0.049402,-0.146331,0.119752,0.158174,0.116496,-0.119963,-0.027234,0.016396,-0.048342,0.030605,-0.210729,-0.190448,-0.085801,-0.096199,-0.179493,0.148201,0.330311,-0.113463,0.080204,-0.181388,0.021664,-0.010837,0.080096,-0.039112,0.260617,-0.166571,-0.06196,-0.012098,-0.12282,0.284663,-0.287136,-0.091883,0.10145,-0.175693,0.055503,-0.084815,0.075934,0.198698,0.082345,0.058313,-0.154832,-0.125319,-0.084059,-0.209136,-0.046582,-0.020114,0.069703,0.007403,-0.07703,-0.102239,-0.106728,-0.200652,0.022753,-0.087117,-0.175495,0.091708,-0.124669,0.13823,-0.082948,-0.066063,0.04844,-0.098734,-0.125641,-0.101001,-0.250352,0.104414,-0.236855,0.063559,-0.118435,0.022797,-0.030812,-0.213286,0.065602,-0.00163,-0.00443,0.00529,-0.157232,-0.108844,0.251516,0.107301,-0.114359,-0.231484,-0.241358,-0.135423,0.055029,-0.079646,0.102354,0.197659,-0.029886,0.002228,0.027031,0.015603,0.038191,-0.045172,0.150133,0.21756,-0.010241,-0.029675,-0.199133,-0.20476,0.310692,0.028296,-0.005024,-0.155289,-0.082879,0.01248,0.138339,-0.119042,-0.131427,-0.054191,0.111265,-0.041848,0.065263,0.185527,0.114818,0.11327,0.047279,-0.006336,-0.031948,-0.195556,-0.062096,-0.10014,0.192345,0.046366,0.062485,-0.2536,-0.017901,-0.317241,0.00308,-0.098559,-0.22405,0.037767,0.060077,-0.118198,-0.087871,-0.041744,0.165316,0.062025,0.141359,0.120512,0.13117,-0.101945,-0.145069,0.101361,-0.159905,0.161533,0.051079,0.02914,0.122953,0.110328,0.087535,-0.181709,-0.075052,0.117567,#
12,0.093769,0.069092,-0.315564,0.012716,0.135897,-0.093233,0.032453,0.093712,-0.05658,0.312387,-0.131106,-0.151243,1.0,0.198839,0.153398,0.249387,-0.195709,0.053874,0.035417,-0.015834,0.313378,0.142356,0.064257,-0.144108,-0.250093,-0.113509,0.241717,0.033905,-0.077712,-0.003957,-0.06567,0.249685,0.211302,-0.076854,0.057982,-0.094533,0.093194,-0.213013,-0.136672,0.085781,-0.034144,0.297171,0.057586,0.257704,0.234451,-0.21675,-0.093458,0.126608,-0.103496,-0.290095,0.075355,-0.091778,0.051708,-0.246661,-0.046764,-0.15905,-0.264504,0.213658,0.086163,0.046162,-0.270218,0.056691,-0.37562,-0.024567,0.117378,0.266197,0.090448,0.136619,0.189648,-0.19104,-0.095539,-0.153805,-0.101708,0.054517,0.023853,0.070472,-0.074827,-0.178108,-0.174013,-0.224012,-0.256785,-0.269865,0.092953,-0.03567,-0.065604,-0.261255,0.114358,-0.040223,-0.35106,-0.01111,-0.182479,-0.431324,-0.195885,-0.116067,-0.043011,0.191492,-0.099884,-0.083214,-0.245695,-0.158297,0.051437,-0.200852,0.032237,-0.153382,0.030278,-0.01093,-0.108818,-0.119573,-0.212834,-0.164438,0.211509,-0.106403,-0.114571,-0.156855,-0.118423,-0.050197,0.165157,-0.012529,-0.143562,-0.210579,-0.026537,-0.199076,-0.221025,-0.168673,-0.298429,0.163656,-0.282349,0.046517,0.078498,-0.182862,-0.320979,0.000869,-0.113419,0.018451,-0.18333,-0.019169,-0.068915,-0.018737,0.097521,-0.013223,-0.155747,0.059936,-0.21561,-0.237526,-0.184562,-0.014151,-0.081195,0.2442,-0.381896,-0.036617,-0.112553,-0.118716,-0.139844,-0.212727,-0.310872,-0.113023,0.183498,0.083529,-0.278532,-0.118582,-0.055859,-0.084191,-0.083214,0.103977,-0.111569,0.082391,-0.035056,0.04905,-0.074967,0.051302,0.038727,0.079419,-0.026437,0.033714,0.194743,-0.076414,-0.231622,-0.055583,0.162978,-0.006526,0.24574,0.078813,-0.10281,0.120909,0.128571,-0.16295,-0.01023,-0.070808,0.005857,0.172758,-0.087163,0.094787,0.189242,0.125268,-0.050435,0.071654,0.008105,0.099275,0.19282,0.058845,#
13,0.210154,0.190783,0.115033,-0.164248,0.114817,0.189015,0.075613,-0.028589,0.382121,0.26057,-0.098385,0.120736,0.198839,1.0,0.17706,0.009882,-0.08634,0.20398,-0.035736,0.094035,-0.239208,-0.051825,0.134798,-0.274682,-0.053943,-0.129628,0.27498,-0.293376,0.070238,-0.0493,-0.229473,0.200375,-0.162017,-0.111389,-0.203295,0.212877,0.191533,-0.119592,-0.092037,-0.238173,-0.023172,0.283247,-0.126771,0.02696,0.033924,-0.357958,0.37312,0.067628,-0.091006,0.121789,0.009654,-0.064104,0.087989,-0.127111,-0.425636,0.190021,0.048622,0.195224,0.20788,0.39122,-0.012657,0.211731,-0.063016,-0.202525,-0.026845,0.265842,0.263206,0.468226,0.222659,0.047838,0.024747,-0.112355,-0.09553,0.007088,-0.015791,0.153494,-0.127846,-0.144745,-0.317692,0.128643,0.201314,-0.263489,0.032005,0.088305,0.03516,0.021265,-0.046988,-0.289289,-0.242764,-0.100945,-0.259375,-0.105396,-0.041009,0.185949,-0.255287,0.091506,0.03385,0.000755,0.039065,-0.16506,-0.102111,-0.156793,-0.069453,0.066723,0.036081,-0.248874,0.06571,-0.217036,0.07934,-0.125351,0.235696,0.138924,-0.15369,0.199203,0.149296,-0.175385,-0.298077,-0.077366,0.222609,-0.335611,0.031514,-0.149094,-0.026994,-0.258958,0.09039,-0.043682,-0.179935,0.068802,-0.067576,-0.193098,-0.103715,0.299534,-0.468832,-0.210008,0.042679,-0.13467,-0.018583,0.160342,0.213483,-0.062377,0.083454,-0.266343,-0.282789,-0.121683,-0.028344,-0.241761,-0.031868,0.331143,-0.269573,0.303949,-0.212921,0.070154,0.100212,-0.038079,0.115686,-0.124066,0.428598,0.355933,-0.035458,0.063502,-0.205575,-0.080094,0.146765,0.482241,0.195019,0.301555,0.054181,0.030101,-0.104104,-0.089709,0.075505,0.034652,-0.077534,0.065503,-0.030825,-0.01097,-0.066024,-0.080779,0.171113,-0.032541,0.395226,0.181701,-0.285036,-0.138798,0.092131,-0.069488,0.113661,0.064542,-0.392533,0.267343,0.0175,-0.132873,0.281306,0.246062,0.003878,-0.175683,-0.298517,-0.135366,0.198823,0.131113,#
14,0.292268,0.171111,-0.206391,-0.03524,0.103579,-0.026784,0.099425,0.217196,-0.244667,-0.211861,-0.11653,-0.077467,0.153398,0.17706,1.0,0.157873,0.074878,-0.293547,-0.09642,-0.061969,-0.215944,0.038604,0.048944,-0.276113,-0.061404,-0.077755,0.173613,-0.198489,0.017125,0.091967,-0.350138,0.2407,-0.126351,-0.07435,-0.105355,-0.105785,-0.103443,0.152483,0.036439,-0.022833,-0.085741,-0.093312,-0.207217,0.039146,0.225028,-0.128941,0.435363,-0.074819,0.076471,-0.065159,-0.277743,0.037539,-0.088918,-0.409834,-0.212532,0.202846,-0.057955,-0.060331,-0.060057,0.029115,-0.136129,0.236038,0.030196,0.008256,0.038007,0.06997,-0.191493,0.077519,0.132327,-0.3055,0.16334,-0.017798,-0.216388,-0.037145,0.173347,0.131394,-0.168391,-0.040732,-0.342571,0.079271,-0.005272,-0.335162,-0.144511,-0.12865,-0.175049,0.104082,-0.26438,-0.123117,0.009948,-0.195053,-0.005418,-0.141576,-0.037968,0.035901,-0.1322,-0.08387,-0.048851,-0.216502,-0.206813,-0.103139,0.068812,-0.268404,0.140524,-0.127795,-0.173881,-0.200428,-0.026212,-0.247159,0.224709,-0.212131,0.055506,-0.092789,-0.213238,0.021545,-0.405246,-0.066838,0.022217,0.185892,-0.086951,-0.20873,-0.208944,-0.240682,-0.202429,0.13201,0.166505,0.049832,-0.222279,0.188237,0.027062,-0.182486,-0.133668,-0.404689,-0.330872,-0.273615,-0.099524,-0.208848,-0.016871,-0.254546,-0.094341,-0.10278,-0.209199,-0.263138,0.012634,-0.220255,-0.230863,0.021212,0.034982,0.009525,-0.084725,0.027911,-0.156953,0.05123,-0.007504,-0.13376,-0.160234,-0.000507,0.209958,-0.09422,-0.280731,8.2e-05,-0.483421,-0.005698,0.093424,-0.182697,-0.033246,0.239112,-0.003682,0.014697,-0.081609,-0.424966,-0.025069,0.08328,-0.12629,-0.133668,0.12445,0.114081,0.026866,-0.203482,0.033591,-0.011152,0.029934,0.118451,0.095999,0.106773,0.151825,-0.277022,0.348888,0.004159,0.033233,-0.169614,-0.197295,0.144848,0.136421,0.190913,-0.044648,-0.143887,-0.059124,0.047023,-0.200903,0.213852,#
15,0.019483,-0.07806,-0.293619,0.097283,0.026313,-0.035784,0.09056,0.005809,-0.155611,0.280641,0.076587,0.051131,0.249387,0.009882,0.157873,1.0,0.119954,-0.297906,-0.016355,-0.390317,-0.013077,-0.159835,-0.06669,-0.283985,-0.136293,-0.195109,-0.112709,-0.10536,0.002885,0.128241,-0.264014,0.063889,-0.089185,-0.065005,0.017802,-0.061052,-0.047037,-0.072124,0.269962,0.349389,-0.290524,-0.096324,0.083963,-0.005246,0.013261,0.213525,-0.036071,-0.341146,0.017476,-0.030003,0.321855,-0.084545,0.139733,-0.073001,-0.026724,0.251636,-0.043879,0.002254,-0.024045,0.119041,-0.208078,0.220855,-0.02157,0.097133,-0.213888,-0.207147,-0.229077,0.198334,-0.088158,-0.404402,0.213204,-0.032384,-0.152704,0.013742,0.034518,0.042235,-0.136881,0.002167,-0.137453,-0.07394,0.008713,0.040474,0.234282,0.014174,0.025011,-0.119552,0.083655,0.149494,-0.143358,0.093565,0.052982,-0.248573,0.213239,-0.187623,-0.08796,-0.01826,-0.220526,0.085756,-0.261582,0.028828,0.04072,0.066773,-0.029426,0.089881,-0.0614,-0.180796,-0.243588,0.279633,-0.173577,0.080104,-0.495965,0.119313,-0.113005,-0.017576,-0.262728,-0.200521,0.140254,-0.036771,-0.27503,0.096064,-0.161867,-0.022794,-0.030324,0.160486,0.052016,0.027073,-0.027633,-0.016405,-0.077281,-0.095842,-0.188613,-0.171815,-0.089963,0.074823,-0.167302,0.021582,0.068923,-0.25043,-0.019737,-0.053163,-0.214091,-0.013105,0.12608,-0.060514,-0.26818,-0.040098,-0.214561,-0.212744,-0.268485,-0.1667,-0.036161,-0.229312,-0.177233,-0.249254,-0.214684,-0.023807,-0.096522,-0.140653,-0.299343,-0.042681,-0.236731,-0.283427,-0.07352,-0.254088,-0.211129,-0.200933,-0.299033,0.081607,0.060186,-0.107337,0.007423,-0.19866,0.037383,-0.0199,0.249806,-0.089153,-0.232163,0.068999,-0.069341,0.036085,-0.092854,-0.139663,0.438222,0.251608,-0.112319,-0.108337,0.084619,-0.180701,0.346434,-0.116823,-0.257095,0.297188,0.252936,0.098057,0.190725,0.100437,0.071678,-0.192324,-0.109118,-0.016912,#
16,0.077701,-0.209116,-0.185897,-0.116859,0.202784,0.076711,-0.020013,-0.096509,-0.013011,-0.104369,0.410059,0.163712,-0.195709,-0.08634,0.074878,0.119954,1.0,-0.084343,0.010926,-0.15356,0.03179,-0.012812,-0.003548,-0.078445,-0.069637,0.125611,-0.305501,-0.013834,0.056161,0.101968,-0.165675,-0.07153,-0.094998,-0.196315,0.263685,0.101177,-0.181173,0.021049,0.248335,0.06498,-0.195349,-0.274695,-0.417922,-0.203702,0.192768,0.126156,-0.012134,-0.185981,0.142885,0.055623,0.123431,-0.027548,-0.099416,0.020606,0.168539,0.074563,-0.041678,0.017571,0.17764,-0.037826,-0.019369,0.042973,0.009762,0.12655,-0.009914,-0.285571,-0.156436,-0.23463,0.034316,-0.153278,0.169083,0.039025,-0.176773,-0.234194,-0.150899,0.136711,-0.231474,0.019002,-0.267821,0.034601,-0.10569,0.104269,-0.149366,0.173216,-0.170911,0.124697,-0.19513,0.028938,0.061343,-0.141104,0.084767,-0.099527,-0.047726,-0.089961,-0.116054,-0.274403,-0.066961,-0.200355,-0.048931,-0.17108,0.15804,-0.01546,-0.363333,-0.314282,-0.174856,-0.056379,-0.122739,-0.058189,-0.127553,0.275305,-0.235482,-0.075802,-0.032309,-0.249887,-0.246342,-0.017733,0.035787,-0.115436,0.154839,-0.063408,-0.211296,0.023392,-0.149407,-0.009281,0.133895,-0.038407,-0.117551,-0.011253,0.031682,-0.194427,0.2132,-0.100125,-0.02542,0.111126,-0.208277,-0.110404,-0.156377,-0.269646,-0.224955,0.017133,-0.314353,0.042235,0.121823,-0.068862,-0.268837,-0.049021,0.245531,-0.211477,0.186203,-0.297568,0.027773,-0.09525,-0.24851,-0.217458,-0.154721,-0.190865,0.055705,0.012856,-0.183066,0.149863,0.066052,-0.062095,0.023677,-0.110501,-0.178186,-0.02206,0.065827,-0.019314,-0.134196,0.093749,0.370198,-0.172463,-0.103636,0.09713,0.168709,-0.168565,-0.231471,0.119533,0.055352,0.073289,0.026198,-0.029858,0.146767,0.118647,0.049674,-0.12313,0.035735,-0.171329,0.23406,-0.225022,-0.111819,0.242751,-0.004503,-0.131835,-0.001539,0.092016,0.224539,-0.135193,-0.163139,0.11834,#
17,-0.077734,0.160104,0.219622,-0.071645,0.063426,-0.036038,0.081333,-0.27548,0.40479,0.027703,-0.079432,-0.071314,0.053874,0.20398,-0.293547,-0.297906,-0.084343,1.0,0.151064,0.151853,0.196793,-0.067343,0.082035,0.023334,0.024501,-0.001864,-0.074617,0.049957,0.019788,0.040627,0.1656,0.063488,0.242823,0.007284,-0.066638,0.035831,0.042639,-0.185328,-0.10809,-0.149403,0.057744,0.077975,-0.114458,0.042005,0.092126,-0.191969,-0.062006,0.335111,-0.124575,0.010579,0.076211,-0.056576,0.216855,0.10318,-0.169313,-0.07027,0.180943,0.122695,0.215019,-0.03829,0.208827,-0.093095,0.072136,-0.260515,-0.048627,0.120742,0.092402,-0.085577,0.172512,0.233004,-0.045814,0.037954,-0.235135,-0.001138,0.038144,-0.012739,0.107668,-0.155481,0.01321,0.183544,0.012172,0.10106,-0.096152,0.109605,0.31493,0.013089,0.179857,0.111625,-0.020392,0.13914,-0.162066,0.030663,-0.326884,0.22112,-0.022742,-0.251481,0.210554,-0.091325,0.245184,0.048663,-0.072257,-0.042045,-0.1129,0.116396,0.150969,0.24288,0.026859,0.025768,-0.084257,-0.054717,0.310648,0.129358,0.214973,0.082029,0.192021,0.000711,-0.007971,0.144373,0.281751,-0.125897,0.258887,0.153915,0.001456,-0.189522,0.021643,0.264977,0.124335,0.133133,-0.240496,0.037164,0.115235,0.160041,-0.068177,0.112336,0.004005,0.104757,-0.080126,0.190772,0.212615,-0.028186,0.040267,0.179883,-0.016208,-0.023036,0.265013,-0.24157,0.244083,0.231294,0.080901,0.186125,0.086195,-0.023995,0.066859,-0.165302,0.253887,0.042759,0.008344,0.404117,0.148527,0.188145,0.144141,0.125098,0.035842,0.439425,0.304068,-0.028896,0.060041,-0.023139,0.027392,0.335003,-0.0832,-0.043914,0.055697,0.031604,-0.189152,0.140836,0.028902,0.143219,0.246783,-0.10925,0.379358,-0.147819,-0.399051,-0.071189,0.008894,0.142528,-0.009772,0.043715,-0.385379,0.245976,0.227058,-0.208395,0.119511,-0.086321,-0.006131,0.096486,-0.069363,0.077417,0.249108,-0.266727,#
18,-0.073155,-0.18967,0.075621,-0.251744,0.089037,0.029398,0.17725,0.01558,0.319166,-0.094014,0.077984,-0.02773,0.035417,-0.035736,-0.09642,-0.016355,0.010926,0.151064,1.0,0.096429,0.107628,0.035554,0.32966,-0.040038,-0.044292,0.007776,0.299801,0.22326,-0.120118,0.145882,0.105974,0.034934,-0.07046,-0.080521,-0.123834,0.121385,-0.146112,-0.174663,0.044827,-0.20309,-0.055378,-0.020192,0.141693,0.007535,-0.04415,-0.225802,0.106706,0.098143,-0.205723,0.019583,0.156848,0.140576,0.04994,-0.056705,-0.152068,0.211414,0.031836,-0.123062,-0.11909,0.093741,-0.14734,-0.076377,-0.149665,0.019575,0.072105,0.200681,0.236937,0.054863,-0.049296,0.049961,0.24251,-0.14371,-0.283448,0.159922,-0.041718,0.124057,0.090194,-0.542656,-0.035835,-0.1241,-0.111776,-0.126382,-0.163366,0.112787,-0.02956,-0.069021,-0.14524,-0.138826,0.052788,0.142521,-0.029082,0.029148,-0.098491,0.08624,-0.067792,0.065148,-0.008923,-0.055575,-0.389843,-0.125596,-0.02605,0.033904,-0.109518,0.209954,-0.116526,-0.068847,0.221568,0.005917,0.17671,0.113211,0.119747,0.12635,0.223906,0.008911,-0.207081,-0.322378,0.162486,0.090489,0.275501,-0.066665,-0.134578,-0.064494,-0.225582,-0.330492,0.007514,-0.185697,0.077528,-0.040556,-0.020442,-0.150188,0.041155,0.075621,0.008679,0.075352,-0.23373,-0.126098,0.178997,-0.13142,-0.137639,-0.234603,0.02499,0.037112,-0.258938,-0.142402,-0.074542,-0.181109,-0.003227,0.123391,-0.05513,0.206061,0.261534,-0.138657,0.328439,-0.268565,-0.104261,-0.157958,-0.021683,0.268182,-0.10533,0.154159,-0.043703,-0.191364,-0.121481,-0.035535,0.131005,-0.114809,0.128465,0.111764,-0.269606,0.040579,-0.021637,0.369748,0.066971,-0.071305,0.256775,-0.15366,0.07727,0.069816,0.016566,0.179048,0.252947,0.08904,-0.018403,0.111232,-0.042669,0.315428,0.145866,0.063028,-0.182056,-0.014574,0.058094,-0.034454,-0.175554,-0.096122,-0.334814,0.334269,0.051102,0.061667,0.297843,-0.085639,#
19,-0.141396,0.087642,0.177884,0.139276,0.079429,-0.069215,-0.026652,0.035837,0.268569,0.004106,-0.127177,-0.050965,-0.015834,0.094035,-0.061969,-0.390317,-0.15356,0.151853,0.096429,1.0,-0.150802,-0.017407,-0.021422,0.226,0.043689,0.071565,-0.048196,0.087682,-0.141181,0.114595,0.174949,0.077742,0.132369,0.277939,-0.175997,-0.094838,0.003041,-0.060026,-0.115112,-0.157616,0.003059,-0.015809,-0.020462,0.181796,0.063357,-0.176937,0.055503,0.198666,-0.229265,0.097524,-0.007519,0.167686,0.190968,0.100758,-0.326862,-0.008239,0.18435,-0.084453,0.006707,-0.242248,-0.071451,0.011288,-0.054273,0.074834,-0.126565,-0.02537,0.361604,-0.217437,0.042503,0.223258,0.073391,0.017523,-0.006899,0.173686,-0.149,0.051849,0.266677,0.095254,0.078161,0.04377,0.140427,-0.016802,0.090876,0.170066,0.096741,0.201018,-0.039009,-0.27719,0.214324,-0.041372,-0.074162,0.253106,0.18134,0.08738,-0.337127,-0.135197,0.200325,-0.20835,-0.005235,0.159142,-0.243665,0.123819,0.019779,0.107679,-0.014706,0.144612,0.062868,-0.188254,0.190868,0.012518,0.373909,-0.075471,0.353647,0.227506,0.090953,-0.021875,0.207022,0.0058,0.370748,-0.201917,0.175854,0.180329,0.127267,-0.215323,-0.064431,0.14318,0.012257,0.023046,0.086414,-0.008357,0.080252,0.190478,0.064764,0.075435,0.100158,-0.10322,-0.155694,0.093374,-0.026958,0.081399,0.125478,-0.064622,0.028576,0.101723,0.244473,0.168919,0.249095,0.105466,0.077819,0.374164,0.09073,0.093132,0.102177,0.204601,0.351877,0.293923,-0.061478,0.162949,0.200118,0.010449,-0.006633,0.17278,0.169748,0.338361,0.265966,-0.03276,0.176869,0.065046,0.179775,0.070453,-0.31323,0.255936,0.071225,0.084266,-0.045271,0.117534,0.003573,-0.155328,-0.16636,-0.130161,0.110687,-0.135059,-0.271996,-0.010335,-0.098307,0.192307,-0.017454,0.229831,-0.52707,-0.058815,0.272871,-0.34451,-0.223635,-0.087279,-0.236687,-0.249417,-0.106792,0.231045,0.171073,0.052624,#
20,-0.162433,0.182554,-0.281221,-0.119549,0.241187,0.029451,0.162291,-0.133018,-0.100295,0.014763,0.141031,-0.154341,0.313378,-0.239208,-0.215944,-0.013077,0.03179,0.196793,0.107628,-0.150802,1.0,0.186659,0.32958,0.179719,-0.104509,-0.007758,0.054853,0.153249,0.218877,0.303438,-0.047568,-0.102143,0.316487,-0.041481,0.126905,-0.037136,0.095885,-0.244932,-0.012333,0.058429,0.205922,0.123205,0.190178,-0.041108,-0.038715,0.005118,-0.305116,0.133992,0.072213,-0.234455,0.117391,-0.273304,-0.004049,-0.034878,0.081611,-0.189015,-0.14017,0.053971,0.125728,0.013136,0.017536,-0.204537,-0.137701,-0.044237,-0.002508,0.262462,-0.010793,-0.057317,0.18754,0.169563,-0.262192,0.020893,0.207259,-0.093326,-0.07613,0.217493,0.027995,-0.103111,-0.177282,-0.123866,-0.337704,-0.03218,-0.143064,0.105231,-0.147569,-0.354797,0.167952,-0.178473,-0.144808,0.107871,-0.321076,-0.320242,-0.281525,-0.146401,0.076149,-0.075493,-0.281661,-0.151927,-0.209517,0.006362,0.204955,0.057275,-0.319564,-0.255809,0.157547,-0.045856,-0.110352,-0.128569,-0.205664,-0.006432,0.083881,0.148146,-0.195334,-0.243498,-0.036157,0.028889,-0.071781,-0.040509,-0.021095,-0.146209,-0.01228,-0.21885,-0.118858,-0.254397,-0.25075,0.054792,0.095764,0.006695,0.001694,-0.238209,-0.257839,-0.091117,0.021814,-0.037365,-0.245651,0.000232,-0.314554,-0.284496,0.021555,-0.201357,-0.352975,0.053375,-0.164326,-0.063279,-0.327041,-0.161383,-0.135684,0.339987,-0.102672,-0.265131,-0.050078,-0.27178,-0.177971,-0.379997,-0.31552,-0.185468,-0.13732,0.201131,-0.091945,-0.17204,0.171844,0.061782,-0.262729,0.025646,-0.188065,0.02826,-0.18617,-0.124956,-0.297909,0.380519,0.093678,0.135372,-0.22633,-0.162853,0.080352,-0.239373,-0.139355,0.128501,0.21179,-0.032005,0.206254,0.014934,0.051361,0.052607,0.258219,-0.051082,-0.195821,0.087292,0.1507,0.184958,-0.181937,0.363959,0.292115,0.177945,0.065081,0.427737,0.206511,0.041005,-0.032136,0.006796,#
