0,1.0,0.03271,-0.132916,-0.134767,0.19954,0.156084,0.140802,-0.084369,-0.146697,0.105821,0.18465,-0.07237,0.285463,0.227712,0.035899,0.067752,-0.051971,-0.338753,0.314122,-0.133532,0.238113,0.100791,0.173736,-0.148059,-0.021561,-0.325812,-0.09057,-0.09823,0.285172,0.134558,0.018077,0.015335,0.270387,-0.210525,0.160537,0.1344,0.286085,-0.094365,-0.104512,-0.039654,0.053345,0.227585,-0.01861,0.076023,-0.046344,-0.096712,-0.003213,0.030011,-0.048234,-0.0318,0.039637,-0.219147,0.240664,0.059636,0.334451,0.088872,-0.11087,-0.023796,-0.112667,0.2218,0.309817,0.116124,-0.121624,0.245482,-0.128174,-0.063674,-0.125539,0.293655,-0.255369,-0.234748,-0.040321,0.118842,-0.042236,-0.164866,-0.378803,0.253393,-0.250479,-0.06703,-0.280898,0.014671,0.11218,-0.273134,-0.136128,-0.167353,-0.183275,-0.099905,-0.194626,-0.015845,-0.168717,-0.343852,-0.274968,-0.294588,-0.044959,-0.33811,-0.000338,-0.306912,-0.43187,-0.235264,-0.229584,-0.002996,0.088517,0.020969,-0.134263,-0.269348,0.023709,-0.283999,0.013131,0.099356,-0.097594,-0.017218,0.083484,0.196561,-0.409466,-0.17922,0.047767,0.062625,-0.360459,-0.172352,-0.24004,-0.002074,-0.351583,-0.006967,-0.00678,-0.268976,-0.149742,-0.050823,-0.100972,0.13691,-0.138987,-0.023041,-0.003237,-0.369576,-0.17467,0.123831,-0.20084,-0.101268,-0.045058,0.010046,0.28247,-0.142117,-0.243713,0.225004,-0.037804,-0.016352,-0.16143,-0.07024,-0.210642,0.078826,-0.258304,-0.316698,-0.089814,-0.114551,-0.305332,-0.270791,0.319414,-0.133546,0.191808,0.065116,-0.352237,-0.147326,0.040396,-0.262744,-0.082221,-0.153799,0.044348,-0.162341,-0.08969,0.101525,-0.175553,-0.266707,0.024405,0.187362,-0.142196,0.128521,-0.059905,-0.127611,-0.119811,-0.040862,0.044749,-0.109684,0.002544,0.02389,0.045093,0.448462,0.174382,-0.006949,0.253276,-0.029227,0.091384,0.233854,-0.128699,0.118476,0.365484,-0.091213,-0.138826,0.328753,0.148657,-0.216184,-0.179551,0.07182,#
1,0.03271,1.0,0.062657,-0.093149,-0.027143,0.067837,0.245082,0.093015,-0.010239,0.36126,-0.202915,0.037372,0.049797,0.256871,0.260959,0.096214,-0.048058,0.200474,0.201035,0.067203,0.190012,0.060145,0.251778,-0.147838,0.060729,-0.214234,-0.053656,0.027527,-0.120613,0.20111,-0.166708,0.1025,0.265707,-0.159452,-0.212268,0.172518,0.148285,-0.277467,0.054539,0.049974,0.062451,0.247528,-0.161034,0.077428,0.321402,-0.252861,0.13702,-0.160603,0.170883,0.409901,0.014238,0.005156,0.163154,-0.058599,-0.060228,-0.069904,-0.014577,-0.334251,-0.249663,-0.221959,0.033796,0.091055,-0.143194,-0.089422,0.303892,0.099321,-0.096005,-0.07975,-0.114259,-0.155518,0.075268,-0.018866,0.116079,-0.19638,-0.068122,0.057653,-0.287746,-0.224591,0.175228,0.056472,0.059827,-0.178368,-0.082288,0.054353,-0.147287,-0.189376,-0.219992,-0.21445,0.045745,-0.115601,-0.075203,-0.082132,-0.236362,-0.015164,-0.074641,-0.003378,0.083716,0.169028,0.298324,-0.080513,0.003285,0.231761,-0.069476,-0.198244,-0.294536,-0.115525,-0.10566,-0.026808,-0.283494,-0.190465,0.249955,0.291959,-0.164409,0.042923,-0.139253,-0.086578,-0.070678,-0.079788,0.167149,-0.342015,-0.238416,-0.357289,-0.457443,-0.099853,-0.251404,-0.246947,0.144471,0.010954,-0.296299,-0.091263,0.108776,-0.024799,-0.203848,-0.166271,-0.178062,-0.368416,0.158738,0.124689,0.062982,-0.117406,0.007122,-0.194936,-0.126172,-0.199958,-0.076332,-0.066783,-0.251088,0.161081,-0.056994,-0.110674,-0.188612,-0.232671,0.045292,-0.07971,-0.009319,-0.013275,0.289812,0.097045,-0.156322,-0.000191,-0.051308,-0.078573,-0.046163,0.215446,0.054203,0.267657,0.077828,0.023077,-0.27564,-0.407157,-0.078503,0.171287,-0.024598,-0.102028,0.041074,-0.148251,-0.044098,0.071354,0.240457,-0.369698,0.221111,0.001855,-0.277226,-0.015947,0.192742,-0.152378,0.270778,-0.150995,-0.155473,0.29433,0.059933,0.004474,0.090431,0.302518,-0.257899,-0.053833,0.116192,-0.02965,0.279368,-0.052708,#
2,-0.132916,0.062657,1.0,0.02943,-0.070208,-0.104111,0.091068,-0.008437,0.187733,0.0312,-0.004934,-0.035318,-0.14468,-0.055215,-0.129346,-0.057072,-0.266287,0.27285,-0.15587,0.130187,0.017392,0.228173,-0.087453,0.063166,0.148451,0.125857,0.370347,0.017331,-0.048843,-0.225884,-0.017932,0.175451,-0.108845,0.015668,-0.095538,0.059799,0.052029,0.182781,0.126465,-0.227072,0.175858,0.108093,0.002352,-0.107064,0.003893,-0.229611,-0.058408,0.243693,-0.049426,-0.139252,-0.079156,-0.115888,0.249411,-0.115329,-0.239929,-0.132348,-0.1386,-0.260535,-0.048409,0.041016,-0.08005,-0.171425,-0.038863,-0.254909,0.158938,-0.057166,0.177727,0.087385,0.182389,0.29123,0.12442,0.1594,-0.059381,0.227775,0.111822,-0.088226,0.073193,-0.106504,0.089623,0.117611,0.168945,0.112855,0.062772,0.200767,-0.077667,0.127946,0.041759,0.024165,0.203221,0.133239,0.061858,0.07872,0.266651,0.216647,0.122248,0.16478,0.387075,0.067319,0.259506,0.156345,-0.119185,0.097547,0.083497,0.129227,0.155602,0.289935,-0.024596,0.162793,-0.161829,-0.12263,0.144639,-0.065844,0.145471,0.143559,0.383239,-0.087598,-0.040959,0.061365,0.01803,-0.009645,0.177502,0.083106,-0.011973,-0.001872,0.001732,0.123138,0.263198,-0.021607,0.08084,0.214693,0.46869,0.031715,0.112742,0.070636,0.189158,0.12541,-0.103595,0.329417,0.211477,0.275861,0.110027,0.13434,0.042489,-0.070099,0.002939,0.029835,-0.040552,-0.020013,0.197396,0.298541,0.05587,0.049239,0.242718,0.146985,0.108698,0.133783,0.053719,0.0534,0.237907,0.090925,0.363012,0.123691,0.048407,0.324121,0.087935,-0.315355,0.063477,-0.03102,0.034943,0.180102,-0.205734,-0.213903,-0.122347,0.091032,-0.228212,0.243167,0.206133,-0.077915,0.046446,-0.145567,0.092396,0.090413,-0.228098,-0.214363,-0.21701,0.299596,0.090297,0.253472,-0.155086,-0.12221,0.190103,-0.245743,-0.208134,0.359385,-0.317571,0.036823,-0.132993,0.163069,0.294578,-0.052478,#
3,-0.134767,-0.093149,0.02943,1.0,-0.145893,-0.188458,-0.178909,-0.221446,-0.319286,-0.377107,0.066205,-0.165482,-0.267843,-0.351286,-0.207114,-0.09387,0.197257,0.107974,-0.118872,-0.014467,-0.008379,0.052768,-0.315025,0.031368,0.113499,0.287445,0.141372,0.142201,-0.0544,-0.315307,0.248306,0.02002,-0.120986,0.048746,0.10286,-0.040647,-0.230574,-0.010637,-0.005831,0.098488,-0.018451,-0.203555,0.063024,0.184972,-0.097007,0.338174,-0.132646,0.0219,0.056149,-0.157484,-0.096809,0.289916,0.012965,0.010691,-0.14218,-0.196163,0.324995,0.149194,0.146442,0.066382,-0.285486,0.041345,0.229846,-0.170987,-0.058574,-0.32412,0.062979,0.054188,-0.069291,0.023406,-0.049463,-0.01382,0.05985,0.040917,-0.007168,-0.053477,0.229689,0.079732,-0.041922,-0.151166,0.040783,0.366818,0.236672,0.012089,0.280798,-0.02,0.270599,0.195187,0.006676,-0.029835,-0.036342,0.115016,0.163185,-0.131929,0.209612,0.096692,0.418466,0.196429,-0.056657,0.299323,0.12533,0.23188,0.427426,0.124714,0.179571,0.136931,0.244711,0.079834,-0.143874,0.107315,-0.111673,-0.16933,0.206307,0.146914,0.122167,0.071424,0.001933,-0.005119,-0.087474,0.378971,0.133313,0.335305,0.306999,0.144113,0.2628,0.095985,-0.313976,-0.147179,0.177439,0.288398,-0.083621,0.153168,0.329043,0.022931,0.16083,0.197198,0.008213,-0.044954,-0.06437,0.271352,0.084828,-0.157081,0.253617,0.206569,0.361325,0.206092,0.087236,0.044882,0.323655,0.080277,0.144482,0.033352,0.177324,0.316767,-0.044351,0.206511,-0.386204,-0.232028,0.282074,0.200815,0.035104,0.135011,-0.119646,0.119356,-0.196831,-0.243981,0.226006,0.140204,0.141884,0.203345,0.121395,-0.093899,0.209636,0.244947,-0.217246,0.245445,0.0368,0.035527,-0.576944,0.351376,-0.348213,-0.124054,0.244746,-0.060957,-0.126315,-0.009402,-0.19124,0.00019,0.360677,-0.097449,0.136106,-0.148618,-0.16279,-0.185727,-0.011221,-0.113413,-0.095959,0.131843,-0.064651,-0.303464,#
4,0.19954,-0.027143,-0.070208,-0.145893,1.0,-0.00716,-0.177415,0.052242,0.083784,-0.126761,0.241891,-0.063414,0.101786,-0.126302,-0.118411,-0.134026,0.037227,-0.216175,0.144674,-0.155311,-0.21268,-0.199492,0.19467,0.000937,0.061453,-0.122924,-0.264407,0.064202,-0.070828,0.070294,-0.218527,-0.175541,0.042089,-0.059679,0.023565,0.068092,0.077088,-0.149252,0.019557,0.302456,0.029137,-0.371935,-0.143752,0.122125,-0.141108,0.199401,-0.212472,0.088915,0.117972,0.198201,0.053505,-0.074922,0.106158,0.194293,0.195247,0.12185,-0.111619,0.238746,0.078252,-0.045602,-0.214685,-0.205569,-0.15508,0.104487,-0.153013,0.20685,0.44998,-0.16742,0.077691,-0.11007,-0.007084,-0.027957,0.035602,0.223809,0.100018,0.115269,-0.084624,-0.137172,-0.103878,-0.21112,-0.122163,0.030309,0.033563,0.023256,0.045735,-0.09694,0.12301,0.099846,0.022387,-0.179272,0.162254,0.102024,0.112223,-0.162722,-0.064664,0.019792,0.014124,-0.049336,-0.173796,0.06757,0.090822,0.098253,0.181936,-0.100874,0.141681,0.055762,0.004042,0.045227,-0.087752,0.018372,0.070086,0.02212,0.087632,-0.170035,-0.115548,0.127394,-0.035341,0.331416,-0.30543,0.035898,-0.364668,0.01035,0.221907,-0.08963,0.16921,0.155223,0.172693,0.043319,0.106895,-0.005635,0.084981,-0.186778,-0.000468,-0.183481,-0.021645,0.163192,-0.023199,0.105212,-0.136744,0.18601,-0.049302,-0.095564,-0.203173,0.177909,-0.040409,-0.329859,-0.35917,-0.045685,0.068385,-0.181529,0.041091,0.096483,-0.381046,-0.091325,0.112175,-0.145718,0.019395,-0.003038,-0.233728,0.154751,-0.215356,-0.194899,-0.288391,-0.021421,0.191715,-0.13736,0.003448,0.014577,-0.080668,0.066233,-0.074755,0.003345,0.053353,0.051603,0.046521,0.136449,0.158242,0.219962,0.160462,0.045086,-0.167178,0.128436,0.129965,0.20768,0.108234,-0.025776,0.112703,-0.203588,0.19272,-0.133005,-0.009615,0.042722,0.288226,-0.047838,-0.075015,0.23852,-0.001488,0.021703,-0.179392,-0.183543,#
5,0.156084,0.067837,-0.104111,-0.188458,-0.00716,1.0,0.364679,0.318678,-0.020033,0.032775,0.068856,0.273192,0.033394,0.152227,0.103254,0.05146,0.210747,-0.019219,0.142131,-0.05936,0.19056,0.119126,0.183302,0.011254,-0.147002,-0.045366,0.114486,-0.061758,0.128576,0.130151,-0.141252,0.016229,-0.081686,-0.013519,-0.016528,-0.038169,0.08365,-0.055007,-0.087659,-0.026693,-0.169254,0.277398,-0.082302,-0.050784,0.035974,-0.149168,0.112878,-0.103754,-0.001815,0.143692,-0.127993,-0.043938,0.06327,0.085265,0.131811,0.285066,-0.160055,-0.004742,-0.169109,-0.195599,0.122032,-0.208972,-0.149211,0.303099,-0.067663,0.370292,-0.0515,0.308664,-0.107243,-0.253031,-0.007181,0.142234,-0.221254,0.052444,-0.084276,0.200481,-0.209614,0.01959,-0.167096,-0.049597,-0.046356,-0.34482,-0.107192,0.035549,-0.15802,-0.262306,0.027023,-0.086737,-0.05972,-0.244011,-0.1979,-0.320345,-0.264159,0.010269,-0.050706,-0.171619,-0.227414,-0.246121,-0.18561,-0.218617,-0.041981,0.046581,-0.066656,-0.226642,-0.140817,-0.230629,-0.114221,-0.014391,-0.228634,-0.014939,0.161205,0.091349,-0.402969,-0.200941,-0.07913,-0.115224,-0.324121,0.084053,0.162578,-0.218165,-0.183313,-0.297381,-0.005965,-0.413165,-0.08485,-0.093778,-0.203266,-0.047281,-0.211152,-0.119043,-0.066561,-0.065808,-0.107483,-0.050157,-0.332228,-0.114868,0.304163,-0.064531,0.037975,-0.459436,-0.144876,0.041012,-0.171083,0.073955,-0.159078,-0.272998,0.219301,0.061363,-0.12337,0.015558,-0.033402,-0.079875,0.005147,0.079604,0.029746,-0.345951,0.032869,0.207866,-0.405466,-0.077655,-0.083122,-0.212855,-0.160138,-0.061936,-0.097317,0.093664,-0.079259,-0.097755,-0.012181,0.031913,0.18002,-0.180723,-0.216224,-0.17346,0.142797,-0.390818,0.030787,-0.009012,0.172233,-0.108785,0.142175,-0.098637,0.015249,0.170965,0.500842,-0.049554,0.034222,0.073646,-0.052339,0.027231,0.106497,0.048729,0.155194,-0.212509,-0.239835,-0.00311,0.133962,-0.07565,-0.302171,-0.007896,#
6,0.140802,0.245082,0.091068,-0.178909,-0.177415,0.364679,1.0,0.300454,0.236534,0.270321,0.07218,0.109355,0.241239,0.14332,0.006361,0.136782,0.115783,0.175589,0.160728,-0.05308,-0.075252,0.138492,0.084805,-0.064583,0.028029,0.052525,0.304825,0.103585,0.404779,0.123868,-0.331196,-0.087998,-0.004197,-0.250339,0.121569,0.147239,-0.112768,-0.011225,0.012633,-0.143323,0.025431,0.164075,0.110783,-0.188022,0.119607,-0.295622,0.041476,-0.219892,-0.006344,0.360759,0.056549,-0.126297,0.02905,0.018785,0.231749,0.126874,0.049615,-0.286828,-0.159291,0.081693,0.213366,0.150325,0.014109,0.248245,0.089698,0.242697,-0.049362,0.126158,-0.024953,-0.149295,0.279489,0.044179,-0.220384,-0.297635,-0.086418,0.302152,-0.210126,-0.149819,-0.090085,-0.056927,-0.131116,-0.258515,-0.380515,-0.057546,-0.334366,0.081925,-0.134876,-0.177329,-0.070579,-0.240331,-0.397231,-0.333399,-0.361998,-0.185652,0.033006,-0.371861,-0.050948,-0.262643,0.018493,-0.39945,-0.043446,-0.058751,-0.241956,-0.139703,-0.346616,-0.138137,-0.198701,-0.101019,-0.115909,-0.101625,-0.280241,0.093089,-0.322334,-0.311178,-0.081624,-0.292926,-0.133993,0.003735,0.0226,-0.163232,0.009815,-0.193814,-0.178112,-0.339646,-0.216778,-0.295112,0.048489,0.259447,-0.264759,-0.2209,-0.234852,-0.428793,-0.450541,0.08443,-0.063893,-0.118373,0.188711,-0.157688,-0.046186,-0.291755,-0.044127,0.091994,-0.165539,-0.255202,-0.246207,-0.116391,-0.076248,0.359681,-0.213665,-0.095951,-0.118503,-0.167725,0.095098,-0.027632,-0.127868,-0.357481,0.013723,0.264981,-0.204336,-0.076158,-0.127602,-0.123128,-0.159247,-0.019777,0.131163,0.155483,0.023327,0.116016,-0.344981,0.122806,0.170221,-0.018942,-0.103754,-0.070669,0.297041,-0.30154,0.1141,0.050382,0.235953,-0.532591,0.388864,0.251499,0.081021,0.072418,0.296283,-0.231701,-0.035375,0.164048,-0.133548,0.197367,-0.226876,0.034593,0.13439,0.028699,-0.327179,0.086285,0.118657,-0.085428,-0.229247,0.271187,#
7,-0.084369,0.093015,-0.008437,-0.221446,0.052242,0.318678,0.300454,1.0,0.00405,0.160334,-0.130717,-0.023608,0.50883,0.344707,0.096266,0.024509,-0.036267,0.161996,0.166278,-0.000543,0.160013,0.182491,-0.004316,0.12889,0.043993,-0.016029,-0.124248,-0.229484,0.069401,0.222912,-0.134858,-0.173713,0.097048,0.078831,-0.270555,-0.000279,0.049253,-0.125131,0.114632,-0.217168,0.074674,0.12416,0.023542,-0.097834,-0.137383,-0.328979,-0.015282,-0.201999,-0.016021,-0.060203,-0.146028,0.053741,0.200649,0.019884,0.265024,0.243792,-0.127834,-0.159841,-0.219895,0.042442,0.208417,0.017234,-0.164879,0.198374,-0.145291,0.434014,0.056005,0.127941,0.012188,0.060542,0.258183,0.173174,-0.394942,-0.069471,-0.034031,0.064014,0.001192,0.116957,0.101625,-0.101962,0.011436,-0.23116,-0.134658,-0.039612,-0.213806,-0.066443,-0.044379,0.062914,0.108309,-0.025281,0.028473,-0.27226,-0.188755,0.062374,-0.095026,0.028445,0.007688,0.047069,0.125372,-0.43778,0.03822,0.101947,-0.01887,-0.241513,-0.169524,0.060939,-0.217078,-0.013536,-0.096645,-0.311677,0.041556,0.207885,-0.093984,-0.132826,0.153708,-0.03279,-0.001181,-0.029645,0.195463,-0.164594,-0.096888,-0.597651,-0.036453,-0.096731,-0.189133,-0.128572,0.070846,0.030022,-0.221019,0.144256,-0.108663,0.08209,-0.074507,-0.032027,-0.20325,0.05878,0.2048,-0.169384,-0.011352,-0.191484,-0.075262,-0.053038,-0.220732,-0.017097,-0.15359,-0.134037,-0.195008,0.012118,-0.023652,-0.202168,-0.1703,0.014242,-0.162431,-0.172872,-0.122375,-0.377124,0.081006,0.085352,-0.143192,-0.067823,-0.002359,0.045346,-0.17347,0.063171,0.225869,0.023087,-0.007194,-0.043157,-0.068599,0.31788,-0.139217,-0.136088,-0.065953,-0.108549,0.258098,-0.192257,0.170585,-0.059476,0.360052,-0.1357,0.189555,0.31482,0.006154,-0.093616,0.150248,0.069785,0.030975,-0.190153,-0.261077,0.330933,-0.211433,-0.180868,0.285891,-0.093331,-0.16711,-0.191073,0.091279,0.010621,-0.124814,0.020953,#
8,-0.146697,-0.010239,0.187733,-0.319286,0.083784,-0.020033,0.236534,0.00405,1.0,0.344125,-0.127054,0.129427,0.029883,0.168935,0.097324,-0.059411,-0.233599,0.266748,-0.085192,-0.038849,-0.339674,0.164733,0.171757,0.084922,0.069131,0.250456,0.213754,0.271584,0.035504,0.148549,-0.219007,-0.126721,0.004616,-0.123431,0.158267,0.166147,-0.088763,-0.056165,0.197425,-0.189161,0.145056,-0.081635,-0.010255,-0.096263,0.135764,-0.128934,-0.053964,0.107964,-0.011188,0.149992,0.069525,-0.241437,-0.114427,-0.016231,-0.002438,0.417465,-0.151703,-0.285959,-0.106868,0.218459,0.04897,-0.049448,-0.097367,0.132766,0.084363,0.057664,0.132424,0.059242,0.159468,0.067911,0.097642,0.087976,0.077919,0.061359,0.039182,0.174575,-0.047761,-0.192439,0.085544,-0.050617,-0.073813,-0.094951,-0.388621,-0.028254,-0.101757,0.207217,-0.081548,-0.246649,-0.060076,-0.089866,0.158425,0.069695,-0.231454,0.200039,0.001028,0.104952,0.029247,-0.066921,-0.153167,-0.207502,-0.055515,0.1705,-0.078393,0.158052,-0.115078,-0.183414,-0.032879,-0.078096,0.073955,-0.123276,-0.058541,-0.133219,-0.089075,-0.313956,-0.001033,-0.126747,0.209248,-0.020576,0.140302,-0.122701,0.161165,-0.143676,0.044384,-0.108889,-0.111091,-0.013189,0.349313,0.04035,-0.107805,-0.187739,0.048511,-0.014655,-0.431968,0.05845,0.052023,0.057958,0.028796,-0.012123,-0.185528,-0.082324,0.125924,-0.02021,-0.132148,-0.226874,-0.314118,-0.379271,-0.067508,0.12162,-0.029169,-0.039056,0.029854,0.043506,0.038375,-0.194387,0.073283,-0.140353,0.329444,0.297947,-0.104854,-0.083437,-0.16739,0.15347,0.140085,-0.030628,-0.041507,0.038143,-0.103768,9.4e-05,-0.239238,0.15474,-0.062984,-0.040085,0.116582,0.045212,0.243229,0.142342,-0.0174,-0.008755,0.368031,-0.384884,0.432552,0.247545,-0.223956,-0.166162,0.007753,0.129474,-0.025355,0.228491,-0.384252,-0.112485,-0.172447,-0.1613,0.018004,0.19424,-0.144927,0.280688,0.049917,-0.06836,0.108685,0.165254,#
9,0.105821,0.36126,0.0312,-0.377107,-0.126761,0.032775,0.270321,0.160334,0.344125,1.0,-0.309192,0.107468,0.313279,0.598898,0.339005,0.166299,-0.28853,0.293978,0.103319,0.12522,-0.087973,0.25654,0.31762,0.069369,0.172177,-0.220037,0.0322,0.086833,0.058177,0.433596,-0.03266,0.233487,0.367265,-0.230953,-0.122741,0.107252,0.180419,-0.05752,0.121469,-0.398395,0.186012,0.311198,-0.023223,-0.035122,0.14357,-0.518242,0.201897,0.249172,-0.004572,0.336516,-0.089498,-0.17871,0.168697,-0.186368,0.150831,0.014386,-0.18343,-0.420109,-0.226884,0.107839,0.445179,0.194402,-0.338757,-0.029861,0.033008,0.134001,-0.045635,0.226262,-0.217384,0.065401,0.04643,0.28896,0.004097,-0.095443,-0.124975,0.090258,-0.147126,-0.288648,0.034627,0.110822,0.035748,-0.443284,-0.446346,0.089453,-0.248021,0.146615,-0.339732,-0.129077,0.196159,-0.327254,0.03675,-0.076736,-0.200242,0.253124,-0.009811,0.02046,-0.279276,-0.077546,0.13326,-0.327869,-0.16947,0.077476,-0.295119,-0.067289,-0.082776,-0.159381,-0.388297,-0.217168,-0.131565,-0.330451,0.184056,0.29831,-0.281926,-0.154802,-0.145376,-0.278359,-0.110367,-0.163404,0.391266,-0.416326,-0.052138,-0.35308,0.002497,-0.207036,-0.359357,0.010672,0.238325,0.052256,-0.180157,-0.241439,-0.079704,0.099613,-0.498131,-0.024212,-0.284207,-0.322902,-0.079706,-0.214832,0.239485,-0.289883,0.015521,-0.042369,-0.372223,-0.432651,-0.383778,0.001426,-0.132062,0.101912,-0.26692,-0.16362,-0.288828,-0.042623,-0.012104,-0.415561,-0.017796,-0.270451,0.425547,0.435147,-0.192141,-0.164644,-0.091407,-0.056264,-0.072389,0.290478,0.357252,0.48617,-0.127788,0.011833,-0.33371,-0.063872,-0.184251,0.166303,-0.177974,-0.125255,0.331716,-0.219642,-0.0834,0.044196,0.624606,-0.51868,0.485248,0.128092,-0.571309,-0.2341,0.214663,-0.002987,0.274184,0.121941,-0.546818,0.068706,-0.160255,-0.072038,0.210568,0.425978,-0.147652,0.072043,-0.056354,-0.055445,0.397176,0.342156,#
10,0.18465,-0.202915,-0.004934,0.066205,0.241891,0.068856,0.07218,-0.130717,-0.127054,-0.309192,1.0,-0.19749,0.034663,-0.259677,-0.249459,0.028759,-0.040208,-0.270627,0.045209,-0.059257,-0.051064,-0.162581,-0.138385,0.171162,-0.016728,0.139447,-0.106628,0.077634,0.182621,-0.270765,0.21011,0.026827,-0.323073,-0.248455,0.056748,-0.026852,0.167034,0.345083,0.017973,0.221624,-0.173651,-0.281487,-0.106699,-0.068361,-0.080182,0.157574,-0.208693,0.066285,0.13226,0.025252,-0.025004,0.051305,0.111754,0.246046,0.165372,0.023805,-0.17217,0.234622,0.026963,-0.110155,-0.274641,-0.154782,0.002204,0.144752,0.030779,-0.079975,0.214378,-0.125223,0.159502,-0.10542,0.219824,-0.089046,-0.039986,0.147454,-0.047342,0.113763,0.023458,0.106371,0.000252,-0.13122,0.066863,0.224136,0.0151,0.184843,0.068253,-0.050941,0.303943,0.091601,0.034921,0.058582,-0.106751,-0.007262,0.013832,-0.102461,-0.003635,0.025413,-0.009334,-0.23911,0.11636,-0.018264,0.016617,-0.130745,0.080479,-0.106826,0.133518,-0.02029,-0.04361,0.223056,0.077576,0.337057,-0.124032,-0.131163,-0.251233,-0.04171,0.015179,0.061793,-0.155338,0.054972,-0.335036,0.185303,-0.202271,0.249251,0.044844,-0.263047,-0.097578,0.159844,-0.027869,0.104958,0.001295,-0.106017,-0.051777,-0.195042,0.02276,-0.060465,0.131875,0.150912,0.022397,0.048621,-0.160334,0.148244,0.012116,0.310624,-0.056002,0.120707,0.394206,-0.063528,-0.047351,0.138517,0.205473,0.050995,0.349811,0.234091,-0.060886,0.0686,0.050154,0.007539,-0.266462,-0.205275,0.052797,0.001785,-0.162921,-0.028772,-0.129473,0.044249,0.071999,-0.206193,0.155513,-0.093985,-0.031634,0.073811,0.190404,-0.013244,0.223068,0.121676,-0.146109,0.044466,0.239184,-0.009807,-0.281449,0.225508,-0.182517,0.168383,0.130807,0.157009,0.104312,0.046383,-0.050934,0.045584,0.315893,0.140133,0.114975,0.125564,0.122824,-0.438022,0.018118,0.005306,0.05238,0.021075,-0.163927,-0.191582,#
11,-0.07237,0.037372,-0.035318,-0.165482,-0.063414,0.273192,0.109355,-0.023608,0.129427,0.107468,-0.19749,1.0,-0.00051,0.185775,-0.073652,-0.018147,0.087066,0.016461,0.039872,-0.220641,0.037313,-0.18225,-0.045799,0.004306,0.131475,0.045127,0.082843,0.193634,-0.112654,0.061534,-0.069785,0.008883,-0.081102,0.007821,-0.101682,0.228796,-0.096256,0.050426,0.003601,-0.138997,-0.142128,0.21764,-0.069134,-0.233746,-0.157724,0.111547,-0.03224,-0.132407,-0.03139,0.226033,-0.154777,-0.074412,-0.194122,0.191312,-0.171149,-0.019236,-0.306062,0.007615,-0.135645,0.054072,-0.085229,-0.223873,0.078754,0.080706,0.019799,0.155071,0.000574,0.043344,0.178807,-0.296709,-0.042342,-0.092985,0.023717,0.070116,0.035959,0.025039,-0.206118,0.005878,-0.219078,-0.058621,-0.227321,-0.229967,0.010968,-0.04451,-0.023094,-0.335355,-0.163871,-0.033755,-0.148852,0.046468,0.04288,-0.214405,-0.174337,0.063543,-0.049766,-0.216771,-0.048624,0.023645,-0.203134,-0.059924,0.294271,0.020862,-0.307799,-0.02653,-0.146983,0.058758,-0.044419,0.06069,0.010172,0.114141,-0.057264,0.000558,-0.29475,-0.245013,-0.148666,-0.033314,-0.017785,0.140877,0.027795,-0.049738,0.02846,-0.146031,-0.027341,-0.152883,0.005349,-0.233234,0.040832,-0.042913,0.039165,-0.14277,-0.182793,-0.032541,-0.265357,0.142471,-0.081505,-0.046132,0.164379,-0.170552,-0.12873,-0.21688,-0.084786,0.060595,-0.015466,0.031254,-0.056642,-0.043786,-0.015957,0.039649,-0.255978,-0.088563,-0.074936,0.139926,-0.080771,0.205478,0.039459,0.081425,-0.045841,0.293833,-0.151645,-0.23788,-0.142432,-0.218505,0.184421,-0.108841,-0.143581,0.12755,-0.140182,0.068249,0.214712,0.04517,0.099048,0.366925,-0.046948,-0.257398,0.029135,-0.085196,-0.134466,0.332834,-0.008529,-0.005108,0.069698,-0.213784,-0.049199,-0.138228,0.319272,0.271598,-0.096898,0.17693,0.124223,-0.016921,0.094977,0.343497,0.101605,0.215185,-0.148304,-0.04203,0.164184,-0.206268,-0.019267,-0.037761,#
12,0.285463,0.049797,-0.14468,-0.267843,0.101786,0.033394,0.241239,0.50883,0.029883,0.313279,0.034663,-0.00051,1.0,0.500704,0.159945,0.065032,0.005509,0.050359,0.252322,0.087294,-0.01714,0.124194,0.183709,0.033026,-0.02666,-0.322807,-0.116046,-0.020076,0.069526,0.207947,0.093155,-0.024576,0.238282,-0.008603,-0.28837,0.251556,0.264831,-0.027269,-0.149525,-0.184553,-0.063971,0.09977,0.237252,-0.005435,-0.122192,-0.433768,0.150282,-0.075843,0.001806,0.04781,-0.142682,0.053263,0.236179,0.034698,0.247241,0.186469,-0.129798,-0.207492,0.047569,0.019216,0.342507,0.20008,-0.184679,0.12411,-0.053494,0.067324,-0.008044,0.078217,-0.031527,-0.048849,0.241048,0.172289,-0.193159,-0.351923,-0.276616,0.182645,-0.065534,-0.030738,0.071093,-0.135157,0.076216,-0.150527,-0.294629,-0.283015,-0.26566,0.117422,-0.104479,0.125617,-0.171431,-0.203789,-0.140318,-0.289455,-0.338182,0.046743,-0.147069,-0.239351,-0.229954,-0.206635,-0.14379,-0.38777,0.01111,-0.153579,-0.197308,-0.097737,-0.092607,-0.091029,-0.265262,-0.197581,0.095427,-0.3432,-0.08505,0.191339,-0.327745,-0.208913,-0.017262,-0.200311,-0.117817,-0.088827,-0.083308,-0.194606,-0.057043,-0.433957,-0.214577,-0.16932,-0.222774,-0.145867,0.11261,0.342407,-0.20645,-0.140609,-0.128081,0.115953,-0.288345,0.123675,0.000877,-0.17685,0.218452,-0.381349,-0.132702,-0.114156,-0.052108,0.25244,-0.16477,-0.174616,-0.171063,0.233839,-0.336078,0.145603,-0.259075,-0.415556,-0.300144,-0.128933,-0.212813,-0.244641,0.063861,-0.285008,0.161985,0.1486,-0.262983,-0.275725,0.020431,-0.136364,-0.004862,0.033892,0.477802,0.172356,-0.053591,0.184194,-0.302862,0.13435,-0.187908,0.176592,-0.190893,0.068274,0.182301,-0.231269,-0.103403,0.083374,0.198106,-0.381436,0.131412,0.178547,0.04059,0.032119,-0.020578,-0.080676,0.179776,0.024093,-0.157551,0.395211,-0.232686,-0.037334,0.370641,-0.021209,0.113066,0.034266,0.140681,-0.097865,-0.038496,0.158617,#
13,0.227712,0.256871,-0.055215,-0.351286,-0.126302,0.152227,0.14332,0.344707,0.168935,0.598898,-0.259677,0.185775,0.500704,1.0,0.31474,0.192251,-0.221226,0.214623,0.229778,0.096323,0.134923,0.105215,0.361823,0.173941,0.082482,-0.120023,0.0735,-0.004312,0.079991,0.375908,0.112571,0.121255,0.300254,-0.100213,-0.343121,0.215109,0.279239,-0.180339,0.127459,-0.322452,0.012515,0.385425,-0.026023,0.128278,0.106711,-0.514293,0.282254,0.029481,-0.105889,0.068821,0.033289,-0.13051,0.193585,-0.188617,0.064295,0.056014,-0.119073,-0.316752,-0.184161,0.019419,0.51358,0.199203,-0.354528,-0.017325,-0.022702,0.341173,-0.160425,0.237994,-0.286981,-0.150094,-0.205132,0.323881,-0.127076,-0.137121,-0.30338,0.085745,-0.372408,-0.337578,-0.105371,0.053558,0.044986,-0.441665,-0.422934,0.075668,-0.388415,5.3e-05,-0.327482,0.031232,-0.018438,-0.335914,0.00627,-0.237613,-0.417108,0.129565,-0.225161,-0.121682,-0.365663,-0.171054,0.087871,-0.269568,-0.010017,-0.122779,-0.379776,-0.352129,-0.108477,-0.117663,-0.167218,-0.132994,0.015161,-0.377059,0.083181,0.372534,-0.391882,-0.160643,0.130283,-0.082918,-0.339354,-0.243005,0.411027,-0.402747,-0.199776,-0.501133,-0.065511,-0.226013,-0.381657,-0.135059,0.080762,-0.071737,-0.339316,-0.282333,-0.162677,0.167472,-0.351266,-0.1845,-0.393875,-0.440636,0.239423,-0.289043,0.139912,-0.45995,-0.087282,0.131638,-0.16906,-0.396266,-0.451848,-0.00789,0.006142,0.205473,-0.454814,-0.262604,-0.321725,0.005126,-0.202675,-0.309684,0.022192,-0.207242,0.429428,0.285036,-0.14377,-0.28715,0.02441,0.004715,0.030739,-0.092258,0.288018,0.276548,-0.251434,-0.05571,-0.286798,-0.08461,-0.329607,0.140004,-0.25352,-0.22998,0.155172,-0.16695,-0.177396,0.056939,0.480747,-0.447301,0.3191,-0.010175,-0.417643,-0.076893,0.365378,0.143372,0.214084,-0.001426,-0.352906,0.292509,-0.196308,-0.001579,0.227959,0.240236,-0.267555,-0.178274,0.255893,-0.334052,0.229128,0.227056,#
14,0.035899,0.260959,-0.129346,-0.207114,-0.118411,0.103254,0.006361,0.096266,0.097324,0.339005,-0.249459,-0.073652,0.159945,0.31474,1.0,-0.087674,-0.083591,0.210432,0.34839,0.074123,0.076747,0.178912,0.105998,0.067304,-0.152482,-0.020212,0.077763,0.05844,0.131585,0.11323,-0.086649,0.125811,-0.057189,0.066337,-0.174911,-0.121031,-0.058501,-0.054844,-0.056145,-0.19481,0.128466,0.325841,0.108365,0.200123,0.367223,-0.284732,0.07692,0.099411,0.168894,-0.054885,0.18065,-0.169066,0.042062,-0.131389,0.16985,0.204008,0.139218,-0.335936,0.02045,-0.070185,0.370011,-0.06627,-0.292278,0.181527,0.166742,0.028901,-0.119299,0.053436,-0.06245,0.042217,0.102484,0.043612,0.067462,-0.126635,-0.156419,-0.042478,-0.073871,-0.010203,-0.055765,0.058353,0.102523,-0.372324,-0.171689,-0.005044,-0.22485,0.238705,0.026491,0.014537,-0.103899,-0.213473,0.037911,-0.056536,-0.012514,0.294039,-0.147028,-0.015706,-0.265869,-0.06702,0.0137,-0.05456,-0.054442,-0.044788,-0.115871,-0.288795,-0.200918,-0.231378,-0.320618,0.018841,-0.18156,-0.115843,0.159221,0.159781,-0.070205,-0.049773,0.020026,-0.14622,-0.274064,-0.07429,0.405049,-0.428764,-0.043127,-0.24547,-0.162446,-0.049713,-0.23165,-0.297801,-0.108505,0.171292,-0.200026,-0.068665,-0.01731,0.123744,-0.175651,-0.22537,-0.162996,-0.306682,0.119085,0.062078,0.063427,-0.289241,-0.253284,-0.242056,-0.255061,-0.073177,-0.305655,0.008794,-0.077466,-0.045676,-0.260068,-0.059513,-0.317957,-0.371634,0.089997,-0.21301,-0.133175,-0.207663,0.275812,0.166259,-0.21749,-0.011701,0.106054,-0.037681,0.123789,0.04039,0.04088,0.389179,-0.052669,-0.1264,-0.254654,-0.128586,-0.12216,0.021925,-0.183423,0.140203,0.125444,-0.180595,-0.242021,0.124692,0.483631,-0.22066,0.258121,0.03333,-0.17108,0.118977,0.129244,-0.130542,0.222949,-0.100979,-0.114905,0.000638,-0.070219,-0.031665,0.241541,0.102975,-0.064441,-0.040692,0.089786,-0.166398,0.170886,0.131507,#
15,0.067752,0.096214,-0.057072,-0.09387,-0.134026,0.05146,0.136782,0.024509,-0.059411,0.166299,0.028759,-0.018147,0.065032,0.192251,-0.087674,1.0,-0.037791,0.356454,0.050002,0.195493,-0.024289,-0.112481,0.310391,-0.051511,0.025074,-0.070407,-0.037646,0.067134,0.201243,0.163003,0.195457,-0.075171,0.265814,-0.072282,0.004512,0.033672,0.270844,0.004741,0.112453,0.090729,0.048648,-0.001703,0.160283,0.12258,0.049034,-0.074607,0.087046,0.080449,0.083902,0.173847,0.184998,0.145643,-0.023815,0.00788,0.20407,-0.054102,-0.094046,-0.159973,-0.077933,0.052944,0.069318,0.135483,-0.061895,0.081873,-0.083595,0.189349,-0.218244,0.248162,-0.354189,0.138578,-0.044143,0.253426,0.03347,-0.093212,-0.007579,0.096757,0.031392,-0.143052,0.081148,0.108688,0.222377,0.003555,-0.092063,0.289967,-0.025189,-0.16265,-0.208318,-0.187527,0.023622,0.012075,-0.017092,0.158938,-0.143112,0.209194,0.071293,-0.112663,-0.08012,-0.19964,0.002259,-0.011551,-0.110024,-0.105515,-0.273307,0.121317,0.086101,-0.079591,-0.055035,0.097975,0.061266,0.08639,-0.158994,0.064494,-0.115432,-0.065664,0.113621,0.15342,-0.04674,-0.246002,0.095005,-0.166809,-0.177853,0.026555,-0.246624,-0.14581,-0.135561,0.039006,-0.071484,0.14828,-0.209229,-0.210524,-0.030063,0.020786,-0.076665,0.015251,-0.173785,-0.112314,-0.025061,-0.116971,-0.061556,-0.22714,0.018203,0.181135,-0.077517,-0.142371,-0.006951,0.079599,0.249585,0.208532,-0.125806,-0.221407,0.003566,-0.056255,0.044841,0.068474,0.073591,-0.086698,-0.016371,0.264988,-0.170481,-0.084192,0.241883,-0.025202,-0.101624,-0.063122,0.040744,0.081783,-0.061392,0.068348,0.043629,-0.066304,0.165668,-0.075473,0.015518,-0.25883,-0.046741,-0.038483,-0.082986,0.097279,0.105811,-0.264016,0.134917,-0.069799,-0.261575,0.090673,0.278034,-0.106792,0.277376,0.05635,-0.190791,-0.004344,-0.037084,-0.10256,0.020964,0.15419,-0.135755,-0.120717,0.06796,-0.090479,0.169321,0.151838,#
16,-0.051971,-0.048058,-0.266287,0.197257,0.037227,0.210747,0.115783,-0.036267,-0.233599,-0.28853,-0.040208,0.087066,0.005509,-0.221226,-0.083591,-0.037791,1.0,-0.128106,0.139607,-0.025251,0.005136,-0.112848,-0.067258,-0.322898,-0.406541,-0.115483,-0.10654,-0.053188,0.096243,-0.151313,-0.14601,0.059343,0.081023,0.226536,0.062761,0.139801,-0.152703,-0.184703,-0.308319,0.287352,-0.131028,-0.144895,0.081554,0.09662,-0.184031,0.160997,-0.105591,-0.238139,0.075412,0.216569,0.037677,0.176873,0.008419,0.035702,0.044289,0.048897,0.260648,0.113742,0.272243,-0.168076,-0.215427,0.098969,0.337999,-0.110893,-0.095973,0.07664,-0.125078,0.053673,-0.06244,-0.228264,-0.187152,-0.287133,-0.131385,-0.14548,0.000525,0.065405,0.032649,-0.043008,0.009214,0.055326,-0.038577,0.172921,0.192381,-0.323066,0.08939,-0.082056,0.054449,0.070734,-0.1349,-0.132865,-0.100939,0.069552,-0.009484,-0.125114,0.136212,-0.173895,-0.013109,-0.121884,-0.269035,0.113238,0.064709,0.05682,0.15285,0.045677,0.050174,0.052628,0.104223,-0.130097,-0.094142,0.06828,-0.263789,-0.115831,0.134981,0.076306,-0.151934,-0.085687,0.008167,0.160252,-0.288731,-0.042248,-0.005197,0.00374,-0.081415,-0.254118,0.088547,-0.192006,-0.321258,-0.201987,0.107873,-0.060754,-0.180573,-0.216453,0.110777,0.105224,0.144181,0.019654,0.161525,-0.258845,-0.081705,0.023239,-0.153436,-0.043388,-0.035519,0.381922,0.141568,-0.054282,-0.067584,0.012179,-0.059553,-0.076195,0.120138,-0.153358,0.08761,0.130195,-0.097483,-0.03964,-0.284369,0.04824,-0.137856,0.288096,-0.04487,-0.080894,-0.034979,-0.15225,-0.146249,0.078737,0.18285,-0.11086,0.023407,-0.025199,-0.04808,0.169106,-0.238813,-0.022579,-0.067182,-0.182301,-0.125937,0.029408,-0.187377,0.084816,-0.424383,-0.109497,0.577348,0.114408,-0.040899,-0.174944,0.001878,0.100299,0.324753,-0.287635,0.093961,0.277965,-0.045901,-0.23837,0.105403,0.005533,-0.059011,0.050124,-0.461058,-0.11113,#
17,-0.338753,0.200474,0.27285,0.107974,-0.216175,-0.019219,0.175589,0.161996,0.266748,0.293978,-0.270627,0.016461,0.050359,0.214623,0.210432,0.356454,-0.128106,1.0,-0.072888,0.365792,-0.224644,0.002585,0.084405,0.052822,0.194181,0.248901,0.142439,0.093583,-0.06611,0.048395,0.016907,-0.093831,0.001858,-0.021483,-0.204089,0.091488,0.0502,-0.05017,0.121441,-0.211787,-0.035923,0.051353,0.116484,0.060561,0.081955,-0.245283,0.100572,0.315519,0.043218,0.014476,-0.008551,-0.045505,0.023119,0.033194,0.032276,-0.028806,0.030374,-0.293427,-0.142923,-0.134687,0.029313,-0.118648,-0.155864,0.101336,0.034731,0.142709,-0.021601,0.144527,-0.166593,0.271979,0.20906,0.238802,0.095169,-0.20663,0.061397,-0.003101,0.027796,-0.229283,0.166675,-0.025423,0.145926,-0.129636,-0.316896,0.22256,-0.169294,0.080364,-0.116344,-0.172767,-0.118789,-0.007678,-0.052555,0.026703,-0.194843,0.424388,-0.174264,-0.059081,0.189898,-0.012648,0.15271,0.044655,-0.184081,0.067291,-0.14887,0.199609,-0.13484,0.0335,-0.073461,0.014382,-0.106848,-0.160324,0.098272,0.113141,-0.021904,-0.16693,0.036372,-0.026359,0.098959,-0.200804,0.436224,-0.396581,0.053704,-0.329543,-0.18842,-0.015736,-0.098908,-0.063094,-0.053081,0.179429,-0.158621,0.006147,0.096644,0.199735,-0.124977,-0.05075,0.050596,-0.068438,0.009641,-0.121056,0.032415,-0.115248,0.017211,-0.003531,-0.12314,-0.396192,-0.238848,0.081131,-0.013124,0.307148,0.053161,-0.048588,-0.269519,-0.062579,0.078452,-0.076758,-0.047263,-0.085892,0.017045,0.491829,-0.000946,0.008901,0.218502,0.196289,-0.140086,0.286249,0.189143,0.261338,-0.039161,-0.107309,-0.242982,0.172293,-0.105729,-0.153337,-0.069311,-0.11237,-0.033128,0.024454,-0.167473,-0.029335,0.165547,-0.332363,0.357666,-0.125632,-0.335632,-0.130516,0.126821,-0.065166,0.172163,0.282795,-0.341683,-0.089611,0.003053,-0.319745,0.029313,0.214801,-0.224868,-0.196795,-0.01731,0.008027,0.266157,0.143183,#
18,0.314122,0.201035,-0.15587,-0.118872,0.144674,0.142131,0.160728,0.166278,-0.085192,0.103319,0.045209,0.039872,0.252322,0.229778,0.34839,0.050002,0.139607,-0.072888,1.0,-0.188265,0.074172,0.133873,0.043527,0.021827,0.012299,0.000369,-0.050635,0.190518,-0.001732,0.212844,-0.17323,0.026408,-0.003881,0.05099,-0.056425,0.097047,-0.016197,-0.010677,-0.149935,0.006028,0.173534,0.172579,0.096785,0.278965,0.202586,0.010022,0.050844,-0.194053,-0.040467,-0.014684,0.030648,0.050588,0.17088,-0.13892,0.271007,0.090515,0.027187,-0.211395,-0.020091,-0.131088,0.152859,-0.169377,-0.123139,0.211617,-0.128753,0.143174,-0.14332,-0.113941,-0.162559,-0.250396,-0.015362,0.02671,-0.186431,-0.073483,-0.12566,0.075328,-0.015524,-0.113993,-0.064872,0.014604,0.140497,-0.144731,-0.160925,-0.241006,-0.040407,-0.106032,0.000597,0.119075,-0.079616,-0.117515,-0.188118,-0.244877,0.022381,-0.221233,0.13188,-0.087866,-0.119484,-0.22354,-0.009439,-0.044268,0.156816,0.058971,-0.053958,-0.436582,-0.20703,0.084026,-0.271982,-0.035694,0.013608,-0.046565,-0.071798,0.278699,-0.064325,-0.060246,0.014174,0.247138,-0.129512,-0.059803,0.094757,-0.02518,-0.111207,-0.033957,-0.171675,-0.1497,-0.232229,-0.1432,0.054673,-0.021545,-0.034091,-0.045032,-0.233864,-0.09081,-0.065357,0.077902,-0.135777,-0.048979,0.076819,-0.138201,0.002456,-0.226003,-0.337739,-0.008182,-0.214774,0.013039,-0.073103,0.021675,-0.152189,0.060899,-0.367297,-0.262667,-0.270673,-0.160074,-0.144164,-0.214114,0.06504,-0.224677,0.121088,0.016188,-0.277459,-0.180682,-0.093386,0.101403,0.020306,-0.206447,0.212103,0.016896,0.043895,0.188636,-0.090107,-0.053429,0.016964,0.29336,0.039267,0.161271,0.26032,0.002255,0.003826,0.10991,0.29099,-0.077933,-0.138519,0.150829,0.182839,0.26783,0.272927,0.018025,0.389788,0.016639,0.053334,0.232046,-0.073352,0.13556,0.330525,-0.047497,-0.199708,0.006721,0.492749,-0.139614,-0.175413,0.177585,#
19,-0.133532,0.067203,0.130187,-0.014467,-0.155311,-0.05936,-0.05308,-0.000543,-0.038849,0.12522,-0.059257,-0.220641,0.087294,0.096323,0.074123,0.195493,-0.025251,0.365792,-0.188265,1.0,0.181671,0.16675,0.053986,0.062535,-0.236513,-0.143996,0.11062,-0.241463,-0.017721,-0.215525,0.201395,0.330139,0.344882,0.266731,-0.142789,-0.240192,0.175732,0.163345,-0.261336,-0.060557,0.138135,0.071879,-0.031319,-0.062575,-0.013885,-0.376291,0.258457,0.296761,0.237733,-0.258148,-0.06207,-0.163179,0.393287,-0.166573,-0.238578,0.047706,0.038917,-0.248611,0.251912,-0.153724,0.155412,-0.097143,-0.244492,-0.184114,0.075171,0.054943,-0.069064,-0.073716,-0.041305,0.260799,-0.01258,0.247906,0.231185,-0.124949,0.083046,-0.411529,0.11798,0.010976,0.59023,0.271034,0.358582,0.160105,-0.015154,-0.047216,0.19952,0.409434,0.083608,-0.238578,0.179961,-0.086764,0.086717,0.358413,0.052251,0.201857,-0.001997,0.264603,0.132737,0.180432,0.282861,0.122085,-0.561537,0.051917,0.127657,0.182123,0.423372,0.20396,-0.020378,-0.160936,0.162208,-0.261238,0.239108,-0.162747,-0.012039,0.270585,0.133378,0.042055,-0.072985,-0.023703,0.145268,-0.278765,0.172594,-0.120794,-0.171106,-0.028382,-0.100182,0.361439,0.063504,0.219752,0.228186,0.353881,0.450835,0.123986,0.224556,-0.033641,0.359701,0.172226,0.080769,-0.056102,0.115735,0.175791,0.130134,0.178815,-0.028608,-0.278936,0.049407,0.235432,0.252297,-0.223139,0.169799,0.179099,0.070504,0.159133,0.336347,0.179812,-0.048267,0.158153,0.362675,-0.036911,0.00877,-0.00321,0.280493,0.275646,-0.013046,0.208242,0.074202,0.104047,0.354951,-0.116236,0.036699,0.256739,-0.48478,-0.260889,-0.095975,0.052694,-0.376992,0.113775,0.113629,-0.453543,0.001321,-0.024415,0.118148,-0.007261,-0.286471,-0.074407,-0.289295,-0.055426,0.36075,0.307549,-0.166108,-0.118592,0.075265,-0.45014,-0.332251,-0.050384,-0.074651,-0.212659,-0.304426,0.140605,0.412833,-0.104648,#
20,0.238113,0.190012,0.017392,-0.008379,-0.21268,0.19056,-0.075252,0.160013,-0.339674,-0.087973,-0.051064,0.037313,-0.01714,0.134923,0.076747,-0.024289,0.005136,-0.224644,0.074172,0.181671,1.0,0.017313,-0.223461,-0.177927,-0.066537,-0.108902,-0.042645,-0.283546,-0.126612,-0.052671,0.112912,0.218462,0.145161,0.329261,-0.332948,-0.284006,0.082868,0.018498,0.076822,-0.150715,0.277548,0.349147,-0.361454,0.071493,0.101188,-0.21026,0.078587,-0.142536,-0.006831,-0.226613,-0.172761,-0.028722,0.345354,0.025992,-0.03598,-0.043827,-0.133065,0.011945,-0.348896,0.023998,0.079606,0.098212,0.076748,0.050731,0.097947,-0.008429,-0.29378,-0.058792,-0.020681,-0.205183,-0.083243,0.169592,-0.096221,0.156947,-0.281874,-0.355094,-0.110456,0.260833,0.145247,0.250805,0.072259,-0.086812,0.34032,-0.064335,0.05419,-0.101685,-0.00577,0.21408,0.258862,-0.04263,0.029476,0.01786,0.169195,-0.048771,0.118958,0.186687,-0.203414,0.101287,0.152281,-0.025741,0.078431,0.123931,-0.028096,-0.122374,0.095059,-0.048894,0.127987,0.137478,-0.122844,-0.028485,0.064753,0.101088,-0.288796,0.224819,0.265416,0.223361,-0.021443,0.077009,-0.024153,0.030856,-0.050156,-0.056493,-0.163261,0.126808,-0.177971,-0.086045,-0.048655,-0.205448,-0.280906,0.211268,0.115625,-0.045981,0.119156,0.119379,-0.09641,0.145455,0.179962,0.117168,0.167494,-0.0742,-0.023581,0.087792,0.156421,0.129841,-0.003914,-0.170217,0.121194,-0.354228,-0.028299,0.122216,0.02761,0.112584,0.000885,0.04888,0.110819,0.058332,0.315356,-0.243758,-0.091735,-0.054633,-0.024801,-0.042677,0.171839,-0.150008,-0.279458,-0.170558,0.19467,0.033216,0.329633,-0.20981,-0.111645,-0.00223,-0.032037,-0.170624,-0.232174,-0.002344,0.029817,-0.34764,-0.042157,0.233423,-0.132841,-0.015526,-0.069721,0.004695,-0.051246,0.240708,0.057372,-0.190845,0.003843,0.181185,-0.113223,-0.111812,-0.124823,-0.18729,-0.131697,-0.148217,0.151987,-0.234431,-0.002872,-0.205428,#
