0,1.0,0.157839,0.132292,-0.1211,0.368167,-0.01251,0.16849,-0.090451,0.428663,0.076754,-0.227379,0.22797,0.162752,0.076452,0.19505,0.024178,0.097147,0.005168,0.058734,-0.130783,-0.295543,-0.007023,-0.105816,-0.14386,0.130955,-0.265253,-0.029264,-0.216132,0.220369,0.067394,-0.426435,-7.8e-05,-0.146455,-0.057269,-0.203773,0.049877,0.153869,-0.060185,-0.023443,0.037102,-0.024464,-0.30608,-0.199709,0.107975,-0.000528,-0.012788,0.309395,0.087824,0.107474,0.361809,0.02205,-0.165728,0.185493,-0.026417,0.047467,-0.006639,-0.163426,0.15977,-0.118969,0.174383,0.123894,0.180855,0.081384,-0.155381,-0.074968,0.037673,-0.072294,-0.107404,0.155848,-0.017233,0.067424,-0.341225,-0.076986,-0.228696,-0.258972,0.103958,-0.174946,-0.287961,-0.191363,-0.193378,0.08836,-0.355779,-0.023074,-0.226824,-0.062308,-0.095142,-0.312584,-0.117686,-0.148244,-0.34737,0.085839,-0.120833,0.087246,0.050897,-0.185125,-0.141344,-0.305289,-0.191645,0.002813,-0.178767,0.038761,-0.170963,-0.253259,-0.10472,-0.08414,-0.118787,0.020706,-0.084167,-0.028285,-0.313454,-0.078925,-0.133412,0.089535,-0.20799,-0.231345,-0.301285,-0.258043,-0.312977,0.101951,-0.449426,-0.053884,-0.134445,-0.200812,-0.166494,-0.100156,-0.177776,-0.159764,-0.013099,-0.121108,-0.076646,-0.018019,-0.273247,-0.137403,0.090087,-0.196345,-0.278922,0.014222,-0.242949,0.066511,-0.199448,-0.077553,-0.322097,0.016551,-0.212889,-0.386022,-0.090195,-0.179817,0.272353,-0.319085,-0.143964,-0.305558,-0.127304,0.140595,-0.233862,-0.118447,0.00818,0.164461,0.263339,-0.174583,-0.104642,-0.116309,-0.026699,0.027053,-0.014873,-0.027733,0.10583,0.018301,0.0091,-0.179615,-0.298372,0.032676,0.180458,0.115194,-0.265984,0.157991,-0.072346,0.033431,0.246872,0.207293,-0.398768,0.075535,-0.003513,0.00914,0.036275,0.116705,-0.095721,0.404014,-0.13024,-0.15851,0.321839,-0.333098,0.076735,0.163365,0.200457,-0.144044,0.092156,-0.006522,-0.306498,0.097958,-0.06206,#
1,0.157839,1.0,-0.098908,0.139111,0.353877,0.040398,-0.052485,-0.291878,-0.012523,0.127694,-0.09628,0.014446,0.112926,0.060623,0.038776,-0.085875,-0.150566,0.043281,-0.131034,-0.105055,0.115625,0.243831,0.245116,-0.010901,-0.057587,-0.326608,0.047692,0.121638,0.205451,0.205194,-0.375676,-0.106162,0.021143,-0.269932,-0.173861,0.07456,0.28615,-0.401214,0.13368,0.171052,0.210708,-0.075976,0.27312,0.06512,-0.185718,0.041541,0.092503,0.277984,-0.022722,0.158658,0.046051,-0.357249,0.190644,-0.04446,-0.004183,-0.233575,-0.076314,0.277261,0.009221,0.12713,0.071475,-0.024882,0.04766,0.064128,-0.040357,0.158444,-0.060884,0.259347,0.397183,0.091608,-0.19139,-0.233461,0.099888,-0.198633,-0.203407,0.067471,-0.250623,-0.059938,-0.168657,-0.229323,-0.149766,-0.487634,-0.24602,-0.006366,-0.271486,-0.342493,-0.081857,-0.18578,-0.12056,-0.125062,-0.230375,-0.169557,-0.149042,-0.123151,-0.416867,-0.194793,-0.430062,-0.231872,-0.232991,-0.135365,0.092979,-0.045398,-0.086853,-0.163376,-0.121809,-0.217086,-0.289743,-0.13769,-0.062987,-0.094313,0.024682,0.088117,-0.308161,-0.354681,0.079682,-0.069948,-0.225409,-0.128405,0.048341,-0.145841,-0.226948,-0.280508,-0.229943,-0.205141,0.001297,-0.136351,-0.12965,0.102678,0.230288,-0.151404,-0.15999,-0.159927,-0.059412,-0.040082,-0.227497,-0.266402,-0.157396,-0.227042,0.250706,-0.328732,-0.237966,-0.019982,0.145013,-0.299985,-0.072264,-0.093341,-0.15178,0.16976,-0.275632,-0.106321,-0.456586,-0.2674,-0.218511,-0.133254,-0.084468,0.020793,-0.119123,0.262559,-0.109688,-0.355699,0.11322,0.007163,-0.219266,-0.041137,-0.248438,0.369998,0.05007,-0.406803,-0.077667,-0.076581,-0.099451,0.06038,-0.31139,-0.095432,0.104244,-0.093406,-0.170116,0.0075,0.338504,-0.253278,0.206062,-0.138579,-0.137024,0.110809,0.279372,-0.336719,-0.010717,-0.253292,-0.073644,0.288365,-0.166805,0.244137,0.228688,0.33192,0.112702,-0.216059,0.158058,-0.334279,-0.136226,0.161317,#
2,0.132292,-0.098908,1.0,0.284032,-0.044105,-0.179254,0.004898,-0.03482,0.250402,0.034056,-0.030446,0.070532,-0.191389,0.097249,-0.011285,-0.31528,-0.166983,0.223256,-0.020941,0.246617,-0.423323,-0.223169,0.017491,0.108663,0.108001,-0.102255,0.048599,-0.205603,0.177501,-0.255531,0.043742,0.194267,-0.221514,0.075027,-0.188541,0.050399,-0.050896,0.136608,-0.182098,-0.376299,-0.166539,0.164786,-0.251791,-0.093544,0.246554,-0.40579,0.314701,0.10758,-0.23948,0.327156,-0.307348,0.210129,-0.092568,0.198304,-0.160651,-0.080188,-0.046693,-0.162535,-0.221483,0.017867,0.061667,0.201573,0.003787,-0.344254,0.010584,0.013579,0.07136,-0.108297,-0.152131,0.072137,0.241698,0.044301,-0.072707,0.293132,-0.095035,0.187326,-0.002323,-0.101743,0.049101,-0.040572,0.111418,0.066034,-0.133762,0.440529,-0.029441,0.146541,-0.061381,0.024346,-0.093222,-0.215064,0.183975,-0.138766,0.093448,0.278899,-0.018822,0.256037,0.286637,0.062866,0.105915,0.139665,-0.335442,-0.215493,-0.055257,0.197382,-0.086275,0.08115,0.253582,0.212597,0.06525,0.089489,0.341256,-0.003687,0.202577,0.191866,0.140235,-0.052774,-0.135306,-0.13435,0.240962,0.003868,-0.132066,0.264275,0.025871,-0.096786,-0.108243,0.205753,0.004292,-0.186172,0.007006,-0.009869,0.312047,0.228614,-0.005875,0.048289,0.240156,0.12068,0.091284,0.348405,0.041152,0.018693,0.330558,0.162137,0.051589,-0.164559,0.108531,0.19228,0.093123,-0.053893,-0.170007,0.175745,0.169704,0.411171,0.28693,0.305688,0.201481,0.082252,0.072287,0.115436,0.232842,0.044744,0.085145,-0.075782,0.391995,0.165078,0.119208,-0.078255,-0.035113,-0.072699,0.206104,-0.124009,-0.049283,0.204492,-0.000998,0.087744,-0.115006,0.305937,-0.080358,0.261261,0.048526,-0.009965,0.028388,0.142987,-0.146585,-0.179288,-0.339522,0.365176,0.014941,0.288167,-0.190742,0.006715,0.244862,-0.338456,-0.268586,0.083635,-0.393554,-0.103816,-0.133888,-0.021976,0.201947,-0.151994,#
3,-0.1211,0.139111,0.284032,1.0,-0.085865,-0.160722,-0.236348,-0.056717,-0.352522,-0.006851,-0.036036,-0.107663,-0.172418,-0.136905,-0.068953,-0.051873,0.012707,-0.090525,-0.222364,0.082108,-0.112215,0.011009,-0.253977,0.100479,-0.014487,0.025472,-0.16067,0.021846,0.11144,-0.194388,-0.029504,-0.020996,0.048561,0.157003,-0.037301,-0.285131,-0.079736,0.11814,-0.036418,0.037593,-0.018151,0.07142,0.079746,-0.080862,0.106522,0.179366,-0.219405,-0.322553,0.091307,0.0778,-0.220577,0.194545,0.078027,0.159794,-0.109057,-0.018063,-0.031679,0.012658,-0.194671,-0.197793,-0.026978,-0.008039,0.21781,-0.013479,-0.066053,-0.368667,-0.16673,-0.140849,-0.288955,0.013201,-0.075312,0.148411,0.252363,0.234834,-0.103589,0.271519,0.087871,0.368457,0.305852,-0.068852,0.060764,0.110372,0.008361,0.15712,0.046771,0.042776,0.2123,-0.00359,0.019608,-0.108335,0.117789,0.06065,0.115604,0.11913,0.075657,-0.019112,0.134965,0.176758,0.05188,0.151633,-0.116411,0.175478,0.207201,0.185514,0.05895,-0.076721,0.173634,0.136302,-0.056853,-0.039698,-0.076293,-0.055486,-0.190432,0.063873,-0.052558,0.370391,0.291059,-0.017837,-0.219575,0.31533,0.138619,0.014103,0.123049,0.313774,0.093618,0.150294,-0.09429,-0.264027,0.012288,0.260314,-0.189714,-0.066629,0.075745,0.166822,0.181414,0.282279,0.201618,0.046801,-0.245908,0.197519,-0.02554,0.328319,0.228711,-0.181805,0.220846,0.212828,0.078206,-0.274877,0.017882,-0.031544,-0.023248,0.150459,0.13836,0.144872,0.130558,0.249608,-0.200206,-0.203674,0.256608,0.047805,0.219471,0.17018,0.19085,-0.094551,-0.237253,-0.223652,-0.098801,-0.28935,0.253606,0.036474,-0.080957,-0.340081,-0.006055,0.122153,-0.177035,0.12491,-0.085326,-0.144675,-0.344126,0.040337,-0.213272,-0.260217,0.201612,-0.016327,-0.18252,-0.061713,-0.200294,-0.086533,0.178973,-0.272607,0.024553,-0.002368,-0.314281,-0.126204,-0.035225,-0.03335,-0.190006,0.062968,-0.18461,0.060115,#
4,0.368167,0.353877,-0.044105,-0.085865,1.0,0.01037,0.181141,0.055331,0.288419,0.109428,-0.302302,0.128899,0.330462,0.213053,0.026075,-0.069389,0.065165,0.132948,0.000398,-0.014998,0.111943,0.007321,0.392518,-0.223133,-0.23173,-0.308884,0.053364,-0.068996,0.270748,0.073991,-0.296608,0.070729,-0.078936,-0.072516,-0.146552,0.197638,0.339396,-0.448254,-0.123983,-0.230809,0.184099,0.067023,0.045155,0.021072,-0.007172,-0.052783,0.34347,0.371192,0.285424,-0.050237,-0.103287,-0.490893,0.192368,-0.285678,-0.001908,-0.265648,-0.158713,0.08072,0.068167,0.157824,0.088199,0.125268,-0.22777,-0.178997,-0.070357,0.394126,0.122943,0.250274,0.330569,0.081984,-0.112311,-0.512972,0.017515,-0.445187,-0.26672,0.188074,-0.310356,-0.366216,-0.417952,-0.222296,-0.201698,-0.54136,-0.253788,-0.016933,-0.234765,-0.168483,-0.522143,-0.192515,-0.002794,-0.117272,-0.307627,-0.273621,-0.224875,-0.257663,-0.340909,-0.312632,-0.483893,-0.391533,-0.211772,-0.245544,-0.019327,-0.343851,-0.330982,-0.176237,-0.265733,-0.490354,-0.088635,-0.30011,-0.082517,-0.304208,0.219235,0.172694,-0.216429,-0.430085,-0.218762,0.0207,-0.294239,-0.438283,0.145498,-0.333241,-0.093638,-0.167143,-0.294641,-0.515569,-0.181971,0.182145,-0.353324,0.214421,-0.06554,-0.303641,-0.083319,0.014233,-0.339655,0.124624,-0.47382,-0.257167,-0.142713,-0.367494,0.152895,-0.295063,-0.228597,-0.167456,-0.094216,-0.16175,-0.348231,-0.151213,-0.038094,0.451573,-0.487074,-0.23687,-0.478206,-0.19632,-0.010148,-0.333703,-0.112645,-0.230292,0.193314,0.511063,-0.324062,-0.268171,-0.037659,-0.012987,-0.254731,0.132064,-0.076588,0.284872,-0.071398,-0.305752,-0.340469,-0.004782,-0.151135,0.364623,-0.306049,-0.326215,-0.002525,-0.0624,-0.142755,0.281368,0.296428,-0.415139,0.276525,-0.053534,0.027934,0.005419,0.299007,-0.31809,0.228419,-0.157845,-0.341381,0.246796,-0.257332,0.147803,0.375093,0.290366,-0.094351,0.133168,0.316911,-0.368124,-0.207282,0.021424,#
5,-0.01251,0.040398,-0.179254,-0.160722,0.01037,1.0,0.255925,0.390936,0.010065,-0.205594,0.032195,0.181323,-0.228885,0.25269,0.014443,-0.117541,0.032368,-0.081425,-0.096537,-0.174009,0.197316,0.263053,0.008343,-0.382794,0.183491,-0.050444,0.111336,-0.024919,-0.095972,0.096948,0.002392,0.098273,0.047828,-0.14207,-0.267701,0.167242,-0.025133,-0.025527,0.206239,-0.070457,0.058515,-0.089861,0.200393,-0.044316,-0.240389,0.11295,-0.003573,0.104738,-0.007329,-0.042171,0.103135,0.019142,0.133727,-0.086493,0.20131,0.144422,0.001574,0.187754,0.003774,0.124586,0.085723,0.006477,-0.014252,0.230964,-0.154991,-0.07243,-0.054877,0.224721,0.157089,-0.050593,-0.140712,-0.182842,0.088162,-0.186302,0.023671,-0.015081,0.033131,0.035521,-0.141012,-0.060001,-0.099508,-0.205924,0.147243,-0.110022,-0.086808,0.240744,-0.089238,0.000131,0.073427,-0.147291,0.076298,-0.031119,0.121075,-0.300202,0.017284,-0.132547,-0.126157,-0.126268,0.091685,-0.200388,0.171271,-0.15068,0.169651,-0.37688,-0.012542,-0.203006,-0.050396,-0.410464,-0.077019,-0.232978,-0.270263,0.018261,-0.118929,-0.269149,0.141728,-0.106042,-0.109268,-0.189245,0.065498,-0.030258,-0.007369,-0.03293,-0.005869,-0.131246,0.065766,0.069476,0.128011,0.158627,0.019787,-0.136795,-0.014038,-0.0447,-0.035229,-0.18961,0.041318,-0.00376,0.091047,-0.108137,-0.066255,-0.09361,-0.261793,-0.143619,-0.192959,-0.09382,-0.012617,-0.064365,0.04215,0.060893,0.106355,-0.217079,-0.079029,0.068325,-0.042175,0.044377,-0.009995,-0.144083,0.189606,-0.008428,-0.039565,0.077097,-0.006605,-0.018795,0.004845,0.047568,0.075413,0.253516,0.133398,0.07526,0.034686,0.006265,0.05753,0.037638,0.024926,0.039633,0.124257,-0.095819,-0.066819,0.1937,0.173891,-0.125771,0.028422,-0.038332,-0.027019,0.217866,0.235787,-0.234434,0.12401,-0.048074,0.000869,0.199056,0.003377,0.066743,0.158075,0.09373,0.329463,0.226744,0.12482,-0.111691,-0.108933,0.209638,#
6,0.16849,-0.052485,0.004898,-0.236348,0.181141,0.255925,1.0,0.169933,0.30313,0.039904,0.221164,0.169824,0.079804,0.053808,0.071443,0.205272,-0.049014,-0.066197,0.146877,-0.144186,0.09617,0.196213,0.070671,-0.251646,-0.09575,-0.071582,0.09412,-0.202255,0.255278,-0.010044,-0.313251,0.091523,0.224173,-0.287722,0.020871,0.155397,0.03996,-0.106664,-0.270508,-0.184981,-0.026618,-0.018938,-0.028161,-0.122862,-0.017415,-0.091612,0.096165,0.132426,0.12234,0.147829,-0.081815,-0.152905,0.033658,0.013202,-0.000359,-0.131601,0.128073,-0.086622,0.079494,0.193871,0.070829,0.121576,-0.195312,0.137496,-0.191393,-0.121431,0.08934,0.058988,0.154053,-0.030187,0.003992,-0.30529,-0.038634,-0.128101,-0.222336,0.178005,-0.063781,-0.219744,-0.538614,-0.23469,-0.195418,-0.22054,-0.115575,-0.183564,-0.245373,0.077254,-0.175776,-0.258618,-0.092638,-0.155689,-0.166455,-0.203775,0.056656,-0.292284,-0.244124,0.019051,-0.2882,-0.405171,-0.412223,-0.073613,0.109395,-0.32771,-0.188674,-0.290633,0.066923,-0.107119,0.011522,-0.276299,-0.263897,-0.05475,-0.124383,0.020719,-0.108189,-0.111691,-0.09878,-0.290014,-0.444358,-0.175835,-0.07295,-0.189659,-0.103525,-0.096988,-0.09839,-0.318799,-0.331816,0.067757,-0.289772,0.173368,-0.037442,-0.392375,-0.07679,-0.198979,-0.215866,0.068818,-0.170401,-0.085207,0.094772,-0.362345,-0.080153,-0.183409,-0.077856,-0.264584,-0.20864,-0.064362,-0.236484,-0.09727,-0.304153,0.249486,-0.058325,-0.229938,-0.161391,-0.114302,-0.234593,-0.11812,-0.021258,-0.32921,0.05826,0.353081,-0.205187,-0.271696,-0.054274,-0.265313,-0.081068,0.052929,-0.095225,0.318914,-0.057747,0.161498,-0.038079,-0.256952,0.110563,0.265903,-0.078306,-0.135734,0.200613,-0.192739,-0.190458,0.367646,0.230463,-0.242627,0.284141,0.176847,0.24605,0.339411,0.130629,-0.060299,0.065856,-0.057054,0.058149,0.11854,-0.163622,0.22516,0.311541,0.201634,0.038788,0.288301,0.295554,-0.206118,-0.063438,0.053324,#
7,-0.090451,-0.291878,-0.03482,-0.056717,0.055331,0.390936,0.169933,1.0,-0.148179,-0.302959,-0.066065,-0.242505,-0.105521,0.275354,0.296288,-0.109739,0.014638,-0.234775,0.054039,-0.038079,0.022834,0.234192,-0.124699,-0.239241,-0.023739,0.16602,0.2021,0.002981,-0.106676,-0.115684,0.089658,0.214238,0.17056,-0.102742,0.012797,0.015708,0.053644,0.18049,0.123792,-0.365512,-0.053093,0.28349,0.205855,-0.011454,-0.084554,0.086977,0.132642,-0.175916,-0.095968,-0.235683,-0.276206,0.074808,-0.080843,-0.333774,-0.011652,0.168137,-0.017421,0.060522,-0.173943,0.137985,-0.042882,0.077524,-0.280437,0.21082,0.12519,0.182445,0.012834,0.213837,-0.038747,-0.182293,-0.098809,-0.097064,0.191709,-0.065928,0.04597,-0.160981,0.243579,-0.016833,-0.231497,0.030432,0.006134,-0.134075,0.229761,-0.178104,0.054248,0.258248,-0.058891,0.038196,0.009964,-0.024772,0.136513,-0.080408,0.104755,-0.184447,0.182575,0.186615,-0.227717,0.075158,0.003665,-0.118264,0.107284,-0.144522,0.189911,-0.218904,-0.053166,-0.167821,0.126738,-0.236677,0.038449,-0.238996,-0.204336,0.183437,0.090008,0.138985,-0.098579,0.221217,-0.007352,-0.054489,-0.149625,0.219415,0.035151,0.063057,-0.094938,-0.065484,0.00525,0.199912,-0.032829,0.005252,0.100283,0.024445,0.168037,-0.059523,-0.113394,-0.191219,0.028279,-0.003825,0.116497,-0.007132,-0.100775,0.020824,-0.098213,-0.198544,-0.182999,0.104941,-0.061248,-0.19585,0.028982,-0.170887,0.131389,-0.020273,0.154167,0.218533,0.269541,0.16798,0.157566,-0.080245,0.250758,-0.076879,-0.28534,0.110421,-0.048861,-0.188849,0.120217,0.03939,-0.070687,0.031666,-0.063295,0.074599,-0.155687,0.108014,-0.115012,0.115523,0.025477,0.148153,-0.026357,0.086243,-0.073421,0.046043,-0.117977,-0.011604,-0.097992,-0.042543,0.082355,0.037857,-0.11058,-0.0333,0.115069,0.234985,0.132854,-0.181761,-0.157671,0.133002,-0.044321,-0.067108,0.126768,0.187117,-0.10118,-0.00329,-0.005015,-0.027201,#
8,0.428663,-0.012523,0.250402,-0.352522,0.288419,0.010065,0.30313,-0.148179,1.0,-0.067949,0.083898,0.398333,0.137296,0.182108,0.031086,-0.070495,0.111547,0.258827,0.234719,0.082382,-0.299296,-0.212564,0.169136,-0.170248,-0.060302,-0.204689,0.037632,-0.019385,0.223169,-0.090025,-0.176679,0.114881,-0.14879,-0.093084,-0.174622,0.135868,0.354372,-0.189586,-0.062921,-0.165339,-0.111626,-0.065152,-0.36358,-0.018378,0.178207,-0.228185,0.388583,0.309647,-0.040638,0.34647,0.213641,-0.110919,0.056111,0.244921,-0.116783,0.132155,-0.005555,0.042333,0.020521,0.177853,-0.171901,0.111361,-0.127125,-0.052999,-0.069496,0.15619,0.297396,0.048808,0.232567,0.220729,0.224256,-0.209536,-0.249603,-0.129271,-0.134672,0.116915,-0.085972,-0.316395,-0.242035,-0.070813,-0.031808,-0.168538,-0.084152,0.200074,-0.014946,0.134767,-0.290909,-0.239696,-0.028054,-0.269676,0.061855,-0.063558,-0.035022,0.049294,-0.249611,0.037611,-0.052282,-0.353811,-0.127874,-0.090883,-0.166253,-0.336798,-0.358217,-0.118,-0.040004,0.070419,-0.070229,0.051847,-0.126004,-0.033517,0.095191,-0.152894,0.21774,-0.043736,0.053874,-0.441706,-0.215221,-0.206276,0.280432,-0.330397,-0.057766,-0.008712,-0.106609,-0.467166,-0.166051,0.045295,-0.178326,0.109754,-0.071411,-0.261697,0.329609,0.143362,-0.12797,-0.01538,-0.022947,-0.193826,0.141532,0.039025,0.200798,-0.012262,0.187892,-0.030733,-0.232826,-0.144952,-0.19119,-0.197781,0.019659,0.358141,-0.058154,-0.127503,-0.030981,-0.045809,0.029805,-0.1221,-0.025232,-0.265327,0.12409,0.33808,0.023492,-0.021378,-0.02047,-0.190926,-0.003769,0.288086,0.17558,0.040615,-0.050644,0.040902,0.017326,-0.103176,-0.029312,0.226186,0.114624,-0.080159,-0.137821,-0.081836,-0.042191,0.253297,0.149815,-0.282981,0.276922,0.211425,-0.139784,-0.081449,0.061714,0.218001,0.168695,0.050866,-0.455908,0.208858,0.148512,-0.123158,0.08539,0.158827,-0.157968,0.057168,0.16807,-0.161784,0.133224,0.114751,#
9,0.076754,0.127694,0.034056,-0.006851,0.109428,-0.205594,0.039904,-0.302959,-0.067949,1.0,-0.178151,0.180399,0.239257,0.235442,-0.485199,-0.00021,-0.317016,0.284332,-0.13274,0.099138,0.048231,-0.14534,-0.017104,0.037962,0.170723,0.011221,0.039718,-0.391365,-0.02989,0.29488,-0.003118,-0.214443,-0.026137,0.163287,0.155645,0.252957,-0.059203,-0.292004,-0.323399,-0.017231,0.018963,0.086907,0.124437,0.191283,0.159861,-0.16407,-0.131414,0.169626,-0.044306,0.150783,-0.037094,-0.183298,0.025049,-0.019435,-0.124627,-0.297838,0.003636,-0.102448,0.243356,-0.096311,-0.102119,0.169436,0.205663,-0.341606,-0.205951,-0.096626,0.161941,-0.095082,-0.016347,-0.035293,-0.045787,-0.270609,-0.099406,-0.040146,0.149701,-0.033656,-0.061035,-0.195768,0.148431,0.178242,-0.054162,-0.032367,-0.070157,-0.192011,0.184828,-0.333775,0.012016,-0.028285,-0.092229,0.187752,-0.268622,0.028297,-0.048001,0.242571,-0.082138,0.014847,-0.030267,-0.036068,-0.053969,0.185699,-0.249699,0.127153,0.156289,0.222994,-0.011172,0.025865,0.032413,-0.021787,-0.085412,0.006497,0.132081,0.189744,-0.04719,-0.048647,-0.021916,-0.031996,-0.130307,-0.071137,0.302667,-0.232814,0.070944,0.341669,0.003288,-0.025672,-0.200446,0.125609,-0.20163,-0.087435,-0.011631,0.270981,-0.114482,0.326759,-0.046223,0.651931,-0.14161,0.144108,-0.113898,-0.123792,0.119229,-0.085429,0.190952,-0.072339,0.321775,0.098691,0.172024,0.084226,0.197355,0.096396,-0.205749,0.25494,-0.39416,-0.137911,-0.116328,0.066599,0.242444,0.197319,0.060756,0.244313,0.128061,0.050536,0.088823,0.256775,-0.257989,0.387756,-0.062505,-0.037013,-0.011327,0.043716,0.072593,0.068811,0.021756,-0.150322,0.052236,-0.262653,0.132112,0.17435,-0.111848,0.04564,0.263743,-0.049583,0.024326,-0.104927,-0.233603,0.024234,-0.109947,-0.031559,0.089707,-0.086452,-0.30868,0.197302,-0.096015,-0.251899,-0.035714,0.02513,0.043404,-0.187151,-0.081467,0.057434,0.270584,-0.116855,#
10,-0.227379,-0.09628,-0.030446,-0.036036,-0.302302,0.032195,0.221164,-0.066065,0.083898,-0.178151,1.0,0.055854,-0.198924,-0.270578,0.058882,0.102056,0.172127,-0.203732,0.159991,-0.050147,0.116354,0.311624,-0.081612,0.161665,-0.091852,0.271623,-0.219245,0.147029,0.169982,0.001867,-0.052174,-0.084432,-0.240041,-0.156051,0.232002,-0.055119,-0.105379,0.132485,0.056001,0.22541,-0.23503,-0.144357,-0.077333,-0.195818,-0.021866,0.187959,-0.289994,-0.395629,0.139387,-0.048835,0.103413,0.119571,-0.071921,0.342009,0.019384,0.10978,-0.039563,-0.133258,0.066286,0.032309,0.02857,-0.211518,0.167273,0.132088,0.169956,-0.056124,-0.068256,-0.122083,-0.22142,-0.072944,-0.236997,0.213533,0.190395,0.055205,0.012067,0.242245,-0.043375,0.107897,0.017249,-0.094614,-0.072039,0.081518,-0.261944,0.164669,0.004284,-0.119133,0.14719,-0.077957,-0.159255,0.006181,0.142747,-0.198117,0.067317,-0.116648,-0.079149,0.206954,-0.047354,-0.077483,-0.320671,0.024895,0.039405,0.005436,-0.291481,-0.036821,0.28764,0.017469,-0.070981,0.095621,-0.233693,0.480963,-0.198126,-0.21037,-0.181574,0.210665,0.052525,-0.115858,-0.101513,0.108565,-0.130227,0.197103,-0.1384,-0.09593,-0.039708,0.090846,0.020084,-0.134003,0.066654,-0.005805,0.052403,-0.042957,0.149323,-0.206196,0.012456,-0.278017,0.282416,0.254896,0.086494,-0.109498,-0.159681,-0.033789,0.017073,0.242969,-0.178743,0.046816,0.065067,0.192979,-0.125113,-0.11596,0.181557,-0.284126,0.175975,0.050895,-0.294127,-0.111941,-0.288133,-0.391565,-0.328721,0.025707,0.180889,-0.077033,0.17879,-0.099597,-0.146051,-0.126875,-0.078969,-0.063926,-0.275774,-0.009378,0.251757,-0.130481,0.062974,-0.25773,-0.115121,0.024447,0.042472,-0.3887,-0.344353,0.155427,-0.19657,0.081243,0.083623,0.109223,0.101517,0.320267,0.026356,0.100104,-0.291557,0.020981,0.423571,0.058607,0.071312,0.322521,0.0145,-0.089328,0.044302,0.12979,0.231555,-0.051509,-0.081289,0.092757,#
11,0.22797,0.014446,0.070532,-0.107663,0.128899,0.181323,0.169824,-0.242505,0.398333,0.180399,0.055854,1.0,0.029295,0.003132,-0.096325,0.084301,-0.088186,-0.035051,-0.170674,-0.163563,-0.126992,-0.040053,0.007753,0.02015,0.228319,-0.110973,-0.058032,-0.347958,0.251026,0.16666,-0.257009,-0.00837,-0.3023,0.056464,-0.244274,0.407539,-0.107372,-0.20083,0.008534,0.12132,0.135564,-0.134294,-0.154827,-0.058995,-0.02168,0.050504,-0.02635,0.130231,0.211436,0.120892,0.144687,-0.147928,-0.084352,0.086953,0.129574,-0.020563,-0.279664,-0.061709,0.068643,-0.005844,-0.177883,0.130137,0.088989,-0.044687,-0.013781,-0.127456,0.006296,-0.05643,0.202719,-0.000588,0.03527,-0.263294,-0.117422,-0.137488,-0.222855,0.220854,-0.237543,0.025347,-0.117569,-0.315117,-0.116837,-0.156876,-0.020308,0.050895,0.00387,-0.086367,-0.208931,-0.362346,-0.050932,-0.119872,-0.15479,-0.066653,-0.009068,-0.122947,-0.293763,0.010454,-0.134272,-0.329816,-0.121408,-0.116441,-0.081563,-0.089583,-0.082531,-0.141458,-0.017616,0.008952,-0.103255,-0.228322,-0.279766,-0.135411,-0.195296,-0.020676,-0.171617,-0.144484,-0.036137,-0.199308,-0.161457,-0.21148,-0.006914,-0.22414,-0.056626,-0.105542,-0.148731,-0.218358,0.09269,-0.0385,-0.143801,-0.176759,-0.063701,-0.310515,-0.108055,-0.076623,-0.087877,0.145365,-0.178762,-0.000861,0.030197,-0.083069,0.25173,-0.23005,0.080666,0.041598,-0.176225,-0.143145,-0.119044,-0.133683,-0.133609,0.124411,-0.098725,-0.410577,-0.241667,-0.086002,-0.137706,-0.116452,-0.139891,-0.32559,0.194642,0.048995,0.090612,-0.010842,0.173624,-0.030675,-0.115673,-0.036694,-0.148254,-0.001074,0.092058,0.063106,0.258642,-0.140917,-0.01053,-0.016243,0.011155,-0.345591,0.151673,-0.261926,-0.20525,0.065225,0.167853,-0.14287,0.235281,0.172535,0.062807,0.103588,0.260698,-0.132668,0.015569,-0.076416,-0.172765,0.388001,0.021647,0.158758,0.155424,-0.0079,-0.017495,0.065986,0.28046,-0.215349,0.030348,0.13534,#
12,0.162752,0.112926,-0.191389,-0.172418,0.330462,-0.228885,0.079804,-0.105521,0.137296,0.239257,-0.198924,0.029295,1.0,0.176232,0.095538,0.260988,-0.066656,0.195147,0.073471,-0.07461,0.026957,0.092083,0.147791,-0.025877,-0.225152,-0.127707,0.181435,-0.034819,0.152407,-0.048833,-0.233955,0.194538,0.125593,-0.004932,-0.029289,0.061324,0.31136,-0.269137,-0.223571,0.077208,0.037353,0.162666,0.095164,0.206456,0.22494,-0.021896,0.132836,0.155742,-0.001722,0.01057,-0.061876,-0.353232,0.157873,-0.193249,0.024261,-0.329035,-0.240763,0.302322,0.208213,-0.177218,-0.128358,-0.040341,-0.292547,0.046612,0.113706,0.212218,0.113849,-0.028307,0.262455,-0.237806,-0.092083,-0.359808,-0.140387,-0.170442,0.007535,0.142292,-0.173035,-0.241486,-0.25336,-0.283676,-0.154824,-0.306318,-0.13966,-0.224078,-0.040052,-0.311566,-0.01268,-0.160711,-0.372279,-0.044184,-0.17822,-0.348356,-0.151,-0.115594,-0.181137,-0.16028,-0.176725,-0.152465,-0.243235,-0.379493,0.118069,-0.165944,-0.271157,-0.270829,-0.140952,-0.000281,-0.237862,-0.091012,-0.154118,-0.057798,0.176805,0.025903,-0.05501,-0.237414,-0.229006,-0.179806,-0.246099,-0.062569,-0.001009,-0.286951,-0.044684,-0.208811,-0.182228,-0.189428,-0.282616,0.010765,-0.351262,0.128552,-0.347315,-0.24528,-0.14324,-0.043961,-0.034235,0.073422,-0.241208,-0.186208,-0.046752,-0.065304,0.113502,-0.350704,-0.242671,-0.12545,-0.217145,0.070629,-0.323523,-0.098792,-0.062879,0.296897,-0.550302,0.015642,-0.053635,-0.13575,-0.04909,-0.209068,-0.187268,-0.182776,0.187715,0.241183,-0.461177,-0.270593,-0.151115,-0.105003,-0.287053,-0.076993,0.034212,0.195428,-0.210336,0.067691,-0.330358,-0.00732,0.124034,0.199668,-0.138416,-0.211218,0.142911,-0.001651,-0.112557,0.186725,0.280018,-0.334593,0.230431,0.141549,0.000954,0.18575,0.162338,-0.197777,0.115196,-0.099709,-0.188043,0.199748,-0.259592,0.165929,0.343331,0.251475,0.016539,-0.006062,0.180685,-0.128766,-0.005621,0.025587,#
13,0.076452,0.060623,0.097249,-0.136905,0.213053,0.25269,0.053808,0.275354,0.182108,0.235442,-0.270578,0.003132,0.176232,1.0,0.051127,-0.1687,-0.051609,0.230392,0.112182,0.061254,-0.116319,-0.06057,0.040775,-0.255114,0.034249,-0.019962,0.181752,-0.077663,-0.01573,-0.043398,-0.016074,0.317508,-0.000179,-0.194051,-0.246978,0.26765,0.22258,-0.177088,-0.133177,-0.306846,-0.031065,0.276676,0.150621,0.197264,0.035813,-0.267688,0.341959,0.163188,-0.07534,0.082499,0.020602,-0.019878,-0.028441,-0.170376,-0.369798,-0.092112,0.245916,0.120202,-0.01908,0.090868,-0.066157,0.225091,-0.123118,0.009752,0.016765,0.23542,0.257662,0.217999,0.230684,0.073985,-0.029312,-0.184516,-0.002483,-0.062072,0.037139,-0.053569,0.009496,-0.264647,-0.125121,0.129986,0.162693,-0.261364,0.038259,-0.036762,0.081031,0.049184,-0.159782,-0.232019,-0.214649,-0.067093,-0.176144,0.085377,0.00099,0.082351,-0.141761,-0.090258,-0.114521,-0.031244,-0.00373,-0.16216,-0.046949,-0.123925,-0.044671,-0.115409,-0.215149,-0.149276,0.110961,-0.306022,0.125962,-0.332012,0.106887,0.169512,0.019607,0.103322,-0.078539,-0.007866,-0.254385,-0.211926,0.402316,-0.290398,-0.016693,0.06857,-0.004876,-0.235955,0.051493,0.012271,-0.314671,-0.077045,-0.138077,-0.070365,-0.03235,0.328027,-0.298168,0.097767,-0.040284,-0.19827,0.04399,0.169594,0.170071,-0.006708,0.02478,-0.335027,-0.111122,-0.238863,-0.140291,-0.134849,0.224691,0.281119,-0.295629,0.336136,-0.193062,0.195262,-0.009876,0.103377,0.264112,-0.075973,0.330759,0.370414,-0.188949,0.064747,-0.159382,-0.024866,0.04091,0.359784,0.14053,0.216918,0.075755,0.107571,-0.176718,0.158408,0.026019,0.208938,-0.117114,-0.01592,-0.067514,0.071646,0.032081,0.073194,0.221463,-0.206117,0.054354,0.109834,-0.30537,-0.203637,0.152532,-0.059887,0.235541,0.074091,-0.375943,0.044182,-0.056885,-0.228677,0.211996,0.141189,0.021976,-0.149935,-0.162728,-0.166118,0.344893,0.118383,#
14,0.19505,0.038776,-0.011285,-0.068953,0.026075,0.014443,0.071443,0.296288,0.031086,-0.485199,0.058882,-0.096325,0.095538,0.051127,1.0,0.196436,0.165143,-0.287518,0.072757,-0.205146,-0.156895,0.174478,-0.02448,-0.074211,-0.258004,0.008752,-0.032738,-0.030657,0.145909,-0.098382,-0.397404,0.421333,-0.131135,-0.019653,-0.047253,-0.205347,0.010146,0.202008,0.282922,-0.124868,-0.164544,-0.112359,0.004241,-0.003419,-0.069562,0.332372,0.37593,-0.324525,0.040276,0.04683,-0.032639,0.176984,-0.084598,-0.193387,-0.000794,0.245069,-0.006182,0.157374,-0.466408,-0.008253,0.186344,-0.161365,0.000884,0.258937,0.152637,0.215745,-0.206112,-0.065398,0.004974,-0.147493,0.143475,-0.049901,-0.058353,-0.113936,-0.116616,-0.071807,-0.054611,0.229696,-0.15647,-0.222166,-0.057938,-0.145095,0.029912,5.8e-05,-0.158552,0.011931,-0.176984,-0.262636,-0.125926,-0.201417,0.083268,-0.103325,0.335752,-0.133961,-0.092154,-0.015113,-0.266183,-0.150113,-0.307532,-0.083464,0.13709,-0.001524,-0.091747,-0.182215,-0.180201,0.080915,-0.110023,-0.060794,0.190674,-0.109293,-0.337505,-0.126218,-0.130138,0.169618,-0.324991,0.004483,-0.249024,0.141018,-0.296328,0.044175,-0.095279,-0.178431,-0.039788,0.134743,0.22819,-0.113576,0.037261,0.076258,-0.152195,-0.223121,0.079143,-0.405808,-0.336854,-0.482529,-0.0979,-0.152035,0.04724,-0.156366,-0.015401,-0.131828,-0.154016,-0.352043,-0.297385,-0.155876,-0.341695,-0.060489,-0.128547,-0.073249,-0.196971,-0.187153,0.096393,0.058135,0.061558,-0.134908,-0.180643,-0.239203,0.031879,0.08192,-0.37563,-0.149843,-0.38621,-0.249435,0.056455,-0.457761,-0.070839,0.026903,0.031149,0.02026,-0.083592,-0.246805,-0.000922,0.241298,-0.308952,0.02565,0.117908,0.000367,0.138313,0.014148,-0.189547,-0.234002,-0.02636,0.304344,0.265966,0.120074,0.120916,-0.145837,0.17694,0.200809,0.30528,-0.04157,-0.268106,0.363719,0.165123,0.153162,-0.083613,-0.134914,0.106626,-0.153974,-0.002121,0.176818,#
15,0.024178,-0.085875,-0.31528,-0.051873,-0.069389,-0.117541,0.205272,-0.109739,-0.070495,-0.00021,0.102056,0.084301,0.260988,-0.1687,0.196436,1.0,-0.029952,-0.251361,0.060703,-0.214654,-0.008157,0.110318,-0.108711,-0.127546,-0.161696,-0.03282,-0.17115,-0.035132,0.023047,-0.025351,-0.194034,0.043466,0.094006,-0.051323,0.078755,-0.067062,-0.036763,-0.057714,-0.061133,0.316871,-0.185248,-0.132965,0.127349,-0.028668,0.001363,0.287375,-0.014184,-0.253493,0.139011,-0.078873,0.201861,-0.031441,0.146412,-0.101617,-0.052861,0.098896,0.115136,-0.021628,0.033489,-0.060267,-0.064994,0.053314,0.168161,0.234892,-0.167312,-0.177766,-0.193113,0.022542,-0.10712,-0.32707,0.110716,-0.025524,-0.179494,-0.119012,0.049206,-0.129543,-0.09391,0.084002,-0.085094,-0.190584,-0.008154,-0.014037,-0.015754,-0.244219,0.106407,-0.120473,0.018369,-0.018102,0.012296,0.067003,0.097952,-0.025248,0.308141,-0.201737,-0.115539,-0.1349,-0.214826,-0.105853,-0.22549,0.006887,0.109337,0.127392,-0.129796,0.046268,0.139977,0.132225,-0.318545,0.110779,-0.14342,0.019117,-0.423265,-0.281963,-0.110335,-0.018298,-0.149017,-0.128977,-0.052725,0.010268,-0.315054,0.029825,0.004114,-0.146512,0.156671,0.212912,0.049289,-0.038079,-0.076799,-0.081365,-0.190416,-0.158955,-0.144913,-0.227885,-0.050385,0.094573,-0.130903,-0.052394,0.177091,-0.234443,-0.137009,-0.021333,-0.090479,-0.159928,-0.014413,-0.057775,-0.304296,0.279716,-0.360189,-0.139228,-0.197936,-0.290611,-0.05785,-0.084932,-0.311872,-0.108009,-0.345424,-0.092833,-0.083843,-0.121745,-0.209424,-0.036801,-0.262284,-0.239023,-0.16272,-0.30233,-0.16224,-0.084176,-0.169909,0.27406,0.005104,-0.27962,-0.079185,0.010343,0.046977,-0.029859,0.190931,-0.239607,-0.041225,0.050066,-0.206507,-0.101174,-0.031172,0.023353,0.424001,0.296452,0.149084,-0.061805,-0.011032,-0.179307,0.428492,-0.07077,-0.277034,0.343571,0.382575,-0.036734,0.03466,0.018752,0.238916,-0.044834,-0.110811,0.016168,#
16,0.097147,-0.150566,-0.166983,0.012707,0.065165,0.032368,-0.049014,0.014638,0.111547,-0.317016,0.172127,-0.088186,-0.066656,-0.051609,0.165143,-0.029952,1.0,-0.013717,0.082411,-0.017066,-0.116107,0.035942,0.208383,-0.010318,0.092982,-0.047907,-0.316225,0.096934,-0.01955,-0.045975,-0.078221,0.112591,0.053363,-0.169738,-0.013678,-0.163083,-0.155305,0.024411,0.100931,0.010309,-0.052165,-0.172218,-0.17506,-0.187973,0.109135,0.22984,0.16156,-0.194912,0.013632,0.115059,0.225174,0.068493,0.009039,0.063504,0.081632,0.278035,-0.040307,0.123708,-0.186033,0.057734,0.193986,-0.293229,0.05295,0.2336,-0.016549,0.064722,-0.091525,-0.066372,0.026885,0.146114,0.072132,-0.007004,-0.079802,-0.219928,-0.276352,0.177332,-0.085691,-0.023135,-0.040858,0.029167,0.057876,-0.029958,0.116238,0.123818,-0.062921,0.065998,-0.0598,-0.060144,-5.2e-05,-0.098565,0.233433,0.025421,-0.0878,-0.077428,-0.130344,-0.234272,0.058692,-0.123213,0.046391,-0.238515,0.256362,0.098418,-0.291473,-0.129111,-0.020976,-0.146628,0.170184,-0.202249,-0.031949,0.111515,-0.188948,-0.139879,0.066326,-0.054981,-0.158918,0.056232,0.069014,-0.216065,0.272915,0.049525,0.029757,0.004211,-0.290705,-0.175106,0.090159,-0.182385,-0.163952,0.08095,-0.221675,-0.098099,0.043713,-0.204471,0.104295,-0.100968,-0.009195,-0.032243,-0.173065,-0.358904,-0.238779,-0.035806,-0.202309,0.055559,0.014106,0.082453,-0.245807,-0.031274,0.006051,0.111362,-0.003986,-0.149885,0.1497,0.023875,-0.067018,-0.168017,-0.242613,-0.094814,-0.038341,0.209765,-0.088767,-0.019278,-0.05565,0.094876,-0.071581,-0.109031,0.131734,0.072891,-0.078676,-0.093919,-0.103063,0.153367,0.324158,0.023296,-0.006442,0.019024,-0.129036,-0.194351,-0.112885,-0.053754,-0.170222,-0.126205,-0.039724,-0.202314,0.198931,0.093358,0.09412,-0.038393,-0.005678,-0.070777,0.023517,-0.132739,-0.050658,0.149347,0.041199,0.071624,0.12054,0.175314,0.127562,0.089351,-0.183535,0.122303,#
17,0.005168,0.043281,0.223256,-0.090525,0.132948,-0.081425,-0.066197,-0.234775,0.258827,0.284332,-0.203732,-0.035051,0.195147,0.230392,-0.287518,-0.251361,-0.013717,1.0,0.221732,0.218887,0.10136,-0.156062,0.23206,0.029631,0.104657,-0.173462,0.106063,-0.039263,-0.099261,0.044849,0.283952,-0.021167,0.104242,0.081434,-0.04722,0.097914,0.127749,-0.260359,-0.123992,-0.25354,-0.008445,0.185938,-0.049679,-0.02822,0.274476,-0.299588,0.134166,0.457469,-0.114184,-0.058612,0.145295,-0.084415,-0.020866,0.026389,-0.253731,-0.126522,0.043001,-0.023655,0.07636,-0.097443,-0.033905,0.005279,-0.081835,-0.331212,-0.053878,0.085368,0.123417,-0.05678,0.158321,0.235189,0.067612,-0.137385,-0.403712,0.113427,0.117884,-0.004009,0.001466,-0.330161,-0.006054,0.144929,-0.092899,0.081653,-0.143831,0.103056,0.240799,0.048867,-0.164455,0.181435,-0.100104,0.12052,-0.12409,-0.05593,-0.3441,0.237605,0.056928,-0.161489,0.099032,0.066289,0.055335,0.016354,-0.143677,-0.144147,-0.132554,0.128316,-0.053146,0.13008,0.03708,0.197877,0.05171,-0.070512,0.372306,0.110328,0.238572,-0.135147,0.08114,-0.057323,0.073404,-0.067632,0.479231,-0.159482,-0.053569,0.207012,-0.086402,-0.232585,-0.158115,0.280206,-0.145087,0.117083,-0.11518,0.066153,0.1333,0.301356,0.070539,0.268054,-0.043839,-0.046878,-0.01151,0.224333,0.222952,-0.089401,0.092608,0.088992,0.105653,-0.093577,0.077769,-0.115947,0.358456,0.260428,-0.193247,0.399464,-0.033774,0.028995,0.145778,-0.093664,0.18854,0.174202,0.185037,0.276139,-0.040226,0.303081,0.17462,0.210415,0.011992,0.517945,0.208459,0.002859,0.116316,-0.018408,-0.216114,0.255076,0.051866,0.105813,-0.032588,-0.110368,-0.152571,0.274783,0.161567,0.171182,0.360716,-0.163871,0.239928,-0.093365,-0.565117,-0.140488,-0.044491,0.069664,0.100917,0.120244,-0.421075,0.130497,0.100454,-0.346175,-0.062202,-0.082614,-0.123229,0.040818,-0.034502,0.030701,0.252789,-0.266528,#
18,0.058734,-0.131034,-0.020941,-0.222364,0.000398,-0.096537,0.146877,0.054039,0.234719,-0.13274,0.159991,-0.170674,0.073471,0.112182,0.072757,0.060703,0.082411,0.221732,1.0,-0.022161,-0.115434,0.243424,0.003816,-0.110702,-0.448234,0.022506,-0.133042,0.366474,0.037016,-0.233725,0.114001,0.187535,0.026739,-0.093966,0.043559,0.189838,0.137597,0.235865,0.088858,-0.09642,0.088423,-0.02037,-0.135504,-0.005937,-0.046883,-0.168671,0.179836,-0.067568,-0.168594,-0.046247,-0.051687,0.172622,0.126497,-0.003193,-0.197808,-0.057956,0.06278,0.025921,-0.067126,-0.134535,0.021042,-0.117653,0.059963,-0.046123,0.13769,0.082888,0.297525,-0.176635,0.039881,-0.153431,0.040148,-0.126327,-0.30589,0.073662,0.05636,-0.195304,0.156021,-0.496434,-0.111356,0.013761,-0.027085,0.088612,-0.156383,-0.19853,0.058472,0.039162,0.040933,-0.006902,0.013152,0.275375,0.115403,0.140202,-0.119406,0.122056,0.067208,-0.111495,-0.003492,0.081902,-0.087896,-0.214865,0.03026,0.014324,-0.167674,0.113972,-0.096387,0.087431,-0.103302,-0.053881,0.307258,-0.014989,0.00359,-0.051736,0.217117,0.138908,-0.071074,-0.136339,0.106543,0.194275,0.237934,-0.107238,0.03219,-0.042298,0.124278,0.045531,0.059035,0.078702,-0.094833,0.060991,0.096974,0.073396,0.297661,0.147078,0.018822,-0.080872,0.056254,-0.075828,0.139843,0.03845,-0.10042,-0.07759,0.068187,0.079793,-0.025534,0.024704,0.062916,0.009984,0.068145,0.018302,0.002779,0.091789,0.243731,0.02408,0.139447,-0.191654,0.050553,-0.092368,0.109826,0.117019,-0.092613,0.126275,-0.05689,-0.050982,-0.134869,0.026589,0.406814,-0.021898,0.172617,0.034274,-0.23618,0.30424,-0.235486,0.302038,0.179252,0.061861,0.049706,0.117843,0.037797,-0.017279,-0.039665,0.124892,0.086492,0.182227,-0.128626,0.072757,-0.063491,0.129712,0.372985,-0.056539,-0.043887,-0.278597,0.059662,-0.044545,0.018367,-0.083942,0.054975,0.166709,0.028144,0.071974,0.176936,-0.140505,#
19,-0.130783,-0.105055,0.246617,0.082108,-0.014998,-0.174009,-0.144186,-0.038079,0.082382,0.099138,-0.050147,-0.163563,-0.07461,0.061254,-0.205146,-0.214654,-0.017066,0.218887,-0.022161,1.0,-0.120906,0.017534,-0.040525,0.130749,-0.08019,0.12656,0.025201,0.108876,-0.096816,0.075403,0.200668,0.024462,0.037125,0.184461,0.200769,-0.092239,-0.007401,-0.053188,-0.110194,-0.13524,-0.16684,0.125391,-0.178405,0.021125,0.145934,-0.195877,-0.035346,0.054383,-0.192531,0.006948,0.076853,0.100287,-0.04378,0.112425,-0.337521,0.027627,0.104407,-0.086933,-0.028493,-0.245665,-0.045255,-0.043758,0.047777,-0.113928,0.025202,-0.035821,0.37038,-0.032431,0.028199,0.246767,-0.004377,0.105877,-0.050855,0.292488,0.078338,-0.112491,0.050763,0.054781,0.074665,0.128815,0.205833,0.133121,0.090808,0.195934,0.18304,0.191016,-0.109085,-0.004665,0.155929,-0.01621,-0.059614,0.104668,0.008521,0.174459,0.002248,0.098421,0.180083,-0.05935,0.108141,0.037426,-0.252435,-0.141375,-0.104194,0.291815,0.048492,0.102898,-0.004662,0.185009,0.111482,0.175707,0.49258,-0.126385,0.154243,0.010968,0.168846,0.238301,0.289612,-0.047598,0.257878,0.014148,0.04268,0.250729,0.129612,-0.026708,-0.18659,0.236098,0.013824,0.009987,0.115113,0.020104,0.15651,0.213317,0.058424,0.192454,0.213679,-0.079476,-0.15637,0.207309,-0.153698,0.235978,0.326613,0.032509,0.086168,-0.084202,0.098377,0.205829,0.433979,0.024816,0.105979,0.368556,0.04088,0.032129,0.355303,0.287171,0.213346,0.29624,-0.010773,-0.068812,0.252503,0.207146,-0.02912,0.105087,0.223977,0.415498,0.215307,-0.071317,0.191058,-0.007148,0.108237,0.124597,-0.082751,-0.068876,0.004774,0.236229,-0.103665,0.199011,0.27541,-0.178723,-0.133294,0.056794,0.051262,-0.122799,-0.351031,0.078591,-0.153117,0.286552,-0.094729,0.078774,-0.295924,0.014,0.109262,-0.264654,-0.20441,-0.196861,-0.142822,-0.110534,-0.182614,0.282695,0.166703,-0.007919,#
20,-0.295543,0.115625,-0.423323,-0.112215,0.111943,0.197316,0.09617,0.022834,-0.299296,0.048231,0.116354,-0.126992,0.026957,-0.116319,-0.156895,-0.008157,-0.116107,0.10136,-0.115434,-0.120906,1.0,0.098531,0.131466,-0.010739,-0.001872,0.137356,0.072582,0.086956,0.065731,0.372514,0.040815,-0.200051,0.179189,-0.048294,0.089834,0.05539,-0.025852,-0.161013,0.160313,0.040103,0.084212,0.040655,0.258153,-0.006257,-0.101585,0.058403,-0.33832,0.111605,0.206972,-0.444707,-0.041257,-0.365502,0.011779,-0.087079,-0.01467,-0.114024,0.064538,-0.163872,0.24531,0.137863,-0.069346,-0.150663,-0.124454,-0.015923,-0.216766,0.143466,-0.093156,0.193042,0.136381,0.034973,-0.135164,-0.054397,0.182504,-0.033016,0.090498,0.003087,0.20567,0.059957,-0.202193,-0.023107,-0.201002,-0.061809,-0.209555,-0.16155,-0.041813,-0.139273,-0.047677,0.152469,0.101274,0.238539,-0.366187,-0.184962,-0.21087,-0.166545,0.020643,-0.05805,-0.20021,-0.081296,-0.099829,0.133888,0.05399,0.0797,-0.078222,-0.253012,0.111983,-0.14216,-0.108424,-0.139879,0.018084,-0.18759,0.040145,0.177498,-0.271971,-0.265748,0.102266,0.018857,-0.017038,0.052236,-0.132304,-0.065484,0.096539,-0.109046,0.023031,-0.082606,-0.159014,0.163384,0.06216,0.205655,0.03,-0.022527,-0.260405,-0.042814,-0.169365,-0.040736,-0.146735,0.016404,-0.272053,-0.107348,0.087087,-0.046299,-0.21306,0.059546,-0.102995,-0.070734,-0.098275,-0.11988,0.034674,0.13486,0.080235,-0.080284,-0.19447,-0.095148,-0.164419,-0.170132,-0.217023,-0.063022,-0.084815,-0.009302,-0.149416,-0.02104,0.162552,0.048439,-0.161526,0.105505,-0.29046,0.047143,-0.036833,-0.118192,-0.256887,0.259313,-0.049577,-0.174671,-0.229366,-0.157426,0.132353,-0.160058,0.010929,-0.073763,0.004089,-0.023664,0.220386,-0.1782,-0.048799,0.224253,0.144588,-0.380565,-0.067951,-0.232776,0.180845,0.066438,-0.102342,0.247362,0.056516,-0.165008,0.075948,0.231931,0.037616,-0.057294,-0.271369,0.029819,#
