0,1.0,0.32756,0.042176,-0.212593,0.418072,-0.068586,0.179494,0.076252,0.329993,0.10452,-0.161983,0.215432,0.308058,0.169241,-0.023321,-0.124698,0.10661,0.189299,0.172636,-0.263474,-0.243492,-0.087233,0.262128,-0.103967,-0.215006,-0.278026,-0.11272,-0.104731,0.22073,0.244173,-0.33123,-0.075482,0.021277,-0.103005,-0.165752,0.100573,0.045357,-0.109525,-0.017882,0.043447,0.188637,-0.060149,-0.097843,0.069192,-0.200974,-0.306601,0.226268,0.161667,-0.06069,0.142587,0.126303,-0.156544,0.087415,0.029749,0.00956,-0.132316,-0.214454,-0.035952,-0.091759,0.100224,0.151535,0.043388,-0.139463,-0.095333,0.156821,0.347348,0.045694,0.17297,0.181483,-0.173011,-0.039776,-0.19548,-0.14902,-0.248158,-0.23751,0.31434,-0.188216,-0.275851,-0.19928,-0.098739,-0.316597,-0.229674,-0.22109,0.13285,-0.235233,-0.145128,-0.283524,-0.210383,0.03332,-0.25725,-0.32658,-0.254266,-0.366385,0.12597,-0.245029,-0.314748,-0.192431,-0.238102,-0.09148,-0.330122,0.158075,-0.376172,-0.191611,-0.16206,-0.326488,-0.041383,-0.156609,-0.065998,-0.453829,0.083765,0.200241,-0.021235,-0.170207,-0.230606,-0.419634,-0.269549,-0.268436,-0.302941,0.078612,-0.412264,-0.293381,-0.377649,-0.309808,-0.249844,-0.196511,-0.140028,-0.361128,-0.067785,-0.063266,-0.394416,-0.306073,-0.129112,-0.076787,0.105812,-0.225535,-0.38554,0.282561,-0.425079,-0.24008,-0.279277,-0.134678,-0.165533,-0.409325,0.023259,-0.186804,-0.250983,-0.386108,0.365662,-0.278426,-0.232045,-0.340616,-0.417057,-0.224125,-0.201559,-0.362459,-0.241517,0.292539,0.401323,-0.29261,-0.145605,-0.201522,-0.061392,-0.408184,-0.118786,-0.053527,-0.032227,-0.086628,-0.155534,-0.169952,-0.167364,0.083109,0.207577,-0.137232,-0.285159,0.255714,-0.151511,-0.199975,0.187311,0.332616,-0.446244,0.12357,0.103242,-0.052007,-0.046307,0.441475,-0.075199,0.146693,0.177968,-0.231623,0.542113,-0.079793,0.023614,0.399019,0.35184,-0.124811,0.297672,0.300953,-0.426138,-0.456671,0.192,#
1,0.32756,1.0,0.058495,-0.031444,0.276867,-0.140117,0.154676,0.143385,0.143836,0.280117,-0.335539,0.000853,0.259876,0.210316,0.213458,-0.194761,-0.067988,0.347208,0.257367,-0.170156,0.108777,0.03806,0.126824,0.04635,-0.232665,-0.048461,0.153942,0.091624,0.233462,0.333285,-0.495345,0.129605,0.099785,0.000392,-0.161793,-0.033901,0.123634,-0.205207,-0.001894,-0.137918,0.001641,0.157008,0.076394,0.146246,-0.286659,-0.354984,0.274116,0.242906,0.002163,0.27676,0.138071,-0.249854,0.094922,0.059802,0.167722,-0.165747,-0.369855,-0.040869,-0.183398,-0.011326,-0.054974,0.308134,-0.393702,0.222762,0.019199,0.153014,0.075872,0.227692,0.120384,-0.17852,-0.112915,-0.203413,-0.053973,-0.176849,-0.232565,0.232406,-0.232213,-0.24661,-0.281101,-0.410842,-0.193793,-0.386829,-0.347067,0.076951,-0.41795,-0.102136,-0.183864,-0.01658,-0.090911,-0.055715,-0.04187,-0.154763,-0.392017,0.193651,-0.395947,-0.056334,0.080977,-0.21263,-0.002979,-0.221795,0.023901,-0.368794,-0.538057,-0.098215,-0.543067,-0.305455,-0.309712,-0.265592,-0.42441,-0.124922,0.194822,0.239127,-0.090447,-0.316525,-0.152238,-0.100304,-0.297625,-0.356824,0.116318,-0.253732,-0.304213,-0.022484,-0.378736,-0.379457,0.101481,-0.195566,-0.337767,-0.180071,-0.13825,-0.128783,-0.313721,-0.229896,-0.171394,0.113773,-0.22015,-0.144357,0.083376,-0.216851,-0.084261,-0.233901,-0.231626,0.121579,-0.312631,0.018593,-0.101389,-0.360679,-0.128111,0.340413,-0.302341,-0.263569,-0.298565,-0.252611,-0.091447,-0.013464,-0.198815,-0.047462,0.321403,0.359326,-0.311406,-0.013119,-0.189335,-0.041026,-0.079208,0.013182,-0.055555,0.3406,-0.08377,-0.049999,-0.229892,0.134037,-0.146566,0.127,-0.129128,-0.286256,0.393782,0.00288,-0.220322,0.048913,0.258165,-0.347518,0.127508,-8.6e-05,-0.039681,-0.06769,0.221845,-0.13982,0.087122,-0.089405,-0.26672,0.415388,-0.076129,0.328296,0.160948,0.226985,-0.077688,0.040557,0.189946,-0.442792,-0.258042,0.093179,#
2,0.042176,0.058495,1.0,0.287057,0.137683,-0.416869,-0.138133,-0.257318,-0.198429,0.178504,-0.021709,0.108931,-0.067084,-0.094165,-0.301156,-0.164479,0.020334,-0.028025,-0.084067,-0.17556,-0.076247,-0.239133,0.171511,0.036368,-0.141101,-0.119991,0.174334,-0.368152,-0.1736,0.206912,-0.112148,0.082284,-0.177363,0.014095,-0.0436,-0.100793,-0.007329,0.052649,-0.005114,-0.1227,-0.029294,0.0017,-0.023462,-0.043138,0.195334,-0.279991,0.013517,0.199686,-0.166744,0.118516,-0.210214,0.100839,0.060596,0.218285,0.002632,-0.214326,-0.306839,0.066047,-0.119595,-0.034239,-0.053043,-0.10169,-0.262767,-0.21511,-0.05537,-0.046967,-0.281931,-0.064941,-0.043459,0.166786,0.091524,0.067111,0.009223,0.097049,-0.104223,0.177113,-0.208342,-0.103892,-0.138485,0.097246,-0.009366,0.041644,-0.060747,0.360951,0.012374,-0.223725,0.01748,0.103869,-0.147308,-0.140233,-0.077389,-0.292591,0.10669,-0.131133,-0.268848,0.109757,0.161904,0.096358,0.079439,-0.013111,-0.01299,-0.030092,-0.039496,-0.026335,-0.220213,-0.168823,0.083972,0.092727,-0.030231,0.351552,0.16564,0.104131,0.076839,-0.006752,0.155485,-0.054436,-0.086257,-0.273291,0.062561,-0.017041,-0.229631,-0.126163,0.060342,-0.003087,-0.196621,-0.087682,-0.352201,-0.094719,0.081007,0.095969,0.339152,-0.111073,-0.137851,-0.003437,0.065681,0.024399,0.256684,0.18589,0.068746,-0.121412,0.152443,0.347025,0.073422,-0.319081,-0.206005,0.191721,0.026585,0.10624,-0.273054,0.094639,-0.370944,0.112236,0.230218,-0.140922,-0.214966,-0.168872,-0.06081,0.122523,0.070559,-0.082735,0.027895,-0.049869,0.330547,-0.071303,0.014104,-0.100007,-0.299248,-0.229586,0.133313,-0.027539,0.140297,-0.008149,0.067567,-0.012489,-0.003145,-0.001776,-0.164319,-0.084625,-0.181093,-0.005891,0.065007,-0.24143,-0.044979,0.015165,-0.172288,0.135399,-0.199958,-0.237385,0.033687,0.064678,0.13234,0.102729,-0.00016,0.162096,0.055665,-0.222758,0.094349,0.119547,0.166371,-0.16705,#
3,-0.212593,-0.031444,0.287057,1.0,0.097286,-0.199437,-0.322427,-0.274471,-0.300394,0.029238,0.198404,-0.237148,-0.091085,-0.170395,-0.176287,-0.174883,0.075185,-0.038285,0.004026,-0.002962,0.096506,-0.299116,-0.081378,-0.042116,0.080618,0.02938,-0.001145,-0.029968,-0.090209,-0.101899,0.378725,0.03937,-0.256967,-0.055488,-0.165232,-0.396052,-0.036689,0.052759,0.061692,0.176528,0.035998,-0.111959,0.172882,0.012252,-0.033642,0.016866,-0.175095,-0.209276,0.169217,-0.148782,-0.223272,0.348387,0.069308,0.166611,-0.026365,0.124622,-0.023526,-0.067,0.100096,-0.209767,-0.194128,0.149243,-0.121085,-0.1884,-0.267482,-0.277195,0.021692,-0.172297,-0.277288,0.411359,0.018936,0.272605,0.20973,0.336847,0.165215,-0.097633,0.05078,-0.084112,0.235704,0.282229,0.085594,0.184188,0.23057,0.088864,0.215335,-0.107168,0.087355,0.206243,0.050824,0.187593,0.192886,0.12556,0.143146,-0.101297,0.23889,0.221639,0.148046,0.234452,0.134073,0.156355,0.047127,-0.13353,0.346655,0.016959,0.075796,0.046589,0.137429,0.20645,0.191145,0.175223,-0.006948,-0.045581,0.115291,0.073515,0.071854,0.061617,0.335039,0.096524,0.054964,0.103922,0.088205,0.107252,0.202244,-0.032724,0.038109,0.126188,-0.219548,-0.061865,0.26068,0.201964,0.403819,0.016602,-0.126118,-0.07698,0.107348,0.298375,-0.019662,0.301615,-0.028953,0.216364,0.144521,0.238504,0.251575,-0.218813,0.047498,0.180627,0.148461,-0.189195,0.017321,0.282767,-0.041477,0.297004,0.103885,0.114228,0.337854,0.039119,-0.183871,-0.20706,0.235636,0.058583,-0.208692,0.082093,0.050812,-0.132986,-0.129162,-0.120305,0.054476,-0.129456,0.000928,0.11052,-0.119228,-0.209824,-0.040873,0.135348,-0.102141,0.091688,0.0697,0.003115,-0.212841,0.358099,-0.401477,-0.092138,-0.02477,-0.218651,-0.086954,-0.232171,-0.098682,-0.112959,0.117088,-0.301923,0.120694,-0.148418,-0.218184,-0.005724,-0.015134,-0.27925,-0.256231,0.122921,-0.170284,-0.062803,#
4,0.418072,0.276867,0.137683,0.097286,1.0,-0.136883,0.245101,-0.1206,0.143576,0.276009,-0.001472,0.062855,0.230461,-0.000923,0.102863,-0.33375,0.227738,0.090642,-0.036463,-0.206727,-0.13691,0.013689,0.116694,-0.066349,-0.320315,-0.120244,-0.021369,-0.176444,0.128124,0.16955,-0.18915,-0.099335,-0.117866,0.012903,-0.362045,0.086449,0.074698,-0.218531,0.111756,0.107754,0.115045,-0.101259,-0.146422,0.025273,-0.23406,-0.189691,0.134745,0.162932,-0.003005,0.10576,0.104803,-0.367625,0.14308,-0.065731,0.120962,-0.45346,-0.485374,0.18519,-0.324424,-0.186029,0.083663,0.063755,-0.138185,-0.003212,0.148143,0.277698,0.104021,0.140637,0.126675,-0.187923,-0.249641,-0.385337,0.203022,-0.397314,-0.112586,0.288863,-0.22337,-0.481293,-0.190985,-0.2881,-0.358744,-0.275417,-0.366176,-0.15712,-0.312743,-0.426528,-0.369833,-0.295024,-0.206176,-0.144912,-0.22226,-0.188698,-0.29832,-0.018809,-0.340535,-0.252738,-0.181978,0.086169,0.02136,-0.035031,0.132032,-0.21922,-0.093088,-0.152637,-0.379839,-0.400627,-0.285031,-0.152079,-0.190022,0.227841,0.116375,0.02729,-0.326581,-0.344686,-0.244653,-0.119711,-0.181502,-0.419428,-0.070283,-0.205941,-0.345284,-0.235517,-0.252812,-0.104858,-0.079067,-0.156661,-0.406723,-0.211695,-0.287209,-0.009362,-0.229971,-0.222414,-0.376934,-0.142701,-0.072431,-0.339873,0.307133,-0.309864,-0.223175,-0.246967,-0.158735,0.067223,0.013594,-0.247748,-0.265331,-0.316558,-0.124651,0.379267,-0.379398,-0.17046,-0.246493,-0.199008,-0.178248,-0.27639,-0.266406,-0.23403,0.330361,0.375752,-0.235367,-0.341399,-0.042926,-0.115366,-0.162582,-0.17535,-0.154466,0.275122,-0.128504,-0.089883,-0.022909,-0.024157,0.105999,-0.006741,-0.152253,-0.312671,0.098329,-0.23524,-0.349243,-0.056847,0.237856,-0.149324,0.17245,-0.034407,0.244125,0.137033,0.208802,-0.033076,0.277091,-0.085592,-0.096681,0.29705,-0.003031,0.30342,0.166929,0.330422,0.209216,0.028729,0.135662,-0.37312,-0.506731,0.3146,#
5,-0.068586,-0.140117,-0.416869,-0.199437,-0.136883,1.0,0.169183,0.308128,0.123327,-0.098459,0.074148,-0.093316,-0.173788,0.302823,0.209286,0.025766,-0.005047,-0.061698,-0.098006,0.141714,-0.059837,0.262551,-0.026902,-0.20876,0.254328,-0.093889,0.11244,0.272487,-0.038103,-0.14849,0.123867,0.250948,0.145228,-0.150802,-0.1618,-0.127787,-0.18439,0.094501,0.057892,-0.086036,-0.076646,0.118117,0.11587,0.162765,-0.074289,0.006471,-0.047116,-0.076981,0.056012,0.177409,0.170514,0.05925,0.210325,-0.2609,-0.045564,0.216924,0.203397,0.146199,0.089473,0.28521,0.182657,0.060591,0.033184,0.30938,0.091335,0.161686,-0.17596,0.124579,-0.056848,0.134993,-0.000647,-0.00691,0.113245,-0.02987,-0.0247,0.036325,0.284244,0.206201,-0.062625,0.040602,0.082422,8.3e-05,-0.005301,-0.145134,0.065882,0.256601,-0.045714,-0.225682,0.166831,-0.188723,-0.080294,0.143171,-0.066864,0.021845,0.231223,0.013473,-0.065542,-0.005491,-0.016146,-0.139673,-0.234383,0.061346,0.120605,-0.084866,0.231327,0.016612,0.121863,-0.210306,-0.051538,-0.363785,0.02117,0.1595,-0.113994,-0.229531,-0.165794,-0.085043,0.049296,0.088723,-0.074732,0.002432,0.098935,0.105948,0.089487,-0.073918,-0.251457,0.275436,0.174991,0.207201,-0.026561,-0.06698,-0.089967,-0.056434,-0.110887,0.017556,-0.051635,-0.081183,-0.056625,-0.117293,-0.089939,-0.049935,0.001048,-0.232298,-0.239544,-0.150755,0.03254,0.057952,-0.038936,0.008549,0.435849,-0.092615,0.159443,0.055196,0.077263,0.312353,-0.04436,0.117348,0.090778,-0.034339,-0.14056,0.150879,-0.058929,-0.080829,0.032206,0.109738,0.108324,0.04053,0.37065,0.224722,-0.081064,0.032996,0.052813,-0.040716,0.111156,0.221539,-0.021556,0.161948,0.187592,-0.014932,0.270252,0.020445,0.098202,0.188781,-0.06309,-0.056141,-0.090795,-0.183753,0.11134,0.131688,-0.05767,0.079339,0.074815,-0.254948,0.02256,-0.275241,0.183418,0.107608,-0.08602,0.029645,0.096739,0.169486,#
6,0.179494,0.154676,-0.138133,-0.322427,0.245101,0.169183,1.0,0.179841,0.576397,-0.087835,0.102129,0.099284,0.279943,-0.034569,0.273529,-0.097981,-0.23154,0.019103,0.008839,0.143709,0.038696,0.305813,0.127673,-0.268495,-0.053527,-0.048833,0.020181,-0.284241,0.122969,0.189453,-0.457244,-0.118462,0.137782,-0.113005,-0.056848,0.058936,0.0828,-0.17726,-0.056373,0.11617,0.148858,0.165654,-0.302412,-0.067829,-0.113825,-0.017843,0.123669,0.337306,0.20151,0.222136,0.273939,-0.202885,0.041105,-0.139041,0.080593,0.077035,0.062401,0.06312,0.037565,0.237305,0.050826,0.206269,-0.140638,0.180301,0.285358,0.18595,0.022873,-0.023227,0.136887,-0.23273,0.087949,-0.209424,0.09913,-0.237769,-0.37176,0.253244,-0.101731,-0.130924,-0.212696,-0.231984,-0.205393,-0.285068,-0.243723,-0.347851,-0.405675,0.038751,-0.158102,0.07214,-0.235091,-0.164468,-0.322405,-0.20826,-0.244498,0.131137,-0.378908,-0.06714,0.02401,-0.258583,-0.091989,-0.108474,-0.091761,-0.096771,-0.119271,-0.015992,-0.166024,-0.119499,0.021192,-0.290886,-0.282489,-0.049963,0.20959,0.067658,-0.171582,-0.464616,0.007527,-0.155729,-0.299634,-0.108359,0.055603,-0.378902,-0.13755,-0.252183,-0.100769,-0.407149,-0.146026,0.049679,-0.116599,0.108603,-0.203557,-0.138727,-0.330533,-0.274495,-0.279065,-0.052547,-0.144594,-0.13819,0.007296,-0.17196,-0.007476,-0.261062,-0.209275,-0.173933,-0.188251,-0.11167,-0.106511,-0.124499,-0.341225,0.571175,0.117396,-0.446464,-0.046562,-0.285331,-0.22083,-0.160295,-0.273441,-0.02368,0.258153,0.310998,0.020515,-0.310271,0.271995,-0.01549,-0.031934,-0.005542,0.098056,0.397572,0.071703,0.126134,-0.096403,-0.077501,-0.068259,0.007212,0.04501,-0.159201,0.151892,-0.239568,-0.066937,0.244036,0.490564,-0.201226,0.219012,0.527749,0.01569,-0.147798,0.328619,0.036307,0.052905,0.117187,-0.343621,0.341868,0.153002,0.105884,0.224359,0.013068,-0.09818,0.056656,0.366642,-0.087565,-0.116085,0.046389,#
7,0.076252,0.143385,-0.257318,-0.274471,-0.1206,0.308128,0.179841,1.0,0.088148,-0.224426,-0.244573,-0.017217,-0.047208,0.248689,0.139195,-0.109857,-0.004014,0.058233,-0.09357,-0.003437,0.159508,0.497533,-0.008582,0.052751,-0.078993,0.165868,0.335278,0.239213,-0.198685,-0.101859,-0.113074,0.370923,0.246697,-0.030891,-0.066401,0.022517,-0.035397,-0.399625,0.189293,-0.06154,-0.082771,0.093091,0.149084,0.042022,-0.201254,0.094648,0.011153,0.132494,-0.211558,-0.005168,0.180097,-0.087705,0.045404,-0.124622,-0.119013,0.122489,0.252047,-0.04746,0.182917,0.299829,0.036903,0.2002,-0.126054,0.353353,0.09793,0.201929,-0.146887,0.134772,0.140728,-0.315516,0.078626,0.119085,-0.186386,0.127029,-0.130791,-0.008735,0.110852,0.098529,-0.364982,0.108358,0.078063,-0.02278,0.069105,-0.153673,0.046658,0.248903,0.100021,0.108727,0.084026,-0.124517,-0.125428,0.02967,0.009059,0.074933,-0.053679,0.027258,-0.062174,0.063759,-0.142292,-0.2561,-0.047976,-0.163643,-0.000989,-0.018362,-0.128246,-0.116759,-0.058227,-0.289371,-0.067008,-0.383244,-0.055256,0.052609,-0.228812,-0.067772,0.070446,0.120362,-0.035968,0.057077,-0.145515,-0.046296,-0.030007,-0.096488,0.079715,-0.189879,-0.00423,0.076562,0.079586,-0.219128,0.001136,-0.055806,-0.290073,-0.048551,0.118293,-0.081299,0.184089,0.023609,0.112349,-0.113643,0.057628,-0.187966,-0.232157,-0.190177,-0.107009,0.046781,0.000198,-0.071924,-0.119535,0.104036,4.2e-05,0.074846,-0.027362,-0.019499,-0.003418,0.057837,0.193214,0.069466,0.120934,-0.134747,-0.164009,0.157226,0.127898,-0.051599,-0.065444,0.110179,0.258856,0.132392,0.106185,0.037204,-0.116561,0.140903,-0.10293,0.013861,-0.135332,-0.09418,0.006959,-0.030699,0.025236,-0.074362,0.093713,-0.266656,-0.028332,0.050821,0.051699,-0.051978,-0.001629,-0.07384,0.003783,-0.054906,0.016005,0.113491,0.221425,0.039449,0.09124,-0.294935,0.036747,0.220608,-0.088693,-0.109178,-0.063153,0.124203,#
8,0.329993,0.143836,-0.198429,-0.300394,0.143576,0.123327,0.576397,0.088148,1.0,0.040458,0.013401,0.185567,0.37393,0.017116,0.285366,-0.158988,-0.353107,0.225138,0.167187,0.052257,-0.022546,0.153629,0.287378,-0.078189,0.167117,-0.301415,0.147443,-0.125084,0.378187,0.147977,-0.392229,-0.052243,0.27378,0.01574,-0.236011,0.034596,0.089263,-0.237442,-0.126035,0.021658,0.291688,-0.047077,-0.212192,-0.153676,-0.040553,-0.194839,0.324134,0.331427,0.147215,0.184936,0.090902,-0.251979,-0.009718,0.032708,0.076206,-0.080485,0.073757,-0.166232,0.233085,0.082625,0.085051,0.086145,-0.172989,0.159742,0.109758,0.27977,0.113933,0.017848,0.25133,-0.097932,0.106113,-0.216686,-0.010728,-0.141416,-0.202297,0.102692,-0.14473,-0.121965,-0.184577,-0.393704,-0.019471,-0.356341,-0.208981,-0.259893,-0.233357,0.127565,-0.071022,-0.051226,-0.155648,-0.146124,-0.16759,-0.095777,-0.453424,0.397314,-0.298493,0.044904,0.062627,-0.23006,0.02847,-0.165292,-0.089421,-0.111083,-0.069706,-0.090862,-0.041921,-0.047811,-0.174213,-0.174872,-0.261419,-0.008027,0.257601,0.095854,-0.15254,-0.259632,-0.041496,-0.356089,-0.282205,-0.01584,0.111295,-0.288434,-0.156428,-0.366596,0.079284,-0.481485,-0.107692,0.051229,-0.017124,0.1422,-0.036609,-0.270968,-0.215899,-0.242139,-0.022764,0.010234,-0.036569,-0.020828,-0.150622,-0.226484,0.111377,-0.140434,-0.064021,-0.214739,-0.367909,-0.133432,-0.199537,-0.116652,-0.228708,0.34541,0.042086,-0.337308,0.039172,-0.275818,-0.098238,-0.21085,-0.090784,-0.121718,0.384552,0.454168,0.039992,-0.210077,0.09232,-0.08097,-0.072391,0.037315,0.009251,0.30953,0.052328,0.018243,-0.197331,-0.040827,-0.165529,0.317,0.004758,-0.244575,0.198525,-0.265285,-0.18631,0.191822,0.327793,-0.335824,0.284922,0.318322,-0.023618,-0.178014,0.207665,-0.036588,0.123689,0.12318,-0.452735,0.220018,0.168363,0.001846,0.231364,-0.046884,-0.14409,0.02085,0.315322,-0.203894,-0.06329,0.038841,#
9,0.10452,0.280117,0.178504,0.029238,0.276009,-0.098459,-0.087835,-0.224426,0.040458,1.0,0.0674,-0.143035,0.178647,-0.037978,-0.048023,-0.015037,-0.285787,0.316343,0.158492,-0.030303,0.082511,-0.016699,0.172659,0.112016,-0.097268,0.059445,-0.061352,0.105269,0.014151,0.196068,-0.041269,-0.002199,-3.3e-05,0.252606,-0.100135,0.023696,0.052816,-0.083235,-0.134678,-0.161922,0.001439,0.106784,0.107295,0.261006,0.243965,-0.316476,0.053833,0.273142,0.034603,0.154505,-0.051295,-0.011757,0.064305,0.042523,-0.075115,-0.374689,-0.201334,0.016511,-0.138654,-0.212738,0.138994,-0.080962,-0.141023,-0.187256,0.035371,0.068082,-0.07995,0.181442,-0.072368,-0.099446,0.018085,-0.244983,0.002607,-0.132411,0.126608,0.227449,-0.234152,-0.484349,0.019745,-0.132821,-0.022039,-0.104166,-0.172772,-0.077482,-0.047701,-0.017815,-0.154837,-0.142975,-0.195634,0.040308,0.08226,-0.05503,-0.308185,0.062678,-0.217124,0.115425,0.104577,-0.031976,0.226928,-0.196999,-0.17544,-0.22065,-0.150748,-0.016242,-0.204036,-0.158645,-0.228832,-0.058041,-0.166119,-0.038017,0.362583,0.129906,-0.055738,-0.327838,-0.191465,-0.107374,-0.057245,-0.167891,0.277045,-0.35435,-0.066692,0.088368,0.161988,0.05995,-0.035246,0.010872,-0.197301,-0.099662,-0.168174,0.11648,0.087722,-0.08485,0.046994,0.314511,-0.073236,0.101447,0.08288,-0.117179,0.140177,-0.183006,0.016202,0.152992,-0.083473,0.035709,0.021771,0.078647,0.1998,0.124627,-0.337204,0.152081,-0.440687,-0.072165,0.159618,0.043389,-0.16845,0.196888,0.21891,0.319741,-0.078067,0.046718,-0.236721,0.006776,-0.073825,0.170424,-0.110119,0.273409,-0.310952,-0.159843,0.099691,0.112425,0.100511,0.081457,0.015044,-0.160426,0.268994,-0.015263,-0.1555,-0.035302,-0.090848,-0.052672,0.001755,-0.076336,-0.356767,0.270813,-0.198625,0.018206,0.091137,-0.123311,-0.233718,0.228341,-0.018049,0.06713,-0.167544,0.043007,0.102015,-0.17827,-0.029536,-0.103476,0.122991,-0.077407,#
10,-0.161983,-0.335539,-0.021709,0.198404,-0.001472,0.074148,0.102129,-0.244573,0.013401,0.0674,1.0,-0.092218,-0.228214,-0.126357,0.162802,0.251987,-0.021304,-0.336077,-0.171981,-0.015073,-0.171689,0.035105,0.009146,0.082297,0.071406,0.209386,0.071656,0.03058,0.183696,-0.200639,0.206949,-0.151641,-0.164264,0.006208,0.121186,-0.028211,-0.175306,0.110593,-0.029883,0.145923,-0.231407,-0.065025,-0.152847,0.136897,0.318,0.047442,-0.23264,-0.186784,0.232607,-0.059552,0.007111,0.17051,-0.012609,-0.02941,0.058634,0.247378,0.04271,0.019728,0.046106,0.061986,0.10659,-0.13183,0.189109,-0.085512,-0.071248,-0.192359,-0.088142,-0.317162,-0.418553,0.099374,-0.078382,0.078057,0.296728,0.081767,0.084566,0.155792,-0.056528,0.002199,0.127281,-0.013537,-0.342383,0.206045,0.206864,-0.124184,0.014596,-0.099826,0.151549,-0.027368,-0.151045,-0.156805,0.000691,-0.158804,0.182558,-0.280603,0.170811,0.183531,-0.063641,0.043187,-0.257222,0.074515,0.03761,0.132819,0.233991,-0.09153,0.11379,0.109797,0.05798,-0.087068,0.160313,0.252434,-0.282317,-0.060193,-0.007208,0.028405,-0.248579,-0.049469,0.127682,0.018563,-0.179964,0.164372,0.29399,-0.041434,0.278881,0.186649,-0.015866,-0.096197,0.099427,0.298386,-0.140157,-0.128144,0.198109,-0.110698,-0.198976,-0.155435,-0.044613,0.348693,-0.077088,-0.064349,0.072544,0.036091,-0.060433,0.001372,0.03918,-0.087659,-0.04244,0.090081,-0.026416,-0.291013,0.218235,0.046554,0.215433,0.136895,-0.288237,-0.094045,-0.048896,-0.127697,-0.30055,-0.00758,0.217958,-0.011221,-0.101939,-0.043616,0.038,-0.342062,-0.313599,-0.089432,-0.019986,0.190673,0.326989,-0.262551,0.079919,-0.201479,-0.186767,0.032362,-0.025814,-0.047833,-0.072664,0.042036,-0.057116,0.156473,0.045534,0.26856,0.11314,0.269682,-0.201356,-0.068643,-0.041838,-0.089189,0.253868,-0.155011,-0.182824,0.122495,-0.118052,-0.092632,-0.050159,-0.198288,0.080389,0.199586,-0.08379,-0.02141,#
11,0.215432,0.000853,0.108931,-0.237148,0.062855,-0.093316,0.099284,-0.017217,0.185567,-0.143035,-0.092218,1.0,-0.054278,-0.29665,-0.005916,0.118984,0.096037,-0.16434,-0.322127,-0.077345,-0.390528,-0.020304,-0.023476,-0.06084,0.015429,0.098183,0.013056,-0.343025,0.052783,0.182907,-0.320178,0.074511,-0.053859,0.000359,0.134399,0.035472,-0.275308,-0.005735,-0.127059,0.048688,0.020978,-0.015187,-0.238931,-0.396027,0.033328,-0.106591,-0.103674,-0.007397,-0.130444,0.131748,-0.271474,-0.18488,-0.005693,0.067589,0.153044,-0.079864,-0.285968,-0.048213,-0.065056,0.234109,-0.12914,-0.131423,-0.115718,-0.091209,0.309662,-0.190293,-0.11836,-0.058286,-0.04617,-0.019779,0.024767,-0.185266,0.135843,-0.189142,-0.43105,-0.06513,-0.262058,-0.01575,-0.156281,-0.039579,-0.025503,-0.250938,-0.220569,0.017673,-0.206962,-0.002309,-0.12132,-0.20544,-0.009258,-0.24798,0.004033,-0.180091,-0.027273,-0.142176,-0.17901,-0.07326,-0.092306,-0.232759,-0.292876,0.091435,0.022305,-0.100554,-0.139486,-0.117605,-0.246248,-0.111863,0.144421,0.06417,-0.199535,0.215106,-0.103454,0.0373,-0.290309,0.084784,-0.096076,-0.326239,-0.151238,0.014832,-0.345031,0.137074,-0.105955,-0.264096,-0.241584,0.03147,-0.148128,-0.120709,0.010898,-0.290453,-0.042819,0.079476,-0.179378,-0.064888,-0.124477,-0.112713,-0.169731,-0.066653,0.06812,-0.331677,-0.031383,-0.172334,0.111999,0.081178,-0.036117,-0.248027,-0.391652,-0.20666,-0.132347,0.047544,-0.147821,-0.119182,-0.066736,-0.29919,0.035972,-0.121046,-0.227954,-0.291653,-0.115355,-0.005008,0.014543,-0.012022,0.099065,-0.138219,-0.058166,-0.244423,-0.143489,-0.032594,0.047222,0.094932,0.057192,-0.380548,0.223012,-0.026524,-0.054614,0.108049,0.131048,-0.297952,-0.243642,0.022669,-0.053158,-0.092298,0.260067,-0.049778,0.250476,0.190701,0.257216,0.019061,0.036256,0.063396,0.044858,0.074243,-0.028447,0.184942,0.15602,0.113844,-0.12517,0.236676,0.21941,-0.116179,-0.072934,-0.137545,#
12,0.308058,0.259876,-0.067084,-0.091085,0.230461,-0.173788,0.279943,-0.047208,0.37393,0.178647,-0.228214,-0.054278,1.0,0.1762,0.116884,-0.265451,-0.222747,0.425429,0.18764,0.162915,0.030034,0.124856,0.365593,-0.172367,-0.191512,-0.266836,0.02812,-0.175613,0.322221,0.048307,-0.451304,-0.103322,0.12477,-0.074199,-0.065624,-0.068788,0.214369,-0.188939,-0.01023,-0.214008,0.393892,0.310122,-0.007492,-0.19987,-0.081031,-0.173385,0.492155,0.372528,-0.004646,0.046232,0.119705,-0.19587,0.145823,0.050078,-0.080329,-0.038768,0.064688,-0.020817,0.018236,-0.096256,0.081353,0.186008,-0.117676,0.029075,0.179563,0.348389,0.194676,0.146041,0.222511,-0.109733,0.227064,-0.104359,-0.176235,-0.098139,-0.151096,0.277596,-0.017443,-0.301738,-0.085119,-0.338942,-0.044591,-0.313849,-0.414166,-0.173971,-0.018767,0.187359,-0.254771,0.057444,-0.052069,0.068766,-0.262042,-0.05785,-0.406587,0.268279,-0.239208,-0.051461,0.262173,-0.111007,0.134573,-0.364528,0.179345,-0.170928,-0.245432,-0.179453,-0.26776,-0.007682,-0.156832,-0.058579,-0.371515,0.014759,0.452849,-0.157315,-0.038876,-0.372383,-0.010689,-0.228458,-0.53799,0.04188,0.278504,-0.420582,-0.058203,-0.452546,0.035317,-0.306834,0.002002,0.18485,-0.431957,0.054475,-0.022716,-0.043347,-0.10703,-0.183637,-0.055065,0.088538,-0.099891,-0.134695,-0.029542,-0.009101,0.037347,-0.214067,-0.261149,-0.138313,-0.10391,-0.114211,-0.137152,-0.100514,-0.3109,0.468162,-0.197495,-0.130298,-0.217671,-0.364533,0.110987,-0.137304,-0.048093,0.162018,0.44299,0.341586,-0.107579,-0.279021,-0.084596,-0.150738,-0.175677,0.180923,0.164011,0.155785,0.040749,-0.187764,-0.233548,0.040526,-0.023025,0.193735,0.160056,-0.109985,0.220064,0.143141,0.02384,0.23634,0.254032,-0.401754,0.13014,0.114634,-0.227289,-0.324872,0.220679,-0.057865,0.431364,0.067176,-0.537232,0.339134,0.205598,0.029594,0.12516,0.03065,-0.122088,0.007625,0.242661,-0.251055,-0.106291,0.022996,#
13,0.169241,0.210316,-0.094165,-0.170395,-0.000923,0.302823,-0.034569,0.248689,0.017116,-0.037978,-0.126357,-0.29665,0.1762,1.0,0.07805,-0.064918,-0.088849,0.178217,0.297525,-0.008984,-0.023778,0.166201,0.428445,-0.06427,-0.279058,-0.350043,0.244938,0.365537,0.223783,0.007212,-0.112264,0.241532,0.222231,-0.241324,-0.026273,0.054112,-0.017447,0.031938,0.069887,-0.251054,0.051986,0.234794,0.208498,0.337723,-0.244323,-0.359863,0.205572,0.268789,-0.038244,0.112603,0.201491,0.131229,0.058526,-0.064023,-0.202739,-0.119833,0.087723,0.033599,0.079051,-0.011529,0.233945,0.179179,-0.094347,0.206972,0.15894,0.388421,0.06256,0.358178,0.265044,0.107583,-0.041949,-0.076634,0.039825,-0.129457,-0.150415,0.313739,-0.002793,-0.057692,-0.20224,-0.079136,-0.215432,-0.224345,-0.165037,0.092246,-0.032868,0.019072,0.07375,0.032016,-0.0347,-0.166369,-0.194712,-0.062196,-0.255057,0.258256,0.00945,-0.208504,0.082491,-0.035513,0.046686,-0.419698,-0.033168,-0.001934,-0.084759,-0.154322,-0.092247,-0.137575,-0.103013,-0.408255,-0.142085,-0.078167,0.305062,0.160436,-0.053357,-0.097354,-0.053778,-0.019011,-0.267586,-0.07626,0.166134,-0.110815,0.021904,-0.205785,-0.065936,-0.174768,0.102211,0.092041,-0.293488,-0.047536,-0.086755,-0.134386,-0.212556,0.109649,-0.228848,0.190868,-0.149986,-0.21896,-0.024398,-0.175432,0.086454,-0.064599,-0.252245,-0.151246,-0.162121,-0.185682,-0.142333,0.155969,-0.185307,0.126315,0.045353,-0.025423,-0.105113,-0.121991,-0.063791,-0.09808,-0.059214,0.187268,0.316057,0.257066,-0.240025,-0.045,-0.112909,-0.176972,0.007155,0.251075,0.13901,0.076785,0.163867,0.033491,-0.177612,0.167495,-0.069584,0.158567,-0.077533,-0.238094,0.180687,0.189105,0.032999,-0.124185,0.384067,-0.27345,0.055855,-0.145179,-0.255815,-0.02339,0.128176,0.05463,0.108947,-0.275765,-0.117854,0.220308,-0.001937,-0.093622,0.229809,0.137096,0.1572,0.073348,0.306204,-0.186023,-0.034999,0.078648,#
14,-0.023321,0.213458,-0.301156,-0.176287,0.102863,0.209286,0.273529,0.139195,0.285366,-0.048023,0.162802,-0.005916,0.116884,0.07805,1.0,-0.142545,0.002715,-0.032908,-0.095803,-0.041843,0.087476,0.196101,0.097365,0.124111,0.005623,0.071534,0.012749,0.194809,0.259791,-0.016349,-0.170343,0.112575,0.171279,0.006078,-0.26779,-0.069267,-0.158151,-0.135438,0.382113,0.185102,-0.188588,0.242529,-0.289767,0.009593,-0.167408,0.226724,0.138112,-0.137606,0.14995,0.17506,0.101301,-0.058906,-0.137671,-0.20822,0.13163,0.109861,-0.109258,0.096184,-0.279408,0.296581,0.122373,0.38411,-0.266355,0.400276,0.16233,0.172618,-0.022434,0.053927,0.010197,-0.191929,0.040259,-0.085498,0.259628,-0.15681,-0.36294,-0.079418,-0.018611,-0.043491,-0.101131,-0.386389,-0.21964,-0.102938,-0.084647,-0.263066,-0.38443,0.021131,-0.076883,-0.171749,-0.333927,-0.163466,-0.124452,-0.109724,-0.176434,0.067684,-0.117655,-0.08201,-0.056608,-0.086483,-0.051938,-0.21366,0.130134,-0.030456,-0.254892,-0.114597,-0.152588,0.026381,-0.230625,-0.090164,-0.19614,-0.135928,-0.117195,-0.078218,-0.230814,-0.073435,-0.300566,-0.181317,-0.225377,-0.174874,-0.160174,-0.124995,-0.159592,-0.170761,-0.176428,-0.167034,0.161867,-0.185854,0.015136,-0.019316,-0.431185,-0.239665,-0.12004,-0.391751,-0.15958,-0.065749,-0.193829,-0.009735,0.044714,-0.242754,0.131201,-0.038358,-0.135352,-0.245268,-0.395777,0.041612,-0.09081,-0.296963,-0.112998,0.053945,0.063139,-0.299803,0.011375,0.028692,-0.140697,-0.025791,-0.180886,0.025056,0.287068,0.27708,-0.309235,-0.000647,-0.069177,-0.044999,-0.03985,-0.241821,-0.209278,0.226834,-0.055744,0.125285,-0.045613,-0.113179,0.155742,0.038761,-0.066436,-0.131959,0.297315,-0.165775,-0.167565,0.039321,0.191969,-0.239006,0.162045,0.362557,0.32003,0.035327,0.05518,-0.028632,0.065362,0.09773,-0.04128,0.142852,-0.160982,0.402104,-0.033047,-0.10669,-0.181325,-0.143447,0.035677,-0.2363,-0.066,0.172139,#
15,-0.124698,-0.194761,-0.164479,-0.174883,-0.33375,0.025766,-0.097981,-0.109857,-0.158988,-0.015037,0.251987,0.118984,-0.265451,-0.064918,-0.142545,1.0,0.085171,-0.279017,0.25081,0.049638,-0.134444,0.206585,-0.162207,0.105004,-0.157756,0.019609,-0.042004,0.107195,-0.023296,-0.156984,0.019254,0.054521,-0.150279,0.147451,0.414313,0.174285,-0.142815,0.292707,-0.180019,0.059241,-0.028805,-0.133669,0.02274,-0.074148,0.15217,0.140263,-0.34108,-0.206691,0.053281,0.025024,0.12656,0.118547,-0.186091,0.063131,-0.162466,0.106391,0.126468,-0.056345,0.047681,0.06289,0.095605,-0.244265,0.206157,0.088855,0.207585,-0.280569,-0.133879,-0.10364,-0.003162,0.123367,-0.077673,0.006464,0.162319,-0.110023,0.14813,-0.076265,-0.155329,-0.032995,0.199593,0.025578,-0.213575,0.10099,0.100701,0.000203,0.156916,-0.043263,0.0199,-0.304109,-0.009928,0.139578,0.253956,-0.114873,0.229623,-0.316254,0.143436,-0.023139,-0.09623,-0.253934,-0.386131,-0.018186,0.146662,0.087268,-0.075103,0.007581,0.151909,0.174251,0.026578,-0.043562,0.026962,0.080459,-0.324465,-0.048231,0.159683,0.235208,-0.181347,-0.004259,0.154377,0.163781,-0.160344,0.296305,0.175888,0.189318,0.07313,0.213791,0.0288,-0.126592,0.225081,0.053918,-0.018964,-0.097508,-0.002673,0.176446,0.152793,0.06072,-0.07388,0.059253,-0.228026,-0.170802,-0.169468,-0.088864,0.053467,0.051141,-0.113807,0.293987,-0.140569,0.137503,-0.086373,-0.233159,-0.173001,-0.08222,0.148394,0.111725,-0.163421,0.050118,-0.07671,-0.086209,-0.491896,-0.090069,0.003493,0.022554,-0.24183,-0.014737,-0.108499,-0.180013,-0.145935,-0.059089,-0.080663,0.12581,0.085414,0.041175,0.018297,0.192925,-0.139275,0.112473,-0.146593,-0.162827,0.069148,0.081257,-0.354685,0.123082,0.150372,0.084233,0.142208,0.312424,-0.106915,0.040445,-0.023245,0.018184,0.325098,-0.1178,-0.315248,-0.015131,0.005996,0.186461,-0.136973,0.179332,0.216297,0.25924,-0.040689,-0.227362,#
16,0.10661,-0.067988,0.020334,0.075185,0.227738,-0.005047,-0.23154,-0.004014,-0.353107,-0.285787,-0.021304,0.096037,-0.222747,-0.088849,0.002715,0.085171,1.0,-0.229227,-0.238914,-0.374623,-0.309335,-0.073029,-0.25489,0.125511,-0.179358,-0.177324,-0.283294,-0.007638,-0.111746,-0.237727,0.098121,-0.030293,-0.024646,-0.133963,0.027911,-0.019495,-0.290126,0.081907,-0.048683,0.078259,-0.184365,-0.182946,0.006738,0.087855,-0.034637,0.19566,-0.157093,-0.389999,-0.094397,-0.035787,0.130628,-0.036152,-0.106524,-0.000702,0.143979,-0.07319,-0.151697,0.207362,-0.235064,0.054033,-0.081637,-0.14092,0.035298,0.054364,0.177722,-0.031615,0.136148,-0.107403,-0.177947,-0.113223,-0.379805,0.125214,0.142741,-0.183764,-0.148499,0.193982,-7.2e-05,0.006901,0.056464,0.052126,-0.295412,0.121899,0.046801,0.249667,0.013536,-0.206094,-0.087047,-0.367129,-0.001055,-0.226287,0.026517,-0.246755,0.242411,-0.499891,0.026428,-0.232008,-0.180997,0.040499,-0.368964,0.06047,0.298717,-0.106837,0.043072,-0.032767,-0.063675,-0.13409,0.193491,-0.016024,-0.086608,0.26899,-0.442025,-0.085042,-0.156541,0.09098,-0.250472,0.155162,0.11607,-0.223685,-0.365026,0.443377,-0.239166,0.219842,-0.394699,0.253954,0.162749,-0.217703,-0.078972,0.021784,-0.131198,-0.00604,-0.158802,0.110533,-0.110912,-0.235281,0.028471,-0.245603,0.227365,-0.322666,-0.564174,-0.059044,-0.086817,0.158597,0.014843,0.08871,-0.038904,-0.234861,-0.039917,-0.166175,-0.127899,0.042117,0.137025,0.223764,-0.286151,-0.117165,-0.204195,-0.33035,-0.32189,-0.102163,-0.140119,-0.128467,0.002939,-0.070748,-0.063436,-0.368845,-0.157284,-0.087437,0.011102,-0.139158,0.125763,0.027755,0.398533,-0.022686,-0.234047,0.139295,-0.319505,-0.121478,-0.240401,-0.126083,-0.192561,0.190802,0.011309,-0.066963,0.655955,0.084948,0.105477,-0.141793,0.056923,0.203403,0.396535,-0.129982,-0.114248,0.236271,0.13767,0.283459,-0.06864,0.251184,-0.101667,0.011301,-0.390804,0.187214,#
17,0.189299,0.347208,-0.028025,-0.038285,0.090642,-0.061698,0.019103,0.058233,0.225138,0.316343,-0.336077,-0.16434,0.425429,0.178217,-0.032908,-0.279017,-0.229227,1.0,0.205684,0.159806,0.25663,-0.009733,0.351993,0.016617,0.093314,-0.165827,0.151666,0.143418,0.029838,0.087149,-0.189857,-0.064445,0.223233,0.233803,-0.129993,-0.205085,0.219225,-0.209746,-0.014825,-0.227251,0.062545,0.22062,0.395522,-0.054747,-0.052439,-0.340797,0.402036,0.17668,-0.003993,-0.075558,0.267383,0.005343,-0.105687,0.002233,-0.030639,-0.213029,-0.063894,-0.132974,0.126375,-0.180491,-0.018347,0.207654,-0.275506,-0.049864,-0.042879,0.328472,0.116727,0.250665,0.282327,0.017872,0.052192,-0.020583,-0.390102,0.026471,0.096447,0.158442,-0.095453,-0.195664,-0.080179,-0.191926,0.136431,-0.181222,-0.234774,0.004742,-0.064151,0.236075,-0.228305,0.167757,0.17511,-0.024577,0.072857,-0.02576,-0.289005,0.396844,-0.068139,-0.038246,0.180511,0.110815,0.118806,-0.325136,-0.216156,-0.269757,-0.151677,0.151576,-0.050479,-0.016905,-0.25955,-0.115589,-0.29068,-0.12076,0.406723,0.147537,0.210331,-0.160593,0.071348,-0.004802,-0.352774,-0.099303,0.306461,-0.415206,-0.242065,-0.182368,-0.04535,-0.264809,-0.12947,0.217016,-0.019258,-0.056614,0.027225,-0.137662,0.014167,-0.141546,0.174382,-0.040815,0.008164,-0.14915,-0.0046,0.077057,0.254066,-0.177095,-0.102879,-0.054201,-0.048917,-0.15799,-0.073967,0.100057,0.03876,0.293717,-0.175743,0.034967,-0.311349,-0.134994,0.166828,0.041966,-0.118775,0.164219,0.576753,0.196854,-0.328794,0.07124,-0.00553,0.097788,0.149393,0.491387,0.089476,0.385044,0.076922,-0.110105,-0.434834,0.100504,-0.112583,0.282624,0.080586,-0.155284,0.016019,0.02446,0.061492,0.12588,0.304888,-0.146848,-0.102064,-0.128969,-0.359451,-0.241115,0.120135,0.069193,0.165954,0.149505,-0.453176,0.293954,-0.02028,-0.009148,-0.026473,-0.030955,0.086944,-0.034072,-0.049132,-0.231144,0.122613,-0.131296,#
18,0.172636,0.257367,-0.084067,0.004026,-0.036463,-0.098006,0.008839,-0.09357,0.167187,0.158492,-0.171981,-0.322127,0.18764,0.297525,-0.095803,0.25081,-0.238914,0.205684,1.0,-0.045224,0.324834,0.007643,0.003629,-0.012434,-0.270626,-0.264481,0.029791,0.15148,0.106811,0.039568,-0.03114,-0.068866,0.040582,0.089044,-0.059556,0.032953,0.221534,0.213125,-0.227383,-0.153849,0.218262,-0.260764,0.08947,0.051241,-0.197433,-0.256266,0.140241,-0.029813,0.214495,-0.062592,-0.029715,0.178383,-0.071423,0.028758,-0.052663,-0.192269,0.017191,-0.20102,0.031654,-0.313127,0.103014,0.091059,0.049525,-0.026529,-0.05211,0.101053,0.1526,-0.041026,0.051941,0.163452,-0.185836,-0.03708,-0.025724,-0.03418,0.191271,-0.095745,-0.110994,-0.186432,0.233033,-0.083958,-0.010704,0.010005,0.050369,0.04755,0.071503,-0.001204,0.024484,0.060115,0.032132,0.387375,0.31675,0.022177,-0.228743,0.110513,-0.004461,-0.003274,0.036102,-0.082098,0.052149,-0.078238,0.020348,-0.034575,-0.108344,0.053545,-0.17641,0.180873,-0.329339,-0.028517,-0.041182,-0.046699,0.153115,0.071536,0.22606,0.006149,-0.023969,-0.055279,0.072643,0.191063,0.380904,-0.203849,0.018491,0.172623,0.15591,0.01148,-0.043659,0.189786,-0.014848,0.109913,0.124378,0.003141,0.081453,0.087249,0.079024,0.176075,-0.07603,0.019272,-0.219321,-0.033611,-0.049843,-0.007587,0.014172,-0.130909,-0.328485,0.216052,0.229737,0.243147,0.164093,0.187972,-0.119987,-0.063115,-0.092418,-0.084677,0.159498,0.049272,0.092859,0.079536,0.067593,0.281354,0.01352,-0.05206,-0.2545,0.0483,-0.149384,0.06668,0.212464,0.058673,-0.020313,-0.134651,-0.111321,0.366859,-0.357631,0.286364,0.084726,0.013195,-0.018119,0.213865,0.091281,0.133962,0.053358,-0.234725,-0.009747,-0.003757,-0.153895,-0.166049,0.08936,0.03145,0.115326,0.060566,-0.147664,0.036471,-0.127475,-0.109658,0.12119,0.172107,-0.084224,-0.057853,0.121495,-0.136711,0.022232,-0.099989,#
19,-0.263474,-0.170156,-0.17556,-0.002962,-0.206727,0.141714,0.143709,-0.003437,0.052257,-0.030303,-0.015073,-0.077345,0.162915,-0.008984,-0.041843,0.049638,-0.374623,0.159806,-0.045224,1.0,0.118842,0.276161,0.03422,-0.082905,0.2047,-0.069038,0.238313,-0.078009,-0.187223,-0.106576,-0.012194,0.021404,0.224232,0.157272,0.130483,-0.240608,0.03901,0.20987,-0.0402,0.013551,0.353541,0.261503,-0.116151,-0.274202,0.109683,0.041692,0.167768,0.24587,0.25992,-0.082354,0.133236,-0.009184,-0.197537,-0.046437,-0.252214,0.284896,0.125797,-0.042338,0.250925,-0.041682,0.004115,-0.004302,0.086585,-0.008579,-0.006309,0.057055,0.119105,0.239775,0.17585,0.134024,0.206165,-0.031914,0.033476,0.194562,0.27142,-0.226677,0.274843,0.180161,0.142879,0.09156,0.244542,0.217363,0.141677,-0.463897,0.328994,0.24456,-0.029127,0.339001,0.125205,0.203827,0.121273,0.113309,-0.054942,0.219968,0.27005,0.286944,0.34069,0.152653,0.179277,0.045787,-0.04573,0.152789,0.064977,0.181773,0.267366,0.154225,-0.03219,0.087897,0.155938,-0.129654,0.398995,-0.239506,0.195684,-0.116344,0.198829,0.134309,0.064648,0.202943,0.164439,-0.090051,0.213989,0.027868,0.282275,-0.130009,-0.039419,0.388421,0.047448,0.110348,0.201497,0.216544,0.033082,0.154932,0.082622,-0.014369,0.233158,0.118642,-0.239476,0.356244,0.054312,0.210096,0.310118,-0.157619,0.082592,-0.064296,-0.121573,0.075569,-0.06686,-0.0385,0.216557,-0.002141,0.157513,-0.047529,0.337921,0.387311,0.236383,0.488775,0.228561,-0.357422,0.39253,0.233641,0.050448,0.009127,0.072645,0.460589,0.136261,0.133649,0.37067,0.254219,-0.368799,0.172438,-0.320466,-0.13912,0.319635,0.068612,-0.079451,0.319078,0.3946,-0.091662,0.062457,0.088981,-0.150805,0.061852,-0.359721,-0.184501,-0.17555,-0.010593,0.083145,0.097413,-0.299652,-0.093653,-0.009287,-0.207855,-0.088588,-0.37999,0.013543,-0.194538,-0.056948,0.189855,0.134217,-0.028984,#
20,-0.243492,0.108777,-0.076247,0.096506,-0.13691,-0.059837,0.038696,0.159508,-0.022546,0.082511,-0.171689,-0.390528,0.030034,-0.023778,0.087476,-0.134444,-0.309335,0.25663,0.324834,0.118842,1.0,-0.077712,-0.258969,0.023909,0.049728,0.149323,-0.043135,0.008411,-0.044093,0.184036,-0.007441,-0.23174,0.047467,0.177442,-0.121432,-0.028466,0.024535,-0.044776,0.114137,-0.027024,-0.073127,-0.118384,0.064589,0.053149,0.0206,0.14345,-0.011963,-0.044246,0.043933,-0.219866,-0.063571,0.054246,-0.223715,0.159172,-0.159482,0.084088,0.138382,-0.135775,0.049059,-0.056585,0.053091,0.258137,-0.052087,-0.125329,-0.182898,0.053713,-0.139777,0.202914,0.018203,-0.18013,-0.079804,0.180382,-0.133303,0.24482,0.319205,-0.009192,0.196733,0.122667,0.08831,-0.060054,0.230763,0.007886,0.182274,-0.235607,0.025425,-0.018588,0.098684,0.316409,0.111293,0.298031,0.274087,0.12526,0.129241,0.168914,-0.097635,0.177768,0.252421,0.075994,0.134359,0.190737,-0.156817,0.037678,0.051823,0.100351,-0.019065,0.064751,-0.196142,0.119723,0.108927,-0.424719,0.19776,-0.039492,0.070641,-0.001421,0.256565,0.228602,0.12841,0.267847,-0.057165,-0.04795,0.115921,0.374348,0.157908,-0.011384,0.134587,0.081728,0.259772,0.09276,0.063359,0.263529,0.264241,-0.106775,0.16894,-0.056082,0.173421,0.273886,-0.190547,0.292677,0.106956,0.219929,0.07588,-0.105018,-0.042258,0.142572,0.472993,0.018819,0.367326,0.075434,0.146168,-0.049425,-0.03648,0.196942,0.404005,0.114948,0.188999,0.274509,0.21145,-0.02151,0.018984,0.022349,0.031621,0.071933,0.150195,0.119651,-0.022764,0.187795,-0.064555,-0.206842,-0.043189,0.265782,-0.27428,-0.071954,-0.038313,0.146646,0.029034,0.139297,0.093987,0.075942,0.047934,-0.045284,-0.095756,-0.013399,-0.102306,-0.002342,-0.013746,0.041045,0.025047,0.154289,-0.002055,-0.020609,0.151008,0.120432,-0.310986,-0.252109,-0.038424,-0.06372,-0.253414,-0.056773,0.248068,0.048365,#
