0,1.0,0.414805,-0.11051,-0.182374,0.318195,0.188708,0.079779,0.238688,0.00162,0.263558,-0.096241,0.119155,0.429512,0.275857,0.110931,-0.087825,0.10562,0.197575,-0.035284,-0.144995,-0.050415,0.382242,0.251707,0.032705,-0.248215,-0.214051,0.134941,-0.156561,0.26836,0.301786,-0.026743,0.116643,0.202513,-0.180811,-0.079164,0.098905,-0.15814,-0.148988,-0.053945,-0.077819,-0.095524,0.011752,-0.070584,0.143933,-0.099182,-0.311859,0.189098,0.229148,-0.227733,-0.146987,-0.030053,-0.269145,-0.05039,-0.158059,0.037483,-0.075385,-0.046849,-0.096323,0.240735,0.308518,0.344559,-0.021981,-0.378477,-0.08335,0.140448,0.287669,-0.034952,0.270568,0.207972,-0.13888,-0.075097,-0.033663,-0.351099,-0.230139,-0.461938,0.328205,-0.120965,-0.246035,-0.41808,-0.199401,-0.088928,-0.288798,-0.161648,0.038711,-0.194462,-0.077791,-0.02885,-0.115216,-0.114968,-0.393507,-0.252146,-0.5064,-0.34833,0.141918,-0.062552,-0.181995,0.053149,-0.303995,-0.169743,-0.214139,0.101722,-0.258191,-0.181128,0.006062,-0.208384,-0.180737,-0.267993,-0.181632,-0.424112,-0.144828,0.188207,0.135295,-0.282655,-0.197927,-0.313778,-0.018083,-0.407173,-0.348767,0.14947,-0.352089,-0.387439,-0.306359,-0.075387,-0.272918,-0.13569,0.018249,-0.052303,-0.092328,-0.026242,-0.16336,-0.340444,-0.154358,-0.201935,-0.011022,-0.380048,-0.127554,0.13059,-0.414417,0.133124,-0.234063,-0.051788,-0.244534,-0.417655,0.012313,-0.139898,-0.153871,-0.171642,0.296505,-0.367878,-0.447213,-0.132067,-0.38797,-0.129409,-0.206853,-0.156815,-0.232682,0.317069,0.449092,-0.319904,-0.28575,-0.258488,-0.186075,-0.084526,-0.271433,-0.157552,0.391975,-0.328094,-0.230454,-0.27543,-0.153528,0.113273,0.151767,-0.365577,-0.166405,0.325967,-0.60231,-0.27471,0.223212,0.314265,-0.287192,0.127125,-0.046162,-0.062692,0.12338,0.387304,-0.279585,0.310907,0.015331,-0.205828,0.424342,0.120144,0.232394,0.34726,0.198734,-0.065187,0.246028,0.044871,-0.331333,-0.013834,0.306558,#
1,0.414805,1.0,0.221652,-0.208469,0.146828,0.099786,0.39118,0.156464,0.27215,0.215649,-0.267426,-0.204947,0.299661,0.268752,0.358678,-0.237791,0.037452,0.365715,0.179308,-0.141042,-0.044695,0.139113,0.336006,-0.022021,-0.23121,-0.292288,0.29374,0.022887,0.200795,0.341903,-0.491985,0.01235,0.247186,-0.087929,-0.044198,0.215936,0.04396,-0.17423,0.01197,-0.013597,-0.19629,0.168353,-0.014012,0.28591,0.237742,-0.42338,0.262067,0.118747,0.022379,0.26213,0.109746,-0.376561,0.004108,-0.224307,0.137201,-0.347691,-0.140706,-0.230352,-0.15958,0.024012,0.160817,0.1554,-0.356961,0.182851,0.015774,0.328959,-0.165985,0.315366,0.283508,-0.048488,-0.098215,-0.133277,-0.194196,-0.488475,-0.367786,0.447422,-0.240753,-0.438499,-0.338657,-0.360946,-0.287824,-0.458422,-0.408934,0.048062,-0.379593,-0.078355,-0.2917,-0.320754,-0.273436,-0.297635,-0.329685,-0.17935,-0.579322,-0.053087,-0.266328,-0.187033,0.171984,-0.242115,-0.028038,-0.129873,-0.131421,-0.329049,-0.445666,-0.155656,-0.460301,-0.336025,-0.441322,-0.116495,-0.577434,-0.207668,0.243893,0.402864,-0.248396,-0.434446,-0.185628,-0.17019,-0.38538,-0.639667,-0.003064,-0.539875,-0.383428,-0.317701,-0.443816,-0.346887,-0.126584,-0.189596,-0.1892,-0.000719,-0.167391,-0.149608,-0.276737,-0.462662,-0.393378,0.037484,-0.247025,-0.284494,0.23061,-0.231292,0.11211,-0.453525,-0.368882,-0.093933,-0.500505,-0.187537,-0.183283,-0.211485,-0.245377,0.434069,-0.23985,-0.3444,-0.257223,-0.481094,-0.058833,-0.275117,-0.43666,-0.311285,0.369169,0.530328,-0.36352,-0.13455,0.066225,-0.128193,0.235398,0.010065,-0.331231,0.39866,-0.294822,0.070008,-0.227136,0.003414,0.057011,0.036328,-0.203246,-0.42532,0.410485,-0.152437,-0.267256,0.415288,0.544686,-0.518091,0.222194,0.213135,-0.150832,0.110407,0.294543,-0.123017,0.239441,-0.057825,-0.40062,0.513096,0.143685,0.504783,0.345304,0.365329,-0.170929,0.168497,0.178949,-0.282035,-0.050933,0.190249,#
2,-0.11051,0.221652,1.0,0.312917,0.007913,-0.162573,0.032687,-0.07504,0.161818,-0.11507,-0.022098,-0.025844,-0.200242,-0.06937,-0.018229,-0.161385,-0.130021,0.099969,-0.037656,0.119714,-0.075981,-0.148377,0.250778,-0.091486,-0.019619,-0.074572,0.383409,0.086456,-0.094805,0.085432,0.008279,0.281055,-0.068986,-0.008699,0.118855,0.119821,0.316276,-0.213407,-0.019816,0.012955,0.013684,0.174173,-0.073256,0.086222,0.072681,-0.247136,0.001647,0.24768,0.097433,0.005586,-0.20251,0.108767,0.077457,-0.005002,-0.209842,-0.12004,-0.219906,-0.225329,-0.40107,-0.15637,-0.198132,-0.281745,0.01316,0.092059,-0.110044,-0.067187,-0.051439,0.033391,-0.024567,0.383215,0.265118,0.269536,0.059531,-0.028992,0.038605,0.008446,-0.128776,-0.423321,-0.023385,-0.129591,0.173531,-0.083734,0.042914,0.187417,0.011987,0.213209,-0.078789,0.032676,-0.062313,0.040064,-0.005588,0.081093,-0.170804,0.041803,-0.10072,0.066695,0.28777,-0.036283,0.079298,-0.113899,-0.100089,0.050287,0.018721,-0.049029,-0.050243,-0.151699,-0.087571,0.217084,-0.16611,0.256674,0.351546,-0.10413,-0.068729,0.066382,0.425546,-0.199014,-0.075011,-0.285921,0.054221,-0.111592,-0.047904,-0.185786,0.006028,-0.053875,-0.006399,-0.265195,-0.21819,0.078309,0.002812,-0.113087,0.430023,-0.315146,-0.209783,-0.101094,0.103709,0.16816,0.156019,0.295553,0.221832,0.06532,0.092992,0.167191,-0.045949,-0.293362,-0.176053,0.295088,-0.053467,0.02463,0.110382,0.092559,-0.146414,-0.134483,0.189149,-0.109937,-0.001254,-0.061853,-0.01744,0.165917,0.147781,0.016905,0.029699,0.019214,0.129176,-0.077874,-0.193947,-0.152836,-0.181645,0.009703,0.122519,0.165573,-0.021242,-0.08413,-0.085963,-0.086228,-0.082636,0.193597,-0.033782,0.113916,0.128743,-0.286481,0.120328,-0.215025,-0.242671,0.165856,-0.045034,-0.008457,-0.218195,0.018249,-0.159017,0.046934,0.304021,0.151963,-0.000147,0.203774,-0.081742,-0.007778,0.073115,-0.030276,0.117238,-0.042643,#
3,-0.182374,-0.208469,0.312917,1.0,-0.167695,-0.233033,-0.321295,-0.342117,-0.291836,-0.164166,0.123605,-0.001378,-0.157573,-0.211316,-0.214373,-0.186154,-0.092228,-0.071299,-0.134665,0.28053,0.237861,-0.201221,-0.092252,-0.027786,0.184307,0.140147,-0.048736,0.128222,-0.081514,-0.167104,0.454176,0.005411,-0.271851,-0.017863,0.034577,-0.374149,0.095957,0.119437,-0.03776,0.103894,0.137905,0.165049,-0.17484,-0.15595,-0.095945,0.276173,-0.074228,-0.064725,0.204865,-0.187105,4.4e-05,0.452411,0.103893,0.155299,-0.122251,-0.02512,0.081989,0.09155,-0.114453,0.174775,-0.290435,-0.067221,0.059855,-0.202408,0.061875,-0.314208,0.104569,0.157514,-0.130419,-0.014372,0.164182,0.232193,0.219434,0.314182,0.082703,-0.383588,0.110191,0.055247,0.184118,0.148462,0.337673,0.46461,0.299922,0.181393,0.198698,-0.041301,0.22057,0.266295,0.085774,0.113269,0.279667,0.232159,0.471287,-0.174058,0.294057,0.236992,0.003141,-0.055497,0.05734,0.258743,0.078088,0.215534,0.335571,0.022825,0.248527,0.322309,0.097228,0.211944,0.302451,0.348428,-0.152983,-0.176865,0.171778,0.380013,0.209715,0.073147,0.33796,0.118864,-0.01449,0.176933,0.180113,0.122526,0.342182,0.089059,0.028739,0.050954,-0.050968,-0.038022,0.184748,0.282582,0.433118,0.045258,0.121856,0.144869,0.342986,0.383964,-0.027929,0.376139,0.307752,0.40691,0.28674,0.156916,0.245707,0.130686,0.321932,0.357303,0.216179,-0.312333,0.259069,0.362339,0.102326,0.15423,0.176088,0.212235,0.236104,0.140017,-0.30143,-0.198589,0.178754,0.200148,-0.291625,-0.004217,-0.007623,-0.03057,-0.033956,-0.360337,0.063514,-0.061284,0.187275,0.152071,-0.255707,-0.113566,0.26881,0.038169,-0.405044,0.204343,0.157781,0.021485,-0.399904,0.180335,-0.337125,-0.19003,-0.178871,-0.11404,-0.108962,0.065869,-0.100658,0.14421,0.331187,-0.3199,0.14458,-0.166144,-0.163169,-0.19193,-0.076943,-0.081578,-0.368125,0.265868,0.105404,-0.215604,#
4,0.318195,0.146828,0.007913,-0.167695,1.0,-0.048307,0.084692,0.031708,-0.090566,-0.003345,0.058175,0.127811,0.163487,0.01012,0.300399,0.006067,0.09201,0.04884,0.039238,-0.012695,-0.053907,-0.099375,0.056567,-0.145208,-0.077559,-0.144964,-0.186744,-0.191641,0.19868,-0.021678,-0.164352,-0.179699,0.032969,-0.231828,-0.203193,0.179241,-0.240664,-0.287852,-0.090418,0.139994,-0.118864,-0.104828,-0.192081,0.070244,-0.111999,-0.071562,0.019737,0.205666,-0.152788,0.104929,0.310935,-0.199793,0.005198,-0.142102,0.068558,0.008934,-0.389651,0.056292,-0.017854,-0.147215,0.026422,0.136614,-0.124727,0.100266,0.002105,0.298789,0.080783,-0.091881,0.025863,0.066985,-0.248515,0.043136,-0.095017,0.047024,-0.170648,0.379128,-0.03426,-0.399477,-0.218671,-0.321592,-0.173984,-0.24527,-0.258938,0.007513,-0.080957,-0.185406,-0.000751,-0.204668,-0.294159,-0.087712,-0.123854,-0.230273,-0.137108,-0.189655,-0.138318,-0.027571,0.143261,-0.207907,0.013686,0.142255,0.230672,-0.193209,-0.250518,-0.091907,-0.251877,-0.145942,-0.158724,-0.074051,-0.060369,-0.024835,0.035981,-0.307128,-0.205835,-0.225455,-0.149406,-0.107865,-0.318131,-0.105236,-0.011177,-0.112193,-0.331713,-0.085038,0.012332,-0.030598,-0.077402,-0.305568,-0.01556,-0.11352,-0.182216,-0.093028,-0.086749,-0.23425,-0.358835,-0.152685,-0.21388,-0.208788,0.224312,-0.184994,-0.220324,0.025864,-0.054298,-0.173881,-0.02785,-0.052143,-0.138545,-0.050023,-0.075472,0.051361,-0.279683,-0.388627,-0.218264,-0.138333,-0.408297,-0.123021,-0.312782,-0.068915,0.280534,0.330289,-0.054494,-0.24991,-0.180884,-0.1497,0.024598,-0.112578,-0.315818,0.203478,-0.13042,0.11095,-0.089313,-0.008993,0.103736,0.09765,0.01474,-0.107521,0.139175,-0.233222,-0.277403,-0.125703,0.264172,-0.013346,0.201353,-0.075545,0.285112,0.154475,0.171126,-0.364696,0.130697,-0.119297,-0.200191,0.099736,-0.110932,0.221406,0.059677,0.005772,0.123387,-0.287632,0.2241,-0.155824,-0.355217,0.315587,#
5,0.188708,0.099786,-0.162573,-0.233033,-0.048307,1.0,0.148492,0.205469,0.002915,-0.029719,0.250154,0.057212,-0.020313,-0.084457,-0.069401,0.066373,0.215728,0.030754,-0.295971,0.144184,-0.121511,0.416114,0.111796,-0.078938,0.020623,-0.365014,0.06575,0.000752,-0.113002,-0.317755,-0.175044,0.160219,0.008105,-0.056952,-0.06463,-0.033439,-0.179236,0.026364,-0.066533,-0.288764,-0.091344,0.207256,0.132249,0.163921,0.299031,-0.084314,0.067293,0.240002,0.077193,0.046421,0.059488,-0.053521,0.051071,-0.166091,0.001911,-0.086306,0.230764,-0.247462,0.225363,-0.087086,0.143291,-0.093323,-0.180168,0.107409,-0.002538,0.063993,-0.255825,-0.004615,0.206008,0.116829,0.048025,0.223663,-0.054966,-0.127723,-0.251032,0.166905,-0.148443,0.075329,-0.292758,-0.160833,0.305489,-0.256316,-0.02039,-0.305281,-0.018955,0.148407,-0.096917,-0.30278,0.032241,-0.336242,-0.047995,-0.100965,-0.131275,0.056753,0.073954,-0.045593,0.024758,0.030009,-0.101946,-0.106777,-0.102857,-0.009039,0.060877,0.006263,-0.009071,-0.220174,-0.07244,-0.312004,-0.298278,-0.231808,0.120817,0.102541,-0.071973,-0.213583,-0.174074,-0.23702,-0.471605,0.097645,-0.045344,-0.082421,-0.097661,-0.213238,0.210575,-0.247443,-0.04512,0.169708,0.050108,0.07258,0.141322,0.21853,-0.200654,0.035441,0.021211,-0.222928,-0.070463,-0.030675,-0.075626,-0.265907,0.026439,-0.366548,-0.217636,-0.224346,-0.33672,0.073286,0.066484,0.109439,-0.238191,-0.009115,-0.058994,-0.144356,0.025701,0.043279,-0.168495,0.066714,-0.009494,-0.046853,-0.061701,0.08154,-0.209302,-0.008888,0.096323,-0.09251,-0.001171,0.222967,-0.059188,0.298191,0.078599,0.032601,-0.12512,-0.16831,0.085718,0.03324,-0.22957,0.206013,-0.011737,-0.189824,-0.014604,0.168486,0.099805,0.003246,0.11991,0.10018,0.039626,-0.0036,-0.136039,-0.069583,-0.009906,0.121766,-0.175505,-0.07393,0.033883,-0.068483,0.141859,-0.133145,0.105207,0.168696,0.016412,-0.017024,-0.011971,0.102028,#
6,0.079779,0.39118,0.032687,-0.321295,0.084692,0.148492,1.0,0.25111,0.48554,0.213805,0.034484,-0.114594,0.261969,-0.089027,0.392594,-0.0608,-0.131093,0.009974,0.102631,-0.078438,-0.188623,0.184002,0.071555,-0.027295,-0.118992,-0.216943,0.204581,-0.112087,0.169302,0.1036,-0.573112,-0.096417,0.169029,0.016617,-0.145895,0.199962,-0.137971,-0.090466,0.103616,0.054786,-0.117303,0.270102,-0.166083,-0.100901,0.002675,-0.196297,0.265287,0.187298,0.062773,0.185417,-0.116922,-0.320141,-0.14552,-0.193541,-0.068567,-0.045893,0.111698,-0.126139,-0.156015,0.056137,0.080257,-0.039411,-0.137825,0.30195,0.222029,0.264812,0.093553,-0.077663,0.298676,-0.156117,0.124069,-0.120702,-0.153374,-0.439852,-0.225569,0.378963,0.00361,-0.239801,-0.112169,-0.133766,-0.18899,-0.41741,-0.392509,-0.260084,-0.268801,0.274187,-0.097078,-0.072451,-0.29564,-0.299401,-0.370391,-0.098929,-0.430476,0.170158,-0.119812,-0.210251,0.148653,0.124504,-0.000571,-0.152449,-0.09617,-0.15613,-0.009708,0.094619,-0.234044,-0.431286,-0.301549,-0.108217,-0.339429,-0.223007,0.166952,0.325191,-0.242676,-0.516704,-0.150858,-0.115511,-0.196036,-0.279598,-0.165724,-0.213138,-0.211418,-0.194563,-0.344609,-0.35228,-0.134118,-0.010642,0.020336,0.430042,-0.158312,-0.077671,-0.296983,-0.677933,-0.470361,0.075676,-0.063855,-0.142664,-0.115371,-0.072594,-0.154145,-0.324817,-0.094685,-0.082676,-0.253577,-0.126017,-0.109626,-0.199796,-0.288983,0.615363,-0.082977,-0.277398,-0.002721,-0.213804,-0.037253,-0.403046,-0.26501,-0.007615,0.329821,0.292235,-0.239506,-0.227212,0.349036,0.155815,0.356639,0.082824,-0.012778,0.28495,-0.043028,0.099597,-0.30702,0.103179,0.216863,-0.011785,-0.196108,-0.177672,0.174832,-0.01438,-0.056508,0.15486,0.3859,-0.153678,0.316618,0.207318,0.099248,0.130633,0.307928,-0.052427,0.206676,0.049757,-0.442626,0.271491,0.153543,0.334578,0.036403,0.150857,0.050882,-0.006436,0.051239,-0.055512,-0.088923,-0.114955,#
7,0.238688,0.156464,-0.07504,-0.342117,0.031708,0.205469,0.25111,1.0,0.222719,-0.024404,-0.054036,-0.076947,0.113972,0.168707,-0.013766,0.169609,-0.117716,-0.102495,-0.072436,-0.045732,0.072682,0.192104,-0.014308,0.289238,-0.032615,-0.054428,0.168552,-0.076711,0.183621,-0.027041,-0.223647,0.050135,0.284555,0.017248,-0.109798,-0.006414,-0.082796,-0.210334,0.327314,-0.182418,-0.179189,0.138203,-0.106426,0.074387,-0.177366,-0.105658,0.156438,0.085274,-0.025448,0.006819,-0.194438,-0.120946,-0.033975,0.107985,-0.152057,0.012981,0.200673,-0.231129,0.050265,0.18805,0.191493,-0.016937,-0.281358,0.192207,-0.025965,0.163449,-0.044981,0.089087,0.217047,-0.062924,0.098777,0.017253,-0.260143,-0.00733,-0.159411,0.297652,-0.014545,0.054316,-0.278394,0.026124,-0.06696,-0.158851,0.045631,-0.059698,-0.137202,0.220364,0.108269,0.020547,-0.067485,-0.180127,-0.290974,-0.115455,-0.299611,0.205173,-0.19382,0.020944,0.268074,0.089137,0.055533,-0.255078,-0.007313,-0.11956,0.035007,-0.011253,-0.012162,-0.142877,-0.11458,-0.039734,-0.28093,-0.412067,0.147591,0.152642,-0.165895,-0.138637,-0.012353,0.054199,-0.098755,-0.00418,-0.207468,0.023731,-0.088217,-0.256533,0.109384,-0.193312,0.096938,-0.017895,-0.057638,-0.06032,-0.093679,-0.116449,-0.311261,-0.173595,-9.8e-05,-0.103589,0.002559,0.017758,0.258071,-0.034939,-0.094697,-0.28169,0.008082,0.056632,-0.184264,0.151266,-0.119478,-0.120838,-0.201618,0.161325,-0.071981,-0.230995,-0.077608,0.063895,-0.17345,-0.075563,-0.110433,0.065415,0.376623,-0.010183,-0.07634,0.070921,0.027265,0.195673,-0.075208,-0.160228,-0.001362,0.054818,0.08597,-0.288784,-0.350079,0.028018,0.095444,0.029015,-0.322479,-0.060013,0.159703,-0.027912,0.109315,-0.005226,0.159826,-0.103011,0.229062,0.196408,0.155292,0.103378,0.127252,0.157556,0.059578,-0.15229,-0.091911,0.18132,0.149387,0.061366,0.080924,-0.205444,-0.175574,0.124623,0.108207,-0.271219,-0.092245,0.184445,#
8,0.00162,0.27215,0.161818,-0.291836,-0.090566,0.002915,0.48554,0.222719,1.0,0.13155,-0.243482,-0.090828,0.32643,0.151374,0.131864,-0.358207,-0.124969,0.271524,0.205699,-0.049093,0.040755,0.09434,0.167157,0.076655,0.137382,-0.163677,0.366931,-0.021911,0.074948,0.24809,-0.331172,0.075937,0.161942,-0.078923,-0.098147,0.142121,0.156452,-0.236789,-0.077915,-0.0159,0.251244,0.044765,0.066352,0.037858,0.187136,-0.398472,0.16671,0.148531,-0.014537,0.10894,-0.103499,-0.319351,0.032108,-0.014089,-0.390947,-0.039337,0.097125,-0.208472,0.179244,0.003988,0.00129,-0.151205,-0.067923,0.18628,0.22895,0.330686,0.037142,0.010044,0.10653,-0.041324,0.210698,0.023426,-0.183841,-0.141291,0.033769,0.196798,0.037227,-0.107368,0.001292,-0.204634,-0.002368,-0.277578,-0.226652,-0.245067,-0.104159,0.259672,-0.125482,0.048517,0.111372,-0.132988,-0.267418,0.09397,-0.496597,0.284635,-0.10555,-0.104125,0.310957,0.126859,0.001424,-0.103448,-0.096094,0.098672,0.08817,0.160655,-0.13115,-0.242279,-0.112985,-0.135776,-0.086821,-0.112953,0.425848,0.358986,-0.046966,-0.330738,0.031667,-0.071305,-0.122059,-0.149237,-0.025585,-0.173817,-0.124014,-0.175188,-0.24769,-0.247084,0.010625,0.087815,-0.009582,0.150248,-0.101003,-0.125599,-0.172497,-0.377953,-0.148813,-0.038427,0.060553,-0.082682,-0.046497,-0.055593,-0.117378,-0.17211,-0.102885,-0.129375,-0.142494,-0.345115,-0.25924,-0.095678,-0.33847,0.346576,0.040035,-0.162546,0.008891,-0.266064,0.124494,-0.352045,-0.074327,0.038958,0.419119,0.296698,0.050528,-0.153635,0.194123,0.128324,0.198782,-0.108539,0.310873,0.195822,-0.010077,0.066633,-0.303069,0.018011,-0.174983,0.231943,-0.181521,-0.044636,0.175887,0.191433,-0.075971,0.195007,0.502479,-0.408406,0.190493,0.130162,-0.11708,-0.03421,0.059531,0.029012,0.319429,0.039552,-0.388642,0.276078,0.258955,0.041727,0.109246,0.121936,-0.074917,0.24951,0.19513,-0.076376,0.068702,0.008024,#
9,0.263558,0.215649,-0.11507,-0.164166,-0.003345,-0.029719,0.213805,-0.024404,0.13155,1.0,-0.208097,0.075896,0.331521,0.173481,0.219928,-0.02626,-0.18744,0.054647,0.143008,-0.159113,-0.155395,0.169631,0.22221,-0.006257,-0.18293,-0.07864,0.285355,-0.049023,0.101243,0.419013,-0.156338,-0.109333,0.022758,-0.033466,-0.153794,0.141959,-0.272428,-0.123158,0.017975,-0.116787,-0.098594,0.03223,0.051414,-0.119157,-0.04457,-0.449927,0.216145,0.102564,-0.375643,0.10859,-0.23133,-0.151439,-0.043879,-0.206599,0.139682,-0.265071,-0.046372,-0.106027,-0.098402,-0.139989,0.212385,-0.135695,-0.252495,0.069309,0.128296,0.148212,-0.189533,0.139256,0.035163,-0.29338,-0.153855,-0.307578,-0.162248,-0.410498,-0.014462,0.219328,-0.003261,-0.313676,-0.050113,-0.050376,-0.285774,-0.342533,-0.294239,-0.09213,-0.030862,-0.0769,-0.300163,-0.168628,-0.136341,-0.050969,-0.224182,-0.113196,-0.269442,0.043532,0.025608,-0.084042,0.040879,0.26474,0.076135,-0.051225,-0.166171,-0.211514,-0.274571,0.013056,-0.208848,-0.077911,-0.4896,-0.034371,-0.177727,-0.204101,0.041237,0.276248,0.040904,-0.370542,-0.363056,-0.195022,-0.134169,-0.090341,0.246342,-0.394087,-0.064904,-0.211278,-0.162084,-0.222375,-0.170102,0.121538,-0.106536,-0.162687,-0.048158,-0.161597,-0.163617,-0.140686,-0.380372,-0.041662,-0.245051,-0.221803,-0.064947,-0.148799,0.127064,-0.284826,-0.071811,-0.249288,-0.299123,-0.414637,-0.164884,-0.162882,0.096885,0.217067,-0.400804,-0.213995,-0.22487,-0.470203,0.060599,-0.30109,-0.020183,-0.128187,0.211887,0.479235,-0.081639,-0.33234,-0.008757,-0.134861,-0.072304,0.013258,-0.065142,0.184752,-0.369024,-0.029007,-0.158444,0.127064,0.151317,0.18936,-0.039634,-0.074688,0.309947,-0.310468,-0.265273,0.114856,0.186336,0.00533,0.15449,-0.02557,-0.19915,-0.171257,0.239068,0.002968,0.176521,-0.067355,-0.066824,0.307714,0.100914,0.122222,0.000809,0.37538,-0.012545,0.039974,-0.053063,-0.216389,0.074072,0.248927,#
10,-0.096241,-0.267426,-0.022098,0.123605,0.058175,0.250154,0.034484,-0.054036,-0.243482,-0.208097,1.0,0.035514,-0.297414,-0.467984,-0.087012,0.14469,0.208436,-0.295492,-0.052598,-0.194502,-0.029382,0.030434,-0.174246,-0.069523,-0.013285,0.016407,-0.198239,-0.049781,-0.122435,-0.425087,0.186375,0.023411,-0.127386,-0.004228,0.315424,-0.023462,-0.143973,0.088666,-0.037727,0.017326,-0.151723,-0.018988,-0.076032,-0.056224,0.002624,0.349947,-0.199073,-0.077872,0.13379,-0.048298,0.027913,0.159766,-0.076555,-0.026406,-0.073631,0.02998,-0.026933,0.226608,-0.130518,0.011287,-0.125657,-0.067959,-0.003136,-0.162435,-0.102181,-0.412655,-0.112049,-0.294026,0.036337,0.058901,-0.038061,0.05458,0.157448,-0.043353,0.014402,-0.010534,-0.062709,0.147597,-0.114203,-0.220662,0.089726,0.135154,0.027281,-0.208059,0.014011,0.066857,0.165432,-0.051161,-0.23766,-0.02474,-0.205555,-0.120269,0.12567,-0.301007,0.003305,0.039564,-0.220093,-0.023735,-0.033464,-0.065951,0.096493,-0.070781,0.201733,-0.097442,0.010636,-0.159723,-0.023814,-0.143272,0.125196,0.292713,-0.296968,-0.082501,0.026787,-0.139815,-0.006271,-0.090864,0.043429,0.06237,-0.124937,0.275563,0.071976,-0.019155,0.190443,0.040859,-0.14524,-0.079366,-0.17795,0.128549,-0.024331,-0.00596,0.183466,-0.033856,0.08188,0.025334,0.210302,0.252742,-0.093888,0.151395,-0.177275,0.091716,-0.034499,0.142578,0.218473,0.113437,-0.023504,-0.00091,-0.102951,-0.112697,-0.143154,0.256797,0.054687,0.306809,-0.167417,-0.018852,-0.039696,-0.143462,-0.460142,-0.326606,-0.141559,0.085655,-0.081555,0.110743,0.20264,-0.128335,-0.243555,-0.107042,-0.050511,0.172704,0.295913,0.053749,0.134595,-0.026357,0.013605,-0.014736,-0.23928,-0.039145,0.00955,0.018424,-0.394632,0.382331,0.065656,0.028027,0.307438,0.247911,-0.151103,-0.236953,-0.358221,-0.086032,0.346266,-0.272562,-0.276788,0.02889,-0.035629,-0.355793,0.137313,-0.161609,0.082942,0.063475,-0.267359,-0.052821,#
11,0.119155,-0.204947,-0.025844,-0.001378,0.127811,0.057212,-0.114594,-0.076947,-0.090828,0.075896,0.035514,1.0,-0.069044,-0.047587,-0.073291,0.109565,0.074167,0.060494,-0.214957,-0.06653,-0.194042,0.066699,-0.079515,-0.256556,-0.003945,-0.041256,-0.039192,-0.027748,-0.096572,-0.051891,-0.01807,-0.017849,-0.045985,-0.001361,0.106905,0.141189,-0.26602,-0.137787,-0.166635,0.036702,0.126935,0.062701,-0.01623,-0.227936,-0.098525,-0.057418,-0.238052,0.195249,-0.126638,0.159633,-0.091286,0.124517,0.025981,-0.121852,0.025325,-0.044379,-0.121374,-0.05626,0.136361,0.047294,0.021858,0.099231,0.087205,-0.492106,0.179451,-0.082796,-0.214448,-0.143583,-0.193033,0.215852,0.092016,-0.154971,0.064482,0.269456,-0.255758,0.097532,-0.237439,-0.196646,-0.070517,0.076954,0.218046,-0.027799,-0.071055,-0.262004,0.045884,0.017717,-0.013044,0.090737,0.051384,-0.004783,0.111623,-0.037635,0.105685,0.1162,-0.042797,0.126473,-0.142705,0.078429,-0.127502,-0.010653,0.02831,0.081323,-0.114522,0.014936,-0.16863,-0.03509,0.07274,0.118122,0.099548,0.124771,-0.04153,0.059524,-0.172811,-0.054755,-0.055367,-0.226976,-0.041256,0.181312,0.155672,0.115884,0.152908,-0.158827,0.144303,0.153271,-0.107072,-0.026037,-0.09814,-0.04502,0.240546,0.079421,-0.0313,0.224638,-0.157934,-0.02831,-0.000549,-0.152738,0.049798,-0.160375,0.169198,0.03344,0.067021,-0.101155,0.011142,-0.053705,-0.030858,0.17515,-0.0217,-0.162341,-0.169656,0.035099,-0.063832,-0.104088,-0.080228,0.014761,-0.026704,0.068745,-0.056441,0.151517,-0.062954,-0.047174,-0.037344,-0.335056,-0.041487,0.094755,-0.017799,-0.026875,0.03445,0.085824,0.038693,-0.013043,0.05001,0.166563,0.018318,0.170327,-0.03783,-0.038745,-0.318079,0.099678,-0.020396,0.069104,-0.036674,0.003144,-0.108532,0.150296,0.158867,-0.176324,0.061548,0.186394,-0.122316,-0.140551,-0.175456,-0.061029,0.118669,0.080679,-0.045891,-0.061324,0.31383,0.019734,0.088949,0.139683,#
12,0.429512,0.299661,-0.200242,-0.157573,0.163487,-0.020313,0.261969,0.113972,0.32643,0.331521,-0.297414,-0.069044,1.0,0.318606,0.139836,-0.338964,-0.157566,0.19273,0.089129,-0.03643,0.055376,0.173111,0.267431,0.014501,-0.167252,-0.151491,0.161454,-0.241208,0.226527,0.28184,-0.131341,-0.078751,0.247696,-0.199276,-0.189498,0.07989,0.028768,-0.121153,-0.017201,-0.285521,0.133746,0.174601,0.164664,-0.036637,-0.042729,-0.342989,0.340757,0.155117,-0.247906,-0.088475,-0.062129,-0.121544,0.004503,0.128025,-0.063008,0.020775,0.1321,-0.128434,0.190715,0.149991,0.366941,0.077793,-0.129166,-0.001826,0.157037,0.371574,-0.068088,0.274492,0.222673,-0.209642,0.120748,0.001149,-0.356104,-0.177296,-0.244107,0.361748,0.113434,-0.102835,-0.143682,-0.24978,0.01,-0.360699,-0.285467,-0.10197,-0.137308,0.037312,-0.03902,0.188857,-0.083187,-0.21616,-0.207445,-0.003722,-0.43695,0.205854,-0.220949,0.058596,0.376012,-0.05009,0.067979,-0.09359,0.055124,-0.029007,0.095011,0.032188,-0.008533,-0.094571,-0.198308,-0.120982,-0.26935,-0.134507,0.25158,0.114056,-0.088143,-0.283922,-0.062413,-0.025365,-0.197378,-0.197009,0.077019,-0.365269,-0.130418,-0.330283,-0.050128,-0.290274,0.117131,0.23081,-0.034253,0.138485,0.095938,0.120877,-0.336648,-0.114272,-0.304536,-0.058833,-0.245868,-0.066157,-0.196476,-0.228537,0.105499,-0.050607,-0.041194,-0.166223,-0.199687,-0.119529,0.06704,-0.056117,-0.171532,0.286332,-0.102612,-0.405068,-0.047774,-0.347707,0.172439,-0.327582,-0.009645,0.056434,0.497877,0.365581,0.095282,-0.484845,0.037479,-0.193935,0.079301,0.04261,0.115379,0.442196,0.059292,-0.079641,-0.386671,0.063485,0.029916,0.180776,-0.079501,-0.042094,0.331158,-0.228066,-0.090255,0.198265,0.45474,-0.116817,0.045153,0.049203,-0.059943,-0.082357,0.326504,-0.065302,0.519234,-0.04261,-0.420826,0.336514,0.338455,0.216345,0.060719,0.087658,0.017203,-0.055273,0.045689,-0.114257,0.095513,0.189278,#
13,0.275857,0.268752,-0.06937,-0.211316,0.01012,-0.084457,-0.089027,0.168707,0.151374,0.173481,-0.467984,-0.047587,0.318606,1.0,0.121733,0.014381,-0.327929,0.374787,0.170852,-0.036252,-0.03253,0.391333,0.546785,0.337797,-0.077668,-0.035807,0.386613,0.166617,0.12598,0.509497,-0.258118,0.058452,0.134462,0.034088,-0.021947,0.210759,0.077361,-0.174443,0.241196,-0.144189,0.021321,0.09965,0.311649,0.269677,-0.191134,-0.392043,0.250622,0.045138,-0.280553,0.020145,0.121687,-0.15736,0.06888,0.070111,-0.085732,-0.071557,-0.047889,0.033022,0.140593,0.140691,0.319852,0.075723,-0.211234,0.158351,0.067487,0.243716,-0.224501,0.377211,0.177636,0.073668,-0.144988,-0.082509,-0.210703,0.007656,-0.212089,0.125223,-0.022112,-0.159392,-0.28355,0.037595,-0.231481,-0.324048,-0.082416,0.199293,-0.011906,-0.09699,-0.083992,-0.060578,0.088423,-0.290222,0.023216,-0.161046,-0.236361,0.22805,-0.176264,-0.094424,0.055136,-0.025262,-0.170728,-0.174098,0.008001,-0.096736,-0.114603,-0.203957,-0.157348,-0.064515,0.166125,-0.309781,-0.187638,-0.200585,0.227018,0.156947,-0.056929,0.01173,-0.111541,-0.08365,-0.251589,-0.271068,0.076067,-0.237333,-0.21789,-0.31303,-0.039409,-0.275974,-0.084842,0.082259,0.005272,-0.083068,0.016696,-0.043577,-0.185758,0.081389,-0.338044,-0.16038,-0.466712,-0.124924,0.080445,-0.180499,0.170827,-0.195487,-0.116887,-0.276222,-0.340768,-0.16149,-0.322034,-0.133394,-0.170269,0.110105,-0.25417,-0.33856,-0.233669,-0.281748,0.016003,-0.220757,-0.191932,0.012314,0.360243,0.280809,-0.055444,-0.153144,0.072391,-0.15746,-0.004831,0.124604,0.06444,0.188211,-0.044493,0.058556,-0.151455,-0.01008,-0.166814,0.18045,-0.167087,-0.291501,0.280096,-0.267159,0.005873,0.010858,0.50554,-0.299169,0.170724,-0.086967,-0.206986,-0.015311,0.144633,0.212559,0.185823,-0.281659,-0.282168,0.401413,0.001862,0.082194,0.124218,0.314046,0.035245,0.013998,0.357334,-0.265039,0.271728,0.015713,#
14,0.110931,0.358678,-0.018229,-0.214373,0.300399,-0.069401,0.392594,-0.013766,0.131864,0.219928,-0.087012,-0.073291,0.139836,0.121733,1.0,-0.167576,0.037369,0.01278,0.239506,-0.140458,-0.109614,0.061422,0.118959,0.174403,-0.144069,-0.057933,0.042927,0.228673,0.27514,0.093732,-0.43225,-0.159718,0.043104,-0.101024,-0.029802,0.293087,-0.186562,-0.256098,0.213468,0.167772,-0.28878,0.110553,-0.088563,0.13119,0.179777,0.018147,0.216569,-0.028554,-0.08656,0.221955,0.082131,-0.213295,-0.151144,-0.040787,0.040971,-0.274241,-0.253879,-0.051324,-0.115385,-0.143186,-0.01409,0.259606,-0.322924,0.218791,0.005406,0.095165,-0.092268,0.019481,0.01186,-0.336573,-0.289893,-0.241337,0.044513,-0.312914,-0.294643,0.268645,0.024749,-0.430644,-0.251675,-0.273571,-0.286195,-0.449089,-0.399455,-0.03207,-0.373406,0.011898,-0.285866,-0.152715,-0.341009,-0.224821,-0.176813,-0.180482,-0.099118,-0.051993,-0.337853,-0.338358,-0.234856,0.008801,-0.277466,-0.053557,0.229231,-0.397304,-0.272627,-0.226274,-0.293899,-0.172355,-0.354207,-0.135774,-0.33719,-0.154148,-0.126013,0.124046,-0.236555,-0.418149,-0.356358,-0.164506,-0.219875,-0.320364,-0.301438,-0.155618,-0.299546,-0.07745,-0.364178,-0.181315,0.085402,-0.433359,-0.195129,-0.012368,-0.240443,-0.222782,-0.11031,-0.296915,-0.480837,0.049405,-0.233603,-0.271214,0.098617,-0.148997,-0.0459,-0.184385,-0.359219,-0.217217,-0.244261,-0.13494,-0.268534,-0.246756,-0.166159,0.288632,-0.49602,-0.266131,-0.339413,-0.316661,-0.130537,-0.268433,-0.268498,-0.218555,0.097198,0.281709,-0.356868,-0.03662,0.220979,-0.138525,0.155643,-0.016158,-0.221294,0.321769,-0.106084,0.194148,-0.066786,-0.183993,0.397426,0.19251,-0.202441,-0.341017,0.416593,-0.351583,-0.256738,0.163186,0.304512,-0.148442,0.15276,0.125744,0.385233,0.195602,0.297325,-0.350229,-0.081213,-0.047805,-0.144837,0.128703,-0.03745,0.594295,0.186701,0.290963,-0.061918,0.00117,0.00857,-0.172684,-0.238786,0.261689,#
15,-0.087825,-0.237791,-0.161385,-0.186154,0.006067,0.066373,-0.0608,0.169609,-0.358207,-0.02626,0.14469,0.109565,-0.338964,0.014381,-0.167576,1.0,-0.081237,-0.261898,0.00364,-0.079434,-0.212833,0.101401,-0.056685,0.09143,0.062216,0.060695,-0.029075,0.00237,0.134122,-0.140939,-0.10656,-0.058752,-0.180843,0.176168,-0.030344,0.260792,-0.031349,0.20093,0.144716,0.086027,-0.188708,-0.321181,-0.141324,0.014833,-0.18198,0.16869,-0.153519,0.056613,-0.157942,0.059499,0.183709,0.138154,0.018467,0.025427,0.008586,0.080557,0.090633,0.038273,-0.069204,-0.175958,0.027885,0.120077,0.266224,-0.115281,-0.056674,-0.199809,-0.228566,-0.04794,0.058005,0.055011,-0.011746,-0.318621,0.128525,0.138437,0.064167,-0.072598,-0.155726,0.071908,-0.151543,0.208249,-0.199707,0.022675,0.257261,0.124341,0.274605,-0.172325,0.065388,-0.258757,0.075251,0.000336,0.209715,-0.043185,0.183248,-0.014609,0.03352,0.192223,-0.122336,0.173349,-0.122031,-0.187152,0.029029,0.062875,-0.18037,0.015757,0.161169,-0.019062,-0.044675,0.068082,-0.012759,-0.13284,-0.226849,-0.017941,0.134508,0.0896,-0.019502,0.015782,0.135425,0.165375,0.010892,0.182287,0.007842,0.156567,0.101862,-0.020697,-0.180608,0.041878,0.103774,-0.009819,-0.053787,-0.154232,-0.09826,0.173642,0.092151,0.031512,-0.071086,-0.035796,-0.0546,0.002346,-0.111306,-0.086265,0.080388,-0.019073,-0.024886,0.251466,0.012196,-0.107026,-0.010757,-0.245162,-0.025482,-0.062819,-0.05553,0.10316,-0.238426,0.193677,-0.029596,0.075547,-0.190721,-0.108656,-0.199522,0.276824,0.195271,0.08206,-0.115422,0.110381,-0.17376,-0.347161,0.13539,0.031209,0.1318,-0.096267,-0.077494,-0.206852,-0.038072,0.033886,-0.196171,0.040051,0.019071,-0.150121,-0.239312,0.184153,0.126825,-0.178787,0.029611,-0.041155,-0.172468,0.171341,-0.154387,-0.13477,0.082286,-0.120059,-0.224261,-0.244119,0.028022,-0.038072,0.086873,-0.048203,0.106498,0.003839,0.131765,-0.177215,#
16,0.10562,0.037452,-0.130021,-0.092228,0.09201,0.215728,-0.131093,-0.117716,-0.124969,-0.18744,0.208436,0.074167,-0.157566,-0.327929,0.037369,-0.081237,1.0,-0.01256,-0.00041,-0.319837,0.010418,-0.266494,-0.224567,-0.25839,-0.05966,-0.081841,-0.377979,0.072034,-0.162254,-0.203598,0.074552,-0.052015,0.015509,-0.181102,0.058193,0.185722,0.093468,-0.132787,-0.250084,0.04202,-0.137437,-0.234205,-0.086685,0.297227,0.217598,0.189754,-0.290299,-0.109694,0.118929,8.7e-05,0.042551,-0.075528,0.105982,-0.128114,0.183445,-0.079273,-0.274147,0.039619,0.038795,0.060678,-0.145672,0.078485,0.171808,-0.142478,0.049584,-0.122938,0.093016,-0.119668,0.030289,-0.123979,-0.283872,0.136535,0.165834,-0.098649,-0.10223,0.146753,-0.110701,0.04472,-0.126136,-0.260612,-0.003205,0.083916,-0.093064,-0.145373,-0.212428,-0.315128,-0.306121,-0.17545,-0.024072,-0.236947,-0.051709,-0.245998,0.084525,-0.257744,-0.10941,-0.257766,-0.185979,-0.302215,-0.33266,-0.08922,0.264334,-0.167604,-0.178253,-0.142695,-0.004202,-0.08465,-0.119774,0.083798,-0.100868,0.069379,-0.112798,-0.078387,-0.181999,-0.089994,-0.102087,0.166707,-0.288726,-0.136203,-0.228093,0.134786,-0.234023,0.067134,-0.196899,0.086348,0.17275,-0.290702,-0.125427,-0.100051,-0.267669,-0.06504,-0.107116,0.078864,0.060919,0.096951,-0.012523,-0.180035,0.21651,-0.240685,-0.180202,-0.035274,-0.423556,0.182161,-0.107462,0.053462,0.156132,-0.050272,-0.05348,0.051041,-0.055784,-0.04939,-0.153422,0.182186,-0.189531,0.016206,-0.150138,-0.381622,-0.208523,0.152276,-0.362812,0.017179,-0.106353,-0.059649,0.073387,-0.152114,-0.035373,0.179324,-0.121823,-0.121815,0.082831,-0.346947,0.110985,-0.026775,-0.12298,-0.010157,-0.032129,-0.164004,-0.210717,0.235747,-0.093589,0.130554,-0.10843,0.142505,0.338354,0.103318,0.058492,-0.108134,0.016956,0.289175,0.285349,0.032421,-0.183782,0.239738,0.268291,0.017179,-0.113917,0.498863,0.11474,-0.146406,-0.376971,0.051727,#
17,0.197575,0.365715,0.099969,-0.071299,0.04884,0.030754,0.009974,-0.102495,0.271524,0.054647,-0.295492,0.060494,0.19273,0.374787,0.01278,-0.261898,-0.01256,1.0,0.108741,0.118684,0.15741,0.096138,0.201252,-0.124762,0.032908,-0.029167,0.112798,0.108996,0.112295,0.321886,-0.186991,0.025598,0.122748,-0.145024,0.165905,-0.006838,-0.0073,-0.132559,-0.049218,-0.041942,0.181235,0.210592,0.05338,0.030813,-0.140095,-0.318724,0.180726,0.154653,0.099858,-0.147976,0.242572,-0.273573,0.015086,-0.225236,-0.082584,-0.257294,-0.184413,-0.18711,-0.054311,-0.047413,0.010938,0.230315,-0.026402,0.061713,0.074555,0.353999,0.010246,0.302365,0.0542,0.392149,0.007231,0.090392,-0.419812,-0.013713,-0.038982,0.112899,-0.02122,-0.170577,-0.115404,-0.244184,0.003396,-0.188602,-0.140678,-0.024143,0.033086,0.120805,-0.165867,0.085335,0.218541,0.010659,0.037607,0.034693,-0.148404,0.175445,-0.155805,0.123389,0.267126,-0.175668,-0.132508,-0.233836,-0.183421,-0.126352,-0.176598,0.104432,-0.255076,-0.022289,-0.065644,-0.242222,-0.273489,0.01433,0.345561,0.027617,0.052949,-0.043724,0.070038,-0.088345,-0.259089,-0.1647,0.266937,-0.307624,-0.134146,-0.098183,-0.250405,-0.164137,-0.135025,0.121151,0.052331,0.087794,0.061451,0.041523,0.070285,-0.085621,-0.117659,-0.264322,-0.120426,-0.197111,0.155583,-0.207746,0.108048,-0.079246,-0.072993,-0.26519,-0.229413,-0.334632,-0.250212,0.055978,0.015225,0.16086,0.055638,-0.177209,-0.167164,-0.286373,0.285542,-0.231707,-0.27972,-0.135452,0.350954,0.359609,-0.157692,-0.134639,-0.120535,-0.017726,0.123317,0.08273,-0.172652,0.317344,0.058421,-0.021683,0.061803,0.06449,-0.114072,0.005168,-0.257406,-0.127543,0.118691,-0.001124,0.035532,0.087471,0.489928,-0.405898,0.066773,0.068055,-0.305894,-0.258965,0.060572,-0.117089,0.312559,0.215959,-0.42236,0.183784,0.155046,0.045683,0.019882,0.223752,-0.20441,0.116381,-0.006749,-0.111099,0.272355,0.175341,#
18,-0.035284,0.179308,-0.037656,-0.134665,0.039238,-0.295971,0.102631,-0.072436,0.205699,0.143008,-0.052598,-0.214957,0.089129,0.170852,0.239506,0.00364,-0.00041,0.108741,1.0,-0.34051,0.101997,-0.241971,0.022736,0.084882,-0.050623,-0.085966,0.156875,0.263182,0.05879,0.31969,-0.096793,0.031831,0.12508,-0.083442,0.15641,0.163235,0.138885,-0.155584,0.00651,0.052432,-0.064374,-0.144383,0.164175,0.020404,-0.097261,-0.057422,0.082255,-0.046737,0.117685,-0.00505,-0.041582,-0.041605,-0.056335,0.066702,0.188511,-0.051801,-0.089169,-0.070287,-0.199753,-0.037773,-0.070505,0.061383,-0.002876,0.269111,0.026681,0.065334,-0.047222,0.08805,0.064543,-0.143706,-0.164337,-0.380232,-0.027616,-0.322823,-0.031907,0.128998,-0.192289,-0.010352,-0.001202,-0.310298,-0.201928,-0.284076,-0.336045,0.147759,-0.264443,0.004073,-0.040708,-0.029125,-0.210629,0.008782,-0.055804,-0.206039,-0.219319,-0.185197,-0.30433,-0.284841,-0.095441,-0.232264,-0.132484,-0.174884,-0.027277,-0.018173,-0.135569,-0.187644,-0.132695,0.036837,-0.153983,-0.053522,-0.128187,-0.029482,0.102047,0.06885,-0.023309,-0.200588,-0.116158,-0.294617,-0.11974,-0.083199,0.030322,-0.190838,-0.302952,0.042435,-0.27484,-0.172046,-0.114142,-0.219291,-0.027562,0.011098,-0.250652,-0.399987,0.017763,-0.282672,-0.127948,0.178489,-0.097197,-0.233518,0.014878,-0.076323,-0.075628,-0.041582,-0.183651,0.059337,-0.258155,-0.08751,-0.1425,-0.133018,-0.263902,0.293745,-0.218714,-0.240894,-0.318851,-0.211154,0.104899,-0.167797,-0.291586,-0.232257,-0.045171,0.237967,-0.252042,0.029942,-0.046762,0.075109,0.154326,0.07033,-0.063362,-0.050614,-0.177702,0.138086,-0.102842,0.038085,0.116152,-0.007661,0.047468,-0.132355,0.303141,0.06085,-0.030064,0.250212,0.13794,-0.296211,0.085805,0.001903,0.212231,-0.007598,0.176094,0.003505,-0.040471,-0.02342,-0.093062,0.285437,-0.025557,0.193413,0.314473,0.279259,0.0941,0.005526,0.152434,-0.158655,-0.332971,0.036768,#
19,-0.144995,-0.141042,0.119714,0.28053,-0.012695,0.144184,-0.078438,-0.045732,-0.049093,-0.159113,-0.194502,-0.06653,-0.03643,-0.036252,-0.140458,-0.079434,-0.319837,0.118684,-0.34051,1.0,0.232515,0.109228,0.036661,-0.045931,0.217493,-0.087143,0.034011,-0.110568,-0.048946,-0.158455,0.068106,0.16356,0.075704,0.082621,-0.201883,-0.374092,0.024487,0.156209,-0.103009,0.035232,0.269219,0.336464,-0.034968,-0.123029,0.043081,-0.004531,0.34044,0.29151,0.166699,-0.042224,0.074197,0.010545,0.170171,0.044766,-0.07332,0.216659,0.271912,-0.268988,0.17777,-0.071115,-0.133342,-0.088313,0.172352,0.05169,-0.034632,0.065456,0.123329,0.138959,-0.059419,0.079133,0.361679,0.131108,0.057755,0.357582,0.174746,-0.310022,0.351883,0.162322,0.321171,0.208951,0.394324,0.276079,0.328826,0.013164,0.209992,0.024213,0.217748,0.209867,0.386498,0.167609,0.243666,0.322204,0.230919,0.297393,0.247392,0.305373,0.284773,0.282025,0.060394,0.226031,-0.190918,0.362042,0.228801,0.352006,0.346235,0.296543,0.173454,-0.267193,0.319013,0.008882,0.235779,-0.294689,0.193354,0.386377,0.259013,0.095638,0.116983,0.35926,0.050876,0.054781,0.341913,0.028522,0.31332,0.02177,0.204523,0.259056,0.018533,-0.007619,0.116223,0.361215,0.124332,0.233053,0.185392,-0.224897,0.288997,0.069422,0.102706,0.162837,0.067894,0.2593,0.357755,-0.167459,0.114155,0.020521,0.076383,0.202179,0.196804,-0.33533,0.480037,-0.029887,0.254646,0.182204,0.269025,0.33296,0.254766,0.397219,0.085626,-0.183943,0.395286,0.062119,-0.07567,-0.047095,-0.093842,0.21267,0.018693,-0.088548,0.432704,0.023949,-0.129705,0.082552,-0.391406,-0.053501,0.220072,0.261458,-0.237496,0.193954,0.331197,-0.403936,-0.147799,0.034069,-0.169219,-0.063259,-0.144827,-0.112692,-0.436267,0.045207,0.066053,0.145207,-0.113664,-0.470085,0.271188,-0.338373,-0.318723,-0.275107,0.104557,-0.317963,-0.413878,0.413389,0.241809,0.018159,#
20,-0.050415,-0.044695,-0.075981,0.237861,-0.053907,-0.121511,-0.188623,0.072682,0.040755,-0.155395,-0.029382,-0.194042,0.055376,-0.03253,-0.109614,-0.212833,0.010418,0.15741,0.101997,0.232515,1.0,-0.251056,-0.276778,0.106588,0.199894,0.044601,-0.082619,0.193627,0.061054,0.0532,0.326358,0.019708,0.200009,-0.011167,0.015135,-0.321132,0.051788,0.017394,0.026739,0.008017,0.105038,-0.037936,-0.07521,-0.109031,-0.113463,0.102238,0.272772,-0.004019,0.100494,0.026986,-0.000892,-0.003007,-0.003393,0.218511,-0.006822,0.180867,0.019705,-0.008887,-0.025302,0.085386,-0.048801,0.162781,0.026815,-0.078316,-0.088634,0.048974,0.001096,0.206189,-0.173556,-0.167191,-0.007449,0.08171,0.030765,0.28112,0.153572,-0.234723,0.161215,0.307665,0.062531,0.018795,0.067883,0.298259,0.274025,0.069964,-0.058437,-0.0518,0.204013,0.085551,0.339932,0.21658,-0.066552,0.017107,0.043251,0.082081,0.069885,0.191183,0.233494,0.070634,0.192594,0.030783,-0.08818,0.120108,-0.020836,-0.0117,0.183832,0.194152,-0.033854,0.123109,0.120723,0.085042,0.124603,-0.237406,0.014401,0.184515,0.218172,0.129559,0.044084,0.204108,0.170714,0.163886,0.064438,0.216666,0.056954,0.224891,0.257812,0.11633,-0.273905,-0.249043,0.026355,0.132077,0.128568,0.038595,0.311385,-0.042317,0.100511,0.040266,0.060235,0.041016,0.047234,0.485165,0.042084,-0.004237,0.175194,0.000839,0.292839,-5.5e-05,0.192071,-0.231611,0.275182,0.12359,0.027775,0.250458,0.306699,0.35015,-0.007754,0.300119,0.162829,-0.09947,0.189512,0.117668,-0.22069,0.004523,-0.056943,-0.00422,0.019895,-0.041832,0.231127,-0.155492,0.015121,0.106415,-0.187097,0.034086,0.328624,-0.065517,-0.223705,0.21282,0.182569,-0.094029,-0.100242,0.039602,-0.122896,0.197526,0.01116,-0.161954,-0.060364,0.252743,0.077966,0.351034,0.067786,-0.088384,0.174268,-0.106696,-0.181588,-0.279025,-0.359852,-0.102154,-0.238558,0.145746,0.122376,-0.048077,#
