0,1.0,0.091434,-0.218415,-0.091897,0.238831,0.131013,0.051295,-0.023113,-0.307996,0.075364,0.102462,0.085455,0.344401,0.236727,0.046155,0.091973,-0.068453,-0.29342,0.076766,-0.222552,0.249485,0.189416,0.101052,-0.173009,-0.030066,-0.213378,-0.108553,-0.208371,0.34113,0.052082,0.214367,-0.063497,0.112842,-0.279218,-0.073056,0.154966,0.138543,-0.074215,0.006061,-0.13491,0.078197,0.12726,-0.149012,-0.011839,-0.146087,-0.008065,-0.096204,0.023668,-0.125237,0.003936,0.102686,-0.255547,0.069703,0.028297,0.282886,0.013037,-0.194116,0.075059,-0.065676,0.162368,0.400014,0.213203,-0.080206,0.089763,-0.084815,0.132286,-0.146875,0.341072,-0.041971,-0.290415,-0.003468,-0.031925,-0.316964,-0.090508,-0.426483,0.326822,-0.098308,-0.116233,-0.404267,-0.028848,-0.143922,-0.360981,0.057884,0.013225,-0.036276,-0.217532,-0.042151,0.049656,-0.091032,-0.271552,-0.158147,-0.292018,-0.044221,-0.148128,0.05695,-0.191289,-0.293063,-0.151433,-0.095131,0.101453,0.220221,-0.055617,-0.225344,-0.201861,-0.082219,-0.280116,0.006719,0.08384,-0.247511,0.015862,0.061807,0.220926,-0.281014,-0.192547,0.05654,0.168264,-0.311186,-0.246135,-0.111354,0.022335,-0.267946,0.092356,0.0895,-0.309037,-0.102719,-0.02493,-0.188193,-0.045297,-0.056329,0.082703,-0.244007,-0.323124,-0.149987,-0.073569,-0.419798,-0.079869,-0.139521,-0.199874,0.250714,-0.254878,-0.205796,0.02356,-0.008949,0.089464,-0.047123,-0.095474,-0.105971,0.113441,-0.266308,-0.360615,0.03355,-0.24609,-0.192884,-0.232969,0.190303,-0.112443,0.167179,0.068628,-0.192826,-0.269473,0.004677,-0.408388,-0.056657,-0.227616,-0.035404,-0.073766,-0.157322,-0.036692,-0.102012,-0.329856,0.059604,0.205075,-0.188901,0.095142,-0.000268,-0.178485,-0.090171,0.052721,0.122366,0.028428,0.002172,-0.177834,-0.004114,0.33145,0.270057,-0.083998,0.207284,-0.220204,0.006186,0.208045,-0.010675,0.153307,0.314897,-0.008185,-0.192134,0.113258,0.084872,-0.277168,-0.023937,0.100313,#
1,0.091434,1.0,0.208269,-0.193856,-0.025742,0.032698,0.279233,0.125183,0.024245,0.252934,-0.152351,-0.117921,0.209942,0.260082,0.407526,0.029219,-0.016463,0.27663,0.274607,0.061068,-0.047956,0.152792,0.332266,0.029601,0.036118,-0.149379,-0.052078,-0.108025,-0.101911,0.032871,-0.155293,0.154123,0.277636,-0.091309,-0.258133,0.192881,0.244301,-0.17735,0.018695,0.007885,0.040153,0.244213,-0.042185,0.092353,0.433772,-0.280638,0.111906,-0.10229,0.216145,0.25348,0.093624,-0.187617,0.095915,-0.260738,-0.055136,-0.203695,-0.074395,-0.499308,-0.211337,-0.228691,0.171854,0.125733,-0.274531,-0.071447,0.199014,0.172265,-0.012494,-0.037369,0.198735,-0.061845,0.126579,0.063189,-0.019445,-0.307309,-0.161087,0.147701,-0.191319,-0.407099,0.006629,-0.00523,0.135569,-0.242077,-0.125986,0.03854,-0.1732,-0.134148,-0.126263,-0.11448,0.016535,-0.214893,-0.020563,-0.076181,-0.231317,-0.059149,-0.133802,-0.073629,0.086846,0.056487,0.259306,-0.01853,-0.049767,0.049289,-0.092232,-0.211179,-0.249504,-0.090383,-0.274048,-0.104109,-0.404729,-0.189827,0.200283,0.356302,-0.133171,0.026916,0.066133,0.024347,-0.160282,-0.285239,0.16071,-0.356628,-0.219599,-0.274432,-0.417268,-0.254996,-0.319427,-0.203324,0.225931,0.228753,-0.215806,0.022522,-0.035866,-0.008879,-0.217892,-0.201927,-0.154299,-0.227285,0.099124,-0.067545,-0.074696,-0.182296,-0.169252,-0.158757,-0.282387,-0.1986,-0.101808,-0.011702,-0.2524,0.341125,-0.017317,-0.154009,-0.249221,-0.272805,0.107942,-0.158526,-0.085086,-0.226225,0.22791,0.142671,-0.164142,-0.093649,0.076493,0.038144,0.059185,0.176009,0.029383,0.268423,0.076336,0.084554,-0.237805,-0.245397,-0.089343,0.063853,-0.087771,-0.022473,0.172167,-0.044195,-0.012071,0.165122,0.356943,-0.462784,0.209807,0.006924,-0.304552,0.093248,0.061963,-0.157329,0.281694,-0.214923,-0.279334,0.23412,0.095757,0.12902,0.142166,0.369239,-0.126038,-0.015864,0.075468,-0.042855,0.326974,0.006514,#
2,-0.218415,0.208269,1.0,0.218603,-0.290109,-0.082116,0.187223,-0.076334,0.258106,-0.074831,-0.080945,-0.216393,-0.202673,-0.060337,-0.104206,-0.065338,-0.190869,0.417603,-0.091196,0.111173,-0.088992,0.23623,0.0737,0.002286,0.333728,0.029102,0.36532,0.093702,-0.101863,-0.059583,0.023592,0.028732,-0.149752,0.081288,0.100812,0.120022,0.186825,-0.060081,0.094034,-0.132823,0.154615,0.108712,0.131802,0.080069,0.161853,-0.179631,-0.013848,0.249775,0.11807,-0.100979,-0.16219,0.007626,0.211707,0.00848,-0.302519,-0.138314,-0.079756,-0.248343,-0.077215,0.101907,-0.17284,-0.130679,0.090495,-0.16391,-0.029591,-0.180613,0.122762,0.074753,-0.035499,0.378211,0.247358,0.211352,-0.007925,0.011367,0.157151,-0.159117,0.04487,-0.235907,0.05237,-0.10698,0.20772,-0.002846,-0.065868,0.189079,-0.108129,0.097762,-0.075434,-0.040089,0.088645,0.049088,0.063542,-0.007978,0.029356,0.103457,-0.050123,-0.007445,0.3454,0.137073,0.040069,0.07348,-0.07165,0.116334,0.152316,0.123811,0.017521,0.160901,0.005061,0.10784,-0.313189,0.008961,0.375814,0.020899,0.144113,0.104988,0.434464,-0.065546,0.007368,-0.218461,0.095457,-0.005291,0.13057,0.092916,-0.153689,0.006807,0.143858,-0.023787,0.151574,0.192271,-0.118581,0.189972,0.466261,-0.018838,0.114347,0.120199,0.111857,0.130401,-0.132931,0.330931,0.262421,0.061008,-0.017057,0.074828,0.085797,-0.231838,-0.100608,0.124988,-0.14915,0.173893,0.334109,0.301379,-0.035889,-0.1014,0.327209,0.005096,0.046399,0.129176,-0.067618,0.122223,0.148104,0.2001,0.510218,0.195325,0.077569,0.182099,0.033194,-0.252745,-0.059092,0.053965,0.044551,0.188625,-0.200845,-0.13197,-0.186793,0.072051,-0.170227,0.152954,0.089516,0.131109,0.024208,-0.261261,0.152764,-0.044318,-0.252223,0.004649,-0.196706,0.175966,-0.00997,0.20356,-0.166959,0.016487,0.115174,-0.114256,-0.130566,0.301144,-0.259345,0.168174,-0.110121,0.144737,0.192977,0.013265,#
3,-0.091897,-0.193856,0.218603,1.0,-0.069882,-0.226044,-0.298164,-0.364347,-0.12644,-0.282704,0.113997,-0.126626,-0.396045,-0.411774,-0.240637,-0.137093,0.076408,0.048934,-0.089195,0.131885,0.037007,0.077695,-0.290294,0.039328,0.101337,0.248214,0.093812,0.257206,-0.084079,-0.342856,0.187708,0.090512,-0.0612,0.002328,0.287903,-0.181579,-0.178863,-0.023902,-0.146158,0.063741,0.040153,-0.110232,0.008835,0.237074,-0.049795,0.445226,-0.128414,0.084981,0.105443,-0.193035,-0.045424,0.370071,0.112724,0.072069,-0.227063,-0.085677,0.33783,0.171409,0.102072,0.171324,-0.346825,-0.172139,0.187826,-0.2029,-0.007539,-0.405723,0.063152,0.071897,-0.09043,-0.017919,-0.09345,0.020868,0.186463,0.15376,-0.001058,-0.141978,0.186461,0.176744,0.036943,-0.056854,0.222621,0.487118,0.269329,-0.033156,0.331922,0.144654,0.317125,0.081002,0.056454,-0.050284,0.058571,0.158429,0.337075,-0.196285,0.268165,0.179088,0.368743,0.05619,-0.150639,0.307229,0.023416,0.33261,0.539626,0.193274,0.233597,0.176445,0.226355,0.019424,0.091894,0.109,-0.115993,-0.199728,0.266505,0.19379,0.231522,0.009454,0.160958,0.100161,-0.123893,0.335055,0.186737,0.352752,0.425463,0.187707,0.218725,0.19428,-0.093949,-0.202886,0.266013,0.329306,0.106605,0.087441,0.316693,0.126326,0.39123,0.252158,-0.033838,0.235664,0.057893,0.432895,0.133009,0.008903,0.224506,0.215394,0.347866,0.180955,0.099581,-0.270995,0.352965,0.202659,0.119793,0.15655,0.105308,0.416247,0.104524,0.300991,-0.333443,-0.252261,0.141104,0.29984,-0.033755,0.167181,-0.034471,-0.003052,-0.231624,-0.352441,0.278323,0.163838,0.249824,0.150168,-0.124551,-0.074695,0.303303,0.311562,-0.37372,0.405922,0.070937,-0.01946,-0.54183,0.325934,-0.369638,-0.050428,0.194292,-0.049083,-0.25882,0.130218,-0.159103,0.08748,0.471647,-0.346225,0.134364,-0.208107,-0.084104,-0.23137,-0.072614,0.071478,-0.1648,0.125504,0.066629,-0.290669,#
4,0.238831,-0.025742,-0.290109,-0.069882,1.0,-0.019329,-0.128156,0.106853,-0.191869,-0.116937,0.121227,-0.098213,0.108819,0.002332,0.00541,-0.140646,0.064489,-0.205621,0.116888,-0.114811,-0.175033,-0.224435,0.145878,-0.034539,0.095612,-0.020026,-0.279791,-0.014844,-0.05881,0.057679,-0.117591,-0.258301,-0.148603,-0.161173,-0.120414,-0.014257,-0.121631,-0.172974,0.044615,0.198113,0.035983,-0.346432,-0.237333,0.018503,-0.05429,0.19365,-0.124511,0.090254,-0.085331,0.144082,0.222345,-0.171393,0.024033,0.081683,0.276888,0.08425,-0.071388,0.197437,0.081999,-0.136814,-0.010628,-0.033672,-0.208519,0.086553,-0.087698,0.244359,0.331785,-0.12663,0.136146,-0.143708,-0.126757,-0.1388,-0.059939,0.168248,-0.139036,0.204525,-0.133904,-0.312703,-0.272576,-0.134298,-0.289529,-0.180618,0.027689,0.153637,-0.080707,-0.176066,0.150089,0.014195,-0.103548,-0.30535,0.055715,-0.178143,0.072343,-0.290184,-0.079568,-0.066456,0.022231,-0.172264,-0.037727,0.203588,0.132639,-0.103975,-0.037579,-0.231539,-0.115471,0.07363,0.035263,-0.019459,-0.094715,-0.14123,-0.014099,0.022119,0.076223,-0.135804,-0.19548,0.042469,-0.12998,0.199038,-0.07221,0.060852,-0.308358,-0.00416,0.330715,-0.025162,0.140672,0.016329,0.063604,-0.016318,0.039492,0.068731,-0.136373,-0.18254,-0.106658,-0.226819,-0.221083,0.083655,-0.033375,-0.147484,-0.102836,0.021454,-0.046595,-0.200141,-0.130057,0.091259,-0.074425,-0.252221,-0.245811,0.051503,-0.077272,-0.270624,-0.146115,-0.022818,-0.376655,-0.096997,-0.161509,-0.150828,0.012696,0.072475,-0.068492,0.085589,-0.283135,-0.280208,-0.160394,-0.031893,0.130821,-0.026769,-0.088832,-0.032092,-0.325957,-0.008953,-0.067393,-0.075051,0.031893,-0.05818,0.052208,0.023283,0.074011,0.266146,0.101847,0.043107,-0.051471,-0.038837,0.21582,0.125584,0.145756,-0.096197,-0.002612,-0.312043,0.048619,-0.122583,-0.231499,0.032911,0.261848,-0.144715,0.000979,-0.012739,0.016905,-0.038013,-0.257028,-0.017676,#
5,0.131013,0.032698,-0.082116,-0.226044,-0.019329,1.0,0.403167,0.208375,-0.067983,0.008687,0.204098,0.302483,0.078016,0.129637,0.100197,0.179295,0.18745,-0.020369,0.003878,-0.030109,-0.036607,0.189311,0.243017,0.093358,-0.212789,-0.201698,0.156083,-0.182839,0.065998,-0.110451,-0.139961,-0.014636,-0.046367,-0.045098,-0.150094,-0.033564,0.107922,0.080685,-0.071197,-0.029908,-0.053086,0.325797,0.015313,0.051373,0.187589,-0.187373,-0.039023,0.071491,0.064565,0.062888,-0.04972,-0.030629,0.040388,-0.018906,0.142622,0.207605,-0.135612,-0.096975,-0.051168,-0.17444,0.23868,-0.117525,-0.226865,0.206874,0.035071,0.345814,-0.082127,0.217257,0.164611,-0.066986,-0.100129,0.311387,-0.076107,0.014375,-0.162712,0.214253,-0.38577,-0.156034,-0.254607,-0.081629,0.086127,-0.355657,-0.19764,-0.049037,-0.161082,-0.14719,0.023467,-0.165822,-0.233412,-0.390509,-0.167272,-0.26192,-0.306211,-0.095315,-0.182893,-0.314548,-0.277331,-0.300632,-0.004291,-0.103463,-0.022127,-0.121779,-0.216684,-0.281878,-0.100188,-0.262975,-0.114776,-0.050802,-0.181662,-0.177338,0.003708,0.100043,-0.367707,-0.223419,-0.034943,-0.219048,-0.508641,0.019793,0.199851,-0.300238,-0.208143,-0.338101,0.070737,-0.518777,-0.104987,-0.055995,-0.177459,0.114474,-0.158544,-0.032922,-0.223949,-0.09024,-0.175535,-0.039383,-0.295947,0.007209,0.184289,-0.24696,-0.042545,-0.556617,-0.231436,0.039803,-0.336783,0.037326,-0.054892,-0.186815,0.057188,0.16483,-0.224998,0.037579,-0.059245,0.005176,-0.134557,0.120756,-0.024291,-0.382104,-0.060351,0.250785,-0.352524,-0.156255,0.150581,-0.20686,-0.110805,0.165113,-0.054775,0.21094,-0.07436,-0.048456,0.023235,0.072081,0.222,-0.280039,-0.17699,-0.063841,0.178687,-0.30904,-0.057959,0.099491,0.190049,-0.152215,0.165056,-0.007342,-0.057918,0.198019,0.405587,0.083554,-0.001409,0.039531,-0.142126,-0.028282,-0.005934,-0.043804,0.207944,-0.117112,-0.172143,-0.018899,0.228813,-0.198395,-0.220457,0.004521,#
6,0.051295,0.279233,0.187223,-0.298164,-0.128156,0.403167,1.0,0.386594,0.276092,0.314324,0.146758,0.082993,0.236875,0.05906,0.093024,0.201723,0.054721,0.003848,0.198387,-0.244316,-0.264527,0.283432,0.205456,0.033167,0.022454,0.011187,0.250506,-0.066201,0.323688,0.07242,-0.456817,-0.147052,-0.028483,-0.132146,0.077114,0.250131,-0.127897,-0.007846,0.167588,-0.147586,-0.078033,0.167683,-0.001443,-0.247048,0.101356,-0.262248,-0.047608,-0.205398,0.044113,0.306094,-0.093688,-0.088295,-0.070741,-0.03397,0.18478,0.020477,-0.086012,-0.347731,-0.238392,0.074541,0.216575,0.084387,-0.065994,0.272784,0.121521,0.22995,0.069118,0.131203,0.294375,-0.114633,0.230639,0.052494,-0.301271,-0.309396,-0.034706,0.325269,-0.151426,-0.277759,-0.091306,-0.121919,-0.22419,-0.339598,-0.43906,-0.123247,-0.208922,0.023247,-0.15103,-0.092156,-0.051681,-0.276185,-0.176456,-0.261937,-0.315331,-0.085303,-0.03224,-0.270923,0.021372,-0.177398,0.040169,-0.411438,-0.018726,-0.067538,-0.187887,-0.202265,-0.296664,-0.121477,-0.392047,-0.066003,-0.39413,-0.104511,-0.262758,0.177954,-0.281299,-0.38559,-0.08609,-0.246536,-0.101515,-0.02994,-0.095619,-0.147102,-0.102964,-0.192648,-0.148033,-0.536645,-0.172251,-0.233469,0.092572,0.390102,-0.234499,-0.254685,-0.240265,-0.41308,-0.550641,0.083391,-0.133171,-0.037707,0.050844,-0.188489,-0.246688,-0.393307,0.015981,0.049252,-0.310842,-0.141754,-0.174068,-0.244858,-0.188894,0.52823,-0.170026,-0.106264,-0.082797,-0.126581,0.083394,-0.222737,-0.10255,-0.457645,-0.028714,0.237512,-0.203865,-0.123842,-0.031402,-0.051457,-0.051611,0.060534,-0.020627,0.102089,-0.027618,0.124329,-0.189442,0.218562,0.35898,-0.080171,-0.190118,-0.067244,0.471122,-0.281648,0.19167,0.083817,0.300414,-0.467435,0.474728,0.228429,0.092819,0.097258,0.351992,-0.164143,-0.039188,0.110583,-0.194377,0.264109,-0.097594,0.156324,0.120286,0.202168,-0.231477,0.114105,0.1327,-0.201063,-0.204351,0.10834,#
7,-0.023113,0.125183,-0.076334,-0.364347,0.106853,0.208375,0.386594,1.0,-0.027519,0.316073,-0.101242,-0.056146,0.479533,0.378708,0.140878,0.226683,-0.188297,0.031538,0.151266,0.113829,0.008809,0.2236,-0.0138,0.218487,0.033287,-0.006422,-0.078682,-0.298728,0.150053,0.11907,-0.184002,-0.162899,0.287425,0.216228,-0.326496,0.065728,-0.031568,0.136817,0.162407,-0.205819,-0.061226,0.254301,0.004741,0.009864,-0.315774,-0.425512,0.166587,-0.255265,0.039947,-0.119038,-0.162295,0.052958,0.089765,-0.06771,0.213309,0.135854,-0.210415,-0.24855,-0.221712,0.014388,0.326892,0.076406,-0.226416,0.167557,-0.05268,0.302628,0.176594,0.104409,0.112846,-0.005359,0.268438,0.028297,-0.31466,-0.099776,0.088831,0.05526,0.018786,0.012711,0.234847,0.059339,0.010959,-0.159068,-0.129444,0.018145,-0.200005,0.065748,-0.021779,0.214821,0.072039,-0.022011,-0.022002,-0.068783,-0.124288,0.185907,-0.193304,0.13811,0.034411,0.158949,0.2004,-0.385391,0.0598,-0.00067,-0.091924,-0.196773,0.07375,0.14334,-0.206479,-0.132295,-0.064597,-0.427685,-0.084006,0.165355,-0.095107,-0.134874,0.080429,0.020797,0.024666,0.074998,0.002927,-0.176823,-0.102682,-0.520195,-0.064299,-0.143115,-0.151238,0.017862,0.162591,0.043282,-0.217072,-0.024621,-0.110667,0.099266,-0.161608,0.024243,-0.199061,-0.055614,0.257188,-0.223542,-0.131669,-0.183017,0.184529,-0.052953,-0.120421,0.061211,-0.127705,-0.16866,0.026114,0.154186,-0.040451,-0.241073,-0.062642,0.067778,-0.159212,-0.138139,-0.071889,-0.242205,0.260677,-0.026234,-0.057747,-0.039617,-0.013033,0.184352,-0.283491,0.130453,0.159158,-0.012831,0.231498,-0.115152,-0.147144,0.29642,0.077556,-0.120406,-0.138117,0.03039,0.423489,-0.122405,0.301759,-0.258288,0.232879,-0.164312,0.291215,0.318816,0.024574,-0.175851,0.18209,0.160937,0.092452,-0.095955,-0.193612,0.303528,-0.083477,-0.171775,0.105263,-0.075249,-0.155647,-0.171961,0.072179,-0.011437,-0.083048,0.009507,#
8,-0.307996,0.024245,0.258106,-0.12644,-0.191869,-0.067983,0.276092,-0.027519,1.0,0.117446,-0.121274,0.047469,0.044287,0.083434,0.105892,-0.183472,-0.036396,0.348869,-0.053013,-0.210545,-0.274924,0.148532,0.162614,0.106723,0.160206,0.31393,0.326073,0.301759,0.052494,0.20048,-0.076247,-0.121172,-0.084033,-0.033715,0.238856,0.229685,0.042942,-0.172954,0.180231,-0.100586,0.117275,-0.184306,0.100953,0.018694,0.263277,-0.180961,-0.156146,-0.053193,-0.02814,0.224679,0.016017,-0.153357,-0.176243,0.079754,-0.105393,0.329069,-0.084846,-0.213637,0.015292,0.172743,-0.13191,0.005745,0.060944,0.11386,0.043215,0.028133,0.150735,0.012721,-0.006462,0.181303,0.231508,0.097392,0.01815,-0.101791,0.150102,0.062289,-0.050841,-0.157966,0.039255,-0.326065,-0.076848,-0.020116,-0.34764,-0.059281,-0.096288,0.158984,-0.074741,-0.051886,-0.064944,-0.007247,0.12145,0.141516,-0.309799,0.253199,-0.061753,-0.022435,0.020463,-0.002673,-0.277607,-0.301794,0.016981,0.219036,-0.006668,0.162019,-0.095127,-0.245922,-0.04324,0.030187,-0.054737,0.080892,-0.062421,-0.045007,-0.06941,-0.358195,0.078214,-0.071231,0.17271,-0.116092,0.092285,-0.056856,0.081156,-0.07969,-0.127234,-0.060767,0.082228,-0.14757,0.119877,0.105792,-0.145873,-0.299886,0.04257,0.035707,-0.249662,8.8e-05,0.084047,0.037012,0.010913,-8e-06,-0.25293,-0.135253,0.001596,0.017816,-0.010041,-0.22438,-0.380618,-0.343858,-0.128232,0.246563,0.038875,0.033886,0.046002,-0.082542,0.162719,-0.211155,0.082135,-0.176059,0.134481,0.199429,-0.101896,0.041013,-0.035414,0.128529,0.113189,-0.123953,0.026768,0.046016,-0.131873,0.023971,-0.114177,0.220783,0.014689,0.094435,0.004548,0.078779,0.200987,0.09223,-0.137423,0.136948,0.297789,-0.381886,0.292131,0.125273,-0.169488,-0.040269,0.004843,-0.062382,-0.089804,0.139656,-0.217236,0.0053,-0.133791,-0.017724,0.043908,0.277963,-0.174362,0.333545,0.122343,-0.006021,-0.064638,0.054062,#
9,0.075364,0.252934,-0.074831,-0.282704,-0.116937,0.008687,0.314324,0.316073,0.117446,1.0,-0.2771,0.194665,0.411073,0.528313,0.390131,0.297815,-0.29078,0.196968,0.151771,0.044124,-0.134383,0.326517,0.233097,0.114302,0.089446,-0.116942,0.083831,0.003567,0.211603,0.373322,-0.019994,0.168087,0.253872,-0.242679,-0.205543,0.130108,-0.011559,-0.046115,0.194248,-0.324291,0.05953,0.169192,-0.015158,-0.158298,-0.085738,-0.458631,0.178297,0.082111,-0.107383,0.33535,-0.082947,-0.046453,0.047459,-0.135776,0.232769,-0.059801,-0.116381,-0.363503,-0.125191,-0.006701,0.379622,0.124268,-0.358113,0.023555,0.111604,0.212501,0.011762,0.232854,-0.131512,-0.014302,0.071993,0.065591,-0.096528,-0.08042,0.005168,0.158761,-0.037237,-0.248653,0.040706,0.077887,-0.08029,-0.322916,-0.324087,0.031193,-0.15298,0.092689,-0.22416,0.037543,0.190839,-0.172116,0.049946,-0.076083,-0.129819,0.354823,0.129289,0.072365,-0.230524,0.080066,0.186899,-0.286083,-0.188567,0.055489,-0.241503,-0.08046,0.00114,-0.079149,-0.508025,-0.092573,-0.232653,-0.273815,0.039221,0.264376,-0.127732,-0.183128,-0.233486,-0.216217,-0.1931,-0.025947,0.368772,-0.364617,-0.005482,-0.312752,-0.095853,-0.300641,-0.395171,0.055669,0.184097,0.115274,-0.109407,-0.31375,-0.121641,0.206604,-0.327833,-0.132727,-0.248783,-0.319534,-0.115329,-0.275861,0.094639,-0.281751,0.026814,-0.190651,-0.344448,-0.319288,-0.29217,0.051494,-0.113465,0.139138,-0.288375,-0.247661,-0.173741,-0.202092,-0.001435,-0.368289,0.055692,-0.164904,0.295438,0.322356,-0.189945,-0.128026,0.030786,-0.128367,-0.212141,0.288645,0.370112,0.361255,-0.125002,-0.022018,-0.396034,0.132945,0.045013,0.241979,-0.165691,0.001585,0.275274,-0.273331,-0.145922,-0.060512,0.513606,-0.343809,0.368427,0.037599,-0.364909,-0.288388,0.23894,-0.062002,0.303274,0.050703,-0.330601,0.107189,0.010898,-0.024863,0.128021,0.465187,-0.098606,-0.134994,-0.131939,-0.007911,0.272226,0.299114,#
10,0.102462,-0.152351,-0.080945,0.113997,0.121227,0.204098,0.146758,-0.101242,-0.121274,-0.2771,1.0,-0.19799,-0.179177,-0.41423,-0.107054,-0.054712,0.023342,-0.38017,0.084553,-0.226146,-0.057324,-0.080898,-0.052467,0.159344,0.053715,-0.00454,-0.253693,-0.020019,0.059961,-0.321654,0.163232,-0.085544,-0.350055,-0.302915,0.308017,-0.167638,0.137329,0.091853,0.036505,0.237839,-0.049799,-0.109477,-0.122973,0.031861,0.163025,0.299169,-0.383635,0.031045,0.10348,-0.05224,0.0251,0.171028,0.062522,0.203005,0.097059,0.024754,-0.139385,0.230219,-0.091654,-0.064969,-0.194098,-0.087392,-0.017142,0.077178,0.147448,-0.141017,0.109436,-0.187036,0.31467,-0.034887,0.109806,-0.101621,0.002118,-0.005266,-0.177396,0.060634,-0.205747,0.052857,-0.128711,-0.179264,0.076849,0.154052,-0.033706,0.030678,-0.013058,-0.013978,0.313065,-0.014356,-0.123559,-0.115024,-0.1488,-0.088289,0.082589,-0.259019,-0.114344,-0.083758,-0.257788,-0.318514,0.031865,0.002906,0.039997,-0.180279,0.088385,-0.284279,0.010068,-0.105871,-0.06657,0.161062,0.000507,0.297725,-0.143067,-0.005689,-0.205833,-0.125902,-0.051441,-0.066294,-0.046061,-0.111854,-0.206255,0.241101,-0.27212,0.102135,0.128318,-0.153298,-0.121132,0.00059,0.03669,0.21144,-0.094252,0.001891,-0.062389,-0.239342,-0.086604,0.118556,0.011594,0.179982,-0.192213,0.112667,-0.10941,0.026368,-0.0531,0.34866,-0.12635,0.069231,0.291127,-0.043331,-0.17881,0.147491,0.137385,0.166676,0.070643,0.220319,-0.099348,0.014631,-0.075618,-0.132371,-0.425686,-0.220443,-0.064951,0.161843,-0.176318,-0.001537,0.014845,0.096119,-0.119338,-0.132081,0.093959,-0.033273,0.043251,0.013878,0.250211,-0.022824,0.213899,0.009183,-0.031652,-0.072655,0.189754,0.095412,-0.29082,0.209995,-0.061841,0.121595,0.241239,0.351258,0.097507,-0.035745,-0.170444,-0.12659,0.301798,0.078931,-0.190634,0.241724,0.25064,-0.422784,0.039202,0.102978,0.148215,-0.055587,-0.26713,-0.153938,#
11,0.085455,-0.117921,-0.216393,-0.126626,-0.098213,0.302483,0.082993,-0.056146,0.047469,0.194665,-0.19799,1.0,0.108201,0.16044,-0.079706,-0.045185,0.10127,-0.030071,-0.049652,-0.130976,0.19647,-0.105118,-0.061935,-0.063898,0.061842,-0.068176,0.015783,0.026151,-0.08659,0.038131,-0.064673,-0.125109,-0.097115,-0.100201,-0.139511,0.117626,-0.153777,0.018,-0.029945,-0.050794,0.047997,0.145945,-0.142291,-0.299817,-0.049911,0.010973,-0.080654,0.02965,-0.164217,0.201242,-0.039617,-0.106557,-0.025613,0.152873,-0.150496,0.083329,-0.150635,-0.017856,-0.013266,0.150637,0.037667,-0.05791,0.009943,-0.146827,0.112585,0.123771,-0.069188,-0.06436,-0.065691,-0.249232,-0.108699,-0.051311,0.046889,0.165607,-0.082301,0.014872,-0.275511,-0.030084,-0.189522,0.081229,-0.149265,-0.070945,-0.093048,-0.221422,0.001965,-0.303941,-0.144519,0.086392,-0.132512,0.061407,-0.051939,-0.141712,-0.167913,-0.035153,-0.013582,-0.077175,-0.208768,0.021951,-0.137382,-0.062188,0.185105,0.090722,-0.318151,-0.013212,-0.042367,0.083118,-0.054509,0.179271,0.172173,-0.007512,-0.076278,0.087545,-0.174621,-0.197566,-0.059854,-0.037932,-0.038503,0.22328,0.251644,-0.072866,0.139957,-0.221841,0.064981,0.001111,0.039925,-0.071011,-0.052276,-0.033778,0.124276,-0.083525,-0.191651,0.106541,-0.224467,0.147366,-0.046698,-0.084466,0.155331,-0.143412,-0.01362,-0.109417,-0.107066,0.015908,-0.124551,0.017941,-0.095561,0.031099,0.049401,-0.101403,-0.260905,-0.000661,-0.121741,0.158423,-0.087039,0.188271,0.058132,0.067686,0.010617,0.33895,-0.234444,-0.288433,-0.150181,-0.328732,0.152617,-0.085336,0.043674,0.13031,-0.163305,-0.019772,0.142846,0.095345,-0.061893,0.298693,0.040751,-0.221987,-0.019886,-0.148338,-0.161687,0.122281,0.059433,0.068146,-0.04906,-0.102801,-0.097635,-0.104712,0.279255,0.108363,0.034341,0.299144,0.096586,0.009713,-0.017508,0.145144,0.009318,0.132692,-0.169335,-0.159306,0.245748,-0.326897,-0.002163,0.093434,#
12,0.344401,0.209942,-0.202673,-0.396045,0.108819,0.078016,0.236875,0.479533,0.044287,0.411073,-0.179177,0.108201,1.0,0.460074,0.192117,-0.020412,-0.057198,0.061234,0.078745,-0.016714,-0.092026,0.211801,0.272907,-0.050255,-0.216714,-0.28227,-0.110869,-0.182739,0.066151,0.160672,0.09373,-0.01222,0.219996,-0.029818,-0.349214,0.301819,0.115367,-0.0811,-0.100969,-0.260082,-0.012265,0.158075,0.171711,-0.089791,-0.256217,-0.397031,0.118201,-0.074218,-0.005565,0.048446,-0.181211,-0.009518,0.06219,0.018925,0.26318,0.273076,-0.27791,-0.200023,0.11746,0.048868,0.534426,0.221165,-0.186592,0.084247,-0.073745,0.31993,-0.075656,0.17118,0.18783,-0.08376,0.291696,-0.06435,-0.506897,-0.324547,-0.177339,0.341876,0.09312,-0.04713,0.074546,-0.189417,-0.109749,-0.270137,-0.201878,-0.196644,-0.194536,-0.020183,-0.040176,0.166006,-0.110989,-0.195084,-0.071406,-0.262941,-0.369723,0.268402,-0.164128,-0.051568,-0.090474,-0.052857,0.029497,-0.38921,0.013798,-0.08979,-0.059369,-0.001225,-0.080196,-0.189212,-0.311893,-0.217471,-0.109334,-0.336593,0.009042,0.227106,-0.230851,-0.219272,-0.081084,-0.160956,-0.036881,-0.235141,0.03846,-0.292008,0.007655,-0.437029,-0.21034,-0.327097,-0.158137,-0.055153,0.18526,0.326608,-0.055442,0.036256,-0.287581,0.119342,-0.281154,0.009478,-0.23174,-0.155745,-0.010425,-0.501456,-0.14742,-0.195004,0.021292,-0.04443,-0.196226,-0.151573,-0.054557,0.121405,-0.267128,0.230242,-0.160628,-0.523202,-0.112792,-0.252574,-0.052329,-0.312104,0.058028,-0.218001,0.268125,0.265441,-0.130945,-0.411444,0.038878,-0.165319,-0.09982,0.026473,0.32824,0.291687,-0.104418,-0.032734,-0.312594,0.146342,-0.055555,0.168116,-0.329144,0.07861,0.344137,-0.309887,-0.024556,-0.001335,0.398893,-0.3286,0.201611,0.165901,-0.027234,0.000192,0.167488,-0.187503,0.31693,-0.144243,-0.329124,0.355792,-0.06792,0.052069,0.292966,0.123999,0.004767,-0.089708,0.033902,-0.051743,0.038104,0.220177,#
13,0.236727,0.260082,-0.060337,-0.411774,0.002332,0.129637,0.05906,0.378708,0.083434,0.528313,-0.41423,0.16044,0.460074,1.0,0.359057,0.183111,-0.269238,0.266926,0.235003,0.040379,0.104706,0.291719,0.404276,0.264149,0.00303,-0.078377,0.141004,-0.029839,0.153481,0.465104,0.081465,0.197381,0.346853,-0.096725,-0.283539,0.176066,0.237594,-0.293522,0.165051,-0.297724,0.000981,0.278,0.143986,0.026842,-0.093236,-0.545689,0.279377,-0.104556,-0.079779,0.09997,-0.095161,-0.154615,0.064173,-0.107558,0.092263,0.126978,-0.225627,-0.22981,-0.073808,0.072829,0.392612,0.147588,-0.335973,0.15655,-0.078039,0.372797,-0.076942,0.323695,-0.208301,-0.016369,-0.120461,0.298035,-0.281606,-0.042451,-0.188084,0.096687,-0.088777,-0.313011,-0.14322,-0.020386,-0.016526,-0.407802,-0.2392,0.133258,-0.23989,-0.013721,-0.208492,-0.012976,0.088451,-0.203598,0.172332,-0.233299,-0.331538,0.238839,-0.004128,-0.061208,-0.26635,-0.005745,0.007061,-0.286119,0.021515,-0.129687,-0.21423,-0.22506,-0.040637,-0.106626,-0.158316,-0.115615,-0.137794,-0.316334,0.19469,0.286396,-0.193243,-0.068162,0.081544,0.013977,-0.373546,-0.176262,0.354991,-0.386568,-0.193113,-0.392458,-0.101199,-0.28054,-0.316494,-0.046489,0.144631,-0.039165,-0.188916,-0.183958,-0.077819,0.151226,-0.286014,-0.324954,-0.540194,-0.308098,0.226631,-0.222561,0.030695,-0.353196,-0.05629,-0.147063,-0.23233,-0.372436,-0.471857,-0.07717,-0.000972,0.114402,-0.424986,-0.342554,-0.22941,-0.198809,-0.063766,-0.222555,0.040281,-0.131885,0.489676,0.258951,-0.113122,-0.212483,0.136605,-0.042365,-0.10395,-0.007633,0.219649,0.27248,-0.160058,-0.010215,-0.211106,0.05581,-0.169351,0.097491,-0.340967,-0.157437,0.141798,-0.273575,-0.083294,-0.053455,0.579783,-0.39053,0.32877,-0.07652,-0.365286,-0.151252,0.260064,0.09603,0.233575,-0.239867,-0.332053,0.229363,-0.003683,-0.028356,0.079836,0.277945,-0.21881,-0.200004,0.074481,-0.19163,0.258106,0.171189,#
14,0.046155,0.407526,-0.104206,-0.240637,0.00541,0.100197,0.093024,0.140878,0.105892,0.390131,-0.107054,-0.079706,0.192117,0.359057,1.0,0.069984,-0.110937,0.239716,0.480431,-0.040367,-0.008227,0.126069,0.216363,0.087531,-0.015372,-0.035166,-0.075725,0.154349,0.126553,0.17716,-0.104854,0.031839,-0.078451,0.026149,-0.052696,0.052953,0.056757,-0.14072,0.094492,-0.141922,-0.024732,0.219251,0.050175,0.105313,0.275528,-0.183691,0.198479,0.119603,0.211547,-0.050641,0.107827,-0.138297,-0.059491,-0.164483,0.227738,0.016565,-0.071167,-0.287157,-0.245163,-0.185834,0.221027,-0.091466,-0.263725,0.294454,0.120882,0.054998,-0.094003,0.107282,0.057951,-0.0241,0.154046,0.124764,0.194352,-0.276208,-0.122021,0.037686,0.023754,-0.158764,-0.085777,-0.078996,-0.027061,-0.439933,-0.248557,0.084522,-0.231033,0.12808,-0.12436,-0.064612,-0.110237,-0.160255,0.046935,-0.115074,-0.061297,0.255309,-0.142259,-0.131231,-0.236888,-0.112708,-0.091579,-0.123217,0.037826,-0.131246,-0.253476,-0.23289,-0.271443,-0.240956,-0.336467,-0.104447,-0.357443,-0.083273,0.17083,0.216196,-0.234677,-0.159733,-0.194798,-0.047394,-0.215477,-0.061932,0.268561,-0.238023,-0.153971,-0.232315,-0.305713,-0.137191,-0.301953,-0.318322,-0.062396,0.225672,-0.40839,-0.157042,0.071207,0.137218,-0.352518,-0.090245,-0.261138,-0.24793,0.167882,-0.023033,-0.083667,-0.320318,-0.17922,-0.196575,-0.191144,-0.181667,-0.323049,-0.031059,-0.176411,0.155717,-0.31816,-0.151318,-0.410269,-0.381405,0.029618,-0.374028,-0.124144,-0.348809,0.152339,0.190509,-0.277707,-0.10369,0.046385,-0.046622,0.158324,0.090099,-0.05665,0.301053,-0.072205,0.112131,-0.232386,-0.050811,0.119866,0.077849,-0.187982,-0.018111,0.253454,-0.172207,-0.24384,0.143097,0.332627,-0.231212,0.394296,-0.001839,-0.098755,0.069806,0.239038,-0.100506,0.178838,-0.139084,-0.108028,0.133359,-0.07471,0.055194,0.314283,0.19391,0.106061,0.043153,0.136489,-0.081683,0.124768,0.06705,#
15,0.091973,0.029219,-0.065338,-0.137093,-0.140646,0.179295,0.201723,0.226683,-0.183472,0.297815,-0.054712,-0.045185,-0.020412,0.183111,0.069984,1.0,-0.057776,0.096731,0.044057,0.172114,0.047522,-0.072067,0.27021,-0.082233,-0.035466,0.051289,-0.039479,-0.12855,0.197441,0.145055,0.066101,-0.107153,0.117047,-0.085885,-0.055173,-0.099751,0.046224,0.062216,0.151468,0.007,-0.022707,0.10398,-0.211931,-0.000286,0.063898,-0.079802,0.138267,0.0021,-0.160176,0.121861,0.240552,0.128034,0.039999,-0.05676,0.22177,-0.074931,-0.043773,-0.236081,-0.273278,-0.006623,0.157918,0.088522,-0.203742,0.045866,0.120757,0.103987,-0.248589,0.211021,-0.253779,0.035692,-0.052654,0.024566,-0.111993,-0.023586,-0.115569,0.110249,-0.036911,-0.164585,-0.000791,0.24867,0.117254,-0.157536,-0.022981,0.335043,-0.015349,-0.203756,-0.194616,-0.144872,0.039726,-0.041124,0.040495,0.023288,-0.056567,0.190507,0.068208,0.073657,-0.106003,-0.303324,0.101355,0.042582,-0.195516,-0.151076,-0.300081,-0.027218,-0.015436,-0.039116,-0.18502,0.178916,-0.001857,-0.026779,-0.14501,0.109885,-0.037895,-0.12734,0.135256,0.001664,0.014835,-0.185803,0.147625,-0.25348,-0.134115,-0.011202,-0.034791,-0.200332,-0.250603,0.078239,-0.064124,0.013234,-0.29563,-0.268,-0.064774,0.045455,-0.165525,-0.033171,-0.223639,-0.2287,-0.000109,0.00303,-0.038676,-0.327006,0.186434,0.194696,-0.027496,0.041494,-0.000116,-0.0094,0.281727,0.169529,-0.100602,-0.264007,-0.016868,-0.027864,0.012472,-0.001427,0.06952,-0.023679,0.063237,0.215991,-0.173931,0.033416,0.159242,-0.067554,-0.064701,-0.08605,-0.15205,-0.031199,-0.118584,-0.111378,-0.05342,-0.162623,0.102343,-0.145664,-0.039049,-0.2715,-0.081336,-0.126773,-0.017736,-0.052588,0.105702,-0.180353,0.259938,-0.1775,-0.168324,0.05126,0.286397,-0.12523,0.247886,0.073476,-0.223303,-0.038959,0.069735,-0.034817,-0.02834,0.068809,-0.172673,-0.258781,0.029071,-0.228787,0.089709,0.131373,#
16,-0.068453,-0.016463,-0.190869,0.076408,0.064489,0.18745,0.054721,-0.188297,-0.036396,-0.29078,0.023342,0.10127,-0.057198,-0.269238,-0.110937,-0.057776,1.0,-0.102682,0.065716,-0.064177,0.027716,-0.304065,-0.016283,-0.355361,-0.251359,-0.223411,-0.228069,-0.074733,-0.031448,-0.164749,-0.1476,0.032838,0.11694,0.181287,0.083174,0.134403,0.023767,-0.200228,-0.305016,0.212688,0.029464,-0.129284,0.055039,0.143366,0.068402,0.126245,-0.226222,0.034152,0.122885,0.228484,0.007418,0.022505,0.147072,-0.059155,0.021492,0.049682,0.175868,0.019007,0.195673,-0.045017,-0.137265,0.230638,0.3659,-0.202708,-0.098291,0.018436,-0.168586,-0.00924,0.019249,-0.159027,-0.175421,-0.066826,-0.014192,-0.158294,-0.106943,0.064972,-0.098617,-0.055447,-0.032175,0.052921,-0.010353,0.102952,0.010514,-0.300386,-0.029796,-0.152766,-0.073659,-0.017935,-0.071239,-0.254475,-0.129717,0.11689,-0.063656,-0.165666,-0.028913,-0.234185,-0.069788,-0.214172,-0.239287,0.148807,0.080925,0.027694,-0.026933,0.005427,0.012302,0.05009,0.071103,-0.111013,-0.003976,0.043521,-0.212639,-0.061504,-0.033717,0.008303,-0.041289,-0.086202,0.027588,0.055136,-0.23778,-0.041533,-0.066626,-0.027259,0.01068,-0.145996,0.133876,-0.264634,-0.361674,-0.146763,0.052403,-0.059982,-0.184353,-0.18942,-0.083162,0.248862,0.076447,-0.000771,0.087585,-0.258456,-0.040982,0.045329,-0.222126,0.16143,-0.119324,0.263574,0.112994,-0.064534,-0.103811,0.071716,-0.059069,0.004936,-0.028543,0.069621,0.048992,0.054229,-0.223591,-0.233601,-0.263725,0.22187,-0.135604,0.165482,-0.108704,-0.061857,0.194512,-0.139933,-0.140707,0.174798,0.107057,-0.023897,0.128509,-0.141901,-0.160601,0.097593,-0.053512,-0.162729,0.03127,-0.159697,-0.118585,0.172955,-0.113556,-0.001916,-0.315279,0.012882,0.357036,0.202447,-0.03684,-0.132161,0.007988,0.204714,0.10688,-0.278596,-0.092131,0.255389,0.051852,-0.172433,0.063637,0.146453,0.117805,-0.044815,-0.326279,-0.110154,#
17,-0.29342,0.27663,0.417603,0.048934,-0.205621,-0.020369,0.003848,0.031538,0.348869,0.196968,-0.38017,-0.030071,0.061234,0.266926,0.239716,0.096731,-0.102682,1.0,0.004485,0.359367,-0.114396,0.217158,0.15076,0.077937,0.08039,0.200619,0.158552,0.170229,-0.064829,0.109955,0.166973,0.092418,0.02932,0.040175,-0.098632,0.051479,0.115199,-0.136288,-0.014372,-0.234876,0.033017,0.138482,0.201609,0.157375,0.052034,-0.316581,0.123688,0.202167,0.127455,0.012667,0.002502,-0.09154,0.029834,-0.002402,-0.13493,0.010235,-0.118036,-0.319411,-0.048814,-0.144062,0.021693,-0.132892,-0.155576,0.028069,-0.07353,0.150427,0.024163,0.194849,-0.053975,0.395985,0.191283,0.275547,-0.116966,-0.123967,0.04761,-0.054354,0.295543,-0.242194,0.15457,-0.080142,0.283976,-0.011473,-0.170347,0.244656,-0.081266,0.148311,0.076351,-0.028244,0.034748,0.079298,0.125724,0.079497,-0.142656,0.514419,-0.033122,0.145605,0.290964,-0.024615,0.001411,-0.019127,-0.197186,0.148749,0.0953,0.347328,-0.079867,0.090445,-0.092526,-0.155529,-0.127617,-0.076323,0.24252,0.179936,0.128077,0.05836,0.185038,0.094941,0.187226,-0.213508,0.473971,-0.447486,0.166222,-0.229438,-0.217052,0.007757,0.045285,0.052119,0.034393,0.06303,0.058933,0.135784,0.220153,0.201594,0.005236,-0.195403,0.0132,-0.057074,0.001023,0.009093,0.068864,-0.034883,0.009042,-0.166915,-0.174938,-0.357051,-0.275577,0.053419,0.082042,0.058084,0.135661,0.032988,-0.206819,-0.190796,0.350665,-0.044536,-0.063004,-0.065868,0.139705,0.378824,-0.003879,0.053525,0.169407,0.188077,-0.054866,0.051065,0.158767,0.275034,0.1343,-0.142716,-0.113866,0.196933,-0.217591,-0.175895,-0.167686,-0.069511,0.035757,0.095573,0.020311,-0.103428,0.3841,-0.31763,0.216881,-0.145208,-0.368694,-0.205146,-0.020473,-0.135354,0.222172,0.232382,-0.303148,-0.237619,0.236642,-0.255484,-0.134433,0.229859,-0.256074,-0.13925,-0.033693,0.073809,0.351191,0.166682,#
18,0.076766,0.274607,-0.091196,-0.089195,0.116888,0.003878,0.198387,0.151266,-0.053013,0.151771,0.084553,-0.049652,0.078745,0.235003,0.480431,0.044057,0.065716,0.004485,1.0,-0.197596,0.171678,-0.041842,0.035478,0.033764,0.073886,0.082181,-0.008489,0.173788,-0.040107,0.226058,-0.152441,0.110792,0.03033,0.071438,0.024167,-0.019302,0.054507,-0.172857,-0.034093,-0.110745,0.147739,0.27509,0.108307,0.226769,0.184408,-0.077259,0.015539,-0.232154,0.128572,0.045878,-0.09825,0.029235,0.14826,-0.0209,0.306877,-0.015186,-0.122725,-0.170864,-0.18093,-0.115225,0.038912,-0.12412,-0.092517,0.44994,0.057628,0.117943,-0.032218,0.017958,0.015167,-0.245002,-0.007515,0.010824,-0.145164,-0.133915,-0.008533,0.135521,-0.043679,-0.068631,0.137124,-0.163083,-0.010112,-0.253597,-0.271227,0.016121,-0.237956,-0.137818,-0.122024,0.149868,-0.02453,-0.185638,-0.180116,-0.240159,0.044989,-0.140082,-0.12023,-0.185202,-0.102831,-0.274695,0.071519,-0.12591,0.115579,0.064737,0.014441,-0.432393,-0.154076,0.109425,-0.140307,-0.039051,-0.076271,-0.009147,-0.118617,0.256042,-0.247851,-0.106168,-0.078358,0.091756,-0.186922,-0.047798,-0.124113,-0.01179,-0.317797,-0.122176,-0.245289,-0.226757,-0.152186,-0.297281,0.031576,0.187309,-0.277869,-0.162046,-0.059891,-0.142317,-0.242423,0.110087,-0.213677,-0.14156,0.076212,-0.018817,-0.127525,-0.17472,-0.291878,0.018713,-0.163869,-0.131274,-0.163967,-0.182084,-0.265723,0.235381,-0.356856,-0.326918,-0.364839,-0.156244,-0.142233,-0.272263,-0.07635,-0.305814,0.094364,0.124561,-0.21757,-0.169457,-0.102408,0.025593,0.057646,-0.058334,0.051525,-0.007143,0.019419,0.227602,-0.081088,-0.052529,0.200905,0.311347,-0.038737,-0.047544,0.28528,-0.12109,0.052734,0.12946,0.164125,-0.169539,0.083179,0.183417,0.231449,0.239421,0.36931,-0.06521,0.177483,-0.188743,0.070564,0.214414,-0.159349,0.106888,0.373914,-0.009029,-0.15084,-0.039281,0.461107,-0.150247,-0.312897,0.044845,#
19,-0.222552,0.061068,0.111173,0.131885,-0.114811,-0.030109,-0.244316,0.113829,-0.210545,0.044124,-0.226146,-0.130976,-0.016714,0.040379,-0.040367,0.172114,-0.064177,0.359367,-0.197596,1.0,0.271343,0.0604,-0.050429,0.068326,-0.13211,-0.120289,-0.047148,-0.209355,-0.008135,-0.108942,0.298735,0.285959,0.238697,0.237127,-0.147571,-0.427681,0.156636,0.112762,-0.282477,-0.169757,0.112858,0.123373,-0.099465,0.018688,-0.158306,-0.242068,0.309765,0.173301,0.265545,-0.182474,-0.214413,-0.041387,0.395057,-0.130466,-0.208304,-0.044343,0.112001,-0.261757,0.125709,-0.22431,-0.05579,-0.078243,-0.095685,-0.169273,0.075093,-0.00288,-0.065812,0.008836,-0.087904,0.203795,0.065855,0.121399,0.063858,-0.005475,0.132992,-0.361631,0.315914,0.220104,0.474085,0.236732,0.314973,0.193342,0.288435,0.1585,0.236353,0.251976,0.268429,-0.128791,0.2837,0.115784,0.241365,0.269192,0.150586,0.245177,0.140269,0.325997,0.252947,0.270413,0.218119,0.27895,-0.486982,0.073873,0.132675,0.380179,0.332214,0.399958,-0.035297,-0.300987,0.152505,-0.210355,0.326145,-0.18347,0.123043,0.38462,0.156921,0.121346,0.088023,0.060193,0.119416,-0.275465,0.293051,-0.011017,-0.089944,0.05703,-0.030218,0.350326,0.019136,-0.033764,0.190949,0.334293,0.377236,0.270112,0.387229,-0.153658,0.321641,0.147577,0.1814,0.065225,0.073921,0.139476,0.187607,0.108779,0.024967,-0.178448,0.113427,0.307721,0.387283,-0.426139,0.355633,0.07851,0.115701,0.164787,0.390384,0.337312,-0.040328,0.223727,0.35659,-0.077267,0.034685,0.123404,0.13007,0.234467,-0.09887,0.101749,-0.066434,0.02472,0.41499,-0.134046,0.076346,0.226176,-0.503523,-0.168157,0.100264,0.112217,-0.349907,0.182202,0.163502,-0.455102,-0.075603,0.106906,-0.002189,-0.222289,-0.248282,-0.289734,-0.472254,0.029185,0.230659,0.158429,-0.054972,-0.330006,0.190053,-0.401071,-0.403963,-0.166452,-0.030827,-0.313225,-0.39531,0.289549,0.345465,0.027078,#
20,0.249485,-0.047956,-0.088992,0.037007,-0.175033,-0.036607,-0.264527,0.008809,-0.274924,-0.134383,-0.057324,0.19647,-0.092026,0.104706,-0.008227,0.047522,0.027716,-0.114396,0.171678,0.271343,1.0,-0.143616,-0.393962,-0.064354,0.044441,0.026957,-0.090662,-0.092336,-0.016826,0.038396,0.315298,0.30022,0.13316,0.29223,-0.191897,-0.310084,0.010655,0.086338,-0.128867,-0.065046,0.359229,0.070326,-0.060074,0.00722,-0.046179,-0.155698,0.015738,-0.133667,-0.006637,-0.270195,-0.141219,-0.127024,0.340397,-0.007501,-0.025524,0.089147,-0.180478,-0.013366,-0.144142,0.119979,0.0164,0.035252,0.130074,-0.05121,-0.010577,-0.035592,-0.289829,-0.024491,-0.271893,-0.17767,-0.100033,0.122941,0.051255,0.24351,-0.088861,-0.398507,0.061956,0.373266,0.177829,0.378544,0.163671,0.156452,0.3905,-0.078439,0.071211,-0.160376,0.086503,0.074119,0.423892,0.139391,-0.070101,0.004202,0.264535,-0.075468,0.325191,0.156851,-0.119039,0.253521,0.114708,0.130942,0.067401,0.186026,-0.134086,-0.014097,0.185345,0.145035,0.119789,0.181723,0.240646,0.098409,0.029783,-0.013531,-0.26936,0.321016,0.288581,0.443784,-0.034202,0.148826,0.108553,0.18385,0.070431,0.106588,-0.167017,0.275676,-0.154593,-0.015077,-0.155609,-0.292671,-0.079393,0.269225,0.180185,0.102191,0.25058,0.158645,-0.06704,0.206662,0.166486,0.029323,0.143647,0.186862,-0.042789,0.126059,0.314184,0.030923,0.043753,-0.026889,0.271954,-0.439348,-0.030094,0.186904,0.061029,0.131004,0.142565,0.267023,0.028558,0.20112,0.252992,-0.184865,0.030731,-0.030639,-0.040035,0.015081,0.142096,-0.239674,-0.217345,-0.237025,0.26215,0.133803,0.347818,-0.081016,-0.219056,0.117014,0.226441,-0.050155,-0.343754,0.137797,-0.005108,-0.360805,-0.200734,0.350115,-0.21322,0.106993,-0.112847,-0.045396,-0.143127,0.347757,0.153253,-0.02582,0.170851,0.047867,-0.16922,-0.229349,-0.192303,-0.296888,-0.161192,-0.100853,0.071124,0.015099,0.095078,-0.15017,#
