0,1.0,0.138855,0.131693,-0.074033,0.454904,-0.062421,0.193255,-0.150049,0.44297,0.011364,-0.161656,0.251279,0.228565,0.059957,0.071208,0.024883,0.089288,-0.037291,0.105193,-0.14253,-0.288759,0.029049,-0.097306,-0.143087,-0.021196,-0.276484,-0.094713,-0.206468,0.319987,0.120384,-0.410413,-0.159711,-0.20358,-0.09803,-0.146162,0.061005,0.136951,-0.01628,-0.055418,0.059788,0.072883,-0.29764,-0.329558,0.006625,-0.029349,0.016751,0.262454,0.150025,0.149123,0.376427,0.019056,-0.170238,0.183383,0.04101,0.053336,-0.108653,-0.23754,0.221565,-0.073776,0.053903,0.170734,0.137818,0.026773,-0.160281,0.00218,0.117697,-0.048004,-0.087218,0.233484,-0.054087,0.001411,-0.329323,0.089642,-0.290186,-0.310473,0.210854,-0.218361,-0.346981,-0.184983,-0.199947,-0.017147,-0.392096,-0.145825,-0.262569,-0.030365,-0.127962,-0.408001,-0.124947,-0.158636,-0.358242,0.029212,-0.242219,-0.021569,-0.03485,-0.202428,-0.198783,-0.317657,-0.230142,0.037057,-0.236783,0.128451,-0.230307,-0.263306,-0.216019,-0.110856,-0.130245,-0.037747,-0.068584,-0.179335,-0.219567,-0.057325,-0.18105,0.040558,-0.243312,-0.231777,-0.300044,-0.216266,-0.299981,0.033814,-0.41356,-0.074674,-0.241499,-0.236084,-0.209351,-0.08473,-0.1364,-0.218392,-0.083595,-0.085936,-0.042774,-0.154105,-0.217052,-0.127861,0.052762,-0.241892,-0.354306,-0.007506,-0.254248,0.058917,-0.25137,-0.1879,-0.178971,-0.037278,-0.223552,-0.358401,-0.068229,-0.257117,0.278205,-0.330915,-0.197299,-0.263532,-0.225136,0.018547,-0.241412,-0.195257,0.007064,0.14413,0.310973,-0.136269,-0.159211,-0.032022,-0.12785,-0.016798,-0.07099,-0.059216,0.085084,0.025244,-0.048591,-0.160118,-0.26324,-0.003111,0.151703,0.03071,-0.35146,0.161662,-0.13547,-0.038745,0.274935,0.185384,-0.325312,0.150993,0.055484,0.046568,0.000557,0.22771,-0.051783,0.344551,-0.079998,-0.08436,0.366366,-0.28757,0.077968,0.17756,0.288584,-0.1881,0.149112,0.14845,-0.340571,-0.062381,0.036888,#
1,0.138855,1.0,0.033417,0.175423,0.353431,0.012417,-0.053862,-0.217502,0.022735,0.208036,-0.195994,0.066136,0.042309,0.125345,0.018099,-0.092044,-0.048173,0.077776,-0.119563,-0.124511,0.055088,0.129082,0.146237,0.00379,-0.009001,-0.256164,-0.0144,0.114662,0.175407,0.239706,-0.37397,-0.007099,0.000686,-0.11778,-0.115954,0.171246,0.242832,-0.345629,0.021857,0.018978,0.154001,-0.15768,0.277759,0.111205,-0.142215,-0.012557,0.19246,0.197603,-0.09269,0.159557,-0.070868,-0.254691,0.137767,0.068345,-0.058765,-0.243116,-0.091564,0.201057,-0.017765,0.066479,-0.074139,-0.00734,0.033059,0.041321,-0.104006,0.04702,0.020189,0.163159,0.320768,0.160456,-0.219458,-0.239064,0.003876,-0.071526,-0.213063,0.008481,-0.198091,0.019648,-0.202614,-0.166745,-0.041764,-0.379436,-0.211674,0.151149,-0.284579,-0.2666,-0.123425,-0.177696,-0.013576,-0.11156,-0.203107,-0.089849,-0.043064,-0.095597,-0.410931,-0.169799,-0.330742,-0.209708,-0.245605,-0.042845,0.072566,-0.00655,-0.072436,-0.088201,-0.197661,-0.235209,-0.25438,-0.137496,-0.006706,-0.09011,-0.023905,0.218847,-0.325394,-0.212008,0.037751,0.017015,-0.264185,-0.227904,0.106043,-0.076678,-0.244176,-0.174908,-0.155612,-0.17006,-0.025852,-0.050472,-0.198333,0.028191,0.243214,-0.026916,-0.087119,-0.079594,-0.067052,0.061252,-0.147656,-0.168861,-0.149614,-0.312298,0.168882,-0.202763,-0.163483,-0.00591,0.184054,-0.337975,-0.086678,-0.105306,-0.052708,0.09939,-0.221991,-0.052903,-0.441307,-0.163933,-0.143489,-0.056319,0.021438,-0.060764,-0.052291,0.264387,-0.075418,-0.237434,0.074296,-0.045135,-0.068746,0.053503,-0.137149,0.315195,0.152894,-0.471513,-0.075337,-0.047978,-0.094543,0.121515,-0.272141,-0.044396,0.056947,0.054526,-0.140581,-0.086535,0.174962,-0.295777,0.171072,-0.127372,-0.01005,0.054931,0.175076,-0.309542,0.015821,-0.285088,-0.139057,0.165911,-0.140096,0.18292,0.244999,0.298291,0.129062,-0.154854,0.102519,-0.18734,-0.050316,0.119125,#
2,0.131693,0.033417,1.0,0.245287,-0.085056,-0.2155,-0.071736,-0.108291,0.190055,0.080085,-0.021752,0.181402,-0.142245,0.017935,-0.091555,-0.178153,-0.131578,0.186824,0.018442,0.064653,-0.384865,-0.177622,-0.102039,0.153504,0.055927,-0.178764,0.005708,-0.228965,0.208829,-0.15696,-0.012232,0.201227,-0.265432,0.025099,-0.182668,0.051256,-0.124504,0.146955,-0.179517,-0.287572,-0.23964,0.135024,-0.185153,-0.015713,0.217707,-0.415294,0.158888,0.089743,-0.293876,0.332356,-0.278077,0.123526,-0.039816,0.233908,-0.115209,-0.159085,-0.105718,-0.181605,-0.218033,0.000579,0.000491,0.208044,0.057139,-0.297005,0.064979,-0.027761,0.058808,-0.19716,-0.161838,-0.055858,0.139069,0.064464,-0.017762,0.207622,-0.091122,0.201158,-0.130369,-0.150441,0.092498,-0.171182,0.069248,-0.060433,-0.21819,0.395905,-0.030204,-0.025397,0.025221,-0.016408,-0.224513,-0.179122,0.145339,-0.22375,0.133617,0.182733,-0.0611,0.251025,0.159754,0.024397,0.01719,0.139918,-0.256949,-0.210256,-0.058376,0.193023,-0.129458,0.001075,0.182343,0.220904,0.02488,0.125811,0.25204,0.069346,0.121972,0.145813,0.139289,-0.146646,-0.020237,-0.047786,0.108531,0.124051,-0.207246,0.309243,-0.113571,0.009657,0.045402,0.120226,-0.000386,-0.210828,-0.007372,0.06867,0.218676,0.136661,-0.052075,0.059169,0.242685,0.075074,0.093406,0.30886,-0.067197,-0.114321,0.32243,0.239502,0.058714,-0.133286,0.063409,0.18315,0.043609,-0.045422,-0.260629,0.131305,0.127959,0.431341,0.277768,0.118622,0.03178,0.038952,-0.066022,0.106988,0.190076,0.039853,0.080586,-0.074011,0.346076,-0.003889,-0.008357,-0.112719,-0.085449,-0.106314,0.250681,-0.048278,-0.043066,0.167553,-0.091621,0.037582,-0.022059,0.177361,-0.165012,0.189377,0.018091,-0.014708,0.17482,0.02275,-0.079914,-0.026356,-0.292424,0.24766,0.060546,0.288354,-0.069905,0.057275,0.201989,-0.209564,-0.182939,0.074737,-0.376037,-0.068649,-0.085963,-0.007568,0.207465,-0.221147,#
3,-0.074033,0.175423,0.245287,1.0,-0.075671,-0.231861,-0.211637,-0.053888,-0.30566,-0.071136,-0.062154,-0.206282,-0.097045,-0.181487,-0.027714,-0.039649,0.012983,-0.031864,-0.160673,0.116613,-0.164653,0.017255,-0.26458,0.048601,0.054889,-0.06883,-0.107528,0.009828,0.090088,-0.219951,-0.038864,0.00099,0.08256,0.077651,-0.00677,-0.405564,-0.044702,0.05819,-0.064251,0.085064,-0.047293,0.029838,0.054253,-0.056199,0.063838,0.235223,-0.247784,-0.355805,0.089361,0.077622,-0.209823,0.200761,0.140968,0.043385,-0.061126,0.056172,0.113025,-0.016089,-0.190511,-0.211035,-0.057706,-0.030846,0.27869,-0.055036,-0.149095,-0.388493,-0.081101,-0.181973,-0.335323,0.009276,-0.027732,0.151297,0.206024,0.18873,-0.008997,0.057383,0.14097,0.278274,0.355138,-0.036835,0.042522,0.080441,0.086629,0.090373,0.142526,0.057222,0.246168,0.063803,0.001432,-0.04593,0.192784,0.079001,0.114935,0.207591,0.0535,-0.056385,0.124038,0.24204,0.059944,0.163676,-0.171318,0.145383,0.213992,0.219633,0.124234,-0.041571,0.262221,0.23736,-0.003513,0.045062,-0.023564,-0.002285,-0.094126,-0.017173,-0.015524,0.284109,0.309147,0.075694,-0.167582,0.330399,0.174807,0.003933,0.164707,0.238698,0.123855,0.159291,-0.053507,-0.205542,0.031903,0.230071,-0.172295,-0.047363,0.060475,0.070181,0.108193,0.273276,0.19851,0.115308,-0.294211,0.166891,0.010669,0.290591,0.202875,-0.169631,0.212906,0.218602,0.078669,-0.267583,-0.052391,0.032102,0.028627,0.157226,0.175118,0.165005,0.138185,0.255708,-0.270959,-0.190108,0.226454,0.003965,0.248576,0.204185,0.123927,-0.090434,-0.262589,-0.287016,-0.098486,-0.238596,0.269605,-0.003942,-0.189515,-0.28789,0.100208,0.187136,-0.137858,0.087729,0.033954,-0.047031,-0.279183,0.057532,-0.268214,-0.272294,0.118118,-0.082848,-0.183799,-0.092271,-0.214919,-0.079088,0.129709,-0.259362,0.091123,-0.053795,-0.220757,-0.186211,-0.165788,-0.113332,-0.255535,0.009372,-0.16761,0.001158,#
4,0.454904,0.353431,-0.085056,-0.075671,1.0,0.022854,0.211855,-0.064531,0.265673,0.200862,-0.24597,0.237683,0.400122,0.257725,-0.043655,0.035415,0.036523,0.046247,0.005986,-0.096355,0.131847,0.016709,0.326229,-0.281612,-0.338889,-0.342141,-0.018309,-0.115145,0.30297,0.193855,-0.373253,0.029106,-0.126956,-0.158899,-0.171278,0.241477,0.226177,-0.374209,-0.104018,-0.195226,0.221696,0.005324,-0.011832,0.011004,-0.012841,-0.075905,0.257942,0.400814,0.272783,0.011678,-0.013636,-0.557806,0.173188,-0.173236,0.023206,-0.291308,-0.276593,0.115234,0.049299,0.021425,0.149688,0.142356,-0.111598,-0.21227,-0.0338,0.421639,0.102135,0.22411,0.380225,0.029494,-0.106146,-0.599904,0.115043,-0.575067,-0.315004,0.343593,-0.408409,-0.432063,-0.352128,-0.322901,-0.289771,-0.625924,-0.313969,-0.102517,-0.29315,-0.310117,-0.548326,-0.281543,-0.096446,-0.209735,-0.388873,-0.408845,-0.228027,-0.31908,-0.342362,-0.362099,-0.575367,-0.471883,-0.269937,-0.291471,0.070665,-0.306792,-0.287483,-0.231811,-0.349689,-0.45623,-0.145099,-0.351572,-0.178655,-0.322593,0.159209,0.057033,-0.356396,-0.517408,-0.254567,-0.026308,-0.300185,-0.406755,0.029968,-0.323144,-0.07405,-0.164883,-0.406086,-0.407616,-0.055866,0.126962,-0.486929,0.246628,-0.108381,-0.273949,-0.292598,-0.050384,-0.402615,0.185197,-0.391111,-0.348939,-0.131239,-0.462759,0.144455,-0.376558,-0.284677,-0.10556,-0.062538,-0.147696,-0.416885,-0.186729,-0.144279,0.569182,-0.517662,-0.254225,-0.569985,-0.234905,-0.075849,-0.484518,-0.244662,-0.165739,0.180219,0.546085,-0.324667,-0.326561,-0.081227,-0.111296,-0.340926,-0.000563,-0.16181,0.223674,-0.098448,-0.282914,-0.269816,0.020943,-0.09162,0.269338,-0.364856,-0.515419,0.038711,-0.139086,-0.221359,0.235591,0.2924,-0.45126,0.361222,-0.061562,0.041699,0.132649,0.391199,-0.321189,0.307071,-0.183492,-0.256942,0.332502,-0.348009,0.249391,0.420877,0.410138,-0.015141,0.220933,0.416695,-0.37457,-0.330232,0.088381,#
5,-0.062421,0.012417,-0.2155,-0.231861,0.022854,1.0,0.225059,0.375855,0.025365,-0.123846,-0.015074,0.197273,-0.226059,0.310183,0.047397,-0.017595,0.024757,0.020104,0.01159,-0.133842,0.26812,0.261707,0.021458,-0.410525,0.163182,-0.034599,0.037389,-0.038249,-0.15488,0.122357,0.02727,0.155252,0.124144,-0.149516,-0.303752,0.293522,-0.078282,-0.064698,0.104447,-0.043779,-0.006941,-0.118821,0.213439,0.079835,-0.186508,0.100723,-0.029131,0.097743,-0.0029,-0.0554,0.245358,0.005328,0.212957,-0.117779,0.13613,0.144768,0.062401,0.218229,-0.014425,0.140882,0.131174,0.028655,-0.071662,0.271382,-0.087008,-0.036717,-0.138824,0.285435,0.163041,-0.176903,-0.125582,-0.168918,-0.123063,-0.150457,0.079204,0.033279,-0.052454,0.040663,-0.214051,-0.123983,-0.014396,-0.192076,0.131342,-0.118,-0.032828,0.201869,-0.037298,0.002357,-0.002807,-0.061145,0.099801,0.012932,0.12433,-0.328171,-0.06045,-0.191184,-0.122959,-0.111028,-0.024165,-0.233003,0.103315,-0.11623,0.068741,-0.334858,-0.088166,-0.163495,-0.157333,-0.445343,-0.072325,-0.319562,-0.185601,-0.053778,-0.070375,-0.278122,0.106514,-0.083353,-0.034841,-0.219169,0.068077,-0.023724,-0.055641,0.053696,-0.064143,-0.119736,0.037552,0.039267,0.076355,0.009891,0.025113,-0.192449,0.060164,-0.08344,-0.019806,-0.068843,0.019688,-0.01081,0.102366,-0.107589,-0.001805,-0.071988,-0.221898,-0.174739,-0.164424,-0.140994,-0.003178,-0.036874,0.117036,0.034246,0.079858,-0.212364,-0.05732,0.056128,-0.00786,-0.006106,-0.030935,-0.234041,0.256079,0.06275,-0.10744,0.11349,-0.039896,-0.103949,0.000302,0.019332,0.086666,0.330929,0.123611,0.197052,0.018918,0.035183,0.097412,0.030133,-0.032328,0.078565,0.170461,-0.070088,-0.1178,0.165071,0.17222,-0.151373,0.091693,-0.032843,-0.020008,0.30226,0.319513,-0.221182,0.131021,-0.063322,0.008528,0.190722,0.022737,0.140854,0.140064,-0.018508,0.286784,0.228441,0.126711,-0.149489,0.078733,0.189064,#
6,0.193255,-0.053862,-0.071736,-0.211637,0.211855,0.225059,1.0,0.095094,0.373786,-0.005481,0.228988,0.221901,0.134508,0.04008,0.019882,0.222155,-0.06441,-0.037908,0.268687,-0.10305,0.134795,0.252537,0.090616,-0.299508,-0.182028,-0.148335,0.013225,-0.209254,0.298357,0.044394,-0.301679,-0.005992,0.239273,-0.400434,-0.023761,0.206879,0.01872,-0.07598,-0.301944,-0.079078,0.056273,-0.063113,-0.149453,-0.16303,-0.033055,-0.052423,0.003186,0.166861,0.189739,0.227728,0.070113,-0.196312,0.050422,0.020739,-0.015742,-0.218665,0.144824,0.001941,0.12077,0.103831,0.14685,0.088539,-0.227358,0.149422,-0.098767,-0.015652,0.048264,0.099836,0.238474,-0.114804,-0.021545,-0.294511,-0.002138,-0.194701,-0.227836,0.195042,-0.161501,-0.272325,-0.503725,-0.293568,-0.226933,-0.282053,-0.213601,-0.292307,-0.165762,0.009423,-0.193526,-0.287248,-0.203971,-0.107408,-0.241961,-0.270669,-0.05763,-0.332386,-0.284775,-0.043017,-0.327772,-0.469157,-0.411994,-0.163237,0.098127,-0.388682,-0.239073,-0.343266,0.021745,-0.068451,-0.110397,-0.302129,-0.367744,-0.074819,-0.070031,-0.082164,-0.101723,-0.217428,-0.110309,-0.355439,-0.318467,-0.114967,-0.094084,-0.234754,-0.154136,-0.136958,-0.1828,-0.345321,-0.325659,0.072481,-0.353974,0.057541,-0.01295,-0.449952,-0.20871,-0.185861,-0.198504,0.06517,-0.224834,-0.183353,0.074655,-0.316516,-0.046501,-0.257463,-0.132133,-0.194727,-0.258983,-0.103081,-0.211075,-0.074754,-0.31308,0.309727,-0.081807,-0.246876,-0.144683,-0.243237,-0.280882,-0.169156,-0.129311,-0.341165,0.04194,0.41488,-0.192179,-0.32594,0.020872,-0.273524,-0.191182,-0.032963,-0.14502,0.336424,-0.065428,0.186755,-0.041677,-0.147696,0.104861,0.195827,-0.112584,-0.238374,0.209899,-0.277555,-0.207174,0.368018,0.278162,-0.185931,0.400896,0.221271,0.218568,0.333328,0.331865,-0.038195,0.007639,-0.014799,0.064218,0.182206,-0.145196,0.271847,0.300888,0.20926,-0.068406,0.276424,0.394865,-0.338484,-0.11172,0.164168,#
7,-0.150049,-0.217502,-0.108291,-0.053888,-0.064531,0.375855,0.095094,1.0,-0.07201,-0.315791,-0.160169,-0.204067,-0.150884,0.231676,0.328852,-0.132334,0.045234,-0.115801,0.16439,0.012423,0.042424,0.226087,-0.1463,-0.252405,0.079681,0.063604,0.201775,0.01924,-0.175096,-0.131991,0.128705,0.310749,0.269477,-0.148413,-0.080044,0.039741,0.074231,0.188326,0.109793,-0.283983,-0.091137,0.196193,0.233039,0.068702,-0.089192,0.099122,0.07625,-0.237475,-0.086934,-0.16566,-0.144765,0.055944,-0.074276,-0.382658,-0.019111,0.192455,0.05713,0.039867,-0.152736,0.123296,-0.123127,0.062878,-0.256994,0.22768,0.098006,0.131953,0.044331,0.173715,-0.083231,-0.240398,-0.129564,-0.05401,0.042975,-0.028895,0.142172,-0.282134,0.214647,0.027955,-0.152573,-0.001691,0.125942,-0.130505,0.28748,-0.223923,0.153192,0.250882,0.071321,0.054336,-0.076108,0.095192,0.136468,0.02184,0.120338,-0.10075,0.192041,0.22418,-0.213782,0.079636,-0.003061,-0.129147,-0.042033,-0.16898,0.170177,-0.103349,-0.044301,-0.114593,0.068167,-0.255766,0.119198,-0.317558,-0.182164,0.24692,0.188855,0.094176,-0.071967,0.132721,0.151872,0.039667,-0.056787,0.163592,-0.029206,0.17779,-0.143711,-0.032276,0.012206,0.192898,0.006404,-0.100183,0.107929,-0.037551,0.182988,-0.060698,-0.070091,-0.18579,0.041112,0.017896,0.106196,0.111743,-0.123679,0.02103,0.016486,-0.234467,-0.202667,0.081197,-0.016468,-0.196112,0.16159,-0.152277,0.15165,0.066634,0.15839,0.200627,0.37267,0.16667,0.141478,-0.123747,0.207817,-0.110655,-0.285303,0.15961,-0.019735,-0.013036,0.072599,0.028868,-0.063044,0.039514,-0.030743,0.120643,-0.191982,0.260157,-0.113258,0.070978,0.107166,0.143382,-0.062063,0.084423,0.025342,-0.039758,-0.07167,0.009938,-0.056335,-0.091156,0.035897,0.043955,-0.030361,-0.100583,0.043722,0.247462,0.010213,-0.191893,-0.154663,0.153681,-0.05859,-0.210855,0.002863,0.066705,-0.18947,-0.099496,0.142378,-0.023304,#
8,0.44297,0.022735,0.190055,-0.30566,0.265673,0.025365,0.373786,-0.07201,1.0,-0.147242,0.127908,0.350596,0.178022,0.041082,-0.017391,-0.091887,0.04982,0.229283,0.290156,0.018919,-0.223375,-0.110017,0.12751,-0.186745,-0.076934,-0.29488,0.078412,0.009293,0.243244,-0.047332,-0.157423,0.062311,-0.09987,-0.185021,-0.16813,0.043606,0.380567,-0.10923,-0.103427,-0.076541,-0.022478,-0.134301,-0.352247,-0.051395,0.067901,-0.175858,0.305056,0.280793,-0.021509,0.34741,0.185245,-0.116416,0.049879,0.217721,-0.00245,0.097256,-0.081883,0.056107,0.084166,0.033865,-0.169076,0.061645,-0.114485,-0.070744,-0.063062,0.169332,0.321399,-0.002892,0.227732,0.197348,0.123731,-0.186042,-0.104924,-0.169934,-0.093382,0.032794,-0.034472,-0.357341,-0.14758,-0.081616,-0.115449,-0.203668,-0.120038,0.110198,0.021678,0.107618,-0.283126,-0.142053,-0.107713,-0.271177,0.110571,-0.173468,-0.110155,0.063828,-0.168018,0.09859,-0.059614,-0.295507,-0.085526,-0.048576,-0.206909,-0.414797,-0.2776,-0.119305,0.033281,0.10543,-0.044066,0.167899,-0.173591,0.078389,0.117573,-0.099511,0.178682,-0.132356,0.152995,-0.553853,-0.151535,-0.100729,0.216506,-0.269067,-0.108647,-0.011459,-0.14893,-0.495949,-0.237975,0.08917,-0.11894,0.19666,-0.035482,-0.186786,0.205454,0.196622,-0.105472,-0.142308,0.042649,-0.158296,0.113479,0.034273,0.156751,-0.060552,0.18052,0.034578,-0.298074,-0.088345,-0.156239,-0.186621,-0.040223,0.405283,-0.066521,-0.084366,0.012765,-0.039817,0.033134,-0.121883,-0.100664,-0.283043,0.066844,0.251117,0.0649,-0.132314,0.075235,-0.122096,-0.097477,0.238607,0.153714,-0.003689,-0.105116,0.035017,0.007101,-0.04703,-0.170214,0.219372,0.143712,-0.161122,-0.154695,-0.142166,0.011914,0.321569,0.176689,-0.209165,0.268086,0.214745,-0.153173,-0.128871,0.133316,0.21169,0.083873,0.102211,-0.392332,0.237462,0.196112,-0.129571,0.112002,0.187613,-0.228487,0.104617,0.201755,-0.233908,-0.01142,0.082972,#
9,0.011364,0.208036,0.080085,-0.071136,0.200862,-0.123846,-0.005481,-0.315791,-0.147242,1.0,-0.130026,0.208933,0.154201,0.286867,-0.530706,0.015583,-0.326947,0.213267,-0.204185,0.031638,0.139095,-0.139864,0.092909,0.113524,0.046032,0.037995,0.056724,-0.367413,0.007035,0.220543,0.011624,-0.257826,-0.074478,0.163324,0.118292,0.29923,-0.023471,-0.321637,-0.305935,-0.061168,0.045448,0.243235,0.155484,0.181087,0.219298,-0.20023,-0.138037,0.325638,-0.039488,0.147654,-0.098987,-0.313331,0.103161,0.014238,-0.198631,-0.442418,-0.068613,-0.05142,0.233681,0.092729,-0.012772,0.199425,0.054333,-0.268157,-0.07194,-0.04518,0.035725,0.117388,0.023916,-0.076341,-0.145416,-0.244344,-0.013289,-0.082155,0.031965,0.179726,-0.155656,-0.181366,-0.015442,0.106762,-0.136537,-0.101447,-0.196882,-0.113519,0.067765,-0.376747,-0.016303,-0.110209,-0.093466,0.109332,-0.256031,-0.017948,-0.05294,0.084302,-0.160918,0.046881,-0.028816,-0.106306,-0.094349,0.065495,-0.136115,0.077329,0.045307,0.161316,-0.006018,-0.124215,-0.089218,-0.140332,-0.175108,-0.001491,0.175552,0.077423,-0.088074,-0.049406,0.027358,0.003859,-0.128504,-0.190854,0.201474,-0.223573,0.007977,0.260705,-0.069771,-0.00651,-0.229457,0.005542,-0.16639,-0.105404,-0.034832,0.217136,-0.040075,0.277722,-0.021949,0.68862,-0.161144,0.049343,-0.10363,-0.123531,0.176522,-0.154492,0.126812,-0.006381,0.260305,0.075851,0.189208,0.089963,0.181117,0.06872,-0.230577,0.151616,-0.467452,-0.260079,-0.174246,0.008256,0.218967,0.17089,0.035085,0.31688,0.061671,-0.002908,0.060659,0.139668,-0.178362,0.353781,-0.056181,0.158194,-0.027037,-0.035442,0.04829,0.017025,0.161406,-0.159819,-0.117666,-0.239661,0.097938,0.111437,-0.269636,0.013436,0.271072,-0.070069,0.111276,-0.178075,-0.181408,0.144995,-0.090044,-0.103328,0.023903,-0.098354,-0.161386,0.287673,-0.081905,-0.152483,-0.064638,0.095679,0.11366,-0.197034,0.032243,0.014249,0.254233,-0.046455,#
10,-0.161656,-0.195994,-0.021752,-0.062154,-0.24597,-0.015074,0.228988,-0.160169,0.127908,-0.130026,1.0,0.03522,-0.176746,-0.084405,0.110542,0.08418,0.19184,-0.152539,0.141933,0.093463,-0.01227,0.175215,-0.01483,0.096855,-0.076418,0.327628,-0.233465,0.120256,0.156036,-0.053221,-0.0658,-0.064634,-0.253009,-0.130887,0.24888,-0.005322,-0.116461,0.070368,0.080171,0.112598,-0.267203,-0.133174,-0.165796,-0.22353,0.062856,0.170782,-0.164458,-0.346089,0.148805,0.000842,0.212062,0.165535,-0.092403,0.351922,-0.070019,0.241978,0.085983,-0.137819,0.007148,0.032134,0.075853,-0.181627,0.225619,0.049664,0.079295,-0.04963,-0.03223,-0.047202,-0.215755,0.0044,-0.050252,0.112406,0.010189,0.044509,0.015634,0.207119,-0.022253,0.079389,-0.023829,-0.036574,-0.034398,0.146243,-0.168321,0.200051,0.006103,-0.046147,0.080836,-0.134915,-0.043499,-0.03889,0.135568,-0.119934,0.108875,-0.050623,-0.12572,0.102597,-0.003199,-0.10544,-0.325443,-0.04887,0.085903,0.067212,-0.361304,-0.052577,0.252151,0.066568,-0.036221,0.029313,-0.196657,0.418565,-0.16436,-0.240418,-0.103839,0.242077,-0.021697,-0.06741,-0.236734,0.041577,-0.014435,0.079555,0.005168,-0.132511,0.046444,0.065909,0.099629,-0.136996,-0.040595,-0.020197,0.021677,-0.159889,0.200318,-0.21257,-0.007689,-0.199345,0.239607,0.188915,0.108824,-0.078192,-0.09773,0.041215,-0.003501,0.16949,-0.130596,-0.006711,0.035133,0.166112,-0.10317,-0.102686,0.205587,-0.250454,0.162605,0.004991,-0.311814,-0.051575,-0.182185,-0.286011,-0.241107,0.144652,0.167437,-0.019738,0.099949,-0.165402,-0.113505,-0.035431,-0.024047,-0.091283,-0.172401,0.064087,0.256426,-0.243956,0.14718,-0.25038,-0.057568,0.036952,0.03202,-0.315208,-0.261425,0.163115,-0.166266,0.019085,0.016769,0.164641,0.039002,0.281317,-0.015617,0.16659,-0.22867,-0.024844,0.295648,0.075929,0.056758,0.270784,0.03405,-0.072396,0.060957,0.059795,0.195896,-0.035937,-0.024432,0.198209,#
11,0.251279,0.066136,0.181402,-0.206282,0.237683,0.197273,0.221901,-0.204067,0.350596,0.208933,0.03522,1.0,0.036191,-0.013079,-0.151041,0.210862,-0.044949,-0.128743,-0.179969,-0.314953,-0.098775,-0.031663,-0.041593,0.02431,0.164926,-0.134049,-0.05249,-0.401688,0.247806,0.195775,-0.327071,0.029321,-0.329954,0.036304,-0.181899,0.376559,-0.145718,-0.224036,-0.089808,0.078515,0.105095,-0.105978,-0.111296,-0.010156,-0.019067,0.031422,-0.065922,0.158665,0.134637,0.069292,0.033826,-0.203852,0.00333,0.08815,0.153349,-0.047495,-0.301305,-0.099699,0.044587,0.129343,-0.183148,0.155256,-0.003851,-0.024343,0.026138,-0.169622,-0.022741,-0.034695,0.152125,-0.034413,-0.005326,-0.239371,-0.039042,-0.205267,-0.280059,0.267771,-0.267732,-0.06126,-0.22894,-0.341973,-0.225577,-0.247699,-0.07751,0.117088,-0.060172,-0.157486,-0.249598,-0.384114,-0.072725,-0.145613,-0.055655,-0.136607,0.057681,-0.20458,-0.394832,0.026529,-0.152916,-0.333229,-0.191324,-0.090442,-0.032426,-0.128751,-0.128451,-0.130866,-0.023767,-0.139158,-0.067558,-0.194665,-0.306231,0.007622,-0.179425,0.014842,-0.236581,-0.168632,0.00605,-0.253791,-0.186901,-0.269945,-0.130789,-0.059639,-0.108098,-0.120209,-0.161528,-0.236061,0.090024,-0.107179,-0.125093,-0.057659,-0.073768,-0.21876,-0.039067,-0.067282,-0.163448,0.130467,-0.20401,-0.031384,0.045995,-0.188548,0.135554,-0.321184,0.085625,0.091161,-0.231965,-0.112707,-0.200752,-0.13285,-0.173509,0.106191,-0.226728,-0.437547,-0.248777,-0.037677,-0.131239,-0.202068,-0.190844,-0.412092,0.110134,0.106026,0.000749,-0.093605,0.123423,-0.161412,-0.05084,-0.094516,-0.159685,0.040776,0.047743,0.009044,0.330677,-0.229936,-0.025629,0.123032,-0.09698,-0.240655,0.210889,-0.353554,-0.295795,0.126406,0.095014,-0.185686,0.267495,0.094895,0.145304,0.153251,0.200188,-0.199733,0.046096,-0.105224,-0.00186,0.403774,0.108217,0.187448,0.288007,0.043767,-0.017457,0.160527,0.313345,-0.147169,0.004344,0.00978,#
12,0.228565,0.042309,-0.142245,-0.097045,0.400122,-0.226059,0.134508,-0.150884,0.178022,0.154201,-0.176746,0.036191,1.0,0.216994,0.075656,0.154407,-0.045737,0.103644,-0.013387,-0.000214,-0.06983,0.081462,0.210443,-0.052245,-0.262659,-0.10003,0.178311,-0.058539,0.225377,-0.073701,-0.264854,0.081773,0.050426,-0.005204,-0.016122,0.027862,0.33812,-0.251867,-0.131114,0.038024,0.163453,0.224408,-0.050789,0.026325,0.233942,-0.006269,0.211212,0.19913,0.05184,0.073977,-0.119373,-0.330529,0.082466,-0.146678,0.001181,-0.351107,-0.285327,0.340375,0.213479,-0.135669,-0.0484,-0.058571,-0.33583,0.019285,0.113019,0.265072,0.099492,-0.010605,0.334632,-0.106473,-0.016761,-0.370935,0.041966,-0.206862,-0.114455,0.142956,-0.138652,-0.253446,-0.245694,-0.196855,-0.229745,-0.315533,-0.167793,-0.217526,-0.079942,-0.249086,-0.152651,-0.238771,-0.281066,-0.124457,-0.272795,-0.368637,-0.21797,-0.116336,-0.179772,-0.185049,-0.163403,-0.247305,-0.110773,-0.420255,0.191733,-0.20311,-0.249208,-0.360855,-0.142308,-0.021648,-0.199284,-0.142796,-0.209235,-0.042719,0.142035,-0.057836,-0.085736,-0.240993,-0.273508,-0.143499,-0.33479,-0.115864,0.025104,-0.381042,0.022255,-0.363854,-0.098413,-0.263552,-0.291902,0.060726,-0.388232,0.212749,-0.350682,-0.275395,-0.208756,0.020177,-0.059254,0.014995,-0.311942,-0.253367,-0.05561,-0.061404,0.111162,-0.366854,-0.332038,-0.105884,-0.250954,0.047283,-0.343064,-0.103614,-0.120261,0.345458,-0.524669,-0.03673,-0.06752,-0.192843,-0.143562,-0.133158,-0.145677,-0.081801,0.204727,0.278587,-0.394523,-0.305267,-0.123466,-0.100663,-0.282015,-0.024924,0.04409,0.16982,-0.18147,-0.041691,-0.29541,-0.036663,0.152417,0.220486,-0.12384,-0.236715,0.096994,-0.013552,-0.096909,0.238431,0.287021,-0.315673,0.20024,0.231914,-0.012504,0.053549,0.153887,-0.122901,0.121868,-0.086093,-0.227081,0.203442,-0.265637,0.067234,0.308424,0.389178,0.034286,-0.006613,0.230608,-0.118765,-0.187818,0.153922,#
13,0.059957,0.125345,0.017935,-0.181487,0.257725,0.310183,0.04008,0.231676,0.041082,0.286867,-0.084405,-0.013079,0.216994,1.0,-0.051734,-0.108691,-0.190624,0.181378,0.07094,-0.055348,0.037435,0.003375,0.093848,-0.180144,-0.124942,0.006548,0.229302,-0.002457,0.05448,-0.039636,0.028135,0.22414,-0.073809,-0.231616,-0.23519,0.294932,0.232963,-0.1627,-0.130328,-0.298443,-0.019247,0.357008,0.214584,0.228973,0.006637,-0.284621,0.285749,0.312721,-0.068583,-0.004825,-0.038116,-0.135509,0.03841,-0.118435,-0.336487,-0.217433,0.089671,0.179986,-0.000191,-0.027304,0.044772,0.237406,-0.205916,-0.003519,0.104809,0.297559,0.200371,0.328467,0.279936,-0.079285,-0.208173,-0.238568,0.096527,-0.143079,0.029874,0.210925,-0.051892,-0.295832,-0.185275,-0.013996,0.032737,-0.314055,-0.073258,-0.072124,-0.014656,-0.051323,-0.150933,-0.191026,-0.266722,-0.194759,-0.13591,-0.095754,-0.044535,-0.036427,-0.103279,-0.085457,-0.166102,0.012992,-0.102223,-0.254716,0.070005,-0.119247,-0.054474,-0.209376,-0.177218,-0.157988,0.001113,-0.320267,-0.01713,-0.291134,0.150288,0.040297,-0.079397,0.07336,0.009991,0.009189,-0.289082,-0.225944,0.240072,-0.231161,-0.031732,0.026969,-0.167136,-0.164467,0.069215,-0.083799,-0.309153,-0.089263,-0.152384,-0.062824,-0.120909,0.226504,-0.241316,0.120048,0.067752,-0.239241,0.044929,0.119903,0.285033,-0.056652,-0.073358,-0.223614,-0.106656,-0.19821,-0.087482,-0.142511,0.082937,0.278224,-0.296734,0.264945,-0.244031,0.108879,-0.109507,-0.004728,0.169207,-0.045453,0.347191,0.362724,-0.242454,-0.022786,-0.157118,-0.146847,0.006726,0.2645,0.091775,0.291427,0.016463,0.158797,-0.224746,0.0735,0.050293,0.131515,-0.229395,-0.167422,-0.05389,0.022171,-0.099861,0.073134,0.272336,-0.20324,0.112603,0.049348,-0.292364,-0.015906,0.214758,-0.110474,0.185988,0.081114,-0.175585,0.195945,-0.107027,-0.066343,0.211857,0.228132,0.141987,-0.078793,0.000948,-0.230398,0.251054,0.169605,#
14,0.071208,0.018099,-0.091555,-0.027714,-0.043655,0.047397,0.019882,0.328852,-0.017391,-0.530706,0.110542,-0.151041,0.075656,-0.051734,1.0,0.102222,0.073154,-0.231931,0.033916,-0.114198,-0.071021,0.292702,0.060934,0.004114,-0.185369,0.074766,-0.003088,0.039231,0.153779,-0.138796,-0.28903,0.343901,-0.055427,0.022987,-0.080747,-0.201364,0.082193,0.148922,0.356119,-0.014057,-0.143809,-0.02739,0.075433,-0.019605,-0.097703,0.351081,0.376025,-0.333105,0.113735,-0.031545,-0.049199,0.183277,-0.091896,-0.279085,0.01052,0.199622,-0.068032,0.207338,-0.406966,0.036928,0.225992,-0.182221,-0.052322,0.326303,0.212272,0.276589,-0.274543,-0.054012,0.066764,-0.182369,0.092688,0.043244,-0.040296,-0.010417,-0.085748,-0.178464,-0.017897,0.319395,-0.146044,-0.223379,0.009271,-0.100544,-0.003413,-0.042183,-0.121128,0.060063,-0.106629,-0.18223,-0.138612,-0.129737,0.027719,-0.056571,0.218424,-0.113677,-0.030005,0.011198,-0.277389,-0.10405,-0.260298,-0.052767,0.068267,0.016454,-0.095882,-0.199181,-0.121477,0.147009,-0.166553,-0.042154,0.19914,-0.192266,-0.302413,-0.171946,-0.087803,0.20707,-0.32176,0.092687,-0.204904,0.153774,-0.254233,-0.019019,-0.113641,-0.197582,-0.066098,0.082297,0.103452,-0.070726,0.143546,-0.000501,-0.109551,-0.271618,0.128866,-0.422522,-0.234349,-0.501274,-0.146252,-0.059153,0.024223,-0.086993,0.100353,-0.096001,-0.16867,-0.386896,-0.251826,-0.155375,-0.23339,-0.007205,-0.117607,-0.132672,-0.127852,-0.232928,0.13448,0.058707,0.037082,-0.058145,-0.16768,-0.228316,0.088923,-0.012025,-0.331841,-0.116481,-0.294616,-0.101931,0.009952,-0.417045,-0.09975,0.088993,-0.051777,0.043237,-0.157461,-0.208788,-0.038762,0.19959,-0.239343,0.044005,0.121984,0.028407,0.150217,0.045133,-0.116025,-0.16406,-0.040435,0.345808,0.199698,0.070583,0.138035,-0.099166,0.12749,0.241276,0.278392,-0.081203,-0.306179,0.349498,0.000231,0.060239,-0.045937,-0.161707,0.074923,-0.192196,0.047376,0.160877,#
15,0.024883,-0.092044,-0.178153,-0.039649,0.035415,-0.017595,0.222155,-0.132334,-0.091887,0.015583,0.08418,0.210862,0.154407,-0.108691,0.102222,1.0,0.03003,-0.430826,-0.026297,-0.289429,0.029271,0.119464,-0.066863,-0.10779,-0.297508,0.011488,-0.257792,-0.095264,0.070855,-0.007012,-0.259559,-0.015068,0.020209,-0.042877,0.031746,-0.013273,-0.083798,-0.000852,-0.039948,0.265097,-0.071159,-0.027796,0.063011,-0.133438,0.072686,0.227195,-0.024503,-0.141341,0.139234,-0.012175,0.15838,-0.083578,0.129959,0.02926,-0.144101,-0.006267,0.015929,0.035863,0.011486,0.147122,0.024597,0.08201,0.082994,0.302741,0.000256,-0.110212,-0.302428,0.153026,-0.029594,-0.294573,0.092774,-0.001751,0.070126,-0.161522,-0.183019,0.167348,-0.216753,0.10866,-0.203274,-0.21346,-0.102941,-0.093132,-0.181176,-0.147252,-0.043108,-0.181519,-0.100625,-0.201063,0.005576,-0.032145,0.016933,-0.088101,0.292525,-0.376722,-0.205468,-0.09732,-0.216919,-0.278244,-0.199631,-0.05499,0.212597,0.073893,-0.18455,-0.030614,0.051459,-0.050381,-0.413033,-0.037254,-0.260342,-0.003859,-0.451217,-0.334076,-0.256106,-0.008267,-0.181305,-0.073629,-0.047521,-0.139636,-0.429334,0.042221,-0.076762,-0.239362,0.153051,0.246717,0.008781,-0.100018,-0.126786,-0.129619,-0.221398,-0.129915,-0.16022,-0.205204,-0.105165,0.154568,-0.147055,-0.159193,0.186451,-0.326643,-0.123062,-0.099326,-0.16554,-0.073945,-0.080063,-0.099731,-0.359993,0.283022,-0.373824,-0.10985,-0.219852,-0.406452,-0.143068,-0.137971,-0.381207,-0.179881,-0.397031,-0.121422,-0.107436,-0.049127,-0.204712,-0.092982,-0.298554,-0.334011,-0.063859,-0.355703,-0.159515,0.064836,-0.189767,0.096376,0.062802,-0.248575,0.08984,-0.005361,-0.169953,-0.010412,0.147149,-0.320479,-0.25646,-0.005597,-0.294406,-0.127716,0.079616,0.015698,0.527616,0.339123,0.173665,-0.059141,-0.003227,-0.195922,0.564352,-0.057614,-0.274829,0.382591,0.331398,0.131565,0.127022,0.109258,0.370643,-0.005164,-0.235367,0.107462,#
16,0.089288,-0.048173,-0.131578,0.012983,0.036523,0.024757,-0.06441,0.045234,0.04982,-0.326947,0.19184,-0.044949,-0.045737,-0.190624,0.073154,0.03003,1.0,-0.091346,0.079806,-0.197249,-0.069155,0.111845,0.08825,0.054714,0.063753,-0.092146,-0.315559,0.095735,0.020432,0.029156,-0.107423,0.097558,-0.008452,-0.175481,0.033816,-0.232223,-0.175883,0.068509,0.085712,0.065644,-0.071996,-0.191515,-0.098476,-0.168027,0.036934,0.22492,0.047205,-0.225478,-0.039648,0.060587,0.164596,0.035131,0.027952,0.09422,0.176319,0.217796,-0.143075,0.084466,-0.153977,0.031627,0.079349,-0.302768,0.062138,0.254375,0.015462,0.006755,-0.048355,-0.184817,-0.003877,0.092644,-0.097291,0.045087,0.095633,-0.253078,-0.286636,0.122607,-0.107064,-0.042386,0.000426,-0.022765,-0.009325,-0.108023,0.044595,0.116715,-0.081004,-0.026014,-0.020717,-0.032518,-0.065127,-0.084981,0.242662,-0.068178,-0.066415,-0.126616,-0.10908,-0.173222,-0.00958,-0.110322,0.029213,-0.168481,0.260265,0.068125,-0.24114,-0.12415,-0.00325,-0.222986,0.180803,-0.137007,-0.063366,0.221993,-0.264714,-0.003174,-0.029126,-0.060816,-0.114508,-0.001877,0.138403,-0.154532,0.143104,0.203796,-0.055693,0.022262,-0.372096,-0.124685,0.129598,-0.196267,-0.104282,0.189321,-0.208412,0.051421,-0.023544,-0.212773,0.076377,-0.163734,0.022387,0.001219,-0.181047,-0.422419,-0.327756,-0.122546,-0.192359,0.144494,-0.010159,0.147983,-0.262407,-0.029482,-0.053964,0.090687,-0.056994,-0.173641,0.151807,0.085568,-0.05975,-0.249047,-0.3602,-0.151591,-0.160689,0.133208,-0.090691,-0.049546,-0.018751,0.106842,-0.079935,-0.209805,0.058131,0.022023,-0.13607,-0.184602,-0.067463,0.203649,0.242534,0.027381,-0.055279,0.006647,-0.081054,-0.290424,-0.147255,-0.068783,-0.23345,-0.09744,0.024037,-0.280868,0.275939,0.12015,0.074384,-0.125295,-0.002144,-0.050147,0.153693,-0.134757,-0.049974,0.195316,0.108154,0.091241,0.122392,0.269375,0.153259,0.141939,-0.259444,0.018595,#
17,-0.037291,0.077776,0.186824,-0.031864,0.046247,0.020104,-0.037908,-0.115801,0.229283,0.213267,-0.152539,-0.128743,0.103644,0.181378,-0.231931,-0.430826,-0.091346,1.0,0.10592,0.255775,0.129053,-0.147825,0.309236,0.06607,0.188107,-0.183091,0.276493,0.043216,-0.123903,-0.078663,0.349297,0.006302,0.136818,0.096928,-0.098222,-0.006858,0.260715,-0.225008,-0.021762,-0.294495,0.055456,0.2319,0.045281,-0.098697,0.22807,-0.295447,0.217828,0.468327,-0.09753,-0.06044,0.032087,-0.081753,-0.090255,-0.011226,-0.196738,-0.100184,-0.028152,-0.052676,0.101764,-0.101006,-0.079833,-0.007863,-0.054422,-0.364783,-0.143911,0.051668,0.187923,-0.01272,0.116291,0.377414,0.03213,-0.146034,-0.372492,0.161193,0.135878,-0.153297,0.162083,-0.250621,0.049405,0.204663,-0.104976,0.146164,-0.057725,0.12334,0.174624,0.164524,-0.139388,0.258609,-0.023185,0.024554,-0.060923,-0.026326,-0.347621,0.33828,0.213585,-0.017332,0.176705,0.13134,0.165396,0.043853,-0.199918,-0.179763,-0.035446,0.169443,0.100065,0.167475,0.135606,0.219639,0.121428,-0.069568,0.372377,0.156014,0.261691,-0.127082,0.202765,-0.076885,-0.006496,-0.061194,0.541427,-0.242674,-0.010014,0.202623,-0.041988,-0.244226,-0.266292,0.307576,-0.008951,0.300445,-0.125326,0.040547,0.161218,0.335559,0.141686,0.158216,0.081163,0.043771,-0.020625,0.296783,0.267173,-0.03156,0.135725,0.040649,0.078485,-0.051829,0.151701,-0.145691,0.364348,0.290016,-0.085629,0.46535,-0.06528,0.04686,0.190172,0.035717,0.300787,0.261061,0.203997,0.14286,0.020329,0.272598,0.206103,0.373542,0.02873,0.638996,0.284578,0.015334,0.119562,-0.049865,-0.290035,0.223698,0.022748,0.104331,0.096604,-0.150844,-0.287053,0.346395,0.276084,0.195731,0.442717,-0.147821,0.101971,-0.111142,-0.639343,-0.215612,-0.138624,0.049632,0.005882,0.13461,-0.489471,0.146483,0.080801,-0.413991,-0.136824,-0.052161,-0.068473,-0.017357,-0.114251,-0.010212,0.16876,-0.252733,#
18,0.105193,-0.119563,0.018442,-0.160673,0.005986,0.01159,0.268687,0.16439,0.290156,-0.204185,0.141933,-0.179969,-0.013387,0.07094,0.033916,-0.026297,0.079806,0.10592,1.0,-0.064267,-0.082788,0.271029,0.009023,-0.168026,-0.446277,-0.060884,-0.08131,0.356576,0.021564,-0.257751,0.085597,0.20799,0.066322,-0.1765,-0.016382,0.102331,0.17942,0.368565,0.080023,-0.125254,0.250226,-0.058218,-0.162407,-0.112535,-0.094293,-0.169061,0.181951,-0.041164,-0.16882,0.048351,-0.18641,0.189215,0.065972,0.041221,-0.155217,-0.068322,-0.004116,0.021703,-0.046213,-0.127867,-0.015122,-0.134778,0.101394,-0.075506,0.130137,0.07396,0.321987,-0.105663,0.018103,-0.058356,0.007241,-0.138638,-0.101725,0.032876,-0.02277,-0.124328,0.217641,-0.505805,-0.066684,0.063977,-0.127548,0.066799,-0.169977,-0.192468,-0.017755,0.065334,-0.025359,-0.025951,0.002368,0.17655,0.176244,0.080607,-0.134293,0.127486,0.135668,0.024057,0.068551,0.052888,0.016675,-0.203232,-0.025949,-0.1003,-0.079252,0.142099,-0.036997,0.040972,-0.028275,-0.052449,0.280137,0.060028,0.012041,-0.012833,0.148617,0.066322,0.039221,-0.239486,0.107685,0.202533,0.208701,-0.115036,-0.011741,-0.061264,0.180279,0.038073,-0.059247,0.099862,-0.054867,0.206476,0.090074,0.1267,0.227766,0.260798,0.001364,-0.184898,0.178272,-0.08159,0.133669,0.018328,-0.129075,-0.110303,0.098118,0.119839,-0.144204,0.055157,0.05092,-0.01357,0.065532,0.121564,0.028491,0.149285,0.21947,0.03259,0.170217,-0.156051,0.064301,-0.088687,0.063296,0.060814,-0.033766,-0.003771,-0.032331,0.007392,-0.12789,0.045514,0.484979,0.00411,0.168234,-0.070701,-0.216842,0.358595,-0.253764,0.340243,0.181437,0.023492,-0.079229,0.08905,0.054114,0.008038,-0.04781,0.146722,0.040125,0.17923,-0.123421,-0.005424,-0.055932,0.126087,0.284206,-0.046172,-0.021099,-0.267233,0.121444,-0.101862,0.023345,0.048112,0.024557,0.205462,0.051041,0.025424,-0.019113,-0.108598,#
19,-0.14253,-0.124511,0.064653,0.116613,-0.096355,-0.133842,-0.10305,0.012423,0.018919,0.031638,0.093463,-0.314953,-0.000214,-0.055348,-0.114198,-0.289429,-0.197249,0.255775,-0.064267,1.0,-0.034591,0.145436,0.037616,0.141387,-0.018382,0.12722,0.156278,0.195158,-0.090039,0.0297,0.271832,-0.042479,0.096701,0.129955,0.180547,-0.196268,0.087067,-0.078255,-0.018393,-0.018261,-0.128733,0.141807,-0.084235,0.007769,0.037281,-0.126283,-0.042575,0.041144,-0.118368,-0.085253,0.057332,0.097741,-0.05045,-0.022071,-0.214442,0.062607,0.047378,-0.046877,0.022134,-0.370107,0.035782,-0.07866,0.125029,-0.134884,-0.021932,0.032998,0.326623,-0.040328,0.056232,0.224516,-0.03696,0.091078,-0.031956,0.295711,0.194067,-0.208052,0.170848,0.061368,0.16712,0.117596,0.175679,0.166345,0.148407,0.053735,0.206153,0.225898,-0.034654,0.155864,0.126873,-0.038375,-0.022362,0.05473,-0.095945,0.259498,0.149053,0.122644,0.144662,0.075895,0.136128,0.071578,-0.289484,-0.113958,-0.007425,0.24966,0.189156,0.262424,0.041367,0.297116,0.129931,0.167157,0.517959,-0.172182,0.181488,-0.038444,0.241252,0.230784,0.22733,0.061088,0.263248,-0.047456,0.106867,0.21955,0.100837,-0.074401,-0.263801,0.262654,0.127003,0.095932,0.137268,-0.035062,0.103583,0.1604,0.137617,0.065035,0.256993,0.016495,-0.172116,0.259246,-0.00247,0.260479,0.284477,-0.03395,0.124827,-0.015172,0.184403,0.213215,0.322235,0.039672,0.160162,0.374826,0.073964,0.039504,0.313212,0.333113,0.217522,0.369644,0.041149,-0.203432,0.279807,0.13502,0.046653,0.215455,0.077935,0.428975,0.16859,-0.101385,0.08821,0.120524,0.023858,0.054813,-0.213661,-0.130652,0.130111,0.148575,-0.09201,0.218975,0.367985,-0.053864,0.026567,0.112186,-0.065383,-0.069016,-0.479037,0.027954,-0.138367,0.318998,-0.132713,0.116205,-0.29823,0.056629,0.053394,-0.262207,-0.276237,-0.218275,-0.101689,-0.136939,-0.208545,0.178822,0.101042,-0.03869,#
20,-0.288759,0.055088,-0.384865,-0.164653,0.131847,0.26812,0.134795,0.042424,-0.223375,0.139095,-0.01227,-0.098775,-0.06983,0.037435,-0.071021,0.029271,-0.069155,0.129053,-0.082788,-0.034591,1.0,0.002178,0.175954,-0.116811,0.030432,0.134938,0.031347,0.01588,-0.054792,0.341262,0.002615,-0.054091,0.273798,-0.073386,-0.012899,0.13931,-0.074033,-0.161661,0.096462,-0.032978,0.08441,0.010032,0.235207,0.052031,0.005997,0.013188,-0.28436,0.116819,0.190427,-0.350386,0.051821,-0.375988,0.01753,-0.086372,-0.13251,-0.031433,0.187985,-0.166478,0.179185,0.287397,-0.026884,-0.097889,-0.130645,-0.007009,-0.212653,0.13266,-0.152828,0.329298,0.103713,0.09582,0.034115,-0.092774,0.014213,-0.014608,0.059949,0.042586,0.160409,0.079672,-0.280021,-0.004218,-0.125869,-0.035172,-0.151195,-0.104215,-0.077402,-0.118354,-0.058028,0.050522,0.089607,0.234659,-0.333869,-0.072902,-0.135279,-0.154297,-0.063375,-0.054233,-0.124516,-0.143063,-0.144328,0.09973,-0.033841,0.093311,-0.162091,-0.15639,0.037221,-0.146727,-0.114723,-0.250488,0.084225,-0.307488,0.106126,0.089186,-0.234779,-0.293168,0.073399,0.013574,-0.027373,-0.042022,-0.067012,-0.145222,0.093511,-0.026084,0.076798,-0.064056,-0.215229,0.117225,-0.012947,0.186017,-0.014219,-0.116683,-0.151632,-0.022324,-0.211496,0.082244,-0.119723,-0.025339,-0.241279,-0.111334,0.109854,-0.003941,-0.120468,-0.04071,-0.113426,-0.137542,-0.155664,-0.136217,0.16477,0.199434,0.074975,-0.021673,-0.24946,-0.093377,-0.076227,-0.171181,-0.145095,-0.097574,-0.018812,0.089383,-0.199609,-0.017442,0.049595,-0.009035,-0.09984,0.156153,-0.200131,0.150127,0.005285,-0.061316,-0.22182,0.266943,0.086457,-0.154564,-0.229075,-0.085457,0.080207,-0.108806,-0.020393,-0.118003,-0.006074,-0.112133,0.208099,-0.171985,-0.062563,0.259553,0.153341,-0.360041,-0.043259,-0.297837,0.108517,0.040926,-0.07432,0.244201,0.042252,-0.186209,0.063265,0.191931,-0.020117,-0.074254,-0.136319,0.055628,#
