0,1.0,0.086308,-0.231894,-0.167205,0.208696,0.087253,0.416724,-0.260982,0.062281,-0.06275,0.503827,0.204162,0.200706,0.156632,0.028833,-0.050462,-0.016336,-0.406171,0.368483,-0.091026,0.084276,0.041671,0.099454,-0.016347,0.032393,-0.123893,-0.171419,0.1402,0.207105,0.066185,-0.305495,-0.064193,0.080672,-0.209122,0.336041,0.030557,0.04955,0.010573,0.139544,0.171453,-0.027889,0.185893,-0.082244,-0.104228,0.158761,0.141549,0.223627,0.120468,-0.154744,-0.020176,0.093557,-0.142438,0.08042,-0.129297,0.089695,0.084202,-0.113791,0.212446,-0.115437,-0.087818,0.185334,0.05601,-0.19311,0.162461,-0.287263,0.093021,-0.033294,-0.024528,-0.095268,-0.158807,-0.003624,0.058364,0.198164,-0.196315,-0.130427,0.12918,-0.435676,-0.147478,-0.233327,-0.086831,-0.063329,-0.12316,-0.131576,-0.366028,-0.037192,-0.146664,-0.160229,-0.108792,-0.110932,-0.158205,-0.300272,-0.139165,-0.000192,-0.342518,-0.101,-0.242485,-0.052851,-0.468456,-0.332504,-0.158996,0.305225,-0.094483,-0.121581,-0.210117,-0.119715,-0.256472,-0.192807,0.064244,-0.242266,-0.12443,-0.129683,0.12245,-0.323077,-0.258126,-0.028954,-0.010932,-0.048401,0.044062,0.027224,-0.06707,-0.221517,0.021135,-0.02359,0.17333,-0.145934,-0.00255,-0.127768,0.170368,-0.179586,-0.177804,-0.30928,-0.381005,-0.101077,0.197159,-0.065974,-0.118853,-0.08314,-0.18223,0.20064,-0.146406,-0.14618,0.158962,0.000185,-0.261522,-0.232603,-0.131364,-0.135588,0.049516,-0.269027,-0.27788,0.067209,-0.069454,-0.369675,-0.062126,0.158316,-0.141238,0.012613,0.068947,-0.324685,-0.020315,-0.121733,-0.239491,-0.005823,-0.262203,0.029198,0.004242,0.176644,0.073457,-0.348226,-0.115667,0.192851,-0.17875,0.122659,-0.021914,0.110763,-0.025367,-0.216814,0.103655,0.116282,-0.333883,-0.007032,0.105926,-0.029611,0.282424,0.114377,-0.045671,0.131783,-0.058375,0.256294,0.254436,-0.378123,0.206187,0.39276,-0.012874,0.001704,0.153958,-0.036013,-0.179588,-0.074351,-0.225441,#
1,0.086308,1.0,-0.060677,-0.088664,-0.021347,-0.102523,0.128642,-0.077957,-0.140613,0.142999,-0.01024,-0.040496,0.055839,0.201623,-0.045798,0.129882,0.232323,0.013815,0.284197,-0.094735,0.206109,0.083189,0.027717,-0.222142,-0.037746,-0.291305,-0.195333,0.052075,0.122045,0.090044,-0.11098,0.018571,0.052491,-0.036909,0.187707,-0.016178,-0.081799,-0.256699,0.103306,-0.005071,0.096096,0.05555,-0.024832,0.043986,-0.054914,0.08873,-0.095085,-0.008018,0.128453,0.304823,-0.026094,-0.02983,0.101976,0.107503,0.074074,-0.053852,0.313949,-0.144586,-0.086299,-0.094972,0.034086,-0.026917,-0.032533,0.041349,0.265945,0.308987,-0.358895,0.031782,-0.06664,-0.126705,-0.106649,-0.140515,-0.146812,-0.095352,-0.060593,0.123561,-0.055663,-0.077719,0.188897,-0.128943,-0.008241,-0.164836,-0.001813,-0.116754,-0.086057,0.039087,-0.023085,-0.009833,0.01043,-0.082575,-0.211155,0.070018,-0.032845,-0.164045,-0.049854,-0.046597,-0.007364,0.084061,0.279043,0.045921,-0.058121,0.026155,0.050694,0.049173,-0.259446,-0.129052,0.182215,-0.114737,-0.347986,-0.168577,0.214886,-0.053114,-0.060633,0.046376,-0.153816,-0.125243,-0.058261,-0.031563,-0.033361,-0.105648,-0.126154,0.031217,-0.334714,-0.200537,-0.190929,-0.281218,-0.138053,-0.131854,-0.250521,-0.131636,0.013858,-0.273876,-0.236808,-0.02778,-0.198376,-0.121211,0.100815,0.131463,-0.046862,-0.176268,-0.029538,-0.215312,0.102669,-0.052214,0.031256,-0.224661,-0.411307,0.067183,0.078284,0.002163,-0.056737,0.139423,0.120276,-0.18946,-0.106828,-0.204625,0.098578,0.105024,-0.018746,0.185733,-0.166744,-0.009992,-0.04291,0.041209,-0.215971,0.325536,0.260061,0.144315,-0.180841,-0.326334,0.191511,0.081284,-0.072616,0.025437,0.056806,-0.065144,-0.063276,0.06302,0.039613,-0.153414,0.086849,-0.143857,0.212552,0.23852,0.153254,-0.129511,0.122796,-0.212911,0.039778,0.11555,-0.046813,0.168748,-0.145667,0.004221,-0.001111,0.040798,0.082913,-0.165931,0.093281,0.08368,#
2,-0.231894,-0.060677,1.0,-0.31769,-0.133059,-0.10995,0.057176,-0.176701,0.164319,0.096497,-0.056045,-0.229992,0.145034,-0.03706,-0.221801,0.056731,-0.084902,0.395033,-0.166794,0.106126,-0.234926,0.017154,-0.049837,-0.000681,-0.004902,0.056707,0.046084,-0.166251,-0.00233,-0.21016,0.015256,0.17148,-0.206863,0.112833,-0.004037,0.177932,0.088103,0.421294,-0.031978,-0.261496,0.115075,-0.011536,0.046113,-0.011657,-0.15318,-0.3082,-0.164082,0.003587,-0.020054,-0.005473,0.089661,-0.198675,0.179004,-0.167589,-0.188488,-0.017924,-0.024566,-0.256244,0.209241,-0.200677,0.148156,-0.023856,0.0877,-0.217442,0.238438,0.138198,0.080015,0.008891,0.14544,0.183721,-0.093137,0.015887,-0.423204,0.038656,-0.049606,-0.112932,0.030503,0.045378,0.045921,0.047607,0.049709,0.107758,0.144119,0.197594,-0.131386,0.174238,0.139764,0.003018,-0.127794,0.180561,0.042969,0.002875,0.036039,0.230221,-0.034141,0.049251,0.020368,-0.002988,0.042912,0.085161,-0.258418,-0.179004,0.078545,0.196998,0.25844,0.083063,0.043345,-0.109868,0.197738,-0.051108,-0.006958,-0.279058,0.097986,0.122413,0.227731,-0.1519,0.04318,0.1138,-0.108631,-0.13475,0.052751,0.134555,0.025651,-0.351081,-0.149973,0.054937,0.382201,-0.014847,0.220615,0.016924,0.27471,0.102053,-0.051357,0.122344,0.078445,-0.110237,0.081759,0.26292,-0.214534,0.210567,-0.002172,0.164805,0.029636,-0.133966,0.014661,0.075069,0.030463,0.080439,0.097222,0.205232,-0.096803,0.140436,0.120686,-0.011608,0.118267,0.016521,0.023426,0.054221,0.173603,0.014935,0.299871,0.008344,-0.019613,0.336419,0.072473,-0.110692,0.049269,-0.029259,0.196467,0.064984,-0.199675,-0.129558,-0.139259,0.004981,-0.242037,0.060064,0.141811,-0.064576,0.026605,-0.172927,0.050784,0.036752,-0.051276,-0.214173,-0.133159,0.108945,0.152829,0.15475,-0.224951,-0.313454,0.192546,-0.183659,-0.293219,0.214227,-0.02881,-0.035978,0.016681,0.335294,0.177207,0.230344,#
3,-0.167205,-0.088664,-0.31769,1.0,-0.154921,-0.055934,-0.135628,0.152561,-0.43964,-0.276245,0.045302,0.008007,-0.221672,-0.443214,0.078988,-0.177796,0.154633,0.088399,-0.096062,-0.139616,0.18765,-0.195895,-0.303443,0.052548,-0.02841,0.154534,-0.058528,0.121199,-0.138204,-0.160884,0.279712,-0.144982,0.157732,-0.047458,-0.081252,0.003457,-0.136913,-0.117468,0.060024,0.137289,-0.019544,-0.168989,0.07068,0.191737,-0.06317,0.402327,-0.038383,-0.138231,0.089623,-0.270095,-0.122921,0.468816,0.004866,0.182285,0.260952,-0.318074,0.16154,0.28649,-0.07259,-0.168652,-0.509475,0.030461,0.119998,0.037449,-0.119507,-0.283535,0.035356,-0.021102,-0.116074,0.048095,0.140764,-0.160291,0.146199,0.074226,0.161005,-0.113057,0.324424,0.26768,0.12494,0.032915,0.033964,0.145076,0.156574,0.056902,0.154806,-0.053832,0.108883,0.235786,0.156434,0.114503,0.070065,0.10871,0.11293,-0.066865,0.156072,0.182897,0.331088,0.050411,0.046967,0.190308,0.220505,0.295721,0.266089,0.246653,-0.109033,0.034936,0.162349,0.140856,-0.088145,0.057112,-0.167307,0.105902,0.218497,0.046664,-0.014314,0.143751,0.234715,0.150682,-0.050225,0.24666,0.253639,0.130151,0.057926,0.266595,0.284738,0.102712,-0.411348,-0.115674,0.014769,0.281111,-0.071383,0.391974,0.390556,-0.011209,0.127048,0.156139,-0.003866,-0.025216,-0.056335,0.108832,0.074368,-0.123734,0.304102,0.308988,0.360219,0.062967,0.124047,-0.204314,0.243288,-0.185216,0.24879,-0.139291,-0.014849,0.091164,0.122687,0.088137,-0.40977,-0.243663,0.134767,0.134462,0.090654,0.127434,0.087847,-0.088581,0.03815,-0.307,0.132514,-0.064179,0.08022,-0.037661,0.258873,0.210427,0.022499,0.277869,0.081165,0.077444,-0.132449,-0.087342,-0.422918,0.467024,-0.371638,0.152419,0.10184,-0.170035,-0.093602,-0.165299,-0.144491,0.040822,0.287622,0.034021,0.068157,-0.185226,-0.081043,-0.19589,0.119458,-0.129907,-0.065364,-0.235304,-0.322373,-0.162511,#
4,0.208696,-0.021347,-0.133059,-0.154921,1.0,0.118716,0.05781,-0.018694,0.017482,-0.042934,0.233923,0.12854,-0.034297,-0.16499,-0.033192,-0.090982,0.130837,-0.206366,0.125918,-0.027036,-0.076766,-0.315703,0.134112,-0.052983,0.018683,-0.031232,-0.208899,-0.136258,0.071183,-0.092773,-0.245269,-0.114894,0.086268,-0.23876,0.014312,0.092111,-0.052893,-0.254923,0.112958,0.340924,-0.029415,-0.280921,-0.262928,-0.160387,-0.134855,0.01849,-0.130606,-0.144897,0.051697,0.229353,0.028648,-0.057845,-0.148954,0.224243,0.092363,-0.012718,-0.256337,0.143933,0.005972,0.235704,-0.195225,-0.177041,-0.056196,-0.074765,-0.198512,-0.032364,0.390627,-0.015148,-0.081708,-0.24357,-0.146011,0.142828,0.005039,0.040997,0.114563,-0.035539,-0.140161,-0.132065,-0.082979,-0.111064,-0.225675,0.023183,0.090549,-0.092411,0.1711,-0.067191,-0.062494,-0.008925,0.086706,-0.17749,0.097018,0.140079,0.0719,-0.000818,0.151331,-0.097297,0.071868,-0.014457,-0.020625,-0.121046,0.175271,0.11415,0.01223,-0.186194,0.144402,-0.047015,-0.118969,0.070402,-0.166919,0.19873,0.044801,-0.038239,-0.296906,-0.20266,-0.16998,0.286868,-0.070544,0.388676,-0.291975,-0.043711,-0.291513,-0.076195,-0.103659,0.022437,0.02823,0.047799,-0.033211,0.029997,-0.072975,-0.204214,-0.07837,-0.305823,0.058981,-0.033932,0.057843,0.003724,0.177697,-0.036813,-0.018025,-0.056828,-0.078912,-0.10896,-0.128353,0.112085,-0.16136,-0.22643,0.021043,-0.049495,-0.015429,-0.048482,0.090801,0.063305,-0.24774,0.154557,-0.02152,-0.099746,0.103135,0.091061,-0.293382,0.024349,-0.319637,-0.204096,-0.051583,0.085055,-0.03076,0.014926,0.00842,0.061178,-0.039379,0.308431,0.063864,0.09499,0.16554,-0.072324,-0.138589,0.001708,0.012134,0.017921,0.079746,-0.046133,-0.072865,0.218842,-0.062593,-0.041388,0.159363,0.00133,-0.00029,0.149725,0.303503,0.006882,-0.153565,0.091277,0.280895,0.038817,-0.21628,0.085154,0.067623,0.093084,-0.092885,-0.15692,#
5,0.087253,-0.102523,-0.10995,-0.055934,0.118716,1.0,0.264528,0.236278,0.057141,-0.081076,0.014372,0.13367,-0.029373,-0.107559,0.147515,-0.108887,0.113182,-0.055451,0.103005,-0.198011,-0.101393,-0.183445,0.183625,-0.097001,-0.050291,0.225883,-0.074287,-0.025721,0.171895,0.174606,-0.302581,0.021602,-0.121339,0.039256,-0.018392,0.16235,0.078854,-0.157272,-0.083107,0.114379,-0.297811,0.117136,-0.236635,-0.070401,0.138582,0.006176,0.204177,-0.176999,0.122395,0.100944,0.022427,-0.054797,0.15804,0.060246,-0.029227,0.132856,-0.103153,0.252642,-0.198697,0.031162,0.043838,0.033263,0.08827,0.146481,-0.222312,-0.03158,-0.106573,0.000643,0.012436,-0.444483,-0.053146,-0.060615,-0.024887,0.131567,-0.004059,0.160935,-0.155169,-0.017786,-0.288812,-0.032815,-0.234367,-0.238515,-0.143671,0.267039,-0.060105,-0.223206,-0.09823,-0.043142,-0.131564,-0.182349,-0.04737,-0.185486,-0.190052,-0.286851,-0.154593,-0.032974,-0.186462,-0.171754,-0.238862,-0.286788,0.330278,0.101116,-0.057784,-0.290076,-0.34231,-0.342905,-0.079335,0.108047,-0.229414,0.035165,0.071624,0.360074,-0.284168,-0.186398,-0.040099,-0.114463,0.030129,0.215606,0.140013,-0.087697,-0.020085,-0.171829,0.058202,0.00509,-0.113971,-0.074283,0.05511,-0.052207,-0.367813,0.07463,-0.103067,-0.170099,-0.041389,0.052086,-0.393371,-0.11854,0.166481,0.206064,0.063777,-0.094136,-0.045418,0.012251,-0.174045,0.024532,-0.080602,-0.293786,0.245421,0.077619,-0.382356,-0.104459,-0.066499,-0.337616,0.120443,-0.0947,0.10665,-0.036186,0.046257,-0.115775,-0.398408,-0.053355,-0.299194,-0.093848,0.259426,-0.262099,0.032774,-0.047423,-0.230585,-0.132743,-0.006628,-0.224157,0.029148,-0.167672,-0.100029,-0.19947,0.126116,-0.142676,-0.063658,0.059946,-0.013291,-0.007226,0.203072,0.003191,0.027531,0.113069,0.466227,-0.087979,0.10035,-0.044227,0.061929,0.088092,-0.028557,0.102151,0.106223,-0.107052,-0.308185,0.321412,0.097849,0.010063,-0.217321,-0.143703,#
6,0.416724,0.128642,0.057176,-0.135628,0.05781,0.264528,1.0,-0.183015,0.302805,0.04236,0.187591,0.12562,0.118726,0.111822,-0.030684,0.087654,0.152828,0.127481,0.194065,0.076282,-0.197915,-0.158268,0.160769,-0.025851,-0.03483,0.096691,-0.08102,-0.000944,0.488039,-0.067682,-0.242338,-0.014561,-0.07243,-0.268296,0.116431,0.130738,0.256815,-0.247113,0.267326,0.245568,0.10271,0.214277,-0.174249,-0.045505,0.185259,-0.126976,0.083839,-0.079976,-0.11224,0.040308,-0.002764,-0.296316,0.113087,-0.05923,0.310555,-0.120307,-0.031409,-0.049896,0.05206,-0.20537,0.186032,0.181831,-0.05287,0.187723,0.149335,0.26318,-0.150031,0.120963,0.161307,-0.275339,-0.011462,-0.075986,-0.172312,-0.441544,-0.314429,0.182643,-0.4813,-0.379195,-0.387282,-0.118716,-0.336037,-0.150814,-0.133477,-0.084407,-0.376415,-0.167091,-0.189174,-0.309606,-0.367136,-0.351952,-0.457183,-0.39518,-0.523271,-0.254811,-0.351696,-0.444193,-0.129414,-0.341539,-0.292198,-0.165035,0.094066,-0.036633,-0.236247,-0.297867,-0.320889,-0.332339,-0.087305,-0.121549,-0.196574,-0.208125,-0.013367,0.010039,-0.245832,-0.332905,-0.083773,-0.268825,-0.036535,-0.030571,0.148269,-0.24456,-0.341977,-0.106407,-0.21559,-0.173185,-0.15233,-0.228706,0.048171,0.156163,-0.310269,-0.247454,-0.304434,-0.404656,-0.299992,0.054175,-0.257033,-0.348235,0.026028,-0.12669,0.107956,-0.372867,-0.202662,0.078445,-0.141265,-0.416034,-0.413022,-0.23307,-0.078825,0.510013,-0.401906,-0.361315,-0.179034,-0.393299,-0.241236,-0.148244,-0.073857,-0.191547,0.151792,0.309342,-0.27054,-0.203064,-0.065879,-0.25052,0.103047,-0.078731,-0.241176,0.173934,-0.086633,-0.073674,-0.343993,-0.275938,0.163463,-0.174946,-0.140531,-0.236885,0.142553,-0.351395,-0.124057,0.314597,0.213638,-0.52199,0.280326,-0.060524,-0.118239,0.361662,0.213969,-0.451215,0.065917,-0.074412,-0.052237,0.199489,-0.372796,0.238919,0.155204,0.228753,-0.19161,-0.011201,0.088173,-0.148556,-0.121307,0.204903,#
7,-0.260982,-0.077957,-0.176701,0.152561,-0.018694,0.236278,-0.183015,1.0,-0.234888,0.020964,-0.248996,-0.178565,0.237714,-0.122634,0.163105,-0.002775,0.22422,-0.015155,0.01525,-0.298141,0.155155,0.13825,0.026063,0.034397,-0.088641,0.143537,-0.14664,-0.279142,-0.173496,0.121063,-0.155063,-0.10027,0.039351,0.223954,-0.17762,-0.00373,-0.178161,-0.237298,-0.151827,0.126719,-0.054011,-0.122093,-0.067024,-0.20088,0.13763,-0.017248,0.238689,-0.180698,0.105817,0.002362,-0.071216,-0.146737,-0.035609,-0.151723,-0.060502,0.068156,0.378198,-0.084576,-0.119122,0.382101,-0.05398,-0.32196,0.007341,0.059277,-0.076606,-0.100051,0.045035,0.035675,-0.090683,-0.177606,0.167065,0.051442,-0.372958,0.195062,0.027484,-0.07408,0.027437,0.029254,-0.135269,0.029449,-0.103221,-0.287229,-0.141084,-0.075493,0.07903,-0.217409,0.153565,0.127198,0.18734,0.193172,0.112591,-0.063471,0.048538,-0.097722,0.042739,0.138727,-0.138543,0.112281,0.061656,-0.069753,-0.084226,0.128308,0.072848,0.003648,-0.167812,0.070755,-0.157031,0.031524,-0.053808,0.156653,0.128675,0.071073,0.110978,0.236716,0.035051,0.100949,0.133677,-0.110322,-0.008315,-0.017956,0.165599,-0.247138,0.038508,0.175037,0.002523,-0.15899,-0.024218,-0.122483,-0.071931,-0.015748,-0.218515,0.18571,0.073493,-0.186702,-0.015254,0.260748,0.176149,0.051517,-0.046671,-0.095431,-0.220206,-0.139458,-0.225407,0.236805,-0.18059,-0.165281,0.006828,0.167398,0.034493,0.099437,-0.062458,-0.151044,0.108963,-0.061455,-0.057095,-0.27096,-0.020872,0.093388,-0.017503,0.10381,-0.145279,0.215481,0.05944,-0.025091,0.124739,-0.295683,-0.453666,-0.075441,0.121854,0.191462,-0.094268,0.05303,-0.128027,-0.194698,0.204809,-0.100091,-0.136186,-0.000342,-0.037938,0.102752,0.015643,0.075419,0.246378,0.016827,0.090696,-0.079336,-0.121173,-0.109028,-0.164744,0.163266,-0.091955,-0.040839,-0.09633,-0.037049,-0.007253,-0.022789,-0.030088,-0.04346,-0.258662,0.037225,#
8,0.062281,-0.140613,0.164319,-0.43964,0.017482,0.057141,0.302805,-0.234888,1.0,0.338444,-0.016635,0.213384,-0.027815,0.237061,-0.06678,-0.039621,-0.283016,0.094822,-0.023247,0.201045,-0.169632,-0.022763,0.149204,-0.004932,0.080553,0.147522,0.168033,0.087024,0.160204,-0.037793,-0.219664,-0.025397,0.006652,-0.006643,-0.081667,0.075766,0.113662,0.06319,0.048389,0.041818,0.0745,0.171122,-0.156331,-0.071141,0.07426,-0.189566,-0.014794,0.089823,-0.100755,0.063176,-0.10518,-0.220087,0.199781,0.23613,0.23218,0.20976,-0.404901,-0.17484,-0.078132,0.046715,0.187271,-0.055056,-0.000336,0.088071,0.176624,0.082352,-0.067275,0.255428,0.224831,-0.096846,-0.095295,0.052427,0.084948,-0.089778,-0.335029,0.195404,-0.173283,-0.261315,-0.184592,0.036046,-0.179973,-0.098813,-0.171893,0.008719,-0.348486,0.043506,-0.377114,-0.367894,-0.165035,-0.369705,-0.081454,-0.422382,-0.446061,-0.00563,-0.232933,-0.018098,-0.265119,-0.068463,-0.256114,-0.143793,-0.198306,0.014312,-0.098614,-0.170036,0.039038,-0.225876,-0.057087,-0.056675,0.040341,-0.084585,0.038241,-0.114177,-0.212313,-0.109658,0.201254,-0.08436,-0.067146,-0.215148,-0.023638,-0.192121,-0.119405,0.019942,0.025563,-0.230325,-0.219708,0.049322,0.359746,0.03231,-0.054265,-0.12728,0.170323,-0.077456,-0.47308,-0.148383,-0.165824,-0.091366,-0.158323,0.053716,0.057919,-0.092669,-0.190745,0.176956,-0.238115,-0.307406,-0.259839,-0.292477,-0.270264,0.183278,-0.210287,-0.077532,-0.067326,-0.068179,-0.147805,-0.338503,0.156593,-0.052836,0.324654,0.324265,-0.333092,-0.356889,-0.049338,-0.063187,-0.176976,-0.108036,-0.175381,-0.005257,-0.100785,-0.119117,-0.134432,-0.099921,-0.193517,-0.171989,-0.019986,-0.079441,0.219529,0.018597,0.157111,0.06077,0.498185,-0.278143,0.206057,0.068811,-0.199292,0.092639,0.013585,0.042198,0.117381,0.007326,-0.357994,0.01138,-0.022074,0.098453,0.027047,0.18292,-0.098521,0.109962,0.06018,-0.198767,0.066407,0.159013,#
9,-0.06275,0.142999,0.096497,-0.276245,-0.042934,-0.081076,0.04236,0.020964,0.338444,1.0,-0.099655,-0.206816,0.228141,0.451629,-0.090748,0.015461,-0.365249,0.269842,-0.008999,0.19273,-0.143397,0.098554,0.261976,0.046464,0.05606,-0.08284,-0.190281,-0.056651,0.169156,0.355379,0.011824,0.106644,0.18645,-0.154258,0.019822,-0.002035,0.358975,-0.042807,0.002421,-0.256031,0.253751,0.119496,0.049763,-0.103088,0.025738,-0.376142,0.044395,0.371765,0.167167,0.077227,-0.179631,-0.261339,0.371595,-0.042187,0.145562,-0.015806,-0.175885,-0.375363,-0.050101,0.235542,0.329344,-0.129938,-0.360769,-0.002985,0.041692,0.149012,0.071334,0.018035,-0.064286,0.028473,0.033262,0.131977,-0.187316,-0.027148,-0.134529,-0.034569,-0.115952,-0.28256,-0.029965,0.223633,-0.074484,-0.208823,-0.265755,0.238873,-0.33368,0.189253,-0.104427,-0.189601,-0.151219,-0.252072,-0.000415,-0.060681,-0.333072,0.036997,-0.194359,0.119984,-0.547255,0.015954,0.229943,-0.261143,-0.417985,-0.066818,-0.187531,-0.085383,0.015735,-0.135691,-0.15153,-0.398867,0.169467,-0.137738,0.423202,0.221318,-0.176228,-0.023748,-0.022292,-0.2065,-0.141146,-0.172776,0.332176,-0.316776,-0.282769,-0.111451,-0.004099,-0.174704,-0.297245,0.297793,0.386207,-0.055034,-0.085113,-0.361504,0.131629,0.077,-0.531889,-0.046809,-0.353361,-0.217235,-0.165435,0.172493,0.12099,-0.188294,-0.062232,-0.112792,-0.337089,-0.381922,-0.391403,-0.19725,-0.40355,0.169844,-0.144486,-0.089813,-0.387096,0.151182,-0.034386,-0.609459,0.048842,-0.326934,0.672986,0.411225,-0.182403,-0.350552,-0.164317,0.071131,-0.145145,0.177466,0.196603,0.324803,-0.001997,-0.368684,0.038783,-0.128493,-0.276202,0.110068,-0.023924,-0.168385,0.296305,-0.301196,0.065409,-0.203994,0.541177,-0.269531,0.509466,0.180468,-0.441668,-0.190067,0.102629,-0.130824,0.163741,-0.015453,-0.552833,0.072844,-0.170858,-0.07046,-0.055387,0.286615,-0.20397,-0.026688,0.220551,0.03397,0.196756,0.448953,#
10,0.503827,-0.01024,-0.056045,0.045302,0.233923,0.014372,0.187591,-0.248996,-0.016635,-0.099655,1.0,0.301406,0.007564,0.022793,-0.151984,-0.094227,0.046815,-0.265144,0.121378,-0.020276,0.035333,-0.061701,-0.054549,0.112061,0.115809,0.267022,-0.01032,0.1258,0.147098,-0.157095,-0.019791,0.135004,0.088775,-0.183118,0.001092,0.068154,-0.064106,0.11615,0.035927,0.073564,-0.179926,-0.19588,-0.083129,0.035803,0.088963,0.309575,-0.067346,0.155436,-0.131172,0.051708,-0.000497,-0.041857,0.128573,0.073818,0.075832,-0.063556,-0.147539,0.407444,0.033076,-0.183489,-0.186373,-0.127314,-0.08106,0.108203,-0.338471,0.083931,0.278555,0.16679,-0.153738,-0.146072,0.183045,-0.045956,0.168312,0.015779,-0.008339,-0.04327,-0.199889,-0.071587,-0.19813,-0.143001,-0.082977,0.116629,0.023611,0.046186,0.039531,-0.028715,0.072731,0.059486,0.042551,0.00398,-0.133507,0.052362,0.032188,-0.005447,-0.015112,-0.139215,0.180593,-0.369725,-0.072537,0.050756,0.187849,-0.148441,-0.008705,-0.130201,0.080447,-0.106182,-0.083693,0.220045,-0.091308,0.17998,-0.236642,0.116965,-0.147883,-0.060542,-0.086017,0.144191,-0.260407,0.049028,-0.138317,0.04742,-0.202865,0.341452,-0.050069,-0.040299,-0.081348,0.088775,-0.220414,0.079122,-0.112532,-0.18837,-0.142836,-0.285306,0.028902,-0.153827,-0.023744,0.025714,0.113234,-0.192136,0.037432,-0.063916,-0.076702,0.222169,0.132094,0.011227,-0.018027,-0.204071,-0.07923,0.000419,-0.115112,-0.105926,0.331303,-0.089376,-0.278013,0.042921,-0.017947,-0.012267,-0.24763,-0.060978,-0.112468,0.017479,-0.043554,-0.179637,0.002074,-0.138292,0.031448,-0.101048,0.074895,-0.232558,-0.151916,0.088785,0.240339,-0.07697,0.20953,0.123897,-0.070308,0.154621,-0.10935,0.005824,-0.063287,-0.068478,-0.122395,0.13548,-0.088653,-0.027874,0.116235,0.009025,0.086555,0.170321,0.234047,0.247306,0.043765,0.228487,0.173706,-0.130142,-0.091607,-0.144831,-0.079593,-0.180714,-0.161107,-0.387602,#
11,0.204162,-0.040496,-0.229992,0.008007,0.12854,0.13367,0.12562,-0.178565,0.213384,-0.206816,0.301406,1.0,-0.038556,0.057221,-0.086594,-0.177848,-0.040557,-0.251195,-0.016691,-0.198352,0.110593,-0.211369,-0.025358,0.100929,0.007765,-0.088173,0.12082,0.188117,0.067708,0.106569,-0.080344,-0.02983,0.010097,0.036624,0.179872,-0.081975,-0.025943,-0.086743,0.222483,0.057865,-0.098567,0.083678,-0.176094,-0.164841,-0.05712,0.425222,-0.177258,0.042822,0.077526,0.033911,-0.295105,0.129507,-0.047348,0.189381,0.10391,-0.066925,-0.253787,0.233284,-0.273438,-0.116305,-0.189818,-0.191502,-0.04875,0.110698,-0.02935,0.208072,0.031488,0.270434,0.295564,-0.192118,-0.095637,-0.17679,0.108332,0.126195,0.106574,-0.027276,-0.129691,0.030452,-0.313842,-0.170863,-0.296008,-0.222619,0.163434,-0.028234,-0.056558,-0.304051,-0.146762,-0.176542,0.11129,-0.106504,0.028556,-0.194591,-0.077346,-0.128375,-0.008912,-0.08072,0.163913,-0.112586,-0.197932,0.060803,0.185997,-0.122843,-0.074,0.052359,-0.063598,-0.111307,-0.052192,0.037795,-0.165792,0.124953,-0.028532,-0.045798,-0.139715,-0.12647,-0.080971,-0.039807,-0.047803,0.141934,0.010442,0.12983,-0.090263,0.156998,0.064953,0.10062,-0.063122,-0.032579,-0.179966,-0.100216,-0.195476,-0.024229,-0.121028,-0.132857,-0.187616,-0.028365,-0.200934,0.183868,-0.037688,-0.23439,0.052013,-0.373864,0.013564,0.156998,0.127541,-0.045033,0.163653,-0.363514,0.041471,-0.029837,-0.18613,-0.138713,0.245028,0.066009,-0.140229,0.157324,0.156958,0.076987,-0.06121,0.028507,-0.116227,-0.154909,-0.197228,-0.101591,-0.035471,-0.133948,-0.358814,-0.134957,0.015064,0.037418,-0.029941,0.019286,0.293729,0.026238,0.129129,-0.078081,0.109561,0.073663,0.01511,0.438868,0.058927,0.163911,-0.061544,-0.049855,-0.061119,-0.037693,0.235369,0.194783,-0.111376,-0.1098,0.198726,0.147316,-0.163693,0.359452,0.092009,0.029529,-0.16684,-0.00074,-0.026955,-0.226933,-0.045071,-0.319155,#
12,0.200706,0.055839,0.145034,-0.221672,-0.034297,-0.029373,0.118726,0.237714,-0.027815,0.228141,0.007564,-0.038556,1.0,0.432608,-0.047887,0.184725,-0.056288,0.272884,0.134849,0.048075,-0.003891,0.057617,0.247591,0.113602,0.000132,-0.271346,0.069766,-0.007932,0.233384,0.158776,-0.025912,-0.072237,-0.102258,0.153815,-0.099054,0.158986,0.151365,-0.045913,-0.085222,0.151024,-0.064571,0.077924,0.059505,-0.224163,-0.133803,-0.251944,0.361713,0.21063,0.114991,0.125078,-0.015309,-0.193681,0.168505,-0.120577,-0.097281,-0.065025,0.136396,-0.306177,-0.013823,0.094736,0.35285,-0.329511,-0.173195,0.061863,0.14336,0.010122,-0.039673,-0.024783,0.067951,0.017975,-0.057688,0.121497,-0.335856,-0.120683,-0.152269,-0.001401,-0.355968,-0.194838,-0.208111,-0.01549,-0.139948,-0.253687,-0.289343,-0.130129,-0.175423,-0.05692,-0.051288,-0.029328,-0.096652,0.043053,-0.195307,-0.047213,-0.233033,-0.208502,-0.216847,-0.051513,-0.259295,-0.107119,-0.020566,-0.369917,-0.124047,-0.31191,-0.171397,0.045159,-0.092376,0.004067,-0.201925,-0.154522,-0.004917,-0.119576,0.160676,-0.136918,-0.085008,-0.027361,0.143812,-0.128621,-0.117542,-0.054679,0.134302,-0.143369,-0.068962,-0.161484,-0.264133,-0.079847,-0.26787,0.016262,0.156952,0.073032,-0.169485,-0.313306,-0.052054,0.048271,-0.238948,0.154674,0.000901,-0.018122,0.066541,-0.176586,0.03841,-0.205183,-0.441565,0.016647,-0.161674,-0.252239,-0.274556,0.019821,-0.258508,0.387289,-0.233462,-0.058147,-0.312379,-0.029132,-0.024649,-0.247978,0.024725,-0.261857,0.247378,0.144506,-0.149863,-0.227247,0.018808,0.01506,-0.075235,0.096244,0.300834,0.03207,-0.013283,0.125047,-0.13476,-0.018426,-0.1566,-0.132109,-0.304763,-0.142453,0.079312,-0.104157,-0.241415,0.116402,0.155351,-0.237439,0.114632,0.073481,0.168023,-0.057585,0.254712,-0.061231,0.129596,0.115427,-0.167489,0.360564,-0.239265,-0.146227,0.034714,0.229823,0.006939,0.028688,0.185222,0.056895,0.108417,0.238822,#
13,0.156632,0.201623,-0.03706,-0.443214,-0.16499,-0.107559,0.111822,-0.122634,0.237061,0.451629,0.022793,0.057221,0.432608,1.0,-0.02803,0.025003,-0.319923,-0.041636,0.334143,0.277414,0.153225,0.20082,0.290778,-0.108086,-0.034707,-0.209459,0.183596,0.22884,0.232828,0.105202,0.166251,0.105828,-0.105343,0.01514,-0.145068,-0.115582,0.097204,0.110152,0.023956,-0.235232,0.077931,0.278945,-0.006972,-0.234011,-0.070354,-0.397948,0.110375,0.302915,-0.133615,0.015073,-0.004317,-0.206242,0.110169,-0.20429,-0.188687,0.08823,-0.091641,-0.187808,-0.162065,-0.008176,0.462214,-0.071911,-0.23026,-0.019037,0.226044,0.151812,-0.085847,-0.09169,-0.005026,0.012451,-0.125533,0.109046,-0.008659,-0.227055,-0.206695,0.080599,-0.186809,-0.165045,-0.092822,0.14879,-0.010433,-0.238996,-0.252097,-0.010323,-0.261003,0.209168,-0.259467,-0.136857,-0.162614,-0.092112,-0.155153,-0.039815,-0.233721,-0.203178,-0.194173,-0.07169,-0.334968,-0.06616,0.188384,-0.231797,-0.327503,-0.241244,-0.265627,-0.249337,-0.12825,-0.124497,0.0263,-0.383408,-0.033874,-0.200825,0.283188,0.075284,-0.424467,0.035052,0.201652,-0.218531,-0.227149,-0.236127,0.287779,-0.143746,-0.10027,0.002301,0.0138,-0.2056,-0.324354,0.087658,0.120963,-0.028578,-0.219989,-0.38518,-0.019947,-0.184631,-0.453653,-0.150319,-0.070423,-0.123913,0.1034,-0.085289,0.10186,-0.400734,-0.062864,0.095501,-0.078558,-0.331113,-0.344948,-0.01152,-0.252512,0.239794,-0.234505,0.101558,-0.243624,0.25887,0.103062,-0.40054,-0.12936,-0.278498,0.517639,0.181418,-0.083404,-0.328857,0.004385,-0.089042,0.105161,-0.163703,0.086206,0.441254,0.118882,0.000963,-0.207847,-0.061607,-0.274268,-0.032071,-0.168837,-0.250674,0.084555,-0.248978,-0.070246,0.107155,0.385493,-0.314761,0.262484,-0.24272,-0.084711,0.102077,0.020863,-0.038162,-0.107789,0.10614,-0.346789,0.188525,-0.159259,-0.021518,-0.08627,0.193941,0.084925,-0.146112,0.097761,-0.16194,0.171948,0.262527,#
14,0.028833,-0.045798,-0.221801,0.078988,-0.033192,0.147515,-0.030684,0.163105,-0.06678,-0.090748,-0.151984,-0.086594,-0.047887,-0.02803,1.0,-0.184215,0.05758,-0.052595,0.122021,0.101319,0.178811,-0.056609,0.203674,0.125835,-0.137985,0.080556,0.21598,-0.005141,0.035021,-0.107306,-0.108857,0.189195,0.159879,-0.021383,-0.158981,-0.254602,-0.114319,-0.02686,-0.186198,-0.016436,-0.119496,0.214052,-0.017406,0.213641,0.26031,-0.128915,0.153939,0.042689,0.098279,-0.029169,0.141075,-0.021163,0.109629,-0.190127,-0.039891,0.282654,0.070058,-0.119826,-0.04221,0.100833,0.115288,0.156505,-0.04037,0.025383,-0.050121,-0.156211,-0.048396,-0.162156,0.00747,-0.124084,-0.138839,-0.050694,0.109897,0.114071,-0.041147,-0.075947,-0.176805,0.126124,-0.253565,0.332608,0.069306,-0.119498,-0.11094,0.009546,0.051335,0.158824,0.203501,-0.080162,0.153373,-0.132078,-0.102654,0.024769,0.15417,-0.193333,-0.078191,0.009724,-0.137607,-0.008895,-0.082829,-0.058215,0.018261,0.231475,-0.150737,-0.384462,-0.159972,0.10131,-0.268726,-0.123629,0.130124,0.149669,-0.056474,0.034293,0.113388,0.132787,0.190177,0.024348,0.003846,-0.053186,0.016652,-0.300898,0.03859,-0.278828,0.130636,0.139105,-0.005753,-0.207882,0.011334,0.037011,-0.165045,0.107603,-0.046501,-0.014502,-0.05779,-0.105361,0.043906,0.010234,-0.246488,0.047256,0.070187,-0.038033,0.001552,-0.068697,-0.185741,0.163978,-0.183605,-0.130763,0.108032,0.048396,-0.238405,0.146344,-0.084668,-0.24157,0.050117,0.132449,-0.213325,0.155809,0.177944,0.039323,-0.057525,0.43066,-0.061085,0.044105,0.025756,-0.267787,0.016309,0.047642,0.084925,0.01502,0.02528,-0.103381,-0.251777,-0.129789,-0.173482,0.133764,-0.026235,-0.243928,0.040436,-0.084298,0.179195,0.029659,-0.089195,0.182157,0.194787,0.066424,0.095082,-0.115705,0.189864,-0.076206,0.173921,-0.067672,-0.024394,-0.097702,0.063951,0.078896,-0.173843,0.16407,-0.112277,-0.115668,-0.062446,-0.10331,#
15,-0.050462,0.129882,0.056731,-0.177796,-0.090982,-0.108887,0.087654,-0.002775,-0.039621,0.015461,-0.094227,-0.177848,0.184725,0.025003,-0.184215,1.0,0.29512,0.249462,-0.182968,0.126754,-0.33815,0.184703,0.100182,-0.093327,0.043416,-0.005504,-0.17714,0.143627,0.083867,0.014191,-0.005038,-0.127425,0.05948,0.099684,0.095819,0.049773,0.141497,0.124558,0.082707,-0.042604,0.007023,-0.169062,0.211419,0.152318,-0.231631,-0.03575,0.174545,0.065392,0.050705,0.277741,0.137355,-0.208817,-0.04013,-0.1118,0.150559,0.001217,0.204814,-0.240915,0.056348,0.065414,0.000727,0.235573,0.159082,0.07289,-0.034416,-0.130583,-0.040009,-0.097316,-0.362528,-0.116462,0.143435,0.239716,0.132549,-0.038141,0.000721,0.252245,0.006019,-0.165449,0.258824,-0.022892,-0.013827,0.007468,-0.202135,0.13515,0.067176,-0.217938,0.060865,-0.235564,-0.121625,0.281336,-0.127846,0.12781,-0.121677,0.048353,-0.184518,-0.118226,0.118802,0.051982,0.030056,0.132466,-0.096716,0.1205,-0.216886,0.347795,0.019266,0.077954,0.131714,-0.001873,0.108948,-0.203606,-0.019776,-0.082148,0.118228,0.140382,-0.191843,-0.086722,0.169519,-0.256055,-0.039674,-0.093018,-0.043627,0.158893,-0.250017,-0.060429,0.002932,-0.129846,-0.073226,0.289015,0.048578,-0.08715,-0.044175,-0.092862,-0.07002,0.200084,0.086954,0.031964,-0.065384,-0.230147,-0.157073,0.104222,0.037279,0.042664,-0.245387,-0.201566,-0.040766,0.196495,-0.049529,0.246373,-0.056083,-0.121602,-0.113298,0.020862,0.105487,0.0002,-0.010181,0.086322,0.000779,0.213182,0.074387,-0.01258,0.074813,-0.084928,0.182141,-0.026877,0.23102,0.0385,-0.142266,0.281347,-0.077982,-0.048539,0.043936,0.082477,0.134999,-0.042731,-0.086805,0.073011,-0.031287,0.279752,-0.094155,-0.155229,0.166642,-0.174347,0.134413,0.169426,-0.086523,0.037461,0.139479,-0.004059,-0.053774,-0.085704,-5.4e-05,-0.092231,-0.095735,0.201087,0.119007,0.071546,0.013576,0.157315,0.39035,0.238628,#
16,-0.016336,0.232323,-0.084902,0.154633,0.130837,0.113182,0.152828,0.22422,-0.283016,-0.365249,0.046815,-0.040557,-0.056288,-0.319923,0.05758,0.29512,1.0,-0.029671,-0.032451,-0.015689,-0.111405,-0.071229,-0.197459,-0.051759,-0.216108,0.119373,-0.122012,0.072318,0.069164,-0.196896,-0.224004,-0.043441,0.044092,0.107244,0.090473,0.080552,-0.278112,-0.170953,0.032498,0.304362,-0.158943,-0.220812,-0.020585,0.149546,0.008304,0.257798,-0.058449,-0.465859,0.037346,0.27509,0.205763,-0.127252,-0.152446,0.033424,0.182249,0.086611,0.375447,-0.066231,0.112033,-0.101776,-0.240619,0.072755,0.168343,-0.18698,-0.132999,-0.137344,0.069907,-0.063113,-0.304473,-0.260563,0.074093,-0.175627,0.041246,0.012238,-0.05191,-0.030894,0.044004,-0.215215,0.045833,-0.073097,-0.053206,0.129105,0.087487,-0.088641,0.02155,-0.173912,0.202945,-0.09935,-0.001497,0.236967,-0.106264,0.01859,0.010347,-0.084489,0.052577,-0.001283,0.378886,-0.19792,-0.104825,0.140601,0.098012,0.240621,0.086276,0.145391,-0.202304,-0.066747,0.066215,0.119991,-0.039487,-0.088483,-0.257056,-0.060325,0.286588,0.26095,-0.335623,-0.062486,0.115679,0.041437,-0.183139,-0.07494,-0.117513,0.044539,-0.390882,0.127448,0.166005,-0.314803,-0.390882,0.005067,-0.059276,0.114944,-0.087556,-0.151533,0.239245,-0.055039,0.139473,0.062706,0.318968,-0.216956,-0.255727,0.071682,0.062663,-0.087626,0.061365,0.284308,-0.003804,-0.025069,-0.037645,0.085458,0.084844,-0.219354,0.197185,-0.110972,0.209555,0.044145,-0.050279,0.005743,-0.32176,-0.04237,0.04259,0.307051,-0.175541,-0.051257,0.07553,-0.221855,-0.183783,-0.180882,-0.025969,0.070633,-0.160674,0.079646,0.154231,0.015922,0.057496,0.022679,-0.140736,0.202443,-0.107435,0.235162,-0.21911,-0.072167,-0.128677,0.035787,0.481432,0.134009,-0.026737,-0.156954,0.084326,-0.035567,0.250337,0.046358,-0.043137,0.14993,-0.104275,-0.127874,-0.009635,0.10317,-0.029188,0.012319,-0.110356,-0.175441,#
17,-0.406171,0.013815,0.395033,0.088399,-0.206366,-0.055451,0.127481,-0.015155,0.094822,0.269842,-0.265144,-0.251195,0.272884,-0.041636,-0.052595,0.249462,-0.029671,1.0,-0.296519,0.195567,-0.286033,-0.268874,0.145353,-0.023954,0.057365,0.116597,0.049527,-0.106838,0.070784,0.091737,-0.020865,-0.177686,-0.078273,0.080581,-0.039937,0.099595,0.129086,0.061087,0.0359,-0.118276,0.064487,-0.172152,0.104465,0.106119,-0.0796,-0.179915,-0.051139,0.089175,0.201372,0.050108,-0.044106,-0.040481,0.241907,0.076228,0.159849,-0.006478,0.158363,-0.326715,0.009615,0.015232,0.102804,0.084116,-0.002121,-0.094591,0.181082,-0.003015,0.077331,0.035612,-0.017378,0.057624,-0.092092,-0.062994,-0.335717,-0.036708,-0.103567,-0.033163,-0.031408,-0.137463,-0.02777,0.173993,-0.154656,-0.038412,-0.119042,0.427797,-0.24028,0.019372,-0.045914,-0.158508,-0.244409,-0.038672,-0.097537,-0.062452,-0.35426,0.029611,-0.173164,0.055385,-0.166588,0.098481,0.04936,0.01093,-0.433396,-0.166487,-0.077491,0.226737,-0.008716,-0.042226,0.104409,-0.175732,0.22159,0.102508,0.138979,-0.154378,0.074951,-0.010669,-0.033339,-0.150904,0.062626,-0.146724,0.116724,-0.088588,-0.07731,-0.013635,-0.199106,-0.290661,-0.232837,0.007173,0.180688,0.171477,-0.124122,-0.041017,0.225885,0.185827,-0.229674,0.034286,-0.073266,-0.144813,0.051873,0.066553,-0.2429,-0.001445,-0.155026,-0.05098,-0.104167,-0.222881,-0.018226,0.113207,-0.088826,0.376124,0.010387,-0.075426,-0.288254,-0.044512,0.146273,-0.191649,-0.057636,-0.0231,0.083219,0.264351,-0.018961,-0.08167,0.061457,0.118884,-0.136849,0.300295,0.200737,0.071406,-0.119298,-0.05344,0.093905,-0.038471,-0.094583,-0.007489,-0.161199,-0.089637,-0.100517,-0.106861,-0.032972,-0.008186,-0.03702,-0.087029,0.233142,0.011471,-0.007518,-0.138575,0.17143,-0.146667,0.287473,0.183819,-0.344695,-0.095339,0.043196,-0.312731,-0.253753,0.184597,-0.136623,-0.061811,0.13286,0.204016,0.137269,0.448774,#
18,0.368483,0.284197,-0.166794,-0.096062,0.125918,0.103005,0.194065,0.01525,-0.023247,-0.008999,0.121378,-0.016691,0.134849,0.334143,0.122021,-0.182968,-0.032451,-0.296519,1.0,-0.030189,0.155186,0.13687,0.209335,-0.015954,0.000653,0.034866,-0.094715,0.182703,0.352027,0.004449,-0.109003,0.193675,-0.01012,-0.005182,-0.107374,0.018746,-0.087838,-0.126526,-0.122435,0.143984,0.112959,0.063752,-0.002264,-0.203156,0.080323,-0.051683,0.083765,-0.035273,-0.194544,-0.006011,0.077043,-0.003517,0.061881,-0.093261,-0.077861,0.16133,0.049362,-0.022125,-0.040718,-0.015092,0.160871,-0.139203,-0.113751,0.061529,-0.08219,0.081007,-0.361032,-0.041095,0.007729,-0.031858,-0.239966,0.206596,0.038978,-0.293677,-0.213549,0.002797,0.01449,-0.097622,-0.185914,0.087183,0.242837,-0.114354,0.062097,-0.462483,0.094619,0.138865,-0.084691,-0.074331,-0.052012,-0.262401,-0.221409,-0.019878,0.124237,-0.402523,0.271036,-0.241712,-0.180089,-0.068046,-0.078521,-0.075772,0.198881,0.06853,0.002444,-0.329985,-0.123189,-0.190555,-0.229947,-0.1154,-0.306092,-0.124831,-0.051687,0.152031,-0.278818,-0.082128,0.158286,0.035601,0.007431,0.166177,0.126776,-0.02816,0.050041,0.013935,-0.008494,0.039849,-0.276262,-0.016809,0.045219,-0.126421,-0.087829,-0.019499,-0.204914,-0.361057,0.085744,-0.013579,0.076786,0.06268,0.015734,0.099661,0.238398,-0.121298,-0.15675,-0.040992,0.048074,-0.116616,-0.054133,-0.040661,-0.153182,0.042823,-0.38732,-0.000437,0.035183,-0.078034,0.021506,-0.172818,0.034568,-0.154768,0.077595,-0.08121,-0.191797,-0.028781,0.035684,0.062325,0.140766,-0.302737,-0.13854,0.25697,0.320637,0.193652,-0.289503,-0.107207,-0.007797,-0.018396,0.016443,0.138038,-0.020079,-0.04816,-0.234797,0.14092,0.165354,-0.12603,-0.0394,-0.120292,0.051501,0.38918,-0.112394,0.048885,0.185192,0.092609,0.143809,-0.026824,-0.265554,0.100325,0.045636,0.00757,0.152774,0.088613,-0.104378,-0.20826,-0.086587,-0.110218,#
19,-0.091026,-0.094735,0.106126,-0.139616,-0.027036,-0.198011,0.076282,-0.298141,0.201045,0.19273,-0.020276,-0.198352,0.048075,0.277414,0.101319,0.126754,-0.015689,0.195567,-0.030189,1.0,0.03823,-0.012245,0.155146,0.049054,-0.346444,-0.061771,0.208167,0.024636,0.261702,-0.215534,0.061022,0.252575,0.31387,0.053079,-0.093002,-0.191528,0.123758,0.127607,-0.086874,0.022164,0.202073,-0.068833,0.026291,-0.048195,-0.143946,-0.341825,-0.080336,0.326178,-0.103915,-0.098821,0.045985,-0.1143,0.133009,-0.037663,-0.112962,0.034533,0.00522,-0.20651,0.162764,-0.041745,0.077198,0.03697,-0.034947,-0.147653,0.143205,-0.158003,0.095575,0.021458,-0.092793,0.221202,-0.005343,-0.015892,0.207927,-0.216896,-0.337858,-0.205552,0.137714,0.00565,0.225675,0.36461,0.154938,0.221014,-0.023466,0.033899,-0.024836,0.538268,0.079636,-0.202113,0.074503,-0.080425,-0.12823,0.266672,-0.0463,-0.017129,0.145446,0.194021,0.059428,-0.044527,0.074527,0.106684,-0.317948,0.242909,0.052986,-0.126262,0.316111,0.163912,0.17436,-0.059536,0.324162,-0.075784,0.091504,-0.169009,0.101011,0.127277,0.22403,0.010742,-0.01167,-0.064652,0.200338,-0.242875,-0.059998,0.033169,0.08734,-0.202611,-0.107157,0.250728,0.217328,0.122253,0.203033,0.189955,0.471922,-0.099538,-0.06175,-0.054676,0.231582,0.053629,0.071769,0.179215,0.042145,0.261018,0.217931,0.19698,0.00262,0.060988,-0.100019,0.11253,0.065375,-0.06992,0.04438,0.099681,-0.100912,0.152586,0.408116,-0.189336,-0.048573,0.144305,0.277999,-0.018574,-0.023561,-0.029019,0.318716,0.09894,0.226101,-0.103793,0.059252,0.113742,0.324494,-0.054309,0.093612,0.126775,-0.303454,-0.057341,-0.256886,0.002693,-0.295746,0.047283,0.360622,-0.141066,0.199355,-0.042722,-0.034255,-0.077408,-0.102743,-0.099673,-0.31518,-0.342902,0.247903,0.236595,-0.193733,-0.09279,0.187252,-0.186942,-0.358637,0.084344,0.294981,-0.174231,-0.363354,-0.110821,0.345054,0.153177,#
20,0.084276,0.206109,-0.234926,0.18765,-0.076766,-0.101393,-0.197915,0.155155,-0.169632,-0.143397,0.035333,0.110593,-0.003891,0.153225,0.178811,-0.33815,-0.111405,-0.286033,0.155186,0.03823,1.0,0.02329,0.032804,-0.061647,-0.259416,-0.179193,0.213098,0.056505,-0.307139,-0.158742,0.017984,0.099011,0.410691,0.163111,-0.274346,-0.427374,-0.138443,-0.172441,0.050681,0.026356,0.208993,0.093635,-0.344944,-0.029132,0.149483,-0.009751,0.061602,0.042788,-0.090049,-0.168543,-0.20092,0.252158,0.074689,0.058502,-0.057204,0.096052,0.166012,0.134172,-0.391037,0.065424,-0.13606,-0.068877,-0.079472,0.053934,0.22666,0.119182,-0.096426,-0.008818,0.17406,0.082718,-0.145261,-0.173702,-0.049352,0.187663,-0.218657,-0.205101,0.010872,0.287385,0.041025,0.117026,0.119343,-0.023219,0.245853,-0.087882,0.243114,0.113851,0.126956,0.231747,0.417429,-0.034289,0.149965,0.206919,0.280798,0.041266,0.25866,0.280798,-0.010439,-0.138988,0.135498,0.018997,0.055705,0.143261,0.314253,0.018422,0.106356,0.197175,0.1646,0.060732,-0.098371,-0.075346,0.002125,-0.010788,-0.114927,0.164793,0.270286,0.211005,0.060401,0.017877,-0.057554,0.131191,0.197171,-0.117797,0.177679,0.116545,0.020576,-0.03111,0.000701,-0.38259,-0.007857,0.040973,0.099817,0.006724,-0.006042,-0.166428,0.220514,0.355635,0.124034,0.302714,0.126509,0.03919,0.084694,0.242699,0.134341,0.193483,0.045233,-0.138131,0.151762,-0.275328,0.155966,0.227768,0.260484,0.135871,0.114211,0.209779,0.08142,-4.7e-05,0.118358,-0.321985,-0.048163,0.221219,0.03815,0.067527,0.020918,-0.248549,-0.085497,-0.076299,0.323445,0.118842,0.100805,-0.138647,-0.025022,0.000267,-0.197858,0.012026,0.009478,0.087691,0.141148,-0.237939,0.069609,0.180141,-0.374147,-0.176567,0.176079,0.00984,-0.09355,0.005357,-0.069676,-0.136558,-0.090493,0.108049,0.092599,-0.106643,-0.188675,-0.101049,0.082651,-0.20663,-0.179329,-0.537389,-0.180744,-0.167455,#
