0,1.0,0.157839,0.159848,-0.118424,0.394711,-0.01251,0.16849,-0.090451,0.465349,0.076754,-0.25387,0.255576,0.137323,0.104324,0.16399,0.024178,0.127826,0.006216,0.084853,-0.130028,-0.295543,-0.032315,-0.102896,-0.150005,0.098255,-0.269847,-0.06046,-0.222928,0.224378,0.067394,-0.425866,-7.8e-05,-0.146455,-0.056345,-0.210624,0.082018,0.14535,-0.038349,-0.056632,0.011723,-0.004819,-0.310723,-0.249303,0.100417,0.02103,-0.02163,0.313877,0.107573,0.109003,0.386382,0.028342,-0.164825,0.185493,0.006878,0.015614,-0.031367,-0.160236,0.169267,-0.118969,0.181085,0.119663,0.182086,0.050392,-0.151837,-0.051326,0.041981,-0.072294,-0.064358,0.160197,-0.015907,0.058603,-0.340587,-0.076986,-0.227805,-0.285505,0.137736,-0.199339,-0.286992,-0.216952,-0.192288,0.09011,-0.354927,-0.049076,-0.201326,-0.06094,-0.093878,-0.342804,-0.142679,-0.14712,-0.346737,0.085839,-0.119644,0.087246,0.02244,-0.210509,-0.141344,-0.279376,-0.219824,0.004327,-0.205697,0.044375,-0.19549,-0.287085,-0.10472,-0.10995,-0.144484,-0.006158,-0.112176,-0.054051,-0.313454,-0.062412,-0.133412,0.091282,-0.207041,-0.231345,-0.30072,-0.232312,-0.343153,0.10389,-0.449426,-0.080323,-0.134445,-0.199581,-0.166494,-0.112285,-0.176717,-0.184526,-0.061216,-0.119464,-0.076646,-0.016329,-0.248334,-0.136031,0.113581,-0.196345,-0.302129,0.014222,-0.242054,0.058764,-0.198216,-0.077553,-0.289242,-0.011468,-0.240902,-0.385199,-0.088647,-0.154017,0.272353,-0.318098,-0.143964,-0.304557,-0.157513,0.140595,-0.233127,-0.117118,-0.019204,0.166405,0.296951,-0.173336,-0.103404,-0.114882,-0.060456,0.054864,-0.013379,-0.000651,0.133894,0.048966,-0.015824,-0.179615,-0.274735,0.061043,0.180458,0.080595,-0.264641,0.131769,-0.070827,-0.000129,0.221483,0.181133,-0.397803,0.104301,-0.001804,0.038283,0.037993,0.144945,-0.094347,0.379114,-0.128556,-0.15851,0.322834,-0.302892,0.078194,0.164558,0.208362,-0.174021,0.092156,0.022754,-0.316614,0.100011,-0.028254,#
1,0.157839,1.0,-0.073202,0.142549,0.379177,0.040398,-0.052485,-0.291878,0.015264,0.127694,-0.121249,0.041295,0.088818,0.08726,0.011817,-0.085875,-0.125861,0.044335,-0.104514,-0.104277,0.115625,0.21976,0.249076,-0.017804,-0.084348,-0.330199,0.019392,0.113528,0.209257,0.205194,-0.375094,-0.106162,0.021143,-0.269464,-0.180503,0.105882,0.276986,-0.372201,0.094451,0.145979,0.229124,-0.082361,0.250774,0.0574,-0.166488,0.03282,0.095913,0.294298,-0.02148,0.184505,0.05212,-0.356646,0.190644,-0.012367,-0.036285,-0.260153,-0.073063,0.286932,0.009221,0.133396,0.067493,-0.023535,0.01695,0.068132,-0.017716,0.16294,-0.060884,0.283214,0.402392,0.09302,-0.198914,-0.232711,0.099888,-0.19773,-0.228574,0.105013,-0.272757,-0.058584,-0.193056,-0.228378,-0.148703,-0.487099,-0.271835,0.01987,-0.270689,-0.342031,-0.108074,-0.209299,-0.119433,-0.123941,-0.230375,-0.168573,-0.149042,-0.147425,-0.441188,-0.194793,-0.405969,-0.259236,-0.23214,-0.160932,0.098494,-0.06968,-0.115863,-0.163376,-0.14656,-0.239637,-0.319584,-0.164965,-0.087324,-0.094313,0.039684,0.088117,-0.307506,-0.354199,0.079682,-0.068678,-0.200761,-0.155374,0.050027,-0.145841,-0.249354,-0.280508,-0.228839,-0.205141,-0.010131,-0.135257,-0.153444,0.067832,0.232355,-0.151404,-0.158611,-0.135014,-0.057982,-0.016958,-0.227497,-0.288526,-0.157396,-0.226177,0.242528,-0.327801,-0.237966,0.008108,0.116093,-0.328943,-0.070925,-0.091873,-0.126787,0.16976,-0.274639,-0.106321,-0.455937,-0.298903,-0.218511,-0.132202,-0.083146,-0.005509,-0.117708,0.294639,-0.108395,-0.355415,0.115133,-0.026707,-0.194656,-0.039776,-0.222382,0.393782,0.080073,-0.439761,-0.077667,-0.050508,-0.071792,0.06038,-0.330759,-0.093903,0.079355,-0.091999,-0.194392,-0.016837,0.313191,-0.252114,0.233315,-0.137351,-0.108421,0.112085,0.30572,-0.335904,-0.036397,-0.251882,-0.073644,0.289355,-0.139122,0.245076,0.229587,0.337587,0.08803,-0.216059,0.183869,-0.343776,-0.134658,0.203769,#
2,0.159848,-0.073202,1.0,0.254775,-0.043206,-0.139916,0.044635,-0.01541,0.236618,0.079196,-0.025635,0.070395,-0.19255,0.099084,-0.026231,-0.258547,-0.191033,0.186677,-0.014508,0.177429,-0.37953,-0.221218,-0.010953,0.078193,0.086339,-0.139742,0.069676,-0.221519,0.147127,-0.234116,0.012506,0.243206,-0.206882,0.024738,-0.205431,0.02664,-0.077422,0.163197,-0.208084,-0.379424,-0.166689,0.131288,-0.22367,-0.053055,0.237861,-0.420215,0.279675,0.121287,-0.275434,0.332985,-0.321806,0.17925,-0.072228,0.206873,-0.134668,-0.064481,-0.067147,-0.180004,-0.23602,0.003238,0.054705,0.218997,0.038572,-0.36652,0.004856,-0.007327,0.085418,-0.073694,-0.185146,0.044579,0.23129,0.008281,-0.059018,0.245204,-0.089936,0.23326,-0.013383,-0.137639,0.051659,-0.078977,0.06547,0.032597,-0.127496,0.434042,-0.072669,0.095119,-0.047367,0.022142,-0.141563,-0.261802,0.24233,-0.189061,0.132002,0.261225,-0.016,0.287879,0.281658,0.076581,0.060776,0.146232,-0.352087,-0.219973,-0.033657,0.227752,-0.080818,0.064269,0.274008,0.2277,0.060653,0.120866,0.350769,0.004801,0.157334,0.143994,0.18749,-0.111312,-0.144389,-0.122801,0.185619,0.049972,-0.143545,0.306491,-0.004925,-0.053768,-0.104336,0.160785,-0.001648,-0.141833,-0.014746,0.018655,0.287391,0.217994,-0.034955,0.052371,0.318121,0.110469,0.10203,0.304275,0.026415,-0.011686,0.359944,0.168437,0.036846,-0.139025,0.075829,0.173395,0.07387,-0.010038,-0.202004,0.207361,0.138144,0.440638,0.314898,0.242796,0.168558,0.069342,0.046651,0.110813,0.201821,-0.014663,0.04628,-0.107685,0.385762,0.123821,0.117916,-0.070068,-0.060138,-0.04792,0.231288,-0.145367,-0.047401,0.208159,-0.026145,0.063658,-0.115186,0.279114,-0.106103,0.265044,0.048135,-0.040461,0.026977,0.096467,-0.14366,-0.110844,-0.338604,0.331606,0.022521,0.267155,-0.130072,0.042312,0.248337,-0.295302,-0.217147,0.115749,-0.382659,-0.071689,-0.123361,-0.029526,0.178174,-0.198036,#
3,-0.118424,0.142549,0.254775,1.0,-0.11685,-0.156754,-0.232651,-0.054696,-0.394705,-0.001749,-0.006723,-0.139253,-0.144806,-0.16801,-0.03892,-0.045508,-0.021564,-0.096395,-0.250222,0.073337,-0.107501,0.039577,-0.262638,0.104788,0.016583,0.02923,-0.127834,0.028732,0.105081,-0.192555,-0.034463,-0.015557,0.050459,0.150938,-0.030358,-0.330622,-0.074234,0.096306,-0.000357,0.065027,-0.04008,0.075613,0.132521,-0.067393,0.082325,0.187196,-0.228867,-0.341114,0.086307,0.045442,-0.230379,0.190623,0.080639,0.122163,-0.072204,0.011076,-0.038216,0.001193,-0.196939,-0.207652,-0.023274,-0.007667,0.269081,-0.020351,-0.093805,-0.378187,-0.165732,-0.17361,-0.298951,0.008592,-0.066882,0.143738,0.254821,0.228974,-0.074886,0.178077,0.115588,0.364724,0.335767,-0.075251,0.054141,0.105432,0.038161,0.127,0.040451,0.035385,0.246842,0.024631,0.012589,-0.11586,0.124786,0.05369,0.120367,0.146816,0.104525,-0.015629,0.1048,0.209937,0.045313,0.182732,-0.124984,0.202951,0.246724,0.189559,0.088534,-0.046126,0.208782,0.169888,-0.028205,-0.036292,-0.092494,-0.054712,-0.198545,0.057021,-0.047405,0.364544,0.262457,0.013407,-0.229316,0.321674,0.165849,0.01888,0.118407,0.31979,0.107954,0.144278,-0.065458,-0.230881,0.00784,0.26447,-0.195558,-0.100525,0.071039,0.140121,0.190848,0.30845,0.203517,0.040174,-0.239055,0.193323,-0.022381,0.294001,0.254973,-0.157504,0.21653,0.209745,0.044814,-0.27083,0.012685,-0.028107,-0.028795,0.187242,0.141941,0.136723,0.125678,0.275909,-0.206053,-0.242272,0.25258,0.039558,0.214394,0.197143,0.161023,-0.101596,-0.2682,-0.253732,-0.137965,-0.265707,0.257295,0.003017,-0.112499,-0.340908,0.025725,0.118024,-0.148393,0.120526,-0.049565,-0.116422,-0.315864,0.035157,-0.246125,-0.269203,0.168872,-0.010674,-0.214433,-0.067811,-0.171121,-0.091592,0.186555,-0.270811,-0.005974,0.000679,-0.310443,-0.133004,-0.002894,-0.02978,-0.219776,0.074612,-0.190475,0.017774,#
4,0.394711,0.379177,-0.043206,-0.11685,1.0,0.051037,0.221136,0.07508,0.279695,0.155126,-0.302647,0.134235,0.321329,0.219647,0.003932,-0.010294,0.051593,0.094576,0.012754,-0.086893,0.15744,0.004298,0.363986,-0.252666,-0.251628,-0.34535,0.06787,-0.086954,0.239294,0.096296,-0.327814,0.120035,-0.063116,-0.12395,-0.164834,0.182992,0.306645,-0.401317,-0.160346,-0.238799,0.187602,0.031373,0.082104,0.062237,-0.013754,-0.070238,0.306398,0.384897,0.249468,-0.033452,-0.114937,-0.521954,0.212734,-0.260417,0.023346,-0.256313,-0.178441,0.066139,0.05363,0.144064,0.079671,0.142507,-0.207906,-0.198847,-0.070946,0.373442,0.136704,0.276374,0.298914,0.053628,-0.123845,-0.548719,0.031645,-0.495108,-0.266544,0.246087,-0.322383,-0.401555,-0.419686,-0.260733,-0.248752,-0.574619,-0.252412,-0.022818,-0.278226,-0.221462,-0.517178,-0.198889,-0.051406,-0.163512,-0.247326,-0.323762,-0.184885,-0.272639,-0.34254,-0.27962,-0.485408,-0.386682,-0.257941,-0.245414,-0.033257,-0.35147,-0.319637,-0.14506,-0.265249,-0.501544,-0.078869,-0.295287,-0.091894,-0.27127,0.231822,0.180777,-0.263218,-0.479385,-0.170016,-0.038512,-0.296956,-0.433707,0.087766,-0.284913,-0.111442,-0.124054,-0.32539,-0.469493,-0.179812,0.135231,-0.361088,0.287863,-0.087276,-0.273366,-0.109328,0.006424,-0.368394,0.133137,-0.393017,-0.268573,-0.131454,-0.413738,0.135051,-0.325343,-0.198586,-0.150596,-0.112755,-0.139582,-0.381248,-0.170538,-0.054026,0.494976,-0.517849,-0.204148,-0.510092,-0.184137,0.017753,-0.399811,-0.146713,-0.244372,0.166783,0.512554,-0.355934,-0.328847,-0.077427,-0.056517,-0.260205,0.089219,-0.071733,0.294906,-0.09076,-0.289805,-0.31404,-0.017836,-0.14175,0.366555,-0.327713,-0.350189,-0.008421,-0.090678,-0.173256,0.277906,0.288525,-0.445233,0.280114,-0.101514,0.036694,0.075396,0.303899,-0.353298,0.230397,-0.179798,-0.277621,0.282159,-0.243576,0.19136,0.425344,0.321614,-0.083166,0.165829,0.327584,-0.375753,-0.231671,-0.009,#
5,-0.01251,0.040398,-0.139916,-0.156754,0.051037,1.0,0.255925,0.390936,0.053161,-0.205594,-0.005647,0.222071,-0.264504,0.292745,-0.026072,-0.117541,0.075162,-0.08002,-0.056782,-0.172855,0.197316,0.226132,0.013166,-0.390352,0.135882,-0.060777,0.068683,-0.0363,-0.091642,0.096948,0.004025,0.098273,0.047828,-0.140832,-0.277877,0.21658,-0.035719,0.004905,0.146038,-0.106755,0.087105,-0.09989,0.154389,-0.058102,-0.210593,0.099316,0.001032,0.133912,-0.005376,0.00115,0.112531,0.0208,0.133727,-0.036967,0.159361,0.110309,0.006871,0.201411,0.003774,0.133968,0.079645,0.008503,-0.06471,0.237491,-0.120573,-0.066535,-0.054877,0.269518,0.163144,-0.04869,-0.152777,-0.181422,0.088162,-0.184592,-0.013888,0.062434,-0.006405,0.037851,-0.178411,-0.057944,-0.097542,-0.204091,0.110059,-0.07072,-0.084799,0.243712,-0.128993,-0.037138,0.075841,-0.145461,0.076298,-0.028979,0.121075,-0.335557,-0.019683,-0.132547,-0.086858,-0.165913,0.094118,-0.239559,0.179808,-0.187288,0.131533,-0.37688,-0.049901,-0.240018,-0.090766,-0.454243,-0.114454,-0.232978,-0.244971,0.018261,-0.117017,-0.267668,0.141728,-0.104091,-0.070197,-0.230508,0.068054,-0.030258,-0.047158,-0.03293,-0.003554,-0.131246,0.048337,0.071862,0.088916,0.105325,0.022474,-0.136795,-0.011547,-0.004203,-0.032941,-0.153426,0.041318,-0.04225,0.091047,-0.106203,-0.07689,-0.09146,-0.261793,-0.099282,-0.230218,-0.129735,-0.010381,-0.062022,0.085928,0.060893,0.108814,-0.217079,-0.076887,0.028864,-0.042175,0.046964,-0.007738,-0.181837,0.192368,0.039685,-0.037347,0.079712,-0.004117,-0.069184,0.045228,0.049914,0.114878,0.293447,0.180717,0.040199,0.034686,0.048338,0.098952,0.037638,-0.02101,0.04227,0.086188,-0.093582,-0.111452,0.156493,0.135987,-0.123481,0.070581,-0.035932,0.015808,0.219594,0.276843,-0.232617,0.085331,-0.045395,0.000869,0.201125,0.043892,0.068996,0.160082,0.107936,0.294092,0.226744,0.165893,-0.127674,-0.106361,0.272972,#
6,0.16849,-0.052485,0.044635,-0.232651,0.221136,0.255925,1.0,0.169933,0.35116,0.039904,0.183844,0.210532,0.043219,0.094766,0.029966,0.205272,-0.007813,-0.064772,0.184466,-0.142946,0.09617,0.159342,0.075698,-0.260269,-0.13652,-0.081669,0.051213,-0.212736,0.260886,-0.010044,-0.312025,0.091523,0.224173,-0.286765,0.009185,0.204363,0.028906,-0.074349,-0.30746,-0.22048,0.002039,-0.029591,-0.086368,-0.13769,0.013927,-0.104122,0.101189,0.161191,0.124512,0.188616,-0.072952,-0.151472,0.033658,0.060868,-0.049278,-0.169296,0.133696,-0.074338,0.079494,0.203458,0.064777,0.123497,-0.25269,0.143739,-0.157147,-0.115701,0.08934,0.111562,0.160087,-0.02826,-0.008554,-0.304062,-0.038634,-0.126235,-0.260582,0.222868,-0.10195,-0.217929,-0.575968,-0.233001,-0.193703,-0.218738,-0.153893,-0.145003,-0.243746,0.079735,-0.216507,-0.294722,-0.090669,-0.153883,-0.166455,-0.202115,0.056656,-0.327704,-0.281156,0.019051,-0.249687,-0.447555,-0.411062,-0.112314,0.117741,-0.362908,-0.234242,-0.290633,0.029893,-0.145865,-0.027937,-0.318687,-0.30006,-0.05475,-0.100216,0.020719,-0.106254,-0.109788,-0.09878,-0.288686,-0.407177,-0.216889,-0.070858,-0.189659,-0.14171,-0.096988,-0.096245,-0.318799,-0.349778,0.070135,-0.325455,0.121594,-0.034841,-0.392375,-0.074405,-0.160325,-0.21389,0.103463,-0.170401,-0.122712,0.094772,-0.361059,-0.090711,-0.181421,-0.077856,-0.218955,-0.245564,-0.099538,-0.234671,-0.09497,-0.267332,0.249486,-0.056162,-0.229938,-0.159405,-0.157068,-0.234593,-0.116174,-0.019026,-0.364197,0.060809,0.402052,-0.203277,-0.270306,-0.051907,-0.302911,-0.041421,0.055284,-0.055647,0.35805,-0.014971,0.128406,-0.038079,-0.219424,0.151668,0.265903,-0.120829,-0.133377,0.162421,-0.190669,-0.230284,0.330599,0.192474,-0.240566,0.325891,0.179882,0.287279,0.340558,0.171977,-0.058134,0.026958,-0.054393,0.058149,0.120788,-0.121936,0.226991,0.313043,0.21438,-0.001063,0.288301,0.334369,-0.221738,-0.060793,0.109326,#
7,-0.090451,-0.291878,-0.01541,-0.054696,0.07508,0.390936,0.169933,1.0,-0.129677,-0.302959,-0.084806,-0.221681,-0.122997,0.294241,0.271214,-0.109739,0.035585,-0.234365,0.072645,-0.037374,0.022834,0.21612,-0.122773,-0.242518,-0.044314,0.158912,0.184024,-0.002672,-0.104772,-0.115684,0.090572,0.214238,0.17056,-0.102199,0.007047,0.03823,0.047964,0.190804,0.093189,-0.381169,-0.038973,0.275607,0.189107,-0.018071,-0.069715,0.080126,0.135473,-0.158675,-0.09517,-0.211668,-0.272516,0.075706,-0.080843,-0.304303,-0.036064,0.152707,-0.014873,0.067059,-0.173943,0.142828,-0.045765,0.078452,-0.315741,0.214305,0.142683,0.186023,0.012834,0.230862,-0.036274,-0.181577,-0.104617,-0.09638,0.191709,-0.06502,0.027671,-0.097125,0.221153,-0.01576,-0.24983,0.031565,0.00724,-0.133239,0.212259,-0.159982,0.055463,0.260116,-0.078553,0.019771,0.011078,-0.023755,0.136513,-0.07954,0.104755,-0.201149,0.164546,0.186615,-0.209197,0.057109,0.004754,-0.137523,0.111535,-0.161922,0.173474,-0.218904,-0.07163,-0.184672,0.109024,-0.25848,0.019613,-0.238996,-0.191407,0.183437,0.091326,0.140442,-0.098579,0.223092,0.012044,-0.074302,-0.148976,0.219415,0.015035,0.063057,-0.093969,-0.065484,-0.003329,0.201503,-0.05122,-0.027811,0.10173,0.024445,0.169542,-0.040112,-0.112437,-0.172925,0.028279,-0.022663,0.116497,-0.006068,-0.105698,0.021995,-0.098213,-0.175374,-0.19975,0.090837,-0.060256,-0.194896,0.050599,-0.170887,0.132735,-0.020273,0.155573,0.202615,0.269541,0.16982,0.158984,-0.098604,0.252362,-0.053492,-0.284741,0.111957,-0.047754,-0.204282,0.140923,0.040577,-0.051236,0.052256,-0.043116,0.058253,-0.155687,0.130414,-0.094048,0.115523,0.002539,0.149646,-0.044797,0.087564,-0.093736,0.027784,-0.136019,-0.010386,-0.077187,-0.041438,0.102806,0.039031,-0.089683,-0.032245,0.096381,0.236691,0.132854,-0.180113,-0.136636,0.133841,-0.04294,-0.058645,0.108894,0.187117,-0.078974,-0.011305,-0.003672,-0.002186,#
8,0.465349,0.015264,0.236618,-0.394705,0.279695,0.053161,0.35116,-0.129677,1.0,-0.020509,0.1035,0.390239,0.149857,0.172812,0.028121,-0.009637,0.079436,0.222704,0.230525,0.007387,-0.25601,-0.201182,0.14022,-0.200357,-0.066326,-0.243683,0.075496,-0.033506,0.192302,-0.067764,-0.214346,0.169104,-0.134942,-0.149966,-0.191592,0.099492,0.332431,-0.166318,-0.081303,-0.159819,-0.122862,-0.097029,-0.325129,0.030742,0.160106,-0.243317,0.355275,0.316702,-0.079741,0.343576,0.201043,-0.147682,0.079264,0.241231,-0.072098,0.166471,-0.029228,0.021501,0.005795,0.162589,-0.180255,0.130925,-0.080349,-0.077992,-0.088752,0.134689,0.317446,0.060901,0.201263,0.194119,0.220489,-0.253061,-0.2389,-0.185953,-0.118803,0.157114,-0.085225,-0.361419,-0.231122,-0.114124,-0.083356,-0.208858,-0.065607,0.179388,-0.062449,0.080385,-0.270488,-0.232691,-0.08097,-0.324947,0.125357,-0.119023,0.005715,0.04792,-0.238596,0.071902,-0.074194,-0.33677,-0.180388,-0.073699,-0.188246,-0.333408,-0.333416,-0.087794,-0.021979,0.067071,-0.041611,0.079908,-0.119395,-0.000487,0.100432,-0.146338,0.171369,-0.098064,0.105386,-0.514338,-0.241911,-0.184605,0.224168,-0.286316,-0.058848,0.035957,-0.14274,-0.428475,-0.158623,-0.004185,-0.173641,0.212735,-0.097114,-0.235371,0.30695,0.118927,-0.1625,-0.022654,0.060108,-0.191965,0.155292,-0.010454,0.191173,-0.046119,0.221898,-0.036781,-0.23438,-0.107505,-0.231365,-0.223344,-0.016912,0.411713,-0.093733,-0.096055,-0.067176,-0.01146,0.0597,-0.195446,-0.062954,-0.265523,0.097617,0.323113,-0.011386,-0.086974,-0.064088,-0.205534,-0.028378,0.247578,0.163659,0.03475,-0.093422,0.083403,0.044225,-0.141099,-0.04162,0.233446,0.100661,-0.108883,-0.127458,-0.114499,-0.056455,0.273385,0.164011,-0.322061,0.265689,0.163807,-0.152898,-0.009964,0.049281,0.183403,0.193536,0.02697,-0.397727,0.249502,0.141492,-0.079232,0.141001,0.189871,-0.130216,0.093085,0.164429,-0.166684,0.108246,0.062652,#
9,0.076754,0.127694,0.079196,-0.001749,0.155126,-0.205594,0.039904,-0.302959,-0.020509,1.0,-0.221516,0.226599,0.19727,0.281041,-0.522015,-0.00021,-0.275178,0.286461,-0.087526,0.101317,0.048231,-0.187226,-0.011734,0.025512,0.117716,-0.00121,-0.010228,-0.402446,-0.024699,0.29488,-0.001276,-0.214443,-0.026137,0.16531,0.141691,0.310407,-0.07096,-0.25128,-0.364501,-0.058731,0.051397,0.073842,0.066838,0.178944,0.196693,-0.177934,-0.126744,0.201998,-0.042157,0.197261,-0.026886,-0.181685,0.025049,0.035238,-0.184452,-0.342551,0.009639,-0.088538,0.243356,-0.086446,-0.108778,0.171587,0.157115,-0.335988,-0.167076,-0.089998,0.161941,-0.027763,-0.01032,-0.033109,-0.059841,-0.269099,-0.099406,-0.03774,0.107551,0.056903,-0.104476,-0.193603,0.1061,0.181084,-0.051784,-0.029916,-0.113337,-0.148129,0.18778,-0.332204,-0.031637,-0.070361,-0.089962,0.190717,-0.268622,0.030895,-0.048001,0.192834,-0.124043,0.014847,0.014729,-0.079881,-0.051612,0.142667,-0.241314,0.08344,0.112378,0.222994,-0.053461,-0.020851,-0.012074,-0.066986,-0.127809,0.006497,0.157455,0.189744,-0.044801,-0.046278,-0.021916,-0.02949,-0.086105,-0.116336,0.30632,-0.232814,0.024626,0.341669,0.005927,-0.025672,-0.220569,0.12843,-0.243117,-0.173373,-0.008637,0.270981,-0.111823,0.376948,-0.043644,0.687936,-0.14161,0.098852,-0.113898,-0.121605,0.106368,-0.082958,0.190952,-0.023157,0.270385,0.062771,0.174905,0.087064,0.249897,0.096396,-0.203543,0.25494,-0.392297,-0.186566,-0.116328,0.069592,0.245488,0.149316,0.063637,0.299447,0.13089,0.053368,0.091878,0.185394,-0.214318,0.391198,-0.017666,0.011783,0.038454,0.0031,0.072593,0.117497,0.068858,-0.150322,-0.000552,-0.26015,0.089031,0.177359,-0.160999,0.003416,0.220652,-0.046811,0.07207,-0.102393,-0.183978,0.027248,-0.062162,-0.029029,0.045665,-0.083468,-0.30868,0.199709,-0.049402,-0.24848,-0.032741,0.04229,-0.001802,-0.187151,-0.032108,0.038684,0.274164,-0.061558,#
10,-0.25387,-0.121249,-0.025635,-0.006723,-0.302647,-0.005647,0.183844,-0.084806,0.1035,-0.221516,1.0,0.056103,-0.197607,-0.271744,0.072239,0.047479,0.195436,-0.168812,0.153112,0.016809,0.073882,0.309881,-0.054868,0.189124,-0.071579,0.305851,-0.243204,0.162263,0.201027,-0.019152,-0.022437,-0.130803,-0.2551,-0.108484,0.247888,-0.032524,-0.079363,0.10162,0.086024,0.228766,-0.235234,-0.112537,-0.122224,-0.239014,-0.011407,0.202213,-0.256502,-0.405485,0.17326,-0.056998,0.116196,0.150214,-0.091701,0.325801,-0.01056,0.095211,-0.020486,-0.118709,0.079764,0.046558,0.035305,-0.228125,0.141007,0.152236,0.176526,-0.036423,-0.081645,-0.144712,-0.192413,-0.046685,-0.227087,0.248882,0.177635,0.102648,0.006648,0.128699,-0.032458,0.142149,0.014855,-0.058616,-0.028063,0.114016,-0.270773,0.177804,0.045366,-0.069999,0.134989,-0.075872,-0.114454,0.04972,0.08793,-0.151911,0.030966,-0.102036,-0.08224,0.17773,-0.040901,-0.090889,-0.278725,0.019418,0.053766,0.010602,-0.320277,-0.065374,0.283501,0.031875,-0.087796,0.084796,-0.228731,0.452444,-0.207722,-0.218978,-0.138375,0.25833,0.00796,-0.061036,-0.09456,0.097165,-0.076884,0.153656,-0.12401,-0.135753,-0.010415,0.049839,0.015974,-0.090814,0.071796,-0.06634,0.073369,-0.070266,0.17467,-0.195758,0.040201,-0.28102,0.209384,0.261221,0.076684,-0.066297,-0.145451,-0.004898,-0.010092,0.23359,-0.162919,0.019536,0.096973,0.21236,-0.107431,-0.158162,0.21212,-0.314518,0.207517,0.031998,-0.320799,-0.050832,-0.257149,-0.375561,-0.305321,0.030961,0.212198,-0.020614,0.217113,-0.060908,-0.137612,-0.08739,-0.077551,-0.0704,-0.259787,-0.035051,0.228866,-0.114847,0.061272,-0.261356,-0.087821,0.047849,0.042512,-0.3635,-0.304862,0.152936,-0.196282,0.110623,0.085228,0.154903,0.098972,0.254686,0.025887,0.134131,-0.300936,0.04221,0.366321,0.024704,0.066626,0.281371,-0.034333,-0.119767,0.02776,0.099239,0.220562,-0.044287,-0.058147,0.134242,#
11,0.255576,0.041295,0.070395,-0.139253,0.134235,0.222071,0.210532,-0.221681,0.390239,0.226599,0.056103,1.0,0.023078,0.010563,-0.115185,0.143675,-0.105402,-0.07362,-0.157223,-0.236474,-0.080191,-0.042066,-0.021193,-0.012362,0.196651,-0.150599,-0.044016,-0.363821,0.219294,0.189081,-0.288991,0.041834,-0.28578,0.004185,-0.26188,0.396398,-0.135418,-0.161136,-0.033988,0.110736,0.138769,-0.167707,-0.126187,-0.017836,-0.029208,0.032277,-0.064301,0.147505,0.175319,0.134105,0.132612,-0.180345,-0.062822,0.103388,0.16062,-0.007837,-0.299932,-0.077048,0.053989,-0.019949,-0.185294,0.147652,0.121638,-0.065059,-0.01529,-0.148475,0.020654,-0.015685,0.170627,-0.02917,0.022898,-0.300295,-0.102747,-0.188474,-0.221968,0.272682,-0.250261,-0.01108,-0.119564,-0.354262,-0.164735,-0.191413,-0.017745,0.044354,-0.040471,-0.140203,-0.200432,-0.366905,-0.100219,-0.166864,-0.094428,-0.117711,0.030646,-0.139993,-0.294923,0.042738,-0.136618,-0.323824,-0.168425,-0.1155,-0.095906,-0.099309,-0.065688,-0.110153,-0.016253,-0.012607,-0.092605,-0.222184,-0.286616,-0.102795,-0.178746,-0.01182,-0.219262,-0.194843,0.012535,-0.259475,-0.165099,-0.204428,-0.065406,-0.175815,-0.074449,-0.062235,-0.180328,-0.17298,0.094816,-0.085875,-0.153308,-0.137073,-0.085844,-0.280141,-0.134512,-0.086353,-0.117592,0.153066,-0.098172,-0.015285,0.04101,-0.130322,0.233422,-0.26111,0.110029,0.054519,-0.192487,-0.119586,-0.153036,-0.153484,-0.152496,0.169656,-0.130736,-0.377227,-0.274653,-0.071049,-0.109133,-0.183484,-0.174537,-0.337483,0.167902,0.049788,0.057652,-0.072364,0.133226,-0.072533,-0.121736,-0.079967,-0.144146,0.012229,0.07468,0.087136,0.283517,-0.157148,-0.003247,-0.012939,-0.021121,-0.370228,0.145872,-0.290501,-0.232612,0.063371,0.16176,-0.173991,0.238296,0.123921,0.070352,0.173666,0.265142,-0.168792,0.018284,-0.098956,-0.108974,0.423313,0.031495,0.202898,0.207916,0.028413,-0.004227,0.099365,0.29112,-0.223981,0.005167,0.108166,#
12,0.137323,0.088818,-0.19255,-0.144806,0.321329,-0.264504,0.043219,-0.122997,0.149857,0.19727,-0.197607,0.023078,1.0,0.166723,0.113348,0.20752,-0.05525,0.2288,0.061008,-0.010337,-0.014152,0.094985,0.173182,0.003312,-0.194853,-0.08925,0.172686,-0.017797,0.180533,-0.068841,-0.205008,0.149598,0.111285,0.041131,-0.011381,0.078881,0.334101,-0.293289,-0.173047,0.086157,0.032848,0.191917,0.069734,0.172133,0.231222,-0.005505,0.166253,0.135084,0.029926,-0.004458,-0.051487,-0.32379,0.138537,-0.206965,0.003078,-0.342397,-0.222907,0.315757,0.220298,-0.165067,-0.120449,-0.056102,-0.327049,0.06435,0.113752,0.23045,0.100782,-0.062344,0.29113,-0.212182,-0.080274,-0.326322,-0.152605,-0.125438,0.008014,0.036228,-0.154161,-0.209105,-0.249158,-0.248707,-0.11251,-0.275366,-0.140765,-0.22076,-0.000957,-0.264034,-0.020635,-0.151943,-0.328605,-0.00274,-0.230552,-0.303179,-0.185531,-0.094708,-0.177722,-0.188265,-0.176499,-0.159559,-0.201607,-0.378947,0.130366,-0.153388,-0.290631,-0.297236,-0.140827,0.020055,-0.249285,-0.097055,-0.14297,-0.086085,0.161185,0.018047,-0.012989,-0.192906,-0.271122,-0.126922,-0.245232,-0.069329,0.05053,-0.328139,-0.025731,-0.246101,-0.154038,-0.228352,-0.283416,0.052495,-0.336184,0.093328,-0.327145,-0.270565,-0.119641,-0.037806,-0.007967,0.063635,-0.31113,-0.169362,-0.05621,-0.023619,0.127688,-0.322652,-0.267965,-0.137072,-0.193878,0.049851,-0.293053,-0.081022,-0.050824,0.255689,-0.5212,-0.012909,-0.024364,-0.150733,-0.073833,-0.150245,-0.156423,-0.162655,0.210731,0.238572,-0.431537,-0.216427,-0.115435,-0.059006,-0.284957,-0.038795,0.029489,0.179357,-0.199105,0.050154,-0.351806,0.003611,0.115184,0.196124,-0.103726,-0.18888,0.147892,0.023696,-0.074665,0.189069,0.284312,-0.306659,0.224372,0.184374,-0.007701,0.121628,0.154425,-0.165647,0.114422,-0.07966,-0.243328,0.165711,-0.267148,0.125159,0.293847,0.21481,0.006288,-0.035655,0.16303,-0.118508,0.016491,0.053951,#
13,0.104324,0.08726,0.099084,-0.16801,0.219647,0.292745,0.094766,0.294241,0.172812,0.281041,-0.271744,0.010563,0.166723,1.0,0.026853,-0.108179,-0.065812,0.191,0.124382,-0.011754,-0.069197,-0.064441,0.011975,-0.284714,0.005266,-0.061424,0.196849,-0.096056,-0.047508,-0.020294,-0.048301,0.366227,0.015587,-0.245722,-0.264673,0.255216,0.190069,-0.135913,-0.17102,-0.314923,-0.025542,0.237193,0.191426,0.240107,0.030192,-0.28352,0.304023,0.181301,-0.110987,0.09851,0.008937,-0.052382,-0.006953,-0.145625,-0.356655,-0.081897,0.225363,0.105685,-0.033488,0.077082,-0.074175,0.241903,-0.100519,-0.010337,0.01716,0.214366,0.270803,0.247691,0.198347,0.045199,-0.041942,-0.221147,0.011924,-0.11287,0.03598,0.049481,-0.009381,-0.300232,-0.12888,0.090367,0.114456,-0.295161,0.03876,-0.041574,0.036532,-0.004687,-0.152568,-0.23901,-0.263415,-0.113895,-0.115216,0.034181,0.040745,0.058912,-0.144961,-0.05745,-0.114366,-0.025064,-0.050708,-0.163,-0.060754,-0.135124,-0.029299,-0.083852,-0.215501,-0.169414,0.121543,-0.301919,0.113045,-0.298067,0.121479,0.177501,-0.028049,0.052785,-0.029491,-0.067846,-0.255516,-0.206539,0.343219,-0.24115,-0.037457,0.111345,-0.036504,-0.189911,0.052584,-0.035096,-0.323776,-0.031579,-0.159709,-0.040398,-0.058713,0.323378,-0.326931,0.107594,0.040181,-0.211662,0.054686,0.121975,0.151297,-0.037865,0.054283,-0.313749,-0.130683,-0.218522,-0.17388,-0.15424,0.2138,0.325392,-0.326729,0.366838,-0.225571,0.21199,0.018439,0.036413,0.228652,-0.094205,0.30321,0.373015,-0.221193,0.003165,-0.199301,-0.069898,0.037785,0.315633,0.145459,0.229143,0.06027,0.130225,-0.150265,0.148401,0.035295,0.211185,-0.14721,-0.040759,-0.074154,0.042686,-0.007689,0.06909,0.212505,-0.236637,0.06029,0.060996,-0.291749,-0.130565,0.159603,-0.095851,0.236049,0.051333,-0.310651,0.081265,-0.043865,-0.181774,0.263905,0.175737,0.03349,-0.115593,-0.142505,-0.175593,0.318743,0.093091,#
14,0.16399,0.011817,-0.026231,-0.03892,0.003932,-0.026072,0.029966,0.271214,0.028121,-0.522015,0.072239,-0.115185,0.113348,0.026853,1.0,0.134689,0.164454,-0.245605,0.044639,-0.131524,-0.199448,0.187589,0.002319,-0.036621,-0.205702,0.052808,-0.030222,-0.007487,0.173258,-0.118924,-0.35979,0.364717,-0.144137,0.031106,-0.022636,-0.204221,0.042461,0.148606,0.32465,-0.098469,-0.175993,-0.071017,-0.009542,-0.039175,-0.07362,0.347013,0.40597,-0.345081,0.073956,0.014259,-0.023809,0.205234,-0.103884,-0.222678,-0.008265,0.244985,0.011667,0.165256,-0.443848,0.0022,0.19295,-0.176636,-0.008726,0.272648,0.138438,0.230629,-0.216429,-0.119467,0.034515,-0.117869,0.157082,-0.013321,-0.071334,-0.063264,-0.101402,-0.174784,-0.021794,0.260696,-0.13708,-0.181059,-0.011112,-0.109751,0.041473,-0.008679,-0.113608,0.063433,-0.171272,-0.23564,-0.076698,-0.153218,0.023204,-0.052738,0.290927,-0.094928,-0.074626,-0.046395,-0.275763,-0.142424,-0.257656,-0.06844,0.145906,0.023373,-0.093936,-0.209141,-0.164582,0.114478,-0.105815,-0.05267,0.209719,-0.138832,-0.352119,-0.132536,-0.082429,0.215327,-0.366566,0.062144,-0.257953,0.146448,-0.23572,-0.003252,-0.058338,-0.217238,-0.009057,0.088544,0.228921,-0.066386,0.061656,0.0535,-0.128984,-0.247972,0.102818,-0.409941,-0.303139,-0.493254,-0.174387,-0.118735,0.035751,-0.108624,0.005333,-0.100042,-0.180116,-0.371342,-0.252248,-0.169551,-0.303738,-0.040871,-0.128999,-0.116428,-0.163286,-0.215307,0.126342,0.057815,0.032889,-0.068601,-0.144666,-0.199119,0.056336,0.061426,-0.33828,-0.088476,-0.341698,-0.170128,0.04574,-0.409138,-0.08813,-0.003232,0.033196,0.012143,-0.10703,-0.248678,-0.023918,0.233756,-0.245123,0.048648,0.134889,0.027581,0.183595,0.029883,-0.166186,-0.200702,-0.045864,0.346316,0.235479,0.047105,0.096401,-0.109016,0.187035,0.218521,0.237904,-0.078018,-0.286677,0.311356,0.108492,0.107134,-0.081036,-0.165244,0.072386,-0.134659,0.021423,0.193423,#
15,0.024178,-0.085875,-0.258547,-0.045508,-0.010294,-0.117541,0.205272,-0.109739,-0.009637,-0.00021,0.047479,0.143675,0.20752,-0.108179,0.134689,1.0,0.030485,-0.24952,0.116453,-0.212876,-0.008157,0.056887,-0.102148,-0.141991,-0.220184,-0.048188,-0.239173,-0.051592,0.0299,-0.025351,-0.191926,0.043466,0.094006,-0.049237,0.061574,-0.003438,-0.052066,-0.013219,-0.130714,0.261699,-0.143548,-0.147438,0.052098,-0.048121,0.046943,0.266993,-0.007565,-0.206064,0.142091,-0.016006,0.215593,-0.029119,0.146412,-0.03043,-0.125538,0.048124,0.123093,-0.003326,0.033489,-0.04747,-0.073571,0.056205,0.102512,0.244037,-0.117372,-0.169474,-0.193113,0.101669,-0.099793,-0.324668,0.092183,-0.023102,-0.179494,-0.116126,-0.005051,0.000679,-0.149168,0.087436,-0.13916,-0.187827,-0.004959,-0.010857,-0.070557,-0.188176,0.109867,-0.117565,-0.037338,-0.071908,0.015537,0.070354,0.097952,-0.0221,0.308141,-0.256725,-0.169054,-0.1349,-0.158151,-0.162401,-0.222873,-0.048799,0.121281,0.071839,-0.192779,0.046268,0.086494,0.070705,-0.380267,0.054429,-0.197337,0.019117,-0.386455,-0.281963,-0.107412,-0.015155,-0.149017,-0.126074,0.004338,-0.046376,-0.312719,0.029825,-0.05365,-0.146512,0.160315,0.212912,0.024025,-0.034981,-0.131224,-0.188202,-0.186847,-0.158955,-0.141514,-0.171212,-0.047077,0.144776,-0.130903,-0.107512,0.177091,-0.231845,-0.152211,-0.018024,-0.090479,-0.096363,-0.07279,-0.107899,-0.301599,0.283544,-0.305267,-0.139228,-0.195004,-0.290611,-0.054648,-0.145379,-0.311872,-0.104944,-0.342798,-0.149103,-0.08042,-0.052466,-0.206496,-0.033539,-0.259308,-0.300957,-0.105655,-0.29981,-0.104896,-0.021457,-0.109975,0.227023,0.005104,-0.223697,-0.01854,0.010343,-0.019792,-0.026184,0.135863,-0.236543,-0.107874,-0.003857,-0.260112,-0.097707,0.029877,0.027056,0.483333,0.29904,0.209105,-0.058618,-0.067886,-0.1756,0.428492,-0.066965,-0.216364,0.346176,0.384974,-0.013906,-0.02339,0.018752,0.297552,-0.068358,-0.107013,0.094443,#
16,0.127826,-0.125861,-0.191033,-0.021564,0.051593,0.075162,-0.007813,0.035585,0.079436,-0.275178,0.195436,-0.105402,-0.05525,-0.065812,0.164454,0.030485,1.0,-0.054293,0.075127,-0.092861,-0.07071,0.053377,0.180913,-0.037995,0.088347,-0.084786,-0.290065,0.085218,-0.055138,-0.023444,-0.113701,0.166062,0.070469,-0.22749,-0.027919,-0.214099,-0.181327,0.04423,0.080418,0.019521,-0.06391,-0.204101,-0.121465,-0.144547,0.088242,0.221296,0.12412,-0.191857,-0.023874,0.10925,0.212978,0.035651,0.031022,0.057625,0.138626,0.31865,-0.064611,0.104574,-0.20433,0.03997,0.192193,-0.281101,0.1117,0.214839,-0.036306,0.041568,-0.078524,-0.053961,-0.008445,0.118785,0.067202,-0.046174,-0.066586,-0.277961,-0.262116,0.203476,-0.083024,-0.062041,-0.024841,-0.011574,0.008944,-0.067178,0.140983,0.099629,-0.110771,0.011201,-0.031149,-0.049142,-0.051635,-0.149897,0.299174,-0.027422,-0.048816,-0.076778,-0.115748,-0.205582,0.037513,-0.0985,-0.001884,-0.223005,0.243139,0.107925,-0.263041,-0.099857,-0.000939,-0.147543,0.208103,-0.179759,-0.022527,0.146628,-0.188021,-0.133485,0.017832,-0.108822,-0.112166,-0.005134,0.047135,-0.193409,0.21788,0.099323,0.03093,0.048339,-0.330327,-0.132512,0.103228,-0.235894,-0.157491,0.18286,-0.250248,-0.069665,0.016129,-0.240935,0.074731,-0.111108,0.07265,-0.027538,-0.165154,-0.416046,-0.253622,-0.069713,-0.175824,0.047919,0.014693,0.130324,-0.286912,-0.053596,-0.032657,0.160087,-0.038079,-0.11964,0.117663,0.062305,-0.039389,-0.241519,-0.28435,-0.092671,-0.067551,0.190427,-0.125432,-0.083871,-0.099439,0.073406,-0.099723,-0.156778,0.117478,0.065169,-0.124377,-0.055663,-0.078843,0.122878,0.31473,0.027071,-0.015899,-0.007487,-0.116963,-0.229039,-0.12302,-0.03746,-0.159137,-0.162062,-0.057976,-0.257824,0.187933,0.165746,0.080285,-0.077416,0.01703,-0.096774,0.088794,-0.098134,-0.061662,0.196524,0.095201,0.10113,0.159264,0.212934,0.121771,0.088893,-0.214442,0.069071,#
17,0.006216,0.044335,0.186677,-0.096395,0.094576,-0.08002,-0.064772,-0.234365,0.222704,0.286461,-0.168812,-0.07362,0.2288,0.191,-0.245605,-0.24952,-0.054293,1.0,0.183918,0.215586,0.10322,-0.12159,0.227599,0.038327,0.141957,-0.163129,0.150958,-0.028976,-0.105355,0.045757,0.281994,-0.019345,0.104972,0.078355,-0.036843,0.057239,0.136043,-0.281325,-0.072451,-0.218024,-0.035295,0.193432,0.00238,-0.014687,0.246893,-0.286795,0.129183,0.424156,-0.11772,-0.097645,0.136889,-0.087387,-0.020109,-0.018542,-0.21587,-0.09399,0.037445,-0.036352,0.075935,-0.106871,-0.028582,0.004033,-0.037056,-0.338916,-0.087035,0.079222,0.124124,-0.104977,0.152958,0.232936,0.078841,-0.140772,-0.403758,0.109928,0.153874,-0.070613,0.037638,-0.334765,0.029053,0.141933,-0.097135,0.078556,-0.108961,0.065949,0.237995,0.04497,-0.12987,0.215744,-0.104422,0.117189,-0.122053,-0.060144,-0.343126,0.271255,0.091778,-0.160527,0.062014,0.103489,0.051745,0.052739,-0.152398,-0.108108,-0.095616,0.129642,-0.018221,0.165463,0.075431,0.237803,0.086812,-0.069421,0.348685,0.110811,0.235679,-0.139643,0.083049,-0.061987,0.036451,-0.031172,0.477149,-0.157947,-0.015918,0.208896,-0.090041,-0.231262,-0.141988,0.277491,-0.1087,0.195043,-0.118834,0.067339,0.130361,0.266315,0.06745,0.234188,-0.040943,-0.010674,-0.011125,0.221399,0.231989,-0.093019,0.093832,0.0484,0.141443,-0.063139,0.074641,-0.119265,0.325069,0.262482,-0.197189,0.401226,-0.037264,0.06851,0.147028,-0.098905,0.185747,0.20878,0.182301,0.231967,-0.043728,0.300098,0.171451,0.246596,-0.02608,0.516202,0.171443,-0.036907,0.076884,0.016573,-0.21548,0.219752,0.012718,0.106084,0.009728,-0.114045,-0.117051,0.272317,0.198713,0.206586,0.395348,-0.167957,0.200376,-0.097939,-0.602637,-0.140007,-0.083593,0.066412,0.138637,0.117173,-0.419337,0.129388,0.06206,-0.34638,-0.062491,-0.094841,-0.086688,0.042115,-0.073727,0.045688,0.250054,-0.330974,#
18,0.084853,-0.104514,-0.014508,-0.250222,0.012754,-0.056782,0.184466,0.072645,0.230525,-0.087526,0.153112,-0.157223,0.061008,0.124382,0.044639,0.116453,0.075127,0.183918,1.0,-0.090561,-0.070553,0.233402,-0.02277,-0.141068,-0.464711,-0.018495,-0.127515,0.342186,0.007369,-0.210128,0.082907,0.233304,0.041369,-0.142421,0.022638,0.181088,0.106149,0.265564,0.035959,-0.109875,0.095704,-0.054791,-0.116226,0.031378,-0.048734,-0.185251,0.143996,-0.042963,-0.20104,-0.024094,-0.061343,0.140825,0.14553,0.021839,-0.185507,-0.051812,0.04413,0.013531,-0.080217,-0.145665,0.01225,-0.099242,0.081486,-0.064137,0.141149,0.063642,0.308531,-0.122017,0.009951,-0.178989,0.026153,-0.160357,-0.289679,0.02546,0.050896,-0.064364,0.130686,-0.527154,-0.118609,-0.023093,-0.071793,0.055649,-0.159399,-0.198595,0.016593,-0.011507,0.044699,-0.019481,-0.033108,0.229656,0.171029,0.091531,-0.080896,0.094138,0.059006,-0.080021,0.000982,0.083786,-0.131409,-0.218963,0.017863,-0.002052,-0.159115,0.142205,-0.100607,0.05827,-0.099089,-0.053002,0.287652,0.015609,0.021075,-0.042977,0.171157,0.090897,-0.024587,-0.191917,0.109602,0.196556,0.181811,-0.061226,0.007132,-0.001295,0.093852,0.087456,0.057888,0.033839,-0.109827,0.108186,0.075726,0.100687,0.270897,0.145566,-0.009063,-0.065632,0.131433,-0.094184,0.148921,-0.006054,-0.116569,-0.106193,0.095524,0.09786,-0.050049,0.044625,0.030675,-0.008577,0.060179,0.061173,-0.027178,0.121486,0.211125,0.033139,0.164889,-0.253508,0.017775,-0.113175,0.084381,0.124837,-0.122672,0.067916,-0.09426,-0.097326,-0.133387,-0.014089,0.412642,-0.002015,0.164058,0.050326,-0.210019,0.300107,-0.218824,0.302512,0.134554,0.03824,0.038296,0.090202,-0.005319,-0.024795,-0.050202,0.094984,0.096165,0.135629,-0.112298,0.139125,-0.05028,0.095037,0.367755,-0.077053,0.016308,-0.240036,0.074762,-0.001185,0.068984,-0.045442,0.061548,0.196952,0.048574,0.059054,0.152398,-0.168316,#
19,-0.130028,-0.104277,0.177429,0.073337,-0.086893,-0.172855,-0.142946,-0.037374,0.007387,0.101317,0.016809,-0.236474,-0.010337,-0.011754,-0.131524,-0.212876,-0.092861,0.215586,-0.090561,1.0,-0.119382,0.083037,-0.050453,0.147746,-0.003001,0.143183,0.105748,0.1283,-0.107049,0.076549,0.19732,0.026563,0.037871,0.180568,0.220056,-0.175695,0.010552,-0.103549,-0.017901,-0.070005,-0.217772,0.142427,-0.086419,0.046539,0.091242,-0.173027,-0.045325,0.000495,-0.198367,-0.068335,0.060662,0.096498,-0.043047,0.026427,-0.262428,0.092445,0.094789,-0.110802,-0.029162,-0.26367,-0.03506,-0.046723,0.139426,-0.12579,-0.036574,-0.047743,0.372053,-0.127772,0.017547,0.243182,0.017385,0.101828,-0.050423,0.288157,0.145553,-0.223098,0.118854,0.049575,0.141077,0.124006,0.201094,0.12843,0.158698,0.12658,0.178295,0.185966,-0.041731,0.061119,0.150878,-0.022102,-0.057364,0.099256,0.010151,0.242811,0.067726,0.100018,0.110675,0.008243,0.102927,0.105997,-0.268746,-0.074221,-0.032072,0.293926,0.115002,0.172771,0.066079,0.258126,0.177948,0.17753,0.449678,-0.126401,0.149237,0.00508,0.171309,0.233289,0.221605,0.02169,0.252986,0.016121,0.112098,0.253209,0.124822,-0.024974,-0.156254,0.231564,0.080789,0.134673,0.110006,0.021359,0.151696,0.143344,0.053328,0.130061,0.21755,-0.011091,-0.15639,0.202621,-0.134825,0.231723,0.328771,-0.042939,0.156024,-0.025523,0.093467,0.201583,0.367125,0.026732,0.101157,0.370948,0.035678,0.105664,0.357491,0.282163,0.208946,0.362721,-0.016256,-0.154487,0.248321,0.201839,-0.035351,0.189241,0.154649,0.41199,0.145762,-0.145952,0.11697,0.058696,0.109589,0.052124,-0.156217,-0.068947,0.083343,0.231723,-0.036979,0.194516,0.34786,-0.113275,-0.067165,0.05132,-0.023293,-0.129951,-0.42542,0.076414,-0.227013,0.282451,-0.025726,0.073333,-0.294233,0.011046,0.037316,-0.267221,-0.206655,-0.220742,-0.073102,-0.109503,-0.255843,0.311154,0.161572,-0.104698,#
20,-0.295543,0.115625,-0.37953,-0.107501,0.15744,0.197316,0.09617,0.022834,-0.25601,0.048231,0.073882,-0.080191,-0.014152,-0.069197,-0.199448,-0.008157,-0.07071,0.10322,-0.070553,-0.119382,1.0,0.056865,0.137319,-0.022737,-0.050493,0.123624,0.023478,0.073551,0.071249,0.372514,0.042706,-0.200051,0.179189,-0.046683,0.076285,0.107694,-0.037806,-0.123551,0.095945,-0.001591,0.116422,0.02806,0.208018,-0.021209,-0.066775,0.043402,-0.334556,0.144584,0.209543,-0.390715,-0.031104,-0.364134,0.011779,-0.031425,-0.070417,-0.15614,0.070676,-0.150324,0.24531,0.148432,-0.076013,-0.148239,-0.185539,-0.009375,-0.17809,0.150825,-0.093156,0.246416,0.143034,0.037244,-0.148848,-0.052561,0.182504,-0.030602,0.048345,0.087101,0.158832,0.062624,-0.244362,-0.020695,-0.199014,-0.059423,-0.253192,-0.117581,-0.039413,-0.137139,-0.091865,0.1098,0.104045,0.24162,-0.366187,-0.182963,-0.21087,-0.209274,-0.021037,-0.05805,-0.156158,-0.125381,-0.097597,0.090873,0.063214,0.036526,-0.126856,-0.253012,0.070284,-0.185522,-0.154647,-0.186055,-0.024802,-0.18759,0.066093,0.177498,-0.27017,-0.263976,0.102266,0.021523,0.027593,0.008532,-0.130107,-0.065484,0.050002,-0.109046,0.025694,-0.082606,-0.178996,0.16629,0.018739,0.148125,0.033041,-0.022527,-0.257994,0.002933,-0.167006,-0.00093,-0.146735,-0.027226,-0.272053,-0.10513,0.074413,-0.043771,-0.21306,0.107039,-0.146957,-0.110417,-0.095912,-0.117294,0.083779,0.13486,0.082938,-0.080284,-0.192249,-0.142821,-0.164419,-0.168078,-0.214874,-0.10704,-0.082177,0.044947,-0.147108,-0.018469,0.165776,-0.011963,-0.117295,0.108273,-0.24557,0.094806,0.012142,-0.162216,-0.256887,0.311039,-0.00234,-0.174671,-0.272833,-0.154771,0.08945,-0.157623,-0.042694,-0.115878,-0.038146,-0.020855,0.267671,-0.175896,-0.000409,0.226304,0.191297,-0.378751,-0.112578,-0.230027,0.180845,0.06913,-0.055873,0.249448,0.059176,-0.145394,0.031443,0.231931,0.085247,-0.075559,-0.268719,0.091658,#
