0,1.0,0.223061,-0.076205,-0.149971,0.173796,0.226737,0.027332,0.099309,-0.283013,0.218366,-0.023287,-0.034113,0.429566,0.221424,0.083801,0.027978,0.03242,-0.024057,0.032712,-0.160589,0.167814,0.284591,0.097273,-0.206996,-0.160551,-0.291383,0.019093,-0.304214,0.291908,0.233315,0.190037,0.112079,0.121849,-0.162022,-0.118642,0.11108,0.024432,-0.124286,-0.048227,-0.269512,0.069244,0.152105,-0.028744,0.090273,-0.134463,-0.199676,0.068732,0.12209,-0.215395,-0.152958,-0.0934,-0.198474,0.013727,-0.15252,0.249934,0.00709,-0.167717,-0.010471,0.032827,0.23893,0.471797,0.188202,-0.145773,-0.11821,0.100613,0.214667,-0.084931,0.319102,0.047154,-0.195243,-0.057653,0.023751,-0.395112,-0.179047,-0.467492,0.294908,-0.158131,-0.16826,-0.402397,-0.077185,-0.114762,-0.30008,-0.00817,0.032638,-0.192647,-0.140332,-0.14628,-0.0276,-0.184763,-0.266774,-0.229696,-0.395493,-0.159497,-0.066797,0.068936,-0.196773,-0.084083,-0.173622,-0.075578,-0.001784,0.151588,-0.234534,-0.245959,-0.024165,-0.11115,-0.244338,-0.187475,0.055115,-0.377538,-0.075069,0.165605,0.218412,-0.259378,-0.18754,-0.052331,0.103307,-0.39304,-0.342998,0.081057,-0.221353,-0.333883,-0.036571,-0.003913,-0.245602,-0.142291,0.078849,-0.120421,-0.036703,-0.134252,0.124325,-0.143618,-0.238659,-0.146156,0.015201,-0.510188,-0.132734,-0.106905,-0.239527,0.370008,-0.318745,-0.151134,-0.045964,-0.17414,0.101489,-0.079914,-0.117886,-0.121021,0.220845,-0.299714,-0.467211,-0.097123,-0.339324,-0.046518,-0.250693,0.063097,-0.094768,0.300639,0.248554,-0.206557,-0.381795,-0.005264,-0.234028,0.045354,-0.300118,-0.061866,0.212628,-0.337339,-0.190527,-0.17803,-0.305654,0.1307,0.095347,-0.437473,0.033299,0.059614,-0.361391,-0.034733,0.161562,0.202646,-0.002821,0.129571,-0.035857,-0.060218,0.197925,0.327643,-0.071469,0.39812,-0.077128,-0.147809,0.336705,0.057611,0.184927,0.322485,0.065796,-0.128617,0.111684,-0.0583,-0.235213,0.062931,0.24159,#
1,0.223061,1.0,0.275183,-0.234462,0.02935,0.107001,0.297854,0.195133,0.212496,0.327117,-0.159228,-0.136669,0.324867,0.168516,0.377712,-0.125802,-0.051852,0.272727,0.201007,-0.100167,-0.168614,0.105448,0.363439,-0.07523,-0.038717,-0.316297,0.120309,-0.038316,-0.142088,0.227589,-0.199376,0.099621,0.286059,-0.059722,-0.142049,0.328194,0.151219,-0.099492,0.029186,0.046105,-0.115385,0.187898,-0.038685,0.126348,0.443941,-0.377103,0.246586,-0.009455,0.13949,0.205299,0.026368,-0.300768,-0.105841,-0.259564,-0.033141,-0.287041,-0.164892,-0.362198,-0.173154,-0.0573,0.134614,0.118412,-0.374441,-0.095121,0.270396,0.16735,0.048632,0.104993,0.303487,-0.088856,0.101995,-0.043993,-0.077743,-0.414918,-0.347531,0.342505,-0.318169,-0.515008,-0.182723,-0.197794,-0.023814,-0.361781,-0.257254,0.183066,-0.423626,-0.140402,-0.283072,-0.131809,-0.277739,-0.250213,-0.217749,-0.239196,-0.498755,-0.058604,-0.162321,-0.174595,0.098836,-0.170443,0.080682,-0.11601,-0.090552,-0.210598,-0.241843,-0.162749,-0.282822,-0.185356,-0.465994,0.009721,-0.53706,-0.196948,0.219942,0.454042,-0.230044,-0.270951,-0.052131,-0.233256,-0.251543,-0.520061,0.180793,-0.480982,-0.342774,-0.319988,-0.475371,-0.226445,-0.27613,-0.066998,0.154546,0.258425,-0.188815,-0.101254,-0.137605,-0.124199,-0.329607,-0.049696,-0.280493,-0.360916,0.188516,-0.131924,-0.024665,-0.386055,-0.200702,-0.075641,-0.433358,-0.198829,-0.020185,-0.075211,-0.360185,0.453417,-0.084019,-0.264222,-0.293712,-0.468624,0.027337,-0.173912,-0.217057,-0.261096,0.235578,0.33045,-0.195983,-0.20488,0.063482,-0.059543,0.268688,0.143881,-0.051004,0.310824,-0.199978,-0.073813,-0.300967,-0.168762,0.078032,-0.082995,-0.260684,-0.219141,0.202944,-0.178845,-0.110089,0.559786,0.426044,-0.574182,0.308962,0.139373,-0.306638,-0.015931,0.258421,-0.138402,0.349746,-0.162577,-0.363661,0.433974,0.151941,0.310452,0.426944,0.450907,-0.17059,0.030857,0.062668,-0.104181,0.289974,0.037863,#
2,-0.076205,0.275183,1.0,0.242544,0.024243,-0.044904,0.191645,0.073137,0.374277,-0.147085,-0.010897,-0.155931,-0.17516,-0.113068,-0.031787,-0.192016,-0.18838,0.25897,-0.083817,0.125965,-0.004912,0.103036,0.079333,-0.041283,0.292498,-0.191644,0.416603,0.248848,-0.020181,-0.070598,-0.0,0.131532,-0.114407,-0.119282,0.10612,0.122038,0.259825,-0.226254,0.179545,-0.105239,0.144553,0.150753,-0.055838,0.078984,0.13579,-0.126429,-0.082902,0.486505,0.238114,-0.028207,-0.122683,0.081612,0.156833,0.030213,-0.298012,-0.015563,-0.04703,-0.337285,-0.29957,0.09546,-0.232501,-0.273555,0.017794,0.069839,0.027846,-0.05179,0.210443,0.089591,0.153582,0.347819,0.440216,0.340767,0.020653,0.059975,0.110205,0.086616,-0.020921,-0.364072,-0.061033,-0.214999,0.280012,-0.065358,-0.005203,0.159093,-0.111985,0.35504,0.010106,0.074351,0.059294,-0.073458,0.047406,0.058683,0.005387,0.144693,0.074386,0.135303,0.414234,0.075486,0.115301,-0.083472,-0.082397,0.161787,0.155103,0.030062,0.099769,-0.02091,0.025303,0.126658,-0.46242,0.100446,0.47109,0.002194,0.000838,-0.012303,0.522138,-0.058133,-0.15185,-0.129906,-0.004297,0.052445,0.073355,0.032329,0.018048,-0.02586,0.087124,-0.118388,0.014188,0.28737,-0.176676,0.011134,0.421055,-0.199037,0.045016,-0.04466,0.189301,0.126772,-0.076565,0.3402,0.231396,0.078189,-0.025752,0.125447,-0.004048,-0.157863,-0.077928,0.103937,-0.331593,0.084045,0.306891,0.018171,0.047523,-0.073019,0.186136,-0.094285,-0.000624,0.105479,0.019405,0.117469,0.141187,0.146887,0.271551,0.162321,0.072189,0.195353,-0.020377,-0.164901,-0.01308,0.002028,-0.011441,0.126978,-0.106153,-0.147939,-0.157254,0.109114,-0.286334,0.335641,0.087632,0.223344,0.144066,-0.286626,0.104945,-0.130472,-0.213736,0.131819,-0.163314,0.161993,0.017673,0.068249,-0.133002,-0.061823,0.403544,0.008136,0.004896,0.146217,-0.25533,0.170771,-0.155455,0.032863,0.176203,-0.10559,#
3,-0.149971,-0.234462,0.242544,1.0,-0.142658,-0.175431,-0.28387,-0.34091,-0.118477,-0.243799,0.093187,-0.004751,-0.319092,-0.177467,-0.363633,-0.241567,-0.068081,0.000939,-0.205647,0.322844,0.114231,0.084149,-0.151997,0.200629,0.300746,0.309131,0.136974,0.193057,-0.064193,-0.339186,0.326548,0.029184,-0.077148,-0.084928,0.196348,-0.289125,-0.042967,0.01544,-0.158369,-0.035714,0.061596,0.016618,-0.151653,0.017213,-0.037025,0.400537,-0.099211,0.080847,0.083553,-0.15255,0.002746,0.365549,0.076353,0.082686,-0.155557,-0.050958,0.360076,0.145179,0.150931,0.344809,-0.19811,-0.328993,0.130486,-0.167637,0.116216,-0.234075,0.139727,0.141487,-0.040142,-0.058645,0.086904,0.14243,0.237014,0.229155,0.09418,-0.32098,0.138957,0.127924,0.121449,-0.045916,0.260468,0.527608,0.191664,0.112475,0.228009,0.131057,0.358504,0.129596,0.166217,-0.132978,0.232422,0.228676,0.432459,-0.12955,0.322746,0.183341,0.199095,0.122269,-0.106326,0.341948,-0.087263,0.265948,0.459311,0.057019,0.363147,0.390366,0.266403,-0.013245,0.235241,0.12541,-0.109313,-0.251209,0.22759,0.248942,0.239889,0.173767,0.196,0.087845,-0.101737,0.334847,0.26123,0.240941,0.51479,0.209585,0.202116,0.141175,0.155514,-0.026574,0.260754,0.285676,0.239214,0.171229,0.300317,0.087139,0.431646,0.354098,0.034894,0.191027,0.164643,0.397536,0.183844,0.110632,0.217481,0.044955,0.27354,0.255028,0.240894,-0.284961,0.301316,0.319888,0.324321,0.321676,0.139151,0.374783,0.080239,0.227792,-0.262613,-0.246055,0.191394,0.201818,-0.175258,0.214761,-0.169011,0.061976,-0.106704,-0.325358,0.136574,0.156682,0.229024,0.26081,-0.298323,-0.013448,0.396678,0.175444,-0.47774,0.400454,0.221227,-0.116154,-0.450966,0.254584,-0.340818,-0.207927,-0.057104,-0.011695,-0.163792,0.193069,-0.12344,0.22094,0.43766,-0.314267,0.248287,-0.21968,-0.177872,-0.232063,-0.132406,0.031596,-0.293115,0.183803,0.121052,-0.295002,#
4,0.173796,0.02935,0.024243,-0.142658,1.0,0.031202,-0.02837,0.122245,-0.247548,-0.19646,0.079141,0.000517,0.095085,-0.107017,0.026731,0.010999,0.017122,-0.006506,0.125439,-0.028263,-0.25809,-0.108335,0.024448,-0.219223,0.096638,-0.151761,-0.176327,-0.0395,-0.030479,-0.06215,-0.186097,-0.143252,-0.109084,-0.199281,-0.176246,0.043888,-0.174849,-0.191907,-0.004376,0.173636,-0.059226,-0.213947,-0.092143,-0.029651,-0.119396,0.079012,-0.004708,0.297738,-0.098538,-0.003462,0.255187,-0.074734,0.000618,-0.150736,0.171079,0.044881,-0.115955,0.161291,0.10645,-0.238182,-0.063148,0.034082,-0.091236,0.047307,-0.073619,0.326346,0.217539,-0.177631,0.099712,0.101285,-0.0106,-0.044225,-0.165831,0.1695,-0.114768,0.44109,-0.129719,-0.353876,-0.187248,-0.258694,-0.098138,-0.197056,-0.089098,0.102247,-0.092481,0.001037,0.038871,-0.083919,-0.100263,-0.108189,0.002025,-0.219322,0.047086,-0.207872,-0.186925,0.02372,0.228609,-0.226243,0.043771,0.108892,0.055168,-0.163752,-0.063751,-0.187442,-0.171443,0.031764,0.072345,-0.104547,-0.159655,-0.196701,0.095027,-0.114242,0.068051,-0.11365,-0.065442,-0.084857,-0.280252,0.158458,-0.047532,0.09195,-0.197225,-0.04442,0.227109,0.010964,0.118364,0.004055,0.116449,0.002066,0.104152,-0.026599,-0.05164,-0.146411,-0.132703,-0.202,-0.189551,-0.115645,-0.027167,-0.164408,-0.061126,0.116076,-0.056686,-0.183793,-0.025805,0.01657,-0.045506,-0.080014,-0.30066,0.078372,-0.04798,-0.370913,-0.21364,-0.144526,-0.381495,-0.032228,-0.258917,-0.1149,0.038607,0.122979,-0.022727,-0.077227,-0.106664,-0.215703,-0.081728,0.067466,0.034306,-0.023114,-0.06417,0.016641,-0.160977,-0.119085,0.096252,-0.159207,-0.043278,0.018621,0.131809,-0.041816,0.062113,0.148047,0.113195,-0.013459,0.113441,-0.032632,0.200863,0.148114,0.109901,-0.362252,0.039184,-0.210132,-0.23243,-0.048076,0.018281,0.027372,0.277974,-0.054745,0.052225,-0.149717,0.116979,0.077266,-0.245298,0.152351,#
5,0.226737,0.107001,-0.044904,-0.175431,0.031202,1.0,0.234466,0.266916,-0.01068,0.054638,0.19391,0.091023,0.152495,-0.009053,0.071144,0.067145,0.397306,0.157146,-0.101939,0.084202,-0.02889,0.281374,0.208118,-0.089563,-0.229449,-0.355047,-0.051314,-0.288048,-0.084034,-0.191308,-0.121294,0.149551,0.053097,-0.114528,-0.190277,-0.101635,0.039669,0.019288,-0.038091,-0.186564,-0.036932,0.261655,0.054279,0.21127,0.071555,-0.218233,0.012433,0.146935,0.202422,-0.10529,-0.076078,0.063495,0.146768,-0.067658,0.117938,0.072002,-0.147061,-0.303195,-0.084734,-0.240574,0.197566,-0.070053,-0.252811,0.174836,0.028818,0.214758,-0.100532,0.140158,0.175814,0.127597,-0.010925,0.350716,-0.20893,-0.053969,-0.319081,0.181555,-0.326207,-0.049982,-0.119252,-0.064113,0.324354,-0.247492,-0.037066,-0.334728,-0.123773,0.05283,-0.076689,-0.087259,-0.103824,-0.306792,-0.097353,-0.180363,-0.247868,0.112183,-0.040697,-0.095467,-0.060749,-0.349128,0.033724,-0.118217,-0.026461,-0.068973,-0.087718,-0.082579,-0.11205,-0.300313,-0.162474,-0.086086,-0.277104,-0.148016,0.124919,0.03789,-0.20027,-0.251783,-0.016169,-0.356737,-0.529558,-0.030308,0.123446,-0.28175,-0.242217,-0.412834,0.021001,-0.521989,-0.160893,0.080913,-0.192644,0.022939,-0.111152,0.137401,-0.120656,-0.096092,-0.185164,-0.053137,-0.215463,-0.079159,0.110064,-0.349245,-0.133946,-0.323855,-0.147606,-0.150056,-0.391286,0.094659,0.026787,-0.009771,-0.135347,0.097966,0.000248,-0.243719,-0.099952,-0.013764,-0.112061,-0.06053,0.033839,-0.29786,0.025576,0.289201,-0.23574,-0.064223,0.037068,-0.120119,-0.068743,0.150886,-0.082837,0.359994,0.076562,-0.145496,-0.104243,-0.060396,0.183087,-0.259187,-0.328475,0.113101,0.207927,-0.26424,-0.038803,0.017075,0.196579,-0.189375,0.189504,0.14896,0.068427,-0.017425,0.066162,0.039235,-0.020949,0.155503,-0.206612,-0.01936,0.027252,0.020883,0.241976,-0.210813,0.035166,0.055246,0.146591,-0.227648,-0.17204,0.106449,#
6,0.027332,0.297854,0.191645,-0.28387,-0.02837,0.234466,1.0,0.428377,0.389713,0.409231,0.062717,-0.031407,0.342679,-0.061173,0.232348,0.035718,-0.017776,-0.068904,0.159634,-0.222956,-0.304775,0.180735,0.113412,-0.062119,-0.095842,-0.270481,0.306572,-0.052659,0.322297,0.100542,-0.4644,-0.083632,0.099092,0.003482,-0.115423,0.18425,-0.10632,-0.078899,0.094991,-0.072111,-0.119116,0.162459,0.088514,-0.235636,-0.078826,-0.335188,0.032332,-0.044644,0.113231,0.199513,-0.191019,-0.118317,-0.007061,-0.1787,0.022265,0.027587,-0.018198,-0.270821,-0.249886,0.070161,0.176647,0.005924,-0.16506,0.251533,0.11469,0.294586,0.164256,0.04202,0.353385,-0.063741,0.170224,-0.03158,-0.301292,-0.437907,-0.134366,0.382399,-0.047132,-0.288279,-0.042524,-0.054307,-0.171381,-0.325301,-0.354693,-0.213808,-0.130791,0.341795,-0.160287,-0.103258,-0.084683,-0.271244,-0.262852,-0.210368,-0.371392,0.018906,0.049979,-0.217912,0.072608,-0.108429,0.059076,-0.382641,0.00989,-0.080004,-0.12088,-0.104716,-0.237071,-0.209489,-0.407403,-0.028477,-0.394896,-0.157727,-0.091796,0.229695,-0.271706,-0.460839,-0.093908,-0.308596,-0.114055,-0.046643,-0.147623,-0.15986,-0.112016,-0.283677,-0.175238,-0.452579,-0.345409,-0.01272,0.049887,0.342249,-0.197681,-0.129045,-0.285677,-0.572814,-0.549476,0.113923,-0.07473,-0.099967,0.061847,-0.163596,-0.219597,-0.379636,0.032531,-0.074018,-0.319507,-0.093841,-0.063473,-0.244668,-0.288821,0.536801,-0.039732,-0.234756,-0.123681,-0.216704,0.040636,-0.276605,-0.172187,-0.289307,0.021318,0.224738,-0.165653,-0.12972,0.05239,-0.071433,0.190921,0.104786,0.07808,0.168656,0.049106,0.000864,-0.255811,0.2774,0.393768,-0.213525,-0.206978,0.020544,0.348199,-0.134525,0.142017,0.168758,0.363009,-0.270422,0.448753,0.283088,0.124791,-0.085711,0.27144,-0.113615,0.124661,0.025817,-0.245444,0.32229,0.042629,0.21445,0.191245,0.1409,-0.017018,0.059312,-0.012616,-0.189809,-0.170558,-0.083572,#
7,0.099309,0.195133,0.073137,-0.34091,0.122245,0.266916,0.428377,1.0,0.106075,0.248366,0.023741,-0.227269,0.328769,0.16632,0.040901,0.23397,-0.049397,-0.087034,0.165998,-0.03812,0.001166,0.157689,0.025515,0.235499,-0.0531,-0.116008,0.004504,-0.156016,0.13619,0.057036,-0.118333,-0.020876,0.284707,0.025972,-0.169937,0.084251,0.083342,-0.003328,0.304661,-0.251013,-0.112099,0.168069,-0.01721,0.185664,-0.269182,-0.288832,0.063882,-0.032244,0.157133,-0.042378,-0.268239,0.094327,0.090972,0.011158,0.015947,0.131261,-0.078199,-0.257204,-0.278853,-0.042378,0.185839,0.032081,-0.295823,0.251633,-0.031029,0.201336,0.164783,0.146232,0.22572,-0.032062,0.28261,0.100555,-0.374468,-0.16771,-0.021237,0.297897,0.012299,-0.025505,0.060916,0.045432,-0.048527,-0.117209,-0.001991,0.086796,-0.2288,0.179988,0.119332,0.211738,-0.036895,-0.089299,-0.310074,-0.156564,-0.336903,0.185929,-0.065887,0.070337,0.240104,-0.068234,0.360617,-0.366553,0.023603,-0.048095,0.009304,-0.075508,0.125022,-0.039083,-0.222374,-0.01192,-0.283204,-0.37637,0.055163,0.251193,-0.052249,-0.183995,0.159923,-0.053677,-0.073907,-0.029269,0.018729,-0.134113,-0.161487,-0.372321,-0.04206,-0.300157,-0.059493,0.035349,-0.030983,0.050085,-0.229554,-0.097317,-0.226023,-0.129885,-0.158056,-0.025413,-0.188455,-0.080396,0.307389,-0.05905,-0.166609,-0.226118,0.048625,0.179103,-0.245895,0.123475,-0.017038,-0.102954,-0.157561,0.169242,0.001884,-0.365309,-0.165379,-0.036135,-0.143141,-0.093927,-0.041789,-0.185244,0.238763,0.048122,0.013432,-0.030037,-0.018755,0.214961,-0.128045,0.002297,0.183745,-0.010974,0.139189,-0.303944,-0.28129,0.19337,0.138566,-0.202488,-0.269586,0.059853,0.286908,-0.081263,0.319318,-0.050351,0.21289,-0.248634,0.264578,0.220782,0.131305,-0.079815,0.18748,0.176819,0.042019,-0.162512,-0.084289,0.210963,0.14892,-0.055402,0.187439,-0.188739,-0.222365,-0.121938,0.084299,-0.188285,-0.02211,0.009856,#
8,-0.283013,0.212496,0.374277,-0.118477,-0.247548,-0.01068,0.389713,0.106075,1.0,0.230255,-0.216603,-0.048037,0.126573,0.086171,0.176875,-0.197836,-0.091714,0.294239,0.089864,-0.099703,-0.145288,0.154859,0.133189,0.101954,0.136872,0.087788,0.438954,0.228038,0.055981,0.172123,-0.156149,0.028249,0.016856,-0.083588,0.052717,0.045482,0.163281,-0.15288,0.184265,-0.222111,0.157259,-0.093324,0.163525,0.064533,0.229047,-0.349572,-0.005951,0.049311,0.136364,0.206745,-0.128394,-0.18382,0.102871,-0.012575,-0.326843,0.123347,0.07378,-0.318507,0.009844,0.08853,-0.054281,-0.215214,-0.068721,0.110041,0.134559,0.157239,0.134489,-0.025547,0.072085,0.182708,0.191141,0.155426,-0.039491,-0.13722,0.081845,0.065155,0.03109,-0.083608,0.154923,-0.149759,0.085772,-0.081524,-0.219403,-0.062481,-0.031605,0.351478,-0.062465,-0.072003,0.116934,-0.048561,-0.001804,0.206525,-0.286726,0.305496,0.131615,0.011635,0.222103,-0.035442,-0.003219,-0.184884,0.019594,0.325911,0.047449,0.202871,-0.099758,-0.165736,-0.052519,0.013423,-0.0911,0.014858,0.239147,0.101837,0.014185,-0.370987,0.174953,-0.012224,0.004942,-0.088207,0.122185,-0.094116,0.048731,-0.167978,-0.164369,-0.108877,-0.069807,0.134583,0.045001,0.010809,-0.07493,-0.132203,0.016363,-0.087534,-0.211231,-0.002204,0.079315,0.002654,0.055117,0.070862,-0.165804,-0.140395,2.3e-05,-0.016683,-0.058919,-0.338414,-0.269564,-0.196251,-0.209152,0.222324,0.13334,-0.04255,0.051755,-0.127846,0.261437,-0.196575,0.004394,-0.05842,0.287575,0.265526,-0.012399,0.036075,0.150212,0.192366,0.270109,-0.184452,0.252885,0.088777,0.062531,0.030388,-0.207265,0.193646,-0.081792,0.027974,0.040621,0.16398,0.097673,0.132343,-0.059611,0.132349,0.434888,-0.279688,0.330991,0.169823,-0.205956,-0.196533,-0.044059,-0.002165,0.091137,0.041888,-0.256846,0.110882,0.036844,-0.091255,0.041256,0.243796,-0.126401,0.210022,0.170426,-0.024103,0.084241,0.040992,#
9,0.218366,0.327117,-0.147085,-0.243799,-0.19646,0.054638,0.409231,0.248366,0.230255,1.0,-0.341234,0.07705,0.446334,0.421469,0.368514,0.192931,-0.160824,0.173267,0.209137,-0.143093,-0.192611,0.235028,0.271203,0.035919,-0.085941,-0.159904,0.215095,-0.014414,0.134425,0.535952,-0.172202,0.07503,0.223496,-0.077251,-0.297605,0.24061,-0.17681,-0.084502,0.114084,-0.098363,0.015811,0.064288,0.026719,-0.089622,0.017484,-0.441169,0.198572,-0.038277,-0.115126,0.210509,-0.151282,-0.131468,-0.026308,-0.291207,0.157863,-0.096892,0.072861,-0.342162,-0.098716,0.072399,0.314644,0.146584,-0.397665,0.027982,0.250384,0.198089,-0.059055,0.27419,0.043019,-0.185157,-0.079353,-0.098194,-0.264869,-0.401438,-0.110698,0.228227,-0.005075,-0.216982,-0.046024,0.049164,-0.205653,-0.359832,-0.354046,-0.015681,-0.237175,-0.024097,-0.346618,-0.021409,-7.4e-05,-0.189699,-0.216874,-0.237237,-0.33294,0.193065,0.197781,-0.173457,-0.158397,0.007136,0.059125,-0.310799,-0.109184,-0.152659,-0.244827,0.050512,-0.130085,-0.123747,-0.500295,-0.058467,-0.218142,-0.378887,-0.039995,0.42112,-0.084659,-0.343102,-0.332937,-0.307707,-0.238853,-0.118648,0.328691,-0.453455,-0.085871,-0.293632,-0.269677,-0.414951,-0.470542,0.107133,0.053193,0.059062,-0.226116,-0.282813,-0.26651,0.030121,-0.41031,-0.049756,-0.368401,-0.339295,0.074267,-0.239265,-0.024169,-0.421965,0.038798,-0.198259,-0.432887,-0.274071,-0.1303,-0.16776,-0.083712,0.355407,-0.323492,-0.366367,-0.280599,-0.459951,0.046731,-0.321493,-0.028548,-0.181117,0.239598,0.407011,-0.247811,-0.22187,-0.003416,-0.167463,0.03664,0.057436,0.236929,0.34464,-0.344235,-0.126051,-0.46265,0.035356,0.09197,0.010103,-0.264276,-0.046175,0.36213,-0.35623,-0.121407,0.208514,0.437394,-0.373659,0.259625,0.190623,-0.280987,-0.334124,0.320993,-0.039721,0.352538,-0.077204,-0.221171,0.310252,0.020349,0.001157,0.240124,0.460716,-0.135959,-0.012822,-0.143911,-0.169948,0.237313,0.146103,#
10,-0.023287,-0.159228,-0.010897,0.093187,0.079141,0.19391,0.062717,0.023741,-0.216603,-0.341234,1.0,-0.123134,-0.245405,-0.432076,-0.167171,0.097276,0.100681,-0.149052,0.136806,-0.190365,0.058599,-0.056584,-0.127514,-0.046721,-0.008325,-0.06182,-0.215577,-0.037107,-0.001961,-0.427487,0.145957,-0.044432,-0.311341,-0.154284,0.381822,-0.195384,0.052038,0.222293,0.05268,0.234286,-0.078411,-0.062404,-0.042453,-0.103638,-0.005873,0.291466,-0.308821,0.042187,0.197763,-0.167832,0.096209,0.215203,-0.002941,0.042791,0.020175,0.069806,-0.299375,0.242655,-0.106514,-0.040501,-0.136135,-0.025929,-0.022224,-0.067946,0.132235,-0.204419,0.023967,-0.144627,0.296562,0.138847,0.06976,-0.049511,0.000529,0.033876,-0.080896,0.106285,-0.1494,0.153066,-0.013445,-0.238839,0.111819,0.164793,-0.019182,-0.116659,0.044352,0.023988,0.161953,-0.092267,-0.095218,0.049651,-0.157294,-0.068682,0.138134,-0.241561,-0.189721,0.115105,-0.117386,-0.242823,0.121368,-0.026382,-0.105454,-0.180548,0.106985,-0.287936,-0.030367,-0.18169,0.025879,-0.050341,0.021741,0.254364,-0.110207,-0.155808,-0.105697,-0.103112,0.164342,-0.131267,-0.027733,-0.037042,-0.093666,0.279815,-0.095844,0.012461,0.059032,-0.069297,-0.178472,0.071372,-0.070438,0.189737,-0.119481,-0.029439,0.150462,-0.068249,0.088947,0.109535,0.299263,0.144256,-0.098374,0.088531,-0.183125,0.088201,-0.078581,0.303049,0.061834,0.083982,0.10437,-0.004483,-0.237448,0.109383,0.093578,0.136631,0.105171,0.305241,-0.056006,-0.016755,-0.029552,-0.132817,-0.445074,-0.300911,-0.204573,0.070492,-0.084301,0.139819,0.073412,0.098315,-0.142008,-0.168677,0.09365,0.138639,0.179735,0.050881,0.217258,-0.074271,0.11984,-0.076641,-0.145279,0.066796,0.240361,0.02131,-0.328692,0.28156,-0.023911,0.083583,0.271663,0.275073,-0.061064,-0.108816,-0.235664,-0.122233,0.259817,0.02386,-0.262847,0.030788,0.188198,-0.463391,0.115371,-0.071465,0.219503,-0.002937,-0.26223,-0.141163,#
11,-0.034113,-0.136669,-0.155931,-0.004751,0.000517,0.091023,-0.031407,-0.227269,-0.048037,0.07705,-0.123134,1.0,0.048606,-0.001444,-0.009511,0.03402,0.128855,0.13105,-0.123593,-0.070796,0.069998,-0.043648,-0.179987,-0.199484,0.126533,-0.102849,-0.198453,-0.006906,-0.055561,-0.135212,-0.117745,-0.129496,-0.087856,-0.019828,-0.090527,0.177097,-0.248755,-0.061922,-0.165739,-0.00514,0.073578,0.068947,-0.023091,-0.304593,-0.197306,0.092607,-0.157101,0.132536,-0.069305,0.22841,0.032407,0.020591,-0.062358,0.108679,-0.073043,0.103524,-0.039275,-0.064098,0.04897,-0.017372,-0.077389,0.187496,0.214771,-0.324718,0.076099,-0.058952,-0.141869,-0.169666,-0.179822,0.035708,-0.008971,-0.067762,0.007636,0.194701,-0.089064,-0.008096,-0.177565,-0.016187,-0.079495,0.084929,0.036901,0.069374,0.003228,-0.456135,0.187807,-0.11546,-0.084997,0.131511,-0.095148,0.245757,0.030982,-0.00787,-0.01773,0.09623,0.037366,0.114029,-0.097697,0.065667,-0.091784,-0.011217,0.2878,0.200445,-0.271082,0.093755,-0.126621,0.086787,-0.056182,0.153757,0.179318,0.130794,-0.131745,-0.099645,-0.043292,-0.106996,-0.078243,-0.196851,0.078974,0.201034,0.158287,0.04741,0.232595,-0.134433,0.032033,0.110293,-0.042861,-0.127323,-0.049478,0.016624,0.235164,-0.005888,-0.087194,0.123006,-0.258096,0.200199,0.029887,-0.190005,-0.000968,-0.130733,-0.054518,0.158649,0.045497,-0.136788,-0.014607,0.105826,0.004513,0.211114,-0.004194,-0.214789,-0.088944,-0.029267,-0.121703,0.119353,-0.11229,0.163407,-0.039291,0.251808,-0.03456,0.280491,-0.055665,-0.14694,-0.131868,-0.361256,0.153859,0.086775,-0.122426,0.170939,0.054257,0.017985,0.207928,0.071209,-0.066168,0.358219,0.061374,-0.005207,-0.068602,-0.078517,-0.258416,-0.044902,-0.003651,0.054869,-0.011232,-0.0686,-0.051465,-0.121732,0.010742,-0.089593,0.033202,0.407506,-0.01342,-0.115679,-0.091747,0.198839,-0.069894,0.022911,-0.041263,-0.237084,0.268555,-0.179242,0.047227,0.17208,#
12,0.429566,0.324867,-0.17516,-0.319092,0.095085,0.152495,0.342679,0.328769,0.126573,0.446334,-0.245405,0.048606,1.0,0.463066,0.208207,-0.048245,-0.068019,0.069537,0.138567,-0.018604,-0.140393,0.226085,0.335905,-0.017478,-0.240318,-0.306052,0.081669,-0.220629,0.134736,0.335861,-0.071646,0.083286,0.21366,-0.128864,-0.329099,0.228202,0.169171,-0.051682,-0.137505,-0.310156,0.11478,0.145106,0.195985,-0.00105,-0.105883,-0.520208,0.27163,-0.051781,-0.024107,0.061853,-0.231899,0.047473,0.201084,-0.058383,0.15793,0.159833,-0.128059,-0.254987,0.1252,0.061853,0.564862,0.156875,-0.203683,0.062552,0.116184,0.423606,-0.123164,0.226735,0.250979,-0.182597,0.126445,-0.067728,-0.396967,-0.348602,-0.267424,0.324199,0.071616,-0.075868,0.024881,-0.18218,-0.073374,-0.367789,-0.243379,-0.140715,-0.259369,-0.056847,-0.103851,0.133603,-0.052485,-0.329398,-0.213862,-0.304704,-0.442913,0.147175,-0.097574,-0.149076,0.0814,-0.143786,-0.016961,-0.307084,0.034209,-0.00263,-0.050621,0.066058,-0.087511,-0.143303,-0.36368,-0.157293,-0.207804,-0.278446,0.084275,0.341288,-0.238659,-0.289867,-0.188467,-0.221436,-0.174082,-0.234392,0.07202,-0.408722,-0.094522,-0.400557,-0.189631,-0.37272,-0.239473,0.099761,0.070447,0.23534,0.00537,0.115128,-0.415259,-0.041114,-0.409279,-0.035726,-0.416416,-0.100646,-0.027044,-0.379707,-0.014646,-0.274767,0.014572,-0.087834,-0.337828,-0.173898,0.08639,0.045263,-0.239749,0.279968,-0.129584,-0.620504,-0.153812,-0.36492,0.103062,-0.261414,-0.118818,-0.259916,0.386556,0.422044,-0.082009,-0.381409,0.058062,-0.236129,0.023709,-0.055677,0.311696,0.424525,-0.043942,-0.050769,-0.423978,0.015154,-0.024835,0.062171,-0.242504,0.063027,0.433144,-0.398394,0.027163,0.161776,0.498293,-0.327093,0.279466,0.205504,-0.03575,-0.040019,0.285693,-0.173475,0.421104,-0.182264,-0.363207,0.416583,0.069716,0.095659,0.291147,0.166852,0.080608,-0.036294,0.086279,-0.089503,0.154105,0.183075,#
13,0.221424,0.168516,-0.113068,-0.177467,-0.107017,-0.009053,-0.061173,0.16632,0.086171,0.421469,-0.432076,-0.001444,0.463066,1.0,0.306283,0.178742,-0.319695,0.288959,0.079089,0.011276,-0.040418,0.374112,0.545183,0.293692,-0.043628,0.030763,0.23203,-0.023976,0.110037,0.541814,-0.017828,0.170823,0.29336,-0.035393,-0.231697,0.287424,0.189495,-0.208687,0.094031,-0.315272,0.041055,0.249655,0.333324,0.213801,-0.107866,-0.476948,0.294558,-0.172467,-0.244187,0.098556,-0.033603,-0.06098,0.151671,-0.011245,-0.03871,0.098726,-0.069409,-0.206017,0.052999,0.098556,0.437424,0.176563,-0.251308,0.096411,-0.045012,0.138204,-0.2151,0.432151,-0.132324,-0.017438,-0.119823,0.159392,-0.295788,-0.105048,-0.267614,0.005516,0.082647,-0.196764,-0.171546,0.068629,-0.046489,-0.354517,-0.124322,0.120957,-0.164325,-0.169006,-0.177903,0.075131,0.054954,-0.309277,0.026309,-0.185747,-0.300161,0.258799,0.080641,-0.081892,-0.145762,-0.020783,-0.145102,-0.185728,0.172422,-0.070756,-0.078198,-0.106261,-0.053107,-0.085893,-0.060486,-0.144095,-0.025693,-0.268428,0.02532,0.32281,-0.095054,-0.058741,-0.058456,-0.086614,-0.156361,-0.313628,0.189442,-0.383934,-0.161158,-0.363188,-0.061361,-0.263512,-0.308024,-0.032029,-0.019695,0.01918,-0.104856,0.025954,-0.114016,0.172866,-0.343153,-0.172724,-0.620902,-0.179541,0.132791,-0.143152,0.119378,-0.249891,0.034907,-0.272219,-0.20864,-0.251577,-0.305964,-0.057338,0.032465,0.051625,-0.373884,-0.352172,-0.252785,-0.377547,-0.036227,-0.29855,-0.023069,-0.095323,0.348596,0.283408,0.039516,-0.16413,0.166837,-0.120131,-0.007683,-0.017226,0.193555,0.266725,-0.156269,0.084135,-0.203993,-0.059606,-0.225224,0.061799,-0.315666,-0.165503,0.159478,-0.307284,-0.057332,0.018234,0.484409,-0.351367,0.327183,-0.071821,-0.287389,-0.098382,0.161449,0.128077,0.236203,-0.303328,-0.308486,0.219419,-0.008835,-0.043166,-0.008866,0.185269,-0.104194,-0.183022,0.138672,-0.187961,0.424027,0.023965,#
14,0.083801,0.377712,-0.031787,-0.363633,0.026731,0.071144,0.232348,0.040901,0.176875,0.368514,-0.167171,-0.009511,0.208207,0.306283,1.0,0.147842,-0.191909,0.164147,0.410172,-0.04263,-0.132821,0.134913,0.221674,0.066574,-0.108565,-0.081843,0.035306,0.193705,0.116192,0.259818,-0.218355,0.023711,0.016928,0.019961,-0.100778,0.189147,-0.078273,-0.166824,0.123441,0.010185,-0.199929,0.191577,0.136489,0.172177,0.381498,-0.212129,0.239861,0.013854,-0.002448,-0.00728,0.116498,-0.248163,-0.047902,-0.1025,0.134489,-0.1591,-0.213017,-0.228708,-0.183095,-0.241221,0.099487,0.064355,-0.289275,0.295154,0.033241,0.054221,-0.205832,0.030025,-0.087882,-0.135557,-0.120552,-0.118218,0.029162,-0.400528,-0.35659,0.196844,-0.031199,-0.277167,-0.198399,-0.129278,-0.079052,-0.599419,-0.461069,0.175679,-0.338725,-0.00414,-0.197856,-0.17711,-0.211504,-0.148224,-0.012374,-0.202593,-0.2106,0.139442,-0.257614,-0.243652,-0.402124,-0.21065,-0.302552,-0.062635,0.047101,-0.261103,-0.281132,-0.22118,-0.248738,-0.207259,-0.406378,-0.020829,-0.340295,-0.155042,-0.060876,0.332992,-0.42961,-0.291845,-0.266601,-0.18781,-0.16093,-0.256184,0.039472,-0.339918,-0.215407,-0.186471,-0.426486,-0.199975,-0.220498,-0.342639,-0.038076,0.140314,-0.272501,-0.214828,-0.046966,-0.01216,-0.540196,-0.062853,-0.415262,-0.33204,0.126165,-0.103113,-0.067788,-0.361168,-0.258935,-0.094634,-0.230045,-0.159816,-0.304461,-0.158674,-0.17742,0.230855,-0.37661,-0.143624,-0.464718,-0.572661,-0.075923,-0.297832,-0.082612,-0.393222,0.03962,0.231595,-0.384131,-0.132933,0.148295,-0.252835,0.25514,0.126509,-0.143661,0.2053,-0.185626,0.147972,-0.121165,-0.160403,0.283376,0.096452,-0.220008,-0.14095,0.449361,-0.265708,-0.318096,0.226116,0.352731,-0.256002,0.458817,-0.025385,-0.018628,0.147374,0.376869,-0.311483,0.120128,-0.177441,-0.27843,0.18251,-0.036495,0.306163,0.384526,0.385093,0.04946,-0.045622,0.150102,-0.18619,0.01634,0.129,#
15,0.027978,-0.125802,-0.192016,-0.241567,0.010999,0.067145,0.035718,0.23397,-0.197836,0.192931,0.097276,0.03402,-0.048245,0.178742,0.147842,1.0,-0.104204,-0.068961,0.034487,-0.070013,-0.03061,-0.043616,0.138277,0.055188,-0.055211,0.143662,-0.068734,-0.115444,0.279408,0.068722,-0.001495,-0.102185,0.08094,0.024215,0.002687,0.150343,0.058403,0.048094,0.153971,0.10451,-0.018217,-0.058252,-0.298065,0.051312,-0.006404,0.021493,-0.056613,-0.008715,-0.258043,0.109525,0.240497,0.124811,-0.098871,0.060425,0.103414,0.098203,-0.14008,-0.08581,-0.335906,-0.157674,0.141157,0.245394,-0.097417,0.026212,0.033321,-0.055601,-0.272686,0.171921,-0.080993,0.118842,-0.096788,-0.064888,-0.035228,0.170654,-0.064231,0.083159,-0.073066,-0.093242,-0.191626,0.19581,-0.0309,-0.147344,0.154485,0.152139,0.165815,-0.191902,-0.052403,-0.137222,-0.055934,-0.046853,0.113483,0.037327,0.005822,0.147638,-0.090078,0.232578,-0.11765,-0.146934,-0.058366,-0.233155,-0.000523,-0.093113,-0.311062,0.020078,-0.016702,-0.293276,-0.156676,0.181605,0.037303,-0.069109,-0.16033,0.005568,-0.041882,-0.082033,0.089,0.029634,-0.015253,-0.120699,0.092067,-0.017201,-0.175014,-0.027586,0.025103,-0.191348,-0.227312,-0.006476,-0.099455,0.008749,-0.402072,-0.220131,-0.132996,0.123867,-0.142531,-0.02048,-0.209961,-0.115588,0.022338,-0.009433,-0.112138,-0.261921,0.092012,0.112617,0.066024,0.1672,-0.088015,-0.143886,0.152856,-0.010019,-0.15336,-0.12433,-0.075638,-0.009005,-0.121916,-0.001425,0.118566,0.060293,0.049817,0.04232,-0.23686,0.157454,0.261488,-0.053117,-0.058376,0.030265,-0.280541,-0.121511,0.039046,0.029668,0.035741,-0.119572,0.052295,-0.126648,-0.132489,-0.175522,-0.052518,-0.007654,-0.12276,-0.082416,0.024064,-0.024874,0.111142,-0.090179,-0.029999,0.051599,0.110292,0.063327,0.052758,-0.110054,-0.2039,-0.086629,-0.162045,-0.103981,0.015416,-0.123624,-0.088063,-0.155712,0.139553,-0.144874,0.022923,0.002167,#
16,0.03242,-0.051852,-0.18838,-0.068081,0.017122,0.397306,-0.017776,-0.049397,-0.091714,-0.160824,0.100681,0.128855,-0.068019,-0.319695,-0.191909,-0.104204,1.0,-0.048279,0.160014,-0.114887,0.077221,-0.260872,-0.150547,-0.320141,-0.108738,-0.123977,-0.223562,-0.092318,-0.138934,-0.109851,0.009024,0.119545,0.120944,0.00064,0.061824,0.074106,0.083084,-0.063693,-0.303279,0.058575,0.017574,-0.116039,-0.016863,0.187714,0.062039,0.077473,-0.166111,0.066389,0.03177,0.004016,-0.048628,0.013778,0.106501,-0.10316,0.120849,-0.025314,-0.120976,0.072015,0.092502,-0.110632,-0.125097,0.087158,0.287086,-0.022002,-0.188038,0.09161,-0.06403,-0.079925,0.080014,-0.072378,-0.08973,0.050634,0.01883,-0.102017,0.015864,0.082572,-0.261874,0.065272,-0.001448,-0.070257,0.046639,0.096278,-0.006495,-0.288339,-0.090482,-0.168982,-0.149532,0.029436,-0.050189,-0.195358,-0.143377,0.021981,-0.070489,-0.148226,-0.142345,-0.204187,-0.070882,-0.252727,-0.209671,-0.12083,0.039329,-0.067124,-0.146034,-0.037991,0.054412,-0.017664,0.017217,-0.009077,0.033779,0.015535,0.048217,-0.061703,0.007983,-0.080159,-0.06495,-0.042862,-0.262572,0.107188,-0.027858,-0.017763,-0.145255,-0.07069,-0.017517,-0.175856,0.16303,-0.127336,-0.23388,-0.208648,0.062307,-0.093599,-0.12602,-0.042259,0.113253,0.226123,0.038952,-0.06992,0.101029,-0.346421,0.03711,-0.026661,-0.33325,0.187445,-0.096974,0.178399,0.154359,0.041632,-0.096792,0.046588,-0.078482,-0.047244,-0.132787,0.189632,0.00414,0.108328,-0.18673,-0.261918,-0.179083,0.15719,-0.215032,0.115817,-0.117942,-0.005585,0.114237,-0.098238,-0.032625,0.204134,0.088154,-0.118719,0.094697,-0.149035,-0.037365,0.040684,-0.121156,-0.024635,0.095725,-0.249705,-0.092697,0.100758,-0.170554,0.068541,-0.360833,0.142409,0.285027,0.061666,-0.013723,-0.010976,0.03613,0.326923,0.129154,-0.117478,0.087738,0.188502,0.24452,-0.081017,0.004672,0.266522,0.157485,0.007602,-0.418982,-0.057969,#
17,-0.024057,0.272727,0.25897,0.000939,-0.006506,0.157146,-0.068904,-0.087034,0.294239,0.173267,-0.149052,0.13105,0.069537,0.288959,0.164147,-0.068961,-0.048279,1.0,0.029683,0.326062,-0.008886,0.226206,0.174826,-0.018784,0.139466,0.103864,0.048134,0.099165,-0.143421,0.164711,0.076048,0.11518,0.107349,-0.010924,-0.021343,0.093065,0.021353,-0.08485,-0.010714,-0.136939,0.066847,0.084988,0.006181,0.017147,0.052583,-0.352565,0.109147,0.246659,0.267034,-0.103411,0.039813,-0.213269,-0.079561,-0.162188,-0.068494,0.021251,-0.124502,-0.323932,-0.209982,-0.103597,-0.014283,-0.095636,-0.136917,0.044989,-0.069944,0.20685,0.02177,0.179453,0.039968,0.441297,0.126525,0.214399,-0.220709,-0.072855,0.05628,-0.114573,0.156915,-0.180349,0.103176,-0.244568,0.313662,-0.088743,-0.09688,0.024413,0.004196,0.127898,-0.000538,0.133958,0.06643,0.056864,0.199374,0.063704,-0.029874,0.434434,0.049058,0.175109,0.24125,-0.111876,-0.076908,-0.232919,-0.062753,0.139472,0.000409,0.254108,-0.207376,0.001534,-0.112631,-0.209427,-0.141923,0.004648,0.296006,0.113374,0.105073,-0.089877,0.133916,0.016901,-0.107967,-0.147365,0.504477,-0.362094,0.075178,-0.266024,-0.131222,-0.065871,-0.142224,0.046242,-0.040796,0.050597,0.046611,0.084295,0.165163,0.125357,-0.098429,-0.209173,-0.058121,-0.019607,0.129655,-0.117615,-0.02377,-0.026558,0.131258,-0.22092,-0.187923,-0.431785,-0.260585,-0.074043,0.069886,0.040356,0.158237,-0.1041,-0.170972,-0.116405,0.300011,-0.105652,-0.134405,-0.156896,0.215848,0.369859,-0.055073,0.017839,-0.07365,0.170635,0.090933,0.033573,-0.084263,0.340851,0.102032,-0.120333,0.004611,0.172203,-0.241341,-0.181019,-0.158677,0.002058,0.066988,0.01473,0.054145,-0.016171,0.356127,-0.402038,0.191674,-0.024091,-0.43475,-0.200426,-0.084559,-0.17964,0.169818,0.213959,-0.312815,-0.104678,0.111847,-0.140302,-0.00063,0.166831,-0.301407,-0.04385,0.000468,0.026647,0.328593,0.120274,#
18,0.032712,0.201007,-0.083817,-0.205647,0.125439,-0.101939,0.159634,0.165998,0.089864,0.209137,0.136806,-0.123593,0.138567,0.079089,0.410172,0.034487,0.160014,0.029683,1.0,-0.324833,0.100823,-0.221426,6.2e-05,-0.109173,-0.016348,0.032893,-0.003309,0.293294,-0.055384,0.203145,-0.079855,0.08147,0.188141,-0.02546,0.222914,0.113015,0.084866,-0.135632,-0.029663,0.042696,-0.05822,0.121283,0.148949,0.146481,0.143861,-0.046608,0.050615,-0.198801,0.225899,-0.051488,-0.059049,0.021279,-0.08047,-0.102504,0.408193,0.001917,-0.327128,-0.009342,-0.142357,-0.102924,-0.052446,0.111026,-0.086099,0.41171,0.018712,0.126059,0.005748,0.036634,0.034301,-0.236453,-0.127104,-0.308783,-0.087352,-0.212923,-0.078065,0.242915,-0.07402,-0.143542,0.0594,-0.312326,-0.226651,-0.242828,-0.415238,0.029439,-0.356357,-0.074244,-0.244766,0.049398,-0.199806,-0.079577,-0.233549,-0.292605,-0.198775,-0.266076,-0.317557,-0.241023,-0.167318,-0.360699,-0.156382,-0.192989,-0.019048,-0.154286,-0.132749,-0.336516,-0.104781,0.028732,-0.305829,-0.048166,-0.116046,0.005713,-0.103077,0.215454,-0.125288,-0.2682,-0.173235,-0.191787,-0.141531,-0.187488,-0.0721,-0.009032,-0.313247,-0.06068,-0.384919,-0.224946,-0.136545,-0.212503,0.018984,0.09946,-0.290573,-0.307189,-0.139486,-0.199951,-0.240811,0.033194,-0.139726,-0.24079,0.148792,-0.213674,-0.193291,-0.269558,-0.444498,0.110272,-0.190096,-0.122323,-0.147093,-0.145576,-0.315341,0.296355,-0.297303,-0.28168,-0.379731,-0.159676,-0.108292,-0.163053,-0.109848,-0.368896,-0.038776,0.140532,-0.227115,-0.102924,-0.046383,0.011237,0.155001,0.068138,-0.026178,-0.070605,-0.095664,0.0676,-0.095414,-0.013734,0.305059,0.162225,-0.168633,-0.120568,0.356606,-0.0465,0.081613,0.316517,0.119141,-0.228439,0.057946,0.221555,0.336419,0.068498,0.408975,-0.129277,0.047519,-0.033532,0.032968,0.242691,-0.048575,0.169126,0.534317,0.123052,-0.05578,-0.097295,0.305704,-0.073073,-0.405255,0.119644,#
19,-0.160589,-0.100167,0.125965,0.322844,-0.028263,0.084202,-0.222956,-0.03812,-0.099703,-0.143093,-0.190365,-0.070796,-0.018604,0.011276,-0.04263,-0.070013,-0.114887,0.326062,-0.324833,1.0,0.256904,0.086469,-0.000479,-0.046827,-0.058763,-0.033345,-0.049493,-0.175935,-0.033736,-0.132,0.228679,0.155651,0.087941,0.151529,-0.147465,-0.310941,0.110882,0.057846,-0.333036,-0.166,0.128667,0.28155,-0.168072,0.056554,-0.085015,-0.191191,0.369515,0.199387,0.237265,-0.291534,-0.128567,0.110921,0.386826,-0.10655,-0.126449,0.138865,0.169808,-0.230838,0.035275,-0.188598,-0.08339,-0.26175,0.143122,0.048038,0.038316,0.059313,-0.078436,0.085432,-0.128804,0.144191,0.19977,0.207616,0.073382,0.094471,0.19671,-0.266735,0.398231,0.199524,0.454362,0.132877,0.367929,0.199381,0.242863,0.138442,0.256853,0.224668,0.291416,0.060936,0.279136,0.073899,0.304699,0.251933,0.175363,0.253543,0.070249,0.249176,0.237844,0.247016,0.0159,0.203082,-0.358617,0.234993,0.254561,0.334513,0.287027,0.274336,0.166144,-0.28871,0.135566,-0.143104,0.27896,-0.241242,0.043538,0.420658,0.200046,0.049799,0.063197,0.195516,-0.003041,-0.110004,0.338596,0.038809,0.127766,0.125692,0.097392,0.167661,-0.061202,0.02742,0.157657,0.357032,0.211164,0.246282,0.246245,-0.160109,0.18486,0.158794,0.165401,0.016486,0.073607,0.227176,0.276862,-0.025486,0.096504,-0.172975,0.288696,0.314103,0.424229,-0.388406,0.486282,-0.001973,0.166644,0.112832,0.308205,0.260857,-0.029056,0.184211,0.220806,-0.06077,0.203663,0.001084,-0.002301,0.144523,-0.164044,0.125493,-0.122717,-0.042311,0.389667,-0.101843,0.122554,0.155384,-0.396986,-0.158645,0.255946,0.305468,-0.171236,0.145322,0.086187,-0.473431,-0.156596,0.058907,0.026955,-0.228541,-0.131499,-0.069987,-0.419873,0.034796,0.131985,0.153959,-0.085611,-0.34766,0.272951,-0.395709,-0.412314,-0.198681,0.017572,-0.125981,-0.319065,0.327208,0.266064,-0.064533,#
20,0.167814,-0.168614,-0.004912,0.114231,-0.25809,-0.02889,-0.304775,0.001166,-0.145288,-0.192611,0.058599,0.069998,-0.140393,-0.040418,-0.132821,-0.03061,0.077221,-0.008886,0.100823,0.256904,1.0,-0.229885,-0.317003,-0.128186,0.145012,0.130759,-0.123066,0.021058,-0.030342,-0.040237,0.442072,0.231822,0.079094,0.154963,0.09547,-0.305038,0.073963,0.121753,-0.138264,-0.174761,0.238566,0.093681,-0.007941,0.013814,-0.065372,-0.027701,0.08372,-0.087486,0.124758,-0.270591,-0.109782,-0.030216,0.234813,0.067174,0.134509,0.19726,-0.263927,0.092386,-0.090714,0.131285,-0.042993,0.064232,0.206716,-0.041792,-0.04443,-0.106383,-0.242327,0.066544,-0.353206,-0.166805,0.01789,0.051653,0.141536,0.262925,-0.034975,-0.330156,0.099656,0.359762,0.186275,0.2954,0.046058,0.291129,0.301129,0.055499,-0.051483,-0.130779,0.138764,0.125427,0.333978,0.206898,-0.162544,-0.04683,0.073585,-0.058481,0.23444,0.079579,-0.133661,0.127824,0.07443,0.197889,-0.067488,0.154776,-0.137715,0.022749,0.239431,0.118757,0.058012,0.254234,0.168751,0.284335,0.041717,-0.066202,-0.141239,0.310368,0.248283,0.197176,0.092541,0.069877,0.171414,0.255031,0.155431,0.274042,-0.163785,0.339213,-0.002862,-0.035689,-0.255553,-0.224486,-0.090323,0.233342,0.146807,0.09121,0.292235,0.101178,-0.023728,0.095732,0.109284,-0.020224,0.192028,0.168679,-0.112311,0.20296,0.298092,0.04749,0.165949,0.161886,0.272335,-0.432267,0.118901,0.192835,0.042812,0.16309,0.199912,0.324188,-0.006342,0.203329,0.086893,-0.146517,0.215745,-0.003965,-0.104221,-0.034247,0.104966,-0.166654,-0.155006,-0.261457,0.150191,-0.093076,0.246005,-0.013074,-0.125048,0.075488,0.206838,0.001827,-0.360067,0.147273,0.039449,-0.268916,-0.279989,0.217404,-0.095227,0.016081,-0.040327,-0.011886,-0.069052,0.337694,0.069967,0.24065,0.224405,-0.075233,-0.020495,-0.211533,-0.157971,-0.274532,-0.172474,-0.115416,-0.01235,0.114011,0.127666,-0.072091,#
