0,1.0,0.160989,0.163639,-0.114849,0.418506,0.015408,0.16849,-0.111852,0.415251,0.076754,-0.199939,0.268819,0.137323,0.104324,0.132847,0.024178,0.097147,-0.048807,0.035565,-0.156233,-0.267946,-0.003883,-0.0724,-0.123114,0.037659,-0.244945,-0.058323,-0.216358,0.260846,0.067394,-0.429073,-0.055025,-0.175656,-0.055418,-0.209774,0.082018,0.147903,-0.036163,-0.022169,0.013874,0.025009,-0.259307,-0.248063,0.066876,0.02103,-0.029155,0.312964,0.155486,0.120343,0.378557,-0.003279,-0.1967,0.185493,0.03169,0.016869,-0.071912,-0.238023,0.195056,-0.116745,0.200394,0.155636,0.185813,0.028481,-0.138888,-0.004804,0.076427,-0.106613,-0.025345,0.196262,-0.021255,0.030063,-0.343948,0.014222,-0.251609,-0.340678,0.196456,-0.222641,-0.286022,-0.242915,-0.217721,0.038292,-0.383801,-0.102295,-0.200375,-0.112959,-0.118123,-0.374445,-0.166634,-0.145992,-0.397357,0.061445,-0.170069,0.061092,-0.031906,-0.209496,-0.140233,-0.303773,-0.2479,0.005848,-0.232143,0.098885,-0.19549,-0.285884,-0.15515,-0.108681,-0.169589,-0.032267,-0.139669,-0.105097,-0.312902,-0.072655,-0.165127,0.039631,-0.20609,-0.230312,-0.277054,-0.257185,-0.374665,0.048626,-0.448891,-0.080323,-0.186592,-0.229027,-0.157275,-0.112285,-0.201055,-0.183527,-0.048102,-0.12675,-0.075315,-0.045108,-0.271771,-0.134655,0.113581,-0.19484,-0.324814,0.014222,-0.267312,0.093249,-0.227542,-0.128946,-0.257656,-0.011468,-0.234796,-0.384378,-0.087096,-0.203309,0.274504,-0.31711,-0.193903,-0.33465,-0.187919,0.081604,-0.256164,-0.143956,0.004893,0.168357,0.296951,-0.172086,-0.129043,-0.113449,-0.091363,0.056558,-0.038022,-0.024831,0.165785,0.02002,-0.047264,-0.179615,-0.297793,0.090745,0.162847,0.017859,-0.302413,0.134501,-0.09929,-0.060711,0.227074,0.186778,-0.39684,0.125773,-0.001796,0.049792,0.070154,0.150288,-0.092968,0.380136,-0.126867,-0.092556,0.356645,-0.331278,0.107858,0.141019,0.26773,-0.107669,0.126517,0.079603,-0.315547,0.03889,0.00239,#
1,0.160989,1.0,0.012772,0.134713,0.407857,-0.029215,-0.049475,-0.234658,0.035119,0.132158,-0.166966,0.013446,0.092377,0.091807,-0.012981,-0.081573,-0.055229,0.088392,-0.07624,-0.128167,0.051472,0.150592,0.175721,0.004591,-0.039594,-0.306289,0.015394,0.119944,0.20698,0.208182,-0.362907,-0.063841,-0.0173,-0.178313,-0.081783,0.108635,0.27815,-0.375222,0.003178,0.050681,0.166488,-0.123979,0.251934,0.095036,-0.16538,0.02546,0.155982,0.240828,-0.074274,0.134185,-0.055944,-0.289631,0.193426,0.010391,-0.037281,-0.257023,-0.030877,0.214078,0.005397,0.083351,-0.054155,-0.027953,-0.040412,0.034966,-0.088863,0.069714,0.03798,0.18519,0.323904,0.110138,-0.228885,-0.219658,0.039643,-0.133252,-0.192049,0.019666,-0.205537,-0.060296,-0.2222,-0.165852,-0.109789,-0.428473,-0.236404,0.110818,-0.233501,-0.276689,-0.138227,-0.145837,-0.030235,-0.085388,-0.164415,-0.129214,-0.085161,-0.104269,-0.446497,-0.199466,-0.343103,-0.195568,-0.236196,-0.095052,0.088896,-0.067246,-0.117126,-0.121317,-0.149286,-0.261005,-0.255476,-0.097125,-0.04805,-0.002541,0.031999,0.202242,-0.2693,-0.267499,0.078818,-0.040168,-0.229376,-0.186762,0.089582,-0.05519,-0.24838,-0.243658,-0.162864,-0.236423,-0.011476,-0.070874,-0.157376,0.079505,0.257703,-0.058465,-0.085528,-0.068733,-0.059072,-0.013398,-0.229149,-0.222474,-0.157406,-0.255142,0.148538,-0.264491,-0.193322,0.033068,0.119114,-0.325879,-0.072533,-0.09013,-0.083733,0.088521,-0.277582,-0.065393,-0.395656,-0.233262,-0.172351,-0.062139,-0.015511,-0.066694,-0.112631,0.300389,-0.110161,-0.286997,0.114665,-0.065143,-0.105334,0.026449,-0.159218,0.325714,0.147147,-0.475292,-0.076052,-0.080361,-0.140548,0.161399,-0.272345,-0.016571,0.080233,-0.020361,-0.139302,-0.01423,0.220305,-0.254665,0.190071,-0.140006,-0.038813,0.035218,0.214232,-0.332629,-0.034838,-0.253475,-0.099723,0.220657,-0.073308,0.177286,0.298931,0.293127,0.040299,-0.188657,0.138295,-0.249457,-0.090717,0.1307,#
2,0.163639,0.012772,1.0,0.250445,-0.082455,-0.178753,-0.034009,-0.088407,0.224247,0.084598,-0.024613,0.143229,-0.189348,0.104996,-0.064234,-0.25334,-0.146405,0.194293,-0.0192,0.134662,-0.424064,-0.261558,-0.047766,0.110797,0.083558,-0.186551,0.070475,-0.219215,0.174447,-0.232754,-0.000849,0.25238,-0.24965,0.017638,-0.212054,0.029662,-0.082665,0.161013,-0.163471,-0.375884,-0.214856,0.128773,-0.220628,-0.047288,0.241723,-0.431938,0.247364,0.132058,-0.296605,0.377958,-0.29326,0.134875,-0.070271,0.238187,-0.132226,-0.078744,-0.070033,-0.202193,-0.240425,-0.014458,-0.011534,0.22333,0.088356,-0.3821,-0.019986,-0.051224,0.135539,-0.115604,-0.196138,0.029628,0.203473,-0.006045,-0.091946,0.20015,-0.088608,0.192321,-0.061071,-0.144926,0.091919,-0.124038,0.067583,-0.011346,-0.126966,0.429205,-0.070982,0.04864,-0.005028,-0.022703,-0.150322,-0.26068,0.201365,-0.186853,0.172359,0.256155,-0.023054,0.281487,0.237797,0.032789,0.053767,0.102056,-0.275602,-0.217216,-0.039494,0.22476,-0.088035,0.026191,0.23356,0.18503,0.062048,0.113089,0.285735,0.0796,0.159713,0.137248,0.182207,-0.160496,-0.10535,-0.081332,0.18436,0.043526,-0.141034,0.311618,-0.051443,0.009321,0.030434,0.11646,-0.009807,-0.130917,-0.033409,0.009515,0.247237,0.170715,-0.040919,0.057523,0.314637,0.063324,0.103683,0.344813,-0.033178,-0.058109,0.352991,0.201506,0.040199,-0.141786,0.070221,0.146104,0.072548,-0.002784,-0.209222,0.205446,0.095154,0.405204,0.306976,0.190467,0.126005,0.109192,-0.025674,0.116831,0.197132,0.025832,0.039557,-0.055225,0.380676,0.079596,0.074525,-0.109254,-0.017854,-0.087371,0.235129,-0.104106,-0.003203,0.173461,-0.025186,0.015061,-0.110589,0.239135,-0.100593,0.186905,0.055512,-0.046824,0.086467,0.024595,-0.134908,-0.057996,-0.333455,0.251542,0.028028,0.263425,-0.15,0.087509,0.20707,-0.252354,-0.175334,0.113756,-0.373212,-0.125882,-0.122909,-0.035412,0.200665,-0.156581,#
3,-0.114849,0.134713,0.250445,1.0,-0.143821,-0.192606,-0.230883,-0.03353,-0.337846,0.005111,-0.071604,-0.154785,-0.139899,-0.161389,-0.000369,-0.036958,0.010111,-0.030991,-0.192964,0.110954,-0.141016,0.005107,-0.293267,0.066093,0.081369,-0.00216,-0.135758,0.01484,0.057619,-0.190125,-0.033114,0.051131,0.097388,0.146385,-0.03327,-0.32827,-0.083456,0.089987,-0.047467,0.064814,-0.078856,0.010367,0.128365,-0.021133,0.086469,0.19626,-0.225881,-0.396443,0.072558,0.067545,-0.216555,0.228678,0.084167,0.087618,-0.077531,0.064366,0.042385,-0.030089,-0.204968,-0.230235,-0.071206,-0.010261,0.316003,-0.037124,-0.147476,-0.403011,-0.113933,-0.206322,-0.338881,0.011868,-0.021143,0.144851,0.179659,0.254698,-0.012647,0.047211,0.139966,0.360152,0.365863,-0.049707,0.116138,0.13504,0.103133,0.121627,0.103353,0.060556,0.282691,0.049846,0.006872,-0.054941,0.157642,0.114621,0.151539,0.206168,0.097338,-0.025976,0.13087,0.242411,0.037043,0.212293,-0.183701,0.209113,0.242399,0.247997,0.081617,-0.008361,0.243591,0.202502,0.033105,-0.043645,-0.074773,0.007764,-0.137419,0.051478,-0.055117,0.338942,0.290089,0.044951,-0.163512,0.319443,0.171005,0.081365,0.151108,0.311074,0.111313,0.170589,-0.075496,-0.250353,0.01468,0.258996,-0.168219,-0.075381,0.065338,0.1475,0.18647,0.332675,0.206107,0.067749,-0.269221,0.227653,0.040278,0.252796,0.260551,-0.168257,0.211257,0.209256,0.106161,-0.270891,0.00632,0.034094,-0.000208,0.22411,0.20144,0.160866,0.156704,0.251915,-0.204565,-0.235939,0.247692,0.069702,0.208116,0.220277,0.156107,-0.076002,-0.244686,-0.291589,-0.105123,-0.224704,0.262303,0.029819,-0.144893,-0.326627,0.091173,0.157732,-0.146072,0.155563,0.021986,-0.119883,-0.321457,0.028877,-0.273412,-0.265777,0.149917,-0.043896,-0.218358,-0.065629,-0.1673,-0.097593,0.109382,-0.309891,0.021968,-0.031993,-0.282926,-0.205085,-0.073824,-0.068412,-0.284139,0.072294,-0.118706,-0.019998,#
4,0.418506,0.407857,-0.082455,-0.143821,1.0,0.057311,0.179393,-0.045424,0.228495,0.196864,-0.24772,0.196765,0.354494,0.264591,-0.017737,0.043987,0.028724,0.053083,-0.023194,-0.108841,0.161817,0.01124,0.38091,-0.249811,-0.31103,-0.352838,0.045927,-0.105275,0.27118,0.116638,-0.363797,0.076563,-0.111139,-0.171194,-0.194625,0.206588,0.269603,-0.425487,-0.088185,-0.203078,0.183983,0.076128,0.067823,0.057005,0.009472,-0.084053,0.264941,0.443824,0.25604,-0.00599,-0.021805,-0.609387,0.231123,-0.226336,0.006961,-0.275766,-0.220024,0.101721,0.033212,0.165855,0.147079,0.162453,-0.171266,-0.193353,-0.025896,0.399591,0.072355,0.30664,0.347159,0.016217,-0.106072,-0.587426,0.070702,-0.580656,-0.311394,0.332663,-0.415887,-0.433605,-0.421486,-0.339621,-0.296354,-0.653894,-0.29689,-0.071158,-0.324393,-0.311543,-0.513377,-0.283876,-0.096211,-0.210989,-0.325409,-0.371597,-0.190535,-0.326881,-0.380508,-0.331655,-0.569459,-0.465448,-0.300217,-0.327935,0.056677,-0.317788,-0.343819,-0.200909,-0.300836,-0.511224,-0.155208,-0.376807,-0.142824,-0.323784,0.19739,0.066203,-0.310536,-0.524297,-0.204794,-0.049313,-0.302316,-0.430131,0.02749,-0.321144,-0.084012,-0.169995,-0.404456,-0.412541,-0.065034,0.049057,-0.408809,0.288674,-0.12207,-0.330195,-0.186528,-0.087922,-0.394377,0.173934,-0.413994,-0.360377,-0.120921,-0.417426,0.161212,-0.403811,-0.254689,-0.135184,-0.085377,-0.146133,-0.411172,-0.188081,-0.116374,0.537823,-0.545517,-0.257659,-0.590748,-0.261209,-0.048357,-0.49859,-0.224379,-0.176735,0.142132,0.55655,-0.38483,-0.339991,-0.114018,-0.092966,-0.306841,0.006494,-0.152433,0.311006,-0.111026,-0.283195,-0.289308,-0.035231,-0.049734,0.308082,-0.386125,-0.434536,0.034264,-0.166267,-0.243693,0.243461,0.333183,-0.472383,0.354137,-0.131988,0.016441,0.187768,0.351667,-0.385291,0.279188,-0.199765,-0.22406,0.366103,-0.322473,0.277542,0.43107,0.37616,-0.010188,0.156515,0.381781,-0.40142,-0.282595,0.064461,#
5,0.015408,-0.029215,-0.178753,-0.192606,0.057311,1.0,0.298198,0.375855,0.101366,-0.16042,-0.054361,0.195489,-0.228152,0.344533,0.047397,-0.059046,0.061893,-0.022961,0.0085,-0.0969,0.193213,0.217754,0.019917,-0.48137,0.163182,-0.071948,0.037389,-0.08006,-0.157461,0.120173,-0.017677,0.155252,0.124144,-0.187433,-0.306206,0.244469,-0.079651,-0.026581,0.104447,-0.083109,0.067606,-0.155606,0.130492,-0.000458,-0.186508,0.109874,0.008874,0.095953,0.002719,0.024468,0.238006,0.043648,0.155627,-0.092475,0.134276,0.194605,0.10525,0.209406,-0.023079,0.137857,0.123261,0.020975,-0.021745,0.230941,-0.136844,-0.040399,-0.093624,0.283213,0.159326,-0.064726,-0.031286,-0.207896,-0.064997,-0.187666,0.038511,0.030964,-0.015726,0.001747,-0.179051,-0.050358,-0.052736,-0.19388,0.166968,-0.118,-0.036958,0.239645,-0.11794,-0.037671,0.03352,-0.100971,0.097349,0.012932,0.12433,-0.293883,-0.062407,-0.191184,-0.086834,-0.153697,0.047914,-0.234674,0.098407,-0.15341,0.104777,-0.334858,-0.09009,-0.165166,-0.073771,-0.448091,-0.072325,-0.286522,-0.187273,-0.053778,-0.072333,-0.31393,0.104157,-0.122315,-0.074666,-0.222826,0.106021,-0.064698,-0.018078,0.015397,0.015621,-0.158033,0.032681,0.073171,0.03666,0.069344,0.01735,-0.194011,0.016973,-0.010437,-0.062988,-0.1091,0.017103,-0.049616,0.102366,-0.109444,-0.047971,-0.074126,-0.221898,-0.178511,-0.202225,-0.150145,-0.044525,-0.055375,0.117036,0.098051,0.077529,-0.176851,-0.061575,0.053681,-0.00786,0.032699,0.007163,-0.198804,0.244431,0.090536,-0.070511,0.071626,-0.044522,-0.103949,0.000302,0.055929,0.122335,0.290879,0.165041,0.160115,0.060235,0.032855,0.093249,0.060081,0.008035,0.075888,0.12611,-0.072328,-0.078344,0.197886,0.167357,-0.155656,0.047932,0.007778,-0.036915,0.224827,0.313139,-0.183162,0.134489,-0.068422,-0.047283,0.185586,0.057458,0.060814,0.172537,0.055595,0.246076,0.214695,0.121413,-0.151487,-0.018325,0.247817,#
6,0.16849,-0.049475,-0.034009,-0.230883,0.179393,0.298198,1.0,0.134647,0.363433,0.039904,0.18361,0.228148,0.043219,0.094766,0.07409,0.205272,-0.049014,-0.062483,0.200069,-0.093844,0.133178,0.201907,0.1172,-0.304322,-0.127561,-0.126897,0.051185,-0.226581,0.233338,-0.010044,-0.320994,0.094669,0.271086,-0.370948,-0.078989,0.204363,0.025644,-0.078121,-0.269867,-0.138234,0.038972,-0.034983,-0.088721,-0.144321,0.013927,-0.091652,0.059573,0.168252,0.161617,0.25304,0.04635,-0.199646,0.033658,0.019926,-0.051288,-0.155067,0.152355,-0.031448,0.07951,0.231991,0.125028,0.125052,-0.195721,0.163658,-0.126877,-0.058196,0.024766,0.160192,0.195515,-0.040152,0.039324,-0.313226,-0.059651,-0.166017,-0.260136,0.174643,-0.142278,-0.220824,-0.536244,-0.274352,-0.190007,-0.261924,-0.152742,-0.227402,-0.241454,0.038826,-0.176985,-0.334226,-0.172116,-0.150423,-0.21216,-0.197278,0.018642,-0.315582,-0.284159,0.01663,-0.289823,-0.495041,-0.414499,-0.154328,0.065384,-0.362908,-0.237297,-0.281006,0.027571,-0.0999,-0.071322,-0.365897,-0.294381,-0.13883,-0.081521,-0.06206,-0.10278,-0.190907,-0.101395,-0.339584,-0.365459,-0.176494,-0.066223,-0.272066,-0.14171,-0.094147,-0.14069,-0.306002,-0.349778,0.030268,-0.328839,0.100798,-0.051002,-0.479494,-0.123253,-0.200357,-0.216809,0.103463,-0.173557,-0.162575,0.094772,-0.319819,-0.036883,-0.227201,-0.072461,-0.262891,-0.245564,-0.110228,-0.237571,-0.097711,-0.256016,0.322085,-0.05873,-0.222261,-0.203796,-0.204886,-0.223802,-0.157664,-0.060943,-0.331811,0.058233,0.402052,-0.206142,-0.306228,-0.05476,-0.236263,-0.123586,0.015007,-0.095829,0.393399,-0.055568,0.180352,-0.038079,-0.17405,0.189592,0.210653,-0.110779,-0.185749,0.161347,-0.239303,-0.212278,0.328387,0.273532,-0.243786,0.353536,0.184228,0.213716,0.374489,0.251669,-0.060742,0.026553,-0.057467,0.034939,0.162094,-0.164456,0.264951,0.273738,0.210171,-0.004884,0.243636,0.324414,-0.307671,-0.061493,0.158938,#
7,-0.111852,-0.234658,-0.088407,-0.03353,-0.045424,0.375855,0.134647,1.0,-0.032368,-0.336321,-0.180768,-0.204556,-0.151912,0.249762,0.328852,-0.156063,0.065697,-0.139867,0.162268,0.033821,0.002074,0.201574,-0.146946,-0.290504,0.079681,0.042502,0.201775,-0.002845,-0.176251,-0.132459,0.105873,0.310749,0.269477,-0.168311,-0.081574,0.016158,0.073321,0.204037,0.109793,-0.301946,-0.052429,0.174537,0.200419,0.025921,-0.089192,0.104181,0.096064,-0.237907,-0.084196,-0.117497,-0.14813,0.075405,-0.09685,-0.359226,-0.020039,0.214979,0.079225,0.035383,-0.156718,0.121605,-0.126918,0.058907,-0.21877,0.208871,0.072193,0.129629,0.075935,0.172491,-0.084901,-0.166832,-0.07413,-0.0744,0.088725,-0.049417,0.120361,-0.283218,0.23691,0.006941,-0.133448,0.037158,0.104829,-0.131432,0.304673,-0.223923,0.150192,0.272051,0.029757,0.032262,-0.056711,0.073034,0.134996,0.02184,0.120338,-0.081398,0.19047,0.22418,-0.194318,0.057683,0.035939,-0.130043,-0.044483,-0.187968,0.186349,-0.103349,-0.045349,-0.115401,0.107551,-0.257191,0.119198,-0.300728,-0.182832,0.24692,0.187254,0.072626,-0.072969,0.108135,0.12894,0.037086,-0.036848,0.14123,-0.008879,0.157178,-0.096422,-0.05304,0.009585,0.210865,-0.014674,-0.056237,0.103362,-0.038635,0.163467,-0.021405,-0.094187,-0.207113,0.039665,-0.003395,0.106196,0.110324,-0.153734,0.019769,0.016486,-0.235909,-0.220726,0.076103,-0.038918,-0.205585,0.16159,-0.115174,0.150196,0.087092,0.155398,0.199022,0.37267,0.190177,0.15996,-0.104648,0.200927,-0.093685,-0.261842,0.135398,-0.022246,-0.013036,0.072599,0.048586,-0.043237,0.016497,-0.009983,0.100966,-0.174085,0.258089,-0.116402,0.084793,0.131777,0.141777,-0.085108,0.083008,0.049019,-0.021449,-0.07425,0.007262,-0.079475,-0.069704,0.02721,-0.002075,-0.032771,-0.080255,0.045397,0.243831,-0.020024,-0.194278,-0.133713,0.109933,-0.039476,-0.170516,-0.021563,0.060184,-0.191184,-0.100545,0.097893,0.002817,#
8,0.415251,0.035119,0.224247,-0.337846,0.228495,0.101366,0.363433,-0.032368,1.0,-0.095098,0.092503,0.363146,0.087189,0.090001,0.03834,-0.105059,0.059662,0.219222,0.224788,0.022022,-0.211469,-0.151574,0.157452,-0.179054,-0.021924,-0.267601,0.118984,0.003885,0.180987,-0.103681,-0.167834,0.167419,-0.068723,-0.150813,-0.227006,0.05536,0.394014,-0.120872,-0.071998,-0.130019,-0.059117,-0.098535,-0.292914,-0.011384,0.117625,-0.221718,0.357538,0.287154,-0.053006,0.357568,0.165118,-0.132522,0.044268,0.209577,-0.038848,0.139541,-0.075089,0.024163,0.0451,0.16763,-0.192007,0.102075,-0.100253,-0.05437,-0.081777,0.128686,0.307099,0.059981,0.187979,0.22765,0.158842,-0.198289,-0.196608,-0.13471,-0.118822,0.012856,-0.022281,-0.301789,-0.193258,-0.082601,-0.070881,-0.185969,-0.068433,0.179203,-0.056068,0.132068,-0.254775,-0.185179,-0.084467,-0.310393,0.143164,-0.100534,-0.033191,0.078104,-0.170019,0.16193,-0.0294,-0.31632,-0.105261,-0.039947,-0.242582,-0.386295,-0.28812,-0.056943,0.040321,0.074592,-0.024573,0.103961,-0.100676,0.00672,0.107655,-0.080418,0.180446,-0.099328,0.164747,-0.533824,-0.195018,-0.165076,0.242508,-0.302895,-0.105615,0.041363,-0.126818,-0.4548,-0.265989,0.039337,-0.088911,0.215336,-0.073597,-0.220933,0.318258,0.173064,-0.115244,-0.095381,0.096541,-0.131064,0.136198,0.031077,0.188386,-0.030116,0.245296,-0.035252,-0.279194,-0.095145,-0.176573,-0.208979,0.018114,0.409,-0.043329,-0.067517,-0.047683,-0.000642,0.092735,-0.120095,-0.040631,-0.285948,0.086749,0.237949,0.039566,-0.10834,-0.000844,-0.08563,-0.029247,0.282847,0.197614,0.06145,-0.106261,0.034908,0.002813,-0.074905,-0.086008,0.23045,0.144619,-0.108997,-0.195477,-0.104721,0.003195,0.278701,0.176,-0.271326,0.234145,0.17079,-0.160778,-0.085226,0.054786,0.180879,0.10486,0.060681,-0.412429,0.221734,0.167112,-0.118603,0.080386,0.175025,-0.159055,0.077636,0.1343,-0.205688,0.072004,0.063768,#
9,0.076754,0.132158,0.084598,0.005111,0.196864,-0.16042,0.039904,-0.336321,-0.095098,1.0,-0.132231,0.246451,0.19727,0.281041,-0.559144,-0.00021,-0.317016,0.200522,-0.174138,0.05111,0.09387,-0.140863,0.036633,0.07079,0.01919,0.045015,-0.006486,-0.391775,0.037011,0.29488,-0.008635,-0.308445,-0.09044,0.167343,0.143761,0.310407,-0.067679,-0.248088,-0.322758,-0.05549,0.101755,0.164962,0.069274,0.123933,0.196693,-0.189838,-0.141879,0.280996,-0.021994,0.174235,-0.09159,-0.232584,0.025049,0.075775,-0.182543,-0.41949,-0.09738,-0.039825,0.248001,-0.052233,-0.012271,0.178065,0.124387,-0.314793,-0.089635,-0.026465,0.084196,0.033624,0.053822,-0.041945,-0.111932,-0.275769,0.059206,-0.077835,0.022582,0.188803,-0.144918,-0.19143,0.063864,0.142575,-0.137104,-0.070946,-0.201873,-0.146017,0.102852,-0.371642,-0.076492,-0.110049,-0.087684,0.105835,-0.316279,-0.054359,-0.090869,0.098746,-0.121856,0.017485,-0.0254,-0.122438,-0.049243,0.10233,-0.123028,0.08344,0.115346,0.130952,-0.051085,-0.065981,-0.055321,-0.110841,-0.211985,0.00912,0.137296,0.067696,-0.129895,-0.043897,-0.019449,0.017851,-0.128145,-0.162805,0.212483,-0.23079,0.024626,0.257834,-0.036849,-0.008256,-0.220569,0.088477,-0.241281,-0.151678,-0.020681,0.274612,-0.161906,0.333831,-0.041056,0.687936,-0.138826,0.057415,-0.113898,-0.163851,0.163038,-0.127121,0.097639,0.02498,0.270385,0.073842,0.177798,0.089909,0.153388,0.099286,-0.201331,0.162975,-0.440391,-0.235202,-0.203052,0.025548,0.207015,0.190697,0.066529,0.299447,0.13373,0.008126,0.094948,0.121621,-0.212381,0.35242,-0.057774,0.065553,-0.008643,-0.048348,0.072593,0.071645,0.118192,-0.197955,-0.097355,-0.316836,0.094232,0.13695,-0.251376,0.011891,0.229774,-0.044029,0.106724,-0.101901,-0.162411,0.081402,-0.053899,-0.026489,0.051251,-0.080475,-0.198902,0.25305,-0.09123,-0.198453,-0.073061,0.141145,0.098974,-0.137968,0.063302,0.041403,0.182124,-0.011321,#
10,-0.199939,-0.166966,-0.024613,-0.071604,-0.24772,-0.054361,0.18361,-0.180768,0.092503,-0.132231,1.0,0.072431,-0.124695,-0.17508,0.080894,0.161533,0.201943,-0.153625,0.180981,0.022508,0.033968,0.262986,-0.069121,0.144441,-0.105421,0.334974,-0.297775,0.113123,0.191375,0.02458,-0.072686,-0.118538,-0.269035,-0.119172,0.278916,0.018912,-0.157099,0.048206,0.062543,0.207291,-0.306611,-0.123712,-0.159241,-0.190317,0.037298,0.186085,-0.25664,-0.385631,0.15063,-0.064737,0.227555,0.143495,-0.050926,0.326579,-0.051347,0.150716,0.046145,-0.11387,0.032418,0.04194,0.088786,-0.196262,0.17417,0.128376,0.169771,-0.0241,-0.11027,-0.129503,-0.178456,-0.087417,-0.130339,0.188754,0.077228,0.052702,0.018126,0.215971,-0.096546,0.074791,-0.02534,-0.087649,-0.030305,0.096468,-0.260006,0.164241,0.049786,-0.124059,0.119689,-0.121054,-0.122403,0.048136,0.078518,-0.158942,0.067353,-0.125684,-0.1621,0.070051,-0.084888,-0.108895,-0.367583,-0.011535,0.105737,0.077939,-0.37156,-0.085887,0.209835,0.042785,-0.100786,0.066807,-0.235329,0.432392,-0.196134,-0.250217,-0.140217,0.248987,-0.064109,-0.045819,-0.1439,0.077326,-0.093198,0.163972,-0.067449,-0.13177,-0.02158,0.068087,0.115219,-0.134193,-0.027713,-0.081518,0.049441,-0.099066,0.182937,-0.252779,-0.014589,-0.193939,0.165426,0.199508,0.097537,-0.113119,-0.133608,-0.015304,-0.035613,0.207924,-0.106487,0.002873,0.033992,0.203805,-0.133465,-0.149067,0.153174,-0.327784,0.196132,0.029199,-0.341225,-0.125405,-0.278539,-0.361854,-0.27703,0.128582,0.151748,-0.002754,0.142619,-0.18477,-0.149417,-0.122875,-0.110928,-0.094284,-0.246967,0.048618,0.277783,-0.185712,0.104901,-0.255286,-0.130372,0.057073,0.125149,-0.375563,-0.33925,0.161765,-0.201698,0.05342,0.109049,0.160984,0.094452,0.327548,0.029695,0.154706,-0.197831,0.001557,0.377758,0.046982,0.04581,0.319172,0.025497,-0.11777,0.05446,0.118096,0.234073,-0.009275,0.004866,0.128147,#
11,0.268819,0.013446,0.143229,-0.154785,0.196765,0.195489,0.228148,-0.204556,0.363146,0.246451,0.072431,1.0,0.037585,0.029585,-0.151909,0.167491,-0.082927,-0.091796,-0.181508,-0.273383,-0.105116,-0.073327,-0.045554,0.017628,0.163569,-0.093041,-0.055004,-0.367882,0.247812,0.199624,-0.291637,0.027236,-0.330094,0.076752,-0.180348,0.410629,-0.148817,-0.169827,-0.090322,0.034458,0.113935,-0.151991,-0.133666,-0.018238,-0.019991,0.018794,-0.021541,0.154415,0.146301,0.072949,0.033568,-0.14741,-0.055507,0.138795,0.155474,-0.024036,-0.339589,-0.099224,0.046265,-0.037444,-0.185652,0.154183,0.057522,-0.081549,-0.023847,-0.168465,0.040082,-0.040244,0.152597,-0.02604,0.001505,-0.30411,-0.117802,-0.163557,-0.243037,0.269941,-0.226115,-0.021356,-0.180088,-0.330245,-0.184908,-0.162794,-0.034002,0.115592,-0.058645,-0.11501,-0.26238,-0.343701,-0.030329,-0.186852,-0.060571,-0.137886,0.056046,-0.161969,-0.311302,0.025279,-0.110521,-0.297618,-0.184843,-0.086326,-0.032069,-0.087186,-0.073049,-0.131929,-0.027983,-0.0489,-0.058649,-0.192671,-0.307251,-0.033313,-0.182769,0.014412,-0.239838,-0.127038,0.001631,-0.205804,-0.227122,-0.267651,-0.087382,-0.102709,-0.064168,-0.0806,-0.148924,-0.195585,0.089809,-0.059185,-0.171804,-0.121947,-0.07609,-0.212944,-0.09697,-0.061114,-0.126547,0.171713,-0.104397,0.009708,0.045517,-0.19191,0.205388,-0.232085,0.084284,0.091626,-0.183473,-0.113116,-0.164198,-0.148785,-0.174401,0.109839,-0.140844,-0.396473,-0.246682,-0.034088,-0.132196,-0.158805,-0.144557,-0.37179,0.192951,0.069402,0.049601,-0.05008,0.123717,-0.161921,-0.052133,-0.051363,-0.116798,-0.007815,0.095016,0.062596,0.296062,-0.224292,-0.027853,0.04897,-0.050248,-0.341456,0.164052,-0.260879,-0.252531,0.085641,0.092811,-0.183926,0.220494,0.135567,0.133178,0.149852,0.200028,-0.147963,0.039396,-0.104346,-0.062921,0.400869,0.06519,0.17906,0.243256,0.05026,0.022895,0.170439,0.312439,-0.143253,-0.005781,0.070172,#
12,0.137323,0.092377,-0.189348,-0.139899,0.354494,-0.228152,0.043219,-0.151912,0.087189,0.19727,-0.124695,0.037585,1.0,0.166723,0.073222,0.20752,-0.092528,0.158523,-0.006797,-0.049328,0.023123,0.134135,0.210251,0.040239,-0.263878,-0.052493,0.176152,-0.007203,0.230243,-0.068841,-0.210424,0.077466,0.048977,0.04261,-0.009863,0.078881,0.337969,-0.290882,-0.131918,0.089353,0.07382,0.267677,0.071736,0.128236,0.231222,-0.015767,0.15958,0.199974,0.045989,-0.027033,-0.109276,-0.368932,0.138537,-0.168637,0.00476,-0.407349,-0.328545,0.349192,0.224138,-0.136576,-0.037828,-0.050345,-0.375627,0.082607,0.175647,0.269901,0.039633,-0.01061,0.338669,-0.218979,-0.123787,-0.331369,-0.042591,-0.157987,-0.062249,0.146021,-0.186616,-0.207434,-0.284181,-0.283002,-0.182031,-0.311915,-0.213749,-0.219325,-0.070937,-0.296269,-0.057193,-0.184331,-0.327428,-0.07183,-0.269669,-0.370226,-0.220219,-0.164836,-0.17611,-0.186755,-0.20937,-0.195613,-0.200077,-0.415409,0.197764,-0.153388,-0.288844,-0.362029,-0.139095,-0.017408,-0.288829,-0.133457,-0.211401,-0.08424,0.144321,-0.058428,-0.082529,-0.191383,-0.269639,-0.090056,-0.279052,-0.106954,-0.022579,-0.326793,-0.025731,-0.316865,-0.191786,-0.215921,-0.283416,0.019827,-0.335085,0.111079,-0.337006,-0.269365,-0.161359,-0.071119,-0.005806,0.063635,-0.309169,-0.201576,-0.05621,-0.058239,0.172151,-0.363266,-0.333213,-0.096688,-0.193878,0.058888,-0.291512,-0.07888,-0.1221,0.258384,-0.520028,-0.083837,-0.059108,-0.190414,-0.145317,-0.183523,-0.192673,-0.131215,0.213347,0.238572,-0.430212,-0.250122,-0.1134,-0.101784,-0.283687,-0.072203,-0.003029,0.222469,-0.23318,0.009098,-0.351806,-0.032593,0.155152,0.170354,-0.177357,-0.234399,0.151743,-0.012059,-0.151966,0.19639,0.292053,-0.304908,0.254127,0.183487,0.00846,0.163275,0.161566,-0.163861,0.118467,-0.077234,-0.153795,0.209292,-0.303893,0.165206,0.262351,0.295184,0.08834,0.007162,0.237365,-0.116541,-0.076084,0.098364,#
13,0.104324,0.091807,0.104996,-0.161389,0.264591,0.344533,0.094766,0.249762,0.090001,0.281041,-0.17508,0.029585,0.166723,1.0,-0.024103,-0.108179,-0.115372,0.095742,0.035448,-0.063491,-0.019775,-0.013526,0.064013,-0.236571,-0.096606,-0.012053,0.201371,-0.082448,0.019376,-0.020294,-0.056132,0.272992,-0.057274,-0.24434,-0.262997,0.255216,0.194431,-0.132149,-0.113192,-0.312444,0.027627,0.337457,0.194159,0.182378,0.030192,-0.296056,0.296939,0.267303,-0.088748,0.070959,-0.05474,-0.104549,-0.006953,-0.097664,-0.354714,-0.155422,0.126482,0.155129,-0.02911,0.113127,0.02506,0.248783,-0.14894,0.0136,0.099938,0.270399,0.179529,0.302933,0.264407,0.035449,-0.097633,-0.228633,0.216318,-0.156132,-0.056896,0.194749,-0.054029,-0.298062,-0.174994,0.047915,0.021705,-0.34277,-0.054814,-0.038942,-0.056094,-0.048769,-0.202792,-0.28194,-0.261393,-0.205335,-0.1637,-0.058129,-0.00587,-0.03897,-0.142618,-0.054831,-0.157882,-0.070294,-0.04813,-0.208929,0.049432,-0.135124,-0.026337,-0.176466,-0.213265,-0.215869,0.077096,-0.352586,0.019883,-0.29622,0.100255,0.050093,-0.120222,0.055643,-0.026832,-0.017216,-0.300557,-0.257865,0.241418,-0.238933,-0.037457,0.019445,-0.083577,-0.172455,0.052584,-0.078488,-0.321965,-0.008068,-0.17276,-0.037665,-0.111136,0.277161,-0.324609,0.107594,0.043503,-0.254455,0.054686,0.075834,0.211046,-0.084753,-0.042806,-0.259007,-0.130683,-0.207136,-0.171433,-0.151456,0.110989,0.328939,-0.324524,0.265553,-0.274593,0.168766,-0.079971,-0.010768,0.186495,-0.051518,0.306716,0.373015,-0.218788,-0.045135,-0.196717,-0.126982,0.040647,0.273124,0.10292,0.286341,0.008923,0.077076,-0.150265,0.098473,0.088922,0.175008,-0.244321,-0.094235,-0.067623,-0.004462,-0.11579,0.078406,0.222307,-0.233985,0.097654,0.060703,-0.267456,-0.067782,0.168985,-0.093232,0.240847,0.05479,-0.19211,0.137961,-0.089043,-0.127825,0.221588,0.282511,0.141479,-0.060373,-0.037167,-0.173017,0.220931,0.152673,#
14,0.132847,-0.012981,-0.064234,-0.000369,-0.017737,0.047397,0.07409,0.328852,0.03834,-0.559144,0.080894,-0.151909,0.073222,-0.024103,1.0,0.072719,0.101339,-0.265369,0.031552,-0.087059,-0.126132,0.259249,0.059738,-0.05061,-0.185369,0.045973,-0.003088,0.009125,0.151159,-0.139589,-0.326362,0.343901,-0.055427,-0.006333,-0.082916,-0.227358,0.080973,0.17286,0.356119,-0.04345,-0.091094,-0.055074,0.005314,-0.081123,-0.097703,0.358544,0.401,-0.333683,0.118308,0.027322,-0.054141,0.207416,-0.123284,-0.254465,0.009218,0.232991,-0.030986,0.200629,-0.411471,0.034764,0.219801,-0.188697,-0.015355,0.301056,0.177499,0.273193,-0.251318,-0.055354,0.064116,-0.094636,0.149235,0.017465,0.009428,-0.038772,-0.116206,-0.180066,0.009541,0.292173,-0.120161,-0.166839,-0.019211,-0.101959,0.023967,-0.042183,-0.123757,0.087604,-0.168188,-0.210433,-0.112136,-0.158858,0.025983,-0.056571,0.218424,-0.08689,-0.03149,0.011198,-0.250698,-0.135861,-0.207252,-0.054275,0.064646,-0.012195,-0.0655,-0.199181,-0.122783,0.144787,-0.102706,-0.045359,0.19914,-0.167449,-0.303177,-0.171946,-0.089169,0.176831,-0.322662,0.060746,-0.23297,0.149856,-0.227996,-0.049396,-0.086806,-0.226138,-0.006254,0.053635,0.099718,-0.045374,0.113142,0.044455,-0.114805,-0.272311,0.098993,-0.372783,-0.269108,-0.529759,-0.14791,-0.087271,0.024223,-0.08835,0.070339,-0.097513,-0.16867,-0.388593,-0.277128,-0.162114,-0.265425,-0.020983,-0.117607,-0.082965,-0.129243,-0.207118,0.13068,0.056865,0.037082,-0.030169,-0.137491,-0.202979,0.081147,0.009363,-0.300589,-0.144313,-0.29672,-0.101931,0.009952,-0.388146,-0.072535,0.057778,-0.02348,0.013658,-0.1306,-0.209727,-0.042446,0.214075,-0.214222,0.042043,0.089129,0.026612,0.185705,0.069799,-0.119557,-0.167033,-0.07234,0.378534,0.189256,0.00784,0.133814,-0.071778,0.130285,0.236601,0.234512,-0.084714,-0.276235,0.288702,0.025504,0.115084,-0.080211,-0.166575,0.071081,-0.193539,-0.025467,0.20537,#
15,0.024178,-0.081573,-0.25334,-0.036958,0.043987,-0.059046,0.205272,-0.156063,-0.105059,-0.00021,0.161533,0.167491,0.20752,-0.108179,0.072719,1.0,-0.029952,-0.370687,0.010893,-0.269597,0.050127,0.117628,-0.039229,-0.084664,-0.331436,0.010315,-0.234909,-0.035169,0.108491,-0.025351,-0.200768,-0.072042,0.002486,-0.047144,0.064055,-0.003438,-0.047759,-0.008447,-0.0585,0.267217,-0.08273,-0.033557,0.055183,-0.129291,0.046943,0.249881,-0.023639,-0.099342,0.16661,-0.051512,0.174856,-0.08998,0.146412,0.023005,-0.123013,-0.033698,-0.004809,0.057083,0.038813,-0.004149,0.041793,0.064864,0.056011,0.272987,-0.019001,-0.086114,-0.262647,0.174518,-0.016486,-0.335311,0.030885,-0.032824,0.008686,-0.167186,-0.115111,0.183717,-0.200679,0.090885,-0.193528,-0.24001,-0.114044,-0.062919,-0.182565,-0.185476,0.000892,-0.16912,-0.094573,-0.122592,0.018795,-0.037787,0.044916,-0.130482,0.252594,-0.363493,-0.166286,-0.132026,-0.209487,-0.217576,-0.220246,-0.101949,0.234033,0.071839,-0.189549,-0.066105,0.089859,0.011481,-0.441932,0.000371,-0.304551,0.022503,-0.404975,-0.348993,-0.215974,-0.011995,-0.146122,-0.067164,-0.04968,-0.104429,-0.420127,0.033139,-0.05365,-0.256119,0.1084,0.237273,0.024025,-0.086155,-0.128358,-0.160493,-0.20224,-0.15613,-0.205431,-0.222687,-0.043757,0.144776,-0.127269,-0.158906,0.177091,-0.28567,-0.067034,-0.072849,-0.200995,-0.034287,-0.07279,-0.094156,-0.298895,0.287382,-0.410041,-0.136034,-0.192064,-0.396414,-0.109229,-0.205368,-0.41751,-0.158669,-0.40081,-0.099071,-0.076987,-0.052466,-0.203559,-0.090039,-0.25632,-0.358624,-0.102705,-0.353212,-0.156556,0.047375,-0.167089,0.165817,0.005104,-0.277226,0.045036,-0.042153,-0.142403,-0.088537,0.142388,-0.298675,-0.229293,0.006948,-0.249981,-0.094228,0.073583,0.026926,0.503559,0.361338,0.22021,-0.055418,-0.059909,-0.171885,0.557692,-0.001372,-0.271525,0.408425,0.335393,0.112461,0.105962,0.08739,0.412981,-0.065084,-0.262918,0.164217,#
16,0.097147,-0.055229,-0.146405,0.010111,0.028724,0.061893,-0.049014,0.065697,0.059662,-0.317016,0.201943,-0.082927,-0.092528,-0.115372,0.101339,-0.029952,1.0,-0.074206,0.043962,-0.145869,-0.087185,0.039467,0.14369,0.035042,0.091969,-0.090635,-0.254803,0.123283,-0.012434,-0.045975,-0.085278,0.149443,0.007464,-0.171652,0.005567,-0.237175,-0.135644,0.074066,0.102914,-0.013978,-0.066793,-0.186894,-0.095005,-0.181149,0.06105,0.210434,0.125501,-0.185048,-0.043275,0.093357,0.152764,0.037496,0.009039,0.097172,0.161869,0.26957,-0.120741,0.066545,-0.175599,0.017828,0.070341,-0.291056,0.080009,0.208838,-0.054991,-0.015473,0.005248,-0.105012,-0.03722,0.137288,-0.042465,-0.014484,0.016077,-0.248966,-0.275819,0.115754,-0.049903,-0.025113,-0.009721,0.000812,0.000335,-0.05962,0.122868,0.150828,-0.12106,0.036646,-0.028688,-0.027258,-0.001906,-0.155675,0.301677,-0.031986,-0.028764,-0.069559,-0.071683,-0.145218,0.057137,-0.092111,0.044787,-0.207012,0.245357,0.07059,-0.231597,-0.094228,0.038466,-0.199122,0.210901,-0.17182,-0.027126,0.202139,-0.232428,0.006925,0.008969,-0.057124,-0.072111,-0.006441,0.06578,-0.187992,0.209408,0.137833,0.000659,0.035626,-0.327222,-0.114983,0.117454,-0.211793,-0.102306,0.2087,-0.233763,-0.006244,0.01136,-0.207573,0.102693,-0.154805,0.095153,0.001838,-0.173065,-0.389546,-0.295105,-0.0672,-0.164564,0.109822,-0.015216,0.143892,-0.248619,-0.060822,-0.025829,0.113288,-0.005896,-0.11499,0.122009,0.061329,-0.031677,-0.197504,-0.276424,-0.097595,-0.118727,0.135679,-0.091006,-0.050932,-0.058017,0.126906,-0.046808,-0.139069,0.130464,0.039897,-0.082718,-0.157433,-0.103063,0.150313,0.288099,0.030281,-0.000951,-0.01495,-0.157071,-0.231064,-0.096756,-0.08101,-0.197479,-0.128807,-0.050396,-0.296568,0.232944,0.121085,0.034246,-0.128948,-0.035824,-0.07329,0.090136,-0.104614,-0.052753,0.176129,0.103824,0.109301,0.14828,0.213121,0.118693,0.116304,-0.2768,0.079383,#
17,-0.048807,0.088392,0.194293,-0.030991,0.053083,-0.022961,-0.062483,-0.139867,0.219222,0.200522,-0.153625,-0.091796,0.158523,0.095742,-0.265369,-0.370687,-0.074206,1.0,0.149079,0.198793,0.155423,-0.06543,0.25368,0.09479,0.15707,-0.181268,0.209908,0.024374,-0.085366,0.001919,0.337117,-0.053121,0.11888,0.094478,-0.064862,0.005741,0.219012,-0.231459,-0.040866,-0.20286,0.042649,0.227961,0.040445,-0.087734,0.20171,-0.277871,0.129714,0.427225,-0.093695,-0.104516,0.048445,-0.086684,-0.062157,-0.018111,-0.17812,-0.165807,-0.050721,-0.030399,0.126925,-0.097356,-0.067688,-0.026693,-0.079217,-0.317127,-0.066809,0.07828,0.138975,-0.100147,0.154263,0.277618,-0.033598,-0.083046,-0.33298,0.157707,0.129099,-0.143914,0.098774,-0.271815,0.058848,0.170016,-0.113917,0.095419,-0.145359,0.085732,0.221475,0.096203,-0.129002,0.261067,-0.094936,0.103368,-0.120496,-0.06986,-0.394806,0.277596,0.175786,-0.052676,0.103258,0.118951,0.143576,0.080865,-0.179921,-0.178919,-0.044961,0.133676,0.058027,0.144756,0.084655,0.259981,0.078807,-0.044842,0.339745,0.145086,0.224227,-0.128428,0.15913,-0.067468,0.075848,-0.023233,0.477318,-0.167457,-0.074023,0.191486,-0.087312,-0.255379,-0.251341,0.322255,-0.008429,0.218878,-0.097705,0.102129,0.127681,0.32414,0.125627,0.149523,0.004358,0.045616,-0.032629,0.261197,0.233244,-0.091063,0.101296,0.082979,0.086386,-0.044719,0.141443,-0.110803,0.332844,0.255755,-0.139843,0.402645,-0.028725,0.069609,0.157595,-0.02779,0.204963,0.202423,0.160246,0.136531,0.018301,0.274705,0.25256,0.353795,-0.011038,0.559232,0.204391,-0.001626,0.059219,-0.079577,-0.269434,0.282385,-0.02513,0.091247,0.03768,-0.133616,-0.202091,0.282134,0.223618,0.207332,0.407111,-0.111919,0.185915,-0.103474,-0.597611,-0.212463,-0.090775,0.051095,0.038144,0.162017,-0.41486,0.117444,0.080992,-0.384383,-0.133482,-0.077906,-0.092995,0.041884,-0.072246,0.014884,0.183067,-0.330559,#
18,0.035565,-0.07624,-0.0192,-0.192964,-0.023194,0.0085,0.200069,0.162268,0.224788,-0.174138,0.180981,-0.181508,-0.006797,0.035448,0.031552,0.010893,0.043962,0.149079,1.0,-0.100224,-0.013191,0.30698,0.012781,-0.097554,-0.447287,-0.027547,-0.0789,0.40096,0.026909,-0.256235,0.130943,0.203189,0.064804,-0.140809,-0.011024,0.136317,0.183031,0.323716,0.078452,-0.085428,0.18553,-0.022206,-0.084328,-0.039563,-0.09599,-0.175063,0.144248,-0.035972,-0.172529,-0.027248,-0.178159,0.146776,0.110074,0.017654,-0.151465,-0.118561,-0.044739,0.030407,-0.035977,-0.129934,-0.006758,-0.12919,0.049857,-0.03353,0.175667,0.078862,0.294141,-0.101631,0.022022,-0.145326,-0.074963,-0.108434,-0.184586,0.065273,0.018176,-0.120818,0.185392,-0.474852,-0.097853,-0.004442,-0.094441,0.06757,-0.202912,-0.194637,-0.010457,0.031819,0.047388,0.01517,-0.031092,0.212652,0.179925,0.077307,-0.137102,0.09427,0.136824,0.021493,0.034828,0.094576,-0.050248,-0.204002,-0.020102,-0.065941,-0.113867,0.13909,-0.031741,0.044036,-0.100652,-0.045143,0.27627,0.031928,0.018018,-0.013637,0.153243,0.098339,0.044027,-0.198585,0.144198,0.20795,0.175067,-0.076593,-0.046352,-0.029063,0.099642,0.070278,-0.053487,0.067825,-0.017154,0.12755,0.098062,0.1257,0.272681,0.19499,0.043654,-0.149678,0.177604,-0.046689,0.132448,0.023729,-0.089994,-0.109047,0.095342,0.126069,-0.104679,0.063872,0.092191,0.004131,0.062957,0.058926,0.02933,0.11612,0.224687,0.029305,0.167345,-0.19286,0.027182,-0.124413,0.070246,0.035042,-0.067009,0.03107,-0.024438,0.005812,-0.130355,0.0108,0.447435,0.043822,0.135371,-0.03173,-0.261009,0.356044,-0.25357,0.296086,0.148483,0.02369,-0.038067,0.089149,0.017777,-0.019832,-0.039509,0.152709,0.080181,0.142238,-0.11138,0.074833,-0.0478,0.090566,0.279095,-0.039193,0.031345,-0.257211,0.089673,-0.027189,-0.005892,-0.020933,0.06237,0.208471,0.057938,0.022559,0.072941,-0.157016,#
19,-0.156233,-0.128167,0.134662,0.110954,-0.108841,-0.0969,-0.093844,0.033821,0.022022,0.05111,0.022508,-0.273383,-0.049328,-0.063491,-0.087059,-0.269597,-0.145869,0.198793,-0.100224,1.0,-0.047161,0.155787,0.008251,0.127845,0.010513,0.132839,0.130977,0.14269,-0.1262,0.051382,0.219481,0.010755,0.115351,0.138881,0.153015,-0.199557,0.050529,-0.074292,-0.00149,-0.013694,-0.131815,0.152359,-0.069599,0.007869,0.063084,-0.148312,-0.050874,-0.002468,-0.146259,-0.053692,0.044473,0.100415,-0.064046,-0.018563,-0.2392,0.080428,0.060486,-0.066592,-0.002761,-0.224453,0.020696,-0.062084,0.138286,-0.090862,0.004393,0.01009,0.28376,-0.063867,0.045588,0.259267,0.009835,0.13103,0.030028,0.307157,0.131991,-0.225317,0.148951,0.085256,0.155324,0.136644,0.191758,0.136411,0.143702,0.089436,0.167063,0.209493,-0.036913,0.08315,0.110161,-0.026516,-0.052223,0.094994,-0.056672,0.23938,0.10951,0.156663,0.131036,0.016205,0.148604,0.120192,-0.311864,-0.108821,-0.003869,0.287224,0.152979,0.203671,0.070928,0.265361,0.171445,0.142517,0.474862,-0.164282,0.141072,-0.031353,0.206988,0.22861,0.238317,0.027992,0.246652,-0.031901,0.079258,0.240566,0.129187,-0.060553,-0.281693,0.249078,0.133165,0.122439,0.120407,-0.007966,0.149891,0.169737,0.08205,0.080414,0.237342,0.020547,-0.164219,0.218604,-0.061626,0.23531,0.321223,-0.072018,0.122303,-0.020692,0.125864,0.217107,0.358226,0.058594,0.131336,0.360476,0.042298,0.106596,0.349059,0.311917,0.215831,0.349897,0.010461,-0.203635,0.276412,0.136808,0.005988,0.239045,0.115476,0.422941,0.160158,-0.081884,0.057321,0.062548,0.080938,0.084486,-0.174015,-0.093919,0.096044,0.228909,-0.080152,0.195617,0.341158,-0.069851,-0.020903,0.081496,-0.052315,-0.085177,-0.453702,0.031914,-0.182772,0.313336,-0.078974,0.09409,-0.284833,0.000717,0.047563,-0.279863,-0.285156,-0.209792,-0.077255,-0.112755,-0.248642,0.241878,0.12704,-0.09865,#
20,-0.267946,0.051472,-0.424064,-0.141016,0.161817,0.193213,0.133178,0.002074,-0.211469,0.09387,0.033968,-0.105116,0.023123,-0.019775,-0.126132,0.050127,-0.087185,0.155423,-0.013191,-0.047161,1.0,0.052467,0.148322,-0.10706,-0.02513,0.113911,-0.007373,0.031821,0.010984,0.394839,0.01934,-0.156556,0.240986,-0.098119,0.043545,0.133975,-0.080854,-0.154833,0.063593,0.029688,0.102804,-0.01742,0.183952,0.031878,-0.04188,0.052824,-0.339963,0.114747,0.220018,-0.373066,0.075842,-0.359197,0.032622,-0.083913,-0.09593,-0.087613,0.163506,-0.131412,0.219694,0.155997,-0.004726,-0.134771,-0.145132,-0.014818,-0.185024,0.175621,-0.136068,0.26685,0.146739,0.019283,-0.030782,-0.080047,0.072652,-0.041335,0.093326,0.063244,0.139651,0.026826,-0.243093,-0.020969,-0.16143,-0.055017,-0.210298,-0.170211,0.001013,-0.14953,-0.078698,0.101125,0.055754,0.278416,-0.362652,-0.14759,-0.212776,-0.177271,-0.063086,-0.11492,-0.164084,-0.120564,-0.144177,0.090675,-0.000448,0.070936,-0.154429,-0.219615,0.031151,-0.11362,-0.14754,-0.1828,0.009305,-0.245365,0.117606,0.068552,-0.232488,-0.314279,0.064319,0.005175,0.024294,0.021422,-0.097176,-0.10563,0.078911,-0.068906,0.036147,-0.102523,-0.189362,0.158863,-0.033504,0.112968,0.024851,-0.084333,-0.246742,-0.011819,-0.196714,0.043591,-0.171183,-0.042885,-0.261383,-0.106723,0.103517,-0.034284,-0.181087,0.029899,-0.118097,-0.129619,-0.129714,-0.111555,0.106335,0.177272,0.051401,-0.04948,-0.187313,-0.131713,-0.134295,-0.188623,-0.211688,-0.114292,-0.035362,0.094831,-0.179836,-0.031032,0.126328,-0.047017,-0.168572,0.105688,-0.249147,0.097676,-0.006716,-0.050974,-0.231885,0.293013,0.00116,-0.172086,-0.239171,-0.138395,0.128772,-0.146934,-0.022239,-0.079283,-0.001284,-0.051748,0.253994,-0.134506,-0.055547,0.240073,0.232444,-0.332391,-0.062777,-0.252809,0.137865,0.061185,-0.052515,0.249607,0.065074,-0.188552,-0.000622,0.217688,0.050143,-0.104807,-0.204968,0.069771,#
