0,1.0,0.165929,-0.014477,-0.17551,0.27812,0.033621,0.097183,-0.041945,0.285576,0.081212,-0.252371,0.102767,0.137985,0.188787,0.399242,-0.000208,0.09548,-0.053368,-0.048686,-0.126146,-0.247925,-0.072117,-0.193958,-0.094889,0.237315,-0.302568,0.0717,-0.191245,0.219599,0.101552,-0.346236,0.010194,-0.122096,-0.121056,-0.064821,0.074994,0.117192,-0.044561,-0.154903,0.138751,-0.067577,-0.115998,-0.308357,0.013461,0.310376,-0.043472,0.287057,0.002055,-0.020147,0.131664,-0.188597,-0.151098,0.195467,-0.02083,0.017159,0.000481,-0.108687,0.081697,-0.101274,0.204568,0.171727,0.306896,0.218103,-0.18211,-0.122547,0.027093,-0.046925,-0.008838,0.111998,-0.083228,0.116288,-0.18707,0.058898,-0.081702,-0.069867,0.110852,-0.180971,-0.367325,-0.088124,-0.00861,0.135686,-0.286029,-0.01112,-0.435355,-0.034891,0.009057,-0.188912,-0.121729,-0.070116,-0.388743,0.011275,-0.237787,0.105608,0.032418,-0.057489,-0.111453,-0.110475,-0.108842,0.022355,-0.163356,-0.068106,-0.205503,-0.17667,0.022879,0.019625,-0.14669,0.023717,-0.152671,0.058308,-0.514674,-0.002139,-0.097913,0.022604,-0.125265,-0.186711,-0.338263,-0.118244,-0.167398,0.16128,-0.398968,0.040821,-0.058224,-0.282153,-0.064451,0.051209,-0.087095,-0.080798,0.074573,-0.274462,-0.015446,0.060867,-0.261053,-0.185368,0.020159,-0.028696,-0.206926,0.000417,-0.175945,0.127496,-0.208487,-0.047759,-0.36358,0.024119,-0.31535,-0.289132,-0.105712,-0.060656,0.169076,-0.188236,-0.059216,-0.222676,-0.034255,0.344553,-0.182739,0.012319,0.122128,0.125659,0.208702,-0.148415,-0.051783,-0.236338,-0.048332,0.139677,-0.013024,-0.041248,0.208718,-0.068469,0.26018,-0.115482,-0.311628,0.046176,0.067583,0.024699,-0.167615,0.121136,-0.066716,0.089053,0.054187,0.229573,-0.408201,0.04557,0.03693,0.005551,0.154136,0.131276,-0.065614,0.351218,-0.056809,0.013813,0.183942,-0.338483,-0.000387,0.116371,0.303073,-0.033078,0.069355,-0.144467,-0.162137,0.109566,0.016426,#
1,0.165929,1.0,-0.20123,-0.075675,0.204123,0.211083,-0.069289,-0.276466,0.092953,0.087467,-0.075221,-0.069789,0.063825,0.121127,0.109311,-0.06533,-0.274106,0.117224,-0.098352,0.10994,0.191414,0.367444,0.246831,0.062609,0.023671,-0.296865,0.268455,0.056345,0.245123,0.387812,-0.35295,-0.199402,0.144694,-0.275118,-0.097902,0.083046,0.180067,-0.494235,0.091715,0.15522,0.208213,0.139671,0.117174,-0.039632,0.000666,0.087979,0.114355,0.297826,-0.062652,-0.035401,-0.15707,-0.291408,0.07641,-0.124699,0.027672,-0.082317,-0.081386,0.296533,0.08785,0.183104,0.155755,0.020917,0.185133,0.004276,-0.057479,0.250937,-0.045813,0.305244,0.395246,0.12563,-0.34287,-0.006879,0.21403,-0.081766,-0.139127,0.139451,-0.290972,-0.108692,-0.108653,-0.09463,-0.310279,-0.452133,-0.271281,-0.101349,-0.027664,-0.262561,0.073305,-0.391457,-0.078557,-0.118817,-0.263753,-0.148629,-0.169115,-0.074633,-0.304747,-0.109782,-0.259498,-0.27714,-0.236848,-0.253304,0.065681,-0.019574,-0.084134,-0.083346,0.029131,-0.169966,-0.332046,-0.248512,-0.02639,-0.078312,0.135562,-0.097952,-0.334483,-0.317585,-0.008617,-0.136834,-0.133468,0.068087,0.074319,-0.224693,-0.168398,-0.324953,-0.182189,-0.223526,-0.00224,-0.09161,0.101269,0.164127,-0.043261,-0.237626,-0.125719,-0.270467,-0.177482,-0.143954,-0.214564,-0.308908,-0.173131,-0.273013,0.338591,-0.477169,-0.259368,-0.139809,-0.067602,-0.370163,0.053948,-0.145542,-0.054112,0.138462,-0.092528,-0.063935,-0.322593,-0.306404,-0.158245,-0.194879,-0.082698,-0.010098,-0.189196,0.302947,0.019933,-0.333284,-0.053092,-0.041275,-0.223813,0.078917,-0.215999,0.331006,-0.064824,-0.220182,-0.03267,-0.206656,-0.102346,0.060437,-0.290068,-0.074477,0.140449,-0.227486,-0.145592,-0.123864,0.414023,-0.211307,0.31795,-0.032121,-0.18627,0.279776,0.352474,-0.22368,-0.00191,-0.065372,-0.039301,0.382615,-0.225506,0.302242,0.332321,0.330328,0.063659,-0.28471,0.081943,-0.167141,0.013268,0.196735,#
2,-0.014477,-0.20123,1.0,0.19085,-0.064063,0.029226,0.112393,0.096683,0.278394,0.030593,0.003045,0.176276,-0.253235,0.131403,-0.199273,-0.225516,-0.254712,0.194616,0.121695,0.17939,-0.318931,-0.103386,-0.11737,0.107897,0.12246,0.005952,0.009477,-0.06714,0.229005,-0.156843,0.142985,0.306911,-0.289565,0.13952,-0.163574,0.060799,-0.049394,-0.011162,0.077843,-0.357706,-0.264399,0.168008,-0.0081,-0.049324,-0.149514,-0.278333,0.137202,-0.012684,-0.216747,0.284276,0.005802,0.248837,-0.109787,0.13762,-0.214203,-0.181687,-0.069472,-0.089771,-0.432155,-0.223941,0.239406,0.11713,-0.058618,-0.138993,-0.069973,-0.077091,0.177804,-0.055158,-0.124491,0.156219,0.182883,0.136793,0.096497,0.161885,-0.020195,0.025431,-0.043704,-0.085027,-0.006028,-0.075721,0.051508,0.139758,-0.096024,0.389926,0.039739,0.148003,-0.117757,0.048925,0.066393,-0.102909,0.120431,0.104924,0.129216,0.2537,0.057177,0.113102,0.238023,-0.021299,0.175561,0.087064,-0.27032,-0.210715,-0.039608,0.221222,-0.009794,0.135385,0.255849,0.292371,-0.091019,0.111269,0.151141,-0.131549,0.067955,0.258697,0.048312,0.128936,-0.190455,-0.02621,0.086502,0.167741,-0.106777,0.331947,0.191326,-0.025309,-0.136417,0.316276,0.13267,-0.311898,-0.20341,0.034256,0.259099,0.26877,-0.10437,0.194741,0.040481,0.095005,0.114101,0.328849,0.011187,0.085406,0.376945,0.125445,-0.043122,-0.269447,0.146776,-0.019065,0.240977,-0.08183,-0.093372,0.099776,0.247024,0.216224,0.316248,0.330962,0.281824,-0.014607,0.056926,0.020053,0.33507,0.047629,0.053179,-0.132475,0.377508,0.156785,0.187249,-0.258783,0.049495,-0.133086,0.184437,0.003427,-0.041946,0.13983,0.114605,0.034731,-0.043017,0.181454,0.063334,0.32454,-0.048123,0.033076,-0.040341,0.111197,0.094187,-0.152417,-0.272566,0.335666,0.013345,0.122303,-0.195033,0.052678,0.099775,-0.324422,-0.251169,-0.012286,-0.331295,-0.14414,-0.057251,-0.133733,0.169424,-0.043744,#
3,-0.17551,-0.075675,0.19085,1.0,-0.079954,-0.217341,-0.00758,0.053962,-0.373852,0.092386,-0.093201,-0.025488,-0.086102,-0.202236,-0.062479,0.178969,-0.120733,-0.152845,-0.196311,0.131926,-0.116689,-0.028172,-0.237577,0.029511,-0.016881,0.099207,-0.181204,-0.070444,0.006826,-0.224237,0.086237,-0.106586,-0.001427,0.32448,0.02024,-0.1664,-0.109394,0.23568,-0.055521,0.058004,-0.069934,0.021684,-0.011527,-0.240833,0.102546,0.105544,-0.353056,-0.311964,0.08383,0.151509,0.042395,0.11889,0.150955,0.134577,-0.19011,-0.060822,-0.002268,0.045021,-0.094793,-0.198252,-0.109409,0.079791,0.206846,0.184005,-0.124828,-0.268601,-0.150748,-0.132196,-0.239596,0.004203,-0.094788,0.102796,0.194629,0.2296,-0.013044,0.015028,0.090435,0.408352,0.354492,-0.080294,0.152051,0.239867,-0.001381,0.06241,0.041723,0.087837,0.185212,0.0007,0.150353,0.004631,0.021518,0.115829,0.231683,0.020665,-0.016609,-0.052961,-0.005964,0.147642,0.037535,0.226301,-0.092434,0.090102,0.376009,0.261084,0.141489,0.081321,0.067472,0.12646,-0.230151,-0.059739,-0.136539,-0.142651,-0.002146,0.204637,-0.020718,0.439785,0.319982,0.046001,-0.244826,0.274156,0.23289,0.021571,0.078995,0.317296,0.037973,0.165737,-0.011906,-0.158599,0.147353,0.299895,-0.217672,0.028921,0.197451,0.299092,0.17836,0.400778,0.256514,0.104361,-0.274295,0.235195,0.118477,0.229646,0.169163,0.014614,0.289607,0.31075,-0.089298,-0.238278,0.14341,-0.153238,-0.077407,0.037125,0.050423,0.272135,0.165133,0.247329,-0.309308,-0.14538,0.312161,0.105109,0.257871,0.140629,0.156348,-0.085825,-0.060823,-0.183811,0.005563,-0.192786,0.404325,0.14089,-0.029265,-0.251276,0.084133,0.170031,-0.288561,0.173269,0.045415,-0.178173,-0.454282,-0.005128,-0.120359,-0.307028,0.29155,0.000871,-0.306865,0.00688,-0.256586,-0.084441,0.186686,-0.331653,0.083417,-0.064702,-0.361256,-0.135981,0.022892,0.053045,-0.071979,0.181737,-0.040183,0.143966,#
4,0.27812,0.204123,-0.064063,-0.079954,1.0,-0.020521,0.182792,0.075509,0.170802,0.071805,-0.217606,0.145765,0.177521,0.063108,0.14097,-0.033067,0.18555,0.062802,-0.067097,0.161623,0.217368,-0.134649,0.332472,-0.068186,-0.116013,-0.228076,0.137259,-0.066667,0.193601,0.173331,-0.207224,-0.027976,-0.084512,-0.139228,-0.026373,0.117729,0.175914,-0.427388,-0.262513,-0.053378,-0.00348,0.173173,-0.098937,-0.163835,0.276436,0.033763,0.198781,0.27875,0.263106,-0.051586,-0.074135,-0.481502,0.140284,-0.397023,-0.023875,-0.104311,-0.064226,-0.088851,0.251773,0.090889,-0.043876,0.251648,-0.069899,-0.072066,-0.113775,0.23582,0.071258,0.016913,0.218451,0.022277,0.116595,-0.338878,0.011252,-0.343527,-0.196059,0.209662,-0.327938,-0.224465,-0.30095,-0.163736,-0.173885,-0.368618,-0.290881,0.068085,-0.250763,-0.013906,-0.410236,-0.175102,0.108813,-0.249703,-0.327217,-0.298126,0.000966,-0.377158,-0.294272,-0.370501,-0.491564,-0.368458,-0.305983,-0.176754,-0.160425,-0.315226,-0.249463,-0.031793,-0.199213,-0.235822,-0.030084,-0.299194,-0.013286,-0.299978,0.200329,0.121373,-0.085145,-0.368036,-0.284624,0.081855,-0.109794,-0.341496,0.193146,-0.267756,-0.080936,-0.156303,-0.39603,-0.521496,-0.007193,0.122124,-0.171926,0.243944,-0.066391,-0.415713,-0.025748,-0.011906,-0.138827,0.140007,-0.369857,-0.264771,-0.154155,-0.293201,0.090519,-0.28361,-0.181621,-0.284565,-0.155731,-0.121867,-0.377682,-0.017834,0.073482,0.225443,-0.326024,-0.172922,-0.417153,-0.065841,0.064811,-0.307619,-0.029491,-0.174102,0.051543,0.456778,-0.341082,-0.143744,-0.006112,-0.060341,-0.097729,0.047462,-0.159821,0.208614,-0.033383,0.067281,-0.266536,-0.075026,-0.020686,0.327623,-0.420885,-0.169943,0.034919,-0.104946,-0.146947,0.253354,0.283308,-0.426616,0.205268,-0.075373,0.090255,-0.012369,0.251839,-0.141074,0.066665,0.009157,-0.145979,0.052533,-0.260359,0.243886,0.300485,0.198456,-0.193995,0.102851,0.386804,-0.170177,-0.06399,0.102076,#
5,0.033621,0.211083,0.029226,-0.217341,-0.020521,1.0,0.220796,0.146431,0.287552,0.004265,0.058957,0.2351,-0.122934,0.223882,-0.112973,-0.089112,-0.010457,0.043699,-0.024206,-0.132415,0.104886,0.161958,0.258444,-0.3356,0.247486,-0.261395,0.196276,-0.083394,-0.01705,0.278627,-0.252668,0.019922,-0.109978,-0.15261,-0.284629,0.213557,0.007721,-0.15079,0.151464,-0.085185,0.222104,0.051803,0.201444,-0.12211,-0.110016,0.137274,0.19611,0.168692,0.078879,0.041026,-0.027295,-0.080592,0.132977,-0.18097,0.194922,0.202117,-0.260874,0.24806,-0.172647,0.240591,0.114683,-0.054735,-0.011802,0.057757,-0.107141,0.043583,-0.027202,0.361956,0.164428,-0.010398,-0.071602,-0.242556,0.055074,-0.25021,-0.192772,0.241896,-0.143033,-0.119523,-0.047907,-0.172949,-0.253797,-0.343655,0.150544,-0.008811,-0.131223,0.145154,-0.093183,-0.060428,-0.128458,-0.136141,0.077204,-0.14109,-0.018308,-0.124573,-0.174798,-0.178575,0.041913,-0.100618,0.059689,-0.342895,0.147613,-0.036449,0.155796,-0.270342,-0.137558,-0.285807,0.127473,-0.368285,0.043914,-0.048783,-0.077031,0.139043,-0.111514,-0.212782,0.098323,-0.338392,-0.18691,-0.197279,0.199519,-0.015318,0.010926,-0.154281,-0.135218,-0.261278,0.012114,-0.08426,0.159884,0.217559,-0.231032,-0.140436,-0.129169,-0.013211,0.002778,-0.219487,-0.030312,0.008099,0.060411,-0.135715,0.075737,-0.379737,-0.229276,-0.158646,-0.233807,-0.107004,-0.008082,-0.287577,0.022416,0.228116,-0.137414,-0.102983,-0.043613,-0.063433,0.090086,-0.083116,-0.140196,-0.102887,0.219181,0.08491,-0.118028,0.039507,-0.118719,0.145733,-0.017343,0.087029,0.107214,0.208693,-0.170891,-0.138242,-0.12101,-0.174902,0.216946,0.101255,0.052791,-0.09003,0.25084,-0.217815,-0.134928,0.250174,0.208619,-0.245437,0.125215,-0.048971,-0.065403,0.302671,0.216618,-0.165407,0.149769,9.4e-05,-0.23449,0.354034,-0.140491,0.160026,0.247489,0.265443,0.164004,0.21891,0.151905,-0.239496,-0.204773,0.085667,#
6,0.097183,-0.069289,0.112393,-0.00758,0.182792,0.220796,1.0,0.24331,0.127808,0.110557,0.190969,0.071494,0.148869,0.069159,0.10507,0.173365,0.059335,0.025483,0.229398,-0.109979,0.187539,0.034722,0.100094,-0.173193,0.043795,-0.165626,0.082532,-0.078886,0.196331,0.063796,-0.269171,0.166408,0.03715,-0.264715,0.008076,0.001455,0.106003,-0.069249,-0.102856,-0.069351,-0.150714,0.080482,0.023526,-0.135744,0.074324,-0.09157,0.062939,0.037766,0.049986,0.169898,0.087021,-0.153264,0.009668,-0.015619,-0.146746,-0.041965,0.065386,-0.132294,-0.184392,0.172453,-0.055021,0.12059,-0.21932,0.05225,-0.206716,-0.097708,0.119813,0.056891,0.111444,0.043954,0.157751,-0.308869,0.046403,0.036301,-0.137874,0.223957,-0.071487,-0.394809,-0.410204,-0.21343,-0.130061,-0.230508,0.024125,-0.111196,-0.223317,0.135733,-0.209371,-0.098574,-0.165043,-0.164475,-0.031007,-0.171397,0.059721,-0.136125,-0.071112,-0.033596,-0.239975,-0.230203,-0.306569,-0.121142,0.037219,-0.330346,-0.147737,-0.097312,-0.013397,-0.206865,0.142567,-0.153174,-0.168598,-0.130669,-0.083999,0.1367,-0.114461,-0.076188,-0.176351,-0.186975,-0.226636,-0.217812,0.020945,-0.037982,-0.11462,-0.080046,-0.18465,-0.310027,-0.296486,0.138535,-0.202208,0.197793,-0.218246,-0.253531,-0.050805,-0.112535,-0.045342,0.071939,-0.07503,-0.021493,0.053917,-0.339186,-0.084717,-0.18428,-0.044143,-0.113477,-0.094271,-0.157755,-0.25551,-0.23319,-0.067727,0.334198,-0.179562,0.071867,-0.071597,-0.099261,0.074989,-0.081685,0.078122,-0.124711,0.047139,0.325404,-0.23739,-0.168721,-0.07176,-0.178728,-0.045322,0.070549,-0.006246,0.152032,-0.203829,-0.005862,-0.034589,-0.104475,0.153424,0.12924,-0.148792,-0.207756,0.121667,-0.015823,-0.165676,0.380012,0.142142,-0.36079,0.077898,-0.036307,0.331214,0.352653,0.022622,0.016374,0.138226,-0.13833,-0.023915,-0.009238,-0.180568,0.200029,0.267897,0.310096,0.179657,0.345508,0.093877,-0.209133,-0.027163,-0.003276,#
7,-0.041945,-0.276466,0.096683,0.053962,0.075509,0.146431,0.24331,1.0,-0.121219,-0.17228,-0.10171,-0.228354,0.000407,0.136979,0.164988,-0.108397,-0.144715,-0.209032,-0.005444,-0.187649,-0.12162,0.148017,-0.056419,-0.159705,0.044659,0.102707,0.009821,-0.079833,-0.032606,-0.133703,0.086477,0.121429,0.145701,-0.143599,0.051546,0.196234,0.082044,0.241433,-0.162613,-0.371059,0.157882,0.269994,0.212688,0.047021,-0.08408,0.090177,0.105627,-0.035257,0.052147,-0.141958,-0.245893,0.006649,-0.010376,-0.296691,-0.020302,-0.007649,-0.057455,0.014062,-0.093696,-0.053948,-0.114575,0.039039,-0.383107,0.143596,0.15904,0.205746,0.090101,0.095781,-0.082414,-0.145699,-0.138011,-0.351763,0.063232,-0.177455,-0.050694,-0.203367,0.163994,-0.099705,-0.201951,-0.103605,0.0293,-0.193101,0.10034,-0.236817,-0.047198,0.17469,-0.045941,0.023297,-0.047705,-0.003239,0.078487,-0.123773,0.06659,-0.263824,0.066296,0.140608,-0.170069,0.104042,0.008275,-0.124701,0.043901,-0.276356,0.180372,-0.226474,-0.040669,-0.129395,0.197593,-0.218904,0.012286,-0.111091,-0.058365,0.372754,0.160037,0.086311,-0.017014,0.120334,-0.217788,-0.080733,-0.158989,0.178784,0.050093,-0.003196,-0.100257,-0.051513,0.00477,-0.017877,-0.176424,0.050869,0.121805,0.082388,0.131442,-0.013637,-0.045524,-0.104214,0.073344,0.152504,0.161884,0.032209,-0.079524,-0.06242,0.050113,-0.206089,-0.127688,0.183242,-0.016315,-0.145558,-0.217296,-0.047134,-0.039876,-0.084182,0.052117,0.221657,0.160553,0.182112,0.085127,-0.188471,0.214306,-0.038367,-0.260552,8.5e-05,0.039609,-0.118847,0.023446,-0.018285,-0.023299,0.104993,-0.129805,-0.048385,-0.112603,0.005719,-0.129974,0.249296,0.027612,0.115288,-0.0136,0.082359,-0.003737,0.082042,-0.248647,-0.121091,-0.129187,0.008424,0.014185,0.078246,-0.128358,-0.154005,-0.024949,0.117721,0.050163,-0.160438,-0.093559,0.082397,-0.013444,0.034576,0.028255,0.172287,0.081286,-0.049753,-0.039672,-0.136417,#
8,0.285576,0.092953,0.278394,-0.373852,0.170802,0.287552,0.127808,-0.121219,1.0,0.041725,0.042447,0.237175,0.062514,0.371704,-0.11654,-0.113602,0.063475,0.34681,0.355297,0.219774,-0.21206,-0.15999,0.220877,-0.197957,-0.000596,-0.211515,0.140782,0.187549,0.16945,0.165018,-0.206058,0.156822,-0.132594,-0.173511,-0.184921,0.100076,0.301527,-0.293482,0.000208,-0.133249,-0.121694,0.124989,-0.140152,0.06772,0.181062,-0.174562,0.447955,0.214152,-0.049014,0.271493,0.026529,-0.016077,0.038909,0.089742,-0.233537,0.300127,-0.103712,0.089488,-0.061418,0.253421,-0.102002,0.072461,-0.048428,-0.118642,-0.098669,0.186983,0.335752,0.166082,0.223623,0.190178,0.267877,-0.009717,-0.142032,-0.038975,-0.188136,0.15689,-0.021497,-0.392638,-0.109726,0.080375,-0.036752,-0.249151,-0.038021,0.224789,0.10286,0.101718,-0.202908,-0.131809,-0.042511,-0.186301,0.056436,-0.001578,-0.142993,0.230754,-0.184791,-0.039266,0.129204,-0.219498,-0.003052,-0.227318,-0.212893,-0.161707,-0.201757,0.068673,-0.096675,-0.013421,0.09356,0.024171,0.110941,-0.067788,0.164868,-0.121419,0.194567,0.072083,-0.042008,-0.431742,-0.060047,-0.100846,0.398229,-0.252085,0.009957,0.003517,-0.1233,-0.504372,-0.117058,0.059808,-0.071194,0.113441,-0.391129,-0.138856,0.183942,0.227406,-0.182692,-0.030142,-0.143496,-0.23822,0.107171,0.153726,0.279896,-0.134868,0.218081,-0.078082,-0.181631,-0.221894,-0.114216,-0.339746,0.297853,0.318799,-0.07516,0.138559,0.108924,-0.13037,0.218929,-0.091229,0.01219,-0.101637,0.144934,0.273391,-0.067645,0.096717,-0.180184,-0.1138,0.043993,0.38213,0.262021,-0.107084,-0.178508,-0.044013,-0.14595,-0.047913,-0.01776,0.149142,0.168285,-0.126739,0.049372,-0.151314,-0.008716,0.191234,0.209115,-0.250631,0.217876,0.055946,-0.205369,-0.027802,0.020335,0.306315,0.266216,0.058521,-0.512789,0.230346,-0.038609,-0.149568,0.053306,0.148069,-0.122104,0.056863,-0.022124,-0.21815,0.0943,0.106772,#
9,0.081212,0.087467,0.030593,0.092386,0.071805,0.004265,0.110557,-0.17228,0.041725,1.0,-0.173199,0.250201,0.286412,0.377583,-0.212155,0.170302,-0.239281,0.177374,-0.156666,0.034242,0.013389,-0.099849,0.117049,-0.117659,0.187573,-0.131956,0.137695,-0.489589,-0.0967,0.040895,0.019818,-0.08375,-0.094572,0.252613,-0.004505,0.174805,-0.054337,-0.323878,-0.089273,0.036401,-0.069862,0.182545,0.208976,-0.04051,0.128442,-0.102246,-0.031988,0.088893,-0.149433,0.092164,0.10669,-0.221045,0.020634,-0.038663,-0.209241,-0.033749,-0.07716,0.051417,0.068292,0.06282,0.04064,0.180261,0.079025,0.031109,-0.274805,0.047993,0.146199,0.083442,-0.010687,0.02588,0.073,-0.321299,-0.072211,-0.00893,0.069187,-0.067579,0.006187,-0.031594,0.04996,0.078558,-0.095072,-0.01191,0.058966,-0.095239,0.178631,-0.211023,0.01712,-0.082237,-0.090051,0.173103,-0.313868,-0.06981,0.14018,0.043769,-0.141986,0.138792,-0.131664,0.073457,-0.228157,0.195458,-0.173113,0.084536,0.121756,0.275223,-0.000181,0.067067,0.001992,0.000184,-0.063521,-0.059948,-0.094977,0.151338,-0.015721,0.116622,0.001612,-0.022554,-0.166376,-0.148697,0.277013,-0.110417,0.057408,0.262541,-0.093862,-0.18109,-0.221975,0.237281,-0.192404,-0.098122,0.072485,0.196864,-0.158559,0.304006,-0.046701,0.427793,-0.038672,0.054477,-0.091826,-0.121384,0.203919,-0.095198,0.145563,-0.111531,0.086688,-0.025184,0.100232,0.121745,0.075689,0.085951,-0.259559,0.247364,-0.335946,-0.069837,-0.181283,0.095353,0.306044,0.164768,0.052037,0.299624,0.060095,-0.006261,0.117266,0.159787,-0.114806,0.317496,-0.038999,-0.03888,0.090705,0.170016,0.021876,0.132452,0.111608,-0.091642,0.101893,-0.123122,0.039379,0.077433,-0.182731,-0.002548,0.032522,-0.174984,0.029236,-0.056652,-0.099045,-0.022739,-0.151155,-0.078555,0.106501,-0.009258,-0.155801,0.156037,-0.07879,-0.187582,-0.031337,0.055688,0.036524,-0.115735,-0.028813,-0.018734,0.182605,-0.017429,#
10,-0.252371,-0.075221,0.003045,-0.093201,-0.217606,0.058957,0.190969,-0.10171,0.042447,-0.173199,1.0,0.16986,-0.234301,-0.243075,-0.050393,0.121189,0.414857,-0.225234,0.183227,-0.104843,0.056567,0.13487,-0.039398,0.178657,-0.148307,0.173949,-0.214968,0.224928,0.123686,-0.025081,-0.11112,0.099498,-0.360938,-0.187983,0.374325,-0.082118,0.103518,0.021153,0.144401,0.292168,-0.307061,-0.081378,-0.025521,-0.205911,-0.156085,0.236591,-0.236353,-0.378422,0.066404,-0.008469,0.143276,0.02729,-0.066807,0.206755,0.012846,0.043302,-0.13969,-0.123362,-0.077985,-0.044783,-0.010133,-0.149991,0.099942,0.178842,0.251956,-0.194038,-0.029872,-0.091757,-0.078626,-0.152315,-0.041965,0.264829,0.162271,-0.024321,-0.043758,0.250692,-0.153505,0.030746,-0.074878,-0.14827,-0.027277,0.016275,-0.189221,0.211679,-0.205456,-0.027489,-0.0297,0.081557,-0.299338,-0.075391,0.140292,-0.158274,-0.088078,0.024158,-0.054795,-0.018112,-0.153301,-0.054772,-0.207897,-0.046782,0.146566,0.019989,-0.371155,-0.105482,0.149249,-0.092702,-0.070399,0.188282,-0.334035,0.497899,-0.25158,-0.160257,-0.26574,0.095402,-0.003998,-0.005151,-0.114346,0.005331,-0.163699,0.309758,-0.300626,-0.060874,-0.175412,0.03494,0.014843,-0.166697,-0.01515,-0.120859,0.012373,-0.059224,0.199456,-0.118898,0.051205,-0.144556,0.182132,0.15251,0.06083,-0.15416,-0.259912,0.000142,-0.046795,0.245891,0.009619,0.068596,-0.027424,0.03282,0.082377,-0.138795,0.106996,-0.200328,0.205746,0.003384,-0.263181,-0.089885,-0.176711,-0.31916,-0.144496,-0.068804,0.013691,0.027032,0.079735,-0.029969,-0.180738,-0.174977,-0.079145,-0.064763,-0.281948,-0.018745,0.046457,-0.009373,0.189193,-0.247,-0.150632,-0.100987,0.076383,-0.327733,-0.375978,0.236669,-0.060284,0.193618,0.023364,0.038173,0.200838,0.188152,0.097764,0.122541,-0.230505,-0.107869,0.397089,-0.059532,-0.088573,0.312185,0.024875,0.001196,0.20982,0.153705,0.215457,-0.264923,-0.259925,0.053573,#
11,0.102767,-0.069789,0.176276,-0.025488,0.145765,0.2351,0.071494,-0.228354,0.237175,0.250201,0.16986,1.0,-0.027648,0.154273,-0.103175,0.097719,0.18623,-0.041975,-0.049312,-0.185576,-0.099994,-0.10259,-0.026649,0.009381,0.195487,-0.166935,-0.09629,-0.200944,0.26334,0.185905,-0.229759,0.1661,-0.507706,-0.03557,-0.160773,0.299179,-0.107928,-0.150093,0.1676,0.232818,-0.0383,0.018289,-0.174715,-0.049223,0.091066,0.08602,-0.02684,-0.085934,0.159571,0.14195,0.227896,-0.108311,-0.134805,-0.031438,0.069115,0.006506,-0.315066,-0.114604,-0.096679,-0.068917,-0.174582,0.155613,0.225395,-0.133045,-0.041325,-0.198617,0.027503,-0.047035,0.143679,-0.045515,0.236921,-0.163813,-0.053014,-0.046484,-0.145478,0.278488,-0.330973,-0.092531,-0.0253,-0.277726,-0.071606,-0.079916,0.061143,0.161295,0.021164,0.017188,-0.213517,-0.220641,-0.163491,-0.212699,-0.038736,-0.047669,0.032269,-0.064486,-0.143492,-0.095782,-0.125134,-0.211236,-0.016004,-0.145399,-0.142293,0.032915,-0.055243,0.026021,-0.104848,-0.087982,0.017815,-0.12125,-0.139501,-0.131827,-0.280671,0.104692,-0.246252,-0.089351,-0.175736,-0.061175,-0.008914,-0.153237,0.085634,-0.032303,-0.053019,0.018267,-0.210749,-0.135563,0.165997,0.075182,-0.146773,-0.193734,-0.300462,-0.198143,-0.03275,-0.033446,-0.014757,0.196781,-0.171315,0.01519,-0.026395,-0.030052,0.157304,-0.182233,0.095725,0.108405,-0.056078,-0.179745,-0.179091,-0.211203,0.221839,0.084818,-0.156781,-0.17141,-0.13129,-0.074525,0.086081,-0.151159,-0.173421,-0.145959,0.238413,-0.058926,0.037831,0.1424,0.11226,0.051125,0.011659,-0.008885,-0.081774,-0.131034,0.023358,-0.074752,0.182907,0.026782,0.144884,-0.157888,-0.021483,-0.377023,0.176213,-0.168515,-0.269923,0.060356,0.200546,-0.133919,0.030102,0.04092,0.138651,0.084612,0.143719,-0.052293,0.151886,-0.092992,-0.141084,0.141276,-0.170401,0.155789,0.048706,0.021132,0.062682,0.080423,0.134637,-0.235452,0.032986,0.18894,#
12,0.137985,0.063825,-0.253235,-0.086102,0.177521,-0.122934,0.148869,0.000407,0.062514,0.286412,-0.234301,-0.027648,1.0,0.247757,0.256862,0.280962,-0.180915,0.093763,0.049372,-0.064436,0.218348,0.099314,0.108064,-0.146323,-0.177072,-0.033438,0.226501,-0.02227,-0.007019,-0.00567,-0.120102,0.226183,0.133643,-0.027905,-0.129974,-0.124485,0.196606,-0.167085,-0.219536,0.061496,-0.115301,0.261945,0.059082,0.340471,0.320493,-0.156828,0.083768,0.145095,-0.081829,-0.094168,0.02724,-0.122303,0.12223,-0.184245,-0.186053,-0.130425,-0.206845,0.276798,0.098862,0.082694,-0.308777,0.004478,-0.316645,0.046987,0.062608,0.302479,0.059646,0.136791,0.282271,-0.186693,-0.029969,-0.224495,-0.129659,0.041492,0.043956,0.087728,-0.100515,-0.206388,-0.214658,-0.103021,-0.10048,-0.357451,0.083654,-0.144235,-0.009887,-0.296356,0.043427,-0.085716,-0.323759,-0.055764,-0.124394,-0.394542,-0.03749,-0.084946,-0.050078,0.145586,-0.154926,-0.157026,-0.214996,-0.184054,0.063308,-0.208495,-0.060209,-0.173165,0.048688,-0.067614,-0.187411,-0.170546,-0.144539,-0.265987,0.15453,-0.116278,-0.099747,-0.080058,-0.141369,-0.137319,-0.030091,-0.072397,-0.117482,-0.352366,-0.045243,-0.110134,-0.235954,-0.310843,-0.309342,0.176913,-0.290602,0.06763,-0.14484,-0.203269,-0.254045,-0.006221,-0.033332,-0.011006,-0.230344,-0.108151,-0.037612,-0.059491,0.098184,-0.078731,-0.13801,-0.077675,-0.245071,-0.096297,-0.271725,0.047483,-0.068466,0.291728,-0.453889,0.049343,-0.017749,-0.143593,-0.105731,-0.175141,-0.340042,-0.093762,0.194954,0.209957,-0.328401,-0.142992,-0.154048,-0.076611,-0.098517,0.101285,-0.03067,0.181497,-0.155168,0.029998,-0.132827,-0.004088,0.019755,0.12328,-0.083162,-0.144306,0.176163,-0.016703,-0.120104,-0.017581,0.184933,-0.210546,0.204907,0.084941,-0.048846,0.163056,0.151538,-0.073046,0.085041,0.047179,-0.067526,0.207895,-0.149079,0.080219,0.216038,0.248576,0.047729,0.102454,-0.020283,0.039109,0.114914,0.113948,#
13,0.188787,0.121127,0.131403,-0.202236,0.063108,0.223882,0.069159,0.136979,0.371704,0.377583,-0.243075,0.154273,0.247757,1.0,0.084903,-0.059018,-0.18653,0.25187,-0.107005,0.111999,-0.208374,-0.126289,0.048651,-0.312659,0.139749,-0.057022,0.282266,-0.383207,-0.026293,0.083895,-0.087673,0.113831,-0.108881,-0.061543,-0.232667,0.289357,0.193219,-0.199224,-0.095319,-0.378471,-0.028356,0.32115,-0.013892,0.084232,0.223016,-0.337493,0.409286,0.151022,-0.10034,0.078006,-0.030132,-0.104666,-0.014717,-0.075358,-0.422811,0.01789,0.146556,0.097552,0.168838,0.2969,-0.097015,0.217764,-0.180392,-0.215173,-0.053398,0.23338,0.263272,0.469987,0.174334,-0.002079,0.011262,-0.252877,-0.095554,0.011567,0.002572,0.141904,-0.168025,-0.200856,-0.27442,0.13359,0.075606,-0.259045,0.141562,-0.061016,0.126414,0.070328,-0.09137,-0.332793,-0.278047,-0.149889,-0.246275,-0.056251,0.000178,0.166942,-0.258591,0.060723,-0.030066,-0.029676,0.039026,-0.122005,-0.182945,-0.145796,-0.02028,-0.061284,-0.076066,-0.25682,0.027121,-0.263559,0.041767,-0.276432,0.20447,0.138959,-0.068521,0.219868,0.083301,-0.223699,-0.34059,-0.148192,0.308572,-0.39852,-0.100597,0.041454,-0.049384,-0.260879,-8.3e-05,0.00156,-0.254116,0.013273,-0.147679,-0.156475,-0.003794,0.334229,-0.399561,0.011923,-0.031471,-0.182797,0.073099,0.212957,0.255093,-0.128343,0.094371,-0.351998,-0.249196,-0.068943,-0.05611,-0.278507,0.027848,0.341335,-0.214313,0.36959,-0.164768,0.074991,0.009382,0.056786,0.120503,-0.122786,0.43469,0.412323,-0.095902,0.124546,-0.211031,-0.021144,0.067262,0.573298,0.116213,0.246034,-0.071597,0.088201,-0.106282,-0.088592,0.085594,0.112652,-0.069195,0.012126,-0.020068,0.047562,-0.008647,-0.027398,0.241481,-0.208056,0.258842,0.172998,-0.312603,-0.1733,0.160181,-0.098726,0.124529,0.19655,-0.459469,0.24538,-0.046349,-0.20517,0.275097,0.227124,0.034372,-0.232873,-0.253134,-0.190183,0.234947,0.123822,#
14,0.399242,0.109311,-0.199273,-0.062479,0.14097,-0.112973,0.10507,0.164988,-0.11654,-0.212155,-0.050393,-0.103175,0.256862,0.084903,1.0,0.218739,0.113564,-0.36708,-0.038473,-0.190174,-0.205121,0.046542,-0.019492,-0.246681,-0.217708,-0.046583,-0.031959,-0.104431,0.109681,0.026107,-0.398527,0.265109,-0.061206,-0.118469,0.073229,-0.103231,0.049277,0.184263,-0.111135,-0.000966,-0.061237,-0.147912,-0.297685,0.05403,0.308223,0.004193,0.39843,-0.262589,0.057148,0.058243,-0.302422,0.152133,-0.033852,-0.20106,-0.055265,0.149517,-0.092913,-0.009755,-0.102553,0.054853,-0.028161,0.203333,0.059484,-0.007662,0.193352,0.126187,-0.173298,-0.074014,0.096525,-0.375002,0.110576,-0.014541,-0.195827,-0.006616,0.064647,0.102348,-0.241581,-0.05385,-0.301426,0.063822,0.053511,-0.286988,-0.086586,-0.178016,-0.257321,-0.014823,-0.135255,-0.214224,-0.143584,-0.290635,-0.008474,-0.260575,0.028429,-0.010838,-0.054914,-0.052708,-0.162691,-0.204637,-0.226045,-0.17097,0.01117,-0.297375,-0.031128,-0.151961,-0.183574,-0.211612,-0.202169,-0.163953,0.118139,-0.270315,-0.012403,-0.083972,-0.275678,0.017205,-0.420153,-0.093561,-0.061471,0.139341,-0.120435,-0.299268,-0.31192,-0.23745,-0.200094,0.136119,0.162969,-0.051605,-0.199638,0.071951,-0.054926,-0.293753,-0.016344,-0.384362,-0.310834,-0.303792,-0.147089,-0.140024,0.06192,-0.219334,-0.128924,-0.146364,-0.237414,-0.365293,-0.048566,-0.13058,-0.349911,0.008675,-0.025814,0.02658,-0.097735,-0.216053,0.01954,-0.057146,-0.016896,-0.146739,-0.212975,-0.173107,0.186546,0.04944,-0.362137,-0.053223,-0.550495,-0.173257,-0.045397,-0.326809,-0.028757,0.238919,-0.11628,0.100652,-0.075865,-0.348242,0.036998,0.157987,-0.224587,-0.067396,0.198886,0.087496,0.109854,-0.070003,0.143381,-0.07944,-0.030037,0.275941,0.14027,0.119292,0.29919,-0.115441,0.242043,0.150709,0.250735,-0.089269,-0.301547,0.228166,0.29048,0.382141,0.135111,-0.005058,0.041544,-0.026747,-0.06994,0.318847,#
15,-0.000208,-0.06533,-0.225516,0.178969,-0.033067,-0.089112,0.173365,-0.108397,-0.113602,0.170302,0.121189,0.097719,0.280962,-0.059018,0.218739,1.0,0.176808,-0.305298,-0.073538,-0.340556,-0.061767,-0.08744,-0.062555,-0.338653,-0.11246,-0.134503,-0.219226,-0.098199,-0.030265,-0.008111,-0.281129,0.071428,-0.079538,-0.084011,-0.023921,-0.172538,-0.022851,-0.02497,0.161507,0.378084,-0.31561,-0.177206,0.053843,-0.012748,0.124348,0.21983,0.051377,-0.379523,0.124445,0.085913,0.229514,-0.114938,0.199266,-0.071929,-0.044306,0.260186,0.021824,-0.045239,0.011138,0.151234,-0.146336,0.149094,0.081698,0.151423,-0.229198,-0.175743,-0.276769,0.161569,-0.132932,-0.423956,0.292736,-0.057899,-0.202846,-0.055654,0.051549,0.066296,-0.138841,0.072317,-0.165121,-0.119969,0.113991,-0.072233,0.168549,-0.08735,0.037965,-0.048927,0.058607,0.199532,-0.132188,-0.027964,0.174847,-0.123117,0.243827,-0.118944,-0.133871,-0.115479,-0.2045,0.063342,-0.127945,-0.023849,0.010653,0.117064,-0.024666,0.080387,-0.028968,-0.159712,-0.230375,0.192306,-0.108464,-0.013767,-0.422787,-0.207478,-0.195907,0.017011,-0.179116,-0.138211,0.099449,-0.068424,-0.286476,0.081207,-0.06143,-0.113541,-0.026733,0.13408,0.034117,0.065328,-0.114287,-0.044905,-0.163551,-0.077795,-0.165853,-0.228236,-0.006392,0.049743,-0.109068,0.003621,0.163788,-0.204499,-0.117206,-0.003484,-0.17498,-0.000983,0.143737,0.040586,-0.314673,0.072644,-0.149674,-0.148567,-0.221875,-0.174356,0.017549,-0.101886,-0.234575,-0.122494,-0.326504,0.078251,-0.010502,-0.129283,-0.295508,0.054745,-0.26469,-0.26901,-0.155762,-0.269413,-0.160422,-0.163676,-0.340602,0.045969,0.015755,-0.175205,0.021452,-0.254917,0.091663,-0.065048,0.187805,-0.067037,-0.234655,0.030915,-0.178787,-0.065808,-0.147271,-0.219339,0.546653,0.223606,0.015123,-0.127717,0.082469,-0.263911,0.36405,-0.191837,-0.246723,0.333855,0.324836,0.061412,0.252052,0.081602,0.028394,-0.183373,-0.246139,0.065787,#
16,0.09548,-0.274106,-0.254712,-0.120733,0.18555,-0.010457,0.059335,-0.144715,0.063475,-0.239281,0.414857,0.18623,-0.180915,-0.18653,0.113564,0.176808,1.0,-0.155285,0.005174,-0.05063,0.035398,-0.106924,-0.041287,-0.142229,-0.059502,0.166012,-0.410626,0.064313,0.023328,0.047708,-0.165167,-0.018177,-0.138553,-0.24107,0.232467,-0.074771,-0.111855,0.06614,0.118292,0.184346,-0.194473,-0.418959,-0.414076,-0.202811,0.21959,0.314978,-0.007604,-0.295769,0.122784,0.134981,0.120185,-0.049093,0.068249,0.070381,0.148217,0.207744,0.05461,-0.083357,0.219541,-0.027926,0.001587,-0.062754,0.152528,0.209943,-0.02111,-0.258682,-0.192827,-0.215446,0.00257,-0.148904,0.267758,-0.01804,-0.217895,-0.216053,-0.18524,0.14891,-0.154757,0.074414,-0.231232,0.034855,0.094694,0.033522,-0.051743,0.050091,-0.157692,0.145902,-0.201131,0.09033,0.076052,-0.161155,0.158845,-0.014336,-0.010195,-0.137425,-0.189084,-0.387486,-0.108243,-0.317593,0.059308,-0.11605,0.176846,0.036924,-0.383776,-0.261748,-0.088662,-0.119272,-0.074321,-0.097224,-0.108597,0.149765,-0.299259,-0.093435,-0.029981,-0.192316,-0.213989,-0.00503,0.010794,-0.149253,0.107537,-0.067856,-0.124013,-0.015519,-0.180758,0.000318,0.083089,-0.130815,-0.201349,0.007078,-0.090352,-0.208597,0.14869,-0.223096,0.069657,0.044148,-0.133155,-0.085587,-0.165148,-0.326445,-0.3542,0.050436,-0.347206,-0.003733,0.071497,0.146576,-0.325977,0.043348,0.179215,-0.052072,0.18984,-0.346382,0.078318,-0.062742,-0.263824,-0.16615,-0.268278,-0.179202,0.058345,0.066234,-0.239519,0.101588,-0.113108,-0.018406,0.015644,-0.134955,-0.064022,0.019722,-0.018148,0.044469,-0.085233,0.025755,0.395856,-0.171881,-0.051369,0.036944,0.117783,-0.179343,-0.148843,0.135028,-0.05328,-0.078793,0.039734,-0.159536,0.258199,0.170061,0.174214,-0.042077,0.043648,-0.176393,0.191959,-0.172621,-0.159713,0.275727,0.12153,-0.095432,0.14007,0.207262,0.270111,-0.045787,-0.277744,0.224434,#
17,-0.053368,0.117224,0.194616,-0.152845,0.062802,0.043699,0.025483,-0.209032,0.34681,0.177374,-0.225234,-0.041975,0.093763,0.25187,-0.36708,-0.305298,-0.155285,1.0,0.141863,0.087047,0.189248,-0.082873,0.134916,0.036071,0.137914,-0.053203,0.107289,-0.081644,-0.014966,0.192068,0.267597,-0.034037,0.221702,0.006394,-0.132501,0.135227,-0.006238,-0.290859,0.024679,-0.308591,-0.000572,0.141223,-0.01639,0.043014,0.106414,-0.290843,0.033797,0.461893,-0.108908,-0.058176,0.078117,-0.09132,0.009806,0.071472,-0.130886,-0.198819,0.152222,0.095183,0.184735,-0.071863,0.130033,-0.071351,-0.072572,-0.280649,-0.120173,0.101476,0.104574,-0.003443,0.232391,0.264296,-0.093649,-0.035454,-0.220622,0.038953,0.103226,0.001731,0.017336,-0.248973,0.020923,0.154581,-0.16455,0.070973,-0.116922,0.078075,0.365062,0.000648,0.020999,0.099774,-0.015198,0.121165,-0.181534,0.039934,-0.341729,0.231594,-0.068552,-0.181713,0.187953,-0.078437,0.115729,0.045798,-0.106686,-0.075676,-0.01296,0.013706,-0.00263,0.193344,0.037386,0.061442,-0.101781,-0.088185,0.317132,0.112852,0.249292,-0.036708,0.086697,-0.104927,-0.015076,0.111603,0.388394,-0.152906,0.071965,0.281028,-0.042274,-0.230014,-0.092988,0.270533,0.088709,0.159661,-0.246964,0.021538,0.085835,0.221084,-0.122512,0.286223,-0.095424,-0.000913,0.01623,0.197388,0.345801,-0.122546,0.071993,0.111364,-0.027454,-0.188529,0.267453,-0.259802,0.265846,0.19604,0.005058,0.256102,0.017544,-0.053698,-0.007208,-0.143975,0.218549,-0.014851,-0.028931,0.424843,0.128799,0.187221,0.169089,0.112362,-0.020077,0.480244,0.17715,-0.036779,0.046949,0.028307,-0.031605,0.293006,-0.026483,-0.001145,0.001555,-0.052315,-0.131268,0.167008,0.116554,0.165617,0.359001,-0.141426,0.37194,-0.115217,-0.437592,-0.021851,-0.050565,0.07905,0.059404,0.053157,-0.457722,0.255872,0.202768,-0.322869,-0.021556,-0.145295,-0.083529,-0.039965,-0.024679,-0.010103,0.348505,-0.230518,#
18,-0.048686,-0.098352,0.121695,-0.196311,-0.067097,-0.024206,0.229398,-0.005444,0.355297,-0.156666,0.183227,-0.049312,0.049372,-0.107005,-0.038473,-0.073538,0.005174,0.141863,1.0,0.063429,0.058099,0.143229,0.15749,-0.043243,-0.175746,0.029307,0.09122,0.360513,-0.012472,0.057179,0.019618,0.048775,0.043201,-0.11397,-0.010262,0.06786,-0.074764,-0.017548,-0.006455,-0.091348,-0.036037,0.011381,0.023139,0.026945,-0.018459,-0.136763,0.066943,-0.018969,-0.228711,0.091066,0.089928,0.228631,0.103208,0.017576,-0.154425,0.192909,0.016986,-0.07668,-0.1494,0.026973,-0.138067,-0.114408,-0.037485,-0.036107,0.116624,0.128851,0.263545,-0.076877,-0.07189,-0.043985,0.192704,-0.005341,-0.248699,0.162812,-0.054183,0.064535,0.14416,-0.404092,-0.07006,-0.064999,-0.09334,-0.001237,-0.11438,0.053422,-0.060465,0.002421,0.125758,-0.090049,0.042542,0.201633,0.105191,0.108068,-0.08182,0.140149,0.112317,0.006312,0.065488,0.029615,-0.202207,-0.229452,-0.060908,0.054902,-0.065116,0.13595,0.041188,0.107101,0.159558,-0.036837,0.214005,0.049415,0.065578,-0.172892,0.159403,0.127561,-0.078506,-0.206637,0.212792,0.157173,0.168452,-0.049195,0.006236,-0.122681,-0.046179,-0.228529,0.073481,-0.094434,0.087366,-0.055973,0.064567,-0.022409,0.195798,0.08472,0.126935,-0.063096,-0.130708,-0.009644,0.145441,0.010249,-0.160019,-0.129041,0.09552,0.091231,-0.127389,-0.084284,-0.024102,-0.144446,0.084207,0.015424,0.088561,0.145067,0.346032,-0.075946,0.307993,-0.207678,-0.012768,-0.069914,0.063398,0.109782,0.00093,0.216573,-0.001478,-0.077394,-0.089198,0.003998,0.296802,-0.157199,0.163958,0.036741,-0.194982,0.118283,-0.105097,0.334323,0.158565,0.054682,0.267608,-0.099693,-0.057129,0.029937,-0.006766,0.214308,0.110534,0.158386,0.014486,-0.051918,0.047913,0.289117,0.063311,0.065475,-0.113489,-0.147283,0.136665,0.06447,-0.089153,-0.089749,-0.139485,0.273768,-0.016021,0.106289,0.243122,-0.066921,#
19,-0.126146,0.10994,0.17939,0.131926,0.161623,-0.132415,-0.109979,-0.187649,0.219774,0.034242,-0.104843,-0.185576,-0.064436,0.111999,-0.190174,-0.340556,-0.05063,0.087047,0.063429,1.0,-0.101353,-0.028111,0.133051,0.122477,-0.261229,0.109955,0.052165,0.17445,-0.048499,0.043603,0.129306,-0.012702,0.072569,0.117019,-0.084241,-0.078264,-0.047956,-0.17749,-0.187689,-0.115688,-0.089988,0.047396,0.016342,0.052208,-0.063947,-0.158376,-0.00967,0.077499,-0.155716,0.131162,-0.053523,0.057377,0.105205,0.094477,-0.273141,0.065713,0.164565,-0.009503,0.008358,-0.043987,0.080509,-0.033986,-0.03562,0.088918,0.006221,0.093811,0.416493,-0.121843,0.01205,0.259726,0.007197,0.080515,0.025937,0.202382,-0.228108,0.067197,0.083088,0.099036,0.134537,0.004549,0.226133,-0.076624,-0.046264,0.330191,-0.013337,0.048178,0.001004,-0.187035,0.263064,-0.043267,-0.216113,0.123521,0.034587,0.134686,-0.26479,-0.019074,0.135845,-0.127105,-0.120898,0.090916,-0.23493,-0.020751,-0.093811,0.219243,-0.157004,0.158164,0.062643,-0.075191,0.187708,0.158484,0.459877,-0.066484,0.191121,0.098516,0.076182,0.072981,0.225456,-0.084011,0.359873,-0.106885,0.094519,0.105159,0.062311,-0.231035,-0.078319,0.011195,0.034861,0.029824,0.189544,-0.133483,-0.044729,0.243431,-0.046903,0.066672,0.122783,-0.146828,-0.117511,0.144658,-0.124379,0.106517,0.2531,-0.00728,-0.063664,0.024861,0.172221,0.187488,0.159224,0.078405,0.060281,0.258389,-0.060481,0.066003,0.085098,0.223078,0.264304,0.122948,-0.197792,0.238289,0.144835,-0.070153,-0.000147,0.008939,0.106299,0.197346,0.175351,-0.024118,0.168752,0.104539,0.068474,0.070698,-0.200714,0.055475,-0.168137,0.282993,-0.024545,0.047955,0.080507,-0.0429,-0.134652,0.045925,0.204642,-0.064167,-0.220519,0.033269,-0.024203,0.263826,-0.074908,0.051431,-0.422921,0.081498,0.213201,-0.232096,-0.163806,-0.102268,-0.28687,-0.165895,-0.081182,0.205386,0.153967,0.070103,#
20,-0.247925,0.191414,-0.318931,-0.116689,0.217368,0.104886,0.187539,-0.12162,-0.21206,0.013389,0.056567,-0.099994,0.218348,-0.208374,-0.205121,-0.061767,0.035398,0.189248,0.058099,-0.101353,1.0,0.159481,0.42547,0.092755,0.015118,-0.042403,0.221763,0.037843,0.117577,0.352996,0.009303,-0.16521,0.226922,-0.085834,0.008127,-0.035627,-0.046448,-0.310642,0.057029,-0.003172,0.18442,0.142229,0.245769,-0.105705,-0.098324,-0.084455,-0.230114,0.241461,0.152198,-0.303962,0.057102,-0.384556,-0.070031,-0.192153,0.020138,-0.163754,-0.084573,-0.065863,0.169086,0.062556,-0.043678,-0.187252,-0.178133,0.011092,-0.128269,0.239664,-0.048499,0.106677,0.240262,0.205667,-0.200327,-0.040952,0.166853,-0.098972,-0.026451,0.271247,0.012225,-0.120875,-0.231858,-0.18706,-0.404831,-0.157925,-0.222265,0.07291,-0.101685,-0.247361,-0.031358,-0.071956,-0.062014,0.130112,-0.304895,-0.218617,-0.346034,-0.097307,-0.045517,-0.107384,-0.225483,-0.215884,-0.2349,0.013157,0.23798,0.069556,-0.173772,-0.288916,0.078761,-0.119746,0.034056,-0.203531,-0.147122,-0.034548,0.14289,0.119269,-0.223101,-0.342383,-0.055124,0.003171,-0.045262,-0.034051,0.058156,-0.076843,-0.021418,-0.215605,-0.146764,-0.289822,-0.271112,0.066151,0.001437,0.116861,0.016206,-0.265973,-0.356252,-0.131884,-0.008493,0.046009,-0.21908,-0.115102,-0.304408,-0.341053,0.006081,-0.180791,-0.339257,0.10198,-0.199237,-0.167913,-0.249875,-0.139583,-0.10701,0.376686,-0.08085,-0.101077,-0.18539,-0.163504,-0.251463,-0.37284,-0.376165,-0.155464,-0.121626,0.171202,-0.06223,-0.123379,0.181641,0.131885,-0.210701,0.076787,-0.22361,0.087209,-0.132268,-0.144961,-0.380298,0.235739,0.151787,0.077441,-0.206911,-0.226679,0.053744,-0.248535,-0.140414,0.050452,0.142442,-0.048682,0.269287,-0.12723,0.044576,0.116257,0.260809,-0.174194,-0.067442,-0.083428,-0.002988,0.136233,-0.134562,0.345749,0.201692,0.008816,-0.082023,0.333288,0.183314,0.034533,-0.152711,0.014286,#
