0,1.0,0.34223,0.014766,-0.252095,0.306607,0.007378,0.16624,0.106975,0.196401,0.257408,-0.125117,0.075523,0.266388,0.257238,-0.028861,-0.140066,0.168625,0.209455,0.119318,-0.296139,-0.24066,-0.030901,0.27149,-0.076401,-0.287263,-0.317483,-0.120625,-0.091794,0.143503,0.409562,-0.289527,0.047417,0.08687,-0.167581,-0.164611,0.034481,-0.195831,-0.036461,-0.065193,0.093515,0.072992,0.02533,-0.073966,0.187809,-0.113116,-0.395139,0.211223,0.17405,-0.221154,0.056912,-0.011627,-0.160175,0.121038,-0.14015,-0.029921,-0.106944,-0.032461,-0.090091,-0.025481,0.129702,0.133736,0.064724,-0.134106,-0.11798,0.112656,0.363192,0.076138,0.093919,0.187334,-0.139498,-0.059082,-0.078545,-0.218783,-0.267152,-0.245291,0.308659,-0.220581,-0.232572,-0.126706,-0.093685,-0.291135,-0.208863,-0.23099,0.143383,-0.231653,-0.1279,-0.269057,-0.16555,-0.022313,-0.350756,-0.361905,-0.369827,-0.310885,0.10105,-0.145389,-0.377685,-0.05899,-0.179987,-0.03046,-0.327166,0.135511,-0.404136,-0.098781,-0.104115,-0.275269,-0.035234,-0.152263,-0.063481,-0.432177,-0.069751,0.164717,0.065393,-0.183839,-0.225277,-0.448567,-0.178847,-0.32897,-0.259276,0.115843,-0.461255,-0.323405,-0.351972,-0.382571,-0.309251,-0.220907,-0.144288,-0.26384,-0.132027,-0.157491,-0.338445,-0.279772,-0.121068,-0.096395,0.152866,-0.296289,-0.298694,0.265784,-0.304513,-0.212702,-0.277731,-0.067551,-0.204883,-0.433983,-0.108144,-0.213696,-0.305296,-0.31596,0.370952,-0.276993,-0.242023,-0.384231,-0.3533,-0.259705,-0.20258,-0.399729,-0.242958,0.325319,0.414292,-0.385552,-0.140767,-0.226721,0.011579,-0.176807,-0.227118,-0.116815,0.113034,-0.165799,-0.189784,-0.115852,-0.190933,0.14036,0.129155,-0.302376,-0.270518,0.359824,-0.374676,-0.170004,0.169734,0.302529,-0.37892,0.079285,0.190524,-0.146016,-0.075667,0.387715,-0.037641,0.212776,0.09248,-0.111099,0.543178,-0.076744,0.065335,0.343234,0.415902,-0.137438,0.375573,0.177668,-0.437214,-0.35849,0.170826,#
1,0.34223,1.0,0.075298,-0.169013,0.178205,-0.15695,0.305991,0.172628,0.197925,0.437652,-0.200802,-0.045822,0.217683,0.194747,0.282585,-0.118493,-0.091546,0.297769,0.302496,-0.208294,0.028528,0.08303,0.143813,0.090006,-0.296147,-0.106466,0.230437,0.088134,0.266934,0.475083,-0.552752,0.064275,0.148639,0.029234,-0.146178,3.3e-05,-0.117389,-0.125304,-0.040483,-0.002767,-0.165943,0.233534,0.004701,0.154059,-0.06102,-0.432625,0.30606,0.194353,-0.049888,0.310443,0.130432,-0.290918,-0.041571,0.02652,0.120626,-0.247631,-0.326346,0.060481,-0.123385,0.045293,-0.08546,0.27641,-0.413472,0.204547,0.066643,0.163106,0.021719,0.210541,0.102998,-0.277483,-0.211771,-0.19113,-0.145334,-0.279257,-0.328192,0.365014,-0.359209,-0.286324,-0.382288,-0.432486,-0.344173,-0.365643,-0.439139,0.190397,-0.433895,-0.080267,-0.247023,-0.150473,-0.247762,-0.151188,-0.171232,-0.293446,-0.427077,-0.012694,-0.298627,-0.029381,0.05049,-0.241451,-0.019824,-0.212629,-0.001129,-0.47901,-0.627516,-0.134727,-0.580294,-0.302062,-0.487006,-0.220914,-0.49101,-0.185747,0.083671,0.306064,-0.106736,-0.408215,-0.262202,-0.108298,-0.277617,-0.487958,0.05441,-0.380218,-0.415855,-0.079339,-0.467769,-0.437975,-0.045939,-0.133126,-0.334348,-0.214072,-0.19205,-0.25484,-0.356238,-0.398969,-0.259655,0.163141,-0.270834,-0.229254,0.068829,-0.161757,-0.041699,-0.342548,-0.25935,0.072288,-0.4235,-0.090178,-0.227518,-0.392442,-0.240005,0.397823,-0.411489,-0.264182,-0.32525,-0.378832,-0.204304,-0.097714,-0.418322,-0.130349,0.287102,0.386207,-0.324785,-0.003987,-0.08918,-0.069652,0.110177,0.03441,-0.130716,0.423848,-0.173408,-0.018156,-0.179641,0.01883,-0.048027,0.045652,-0.13454,-0.443171,0.409438,-0.115605,-0.285593,0.140425,0.327365,-0.290951,0.112134,0.176167,-0.116295,-0.070065,0.255592,-0.099623,0.16509,-0.146175,-0.164208,0.510027,-0.151594,0.502354,0.287032,0.243255,-0.254512,0.014499,0.244195,-0.374623,-0.20914,0.072185,#
2,0.014766,0.075298,1.0,0.281673,0.274799,-0.329966,-0.027446,-0.090982,-0.097378,0.031693,-0.099054,0.101104,-0.131661,-0.125988,-0.287349,-0.159095,0.006465,-0.048984,-0.005649,-0.197016,-0.128272,-0.238654,0.055584,-0.071763,-0.187181,-0.108149,0.14948,-0.312893,-0.164397,0.161738,-0.07655,0.145487,-0.242832,-0.108393,-0.110072,-0.059535,0.191775,-0.105088,0.095186,-0.070445,0.010205,0.036831,-0.063192,0.016669,-0.112012,-0.158605,-0.095015,0.292739,-0.065588,0.06632,-0.174937,0.227144,0.12782,0.156682,-0.112742,-0.19083,-0.365138,-0.012703,-0.208695,-0.154619,-0.115573,-0.112182,-0.224971,-0.050111,-0.06957,-0.034844,-0.15788,-0.115889,0.021668,0.264868,0.108152,0.171298,0.025578,0.157546,-0.155615,0.182203,-0.20097,-0.199972,-0.145137,0.157046,0.065975,-0.039645,-0.035368,0.303443,0.009429,-0.051376,0.00881,0.11353,-0.060966,-0.056168,-0.170301,-0.135131,0.054571,0.001039,-0.310506,0.086326,0.153197,-0.053416,0.152593,-0.03348,-0.048113,-0.046614,-0.020969,0.051852,-0.176491,-0.27325,0.117007,0.049689,-0.082173,0.267926,0.229609,-0.000411,-0.023847,-0.000104,0.24912,-0.062341,-0.102896,-0.25448,0.065157,-0.035095,-0.241264,-0.109993,0.133136,-0.143266,-0.146883,-0.034928,-0.393871,-0.05063,0.08928,0.083036,0.221811,-0.131958,-0.264595,-0.027182,-0.023201,-0.027192,0.343651,0.18031,0.004386,0.014707,0.113534,0.338657,0.031446,-0.270661,-0.141396,0.288821,-0.115716,0.158904,-0.142875,0.001443,-0.374705,0.066844,0.13096,-0.165088,-0.148829,-0.185537,-0.042922,0.173878,0.127645,-0.152977,0.036491,0.049131,0.207339,-0.006003,0.054341,-0.126244,-0.21178,-0.219428,0.067645,-0.028154,-0.022264,-0.069671,0.036695,-0.032065,-0.001203,0.076117,-0.036814,-0.1442,-0.073994,0.080663,0.046429,-0.202424,0.002655,-0.001042,-0.106321,0.066231,-0.198724,-0.249729,-0.11286,0.032247,0.192734,0.021585,0.044195,0.122965,0.084877,-0.327593,0.159044,0.096186,0.083735,-0.04751,#
3,-0.252095,-0.169013,0.281673,1.0,0.029199,-0.304327,-0.306647,-0.406264,-0.238602,-0.041478,0.283878,-0.185423,-0.17397,-0.318342,-0.268718,-0.138284,0.135552,-0.051019,0.07965,0.038002,0.107428,-0.401738,-0.106165,-0.055742,0.061389,0.130066,-0.077934,-0.001486,-0.112055,-0.20431,0.431039,-0.103472,-0.323998,-0.106058,-0.012049,-0.414125,0.080259,0.163031,0.001083,0.118334,0.143351,-0.160355,-0.007312,-0.119781,0.019002,0.128913,-0.206795,-0.192298,0.369108,-0.179361,-0.066092,0.445597,-0.0348,0.168032,0.136595,-0.006169,-0.131862,0.028706,-0.012211,-0.074267,-0.203712,0.045136,0.030564,-0.134099,-0.149486,-0.277726,0.066696,-0.109641,-0.243824,0.269428,0.025038,0.245722,0.260361,0.258313,0.27748,-0.196624,0.062808,-0.033835,0.37233,0.237589,0.030793,0.378609,0.237895,0.101917,0.190984,-0.102703,0.094873,0.251447,0.072355,0.304539,0.26102,0.209282,0.280424,-0.202825,0.210451,0.300122,0.119501,0.036431,0.06764,0.256829,0.067703,-0.085514,0.329625,-0.049805,0.121952,0.230648,0.153622,0.193526,0.261719,0.359921,-0.044227,-0.146034,0.353024,0.154476,0.050773,0.049015,0.393676,0.151917,0.101485,0.09275,0.222353,0.214833,0.271192,0.05016,0.02946,0.071031,-0.105916,0.012401,0.312401,0.108167,0.502819,0.094972,0.048444,-0.059609,0.247644,0.415266,-0.001894,0.188741,-0.022564,0.314087,0.270902,0.290312,0.280223,-0.123496,0.170326,0.440454,0.165427,-0.196284,0.115884,0.302266,0.091822,0.377592,0.167984,0.130704,0.24186,-0.066351,-0.332486,-0.224617,0.443115,0.063383,-0.254133,0.117897,-0.08705,-0.103673,-0.101646,-0.091181,0.014306,-0.101572,0.058771,0.124061,-0.153359,-0.143114,0.134461,0.141679,-0.259221,0.123753,0.144488,-0.063402,-0.318135,0.351691,-0.455457,-5.1e-05,-0.011341,-0.187143,-0.152454,-0.146262,-0.11638,0.120958,0.175795,-0.310104,0.147539,-0.164249,-0.244077,0.010076,-0.089882,-0.261308,-0.24328,0.236733,-0.178408,-0.035579,#
4,0.306607,0.178205,0.274799,0.029199,1.0,-0.136669,0.281298,-0.04832,0.090698,0.211628,0.135558,0.079941,0.073804,-0.060954,0.134835,-0.197507,0.30768,0.131921,-0.065611,-0.182119,-0.15713,0.024059,0.040357,-0.043065,-0.309805,-0.174938,0.007115,-0.135662,0.096997,0.187343,-0.138119,-0.051678,-0.033703,-0.096483,-0.289534,0.064344,-0.107081,-0.238962,0.05546,0.220737,-0.049805,0.017994,-0.230595,0.039917,-0.261152,-0.121848,0.071353,0.272013,-0.010563,0.081199,0.202322,-0.242718,0.060533,-0.110439,0.049603,-0.265398,-0.423032,0.095509,-0.354162,-0.290983,0.029489,0.081226,-0.022583,0.029734,0.112286,0.307526,0.095051,0.082363,0.091524,0.020788,-0.164737,-0.216488,0.104609,-0.294656,-0.182386,0.40215,-0.291775,-0.515955,-0.170825,-0.316024,-0.34858,-0.219204,-0.277717,-0.120896,-0.215923,-0.227099,-0.234222,-0.323138,-0.235259,-0.222385,-0.19899,-0.259171,-0.255783,-0.12355,-0.326933,-0.137697,-0.015887,0.061647,0.040852,-0.09898,0.040641,-0.180743,-0.063936,-0.028444,-0.253064,-0.437768,-0.183467,-0.130834,-0.260158,0.185623,0.137204,-0.152796,-0.391469,-0.297055,-0.124881,-0.157208,-0.17887,-0.360757,-0.101134,-0.126713,-0.388315,-0.167955,-0.234855,-0.159651,-0.05647,-0.181267,-0.344615,-0.090383,-0.360629,-0.075194,-0.209524,-0.343319,-0.387208,-0.247531,-0.05648,-0.349214,0.321456,-0.228656,-0.181324,-0.12841,-0.123799,0.113775,-0.036083,-0.214366,-0.290039,-0.214039,-0.175331,0.280066,-0.265108,-0.168874,-0.203695,-0.160752,-0.265417,-0.295996,-0.378086,-0.16093,0.284595,0.351811,-0.208368,-0.28086,0.020035,-0.087924,0.027742,-0.138724,-0.30814,0.277577,-0.089992,0.029533,0.085464,-0.07948,0.134567,-0.183238,-0.274511,-0.237149,0.100037,-0.226247,-0.350839,-0.14514,0.239142,-0.058017,0.130801,-0.024124,0.315631,0.236961,0.134739,-0.046433,0.192757,-0.05219,-0.076409,0.20857,0.055776,0.383107,0.132055,0.249463,0.198012,-0.125674,0.11902,-0.26114,-0.466758,0.334989,#
5,0.007378,-0.15695,-0.329966,-0.304327,-0.136669,1.0,0.16235,0.263226,0.182487,0.010002,0.141612,-0.034512,-0.127113,0.258423,0.209656,0.039237,-0.008615,-0.04318,-0.238745,0.187705,-0.0164,0.288953,0.049278,-0.138837,0.20452,-0.14439,0.083243,0.133936,-0.037994,-0.105999,0.022097,0.233956,-0.07692,-0.069723,-0.213336,-0.141895,-0.269643,0.097249,0.067404,-0.178756,-0.082906,0.134925,0.098355,0.200708,0.030157,-0.052648,0.011443,-0.051137,-0.002441,0.14043,0.045606,-0.041971,0.267878,-0.223977,-0.137651,0.138467,0.179915,-0.008029,0.089007,0.190217,0.198579,-0.063497,-0.020678,0.216613,0.054502,0.163872,-0.192436,0.092569,-0.131344,0.106608,0.061563,0.055133,-0.026732,-0.079759,-0.065877,0.06589,0.212135,0.224949,-0.028602,0.003555,0.080047,-0.017474,0.04305,-0.195458,0.030871,0.189727,-0.052055,-0.295102,0.174861,-0.201818,0.009007,0.07895,-0.024328,0.140812,0.21089,0.049211,-0.020053,0.037858,-0.062996,-0.148719,-0.248803,0.120732,0.168093,-0.021202,0.173914,0.02095,0.132871,-0.190617,-0.05817,-0.324194,0.110879,0.203309,-0.166306,-0.144825,-0.138847,-0.15917,-0.106217,0.17625,-0.148444,0.003454,0.070005,-0.01427,0.143553,-0.023572,-0.190273,0.243321,0.210693,0.216712,-0.062467,0.058347,-0.019588,-0.049499,-0.075068,-0.038025,-0.074641,-0.069048,-0.090301,-0.148844,-0.0858,-0.108876,0.076768,-0.270025,-0.333375,-0.084547,0.047333,0.000243,-0.051743,0.00303,0.37085,-0.189514,0.019442,0.023329,0.037731,0.156865,-0.030949,0.133095,0.117549,0.051773,-0.202388,0.008678,-0.14383,-0.069168,0.083573,-0.040576,0.083214,0.037016,0.198866,0.068748,-0.068608,-0.057941,0.061457,-0.034107,-0.062187,0.249577,0.026021,0.042638,0.123213,0.010285,0.189738,-0.069374,0.247411,0.188504,-0.021744,0.031752,-0.188216,-0.093544,0.131112,0.082554,-0.036706,0.115064,0.035605,-0.160803,-0.007413,-0.253976,0.112234,0.112527,-0.053085,-0.035749,0.146147,0.110485,#
6,0.16624,0.305991,-0.027446,-0.306647,0.281298,0.16235,1.0,0.248668,0.58562,0.038732,0.060252,0.015796,0.329281,0.01131,0.366665,-0.14078,-0.260378,0.04473,-0.001509,0.065745,0.034321,0.276169,0.16406,-0.240979,-0.039687,-0.164321,0.165057,-0.227509,0.176116,0.291312,-0.571774,-0.065936,0.157482,-0.115426,-0.167186,0.133301,-0.045622,-0.243978,-0.020286,0.214486,0.045638,0.169585,-0.212371,0.050754,0.025536,-0.121843,0.17923,0.327035,0.000882,0.27313,0.149031,-0.308981,0.040589,-0.095877,-0.024108,0.080569,0.129134,0.057429,0.112311,0.159398,0.032732,0.16613,-0.262437,0.166703,0.299842,0.229133,-0.057026,-0.051607,0.100465,-0.237747,0.122703,-0.264585,-0.043751,-0.213687,-0.497725,0.443389,-0.1363,-0.215578,-0.36293,-0.252234,-0.242201,-0.458458,-0.292677,-0.260655,-0.478803,0.03899,-0.172698,-0.024336,-0.369753,-0.284661,-0.377957,-0.359619,-0.401562,0.117143,-0.341565,-0.134835,0.059626,-0.10718,-0.064963,-0.162007,-0.133498,-0.165372,-0.189666,-0.001935,-0.2506,-0.256269,-0.041259,-0.20947,-0.325385,-0.206532,0.26207,0.246419,-0.311731,-0.608778,0.033882,-0.211122,-0.32738,-0.212038,-0.046626,-0.366672,-0.288439,-0.335388,-0.241988,-0.471923,-0.136737,0.037277,-0.219227,0.090022,-0.283736,-0.164405,-0.378123,-0.40897,-0.37623,-0.082429,-0.209147,-0.251623,-0.016461,-0.051256,0.007113,-0.444802,-0.354772,-0.144071,-0.247808,-0.175258,-0.225434,-0.318524,-0.39648,0.614555,-0.058244,-0.400429,-0.047197,-0.357771,-0.258566,-0.178331,-0.307289,0.044045,0.326169,0.36207,-0.151309,-0.320873,0.342205,-0.068135,0.164826,-0.067487,0.036828,0.369066,0.02244,0.088171,-0.163912,-0.127824,0.0142,-0.107899,-0.090652,-0.191827,0.264096,-0.17782,-0.176014,0.37881,0.607256,-0.248597,0.245135,0.483274,0.005022,-0.153334,0.373521,0.008517,0.102712,-0.081749,-0.373022,0.387645,0.197254,0.175064,0.300695,0.028406,-0.088309,0.014065,0.344967,-0.183903,-0.146698,0.011149,#
7,0.106975,0.172628,-0.090982,-0.406264,-0.04832,0.263226,0.248668,1.0,0.224853,-0.146547,-0.19224,0.026141,-0.005499,0.142031,0.212007,-0.033714,-0.028103,0.017287,-0.141222,-0.047659,0.170515,0.453816,0.004826,0.183304,-0.144425,0.047452,0.405944,0.190719,-0.066371,-0.103272,-0.270061,0.373095,0.048069,0.006789,-0.098508,0.048387,-0.064031,-0.429944,0.249919,-0.095454,-0.081108,0.062935,0.083489,0.088717,-0.05598,0.094072,0.03805,0.180354,-0.200434,0.027888,0.037733,-0.217234,0.09598,-0.06404,-0.248031,0.018596,0.2118,-0.070112,0.145823,0.192848,0.0182,0.088639,-0.172375,0.314546,0.135302,0.257578,-0.194348,0.108635,0.09753,-0.226096,0.111498,0.125618,-0.262519,0.097457,-0.235011,0.165294,-0.031014,0.05251,-0.37976,0.010781,0.001758,-0.098544,0.050368,-0.131447,-0.043625,0.26636,0.107494,-0.032765,0.004678,-0.137993,-0.085869,-0.103252,-0.029007,0.131887,-0.134838,0.052264,-0.013234,0.038891,-0.162707,-0.253569,-0.083544,-0.112245,-0.005742,0.031102,-0.173185,-0.207197,-0.063546,-0.165338,-0.143995,-0.357717,0.044854,0.133568,-0.337917,-0.080483,0.114935,0.019706,-0.192147,0.088637,-0.284968,-0.020288,-0.064615,-0.158288,0.076635,-0.161703,0.044094,-0.021541,0.087416,-0.14863,-0.04894,-0.020057,-0.257805,-0.142768,0.089205,-0.194678,0.177146,0.019778,0.098054,-0.065869,0.067624,-0.297576,-0.259121,-0.121083,-0.228407,0.135604,-0.039786,-0.147686,-0.238875,0.134656,-0.107417,-0.023489,-0.092282,-0.080789,-0.041363,-0.033748,0.154895,0.067485,0.172711,-0.022417,-0.276524,0.068636,0.148434,-0.079069,0.042214,-0.049268,0.188155,0.13214,0.002604,-0.103922,-0.137172,0.018428,-0.014288,-0.00904,-0.316237,-0.090348,0.043568,-0.050108,-0.044341,0.018776,0.116922,-0.40711,0.123854,0.070646,0.146662,0.054119,-0.035455,-0.046008,0.036552,-0.117953,-0.041019,0.138819,0.208831,0.204084,0.142791,-0.26407,-0.023117,0.183596,-0.030566,-0.221158,-0.061005,0.103687,#
8,0.196401,0.197925,-0.097378,-0.238602,0.090698,0.182487,0.58562,0.224853,1.0,0.141633,-0.057767,-0.005056,0.352673,0.093036,0.294729,-0.225824,-0.419706,0.170342,0.163305,0.039574,0.021837,0.135911,0.257983,-0.072085,0.154638,-0.339449,0.232696,0.013069,0.382632,0.233099,-0.399591,-0.044899,0.205056,-0.112813,-0.296908,0.078567,-0.005969,-0.254555,-0.137167,0.106623,0.168879,-0.003317,-0.164824,0.064258,0.150997,-0.267591,0.312027,0.284424,0.017312,0.194268,-0.070892,-0.202653,0.04772,0.114887,-0.072224,-0.142771,0.22326,-0.17634,0.36583,-0.014127,0.042624,-0.02097,-0.178176,0.190478,0.145278,0.269913,0.078361,-0.040091,0.182944,-0.190898,0.170908,-0.13869,-0.108855,-0.014205,-0.242771,0.264984,-0.092177,-0.204041,-0.232023,-0.303907,0.027281,-0.439433,-0.253701,-0.180496,-0.267129,0.203684,0.004392,-0.050916,-0.222743,-0.189283,-0.212961,-0.127684,-0.538485,0.414385,-0.159844,0.040652,0.17793,-0.129618,0.159485,-0.122156,-0.165543,-0.115532,-0.022934,-0.00421,-0.044735,-0.124363,-0.17268,-0.093265,-0.214251,-0.185458,0.308063,0.304997,-0.193957,-0.336742,0.005937,-0.341425,-0.233248,-0.019054,0.034769,-0.267592,-0.243237,-0.358182,0.043254,-0.492599,-0.017714,0.086305,-0.067723,0.1073,-0.156305,-0.218131,-0.259854,-0.316112,-0.119207,0.019375,-0.092798,-0.070826,-0.150772,-0.027327,0.093232,-0.19049,-0.152952,-0.165985,-0.368322,-0.169958,-0.200881,-0.082695,-0.22784,0.317941,-0.003627,-0.212315,0.072742,-0.313999,-0.147452,-0.174426,-0.0853,0.005494,0.401476,0.45741,0.000279,-0.170466,0.165088,-0.081845,0.103215,0.035513,0.078165,0.276999,0.056022,0.01055,-0.286642,-0.039545,-0.173528,0.202055,-0.067569,-0.244571,0.311667,-0.133499,-0.225677,0.237795,0.440475,-0.331272,0.216278,0.287436,-0.066935,-0.196732,0.180297,0.073879,0.155975,-0.03914,-0.398724,0.182101,0.240857,-0.039117,0.238165,-0.091777,-0.143467,0.032917,0.247586,-0.243634,-0.020215,0.038062,#
9,0.257408,0.437652,0.031693,-0.041478,0.211628,0.010002,0.038732,-0.146547,0.141633,1.0,-0.012725,-0.213702,0.28129,0.102688,0.168643,-0.061492,-0.121487,0.241725,0.160681,-0.202975,-0.183012,0.087434,0.333708,0.093988,-0.212815,-0.064934,-0.003442,0.050817,0.028633,0.324957,-0.127887,0.167766,0.081753,0.217266,-0.326114,-0.008648,-0.052593,-0.165164,-0.047917,-0.075522,-0.079162,0.22322,0.218525,0.229288,0.202448,-0.421988,0.200482,0.237944,-0.212301,0.172011,-0.028428,-0.050458,0.033504,-0.140732,-0.045912,-0.401248,-0.15594,0.050805,-0.194729,-0.109161,0.223777,-0.03783,-0.344885,0.075303,0.052007,0.152253,-0.030821,0.126984,0.099253,-0.169451,-0.066907,-0.245071,-0.069844,-0.372018,-0.109544,0.229215,-0.311606,-0.487652,-0.136777,-0.165034,-0.142251,-0.224099,-0.236642,0.066965,-0.182712,-0.056017,-0.358253,-0.324463,-0.302634,-0.186658,-0.104888,-0.11339,-0.399216,0.006472,-0.155437,-0.094032,0.011042,-0.006933,0.075285,-0.313226,-0.038085,-0.389991,-0.276317,-0.111439,-0.296596,-0.119126,-0.360271,-0.175033,-0.279832,-0.163202,0.18524,0.23836,-0.106846,-0.380237,-0.356966,-0.072382,-0.169604,-0.348923,0.269494,-0.495871,-0.24343,-0.111659,-0.050319,-0.244037,-0.121382,0.070496,-0.270117,-0.226133,-0.218619,-0.059457,-0.03959,-0.226165,-0.11036,0.336752,-0.280271,-0.050471,0.081443,-0.208846,0.153645,-0.325777,-0.079762,-0.006944,-0.25906,-0.186099,-0.132943,-0.149454,0.014602,0.286411,-0.482782,0.010647,-0.502471,-0.171712,-0.019351,-0.108105,-0.231915,-0.045173,0.228186,0.481675,-0.209709,-0.124332,-0.251154,0.004537,-0.066493,0.039569,-0.104136,0.388337,-0.357832,-0.139791,-0.011321,0.021127,0.125373,0.204153,-0.035724,-0.284567,0.284326,-0.274728,-0.184991,0.075595,-0.023818,0.073591,0.005773,0.151096,-0.331319,0.062563,-0.021085,-0.030217,0.238169,-0.220123,-0.148544,0.372386,-0.053067,0.152738,-0.004213,0.251301,0.02242,-0.165893,0.079417,-0.14909,0.051411,-0.078455,#
10,-0.125117,-0.200802,-0.099054,0.283878,0.135558,0.141612,0.060252,-0.19224,-0.057767,-0.012725,1.0,-0.063756,-0.294042,-0.07106,0.117619,0.146824,-0.020211,-0.170073,-0.1247,-0.063859,-0.146608,0.058338,0.015532,-0.087673,0.177227,0.189426,0.076531,0.065278,0.087947,-0.235591,0.227644,-0.07336,-0.037495,0.067867,0.111774,0.004812,-0.1578,0.020641,0.05176,0.155121,-0.190825,-0.122599,-0.053356,0.091909,0.058336,0.047754,-0.223015,-0.127732,0.186279,-0.057964,-0.0246,0.09064,-0.030086,-0.100349,0.082892,0.3213,0.025174,0.09802,0.008629,0.095628,0.085485,-0.052918,0.082698,-0.102303,-0.095623,-0.239805,-0.04951,-0.302628,-0.388989,0.220151,-0.083885,0.02123,0.244458,0.11135,0.10504,0.11291,-0.009823,-0.021478,0.068945,-0.052945,-0.270087,0.087671,0.221134,-0.223272,-0.020738,-0.105954,0.111549,0.051092,-0.154302,-0.070491,-0.080864,-0.157794,0.062782,-0.177467,0.136614,0.108352,-0.173921,0.046302,-0.140219,0.029643,0.084203,0.075172,0.21832,-0.22629,0.006708,-0.018755,0.063947,-0.107949,0.112844,0.154563,-0.280282,-0.075257,-0.068846,-0.084586,-0.140068,-0.071999,0.146892,-0.078509,-0.049434,0.169657,0.304908,-0.015345,0.168155,0.103099,-0.056308,-0.083795,-0.034455,0.285458,-0.082425,-0.178596,0.174459,-0.060615,-0.239816,-0.052542,-0.054706,0.252521,-0.044649,-0.083262,0.031421,0.022497,-0.135177,0.020088,0.15253,-0.149132,-0.108192,-0.041239,-0.008939,-0.230818,0.214846,0.043188,0.236963,0.162711,-0.321075,-0.042796,0.080896,-0.08045,-0.240434,-0.032695,0.118417,-0.069546,-0.150828,-0.030935,-0.005355,-0.356318,-0.361296,-0.052606,-0.01676,0.222621,0.329913,-0.105268,0.037477,-0.204944,-0.163682,0.017374,-0.074821,-0.015195,-0.061437,0.065607,0.040588,0.147306,0.10283,0.1985,0.02479,0.231963,-0.121557,-0.220168,-0.037213,-0.141035,0.105628,-0.163267,-0.197489,0.055595,-0.105009,-0.107622,0.006561,-0.21653,0.07312,0.091294,-0.19562,0.029079,#
11,0.075523,-0.045822,0.101104,-0.185423,0.079941,-0.034512,0.015796,0.026141,-0.005056,-0.213702,-0.063756,1.0,-0.095832,-0.15947,-0.08894,0.167639,0.023527,-0.108035,-0.328462,-0.067003,-0.341402,0.111448,-0.087359,-0.152122,0.093291,0.117486,-0.080881,-0.339075,0.014883,0.122577,-0.221492,0.06919,0.020071,-0.024742,0.204322,0.078054,-0.362291,0.006329,-0.222283,0.126331,-0.037102,0.054018,-0.187494,-0.407802,-0.10295,-0.118819,-0.159093,-0.060795,-0.186737,0.185154,-0.275764,-0.115804,-0.005896,0.097773,0.156465,0.065886,-0.169095,-0.092254,0.061649,0.113815,-0.095228,0.024812,-0.015998,-0.253124,0.199618,-0.259391,-0.148012,-0.092835,-0.108701,0.160503,0.117707,-0.075327,0.136454,0.033704,-0.379987,-0.093647,-0.180642,-0.088714,-0.111946,0.01359,0.179863,-0.253444,-0.177253,-0.091475,-0.059157,0.057963,0.039666,-0.106651,0.041003,-0.200377,0.029719,-0.174368,-0.017178,-0.111525,-0.110854,0.008079,0.024317,-0.124969,-0.153092,0.068873,-0.037055,-0.006745,-0.075562,-0.009225,-0.23048,-0.167042,0.221905,0.034938,-0.137328,0.181074,-0.126634,-0.026277,-0.330173,0.112483,-0.002896,-0.365494,-0.087412,0.109614,-0.190769,0.251842,-0.041838,-0.206559,-0.174606,0.123012,-0.10957,-0.015699,-0.025481,-0.16079,-0.075261,0.165778,-0.162478,-0.032185,-0.145341,-0.083168,-0.151936,-0.104566,0.066558,-0.211237,-0.054708,-0.108413,0.124718,0.075398,0.064817,-0.216996,-0.377458,-0.13516,-0.028557,-0.053847,-0.083472,0.009891,-0.038953,-0.253044,-0.013275,-0.067525,-0.201492,-0.06802,-0.116365,-0.102033,-0.011643,0.050325,0.09896,-0.202567,0.00951,-0.154675,-0.087134,-0.100809,0.148516,0.21369,0.063128,-0.213395,0.172342,-0.070476,-0.048459,0.182546,0.122015,-0.16928,-0.334658,-0.041395,-0.033938,-0.087836,0.232913,-0.186183,0.185816,0.232048,0.145489,0.034799,-0.0293,-0.010554,0.031028,-0.106402,-0.117304,0.043383,0.061024,-0.034099,-0.084951,0.237281,0.223465,-0.056921,0.014774,-0.139443,#
12,0.266388,0.217683,-0.131661,-0.17397,0.073804,-0.127113,0.329281,-0.005499,0.352673,0.28129,-0.294042,-0.095832,1.0,0.242749,0.175544,-0.255944,-0.278076,0.224654,0.038334,0.218194,0.009131,0.113528,0.359047,-0.092751,-0.210338,-0.213638,0.043814,-0.231292,0.308721,0.213138,-0.454792,-0.085307,0.241758,-0.112898,-0.104685,-0.104184,0.090135,-0.156632,-0.092582,-0.223938,0.240259,0.422547,0.037271,-0.057351,0.060658,-0.289984,0.47478,0.357838,-0.126206,0.017524,0.127658,-0.097531,0.180413,0.020607,-0.156403,0.047411,0.255734,-0.117075,0.104071,-0.108417,0.079784,0.216439,-0.098437,0.034756,0.134362,0.327073,0.157111,0.190322,0.269563,-0.264238,0.180755,-0.035188,-0.119434,-0.125403,-0.164911,0.240828,0.054876,-0.190247,-0.119878,-0.182402,-0.04982,-0.289839,-0.348805,-0.108123,0.017342,0.24804,-0.22493,0.075454,-0.006336,-0.093905,-0.282297,-0.023081,-0.369642,0.194419,-0.178304,0.022425,0.352664,-0.012963,0.112918,-0.302539,0.162235,-0.189936,-0.118373,-0.127956,-0.074907,0.05719,-0.177279,-0.103777,-0.389962,-0.088382,0.394342,-0.08939,-0.063519,-0.325604,-0.052021,-0.084577,-0.45276,0.052808,0.12184,-0.447389,-0.078696,-0.407376,-0.002595,-0.399513,0.003794,0.281407,-0.309255,-0.07419,0.040606,0.042128,-0.203499,-0.201515,-0.122897,0.088938,-0.203542,-0.030466,-0.065228,0.002634,0.081854,-0.101815,-0.187819,-0.269794,-0.111672,-0.212561,-0.060152,-0.126561,-0.231538,0.305759,-0.085268,-0.122061,-0.257941,-0.399072,0.125146,-0.094707,-0.056816,0.207619,0.469501,0.274669,0.012003,-0.12751,0.012744,-0.143131,-0.086394,0.293877,0.119576,0.173314,0.134669,-0.104706,-0.145067,-0.038697,-0.027991,0.094364,0.143859,-0.110757,0.380092,-0.015505,0.036601,0.116939,0.228237,-0.185515,0.052242,0.099794,-0.252593,-0.384721,0.234325,0.002043,0.337189,-0.004308,-0.416564,0.355685,0.296474,0.002009,0.01532,0.008796,-0.055573,0.030129,0.165498,-0.146285,-0.006859,-0.029251,#
13,0.257238,0.194747,-0.125988,-0.318342,-0.060954,0.258423,0.01131,0.142031,0.093036,0.102688,-0.07106,-0.15947,0.242749,1.0,0.144882,-0.021198,-0.189454,0.074065,0.154257,0.060507,-0.006535,0.131074,0.497971,0.051473,-0.281113,-0.31998,0.245356,0.186498,0.277453,0.111943,-0.242356,0.137717,0.180666,-0.070779,-0.055582,0.056497,-0.100634,0.071182,0.039649,-0.333222,0.001262,0.248777,0.21629,0.337207,-0.119078,-0.43548,0.254382,0.248828,-0.050128,0.127615,0.24378,0.049174,0.03438,-0.030174,-0.240261,-0.122599,0.057435,-0.032166,0.097968,-0.002733,0.270679,0.177345,-0.159926,0.076905,0.121991,0.366706,-0.024502,0.478862,0.246576,-0.062012,-0.08219,-0.154028,0.03236,-0.273233,-0.189764,0.27461,-0.038587,0.043517,-0.267416,-0.050441,-0.328752,-0.227108,-0.113924,0.098793,-0.042576,-0.077913,0.009832,-0.059715,-0.001177,-0.261136,-0.161106,-0.083614,-0.224281,0.241905,-0.036628,-0.129957,0.01942,0.03428,-0.085799,-0.39274,-0.049881,-0.008876,-0.086548,-0.177862,-0.068249,-0.068507,-0.18591,-0.444258,-0.180793,-0.001869,0.304119,0.167337,-0.110853,-0.057432,-0.112935,-0.038694,-0.279988,-0.093122,-0.021404,-0.161897,0.010915,-0.29482,-0.059349,-0.160099,0.059487,0.122916,-0.221464,-0.076933,0.015197,-0.061857,-0.238328,0.095174,-0.230679,0.168913,-0.187529,-0.183025,-0.085768,-0.325184,0.139957,-0.100047,-0.163758,-0.290171,-0.248508,-0.176854,-0.116035,0.015558,-0.178511,0.050378,0.016589,-0.102625,-0.198975,-0.215215,-0.041354,-0.203793,-0.12342,0.174052,0.334323,0.257342,-0.193502,-0.029272,-0.09209,-0.228222,-0.014474,0.308802,0.024028,0.025571,0.102598,-0.002019,-0.058704,0.027431,-0.050847,0.156604,-0.097423,-0.276353,0.264435,0.059465,-0.028632,-0.147766,0.30221,-0.274259,0.154265,-0.178613,-0.252921,0.01935,0.139591,0.063479,0.042943,-0.282038,-0.084796,0.340879,-0.014265,0.000462,0.210074,0.128445,0.122153,0.02552,0.373494,-0.150945,-0.007251,-0.007547,#
14,-0.028861,0.282585,-0.287349,-0.268718,0.134835,0.209656,0.366665,0.212007,0.294729,0.168643,0.117619,-0.08894,0.175544,0.144882,1.0,-0.180886,-0.2018,-0.099916,-0.024991,0.051718,0.170382,0.177483,0.136472,0.062207,-0.072978,0.047496,0.165195,0.241218,0.310853,0.103424,-0.283288,0.105162,0.304476,0.004637,-0.261896,0.104618,-0.195338,-0.114186,0.324837,0.203393,-0.2997,0.256612,-0.256639,0.198703,0.051929,0.005657,0.195303,-0.138636,0.049845,0.225048,-0.025284,-0.153094,-0.025275,-0.119068,0.012733,0.041431,-0.045405,0.078169,-0.105963,0.238535,0.103016,0.316128,-0.264411,0.29102,0.16212,0.209367,-0.099156,0.1136,-0.032301,-0.381607,-0.114565,-0.232821,0.210089,-0.136237,-0.332505,0.042093,0.038073,-0.127437,-0.257272,-0.309636,-0.25205,-0.210593,-0.217705,-0.261154,-0.372536,0.014023,-0.09932,-0.18352,-0.368802,-0.210825,-0.203333,-0.150823,-0.333812,-0.026826,-0.158157,-0.078602,-0.113392,-0.006773,-0.028839,-0.179587,0.110819,-0.099659,-0.23544,-0.183403,-0.155579,-0.108192,-0.37906,-0.090229,-0.234628,-0.305561,-0.072576,0.12538,-0.294872,-0.216581,-0.355967,-0.146232,-0.167628,-0.27816,-0.269545,-0.210668,-0.228594,-0.178838,-0.236081,-0.157544,0.041327,-0.113613,-0.089785,-0.153134,-0.409379,-0.171427,-0.283843,-0.431538,-0.282415,-0.009039,-0.276441,-0.043326,0.020301,-0.213222,0.142993,-0.121676,-0.281236,-0.318932,-0.366935,-0.037744,-0.113536,-0.359912,-0.082276,0.055991,-0.018818,-0.255098,-0.098019,-0.170169,-0.110482,0.041661,-0.202074,0.089961,0.354191,0.2517,-0.303792,0.087134,0.075983,-0.097602,0.047287,-0.122339,-0.189228,0.275877,-0.001708,0.109043,-0.024059,-0.163291,0.243962,-0.06767,-0.032319,-0.25814,0.493908,-0.124676,-0.189658,0.103591,0.370713,-0.167887,0.197549,0.324738,0.229164,0.077659,0.124268,-0.008269,0.098343,-0.118849,-0.098344,0.204667,-0.109063,0.399938,-0.020901,-0.129915,-0.149214,-0.098176,-0.05611,-0.243657,0.004643,0.134883,#
15,-0.140066,-0.118493,-0.159095,-0.138284,-0.197507,0.039237,-0.14078,-0.033714,-0.225824,-0.061492,0.146824,0.167639,-0.255944,-0.021198,-0.180886,1.0,0.029437,-0.246891,0.204242,0.009302,-0.14633,0.224656,-0.251171,0.041095,-0.051585,-0.000207,-0.064019,0.055643,0.009603,-0.173581,-0.006299,0.109439,-0.053134,0.154301,0.369747,0.242303,-0.059115,0.180533,-0.153947,0.084112,0.032233,-0.200885,0.097883,-0.039477,-0.069945,0.10613,-0.427534,-0.146815,-0.033133,0.068777,0.124181,0.091745,-0.148071,0.062407,-0.177993,0.244318,0.160104,-0.108665,0.068865,-0.014578,0.12649,-0.048739,0.183442,0.010541,0.126518,-0.275215,-0.140799,-0.042377,0.097899,0.245583,-0.016481,-0.009842,0.183535,-0.009853,0.158675,-0.047001,-0.106293,-0.059683,0.117307,0.061154,-0.044515,-0.032726,0.190687,-0.08195,0.193746,0.04913,0.05498,-0.240256,0.004036,0.144537,0.232829,-0.12619,0.114037,-0.227732,0.094732,0.004902,-0.034611,-0.179312,-0.281819,-0.07548,0.098308,0.046884,-0.036813,0.062371,0.208761,-0.020428,0.083821,0.004827,-0.029952,-0.009393,-0.226139,-0.087674,-0.009662,0.135961,-0.035904,-0.013238,0.17899,0.140183,-0.131587,0.368934,0.195674,0.238524,0.025376,0.158278,0.041706,-0.042761,0.217645,0.111828,0.077877,-0.046112,-0.039638,0.159473,0.076471,0.062054,-0.106064,0.051664,-0.219395,-0.105453,-0.212497,-0.046541,0.011643,0.084358,-0.065561,0.272993,-0.14282,0.016563,-0.03721,-0.282627,-0.133259,-0.082269,0.12548,0.094184,-0.100674,0.131496,0.023285,0.085713,-0.358073,-0.1387,-0.046448,0.107548,-0.167578,-0.05535,-0.129359,-0.107642,-0.209078,-0.093115,0.056184,0.129863,0.030507,0.151006,-0.013033,0.140788,-0.177267,0.15507,-0.100494,-0.074099,0.009789,0.044686,-0.259801,0.176629,0.167387,-0.086064,0.099407,0.261026,-0.091507,-0.082206,-0.098771,-0.086046,0.16866,-0.184436,-0.257775,-0.146649,-0.053282,0.082476,0.015926,0.207333,0.193163,0.207395,-0.087666,-0.214068,#
16,0.168625,-0.091546,0.006465,0.135552,0.30768,-0.008615,-0.260378,-0.028103,-0.419706,-0.121487,-0.020211,0.023527,-0.278076,-0.189454,-0.2018,0.029437,1.0,-0.108632,-0.184544,-0.294287,-0.211426,-0.125633,-0.414084,0.026935,-0.21917,-0.072615,-0.384299,0.02486,-0.19469,-0.126224,0.170205,-0.097048,-0.146271,-0.17802,0.064927,0.030105,-0.188371,0.104648,-0.059362,0.090779,-0.067134,-0.300446,-0.082481,0.234601,-0.128251,0.195056,-0.343847,-0.322276,0.021688,-0.21339,0.071745,-0.035202,-0.043667,-0.086434,0.110748,-0.157554,-0.219499,0.062639,-0.224058,0.057503,-0.187466,-0.172875,0.150816,-0.044366,0.16928,-0.038498,0.262571,-0.123244,-0.205994,0.004042,-0.399604,0.134459,0.111232,-0.180226,0.017422,0.145577,0.033104,-0.025528,0.165956,0.101045,-0.211917,0.154715,0.048085,0.089658,0.057966,-0.208326,-0.149111,-0.230565,0.069873,-0.074327,0.0129,-0.170564,0.28459,-0.421354,0.054447,-0.261659,-0.15332,-0.04778,-0.271843,0.10282,0.210261,-0.188816,0.10293,0.071388,-0.02442,-0.197412,0.183773,0.022917,0.012802,0.189247,-0.258333,-0.093602,-0.158816,0.050555,-0.240623,0.199353,0.123666,-0.166923,-0.321642,0.327385,-0.225443,0.279161,-0.289328,0.329824,0.123668,-0.188585,0.035031,0.065855,-0.158153,0.107519,-0.111836,0.236462,-0.08845,-0.146936,-0.003661,-0.122254,0.275822,-0.300498,-0.650412,0.012579,0.005676,0.186499,0.018347,0.098207,0.080323,-0.103564,0.045357,-0.081726,-0.060925,0.017968,0.055641,0.234421,-0.178952,-0.097676,-0.190277,-0.316535,-0.26888,-0.115088,-0.077159,-0.126893,-0.060597,0.104415,-0.137716,-0.337215,-0.184205,-0.036433,-0.075893,-0.32499,0.130442,0.017224,0.306999,-0.200669,-0.293756,0.111583,-0.234146,-0.104292,-0.084053,-0.175369,-0.192919,0.209888,-0.058622,-0.04487,0.517541,0.097572,0.045673,-0.158036,0.13659,0.216093,0.339507,-0.064348,-0.054304,0.177274,0.10128,0.244216,-0.042411,0.341826,-0.261228,-0.012291,-0.425445,0.252283,#
17,0.209455,0.297769,-0.048984,-0.051019,0.131921,-0.04318,0.04473,0.017287,0.170342,0.241725,-0.170073,-0.108035,0.224654,0.074065,-0.099916,-0.246891,-0.108632,1.0,0.226869,0.105224,0.254681,-0.02936,0.284809,-0.087694,0.069401,-0.158068,0.024199,0.100652,-0.066552,0.082222,-0.130442,-0.011456,0.164192,0.148079,-0.040305,-0.228668,0.15026,-0.1952,-0.001679,-0.158764,0.084274,0.269739,0.250668,-0.139954,-0.275507,-0.205831,0.321198,0.279212,0.054933,-0.158528,0.313625,0.020158,-0.16833,-0.201218,0.048923,-0.1763,-0.057963,-0.109961,-0.022113,-0.095838,-0.05283,0.163116,-0.19518,-0.010601,-0.064902,0.325473,0.221228,0.234042,0.326395,0.253722,0.087644,0.074822,-0.412311,-0.038745,0.097903,0.100765,-0.179783,-0.169889,0.059147,-0.30326,0.172883,-0.106073,-0.146,-0.068808,-0.084976,0.329171,-0.223336,0.202786,0.137271,0.044492,0.039751,-0.0412,-0.1867,0.392569,-0.098055,-0.039959,0.191561,-0.071197,0.145048,-0.309048,-0.260151,-0.276694,-0.126502,0.118072,-0.043615,-0.015236,-0.16473,-0.142013,-0.295336,-0.106303,0.377256,-0.038117,0.202742,-0.128438,0.157495,-0.083991,-0.399424,-0.032416,0.404034,-0.39784,-0.139529,-0.099914,-0.064397,-0.338555,-0.152338,0.190264,0.080653,0.058175,0.0369,-0.205944,0.106129,-0.106702,0.193978,-0.024791,0.023534,-0.085036,0.042378,0.012292,0.223218,-0.05945,0.043399,-0.021447,-0.091823,-0.144724,-0.022642,0.152397,-0.000513,0.333733,-0.05797,-0.071516,-0.251358,-0.008025,0.076083,-0.047416,-0.180575,0.092807,0.444195,0.224168,-0.303648,-0.054604,-0.153039,0.194108,0.183034,0.427283,-0.04281,0.481941,-0.067885,-0.129416,-0.291816,0.120565,-0.149281,0.257975,-0.022266,-0.11594,-0.074053,-0.127487,0.13205,0.053037,0.227518,-0.118536,-0.062079,-0.005527,-0.373351,-0.166903,0.064872,-0.014428,0.176563,0.219711,-0.480475,0.246955,-0.005718,0.004812,-0.047079,0.009435,-0.014188,-0.107997,-0.053256,-0.21146,0.091207,-0.052638,#
18,0.119318,0.302496,-0.005649,0.07965,-0.065611,-0.238745,-0.001509,-0.141222,0.163305,0.160681,-0.1247,-0.328462,0.038334,0.154257,-0.024991,0.204242,-0.184544,0.226869,1.0,-0.071516,0.389202,-0.23232,-0.047529,0.072281,-0.177257,-0.244532,0.12312,0.223466,0.104022,0.115137,-0.04572,-0.075702,0.209644,0.03771,-0.008298,-0.013925,0.111793,0.206755,-0.214204,-0.055044,0.110044,-0.257819,0.046557,0.054596,-0.118905,-0.138275,0.109577,0.042241,0.233941,-0.060855,0.091542,0.209279,-0.211581,-0.003904,-0.003664,-0.070575,0.034477,-0.074281,-0.072465,-0.216854,0.031536,0.069646,0.01956,0.049388,-0.031128,0.153593,0.111848,0.038607,0.034286,0.051891,-0.167674,-0.125382,-0.051356,-0.073524,0.152774,0.037373,-0.171591,-0.098105,0.19472,-0.11001,-0.132212,0.017927,0.109368,0.235617,0.015008,0.106341,0.036517,0.063698,-0.086167,0.26997,0.277183,-0.058405,-0.234036,-0.069555,-0.039335,0.014167,0.022569,-0.090996,0.03236,-0.030386,-0.077972,-0.126746,-0.154991,-0.030788,-0.093841,0.161541,-0.2912,0.020102,-0.08959,-0.044004,0.158037,-0.011288,0.185852,-0.099451,0.074023,-0.06825,0.194482,0.103781,0.212978,-0.16034,0.020073,0.297547,0.008711,-0.073112,-0.040188,0.097589,0.046389,0.097433,0.199325,-0.138723,0.075212,-0.016666,0.098896,0.091618,0.002633,0.069966,-0.218648,-0.042404,0.015636,0.035495,0.024008,-0.065683,-0.33175,0.181782,0.229518,0.130307,0.165927,0.115584,-0.080258,-0.013428,0.088273,-0.006677,0.218362,0.0992,-0.006687,0.052469,-0.023472,0.21242,0.054885,0.096679,-0.175456,0.051709,-0.022974,0.125803,-0.037596,0.036756,-0.041511,-0.068385,0.068105,0.287148,-0.26091,0.147681,0.064459,0.027004,0.001953,0.206807,0.12033,0.103214,0.030706,-0.151898,-0.08671,-0.04668,-0.11398,-0.13862,0.195041,-0.110569,0.00923,0.121561,-0.143249,0.067339,0.073422,-0.046624,0.123755,0.197198,-0.076902,-0.252578,0.020489,-0.099646,-0.054435,-0.098195,#
19,-0.296139,-0.208294,-0.197016,0.038002,-0.182119,0.187705,0.065745,-0.047659,0.039574,-0.202975,-0.063859,-0.067003,0.218194,0.060507,0.051718,0.009302,-0.294287,0.105224,-0.071516,1.0,0.170389,0.241329,0.1476,-0.091763,0.114048,-0.077735,0.185253,-0.075971,-0.181406,-0.233152,0.001195,0.172664,0.157525,0.022068,0.070389,-0.277745,0.144558,0.155712,-0.035586,-0.060893,0.364507,0.395195,-0.06417,-0.290764,-0.003605,0.128889,0.268509,0.248735,0.207119,-0.087087,0.155503,0.056901,-0.017598,-0.074419,-0.207375,0.359814,0.160831,-0.154575,0.18511,-0.118913,0.084144,-0.105542,0.117926,0.136904,-0.078675,0.133869,0.155416,0.196198,0.134519,0.162218,0.28794,-0.008485,0.054727,0.23646,0.223311,-0.327174,0.333687,0.188744,0.272516,0.055028,0.297517,0.204002,0.179031,-0.472777,0.31394,0.235795,0.050199,0.341256,0.239923,0.144713,0.228506,0.206281,0.041248,0.325371,0.155439,0.198825,0.36439,0.187969,0.04129,0.027688,0.021753,0.323998,0.131548,0.195988,0.279132,0.251075,0.157566,-0.077695,0.214994,-0.046681,0.384529,-0.271282,0.216843,0.072796,0.226075,0.062212,-0.043885,0.387106,0.153597,0.048128,0.308891,-0.003665,0.351471,-0.129252,0.129223,0.276424,0.006856,0.09997,0.172091,0.300473,0.031275,0.249335,0.133892,-0.18257,0.220485,0.16712,-0.239836,0.21636,0.066875,0.280787,0.320121,-0.241574,0.076039,0.031852,-0.002749,0.118374,-0.057903,-0.092484,0.287203,-0.04484,0.16522,0.069846,0.277837,0.332178,0.34518,0.449762,0.104919,-0.289751,0.371008,0.099038,-0.092231,0.003919,-0.032742,0.360737,0.214344,0.064981,0.370816,0.272532,-0.346188,0.159873,-0.359074,0.000299,0.235923,0.233275,-0.061294,0.272686,0.43646,-0.153436,-0.052485,0.076495,-0.083131,0.015361,-0.145699,-0.094041,-0.186363,-0.005863,0.048131,0.1122,-0.305787,-0.211158,0.068236,-0.302235,-0.181367,-0.264014,0.07091,-0.298545,-0.051385,0.172279,0.136408,-0.03216,#
20,-0.24066,0.028528,-0.128272,0.107428,-0.15713,-0.0164,0.034321,0.170515,0.021837,-0.183012,-0.146608,-0.341402,0.009131,-0.006535,0.170382,-0.14633,-0.211426,0.254681,0.389202,0.170389,1.0,-0.014336,-0.145005,0.011144,0.05167,0.130372,-0.030471,0.025367,-0.068569,-0.025086,0.06961,-0.1761,0.162315,0.17987,-0.079496,-0.122976,0.070517,-0.056274,0.157396,-0.089123,-0.090924,-0.027508,0.059341,-0.133238,-0.066023,0.273218,0.129519,-0.090228,0.156242,-0.137485,0.099731,0.110024,-0.251265,0.206101,-0.050201,0.149411,0.064088,0.007713,-0.039144,-0.00388,0.129844,0.164363,-0.087752,0.054175,-0.188701,0.077078,-0.136798,0.209721,-0.000958,-0.125942,-0.152146,0.172084,-0.046927,0.240449,0.310424,-0.119928,0.178142,0.176256,0.084544,-0.114779,0.162415,0.113612,0.164313,-0.148433,0.061468,-0.020804,0.11444,0.287992,0.141205,0.286027,0.316715,0.160883,0.175414,0.090382,-0.17304,0.171243,0.106889,-0.008667,0.029303,0.134148,-0.04442,0.08367,-0.002711,-0.050371,-0.063282,0.146668,-0.146593,0.024033,0.044862,-0.257723,0.053838,-0.205276,0.166292,0.084412,0.212922,0.226858,0.144486,0.240842,0.006682,0.02609,0.158223,0.371098,0.191633,-0.02571,0.139741,0.036774,0.12689,0.020284,0.088056,0.142309,0.256454,-0.117306,0.238837,-0.132654,0.266867,0.163677,-0.181481,0.152662,0.128613,0.276268,0.00707,-0.112943,-0.001486,0.190303,0.412995,0.07979,0.31401,0.067293,0.198605,-0.07248,0.030092,0.251104,0.354566,0.09229,0.22329,0.146898,0.082025,-0.040365,0.061254,-0.02688,-0.015285,0.002842,0.014339,0.128148,0.076095,0.187838,0.01579,-0.08737,-0.014897,0.307436,-0.223728,0.14872,0.133494,0.17292,-0.148797,0.173787,0.11622,0.061875,0.010499,-0.076683,-0.064776,0.026865,0.058139,0.027766,0.054465,0.010687,-0.017627,0.311742,0.026866,-0.081694,0.07843,0.150088,-0.265175,-0.203215,-0.088902,-0.140255,-0.153259,-0.010189,0.226349,0.070734,#
