0,1.0,0.047073,-0.177144,-0.20487,0.213363,0.150796,0.427921,-0.198533,0.083454,-0.045071,0.431726,0.135674,0.194772,0.109363,0.063584,0.042149,-0.010557,-0.319333,0.404406,-0.004501,0.086518,-0.01483,0.147377,-0.127228,-0.030783,-0.164543,-0.208379,0.063274,0.199579,0.010714,-0.251226,-0.059256,0.131481,-0.236988,0.273017,0.119418,0.113108,0.020279,0.002984,0.220142,-0.071602,0.169761,-0.191498,-0.102746,0.134598,0.042061,0.057764,0.149676,-0.145131,0.040435,0.145198,-0.185047,0.109373,-0.081988,0.181126,0.10046,-0.17129,0.081613,-0.134763,-0.041875,0.217671,0.086755,-0.099274,0.193333,-0.283671,0.065853,-0.129425,0.172707,-0.072031,-0.139493,0.050061,-0.009461,0.10009,-0.194714,-0.195473,0.164984,-0.436935,-0.199559,-0.233169,-0.115094,-0.091812,-0.154342,-0.195562,-0.304848,-0.020218,-0.198189,-0.175042,-0.101372,-0.131483,-0.178234,-0.441296,-0.191499,-0.028785,-0.267976,-0.104787,-0.266316,-0.099319,-0.49311,-0.298929,-0.051632,0.375718,-0.03507,-0.134119,-0.307231,-0.169551,-0.139955,-0.198664,0.119607,-0.205317,-0.07149,-0.108421,0.118168,-0.41153,-0.254811,0.021012,0.072574,-0.033706,-0.04953,0.039255,-0.186938,-0.255053,-0.037071,-0.085022,0.070181,-0.117684,-0.039568,-0.097133,0.208374,-0.155554,-0.186449,-0.303424,-0.408997,-0.121402,0.234013,-0.043725,-0.088096,-0.135347,-0.140124,0.161928,-0.094402,-0.161746,0.238799,-0.07991,-0.173547,-0.218506,-0.092888,-0.105261,0.140231,-0.260505,-0.29588,-0.052975,-0.104925,-0.351373,-0.131394,0.248344,-0.097233,0.045365,0.109782,-0.364156,-0.008285,-0.114966,-0.163964,0.04616,-0.271474,0.021307,-0.041694,0.12885,0.06991,-0.250653,-0.17927,0.164671,-0.101065,0.008251,0.016293,0.060885,-0.023396,-0.060319,0.080177,0.151768,-0.340585,-0.034199,0.047258,0.022555,0.277024,0.18389,-0.050815,0.21125,0.053815,0.287747,0.282796,-0.323117,0.174835,0.451922,0.020803,-0.069085,0.129315,-0.034635,-0.188893,-0.0504,-0.154866,#
1,0.047073,1.0,0.027824,-0.087193,-0.004125,-0.019315,0.192033,0.033927,-0.205389,0.203716,-0.049146,-0.014262,0.031264,0.184759,0.015286,0.129857,0.124364,0.067254,0.32453,-0.066301,0.192335,0.084718,0.055151,-0.142205,0.028945,-0.207011,-0.124456,-0.057715,0.177404,0.090027,-0.081385,0.054415,-0.005112,-0.063032,0.086002,0.021077,-0.078863,-0.253558,0.09372,0.047939,0.040172,0.166929,0.017532,0.027278,0.002006,0.02008,-0.002431,-0.048287,0.17813,0.368423,0.036169,0.000525,0.060537,0.079537,0.030924,-0.17141,0.166274,-0.229816,-0.087908,-0.114541,0.050078,-0.14899,-0.074185,-0.012187,0.328789,0.260274,-0.334986,0.000578,-0.074063,-0.117512,-0.101541,0.079187,-0.124284,-0.119995,-0.046279,0.119752,-0.122133,-0.053747,0.171107,-0.065666,0.015454,-0.254309,-0.108617,-0.038265,-0.15849,0.014221,-0.069938,-0.099694,0.014246,-0.088252,-0.224526,-0.005081,-0.03575,-0.188503,-0.037831,-0.088952,-0.034764,0.117222,0.357481,-0.013549,-0.063077,0.072967,0.03979,-0.059102,-0.2471,-0.097187,0.114217,-0.131462,-0.328477,-0.087573,0.20757,-0.022252,-0.054203,0.037835,-0.073803,-0.067185,-0.160669,0.051327,0.034874,-0.179402,-0.148054,-0.039964,-0.323156,-0.15777,-0.173374,-0.193101,-0.077526,-0.174089,-0.243215,-0.176258,0.078497,-0.216953,-0.118378,-0.036234,-0.172741,-0.242025,0.100796,0.126967,0.136234,-0.191131,-0.118913,-0.219314,0.107733,-0.055613,-0.021174,-0.219885,-0.503417,0.110807,-0.014062,-0.020309,-0.037327,0.100963,0.077962,-0.182614,-0.121651,-0.076466,0.113133,0.101864,-0.079071,0.088659,-0.138273,0.045138,-0.167179,0.038125,-0.094888,0.292004,0.234895,0.117211,-0.18685,-0.326273,0.161126,0.180689,-0.039564,-0.033833,0.080547,-0.16062,0.01852,0.041354,0.107795,-0.077144,0.096242,-0.058243,0.085478,0.239188,0.275142,-0.135853,0.101153,-0.190776,0.078247,0.133043,-0.038211,0.127235,-0.084578,0.077415,-0.110038,-0.049966,0.206649,-0.096413,0.027669,0.110721,#
2,-0.177144,0.027824,1.0,-0.346214,-0.144134,-0.087966,0.050327,-0.119772,0.021496,0.084162,-0.009343,-0.155314,0.074726,-0.004035,-0.234203,0.084455,-0.151016,0.34298,-0.054596,0.025601,-0.216439,0.060331,-0.046324,-0.016174,0.122628,0.053144,0.058893,-0.233306,-0.004321,-0.190967,0.017461,0.190686,-0.316927,0.097923,-0.034051,0.169704,0.077146,0.481023,-0.016697,-0.234768,0.051565,0.053335,0.081545,-0.078713,-0.027485,-0.294353,-0.109608,-0.019108,-0.005103,0.042085,0.154062,-0.198626,0.142408,-0.203765,-0.227899,-0.063957,-0.082008,-0.252241,0.186795,-0.174443,0.249508,-0.103221,-0.005567,-0.287195,0.229908,0.142794,0.134156,-0.056576,0.15519,0.193584,-0.090301,0.130809,-0.361875,0.051745,0.013809,-0.115754,0.016735,-0.028847,0.052648,0.028635,0.127607,0.073353,0.071288,0.219093,-0.140595,0.078289,0.017877,-0.028034,-0.089547,0.212261,0.050185,0.011399,0.075951,0.126874,-0.061096,0.032931,0.02622,-0.030027,0.080453,0.094369,-0.282533,-0.264687,0.022356,0.125971,0.245725,0.029254,0.044842,-0.091225,0.129758,-0.003555,0.032493,-0.20317,0.073604,0.149793,0.250707,-0.176122,-0.02376,0.125561,-0.110722,-0.124849,0.043778,0.123007,0.002001,-0.238641,-0.140543,0.072745,0.357705,-0.003509,0.16591,-0.017395,0.2722,0.078943,0.031464,0.0818,0.09345,-0.198534,0.094043,0.286154,-0.07699,0.149374,-0.049447,0.124098,0.05858,-0.156784,0.045392,0.08742,-0.010224,0.13836,0.073021,0.195797,-0.008492,0.154301,0.073404,0.016057,0.054225,0.083753,-0.016529,0.033053,0.224493,-0.045002,0.307422,-0.020308,-0.109105,0.300042,0.128322,-0.113617,0.002973,-0.025824,0.088648,0.080634,-0.127668,-0.069919,-0.07088,-0.109945,-0.169831,0.038189,0.135738,0.016217,0.015914,-0.150571,0.102592,0.040726,-0.142992,-0.094311,-0.052717,0.167889,0.174495,0.165996,-0.194562,-0.231466,0.178684,-0.116341,-0.233778,0.220022,-0.086761,-0.080765,0.094819,0.311486,0.201908,0.145416,#
3,-0.20487,-0.087193,-0.346214,1.0,-0.115444,-0.176814,-0.291289,-0.047623,-0.403054,-0.351643,0.084924,-0.110495,-0.2639,-0.485488,-0.002085,-0.179353,0.23723,-0.034069,-0.182092,-0.220202,0.072111,-0.201661,-0.349746,-0.002036,-0.072604,0.113818,-0.028105,0.199886,-0.214686,-0.161827,0.268285,-0.222885,0.114528,-0.003384,0.007364,0.000973,-0.129321,-0.110485,0.029285,0.237756,-0.052757,-0.273095,-0.013538,0.169015,-0.02626,0.476636,-0.078715,-0.093573,0.161303,-0.193053,-0.170707,0.447684,0.007047,0.166874,0.158709,-0.246253,0.301374,0.333591,-0.068495,-0.125569,-0.474893,0.028429,0.215349,-0.081051,-0.091027,-0.301519,0.080708,-0.067899,-0.088422,0.017938,0.151087,-0.248999,0.179025,0.198786,0.201111,-0.10211,0.280552,0.183809,0.085456,-0.038636,-0.002134,0.228877,0.199396,0.031063,0.191436,-0.135903,0.148792,0.31676,0.15806,0.124916,0.033253,0.235667,0.196508,-0.151579,0.154582,0.274084,0.369665,0.101584,0.017208,0.273447,0.216367,0.27134,0.308572,0.282578,-0.104324,0.006525,0.206595,0.217764,-0.046896,0.100376,-0.139614,0.046146,0.304609,0.222573,-0.039941,0.07229,0.228779,0.109354,-0.124396,0.293231,0.212489,0.228808,0.06045,0.347491,0.343889,0.088853,-0.404,-0.084452,0.055459,0.287652,-0.039325,0.403472,0.355207,-0.140626,0.1738,0.279218,-0.00519,0.081937,-0.132485,0.230509,0.153223,-0.136038,0.302496,0.406239,0.447433,0.064592,0.057618,-0.151461,0.332244,-0.135938,0.295368,-0.098706,0.098745,0.09141,0.063649,0.05323,-0.414616,-0.30079,0.233081,0.222719,0.036615,0.135683,0.080925,-0.038831,-0.001824,-0.369946,0.043733,-0.01592,0.097274,-0.039173,0.231649,0.151345,0.074465,0.30906,0.042353,0.168288,-0.169588,0.002492,-0.494494,0.508449,-0.3852,0.113698,0.232337,-0.122358,-0.129254,-0.106818,-0.175632,-0.000567,0.287453,0.0051,0.077926,-0.108735,-0.129702,-0.199201,0.166802,-0.048543,-0.177014,-0.12396,-0.292018,-0.249475,#
4,0.213363,-0.004125,-0.144134,-0.115444,1.0,-0.04422,-0.073155,-0.209421,0.095793,-0.097515,0.31714,0.054841,-0.070118,-0.186493,-0.155103,-0.117288,0.187912,-0.306268,0.005029,-0.078966,-0.153656,-0.362445,0.05129,-0.04953,-0.044577,-0.09731,-0.152638,-0.008066,0.003014,-0.110657,-0.258265,-0.163016,0.067571,-0.224768,0.127919,0.062944,-0.031175,-0.221889,0.112472,0.399793,-0.004502,-0.357921,-0.318804,-0.161091,-0.114056,0.139706,-0.170882,-0.080438,0.063853,0.270218,-0.053776,-0.074557,-0.093536,0.238413,0.012502,-0.014966,-0.094651,0.214657,0.03308,0.236499,-0.221095,-0.20109,-0.015642,-0.16701,-0.145286,-0.083813,0.494722,-0.10309,-0.076444,-0.251378,-0.126629,-0.112834,0.028063,0.120273,0.118304,-0.00996,-0.213384,-0.181302,-0.15904,-0.141786,-0.299952,0.143078,0.178752,-0.090654,0.173076,-0.117075,0.006794,0.027785,0.062563,-0.131026,0.108225,0.21218,0.117604,-0.072079,0.105129,0.022973,0.127462,0.04956,-0.031552,-0.044391,0.10459,0.047029,0.083412,-0.119784,0.163504,-0.042117,-0.03806,0.111615,-0.165365,0.215191,0.105391,-0.101363,-0.188628,-0.059679,-0.170417,0.259672,-0.099588,0.307573,-0.329862,0.032565,-0.366454,0.13085,-0.070794,0.080115,0.014741,0.051366,-0.070168,0.074296,-0.030726,-0.241561,-0.024017,-0.260831,-0.016469,-0.144943,0.045022,0.090525,0.160325,0.046096,-0.139736,0.012548,-0.026447,-0.091861,-0.146651,0.14192,-0.12107,-0.227456,-0.072928,-0.045541,0.097259,-0.012452,0.086041,0.111987,-0.179085,0.138268,-0.067442,-0.154889,0.108449,0.031968,-0.273258,0.091771,-0.343607,-0.241372,-0.076007,0.131951,-0.05697,-0.020993,-0.017729,0.064135,-0.07464,0.287037,0.065952,-0.007582,0.200431,-0.014637,-0.201566,0.1146,-0.0515,0.078462,0.033532,-0.045728,-0.120817,0.144742,0.034681,-0.022898,0.078554,-0.003521,-0.006901,0.050799,0.268903,0.019664,-0.1269,0.134829,0.198336,0.053179,-0.142014,0.136983,-0.010573,0.111146,-0.030773,-0.201744,#
5,0.150796,-0.019315,-0.087966,-0.176814,-0.04422,1.0,0.320515,0.364804,0.069063,0.070499,-0.008959,0.28087,0.118535,0.09182,0.120752,0.006221,0.050109,0.052699,0.147675,-0.15252,0.064934,-0.051317,0.19579,-0.097687,0.009914,0.157635,-0.030108,-0.07398,0.15434,0.190738,-0.305139,-0.017882,-0.087242,0.115907,-0.034466,0.090573,0.088877,-0.078621,-0.092899,-0.144448,-0.205475,0.244021,-0.192204,-0.135119,0.105824,-0.043346,0.202987,-0.199506,0.01535,0.075857,-0.060006,-0.059913,0.300454,0.101745,0.05116,0.192277,-0.168234,0.179056,-0.301954,0.006049,0.150515,-0.037558,-0.012948,0.246267,-0.214035,0.121869,-0.129621,0.037917,-0.078051,-0.40804,-0.011745,0.034986,-0.049256,0.053943,-0.017629,0.147413,-0.159151,0.055493,-0.200206,-0.070438,-0.23896,-0.362159,-0.141611,0.272165,-0.148364,-0.239754,-0.149949,-0.073528,-0.181287,-0.15619,-0.052285,-0.259245,-0.231691,-0.182392,-0.176974,-0.070248,-0.256606,-0.207964,-0.209939,-0.344923,0.219741,0.015809,-0.121864,-0.193716,-0.352694,-0.346906,-0.081406,0.112613,-0.234489,-0.09053,0.094522,0.403402,-0.395944,-0.247214,-0.026962,-0.070396,-0.031981,0.143609,0.199233,-0.171275,-0.032902,-0.259657,-0.053422,-0.064103,-0.273579,-0.106641,0.029801,-0.01212,-0.409648,0.032465,-0.107845,-0.127484,-0.122533,0.160362,-0.467713,-0.122531,0.181483,0.124562,0.057449,-0.235548,-0.178332,0.039429,-0.233692,-0.076539,-0.125641,-0.283106,0.221302,0.07127,-0.414086,-0.131148,-0.148179,-0.28705,0.055721,-0.165022,0.155914,-0.142867,0.107467,0.023371,-0.546124,-0.209057,-0.220192,-0.13259,0.175175,-0.29269,0.071422,0.010393,-0.208672,-0.140057,-0.056395,-0.202488,0.020464,-0.191001,-0.140426,-0.233109,0.191597,-0.173287,-0.081608,-0.013975,0.120208,-0.07705,0.254905,0.004187,0.011202,0.082235,0.465828,-0.080049,0.186507,-0.025388,-0.059489,0.151932,-0.048905,0.040035,0.114354,-0.119233,-0.303633,0.183784,0.172212,-0.093048,-0.195783,-0.091849,#
6,0.427921,0.192033,0.050327,-0.291289,-0.073155,0.320515,1.0,0.123397,0.276462,0.165921,0.105546,0.229695,0.246439,0.279947,-0.007916,0.228037,0.112909,0.218986,0.269006,0.103131,-0.063518,0.022428,0.220098,-0.084743,0.052313,0.054643,-0.063677,-0.103392,0.43259,-0.030301,-0.238653,-0.083517,-0.061124,-0.168208,0.065248,0.078831,0.243717,-0.193078,0.223162,-0.03304,0.153074,0.311125,-0.158369,-0.142835,0.165458,-0.225884,0.127192,-0.127578,-0.171952,0.081742,-0.043631,-0.298852,0.188072,-0.045946,0.337689,0.019127,-0.115458,-0.154011,-0.081338,-0.179078,0.360375,0.13207,-0.094233,0.273998,0.106591,0.364004,-0.24685,0.181912,0.089725,-0.257878,0.017344,0.167105,-0.17455,-0.466826,-0.287346,0.150193,-0.444663,-0.310456,-0.252043,-0.193994,-0.291784,-0.316498,-0.175409,-0.102317,-0.426679,-0.213472,-0.264353,-0.287521,-0.379099,-0.364197,-0.501005,-0.412644,-0.519731,-0.162764,-0.316677,-0.513488,-0.222386,-0.372296,-0.277181,-0.210313,0.049563,-0.097942,-0.328635,-0.228426,-0.344833,-0.377069,-0.129124,-0.08551,-0.161942,-0.299594,-0.026341,0.08763,-0.382048,-0.361132,-0.094431,-0.272124,-0.075133,-0.053739,0.179849,-0.361442,-0.328468,-0.297373,-0.356211,-0.207716,-0.244655,-0.266538,0.069281,0.175476,-0.35137,-0.257918,-0.32606,-0.397763,-0.334166,0.149654,-0.267365,-0.319601,0.059129,-0.183432,0.145163,-0.455521,-0.304106,0.074567,-0.174713,-0.441255,-0.41541,-0.214972,-0.127482,0.563738,-0.458703,-0.3699,-0.208447,-0.354382,-0.308751,-0.194917,-0.018687,-0.268067,0.171387,0.409447,-0.351385,-0.333981,-0.017202,-0.254206,0.03349,-0.11828,-0.192221,0.197691,-0.127091,-0.027027,-0.405841,-0.229667,0.121177,-0.151287,-0.163222,-0.2826,0.237625,-0.404816,-0.116206,0.251594,0.315658,-0.533921,0.372521,-0.019117,-0.105701,0.353823,0.25706,-0.373731,0.121417,0.005001,-0.137419,0.21216,-0.406653,0.1826,0.223975,0.184748,-0.209033,-0.114785,0.124961,-0.167765,-0.131442,0.227807,#
7,-0.198533,0.033927,-0.119772,-0.047623,-0.209421,0.364804,0.123397,1.0,-0.152656,0.243783,-0.342473,0.07789,0.375422,0.170765,0.289251,0.100901,0.11569,0.228497,0.104724,-0.064563,0.332622,0.275208,-0.001555,0.063754,-0.025282,0.11692,-0.071477,-0.280364,0.036365,0.156012,-0.136853,-0.058251,0.136206,0.23457,-0.238534,-0.142928,-0.172463,-0.124908,-0.045106,-0.419384,0.110354,0.236681,-0.010388,-0.150065,-0.022595,-0.172808,0.339579,-0.208366,-0.02212,-0.150631,-0.18039,-0.124227,0.10328,-0.091674,0.143468,0.183473,0.14587,-0.150076,-0.172847,0.213453,0.082825,-0.254539,-0.078267,0.314816,-0.043894,0.273342,-0.100673,0.12687,-0.191646,-0.114027,0.113096,0.357688,-0.298867,0.0405,0.031912,-0.115577,0.086993,0.234543,0.071701,0.083568,0.015894,-0.371385,-0.163927,-0.071282,-0.026141,-0.045592,0.073383,0.051559,0.152563,0.18157,0.138774,-0.192247,-0.063324,0.136571,0.008043,0.021518,-0.105675,0.079695,0.071258,-0.329035,-0.050366,0.190594,-0.094856,0.092872,-0.185265,0.075809,-0.251356,-0.003491,0.028069,-0.180309,0.055407,0.132358,-0.058904,-0.015505,0.02013,0.112239,0.088449,-0.021816,0.116059,-0.129269,0.23627,-0.516251,-0.098683,-0.013279,-0.129399,-0.082261,0.020348,-0.114679,-0.116652,0.110268,-0.187677,0.155686,0.003664,0.039175,-0.146698,0.163802,0.190242,-0.182953,0.06138,-0.249267,-0.270602,-0.123273,-0.171852,0.017627,-0.291657,-0.134778,0.094867,0.019363,-0.097045,-0.00588,-0.075008,-0.021798,-0.01982,-0.078121,0.094853,-0.31871,0.10959,0.218003,-0.140312,-0.086782,0.004572,0.140062,-0.008147,-0.059401,0.171814,0.00612,-0.185778,0.019241,0.161096,0.215315,-0.156416,0.057794,-0.18276,-0.122878,0.270008,-0.18493,-0.143743,-0.229265,0.166312,-0.0114,0.165156,0.172761,0.101825,-0.175172,0.120618,-0.022327,0.018073,-0.065632,-0.279383,0.16551,-0.143546,-0.231366,-0.077731,-0.043228,-0.050692,-0.120312,0.068301,-0.066545,-0.287048,0.186744,#
8,0.083454,-0.205389,0.021496,-0.403054,0.095793,0.069063,0.276462,-0.152656,1.0,0.225981,-0.018453,0.213692,-0.038883,0.19249,-0.02947,-0.138188,-0.210975,0.019616,0.022341,0.113954,-0.180338,0.033872,0.189718,-0.057169,0.078373,0.185996,0.037076,0.100337,0.154137,0.019454,-0.286819,-0.042495,0.01336,0.007922,-0.022127,0.081383,0.045743,-0.03652,0.118243,-0.029364,0.077109,0.084603,-0.134566,-0.063409,0.04611,-0.147216,0.008117,0.056355,-0.087354,0.012439,-0.062295,-0.177115,0.072969,0.183347,0.233347,0.314449,-0.345468,-0.039878,-0.066898,0.063717,0.175613,0.115597,0.043391,0.123727,0.044759,0.073759,-0.133511,0.245878,0.262033,-0.136916,-0.15973,0.073393,0.111738,-0.103093,-0.264296,0.14824,-0.023897,-0.220534,-0.117245,-0.029198,-0.156844,-0.085427,-0.138021,-0.143355,-0.213059,0.157499,-0.39801,-0.323089,-0.15421,-0.436338,-0.032028,-0.312728,-0.427305,-0.00022,-0.166938,-0.091822,-0.262916,-0.111075,-0.381255,-0.162504,-0.088877,0.023359,-0.106425,-0.092634,0.072447,-0.387141,-0.06547,-0.121814,-0.025975,-0.125063,-0.073055,-0.102484,-0.225904,-0.206958,0.061044,-0.183835,0.091601,-0.127901,-0.140017,-0.084379,-0.009666,-0.040115,0.077175,-0.202501,-0.161181,-0.014794,0.316878,-0.008847,-0.087507,-0.056244,0.039275,-0.237621,-0.458851,-0.101288,-0.119346,-0.067879,-0.107394,0.006832,0.039079,-0.08626,-0.116235,0.084567,-0.163331,-0.30805,-0.210709,-0.341894,-0.204794,0.107053,-0.242794,-0.090827,0.05988,-0.089281,-0.245324,-0.276501,0.143513,-0.089283,0.243521,0.266555,-0.245496,-0.308319,-0.116648,-0.07336,-0.023064,-0.126773,-0.286694,0.018032,-0.059285,-0.119116,-0.238958,-0.036105,-0.156299,-0.165861,-0.012815,-0.057968,0.275842,0.000131,0.088598,0.092718,0.372479,-0.280075,0.23689,0.125381,-0.182871,0.115388,-0.052803,0.088066,0.033235,0.064946,-0.30744,-0.100687,-0.099833,0.121348,0.103953,0.053561,-0.021739,0.204843,-0.016172,-0.186148,0.032381,0.060203,#
9,-0.045071,0.203716,0.084162,-0.351643,-0.097515,0.070499,0.165921,0.243783,0.225981,1.0,-0.175811,-0.088863,0.246975,0.523588,0.020339,0.071376,-0.394538,0.356116,0.144958,0.22121,-0.007403,0.195378,0.316148,-0.010915,0.14054,-0.06141,-0.260425,-0.161524,0.217622,0.385811,0.005572,0.134241,0.184519,-0.146503,-0.057003,-0.0505,0.305138,-0.018664,0.046969,-0.463259,0.283532,0.22653,0.07029,-0.137615,0.01318,-0.473887,0.11936,0.297622,0.113256,0.013681,-0.14164,-0.264396,0.357839,-0.067778,0.194662,0.061867,-0.259911,-0.394953,-0.098554,0.254198,0.411814,-0.075047,-0.412065,0.113406,-0.022063,0.271324,-0.039697,0.087698,-0.078251,0.038074,-0.006034,0.352375,-0.189232,-0.067836,-0.110499,-0.069152,-0.002647,-0.216309,0.099644,0.226989,0.051655,-0.298134,-0.313624,0.206158,-0.304976,0.217109,-0.187549,-0.173641,-0.08576,-0.264577,0.031951,-0.087178,-0.33961,0.109108,-0.165856,0.035663,-0.551709,-0.054271,0.217953,-0.313068,-0.359591,-0.033708,-0.289696,-0.102301,-0.022772,-0.181316,-0.201369,-0.406943,0.1254,-0.241921,0.397578,0.28663,-0.317046,-0.152004,-0.040128,-0.213747,-0.083402,-0.109797,0.353732,-0.348861,-0.174579,-0.313279,-0.072885,-0.211926,-0.321429,0.258781,0.394842,-0.079419,-0.142473,-0.28309,0.047521,-0.004785,-0.48067,0.068295,-0.370941,-0.275705,-0.125908,0.095819,0.209887,-0.284108,-0.085206,-0.160866,-0.278004,-0.437962,-0.401636,-0.184442,-0.317219,0.138694,-0.21345,-0.100864,-0.329643,0.165944,-0.095731,-0.550414,0.090001,-0.31574,0.630885,0.429704,-0.172112,-0.391248,-0.115985,0.062959,-0.099422,0.11629,0.207137,0.413937,0.06779,-0.306333,0.024575,-0.082015,-0.240374,0.1697,-0.057304,-0.222981,0.384672,-0.363094,0.06916,-0.251568,0.552484,-0.293456,0.599136,0.217678,-0.516085,-0.195479,0.143551,-0.062138,0.21897,0.060194,-0.551532,0.083915,-0.215543,-0.113147,-0.001882,0.239256,-0.227781,-0.042858,0.250136,-0.003844,0.174049,0.47756,#
10,0.431726,-0.049146,-0.009343,0.084924,0.31714,-0.008959,0.105546,-0.342473,-0.018453,-0.175811,1.0,0.157718,-0.099817,-0.110991,-0.12915,-0.084936,0.051666,-0.283945,0.084095,-0.048387,-0.045384,-0.203289,0.004768,0.062295,0.076071,0.283962,-0.08177,0.111577,0.118381,-0.20972,0.031511,0.131497,0.03616,-0.215078,-0.003114,0.164944,-0.033223,0.098373,-0.020741,0.276518,-0.250996,-0.293304,-0.165979,0.035148,0.145475,0.275876,-0.194821,0.179769,-0.07041,0.132461,0.070493,-0.000234,0.042135,0.0637,0.006998,-0.049544,-0.121286,0.364068,0.007214,-0.12739,-0.248577,-0.09779,-0.008722,0.012117,-0.242308,-0.079882,0.247685,0.171177,-0.090515,-0.143868,0.168687,-0.104003,0.150409,0.08704,-0.071765,0.003451,-0.188145,-0.152472,-0.277472,-0.095846,-0.094409,0.164786,0.043397,0.101402,0.056418,-0.092897,0.117909,0.151358,0.02924,-0.019041,-0.187823,0.093303,0.080542,-0.051194,0.068729,-0.093195,0.165732,-0.329734,-0.046375,0.167215,0.246549,-0.116559,0.051361,-0.230288,0.034045,-0.090979,-0.075363,0.315604,-0.070215,0.323489,-0.209744,0.120933,-0.1474,0.027759,-0.037478,0.125479,-0.243088,0.030909,-0.12669,0.024422,-0.239805,0.373643,-0.029092,-0.038579,-0.071547,0.036803,-0.192511,0.07461,-0.102046,-0.209613,-0.144535,-0.310151,0.018707,-0.177438,0.009763,0.049751,0.058881,-0.048406,0.00266,0.059897,-0.002936,0.261082,0.141307,0.16522,0.094385,-0.163053,-0.055106,0.074878,-0.021535,-0.011929,0.297613,-0.087348,-0.149313,0.071908,-0.051709,0.122326,-0.305506,-0.114986,-0.03263,0.12549,-0.080658,-0.120997,0.052905,-0.082757,0.017211,-0.155643,0.001107,-0.246363,-0.060603,0.023626,0.238499,-0.006331,0.208747,0.122894,-0.108628,0.237468,0.036589,0.097652,-0.117434,-0.0033,-0.224087,0.066168,-0.041247,0.010029,0.106465,0.049238,0.074245,0.199392,0.350312,0.195819,0.104145,0.311722,0.144927,-0.10082,-0.089765,-0.076457,-0.14843,-0.114796,-0.118568,-0.431618,#
11,0.135674,-0.014262,-0.155314,-0.110495,0.054841,0.28087,0.229695,0.07789,0.213692,-0.088863,0.157718,1.0,0.033154,0.119954,0.021719,-0.029795,-0.067633,-0.078406,0.039143,-0.066341,0.187651,-0.172414,0.049635,0.041578,0.027234,-0.080333,0.121671,0.087023,0.087182,0.086396,-0.021975,-0.026173,0.072331,0.055518,0.045195,-0.093491,-0.005852,-0.054538,0.149931,-0.071326,-0.106471,0.16092,-0.239336,-0.190855,-0.100572,0.236123,-0.111196,0.013544,0.05225,0.070893,-0.297282,0.074867,0.019283,0.223529,0.166329,0.002497,-0.360394,0.057331,-0.335759,-0.077272,-0.121399,-0.209325,-0.038911,0.219959,-0.015898,0.251653,-0.121791,0.385522,0.271266,-0.170038,-0.080694,0.068127,0.052046,0.117622,0.030551,-0.018553,-0.122164,0.048252,-0.238362,-0.13668,-0.22606,-0.332568,0.093516,0.038805,-0.124301,-0.346259,-0.15419,-0.14414,0.155577,-0.141206,-0.048524,-0.291904,-0.117225,-0.012825,0.018967,-0.123076,0.104173,-0.139274,-0.133148,0.04515,0.209252,-0.032334,-0.155672,-0.028329,-0.140121,-0.028329,-0.123079,0.102102,-0.08353,0.058607,-0.00733,-0.002795,-0.274491,-0.155581,-0.016255,0.007107,-0.067773,0.127209,0.119539,-0.044827,-0.077519,-0.075828,-0.05846,-0.016012,-0.08661,-0.036066,-0.071822,-0.102238,-0.185116,0.020229,-0.110639,-0.093032,-0.195386,0.050418,-0.219542,0.201587,-0.055681,-0.255058,0.090362,-0.381,-0.013497,0.212019,0.096834,-0.022119,0.125446,-0.313979,0.108985,0.042563,-0.232379,-0.117388,0.14765,0.054829,-0.073473,0.129843,0.218098,0.085261,-0.018627,0.118993,-0.180773,-0.175291,-0.141695,-0.061089,-0.048078,-0.156162,-0.274566,-0.10258,-0.012231,0.123341,0.135324,-0.003,0.223375,0.079174,0.053826,-0.09619,0.123918,0.022699,0.119145,0.326068,0.175001,0.149557,-0.005414,-0.045877,-0.05411,-0.097326,0.319656,0.214143,-0.02865,-0.039784,0.163354,0.165134,-0.140394,0.267598,0.094371,0.075599,-0.240646,-0.030678,-0.016927,-0.204873,-0.068206,-0.205911,#
12,0.194772,0.031264,0.074726,-0.2639,-0.070118,0.118535,0.246439,0.375422,-0.038883,0.246975,-0.099817,0.033154,1.0,0.463766,0.078038,0.210968,-0.024954,0.375458,0.219474,0.127623,0.132969,0.115927,0.321701,0.040097,-0.003733,-0.248931,-0.065773,-0.060303,0.259904,0.175211,-0.033221,-0.047822,0.017186,0.157553,-0.150068,0.114061,0.106305,-0.091318,-0.053056,-0.11744,-0.000887,0.118574,0.070426,-0.194357,-0.231357,-0.354761,0.325644,0.15093,0.033537,0.016562,0.00292,-0.19239,0.159533,-0.101505,0.054015,0.067125,0.066574,-0.313965,-0.048355,0.100088,0.332298,-0.155298,-0.169308,0.272965,0.01316,0.110027,-0.219194,0.126569,0.05135,0.020842,-0.097785,0.232461,-0.371198,-0.196206,-0.187673,-0.032378,-0.180098,-0.088336,-0.067116,-0.007693,-0.062001,-0.313858,-0.267078,-0.192637,-0.11625,0.065333,-0.054868,0.019629,-0.057042,-0.022265,-0.167307,-0.080168,-0.287978,-0.028376,-0.149716,-0.1533,-0.288104,-0.191786,-0.078311,-0.400376,-0.029506,-0.230081,-0.23929,0.077071,-0.126057,-0.017788,-0.2405,-0.190322,-0.028532,-0.253934,0.086767,-0.076273,-0.236633,-0.221006,0.070718,-0.126391,0.032247,-0.016027,0.15122,-0.176706,0.058659,-0.362559,-0.30602,-0.220156,-0.288755,-0.052891,0.162429,0.038809,-0.197841,-0.200754,-0.172869,-0.051894,-0.261078,0.316934,-0.026597,-0.008293,0.08557,-0.282873,0.006858,-0.269331,-0.397999,1e-05,-0.12613,-0.290921,-0.292272,0.017653,-0.088413,0.303277,-0.281549,-0.065991,-0.330593,-0.047057,-0.062755,-0.212993,0.117005,-0.30715,0.22355,0.207317,-0.161176,-0.202063,0.040758,0.011184,0.089306,0.034727,0.212226,0.133619,0.101459,0.167473,-0.083138,0.009275,-0.144048,-0.103942,-0.371138,-0.120903,0.126458,-0.155343,-0.235978,-9.5e-05,0.163026,-0.299249,0.160938,0.091545,0.164772,-0.133643,0.213005,-0.055381,0.159743,0.204021,-0.173961,0.289842,-0.271958,-0.199967,0.05571,0.13945,0.033141,0.058132,0.142007,-0.030781,0.075377,0.315189,#
13,0.109363,0.184759,-0.004035,-0.485488,-0.186493,0.09182,0.279947,0.170765,0.19249,0.523588,-0.110991,0.119954,0.463766,1.0,0.136049,0.068029,-0.364027,0.117079,0.423284,0.39087,0.237776,0.236034,0.359593,-0.103351,0.00179,-0.130509,0.14245,0.10518,0.318131,0.117922,0.185904,0.160656,-0.045231,-0.00292,-0.281879,-0.110956,0.073467,0.079109,0.026325,-0.350937,0.07794,0.374724,0.013383,-0.220221,-0.117464,-0.550049,0.184008,0.231514,-0.154424,-0.032766,0.045064,-0.202619,0.087776,-0.204029,-0.071175,0.101265,-0.242336,-0.286608,-0.182403,-0.013394,0.477532,-0.049508,-0.243841,0.128309,0.193672,0.21935,-0.222354,0.030104,-0.02352,0.021459,-0.145751,0.359251,-0.045237,-0.293323,-0.230353,0.054391,-0.120084,-0.071377,-0.007921,0.217398,0.072841,-0.354483,-0.339714,0.009181,-0.280224,0.2711,-0.285087,-0.163519,-0.117748,-0.131342,-0.158642,-0.143862,-0.291289,-0.078384,-0.149327,-0.173973,-0.369615,-0.092663,0.211657,-0.323342,-0.242398,-0.120655,-0.339029,-0.317287,-0.166006,-0.091668,-0.08122,-0.411242,-0.000476,-0.253832,0.228463,0.125495,-0.527297,-0.111307,0.217937,-0.171601,-0.198189,-0.144054,0.361411,-0.249173,-0.019577,-0.244805,-0.032688,-0.292046,-0.319687,0.097252,0.18986,-0.081935,-0.233262,-0.317863,-0.053655,-0.200426,-0.384981,-0.025698,-0.082837,-0.196552,0.115145,-0.18195,0.214797,-0.450101,-0.103268,0.091292,-0.059557,-0.355621,-0.420666,-0.004433,-0.157371,0.225394,-0.34527,0.072289,-0.261724,0.21438,0.061736,-0.376675,-0.048225,-0.222201,0.514662,0.235206,-0.137904,-0.377943,0.047078,-0.045327,0.127627,-0.196481,0.13042,0.498719,0.176335,0.031556,-0.132348,-0.043571,-0.317333,0.064928,-0.219091,-0.258828,0.134905,-0.360196,0.001273,-0.013968,0.45831,-0.310618,0.31998,-0.156844,-0.174862,0.020965,0.107729,-0.03859,-0.07986,0.190144,-0.332541,0.17139,-0.177398,-0.114115,-0.031376,0.1986,0.002047,-0.183092,0.161214,-0.152051,0.087261,0.370096,#
14,0.063584,0.015286,-0.234203,-0.002085,-0.155103,0.120752,-0.007916,0.289251,-0.02947,0.020339,-0.12915,0.021719,0.078038,0.136049,1.0,-0.131332,0.022139,0.006446,0.125323,0.083053,0.300955,0.035109,0.186349,0.154965,-0.114728,0.035772,0.217887,-0.023082,0.073708,-0.068929,-0.141688,0.130838,0.142859,0.076117,-0.122028,-0.279304,-0.126006,0.016714,-0.161105,-0.234767,-0.000175,0.297018,0.015363,0.16413,0.254456,-0.133051,0.128093,0.019515,0.054023,-0.079577,0.034613,0.052394,0.166726,-0.18795,0.029657,0.407002,0.067224,-0.132926,-0.176199,0.064531,0.20645,0.107135,-0.088909,0.113918,0.011854,0.013378,-0.047383,-0.146738,-0.085994,-0.120175,-0.117429,0.012224,0.10569,0.076016,-0.012556,-0.100128,-0.142712,0.23193,-0.206074,0.324394,0.035293,-0.208338,-0.078417,-0.019116,-0.000813,0.176268,0.183016,-0.062475,0.05502,-0.072904,-0.076705,0.01654,0.14826,-0.123584,-0.048058,0.003275,-0.171987,0.000262,-0.085657,-0.187959,-0.023445,0.168689,-0.173405,-0.243713,-0.187381,0.046902,-0.306078,-0.092719,0.160008,0.049052,-0.073881,0.116006,0.056644,0.099396,0.165857,0.009858,-0.034301,-0.078398,0.038505,-0.327614,0.04899,-0.331118,0.065186,0.10818,-0.188923,-0.257947,-0.054826,0.056077,-0.248944,0.090916,-0.087721,-0.022328,-0.168514,-0.013161,-0.043771,0.035635,-0.209924,-0.011593,0.059719,-0.133049,-0.101728,-0.07925,-0.218562,0.130167,-0.178561,-0.148624,0.071425,0.000525,-0.222883,0.144508,-0.105495,-0.133197,-0.009944,0.082641,-0.159933,0.073173,0.206148,0.119677,-0.120051,0.29869,-0.022931,0.032237,-0.043061,-0.24299,0.036711,0.138611,0.141277,-0.025161,-0.015289,-0.059949,-0.290371,-0.121361,-0.187134,0.131806,0.074037,-0.221913,0.042531,-0.110791,0.26558,0.00192,-0.079344,0.215919,0.201572,0.00885,0.059671,-0.044085,0.231846,-0.080363,0.098371,-0.051649,-0.067079,-0.114204,0.052803,0.024448,-0.135139,0.06187,-0.074573,-0.146262,-0.068426,-0.118318,#
15,0.042149,0.129857,0.084455,-0.179353,-0.117288,0.006221,0.228037,0.100901,-0.138188,0.071376,-0.084936,-0.029795,0.210968,0.068029,-0.131332,1.0,0.201822,0.323253,-0.050788,0.149846,-0.228755,0.189211,0.163036,-0.05696,0.138911,0.022327,-0.232018,0.056952,0.138476,0.014191,0.004035,-0.04384,0.05039,0.031775,0.003925,0.085691,0.13964,0.12298,0.10315,-0.117664,-0.008369,-0.019026,0.349469,0.172799,-0.208257,-0.085672,0.158815,0.020354,-0.002957,0.229846,0.239921,-0.186811,-0.08185,-0.099679,0.178742,-0.088168,0.02455,-0.273402,0.056397,0.033553,-0.034296,0.235573,0.017128,0.140076,-0.090043,-0.0967,-0.066808,-0.054895,-0.369465,-0.07642,0.140661,0.303035,0.10456,-0.19074,-0.027602,0.243658,0.064398,-0.142603,0.282539,0.02279,0.03698,-0.08174,-0.267712,0.147885,0.041298,-0.161031,-0.035659,-0.332921,-0.126673,0.273517,-0.102594,0.007143,-0.212449,0.09908,-0.190852,-0.246152,0.060977,-0.063495,0.044164,0.062399,-0.095583,0.119169,-0.278008,0.288917,0.01499,0.066668,0.101561,-0.092852,0.008467,-0.19017,-0.054595,0.001435,0.024838,-0.051406,-0.176207,-0.036481,0.174733,-0.229132,0.006309,-0.123071,-0.014289,0.068629,-0.249817,-0.119045,-0.034524,-0.13883,-0.113045,0.271748,-0.020346,-0.12662,-0.097824,-0.1349,-0.014203,0.326295,0.055285,-0.121729,-0.065384,-0.342354,-0.058688,-0.049787,-0.053251,0.045731,-0.246154,-0.308705,-0.102621,0.196353,0.000277,0.225018,-0.153567,-0.210895,-0.145931,-0.045535,-0.05702,-0.001649,0.017743,0.140171,-0.028791,0.276354,0.009078,-0.112882,0.110733,-0.125272,0.18934,-0.096429,0.23648,0.081384,-0.083458,0.202261,-0.183714,-0.048539,0.13609,0.140874,0.090281,-0.141629,-0.028344,-0.026528,-0.014819,0.243343,-0.044981,-0.219678,0.181692,-0.150484,-0.017705,0.200583,-0.033451,-0.028741,0.160992,0.055338,-0.021736,-0.032157,-0.012105,-0.09669,-0.00121,0.180611,0.055705,-0.023961,0.156663,0.003762,0.383787,0.267967,#
16,-0.010557,0.124364,-0.151016,0.23723,0.187912,0.050109,0.112909,0.11569,-0.210975,-0.394538,0.051666,-0.067633,-0.024954,-0.364027,0.022139,0.201822,1.0,-0.044693,-0.089114,-0.004112,-0.084961,-0.073227,-0.141535,-0.015623,-0.292277,0.147795,-0.180541,0.077717,0.030465,-0.196896,-0.247398,-0.085038,0.117783,0.141062,0.173061,0.112404,-0.289097,-0.270847,0.052191,0.307381,-0.082827,-0.237396,0.017287,0.176775,-0.069493,0.296545,-0.090707,-0.471549,-0.018852,0.225896,0.216408,-0.041132,-0.205411,0.036749,0.20431,0.079924,0.391705,-0.005376,0.104845,-0.142633,-0.3781,0.176167,0.204889,-0.09581,-0.178614,-0.182632,0.041971,-0.031907,-0.310456,-0.272784,0.051759,-0.272124,0.016011,-0.050111,-0.07865,-0.038764,0.096871,-0.105701,0.072834,-0.110308,-0.168117,0.116044,0.194934,-0.150656,0.071805,-0.046117,0.267911,-0.108881,-0.090388,0.150243,-0.082083,0.071649,0.008832,-0.029969,0.134254,-0.038563,0.322861,-0.195366,-0.170648,0.161587,0.095464,0.245631,0.186141,0.249748,-0.108939,-0.080233,0.116129,0.043679,-0.05096,-0.085046,-0.338301,-0.092166,0.272908,0.167132,-0.395295,-0.008864,0.207815,0.065128,-0.216991,-0.023092,-0.091138,0.070439,-0.316501,0.067239,0.129974,-0.352876,-0.424374,-0.025433,-0.045602,0.080055,-0.135068,-0.189828,0.210945,0.039102,0.197614,0.081794,0.318968,-0.217586,-0.327927,0.085238,0.050809,-0.08717,0.059484,0.275335,0.022037,-0.058227,0.011205,-0.015297,0.074848,-0.194403,0.169181,-0.163664,0.180139,0.042167,-0.02147,-0.023247,-0.304711,-0.044019,-0.026964,0.296031,-0.189845,0.001171,0.187202,-0.216423,-0.260342,-0.229004,0.038069,-0.011285,-0.163541,0.079646,0.156045,-0.001072,0.018571,0.09175,-0.175822,0.192655,-0.077417,0.197878,-0.262733,-0.047524,-0.237548,0.054729,0.514892,0.078232,-0.149622,-0.210958,0.013594,0.02235,0.278353,-0.080072,-0.055195,0.127003,-0.112034,-0.180872,0.086345,0.08707,-0.062145,-0.0308,-0.120822,-0.166745,#
17,-0.319333,0.067254,0.34298,-0.034069,-0.306268,0.052699,0.218986,0.228497,0.019616,0.356116,-0.283945,-0.078406,0.375458,0.117079,0.006446,0.323253,-0.044693,1.0,-0.161744,0.170362,-0.173518,-0.116622,0.160836,-0.047792,0.176843,0.090379,0.036064,-0.168363,0.097372,0.142433,-0.04521,-0.166572,-0.093905,0.106059,-0.117142,0.064628,0.101191,0.087447,0.037696,-0.339121,0.053474,0.017665,0.197612,0.06531,-0.05963,-0.230641,0.038306,0.031741,0.192627,0.051946,-0.042417,-0.05873,0.262672,0.076015,0.198656,0.081235,0.03527,-0.362684,-0.054616,0.016853,0.246009,0.050848,-0.095241,0.021409,0.09704,0.129841,0.003737,0.067698,-0.06483,0.068133,-0.068666,0.171085,-0.31068,-0.124281,-0.0481,-0.075989,0.031255,-0.111028,0.056598,0.133627,-0.062915,-0.166503,-0.208688,0.356638,-0.26406,0.015195,-0.166099,-0.182812,-0.22441,-0.010943,-0.103162,-0.125151,-0.405118,0.081986,-0.18629,-0.066365,-0.213826,-0.005646,0.025177,-0.124116,-0.40882,-0.216207,-0.215154,0.251122,-0.061076,-0.133946,0.019862,-0.200603,0.191727,-0.00104,0.087221,-0.044604,-0.013303,-0.115825,-0.075342,-0.203404,0.040639,-0.130908,0.116397,-0.148931,-0.040313,-0.190329,-0.291848,-0.288871,-0.263885,-0.030089,0.145401,0.177206,-0.202663,-0.023897,0.145625,0.142299,-0.223481,0.117276,-0.126264,-0.178768,0.100289,-0.090877,-0.145925,-0.148427,-0.233586,-0.087419,-0.116053,-0.296798,-0.073039,0.100153,-0.128807,0.397383,-0.086887,-0.177378,-0.266297,-0.041523,-0.002493,-0.217294,-0.01958,-0.088884,0.057104,0.35434,-0.039292,-0.198346,0.075844,0.04384,-0.191093,0.220036,0.194964,0.147971,-0.122543,-0.042796,-0.014584,0.024022,-0.076991,0.008051,-0.166341,-0.176654,0.03135,-0.194588,-0.110761,-0.031667,0.042292,-0.16446,0.36213,0.077928,-0.061453,-0.098413,0.251516,-0.11481,0.305319,0.220975,-0.391037,-0.02757,-0.023091,-0.303819,-0.144799,0.107367,-0.186703,-0.138133,0.216317,0.10931,0.093573,0.421182,#
18,0.404406,0.32453,-0.054596,-0.182092,0.005029,0.147675,0.269006,0.104724,0.022341,0.144958,0.084095,0.039143,0.219474,0.423284,0.125323,-0.050788,-0.089114,-0.161744,1.0,0.082116,0.211713,0.12419,0.16577,-0.015562,-0.014796,-0.035357,0.001639,0.130783,0.386734,-0.036357,-0.063942,0.220408,0.02013,-0.009763,-0.190072,0.045322,-0.007607,-0.032411,-0.234905,0.075562,0.131415,0.210834,-0.035553,-0.212061,0.07723,-0.126011,0.01169,-0.005541,-0.213273,0.029982,0.026103,-0.056804,0.213233,-0.017736,0.031683,0.119912,-0.05292,-0.191164,-0.079136,-0.035766,0.250259,-0.271674,-0.127448,0.106552,-0.004888,0.161089,-0.345622,0.075697,-0.049341,0.010346,-0.137126,0.144189,-0.040642,-0.337021,-0.258127,0.033348,-0.081921,-0.106704,-0.213534,0.104729,0.200657,-0.184409,-0.033074,-0.345416,-0.011694,0.060802,-0.124186,-0.157319,-0.106456,-0.178754,-0.322391,-0.179216,0.044251,-0.316813,0.175436,-0.237755,-0.21133,-0.074733,0.015742,-0.107777,0.151758,0.075756,-0.045492,-0.377914,-0.184132,-0.043052,-0.26192,-0.076004,-0.250611,-0.126566,0.014372,0.170525,-0.320047,-0.067855,0.25812,0.147587,-0.118985,0.036528,0.202513,-0.178644,-0.035653,-0.028451,-0.102456,-0.044666,-0.350785,0.003548,0.045725,-0.060841,-0.092124,-0.073601,-0.124306,-0.272185,0.029869,0.014354,-0.002727,0.04861,-0.022397,0.056904,0.243869,-0.180003,-0.287034,0.055322,-0.085387,-0.129882,-0.139832,-0.011447,-0.259376,0.123769,-0.398395,-0.081804,-0.124796,-0.056534,-0.003372,-0.300864,0.130614,-0.163078,0.177235,0.036611,-0.326816,-0.152789,0.099162,0.08168,0.012666,-0.304614,-0.041923,0.269195,0.307569,0.156553,-0.258609,-0.152457,-0.063201,0.014377,-0.076793,0.136459,-0.032256,-0.067623,-0.146158,0.067064,0.328928,-0.178874,-0.021135,-0.151003,0.036526,0.345902,-0.001092,0.010774,0.30784,0.109973,0.062952,0.117319,-0.213559,0.021492,0.053931,0.086337,0.037116,-0.056505,0.016819,-0.253112,-0.075464,0.007195,#
19,-0.004501,-0.066301,0.025601,-0.220202,-0.078966,-0.15252,0.103131,-0.064563,0.113954,0.22121,-0.048387,-0.066341,0.127623,0.39087,0.083053,0.149846,-0.004112,0.170362,0.082116,1.0,0.081634,0.184538,0.168611,0.027934,-0.219424,-0.079935,0.234633,-0.012618,0.221794,-0.147785,0.010539,0.266518,0.289067,0.085135,-0.120892,-0.245261,0.084151,0.128462,-0.063727,-0.154763,0.172503,0.039599,0.139458,-0.099849,-0.135838,-0.335608,0.065696,0.284403,-0.118351,-0.086476,0.075257,-0.1675,0.141414,-0.059735,-0.088791,0.063491,-0.058609,-0.177094,0.175248,-0.034684,0.22433,0.030892,-0.107679,-0.105445,-0.007446,-0.048974,0.069483,-0.00167,-0.112619,0.221914,0.001151,0.173443,0.258484,-0.289185,-0.235874,-0.272775,0.180832,-0.003715,0.341077,0.261364,0.240635,0.134899,-0.105808,-0.070202,-0.004792,0.556931,-0.05616,-0.272478,0.12419,-0.100966,-0.125837,0.297333,-0.071745,-0.028089,0.103419,0.080003,0.026559,-0.129006,0.012597,0.036511,-0.347342,0.182945,-0.062385,-0.072785,0.358756,0.052792,0.159021,-0.150416,0.284545,-0.168347,0.033027,-0.137709,0.076744,0.055455,0.13823,-0.052397,-0.009744,-0.026809,0.135653,-0.23976,-0.021974,-0.081787,0.037699,-0.14035,-0.042732,0.247013,0.202312,0.131565,0.169141,0.209546,0.431107,-0.147398,0.006469,-0.036587,0.278632,0.027773,0.144272,0.050079,0.127164,0.150797,0.172437,0.125364,0.016081,-0.050917,-0.155996,0.087456,0.017027,-0.061384,-0.083902,-0.000158,-0.008388,0.104342,0.269145,-0.203034,-0.056755,0.045001,0.252475,0.036417,-0.024458,-0.1279,0.318167,0.022563,0.194985,-0.19,0.033022,0.119796,0.333566,-0.024604,-0.091161,0.216388,-0.277325,-0.092414,-0.22484,-0.094809,-0.208746,-0.072477,0.218281,-0.13711,0.204063,-0.096997,0.120917,0.004622,-0.152932,-0.011362,-0.26232,-0.351077,0.222568,0.28772,-0.261447,-0.064954,0.108311,-0.197291,-0.239117,0.005502,0.274732,-0.226424,-0.307888,-0.154742,0.319025,0.078064,#
20,0.086518,0.192335,-0.216439,0.072111,-0.153656,0.064934,-0.063518,0.332622,-0.180338,-0.007403,-0.045384,0.187651,0.132969,0.237776,0.300955,-0.228755,-0.084961,-0.173518,0.211713,0.081634,1.0,0.071226,0.043608,-0.069792,-0.177928,-0.173863,0.242851,0.016346,-0.234386,-0.139944,0.035386,0.158779,0.409588,0.141828,-0.446599,-0.383927,-0.122269,-0.177071,-0.025148,-0.081426,0.116483,0.201145,-0.300446,-0.006036,0.136201,-0.127072,0.118438,0.011319,-0.005058,-0.101309,-0.191753,0.186506,0.104879,0.097346,0.012801,0.153229,0.005248,-0.009421,-0.408661,0.080092,-0.027855,-0.13809,-0.098751,0.146288,0.19263,0.150571,-0.207019,0.078058,0.147348,0.093179,-0.093205,0.093096,-0.065757,0.107594,-0.221599,-0.226438,0.011715,0.245358,0.037607,0.152427,0.206342,-0.138682,0.080316,-0.088092,0.162102,0.084343,0.054727,0.202401,0.451306,-0.002046,0.06336,0.060104,0.156646,0.108619,0.22905,0.158709,-0.065128,-0.196404,0.145124,-0.136885,0.129582,0.226059,0.161879,-0.052858,-0.00923,0.189122,0.007466,0.061029,-0.036011,-0.090439,-0.056972,0.059675,-0.136767,0.104779,0.271095,0.156499,-0.000394,0.022192,-0.011118,-0.023372,0.183506,-0.298112,0.069856,0.062324,0.072309,-0.034633,0.039153,-0.377425,-0.048233,0.075386,0.080106,0.03613,-0.0024,-0.132523,0.15642,0.356057,0.141983,0.120584,0.200384,-0.030275,0.04098,0.26732,0.074584,0.19151,-0.070703,-0.131006,0.103977,-0.175119,0.045803,0.095063,0.193888,0.080928,0.032585,0.139526,0.120267,-0.019795,0.091094,-0.177866,-0.070934,0.164831,0.0232,0.011772,-0.064726,-0.287595,-0.050609,-0.022262,0.269824,0.142658,0.134629,-0.117258,-0.09582,0.028413,-0.22358,-0.051558,0.084147,-0.022906,0.110567,-0.274894,0.197308,0.098427,-0.242813,-0.098177,0.159989,0.0118,0.077866,-0.028291,-0.065173,-0.124729,-0.126443,0.184793,0.069745,-0.131143,-0.085922,-0.11556,-0.054907,-0.251036,-0.094038,-0.533512,-0.278565,-0.148995,#
