0,1.0,0.039201,-0.033044,-0.292692,0.129131,0.17692,0.288855,-0.128413,-0.062051,0.093091,0.219021,-0.16044,0.28819,0.211703,-0.087134,0.11509,-0.168694,-0.318555,0.36265,-0.0729,0.228765,0.024582,0.123499,-0.299712,-0.151943,-0.314539,-0.157547,-0.162623,0.342916,0.220353,-0.143807,0.03117,0.119352,-0.222723,0.210972,0.194395,0.262802,-0.086864,-0.162719,0.052754,0.049786,0.190672,-0.021617,-0.101187,-0.026618,-0.209055,0.054826,0.018107,-0.039434,0.042386,0.164048,-0.269285,0.232455,0.009405,0.299975,0.024085,-0.155685,-0.037771,-0.118492,0.157979,0.398946,0.083002,-0.043817,0.269924,-0.149091,0.026384,-0.18737,0.256332,-0.13272,-0.180804,-0.025875,-0.000576,-0.077697,-0.212824,-0.307243,0.262898,-0.373707,-0.206316,-0.24206,-0.001937,-0.046849,-0.270266,-0.154545,-0.249418,-0.158474,-0.129698,-0.284997,-0.0619,-0.182312,-0.287286,-0.334391,-0.275328,-0.117088,-0.357867,-0.102622,-0.316745,-0.355372,-0.269162,-0.171334,-0.038397,0.174084,-0.159661,-0.238363,-0.333132,-0.134202,-0.265358,-0.066903,0.165151,-0.232122,0.010664,0.094022,0.240343,-0.460012,-0.29182,0.11019,0.084896,-0.231253,-0.124048,-0.117495,-0.095393,-0.322718,0.081929,-0.036596,-0.18012,-0.193326,-0.003622,-0.060381,0.141022,-0.175951,-0.097226,-0.079095,-0.49958,-0.125909,0.146002,-0.222775,-0.173026,-0.105231,0.056773,0.254847,-0.133959,-0.227722,0.215067,-0.02994,-0.203945,-0.234113,-0.048537,-0.136364,0.108893,-0.290597,-0.232785,-0.151844,-0.189195,-0.18079,-0.255214,0.240125,-0.1282,0.250626,0.036924,-0.323309,-0.153094,0.077206,-0.248725,-0.050923,-0.277104,0.032068,-0.136096,-0.041484,0.097358,-0.182279,-0.250018,0.110745,0.095455,-0.143557,-0.015201,-0.055496,-0.00224,-0.142106,-0.056423,0.093576,-0.214464,0.170443,0.067357,0.057629,0.411451,0.191928,0.058982,0.258128,-0.082852,0.099669,0.323384,-0.267424,0.092955,0.357712,-0.064263,-0.161313,0.252561,0.086182,-0.160601,-0.071537,0.089182,#
1,0.039201,1.0,-0.014457,-0.104063,-0.08182,-0.018572,0.285913,0.107728,-0.095583,0.33808,-0.036604,0.009345,0.093907,0.215563,0.217133,0.060591,-0.095021,0.126487,0.244201,0.040618,0.213012,0.095598,0.191911,-0.128813,-0.076226,-0.256119,-0.159453,-0.021911,0.004094,0.161475,-0.059994,0.075677,0.137337,-0.092634,-0.059198,0.086823,-0.040106,-0.220754,0.045652,0.094148,0.070343,0.213945,-0.106946,0.012342,0.267259,-0.081675,0.124511,-0.089774,0.210438,0.265164,-0.042278,0.046484,0.129739,0.047944,-0.00899,-0.126356,0.069381,-0.278108,-0.184427,-0.172277,0.100675,-0.062651,-0.173883,-0.081934,0.366426,0.172612,-0.157502,-0.01363,0.044768,-0.098233,0.123923,0.037897,-0.032045,-0.268212,-0.061612,-0.064113,-0.178346,-0.047057,0.113167,-0.013579,0.143571,-0.194136,-0.147119,0.05317,-0.187274,-0.040849,-0.040118,-0.178708,-0.024994,-0.031555,-0.19743,-0.154422,-0.225569,-0.011207,-0.046626,-0.085446,-0.002838,0.085154,0.283967,-0.076342,0.009025,0.134412,0.025151,-0.043328,-0.275535,-0.112209,-0.111578,-0.140253,-0.226856,-0.052698,0.198226,0.124702,-0.173021,0.0593,-0.161386,-0.075804,-0.035787,0.015108,0.140556,-0.32469,-0.181944,-0.221401,-0.383319,-0.062571,-0.165915,-0.194312,0.139917,0.067475,-0.235978,-0.158034,0.155765,-0.020418,-0.167739,-0.248893,-0.157268,-0.347013,0.153722,0.24295,-0.009995,-0.088102,0.093154,-0.160624,-0.087489,-0.083324,-0.011172,-0.074696,-0.372558,0.17516,-0.072701,-0.105228,-0.098026,-0.156689,0.066137,-0.153683,-0.08586,-0.086425,0.151409,0.045558,-0.162504,0.074585,-0.088884,0.052487,-0.103477,0.087154,-0.016801,0.336299,0.106189,0.001568,-0.211127,-0.358943,0.049199,0.066782,-0.06349,-0.097954,0.101669,-0.296082,-0.042746,0.062287,0.176454,-0.249911,0.164641,-0.01478,-0.172777,0.115722,0.222793,-0.298488,0.20745,-0.266493,-0.040473,0.236091,0.004138,0.057905,-0.078241,0.182023,-0.073194,-0.194576,0.054684,-0.065589,0.111462,0.047255,#
2,-0.033044,-0.014457,1.0,-0.077371,0.01239,-0.145474,0.164034,-0.027561,0.124998,0.057794,0.153245,-0.120057,0.028337,-0.020384,-0.244918,-0.066679,-0.185556,0.198798,-0.01193,0.136433,-0.087994,0.226232,-0.083067,-0.032823,0.072142,0.096063,0.202518,-0.100001,0.114493,-0.279695,0.060592,0.173461,-0.235988,-0.038016,0.01253,0.062929,-0.068445,0.263408,0.094592,-0.278853,0.268698,-0.000118,0.066897,-0.154088,-0.050017,-0.223205,-0.143959,0.193266,-0.119562,-0.136962,-0.052176,-0.116655,0.271587,-0.10743,-0.222116,-0.069475,-0.129119,-0.200012,0.120761,0.103178,0.082931,-0.224641,-0.064285,-0.295868,0.19706,-0.061737,0.218197,0.09744,0.187808,0.266392,0.129086,0.223178,-0.225326,0.072952,0.021355,-0.125638,0.04542,-0.07488,0.025527,0.016739,0.144371,0.099622,0.046368,0.179842,-0.18828,0.19951,0.190509,-0.046845,0.012022,0.142669,-0.014602,0.005795,0.209531,0.163349,0.071941,0.070143,0.263478,-0.081177,0.16158,0.146667,-0.120453,0.012244,0.130319,0.144831,0.223041,0.143234,0.12137,-0.01762,-0.085126,-0.067244,0.140054,-0.170032,0.061135,0.098665,0.338156,-0.13459,-0.0282,0.195092,-0.02259,-0.054559,0.117977,0.193568,0.034658,-0.045888,0.024722,0.215137,0.288488,0.005765,0.094931,0.065328,0.381486,0.017488,0.149045,0.080043,0.145042,-0.02046,-0.01365,0.374868,0.111006,0.275213,0.04231,0.161227,0.168459,-0.030455,-0.01763,-0.010833,-0.229062,0.102804,0.13385,0.158841,0.050897,0.100346,0.216628,0.000812,0.121474,0.061173,0.005502,0.03022,0.231967,0.029233,0.334256,0.068783,0.056479,0.220664,0.064908,-0.2573,0.064637,-0.075497,-0.023637,0.158299,-0.103629,-0.16115,-0.074818,0.081314,-0.183768,0.088495,0.118646,0.012192,0.018993,-0.133098,0.122326,0.052976,-0.136301,-0.078305,-0.246528,0.143144,0.154703,0.169168,-0.062637,-0.177951,0.079694,-0.222779,-0.239215,0.291554,-0.135373,-0.096319,-0.124816,0.167956,0.170527,0.008386,#
3,-0.292692,-0.104063,-0.077371,1.0,-0.151987,-0.276185,-0.31256,-0.21769,-0.230524,-0.421836,0.039781,-0.147971,-0.367522,-0.423318,-0.075833,-0.236868,0.128202,0.092107,-0.179671,-0.080082,-0.004536,-0.040622,-0.3255,0.089614,0.155076,0.283088,0.126414,0.146896,-0.198772,-0.294286,0.195879,-0.126673,-0.049406,-0.0349,0.045323,-0.092831,-0.218389,-0.054906,0.044432,0.01233,-0.131716,-0.301071,0.070021,0.259933,-0.027011,0.423913,-0.178341,-0.037246,0.172173,-0.119046,-0.124458,0.425271,0.010474,0.144434,-0.115023,-0.070351,0.37374,0.159811,0.045496,0.014007,-0.375665,0.055595,0.303858,-0.16185,-0.146449,-0.284096,0.061657,-0.043665,-0.130718,0.072806,-0.079315,-0.04734,0.166794,0.085777,0.078693,-0.082999,0.367394,0.133569,0.070858,-0.05712,0.042319,0.357376,0.244552,0.003805,0.267432,0.031602,0.269119,0.25821,0.096955,0.080269,0.030032,0.188502,0.150204,-0.126074,0.23761,0.172074,0.437621,0.229639,-0.005992,0.335156,0.033005,0.212691,0.459965,0.185943,0.13992,0.199184,0.310435,0.105939,0.010003,0.08981,-0.119074,-0.107985,0.351332,0.163647,0.139694,0.133696,0.052343,0.025062,-0.19662,0.339348,0.294499,0.369947,0.263476,0.222681,0.298543,0.136213,-0.343177,-0.156945,0.19151,0.276738,0.002898,0.275797,0.34993,-0.059245,0.193276,0.279482,-0.03102,0.012609,-0.122306,0.267036,0.158048,-0.056347,0.326794,0.222267,0.435332,0.153529,0.123925,-0.033127,0.430944,0.096379,0.290837,0.087067,0.149435,0.29552,0.044441,0.269613,-0.344975,-0.288585,0.434965,0.204322,0.000562,0.213829,-0.151569,0.050129,-0.124723,-0.267328,0.173962,0.199941,0.15052,0.206299,0.052433,0.020529,0.304765,0.396641,-0.120202,0.304692,0.07382,-0.103345,-0.534161,0.455738,-0.413843,-0.005052,0.327643,-0.163483,-0.212333,0.008078,-0.201641,-0.020017,0.345763,-0.087954,0.181278,-0.121938,-0.250495,-0.201515,0.018766,-0.112335,-0.020112,-0.00944,-0.173236,-0.310629,#
4,0.129131,-0.08182,0.01239,-0.151987,1.0,0.086221,-0.116443,-0.07495,0.016652,-0.095361,0.293516,-0.138597,-0.043111,-0.254846,-0.155092,-0.054157,0.198922,-0.133662,0.044394,-0.077964,-0.300373,-0.280121,0.124663,-0.100371,0.008425,-0.081368,-0.178272,0.118263,-0.097619,0.018243,-0.334303,-0.179136,-0.050507,-0.019961,0.073244,0.072622,-0.025418,-0.077996,0.056983,0.377934,-0.019617,-0.36362,-0.188745,0.106106,-0.096675,0.193247,-0.129397,0.055616,0.116566,0.20057,0.056122,-0.079027,0.058378,0.213346,0.188668,0.049391,-0.115863,0.274894,0.030044,-0.111796,-0.187234,-0.14269,-0.020666,0.027666,-0.309162,0.067934,0.486133,-0.140641,-0.026407,-0.219623,0.037134,-0.11854,0.061974,0.244921,0.167605,0.045306,-0.040314,-0.185711,-0.07722,-0.139835,-0.208549,0.099413,0.103628,0.096915,0.088705,-0.04065,0.112135,0.103898,0.005605,-0.094639,0.18287,0.181855,0.226024,-0.035723,-0.029656,0.081048,0.12394,-0.017285,-0.168317,-0.010293,0.04666,0.035968,0.142073,-0.074341,0.138421,0.007491,-0.002999,0.128785,-0.096416,0.060167,-0.004284,0.122684,0.088266,-0.089103,-0.151772,0.158161,-0.044664,0.367034,-0.265602,0.080292,-0.292624,0.1616,0.101919,-0.0535,0.174927,0.147805,-0.028791,0.089303,0.107709,-0.054062,0.09029,-0.315508,0.035131,-0.179687,0.01551,0.021345,0.070514,0.122156,-0.170163,0.258637,-0.01798,-0.114277,-0.247432,0.151235,-0.057676,-0.247247,-0.182273,-0.098461,0.093731,-0.13515,0.031962,-0.003434,-0.213391,-0.056475,0.052702,-0.188906,-0.078561,-0.024422,-0.260084,0.191781,-0.26316,-0.240599,-0.152483,0.101199,0.175692,-0.101154,0.000634,-0.020511,-0.033343,0.118975,-0.017399,-0.158807,0.092014,-0.03424,-0.024072,0.222311,0.068513,0.215339,0.042373,-0.02269,-0.167745,0.162535,0.091241,0.087259,0.11624,0.003424,0.096588,-0.029946,0.184241,-0.214422,0.096356,0.044326,0.236194,-0.065204,-0.16688,0.273113,-0.007448,0.118076,-0.09838,-0.211484,#
5,0.17692,-0.018572,-0.145474,-0.276185,0.086221,1.0,0.381562,0.362672,0.079228,-0.061181,0.127154,0.244755,0.121517,0.14022,0.062567,0.037743,0.193178,-0.054313,0.23455,-0.086472,0.142928,-0.03421,0.137895,-0.086984,-0.157579,0.041671,0.070026,-0.027484,0.085768,0.142129,-0.273551,-0.004282,-0.113238,-0.097605,-0.049175,-0.002387,0.089546,-0.114505,-0.07378,0.006402,-0.23918,0.214908,-0.108211,-0.087997,0.006373,-0.206694,0.104734,-0.220481,0.02462,0.269794,-0.022469,0.103685,0.080664,0.155424,0.088457,0.343625,-0.244405,0.105729,-0.193167,-0.186005,0.177219,-0.084436,-0.000815,0.28144,-0.169152,0.267559,0.01148,0.106449,-0.030314,-0.340761,0.020361,-0.041969,-0.191165,0.035462,-0.115155,0.33019,-0.31663,-0.067036,-0.149194,-0.101125,-0.211863,-0.266941,-0.084219,0.005774,-0.136626,-0.316711,-0.088491,0.010102,-0.110589,-0.283089,-0.152661,-0.274976,-0.27578,-0.06749,-0.13693,-0.12831,-0.11675,-0.365858,-0.161254,-0.360346,0.138176,-0.045761,-0.06613,-0.412561,-0.310841,-0.234591,-0.055671,0.110098,-0.261098,0.01185,0.092592,0.265894,-0.409381,-0.300458,0.015367,-0.03644,-0.217751,0.068964,0.150794,-0.210381,-0.158694,-0.312955,-0.012317,-0.337106,-0.144709,-0.084437,-0.162803,-0.051608,-0.304621,-0.144995,-0.213504,-0.200125,-0.13336,0.07751,-0.406556,-0.140625,0.211026,-0.049397,0.002368,-0.343818,-0.19135,0.181231,-0.115869,0.016628,-0.150391,-0.23591,0.231353,0.084235,-0.162764,-0.042971,-0.07229,-0.168688,0.075981,0.124099,-0.069306,-0.198911,0.110322,0.085,-0.431229,-0.151476,-0.147711,-0.2326,-0.092868,-0.223561,-0.029638,0.038143,-0.069169,-0.10119,-0.096063,0.034395,0.146898,-0.14041,-0.085682,-0.204609,0.183142,-0.194126,0.062096,-0.031007,0.148871,-0.133614,0.237396,0.017576,0.120581,0.140023,0.54563,0.005135,0.091387,0.043554,-0.02748,0.215622,0.023972,0.102942,0.307505,-0.204224,-0.362605,0.005979,0.246901,-0.057802,-0.244806,-0.071,#
6,0.288855,0.285913,0.164034,-0.31256,-0.116443,0.381562,1.0,0.368367,0.206185,0.269124,0.094631,0.051479,0.437129,0.341247,-0.065195,0.184206,0.080679,0.1702,0.286475,0.056981,-0.065187,0.199225,0.247401,-0.076125,-0.021131,-0.064236,0.20381,-0.012805,0.542217,0.107247,-0.308186,-0.053172,-0.082484,-0.225292,0.112332,0.144359,0.001141,-0.056302,0.077694,-0.128623,0.183659,0.231733,0.095162,-0.178873,0.055219,-0.420349,0.093843,-0.154242,-0.126278,0.288721,0.091852,-0.159851,0.11471,-0.064532,0.193947,0.133484,-0.017086,-0.301327,-0.053472,0.091846,0.370205,0.114575,-0.112233,0.260986,0.129147,0.277099,-0.102752,0.194155,0.094406,-0.109717,0.198045,0.080293,-0.318868,-0.412523,-0.240212,0.308281,-0.361241,-0.179575,-0.206468,-0.138818,-0.179196,-0.309415,-0.367554,-0.043323,-0.41942,0.037341,-0.121239,-0.31496,-0.151689,-0.319457,-0.448028,-0.417653,-0.481362,-0.23916,-0.111119,-0.422176,-0.162092,-0.350192,-0.055965,-0.395023,-0.016785,-0.062383,-0.282613,-0.281544,-0.308472,-0.188063,-0.097334,-0.184756,-0.184704,-0.197613,-0.127777,0.040126,-0.397432,-0.332003,0.039027,-0.41045,-0.155475,0.025005,0.133268,-0.315118,-0.181432,-0.337803,-0.143655,-0.47996,-0.27107,-0.262068,0.114043,0.195533,-0.28324,-0.262152,-0.260077,-0.404993,-0.4341,0.063156,-0.207041,-0.257348,0.189321,-0.068523,0.019029,-0.395083,-0.218541,0.089342,-0.139411,-0.301468,-0.370552,-0.162376,-0.221559,0.486564,-0.304329,-0.175368,-0.214453,-0.144432,0.045168,-0.08786,-0.111012,-0.401813,0.055685,0.245487,-0.216374,-0.174107,0.015215,-0.270593,-0.108416,-0.04533,0.039672,0.2279,0.099126,0.0227,-0.423185,0.002459,0.158598,-0.047027,-0.201449,-0.167348,0.294753,-0.428501,0.029211,0.15552,0.335598,-0.588691,0.435131,0.145775,0.089721,0.161723,0.317404,-0.330907,0.071408,0.076025,-0.147254,0.175043,-0.27644,0.066851,0.219849,0.092623,-0.229993,-0.030973,0.093548,-0.144382,-0.180618,0.265941,#
7,-0.128413,0.107728,-0.027561,-0.21769,-0.07495,0.362672,0.368367,1.0,-0.018371,0.301394,-0.186519,-0.011432,0.433822,0.245201,0.214961,-0.012559,0.042629,0.170391,0.121413,0.034671,0.103335,0.320353,-0.030511,0.07285,-0.0002,-0.120363,-0.02783,-0.230052,0.114652,0.196274,-0.168664,-0.100643,0.046094,0.05914,-0.267843,-0.083237,-0.026265,-0.03139,0.039766,-0.329332,0.075293,0.159007,0.060691,-0.19825,-0.085649,-0.34433,0.077478,-0.148283,-0.008594,-0.013181,-0.244049,-0.039716,0.181551,-0.03871,0.319976,0.238266,-0.077546,-0.239824,-0.188125,-0.100882,0.189945,-0.012172,-0.149807,0.204973,-0.03207,0.386368,0.00136,0.22612,-0.027657,0.001838,0.277403,0.291474,-0.3096,-0.13627,-0.000134,0.06051,0.113181,0.166205,0.151031,-0.061075,0.037793,-0.351005,-0.204359,-0.131625,-0.224474,-0.004326,-0.011366,-0.016347,0.171135,0.006444,-0.000994,-0.325846,-0.147994,0.165431,-0.000819,-0.045206,-0.02957,0.084122,0.059306,-0.420523,-0.084045,0.100367,-0.055626,-0.056483,-0.204464,-0.006587,-0.331496,-0.109544,-0.083573,-0.345435,0.032153,0.170048,-0.144897,-0.13405,0.007189,-0.114121,-0.070433,0.054536,0.1594,-0.196901,0.056962,-0.578096,-0.066623,-0.166757,-0.178028,-0.085495,-0.0217,0.051781,-0.171945,0.103855,-0.118849,0.077012,-0.082485,-0.061744,-0.123217,0.004963,0.202045,-0.305661,0.028327,-0.2272,-0.106664,-0.105641,-0.29971,-0.062409,-0.167086,-0.100609,-0.120873,0.019637,-0.008221,-0.157287,-0.103869,-0.079606,-0.076503,-0.252165,-0.019024,-0.47115,0.042114,0.191336,-0.215699,-0.105005,-0.024474,-0.01079,-0.240628,0.184086,0.29167,0.14582,-0.074664,0.055418,-0.108122,0.266018,-0.121045,-0.15387,-0.118172,-0.033429,0.345066,-0.285394,0.104204,-0.045919,0.376463,-0.149044,0.192937,0.241983,-0.012829,-0.122515,0.05998,-0.036595,-0.0525,-0.129809,-0.312138,0.211124,-0.178909,-0.212399,0.208602,-0.108342,-0.018057,-0.084761,-0.05325,0.073525,-0.179749,0.130864,#
8,-0.062051,-0.095583,0.124998,-0.230524,0.016652,0.079228,0.206185,-0.018371,1.0,0.258715,-0.024974,0.203616,0.045668,0.163588,0.135943,-0.085097,-0.247021,0.204027,-0.035669,0.01929,-0.181652,0.180204,0.209533,0.139571,0.034904,0.18278,0.226444,0.276012,0.099202,0.039668,-0.162893,-0.077833,0.027506,-0.03952,0.138764,0.05955,-0.127199,-0.042573,0.225611,-0.11368,0.123107,0.01079,-0.110689,-0.080043,0.143876,-0.043262,0.044314,0.215983,0.03321,0.017646,0.013491,-0.044099,-0.027735,0.137845,-0.016333,0.402348,-0.198194,-0.134402,-0.098002,0.278425,0.086131,-0.065144,-0.033199,0.128029,0.077556,0.029852,-0.021315,0.201795,0.326094,0.034227,0.054805,0.129816,0.063129,0.098148,-0.126789,0.076733,-0.10177,-0.089735,-0.107561,-0.054836,0.023094,-0.09243,-0.311406,-0.026994,-0.168106,0.235364,-0.083274,-0.22246,0.013434,-0.293048,0.172667,-0.074653,-0.133112,0.189201,-0.010054,0.111258,-0.071966,-0.164112,-0.300024,-0.244223,0.027181,0.172503,-0.027653,0.09522,0.030937,-0.170191,-0.029307,-0.022805,-0.062027,-0.024301,-0.127164,-0.201128,-0.150195,-0.229948,0.212661,-0.107705,0.172225,0.023443,0.080352,-0.132262,0.203085,-0.168589,0.170354,-0.179384,-0.152244,0.033983,0.320035,0.007877,-0.125022,-0.079186,0.048481,0.020208,-0.470462,-0.064759,-0.046124,0.072056,-0.027261,0.119175,-0.089319,-0.002129,-0.039293,0.126339,-0.12005,-0.142915,-0.22049,-0.44309,-0.109595,0.072195,-0.04556,0.04478,0.131537,0.078697,0.07737,-0.095732,0.196583,-0.123728,0.173856,0.228332,-0.159916,0.006003,-0.130007,0.156143,0.034957,0.008741,-0.173704,-0.011507,0.036609,-0.127357,-0.240134,0.077785,-0.076059,-0.190068,0.010653,0.067052,0.234639,0.074527,-0.038667,-0.011998,0.338924,-0.255701,0.269569,0.215392,-0.221001,-0.132776,0.105068,0.120732,0.069482,0.178358,-0.296995,-0.199158,-0.10899,-0.033128,0.026421,0.118813,-0.097747,0.213639,-0.090655,-0.203348,0.013887,-0.001423,#
9,0.093091,0.33808,0.057794,-0.421836,-0.095361,-0.061181,0.269124,0.301394,0.258715,1.0,-0.200199,-0.000326,0.385775,0.677364,0.197594,0.1968,-0.340846,0.302681,0.11171,0.156529,-0.051123,0.202992,0.353556,0.151515,0.155512,-0.196913,-0.128097,0.01306,0.149105,0.446354,0.036447,0.145162,0.313709,-0.22674,-0.090956,0.086731,0.108231,-0.039762,0.180923,-0.371446,0.249967,0.229708,-0.034538,-0.034881,0.068121,-0.459823,0.117279,0.234117,-0.043353,0.275299,-0.029791,-0.186266,0.188362,-0.165431,0.169765,0.062793,-0.156246,-0.413089,-0.232571,0.182932,0.440835,0.107716,-0.420677,-0.046123,0.001053,0.270333,-0.036213,0.217586,-0.156758,0.162515,0.065887,0.369542,-0.174262,-0.107905,-0.109562,-0.074284,-0.145637,-0.214378,0.000405,0.151465,0.071406,-0.433586,-0.395233,0.184874,-0.325092,0.157706,-0.155054,-0.1574,0.153167,-0.205871,-0.052029,-0.046069,-0.270786,0.220314,-0.029929,0.062665,-0.385557,-0.11709,0.147976,-0.3517,-0.228228,-0.026543,-0.195406,-0.001009,-0.009302,-0.155414,-0.290648,-0.339469,0.003119,-0.312363,0.214192,0.181002,-0.261637,-0.125761,-0.142264,-0.269101,-0.024865,-0.068159,0.416709,-0.448461,-0.151775,-0.315847,0.021418,-0.189671,-0.323,0.145373,0.332541,0.057455,-0.182278,-0.304899,-0.053203,0.154683,-0.446842,-0.075116,-0.310519,-0.296582,-0.029363,-0.13202,0.13346,-0.325757,0.07859,-0.089136,-0.258372,-0.378095,-0.359328,-0.080002,-0.203772,0.135197,-0.231826,-0.236414,-0.24816,0.123577,-0.099435,-0.486963,-0.058995,-0.346259,0.442751,0.376245,-0.110563,-0.13874,-0.122978,0.043232,-0.11748,0.209509,0.257157,0.501219,-0.053948,-0.081411,-0.201082,-0.055112,-0.165222,0.051089,-0.147392,-0.163194,0.341201,-0.329293,-0.011849,0.009837,0.645043,-0.458704,0.468515,0.21991,-0.55602,-0.227792,0.207012,-0.032704,0.31653,0.063083,-0.505989,0.059964,-0.251854,-0.163506,0.118077,0.394702,-0.103079,-0.062276,-0.029102,-0.029736,0.354519,0.375927,#
10,0.219021,-0.036604,0.153245,0.039781,0.293516,0.127154,0.094631,-0.186519,-0.024974,-0.200199,1.0,-0.175027,0.014556,-0.229179,-0.262667,-0.055707,-0.031869,-0.123879,0.064739,-0.035207,-0.092648,-0.192161,-0.078871,0.051739,0.048398,0.186464,-0.109496,0.045661,0.119461,-0.246416,0.061865,-0.037939,-0.262529,-0.314812,0.047966,0.145032,0.200608,0.255076,-0.069902,0.229513,-0.220468,-0.37062,-0.048096,-0.082298,0.054895,0.024956,-0.31135,0.01973,0.202812,0.178118,0.064197,-0.00206,0.129425,0.188362,0.129523,0.101619,-0.246141,0.188644,0.074562,-0.216617,-0.230023,-0.149336,0.042018,0.033386,-0.017831,-0.015003,0.241254,-0.020455,0.066038,-0.080132,0.17311,-0.182818,-0.052762,0.152299,-0.085724,0.110686,-0.069567,-0.156612,0.018455,-0.098014,-0.028973,0.202066,0.03974,0.159254,0.028857,-0.056042,0.108743,0.086051,-0.018004,-0.017596,-0.046832,0.051218,-0.018166,-0.127987,-0.048254,0.062996,0.060907,-0.207165,0.150317,0.064293,-0.022164,-0.180086,0.013747,-0.28682,0.004439,-0.130779,-0.075476,0.233434,-0.036316,0.317832,-0.071115,-0.074536,-0.254294,-0.112886,0.040598,0.037781,-0.286012,-0.010583,-0.264343,0.13761,-0.347279,0.270225,-0.108086,-0.306769,-0.18976,0.099774,-0.03339,0.057146,-0.059045,-0.151652,-0.005609,-0.27079,-0.033629,-0.087116,0.089367,0.011364,0.088536,0.009216,-0.203729,0.122205,-0.106488,0.207564,-0.020155,-0.00737,0.31151,-0.050026,-0.097688,0.136958,0.173161,0.059558,0.262064,0.090153,-0.002742,0.026044,0.053097,-0.039372,-0.245287,-0.110804,0.002706,0.023943,-0.124158,-0.072006,-0.086524,0.165591,0.141861,-0.231434,0.139457,-0.161204,-0.011811,0.112421,0.224255,0.079748,0.236901,0.110132,-0.131445,0.201465,0.151849,0.008679,-0.196044,0.054686,-0.082418,0.171721,0.067651,0.069294,0.150043,0.10652,0.065449,0.13539,0.218663,0.247935,0.165632,0.12114,0.186122,-0.324065,-0.151596,0.035057,0.115127,0.052331,-0.091753,-0.245055,#
11,-0.16044,0.009345,-0.120057,-0.147971,-0.138597,0.244755,0.051479,-0.011432,0.203616,-0.000326,-0.175027,1.0,-0.057468,0.149786,-0.036438,-0.09447,-0.077206,0.004772,-0.037517,-0.14391,0.206545,-0.18225,0.048126,0.101904,0.101912,0.000204,0.070082,0.132535,-0.076975,0.011232,-0.080715,-0.011192,-0.060636,0.055556,-0.155179,0.062356,-0.10398,0.033979,0.030142,-0.097113,-0.176968,0.197843,-0.125063,-0.218885,-0.108867,0.197105,-0.019622,-0.052849,0.058659,0.121994,-0.15442,0.013649,-0.142186,0.269954,-0.181163,0.049476,-0.294948,0.045304,-0.183808,-0.025193,-0.10484,-0.271114,0.088489,0.144812,0.077866,0.297717,-0.112004,0.053648,0.306828,-0.191707,-0.108182,-0.03983,0.069249,0.121965,0.042485,-0.052841,-0.16614,0.131895,-0.248066,0.031049,-0.211453,-0.220159,0.021033,-0.041311,0.020541,-0.300576,-0.154577,-0.039603,0.026231,0.038576,0.015743,-0.210407,-0.206206,0.018443,0.005765,-0.198752,-0.073502,0.001702,-0.201113,-0.05668,0.214992,0.001029,-0.263503,0.03129,-0.141919,0.100718,-0.036119,0.06069,0.030238,0.15355,-0.05601,-0.103973,-0.206548,-0.203216,-0.030003,0.016043,-0.000868,0.174481,-0.004604,-0.077929,0.117432,-0.133891,0.017971,-0.174564,-0.011328,-0.141143,0.094006,-0.100188,0.031939,-0.080059,-0.101414,0.032882,-0.222364,-0.001684,-0.112673,0.099342,0.064082,-0.096051,-0.154013,-0.213829,-0.109228,0.118124,0.035971,0.08808,0.038351,-0.133606,0.034518,0.010015,-0.121824,0.060703,0.095074,0.25383,-0.114041,0.251378,0.113389,0.125669,-0.029506,0.186777,-0.053514,-0.173065,-0.115267,-0.080814,0.048467,-0.240281,-0.228724,0.086,-0.047981,0.027607,0.255197,0.002368,0.045943,0.28586,-0.08722,-0.164906,0.095377,-0.086883,-0.040297,0.179164,0.029588,0.136968,-0.010122,-0.172615,-0.020758,-0.175049,0.290687,0.251518,-0.082431,0.092422,0.124223,-0.02409,0.095971,0.345045,-0.046735,0.210608,-0.061114,-0.082117,0.085438,-0.296598,-0.098305,-0.098564,#
12,0.28819,0.093907,0.028337,-0.367522,-0.043111,0.121517,0.437129,0.433822,0.045668,0.385775,0.014556,-0.057468,1.0,0.576961,0.083661,0.136213,-0.128712,0.210205,0.242439,0.315621,0.063781,0.181483,0.348158,0.05735,-0.117076,-0.406646,-0.051384,-0.029807,0.283556,0.237827,-0.01277,0.046403,0.063032,0.018732,-0.284441,0.175357,0.263909,-0.060117,-0.100265,-0.053262,0.038188,0.186873,0.159397,-0.19483,-0.159305,-0.564478,0.250549,0.093791,-0.032,0.024957,-0.095192,-0.129314,0.26628,-0.134493,0.204084,0.113513,-0.152617,-0.361769,-0.018178,-0.156978,0.487486,0.080627,-0.26961,0.211307,0.062783,0.19134,-0.164584,0.192817,0.160056,0.058058,0.158462,0.168162,-0.291377,-0.435591,-0.288531,0.101855,-0.139203,-0.071747,-0.02863,-0.051875,-0.033952,-0.257948,-0.301171,-0.284018,-0.237711,0.101802,-0.115331,-0.069593,-0.086055,-0.166436,-0.34656,-0.220548,-0.476963,0.024802,-0.161573,-0.242853,-0.25188,-0.186324,-0.170784,-0.443637,-0.082257,-0.255504,-0.249187,-0.103024,-0.161233,-0.138576,-0.362819,-0.266428,-0.033237,-0.422199,0.081963,0.079621,-0.352075,-0.283945,0.021874,-0.346447,-0.085067,-0.052195,0.140489,-0.328712,-0.082111,-0.397141,-0.265015,-0.332783,-0.277508,-0.05777,0.178417,0.262006,-0.194258,-0.181277,-0.074576,-0.061191,-0.307118,0.073234,-0.020663,-0.219166,0.139096,-0.287578,-0.056606,-0.26168,-0.173045,0.106224,-0.214053,-0.308306,-0.279006,0.158316,-0.210123,0.282838,-0.242263,-0.288778,-0.333546,-0.197418,-0.052243,-0.286137,-0.023687,-0.430254,0.269174,0.149625,-0.258133,-0.33477,0.128296,-0.192359,0.013818,0.080566,0.283512,0.285954,0.090542,0.146472,-0.239312,0.034551,-0.155289,-0.204241,-0.372937,-0.079482,0.244683,-0.297004,-0.060782,0.118956,0.32465,-0.468048,0.237101,0.127375,0.001012,-0.042491,0.063082,-0.176306,0.167015,0.094263,-0.298943,0.384654,-0.248776,-0.154267,0.288357,0.142069,0.143655,0.038862,-0.022701,-0.002725,0.147246,0.244607,#
13,0.211703,0.215563,-0.020384,-0.423318,-0.254846,0.14022,0.341247,0.245201,0.163588,0.677364,-0.229179,0.149786,0.576961,1.0,0.246767,0.228825,-0.267794,0.253011,0.255292,0.229259,0.155353,0.146565,0.405885,0.147592,-0.022984,-0.18494,0.108966,0.007223,0.280942,0.379958,0.10914,0.232971,0.128882,-0.089089,-0.313429,0.099609,0.167917,-0.102435,0.107901,-0.286634,0.097534,0.391691,-0.045895,-0.072344,0.024391,-0.557153,0.325278,0.118581,-0.144866,0.093934,-0.003449,-0.254032,0.204282,-0.288624,0.0672,0.008829,-0.093569,-0.410857,-0.191704,-0.075251,0.61096,0.095032,-0.382602,0.062392,0.167484,0.378362,-0.232083,0.23313,-0.068956,-0.133632,-0.205903,0.375237,-0.230045,-0.256552,-0.287295,0.04019,-0.356636,-0.251344,-0.148234,0.076732,-0.024131,-0.515014,-0.474348,0.010438,-0.366333,0.034243,-0.218371,-0.096753,0.005275,-0.280407,-0.193305,-0.200111,-0.50505,0.093487,-0.163054,-0.181258,-0.423579,-0.22234,0.010286,-0.385439,-0.087396,-0.213193,-0.368201,-0.195941,-0.155682,-0.207957,-0.227345,-0.265875,0.039859,-0.367939,0.127536,0.24741,-0.448973,-0.224313,0.043728,-0.175567,-0.258986,-0.151483,0.461995,-0.439074,-0.112194,-0.383894,-0.051716,-0.313838,-0.376359,-0.015041,0.162316,-0.070125,-0.310027,-0.359246,-0.206305,0.026694,-0.372987,-0.149133,-0.337024,-0.423389,0.174148,-0.303767,0.126296,-0.514105,-0.106456,0.078377,-0.158142,-0.444715,-0.454181,-0.051339,0.071403,0.331842,-0.433248,-0.23138,-0.293874,-0.010461,-0.103659,-0.395592,-0.053697,-0.298557,0.527213,0.289808,-0.161243,-0.371263,0.00671,0.004329,0.015279,-0.202247,0.179541,0.383511,-0.181939,0.011499,-0.265343,-0.147769,-0.28956,-0.028762,-0.334005,-0.283714,0.251993,-0.287958,-0.11137,0.108359,0.493633,-0.442747,0.402939,-0.026053,-0.391821,-0.062761,0.3496,-0.00367,0.160639,0.028254,-0.407663,0.280667,-0.287309,-0.100764,0.10816,0.296816,-0.120212,-0.159634,0.116614,-0.208998,0.277581,0.36943,#
14,-0.087134,0.217133,-0.244918,-0.075833,-0.155092,0.062567,-0.065195,0.214961,0.135943,0.197594,-0.262667,-0.036438,0.083661,0.246767,1.0,-0.060671,-0.141812,0.164861,0.254084,0.098498,0.279055,0.055504,0.084528,0.182858,-0.078593,0.048242,0.113063,0.116002,0.054933,0.078757,-0.042661,0.175822,0.073078,0.125254,-0.308628,-0.258459,-0.072762,-0.007725,-0.003983,-0.133062,0.079603,0.315278,-0.059091,0.258368,0.349129,-0.193294,0.055723,0.054799,0.19165,-0.078157,0.144707,0.004336,0.105187,-0.00919,0.154228,0.234668,0.124056,-0.236998,-0.14184,-0.039678,0.204428,0.001753,-0.190927,0.218951,0.19088,0.049368,-0.120419,-0.105672,0.030015,0.020832,0.143744,0.067759,0.148777,0.03104,-0.119877,-0.121875,-0.070932,0.149602,-0.052632,0.172053,0.159901,-0.250885,-0.054336,0.034081,-0.149953,0.16452,0.068348,0.075217,0.096861,-0.271925,0.107868,-0.007809,0.05686,0.227804,-0.039803,0.106096,-0.242202,-0.052394,-0.001188,-0.189533,-0.032516,0.036281,-0.021867,-0.202984,-0.138808,-0.156018,-0.275411,0.135518,-0.047075,-0.037392,0.048641,0.174705,-0.007134,0.067957,0.115996,0.014279,-0.141185,-0.066512,0.266903,-0.328193,0.071437,-0.288561,-0.065059,0.034212,-0.246599,-0.221551,-0.016969,0.163621,-0.25768,0.098069,-0.047221,0.198946,-0.166833,-0.244586,-0.145401,-0.048409,0.032598,0.087408,0.033584,-0.16523,-0.172655,-0.121858,-0.175699,0.044474,-0.090563,-0.105313,0.007788,-0.153651,-0.084148,0.013776,-0.17133,-0.237619,0.022264,-0.053197,-0.10669,-0.049055,0.347025,0.033206,-0.147696,0.06036,0.016317,0.121007,0.002486,-0.005401,-0.055754,0.22274,0.064591,-0.132861,-0.177701,-0.140547,-0.265372,-0.067894,-0.110533,0.204414,0.079997,-0.118548,-0.036467,0.003377,0.402132,-0.036686,0.138807,0.197337,-0.199359,0.04774,0.091888,-0.033884,0.273079,-0.127618,-0.074251,0.041146,-0.080682,-0.091635,0.169847,0.054346,-0.126551,-0.034909,0.061735,-0.183536,0.151433,-0.055509,#
15,0.11509,0.060591,-0.066679,-0.236868,-0.054157,0.037743,0.184206,-0.012559,-0.085097,0.1968,-0.055707,-0.09447,0.136213,0.228825,-0.060671,1.0,0.028957,0.272021,0.110765,0.132779,-0.237915,-0.027158,0.270222,-0.097541,-0.026733,-0.102187,-0.042562,0.04482,0.240301,0.182518,0.218124,-0.008101,0.141577,-0.117778,0.058096,0.061064,0.365979,0.029892,0.117161,-0.025996,0.126894,0.03795,0.232981,0.084593,-0.038715,-0.172934,0.137314,0.031267,-0.056006,0.203163,0.189227,-0.031363,-0.090106,-0.149058,0.219116,-0.093412,-0.045505,-0.246868,0.011181,0.053636,0.135726,0.171265,-0.15588,0.144984,-0.039902,0.068782,-0.109059,0.116994,-0.389717,0.081849,-0.040593,0.281731,0.063445,-0.244806,0.032487,0.281212,0.05587,-0.147631,0.164097,-0.025589,0.141601,-0.050519,-0.207614,0.223722,0.02391,-0.167778,-0.162292,-0.249155,-0.105776,0.128763,-0.071835,0.135694,-0.224256,0.227506,0.006586,-0.243108,-0.049831,-0.210174,0.043209,0.017966,-0.059308,-0.041431,-0.338864,0.140931,0.009572,-0.079392,-0.022529,0.027734,0.082539,-0.052831,-0.078007,0.128673,-0.144103,-0.129672,-0.060243,0.048928,-0.002338,-0.22363,0.143813,-0.220401,-0.170517,-0.035442,-0.224755,-0.140895,-0.08345,-0.023443,-0.09675,0.181345,-0.147807,-0.28579,-0.118863,-0.015378,-0.026785,0.156809,-0.135979,-0.193913,-0.01965,-0.206516,-0.01731,-0.31313,0.061245,0.148312,-0.156547,-0.217995,-0.169821,0.18125,0.264153,0.293556,-0.230202,-0.340947,-0.121298,-0.107418,0.014057,-0.021503,0.013663,-0.078372,0.060756,0.307988,-0.194226,-0.254277,0.268016,-0.197745,0.017037,-0.145808,0.14957,0.199987,-0.203684,0.209343,-0.133799,-0.093171,0.185475,0.105453,0.038706,-0.284246,-0.02661,-0.104199,-0.144406,0.189311,0.118507,-0.362128,0.274508,-0.182146,-0.244177,0.195072,0.163508,-0.222461,0.134728,0.017573,-0.196099,-0.037962,-0.114741,-0.112283,0.092927,0.158619,-0.008294,-0.072381,0.129366,-0.044737,0.228217,0.348833,#
16,-0.168694,-0.095021,-0.185556,0.128202,0.198922,0.193178,0.080679,0.042629,-0.247021,-0.340846,-0.031869,-0.077206,-0.128712,-0.267794,-0.141812,0.028957,1.0,-0.049991,0.017037,-0.006514,-0.129059,-0.214552,-0.087933,-0.265593,-0.375281,0.036411,-0.140786,-0.102959,0.058521,-0.21717,-0.183626,-0.010425,0.043504,0.233115,0.113148,0.166181,-0.188549,-0.17055,-0.219632,0.297945,-0.148267,-0.243885,0.064705,0.150308,-0.171994,0.143595,-0.193117,-0.349415,0.0701,0.137133,0.149949,0.073162,-0.06025,-0.017919,0.058888,0.070515,0.296402,0.104097,0.233016,-0.194146,-0.215908,0.130529,0.322341,-0.123869,-0.281226,0.092491,0.068192,-0.037692,-0.216866,-0.192067,-0.200262,-0.296702,-0.087372,-0.133953,0.119705,-0.005764,0.143878,-0.060847,0.09198,0.092216,-0.112897,0.279758,0.231294,-0.199039,0.221998,0.000585,0.082298,0.088548,-0.17792,0.077169,-0.065565,0.223149,-0.013079,-0.100959,0.160527,-0.137658,0.153013,-0.053459,-0.112628,0.142941,0.004714,0.091744,0.156187,0.062393,-0.038574,0.041685,0.215067,-0.100831,0.036087,0.02484,-0.26522,-0.046269,0.276293,0.163303,-0.222063,-0.001754,0.059632,0.169844,-0.21783,-0.00915,0.005462,0.057953,-0.152054,-0.142551,0.123315,-0.242255,-0.422404,-0.167827,0.124223,-0.06063,-0.093857,-0.24183,0.239903,0.08079,0.171915,0.01533,0.24788,-0.242392,-0.205611,0.014014,-0.015921,-0.100898,-0.021169,0.40273,0.061044,0.003606,0.089502,-0.05123,0.006854,-0.085257,0.084187,-0.123847,0.070064,0.12424,-0.278412,-0.036873,-0.28831,-0.031698,-0.058723,0.296315,-0.041062,-0.070509,0.079561,-0.251057,-0.134981,0.022812,0.126871,-0.139844,0.05213,0.129899,0.005715,0.103984,-0.096587,-0.05359,-0.125848,-0.053416,-0.099103,-0.053249,-0.248501,0.021091,-0.358956,-0.048101,0.525731,0.049551,-0.120564,-0.20239,-0.063492,0.152956,0.295188,-0.311431,0.123915,0.179051,-0.169016,-0.257428,0.033546,-0.037244,0.093141,0.093355,-0.398067,-0.078988,#
17,-0.318555,0.126487,0.198798,0.092107,-0.133662,-0.054313,0.1702,0.170391,0.204027,0.302681,-0.123879,0.004772,0.210205,0.253011,0.164861,0.272021,-0.049991,1.0,-0.025587,0.396439,-0.224893,-0.000751,0.178215,0.062692,0.186816,0.222525,0.073171,0.06521,0.029403,-0.03077,0.092121,-0.154268,-0.038913,-0.045536,-0.189981,-0.010577,-0.0549,-0.041233,0.168904,-0.24994,-0.00269,-0.032374,0.145984,0.120818,0.021385,-0.158181,-0.000561,0.302294,0.02985,-0.011803,-0.072762,0.04557,0.0656,0.118105,0.049431,0.102016,0.030927,-0.226722,-0.073947,-0.093246,0.094542,-0.165215,-0.181794,0.047769,0.080403,0.128654,0.026089,0.139994,-0.030324,0.2384,0.223119,0.295846,-0.072931,-0.267125,-0.034082,-0.049034,0.069005,-0.094499,0.093477,-0.038577,0.132116,-0.124436,-0.310658,0.292785,-0.262371,0.14506,0.041335,-0.166567,-0.201201,-0.015834,-0.11886,0.029791,-0.235331,0.374091,-0.129671,-0.069666,0.072887,-0.156669,0.052143,-0.063333,-0.264516,0.014112,-0.019739,0.220809,-0.070176,-0.103325,0.082458,-0.152298,0.052137,-0.105737,0.094045,0.005286,-0.022924,-0.161326,0.015867,-0.066214,0.037556,-0.142743,0.357922,-0.365833,-0.010375,-0.271563,-0.197693,-0.142149,-0.080885,0.033257,-0.016463,0.173017,-0.175006,-0.107016,0.09011,0.182797,-0.15848,-0.045774,0.005014,-0.104457,0.088285,-0.101516,-0.085432,-0.105727,-0.049744,0.03628,0.003086,-0.249917,-0.169446,-0.000923,-0.185765,0.40318,0.088582,-0.184738,-0.185873,0.005794,0.027888,-0.192767,-0.042325,-0.137386,0.011003,0.437739,-0.013926,-0.04451,0.124004,0.222915,-0.137946,0.199375,0.145406,0.307438,-0.014233,-0.162802,-0.201465,0.1451,-0.109519,-0.181504,-0.033583,-0.044531,0.06748,-0.128879,-0.152904,-0.016323,0.124696,-0.232,0.302935,-0.091692,-0.200978,-0.066635,0.155836,-0.231936,0.247178,0.284636,-0.329572,-0.080448,0.001567,-0.310322,-0.014703,0.199197,-0.126007,-0.238964,0.05172,0.019545,0.122201,0.184626,#
18,0.36265,0.244201,-0.01193,-0.179671,0.044394,0.23455,0.286475,0.121413,-0.035669,0.11171,0.064739,-0.037517,0.242439,0.255292,0.254084,0.110765,0.017037,-0.025587,1.0,-0.009154,0.166724,0.107075,0.13227,0.006256,-0.028955,-0.033028,-0.098753,0.106506,0.165262,0.18844,-0.250966,0.125134,-0.068753,0.024914,-0.095172,0.081888,-0.03268,0.017321,-0.179739,0.124171,0.235283,0.181516,-0.027075,0.125782,0.230328,-0.119904,0.116893,-0.129488,-0.06049,0.025389,0.161186,-0.009195,0.257509,-0.224848,0.213108,0.093504,-0.036266,-0.229062,-0.031836,-0.286811,0.270363,-0.186553,-0.106635,0.225999,-0.077206,0.248998,-0.271412,-0.036231,-0.01849,-0.191613,-0.108026,0.06054,-0.204477,-0.113089,-0.194433,-0.044503,-0.180466,-0.205962,-0.169917,0.099221,0.09915,-0.189972,-0.073484,-0.286016,-0.061501,-0.155296,-0.042885,-0.049411,0.00913,-0.189898,-0.246199,-0.26639,-0.042521,-0.281047,0.071342,-0.075323,-0.168962,-0.237387,-0.076278,-0.041924,0.141098,-0.039839,-0.094928,-0.460665,-0.231417,0.032631,-0.296246,-0.050919,-0.131276,-0.06419,-0.013281,0.208143,-0.146016,-0.09723,0.128829,0.20315,-0.046424,0.063535,0.183525,-0.172232,-0.130942,-0.001259,-0.126238,-0.206279,-0.324164,0.001846,0.137494,-0.085674,-0.073522,-0.014068,-0.268407,-0.133072,-0.037109,-0.024525,-0.203225,-0.094675,0.002518,-0.055672,0.058504,-0.254515,-0.477856,-0.040336,-0.166485,-0.128058,-0.106018,-0.079579,-0.049053,0.090098,-0.355318,-0.144287,-0.25561,-0.177071,-0.06605,-0.180192,0.129364,-0.265144,0.166241,-0.02467,-0.26446,-0.173404,0.000814,0.04182,-0.093629,-0.21883,0.055561,0.003875,0.209606,0.086345,-0.092144,-0.187126,0.01046,0.150157,-0.047619,0.074893,0.242655,0.001683,0.01625,0.108709,0.383177,-0.127529,-0.090238,0.134694,0.090307,0.198216,0.258118,0.008599,0.487769,-0.010727,0.043871,0.186083,-0.149848,0.055448,0.284749,0.004735,-0.172555,-0.047501,0.299925,-0.110706,-0.066239,0.076494,#
19,-0.0729,0.040618,0.136433,-0.080082,-0.077964,-0.086472,0.056981,0.034671,0.01929,0.156529,-0.035207,-0.14391,0.315621,0.229259,0.098498,0.132779,-0.006514,0.396439,-0.009154,1.0,0.120869,0.156753,0.121836,0.080325,-0.238494,-0.185473,0.128826,-0.205623,0.092015,-0.249029,0.253729,0.342188,0.28809,0.234652,-0.101856,-0.245285,0.186157,0.109704,-0.174922,-0.114145,0.1897,0.069781,0.000573,-0.125655,-0.141496,-0.450642,0.18269,0.295091,0.203463,-0.274265,-0.16252,-0.138918,0.427313,-0.162346,-0.21184,0.060203,0.035212,-0.289319,0.272214,-0.088398,0.309778,-0.13236,-0.283937,-0.129059,0.127374,0.020044,-0.021514,-0.093933,0.106638,0.254768,-0.046827,0.212327,0.068713,-0.292991,-0.048798,-0.332431,0.156992,0.07252,0.487003,0.125923,0.289233,0.105575,-0.069602,-0.103001,0.161232,0.502843,0.110451,-0.248242,0.03747,-0.155255,-0.025975,0.364214,-0.059739,0.081017,-0.029162,0.19717,0.106236,0.091635,0.183282,0.014203,-0.492617,0.119546,0.158057,0.091193,0.4128,0.087685,0.074578,-0.238009,0.181897,-0.304406,0.311533,-0.164561,-0.005253,0.212665,0.167842,-0.069197,-0.053012,-0.065589,0.147252,-0.315749,0.17796,-0.186979,-0.132001,-0.142085,-0.098445,0.263451,0.102674,0.215951,0.254986,0.316114,0.447556,0.026662,0.116519,0.035575,0.334139,0.141397,0.092554,0.039756,0.128796,0.096898,0.03676,0.26497,0.022599,-0.238799,-0.012219,0.174838,0.073042,-0.039436,0.082712,0.02678,-0.015101,0.12235,0.337814,0.063244,-0.199578,0.105196,0.413655,-0.017858,-0.062101,-0.129356,0.331827,0.153937,0.127392,0.143195,0.024086,0.13039,0.364736,-0.054545,-0.090845,0.303438,-0.431944,-0.205234,-0.134876,0.034399,-0.250723,0.009103,0.122311,-0.289032,0.025627,-0.037908,0.178862,-0.031872,-0.194663,0.03529,-0.221185,-0.25122,0.377404,0.310743,-0.238995,-0.054216,0.075761,-0.393125,-0.298428,0.013501,0.004724,-0.27329,-0.229631,0.045964,0.385838,-0.013613,#
20,0.228765,0.213012,-0.087994,-0.004536,-0.300373,0.142928,-0.065187,0.103335,-0.181652,-0.051123,-0.092648,0.206545,0.063781,0.155353,0.279055,-0.237915,-0.129059,-0.224893,0.166724,0.120869,1.0,0.087532,-0.16891,-0.118333,-0.072501,-0.209746,0.034953,-0.214073,-0.116087,-0.033497,0.088583,0.178925,0.153024,0.234402,-0.325072,-0.341483,0.106727,-0.094957,0.057667,-0.250202,0.156161,0.345787,-0.262858,-0.014207,0.088251,-0.182876,0.052662,-0.039018,0.132913,-0.189578,-0.292503,0.030448,0.341266,0.084694,-0.000958,0.017537,-0.093244,-0.059935,-0.347258,-0.028324,0.110814,0.005706,0.065077,0.127607,0.221242,0.027418,-0.388811,-0.027878,0.13786,-0.134492,-0.16024,0.136546,-0.073625,0.057071,-0.337313,-0.238701,0.014978,0.31784,0.11302,0.187723,0.070651,-0.239961,0.195405,-0.218014,0.030543,0.003597,-0.072972,0.251091,0.27996,-0.097544,-0.057373,0.006225,0.073083,-0.126134,0.139353,0.115712,-0.238514,0.057732,0.095478,0.00214,0.06222,0.123748,-0.002805,-0.11793,-0.026467,-0.054123,0.04972,0.081322,-0.127177,-0.056624,0.132387,0.063419,-0.225484,0.08896,0.283854,0.121149,-0.058218,0.023357,-0.067872,-0.030989,0.093589,-0.076428,-0.130189,0.034802,-0.163182,-0.132629,-0.001409,-0.244432,-0.223124,0.20204,0.188755,-0.045163,-0.012027,0.099556,-0.071135,0.228424,0.036369,0.179008,0.236954,-0.157319,-0.096917,0.179277,0.149593,0.122484,-0.004836,-0.179154,0.015911,-0.245851,-0.075469,0.135954,0.09159,0.023528,0.028222,-0.039747,0.129789,0.049875,0.357176,-0.192053,-0.137367,-0.132671,0.021497,-0.041143,0.139676,-0.274546,-0.224936,-0.11729,0.1492,0.167276,0.233253,-0.22595,-0.105892,0.151408,-0.115949,-0.025524,0.002724,-0.035449,0.062773,-0.327829,0.071059,0.296576,-0.127207,-0.054626,0.068065,0.04733,-0.003051,0.108083,-0.007538,-0.218682,-0.08494,0.259431,-0.076036,-0.00977,-0.133742,-0.119112,-0.014887,-0.090984,0.135044,-0.384684,-0.110492,-0.073752,#
