0,1.0,0.078568,-0.052372,-0.336838,0.129859,0.051851,0.336615,-0.154789,0.057772,0.153165,0.251891,-0.088784,0.210646,0.275247,-0.039003,0.052551,-0.210758,-0.350579,0.334612,-0.084695,0.180399,0.044564,0.141517,-0.282863,-0.065209,-0.330547,-0.108996,-0.02615,0.307469,0.186996,-0.156856,0.005229,0.163179,-0.3435,0.151143,0.229569,0.153983,-0.073514,-0.079806,0.069984,0.069036,0.148585,-0.052237,-0.104561,0.008534,-0.17887,-0.00535,0.105096,-0.181224,0.088407,0.200335,-0.213507,0.178597,-0.019764,0.182215,0.046533,-0.215007,-0.027396,-0.13078,0.146008,0.374797,0.200093,-0.090202,0.156932,-0.141074,0.081331,-0.176323,0.262449,-0.098002,-0.097107,0.094993,0.002244,0.055607,-0.269431,-0.229399,0.240959,-0.417961,-0.166769,-0.278978,-0.058621,0.013371,-0.23944,-0.256645,-0.247023,-0.134568,-0.083505,-0.285878,-0.093323,-0.145462,-0.242699,-0.339107,-0.235018,-0.082445,-0.201568,-0.047606,-0.365579,-0.307935,-0.293296,-0.229124,-0.121966,0.333237,-0.092587,-0.228,-0.298354,-0.156364,-0.234519,-0.074737,0.147888,-0.256785,-0.036578,0.011985,0.203195,-0.499429,-0.30761,0.074603,0.076056,-0.208354,-0.084409,-0.052025,-0.176424,-0.300233,-0.011425,0.005895,-0.112721,-0.121722,-0.080754,-0.055942,0.193247,-0.19966,-0.168451,-0.119874,-0.427194,-0.122578,0.071978,-0.120242,-0.189489,-0.084434,0.025235,0.263824,-0.12659,-0.151991,0.232893,-0.053019,-0.147005,-0.306863,-0.064832,-0.242006,0.060841,-0.227035,-0.240486,-0.098479,-0.172085,-0.278632,-0.295706,0.174197,-0.151734,0.122615,0.060741,-0.382522,-0.024919,0.075066,-0.305168,-0.02808,-0.27034,0.076323,-0.00983,-0.024384,0.023147,-0.338806,-0.229574,0.068915,0.032416,-0.118026,0.043355,-0.018368,-0.075286,-0.162565,-0.020052,0.231189,-0.308439,0.080528,0.027196,-0.018085,0.319755,0.150536,0.018172,0.192403,-0.025355,0.098744,0.278443,-0.288807,0.115958,0.499628,0.031438,-0.067934,0.184255,-0.085073,-0.174256,-0.096058,0.032918,#
1,0.078568,1.0,0.016361,-0.142979,-0.051588,-0.012579,0.239995,0.019973,-0.205273,0.235949,-0.075966,0.032494,0.105684,0.214732,0.119357,0.141679,0.017721,0.06996,0.335555,-0.028463,0.246051,0.021293,0.158574,-0.158986,-0.053745,-0.25994,-0.133289,-0.073421,0.042324,0.158906,-0.046451,0.114385,0.044234,0.032327,0.048396,0.046985,-0.020162,-0.226819,0.022018,0.078891,0.049915,0.270957,-0.078275,0.095251,0.173546,-0.018638,0.110467,-0.136719,0.216731,0.335734,0.056171,0.022457,0.098583,0.01744,-0.009529,-0.144635,0.187124,-0.23882,-0.161577,-0.141906,0.144222,-0.154142,-0.0212,-0.011678,0.335913,0.246442,-0.241975,-0.035303,-0.052417,-0.136134,-0.073612,0.013719,-0.13099,-0.161501,-0.031431,-0.035393,-0.179501,-0.042045,0.122124,0.053398,0.035685,-0.189005,-0.000459,-0.025006,-0.115352,-0.045061,-0.101278,-0.044317,0.037421,-0.024422,-0.212658,-0.073793,-0.12466,-0.161646,-0.006066,-0.067175,0.001666,0.126872,0.299141,0.066582,-0.080616,-0.015884,0.052976,-0.084515,-0.246887,-0.051633,0.012091,-0.100046,-0.229029,0.01722,0.196526,0.00038,-0.041352,0.122646,-0.115037,-0.029056,-0.063114,0.052097,0.014871,-0.197832,-0.092085,0.001987,-0.310821,-0.166288,-0.16747,-0.181513,0.067991,-0.018898,-0.212222,-0.136893,0.115573,-0.08853,-0.138537,-0.133999,-0.203411,-0.300916,0.136171,0.133568,0.027726,-0.222914,-0.024807,-0.169307,0.081335,-0.040227,0.006899,-0.064946,-0.287952,0.127447,-0.079972,-0.095955,-0.049899,-0.041151,0.119565,-0.038174,-0.15577,-0.035185,0.139021,0.00501,-0.035851,0.047833,-0.055861,0.018057,-0.181,0.111507,-0.089476,0.282759,0.151778,0.166216,-0.022189,-0.349105,0.157859,0.215858,-0.093415,-0.157264,0.066047,-0.171575,0.006731,0.07285,0.07053,-0.165558,0.055609,-0.003513,-0.016904,0.162745,0.285575,-0.1986,0.192622,-0.22813,0.038951,0.170955,0.042626,0.1412,-0.151715,0.102076,-0.104679,-0.121189,0.192758,-0.038586,0.041999,0.118951,#
2,-0.052372,0.016361,1.0,-0.181666,-0.013487,-0.194614,0.080859,-0.129804,0.094519,0.026702,0.080114,-0.086154,-0.004119,0.045703,-0.267192,0.020589,-0.207137,0.192936,0.037246,0.022371,-0.137737,0.172554,-0.057645,-0.032303,0.15593,0.130518,0.197926,-0.057166,0.109345,-0.237672,0.047688,0.184616,-0.299491,-0.00132,0.041933,0.049265,-0.077496,0.285251,0.117455,-0.28028,0.173523,0.027053,0.079964,-0.115062,-0.077384,-0.139005,-0.140913,0.165871,-0.167103,-0.012615,0.122502,-0.175021,0.147654,-0.088889,-0.237212,-0.099256,-0.06763,-0.17648,0.131705,0.091621,0.092482,-0.234948,0.039045,-0.262766,0.182286,-0.03897,0.161762,0.09361,0.086148,0.259341,0.032185,0.219656,-0.235383,0.094772,-0.015818,-0.117779,0.033035,-0.09006,-0.024627,0.018463,0.130039,0.043315,0.108623,0.189449,-0.186564,0.180565,0.090537,0.037949,0.009674,0.191474,0.014424,0.062002,0.258586,0.143821,0.070249,0.016987,0.205763,-0.075138,0.129006,0.188449,-0.134272,-0.108612,0.107395,0.137578,0.233971,0.134601,0.167675,0.043538,-0.049526,0.019019,0.060111,-0.222522,0.137148,0.074539,0.349728,-0.076538,-0.0316,0.183132,-0.060262,0.003854,0.116321,0.303369,0.091029,-0.094692,-0.032479,0.188153,0.298106,-0.058862,0.093703,0.01717,0.313115,-0.02302,0.131736,0.125224,0.094235,-0.045573,-0.016734,0.305361,0.100228,0.23185,-0.013645,0.112809,0.234288,-0.023572,-0.040426,-0.018758,-0.154387,0.133098,0.072736,0.189568,0.05464,0.146516,0.158294,-0.004819,0.181582,0.120162,-0.047488,0.059019,0.290904,0.017908,0.324577,0.070334,0.027401,0.223522,-0.000389,-0.222197,-0.001787,0.033738,0.042816,0.099723,-0.070247,-0.120796,-0.072116,0.008381,-0.263249,0.153778,0.093235,0.07382,-0.010285,-0.127827,0.083169,0.006013,-0.102855,-0.086976,-0.159628,0.166261,0.098321,0.172404,-0.064974,-0.221678,0.091106,-0.136736,-0.308133,0.297057,-0.060035,-0.096885,-0.053987,0.171501,0.171856,0.088274,#
3,-0.336838,-0.142979,-0.181666,1.0,-0.091717,-0.325035,-0.282653,-0.173391,-0.17452,-0.324243,0.020798,-0.133864,-0.386633,-0.47928,0.004244,-0.214248,0.115312,0.117133,-0.223015,-0.153276,-0.01264,-0.09703,-0.331005,0.092386,0.161829,0.333423,0.071058,0.170551,-0.243107,-0.249266,0.104472,-0.238691,0.036971,-0.086973,-0.012465,-0.068865,-0.242754,-0.065598,0.134573,0.074851,-0.038756,-0.3758,-0.019856,0.257919,0.084358,0.468671,-0.164361,-0.059765,0.133678,-0.157983,-0.104641,0.379833,-0.062363,0.108141,0.047731,-0.140924,0.325449,0.186821,-0.042196,0.0846,-0.46534,0.108805,0.191001,-0.170344,-0.141662,-0.316085,0.085763,-0.070597,-0.129281,0.093196,-0.005386,-0.080523,0.214072,0.155821,0.107461,-0.147789,0.355828,0.107844,0.015018,-0.086721,-0.0111,0.355955,0.173603,0.128669,0.214398,-0.050592,0.224826,0.148135,0.158218,0.108695,0.108177,0.132328,0.103274,-0.051039,0.199146,0.242926,0.369757,0.117555,-0.039666,0.285221,0.108675,0.257372,0.362846,0.228919,0.059082,0.148539,0.272385,0.102244,0.049989,0.050988,-0.137795,-0.073049,0.318066,0.152428,0.005444,0.141199,0.138971,0.035984,-0.166206,0.334401,0.18904,0.255903,0.194268,0.360067,0.289592,0.089352,-0.226979,-0.171779,0.093365,0.232,-0.065375,0.367961,0.251085,-0.159446,0.202164,0.262839,0.046683,0.028338,-0.149432,0.240666,0.134166,-0.151535,0.2159,0.207121,0.351524,0.07212,0.103595,-0.046971,0.39129,0.017555,0.24485,0.015162,0.044424,0.189985,0.121998,0.150154,-0.335421,-0.258595,0.295277,0.18264,-0.112785,0.156595,-0.083195,0.02215,-0.041197,-0.28611,0.087827,0.106961,0.086851,0.143137,0.104883,0.085523,0.290667,0.360361,0.02861,0.231205,0.064069,-0.048546,-0.364822,0.424112,-0.383715,0.079923,0.260417,-0.208036,-0.185483,-0.09755,-0.208638,-0.054896,0.248272,-0.014044,0.105408,-0.100661,-0.096681,-0.149982,0.017777,-0.08307,-0.02566,-0.08611,-0.204817,-0.281185,#
4,0.129859,-0.051588,-0.013487,-0.091717,1.0,0.052112,-0.148426,-0.079532,-0.025693,-0.130314,0.246221,-0.056799,-0.014381,-0.283364,-0.1966,-0.028765,0.289961,-0.162225,-0.080265,-0.162726,-0.266089,-0.338385,0.138171,-0.08776,-0.001521,-0.097758,-0.119121,0.051929,-0.128544,-0.012863,-0.358669,-0.197274,0.083187,-0.14609,0.109028,0.106467,-0.11063,-0.169226,0.046916,0.394564,-0.097436,-0.399608,-0.215142,0.010457,-0.15061,0.231845,-0.100161,-0.06901,0.07315,0.359401,0.075414,-0.037933,-0.111955,0.273476,0.09849,0.056346,0.008575,0.206684,0.016656,0.019011,-0.20789,-0.219752,-0.063964,-0.070649,-0.278465,-0.002213,0.61124,-0.099833,-0.098501,-0.279404,-0.209952,-0.169493,-0.032593,0.286746,0.247573,0.027363,-0.168868,-0.235018,-0.110984,-0.183712,-0.242969,0.146637,0.094377,0.018729,0.125188,-0.083233,0.112591,0.078364,0.039422,-0.065609,0.170717,0.154468,0.16203,-0.054283,0.030304,0.116345,0.168655,-0.048848,-0.137921,-0.073494,0.119398,0.111995,0.147108,-0.037875,0.123261,0.035532,0.00181,0.123538,-0.112354,0.176873,0.001895,-0.014143,0.061167,-0.022463,-0.182781,0.241683,-0.021235,0.329351,-0.372791,0.092942,-0.272573,0.080281,0.068888,-0.06143,0.233879,0.081238,-0.109235,-0.024305,0.095788,-0.119614,-0.027119,-0.236998,0.047171,-0.16511,0.030754,0.088509,0.09138,0.083363,-0.177406,0.185674,-0.03028,-0.126409,-0.182594,0.20932,-0.131404,-0.278082,-0.105705,-0.06319,0.147284,-0.064083,0.091145,0.098645,-0.208956,0.107781,-0.01588,-0.117136,-0.102287,-0.000461,-0.220287,0.315014,-0.26363,-0.295331,-0.235071,0.089645,0.112571,-0.153314,0.023435,-0.01923,-0.067693,0.237981,0.049439,-0.10708,0.110712,-0.061435,-0.068065,0.232161,0.050645,0.167085,0.006202,-0.02065,-0.255793,0.213339,0.222812,0.00621,0.165822,0.0587,-0.018329,0.03268,0.274423,-0.175266,0.082782,0.081277,0.171058,-0.068505,-0.265095,0.204575,-0.07915,0.0952,-0.127456,-0.186727,#
5,0.051851,-0.012579,-0.194614,-0.325035,0.052112,1.0,0.399056,0.432485,0.140816,0.107993,0.029123,0.202406,0.1271,0.152843,0.122823,0.103158,0.139582,0.032607,0.237507,-0.161297,0.065278,-0.064246,0.192654,-0.031667,-0.137011,0.139136,-0.001142,0.011106,0.108818,0.218389,-0.328663,-0.060025,-0.088032,-0.021969,-0.099804,0.047517,0.107287,-0.071543,-0.0514,0.039583,-0.198331,0.179623,-0.14913,-0.120944,0.130999,-0.220899,0.138372,-0.232536,0.07653,0.300876,0.050956,-0.00969,0.075162,0.108276,0.131085,0.263758,-0.212603,0.080571,-0.23254,-0.067163,0.124312,-0.063992,-0.055928,0.333461,-0.163835,0.272893,0.001008,0.082002,-0.033465,-0.317762,0.168749,-0.027929,-0.157445,0.041513,-0.160217,0.286628,-0.249133,-0.092824,-0.205062,-0.039744,-0.210979,-0.332462,-0.129828,0.196156,-0.170074,-0.331204,-0.133319,-0.052635,-0.123502,-0.227838,-0.049463,-0.284458,-0.306965,-0.046229,-0.199353,-0.117999,-0.262733,-0.421662,-0.145162,-0.49481,0.085733,-0.039042,-0.169975,-0.343829,-0.352058,-0.266773,-0.089967,0.048094,-0.172729,0.001037,0.075569,0.326057,-0.381808,-0.365012,-0.057244,-0.090694,-0.169134,0.06761,0.214021,-0.223019,-0.219852,-0.373728,-0.025918,-0.246335,-0.261849,-0.075992,0.023127,-0.026613,-0.367996,-0.256059,-0.21243,-0.166199,-0.238716,0.041027,-0.434532,-0.210171,0.249866,0.031589,-0.052872,-0.299464,-0.18092,0.069668,-0.278939,-0.034994,-0.163421,-0.269091,0.220182,0.170298,-0.286556,-0.054621,-0.136032,-0.256068,0.032368,-0.02657,0.051028,-0.269562,0.149652,0.156386,-0.491882,-0.211564,-0.262506,-0.176997,0.043904,-0.239487,0.076795,0.091544,-0.204941,-0.126894,-0.106664,-0.078469,0.10619,-0.11973,-0.129878,-0.268115,0.256178,-0.278686,-0.000468,0.037111,0.232983,-0.231526,0.347494,0.039593,0.010668,0.108828,0.5538,-0.118077,0.158619,-0.015571,-0.196376,0.227116,-0.01793,0.078768,0.312479,-0.080537,-0.255269,0.060022,0.30768,-0.099689,-0.209568,-0.002853,#
6,0.336615,0.239995,0.080859,-0.282653,-0.148426,0.399056,1.0,0.242239,0.262574,0.259093,0.086313,0.093244,0.295555,0.413612,-0.082711,0.27984,0.068323,0.187843,0.350743,0.020813,-0.048494,0.180398,0.286561,-0.164728,-0.008699,0.067431,0.115663,0.031239,0.538919,0.042653,-0.319669,-0.055042,-0.063768,-0.269764,0.050251,0.05788,0.072187,-0.138868,0.10876,-0.127159,0.178414,0.238689,0.10658,-0.049523,0.034584,-0.331464,0.087519,-0.213252,-0.196825,0.238503,0.115945,-0.214619,0.195361,0.051611,0.402331,0.109138,-0.130894,-0.285482,-0.059867,-0.053764,0.357428,0.173578,-0.108586,0.350241,0.141618,0.355153,-0.165145,0.22696,0.011265,-0.232518,0.093463,0.094974,-0.221067,-0.396523,-0.361014,0.302402,-0.387414,-0.290803,-0.190695,-0.148178,-0.210628,-0.300738,-0.318373,-0.030864,-0.433512,-0.076356,-0.245126,-0.327218,-0.237425,-0.416001,-0.40688,-0.463353,-0.587157,-0.190153,-0.212608,-0.483352,-0.234475,-0.443429,-0.186443,-0.30834,0.062789,-0.102082,-0.319507,-0.281488,-0.32075,-0.369796,-0.053747,-0.041728,-0.150453,-0.275779,-0.137036,0.078892,-0.40761,-0.456279,0.028302,-0.359298,-0.153359,-0.069525,0.176999,-0.259858,-0.28903,-0.244096,-0.181252,-0.449899,-0.225985,-0.20725,0.128524,0.124049,-0.283442,-0.255866,-0.272751,-0.441593,-0.392327,0.032788,-0.275307,-0.383301,0.1924,-0.128281,0.035977,-0.373188,-0.27995,0.016349,-0.181592,-0.402482,-0.405957,-0.190214,-0.144155,0.470175,-0.370022,-0.328456,-0.223697,-0.270719,-0.140597,-0.202753,0.04143,-0.354475,0.091057,0.280432,-0.252045,-0.280435,0.013923,-0.273548,-0.006982,-0.253544,-0.042754,0.178464,0.019852,-0.024971,-0.485504,-0.160333,0.173157,-0.050661,-0.200433,-0.178902,0.291251,-0.371176,-0.007365,0.215487,0.399322,-0.522818,0.467973,0.086438,0.022469,0.297226,0.32127,-0.297342,0.084934,0.069184,-0.16638,0.204114,-0.288716,0.150349,0.260494,0.020102,-0.233938,-0.130089,0.149143,-0.250344,-0.181204,0.354183,#
7,-0.154789,0.019973,-0.129804,-0.173391,-0.079532,0.432485,0.242239,1.0,-0.115022,0.329351,-0.321922,-0.015218,0.425301,0.286179,0.231862,0.134365,0.13422,0.183773,0.146278,-0.13824,0.179682,0.199795,0.098774,0.076635,-0.050689,0.023374,-0.037482,-0.293689,0.106358,0.213015,-0.202612,-0.104952,0.123771,0.078117,-0.277461,-0.083279,-0.041995,-0.122028,-0.061379,-0.323236,0.044509,0.166745,0.06413,-0.187868,-0.071931,-0.326587,0.2288,-0.296283,-0.022963,0.052115,-0.171183,-0.104052,0.130281,-0.068078,0.277028,0.220266,0.075176,-0.24099,-0.187263,0.11349,0.186439,-0.149051,-0.124194,0.240862,-0.052418,0.425179,-0.018722,0.222544,-0.256147,-0.118736,-0.033696,0.259923,-0.429861,-0.033738,-0.010885,0.060142,0.013819,0.060583,0.014572,0.042875,-0.058788,-0.393911,-0.199651,-0.093305,-0.117471,-0.107704,-0.047684,0.002585,0.181268,0.048127,0.032806,-0.312187,-0.231546,0.06693,-0.009309,-0.062552,-0.171932,-0.023711,0.063123,-0.469072,-0.091059,0.06406,-0.174187,-0.044373,-0.204008,-0.009404,-0.333853,-0.110344,0.050581,-0.195187,-0.000768,0.15112,-0.127598,-0.140644,0.000921,0.016154,-0.061245,-0.062909,0.044979,-0.183949,0.058917,-0.57148,-0.047922,-0.165088,-0.204686,-0.103532,0.017512,-0.135729,-0.181396,-0.051711,-0.254203,0.070187,-0.101514,-0.0643,-0.24349,-0.000663,0.210753,-0.297869,-0.011972,-0.342531,-0.235213,-0.186304,-0.305941,-0.066468,-0.290608,-0.132283,0.09618,0.159289,-0.147949,-0.118183,-0.104848,-0.074573,-0.126138,-0.174036,0.017819,-0.478948,0.121112,0.324717,-0.194732,-0.102346,-0.047764,-0.004902,-0.193324,-0.041751,0.317233,0.080044,-0.259313,0.09806,0.022805,0.245628,-0.11198,-0.013536,-0.24791,-0.16657,0.337115,-0.266067,-0.029753,-0.105362,0.290088,-0.176341,0.207662,0.236641,0.119448,-0.13137,0.213053,-0.044417,-0.028106,-0.129667,-0.335942,0.207775,-0.177426,-0.185883,0.089269,-0.062879,-0.065123,-0.083825,0.085072,-0.045867,-0.287941,0.265623,#
8,0.057772,-0.205273,0.094519,-0.17452,-0.025693,0.140816,0.262574,-0.115022,1.0,0.169695,0.062251,0.16033,-0.05409,0.131867,0.063649,-0.045315,-0.282855,0.123361,0.042248,0.073203,-0.10085,0.200434,0.152868,0.006095,0.016154,0.264577,0.200164,0.295759,0.153619,-0.048584,-0.11624,-0.025797,0.003814,-0.007428,0.124869,-0.084938,-0.018367,-0.014176,0.197961,-0.144122,0.173589,0.065516,-0.060127,0.054119,0.087961,-0.025023,0.022461,0.175822,0.001616,-0.107566,-0.054851,-0.065366,0.117998,0.179503,0.212773,0.402644,-0.288878,-0.123899,-0.065793,0.164915,0.128333,0.001635,-0.047112,0.25682,0.051732,0.028074,-0.074689,0.218479,0.33728,-0.002201,-0.006666,0.132755,0.123301,0.103812,-0.246779,0.108857,-0.020692,-0.085908,-0.047552,-0.049038,-0.00347,-0.036522,-0.176448,-0.065961,-0.151048,0.224083,-0.137032,-0.254201,-0.054059,-0.418468,0.159455,-0.096908,-0.187505,0.148945,-0.056808,0.112675,-0.093772,-0.196593,-0.392731,-0.132782,-0.026551,0.155116,-0.007792,0.030289,0.054929,-0.316855,0.003543,0.044157,-0.065529,-0.092796,-0.1012,-0.178344,-0.180654,-0.249448,0.265534,-0.131394,0.129184,-0.070866,0.044373,-0.026618,0.159837,-0.005423,0.158599,-0.194689,-0.094607,0.106137,0.286777,-0.003631,-0.070629,0.028409,0.10938,-0.095022,-0.374471,-0.039994,-0.043387,0.058106,-0.065283,0.118654,-0.038784,0.017325,-0.071909,0.121997,-0.049867,-0.183124,-0.206288,-0.418345,-0.068943,0.018611,-0.085165,-0.048378,0.180113,-0.01091,0.021761,-0.125311,0.295631,-0.056675,0.20866,0.156669,-0.173504,-0.139861,-0.074081,0.098386,0.122596,-0.181257,-0.316498,-0.080733,0.066196,-0.096855,-0.239132,0.013231,-0.032374,-0.225706,0.055353,0.113285,0.237227,0.171274,0.023856,0.00111,0.331167,-0.146231,0.317092,0.197415,-0.200707,0.065749,0.010844,0.171396,0.079668,0.221749,-0.281226,-0.20403,-0.087967,-0.01316,0.019994,-0.009153,-0.107915,0.156299,-0.062436,-0.266427,-0.022045,0.031819,#
9,0.153165,0.235949,0.026702,-0.324243,-0.130314,0.107993,0.259093,0.329351,0.169695,1.0,-0.188281,-0.108711,0.386653,0.659171,0.179911,0.239026,-0.348874,0.295971,0.178985,0.227174,0.057968,0.21119,0.371359,0.108171,0.020176,-0.122431,-0.157978,-0.091364,0.215813,0.433466,0.073304,0.19964,0.316909,-0.127007,-0.075459,0.020451,0.231866,-0.048269,0.05747,-0.412341,0.308857,0.291746,0.017324,0.000694,0.069917,-0.539596,0.205697,0.175319,0.055362,0.15015,-0.143783,-0.204436,0.365636,-0.179183,0.28491,0.075866,-0.155264,-0.424022,-0.205246,0.209011,0.496826,0.038774,-0.440523,0.077276,-0.034686,0.253785,-0.069488,0.225737,-0.227524,0.082918,-0.051648,0.383276,-0.227859,-0.081262,-0.227009,-0.036475,-0.082007,-0.232877,0.009885,0.248528,0.025819,-0.435844,-0.330211,0.197168,-0.314902,0.130818,-0.119916,-0.187763,0.084018,-0.287388,-0.078269,-0.087711,-0.350002,0.063604,-0.072937,0.088674,-0.469342,-0.149012,0.14759,-0.307231,-0.373097,-0.036477,-0.243752,-0.069981,0.0232,-0.227065,-0.327721,-0.355139,0.077332,-0.30415,0.27962,0.279713,-0.292491,-0.137107,-0.083011,-0.289818,-0.071153,-0.162166,0.382063,-0.415347,-0.201871,-0.249883,-0.009897,-0.222533,-0.332042,0.243504,0.351438,0.027164,-0.14064,-0.265485,0.016454,0.049505,-0.421916,-0.041767,-0.41577,-0.310707,-0.070874,-0.037933,0.133676,-0.320187,0.038612,-0.078457,-0.265719,-0.426189,-0.332687,-0.050526,-0.152703,0.184104,-0.328988,-0.237928,-0.285671,0.050596,-0.034826,-0.511565,0.022942,-0.361,0.588636,0.37679,-0.108212,-0.295997,-0.088564,0.072502,-0.044979,0.023903,0.235606,0.391947,-0.091273,-0.05703,-0.080844,-0.102735,-0.171533,0.078022,-0.196627,-0.199654,0.354993,-0.297912,-0.01616,-0.075675,0.553999,-0.395362,0.602225,0.233123,-0.528156,-0.084912,0.202816,-0.031555,0.422863,0.027048,-0.536689,0.083322,-0.227933,-0.225277,0.012177,0.324485,-0.171521,-0.027264,0.100474,-0.091917,0.329249,0.413608,#
10,0.251891,-0.075966,0.080114,0.020798,0.246221,0.029123,0.086313,-0.321922,0.062251,-0.188281,1.0,-0.064699,-0.134615,-0.150176,-0.249024,-0.055327,-0.012225,-0.199972,0.057555,-0.090766,-0.110664,-0.23553,-0.028567,0.042681,0.107226,0.233771,-0.024284,0.153907,0.111389,-0.278791,0.055039,-0.031602,-0.187057,-0.450082,0.025083,0.152713,0.120476,0.237315,-0.020602,0.232696,-0.229873,-0.383526,-0.050319,-0.04749,0.068637,0.115117,-0.324276,0.040947,-0.018191,0.258478,0.135507,0.038631,0.04276,0.161518,0.039129,0.137374,-0.27912,0.2314,0.086418,-0.21176,-0.227632,-0.02506,0.03113,-0.073683,-0.041769,0.057037,0.231909,0.004232,-0.006485,-0.062532,0.078066,-0.186111,0.064106,0.141046,-0.050442,0.109101,-0.145813,-0.149411,-0.074627,-0.104962,-0.013117,0.26632,-0.009035,0.140151,0.110822,-0.047362,0.063687,0.085371,-0.017183,0.001127,-0.076979,0.141374,-0.011918,-0.025216,0.03653,-0.026145,0.050156,-0.288772,0.008889,0.043246,0.154628,-0.143025,-0.029691,-0.283359,0.004624,-0.131332,-0.04639,0.275417,0.012428,0.330575,-0.207934,-0.118226,-0.260733,-0.158918,0.038969,0.082325,-0.284935,-0.017668,-0.249498,0.092295,-0.350011,0.264265,-0.023107,-0.263417,-0.101255,0.041206,-0.056105,-0.016522,-0.058822,-0.26679,-0.09237,-0.234611,-0.000301,-0.126577,0.140521,-0.033576,0.091399,-0.031942,-0.192227,0.089173,-0.059912,0.222018,0.017456,0.082676,0.179453,-0.069203,-0.038189,0.112772,0.160007,0.025788,0.350549,0.129597,-0.119639,0.06026,0.012805,0.00365,-0.34406,-0.062677,-0.047242,0.129964,-0.097727,-0.154532,-0.063506,-0.014323,0.101631,-0.127037,0.129219,-0.19713,-0.076913,0.109748,0.207996,0.069127,0.238963,0.109446,-0.13119,0.156092,0.100721,0.018457,-0.103624,-0.006045,-0.197294,0.087957,0.061026,0.018155,0.152992,0.08759,-0.011118,0.223789,0.239537,0.162216,0.167192,0.20959,0.245224,-0.265676,-0.072711,-0.06294,-0.016647,-0.039464,-0.173642,-0.245804,#
11,-0.088784,0.032494,-0.086154,-0.133864,-0.056799,0.202406,0.093244,-0.015218,0.16033,-0.108711,-0.064699,1.0,-0.035664,0.050325,-0.061422,-0.14924,-0.116814,-0.029833,-0.057657,-0.080682,0.245144,-0.160495,-0.099664,0.040457,0.104326,-0.094616,0.028193,0.094572,-0.114035,-0.009041,-0.096613,-0.053052,-0.106201,0.042981,-0.114174,0.004144,-0.073475,0.061286,0.111096,-0.080357,-0.151872,0.184833,-0.156555,-0.206881,-0.14658,0.232145,-0.101639,-0.072675,0.104231,0.052758,-0.220451,0.050973,-0.182835,0.317955,0.022645,0.019177,-0.364808,0.07113,-0.226115,-0.178541,-0.133378,-0.229976,0.061514,0.239651,0.089563,0.249161,-0.090689,0.045827,0.440599,-0.215734,0.03873,-0.071832,0.092167,0.155988,0.033702,-0.066692,-0.120236,0.173746,-0.145789,-0.093564,-0.249186,-0.197582,0.086051,-0.097149,-0.114056,-0.341382,-0.166387,-0.077174,0.065284,-0.002943,0.014441,-0.325646,-0.167555,0.001262,-0.030217,-0.093084,0.027602,0.043437,-0.182576,0.0424,0.186892,-0.029754,-0.196508,-0.018889,-0.171522,0.043986,-0.046949,0.127547,-0.067633,0.102494,0.008453,-0.121608,-0.243544,-0.142339,-0.072594,0.001889,0.023645,0.21203,-0.022549,0.013254,0.04074,-0.119331,-0.09258,-0.175321,0.059743,-0.128512,0.039981,-0.03985,0.008132,0.102797,-0.068887,0.01998,-0.230971,-0.00285,-0.102078,0.165766,0.086594,-0.116281,-0.124756,-0.216611,-0.126953,0.125793,0.094746,0.06834,0.113163,-0.152247,-0.040137,-0.114718,-0.006978,0.03015,0.059712,0.250975,-0.122992,0.225647,0.159059,0.092218,-0.046329,0.063398,-0.042247,-0.257606,-0.133301,-0.144355,-0.035473,-0.08055,-0.309086,-0.033716,0.040954,0.034021,0.233391,0.010572,0.165169,0.291819,0.021379,-0.120977,0.128185,-0.002691,0.104933,0.21382,0.077074,0.278702,-0.015574,-0.071302,-0.014743,-0.117225,0.256645,0.289351,-0.147122,0.059906,0.181685,0.077298,0.070167,0.369333,0.07282,0.06043,-0.138917,-0.050201,0.082763,-0.236094,-0.054529,-0.147212,#
12,0.210646,0.105684,-0.004119,-0.386633,-0.014381,0.1271,0.295555,0.425301,-0.05409,0.386653,-0.134615,-0.035664,1.0,0.610542,0.074507,0.273119,-0.064253,0.256035,0.239118,0.118822,0.064655,0.062607,0.425157,0.082981,-0.092291,-0.318789,-0.087534,-0.09707,0.241223,0.270965,-0.060605,0.017334,0.073378,0.06104,-0.253186,0.197056,0.204528,-0.13009,-0.134074,-0.031128,-0.055737,0.172977,0.136503,-0.206346,-0.172898,-0.500055,0.324161,-0.026379,-0.000171,0.173217,0.061673,-0.20487,0.121293,-0.109802,0.138748,0.059522,0.03357,-0.370352,-0.034823,0.008004,0.445527,-0.092733,-0.183359,0.244928,0.070882,0.196145,-0.170294,0.176354,-0.006444,-0.031646,-0.089023,0.128997,-0.427626,-0.325845,-0.26183,0.082259,-0.228881,-0.169313,-0.111091,-0.006093,-0.116774,-0.330315,-0.267832,-0.249578,-0.190459,0.004519,-0.180579,-0.000908,-0.04234,-0.078104,-0.268431,-0.209206,-0.473835,-0.056576,-0.183233,-0.231287,-0.33141,-0.214532,-0.097529,-0.468222,-0.107288,-0.34856,-0.300413,-0.060085,-0.16676,-0.10816,-0.324403,-0.243076,0.028608,-0.256191,0.067484,-0.000184,-0.276354,-0.263434,-0.009507,-0.213569,-0.053986,-0.103118,0.031029,-0.269239,-0.059241,-0.359717,-0.255893,-0.351592,-0.320087,-0.094644,0.201321,0.126248,-0.21908,-0.300833,-0.208164,-0.041766,-0.347239,0.100694,-0.124493,-0.20243,0.159844,-0.325698,-0.094176,-0.363189,-0.303022,0.001578,-0.196129,-0.320422,-0.327594,0.114533,-0.055379,0.376183,-0.306369,-0.209215,-0.34709,-0.13868,-0.089381,-0.223994,0.005817,-0.408397,0.282054,0.243834,-0.169019,-0.301722,0.07131,-0.155725,-0.034178,0.072544,0.298436,0.217282,-0.047957,0.225316,-0.126856,0.017668,-0.103758,-0.05792,-0.441023,-0.204216,0.188753,-0.231033,-0.148951,0.120503,0.229399,-0.46433,0.207713,0.144559,0.113398,-0.095582,0.2281,-0.140974,0.138365,0.071802,-0.291107,0.39012,-0.249276,-0.098222,0.178208,0.171608,0.093514,0.066406,0.126294,-0.025817,0.110629,0.368281,#
13,0.275247,0.214732,0.045703,-0.47928,-0.283364,0.152843,0.413612,0.286179,0.131867,0.659171,-0.150176,0.050325,0.610542,1.0,0.217728,0.194568,-0.351135,0.166656,0.315182,0.29742,0.195963,0.194576,0.337381,0.108936,0.003187,-0.22095,0.16526,0.053312,0.348977,0.373785,0.166078,0.292916,0.051835,0.015451,-0.290051,0.039572,0.183191,0.054371,0.071499,-0.328068,0.142634,0.459304,-0.009708,-0.060238,0.007427,-0.650635,0.299118,0.145499,-0.112798,0.081833,-0.024355,-0.252003,0.251843,-0.37725,0.047019,0.016076,-0.071415,-0.442787,-0.159659,-0.038488,0.687411,0.096587,-0.3994,0.138093,0.132848,0.361637,-0.264059,0.212386,-0.012043,-0.029513,-0.121103,0.381074,-0.208004,-0.306567,-0.314253,0.078981,-0.234096,-0.118578,-0.129429,0.081766,-0.001151,-0.53098,-0.411331,-0.001091,-0.36665,0.162233,-0.182356,-0.117432,0.031282,-0.278241,-0.222401,-0.179829,-0.422195,0.009659,-0.125355,-0.144842,-0.412289,-0.159339,0.041027,-0.439608,-0.246338,-0.242184,-0.326677,-0.267808,-0.13009,-0.184167,-0.260633,-0.377737,0.005307,-0.354151,0.133258,0.218952,-0.487067,-0.132834,0.104628,-0.272608,-0.311204,-0.16318,0.415643,-0.401028,-0.049489,-0.327487,-0.015867,-0.367291,-0.385608,-0.014309,0.160815,0.030296,-0.278667,-0.316973,-0.151329,-0.073662,-0.35344,-0.109247,-0.275632,-0.337643,0.142927,-0.226499,0.155101,-0.537034,-0.08183,0.128157,-0.058494,-0.402892,-0.424085,-0.001467,0.003921,0.30346,-0.431371,-0.123541,-0.251692,0.021778,-0.020599,-0.392353,-0.101966,-0.313553,0.498023,0.208309,-0.139618,-0.429865,0.045387,-0.051427,0.047118,-0.156775,0.156448,0.417024,-0.121559,0.125907,-0.247885,-0.087628,-0.284559,-0.082232,-0.292166,-0.242456,0.260295,-0.244469,-0.022787,0.103596,0.467823,-0.455096,0.442341,0.003972,-0.339886,-0.013687,0.27016,0.002551,0.145711,0.078834,-0.42386,0.237502,-0.269688,-0.166018,0.08228,0.29542,-0.048047,-0.119779,0.089947,-0.159544,0.260754,0.340057,#
14,-0.039003,0.119357,-0.267192,0.004244,-0.1966,0.122823,-0.082711,0.231862,0.063649,0.179911,-0.249024,-0.061422,0.074507,0.217728,1.0,-0.117409,-0.068407,0.063514,0.24049,0.155106,0.368621,0.043241,0.100741,0.215497,-0.181439,0.032308,0.264714,0.047266,0.114423,0.08193,-0.005421,0.233113,0.142196,0.120998,-0.238498,-0.232884,-0.085072,0.013879,-0.114292,-0.164851,0.129961,0.347608,-0.022393,0.196075,0.362364,-0.260398,0.119732,0.041019,0.15571,-0.095827,0.071768,0.093892,0.111319,-0.14026,-0.023765,0.309342,0.200499,-0.227493,-0.095072,0.131436,0.265026,-0.030786,-0.21932,0.171231,0.12621,0.021903,-0.098058,-0.103225,-0.002672,0.047459,0.05257,0.05215,0.096968,0.040755,-0.070461,-0.079615,-0.071349,0.235614,-0.13629,0.265684,0.145531,-0.177075,-0.075396,-0.016022,-0.041664,0.243165,0.188215,0.05936,0.112182,-0.239074,0.007498,0.062799,0.083681,0.106124,0.103334,0.111905,-0.24094,-0.070326,0.001127,-0.246243,-0.068194,0.116592,-0.064618,-0.265544,-0.096686,-0.043763,-0.311239,0.036064,0.034159,0.064285,0.003871,0.173017,-0.026531,0.14233,0.18561,-0.0021,-0.185236,-0.068854,0.193801,-0.378713,0.133308,-0.325883,0.01052,0.013438,-0.189269,-0.218068,-0.064596,0.133624,-0.214142,0.047733,-0.053944,0.173897,-0.135359,-0.210404,-0.133015,0.02901,-0.006528,0.183373,0.030778,-0.218481,-0.109605,-0.018648,-0.092521,0.190746,-0.145835,-0.068873,0.071457,-0.125484,-0.10069,0.122322,-0.108592,-0.130667,0.181508,0.1227,-0.236185,-0.054666,0.356203,0.034345,-0.141536,0.121248,0.092777,0.068967,-0.032862,-0.163283,-0.072606,0.230312,0.118721,-0.102185,-0.070034,-0.020201,-0.280125,-0.039755,-0.154376,0.183172,0.091771,-0.173864,-0.050556,-0.143207,0.323586,-0.073375,0.102529,0.194105,-0.068152,0.013907,0.083504,-0.059066,0.281535,-0.069832,-0.035415,-0.037762,-0.040875,-0.141819,0.079333,0.088187,-0.141828,-0.000141,0.007358,-0.230519,0.039569,-0.113726,#
15,0.052551,0.141679,0.020589,-0.214248,-0.028765,0.103158,0.27984,0.134365,-0.045315,0.239026,-0.055327,-0.14924,0.273119,0.194568,-0.117409,1.0,0.025623,0.372759,0.084913,0.171924,-0.267755,0.040324,0.254152,-0.105965,-0.018621,-0.12117,-0.133559,0.020062,0.25289,0.139221,0.245704,-0.006506,0.110227,-0.02978,0.012113,0.06089,0.372672,0.033564,0.083298,-0.027209,0.126151,0.022425,0.231523,0.067288,-0.096283,-0.270183,0.115601,0.047919,0.115128,0.186464,0.116946,-0.087125,0.071265,-0.05886,0.235821,-0.118362,-0.008867,-0.367498,0.011037,0.06892,0.122085,0.083358,-0.16357,0.151967,0.034851,0.05867,-0.059122,0.117279,-0.30109,0.125009,0.152936,0.297659,-0.013392,-0.277928,0.057186,0.266092,0.086532,-0.203165,0.300604,-0.022111,0.172694,-0.081513,-0.180696,0.229779,0.028163,-0.136988,-0.138054,-0.249517,-0.108199,0.064798,-0.011139,0.084251,-0.276253,0.274767,-0.088902,-0.192761,0.001191,-0.124091,0.167456,-0.017325,-0.151182,-0.012473,-0.225343,0.228218,0.006995,-0.081495,0.007297,-0.039319,-0.043301,-0.148058,0.09184,0.09001,-0.14342,-0.106001,-0.060725,-0.016163,-0.004188,-0.225034,0.153869,-0.19808,-0.065929,-0.031157,-0.279969,-0.165697,-0.131982,0.007232,-0.093136,0.282179,-0.131785,-0.237461,-0.033611,0.010121,0.001418,0.182167,-0.075722,-0.170441,-0.021217,-0.233275,-0.000222,-0.255653,0.030086,0.108468,-0.22699,-0.339163,-0.054786,0.203969,0.18092,0.298653,-0.173067,-0.362089,-0.120541,-0.173141,0.080494,-0.029815,-0.026822,-0.048391,0.122312,0.287152,-0.158742,-0.254786,0.258001,-0.105864,0.065533,0.047054,0.237797,0.174622,-0.150856,0.185286,-0.212952,-0.039637,0.142244,0.061629,0.034679,-0.194698,-0.031332,-0.077556,-0.119474,0.222454,0.058949,-0.369184,0.330253,-0.132655,-0.29317,0.225293,0.072378,-0.154546,0.201597,0.017915,-0.199263,0.012587,-0.117156,-0.207175,0.057307,0.164885,-0.058954,-0.074506,0.157241,0.052619,0.316013,0.356657,#
16,-0.210758,0.017721,-0.207137,0.115312,0.289961,0.139582,0.068323,0.13422,-0.282855,-0.348874,-0.012225,-0.116814,-0.064253,-0.351135,-0.068407,0.025623,1.0,0.015315,-0.05808,-0.055453,-0.142164,-0.231269,-0.134222,-0.283814,-0.358708,-0.001622,-0.265299,-0.11701,-0.045451,-0.183296,-0.2705,-0.115993,0.073651,0.165665,0.060507,0.179042,-0.227719,-0.197177,-0.141935,0.371295,-0.191578,-0.322426,-0.011522,0.097791,-0.134666,0.1662,-0.19479,-0.453486,0.129726,0.174013,0.190975,0.046254,-0.207861,0.062689,0.204399,0.001449,0.266688,0.08152,0.159035,-0.260888,-0.318128,0.106214,0.237608,-0.090156,-0.239192,-0.017944,0.147575,-0.053784,-0.202742,-0.252186,-0.07387,-0.34757,-0.095849,-0.147268,0.099875,-0.065312,0.132504,-0.095677,0.115307,-0.063365,-0.105666,0.216673,0.190299,-0.145198,0.049816,-0.101199,0.061219,-0.014152,-0.162611,0.121446,0.008247,0.065131,-0.067659,-0.046804,0.065755,-0.058192,0.173526,-0.070387,-0.057405,0.093363,0.024091,0.113563,0.156187,0.086839,-0.118564,-0.048798,0.116085,-0.079272,-0.014244,0.038764,-0.23382,-0.015258,0.189288,0.197678,-0.360021,0.036677,0.140731,0.14319,-0.214512,-0.004479,-0.144825,-0.111057,-0.349596,-0.078946,0.118068,-0.301966,-0.388518,-0.134179,0.042927,-0.018804,-0.141734,-0.200712,0.155159,-0.01557,0.153,0.033941,0.331722,-0.216832,-0.260115,0.046588,-0.041757,-0.188891,-0.117689,0.339248,0.071054,-0.058938,0.010971,-0.035461,0.05292,-0.057443,-0.021879,-0.20153,-0.013581,0.003674,-0.173774,-0.129772,-0.297039,-0.040496,-0.10798,0.273854,-0.157117,-0.078618,0.04811,-0.092425,-0.129667,-0.061259,0.065179,-0.208204,-0.079995,0.08839,0.056277,0.086907,-0.030346,-0.068682,-0.10568,-0.04643,-0.081979,0.001343,-0.173752,0.049896,-0.283891,0.056576,0.512431,0.016159,-0.06756,-0.256643,-0.139371,0.060383,0.265834,-0.149849,0.057977,0.180027,-0.078486,-0.302496,-0.009541,-0.047353,0.094773,0.12887,-0.32796,-0.080401,#
17,-0.350579,0.06996,0.192936,0.117133,-0.162225,0.032607,0.187843,0.183773,0.123361,0.295971,-0.199972,-0.029833,0.256035,0.166656,0.063514,0.372759,0.015315,1.0,-0.040692,0.355259,-0.211736,-0.063544,0.12523,0.056392,0.140113,0.274709,0.066683,-0.034867,0.115526,0.001564,0.076006,-0.154923,-0.027608,0.091978,-0.090893,-0.028209,0.020263,-0.012717,0.125319,-0.248174,0.004379,-0.015125,0.145794,0.092383,0.001376,-0.15039,0.021089,0.183086,0.148337,0.034705,-0.042989,-0.032489,0.034977,0.125289,0.154091,0.035556,0.170783,-0.284405,-0.081123,0.058188,0.097587,-0.268338,-0.172366,0.160181,0.061831,0.05565,0.048045,0.144149,-0.080983,0.235942,0.187427,0.263939,-0.181848,-0.167615,-0.068785,-0.048844,0.14232,-0.109978,0.108307,0.042586,0.031541,-0.108646,-0.171405,0.327919,-0.257157,0.129722,-0.007662,-0.171684,-0.195216,-0.035684,-0.071202,0.020128,-0.248714,0.203793,-0.13765,0.027858,-0.001793,-0.166935,0.095602,-0.045854,-0.446198,-0.028445,-0.052748,0.227024,-0.072286,-0.118768,0.140359,-0.188664,0.087032,-0.03078,0.15521,-0.069955,0.062639,-0.112686,0.011152,-0.099929,0.042335,-0.152495,0.247901,-0.216286,-0.008981,-0.156112,-0.21306,-0.177526,-0.143739,0.084852,0.011899,0.120668,-0.183253,-0.09672,0.085129,0.14941,-0.186805,0.072883,-0.03432,-0.054552,0.092887,-0.066682,-0.091026,-0.160606,-0.111776,-0.034497,0.059131,-0.244158,-0.12965,-0.011791,-0.112035,0.421983,0.013363,-0.150754,-0.17622,0.044684,0.123836,-0.145653,0.011528,-0.087891,0.090227,0.404553,0.036284,-0.150824,0.092793,0.211773,-0.123507,0.190436,0.08847,0.202671,-0.006976,-0.047929,-0.057291,0.156628,0.008756,-0.061572,-0.03254,-0.122673,0.077836,-0.067511,-0.101454,-0.006519,0.044688,-0.169262,0.336064,0.007734,-0.090598,-0.00572,0.156946,-0.201339,0.256423,0.299528,-0.348775,-0.067939,0.000367,-0.300709,-0.15657,0.146369,-0.187375,-0.152998,0.187279,0.011283,0.112768,0.278226,#
18,0.334612,0.335555,0.037246,-0.223015,-0.080265,0.237507,0.350743,0.146278,0.042248,0.178985,0.057555,-0.057657,0.239118,0.315182,0.24049,0.084913,-0.05808,-0.040692,1.0,0.016533,0.116682,0.179993,0.172405,0.031883,0.013869,-0.023231,-0.034804,0.19231,0.224958,0.172277,-0.204419,0.192626,-0.042996,0.008218,-0.120974,0.105804,-0.056966,0.097844,-0.22657,0.095853,0.185818,0.207657,0.012399,0.05699,0.232868,-0.193381,0.108269,-0.117982,-0.084225,0.133397,0.171982,-0.019808,0.278682,-0.221108,0.023592,0.130029,-0.009632,-0.338993,0.021638,-0.223514,0.319769,-0.142481,-0.151876,0.165689,-0.066342,0.229602,-0.239158,-0.007196,0.019674,-0.10254,-0.074129,0.09359,-0.154699,-0.2536,-0.220934,-0.023602,-0.140078,-0.155998,-0.18529,0.115997,0.228201,-0.194245,-0.098055,-0.280925,-0.015139,-0.027039,-0.008879,-0.0836,-0.058078,-0.176273,-0.264042,-0.224684,-0.056441,-0.261639,0.119502,-0.146907,-0.179553,-0.201308,-0.073964,-0.198033,0.11358,0.055617,-0.067081,-0.439898,-0.205833,0.052273,-0.337805,-0.162371,-0.141169,-0.036571,-0.044166,0.185875,-0.185671,-0.106188,0.189675,0.126202,-0.089883,0.029991,0.214855,-0.237446,-0.06506,-0.048427,-0.0719,-0.230025,-0.358454,-0.012376,0.158643,-0.030903,-0.029638,-0.09074,-0.228983,-0.1523,-0.000689,-0.005003,-0.11905,-0.100637,-0.035476,0.032777,0.049014,-0.174705,-0.360521,-0.004792,-0.177291,-0.094638,-0.107057,-0.031752,-0.127964,0.165996,-0.379591,-0.03808,-0.190233,-0.167645,-0.020116,-0.163838,0.101626,-0.177869,0.121849,-0.011441,-0.268122,-0.102368,0.036864,0.068435,-0.005446,-0.242238,0.030636,0.146993,0.264545,0.108557,-0.191031,-0.144016,-0.095962,0.015245,-0.012483,0.127989,0.171741,-0.055575,-0.016458,0.105681,0.36635,-0.250732,-0.051614,0.070135,0.074889,0.16913,0.169446,-0.008564,0.47271,0.055261,0.010569,0.114276,-0.12544,-0.003034,0.171502,0.116454,-0.057144,-0.129316,0.168631,-0.091441,-0.025927,0.050032,#
19,-0.084695,-0.028463,0.022371,-0.153276,-0.162726,-0.161297,0.020813,-0.13824,0.073203,0.227174,-0.090766,-0.080682,0.118822,0.29742,0.155106,0.171924,-0.055453,0.355259,0.016533,1.0,0.060859,0.095472,0.135218,0.108438,-0.211557,-0.097086,0.174347,-0.123031,0.12747,-0.171549,0.195375,0.316148,0.327258,0.189779,-0.065925,-0.236807,0.213412,0.153385,-0.076759,-0.094384,0.218371,0.066711,-0.026272,-0.112716,-0.012864,-0.323326,0.150689,0.305354,0.041083,-0.253527,-0.034199,-0.159622,0.281045,-0.21822,-0.128138,0.022272,-0.041943,-0.204304,0.249084,-0.120512,0.295492,0.020507,-0.311721,-0.095008,0.05938,0.035999,-0.090105,-0.090758,0.020866,0.27684,-0.182906,0.218297,0.213943,-0.274549,-0.142555,-0.356665,0.208685,0.115108,0.362757,0.149896,0.278601,0.131586,-0.083975,0.007034,0.105327,0.481034,0.004691,-0.294764,-0.002133,-0.109508,-0.015282,0.436104,-0.023739,0.091383,0.017529,0.151249,-0.032169,-0.030481,0.002917,0.020489,-0.437776,0.093115,-0.005159,0.0506,0.395096,0.017961,0.069943,-0.1723,0.344754,-0.274318,0.129935,-0.098965,0.04454,0.11347,0.123609,-0.080085,-0.022695,-0.03546,0.226427,-0.306131,0.000355,-0.17573,-0.089695,-0.062489,-0.114638,0.268888,0.217824,0.177849,0.204067,0.25401,0.406072,0.019527,0.031273,0.019892,0.287265,0.035544,0.123484,0.107808,0.096668,0.104951,0.10423,0.229173,-0.003696,-0.157883,-0.105073,0.127393,0.172183,-0.04684,-0.045672,-0.000463,-0.045374,0.123992,0.242984,-0.077675,-0.045888,0.085139,0.352475,0.010075,-0.146324,-0.212834,0.288779,0.088201,0.156708,-0.058245,-0.049837,0.19987,0.292841,-0.047569,-0.052393,0.146104,-0.380105,-0.174072,-0.108076,-0.0824,-0.210525,-0.061077,0.106032,-0.232008,0.19248,-0.059003,0.180049,-0.075879,-0.295442,0.027043,-0.177008,-0.379685,0.33909,0.294502,-0.344304,-0.106228,0.050153,-0.281542,-0.264205,0.048204,0.127045,-0.261611,-0.238953,-0.078162,0.364092,0.020799,#
20,0.180399,0.246051,-0.137737,-0.01264,-0.266089,0.065278,-0.048494,0.179682,-0.10085,0.057968,-0.110664,0.245144,0.064655,0.195963,0.368621,-0.267755,-0.142164,-0.211736,0.116682,0.060859,1.0,0.075223,-0.102061,-0.08122,-0.028612,-0.195003,0.055945,-0.12871,-0.176799,-0.034685,0.05329,0.125283,0.243278,0.129267,-0.412856,-0.283895,-0.018867,-0.114355,0.08857,-0.219221,0.196164,0.283477,-0.316784,-0.050383,0.152507,-0.202965,0.074895,0.004635,0.044593,-0.160025,-0.299811,0.050681,0.304062,0.022838,-0.10571,0.024086,-0.079747,-0.073976,-0.381293,0.095444,0.062748,0.047039,-0.012567,-0.002676,0.243653,0.065388,-0.359549,-0.045672,0.171772,-0.072724,-0.155433,0.124255,-0.026845,0.041485,-0.229331,-0.280223,-0.065972,0.312494,0.036412,0.171865,0.102207,-0.247415,0.05494,-0.167996,0.086668,0.013736,-0.04048,0.195917,0.351683,-0.026531,-0.03157,0.025704,0.054185,0.01608,0.171276,0.104988,-0.236404,0.003752,0.098178,-0.145375,0.199376,0.221519,-0.031687,-0.050087,-0.065401,0.003568,0.006616,0.006606,-0.123925,-0.064214,0.088678,0.049512,-0.287373,0.103979,0.219183,0.145914,-0.012801,0.027061,-0.038286,-0.141534,0.137183,-0.247895,-0.121309,0.128848,-0.12468,-0.227143,0.050152,-0.254202,-0.271014,0.078442,0.111713,0.06404,-0.043534,-0.007306,0.004913,0.243332,0.07769,0.165367,0.218456,-0.185148,-0.074298,0.157419,0.071559,0.152739,-0.11172,-0.213789,-0.047239,-0.214719,-0.051786,0.13338,0.119462,0.014154,-0.03624,-0.041635,0.048641,-0.025256,0.287612,-0.114509,-0.220405,0.012771,-0.019517,-0.070328,0.1593,-0.28172,-0.108504,-0.027737,0.103924,0.070566,0.119979,-0.184812,-0.164263,0.142706,-0.162684,-0.001323,0.07773,-0.136324,-0.011396,-0.328631,0.177339,0.167027,-0.171663,-0.052594,0.024282,-0.082582,0.008667,0.036852,-0.029245,-0.188205,-0.119701,0.254021,-0.112615,-0.036119,-0.035618,0.028515,0.031237,-0.13196,0.017795,-0.423139,-0.163978,-0.097037,#
