0,1.0,0.220387,-0.040441,-0.158747,0.169876,0.252522,0.061461,0.09612,-0.27987,0.225598,-0.02192,0.005519,0.453156,0.240246,0.045955,0.046147,0.004214,0.01775,0.028634,-0.114033,0.177703,0.305878,0.126219,-0.228532,-0.100507,-0.321338,0.054201,-0.342067,0.261594,0.207264,0.182511,0.132237,0.139668,-0.183754,-0.174314,0.081448,0.059478,-0.090683,-0.070104,-0.288674,0.103633,0.179821,-0.019458,0.060744,-0.167235,-0.23614,0.098238,0.143978,-0.227106,-0.138194,-0.072067,-0.226468,0.08579,-0.169993,0.227737,-0.022265,-0.210711,-0.025227,0.054135,0.252678,0.491243,0.170047,-0.164786,-0.09282,0.081067,0.233805,-0.107796,0.327872,0.070214,-0.166376,-0.032822,0.047949,-0.411299,-0.18302,-0.469425,0.311441,-0.166063,-0.168071,-0.362221,-0.117845,-0.083891,-0.340396,-0.037592,0.03393,-0.196619,-0.136161,-0.186853,-0.045489,-0.14102,-0.295747,-0.260028,-0.403376,-0.154243,-0.038182,0.044895,-0.197906,-0.100374,-0.184191,-0.052032,0.04221,0.102419,-0.2257,-0.25552,-0.051057,-0.081632,-0.241908,-0.146414,0.022776,-0.372719,-0.076829,0.201985,0.198403,-0.272941,-0.219256,-0.023373,0.112551,-0.416824,-0.35027,0.074513,-0.225086,-0.329825,-0.069564,-0.018548,-0.273292,-0.190432,0.10078,-0.095871,-0.007121,-0.112952,0.136484,-0.108797,-0.226264,-0.158991,0.007365,-0.479973,-0.117481,-0.121223,-0.230487,0.367998,-0.325199,-0.141548,-0.046338,-0.166162,0.010026,-0.142554,-0.097997,-0.142835,0.256081,-0.30873,-0.495799,-0.110937,-0.347952,-0.041876,-0.282299,0.051118,-0.124011,0.321013,0.282022,-0.231461,-0.401983,0.028634,-0.255689,0.076166,-0.30534,-0.046187,0.221958,-0.327735,-0.163488,-0.203382,-0.3296,0.124289,0.073216,-0.432126,0.012312,0.019285,-0.375009,-0.02494,0.124822,0.243487,-0.017109,0.181035,-0.07415,-0.085712,0.197695,0.322725,-0.12587,0.438913,-0.054897,-0.203988,0.341443,0.072669,0.156605,0.317577,0.063979,-0.112807,0.085921,-0.03146,-0.258618,0.087104,0.254972,#
1,0.220387,1.0,0.313645,-0.23659,0.033042,0.134576,0.334266,0.186255,0.226695,0.328626,-0.152052,-0.096497,0.351701,0.187425,0.340679,-0.112533,-0.081331,0.316764,0.191287,-0.053117,-0.162692,0.12775,0.395012,-0.098347,0.023057,-0.349617,0.157413,-0.078328,-0.155481,0.202235,-0.221353,0.120039,0.294901,-0.082877,-0.200777,0.299457,0.188956,-0.065033,0.00657,0.026002,-0.078973,0.218397,-0.030799,0.093636,0.412142,-0.417342,0.27806,0.015025,0.130373,0.220712,0.048005,-0.315643,-0.031738,-0.291417,-0.079623,-0.304025,-0.202808,-0.367335,-0.151945,-0.043095,0.156365,0.100089,-0.380728,-0.069912,0.256873,0.189708,0.025032,0.112958,0.332234,-0.060276,0.128905,-0.019391,-0.095662,-0.41385,-0.34554,0.362456,-0.320008,-0.511469,-0.142776,-0.241184,0.007868,-0.406111,-0.289191,0.178332,-0.422644,-0.129826,-0.326962,-0.141682,-0.234222,-0.282108,-0.25081,-0.244145,-0.491828,-0.029368,-0.174658,-0.16996,0.086695,-0.175448,0.105408,-0.071022,-0.118916,-0.19495,-0.246342,-0.191573,-0.253955,-0.191401,-0.426296,-0.023666,-0.52984,-0.192727,0.259172,0.436167,-0.238969,-0.305662,-0.022476,-0.229031,-0.278289,-0.522211,0.168663,-0.479805,-0.33379,-0.356024,-0.479378,-0.256842,-0.348636,-0.044479,0.166421,0.291336,-0.16843,-0.084451,-0.102502,-0.120719,-0.354927,-0.065081,-0.251604,-0.344311,0.174508,-0.11426,-0.02675,-0.387796,-0.185239,-0.084197,-0.423421,-0.294595,-0.085403,-0.055777,-0.384997,0.485443,-0.089715,-0.296152,-0.299466,-0.471796,0.039968,-0.208091,-0.242639,-0.293024,0.258181,0.363043,-0.215123,-0.227621,0.098977,-0.082753,0.320946,0.141326,-0.035132,0.331011,-0.181086,-0.047158,-0.329226,-0.195066,0.063696,-0.105035,-0.247471,-0.2291,0.162249,-0.191258,-0.094028,0.525541,0.472166,-0.576741,0.365373,0.100339,-0.335831,-0.023674,0.246886,-0.195707,0.394986,-0.14055,-0.424181,0.433667,0.168493,0.282858,0.418033,0.445619,-0.147814,0.004507,0.091497,-0.126068,0.316745,0.048338,#
2,-0.040441,0.313645,1.0,0.20117,-0.011244,-0.043341,0.192825,0.110449,0.340606,-0.108865,-0.046658,-0.154261,-0.173442,-0.100604,-0.031787,-0.148764,-0.18838,0.259951,-0.045216,0.127142,0.032175,0.11383,0.080709,-0.041283,0.292498,-0.191644,0.416603,0.248848,-0.05909,-0.070598,0.040876,0.137554,-0.071782,-0.119282,0.10612,0.122038,0.258632,-0.228276,0.179545,-0.105239,0.10114,0.148955,-0.048192,0.097579,0.13579,-0.126429,-0.081047,0.476717,0.188156,-0.026008,-0.120843,0.023532,0.155641,0.079765,-0.263731,-0.050074,-0.0862,-0.36956,-0.29957,0.09755,-0.234427,-0.271819,-0.029814,0.071554,-0.013477,-0.059106,0.210443,0.105989,0.145991,0.349137,0.438656,0.342265,0.020653,0.024267,0.074818,0.084841,-0.056931,-0.40077,-0.061033,-0.214999,0.280012,-0.065358,-0.005203,0.195389,-0.147069,0.320999,0.010106,0.034834,0.059294,-0.073458,0.047406,0.021597,-0.031117,0.144693,0.032726,0.099562,0.36874,0.037897,0.115301,-0.083472,-0.126221,0.125877,0.116525,0.030062,0.099769,0.014821,0.025303,0.126658,-0.503976,0.063983,0.47109,0.002194,-0.037131,-0.012303,0.522138,-0.020886,-0.15185,-0.165049,0.032853,0.015624,0.037501,0.032329,-0.019297,-0.02586,0.153206,-0.118388,0.053871,0.285869,-0.173858,-0.02708,0.421055,-0.160925,0.083352,-0.012599,0.189301,0.088879,-0.076565,0.306711,0.233855,0.04145,-0.063993,0.164022,-0.041548,-0.157863,-0.077928,0.106345,-0.331593,0.09901,0.266714,0.018171,0.008952,-0.109756,0.150961,-0.094285,0.037743,0.105479,0.021671,0.131261,0.091303,0.146887,0.271551,0.162321,0.027218,0.173846,-0.020377,-0.204341,-0.052703,0.004245,-0.011441,0.126978,-0.068168,-0.151465,-0.196939,0.067822,-0.28475,0.28816,0.05091,0.226285,0.142073,-0.321155,0.102855,-0.128382,-0.211555,0.168822,-0.12662,0.161993,0.015361,0.068249,-0.133002,-0.022803,0.403544,0.010611,0.043838,0.184814,-0.304356,0.170771,-0.158338,-0.012958,0.176203,-0.063394,#
3,-0.158747,-0.23659,0.20117,1.0,-0.130785,-0.202855,-0.318603,-0.342557,-0.116178,-0.256764,0.097749,-0.048316,-0.343221,-0.199493,-0.318847,-0.262746,-0.036561,-0.045105,-0.207755,0.26851,0.091901,0.054285,-0.182721,0.222751,0.232349,0.339625,0.097134,0.233333,-0.029543,-0.307852,0.330803,0.004797,-0.104934,-0.059983,0.255789,-0.254102,-0.080775,-0.021209,-0.132786,-0.013848,0.038886,-0.013556,-0.161426,0.047789,-0.000473,0.437135,-0.131062,0.06025,0.107293,-0.167147,-0.020725,0.394895,-0.002793,0.090291,-0.133558,-0.010585,0.401088,0.165109,0.126072,0.325092,-0.21784,-0.306831,0.160062,-0.193647,0.139951,-0.251921,0.16365,0.124459,-0.063503,-0.089337,0.059415,0.113913,0.253281,0.238242,0.103676,-0.336294,0.153696,0.133448,0.076994,-0.000736,0.224365,0.567423,0.222145,0.103215,0.237166,0.13217,0.399904,0.153436,0.117015,-0.099439,0.263936,0.245156,0.431848,-0.159589,0.344276,0.189914,0.220585,0.140704,-0.131008,0.290468,-0.02802,0.261452,0.470695,0.086025,0.327552,0.377766,0.219204,0.022249,0.23355,0.133117,-0.148502,-0.227303,0.248978,0.281738,0.20596,0.152388,0.220983,0.105242,-0.100826,0.342785,0.260904,0.274929,0.526101,0.238446,0.245043,0.115637,0.119361,-0.058445,0.23454,0.28222,0.199034,0.150423,0.306647,0.089699,0.395396,0.346552,0.050473,0.185887,0.1642,0.407875,0.179203,0.10306,0.214317,0.144668,0.339822,0.230379,0.262778,-0.323695,0.316129,0.349112,0.340568,0.336441,0.140241,0.40639,0.087656,0.2579,-0.283576,-0.284334,0.227039,0.222782,-0.210778,0.236938,-0.19719,0.072489,-0.12278,-0.326739,0.128325,0.125577,0.255008,0.285194,-0.297603,0.011286,0.393884,0.199783,-0.430635,0.419696,0.217839,-0.075358,-0.492061,0.271678,-0.394532,-0.164989,-0.029197,-0.018139,-0.162641,0.251056,-0.166491,0.194616,0.495436,-0.324712,0.229318,-0.18738,-0.176859,-0.235758,-0.146966,0.059346,-0.31989,0.219496,0.093275,-0.314368,#
4,0.169876,0.033042,-0.011244,-0.130785,1.0,0.004828,-0.062318,0.126357,-0.25314,-0.203784,0.077783,-0.038796,0.070176,-0.12667,0.064194,-0.00778,0.045098,-0.047992,0.130389,-0.073913,-0.266742,-0.131128,-0.004697,-0.197089,0.037025,-0.121215,-0.211,-0.001257,-0.006975,-0.036533,-0.178497,-0.163131,-0.127005,-0.177061,-0.120374,0.073106,-0.209713,-0.225312,0.017477,0.192879,-0.093132,-0.241537,-0.100939,0.000577,-0.08637,0.115502,-0.034259,0.278772,-0.080934,-0.017742,0.233551,-0.030997,-0.071049,-0.139552,0.212747,0.072499,-0.054926,0.173576,0.085023,-0.251877,-0.082818,0.051996,-0.065362,0.022268,-0.054801,0.308439,0.240078,-0.187236,0.077314,0.072876,-0.035298,-0.068234,-0.148782,0.173426,-0.110841,0.424061,-0.119185,-0.354322,-0.226223,-0.217694,-0.128494,-0.156115,-0.059671,0.100883,-0.087229,-0.003898,0.079422,-0.064037,-0.1433,-0.078734,0.032591,-0.203336,0.041053,-0.235887,-0.160186,0.025006,0.24198,-0.210575,0.020406,0.064953,0.092613,-0.177756,-0.050279,-0.160345,-0.200341,0.029847,0.031701,-0.072301,-0.168993,-0.194551,0.058398,-0.094526,0.085227,-0.081594,-0.094054,-0.094164,-0.255464,0.167698,-0.040688,0.096207,-0.204731,-0.011463,0.238204,0.038913,0.164878,-0.017904,0.092214,-0.027365,0.083073,-0.037655,-0.085951,-0.154776,-0.123152,-0.195434,-0.218428,-0.136092,-0.012696,-0.178938,-0.059623,0.124355,-0.068857,-0.183493,-0.035897,0.107359,0.01702,-0.099188,-0.278265,0.037459,-0.034492,-0.341072,-0.194979,-0.129308,-0.388391,-0.000305,-0.249677,-0.08546,0.017307,0.082962,0.011375,-0.056364,-0.140204,-0.193404,-0.11395,0.073792,0.018758,-0.030944,-0.080696,-0.00967,-0.135191,-0.094547,0.104663,-0.136955,-0.053832,0.038267,0.172127,-0.018317,0.052588,0.184848,0.072886,0.000911,0.06269,0.005405,0.226268,0.148591,0.118598,-0.307424,-0.000984,-0.231775,-0.175912,-0.054892,0.003173,0.055606,0.288164,-0.052827,0.034666,-0.124037,0.090297,0.106885,-0.269057,0.131172,#
5,0.252522,0.134576,-0.043341,-0.202855,0.004828,1.0,0.236397,0.295163,-0.03709,0.081882,0.168006,0.093505,0.154345,0.000536,0.069465,0.095825,0.395667,0.159521,-0.0738,0.086943,-0.000727,0.288473,0.209961,-0.090392,-0.226656,-0.355941,-0.049765,-0.289354,-0.111987,-0.192183,-0.093036,0.154511,0.082427,-0.115334,-0.192434,-0.102771,0.039991,0.019493,-0.03898,-0.187188,-0.074237,0.261452,0.06007,0.225781,0.070074,-0.219551,0.014942,0.138654,0.164201,-0.102867,-0.073755,0.018716,0.14889,-0.03367,0.157916,0.042953,-0.170968,-0.326555,-0.083732,-0.237883,0.197117,-0.069324,-0.281118,0.176813,-0.002588,0.210875,-0.101395,0.152205,0.171333,0.129812,-0.011538,0.352327,-0.209412,-0.080146,-0.344218,0.180858,-0.35037,-0.07655,-0.117443,-0.065773,0.325293,-0.248947,-0.038273,-0.307715,-0.14959,0.026454,-0.078336,-0.114544,-0.101865,-0.307698,-0.098547,-0.205447,-0.27632,0.113267,-0.070117,-0.121845,-0.088626,-0.372362,0.03468,-0.116218,-0.062326,-0.097629,-0.114306,-0.08363,-0.11068,-0.273474,-0.160564,-0.087358,-0.306463,-0.174795,0.126335,0.037015,-0.225206,-0.252861,-0.014926,-0.325647,-0.530003,-0.057302,0.151582,-0.307797,-0.270524,-0.413774,-0.007295,-0.522598,-0.128908,0.081759,-0.157697,0.022751,-0.108092,0.111248,-0.119054,-0.067878,-0.160115,-0.029939,-0.213977,-0.110158,0.109325,-0.382167,-0.132074,-0.347979,-0.176961,-0.12202,-0.422791,0.09068,0.024094,-0.007035,-0.136129,0.109925,-0.027312,-0.244693,-0.126984,-0.041906,-0.13936,-0.061822,0.062094,-0.298775,0.028107,0.297308,-0.260211,-0.065035,0.038465,-0.120921,-0.105643,0.134546,-0.082083,0.335604,0.049535,-0.142337,-0.105214,-0.061367,0.213264,-0.262068,-0.359601,0.080996,0.208265,-0.287979,-0.066723,0.017295,0.196859,-0.215541,0.19032,0.149353,0.069296,0.009628,0.094736,0.036878,-0.021008,0.156267,-0.208775,0.009598,0.027865,0.021511,0.27258,-0.183481,0.005271,0.054099,0.14595,-0.252679,-0.170817,0.134798,#
6,0.061461,0.334266,0.192825,-0.318603,-0.062318,0.236397,1.0,0.465296,0.357346,0.441271,0.028718,-0.028349,0.34431,-0.048642,0.230496,0.073646,-0.018893,-0.065657,0.197763,-0.219035,-0.265218,0.191153,0.115711,-0.062921,-0.093285,-0.271341,0.307572,-0.054143,0.27568,0.099362,-0.431248,-0.076131,0.136116,0.002584,-0.11753,0.1828,-0.106453,-0.079145,0.093969,-0.072808,-0.171117,0.161669,0.095811,-0.223531,-0.080055,-0.336216,0.035105,-0.057392,0.066686,0.201724,-0.188065,-0.164071,-0.005823,-0.136332,0.068439,-0.007794,-0.059514,-0.302628,-0.248673,0.072664,0.175744,0.007119,-0.206159,0.253607,0.072718,0.289245,0.163095,0.058288,0.347697,-0.060676,0.169108,-0.028647,-0.301558,-0.470101,-0.16771,0.381115,-0.081674,-0.322844,-0.040863,-0.055886,-0.1699,-0.326507,-0.355396,-0.178903,-0.164284,0.308979,-0.161721,-0.138528,-0.082804,-0.272062,-0.263734,-0.242945,-0.408624,0.020036,0.009657,-0.251956,0.033906,-0.142672,0.059944,-0.380326,-0.038433,-0.117178,-0.155044,-0.105664,-0.235553,-0.174907,-0.405186,-0.029745,-0.433284,-0.192418,-0.090181,0.228581,-0.303461,-0.4615,-0.092607,-0.269892,-0.114889,-0.081388,-0.113517,-0.194388,-0.147368,-0.284625,-0.208703,-0.453092,-0.312422,-0.011808,0.087833,0.341649,-0.193825,-0.166849,-0.283879,-0.53195,-0.520549,0.14545,-0.073437,-0.140332,0.061173,-0.202336,-0.217044,-0.411036,-0.002818,-0.037498,-0.358345,-0.097414,-0.065931,-0.240758,-0.289314,0.543714,-0.074755,-0.235623,-0.158565,-0.250278,0.006212,-0.277521,-0.138475,-0.290099,0.024315,0.237297,-0.202559,-0.130386,0.053692,-0.072229,0.153854,0.084077,0.078603,0.134256,0.012938,0.004055,-0.256498,0.276023,0.434323,-0.217315,-0.244937,-0.018087,0.349248,-0.170027,0.107852,0.16973,0.362861,-0.303702,0.449441,0.284207,0.126279,-0.050675,0.310213,-0.115669,0.124204,0.026678,-0.247393,0.357199,0.043185,0.215774,0.229845,0.177538,-0.057515,0.058192,-0.014001,-0.225997,-0.169337,-0.042691,#
7,0.09612,0.186255,0.110449,-0.342557,0.126357,0.295163,0.465296,1.0,0.119082,0.250012,0.032547,-0.187516,0.355601,0.185195,0.002076,0.242303,-0.078827,-0.044433,0.155806,0.009092,0.006134,0.179835,0.055607,0.214124,0.008513,-0.148197,0.040928,-0.196629,0.117829,0.030785,-0.138832,-0.000702,0.293497,0.003317,-0.228751,0.054221,0.12056,0.031767,0.283598,-0.272729,-0.07549,0.198402,-0.009271,0.154214,-0.304855,-0.328553,0.094582,-0.008092,0.147894,-0.028128,-0.24796,0.05901,0.166762,-0.013116,-0.027915,0.105182,-0.121031,-0.26315,-0.258264,-0.028128,0.207905,0.01322,-0.30383,0.278276,-0.040658,0.224005,0.141858,0.154194,0.253604,-0.003295,0.310779,0.125725,-0.394007,-0.166013,-0.018029,0.317559,0.009729,-0.018256,0.102148,0.003431,-0.017024,-0.160151,-0.032491,0.081444,-0.22733,0.194554,0.077705,0.197642,0.00788,-0.120278,-0.343615,-0.161975,-0.327723,0.216475,-0.079854,0.07645,0.226358,-0.073794,0.386863,-0.323013,-0.010153,-0.029133,0.003362,-0.103822,0.156089,-0.044417,-0.181407,-0.045384,-0.272003,-0.373069,0.093446,0.232245,-0.063364,-0.218197,0.190708,-0.05014,-0.099652,-0.033431,0.004152,-0.132073,-0.149999,-0.408618,-0.049515,-0.330934,-0.116044,0.058401,-0.016036,0.081477,-0.209374,-0.080402,-0.191461,-0.126461,-0.180141,-0.040493,-0.159111,-0.055845,0.294067,-0.039834,-0.169496,-0.228201,0.069008,0.172497,-0.232619,0.029601,-0.082156,-0.083669,-0.181241,0.204822,-0.004273,-0.397771,-0.172237,-0.042206,-0.132563,-0.12763,-0.063682,-0.216726,0.26136,0.083809,-0.012808,-0.051795,0.016243,0.193295,-0.094417,-0.000514,0.20089,0.00428,0.166442,-0.278223,-0.30942,0.169091,0.125147,-0.224875,-0.256505,0.045801,0.246962,-0.095349,0.343254,-0.089412,0.257221,-0.25378,0.320537,0.182465,0.105361,-0.088102,0.17479,0.121322,0.084695,-0.140522,-0.143208,0.210706,0.165443,-0.08569,0.174675,-0.200197,-0.201129,-0.149096,0.113261,-0.207199,0.002919,0.020618,#
8,-0.27987,0.226695,0.340606,-0.116178,-0.25314,-0.03709,0.357346,0.119082,1.0,0.228637,-0.227937,-0.087853,0.102527,0.067844,0.216043,-0.205467,-0.063853,0.253743,0.103969,-0.14627,-0.14852,0.133006,0.104656,0.124693,0.07736,0.11909,0.406178,0.268204,0.069471,0.19909,-0.140347,0.008782,0.004662,-0.061876,0.109472,0.075495,0.128799,-0.188351,0.207582,-0.203664,0.122872,-0.122511,0.156622,0.100825,0.263793,-0.314561,-0.035613,0.025684,0.140712,0.193813,-0.149964,-0.146108,0.030737,0.012305,-0.299831,0.142435,0.114636,-0.309182,-0.011671,0.074971,-0.075052,-0.198119,-0.053991,0.085696,0.141661,0.138358,0.15856,-0.032801,0.047955,0.155445,0.16706,0.132101,-0.022702,-0.140606,0.078078,0.048257,0.032575,-0.092482,0.116008,-0.109489,0.055325,-0.040792,-0.191033,-0.056232,-0.03457,0.34306,-0.021622,-0.060979,0.073802,-0.019138,0.029217,0.21065,-0.305305,0.278603,0.143085,0.005222,0.229196,-0.030384,-0.026886,-0.230453,0.049207,0.312286,0.05198,0.231325,-0.129993,-0.160795,-0.093984,0.046068,-0.108774,0.008807,0.203597,0.122294,0.024513,-0.340925,0.146881,-0.014508,0.029676,-0.084662,0.139535,-0.097654,0.035131,-0.135633,-0.156513,-0.081159,-0.022599,0.113129,0.031245,-0.019414,-0.095792,-0.154102,-0.018452,-0.08935,-0.19587,0.012957,0.050179,-0.02448,0.070103,0.051446,-0.164883,-0.138518,-0.019905,-0.008013,-0.078163,-0.248314,-0.207832,-0.216341,-0.188205,0.183286,0.137647,-0.01313,0.058484,-0.121875,0.251852,-0.165436,0.025964,-0.029084,0.267953,0.227824,0.012003,0.057351,0.116917,0.215837,0.243098,-0.182764,0.238721,0.074193,0.039849,0.004357,-0.182635,0.219557,-0.066902,0.049183,0.022896,0.17345,0.139841,0.144177,-0.079376,0.17125,0.3972,-0.271626,0.281937,0.210497,-0.181305,-0.189737,-0.028526,0.052884,0.050612,0.019831,-0.201442,0.112073,0.021764,-0.06281,0.05832,0.25669,-0.158708,0.237143,0.144125,0.000248,0.06024,0.030901,#
9,0.225598,0.328626,-0.108865,-0.256764,-0.203784,0.081882,0.441271,0.250012,0.228637,1.0,-0.34391,0.117659,0.468381,0.438769,0.326399,0.21368,-0.188839,0.21525,0.210785,-0.093648,-0.170659,0.258173,0.299388,0.012866,-0.023098,-0.190327,0.249956,-0.054219,0.100009,0.505058,-0.17666,0.096816,0.244939,-0.099538,-0.353385,0.208093,-0.139498,-0.049305,0.090345,-0.118004,0.0409,0.092406,0.037227,-0.119462,-0.016983,-0.475986,0.227923,-0.01862,-0.136097,0.223966,-0.127739,-0.172845,0.048457,-0.30244,0.136863,-0.129455,0.004865,-0.356283,-0.075717,0.087061,0.332799,0.127158,-0.415282,0.05406,0.219092,0.215575,-0.082526,0.28472,0.065357,-0.153758,-0.053397,-0.071734,-0.28033,-0.407795,-0.119058,0.243789,-0.020647,-0.221258,-0.004593,0.006346,-0.17213,-0.399475,-0.381879,-0.008338,-0.245384,-0.024868,-0.386356,-0.046183,0.045096,-0.218821,-0.24713,-0.252206,-0.332387,0.221191,0.162023,-0.17938,-0.179202,-0.012295,0.083016,-0.262597,-0.152748,-0.147512,-0.259361,0.0221,-0.098556,-0.114958,-0.453985,-0.091546,-0.216276,-0.383703,-0.001542,0.397386,-0.108043,-0.373729,-0.300291,-0.28591,-0.262417,-0.134061,0.327687,-0.459387,-0.085331,-0.325707,-0.2852,-0.440929,-0.529169,0.129244,0.08056,0.089143,-0.201884,-0.279404,-0.228452,0.045878,-0.418087,-0.052822,-0.334989,-0.332061,0.058598,-0.234467,-0.025057,-0.431056,0.044827,-0.191353,-0.430542,-0.36687,-0.194574,-0.145491,-0.10596,0.39008,-0.336649,-0.394058,-0.296461,-0.470703,0.045878,-0.352288,-0.035961,-0.21028,0.259915,0.439186,-0.278026,-0.241808,0.03186,-0.189096,0.060311,0.046415,0.251264,0.347128,-0.338321,-0.097038,-0.4857,0.009624,0.090652,-0.013241,-0.2611,-0.072242,0.318611,-0.375138,-0.117493,0.16943,0.477023,-0.386797,0.311384,0.150212,-0.305387,-0.326617,0.3199,-0.096122,0.392359,-0.053612,-0.278132,0.319819,0.035955,-0.027958,0.23897,0.463019,-0.125593,-0.039318,-0.115541,-0.203532,0.260704,0.16776,#
10,-0.02192,-0.152052,-0.046658,0.097749,0.077783,0.168006,0.028718,0.032547,-0.227937,-0.34391,1.0,-0.162755,-0.270555,-0.449684,-0.129892,0.082337,0.129221,-0.190918,0.14774,-0.236534,0.051211,-0.07876,-0.156867,-0.024917,-0.068277,-0.031475,-0.251486,0.001256,0.015729,-0.403108,0.163687,-0.064343,-0.320868,-0.132698,0.439041,-0.166476,0.016922,0.189439,0.074863,0.254697,-0.120512,-0.090786,-0.050687,-0.072352,0.0272,0.329284,-0.338906,0.019659,0.204573,-0.18232,0.075512,0.236031,-0.075427,0.064882,0.061703,0.092583,-0.232997,0.250014,-0.128268,-0.054702,-0.156786,-0.007691,-0.004632,-0.09293,0.142309,-0.225551,0.047114,-0.15296,0.275033,0.111003,0.044894,-0.073669,0.017442,0.033891,-0.082148,0.089631,-0.144149,0.148719,-0.053074,-0.198686,0.081414,0.20625,0.010272,-0.113479,0.044454,0.014373,0.203393,-0.077615,-0.139057,0.079316,-0.126977,-0.059797,0.128424,-0.270892,-0.168961,0.112044,-0.102975,-0.232889,0.09827,-0.070572,-0.065772,-0.200852,0.113909,-0.261832,-0.059867,-0.179311,-0.014886,-0.01817,0.00903,0.252066,-0.147315,-0.136611,-0.090517,-0.071311,0.135911,-0.135873,-0.003294,-0.030555,-0.082594,0.279641,-0.108078,0.045645,0.068097,-0.041326,-0.144178,0.04947,-0.085339,0.160716,-0.140253,-0.045885,0.116267,-0.072926,0.106708,0.123205,0.270785,0.124362,-0.084142,0.072594,-0.181971,0.092404,-0.096558,0.310271,0.04787,0.175776,0.16764,-0.023718,-0.216111,0.070264,0.100839,0.166529,0.11424,0.310719,-0.066411,0.015315,-0.011991,-0.103748,-0.466904,-0.332815,-0.169565,0.091614,-0.118543,0.162379,0.041059,0.102218,-0.158066,-0.183641,0.074919,0.112679,0.206023,0.075577,0.233043,-0.053055,0.106507,-0.06033,-0.105311,0.082771,0.228816,0.058713,-0.371691,0.287757,-0.07577,0.122758,0.298921,0.281841,-0.048938,-0.054489,-0.277876,-0.144772,0.317214,0.021729,-0.278867,0.059721,0.203767,-0.459574,0.093963,-0.046051,0.193344,0.024258,-0.287396,-0.151828,#
11,0.005519,-0.096497,-0.154261,-0.048316,-0.038796,0.093505,-0.028349,-0.187516,-0.087853,0.117659,-0.162755,1.0,0.051162,0.012341,-0.011003,0.077867,0.127527,0.133851,-0.08111,-0.067165,0.110555,-0.029489,-0.176691,-0.200044,0.128722,-0.103904,-0.196735,-0.008429,-0.098613,-0.136024,-0.074339,-0.120776,-0.040608,-0.020677,-0.092618,0.175641,-0.249127,-0.062421,-0.166355,-0.005917,0.022732,0.067805,-0.01431,-0.290778,-0.198314,0.090989,-0.153522,0.118928,-0.119156,0.230828,0.035062,-0.041232,-0.061528,0.164398,-0.024041,0.060762,-0.085469,-0.104493,0.049746,-0.014353,-0.078432,0.1889,0.155367,-0.320802,0.02879,-0.066204,-0.142565,-0.14957,-0.188934,0.03874,-0.010469,-0.064442,0.00695,0.154336,-0.127778,-0.009465,-0.216253,-0.055944,-0.077791,0.083164,0.038068,0.067632,0.002046,-0.415512,0.147544,-0.156141,-0.086495,0.08601,-0.093262,0.244192,0.029705,-0.048519,-0.057991,0.097218,-0.00859,0.074279,-0.138879,0.02371,-0.090703,-0.009441,0.217026,0.161225,-0.308745,0.09253,-0.125249,0.126194,-0.054465,0.152225,0.140349,0.090208,-0.130071,-0.100272,-0.085134,-0.108108,-0.076965,-0.153789,0.077871,0.158102,0.200325,0.006481,0.19407,-0.135542,-0.010043,0.108995,0.019239,-0.126239,-0.003218,0.015628,0.238101,-0.047931,-0.085674,0.162443,-0.219941,0.237149,0.031013,-0.238322,-0.001546,-0.17476,-0.051803,0.116844,0.004652,-0.0946,-0.055761,0.102009,0.001996,0.214089,-0.005067,-0.190757,-0.128757,-0.030395,-0.162228,0.075573,-0.152944,0.161869,0.002056,0.250235,-0.031074,0.294318,-0.103648,-0.147542,-0.130305,-0.361568,0.108123,0.063034,-0.121611,0.130889,0.012295,0.021435,0.206574,0.070118,-0.023856,0.351665,0.020752,-0.049087,-0.067697,-0.12128,-0.30268,-0.043777,-0.004667,0.011015,-0.011928,-0.067513,-0.04965,-0.08123,0.052929,-0.091631,0.032246,0.407746,-0.015655,-0.071799,-0.090997,0.200499,-0.027834,0.064892,-0.08869,-0.237732,0.266877,-0.222441,0.048123,0.213801,#
12,0.453156,0.351701,-0.173442,-0.343221,0.070176,0.154345,0.34431,0.355601,0.102527,0.468381,-0.270555,0.051162,1.0,0.468495,0.206365,-0.019079,-0.069157,0.072116,0.166248,-0.015602,-0.112631,0.233158,0.337418,-0.0184,-0.237493,-0.307036,0.083093,-0.222044,0.103206,0.334401,-0.044679,0.088284,0.237563,-0.129674,-0.331151,0.226694,0.169655,-0.051417,-0.138303,-0.31067,0.086667,0.144966,0.20102,0.009634,-0.107189,-0.521237,0.273427,-0.060865,-0.055964,0.063855,-0.229326,0.006073,0.203469,-0.026463,0.197532,0.129896,-0.15128,-0.27738,0.125986,0.063855,0.564472,0.157488,-0.231283,0.06473,0.084988,0.420644,-0.124022,0.237519,0.247242,-0.179668,0.126019,-0.065176,-0.39727,-0.371915,-0.29111,0.32358,0.045561,-0.100802,0.026552,-0.183739,-0.071977,-0.369153,-0.244385,-0.115517,-0.282983,-0.08216,-0.105496,0.103873,-0.050562,-0.330313,-0.214955,-0.326532,-0.471084,0.148244,-0.123791,-0.173768,0.052656,-0.167927,-0.015936,-0.304867,-0.002762,-0.02862,-0.075986,0.06483,-0.086157,-0.118331,-0.361542,-0.158512,-0.234849,-0.303394,0.085762,0.340081,-0.261129,-0.290936,-0.187026,-0.193397,-0.174949,-0.257528,0.09802,-0.432563,-0.120121,-0.401552,-0.213153,-0.373533,-0.215548,0.100604,0.097386,0.235383,0.008019,0.090484,-0.413332,-0.015103,-0.388794,-0.013902,-0.414712,-0.13022,-0.027639,-0.411288,-0.013009,-0.297687,-0.01094,-0.061493,-0.36703,-0.177637,0.0836,0.047757,-0.240441,0.287705,-0.153817,-0.621108,-0.178271,-0.386653,0.078666,-0.262513,-0.094576,-0.260904,0.388119,0.427118,-0.110725,-0.381899,0.059457,-0.236827,-0.007247,-0.070137,0.312034,0.402477,-0.071291,-0.047962,-0.42463,0.014086,0.001632,0.058347,-0.270922,0.033792,0.433722,-0.417057,0.001757,0.16207,0.499217,-0.349495,0.280658,0.205859,-0.035091,-0.014686,0.314507,-0.175634,0.421889,-0.18112,-0.365247,0.440718,0.070294,0.096226,0.320424,0.193544,0.05377,-0.037354,0.085726,-0.118094,0.154985,0.208076,#
13,0.240246,0.187425,-0.100604,-0.199493,-0.12667,0.000536,-0.048642,0.185195,0.067844,0.438769,-0.449684,0.012341,0.468495,1.0,0.291857,0.202092,-0.32683,0.30106,0.099174,0.027071,-0.015485,0.383018,0.551332,0.284547,-0.023689,0.020545,0.242045,-0.036434,0.077593,0.529789,0.001269,0.179456,0.314025,-0.042395,-0.248531,0.275839,0.19918,-0.197502,0.086187,-0.319634,0.025486,0.256396,0.33765,0.215055,-0.118001,-0.485887,0.302905,-0.173462,-0.268574,0.103733,-0.025475,-0.099438,0.173923,0.010673,-0.024745,0.066654,-0.10541,-0.226982,0.059672,0.103733,0.440515,0.170752,-0.276092,0.104871,-0.072065,0.140051,-0.221239,0.440035,-0.129272,-0.007012,-0.11229,0.167173,-0.299372,-0.125094,-0.285814,0.009987,0.058515,-0.215497,-0.157428,0.054763,-0.036096,-0.365591,-0.133175,0.14051,-0.183764,-0.187401,-0.190145,0.046298,0.068866,-0.316903,0.016033,-0.206644,-0.318597,0.266452,0.049011,-0.10146,-0.169155,-0.044771,-0.136442,-0.170033,0.122247,-0.088403,-0.101177,-0.114411,-0.043113,-0.065072,-0.046691,-0.15374,-0.043407,-0.287221,0.037207,0.314215,-0.119672,-0.068885,-0.048578,-0.061738,-0.163366,-0.332169,0.207975,-0.401875,-0.179338,-0.371647,-0.085304,-0.271007,-0.306529,-0.024562,0.009925,0.027728,-0.095743,0.008611,-0.101893,0.193528,-0.328476,-0.157877,-0.60714,-0.198807,0.127143,-0.161537,0.11947,-0.269205,0.018152,-0.250174,-0.227085,-0.279922,-0.324575,-0.049061,0.02501,0.072417,-0.391442,-0.3595,-0.273293,-0.39547,-0.054604,-0.307103,-0.006461,-0.104359,0.354072,0.297986,0.00242,-0.169895,0.176872,-0.126589,-0.024701,-0.030704,0.197391,0.249357,-0.1747,0.093337,-0.211076,-0.067256,-0.207077,0.051973,-0.334869,-0.189144,0.146852,-0.327304,-0.075073,0.007349,0.494561,-0.370084,0.341657,-0.082777,-0.292978,-0.077908,0.180524,0.109302,0.247258,-0.294051,-0.324994,0.240271,-0.003793,-0.050942,0.009894,0.204978,-0.123319,-0.190215,0.145435,-0.214643,0.429198,0.051435,#
14,0.045955,0.340679,-0.031787,-0.318847,0.064194,0.069465,0.230496,0.002076,0.216043,0.326399,-0.129892,-0.011003,0.206365,0.291857,1.0,0.103123,-0.191909,0.162388,0.371488,-0.04404,-0.170596,0.12163,0.21985,0.066574,-0.108565,-0.081843,0.035306,0.193705,0.155128,0.259818,-0.264518,0.016729,-0.025956,0.019961,-0.100778,0.189147,-0.076699,-0.165324,0.123441,0.010185,-0.156172,0.194037,0.128255,0.156414,0.381498,-0.212129,0.237679,0.028673,0.045991,-0.009574,0.114565,-0.177447,-0.046225,-0.156523,0.089509,-0.117792,-0.154927,-0.186539,-0.183095,-0.243311,0.101385,0.062287,-0.231247,0.292873,0.075835,0.061959,-0.205832,0.012084,-0.079439,-0.137287,-0.118358,-0.120123,0.029162,-0.361696,-0.318692,0.198975,0.007322,-0.239654,-0.198399,-0.129278,-0.079052,-0.599419,-0.461069,0.13742,-0.300143,0.034393,-0.197856,-0.133532,-0.211504,-0.148224,-0.012374,-0.1617,-0.173661,0.139442,-0.209395,-0.205867,-0.354616,-0.169374,-0.302552,-0.062635,0.095616,-0.224422,-0.238973,-0.22118,-0.248738,-0.245013,-0.406378,-0.020829,-0.30465,-0.116454,-0.060876,0.332992,-0.381661,-0.291845,-0.266601,-0.225009,-0.16093,-0.215197,0.000489,-0.300069,-0.178585,-0.186471,-0.381463,-0.199975,-0.299142,-0.342639,-0.079548,0.14263,-0.274799,-0.177121,-0.046966,-0.050607,-0.587454,-0.097726,-0.415262,-0.296421,0.126165,-0.063768,-0.070371,-0.320092,-0.222482,-0.13536,-0.193205,-0.159816,-0.304461,-0.161154,-0.17742,0.209226,-0.333496,-0.143624,-0.417889,-0.52581,-0.037886,-0.297832,-0.124517,-0.393222,0.037141,0.211096,-0.322032,-0.132933,0.148295,-0.252835,0.316421,0.148143,-0.143661,0.247337,-0.147481,0.145381,-0.121165,-0.160403,0.244941,0.100324,-0.182843,-0.096741,0.448075,-0.217558,-0.282095,0.224149,0.356215,-0.211894,0.463048,-0.028024,-0.021389,0.108839,0.340132,-0.311483,0.122947,-0.177441,-0.27843,0.14053,-0.036495,0.304163,0.347376,0.346441,0.095891,-0.045622,0.153124,-0.13174,0.01634,0.084031,#
15,0.046147,-0.112533,-0.148764,-0.262746,-0.00778,0.095825,0.073646,0.242303,-0.205467,0.21368,0.082337,0.077867,-0.019079,0.202092,0.103123,1.0,-0.133539,-0.020557,0.045743,-0.016837,-0.000911,-0.010989,0.168622,0.029801,0.012295,0.107078,-0.028357,-0.15594,0.225666,0.038901,0.004807,-0.074053,0.117473,-0.000718,-0.0595,0.114762,0.095695,0.083909,0.126642,0.080711,-0.00487,-0.027251,-0.278518,0.024195,-0.042984,-0.019844,-0.021684,0.00899,-0.285501,0.124249,0.259872,0.048963,-0.017968,0.065182,0.089139,0.046677,-0.206297,-0.115069,-0.305801,-0.137673,0.159938,0.221807,-0.138592,0.054281,-0.004516,-0.036949,-0.293122,0.186959,-0.057985,0.148605,-0.06845,-0.035773,-0.053319,0.146657,-0.081656,0.099547,-0.096767,-0.106463,-0.1441,0.146748,0.003794,-0.189967,0.118833,0.165979,0.141857,-0.199382,-0.096811,-0.168694,-0.006587,-0.078696,0.077169,0.006266,-0.002549,0.176541,-0.127883,0.211708,-0.149349,-0.172174,-0.031224,-0.179831,-0.066059,-0.095532,-0.331327,-0.010251,0.016226,-0.27054,-0.108414,0.142318,0.030353,-0.085165,-0.116528,-0.016369,-0.077035,-0.11611,0.119421,0.055688,-0.042166,-0.144933,0.098777,-0.037513,-0.181484,-0.063825,-0.007576,-0.218995,-0.256062,0.018185,-0.054569,0.040665,-0.369611,-0.223028,-0.092037,0.146845,-0.138294,-0.015514,-0.173371,-0.112992,0.005789,-0.011941,-0.110581,-0.280646,0.088401,0.12639,0.060762,0.062526,-0.156162,-0.118193,0.125478,0.041301,-0.178507,-0.154666,-0.106103,-0.03935,-0.130251,-0.037024,0.11992,0.026453,0.073456,0.089694,-0.278888,0.131298,0.294232,-0.076649,-0.047444,0.013362,-0.257923,-0.127787,0.039677,0.059345,0.006533,-0.144526,0.059823,-0.149763,-0.136229,-0.207581,-0.095589,-0.049136,-0.126492,-0.121048,0.067867,-0.056091,0.165364,-0.130236,-0.056749,0.065756,0.116813,0.0015,0.095852,-0.083401,-0.262803,-0.060181,-0.142127,-0.132731,0.022999,-0.10806,-0.085562,-0.181203,0.165965,-0.191942,0.049492,0.039266,#
16,0.004214,-0.081331,-0.18838,-0.036561,0.045098,0.395667,-0.018893,-0.078827,-0.063853,-0.188839,0.129221,0.127527,-0.069157,-0.32683,-0.191909,-0.133539,1.0,-0.049311,0.130148,-0.115789,0.047143,-0.268031,-0.151528,-0.320141,-0.108738,-0.123977,-0.223562,-0.092318,-0.104549,-0.109851,-0.023148,0.11395,0.086619,0.00064,0.061824,0.074106,0.084483,-0.062477,-0.303279,0.058575,0.057979,-0.114614,-0.022789,0.176851,0.062039,0.077473,-0.167242,0.077927,0.067341,0.002295,-0.049934,0.055182,0.108255,-0.144097,0.088249,0.002977,-0.080014,0.100175,0.092502,-0.112253,-0.12387,0.085655,0.316173,-0.023398,-0.1524,0.097582,-0.06403,-0.092836,0.087118,-0.073711,-0.088091,0.049028,0.01883,-0.073637,0.043624,0.084106,-0.231242,0.093822,-0.001448,-0.070257,0.046639,0.096278,-0.006495,-0.317082,-0.062194,-0.141335,-0.149532,0.059074,-0.050189,-0.195358,-0.143377,0.050475,-0.042195,-0.148226,-0.107499,-0.175982,-0.0394,-0.220812,-0.209671,-0.12083,0.075329,-0.037869,-0.115288,-0.037991,0.054412,-0.045884,0.017217,-0.009077,0.063281,0.044328,0.048217,-0.061703,0.037821,-0.080159,-0.06495,-0.0715,-0.262572,0.134907,-0.057497,0.011252,-0.117636,-0.07069,0.01203,-0.175856,0.126587,-0.127336,-0.260245,-0.207433,0.060196,-0.064549,-0.12602,-0.070686,0.08499,0.20244,0.038952,-0.039301,0.101029,-0.321147,0.03519,0.002085,-0.307992,0.157645,-0.068562,0.178399,0.154359,0.039558,-0.096792,0.032718,-0.048647,-0.047244,-0.100933,0.217035,0.032951,0.108328,-0.219984,-0.261918,-0.180649,0.142145,-0.171515,0.115817,-0.117942,-0.005585,0.156841,-0.081437,-0.032625,0.236026,0.12093,-0.120277,0.094697,-0.149035,-0.068618,0.043649,-0.092868,0.006734,0.094126,-0.212556,-0.063984,0.099121,-0.169134,0.097957,-0.360165,0.140861,0.283518,0.032789,-0.044171,-0.010976,0.038092,0.326923,0.129154,-0.14732,0.087738,0.18693,0.216339,-0.11137,0.038544,0.266522,0.15983,0.042479,-0.418982,-0.08867,#
17,0.01775,0.316764,0.259951,-0.045105,-0.047992,0.159521,-0.065657,-0.044433,0.253743,0.21525,-0.190918,0.133851,0.072116,0.30106,0.162388,-0.020557,-0.049311,1.0,0.075379,0.328391,0.034922,0.238573,0.1772,-0.019618,0.141596,0.10249,0.049443,0.097486,-0.18669,0.163427,0.124262,0.122984,0.152614,-0.011775,-0.023515,0.091749,0.020863,-0.085462,-0.011564,-0.137489,0.012574,0.083701,0.015324,0.03646,0.051193,-0.353438,0.112009,0.232945,0.207856,-0.100046,0.042542,-0.264635,-0.078902,-0.109105,-0.016246,-0.021291,-0.167749,-0.362622,-0.208793,-0.100232,-0.01548,-0.093935,-0.188727,0.047952,-0.116911,0.199723,0.020826,0.198371,0.03118,0.443175,0.124866,0.216995,-0.221012,-0.11416,0.014879,-0.115982,0.112832,-0.22239,0.104565,-0.245777,0.314357,-0.09021,-0.097884,0.066722,-0.037386,0.086207,-0.00215,0.086043,0.068035,0.055608,0.197832,0.019848,-0.072481,0.434844,0.000346,0.133053,0.191266,-0.153778,-0.075856,-0.230798,-0.117207,0.097072,-0.043059,0.252626,-0.205876,0.043308,-0.110837,-0.210355,-0.185885,-0.037979,0.296966,0.112411,0.05796,-0.090995,0.134835,0.060004,-0.108755,-0.188626,0.551456,-0.403343,0.033364,-0.266891,-0.173119,-0.066873,-0.082955,0.047038,0.007727,0.049463,0.050271,0.040931,0.166256,0.167014,-0.056009,-0.173072,-0.056867,-0.066879,0.128869,-0.163858,-0.020947,-0.06884,0.089116,-0.176409,-0.233212,-0.434679,-0.262636,-0.070068,0.068901,0.060369,0.112893,-0.105089,-0.213035,-0.159241,0.259209,-0.106744,-0.092008,-0.157799,0.218714,0.382997,-0.105806,0.016986,-0.072191,0.169483,0.039709,0.008803,-0.083509,0.299849,0.058444,-0.116305,0.00359,0.170953,-0.198107,-0.185676,-0.204026,-0.044392,0.0682,-0.032801,0.010985,-0.014852,0.35533,-0.441339,0.191186,-0.022788,-0.432837,-0.15768,-0.040808,-0.181498,0.168834,0.214479,-0.314529,-0.058481,0.112261,-0.138596,0.044454,0.211512,-0.357466,-0.044787,-0.001482,-0.027723,0.329011,0.165516,#
18,0.028634,0.191287,-0.045216,-0.207755,0.130389,-0.0738,0.197763,0.155806,0.103969,0.210785,0.14774,-0.08111,0.166248,0.099174,0.371488,0.045743,0.130148,0.075379,1.0,-0.276192,0.105225,-0.197502,0.031859,-0.133969,0.049234,-0.000363,0.035294,0.253083,-0.0708,0.176319,-0.101362,0.103073,0.198984,-0.049823,0.162997,0.081414,0.124457,-0.09947,-0.053999,0.021411,-0.015636,0.153237,0.158064,0.112007,0.108552,-0.087377,0.08316,-0.175539,0.216219,-0.036486,-0.036604,-0.011388,-0.001725,-0.132242,0.382642,-0.022294,-0.358202,-0.017362,-0.11983,-0.088223,-0.03069,0.091623,-0.099316,0.441065,0.008388,0.149539,-0.019505,0.044821,0.061772,-0.207058,-0.10037,-0.284209,-0.106478,-0.211003,-0.074503,0.263625,-0.076165,-0.136436,0.103195,-0.35926,-0.194459,-0.289339,-0.450381,0.022958,-0.355028,-0.06168,-0.291281,0.037179,-0.153418,-0.112461,-0.268891,-0.297427,-0.186614,-0.236539,-0.327844,-0.23621,-0.176559,-0.364814,-0.131696,-0.145934,-0.052141,-0.135947,-0.137886,-0.368379,-0.07325,0.02302,-0.263107,-0.08393,-0.100946,0.011871,-0.06347,0.195322,-0.135855,-0.305216,-0.142669,-0.188274,-0.169367,-0.191004,-0.089501,-0.006091,-0.302903,-0.097421,-0.39006,-0.257356,-0.202923,-0.189676,0.033473,0.133248,-0.269726,-0.293,-0.102422,-0.196838,-0.266424,0.017671,-0.108421,-0.218903,0.133852,-0.196192,-0.196709,-0.271551,-0.432649,0.102274,-0.174504,-0.223481,-0.217081,-0.125466,-0.341664,0.332763,-0.301876,-0.315878,-0.385115,-0.164997,-0.096192,-0.199361,-0.135102,-0.403695,-0.016086,0.177365,-0.246353,-0.126528,-0.009446,-0.012939,0.205184,0.065644,-0.009237,-0.054934,-0.072336,0.096458,-0.124256,-0.040724,0.293191,0.139907,-0.152349,-0.13237,0.315043,-0.061706,0.102901,0.278381,0.165473,-0.233962,0.115403,0.181026,0.310714,0.060493,0.398833,-0.190073,0.092916,-0.009469,-0.028838,0.242203,-0.032241,0.138866,0.526279,0.113656,-0.027303,-0.126053,0.338455,-0.096977,-0.381288,0.129247,#
19,-0.114033,-0.053117,0.127142,0.26851,-0.073913,0.086943,-0.219035,0.009092,-0.14627,-0.093648,-0.236534,-0.067165,-0.015602,0.027071,-0.04404,-0.016837,-0.115789,0.328391,-0.276192,1.0,0.301843,0.101501,0.002569,-0.047606,-0.056299,-0.034486,-0.048018,-0.17713,-0.084468,-0.132773,0.283526,0.163989,0.138442,0.150387,-0.149402,-0.311539,0.110174,0.057012,-0.333299,-0.166473,0.071135,0.279958,-0.157388,0.078475,-0.086163,-0.192296,0.371717,0.183656,0.173153,-0.287389,-0.125164,0.03409,0.388082,-0.046438,-0.071049,0.088724,0.1024,-0.275329,0.036054,-0.184729,-0.08473,-0.259659,0.077282,0.051198,-0.015666,0.051006,-0.079201,0.106948,-0.13923,0.147177,0.197802,0.21043,0.072584,0.048106,0.15057,-0.268205,0.347469,0.153274,0.455096,0.131027,0.368472,0.197409,0.241262,0.184923,0.209768,0.179074,0.289278,0.009871,0.280343,0.072604,0.302935,0.201162,0.129702,0.254207,0.016224,0.2027,0.183307,0.195973,0.016795,0.204449,-0.402487,0.18921,0.203327,0.332845,0.287663,0.319827,0.167449,-0.289459,0.089488,-0.189803,0.2799,-0.241579,-0.006906,0.418632,0.200822,0.096943,0.062118,0.145997,0.04451,-0.156822,0.294058,0.037435,0.077487,0.124356,0.179712,0.168228,-0.007395,0.026044,0.161247,0.312227,0.212145,0.29104,0.297246,-0.119758,0.185681,0.11035,0.164529,-0.032569,0.076559,0.178114,0.231938,0.023746,0.049689,-0.176262,0.285696,0.317151,0.422591,-0.357895,0.432136,-0.003129,0.114573,0.062289,0.263036,0.25912,0.019418,0.182717,0.223894,-0.037897,0.136925,0.00026,-0.000961,0.14339,-0.231076,0.097749,-0.12188,-0.090998,0.346267,-0.097594,0.12132,0.154137,-0.350349,-0.163827,0.210526,0.247633,-0.169954,0.089765,0.038839,-0.472124,-0.158205,0.008012,0.025853,-0.227103,-0.129193,-0.022771,-0.374336,0.032582,0.130655,0.154551,-0.087681,-0.294946,0.273054,-0.393722,-0.366104,-0.150297,-0.036274,-0.126761,-0.321368,0.255144,0.266539,-0.010727,#
20,0.177703,-0.162692,0.032175,0.091901,-0.266742,-0.000727,-0.265218,0.006134,-0.14852,-0.170659,0.051211,0.110555,-0.112631,-0.015485,-0.170596,-0.000911,0.047143,0.034922,0.105225,0.301843,1.0,-0.198096,-0.282529,-0.149578,0.205591,0.097713,-0.085234,-0.019054,-0.062429,-0.066468,0.442709,0.25162,0.10747,0.130439,0.03638,-0.332397,0.109344,0.155162,-0.15962,-0.193303,0.267723,0.121182,0.003476,-0.013996,-0.09898,-0.065663,0.114012,-0.068657,0.09397,-0.252038,-0.086195,-0.081983,0.307599,0.064595,0.115815,0.151324,-0.310504,0.065972,-0.067545,0.145221,-0.022387,0.045357,0.163351,-0.01485,-0.071019,-0.087896,-0.263669,0.080737,-0.329575,-0.135005,0.042996,0.07672,0.122501,0.245938,-0.046579,-0.309926,0.079502,0.348428,0.225332,0.249864,0.077449,0.245596,0.267335,0.06484,-0.064219,-0.133766,0.094858,0.093733,0.375563,0.174109,-0.192754,-0.068076,0.071343,-0.028239,0.193982,0.068878,-0.157545,0.10301,0.097977,0.241508,-0.116956,0.158684,-0.156646,-0.005486,0.267368,0.127901,0.099737,0.21802,0.168215,0.270727,0.079383,-0.085904,-0.165571,0.273771,0.275649,0.212733,0.066134,0.048297,0.172478,0.237917,0.152873,0.236773,-0.18385,0.30639,-0.029129,-0.012374,-0.215267,-0.192185,-0.066939,0.236068,0.181181,0.108415,0.290391,0.100343,0.007015,0.105999,0.09305,-0.016657,0.189113,0.147176,-0.109693,0.20992,0.299856,-0.047895,0.098937,0.180834,0.246552,-0.374874,0.094141,0.160237,0.016839,0.136628,0.195625,0.287445,-0.010715,0.170605,0.108531,-0.099342,0.159806,-0.025589,-0.067891,-0.056816,0.127025,-0.176244,-0.137174,-0.262254,0.158157,-0.063977,0.216723,-0.03837,-0.123623,0.051001,0.208765,-0.028468,-0.398612,0.109421,0.041199,-0.304466,-0.236091,0.188252,-0.041883,-0.023244,-0.065856,-0.003475,-0.067998,0.277437,0.110857,0.26106,0.163365,-0.057306,-0.004524,-0.2386,-0.156776,-0.265826,-0.165406,-0.140766,0.015061,0.06352,0.151547,-0.041526,#
