0,1.0,0.220287,-0.003544,-0.163053,0.306785,0.070161,0.104272,-0.018483,0.328425,0.041264,-0.274461,0.100765,0.075448,0.168618,0.379378,-0.034238,0.035036,-0.015715,-0.043629,-0.110257,-0.205775,-0.034092,-0.193954,-0.103831,0.253819,-0.279405,0.018031,-0.16428,0.241178,0.110883,-0.39201,0.023817,-0.06067,-0.146437,-0.117924,0.078689,0.124703,-0.044795,-0.093462,0.072974,0.012533,-0.179043,-0.277246,0.073251,0.240766,-0.026007,0.29344,0.069077,0.023901,0.097019,-0.240399,-0.121964,0.175162,-0.032005,-0.035954,0.006997,-0.08732,0.096424,-0.156882,0.199655,0.169906,0.276983,0.226609,-0.163102,-0.095103,0.049003,-0.057958,-0.018337,0.165769,-0.056848,0.072287,-0.223835,0.045185,-0.09181,-0.078711,0.047137,-0.08588,-0.302778,-0.09094,0.003682,0.132345,-0.324537,-0.045664,-0.41967,0.002148,0.027566,-0.207164,-0.124971,-0.050847,-0.365851,0.035483,-0.214955,0.090298,0.037797,-0.095887,-0.080593,-0.121349,-0.143599,0.017124,-0.148915,-0.055023,-0.231013,-0.163504,-0.033239,0.055198,-0.142426,0.002799,-0.13884,0.08339,-0.517326,0.023097,-0.102422,0.020804,-0.180445,-0.145345,-0.33497,-0.121238,-0.188102,0.130328,-0.432349,0.094168,-0.062689,-0.2589,-0.102755,0.063051,-0.074818,-0.080885,0.089172,-0.208867,-5.8e-05,0.04992,-0.283775,-0.203796,0.004198,-0.034117,-0.20097,-0.009485,-0.205717,0.149721,-0.182105,-0.035135,-0.373272,0.031908,-0.356602,-0.272008,-0.085646,-0.035146,0.14542,-0.180076,-0.112102,-0.242663,-0.00659,0.324906,-0.174672,0.021929,0.102447,0.122994,0.202679,-0.119906,-0.075612,-0.217714,-0.059347,0.121179,-0.001015,-0.07837,0.211298,-0.010022,0.197911,-0.107689,-0.307077,-0.030513,0.090314,0.036175,-0.147657,0.153679,-0.115349,0.120699,0.056856,0.20735,-0.400229,0.078351,0.015438,-0.090265,0.176031,0.155447,-0.117169,0.356516,-0.070936,-0.017017,0.223493,-0.27413,0.002679,0.111377,0.220853,-0.060971,0.085403,-0.120269,-0.180624,0.126135,-0.009307,#
1,0.220287,1.0,-0.144935,-0.018389,0.206996,0.214073,-0.009858,-0.253054,0.096786,0.085605,-0.04425,-0.007948,0.034737,0.153849,0.140153,-0.033313,-0.299635,0.118514,-0.12644,0.03694,0.192627,0.364742,0.224842,-0.001934,0.05645,-0.335024,0.174652,0.049875,0.247767,0.329447,-0.354213,-0.132824,0.112989,-0.275595,-0.093084,0.112342,0.238022,-0.441696,0.165308,0.126305,0.236072,0.106479,0.118205,0.00772,-0.033737,0.07098,0.091115,0.321668,-0.048558,-0.096444,-0.069766,-0.289552,0.07546,-0.065887,-0.059598,-0.124699,-0.085161,0.302307,-0.011605,0.167993,0.13573,0.012182,0.168193,0.00836,-0.060434,0.253699,-0.046194,0.383023,0.418411,0.126409,-0.330772,-0.088208,0.212968,-0.055071,-0.113681,0.061635,-0.268892,-0.082918,-0.169251,-0.12294,-0.285675,-0.453365,-0.272104,-0.130764,-0.030853,-0.20454,0.013385,-0.367584,-0.108143,-0.150338,-0.266938,-0.179887,-0.139624,-0.137587,-0.306457,-0.048703,-0.316075,-0.2788,-0.211989,-0.198458,0.07044,-0.10801,-0.112684,-0.113976,0.108179,-0.237253,-0.387279,-0.186544,-0.058856,-0.136553,0.105924,-0.097956,-0.396927,-0.342686,0.071729,-0.110289,-0.191605,0.005807,-0.019646,-0.22676,-0.217348,-0.300263,-0.18595,-0.225619,-0.012662,-0.038438,0.043421,0.154779,-0.011253,-0.212353,-0.071656,-0.270909,-0.23367,-0.117177,-0.162897,-0.285687,-0.173138,-0.274446,0.338786,-0.394831,-0.234777,-0.08622,-0.039038,-0.442871,0.023727,-0.144395,-0.085085,0.164028,-0.120867,-0.09642,-0.377519,-0.309282,-0.158539,-0.168581,-0.111428,-0.01085,-0.14004,0.278838,0.100346,-0.333524,0.013664,-0.041666,-0.195877,0.132236,-0.218047,0.387112,0.024549,-0.315546,-0.002567,-0.181258,-0.136796,0.052652,-0.266432,-0.078847,0.136845,-0.230136,-0.113819,-0.1572,0.346286,-0.248947,0.314888,-0.004703,-0.228032,0.276352,0.349054,-0.312091,-0.034726,-0.102197,0.000653,0.380096,-0.199754,0.274338,0.305502,0.295389,0.084891,-0.227129,0.078666,-0.223993,0.008499,0.195184,#
2,-0.003544,-0.144935,1.0,0.19923,-0.036674,0.06143,0.105357,0.030148,0.319136,-0.01416,0.040161,0.158486,-0.241399,0.170919,-0.116181,-0.20358,-0.225568,0.235436,0.199707,0.218698,-0.28187,-0.05643,-0.048199,0.117976,0.056483,-0.029534,0.026008,-0.030913,0.254083,-0.143953,0.094937,0.301149,-0.348908,0.108004,-0.235356,-0.007834,-0.054598,-0.010822,0.112362,-0.351759,-0.253743,0.175834,0.01013,-0.066954,-0.112862,-0.225394,0.213559,-0.017471,-0.201879,0.257491,-0.044917,0.278298,-0.129648,0.106941,-0.23559,-0.107793,-0.039661,-0.072628,-0.443481,-0.181791,0.247732,0.093628,-0.015488,-0.119554,-0.0387,-0.05178,0.163308,-0.085368,-0.147243,0.184089,0.220325,0.11832,0.080891,0.211354,-0.098028,0.172974,-0.021595,-0.092485,0.010356,-0.12183,-0.021524,0.10351,-0.134849,0.468676,0.086583,0.152764,-0.121913,-0.023275,0.025832,-0.13827,0.152737,0.069779,0.181296,0.268654,0.025303,0.126844,0.24079,-0.0488,0.101815,0.086386,-0.255256,-0.150242,-0.091906,0.241735,-0.049127,0.164336,0.247658,0.274077,0.023863,0.122581,0.114456,-0.13696,0.086139,0.269455,0.01206,0.063052,-0.188733,-0.034026,0.148818,0.135494,-0.135893,0.257737,0.218368,-0.056258,-0.110269,0.312771,0.13915,-0.282354,-0.220825,-0.032783,0.249106,0.23755,-0.108961,0.105599,0.034347,0.029164,0.101969,0.302557,0.038069,0.029076,0.318573,0.117261,-0.112525,-0.289095,0.09493,0.002616,0.209299,-0.048714,-0.157611,0.128423,0.231939,0.251066,0.295874,0.27011,0.224811,-0.035392,0.040679,0.075831,0.282091,0.019444,0.037298,-0.144668,0.420234,0.155022,0.155883,-0.265919,0.025452,-0.115158,0.119331,-0.063764,-0.048362,0.174233,0.049328,0.060975,-0.009282,0.137052,-0.006438,0.403375,-0.058115,-0.025989,-0.006833,0.153547,0.076749,-0.124539,-0.248594,0.363246,0.094581,0.191675,-0.19158,0.094718,0.092327,-0.250354,-0.183054,-0.018419,-0.42707,-0.136752,-0.03046,-0.137041,0.194553,-0.072558,#
3,-0.163053,-0.018389,0.19923,1.0,-0.050052,-0.18125,-0.01483,-0.008438,-0.326119,0.048059,-0.064731,-0.045748,-0.083678,-0.171921,0.004004,0.205811,-0.103681,-0.110564,-0.123929,0.174533,-0.078633,0.017342,-0.174598,0.040415,-0.081004,0.072858,-0.167121,-0.035156,0.033486,-0.209349,0.036326,-0.117031,-0.001323,0.293302,-0.052782,-0.233137,-0.115357,0.232629,-0.014661,0.053916,-0.051265,0.024556,0.008256,-0.247751,0.121057,0.152413,-0.280545,-0.307435,0.098989,0.129874,-0.010697,0.149471,0.130029,0.101889,-0.212633,0.010648,0.026511,0.060887,-0.132643,-0.159124,-0.099383,0.056876,0.246315,0.201275,-0.093185,-0.243107,-0.163301,-0.165053,-0.250372,0.032896,-0.082751,0.086009,0.179283,0.270089,-0.086521,0.144406,0.123938,0.404658,0.372383,-0.119016,0.08434,0.200738,-0.040476,0.140046,0.087854,0.093209,0.176326,-0.067067,0.117887,-0.021899,0.053948,0.08895,0.273464,0.036846,-0.050817,-0.036206,-0.00076,0.115972,-0.031432,0.224741,-0.079428,0.143477,0.322982,0.272988,0.105391,0.110006,0.063036,0.106855,-0.117719,-0.047918,-0.168124,-0.148512,0.015956,0.210077,-0.053267,0.38478,0.32712,0.037138,-0.184219,0.238927,0.236966,-0.047839,0.106547,0.28131,0.062309,0.163609,-0.002445,-0.131516,0.118227,0.247554,-0.239013,-7.7e-05,0.188174,0.214637,0.169597,0.346713,0.244536,0.077636,-0.246755,0.182727,0.05907,0.21913,0.108694,-0.046157,0.244052,0.331063,-0.117177,-0.213983,0.076269,-0.123057,-0.08525,0.072741,0.032432,0.21627,0.119093,0.225879,-0.328799,-0.095199,0.264269,0.07725,0.243598,0.127151,0.195803,-0.086423,-0.093022,-0.192355,-0.014666,-0.178223,0.350158,0.081443,-0.042459,-0.215746,0.023625,0.195262,-0.252944,0.126719,-0.018815,-0.108259,-0.458497,-0.054757,-0.084574,-0.274713,0.270205,0.027874,-0.281181,0.033693,-0.182849,-0.02395,0.183046,-0.287719,0.08316,0.006233,-0.301923,-0.149624,-0.076927,0.057317,-0.045433,0.173572,-0.014293,0.114692,#
4,0.306785,0.206996,-0.036674,-0.050052,1.0,-0.017709,0.216874,0.151579,0.173419,0.070127,-0.235575,0.183254,0.126392,0.048255,0.118147,-0.051595,0.125313,0.064227,-0.117916,0.126037,0.218688,-0.136166,0.288639,-0.107309,-0.061409,-0.216645,0.053813,-0.072656,0.195512,0.139898,-0.208973,0.017308,-0.073267,-0.140135,-0.015405,0.17062,0.208806,-0.401817,-0.203737,-0.102458,0.046045,0.116248,-0.091926,-0.097023,0.206508,0.010652,0.153516,0.327799,0.284388,-0.085675,-0.024497,-0.479768,0.139367,-0.367061,-0.073253,-0.161199,-0.068963,-0.084419,0.177642,0.03714,-0.0575,0.242996,-0.09194,-0.06932,-0.116673,0.237676,0.070697,0.056315,0.272727,0.023282,0.097429,-0.382892,0.010707,-0.35789,-0.149627,0.092887,-0.280656,-0.175636,-0.338506,-0.146232,-0.126648,-0.371779,-0.291914,0.016951,-0.253501,0.017595,-0.440217,-0.128851,0.125647,-0.236702,-0.330431,-0.285094,-0.020471,-0.418432,-0.297509,-0.330196,-0.524412,-0.371245,-0.260392,-0.145836,-0.157076,-0.399997,-0.228657,-0.089381,-0.122282,-0.278045,-0.065271,-0.252869,-0.069646,-0.335289,0.221286,0.12099,-0.12164,-0.415618,-0.206583,0.136234,-0.142783,-0.372931,0.101025,-0.271092,-0.064527,-0.109435,-0.399476,-0.523899,-0.017183,0.151724,-0.206824,0.235041,-0.010606,-0.37013,0.003034,-0.012932,-0.172238,0.186785,-0.345986,-0.216536,-0.154359,-0.296066,0.091363,-0.203768,-0.128378,-0.259881,-0.104833,-0.182039,-0.357032,-0.017044,0.092007,0.209609,-0.294591,-0.228087,-0.446722,-0.069278,0.064085,-0.259202,-0.012833,-0.174622,0.080596,0.416868,-0.262765,-0.14455,0.045993,-0.060733,-0.11742,0.077608,-0.163484,0.238372,0.053771,-0.020831,-0.217354,-0.022633,-0.075399,0.319876,-0.375889,-0.174051,0.031192,-0.109414,-0.082706,0.203535,0.242898,-0.41043,0.202248,-0.095722,0.029964,-0.013819,0.24849,-0.227695,0.012569,-0.050001,-0.143429,0.049251,-0.212275,0.19449,0.249504,0.141347,-0.142878,0.133273,0.38557,-0.203511,-0.068423,0.100906,#
5,0.070161,0.214073,0.06143,-0.18125,-0.017709,1.0,0.260116,0.218186,0.289925,0.00269,0.055132,0.279438,-0.165944,0.221183,-0.11132,-0.097755,-0.05976,0.045124,-0.068608,-0.189414,0.106314,0.16001,0.219864,-0.379641,0.305806,-0.261641,0.112392,-0.089282,-0.01444,0.241793,-0.254291,0.069904,-0.121793,-0.15346,-0.275927,0.261685,0.045324,-0.11822,0.195,-0.128473,0.268022,0.00255,0.207716,-0.061212,-0.159732,0.115486,0.156732,0.211624,0.098836,-0.000339,0.036047,-0.07937,0.132054,-0.140184,0.126792,0.154818,-0.264911,0.252005,-0.221807,0.208686,0.09984,-0.062894,-0.032203,0.060487,-0.109989,0.046103,-0.027627,0.416931,0.213704,-0.00936,-0.088464,-0.294554,0.054468,-0.255571,-0.151992,0.155483,-0.097056,-0.077123,-0.088663,-0.165813,-0.213022,-0.346492,0.14893,-0.053892,-0.13409,0.179957,-0.131858,-0.019204,-0.123084,-0.132126,0.073381,-0.136787,-0.028326,-0.166706,-0.178091,-0.136716,0.002754,-0.104094,0.101295,-0.306779,0.150642,-0.121317,0.158339,-0.313746,-0.061667,-0.333933,0.085921,-0.320549,-0.007393,-0.088114,-0.071693,0.138614,-0.15295,-0.256587,0.175632,-0.298646,-0.22539,-0.235654,0.108631,-0.019266,0.020305,-0.113189,-0.139011,-0.264246,0.002203,-0.049653,0.12347,0.208741,-0.172594,-0.092074,-0.096863,-0.014222,-0.037056,-0.176482,0.002673,0.056084,0.059925,-0.138886,0.076576,-0.30101,-0.184668,-0.126674,-0.19113,-0.178681,-0.002526,-0.286396,0.029075,0.222146,-0.125852,-0.153493,-0.083947,-0.066825,0.089319,-0.035224,-0.132588,-0.103472,0.254399,0.045266,-0.040745,0.038468,-0.065609,0.145055,-0.027386,0.121688,0.102871,0.243624,-0.085318,-0.226471,-0.074876,-0.131285,0.169067,0.093857,0.103956,-0.094206,0.248016,-0.221518,-0.078719,0.206149,0.163307,-0.248806,0.121876,-0.058062,-0.121939,0.300961,0.213099,-0.250677,0.102764,-0.052699,-0.224141,0.351942,-0.098638,0.115357,0.201512,0.214704,0.201436,0.253149,0.150152,-0.276507,-0.208891,0.084514,#
6,0.104272,-0.009858,0.105357,-0.01483,0.216874,0.260116,1.0,0.310446,0.177021,0.069479,0.138518,0.052387,0.068571,0.016248,0.067886,0.108724,-0.02091,0.065029,0.220238,-0.071412,0.230258,0.074468,0.084899,-0.168465,0.077448,-0.109145,0.031557,-0.052792,0.222074,0.093334,-0.323139,0.16926,0.185893,-0.294291,-0.044387,0.022218,0.099461,-0.087991,-0.064507,-0.153439,-0.05007,-0.007254,0.059245,-0.056218,-0.007235,-0.078819,0.056072,0.127609,0.103645,0.151863,0.028982,-0.124705,-0.009584,-0.039703,-0.172412,-0.047223,0.086294,-0.117649,-0.215478,0.143852,-0.051535,0.092908,-0.212438,0.069341,-0.179955,-0.075116,0.108027,0.02893,0.189396,0.071229,0.074214,-0.33187,0.032704,-0.009559,-0.132964,0.148322,0.051116,-0.315147,-0.402746,-0.168254,-0.118527,-0.276929,-0.012666,-0.117005,-0.185217,0.139635,-0.216716,-0.087607,-0.114684,-0.108673,-0.005232,-0.117347,0.013138,-0.116294,-0.113852,-0.020053,-0.238736,-0.270092,-0.299233,-0.123451,0.049128,-0.361917,-0.104877,-0.172647,0.025486,-0.189,0.135242,-0.149384,-0.154477,-0.123661,-0.024484,0.131326,-0.102147,-0.154814,-0.134313,-0.166989,-0.216787,-0.226514,-0.010432,-0.080315,-0.02846,-0.069766,-0.164071,-0.353217,-0.284544,0.136097,-0.188858,0.215058,-0.139241,-0.227129,-0.081966,-0.140292,-0.05409,0.071568,-0.098854,0.005351,0.043615,-0.374884,-0.059916,-0.158447,-0.011453,-0.1416,-0.07063,-0.199852,-0.210736,-0.214086,-0.008755,0.284642,-0.140364,-0.009659,-0.082783,-0.070632,0.058484,-0.05321,0.12008,-0.144742,0.030499,0.310637,-0.209016,-0.195415,-0.061516,-0.191787,-0.093201,0.068289,-0.047286,0.140491,-0.142785,-0.06771,-0.006739,-0.080226,0.057997,0.154784,-0.12301,-0.18938,0.158227,-0.069488,-0.124304,0.373688,0.138963,-0.334194,0.113823,-0.092607,0.21918,0.380853,0.049256,-0.040349,0.128667,-0.174578,-0.082011,0.033912,-0.100198,0.190919,0.251398,0.210792,0.164575,0.347711,0.119948,-0.216025,-0.008298,-0.030481,#
7,-0.018483,-0.253054,0.030148,-0.008438,0.151579,0.218186,0.310446,1.0,-0.078954,-0.124095,-0.072251,-0.176017,0.033551,0.181151,0.166749,-0.063274,-0.129225,-0.277763,0.050541,-0.159887,-0.057941,0.096298,0.003027,-0.215447,-0.041525,0.077105,0.10841,-0.122176,-0.068518,-0.08839,0.043858,0.058547,0.064055,-0.112196,0.020892,0.142651,0.135473,0.1958,-0.161,-0.353533,0.113507,0.318858,0.205564,0.012165,-0.072549,0.089139,0.161233,-0.072054,0.054781,-0.165762,-0.33179,-0.034295,0.016295,-0.388808,-0.025935,0.051086,-0.0833,-0.002183,-0.078611,0.103679,-0.135759,0.081365,-0.404587,0.130584,0.170616,0.187551,0.113071,0.192918,-0.099965,-0.193038,-0.083785,-0.350968,0.086807,-0.171004,-0.098621,0.046601,0.09436,-0.141339,-0.276501,-0.129491,-0.025375,-0.258112,0.158761,-0.212933,-0.112147,0.213697,-0.077309,-0.029385,-0.081405,-0.043731,0.039648,-0.170766,0.08248,-0.230022,0.011754,0.166119,-0.223924,0.044856,-0.042994,-0.094363,0.032811,-0.252952,0.173709,-0.218639,-0.10057,-0.218339,0.17494,-0.295269,0.030625,-0.171421,-0.103321,0.404199,0.108456,0.116206,-0.081449,0.054422,-0.169698,-0.112406,-0.128888,0.127253,-0.022148,-0.056647,-0.143835,-0.114114,-0.013634,0.019579,-0.129555,0.030764,0.147996,-0.008751,0.0887,0.024132,-0.076504,-0.147305,0.019309,0.084812,0.186787,-0.040069,-0.120054,-0.106685,-0.039448,-0.280221,-0.21802,0.185619,-0.035428,-0.182998,-0.27631,-0.016777,-0.039677,-0.074366,0.028602,0.187291,0.194281,0.110588,0.072069,-0.172504,0.288342,0.01972,-0.321438,0.036857,-0.025176,-0.108779,0.042948,0.018976,-0.086315,0.170572,-0.229502,0.046988,-0.207042,-0.074312,-0.079948,0.229305,-0.057136,0.087602,0.059418,0.040911,-0.136157,0.153012,-0.173781,-0.062352,-0.063641,0.047411,0.096415,0.052434,-0.040488,-0.087732,0.037147,0.207832,0.009745,-0.110346,-0.136627,0.15142,0.071459,0.098659,0.004874,0.213346,0.056325,-0.082303,-0.076769,-0.106347,#
8,0.328425,0.096786,0.319136,-0.326119,0.173419,0.289925,0.177021,-0.078954,1.0,0.040065,0.057589,0.292293,0.027017,0.389204,-0.09345,-0.102099,0.022719,0.347664,0.322744,0.166376,-0.210067,-0.161373,0.191526,-0.251805,0.039453,-0.230961,0.052961,0.181135,0.171953,0.113715,-0.207684,0.216945,-0.181231,-0.17427,-0.178419,0.136728,0.34938,-0.250987,0.064921,-0.167466,-0.090167,0.084879,-0.137479,0.117365,0.132465,-0.191657,0.418197,0.246335,-0.032173,0.214568,0.113052,-0.014934,0.038102,0.14706,-0.291966,0.260551,-0.107645,0.09498,-0.13377,0.23538,-0.118961,0.064015,-0.065936,-0.114843,-0.101502,0.189537,0.334655,0.227691,0.260282,0.190854,0.29542,-0.079867,-0.142296,-0.029668,-0.156227,0.067023,0.017012,-0.358677,-0.1603,0.066654,-0.003658,-0.251728,-0.039355,0.187394,0.099518,0.146287,-0.249241,-0.10004,-0.055459,-0.20203,0.052595,-0.014385,-0.131052,0.18416,-0.187466,0.009999,0.080614,-0.221878,0.029242,-0.182288,-0.208149,-0.246041,-0.211321,0.02557,-0.020609,-0.067414,0.043089,0.082618,0.067976,-0.116305,0.153604,-0.121418,0.145753,0.033359,0.035301,-0.403663,-0.107504,-0.150226,0.305928,-0.254461,-0.004815,0.036296,-0.127098,-0.505685,-0.126817,0.103099,-0.120214,0.104658,-0.333596,-0.101846,0.232777,0.225941,-0.229141,0.002567,-0.101574,-0.206092,0.106569,0.149704,0.280331,-0.055964,0.265937,-0.034419,-0.148048,-0.295864,-0.125782,-0.338345,0.289847,0.330826,-0.086451,0.090314,0.056605,-0.133622,0.217878,-0.054332,-0.001303,-0.10219,0.188121,0.243683,0.009783,0.095546,-0.122078,-0.114055,0.051766,0.424993,0.257469,-0.06443,-0.092752,-0.134127,-0.110972,-0.011659,-0.057957,0.141553,0.211828,-0.130834,0.045685,-0.154667,0.041796,0.155461,0.153411,-0.270349,0.214789,0.066951,-0.254346,-0.030352,0.015799,0.219121,0.229955,0.017152,-0.488749,0.227655,-0.00647,-0.188978,0.012077,0.106043,-0.089214,0.101711,-0.024637,-0.264581,0.089562,0.105536,#
9,0.041264,0.085605,-0.01416,0.048059,0.070127,0.00269,0.069479,-0.124095,0.040065,1.0,-0.256321,0.210272,0.245073,0.300113,-0.291479,0.088274,-0.279102,0.177374,-0.200088,0.091527,0.013389,-0.099836,0.076051,-0.077775,0.241407,-0.049898,0.150673,-0.489589,-0.098322,0.089433,0.019818,-0.120028,0.028771,0.252613,0.006509,0.220236,-0.094822,-0.369333,-0.138217,-0.00257,-0.026499,0.137082,0.221395,-0.006338,0.075608,-0.11447,-0.073082,0.134161,-0.130736,0.132767,0.044338,-0.221045,0.020634,-0.069887,-0.142556,-0.062085,-0.078891,0.046915,0.122924,0.012927,0.049981,0.180261,0.06661,0.028702,-0.275184,0.046064,0.146199,0.036683,0.035915,0.02588,-0.023724,-0.271308,-0.072211,-0.088028,0.10842,-0.216691,0.055685,0.010433,0.088847,0.155593,-0.055293,-0.014146,0.058966,-0.133861,0.178583,-0.247692,0.054152,-0.043211,-0.011858,0.256383,-0.31378,0.008765,0.056224,0.088045,-0.143919,0.0959,-0.094623,0.070947,-0.190097,0.157744,-0.176081,0.081818,0.199232,0.220171,0.0021,0.109976,0.039498,-0.020972,-0.105993,-0.022955,-0.011615,0.151338,0.022849,0.072235,0.00393,0.02078,-0.127608,-0.107954,0.273339,-0.11246,0.163303,0.304304,-0.093834,-0.18294,-0.221975,0.200336,-0.153489,-0.098122,0.1107,0.254513,-0.205414,0.304006,-0.009023,0.466153,-0.080696,0.100886,-0.091826,-0.123377,0.203919,-0.092964,0.199429,-0.156193,0.133758,0.055177,0.177152,0.121745,0.158372,0.013936,-0.163545,0.189027,-0.292698,-0.069818,-0.181283,0.145449,0.381268,0.164768,0.016846,0.26993,0.062527,-0.006261,0.097,0.159787,-0.192283,0.279857,-0.041186,-0.080702,0.093613,0.175962,0.0688,0.180512,0.073608,-0.091642,0.151639,-0.123082,0.039596,0.074949,-0.134169,-0.042639,0.074219,-0.095317,0.029397,-0.138695,-0.144423,-0.019791,-0.152125,-0.080813,0.06658,-0.054177,-0.218784,0.156869,-0.037243,-0.229619,-0.076523,0.014859,0.080939,-0.153153,-0.025922,0.018893,0.182541,-0.017429,#
10,-0.274461,-0.04425,0.040161,-0.064731,-0.235575,0.055132,0.138518,-0.072251,0.057589,-0.256321,1.0,0.093282,-0.270871,-0.270975,-0.021113,0.077317,0.394211,-0.151428,0.208479,-0.083397,0.050922,0.220117,-0.031699,0.236812,-0.143146,0.205923,-0.260569,0.286384,0.172418,-0.022466,-0.132654,0.122855,-0.298317,-0.245794,0.333011,-0.089146,0.053001,0.038931,0.15347,0.25111,-0.242759,-0.117985,0.011811,-0.180409,-0.159024,0.285266,-0.214282,-0.339471,0.090291,0.001805,0.100482,0.084499,-0.105225,0.206651,0.00482,0.0693,-0.099341,-0.099749,-0.102813,-0.118392,0.012008,-0.199573,0.136173,0.21169,0.286236,-0.153557,-0.054195,-0.20002,-0.06815,-0.10159,-0.113147,0.255701,0.137347,-0.019444,-0.074593,0.209132,-0.056428,0.068847,-0.006732,-0.144712,-0.04501,0.010771,-0.263491,0.252949,-0.122968,-0.055165,-0.00277,0.065006,-0.28684,-0.046925,0.201916,-0.135316,-0.080991,0.023903,-0.054424,-0.030662,-0.107757,-0.046633,-0.233084,-0.086379,0.168339,0.048822,-0.373912,-0.11157,0.152049,-0.00225,-0.038674,0.200842,-0.252609,0.566059,-0.229516,-0.173947,-0.198604,0.070917,0.003642,-0.003438,-0.134494,0.030149,-0.131571,0.316826,-0.24926,-0.082596,-0.126401,0.037022,0.051243,-0.209031,-0.026618,-0.081268,-0.007998,-0.043024,0.204323,-0.17353,0.077761,-0.189004,0.196624,0.164115,0.041128,-0.136743,-0.214337,-0.026067,-0.033774,0.258269,0.013427,0.019724,-0.026165,0.072366,0.116954,-0.16644,0.076666,-0.198787,0.227519,0.069205,-0.299362,-0.082874,-0.177357,-0.361272,-0.215651,-0.070377,-0.005143,-0.02316,0.098267,-0.054287,-0.182264,-0.216917,-0.075292,-0.126538,-0.249212,-0.06364,0.055646,-0.004133,0.127303,-0.193312,-0.146664,-0.054687,0.068292,-0.349397,-0.366846,0.259182,-0.106563,0.126462,0.013856,0.016533,0.113154,0.238476,0.066363,0.102857,-0.216502,-0.117184,0.40277,-0.053632,-0.049497,0.337536,0.02328,-0.067203,0.142306,0.124501,0.265179,-0.237097,-0.215786,0.001358,#
11,0.100765,-0.007948,0.158486,-0.045748,0.183254,0.279438,0.052387,-0.176017,0.292293,0.210272,0.093282,1.0,-0.123892,0.078642,-0.159389,0.00201,0.088712,-0.000764,-0.074892,-0.135436,-0.05713,-0.062218,-0.057196,0.026767,0.252397,-0.085597,-0.150359,-0.176254,0.293738,0.236438,-0.289797,0.161297,-0.41426,-0.06641,-0.216956,0.343133,-0.129059,-0.184777,0.18237,0.136434,0.082716,-0.086541,-0.137493,0.042611,-0.008351,0.097141,-0.04654,0.020989,0.223405,0.136945,0.163272,-0.079092,-0.157597,-0.066322,0.047055,-0.005498,-0.298745,-0.101644,-0.121334,-0.140577,-0.171076,0.128276,0.232976,-0.117841,-0.012392,-0.177943,0.014896,-0.094591,0.240416,-0.017492,0.127841,-0.184518,-0.068684,-0.116625,-0.131247,0.183738,-0.200801,0.003276,-0.002226,-0.211458,-0.04812,-0.130552,0.022961,0.14666,0.062968,0.011371,-0.21374,-0.202189,-0.09012,-0.134686,-0.01185,0.0337,-0.038836,-0.030301,-0.191498,-0.09305,-0.114915,-0.256896,0.005762,-0.160105,-0.132912,-0.000614,0.010374,-0.070027,-0.064795,-0.055645,0.021393,-0.123852,-0.139134,-0.115681,-0.201425,0.100132,-0.22721,-0.185792,-0.132561,-0.025065,0.015482,-0.154471,0.052667,-0.078343,0.071468,0.041662,-0.191601,-0.183464,0.182851,0.063094,-0.121882,-0.179562,-0.205174,-0.155743,-0.077864,-0.063006,-0.014201,0.210014,-0.211921,0.057522,-0.038038,-0.068649,0.186719,-0.156346,0.150774,0.072714,-0.017962,-0.203476,-0.112732,-0.193415,0.316682,0.00886,-0.094877,-0.266056,-0.133627,-0.044912,0.069654,-0.111936,-0.106585,-0.169158,0.216876,-0.092173,0.070844,0.117204,0.121884,0.038921,-0.061405,-0.021986,-0.1272,-0.160452,0.091207,-0.140439,0.234545,0.069277,0.034372,-0.133997,0.023159,-0.362881,0.21778,-0.228693,-0.219405,0.036742,0.211384,-0.100915,0.068158,-0.039927,0.004372,0.114712,0.175147,-0.11408,0.132286,-0.143629,-0.223063,0.190399,-0.075543,0.136135,0.01168,-0.098853,0.061805,0.073788,0.165087,-0.235256,0.0537,0.163238,#
12,0.075448,0.034737,-0.241399,-0.083678,0.126392,-0.165944,0.068571,0.033551,0.027017,0.245073,-0.270871,-0.123892,1.0,0.215241,0.23192,0.241054,-0.150268,0.130636,0.049144,-0.039347,0.169146,0.142706,0.100512,-0.064244,-0.163397,0.000975,0.246133,0.010047,0.01392,0.008072,-0.08713,0.220014,0.254132,-0.054758,-0.116614,-0.117135,0.11928,-0.166298,-0.267635,0.068874,-0.110898,0.273339,0.070597,0.306013,0.342026,-0.131326,0.084084,0.133471,-0.096513,-0.032766,-0.020557,-0.093749,0.103106,-0.200006,-0.106075,-0.125186,-0.185286,0.281168,0.152173,0.022266,-0.281121,-0.015125,-0.29561,0.058609,0.065204,0.31873,0.047574,0.026462,0.236628,-0.159744,-0.08651,-0.155785,-0.142027,0.027348,0.03896,0.040977,-0.084158,-0.213294,-0.12704,-0.079655,-0.098732,-0.316424,0.048051,-0.128977,0.036433,-0.354217,0.10778,-0.084627,-0.294481,-0.020894,-0.089548,-0.363892,-0.049171,-0.075465,-0.008369,0.084581,-0.079218,-0.109689,-0.215209,-0.249083,0.068638,-0.148841,-0.040664,-0.135132,0.012292,0.035449,-0.116405,-0.188108,-0.108146,-0.184001,0.192075,-0.121189,-0.010302,-0.057821,-0.173999,-0.127231,-0.028563,-0.004862,-0.05379,-0.305447,0.015654,-0.109993,-0.204367,-0.266073,-0.284329,0.109306,-0.287173,0.091977,-0.190813,-0.187423,-0.264391,-0.032102,0.03204,-0.021737,-0.23263,-0.09575,-0.047378,-0.007031,0.121463,-0.129161,-0.121872,-0.081711,-0.235957,0.002494,-0.246467,0.066279,-0.03299,0.265126,-0.422876,0.083359,0.046807,-0.105785,-0.121038,-0.161802,-0.313429,-0.111685,0.117544,0.205481,-0.373375,-0.166751,-0.167434,-0.0878,-0.112747,0.033762,0.013016,0.102548,-0.17733,0.050854,-0.120092,0.009999,0.019748,0.154481,-0.068036,-0.114893,0.131553,0.016637,-0.092608,-0.020169,0.174316,-0.208279,0.160043,0.053431,-0.059366,0.186266,0.092251,-0.039195,0.085,0.039304,-0.061435,0.171889,-0.155232,0.079013,0.208255,0.249181,0.028515,0.037975,0.003279,0.104431,0.142643,0.087371,#
13,0.168618,0.153849,0.170919,-0.171921,0.048255,0.221183,0.016248,0.181151,0.389204,0.300113,-0.270975,0.078642,0.215241,1.0,0.113441,-0.107842,-0.199355,0.331046,-0.085326,0.144344,-0.216694,-0.043832,0.060498,-0.262353,0.154855,-0.035136,0.244758,-0.328161,0.020882,0.088161,-0.108592,0.138826,-0.005577,-0.117539,-0.284157,0.290258,0.145283,-0.182978,-0.073924,-0.42402,0.041591,0.286841,0.02319,0.106199,0.214002,-0.291874,0.442226,0.192454,-0.078101,0.085313,-0.089156,-0.04871,-0.052446,-0.087439,-0.414278,0.044363,0.190059,0.123554,0.125002,0.261561,-0.076114,0.172095,-0.145793,-0.186108,-0.023291,0.278246,0.241745,0.385903,0.176928,0.050682,-0.051145,-0.25152,-0.123516,0.020028,-0.029511,0.0631,-0.073193,-0.166454,-0.211073,0.134296,0.057873,-0.266458,0.070982,-0.020277,0.212773,0.044705,-0.065919,-0.358621,-0.267851,-0.126943,-0.188576,-0.034083,0.010494,0.168598,-0.259304,0.049546,0.01524,-0.021042,0.016524,-0.160249,-0.164302,-0.117832,-0.028327,-0.065632,-0.076513,-0.172344,0.057297,-0.261654,0.121505,-0.22176,0.235202,0.128633,0.001451,0.196335,0.091874,-0.230745,-0.366219,-0.124436,0.343935,-0.397238,-0.035913,0.019664,0.001487,-0.260834,0.036168,-0.037,-0.272699,0.054617,-0.163239,-0.147042,-0.003694,0.284174,-0.373709,-0.033207,-0.020403,-0.185322,0.053252,0.233348,0.306484,-0.156087,0.111394,-0.35379,-0.256025,-0.103147,-0.058436,-0.241916,0.056715,0.327447,-0.237941,0.358949,-0.143385,0.141526,-0.023317,0.067629,0.1154,-0.161913,0.377946,0.423863,-0.116121,0.075089,-0.198375,-0.045297,0.069549,0.53976,0.121797,0.192204,-0.035097,0.044372,-0.105,-0.088122,0.023149,0.17068,-0.063754,0.059878,-0.029891,0.029971,0.027087,-0.010232,0.195457,-0.26025,0.252717,0.157612,-0.41349,-0.127797,0.129344,-0.120384,0.149668,0.19979,-0.465726,0.255978,-0.008518,-0.191051,0.285117,0.164137,-0.034477,-0.261982,-0.209494,-0.163285,0.28454,0.071985,#
14,0.379378,0.140153,-0.116181,0.004004,0.118147,-0.11132,0.067886,0.166749,-0.09345,-0.291479,-0.021113,-0.159389,0.23192,0.113441,1.0,0.222823,0.118248,-0.264709,0.016342,-0.197983,-0.202411,0.136674,0.020579,-0.201905,-0.234374,-0.073615,-0.084831,-0.034735,0.157808,-0.003759,-0.401753,0.303221,-0.022522,-0.174049,0.009469,-0.134769,0.017566,0.226144,-0.046621,-0.022825,-0.009815,-0.149088,-0.251006,0.054026,0.311301,0.064391,0.437934,-0.233974,0.06752,0.035908,-0.331067,0.207764,-0.073764,-0.1885,-0.097046,0.191676,-0.040639,0.021487,-0.165044,0.020116,-0.008715,0.140975,0.103966,0.028316,0.218279,0.168712,-0.191511,-0.153555,0.066423,-0.298836,0.107517,-0.044189,-0.216408,0.054536,0.000891,0.066704,-0.156891,-0.038759,-0.239064,0.01067,0.004037,-0.277428,-0.161871,-0.09841,-0.150858,-0.017659,-0.123531,-0.253518,-0.172648,-0.303738,0.058106,-0.277144,0.090377,-0.042069,-0.049532,-0.034941,-0.128122,-0.183121,-0.267635,-0.179595,0.034928,-0.24884,-0.089675,-0.116262,-0.176212,-0.13108,-0.181588,-0.135614,0.227069,-0.218108,-0.038791,-0.092798,-0.211233,0.019122,-0.394194,-0.119554,-0.106691,0.131239,-0.075286,-0.278425,-0.304069,-0.278337,-0.133823,0.132814,0.195249,-0.067937,-0.233614,0.114055,-0.100963,-0.304195,0.012557,-0.424758,-0.289174,-0.36399,-0.102011,-0.161708,0.036301,-0.185625,-0.068622,-0.17026,-0.251162,-0.317832,-0.075037,-0.20427,-0.382713,0.051526,-0.046586,0.049781,-0.178129,-0.167194,0.016165,0.018342,-0.052306,-0.164936,-0.256468,-0.206826,0.13009,0.071774,-0.368142,-0.106591,-0.497891,-0.191467,0.010981,-0.328889,-0.020538,0.191948,-0.071465,0.04302,-0.098495,-0.364863,-0.009964,0.213407,-0.241384,-0.011536,0.179931,0.06486,0.11251,-0.022052,0.056532,-0.185136,-0.039761,0.29741,0.062472,0.164276,0.24992,-0.131294,0.28505,0.172247,0.281422,-0.077729,-0.271578,0.266628,0.312676,0.319373,0.021406,-0.011523,0.089027,-0.020138,-0.014114,0.245133,#
15,-0.034238,-0.033313,-0.20358,0.205811,-0.051595,-0.097755,0.108724,-0.063274,-0.102099,0.088274,0.077317,0.00201,0.241054,-0.107842,0.222823,1.0,0.149032,-0.232963,-0.064623,-0.326017,-0.071135,0.000682,-0.067463,-0.280787,-0.094834,-0.089648,-0.27127,-0.037873,0.019905,0.007849,-0.313937,0.088584,0.082099,-0.14788,-0.074361,-0.175916,-0.09163,-0.018526,0.161047,0.333075,-0.241013,-0.233649,0.100579,0.022495,0.10542,0.275016,0.071041,-0.334075,0.158837,0.109815,0.178031,-0.057079,0.165799,-0.096314,-0.037098,0.294908,0.068291,-0.020663,-0.006073,0.081696,-0.125191,0.102659,0.119934,0.190081,-0.204778,-0.135912,-0.313627,0.045298,-0.111566,-0.382512,0.221637,-0.051369,-0.24027,-0.072499,0.03088,-0.090676,-0.021753,0.127392,-0.086217,-0.098356,0.111384,-0.081671,0.096379,-0.057779,0.132653,-0.090697,0.09952,0.199281,-0.097549,0.025388,0.247061,-0.078745,0.233638,-0.115551,-0.138243,-0.142421,-0.150474,0.074526,-0.146453,-0.0774,0.032127,0.151875,-0.008947,0.06003,-0.028964,-0.055529,-0.191988,0.205035,-0.036127,0.061111,-0.39144,-0.228158,-0.115057,-0.020495,-0.177398,-0.132905,0.09534,-0.032641,-0.260164,0.087689,0.043707,-0.130603,0.028387,0.140168,0.07509,0.01394,-0.12137,-0.001534,-0.171717,-0.049496,-0.18934,-0.295157,0.032286,0.014739,-0.114993,0.022157,0.147632,-0.191574,-0.06807,-0.031708,-0.158253,-0.006734,0.168415,0.012785,-0.301097,0.118288,-0.101847,-0.201862,-0.227532,-0.191061,0.052383,-0.033719,-0.279463,-0.106554,-0.314326,0.039695,-0.094493,-0.144752,-0.327615,0.001481,-0.266367,-0.305564,-0.182128,-0.332951,-0.161645,-0.24858,-0.313284,0.000466,0.037075,-0.168345,-0.059609,-0.202373,0.121607,-0.015401,0.185677,-0.089844,-0.200775,0.039392,-0.22418,-0.110289,-0.164668,-0.276089,0.463655,0.285471,-0.020688,-0.156042,0.098054,-0.298141,0.361805,-0.192608,-0.201054,0.359566,0.332441,-0.021662,0.196162,0.041008,0.081275,-0.14744,-0.203544,0.010351,#
16,0.035036,-0.299635,-0.225568,-0.103681,0.125313,-0.05976,-0.02091,-0.129225,0.022719,-0.279102,0.394211,0.088712,-0.150268,-0.199355,0.118248,0.149032,1.0,-0.109423,0.016591,-0.035889,-0.019651,-0.054607,-0.038387,-0.058208,-0.053067,0.180717,-0.385698,0.099514,0.047026,0.050354,-0.125101,-0.016442,-0.085475,-0.266701,0.240254,-0.076535,-0.185653,0.078232,0.055758,0.200012,-0.199455,-0.376433,-0.39708,-0.233752,0.260177,0.337619,0.004685,-0.312955,0.096691,0.184485,0.092624,-0.016512,0.045977,0.067689,0.20022,0.222704,0.076767,-0.072718,0.251762,-0.091104,0.028324,-0.083672,0.173032,0.219581,-0.017382,-0.231392,-0.20204,-0.33207,-0.04993,-0.116514,0.244358,0.039722,-0.228306,-0.200459,-0.197997,0.145318,-0.148682,0.051059,-0.139032,0.036973,0.0844,0.076499,-0.090492,0.075525,-0.101769,0.08194,-0.130966,0.07936,0.085513,-0.142647,0.194093,0.00167,-0.001502,-0.137269,-0.137137,-0.426976,-0.031502,-0.257257,0.04704,-0.178544,0.180419,0.10212,-0.370873,-0.199362,-0.128729,-0.012533,-0.005295,-0.109017,-0.055025,0.228955,-0.280532,-0.097899,0.061458,-0.1502,-0.248358,-0.003554,0.00122,-0.079789,0.176534,-0.015897,-0.086192,-0.026288,-0.142814,0.04869,0.107486,-0.193042,-0.205277,0.03509,-0.157381,-0.200767,0.152984,-0.247844,0.130581,0.019446,-0.121365,-0.082157,-0.173039,-0.258945,-0.319558,-0.008963,-0.342497,0.004536,0.073964,0.197408,-0.314086,0.06414,0.197216,-0.062818,0.163562,-0.272106,0.13775,-0.019541,-0.276429,-0.160962,-0.258718,-0.196477,-0.02131,0.068367,-0.288407,0.071399,-0.120105,-0.031295,0.018983,-0.197368,-0.012549,-0.059191,-0.044199,0.065958,-0.081136,0.029358,0.400717,-0.131898,-0.04555,0.06846,0.065445,-0.136844,-0.132979,0.142556,-0.073943,-0.104662,-0.011634,-0.170904,0.258347,0.193176,0.104284,-0.002669,0.054147,-0.174049,0.213346,-0.210517,-0.176045,0.282627,0.120497,-0.081745,0.101459,0.140498,0.290727,0.020234,-0.239395,0.190339,#
17,-0.015715,0.118514,0.235436,-0.110564,0.064227,0.045124,0.065029,-0.277763,0.347664,0.177374,-0.151428,-0.000764,0.130636,0.331046,-0.264709,-0.232963,-0.109423,1.0,0.183024,0.038741,0.189248,-0.082862,0.176959,-0.001903,0.096584,-0.133604,0.096536,-0.081644,-0.013315,0.15192,0.267597,-0.000924,0.127073,0.006394,-0.143522,0.097104,0.03201,-0.251779,0.074231,-0.271191,-0.042662,0.181443,-0.027394,0.010495,0.149111,-0.277575,0.072812,0.417166,-0.125203,-0.09731,0.155187,-0.09132,0.009806,0.102326,-0.17671,-0.176268,0.153819,0.09922,0.114187,-0.025655,0.121272,-0.071351,-0.060794,-0.278118,-0.120339,0.103154,0.104574,0.043128,0.18093,0.264296,-0.003357,-0.0711,-0.220622,0.113483,0.066256,0.120122,-0.028884,-0.288237,-0.015484,0.079612,-0.204551,0.072967,-0.116922,0.114773,0.364964,0.036989,-0.01459,0.062899,-0.089912,0.047092,-0.181483,-0.035013,-0.257789,0.194819,-0.06624,-0.140151,0.152666,-0.076032,0.078987,0.081207,-0.103622,-0.073113,-0.088264,0.057917,-0.0048,0.157166,0.001406,0.082437,-0.057788,-0.123801,0.241713,0.112852,0.21475,0.004329,0.084708,-0.148724,-0.053297,0.073352,0.389258,-0.150307,-0.01914,0.244971,-0.042262,-0.227288,-0.092988,0.305219,0.050617,0.159661,-0.273996,-0.025285,0.128983,0.221084,-0.15629,0.246783,-0.057222,-0.04372,0.01623,0.199026,0.345801,-0.124992,0.028005,0.153844,-0.070861,-0.23435,0.19043,-0.259802,0.193657,0.267435,-0.075536,0.293923,-0.01898,-0.053683,-0.007208,-0.193106,0.140261,-0.014851,0.004711,0.462915,0.126799,0.187221,0.192094,0.112362,0.054977,0.515013,0.178876,0.002233,0.0447,0.023233,-0.076431,0.257487,0.010074,-0.001145,-0.042837,-0.052298,-0.131989,0.168898,0.066696,0.206076,0.318524,-0.199747,0.373986,-0.038923,-0.404415,-0.024729,-0.050889,0.081184,0.099514,0.096828,-0.401768,0.257236,0.163239,-0.289832,0.019854,-0.107126,-0.12477,-0.003505,-0.027515,-0.0455,0.348383,-0.230518,#
18,-0.043629,-0.12644,0.199707,-0.123929,-0.117916,-0.068608,0.220238,0.050541,0.322744,-0.200088,0.208479,-0.074892,0.049144,-0.085326,0.016342,-0.064623,0.016591,0.183024,1.0,-0.001392,0.00744,0.187976,0.140269,-0.034728,-0.146242,0.004054,0.015051,0.390127,0.012831,-0.010226,0.054194,0.12232,0.051939,-0.143747,0.007506,0.093854,-0.086108,0.052639,0.023717,-0.097355,-0.022668,0.012363,0.0318,0.033207,0.001035,-0.125237,0.057059,-0.021215,-0.239545,0.077623,0.175153,0.260065,0.084391,0.081161,-0.176463,0.171908,0.034194,-0.062244,-0.184444,-0.056487,-0.134676,-0.143937,-0.031232,-0.019336,0.116583,0.152834,0.253062,-0.113827,-0.086612,-0.016794,0.214906,-0.03517,-0.264721,0.198198,-0.045862,-0.082978,0.18206,-0.405585,-0.050593,-0.096545,-0.078302,0.038531,-0.152747,0.049754,-0.016368,0.003917,0.123969,-0.076038,0.018193,0.187842,0.137307,0.09002,-0.042006,0.078273,0.15623,0.01646,0.075368,0.078024,-0.191263,-0.235721,-0.049582,0.028261,-0.101417,0.150334,0.081367,0.141378,0.160442,0.017561,0.224035,0.065925,0.0456,-0.180268,0.184204,0.133408,-0.035201,-0.184091,0.146765,0.153175,0.142412,-0.003495,0.003209,-0.110032,-0.019655,-0.185607,0.087466,-0.100882,0.021438,-0.039715,0.018494,0.018159,0.265838,0.05765,0.124934,-0.060573,-0.065926,0.021421,0.135849,0.064941,-0.135671,-0.102704,0.138226,0.160459,-0.101207,-0.132023,-0.057305,-0.125123,0.06773,0.034842,0.034379,0.161912,0.339305,-0.04206,0.293248,-0.180061,-0.047642,-0.090262,0.044199,0.088508,0.031385,0.191834,0.060154,-0.09048,-0.055097,-0.001356,0.343933,-0.176885,0.229761,-0.036821,-0.168739,0.153179,-0.125819,0.362275,0.199185,0.080036,0.218058,-0.06559,-0.002756,0.00805,-0.095978,0.119917,0.058671,0.182027,-0.017433,-0.032083,-0.020807,0.238015,0.043359,0.036737,-0.046714,-0.19292,0.139749,0.044295,-0.127918,-0.110811,-0.147114,0.274147,0.003708,0.105218,0.269778,-0.095064,#
19,-0.110257,0.03694,0.218698,0.174533,0.126037,-0.189414,-0.071412,-0.159887,0.166376,0.091527,-0.083397,-0.135436,-0.039347,0.144344,-0.197983,-0.326017,-0.035889,0.038741,-0.001392,1.0,-0.162533,-0.086984,0.083766,0.079869,-0.229809,0.083288,0.013502,0.138043,-0.0831,-0.02787,0.206475,0.037963,-0.024977,0.160983,0.003413,-0.026248,-0.008551,-0.138496,-0.189002,-0.087062,-0.154959,0.078545,-0.01794,0.046517,-0.056097,-0.219882,-0.077982,0.042425,-0.198838,0.121532,0.086195,0.021233,0.136334,0.18585,-0.278032,-0.010346,0.136668,-0.026482,0.013013,-0.093395,0.063491,-0.008175,-0.082883,0.072618,-0.036335,0.069347,0.454065,-0.052536,0.001726,0.236692,0.067273,0.061374,0.045831,0.215341,-0.169453,0.00463,0.013644,0.073664,0.088534,-0.007899,0.303241,-0.023455,0.000711,0.269175,-0.072607,0.074978,-0.023279,-0.134947,0.255655,-0.077423,-0.268246,0.102938,0.041188,0.078743,-0.225148,-0.004854,0.104275,-0.084989,-0.062965,0.1279,-0.259883,-0.099899,-0.103796,0.233591,-0.110695,0.098523,0.037388,-0.02621,0.082983,0.120156,0.460222,-0.061891,0.146426,0.122836,0.130731,0.132845,0.189819,-0.110089,0.291726,-0.060167,0.040467,0.176302,0.030113,-0.189773,-0.114667,0.045029,-0.018237,-0.003526,0.181123,-0.094817,0.019662,0.292245,-0.072685,0.150708,0.18713,-0.104602,-0.109393,0.193983,-0.164329,0.187465,0.326861,0.053893,-0.013378,0.028905,0.168313,0.170129,0.138323,0.109015,0.068542,0.268743,-0.083807,0.024019,0.111909,0.294116,0.264567,0.155251,-0.158411,0.207041,0.221734,-0.038991,0.049443,0.025829,0.121002,0.240169,0.234069,0.018479,0.213929,0.07435,0.127894,0.129423,-0.167084,0.013278,-0.129166,0.264425,-0.080532,0.117317,0.14054,-0.115182,-0.177211,0.047045,0.16188,-0.046096,-0.171282,-0.002176,-0.068787,0.232723,-0.154184,0.001857,-0.38344,0.021079,0.19209,-0.31652,-0.239966,-0.061036,-0.196785,-0.146636,-0.121895,0.18813,0.128988,0.11001,#
20,-0.205775,0.192627,-0.28187,-0.078633,0.218688,0.106314,0.230258,-0.057941,-0.210067,0.013389,0.050922,-0.05713,0.169146,-0.216694,-0.202411,-0.071135,-0.019651,0.189248,0.00744,-0.162533,1.0,0.155885,0.383089,0.045068,0.073721,-0.038273,0.130673,0.029974,0.119192,0.31414,0.009303,-0.112862,0.273374,-0.085834,0.021514,0.015254,-0.005916,-0.276498,0.108109,-0.050267,0.233077,0.08794,0.252248,-0.039879,-0.153986,-0.108786,-0.276934,0.28804,0.172899,-0.340638,0.136433,-0.384556,-0.070031,-0.146654,-0.041581,-0.224949,-0.090612,-0.061298,0.091045,0.007099,-0.059995,-0.195308,-0.201508,0.013478,-0.132838,0.241309,-0.048499,0.159368,0.292706,0.205667,-0.227468,-0.104591,0.166853,-0.110352,0.020856,0.175784,0.066209,-0.074998,-0.277763,-0.177727,-0.359241,-0.160322,-0.222265,0.020485,-0.106785,-0.206825,-0.073716,-0.024513,-0.0544,0.140462,-0.310048,-0.213659,-0.352442,-0.142996,-0.048153,-0.064668,-0.267213,-0.218107,-0.188585,0.050852,0.240917,-0.024954,-0.162764,-0.33735,0.162682,-0.169744,-0.009336,-0.148688,-0.20266,-0.077357,0.153774,0.119269,-0.269489,-0.388955,0.029709,0.056259,-0.086127,-0.077896,-0.041674,-0.079461,-0.012776,-0.168665,-0.15215,-0.29189,-0.282778,0.103188,-0.040192,0.106624,0.066166,-0.215306,-0.325248,-0.131884,-0.050992,0.0945,-0.185398,-0.063363,-0.304408,-0.342864,0.006081,-0.09369,-0.291575,0.141272,-0.14931,-0.235464,-0.23925,-0.139583,-0.100818,0.370675,-0.068791,-0.157364,-0.226445,-0.168621,-0.251463,-0.32665,-0.363081,-0.155464,-0.086935,0.127228,0.023298,-0.123379,0.243818,0.131885,-0.221307,0.114272,-0.225817,0.124095,-0.038792,-0.241343,-0.334318,0.295723,0.100177,0.068244,-0.156201,-0.232287,0.048237,-0.250876,-0.076297,-0.003204,0.094179,-0.06275,0.264964,-0.139544,-0.013723,0.113455,0.256211,-0.267923,-0.124594,-0.145315,0.00951,0.131245,-0.089365,0.296883,0.147357,-0.047059,-0.032156,0.369671,0.180673,-0.008794,-0.158502,0.014286,#
