0,1.0,0.044778,-0.063301,-0.330016,0.085564,0.08958,0.32224,-0.190732,0.05926,0.139511,0.215188,-0.080491,0.176222,0.305847,-0.082656,0.11509,-0.181444,-0.353968,0.368615,-0.11728,0.185783,0.024369,0.173639,-0.306746,-0.06235,-0.265294,-0.112936,-0.020392,0.339891,0.162738,-0.137627,0.040547,0.161188,-0.327051,0.151771,0.198557,0.18245,-0.088549,-0.116751,0.052754,0.044144,0.17475,-0.021384,-0.06203,-0.024367,-0.161635,0.0138,0.06748,-0.192263,0.107935,0.225928,-0.262843,0.233384,0.007066,0.195094,0.047333,-0.189793,-0.042988,-0.103233,0.161028,0.396978,0.180178,-0.054032,0.17924,-0.145033,0.106911,-0.203055,0.27479,-0.152352,-0.123917,-0.053682,0.011262,0.034429,-0.25894,-0.267536,0.255367,-0.419773,-0.205088,-0.282629,-0.009887,-0.000485,-0.234954,-0.200622,-0.25451,-0.0776,-0.089617,-0.325372,-0.0619,-0.182312,-0.27488,-0.334391,-0.200735,-0.115176,-0.223802,-0.060348,-0.401702,-0.350131,-0.304496,-0.250791,-0.090965,0.320386,-0.117261,-0.233281,-0.294615,-0.134202,-0.265358,-0.03135,0.165151,-0.226752,-0.02397,0.008484,0.181437,-0.466553,-0.335458,0.11019,0.090367,-0.231253,-0.129767,-0.078365,-0.141362,-0.284035,0.075449,0.042158,-0.142401,-0.144129,-0.055398,-0.063819,0.124283,-0.169497,-0.194174,-0.124501,-0.46162,-0.083871,0.108099,-0.137376,-0.216434,-0.105231,0.004076,0.271689,-0.133959,-0.183067,0.215067,-0.027242,-0.169553,-0.315051,-0.053307,-0.136364,0.09412,-0.28003,-0.261965,-0.065455,-0.186358,-0.298739,-0.26079,0.194827,-0.082062,0.144796,0.08072,-0.357577,-0.047193,0.097734,-0.296321,0.01051,-0.310591,0.028893,-0.008918,-0.046694,0.058638,-0.287729,-0.255106,0.06282,0.044725,-0.139999,0.027429,-0.055887,-0.041329,-0.190919,-0.015208,0.18182,-0.298486,0.084945,-0.012017,0.012704,0.369484,0.150036,0.052649,0.210669,0.004475,0.099787,0.241887,-0.267424,0.135139,0.420179,0.02294,-0.062986,0.152199,-0.043877,-0.199823,-0.111424,0.089182,#
1,0.044778,1.0,0.052469,-0.165676,0.002721,-0.055777,0.266587,0.106053,-0.178103,0.264266,-0.030445,0.000865,0.159484,0.173118,0.16794,0.064617,-0.036931,0.097705,0.293804,0.011892,0.207829,0.062128,0.116837,-0.123987,-0.032932,-0.329105,-0.149442,-0.055154,0.003635,0.182028,-0.062515,0.068241,0.024264,0.026122,0.022523,0.081722,-0.055609,-0.173114,0.065921,0.096681,0.077853,0.228018,-0.112495,0.043469,0.20726,-0.060118,0.077459,-0.067984,0.251223,0.304096,0.02541,0.045627,0.085437,-0.011073,-0.029934,-0.15085,0.152471,-0.240304,-0.188175,-0.152634,0.106888,-0.126951,-0.064306,-0.035645,0.344241,0.211177,-0.20125,-0.058928,0.058195,-0.061165,0.155464,0.011863,-0.101499,-0.187647,0.016255,-0.056862,-0.148374,0.00596,0.145155,-0.007793,0.07221,-0.209475,-0.066972,0.009291,-0.179782,-0.0142,-0.04944,-0.081224,0.080964,0.015942,-0.193779,-0.112185,-0.080974,-0.093984,-0.016065,-0.020188,0.053443,0.16181,0.340006,0.004484,-0.080361,0.0146,0.080389,-0.066668,-0.265664,-0.012015,-0.04112,-0.144438,-0.269383,-0.02141,0.215831,0.025656,-0.077655,0.153231,-0.155471,-0.069899,-0.032745,0.105119,0.060072,-0.234389,-0.095397,-0.103747,-0.344789,-0.124769,-0.173129,-0.20663,0.096736,0.083358,-0.240158,-0.100867,0.138913,-0.042631,-0.180593,-0.176832,-0.147894,-0.257943,0.156968,0.154449,0.016333,-0.183153,0.013885,-0.155132,0.023038,-0.046941,0.042182,-0.069567,-0.371961,0.096356,-0.012878,-0.066081,-0.088493,-0.050483,0.140853,-0.092755,-0.17786,-0.117489,0.107356,-0.019358,-0.06384,0.073073,-0.092697,0.025578,-0.201441,0.234386,-0.001456,0.296502,0.173637,0.118086,-0.091811,-0.306081,0.137932,0.165918,-0.063518,-0.110029,0.108945,-0.207167,0.041162,0.088215,0.126503,-0.191158,0.072585,0.043527,-0.077814,0.096475,0.254822,-0.234495,0.185,-0.257208,0.014185,0.208068,0.015529,0.083539,-0.053416,0.13189,-0.084108,-0.079484,0.137342,0.026311,0.083387,0.051236,#
2,-0.063301,0.052469,1.0,-0.18953,0.030334,-0.230805,0.095307,-0.068195,0.097728,0.043159,0.115194,-0.097253,0.029485,0.015142,-0.221363,-0.041317,-0.230054,0.20131,0.006119,0.054935,-0.147313,0.192156,-0.089056,-0.007307,0.157531,0.065189,0.196087,-0.058056,0.076553,-0.212157,0.029377,0.147886,-0.300849,-0.024439,0.035924,0.079003,-0.10608,0.300434,0.153563,-0.261032,0.196668,-0.000298,0.048735,-0.156542,-0.043991,-0.156035,-0.159408,0.198542,-0.14411,-0.031611,0.096447,-0.147152,0.121445,-0.114461,-0.249434,-0.101507,-0.091573,-0.168145,0.103809,0.076586,0.06643,-0.214083,0.002846,-0.283059,0.188206,-0.063672,0.187647,0.076449,0.147316,0.285085,0.148566,0.211785,-0.212523,0.080489,0.02307,-0.133074,0.040596,-0.050586,-0.014747,-0.030223,0.145958,0.034529,0.052921,0.201144,-0.240622,0.189684,0.130088,0.006446,0.046792,0.222762,0.012404,0.028145,0.28934,0.172212,0.077603,0.054047,0.247128,-0.053343,0.158153,0.149213,-0.121881,-0.082824,0.117487,0.137146,0.210032,0.164993,0.122823,0.016628,-0.076868,0.001563,0.067701,-0.199677,0.105244,0.102688,0.31002,-0.095473,-0.007835,0.227097,-0.028881,-0.030409,0.100002,0.212265,0.053663,-0.063965,-0.020334,0.161137,0.307085,0.006997,0.063619,0.043216,0.319669,0.012882,0.092196,0.085918,0.116149,-0.017724,0.004406,0.323843,0.090695,0.24175,0.017934,0.130323,0.197517,-0.011663,-0.023506,-0.028625,-0.215721,0.10376,0.125692,0.2102,0.021404,0.15442,0.177944,-0.036444,0.158038,0.050079,-0.069602,0.038425,0.264725,0.040038,0.292597,0.063201,-0.004208,0.279352,0.04901,-0.217267,0.020539,-0.001981,-0.001557,0.125099,-0.069046,-0.136754,-0.049237,0.02816,-0.223634,0.1185,0.121256,0.073857,0.038231,-0.138671,0.08404,0.044948,-0.134551,-0.136865,-0.163318,0.129816,0.085847,0.140803,-0.070496,-0.184343,0.069926,-0.159905,-0.228074,0.306455,-0.060173,-0.064751,-0.094311,0.201555,0.189964,0.032783,#
3,-0.330016,-0.165676,-0.18953,1.0,-0.132629,-0.289899,-0.288938,-0.203891,-0.172587,-0.330723,-0.012834,-0.126932,-0.39972,-0.450652,-0.036769,-0.156331,0.133734,0.112999,-0.193743,-0.183771,-0.007459,-0.112855,-0.300933,0.06897,0.166524,0.394623,0.066988,0.178532,-0.212592,-0.27094,0.123447,-0.205153,0.03394,-0.061484,-0.012934,-0.097069,-0.21467,-0.078681,0.099474,0.058792,-0.061782,-0.34939,0.008915,0.298416,0.053415,0.47463,-0.14567,-0.089368,0.120276,-0.139498,-0.080401,0.358081,-0.024753,0.133838,0.060362,-0.140277,0.34839,0.174596,-0.016586,0.099003,-0.440295,0.09045,0.223781,-0.14933,-0.144838,-0.292384,0.060021,-0.057061,-0.175834,0.062762,-0.107819,-0.071816,0.194011,0.161442,0.070833,-0.132523,0.353028,0.071239,0.011201,-0.041075,-0.022738,0.357455,0.223636,0.119405,0.265804,-0.055551,0.186532,0.176521,0.12296,0.077601,0.11639,0.162757,0.072172,-0.074857,0.189546,0.207509,0.328594,0.102319,-0.064083,0.301565,0.091401,0.233497,0.355526,0.235995,0.078874,0.118653,0.311423,0.118146,0.069833,0.060703,-0.139688,-0.09266,0.345303,0.12511,0.039061,0.152569,0.116621,-0.006825,-0.188373,0.362986,0.219172,0.335082,0.227452,0.33125,0.278173,0.112364,-0.232228,-0.205901,0.121271,0.206955,-0.069042,0.33371,0.28567,-0.12389,0.181452,0.236527,0.026857,0.008547,-0.14097,0.232168,0.10434,-0.172492,0.23232,0.193721,0.338146,0.083469,0.157256,-0.016598,0.340225,-0.003339,0.274325,0.002936,0.024646,0.208488,0.141615,0.213376,-0.313643,-0.239213,0.315853,0.161361,-0.089723,0.171719,-0.048927,-0.057669,-0.078281,-0.28481,0.066693,0.140074,0.116233,0.118247,0.098453,0.095213,0.269181,0.342251,-0.006639,0.261719,0.03689,-0.043115,-0.409662,0.427544,-0.380923,0.043133,0.279145,-0.160083,-0.187531,-0.064856,-0.19479,-0.026946,0.248325,-0.047391,0.123745,-0.079252,-0.16936,-0.155525,0.024109,-0.112367,0.012707,-0.111581,-0.216442,-0.22984,#
4,0.085564,0.002721,0.030334,-0.132629,1.0,0.055506,-0.102814,-0.011913,0.01807,-0.083628,0.246221,-0.097099,0.03717,-0.280494,-0.1966,-0.025429,0.235885,-0.1163,-0.070269,-0.162726,-0.30613,-0.29856,0.141881,-0.08776,0.042357,-0.096241,-0.165391,0.097428,-0.125488,-0.012863,-0.348982,-0.197274,0.042769,-0.097225,0.064473,0.106467,-0.112613,-0.121608,0.046916,0.394564,-0.097436,-0.401564,-0.215142,0.01445,-0.15061,0.181665,-0.111023,-0.030267,0.124827,0.36454,0.079266,-0.087707,-0.053373,0.28283,0.090527,0.037661,0.010439,0.166195,0.018508,0.024984,-0.212583,-0.221957,-0.065722,-0.06592,-0.25072,0.003099,0.61124,-0.114059,-0.033457,-0.213687,-0.013818,-0.152386,-0.032593,0.24284,0.247573,0.020125,-0.128376,-0.235018,-0.070473,-0.185633,-0.199319,0.103842,0.091635,0.059536,0.12233,-0.042501,0.112591,0.075711,0.039422,-0.065609,0.214114,0.151747,0.16203,-0.006465,-0.016108,0.116345,0.168655,-0.006745,-0.088089,-0.119868,0.076103,0.111995,0.186872,0.003214,0.120124,0.035532,-0.000584,0.073796,-0.156144,0.130844,0.04321,-0.014143,0.058561,-0.022463,-0.184864,0.193807,-0.021235,0.329351,-0.342201,0.084696,-0.231362,0.076771,0.066342,-0.06143,0.1847,0.078419,-0.06811,0.047129,0.098007,-0.119614,0.013045,-0.236998,0.04467,-0.171528,0.072903,0.088509,0.09138,0.083363,-0.177406,0.225256,-0.03028,-0.153317,-0.225287,0.159305,-0.089261,-0.265157,-0.169825,-0.044529,0.147284,-0.064083,0.088441,0.053651,-0.208956,0.057509,-0.019077,-0.119313,-0.102287,-0.000461,-0.222829,0.315014,-0.281478,-0.256181,-0.187368,0.15781,0.161645,-0.110139,0.023435,-0.01923,-0.117014,0.237981,0.003769,-0.15447,0.110712,-0.018882,-0.068065,0.229274,0.050645,0.212484,0.006202,-0.06363,-0.213321,0.213339,0.167049,0.00621,0.122379,0.056001,0.011927,0.030067,0.232773,-0.175266,0.079588,0.033608,0.171058,-0.02285,-0.220907,0.204575,-0.07915,0.139514,-0.082007,-0.182721,#
5,0.08958,-0.055777,-0.230805,-0.289899,0.055506,1.0,0.359169,0.356039,0.103512,0.068513,0.03186,0.236896,0.081317,0.148251,0.126409,0.096305,0.17658,-0.006759,0.228408,-0.159317,0.100428,-0.092829,0.188355,-0.029919,-0.176758,0.133533,0.038704,-0.028433,0.104034,0.220752,-0.342947,-0.06281,-0.052952,-0.072943,-0.061307,0.04989,0.10714,-0.109126,-0.048789,0.040952,-0.197062,0.180108,-0.15182,-0.12835,0.133801,-0.178614,0.146573,-0.256502,0.031047,0.297022,0.046085,0.034646,0.019564,0.100167,0.136855,0.280782,-0.216873,0.122059,-0.237077,-0.073792,0.127104,-0.06104,-0.05703,0.32931,-0.187481,0.267989,0.003033,0.093592,-0.076222,-0.354502,0.01163,-0.044327,-0.156333,0.07786,-0.157787,0.291795,-0.284804,-0.090207,-0.240005,-0.041233,-0.244387,-0.296275,-0.131684,0.160507,-0.17202,-0.365801,-0.1307,-0.052788,-0.121086,-0.226036,-0.087006,-0.285057,-0.305384,-0.083477,-0.161431,-0.115567,-0.260271,-0.452842,-0.179804,-0.442949,0.129785,-0.037303,-0.204468,-0.383882,-0.351546,-0.265182,-0.091107,0.087204,-0.130957,0.038877,0.039991,0.328534,-0.38229,-0.3639,-0.05782,-0.051851,-0.167863,0.071179,0.191589,-0.218107,-0.272871,-0.376315,-0.026525,-0.244802,-0.220019,-0.075588,-0.011693,-0.081254,-0.373574,-0.254833,-0.247166,-0.164013,-0.239611,0.044647,-0.46456,-0.208721,0.252128,0.033238,-0.053668,-0.333505,-0.179091,0.094295,-0.234415,0.014178,-0.197512,-0.284041,0.254687,0.153843,-0.283382,-0.053126,-0.136357,-0.219467,0.034016,0.013527,0.05231,-0.271946,0.1484,0.155331,-0.491731,-0.210503,-0.244281,-0.219435,-0.010486,-0.267824,0.028641,0.053914,-0.20386,-0.129883,-0.060111,-0.076743,0.148371,-0.077539,-0.128588,-0.301085,0.25968,-0.279294,0.00167,-0.001223,0.237236,-0.194193,0.312077,0.0426,0.050916,0.105374,0.596022,-0.118479,0.13332,-0.015557,-0.160622,0.230392,-0.016754,0.116019,0.319116,-0.119256,-0.299488,0.062518,0.305516,-0.13576,-0.244105,-0.011633,#
6,0.32224,0.266587,0.095307,-0.288938,-0.102814,0.359169,1.0,0.278081,0.264433,0.271068,0.122048,0.080688,0.317918,0.380617,-0.037678,0.216083,0.037646,0.195547,0.318981,0.053994,-0.058395,0.199574,0.252721,-0.138314,-0.007753,0.001303,0.115011,0.029434,0.5034,0.066311,-0.337744,-0.090471,-0.065068,-0.303475,0.045153,0.088131,0.041732,-0.115319,0.145686,-0.10896,0.20209,0.209007,0.074658,-0.092175,0.067669,-0.344145,0.066026,-0.16761,-0.174226,0.217666,0.089475,-0.186703,0.170073,0.024964,0.383547,0.105661,-0.154959,-0.277268,-0.086972,-0.068341,0.328354,0.191953,-0.144028,0.326193,0.147556,0.328119,-0.136195,0.208323,0.078846,-0.186852,0.187303,0.087148,-0.198108,-0.403904,-0.318844,0.282686,-0.377358,-0.249186,-0.180019,-0.195976,-0.18929,-0.305952,-0.370422,-0.016662,-0.486031,-0.065045,-0.20226,-0.35581,-0.197771,-0.379414,-0.410646,-0.492803,-0.549264,-0.150826,-0.20654,-0.441847,-0.188875,-0.41514,-0.14692,-0.330126,0.079648,-0.075975,-0.305364,-0.282804,-0.339883,-0.334946,-0.097021,-0.065782,-0.174379,-0.287673,-0.128655,0.099686,-0.43488,-0.423566,-0.008693,-0.372002,-0.128279,-0.022709,0.20307,-0.291058,-0.316552,-0.329102,-0.216569,-0.416031,-0.216571,-0.230951,0.139121,0.173659,-0.311732,-0.227284,-0.261108,-0.401917,-0.427383,-0.005673,-0.245255,-0.35245,0.212333,-0.105938,0.026843,-0.356282,-0.245812,0.034356,-0.205229,-0.397143,-0.384037,-0.199991,-0.206675,0.442461,-0.312721,-0.303391,-0.254814,-0.265166,-0.118208,-0.227432,0.01897,-0.420117,0.067461,0.257853,-0.273477,-0.255648,-0.012261,-0.284574,-0.042439,-0.119469,0.008712,0.180964,0.042415,-0.060863,-0.50472,-0.132457,0.176105,-0.067157,-0.17624,-0.156143,0.32718,-0.401973,0.021998,0.214667,0.44562,-0.528339,0.467872,0.125473,-0.013503,0.243474,0.316649,-0.329816,0.07153,0.038181,-0.170522,0.238725,-0.306745,0.119948,0.337448,0.032374,-0.235504,-0.097212,0.106519,-0.204658,-0.156105,0.297427,#
7,-0.190732,0.106053,-0.068195,-0.203891,-0.011913,0.356039,0.278081,1.0,-0.074204,0.361327,-0.25105,-0.058746,0.470357,0.228368,0.280476,0.040321,0.049564,0.217549,0.100899,-0.082808,0.124936,0.24216,0.049653,0.107516,-0.015922,-0.069603,-0.068057,-0.249678,0.056204,0.233936,-0.209711,-0.149171,0.086236,0.079814,-0.29954,-0.034921,-0.082959,-0.052237,-0.00439,-0.279299,0.077116,0.115749,0.016321,-0.234845,-0.02051,-0.363211,0.17716,-0.190938,0.041949,0.024593,-0.195058,-0.084688,0.124592,-0.096102,0.233296,0.190102,0.03683,-0.245571,-0.213617,0.089997,0.135139,-0.113983,-0.169181,0.198791,-0.01988,0.368418,0.021517,0.175385,-0.084855,-0.017603,0.244479,0.247043,-0.373736,-0.078597,0.045456,0.027786,0.051209,0.112553,0.054363,-0.031094,-0.000928,-0.410461,-0.266877,-0.039046,-0.192351,-0.057765,0.013101,-0.043968,0.223717,0.092427,0.056042,-0.342089,-0.170257,0.140045,-0.03043,-0.005314,-0.099639,0.034817,0.136788,-0.508182,-0.097555,0.095936,-0.119897,-0.014908,-0.22448,0.036425,-0.376361,-0.170379,-0.025697,-0.235943,0.038467,0.172139,-0.165195,-0.090791,-0.052677,-0.044392,-0.023763,0.006238,0.101498,-0.226078,0.063029,-0.660325,-0.09888,-0.112053,-0.216915,-0.135079,0.061938,0.01621,-0.211549,-0.010953,-0.197514,0.117237,-0.151617,-0.118873,-0.161928,0.038848,0.228143,-0.249634,-0.023755,-0.274548,-0.175741,-0.1696,-0.354643,-0.083833,-0.220028,-0.129686,-0.091341,0.121528,-0.062036,-0.079128,-0.146951,-0.092597,-0.088383,-0.236734,-0.016706,-0.548356,0.081433,0.276134,-0.218106,-0.064134,-0.095399,0.013535,-0.198839,0.154972,0.390451,0.110502,-0.211533,0.041195,-0.074919,0.268369,-0.135142,-0.070997,-0.20086,-0.098102,0.370466,-0.299551,0.013412,-0.070384,0.342072,-0.211522,0.227466,0.278295,0.024959,-0.196107,0.165222,-0.09327,-0.024984,-0.166233,-0.352815,0.246186,-0.197657,-0.240632,0.195223,-0.009428,-0.030736,-0.033725,0.021341,0.042358,-0.20621,0.175188,#
8,0.05926,-0.178103,0.097728,-0.172587,0.01807,0.103512,0.264433,-0.074204,1.0,0.172494,0.098427,0.160185,-0.034359,0.10134,0.10775,-0.108869,-0.293077,0.120561,0.008396,0.106427,-0.100085,0.211654,0.121102,0.030953,0.005252,0.201144,0.214373,0.285826,0.121437,-0.025164,-0.139104,-0.061268,0.013573,-0.047181,0.133276,-0.055073,-0.047243,-0.00608,0.236117,-0.127796,0.19908,0.039293,-0.091103,0.011256,0.121261,-0.030699,0.005418,0.199594,0.005781,-0.128748,-0.081733,-0.019855,0.071799,0.152913,0.20077,0.407091,-0.315619,-0.103505,-0.093788,0.149754,0.105008,0.021451,-0.082675,0.23535,0.051557,0.001718,-0.047714,0.206833,0.364061,0.018042,0.088222,0.121662,0.144885,0.103275,-0.209027,0.094594,-0.02489,-0.047425,-0.049947,-0.097104,0.002697,-0.032472,-0.230709,-0.063459,-0.206954,0.223658,-0.097219,-0.285449,-0.016966,-0.387439,0.147297,-0.12983,-0.15537,0.165439,-0.037329,0.150554,-0.050979,-0.187086,-0.36394,-0.148426,0.000916,0.180837,-0.008332,0.01807,0.03422,-0.286718,-0.038996,0.031741,-0.079663,-0.096437,-0.105738,-0.158089,-0.211112,-0.221743,0.230699,-0.137678,0.15339,-0.025543,0.066618,-0.058653,0.131818,-0.091667,0.12316,-0.165538,-0.068375,0.081991,0.287634,0.037065,-0.10124,0.054834,0.107609,-0.059614,-0.413075,-0.075392,-0.031247,0.085963,-0.044504,0.140296,-0.047708,0.018333,-0.040655,0.148715,-0.064835,-0.160275,-0.201421,-0.436154,-0.119982,-0.017183,-0.031797,-0.026322,0.148557,0.009417,0.042902,-0.140562,0.275659,-0.124787,0.187045,0.137217,-0.19665,-0.118153,-0.093592,0.079753,0.079166,-0.084702,-0.268649,-0.090386,0.088907,-0.132894,-0.257875,0.039596,-0.017831,-0.228366,0.077987,0.120131,0.275938,0.138624,0.052872,-0.011867,0.381348,-0.146029,0.30877,0.237484,-0.216815,0.015249,0.01959,0.137737,0.059074,0.193162,-0.276562,-0.16934,-0.107731,-0.026363,0.097917,-0.009193,-0.123336,0.188494,-0.103661,-0.236704,-0.012825,-0.024953,#
9,0.139511,0.264266,0.043159,-0.330723,-0.083628,0.068513,0.271068,0.361327,0.172494,1.0,-0.149391,-0.119797,0.407047,0.623478,0.2238,0.173657,-0.368322,0.303383,0.14637,0.259314,0.045839,0.230668,0.335934,0.132995,0.021906,-0.188999,-0.159188,-0.092494,0.180934,0.454222,0.054064,0.161205,0.313429,-0.15537,-0.080812,0.051684,0.198958,-0.025208,0.095603,-0.391087,0.331766,0.260528,-0.014684,-0.043083,0.103438,-0.54894,0.181816,0.20902,0.074463,0.129239,-0.169231,-0.175905,0.350795,-0.205493,0.26644,0.072127,-0.179535,-0.41735,-0.231787,0.192514,0.464996,0.058419,-0.473331,0.054061,-0.026415,0.226384,-0.040518,0.206189,-0.136494,0.117329,0.099813,0.37417,-0.204068,-0.093543,-0.184638,-0.053287,-0.073292,-0.19048,0.019627,0.19519,0.044193,-0.440439,-0.383088,0.209069,-0.369697,0.140729,-0.076876,-0.218213,0.122047,-0.250627,-0.080631,-0.121406,-0.312674,0.095919,-0.066218,0.126663,-0.420366,-0.125002,0.177219,-0.330356,-0.363454,-0.010219,-0.229141,-0.07045,0.000388,-0.192253,-0.368981,-0.372153,0.045205,-0.316429,0.285339,0.299162,-0.321248,-0.105936,-0.11976,-0.304865,-0.046038,-0.113362,0.40433,-0.444943,-0.22658,-0.336651,-0.047748,-0.189382,-0.325234,0.214781,0.359897,0.087793,-0.1703,-0.235877,0.026275,0.086286,-0.457137,-0.080198,-0.380589,-0.279363,-0.048369,-0.015718,0.123434,-0.302504,0.071064,-0.060872,-0.288088,-0.42154,-0.310364,-0.060716,-0.217297,0.153653,-0.270306,-0.21272,-0.316692,0.058209,-0.012686,-0.527224,4e-05,-0.427825,0.560038,0.352543,-0.131422,-0.270196,-0.113804,0.064822,-0.082087,0.116129,0.273017,0.394146,-0.067226,-0.093464,-0.120848,-0.074537,-0.170197,0.057857,-0.171687,-0.175019,0.39091,-0.329888,0.013981,-0.075796,0.599622,-0.402986,0.6022,0.271709,-0.544671,-0.136904,0.197469,-0.067406,0.410975,-0.004364,-0.539004,0.119595,-0.24677,-0.246815,0.092848,0.333708,-0.171916,0.005626,0.057112,-0.050365,0.344467,0.35506,#
10,0.215188,-0.030445,0.115194,-0.012834,0.246221,0.03186,0.122048,-0.25105,0.098427,-0.149391,1.0,-0.097575,-0.088985,-0.147623,-0.249024,-0.052757,-0.050876,-0.162298,0.066719,-0.090766,-0.143754,-0.203523,-0.025886,0.042681,0.143793,0.235837,-0.061596,0.192171,0.114436,-0.278791,0.064841,-0.031602,-0.22137,-0.4237,-0.011523,0.152713,0.118555,0.271231,-0.020602,0.232696,-0.229873,-0.385037,-0.050319,-0.044442,0.068637,0.074971,-0.332012,0.069999,0.024988,0.26261,0.138819,0.001187,0.100076,0.168857,0.032715,0.122114,-0.277896,0.199449,0.088016,-0.207356,-0.231302,-0.026724,0.029567,-0.069857,-0.019383,0.061565,0.231909,-0.007782,0.040856,-0.01446,0.149653,-0.172322,0.064106,0.105605,-0.050442,0.102967,-0.112702,-0.149411,-0.041533,-0.106654,0.020722,0.231272,-0.011015,0.172727,0.108459,-0.014125,0.063687,0.083163,-0.017183,0.001127,-0.043531,0.13912,-0.011918,0.013377,-0.001226,-0.026145,0.050156,-0.251375,0.046387,0.002588,0.120606,-0.143025,0.003348,-0.251692,0.002196,-0.131332,-0.048236,0.231524,-0.025622,0.29127,-0.174083,-0.118226,-0.262329,-0.158918,0.036889,0.044616,-0.284935,-0.017668,-0.225296,0.085457,-0.320374,0.260205,-0.025031,-0.263417,-0.150111,0.038939,-0.02264,0.041625,-0.057203,-0.26679,-0.059384,-0.234611,-0.002265,-0.131877,0.173152,-0.033576,0.091399,-0.031942,-0.192227,0.12185,-0.059912,0.204099,-0.021212,0.039213,0.211599,-0.057996,-0.096828,0.130516,0.160007,0.025788,0.347821,0.093608,-0.119639,0.019855,0.010151,0.001456,-0.34406,-0.062677,-0.04952,0.129964,-0.113553,-0.121146,-0.016544,0.055246,0.141278,-0.09174,0.129219,-0.19713,-0.116391,0.109748,0.172419,0.028794,0.238963,0.142384,-0.13119,0.153794,0.100721,0.054605,-0.103624,-0.041236,-0.162476,0.087957,0.019074,0.018155,0.117537,0.085303,0.013672,0.221313,0.205509,0.162216,0.164442,0.167826,0.245224,-0.227297,-0.035224,-0.06294,-0.016647,0.000347,-0.135524,-0.243158,#
11,-0.080491,0.000865,-0.097253,-0.126932,-0.097099,0.236896,0.080688,-0.058746,0.160185,-0.119797,-0.097575,1.0,-0.061956,0.078594,-0.101626,-0.091747,-0.089963,-0.036022,-0.028268,-0.110715,0.250795,-0.176834,-0.06981,0.017348,0.10585,-0.034428,0.02659,0.098981,-0.08377,-0.030849,-0.079054,-0.020171,-0.106948,0.069802,-0.111783,-0.023833,-0.046005,0.043617,0.076237,-0.095726,-0.174023,0.208702,-0.127538,-0.167578,-0.17634,0.24347,-0.08268,-0.10352,0.088012,0.070641,-0.196264,0.017733,-0.15747,0.342739,0.035619,0.020619,-0.340856,0.059648,-0.200282,-0.164322,-0.109589,-0.247097,0.094254,0.259803,0.083795,0.272356,-0.11555,0.05922,0.344467,-0.237558,-0.085354,-0.064112,0.072374,0.163681,-0.002388,-0.051388,-0.124139,0.137086,-0.151006,-0.04812,-0.259721,-0.191862,0.135783,-0.10666,-0.061283,-0.346361,-0.203058,-0.048021,0.030505,-0.033414,0.019329,-0.29302,-0.197347,-0.026467,-0.040159,-0.127194,-0.012455,0.026829,-0.204906,0.068074,0.173915,-0.052716,-0.202698,-0.015737,-0.150652,0.014581,-0.00685,0.145226,-0.042416,0.11392,0.00379,-0.14058,-0.213945,-0.168415,-0.038802,0.017742,0.001744,0.168954,-0.048199,0.044311,0.063024,-0.037818,-0.058379,-0.202354,0.045421,-0.104606,0.030509,-0.088037,0.035564,0.078074,-0.074712,-0.013228,-0.194269,0.031448,-0.119469,0.139582,0.066749,-0.135266,-0.116153,-0.2238,-0.155601,0.109254,0.116397,0.054603,0.099567,-0.142005,0.036074,-0.086541,-0.056621,0.009436,0.089485,0.244499,-0.141907,0.245185,0.1781,0.154883,-0.025258,0.08178,-0.02055,-0.277177,-0.108733,-0.135847,-0.002481,-0.147729,-0.334289,-0.03438,0.020087,0.066749,0.258846,-0.013772,0.161711,0.301103,0.00062,-0.134632,0.092912,0.028434,0.077787,0.217716,0.031828,0.284854,-0.013386,-0.107158,0.015356,-0.069791,0.257541,0.319585,-0.13427,0.087089,0.183813,0.044037,0.088389,0.382367,0.000613,0.050693,-0.136292,-0.079051,0.120226,-0.258618,-0.070775,-0.095869,#
12,0.176222,0.159484,0.029485,-0.39972,0.03717,0.081317,0.317918,0.470357,-0.034359,0.407047,-0.088985,-0.061956,1.0,0.560485,0.123444,0.195482,-0.110728,0.275268,0.201273,0.153778,0.03624,0.098807,0.378105,0.109568,-0.073722,-0.385585,-0.102349,-0.08152,0.198454,0.290857,-0.076684,-0.024354,0.055595,0.052619,-0.268057,0.22675,0.16344,-0.085002,-0.086896,-0.010429,-0.025404,0.135281,0.096869,-0.249122,-0.129677,-0.518753,0.286031,0.032097,0.03995,0.147773,0.031644,-0.183599,0.106509,-0.134889,0.114749,0.04819,0.004672,-0.369132,-0.064824,-0.007206,0.40065,-0.068452,-0.220416,0.214699,0.086684,0.163788,-0.133626,0.147128,0.093184,0.031501,0.133595,0.123517,-0.391044,-0.344161,-0.20907,0.058022,-0.200001,-0.1192,-0.083345,-0.063421,-0.077518,-0.344613,-0.324005,-0.210733,-0.251022,0.030667,-0.128317,-0.038118,0.002385,-0.037436,-0.252054,-0.242593,-0.421944,0.000621,-0.188356,-0.181213,-0.271643,-0.168709,-0.037855,-0.496951,-0.104846,-0.309569,-0.264491,-0.045752,-0.188138,-0.068239,-0.365675,-0.277433,-0.021558,-0.281228,0.088496,0.024405,-0.304618,-0.222323,-0.052293,-0.24355,-0.024956,-0.04699,0.073009,-0.302642,-0.065426,-0.449992,-0.291576,-0.306601,-0.323478,-0.122167,0.222964,0.206729,-0.246955,-0.261678,-0.177352,0.001203,-0.38217,0.05093,-0.076866,-0.164554,0.179893,-0.291908,-0.101698,-0.322806,-0.257627,0.013243,-0.236169,-0.324153,-0.283341,0.10468,-0.168515,0.342071,-0.235033,-0.177323,-0.375705,-0.144269,-0.062332,-0.264859,-0.020874,-0.476319,0.247736,0.213404,-0.192244,-0.267116,0.031505,-0.148391,-0.053678,0.194605,0.351032,0.231006,-0.020494,0.177469,-0.184875,0.047822,-0.115345,-0.092757,-0.402466,-0.15916,0.227225,-0.264336,-0.111049,0.132448,0.279574,-0.477839,0.218903,0.186083,0.049221,-0.15209,0.203019,-0.178198,0.130997,0.033849,-0.304093,0.420625,-0.266644,-0.140114,0.263867,0.196265,0.106842,0.10119,0.075017,0.033944,0.145843,0.297226,#
13,0.305847,0.173118,0.015142,-0.450652,-0.280494,0.148251,0.380617,0.228368,0.10134,0.623478,-0.147623,0.078594,0.560485,1.0,0.221864,0.188433,-0.3121,0.134583,0.308259,0.300865,0.224525,0.16883,0.334036,0.111243,-0.028406,-0.228684,0.19962,0.021301,0.34566,0.376669,0.15749,0.290768,0.081593,-0.025495,-0.259577,0.042148,0.182536,0.02269,0.074726,-0.327511,0.145015,0.459393,-0.012244,-0.066935,0.010136,-0.611814,0.304999,0.118387,-0.148177,0.07744,-0.029219,-0.22686,0.219185,-0.388006,0.051416,0.029407,-0.075022,-0.419218,-0.16379,-0.044152,0.688929,0.099945,-0.401412,0.133452,0.113841,0.3578,-0.262494,0.221288,-0.046951,-0.066244,-0.155701,0.370172,-0.206814,-0.276134,-0.311868,0.082815,-0.263286,-0.115699,-0.1579,0.079518,-0.02949,-0.501874,-0.41382,-0.029534,-0.369255,0.13373,-0.17951,-0.118257,0.034417,-0.276249,-0.255491,-0.180919,-0.420567,-0.021416,-0.093233,-0.142155,-0.4098,-0.186235,0.00938,-0.396746,-0.218309,-0.240755,-0.354596,-0.300533,-0.12987,-0.182048,-0.262494,-0.339457,0.036297,-0.321094,0.104303,0.221233,-0.488161,-0.130809,0.103489,-0.239093,-0.310064,-0.15986,0.394865,-0.396946,-0.08891,-0.331288,-0.017124,-0.365765,-0.356344,-0.01444,0.132102,-0.017369,-0.283698,-0.315627,-0.179639,-0.070917,-0.354998,-0.106546,-0.300827,-0.336244,0.145015,-0.22535,0.15478,-0.56399,-0.079454,0.149829,-0.02586,-0.374002,-0.450145,-0.012465,0.052941,0.292141,-0.428069,-0.122032,-0.25271,0.056492,-0.018931,-0.35162,-0.101521,-0.316747,0.49744,0.207187,-0.139601,-0.429128,0.057815,-0.084727,0.002381,-0.184356,0.1134,0.388444,-0.120036,0.123316,-0.204518,-0.0857,-0.254734,-0.048004,-0.291078,-0.2689,0.264032,-0.245626,-0.02048,0.072846,0.472989,-0.424128,0.414722,0.007183,-0.2979,-0.017879,0.303476,0.001567,0.12483,0.078295,-0.395701,0.241021,-0.269435,-0.132043,0.088855,0.262974,-0.082427,-0.11751,0.086827,-0.186252,0.227978,0.334866,#
14,-0.082656,0.16794,-0.221363,-0.036769,-0.1966,0.126409,-0.037678,0.280476,0.10775,0.2238,-0.249024,-0.101626,0.123444,0.221864,1.0,-0.114519,-0.114392,0.108942,0.253042,0.155106,0.326592,0.077819,0.104352,0.215497,-0.138786,0.034164,0.221279,0.092635,0.118089,0.08193,0.006151,0.233113,0.102148,0.180727,-0.283911,-0.232884,-0.087088,0.058963,-0.114292,-0.164851,0.129961,0.344479,-0.022393,0.200776,0.362364,-0.304628,0.107852,0.076723,0.206311,-0.091611,0.075605,0.050371,0.185425,-0.132985,-0.031425,0.290743,0.202561,-0.275945,-0.093352,0.137636,0.258963,-0.032817,-0.22084,0.176567,0.153248,0.02728,-0.098058,-0.117407,0.0547,0.101911,0.155139,0.070154,0.096968,-0.001858,-0.070461,-0.086571,-0.030956,0.235614,-0.095807,0.262577,0.185224,-0.219667,-0.077616,0.024929,-0.043992,0.28273,0.188215,0.056744,0.112182,-0.239074,0.04928,0.06025,0.083681,0.149604,0.058222,0.111905,-0.24094,-0.028045,0.047158,-0.287948,-0.115941,0.116592,-0.024191,-0.226276,-0.099503,-0.043763,-0.312898,-0.011974,-0.012695,0.01935,0.045107,0.173017,-0.028981,0.14233,0.182795,-0.046848,-0.185236,-0.068854,0.216044,-0.384212,0.187394,-0.326953,0.008094,0.013438,-0.250844,-0.220426,-0.023766,0.192453,-0.212367,0.047733,-0.013802,0.173897,-0.137477,-0.216529,-0.088344,0.02901,-0.006528,0.183373,0.030778,-0.176969,-0.109605,-0.044156,-0.137156,0.140298,-0.103653,-0.05513,-0.015312,-0.1078,-0.10069,0.122322,-0.110918,-0.179328,0.181508,0.072142,-0.239032,-0.057097,0.356203,0.034345,-0.14419,0.121248,0.071241,0.113789,0.027221,-0.055351,-0.014337,0.275019,0.118721,-0.102185,-0.119164,-0.020201,-0.329184,-0.087733,-0.154376,0.2228,0.091771,-0.175988,-0.050556,-0.100451,0.323586,-0.116048,0.1476,0.194105,-0.11507,0.013907,0.039822,-0.061521,0.31561,-0.072264,-0.077578,-0.037762,-0.043891,-0.185059,0.079333,0.132973,-0.09657,-0.000141,0.007358,-0.176368,0.082639,-0.109235,#
15,0.11509,0.064617,-0.041317,-0.156331,-0.025429,0.096305,0.216083,0.040321,-0.108869,0.173657,-0.052757,-0.091747,0.195482,0.188433,-0.114519,1.0,0.09162,0.308829,0.06817,0.175383,-0.209998,-0.009066,0.24866,-0.104523,-0.082084,-0.129795,-0.069698,-0.04473,0.247344,0.141786,0.230018,-0.00934,0.170119,-0.112254,0.076541,0.063591,0.374747,-0.030548,0.086662,-0.025996,0.128732,0.024081,0.230239,0.058831,-0.094154,-0.201362,0.130385,-0.003361,0.039987,0.179866,0.110443,-0.019556,-0.022136,-0.073049,0.246431,-0.092206,-0.013545,-0.311334,0.00631,0.059685,0.127999,0.08827,-0.164307,0.144284,-0.003849,0.049481,-0.057249,0.137257,-0.355974,0.043099,-0.066274,0.274096,-0.011793,-0.21758,0.060554,0.275783,0.029123,-0.201091,0.244069,-0.022541,0.113718,-0.020812,-0.181831,0.171477,0.027302,-0.194758,-0.135532,-0.249155,-0.105776,0.067735,-0.071835,0.085393,-0.275006,0.204463,-0.022509,-0.190756,0.004624,-0.181587,0.0998,0.050254,-0.087734,-0.010554,-0.282955,0.171299,0.009572,-0.079392,0.007339,0.027734,0.02188,-0.084617,0.033223,0.092129,-0.142701,-0.104238,-0.060243,0.047134,-0.002338,-0.222531,0.118453,-0.189496,-0.142007,-0.033656,-0.280218,-0.164136,-0.054504,0.009147,-0.150754,0.165591,-0.137978,-0.236555,-0.090872,0.013014,0.001855,0.1897,-0.134561,-0.169101,-0.01965,-0.232761,-0.000916,-0.31313,0.032739,0.148312,-0.157708,-0.268719,-0.11267,0.184723,0.264153,0.273924,-0.169663,-0.362119,-0.119853,-0.10898,0.082561,0.036968,-0.023991,-0.050039,0.121127,0.286976,-0.156999,-0.254277,0.284272,-0.171978,-0.022607,-0.071719,0.151847,0.113242,-0.149829,0.183384,-0.133799,-0.037749,0.211296,0.129888,0.036625,-0.252243,-0.028507,-0.076935,-0.117776,0.161811,0.063096,-0.308191,0.270326,-0.130211,-0.217719,0.222383,0.136374,-0.154036,0.160136,0.019289,-0.140178,0.015475,-0.114741,-0.139714,0.06376,0.100474,-0.127246,-0.072381,0.154777,-0.014025,0.251827,0.348833,#
16,-0.181444,-0.036931,-0.230054,0.133734,0.235885,0.17658,0.037646,0.049564,-0.293077,-0.368322,-0.050876,-0.089963,-0.110728,-0.3121,-0.114392,0.09162,1.0,-0.00811,-0.026109,-0.08988,-0.115787,-0.257595,-0.097853,-0.304411,-0.366374,0.068298,-0.247708,-0.126253,-0.010395,-0.204857,-0.24911,-0.075059,0.085511,0.179532,0.07723,0.142216,-0.189821,-0.225166,-0.179145,0.34456,-0.214066,-0.284564,0.022028,0.140681,-0.167332,0.194426,-0.164476,-0.482861,0.090309,0.190099,0.21373,0.022159,-0.196283,0.087694,0.217413,0.009584,0.287134,0.081638,0.184548,-0.24138,-0.281494,0.083616,0.271443,-0.065904,-0.24895,0.008143,0.114638,-0.031149,-0.272145,-0.292626,-0.217423,-0.33826,-0.116492,-0.118059,0.055436,-0.043804,0.110496,-0.135723,0.091587,-0.008359,-0.132866,0.231995,0.245453,-0.167398,0.11037,-0.121297,0.015966,0.020736,-0.199493,0.08294,-0.000475,0.100387,-0.101963,-0.092892,0.070131,-0.097407,0.122755,-0.100847,-0.103207,0.137027,0.020293,0.083919,0.12937,0.075201,-0.091375,-0.082017,0.160768,-0.035725,0.029719,0.067731,-0.248059,-0.037799,0.218651,0.16194,-0.311296,0.069377,0.111992,0.090468,-0.245846,0.0349,-0.13831,-0.012611,-0.300806,-0.109797,0.119406,-0.266653,-0.402535,-0.20501,0.073554,-0.046903,-0.159325,-0.235125,0.193587,0.027648,0.109826,0.003263,0.301445,-0.234862,-0.244827,0.020719,-0.075095,-0.198989,-0.068099,0.342331,0.040549,-0.050664,0.119127,-0.007348,-0.006587,-0.080333,0.014902,-0.195513,-0.036099,0.050442,-0.145091,-0.05095,-0.265897,-0.017693,-0.079239,0.24348,-0.118416,-0.081096,0.069825,-0.198347,-0.188364,-0.075884,0.039426,-0.164958,-0.01553,0.057885,0.066093,0.116453,-0.053937,-0.098931,-0.144101,-0.007944,-0.111502,-0.010129,-0.222618,0.073285,-0.292156,0.012856,0.53742,0.070912,-0.050109,-0.211902,-0.131847,0.092143,0.27779,-0.185174,0.079514,0.213859,-0.161157,-0.320514,-0.021431,-0.080421,0.137057,0.070003,-0.35137,-0.020218,#
17,-0.353968,0.097705,0.20131,0.112999,-0.1163,-0.006759,0.195547,0.217549,0.120561,0.303383,-0.162298,-0.036022,0.275268,0.134583,0.108942,0.308829,-0.00811,1.0,-0.07509,0.388799,-0.215917,-0.043698,0.091648,0.082106,0.135876,0.207223,0.072452,-0.043025,0.081501,0.026151,0.05549,-0.191397,-0.023774,0.062917,-0.089995,0.00331,-0.010088,0.002639,0.163796,-0.230041,0.030026,-0.042944,0.113615,0.04812,0.035567,-0.161607,0.001513,0.212226,0.158622,0.014108,-0.070003,0.009612,-0.009824,0.097435,0.139279,0.035235,0.144858,-0.271656,-0.109499,0.04217,0.071832,-0.247799,-0.208895,0.136777,0.065408,0.028897,0.076372,0.128861,-0.011768,0.256968,0.235205,0.2545,-0.159679,-0.173457,-0.028199,-0.064798,0.143892,-0.069344,0.11166,-0.007842,0.04381,-0.110512,-0.227062,0.333933,-0.314141,0.13443,0.034418,-0.203166,-0.156028,-0.001309,-0.080396,-0.014258,-0.21393,0.225606,-0.125274,0.066642,0.043164,-0.149953,0.120774,-0.071174,-0.433805,-0.002408,-0.046915,0.221521,-0.094219,-0.085666,0.095176,-0.204314,0.062154,-0.041386,0.156883,-0.047895,0.030927,-0.082454,-0.026225,-0.112907,0.066795,-0.104745,0.271227,-0.249149,-0.036933,-0.245034,-0.24991,-0.145941,-0.125559,0.058703,0.018927,0.163505,-0.214242,-0.069206,0.088737,0.18642,-0.225562,0.034308,-0.015136,-0.025772,0.114642,-0.044639,-0.099949,-0.152324,-0.078724,-0.01312,0.034105,-0.229081,-0.117812,-0.024395,-0.171221,0.392951,0.069246,-0.127309,-0.209294,0.059645,0.145486,-0.167477,-0.010729,-0.158559,0.066568,0.382825,0.012239,-0.127294,0.067798,0.199891,-0.175143,0.243956,0.126869,0.200509,0.016328,-0.08484,-0.091002,0.183692,0.017467,-0.072228,-0.009217,-0.106741,0.116785,-0.102085,-0.071215,-0.013396,0.095164,-0.174487,0.332008,0.048416,-0.117223,-0.058539,0.159588,-0.23643,0.241008,0.267671,-0.348412,-0.030748,-0.020348,-0.315237,-0.075361,0.152196,-0.196163,-0.120009,0.144379,0.041802,0.127017,0.220989,#
18,0.368615,0.293804,0.006119,-0.193743,-0.070269,0.228408,0.318981,0.100899,0.008396,0.14637,0.066719,-0.028268,0.201273,0.308259,0.253042,0.06817,-0.026109,-0.07509,1.0,0.024638,0.147384,0.156355,0.163789,0.03816,-0.020725,-0.040631,0.000759,0.159342,0.216792,0.179395,-0.220935,0.1856,-0.011329,-0.041071,-0.087652,0.113992,-0.062764,0.066063,-0.219363,0.100746,0.193293,0.204478,0.005056,0.044271,0.242713,-0.159342,0.112783,-0.135981,-0.121324,0.126546,0.164619,0.02607,0.238659,-0.236712,0.02635,0.145376,-0.017158,-0.309979,0.0138,-0.234075,0.319562,-0.137482,-0.160096,0.158194,-0.086816,0.221839,-0.234452,0.000673,-0.011035,-0.136041,-0.114598,0.078724,-0.150848,-0.223414,-0.213273,-0.022004,-0.171762,-0.147822,-0.216454,0.106749,0.199069,-0.163444,-0.109834,-0.310743,-0.02691,-0.056936,0.000861,-0.089679,-0.049488,-0.169687,-0.302735,-0.232206,-0.048888,-0.28589,0.161801,-0.13903,-0.170511,-0.228921,-0.101453,-0.163482,0.157898,0.062123,-0.096979,-0.48015,-0.210088,0.060362,-0.348292,-0.128794,-0.109135,-0.005001,-0.075725,0.192482,-0.192266,-0.100038,0.183986,0.156672,-0.084882,0.041303,0.200526,-0.240103,-0.112419,-0.067223,-0.079268,-0.224582,-0.323826,-0.016422,0.129662,-0.069743,-0.03876,-0.085093,-0.260188,-0.144829,-0.008059,-0.00817,-0.146466,-0.094756,-0.030648,0.038153,0.047287,-0.20462,-0.355756,0.019599,-0.144289,-0.05009,-0.136091,-0.045843,-0.069994,0.146736,-0.369601,-0.032982,-0.197324,-0.132676,-0.015176,-0.130526,0.099571,-0.193112,0.117348,-0.016429,-0.273247,-0.097767,0.047009,0.03301,-0.063874,-0.249211,-0.002613,0.114573,0.272101,0.1008,-0.153488,-0.138795,-0.060315,0.049729,-0.007158,0.098759,0.182237,-0.062157,-0.009581,0.072053,0.381083,-0.220088,-0.08785,0.080189,0.103963,0.158167,0.205833,-0.015,0.455023,0.050388,0.043112,0.123838,-0.128741,0.027468,0.191751,0.083643,-0.095664,-0.122726,0.16006,-0.118374,-0.055556,0.033063,#
19,-0.11728,0.011892,0.054935,-0.183771,-0.162726,-0.159317,0.053994,-0.082808,0.106427,0.259314,-0.090766,-0.110715,0.153778,0.300865,0.155106,0.175383,-0.08988,0.388799,0.024638,1.0,0.030011,0.120572,0.138076,0.108438,-0.180017,-0.096013,0.141568,-0.090481,0.130327,-0.171549,0.205138,0.316148,0.298287,0.238678,-0.099707,-0.236807,0.211506,0.185317,-0.076759,-0.094384,0.218371,0.064668,-0.026272,-0.11019,-0.012864,-0.355006,0.141483,0.324747,0.079965,-0.250727,-0.031511,-0.203047,0.350515,-0.213323,-0.133629,0.008268,-0.040597,-0.241297,0.250743,-0.116321,0.290659,0.019021,-0.31264,-0.091571,0.079734,0.040097,-0.090105,-0.101346,0.062128,0.309479,-0.026853,0.232563,0.213943,-0.305033,-0.142555,-0.361145,0.238948,0.115108,0.392261,0.147695,0.306705,0.099514,-0.085559,0.037653,0.103149,0.509735,0.004691,-0.296128,-0.002133,-0.109508,0.015886,0.433478,-0.023739,0.123711,-0.017331,0.151249,-0.032169,0.000991,0.037415,-0.016259,-0.482975,0.093115,0.025037,0.08199,0.392312,0.017961,0.067989,-0.204682,0.30272,-0.305156,0.160848,-0.098965,0.042589,0.11347,0.121527,-0.112696,-0.022695,-0.03546,0.241939,-0.310132,0.037769,-0.176946,-0.091323,-0.062489,-0.16005,0.266459,0.247169,0.215884,0.205917,0.25401,0.435286,0.019527,0.029408,0.014199,0.314644,0.035544,0.123484,0.107808,0.096668,0.134777,0.10423,0.213077,-0.038683,-0.204483,-0.073444,0.138432,0.091796,-0.032851,-0.045672,-0.000463,-0.047188,0.091102,0.242984,-0.111352,-0.04823,0.082789,0.352475,0.010075,-0.148256,-0.212834,0.270321,0.122423,0.213021,0.012622,-0.006331,0.233543,0.292841,-0.047569,-0.089281,0.146104,-0.418722,-0.20863,-0.108076,-0.050094,-0.210525,-0.062801,0.106032,-0.200941,0.19248,-0.091018,0.214653,-0.075879,-0.323313,0.027043,-0.210739,-0.38085,0.366321,0.292079,-0.376564,-0.106228,0.047776,-0.310594,-0.264205,0.081913,0.163213,-0.261611,-0.238953,-0.040405,0.391825,0.024889,#
20,0.185783,0.207829,-0.147313,-0.007459,-0.30613,0.100428,-0.058395,0.124936,-0.100085,0.045839,-0.143754,0.250795,0.03624,0.224525,0.326592,-0.209998,-0.115787,-0.215917,0.147384,0.030011,1.0,0.055503,-0.071947,-0.104101,-0.026253,-0.134255,0.053295,-0.124404,-0.14624,-0.056617,0.071531,0.157828,0.241957,0.161022,-0.411546,-0.311183,0.008467,-0.128036,0.053582,-0.234359,0.172526,0.30721,-0.287142,-0.010734,0.121355,-0.185919,0.092221,-0.027962,0.030592,-0.141547,-0.275446,0.015925,0.363713,0.047855,-0.092076,0.025065,-0.056528,-0.088848,-0.355079,0.10945,0.085269,0.028825,0.020836,0.018198,0.237877,0.089199,-0.383852,-0.031783,0.098995,-0.098911,-0.207928,0.132616,-0.046337,0.049254,-0.264858,-0.263807,-0.069181,0.275228,0.031096,0.215996,0.087722,-0.242763,0.105345,-0.175965,0.138454,0.007057,-0.078062,0.22382,0.315724,-0.057204,-0.025831,0.056442,0.02323,-0.011145,0.162687,0.06983,-0.275936,-0.011289,0.06822,-0.115087,0.185508,0.197502,-0.038213,-0.045997,-0.045092,-0.025926,0.04667,0.025991,-0.098358,-0.051682,0.084757,0.029688,-0.257603,0.076721,0.251612,0.158499,-0.034757,-0.015587,-0.063266,-0.108982,0.163742,-0.164662,-0.086805,0.100402,-0.14536,-0.202751,0.041598,-0.283529,-0.242758,0.053678,0.105837,0.030408,-0.007799,0.027151,-0.013699,0.216827,0.057782,0.145175,0.225894,-0.191849,-0.103506,0.140486,0.092913,0.139653,-0.12172,-0.203291,0.028516,-0.187065,-0.10174,0.112173,0.149196,0.003546,-0.055734,-0.01529,0.068466,0.038874,0.307739,-0.095317,-0.197783,-0.00812,0.00304,-0.059819,0.205538,-0.315271,-0.143658,-0.027307,0.082705,0.103506,0.149477,-0.20873,-0.171178,0.153135,-0.183011,-0.015937,0.042432,-0.104299,-0.038304,-0.326061,0.131435,0.173261,-0.168985,-0.088908,0.052076,-0.03495,0.008527,0.068924,-0.014491,-0.159547,-0.118051,0.219963,-0.093387,-0.014534,-0.108052,0.020181,0.035997,-0.160857,0.055893,-0.43866,-0.177452,-0.045059,#
