0,1.0,0.128764,-0.290564,-0.140141,0.239893,0.213532,0.113196,0.064675,-0.301198,0.151676,0.021168,0.009316,0.305076,0.227548,0.045353,0.136448,-0.109828,-0.374497,0.126534,-0.182794,0.20107,0.150999,0.179967,-0.217286,0.006455,-0.344273,-0.171743,-0.248879,0.258828,0.092366,0.070827,-0.133167,0.199788,-0.235764,-0.026959,0.121172,0.139291,-0.118636,0.006908,-0.13488,0.07818,0.247167,-0.141575,0.071544,-0.108248,-0.023879,-0.00754,0.056198,-0.078693,-5.1e-05,0.012666,-0.203657,0.125967,0.040832,0.35744,0.075958,-0.150402,-0.011456,-0.157541,0.212221,0.437346,0.241661,-0.080031,0.137705,-0.129477,0.058696,-0.19037,0.312302,-0.088556,-0.284116,-0.002747,-0.037052,-0.273621,-0.133477,-0.426386,0.324733,-0.180768,-0.111652,-0.362087,0.013145,-0.093285,-0.439423,-0.026301,-0.036657,-0.115042,-0.217483,-0.121388,0.004784,-0.173202,-0.349432,-0.200648,-0.326388,-0.089072,-0.224972,-0.030605,-0.226777,-0.362779,-0.110004,-0.108412,0.095804,0.216564,-0.049938,-0.215318,-0.24655,-0.082201,-0.283451,0.001242,0.04166,-0.247455,-0.10178,0.124774,0.216175,-0.318371,-0.192504,0.014952,0.088524,-0.276236,-0.291474,-0.111329,-0.032225,-0.267886,0.008543,0.081228,-0.275949,-0.092655,-0.082895,-0.143947,0.028713,-0.169479,0.043841,-0.243041,-0.327727,-0.227628,0.052431,-0.451118,-0.126146,-0.14257,-0.158446,0.27268,-0.336639,-0.166199,0.023555,-0.058282,0.040344,-0.083967,-0.100976,-0.105947,0.134165,-0.225498,-0.410453,-0.047873,-0.207718,-0.274431,-0.273994,0.200267,-0.112418,0.244999,0.117172,-0.258369,-0.228936,-0.001568,-0.318002,-0.121188,-0.138252,-0.095797,-0.041194,-0.157286,-0.024882,-0.198068,-0.369147,0.091427,0.159035,-0.150085,0.094019,0.109629,-0.214735,-0.09015,0.015144,0.122155,-0.051975,0.080178,-0.141688,-0.006505,0.382804,0.264668,-0.037102,0.21003,-0.196584,-0.076132,0.239778,-0.111021,0.16159,0.311058,-0.079199,-0.156919,0.165448,0.121191,-0.299341,-0.10782,0.177646,#
1,0.128764,1.0,0.110428,-0.197204,-0.055762,0.094716,0.308694,0.185984,-0.000898,0.351547,-0.187569,-0.096723,0.225406,0.374013,0.38533,0.002788,-0.081185,0.285571,0.296688,0.069439,0.016674,0.164528,0.310916,-0.011128,0.017149,-0.174853,-0.059536,-0.035913,-0.122764,0.085968,-0.161048,0.153004,0.306934,-0.114344,-0.232513,0.188196,0.21181,-0.18025,0.078615,0.025193,0.059384,0.336633,-0.067219,0.097716,0.378516,-0.292846,0.202162,-0.160912,0.190423,0.235445,0.090079,-0.158553,0.08821,-0.287122,-0.028298,-0.182236,-0.059328,-0.476894,-0.292895,-0.26708,0.200314,0.168802,-0.301987,-0.053072,0.213409,0.169232,-0.044251,-0.081403,0.160809,-0.139643,0.103376,0.039314,-0.042583,-0.315226,-0.209127,0.12506,-0.230755,-0.391971,0.013309,0.061527,0.091493,-0.278562,-0.116792,0.023057,-0.21973,-0.091098,-0.167881,-0.120198,-0.031894,-0.202996,-0.100416,-0.147648,-0.254738,-0.095213,-0.101578,-0.062596,-0.01001,0.049341,0.313971,-0.067266,-0.066801,0.004321,-0.107249,-0.2342,-0.281032,-0.130876,-0.177114,-0.233678,-0.376297,-0.208031,0.197571,0.366716,-0.184458,0.056461,-0.061321,-0.029786,-0.112166,-0.284439,0.215014,-0.315532,-0.187078,-0.326716,-0.442069,-0.197651,-0.397888,-0.199969,0.284391,0.152053,-0.295536,0.013896,-0.047798,-0.002917,-0.254406,-0.1803,-0.211159,-0.255135,0.12577,-0.074051,-0.020627,-0.221514,-0.109104,-0.198489,-0.223837,-0.253572,-0.161307,-0.029181,-0.232046,0.309626,-0.07958,-0.165562,-0.283464,-0.274376,0.076356,-0.180904,-0.056209,-0.193666,0.28215,0.098886,-0.16395,-0.103407,-0.035242,0.062058,-0.040956,0.274114,0.043031,0.26673,0.099076,0.060564,-0.317093,-0.26852,-0.04947,0.092009,-0.114158,-0.112064,0.236012,-0.101338,0.016674,0.087946,0.329912,-0.48989,0.240086,0.012769,-0.270912,0.036456,0.102154,-0.153156,0.25289,-0.197215,-0.303414,0.295752,-0.015398,0.096036,0.109924,0.330142,-0.131141,-0.075449,0.092977,-0.005102,0.288738,0.100175,#
2,-0.290564,0.110428,1.0,0.259582,-0.278341,-0.132244,0.10046,-0.05113,0.183787,-0.090278,0.002783,-0.148093,-0.209726,-0.047167,-0.09724,-0.073155,-0.233052,0.391147,-0.109354,0.145443,-0.056305,0.29428,-0.062885,0.085288,0.24664,0.116701,0.44755,0.109323,-0.06727,-0.163712,0.114186,0.143062,-0.169078,0.079188,-0.008991,0.057086,0.120903,0.077363,0.096156,-0.094927,0.191146,0.053031,0.165561,0.02365,0.030487,-0.176139,-0.067148,0.168592,0.122939,-0.132851,-0.090959,-0.001615,0.218553,-0.029,-0.295565,-0.172761,-0.084805,-0.241335,0.022076,0.008384,-0.244262,-0.160304,0.027025,-0.174961,0.055094,-0.166621,0.205791,0.058175,0.018951,0.334674,0.195649,0.161336,-0.023555,0.129207,0.221982,-0.185952,0.132652,-0.181758,0.094301,-0.081529,0.201764,0.092753,0.065294,0.213355,-0.029484,0.179389,0.014831,0.03259,0.162557,0.175654,0.099298,0.049771,0.11639,0.132861,0.062343,0.04685,0.376578,0.182317,0.172314,0.138027,-0.10892,0.097467,0.176654,0.134851,0.130671,0.23154,0.058243,0.097089,-0.258921,0.036258,0.245056,-0.042742,0.230914,0.163055,0.422179,-0.064443,-0.07914,-0.08206,0.039514,0.041574,0.188223,0.153183,-0.12325,-0.053735,0.100784,0.078894,0.160583,0.080928,-0.000338,0.210275,0.476748,0.030055,0.220289,0.00611,0.191515,0.209335,-0.086275,0.341353,0.167048,0.148448,-0.019281,0.000198,0.094773,-0.104036,-0.017995,0.088004,-0.11098,0.086699,0.316769,0.321138,0.086555,-0.124832,0.328689,0.09742,0.0676,0.186777,-0.109438,-0.001433,0.252927,0.206974,0.505673,0.152075,-0.006673,0.266647,0.04836,-0.371318,-0.010142,0.012334,0.089546,0.269332,-0.182382,-0.126936,-0.172238,0.123252,-0.217761,0.250693,0.145364,0.090777,-0.029719,-0.153778,0.046565,0.002638,-0.189813,-0.103315,-0.25738,0.245268,-0.078515,0.165763,-0.056919,-0.036937,0.207383,-0.20767,-0.181042,0.280027,-0.24197,0.048361,-0.19594,0.181485,0.225033,-0.027682,#
3,-0.140141,-0.197204,0.259582,1.0,-0.112267,-0.283882,-0.302469,-0.368226,-0.161512,-0.336284,0.078532,-0.174813,-0.347521,-0.388289,-0.267776,-0.205796,0.110357,0.073005,-0.109522,0.063566,0.116552,-0.009419,-0.328362,0.059091,0.105119,0.350665,0.198455,0.263838,-0.138897,-0.320905,0.254842,0.197595,-0.094352,0.03985,0.188965,-0.165987,-0.151843,0.054191,-0.100636,0.046416,0.020406,-0.205773,0.030919,0.158351,-0.028241,0.345238,-0.107134,0.050593,0.005982,-0.174655,-0.092726,0.31592,0.048217,0.070274,-0.163571,-0.141411,0.317062,0.197014,0.119531,0.104004,-0.367401,-0.118524,0.216989,-0.133517,-0.015477,-0.351846,0.076615,0.063611,-0.13563,0.00232,-0.076284,0.016245,0.125611,0.149392,0.046074,-0.12213,0.2252,0.219448,0.043554,-0.136752,0.140566,0.441721,0.30995,0.05119,0.295783,0.103342,0.274864,0.150133,0.101098,-0.005182,-0.007526,0.158855,0.345167,-0.168314,0.300561,0.099826,0.400182,0.047826,-0.044848,0.279537,0.044909,0.332058,0.495575,0.196598,0.265751,0.144861,0.263168,0.081112,0.068374,0.109234,-0.176431,-0.226204,0.165703,0.164388,0.220248,-0.02562,0.081423,0.094164,-0.188,0.406589,0.157247,0.403489,0.37555,0.189489,0.223199,0.165586,-0.169885,-0.239343,0.251823,0.267527,0.074465,0.127814,0.34981,0.113121,0.380433,0.264688,-0.043028,0.17952,-0.000353,0.471726,0.144311,0.050167,0.310445,0.188581,0.340164,0.169439,0.08243,-0.204207,0.343505,0.136931,0.149461,0.146051,0.080705,0.421383,0.129205,0.27199,-0.317541,-0.245408,0.321991,0.246356,-0.024554,0.144806,-0.104079,0.012491,-0.175007,-0.355058,0.255536,0.177121,0.228157,0.161289,-0.059774,-0.072802,0.235769,0.252567,-0.379687,0.382795,0.042325,-0.015733,-0.583435,0.281681,-0.405842,-0.044204,0.170549,-0.119103,-0.230935,0.119729,-0.19504,0.02491,0.42613,-0.265568,0.149721,-0.240018,-0.062957,-0.182203,-0.065887,0.013767,-0.176481,0.251057,0.005689,-0.326691,#
4,0.239893,-0.055762,-0.278341,-0.112267,1.0,-0.010436,-0.14878,0.110293,-0.106054,-0.1229,0.123722,-0.02811,0.153541,-0.099813,-0.064825,-0.088888,0.036999,-0.207623,0.08289,-0.147722,-0.297124,-0.180564,0.158306,0.006925,0.056561,-0.07456,-0.306464,-0.063967,-0.056356,0.01013,-0.17131,-0.286837,-0.066055,-0.111166,-0.151822,0.031105,-0.120173,-0.140101,0.034401,0.197181,0.035169,-0.338162,-0.145824,0.070264,-0.08631,0.245037,-0.237264,0.125086,0.013888,0.148468,0.138998,-0.129653,-0.016509,0.106371,0.236504,0.143648,-0.023835,0.191227,0.178579,-0.045931,0.045038,-0.088367,-0.207204,0.036871,-0.157913,0.305368,0.362038,-0.117204,0.182367,-0.114796,-0.125318,-0.132888,-0.114191,0.202211,-0.06035,0.214914,-0.136183,-0.232163,-0.229527,-0.098106,-0.223307,-0.103219,0.021734,0.036918,-0.003634,-0.177455,0.226544,0.057507,-0.105646,-0.304783,0.105468,-0.055801,0.107804,-0.20294,-0.090265,-0.025499,0.037623,-0.054906,-0.045329,0.208023,0.136795,-0.009673,0.049478,-0.192466,-0.030989,0.078687,-0.04953,0.037203,-0.095515,-0.102387,-0.019837,0.023639,0.124761,-0.136793,-0.12638,0.122104,-0.082802,0.164419,-0.074442,0.018765,-0.309128,-0.001707,0.334182,-0.063342,0.135151,0.058235,0.099409,0.059566,0.138593,0.116953,-0.203372,-0.187082,-0.021881,-0.234597,-0.162155,0.120623,-0.133082,-0.186866,-0.120312,0.018634,-0.092691,-0.188936,-0.246171,0.14502,-0.018731,-0.246085,-0.246172,0.047763,-0.024336,-0.227941,-0.057079,0.027315,-0.378731,-0.059524,-0.080139,-0.151799,0.013238,0.098824,-0.124581,0.050554,-0.21439,-0.193408,-0.222221,-0.030494,0.197004,0.021918,-0.089639,-0.069987,-0.228748,0.028323,-0.058824,-0.057567,0.0733,0.043206,0.092408,0.082018,0.072802,0.317553,0.19423,0.050663,-0.126564,0.007985,0.137217,0.186989,0.152662,-0.043822,0.089073,-0.276326,0.051868,-0.162122,-0.185114,0.05128,0.269681,-0.076962,-0.040374,0.04517,-0.010914,-0.045639,-0.172157,-0.024454,#
5,0.213532,0.094716,-0.132244,-0.283882,-0.010436,1.0,0.437303,0.188211,-0.039252,0.059764,0.124905,0.271892,0.11044,0.275368,0.139573,0.117774,0.205387,0.025385,0.07638,-0.052908,0.070688,0.157462,0.27256,0.019883,-0.174728,-0.16408,0.189451,-0.055519,0.074803,0.020279,-0.125054,0.020982,-0.047677,-0.08504,-0.083854,0.027549,0.11105,0.017957,-0.049513,-0.030603,-0.053854,0.325663,0.016204,0.010049,0.200769,-0.242639,0.091184,0.022243,-0.043573,0.067687,-0.008641,-0.10111,0.013193,-0.033717,0.196308,0.236371,-0.218886,-0.043684,-0.120907,-0.199844,0.295425,-0.078656,-0.224382,0.256468,-0.025962,0.379859,-0.146817,0.206284,0.099384,-0.133878,-0.096311,0.311705,-0.115932,-0.04752,-0.252718,0.21138,-0.38972,-0.192404,-0.285765,-0.055121,0.00317,-0.44479,-0.230267,-0.022724,-0.249868,-0.148773,-0.066755,-0.246548,-0.237492,-0.419402,-0.280213,-0.379294,-0.365168,-0.104881,-0.135954,-0.342998,-0.327951,-0.369147,-0.057062,-0.187867,-0.017518,-0.193448,-0.2733,-0.344715,-0.198643,-0.343685,-0.064653,-0.118301,-0.182471,-0.154583,0.048661,0.093982,-0.47701,-0.224447,-0.120298,-0.233396,-0.486431,-0.037423,0.286995,-0.245113,-0.209187,-0.346403,-0.017399,-0.416334,-0.174676,-0.14013,-0.148981,0.054889,-0.217716,-0.065779,-0.186603,-0.126364,-0.273109,0.01391,-0.4109,-0.06191,0.19307,-0.27777,0.047607,-0.560025,-0.201581,0.035439,-0.228665,-0.10701,-0.172414,-0.186462,0.056411,0.181122,-0.340702,0.00519,-0.161977,-0.061035,-0.107504,0.05514,-0.074763,-0.38298,0.020355,0.251365,-0.347525,-0.186698,0.043364,-0.210293,-0.114413,0.132335,-0.035745,0.264111,-0.075272,-0.017211,-0.085454,0.005166,0.228779,-0.264907,-0.235526,-0.211226,0.201658,-0.43038,-0.059092,0.073766,0.215096,-0.236972,0.254654,-0.037307,-0.053425,0.205846,0.486443,0.01749,0.024711,0.073366,-0.223362,0.080377,-0.082554,-0.011675,0.205908,-0.113822,-0.214548,-0.010312,0.283014,-0.158596,-0.226008,0.058216,#
6,0.113196,0.308694,0.10046,-0.302469,-0.14878,0.437303,1.0,0.418682,0.265023,0.389964,0.102053,0.103853,0.271375,0.178558,0.073278,0.158229,0.014328,0.050213,0.217632,-0.259513,-0.182688,0.273235,0.198676,-0.015687,0.025689,0.008885,0.238731,0.024168,0.31509,0.152835,-0.444234,-0.151247,-0.017738,-0.175459,0.113075,0.276411,-0.134837,-0.039502,0.217601,-0.139149,-0.070295,0.223933,-0.032008,-0.26588,0.057085,-0.271509,0.041692,-0.250029,-0.011826,0.297801,-0.080232,-0.082941,-0.10306,-0.055561,0.213742,0.015717,-0.094816,-0.289325,-0.314235,0.006441,0.246276,0.127242,-0.073911,0.295324,0.117077,0.249345,0.023441,0.101438,0.24667,-0.184647,0.220383,0.045168,-0.35678,-0.337061,-0.106134,0.309189,-0.183436,-0.275523,-0.114402,-0.072786,-0.280883,-0.381899,-0.426971,-0.119489,-0.256716,0.035708,-0.198668,-0.112676,-0.087744,-0.27041,-0.257592,-0.342193,-0.344555,-0.102387,0.009624,-0.268922,-0.063203,-0.210335,0.042094,-0.468389,-0.021477,-0.12269,-0.221582,-0.21879,-0.362677,-0.182122,-0.305321,-0.176501,-0.378722,-0.087854,-0.232629,0.199704,-0.34822,-0.368416,-0.198971,-0.265559,-0.044056,-0.056644,-0.021156,-0.088204,-0.091531,-0.229702,-0.189146,-0.45478,-0.263951,-0.251529,0.135498,0.305664,-0.306615,-0.265284,-0.249786,-0.402922,-0.594456,0.096122,-0.211268,-0.081388,0.066422,-0.21518,-0.169983,-0.419673,0.057826,0.031555,-0.229936,-0.229769,-0.250613,-0.244442,-0.179626,0.51451,-0.246861,-0.117776,-0.137005,-0.138642,0.074344,-0.254537,-0.08556,-0.438995,0.020792,0.210187,-0.208841,-0.152738,-0.145591,-0.044661,-0.121304,0.083842,0.007364,0.124633,-0.019679,0.118445,-0.256266,0.168042,0.383925,-0.034724,-0.222124,-0.182202,0.506833,-0.355902,0.196686,0.033253,0.286708,-0.501422,0.512374,0.200129,0.102775,0.057131,0.40973,-0.194726,-0.047203,0.107652,-0.22998,0.336683,-0.186664,0.150442,0.106391,0.193409,-0.246523,0.077185,0.162154,-0.168573,-0.214488,0.18503,#
7,0.064675,0.185984,-0.05113,-0.368226,0.110293,0.188211,0.418682,1.0,0.025494,0.278774,-0.093243,-0.010403,0.599091,0.43049,0.127249,0.210067,-0.139724,0.172291,0.120098,0.023466,0.033528,0.19706,0.025938,0.193737,0.089184,0.059725,-0.124487,-0.263988,0.235568,0.204127,-0.124148,-0.239536,0.224648,0.155055,-0.276984,0.185592,0.04115,0.042731,0.187029,-0.260127,-0.112789,0.196107,-0.054788,-0.031426,-0.283284,-0.415011,0.135002,-0.23598,-0.021874,-0.080068,-0.142894,0.007634,0.023431,-0.048098,0.161551,0.089745,-0.274384,-0.150965,-0.238237,0.007527,0.342975,0.074491,-0.166398,0.147444,-0.085652,0.411946,0.142248,0.163567,0.122959,-0.00742,0.34069,0.091225,-0.42424,-0.187675,0.003947,0.097898,0.008594,-0.026246,0.128578,-0.001282,-0.07689,-0.184045,-0.165199,0.050646,-0.204201,-0.031489,-0.030558,0.201804,0.079944,-0.053822,-0.018158,-0.111804,-0.170862,0.255152,-0.212921,0.118445,0.055682,0.068164,0.086017,-0.47484,0.114527,-0.00963,-0.162542,-0.162966,-0.067478,0.070812,-0.259963,-0.107367,-0.125949,-0.321004,-0.047146,0.251727,-0.159148,-0.215448,0.072012,0.123287,0.098769,-0.008311,0.064188,-0.154972,-0.181539,-0.523456,-0.091373,-0.11445,-0.157731,-0.031549,0.117494,0.056333,-0.218502,-0.008426,-0.160579,0.06627,-0.206615,-0.008009,-0.265459,-0.0916,0.239357,-0.314853,-0.093678,-0.204817,0.151897,0.031031,-0.076409,-0.023987,-0.186517,-0.13035,-0.014697,0.233841,-0.098234,-0.239952,-0.113208,0.06367,-0.098966,-0.192717,-0.085782,-0.329035,0.219717,0.040881,-0.124621,-0.113574,-0.061329,0.130471,-0.200389,-0.037812,0.237905,0.071796,0.187272,-0.083952,-0.089564,0.265529,0.043617,-0.052143,-0.175402,-0.058156,0.376884,-0.206359,0.249511,-0.183114,0.288866,-0.184824,0.336737,0.222497,-0.027442,-0.137564,0.275709,0.050702,0.161671,-0.093897,-0.218323,0.349953,-0.106237,-0.089504,0.181055,0.032036,-0.211349,-0.124616,0.129662,-0.03467,-0.024638,-0.021973,#
8,-0.301198,-0.000898,0.183787,-0.161512,-0.106054,-0.039252,0.265023,0.025494,1.0,0.208961,-0.130939,0.049498,-0.043767,0.103381,0.169499,-0.084872,-0.118842,0.281646,0.027451,-0.106911,-0.316508,0.198799,0.16691,0.103635,0.183131,0.233919,0.284569,0.329005,0.077313,0.202658,-0.170438,-0.154704,-0.018074,-0.049239,0.298306,0.158017,-0.017025,-0.200676,0.155028,-0.065601,0.157891,-0.11817,0.151324,0.064463,0.195525,-0.132878,-0.095209,-0.053894,0.039232,0.187041,0.041257,-0.117635,-0.089273,0.067253,-0.076381,0.390352,-0.079262,-0.276506,-0.028498,0.192899,-0.113009,-0.030279,0.001807,0.124341,0.040514,-0.076032,0.157998,-0.006589,0.006801,0.118566,0.19088,0.072901,0.115008,-0.055934,0.139246,0.028315,-0.045901,-0.167339,0.074772,-0.211103,-0.02692,-0.011003,-0.356778,-0.105391,-0.106439,0.244064,-0.072884,-0.147598,-0.072666,-0.021039,0.136981,0.104734,-0.293578,0.198648,-0.018667,0.018286,-0.045064,0.055661,-0.337575,-0.242608,-0.02606,0.183295,0.000803,0.099106,-0.067987,-0.178443,-0.04551,-0.04832,-0.006849,0.033069,-0.028069,-0.111951,0.00196,-0.298953,0.050609,-0.087528,0.176631,-0.060423,0.126197,-0.074219,0.142412,-0.103958,-0.110341,-0.03458,0.021793,-0.141955,0.226812,0.114629,-0.168852,-0.302231,0.120252,0.022549,-0.311931,0.056893,0.064034,0.039917,0.042044,0.087909,-0.215915,-0.130133,0.011972,-0.060491,-0.071197,-0.224242,-0.3995,-0.357578,-0.093435,0.157967,0.014605,0.038268,-0.009661,-0.101517,0.143189,-0.1911,0.037525,-0.115993,0.180553,0.168429,-0.195476,0.12985,-0.041362,0.180173,0.097859,-0.045874,-0.062491,-0.008739,-0.084317,0.051875,-0.173766,0.228687,-0.000774,0.053261,0.091409,0.099712,0.242606,0.084155,-0.079796,0.085531,0.298462,-0.371731,0.359508,0.1594,-0.117062,-0.022474,-0.065379,0.015469,-0.106641,0.174263,-0.204567,-0.039707,-0.158531,-0.052928,-0.010796,0.179358,-0.151486,0.354837,0.101105,-0.045428,-0.034232,0.123169,#
9,0.151676,0.351547,-0.090278,-0.336284,-0.1229,0.059764,0.389964,0.278774,0.208961,1.0,-0.352758,0.117898,0.419678,0.511459,0.411062,0.288292,-0.228783,0.204417,0.181477,0.019415,-0.175122,0.276171,0.381562,0.016435,0.149552,-0.210553,0.005309,-0.022928,0.186403,0.455651,-0.116979,0.063133,0.273795,-0.240256,-0.087349,0.20898,0.051384,-0.19306,0.130939,-0.360223,0.020415,0.223884,-0.055122,-0.089557,0.075162,-0.468744,0.22386,0.158035,-0.108195,0.370426,-0.112416,-0.052139,0.059579,-0.096162,0.205847,0.017276,-0.13093,-0.400614,-0.17549,0.087725,0.456413,0.136828,-0.298134,0.015113,0.016718,0.198892,-0.087459,0.259879,-0.174267,0.010137,0.121711,0.111227,-0.072022,-0.208437,-0.065402,0.188614,-0.125755,-0.314486,0.006165,0.044971,-0.050872,-0.415457,-0.464512,-0.009035,-0.225965,0.01027,-0.309552,-0.044599,0.115276,-0.314701,0.026408,-0.122818,-0.226572,0.329145,0.002847,0.032325,-0.24793,0.020981,0.04229,-0.352445,-0.150814,0.103911,-0.247233,-0.105989,-0.114616,-0.154251,-0.579856,-0.062033,-0.280705,-0.305221,0.163607,0.329768,-0.20433,-0.243413,-0.209063,-0.213361,-0.115265,-0.166041,0.423492,-0.451952,-0.06523,-0.375171,-0.123513,-0.2524,-0.300765,-0.057589,0.159467,0.217475,-0.172579,-0.326492,-0.123896,0.131657,-0.43309,-0.019355,-0.314858,-0.408518,-0.153662,-0.281231,0.183813,-0.370659,0.014776,-0.11948,-0.362726,-0.406587,-0.35407,0.085965,-0.14855,0.225758,-0.273027,-0.25782,-0.291429,-0.193512,0.020979,-0.466889,0.014914,-0.225161,0.334098,0.430557,-0.316434,-0.12524,0.026367,-0.092733,-0.102313,0.229753,0.366887,0.49504,-0.172658,0.006124,-0.437938,0.03186,0.001328,0.222356,-0.181247,-0.032024,0.311168,-0.355989,-0.203555,-0.007905,0.587599,-0.439292,0.471117,-0.000205,-0.41724,-0.156187,0.305388,-0.144643,0.397504,0.097937,-0.430546,0.146996,-0.064787,0.0925,0.183061,0.490647,-0.120768,0.012433,-0.031205,-0.06736,0.239377,0.309119,#
10,0.021168,-0.187569,0.002783,0.078532,0.123722,0.124905,0.102053,-0.093243,-0.130939,-0.352758,1.0,-0.195742,-0.136562,-0.409474,-0.107879,-0.091203,0.065669,-0.390563,0.109873,-0.266389,-0.013202,-0.127574,-0.13374,0.202863,0.018879,0.128476,-0.108181,0.028195,0.062417,-0.35525,0.205843,0.077759,-0.350786,-0.266996,0.172968,-0.131383,0.138518,0.223554,0.037196,0.236785,-0.050495,-0.223707,-0.034602,-0.047597,0.118427,0.238231,-0.384945,-0.034527,0.035014,-0.047601,0.023381,0.09134,0.014413,0.188745,0.189373,0.016032,-0.192488,0.238466,0.008288,-0.1286,-0.241845,-0.129046,-0.016164,0.143618,0.11889,-0.071356,0.152486,-0.193103,0.321769,-0.049748,0.110588,-0.127722,-0.05879,0.035883,-0.098069,0.071816,-0.126735,0.13828,-0.092119,-0.216073,0.030919,0.151045,0.051653,0.078627,-0.015068,-0.015583,0.309549,0.030317,-0.044834,-0.028267,-0.187492,-0.051919,0.125452,-0.176564,-0.0252,-0.128724,-0.169277,-0.276769,0.138947,0.009677,0.044273,-0.195653,0.079884,-0.319177,0.094969,-0.098825,-0.062404,0.239105,-0.000421,0.336034,-0.23843,-0.111447,-0.24189,-0.126877,-0.010185,-0.068023,-0.170789,-0.064521,-0.296377,0.302736,-0.272869,0.180117,0.051605,-0.1852,-0.118618,-0.04815,-0.001822,0.127456,-0.00171,-0.048445,-0.062747,-0.229173,-0.006517,0.077707,0.055066,0.222285,-0.178114,0.071652,-0.166306,0.104189,-0.092245,0.35404,-0.078575,0.114827,0.32999,-0.071649,-0.179212,0.164563,0.097774,0.118244,0.154738,0.189763,-0.11019,0.057731,-0.074282,-0.133337,-0.425429,-0.266293,0.08821,0.12084,-0.126402,-0.000266,-0.049035,0.129417,-0.066443,-0.176842,0.092885,-0.045008,0.041328,0.058333,0.305613,-0.036447,0.181885,0.008884,-0.064292,-0.023716,0.188336,0.133513,-0.296192,0.212598,-0.137915,0.162207,0.248774,0.311302,0.098311,0.020328,-0.179047,-0.121837,0.304596,0.126794,-0.064417,0.24601,0.251712,-0.361131,0.003756,0.059894,0.105999,0.045345,-0.269293,-0.228706,#
11,0.009316,-0.096723,-0.148093,-0.174813,-0.02811,0.271892,0.103853,-0.010403,0.049498,0.117898,-0.195742,1.0,0.107339,0.143664,-0.071449,0.044164,0.173543,-0.039098,0.051096,-0.159356,0.164961,-0.23873,-0.076023,-0.059597,0.127491,0.011111,0.058801,0.092094,-0.032222,0.046482,-0.183067,-0.094803,-0.078079,-0.094753,-0.193288,0.191671,-0.091689,0.046138,0.000975,-0.085111,0.008897,0.08738,-0.091559,-0.327871,-0.072603,0.051846,-0.029087,0.000659,-0.205828,0.234304,-0.076295,-0.160975,-0.020303,0.162423,-0.054353,0.090636,-0.16218,-0.038151,-0.085047,0.088782,-0.066573,-0.137284,0.071433,-0.050454,0.05147,0.132033,-0.075298,-0.049157,-0.022988,-0.317132,-0.060675,-0.037937,0.076735,0.121993,-0.072527,0.061031,-0.280623,0.065987,-0.22712,0.051046,-0.207419,-0.160255,-0.071207,-0.176312,-0.068632,-0.385303,-0.226596,0.008581,-0.125909,0.079828,-0.076913,-0.188617,-0.173644,0.01894,0.038646,-0.1985,-0.152283,0.048049,-0.197712,-0.043793,0.222877,0.042646,-0.407311,-0.112641,-0.070779,0.08928,-0.122425,0.24065,0.125006,0.042018,-0.115452,-0.053136,-0.249918,-0.256214,-0.051319,-0.033094,-0.125776,0.246293,0.13303,-0.043734,0.080436,-0.196259,-0.038913,-0.015331,-0.042181,-0.276262,-0.072322,-0.046569,0.0209,-0.182681,-0.198308,0.043528,-0.248037,0.191505,-0.037254,-0.083748,0.226006,-0.147457,-0.04501,-0.115616,-0.195624,0.086929,-0.128112,0.016686,-0.082134,0.031055,0.014927,-0.05026,-0.324696,-0.099698,-0.154409,0.175565,-0.154735,0.169497,0.02398,0.008407,-0.026704,0.341357,-0.254542,-0.292795,-0.117408,-0.293152,0.186303,-0.059751,0.02173,0.099371,-0.209722,0.03039,0.101402,0.084045,-0.010715,0.283169,0.112892,-0.250637,-0.054104,-0.148953,-0.217922,0.248502,0.045979,0.050987,-0.024421,-0.138358,-0.056797,-0.057156,0.266874,0.213143,0.037881,0.319482,0.076661,0.059732,0.005733,0.259871,0.062299,0.203743,-0.197862,-0.105864,0.261593,-0.301648,-0.033437,0.031621,#
12,0.305076,0.225406,-0.209726,-0.347521,0.153541,0.11044,0.271375,0.599091,-0.043767,0.419678,-0.136562,0.107339,1.0,0.466795,0.213943,0.082648,-0.061067,0.047973,0.103938,0.021607,-0.121727,0.141862,0.27198,-0.054842,-0.142703,-0.301368,-0.194625,-0.204038,0.100125,0.156606,0.022333,-0.110734,0.190119,-0.086017,-0.336889,0.261088,0.154855,-0.125435,-0.047991,-0.289965,-0.035695,0.20159,0.090828,-0.075982,-0.279093,-0.336513,0.16319,-0.061832,0.012381,0.06209,-0.195696,0.038773,0.143024,0.021812,0.345129,0.177143,-0.244597,-0.238056,-0.055248,0.012815,0.40663,0.219219,-0.159532,0.139231,0.001796,0.256476,-0.086625,0.185008,0.216191,-0.119482,0.328663,-0.04686,-0.45828,-0.36736,-0.2291,0.370883,0.043308,-0.049157,0.008869,-0.215905,-0.139542,-0.334619,-0.201201,-0.135949,-0.245063,-0.069273,-0.09261,0.116697,-0.160399,-0.194463,-0.038017,-0.348304,-0.386598,0.205334,-0.208489,-0.122453,-0.106995,-0.095552,-0.01464,-0.341621,0.029584,-0.178474,-0.160439,-0.020988,-0.155095,-0.144028,-0.323641,-0.261117,-0.140935,-0.370922,0.007583,0.208613,-0.228368,-0.26218,-0.120064,-0.208615,-0.050322,-0.187008,-0.033884,-0.308478,-0.026952,-0.481947,-0.186405,-0.355857,-0.186099,-0.131815,0.175706,0.32987,-0.219917,-0.016246,-0.293426,0.121245,-0.359467,0.03302,-0.230972,-0.163669,0.099539,-0.470771,-0.176833,-0.254791,0.011722,-0.010643,-0.213055,-0.143772,-0.048285,0.138861,-0.297231,0.251747,-0.159568,-0.610043,-0.19272,-0.215755,-0.137452,-0.332987,0.025185,-0.260885,0.200998,0.277048,-0.222777,-0.371745,0.028585,-0.20397,-0.09841,0.111246,0.260561,0.233275,-0.135838,0.019501,-0.348876,0.138114,-0.044877,0.171291,-0.242828,0.059183,0.325511,-0.31515,-0.058813,0.029718,0.307374,-0.302139,0.272406,0.100175,0.049966,-0.00616,0.109765,-0.143215,0.239625,-0.166615,-0.303607,0.339036,-0.109066,0.080352,0.333433,0.082156,0.07095,-0.100463,0.047757,-0.104867,-0.032903,0.228426,#
13,0.227548,0.374013,-0.047167,-0.388289,-0.099813,0.275368,0.178558,0.43049,0.103381,0.511459,-0.409474,0.143664,0.466795,1.0,0.323572,0.155875,-0.173358,0.240716,0.252799,0.030378,0.064062,0.263396,0.492471,0.156015,-0.044928,-0.187865,0.074243,-0.079446,0.123392,0.435936,-0.029576,0.106558,0.366289,-0.073283,-0.256778,0.262722,0.306573,-0.364166,0.130769,-0.339489,-0.036973,0.468954,-0.005769,0.163124,0.015483,-0.51622,0.319851,-0.100574,-0.047303,0.134918,-0.098086,-0.082247,0.095091,-0.105553,0.034643,0.092607,-0.148348,-0.294818,-0.20972,0.033519,0.380439,0.158537,-0.285196,0.139988,-0.072621,0.367858,-0.187646,0.327806,-0.190489,-0.047585,-0.075126,0.321657,-0.258518,-0.180384,-0.26144,0.125664,-0.263314,-0.335627,-0.167591,-0.073593,0.04933,-0.507807,-0.325681,0.086718,-0.31694,-0.094013,-0.296669,-0.008901,-0.069084,-0.289813,0.166322,-0.271041,-0.443837,0.20599,-0.176908,-0.088853,-0.266814,-0.085466,-0.065593,-0.35855,0.058877,-0.065326,-0.19834,-0.259268,-0.153536,-0.183156,-0.168162,-0.15325,-0.18717,-0.380717,0.246871,0.367675,-0.258479,-0.127603,0.041315,-0.068957,-0.318099,-0.249271,0.322205,-0.51501,-0.256121,-0.544518,-0.123615,-0.332476,-0.316806,-0.167652,0.103165,-0.019791,-0.332999,-0.183443,-0.142878,0.064623,-0.309763,-0.290222,-0.514704,-0.416427,0.311349,-0.217385,0.112627,-0.53413,-0.073164,-0.087172,-0.255922,-0.330219,-0.443678,-0.076805,-0.034471,0.184054,-0.397653,-0.348566,-0.259887,-0.122508,-0.107402,-0.338518,0.066702,-0.193124,0.451015,0.276924,-0.246554,-0.202775,0.10684,-0.016249,-0.056997,-0.017627,0.186745,0.334483,-0.21005,-0.099259,-0.25784,-0.053731,-0.190659,0.101754,-0.382816,-0.161137,0.165628,-0.253168,-0.140723,0.002075,0.595815,-0.411252,0.346523,-0.103053,-0.330957,-0.078107,0.331146,0.091408,0.261512,-0.169852,-0.348862,0.260509,-0.04733,0.104007,0.135837,0.297069,-0.249403,-0.12429,0.187099,-0.304677,0.128675,0.159596,#
14,0.045353,0.38533,-0.09724,-0.267776,-0.064825,0.139573,0.073278,0.127249,0.169499,0.411062,-0.107879,-0.071449,0.213943,0.323572,1.0,-0.00841,-0.119706,0.180505,0.445387,-0.016538,-0.047775,0.25387,0.220409,0.089847,-0.153526,-0.110704,-0.039554,0.095151,0.073383,0.08482,-0.094378,0.091759,-0.014308,0.114615,-0.087547,0.058205,-0.001888,-0.077303,0.004751,-0.108803,0.01432,0.292567,0.092316,0.177562,0.288102,-0.222324,0.129235,0.112759,0.296013,-0.081012,0.129033,-0.108351,-0.073374,-0.17598,0.163581,0.088095,-0.052998,-0.34929,-0.070826,-0.131733,0.313458,-0.10335,-0.326233,0.221315,0.101326,0.085844,-0.079345,0.087344,0.071555,0.029841,0.114038,0.085874,0.177709,-0.230445,-0.052823,0.004589,0.025971,-0.15748,0.026535,-0.041413,0.102223,-0.356376,-0.253376,-0.031422,-0.164602,0.212294,-0.044805,0.023636,-0.121602,-0.16557,0.066475,0.005291,-0.045563,0.289102,-0.190262,-0.018036,-0.213002,-0.049544,-0.025674,-0.139686,0.003416,-0.009113,-0.090604,-0.20835,-0.158772,-0.247165,-0.333596,-0.096528,-0.314314,-0.130274,0.165356,0.258713,-0.158771,-0.101942,-0.128517,-0.056792,-0.19884,-0.075369,0.301029,-0.327904,-0.095996,-0.259154,-0.283278,-0.1857,-0.214757,-0.22033,-0.033437,0.227299,-0.215344,-0.072805,0.06664,0.131243,-0.248998,-0.121864,-0.186924,-0.236149,0.101996,-0.027096,-0.053241,-0.320881,-0.163877,-0.26589,-0.25067,-0.078806,-0.253625,-0.06031,-0.143752,0.109173,-0.249985,-0.066149,-0.293967,-0.39157,0.078574,-0.351319,-0.074045,-0.293128,0.195198,0.139793,-0.27207,-0.115772,0.090622,0.007036,0.14331,0.102504,-0.024656,0.335847,-0.025834,-0.00216,-0.196413,-0.035298,0.093556,0.052564,-0.249834,0.095418,0.305017,-0.076312,-0.189521,0.095012,0.4154,-0.214688,0.299865,0.112094,-0.13016,0.084795,0.260455,-0.0985,0.246137,-0.090213,-0.087451,0.096438,0.003319,0.021285,0.270204,0.184626,0.066277,0.0481,0.11782,-0.116172,0.152695,0.059541,#
15,0.136448,0.002788,-0.073155,-0.205796,-0.088888,0.117774,0.158229,0.210067,-0.084872,0.288292,-0.091203,0.044164,0.082648,0.155875,-0.00841,1.0,-0.111367,0.189239,0.019965,0.066226,-0.020484,-0.101752,0.262418,-0.025414,0.013727,0.087455,-0.044337,-0.088642,0.229371,0.195909,0.064225,-0.121203,0.169816,-0.081758,-0.07754,-0.008074,0.080592,0.068842,0.206608,-0.014093,-0.045667,0.002821,-0.072119,-0.043817,0.010588,-0.049371,0.051308,0.028645,-0.148226,0.145321,0.11472,0.111601,-0.066742,-0.021069,0.224842,-0.014289,-0.051217,-0.15652,-0.169103,0.054976,0.200399,0.037955,-0.162905,0.050109,0.006024,0.213,-0.193072,0.231655,-0.222324,0.012056,-0.025989,0.056693,-0.235123,-0.005557,-0.063363,0.14136,0.004232,-0.057737,-0.024103,0.265553,0.039563,-0.115168,-0.010506,0.268378,0.0335,-0.247342,-0.146761,-0.139871,0.085687,-0.027923,0.036889,0.084023,-0.012899,0.313257,0.149182,0.044869,-0.104436,-0.192549,0.073133,0.015114,-0.160247,-0.131349,-0.296952,0.00807,0.014236,-0.069078,-0.264277,0.239999,-0.030172,0.095938,-0.150183,0.085668,-0.071115,-0.159321,0.139239,0.13803,0.062341,-0.249105,0.171393,-0.19344,-0.165961,0.049671,-0.083363,-0.162917,-0.25968,0.069245,-0.030154,0.071148,-0.183586,-0.270865,-0.14766,0.051163,-0.126995,-0.033659,-0.243129,-0.167531,-0.131473,-0.093176,-0.072546,-0.276838,0.122946,0.242903,-0.078122,-0.021958,-0.027309,0.01746,0.252357,0.203289,-0.124883,-0.266638,0.014413,-0.006705,0.021042,0.0346,0.154399,-0.058821,0.083184,0.273585,-0.183921,-0.064569,0.15575,0.00218,-0.11602,-0.132486,-0.036737,0.048785,-0.143365,-0.064451,0.035732,-0.113449,0.146858,-0.078617,0.010267,-0.26339,-0.051529,-0.160303,-0.051522,0.027645,0.194585,-0.217719,0.22492,-0.18896,-0.282114,0.089466,0.323205,-0.104795,0.343745,0.05075,-0.266308,-0.006741,0.027362,-0.009217,0.007918,0.203505,-0.220645,-0.212181,-0.000218,-0.156397,0.215627,0.134961,#
16,-0.109828,-0.081185,-0.233052,0.110357,0.036999,0.205387,0.014328,-0.139724,-0.118842,-0.228783,0.065669,0.173543,-0.061067,-0.173358,-0.119706,-0.111367,1.0,-0.135975,0.080621,-0.014012,0.121946,-0.221451,-0.154178,-0.321767,-0.368833,-0.177752,-0.147675,0.003832,-0.028918,-0.230549,-0.071994,0.165007,0.135968,0.187162,0.001874,0.078755,-0.074205,-0.075895,-0.258181,0.277982,0.094581,-0.091207,0.073798,0.110592,-0.113429,0.111978,-0.197662,-0.094244,0.11092,0.185556,0.086166,0.043605,0.158726,-0.128811,0.068404,0.01828,0.195021,0.04238,0.199851,-0.176503,-0.166425,0.22972,0.284349,-0.218068,-0.015506,0.027973,-0.120941,-0.068558,0.039636,-0.230076,-0.256965,-0.14333,-0.047428,-0.058783,-0.08765,0.012318,-0.052098,-0.015768,0.032519,0.142133,-0.02082,0.16697,0.134359,-0.307796,-0.001744,-0.024727,-0.027966,0.049581,-0.043914,-0.136635,-0.176812,0.117796,-0.012191,-0.177061,0.106694,-0.166026,-0.103661,-0.187464,-0.099355,0.169082,0.023926,-0.018753,0.006976,-0.0141,0.102308,0.083534,0.212567,-0.242448,0.072507,0.03997,-0.314124,-0.113881,0.010929,0.105464,-0.124259,-0.147863,-0.020072,0.184608,-0.242191,0.028601,0.027599,-0.023701,0.005687,-0.164254,0.005472,-0.172914,-0.300765,-0.305042,0.075019,-0.041425,-0.166005,-0.150302,-0.010598,0.167708,0.109587,0.041763,0.1569,-0.266059,-0.056369,0.09793,-0.177189,0.045686,-0.063456,0.330866,0.141329,-0.1229,-0.051844,-0.044192,-0.121081,0.025508,0.063145,0.038054,0.037872,0.117636,-0.204061,-0.146477,-0.253635,0.065465,-0.037548,0.180675,-0.176343,-0.077389,0.050449,-0.045504,-0.134904,0.068368,0.188177,-0.101689,0.093279,-0.092223,-0.127822,0.117049,-0.090964,-0.181535,0.046096,-0.105059,-0.030809,0.064887,-0.175694,0.064562,-0.406506,0.081744,0.456615,0.064422,-0.059807,-0.072879,-0.074792,0.198098,0.188335,-0.285047,-0.055853,0.152909,-0.034782,-0.24475,0.059207,-0.009886,0.055904,0.009261,-0.336475,-0.070579,#
17,-0.374497,0.285571,0.391147,0.073005,-0.207623,0.025385,0.050213,0.172291,0.281646,0.204417,-0.390563,-0.039098,0.047973,0.240716,0.180505,0.189239,-0.135975,1.0,0.014663,0.345554,-0.160796,0.089366,0.142607,0.083723,0.148098,0.175002,0.111305,0.133392,-0.103989,0.112312,0.053126,0.021937,0.055213,0.059225,-0.149268,0.025895,0.169869,-0.116817,0.088219,-0.268692,-0.002524,0.188565,0.173465,0.184064,0.044741,-0.290542,0.164924,0.202863,0.14904,0.038615,-0.129101,-0.03018,0.045139,0.009441,-0.049291,-0.065633,-0.030633,-0.365901,-0.205088,-0.157903,-0.076133,-0.093931,-0.104801,0.124314,-0.047586,0.123396,0.021883,0.180303,-0.052065,0.319627,0.230655,0.292189,-0.0918,-0.160459,0.068059,-0.019853,0.221556,-0.154182,0.128394,-0.106266,0.228962,-0.093976,-0.158837,0.283069,-0.146729,0.074259,0.000783,-0.026671,-0.029517,0.088262,0.110477,0.042343,-0.14475,0.484555,-0.079184,0.03016,0.253342,0.012099,0.045366,0.008303,-0.168487,0.111298,0.010784,0.330742,-0.094675,0.107695,-0.093751,-0.169739,-0.171798,-0.11922,0.206016,0.142086,0.059754,0.004578,0.116062,0.033321,0.175582,-0.198849,0.3664,-0.446311,0.113325,-0.273366,-0.231253,-0.010383,-0.017,-0.040084,0.017211,0.085218,-0.128581,0.044647,0.144356,0.223633,-0.023246,-0.143465,0.020389,-0.052318,0.056334,0.015734,0.002161,-0.111212,0.006118,-0.101966,-0.198214,-0.352325,-0.264058,0.055876,0.051209,0.119735,0.162068,-0.062558,-0.246235,-0.100025,0.217194,-0.053659,-0.018511,-0.12083,0.109928,0.405136,-0.016121,0.066269,0.157169,0.232651,-0.166973,0.224163,0.14076,0.24892,0.092531,-0.11016,-0.151395,0.191406,-0.127152,-0.16693,-0.085564,-0.088853,0.081223,0.088743,-0.031529,-0.069605,0.294851,-0.342693,0.245391,-0.178722,-0.347906,-0.236604,-0.050086,-0.037979,0.152398,0.166861,-0.331869,-0.20571,0.129584,-0.254011,-0.093205,0.236672,-0.199721,-0.160824,-0.027056,0.122975,0.244803,0.190654,#
18,0.126534,0.296688,-0.109354,-0.109522,0.08289,0.07638,0.217632,0.120098,0.027451,0.181477,0.109873,0.051096,0.103938,0.252799,0.445387,0.019965,0.080621,0.014663,1.0,-0.194759,0.138627,0.058273,0.040473,-0.009234,-0.026797,0.030043,-0.021723,0.231504,0.012291,0.191606,-0.171246,0.103283,0.086263,0.069749,0.050247,0.072818,0.028278,-0.177757,-0.058356,-0.092119,0.164819,0.379629,0.102493,0.30225,0.125375,-0.001925,-0.004999,-0.271212,0.180007,0.035664,-0.027241,0.079204,0.132031,-0.040323,0.227098,0.060541,-0.099305,-0.145818,-0.147957,-0.13656,0.105283,-0.174545,-0.11667,0.373434,0.021108,0.150634,-0.06523,0.008321,0.073956,-0.298924,-0.021434,-0.005975,-0.186323,-0.145564,-0.047027,0.118839,-0.091214,-0.050319,0.154817,-0.083815,0.042408,-0.208567,-0.271221,-0.104631,-0.202442,-0.095289,-0.082575,0.148685,-0.078285,-0.188392,-0.181567,-0.21447,0.010874,-0.079925,-0.096398,-0.090589,-0.117272,-0.258173,0.014351,-0.181072,0.101449,0.129691,0.093137,-0.447469,-0.174468,0.056735,-0.138644,-0.110902,-0.052054,0.046956,-0.097772,0.274338,-0.2161,-0.075436,-0.107807,0.126034,-0.107225,-0.069428,-0.056668,-0.045225,-0.283897,-0.183051,-0.27783,-0.233351,-0.241172,-0.294648,0.103795,0.137874,-0.222401,-0.078965,-0.082449,-0.21434,-0.192723,0.074143,-0.188701,-0.174304,0.076001,-0.032853,-0.030986,-0.219678,-0.314072,-0.02035,-0.196262,-0.089426,-0.142755,-0.190291,-0.244854,0.176838,-0.400884,-0.243632,-0.307229,-0.150282,-0.09361,-0.292847,-0.032149,-0.272129,0.091165,0.066849,-0.328265,-0.188576,-0.149685,0.07494,0.067184,-0.11557,0.078948,0.02401,0.04223,0.127618,-0.06376,-0.083529,0.16684,0.342327,-0.065392,-0.041825,0.296347,-0.089109,0.0799,0.144315,0.255026,-0.137283,0.035662,0.2052,0.240878,0.289365,0.427278,-0.056538,0.261436,-0.077286,0.104992,0.206791,-0.141997,0.171787,0.351056,0.024743,-0.242833,0.001569,0.482999,-0.21061,-0.245692,0.0631,#
19,-0.182794,0.069439,0.145443,0.063566,-0.147722,-0.052908,-0.259513,0.023466,-0.106911,0.019415,-0.266389,-0.159356,0.021607,0.030378,-0.016538,0.066226,-0.014012,0.345554,-0.194759,1.0,0.278455,0.140254,-0.011846,0.04907,-0.213963,-0.126648,0.027058,-0.210558,-0.032529,-0.121765,0.356254,0.38069,0.272472,0.313419,-0.146707,-0.373207,0.130101,0.130299,-0.376045,-0.153549,0.133091,0.098514,-0.029753,0.032672,-0.114287,-0.319177,0.273068,0.175108,0.26984,-0.194062,-0.157834,-0.102451,0.374998,-0.127478,-0.293622,0.066144,0.052892,-0.285375,0.289903,-0.152576,0.067611,-0.104273,-0.124156,-0.237476,-0.012868,0.056811,-0.076404,0.014881,-0.10201,0.246888,0.048505,0.104845,0.013462,0.002021,0.168874,-0.378674,0.357941,0.188712,0.551499,0.240302,0.382583,0.236705,0.248744,0.085908,0.270244,0.294636,0.308588,-0.10438,0.31921,0.078465,0.228578,0.345759,0.138087,0.30666,0.137023,0.400415,0.293245,0.290864,0.232046,0.229414,-0.503381,0.180166,0.246186,0.371874,0.39176,0.357865,-0.064481,-0.240355,0.176885,-0.208723,0.345389,-0.165117,0.132325,0.416597,0.231068,0.153212,0.08357,-0.001228,0.179306,-0.334695,0.324522,0.010975,-0.118778,0.057334,0.052402,0.399474,0.01718,-0.018961,0.347721,0.40564,0.408683,0.231188,0.444907,-0.156942,0.331676,0.129295,0.093899,0.03797,0.124704,0.180844,0.174802,0.078705,0.018521,-0.156721,0.123813,0.298281,0.406885,-0.440192,0.361903,0.144351,0.178022,0.109779,0.499717,0.327313,-0.050725,0.254733,0.42281,-0.079441,0.07946,0.095025,0.169676,0.264839,-0.060727,0.001847,-0.014835,0.099197,0.440987,-0.194854,0.093761,0.212473,-0.562518,-0.199599,0.008283,0.157281,-0.343183,0.199726,0.192868,-0.467207,0.042578,0.076999,-0.050882,-0.148483,-0.307427,-0.241078,-0.425828,-0.03031,0.342758,0.212535,-0.084694,-0.324545,0.251494,-0.398138,-0.429951,-0.137153,-0.101676,-0.27128,-0.385855,0.309175,0.403745,-0.010842,#
20,0.20107,0.016674,-0.056305,0.116552,-0.297124,0.070688,-0.182688,0.033528,-0.316508,-0.175122,-0.013202,0.164961,-0.121727,0.064062,-0.047775,-0.020484,0.121946,-0.160796,0.138627,0.278455,1.0,-0.148371,-0.363836,-0.128625,-0.034062,-0.039763,-0.120801,-0.166418,-0.071091,-0.036619,0.294016,0.259814,0.102152,0.334073,-0.204413,-0.301212,0.040522,0.085553,-0.150014,-0.081557,0.340374,0.213415,-0.222751,0.098229,0.044401,-0.147765,0.024789,-0.141648,0.013413,-0.256141,-0.114244,-0.062175,0.380809,-0.018409,-0.084118,-0.002,-0.106619,-0.064174,-0.218287,0.047722,-0.024126,0.076094,0.159898,-0.082972,0.065371,-0.065706,-0.350559,-0.041147,-0.255653,-0.153057,-0.077275,0.118618,0.09778,0.164661,-0.122433,-0.391003,-0.059586,0.339093,0.179982,0.306047,0.225501,0.111236,0.352993,-0.081869,0.035314,-0.199716,0.044745,0.141505,0.30757,0.106653,-0.065949,-0.000779,0.192754,-0.133271,0.187748,0.154748,-0.095153,0.170518,0.143845,0.096031,0.083831,0.257301,-0.099972,-0.006287,0.130172,0.106384,0.162144,0.151852,0.218093,0.021291,0.035557,0.06625,-0.284783,0.292524,0.251391,0.337058,-0.014191,0.13869,0.048402,0.101918,0.041972,-0.001696,-0.142701,0.206817,-0.12026,-0.04626,-0.222026,-0.29988,-0.170924,0.291717,0.13371,0.068275,0.278804,0.143483,-0.003333,0.134486,0.253165,0.051012,0.171914,0.065296,-0.025193,0.15528,0.322534,0.113508,0.106676,-0.03834,0.255354,-0.404618,0.032462,0.20953,0.086721,0.198806,0.111246,0.195012,0.055507,0.172652,0.188571,-0.204655,-0.001886,-0.007504,-0.049575,-0.007389,0.193156,-0.259722,-0.276844,-0.241125,0.23959,0.035439,0.324194,-0.146045,-0.233123,0.111291,0.157669,-0.027902,-0.348799,0.194992,-0.032285,-0.358369,-0.247968,0.377219,-0.248909,0.104271,-0.05396,-0.043835,-0.115194,0.336495,0.115056,-0.008432,0.202357,0.046461,-0.144563,-0.183998,-0.167456,-0.324788,-0.149594,-0.099956,0.135857,-0.059639,-0.049562,-0.176941,#
