0,1.0,0.190263,0.006193,-0.264259,0.34104,0.032124,0.116493,-0.075521,0.411732,-0.028938,-0.167818,0.221543,0.127042,0.063326,0.344467,0.002282,0.097658,-0.020171,0.006827,-0.111269,-0.258015,-0.000986,-0.192958,-0.093016,0.149569,-0.254708,0.0576,-0.183487,0.29942,0.104418,-0.470942,0.031603,-0.117633,-0.052752,-0.0943,0.076777,0.205382,-0.099108,-0.031123,0.065422,0.006923,-0.251151,-0.258349,0.063832,0.10893,0.058882,0.303541,0.110133,0.103307,0.130836,-0.145482,-0.159907,0.110865,-0.012026,0.070767,-0.014563,-0.166296,0.113719,-0.204242,0.189136,0.148842,0.234723,0.140652,-0.169747,-0.037002,0.014198,-0.069208,-0.064853,0.179914,-0.084058,0.015168,-0.266853,0.031227,-0.211525,-0.181571,0.099681,-0.16858,-0.324393,-0.180774,-0.096899,0.003938,-0.348437,-0.059903,-0.399715,-0.043095,-0.067589,-0.375281,-0.184784,-0.112739,-0.337732,0.061834,-0.185809,0.023873,0.079963,-0.074356,-0.112479,-0.245074,-0.21487,-0.046998,-0.244125,0.027361,-0.227631,-0.331882,-0.155203,-0.070572,-0.164708,-0.049459,-0.124179,-0.010252,-0.354281,-0.017889,-0.152912,-0.050281,-0.270541,-0.217838,-0.355121,-0.241371,-0.26178,0.026126,-0.442631,-0.040239,-0.155871,-0.160092,-0.094227,-0.058024,-0.119107,-0.139609,0.024803,-0.205668,-0.089721,0.102691,-0.333452,-0.240349,0.001315,-0.12562,-0.277935,-0.019571,-0.293033,0.101837,-0.202346,-0.123571,-0.332897,0.00568,-0.28527,-0.376408,-0.142198,-0.063273,0.207161,-0.260788,-0.198374,-0.26301,-0.096709,0.258884,-0.25197,-0.03207,-0.034654,0.186483,0.201082,-0.207845,-0.10292,-0.241138,-0.070579,-0.003876,-0.04628,-0.150277,0.137478,-0.035014,0.095146,-0.162237,-0.376954,-0.021802,0.129396,0.043643,-0.2557,0.154786,-0.095555,0.104448,0.181432,0.244381,-0.378461,0.117184,0.090711,-0.018372,0.164794,0.215431,-0.156165,0.416529,-0.09069,-0.055907,0.326324,-0.358368,0.127364,0.225537,0.21847,-0.101143,0.038964,-0.021318,-0.269362,0.015198,-0.04577,#
1,0.190263,1.0,-0.179723,0.015098,0.296371,0.128341,-0.125988,-0.276481,0.043053,0.058572,-0.074,-0.004998,0.123735,0.092389,0.144384,-0.122975,-0.208154,0.058591,-0.132865,-0.065055,0.189546,0.27985,0.198547,-0.014327,-0.003032,-0.284864,0.204543,0.086438,0.276098,0.26136,-0.382981,-0.026749,0.057426,-0.233865,-0.083571,0.136644,0.300362,-0.456313,0.147953,0.156015,0.264122,0.002556,0.194799,0.068391,-0.118762,0.112531,0.064383,0.351418,-0.055184,-0.094345,-0.149183,-0.360524,0.141978,-0.046676,0.015771,-0.174606,-0.10082,0.291499,-0.060911,0.135165,0.091403,-0.021133,0.084274,0.079144,-0.038523,0.21076,-0.046194,0.342018,0.398646,0.083254,-0.26835,-0.180243,0.212968,-0.14717,-0.167225,0.05801,-0.224742,-0.055138,-0.140094,-0.179128,-0.280664,-0.511213,-0.241585,-0.16445,-0.202759,-0.349507,-0.107078,-0.310603,-0.136263,-0.090758,-0.270866,-0.219115,-0.167442,-0.085874,-0.342318,-0.13229,-0.40629,-0.2213,-0.246878,-0.170965,0.114419,-0.088366,-0.14517,-0.207336,-0.063001,-0.237253,-0.301875,-0.208264,-0.028418,-0.112711,0.115204,0.06768,-0.409373,-0.40383,0.124526,-0.110289,-0.276792,-0.031251,-0.077073,-0.114447,-0.197435,-0.270556,-0.213719,-0.168903,0.021707,-0.119786,-0.080128,0.119999,0.113935,-0.166025,-0.048769,-0.208023,-0.206967,-0.081977,-0.183201,-0.24409,-0.173138,-0.244188,0.285731,-0.363604,-0.284733,-0.07665,0.052778,-0.3626,-0.040154,-0.136608,-0.097145,0.153083,-0.240801,-0.14998,-0.350749,-0.263466,-0.091866,-0.129206,-0.026886,-0.012555,-0.109591,0.255545,-0.101488,-0.334228,0.021171,-0.041666,-0.196946,-0.041012,-0.332566,0.37259,0.024549,-0.356757,-0.036891,-0.144168,-0.085823,0.092063,-0.342534,-0.018381,0.158324,-0.150015,-0.113819,-0.076888,0.333367,-0.27807,0.309113,-0.066767,-0.189187,0.228337,0.358067,-0.342926,-0.020232,-0.134332,0.025175,0.34725,-0.147992,0.263725,0.279943,0.311718,0.107231,-0.217724,0.132057,-0.338255,-0.128276,0.197664,#
2,0.006193,-0.179723,1.0,0.315052,-0.00561,-0.099391,0.047504,0.075049,0.243741,-0.016014,-0.010818,0.049997,-0.197897,0.085192,-0.058393,-0.297651,-0.163318,0.268001,0.103406,0.323194,-0.337304,-0.169088,0.010145,0.122777,0.115892,-0.052322,0.040562,-0.148172,0.224201,-0.242982,0.07846,0.280749,-0.260207,0.156317,-0.184133,0.049142,-0.045128,0.14165,-0.003973,-0.360272,-0.196487,0.180166,-0.124068,-0.087345,0.08161,-0.286316,0.208371,0.073246,-0.233536,0.282775,-0.098235,0.157942,-0.095038,0.170873,-0.188462,-0.09633,-0.006654,-0.094305,-0.415068,-0.121918,0.184157,0.083928,0.018631,-0.183313,-0.03666,0.040501,0.148043,-0.072547,-0.161703,0.171012,0.199684,-0.004944,0.064459,0.25479,-0.047777,0.165372,0.049515,-0.047293,0.135752,-0.110866,0.068801,0.150897,-0.085638,0.436996,0.057127,0.192577,-0.132083,-0.006046,-0.088553,-0.134103,0.184536,-0.049626,0.185288,0.254064,-0.016139,0.218543,0.204323,0.070089,0.111942,0.126146,-0.289896,-0.219527,-0.008664,0.216779,-0.085626,0.138595,0.287082,0.257211,0.080618,0.128671,0.261221,-0.004914,0.211599,0.204902,0.137792,0.045152,-0.13238,-0.081149,0.205162,0.182266,-0.003397,0.311506,0.071955,-0.049527,-0.091093,0.284587,0.138618,-0.168975,-0.073613,0.044459,0.376827,0.242924,0.000266,0.105934,0.250933,0.173874,0.089194,0.352991,0.012899,0.024242,0.363987,0.124883,-0.032887,-0.203043,0.117465,0.119406,0.155928,-0.059741,-0.201837,0.192016,0.218343,0.373023,0.458752,0.323616,0.296649,0.095454,-0.043581,0.119192,0.273059,0.095896,0.135947,-0.157499,0.394745,0.125121,0.153169,-0.164681,0.006382,-0.138925,0.223888,0.005244,0.032003,0.217727,-0.004048,0.139928,-0.137946,0.299686,-0.023876,0.308568,-0.072522,-0.087879,0.024339,0.063405,-0.073767,-0.131552,-0.385066,0.36766,0.021882,0.274281,-0.206501,-0.019113,0.284487,-0.327379,-0.274199,-0.026774,-0.418058,-0.067571,-0.090352,-0.060408,0.265103,-0.152265,#
3,-0.264259,0.015098,0.315052,1.0,-0.145334,-0.126107,-0.17709,0.018406,-0.346414,0.006188,-0.068474,-0.095935,-0.147048,-0.136571,-0.131768,0.04856,-0.06642,-0.054453,-0.165249,0.14963,-0.053906,0.04826,-0.247737,0.072323,-0.035781,0.101544,-0.166759,0.003163,0.049734,-0.222101,0.049208,-0.040656,0.032383,0.220147,-0.037084,-0.29302,-0.114041,0.150465,0.089754,0.022738,-0.12019,0.036649,0.138426,-0.130152,0.003868,0.208578,-0.250577,-0.387461,0.001161,0.194106,-0.030896,0.17945,0.130011,0.152244,-0.130852,0.044935,0.058899,0.047737,-0.140433,-0.228688,0.002029,-0.070918,0.164419,0.103138,-0.112163,-0.335859,-0.188779,-0.135303,-0.303203,0.078675,-0.018794,0.099338,0.151094,0.295141,-0.079409,0.181765,0.156004,0.476535,0.293142,-0.149945,0.129801,0.192353,0.043662,0.250356,0.106098,0.105109,0.202792,0.070499,0.05952,-0.045883,0.129907,0.120783,0.242069,0.096257,0.04908,-0.047306,0.08914,0.18786,0.102143,0.219444,-0.102264,0.220613,0.268926,0.231011,0.116295,0.059603,0.140761,0.252432,-0.086102,0.022255,-0.202636,-0.031392,-0.059605,0.112958,0.017109,0.430748,0.272778,0.029084,-0.235252,0.398844,0.206552,0.040836,0.171644,0.324872,0.064035,0.181462,-0.022378,-0.284832,0.073805,0.27932,-0.203139,-0.018983,0.177399,0.177249,0.130978,0.274958,0.223351,0.16761,-0.265342,0.206143,0.005982,0.273082,0.153388,-0.025456,0.226482,0.246391,0.062245,-0.286266,0.057121,0.008051,0.031329,0.127251,0.125233,0.244072,0.136794,0.297252,-0.224061,-0.241558,0.215194,0.122627,0.250205,0.102159,0.292828,-0.067684,-0.125386,-0.32721,0.027481,-0.277764,0.244556,0.11121,-0.018886,-0.293899,0.049042,0.205604,-0.172765,0.14582,-0.050392,-0.074621,-0.443402,0.011319,-0.180576,-0.327137,0.240641,-0.049711,-0.264131,0.011459,-0.216793,-0.110109,0.171952,-0.276772,0.063635,-0.038328,-0.356208,-0.224038,-0.059678,0.010787,-0.165394,0.041594,-0.09902,0.038139,#
4,0.34104,0.296371,-0.00561,-0.145334,1.0,0.05421,0.241657,0.068328,0.318621,0.107021,-0.214575,0.249793,0.218206,0.098462,0.03323,0.031218,0.035949,0.138991,-0.04827,0.04365,0.163778,-0.098914,0.336467,-0.175721,-0.160631,-0.295149,0.072598,-0.052051,0.250065,0.154855,-0.34806,0.031794,-0.147733,-0.064152,-0.039079,0.233198,0.381497,-0.476834,-0.071744,-0.129277,0.116078,0.047261,0.005195,-0.091881,0.047771,0.046894,0.27725,0.365937,0.314418,-0.081995,-0.065687,-0.550288,0.17222,-0.330983,-0.031739,-0.203416,-0.175131,0.028365,0.108577,0.127964,0.006747,0.178541,-0.200433,-0.12942,-0.051046,0.262087,0.070706,0.155543,0.361157,0.019491,0.032276,-0.468177,0.010709,-0.438712,-0.258083,0.115973,-0.288477,-0.288516,-0.433946,-0.257737,-0.195688,-0.484842,-0.309368,-0.051459,-0.255126,-0.086272,-0.586827,-0.100127,0.057455,-0.121075,-0.338121,-0.280227,-0.164121,-0.321359,-0.367399,-0.386983,-0.526009,-0.406446,-0.230832,-0.256098,-0.048068,-0.365295,-0.366307,-0.180487,-0.290483,-0.379362,-0.15574,-0.209802,-0.089191,-0.294955,0.1757,0.164902,-0.157513,-0.453329,-0.245382,0.036157,-0.307113,-0.439555,0.076885,-0.299474,-0.140984,-0.221041,-0.294715,-0.507975,-0.157638,0.150051,-0.256505,0.243199,-0.124601,-0.368158,-0.029185,0.019551,-0.285064,0.153379,-0.462807,-0.316382,-0.154378,-0.313813,0.198346,-0.325822,-0.237734,-0.200755,-0.107604,-0.182643,-0.38119,-0.176453,0.073912,0.338229,-0.443387,-0.246018,-0.480958,-0.206294,0.043291,-0.267922,-9.9e-05,-0.239917,0.193138,0.458561,-0.407649,-0.237052,-0.039803,-0.060741,-0.209769,0.075922,-0.132541,0.214553,-0.045644,-0.172494,-0.360556,-0.044179,-0.12942,0.312015,-0.329262,-0.336535,0.060885,-0.10172,-0.082717,0.341716,0.265801,-0.472244,0.286843,-0.051985,0.057485,0.059616,0.273676,-0.289525,0.180583,-0.213779,-0.261294,0.23061,-0.336598,0.252806,0.393874,0.203379,-0.100963,0.131592,0.383588,-0.430275,-0.233462,-0.004843,#
5,0.032124,0.128341,-0.099391,-0.126107,0.05421,1.0,0.223432,0.310845,0.096133,-0.081455,0.025716,0.219788,-0.23109,0.24048,-0.120981,-0.137746,0.027671,-0.046327,-0.049916,-0.151948,0.138011,0.175732,0.177557,-0.372837,0.279454,-0.167761,0.118989,0.0096,-0.137984,0.199488,-0.04307,0.091823,0.002267,-0.148538,-0.259923,0.250782,-0.006368,-0.09893,0.02815,-0.060592,0.196729,-0.003604,0.25709,0.009465,-0.220904,0.115375,0.003994,0.238824,0.100431,-0.083785,0.057641,-0.016452,0.133727,-0.170571,0.13557,0.154422,-0.142233,0.178917,-0.046161,0.101678,-0.00879,0.005259,0.00422,0.20281,-0.128136,-0.034204,0.008605,0.26971,0.163914,-0.056799,-0.089611,-0.207591,0.095504,-0.235658,-0.105806,0.117562,-0.021168,-0.020345,-0.07778,-0.077002,-0.146121,-0.292161,0.092006,-0.111934,-0.179487,0.189378,-0.101005,-0.047733,-0.014766,-0.164321,-0.020295,-0.047903,0.030279,-0.288908,-0.071723,-0.180534,-0.128047,-0.064498,0.079728,-0.271699,0.165678,-0.173013,0.184234,-0.330099,-0.022587,-0.261531,0.063562,-0.456831,-0.016882,-0.205332,-0.113043,0.018261,-0.13018,-0.29335,0.130467,-0.130643,-0.125163,-0.24686,0.114416,-0.065015,-0.066312,-0.08798,-0.140311,-0.260458,0.090214,-0.097432,0.078647,0.183593,-0.046583,-0.124071,-0.077786,0.024918,-0.044685,-0.067552,0.021544,0.031905,0.091047,-0.117312,-0.076876,-0.185229,-0.207237,-0.194105,-0.115234,-0.140117,-0.031985,-0.108101,-0.016289,0.129939,-0.029686,-0.157159,-0.136793,0.007537,-0.012692,0.037344,-0.024878,-0.078489,0.221969,0.024224,-0.007023,0.114475,0.031129,0.181467,-0.083039,0.075296,0.104554,0.339652,0.085897,0.027953,-0.053706,-0.050663,0.125644,0.146727,0.024926,-0.026021,0.232038,-0.189189,-0.033426,0.150727,0.209512,-0.142625,0.026601,-0.043577,-0.105467,0.172574,0.277456,-0.244173,0.023935,0.025925,-0.064266,0.223233,-0.044058,0.060314,0.160805,0.148203,0.266653,0.26642,0.169635,-0.161127,-0.139946,0.207605,#
6,0.116493,-0.125988,0.047504,-0.17709,0.241657,0.223432,1.0,0.25054,0.205045,0.021966,0.240736,0.135321,-0.027532,-0.009172,0.035668,0.190886,0.041865,0.00248,0.205685,-0.078849,0.138483,0.13818,-0.019402,-0.123666,-0.070346,-0.035516,-0.003893,-0.057686,0.21902,0.02896,-0.257733,0.130979,0.123463,-0.232836,0.027017,0.070905,0.078014,-0.018113,-0.145742,-0.198401,-0.070489,-0.033687,0.025076,-0.097225,-0.084778,-0.029186,0.018985,0.095154,0.205176,0.100783,0.078343,-0.119217,-0.026911,-0.059356,-0.163479,-0.198013,0.123192,-0.116975,-0.141774,0.043534,0.00994,0.05047,-0.11864,0.129549,-0.167913,-0.227585,0.131074,-0.027385,0.15065,0.02888,0.02085,-0.288902,0.059475,-0.190762,-0.142952,0.143832,-0.009209,-0.22984,-0.413513,-0.199404,-0.185847,-0.116821,-0.034147,-0.20302,-0.196956,0.106484,-0.241984,-0.157658,-0.033527,-0.098081,-0.072756,-0.050799,0.120651,-0.249691,-0.200182,-0.029467,-0.328364,-0.367939,-0.359308,-0.049067,0.103094,-0.261249,-0.131073,-0.213674,0.023194,-0.041973,0.06403,-0.210547,-0.192345,-0.102153,-0.152768,-0.004305,-0.050544,-0.043993,-0.150732,-0.11755,-0.315021,-0.190269,-0.049115,-0.093554,-0.044389,-0.006486,-0.050833,-0.23921,-0.272282,0.118804,-0.173649,0.235257,-0.123316,-0.277329,-0.050197,-0.129906,-0.12608,0.144643,-0.100038,-0.040845,0.063752,-0.392284,-0.085364,-0.090996,0.02316,-0.224449,-0.114431,-0.10217,-0.209978,-0.128114,-0.165618,0.189118,-0.092589,-0.152101,-0.183786,-0.066368,-0.090466,-0.108239,0.080999,-0.249302,0.023915,0.314403,-0.154101,-0.234977,0.014563,-0.166305,-0.104925,0.053749,-0.098665,0.243349,-0.091154,0.098949,-0.007457,-0.127379,0.042612,0.160072,-0.139448,-0.192823,0.114248,-0.10587,-0.093351,0.362146,0.147808,-0.277277,0.139714,0.048159,0.258714,0.372045,0.026651,-0.04557,0.100663,-0.082902,0.012774,0.04292,-0.18712,0.262854,0.24871,0.118697,0.090606,0.228816,0.264545,-0.156012,-0.013466,-0.012205,#
7,-0.075521,-0.276481,0.075049,0.018406,0.068328,0.310845,0.25054,1.0,-0.10842,-0.191061,-0.104256,-0.192101,-0.019292,0.237897,0.114519,-0.094839,-0.030641,-0.229193,0.022099,-0.059489,-0.082775,0.189832,0.030437,-0.275303,0.041848,0.054235,0.151106,-0.040044,-0.137155,-0.067094,0.081667,0.1191,0.205195,-0.174807,0.01876,0.056845,0.033948,0.155417,-0.148881,-0.3711,0.024469,0.305565,0.233254,0.050129,-0.050634,-0.000726,0.191004,-0.070542,-0.046943,-0.111504,-0.233548,0.070461,-0.032058,-0.339032,-0.018395,0.134638,-0.044656,0.021014,-0.027992,0.104948,-0.171283,0.08677,-0.384286,0.170198,0.179768,0.153563,0.087727,0.191491,-0.038297,-0.201246,-0.070282,-0.20231,0.060988,-0.082992,-0.054457,0.050075,0.155745,-0.10499,-0.328849,-0.045359,0.006935,-0.214011,0.184476,-0.099172,-0.034917,0.241102,-0.036778,0.034235,-0.097101,-0.09929,0.08912,-0.176299,0.010816,-0.226478,0.108483,0.190382,-0.142169,0.047624,0.019218,-0.174278,0.077075,-0.26374,0.19929,-0.238874,-0.028891,-0.238552,0.217874,-0.228824,-0.04335,-0.192881,-0.116549,0.22758,0.116184,0.079563,-0.069799,0.154079,-0.078973,-0.146448,-0.056456,0.153721,-0.100835,-0.008807,-0.179422,-0.17803,-0.044035,0.087045,-0.178242,-0.04405,0.135774,-0.07226,0.094855,-0.033165,-0.052268,-0.075926,-0.040312,0.006521,0.15889,0.008858,-0.145949,-0.034639,-0.100872,-0.205988,-0.096175,0.100363,-0.131058,-0.194119,-0.128753,-0.067242,0.038257,0.002863,0.091846,0.170427,0.178439,0.171207,0.078234,-0.080172,0.325067,-0.074527,-0.265193,0.13365,-0.012035,-0.118849,0.110849,0.088091,-0.027171,0.154606,-0.112988,0.074774,-0.238576,0.001896,-0.035462,0.197638,0.086663,0.106742,0.057493,0.043141,-0.148762,0.115315,-0.076159,0.020977,-0.126322,-0.008229,0.066432,-0.041697,-0.047923,-0.018761,0.003858,0.221281,0.04835,-0.126921,-0.132797,0.114845,0.021627,0.031418,0.060156,0.282063,-0.010395,-0.040416,-0.047973,-0.091986,#
8,0.411732,0.043053,0.243741,-0.346414,0.318621,0.096133,0.205045,-0.10842,1.0,-0.036262,0.085221,0.358044,0.062347,0.221678,0.03229,-0.110185,0.13853,0.270913,0.308271,0.155456,-0.282864,-0.236913,0.219209,-0.145794,-0.008665,-0.220642,0.09444,0.06291,0.182416,-0.026131,-0.186914,0.19012,-0.206652,-0.035543,-0.168352,0.180561,0.388901,-0.213638,-0.047953,-0.186794,-0.031765,0.036224,-0.22268,0.00272,0.147501,-0.153897,0.352574,0.346698,0.028561,0.190208,0.146054,-0.116765,0.014588,0.124488,-0.270626,0.183671,-0.129503,0.063912,-0.183021,0.183033,-0.251079,0.080759,-0.054352,-0.046472,-0.070812,0.214357,0.349828,0.13587,0.220387,0.209378,0.251125,-0.171083,-0.129645,-0.164862,-0.184554,0.073957,-0.037051,-0.299517,-0.108075,-0.020602,-0.072834,-0.196269,-0.07397,0.124301,-0.032043,0.107178,-0.3169,-0.273934,-0.032319,-0.214053,0.014138,-0.001056,-0.043186,0.106782,-0.259604,0.008807,-0.130641,-0.235347,-0.139378,-0.124106,-0.139442,-0.275229,-0.278243,-0.040744,-0.060512,0.054808,0.006811,-0.01722,0.019648,-0.061121,0.177426,-0.166452,0.203841,0.020024,0.0248,-0.382466,-0.159448,-0.194511,0.255864,-0.28636,-0.002286,0.006029,-0.181806,-0.509763,-0.098184,-0.030821,-0.125228,0.173496,-0.150801,-0.155731,0.331867,0.216648,-0.171005,0.014542,0.008508,-0.154352,0.118009,0.028981,0.201569,-0.057091,0.290746,-0.097649,-0.220106,-0.16548,-0.148972,-0.226478,0.078776,0.334668,-0.125535,-0.053662,-0.029264,-0.050976,0.186632,-0.105937,0.029768,-0.19215,0.126666,0.35576,0.026892,0.025584,-0.004953,-0.10276,-0.07766,0.29486,0.180695,0.02733,-0.067645,-0.02271,-0.027368,-0.060948,-0.03733,0.288887,0.071462,-0.098408,-0.091098,-0.130636,0.057528,0.144477,0.128704,-0.313016,0.271901,0.155241,-0.213669,-0.080857,0.027844,0.190789,0.150971,0.14921,-0.465642,0.172879,0.072211,-0.115398,0.009119,0.12924,-0.15211,0.039819,0.119821,-0.165646,0.124063,0.153345,#
9,-0.028938,0.058572,-0.016014,0.006188,0.107021,-0.081455,0.021966,-0.191061,-0.036262,1.0,-0.139292,0.188616,0.205172,0.295684,-0.406011,0.067212,-0.304691,0.203584,-0.111169,0.106033,0.092456,-0.094501,-0.030343,-0.081822,0.106585,0.090213,0.101858,-0.423928,-0.029289,0.221475,0.004073,-0.176463,-0.055595,0.218366,0.136924,0.271082,-0.102166,-0.297951,-0.167206,-0.006539,-0.056691,0.067691,0.120833,0.113194,0.107577,-0.077605,-0.166365,0.082348,-0.075646,0.157456,-0.012251,-0.224261,0.04939,-0.068111,-0.076859,-0.153251,0.028439,-0.048343,0.305292,-0.061814,-0.029924,0.175391,0.197068,-0.200274,-0.276025,-0.028132,0.134709,-0.048758,-0.059669,-0.054113,-0.037376,-0.280533,-0.085484,-0.035999,0.151988,-0.193965,0.025947,-0.033103,0.136461,0.157148,-0.047309,0.021295,-0.065729,-0.171336,0.22657,-0.273566,0.049198,-0.042044,-0.041311,0.255825,-0.287973,0.067328,0.067383,0.164839,-0.103394,0.013622,-0.137789,0.031344,-0.100508,0.201287,-0.221232,0.185443,0.191735,0.202298,-0.03038,0.086696,-0.012628,-0.012114,-0.039907,0.065179,0.008628,0.200467,-0.016879,0.002108,-0.037524,-0.002642,-0.154625,0.015153,0.233276,-0.159323,0.172044,0.345221,0.019633,-0.023777,-0.201375,0.159184,-0.135127,-0.087321,0.053004,0.313854,-0.097571,0.313537,-0.067625,0.555157,-0.165518,0.158853,-0.101931,-0.073654,0.11733,-0.10802,0.166575,-0.154583,0.196395,0.193336,0.215801,0.126842,0.266982,0.007616,-0.125344,0.237077,-0.303031,-0.125577,-0.119265,0.110493,0.295871,0.173314,0.009748,0.257666,0.058589,0.059683,0.094933,0.148317,-0.232628,0.328579,-0.04029,-0.143458,0.069116,0.062104,0.090866,0.144272,0.070633,-0.142072,0.076946,-0.144734,0.148238,0.1479,-0.148934,0.037212,0.183278,-0.068515,0.071293,-0.145256,-0.18649,0.035603,-0.179953,-0.069552,0.130456,-0.075904,-0.244363,0.125259,-0.086162,-0.223129,-0.082911,-0.065015,0.053516,-0.187614,-0.078751,0.012447,0.262034,-0.004194,#
10,-0.167818,-0.074,-0.010818,-0.068474,-0.214575,0.025716,0.240736,-0.104256,0.085221,-0.139292,1.0,0.086813,-0.281138,-0.290991,0.037348,0.168116,0.272404,-0.154503,0.190363,-0.0165,0.052332,0.201524,-0.049516,0.270252,-0.112632,0.201842,-0.329618,0.181768,0.159822,-0.011435,-0.088353,-0.017249,-0.315382,-0.188075,0.310262,-0.038005,0.034248,0.115296,0.094024,0.289505,-0.179033,-0.054993,-0.112279,-0.272163,-0.051705,0.243935,-0.253727,-0.378842,0.18851,-0.061547,0.129117,0.062356,-0.118464,0.190803,-0.103403,0.030727,-0.132308,-0.122793,-0.063851,-0.092759,0.071933,-0.148265,0.226069,0.180824,0.208765,-0.105135,-0.028609,-0.174813,-0.105112,-0.085645,-0.154392,0.234019,0.164569,-0.034207,-0.01424,0.181971,-0.112145,0.064191,0.052242,-0.091232,-0.034534,0.083424,-0.279099,0.166335,-0.051482,0.000108,0.047944,-0.004469,-0.209833,-0.03555,0.129772,-0.153619,0.022112,-0.097538,-0.137646,0.042217,-0.114965,-0.070202,-0.290662,-0.019922,0.055693,-0.022498,-0.314663,0.029872,0.222917,0.044468,-0.111936,0.137948,-0.19891,0.508116,-0.183927,-0.228991,-0.148399,0.183284,-0.018583,-0.052133,-0.066929,0.05984,-0.083277,0.211491,-0.150708,-0.107849,-0.093999,0.064166,0.062413,-0.140069,0.070906,0.036485,-0.005549,-0.012904,0.148681,-0.161606,0.082651,-0.217439,0.32303,0.195862,0.062296,-0.160135,-0.16258,-0.042586,0.094578,0.176713,-0.120822,-0.027677,0.057996,0.157192,-0.033358,-0.146399,0.115947,-0.237584,0.119779,0.0673,-0.288844,-0.138178,-0.221341,-0.348878,-0.311482,0.003406,0.125806,-0.060948,0.131934,-0.028707,-0.198515,-0.144672,-0.046712,-0.039925,-0.292641,0.017748,0.14584,-0.057413,0.095301,-0.215515,-0.162037,-0.062474,0.009417,-0.391962,-0.332285,0.165341,-0.185291,0.074534,0.037414,0.072681,0.073524,0.320083,0.020005,0.093362,-0.234908,-0.031146,0.403941,-0.044165,-0.056263,0.320291,0.041629,-0.069288,0.068558,0.090129,0.307991,-0.101451,-0.135669,0.037053,#
11,0.221543,-0.004998,0.049997,-0.095935,0.249793,0.219788,0.135321,-0.192101,0.358044,0.188616,0.086813,1.0,-0.091786,0.022024,-0.059563,0.096287,0.077586,-0.029523,-0.096358,-0.146005,-0.156294,-0.097077,-0.018746,0.093142,0.185639,-0.132774,-0.149212,-0.249363,0.257727,0.133708,-0.259792,0.100385,-0.406761,0.090196,-0.263296,0.378196,-0.019474,-0.166845,0.168488,0.136485,0.15911,-0.081469,-0.138465,-0.092832,-0.089742,0.146198,-0.041719,0.093916,0.309718,0.045927,0.19086,-0.166138,-0.15462,-0.07928,0.024158,-0.059595,-0.350643,-0.0439,-0.180926,-0.129235,-0.173224,0.13405,0.184247,0.008648,-0.004089,-0.154671,0.051828,-0.09186,0.261012,-0.003406,0.052176,-0.248,-0.023339,-0.262185,-0.205321,0.161206,-0.238258,0.02569,-0.013113,-0.264905,-0.111851,-0.106676,0.019751,0.01953,0.003534,-0.004113,-0.280835,-0.323914,-0.039261,-0.093869,-0.118085,0.062637,0.005853,-0.11242,-0.303969,-0.097053,-0.246045,-0.26267,-0.118255,-0.148398,-0.055963,-0.040282,-0.061165,-0.085668,-0.112953,0.018232,-0.093404,-0.229832,-0.167239,-0.137128,-0.22259,-0.04942,-0.166169,-0.110459,-0.142403,-0.051211,-0.055996,-0.220064,0.019312,-0.157925,0.028745,-0.056648,-0.167747,-0.200748,0.167915,0.001172,-0.082264,-0.108351,-0.119909,-0.210566,-0.095914,-0.03312,-0.058319,0.156683,-0.113196,0.008586,-0.004262,-0.161936,0.245713,-0.194385,0.168119,-0.000196,-0.133271,-0.135608,-0.077829,-0.147108,0.029928,0.051043,-0.145304,-0.383821,-0.259448,-0.030515,-0.0256,-0.159347,-0.036364,-0.282395,0.168613,0.039704,0.076923,0.000207,0.177462,0.07483,-0.209255,-0.079131,-0.142432,-0.04177,0.064588,0.004712,0.228605,0.014356,-0.037702,-0.047129,-0.057979,-0.399105,0.075499,-0.234017,-0.163132,0.015748,0.126143,-0.155902,0.136914,0.074577,0.058642,0.123534,0.200289,-0.193033,0.118849,-0.086156,-0.206054,0.24375,-0.067818,0.189343,0.114866,-0.042132,0.049158,-0.01065,0.290532,-0.21489,0.004896,0.150082,#
12,0.127042,0.123735,-0.197897,-0.147048,0.218206,-0.23109,-0.027532,-0.019292,0.062347,0.205172,-0.281138,-0.091786,1.0,0.249241,0.148012,0.165958,-0.144936,0.232313,0.080202,-0.050056,0.104653,0.165573,0.065044,-0.024441,-0.227012,-0.012174,0.26379,-0.005462,0.053788,-0.051753,-0.117388,0.203379,0.175163,0.049633,-0.105861,-0.014386,0.251333,-0.186645,-0.185612,-0.063413,-0.006924,0.158207,0.140521,0.279166,0.221678,-0.10664,0.129524,0.119492,-0.097313,-0.030223,-0.087532,-0.222291,0.155736,-0.170718,-0.05058,-0.260644,-0.194761,0.311372,0.20075,-0.042315,-0.237985,-0.127838,-0.291698,-0.08986,0.095122,0.265697,0.04758,0.042722,0.197825,-0.148888,-0.125871,-0.301138,-0.142045,-0.053344,0.048436,0.071219,-0.069121,-0.203951,-0.195912,-0.203756,-0.122473,-0.311031,-0.031045,-0.227313,0.034773,-0.418444,0.072704,-0.130358,-0.308171,0.015595,-0.097665,-0.300362,-0.084866,0.004368,-0.10579,-0.039599,-0.169675,-0.087255,-0.170787,-0.238286,0.124653,-0.030412,-0.160008,-0.224713,-0.066663,0.035453,-0.205546,-0.136954,-0.093871,-0.158356,0.189959,0.025162,0.009102,-0.106584,-0.152655,-0.127247,-0.191175,-0.016311,-0.041842,-0.303509,-0.016253,-0.100809,-0.137481,-0.147535,-0.279685,0.018779,-0.319454,0.132245,-0.26232,-0.162928,-0.171876,0.016104,-0.045924,0.016139,-0.22669,-0.167856,-0.047384,0.000462,0.134361,-0.265657,-0.195465,-0.073595,-0.237152,0.137274,-0.239446,-0.033555,-0.105227,0.300486,-0.502983,0.081758,-0.007667,-0.087319,-0.01829,-0.141984,-0.261207,-0.130192,0.229829,0.258743,-0.412828,-0.256786,-0.114075,-0.087811,-0.203882,0.032089,0.057575,0.136457,-0.177353,0.009393,-0.247524,0.019629,-0.013299,0.190443,-0.139501,-0.156013,0.103812,0.075117,-0.092619,0.082786,0.263651,-0.311008,0.244311,0.090268,-0.083566,0.152346,0.068419,-0.11223,0.12403,0.000687,-0.194236,0.241893,-0.216649,0.101266,0.218956,0.212399,0.061509,-0.040153,-0.006531,-0.012282,0.105278,0.026373,#
13,0.063326,0.092389,0.085192,-0.136571,0.098462,0.24048,-0.009172,0.237897,0.221678,0.295684,-0.290991,0.022024,0.249241,1.0,0.048207,-0.155533,-0.167337,0.202485,0.017201,0.088718,-0.112786,-0.028898,0.070529,-0.34148,0.078411,0.005597,0.302329,-0.160654,-0.043468,-0.002911,-0.004678,0.23216,0.070726,-0.181373,-0.238825,0.292747,0.134446,-0.210788,-0.292284,-0.336742,-0.022404,0.255833,0.129771,0.221742,0.151378,-0.322935,0.359367,0.237399,-0.121217,0.059989,-0.14386,0.004218,0.011134,-0.108128,-0.405213,0.034127,0.254127,0.087747,0.191308,0.185184,-0.2105,0.224114,-0.172204,-0.070958,0.017409,0.252848,0.252762,0.271045,0.162012,0.029002,-0.03523,-0.185515,-0.109194,0.050741,0.006046,0.030387,0.03357,-0.212308,-0.190731,0.141724,0.113694,-0.309033,0.017275,-0.052723,0.090221,-0.020133,-0.06302,-0.285316,-0.220084,-0.055347,-0.215862,0.006422,-0.004406,0.115125,-0.129729,0.019629,-0.028933,-0.002773,-0.000227,-0.134316,-0.074231,-0.135881,-0.027893,-0.131609,-0.116067,-0.147131,0.107364,-0.322486,0.126667,-0.309906,0.184433,0.183378,0.013967,0.106392,0.025278,-0.1092,-0.327486,-0.149354,0.356323,-0.363632,-0.084288,0.041315,-0.013285,-0.262902,0.013988,-0.071842,-0.375821,-0.1135,-0.048232,-0.133434,-0.041801,0.3408,-0.331259,0.061682,-0.087026,-0.170002,0.063414,0.248141,0.187744,-0.051841,0.013508,-0.356793,-0.13763,-0.096648,-0.113167,-0.061118,0.150337,0.29629,-0.244193,0.348482,-0.125013,0.177608,-0.076563,0.166846,0.194224,-0.095867,0.400569,0.360555,-0.190681,0.099076,-0.18069,-0.032927,0.107589,0.414367,0.118078,0.231866,0.086093,0.160768,-0.134977,0.01792,0.032351,0.239697,-0.075894,0.077356,0.035648,0.027979,0.042174,0.014009,0.234616,-0.172265,0.13549,0.165418,-0.387105,-0.210444,0.192069,-0.043497,0.149009,0.134396,-0.337354,0.140218,0.013394,-0.239788,0.215495,0.166381,0.005251,-0.127744,-0.204903,-0.153093,0.308882,0.159392,#
14,0.344467,0.144384,-0.058393,-0.131768,0.03323,-0.120981,0.035668,0.114519,0.03229,-0.406011,0.037348,-0.059563,0.148012,0.048207,1.0,0.204625,0.217169,-0.306357,-0.083441,-0.268594,-0.309463,0.105598,0.002589,-0.048603,-0.278831,-0.114887,-0.082264,-0.114474,0.194785,-0.12032,-0.432243,0.354072,-0.064584,-0.128756,0.001241,-0.186618,0.067202,0.157944,0.036811,-0.084561,-0.05931,-0.089962,-0.166135,-0.006083,0.119442,0.217543,0.509777,-0.206751,0.062796,0.047965,-0.242417,0.183523,-0.104477,-0.191894,-0.004651,0.164003,-0.046342,0.081867,-0.358612,-0.013229,0.15014,-0.010108,-0.005798,0.09525,0.236468,0.132601,-0.191478,-0.107607,0.078603,-0.255601,0.132356,-0.040894,-0.216371,-0.123894,-0.139039,0.096885,-0.208204,0.08987,-0.280659,-0.140419,-0.079155,-0.239697,-0.03241,-0.038542,-0.239472,0.021479,-0.146828,-0.279289,-0.211367,-0.326528,0.067413,-0.229666,0.155509,-0.081394,-0.086055,-0.017692,-0.123258,-0.199297,-0.293641,-0.13819,0.09327,-0.124238,-0.202729,-0.215948,-0.171051,-0.025187,-0.173486,-0.09563,0.158104,-0.09312,-0.187967,-0.132546,-0.21318,0.050485,-0.313892,-0.120964,-0.286515,0.096562,-0.222448,-0.146916,-0.254602,-0.234067,-0.077213,0.106773,0.201469,-0.156548,-0.160949,0.051848,-0.075677,-0.344746,0.062388,-0.445026,-0.338336,-0.496909,-0.086986,-0.203811,0.035215,-0.237983,0.001493,-0.138246,-0.186715,-0.34187,-0.176595,-0.105481,-0.345497,-0.004166,-0.153381,-0.034274,-0.204961,-0.221101,0.049935,0.097742,-0.090272,-0.216157,-0.252737,-0.278409,0.16157,0.059442,-0.391169,-0.206705,-0.506058,-0.191433,0.015031,-0.417114,-0.132889,0.188324,-0.073245,0.10044,-0.119089,-0.404809,-0.032828,0.233243,-0.324441,-0.036006,0.119515,-0.015914,0.110593,-0.030321,-0.043283,-0.115106,-0.036806,0.416649,0.17064,0.120145,0.257337,-0.197635,0.202954,0.152127,0.299457,-0.023063,-0.286259,0.338792,0.279845,0.341974,-0.034169,-0.189551,0.142382,-0.131167,-0.141,0.144764,#
15,0.002282,-0.122975,-0.297651,0.04856,0.031218,-0.137746,0.190886,-0.094839,-0.110185,0.067212,0.168116,0.096287,0.165958,-0.155533,0.204625,1.0,0.143956,-0.350228,0.017258,-0.313047,-0.075356,0.053083,-0.125137,-0.194559,-0.236405,-0.038781,-0.258126,-0.027092,0.006658,-0.10479,-0.186032,0.030365,0.021156,-0.078317,-0.028991,-0.105489,-0.076371,-0.008634,0.015261,0.323325,-0.236659,-0.222005,0.076502,-0.040157,0.005133,0.281766,-0.021787,-0.327144,0.254147,0.022942,0.212476,-0.043699,0.138202,-0.154828,-0.053023,0.133497,0.088902,-0.044553,0.048071,-0.076019,-0.104497,0.110192,0.185101,0.238428,-0.175267,-0.230969,-0.260112,-0.070352,-0.169365,-0.375781,0.138132,-0.016113,-0.185601,-0.222865,0.035921,-0.099753,-0.081854,0.147291,-0.096133,-0.157387,0.028097,0.02789,-0.001281,-0.168297,0.066844,-0.104383,0.110506,0.049942,0.052056,0.05623,0.133392,0.052811,0.35471,-0.293884,-0.158875,-0.14773,-0.282206,-0.041893,-0.266409,0.019541,0.095532,0.207284,-0.08469,0.036483,0.01104,0.124058,-0.290693,0.093505,-0.07777,0.042997,-0.495649,-0.283365,-0.070065,0.050775,-0.276709,-0.050654,0.016772,-0.009032,-0.274347,0.001973,-0.003116,-0.130838,0.135853,0.198438,0.064693,-0.048318,-0.083493,-0.065909,-0.08538,-0.121877,-0.203847,-0.251984,-0.010838,0.064356,-0.122979,-0.029371,0.172302,-0.282103,-0.139222,0.017359,-0.110743,-0.115456,0.040343,0.103141,-0.262441,0.318993,-0.286961,-0.226633,-0.168487,-0.322426,-0.07717,-0.019929,-0.406132,-0.15949,-0.331116,-0.113672,-0.107623,-0.09175,-0.214283,-0.112424,-0.175508,-0.252468,-0.233214,-0.376306,-0.177559,-0.136925,-0.218111,0.232774,0.042682,-0.206646,-0.117854,-0.10952,0.039264,-0.055398,0.141433,-0.192309,-0.143554,0.036013,-0.22403,-0.05939,-0.16457,-0.053893,0.490209,0.249982,0.046403,-0.137287,0.058876,-0.229745,0.427233,-0.198803,-0.283263,0.414433,0.321361,-0.051145,0.099791,-0.044842,0.232524,-0.037628,-0.142541,0.098625,#
16,0.097658,-0.208154,-0.163318,-0.06642,0.035949,0.027671,0.041865,-0.030641,0.13853,-0.304691,0.272404,0.077586,-0.144936,-0.167337,0.217169,0.143956,1.0,-0.063723,-0.080644,-0.016442,-0.125205,-0.071717,0.124687,-0.011887,0.094983,-0.03039,-0.325435,0.001973,-0.019721,-0.044862,-0.150366,0.022438,0.022064,-0.226737,0.10945,-0.13012,-0.136836,-0.016423,0.1423,0.151652,-0.163164,-0.253984,-0.306573,-0.366621,0.236725,0.28834,0.155156,-0.223486,-0.005132,0.185644,0.130761,-0.026144,0.011498,0.075511,0.167663,0.3425,-0.003144,0.052178,0.025146,0.033526,0.165721,-0.123781,0.037716,0.300933,0.012295,-0.102757,-0.202061,-0.19932,0.069973,0.006903,0.232825,0.041716,-0.22833,-0.191523,-0.252689,0.140064,-0.09981,0.079402,-0.187093,-0.012753,0.091947,0.024267,0.030766,0.131737,-0.094195,0.206296,-0.072084,0.057884,0.050617,-0.164657,0.199373,-0.034454,-0.035022,-0.178492,-0.165706,-0.305217,0.061991,-0.191295,0.026013,-0.238117,0.211563,0.038303,-0.391727,-0.199318,-0.044425,-0.018297,-0.004846,-0.077198,-0.110874,0.172043,-0.284719,-0.139872,0.131108,-0.121673,-0.181901,-0.00542,0.008881,-0.199197,0.21385,0.012771,-0.072152,-0.082337,-0.261165,-0.15089,0.071883,-0.185914,-0.139635,0.062551,-0.157293,-0.251769,0.101964,-0.271694,0.169246,-0.134157,-0.017716,-0.133497,-0.173057,-0.304814,-0.185675,-0.064696,-0.283292,0.0266,-0.01478,0.10196,-0.282796,0.012658,0.112984,-0.031333,0.129919,-0.219905,0.166963,0.042095,-0.178401,-0.110588,-0.167584,-0.166512,-0.005501,0.129561,-0.230183,-0.017052,-0.117369,-0.030493,0.018596,-0.19019,0.055339,0.014865,-0.04614,0.141422,-0.105786,0.068413,0.370556,-0.069469,-0.004065,0.039395,-0.077565,-0.219112,-0.132427,0.040549,-0.172209,-0.129177,-0.016744,-0.145974,0.256985,0.150276,0.097698,-0.027549,-0.016244,-0.209049,0.156792,-0.161207,-0.109315,0.260874,0.107479,0.028049,0.140817,0.153763,0.23182,-0.003211,-0.271086,0.111599,#
17,-0.020171,0.058591,0.268001,-0.054453,0.138991,-0.046327,0.00248,-0.229193,0.270913,0.203584,-0.154503,-0.029523,0.232313,0.202485,-0.306357,-0.350228,-0.063723,1.0,0.228619,0.126632,0.210954,-0.082613,0.203304,-0.033424,0.128322,-0.115442,0.165395,-0.097076,-0.008954,0.066826,0.294525,0.028633,0.157923,0.041242,-0.115151,0.109077,0.059852,-0.286276,-0.043262,-0.230512,-0.0311,0.127667,-0.031098,0.046376,0.182553,-0.318947,0.026776,0.46474,-0.138146,-0.047262,0.143175,-0.134952,-0.001214,0.163317,-0.108065,-0.164302,0.087696,0.047203,0.101535,-0.091616,0.055847,-0.092785,-0.126832,-0.294414,-0.103287,0.132235,0.085163,-0.027266,0.125647,0.309954,-0.026215,-0.137159,-0.247477,0.111682,0.13089,0.149643,0.000262,-0.30609,-0.03236,0.046177,-0.178245,0.061155,-0.115719,0.140737,0.297669,-0.042493,-0.093885,0.098993,-0.139342,0.097229,-0.130016,-0.081663,-0.294989,0.157218,0.028458,-0.076118,0.060569,-0.02412,0.027269,0.054672,-0.101894,-0.184759,-0.165261,0.003916,-0.080698,0.117447,0.063151,0.123418,-0.059016,-0.066672,0.331352,0.117506,0.204772,-0.168662,0.0545,-0.093764,-0.032833,-0.039712,0.40094,-0.089857,-0.060533,0.229807,-0.058356,-0.216295,-0.20216,0.322285,-0.066816,0.072344,-0.131395,-0.010808,0.164417,0.192401,-0.031295,0.291339,-0.053585,-0.042554,-0.001461,0.185918,0.253157,-0.095982,-0.038933,0.19697,-0.036152,-0.202884,0.068784,-0.170532,0.276097,0.304638,-0.175259,0.293451,-0.003582,-0.022278,0.150695,-0.155778,0.161666,0.047787,0.04609,0.405968,0.070703,0.224474,0.282887,0.093069,0.052013,0.449804,0.139513,-0.029578,0.099714,-0.045533,-0.092879,0.272547,0.1083,0.060819,-0.012628,-0.063034,-0.143179,0.256779,0.041472,0.250087,0.35079,-0.216861,0.291053,-0.063411,-0.458315,-0.106536,-0.045642,0.121918,0.075478,0.111424,-0.394398,0.215878,0.207845,-0.303159,-0.018965,-0.146752,-0.175696,0.103974,-0.027911,-0.020314,0.346973,-0.240014,#
18,0.006827,-0.132865,0.103406,-0.165249,-0.04827,-0.049916,0.205685,0.022099,0.308271,-0.111169,0.190363,-0.096358,0.080202,0.017201,-0.083441,0.017258,-0.080644,0.228619,1.0,0.002073,-0.035375,0.210789,0.095305,-0.136141,-0.263699,0.021373,-0.029909,0.405158,-0.016888,-0.055278,0.076201,0.07368,0.013327,-0.054917,0.04222,0.25199,0.029332,0.177449,-0.030155,-0.09347,0.072173,-0.063485,0.062841,0.055845,-0.058317,-0.151563,0.068578,-0.032623,-0.116937,-0.010231,0.058644,0.143692,0.178513,0.117702,-0.198357,0.021341,0.038147,-0.011043,-0.014827,-0.024589,-0.121394,-0.171181,0.024828,-0.039195,0.111387,0.098413,0.284706,-0.094523,-0.072891,-0.104758,0.117243,-0.146806,-0.218775,0.121343,-0.029339,-0.118218,0.217522,-0.456095,-0.053039,-0.083821,-0.039665,0.067589,-0.21643,-0.172868,0.01147,-0.087906,0.040601,-0.029645,0.045556,0.316008,0.02587,0.095587,-0.084669,0.070321,0.0211,-0.052177,0.01599,0.08258,-0.144117,-0.223976,-0.005731,0.052103,-0.087546,0.127919,-0.063572,0.106097,0.039465,-0.049821,0.272205,-0.050776,0.034665,-0.027515,0.241896,0.186367,-0.030144,-0.212011,0.073496,0.126395,0.211898,-0.076121,-0.012995,-0.115359,0.064673,-0.039844,0.05092,-0.064402,-0.033855,0.052832,-0.003062,0.05624,0.261017,0.172112,0.011721,0.037627,-0.009148,-0.015784,0.164447,0.142544,-0.098746,-0.155652,0.075585,0.125015,-0.029378,-0.054322,-0.024511,-0.086682,-0.063022,0.071689,-0.052763,0.107942,0.181469,-0.097684,0.200022,-0.118213,0.036367,-0.095965,0.067682,0.137949,-0.044574,0.169152,0.080766,-0.052489,-0.125016,0.025544,0.403595,-0.042621,0.19851,0.018487,-0.23893,0.19641,-0.181874,0.325019,0.230491,0.030309,0.195714,0.035542,0.042753,0.050935,-0.054324,0.026374,0.126596,0.194796,-0.081321,0.03899,-0.07138,0.184549,0.158365,-0.001463,-0.054396,-0.136342,0.082269,0.005559,-0.030185,-0.154779,-0.078383,0.290148,0.045062,0.035778,0.220204,-0.146534,#
19,-0.111269,-0.065055,0.323194,0.14963,0.04365,-0.151948,-0.078849,-0.059489,0.155456,0.106033,-0.0165,-0.146005,-0.050056,0.088718,-0.268594,-0.313047,-0.016442,0.126632,0.002073,1.0,-0.169763,0.045192,0.073976,-0.006271,-0.113901,0.083875,0.031712,0.071314,-0.073286,0.038826,0.165161,-0.014041,0.067805,0.108197,0.071116,-0.046886,-0.090186,-0.09741,-0.194534,-0.114178,-0.179427,0.075131,-0.122911,0.055034,0.098647,-0.296562,-0.039219,-0.002148,-0.181725,0.206698,0.148596,0.066279,0.026373,0.246164,-0.22102,0.03995,0.08086,-0.05045,0.081617,-0.0741,0.06381,-0.03494,-0.022709,-0.087029,-0.032596,0.074955,0.360622,-0.013604,-0.011742,0.228267,-0.003316,0.085503,-0.00688,0.265088,-0.038338,0.052534,0.012074,0.059675,0.012365,0.051034,0.27995,0.069295,0.021725,0.339786,0.090119,0.104648,-0.025342,-0.060406,0.145398,-0.096492,-0.126636,0.024941,-0.016075,0.029708,-0.108396,0.142921,0.144548,-0.095634,-0.002794,0.02418,-0.263849,-0.166482,-0.091166,0.214543,-0.047972,0.002978,0.057992,0.094735,0.029005,0.196183,0.477256,-0.107523,0.145431,0.022254,0.092686,0.152871,0.247507,-0.150554,0.329039,-0.040021,-0.006096,0.186153,0.054994,-0.15299,-0.252582,0.192888,-0.05307,-0.036486,0.171471,-0.091864,0.064057,0.141014,0.006597,0.189103,0.155882,-0.121042,-0.133033,0.206425,-0.183954,0.19024,0.24896,0.120654,0.025337,-0.030924,0.035785,0.178796,0.291993,0.097919,0.089211,0.308653,-0.043805,-0.04178,0.248118,0.247616,0.120797,0.210914,-0.096885,0.075079,0.292708,0.087174,0.085536,-0.019141,0.1707,0.369589,0.257157,-0.023523,0.219778,-0.067618,0.100742,0.103101,-0.042633,-0.045204,0.080282,0.196198,-0.073434,0.159376,0.072005,-0.103548,-0.063173,0.065473,0.090709,-0.073028,-0.260525,-0.01796,-0.164204,0.290461,-0.142403,0.064033,-0.357991,0.035882,0.128552,-0.2756,-0.238125,-0.178358,-0.242022,-0.023637,-0.170054,0.262694,0.184357,0.077444,#
20,-0.258015,0.189546,-0.337304,-0.053906,0.163778,0.138011,0.138483,-0.082775,-0.282864,0.092456,0.052332,-0.156294,0.104653,-0.112786,-0.309463,-0.075356,-0.125205,0.210954,-0.035375,-0.169763,1.0,0.098274,0.254538,0.038289,0.013469,0.057825,-0.004447,0.073004,0.096323,0.391395,0.080468,-0.1396,0.20266,-0.10719,0.063289,0.067335,0.023125,-0.184583,0.084375,0.033684,0.205461,0.115907,0.268417,0.0884,-0.209705,-0.014378,-0.32836,0.213503,0.215498,-0.40244,0.02583,-0.372336,0.023388,-0.111001,-0.036252,-0.262193,0.01476,-0.095669,0.211918,0.041368,-0.009969,-0.240896,-0.155073,-0.036657,-0.212846,0.197016,-0.018359,0.199647,0.226961,0.146691,-0.187019,-0.111666,0.194318,-0.081038,0.029103,0.134047,0.099419,-0.054941,-0.191717,-0.099632,-0.229274,-0.137076,-0.189969,-0.08138,-0.064468,-0.184816,-0.05712,0.112598,-0.044489,0.186776,-0.377708,-0.195781,-0.302243,-0.143899,-0.063062,-0.107917,-0.202752,-0.130925,-0.042104,0.131756,0.097006,0.01635,-0.082715,-0.258338,0.113637,-0.204281,-0.036049,-0.177972,-0.044156,-0.150102,0.128775,0.185183,-0.278298,-0.346518,0.104874,0.016219,-0.080066,-0.002746,-0.0655,-0.052452,0.071133,-0.090953,-0.035385,-0.146619,-0.189621,0.139434,0.012474,0.183176,-0.003336,-0.056038,-0.335374,-0.025099,-0.155915,0.08711,-0.161326,-0.006453,-0.270775,-0.172922,0.064316,-0.060262,-0.21791,0.088155,-0.089805,-0.177891,-0.109514,-0.155686,-0.101177,0.286034,-0.059286,-0.06795,-0.249843,-0.148461,-0.219794,-0.260255,-0.30088,-0.051868,-0.125407,0.086078,-0.039392,-0.051352,0.216667,0.156653,-0.189374,0.149569,-0.230197,0.143902,-0.072496,-0.21727,-0.301127,0.315568,0.030985,-0.0704,-0.221668,-0.209264,0.120455,-0.170195,-0.038116,-0.035767,0.041574,-0.026367,0.23019,-0.190259,-0.064196,0.177655,0.192987,-0.323749,-0.088464,-0.207356,0.073124,0.109319,-0.074166,0.171285,0.128484,-0.104345,0.019295,0.289409,0.09392,-0.090902,-0.201145,-0.045932,#
