0,1.0,0.113308,-0.187905,-0.285441,0.209924,0.171455,0.402281,-0.120765,0.08954,0.083383,0.3787,0.011001,0.245806,0.272356,0.075533,0.145507,-0.096538,-0.381899,0.428705,0.006534,0.073816,0.042602,0.219,-0.182187,-0.113027,-0.236194,-0.200732,0.075134,0.233486,0.107154,-0.188391,-0.040579,0.140921,-0.343286,0.212023,0.170996,0.18445,-0.033546,-0.04827,0.194135,-0.064935,0.19119,-0.064729,-0.099164,0.100797,-0.079269,0.042611,0.083941,-0.174867,0.108466,0.225424,-0.185606,0.073286,-0.054176,0.21384,0.100776,-0.21788,0.01505,-0.141567,-0.056288,0.312228,0.097796,-0.086851,0.207522,-0.19096,0.064946,-0.122148,0.192777,-0.126344,-0.149842,0.207777,-0.029079,0.082209,-0.26733,-0.224177,0.266135,-0.442675,-0.196499,-0.204629,-0.08213,-0.039535,-0.205575,-0.253579,-0.323313,-0.117802,-0.156459,-0.249351,-0.096195,-0.159196,-0.193359,-0.446811,-0.22254,-0.077103,-0.282647,-0.126334,-0.283294,-0.148717,-0.482031,-0.274136,-0.095058,0.33153,-0.030186,-0.218545,-0.367622,-0.252609,-0.263233,-0.157093,0.105543,-0.244313,-0.059971,-0.036269,0.163602,-0.464752,-0.317831,0.065176,0.03685,-0.084626,-0.118097,-0.028419,-0.260802,-0.298787,-0.013982,-0.032447,-0.059892,-0.126059,-0.047677,-0.09526,0.234882,-0.221367,-0.215737,-0.246258,-0.389171,-0.164737,0.106195,-0.105461,-0.206186,-0.101197,-0.089629,0.121947,-0.168947,-0.097585,0.221446,-0.073208,-0.141422,-0.292836,-0.083325,-0.203746,0.133761,-0.252224,-0.336841,-0.054407,-0.158318,-0.232489,-0.243224,0.214214,-0.167139,0.115936,0.133956,-0.380099,-0.001594,0.001516,-0.28168,0.064307,-0.289768,0.110873,0.005073,0.055871,0.072187,-0.321469,-0.178741,0.188732,-0.022248,-0.097092,0.003944,0.086535,-0.083425,-0.103729,0.117031,0.205557,-0.378192,0.013774,0.08423,0.025631,0.324014,0.160259,-0.081757,0.174329,0.005146,0.173165,0.30937,-0.29091,0.191619,0.502119,0.038698,-0.012216,0.172199,-0.065557,-0.184897,-0.071986,-0.047936,#
1,0.113308,1.0,0.043514,-0.101526,-0.103314,-0.009185,0.178563,0.019985,-0.242731,0.215682,-0.063816,0.032134,0.10529,0.206517,0.126027,0.154768,-0.003361,0.076309,0.279734,-0.046734,0.288797,0.047233,0.143044,-0.195121,-0.063402,-0.280515,-0.115691,-0.096717,0.078647,0.120737,0.049336,0.130947,0.056575,0.038238,0.088961,0.017038,0.008323,-0.249756,0.019881,0.014295,0.066434,0.274819,-0.053487,0.067538,0.117757,0.022966,0.108507,-0.056413,0.211637,0.248399,0.001014,0.019234,0.148025,0.044868,0.001602,-0.144809,0.154803,-0.234611,-0.186775,-0.102084,0.145041,-0.164815,-0.041167,0.00297,0.359902,0.205037,-0.30355,-0.02037,-0.065431,-0.114193,-0.083246,0.049864,-0.095709,-0.113401,-0.02162,-0.02722,-0.182769,0.039576,0.128083,0.055121,0.073437,-0.235643,-0.025791,-0.010721,-0.101107,-0.026164,-0.065935,-0.067487,0.005868,0.007137,-0.180194,0.005851,-0.019427,-0.170494,-0.020634,-0.053559,-0.017928,0.195989,0.302206,0.094847,-0.053683,0.027578,0.033648,0.00676,-0.260782,-0.10092,0.07386,-0.045751,-0.269346,-0.022614,0.24204,-0.013152,-0.051924,0.128256,-0.04513,-0.027552,-0.045012,0.050664,0.040172,-0.18319,-0.038306,0.009543,-0.308377,-0.107021,-0.164377,-0.17942,0.018671,-0.015147,-0.249659,-0.074333,0.196968,-0.101283,-0.107798,-0.062941,-0.181582,-0.245561,0.097998,0.165528,0.100851,-0.197739,-0.019202,-0.146985,0.124849,-0.018421,-0.025581,-0.108085,-0.406848,0.08152,-0.079818,-0.089995,-0.026949,-0.01254,0.14184,-0.09673,-0.118142,0.013016,0.137031,0.003231,-0.065532,0.107077,-0.003176,0.04085,-0.102302,0.040164,-0.091441,0.269064,0.147644,0.160118,-0.056241,-0.409227,0.161215,0.217892,-0.123104,-0.113109,0.00135,-0.157436,-0.090595,0.026568,0.033196,-0.061495,0.080296,-0.045253,-0.008371,0.214675,0.256625,-0.142548,0.18567,-0.192312,0.053717,0.117061,0.002418,0.111559,-0.195533,0.08267,-0.107298,-0.061995,0.135464,-0.069288,0.008535,0.130617,#
2,-0.187905,0.043514,1.0,-0.297498,-0.101514,-0.132201,0.061982,-0.118023,0.050299,0.039664,0.013448,-0.19093,0.025815,-0.036055,-0.274285,0.080503,-0.123873,0.301592,0.020388,0.025234,-0.168866,0.097192,-0.125992,-0.012724,0.080819,0.052367,0.112539,-0.085269,0.020299,-0.172906,0.043796,0.142188,-0.331312,0.050373,0.005237,0.141935,0.015414,0.430142,0.053983,-0.181855,0.155831,0.031789,0.072445,-0.07564,-0.054851,-0.283521,-0.117094,0.002786,-0.021317,0.056994,0.190675,-0.147743,0.059697,-0.174458,-0.236518,-0.092829,-0.049632,-0.218558,0.23281,-0.155951,0.143905,-0.177505,0.007033,-0.263345,0.301694,0.100188,0.15441,-0.057131,0.206816,0.254706,0.020444,0.130859,-0.337839,0.10015,0.018893,-0.105886,0.033826,-0.065216,0.090395,0.028392,0.173241,0.074292,0.11339,0.20686,-0.137847,0.122727,0.069615,0.070089,-0.037305,0.188506,0.085112,0.075243,0.160806,0.195903,0.006705,0.056475,0.113296,-0.114169,0.175504,0.080591,-0.255444,-0.179174,0.073114,0.122123,0.23175,0.102469,0.089159,-0.046918,0.053121,0.062885,0.034483,-0.225357,0.11541,0.105449,0.257916,-0.138109,-0.036451,0.17867,-0.067464,-0.081487,0.03089,0.160973,-0.008094,-0.261202,-0.071269,0.141244,0.323395,-0.030199,0.205583,-0.037059,0.262227,0.077266,0.101202,0.076936,0.132011,-0.131412,0.076193,0.317774,-0.051726,0.195997,-0.070985,0.127647,0.154785,-0.05815,0.088237,0.068514,-0.072002,0.106859,0.170465,0.234154,0.042415,0.185233,0.147206,0.074512,0.081295,0.034605,-0.065014,0.023645,0.304992,-0.026057,0.319016,0.049148,-0.051047,0.325932,0.032933,-0.183557,0.052175,-0.055478,0.084899,0.088767,-0.097243,-0.053295,-0.047166,-0.055914,-0.177852,0.081371,0.110888,0.02869,-0.006159,-0.160721,0.109945,0.039526,-0.131364,-0.085957,-0.043879,0.147779,0.192103,0.209189,-0.181639,-0.219039,0.195088,-0.179949,-0.223191,0.251814,-0.047759,-0.146806,0.078753,0.288251,0.199246,0.14227,#
3,-0.285441,-0.101526,-0.297498,1.0,-0.122275,-0.177737,-0.330014,-0.139115,-0.332649,-0.375237,0.045243,-0.069756,-0.342928,-0.541491,-0.00214,-0.224022,0.279507,0.05189,-0.195129,-0.177114,-0.003964,-0.170227,-0.385493,-0.008214,0.081864,0.233786,-0.095613,0.146721,-0.226236,-0.209559,0.163956,-0.26468,0.033917,0.053634,0.010535,-0.002167,-0.222101,-0.019773,0.06589,0.188948,-0.099919,-0.310422,-0.020848,0.190189,-0.020816,0.514081,-0.121753,-0.073195,0.184247,-0.208816,-0.146311,0.406106,0.016714,0.142386,0.066408,-0.255523,0.307484,0.334271,-0.038748,-0.136173,-0.505816,0.07103,0.225,-0.136862,-0.153585,-0.321842,0.038585,-0.15658,-0.101466,-0.025626,0.058666,-0.202854,0.218583,0.199509,0.233768,-0.127568,0.353182,0.188916,0.126037,-0.070149,-0.035527,0.272302,0.160254,0.074145,0.196454,-0.102737,0.147185,0.247371,0.087768,0.131429,0.037333,0.205173,0.158869,-0.198263,0.118051,0.282849,0.329559,0.143601,0.009629,0.280946,0.210897,0.290004,0.311466,0.276081,-0.051513,0.012886,0.240306,0.129707,-0.043349,0.06532,-0.129097,0.039401,0.300643,0.264906,-0.054903,0.083274,0.237317,0.107875,-0.122217,0.29579,0.220631,0.220772,0.022578,0.382992,0.306603,0.049041,-0.393428,-0.143276,0.056591,0.294062,-0.072946,0.372986,0.326291,-0.075078,0.175722,0.284178,-0.007165,0.073291,-0.124646,0.233085,0.075217,-0.193511,0.248111,0.331726,0.452341,0.013097,-0.007337,-0.160909,0.328897,-0.030009,0.242144,-0.022015,0.042772,0.055432,0.06146,0.101692,-0.380801,-0.288967,0.19238,0.177126,-0.061566,0.141221,0.080183,-0.042345,-0.003311,-0.336248,0.133145,-0.072881,0.10902,0.003761,0.153112,0.144957,0.206677,0.344375,0.078136,0.16551,-0.082462,-0.041073,-0.461459,0.552671,-0.428461,0.081812,0.265579,-0.165742,-0.163893,-0.085587,-0.206152,-0.003009,0.33217,-0.04202,0.084354,-0.072982,-0.138266,-0.201197,0.111578,-0.018834,-0.06462,-0.079113,-0.251025,-0.28958,#
4,0.209924,-0.103314,-0.101514,-0.122275,1.0,0.034534,-0.038055,-0.116681,0.085656,-0.076478,0.348748,0.005957,-0.071055,-0.224167,-0.152538,-0.071167,0.225869,-0.223279,-0.07501,-0.117287,-0.235651,-0.316708,0.090674,-0.06437,-0.044577,-0.054764,-0.167325,-0.041653,-1.3e-05,-0.049759,-0.362841,-0.166706,0.138601,-0.187032,0.124434,0.062944,-0.034597,-0.225996,0.073831,0.360234,-0.137247,-0.397459,-0.229326,-0.059123,-0.112766,0.158616,-0.192592,-0.073292,0.094861,0.26616,-0.008709,-0.116913,-0.108298,0.22458,0.07548,0.013955,-0.013023,0.209832,0.0004,0.230251,-0.168673,-0.256835,-0.015274,-0.086636,-0.290214,9.4e-05,0.618805,-0.020341,-0.061724,-0.306768,-0.03127,-0.127514,-0.019184,0.122279,0.166373,-0.009733,-0.211072,-0.183031,-0.190446,-0.166934,-0.256906,0.179812,0.138332,-0.042319,0.088194,-0.070828,0.078195,0.034414,0.061726,-0.132797,0.18948,0.173816,0.154281,-0.027336,0.073179,0.028579,0.165154,0.005636,-0.112178,-0.046583,0.101121,0.094143,0.075805,-0.123968,0.106366,-0.050275,0.008895,0.047153,-0.092418,0.260249,0.055746,0.0019,-0.113008,-0.030489,-0.143092,0.333392,-0.101609,0.306574,-0.326489,-0.043842,-0.36725,0.035675,0.050998,0.027164,0.064393,0.016861,-0.141365,-0.009661,-0.036665,-0.242972,-0.050481,-0.293993,-0.056973,-0.192867,0.036516,0.082512,0.160325,0.05114,-0.128632,0.004762,0.057898,-0.12605,-0.184561,0.152929,-0.199184,-0.381412,0.003839,-0.016289,0.100794,-0.009638,0.148628,0.021969,-0.18915,0.085164,-0.063777,-0.121883,0.062872,0.028765,-0.236428,0.224656,-0.321697,-0.249392,-0.161825,0.136354,0.06482,-0.063625,-0.01464,-0.033349,-0.076931,0.32496,0.140634,-0.095731,0.227466,-0.05093,-0.082326,0.188551,0.035071,0.033301,0.072203,-0.008019,-0.166755,0.253492,0.077012,-0.068066,0.109483,0.018325,-0.054918,0.050885,0.217857,-0.027329,-0.032369,0.17455,0.19363,-0.033491,-0.229097,0.175709,-0.05173,0.169201,-0.158781,-0.224267,#
5,0.171455,-0.009185,-0.132201,-0.177737,0.034534,1.0,0.367889,0.43632,0.07308,0.094004,0.03869,0.184319,0.130352,0.13252,0.046985,0.051415,0.105668,-0.031211,0.211717,-0.200315,0.061786,-0.022331,0.164622,-0.082778,-0.068999,0.106605,0.031094,0.033918,0.244503,0.235779,-0.311403,-0.049046,-0.071696,-0.017016,-0.029343,0.088209,0.102861,-0.161876,-0.054467,-0.081896,-0.154727,0.181893,-0.119372,-0.159183,0.021602,-0.089078,0.143164,-0.210759,-0.022133,0.182568,-0.032901,-0.013323,0.239804,0.156658,0.129494,0.18444,-0.166183,0.169513,-0.264829,0.011912,0.112875,-0.071344,-0.030595,0.303404,-0.173685,0.16532,-0.084583,0.134388,-0.07262,-0.394896,0.134333,0.018433,-0.105167,0.058094,-0.058624,0.281782,-0.175605,-0.029521,-0.187778,-0.116508,-0.231418,-0.411609,-0.173554,0.228853,-0.21933,-0.221037,-0.145351,-0.011253,-0.109292,-0.239821,-0.066178,-0.238391,-0.199569,-0.147753,-0.146251,-0.091,-0.223309,-0.328488,-0.143752,-0.4362,0.223338,0.037261,-0.127806,-0.249369,-0.380805,-0.351392,-0.06204,0.130392,-0.314976,-0.069313,0.070214,0.408743,-0.390833,-0.361412,-0.022297,-0.09065,-0.130148,0.14324,0.202486,-0.175523,-0.126401,-0.264461,-0.022653,-0.158524,-0.244056,-0.074559,-0.05436,-0.062991,-0.420356,-0.056001,-0.156113,-0.1804,-0.098817,0.108519,-0.474869,-0.12763,0.179662,0.103503,0.078718,-0.241841,-0.177493,0.028083,-0.190748,0.001118,-0.131431,-0.325559,0.175182,0.094384,-0.353629,-0.139982,-0.092603,-0.288778,0.074201,-0.213471,0.158611,-0.262949,0.064271,0.081035,-0.524348,-0.166755,-0.22204,-0.137667,0.13789,-0.287493,0.074456,-0.023116,-0.211999,-0.142315,-0.164871,-0.161544,0.102634,-0.203414,-0.181135,-0.194466,0.227168,-0.169305,-0.077205,0.037036,0.159331,-0.130397,0.305292,0.044493,0.048426,0.125669,0.509609,-0.095061,0.151826,-0.025813,-0.100178,0.2057,-0.073446,0.008492,0.207176,-0.116254,-0.259732,0.158755,0.129564,-0.145855,-0.225632,-0.051695,#
6,0.402281,0.178563,0.061982,-0.330014,-0.038055,0.367889,1.0,0.194748,0.305113,0.237964,0.105788,0.086081,0.227947,0.377652,-0.039036,0.294375,0.100789,0.182329,0.304313,0.078879,-0.109698,0.101959,0.240415,-0.143807,0.010036,0.031463,-0.033598,-0.047778,0.489298,0.044585,-0.266258,-0.117519,-0.080895,-0.285519,0.036713,0.103874,0.223558,-0.217048,0.20915,-0.081067,0.118524,0.226091,-0.014121,-0.113141,0.107901,-0.316215,0.038354,-0.163972,-0.1921,0.166314,0.041308,-0.288926,0.144228,-0.010868,0.369581,0.030642,-0.137042,-0.191399,-0.06142,-0.185827,0.384265,0.1253,-0.060441,0.309368,0.124478,0.366469,-0.174076,0.235661,0.062135,-0.260231,0.161898,0.159413,-0.205048,-0.50017,-0.28607,0.262783,-0.419539,-0.348544,-0.198887,-0.203524,-0.232585,-0.328958,-0.262429,-0.097725,-0.549719,-0.152396,-0.299507,-0.264338,-0.357609,-0.410637,-0.471003,-0.423071,-0.528533,-0.15526,-0.319483,-0.493646,-0.235031,-0.423678,-0.242101,-0.276493,0.028283,-0.046224,-0.373537,-0.322816,-0.394426,-0.441072,-0.068097,-0.128851,-0.212013,-0.240844,-0.008845,0.114831,-0.406887,-0.444667,-0.03762,-0.257503,-0.149003,-0.09216,0.143065,-0.40147,-0.394504,-0.281305,-0.278042,-0.356541,-0.238337,-0.26461,0.026558,0.089129,-0.388681,-0.31452,-0.325438,-0.413825,-0.347974,0.061445,-0.302013,-0.381244,0.074996,-0.163074,0.133584,-0.494591,-0.270657,0.023666,-0.19582,-0.408081,-0.456279,-0.280376,-0.229839,0.56589,-0.432566,-0.340231,-0.185165,-0.382828,-0.230894,-0.321247,-0.03685,-0.358491,0.184241,0.453156,-0.351062,-0.262761,0.039215,-0.316418,0.024806,-0.130747,-0.090016,0.201415,-0.117986,-0.061151,-0.491625,-0.165554,0.172567,-0.127812,-0.183846,-0.275509,0.301728,-0.430864,-0.088277,0.255762,0.395108,-0.540652,0.379858,0.054239,-0.044035,0.356499,0.265925,-0.375927,0.046397,-0.024489,-0.214309,0.213621,-0.374381,0.17741,0.291857,0.150221,-0.193527,-0.102612,0.121187,-0.151353,-0.19658,0.288647,#
7,-0.120765,0.019985,-0.118023,-0.139115,-0.116681,0.43632,0.194748,1.0,-0.142315,0.315703,-0.306675,-0.007949,0.425177,0.2842,0.241811,0.142005,0.117002,0.184814,0.109314,-0.152237,0.214893,0.225994,0.089746,0.05369,-0.060298,0.015971,-0.022691,-0.314851,0.141214,0.187044,-0.153917,-0.085146,0.13796,0.084824,-0.249557,-0.112512,-0.027041,-0.142552,-0.063991,-0.44135,0.054804,0.171181,0.086643,-0.208033,-0.123943,-0.280013,0.225594,-0.244417,-0.029096,-0.002559,-0.20874,-0.107411,0.165959,-0.048591,0.285308,0.227171,0.050598,-0.235732,-0.207974,0.185506,0.186978,-0.161297,-0.139041,0.254068,-0.052746,0.376021,-0.05848,0.241127,-0.255011,-0.102205,-0.036527,0.324355,-0.387971,-0.001066,-0.006907,0.066252,0.010893,0.125692,0.013092,0.044969,-0.033143,-0.433492,-0.223693,-0.084781,-0.108531,-0.093487,-0.021581,-0.016897,0.161613,0.068325,0.052428,-0.265958,-0.144394,0.058136,-0.017939,-0.053986,-0.186517,0.023562,0.066937,-0.430042,-0.068073,0.094518,-0.188382,0.022834,-0.213169,-0.049186,-0.287339,-0.065201,0.021985,-0.229495,0.035899,0.15043,-0.140133,-0.13374,0.063071,0.018004,-0.049773,-0.064663,0.071444,-0.174839,0.095339,-0.559255,-0.044842,-0.111286,-0.21009,-0.100129,-0.024322,-0.132391,-0.21585,-0.008984,-0.198805,0.056538,-0.080572,-0.008279,-0.235149,0.036612,0.191478,-0.252635,0.047985,-0.330267,-0.228259,-0.169018,-0.25615,-0.049155,-0.319293,-0.167521,0.074164,0.119662,-0.15648,-0.112695,-0.090338,-0.059207,-0.100366,-0.231776,0.06224,-0.422015,0.124989,0.323362,-0.215963,-0.046934,-0.007218,0.0143,-0.121439,-0.08176,0.316124,0.072464,-0.266028,0.092402,-0.004415,0.225664,-0.106121,-0.013524,-0.277898,-0.130784,0.291968,-0.25834,-0.110646,-0.14466,0.262749,-0.093452,0.230589,0.204959,0.120086,-0.096196,0.187672,0.003695,-0.037015,-0.099079,-0.312724,0.170151,-0.206144,-0.211759,0.042605,-0.073625,-0.067855,-0.039227,0.039674,-0.072213,-0.31227,0.266835,#
8,0.08954,-0.242731,0.050299,-0.332649,0.085656,0.07308,0.305113,-0.142315,1.0,0.155381,0.043738,0.183021,-0.09397,0.110286,-0.007219,-0.112912,-0.202665,0.021081,0.076745,0.090101,-0.102723,0.098414,0.129833,-0.094744,0.019046,0.194709,0.10013,0.251269,0.136112,0.075152,-0.269735,-0.088042,0.004825,0.033007,0.059429,0.012657,-0.03937,-0.051308,0.191777,-0.01035,0.173993,0.055519,-0.161409,0.024521,0.099812,-0.099882,0.007179,0.09848,-0.056746,-0.036981,-0.015587,-0.110834,0.044875,0.181419,0.165178,0.317672,-0.283648,-0.008427,-0.067302,0.098426,0.081514,0.04561,0.098499,0.201325,0.040938,0.017332,-0.031567,0.228154,0.325213,-0.099717,0.001435,0.070027,0.11557,-0.003821,-0.207031,0.065684,-0.023006,-0.236818,-0.079466,0.021266,-0.058457,-0.04409,-0.078413,-0.092054,-0.21146,0.193991,-0.291128,-0.184606,-0.076167,-0.423078,0.067873,-0.237206,-0.297811,0.107939,-0.07518,-0.008221,-0.134496,-0.210615,-0.349893,-0.125222,-0.024233,0.11794,-0.044759,-0.080038,0.058308,-0.271906,-0.023076,-0.052776,-0.068061,0.042576,-0.091146,-0.101129,-0.149001,-0.196279,0.093316,-0.069995,0.128802,-0.060832,-0.048353,-0.031798,0.025848,0.031502,0.09088,-0.207537,-0.082711,0.062023,0.289536,-0.04435,-0.063035,-0.037281,0.055197,-0.185985,-0.36173,-0.088624,-0.09273,0.032479,-0.146734,0.070476,0.070109,-0.039185,-0.099875,0.096788,-0.076781,-0.174035,-0.155803,-0.37619,-0.180679,0.065568,-0.181888,-0.013905,0.15058,-0.144215,-0.085164,-0.18931,0.182611,-0.083668,0.184559,0.205862,-0.168979,-0.209154,-0.075689,0.027235,0.05588,-0.093095,-0.352759,-0.122793,0.011239,-0.1798,-0.164558,-0.036342,-0.0905,-0.165749,0.042483,-0.022108,0.263248,0.074094,0.064873,0.071489,0.336381,-0.252567,0.197415,0.185027,-0.182489,0.042393,-0.020471,0.087541,0.081193,0.09644,-0.295359,-0.110144,-0.073499,0.037968,0.060323,0.05179,-0.02672,0.106268,-0.035291,-0.168026,-0.026386,0.043337,#
9,0.083383,0.215682,0.039664,-0.375237,-0.076478,0.094004,0.237964,0.315703,0.155381,1.0,-0.132391,-0.079447,0.363155,0.573046,0.045142,0.099366,-0.441313,0.286579,0.153587,0.145497,0.05689,0.105082,0.380398,0.00544,-0.005713,-0.210633,-0.183041,-0.15347,0.236018,0.407114,0.12335,0.167395,0.265496,-0.196143,-0.039546,-0.065604,0.416409,-0.096031,0.022237,-0.421557,0.342371,0.290786,0.020722,-0.194807,0.006394,-0.510838,0.171686,0.278836,0.112756,0.030734,-0.240963,-0.207583,0.442102,-0.046129,0.273702,0.096861,-0.296025,-0.422566,-0.179526,0.267523,0.470307,-0.068479,-0.467644,0.1225,0.029289,0.325202,-0.011326,0.179604,-0.080944,0.090364,-0.028472,0.307637,-0.254543,-0.046335,-0.141911,-0.050281,-0.125187,-0.241204,0.004565,0.270483,0.036621,-0.365985,-0.23655,0.169291,-0.26947,0.126219,-0.198591,-0.1374,-0.021587,-0.283488,-0.003928,-0.090227,-0.321472,0.117598,-0.124232,-0.007201,-0.530059,-0.086054,0.211412,-0.326055,-0.336692,-0.115029,-0.310502,-0.060818,-0.054991,-0.195143,-0.290579,-0.321165,0.140789,-0.232225,0.378097,0.282208,-0.334092,-0.1936,-0.028561,-0.247415,-0.098993,-0.093321,0.367803,-0.341156,-0.18882,-0.329349,-0.062829,-0.198515,-0.331013,0.303021,0.398132,0.023372,-0.180498,-0.298694,0.08725,0.003344,-0.478497,0.040235,-0.40368,-0.289314,-0.1346,0.057926,0.204005,-0.309141,-0.013397,-0.103377,-0.246843,-0.417723,-0.390559,-0.104782,-0.258419,0.18418,-0.258977,-0.226732,-0.298617,0.0784,-0.07851,-0.514265,0.096203,-0.361674,0.609168,0.439823,-0.173113,-0.351161,-0.052346,0.046014,-0.129721,0.117961,0.212501,0.391933,-0.069519,-0.195436,0.010466,-0.147613,-0.178376,0.130207,-0.218017,-0.262006,0.313973,-0.378201,-0.032155,-0.177297,0.519388,-0.368536,0.664436,0.226252,-0.571956,-0.131663,0.208428,-0.065606,0.281645,0.06748,-0.565235,0.124403,-0.291846,-0.158907,0.008424,0.249449,-0.201103,-0.04971,0.133291,-0.053125,0.148025,0.524142,#
10,0.3787,-0.063816,0.013448,0.045243,0.348748,0.03869,0.105788,-0.306675,0.043738,-0.132391,1.0,0.058972,-0.122457,-0.006889,-0.164073,-0.083284,0.02648,-0.322057,0.150061,-0.056565,-0.091272,-0.181336,0.015213,-0.016257,0.112732,0.271548,-0.058211,0.109407,0.176923,-0.217477,0.000267,0.072638,-0.088935,-0.350644,-0.033852,0.192738,-0.057076,0.160457,-0.023301,0.236506,-0.264155,-0.355271,-0.0943,-0.002099,0.08982,0.175807,-0.318355,0.14023,-0.092816,0.215564,0.111871,0.030632,0.064474,0.100429,0.039421,-0.026739,-0.232768,0.329158,0.041365,-0.141357,-0.222357,-0.031297,0.053797,-0.079314,-0.226224,-0.073835,0.218297,0.179867,-0.14892,-0.119688,0.099907,-0.081455,0.121647,0.038664,-0.080867,0.105587,-0.143507,-0.192127,-0.192483,-0.107328,-0.082036,0.161103,-0.066848,0.108589,-0.011949,-0.080898,-0.002638,0.119728,0.050514,-0.067899,-0.228748,0.10374,-0.004643,-0.125972,0.069816,-0.056683,0.077882,-0.31692,0.013175,0.099546,0.22275,-0.117016,0.005239,-0.35958,0.044475,-0.158019,-0.063332,0.27639,-0.142734,0.303814,-0.185976,0.04328,-0.262469,-0.066764,0.028712,0.079535,-0.316961,-0.01777,-0.172877,0.052535,-0.308999,0.369191,-0.023416,-0.151701,-0.15023,0.045379,-0.161774,-0.023519,-0.140387,-0.268199,-0.144618,-0.319362,0.018229,-0.185278,-0.024819,-0.013738,0.076353,-0.108054,-0.022088,0.018992,-0.058647,0.197076,0.035922,0.156513,0.125745,-0.138045,-0.173448,0.091724,-0.051919,0.016503,0.249155,-0.036023,-0.153241,-0.061922,-0.083905,0.022797,-0.271419,-0.061841,-0.109467,0.102687,-0.100074,-0.185341,0.07249,-0.114517,0.105856,-0.087014,0.028511,-0.202672,-0.151603,0.093763,0.210956,0.041659,0.183519,0.135854,-0.11119,0.12207,0.065039,0.09016,-0.027752,0.000595,-0.228428,0.0733,0.027701,0.003386,0.106016,0.071594,-0.011972,0.160229,0.346088,0.184487,0.094651,0.295047,0.214762,-0.134372,-0.072772,-0.081881,-0.065186,-0.095768,-0.117684,-0.360171,#
11,0.011001,0.032134,-0.19093,-0.069756,0.005957,0.184319,0.086081,-0.007949,0.183021,-0.079447,0.058972,1.0,-0.037956,0.16649,-0.008928,-0.06247,-0.131233,-0.098367,0.021059,0.068719,0.219612,-0.135034,-0.000749,0.011171,0.065082,-0.030076,0.056386,0.068601,0.007619,-0.000167,0.02076,0.026197,0.03708,0.074163,-0.044258,-0.014159,-0.070569,-0.046414,0.063697,-0.113153,-0.16616,0.16001,-0.21915,-0.188428,-0.101341,0.241586,-0.086476,-0.013952,-0.001119,0.016001,-0.247251,0.047099,-0.120448,0.245055,0.03864,-0.074016,-0.335752,0.14203,-0.283736,-0.106302,-0.148926,-0.307094,0.046077,0.255655,0.054995,0.129351,-0.188406,0.24315,0.28771,-0.188002,0.039204,0.068305,0.167977,0.015601,0.039141,-0.062143,0.003107,0.178286,-0.138985,-0.140332,-0.184045,-0.260517,0.058401,0.001477,-0.118485,-0.249796,-0.186335,-0.149791,0.095009,-0.040208,-0.021424,-0.244228,-0.122187,-0.02309,-0.016003,-0.0815,0.100473,0.003307,-0.102871,0.121411,0.145145,0.014571,-0.114594,-0.064307,-0.137597,-0.032893,-0.022822,0.096253,-0.106099,0.03784,0.071428,-0.042998,-0.274294,-0.107075,-0.027398,0.028721,0.004015,0.100594,0.029355,-0.046262,-0.005707,0.006881,-0.041095,-0.039018,-0.009551,-0.05246,-0.017965,-0.067542,-0.073909,0.107286,-0.076203,-0.02394,-0.170744,-0.009335,-0.122903,0.205003,-0.005148,-0.166922,0.047253,-0.323018,-0.010431,0.218007,0.135061,0.008834,0.113094,-0.208167,0.047144,-0.058936,-0.161654,-0.036345,0.101361,0.159442,-0.034528,0.145502,0.188019,0.132702,0.004116,0.048058,-0.117591,-0.231911,-0.08704,-0.060896,0.031609,-0.166604,-0.312736,-0.022418,0.061782,0.082627,0.190653,0.02117,0.15156,0.221348,0.083299,-0.12061,0.117374,0.019935,0.102343,0.24526,0.126079,0.248882,-0.075897,-0.11718,-0.013682,-0.086645,0.187968,0.16738,-0.09387,-0.026084,0.16782,0.146708,-0.007766,0.317726,0.043032,0.076775,-0.174983,-0.038897,0.010371,-0.21056,-0.023853,-0.237265,#
12,0.245806,0.10529,0.025815,-0.342928,-0.071055,0.130352,0.227947,0.425177,-0.09397,0.363155,-0.122457,-0.037956,1.0,0.592473,0.080397,0.28647,-0.087244,0.266177,0.179987,0.100878,0.112013,0.090404,0.404612,0.053689,-0.102511,-0.342817,-0.067713,-0.121599,0.281,0.235061,0.041181,0.03416,0.085405,0.066793,-0.212657,0.168648,0.256361,-0.152572,-0.13618,-0.119112,-0.034341,0.176605,0.168708,-0.233096,-0.250062,-0.43841,0.321935,0.069887,-0.00622,0.095052,0.002859,-0.208915,0.172679,-0.081746,0.150217,0.068203,0.002662,-0.366259,-0.064481,0.070264,0.446387,-0.103376,-0.202529,0.260378,0.087178,0.156215,-0.231924,0.189117,-0.023016,-0.002937,-0.100575,0.180869,-0.380613,-0.272323,-0.250705,0.090737,-0.232331,-0.08176,-0.105203,-0.004436,-0.080007,-0.381017,-0.298394,-0.235967,-0.174061,0.025255,-0.142167,-0.026241,-0.078179,-0.042457,-0.232076,-0.13119,-0.352054,-0.06511,-0.196913,-0.216079,-0.355045,-0.156643,-0.095388,-0.424276,-0.079309,-0.287723,-0.321054,0.038926,-0.185396,-0.162381,-0.260316,-0.179602,-0.005708,-0.302711,0.115337,-0.016031,-0.287196,-0.258097,0.068559,-0.212165,-0.034071,-0.10454,0.057038,-0.253469,-0.00374,-0.35017,-0.253545,-0.285266,-0.320347,-0.092635,0.148471,0.130924,-0.258363,-0.224639,-0.127536,-0.054123,-0.316171,0.186966,-0.095613,-0.147011,0.119355,-0.26413,-0.033968,-0.336622,-0.297675,0.02583,-0.138718,-0.307372,-0.360247,0.06097,-0.126411,0.315668,-0.307869,-0.201374,-0.324855,-0.11033,-0.058383,-0.298433,0.067259,-0.342424,0.273789,0.242287,-0.196619,-0.209837,0.132927,-0.129086,0.035623,0.004018,0.297025,0.200818,-0.053151,0.21957,-0.167958,-0.028121,-0.101116,-0.058343,-0.486362,-0.15814,0.12138,-0.215869,-0.26852,0.071343,0.186828,-0.352995,0.234027,0.099944,0.122089,-0.041638,0.197295,-0.076685,0.13107,0.123061,-0.269343,0.334856,-0.280566,-0.138911,0.112654,0.14927,0.09033,0.12579,0.064422,-0.058705,0.074172,0.376879,#
13,0.272356,0.206517,-0.036055,-0.541491,-0.224167,0.13252,0.377652,0.2842,0.110286,0.573046,-0.006889,0.16649,0.592473,1.0,0.179975,0.158352,-0.340565,0.067074,0.371772,0.296313,0.286386,0.190329,0.449593,-0.002239,-0.122544,-0.221192,0.156276,0.072178,0.353977,0.24106,0.210657,0.262863,0.10249,0.040471,-0.253261,-0.143566,0.234431,0.010879,0.0205,-0.307226,0.088386,0.447766,0.004445,-0.233076,-0.057436,-0.536163,0.27953,0.240696,-0.143593,-0.009938,-0.014603,-0.245943,0.212856,-0.262234,0.056589,0.136782,-0.231448,-0.354497,-0.22176,3.8e-05,0.561038,0.005804,-0.34409,0.197292,0.161095,0.299131,-0.207373,0.174363,-0.035445,-0.027429,-0.115697,0.324711,-0.137762,-0.257031,-0.321074,0.081851,-0.278204,-0.124575,-0.141601,0.209643,0.016647,-0.456404,-0.315735,-0.017543,-0.294084,0.145817,-0.250433,-0.166447,-0.070933,-0.174549,-0.220672,-0.188008,-0.304883,-0.030353,-0.180019,-0.246911,-0.383889,-0.193155,0.121401,-0.357939,-0.21781,-0.228281,-0.390605,-0.251641,-0.184766,-0.124048,-0.213176,-0.346505,0.091682,-0.27848,0.147824,0.214603,-0.506962,-0.099909,0.167136,-0.236925,-0.230354,-0.187825,0.399572,-0.309343,-0.050319,-0.293171,-0.053092,-0.253075,-0.384643,0.063174,0.142881,0.03171,-0.317163,-0.356788,-0.078697,-0.216062,-0.421571,-0.027814,-0.156675,-0.231664,0.096723,-0.225477,0.241603,-0.511421,-0.047521,0.199756,-0.054696,-0.391229,-0.478654,-0.026866,-0.062796,0.299616,-0.439121,-0.093477,-0.188509,0.054966,0.035511,-0.351065,-0.037413,-0.206355,0.519813,0.271384,-0.18516,-0.363838,0.080705,-0.078569,0.056214,-0.196607,0.144368,0.429988,0.007688,0.079784,-0.157199,-0.130864,-0.208042,-0.014615,-0.315167,-0.29837,0.12702,-0.336293,-0.028023,0.089233,0.448691,-0.424113,0.421522,-0.091261,-0.267103,0.027956,0.198872,-0.029872,0.012002,0.126723,-0.414122,0.285239,-0.312153,-0.088007,-0.01137,0.229847,0.005929,-0.168409,0.05808,-0.205681,0.082791,0.373261,#
14,0.075533,0.126027,-0.274285,-0.00214,-0.152538,0.046985,-0.039036,0.241811,-0.007219,0.045142,-0.164073,-0.008928,0.080397,0.179975,1.0,-0.078384,-0.014491,-0.073715,0.201725,0.121462,0.37846,0.081358,0.148747,0.172234,-0.189254,-0.002996,0.241438,0.103072,0.082751,-0.004823,-0.037565,0.128494,0.145164,0.03388,-0.11053,-0.281289,-0.102627,-0.062873,-0.112445,-0.185755,0.147377,0.348362,0.012344,0.159195,0.255498,-0.155757,0.176491,0.012061,0.02796,-0.069357,0.084596,0.091846,0.085251,-0.16651,-0.027247,0.365057,0.072961,-0.137632,-0.148154,0.077719,0.159152,0.070835,-0.093866,0.148059,0.168164,-0.066746,-0.09251,-0.183841,-0.072471,-0.105893,0.011455,0.004291,0.149601,0.086337,-0.042676,-0.084267,-0.144538,0.227613,-0.174856,0.361535,0.070994,-0.248593,-0.027017,-0.052483,0.006333,0.215058,0.191687,0.01532,0.049008,-0.074058,-0.074787,0.052774,0.188739,-0.075581,-0.005071,-0.004051,-0.127678,-0.041793,0.003683,-0.186639,-0.013812,0.200455,-0.17286,-0.223759,-0.220428,0.048466,-0.267282,-0.031961,0.081772,0.08445,-0.007105,0.124084,0.065572,0.068986,0.148599,0.002799,-0.034006,-0.070658,0.049248,-0.324461,0.048387,-0.213956,0.021258,0.091524,-0.145269,-0.217264,-0.056564,0.135505,-0.254783,0.089271,-0.048182,0.011605,-0.134799,-0.066105,-0.045899,0.037014,-0.211043,0.083496,0.059181,-0.133441,-0.102063,-0.049153,-0.080739,0.236023,-0.17821,-0.093983,-0.016353,-0.05419,-0.142974,0.132374,-0.080192,-0.128891,0.133988,0.136537,-0.147358,0.038703,0.244255,0.102766,-0.076323,0.244094,0.038501,0.033632,0.06017,-0.227169,-0.07286,0.103819,0.130057,-0.039097,-0.0141,-0.107038,-0.285393,-0.029679,-0.209954,0.185568,0.038868,-0.210664,-0.044908,-0.059577,0.234037,-0.041646,-0.028205,0.185208,0.15646,0.052543,0.027853,-0.097425,0.282398,-0.073636,0.058846,0.000886,-0.075494,-0.147561,0.061198,0.119121,-0.048074,0.031993,-0.100318,-0.188901,-0.015349,-0.073681,#
15,0.145507,0.154768,0.080503,-0.224022,-0.071167,0.051415,0.294375,0.142005,-0.112912,0.099366,-0.083284,-0.06247,0.28647,0.158352,-0.078384,1.0,0.119057,0.27114,0.023529,0.081421,-0.181103,0.142684,0.22501,-0.111155,0.013404,-0.121484,-0.123688,0.109642,0.173601,0.077812,0.133534,-0.085853,0.063997,-0.055686,0.04287,0.05235,0.222322,0.06117,0.125938,-0.095254,0.133299,0.04709,0.320536,0.133252,-0.227968,-0.171823,0.159947,-0.001804,0.016008,0.25453,0.193599,-0.086844,-0.030118,-0.055275,0.223638,-0.037163,-0.050682,-0.333938,-0.042858,0.057169,0.031325,0.262474,-0.014852,0.105472,0.010427,-0.05021,-0.019965,-0.001103,-0.380364,-0.001422,0.116589,0.276714,0.040515,-0.145164,-0.017087,0.263365,-0.037017,-0.190705,0.225355,0.117188,0.061468,-0.149788,-0.18125,0.150824,0.057221,-0.203674,-0.069817,-0.278765,-0.083144,0.226435,-0.104447,-0.008045,-0.191624,0.092583,-0.109736,-0.259562,0.075895,-0.105844,0.092076,0.030461,-0.060133,0.08577,-0.32009,0.297137,-0.039357,0.03371,0.054894,-0.033514,-0.043187,-0.126359,-0.014908,-0.00622,-0.026341,-0.128166,-0.113457,-0.046726,0.141276,-0.188535,0.042741,-0.106073,-0.042954,0.064161,-0.23841,-0.147305,-0.049912,-0.06283,-0.084769,0.307309,-0.102949,-0.158224,-0.016763,-0.12115,-0.018625,0.283479,-0.019468,-0.152213,-0.084116,-0.300739,-0.067722,-0.105044,0.00371,0.041458,-0.202774,-0.260211,-0.078184,0.230958,0.057438,0.253361,-0.178919,-0.281076,-0.130991,-0.119286,0.02787,0.005587,0.031048,0.053587,-0.015981,0.291254,-0.001591,-0.068382,0.186261,-0.155711,0.176838,-0.089275,0.245962,0.061317,-0.164888,0.288824,-0.200827,-0.102236,0.162497,0.126721,-0.059519,-0.141283,-0.090412,-0.073816,-0.127286,0.315377,-0.033437,-0.295091,0.247082,-0.130539,-0.07617,0.25487,0.029498,-0.030753,0.22254,0.075567,-0.040381,-0.03367,-0.063371,-0.182614,0.019648,0.207993,0.070655,-0.02844,0.082776,-0.007632,0.338657,0.371079,#
16,-0.096538,-0.003361,-0.123873,0.279507,0.225869,0.105668,0.100789,0.117002,-0.202665,-0.441313,0.02648,-0.131233,-0.087244,-0.340565,-0.014491,0.119057,1.0,0.011221,-0.098362,0.002331,-0.137853,-0.098673,-0.142036,-0.145089,-0.259679,0.15172,-0.144651,0.024296,-0.002289,-0.311222,-0.277543,-0.147116,0.045246,0.100202,0.138044,0.147506,-0.334065,-0.208817,-0.028106,0.24407,-0.196646,-0.339334,0.043683,0.19528,-0.128412,0.261946,-0.200926,-0.502472,-0.018828,0.207397,0.217421,0.014432,-0.241336,0.087557,0.204421,0.1145,0.367829,0.053241,0.062642,-0.159557,-0.365719,0.131605,0.312416,-0.140444,-0.256407,-0.141143,0.137443,-0.027086,-0.311761,-0.21922,-0.04877,-0.27785,0.007152,-0.097208,0.016584,-0.067331,0.177517,-0.058622,0.134683,-0.09842,-0.105512,0.219495,0.158209,-0.122176,0.06334,0.009481,0.226801,-0.116937,-0.062373,0.192086,-0.012054,0.108629,0.01506,-0.087641,0.164529,0.038664,0.335623,-0.098541,-0.175513,0.192496,0.069797,0.269416,0.227821,0.170677,-0.09888,-0.062676,0.176534,-0.00531,-0.059753,-0.039519,-0.342868,-0.180779,0.243956,0.150236,-0.305595,0.064489,0.237926,0.102522,-0.26347,0.025354,-0.06679,0.028102,-0.212108,0.000745,0.181751,-0.334027,-0.385675,-0.150033,0.02804,0.11395,-0.109642,-0.178553,0.24034,0.027153,0.264545,0.10506,0.34744,-0.245496,-0.370497,0.132781,0.085607,-0.172531,-0.042095,0.308575,0.067229,-0.043123,0.08983,-0.018873,0.07261,-0.120194,0.130771,-0.107735,0.093068,-0.016683,-0.041866,-0.053457,-0.380291,-0.077954,0.008821,0.389478,-0.180939,0.022457,0.131884,-0.234166,-0.148471,-0.165998,0.099072,0.009677,-0.147916,0.174054,0.125182,-0.012298,0.019903,0.035033,-0.169906,0.160003,-0.048425,0.087651,-0.248307,0.062149,-0.353719,0.065613,0.611858,0.060572,-0.168608,-0.186908,-0.096676,0.081396,0.349792,-0.209232,0.070979,0.091946,-0.143985,-0.316089,0.041822,0.072448,-0.045717,0.023053,-0.223392,-0.162508,#
17,-0.381899,0.076309,0.301592,0.05189,-0.223279,-0.031211,0.182329,0.184814,0.021081,0.286579,-0.322057,-0.098367,0.266177,0.067074,-0.073715,0.27114,0.011221,1.0,-0.119546,0.207641,-0.173518,-0.085619,0.038953,-0.029109,0.176972,0.129082,0.059356,-0.047473,0.100072,0.081884,-0.04011,-0.223121,-0.075531,0.068193,-0.110433,0.064628,0.001124,5.9e-05,0.079825,-0.286609,0.098566,-0.025233,0.203852,0.075264,-0.146264,-0.188381,0.033885,0.056429,0.163888,0.055318,-0.014191,-0.021445,0.080808,0.139417,0.125523,0.017402,0.138484,-0.27507,-0.018417,0.022576,0.104854,-0.098528,-0.109172,0.101938,0.152066,0.098792,0.046803,0.012837,0.007907,0.115261,0.080846,0.165724,-0.25226,-0.107448,-0.004312,-0.066706,0.102565,-0.108662,0.0869,0.096898,-0.031426,-0.130353,-0.150657,0.323802,-0.248746,0.125723,-0.072851,-0.101539,-0.22094,-0.008773,-0.02685,-0.080467,-0.281579,0.144,-0.138221,-0.072442,-0.087221,-0.040246,0.124846,-0.121191,-0.404891,-0.082709,-0.130445,0.273479,-0.085038,-0.043105,0.130972,-0.212567,0.122523,0.032799,0.106017,-0.03646,0.083932,-0.142754,-0.097996,-0.127903,0.042968,-0.041461,0.134191,-0.130972,-0.037734,-0.17745,-0.257547,-0.297343,-0.11606,0.023334,0.071584,0.109512,-0.100443,-0.021564,0.110825,0.101753,-0.181465,0.081629,-0.031545,-0.089543,0.100289,0.003835,-0.119572,-0.061728,-0.230623,-0.123064,0.022141,-0.218453,-0.063608,0.048857,-0.246737,0.342075,0.077329,-0.076076,-0.235624,0.0555,0.040736,-0.160636,0.005647,-0.120782,-0.021542,0.341432,0.104296,-0.153709,0.057539,0.133143,-0.179097,0.253392,0.09261,0.119132,-0.028078,-0.123728,-0.011668,0.061375,-0.071548,0.009133,-0.101188,-0.122321,0.074958,-0.097614,-0.107976,-0.059916,-0.000242,-0.129339,0.334539,0.040182,-0.013014,-0.045137,0.219174,-0.160189,0.277513,0.320107,-0.34869,-0.054258,0.066971,-0.33682,-0.139361,0.118734,-0.165622,-0.166154,0.17928,0.073073,0.072236,0.374577,#
18,0.428705,0.279734,0.020388,-0.195129,-0.07501,0.211717,0.304313,0.109314,0.076745,0.153587,0.150061,0.021059,0.179987,0.371772,0.201725,0.023529,-0.098362,-0.119546,1.0,0.057428,0.23514,0.218009,0.195879,-0.044731,-0.027257,0.014955,-0.006748,0.176194,0.366892,0.081145,-0.121588,0.221801,0.025199,0.086458,-0.133832,-0.004274,-0.044685,0.013935,-0.199355,0.011134,0.130641,0.191985,-0.000446,-0.092477,0.197594,-0.093614,0.019319,0.022722,-0.163737,-0.022012,0.103982,-0.081964,0.302395,-0.084637,0.012021,0.15954,-0.022368,-0.228502,-0.087545,-0.016191,0.261773,-0.261619,-0.081441,0.169304,-0.088234,0.116036,-0.265534,0.093522,-0.036522,-0.035243,-0.020505,0.153681,-0.04279,-0.275043,-0.235781,-0.043605,-0.101938,-0.117063,-0.201097,0.147107,0.285549,-0.158561,-0.05169,-0.267272,-0.066595,0.065993,-0.06519,-0.114866,-0.089722,-0.172318,-0.253724,-0.180587,0.070703,-0.249532,0.184652,-0.171438,-0.185454,-0.150862,-0.042321,-0.075554,0.195563,0.116345,-0.05741,-0.377806,-0.188877,-0.024472,-0.261114,-0.062242,-0.216839,-0.00201,-0.016581,0.228661,-0.281428,-0.009008,0.291878,0.216963,-0.080232,0.016652,0.261369,-0.200069,-0.000649,0.022971,-0.09114,-0.058998,-0.381818,-0.005149,0.043357,-0.071008,-0.144066,-0.052988,-0.108763,-0.223567,0.050002,0.028529,-0.047447,0.064636,-0.054489,0.083864,0.264545,-0.205188,-0.267859,0.079423,-0.09959,-0.094714,-0.157806,-0.111514,-0.226626,0.115374,-0.448738,-0.049397,-0.057746,-0.188243,0.084257,-0.302584,0.152407,-0.099996,0.198527,-0.002218,-0.354267,-0.086685,0.150852,0.098061,0.068655,-0.300552,-0.019655,0.155367,0.313621,0.076547,-0.199444,-0.163085,-0.005361,0.001765,-0.000981,0.13913,0.00075,-0.024076,-0.114656,0.051419,0.352837,-0.168078,-0.048693,-0.043104,0.013811,0.229367,0.02715,0.03822,0.35119,0.060148,0.005879,0.121733,-0.217808,0.015886,0.009548,0.074512,-0.00878,-0.088292,0.036819,-0.195367,-0.128308,-0.006663,#
19,0.006534,-0.046734,0.025234,-0.177114,-0.117287,-0.200315,0.078879,-0.152237,0.090101,0.145497,-0.056565,0.068719,0.100878,0.296313,0.121462,0.081421,0.002331,0.207641,0.057428,1.0,0.126555,0.128651,0.134896,0.072815,-0.168248,-0.044038,0.202352,-0.045477,0.156132,-0.19804,0.037404,0.281018,0.289902,0.202307,-0.085474,-0.270957,0.051382,0.15695,-0.038669,-0.132374,0.206184,0.095903,0.002258,-0.117602,-0.070104,-0.24682,0.142309,0.31841,-0.093374,-0.173234,0.012326,-0.193081,0.195512,-0.098079,-0.161621,0.050518,-0.033707,-0.142657,0.159778,-0.023856,0.172682,0.042226,-0.134679,-0.131292,-0.014746,-0.093597,0.005282,-0.085509,-0.084736,0.217778,-0.11399,0.183042,0.294278,-0.240832,-0.218414,-0.386968,0.16667,0.036755,0.299724,0.277584,0.192377,0.152168,-0.018918,-0.062452,0.107593,0.506315,-0.014221,-0.294767,0.093265,-0.048415,-0.127294,0.303718,-0.052801,-0.032362,0.108293,0.074003,0.044423,-0.06705,-0.02359,0.106873,-0.317332,0.142914,-0.017926,0.024239,0.399968,0.117037,0.112135,-0.115217,0.32555,-0.185981,0.028027,-0.157417,0.105455,0.141997,0.087074,-0.046634,0.068093,0.012141,0.172828,-0.195869,0.050995,-0.049487,-0.042328,-0.000397,-0.053863,0.246144,0.243297,0.180235,0.198229,0.266695,0.434999,-0.117617,0.019896,0.047442,0.304438,0.089381,0.123433,0.057011,0.137234,0.186286,0.135568,0.16674,0.049925,-0.098286,-0.112471,0.14829,0.081118,-0.080437,-0.10809,0.016397,-0.03294,0.131221,0.220178,-0.088348,-0.035351,0.136739,0.257756,-0.005938,-0.031114,-0.181933,0.272091,0.084303,0.200939,-0.17177,-0.072331,0.104214,0.320484,-0.006864,0.006832,0.151918,-0.330645,-0.101025,-0.161516,-0.093174,-0.266632,-0.039277,0.188119,-0.142214,0.129037,-0.08373,0.106908,-0.063253,-0.206372,-0.026077,-0.275715,-0.345029,0.293333,0.309259,-0.187098,-0.06929,0.066147,-0.194183,-0.307609,0.046146,0.257356,-0.235429,-0.288364,-0.164573,0.37836,0.015534,#
20,0.073816,0.288797,-0.168866,-0.003964,-0.235651,0.061786,-0.109698,0.214893,-0.102723,0.05689,-0.091272,0.219612,0.112013,0.286386,0.37846,-0.181103,-0.137853,-0.173518,0.23514,0.126555,1.0,0.119655,0.078121,-0.08333,-0.09507,-0.123829,0.172725,-0.018633,-0.237018,-0.082301,0.030833,0.170261,0.314677,0.192952,-0.443806,-0.383927,-0.117754,-0.086814,0.016024,-0.160549,0.162905,0.244813,-0.319113,-0.012708,0.218695,-0.158788,0.126398,-0.002706,0.013542,-0.104867,-0.149178,0.128529,0.210927,0.039979,-0.06783,0.158157,-0.079427,-0.096337,-0.385264,0.0738,0.013715,0.004955,-0.091918,0.053364,0.249744,0.039039,-0.339174,-0.025337,0.076009,0.029257,-0.305835,0.136485,-0.009307,0.095887,-0.262241,-0.235205,0.018782,0.247306,0.08218,0.186749,0.174188,-0.172861,0.032132,-0.054623,0.157002,0.052169,-0.029403,0.121595,0.366657,0.00044,-0.013069,0.015352,0.038458,0.056456,0.182671,0.160064,-0.186034,-0.15089,0.147088,-0.133524,0.125937,0.175436,0.082887,-0.063462,0.02477,0.104412,-0.025305,0.035752,-0.045078,-0.126322,0.006432,0.05529,-0.224439,0.140382,0.255817,0.081289,0.002537,-0.06124,-0.023614,-0.038692,0.185497,-0.176669,-0.050192,0.083933,-0.072967,-0.088376,0.113972,-0.269269,-0.149467,0.077739,0.116171,0.075985,-0.045749,-0.088661,0.068094,0.272854,0.141983,0.118191,0.181753,-0.111122,-0.043924,0.274238,0.030672,0.108635,-0.078068,-0.076102,0.01807,-0.190444,-0.033192,0.096458,0.126474,0.078378,0.080205,0.092779,0.102574,0.020612,0.250034,-0.159346,-0.212012,0.027165,0.001524,-0.071504,0.048582,-0.310342,-0.066917,0.013181,0.258906,0.150898,0.136986,-0.157113,-0.180247,0.117964,-0.162957,-0.019578,0.044599,-0.110144,0.107485,-0.238712,0.241809,0.063441,-0.204974,-0.129791,0.111178,-0.030566,0.034769,-0.021513,-0.023799,-0.21788,-0.161254,0.223873,-0.01839,-0.094322,-0.086499,-0.029785,-0.040499,-0.218643,0.028794,-0.507808,-0.158308,-0.111617,#
