0,1.0,0.00849,-0.240791,-0.128244,0.249965,0.080184,0.402973,-0.290654,0.103498,-0.073357,0.507514,0.169628,0.215379,0.100706,0.024593,-0.07722,-0.001116,-0.411147,0.331492,-0.082866,0.04536,-0.004291,0.127856,0.002003,0.000709,-0.110528,-0.184197,0.14959,0.186528,0.047922,-0.29728,-0.053537,0.107844,-0.23223,0.330388,0.090693,0.067391,-0.045174,0.105181,0.296881,-0.054279,0.115446,-0.057083,-0.070789,0.135669,0.145552,0.162097,0.129248,-0.132634,-0.000356,0.124925,-0.128292,0.055177,-0.107572,0.097983,0.055448,-0.142705,0.200549,-0.094633,-0.094747,0.119663,0.07695,-0.1633,0.175366,-0.300498,-0.011948,-0.053844,0.00254,-0.079829,-0.159469,0.008268,-0.00896,0.179903,-0.236912,-0.164955,0.138596,-0.438128,-0.155627,-0.272359,-0.083785,-0.109152,-0.124928,-0.129488,-0.37078,-0.035461,-0.117478,-0.133679,-0.124914,-0.142799,-0.19141,-0.332151,-0.162124,-0.036194,-0.329751,-0.078594,-0.278515,-0.091482,-0.479744,-0.345539,-0.139705,0.32619,-0.079248,-0.092605,-0.223265,-0.108411,-0.249446,-0.198064,0.032767,-0.233762,-0.064091,-0.170224,0.105447,-0.302563,-0.286061,-0.039878,-0.000276,-0.032194,0.039083,0.015788,-0.081906,-0.245872,0.054414,0.004792,0.141764,-0.120534,-0.025018,-0.131856,0.164502,-0.165996,-0.208357,-0.315473,-0.378231,-0.105217,0.213483,-0.047452,-0.114066,-0.100176,-0.201751,0.154295,-0.122967,-0.140803,0.186242,-0.025293,-0.235602,-0.244019,-0.136918,-0.147111,0.06031,-0.287269,-0.297355,0.015299,-0.13517,-0.389203,-0.084029,0.163603,-0.127746,-0.010152,0.081891,-0.356692,-0.005876,-0.14823,-0.232298,0.023089,-0.265173,-0.01273,-0.041668,0.155944,0.024442,-0.334263,-0.136406,0.183439,-0.181602,0.105711,-0.004459,0.078037,-0.043868,-0.200394,0.109612,0.11059,-0.336648,-0.049183,0.110659,-0.013871,0.282449,0.108664,-0.107008,0.085867,-0.039577,0.289628,0.220949,-0.364573,0.219689,0.417713,-0.022943,-8.2e-05,0.153783,-0.035495,-0.199568,-0.092156,-0.218942,#
1,0.00849,1.0,0.02352,-0.088664,-0.021347,-0.023971,0.206496,0.08667,-0.140613,0.223936,-0.089407,-0.040496,0.055839,0.201623,0.033398,0.129882,0.144728,0.101115,0.284197,-0.011016,0.206109,0.083189,0.027717,-0.137551,-0.037746,-0.211255,-0.110175,-0.031615,0.202877,0.090044,-0.085644,0.036461,0.052491,-0.036909,0.107938,-0.016178,-0.081799,-0.256699,0.103306,-0.005071,0.096096,0.190706,-0.031215,0.043986,-0.054914,0.007349,0.011816,-0.038767,0.150079,0.304823,-0.026094,-0.005745,0.101976,0.08814,0.080336,-0.14205,0.227706,-0.230216,-0.089565,-0.126896,0.034086,-0.123477,-0.032533,0.041349,0.363316,0.339063,-0.358895,0.031782,-0.093534,-0.126705,-0.106649,0.04601,-0.146812,-0.095352,-0.060593,0.118902,-0.124453,0.00228,0.188897,-0.050602,-0.008241,-0.234109,-0.072157,-0.036503,-0.15589,0.048418,-0.013849,-0.080418,0.01043,-0.082575,-0.211155,-0.001874,-0.032845,-0.153284,-0.040457,-0.046597,-0.007364,0.172501,0.358941,-0.034538,-0.058121,0.112482,0.060024,-0.020057,-0.248475,-0.049659,0.113727,-0.114737,-0.270271,-0.159213,0.214886,-0.053114,-0.051123,0.046376,-0.071984,-0.043675,-0.137037,0.046429,0.052215,-0.182429,-0.126154,-0.070557,-0.326589,-0.200537,-0.190929,-0.185425,-0.059362,-0.178116,-0.227567,-0.131636,0.093119,-0.196758,-0.157509,-0.032849,-0.188864,-0.190723,0.100815,0.131463,0.091678,-0.167364,-0.100231,-0.206561,0.102669,-0.052214,-0.037734,-0.224661,-0.411307,0.067183,0.008854,0.002163,-0.056737,0.139423,0.120276,-0.18946,-0.092072,-0.121982,0.167737,0.105024,-0.095687,0.105832,-0.119594,0.070558,-0.135628,0.060243,-0.092437,0.325536,0.260061,0.144315,-0.093938,-0.326334,0.113238,0.165764,-0.072616,0.035706,0.056806,-0.138863,0.026185,-0.018202,0.124002,-0.074287,0.086849,-0.060286,0.120692,0.159779,0.235881,-0.129511,0.122796,-0.203409,0.039778,0.11555,-0.036227,0.075971,-0.14036,0.090452,-0.083427,-0.030619,0.167026,-0.069785,0.018869,0.165491,#
2,-0.240791,0.02352,1.0,-0.355356,-0.175541,-0.08871,0.078534,-0.054074,0.118026,0.119146,-0.07538,-0.189977,0.127455,0.023378,-0.201266,0.084668,-0.11151,0.409303,-0.124944,0.109248,-0.190168,0.066198,-0.079619,-0.006819,0.029122,0.053582,0.074227,-0.186917,0.028707,-0.187858,0.009275,0.160859,-0.233297,0.136113,-0.007389,0.111181,0.067848,0.47559,0.005282,-0.392518,0.141866,0.067392,0.017627,-0.047357,-0.126428,-0.320324,-0.085217,-0.011136,-0.041406,-0.026647,0.054893,-0.209112,0.203752,-0.190095,-0.194012,0.002181,-0.012689,-0.253532,0.183628,-0.196384,0.216644,-0.062194,0.054593,-0.228438,0.268132,0.241098,0.101,-0.020237,0.122538,0.182033,-0.104677,0.103139,-0.398131,0.081641,-0.011975,-0.122277,0.021338,0.066973,0.08713,0.055834,0.098169,0.097452,0.12904,0.213999,-0.142173,0.142169,0.110821,0.007779,-0.092001,0.213792,0.076542,0.013267,0.074158,0.214974,-0.056635,0.087199,0.061501,0.038631,0.077158,0.052441,-0.277503,-0.184776,0.047702,0.197354,0.244956,0.085113,0.036978,-0.074702,0.19802,-0.115008,0.036566,-0.257209,0.075535,0.150735,0.246671,-0.150257,0.012978,0.129012,-0.080734,-0.131579,0.078143,0.074463,-0.00366,-0.312685,-0.175273,0.090739,0.392612,-0.014837,0.207033,0.049429,0.290688,0.108559,-0.033334,0.102137,0.059143,-0.123915,0.098948,0.280417,-0.141136,0.184316,-0.018253,0.136005,0.056559,-0.160045,0.013943,0.080033,0.042402,0.067837,0.101983,0.223413,-0.039907,0.209041,0.140007,0.012008,0.113684,0.012908,0.05785,0.039656,0.189547,-0.012669,0.328572,0.010644,-0.064116,0.338146,0.127639,-0.060055,0.070839,0.023662,0.188351,0.086356,-0.199414,-0.110355,-0.119278,-0.012245,-0.203817,0.068332,0.13421,-0.083029,0.044704,-0.153253,0.095301,0.045001,-0.079768,-0.223666,-0.112246,0.173268,0.200078,0.134374,-0.257733,-0.273475,0.176725,-0.210457,-0.315025,0.233404,-0.039391,-0.046419,0.028992,0.362331,0.183684,0.232876,#
3,-0.128244,-0.088664,-0.355356,1.0,-0.154921,-0.094565,-0.173912,0.053945,-0.43964,-0.314269,0.084636,0.008007,-0.221672,-0.443214,0.03908,-0.177796,0.194069,0.043668,-0.096062,-0.183354,0.18765,-0.195895,-0.303443,0.008943,-0.02841,0.114582,-0.098568,0.161347,-0.177283,-0.160884,0.267695,-0.154278,0.157732,-0.047458,-0.041185,0.003457,-0.136913,-0.117468,0.060024,0.137289,-0.019544,-0.222664,0.073757,0.191737,-0.06317,0.440842,-0.086459,-0.122308,0.079739,-0.270095,-0.122921,0.458835,0.004866,0.190775,0.258011,-0.285765,0.214508,0.33284,-0.07085,-0.153246,-0.509475,0.078335,0.119998,0.037449,-0.168693,-0.290031,0.035356,-0.021102,-0.101818,0.048095,0.140764,-0.222018,0.146199,0.074226,0.161005,-0.110695,0.359312,0.225338,0.12494,-0.006426,0.033964,0.179855,0.191528,0.01672,0.189604,-0.058626,0.104572,0.274166,0.156434,0.114503,0.070065,0.147426,0.11293,-0.07254,0.15173,0.182897,0.331088,0.0033,0.002548,0.22693,0.220505,0.258173,0.262422,0.283979,-0.114931,-0.005118,0.197638,0.140856,-0.130157,0.05219,-0.167307,0.105902,0.214234,0.046664,-0.054225,0.103812,0.270869,0.110959,-0.092258,0.287692,0.253639,0.174511,0.053486,0.266595,0.284738,0.055729,-0.44844,-0.093192,0.002781,0.281111,-0.110475,0.354469,0.349544,-0.008643,0.12235,0.190574,-0.003866,-0.025216,-0.120814,0.104431,0.109512,-0.128867,0.304102,0.308988,0.39789,0.062967,0.124047,-0.204314,0.281767,-0.185216,0.24879,-0.139291,-0.014849,0.091164,0.115363,0.046496,-0.436873,-0.243663,0.176253,0.171236,0.066921,0.08828,0.131926,-0.09806,-0.019577,-0.307,0.132514,-0.064179,0.036413,-0.037661,0.302318,0.167106,0.022499,0.273392,0.081165,0.115112,-0.181383,-0.046266,-0.462911,0.425701,-0.371638,0.110919,0.144195,-0.130589,-0.134892,-0.165299,-0.144491,0.035903,0.287622,0.034021,0.062942,-0.13667,-0.083968,-0.236843,0.160896,-0.094147,-0.107503,-0.273789,-0.289503,-0.204533,#
4,0.249965,-0.021347,-0.175541,-0.154921,1.0,0.07666,0.015295,-0.097395,0.017482,-0.08623,0.274072,0.12854,-0.034297,-0.16499,-0.074914,-0.090982,0.1731,-0.250528,0.125918,-0.072148,-0.076766,-0.315703,0.134112,-0.101409,0.018683,-0.076727,-0.248808,-0.090602,0.025867,-0.092773,-0.259611,-0.124635,0.086268,-0.23876,0.057602,0.092111,-0.052893,-0.254923,0.112958,0.340924,-0.029415,-0.327571,-0.258973,-0.160387,-0.134855,0.061289,-0.175754,-0.128055,0.040974,0.229353,0.028648,-0.070947,-0.148954,0.233066,0.089131,0.032603,-0.213391,0.190401,0.007739,0.253122,-0.195225,-0.12036,-0.056196,-0.074765,-0.248364,-0.057045,0.390627,-0.015148,-0.066841,-0.24357,-0.146011,0.034585,0.005039,0.040997,0.114563,-0.033086,-0.103954,-0.172737,-0.082979,-0.153164,-0.225675,0.05981,0.127667,-0.133721,0.207907,-0.072299,-0.067631,0.028297,0.086706,-0.17749,0.097018,0.181516,0.0719,-0.006689,0.146697,-0.097297,0.071868,-0.062241,-0.065966,-0.07674,0.175271,0.070759,0.00742,-0.15107,0.1386,-0.090211,-0.082761,0.070402,-0.212238,0.194695,0.044801,-0.038239,-0.302819,-0.20266,-0.210386,0.246132,-0.027168,0.345522,-0.333497,-0.004347,-0.291513,-0.019553,-0.108914,0.022437,0.02823,-0.000324,-0.0744,0.054362,-0.086052,-0.204214,-0.119705,-0.348673,0.017273,-0.031193,0.052689,0.040804,0.177697,-0.036813,-0.088807,-0.06198,-0.041029,-0.114321,-0.128353,0.112085,-0.125999,-0.22643,0.021043,-0.049495,0.021708,-0.048482,0.090801,0.063305,-0.24774,0.154557,-0.029416,-0.147163,0.063235,0.091061,-0.259743,0.064941,-0.337922,-0.248819,0.000196,0.074885,-0.087631,0.014926,0.00842,0.061178,-0.089103,0.308431,0.107322,0.049665,0.16554,-0.0779,-0.138589,0.04023,-0.035814,0.060601,0.034455,-0.087514,-0.072865,0.175188,-0.01479,0.000327,0.114227,0.00133,-0.00029,0.144779,0.303503,0.006882,-0.159525,0.136698,0.278434,-0.007354,-0.173037,0.123011,0.023097,0.041975,-0.054144,-0.201252,#
5,0.080184,-0.023971,-0.08871,-0.094565,0.07666,1.0,0.276645,0.281416,0.015529,-0.061015,-0.000306,0.16736,-0.043836,-0.05087,0.15686,-0.081397,0.088377,-0.037711,0.139375,-0.200327,-0.061773,-0.136234,0.154,-0.10937,-0.018252,0.220002,-0.049844,-0.043493,0.191653,0.191727,-0.308429,0.012227,-0.14771,0.062092,-0.016782,0.101106,0.060485,-0.100448,-0.048157,-0.011857,-0.269431,0.169007,-0.260147,-0.103402,0.160785,-0.0056,0.246021,-0.187055,0.10104,0.08044,-0.009096,-0.067413,0.182257,0.036823,-0.036738,0.160718,-0.088478,0.263181,-0.218217,0.034984,0.109275,0.00111,0.057836,0.132615,-0.183052,0.073942,-0.085308,-0.026447,-0.005025,-0.440887,-0.064691,0.021872,-0.006427,0.17129,0.030499,0.149901,-0.158545,-0.001034,-0.247868,-0.029228,-0.186969,-0.241626,-0.150418,0.277639,-0.067341,-0.251437,-0.124189,-0.034822,-0.098819,-0.147933,-0.015194,-0.173727,-0.152768,-0.298,-0.175878,0.003267,-0.146577,-0.132047,-0.203354,-0.303446,0.307144,0.092727,-0.086233,-0.285921,-0.351148,-0.346515,-0.080614,0.138831,-0.234882,-0.025281,0.111696,0.374709,-0.303614,-0.15724,-0.021172,-0.118594,0.007108,0.224631,0.15584,-0.080851,0.004392,-0.205881,0.030333,0.03666,-0.138645,-0.041664,0.065923,-0.04948,-0.379322,0.104684,-0.085474,-0.16743,-0.029543,0.03472,-0.409527,-0.127667,0.18241,0.224206,0.105229,-0.116856,-0.055794,-0.013734,-0.147397,-0.001596,-0.077257,-0.286293,0.255304,0.06631,-0.376201,-0.084312,-0.014111,-0.26963,0.139138,-0.072164,0.102214,-0.045086,0.073666,-0.127948,-0.387348,-0.073088,-0.259983,-0.096708,0.211662,-0.255359,0.080437,-0.001172,-0.208321,-0.08281,-0.022285,-0.201931,0.034077,-0.155002,-0.082393,-0.215232,0.158035,-0.132284,-0.078856,0.045455,-0.000754,0.003819,0.243896,0.006219,0.00401,0.105455,0.472845,-0.026029,0.14564,-0.06213,0.028196,0.121043,-0.041844,0.073881,0.081939,-0.087425,-0.312009,0.313334,0.103978,0.043003,-0.209271,-0.145455,#
6,0.402973,0.206496,0.078534,-0.173912,0.015295,0.276645,1.0,-0.067977,0.257881,0.063482,0.166456,0.159506,0.102645,0.167591,-0.016029,0.113982,0.122982,0.145352,0.229785,0.077793,-0.156361,-0.109949,0.130298,-0.033811,-0.002262,0.092397,-0.05259,-0.022711,0.502,-0.048429,-0.246707,-0.023192,-0.099326,-0.242148,0.114799,0.068289,0.236118,-0.187961,0.299617,0.115601,0.128517,0.26181,-0.198391,-0.079064,0.20691,-0.14013,0.138667,-0.092158,-0.132626,0.01975,-0.034621,-0.306698,0.137636,-0.08216,0.30009,-0.101973,-0.018381,-0.045156,0.030008,-0.201096,0.250974,0.139551,-0.082676,0.172749,0.179042,0.350097,-0.127643,0.092231,0.1402,-0.271938,-0.02344,0.016645,-0.152001,-0.395883,-0.276199,0.170504,-0.484127,-0.351862,-0.343759,-0.111311,-0.286098,-0.156655,-0.14274,-0.065105,-0.38265,-0.195052,-0.214253,-0.304551,-0.331085,-0.314696,-0.420243,-0.387238,-0.481444,-0.265032,-0.371024,-0.403154,-0.088849,-0.290376,-0.2503,-0.187536,0.071847,-0.04331,-0.263441,-0.295372,-0.328488,-0.331694,-0.090995,-0.088322,-0.198091,-0.268867,0.027974,0.027242,-0.264568,-0.30121,-0.060351,-0.269578,-0.061404,-0.015387,0.167076,-0.240738,-0.313827,-0.148118,-0.241928,-0.13934,-0.176655,-0.186373,0.062134,0.156025,-0.32013,-0.213939,-0.279257,-0.397004,-0.280975,0.036137,-0.272812,-0.356669,0.04308,-0.105599,0.152114,-0.393296,-0.213571,0.051918,-0.113949,-0.438271,-0.411465,-0.225113,-0.066338,0.493957,-0.397128,-0.337941,-0.124457,-0.322562,-0.219017,-0.124502,-0.076505,-0.198224,0.179059,0.293103,-0.259115,-0.222368,-0.029551,-0.249904,0.057239,-0.072268,-0.169695,0.218882,-0.0647,-0.02309,-0.361996,-0.252111,0.165479,-0.15813,-0.121881,-0.251565,0.174421,-0.344516,-0.136613,0.292207,0.226189,-0.500336,0.320388,-0.053817,-0.141675,0.347971,0.226416,-0.38435,0.111964,-0.091843,-0.085579,0.23158,-0.383025,0.202245,0.12999,0.2452,-0.198663,-0.019947,0.097459,-0.1052,-0.114761,0.206289,#
7,-0.290654,0.08667,-0.054074,0.053945,-0.097395,0.281416,-0.067977,1.0,-0.28274,0.11166,-0.29536,-0.08497,0.17497,0.005184,0.215683,0.050393,0.087231,0.080903,0.086134,-0.20287,0.209853,0.209246,-0.033652,0.070394,-0.013513,0.168053,-0.022065,-0.330127,-0.041114,0.13987,-0.129289,-0.092135,-0.019834,0.237607,-0.206933,-0.121821,-0.18798,-0.09354,-0.062393,-0.138711,0.005732,0.129855,-0.112239,-0.238269,0.163626,-0.093936,0.372249,-0.199169,0.063789,-0.037078,-0.122934,-0.134719,0.019276,-0.187296,-0.062767,0.04829,0.301571,-0.115401,-0.145824,0.314396,0.083295,-0.396772,-0.052553,0.025419,0.070708,0.158544,0.079154,-0.022805,-0.130398,-0.151052,0.119821,0.299575,-0.283791,0.247331,0.091653,-0.086152,-0.032341,0.112247,-0.039069,0.086823,0.001854,-0.303206,-0.185266,0.019321,0.003892,-0.237784,0.086742,0.07859,0.223504,0.231137,0.159379,-0.078647,0.112648,-0.100953,0.000221,0.189997,-0.042625,0.222293,0.16747,-0.160333,-0.11352,0.152754,0.012588,-0.035254,-0.157029,0.112136,-0.186156,0.089145,0.001561,0.023679,0.1903,0.094524,0.061554,0.258062,0.121083,0.138007,0.013464,-0.017472,0.088463,-0.053256,0.190017,-0.356609,-0.015013,0.212426,-0.047976,-0.011896,0.056017,-0.132106,-0.069586,0.046725,-0.099133,0.218798,0.139384,-0.196931,-0.041348,0.153703,0.184656,0.08265,0.146788,-0.121049,-0.258595,-0.164586,-0.143056,0.151899,-0.197353,-0.130825,0.028556,0.122286,-0.001959,0.123634,0.04885,8e-05,0.131888,-0.009514,-0.046261,-0.193417,0.088417,0.054575,-0.033486,-0.006922,-0.027978,0.237464,-0.088914,0.001178,0.275672,-0.16302,-0.348203,0.032008,0.140424,0.205087,-0.128282,0.125596,-0.07634,-0.193073,0.240234,-0.114388,-0.084235,-0.083278,0.050736,0.163787,0.096565,0.129369,0.101392,-0.053663,0.159532,0.052947,-0.013313,-0.122449,-0.206986,0.206141,-0.098071,-0.146481,-0.12575,0.063316,-0.073844,-0.080864,0.045787,0.092732,-0.25821,0.085554,#
8,0.103498,-0.140613,0.118026,-0.43964,0.017482,0.015529,0.257881,-0.28274,1.0,0.290498,0.025458,0.213384,-0.027815,0.237061,-0.108322,-0.039621,-0.234015,0.047519,-0.023247,0.158172,-0.169632,-0.022763,0.149204,-0.052306,0.080553,0.105024,0.121862,0.129962,0.1133,-0.037793,-0.233918,-0.034908,0.006652,-0.006643,-0.039271,0.075766,0.113662,0.06319,0.048389,0.041818,0.0745,0.079641,-0.152599,-0.071141,0.07426,-0.145758,-0.067258,0.105791,-0.112407,0.063176,-0.10518,-0.233924,0.199781,0.244883,0.229042,0.262694,-0.366551,-0.133564,-0.076292,0.06361,0.187271,-0.001932,-0.000336,0.088071,0.115416,0.050061,-0.067275,0.255428,0.238074,-0.096846,-0.095295,-0.043319,0.084948,-0.089778,-0.335029,0.197725,-0.137155,-0.300667,-0.184592,-0.005541,-0.179973,-0.062378,-0.134337,-0.033355,-0.310878,0.03879,-0.383264,-0.33541,-0.165035,-0.369705,-0.081454,-0.391572,-0.446061,-0.011505,-0.238629,-0.018098,-0.265119,-0.114564,-0.295865,-0.099131,-0.198306,-0.030879,-0.103802,-0.134785,0.033064,-0.270775,-0.020669,-0.056675,-0.002502,-0.091017,0.038241,-0.114177,-0.217997,-0.109658,0.156513,-0.129253,-0.023861,-0.255309,-0.06844,-0.154765,-0.119405,0.072177,0.020749,-0.230325,-0.219708,0.001198,0.316694,0.056663,-0.067248,-0.12728,0.126682,-0.119267,-0.512221,-0.145523,-0.171508,-0.053938,-0.158323,0.053716,-0.017477,-0.097919,-0.152398,0.172526,-0.238115,-0.307406,-0.225326,-0.292477,-0.270264,0.183278,-0.175737,-0.077532,-0.067326,-0.068179,-0.147805,-0.338503,0.148876,-0.099398,0.280155,0.324265,-0.300421,-0.310894,-0.072043,-0.106504,-0.12078,-0.118046,-0.22364,-0.005257,-0.100785,-0.119117,-0.186694,-0.099921,-0.153173,-0.216204,-0.019986,-0.085029,0.219529,0.057368,0.11285,0.10311,0.450571,-0.318482,0.206057,0.024528,-0.14913,0.134298,-0.030697,0.042198,0.117381,0.002038,-0.357994,0.01138,-0.027771,0.143684,0.02415,0.135125,-0.055109,0.147789,0.015688,-0.240972,0.107657,0.117457,#
9,-0.073357,0.223936,0.119146,-0.314269,-0.08623,-0.061015,0.063482,0.11166,0.290498,1.0,-0.117569,-0.167555,0.209771,0.505521,-0.073074,0.043696,-0.383254,0.286562,0.030462,0.19522,-0.100275,0.146185,0.228592,0.040323,0.08904,-0.086898,-0.155976,-0.079432,0.194301,0.370425,0.005803,0.096758,0.155297,-0.127835,0.016831,-0.065903,0.335613,0.016954,0.03892,-0.386135,0.278669,0.182566,0.021526,-0.137364,0.049978,-0.386729,0.106421,0.35147,0.144715,0.055216,-0.210741,-0.271439,0.39386,-0.06666,0.136061,0.004599,-0.166361,-0.372863,-0.07195,0.235646,0.395097,-0.163134,-0.388032,-0.01664,0.078978,0.249915,0.092288,-0.010949,-0.083113,0.028806,0.020217,0.200428,-0.165586,0.016297,-0.096205,-0.044876,-0.12308,-0.254286,0.011846,0.229815,-0.024888,-0.215148,-0.274508,0.253993,-0.341278,0.15738,-0.130867,-0.184645,-0.115515,-0.213712,0.033426,-0.050403,-0.290725,0.023962,-0.215197,0.156763,-0.499489,0.055947,0.256812,-0.28299,-0.435085,-0.072444,-0.215748,-0.083805,0.005031,-0.133431,-0.155815,-0.360511,0.169474,-0.200836,0.461061,0.23668,-0.195829,0.006193,0.002154,-0.205332,-0.165474,-0.153128,0.348548,-0.31349,-0.253443,-0.156447,-0.032924,-0.138996,-0.320599,0.323604,0.39625,-0.054455,-0.096155,-0.324619,0.150278,0.083308,-0.506283,-0.064492,-0.368218,-0.228756,-0.145312,0.191093,0.168548,-0.210481,-0.076814,-0.138774,-0.305875,-0.404802,-0.390086,-0.188941,-0.386364,0.156294,-0.1395,-0.068051,-0.327174,0.219141,-0.01326,-0.578704,0.045073,-0.332623,0.68536,0.392427,-0.16997,-0.367876,-0.122737,0.072835,-0.182834,0.181336,0.241944,0.369593,0.020044,-0.312063,0.028133,-0.104893,-0.275623,0.124711,-0.005607,-0.183774,0.32745,-0.29408,0.056558,-0.219216,0.549507,-0.248914,0.547991,0.187102,-0.457921,-0.19949,0.118667,-0.064049,0.210533,-0.033936,-0.581425,0.107562,-0.182729,-0.100344,-0.079715,0.303565,-0.212207,-0.036806,0.229918,0.073138,0.203755,0.450377,#
10,0.507514,-0.089407,-0.07538,0.084636,0.274072,-0.000306,0.166456,-0.29536,0.025458,-0.117569,1.0,0.263836,0.022422,-0.034352,-0.162292,-0.120723,0.06936,-0.278475,0.082709,-0.019627,-0.004582,-0.10802,-0.02521,0.123556,0.082628,0.276451,-0.034232,0.14294,0.117771,-0.174459,-0.012945,0.143489,0.115732,-0.205176,0.000452,0.128846,-0.045439,0.058466,0.000637,0.200681,-0.205374,-0.242169,-0.056197,0.069582,0.064727,0.31853,-0.120939,0.166122,-0.109536,0.071484,0.031437,-0.029071,0.101844,0.09622,0.083025,-0.088755,-0.167071,0.403521,0.054215,-0.186142,-0.251792,-0.089901,-0.050043,0.120469,-0.358556,-0.02797,0.255433,0.193037,-0.133754,-0.145573,0.193708,-0.116579,0.148364,-0.025661,-0.043415,-0.032795,-0.193468,-0.088077,-0.236282,-0.146874,-0.128974,0.121202,0.032377,0.029722,0.047916,0.000744,0.099032,0.051943,0.00978,-0.029844,-0.164877,0.039615,-0.004726,0.007176,0.007118,-0.174774,0.139837,-0.390772,-0.100201,0.074392,0.207676,-0.14134,0.020358,-0.134678,0.090526,-0.104775,-0.080945,0.186247,-0.08831,0.241513,-0.276038,0.098713,-0.126278,-0.088477,-0.103868,0.147281,-0.230448,0.035699,-0.155419,0.041079,-0.226036,0.368363,-0.021791,-0.072144,-0.054824,0.053912,-0.230259,0.076757,-0.099895,-0.217972,-0.157613,-0.287617,0.015963,-0.135117,-0.005591,0.036871,0.095003,-0.210475,-0.013465,-0.04023,-0.063785,0.24741,0.105107,0.037563,-0.020683,-0.208098,-0.090321,0.0114,-0.123547,-0.124887,0.27582,-0.155577,-0.295658,0.020287,-0.014114,-0.004816,-0.270631,-0.047325,-0.131266,0.039292,-0.07598,-0.178358,0.040715,-0.142217,-0.02275,-0.146999,0.053204,-0.28064,-0.140179,0.06698,0.237458,-0.08822,0.190603,0.139997,-0.10309,0.144867,-0.098096,0.020682,-0.076105,-0.079803,-0.164348,0.130844,-0.062021,-0.019679,0.101076,-0.053498,0.0391,0.187669,0.26611,0.211223,0.057026,0.24906,0.196742,-0.146726,-0.084567,-0.136711,-0.086928,-0.208903,-0.171646,-0.387414,#
11,0.169628,-0.040496,-0.189977,0.008007,0.12854,0.16736,0.159506,-0.08497,0.213384,-0.167555,0.263836,1.0,-0.038556,0.057221,-0.051142,-0.177848,-0.077099,-0.209712,-0.016691,-0.162687,0.110593,-0.211369,-0.025358,0.142696,0.007765,-0.051946,0.155166,0.148975,0.103353,0.106569,-0.069187,-0.021981,0.010097,0.036624,0.145313,-0.081975,-0.025943,-0.086743,0.222483,0.057865,-0.098567,0.137833,-0.178587,-0.164841,-0.05712,0.387147,-0.121206,0.028998,0.087255,0.033911,-0.295105,0.140857,-0.047348,0.180058,0.106737,-0.107567,-0.304135,0.200071,-0.274679,-0.130681,-0.189818,-0.229208,-0.04875,0.110698,0.018368,0.216712,0.031488,0.270434,0.281911,-0.192118,-0.095637,-0.078246,0.108332,0.126195,0.106574,-0.029299,-0.16039,0.065329,-0.313842,-0.136446,-0.296008,-0.253576,0.131905,0.007214,-0.087537,-0.301034,-0.143102,-0.210142,0.11129,-0.106504,0.028556,-0.230765,-0.077346,-0.123703,-0.004703,-0.08072,0.163913,-0.068754,-0.154868,0.024379,0.185997,-0.086988,-0.07019,0.021916,-0.058639,-0.076579,-0.08312,0.037795,-0.131416,0.130805,-0.028532,-0.045798,-0.135791,-0.12647,-0.044485,-0.003409,-0.08243,0.175802,0.048129,0.098087,-0.090263,0.105312,0.069282,0.10062,-0.063122,0.007548,-0.144451,-0.120916,-0.185657,-0.024229,-0.084635,-0.098663,-0.152012,-0.030598,-0.196981,0.152052,-0.037688,-0.23439,0.109049,-0.370762,-0.017945,0.161702,0.127541,-0.045033,0.13426,-0.363514,0.041471,-0.029837,-0.219855,-0.138713,0.245028,0.066009,-0.140229,0.157324,0.163709,0.116603,-0.028306,0.028507,-0.152931,-0.187002,-0.174268,-0.066768,-0.076057,-0.125378,-0.288396,-0.134957,0.015064,0.037418,0.010014,0.019286,0.261468,0.06379,0.129129,-0.073726,0.109561,0.042634,0.05592,0.399892,0.096166,0.19804,-0.061544,-0.012683,-0.09918,-0.072634,0.271121,0.194783,-0.111376,-0.105618,0.198726,0.147316,-0.159273,0.312356,0.094636,0.067499,-0.203684,-0.032454,0.010367,-0.179586,-0.079493,-0.285917,#
12,0.215379,0.055839,0.127455,-0.221672,-0.034297,-0.043836,0.102645,0.17497,-0.027815,0.209771,0.022422,-0.038556,1.0,0.432608,-0.062551,0.184725,-0.039593,0.253541,0.134849,0.032608,-0.003891,0.057617,0.247591,0.099191,0.000132,-0.291813,0.053184,0.0078,0.213489,0.158776,-0.030822,-0.075775,-0.102258,0.153815,-0.084607,0.158986,0.151365,-0.045913,-0.085222,0.151024,-0.064571,0.043704,0.060593,-0.224163,-0.133803,-0.235443,0.319735,0.215651,0.111777,0.125078,-0.015309,-0.19913,0.168505,-0.116419,-0.098513,-0.051007,0.158623,-0.295448,-0.013182,0.100951,0.35285,-0.3017,-0.173195,0.061863,0.119151,-8.4e-05,-0.039673,-0.024783,0.072721,0.017975,-0.057688,0.073324,-0.335856,-0.120683,-0.152269,-0.000537,-0.343555,-0.207814,-0.208111,-0.030367,-0.139948,-0.241022,-0.275584,-0.144034,-0.16197,-0.05885,-0.053206,-0.01645,-0.096652,0.043053,-0.195307,-0.034321,-0.233033,-0.210986,-0.219243,-0.051513,-0.259295,-0.12099,-0.03636,-0.348545,-0.124047,-0.333817,-0.173712,0.058723,-0.094678,-0.011074,-0.189684,-0.154522,-0.020375,-0.122621,0.160676,-0.136918,-0.087054,-0.027361,0.127055,-0.145696,-0.100649,-0.069064,0.11661,-0.131087,-0.068962,-0.135266,-0.266767,-0.079847,-0.26787,-0.000813,0.141506,0.081924,-0.174767,-0.313306,-0.066509,0.03374,-0.252526,0.155466,-0.000977,-0.004873,0.066541,-0.176586,0.01051,-0.207546,-0.426278,0.014923,-0.161674,-0.252239,-0.263796,0.019821,-0.258508,0.387289,-0.22326,-0.058147,-0.312379,-0.029132,-0.024649,-0.247978,0.021952,-0.282636,0.228799,0.144506,-0.138988,-0.209463,0.010139,2.5e-05,-0.054819,0.092581,0.262177,0.03207,-0.013283,0.125047,-0.155699,-0.018426,-0.143307,-0.147543,-0.304763,-0.144701,0.079312,-0.092216,-0.264624,0.130783,0.138547,-0.251179,0.114632,0.057956,0.181666,-0.042761,0.237569,-0.061231,0.129596,0.113822,-0.167489,0.360564,-0.241745,-0.126389,0.033727,0.210931,0.022447,0.042135,0.169478,0.038016,0.124435,0.225629,#
13,0.100706,0.201623,0.023378,-0.443214,-0.16499,-0.05087,0.167591,0.005184,0.237061,0.505521,-0.034352,0.057221,0.432608,1.0,0.028876,0.025003,-0.374917,0.021661,0.334143,0.34093,0.153225,0.20082,0.290778,-0.046193,-0.034707,-0.151918,0.239395,0.166385,0.288283,0.105202,0.185203,0.118916,-0.105343,0.01514,-0.204908,-0.115582,0.097204,0.110152,0.023956,-0.235232,0.077931,0.352361,-0.011583,-0.234011,-0.070354,-0.454126,0.175857,0.27968,-0.11946,0.015073,-0.004317,-0.189777,0.110169,-0.216768,-0.184346,0.029197,-0.163361,-0.250717,-0.164324,-0.030963,0.462214,-0.139807,-0.23026,-0.019037,0.294976,0.178109,-0.085847,-0.09169,-0.024583,0.012451,-0.125533,0.214261,-0.008659,-0.227055,-0.206695,0.077254,-0.236472,-0.106455,-0.092822,0.205889,-0.010433,-0.28895,-0.302214,0.046781,-0.310881,0.21651,-0.253613,-0.189296,-0.162614,-0.092112,-0.155153,-0.093191,-0.233721,-0.195605,-0.187857,-0.07169,-0.334968,0.001264,0.246103,-0.285069,-0.327503,-0.183981,-0.259963,-0.301884,-0.120266,-0.067736,-0.023338,-0.383408,0.024535,-0.194769,0.283188,0.075284,-0.418642,0.035052,0.256799,-0.161351,-0.280798,-0.179019,0.345438,-0.199839,-0.10027,-0.069943,0.020499,-0.2056,-0.324354,0.148952,0.176464,-0.061581,-0.203666,-0.38518,0.037308,-0.129144,-0.395302,-0.153821,-0.063413,-0.173733,0.1034,-0.085289,0.193103,-0.395124,-0.113496,0.102603,-0.078558,-0.331113,-0.397585,-0.01152,-0.252512,0.239794,-0.288224,0.101558,-0.243624,0.25887,0.103062,-0.40054,-0.118804,-0.221378,0.55801,0.181418,-0.140356,-0.379696,0.036237,-0.031937,0.033677,-0.14987,0.160711,0.441254,0.118882,0.000963,-0.147492,-0.061607,-0.335457,0.029019,-0.168837,-0.243909,0.084555,-0.305331,-0.006563,0.048333,0.444139,-0.256997,0.262484,-0.183268,-0.146575,0.045487,0.080758,-0.038162,-0.107789,0.113601,-0.346789,0.188525,-0.151896,-0.085247,-0.082423,0.253723,0.025905,-0.197464,0.15824,-0.091532,0.120133,0.323089,#
14,0.024593,0.033398,-0.201266,0.03908,-0.074914,0.15686,-0.016029,0.215683,-0.108322,-0.073074,-0.162292,-0.051142,-0.062551,0.028876,1.0,-0.156266,0.036523,-0.037562,0.159086,0.097409,0.217552,-0.009706,0.173979,0.113952,-0.105226,0.070626,0.231898,-0.020929,0.055957,-0.088298,-0.116584,0.178859,0.131619,0.00214,-0.155444,-0.314542,-0.13193,0.029843,-0.150498,-0.14366,-0.092197,0.252625,-0.043031,0.178766,0.282646,-0.137014,0.197231,0.03128,0.076196,-0.049164,0.108639,-0.034852,0.134789,-0.210788,-0.04774,0.318416,0.092322,-0.110313,-0.063204,0.105679,0.181471,0.123009,-0.070476,0.012194,-0.02022,-0.042078,-0.027332,-0.188935,-0.0093,-0.122896,-0.15031,0.026023,0.127983,0.154764,-0.005938,-0.08545,-0.178358,0.13851,-0.212881,0.333271,0.115513,-0.12139,-0.116099,0.021586,0.045414,0.129044,0.176307,-0.069903,0.185045,-0.097822,-0.069888,0.041655,0.190049,-0.205911,-0.100576,0.046226,-0.097807,0.022378,-0.054538,-0.078244,-0.003061,0.222288,-0.179946,-0.379212,-0.170605,0.096676,-0.267929,-0.091138,0.124114,0.088559,-0.015095,0.051418,0.092009,0.160539,0.203039,0.018219,-0.016361,-0.0435,0.032413,-0.293659,0.063119,-0.305398,0.102139,0.170567,-0.031527,-0.173759,0.020359,0.041061,-0.178339,0.138132,-0.032213,-0.014679,-0.048212,-0.121841,0.025412,0.00184,-0.228143,0.066845,0.107708,-0.061688,-0.007244,-0.095242,-0.159079,0.136929,-0.178604,-0.124578,0.119247,0.037237,-0.22953,0.165449,-0.031604,-0.173832,0.069679,0.154102,-0.21697,0.146455,0.200301,0.026023,-0.038211,0.403998,-0.028424,0.039164,-0.00968,-0.262166,0.062286,0.094038,0.105591,0.064717,0.007187,-0.081898,-0.246282,-0.12036,-0.155516,0.116294,0.00711,-0.232633,0.024146,-0.094641,0.187278,0.038033,-0.046025,0.182581,0.170158,0.061685,0.103976,-0.052952,0.235668,-0.094733,0.139367,-0.033359,-0.038291,-0.118282,0.039504,0.092851,-0.17619,0.15959,-0.107682,-0.080776,-0.050559,-0.107825,#
15,-0.07722,0.129882,0.084668,-0.177796,-0.090982,-0.081397,0.113982,0.050393,-0.039621,0.043696,-0.120723,-0.177848,0.184725,0.025003,-0.156266,1.0,0.261487,0.276885,-0.182968,0.157069,-0.33815,0.184703,0.100182,-0.064608,0.043416,0.023578,-0.146031,0.113351,0.110886,0.014191,0.00377,-0.121606,0.05948,0.099684,0.068679,0.049773,0.141497,0.124558,0.082707,-0.042604,0.007023,-0.103918,0.208769,0.152318,-0.231631,-0.063391,0.198118,0.054572,0.058178,0.277741,0.137355,-0.20145,-0.04013,-0.117695,0.152793,-0.028422,0.178139,-0.27344,0.055149,0.054705,0.000727,0.195333,0.159082,0.07289,0.002879,-0.104489,-0.040009,-0.097316,-0.369986,-0.116462,0.143435,0.264255,0.132549,-0.038141,0.000721,0.250526,-0.01759,-0.136572,0.258824,0.004106,-0.013827,-0.016259,-0.225955,0.16135,0.043017,-0.215541,0.064262,-0.262871,-0.121625,0.281336,-0.127846,0.105053,-0.121677,0.052252,-0.181752,-0.118226,0.118802,0.08168,0.059072,0.102799,-0.096716,0.152228,-0.214488,0.327232,0.023219,0.106433,0.10844,-0.001873,0.13835,-0.201622,-0.019776,-0.082148,0.121866,0.140382,-0.162078,-0.059178,0.139397,-0.228045,-0.00991,-0.120164,-0.043627,0.117187,-0.24768,-0.060429,0.002932,-0.096052,-0.046053,0.274382,0.057065,-0.08715,-0.01647,-0.066349,-0.042816,0.198115,0.090595,0.007776,-0.065384,-0.230147,-0.100776,0.107758,0.012769,0.04605,-0.245387,-0.201566,-0.064907,0.196495,-0.049529,0.246373,-0.081036,-0.121602,-0.113298,0.020862,0.105487,0.0002,-0.005083,0.117453,0.025244,0.213182,0.049842,-0.038954,0.08885,-0.058033,0.143268,-0.020302,0.255412,0.0385,-0.142266,0.281347,-0.048539,-0.048539,0.016769,0.111297,0.134999,-0.039319,-0.086805,0.049258,-0.000776,0.250005,-0.06454,-0.127586,0.166642,-0.146177,0.101761,0.142347,-0.057341,0.037461,0.139479,-0.000625,-0.053774,-0.085704,0.003616,-0.121007,-0.093989,0.228424,0.090922,0.047002,0.042482,0.183853,0.37049,0.268569,#
16,-0.001116,0.144728,-0.11151,0.194069,0.1731,0.088377,0.122982,0.087231,-0.234015,-0.383254,0.06936,-0.077099,-0.039593,-0.374917,0.036523,0.261487,1.0,-0.055888,-0.071792,-0.022374,-0.151489,-0.119552,-0.163661,-0.049297,-0.246685,0.119391,-0.15083,0.098413,0.032453,-0.213344,-0.216144,-0.03467,0.072614,0.080636,0.09634,0.143974,-0.254357,-0.228176,-0.005047,0.434398,-0.18475,-0.279102,0.007967,0.183112,-0.016714,0.273176,-0.124511,-0.440624,0.057738,0.291928,0.236155,-0.114524,-0.177138,0.059078,0.187019,0.070909,0.371994,-0.066459,0.133056,-0.101386,-0.307406,0.112796,0.197704,-0.170046,-0.171064,-0.24236,0.046643,-0.032935,-0.276496,-0.25699,0.085683,-0.245541,0.020885,-0.031646,-0.088217,-0.019275,0.054874,-0.235401,0.00309,-0.083929,-0.101662,0.138939,0.101658,-0.110184,0.036639,-0.141467,0.227611,-0.101046,-0.035766,0.197359,-0.138808,0.011056,-0.028583,-0.070936,0.074434,-0.040023,0.331099,-0.233978,-0.140006,0.169322,0.11894,0.242558,0.115032,0.146112,-0.189154,-0.07177,0.074076,0.08413,-0.043027,-0.023768,-0.29648,-0.077659,0.303806,0.226635,-0.354003,-0.066764,0.14415,0.020217,-0.206507,-0.074971,-0.141783,0.09829,-0.356946,0.091355,0.190652,-0.34311,-0.40292,0.006912,-0.047755,0.080189,-0.110589,-0.160174,0.213972,-0.035303,0.155687,0.079768,0.295417,-0.234398,-0.299191,0.094581,0.080313,-0.059522,0.03293,0.307594,-0.000427,-0.030621,-0.049418,0.095673,0.082508,-0.236696,0.138061,-0.179898,0.185147,0.01985,-0.046902,0.006093,-0.348017,-0.02775,0.031632,0.328047,-0.209174,-0.056385,0.12097,-0.225163,-0.234995,-0.22735,-0.047852,0.016696,-0.15502,0.056028,0.15662,-0.004793,0.038293,0.039212,-0.17368,0.197172,-0.102549,0.252647,-0.236276,-0.090502,-0.171951,0.023478,0.498854,0.147211,-0.047939,-0.220417,0.033494,-0.016629,0.282095,0.009514,-0.029165,0.180976,-0.077747,-0.152187,0.004663,0.115222,-0.044571,-0.033413,-0.113334,-0.180779,#
17,-0.411147,0.101115,0.409303,0.043668,-0.250528,-0.037711,0.145352,0.080903,0.047519,0.286562,-0.278475,-0.209712,0.253541,0.021661,-0.037562,0.276885,-0.055888,1.0,-0.251777,0.195513,-0.239276,-0.214387,0.111919,-0.034331,0.092362,0.11028,0.075716,-0.126984,0.097777,0.111297,-0.027881,-0.186231,-0.107966,0.105666,-0.040023,0.030979,0.107684,0.12308,0.074149,-0.257932,0.093453,-0.077847,0.074275,0.067414,-0.052793,-0.19226,0.018095,0.073814,0.177077,0.027307,-0.078872,-0.053935,0.267725,0.049063,0.149786,0.018422,0.178365,-0.321385,-0.014176,0.018762,0.175529,0.04364,-0.035617,-0.10807,0.211216,0.114382,0.099599,0.00482,-0.037219,0.057738,-0.104481,0.033248,-0.311627,0.009268,-0.063696,-0.043998,-0.037513,-0.114221,0.016347,0.17856,-0.101545,-0.044682,-0.128244,0.43814,-0.247769,-0.013034,-0.074875,-0.150977,-0.206038,-0.000975,-0.060728,-0.049044,-0.310068,0.015579,-0.196152,0.095251,-0.12143,0.134201,0.081633,-0.017697,-0.452334,-0.17639,-0.108867,0.230478,-0.020192,-0.043089,0.100316,-0.138501,0.219008,0.034604,0.183045,-0.133628,0.051479,0.020796,-0.010196,-0.153,0.033915,-0.129621,0.136914,-0.082343,-0.049157,-0.063572,-0.228522,-0.252101,-0.258936,0.043007,0.192692,0.172075,-0.136611,-0.006277,0.241258,0.189167,-0.211463,0.014711,-0.092446,-0.1561,0.070455,0.08776,-0.170793,-0.027115,-0.166672,-0.079505,-0.07444,-0.249685,-0.015992,0.118234,-0.074959,0.36003,0.018325,-0.052784,-0.226876,0.029787,0.166621,-0.165024,-0.061018,-0.030688,0.114579,0.247025,-0.001187,-0.104968,0.097223,0.117868,-0.174323,0.302749,0.245524,0.122236,-0.094757,0.002207,0.080268,-0.014778,-0.091327,0.00694,-0.140438,-0.10732,-0.06267,-0.09603,-0.046953,-0.025388,-0.020439,-0.071487,0.278038,0.016887,-0.035151,-0.146719,0.184554,-0.076207,0.336045,0.162253,-0.378473,-0.056672,0.028016,-0.333837,-0.278052,0.202532,-0.143436,-0.069632,0.141155,0.235384,0.147402,0.448235,#
18,0.331492,0.284197,-0.124944,-0.096062,0.125918,0.139375,0.229785,0.086134,-0.023247,0.030462,0.082709,-0.016691,0.134849,0.334143,0.159086,-0.182968,-0.071792,-0.251777,1.0,0.009792,0.155186,0.13687,0.209335,0.026189,0.000653,0.075829,-0.054164,0.140983,0.385125,0.004449,-0.097116,0.202645,-0.01012,-0.005182,-0.147088,0.018746,-0.087838,-0.126526,-0.122435,0.143984,0.112959,0.124359,-0.005321,-0.203156,0.080323,-0.089936,0.126433,-0.049789,-0.185826,-0.006011,0.077043,0.007993,0.061881,-0.101736,-0.074955,0.125791,0.005257,-0.062117,-0.042273,-0.030202,0.160871,-0.181511,-0.113751,0.061529,-0.029512,0.099712,-0.361032,-0.041095,-0.005276,-0.031858,-0.239966,0.257777,0.038978,-0.293677,-0.213549,0.000611,-0.018184,-0.058953,-0.185914,0.124944,0.242837,-0.147365,0.028512,-0.421081,0.061173,0.143726,-0.080534,-0.108831,-0.052012,-0.262401,-0.221409,-0.05509,0.124237,-0.398022,0.276326,-0.241712,-0.180089,-0.022675,-0.035521,-0.112376,0.198881,0.110642,0.006809,-0.366381,-0.117969,-0.154032,-0.263768,-0.1154,-0.270765,-0.120753,-0.051687,0.152031,-0.274956,-0.082128,0.194501,0.07549,-0.030618,0.202402,0.165733,-0.064401,0.050041,-0.034453,-0.004119,0.039849,-0.276262,0.02572,0.082128,-0.148676,-0.076768,-0.019499,-0.165206,-0.325375,0.122534,-0.015991,0.081722,0.029123,0.015734,0.099661,0.288278,-0.117169,-0.189758,-0.036629,0.048074,-0.116616,-0.087534,-0.040661,-0.153182,0.042823,-0.425924,-0.000437,0.035183,-0.078034,0.021506,-0.172818,0.041672,-0.11644,0.109862,-0.08121,-0.232711,-0.06513,0.056231,0.101307,0.090914,-0.293429,-0.07764,0.25697,0.320637,0.193652,-0.253672,-0.107207,-0.046226,0.022032,0.016443,0.143213,-0.020079,-0.083525,-0.197374,0.101485,0.204683,-0.088148,-0.0394,-0.080756,0.008661,0.351669,-0.072038,0.048885,0.185192,0.097602,0.143809,-0.026824,-0.260994,0.055762,0.04836,0.048538,0.113874,0.054636,-0.064417,-0.158582,-0.124086,-0.07259,#
19,-0.082866,-0.011016,0.109248,-0.183354,-0.072148,-0.200327,0.077793,-0.20287,0.158172,0.19522,-0.019627,-0.162687,0.032608,0.34093,0.097409,0.157069,-0.022374,0.195513,0.009792,1.0,0.080929,0.037625,0.125772,0.020151,-0.31533,-0.08977,0.214399,0.02194,0.268312,-0.197746,0.048925,0.241859,0.287363,0.078694,-0.07608,-0.258769,0.105558,0.189463,-0.050327,-0.113998,0.232719,-0.02194,3.2e-05,-0.085037,-0.120204,-0.339354,-0.035874,0.321585,-0.133017,-0.121331,0.01233,-0.134784,0.161754,-0.058627,-0.123767,0.080252,0.0439,-0.185763,0.142042,-0.031416,0.149381,0.022735,-0.067725,-0.163091,0.152128,-0.047207,0.118841,-0.007773,-0.106373,0.224037,-0.018327,0.031758,0.229818,-0.174868,-0.303589,-0.217205,0.148929,0.007133,0.27027,0.356797,0.206256,0.232977,-0.017732,0.033257,-0.018951,0.512015,0.050157,-0.182811,0.109862,-0.045113,-0.09484,0.30469,-0.007596,-0.033217,0.121497,0.235045,0.102005,-0.026156,0.086357,0.096842,-0.343777,0.2216,0.020666,-0.108812,0.305884,0.147606,0.189425,-0.025872,0.30952,-0.145163,0.136458,-0.152136,0.077882,0.158851,0.226734,-0.010133,-0.019369,-0.068567,0.202221,-0.224807,-0.03412,0.006082,0.056483,-0.170218,-0.135832,0.26105,0.214649,0.136178,0.187516,0.224992,0.472883,-0.114677,-0.065872,-0.072527,0.212927,0.057137,0.090977,0.202151,0.061595,0.237268,0.221903,0.169374,0.030352,0.033356,-0.08371,0.11964,0.07852,-0.082326,0.069325,0.121786,-0.045429,0.225514,0.433246,-0.167354,-0.05633,0.121129,0.291237,-0.03282,0.010754,-0.03554,0.342463,0.081369,0.1996,-0.103448,0.087486,0.164766,0.35016,-0.001522,0.0612,0.150537,-0.288176,-0.063387,-0.240921,-0.017466,-0.263,0.076399,0.339157,-0.139553,0.196074,-0.047275,0.011251,-0.09264,-0.108512,-0.091765,-0.320345,-0.279517,0.300246,0.217725,-0.23182,-0.057237,0.172634,-0.19405,-0.389702,0.085536,0.309602,-0.167632,-0.377112,-0.091153,0.380586,0.137612,#
20,0.04536,0.206109,-0.190168,0.18765,-0.076766,-0.061773,-0.156361,0.209853,-0.169632,-0.100275,-0.004582,0.110593,-0.003891,0.153225,0.217552,-0.33815,-0.151489,-0.239276,0.155186,0.080929,1.0,0.02329,0.032804,-0.018296,-0.259416,-0.13971,0.250497,0.014282,-0.259992,-0.158742,0.030877,0.10818,0.410691,0.163111,-0.31753,-0.427374,-0.138443,-0.172441,0.050681,0.026356,0.208993,0.154694,-0.347449,-0.029132,0.149483,-0.050182,0.10813,0.027237,-0.080182,-0.168543,-0.20092,0.26543,0.074689,0.048794,-0.054135,0.056169,0.123153,0.094683,-0.392361,0.049761,-0.13606,-0.115576,-0.079472,0.053934,0.272513,0.136578,-0.096426,-0.008818,0.159518,0.082718,-0.145261,-0.066199,-0.049352,0.187663,-0.218657,-0.207282,-0.023477,0.324153,0.041025,0.156799,0.119343,-0.057788,0.21023,-0.047512,0.207729,0.118848,0.132023,0.199547,0.417429,-0.034289,0.149965,0.174199,0.280798,0.046884,0.264148,0.280798,-0.010439,-0.089247,0.175555,-0.021176,0.055705,0.188836,0.319916,-0.016264,0.112241,0.239428,0.130631,0.060732,-0.058611,-0.070586,0.002125,-0.010788,-0.110395,0.164793,0.307127,0.254893,0.019563,0.056719,-0.014248,0.095236,0.197171,-0.162647,0.182909,0.116545,0.020576,0.013942,0.039722,-0.406929,0.004144,0.040973,0.138584,0.045926,0.033085,-0.168798,0.226036,0.319206,0.124034,0.302714,0.186572,0.044011,0.048896,0.248211,0.134341,0.193483,0.010973,-0.138131,0.151762,-0.275328,0.122773,0.227768,0.260484,0.135871,0.114211,0.209779,0.088931,0.043066,0.151504,-0.321985,-0.087558,0.179427,0.059736,0.10852,-0.026962,-0.238819,-0.025045,-0.076299,0.323445,0.118842,0.14946,-0.138647,-0.065615,0.042683,-0.197858,0.017161,0.009478,0.05282,0.190235,-0.276653,0.111536,0.218603,-0.374147,-0.135234,0.128911,-0.029525,-0.05127,0.005357,-0.069676,-0.131879,-0.090493,0.108049,0.098121,-0.149085,-0.186221,-0.056731,0.041626,-0.242371,-0.137358,-0.4755,-0.221591,-0.128351,#
