0,1.0,0.257294,-0.123786,-0.111089,0.332216,0.221125,-0.007854,0.175499,-0.269094,0.141841,0.01509,0.052515,0.360068,0.142432,0.082016,-0.12311,0.261413,-0.03072,-0.052441,-0.221113,0.092852,0.338518,0.071239,-0.106154,-0.166248,-0.171253,0.001507,-0.207166,0.184085,0.119179,0.042405,0.08238,0.13387,-0.115661,-0.128226,0.098207,-0.130619,-0.16771,-0.075344,-0.190784,-0.130105,-0.019383,-0.032025,0.200896,-0.19538,-0.145453,0.136818,0.018976,-0.197366,-0.246114,-0.088731,-0.246204,0.017342,-0.196956,0.162222,-0.052587,-0.117591,0.103032,0.265671,0.222575,0.346984,0.056786,-0.171971,-0.093999,0.039121,0.174816,-0.032981,0.180844,0.094199,-0.337377,-0.181558,0.052077,-0.337426,-0.149922,-0.444936,0.317208,-0.086682,-0.213985,-0.397594,-0.159004,-0.219471,-0.19107,-0.027398,-0.076045,-0.218655,-0.157732,-0.145593,-0.031871,-0.118904,-0.406412,-0.286856,-0.535661,-0.193286,-0.159374,0.05521,-0.205476,-0.070161,-0.183864,-0.169495,-0.031962,0.172202,-0.301083,-0.183491,-0.126231,-0.05819,-0.147637,-0.28176,-0.070518,-0.409926,-0.075771,-0.009477,0.152304,-0.232289,-0.164482,-0.258994,0.121813,-0.37364,-0.32675,-0.026381,-0.103642,-0.332004,-0.096596,-0.065916,-0.211521,-0.074507,-0.01499,-0.042143,-0.111212,0.023838,0.012552,-0.299664,-0.217875,-0.113666,-0.003653,-0.419375,-0.078505,0.046717,-0.397362,0.153642,-0.257197,-0.214501,-0.207686,-0.231391,0.033377,-0.076876,-0.187432,-0.112175,0.134499,-0.367159,-0.409661,-0.130365,-0.292952,-0.237657,-0.146122,-0.087645,-0.232524,0.233799,0.287401,-0.241483,-0.367642,-0.194195,-0.254964,-0.046582,-0.381214,-0.146332,0.234013,-0.315781,-0.255457,-0.087181,-0.225181,0.188017,0.120745,-0.439852,-0.105743,0.153417,-0.468076,-0.170612,0.129462,0.144316,0.015106,0.145938,-0.026645,0.128859,0.14123,0.33199,-0.198477,0.254452,-0.045251,0.060832,0.326673,0.069883,0.278555,0.300325,0.044704,-0.127357,0.256487,-0.012469,-0.31591,-0.090096,0.326752,#
1,0.257294,1.0,0.221977,-0.154797,0.083893,0.092641,0.298654,0.242574,0.189691,0.311543,-0.222864,-0.254746,0.371701,0.290591,0.410822,-0.23521,0.119206,0.381345,0.169571,-0.157302,-0.098365,0.122364,0.30688,-0.038739,-0.186565,-0.310472,0.151947,-0.020064,0.070809,0.289173,-0.349163,0.02138,0.306178,-0.088877,-0.163024,0.342953,0.048056,-0.221081,-0.052648,-0.076343,-0.297991,0.077335,-0.038257,0.242045,0.239902,-0.421975,0.247492,-0.081516,0.097128,0.24411,0.010842,-0.29177,-0.007998,-0.264611,0.064256,-0.366845,-0.160649,-0.246011,-0.185786,-0.090971,0.142553,0.193015,-0.394423,0.004697,0.073439,0.263392,-0.119753,0.323795,0.255478,-0.128254,-0.12255,0.041255,-0.199164,-0.574615,-0.346916,0.458215,-0.218312,-0.49952,-0.231494,-0.399275,-0.165249,-0.445206,-0.432389,0.143537,-0.417749,-0.051535,-0.322692,-0.261692,-0.250817,-0.364979,-0.251876,-0.250857,-0.576272,-0.113136,-0.262495,-0.207682,0.110797,-0.226395,0.040443,-0.212993,-0.073125,-0.336682,-0.288909,-0.25273,-0.321684,-0.274222,-0.525404,-0.078674,-0.637021,-0.284404,0.112213,0.44615,-0.308889,-0.378082,-0.160491,-0.184292,-0.398388,-0.62391,0.038332,-0.547713,-0.402945,-0.359298,-0.474297,-0.325045,-0.281839,-0.186027,-0.109431,0.072587,-0.120236,-0.135876,-0.2441,-0.317187,-0.336477,-0.068044,-0.315759,-0.29119,0.242531,-0.259551,0.040691,-0.373987,-0.323641,-0.05761,-0.561009,-0.29197,0.031705,-0.172375,-0.233555,0.448429,-0.184157,-0.261559,-0.363652,-0.515767,-0.07904,-0.291963,-0.374699,-0.380238,0.311681,0.42267,-0.333599,-0.155009,-0.018134,-0.040965,0.259085,0.021229,-0.158224,0.406583,-0.259785,-0.121806,-0.276968,-0.044149,0.05963,-0.102212,-0.253056,-0.287472,0.327488,-0.214927,-0.22613,0.446078,0.545318,-0.548976,0.3494,0.16567,-0.184426,-0.049721,0.31751,-0.171824,0.312525,-0.146981,-0.325306,0.529867,0.13265,0.410559,0.372181,0.397771,-0.273946,0.101682,0.07441,-0.218427,0.15179,0.069693,#
2,-0.123786,0.221977,1.0,0.311508,0.003883,-0.095979,0.054754,-0.014726,0.117191,-0.161395,-0.039331,-0.039086,-0.200287,-0.094055,-0.14917,-0.208369,-0.095622,0.139501,-0.128476,0.135759,-0.096594,-0.038735,0.202457,-0.114986,0.052267,-0.191414,0.354864,0.218916,0.006656,0.001414,0.008646,0.225572,-0.16885,-0.050741,0.183455,0.123021,0.329897,-0.246693,0.003566,-0.059527,-0.048165,0.163631,0.065668,0.046504,-0.000324,-0.216308,-0.046046,0.328505,0.157285,-0.014635,-0.221985,0.171692,0.264658,0.039269,-0.220253,-0.033871,-0.194843,-0.228954,-0.332912,-0.081085,-0.182787,-0.237382,0.143612,0.083066,-0.06353,-0.059283,0.044746,0.131752,0.097491,0.312487,0.288853,0.265809,0.023815,-0.101258,0.124231,0.033935,-0.073432,-0.353585,-0.01744,-0.164755,0.135901,-0.074257,-0.008401,0.126842,0.056666,0.296384,-0.112075,-0.044003,0.012236,0.049772,0.004008,0.046251,-0.083457,0.009824,-0.034432,0.017752,0.349052,0.01775,0.089638,-0.11975,-0.059632,0.10432,0.01423,-0.068699,-0.026951,-0.019764,-0.042603,0.17769,-0.327471,0.11597,0.391215,-0.032488,0.005579,0.02283,0.38695,-0.167162,-0.038464,-0.148663,-0.065242,-0.018648,0.073472,-0.056232,0.003647,-0.032648,0.129827,-0.140569,-0.145168,0.10789,0.0945,0.036497,0.469269,-0.235545,-0.046352,-0.045829,0.164659,0.110296,-0.026227,0.273423,0.27483,0.095067,0.004396,0.207265,-0.056088,-0.251825,-0.088965,0.29158,-0.200558,-4.2e-05,0.204926,0.018075,-0.098817,-0.122345,0.149864,-0.044067,-0.080458,-0.03189,-0.121117,0.153814,0.075904,0.09944,0.183837,-0.001485,-0.013619,0.082991,-0.116634,-0.232177,-0.067674,0.009783,0.129392,0.169679,-0.102021,-0.167042,-0.078807,0.031211,-0.167191,0.206831,0.036965,0.19704,0.023661,-0.209545,0.074623,-0.181951,-0.178058,0.154877,-0.16348,0.02869,-0.175931,0.00621,-0.039131,0.043224,0.286795,0.022691,0.021631,0.179206,-0.173194,0.159459,-0.054945,0.030854,0.116911,-0.059971,#
3,-0.111089,-0.154797,0.311508,1.0,-0.191613,-0.133592,-0.239701,-0.323133,-0.227737,-0.13763,0.126313,-0.006215,-0.235133,-0.116092,-0.285853,-0.087286,-0.129885,-0.014666,-0.085011,0.27081,0.194836,-0.050998,-0.017564,0.078978,0.217379,0.154215,0.078676,0.283171,0.063083,-0.235378,0.425646,-0.03245,-0.188396,-0.138073,0.199833,-0.365542,0.118032,0.075053,-0.057865,-0.018283,0.143273,0.164773,-0.092345,-0.051363,-0.145547,0.259615,-0.119393,-0.022271,0.146448,-0.083903,0.023037,0.552507,0.15222,0.140413,-0.090473,0.035509,0.025706,0.027813,-0.123193,0.249218,-0.179886,-0.1013,0.031609,-0.09729,0.157909,-0.196591,0.103607,0.275108,-0.028827,-0.027618,0.115256,0.113616,0.177054,0.179955,0.078265,-0.332946,0.066642,0.038546,0.199744,0.050362,0.285522,0.499937,0.305481,0.173366,0.252508,0.063779,0.279421,0.140626,0.11095,-0.001683,0.283152,0.165839,0.452578,-0.150048,0.345091,0.117807,0.093202,-0.059692,-0.001695,0.183053,0.025991,0.233763,0.226219,0.050815,0.243513,0.32572,0.18009,0.123412,0.253281,0.246489,-0.133497,-0.16698,0.212848,0.201408,0.26783,0.072589,0.266435,0.065063,-0.07467,0.197148,0.150027,0.204107,0.403667,0.090674,0.061862,0.145599,0.111811,-0.043347,0.133592,0.267015,0.318143,0.059374,0.179146,0.20223,0.303326,0.304832,0.006726,0.24372,0.238417,0.334542,0.242255,0.182016,0.18795,0.070502,0.294437,0.369938,0.239413,-0.209306,0.278564,0.17644,0.23004,0.241644,0.225139,0.368124,0.152953,0.178432,-0.317973,-0.109217,0.141625,0.259769,-0.170633,0.137566,-0.193103,0.043787,-0.12728,-0.386617,0.105573,0.128209,0.264395,0.197434,-0.238494,-0.021605,0.395441,0.121968,-0.424134,0.299633,0.25215,-0.037564,-0.417782,0.128035,-0.348523,-0.166241,-0.08248,-0.055071,-0.157565,0.129401,-0.138215,0.206295,0.350567,-0.219765,0.135317,-0.188726,-0.163558,-0.206526,-0.130622,-0.02458,-0.35308,0.169008,0.071586,-0.209017,#
4,0.332216,0.083893,0.003883,-0.191613,1.0,-0.035092,-0.064947,0.131416,-0.221088,-0.09677,0.06554,0.003213,0.171033,-0.030628,0.188798,0.062647,0.076672,0.069129,0.144556,-0.039472,-0.036858,-0.13793,0.004565,-0.284641,0.015261,-0.255072,-0.236025,-0.149679,0.131765,-0.003937,-0.07609,-0.164924,-0.102292,-0.155794,-0.253691,0.113668,-0.162261,-0.283175,-0.114926,0.116439,-0.069601,-0.19118,-0.184143,0.059245,-0.131478,-0.062805,0.009737,0.217458,-0.110798,-0.083988,0.261995,-0.106609,0.167735,-0.209273,0.095449,-0.029165,-0.342262,0.083599,0.059824,-0.244146,0.065172,0.117167,-0.058986,0.127883,-0.030186,0.314229,0.0291,-0.099801,0.042459,0.067135,-0.202962,0.087138,-0.185111,0.037848,-0.078891,0.374825,0.004686,-0.360578,-0.201109,-0.359075,-0.138432,-0.322241,-0.210731,0.089371,-0.124767,-0.095587,-0.040587,-0.202056,-0.200926,-0.091731,-0.05908,-0.285795,-0.054734,-0.240274,-0.197263,0.020556,0.099825,-0.252111,0.017239,0.140208,0.088718,-0.233194,-0.166155,-0.215799,-0.196407,-0.018056,-0.174529,-0.014624,-0.222255,-0.18164,0.081354,-0.08839,-0.163405,-0.091566,-0.193398,-0.144257,-0.277713,0.003566,-0.085206,-0.033784,-0.285295,0.036904,0.001964,-0.021581,-0.071975,-0.19062,0.10255,-0.044475,-0.090936,-0.000791,-0.050754,-0.21734,-0.117616,-0.153799,-0.269542,-0.151525,0.016178,-0.233225,-0.051862,0.009129,-0.132436,-0.161868,-0.0211,-0.047531,0.020138,-0.01368,-0.198009,0.033256,-0.201774,-0.393601,-0.307113,-0.241585,-0.43502,-0.180686,-0.322628,-0.182592,0.175249,0.275451,-0.166829,-0.238926,-0.141308,-0.221482,-0.091302,-0.049889,-0.186315,0.054938,-0.145616,-0.002708,-0.072019,-0.110372,0.022561,-0.022604,-0.061395,-0.034632,0.144353,-0.14188,-0.17434,0.052018,0.205666,-0.007826,0.235489,-0.111441,0.295304,0.158714,0.12882,-0.369335,0.209366,-0.262049,-0.173733,0.10606,-0.084967,0.028234,0.181292,-0.035634,0.021183,-0.110273,0.160245,-0.135821,-0.287404,0.237846,#
5,0.221125,0.092641,-0.095979,-0.133592,-0.035092,1.0,0.127075,0.201559,0.01751,0.001867,0.311217,0.086813,0.07206,-0.129806,-0.021915,0.009477,0.325601,0.071493,-0.22999,0.195145,-0.077983,0.345916,0.12303,-0.067263,-0.143515,-0.28327,0.064332,-0.265182,-0.213468,-0.357142,-0.05159,0.231004,0.096436,-0.0165,-0.086084,-0.059804,-0.096344,0.04478,-0.175527,-0.310327,-0.008887,0.311568,0.060325,0.184122,0.241458,-0.202949,0.035787,0.193575,0.135583,-0.26175,-0.103934,-0.029488,0.122137,-0.175426,-0.027753,-0.062948,0.127977,-0.231476,0.138912,-0.158201,0.034452,-0.195778,-0.251148,0.000784,0.056721,0.057627,-0.254396,-0.085308,0.099552,0.10467,0.101742,0.337153,-0.076932,-0.049995,-0.326805,0.225201,-0.236142,-0.011134,-0.116244,-0.030626,0.408498,-0.168108,-0.000115,-0.282431,0.00755,0.19457,0.023656,-0.118408,-0.010019,-0.38681,-0.095334,-0.040348,-0.174738,0.037534,0.043539,0.02009,-0.00337,0.014417,-0.004852,-0.019785,-0.137422,-0.077056,0.199451,0.018239,0.098926,-0.225309,0.006116,-0.251153,-0.280588,-0.131048,0.140336,0.037681,-0.092016,-0.140753,-0.006986,-0.233908,-0.542288,0.015264,0.048274,-0.174079,-0.104962,-0.320172,0.171037,-0.279706,-0.125424,0.137407,-0.105442,0.132184,0.120242,0.164594,-0.087314,0.018679,-0.025602,-0.164967,-0.082184,0.030919,0.037163,-0.264674,-0.005449,-0.320778,-0.155966,-0.118732,-0.287986,0.027203,0.080679,0.190088,-0.093586,-0.038199,-0.024497,-0.10029,0.046355,-0.016131,-0.107635,0.044612,0.025623,-0.114998,0.048598,0.060607,-0.053156,-0.065144,0.071287,0.041796,0.068975,0.153126,-0.059981,0.296215,0.127128,-0.081895,-0.034345,-0.08024,0.18217,-0.062164,-0.362789,0.201499,-0.019474,-0.204204,-0.125435,0.065483,0.028301,-0.064936,0.117776,-0.044356,-0.050628,-0.020411,-0.040778,-0.009038,0.079479,0.165996,-0.206833,-0.127414,0.142801,-0.0574,0.077606,-0.171109,0.097992,0.08933,0.050566,-0.005385,0.000994,0.009448,#
6,-0.007854,0.298654,0.054754,-0.239701,-0.064947,0.127075,1.0,0.31269,0.476768,0.254785,0.037256,-0.153432,0.354128,-0.154949,0.265379,-0.114449,-0.067172,-0.035534,0.088368,-0.11818,-0.18781,0.200665,-0.045676,-0.004289,-0.018274,-0.226931,0.239972,-0.089173,0.295255,0.021678,-0.480726,-0.088082,0.166364,0.028475,-0.117381,0.217444,-0.145625,-0.062084,0.079027,-0.065716,-0.05297,0.171762,-0.070507,-0.229154,-0.033371,-0.173605,0.154554,0.032356,0.100603,0.114935,-0.162778,-0.259198,-0.099419,-0.225848,-0.169567,-0.050569,0.323578,-0.194669,-0.114439,0.183286,0.101848,0.041676,-0.081468,0.17399,0.253395,0.224849,0.156137,-0.077172,0.364058,-0.104532,0.182061,0.000689,-0.240079,-0.420353,-0.13308,0.350994,0.045805,-0.109792,-0.082774,-0.079634,-0.143033,-0.312101,-0.334218,-0.233013,-0.133401,0.462682,-0.111382,-0.07393,-0.111925,-0.288628,-0.274923,-0.069506,-0.332429,0.036802,0.00643,-0.157568,0.200437,0.166504,0.082134,-0.225359,-0.066854,-0.090809,0.079293,0.00207,-0.113258,-0.198485,-0.282134,-0.12248,-0.409567,-0.298216,0.046387,0.170743,-0.194808,-0.378204,-0.083981,-0.226262,-0.139941,-0.076953,-0.204182,-0.124714,-0.076234,-0.143167,-0.193193,-0.332263,-0.264203,0.020089,0.154492,0.494082,-0.112413,-0.070561,-0.234671,-0.564921,-0.39904,0.098465,0.066083,-0.06945,-0.049133,-0.094617,-0.159064,-0.297156,0.015508,-0.082801,-0.239638,-0.095205,0.05335,-0.186142,-0.308752,0.512749,0.016164,-0.192687,0.009516,-0.132607,0.106354,-0.28326,-0.264979,-0.043083,0.186621,0.072778,-0.153702,-0.201661,0.199034,0.10422,0.355316,0.151401,0.124256,0.278713,0.113251,0.00509,-0.280027,0.179141,0.307021,-0.112621,-0.177655,0.00857,0.168993,-0.014714,0.128137,0.163778,0.331881,-0.149087,0.357235,0.239505,0.111364,-0.118719,0.174711,-0.064933,0.261468,0.097921,-0.344777,0.278747,0.190901,0.220216,0.055844,0.111261,-0.042276,0.10252,-0.110917,-0.035987,-0.021495,-0.186991,#
7,0.175499,0.242574,-0.014726,-0.323133,0.131416,0.201559,0.31269,1.0,0.139883,0.116792,0.020446,-0.220227,0.227837,0.148606,0.044245,0.11773,0.012182,-0.091275,-0.007426,0.025946,-0.013286,0.21557,-0.070316,0.296777,-0.037453,-0.064228,0.075656,-0.18616,0.090947,-0.071071,-0.175952,0.028895,0.367559,0.069923,-0.143795,0.142672,-0.070818,-0.111246,0.218413,-0.19646,-0.118794,0.121876,-0.186842,0.194857,-0.206175,-0.193486,0.057024,-0.034405,0.127988,-0.141655,-0.248154,-0.091156,0.093342,-0.058608,-0.080779,-0.056545,0.096605,-0.109569,-0.03539,0.066714,0.102146,-0.006862,-0.353099,0.165703,0.036117,0.137199,0.071253,0.045494,0.23854,-0.098113,0.14897,0.113798,-0.301489,-0.115005,-0.059675,0.348626,0.069994,0.042157,-0.020344,-0.021801,-0.057496,-0.070154,-0.030923,0.022225,-0.190426,0.248752,0.127201,0.122062,-0.034294,-0.236529,-0.36828,-0.126728,-0.271501,0.093004,-0.13208,0.084627,0.250652,0.168529,0.262619,-0.252746,-0.056873,-0.11125,0.168474,-0.024028,0.199109,-0.073602,-0.141993,-0.157504,-0.341712,-0.411529,0.074801,0.209552,-0.094726,-0.074552,0.050791,0.056722,-0.158674,-0.091705,-0.151975,0.012967,-0.093088,-0.280379,-0.009765,-0.152815,0.007483,-0.047232,-0.015508,0.088687,-0.177999,-0.084252,-0.29048,-0.092298,-0.042421,-0.14745,-0.008646,-0.028152,0.344089,-0.046208,-0.131306,-0.254626,-0.020485,0.203215,-0.217849,0.06913,-0.016669,-0.050662,-0.158444,0.090857,-0.055133,-0.295528,-0.066132,0.013577,-0.193326,-0.069539,-0.168532,-0.07556,0.351249,-0.122526,-0.012785,0.010228,0.004747,0.32217,-0.02716,-0.075782,0.10008,0.060056,0.142695,-0.331456,-0.282018,0.116361,0.093789,-0.099182,-0.364869,0.019817,0.150979,-0.077915,0.172467,-0.123448,0.146738,-0.162698,0.207298,0.137772,0.144852,0.008043,0.13607,0.101308,0.135071,-0.198222,-0.026642,0.20143,0.164853,-0.015206,0.099034,-0.177424,-0.21405,0.023448,0.046605,-0.157942,0.007961,0.014922,#
8,-0.269094,0.189691,0.117191,-0.227737,-0.221088,0.01751,0.476768,0.139883,1.0,0.12028,-0.153333,-0.082976,0.24866,0.039951,0.127778,-0.296314,-0.057375,0.270576,0.025371,-0.034824,-0.094907,0.078751,0.057755,0.168675,0.208155,-0.040879,0.315879,0.062605,0.045838,0.034361,-0.209235,-0.022948,0.097292,-0.160152,-0.067356,0.163634,0.222763,-0.168216,-0.044829,-0.074666,0.126653,-0.093519,0.051616,-0.102154,0.236692,-0.271669,0.036793,0.030496,0.098778,0.29562,-0.108676,-0.314013,0.017032,0.034531,-0.406446,0.119044,0.153897,-0.292591,0.167394,0.073698,-0.110004,-0.198352,-0.059218,0.086029,0.259239,0.218706,0.195116,-0.090426,0.088029,0.06296,0.16254,0.088473,-0.115874,-0.134438,0.070661,0.133309,0.122546,-0.002156,0.116379,-0.201374,0.086584,-0.082598,-0.201337,-0.222209,-0.02346,0.3049,-0.104285,-0.060275,0.066436,-0.057381,-0.094924,0.207584,-0.345168,0.245533,0.031033,-0.041059,0.268113,0.155212,0.00323,-0.086252,-0.064978,0.233118,0.139183,0.235903,-0.106933,-0.193433,-0.095667,-0.118399,0.009967,-0.104502,0.284293,0.110777,-0.028746,-0.373964,0.11875,-0.032774,-0.009283,-0.12147,-0.040404,-0.072307,0.017638,-0.102852,-0.188993,-0.102222,-0.052876,0.06264,0.107212,0.161021,-0.079694,-0.104285,-0.104378,-0.180646,-0.157984,0.028682,0.245831,-0.065913,-0.054714,0.055806,-0.223399,-0.127962,-0.00821,-0.040205,-0.06219,-0.344513,-0.168333,-0.107834,-0.220914,0.292535,0.186429,-0.094577,0.170564,-0.031405,0.19527,-0.217325,-0.038319,0.102981,0.332189,0.223039,0.04832,-0.037255,0.23884,0.258919,0.244904,-0.147673,0.384592,0.246647,0.140252,0.060992,-0.244708,0.081478,-0.148345,0.105605,-0.081687,0.052819,0.001593,0.164755,0.025094,0.139501,0.431243,-0.325566,0.257634,0.158375,-0.107839,-0.128162,-0.074267,-0.00789,0.225571,0.08137,-0.297651,0.155921,0.162591,0.012266,-0.02085,0.047015,-0.096195,0.252182,0.067079,0.006313,0.140215,0.012221,#
9,0.141841,0.311543,-0.161395,-0.13763,-0.09677,0.001867,0.254785,0.116792,0.12028,1.0,-0.249751,0.040414,0.360392,0.253053,0.166259,0.067362,-0.076863,0.087457,0.17054,-0.151046,-0.267787,0.162611,0.215589,-0.03463,-0.163637,-0.153847,0.244197,-0.037191,0.092938,0.46315,-0.120992,0.007357,0.176913,-0.00921,-0.168285,0.253786,-0.218983,-0.087215,-0.075136,-0.102754,-0.15817,-0.01077,0.077564,-0.06526,-0.021826,-0.485299,0.274605,-0.080618,-0.210911,0.138354,-0.183989,-0.109874,0.010883,-0.370771,0.06453,-0.290202,0.132464,-0.186774,-0.008327,-0.104858,0.178219,-0.04316,-0.27798,-0.066059,0.179257,0.134575,-0.101651,0.148924,0.022312,-0.252181,-0.130806,-0.182121,-0.194119,-0.488744,0.051471,0.23828,0.041694,-0.278365,-0.000454,-0.002674,-0.273541,-0.286292,-0.360703,0.069073,-0.045679,-0.006044,-0.306629,-0.146014,0.010805,-0.118223,-0.150754,-0.125774,-0.326757,-0.000337,0.136046,-0.063044,-0.068483,0.151703,0.125341,-0.201853,-0.232266,-0.1875,-0.135406,-0.013883,-0.042846,0.002203,-0.487931,-0.142169,-0.209414,-0.275609,-0.06515,0.389917,-0.008292,-0.273958,-0.398454,-0.268209,-0.193764,-0.041542,0.275625,-0.438516,-0.123258,-0.222328,-0.186914,-0.285543,-0.462704,0.176887,0.054283,-0.058123,0.091253,-0.245031,-0.207844,-0.00199,-0.331472,-0.110871,-0.277398,-0.271452,-0.006065,-0.181303,0.032591,-0.30079,0.011567,-0.233643,-0.391325,-0.371111,0.028288,-0.103012,0.051993,0.260799,-0.328633,-0.190666,-0.258704,-0.5169,-0.006955,-0.282428,-0.042196,-0.201349,0.160521,0.354041,-0.108625,-0.266874,-0.157398,-0.068556,-0.03014,0.066916,0.129289,0.189718,-0.298279,-0.142393,-0.272572,0.156602,0.090112,0.103433,-0.141047,-0.020617,0.349086,-0.376869,-0.221147,0.18813,0.280569,-0.195165,0.220874,0.008416,-0.227813,-0.34901,0.288934,-0.095715,0.335649,-0.075871,-0.085714,0.343452,0.131859,-0.008929,0.099856,0.488474,-0.032899,-0.01224,-0.126019,-0.07553,0.226048,0.08928,#
10,0.01509,-0.222864,-0.039331,0.126313,0.06554,0.311217,0.037256,0.020446,-0.153333,-0.249751,1.0,-0.056019,-0.193533,-0.418854,-0.102841,0.151847,0.111241,-0.123873,0.082887,-0.09021,0.023032,0.09756,-0.133137,-0.025754,-0.090078,-0.017269,-0.147503,-0.009501,-0.016151,-0.429272,0.216567,0.030373,-0.197489,-0.019786,0.393073,-0.182341,-0.039403,0.144507,-0.068624,-0.019028,-0.084574,0.034849,0.06704,0.021706,-0.003755,0.183248,-0.224234,0.028714,0.195493,-0.343935,-0.003337,0.191577,0.040055,-0.018415,-0.021755,0.102907,-0.05821,0.173802,-0.054081,0.004666,-0.066785,-0.146811,-0.026814,-0.044136,0.038582,-0.280695,-0.128302,-0.227526,0.17088,0.134764,0.082701,0.022692,0.048508,-0.073759,-0.040112,0.075694,-0.03799,0.243016,-0.018555,-0.266957,0.129152,0.133502,-0.010931,-0.173434,0.123605,0.161566,0.267326,-0.130516,-0.068695,-0.050909,-0.167349,-0.136149,0.107716,-0.195655,-0.044594,0.103215,-0.081182,-0.124464,0.011144,-0.060745,-0.045077,-0.120636,0.218439,-0.182884,0.043095,-0.117034,0.014611,-0.161917,0.039563,0.171647,-0.178558,-0.079147,-0.027839,-0.09734,0.097807,-0.078375,-0.001108,0.017481,-0.096793,0.177905,0.049327,-0.068895,0.151245,-0.010268,-0.120238,0.055925,-0.133147,0.224313,-0.017387,0.008185,0.19596,-0.014702,0.094087,0.022002,0.244735,0.222833,-0.01293,0.066985,-0.216144,0.02935,-0.019806,0.220588,0.141008,-0.010401,-0.006693,0.038026,-0.138378,-0.083158,0.000268,0.154096,0.086025,0.226187,-0.095475,0.039053,-0.053482,-0.238311,-0.411954,-0.319364,-0.137411,0.01139,-0.0694,0.14338,0.071788,0.037904,-0.200993,-0.151584,0.047166,0.215287,0.293806,0.153949,0.191767,-0.010325,0.080256,0.057889,-0.140673,0.094433,0.064602,0.004843,-0.386554,0.328688,0.113333,0.010062,0.228039,0.236519,-0.118324,-0.184036,-0.229372,-0.012082,0.246642,-0.105381,-0.219527,-0.101118,0.111768,-0.431336,0.060973,-0.009333,0.178913,0.030161,-0.26089,-0.116847,#
11,0.052515,-0.254746,-0.039086,-0.006215,0.003213,0.086813,-0.153432,-0.220227,-0.082976,0.040414,-0.056019,1.0,-0.169749,-0.034928,-0.156923,0.121287,0.129613,-0.01533,-0.290933,-0.069763,-0.166875,-0.004452,-0.136103,-0.25245,0.084891,-0.037084,-0.021678,-0.03289,-0.050405,-0.127653,-0.046846,0.009437,-0.037699,-0.025681,0.072114,0.167263,-0.258496,-0.124716,-0.123773,0.079679,0.1215,-0.037397,0.029193,-0.324796,-0.133007,0.058756,-0.344676,0.155836,-0.099624,0.313266,-0.018275,-0.005622,-0.012387,0.061735,-0.016001,0.008329,0.021564,-0.030427,0.191632,0.112546,-0.018696,0.119249,0.241359,-0.500033,0.113408,-0.103899,-0.120662,-0.155615,-0.184973,0.124943,0.026429,-0.107482,0.04462,0.311585,-0.134443,0.005884,-0.301118,-0.097299,-0.098845,0.154199,0.157572,0.101291,-0.007743,-0.389131,0.136464,-0.111102,-0.082957,0.082506,-0.015618,0.107121,0.066224,0.071813,0.144108,0.056426,0.07367,0.110986,-0.200522,0.11345,-0.145017,0.031018,0.210455,0.322035,-0.223436,0.095398,-0.088589,0.04142,0.105693,0.125067,0.209859,0.244403,-0.112357,-0.110133,-0.047727,0.010245,-0.015047,-0.160323,0.018134,0.196531,0.194835,0.167025,0.229175,-0.163738,0.207872,0.205497,-0.065774,-0.089353,-0.113084,-0.097782,0.29102,-0.050946,-0.013659,0.242524,-0.181166,0.055213,0.112461,-0.195639,0.015258,-0.09204,0.138853,0.03118,0.169881,-0.074179,0.037064,0.088162,-0.133578,0.095379,-0.05003,-0.249406,-0.172397,0.054978,0.025715,0.058299,-0.076681,0.114176,-0.048497,0.213331,-0.124186,0.15345,-0.054092,0.049311,-0.084627,-0.424111,0.094959,0.024212,-0.062706,0.010021,0.001011,0.047212,0.067197,0.028541,0.007819,0.235038,0.053006,0.080426,-0.162376,-0.118048,-0.296546,-0.059188,-0.090454,0.177794,-0.072085,-0.078699,-0.098127,0.031808,0.002214,-0.104772,-0.058597,0.220525,-0.014928,-0.202499,-0.235208,0.00042,0.032107,0.081712,0.014323,-0.144262,0.25573,-0.032584,0.022206,0.226233,#
12,0.360068,0.371701,-0.200287,-0.235133,0.171033,0.07206,0.354128,0.227837,0.24866,0.360392,-0.193533,-0.169749,1.0,0.325938,0.164646,-0.240289,-0.096747,0.167636,0.161837,-0.046806,-0.043426,0.252403,0.16501,-0.027751,-0.114158,-0.245482,0.099382,-0.195565,0.113611,0.263031,-0.100403,-0.06724,0.218523,-0.154211,-0.256943,0.203766,0.08496,-0.023297,-0.093858,-0.373236,0.11962,0.073895,0.109524,0.082916,-0.074604,-0.408993,0.357822,0.068739,-0.063678,-0.030247,-0.140829,-0.056803,0.122938,-0.122431,-0.015716,0.016108,0.098886,-0.16172,0.144321,0.079118,0.423325,0.083505,-0.133256,-8.9e-05,0.159377,0.396,-0.050805,0.127067,0.288717,-0.190201,0.126364,-0.007149,-0.364366,-0.328138,-0.169289,0.381215,0.139606,-0.058664,-0.017907,-0.27523,-0.054145,-0.349403,-0.288878,-0.005263,-0.285253,0.084638,0.034548,0.140935,-0.04472,-0.339515,-0.131958,-0.125937,-0.392205,0.125854,-0.13658,0.035033,0.280324,0.017072,0.085246,-0.171579,-0.117748,-0.00388,0.154042,0.089365,0.063446,-0.083552,-0.230164,-0.249541,-0.347033,-0.263784,0.202103,0.28867,-0.166757,-0.289754,-0.103915,-0.097984,-0.274947,-0.199894,0.099425,-0.374903,-0.160111,-0.259236,-0.147045,-0.27519,-0.171081,0.207735,0.187749,0.283606,0.132923,0.12428,-0.373322,-0.084373,-0.282447,-0.077036,-0.338464,-0.02875,-0.180848,-0.290099,0.076498,-0.126272,-0.080374,-0.149441,-0.256718,-0.1588,0.286813,-0.011226,-0.228634,0.316754,-0.00115,-0.466924,-0.035184,-0.334777,0.149265,-0.329348,-0.128733,-0.079878,0.509879,0.344112,0.001324,-0.412498,0.046394,0.013157,0.145501,0.065917,0.298616,0.415502,0.044641,-0.101814,-0.400389,0.067735,-0.036414,0.142642,-0.128062,0.109248,0.331894,-0.245054,0.020591,0.172221,0.523627,-0.17319,0.228329,0.133178,-0.027453,-0.107432,0.283969,-0.056209,0.572071,-0.112395,-0.395519,0.395941,0.294128,0.12568,0.14659,0.172001,0.07285,-0.046065,0.029042,0.018445,0.229345,0.04148,#
13,0.142432,0.290591,-0.094055,-0.116092,-0.030628,-0.129806,-0.154949,0.148606,0.039951,0.253053,-0.418854,-0.034928,0.325938,1.0,0.19867,0.026701,-0.239041,0.317956,0.103084,-0.075368,-0.09006,0.377726,0.543495,0.331897,-0.067824,0.095049,0.297444,0.075071,-0.041726,0.430473,-0.175538,0.075051,0.253237,-0.011574,-0.132976,0.280921,0.089135,-0.222654,0.201262,-0.191357,-0.093716,0.090449,0.249633,0.238997,-0.176186,-0.308391,0.25387,-0.178799,-0.245475,0.069824,0.103362,-0.121506,0.098161,-0.005474,-0.068778,-0.05553,-0.11251,0.068348,0.083882,0.014139,0.224044,0.100732,-0.240644,0.017409,0.037669,0.088492,-0.222205,0.330677,-0.015101,-0.082524,-0.185261,0.03823,-0.180966,-0.010932,-0.263715,0.092919,-0.041249,-0.251691,-0.21498,0.056539,-0.148878,-0.270606,-0.139775,0.238324,-0.107101,-0.113083,-0.144356,0.041788,-0.022261,-0.290595,0.04256,-0.124135,-0.247476,0.127355,-0.122867,-0.084178,-0.080796,0.020542,-0.0943,-0.12258,0.05977,-0.136453,-0.007119,-0.222177,-0.035838,-0.116974,0.074148,-0.218288,-0.123814,-0.111868,0.046728,0.214051,-0.074041,-0.045031,-0.102185,-0.038728,-0.207206,-0.307443,0.10485,-0.199275,-0.211416,-0.301624,-0.058345,-0.24376,-0.232616,0.022041,0.023242,-0.092768,0.057114,-0.006982,-0.171716,0.147741,-0.346606,-0.22581,-0.495745,-0.17068,0.103635,-0.116521,0.092811,-0.120661,-0.119812,-0.248647,-0.279228,-0.228798,-0.249872,-0.117727,-0.001186,0.06022,-0.286503,-0.268621,-0.258069,-0.288058,-0.05742,-0.270644,-0.069218,0.01607,0.337236,0.182358,0.03698,-0.139968,0.043545,-0.029448,0.07287,0.014716,0.103554,0.201667,-0.02855,-0.076097,-0.133035,-0.074069,-0.197196,-0.023071,-0.269369,-0.274419,0.141385,-0.312178,-0.031834,-0.005317,0.432599,-0.287532,0.199784,-0.130268,-0.238873,-0.077463,0.222873,0.123724,0.205154,-0.381192,-0.184795,0.30627,0.024186,0.105533,-0.00168,0.260779,0.008033,-0.171854,0.227987,-0.159045,0.366385,-0.010359,#
14,0.082016,0.410822,-0.14917,-0.285853,0.188798,-0.021915,0.265379,0.044245,0.127778,0.166259,-0.102841,-0.156923,0.164646,0.19867,1.0,-0.032598,-0.020774,0.154892,0.365448,-0.124109,-0.126439,0.011999,0.103125,0.101815,-0.164893,-0.109092,-0.048073,0.253329,0.216561,0.16137,-0.391369,-0.095362,-0.025952,-0.077246,-0.118569,0.1924,-0.080287,-0.136061,0.166601,0.214154,-0.349553,0.07556,-0.030959,0.150028,0.213154,-0.074297,0.244978,-0.079299,0.072342,0.064663,0.157561,-0.236002,-0.093724,-0.092675,0.079001,-0.254005,-0.165452,-0.099526,-0.035219,-0.243338,-0.058501,0.207431,-0.301368,0.288447,0.062302,0.134842,-0.082013,0.035965,0.021458,-0.245033,-0.186157,-0.201447,-0.054082,-0.369078,-0.329745,0.272611,0.005991,-0.287236,-0.199977,-0.288083,-0.205049,-0.489353,-0.473982,0.091954,-0.38303,-0.017688,-0.28834,-0.220603,-0.210658,-0.187386,-0.062396,-0.21111,-0.140915,0.011004,-0.373617,-0.247044,-0.347269,-0.176517,-0.258325,-0.104644,0.098182,-0.392572,-0.24332,-0.308642,-0.205984,-0.174987,-0.418345,-0.107968,-0.37036,-0.204104,-0.136136,0.251135,-0.343759,-0.254116,-0.368832,-0.154717,-0.204102,-0.347952,-0.166902,-0.288816,-0.373329,-0.165447,-0.514084,-0.211962,-0.137087,-0.38685,-0.093958,0.110589,-0.190283,-0.330442,-0.132726,-0.215788,-0.460684,-0.041147,-0.265056,-0.339634,0.139467,-0.152447,-0.101708,-0.247821,-0.300281,-0.188231,-0.356167,-0.182315,-0.169956,-0.236351,-0.217821,0.306149,-0.384923,-0.232883,-0.400108,-0.473018,-0.199928,-0.344471,-0.247278,-0.351101,0.078377,0.250745,-0.458911,-0.044223,0.096194,-0.129759,0.190043,0.062132,-0.083596,0.293752,-0.147511,0.042947,-0.173937,-0.210117,0.353132,0.094878,-0.220905,-0.325,0.461016,-0.32767,-0.266661,0.229077,0.361846,-0.210654,0.317617,0.061778,0.196649,0.080825,0.371223,-0.375605,0.042753,-0.092053,-0.250708,0.267585,0.00631,0.445611,0.348971,0.286676,-0.049342,0.047943,0.061159,-0.138277,-0.099223,0.163626,#
15,-0.12311,-0.23521,-0.208369,-0.087286,0.062647,0.009477,-0.114449,0.11773,-0.296314,0.067362,0.151847,0.121287,-0.240289,0.026701,-0.032598,1.0,-0.040859,-0.210163,0.002391,0.004252,-0.195957,-0.014771,0.088474,0.170291,-0.076233,0.228329,-0.015127,-0.129683,0.082728,-0.125971,-0.022201,-0.039151,0.012764,0.183995,-0.001547,0.21701,-0.013857,0.152302,0.137216,0.190632,-0.222867,-0.219933,-0.228272,0.026898,-0.023424,0.150841,-0.086517,0.007214,-0.243085,0.032071,0.212582,0.127967,-0.16636,0.035892,0.025253,0.049851,0.069144,0.059788,-0.086519,-0.216744,0.008335,0.040071,0.032242,-0.151785,-0.025647,-0.211222,-0.293254,0.030092,-0.057069,0.083317,-0.042464,-0.253619,0.168054,0.223399,-0.034713,-0.013137,-0.06986,-0.059657,-0.104882,0.17369,-0.073706,0.06276,0.231663,0.170419,0.347829,-0.217892,0.035015,-0.163902,-0.009439,-0.000988,0.161532,0.127071,0.082697,0.071389,-0.054859,0.30845,-0.089604,0.042814,-0.077255,-0.140895,-0.016407,-0.064134,-0.081537,-0.062924,0.179889,-0.144219,-0.084347,0.130444,0.128773,-0.03509,-0.237455,-0.130965,0.145058,0.063535,0.044596,0.050708,0.114964,-0.013065,0.050001,0.123594,-0.065091,0.025556,0.15053,-0.081164,-0.073427,0.076338,-0.066171,-0.105434,-0.060548,-0.18594,-0.125333,0.235111,-0.013885,-0.039792,-0.05067,-0.059856,0.05586,0.025968,-0.210214,-0.089649,0.13158,0.04947,0.022783,0.136729,-0.09508,-0.085725,0.181013,-0.197744,-0.131638,-0.058137,-0.065841,0.094486,-0.210766,0.195819,0.11383,0.111151,-0.088172,-0.105202,-0.099706,0.10859,0.167007,0.029822,-0.142219,0.039764,-0.273886,-0.227945,0.17132,0.052868,0.13144,-0.041574,0.0384,-0.214603,-0.024488,-0.135725,-0.131562,0.020024,-0.077327,-0.134081,-0.194107,0.107876,0.014333,-0.235307,0.001724,0.015034,0.005132,0.036165,-0.114868,-0.099572,-0.040517,-0.200587,-0.154988,-0.150831,-0.026232,-0.091888,0.000427,-0.195531,0.193611,-0.032919,0.073572,-0.110374,#
16,0.261413,0.119206,-0.095622,-0.129885,0.076672,0.325601,-0.067172,0.012182,-0.057375,-0.076863,0.111241,0.129613,-0.096747,-0.239041,-0.020774,-0.040859,1.0,-0.038002,0.133771,-0.230077,0.119654,-0.226203,-0.118779,-0.245004,-0.168939,-0.151119,-0.1936,-0.087021,-0.109934,-0.070775,0.059351,0.192602,0.181261,-0.00026,0.016704,0.16362,0.091999,-0.152422,-0.286354,0.091978,-0.016317,-0.127889,-0.112664,0.316895,0.177761,0.036462,-0.20764,0.045542,0.098415,-0.034202,-0.006799,-0.058937,0.157003,-0.193827,0.094708,-0.124026,-0.161409,-0.014075,0.079999,0.0268,-0.029008,0.063769,0.13933,-0.076046,-0.057386,0.043033,-0.063999,-0.093529,0.084029,-0.108985,-0.188323,0.109138,0.05114,-0.083505,-0.035969,0.157222,-0.295654,-0.024874,-0.168306,-0.098736,-0.0133,0.037438,-0.08805,-0.262096,-0.201763,-0.252162,-0.231547,-0.033005,-0.079876,-0.30882,-0.253479,-0.128382,-0.075431,-0.185458,-0.133424,-0.23169,-0.173836,-0.28505,-0.267427,-0.122846,0.085174,-0.181178,-0.198983,-0.095116,0.055422,-0.096965,-0.061456,0.018083,-0.136961,0.066616,0.064641,0.009793,-0.101061,-0.030916,-0.137601,-0.018749,-0.378695,-0.062334,-0.087788,-0.006695,-0.201116,-0.033508,-0.104556,-0.115926,0.06924,-0.278425,-0.255101,-0.123202,-0.290567,-0.236019,-0.126234,-0.016224,0.112884,0.124578,-0.028068,-0.161167,0.2267,-0.370568,-0.067077,-0.140007,-0.357754,0.153027,-0.120494,0.164009,0.08816,-0.021284,-0.128717,0.053993,-0.164769,-0.134961,-0.162427,0.137024,-0.083661,0.05667,-0.298022,-0.288181,-0.065844,0.199858,-0.329882,0.109963,-0.114272,-0.067027,0.069282,-0.172408,-0.106844,0.255486,-0.119472,-0.19323,0.035614,-0.215444,0.054323,0.115464,-0.260587,-0.120542,0.107946,-0.290878,-0.294331,0.204703,-0.140969,-0.021105,-0.221037,0.087226,0.257641,0.16939,0.050259,-0.029657,0.123292,0.28715,0.212588,-0.023364,0.012634,0.260992,0.279972,0.066734,-0.068766,0.449144,0.164787,-0.163838,-0.453697,0.060004,#
17,-0.03072,0.381345,0.139501,-0.014666,0.069129,0.071493,-0.035534,-0.091275,0.270576,0.087457,-0.123873,-0.01533,0.167636,0.317956,0.154892,-0.210163,-0.038002,1.0,0.014622,0.252333,0.067774,0.0979,0.214692,-0.040284,0.058796,0.030621,0.037401,0.105419,-0.121456,0.178748,-0.036278,0.033207,0.089568,-0.149824,0.025523,0.022181,0.054191,-0.142278,-0.0112,0.000104,0.071559,0.121323,-0.087035,-0.056741,-0.003364,-0.276992,0.191409,0.176941,0.204214,-0.009306,0.133814,-0.262097,-0.016875,-0.14924,-0.099741,-0.104089,-0.290873,-0.244663,-0.175766,-0.198228,-0.056221,0.126509,-0.114488,0.030825,0.038798,0.30074,0.01514,0.196132,0.064745,0.373953,0.005718,0.192713,-0.341419,-0.051071,0.008321,0.030284,0.007853,-0.207317,0.028719,-0.314881,0.181896,-0.126827,-0.157439,-0.036106,-0.033131,0.070728,-0.06838,0.056902,0.010336,0.045527,0.099845,0.13633,-0.101343,0.283098,-0.193692,0.191708,0.282347,-0.084055,-0.073175,-0.19365,-0.19463,-0.040215,-0.041154,0.193971,-0.248256,-0.098102,-0.173618,-0.196114,-0.158646,-0.023109,0.346445,-0.019587,0.005275,-0.123424,0.105495,-0.091853,-0.202424,-0.231618,0.381799,-0.331611,-0.06307,-0.171346,-0.217459,-0.116282,-0.181138,0.071111,0.071036,0.08918,0.118209,0.059948,0.160366,0.034209,-0.133889,-0.30421,-0.00919,-0.154782,0.101226,-0.130997,-0.006077,-0.002927,0.032011,-0.158389,-0.209854,-0.44108,-0.165326,0.074666,0.074033,0.166054,0.14477,-0.148312,-0.138331,-0.12695,0.347968,-0.202376,-0.21803,-0.082014,0.38997,0.363814,-0.172316,-0.029554,-0.070978,0.186641,0.193627,0.023667,-0.089749,0.413229,0.100469,-0.098127,0.005806,0.096644,-0.224122,-0.119463,-0.213874,-0.111211,-0.010704,-0.071814,0.057028,0.021406,0.428881,-0.387133,0.149839,0.055275,-0.364632,-0.215569,-0.014018,-0.180939,0.243833,0.081651,-0.402904,0.062315,0.105417,0.015,-0.049042,0.161216,-0.214279,-0.023684,-0.046428,0.033133,0.343122,0.168428,#
18,-0.052441,0.169571,-0.128476,-0.085011,0.144556,-0.22999,0.088368,-0.007426,0.025371,0.17054,0.082887,-0.290933,0.161837,0.103084,0.365448,0.002391,0.133771,0.014622,1.0,-0.27974,0.181973,-0.235711,-0.021656,0.034241,-0.107645,-0.044694,0.007809,0.231122,-0.034877,0.234804,-0.017847,0.028512,0.180489,0.041072,0.113674,0.16975,0.153111,-0.150622,-0.012449,0.041997,-0.187153,-0.054441,0.188567,0.151115,-0.022555,-0.038953,0.159601,-0.17457,0.181461,-0.059108,-0.057463,0.017836,-0.078045,-0.109668,0.330234,-0.06061,-0.174116,0.067692,-0.171954,-0.140709,-0.076043,0.109013,-0.045181,0.308192,-0.00743,0.012188,-0.102376,0.070795,0.008309,-0.243141,-0.196286,-0.329264,0.023704,-0.321939,-0.090395,0.204523,-0.039853,-0.038145,0.046879,-0.367627,-0.23682,-0.264657,-0.37016,0.10339,-0.299247,-0.067281,-0.140665,0.024235,-0.199169,-0.055246,-0.109625,-0.173087,-0.18759,-0.302424,-0.27864,-0.212783,-0.149637,-0.218437,-0.060404,-0.082379,-0.119789,-0.201221,-0.048029,-0.377051,-0.016061,-0.069481,-0.274348,-0.033825,-0.124383,-0.043046,-0.005094,0.181467,-0.06222,-0.225793,-0.144441,-0.229654,-0.14662,-0.156053,-0.062546,-0.103504,-0.33139,0.099978,-0.31748,-0.224711,-0.075469,-0.18104,-0.082208,-0.001033,-0.196001,-0.220694,-0.015594,-0.241733,-0.131473,0.031374,-0.134998,-0.264834,0.046396,-0.098153,-0.140048,-0.13169,-0.342864,0.12544,-0.166607,-0.186336,-0.06339,-0.132388,-0.205452,0.224436,-0.268699,-0.263165,-0.369896,-0.214913,-0.008226,-0.141201,-0.224194,-0.273367,-0.014969,0.101354,-0.21217,-0.138593,0.021458,0.024589,0.12449,0.092966,-0.023781,-0.057009,-0.100372,0.139494,-0.069298,0.025813,0.199837,-0.015523,-0.000739,-0.139959,0.294244,0.056239,-0.001603,0.271581,0.098177,-0.149363,0.072371,0.097818,0.313091,0.082851,0.279678,-0.076763,0.042339,-0.079335,-0.003725,0.21721,-0.020206,0.222475,0.366125,0.164811,-0.012707,-0.033798,0.191996,-0.036086,-0.350001,0.039234,#
19,-0.221113,-0.157302,0.135759,0.27081,-0.039472,0.195145,-0.11818,0.025946,-0.034824,-0.151046,-0.09021,-0.069763,-0.046806,-0.075368,-0.124109,0.004252,-0.230077,0.252333,-0.27974,1.0,0.140189,0.10319,3.5e-05,-0.008737,0.146716,-0.066718,-0.002051,-0.1575,-0.143221,-0.228882,0.242089,0.127639,0.033838,0.060655,-0.173167,-0.351203,0.153355,0.203655,-0.188179,-0.054903,0.280122,0.30399,-0.123115,-0.112343,0.02504,-0.115834,0.268503,0.299105,0.279466,-0.19518,-0.092054,0.157003,0.266203,-0.040228,-0.096993,0.250131,0.168044,-0.352999,0.096318,-0.140655,-0.170837,-0.243758,0.052413,-0.021128,0.069053,0.093924,0.17415,0.069898,-0.056535,0.203771,0.394377,0.117856,0.051237,0.290602,0.149821,-0.265239,0.317076,0.120238,0.526317,0.20731,0.525485,0.31737,0.371688,0.142375,0.200019,0.173015,0.362162,0.204097,0.378838,0.069261,0.374282,0.28377,0.295448,0.327069,0.190992,0.320769,0.242246,0.245122,0.064765,0.180625,-0.343452,0.324972,0.331544,0.381073,0.355647,0.325874,0.265093,-0.262446,0.207434,-0.097996,0.296684,-0.235663,0.144626,0.413162,0.36913,0.049591,0.088095,0.320854,0.081972,0.001741,0.361415,0.037987,0.247577,0.105352,0.088483,0.299724,0.082694,0.113978,0.087918,0.335822,0.185207,0.327072,0.276196,-0.128322,0.242638,0.143983,0.098588,0.109546,0.061648,0.235113,0.364622,-0.051328,0.10723,-0.063366,0.241029,0.288782,0.271752,-0.286052,0.607894,-0.035211,0.301681,0.181109,0.358644,0.338378,0.162249,0.267831,0.1219,-0.133684,0.354337,0.120342,0.050058,0.195107,-0.191858,0.241741,0.109328,-0.109887,0.490426,-0.03723,-0.027607,0.099153,-0.335419,-0.188438,0.204529,0.396721,-0.268375,0.198397,0.333586,-0.39488,-0.172696,-0.05935,-0.059355,-0.14287,-0.194238,-0.074485,-0.441697,0.099709,0.11266,0.152837,-0.154613,-0.484366,0.279354,-0.447506,-0.326613,-0.271568,0.053691,-0.221793,-0.395605,0.437873,0.342085,-0.124806,#
20,0.092852,-0.098365,-0.096594,0.194836,-0.036858,-0.077983,-0.18781,-0.013286,-0.094907,-0.267787,0.023032,-0.166875,-0.043426,-0.09006,-0.126439,-0.195957,0.119654,0.067774,0.181973,0.140189,1.0,-0.270258,-0.39908,-0.010763,0.127734,0.068993,-0.14541,0.087622,0.026392,-0.002673,0.284159,-0.010565,0.094542,0.01414,0.029641,-0.350607,0.11755,0.104801,-0.048464,-0.072113,0.147497,0.018321,-0.054558,0.042672,-0.261893,0.087603,0.210904,-0.074529,0.169531,-0.183022,-0.03877,-0.021868,0.129143,0.123394,0.132038,0.176209,-0.127511,0.132702,-0.133088,0.054449,-0.146716,0.106856,0.169338,-0.004299,-0.102203,0.036346,0.038261,0.099581,-0.276013,-0.241356,-0.031578,0.008349,0.017946,0.310094,0.065494,-0.189155,0.064115,0.340666,0.119376,0.126682,-0.08863,0.338845,0.336197,0.017302,-0.099872,-0.115428,0.20437,0.143094,0.345754,0.1801,-0.105321,-0.063978,0.105305,-0.101816,0.132898,0.136778,0.07468,0.085303,0.1606,0.178034,-0.08112,0.064695,-0.112738,-0.012057,0.246164,0.14991,0.070901,0.155989,0.097775,0.206647,0.060277,-0.131681,-0.001024,0.224151,0.27345,0.253662,0.009741,0.126241,0.09664,0.213504,0.026323,0.315713,-0.10479,0.281247,0.206449,0.045807,-0.304885,-0.172759,-0.056195,0.14636,0.130564,-0.099589,0.287331,0.052767,-0.008013,0.046484,0.078803,0.046622,0.083638,0.363487,-0.104486,0.032901,0.266017,0.074532,0.247118,-0.004471,0.257953,-0.313029,0.258979,0.112593,0.095012,0.196755,0.179869,0.302876,-0.049747,0.196489,0.188645,-0.095251,0.217876,0.068295,-0.128055,0.054774,0.015853,-0.074189,-0.031762,-0.189352,0.149534,-0.124871,0.212941,0.048308,-0.092369,0.012704,0.223674,-0.040784,-0.278566,0.253003,0.127441,-0.230744,-0.182816,0.193476,-0.071408,0.138456,0.065675,-0.080657,-0.02337,0.379511,0.05759,0.368674,0.16046,-0.067926,0.161211,-0.038896,-0.198182,-0.326548,-0.267105,-0.061642,-0.147586,0.111661,0.032574,-0.079026,#
