0,1.0,0.060302,-0.136326,-0.129098,0.014344,0.038501,0.368134,-0.286906,0.061105,0.053073,0.336872,0.164413,0.307976,0.171746,0.082084,0.001174,0.009384,-0.299912,0.283178,-0.036853,-0.026649,0.05635,0.052535,0.037081,-0.003852,-0.065081,-0.183628,0.139121,0.143552,-0.008758,-0.237467,-0.009687,0.10759,-0.079078,0.236941,0.00691,0.036602,-0.011252,0.130069,0.01222,0.030346,0.094645,0.112034,0.046338,0.130898,0.037334,0.275672,0.209688,-0.236375,-0.192679,0.087215,-0.127661,-0.039498,-0.216814,-0.099564,0.028051,-0.055429,0.226431,-0.023415,-0.025929,0.218114,0.068905,-0.23105,0.071437,-0.209692,-0.004446,-0.001853,-0.040269,-0.15032,-0.1903,-0.023825,0.037219,0.106589,-0.205565,-0.009987,0.101322,-0.39402,-0.071475,-0.188523,-0.003567,-0.025176,-0.034612,-0.082054,-0.476967,-0.150724,-0.116151,-0.04831,-0.202422,-0.102994,-0.02844,-0.461198,-0.201296,0.00156,-0.323892,-0.113411,-0.207413,-0.019082,-0.383436,-0.27669,-0.09374,0.327149,-0.129092,-0.050997,-0.142074,-0.05904,-0.209274,-0.182868,-0.048448,-0.232709,-0.140406,-0.010408,-0.00562,-0.171397,-0.133451,0.082347,0.126239,0.066946,-0.084461,0.086651,-0.116104,-0.110501,0.008438,-0.078173,0.279984,-0.154224,0.05855,-0.131372,0.185269,-0.273729,-0.118833,-0.278792,-0.255811,-0.10213,0.397181,-0.118021,-0.150237,-0.097865,-0.284503,0.309082,-0.157242,-0.098848,0.052938,0.057914,-0.188484,-0.233938,-0.008317,0.012225,0.091039,-0.245016,-0.237804,0.008841,-0.103482,-0.31431,-0.078683,0.120669,-0.170575,0.045117,0.09804,-0.215756,0.004653,0.04481,-0.031022,0.035147,-0.275842,-0.028009,0.116274,0.11037,0.120556,-0.323456,-0.19742,0.169217,-0.310686,0.045841,0.090507,0.154545,-0.068907,-0.289484,0.027562,0.06207,-0.374102,0.017583,0.111602,-0.008757,0.195832,0.10786,-0.169688,0.199375,0.137712,0.064301,0.20207,-0.48865,0.136904,0.380257,-0.026244,0.09784,0.143364,-0.10999,-0.112373,-0.021223,-0.143101,#
1,0.060302,1.0,0.04818,-0.144949,-0.189573,0.076537,0.103524,-0.080164,-0.004203,0.088389,-0.019259,0.076128,0.1675,0.321255,-0.111818,-0.009192,0.215684,0.061693,0.220116,-0.066301,0.188465,0.245145,0.000509,-0.280098,-0.050795,-0.226419,-0.262862,0.032556,0.043902,-0.11463,0.041811,-0.133213,-0.007782,0.141087,0.138106,0.182816,-0.174531,-0.18776,0.03863,-0.305881,-0.04514,0.042354,-0.000187,-0.078784,-0.162397,-0.02323,-0.080514,-0.03561,0.141043,0.096242,-0.06731,-0.12235,0.007716,0.127647,-0.127877,-0.069912,0.151628,-0.038207,-0.024742,-0.121548,0.079297,-0.142598,-0.017364,-0.062809,0.110664,0.203959,-0.28362,0.109531,-0.064948,0.024026,-0.084932,-0.142585,-0.336303,-0.062142,-0.061454,0.1168,-0.05491,-0.008249,0.161696,-0.045047,-0.025631,-0.215875,-0.042917,-0.121665,-0.123498,0.000826,-0.083425,0.130754,0.028374,-0.016025,-0.102841,-0.05665,-0.157891,-0.114901,-0.131433,-0.022667,-0.046318,0.100897,0.12541,-0.105511,-0.030774,-0.10653,0.087274,0.235473,-0.111265,-0.208899,0.307819,-0.014246,-0.19935,-0.263906,0.353954,-0.166536,-0.133607,-0.021939,-0.046279,-0.102686,-0.236859,-0.201775,-0.089069,-0.073351,-0.009416,0.068349,-0.367766,-0.084616,-0.163726,-0.267326,-0.064868,-0.132783,-0.236494,-0.09843,-0.038939,-0.218021,-0.272153,0.038884,-0.309799,-0.014222,0.203643,0.03216,0.160189,-0.254181,-0.067305,-0.188464,0.193365,-0.121356,0.045715,-0.158182,-0.24111,0.07265,0.185376,0.167793,-0.014562,0.09166,0.208379,-0.050281,0.062869,-0.17431,0.167463,0.228029,0.03784,0.104067,0.076842,-0.002891,0.062508,0.102397,-0.017324,0.296853,0.232735,0.250128,-0.079521,-0.142686,0.209546,-0.084443,-0.135327,-0.004136,0.072461,-0.167093,0.011586,0.155018,0.056397,-0.204763,0.195238,-0.147581,0.203432,0.098402,0.233835,-0.063413,0.041835,-0.166261,-0.174716,0.382055,-0.140133,0.270176,-0.199287,0.051795,0.010364,0.212126,0.108269,-0.01203,-0.038579,0.143787,#
2,-0.136326,0.04818,1.0,-0.386785,0.029165,-0.126209,0.135492,-0.202921,0.021318,0.117466,-0.128749,-0.218446,-0.002728,0.014783,-0.042332,0.019687,0.005058,0.363483,-0.01535,0.217909,-0.099095,-0.059789,0.026492,0.052317,0.00808,0.005909,0.002373,-0.079108,0.017168,-0.146534,-0.135564,0.151559,-0.266325,0.225257,-0.092323,0.038171,-0.007613,0.333076,-0.075454,-0.086044,0.073703,-0.152558,-0.149153,-0.071852,0.016144,-0.169734,-0.312846,-0.165357,0.089904,0.048749,0.041471,-0.207687,0.200789,-0.069976,-0.211795,-0.15868,0.001863,-0.213145,0.083919,-0.109748,0.086477,-0.039222,-0.079532,-0.192228,0.251837,0.170104,0.160441,-0.138782,0.105874,0.20543,-0.221606,-0.020076,-0.416432,0.026548,-0.158737,-0.20992,-0.149435,0.001362,-0.029547,0.007539,0.195724,-0.007658,0.118565,0.133274,-0.041691,0.117652,0.240832,-0.021082,-0.055069,0.230808,0.019898,0.026336,-0.008699,0.091455,0.059177,-0.007476,-0.142113,-0.069865,0.05642,0.051772,-0.301523,-0.25144,0.06521,0.080473,0.068868,0.007632,0.044926,-0.022189,0.223724,-0.123663,0.01559,-0.042807,-0.069415,0.05372,0.25535,-0.052317,-0.031614,0.216857,-0.257022,-0.119182,-0.045605,0.113127,0.031557,-0.384199,-0.29799,0.154544,0.399647,0.026465,0.192438,0.117349,0.192153,0.022752,-0.086152,0.050053,0.135189,-0.126841,0.225005,0.253885,-0.378424,0.202266,-0.098875,0.04715,-0.107536,-0.19042,0.03028,-0.095529,0.058668,-0.003657,-0.067513,0.136583,-0.166162,0.223174,0.007462,0.01518,0.098106,0.116797,0.148103,0.015723,0.039767,0.000561,0.152178,-0.195147,-0.028687,0.15737,0.032729,-0.006564,0.069247,-0.053286,0.256831,-0.010391,-0.17402,-0.105488,-0.029602,0.029204,-0.376031,0.193559,0.156319,-0.077428,0.058027,-0.151517,-0.064895,0.100522,0.122447,-0.152055,-0.108107,0.139289,0.175294,0.000458,-0.164449,-0.391659,0.192454,-0.196062,-0.243466,0.110759,-0.282238,-0.01929,-0.007161,0.253338,0.168723,0.194914,#
3,-0.129098,-0.144949,-0.386785,1.0,-0.148832,-0.051702,-0.217807,0.185827,-0.407206,-0.276373,0.082176,0.096362,-0.115856,-0.333711,-0.008157,-0.086843,0.015254,-0.085058,-0.150846,-0.143966,0.267915,-0.291908,-0.391724,0.03996,0.155919,0.151894,-0.027796,0.092189,0.04465,-0.191409,0.332343,-0.207902,0.24165,-0.199642,-0.141447,0.000182,-0.203393,-0.182072,0.205575,0.130815,-0.014064,-0.122797,-0.090188,-0.01536,0.05268,0.30177,-0.108587,-0.243092,0.030955,-0.172411,-0.161909,0.468757,-0.089788,0.207836,0.272505,-0.24204,0.236761,0.281455,-0.132582,-0.190568,-0.517934,-0.017342,0.132927,0.07281,-0.118546,-0.142499,-0.009324,0.045014,-0.053935,-0.003338,0.036976,-0.16298,0.089186,0.197293,0.245428,-0.248409,0.241992,0.315005,0.121717,-0.009631,0.030555,0.18103,0.24611,0.104256,0.15339,-0.054435,0.117645,0.197479,0.283182,0.035987,0.190644,0.113644,0.158441,-0.068538,0.198225,0.264012,0.330401,0.089931,0.101163,0.190987,0.221366,0.125295,0.303488,0.119348,-0.05475,0.20536,0.035085,0.227014,-0.134576,0.145271,-0.163833,0.000323,0.259219,0.129437,-0.09442,0.146724,0.192693,0.233932,-0.091943,0.337663,0.20232,0.111957,-0.014642,0.231582,0.253057,0.063017,-0.375192,-0.237839,0.025552,0.199629,-0.069332,0.308361,0.350485,-0.174209,0.202481,0.071241,0.003805,-0.11569,-0.029592,0.147291,0.161449,0.089385,0.394429,0.217539,0.327878,-0.050186,0.125338,-0.289548,0.16566,-0.119605,0.251999,-0.085343,-0.009752,0.084815,0.149121,-0.004304,-0.362925,-0.355486,0.135429,-0.001646,-0.002742,0.129535,0.15845,-0.084776,-0.08318,-0.385205,0.083149,-0.216359,0.042025,0.008212,0.150767,0.365826,0.0872,0.20526,0.075639,0.152548,0.001731,-0.127197,-0.41946,0.466987,-0.451312,0.114889,-0.108393,-0.208859,-0.135812,-0.143923,-0.184078,-0.040563,0.372173,0.027164,0.20327,-0.045599,-0.123959,-0.235725,0.049777,-0.174955,-0.124281,-0.373345,-0.256186,-0.207626,#
4,0.014344,-0.189573,0.029165,-0.148832,1.0,0.031424,0.052815,-0.032188,-0.042309,-0.135562,0.119242,-0.052721,-0.140571,-0.327975,-0.120382,-0.001055,0.175918,-0.122923,0.083496,-0.031632,-0.177488,-0.261383,0.136531,-0.061497,0.004073,-0.036611,-0.056952,-0.161383,0.059231,0.079642,-0.295971,-0.056465,0.09144,-0.205013,0.174265,-0.008961,0.030837,-0.172874,0.081621,0.413458,-0.087858,-0.269781,-0.078558,-0.119245,-0.263894,0.122673,-0.070227,-0.066541,0.007686,0.218203,-0.009223,0.141511,-0.18135,0.155966,0.071099,0.008484,-0.303741,0.215362,0.072026,0.263575,-0.190358,-0.114699,0.074717,-0.264079,-0.116043,-0.069633,0.283827,-0.002102,-0.066101,-0.089143,-0.005861,0.153691,0.169529,-0.0036,0.12891,0.06049,0.038115,-0.158113,0.008232,-0.220343,-0.236352,0.150023,0.095028,-0.033878,0.177855,-0.059911,-0.060416,-0.051454,-0.046892,-0.018956,0.045633,0.253971,0.047721,0.109497,0.196509,-0.099793,0.24487,-0.055296,-0.052989,-0.022871,0.077088,0.132638,0.05094,-0.135303,0.003975,-0.049038,-0.140234,-0.021904,-0.123478,0.131875,-0.045387,0.07187,-0.244065,-0.045667,-0.265734,0.121732,0.073674,0.390873,-0.243505,-0.033766,-0.236259,-0.164578,-0.090493,0.06019,0.063008,0.090253,-0.011162,0.178538,-0.06929,-0.212176,0.095372,-0.137067,0.118369,0.08056,0.139565,-0.064776,0.270749,0.074687,-0.035734,0.071967,-0.072881,-0.067821,-0.033872,0.129448,-0.09881,-0.107338,0.022541,-0.084184,0.005723,-0.08407,0.093239,0.024269,-0.181752,0.157761,-0.055291,-0.015317,-0.037335,0.033053,-0.284721,0.005423,-0.273006,-0.109927,0.002429,0.108836,-0.027469,-0.065316,-0.037009,0.023357,0.096416,0.264018,0.105906,0.024867,0.108934,-0.060328,-0.132275,-0.003184,0.058396,-0.020607,-0.011994,-0.035321,0.020844,0.163682,-0.016381,0.017007,0.042284,-0.065168,-0.027784,0.247006,0.317833,-0.087487,0.084527,-0.058068,0.24925,0.126388,-0.127995,-0.038479,0.106303,0.145016,-0.012333,-0.206711,#
5,0.038501,0.076537,-0.126209,-0.051702,0.031424,1.0,0.22669,0.188664,0.112236,-0.015025,-0.01045,-0.00845,0.035491,-0.069262,0.207977,-0.166704,0.262913,0.106845,0.151956,-0.078702,-0.169026,-0.072574,0.228725,-0.139932,-0.175966,0.264901,-0.236397,-0.058989,0.128293,0.044751,-0.18223,0.111869,-0.06119,0.139663,-0.053064,0.20546,0.062921,-0.196161,-0.200653,-0.100515,-0.353276,0.033267,-0.145952,-0.042006,0.00155,0.006699,0.189337,-0.170478,0.164547,0.041549,0.036265,-0.099798,0.228724,0.099425,-0.036079,0.069033,-0.124882,0.077254,-0.095299,-0.066185,0.095516,0.029926,0.020466,0.002123,-0.301235,-0.245221,-0.029092,-0.092527,-0.057299,-0.322219,-0.089577,-0.106922,-0.138324,0.017868,-0.089005,0.127221,-0.082256,-0.00023,-0.206787,0.171628,-0.208932,-0.174135,-0.13502,0.198126,-0.043698,-0.147857,-0.117908,-0.011051,-0.049323,-0.173955,0.035686,-0.152163,-0.237048,-0.238607,-0.128596,0.070991,-0.182933,-0.064689,-0.254826,-0.243381,0.288231,0.148698,-0.014656,-0.102175,-0.23308,-0.317782,-0.059468,0.078238,-0.159404,0.044973,0.088467,0.271218,-0.254185,-0.229035,-0.051117,-0.081051,0.044258,0.039101,0.097698,-0.195458,0.059943,-0.08958,-0.054465,0.017252,-0.166191,-0.070825,0.058422,-0.112619,-0.324926,0.123547,-0.039751,-0.157239,-0.012952,-0.006967,-0.403302,-0.030707,0.114154,0.141135,0.229781,-0.062572,-0.107941,-0.119156,-0.228878,0.091407,-0.073108,-0.183517,0.227205,0.091503,-0.26169,-0.226404,-0.015429,-0.371059,0.223706,-0.062001,0.163803,0.017954,0.096001,-0.007994,-0.346679,0.092576,-0.242381,-0.009489,0.195503,-0.231985,0.196707,0.115169,-0.119917,-0.030822,-0.025448,-0.222286,0.024202,-0.233623,-0.19534,-0.180649,0.129534,-0.148463,0.037321,0.025036,0.075976,-0.010945,0.270553,-0.003794,0.074972,0.036524,0.416403,-0.131041,0.200121,0.011016,-0.039509,0.194048,-0.105665,0.219125,0.026742,-0.058856,-0.217991,0.367767,0.043021,0.121195,-0.228851,-0.073892,#
6,0.368134,0.103524,0.135492,-0.217807,0.052815,0.22669,1.0,-0.226332,0.203513,0.024264,0.159471,0.073852,0.080228,0.066893,0.025614,-0.055042,0.21647,0.205978,0.247813,0.223662,-0.172108,-0.072511,0.204647,0.093678,-0.149182,0.040568,-0.160468,-0.038416,0.268743,-0.090236,-0.230269,0.053657,-0.095847,-0.07256,0.004102,0.077448,0.261169,-0.233097,0.076811,0.133275,0.038589,0.125673,-0.102873,0.068612,0.059857,-0.047264,0.050155,-0.073378,0.039314,-0.118636,0.012035,-0.347815,0.178593,-0.124739,0.139871,-0.172981,-0.068909,-0.045698,0.150848,-0.112709,0.242939,0.177131,-0.116504,0.033176,0.160562,0.101962,-0.070779,-0.056945,0.136559,-0.148851,-0.052794,-0.130129,-0.187842,-0.568863,-0.415087,-0.038887,-0.418169,-0.380244,-0.305799,0.003542,-0.210214,-0.079286,-0.126502,-0.279599,-0.283894,-0.088472,-0.124607,-0.19705,-0.370883,-0.258335,-0.468988,-0.380319,-0.502353,-0.205899,-0.319,-0.426971,-0.124066,-0.32471,-0.315855,-0.215449,0.142492,-0.006953,-0.274387,-0.193403,-0.306971,-0.386648,0.004358,-0.15713,-0.028984,-0.297349,0.096301,0.0423,-0.211891,-0.370483,0.003096,-0.141966,-0.018772,-0.13454,0.139964,-0.271387,-0.263463,-0.158623,-0.174848,-0.063908,-0.207119,-0.120271,0.158381,0.234395,-0.293524,-0.026111,-0.244112,-0.31109,-0.199511,0.186323,-0.264041,-0.267832,0.085582,-0.090223,0.124178,-0.340771,-0.272151,-0.135756,-0.198726,-0.364266,-0.347105,-0.120435,0.059392,0.466719,-0.286811,-0.391641,-0.128843,-0.435241,-0.164681,-0.122223,-0.13196,0.054445,0.210735,0.262854,-0.21582,-0.059003,0.047555,-0.254452,0.16233,-0.044879,-0.080822,0.259773,0.036366,0.000215,-0.27095,-0.275178,0.146637,-0.302428,-0.23827,-0.134026,0.049354,-0.351121,-0.114649,0.277455,0.23013,-0.455979,0.263244,0.02353,0.018784,0.262048,0.151161,-0.404289,0.064202,0.07907,-0.173183,0.288534,-0.446964,0.165263,0.161221,0.096123,-0.104119,-0.062864,0.012454,0.074339,-0.136119,0.205287,#
7,-0.286906,-0.080164,-0.202921,0.185827,-0.032188,0.188664,-0.226332,1.0,-0.329593,0.007912,-0.19226,-0.242542,0.171326,-0.178226,0.113427,0.029694,0.172828,0.000395,-0.052512,-0.260344,0.144163,0.113731,0.030685,-0.001225,-0.080914,0.056489,-0.192873,-0.236717,-0.197588,0.101957,-0.074317,-0.03641,0.027529,0.125028,-0.167007,-0.039908,-0.14221,-0.223265,-0.168597,0.129634,-0.065813,-0.019352,-0.043189,-0.179251,0.112303,0.079865,0.258776,-0.135828,0.169561,0.030338,-0.022537,-0.066538,0.014378,-0.149586,-0.053515,0.070133,0.468406,-0.16928,-0.116297,0.31922,-0.077184,-0.315678,0.051109,0.10816,-0.069953,-0.119144,-0.001105,0.016154,-0.087475,-0.145186,0.18492,0.050647,-0.257487,0.21379,0.098662,-0.102827,0.049969,0.092579,-0.048037,0.078981,-0.076753,-0.211031,-0.128222,0.021942,0.142755,-0.168892,0.17587,0.090599,0.221098,0.168402,0.125105,0.069027,0.097294,-0.019799,0.115979,0.180576,-0.093725,0.14884,0.1522,-0.046905,-0.107105,0.132757,0.094669,0.061336,-0.102755,0.117994,-0.13176,0.03084,-0.008696,0.242946,0.120378,0.03155,0.154936,0.239625,-0.063942,0.037662,0.146668,-0.087452,-0.008438,0.057671,0.207561,-0.158219,0.062711,0.155593,0.028879,-0.133009,-0.010241,-0.122947,0.060639,0.021821,-0.181863,0.21567,0.173212,-0.215437,0.03567,0.263358,0.073966,0.10265,-0.051039,-0.021991,-0.189758,-0.10356,-0.199914,0.23861,-0.099444,-0.121401,0.017238,0.107434,0.113536,0.055585,-0.089801,-0.093966,0.10054,-0.009152,-0.045676,-0.252525,-0.056431,0.053914,0.044927,0.162279,-0.202977,0.225193,0.053718,0.129709,0.131451,-0.303731,-0.408934,-0.092912,0.083697,0.186507,-0.110858,0.100421,-0.143942,-0.174812,0.151235,-0.052374,-0.085542,-0.036169,-0.096359,0.184178,-0.01321,0.031616,0.183939,0.053933,0.035477,-0.014999,-0.049214,-0.103919,-0.070537,0.179749,0.010339,-0.104494,-0.099529,0.029363,0.033374,-0.078929,-0.029257,0.011945,-0.127852,0.057399,#
8,0.061105,-0.004203,0.021318,-0.407206,-0.042309,0.112236,0.203513,-0.329593,1.0,0.319072,0.067111,0.235899,0.052668,0.247291,-0.035114,-0.094287,-0.283824,0.059971,0.042014,0.235972,-0.089709,-0.043142,0.131495,0.104247,-0.089525,0.177489,0.198274,0.093039,0.128778,-0.040681,-0.186213,0.127995,0.235687,-0.040301,-0.031087,0.00117,0.302923,0.189022,-0.058037,-0.205876,0.103839,0.10485,-0.084377,-0.023556,-0.110416,-0.297599,-0.049915,0.288349,-0.079492,0.034201,-0.183693,-0.345199,0.287905,0.147069,0.20627,0.151725,-0.397795,-0.211194,-0.038483,-0.116523,0.16913,-0.066246,-0.071961,0.069185,0.160155,0.14226,-0.013103,0.162229,0.167214,-0.051883,-0.049445,0.037718,0.068362,-0.177074,-0.28344,0.044383,-0.121783,-0.166279,-0.140605,0.205067,-0.234523,-0.103148,0.022372,-0.047588,-0.232798,0.17835,-0.337703,-0.209314,-0.110893,-0.423842,-0.024132,-0.360466,-0.282163,-0.020854,-0.221508,0.006004,-0.220351,-0.044893,-0.229327,-0.214552,-0.142708,0.146034,-0.183986,-0.074358,0.159205,-0.12208,-0.042572,-0.151747,0.108641,0.03127,0.149339,-0.183057,-0.111421,-0.167857,0.149015,0.016543,-0.198956,-0.255678,0.091186,-0.299312,-0.128623,0.044979,-6e-05,-0.181749,-0.306085,-0.036733,0.26062,-0.030692,-0.105172,-0.111651,0.308194,-0.119987,-0.383935,-0.17059,-0.198666,0.0329,-0.163806,0.088877,0.186329,-0.085482,-0.075723,0.183231,-0.214857,-0.155782,-0.247576,-0.203638,-0.259658,0.106622,-0.152596,-0.075536,-0.02293,-0.048283,-0.045394,-0.288792,0.148352,-0.040531,0.323141,0.358868,-0.359807,-0.252117,-0.00088,0.065853,-0.11489,-0.110806,-0.016954,0.041904,0.065682,-0.040048,-0.065674,-0.041758,-0.187668,-0.241853,-0.074369,-0.009973,0.089295,-0.110282,0.231752,0.132884,0.530353,-0.235762,0.265753,0.045057,-0.31102,0.030373,0.021992,-0.023752,0.222326,0.070887,-0.315487,0.042116,-0.087664,0.169349,-0.03724,0.223177,0.059844,0.021963,-0.076451,-0.16604,0.073406,0.06521,#
9,0.053073,0.088389,0.117466,-0.276373,-0.135562,-0.015025,0.024264,0.007912,0.319072,1.0,-0.324861,-0.093448,0.25894,0.49022,0.00978,0.016648,-0.327042,0.286739,-0.036282,0.22775,-0.172664,0.007531,0.254234,0.034128,0.012953,-0.085013,-0.180515,-0.030855,0.17531,0.215531,-0.009939,-0.003308,0.095434,0.107016,-0.084957,0.007773,0.24822,-0.053023,-0.038745,-0.122864,0.261421,0.035516,0.106693,-0.109974,0.054917,-0.319363,0.04198,0.316002,0.144942,-0.124035,-0.137035,-0.349101,0.242304,-0.074545,-0.047591,-0.031518,-0.118185,-0.343546,-0.019505,0.29836,0.322284,-0.186798,-0.392898,-0.012155,0.089858,0.055115,0.044552,0.063669,-0.055426,-0.105986,0.033171,0.128862,-0.262992,-0.060318,-0.066401,-0.046751,-0.13631,-0.156905,-0.107381,0.260879,-0.102537,-0.315927,-0.269045,0.159709,-0.417753,0.111959,-0.016455,-0.312741,-0.247322,-0.160869,-0.103788,-0.175238,-0.383204,-0.05773,-0.22044,0.147092,-0.630634,0.081688,0.180986,-0.25853,-0.412448,-0.146155,-0.130332,-0.049973,-0.019286,-0.199411,0.026874,-0.456336,0.326712,-0.154468,0.451299,0.163512,-0.195015,0.0117,0.087082,-0.098227,-0.177821,-0.180341,0.256693,-0.22493,-0.233977,-0.128961,-0.031401,-0.090874,-0.305398,0.354981,0.236319,0.048051,-0.185402,-0.335745,0.043838,0.166646,-0.583619,0.113497,-0.314126,-0.238926,0.068735,0.033457,0.125409,-0.211671,-0.063689,-0.236781,-0.241848,-0.344852,-0.295518,-0.237181,-0.235629,0.193639,-0.166068,-0.147344,-0.395935,0.089066,-0.109034,-0.504904,0.137407,-0.307141,0.716089,0.418712,-0.171478,-0.316761,-0.129753,0.046682,-0.069102,0.009754,0.06786,0.335446,-0.146618,-0.203478,0.164725,-0.175378,-0.336426,-0.117148,-0.075853,-0.100876,0.269749,-0.268294,0.035478,-0.166219,0.477024,-0.35339,0.493574,0.184992,-0.304744,-0.198927,0.143528,-0.18069,0.178422,-0.008454,-0.65764,0.151049,-0.292987,-0.204721,-0.015372,0.276857,-0.227616,0.083858,0.243021,0.00903,0.164454,0.423552,#
10,0.336872,-0.019259,-0.128749,0.082176,0.119242,-0.01045,0.159471,-0.19226,0.067111,-0.324861,1.0,0.332537,0.027083,-0.048306,-0.259527,-0.124349,0.066825,-0.241399,0.040292,-0.07347,0.055226,-0.02685,-0.080372,0.082802,-0.1366,0.234629,0.059819,0.065331,0.00201,-0.173091,-0.071713,0.165328,0.120365,-0.176736,0.020705,0.140971,-0.148396,0.14799,-0.069417,0.083137,-0.197734,-0.075933,0.062809,0.062514,-0.037214,0.268497,0.021859,0.174684,-0.049509,-0.011383,0.090047,-0.013195,0.206864,-0.152308,0.103426,0.061789,-0.091386,0.321257,0.097061,-0.208225,-0.151156,0.01259,0.040194,0.015303,-0.256559,0.069624,0.101744,0.213923,-0.080099,-0.166917,0.207464,-0.050068,0.209027,-0.1612,-0.026407,-0.078781,0.02606,-0.071924,-0.071227,-0.047733,-0.083084,0.200124,-0.004789,-0.109335,0.090561,0.093147,-0.141308,0.126487,0.025042,0.050807,-0.06742,0.099365,0.124249,0.016979,-0.122812,-0.112527,0.385679,-0.295742,-0.090373,0.020608,0.221758,-0.029558,-0.026478,0.037457,0.129666,-0.069153,0.100187,0.07546,-0.086283,0.168597,-0.372849,0.007809,0.006494,-0.100916,0.00197,0.098611,-0.155033,0.075087,-0.089732,0.017393,0.008717,0.305658,-0.09037,0.033697,0.031494,-0.048583,-0.2623,-0.004038,-0.113442,-0.153409,-0.018663,-0.314948,0.117583,-0.187601,0.067526,0.0902,0.098994,-0.082248,-0.106106,0.001412,-0.022702,0.196918,0.194631,0.20017,0.003378,-0.188677,-0.091203,0.025835,0.015948,-0.172285,0.438293,-0.206068,-0.133397,0.036089,-0.052312,0.033674,-0.357712,-0.115139,-0.086288,-0.024277,-0.027844,-0.101483,0.032918,-0.133368,0.104736,-0.23076,0.098459,-0.158613,-0.203729,0.104795,0.271579,-0.133412,0.123339,0.080666,0.004979,0.155202,-0.092814,0.024068,-0.125814,-0.029753,-0.14611,0.11305,-0.055987,-0.061452,0.034532,-0.004949,-0.061192,0.197176,0.288829,0.280545,0.011831,0.148948,0.076564,-0.210425,0.210617,-0.20728,-0.119226,-0.114988,-0.176226,-0.474659,#
11,0.164413,0.076128,-0.218446,0.096362,-0.052721,-0.00845,0.073852,-0.242542,0.235899,-0.093448,0.332537,1.0,0.014601,0.03438,-0.009523,-0.123501,-0.115752,-0.062799,-0.026112,-0.154135,0.063075,-0.248191,0.002979,0.16922,0.040089,-0.032748,0.034541,0.229041,0.095435,-0.082376,0.016409,0.002652,0.035974,-0.076329,0.103764,-0.136644,-0.047513,-0.171664,0.240462,-0.17281,-0.037974,0.134349,-0.109175,-0.042893,-0.138109,0.348974,-0.19177,0.06667,0.047978,-0.023368,-0.248919,0.073245,0.000197,0.059937,0.244524,-0.054002,-0.164897,0.244374,-0.266548,-0.099333,-0.250179,-0.098377,-0.077095,0.12879,-0.03106,0.076426,-0.003938,0.209565,0.18372,-0.188859,-0.109824,-0.24058,0.018518,-0.006792,0.110535,-0.123854,-0.12727,0.10153,-0.320844,-0.054322,-0.237342,-0.207946,0.148729,-0.120787,-0.07637,-0.14283,-0.140088,-0.213723,0.110884,-0.117943,-0.066413,-0.249609,-0.037942,-0.082889,-0.042189,-0.029487,0.162695,-0.030954,-0.111475,0.104445,0.129665,-0.183029,-0.121813,0.1094,0.026787,-0.071569,-0.073287,0.066412,-0.075722,0.169952,0.037316,-0.194802,0.088713,-0.100074,-0.078388,-0.007348,0.040512,-0.01584,-0.0453,0.059821,-0.077642,0.077596,-0.080813,0.196485,-0.093437,-0.044377,-0.179215,-0.087476,-0.236551,0.02262,-0.102816,-0.147747,-0.21698,0.016811,-0.1832,0.088387,-0.241972,-0.259791,0.127015,-0.324082,-0.012169,0.033142,0.09226,-0.029533,0.157562,-0.326021,-0.090909,-0.060713,-0.165784,-0.172029,0.179812,-0.023747,-0.132961,0.026595,0.011502,0.120553,0.001781,0.02931,-0.000257,-0.123681,-0.114693,-0.108379,-0.077056,-0.002535,-0.284303,0.021739,0.099438,-0.088585,-0.110676,-0.10123,0.268545,-0.032083,0.103005,-0.025323,-0.004602,-0.010422,0.003176,0.365213,0.115623,0.088083,0.021319,0.022725,-0.15598,-0.230462,0.199064,0.090267,-0.053761,0.010317,0.135412,0.104434,-0.173032,0.349889,0.075903,-0.040337,-0.079667,-0.064069,-0.216958,-0.042149,0.006025,-0.230306,#
12,0.307976,0.1675,-0.002728,-0.115856,-0.140571,0.035491,0.080228,0.171326,0.052668,0.25894,0.027083,0.014601,1.0,0.394072,-0.046891,0.234905,-0.083026,0.261452,0.101009,-0.027654,0.020311,-0.008042,0.181364,0.083933,0.01709,-0.159886,0.125414,0.075855,0.241369,0.146578,0.04363,-0.052806,0.054628,0.039176,-0.085729,0.195859,0.215772,0.052529,0.002644,-0.118813,0.033187,0.05718,0.082613,-0.120794,-0.116221,-0.307875,0.371299,0.279204,-0.024621,0.063738,0.007934,-0.22979,0.031693,-0.08726,-0.113949,-0.121971,0.092877,-0.278064,-0.056868,-0.001527,0.274973,-0.334072,-0.24923,0.28872,0.158241,0.066477,-0.00777,0.050701,0.034773,-0.091933,-0.038925,0.132953,-0.282441,-0.112719,-0.012499,0.090065,-0.398774,-0.03853,-0.188532,-0.006076,-0.174532,-0.259009,-0.19197,-0.045804,-0.289065,-0.145642,-0.019476,-0.0174,-0.047558,0.014357,-0.280107,-0.077124,-0.202851,-0.250946,-0.171568,-0.078771,-0.24367,-0.04118,-0.033547,-0.400774,-0.059308,-0.26957,-0.155099,0.064348,0.103438,0.04091,-0.243486,-0.133404,-0.065839,-0.000439,0.200582,-0.256355,-0.066349,-0.105418,0.117214,-0.075804,-0.196545,-0.133464,0.177528,-0.219783,-0.087933,-0.042119,-0.282162,-0.074431,-0.28729,-0.05771,0.073876,0.012906,-0.196759,-0.368222,-0.032233,0.024907,-0.191062,0.103772,-0.121109,0.012796,-0.058454,-0.174895,0.196123,-0.290742,-0.33531,0.129751,-0.089808,-0.122215,-0.294164,0.001601,-0.210521,0.374682,-0.262942,-0.123893,-0.356981,-0.05233,-0.03308,-0.234959,0.115885,-0.460632,0.179108,0.178001,-0.207949,-0.180251,0.092427,0.130224,-0.065537,0.091332,0.246547,0.055807,0.016815,0.1796,-0.173262,-0.120637,-0.053297,-0.186215,-0.253164,-0.143148,0.105088,-0.197644,-0.307091,0.186085,0.121081,-0.18758,0.140623,-0.016955,0.008516,-0.049432,0.379513,-0.14632,0.183201,0.14173,-0.120688,0.297022,-0.270402,-0.074096,0.107198,0.345113,0.03581,0.034847,0.147405,-0.035356,0.047291,0.172571,#
13,0.171746,0.321255,0.014783,-0.333711,-0.327975,-0.069262,0.066893,-0.178226,0.247291,0.49022,-0.048306,0.03438,0.394072,1.0,0.087434,-0.022588,-0.288184,0.098982,0.305006,0.316542,0.042622,0.233004,0.265904,-0.126837,-0.10759,-0.069928,0.113631,0.291753,0.235528,-0.07471,0.218528,0.088188,-0.141439,0.144409,-0.16644,-0.079901,0.083421,0.136768,-0.053343,-0.365869,0.06388,0.196315,0.084811,-0.19772,-0.137734,-0.412009,0.117975,0.33354,-0.204482,-0.126481,-0.060086,-0.231492,0.173542,-0.152412,-0.205818,-0.011763,-0.079703,-0.162516,-0.14717,-0.117531,0.411873,-0.099766,-0.287825,0.021276,0.110904,-0.040365,-0.029929,-0.119972,-0.096409,0.069947,-0.066232,0.11983,-0.170524,-0.23787,-0.162585,0.171767,-0.194456,-0.02801,-0.137846,0.288488,-0.007031,-0.316168,-0.231782,-0.012306,-0.233039,0.243453,-0.216889,-0.127595,-0.149162,-0.036158,-0.24043,-0.097693,-0.252075,-0.214923,-0.258712,-0.022358,-0.396103,-0.024751,0.199554,-0.245932,-0.357979,-0.219844,-0.184645,-0.101887,-0.077396,-0.170274,0.180358,-0.362444,0.087448,-0.153558,0.325462,0.053633,-0.377461,-0.036428,0.235975,-0.183773,-0.281674,-0.301421,0.235285,-0.138384,-0.014657,0.112119,-0.08327,-0.128884,-0.340866,0.110218,-0.000568,-0.059971,-0.219761,-0.339206,-0.062943,-0.173277,-0.453571,-0.061949,-0.07559,-0.061874,0.104471,-0.172695,0.232616,-0.365703,-0.067977,-0.044766,-0.036249,-0.290136,-0.24015,0.087558,-0.226143,0.262509,-0.206999,0.029263,-0.28629,0.258951,-0.000873,-0.262683,-0.056498,-0.247585,0.528044,0.30252,-0.014006,-0.286709,0.056222,-0.108976,0.085883,-0.154017,0.194047,0.547655,0.072526,0.127805,-0.139551,-0.027874,-0.193683,-0.157057,-0.196025,-0.115946,0.017673,-0.251837,-0.045074,0.082699,0.335334,-0.352229,0.294458,-0.231315,0.010757,0.054362,0.031456,-0.083355,0.035039,0.069122,-0.448176,0.238685,-0.247434,0.003314,-0.128051,0.262059,0.066263,0.032854,0.088725,-0.108479,0.162143,0.313828,#
14,0.082084,-0.111818,-0.042332,-0.008157,-0.120382,0.207977,0.025614,0.113427,-0.035114,0.00978,-0.259527,-0.009523,-0.046891,0.087434,1.0,-0.188539,0.080723,0.042935,0.091771,0.216246,0.122189,0.058971,0.198249,0.128775,-0.108749,0.168435,0.159949,0.020999,0.031938,-0.161981,-0.021122,0.131249,0.167286,0.118249,-0.165988,-0.263786,-0.179037,0.000225,-0.069025,-0.177802,-0.12278,0.082714,-0.045418,0.11606,0.26967,-0.200457,0.11998,-0.037739,0.051781,-0.229549,0.098142,-0.009164,0.034046,-0.196959,-0.244984,0.162155,-0.066886,0.057049,-0.084009,0.133907,0.126333,0.194486,-0.179519,-0.126502,-0.153618,-0.270655,0.039138,-0.217485,-0.037302,-0.03479,-0.191965,-0.065199,-0.064114,0.158644,-0.129777,-0.074038,-0.190038,0.180621,-0.318405,0.381795,0.185982,-0.219675,-0.186048,-0.051459,-0.017042,0.093069,0.21796,-0.022301,0.230511,0.028316,-0.125159,-0.060484,0.041387,-0.173915,-0.018041,0.032751,-0.226046,-0.037697,-0.11764,-0.064525,-0.073641,0.095514,-0.027695,-0.35207,-0.082456,0.039288,-0.240554,0.00179,0.19847,-0.023657,-0.029916,0.114393,0.00579,0.147856,0.35695,0.048115,-0.043393,-0.143747,-0.040935,-0.380118,0.079903,-0.256895,0.205059,0.206137,-0.050698,-0.043378,0.096463,0.08767,-0.145629,0.14151,-0.124136,-0.014482,-0.170833,-0.04715,-0.027147,0.080907,-0.161608,-0.063452,0.231423,-0.062925,-0.087935,-0.028883,-0.188475,0.08852,-0.141634,-0.135521,0.265217,0.026505,-0.235632,0.202721,-0.079054,-0.193283,0.073824,0.205345,-0.112157,0.192651,0.281196,0.06743,-0.037056,0.358295,0.086353,-0.053991,0.096099,-0.232836,0.159035,0.146029,-0.04075,0.042722,0.148437,-0.053731,-0.245669,-0.181612,-0.11726,0.147521,-0.042547,-0.217288,0.109831,-0.140861,0.189024,-0.036259,-0.020359,0.083375,0.216191,-0.084272,0.12425,-0.204101,0.069103,-0.060066,-0.066749,-0.067478,-0.050046,0.065131,0.025825,0.083885,-0.272653,0.262993,-0.164425,-0.036467,-0.16383,-0.054942,#
15,0.001174,-0.009192,0.019687,-0.086843,-0.001055,-0.166704,-0.055042,0.029694,-0.094287,0.016648,-0.124349,-0.123501,0.234905,-0.022588,-0.188539,1.0,0.162733,0.159002,-0.161623,0.096625,-0.233882,0.062485,-0.043137,-0.101902,0.268088,-0.00781,-0.123787,0.120237,0.089661,0.012697,0.039817,-0.247179,0.062848,0.12849,-0.0348,0.049953,0.045984,0.121519,0.123916,0.018535,0.089466,-0.119768,0.106912,0.167268,-0.171854,-0.012953,0.126102,-0.059761,-0.016075,0.283575,0.114462,-0.206288,-0.117015,0.017649,0.165271,0.045503,0.182623,-0.179807,0.025806,0.133486,-0.006599,0.093129,0.172915,0.163578,-0.041035,-0.198164,-0.019652,-0.056158,-0.320551,-0.185546,0.092335,0.249412,0.123512,0.074518,0.032493,0.164105,-0.043438,-0.104781,0.260431,-0.136117,0.012705,0.037945,-0.110583,0.140169,0.063855,-0.301967,0.149972,-0.204592,-0.127649,0.201382,-0.136857,0.073299,-0.061365,0.051123,-0.150824,-0.058461,0.12336,0.082311,0.002615,0.135927,0.002464,0.038329,-0.183794,0.2334,0.057374,0.140731,0.044436,0.112789,0.138935,-0.157954,0.035699,-0.143666,0.150402,0.20131,-0.21463,-0.032185,0.215303,-0.169344,-0.08699,0.002618,-0.161759,0.06263,-0.218831,0.030255,-0.005996,-0.085882,-0.019307,0.273015,0.039814,-0.032199,-0.037654,-0.00703,-0.011074,0.261944,0.142518,-0.026752,-0.062575,-0.279946,-0.12462,0.134492,0.12717,0.075997,-0.147076,-0.254772,-0.036418,0.139935,-0.049902,0.207895,-0.109004,0.007562,-0.106633,-0.003027,0.082961,-0.063898,0.017714,0.15104,-0.014549,0.059887,0.078812,-0.008906,0.082363,-0.133013,0.236595,-0.019386,0.105412,-0.046238,-0.115542,0.258552,-0.104177,-0.018302,-0.035229,0.144241,0.185197,-0.004908,-0.14046,0.128306,-0.098736,0.247089,-0.122513,-0.067014,0.027292,-0.092589,0.107452,0.111266,-0.117548,0.129874,0.140246,0.004151,-0.02348,-0.095382,0.034888,-0.159319,-0.036198,0.068297,0.072641,0.027029,0.002491,0.084721,0.348868,0.17922,#
16,0.009384,0.215684,0.005058,0.015254,0.175918,0.262913,0.21647,0.172828,-0.283824,-0.327042,0.066825,-0.115752,-0.083026,-0.288184,0.080723,0.162733,1.0,-0.007039,0.055107,0.00624,-0.136722,0.077681,-0.133421,0.004666,-0.143054,0.176684,-0.089938,0.076017,-0.006124,-0.071017,-0.173065,-0.019621,-0.013066,0.230587,0.103392,0.145111,-0.233939,-0.068741,-0.066664,0.154115,-0.267728,-0.289025,-0.008766,0.171225,0.021719,0.344566,-0.049102,-0.458828,0.012064,0.18901,0.119222,-0.123529,-0.213078,0.19651,-0.002082,-0.028771,0.17675,0.014801,0.136884,-0.068209,-0.19145,-0.079468,0.086086,-0.189515,-0.188291,-0.217593,0.187271,-0.08327,-0.296325,-0.107226,0.146181,-0.163239,0.022751,0.0768,-0.06569,0.017894,-0.03937,-0.217009,0.006335,-0.134277,-0.076186,0.119829,0.044384,0.037922,-0.014041,-0.29771,0.315006,-0.032268,-0.039986,0.278102,-0.123695,-0.005752,-0.145084,-0.054495,0.11493,-0.067958,0.244158,-0.215075,-0.211996,0.017886,0.113614,0.201877,0.065963,0.159509,-0.236091,-0.221292,0.036326,0.195258,0.046016,-0.17413,-0.158424,0.074458,0.063916,0.192793,-0.396496,-0.031004,-0.079365,-0.085566,-0.181582,-0.058853,-0.167019,0.060509,-0.308656,0.089402,0.107597,-0.243675,-0.281369,0.105137,-0.042679,0.136778,-0.136478,-0.008975,0.24289,-0.01679,-0.044835,0.151516,0.414928,-0.177705,-0.085847,-0.043849,-0.062667,-0.106692,0.026229,0.188782,0.032836,0.029092,0.107797,0.067441,0.070202,-0.252997,0.15278,-0.119576,0.159967,0.144987,0.010073,0.041028,-0.245577,0.036085,-0.024181,0.354644,-0.062541,-0.046176,0.097733,-0.198959,-0.08391,-0.118073,-0.008509,0.163925,-0.020853,0.094062,0.271139,-0.122387,0.07819,0.080306,-0.109578,0.115091,-0.098441,0.274287,-0.173817,-0.030361,-0.033922,0.010193,0.509586,0.230008,0.086959,-0.063148,0.136424,-0.003441,0.148107,0.197099,0.013287,0.171577,0.006443,-0.031131,-0.167689,0.210669,0.116363,0.073051,-0.167983,-0.173496,#
17,-0.299912,0.061693,0.363483,-0.085058,-0.122923,0.106845,0.205978,0.000395,0.059971,0.286739,-0.241399,-0.062799,0.261452,0.098982,0.042935,0.159002,-0.007039,1.0,-0.165874,0.331714,-0.085218,-0.304532,0.221828,-0.035159,0.137224,0.029068,-0.034023,-0.075081,0.090498,-0.023929,0.041296,-0.297828,-0.107648,0.15122,-0.171229,0.191073,0.036448,-0.005896,0.073424,-0.122298,0.036301,-0.164863,-0.126672,-0.063967,0.076385,-0.126681,-0.171703,-0.059491,0.35131,-0.029655,-0.03658,-0.135567,0.178825,0.135939,-0.020782,-0.01354,0.133063,-0.286777,-0.073052,0.125402,0.092164,0.003197,-0.123472,-0.167357,0.14454,0.072679,0.124167,0.015701,0.002934,0.024729,-0.266621,-0.171565,-0.40883,0.053776,-0.184836,-0.210065,-0.16631,-0.120036,-0.125511,0.200599,-0.098935,-0.151897,-0.203005,0.473115,-0.229364,-0.05444,-0.0038,-0.12485,-0.164887,-0.114422,0.063042,-0.088708,-0.424126,0.030138,-0.023883,-0.000866,-0.357309,0.154605,0.008874,-0.084124,-0.438508,-0.328189,-0.097572,0.17169,0.029815,-0.110658,0.103548,-0.047029,0.294542,-0.027637,0.199293,-0.161032,-0.13681,-0.047869,-0.014165,-0.028613,-0.188516,-0.1367,-0.001841,-0.070301,-0.224662,-0.03861,-0.060434,-0.314431,-0.271466,-0.002181,0.296418,0.152795,-0.141834,-0.012045,0.038301,0.201415,-0.296621,-0.079299,-0.133553,-0.008676,0.192521,0.023979,-0.255691,-0.114136,-0.242975,-0.000782,-0.201036,-0.395074,-0.015669,-0.071041,0.083952,0.293251,-0.032895,0.004434,-0.310574,-0.080344,0.173111,-0.095549,-0.003633,0.011197,0.256176,0.280818,-0.09699,0.000288,0.122008,-0.066499,-0.057497,0.313113,0.205086,0.09399,-0.072542,-0.034624,0.151154,0.039537,-0.159925,-0.058218,-0.084707,-0.198269,-0.216304,-0.072856,0.03908,0.019456,0.076844,-0.095433,0.214162,-0.056675,-0.061455,-0.211536,0.293688,-0.035925,0.164082,0.089981,-0.377842,0.082458,0.025121,-0.273394,-0.220083,0.087465,-0.344835,-0.016247,0.083786,0.2691,0.037858,0.455844,#
18,0.283178,0.220116,-0.01535,-0.150846,0.083496,0.151956,0.247813,-0.052512,0.042014,-0.036282,0.040292,-0.026112,0.101009,0.305006,0.091771,-0.161623,0.055107,-0.165874,1.0,0.007457,0.094931,0.223421,0.285458,-0.076371,-0.054983,0.057054,-0.075787,0.175968,0.416424,-0.001042,-0.089828,0.141804,0.032692,0.070851,0.081619,0.035295,-0.036549,0.007082,-0.086654,0.007664,0.038358,0.00015,0.082674,-0.302369,-0.092062,-0.06715,0.074898,0.02898,-0.188744,-0.111386,0.072239,-0.031675,0.021342,-0.14355,-0.121131,0.129604,-0.107802,0.099817,0.009409,-0.001712,0.150494,-0.073682,-0.087889,-0.120366,-0.170871,0.041098,-0.329044,-0.028983,-0.039482,0.145414,-0.125085,0.179933,0.019761,-0.371928,-0.322188,0.081197,0.123554,-0.096862,-0.21584,0.079893,0.18509,-0.178641,0.019282,-0.435912,0.05667,0.110185,-0.179868,0.004904,-0.16127,-0.148789,-0.143704,-0.029769,0.031649,-0.310404,0.277762,-0.289872,-0.14486,-0.13535,-0.244986,-0.056354,0.07525,0.012258,-0.013589,-0.239435,-0.115693,-0.250478,-0.232425,-0.093201,-0.219871,-0.244346,-0.074774,0.167199,-0.347336,-0.044395,0.167886,-0.09848,-0.031709,0.032916,0.110352,-0.120963,0.029303,-0.079219,0.023123,0.099396,-0.279321,0.007292,0.049606,0.02329,-0.120853,-0.073919,-0.141163,-0.304718,0.020441,0.044838,0.044913,0.077867,0.144948,0.125332,0.3579,-0.105974,-0.220593,0.03351,0.068266,-0.155435,-0.042993,0.085116,-0.143102,0.029068,-0.33466,0.013969,0.084958,-0.144118,0.135314,-0.131106,0.101795,-0.122333,0.079977,0.014684,-0.209621,-0.032359,0.21312,0.031422,0.221611,-0.30629,0.026811,0.226891,0.312509,0.183131,-0.114679,-0.043473,-0.005226,-0.148036,-0.044172,0.036211,-0.064349,-0.168183,-0.152057,0.221405,0.21503,-0.241848,0.184977,-0.197979,0.042112,0.258619,-0.105376,-0.075268,0.066,0.166777,0.041322,0.01104,-0.210072,0.16633,-0.010156,0.129876,0.169675,0.077082,-0.144413,-0.067971,-0.200364,-0.111462,#
19,-0.036853,-0.066301,0.217909,-0.143966,-0.031632,-0.078702,0.223662,-0.260344,0.235972,0.22775,-0.07347,-0.154135,-0.027654,0.316542,0.216246,0.096625,0.00624,0.331714,0.007457,1.0,0.002545,-0.002435,0.216548,-0.0719,-0.256499,-0.005842,0.198679,0.13218,0.312424,-0.272418,0.059232,0.107357,0.074896,0.138995,-0.141281,-0.044282,0.044425,0.065235,-0.064864,0.083225,0.166495,-0.021973,-0.058541,-0.067538,0.064401,-0.247127,-0.051549,0.233998,-0.150169,-0.143507,0.034523,-0.066542,0.056721,0.125867,-0.103433,0.006555,-0.057501,-0.117487,0.074576,0.046861,0.023672,-0.056255,-0.033331,0.012262,0.085362,-0.274473,0.091935,0.156433,-0.111392,0.190132,0.031851,-0.01385,0.115481,-0.098523,-0.334133,0.021094,-0.014885,-0.007555,0.059306,0.251593,0.126576,0.072692,-0.220507,0.230811,-0.127869,0.388536,0.10211,-0.327407,-0.019196,-0.093555,-0.234216,0.154923,-0.257456,-0.056879,0.119827,0.088382,-0.119877,-0.048551,-0.003197,0.063236,-0.377639,0.106439,0.096403,-0.14602,0.207409,-0.058565,0.252411,0.065834,0.346981,-0.174733,0.075408,-0.09103,-0.105868,0.071479,0.230222,-0.039334,-0.126594,-0.056924,0.09736,-0.166933,-0.135512,0.090655,0.129585,-0.237072,-0.05048,0.250847,0.217735,0.174575,0.185826,0.153006,0.236576,-0.02411,-0.173643,-0.015522,0.150287,0.05713,0.117412,0.138845,-0.000384,0.145979,0.102481,0.154152,-0.042412,-0.119094,-0.100596,-0.02302,0.085748,0.007661,-0.081016,0.078366,-0.250808,0.083903,0.239883,-0.110024,0.017486,0.095669,0.317,0.129838,-0.072046,-0.07051,0.355948,-0.071846,0.19555,-0.112476,-0.01892,0.138435,0.215306,0.001338,0.111315,0.115518,-0.200273,-0.167477,-0.191978,-0.016023,-0.284746,0.051459,0.265811,-0.104298,0.198619,-0.122336,0.0034,-0.077018,0.013583,0.004978,-0.161945,-0.253688,0.266965,0.096415,-0.254319,-0.015653,0.176688,-0.308695,-0.273145,0.160017,0.032755,0.049988,-0.205918,-0.108382,0.279033,0.271274,#
20,-0.026649,0.188465,-0.099095,0.267915,-0.177488,-0.169026,-0.172108,0.144163,-0.089709,-0.172664,0.055226,0.063075,0.020311,0.042622,0.122189,-0.233882,-0.136722,-0.085218,0.094931,0.002545,1.0,0.03094,0.089517,-0.198277,-0.152526,-0.16691,0.235702,0.149096,-0.238912,-0.1993,0.075904,-0.015284,0.386111,0.004,-0.203206,-0.351405,-0.153421,-0.109926,0.151035,-0.185662,0.153216,0.187992,-0.360504,-0.025391,0.144076,-0.006003,0.090173,0.068023,-0.115965,-0.172756,-0.131214,0.316783,-0.046001,0.045817,0.08276,0.082237,0.059514,0.249272,-0.435139,0.103192,-0.22892,-0.021671,0.011959,0.14564,0.189304,0.071697,-0.119717,0.097344,0.116022,0.232563,-0.067316,-0.201634,-0.004816,0.137656,-0.234177,-0.099693,-0.001131,0.311041,0.052763,-0.000652,0.129898,0.001449,0.146249,0.082384,0.142429,0.058958,-0.000361,0.235883,0.34868,0.019883,0.151625,0.208156,0.170552,0.161201,0.261816,0.188775,0.060557,-0.177489,0.008983,0.009426,-0.047135,-0.054739,0.271465,0.077672,0.174869,0.160669,0.052172,0.196757,-0.097435,-0.119109,0.010174,-0.135584,-0.097078,0.170752,0.21303,0.013926,0.10282,-0.138833,-0.14435,0.087692,0.165342,-0.147817,0.12294,0.189494,0.041661,-0.069924,0.119347,-0.26154,0.010178,0.002637,0.153284,0.060468,-0.010246,-0.191578,0.191929,0.230518,-0.042256,0.377824,0.174155,0.042309,0.03214,0.379798,0.147139,0.106758,-0.032101,-0.113185,0.042606,-0.314058,0.137729,0.307622,0.151644,0.015796,0.181988,0.112412,0.098724,-0.066196,0.033074,-0.263779,-0.054362,0.118604,0.227616,0.034882,0.020999,-0.110143,-0.015839,-0.137557,0.387823,-0.072353,0.059667,-0.218161,0.037986,-0.048885,-0.214363,-0.161373,-0.038779,-0.041961,0.107889,-0.165074,0.077684,0.125725,-0.209788,-0.176329,0.058689,-0.112397,-0.041235,-0.044095,-0.154862,-0.05132,-0.068505,0.066644,0.232464,-0.158909,-0.164224,0.017787,0.063691,-0.276875,-0.235736,-0.368329,-0.235813,-0.090409,#
