0,1.0,0.320492,0.021837,-0.213904,0.35051,-0.025291,0.148381,0.077466,0.175691,0.195539,-0.115629,0.093253,0.253448,0.248888,-0.054758,-0.129413,0.200336,0.24695,0.172553,-0.290903,-0.243007,-0.049228,0.260655,-0.141466,-0.285486,-0.306266,-0.159784,-0.078496,0.140456,0.358837,-0.267895,0.045495,0.10533,-0.232904,-0.141569,0.062679,-0.129254,-0.051855,-0.091813,0.128116,0.109946,0.037177,-0.107741,0.143949,-0.210947,-0.367345,0.198537,0.196537,-0.19685,0.058805,0.089712,-0.117224,0.104037,-0.153914,0.042133,-0.070806,-0.052797,-0.106407,-0.052434,0.121007,0.151829,0.078948,-0.072702,-0.087483,0.100799,0.385829,0.102283,0.107466,0.205474,-0.058324,-0.026223,-0.092746,-0.202497,-0.247014,-0.22897,0.282996,-0.205022,-0.270635,-0.10083,-0.11913,-0.251809,-0.190257,-0.215604,0.128428,-0.206971,-0.090966,-0.253235,-0.144352,-0.009434,-0.340425,-0.344302,-0.348021,-0.300926,0.075576,-0.17839,-0.374077,-0.045367,-0.213005,-0.060708,-0.358983,0.125591,-0.39961,-0.124447,-0.094436,-0.262197,-0.027359,-0.111026,-0.096507,-0.4199,-0.034972,0.182811,-0.022842,-0.16138,-0.215348,-0.433598,-0.226402,-0.319293,-0.238664,0.170882,-0.439079,-0.292628,-0.337524,-0.364069,-0.307607,-0.221026,-0.13915,-0.263989,-0.07642,-0.149956,-0.378317,-0.262777,-0.113991,-0.071461,0.12638,-0.276904,-0.293339,0.282521,-0.346186,-0.221021,-0.246997,-0.063496,-0.184671,-0.431587,-0.082268,-0.184401,-0.254031,-0.31396,0.372888,-0.246202,-0.231049,-0.358723,-0.327736,-0.251448,-0.20153,-0.42827,-0.240698,0.278446,0.413229,-0.359389,-0.144505,-0.252158,0.01042,-0.239273,-0.19325,-0.106907,0.095912,-0.140804,-0.164378,-0.11637,-0.166345,0.118533,0.135731,-0.272714,-0.245237,0.327499,-0.339802,-0.160608,0.147477,0.296363,-0.390001,0.053788,0.182723,-0.123464,-0.05834,0.376296,-0.064823,0.202363,0.139273,-0.149443,0.510188,-0.04711,0.004503,0.332708,0.410168,-0.124904,0.351794,0.177165,-0.411805,-0.382955,0.191973,#
1,0.320492,1.0,0.082015,-0.124669,0.223093,-0.195554,0.291551,0.144908,0.177443,0.375411,-0.193072,-0.030539,0.204739,0.187184,0.264632,-0.107793,-0.061865,0.338547,0.362733,-0.20365,0.021715,0.067316,0.132317,0.024298,-0.296251,-0.092331,0.194793,0.103402,0.265631,0.421144,-0.539045,0.064103,0.169465,-0.038286,-0.122576,0.029778,-0.044306,-0.143367,-0.066802,0.032798,-0.130199,0.247277,-0.030089,0.106129,-0.16426,-0.404826,0.295716,0.216767,-0.020227,0.311576,0.252934,-0.253813,-0.062104,0.014578,0.200282,-0.216985,-0.353588,0.047123,-0.154055,0.035717,-0.054963,0.295129,-0.374834,0.233769,0.052736,0.192446,0.048894,0.226987,0.125379,-0.207314,-0.183775,-0.208227,-0.126433,-0.259364,-0.314028,0.33823,-0.346968,-0.328038,-0.363823,-0.46504,-0.302528,-0.351,-0.428566,0.176788,-0.41539,-0.039642,-0.230973,-0.128874,-0.238999,-0.138048,-0.148178,-0.268447,-0.419822,-0.041975,-0.336424,-0.02473,0.065135,-0.277891,-0.052305,-0.245414,-0.013012,-0.476587,-0.66317,-0.126459,-0.573731,-0.297985,-0.461614,-0.258636,-0.480423,-0.150199,0.099861,0.246357,-0.081969,-0.401866,-0.242053,-0.158492,-0.267894,-0.47372,0.112531,-0.353984,-0.38404,-0.05887,-0.451651,-0.438544,-0.044056,-0.125935,-0.336533,-0.162655,-0.184402,-0.296775,-0.341275,-0.395842,-0.239136,0.134471,-0.250643,-0.224583,0.083376,-0.20496,-0.04916,-0.313646,-0.257847,0.099624,-0.422735,-0.063102,-0.19799,-0.348031,-0.239467,0.401843,-0.385602,-0.254343,-0.296305,-0.353499,-0.196346,-0.098363,-0.449184,-0.129367,0.235446,0.386602,-0.294929,-0.011202,-0.114809,-0.072677,0.045207,0.08136,-0.118211,0.413384,-0.14652,0.013306,-0.182124,0.048907,-0.074654,0.058533,-0.099618,-0.423403,0.375733,-0.061996,-0.278707,0.117326,0.322762,-0.300343,0.087457,0.169509,-0.091374,-0.052954,0.242242,-0.12989,0.154956,-0.108695,-0.206251,0.473336,-0.123906,0.444106,0.27634,0.237116,-0.2446,-0.024074,0.245678,-0.345062,-0.233121,0.093179,#
2,0.021837,0.082015,1.0,0.269904,0.241329,-0.327824,-0.030257,-0.086086,-0.097783,0.08534,-0.094734,0.100632,-0.137523,-0.13685,-0.288181,-0.156085,-0.017393,-0.054593,-0.04778,-0.181966,-0.099881,-0.244584,0.045965,-0.022235,-0.165902,-0.102075,0.178586,-0.303566,-0.181233,0.207635,-0.081654,0.125608,-0.255566,-0.054943,-0.112974,-0.081932,0.133467,-0.085818,0.099659,-0.097264,-0.019247,0.011187,-0.037077,0.053674,-0.03807,-0.18178,-0.103803,0.296859,-0.068934,0.036975,-0.251823,0.216851,0.128498,0.165308,-0.172153,-0.200303,-0.351132,-0.012963,-0.189002,-0.158127,-0.15184,-0.123408,-0.269395,-0.086649,-0.051251,-0.071596,-0.177519,-0.125165,-0.012159,0.235427,0.102287,0.185592,0.009167,0.155165,-0.154938,0.206152,-0.198918,-0.168854,-0.151045,0.176925,0.029463,-0.040262,-0.033514,0.299593,0.002847,-0.083143,0.009526,0.112202,-0.052983,-0.05084,-0.174825,-0.14525,0.060358,0.024319,-0.281779,0.098951,0.158936,-0.026916,0.177145,-0.008241,-0.051196,-0.034517,0.000235,0.061224,-0.172713,-0.25808,0.103069,0.077967,-0.081795,0.23701,0.234558,0.043268,-0.027316,0.007544,0.247401,-0.023668,-0.096251,-0.259891,0.021122,-0.055119,-0.269553,-0.109482,0.128962,-0.122975,-0.140414,-0.056589,-0.365253,-0.07851,0.080533,0.113857,0.221684,-0.118484,-0.269606,-0.001196,-0.026745,-0.014737,0.331598,0.212072,0.016296,0.001443,0.127347,0.338727,0.046103,-0.281124,-0.153826,0.278509,-0.097064,0.136201,-0.159621,0.007707,-0.395175,0.056488,0.13877,-0.14339,-0.128022,-0.165658,-0.001823,0.156481,0.116554,-0.123635,0.057079,0.06912,0.257228,-0.020024,0.026102,-0.129598,-0.23339,-0.22985,0.086576,-0.050733,-0.021403,-0.102655,0.00813,-0.040932,0.028538,0.055879,-0.027556,-0.142716,-0.084894,0.074773,0.049088,-0.211977,-0.018927,0.001351,-0.110004,0.088985,-0.20551,-0.268559,-0.083902,0.066575,0.188123,0.072318,0.038098,0.109972,0.09119,-0.323305,0.136106,0.082917,0.100362,-0.062374,#
3,-0.213904,-0.124669,0.269904,1.0,-0.012893,-0.26737,-0.279597,-0.374702,-0.204369,0.033963,0.271018,-0.221233,-0.144769,-0.299093,-0.236718,-0.168568,0.108396,-0.104129,0.025728,0.015509,0.096589,-0.379265,-0.077172,0.013733,0.044534,0.101332,-0.03927,-0.033125,-0.092891,-0.149442,0.403091,-0.088577,-0.354754,-0.040439,-0.059292,-0.459901,0.005961,0.180083,0.041781,0.086008,0.108967,-0.164459,0.029046,-0.069855,0.126875,0.075007,-0.178978,-0.237687,0.335614,-0.163706,-0.206137,0.402747,-0.002291,0.186929,0.061577,-0.073283,-0.112721,0.055774,0.018606,-0.054582,-0.206578,0.032918,-0.072001,-0.15472,-0.145089,-0.298429,0.041536,-0.126985,-0.255421,0.177703,-0.029227,0.264309,0.247949,0.225028,0.250429,-0.169095,0.028437,0.00266,0.342737,0.271673,-0.016831,0.354375,0.210752,0.139512,0.149876,-0.149653,0.059979,0.21975,0.04566,0.283207,0.227798,0.166642,0.259572,-0.180991,0.25113,0.286355,0.092943,0.070537,0.102115,0.29421,0.094356,-0.112082,0.367096,-0.0784,0.09186,0.213617,0.092235,0.233791,0.233908,0.333327,-0.077924,-0.032973,0.324285,0.130671,0.007788,0.099809,0.376936,0.113298,0.046301,0.049421,0.190634,0.184147,0.236401,0.033208,0.020659,0.081878,-0.123192,-0.082072,0.31268,0.149651,0.484107,0.073928,0.004925,-0.032074,0.213797,0.403691,-0.015762,0.235301,-0.022539,0.269786,0.257529,0.259952,0.26708,-0.17394,0.122767,0.377934,0.150688,-0.187934,0.058766,0.28223,0.034119,0.339931,0.14613,0.116603,0.274545,-0.086606,-0.282777,-0.212534,0.407122,0.052917,-0.239666,0.10519,-0.023869,-0.177271,-0.097282,-0.057976,-0.015813,-0.155379,0.044855,0.097963,-0.11651,-0.131148,0.101136,0.095268,-0.222627,0.049086,0.121856,-0.021026,-0.302408,0.377983,-0.430623,0.026267,-0.037998,-0.229751,-0.122333,-0.122873,-0.090326,0.064195,0.223818,-0.269955,0.104119,-0.101715,-0.21995,0.036744,-0.124258,-0.217263,-0.231823,0.184172,-0.164494,-0.057258,#
4,0.35051,0.223093,0.241329,-0.012893,1.0,-0.097045,0.322782,-0.007259,0.133161,0.217994,0.109324,0.054521,0.114729,-0.018814,0.176602,-0.223831,0.30768,0.093766,-0.065611,-0.218058,-0.195293,0.067214,0.081582,-0.038786,-0.344308,-0.212956,0.0086,-0.173654,0.140392,0.185444,-0.180551,-0.013691,-0.033703,-0.097795,-0.332906,0.064344,-0.107081,-0.248954,0.088359,0.220737,-0.049805,0.047203,-0.229271,0.044853,-0.258994,-0.157131,0.114989,0.231507,-0.055543,0.127811,0.176674,-0.300922,0.091325,-0.110439,0.051087,-0.326211,-0.417987,0.120025,-0.350306,-0.264962,0.075166,0.083201,-0.085412,0.057983,0.097988,0.327347,0.095051,0.082363,0.120999,-0.029255,-0.210015,-0.225458,0.104609,-0.336028,-0.220352,0.404183,-0.329562,-0.517087,-0.211754,-0.317843,-0.34858,-0.258117,-0.315393,-0.086471,-0.258212,-0.227099,-0.272431,-0.363873,-0.27112,-0.259167,-0.239204,-0.303472,-0.291924,-0.125632,-0.328547,-0.173871,-0.052551,0.059349,0.038547,-0.103043,0.066979,-0.216052,-0.066128,-0.065442,-0.290172,-0.471577,-0.235043,-0.13473,-0.298406,0.185623,0.099981,-0.09958,-0.433979,-0.332847,-0.164199,-0.158966,-0.215041,-0.402659,-0.101134,-0.148305,-0.388315,-0.20669,-0.276249,-0.195974,-0.072259,-0.140967,-0.377747,-0.152687,-0.360629,-0.079135,-0.248272,-0.377753,-0.429646,-0.251407,-0.095118,-0.383716,0.321456,-0.231937,-0.1947,-0.174542,-0.160421,0.076056,-0.073242,-0.247349,-0.336387,-0.302084,-0.211004,0.311412,-0.314861,-0.205159,-0.251703,-0.206123,-0.300882,-0.330113,-0.379875,-0.19678,0.297911,0.383255,-0.256436,-0.315516,0.015201,-0.126185,0.022668,-0.186928,-0.262456,0.316908,-0.089992,-0.004373,0.044763,-0.07948,0.175049,-0.119537,-0.274511,-0.28099,0.107972,-0.286503,-0.386017,-0.107629,0.275406,-0.038487,0.172415,0.015173,0.317677,0.202615,0.17331,-0.048976,0.230265,-0.096397,-0.074158,0.217552,0.017677,0.383107,0.169962,0.286543,0.160665,-0.085719,0.15636,-0.313097,-0.468844,0.334989,#
5,-0.025291,-0.195554,-0.327824,-0.26737,-0.097045,1.0,0.144911,0.238626,0.161695,-0.062688,0.155093,-0.019062,-0.145773,0.251502,0.189934,0.052734,0.022406,-0.013234,-0.187535,0.195818,-0.022947,0.27669,0.036588,-0.209913,0.205606,-0.130984,0.044991,0.149809,-0.038363,-0.168212,0.053401,0.234399,-0.059852,-0.138541,-0.191686,-0.114526,-0.199149,0.081562,0.043996,-0.146137,-0.045821,0.148908,0.06528,0.153863,-0.070221,-0.008918,-0.002726,-0.033455,0.028572,0.143899,0.158622,0.008917,0.254228,-0.240038,-0.061554,0.185049,0.162495,-0.022658,0.062566,0.183079,0.218394,-0.050175,0.053317,0.245642,0.040461,0.193196,-0.168828,0.107029,-0.10608,0.22042,0.099145,0.041004,-0.005884,-0.054347,-0.045826,0.033809,0.236446,0.190717,0.000429,-0.022382,0.128668,0.005587,0.063847,-0.216486,0.064432,0.234763,-0.031638,-0.277347,0.189775,-0.189635,0.037052,0.11692,-0.010521,0.113839,0.180632,0.054367,-0.006608,0.005587,-0.096074,-0.180614,-0.264924,0.12916,0.144463,-0.011629,0.195175,0.028106,0.190103,-0.227898,-0.037689,-0.290956,0.127423,0.129994,-0.143297,-0.13467,-0.115346,-0.210003,-0.093742,0.209299,-0.093745,0.041482,0.109831,0.007618,0.17822,-0.023063,-0.190588,0.249485,0.20824,0.301173,-0.052675,0.020336,0.003558,-0.043025,-0.049434,-0.069234,-0.04901,-0.062921,-0.078402,-0.191831,-0.093809,-0.069776,0.07993,-0.251639,-0.332116,-0.057386,0.087164,0.089046,-0.050505,0.006665,0.431113,-0.17852,0.063106,0.064879,0.048802,0.156574,-0.055906,0.13506,0.060935,0.050032,-0.167215,0.001303,-0.170162,-0.072253,0.018438,0.002804,0.093981,0.018934,0.231876,0.10286,-0.071258,-0.029168,0.037749,-0.01853,-0.026103,0.293591,-0.016703,0.106378,0.135402,-0.016264,0.183823,-0.075335,0.226599,0.182024,0.004556,0.050854,-0.210084,-0.12368,0.120567,0.129977,-0.076292,0.068643,0.069284,-0.229962,-0.023034,-0.265081,0.127836,0.07791,-0.051582,0.009976,0.127548,0.132078,#
6,0.148381,0.291551,-0.030257,-0.279597,0.322782,0.144911,1.0,0.232967,0.580121,-0.029473,0.064298,0.024669,0.325816,0.013327,0.358237,-0.136225,-0.231736,0.065097,0.051356,0.061961,0.0163,0.272471,0.16238,-0.307636,-0.048934,-0.159917,0.128354,-0.22506,0.184981,0.233469,-0.56377,-0.055914,0.175809,-0.181136,-0.153938,0.162416,0.02601,-0.262729,-0.036217,0.249602,0.08272,0.188689,-0.246626,0.003344,-0.06964,-0.0899,0.177269,0.336423,0.018949,0.284327,0.255409,-0.284226,0.030258,-0.10819,0.051004,0.107861,0.111703,0.050345,0.087466,0.157125,0.069718,0.18106,-0.226163,0.200904,0.281772,0.261252,-0.03162,-0.039451,0.129177,-0.178005,0.148453,-0.281438,-0.023548,-0.200601,-0.492129,0.414559,-0.128141,-0.252682,-0.350992,-0.278575,-0.198,-0.451427,-0.285927,-0.270048,-0.467643,0.079352,-0.163515,-0.010183,-0.368519,-0.280817,-0.367405,-0.344545,-0.399279,0.089046,-0.375117,-0.139465,0.063444,-0.139546,-0.096567,-0.192095,-0.138663,-0.167745,-0.215955,-0.002246,-0.244941,-0.258722,-0.00644,-0.244252,-0.317685,-0.170519,0.267656,0.198428,-0.300218,-0.608286,0.050698,-0.258763,-0.324753,-0.19853,0.007942,-0.342447,-0.252731,-0.327743,-0.22743,-0.477251,-0.138908,0.052988,-0.229054,0.145878,-0.274705,-0.202752,-0.369977,-0.411117,-0.365701,-0.113227,-0.195915,-0.254241,-0.003704,-0.091897,-0.003271,-0.428121,-0.359755,-0.131935,-0.253151,-0.157836,-0.205342,-0.283196,-0.401982,0.620888,-0.029151,-0.398251,-0.018791,-0.339938,-0.258314,-0.187162,-0.3324,0.035168,0.276856,0.367361,-0.124988,-0.332604,0.318153,-0.080758,0.099902,-0.037982,0.057089,0.364063,0.051051,0.111523,-0.174739,-0.099929,0.000448,-0.074915,-0.055504,-0.172819,0.227545,-0.141699,-0.175648,0.369119,0.608595,-0.249055,0.233019,0.484582,0.031238,-0.146183,0.368878,-0.019733,0.101035,-0.053591,-0.412272,0.347307,0.22227,0.112131,0.297318,0.030307,-0.085133,-0.011752,0.352742,-0.156518,-0.167842,0.030158,#
7,0.077466,0.144908,-0.086086,-0.374702,-0.007259,0.238626,0.232967,1.0,0.20503,-0.223093,-0.18434,0.042905,-0.022259,0.133926,0.192237,-0.02145,0.002582,0.049262,-0.088441,-0.041515,0.162746,0.444159,-0.008601,0.119929,-0.144077,0.064307,0.373528,0.207615,-0.066826,-0.165435,-0.247627,0.373913,0.067198,-0.060938,-0.073551,0.07889,0.00982,-0.451237,0.231206,-0.061485,-0.044016,0.076987,0.050167,0.039406,-0.158924,0.144091,0.024087,0.202551,-0.175408,0.032703,0.150017,-0.176007,0.078464,-0.077469,-0.173471,0.060375,0.195008,-0.086033,0.120508,0.18569,0.044662,0.104356,-0.111927,0.342027,0.122131,0.285429,-0.170807,0.123372,0.119886,-0.150128,0.151002,0.11239,-0.245601,0.12797,-0.218701,0.135001,-0.011742,0.015807,-0.361204,-0.01503,0.049073,-0.077345,0.071449,-0.15137,-0.012366,0.312681,0.131673,-0.008063,0.017219,-0.124582,-0.06038,-0.071554,-0.015157,0.104817,-0.170163,0.05758,0.000441,0.006659,-0.197255,-0.286847,-0.096896,-0.106045,-0.031962,0.041438,-0.158598,-0.202143,-0.016295,-0.202297,-0.125381,-0.325092,0.060446,0.050675,-0.319639,-0.069277,0.145618,-0.028616,-0.18098,0.119334,-0.232577,0.017063,-0.02703,-0.139625,0.109401,-0.161446,0.047367,-0.014739,0.085167,-0.09217,-0.038934,-0.059009,-0.240399,-0.137086,0.119593,-0.227872,0.209998,0.02687,0.113068,-0.10784,0.061542,-0.266688,-0.25756,-0.098738,-0.226443,0.169343,-0.003125,-0.075485,-0.238273,0.138316,-0.068097,-0.009691,-0.053294,-0.043335,-0.031208,-0.034219,0.132774,0.069334,0.117737,-0.024762,-0.24453,0.060965,0.126074,-0.082002,-0.023228,-0.006151,0.197924,0.11583,0.032369,-0.075176,-0.139626,0.048453,-0.040075,0.005514,-0.284396,-0.058146,0.001251,0.007755,-0.034225,-0.007669,0.110177,-0.418312,0.099479,0.06291,0.175449,0.073801,-0.054505,-0.075439,0.024558,-0.079224,-0.080688,0.092993,0.248295,0.14099,0.129603,-0.275445,-0.009511,0.151646,-0.029205,-0.184218,-0.082708,0.125176,#
8,0.175691,0.177443,-0.097783,-0.204369,0.133161,0.161695,0.580121,0.20503,1.0,0.072306,-0.052069,0.006252,0.346904,0.091563,0.282411,-0.220189,-0.392401,0.198177,0.21961,0.039226,0.007232,0.128071,0.253733,-0.139831,0.147346,-0.333804,0.195801,0.01996,0.386425,0.173977,-0.385669,-0.038216,0.225105,-0.181304,-0.282746,0.108816,0.068536,-0.274023,-0.158816,0.142948,0.208623,0.016337,-0.200851,0.01502,0.054587,-0.236918,0.307516,0.298621,0.040456,0.204484,0.0214,-0.168304,0.034525,0.103595,0.005202,-0.116874,0.206195,-0.188366,0.343055,-0.019717,0.076514,-0.006519,-0.128509,0.223645,0.128624,0.300841,0.105696,-0.027575,0.208731,-0.119445,0.203139,-0.155815,-0.088634,0.006068,-0.231692,0.234846,-0.080362,-0.243126,-0.214507,-0.33241,0.074582,-0.430153,-0.244004,-0.193409,-0.248441,0.247171,0.019234,-0.033426,-0.218644,-0.182177,-0.196576,-0.103362,-0.535628,0.388023,-0.194543,0.03858,0.186367,-0.163589,0.128211,-0.153416,-0.174083,-0.115288,-0.049536,-0.001227,-0.034125,-0.124406,-0.138333,-0.129234,-0.202489,-0.148705,0.318614,0.25621,-0.177308,-0.333503,0.026344,-0.392321,-0.227739,0.001576,0.091931,-0.239648,-0.206906,-0.34846,0.067408,-0.496633,-0.018207,0.098967,-0.076627,0.171718,-0.146915,-0.258456,-0.24747,-0.316546,-0.10097,-0.011975,-0.074035,-0.070955,-0.13878,-0.069218,0.08414,-0.161492,-0.156745,-0.150833,-0.371334,-0.149661,-0.176408,-0.015408,-0.232483,0.325973,0.032176,-0.206766,0.110109,-0.291447,-0.144367,-0.180953,-0.11072,0.0,0.352207,0.461193,0.036441,-0.182712,0.140897,-0.091549,0.036909,0.073793,0.095293,0.268647,0.086094,0.036305,-0.29404,-0.010317,-0.194631,0.218322,-0.031244,-0.223376,0.274809,-0.089469,-0.223017,0.222846,0.440608,-0.335085,0.200389,0.286898,-0.040452,-0.18728,0.171229,0.045285,0.15158,-0.004795,-0.441377,0.137509,0.272045,-0.10563,0.231859,-0.093445,-0.137629,0.002932,0.254399,-0.214204,-0.041556,0.058068,#
9,0.195539,0.375411,0.08534,0.033963,0.217994,-0.062688,-0.029473,-0.223093,0.072306,1.0,0.03186,-0.171879,0.214145,0.032797,0.10152,-0.017634,-0.118961,0.316955,0.168129,-0.140683,-0.111671,0.014881,0.265503,0.080242,-0.147375,-0.001109,-0.010361,0.115767,-0.046522,0.322484,-0.060333,0.10519,0.084454,0.213409,-0.26288,-0.00539,-0.04462,-0.148582,-0.105078,-0.072138,-0.075484,0.173593,0.213957,0.218855,0.186158,-0.377661,0.127309,0.310431,-0.139431,0.087872,0.053704,0.033803,-0.018586,-0.143232,-0.040114,-0.320156,-0.170186,0.009653,-0.208222,-0.15416,0.138463,-0.039861,-0.263273,0.028944,0.072871,0.103847,-0.028067,0.129439,0.046871,-0.089808,0.005034,-0.231151,-0.068014,-0.31326,-0.047749,0.225029,-0.2531,-0.491199,-0.072474,-0.165235,-0.138083,-0.163468,-0.177312,0.008294,-0.119155,-0.051769,-0.30011,-0.264938,-0.243144,-0.126178,-0.041128,-0.047033,-0.340945,0.007034,-0.15648,-0.031544,0.073276,-0.007033,0.075839,-0.31075,-0.083214,-0.329532,-0.277244,-0.049378,-0.237752,-0.057742,-0.295194,-0.172373,-0.220912,-0.160176,0.249857,0.139601,-0.042901,-0.321077,-0.298021,-0.074642,-0.109511,-0.290391,0.278028,-0.46988,-0.241029,-0.04858,0.01507,-0.178933,-0.095657,0.009581,-0.203744,-0.139855,-0.219141,-0.056994,0.02375,-0.164922,-0.046567,0.342647,-0.219816,0.011299,0.083587,-0.2071,0.176808,-0.261847,-0.016351,0.059844,-0.195953,-0.136601,-0.066007,-0.043323,0.077233,0.225835,-0.424529,0.072362,-0.444273,-0.103916,0.041831,-0.04389,-0.232328,0.017728,0.210279,0.42275,-0.142132,-0.054909,-0.247228,0.070025,-0.065838,0.119159,-0.164116,0.327076,-0.35734,-0.082658,0.053308,0.024622,0.059788,0.106822,-0.031852,-0.222836,0.271763,-0.201527,-0.124562,0.009474,-0.087252,0.041374,-0.063568,0.085654,-0.334666,0.123597,-0.086478,-0.029274,0.17531,-0.152229,-0.158402,0.360775,0.01373,0.146503,-0.068541,0.18686,0.085587,-0.245956,0.01403,-0.077111,0.053978,-0.076864,#
10,-0.115629,-0.193072,-0.094734,0.271018,0.109324,0.155093,0.064298,-0.18434,-0.052069,0.03186,1.0,-0.068142,-0.293429,-0.074497,0.124884,0.145161,-0.039783,-0.182911,-0.15937,-0.058735,-0.129241,0.058927,0.014209,-0.04687,0.183548,0.188523,0.101271,0.065463,0.076031,-0.196718,0.221158,-0.080954,-0.049021,0.110679,0.105137,-0.013836,-0.204909,0.033684,0.060505,0.132856,-0.215042,-0.136258,-0.031965,0.12355,0.1214,0.027662,-0.223644,-0.130166,0.17995,-0.071097,-0.084372,0.072178,-0.025117,-0.092626,0.033361,0.316418,0.036915,0.101753,0.025198,0.09603,0.052753,-0.062367,0.055423,-0.126258,-0.082716,-0.259291,-0.066342,-0.310871,-0.400496,0.189742,-0.097841,0.032749,0.231194,0.104192,0.10081,0.133602,-0.013795,0.002593,0.060162,-0.03604,-0.299891,0.082339,0.218286,-0.221304,-0.032424,-0.132305,0.107313,0.044438,-0.153362,-0.071928,-0.090406,-0.17359,0.062337,-0.158471,0.157873,0.113152,-0.173937,0.067359,-0.119323,0.049382,0.08557,0.078717,0.235037,-0.222889,0.004011,-0.014412,0.045121,-0.084648,0.108465,0.130404,-0.280926,-0.03742,-0.078129,-0.083665,-0.149982,-0.040816,0.14647,-0.088259,-0.085329,0.152945,0.280755,-0.020602,0.160432,0.110375,-0.054141,-0.095154,-0.023328,0.273362,-0.089253,-0.152628,0.16974,-0.056009,-0.251184,-0.031955,-0.063878,0.255241,-0.053072,-0.056063,0.038979,0.00553,-0.126568,0.013421,0.15776,-0.162615,-0.124978,-0.085121,-0.000893,-0.237999,0.203131,0.04286,0.226328,0.150851,-0.318271,-0.032859,0.096732,-0.07155,-0.208162,-0.039245,0.103906,-0.053686,-0.134004,-0.019033,0.037154,-0.384799,-0.368691,-0.049968,-0.035431,0.214008,0.33522,-0.123973,0.044529,-0.216954,-0.187045,0.004799,-0.049858,-0.04264,-0.059398,0.074042,0.036378,0.145708,0.112043,0.193286,0.007442,0.229577,-0.119429,-0.201168,-0.038241,-0.162395,0.129757,-0.135432,-0.211987,0.097369,-0.104216,-0.110659,0.006558,-0.206937,0.061846,0.074631,-0.181717,0.016679,#
11,0.093253,-0.030539,0.100632,-0.221233,0.054521,-0.019062,0.024669,0.042905,0.006252,-0.171879,-0.068142,1.0,-0.090229,-0.157443,-0.078814,0.163305,0.00448,-0.125146,-0.363515,-0.0669,-0.326212,0.117865,-0.083427,-0.112636,0.09593,0.112103,-0.057039,-0.344502,0.010336,0.160173,-0.240079,0.064936,0.008887,0.017046,0.194504,0.060099,-0.409618,0.017738,-0.213052,0.104954,-0.060845,0.04142,-0.16721,-0.380551,-0.043072,-0.147181,-0.154832,-0.06841,-0.204583,0.172067,-0.363836,-0.148432,0.002941,0.105722,0.108535,0.048223,-0.157983,-0.086434,0.078867,0.117879,-0.112059,0.015884,-0.057565,-0.268957,0.209378,-0.274791,-0.164992,-0.101114,-0.123805,0.119453,0.102901,-0.065173,0.123881,0.021113,-0.393153,-0.073846,-0.190592,-0.065625,-0.128266,0.029809,0.151478,-0.266954,-0.187237,-0.085029,-0.076335,0.032446,0.030541,-0.119817,0.037195,-0.207255,0.016972,-0.195778,-0.022273,-0.093673,-0.090359,0.008903,0.019677,-0.104825,-0.133411,0.087726,-0.032656,-0.007442,-0.059438,-0.011471,-0.239272,-0.167048,0.204059,0.056796,-0.148367,0.158045,-0.132334,0.025134,-0.348245,0.108854,-0.015866,-0.335816,-0.092756,0.097922,-0.226549,0.235063,-0.065733,-0.218467,-0.192356,0.12535,-0.10976,-0.023429,-0.019738,-0.206794,-0.08218,0.189908,-0.175075,-0.032609,-0.160695,-0.063804,-0.16738,-0.104609,0.058581,-0.185341,-0.048955,-0.134359,0.125935,0.064747,0.06624,-0.235657,-0.406035,-0.196212,-0.025337,-0.059079,-0.108679,0.004996,-0.062056,-0.280664,-0.016068,-0.062527,-0.186667,-0.064454,-0.082383,-0.103678,-0.03477,0.058009,0.114488,-0.193534,0.050388,-0.182979,-0.096233,-0.09387,0.130804,0.201555,0.067931,-0.232423,0.18606,-0.081756,-0.071418,0.168942,0.149182,-0.210389,-0.337539,-0.029489,-0.032918,-0.087009,0.24931,-0.184491,0.169566,0.226025,0.153727,0.052792,-0.025603,-0.033405,0.054845,-0.078151,-0.13558,0.084373,0.066928,-0.032702,-0.089902,0.263045,0.215729,-0.083554,0.027854,-0.152089,#
12,0.253448,0.204739,-0.137523,-0.144769,0.114729,-0.145773,0.325816,-0.022259,0.346904,0.214145,-0.293429,-0.090229,1.0,0.247877,0.168142,-0.253827,-0.247716,0.243308,0.09221,0.208711,-0.013542,0.113393,0.360768,-0.157893,-0.221692,-0.212762,0.005631,-0.232104,0.319684,0.152876,-0.446788,-0.070326,0.259735,-0.179508,-0.094242,-0.075196,0.163358,-0.176433,-0.105738,-0.18926,0.277886,0.440053,0.003933,-0.105983,-0.035323,-0.264763,0.476093,0.361298,-0.114735,0.040914,0.228068,-0.067932,0.173959,0.008533,-0.079216,0.067803,0.238464,-0.122338,0.078775,-0.108566,0.12023,0.231105,-0.054828,0.07634,0.114119,0.359258,0.183314,0.20301,0.297339,-0.210229,0.202674,-0.053268,-0.098674,-0.114343,-0.158954,0.209301,0.060621,-0.227363,-0.107036,-0.208442,-0.003632,-0.283394,-0.344981,-0.112057,0.034611,0.289042,-0.219281,0.086665,-0.008085,-0.092586,-0.272916,-0.004196,-0.3696,0.164901,-0.211445,0.012662,0.351988,-0.045842,0.080496,-0.33254,0.160911,-0.195622,-0.144644,-0.131972,-0.071547,0.049615,-0.151457,-0.139156,-0.385179,-0.050719,0.394638,-0.171087,-0.05173,-0.326947,-0.040343,-0.132699,-0.45273,0.066483,0.177694,-0.424335,-0.040945,-0.402781,0.012423,-0.408289,0.000234,0.296857,-0.321302,-0.03413,0.051189,0.002519,-0.19621,-0.207421,-0.111716,0.056787,-0.193311,-0.037714,-0.052169,-0.039251,0.069336,-0.077974,-0.197529,-0.262344,-0.121719,-0.197887,-0.03961,-0.077721,-0.241747,0.318299,-0.060908,-0.122166,-0.239165,-0.384795,0.121246,-0.108526,-0.081558,0.192109,0.420664,0.283306,0.039279,-0.147398,-0.01294,-0.158893,-0.151898,0.329776,0.142403,0.170187,0.163746,-0.088183,-0.1602,-0.009671,-0.037997,0.124799,0.180147,-0.093424,0.343275,0.024463,0.032972,0.106864,0.233616,-0.182709,0.041064,0.105956,-0.225245,-0.381666,0.231788,-0.027065,0.338832,0.022049,-0.454668,0.313316,0.318147,-0.062952,0.014613,0.015122,-0.056184,0.00898,0.179296,-0.121229,-0.028214,-0.009947,#
13,0.248888,0.187184,-0.13685,-0.299093,-0.018814,0.251502,0.013327,0.133926,0.091563,0.032797,-0.074497,-0.157443,0.247877,1.0,0.143278,-0.023155,-0.157047,0.082949,0.208043,0.044802,-0.036805,0.137758,0.503091,-0.013399,-0.296706,-0.32363,0.205176,0.176967,0.295458,0.049599,-0.236515,0.155856,0.197608,-0.138528,-0.051197,0.085665,-0.025286,0.047134,0.033102,-0.295383,0.039539,0.273444,0.181251,0.288228,-0.217423,-0.415789,0.262423,0.242732,-0.045031,0.156185,0.346541,0.075923,0.032203,-0.042269,-0.159245,-0.11495,0.039906,-0.032629,0.072308,0.001869,0.308456,0.191343,-0.129599,0.122733,0.098076,0.401113,0.002342,0.488255,0.27967,0.004114,-0.071889,-0.172604,0.053321,-0.268441,-0.189057,0.240716,-0.039497,0.004564,-0.261249,-0.077177,-0.279262,-0.224997,-0.114534,0.10098,-0.032649,-0.03562,0.010394,-0.055975,-0.009523,-0.264652,-0.155687,-0.071995,-0.229068,0.209516,-0.070754,-0.14437,0.01209,3.8e-05,-0.118309,-0.4209,-0.046338,-0.022322,-0.11313,-0.187142,-0.070859,-0.081547,-0.166504,-0.476563,-0.179728,0.036562,0.295364,0.125568,-0.105414,-0.065386,-0.107713,-0.087955,-0.284365,-0.08705,0.035652,-0.136502,0.04934,-0.293885,-0.051286,-0.178113,0.052474,0.147505,-0.240667,-0.045859,0.025862,-0.102135,-0.236046,0.079853,-0.225632,0.133726,-0.182307,-0.194706,-0.071813,-0.364858,0.123357,-0.082584,-0.179615,-0.28752,-0.262299,-0.165505,-0.102649,0.066822,-0.195126,0.073137,0.036424,-0.108534,-0.184336,-0.201933,-0.051078,-0.22178,-0.148055,0.150548,0.281825,0.270757,-0.177532,-0.059159,-0.118157,-0.248325,-0.082577,0.335264,0.056391,0.028607,0.131454,0.010215,-0.082308,0.056831,-0.053762,0.193501,-0.059765,-0.266742,0.225309,0.094396,-0.038492,-0.152724,0.311833,-0.26572,0.150118,-0.162082,-0.222674,0.017601,0.142551,0.032754,0.051817,-0.268308,-0.121718,0.296232,-0.004189,-0.065761,0.214751,0.140203,0.113782,0.011384,0.388634,-0.132223,-0.029464,0.012194,#
14,-0.054758,0.264632,-0.288181,-0.236718,0.176602,0.189934,0.358237,0.192237,0.282411,0.10152,0.124884,-0.078814,0.168142,0.143278,1.0,-0.174811,-0.173312,-0.078822,0.028272,0.051575,0.154093,0.169968,0.131424,-0.001733,-0.078723,0.056814,0.128558,0.24981,0.314895,0.044964,-0.267011,0.110821,0.324869,-0.061399,-0.247275,0.134324,-0.124343,-0.132678,0.311917,0.239628,-0.264983,0.27299,-0.292678,0.152601,-0.044184,0.044837,0.190034,-0.129171,0.073383,0.233956,0.069322,-0.117199,-0.039311,-0.132083,0.088664,0.073029,-0.065099,0.069216,-0.133683,0.235111,0.133013,0.332846,-0.223076,0.320762,0.145967,0.240513,-0.074036,0.127118,-0.003175,-0.332263,-0.090664,-0.24983,0.232536,-0.118727,-0.32287,0.010531,0.051493,-0.165005,-0.240634,-0.337432,-0.208343,-0.197695,-0.207614,-0.274853,-0.356806,0.054781,-0.086196,-0.168682,-0.365599,-0.203922,-0.187033,-0.127595,-0.329107,-0.055588,-0.191946,-0.080376,-0.107279,-0.039031,-0.0606,-0.210323,0.104966,-0.09918,-0.262862,-0.181053,-0.146337,-0.107994,-0.354439,-0.125242,-0.223313,-0.270767,-0.065351,0.055786,-0.280523,-0.212415,-0.343028,-0.194632,-0.161516,-0.263146,-0.21644,-0.182124,-0.193054,-0.166507,-0.218586,-0.162831,0.041351,-0.099367,-0.098053,-0.107783,-0.402396,-0.210478,-0.272027,-0.431923,-0.267757,-0.039709,-0.261672,-0.043206,0.033458,-0.254797,0.134406,-0.09085,-0.284339,-0.30673,-0.36958,-0.015035,-0.086981,-0.323242,-0.087099,0.065288,0.015749,-0.249852,-0.067282,-0.143495,-0.107083,0.03423,-0.22767,0.084471,0.305227,0.255375,-0.279293,0.071577,0.051919,-0.106662,-0.017373,-0.090716,-0.168459,0.267546,0.027108,0.136653,-0.033265,-0.135864,0.230546,-0.041446,0.00339,-0.237755,0.460842,-0.081166,-0.18667,0.086307,0.370435,-0.170504,0.181543,0.324026,0.256998,0.090429,0.114606,-0.036679,0.093501,-0.088037,-0.136709,0.161578,-0.086928,0.338876,-0.029574,-0.131808,-0.143373,-0.131672,-0.04743,-0.214936,-0.015966,0.155213,#
15,-0.129413,-0.107793,-0.156085,-0.168568,-0.223831,0.052734,-0.136225,-0.02145,-0.220189,-0.017634,0.145161,0.163305,-0.253827,-0.023155,-0.174811,1.0,0.010117,-0.262796,0.170285,0.012255,-0.131086,0.227401,-0.25027,0.082703,-0.044022,-0.002966,-0.039787,0.054242,0.001226,-0.135467,-0.017813,0.101367,-0.064609,0.196596,0.364836,0.224212,-0.105772,0.19229,-0.14609,0.062139,0.008388,-0.211904,0.119498,-0.008774,-0.009088,0.086475,-0.426145,-0.151226,-0.044542,0.054307,0.076864,0.071541,-0.142685,0.070188,-0.226453,0.235563,0.172597,-0.104701,0.085769,-0.013109,0.094052,-0.058059,0.161442,-0.015321,0.1375,-0.292379,-0.157655,-0.05048,0.074549,0.216197,-0.030876,0.001244,0.170586,-0.020008,0.153424,-0.02676,-0.11241,-0.035956,0.107746,0.077737,-0.073976,-0.040625,0.186362,-0.078134,0.184182,0.023165,0.048893,-0.251595,0.003184,0.142008,0.22572,-0.143125,0.112171,-0.209218,0.115843,0.00892,-0.036295,-0.158459,-0.261352,-0.05591,0.10093,0.049028,-0.020136,0.063065,0.205434,-0.017733,0.064038,0.02732,-0.036864,-0.033384,-0.228624,-0.048792,-0.019823,0.135125,-0.046222,0.017395,0.177212,0.131697,-0.167299,0.354872,0.171942,0.233715,0.014112,0.163244,0.043111,-0.053206,0.223122,0.087271,0.07127,-0.021128,-0.047715,0.161231,0.06737,0.081912,-0.117524,0.054117,-0.228049,-0.078741,-0.204926,-0.067132,0.016953,0.076792,-0.059882,0.264141,-0.162109,-0.024281,-0.030589,-0.2877,-0.156375,-0.084272,0.110359,0.079142,-0.100227,0.137338,0.038943,0.091002,-0.327713,-0.142816,-0.067231,0.117471,-0.151271,-0.044914,-0.086707,-0.130712,-0.218557,-0.089094,0.037795,0.118611,0.039093,0.132764,-0.004839,0.114868,-0.200598,0.143666,-0.07578,-0.106338,0.010034,0.054556,-0.26077,0.17606,0.179199,-0.087818,0.082361,0.257561,-0.087755,-0.063805,-0.098126,-0.107673,0.193005,-0.156968,-0.275114,-0.105546,-0.050874,0.080123,0.014326,0.22848,0.182014,0.192913,-0.074232,-0.22668,#
16,0.200336,-0.061865,-0.017393,0.108396,0.30768,0.022406,-0.231736,0.002582,-0.392401,-0.118961,-0.039783,0.00448,-0.247716,-0.157047,-0.173312,0.010117,1.0,-0.140047,-0.184544,-0.319843,-0.237597,-0.093497,-0.382061,0.030544,-0.245002,-0.100861,-0.383731,-0.003562,-0.157309,-0.127058,0.142444,-0.068019,-0.146271,-0.178725,0.035761,0.030105,-0.188371,0.095578,-0.035834,0.090779,-0.067134,-0.272893,-0.081378,0.23941,-0.125777,0.175998,-0.310086,-0.35361,-0.011366,-0.170634,0.045475,-0.072885,-0.021233,-0.086434,0.111626,-0.201821,-0.215485,0.080859,-0.221066,0.076856,-0.142288,-0.171234,0.11625,-0.02128,0.158085,-0.015502,0.262571,-0.123244,-0.176315,-0.034294,-0.438454,0.126468,0.111232,-0.21057,-0.009901,0.146905,0.006146,-0.027076,0.139408,0.099198,-0.211917,0.128209,0.02125,0.115786,0.029946,-0.208326,-0.177389,-0.260785,0.042751,-0.1016,-0.015178,-0.203124,0.257631,-0.422364,0.05271,-0.28714,-0.180503,-0.049325,-0.273025,0.099208,0.230014,-0.214747,0.101076,0.043452,-0.051546,-0.223433,0.156425,0.019554,-0.01435,0.189247,-0.286015,-0.051669,-0.188946,0.02341,-0.271517,0.197236,0.096715,-0.196916,-0.321642,0.317269,-0.225443,0.252971,-0.321701,0.296686,0.111683,-0.157571,0.005522,0.027426,-0.158153,0.103915,-0.140323,0.207532,-0.117749,-0.149959,-0.031975,-0.14889,0.275822,-0.302366,-0.65817,-0.01882,-0.022676,0.159366,-0.009782,0.076925,0.052048,-0.163764,0.016641,-0.053982,-0.094252,-0.009079,0.025314,0.20903,-0.205405,-0.124856,-0.191737,-0.340783,-0.265162,-0.087965,-0.110806,-0.154625,-0.063967,0.072833,-0.140243,-0.379827,-0.151316,-0.007958,-0.075893,-0.35539,0.098999,0.017224,0.338996,-0.150143,-0.293756,0.084229,-0.230392,-0.146075,-0.110824,-0.148163,-0.163498,0.22409,-0.029407,-0.015444,0.518581,0.071718,0.074222,-0.159697,0.164518,0.190087,0.34205,-0.059432,-0.084164,0.177274,0.129489,0.27144,-0.070047,0.381247,-0.227791,-0.045316,-0.426885,0.252283,#
17,0.24695,0.338547,-0.054593,-0.104129,0.093766,-0.013234,0.065097,0.049262,0.198177,0.316955,-0.182911,-0.125146,0.243308,0.082949,-0.078822,-0.262796,-0.140047,1.0,0.1774,0.100266,0.259228,-0.014074,0.300356,-0.024807,0.069373,-0.175246,0.062607,0.089245,-0.066348,0.141361,-0.163002,-0.011633,0.149042,0.214823,-0.067232,-0.260447,0.080727,-0.180762,0.021963,-0.195129,0.048701,0.25455,0.287987,-0.093758,-0.186337,-0.257673,0.337989,0.266612,0.027332,-0.161853,0.244365,-0.029091,-0.153396,-0.192322,-0.025134,-0.221684,-0.03906,-0.098333,0.004414,-0.087735,-0.077487,0.151645,-0.284275,-0.041699,-0.051296,0.289277,0.198828,0.225083,0.298761,0.185515,0.057228,0.089858,-0.438715,-0.065738,0.079781,0.134167,-0.201761,-0.136121,0.032689,-0.282336,0.130135,-0.130464,-0.167404,-0.05395,-0.11825,0.293872,-0.2482,0.183811,0.127667,0.030595,0.014671,-0.075762,-0.202544,0.425501,-0.067361,-0.044296,0.181516,-0.040661,0.177712,-0.283804,-0.253215,-0.285407,-0.103104,0.110335,-0.061028,-0.021548,-0.220555,-0.110087,-0.321975,-0.144789,0.369132,0.052289,0.182036,-0.141353,0.135864,-0.038435,-0.418356,-0.059644,0.355241,-0.445401,-0.178584,-0.122828,-0.094754,-0.338889,-0.156584,0.182316,0.083218,-0.001594,0.027081,-0.170972,0.08638,-0.113725,0.172985,0.004412,-0.00191,-0.091696,0.030183,0.051905,0.232362,-0.10343,0.041363,-0.045746,-0.094747,-0.176689,-0.059359,0.085261,-0.001417,0.329531,-0.101923,-0.085535,-0.302132,-0.046676,0.067271,-0.046398,-0.159486,0.092098,0.513892,0.226744,-0.358176,-0.046575,-0.131396,0.196934,0.247329,0.403278,-0.053829,0.508107,-0.097335,-0.163401,-0.287863,0.093873,-0.129125,0.234506,-0.058111,-0.153036,-0.034269,-0.193254,0.123865,0.079566,0.236296,-0.115658,-0.037672,0.001868,-0.403675,-0.187201,0.082973,0.012961,0.190079,0.187569,-0.451364,0.299641,-0.036531,0.068542,-0.033433,0.017202,-0.027166,-0.075206,-0.055099,-0.266052,0.112346,-0.072332,#
18,0.172553,0.362733,-0.04778,0.025728,-0.065611,-0.187535,0.051356,-0.088441,0.21961,0.168129,-0.15937,-0.363515,0.09221,0.208043,0.028272,0.170285,-0.184544,0.1774,1.0,-0.120102,0.324902,-0.175449,0.007064,0.078845,-0.225881,-0.294609,0.125232,0.172952,0.16162,0.112923,-0.099695,-0.025579,0.209644,0.035562,-0.061278,-0.013925,0.111793,0.19058,-0.173602,-0.055044,0.110044,-0.214136,0.048765,0.061107,-0.113108,-0.184179,0.166989,-0.011818,0.178209,0.005472,0.041823,0.153104,-0.172604,-0.003904,-0.001496,-0.143775,0.042732,-0.042557,-0.066168,-0.182593,0.092076,0.072274,-0.059593,0.086271,-0.048794,0.187448,0.111848,0.038607,0.075538,-0.011655,-0.226382,-0.137905,-0.051356,-0.124442,0.10516,0.039457,-0.220365,-0.100739,0.146419,-0.112854,-0.132212,-0.030952,0.061994,0.282074,-0.03596,0.106341,-0.011685,0.014643,-0.13379,0.222134,0.23041,-0.11158,-0.281644,-0.07245,-0.042165,-0.035235,-0.025742,-0.093719,0.029363,-0.03607,-0.0434,-0.173949,-0.157773,-0.079539,-0.141995,0.112057,-0.360828,0.01423,-0.138352,-0.044004,0.10902,0.080837,0.137832,-0.147134,0.024888,-0.070921,0.146791,0.055377,0.212978,-0.188682,0.020073,0.249919,-0.041439,-0.122811,-0.061028,0.144238,-0.005572,0.028288,0.199325,-0.143749,0.026942,-0.064939,0.049962,0.084949,-0.04737,0.020829,-0.218648,-0.047865,-0.003063,-0.019712,-0.026322,-0.117335,-0.377679,0.144222,0.181315,0.0537,0.114051,0.160719,-0.138488,-0.061278,0.034339,-0.061576,0.169755,0.047122,-0.009736,0.001994,-0.011066,0.256307,0.000558,0.040003,-0.181215,-0.001744,-0.029187,0.071213,0.013534,0.087478,-0.041511,-0.114632,0.015275,0.287148,-0.211567,0.212675,0.064459,-0.024521,0.011497,0.151527,0.072052,0.155705,0.080328,-0.12608,-0.034817,0.00517,-0.110381,-0.185541,0.245883,-0.113825,0.059223,0.06849,-0.140378,0.077498,0.02325,-0.046624,0.173652,0.246855,-0.125807,-0.201902,0.071862,-0.160501,-0.057992,-0.098195,#
19,-0.290903,-0.20365,-0.181966,0.015509,-0.218058,0.195818,0.061961,-0.041515,0.039226,-0.140683,-0.058735,-0.0669,0.208711,0.044802,0.051575,0.012255,-0.319843,0.100266,-0.120102,1.0,0.194237,0.230731,0.135065,-0.033908,0.132571,-0.070415,0.218703,-0.066516,-0.201225,-0.176013,-0.003665,0.148786,0.140015,0.083143,0.068302,-0.30213,0.076727,0.17484,-0.03115,-0.092118,0.327531,0.355884,-0.033654,-0.247118,0.083492,0.108048,0.254116,0.253586,0.205591,-0.11578,0.096579,0.038256,-0.017016,-0.062847,-0.275516,0.3596,0.175235,-0.154375,0.206663,-0.123266,0.028568,-0.118558,0.091838,0.086756,-0.057085,0.084265,0.130399,0.18321,0.090928,0.114723,0.282932,0.010284,0.035356,0.233773,0.224192,-0.296361,0.335243,0.221546,0.268848,0.07895,0.25316,0.203715,0.180945,-0.474462,0.309024,0.196705,0.051239,0.34009,0.246782,0.149995,0.225633,0.199016,0.0483,0.349558,0.184921,0.211989,0.369449,0.216686,0.070783,0.056493,0.017565,0.333283,0.154929,0.20546,0.282071,0.261664,0.141935,-0.043309,0.215561,-0.080699,0.389116,-0.250112,0.214082,0.081305,0.223496,0.106093,-0.036181,0.384578,0.101547,0.025623,0.272135,-0.002623,0.347761,-0.105746,0.134586,0.24261,0.030303,0.076278,0.161165,0.333848,0.030771,0.259946,0.130733,-0.150499,0.21766,0.179119,-0.249967,0.252866,0.080126,0.270743,0.332718,-0.243108,0.092617,0.02236,-0.014391,0.087045,-0.037107,-0.113334,0.277208,-0.036904,0.153736,0.057797,0.285531,0.346634,0.365215,0.46054,0.15366,-0.302218,0.362429,0.125336,-0.066893,0.028761,0.029093,0.352524,0.17621,0.060201,0.341562,0.265082,-0.313529,0.132198,-0.358817,-0.042918,0.201105,0.226222,-0.026663,0.256618,0.442439,-0.151593,-0.065759,0.069431,-0.080964,0.000869,-0.169504,-0.090631,-0.190383,0.021274,0.037667,0.099044,-0.270855,-0.171431,0.061392,-0.240736,-0.18723,-0.274169,0.078568,-0.29181,-0.073245,0.158306,0.155241,-0.04953,#
20,-0.243007,0.021715,-0.099881,0.096589,-0.195293,-0.022947,0.0163,0.162746,0.007232,-0.111671,-0.129241,-0.326212,-0.013542,-0.036805,0.154093,-0.131086,-0.237597,0.259228,0.324902,0.194237,1.0,-0.038151,-0.167217,0.074335,0.086133,0.147607,0.008529,0.047278,-0.108318,0.03766,0.076903,-0.204954,0.140161,0.244497,-0.067773,-0.149778,-0.006062,-0.027076,0.149451,-0.122579,-0.127222,-0.068814,0.091284,-0.084043,0.030608,0.258269,0.098565,-0.067747,0.166363,-0.182351,0.040276,0.104893,-0.256173,0.213609,-0.128341,0.160393,0.077719,-0.001089,-0.014879,-0.018312,0.047663,0.144115,-0.109442,-0.008828,-0.155553,0.013262,-0.160348,0.19185,-0.055115,-0.186805,-0.146491,0.191532,-0.067104,0.246055,0.318541,-0.085481,0.189669,0.211291,0.090606,-0.083752,0.111301,0.123785,0.175982,-0.16125,0.065476,-0.062208,0.125882,0.294352,0.159864,0.298688,0.321166,0.16248,0.191534,0.119337,-0.133221,0.196564,0.125493,0.026456,0.062832,0.164674,-0.056681,0.10871,0.025678,-0.023417,-0.04519,0.170323,-0.155312,0.062445,0.057153,-0.290223,0.073318,-0.190701,0.172835,0.104649,0.219016,0.271613,0.16135,0.245794,-0.050605,0.006799,0.115836,0.378378,0.195775,0.011355,0.148831,-0.006759,0.161242,0.007493,0.075162,0.181153,0.264119,-0.085706,0.244369,-0.093747,0.272042,0.187138,-0.19059,0.193682,0.145496,0.273836,0.040281,-0.099704,0.031167,0.187386,0.412069,0.061039,0.337445,0.027138,0.195834,-0.050171,0.028029,0.250009,0.369125,0.125984,0.244419,0.176286,0.132001,-0.070231,0.057736,0.021042,0.01406,0.043955,0.084341,0.125641,0.024678,0.166199,-0.014303,-0.085778,0.025809,0.270474,-0.232574,0.071484,0.093251,0.174336,-0.109877,0.163976,0.137176,0.050669,-0.018098,-0.088412,-0.074513,-0.002957,0.027596,0.042343,0.035154,0.041685,-0.040988,0.30963,0.062873,-0.038126,0.082422,0.213039,-0.27962,-0.225474,-0.065138,-0.141736,-0.186155,-0.015876,0.244116,0.049302,#
