0,1.0,0.344735,0.075617,-0.187953,0.427355,-0.037609,0.192968,0.076545,0.341451,0.075677,-0.10619,0.234001,0.263824,0.20688,-0.002858,-0.067003,0.07382,0.185696,0.179326,-0.292499,-0.199205,-0.046023,0.296418,-0.10845,-0.243351,-0.2845,-0.139009,-0.06525,0.245598,0.214677,-0.347424,-0.0435,0.006201,-0.126543,-0.189512,0.110239,0.071796,-0.080909,0.049302,0.011512,0.20232,-0.079483,-0.068711,0.112579,-0.223128,-0.275149,0.232744,0.197986,-0.059584,0.095117,0.145009,-0.12849,0.062671,0.049504,-0.065668,-0.104465,-0.193572,-0.013686,-0.123435,0.11843,0.163374,0.027481,-0.121544,-0.06618,0.163106,0.345067,0.022634,0.198408,0.220871,-0.148421,-0.015028,-0.221521,-0.163144,-0.217736,-0.251278,0.327103,-0.147307,-0.238828,-0.252282,-0.116628,-0.352332,-0.246289,-0.234097,0.171061,-0.205632,-0.134351,-0.297809,-0.225895,0.001518,-0.295388,-0.334281,-0.267755,-0.324423,0.102379,-0.258596,-0.266877,-0.204286,-0.250645,-0.112452,-0.325269,0.178215,-0.403747,-0.212171,-0.195274,-0.287696,-0.070849,-0.194115,-0.068948,-0.415412,0.045761,0.151243,-0.032745,-0.189465,-0.234863,-0.390767,-0.271497,-0.27481,-0.349938,0.027186,-0.425735,-0.297498,-0.423107,-0.278023,-0.277506,-0.177632,-0.140347,-0.383684,-0.052144,-0.046697,-0.423133,-0.278254,-0.129642,-0.103878,0.085029,-0.200679,-0.389159,0.266916,-0.432864,-0.209457,-0.253849,-0.162867,-0.139149,-0.410463,-0.095634,-0.240003,-0.228392,-0.409597,0.359477,-0.338701,-0.241004,-0.367047,-0.394083,-0.261111,-0.227565,-0.378681,-0.268267,0.290798,0.398507,-0.267313,-0.16858,-0.171749,-0.056211,-0.378955,-0.092284,-0.079203,-0.016608,-0.0519,-0.169253,-0.166669,-0.19128,0.043277,0.234492,-0.165397,-0.298562,0.272338,-0.196294,-0.204361,0.205037,0.280611,-0.462803,0.144823,0.111477,-0.077982,-0.01164,0.453509,-0.105099,0.157162,0.163713,-0.196267,0.552512,-0.055186,0.046777,0.407207,0.299226,-0.164565,0.315016,0.32901,-0.445368,-0.431498,0.171963,#
1,0.344735,1.0,0.093007,-0.009313,0.286723,-0.108915,0.166796,0.1471,0.156538,0.248185,-0.275924,0.022607,0.215032,0.249598,0.227667,-0.1341,-0.099842,0.342589,0.26137,-0.202117,0.138818,0.080324,0.164662,0.043766,-0.262482,-0.054651,0.121463,0.130628,0.259851,0.302019,-0.506515,0.159952,0.08318,-0.02561,-0.184144,-0.022775,0.150573,-0.174471,0.068237,-0.168942,0.016581,0.135588,0.104148,0.190959,-0.309177,-0.322222,0.278136,0.280411,0.000263,0.2255,0.157892,-0.219827,0.069234,0.081398,0.087433,-0.135909,-0.346743,-0.017499,-0.210818,0.009235,-0.039969,0.288379,-0.372386,0.24968,0.025624,0.14252,0.051576,0.254148,0.162571,-0.152955,-0.086289,-0.227692,-0.070166,-0.14593,-0.244725,0.247574,-0.18932,-0.208503,-0.335818,-0.421352,-0.23322,-0.398812,-0.35651,0.117773,-0.385703,-0.094106,-0.198387,-0.033765,-0.122502,-0.098455,-0.050991,-0.168164,-0.348527,0.171021,-0.405467,-0.008418,0.067636,-0.223798,-0.024006,-0.220246,0.046823,-0.398469,-0.548944,-0.133964,-0.501324,-0.333105,-0.338517,-0.272548,-0.385224,-0.161855,0.144258,0.223968,-0.109733,-0.318321,-0.12504,-0.099605,-0.301808,-0.405848,0.062436,-0.269185,-0.306176,-0.074961,-0.345351,-0.407301,0.117644,-0.198805,-0.362366,-0.162509,-0.120661,-0.162777,-0.284965,-0.228075,-0.194205,0.095316,-0.194415,-0.146482,0.070081,-0.225415,-0.054268,-0.208037,-0.260153,0.146713,-0.311087,-0.097656,-0.158283,-0.336332,-0.156544,0.331848,-0.365508,-0.270299,-0.325728,-0.230674,-0.132089,-0.043272,-0.217616,-0.078206,0.317611,0.354595,-0.285138,-0.038978,-0.158445,-0.032196,-0.058699,0.039779,-0.079435,0.349009,-0.050729,-0.062784,-0.224248,0.105129,-0.184425,0.156487,-0.158892,-0.303422,0.406204,-0.050334,-0.222346,0.0681,0.20602,-0.365679,0.147224,0.00685,-0.066858,-0.031268,0.237292,-0.165809,0.096408,-0.115375,-0.229845,0.42769,-0.050338,0.343119,0.1709,0.175017,-0.119931,0.062741,0.22111,-0.460479,-0.234118,0.073903,#
2,0.075617,0.093007,1.0,0.291805,0.17106,-0.373118,-0.103866,-0.296441,-0.162762,0.175911,-0.018811,0.143124,-0.070027,-0.092237,-0.264311,-0.161383,0.017843,0.008866,-0.049463,-0.177645,-0.034745,-0.240592,0.172967,0.003532,-0.143171,-0.153589,0.136369,-0.366149,-0.172655,0.204342,-0.148421,0.085698,-0.178057,0.012118,-0.080616,-0.142281,-0.006649,0.053302,-0.002665,-0.124823,0.003788,-0.034149,-0.019887,-0.041021,0.192894,-0.279081,0.049324,0.201029,-0.128167,0.070454,-0.210428,0.101218,0.058607,0.209147,-0.003219,-0.227006,-0.300954,0.065461,-0.152711,-0.034925,-0.058621,-0.106521,-0.263082,-0.214145,-0.031384,-0.006676,-0.28295,-0.064378,-0.041843,0.165503,0.09179,0.024962,0.007942,0.095429,-0.138668,0.172491,-0.209456,-0.105105,-0.142464,0.061136,-0.012458,0.00544,-0.094899,0.361072,0.010646,-0.193235,-0.017918,0.067458,-0.149368,-0.143112,-0.046715,-0.325851,0.106222,-0.166183,-0.302417,0.109807,0.126728,0.061086,0.041921,0.01761,-0.013177,-0.032559,-0.075588,-0.029023,-0.221519,-0.170725,0.03565,0.12696,-0.031335,0.347777,0.161613,0.102944,0.039496,-0.041277,0.153527,-0.089922,-0.120715,-0.276566,0.058481,-0.053205,-0.265395,-0.129775,0.058815,-0.005496,-0.197014,-0.057564,-0.353431,-0.095541,0.089469,0.093069,0.337325,-0.147878,-0.173446,-0.041487,0.063321,-0.009994,0.255105,0.151292,0.068806,-0.123876,0.149714,0.344906,0.038991,-0.333948,-0.209812,0.190772,0.024279,0.13696,-0.277336,0.060362,-0.401901,0.109219,0.22651,-0.142796,-0.248607,-0.170774,-0.031793,0.15252,0.06819,-0.084465,0.025719,-0.088862,0.359418,-0.073509,-0.023672,-0.067583,-0.256953,-0.267495,0.099461,-0.029507,0.134543,-0.007726,0.065056,0.02009,0.030906,-0.051487,-0.200003,-0.051136,-0.185785,-0.046156,0.097857,-0.209331,-0.0491,0.015724,-0.137317,0.089648,-0.167529,-0.20952,0.034168,0.09713,0.130212,0.134527,0.031592,0.155423,0.049957,-0.186386,0.094652,0.07687,0.163447,-0.167976,#
3,-0.187953,-0.009313,0.291805,1.0,0.116762,-0.173305,-0.300877,-0.297375,-0.278301,0.025184,0.205402,-0.212566,-0.096631,-0.165115,-0.154222,-0.167363,0.070436,-0.019538,0.023692,-0.007678,0.118959,-0.29612,-0.076533,-0.060696,0.075863,0.010586,-0.022855,-0.025111,-0.086844,-0.105407,0.351175,0.044397,-0.258393,-0.058946,-0.18557,-0.426796,-0.033491,0.055872,0.07011,0.171496,0.055232,-0.132332,0.176935,0.017916,-0.037154,0.020006,-0.155884,-0.20432,0.194739,-0.171753,-0.221119,0.350822,0.065703,0.164039,-0.037171,0.123105,-0.019134,-0.064951,0.074625,-0.207871,-0.195833,0.144165,-0.119596,-0.184869,-0.253319,-0.26514,0.018381,-0.168967,-0.271978,0.412794,0.021616,0.24124,0.206806,0.339063,0.143362,-0.098629,0.054557,-0.08125,0.226976,0.258746,0.079554,0.160813,0.209035,0.092738,0.217343,-0.089765,0.06558,0.183375,0.046141,0.181038,0.212745,0.103953,0.147018,-0.122025,0.216524,0.226766,0.127392,0.212847,0.110402,0.174272,0.049225,-0.137894,0.319294,0.01178,0.079091,0.042109,0.103102,0.226832,0.194338,0.169394,-0.013632,-0.047163,0.091903,0.054925,0.073298,0.043294,0.316821,0.088849,0.047516,0.080824,0.06979,0.099623,0.204504,-0.037133,0.03936,0.144149,-0.222917,-0.060756,0.265582,0.196463,0.405436,-0.002224,-0.14732,-0.098914,0.108409,0.281351,-0.021316,0.281214,-0.026004,0.217463,0.139769,0.239914,0.235854,-0.228212,0.039291,0.182,0.143883,-0.177414,0.007992,0.263095,-0.067812,0.297281,0.097795,0.109745,0.310639,0.034659,-0.169931,-0.194041,0.236696,0.054804,-0.207282,0.064239,0.069751,-0.131625,-0.150072,-0.100955,0.075935,-0.151462,-0.018275,0.106417,-0.125294,-0.206358,-0.04511,0.155038,-0.080343,0.054276,0.051069,0.022861,-0.219474,0.326326,-0.375377,-0.073823,-0.029738,-0.214721,-0.065937,-0.253372,-0.079941,-0.09932,0.120645,-0.278011,0.122003,-0.126197,-0.198807,-0.013609,-0.022268,-0.254854,-0.252631,0.094987,-0.169886,-0.065152,#
4,0.427355,0.286723,0.17106,0.116762,1.0,-0.117383,0.24876,-0.109086,0.147849,0.247384,0.054234,0.073764,0.18901,0.040165,0.110377,-0.275751,0.195199,0.072737,-0.041405,-0.239697,-0.11087,0.056641,0.155465,-0.059779,-0.351686,-0.117602,-0.039298,-0.136752,0.156812,0.142417,-0.198119,-0.067911,-0.132766,-0.012654,-0.37183,0.111725,0.102812,-0.189937,0.181838,0.075451,0.119995,-0.108719,-0.118111,0.07102,-0.25907,-0.160633,0.130503,0.202584,-0.016898,0.075304,0.126231,-0.340051,0.118679,-0.041345,0.043839,-0.425329,-0.466769,0.208282,-0.340044,-0.165199,0.099939,0.049428,-0.120771,0.025982,0.147818,0.261075,0.080842,0.169369,0.169754,-0.163707,-0.224049,-0.396104,0.186078,-0.367911,-0.117744,0.307862,-0.18244,-0.445731,-0.247638,-0.293583,-0.399018,-0.282089,-0.369142,-0.115837,-0.283918,-0.428634,-0.37467,-0.300156,-0.237854,-0.187249,-0.244173,-0.193413,-0.258166,-0.027292,-0.344244,-0.205836,-0.18398,0.081547,0.010451,-0.043215,0.155262,-0.252252,-0.104925,-0.188591,-0.342752,-0.430563,-0.304999,-0.169456,-0.154154,0.189646,0.068772,0.015156,-0.333735,-0.340004,-0.218407,-0.110246,-0.178433,-0.470919,-0.121691,-0.214055,-0.3408,-0.286843,-0.222448,-0.136447,-0.061463,-0.170349,-0.43403,-0.195564,-0.272752,-0.04424,-0.203563,-0.212679,-0.386878,-0.147642,-0.047959,-0.335089,0.294438,-0.310692,-0.193927,-0.222682,-0.189151,0.094286,0.026781,-0.281879,-0.321862,-0.29555,-0.153828,0.36645,-0.444221,-0.169956,-0.265922,-0.178605,-0.218877,-0.305267,-0.275808,-0.26431,0.321392,0.366584,-0.211355,-0.366262,-0.012892,-0.097865,-0.151226,-0.148188,-0.166679,0.278058,-0.105542,-0.092082,-0.004647,-0.050925,0.066879,0.024032,-0.182693,-0.342837,0.108143,-0.261597,-0.344596,-0.045325,0.189837,-0.163097,0.183258,-0.036832,0.216613,0.172798,0.217148,-0.050568,0.27785,-0.123093,-0.062466,0.305341,0.022811,0.312364,0.169402,0.281666,0.166236,0.042007,0.168729,-0.385464,-0.484739,0.296131,#
5,-0.037609,-0.108915,-0.373118,-0.173305,-0.117383,1.0,0.183795,0.308054,0.139313,-0.125961,0.130272,-0.065582,-0.213477,0.340569,0.226227,0.085025,-0.038161,-0.068033,-0.088519,0.104953,-0.019633,0.302617,0.013151,-0.212954,0.217223,-0.102648,0.077151,0.309124,-0.008337,-0.173886,0.094983,0.279411,0.127294,-0.174858,-0.187409,-0.121421,-0.153143,0.121989,0.128302,-0.117888,-0.056938,0.093392,0.143271,0.207323,-0.09949,0.035701,-0.038043,-0.035428,0.058298,0.125181,0.189507,0.086045,0.182085,-0.238322,-0.124394,0.245542,0.218578,0.167239,0.048813,0.301701,0.194526,0.043352,0.049799,0.33456,0.098985,0.154659,-0.196972,0.151965,-0.012165,0.157095,0.025034,-0.041501,0.094363,2.4e-05,-0.043544,0.052727,0.322625,0.240221,-0.120658,0.018398,0.038715,-0.022995,-0.02314,-0.101854,0.093848,0.263494,-0.066045,-0.241961,0.131016,-0.229875,-0.086423,0.121043,-0.025228,-0.001271,0.207552,0.061288,-0.080255,-0.023028,-0.04052,-0.134897,-0.207666,0.025753,0.090082,-0.121055,0.266498,-0.015455,0.067133,-0.213107,-0.01488,-0.397136,-0.028173,0.144506,-0.136035,-0.233986,-0.137827,-0.087325,0.039504,0.033186,-0.126899,-0.021948,0.092197,0.050695,0.118729,-0.105663,-0.230424,0.274545,0.143153,0.219811,-0.009544,-0.102037,-0.062795,-0.057075,-0.138868,-0.003221,-0.027217,-0.086464,-0.068235,-0.1299,-0.059283,-0.025531,-0.030768,-0.203354,-0.240158,-0.237387,-0.027011,0.077788,-0.068774,0.000433,0.361169,-0.103943,0.107454,0.073999,0.033647,0.277012,-0.070331,0.083696,0.089233,-0.036705,-0.115312,0.122082,-0.028805,-0.075768,0.053688,0.135139,0.076085,0.056149,0.392181,0.203991,-0.076867,0.004734,0.011058,-0.009049,0.077605,0.213176,0.002956,0.092927,0.180613,0.008901,0.215955,-0.012349,0.121645,0.196697,-0.090374,-0.019249,-0.065392,-0.21206,0.123097,0.115129,-0.022283,0.10185,0.09902,-0.222908,0.037365,-0.319664,0.135759,0.131236,-0.051489,-0.007976,0.117094,0.148379,#
6,0.192968,0.166796,-0.103866,-0.300877,0.24876,0.183795,1.0,0.194399,0.578859,-0.115201,0.156831,0.110407,0.238831,0.005859,0.280146,-0.040805,-0.262445,0.000858,0.005135,0.110461,0.060935,0.348643,0.165668,-0.26411,-0.08487,-0.046877,0.000896,-0.244954,0.151053,0.162562,-0.463446,-0.087349,0.122503,-0.137802,-0.072496,0.081952,0.110343,-0.149054,0.011904,0.084278,0.154269,0.15499,-0.273782,-0.022797,-0.138569,0.01061,0.120301,0.375957,0.192575,0.186998,0.294626,-0.175753,0.017268,-0.115823,0.004738,0.110012,0.078773,0.085778,0.012741,0.257294,0.066575,0.191361,-0.123442,0.208707,0.285319,0.167556,0.000213,0.005102,0.179111,-0.208808,0.112728,-0.224567,0.082584,-0.208517,-0.375917,0.271518,-0.061166,-0.095195,-0.268203,-0.238513,-0.245141,-0.292194,-0.247892,-0.307587,-0.377235,0.037979,-0.165265,0.063401,-0.265996,-0.205938,-0.344631,-0.213514,-0.20477,0.120408,-0.382919,-0.02041,0.020621,-0.26237,-0.102339,-0.116128,-0.068744,-0.129426,-0.131384,-0.051617,-0.129031,-0.149402,-0.011241,-0.30897,-0.247276,-0.086944,0.1624,0.055584,-0.181105,-0.461525,0.033535,-0.147676,-0.297756,-0.159535,0.004736,-0.385637,-0.132474,-0.302427,-0.070685,-0.437281,-0.128577,0.039263,-0.143936,0.124017,-0.189352,-0.172663,-0.304522,-0.266431,-0.291252,-0.058885,-0.120597,-0.132752,-0.004606,-0.173691,0.021208,-0.237092,-0.238918,-0.147684,-0.178952,-0.176042,-0.162345,-0.103899,-0.369209,0.562214,0.052547,-0.446708,-0.073291,-0.265223,-0.260526,-0.188795,-0.28326,-0.053863,0.249193,0.30185,0.044277,-0.334529,0.301839,0.003051,-0.021113,0.021313,0.081118,0.400463,0.091031,0.122396,-0.080946,-0.103662,-0.105979,0.037424,0.014637,-0.184378,0.161707,-0.266114,-0.061097,0.252854,0.441599,-0.214637,0.229703,0.526996,-0.010591,-0.112629,0.336158,0.016497,0.05473,0.089324,-0.30977,0.350039,0.178377,0.11782,0.227261,-0.033387,-0.138991,0.070149,0.398842,-0.107238,-0.094021,0.028712,#
7,0.076545,0.1471,-0.296441,-0.297375,-0.109086,0.308054,0.194399,1.0,0.101806,-0.197725,-0.310276,-0.011839,-0.003561,0.208004,0.149058,-0.175645,0.030695,0.10286,-0.072167,0.032696,0.153684,0.459786,-0.051515,0.028916,-0.045602,0.148673,0.337747,0.199913,-0.234211,-0.074509,-0.120902,0.34361,0.267201,-0.003728,-0.068315,-0.022379,-0.067337,-0.438311,0.116576,-0.02778,-0.072921,0.084635,0.121914,-0.007519,-0.176976,0.064134,0.035728,0.091121,-0.1822,0.002161,0.158931,-0.119687,0.072296,-0.16141,-0.037653,0.083491,0.239295,-0.074637,0.189294,0.281578,0.016577,0.216252,-0.148075,0.327255,0.112394,0.264371,-0.124428,0.105091,0.095816,-0.349364,0.051711,0.11891,-0.171557,0.094963,-0.144272,-0.032287,0.066201,0.058906,-0.309216,0.099767,0.123798,-0.031251,0.057302,-0.20419,0.013786,0.271666,0.091352,0.099567,0.120209,-0.080376,-0.093044,0.018213,-0.037103,0.066393,-0.066453,-0.025987,-0.078583,0.051253,-0.150478,-0.237694,-0.075144,-0.130076,-0.005428,0.020639,-0.174076,-0.085374,-0.045766,-0.265071,-0.10971,-0.348702,-0.004826,0.066576,-0.237357,-0.095852,0.040941,0.093592,-0.058898,0.114755,-0.092052,-0.054076,-0.056548,-0.04194,0.045927,-0.158561,-0.024364,0.108519,0.111394,-0.2414,-0.008835,-0.018906,-0.326923,-0.083052,0.117182,-0.095719,0.158889,-0.002228,0.127306,-0.132226,0.02593,-0.22054,-0.202696,-0.225633,-0.143683,0.092101,0.062058,-0.09701,-0.089621,0.144452,0.071136,0.057665,-0.018622,-0.044586,0.040955,0.090702,0.189595,0.103953,0.154199,-0.108752,-0.19577,0.187533,0.095542,-0.096382,-0.060248,0.080467,0.256375,0.146483,0.101895,0.020357,-0.1615,0.172312,-0.063595,-0.020245,-0.104251,-0.055252,0.012577,-0.011887,-0.000399,-0.070205,0.144644,-0.269081,-0.025485,0.071504,0.080076,-0.092815,0.003894,-0.07551,0.019373,-0.000414,-0.021898,0.118547,0.195627,0.04276,0.105913,-0.249019,0.081603,0.223794,-0.127318,-0.105644,-0.09139,0.1456,#
8,0.341451,0.156538,-0.162762,-0.278301,0.147849,0.139313,0.578859,0.101806,1.0,0.011866,0.069854,0.195944,0.331235,0.058729,0.292107,-0.099981,-0.384585,0.210948,0.164022,0.018238,0.002002,0.197375,0.326296,-0.07244,0.134145,-0.299877,0.125121,-0.084761,0.406682,0.120359,-0.39956,-0.020441,0.257606,-0.010202,-0.248938,0.057614,0.117638,-0.20823,-0.055821,-0.01095,0.296339,-0.056031,-0.183029,-0.10714,-0.066275,-0.165215,0.321544,0.371236,0.136909,0.150163,0.112498,-0.223893,-0.034145,0.057808,-0.001997,-0.048085,0.090583,-0.142552,0.202652,0.103447,0.10129,0.071334,-0.155178,0.18904,0.110007,0.263755,0.090294,0.046995,0.294744,-0.073337,0.131616,-0.232244,-0.027467,-0.111153,-0.207757,0.121413,-0.102955,-0.085089,-0.241872,-0.399025,-0.060992,-0.362981,-0.213475,-0.218143,-0.203875,0.126774,-0.079192,-0.059188,-0.187729,-0.188921,-0.18772,-0.101973,-0.412743,0.383631,-0.303176,0.093387,0.059,-0.234109,0.016325,-0.173488,-0.065682,-0.144699,-0.082954,-0.127366,-0.003581,-0.078847,-0.199899,-0.191703,-0.225027,-0.046278,0.208783,0.083315,-0.162624,-0.254885,-0.014693,-0.349833,-0.280136,-0.068872,0.058677,-0.296501,-0.151261,-0.418032,0.110428,-0.512293,-0.089759,0.040482,-0.045598,0.158013,-0.022957,-0.305548,-0.188989,-0.233243,-0.040311,0.00326,-0.011787,-0.014359,-0.16242,-0.228131,0.140812,-0.115657,-0.095001,-0.187665,-0.360581,-0.195779,-0.256815,-0.095408,-0.257868,0.332235,-0.024559,-0.337513,0.008621,-0.255037,-0.139514,-0.240068,-0.103645,-0.152541,0.376446,0.446045,0.064489,-0.23536,0.122844,-0.063345,-0.060818,0.065023,-0.006715,0.312942,0.072712,0.014715,-0.183373,-0.067903,-0.203892,0.347762,-0.026441,-0.272291,0.208122,-0.291619,-0.181066,0.201558,0.278278,-0.347099,0.295091,0.317192,-0.050528,-0.141708,0.216849,-0.055357,0.125406,0.094522,-0.417685,0.230019,0.194499,0.01556,0.234314,-0.094418,-0.185903,0.035288,0.348508,-0.221373,-0.040509,0.020634,#
9,0.075677,0.248185,0.175911,0.025184,0.247384,-0.125961,-0.115201,-0.197725,0.011866,1.0,0.06867,-0.170489,0.178647,-0.036963,-0.075637,-0.013939,-0.285787,0.291908,0.130185,-0.030303,0.049097,-0.013379,0.174013,0.141007,-0.097268,0.087676,-0.032623,0.106576,0.015396,0.196068,-0.010194,-0.003334,-3.3e-05,0.252606,-0.068168,0.05812,0.054106,-0.08214,-0.133109,-0.161922,-0.025618,0.135406,0.106032,0.262658,0.243965,-0.315568,0.024161,0.274892,-0.000176,0.184731,-0.04961,-0.010469,0.064305,0.053363,-0.075115,-0.368733,-0.203765,0.018438,-0.107076,-0.211125,0.145093,-0.077327,-0.139479,-0.186234,0.015486,0.034034,-0.07995,0.183122,-0.071127,-0.097113,0.019383,-0.2075,0.002607,-0.129555,0.154997,0.233396,-0.232073,-0.483182,0.019745,-0.103138,-0.022039,-0.074165,-0.143894,-0.074658,-0.044564,-0.043473,-0.125059,-0.113026,-0.195634,0.040308,0.05609,-0.025914,-0.306448,0.091926,-0.187315,0.119321,0.133279,-0.003183,0.254662,-0.224953,-0.174036,-0.22065,-0.119286,-0.016242,-0.201741,-0.158645,-0.184892,-0.087381,-0.163627,-0.038017,0.362583,0.129906,-0.02556,-0.301857,-0.188688,-0.079099,-0.028887,-0.167891,0.277045,-0.321644,-0.038365,0.088368,0.165843,0.05995,-0.033597,-0.015591,-0.197301,-0.097951,-0.174272,0.11648,0.09141,-0.055983,0.07696,0.344605,-0.069915,0.13172,0.08288,-0.088804,0.14219,-0.180029,0.016202,0.157334,-0.054495,0.09287,0.021771,0.080686,0.1998,0.101597,-0.337204,0.181092,-0.392262,-0.068531,0.159618,0.043389,-0.136765,0.196888,0.196265,0.299242,-0.074769,0.046718,-0.233928,0.039739,-0.099453,0.174536,-0.078278,0.246487,-0.33374,-0.127885,0.133724,0.112425,0.10203,0.083202,0.015044,-0.193306,0.238984,0.024542,-0.127815,-0.06142,-0.088803,-0.019213,-0.025524,-0.103854,-0.354211,0.273225,-0.223904,0.052319,0.064569,-0.161687,-0.232465,0.199261,-0.014627,0.039654,-0.193629,0.044694,0.103582,-0.203117,-0.027795,-0.069435,0.12734,-0.077407,#
10,-0.10619,-0.275924,-0.018811,0.205402,0.054234,0.130272,0.156831,-0.310276,0.069854,0.06867,1.0,-0.034508,-0.227087,-0.130615,0.21736,0.248567,-0.020072,-0.2799,-0.11481,-0.013775,-0.106288,0.026875,0.005455,0.027239,0.072842,0.155172,0.016187,0.026851,0.180747,-0.200016,0.144768,-0.150764,-0.164025,0.00724,0.059641,-0.097132,-0.179475,0.10746,-0.037593,0.147527,-0.177487,-0.122764,-0.151852,0.133329,0.319723,0.043772,-0.174864,-0.191629,0.309084,-0.126449,0.002787,0.167424,-0.011675,-0.051519,0.061831,0.228307,0.047557,0.015097,-0.01067,0.057572,0.095317,-0.13829,0.185672,-0.089507,-0.031824,-0.126093,-0.087422,-0.322297,-0.424879,0.093765,-0.082201,0.012467,0.298048,0.074416,0.027182,0.145676,-0.064921,-0.005595,0.12984,-0.070702,-0.341509,0.147171,0.150401,-0.133071,0.006938,-0.049343,0.093845,-0.085036,-0.150101,-0.155453,0.05672,-0.215832,0.175885,-0.338008,0.113054,0.176576,-0.120865,-0.013807,-0.314332,0.127745,0.033542,0.134449,0.173183,-0.090287,0.106701,0.111267,-0.013535,-0.031738,0.153561,0.2545,-0.281055,-0.059845,-0.065764,-0.029623,-0.257755,-0.109884,0.07146,0.020692,-0.178308,0.104751,0.239494,-0.03946,0.272772,0.188333,-0.019973,-0.044241,0.10077,0.295112,-0.127447,-0.127037,0.19136,-0.173397,-0.256693,-0.217313,-0.052897,0.294386,-0.076778,-0.121176,0.068179,0.028238,-0.059341,-0.007222,-0.020987,-0.194466,-0.040258,0.085747,-0.0253,-0.245881,0.221336,-0.010159,0.141472,0.129128,-0.287243,-0.09308,-0.107085,-0.126754,-0.253897,0.042084,0.211105,-0.010227,-0.111251,-0.110916,0.089509,-0.352112,-0.369861,-0.037134,0.036516,0.127603,0.271575,-0.262065,0.077938,-0.206697,-0.185956,0.091528,0.028938,-0.121571,-0.131956,0.093917,-0.05874,0.090022,0.098877,0.324504,0.110441,0.265907,-0.14699,-0.135329,0.011006,-0.025772,0.250121,-0.100755,-0.19178,0.1743,-0.066052,-0.094296,-0.052136,-0.14357,0.075829,0.13325,-0.093016,-0.020746,#
11,0.234001,0.022607,0.143124,-0.212566,0.073764,-0.065582,0.110407,-0.011839,0.195944,-0.170489,-0.034508,1.0,-0.0959,-0.252199,0.01028,0.177547,0.062087,-0.178763,-0.318216,-0.110917,-0.346018,0.023013,0.016367,-0.061051,-0.017652,0.093282,-0.013561,-0.299723,0.081603,0.153536,-0.333626,0.105972,-0.068893,-0.025905,0.106485,0.050652,-0.244266,0.023226,-0.055521,0.015203,0.033696,-0.031361,-0.207341,-0.346095,0.006789,-0.076275,-0.100503,0.033147,-0.136513,0.089267,-0.247505,-0.155547,-0.030438,0.090341,0.072452,-0.048969,-0.264612,-0.024485,-0.094689,0.252916,-0.113168,-0.145324,-0.09737,-0.060739,0.312084,-0.212648,-0.140812,-0.028539,-0.001891,0.004637,0.050312,-0.20824,0.117488,-0.157947,-0.438854,-0.046982,-0.218819,0.021132,-0.213397,-0.054678,-0.067416,-0.263974,-0.230232,0.05963,-0.176391,0.002901,-0.135118,-0.217656,-0.042175,-0.289367,-0.007005,-0.191355,0.014125,-0.156649,-0.190169,-0.024649,-0.101571,-0.24201,-0.306299,0.090203,0.045654,-0.133986,-0.157936,-0.153735,-0.206667,-0.142374,0.096355,0.05671,-0.161919,0.174158,-0.15115,0.024506,-0.30386,0.084494,-0.069039,-0.324226,-0.154435,-0.039144,-0.394632,0.115983,-0.106445,-0.314757,-0.209284,-0.001551,-0.129237,-0.126242,-0.018138,-0.271978,-0.027096,0.042795,-0.151634,-0.060166,-0.146716,-0.125516,-0.144273,-0.066817,0.055022,-0.337525,-0.001558,-0.146849,0.079276,0.107376,-0.031109,-0.300482,-0.446463,-0.184,-0.161303,0.035047,-0.213813,-0.125349,-0.101721,-0.27694,-0.006542,-0.150118,-0.244442,-0.32039,-0.121816,-0.012163,0.038452,-0.038182,0.128456,-0.128357,-0.040039,-0.215583,-0.163309,-0.020973,0.074426,0.082956,0.068742,-0.404357,0.180039,0.004914,-0.085697,0.093861,0.147205,-0.330297,-0.243854,0.040572,-0.101127,-0.115626,0.275403,-0.044614,0.219691,0.225509,0.270567,-0.009461,0.044204,0.039269,0.079243,0.092046,-0.002605,0.201442,0.16442,0.063453,-0.167265,0.252934,0.251209,-0.142815,-0.050256,-0.154527,#
12,0.263824,0.215032,-0.070027,-0.096631,0.18901,-0.213477,0.238831,-0.003561,0.331235,0.178647,-0.227087,-0.0959,1.0,0.178047,0.075371,-0.26442,-0.222747,0.388815,0.145992,0.162915,-0.016668,0.130482,0.367742,-0.133046,-0.191512,-0.227366,0.068155,-0.174233,0.324418,0.048307,-0.402052,-0.104854,0.12477,-0.074199,-0.020159,-0.021616,0.216422,-0.187422,-0.006849,-0.214008,0.353003,0.35091,-0.009151,-0.198556,-0.081031,-0.171655,0.451983,0.375037,-0.056561,0.09593,0.122428,-0.194216,0.145823,0.065792,-0.080329,-0.023487,0.060551,-0.018075,0.059507,-0.093596,0.089855,0.190792,-0.115329,0.030967,0.150674,0.307887,0.194676,0.14832,0.225027,-0.106246,0.229192,-0.054623,-0.176235,-0.093628,-0.108342,0.28609,-0.012872,-0.298341,-0.085119,-0.294748,-0.044591,-0.268825,-0.371561,-0.170137,-0.01401,0.150564,-0.211121,0.09972,-0.052069,0.068766,-0.307747,-0.015422,-0.40385,0.309762,-0.195968,-0.046994,0.304041,-0.068818,0.176863,-0.406046,0.181992,-0.170928,-0.199195,-0.179453,-0.264278,-0.007682,-0.099174,-0.100975,-0.368408,0.014759,0.452849,-0.157315,0.004798,-0.333408,-0.005765,-0.18815,-0.499284,0.04188,0.278504,-0.373665,-0.016475,-0.452546,0.040221,-0.306834,0.004466,0.148413,-0.431957,0.057181,-0.03228,-0.043347,-0.102412,-0.142442,-0.009324,0.133955,-0.09502,-0.093294,-0.029542,0.032472,0.03998,-0.209553,-0.261149,-0.133297,-0.061304,0.005285,-0.137152,-0.097847,-0.3109,0.439911,-0.197495,-0.088892,-0.160378,-0.359964,0.110987,-0.137304,-0.004124,0.162018,0.411527,0.309988,-0.102743,-0.279021,-0.079459,-0.106793,-0.212595,0.186692,0.206107,0.116968,-0.001822,-0.141105,-0.192746,0.040526,-0.020397,0.196414,0.160056,-0.154852,0.177763,0.192734,0.066718,0.195743,0.255873,-0.347487,0.088928,0.075393,-0.224087,-0.322997,0.179559,-0.006404,0.392796,0.021566,-0.535823,0.296617,0.211344,-0.009821,0.08669,0.033211,-0.119053,-0.031684,0.245813,-0.199188,-0.10086,0.022996,#
13,0.20688,0.249598,-0.092237,-0.165115,0.040165,0.340569,0.005859,0.208004,0.058729,-0.036963,-0.130615,-0.252199,0.178047,1.0,0.118376,-0.069061,-0.08776,0.231627,0.343571,-0.00772,0.02216,0.160685,0.426676,-0.106336,-0.278272,-0.393492,0.201292,0.363513,0.221514,0.008249,-0.155951,0.242089,0.22316,-0.240726,-0.070058,0.005409,-0.020374,0.029182,0.064277,-0.250221,0.091415,0.190873,0.209201,0.33544,-0.243732,-0.364024,0.251858,0.26632,0.01358,0.05887,0.198681,0.128643,0.059541,-0.081018,-0.200114,-0.138724,0.091128,0.030026,0.036406,-0.015171,0.22619,0.174555,-0.097742,0.204589,0.188655,0.458166,0.063538,0.356082,0.262331,0.10331,-0.044911,-0.122479,0.040521,-0.136168,-0.192276,0.307037,-0.009082,-0.064112,-0.200375,-0.120963,-0.214202,-0.265576,-0.206421,0.086543,-0.039007,0.056839,0.031313,-0.010681,-0.033526,-0.164999,-0.157332,-0.104294,-0.262853,0.213594,-0.032969,-0.216604,0.040452,-0.077523,0.002958,-0.385444,-0.036575,-0.000656,-0.127032,-0.153177,-0.098908,-0.136614,-0.150432,-0.373678,-0.148952,-0.076845,0.307356,0.161151,-0.096116,-0.141612,-0.060043,-0.063414,-0.311909,-0.074377,0.16837,-0.15316,-0.020655,-0.204126,-0.072261,-0.173825,0.099332,0.132936,-0.292874,-0.050937,-0.077444,-0.133261,-0.219605,0.066679,-0.270026,0.14458,-0.156848,-0.264766,-0.023974,-0.217653,0.083051,-0.071061,-0.251465,-0.158627,-0.210081,-0.237665,-0.140372,0.152812,-0.184472,0.166899,0.047935,-0.067574,-0.151645,-0.128959,-0.062322,-0.097108,-0.101798,0.18874,0.35861,0.297756,-0.247273,-0.044092,-0.120213,-0.23082,0.045197,0.246119,0.093313,0.115333,0.202328,-0.013293,-0.229348,0.168786,-0.070634,0.155566,-0.076478,-0.201284,0.219574,0.123799,-0.009815,-0.08492,0.382718,-0.316557,0.094891,-0.10596,-0.257549,-0.027482,0.166463,0.003703,0.148294,-0.237804,-0.12218,0.257707,-0.008049,-0.053936,0.268397,0.136025,0.155905,0.111574,0.303422,-0.228208,-0.04184,0.079455,#
14,-0.002858,0.227667,-0.264311,-0.154222,0.110377,0.226227,0.280146,0.149058,0.292107,-0.075637,0.21736,0.01028,0.075371,0.118376,1.0,-0.084347,-0.029212,-0.04839,-0.096011,-0.074784,0.112313,0.238018,0.135343,0.127052,-0.026256,0.070051,-0.010085,0.233113,0.286903,-0.042894,-0.183527,0.142829,0.155134,-0.019356,-0.2827,-0.0534,-0.129508,-0.106658,0.450816,0.15201,-0.176951,0.22656,-0.259717,0.054875,-0.191687,0.254172,0.138005,-0.097695,0.143824,0.136263,0.121901,-0.031653,-0.160779,-0.185742,0.054324,0.141793,-0.091208,0.118476,-0.299242,0.315424,0.137198,0.366448,-0.248013,0.427093,0.164396,0.157393,-0.045138,0.082098,0.052769,-0.167403,0.065093,-0.107399,0.241529,-0.127025,-0.369529,-0.061513,0.022236,-0.007487,-0.157219,-0.393896,-0.259018,-0.115316,-0.092975,-0.221644,-0.354701,0.023442,-0.088152,-0.18157,-0.363723,-0.204826,-0.139664,-0.118906,-0.135903,0.053551,-0.126621,-0.034909,-0.063136,-0.094453,-0.066403,-0.218044,0.152416,-0.063556,-0.267983,-0.149935,-0.115012,-0.004364,-0.257107,-0.101704,-0.160117,-0.172598,-0.163565,-0.089735,-0.242619,-0.070927,-0.273746,-0.176467,-0.225992,-0.225816,-0.210428,-0.138002,-0.15761,-0.221197,-0.145847,-0.197601,0.178179,-0.194829,-0.012934,-0.003656,-0.413183,-0.27285,-0.093645,-0.387438,-0.17746,-0.075724,-0.169331,-0.00691,0.032416,-0.247038,0.159383,-0.014358,-0.16506,-0.218382,-0.39146,-0.065441,-0.146991,-0.275083,-0.141549,0.039506,-0.002497,-0.302547,-0.021972,0.04845,-0.180569,-0.054901,-0.195242,-0.005689,0.280403,0.269514,-0.284634,-0.026056,-0.03964,-0.030831,-0.025448,-0.214394,-0.224398,0.233073,-0.029696,0.117111,-0.03268,-0.139131,0.115657,0.068939,-0.096594,-0.152715,0.307954,-0.201043,-0.165371,0.053725,0.143318,-0.255081,0.176473,0.363653,0.290683,0.070439,0.069003,-0.051378,0.070253,0.072494,-0.007334,0.156424,-0.13531,0.412212,-0.025741,-0.152807,-0.221721,-0.123146,0.068118,-0.255713,-0.043927,0.153303,#
15,-0.067003,-0.1341,-0.161383,-0.167363,-0.275751,0.085025,-0.040805,-0.175645,-0.099981,-0.013939,0.248567,0.177547,-0.26442,-0.069061,-0.084347,1.0,0.086666,-0.218488,0.314516,0.051102,-0.06715,0.199348,-0.16667,0.047812,-0.156834,-0.038363,-0.098245,0.103657,-0.027087,-0.156271,-0.044099,0.055687,-0.150021,0.148827,0.346443,0.109008,-0.147007,0.290121,-0.189198,0.060675,0.027161,-0.193637,0.024014,-0.078714,0.153555,0.136817,-0.281837,-0.211767,0.12873,-0.047298,0.122519,0.115169,-0.185554,0.04121,-0.159744,0.084248,0.131608,-0.061445,-0.011554,0.058314,0.083792,-0.251103,0.202649,0.085368,0.249683,-0.214661,-0.133266,-0.108135,-0.007811,0.11765,-0.08162,-0.060658,0.163367,-0.118801,0.088188,-0.088165,-0.164721,-0.041308,0.202363,-0.0342,-0.212422,0.040189,0.041868,-0.008106,0.149792,0.009713,-0.039792,-0.363408,-0.008656,0.141626,0.317944,-0.174461,0.22301,-0.376068,0.083254,-0.032007,-0.155988,-0.313407,-0.444946,0.036235,0.142853,0.088823,-0.135523,0.009062,0.144799,0.1759,-0.046881,0.015043,0.019078,0.08217,-0.323314,-0.047857,0.097436,0.177188,-0.190482,-0.066508,0.095931,0.166277,-0.15864,0.23333,0.117566,0.191852,0.065535,0.215576,0.024691,-0.072831,0.226744,0.049691,-0.005787,-0.096328,-0.010828,0.116426,0.087597,-0.004215,-0.082645,-0.001078,-0.228074,-0.230418,-0.175,-0.097714,0.054833,0.04251,-0.179425,0.099696,-0.138597,0.133186,-0.085388,-0.184655,-0.17076,-0.14203,0.073472,0.103505,-0.162151,0.051424,-0.137188,-0.085171,-0.446034,-0.039571,-0.004813,0.023637,-0.252386,-0.084038,-0.053998,-0.189476,-0.206711,-0.004535,-0.020719,0.059884,0.02107,0.042354,0.016197,0.189152,-0.138361,0.176343,-0.088699,-0.23422,0.009064,0.135158,-0.356261,0.054345,0.205162,0.141342,0.139386,0.308711,-0.050831,-0.031072,0.031934,0.089239,0.321537,-0.061523,-0.325275,0.04008,0.060392,0.184454,-0.139059,0.232932,0.212186,0.189061,-0.050035,-0.227176,#
16,0.07382,-0.099842,0.017843,0.070436,0.195199,-0.038161,-0.262445,0.030695,-0.384585,-0.285787,-0.020072,0.062087,-0.222747,-0.08776,-0.029212,0.086666,1.0,-0.272272,-0.274278,-0.374623,-0.338194,-0.069517,-0.254027,0.158621,-0.179358,-0.146275,-0.246992,-0.00635,-0.110485,-0.237727,0.132196,-0.031555,-0.024646,-0.133963,0.062302,0.018453,-0.289083,0.083373,-0.046275,0.078259,-0.214632,-0.148245,0.005426,0.089345,-0.034637,0.197477,-0.192674,-0.389254,-0.13689,0.005342,0.132809,-0.034708,-0.106524,0.011219,0.143979,-0.061784,-0.154603,0.209861,-0.197295,0.056299,-0.075465,-0.136682,0.037268,0.055887,0.155154,-0.074579,0.136148,-0.105941,-0.176733,-0.110556,-0.378785,0.16006,0.142741,-0.180616,-0.114919,0.20055,0.00357,0.010575,0.056464,0.084852,-0.295412,0.154373,0.07915,0.254504,0.017357,-0.236003,-0.053542,-0.331787,-0.001055,-0.226287,-0.004716,-0.212767,0.247146,-0.462506,0.05948,-0.229577,-0.148076,0.073233,-0.331544,0.03112,0.301007,-0.106837,0.076511,-0.032767,-0.06032,-0.13409,0.22702,-0.048696,-0.083334,0.26899,-0.442025,-0.085042,-0.121193,0.125217,-0.247401,0.191274,0.149559,-0.223685,-0.365026,0.473386,-0.208309,0.219842,-0.392384,0.253954,0.164848,-0.250952,-0.078972,0.02388,-0.138349,-0.00604,-0.155431,0.146853,-0.074023,-0.198523,0.032617,-0.214589,0.227365,-0.2904,-0.563201,-0.05517,-0.086817,0.1635,0.049753,0.143664,-0.038904,-0.232999,-0.039917,-0.198291,-0.127899,0.074916,0.172181,0.228789,-0.286151,-0.117165,-0.167848,-0.33035,-0.355213,-0.1318,-0.136507,-0.128467,0.00724,-0.035122,-0.092882,-0.366099,-0.120467,-0.117393,-0.021827,-0.102639,0.164935,0.027755,0.399582,-0.020895,-0.234047,0.109882,-0.348286,-0.070619,-0.209373,-0.155201,-0.189962,0.224864,-0.019968,-0.098328,0.656958,0.08719,0.073847,-0.099633,0.026524,0.174068,0.39939,-0.159543,-0.11064,0.203221,0.107518,0.284674,-0.066338,0.217648,-0.099822,0.047406,-0.387543,0.187214,#
17,0.185696,0.342589,0.008866,-0.019538,0.072737,-0.068033,0.000858,0.10286,0.210948,0.291908,-0.2799,-0.178763,0.388815,0.231627,-0.04839,-0.218488,-0.272272,1.0,0.18105,0.125204,0.255598,0.042688,0.407508,0.049961,0.058601,-0.142867,0.156182,0.194243,0.065078,0.05833,-0.178814,-0.03097,0.211405,0.210198,-0.123008,-0.160467,0.258839,-0.181387,0.067503,-0.270251,0.046597,0.240935,0.43646,-0.002215,-0.08331,-0.315278,0.383217,0.22863,-0.051431,-0.075543,0.301052,0.038274,-0.136336,0.040321,-0.120518,-0.173464,-0.048337,-0.108064,0.124787,-0.159675,0.004816,0.199349,-0.261338,-0.01626,-0.061783,0.286675,0.093096,0.292088,0.341308,0.048728,0.084126,-0.014139,-0.419248,0.064972,0.117193,0.189128,-0.04742,-0.156287,-0.148331,-0.17924,0.092413,-0.169532,-0.220568,0.056037,-0.029185,0.218475,-0.216352,0.188266,0.1424,-0.074608,0.030874,-0.007642,-0.247555,0.420264,-0.050659,0.01881,0.207515,0.133728,0.134583,-0.368702,-0.193525,-0.315452,-0.142808,0.113433,-0.005212,-0.052964,-0.261055,-0.162991,-0.254522,-0.167584,0.362236,0.137315,0.227275,-0.13213,0.107161,0.033752,-0.334327,-0.162494,0.254564,-0.408023,-0.216998,-0.247065,-0.008146,-0.308439,-0.111126,0.18821,-0.052344,-0.038071,0.037142,-0.181626,0.048505,-0.106018,0.183606,-0.020835,0.039977,-0.120088,-0.018714,0.102776,0.296439,-0.150608,-0.141129,-0.02123,-0.009242,-0.172044,-0.141991,0.128595,0.005648,0.262366,-0.256246,0.061838,-0.310948,-0.111628,0.123598,0.008931,-0.109343,0.132785,0.562187,0.167287,-0.307016,0.043453,0.032515,0.15524,0.140432,0.540579,0.100288,0.375593,0.075743,-0.087586,-0.406812,0.071999,-0.158428,0.327438,0.047017,-0.215175,0.004572,0.012989,0.097892,0.117417,0.259046,-0.138621,-0.112442,-0.15947,-0.397107,-0.20487,0.110666,0.078806,0.148181,0.091134,-0.424561,0.28848,0.012148,-0.018151,-0.046766,-0.08462,0.041894,-0.042346,-0.010606,-0.228459,0.155826,-0.155326,#
18,0.179326,0.26137,-0.049463,0.023692,-0.041405,-0.088519,0.005135,-0.072167,0.164022,0.130185,-0.11481,-0.318216,0.145992,0.343571,-0.096011,0.314516,-0.274278,0.18105,1.0,-0.080567,0.33325,0.053833,0.044738,0.003679,-0.306147,-0.255632,0.01916,0.194735,0.138297,0.011749,-0.033026,-0.037015,0.024996,0.062902,-0.066085,0.068939,0.25334,0.245106,-0.156537,-0.188608,0.21627,-0.260284,0.118859,0.100064,-0.225576,-0.227675,0.127473,0.011953,0.19461,-0.078191,-0.00686,0.208944,-0.097228,0.058665,-0.133681,-0.158004,0.034065,-0.177867,0.015784,-0.293476,0.122855,0.077892,0.068599,0.004271,-0.059116,0.066254,0.129601,-0.010708,0.098041,0.191248,-0.160356,-0.046243,-0.043253,-0.001991,0.195019,-0.075633,-0.067734,-0.149143,0.174878,-0.08296,-0.053781,0.009584,0.054757,0.092893,0.104031,-0.011098,0.025618,0.061838,-0.001299,0.345439,0.297507,0.025374,-0.187505,0.110942,-0.001139,0.047856,0.04297,-0.07779,0.05037,-0.096198,0.045502,-0.069933,-0.11211,0.015895,-0.137613,0.149925,-0.340669,-0.054089,-0.002591,-0.086617,0.104527,0.059379,0.223704,0.023279,0.004709,-0.035547,0.086732,0.137539,0.329564,-0.204881,0.035383,0.119528,0.19091,-0.021793,-0.025094,0.172597,-0.044454,0.128099,0.136463,-0.033439,0.111391,0.112415,0.070574,0.180569,-0.049927,0.036782,-0.233563,-0.026026,-0.019096,0.019232,-0.017965,-0.102852,-0.312899,0.098711,0.171529,0.267704,0.134403,0.164669,-0.189641,-0.053951,-0.108145,-0.062726,0.11765,0.018754,0.088274,0.047851,0.047609,0.265183,0.04024,-0.079233,-0.224571,0.081652,-0.147395,0.097273,0.205459,0.054796,-0.007933,-0.127906,-0.084956,0.341362,-0.399302,0.321713,0.053084,-0.019598,-0.015511,0.17591,0.109875,0.136788,0.005019,-0.239429,-0.004767,-0.014955,-0.18199,-0.129575,0.091656,0.022975,0.108893,0.01724,-0.112579,0.040029,-0.100582,-0.104559,0.116671,0.124004,-0.128041,-0.051862,0.157871,-0.146731,0.047433,-0.119414,#
19,-0.292499,-0.202117,-0.177645,-0.007678,-0.239697,0.104953,0.110461,0.032696,0.018238,-0.030303,-0.013775,-0.110917,0.162915,-0.00772,-0.074784,0.051102,-0.374623,0.125204,-0.080567,1.0,0.078621,0.281655,0.035571,-0.050362,0.2047,-0.036154,0.267418,-0.07678,-0.186,-0.106576,0.0244,0.020024,0.224232,0.157272,0.164744,-0.207707,0.040516,0.211547,-0.037633,0.013551,0.320121,0.294668,-0.117378,-0.273343,0.109683,0.043357,0.133268,0.24781,0.223038,-0.038154,0.135502,-0.007646,-0.197537,-0.034464,-0.252214,0.301442,0.122308,-0.040144,0.279365,-0.039463,0.010833,-0.000137,0.088688,-0.00708,-0.030015,0.015674,0.119105,0.241808,0.177887,0.137359,0.207923,0.00755,0.033476,0.19922,0.304718,-0.221331,0.279932,0.184706,0.142879,0.125399,0.244542,0.250476,0.175092,-0.462308,0.334062,0.214879,0.005382,0.371837,0.125205,0.203827,0.090606,0.147246,-0.051435,0.253746,0.303548,0.292409,0.374743,0.186468,0.213089,0.015089,-0.043836,0.152789,0.09954,0.181773,0.272294,0.154225,0.011269,0.055688,0.16036,-0.129654,0.398995,-0.239506,0.229158,-0.082774,0.203511,0.171518,0.099165,0.202943,0.164439,-0.054031,0.25041,0.027868,0.287183,-0.130009,-0.037455,0.361848,0.047448,0.112621,0.193057,0.216544,0.037236,0.193368,0.117834,0.022968,0.23811,0.154629,-0.239476,0.390421,0.0565,0.214978,0.310118,-0.153698,0.120014,0.026813,-0.121573,0.077968,-0.06686,-0.069398,0.216557,0.031867,0.193629,-0.043098,0.337921,0.387311,0.268998,0.488775,0.201214,-0.391597,0.39795,0.233641,0.055116,0.048361,0.04097,0.466373,0.170513,0.102018,0.329655,0.292175,-0.339754,0.172438,-0.317595,-0.13746,0.319635,0.03607,-0.111629,0.349028,0.433192,-0.122302,0.064384,0.126253,-0.181598,0.029758,-0.356798,-0.182791,-0.206116,0.030609,0.051527,0.062065,-0.298208,-0.124807,-0.005178,-0.237565,-0.119726,-0.37667,0.015704,-0.224287,-0.054923,0.22358,0.139351,-0.028984,#
20,-0.199205,0.138818,-0.034745,0.118959,-0.11087,-0.019633,0.060935,0.153684,0.002002,0.049097,-0.106288,-0.346018,-0.016668,0.02216,0.112313,-0.06715,-0.338194,0.255598,0.33325,0.078621,1.0,-0.030347,-0.210487,0.01341,0.012644,0.131943,-0.079894,0.051968,-0.01161,0.149709,-0.039565,-0.190457,0.02938,0.144683,-0.154387,-0.024711,0.054829,-0.012665,0.188815,-0.062414,-0.047472,-0.14314,0.095024,0.102623,-0.008477,0.171944,0.002014,0.000435,0.051149,-0.260978,-0.039187,0.082865,-0.245609,0.178159,-0.242089,0.11337,0.15564,-0.10806,0.002241,-0.033334,0.066548,0.233668,-0.03263,-0.090646,-0.16625,0.048448,-0.162329,0.229939,0.065257,-0.150778,-0.050386,0.130213,-0.148783,0.271573,0.285469,0.008517,0.237662,0.159358,0.022248,-0.085657,0.179414,-0.021626,0.154004,-0.186495,0.055658,-0.00353,0.068534,0.280366,0.072699,0.243295,0.270699,0.096718,0.170742,0.135018,-0.120071,0.226172,0.225219,0.050774,0.098863,0.195984,-0.128294,-0.000764,0.016168,0.057331,0.021853,0.028749,-0.242268,0.120308,0.145509,-0.45726,0.14002,-0.052137,0.037098,-0.011973,0.279052,0.219378,0.111928,0.202914,-0.113705,-0.077116,0.103485,0.307554,0.187239,-0.046815,0.150203,0.08461,0.2222,0.107415,0.080594,0.218269,0.286744,-0.11105,0.123797,-0.081282,0.195214,0.259716,-0.1997,0.266471,0.136327,0.240798,0.039628,-0.075152,-0.046927,-0.031708,0.398009,0.040546,0.325805,0.069922,0.069174,-0.066155,-0.087851,0.213549,0.348662,0.079256,0.148699,0.233649,0.211551,-0.020368,0.043556,-0.006846,0.062406,0.073716,0.173535,0.145794,-0.057906,0.204626,-0.020638,-0.225314,-0.04257,0.229539,-0.311812,-0.036907,-0.071938,0.139764,0.058144,0.060193,0.082133,0.10285,-0.007032,-0.083092,-0.060347,0.001756,-0.13083,0.036654,0.015803,-0.003342,0.042904,0.140232,0.035276,0.010527,0.174761,0.147937,-0.283209,-0.299556,-0.085748,-0.028891,-0.21215,-0.0985,0.265934,0.027227,#
