0,1.0,0.096091,-0.164695,-0.174803,0.244385,0.210912,0.15459,-0.042015,-0.183627,0.11551,0.183793,-0.033257,0.269388,0.157658,0.036227,0.092867,-0.024149,-0.421524,0.291269,-0.225586,0.196186,0.148597,0.228794,-0.167336,-0.035329,-0.384391,-0.170473,-0.154488,0.221797,0.046612,-0.014154,-0.023269,0.272827,-0.236175,0.172205,0.163189,0.25706,-0.131214,-0.078771,-0.02193,0.070631,0.202286,-0.045187,0.050596,-0.018617,-0.017367,-0.038559,0.044303,-0.088937,-0.045691,0.058843,-0.197312,0.138545,0.024923,0.357758,0.072389,-0.187196,-0.005727,-0.149783,0.214421,0.32987,0.132472,-0.110148,0.232333,-0.134991,0.020447,-0.191113,0.292223,-0.116581,-0.217156,-0.063366,0.092541,-0.026026,-0.210204,-0.380047,0.283995,-0.250187,-0.115302,-0.319926,-0.035619,0.0747,-0.314289,-0.103424,-0.191532,-0.149302,-0.136765,-0.197549,-0.089568,-0.217413,-0.351269,-0.285631,-0.284523,-0.014643,-0.363851,0.015557,-0.351952,-0.42684,-0.228333,-0.194456,0.023435,0.166552,-0.003383,-0.167308,-0.277532,0.000515,-0.332566,0.013473,0.086637,-0.169876,-0.100799,0.048548,0.215165,-0.399637,-0.237912,-0.028018,0.050613,-0.336024,-0.206261,-0.233977,0.051712,-0.364882,-0.02966,0.000152,-0.282571,-0.128138,-0.070921,-0.060423,0.111732,-0.104918,0.052031,-0.040316,-0.378072,-0.213674,0.214071,-0.277741,-0.028161,-0.136155,-0.063603,0.268166,-0.177731,-0.216301,0.186603,-0.056776,0.004352,-0.111519,-0.095367,-0.245442,0.10752,-0.289912,-0.33498,-0.118942,-0.145241,-0.355049,-0.283341,0.296831,-0.192296,0.136407,0.063785,-0.335249,-0.172313,0.047825,-0.275347,-0.067207,-0.073083,-0.031496,-0.121743,-0.109037,0.142964,-0.154176,-0.276515,0.140283,0.153714,-0.166758,0.099868,0.028809,-0.111705,-0.134386,-0.019511,0.038744,-0.089231,0.032291,0.029207,0.078472,0.451514,0.229483,0.005123,0.249265,-0.103457,0.039319,0.238714,-0.14553,0.152167,0.419762,-0.042566,-0.102222,0.351529,0.161135,-0.192795,-0.189139,0.05881,#
1,0.096091,1.0,-0.009509,-0.11591,0.010547,0.126906,0.326493,0.126409,-0.092134,0.335205,-0.141385,0.030019,0.124237,0.217655,0.309397,0.146532,0.012883,0.143325,0.195276,-0.015021,0.089135,0.075675,0.267728,-0.154348,0.058992,-0.236572,-0.090528,-0.034428,-0.139473,0.084142,-0.165497,0.045285,0.229254,-0.182756,-0.244464,0.228128,0.086363,-0.256271,0.070243,0.085799,-0.013554,0.19073,-0.145025,0.073849,0.368543,-0.200307,0.099266,-0.150813,0.109059,0.361577,0.118014,0.015872,0.068581,-0.113516,0.01701,-0.124136,-0.023129,-0.313406,-0.239384,-0.236016,0.171488,0.123086,-0.172745,-0.120408,0.26174,0.174928,-0.132601,-0.112599,0.021753,-0.154911,0.03302,-0.051984,0.146225,-0.289181,-0.130639,0.111157,-0.338989,-0.323613,0.084422,0.037011,0.036615,-0.199391,-0.104703,-0.011347,-0.162655,-0.172543,-0.189372,-0.236656,-0.06174,-0.197759,-0.167912,-0.093431,-0.260319,-0.072254,-0.105712,-0.10065,0.036226,0.120369,0.301352,-0.021152,0.063105,0.095028,-0.140626,-0.276683,-0.338075,-0.165547,-0.135279,0.008122,-0.352821,-0.249123,0.163171,0.321675,-0.192148,-0.036622,-0.175451,-0.075582,-0.125071,-0.152207,0.211415,-0.31349,-0.237442,-0.351164,-0.458895,-0.102184,-0.267727,-0.285396,0.165395,0.102529,-0.274904,-0.065073,0.022624,-0.021616,-0.217006,-0.089999,-0.208494,-0.338209,0.076209,-0.040223,0.043174,-0.192328,-0.034982,-0.175297,-0.128873,-0.177505,-0.059938,-0.002866,-0.286161,0.277473,-0.125001,-0.128859,-0.24787,-0.293581,-0.019853,-0.080932,-0.06245,-0.084116,0.199272,0.075782,-0.170539,-0.028294,-0.001989,-0.079644,-0.012746,0.26268,0.055522,0.336952,0.060559,0.111062,-0.335941,-0.385398,0.044051,0.137464,-0.049875,-0.105836,0.108436,-0.174026,-0.105374,0.122804,0.197723,-0.390654,0.225791,-0.020938,-0.198236,0.046061,0.244202,-0.189251,0.264252,-0.176994,-0.187268,0.34759,0.017733,0.073624,0.174908,0.304013,-0.17537,-0.078812,0.163984,-0.040181,0.234675,-0.04436,#
2,-0.164695,-0.009509,1.0,0.093699,-0.136488,-0.1695,0.057676,-0.052408,0.181117,-0.006395,-0.037079,-0.038368,-0.145889,-0.025257,-0.161943,-0.055242,-0.264809,0.308693,-0.091587,0.16114,0.010035,0.230517,-0.089684,0.098744,0.181677,0.122845,0.410989,0.087075,-0.017324,-0.136042,0.062239,0.179563,-0.145911,0.056645,-0.061019,0.062233,0.050091,0.182538,0.064465,-0.226282,0.174614,0.106624,0.086058,-0.04862,0.006071,-0.266803,-0.03193,0.200718,-0.044608,-0.146338,-0.111007,-0.071699,0.24681,-0.100153,-0.27392,-0.134782,-0.107333,-0.294788,0.037989,0.033888,-0.114521,-0.17053,-0.001844,-0.263552,0.134741,-0.109793,0.175691,0.095668,0.089085,0.343356,0.123295,0.179553,-0.058272,0.222077,0.140362,-0.131682,0.10251,-0.115282,0.083284,0.115639,0.237445,0.178285,0.060192,0.182306,-0.080832,0.12697,0.075714,0.058434,0.197081,0.161444,0.09067,0.041354,0.265069,0.211598,0.156983,0.158601,0.421945,0.098247,0.210673,0.158827,-0.118986,0.127322,0.077423,0.157456,0.150246,0.350099,-0.063069,0.128448,-0.077009,-0.086259,0.138758,-0.064528,0.180458,0.20761,0.420334,-0.052252,-0.04573,0.055139,0.055056,-0.011162,0.210049,0.118275,-0.049584,0.034248,0.048731,0.117609,0.197208,-0.018283,0.11983,0.18207,0.465117,0.065694,0.181296,0.037405,0.224032,0.090551,-0.108973,0.323132,0.200465,0.270999,0.107078,0.133389,0.077453,-0.108965,0.001487,0.148939,0.011692,-0.050988,0.192165,0.329046,0.049688,0.043031,0.303761,0.179996,0.102824,0.198022,0.046424,0.033595,0.283263,0.127369,0.405482,0.156974,0.049699,0.227428,0.137213,-0.316126,0.098198,-0.027837,0.030257,0.212662,-0.236965,-0.167305,-0.080027,0.164765,-0.262325,0.281501,0.169044,-0.067524,0.020758,-0.133269,0.035213,0.052243,-0.229855,-0.248565,-0.281073,0.336482,0.095761,0.292096,-0.076249,-0.157615,0.184654,-0.247339,-0.271441,0.356075,-0.319093,0.040131,-0.103307,0.207864,0.275705,-0.016686,#
3,-0.174803,-0.11591,0.093699,1.0,-0.142758,-0.203167,-0.242093,-0.220863,-0.246804,-0.350728,0.036286,-0.163027,-0.339873,-0.345948,-0.241843,-0.142567,0.145515,0.135743,-0.157376,0.037785,0.078582,0.039529,-0.34118,0.027805,0.096211,0.321386,0.15971,0.154442,-0.055457,-0.25259,0.21565,0.064587,-0.075496,0.059711,0.117991,-0.096278,-0.18161,-0.016987,0.013671,0.065391,0.041978,-0.162321,0.004533,0.160247,-0.150303,0.322034,-0.118665,0.037992,0.102113,-0.125321,-0.16902,0.269042,0.087612,0.053463,-0.166035,-0.147312,0.327252,0.167547,0.093155,0.090084,-0.378613,0.009581,0.243136,-0.138689,-0.016575,-0.354368,0.103485,0.081699,-0.130387,0.00294,-0.014819,0.004669,0.029426,0.131979,0.034469,-0.080035,0.269518,0.177582,0.035803,-0.132658,0.024806,0.359601,0.265591,0.082092,0.305648,-0.025199,0.237171,0.204932,0.103694,0.031049,0.032332,0.151186,0.197508,-0.079389,0.225677,0.186923,0.448316,0.221941,-0.055239,0.250659,0.07707,0.31828,0.499429,0.185186,0.231319,0.149031,0.300066,0.072032,-0.090038,0.146779,-0.040373,-0.206502,0.221101,0.171049,0.142406,0.049546,0.057541,0.063997,-0.154501,0.371515,0.119771,0.326211,0.348055,0.133052,0.263496,0.141119,-0.303455,-0.235447,0.147524,0.29586,-0.008556,0.128965,0.315549,-0.020077,0.177427,0.201657,0.082507,0.101248,-0.042482,0.346596,0.127623,-0.165501,0.242852,0.218905,0.349886,0.118255,0.114208,-0.050588,0.391412,0.083142,0.206667,0.097165,0.192081,0.302623,0.005464,0.226025,-0.313762,-0.207933,0.286338,0.202355,-0.029969,0.122618,-0.148694,0.067876,-0.233052,-0.313733,0.217849,0.061612,0.210286,0.178749,0.03573,-0.095897,0.203198,0.219713,-0.25868,0.259018,0.117944,-0.015786,-0.541962,0.374956,-0.330765,-0.087495,0.187135,-0.096313,-0.141864,0.00863,-0.202739,0.007594,0.354181,-0.135593,0.175906,-0.208401,-0.194793,-0.198844,-0.072912,-0.087714,-0.161696,0.126247,-0.020077,-0.329351,#
4,0.244385,0.010547,-0.136488,-0.142758,1.0,0.022297,-0.101899,0.068369,0.005336,-0.152913,0.278328,-0.070226,0.17115,-0.145537,-0.079046,-0.083528,0.092193,-0.24926,0.174077,-0.212661,-0.303183,-0.181499,0.216403,0.002531,0.076323,-0.151608,-0.288245,0.036944,-0.077263,0.008832,-0.191474,-0.221432,0.001594,-0.072017,0.004846,0.125579,0.024337,-0.139084,0.008171,0.336684,-0.038635,-0.415283,-0.098903,0.147767,-0.085821,0.227785,-0.2287,0.071318,0.068968,0.164158,0.133948,-0.047432,0.023447,0.144781,0.217009,0.068647,-0.107758,0.222847,0.139758,-0.068603,-0.093375,-0.172,-0.171038,0.070317,-0.197308,0.248674,0.412347,-0.196388,0.147389,-0.095788,-0.043801,-0.049924,0.067543,0.130596,0.052182,0.139967,-0.128377,-0.23796,-0.184926,-0.228319,-0.114919,0.033264,0.009281,-0.044851,0.025949,-0.08818,0.157056,0.092774,-0.077929,-0.244957,0.084117,0.072385,0.081784,-0.218249,-0.081771,-0.07244,-0.014397,-0.077306,-0.166669,0.119868,0.145777,-0.003414,0.112165,-0.167434,0.090178,0.030315,-0.042163,0.061452,-0.139539,-0.028527,-0.00468,0.059732,0.074136,-0.203009,-0.139819,0.146927,-0.089141,0.260381,-0.247487,0.050496,-0.352521,0.011937,0.188316,-0.079596,0.181204,0.109779,0.167398,0.128802,0.146342,0.000843,0.006602,-0.167756,0.011376,-0.132729,-0.040038,0.173379,-0.096028,-0.046325,-0.158867,0.111353,-0.089248,-0.084411,-0.192523,0.16649,-0.028434,-0.272585,-0.367493,0.058995,0.001744,-0.182011,-0.021587,0.031038,-0.39849,-0.079739,0.060586,-0.17667,-0.05829,-0.02481,-0.238875,0.140003,-0.156917,-0.181217,-0.258084,0.025186,0.220871,-0.063382,0.006804,0.097214,-0.146049,0.081746,0.019356,-0.001752,0.04319,0.078653,0.094536,0.126713,0.086752,0.274086,0.11745,0.024157,-0.184131,0.091217,0.190102,0.24806,0.133833,-0.049577,0.120769,-0.219418,0.190492,-0.087311,-0.049123,0.105036,0.323447,-0.037626,-0.009597,0.212591,0.05857,0.028973,-0.223382,-0.160771,#
5,0.210912,0.126906,-0.1695,-0.203167,0.022297,1.0,0.436912,0.331407,-0.099661,0.016848,0.116874,0.26032,0.105969,0.120733,0.153227,0.102172,0.26216,-0.064818,0.144752,-0.13072,0.094057,0.133039,0.202245,-0.000669,-0.136751,-0.072878,0.079433,-0.110291,0.111048,0.031712,-0.133817,-0.035159,-0.109433,-0.04312,-0.049014,0.022884,0.02667,-0.042672,-0.075972,0.010515,-0.234668,0.223526,-0.057894,-0.046705,0.092078,-0.105633,0.080708,-0.101637,-0.054374,0.106458,-0.02413,-0.029959,-0.024221,0.027596,0.178428,0.222136,-0.166368,-0.004007,-0.149962,-0.212245,0.245885,-0.168826,-0.175396,0.262046,-0.102342,0.41645,-0.088945,0.26651,0.015907,-0.250289,-0.045192,0.10648,-0.181769,-0.044958,-0.142069,0.233393,-0.260648,-0.083849,-0.245952,-0.065518,-0.060333,-0.356824,-0.129119,-0.02917,-0.173984,-0.245813,0.05069,-0.107683,-0.161434,-0.316828,-0.280326,-0.32808,-0.288749,-0.046131,-0.078608,-0.262358,-0.264048,-0.281431,-0.158452,-0.157939,0.017028,-0.071512,-0.136517,-0.300085,-0.189499,-0.268013,-0.146968,0.015484,-0.29506,-0.076165,0.080918,0.127993,-0.425676,-0.254547,-0.113259,-0.100996,-0.371819,0.009044,0.210104,-0.196636,-0.183361,-0.293507,-0.027137,-0.39847,-0.096662,-0.137192,-0.181828,0.043076,-0.189029,-0.097977,-0.14533,-0.058157,-0.117094,0.015547,-0.358248,-0.093666,0.222003,-0.220234,0.018754,-0.525169,-0.182155,0.052259,-0.169205,0.077126,-0.141855,-0.231785,0.140935,0.177625,-0.188428,-0.006562,-0.096399,-0.144746,-0.049086,0.07414,-0.023137,-0.387069,-0.047083,0.180454,-0.418213,-0.096461,-0.031884,-0.205408,-0.124978,0.015114,-0.095415,0.168038,-0.084521,-0.009035,-0.078783,0.035914,0.279096,-0.197123,-0.225867,-0.171611,0.201377,-0.411922,-0.033054,0.044113,0.131839,-0.134773,0.144404,-0.121547,0.079844,0.221705,0.528367,-0.084933,0.041217,0.048409,-0.080046,0.086137,0.064498,0.113877,0.224648,-0.194442,-0.162941,-0.029057,0.18345,-0.082962,-0.3337,0.001313,#
6,0.15459,0.326493,0.057676,-0.242093,-0.101899,0.436912,1.0,0.339763,0.198206,0.289653,0.082502,0.150137,0.222438,0.055032,0.018953,0.161197,0.14312,0.075849,0.105263,-0.162292,-0.117896,0.186197,0.142351,-0.099749,1e-05,-0.007375,0.209667,0.011743,0.323032,0.002673,-0.405281,-0.129038,0.010888,-0.288256,0.118186,0.17548,-0.140957,-0.049235,0.064337,-0.122659,0.042767,0.135521,0.060106,-0.238434,0.146798,-0.196912,-0.006383,-0.182722,-0.051626,0.343535,0.088997,-0.114652,-0.078012,-0.023172,0.285547,0.107855,-0.03855,-0.246622,-0.231254,0.075183,0.251498,0.165431,0.014123,0.233317,0.0928,0.331327,-0.116815,0.119862,0.122085,-0.141109,0.251043,0.008764,-0.200156,-0.34028,-0.098202,0.346536,-0.218283,-0.197346,-0.127868,-0.108278,-0.195053,-0.321771,-0.340794,-0.073377,-0.29377,0.042945,-0.148353,-0.268052,-0.11885,-0.257815,-0.413608,-0.305077,-0.325206,-0.208383,0.037694,-0.412934,-0.053305,-0.263436,0.063229,-0.365737,0.039654,-0.094603,-0.272216,-0.159536,-0.365339,-0.215466,-0.183385,-0.102376,-0.217582,-0.200703,-0.312674,0.111583,-0.31795,-0.389626,-0.17321,-0.310036,-0.104897,-0.030063,0.018321,-0.103981,-0.025829,-0.223955,-0.154788,-0.361463,-0.21061,-0.310952,0.116845,0.229411,-0.242558,-0.129392,-0.269842,-0.44389,-0.513028,0.191069,-0.153446,-0.026283,0.091994,-0.23259,-0.057518,-0.324195,-0.013538,0.05119,-0.193658,-0.209931,-0.18992,-0.188459,-0.141671,0.388956,-0.242445,-0.136556,-0.14604,-0.196345,0.004872,-0.057736,-0.148972,-0.432019,-0.043522,0.2613,-0.192162,-0.118712,-0.132503,-0.15013,-0.14127,0.07338,0.038435,0.195459,-0.013042,0.157928,-0.317786,0.093207,0.299686,-0.07022,-0.144037,-0.131016,0.396677,-0.296058,0.116534,0.069085,0.236889,-0.514183,0.440082,0.267388,0.116418,0.089912,0.372824,-0.230691,-0.03546,0.075305,-0.214406,0.213882,-0.239816,0.071646,0.233434,0.080644,-0.281604,0.109779,0.119542,-0.068662,-0.229026,0.238903,#
7,-0.042015,0.126409,-0.052408,-0.220863,0.068369,0.331407,0.339763,1.0,-0.048289,0.095137,-0.093159,-0.073769,0.473869,0.317684,0.12624,0.05739,0.002639,0.126038,0.154599,-0.04814,0.095706,0.237927,-0.037382,0.16936,0.096581,0.01787,-0.138003,-0.249382,0.059327,0.14116,-0.127903,-0.194088,0.122617,0.116956,-0.285286,0.038804,0.008943,-0.061513,0.117516,-0.183841,-0.043662,0.085464,0.037784,-0.066777,-0.094131,-0.291126,-0.03006,-0.252221,-0.04438,-0.077051,-0.073361,0.049607,0.060993,-0.016502,0.185973,0.184387,-0.124887,-0.098791,-0.207979,0.029753,0.277117,0.033208,-0.180544,0.171316,-0.186814,0.401395,0.085176,0.103952,0.02772,0.077442,0.216147,0.144454,-0.355818,-0.129457,-0.071484,0.012766,-0.035391,0.045341,0.043663,-0.058433,0.001892,-0.234589,-0.093569,-0.056735,-0.167499,-0.007364,0.023465,0.047766,0.037008,-0.076891,-0.031661,-0.221784,-0.148986,0.023231,-0.110723,-0.034322,-0.018946,0.019779,0.069374,-0.382916,0.133387,0.020059,-0.064677,-0.281839,-0.196577,0.025779,-0.182375,0.005911,-0.142661,-0.33507,-0.00995,0.224238,-0.108757,-0.165027,0.126074,0.027375,0.023268,-0.076028,0.169356,-0.094254,-0.15052,-0.508891,0.000531,-0.03869,-0.197758,-0.153102,0.079393,0.001942,-0.201053,0.154314,-0.156685,0.029799,-0.079003,0.011014,-0.216775,0.070698,0.214199,-0.265793,-0.019937,-0.233744,-0.043863,0.01065,-0.15666,0.046629,-0.188805,-0.115225,-0.131011,0.089029,-0.067029,-0.139927,-0.204996,-0.029863,-0.18575,-0.110836,-0.151388,-0.387913,0.0511,0.005619,-0.148343,-0.017219,-0.024018,0.094419,-0.145822,0.010291,0.231122,0.072352,0.04213,0.014756,-0.046782,0.252836,-0.057682,-0.149166,-0.134843,-0.105026,0.28615,-0.203093,0.178521,-0.002475,0.292406,-0.172719,0.20631,0.234724,0.048213,-0.052945,0.174994,0.044366,-0.014621,-0.201207,-0.243434,0.353611,-0.228361,-0.128755,0.310251,-0.131826,-0.114006,-0.141108,0.071941,0.006457,-0.119878,-0.026853,#
8,-0.183627,-0.092134,0.181117,-0.246804,0.005336,-0.099661,0.198206,-0.048289,1.0,0.299829,-0.165319,0.127055,0.031515,0.208904,0.061101,-0.055894,-0.23076,0.308857,-0.005141,-0.00282,-0.355207,0.168479,0.171735,0.127399,0.110456,0.247637,0.258132,0.349226,0.075422,0.228171,-0.133044,-0.123595,-0.039965,-0.069945,0.203587,0.171621,-0.093369,-0.057486,0.124778,-0.1876,0.142161,-0.085564,0.090051,-0.025676,0.140838,-0.171099,-0.023241,0.059756,-0.006988,0.142676,0.031507,-0.194273,-0.1215,-0.000688,-0.067119,0.415916,-0.114262,-0.328335,-0.006618,0.210847,0.006346,-0.047187,-0.055103,0.124341,0.052997,-0.009826,0.128868,0.068271,0.057469,0.121124,0.095394,0.112034,0.080873,0.050262,0.071592,0.10416,-0.015013,-0.207166,0.075689,-0.05472,0.004011,-0.019152,-0.396509,-0.057306,-0.106532,0.207301,-0.040479,-0.213977,-0.073217,-0.057209,0.190155,0.024579,-0.238448,0.19269,0.038957,0.094434,0.064664,-0.033056,-0.200438,-0.204704,-0.053489,0.202381,-0.089213,0.190111,-0.125198,-0.10309,-0.080219,-0.124612,0.156644,-0.081988,-0.069651,-0.131116,-0.053569,-0.221386,0.035211,-0.084319,0.204721,-0.030859,0.188214,-0.125029,0.201465,-0.097253,-0.001099,-0.064339,-0.060345,-0.022102,0.272246,0.047219,-0.069691,-0.238891,0.038408,0.026712,-0.361194,0.020621,0.089992,0.014473,0.021404,-0.029578,-0.203583,-0.093518,0.121609,-0.021976,-0.087793,-0.271349,-0.31806,-0.310523,-0.005239,0.084048,-0.039248,0.008719,0.020458,0.03418,0.116373,-0.150447,0.064634,-0.055375,0.321695,0.269332,-0.064947,-0.034636,-0.122968,0.193827,0.143221,-0.100877,0.009035,0.03869,-0.059398,0.006491,-0.250082,0.19506,-0.102935,0.01511,0.159293,0.131871,0.202847,0.184759,-0.070393,0.005772,0.341115,-0.375493,0.370321,0.202492,-0.225041,-0.206239,-0.074376,0.169351,-0.016542,0.27323,-0.291873,-0.15371,-0.182956,-0.162063,-0.070988,0.190821,-0.145734,0.283772,0.089137,-0.025607,0.082595,0.207213,#
9,0.11551,0.335205,-0.006395,-0.350728,-0.152913,0.016848,0.289653,0.095137,0.299829,1.0,-0.304392,0.138058,0.395608,0.609641,0.3452,0.193449,-0.257584,0.292797,0.158889,0.106671,-0.140934,0.226309,0.364904,0.042815,0.154561,-0.276433,0.033753,0.104027,0.069794,0.409962,0.021703,0.205748,0.292623,-0.258403,-0.116297,0.138687,0.153029,-0.091056,0.087992,-0.378182,0.199837,0.288451,0.045104,-0.01514,0.173395,-0.52287,0.200303,0.26369,-0.031921,0.31371,-0.058983,-0.137367,0.179298,-0.20238,0.196197,-0.005063,-0.172903,-0.475266,-0.173386,0.089837,0.470138,0.216194,-0.332463,-0.053537,0.015733,0.159828,-0.10969,0.211231,-0.144756,0.084091,0.030459,0.283774,0.021692,-0.148981,-0.137312,0.137441,-0.157403,-0.346552,-0.011425,0.062656,0.070104,-0.414137,-0.499709,0.026525,-0.297816,0.112981,-0.341992,-0.121406,0.139932,-0.346719,0.009117,-0.145695,-0.257423,0.221081,-0.004089,-0.031912,-0.283036,-0.079345,0.154963,-0.298249,-0.184037,0.037033,-0.335819,-0.089566,-0.113094,-0.138931,-0.468999,-0.22944,-0.119931,-0.335431,0.141516,0.318299,-0.279795,-0.138411,-0.145282,-0.287063,-0.186496,-0.204673,0.48223,-0.448994,0.007805,-0.368709,-0.069014,-0.223196,-0.347115,-0.016302,0.205575,0.162801,-0.154414,-0.260349,-0.124733,0.160745,-0.467931,-0.01253,-0.28352,-0.34328,-0.17054,-0.302337,0.220724,-0.333324,-0.048549,-0.077337,-0.385528,-0.487875,-0.34025,0.126984,-0.177149,0.139128,-0.305725,-0.189375,-0.325533,-0.080473,0.002992,-0.426576,-0.048227,-0.248682,0.363368,0.450403,-0.18043,-0.191342,-0.002345,-0.07379,-0.055997,0.320284,0.406133,0.520857,-0.147839,0.057235,-0.418932,-0.000497,-0.145977,0.18782,-0.114228,-0.08326,0.33878,-0.215241,-0.183839,0.062713,0.616627,-0.511254,0.440233,0.128508,-0.536077,-0.226028,0.192327,-0.001218,0.314191,0.132267,-0.527701,0.076068,-0.18427,-0.03916,0.192021,0.466119,-0.113093,0.017475,0.02689,-0.03676,0.348085,0.403973,#
10,0.183793,-0.141385,-0.037079,0.036286,0.278328,0.116874,0.082502,-0.093159,-0.165319,-0.304392,1.0,-0.159783,0.018306,-0.333266,-0.255006,0.054137,-0.01254,-0.349643,0.025203,-0.147706,-0.09488,-0.114411,-0.084404,0.149847,-0.025827,0.082413,-0.182493,0.027103,0.122485,-0.32199,0.198772,-0.01093,-0.327768,-0.267659,0.072786,0.00217,0.138964,0.309466,0.036327,0.239957,-0.155403,-0.307236,-0.128106,-0.088033,-0.052715,0.234691,-0.239647,0.074707,0.092139,0.010776,-0.009655,0.093521,0.01019,0.212273,0.197264,0.007522,-0.246502,0.244586,0.012741,-0.119088,-0.238222,-0.138567,0.02112,0.131319,0.022212,-0.003328,0.149865,-0.12543,0.242175,-0.078547,0.197294,-0.110892,-0.023937,0.103282,-0.045143,0.148397,0.028313,0.058649,-0.038622,-0.182677,0.038594,0.19486,0.047874,0.163608,0.102634,-0.088383,0.305278,0.025232,-0.013445,0.051781,-0.115674,-0.003627,0.04409,-0.128955,0.016904,-0.018992,0.003411,-0.22891,0.136067,0.008164,0.094741,-0.146881,0.047675,-0.112706,0.110467,-0.06577,-0.048931,0.208011,0.00468,0.256189,-0.160733,-0.112536,-0.235431,-0.096481,-0.056511,0.05488,-0.131214,0.021221,-0.326462,0.239866,-0.214849,0.226504,0.04672,-0.272944,-0.067714,0.140085,0.003391,0.080287,0.045811,-0.038636,-0.089852,-0.202079,-0.00433,0.025556,0.064602,0.224951,-0.06884,-0.025272,-0.17883,0.113429,0.039925,0.273376,-0.069861,0.133094,0.445937,-0.072331,-0.087977,0.160845,0.175176,0.025934,0.322585,0.204602,-0.108335,0.055155,0.026679,-0.046695,-0.325561,-0.202683,0.087831,-0.02292,-0.152767,-0.0408,-0.114957,0.094594,0.004008,-0.166816,0.136351,-0.052543,-0.010096,0.064508,0.295988,-0.039499,0.19258,0.103289,-0.062422,0.068488,0.22744,0.012857,-0.294699,0.2529,-0.163729,0.169249,0.163722,0.157198,0.152054,0.06402,-0.048162,-0.022478,0.275537,0.140938,0.09822,0.159245,0.181821,-0.391114,0.053203,0.031733,0.068751,0.058443,-0.177128,-0.19733,#
11,-0.033257,0.030019,-0.038368,-0.163027,-0.070226,0.26032,0.150137,-0.073769,0.127055,0.138058,-0.159783,1.0,0.100199,0.23414,-0.034905,-0.016266,0.089484,0.06158,0.057439,-0.176581,0.032252,-0.260929,-0.051743,-0.033434,0.095977,0.050769,0.130004,0.19764,-0.068388,0.065393,-0.063497,0.015343,-0.123291,-0.036266,-0.141728,0.23178,-0.094684,0.055781,0.004811,-0.138097,-0.146377,0.221517,-0.059885,-0.250611,-0.156117,0.066828,-0.02324,-0.087925,-0.024051,0.223615,-0.108292,-0.109906,-0.082295,0.189667,-0.095597,-0.022137,-0.265609,-0.035149,-0.134993,0.050386,-0.03114,-0.219142,0.040602,0.077063,0.032689,0.156445,0.004348,0.021147,0.172682,-0.355879,-0.035016,-0.091214,0.025035,0.066693,-0.004057,0.07696,-0.247959,0.001636,-0.224341,-0.054355,-0.223281,-0.225073,-0.072125,-0.067615,-0.104446,-0.331598,-0.196118,0.015409,-0.154518,0.003363,-0.0016,-0.256097,-0.260086,0.06139,-0.093254,-0.222621,-0.090063,-0.016719,-0.15969,-0.05809,0.204373,-0.028778,-0.313186,-0.069256,-0.150395,0.063748,-0.087278,0.105633,0.015391,0.15164,-0.061021,0.002018,-0.342994,-0.229848,-0.10464,-0.067005,-0.116081,0.138753,0.072986,-0.134039,0.07207,-0.180742,-0.069169,-0.186885,-0.042032,-0.236938,0.033861,0.090998,0.000215,-0.197749,-0.187661,0.009877,-0.262649,0.097719,-0.03616,-0.098184,0.168929,-0.179286,-0.122076,-0.22183,-0.174497,0.066976,-0.051252,-0.015142,-0.062154,-0.022696,-0.068129,0.082352,-0.260813,-0.126909,-0.078326,0.137981,-0.072814,0.167749,0.037254,0.084691,-0.048206,0.33124,-0.203898,-0.27156,-0.097952,-0.250711,0.186171,-0.037394,-0.087044,0.129731,-0.17418,0.071674,0.114178,0.086829,0.051293,0.37602,0.00225,-0.257538,-0.012863,-0.129971,-0.184586,0.323393,0.009722,-0.029357,0.04899,-0.183259,-0.047268,-0.101542,0.305015,0.233616,-0.05785,0.230002,0.114773,0.021261,0.093521,0.345136,0.089734,0.212563,-0.146092,-0.125081,0.208274,-0.262734,-0.041803,0.005974,#
12,0.269388,0.124237,-0.145889,-0.339873,0.17115,0.105969,0.222438,0.473869,0.031515,0.395608,0.018306,0.100199,1.0,0.416636,0.144046,0.067655,0.008283,-0.042315,0.200882,-0.005706,-0.019599,0.125674,0.289813,-0.059884,-0.11095,-0.431734,-0.21879,-0.092789,-0.024593,0.112932,0.016658,-0.051874,0.226318,-0.114709,-0.273627,0.254858,0.262416,-0.130099,-0.096977,-0.183091,0.065285,0.09745,0.176386,-0.0912,-0.119632,-0.343844,0.106562,0.02044,-0.028439,0.049076,-0.155895,0.083277,0.226419,0.015331,0.363769,0.209802,-0.245475,-0.217163,-0.037512,0.021675,0.312686,0.207376,-0.168147,0.126202,-0.008637,0.185476,-0.124333,0.089472,0.134198,-0.052046,0.23913,0.147629,-0.191861,-0.355124,-0.257012,0.299165,-0.045113,-0.031943,0.071425,-0.238785,0.008993,-0.218461,-0.287927,-0.293911,-0.258726,0.017255,-0.18429,0.032076,-0.173693,-0.182207,-0.118527,-0.300437,-0.331966,0.048556,-0.126196,-0.241646,-0.210727,-0.187226,-0.039952,-0.38576,0.022715,-0.128636,-0.197922,-0.076882,-0.091239,-0.159762,-0.279635,-0.221859,0.006387,-0.428539,-0.085219,0.19354,-0.310585,-0.276763,-0.109028,-0.282593,-0.110399,-0.088953,-0.066659,-0.184993,-0.040652,-0.516721,-0.22627,-0.255691,-0.20672,-0.14422,0.185308,0.340473,-0.194725,-0.042392,-0.128838,0.129865,-0.361221,0.218436,-0.090814,-0.079993,0.082288,-0.388838,-0.141035,-0.114627,-0.044447,0.14585,-0.250326,-0.188582,-0.065502,0.184979,-0.439841,0.126909,-0.259812,-0.502567,-0.3007,-0.128835,-0.279712,-0.327322,0.066276,-0.350003,0.114302,0.222931,-0.244486,-0.366638,0.038803,-0.220456,-0.003388,0.184247,0.383509,0.179979,-0.141962,0.188643,-0.297087,0.148065,-0.077766,0.132732,-0.168889,-0.000927,0.274017,-0.212101,-0.120222,0.058116,0.252905,-0.326543,0.173152,0.263931,0.048253,0.021202,0.055035,-0.05864,0.217945,-0.070262,-0.262807,0.382895,-0.230583,-0.029455,0.432146,0.084867,0.120893,0.02588,0.163368,-0.073042,-0.043737,0.172886,#
13,0.157658,0.217655,-0.025257,-0.345948,-0.145537,0.120733,0.055032,0.317684,0.208904,0.609641,-0.333266,0.23414,0.416636,1.0,0.249871,0.171365,-0.250862,0.197003,0.24258,0.088276,0.179733,0.1437,0.40088,0.181916,0.084604,-0.156094,0.044466,0.023872,0.044242,0.4015,0.120203,0.1348,0.318823,-0.078721,-0.289535,0.190987,0.306304,-0.232547,0.113564,-0.34413,0.099387,0.409692,-0.035783,0.13567,0.082231,-0.501582,0.290279,0.024063,-0.095651,0.085196,-0.061636,-0.091461,0.16903,-0.16349,0.021752,0.092632,-0.176974,-0.318115,-0.207861,0.029381,0.383837,0.186367,-0.303107,-0.002599,-0.009315,0.304241,-0.194583,0.278936,-0.293249,-0.110211,-0.195953,0.342087,-0.144293,-0.096208,-0.234301,0.050398,-0.306031,-0.297937,-0.069868,0.018067,0.057152,-0.437711,-0.371208,0.106995,-0.339126,-0.048249,-0.339435,-0.005635,0.028065,-0.252269,0.097324,-0.23338,-0.361749,0.157456,-0.169123,-0.081169,-0.30828,-0.10941,0.074351,-0.298722,0.017935,-0.013994,-0.354775,-0.268596,-0.086927,-0.090375,-0.155533,-0.203959,0.059256,-0.38719,0.119596,0.360369,-0.342656,-0.121161,0.105191,-0.084073,-0.264676,-0.214616,0.399028,-0.367361,-0.194145,-0.487814,-0.057411,-0.219289,-0.337001,-0.116915,0.070302,-0.189083,-0.321074,-0.254943,-0.129424,0.166201,-0.352528,-0.172408,-0.437628,-0.419698,0.221463,-0.225117,0.137642,-0.434267,-0.018805,0.081431,-0.161601,-0.399439,-0.421957,-0.039987,0.037187,0.098289,-0.432776,-0.24377,-0.299023,0.035538,-0.171238,-0.304527,0.046193,-0.169527,0.453887,0.286377,-0.089094,-0.266461,0.002769,0.009476,0.017166,-0.122212,0.245617,0.243795,-0.241738,-0.095925,-0.203499,-0.086866,-0.32961,0.154639,-0.238336,-0.236885,0.167767,-0.110675,-0.155752,0.035063,0.507105,-0.401859,0.322878,-0.00272,-0.452421,-0.147321,0.330868,0.214575,0.208306,-0.037161,-0.338335,0.222823,-0.18225,-0.032405,0.174703,0.279637,-0.302389,-0.122374,0.237728,-0.290473,0.251306,0.224523,#
14,0.036227,0.309397,-0.161943,-0.241843,-0.079046,0.153227,0.018953,0.12624,0.061101,0.3452,-0.255006,-0.034905,0.144046,0.249871,1.0,-0.062474,-0.05589,0.133804,0.334385,-0.016715,0.033971,0.227389,0.161316,0.046466,-0.161498,-0.078437,0.003631,0.005211,0.068448,0.034637,-0.115961,0.087571,-0.058804,0.032962,-0.163826,-0.09207,-0.08719,-0.092167,-0.036318,-0.177391,0.145936,0.301369,0.098671,0.183336,0.395527,-0.211046,0.043795,0.108761,0.128187,-0.069536,0.193799,-0.140336,-0.059922,-0.162561,0.203577,0.18794,0.07581,-0.317758,0.001999,-0.078565,0.384749,-0.049701,-0.280571,0.16828,0.161029,0.102269,-0.185669,0.053402,0.047371,0.072484,0.079434,0.020222,0.083756,-0.172819,-0.15557,0.005697,-0.070677,-0.058852,-0.094887,0.007925,0.071814,-0.408739,-0.139696,-0.029042,-0.191757,0.202413,0.026125,-0.055346,-0.153258,-0.219793,0.026247,-0.051329,0.017722,0.269811,-0.13056,-0.06034,-0.257267,-0.055761,0.037675,-0.028121,0.023669,-0.064129,-0.14978,-0.294593,-0.225629,-0.275424,-0.326653,0.000892,-0.24132,-0.195232,0.124493,0.179063,-0.051866,-0.107219,-0.053057,-0.152958,-0.250401,-0.108741,0.42136,-0.376596,-0.059991,-0.259387,-0.159327,-0.064364,-0.209252,-0.31972,-0.075188,0.146537,-0.165482,0.001541,-0.055006,0.112282,-0.208731,-0.137436,-0.236969,-0.242718,0.02835,-0.011646,0.04724,-0.326709,-0.226863,-0.281869,-0.266853,-0.055325,-0.256817,0.008531,-0.117957,-0.016433,-0.293067,-0.082904,-0.349131,-0.404615,0.035891,-0.223878,-0.157492,-0.257424,0.220971,0.160925,-0.193286,-0.037661,0.117976,-0.050997,0.138893,0.093857,-0.030916,0.42716,-0.069505,-0.084812,-0.23464,-0.137348,-0.00543,-0.006333,-0.203354,0.119281,0.2096,-0.162849,-0.263915,0.147781,0.48,-0.200529,0.285638,0.035036,-0.137314,0.120514,0.179203,-0.117045,0.22094,-0.173767,-0.158745,0.003209,-0.087784,0.002502,0.296731,0.151217,-0.028876,-0.01415,0.105221,-0.13788,0.162122,0.121638,#
15,0.092867,0.146532,-0.055242,-0.142567,-0.083528,0.102172,0.161197,0.05739,-0.055894,0.193449,0.054137,-0.016266,0.067655,0.171365,-0.062474,1.0,-0.037791,0.332333,0.000116,0.168199,-0.021445,-0.113367,0.313125,-0.078068,-0.000922,-0.068613,-0.064405,0.011872,0.18107,0.093648,0.14457,-0.079486,0.292871,-0.101058,-0.023142,0.033672,0.270844,0.005803,0.162081,0.090729,0.047063,-0.001703,0.109815,0.079779,0.049034,-0.048534,0.066176,0.107753,0.078586,0.178075,0.208798,0.115949,-0.023815,-0.004294,0.228319,-0.054102,-0.125199,-0.130117,-0.15017,0.057894,0.098153,0.135449,-0.09189,0.08654,-0.065869,0.222379,-0.217737,0.241411,-0.257486,0.111764,-0.044143,0.235271,0.03347,-0.090835,-0.030287,0.128086,0.008321,-0.140948,0.084383,0.110474,0.175095,-0.044982,-0.090863,0.309173,-0.023797,-0.161543,-0.232486,-0.217405,0.026708,-0.01189,-0.0413,0.185838,-0.142096,0.213081,0.047746,-0.110363,-0.104437,-0.225141,0.03428,-0.011551,-0.108961,-0.129979,-0.271504,0.096428,0.089581,-0.128104,-0.027952,0.128801,-0.000724,0.057402,-0.156725,0.064494,-0.142057,-0.116615,0.09101,0.126397,-0.045236,-0.244134,0.070029,-0.165638,-0.201025,-0.001805,-0.219143,-0.170092,-0.176333,0.042464,-0.020191,0.14828,-0.243517,-0.186476,-0.027322,-0.004806,-0.127641,0.04172,-0.20072,-0.086004,-0.023866,-0.114735,-0.052924,-0.225241,0.019875,0.18312,-0.10274,-0.109157,-0.005505,0.011436,0.192355,0.228768,-0.123368,-0.244153,0.006645,-0.053504,-0.007682,0.041273,0.077241,-0.136469,-0.012949,0.271574,-0.20384,-0.111232,0.21734,-0.050839,-0.101624,-0.007736,0.010301,0.084656,-0.087055,0.068348,0.04572,-0.090813,0.191203,-0.110587,-0.014389,-0.319074,-0.018573,-0.064344,-0.055227,0.091048,0.125254,-0.27895,0.18023,-0.041956,-0.257087,0.117506,0.323557,-0.13304,0.267445,0.032339,-0.249879,0.023859,-0.033462,-0.09877,0.078059,0.157415,-0.131575,-0.123164,0.046899,-0.122506,0.186198,0.124173,#
16,-0.024149,0.012883,-0.264809,0.145515,0.092193,0.26216,0.14312,0.002639,-0.23076,-0.257584,-0.01254,0.089484,0.008283,-0.250862,-0.05589,-0.037791,1.0,-0.157671,0.087169,-0.053223,0.008429,-0.113835,-0.065217,-0.345859,-0.429678,-0.113698,-0.136944,-0.110783,0.071174,-0.206062,-0.218744,0.054193,0.110127,0.182135,0.033136,0.139801,-0.152703,-0.18383,-0.260009,0.287352,-0.131897,-0.144895,0.019694,0.048912,-0.184031,0.191905,-0.127306,-0.201847,0.069626,0.221278,0.067104,0.145103,0.008419,0.022027,0.087519,0.048897,0.240235,0.142558,0.220006,-0.163127,-0.172549,0.098944,0.312198,-0.106362,-0.076552,0.12023,-0.124173,0.046122,0.008037,-0.269795,-0.187152,-0.303118,-0.131385,-0.143101,-0.024419,0.102884,0.007303,-0.040025,0.012399,0.057102,-0.093565,0.120506,0.194655,-0.312035,0.09127,-0.080635,0.027398,0.044167,-0.132458,-0.157956,-0.126541,0.099368,-0.007846,-0.122085,0.111363,-0.171636,-0.039095,-0.148914,-0.226526,0.113238,0.066055,0.025938,0.156677,0.019078,0.05385,-0.003692,0.135077,-0.100705,-0.151701,0.036691,-0.261693,-0.115831,0.110397,0.014266,-0.180396,-0.112935,0.010135,0.16407,-0.320171,-0.040647,-0.034582,-0.026824,-0.051326,-0.279064,0.053511,-0.188921,-0.267247,-0.201987,0.084139,-0.030233,-0.178227,-0.241745,0.057587,0.134041,0.119835,0.051947,0.163731,-0.257755,-0.072303,0.026496,-0.152316,-0.041783,-0.064169,0.406651,0.143462,-0.154325,-0.104413,0.041295,-0.056568,-0.106606,0.123967,-0.150691,0.028885,0.099427,-0.094098,-0.096328,-0.282059,0.061676,-0.172883,0.245546,-0.074819,-0.108205,-0.034979,-0.082538,-0.19031,0.081945,0.149418,-0.11086,0.025554,-0.052677,-0.012679,0.129914,-0.263409,-0.08103,-0.036135,-0.213518,-0.096216,0.022256,-0.168816,0.073162,-0.381559,-0.078976,0.578698,0.143834,0.018826,-0.204578,-0.00351,0.074693,0.258662,-0.255408,0.098337,0.28049,0.020963,-0.234561,0.108824,0.001843,-0.083009,0.020526,-0.448046,-0.138577,#
17,-0.421524,0.143325,0.308693,0.135743,-0.24926,-0.064818,0.075849,0.126038,0.308857,0.292797,-0.349643,0.06158,-0.042315,0.197003,0.133804,0.332333,-0.157671,1.0,-0.05863,0.367601,-0.181855,0.036162,0.116437,0.067406,0.199756,0.21832,0.123937,0.136773,-0.098216,0.109832,0.034002,-0.078387,0.007579,0.005873,-0.136825,0.061856,0.075862,-0.100876,0.093078,-0.231377,0.05505,0.072229,0.132937,0.076132,0.053718,-0.233803,0.112852,0.30041,0.058802,0.030154,-0.113683,0.007946,0.003848,0.064627,-0.019568,0.009386,-0.010741,-0.301136,-0.144769,-0.126578,-0.102211,-0.136559,-0.088542,0.117517,0.046729,0.098313,-0.051999,0.185265,-0.202313,0.335763,0.224708,0.259818,0.07897,-0.161593,0.143127,-0.043215,0.108493,-0.181228,0.209046,-0.062138,0.173343,-0.10399,-0.262423,0.254537,-0.116747,0.031486,-0.120465,-0.206544,-0.069414,0.087113,0.048125,0.025927,-0.135419,0.455511,-0.108234,-0.013178,0.266399,0.060023,0.129527,0.017462,-0.16358,0.184921,-0.115451,0.293862,-0.110982,0.075175,-0.066386,-0.059357,-0.036086,-0.156245,0.136714,0.0941,0.046438,-0.108318,0.017595,-0.022241,0.180359,-0.167117,0.42706,-0.361503,0.066827,-0.30843,-0.188357,-0.003911,-0.028696,-0.04183,-0.08115,0.065026,-0.124052,0.034853,0.137039,0.204948,-0.104335,-0.047795,0.029468,-0.042203,-0.010568,-0.045387,0.026232,-0.078914,0.085803,-0.057515,-0.109047,-0.405909,-0.203519,0.084547,0.029469,0.184064,0.086863,-0.026057,-0.241144,-0.030648,0.122049,-0.065747,-0.022674,-0.032927,0.035098,0.485665,0.06715,0.031029,0.206398,0.204384,-0.156355,0.205316,0.148058,0.221548,-0.024485,-0.151196,-0.1575,0.177579,-0.123103,-0.130404,-0.045801,-0.098802,-0.033391,0.093828,-0.150634,-0.053899,0.180218,-0.276558,0.346459,-0.123691,-0.37015,-0.209017,0.077434,0.007432,0.167441,0.263702,-0.307205,-0.171723,0.021548,-0.355019,-0.034558,0.250798,-0.261188,-0.140186,-0.036278,0.076228,0.283395,0.147222,#
18,0.291269,0.195276,-0.091587,-0.157376,0.174077,0.144752,0.105263,0.154599,-0.005141,0.158889,0.025203,0.057439,0.200882,0.24258,0.334385,0.000116,0.087169,-0.05863,1.0,-0.147523,0.170182,0.110111,0.032223,-0.006859,-0.028769,0.021791,-0.049026,0.18396,-0.012664,0.226207,-0.261395,0.071388,0.045337,0.034492,-0.056312,0.040757,0.037538,-0.029433,-0.114403,-0.029664,0.257675,0.223324,0.013233,0.235016,0.152075,-0.000545,0.057237,-0.151005,0.003905,0.021576,-0.035452,0.00219,0.272961,-0.100875,0.253222,0.149348,0.002943,-0.193736,-0.120818,-0.109017,0.055721,-0.206798,-0.132513,0.25539,-0.074456,0.118046,-0.118245,-0.09212,-0.18355,-0.305575,0.022787,0.039759,-0.224403,0.021816,-0.094724,0.074911,0.014334,-0.013358,0.017511,0.024766,0.106469,-0.182893,-0.149105,-0.17658,-0.029245,-0.125877,-0.058753,0.118371,0.022215,-0.065466,-0.128833,-0.212783,0.04619,-0.169544,0.138939,0.005417,-0.109463,-0.218547,0.0187,-0.09919,0.095436,0.143763,0.017753,-0.390659,-0.15874,0.077705,-0.2256,-0.035095,0.035844,-0.017292,0.004336,0.247933,-0.067521,-0.051659,0.023286,0.205049,-0.088251,0.013201,0.02967,-0.049133,-0.123035,-0.063095,-0.134219,-0.185716,-0.275701,-0.099018,0.095895,-0.095009,-0.089148,-0.035928,-0.159339,-0.115897,-0.111481,0.045578,-0.138371,-0.040335,0.143085,0.014466,0.029854,-0.154842,-0.316328,-0.028107,-0.24903,0.029025,-0.07789,-0.139619,-0.144407,-0.028055,-0.308927,-0.283449,-0.213209,-0.09626,-0.146961,-0.252108,0.12207,-0.218223,0.202546,0.057866,-0.313803,-0.199318,-0.165591,0.066856,-0.009322,-0.189067,0.190183,-0.055299,0.014333,0.109322,-0.036327,-0.078069,-0.057449,0.284854,0.039468,0.111477,0.233666,-0.000969,0.089513,0.05071,0.363777,-0.06244,-0.104574,0.219486,0.12686,0.248782,0.276449,0.027342,0.388192,0.014313,0.014581,0.209332,-0.032873,0.076812,0.301309,-0.048233,-0.268464,0.018952,0.443564,-0.173466,-0.132582,0.152645,#
19,-0.225586,-0.015021,0.16114,0.037785,-0.212661,-0.13072,-0.162292,-0.04814,-0.00282,0.106671,-0.147706,-0.176581,-0.005706,0.088276,-0.016715,0.168199,-0.053223,0.367601,-0.147523,1.0,0.22381,0.198534,0.083221,0.090896,-0.210864,-0.177204,0.10459,-0.160331,-0.033918,-0.104844,0.257646,0.344284,0.33423,0.296804,-0.058708,-0.267698,0.199076,0.112412,-0.319252,-0.077992,0.22611,0.091404,0.007971,-0.024793,-0.041867,-0.376338,0.277888,0.262229,0.252877,-0.243484,-0.178297,-0.094929,0.371006,-0.125806,-0.28625,0.084837,0.013584,-0.268056,0.314624,-0.146408,0.003259,-0.113172,-0.161468,-0.170579,0.076335,-0.008779,-0.09888,-0.030441,-0.120036,0.3362,0.001627,0.273879,0.212851,-0.079793,0.174352,-0.438014,0.208605,0.059005,0.626157,0.233052,0.410968,0.212645,0.040243,-0.028996,0.250526,0.357624,0.092595,-0.25613,0.227575,0.020435,0.196463,0.338752,0.111103,0.22568,0.080143,0.307761,0.217687,0.264843,0.235895,0.094201,-0.536712,0.181209,0.159662,0.284817,0.44402,0.266596,-0.027501,-0.250903,0.244999,-0.237791,0.273146,-0.180665,0.068633,0.338216,0.128102,0.059188,0.004828,0.009755,0.143825,-0.240411,0.195891,-0.086812,-0.183467,-0.001531,-0.010944,0.379033,0.008544,0.104954,0.290793,0.371369,0.486034,0.141601,0.275798,-0.044701,0.35375,0.186673,0.059883,0.017871,0.104097,0.210198,0.19564,0.124105,-0.001057,-0.302728,0.084721,0.308552,0.292749,-0.341498,0.199894,0.208946,0.098842,0.18863,0.39686,0.199668,-0.025391,0.229281,0.37715,-0.039469,0.090803,0.035133,0.28032,0.293059,-0.028043,0.107159,0.043895,0.06169,0.373098,-0.157576,0.122108,0.27158,-0.501902,-0.215844,-0.054845,0.099704,-0.386835,0.19603,0.120108,-0.471668,0.003134,0.042469,0.07743,-0.019625,-0.317953,-0.164822,-0.353483,0.030086,0.351343,0.298923,-0.096898,-0.212671,0.090886,-0.480314,-0.402436,-0.017631,-0.110876,-0.152421,-0.310428,0.226657,0.417535,-0.083828,#
20,0.196186,0.089135,0.010035,0.078582,-0.303183,0.094057,-0.117896,0.095706,-0.355207,-0.140934,-0.09488,0.032252,-0.019599,0.179733,0.033971,-0.021445,0.008429,-0.181855,0.170182,0.22381,1.0,0.021916,-0.229019,-0.122838,-0.017225,-0.113913,0.002526,-0.183081,-0.085697,0.052913,0.229059,0.22451,0.098181,0.375574,-0.290348,-0.282091,0.080112,0.018931,-0.00882,-0.149435,0.273974,0.348266,-0.274488,0.156499,0.10498,-0.259952,0.114186,-0.19534,-0.000457,-0.237148,-0.214862,0.037729,0.339935,0.044828,-0.110671,-0.047598,-0.088551,-0.037044,-0.254544,0.014206,0.026893,0.100486,0.129688,0.04125,0.062645,-0.084521,-0.298786,-0.048335,-0.119881,-0.15509,-0.086043,0.197481,-0.094831,0.147881,-0.245295,-0.400169,-0.072206,0.252503,0.136743,0.250801,0.163386,-0.000116,0.340721,-0.095396,0.052414,-0.102967,0.04202,0.265719,0.250507,-0.003529,0.068753,-0.031435,0.167791,-0.05817,0.165395,0.177981,-0.165771,0.143517,0.089458,-0.022765,0.081948,0.16429,-0.037764,-0.083018,0.087062,0.040954,0.078911,0.089523,-0.014414,0.019598,0.055586,0.103857,-0.252128,0.310972,0.31235,0.271294,-0.026113,0.068314,0.024112,0.030849,-0.002521,-0.003629,-0.213694,0.175898,-0.122618,-0.095476,-0.143385,-0.204131,-0.245655,0.165452,0.106923,-0.000677,0.212037,0.074859,-0.055895,0.097913,0.177183,0.103754,0.15197,-0.084535,-0.027314,0.088011,0.204413,0.074883,-0.007446,-0.047037,0.181646,-0.387055,-0.03779,0.174293,0.018622,0.104384,0.091587,0.097591,0.102623,0.149643,0.308602,-0.266122,-0.045103,0.002116,0.025064,0.006937,0.1745,-0.222405,-0.236522,-0.172194,0.24206,0.038294,0.328233,-0.163573,-0.158746,0.060864,0.019426,-0.080328,-0.279143,0.042066,-0.0254,-0.335128,-0.079607,0.256497,-0.214097,-0.069806,-0.072314,-0.041691,-0.144397,0.288553,0.064467,-0.151154,0.111718,0.133234,-0.12322,-0.114272,-0.219877,-0.195142,-0.134342,-0.141531,0.194479,-0.19249,-0.032462,-0.157855,#
