0,1.0,0.196057,0.080664,-0.223213,0.40374,-0.026734,0.237463,-0.001293,0.434303,0.034298,-0.096557,0.264111,0.449908,0.171849,0.032824,0.010744,0.027703,0.034079,0.229753,-0.213518,-0.279006,-0.018266,0.223624,-0.223565,-0.152229,-0.273553,-0.179926,-0.101191,0.193426,0.186015,-0.322383,0.045164,-0.189122,-0.175977,-0.323683,0.012718,0.173011,0.016422,0.090264,-0.056598,0.171951,-0.098898,-0.033146,0.088355,-0.110308,-0.195342,0.45641,0.218782,-0.067655,0.210815,-0.034277,-0.084067,0.146919,-0.028676,-0.056926,0.011935,-0.21767,-0.014342,-0.118646,0.040561,0.10195,0.127988,-0.005973,-0.081773,0.11673,0.348695,0.002067,0.0571,0.242811,-0.094794,0.19932,-0.27373,-0.123488,-0.198697,-0.264385,0.246726,-0.162973,-0.242803,-0.272959,-0.017288,-0.193134,-0.321982,-0.185058,0.097263,-0.110083,-0.118004,-0.285979,-0.183115,0.017486,-0.292297,-0.143151,-0.122835,-0.160109,0.108995,-0.111127,-0.100436,-0.242871,-0.262233,-0.02788,-0.289346,0.085057,-0.408704,-0.135504,-0.169342,-0.19843,-0.040682,-0.178276,-0.055634,-0.214976,-0.03473,0.092578,-0.100136,-0.042321,-0.228785,-0.306526,-0.352267,-0.285462,-0.211721,0.164975,-0.572118,-0.248779,-0.309381,-0.265188,-0.329016,-0.343443,-0.032536,-0.295808,-0.00489,0.012632,-0.29669,-0.025288,-0.155145,-0.105167,0.09993,-0.294592,-0.394013,-0.009308,-0.335208,0.006147,-0.278773,-0.071185,-0.224306,-0.309187,-0.20274,-0.329077,-0.063659,-0.408009,0.275686,-0.271123,-0.221617,-0.293779,-0.389144,-0.06911,-0.196513,-0.290546,-0.18329,0.342127,0.332073,-0.257776,-0.179727,-0.221412,-0.068301,-0.26313,-0.063964,0.12964,-0.056542,0.048717,-0.037908,-0.243881,-0.240133,-0.080071,0.213346,-0.131687,-0.215659,0.259061,-0.060799,-0.003573,0.192974,0.324788,-0.404665,0.110274,0.116931,-0.090018,-0.043186,0.343334,-0.019442,0.269948,0.143064,-0.208944,0.422314,-0.118401,-0.062655,0.35047,0.355632,-0.024196,0.12411,0.298582,-0.31232,-0.15686,0.048435,#
1,0.196057,1.0,0.055758,0.115085,0.164685,-0.090979,0.021761,-0.034888,0.11439,0.193606,-0.186984,0.072898,0.045767,0.050398,0.129595,-0.033062,-0.237663,0.133182,0.087634,-0.059428,-0.043414,0.172032,0.087958,0.003667,-0.112296,-0.042513,0.112476,0.054819,0.19345,0.250118,-0.425253,0.208606,0.011314,0.149663,-0.182898,0.03358,0.299991,-0.058183,0.022316,-0.084129,0.19075,0.020498,0.247955,0.113839,-0.269857,-0.311589,0.285992,0.251538,0.070752,0.230878,0.052365,-0.187852,0.093195,0.08055,-0.002349,-0.05445,-0.130042,-0.104468,-0.147227,0.025923,-0.119915,0.011295,-0.067549,0.124402,0.048051,-0.051135,0.158471,0.14006,0.141272,0.082087,-0.012199,-0.154776,0.061946,0.010037,-0.025357,0.06958,-0.110353,-0.070041,-0.105874,-0.169556,-0.135195,-0.166776,-0.260037,0.162017,-0.202059,-0.127875,-0.142365,-0.028465,-0.021941,0.029213,0.067717,0.023206,-0.179733,0.245639,-0.227727,0.062939,-0.026665,-0.035272,-0.125133,0.042385,0.036653,-0.084071,-0.281591,-0.025202,-0.389246,-0.175559,-0.329406,-0.076636,-0.065232,-0.082941,0.092031,0.198203,-0.060191,-0.173024,0.017753,-0.025995,-0.151779,-0.198649,0.192393,-0.105511,-0.199291,-0.077546,-0.082553,-0.206717,0.043889,-0.092799,-0.147325,-0.07019,0.113977,0.046376,-0.114854,-0.11955,-0.079041,0.146199,-0.090315,-0.084117,-0.172887,-0.123284,0.131799,-0.125332,-0.038147,0.141161,-0.055135,-0.234706,-0.163409,-0.23634,-0.105193,0.106626,-0.191916,-0.166662,-0.218961,-0.187313,-0.103687,0.048749,-0.061165,-0.018584,0.039132,0.165739,-6.3e-05,-0.018752,-0.018831,-0.017115,-0.050252,-0.011918,0.05512,0.224987,0.086962,-0.166719,-0.192825,0.090926,-0.342675,0.00521,-0.180028,-0.093649,0.091885,0.174109,-0.040974,-0.067134,0.080586,-0.205434,-0.036583,0.005189,-0.088956,-0.130236,0.02531,-0.12146,0.095869,-0.129002,-0.227827,0.181979,-0.013911,0.097618,0.119014,0.157771,0.005854,-0.134227,0.156263,-0.199938,-0.059873,0.05814,#
2,0.080664,0.055758,1.0,0.355298,0.04461,-0.32643,0.0123,-0.042904,0.015321,0.135622,-0.093698,-0.055417,0.035675,-0.058198,-0.176182,-0.201049,-0.032545,0.217652,0.097875,-0.050955,-0.053807,-0.016873,0.048356,0.071743,-0.061878,-0.152302,0.189321,-0.342866,-0.052203,0.057941,-0.122339,0.106621,-0.045723,0.034033,-0.250849,-0.11619,-0.080807,0.016005,0.088978,-0.185787,-0.023317,0.142664,0.009575,-0.115223,0.293722,-0.296343,0.199227,0.267476,-0.225115,0.075504,-0.248737,0.017313,-0.116751,0.265037,-0.163792,-0.196649,-0.150168,-0.02606,-0.138672,-0.011098,-0.093232,-0.041734,-0.205336,-0.201557,0.026766,0.116875,-0.17358,-0.036752,-0.130734,-0.05332,0.091725,0.014255,-0.019601,0.233531,-0.116973,0.221118,-0.052025,-0.091791,-0.117421,-0.024205,-0.0061,0.000224,-0.101194,0.214747,0.038601,-0.158997,0.047775,0.03115,-0.128079,-0.211347,0.007282,-0.359817,0.090067,0.049488,-0.25753,0.258243,0.221285,0.180979,-0.015118,-0.037395,-0.122972,-0.090009,0.008336,0.087025,-0.219437,-0.048105,0.133638,0.03717,0.054947,0.187766,0.264513,0.096087,0.041484,-0.005914,0.112771,-0.033818,-0.074754,-0.216449,0.061626,-0.043378,-0.257696,0.006492,0.068146,-0.076715,-0.03804,0.141894,-0.20666,-0.040825,0.047855,0.157964,0.27643,-0.018547,-0.047504,0.00266,0.193655,0.007986,0.29057,0.206393,0.003713,-0.241076,0.197468,0.282263,0.016132,-0.248942,-0.102355,0.127946,-0.066583,0.051992,-0.299761,0.158328,-0.099267,0.272704,0.33463,-0.042045,-0.056401,0.031213,0.095253,0.10587,0.057341,-0.058596,0.130549,-0.055635,0.32937,0.037164,-0.016679,-0.052928,-0.216733,-0.295437,-0.02929,0.029991,-0.053406,0.096166,-0.030587,0.011004,-0.012968,0.076447,-0.206643,-0.014206,-0.168381,-0.060432,0.059339,0.03788,-0.069462,-0.032067,-0.302946,0.119393,-0.000167,0.000113,-0.035528,-0.00604,0.212856,0.025065,-0.041187,-0.00092,-0.130759,-0.16032,-0.117497,0.088592,0.183827,-0.243704,#
3,-0.223213,0.115085,0.355298,1.0,-0.085225,-0.273754,-0.209327,-0.171309,-0.205424,-0.07238,0.179623,-0.312887,-0.183576,-0.185917,-0.141336,-0.178802,0.03357,0.042233,0.125426,0.093102,0.012103,-0.0508,-0.163658,0.029204,0.036542,0.183692,-0.010078,-0.01533,0.034074,-0.134747,0.177266,0.007414,0.158582,-0.086575,-0.171792,-0.271555,-0.171473,0.027358,0.027955,0.172685,0.053755,-0.066188,0.135462,-0.046745,-0.026602,-0.087973,-0.205455,-0.222485,-0.083672,-0.082012,-0.244695,0.276587,-0.090193,0.363612,-0.061855,0.093683,0.093631,-0.078849,-0.008809,-0.17908,-0.172029,-0.066874,0.011378,-0.099147,-0.207999,-0.324377,0.113029,-0.091065,-0.379093,0.171806,-0.02725,0.298118,0.205665,0.442183,0.09678,-0.025825,0.153808,0.003041,0.25164,0.193684,0.082374,0.160739,0.024484,0.130474,0.08733,-0.012683,0.142369,0.240055,0.065041,0.136582,0.087461,0.146709,-0.042316,0.112313,0.041292,0.206326,0.265842,0.31084,0.02025,0.233255,-0.097827,-0.048851,0.274585,0.18402,-0.059066,0.066662,0.206445,0.203366,0.237739,0.246869,0.152954,-0.11628,-0.04618,0.030165,0.146082,0.1632,0.370646,0.046477,0.008041,0.291474,0.094165,-0.011121,0.256453,0.147695,0.218595,0.202784,-0.16674,-0.024376,0.172649,0.248651,0.098764,0.075574,-0.147496,-0.075432,0.227918,0.232917,0.151389,0.162489,-0.152088,0.249934,0.115282,0.341668,0.293153,-0.152522,0.057117,0.152058,0.066904,-0.225855,0.097208,0.304705,0.140411,0.405104,0.204042,0.126146,0.302077,0.123172,-0.244299,-0.317952,0.344378,-0.070245,-0.052893,0.028356,0.010809,-0.092297,-0.248898,-0.124823,0.017785,-0.240379,0.111539,0.069133,-0.272712,-0.23616,0.004394,0.189349,-0.146418,0.168053,0.035508,-0.104029,-0.285314,0.342018,-0.407457,-0.011941,-0.029635,-0.12899,-0.06393,-0.067766,-0.084734,-0.107736,0.157754,-0.316858,0.294335,-0.071708,-0.218143,-0.174058,-0.1389,-0.217577,-0.25785,0.161725,-0.268804,-0.06066,#
4,0.40374,0.164685,0.04461,-0.085225,1.0,-0.051822,0.168524,-0.136083,0.090644,0.264152,-0.105604,0.137563,0.284597,0.072361,0.046056,-0.12058,0.090357,-0.048014,-0.149981,-0.194041,0.02217,-0.007291,0.272379,-0.100878,-0.277344,-0.03282,-0.015149,-0.099629,-0.051738,0.205966,-0.207614,0.084859,-0.284107,0.119146,-0.403311,0.081387,0.04304,-0.204343,0.204267,-0.017564,0.100661,-0.150972,0.028067,0.065558,-0.109411,0.01101,0.166755,0.300615,0.075765,-0.012218,0.101261,-0.467516,0.01491,-0.103012,0.245179,-0.287119,-0.376041,0.310994,-0.216691,-0.09876,0.106802,0.186838,-0.172425,0.020827,0.076058,0.375079,-0.061938,0.156735,0.229794,-0.092587,0.082257,-0.513672,0.170529,-0.507202,-0.251726,0.299714,-0.407671,-0.328895,-0.319785,-0.144821,-0.340289,-0.36366,-0.392911,-0.087606,-0.330388,-0.423484,-0.528966,-0.267891,-0.16645,-0.164056,-0.385205,-0.192294,-0.288897,-0.086862,-0.329656,-0.272059,-0.317937,-0.05481,-0.031269,-0.089714,0.201934,-0.257341,-0.117489,-0.187248,-0.383095,-0.489973,-0.24694,-0.207785,-0.111585,-0.017837,0.0712,0.03915,-0.254632,-0.437955,-0.325906,-0.071982,-0.202487,-0.45071,-0.047408,-0.307105,-0.268378,-0.284252,-0.247226,-0.188588,-0.036491,-0.069223,-0.439436,-0.010511,-0.262477,-0.17287,-0.235516,-0.083208,-0.426849,-0.016228,-0.167856,-0.428382,0.045128,-0.413489,-0.025873,-0.307766,-0.236216,0.026904,-0.024548,-0.124123,-0.508649,-0.274902,-0.229531,0.396469,-0.447062,-0.168181,-0.391189,-0.226824,-0.19542,-0.315796,-0.301218,-0.228048,0.240753,0.277319,-0.334718,-0.315719,-0.103318,-0.153931,-0.119549,-0.15083,-0.086566,0.298795,-0.079223,-0.042135,-0.259823,-0.13251,0.049569,0.004673,-0.366326,-0.458134,0.095346,-0.282935,-0.184051,0.094282,0.138779,-0.280599,0.136708,0.036123,0.12887,0.131234,0.248101,-0.117189,0.307218,-0.200014,-0.099656,0.349746,-0.154294,0.271681,0.37864,0.291404,0.09186,0.014402,0.2119,-0.289611,-0.392578,0.145002,#
5,-0.026734,-0.090979,-0.32643,-0.273754,-0.051822,1.0,0.221692,0.207801,-0.080735,0.045648,0.043054,0.083586,-0.232131,0.48286,0.198194,0.114485,-0.068851,-0.166602,-0.096245,-0.168389,0.115585,0.079295,-0.011401,-0.268171,0.180325,-0.105482,0.040182,0.028859,-0.032047,-0.018249,0.144352,0.210835,0.096106,-0.163803,-0.168381,0.07493,-0.086408,0.058383,0.099668,-0.050552,-0.045394,0.042544,0.082264,0.284146,-0.103246,0.083708,-0.10765,-0.003558,0.176309,0.166244,0.219997,0.037602,0.230009,-0.269959,-0.061147,0.061944,0.196708,0.178906,-0.058716,0.307425,0.284017,0.103448,-0.139274,0.310476,0.031111,0.007307,-0.181339,0.283211,0.063032,-0.167539,-0.163209,-0.154168,0.107824,-0.142003,0.007084,-0.040772,0.182684,0.198021,-0.23887,0.00419,-0.058946,-0.04182,0.152006,-0.139203,-0.033912,0.102488,0.008173,-0.24473,-0.147974,-0.149428,-0.063146,0.025559,0.043965,-0.206364,0.11463,-0.12484,-0.147096,-0.096971,0.049115,-0.200647,-0.089719,-0.015784,0.01484,-0.288956,0.167354,-0.088706,-0.140795,-0.316666,-0.2169,-0.429963,-0.097078,0.129303,-0.169611,-0.110436,-0.151134,-0.214332,-0.025028,-0.122893,-0.081958,-0.141597,-0.035055,0.105484,0.012524,-0.075545,-0.244488,0.004556,0.043981,0.026907,-0.102605,-0.221679,-0.043406,-0.10868,-0.100024,0.128696,-0.106632,-0.112744,0.089785,-0.139542,-0.134631,-0.023193,-0.110777,-0.270234,-0.389093,-0.18995,0.084345,-0.002751,0.00861,0.011945,0.21929,-0.156498,-0.058079,0.029135,-0.127581,0.254458,-0.108349,-0.086837,0.218072,0.119182,-0.224924,0.18113,-0.106841,-0.05551,-0.029361,0.036526,0.01718,0.143459,0.32747,0.265493,0.035068,-0.061193,0.245439,-0.002527,0.13739,0.171926,0.239419,-0.002174,0.033599,0.029162,0.247912,-0.061385,0.166304,0.099308,0.073076,0.140332,0.149619,-0.278826,0.00234,0.002432,0.070628,0.229027,0.008875,-0.074044,0.167025,-0.181921,0.226747,0.1144,0.095566,-0.213619,0.053956,0.266248,#
6,0.237463,0.021761,0.0123,-0.209327,0.168524,0.221692,1.0,0.238256,0.426976,-0.018221,0.228793,0.23977,0.080947,0.050083,0.131385,0.184196,-0.213904,-0.18239,0.102486,-0.050067,-0.093713,0.259631,0.125978,-0.330219,-0.032288,-0.005072,0.076466,-0.290055,0.186726,0.103219,-0.37115,0.027731,-0.094522,-0.206967,-0.082768,0.096697,0.136052,-0.134872,-0.061417,0.132395,0.054114,0.053582,-0.297546,0.043248,-0.030615,0.049295,0.062121,0.21673,0.16696,0.228956,0.2546,-0.098215,0.121309,-0.085897,0.074229,0.044478,0.050244,0.143847,0.007802,0.218005,0.187567,0.231162,-0.218127,0.287667,0.111326,0.030435,-0.120101,0.021005,0.187467,-0.270917,0.116896,-0.324158,0.076551,-0.288306,-0.420075,0.234746,-0.21296,-0.21517,-0.41687,-0.254513,-0.197889,-0.297014,-0.10021,-0.460628,-0.309467,-0.040213,-0.16072,-0.169178,-0.380734,-0.09914,-0.095576,-0.215106,-0.087241,-0.122614,-0.459865,-0.016051,-0.209652,-0.415047,-0.135078,-0.169006,-0.088498,-0.167804,-0.203246,-0.255992,-0.086718,-0.146067,-0.114705,-0.246417,-0.300831,-0.080612,-0.059161,0.102957,-0.181732,-0.259871,-0.089355,-0.298624,-0.255067,-0.12665,-0.001591,-0.394671,-0.173542,-0.2066,-0.083185,-0.403021,-0.174159,-0.109988,-0.267408,-0.092006,-0.241888,-0.263111,-0.221192,-0.268813,-0.220592,-0.073294,-0.13899,-0.163348,0.088989,-0.213274,-0.010606,-0.381488,-0.245852,-0.175661,-0.333853,-0.076389,-0.167149,-0.133819,-0.483908,0.436533,-0.050872,-0.38317,-0.101779,-0.278211,-0.35423,-0.053696,-0.220102,-0.224315,0.176669,0.32968,-0.091943,-0.238376,0.008234,-0.213316,-0.096074,-0.156576,-0.086503,0.353871,-0.110434,0.147117,-0.005337,-0.133929,-0.027254,0.031823,0.00128,-0.185147,0.395611,-0.430188,-0.190973,0.404811,0.30929,-0.313384,0.331027,0.34857,0.072677,0.118025,0.365459,-0.092481,0.006799,-0.002901,-0.071533,0.382887,-0.001323,0.154715,0.374854,0.064732,-0.052393,0.188332,0.473738,-0.257467,-0.130536,0.139993,#
7,-0.001293,-0.034888,-0.042904,-0.171309,-0.136083,0.207801,0.238256,1.0,0.01134,-0.166807,-0.227423,-0.094098,-0.076903,0.178969,0.159049,-0.194317,-0.120083,-0.016923,0.13023,0.004258,-0.034494,0.369991,-0.122953,-0.117517,-0.072532,0.20092,0.340626,0.081503,-0.34854,-0.043891,0.086155,0.3887,0.173814,-0.089415,-0.059189,0.027491,0.07805,-0.2193,0.107397,-0.217743,-0.093586,0.224624,0.245822,-0.019652,-0.208869,0.014526,0.082975,0.058451,-0.272665,-0.0334,-0.068687,0.056524,0.134679,-0.314716,-0.185416,0.15239,0.206154,-0.194138,-0.048526,0.208712,0.029004,0.380924,-0.16342,0.274425,0.205611,0.210732,-0.115525,0.074824,-0.080464,-0.251988,0.134138,-0.006833,-0.103665,0.015895,-0.134576,-0.218225,0.047827,-0.099849,-0.233111,0.128476,0.185863,-0.107778,0.199871,-0.119948,0.051213,0.35398,0.176382,0.129376,0.040615,0.079037,0.042216,-0.005898,0.037238,0.072049,0.082195,0.128102,-0.135345,0.109412,-0.050855,-0.207624,-0.111419,-0.166312,0.016019,0.023527,-0.169106,0.005632,0.096142,-0.225866,-0.002349,-0.295699,-0.026654,0.156816,-0.001904,0.056234,0.096207,-0.019325,-3.9e-05,0.170359,0.055879,-0.140165,-0.119379,0.069709,-0.007775,-0.07694,-0.057364,0.137146,0.086848,-0.404665,0.113394,0.015147,0.036887,-0.146466,0.067792,-0.031763,0.071614,0.060185,0.187691,0.04443,0.00328,-0.137567,-0.057311,-0.326103,-0.068831,0.065034,0.150878,-0.147663,-0.028378,0.043421,0.125287,0.143959,0.042163,-0.034717,0.221615,0.10044,0.351621,0.084929,0.101572,-0.025676,-0.178953,0.232522,0.118208,-0.069724,0.022302,0.106675,0.223494,0.016472,-0.023994,0.142958,-0.103252,0.17676,-0.110554,0.037831,0.081766,0.129255,0.073303,0.059269,0.002444,-0.004164,0.021265,-0.203598,0.012394,-0.090609,-0.061926,-0.118136,-0.106412,-0.029824,-0.064076,0.163128,-0.034639,-0.015662,0.129223,-0.010384,-0.033654,-0.179727,0.106627,0.100263,-0.152371,-0.135878,0.089982,-0.122425,#
8,0.434303,0.11439,0.015321,-0.205424,0.090644,-0.080735,0.426976,0.01134,1.0,-0.082975,0.126716,0.146278,0.250995,-0.045396,0.28253,-0.090008,-0.199917,0.144448,0.27146,-0.045827,-0.206852,0.042782,0.319848,-0.103679,0.051343,-0.228531,0.011953,0.051758,0.344827,0.1562,-0.20406,0.079643,0.12181,-0.049435,-0.216804,-0.100575,0.342614,-0.163557,0.039047,-0.002492,0.079097,-0.180757,-0.271624,0.003743,0.055382,-0.163118,0.354585,0.266567,0.142017,0.182377,-0.018335,-0.094979,0.067673,0.118835,0.09673,0.06423,-0.027832,-0.091417,0.046006,-0.017134,0.027362,-0.042284,-0.115048,0.074881,0.014839,0.16265,0.132451,-0.139579,0.206644,0.171987,0.135412,-0.221543,0.135689,-0.055625,-0.23684,-0.031499,-0.1409,-0.27376,-0.217501,-0.153771,-0.02426,-0.279734,-0.11929,-0.078858,-0.086135,0.118534,-0.075918,-0.080323,-0.180235,-0.147707,0.12274,-0.043569,-0.301201,0.354597,-0.15574,0.136949,-0.057913,-0.335137,0.135808,-0.134686,-0.128771,-0.235025,-0.260124,-0.146042,0.043763,0.035598,-0.188056,0.112411,-0.127017,0.082569,0.128305,0.049927,0.013811,-0.092166,0.023368,-0.456269,-0.191391,-0.086552,0.230066,-0.370959,-0.174219,-0.210487,0.042379,-0.586837,-0.239272,0.007139,-0.067443,0.001942,-0.086477,-0.314928,0.106509,-0.207597,0.078955,-0.041423,-0.071596,-0.014696,-0.221433,-0.145825,0.2149,-0.078473,0.00819,-0.047406,-0.364747,-0.211878,-0.225919,-0.055193,-0.183105,0.325895,0.00046,-0.204713,0.041503,-0.280913,-0.113691,-0.157143,-0.087482,-0.151891,0.240989,0.415216,0.033535,-0.217746,0.032427,-0.112405,-0.028333,0.070306,0.083584,0.043766,-0.148005,-0.091997,-0.121224,0.008503,-0.174726,0.274628,0.039468,-0.290866,0.281938,-0.27724,-0.136349,0.23138,0.154978,-0.368143,0.231711,0.233009,-0.148064,-0.109027,0.102031,0.123497,-0.064309,0.075699,-0.330963,0.185556,0.105642,-0.11342,0.188571,0.082748,-0.111624,0.060034,0.322777,-0.226247,0.009206,-0.033734,#
9,0.034298,0.193606,0.135622,-0.07238,0.264152,0.045648,-0.018221,-0.166807,-0.082975,1.0,-0.138588,0.113357,0.251066,0.154424,-0.134609,-0.079825,-0.411113,0.27635,-0.134137,-0.027215,0.156366,-0.021635,0.121039,0.102757,0.161111,0.113773,0.080812,-0.209347,-0.049369,0.188486,-0.07255,-0.012682,-0.038477,0.256407,-0.31772,0.269982,-0.001893,-0.166738,-0.07772,-0.142836,0.107069,0.221499,0.108595,0.239236,0.244312,-0.193514,0.014336,0.436117,0.159483,0.179148,-0.167904,-0.163794,-0.034683,-0.114654,-0.025986,-0.443348,-0.154832,0.050403,0.06933,-0.081835,0.09299,0.291094,-0.183071,-0.218802,0.031432,-0.021715,-0.045259,0.213248,0.105406,-0.133633,-0.003611,-0.261703,0.016308,-0.083769,0.151355,0.16626,-0.257912,-0.363634,0.005483,-0.06105,-0.077829,-0.057669,-0.079019,-0.24128,-0.044137,-0.154364,-0.247776,-0.097482,-0.266766,0.052134,-0.149454,-0.017585,-0.195174,0.069172,-0.151166,0.103629,0.074529,0.035856,0.179727,-0.172242,-0.087462,-0.144834,0.036355,-0.069895,-0.241576,-0.208818,-0.201172,-0.254142,-0.090378,-0.144697,0.341174,0.134497,-0.031416,-0.313084,-0.169883,-0.01962,-0.147076,-0.277422,0.254438,-0.303236,0.019606,0.089724,0.090074,-0.037753,-0.160186,0.007638,-0.174811,-0.023878,-0.141966,0.180401,-0.031711,0.011934,0.060769,0.574706,-0.10232,0.111556,-0.058249,-0.089471,0.307124,-0.286252,0.038814,0.022797,-0.07575,0.028242,-0.001736,0.008826,0.125091,0.07969,-0.360689,0.146374,-0.508768,0.040685,0.174272,0.057709,-0.054959,0.223462,0.303773,0.316851,-0.155538,0.12935,-0.067169,0.087549,-0.079273,0.189726,-0.008667,0.383898,-0.189374,-0.154056,-0.020089,-0.026873,0.073875,-0.004358,-0.108661,-0.31057,0.177293,0.090845,-0.004038,-0.057526,0.163605,-0.029446,-0.009148,0.015968,-0.272451,0.233559,-0.181953,-0.142139,0.077601,-0.181363,-0.281758,0.285109,-0.060479,-0.024313,-0.081038,-0.014916,0.033983,-0.305581,0.020266,0.029263,0.257655,-0.053154,#
10,-0.096557,-0.186984,-0.093698,0.179623,-0.105604,0.043054,0.228793,-0.227423,0.126716,-0.138588,1.0,-0.13068,-0.238173,-0.105199,0.288206,0.241268,0.053815,-0.364342,0.083478,0.075593,-0.12944,0.092482,-0.060136,0.121272,-0.010244,0.207934,-0.102527,0.129999,0.226185,-0.248408,0.035794,-0.120399,-0.057588,-0.191301,0.200727,-0.211697,-0.165572,0.157187,0.091112,0.376361,-0.194248,-0.186107,-0.347606,0.015642,0.254005,0.15292,-0.220995,-0.275811,0.235508,-0.00221,0.147226,0.255934,-0.026399,0.240098,0.11043,0.307268,0.069462,-0.014938,-0.016949,0.076617,0.233235,-0.062081,0.131685,0.075637,0.047813,-0.133852,-0.078453,-0.213191,-0.352223,0.009155,-0.121377,0.147484,0.254347,0.086221,-0.101793,0.120083,-0.092415,0.131274,0.06595,-0.16518,-0.117745,0.102248,0.153185,-0.206427,-0.129112,-0.04735,0.226121,0.046035,-0.248302,-0.181885,0.183858,-0.144666,0.227723,-0.239868,0.001173,0.11013,-0.004502,-0.033227,-0.215456,0.061206,0.003299,0.12004,-0.054205,-0.039332,0.149498,0.061511,-0.128195,0.067113,-0.066407,0.259675,-0.185013,-0.150169,-0.10039,0.119506,-0.176687,-0.164001,0.131927,0.04183,-0.198438,0.155942,0.222502,-0.123934,0.236491,0.152984,0.204023,-0.14893,0.026387,0.143809,-0.110019,-0.063346,0.137608,-0.2315,-0.205788,-0.271352,0.139243,0.196879,0.116701,-0.172012,-0.141571,0.119312,-0.119623,0.14506,-0.130809,-0.055523,0.001125,0.082623,-0.192342,-0.216013,0.300888,-0.160139,0.197129,0.208527,-0.23441,-0.017989,-0.135836,-0.040961,-0.230701,-0.000371,0.152691,-0.023553,-0.110773,-0.204003,0.049896,-0.327864,-0.301837,0.009209,0.042078,0.169743,0.302944,-0.344084,0.109121,-0.280249,-0.057374,0.197926,0.12822,-0.213543,-0.164526,0.062157,-0.131358,0.075449,-0.039766,0.283795,0.178433,0.416927,-0.060654,0.137728,-0.117041,-0.218429,0.337946,-0.098214,-0.080203,0.324282,0.031484,-0.141095,-0.029947,-0.042137,0.127627,0.025633,-0.172185,0.083967,#
11,0.264111,0.072898,-0.055417,-0.312887,0.137563,0.083586,0.23977,-0.094098,0.146278,0.113357,-0.13068,1.0,0.119916,-0.14635,-0.028072,0.260812,0.005205,-0.105403,-0.237678,-0.34916,0.004883,0.004845,-0.051726,0.015259,0.074651,-0.050758,0.003381,-0.369831,0.221601,0.239897,-0.374585,0.009339,-0.23076,-0.01446,-0.037015,0.162318,-0.262377,-0.036386,-0.101261,0.045455,0.114593,-0.091446,-0.248646,-0.203801,-0.080772,0.025263,-0.048347,0.088771,-0.087908,0.060298,-0.142377,-0.228626,-0.054029,0.017624,0.164853,-0.209903,-0.256743,-0.082198,-0.025655,0.214074,-0.140171,0.087981,-0.074032,0.015601,0.191992,-0.24017,-0.216378,0.004694,0.173397,-0.187102,0.041178,-0.251024,-0.043888,-0.330408,-0.360538,0.008448,-0.280103,0.089609,-0.353481,-0.197525,-0.23232,-0.312336,-0.189474,-0.062079,-0.166242,-0.062574,-0.1861,-0.362036,-0.195964,-0.126857,-0.00364,-0.180534,-0.073679,-0.331284,-0.330981,0.000647,-0.085997,-0.375137,-0.241284,-0.040437,0.100952,-0.201438,-0.100708,-0.352096,-0.116307,-0.184955,-0.095809,-0.056602,-0.35561,-0.038728,-0.235454,0.071553,-0.373991,-0.076485,-0.111541,-0.331715,-0.231914,-0.071522,-0.386167,-0.135224,-0.186628,-0.247871,-0.263582,-0.084676,-0.150526,-0.173982,-0.007835,-0.106785,-0.15781,-0.104202,-0.231148,-0.165436,-0.052437,0.036973,-0.311323,-0.13359,-0.23076,-0.435643,0.10016,-0.219859,-0.049996,-0.021859,-0.238506,-0.205706,-0.260796,-0.22528,-0.131136,0.055772,-0.305028,-0.191123,-0.272958,-0.365512,-0.090952,-0.206615,-0.23728,-0.392527,0.084621,0.131108,-0.098611,-0.055223,0.010501,-0.101028,-0.088735,-0.216758,-0.153197,0.171222,0.11612,0.061167,0.111658,-0.35773,0.268897,0.030982,-0.172039,-0.098999,0.307909,-0.314406,-0.366042,0.216671,0.134009,-0.236235,0.456613,-0.008946,0.301378,0.18801,0.390995,-0.128018,0.226248,0.075504,0.046124,0.372193,0.060393,0.312341,0.253757,0.067044,-0.170574,0.271723,0.211176,-0.188364,0.011167,0.005969,#
12,0.449908,0.045767,0.035675,-0.183576,0.284597,-0.232131,0.080947,-0.076903,0.250995,0.251066,-0.238173,0.119916,1.0,0.154087,0.078071,-0.102908,-0.115218,0.203097,0.070659,0.060286,-0.184159,0.062785,0.353772,-0.133138,-0.260338,-0.140032,0.071442,-0.215052,0.216242,-0.058144,-0.303958,0.117584,-0.069085,0.085301,-0.103983,0.046664,0.265991,-0.166627,-0.040582,-0.175012,0.226207,0.245568,-0.046943,-0.11482,0.076929,-0.139272,0.456819,0.315708,0.0433,0.093403,-0.095806,-0.19324,0.20085,-0.052583,0.024689,-0.15153,-0.124217,0.090906,0.120535,-0.072655,0.031896,0.078707,-0.153704,-0.162684,0.106462,0.252084,0.217783,-0.011722,0.241896,-0.151405,0.255616,-0.236578,-0.06211,-0.106632,-0.145516,0.190825,-0.107166,-0.417006,-0.066966,-0.134271,-0.082617,-0.18583,-0.28284,-0.174249,-0.009986,-0.010254,-0.283422,0.02048,-0.108259,0.023137,-0.210937,-0.192853,-0.2167,0.136963,-0.033628,-0.076351,0.059229,-0.145372,0.134544,-0.52891,0.318515,-0.227025,-0.237508,-0.249228,-0.213064,0.056037,-0.13747,-0.079036,-0.26737,-0.004635,0.305189,-0.1962,0.01372,-0.232412,-0.12084,-0.192673,-0.475163,-0.078217,0.268756,-0.528849,0.007764,-0.339353,-0.042995,-0.302256,-0.095533,0.089953,-0.428677,0.038544,-0.156623,-0.163322,-0.005187,0.00689,0.084671,0.171733,-0.167034,-0.06246,-0.088563,0.064181,0.142787,-0.339558,-0.217045,-0.182752,-0.14753,0.085166,-0.281859,-0.013257,-0.199846,0.318432,-0.424937,-0.02842,-0.152913,-0.323358,0.011491,-0.113488,-0.005556,0.059843,0.366867,0.337599,-0.209691,-0.216424,-0.229182,-0.081985,-0.321327,0.020141,0.283264,-0.004854,-0.072424,-0.122289,-0.272943,0.06416,0.070986,0.218086,0.015766,-0.300896,0.240804,0.084791,0.001519,0.276462,0.213105,-0.389412,0.10937,0.147007,-0.146287,-0.247853,0.134201,-0.106866,0.279024,0.019825,-0.366534,0.32875,-0.039969,-0.140318,0.165632,0.215621,-0.029851,-0.002515,0.262248,-0.229405,-0.044716,0.006216,#
13,0.171849,0.050398,-0.058198,-0.185917,0.072361,0.48286,0.050083,0.178969,-0.045396,0.154424,-0.105199,-0.14635,0.154087,1.0,0.061574,-0.000668,-0.198352,0.110543,0.213511,-0.110271,-0.031032,0.056373,0.276473,-0.219825,-0.093766,-0.313714,0.258608,0.100644,0.126615,-0.034327,0.041028,0.243221,0.07044,-0.196417,-0.137835,0.142475,0.084337,0.08025,-0.065323,-0.340208,0.19514,0.260379,0.317295,0.354402,-0.115881,-0.31663,0.295589,0.26688,0.129354,0.005058,-0.01222,0.062708,0.047874,-0.314591,-0.301194,-0.244658,0.160242,-0.038456,0.023205,0.013705,0.193289,0.22471,-0.113298,0.11827,0.190074,0.403865,0.167944,0.328182,0.181992,-0.09028,-0.09292,-0.240158,0.056818,-0.212156,-0.023766,0.212888,-0.025205,-0.134452,-0.110188,-0.010756,-0.188354,-0.217381,0.054644,-0.025738,0.007862,-0.04597,0.071572,-0.084217,-0.10597,-0.104941,-0.047648,-0.203427,-0.085231,0.054929,0.119765,-0.16349,-0.121668,0.003106,-0.037765,-0.366219,0.062208,0.019412,0.030735,-0.149791,-0.080903,-0.016488,-0.152057,-0.459615,-0.058132,-0.166756,0.164741,0.200541,-0.022926,0.020504,-0.092845,-0.033101,-0.317379,-0.149357,0.203037,-0.258137,-0.072233,-0.067712,-0.100597,-0.06646,0.012201,0.057453,-0.221872,0.057249,-0.044125,-0.150523,-0.075055,0.10712,-0.14713,0.323977,-0.166934,-0.159807,-0.101414,-0.102272,0.132703,-0.153581,-0.188636,-0.324478,-0.198864,-0.241222,-0.023946,0.151754,-0.096036,0.041783,-0.066443,0.033594,-0.14096,-0.059479,-0.14802,-0.017638,0.088422,0.080982,0.374639,0.411966,-0.274205,0.086841,-0.108007,-0.129292,0.020066,0.140776,0.07712,0.10606,0.149764,0.079735,-0.237665,0.157867,0.013856,0.191843,-0.221044,-0.132518,0.213762,0.171993,-0.062769,0.06458,0.396038,-0.295767,0.153386,-0.090399,-0.162822,-0.021889,0.124251,-0.138284,0.120615,-0.041849,-0.122536,0.225626,-0.093198,-0.165122,0.260968,0.18429,0.203145,-0.009092,0.262285,-0.209966,0.135299,0.00563,#
14,0.032824,0.129595,-0.176182,-0.141336,0.046056,0.198194,0.131385,0.159049,0.28253,-0.134609,0.288206,-0.028072,0.078071,0.061574,1.0,0.112462,-0.150217,-0.300312,0.002619,-0.034859,-0.162739,0.385651,0.203485,0.034982,-0.08919,0.037163,0.026196,0.226206,0.267255,-0.059312,-0.165449,0.392169,0.119948,0.073062,-0.234538,-0.155347,0.019863,0.018976,0.362663,0.096415,-0.238136,0.134356,-0.087534,-0.010377,-0.120282,0.273563,0.320626,-0.1831,0.075863,0.209099,0.041457,0.059882,-0.006392,-0.235741,0.004524,0.222116,-0.059454,0.233459,-0.334512,0.217587,0.259298,0.114345,-0.031276,0.440414,0.152036,0.225574,-0.155328,-0.020697,0.011692,-0.182635,0.197907,-0.101926,0.275677,-0.163142,-0.238116,-0.172589,-0.091014,0.049086,-0.242656,-0.305928,-0.136487,-0.200005,-0.158771,-0.232614,-0.261191,0.016873,-0.089355,-0.285171,-0.328211,-0.163871,-0.034538,-0.056666,-0.015358,0.014786,-0.073095,0.091184,-0.178528,-0.112972,-0.122478,-0.179036,-0.004294,0.036732,-0.20384,-0.23707,-0.073704,0.047643,-0.287233,-0.033379,0.018298,-0.206241,-0.24664,-0.127897,-0.243782,0.031551,-0.319395,-0.256808,-0.209304,0.069309,-0.135445,-0.13246,-0.07681,-0.274595,0.103678,-0.092409,0.144493,-0.075865,0.091369,-0.129637,-0.239374,-0.259663,0.163815,-0.330697,-0.251667,-0.293547,-0.160796,0.00996,-0.040816,-0.166928,0.174027,-0.095866,-0.048176,-0.310578,-0.260285,-0.154605,-0.302389,-0.175211,-0.121985,-0.179181,-0.003096,-0.241652,0.058808,-0.039892,-0.074636,-0.024818,-0.116017,-0.048709,0.10618,0.133006,-0.228777,0.045979,-0.226557,-0.230303,-0.04939,-0.294494,-0.14442,0.147235,-0.022838,0.165112,-0.1067,-0.116443,-0.077698,0.115114,-0.108098,-0.042436,0.316481,-0.06662,-0.086632,0.021677,-0.05766,-0.156624,0.146358,0.373217,0.213691,0.102475,-0.019255,-0.069121,0.150647,-0.010284,0.160807,-0.024521,-0.223669,0.304496,0.010137,-0.065474,-0.030586,-0.22759,0.108733,-0.282967,0.054695,0.139875,#
15,0.010744,-0.033062,-0.201049,-0.178802,-0.12058,0.114485,0.184196,-0.194317,-0.090008,-0.079825,0.241268,0.260812,-0.102908,-0.000668,0.112462,1.0,0.104934,-0.391335,0.202179,-0.022755,0.047481,0.156839,-0.175984,-0.121287,-0.162458,0.039483,-0.226867,0.006923,0.175735,-0.08111,-0.377683,-0.0339,-0.108856,-0.059061,0.315874,0.108743,-0.231835,0.219408,-0.302275,0.122619,-0.05506,-0.193904,-0.136683,-0.006427,0.12914,0.144077,-0.057259,-0.301675,0.139724,0.223287,0.100034,0.071947,-0.157312,0.076259,-0.11398,0.041729,0.052202,0.021047,0.022171,0.126421,0.179117,-0.122109,0.067526,0.3647,0.118682,-0.119018,-0.162387,0.00748,0.112378,-0.226847,-0.08156,-0.004923,0.022815,-0.247772,0.002433,0.066735,-0.228289,0.064465,-0.071137,-0.241323,-0.140357,-0.178071,-0.145758,-0.207989,-0.142758,-0.141647,-0.154143,-0.358564,-0.056967,-0.065337,0.155887,-0.170391,0.2786,-0.490959,-0.179434,-0.112512,-0.159495,-0.460291,-0.505253,-0.038173,0.200573,-0.020539,-0.285869,-0.030309,-0.065649,-0.040261,-0.323133,-0.14597,-0.110476,-0.017607,-0.364997,-0.217757,-0.13045,0.055834,-0.300794,-0.069499,-0.122777,0.057888,-0.358154,0.166001,-0.071173,-0.023553,-0.089932,0.288195,0.01306,-0.222333,0.081982,0.020991,-0.126588,-0.105311,-0.200503,-0.116604,-0.221633,-0.020907,-0.226907,-0.115255,-0.108856,-0.395243,-0.213088,-0.138778,-0.150438,-0.175293,-0.153108,-0.000188,-0.312668,0.275176,-0.244413,-0.070335,-0.193044,-0.343478,-0.027713,0.046662,-0.204292,-0.052637,-0.374752,-0.234392,-0.21409,0.053713,-0.174998,-0.044812,-0.442173,-0.204665,-0.098761,-0.383114,-0.272527,0.254461,-0.06463,0.224591,0.000984,-0.211556,0.082393,0.227596,-0.149226,0.083775,0.104831,-0.269432,0.003321,0.05841,-0.187525,0.049904,0.236844,0.222604,0.48153,0.458199,0.258466,-0.074297,0.121314,-0.020332,0.467612,0.023546,-0.402391,0.372439,0.172762,0.191054,-0.127969,0.180785,0.428533,0.055696,-0.178603,0.05728,#
16,0.027703,-0.237663,-0.032545,0.03357,0.090357,-0.068851,-0.213904,-0.120083,-0.199917,-0.411113,0.053815,0.005205,-0.115218,-0.198352,-0.150217,0.104934,1.0,-0.258569,-0.112841,-0.180076,-0.311916,-0.132325,-0.249889,0.119636,-0.086918,-0.115028,-0.303984,0.104743,-0.160065,-0.261749,0.158877,0.037112,-0.039928,-0.279926,0.046813,-0.251874,-0.229346,0.179317,0.013593,0.098626,-0.13376,-0.20754,-0.087949,-0.09349,0.049511,0.203145,-0.182127,-0.297056,-0.211288,0.046097,0.216074,0.031064,0.005801,0.140147,0.164988,0.160713,-0.085113,0.120569,-0.221772,0.006104,-0.073365,-0.226472,0.088678,0.150951,0.050054,-0.08476,0.081253,-0.144796,-0.168982,0.095873,-0.073358,0.171397,0.109091,-0.113507,-0.209404,0.092478,0.019334,0.096027,0.116201,0.094862,0.009915,0.080014,0.1135,0.277202,0.027242,-0.053777,0.03439,-0.093451,0.09554,-0.225257,0.165377,0.026304,0.251706,-0.320673,0.133583,-0.129614,0.006762,0.072684,-0.059943,0.078758,0.243205,-0.026126,-0.018281,0.116459,0.090032,-0.093509,0.309405,0.021468,-0.037416,0.306504,-0.298299,-0.153718,0.106198,0.131955,-0.06595,0.016639,0.307642,-0.082908,-0.194705,0.39877,-0.057207,0.233598,-0.367914,0.160759,0.066784,-0.204252,-0.061797,0.13,-0.156958,0.096613,-0.065927,0.123902,0.006339,-0.228752,0.108638,-0.208659,0.122123,-0.248196,-0.48581,0.08674,0.031272,0.2406,0.13408,0.189766,-0.11627,-0.088743,-0.110529,-0.081366,0.030427,0.029704,0.273788,0.196658,-0.064665,-0.095402,-0.236973,-0.229695,-0.38745,-0.251019,-0.035542,-0.218503,-0.024438,-0.025623,0.040429,-0.208172,0.035125,-0.177711,0.102717,0.055046,0.198582,-0.027341,0.331304,-0.105014,0.00254,0.263218,-0.360918,-0.114196,0.009964,-0.210609,-0.288491,0.186884,-0.060076,-0.306949,0.470191,0.04968,-0.041913,0.092318,0.038874,0.01187,0.265825,-0.274953,0.022268,0.081617,0.020376,0.143014,0.049451,0.183656,-0.145964,0.16198,-0.299192,0.036094,#
17,0.034079,0.133182,0.217652,0.042233,-0.048014,-0.166602,-0.18239,-0.016923,0.144448,0.27635,-0.364342,-0.105403,0.203097,0.110543,-0.300312,-0.391335,-0.258569,1.0,0.092689,0.218308,0.132858,-0.107176,0.309758,0.109044,0.234434,-0.103444,0.201184,0.019883,-0.161692,0.076556,0.2483,-0.021552,0.199364,0.307034,-0.289691,-0.077774,0.369938,-0.192687,0.150081,-0.337902,0.093145,0.292117,0.366012,-0.07082,0.083386,-0.379789,0.221172,0.441264,-0.018394,-0.201018,0.0558,-0.018721,-0.209582,-0.00105,-0.087258,-0.09033,-0.025098,-0.14816,0.003786,-0.214745,-0.239796,0.001044,-0.18755,-0.334591,-0.201056,0.069681,0.300108,0.081103,0.164703,0.327397,0.05842,-0.07087,-0.161175,0.31776,0.188229,-0.138706,0.105172,-0.24668,0.169904,0.125258,0.055466,0.097987,0.044785,0.24269,0.204625,0.212363,-0.134506,0.28992,0.197716,0.049041,0.203532,0.060441,-0.166542,0.534838,0.289911,0.130944,0.207498,0.278711,0.290445,-0.119097,-0.22525,-0.184884,-0.070313,0.287553,0.038791,0.197797,0.04221,-0.002287,0.035063,-0.023115,0.468823,0.205645,0.463198,-0.005697,0.292646,0.056945,-0.097971,-0.137182,0.495602,-0.282083,0.016782,0.146344,0.04035,-0.366382,-0.286742,0.297113,0.030561,-0.052704,-0.04603,-0.040092,0.225432,0.198532,0.440544,0.209879,0.090405,0.085237,-0.179911,0.384231,0.396367,-0.051598,0.149441,0.150347,0.139207,-0.168304,0.068598,-0.019027,0.19081,0.244729,-0.160867,0.405224,-0.09869,-0.007416,0.225008,0.155317,0.153564,0.219949,0.365651,0.027542,-0.057271,0.138832,0.29369,0.372892,0.177673,0.709291,0.219161,-0.019819,0.04088,-0.1693,-0.324052,0.201098,-0.26503,0.189754,0.104976,-0.15375,-0.171392,0.152708,0.259618,0.015748,0.149144,-0.165604,-0.08771,-0.194599,-0.668937,-0.285015,-0.230431,0.102935,-0.04865,0.181143,-0.524862,0.120374,0.099289,-0.416228,-0.236888,-0.177389,-0.006889,-0.106299,-0.180924,-0.042989,0.298177,-0.402619,#
18,0.229753,0.087634,0.097875,0.125426,-0.149981,-0.096245,0.102486,0.13023,0.27146,-0.134137,0.083478,-0.237678,0.070659,0.213511,0.002619,0.202179,-0.112841,0.092689,1.0,0.019858,-0.031842,0.120654,-0.115457,-0.105745,-0.347267,-0.163959,-0.114509,0.289456,0.161086,-0.219796,-0.10563,0.183672,0.065605,-0.108717,0.019067,-0.096887,0.233237,0.36045,-0.194522,-0.16575,0.206891,-0.115012,-0.037713,-0.024672,-0.112367,-0.228382,0.209576,-0.139077,0.056795,0.038434,-0.263704,0.335525,0.040455,0.074562,-0.262621,-0.032189,-0.067271,-0.161673,0.022723,-0.244363,0.120704,0.070354,0.127983,0.005705,0.022553,0.066852,0.258582,-0.147033,0.03293,0.01112,-0.16944,0.068527,0.010252,0.257753,0.087677,-0.083419,0.155165,-0.22448,0.14782,-0.073542,0.007791,0.052379,0.091088,-0.093056,0.053336,0.108839,0.076228,0.148441,0.01505,0.216189,0.423411,-0.006021,-0.049477,0.20273,0.127052,0.150502,0.113732,-0.027531,0.011884,-0.166374,-0.012578,-0.037756,-0.0968,0.095071,-0.082377,0.219129,-0.137717,-0.097269,0.14418,-0.107811,0.021382,0.006596,0.20481,0.131473,0.052263,-0.053286,0.125654,0.212897,0.200762,-0.052809,0.163133,0.046423,0.211215,0.021608,-0.007579,0.18362,-0.027881,0.107286,0.241703,0.078905,0.225233,0.148747,0.068396,-0.07614,0.138273,0.236588,-0.105283,0.046273,-0.143038,-0.047307,0.058632,-0.051505,-0.210517,-0.047983,0.162723,0.30528,0.039356,0.118944,-0.143547,0.021183,0.221983,0.158525,0.177194,0.028798,0.141156,0.06318,0.118225,0.156674,0.080398,-0.031314,-0.173925,0.017952,0.030827,0.027348,0.350649,0.020586,0.027887,-0.037211,-0.100071,0.300324,-0.457097,0.476723,0.101927,0.085006,0.020605,0.09913,0.094839,0.044605,-0.080658,-0.054533,-0.009665,0.092818,-0.149507,-0.052413,-0.011231,0.02606,0.114613,0.091539,-0.023742,-0.226109,-0.064856,-0.176086,0.062453,0.050251,-0.065721,0.013696,0.16136,-0.095651,0.058414,-0.128201,#
19,-0.213518,-0.059428,-0.050955,0.093102,-0.194041,-0.168389,-0.050067,0.004258,-0.045827,-0.027215,0.075593,-0.34916,0.060286,-0.110271,-0.034859,-0.022755,-0.180076,0.218308,0.019858,1.0,0.055325,0.20644,0.062475,-0.040011,-0.017071,0.097849,0.271002,0.090808,-0.232526,-0.040307,0.15121,-0.018508,0.397119,0.112629,0.291551,-0.21724,0.016958,0.078722,-0.062057,0.019977,0.154566,0.211304,-0.175174,-0.147429,0.017056,-0.078416,0.015075,0.082094,0.145832,-0.173801,0.162771,-0.055565,-0.1746,-0.023178,-0.215294,0.24297,0.010709,-0.062391,0.042976,-0.18522,-0.091471,-0.162296,0.113713,-0.069406,0.021254,-0.017326,0.185008,0.177456,-0.093323,0.211413,0.056112,0.058432,0.083256,0.178885,0.309143,-0.182134,0.293659,0.000268,0.217752,0.139234,0.098102,0.244678,0.054192,-0.205836,0.317205,0.261266,-0.020948,0.380482,0.130946,0.183264,0.077295,0.001248,-0.224246,0.226807,0.255889,0.294344,0.368998,0.119932,0.20348,0.033368,-0.094803,-0.055169,-0.115479,0.296758,0.166457,0.240362,0.051074,0.277088,0.070801,0.110939,0.432911,-0.216981,0.203176,-0.127431,0.174974,0.223619,0.185048,0.012077,0.219508,-0.066308,0.102811,0.086031,0.151819,-0.049839,-0.078772,0.229311,0.069935,0.094307,0.100775,0.077548,0.071438,0.108019,0.092063,0.055033,0.183014,0.126264,-0.164669,0.366952,-0.048651,0.305985,0.292,0.022269,0.0792,0.075577,-0.017035,0.030624,0.142079,-0.053868,0.220946,0.147599,0.144047,-0.070455,0.304138,0.295799,0.198755,0.495229,0.103297,-0.308411,0.322443,0.2248,-0.005182,0.118234,0.01787,0.41455,0.05527,-0.135385,0.054739,0.129526,-0.179997,0.325251,-0.220133,-0.259487,0.338551,0.003158,-0.085001,0.27071,0.28473,-0.084405,0.009918,0.163267,-0.119986,-0.050002,-0.388755,-0.187974,-0.17928,0.211427,-0.135871,0.009055,-0.247173,0.041966,0.034322,-0.170867,-0.254387,-0.358755,-0.090126,-0.089643,-0.130517,0.152886,-0.006191,-0.091191,#
20,-0.279006,-0.043414,-0.053807,0.012103,0.02217,0.115585,-0.093713,-0.034494,-0.206852,0.156366,-0.12944,0.004883,-0.184159,-0.031032,-0.162739,0.047481,-0.311916,0.132858,-0.031842,0.055325,1.0,-0.251729,0.03067,-0.144779,0.060645,0.146224,0.04785,-0.068292,-0.216034,0.18375,0.028778,-0.098815,-0.02229,0.292639,-0.080795,0.025327,-0.124543,-0.158475,-0.005133,-0.095059,0.045913,-0.183298,0.184054,0.037826,0.072087,0.10794,-0.217033,0.061811,0.11941,-0.347616,-0.040237,-0.10051,-0.185322,-0.016436,-0.127238,0.050167,0.13601,-0.045857,0.114854,0.065627,0.121413,-0.020306,-0.097964,-0.160421,-0.332545,-0.022171,-0.338043,0.231221,0.051789,-0.028949,0.060811,0.001115,-0.1215,0.196475,0.217233,0.024635,0.096185,0.164674,0.011437,-0.020758,0.100805,0.012479,0.141515,-0.091113,-0.013362,-0.04733,-0.044256,0.259222,0.14213,0.213388,0.028618,0.04966,0.063011,-0.08296,-0.18033,0.032405,0.083358,-0.012382,-0.020226,0.256479,-0.06562,0.142514,0.109599,0.04795,-0.102394,-0.061614,-0.103571,-0.016485,0.209254,-0.393615,0.08555,0.003174,-0.065378,-0.144618,0.187681,0.179119,0.144081,0.172961,-0.120802,0.025865,0.2243,0.15888,0.229788,0.082762,-0.002185,-0.018206,0.172734,0.15948,0.054063,0.096149,0.083208,0.017798,-0.027699,-0.074018,0.087443,0.306565,-0.195739,0.17669,0.13685,0.130985,0.017247,-0.070373,0.00457,-0.1332,0.146189,0.106469,0.385296,0.159768,-0.032357,0.001585,-0.232556,0.077664,0.184351,-0.018671,0.003487,0.035183,0.08723,-0.071151,0.074444,0.000677,-0.07886,0.046299,0.164704,0.019764,-0.162134,0.170326,0.049626,-0.078957,-0.027598,0.16704,-0.151545,-0.04937,-0.132511,0.0997,0.007024,-0.107053,0.08975,0.054039,-0.099575,-0.044405,0.078731,-0.148937,-0.098098,0.124729,0.142539,-0.29537,-0.010502,-0.126046,0.042361,0.027776,-0.025917,0.076511,-0.149234,-0.324787,0.020116,0.001544,-0.029393,-0.025544,0.127203,0.054433,#
