0,1.0,0.00916,-0.083821,-0.221233,0.162049,0.168871,0.281401,-0.10186,-0.064717,0.074315,0.223542,-0.075159,0.308752,0.195401,-0.04652,0.093946,-0.109196,-0.327302,0.363159,-0.106702,0.229348,0.063466,0.099168,-0.270307,-0.143114,-0.295647,-0.083339,-0.112529,0.334858,0.158093,-0.059488,0.069052,0.149589,-0.150324,0.253389,0.164518,0.226438,-0.07815,-0.155928,0.035046,0.032686,0.217617,0.004959,-0.065235,-0.060866,-0.154632,0.017622,0.040999,-0.020676,-0.052159,0.057916,-0.241094,0.210344,0.047476,0.321246,-0.027456,-0.136942,-0.008549,-0.08598,0.224619,0.393964,0.067525,-0.045839,0.274114,-0.11341,-0.028497,-0.140948,0.281555,-0.072994,-0.205802,-0.001819,0.011632,-0.082399,-0.2124,-0.341437,0.28699,-0.291429,-0.115994,-0.27964,-0.08089,-0.011926,-0.23107,-0.189572,-0.251161,-0.107863,-0.050644,-0.279545,0.005188,-0.218504,-0.358444,-0.326581,-0.290239,-0.060516,-0.363005,-0.034284,-0.357583,-0.321616,-0.276858,-0.191943,-0.063873,0.200234,-0.053889,-0.21221,-0.320342,-0.100294,-0.298182,-0.06915,0.18215,-0.215218,0.062619,0.046856,0.21923,-0.435961,-0.24066,0.100476,0.095371,-0.299781,-0.206252,-0.164591,0.012722,-0.286271,0.066892,0.001169,-0.203899,-0.164865,-0.124839,-0.103245,0.167881,-0.143537,-0.041999,-0.04373,-0.536366,-0.165729,0.17527,-0.19182,-0.11844,-0.079478,0.036214,0.256923,-0.096594,-0.217459,0.254981,-0.058271,-0.089529,-0.202225,-0.020549,-0.196621,0.107125,-0.299649,-0.252261,-0.16714,-0.191571,-0.193803,-0.243232,0.160414,-0.111897,0.183055,0.060675,-0.372902,-0.128552,0.072632,-0.236834,0.003546,-0.265544,0.030757,-0.169746,-0.067159,0.136038,-0.203519,-0.153844,0.134282,0.13327,-0.166219,0.010913,-0.055767,-0.020129,-0.133217,-0.007274,0.006574,-0.174457,0.129425,0.02319,0.075612,0.493273,0.226657,0.002009,0.213639,-0.062626,0.096508,0.321336,-0.210608,0.151651,0.34176,-0.088453,-0.148645,0.255586,0.112204,-0.195481,-0.130139,0.102736,#
1,0.00916,1.0,0.043774,-0.123084,-0.030893,0.012817,0.265374,0.14008,-0.028284,0.319624,-0.066211,-0.023542,0.064392,0.244361,0.20475,0.0435,-0.158662,0.201026,0.210773,0.07855,0.230858,0.046531,0.268169,-0.071161,-0.012991,-0.19085,-0.178,-0.048244,-0.010173,0.160253,-0.122235,0.033504,0.186671,-0.138307,-0.115636,0.115069,0.009277,-0.285332,0.061293,0.111179,0.042127,0.160543,-0.134826,0.026179,0.295141,-0.139879,0.055464,-0.120316,0.254561,0.324668,0.051669,0.014699,0.150101,0.004047,-0.029969,-0.044655,0.040528,-0.302572,-0.221852,-0.208566,0.092301,-0.04591,-0.189834,-0.078989,0.313291,0.240923,-0.130578,-0.032327,0.01819,-0.036433,0.058634,0.030439,-0.019727,-0.237975,-0.060649,-0.086959,-0.205771,-0.123652,0.116401,0.052824,0.098261,-0.183196,-0.102971,0.078477,-0.154116,-0.06761,-0.10636,-0.188474,0.017792,-0.021012,-0.182439,-0.076712,-0.281809,-0.062493,-0.05765,-0.035999,0.044431,0.115937,0.32271,-0.049115,-0.02379,0.132351,0.028747,-0.122283,-0.322895,-0.12427,-0.081585,-0.127763,-0.224326,-0.108103,0.243796,0.14406,-0.108143,0.043559,-0.121343,-0.059774,-0.032491,-0.001113,0.187179,-0.358134,-0.229284,-0.241968,-0.418618,-0.078863,-0.210746,-0.187869,0.180521,0.016227,-0.268265,-0.127251,0.196142,-0.023514,-0.153056,-0.281518,-0.189864,-0.312048,0.1511,0.258889,-0.035634,-0.126061,0.054039,-0.199713,-0.053003,-0.122531,-0.044818,-0.106496,-0.294772,0.1695,-0.02889,-0.080111,-0.104834,-0.148537,0.034751,-0.144284,-0.103259,-0.080106,0.220062,0.015084,-0.113023,0.07192,-0.058379,0.060142,-0.134671,0.069466,-0.028935,0.271339,0.132146,-0.044503,-0.180549,-0.35616,0.01477,0.011627,-0.035695,-0.087619,0.112393,-0.208532,0.012582,0.001161,0.242425,-0.286504,0.199325,0.032069,-0.213318,0.037978,0.220875,-0.261456,0.245238,-0.254363,-0.101935,0.290789,0.009613,-0.013321,-0.081929,0.240534,-0.164716,-0.180167,0.105695,-0.064724,0.171667,0.005245,#
2,-0.083821,0.043774,1.0,-0.040942,0.012808,-0.135227,0.110165,0.00066,0.237615,0.012278,0.101881,-0.085494,-0.077531,-0.055869,-0.178767,-0.145671,-0.276861,0.233769,-0.067517,0.133573,-0.034753,0.223966,-0.059534,0.008249,0.108972,0.132112,0.23248,-0.126656,0.059237,-0.331405,0.018827,0.16643,-0.148676,-0.016985,-0.011684,0.06289,-0.029054,0.212879,0.059748,-0.278575,0.199689,-0.034835,0.062128,-0.132399,0.036423,-0.223868,-0.17703,0.198301,-0.022675,-0.179192,-0.018185,-0.113313,0.272712,-0.104864,-0.231074,-0.03569,-0.132428,-0.198072,0.110554,0.0391,0.020461,-0.23164,-0.041545,-0.280044,0.19455,0.024796,0.212154,0.121522,0.208565,0.328339,0.064062,0.241607,-0.129342,0.126958,0.037356,-0.133516,0.076554,-0.107411,0.041571,0.048362,0.147935,0.118688,0.047713,0.146511,-0.107198,0.232345,0.074179,-0.008756,0.097,0.105692,0.041472,0.034408,0.214676,0.124415,0.108134,0.071746,0.34825,-0.031532,0.214191,0.238685,-0.119682,0.069162,0.115689,0.112058,0.136146,0.169525,0.088013,0.042605,-0.127194,-0.063112,0.135413,-0.169511,0.146801,0.122862,0.39241,-0.079252,-0.064554,0.145316,-0.02824,-0.051672,0.154777,0.155176,0.037524,-0.019788,-0.005374,0.161881,0.28907,-0.031433,0.090901,0.157889,0.464629,0.038816,0.164464,-0.002185,0.143863,0.070999,-0.056061,0.376087,0.107303,0.280792,0.028393,0.166743,0.169704,-0.042494,-0.012649,-0.015553,-0.172861,0.030457,0.184326,0.270505,0.089738,0.08202,0.185396,0.059439,0.124894,0.122823,0.000272,0.025436,0.237917,0.097968,0.385487,0.128486,-0.000457,0.219025,0.08179,-0.342616,0.065654,-0.081572,-0.022879,0.216941,-0.104833,-0.175462,-0.074078,0.155706,-0.170197,0.213375,0.151718,-0.07307,0.049521,-0.128995,0.120678,0.050039,-0.191261,-0.112183,-0.269639,0.162537,0.15126,0.152855,-0.095374,-0.146274,0.127137,-0.225661,-0.307641,0.311363,-0.176933,-0.084232,-0.124757,0.106846,0.165929,-0.046674,#
3,-0.221233,-0.123084,-0.040942,1.0,-0.116815,-0.315707,-0.253292,-0.16701,-0.314116,-0.371913,0.04387,-0.157153,-0.24978,-0.343252,-0.132812,-0.171212,0.187104,0.08644,-0.104998,-0.106896,-0.076272,-0.010667,-0.355728,0.102135,0.158397,0.289313,0.111629,0.179809,-0.137454,-0.270177,0.272027,-0.097031,-0.100493,-0.047776,0.085568,-0.040876,-0.225322,-0.039508,0.065621,-0.00123,-0.044074,-0.272633,0.098981,0.221124,-0.138864,0.392466,-0.201224,-0.043782,0.083739,-0.125762,-0.147599,0.345123,-0.006121,0.079375,-0.096627,-0.136443,0.3953,0.107511,0.07445,0.097811,-0.318628,0.045646,0.223039,-0.160213,-0.120343,-0.315435,0.114339,-0.05738,-0.164921,0.046831,-0.038848,-0.037158,0.059799,0.015128,0.054192,-0.06264,0.362645,0.146239,0.040171,-0.131421,0.066122,0.330673,0.219233,0.015178,0.236124,0.019078,0.360336,0.237435,-0.016006,0.107093,-0.036333,0.181928,0.119146,-0.136363,0.218058,0.141164,0.396129,0.220083,-0.028331,0.30432,0.054068,0.23834,0.492208,0.201388,0.16497,0.185462,0.32479,0.038097,0.043165,0.053502,-0.084546,-0.124911,0.298175,0.153978,0.059015,0.066855,0.082889,0.019745,-0.161673,0.357625,0.21259,0.333219,0.292549,0.208181,0.336411,0.117157,-0.310715,-0.125466,0.219819,0.243981,-0.042784,0.256095,0.318294,0.037884,0.217156,0.246827,0.006266,-0.00316,-0.102707,0.225154,0.199641,-0.104524,0.307761,0.241462,0.388558,0.178012,0.04667,0.043204,0.345559,-0.029337,0.195174,0.088061,0.11134,0.237538,-0.035893,0.211591,-0.325836,-0.241252,0.357118,0.145854,-0.005107,0.153548,-0.099031,0.052008,-0.138656,-0.224411,0.155518,0.233698,0.134983,0.226533,0.070761,0.063026,0.289678,0.339687,-0.136825,0.206775,0.077674,0.016679,-0.550865,0.417771,-0.377726,-0.038077,0.338112,-0.088256,-0.193589,-0.036315,-0.234432,-0.005017,0.347298,-0.089623,0.145198,-0.150234,-0.193453,-0.199361,0.031134,-0.119768,0.011342,0.054341,-0.143449,-0.225065,#
4,0.162049,-0.030893,0.012808,-0.116815,1.0,0.034578,-0.165977,0.049821,0.047872,-0.133263,0.249369,-0.103847,-0.045699,-0.20895,-0.164263,-0.048743,0.112291,-0.183674,0.081735,-0.161545,-0.25608,-0.283804,0.070269,-0.057409,0.046008,-0.042504,-0.237209,0.097096,-0.147872,0.073522,-0.277381,-0.178506,0.029494,-0.012846,0.075617,0.155048,0.034061,-0.103183,0.018021,0.379086,-0.012385,-0.362531,-0.181434,0.111207,-0.098885,0.192505,-0.162249,0.040394,0.128114,0.211045,0.095942,-0.075699,0.059223,0.216304,0.190544,0.018898,-0.116389,0.277439,0.032316,-0.031745,-0.240994,-0.145661,-0.054577,0.041958,-0.313176,0.137393,0.481138,-0.145546,-0.053193,-0.150579,0.042629,-0.101462,0.082494,0.291779,0.176664,0.046779,-0.086246,-0.223665,-0.069252,-0.180527,-0.13052,0.107105,0.105038,0.059981,0.085982,-0.086539,0.075344,0.144787,0.009507,-0.136349,0.233706,0.136093,0.230786,-0.072386,-0.079539,0.08265,0.121857,0.023566,-0.117177,0.075053,0.135132,0.080927,0.135541,-0.111195,0.140043,0.101678,-0.040029,0.182926,-0.142775,0.064369,-0.009882,0.123582,0.086086,-0.084893,-0.103654,0.209127,0.001576,0.329012,-0.272832,0.080375,-0.331812,0.062245,0.180413,0.039401,0.17881,0.105038,0.046247,0.092979,0.107451,0.029017,0.087965,-0.230669,0.042793,-0.187697,0.012858,0.104706,0.027197,0.123053,-0.138051,0.263715,0.035782,-0.110298,-0.246763,0.13649,-0.05332,-0.248734,-0.230333,-0.168796,0.057444,-0.132159,-0.008126,0.04916,-0.298138,-0.00784,0.059291,-0.142458,-0.078937,0.009883,-0.234601,0.257101,-0.221484,-0.19611,-0.238039,0.097496,0.194075,-0.179377,0.001554,-0.021412,-0.032612,0.164276,-0.018259,-0.083081,0.092965,-0.042135,-0.076851,0.264587,0.102163,0.216377,0.076385,-0.01867,-0.169545,0.163992,0.044771,0.130876,0.111305,0.099255,0.098295,-0.131135,0.229512,-0.177566,0.041321,0.045851,0.286112,-0.095082,-0.20878,0.219831,-0.005619,0.0642,-0.104517,-0.259209,#
5,0.168871,0.012817,-0.135227,-0.315707,0.034578,1.0,0.441026,0.297296,0.077108,-0.028649,0.054295,0.251994,0.084229,0.117913,0.0856,0.077097,0.197027,-0.084271,0.218811,-0.102575,0.084612,0.080353,0.091494,-0.129663,-0.235173,-0.014391,0.1194,-0.06656,0.127544,0.152573,-0.221732,0.079223,-0.182329,-0.021885,0.0424,-0.007204,0.104186,-0.048,-0.123751,-0.043945,-0.196898,0.268519,-0.038493,-0.135352,0.005045,-0.230932,0.151052,-0.167136,-0.020011,0.214996,-0.089085,-0.0457,0.021751,0.059382,0.11806,0.239704,-0.185133,0.025167,-0.120969,-0.183854,0.195341,-0.142028,-0.066344,0.34548,-0.068639,0.271417,0.006742,0.156419,-0.044907,-0.299046,0.030027,0.027456,-0.153013,-0.027096,-0.045475,0.381214,-0.249596,-0.032156,-0.097395,-0.186673,-0.201706,-0.297318,-0.189387,-0.066821,-0.064533,-0.260683,-0.076886,-0.049244,-0.139658,-0.240522,-0.195618,-0.325831,-0.28721,-0.017911,-0.117036,-0.253138,-0.090598,-0.313929,-0.131538,-0.276938,0.127922,0.027807,-0.160221,-0.305239,-0.306239,-0.227339,-0.130527,0.083223,-0.288196,-0.003742,0.119949,0.21639,-0.42543,-0.290313,-0.076839,-0.080471,-0.242398,0.04602,0.184205,-0.215807,-0.093247,-0.305381,0.014836,-0.329643,-0.094137,-0.187071,-0.216566,-0.010375,-0.225847,-0.149889,-0.187384,-0.209168,-0.084606,0.085164,-0.334764,-0.145639,0.231103,-0.109872,0.032052,-0.406676,-0.116312,0.135972,-0.20179,-0.011608,-0.227274,-0.167601,0.230049,0.104489,-0.190407,0.005902,-0.127409,-0.172613,0.07197,0.106083,-0.112866,-0.230152,0.080206,0.185295,-0.422015,-0.159518,-0.070219,-0.270845,-0.053459,-0.2042,-0.002974,0.100082,-0.145905,0.001945,-0.162162,0.099049,0.231497,-0.117749,-0.155183,-0.242714,0.159808,-0.257939,-0.000565,0.024954,0.131182,-0.182006,0.298194,-0.111477,0.074195,0.239258,0.479498,-0.055598,-0.03184,0.010658,-0.031496,0.129052,0.011045,0.10831,0.228768,-0.220821,-0.230533,-0.00763,0.180492,-0.066651,-0.25271,0.049121,#
6,0.281401,0.265374,0.110165,-0.253292,-0.165977,0.441026,1.0,0.26077,0.278681,0.258058,0.092164,0.126987,0.357306,0.249909,0.038319,0.096411,0.052604,0.153962,0.274828,0.023765,-0.050512,0.238319,0.223337,-0.066657,-0.024726,-0.061987,0.271964,0.013378,0.530121,0.052459,-0.314164,-0.026025,-0.049409,-0.24068,0.131019,0.112978,-0.039542,-0.063385,0.011686,-0.146417,0.093473,0.228812,0.115086,-0.209015,0.113815,-0.369254,0.095003,-0.112493,-0.026734,0.311048,0.063868,-0.127655,0.096308,-0.022069,0.205744,0.157693,-0.000748,-0.271703,-0.03503,0.044854,0.347203,0.094608,-0.057214,0.272828,0.164209,0.252697,-0.147119,0.248796,0.145787,-0.111366,0.160213,0.09281,-0.245718,-0.403246,-0.260681,0.325423,-0.296595,-0.16429,-0.229781,-0.145871,-0.148338,-0.332945,-0.404838,-0.117228,-0.377782,0.105965,-0.194789,-0.264022,-0.104349,-0.391631,-0.433233,-0.452019,-0.429531,-0.242717,-0.056402,-0.465941,-0.129873,-0.355301,-0.071608,-0.340785,0.007874,-0.03603,-0.281221,-0.267612,-0.340891,-0.199947,-0.171809,-0.159908,-0.252905,-0.145559,-0.183099,0.021758,-0.378201,-0.353087,0.046867,-0.395558,-0.21652,0.011305,0.082378,-0.285577,-0.067715,-0.279215,-0.109657,-0.499067,-0.276503,-0.311786,0.070702,0.189592,-0.260527,-0.208449,-0.229132,-0.425765,-0.459487,0.01645,-0.184284,-0.203884,0.139792,-0.088207,0.049508,-0.359618,-0.271286,0.13478,-0.16738,-0.289608,-0.339622,-0.142288,-0.180381,0.455205,-0.304914,-0.086832,-0.153345,-0.204654,0.089182,-0.058834,-0.085946,-0.381516,-0.016162,0.265043,-0.253315,-0.135921,0.017928,-0.247783,-0.194479,-0.041504,0.072999,0.196999,0.076493,0.054814,-0.448482,0.027031,0.188098,-0.022216,-0.225247,-0.08024,0.347553,-0.379326,0.026948,0.119818,0.32439,-0.553651,0.402206,0.102517,0.093037,0.174063,0.33344,-0.356476,0.028832,0.078352,-0.140924,0.1631,-0.237669,0.124366,0.183989,0.067167,-0.206293,0.021884,0.042002,-0.201145,-0.247776,0.262913,#
7,-0.10186,0.14008,0.00066,-0.16701,0.049821,0.297296,0.26077,1.0,-0.012806,0.199424,-0.16285,-0.007644,0.464589,0.343131,0.108119,0.025848,0.000999,0.182051,0.131024,0.008389,0.180655,0.180349,0.013079,0.143857,0.105417,-0.014533,-0.105664,-0.208974,0.035414,0.218724,-0.118185,-0.162248,0.167809,0.066075,-0.315578,0.001236,0.061605,-0.109924,0.111132,-0.247687,0.092529,0.115823,-0.001807,-0.062838,-0.114359,-0.328988,-0.039997,-0.215745,-0.02965,-0.021102,-0.160609,0.050815,0.2165,0.010221,0.262584,0.293596,-0.127284,-0.174585,-0.233503,0.033504,0.133242,0.037776,-0.168876,0.158666,-0.125677,0.399093,0.072417,0.128716,-0.042641,0.039522,0.258059,0.227875,-0.351045,-0.03294,-0.036519,0.020034,0.000984,0.115878,0.113797,-0.044309,0.050798,-0.229254,-0.090478,-0.020165,-0.235112,-0.095018,-0.024901,0.041712,0.142938,-0.046974,0.06399,-0.256537,-0.164191,0.063015,-0.057261,0.067198,-0.018464,0.085725,0.100019,-0.428365,-0.024318,0.135519,0.001016,-0.198513,-0.131374,0.040144,-0.197981,-0.033969,-0.030445,-0.32706,0.041567,0.203645,-0.093164,-0.082921,0.121605,-0.031173,-0.020108,-0.02504,0.152458,-0.150599,-0.120963,-0.630138,-0.051105,-0.115214,-0.197632,-0.107832,0.087751,0.022969,-0.23248,0.163731,-0.102918,0.13163,-0.089017,-0.038819,-0.187209,0.075161,0.220893,-0.219342,-0.014978,-0.189367,-0.078864,-0.081355,-0.193415,-0.001349,-0.117838,-0.157008,-0.194478,-0.009164,0.014227,-0.227761,-0.150656,0.034886,-0.205709,-0.171643,-0.064635,-0.375556,0.105633,0.116748,-0.141776,-0.05986,-0.026112,0.047494,-0.226109,0.142671,0.22055,0.002258,-6.5e-05,-0.044291,-0.040143,0.294037,-0.183361,-0.125596,-0.045718,-0.074689,0.236867,-0.207248,0.185313,-0.057841,0.35845,-0.125884,0.15463,0.331367,-0.035903,-0.130062,0.110702,0.089484,0.067749,-0.155654,-0.276624,0.31029,-0.192925,-0.223891,0.282877,-0.076866,-0.195276,-0.150569,0.086713,0.033824,-0.125544,-0.018562,#
8,-0.064717,-0.028284,0.237615,-0.314116,0.047872,0.077108,0.278681,-0.012806,1.0,0.325103,-0.097582,0.129374,0.057819,0.224284,0.103548,-0.034442,-0.277752,0.285171,-0.041634,0.069501,-0.259709,0.21671,0.273705,0.158025,0.043687,0.193972,0.22174,0.231026,0.170961,0.063684,-0.182999,-0.05518,-0.02026,-0.067119,0.152409,0.109893,-0.08043,-0.062269,0.231386,-0.129882,0.204555,-0.001771,-0.085709,-0.134152,0.122515,-0.159634,0.006124,0.210921,-0.020061,0.041189,0.083422,-0.245994,-0.048161,-0.034432,-0.016092,0.430214,-0.176762,-0.271259,-0.081646,0.18927,0.148453,-0.087864,-0.144103,0.161859,0.111198,0.091324,0.024105,0.197082,0.263817,0.099746,0.006212,0.169278,0.036789,0.019284,-0.090191,0.082103,-0.097051,-0.163521,-0.075662,-0.048598,-0.027688,-0.137635,-0.343682,-0.032178,-0.118178,0.237249,-0.086666,-0.324871,-0.019828,-0.202777,0.101853,-0.005138,-0.240753,0.165195,-0.024907,0.070468,-0.037513,-0.098628,-0.231457,-0.186757,-0.038301,0.19198,-0.07453,0.104315,-0.050073,-0.209332,-0.034556,-0.09925,-0.045114,-0.138437,-0.016563,-0.219559,-0.125171,-0.269171,0.120258,-0.183995,0.190622,0.020445,0.193626,-0.198543,0.138464,-0.180248,0.123131,-0.222433,-0.157472,0.009229,0.350028,-0.007422,-0.097814,-0.109735,0.083598,-0.019966,-0.434794,-0.050311,-0.020929,0.041703,-0.00366,0.098883,-0.091654,-0.122238,-0.033733,-0.001381,-0.146657,-0.22735,-0.350139,-0.419636,-0.054311,0.144495,-0.058767,0.02901,0.040215,0.05113,0.058453,-0.168567,0.114247,-0.197278,0.264146,0.278623,-0.136137,-0.06584,-0.057401,0.087022,0.090205,0.008338,-0.179411,0.029454,0.011607,-0.09575,-0.259659,0.089795,-0.052653,-0.233058,-0.011593,0.016998,0.239914,0.062407,-0.02871,0.0234,0.413098,-0.373212,0.385724,0.165365,-0.284719,-0.13915,0.055849,0.053263,0.022323,0.213035,-0.380825,-0.200891,-0.148683,-0.143887,-0.00631,0.201165,-0.087693,0.219035,-0.070231,-0.144175,0.123451,0.104732,#
9,0.074315,0.319624,0.012278,-0.371913,-0.133263,-0.028649,0.258058,0.199424,0.325103,1.0,-0.210757,0.066584,0.306725,0.588961,0.296589,0.119113,-0.359668,0.301087,0.086347,0.137631,-0.045979,0.248135,0.341771,0.154802,0.147198,-0.195723,-0.057137,0.034039,0.134198,0.397219,0.02987,0.178447,0.340411,-0.224105,-0.071005,0.048021,0.0695,-0.042472,0.1278,-0.392869,0.178595,0.227902,-0.012111,-0.059626,0.120822,-0.41634,0.114603,0.277487,0.050142,0.276837,-0.070842,-0.175654,0.165583,-0.14116,0.181465,0.068488,-0.13672,-0.396595,-0.21095,0.126062,0.424305,0.083911,-0.386173,-0.034281,0.041152,0.244523,-0.062838,0.270655,-0.112545,0.158657,0.029588,0.391165,-0.097992,-0.103274,-0.119356,-0.058316,-0.064785,-0.190796,-0.015163,0.141207,0.092846,-0.449117,-0.436671,0.121834,-0.264965,0.238356,-0.221632,-0.112967,0.196699,-0.26047,-0.034801,-0.058352,-0.222992,0.21587,0.036448,0.016654,-0.34375,-0.112927,0.134057,-0.299715,-0.221413,0.016143,-0.198034,0.028158,-0.057614,-0.176009,-0.356403,-0.325999,-0.042192,-0.270155,0.173927,0.159318,-0.228927,-0.12481,-0.146789,-0.257914,-0.088314,-0.09265,0.378989,-0.41409,-0.042664,-0.258616,0.045802,-0.203843,-0.32367,0.096805,0.2818,0.051639,-0.151035,-0.255719,-0.007004,0.135091,-0.463349,-0.117887,-0.281301,-0.247624,-0.072498,-0.155336,0.156428,-0.29902,0.054426,-0.058367,-0.291256,-0.359708,-0.339376,-0.053236,-0.161177,0.095214,-0.223659,-0.151559,-0.198551,0.056054,-0.052343,-0.475702,-0.053692,-0.329563,0.380131,0.399188,-0.149304,-0.105145,-0.112486,0.067585,-0.175306,0.218508,0.287176,0.476881,-0.082848,-0.043643,-0.226298,-0.019262,-0.134414,0.064486,-0.173776,-0.08456,0.388489,-0.283613,-0.017642,-0.019297,0.628405,-0.43019,0.44389,0.167216,-0.547688,-0.21425,0.210651,-0.079491,0.265224,0.075538,-0.513703,0.041097,-0.202269,-0.115697,0.06188,0.379154,-0.06805,-0.011416,-0.073286,-0.072627,0.303554,0.386743,#
10,0.223542,-0.066211,0.101881,0.04387,0.249369,0.054295,0.092164,-0.16285,-0.097582,-0.210757,1.0,-0.161875,0.037745,-0.241548,-0.28793,-0.00648,0.026395,-0.207774,0.06899,-0.066834,-0.095314,-0.151876,-0.159753,-0.014028,-0.022704,0.117205,-0.108922,0.037649,0.115845,-0.231787,0.134829,-0.005123,-0.307701,-0.265955,0.106474,0.116652,0.184577,0.337594,-0.066311,0.211693,-0.167022,-0.314385,-0.020506,-0.056218,0.022397,0.07781,-0.224381,0.043099,0.144426,0.117312,-0.032893,0.027677,0.108607,0.226549,0.145202,-0.010981,-0.218773,0.217664,0.114496,-0.120332,-0.246739,-0.158393,0.04738,0.038747,0.019068,-0.067767,0.225643,-0.016244,0.082219,-0.109721,0.244699,-0.169503,-0.057784,0.148876,-0.052643,0.129648,-0.0561,-0.072332,0.045612,-0.167621,0.007775,0.229308,0.006345,0.152745,0.004501,-0.046013,0.183805,0.082094,-0.052001,-0.008571,-0.039916,-0.027668,0.037424,-0.05955,-0.053658,0.02358,0.021708,-0.216413,0.118974,0.042104,0.005824,-0.165035,-0.02017,-0.20181,0.105801,-0.089212,-0.080755,0.245899,-0.019845,0.368045,-0.113856,-0.093136,-0.304382,-0.066652,0.02839,0.043364,-0.275809,-0.010113,-0.306402,0.174455,-0.304235,0.255732,-0.068564,-0.267971,-0.136282,0.081398,-0.071932,0.114667,-0.025152,-0.175453,-0.042084,-0.237082,-0.007048,-0.053311,0.122562,-0.012308,0.114486,-0.009892,-0.193831,0.159055,-0.022973,0.24688,-0.04658,0.03292,0.34235,-0.019826,-0.150966,0.14332,0.154471,0.041897,0.258746,0.139008,-0.012736,0.037896,0.074254,-0.026248,-0.305373,-0.085332,0.012231,0.048574,-0.129836,-0.061744,-0.045568,0.184988,0.147171,-0.18112,0.114493,-0.120354,-0.032084,0.130295,0.250497,0.125341,0.213865,0.072636,-0.188481,0.116323,0.086541,0.059032,-0.27196,0.094269,-0.117492,0.133522,0.095317,0.147638,0.119672,0.120807,0.029746,0.094641,0.287845,0.177311,0.151374,0.183084,0.176761,-0.387428,-0.053674,-0.015265,0.068489,0.035768,-0.144872,-0.222748,#
11,-0.075159,-0.023542,-0.085494,-0.157153,-0.103847,0.251994,0.126987,-0.007644,0.129374,0.066584,-0.161875,1.0,0.062592,0.215377,-0.071345,-0.042218,-0.018415,0.003849,0.050337,-0.173925,0.125031,-0.147718,0.029798,0.123545,0.112391,0.017361,0.06557,0.182388,-0.002927,0.036195,-0.007227,0.023401,-0.110832,0.030228,-0.11941,0.115037,-0.131229,0.039091,0.037668,-0.112461,-0.11592,0.224618,-0.095266,-0.272837,-0.219654,0.164601,-0.057263,-0.05315,-0.016366,0.163551,-0.171404,-0.072007,-0.160862,0.202981,-0.158899,0.015914,-0.280126,-0.008656,-0.156034,0.049278,-0.027402,-0.283221,0.006947,0.146029,0.109048,0.224795,-0.065708,0.048924,0.287438,-0.220637,-0.079602,-0.032082,-0.044142,0.040306,-0.001564,-0.029112,-0.16558,0.13609,-0.296682,-0.039272,-0.185649,-0.26801,-0.010534,-0.043271,-0.014491,-0.304336,-0.076434,-0.057776,-0.089645,0.051408,-0.060511,-0.218492,-0.236817,-0.003619,-0.011239,-0.23536,-0.122868,-0.018275,-0.230456,-0.09111,0.237972,0.010526,-0.230439,0.036081,-0.121801,0.063921,-0.038167,-0.01906,0.051226,0.118185,-0.023261,-0.121837,-0.267099,-0.246785,-0.122319,-0.063372,0.016541,0.175281,0.02982,-0.061763,0.049818,-0.129887,0.046652,-0.223004,0.016974,-0.16522,0.128224,-0.073428,0.060442,-0.115597,-0.147934,-0.010589,-0.272193,0.097022,-0.090249,0.064665,0.092389,-0.113925,-0.123522,-0.258176,-0.112209,0.071265,0.01064,0.104025,-0.013575,-0.109079,-0.028754,0.090812,-0.217984,-0.065447,0.001194,0.21673,-0.121674,0.179694,0.030047,0.052001,-0.011912,0.241225,-0.130526,-0.257747,-0.130084,-0.158025,0.106518,-0.242012,-0.236836,0.12861,-0.070774,0.06155,0.235219,0.008103,0.066648,0.328493,-0.107508,-0.224521,0.104838,-0.186898,-0.028329,0.30112,0.026597,0.094423,0.028939,-0.21028,0.002816,-0.101591,0.333651,0.178301,-0.119698,0.128762,0.115761,-0.019184,0.064218,0.317119,0.025293,0.214853,-0.055578,-0.063191,0.113475,-0.23564,-0.070768,-0.000266,#
12,0.308752,0.064392,-0.077531,-0.24978,-0.045699,0.084229,0.357306,0.464589,0.057819,0.306725,0.037745,0.062592,1.0,0.546566,0.124232,0.095209,-0.126257,0.124883,0.265225,0.213513,0.147174,0.179392,0.263865,0.077047,-0.096042,-0.380669,-0.035365,0.00943,0.200808,0.221063,0.08247,0.054999,0.164268,0.104611,-0.271787,0.172477,0.250643,-0.056587,-0.123114,-0.05253,-0.014536,0.213965,0.164715,-0.125784,-0.164007,-0.454195,0.220963,0.09998,0.019165,-0.059279,-0.186888,0.023303,0.267483,0.003898,0.218361,0.074074,-0.155506,-0.251806,-0.007841,-0.01087,0.418391,0.084671,-0.222523,0.201924,0.060396,0.155175,-0.176,0.206249,0.229549,0.035863,0.203354,0.163687,-0.26737,-0.354233,-0.327048,0.113753,-0.118951,0.011445,-0.064371,-0.127784,0.067644,-0.195975,-0.299872,-0.304447,-0.240127,0.124059,-0.135756,0.059465,-0.080041,-0.295851,-0.264564,-0.305881,-0.370325,0.008389,-0.141422,-0.24122,-0.253022,-0.205541,-0.188991,-0.446393,0.029037,-0.176548,-0.214033,-0.120695,-0.077698,-0.075652,-0.383277,-0.177653,-0.058251,-0.313835,-0.023004,0.080604,-0.352925,-0.227733,0.107974,-0.262413,-0.108704,-0.127867,0.033966,-0.22004,-0.050008,-0.428924,-0.166038,-0.270739,-0.257323,-0.148916,0.176119,0.291215,-0.193314,-0.075225,-0.074511,0.00191,-0.341244,0.073419,-0.019587,-0.113855,0.118824,-0.286938,-0.035727,-0.157398,-0.137768,0.218275,-0.212988,-0.193243,-0.171032,0.161145,-0.305955,0.204075,-0.255372,-0.283925,-0.309507,-0.145299,-0.113043,-0.201152,-0.013815,-0.347333,0.168412,0.151695,-0.283669,-0.243485,0.107109,-0.105854,-0.023536,0.086317,0.298743,0.186532,0.091775,0.149597,-0.238566,0.119744,-0.156478,-0.105864,-0.372257,-0.035149,0.20384,-0.278019,-0.042182,0.122019,0.244011,-0.364025,0.1336,0.13282,0.029154,0.038108,0.109231,-0.10251,0.172266,0.031168,-0.214232,0.407433,-0.2314,-0.042854,0.324419,0.052655,0.12349,0.003783,-0.018692,-0.103427,0.0361,0.150789,#
13,0.195401,0.244361,-0.055869,-0.343252,-0.20895,0.117913,0.249909,0.343131,0.224284,0.588961,-0.241548,0.215377,0.546566,1.0,0.261699,0.193517,-0.324157,0.243433,0.241826,0.174341,0.250624,0.102754,0.398425,0.20139,0.044262,-0.119002,0.098413,0.004323,0.190007,0.372942,0.136238,0.202293,0.262829,-0.044123,-0.347679,0.125949,0.211847,-0.155843,0.11021,-0.265775,0.044589,0.372988,-0.067388,0.010578,0.051107,-0.514026,0.24115,0.089864,-0.086871,0.047525,-0.000695,-0.153309,0.223936,-0.209667,0.059536,0.030457,-0.117,-0.344882,-0.216942,0.004302,0.53687,0.110497,-0.365144,0.05756,0.12638,0.414983,-0.214575,0.220025,-0.040374,-0.086711,-0.202348,0.367897,-0.193382,-0.158199,-0.305674,0.027729,-0.369233,-0.244756,-0.158696,0.063328,0.026288,-0.440587,-0.433284,0.022626,-0.336185,0.02342,-0.2894,-0.002698,0.047596,-0.374105,-0.103498,-0.206791,-0.466356,0.035635,-0.159773,-0.136867,-0.376139,-0.196616,0.04903,-0.357207,-0.020521,-0.135374,-0.344635,-0.2764,-0.134605,-0.153449,-0.212734,-0.172313,0.028827,-0.324425,0.085195,0.265572,-0.388476,-0.174838,0.151984,-0.081745,-0.271578,-0.236819,0.415715,-0.37902,-0.141675,-0.452721,-0.005134,-0.260416,-0.395198,-0.095234,0.200396,-0.08497,-0.3393,-0.239407,-0.162812,0.089373,-0.377641,-0.183029,-0.364971,-0.303692,0.160896,-0.279841,0.115988,-0.458759,-0.090139,0.131571,-0.127576,-0.378522,-0.390663,-0.077962,0.006694,0.255436,-0.395211,-0.204277,-0.286241,0.042669,-0.190181,-0.309005,-0.065582,-0.21173,0.504028,0.265494,-0.140237,-0.288816,0.022978,0.094349,-0.026098,-0.207665,0.177158,0.244442,-0.153791,-0.026131,-0.240409,-0.067108,-0.31638,0.008359,-0.307022,-0.252341,0.209965,-0.198181,-0.049501,0.058321,0.479868,-0.390251,0.348271,0.020374,-0.406699,-0.053122,0.379384,0.08482,0.202792,-0.025934,-0.382882,0.34895,-0.274937,-0.068559,0.124397,0.272511,-0.216942,-0.195588,0.167607,-0.304938,0.239844,0.245892,#
14,-0.04652,0.20475,-0.178767,-0.132812,-0.164263,0.0856,0.038319,0.108119,0.103548,0.296589,-0.28793,-0.071345,0.124232,0.261699,1.0,-0.026181,-0.112957,0.199354,0.291744,0.119013,0.162487,0.128422,0.096468,0.17481,-0.103161,0.032994,0.139693,0.129448,0.158978,0.089295,-0.033616,0.229619,-0.025384,0.096278,-0.263227,-0.2348,-0.102119,0.011244,-0.026956,-0.165234,0.14684,0.330327,-0.012737,0.148817,0.294069,-0.260195,0.052313,0.083835,0.148155,-0.046791,0.157621,-0.172378,0.065909,-0.146027,0.172267,0.22139,0.163011,-0.348124,-0.098237,-0.078987,0.300944,-0.033884,-0.278079,0.244072,0.258049,0.018298,-0.101966,-0.081122,-0.008583,0.017507,0.119145,0.101431,0.10136,-0.08646,-0.117649,-0.094927,-0.031594,0.12403,-0.061088,0.140054,0.139446,-0.335174,-0.119378,-0.005909,-0.134683,0.199158,0.111155,-0.002536,0.023954,-0.204821,0.005681,0.014476,-0.002808,0.230066,-0.035097,0.029519,-0.256755,-0.039269,-0.011995,-0.163853,-0.074043,0.026332,-0.03967,-0.148955,-0.185035,-0.222873,-0.31564,0.029608,-0.047767,-0.107649,0.117327,0.137298,-0.040557,0.013052,-0.022949,-0.09495,-0.145444,-0.035654,0.339843,-0.366146,0.070876,-0.227096,-0.080039,-0.027219,-0.22524,-0.233209,-0.022824,0.175497,-0.203024,0.035602,-0.057054,0.129231,-0.177142,-0.191424,-0.095502,-0.111825,0.044354,0.050024,0.063906,-0.254392,-0.196187,-0.21579,-0.227789,-0.012081,-0.194889,-0.058828,0.039694,-0.071548,-0.15091,-0.029118,-0.245713,-0.299169,0.066458,-0.154951,-0.171987,-0.149744,0.379259,0.104167,-0.192905,-0.03332,0.041117,0.022905,0.047723,-0.000104,-0.048522,0.313029,0.017301,-0.068004,-0.217618,-0.161977,-0.216661,-0.0734,-0.152848,0.177301,0.122628,-0.195203,-0.057437,0.08991,0.435668,-0.121626,0.224844,0.111035,-0.205275,0.083873,0.073379,-0.148994,0.188692,-0.081827,-0.124677,-0.000802,-0.109483,-0.149075,0.165004,0.095352,-0.057751,0.015779,0.037382,-0.102833,0.20981,0.099857,#
15,0.093946,0.0435,-0.145671,-0.171212,-0.048743,0.077097,0.096411,0.025848,-0.034442,0.119113,-0.00648,-0.042218,0.095209,0.193517,-0.026181,1.0,0.000412,0.266327,0.094531,0.116568,-0.136018,-0.111609,0.288805,-0.075879,0.018944,-0.070407,-0.05381,0.064335,0.157535,0.164855,0.187435,-0.069053,0.255047,-0.142992,-0.006042,0.033672,0.366008,-0.014393,0.129071,0.009422,0.023708,0.007688,0.187856,0.162065,0.022167,-0.102356,0.120432,0.005787,0.043551,0.244639,0.208798,0.167738,-0.049272,-1.4e-05,0.207909,-0.012011,-0.096167,-0.13099,-0.044682,0.064261,0.065325,0.216482,-0.05427,0.11492,-0.118277,0.075581,-0.145875,0.108202,-0.360091,0.062719,-0.046845,0.246823,0.118936,-0.143075,-0.007579,0.262883,0.028374,-0.145178,0.141714,0.028971,0.167925,0.003555,-0.142388,0.259279,0.001159,-0.198926,-0.235147,-0.15931,-0.028625,0.036522,0.01987,0.133857,-0.16758,0.205407,0.016961,-0.166265,-0.042488,-0.255539,0.029085,-0.016174,-0.017479,-0.060015,-0.303109,0.065343,0.026741,-0.056021,0.002874,0.128801,0.065647,0.023145,-0.161295,0.176373,-0.11807,-0.118836,0.073068,0.15342,-0.02105,-0.247929,0.06683,-0.192447,-0.153129,-0.045414,-0.222084,-0.123219,-0.12782,0.005867,-0.097016,0.158899,-0.218928,-0.234057,-0.1186,0.026256,-0.053177,0.104643,-0.203026,-0.137774,-0.056346,-0.172613,-0.037924,-0.22714,0.018203,0.259727,-0.103905,-0.170705,-0.060225,0.134084,0.249585,0.228768,-0.18157,-0.310067,-0.027231,-0.086359,0.007355,0.068474,0.088837,0.005883,0.025114,0.238652,-0.17336,-0.192843,0.226341,-0.118705,-0.065912,-0.165987,0.153605,0.107027,-0.15843,0.142266,-0.094025,-0.106447,0.137993,0.111613,0.088284,-0.230722,-0.020382,-0.010662,-0.1087,0.097279,0.105811,-0.282811,0.188339,-0.094404,-0.217366,0.141399,0.229584,-0.13559,0.231003,0.000927,-0.164375,0.022389,-0.077539,-0.053446,0.128175,0.12964,-0.106552,-0.077441,0.158636,-0.125712,0.170658,0.203375,#
16,-0.109196,-0.158662,-0.276861,0.187104,0.112291,0.197027,0.052604,0.000999,-0.277752,-0.359668,0.026395,-0.018415,-0.126257,-0.324157,-0.112957,0.000412,1.0,-0.176224,0.080741,-0.097564,-0.100133,-0.211674,-0.203999,-0.293512,-0.403727,0.002756,-0.172031,-0.061536,0.029769,-0.187959,-0.140194,-0.002711,0.042792,0.219265,0.133779,0.166268,-0.236154,-0.127677,-0.283386,0.296642,-0.194392,-0.21702,0.069517,0.114942,-0.174442,0.237707,-0.122361,-0.326165,0.09558,0.190694,0.118346,0.199422,-0.06089,0.097734,0.068924,0.047055,0.298519,0.195838,0.24455,-0.12324,-0.247793,0.132564,0.402206,-0.144259,-0.278184,0.023289,-0.019943,-0.023499,-0.198379,-0.24371,-0.146421,-0.318306,-0.078359,-0.105012,0.09303,0.003171,0.116946,-0.031389,0.063658,0.061108,-0.024193,0.251254,0.229492,-0.257429,0.136641,-0.026952,0.109898,0.152616,-0.177655,0.016622,-0.035251,0.108246,0.077261,-0.067681,0.133169,-0.138862,0.067091,-0.110232,-0.175231,0.146474,0.102777,0.032783,0.186548,0.093335,0.030859,0.105744,0.156167,-0.068911,-0.029409,0.115995,-0.354611,-0.046904,0.18784,0.139512,-0.190688,0.02974,0.092009,0.225382,-0.3087,0.006509,0.072479,0.093619,-0.064487,-0.08364,0.147761,-0.184222,-0.422178,-0.138714,0.128437,-0.058291,-0.178181,-0.184976,0.209679,0.090124,0.173707,0.018016,0.186714,-0.242587,-0.151098,0.100149,-0.014475,-0.009329,-0.02215,0.413688,0.149682,0.007988,0.042608,-0.108658,-0.052766,-0.084138,0.146364,-0.117313,0.097011,0.159082,-0.167652,-0.004053,-0.375325,-0.027147,-0.088485,0.345691,-0.100105,-0.039309,-0.015667,-0.250395,-0.104196,0.030114,0.125653,-0.134818,0.051226,0.073755,0.012768,0.194819,-0.097206,-0.02394,-0.126072,-0.083652,-0.127938,-0.043542,-0.278891,0.107766,-0.439685,-0.045361,0.577659,0.087622,-0.091117,-0.13378,-0.060561,0.09343,0.411724,-0.337469,0.091431,0.273239,-0.102405,-0.356649,0.075462,-0.035358,0.013965,0.059246,-0.49358,-0.117488,#
17,-0.327302,0.201026,0.233769,0.08644,-0.183674,-0.084271,0.153962,0.182051,0.285171,0.301087,-0.207774,0.003849,0.124883,0.243433,0.199354,0.266327,-0.176224,1.0,-0.035843,0.361958,-0.216896,0.035683,0.154098,0.079982,0.191884,0.231791,0.047977,0.010169,0.008665,0.00581,0.074736,-0.134329,-0.001636,-0.060076,-0.182241,0.048547,0.00345,-0.058904,0.093881,-0.268154,-0.016556,-0.045663,0.172937,0.07216,0.080777,-0.196361,-0.006083,0.318572,0.068756,-0.005749,-0.003315,-0.04428,0.046029,0.049124,0.048703,0.085649,0.054056,-0.285061,-0.057409,-0.135031,0.059158,-0.192789,-0.220061,0.086616,0.114348,0.228133,-0.018033,0.164425,-0.07337,0.332745,0.17223,0.344706,0.010335,-0.259585,0.017195,-0.044398,0.062889,-0.170019,0.139756,-0.039295,0.170092,-0.159976,-0.34608,0.21188,-0.21677,0.137022,-0.039902,-0.189918,-0.153296,-0.001446,-0.100091,0.010236,-0.264224,0.355269,-0.160587,-0.109242,0.108209,-0.081575,0.123912,0.092727,-0.23822,0.036819,-0.081125,0.237397,-0.131652,-0.034599,3.7e-05,-0.131574,-0.017717,-0.138456,0.125429,-0.013762,0.001793,-0.188827,0.017865,-0.047934,0.067355,-0.153557,0.393979,-0.425858,0.012868,-0.301216,-0.160763,-0.072075,-0.087577,0.002254,0.023006,0.159109,-0.150162,-0.046496,0.126228,0.248552,-0.113566,-0.103847,0.03034,-0.044259,0.021701,-0.12132,-0.048762,-0.148083,-0.020938,-0.006954,-0.023476,-0.346298,-0.220058,0.02105,-0.137677,0.364316,0.078632,-0.094743,-0.205886,0.005518,-0.00849,-0.171876,-0.016177,-0.112728,0.024856,0.496904,0.018426,-0.005759,0.208743,0.254739,-0.24381,0.202832,0.18302,0.271921,-0.038467,-0.133472,-0.223285,0.16767,-0.082409,-0.154191,-0.05542,-0.025447,0.05319,-0.061328,-0.146645,-0.054451,0.201868,-0.273527,0.351923,-0.137498,-0.278673,-0.0624,0.095031,-0.180975,0.203073,0.215521,-0.328293,-0.086809,-0.047787,-0.343112,-0.050623,0.205003,-0.108571,-0.247982,-0.001448,-0.024178,0.148112,0.194535,#
18,0.363159,0.210773,-0.067517,-0.104998,0.081735,0.218811,0.274828,0.131024,-0.041634,0.086347,0.06899,0.050337,0.265225,0.241826,0.291744,0.094531,0.080741,-0.035843,1.0,-0.043933,0.173645,0.14777,0.1061,0.024696,-0.024225,-0.021829,-0.021322,0.149152,0.150231,0.123207,-0.15623,0.164628,-0.034582,0.139615,-0.052992,0.048409,-0.055376,0.030208,-0.168028,0.10638,0.239165,0.213712,0.000493,0.170758,0.193858,-0.061727,0.078185,-0.105824,-0.047943,-0.089205,0.043306,0.02361,0.236066,-0.181964,0.236985,0.03741,-0.01601,-0.19631,0.003157,-0.168022,0.257666,-0.201609,-0.11119,0.232554,-0.040795,0.182619,-0.221984,-0.008546,0.047539,-0.216358,-0.075404,0.075316,-0.211885,-0.107831,-0.225092,-0.018144,-0.094613,-0.104898,-0.205077,0.012532,0.136297,-0.140063,-0.110285,-0.283845,-0.005321,-0.073306,-0.034984,0.020941,-0.027922,-0.263264,-0.232651,-0.285062,0.019105,-0.286381,0.147375,-0.118618,-0.130767,-0.244031,-0.097459,-0.07131,0.169039,0.082825,-0.070868,-0.448229,-0.182181,0.012064,-0.29419,-0.030997,-0.10557,-0.007442,-0.064799,0.187627,-0.117649,-0.02583,0.124974,0.222043,-0.114436,-0.028455,0.133657,-0.055194,-0.101258,-0.020021,-0.087619,-0.227068,-0.294176,-0.132587,0.090968,-0.054757,-0.040121,0.046694,-0.230498,-0.163055,-0.074177,0.006322,-0.171573,-0.035054,0.03953,-0.076856,0.056735,-0.213947,-0.471812,0.004303,-0.196237,-0.002451,-0.070412,-0.050698,-0.124463,0.085298,-0.359865,-0.164443,-0.276183,-0.17056,-0.094124,-0.161452,0.044761,-0.246395,0.094823,-0.001291,-0.315396,-0.142726,-0.000571,0.065224,-0.032332,-0.206303,0.052663,-0.035042,0.18353,0.127222,-0.114853,-0.07779,0.034907,0.189858,-0.071561,0.100617,0.231991,-0.018753,0.021221,0.159308,0.287952,-0.083674,-0.135594,0.089814,0.106748,0.289541,0.291856,-0.043328,0.443187,0.008516,0.043811,0.183894,-0.084052,0.120374,0.26247,-0.02374,-0.158013,-0.047947,0.330121,-0.151281,-0.129898,0.086046,#
19,-0.106702,0.07855,0.133573,-0.106896,-0.161545,-0.102575,0.023765,0.008389,0.069501,0.137631,-0.066834,-0.173925,0.213513,0.174341,0.119013,0.116568,-0.097564,0.361958,-0.043933,1.0,0.156259,0.157186,0.097755,0.041779,-0.269823,-0.216512,0.091645,-0.263501,0.058929,-0.217,0.188307,0.332256,0.292202,0.230653,-0.113566,-0.243863,0.212273,0.124837,-0.233881,-0.113739,0.178724,0.056513,-0.003212,-0.146387,-0.052998,-0.450587,0.238218,0.30606,0.25197,-0.27359,-0.107329,-0.135696,0.428959,-0.159962,-0.225547,0.066541,0.039738,-0.287702,0.269012,-0.16244,0.271826,-0.137031,-0.250596,-0.11607,0.128127,0.085304,-0.108291,-0.083729,0.081792,0.300287,-0.069668,0.226262,0.16715,-0.259765,0.011007,-0.344296,0.125398,0.021132,0.5468,0.175807,0.296548,0.08647,-0.068454,-0.156396,0.161756,0.475368,0.057737,-0.281385,0.12178,-0.129835,0.009925,0.33473,-0.056971,0.112388,-0.065008,0.199089,0.106448,0.123555,0.216249,0.108412,-0.490188,0.066977,0.10012,0.122038,0.366721,0.161369,0.021809,-0.203909,0.125535,-0.302647,0.310869,-0.164153,-0.005591,0.199396,0.203451,-0.033263,-0.018505,-0.015906,0.145543,-0.391544,0.233654,-0.167543,-0.127341,-0.075915,-0.111425,0.333251,0.106538,0.202379,0.254177,0.324116,0.450549,0.094636,0.177252,-0.040675,0.336166,0.147785,0.030804,0.040578,0.144919,0.100884,0.052033,0.269946,0.023677,-0.336084,-0.008321,0.173672,0.137254,-0.104953,0.112742,0.136385,0.041139,0.130804,0.342325,0.102412,-0.090512,0.146599,0.413475,-0.019882,0.013939,-0.091433,0.365809,0.194823,0.043142,0.145403,0.053271,0.133764,0.366414,-0.057414,-0.090237,0.257924,-0.427874,-0.209891,-0.134311,0.059889,-0.261973,0.066816,0.09124,-0.370073,0.079472,-0.034557,0.183166,-0.031302,-0.225402,-0.012254,-0.289351,-0.171992,0.37648,0.251583,-0.203199,-0.086614,0.037059,-0.392489,-0.343118,-0.004104,0.044731,-0.284316,-0.309901,0.005985,0.385602,-0.048091,#
20,0.229348,0.230858,-0.034753,-0.076272,-0.25608,0.084612,-0.050512,0.180655,-0.259709,-0.045979,-0.095314,0.125031,0.147174,0.250624,0.162487,-0.136018,-0.100133,-0.216896,0.173645,0.156259,1.0,0.051448,-0.147656,-0.134713,-0.07814,-0.218864,-0.034634,-0.251647,-0.100673,0.033315,0.103654,0.150659,0.119406,0.269814,-0.342226,-0.312506,0.158404,-0.077231,0.133804,-0.234564,0.293468,0.361443,-0.282593,0.034435,0.031904,-0.235893,0.057812,-0.083033,0.017402,-0.219349,-0.277378,0.000719,0.362467,0.045479,-0.011588,-0.01071,-0.108866,-0.090425,-0.368268,0.024864,0.140907,0.027929,0.005812,0.123379,0.189046,0.04596,-0.355084,-0.08683,0.090491,-0.120971,-0.109325,0.130783,-0.157723,0.050925,-0.309846,-0.253724,-0.061435,0.312722,0.150423,0.187866,0.038009,-0.204612,0.229308,-0.138362,-0.019,-0.069576,0.005554,0.189906,0.235046,-0.029358,-0.075765,0.02265,0.017275,-0.108733,0.078731,0.155251,-0.275136,0.068136,0.118373,-0.059666,0.037648,0.106817,-0.027064,-0.131395,0.041692,-0.035494,0.130286,0.06273,-0.062618,-0.10894,0.184965,0.082754,-0.252288,0.113934,0.285181,0.107564,0.003097,0.032143,-0.016963,-0.064611,-0.024022,-0.132127,-0.16693,0.048289,-0.159147,-0.105461,0.041543,-0.230008,-0.251068,0.145653,0.155661,-0.019831,0.027204,0.14461,-0.096953,0.172643,0.105049,0.19871,0.202143,-0.196182,-0.041203,0.139489,0.176724,0.109185,-0.037709,-0.202188,-0.023972,-0.202423,-0.064696,0.049046,0.022884,0.110397,-0.032317,-0.062683,0.108252,0.026606,0.430462,-0.209701,-0.062823,-0.174472,0.026651,-0.063757,0.24015,-0.277494,-0.260987,-0.083904,0.173871,0.137336,0.254432,-0.249804,-0.133966,0.126322,-0.094685,-0.133887,-0.068576,-0.103905,0.05596,-0.293005,0.080435,0.257748,-0.091914,-0.008663,0.057091,0.043462,-0.025346,0.153153,0.037145,-0.242351,-0.082881,0.265173,-0.143646,-0.063087,-0.102435,-0.099389,-0.033965,-0.162784,0.185532,-0.360821,-0.048597,-0.076212,#
