0,1.0,0.187962,0.026406,-0.134485,0.281034,0.042116,0.104272,-0.018483,0.298495,0.041264,-0.24397,0.100765,0.104545,0.195973,0.419755,-0.002926,0.068781,-0.015715,-0.043629,-0.142982,-0.238768,-0.03299,-0.193954,-0.103831,0.253819,-0.307739,0.009281,-0.16428,0.241178,0.074784,-0.359142,0.048661,-0.102738,-0.146437,-0.091955,0.078689,0.124703,-0.01357,-0.093462,0.101135,-0.019111,-0.148934,-0.285427,0.048754,0.285079,-0.026007,0.29344,0.036407,0.00144,0.097019,-0.172517,-0.121964,0.175162,-0.001854,-0.035954,0.000348,-0.088505,0.096424,-0.158397,0.188089,0.169906,0.276983,0.226609,-0.163102,-0.104475,0.049003,-0.057958,-0.018337,0.13533,-0.056848,0.106817,-0.223835,0.045185,-0.062294,-0.078711,0.047137,-0.116101,-0.33268,-0.089504,-0.024349,0.132345,-0.29526,-0.045664,-0.419074,0.003821,0.027566,-0.205885,-0.124971,-0.07889,-0.391002,0.037253,-0.241698,0.122716,0.006412,-0.066758,-0.080593,-0.11999,-0.114498,0.017124,-0.148915,-0.055023,-0.230078,-0.193646,0.000609,0.055198,-0.141179,0.004497,-0.12036,0.085616,-0.517138,-0.007393,-0.102422,0.022623,-0.151985,-0.145345,-0.33497,-0.148901,-0.186734,0.132704,-0.404283,0.055428,-0.062689,-0.25758,-0.073409,0.063051,-0.074818,-0.109254,0.089172,-0.26119,-5.8e-05,0.081599,-0.283775,-0.202511,0.004198,-0.00244,-0.20097,-0.009485,-0.177397,0.149721,-0.182105,-0.035135,-0.335728,0.031908,-0.356602,-0.301521,-0.085646,-0.063745,0.171687,-0.214994,-0.079315,-0.241395,-0.004926,0.324906,-0.174672,-0.006672,0.102447,0.122994,0.202679,-0.119906,-0.075612,-0.198037,-0.059347,0.152394,-0.001015,-0.049045,0.211298,-0.010022,0.193418,-0.107689,-0.307077,-0.002652,0.090314,0.036175,-0.146059,0.124046,-0.084601,0.120699,0.054813,0.177696,-0.445104,0.048425,0.043651,-0.057855,0.173558,0.125094,-0.115662,0.353651,-0.069159,0.027433,0.192955,-0.303147,0.000783,0.109039,0.248923,-0.060971,0.085403,-0.12217,-0.179295,0.128253,-0.009307,#
1,0.187962,1.0,-0.153038,-0.03224,0.209147,0.220425,-0.057484,-0.264757,0.112951,0.043663,-0.064448,-0.069922,0.028153,0.131583,0.146314,-0.065617,-0.297623,0.155633,-0.089621,0.088382,0.200553,0.403876,0.248951,0.048532,0.033969,-0.303779,0.197259,0.082437,0.267448,0.353823,-0.368324,-0.154331,0.176036,-0.299806,-0.128782,0.084046,0.189446,-0.453285,0.145218,0.113575,0.256759,0.100273,0.136212,-0.0003,-0.023074,0.105247,0.124889,0.330463,-0.037385,-0.069932,-0.139279,-0.256973,0.055504,-0.10374,-0.034166,-0.079691,-0.059327,0.308768,0.00484,0.165449,0.152794,-0.008201,0.194971,0.022606,-0.037893,0.270988,-0.057644,0.301987,0.415491,0.151297,-0.357137,-0.058113,0.196457,-0.058096,-0.149896,0.083754,-0.218645,-0.073371,-0.112168,-0.11234,-0.313844,-0.460564,-0.304656,-0.085304,0.014292,-0.233759,0.046252,-0.39466,-0.09012,-0.124209,-0.231806,-0.155175,-0.141913,-0.101316,-0.313345,-0.07356,-0.269544,-0.283441,-0.242526,-0.23315,0.0781,-0.048452,-0.106882,-0.105947,0.067432,-0.166031,-0.347165,-0.211616,0.008608,-0.0854,0.126055,-0.102486,-0.335794,-0.343107,0.03452,-0.133063,-0.166096,0.038408,0.044047,-0.233663,-0.159507,-0.329578,-0.156,-0.233139,0.011281,-0.075606,0.067773,0.178295,-0.031166,-0.228668,-0.100893,-0.294034,-0.198231,-0.160545,-0.183437,-0.304838,-0.181145,-0.275748,0.358924,-0.444002,-0.252079,-0.111486,-0.062703,-0.414031,0.031402,-0.122718,-0.059732,0.14306,-0.127697,-0.085477,-0.342005,-0.270718,-0.17292,-0.18803,-0.103619,-0.029843,-0.189138,0.29726,0.048949,-0.354528,-0.013189,-0.053174,-0.200953,0.092748,-0.224458,0.334601,-0.001246,-0.286086,-0.025505,-0.201816,-0.15322,0.084995,-0.284578,-0.051921,0.145526,-0.245331,-0.127393,-0.120188,0.353888,-0.261465,0.321713,-0.021652,-0.252145,0.298316,0.349635,-0.275313,0.003449,-0.075921,-0.023714,0.391247,-0.187509,0.304748,0.328833,0.269936,0.027318,-0.257337,0.103124,-0.187653,0.034379,0.165863,#
2,0.026406,-0.153038,1.0,0.19699,-0.022612,0.070769,0.154558,0.045702,0.317898,0.027413,0.044362,0.222532,-0.254957,0.172978,-0.143993,-0.184776,-0.255935,0.19693,0.164723,0.177384,-0.274904,-0.101799,-0.076106,0.066998,0.078896,-0.034384,0.00458,-0.064967,0.231678,-0.158374,0.098842,0.308992,-0.36618,0.136969,-0.205291,0.01947,-0.008524,-0.008718,0.131077,-0.359429,-0.259798,0.164775,-0.004645,-0.044504,-0.150768,-0.262314,0.178751,-0.009929,-0.19976,0.232862,0.009414,0.250221,-0.110874,0.127995,-0.26174,-0.146403,-0.064121,-0.083691,-0.460605,-0.174967,0.229512,0.114668,-0.045199,-0.134723,-0.054437,-0.073137,0.176331,-0.008288,-0.12001,0.157738,0.23378,0.089324,0.095162,0.19926,-0.059921,0.150294,-0.041386,-0.084786,-0.047127,-0.115218,0.011064,0.099661,-0.09846,0.425934,0.040429,0.186056,-0.157399,0.009316,0.026475,-0.143302,0.119948,0.065481,0.167801,0.250875,0.01774,0.15343,0.197477,-0.061351,0.136336,0.124895,-0.265138,-0.212173,-0.080714,0.218787,-0.009234,0.094129,0.211776,0.292123,-0.045375,0.07171,0.109381,-0.131577,0.027427,0.255662,0.049106,0.088084,-0.192381,-0.068645,0.084114,0.127326,-0.157727,0.292894,0.190273,-0.064942,-0.135007,0.35258,0.129934,-0.309697,-0.188383,-0.013351,0.257824,0.2659,-0.144063,0.151929,0.040064,0.052764,0.11296,0.2904,0.013019,0.084819,0.340829,0.124697,-0.088317,-0.313683,0.104924,-0.017514,0.201861,-0.046826,-0.13662,0.097823,0.200553,0.215892,0.314003,0.29344,0.237508,-0.016008,0.092894,0.053519,0.334384,0.045552,0.053598,-0.13297,0.413237,0.194175,0.14764,-0.218785,0.051553,-0.137711,0.143291,-0.040562,-0.045631,0.141245,0.071725,0.033684,-0.001163,0.138608,0.008955,0.370114,-0.051867,0.002981,0.001531,0.15376,0.088887,-0.150268,-0.233067,0.330598,0.057557,0.166079,-0.193331,0.094304,0.099894,-0.285143,-0.210806,-0.016258,-0.371305,-0.103383,-0.055436,-0.173388,0.168054,-0.045624,#
3,-0.134485,-0.03224,0.19699,1.0,-0.04176,-0.178517,0.031359,0.006181,-0.330158,0.087437,-0.05503,0.014323,-0.089448,-0.163412,-0.013728,0.221421,-0.123198,-0.147866,-0.157736,0.12923,-0.075385,-0.025093,-0.200635,-0.008395,-0.059912,0.061819,-0.187602,-0.067245,0.011193,-0.226254,0.045265,-0.101629,-0.05427,0.319962,-0.023087,-0.206977,-0.071363,0.238214,0.002625,0.053549,-0.064071,0.017602,-0.007479,-0.233637,0.099557,0.118185,-0.314062,-0.306609,0.097682,0.105349,0.04612,0.121575,0.14819,0.126439,-0.2362,-0.027659,0.003182,0.050633,-0.147452,-0.153834,-0.117535,0.076358,0.217954,0.187162,-0.109253,-0.262847,-0.151443,-0.091509,-0.233565,0.007151,-0.055397,0.057964,0.192266,0.263615,-0.04993,0.122054,0.095417,0.408863,0.318977,-0.117076,0.115197,0.201619,-0.005415,0.097017,0.043993,0.124015,0.143868,-0.036027,0.11298,-0.032161,0.022334,0.07931,0.26641,0.017587,-0.05309,-0.0115,-0.043038,0.110718,0.000887,0.260607,-0.087661,0.086582,0.331708,0.257389,0.143255,0.042839,0.027905,0.127625,-0.183534,-0.096723,-0.176049,-0.142687,-0.039942,0.200475,-0.018167,0.407792,0.314872,0.004888,-0.246888,0.236272,0.196587,-0.015533,0.079064,0.279546,0.039255,0.199855,-0.015275,-0.156116,0.15968,0.265808,-0.216857,0.025809,0.156005,0.257843,0.178698,0.36855,0.254252,0.067447,-0.270353,0.235197,0.078787,0.229584,0.131955,-0.068218,0.248608,0.311607,-0.126859,-0.206121,0.095989,-0.154994,-0.116091,0.038277,0.048363,0.237021,0.124435,0.244124,-0.279131,-0.116531,0.312349,0.10181,0.259359,0.138674,0.190989,-0.04987,-0.097422,-0.146411,0.009969,-0.199395,0.371965,0.103586,-0.034769,-0.247453,0.044611,0.169497,-0.251204,0.132811,-0.004188,-0.140534,-0.458065,-0.033936,-0.082182,-0.268153,0.282907,0.00333,-0.271777,0.000933,-0.217765,-0.048956,0.187484,-0.291649,0.084857,-0.026574,-0.327243,-0.14131,-0.022284,0.089413,-0.069257,0.140403,-0.040178,0.140366,#
4,0.281034,0.209147,-0.022612,-0.04176,1.0,-0.032403,0.172158,0.138261,0.169347,0.030787,-0.234256,0.124143,0.145038,0.052132,0.152539,-0.059485,0.159822,0.102874,-0.084624,0.143574,0.206018,-0.094215,0.318166,-0.058867,-0.083345,-0.218373,0.07273,-0.040758,0.220065,0.147496,-0.207191,0.012929,-0.031995,-0.168948,-0.035002,0.146034,0.166356,-0.398581,-0.22331,-0.092314,0.04738,0.138173,-0.080189,-0.128087,0.255546,0.045336,0.189411,0.31784,0.27961,-0.061781,-0.061282,-0.456413,0.122169,-0.377022,-0.049808,-0.125149,-0.046448,-0.074922,0.193927,0.027303,-0.039529,0.225578,-0.064349,-0.055917,-0.104066,0.26038,0.059553,-0.017608,0.245422,0.049618,0.084598,-0.358344,-0.002577,-0.344283,-0.188178,0.116344,-0.263001,-0.192322,-0.287299,-0.161334,-0.159346,-0.36522,-0.330388,0.061694,-0.211383,-0.013618,-0.411725,-0.161581,0.119958,-0.237302,-0.301565,-0.2878,0.001575,-0.407793,-0.287856,-0.358543,-0.48739,-0.35996,-0.295776,-0.183975,-0.150196,-0.346621,-0.250671,-0.05555,-0.162074,-0.212774,-0.02967,-0.268223,-0.003463,-0.289491,0.219463,0.116457,-0.065801,-0.401225,-0.244228,0.113782,-0.144852,-0.343951,0.166263,-0.259742,-0.044755,-0.143278,-0.375507,-0.517036,0.005982,0.116246,-0.204732,0.262523,-0.063312,-0.392656,-0.001975,-0.039346,-0.140829,0.144531,-0.344739,-0.241279,-0.166052,-0.279626,0.116526,-0.259297,-0.149752,-0.260226,-0.129628,-0.161405,-0.377048,0.002156,0.091872,0.214528,-0.334424,-0.196567,-0.420108,-0.034398,0.048511,-0.283117,-0.029076,-0.195158,0.031351,0.442808,-0.314522,-0.171025,0.033659,-0.073188,-0.101513,0.041368,-0.150359,0.194327,0.029311,-0.000249,-0.242078,-0.045438,-0.072397,0.355521,-0.400985,-0.1491,0.017376,-0.105246,-0.098364,0.237511,0.233169,-0.461815,0.19064,-0.090501,0.023479,0.010068,0.228232,-0.196462,0.048018,-0.024468,-0.132558,0.043671,-0.227588,0.228562,0.277341,0.146027,-0.199703,0.101948,0.412235,-0.171469,-0.042212,0.075712,#
5,0.042116,0.220425,0.070769,-0.178517,-0.032403,1.0,0.215143,0.204563,0.290181,-0.036699,0.051439,0.220717,-0.156785,0.219179,-0.090035,-0.11016,-0.037394,0.082723,-0.034994,-0.151956,0.097474,0.203644,0.24706,-0.332611,0.286189,-0.256142,0.132191,-0.057578,0.007731,0.252554,-0.256691,0.060472,-0.067758,-0.181119,-0.294634,0.236981,0.0017,-0.119236,0.178615,-0.123297,0.272844,0.016035,0.221322,-0.085721,-0.133268,0.150026,0.191242,0.205274,0.095978,0.024015,-0.013795,-0.052022,0.114348,-0.158583,0.15115,0.190999,-0.242817,0.263305,-0.207865,0.202251,0.118535,-0.082707,-0.004292,0.074627,-0.09512,0.066311,-0.039412,0.345497,0.189919,0.016284,-0.103578,-0.267946,0.041533,-0.244361,-0.189133,0.178345,-0.076311,-0.086445,-0.03484,-0.174846,-0.244902,-0.343357,0.114609,-0.010756,-0.090755,0.149873,-0.099801,-0.050228,-0.124434,-0.126643,0.105815,-0.133119,-0.01246,-0.151862,-0.171516,-0.161971,0.045345,-0.093374,0.06949,-0.344243,0.159631,-0.064752,0.14801,-0.294256,-0.099896,-0.269075,0.121983,-0.336794,0.058303,-0.039748,-0.06774,0.133582,-0.097926,-0.242926,0.141406,-0.323413,-0.221027,-0.204577,0.172009,-0.009845,0.043829,-0.14592,-0.112,-0.258033,0.025177,-0.086279,0.129552,0.234403,-0.226022,-0.111008,-0.106425,-0.04015,-0.004674,-0.220688,-0.002287,0.034118,0.050205,-0.124092,0.100779,-0.35499,-0.205261,-0.132869,-0.21535,-0.157383,-0.011808,-0.268613,0.034161,0.22083,-0.153431,-0.125077,-0.053384,-0.032427,0.073762,-0.056363,-0.144432,-0.122423,0.206284,0.066891,-0.08927,0.014011,-0.080462,0.134044,-0.015617,0.085806,0.113785,0.199025,-0.110297,-0.205683,-0.097401,-0.154088,0.166888,0.126204,0.083424,-0.068571,0.241672,-0.222197,-0.093663,0.238844,0.157479,-0.285798,0.114291,-0.057631,-0.13208,0.325761,0.197223,-0.219196,0.138124,-0.027675,-0.220735,0.351618,-0.106515,0.148004,0.22783,0.212947,0.147825,0.222144,0.174072,-0.244671,-0.183956,0.059107,#
6,0.104272,-0.057484,0.154558,0.031359,0.172158,0.215143,1.0,0.310446,0.130064,0.069479,0.183453,0.052387,0.115553,0.062333,0.121777,0.15629,0.032307,0.065029,0.220238,-0.129862,0.17967,0.076487,0.084899,-0.168465,0.077448,-0.158655,0.017308,-0.052792,0.222074,0.036785,-0.272332,0.208177,0.091946,-0.294291,-0.005505,0.022218,0.099461,-0.037092,-0.064507,-0.108033,-0.100581,0.0444,0.043283,-0.099088,0.051398,-0.078819,0.056072,0.07451,0.067091,0.151863,0.100993,-0.124705,-0.009584,0.009008,-0.172412,-0.057521,0.084128,-0.117649,-0.217977,0.124574,-0.051535,0.092908,-0.212438,0.069341,-0.195057,-0.075116,0.108027,0.02893,0.13728,0.071229,0.131715,-0.33187,0.032704,0.040012,-0.132964,0.148322,-0.003303,-0.363051,-0.401255,-0.214426,-0.118527,-0.229278,-0.012666,-0.114612,-0.182983,0.139635,-0.214404,-0.087607,-0.160201,-0.154191,-0.002472,-0.16265,0.064204,-0.163999,-0.06632,-0.020053,-0.236628,-0.223028,-0.299233,-0.123451,0.049128,-0.360347,-0.152649,-0.121157,0.025486,-0.18678,0.138277,-0.1203,-0.152103,-0.121287,-0.073526,0.131326,-0.099656,-0.106434,-0.134313,-0.166989,-0.261631,-0.22413,-0.007466,-0.031453,-0.084646,-0.069766,-0.161483,-0.306206,-0.284544,0.136097,-0.234313,0.215058,-0.213814,-0.227129,-0.027382,-0.140292,-0.051472,0.071568,-0.046846,0.005351,0.043615,-0.329355,-0.059916,-0.158447,-0.011453,-0.087196,-0.07063,-0.199852,-0.257642,-0.214086,-0.055768,0.327125,-0.193948,0.050083,-0.080137,-0.068047,0.058484,-0.05321,0.074056,-0.144742,0.030499,0.310637,-0.209016,-0.195415,-0.032734,-0.191787,-0.044683,0.068289,0.000858,0.140491,-0.142785,-0.073852,-0.006739,-0.080226,0.102663,0.154784,-0.12301,-0.186696,0.109664,-0.020194,-0.124304,0.369745,0.090262,-0.398405,0.065084,-0.046239,0.265218,0.376655,-0.003758,-0.037596,0.125125,-0.171786,-0.009359,-0.014263,-0.14647,0.187429,0.247456,0.257386,0.164575,0.347711,0.116295,-0.213709,-0.005223,-0.030481,#
7,-0.018483,-0.264757,0.045702,0.006181,0.138261,0.204563,0.310446,1.0,-0.093157,-0.124095,-0.057106,-0.176017,0.048494,0.194653,0.18692,-0.046219,-0.115028,-0.277763,0.050541,-0.171752,-0.074662,0.097064,0.003027,-0.215447,-0.041525,0.060335,0.103258,-0.122176,-0.068518,-0.103334,0.058698,0.070804,0.033859,-0.112196,0.032398,0.142651,0.135473,0.210396,-0.161,-0.339623,0.095748,0.338224,0.199542,-0.000884,-0.056367,0.089139,0.161233,-0.089219,0.04321,-0.165762,-0.27782,-0.034295,0.016295,-0.363054,-0.025935,0.047244,-0.08387,-0.002183,-0.079392,0.097728,-0.135759,0.081365,-0.404587,0.130584,0.164537,0.187551,0.113071,0.192918,-0.121626,-0.193038,-0.062312,-0.350968,0.086807,-0.157188,-0.098621,0.046601,0.074988,-0.15667,-0.276524,-0.144351,-0.025375,-0.24305,0.158761,-0.212619,-0.111578,0.213697,-0.076594,-0.029385,-0.095661,-0.058046,0.0406,-0.184066,0.099618,-0.241473,0.02696,0.166119,-0.223624,0.060746,-0.042994,-0.094363,0.032811,-0.252943,0.160213,-0.207288,-0.10057,-0.218347,0.176178,-0.282896,0.031718,-0.171051,-0.117978,0.404199,0.109729,0.133994,-0.081449,0.054422,-0.183063,-0.111733,-0.128458,0.143499,-0.039431,-0.056647,-0.143173,-0.099248,-0.013634,0.019579,-0.143089,0.030764,0.134498,-0.008751,0.10383,0.024132,-0.075789,-0.147305,0.03521,0.084812,0.186787,-0.024603,-0.120054,-0.106685,-0.039448,-0.259633,-0.21802,0.185619,-0.050121,-0.182998,-0.288429,-0.002782,-0.056532,-0.058106,0.029542,0.188537,0.194281,0.110588,0.05771,-0.172504,0.288342,0.01972,-0.321438,0.036857,-0.016006,-0.108779,0.058864,0.018976,-0.071469,0.170572,-0.229502,0.04484,-0.207042,-0.074312,-0.065213,0.229305,-0.057136,0.0887,0.044088,0.056121,-0.136157,0.151687,-0.189695,-0.081466,-0.079472,0.061776,0.110488,0.051232,-0.058264,-0.087012,0.036035,0.209156,0.032509,-0.125037,-0.151551,0.150117,0.070227,0.113202,0.004874,0.213346,0.055137,-0.081598,-0.075924,-0.106347,#
8,0.298495,0.112951,0.317898,-0.330158,0.169347,0.290181,0.130064,-0.093157,1.0,0.0005,0.044059,0.230952,0.028638,0.373983,-0.081419,-0.123548,0.036164,0.383344,0.355071,0.199169,-0.209607,-0.118644,0.216791,-0.201897,0.018297,-0.213286,0.075215,0.212334,0.193337,0.137024,-0.218059,0.196227,-0.104998,-0.200376,-0.20493,0.110212,0.303892,-0.259531,0.047363,-0.170181,-0.07084,0.088254,-0.119187,0.10411,0.156942,-0.156728,0.44995,0.248764,-0.027907,0.237862,0.04048,0.012819,0.019636,0.111081,-0.266776,0.295993,-0.083611,0.104686,-0.117736,0.230907,-0.100148,0.044188,-0.037583,-0.100427,-0.082457,0.208604,0.321378,0.153349,0.247501,0.215594,0.255508,-0.051579,-0.154772,-0.02469,-0.191902,0.088848,0.045649,-0.357663,-0.106151,0.068021,-0.034544,-0.255448,-0.074122,0.22989,0.142989,0.114714,-0.216186,-0.130469,-0.046943,-0.184933,0.083821,-0.001658,-0.125992,0.202309,-0.188899,-0.014675,0.122414,-0.220439,-0.003131,-0.217469,-0.198829,-0.188794,-0.214731,0.045125,-0.058433,-0.000208,0.077883,0.056763,0.133034,-0.06765,0.165052,-0.126475,0.201161,0.042115,0.000147,-0.425119,-0.093175,-0.117792,0.36747,-0.25488,0.031135,0.00392,-0.099429,-0.506548,-0.103256,0.066224,-0.101501,0.12886,-0.379357,-0.119861,0.205667,0.199,-0.196421,-0.040829,-0.115196,-0.227291,0.096072,0.158054,0.302813,-0.108287,0.244893,-0.051785,-0.170678,-0.27235,-0.12575,-0.317656,0.300293,0.317487,-0.101954,0.115859,0.086941,-0.098991,0.200878,-0.075033,-0.002311,-0.120168,0.137996,0.263907,-0.03857,0.070473,-0.141096,-0.125151,0.054067,0.386534,0.257722,-0.109769,-0.11688,-0.110692,-0.132606,-0.033802,-0.068307,0.172768,0.18982,-0.104832,0.047161,-0.163896,0.027012,0.187201,0.155989,-0.294329,0.215938,0.057527,-0.270419,-0.005447,0.006255,0.251006,0.264052,0.041803,-0.4949,0.234933,-0.004328,-0.154671,0.038486,0.093827,-0.143248,0.069107,-0.00028,-0.230779,0.114869,0.07926,#
9,0.041264,0.043663,0.027413,0.087437,0.030787,-0.036699,0.069479,-0.124095,0.0005,1.0,-0.214955,0.210272,0.286412,0.337716,-0.252958,0.128992,-0.239281,0.177374,-0.200088,0.034242,-0.030817,-0.098396,0.076051,-0.077775,0.241407,-0.09261,0.137695,-0.489589,-0.098322,0.040895,0.060706,-0.08375,-0.039812,0.252613,0.038704,0.220236,-0.094822,-0.323878,-0.138217,0.036401,-0.069862,0.182545,0.206875,-0.042234,0.128442,-0.11447,-0.073082,0.088893,-0.161909,0.132767,0.104048,-0.221045,0.020634,-0.027297,-0.142556,-0.070688,-0.080581,0.046915,0.120521,-0.003817,0.049981,0.180261,0.06661,0.028702,-0.287388,0.046064,0.146199,0.036683,-0.012664,0.02588,0.028047,-0.271308,-0.072211,-0.04658,0.10842,-0.216691,0.008877,-0.029314,0.091557,0.117141,-0.055293,0.026571,0.058966,-0.131903,0.181361,-0.247692,0.056588,-0.043211,-0.051011,0.214205,-0.312011,-0.03077,0.1004,0.043769,-0.103485,0.0959,-0.092553,0.113453,-0.190097,0.157744,-0.176081,0.084536,0.160694,0.275223,0.0021,0.113088,0.041931,0.002505,-0.103854,-0.02069,-0.053584,0.151338,0.025355,0.116622,0.00393,0.02078,-0.166376,-0.105749,0.277013,-0.070955,0.108256,0.304304,-0.091544,-0.142325,-0.221975,0.200336,-0.192404,-0.098122,0.059084,0.254513,-0.156267,0.304006,-0.006715,0.466153,-0.03632,0.100886,-0.091826,-0.081837,0.203919,-0.092964,0.199429,-0.109224,0.133758,0.055177,0.138796,0.121745,0.116549,0.051405,-0.21023,0.247364,-0.290854,-0.06763,-0.181283,0.145449,0.343628,0.164768,0.016846,0.26993,0.062527,-0.006261,0.119931,0.159787,-0.151724,0.279857,-7.3e-05,-0.080702,0.093613,0.170016,0.0688,0.180512,0.111608,-0.091642,0.151639,-0.120724,-0.00225,0.116221,-0.134169,-0.04521,0.032522,-0.144883,-0.012508,-0.098856,-0.099045,-0.022739,-0.200869,-0.078555,0.063661,-0.051633,-0.155801,0.115141,-0.076632,-0.231744,-0.07932,0.055688,0.080939,-0.153153,-0.028813,0.021273,0.185497,-0.017429,#
10,-0.24397,-0.064448,0.044362,-0.05503,-0.234256,0.051439,0.183453,-0.057106,0.044059,-0.214955,1.0,0.152385,-0.268883,-0.253096,-0.031402,0.102496,0.390072,-0.187541,0.172964,-0.12447,0.046701,0.176696,-0.057608,0.186297,-0.121065,0.184571,-0.280579,0.252061,0.148851,-0.052057,-0.114112,0.140402,-0.333755,-0.216914,0.35677,-0.062615,0.096316,0.053198,0.169466,0.255843,-0.258616,-0.117633,-0.006297,-0.170208,-0.179738,0.249034,-0.246314,-0.344301,0.082981,-0.022515,0.157273,0.056179,-0.086128,0.233795,-0.018962,0.028463,-0.121957,-0.109107,-0.117334,-0.115154,-0.006301,-0.178489,0.107088,0.196159,0.263285,-0.172293,-0.042125,-0.125278,-0.053866,-0.126414,-0.075312,0.225795,0.149402,-0.021296,-0.03761,0.18534,-0.087174,0.064669,-0.060342,-0.148587,-0.013785,0.018825,-0.226474,0.208863,-0.165762,-0.023901,-0.034852,0.095363,-0.294794,-0.063458,0.169532,-0.148856,-0.083954,-0.002583,-0.049238,-0.005822,-0.148919,-0.045341,-0.199033,-0.049669,0.158697,-0.008049,-0.374227,-0.129065,0.188712,-0.06913,-0.073129,0.222905,-0.316481,0.514982,-0.242522,-0.16692,-0.253053,0.06643,0.038553,0.019975,-0.148405,-0.001802,-0.192564,0.319602,-0.277542,-0.049778,-0.152648,0.041492,0.027917,-0.171034,-0.045972,-0.105299,0.016983,-0.024195,0.224124,-0.146334,0.04547,-0.144167,0.211567,0.184977,0.050767,-0.141116,-0.23644,0.02667,-0.013776,0.274083,0.036639,-0.002484,-0.029205,0.052767,0.096922,-0.151266,0.088322,-0.223067,0.195848,0.034766,-0.281051,-0.061274,-0.179153,-0.339938,-0.16478,-0.091195,0.043143,0.001604,0.119234,-0.042219,-0.181034,-0.178836,-0.071931,-0.079934,-0.222676,-0.085729,0.077347,0.018073,0.139532,-0.223632,-0.124541,-0.079694,0.063163,-0.33025,-0.349356,0.223542,-0.112241,0.143022,0.00916,0.028271,0.135493,0.211229,0.073096,0.069965,-0.250196,-0.14091,0.413493,-0.065618,-0.054473,0.300966,-0.003643,-0.051979,0.19557,0.155578,0.238198,-0.268485,-0.239782,0.027079,#
11,0.100765,-0.069922,0.222532,0.014323,0.124143,0.220717,0.052387,-0.176017,0.230952,0.210272,0.152385,1.0,-0.064207,0.138194,-0.094655,0.066699,0.160385,-0.000764,-0.074892,-0.209357,-0.124834,-0.05987,-0.057196,0.026767,0.252397,-0.150511,-0.167631,-0.176254,0.293738,0.160054,-0.224856,0.212559,-0.477588,-0.06641,-0.16278,0.343133,-0.129059,-0.118139,0.18237,0.195959,0.015027,-0.020123,-0.157126,-0.011123,0.067901,0.097141,-0.04654,-0.048503,0.17587,0.136945,0.245389,-0.079092,-0.157597,-0.0026,0.047055,-0.019379,-0.301132,-0.101644,-0.124722,-0.166471,-0.171076,0.128276,0.232976,-0.117841,-0.033289,-0.177943,0.014896,-0.094591,0.172486,-0.017492,0.201626,-0.184518,-0.068684,-0.053348,-0.131247,0.183738,-0.264179,-0.057272,0.001443,-0.271452,-0.04812,-0.06859,0.022961,0.150523,0.066657,0.011371,-0.210604,-0.202189,-0.149479,-0.193916,-0.008273,-0.02663,0.026843,-0.094591,-0.129862,-0.09305,-0.111692,-0.194997,0.005762,-0.160105,-0.132912,0.003082,-0.050576,0.001557,-0.064795,-0.051907,0.025015,-0.086944,-0.135784,-0.112466,-0.263646,0.100132,-0.224298,-0.12267,-0.132561,-0.025065,-0.045236,-0.151095,0.056789,-0.014694,-0.005649,0.041662,-0.188199,-0.121276,0.182851,0.063094,-0.182469,-0.179562,-0.303382,-0.155743,-0.007447,-0.063006,-0.01069,0.210014,-0.143402,0.057522,-0.038038,-0.003818,0.186719,-0.156346,0.150774,0.139753,-0.017962,-0.203476,-0.172935,-0.193415,0.252265,0.065952,-0.162681,-0.197797,-0.130236,-0.041457,0.069654,-0.111936,-0.167982,-0.169158,0.216876,-0.092173,0.070844,0.117204,0.15707,0.038921,0.002128,-0.021986,-0.064976,-0.160452,0.091207,-0.148266,0.234545,0.069277,0.092683,-0.133997,0.023159,-0.359589,0.154701,-0.163764,-0.219405,0.032606,0.14815,-0.175129,0.004474,0.020025,0.069342,0.109958,0.108219,-0.110624,0.127768,-0.139861,-0.127893,0.127109,-0.135543,0.131842,0.007173,-0.03595,0.061805,0.073788,0.160322,-0.232156,0.057809,0.163238,#
12,0.104545,0.028153,-0.254957,-0.089448,0.145038,-0.156785,0.115553,0.048494,0.028638,0.286412,-0.268883,-0.064207,1.0,0.214996,0.211824,0.249637,-0.180915,0.093763,0.015248,-0.064436,0.183359,0.100793,0.074722,-0.113811,-0.143296,-0.000985,0.226501,-0.02227,-0.00842,-0.00567,-0.085538,0.226183,0.192143,-0.027905,-0.092298,-0.091799,0.164264,-0.167085,-0.25197,0.061496,-0.115301,0.261945,0.057467,0.338463,0.320493,-0.166502,0.050526,0.145095,-0.092265,-0.057547,0.025132,-0.122303,0.12223,-0.175962,-0.130764,-0.161618,-0.209408,0.272734,0.138278,0.031272,-0.301359,0.004478,-0.325833,0.044999,0.05108,0.300627,0.059646,0.100568,0.280297,-0.186693,-0.06936,-0.184965,-0.129659,0.010385,0.075994,0.018883,-0.098779,-0.20487,-0.1834,-0.070687,-0.068176,-0.32529,0.083654,-0.174148,-0.008017,-0.325365,0.075387,-0.053969,-0.29228,-0.023716,-0.122663,-0.364708,-0.068761,-0.084946,-0.018545,0.10999,-0.122987,-0.125423,-0.184071,-0.214295,0.060697,-0.208495,-0.02687,-0.173165,0.050655,-0.032734,-0.153331,-0.168969,-0.175781,-0.235289,0.190016,-0.116278,-0.06725,-0.080058,-0.139816,-0.10442,-0.030091,-0.037906,-0.117482,-0.320796,-0.006821,-0.078203,-0.234285,-0.279411,-0.309342,0.146738,-0.290602,0.06763,-0.15538,-0.169958,-0.252348,-0.006221,-0.000708,0.021917,-0.22875,-0.073963,-0.037612,-0.026766,0.098184,-0.076906,-0.102724,-0.075768,-0.213922,-0.019777,-0.237968,0.047483,-0.036168,0.264769,-0.407902,0.049343,0.015714,-0.141943,-0.105731,-0.14169,-0.304826,-0.093762,0.167989,0.185208,-0.32704,-0.142992,-0.152436,-0.076611,-0.128665,0.070723,0.001141,0.1493,-0.153672,0.029998,-0.098489,0.032475,0.019755,0.12328,-0.047299,-0.142406,0.1435,0.015639,-0.07849,-0.052635,0.184933,-0.183919,0.172541,0.05115,-0.048846,0.163056,0.117624,-0.073046,0.050013,0.013926,-0.067526,0.174538,-0.14748,0.046817,0.183306,0.248576,0.083686,0.070637,-0.020283,0.071288,0.117229,0.113948,#
13,0.195973,0.131583,0.172978,-0.163412,0.052132,0.219179,0.062333,0.194653,0.373983,0.337716,-0.253096,0.138194,0.214996,1.0,0.10299,-0.079554,-0.214036,0.291577,-0.11876,0.093176,-0.218531,-0.085891,0.033883,-0.309521,0.17491,-0.050258,0.218387,-0.358286,-0.001507,0.057216,-0.09255,0.154714,-0.066443,-0.089815,-0.243458,0.314379,0.188266,-0.167793,-0.056196,-0.417527,0.021688,0.286171,0.005557,0.12095,0.200751,-0.324146,0.405666,0.187601,-0.082709,0.060408,-0.016628,-0.076144,-0.033809,-0.051919,-0.435554,0.004336,0.165195,0.11261,0.108757,0.264021,-0.093917,0.190592,-0.172985,-0.198851,-0.041463,0.256515,0.251936,0.456911,0.199879,0.024657,-0.018107,-0.27793,-0.109566,0.016303,0.007172,0.04052,-0.101421,-0.168151,-0.264399,0.131195,0.08848,-0.258626,0.10557,-0.063147,0.168307,0.075351,-0.097952,-0.325449,-0.274675,-0.140476,-0.219141,-0.047436,0.005876,0.140507,-0.255605,0.073914,-0.026815,-0.021796,0.048715,-0.123132,-0.171619,-0.174468,-0.026854,-0.084602,-0.038049,-0.239276,0.022161,-0.231537,0.056143,-0.269476,0.216718,0.133501,-0.054197,0.191001,0.126359,-0.20587,-0.375227,-0.155902,0.281378,-0.39514,-0.071718,0.051804,-0.025761,-0.257584,0.012957,-0.000329,-0.285737,0.029525,-0.142614,-0.127597,0.019533,0.308323,-0.404153,0.010462,-0.003419,-0.161945,0.062924,0.22934,0.280717,-0.102436,0.130501,-0.327101,-0.231062,-0.124634,-0.05962,-0.259514,0.039733,0.334997,-0.228715,0.348912,-0.173259,0.1067,-0.007201,0.088219,0.115117,-0.142411,0.424932,0.399816,-0.067013,0.099285,-0.173229,-0.033347,0.068843,0.572913,0.122914,0.236762,-0.010257,0.02137,-0.082141,-0.06534,0.035094,0.137671,-0.042344,0.034058,-0.032682,0.04188,0.04153,-0.043129,0.190401,-0.249458,0.249547,0.166117,-0.380114,-0.151621,0.139149,-0.15238,0.112446,0.174228,-0.446404,0.242507,-0.01187,-0.222591,0.256179,0.174471,0.020304,-0.228205,-0.232172,-0.195633,0.257734,0.097356,#
14,0.419755,0.146314,-0.143993,-0.013728,0.152539,-0.090035,0.121777,0.18692,-0.081419,-0.252958,-0.031402,-0.094655,0.211824,0.10299,1.0,0.223706,0.079898,-0.312897,-0.021858,-0.206762,-0.18089,0.090816,-0.008773,-0.261616,-0.215561,-0.06371,-0.104592,-0.071967,0.135924,-0.005182,-0.417613,0.30392,-0.047037,-0.147131,0.024996,-0.108258,0.067754,0.215627,-0.02801,-0.043965,-0.00266,-0.184718,-0.265952,0.095204,0.273792,0.027104,0.408912,-0.214446,0.083776,0.008999,-0.276857,0.18074,-0.054556,-0.177121,-0.126169,0.155417,-0.066977,0.010384,-0.184372,0.035547,-0.029643,0.1662,0.074313,0.01316,0.209852,0.149602,-0.18237,-0.073551,0.123739,-0.334446,0.108131,-0.076873,-0.206079,0.023955,0.04235,0.042942,-0.160765,-0.015769,-0.307824,0.033595,0.039274,-0.30325,-0.125585,-0.151046,-0.205646,0.017066,-0.16465,-0.2238,-0.160482,-0.298664,0.022296,-0.270523,0.059432,-0.041135,-0.074408,-0.007683,-0.180399,-0.217031,-0.236722,-0.14243,0.026226,-0.321334,-0.0641,-0.17409,-0.136862,-0.212541,-0.227056,-0.123495,0.157281,-0.279968,-0.028423,-0.088368,-0.281288,-0.016798,-0.362869,-0.095489,-0.097939,0.096414,-0.149105,-0.31175,-0.309024,-0.247689,-0.169479,0.111915,0.173343,-0.028022,-0.229227,0.088399,-0.038642,-0.289675,0.008915,-0.404484,-0.333844,-0.322461,-0.112907,-0.139931,0.048432,-0.227193,-0.097215,-0.114094,-0.234088,-0.327443,-0.050091,-0.233769,-0.368332,0.030969,-0.038769,0.038547,-0.142746,-0.23494,-0.019648,-0.021644,-0.035296,-0.144632,-0.237464,-0.190255,0.188858,0.048967,-0.321104,-0.080888,-0.494132,-0.182328,-0.017411,-0.294554,-0.047036,0.247994,-0.045044,0.021737,-0.07539,-0.347447,-0.021638,0.181703,-0.222705,-0.042509,0.209011,0.052209,0.131512,-0.058159,0.080654,-0.144772,-0.016026,0.28809,0.060899,0.141262,0.299682,-0.172872,0.25147,0.146494,0.260348,-0.064132,-0.256038,0.235888,0.290474,0.311186,0.083817,0.024752,0.065092,-0.059655,-0.045193,0.279702,#
15,-0.002926,-0.065617,-0.184776,0.221421,-0.059485,-0.11016,0.15629,-0.046219,-0.123548,0.128992,0.102496,0.066699,0.249637,-0.079554,0.223706,1.0,0.150798,-0.26855,-0.099911,-0.367059,-0.085942,-0.044387,-0.094375,-0.327618,-0.070241,-0.117257,-0.292791,-0.071748,-0.004505,-0.037292,-0.27656,0.116357,-0.013475,-0.115731,-0.026081,-0.14438,-0.042444,0.009148,0.176368,0.343703,-0.266968,-0.219019,0.075125,0.025956,0.101737,0.232647,0.033088,-0.347087,0.140361,0.081273,0.247088,-0.08581,0.182145,-0.04398,-0.062017,0.24102,0.040931,-0.031222,-0.023228,0.078685,-0.142321,0.121634,0.08719,0.17121,-0.223595,-0.154713,-0.294605,0.123483,-0.108462,-0.40239,0.259904,-0.080455,-0.221116,-0.062758,0.069604,-0.112744,-0.067849,0.110764,-0.142121,-0.111672,0.142482,-0.060657,0.132165,-0.102326,0.08386,-0.055497,0.063552,0.228587,-0.117459,-0.004422,0.209368,-0.103685,0.240147,-0.150036,-0.119939,-0.112898,-0.19232,0.085798,-0.108631,-0.036852,0.022491,0.088638,-0.019637,0.056825,0.012597,-0.126301,-0.225348,0.23262,-0.104963,0.008523,-0.409112,-0.217378,-0.172327,-0.014547,-0.135968,-0.104884,0.064932,-0.06577,-0.321725,0.101214,-0.014267,-0.093139,-0.00076,0.153529,0.048762,0.052948,-0.149502,-0.028196,-0.164506,-0.028487,-0.142986,-0.261183,-0.002128,0.061301,-0.079966,0.045683,0.155384,-0.182921,-0.09243,0.025757,-0.133668,0.028384,0.190182,-0.011327,-0.309855,0.095286,-0.128559,-0.172927,-0.227227,-0.200861,0.019276,-0.069295,-0.256508,-0.081721,-0.322388,0.058837,-0.039394,-0.164906,-0.268712,0.028035,-0.22712,-0.28671,-0.167611,-0.286804,-0.145063,-0.194166,-0.280306,-0.025592,0.060267,-0.14091,-0.032912,-0.232683,0.141775,-0.041867,0.166457,-0.061271,-0.180904,0.00211,-0.237724,-0.107933,-0.177853,-0.246264,0.484265,0.251385,-0.025957,-0.187432,0.056203,-0.318293,0.385895,-0.212101,-0.213296,0.31489,0.295351,0.004944,0.250975,0.074853,0.052317,-0.179585,-0.226444,0.03797,#
16,0.068781,-0.297623,-0.255935,-0.123198,0.159822,-0.037394,0.032307,-0.115028,0.036164,-0.239281,0.390072,0.160385,-0.180915,-0.214036,0.079898,0.150798,1.0,-0.155285,-0.022511,-0.05063,0.006518,-0.106036,-0.069709,-0.116142,-0.029802,0.192874,-0.410626,0.064313,0.022172,0.047708,-0.136812,-0.018177,-0.107584,-0.24107,0.256421,-0.048087,-0.13867,0.06614,0.077032,0.184346,-0.194473,-0.418959,-0.414951,-0.203661,0.21959,0.305312,-0.034545,-0.295769,0.113268,0.160128,0.118408,-0.049093,0.068249,0.078474,0.176858,0.185746,0.052193,-0.086121,0.240606,-0.078358,0.007705,-0.062754,0.144124,0.208177,-0.030064,-0.259645,-0.192827,-0.253961,0.00126,-0.148904,0.244765,0.008095,-0.217895,-0.2393,-0.159846,0.122661,-0.153687,0.076093,-0.206742,0.06027,0.122197,0.058704,-0.051743,0.025941,-0.156536,0.119636,-0.173119,0.11706,0.101913,-0.13631,0.160655,0.01149,-0.035484,-0.137425,-0.163911,-0.407507,-0.082572,-0.29315,0.085577,-0.140403,0.174633,0.036924,-0.35379,-0.261748,-0.087353,-0.09269,-0.047519,-0.095882,-0.133841,0.176745,-0.273778,-0.093435,-0.003252,-0.192316,-0.212981,0.02363,0.010794,-0.120421,0.107537,-0.041934,-0.096114,0.010633,-0.179404,0.025948,0.083089,-0.154853,-0.201349,0.007078,-0.098874,-0.183545,0.150554,-0.223096,0.094908,0.070372,-0.131788,-0.058083,-0.165148,-0.303035,-0.3542,0.052075,-0.32688,-0.002107,0.10274,0.175957,-0.298167,0.043348,0.207125,-0.075376,0.213767,-0.346382,0.103988,-0.061323,-0.263824,-0.140022,-0.240018,-0.179202,0.035523,0.044918,-0.238384,0.101588,-0.111788,-0.018406,-0.008966,-0.159248,-0.038576,-0.007319,-0.016537,0.044469,-0.05707,0.055835,0.395856,-0.171881,-0.022107,0.038679,0.091314,-0.152012,-0.118868,0.108727,-0.05328,-0.060114,0.012523,-0.187895,0.258199,0.170061,0.148241,-0.042077,0.015222,-0.208487,0.191959,-0.199676,-0.158506,0.251315,0.093833,-0.095432,0.167056,0.180908,0.270111,-0.019203,-0.276396,0.224434,#
17,-0.015715,0.155633,0.19693,-0.147866,0.102874,0.082723,0.065029,-0.277763,0.383344,0.177374,-0.187541,-0.000764,0.093763,0.291577,-0.312897,-0.26855,-0.155285,1.0,0.183024,0.087047,0.232307,-0.084538,0.176959,-0.001903,0.096584,-0.091274,0.107289,-0.081644,-0.013315,0.192068,0.226364,-0.034037,0.178331,0.006394,-0.170947,0.097104,0.03201,-0.290859,0.074231,-0.308591,-0.000572,0.141223,-0.014562,0.044643,0.106414,-0.277575,0.072812,0.461893,-0.095563,-0.09731,0.080471,-0.09132,0.009806,0.060913,-0.17671,-0.166023,0.155342,0.09922,0.116266,-0.009796,0.121272,-0.071351,-0.060794,-0.278118,-0.106576,0.103154,0.104574,0.043128,0.233993,0.264296,-0.051705,-0.0711,-0.220622,0.074475,0.066256,0.120122,0.014884,-0.251671,-0.017828,0.116854,-0.204551,0.034326,-0.116922,0.112883,0.363708,0.036989,-0.016831,0.062899,-0.052422,0.084378,-0.184073,0.002718,-0.302276,0.231594,-0.10532,-0.140151,0.150857,-0.116442,0.078987,0.081207,-0.103622,-0.075676,-0.050896,0.013706,-0.0048,0.155384,-0.000822,0.059355,-0.060499,-0.126371,0.279469,0.112852,0.213185,-0.036708,0.084708,-0.148724,-0.015076,0.071202,0.388394,-0.191024,0.027994,0.244971,-0.044661,-0.267407,-0.092988,0.305219,0.088709,0.159661,-0.233887,-0.025285,0.083568,0.221084,-0.158795,0.246783,-0.097874,-0.04372,0.01623,0.160704,0.345801,-0.124992,0.028005,0.109183,-0.070861,-0.23435,0.228546,-0.259802,0.229887,0.230419,-0.036096,0.256102,-0.021286,-0.056005,-0.007208,-0.193106,0.17899,-0.014851,0.004711,0.462915,0.126799,0.187221,0.167194,0.112362,0.015488,0.515013,0.140614,0.002233,0.0447,0.028307,-0.076431,0.257487,-0.026483,-0.001145,-0.042837,-0.054821,-0.092637,0.128245,0.066696,0.208151,0.359001,-0.160753,0.415411,-0.076054,-0.437592,-0.021851,-0.008111,0.07905,0.101879,0.09449,-0.457722,0.294988,0.200969,-0.286709,0.022612,-0.145295,-0.12477,-0.003505,-0.024679,-0.047814,0.346483,-0.230518,#
18,-0.043629,-0.089621,0.164723,-0.157736,-0.084624,-0.034994,0.220238,0.050541,0.355071,-0.200088,0.172964,-0.074892,0.015248,-0.11876,-0.021858,-0.099911,-0.022511,0.183024,1.0,0.044187,0.0456,0.186913,0.140269,-0.034728,-0.146242,0.04121,0.025277,0.390127,0.012831,0.02989,0.018391,0.090871,0.104107,-0.143747,-0.02051,0.093854,-0.086108,0.015297,0.023717,-0.131055,0.015288,-0.025549,0.043144,0.064587,-0.04222,-0.125237,0.057059,0.018061,-0.212635,0.077623,0.104238,0.260065,0.084391,0.043919,-0.176463,0.178267,0.035685,-0.062244,-0.182305,-0.042187,-0.134676,-0.143937,-0.031232,-0.019336,0.127776,0.152834,0.253062,-0.113827,-0.046592,-0.016794,0.164392,-0.03517,-0.264721,0.163878,-0.045862,-0.082978,0.216023,-0.37302,-0.05284,-0.063319,-0.078302,0.00348,-0.152747,0.047903,-0.018405,0.003917,0.122201,-0.076038,0.051874,0.220288,0.135532,0.123301,-0.079957,0.113485,0.121533,0.01646,0.073571,0.042497,-0.191263,-0.235721,-0.049582,0.026269,-0.067691,0.11318,0.081367,0.139757,0.158756,-0.002644,0.222765,0.064107,0.08141,-0.180268,0.182748,0.09813,-0.035201,-0.184091,0.179839,0.151396,0.140777,-0.039742,0.045187,-0.110032,-0.021799,-0.221915,0.087466,-0.100882,0.056286,-0.039715,0.068913,0.018159,0.221865,0.05765,0.123171,-0.060573,-0.102645,0.021421,0.135849,0.028623,-0.135671,-0.102704,0.138226,0.11965,-0.101207,-0.132023,-0.02383,-0.125123,0.101679,0.002343,0.072323,0.123726,0.33788,-0.044152,0.293248,-0.180061,-0.013559,-0.090262,0.044199,0.088508,0.031385,0.191834,0.038827,-0.09048,-0.091733,-0.001356,0.310216,-0.176885,0.229761,-0.032045,-0.168739,0.153179,-0.15815,0.362275,0.199185,0.077963,0.255062,-0.101114,-0.002756,0.010326,-0.060156,0.163639,0.095092,0.147479,-0.053908,-0.029454,0.018447,0.236411,0.045621,0.034531,-0.09946,-0.156732,0.173948,0.046459,-0.125131,-0.145346,-0.147114,0.274147,0.00623,0.10341,0.267974,-0.095064,#
19,-0.142982,0.088382,0.177384,0.12923,0.143574,-0.151956,-0.129862,-0.171752,0.199169,0.034242,-0.12447,-0.209357,-0.064436,0.093176,-0.206762,-0.367059,-0.05063,0.087047,0.044187,1.0,-0.122593,-0.027402,0.114894,0.141386,-0.246863,0.129035,0.052165,0.17445,-0.049253,0.043603,0.147393,-0.012702,0.105767,0.117019,-0.062513,-0.059693,-0.06694,-0.17749,-0.203028,-0.115688,-0.089988,0.047396,0.015435,0.051288,-0.063947,-0.163612,-0.028853,0.077499,-0.16103,0.148342,-0.054669,0.057377,0.105205,0.100527,-0.232685,0.049254,0.162642,-0.011552,0.034542,-0.082201,0.084912,-0.033986,-0.041239,0.087721,-0.000242,0.092835,0.416493,-0.14834,0.011106,0.259726,-0.014604,0.095874,0.025937,0.183343,-0.210192,0.034149,0.084696,0.100318,0.155159,0.022731,0.247102,-0.058499,-0.046264,0.312807,-0.012286,0.029916,0.019513,-0.169941,0.281817,-0.025032,-0.215358,0.142717,0.016252,0.134686,-0.247021,-0.037686,0.154198,-0.109221,-0.103204,0.073297,-0.236176,-0.020751,-0.074183,0.219243,-0.156271,0.182489,0.08083,-0.074248,0.16484,0.178012,0.482828,-0.066484,0.212752,0.098516,0.077445,0.094989,0.225456,-0.063767,0.359873,-0.088591,0.120574,0.124552,0.063544,-0.213142,-0.078319,-0.005989,0.034861,0.029824,0.18297,-0.115091,-0.043617,0.243431,-0.02797,0.085178,0.124114,-0.129358,-0.117511,0.16522,-0.124379,0.107791,0.284554,-0.006131,-0.044084,0.057155,0.189442,0.187488,0.179349,0.062484,0.079063,0.258389,-0.040685,0.067209,0.085098,0.251763,0.280937,0.122948,-0.216841,0.225787,0.146165,-0.070153,0.000974,0.008939,0.088402,0.179701,0.194105,-0.043712,0.170596,0.104539,0.091945,0.093364,-0.200714,0.055475,-0.151099,0.284575,-0.044398,0.065982,0.114174,-0.063354,-0.134652,0.056151,0.186979,-0.084084,-0.220519,0.033269,-0.046298,0.263826,-0.096331,0.033031,-0.422921,0.062398,0.214695,-0.254388,-0.190221,-0.102268,-0.260419,-0.182671,-0.081182,0.222064,0.155413,0.070103,#
20,-0.238768,0.200553,-0.274904,-0.075385,0.206018,0.097474,0.17967,-0.074662,-0.209607,-0.030817,0.046701,-0.124834,0.183359,-0.218531,-0.18089,-0.085942,0.006518,0.232307,0.0456,-0.122593,1.0,0.20492,0.41464,0.10007,0.050544,-0.033355,0.153091,0.066215,0.144831,0.325848,0.005258,-0.122359,0.299507,-0.116615,-0.005736,-0.013738,-0.0552,-0.277754,0.089307,-0.044096,0.239537,0.104187,0.267827,-0.066689,-0.12363,-0.071142,-0.24045,0.281763,0.170249,-0.315127,0.071902,-0.355523,-0.090973,-0.167888,-0.015072,-0.182712,-0.065158,-0.050198,0.108032,-0.001656,-0.039814,-0.218323,-0.171079,0.029139,-0.116192,0.265104,-0.061869,0.077869,0.26842,0.235655,-0.241519,-0.073782,0.152954,-0.09527,-0.020006,0.201655,0.085704,-0.085286,-0.218954,-0.18783,-0.395959,-0.156079,-0.262794,0.069539,-0.057892,-0.242664,-0.037297,-0.059415,-0.055711,0.145467,-0.27642,-0.209389,-0.340603,-0.126923,-0.039771,-0.092717,-0.221504,-0.207677,-0.225864,0.010567,0.251577,0.039469,-0.178573,-0.315459,0.120918,-0.095194,0.030475,-0.168955,-0.130751,-0.022932,0.157463,0.11357,-0.208706,-0.376136,-0.009473,0.030231,-0.081771,-0.041852,0.028101,-0.06968,0.015033,-0.2058,-0.121932,-0.285323,-0.258515,0.06284,-0.031847,0.134996,0.021327,-0.237297,-0.3334,-0.16167,-0.014722,0.046224,-0.190097,-0.088675,-0.317293,-0.330124,0.032929,-0.153353,-0.315381,0.131451,-0.176385,-0.211918,-0.25195,-0.118924,-0.094283,0.369322,-0.097815,-0.12517,-0.193171,-0.130752,-0.270766,-0.352011,-0.378832,-0.17709,-0.142757,0.151997,-0.030902,-0.15173,0.225167,0.119502,-0.210815,0.073963,-0.217335,0.073429,-0.066647,-0.218179,-0.36108,0.272369,0.097823,0.104496,-0.180649,-0.2045,0.039399,-0.252051,-0.093113,0.033016,0.087286,-0.097183,0.257974,-0.139389,-0.027019,0.140863,0.239191,-0.232732,-0.085443,-0.117876,0.012617,0.131209,-0.097992,0.334256,0.176893,-0.048719,-0.09359,0.335575,0.207777,0.028914,-0.130176,-0.014612,#
