0,1.0,0.240123,-0.003929,-0.071849,0.272212,0.151436,0.057312,-0.157664,0.189239,0.247472,-0.040124,-0.00639,-0.036941,0.281881,0.261912,0.045483,0.06939,-0.066195,-0.096768,-0.230959,-0.054115,-0.152126,-0.155882,-0.115178,0.219505,-0.434359,0.103546,-0.226087,0.235313,0.115294,-0.355262,-0.021197,-0.106666,-0.167385,0.168429,0.157565,0.092282,-0.14689,-0.106777,0.14039,-0.03883,-0.015644,-0.359513,-0.128394,0.188237,-0.326884,0.043352,-0.03234,0.017565,-0.043797,-0.010802,-0.182362,0.009753,0.071158,0.135005,0.022723,-0.165881,0.050891,-0.211054,0.347393,0.180891,0.46072,0.099364,-0.311143,-0.197369,-0.053653,-0.033644,0.060464,0.082415,-0.056945,-0.031962,0.015715,0.084388,-0.040139,-0.074496,0.145086,-0.30316,-0.28016,-0.157072,-0.071657,-0.009692,-0.209843,-0.054507,-0.223612,-0.227097,-0.025726,-0.165218,-0.102382,-0.146258,-0.36214,-0.124603,-0.369527,-0.040445,0.054344,-0.067099,-0.131831,-0.05441,-0.006731,-0.086229,-0.126502,-0.08862,-0.244846,-0.190734,0.075655,-0.034654,-0.178287,0.019406,-0.127924,-0.120592,-0.33935,0.058038,-0.114592,-0.164763,-0.165476,-0.221216,-0.367373,-0.048292,-0.27035,0.09448,-0.300607,-0.127475,-0.02606,-0.240851,-0.019337,0.12978,-0.132712,-0.104264,0.030769,-0.207432,-0.166357,-0.119111,-0.143663,-0.418226,0.038601,0.073113,-0.200406,0.04726,-0.113709,0.066918,-0.172401,-0.104023,-0.33775,-0.055275,-0.460102,-0.238524,-0.217922,-0.203553,0.328989,-0.151903,-0.095516,-0.302489,-0.009388,0.095495,-0.238629,0.035058,-0.035473,0.049314,0.225056,-0.032482,-0.195883,-0.182441,-0.207979,0.175561,0.014731,-0.232659,0.187549,-0.07158,0.290244,-0.109333,-0.325917,0.185642,0.050421,-0.066415,-0.075701,0.096364,-0.238031,-0.021117,0.167122,0.252436,-0.323408,0.210909,0.021687,-0.058862,0.18759,0.118708,-0.189502,0.299168,-0.120743,0.06391,0.233039,-0.349141,0.041268,0.150818,0.205701,-0.158463,0.045261,-0.058246,-0.274403,0.09264,-0.092761,#
1,0.240123,1.0,-0.076269,-0.102499,0.296916,0.276121,0.206928,-0.326871,0.22907,0.241982,0.110434,-0.001027,0.057132,0.327388,0.160675,-0.083616,-0.200549,0.232119,-0.071083,-0.025873,0.275663,0.321571,0.324883,-0.11095,0.008101,-0.361374,0.259799,-0.037814,0.260381,0.34191,-0.343999,-0.151133,0.085843,-0.427496,-0.111015,0.068731,0.224094,-0.621795,-0.058308,0.125652,0.119224,0.338199,0.04459,-0.084343,0.001586,-0.052369,0.037609,0.290723,-0.056125,-0.039473,-0.184188,-0.504996,0.044604,-0.264411,0.022191,0.057216,-0.191231,0.36463,0.031635,0.38091,0.222359,0.265512,0.129419,-0.00652,-0.033446,0.355072,-0.072357,0.304566,0.358792,0.025113,-0.328915,-0.16341,0.181671,-0.148532,-0.298036,0.165243,-0.418812,-0.126697,-0.397792,-0.161407,-0.221556,-0.707178,-0.349129,-0.070053,-0.206751,-0.237618,0.040807,-0.392625,-0.144342,-0.170695,-0.354709,-0.333041,-0.24319,0.022311,-0.280401,-0.211366,-0.299666,-0.393456,-0.134347,-0.347781,0.057417,-0.269039,-0.184886,-0.026296,0.008194,-0.197674,-0.294187,-0.597102,-0.02824,-0.072683,0.092434,-0.133528,-0.482753,-0.278041,-0.093073,-0.22919,-0.275303,-0.116663,0.077506,-0.42068,-0.240615,-0.221613,-0.357982,-0.396426,-0.021869,-0.106907,0.046212,0.199041,-0.21539,-0.440401,-0.165763,-0.223019,-0.320091,-0.212032,-0.258226,-0.376177,-0.165208,-0.222125,0.183967,-0.720748,-0.279305,-0.308409,-0.247344,-0.235692,-0.033594,-0.256239,-0.168508,0.474252,-0.207347,0.001955,-0.316107,-0.290699,-0.204403,-0.219109,-0.081522,-0.058028,-0.02795,0.522816,-0.158006,-0.38674,-0.152808,-0.15368,-0.147662,0.237684,-0.195484,0.408885,-0.17103,-0.1214,-0.207186,-0.301397,-0.020895,0.12053,-0.370834,-0.193168,0.229155,-0.4325,-0.306395,0.124385,0.467097,-0.326911,0.605417,-0.09933,-0.257368,0.362511,0.416055,-0.378771,0.052071,-0.047891,-0.143025,0.525898,-0.402925,0.383446,0.445214,0.339491,0.025126,-0.231739,0.049135,-0.342985,-0.097479,0.044281,#
2,-0.003929,-0.076269,1.0,0.275841,0.082126,0.061804,-0.066685,0.075172,0.246148,-0.072589,-0.024557,0.273165,-0.338331,0.0088,-0.241208,-0.305388,-0.1534,0.263199,-0.14148,0.077181,-0.245551,-0.191086,0.0451,0.050142,0.279504,0.054834,-0.173783,-0.080752,0.099061,-0.107917,0.063304,0.250424,-0.205247,0.09455,-0.080433,0.036583,0.031569,-0.054178,-0.030786,-0.216822,-0.060512,-0.021512,-0.096435,-0.055367,-0.070507,-0.063733,0.032342,-0.055927,-0.053836,0.229497,0.03352,0.248527,0.122049,0.206447,0.02894,-0.071854,0.006377,-0.035341,-0.342757,-0.129782,0.203185,-0.003047,0.056797,-0.162193,0.052099,-0.013541,0.057703,0.012106,0.001444,0.274117,0.144579,0.087212,0.002595,0.072382,0.097726,0.10526,-0.121181,0.051889,0.028922,-0.054553,0.156954,0.108532,-0.074974,0.366669,0.063252,0.083681,-0.097628,0.083229,0.067982,-0.104891,0.189071,0.15545,0.036373,0.074046,-0.040683,-0.083415,0.25346,-0.030663,0.391647,0.165645,-0.212616,0.071194,0.13358,0.317251,-0.046395,0.047322,0.289689,0.202559,-0.000626,0.039573,0.116004,0.006739,0.031156,0.203333,0.096076,0.280767,-0.246651,-0.041954,0.097644,0.230837,0.046169,0.122685,0.294703,-0.054883,-0.047035,0.161967,0.075366,-0.313115,-0.297334,0.057139,0.17066,-0.014691,0.054631,0.049552,0.053114,0.027199,0.071592,0.192767,-0.08163,0.156422,0.190743,0.153877,-0.096626,-0.152023,0.111007,-0.03286,0.235113,-0.000151,0.01453,-0.031896,0.082059,0.075467,0.188976,0.242351,0.174878,-0.03685,0.096524,0.074052,0.402438,0.149567,0.085546,0.081941,0.396359,0.114457,0.227913,-0.108294,0.082746,-0.299267,0.198392,-0.029093,0.070447,-0.012146,0.021697,0.080923,-0.130021,0.234595,0.11146,0.321173,-0.126929,-0.167452,-0.171459,-0.02745,0.117286,-0.201168,-0.072655,0.280385,0.048427,-0.073851,-0.169725,0.176397,0.051011,-0.197017,0.048718,0.149547,-0.202069,-0.00687,-0.010791,-0.080814,0.047464,-0.01053,#
3,-0.071849,-0.102499,0.275841,1.0,0.081102,-0.187881,-0.095023,0.203504,-0.098008,0.238812,-0.032673,0.02414,0.063202,-0.247348,-0.102976,0.003669,-0.102343,0.177774,-0.350083,0.216022,-0.055186,-0.188408,-0.118937,0.185252,0.149961,0.071716,-0.274371,-0.191624,-0.074942,-0.175953,0.333184,0.046913,0.123351,0.311807,0.144904,-0.12018,0.139194,0.104614,-0.072339,-0.004487,-0.041356,0.051945,-0.116559,-0.283803,0.35727,0.011883,-0.379548,-0.16652,0.189169,0.071761,0.214545,0.083286,0.244971,0.192112,-0.124326,-0.229809,-0.033652,0.033669,-0.041372,-0.279932,-0.12296,0.166045,0.135917,-0.036305,-0.133135,-0.114282,0.067996,-0.295319,-0.150695,0.051038,-0.123285,0.018861,0.2607,0.177922,0.10335,0.023238,0.107877,0.282951,0.275508,0.049415,0.222409,0.293457,-0.014938,0.106786,0.077134,-0.081777,0.17696,-0.075883,0.162094,-0.049349,0.03939,-0.011397,0.263933,-0.023293,0.040095,-0.209182,-0.068556,0.116609,0.236809,0.292773,-0.207859,0.147134,0.42108,0.369345,0.19766,0.180869,0.040581,0.049535,-0.119269,-0.137519,-0.083495,-0.00384,0.198354,0.273909,0.02288,0.410931,0.315282,0.016941,0.00127,-0.016452,0.261873,0.185045,0.144308,0.182977,-0.046516,0.174511,-0.010574,-0.03067,0.034603,0.272208,0.022972,0.028408,0.286814,0.259698,0.088055,0.314987,0.086979,0.177146,-0.280542,0.203565,0.134516,0.226476,0.105913,0.072443,0.236812,0.216287,0.066415,-0.104291,0.192899,-0.068304,-0.103063,-0.070741,-0.02603,0.099869,0.279458,0.259555,-0.25291,-0.004935,0.244817,0.232027,0.421405,0.20836,0.077529,0.1096,0.214428,-0.286067,0.071017,-0.248053,0.233591,0.283328,-0.02678,-0.261476,0.020636,0.017679,-0.305744,0.273186,-0.161331,-0.03964,-0.308543,-0.164557,-0.180964,-0.234156,-0.02385,-0.176671,-0.265012,0.081191,-0.376858,-0.026711,0.089302,-0.31193,0.070275,-0.137258,-0.304145,0.091861,-0.018347,0.043797,-0.162689,0.183114,0.069979,0.119012,#
4,0.272212,0.296916,0.082126,0.081102,1.0,0.108099,0.20703,0.002058,0.254352,0.116212,0.071652,0.174522,-0.00949,0.204359,0.026102,0.123743,0.143593,-0.016137,0.12918,-0.064506,0.168773,-0.134279,0.334871,-0.028906,-0.048846,-0.277242,0.159671,-0.121498,0.357162,0.089112,-0.2212,0.026347,0.006972,-0.218549,0.032555,0.139516,0.165276,-0.324951,-0.098931,-0.019036,0.168655,0.093494,-0.164289,-0.230156,0.230517,-0.14731,-0.025032,0.261614,0.177369,-0.039694,0.120628,-0.362925,0.314935,-0.215212,-0.09861,-0.041124,-0.096769,0.210313,0.13195,0.127622,-0.083133,0.366702,-0.131505,0.045333,-0.048565,0.145072,0.180909,0.074539,0.216299,-0.010436,-0.09235,-0.185964,0.134658,-0.173267,-0.17309,0.222083,-0.271327,-0.318048,-0.354766,-0.191216,-0.222802,-0.321268,-0.305112,0.319916,-0.232063,0.006133,-0.163287,-0.368696,0.089301,-0.318703,-0.226654,-0.299117,-0.023213,-0.316884,-0.342469,-0.262294,-0.359907,-0.348412,-0.300233,-0.121144,-0.06996,-0.300061,-0.246603,0.158888,-0.178487,-0.260325,-0.034928,-0.282789,-0.078072,0.075357,0.160843,0.010253,-0.096993,-0.254433,-0.200346,-0.025208,-0.059905,-0.291936,0.291555,-0.316603,-0.118331,-0.253531,-0.302605,-0.482838,-0.002578,-0.064712,-0.059973,0.074222,0.07379,-0.501963,-0.08741,-0.01648,-0.092459,-0.056684,-0.2214,-0.139503,-0.0987,-0.255343,0.020152,-0.272729,-0.313806,-0.177549,-0.354365,-0.232875,-0.191416,-0.07029,0.015446,0.199107,-0.361909,-0.271871,-0.227266,-0.083594,0.108155,-0.267813,0.100727,-0.279822,0.010851,0.507715,-0.21157,-0.306368,0.040588,-0.295716,0.107177,-0.014611,-0.229441,0.156964,-0.04472,0.01327,-0.045724,-0.084935,0.045845,0.318268,-0.356063,0.027414,0.150427,-0.16071,-0.267014,0.210552,0.222013,-0.196877,0.34875,-0.089005,-0.118859,0.193174,0.02315,-0.064962,0.055863,-0.108147,-0.106277,0.039176,-0.146954,0.156372,0.306459,0.3504,-0.327119,0.131605,0.208683,-0.168116,0.099221,0.204891,#
5,0.151436,0.276121,0.061804,-0.187881,0.108099,1.0,0.25144,-0.145916,0.524508,0.032141,0.373829,0.028438,-0.111569,0.197853,-0.07077,-0.007131,0.106613,-0.045549,0.110006,-0.100531,0.068194,0.219209,0.399312,-0.320925,0.013029,-0.416981,0.148072,0.037454,-0.00714,0.260054,-0.223224,0.077747,-0.127981,-0.164016,-0.209386,0.189936,0.113138,-0.156726,0.160102,-0.167437,0.031468,0.093318,0.164988,-0.145351,-0.35266,-0.158464,0.207814,-0.005091,0.084512,0.05399,0.057003,-0.084984,0.002091,-0.103526,0.231943,0.392056,-0.505289,0.378069,-0.151473,0.207654,0.190665,0.184098,-0.000705,0.081537,-0.074656,0.181418,-0.038135,0.325397,0.140256,0.106578,0.052452,-0.135759,0.052959,-0.350073,-0.351137,0.282504,-0.179909,-0.189675,-0.181405,-0.228752,-0.245873,-0.411108,-0.069962,0.297788,-0.366638,0.073276,-0.220756,-0.11716,0.013796,-0.166372,-0.072085,-0.226077,-0.149513,0.153637,-0.092099,-0.011655,0.11475,-0.180099,-0.037902,-0.313388,0.088405,-0.274921,-0.045965,-0.166912,-0.137898,-0.390279,0.104402,-0.194275,-0.024046,0.13774,-0.004699,-0.187344,-0.192689,-0.290677,0.014957,-0.453348,-0.225182,-0.244172,0.196064,-0.123056,-0.182752,-0.054372,-0.255374,-0.354985,0.0453,0.034656,0.326408,0.297592,-0.240101,-0.337012,-0.14275,0.129009,-0.246763,-0.307837,-0.066652,-0.234718,-0.076455,-0.205135,0.17874,-0.418426,-0.186771,-0.15843,-0.249453,-0.218246,-0.162056,-0.348724,-0.19137,0.378822,-0.185188,-0.123319,-0.058407,-0.121879,0.23194,-0.253352,-0.143595,-0.204342,0.111776,0.101507,-0.072047,-0.136369,-0.147667,-0.129716,0.008937,0.075656,0.0994,0.166955,-0.183638,-0.229785,-0.270918,-0.26548,0.061452,0.189858,0.063806,-0.137108,0.217226,-0.317099,-0.259287,0.364546,0.229882,-0.01215,0.278886,0.054006,-0.085825,0.303399,-0.014641,-0.02065,0.10623,0.070214,-0.157752,0.374665,-0.209352,0.079488,0.086072,0.348126,-0.054679,0.211705,0.073014,-0.280591,-0.218164,-0.029372,#
6,0.057312,0.206928,-0.066685,-0.095023,0.20703,0.25144,1.0,-0.261317,0.12353,0.12433,0.112879,0.030717,0.119334,0.091692,0.087139,0.049815,0.013293,-0.011366,0.160467,-0.069972,0.26932,0.220598,0.116393,-0.279224,-0.167977,-0.363095,0.076952,0.000478,0.171013,0.150629,-0.272778,-0.094463,0.024067,-0.069391,-0.074163,-0.099726,0.088783,-0.098928,-0.132103,-0.026243,-0.062426,0.088357,0.097784,-0.094651,-0.148629,-0.070129,0.028283,0.051362,0.19098,0.15898,0.014739,-0.301338,-0.017397,-0.294872,-0.054883,0.08897,0.043173,0.065053,-0.170287,0.213143,0.026804,0.204084,-0.028626,0.042923,-0.129478,-0.081859,-0.034782,0.022499,0.013257,0.199082,0.144398,-0.302535,0.057934,-0.044113,-0.247461,0.056235,-0.099394,-0.253548,-0.328583,-0.126714,-0.167492,-0.243725,-0.072674,0.070135,-0.170516,0.271308,-0.103712,-0.019777,0.110827,-0.23091,-0.130426,-0.046955,0.039497,0.087623,0.237979,-0.018846,-0.136994,-0.255259,-0.193994,-0.140414,0.165566,-0.439522,-0.201057,-0.063695,-0.041212,-0.123789,0.112199,-0.178713,-0.098684,0.003467,0.00036,-0.187127,-0.250847,-0.211391,-0.135114,-0.07741,-0.225987,-0.203873,0.017745,-0.011644,-0.002269,-0.205756,-0.141182,-0.27829,-0.337807,0.31469,0.08462,0.243613,-0.076122,-0.23817,0.023703,0.060272,0.038281,0.039636,-0.041325,0.030872,-0.074447,-0.281962,-0.034054,-0.106087,-0.000534,-0.000539,0.077847,-0.124341,-0.288462,-0.296631,0.093618,0.370606,-0.042423,0.048848,-0.132038,-0.177382,0.148988,-0.049726,0.073206,-0.022562,0.070833,0.163113,-0.136143,-0.126745,-0.029127,-0.12283,0.02279,0.187808,0.025701,0.085532,-0.014096,-0.121887,-0.077036,-0.084199,0.04492,0.072146,-0.005867,-0.0976,0.054835,-0.029768,-0.055143,0.224109,0.146231,-0.148912,0.043463,0.054286,0.277906,0.240373,-0.033423,0.04643,0.122312,-0.171461,-0.165583,-0.058467,-0.188311,0.177399,0.182469,0.201088,0.227011,0.280421,-0.072488,-0.12188,-0.101821,-0.129223,#
7,-0.157664,-0.326871,0.075172,0.203504,0.002058,-0.145916,-0.261317,1.0,-0.137777,-0.32591,-0.16918,-0.131573,-0.016779,-0.211027,0.099095,-0.039363,-0.178697,-0.069604,-0.183889,0.16978,-0.148374,-0.051121,-0.062055,0.28855,0.370732,0.275875,-0.075968,0.135763,-0.145294,-0.159975,0.217892,0.287815,0.258232,0.027904,0.05038,0.077739,-0.046678,0.245904,0.188211,-0.194073,0.073485,-0.078141,0.10388,-0.097989,0.170098,-0.037683,0.124453,0.298547,0.068476,-0.443328,-0.012232,0.168463,-0.031654,0.023359,-0.149237,-0.290088,-0.039703,-0.164312,0.110002,-0.392877,-0.356447,-0.265479,-0.320802,-0.075276,-0.184201,0.091361,0.330828,-0.03691,-0.036435,0.205993,-0.096745,-0.047707,0.266925,0.053597,0.317398,-0.086918,0.346692,0.010247,0.124338,0.050255,-0.02903,0.181453,-0.070301,-0.041161,0.156136,0.099458,-0.135412,0.086024,0.170513,0.083942,0.256442,0.095557,0.031578,-0.390763,-0.079753,0.036921,0.021567,0.228882,0.083143,0.139958,0.010436,0.123351,0.340788,0.013195,0.19312,0.086902,0.297759,0.17141,0.156736,-0.042157,0.164122,0.150973,0.321076,0.094083,0.184909,0.410786,0.245224,0.09609,-0.142882,0.223932,0.242287,-0.070749,0.137221,0.141965,0.010003,0.045825,-0.318274,0.124127,0.039221,0.38609,0.077948,-0.090606,0.106201,-0.133612,0.159623,0.260209,-0.126147,0.14255,0.204144,0.24255,0.14576,0.142005,0.149367,-0.032425,0.105159,0.090837,0.102295,-0.25976,0.050186,-0.024151,0.052645,0.340485,-0.074739,0.119256,0.099442,0.141644,0.053203,-0.362078,0.030934,-0.036299,0.192415,0.285784,-0.097935,0.108238,0.148959,-0.277653,0.007383,-0.090293,0.156071,0.220602,-0.156286,-0.025505,0.082921,-0.112351,-0.287585,0.193105,-0.110879,-0.308622,-0.359796,-0.141677,-0.364905,-0.009142,-0.062002,-0.282572,-0.256589,-0.052612,-0.198109,-0.094105,0.02164,-0.340569,0.283301,-0.155821,-0.139969,-0.184285,-0.10548,0.053176,-0.029602,0.178033,0.040997,-0.068534,#
8,0.189239,0.22907,0.246148,-0.098008,0.254352,0.524508,0.12353,-0.137777,1.0,0.157644,-0.02503,0.253135,-0.089391,0.422726,-0.187692,-0.030176,-0.12736,0.245624,0.240475,0.13015,-0.218348,-0.188042,0.282605,-0.422335,0.133068,-0.351051,0.090913,-0.149845,0.160982,0.206098,-0.214333,0.163799,-0.204999,-0.203557,-0.131832,0.330378,0.309749,-0.425874,0.078147,-0.199003,0.061207,0.196901,-0.189736,-0.097908,0.046699,-0.130661,0.361204,0.171031,0.101311,0.12517,0.114297,-0.083573,0.127973,-0.031247,-0.090209,0.279415,-0.10738,0.286608,-0.148531,0.192944,0.017628,0.20337,0.057815,-0.182109,-0.116188,0.163998,0.242264,0.308065,0.141223,0.072889,0.077959,-0.115149,-0.179916,-0.176348,-0.338747,0.206981,-0.056729,-0.262508,-0.095566,-0.066266,-0.086844,-0.315076,-0.069186,0.30922,0.05144,0.091669,-0.199579,-0.294965,0.036567,-0.11714,-0.128953,-0.036238,-0.245138,0.147737,-0.243705,-0.137436,0.146876,-0.262087,0.017562,-0.196557,-0.142761,-0.153635,-0.112374,0.164412,-0.246086,-0.149509,0.141541,-0.138728,0.124162,-0.10545,0.109709,-0.173462,-0.010103,-0.205687,-0.090677,-0.293912,-0.048323,-0.189966,0.348888,-0.271824,0.026169,-0.147582,-0.114059,-0.281847,0.095507,0.110175,-0.011905,0.120529,-0.362354,-0.220575,0.027611,0.172406,-0.290799,-0.119829,-0.227701,-0.194596,0.112691,0.046222,0.263333,-0.262574,-0.034525,-0.204975,-0.199302,-0.153283,-0.155698,-0.434264,0.217087,0.422392,-0.118893,0.006069,0.036151,-0.128848,0.208605,-0.25969,0.074969,-0.075496,0.256203,0.330414,-0.12328,0.072873,-0.296348,-0.116946,-0.049382,0.30615,0.189774,-0.10929,-0.099676,-0.141801,-0.109239,-0.145692,0.061699,0.109304,0.115088,-0.083542,0.046258,-0.187557,-0.196901,0.155282,0.269253,-0.122671,0.242272,0.147216,-0.298477,-0.027169,0.047104,0.177105,0.233006,0.024355,-0.458341,0.307978,-0.167991,0.036516,0.144704,0.164532,-0.302745,0.167019,-0.025609,-0.195201,0.093128,0.033708,#
9,0.247472,0.241982,-0.072589,0.238812,0.116212,0.032141,0.12433,-0.32591,0.157644,1.0,0.099792,0.078864,0.163809,0.14856,-0.152068,0.361116,-0.011514,-0.0029,-0.01179,-0.125371,0.089922,-0.02466,0.06228,-0.379329,-0.080694,-0.290392,-0.146675,-0.266096,0.057234,0.135366,-0.088493,-0.114628,0.012726,0.005247,0.267762,0.075307,0.02485,-0.428373,-0.083704,0.286933,-0.126484,0.073311,-0.019112,-0.098074,0.134194,-0.055625,-0.12393,-0.198691,-0.170978,0.147324,0.184314,-0.204812,0.059428,0.156517,0.115623,0.250092,-0.194666,0.241323,-0.139593,0.189471,0.070381,0.158318,0.138478,0.149616,-0.29325,-0.058254,0.069434,-0.054462,-0.057111,-0.137565,-0.012283,-0.28791,-0.096264,0.033461,-0.218389,-0.040915,-0.130141,0.135774,-0.111155,-0.04618,-0.114657,-0.091278,0.082826,-0.064612,-0.12458,-0.246517,0.120645,-0.039173,-0.017997,-0.060266,-0.249913,-0.158368,0.133082,-0.059031,-0.093316,-0.019774,-0.223561,-0.034098,-0.23632,0.058245,-0.149163,0.018478,0.030467,0.289232,-0.168224,0.064243,-0.150021,-0.024534,-0.1063,0.024248,-0.327656,-0.133136,-0.216069,0.002648,-0.263637,-0.152714,0.001648,-0.173468,0.106769,-0.080739,-0.133544,0.228204,-0.143345,-0.054844,-0.136871,0.089058,-0.132168,-0.13705,0.029097,0.009908,-0.166043,0.168191,-0.075586,0.296806,-0.091301,0.007595,0.011924,-0.234543,-0.071703,-0.179823,-0.100482,-0.234307,0.04194,-0.047323,-0.038163,-0.013007,-0.076867,0.225587,-0.084387,0.019222,-0.138883,-0.289728,-0.290782,-0.113351,0.13174,0.068185,0.010457,0.266909,-0.052724,-0.201423,-0.09411,-0.159556,-0.05612,0.157981,-0.097508,-0.105533,0.034196,0.198109,-0.020619,-0.043092,0.154527,-0.152219,0.109656,0.008501,0.255619,-0.138515,-0.199073,0.127526,-0.057697,-0.170633,0.092532,-0.020224,-0.03275,0.185873,-0.01576,-0.042832,0.126468,-0.105028,0.072702,0.135326,-0.355054,0.108455,0.087006,0.041435,0.125781,0.068358,0.041993,-0.065123,0.067051,-0.052532,#
10,-0.040124,0.110434,-0.024557,-0.032673,0.071652,0.373829,0.112879,-0.16918,-0.02503,0.099792,1.0,0.203304,-0.042366,-0.113331,0.025105,0.108623,0.478894,-0.121908,-0.026479,-0.276749,0.291366,0.220562,0.085231,-0.008595,-0.103875,-0.04587,-0.214372,0.022704,0.123723,0.250939,-0.20025,0.097066,-0.265315,-0.107582,0.353612,0.108252,0.100223,-0.193461,0.077263,0.218053,-0.24023,0.012506,-0.01188,-0.069859,-0.09954,0.023994,-0.264281,-0.327313,0.139701,-0.085978,0.184573,-0.106295,-0.181358,-0.009992,0.393041,0.035517,-0.387696,0.146907,-0.099215,0.085222,0.04888,-0.00197,-0.041594,0.125533,0.262976,-0.124712,-0.168968,-0.092738,0.073502,-0.338473,-0.084334,0.007438,0.052101,-0.260214,-0.095672,0.265284,-0.353604,0.053694,-0.343806,-0.310898,-0.312764,-0.165336,-0.227977,0.246091,-0.435458,-0.164483,-0.277654,-0.087011,-0.364989,-0.229628,-0.052224,-0.301846,-0.200228,-0.086023,-0.14282,-0.089893,-0.236525,-0.18079,-0.201041,-0.179212,0.234475,-0.042996,-0.216523,-0.25113,-0.135584,-0.216862,-0.162752,-0.113112,-0.271107,0.478038,-0.332255,-0.186715,-0.348179,-0.145905,-0.306232,-0.109487,-0.220937,-0.171606,-0.157571,0.138995,-0.433965,-0.019345,-0.338548,-0.032962,9e-06,-0.114982,0.110002,-0.046005,-0.122653,-0.271568,-0.019267,-0.119089,-0.123667,-0.10944,-0.151849,-0.081901,-0.063321,-0.366537,-0.133771,-0.302053,-0.344553,0.041723,-0.102196,-0.113315,-0.240449,-0.125578,-0.030128,0.038471,-0.066595,-0.208424,-0.035231,-0.268392,-0.213187,-0.358239,-0.32037,-0.384627,0.046804,-0.024771,-0.147113,-0.06909,0.048317,-0.155559,-0.197483,-0.175954,-0.283503,0.113608,-0.172403,-0.08715,-0.190315,-0.187516,0.173575,-0.092208,-0.193367,-0.304337,0.267048,-0.394251,-0.359738,0.410037,0.116202,0.211037,0.159287,0.142262,0.131681,0.272793,0.168481,-0.292454,-0.065149,-0.083035,0.425777,0.143884,-0.380105,0.362941,0.102492,0.133508,0.057371,0.014443,0.263803,-0.36186,-0.281488,-0.1459,#
11,-0.00639,-0.001027,0.273165,0.02414,0.174522,0.028438,0.030717,-0.131573,0.253135,0.078864,0.203304,1.0,-0.261084,0.083822,0.054828,0.15944,0.046408,-0.089882,0.003926,-0.120153,-0.036154,-0.211186,-0.003234,-0.150657,0.096574,-0.06748,-0.092654,-0.122567,0.390278,0.209563,-0.135692,0.18601,-0.415082,-0.055826,-0.060063,0.178002,-0.18906,-0.028305,0.108576,0.31035,-0.006314,-0.119632,-0.019979,-0.046983,0.194872,0.140549,-0.049191,-0.202263,0.006353,0.231809,0.231279,-0.107821,-0.037995,0.103277,-0.231451,0.12331,-0.183723,-0.159448,-0.239105,-0.0485,-0.206555,0.097609,0.220027,0.068694,0.005036,-0.188215,0.208566,0.003894,0.046003,-0.074783,0.224753,-0.04039,-0.004568,-0.000625,-0.132538,0.188781,-0.303114,-0.126442,-0.052963,-0.245038,-0.031402,-0.154633,0.070405,0.276884,0.067272,0.035014,-0.200289,-0.314468,-0.042797,-0.373974,-0.025293,-0.013928,0.029284,-0.103362,-0.266168,-0.179926,-0.240929,-0.30225,-0.17552,-0.034942,-0.116549,0.114268,-0.091636,0.098514,-0.22069,-0.006336,-0.084076,-0.108088,-0.091832,0.008666,-0.339547,0.14193,-0.233603,0.162177,-0.231616,-0.048343,0.006323,-0.121711,0.131712,-0.05367,-0.116619,-0.043902,-0.208335,-0.121532,0.248238,0.038767,-0.21627,-0.31455,-0.249396,-0.253113,0.069075,-0.152227,-0.052039,0.125363,-0.097639,0.014187,0.175755,0.048508,-0.031658,-0.081967,0.012531,0.136512,-0.097817,-0.036628,-0.194028,-0.227474,0.370677,0.155524,0.01618,-0.183437,0.087608,-0.05719,-0.032627,-0.085522,-0.230109,-0.151905,0.016638,0.042602,0.007821,0.055284,0.037392,-0.041308,-0.001808,-0.130744,-0.061995,-0.259923,-0.27403,-0.063284,0.181355,-0.021276,0.103261,-0.199386,-0.083698,-0.39061,0.13302,-0.034502,-0.151164,0.026997,-0.074973,-0.17675,-0.039038,0.047891,-0.011521,0.127739,0.160216,0.059311,0.159861,-0.151393,-0.133867,0.081794,-0.279097,0.209477,0.108653,0.128892,-0.134013,0.061899,0.090099,-0.200008,-0.024275,0.408778,#
12,-0.036941,0.057132,-0.338331,0.063202,-0.00949,-0.111569,0.119334,-0.016779,-0.089391,0.163809,-0.042366,-0.261084,1.0,0.168938,0.061911,0.25618,-0.075628,-0.038406,0.090949,0.022147,0.241736,0.139561,-0.0291,-0.126681,-0.223419,-0.132619,0.157263,0.140883,-0.114307,-0.048159,-0.058202,0.136036,0.154573,-0.109287,-0.116312,-0.212057,0.162238,-0.198712,-0.074603,0.005165,-0.053482,0.37385,0.039931,0.209451,0.09473,-0.174481,-0.028654,-0.032921,-0.014575,-0.258987,0.055765,-0.102225,0.048136,-0.150761,-0.002652,0.001845,-0.145841,0.084582,0.047916,0.06725,-0.169309,0.06755,-0.247364,-0.006626,0.015116,0.164097,-0.121743,0.141052,0.116154,-0.08669,-0.020432,-0.023156,-0.148278,0.031578,0.023747,-0.029594,0.008618,-0.050611,-0.071964,-0.181772,-0.096696,-0.227122,0.17121,-0.037735,-0.079777,-0.150727,0.22254,0.044286,-0.255011,-0.028059,0.046972,-0.279176,-0.062874,-0.00226,0.11667,0.197687,-0.095311,0.002818,-0.245805,-0.122817,-0.015595,-0.167133,0.010287,-0.128813,0.130487,-0.005692,-0.093048,0.04496,-0.239958,-0.163549,0.260799,-0.158441,-0.070694,-0.067741,-0.053078,-0.088585,0.111914,0.073262,-0.212846,0.010784,0.025117,-0.225176,-0.262031,-0.14593,-0.249688,0.21891,-0.244102,0.010665,0.09119,-0.071727,-0.285308,0.152628,-0.050043,-0.032083,-0.052495,-0.045185,-0.019997,-0.138317,0.066449,0.095612,-0.048834,0.152829,-0.053174,-0.187975,-0.150544,-0.000695,-0.186316,0.224397,-0.352517,-0.092349,-0.105948,-0.074759,-0.075087,-0.142033,-0.333083,-0.121159,0.267785,-0.057069,-0.154521,-0.017576,0.033238,-0.090644,0.055296,0.047902,-0.213157,0.007362,-0.023865,-0.083546,0.09011,-0.008172,-0.005931,0.125446,0.117782,0.187701,0.173092,-0.148575,-0.049148,-0.098817,0.118234,-0.041473,0.221004,-0.086669,0.092989,0.084417,0.047872,-0.035226,-0.032102,0.074918,0.074545,-0.03733,-0.024319,0.066001,0.082854,0.04142,0.105081,0.081216,-0.067643,0.091645,0.039187,0.063692,#
13,0.281881,0.327388,0.0088,-0.247348,0.204359,0.197853,0.091692,-0.211027,0.422726,0.14856,-0.113331,0.083822,0.168938,1.0,0.199402,0.04529,0.059073,0.107684,0.069665,-0.024636,-0.174189,0.025596,0.118553,-0.446406,-0.139901,-0.201919,0.192028,-0.147567,0.095891,0.093662,-0.383311,0.095626,-0.089644,-0.187809,-0.237816,0.135573,0.125257,-0.166114,-0.001985,-0.142055,0.021815,0.267819,-0.191971,0.184648,0.025246,-0.414711,0.386688,0.180129,-0.097156,0.135939,-0.101854,-0.157488,0.113172,-0.049343,-0.20981,0.315329,0.014398,0.366954,0.210244,0.392695,-0.009725,0.226947,-0.095601,-0.110037,-0.104734,0.239562,0.113871,0.33235,0.355182,0.131506,0.113578,-0.080147,-0.179878,0.059639,-0.145253,0.185704,-0.135581,-0.186719,-0.398388,0.032756,-0.003643,-0.390714,-0.001861,0.145997,0.002237,0.177527,-0.094052,-0.298672,-0.204578,-0.266555,-0.200228,-0.034262,-0.156515,0.248434,-0.241148,0.02117,0.156053,-0.174988,0.033853,-0.268751,-0.091834,-0.225957,-0.190777,-0.000275,-0.05242,-0.220798,0.053398,-0.232333,0.129893,-0.113448,0.222183,0.045022,-0.153013,0.033853,0.020736,-0.273465,-0.290568,-0.015125,0.252483,-0.330533,-0.031663,-0.218531,-0.106977,-0.272211,0.021971,-0.030744,-0.177433,0.06929,-0.15839,-0.282029,-0.139791,0.263105,-0.47427,-0.229763,-0.016863,-0.263289,-0.044538,0.051586,0.242712,-0.062581,-0.098699,-0.28465,-0.269244,-0.191574,-0.075837,-0.367833,-0.015395,0.483689,-0.204835,0.260749,-0.153571,-0.110188,0.129734,-0.158651,-0.000106,-0.067588,0.445732,0.305265,0.00714,-0.066097,-0.26542,-0.285818,0.348441,0.484662,0.034248,0.305624,-0.022237,-0.029474,-0.106821,-0.213587,-0.068143,0.08381,0.02569,0.129008,0.044259,-0.171354,0.104266,-0.16283,0.18994,-0.059388,0.515039,-0.018605,-0.264237,0.089062,0.130701,-0.099604,0.37624,0.031112,-0.443347,0.24056,-0.054247,-0.109653,0.231648,0.154731,-0.030011,-0.083364,-0.328257,-0.130393,0.049547,0.032687,#
14,0.261912,0.160675,-0.241208,-0.102976,0.026102,-0.07077,0.087139,0.099095,-0.187692,-0.152068,0.025105,0.054828,0.061911,0.199402,1.0,0.135008,0.101803,-0.147548,-0.154193,-0.035588,-0.170948,-0.050239,-0.05727,-0.094359,-0.005013,0.017806,0.202225,-0.089844,-0.016481,0.024146,-0.272702,0.24625,-0.093429,-0.175782,-0.009677,-0.180352,-0.153671,0.141457,0.023049,0.124339,-0.044825,-0.160618,-0.275357,-0.041373,0.322384,-0.31499,0.261941,0.068842,0.021973,-0.178107,-0.240794,0.043722,-0.178613,-0.246218,-0.196968,0.134361,-0.110111,-0.217076,0.023932,0.046003,-0.131195,0.355654,-0.0808,-0.074578,0.017059,-0.005082,-0.033399,-0.069663,0.223613,-0.153051,0.17668,0.190654,-0.069471,0.130543,0.205326,0.140227,-0.142736,-0.110665,-0.281957,0.220192,0.05654,-0.254932,-0.080576,-0.051543,-0.124511,0.149157,-0.269875,-0.093794,0.018324,-0.165967,0.087612,-0.134133,-0.070464,0.128035,-0.087339,-0.128541,0.0751,-0.102603,-0.183425,-0.077571,0.016672,-0.24554,0.07456,-0.072605,-0.000501,-0.106684,0.008394,-0.19485,0.142989,-0.069515,0.10333,0.11859,-0.194387,0.167299,-0.287576,-0.084231,0.111168,0.128284,-0.113184,-0.24322,-0.20795,-0.054417,-0.153946,0.034001,0.155269,-0.030001,-0.240282,0.229529,-0.031338,-0.16431,-0.127286,-0.347295,-0.202782,-0.284422,-0.029446,-0.204484,-0.140747,-0.149713,-0.074234,0.048168,-0.126627,-0.069067,-0.009793,-0.264348,-0.133474,-0.055576,0.097927,0.103118,0.069615,0.108768,-0.030852,0.104924,-0.155611,-0.160998,-0.084539,0.061274,0.105919,-0.082455,-0.238956,-0.186047,-0.338758,-0.084166,0.166748,-0.051948,0.010364,0.120192,-0.098831,0.077706,-0.037886,-0.417791,-0.011872,-0.044708,-0.177049,-0.174982,-0.014218,0.032255,-0.073697,-0.162363,0.055139,-0.050052,0.060585,-0.014636,-0.05773,0.098377,0.134465,-0.129583,0.274867,0.038552,-0.030907,-0.163547,-0.002505,0.07409,0.071024,0.05677,-0.017044,-0.149241,-0.13155,0.061365,-0.13916,0.117996,#
15,0.045483,-0.083616,-0.305388,0.003669,0.123743,-0.007131,0.049815,-0.039363,-0.030176,0.361116,0.108623,0.15944,0.25618,0.04529,0.135008,1.0,0.095966,-0.216733,-0.039253,-0.370103,0.105522,-0.244249,-0.01246,-0.310975,-0.184035,-0.202146,-0.074062,-0.140586,0.102503,0.150053,-0.189865,0.210444,-0.064538,-0.189857,0.171947,-0.09742,-0.098175,-0.066315,0.341759,0.455171,-0.138736,-0.080586,0.047193,-0.052256,0.117853,0.110524,-0.200932,-0.149113,-0.072139,-0.140053,0.370373,-0.137755,0.094998,0.039696,-0.033552,0.166901,-0.170982,0.137155,-0.024811,0.097892,-0.163617,0.214608,-0.169248,0.093221,-0.188606,-0.186706,0.021295,0.083565,0.106756,-0.401684,0.119863,0.062769,-0.154862,0.06253,-0.012138,0.091816,-0.098381,-0.093808,-0.180242,-0.129613,-0.124112,-0.025934,0.270867,0.103769,0.021333,-0.076304,0.083969,0.037732,-0.171613,0.033782,0.045471,-0.320076,0.012822,-0.185364,-0.176628,-0.076679,-0.060416,0.053907,-0.285027,-0.064558,0.103526,0.057152,-0.092544,0.046556,-0.018578,-0.080458,-0.245543,0.218716,-0.208097,0.11844,-0.470845,0.18629,-0.092626,-0.078959,-0.270899,-0.26678,0.172517,-0.07806,-0.19854,-0.096945,-0.168443,0.02132,-0.058603,0.072679,0.007823,0.024746,-0.099638,-0.005638,-0.126404,-0.23231,-0.233472,-0.154601,-0.029524,-0.034512,-0.190672,-0.025048,0.049344,-0.181154,-0.046628,-0.032782,-0.369607,0.08933,-0.000313,-0.10349,-0.212863,-0.122235,-0.067985,-0.028086,-0.317077,-0.167298,0.068811,-0.278666,-0.284105,-0.405989,-0.19428,0.00254,-0.117713,0.01618,-0.324311,-0.270025,-0.2012,-0.334366,-0.057598,-0.240682,-0.155081,-0.24693,-0.431916,0.160389,-0.019373,-0.128883,0.048184,-0.154838,-0.06043,-0.033714,0.239186,-0.105958,-0.315263,0.129028,-0.020934,0.067442,0.051049,-0.181184,0.143295,0.358167,-0.056755,-0.132191,0.15774,-0.227766,0.246308,-0.010255,-0.229007,0.259641,0.227287,0.116869,0.034987,0.090494,0.032882,-0.165537,-0.034947,-0.054726,#
16,0.06939,-0.200549,-0.1534,-0.102343,0.143593,0.106613,0.013293,-0.178697,-0.12736,-0.011514,0.478894,0.046408,-0.075628,0.059073,0.101803,0.095966,1.0,-0.180588,-0.054126,-0.112705,0.023739,-0.003443,-0.017166,-0.055045,-0.14014,0.179243,-0.271345,-0.055616,0.001071,0.093326,-0.261364,-0.050995,-0.157297,-0.056458,0.2077,0.129084,-0.029373,0.074874,0.089444,-9.6e-05,-0.269165,-0.102576,-0.309913,-0.212742,0.0385,0.1108,-0.014943,-0.31339,0.207529,0.119349,0.046218,0.014352,-0.188199,-0.032167,0.259148,0.055273,-0.035004,0.05674,0.205647,0.064543,0.031339,0.086223,0.051978,0.135406,0.076967,-0.205925,-0.197379,-0.209614,0.111992,-0.224308,0.175297,0.011642,-0.218548,-0.242792,-0.011265,0.163185,-0.230019,0.081429,-0.282492,0.069237,-0.120457,0.141374,-0.168434,0.126282,-0.26736,0.038642,-0.189397,0.045057,-0.081712,0.005208,0.030029,-0.110977,0.062446,0.020345,-0.103228,-0.164539,-0.05541,-0.217334,-0.025716,-0.244993,0.178339,-0.062288,-0.343859,-0.369069,-0.145707,-0.109072,-0.121598,-0.072642,-0.140672,0.197872,-0.242268,-0.12087,-0.100657,-0.195206,-0.234581,0.02761,-0.186679,-0.170104,0.145729,-0.025134,-0.227663,0.052109,-0.053778,0.043732,-0.005424,0.015991,-0.113732,-0.011127,0.103639,-0.187051,0.174897,0.059264,-0.109067,0.118796,-0.18905,-0.126967,-0.149547,-0.238258,-0.25925,0.004654,-0.222649,-0.011988,0.120577,-0.019239,-0.29597,0.011986,0.142495,-0.208967,0.145651,-0.197043,-0.194009,-0.059839,-0.127196,-0.156837,-0.099591,-0.236141,0.112059,0.038919,-0.166628,0.166039,0.016094,-0.103191,0.06113,-0.0954,-0.251477,0.164658,0.098232,-0.011743,-0.231453,0.053968,0.35413,-0.023248,-0.091556,0.102778,0.080337,-0.195477,-0.152922,0.247574,0.134974,0.163016,0.102671,0.000352,0.25236,0.148657,0.126921,-0.178162,0.05033,-0.065529,0.228901,-0.16767,-0.139208,0.217819,0.028837,-0.021322,0.097653,-0.068645,0.187339,-0.15986,-0.292241,0.091416,#
17,-0.066195,0.232119,0.263199,0.177774,-0.016137,-0.045549,-0.011366,-0.069604,0.245624,-0.0029,-0.121908,-0.089882,-0.038406,0.107684,-0.147548,-0.216733,-0.180588,1.0,6e-05,0.147091,0.066114,-0.028186,0.020496,-0.009514,0.142953,0.052329,-0.149376,0.031148,0.03163,0.062737,0.128137,-0.005376,0.214462,0.056683,-0.101041,0.10627,0.001698,-0.140932,-0.184737,-0.166322,-0.022103,-0.093829,-0.065399,0.016976,0.101942,-0.048838,0.034249,0.0914,-0.109847,0.052166,0.138064,0.070512,0.192483,0.033986,-0.162643,0.025584,0.280126,0.307916,0.206071,-0.09531,0.192399,-0.115398,0.174657,-0.175314,-0.021607,0.096538,0.055235,0.04738,0.00361,0.146274,-0.072455,-0.096452,-0.110688,-0.077942,0.090311,-0.032793,0.035137,-0.006261,0.0387,0.209187,0.191344,0.131522,-0.084647,-0.02371,0.341418,-0.094399,0.141302,0.021811,0.080229,0.198734,-0.167705,0.10601,-0.146748,0.053575,-0.136232,-0.228068,-0.000339,-0.004627,0.217593,0.138256,0.002318,0.074279,0.134877,0.131643,0.052533,0.153119,-0.035297,0.024995,-0.014885,-0.063866,0.122365,0.152823,0.152878,0.176972,0.134493,0.134091,0.025453,0.222495,0.101655,0.039402,0.212901,0.123731,0.027532,-0.021998,0.218362,0.158809,0.206645,0.077484,-0.206574,0.15066,0.071175,-0.024264,-0.166696,0.063071,-0.114854,0.166748,-0.033051,0.10657,0.275035,-0.122278,0.076504,-0.031547,0.10114,-0.001233,0.24544,-0.182445,0.105934,0.020665,0.139597,0.13225,0.047512,-0.019895,0.044168,-0.091526,0.216211,8e-06,0.01538,0.296076,0.042591,0.268303,0.052418,0.212899,-0.085857,0.2905,0.266916,0.001836,0.081093,-0.071192,0.087388,0.213432,-0.029859,-0.146755,-0.009924,0.003088,-0.173505,0.240217,0.011383,0.094726,0.086673,-0.196753,0.133526,0.057879,-0.240532,-0.22813,0.000979,0.084029,-0.151686,0.037095,-0.182492,0.238675,0.130489,-0.052528,0.214034,-0.06397,-0.004552,0.044413,-0.031237,0.062777,0.294347,-0.155238,#
18,-0.096768,-0.071083,-0.14148,-0.350083,0.12918,0.110006,0.160467,-0.183889,0.240475,-0.01179,-0.026479,0.003926,0.090949,0.069665,-0.154193,-0.039253,-0.054126,6e-05,1.0,-0.055011,0.157842,0.09351,0.326069,-0.065215,0.030435,-0.107685,0.183094,0.235422,-0.227867,0.23877,-0.018505,-0.180622,-0.080673,0.104708,-0.176343,0.099327,-0.158116,-0.191009,0.010135,-0.216733,0.0298,-0.106061,0.145146,0.160937,-0.192437,-0.131172,0.035157,0.091734,-0.092112,-0.015173,0.198657,0.128295,0.156857,-0.157676,0.00405,0.225753,0.055518,-0.031438,-0.042447,0.20268,-0.159729,-0.135218,-0.085967,-0.044874,0.090737,0.171865,-0.03012,0.120263,-0.08539,0.14694,0.257602,-0.178534,-0.271475,0.153626,-0.024766,0.079886,-0.028475,-0.403518,0.046875,-0.095678,-0.219886,-0.092753,-0.189101,0.242286,0.063369,-0.026855,-0.101446,-0.113241,0.037814,0.148815,-0.110256,0.080168,-0.062043,0.067334,0.034341,-0.027329,-0.011154,-0.127396,-0.357355,-0.05155,0.087323,0.03489,-0.101,0.187642,-0.12589,-0.183176,0.123228,0.010484,0.124266,0.164973,0.087515,-0.056381,0.11524,-0.111891,-0.201836,-0.202809,0.073888,0.079539,0.246815,-0.008458,-0.132018,-0.212868,-0.206487,-0.298914,-0.006622,-0.21717,0.110351,-0.05429,0.008542,-0.176683,-0.092722,0.120593,0.060089,0.117454,-0.235162,-0.099102,0.122108,-0.205075,-0.024499,-0.207574,-0.01264,0.018749,-0.259365,-0.148843,-0.111338,-0.144002,0.016184,0.165074,-0.097843,0.084745,0.236107,-0.207618,0.284203,-0.160834,-0.197492,-0.215387,0.001351,0.21217,0.005156,0.099881,-0.059647,-0.154956,-0.111542,0.058336,0.065774,-0.047715,0.251359,0.01756,-0.102276,0.062906,0.073678,0.32774,0.083757,-0.061085,0.253156,-0.211786,0.185348,-0.048521,0.130351,0.14535,0.199164,0.04309,0.076474,0.098157,-0.067537,0.286382,0.216211,0.096396,-0.294424,0.051711,0.060708,-0.023446,-0.105245,-0.128455,-0.201349,0.384042,0.136923,0.065816,0.342935,-0.001374,#
19,-0.230959,-0.025873,0.077181,0.216022,-0.064506,-0.100531,-0.069972,0.16978,0.13015,-0.125371,-0.276749,-0.120153,0.022147,-0.024636,-0.035588,-0.370103,-0.112705,0.147091,-0.055011,1.0,-0.292889,-0.020722,-0.11802,0.356268,0.054071,0.108942,-0.032282,0.027117,-0.226543,0.001238,0.171696,0.048806,-0.040872,0.317464,-0.20867,-0.059036,0.145332,0.029246,-0.105957,-0.272475,-0.042225,-0.007804,0.030023,-0.014462,0.035371,0.072762,0.242938,0.088734,-0.060401,0.063027,-0.053073,0.275013,0.062847,-0.093774,-0.330986,-0.03463,0.256008,-0.220109,0.062499,-0.300015,0.047944,-0.048228,0.185377,-0.01642,-0.14533,-0.013659,0.299445,-0.16761,-0.041599,0.264966,0.062234,-0.050622,-0.005789,0.048926,-0.038501,-0.055438,0.374712,0.15417,0.281231,0.193462,0.384689,0.154421,0.153499,-0.049754,0.114322,0.194191,-0.015873,-0.130354,0.28158,0.197332,-0.022221,0.356473,0.313096,0.033287,-0.218761,0.015839,0.11795,0.028325,0.096763,0.154896,-0.275174,0.248144,0.135034,0.096825,0.140436,0.182481,0.160507,-0.073764,0.277083,-0.197626,0.37535,0.061016,0.385078,0.182679,0.216435,0.180173,0.214697,0.042626,0.191369,0.008499,0.377639,0.132046,0.162928,-0.039235,0.045727,0.241771,0.040939,0.108486,0.173815,0.267546,0.102599,0.208058,0.135321,0.000899,0.106222,0.127182,-0.180435,0.104244,-0.003437,0.1488,0.289327,-0.101227,0.317741,0.194337,0.261791,0.266276,0.18847,-0.123088,0.089892,0.318016,-0.129067,0.229465,0.148421,0.207427,0.362211,0.388508,0.050239,-0.03189,0.190581,0.243575,0.028017,0.37764,0.019402,0.212182,0.301644,-0.022458,0.318083,0.06966,0.113124,0.161697,-0.287144,0.227045,0.100926,0.068689,-0.192435,0.167963,0.098065,-0.243642,-0.22773,-0.108265,-0.081475,0.015818,-0.07546,-0.301935,-0.02806,0.235161,-0.213779,0.302561,-0.346172,-0.214488,0.329191,-0.305692,-0.256118,-0.149404,-0.076698,-0.292506,-0.142478,0.296101,0.050627,-0.003208,#
20,-0.054115,0.275663,-0.245551,-0.055186,0.168773,0.068194,0.26932,-0.148374,-0.218348,0.089922,0.291366,-0.036154,0.241736,-0.174189,-0.170948,0.105522,0.023739,0.066114,0.157842,-0.292889,1.0,0.419794,0.137746,0.074356,-0.054493,-0.019577,0.025134,0.161812,0.313956,0.338221,-0.137147,-0.207081,0.324678,-0.166188,0.072439,0.027031,-0.070434,-0.25489,-0.071705,0.186875,0.280211,0.019179,0.18003,0.021753,-0.093776,0.001386,-0.425201,-0.088918,-0.109639,-0.244435,0.064687,-0.252499,-0.092389,-0.111601,0.220397,-0.074423,-0.227136,0.137368,0.007583,0.213152,0.064901,-0.085203,-0.138903,0.105358,0.162661,0.084913,-0.165876,-0.025868,0.053738,0.050675,-0.357528,-0.081818,0.188461,-0.125683,-0.218196,0.095166,-0.135819,0.025225,-0.263826,-0.273124,-0.279686,-0.186658,-0.087316,-0.011766,-0.186069,-0.278576,0.176413,-0.272747,-0.211472,-0.066372,-0.228394,-0.356308,-0.178381,-0.238998,-0.0007,-0.046981,-0.394627,-0.104248,-0.310641,-0.016853,0.281248,-0.015999,-0.210195,-0.28862,0.047867,-0.089674,-0.200068,-0.26981,-0.310087,0.174342,-0.132352,0.033107,-0.360335,-0.157302,-0.192873,-0.058207,-0.069484,-0.129929,-0.194177,-0.077584,-0.221286,-0.274181,-0.256094,-0.178722,-0.151122,-0.115411,0.209602,-0.183989,-0.04262,-0.301857,-0.363122,-0.183631,-0.012118,0.019742,-0.284836,-0.025673,-0.230223,-0.40469,-0.02369,-0.38675,-0.478807,-0.049506,-0.235245,-0.117417,-0.364794,-0.235424,-0.275566,0.250702,-0.111021,-0.414154,0.06541,-0.331813,-0.261585,-0.283922,-0.41206,-0.275889,-0.051774,0.225734,-0.217953,-0.25816,0.098569,-0.113676,-0.234687,-0.080354,-0.416102,0.033474,-0.292131,-0.026622,-0.173866,0.176711,0.224395,0.129504,-0.253861,-0.055014,0.259851,-0.341797,-0.116559,0.219888,0.173173,-0.067125,0.23028,-0.026526,0.205348,0.255951,0.280023,-0.130606,-0.193093,0.081935,0.337805,0.285753,-0.322909,0.490487,0.389344,0.099568,0.182907,0.346057,0.292051,-0.092244,0.073913,-0.031217,#
