0,1.0,0.289426,-0.155881,-0.139623,0.334833,0.252733,-0.005614,0.1667,-0.167094,0.16953,0.016683,0.057026,0.395192,0.182842,0.118818,-0.092649,0.215577,0.082402,-0.037795,-0.154525,0.080617,0.370925,0.148351,-0.001702,-0.224444,-0.125762,0.047463,-0.181715,0.229846,0.116385,0.058217,0.050082,0.159525,-0.140988,-0.059873,0.053977,-0.114678,-0.15333,-0.058197,-0.172411,-0.127873,0.015698,-0.016147,0.2019,-0.138635,-0.200819,0.110986,0.119986,-0.220093,-0.240125,-0.057149,-0.232977,-0.032068,-0.143968,0.165674,-0.021443,-0.127909,0.05822,0.236771,0.224899,0.389387,-0.021835,-0.271831,-0.020246,0.107265,0.254239,-0.048206,0.244079,0.158657,-0.262961,-0.143656,-0.006423,-0.351033,-0.182019,-0.481326,0.344503,-0.081602,-0.209767,-0.357293,-0.22912,-0.137139,-0.1896,-0.068831,-0.076218,-0.147522,-0.125303,-0.102199,-0.091933,-0.139101,-0.410274,-0.289912,-0.486819,-0.230005,-0.035067,-0.011168,-0.174016,0.019792,-0.246903,-0.153095,-0.065097,0.132734,-0.306829,-0.212602,-0.123096,-0.094786,-0.190988,-0.262418,-0.095082,-0.410849,-0.103411,0.072903,0.07243,-0.22104,-0.208194,-0.211236,0.110705,-0.380644,-0.392103,0.017085,-0.174162,-0.334063,-0.172387,-0.057867,-0.213238,0.008887,0.031511,-0.07397,-0.115076,-0.035387,-0.028559,-0.332836,-0.160636,-0.14343,0.0043,-0.372682,-0.125486,0.126016,-0.431783,0.114526,-0.286064,-0.188688,-0.155614,-0.268146,-0.012184,-0.140158,-0.182816,-0.077799,0.184654,-0.360721,-0.476279,-0.076992,-0.284141,-0.164095,-0.086779,-0.116432,-0.206989,0.279117,0.356413,-0.258423,-0.377719,-0.14007,-0.214796,-0.139636,-0.286028,-0.206235,0.310246,-0.262262,-0.188655,-0.088484,-0.172273,0.229385,0.166899,-0.337907,-0.126041,0.192758,-0.456506,-0.184485,0.118916,0.153023,-0.03414,0.110345,-0.057754,0.078937,0.190396,0.338894,-0.211188,0.250876,0.009972,-0.03124,0.366891,0.093121,0.274196,0.296063,0.014546,-0.162477,0.277203,0.049294,-0.370442,-0.110686,0.347402,#
1,0.289426,1.0,0.229826,-0.213485,0.118568,0.106298,0.259981,0.202055,0.2494,0.284229,-0.27725,-0.215304,0.38731,0.302137,0.408269,-0.273653,0.103873,0.46581,0.138356,-0.11651,-0.074552,0.117569,0.355534,-0.002896,-0.225929,-0.326744,0.162826,-0.024173,0.106867,0.310207,-0.36565,-0.032044,0.271476,-0.088453,-0.129525,0.319786,0.042138,-0.246849,-0.009422,-0.030479,-0.279998,0.111101,-0.035841,0.198065,0.255732,-0.440403,0.214616,0.088965,0.052737,0.233744,0.017518,-0.304721,-0.035126,-0.133145,0.042446,-0.372122,-0.171339,-0.244567,-0.130598,-0.106536,0.196915,0.140227,-0.407828,0.057313,0.095926,0.320965,-0.113849,0.379768,0.307578,-0.055636,-0.110204,-0.031021,-0.210794,-0.569066,-0.345521,0.463665,-0.242085,-0.524415,-0.238293,-0.434651,-0.115587,-0.485967,-0.440208,0.083105,-0.3723,-0.0741,-0.325903,-0.278412,-0.328101,-0.337083,-0.306011,-0.219809,-0.57958,-0.010649,-0.356633,-0.21592,0.175174,-0.245422,0.022629,-0.206293,-0.037151,-0.311408,-0.353379,-0.226199,-0.394859,-0.286755,-0.477757,-0.068633,-0.68579,-0.285959,0.250877,0.415841,-0.247224,-0.388476,-0.144308,-0.160141,-0.379823,-0.639713,0.046157,-0.583493,-0.367275,-0.405489,-0.488792,-0.307586,-0.080475,-0.149047,-0.236656,0.036471,-0.156999,-0.141638,-0.229745,-0.309396,-0.311885,-0.017341,-0.290846,-0.311011,0.216198,-0.270684,0.116672,-0.364234,-0.350189,-0.018995,-0.565796,-0.267502,-0.061869,-0.188545,-0.272015,0.474669,-0.20205,-0.307022,-0.352783,-0.538282,-0.047774,-0.280218,-0.43918,-0.317841,0.342921,0.54361,-0.382195,-0.152047,0.111651,-0.092824,0.168933,0.070149,-0.237035,0.447968,-0.258883,-0.100242,-0.256501,-0.049113,0.053225,-0.019067,-0.199491,-0.344532,0.324602,-0.225737,-0.296428,0.469682,0.511528,-0.543491,0.262606,0.093706,-0.212481,0.038368,0.282906,-0.129707,0.274214,-0.118545,-0.369609,0.519637,0.133769,0.427915,0.337146,0.394562,-0.293723,0.155882,0.112753,-0.298124,0.097493,0.123779,#
2,-0.155881,0.229826,1.0,0.290986,-0.0488,-0.095193,0.087877,-0.04166,0.132371,-0.137956,0.017136,-0.00825,-0.2283,-0.116095,-0.069833,-0.178371,-0.07325,0.135078,-0.095509,0.10376,-0.113863,-0.043272,0.142094,-0.076255,0.000519,-0.107311,0.337188,0.168189,-0.038557,-0.016846,0.024556,0.209882,-0.140389,-0.04591,0.165674,0.138046,0.354932,-0.151592,-0.037802,-0.104373,-0.0458,0.150892,-0.000382,0.082879,-0.003231,-0.260455,-0.107794,0.248452,0.224306,-0.013627,-0.233885,0.181436,0.224207,-0.038228,-0.193997,-0.037129,-0.237072,-0.261396,-0.390878,-0.076342,-0.223553,-0.295544,0.093148,0.068289,-0.054167,-0.089885,0.040856,0.007328,0.03649,0.364759,0.300807,0.229162,0.045763,-0.114424,0.044414,0.026257,-0.125447,-0.31709,0.053906,-0.125727,0.159336,-0.033377,0.005748,0.174225,0.018933,0.310155,-0.048966,-0.046154,0.008262,0.025163,0.062431,0.022653,-0.075202,-0.018108,-0.010481,0.030885,0.272271,0.021345,0.10189,-0.128796,-0.119001,0.082763,-0.001207,-0.026711,-0.021703,-0.089909,-0.034991,0.170914,-0.280978,0.190521,0.33365,-0.064514,-0.079569,0.040453,0.456314,-0.188995,-0.051044,-0.203544,0.003853,-0.070223,0.03994,-0.094507,-0.055646,0.020182,-0.066036,-0.245868,-0.133962,0.171489,-0.005722,-0.038492,0.464891,-0.249844,-0.154667,-0.040341,0.148257,0.136314,0.146691,0.286813,0.225378,0.058958,0.0339,0.22094,-0.044659,-0.288902,-0.068424,0.306037,-0.078803,-0.030304,0.231698,0.072993,-0.054803,-0.109281,0.189265,-0.055491,-0.097678,-0.093632,-0.079896,0.132853,0.116709,0.099208,0.143489,0.12632,0.073134,0.024247,-0.113483,-0.195581,-0.070734,0.007875,0.181984,0.187479,-0.017534,-0.181489,-0.065473,0.079901,-0.165331,0.204368,0.02447,0.101463,0.056208,-0.228173,0.180096,-0.179486,-0.234682,0.137356,-0.131441,0.062546,-0.203434,0.061224,-0.066429,0.066038,0.269906,0.077144,-0.011908,0.178196,-0.091988,0.110515,-0.006342,0.034637,0.167744,-0.111916,#
3,-0.139623,-0.213485,0.290986,1.0,-0.246553,-0.105759,-0.27039,-0.327381,-0.316501,-0.206565,0.143599,0.02622,-0.288153,-0.173926,-0.287753,-0.104364,-0.046255,-0.104765,-0.124296,0.240514,0.258592,-0.107828,-0.134688,-0.019357,0.218697,0.115436,-0.010054,0.234952,-0.005222,-0.267452,0.455036,0.004236,-0.263407,-0.077473,0.109478,-0.365074,0.142407,0.106395,-0.057056,-0.017368,0.085741,0.139921,-0.082359,-0.082178,-0.183704,0.293327,-0.104361,-0.084998,0.238949,-0.099365,-0.021237,0.518363,0.161228,0.130107,-0.099197,0.058011,0.062459,0.054659,-0.10139,0.234874,-0.228743,-0.071023,0.161595,-0.145239,0.07919,-0.25708,0.130571,0.135598,-0.075044,-0.089351,0.094018,0.16056,0.20875,0.240666,0.080034,-0.364911,0.033985,0.093662,0.172001,0.165471,0.229982,0.527395,0.3594,0.114179,0.220508,-0.023623,0.253834,0.180742,0.111445,0.028758,0.307405,0.163294,0.506529,-0.241071,0.398526,0.114619,-0.030125,-0.024282,-0.03174,0.243299,0.060769,0.262197,0.223748,0.0539,0.268045,0.327555,0.173178,0.170612,0.278188,0.295699,-0.189674,-0.145253,0.161399,0.290746,0.24598,0.102736,0.293856,0.125151,-0.074929,0.229084,0.179529,0.234462,0.366835,0.098673,-0.03045,0.076577,0.074056,-0.034456,0.180215,0.268895,0.383394,0.026353,0.181599,0.220768,0.301123,0.356376,-0.040174,0.299261,0.289219,0.318978,0.239241,0.160168,0.244406,0.136861,0.348419,0.342569,0.198656,-0.294385,0.310083,0.282122,0.207541,0.274725,0.168715,0.339943,0.15026,0.179966,-0.314552,-0.15726,0.143186,0.286904,-0.206508,0.097642,-0.061761,-0.029429,-0.054092,-0.420476,0.072516,0.025388,0.256251,0.165497,-0.243427,-0.047584,0.309434,0.123183,-0.485492,0.241862,0.22221,-0.068824,-0.447516,0.254,-0.272816,-0.147539,-0.081118,-0.082137,-0.187996,0.190269,-0.142899,0.20782,0.435698,-0.288764,0.096205,-0.157161,-0.166135,-0.204287,-0.066672,-0.023523,-0.35749,0.229907,0.072683,-0.208193,#
4,0.334833,0.118568,-0.0488,-0.246553,1.0,0.001855,0.004682,0.131638,-0.176948,-0.050872,0.094773,0.077978,0.18514,-0.006384,0.305601,0.059067,0.125853,0.107051,0.133045,-0.03695,-0.025478,-0.107896,-0.008697,-0.224386,-0.09752,-0.217254,-0.288829,-0.177935,0.141425,0.00468,-0.092877,-0.207698,-0.053497,-0.137179,-0.222778,0.157294,-0.184613,-0.22405,-0.134301,0.096584,-0.127976,-0.117031,-0.17996,0.131568,-0.115306,-0.1432,0.002869,0.205107,-0.074016,-0.056083,0.245466,-0.101905,0.061374,-0.266272,0.11278,-0.045302,-0.391,0.073794,0.014673,-0.216742,0.081498,0.106158,-0.136193,0.11946,0.03632,0.32797,0.04826,-0.099354,0.052809,0.098243,-0.208218,0.027288,-0.130631,-0.001065,-0.194755,0.426592,-0.001375,-0.3609,-0.164688,-0.357169,-0.148752,-0.320088,-0.235511,0.092059,-0.123576,-0.133203,-0.005602,-0.227836,-0.196597,-0.159537,-0.047452,-0.337228,-0.084827,-0.213339,-0.205884,-0.010264,0.080619,-0.276392,-0.000893,0.103417,0.066046,-0.298873,-0.213797,-0.206405,-0.235481,-0.13041,-0.16029,-0.065136,-0.214514,-0.143793,0.073026,-0.121445,-0.268746,-0.12245,-0.170853,-0.130364,-0.339337,-0.083701,-0.052113,-0.11641,-0.356343,-0.039595,-0.087678,-0.014331,-0.137973,-0.238903,0.038309,-0.015994,-0.159311,-0.037109,-0.094349,-0.204976,-0.249795,-0.172728,-0.31856,-0.169817,0.194294,-0.25717,-0.153055,-0.048197,-0.157949,-0.156353,-0.050145,-0.086653,0.00728,-0.017669,-0.132096,0.056508,-0.211808,-0.381973,-0.291031,-0.255667,-0.437877,-0.168723,-0.37108,-0.211315,0.270988,0.315675,-0.149901,-0.29785,-0.121304,-0.147844,-0.070725,-0.028755,-0.205209,0.131232,-0.128877,0.046781,-0.057102,-0.087312,0.144669,0.074423,-0.014819,-0.012974,0.181945,-0.174669,-0.246171,-0.016617,0.278408,-0.000777,0.299341,-0.07595,0.270228,0.195692,0.201285,-0.335133,0.2117,-0.152026,-0.224421,0.155454,-0.113996,0.116552,0.178096,0.002792,0.066823,-0.134073,0.272213,-0.154467,-0.267092,0.215116,#
5,0.252733,0.106298,-0.095193,-0.105759,0.001855,1.0,0.102339,0.258659,0.001788,-0.010662,0.247493,0.045687,0.121333,-0.082117,-0.101006,-0.02125,0.301509,0.073714,-0.252736,0.238923,-0.046629,0.364622,0.187413,-0.110956,-0.091655,-0.384017,0.083434,-0.192185,-0.132629,-0.331624,-0.071252,0.257232,0.08118,-0.007041,-0.069034,-0.074932,-0.114733,-0.062251,-0.130885,-0.261207,-0.031619,0.316109,0.155455,0.157944,0.259406,-0.169127,0.122166,0.271796,0.088366,-0.252178,-0.072186,-0.03599,0.151362,-0.133763,-0.057805,-0.06529,0.211906,-0.221339,0.273534,-0.155782,0.111238,-0.144767,-0.188181,0.021413,0.04661,0.101503,-0.251146,0.056033,0.166939,0.06886,0.089722,0.363256,-0.107458,-0.055696,-0.242415,0.228614,-0.168997,-0.031709,-0.207339,-0.074516,0.377542,-0.214123,-0.032042,-0.338993,0.059179,0.179816,-0.062644,-0.13042,0.029119,-0.361752,-0.158006,-0.010823,-0.196132,0.064194,0.034597,0.010759,0.078724,-0.000435,-0.006397,-0.029791,-0.098768,-0.061776,0.213975,-0.056393,0.115745,-0.154209,-0.030279,-0.252226,-0.333029,-0.223224,0.193247,0.100258,-0.023814,-0.150041,-0.080017,-0.215265,-0.522271,0.082398,-0.019014,-0.132088,-0.076755,-0.288309,0.237101,-0.350068,0.046029,0.2608,-0.117123,0.071217,0.221827,0.236244,-0.087677,0.039484,0.08139,-0.206901,-0.057666,-0.018307,-0.116424,-0.289364,0.052033,-0.311706,-0.180316,-0.132008,-0.308638,0.032167,0.074449,0.170209,-0.22994,-0.012099,-0.050645,-0.158298,-0.023127,-0.038746,-0.154379,0.068188,0.042442,-0.050832,0.006437,0.058147,-0.091123,-0.074066,0.098543,-0.112417,-0.028687,0.217854,-0.037534,0.264728,0.142452,-0.08796,-0.123885,-0.07741,0.096481,-0.006837,-0.376852,0.151996,-0.005027,-0.211879,-0.101929,0.173818,0.004137,-0.052948,0.023311,-0.023166,0.003638,-0.021238,-0.065067,-0.056328,0.137348,0.11352,-0.173691,-0.130641,0.158581,-0.119961,0.14268,-0.168435,-0.000433,0.140336,0.004006,0.009375,-0.047067,0.061568,#
6,-0.005614,0.259981,0.087877,-0.27039,0.004682,0.102339,1.0,0.243742,0.506003,0.204546,0.034223,-0.07732,0.319063,-0.178643,0.300164,-0.171746,-0.032143,0.006057,0.016417,-0.111839,-0.191215,0.161668,-0.03997,0.009967,-0.08248,-0.220673,0.200017,-0.118219,0.261272,0.016065,-0.488669,-0.18913,0.106164,0.014836,-0.070365,0.242577,-0.150291,-0.075711,0.102628,-0.040679,-0.073049,0.204765,-0.117441,-0.236974,-0.046938,-0.175098,0.135053,0.141311,0.069539,0.117659,-0.213498,-0.273182,-0.152357,-0.128309,-0.181205,-0.03443,0.162611,-0.170023,-0.146571,0.183323,0.085746,-0.038372,-0.098964,0.147926,0.290708,0.222641,0.210699,-0.056926,0.342728,-0.036994,0.111587,-0.069526,-0.153845,-0.38291,-0.169638,0.377435,0.056029,-0.177893,-0.056829,-0.078903,-0.144924,-0.316694,-0.301382,-0.252946,-0.124749,0.409389,-0.08254,-0.064359,-0.202141,-0.294995,-0.286307,-0.093803,-0.298528,0.088057,-0.060608,-0.201331,0.210881,0.178224,0.009323,-0.187621,-0.017261,-0.10055,0.046259,0.060256,-0.222101,-0.243807,-0.198045,-0.109498,-0.417791,-0.261447,0.133896,0.09856,-0.189298,-0.420833,-0.043747,-0.152996,-0.154385,-0.140418,-0.24374,-0.124089,-0.078771,-0.149404,-0.258224,-0.268473,-0.082523,0.001064,0.023302,0.460673,-0.163065,-0.032656,-0.193159,-0.5839,-0.425207,0.177515,0.038952,-0.046661,-0.11574,-0.066232,-0.124941,-0.261925,-0.038461,-0.05224,-0.207767,-0.071323,-0.012903,-0.187636,-0.291185,0.560466,0.026237,-0.193517,0.055394,-0.12234,0.096824,-0.295543,-0.298505,-0.008211,0.247139,0.203552,-0.181106,-0.223078,0.360826,0.103473,0.322287,0.123477,0.056691,0.281171,0.10143,0.060848,-0.213626,0.163131,0.344378,-0.031342,-0.153028,-0.022901,0.131914,-0.00106,0.036308,0.156713,0.335789,-0.105635,0.318624,0.200737,0.140098,-0.002358,0.178484,0.007027,0.192416,0.154923,-0.365136,0.235102,0.11483,0.2857,-0.009398,0.149361,-0.02695,0.131635,-0.047713,-0.098093,-0.053714,-0.157968,#
7,0.1667,0.202055,-0.04166,-0.327381,0.131638,0.258659,0.243742,1.0,0.157616,0.033212,-0.00515,-0.213322,0.23023,0.141542,0.004484,0.111494,0.023211,-0.044939,-0.071364,0.106,0.042418,0.184092,-0.045609,0.279535,-0.05255,-0.124096,0.060812,-0.15947,0.112581,-0.102507,-0.140219,0.032562,0.28461,0.096013,-0.13684,0.07288,-0.027992,-0.160988,0.281605,-0.129839,-0.168613,0.136887,-0.108434,0.120242,-0.173476,-0.173065,0.095684,0.112358,0.140777,-0.157424,-0.251972,-0.122399,0.087707,0.088318,-0.114009,0.019357,0.149261,-0.121846,0.085095,0.044873,0.151251,-0.052867,-0.284032,0.197852,0.0257,0.183072,0.092272,0.124863,0.298689,-0.048135,0.137506,0.123162,-0.292215,-0.064888,-0.019456,0.336756,0.092584,0.062438,-0.058316,-0.01951,-0.032052,-0.070144,-0.017149,-0.078281,-0.101914,0.189994,0.100241,0.094227,-0.070367,-0.179689,-0.390863,-0.040331,-0.24651,0.175274,-0.172845,0.112709,0.294309,0.136082,0.223455,-0.208655,-0.030886,-0.059537,0.154404,-0.044841,0.167425,-0.053177,-0.123572,-0.116577,-0.354876,-0.450599,0.184387,0.167797,-0.04966,-0.051465,0.050528,0.106423,-0.118697,-0.062273,-0.172127,0.021682,-0.023972,-0.291825,0.024112,-0.182913,0.229442,0.043079,-0.117504,0.032207,-0.064726,-0.055178,-0.233925,-0.051032,0.033175,-0.120293,0.070064,-0.034067,0.228749,-0.033577,-0.101323,-0.265133,-0.016305,0.255408,-0.197255,0.100867,-0.053315,-0.081377,-0.253506,0.093088,-0.020045,-0.312117,-0.065481,0.058469,-0.196088,-0.023684,-0.183104,0.017449,0.366905,-0.061479,-0.071448,0.027849,0.111419,0.195301,-0.08672,-0.029768,0.088965,0.068411,0.179667,-0.355047,-0.312237,0.139591,0.052108,-0.033637,-0.351934,-0.051867,0.115602,-0.098389,0.139114,-0.07753,0.085158,-0.083227,0.150216,0.107102,0.143532,0.067152,0.073159,0.129403,0.137489,-0.188618,-0.020423,0.141848,0.154552,-0.038982,0.111759,-0.214424,-0.267194,0.101062,0.066944,-0.166516,-0.064745,0.092602,#
8,-0.167094,0.2494,0.132371,-0.316501,-0.176948,0.001788,0.506003,0.157616,1.0,0.187484,-0.263369,-0.038569,0.304416,0.101657,0.121792,-0.388343,-0.057695,0.268532,0.042593,-0.082039,-0.059751,0.137108,0.085458,0.159027,0.210926,-0.110879,0.31251,0.047155,0.111955,0.143245,-0.323483,-0.04155,0.166314,-0.127234,-0.075996,0.244519,0.111977,-0.204321,-0.043312,-0.073153,0.158479,-0.036212,0.06284,-0.075432,0.187494,-0.305386,0.030763,0.085438,0.024454,0.308027,-0.062753,-0.309186,0.006383,0.053293,-0.423948,-0.00842,0.114028,-0.236527,0.166571,0.084896,-0.025719,-0.127125,-0.052618,0.101381,0.254391,0.249531,0.162281,0.016433,0.125105,-0.005319,0.181402,0.021257,-0.155537,-0.197606,0.074115,0.158109,0.072309,-0.051989,0.044283,-0.231035,0.046098,-0.197662,-0.261685,-0.265347,-0.072509,0.298442,-0.179337,-0.012413,0.084119,-0.087598,-0.211345,0.123411,-0.404925,0.239288,-0.020488,-0.123594,0.291905,0.206861,0.029988,-0.149065,0.014799,0.200632,0.056358,0.209873,-0.123556,-0.191446,-0.102526,-0.167851,-0.10423,-0.097501,0.335027,0.22318,0.01891,-0.372656,0.045321,-0.063705,-0.041647,-0.083874,-0.048999,-0.102518,-0.01158,-0.133229,-0.237851,-0.12741,0.030357,0.043609,0.045396,0.15542,-0.146843,-0.101736,-0.169001,-0.237014,-0.154329,0.002646,0.161512,-0.131192,-0.024689,-0.009694,-0.147154,-0.118489,-0.094178,-0.096957,-0.124556,-0.295569,-0.217808,-0.125213,-0.29638,0.288954,0.070719,-0.129939,0.098718,-0.15648,0.155831,-0.273596,-0.121865,0.105863,0.321758,0.257214,0.040497,-0.072944,0.26606,0.163463,0.192695,-0.064718,0.31222,0.26992,0.088679,0.056632,-0.257099,0.024766,-0.161118,0.177608,-0.091979,0.045155,0.05525,0.12374,-0.026892,0.17428,0.451136,-0.350139,0.175598,0.143158,-0.110976,-0.120898,-0.05406,0.023502,0.236884,0.073877,-0.294586,0.215214,0.189161,0.052567,-0.008882,0.118857,-0.085644,0.255207,0.056578,-0.051298,0.132797,0.014348,#
9,0.16953,0.284229,-0.137956,-0.206565,-0.050872,-0.010662,0.204546,0.033212,0.187484,1.0,-0.307887,0.100773,0.358771,0.244007,0.165348,0.030851,-0.095244,0.180817,0.131674,-0.12538,-0.26753,0.132282,0.259873,0.001566,-0.211694,-0.152108,0.261829,-0.066326,0.101071,0.49045,-0.125915,-0.080544,0.101504,-0.021885,-0.137655,0.234378,-0.227745,-0.104522,-0.030415,-0.056048,-0.129423,0.012679,0.027039,-0.136812,-0.028228,-0.505156,0.215911,0.119011,-0.280164,0.121042,-0.202376,-0.129599,-0.013362,-0.217328,0.043471,-0.289692,0.044042,-0.179054,-0.040421,-0.134581,0.204768,-0.167468,-0.300465,-0.020474,0.202817,0.187139,-0.085104,0.20547,0.068845,-0.161184,-0.136118,-0.276461,-0.193286,-0.468598,0.056924,0.246625,0.001311,-0.329595,0.02115,-0.025289,-0.21706,-0.325104,-0.353666,0.017492,-0.011077,-0.032024,-0.292857,-0.151247,-0.106695,-0.078207,-0.20122,-0.095731,-0.314673,0.110969,0.018292,-0.073606,-0.015272,0.159,0.092298,-0.172443,-0.198362,-0.152406,-0.209746,0.051672,-0.152838,-0.009825,-0.415543,-0.113682,-0.25406,-0.256071,0.095144,0.316522,0.080354,-0.293386,-0.374074,-0.235432,-0.167459,-0.077126,0.293566,-0.476043,-0.073676,-0.265277,-0.226167,-0.235272,-0.250152,0.180179,-0.093159,-0.102231,-0.013296,-0.259714,-0.169032,-0.001823,-0.315066,-0.018065,-0.259498,-0.272932,-0.091812,-0.171796,0.144637,-0.267847,-0.014782,-0.195412,-0.3829,-0.340114,-0.088801,-0.116721,0.03165,0.29532,-0.347701,-0.230692,-0.220945,-0.542812,0.040087,-0.293517,-0.112191,-0.138515,0.201218,0.526905,-0.165138,-0.252886,0.004664,-0.096517,-0.098815,0.08233,0.018796,0.224162,-0.323517,-0.118878,-0.216211,0.146485,0.0853,0.150922,-0.087267,-0.082989,0.328075,-0.39195,-0.320083,0.20009,0.238063,-0.174241,0.128046,-0.103219,-0.265736,-0.241933,0.245983,-0.025534,0.262034,-0.048326,-0.135452,0.307352,0.118142,0.026891,0.02511,0.500605,-0.032669,0.045935,-0.090673,-0.187316,0.172593,0.151313,#
10,0.016683,-0.27725,0.017136,0.143599,0.094773,0.247493,0.034223,-0.00515,-0.263369,-0.307887,1.0,-0.029152,-0.255948,-0.474676,-0.133357,0.092713,0.172697,-0.240836,0.043247,-0.174624,0.032436,0.042826,-0.222835,-0.141334,-0.044219,-0.060457,-0.214287,-0.057713,-0.09214,-0.426165,0.198043,0.016341,-0.255408,-0.003191,0.332582,-0.117038,-0.067613,0.126214,-0.082868,-0.034012,-0.072172,0.00516,0.012294,0.019141,-0.087048,0.248552,-0.208458,-0.046002,0.202147,-0.350613,-0.059041,0.173566,0.078222,-0.057974,-0.028978,0.066968,-0.079046,0.251599,-0.105128,0.000243,-0.157885,-0.098891,0.07768,-0.13379,-0.027754,-0.370256,-0.087761,-0.302186,0.070338,0.057365,0.01991,0.050367,0.113896,-0.022682,-0.011533,0.039009,-0.048057,0.206687,-0.052355,-0.185716,0.035145,0.127596,0.050214,-0.174175,0.034762,0.108569,0.235264,-0.052988,-0.09399,-0.04429,-0.168708,-0.210332,0.165406,-0.325864,0.001084,0.046296,-0.181754,-0.046461,-0.030634,-0.007612,0.03401,-0.112261,0.236437,-0.146895,0.039228,-0.083307,0.029192,-0.127851,0.035875,0.224808,-0.242313,-0.01297,-0.036001,-0.063249,0.056419,-0.042702,0.010036,0.070733,-0.160524,0.261929,0.05203,0.019116,0.109935,0.032178,-0.161198,-0.018677,-0.158068,0.219294,0.005592,0.066909,0.250216,-0.097279,0.117193,0.049672,0.174095,0.284331,-0.119831,0.128186,-0.1452,0.080976,-0.074058,0.170956,0.199043,0.062899,0.037736,0.035127,-0.158055,-0.125138,-0.014806,0.238649,0.042781,0.213936,-0.182482,-0.043067,-0.037035,-0.259815,-0.445358,-0.34601,-0.127095,0.028718,-0.085637,0.114975,0.176228,-0.054202,-0.15021,-0.242366,-0.034577,0.162687,0.319314,0.073909,0.1587,-0.058207,-0.030228,0.072434,-0.202679,0.075114,0.041125,0.010711,-0.395532,0.407996,0.137652,0.021895,0.29312,0.232033,-0.127289,-0.152343,-0.262612,-0.058114,0.345034,-0.166786,-0.268487,-0.068906,0.074166,-0.377215,0.116058,-0.026674,0.128477,0.073017,-0.248263,-0.134532,#
11,0.057026,-0.215304,-0.00825,0.02622,0.077978,0.045687,-0.07732,-0.213322,-0.038569,0.100773,-0.029152,1.0,-0.13728,-0.003293,-0.119819,0.118664,0.105359,0.02102,-0.286994,-0.067696,-0.239037,0.033557,-0.064052,-0.191797,0.061452,-0.002159,0.008597,0.003988,-0.024121,-0.117007,-0.066232,-0.049577,0.024386,-0.08877,0.164934,0.217099,-0.286234,-0.156253,-0.144154,0.058574,0.117717,-0.005695,0.008655,-0.248717,-0.116395,0.035083,-0.301944,0.137848,-0.161844,0.348158,-0.023528,0.02637,-0.051817,0.027526,0.001101,-0.010212,-0.070484,-0.040211,0.12853,0.147304,-0.006833,0.115127,0.124582,-0.504458,0.199867,-0.080285,-0.100934,-0.105707,-0.174209,0.155628,-0.022173,-0.130883,0.082904,0.270877,-0.172734,0.07234,-0.223477,-0.178521,-0.064848,0.077424,0.14888,0.103552,-0.039614,-0.306494,0.137271,-0.067639,-0.052106,0.062826,0.001739,0.034995,0.075412,0.019336,0.108024,0.083521,0.064428,0.078925,-0.130125,0.096314,-0.159008,-0.010846,0.198934,0.248975,-0.189773,0.093988,-0.124503,0.009262,0.119437,0.071191,0.216139,0.207039,-0.12639,-0.133802,-0.06823,-0.101767,0.00954,-0.148506,-0.050543,0.109428,0.148675,0.165376,0.154705,-0.159513,0.199021,0.199913,-0.027044,-0.054301,-0.081657,-0.105771,0.206893,-0.006848,-0.06134,0.263716,-0.232186,0.037395,0.062696,-0.216123,0.064034,-0.122363,0.094914,0.055604,0.144868,-0.068081,0.003319,0.010454,-0.142183,0.129468,0.00857,-0.152149,-0.185188,-0.00942,0.050569,0.047274,-0.079397,0.131332,-0.014312,0.184229,-0.099915,0.187816,-0.03535,-0.020428,-0.066871,-0.34475,0.03025,0.043967,-0.083938,0.010843,0.021723,0.1666,0.071368,0.057056,0.051806,0.248688,0.099919,0.1041,-0.121321,-0.05628,-0.286213,-0.044173,-0.013797,0.09414,-0.092072,-0.0385,-0.038953,0.063203,0.077995,-0.152255,-0.051109,0.246633,-0.064701,-0.15478,-0.257059,0.00954,0.035547,0.121745,-0.026059,-0.169379,0.283244,-0.052286,0.045876,0.20209,#
12,0.395192,0.38731,-0.2283,-0.288153,0.18514,0.121333,0.319063,0.23023,0.304416,0.358771,-0.255948,-0.13728,1.0,0.365665,0.154269,-0.263398,-0.111062,0.250156,0.135446,0.018103,0.00418,0.277667,0.231504,0.014649,-0.151279,-0.284479,0.110102,-0.162433,0.190009,0.290283,-0.123212,-0.079328,0.210497,-0.128763,-0.210237,0.170469,0.060722,-0.056737,-0.043807,-0.310243,0.089417,0.128893,0.159331,0.053454,-0.041614,-0.432893,0.345388,0.232296,-0.101674,-0.027651,-0.095445,-0.061236,0.079776,-0.000108,-0.039995,0.013262,0.104767,-0.162333,0.216422,0.072275,0.489194,0.066401,-0.140058,0.072234,0.18407,0.466249,-0.061453,0.257288,0.369508,-0.149904,0.146324,-0.056136,-0.381226,-0.342189,-0.159779,0.393252,0.127446,-0.06324,-0.05659,-0.319375,-0.013238,-0.395047,-0.325606,-0.087299,-0.204887,0.060641,0.001243,0.108819,-0.05739,-0.314785,-0.202105,-0.085285,-0.418966,0.235133,-0.212701,0.027875,0.358648,-0.016751,0.084427,-0.194206,-0.092205,0.002514,0.083003,0.053096,0.019982,-0.092466,-0.210099,-0.258909,-0.400922,-0.295247,0.325664,0.274535,-0.108385,-0.28842,-0.116851,-0.087814,-0.265437,-0.192011,0.106485,-0.415011,-0.132994,-0.317074,-0.138724,-0.303985,0.032411,0.267135,0.084533,0.237052,0.096709,0.114426,-0.382432,-0.04668,-0.244055,-0.075293,-0.296668,-0.097373,-0.215102,-0.32841,0.119866,-0.13955,-0.102146,-0.119108,-0.292642,-0.142219,0.192868,-0.035835,-0.299664,0.332009,-0.034486,-0.516755,-0.044981,-0.358645,0.162671,-0.283038,-0.189565,-0.007891,0.520578,0.417245,-0.045412,-0.408581,0.144223,-0.084622,0.022366,0.161586,0.21108,0.462942,0.073342,-0.080542,-0.415893,0.086408,-0.041405,0.233607,-0.061462,0.049435,0.35336,-0.266427,-0.03034,0.206763,0.485287,-0.158621,0.127354,0.091887,-0.056518,-0.045001,0.254071,-0.03381,0.563926,-0.074482,-0.427107,0.404672,0.304495,0.123084,0.162093,0.161474,0.021266,0.013184,0.069951,-0.05134,0.164759,0.097661,#
13,0.182842,0.302137,-0.116095,-0.173926,-0.006384,-0.082117,-0.178643,0.141542,0.101657,0.244007,-0.474676,-0.003293,0.365665,1.0,0.189139,-0.001332,-0.249836,0.397548,0.077502,-0.015716,-0.047645,0.39237,0.594297,0.367244,-0.106828,0.052377,0.303948,0.091913,0.035798,0.452995,-0.194762,0.044176,0.237743,0.006482,-0.092615,0.248345,0.069901,-0.25217,0.24244,-0.137673,-0.101019,0.139159,0.270692,0.202218,-0.149118,-0.333928,0.242428,-0.010643,-0.284252,0.066081,0.128339,-0.126352,0.059689,0.133,-0.09144,-0.055489,-0.087527,0.069875,0.148815,0.006826,0.30416,0.072416,-0.246397,0.083893,0.066423,0.17922,-0.221574,0.417272,0.086509,-0.028224,-0.150967,-0.019912,-0.210321,-0.024766,-0.253862,0.121719,-0.050945,-0.256014,-0.241048,0.006397,-0.103822,-0.316819,-0.176119,0.155324,-0.040448,-0.132615,-0.165866,0.016871,-0.049744,-0.26675,-0.028672,-0.085711,-0.274103,0.235983,-0.205055,-0.088525,0.007944,-0.008073,-0.092777,-0.138587,0.092891,-0.120882,-0.072207,-0.228964,-0.084451,-0.125863,0.098432,-0.223697,-0.182067,-0.141875,0.177682,0.183456,-0.014415,-0.052829,-0.106919,-0.027072,-0.198577,-0.302805,0.112247,-0.242014,-0.18044,-0.355589,-0.059868,-0.263043,-0.030401,0.083772,-0.086162,-0.12849,0.023885,-0.012155,-0.177796,0.176807,-0.310214,-0.211766,-0.454921,-0.220385,0.081118,-0.155634,0.147569,-0.125824,-0.14162,-0.217897,-0.3072,-0.210179,-0.323195,-0.137478,-0.077237,0.084249,-0.312242,-0.325592,-0.261257,-0.310939,-0.034355,-0.23429,-0.132272,0.083908,0.358624,0.270766,-0.010548,-0.149592,0.151198,-0.113214,-0.036197,0.102682,0.026116,0.253046,-0.00465,-0.055644,-0.156894,-0.061243,-0.19937,0.080995,-0.202949,-0.32466,0.161437,-0.331869,-0.086331,0.028357,0.398306,-0.272356,0.102171,-0.174416,-0.261527,-0.008608,0.193487,0.155071,0.199724,-0.339893,-0.225402,0.309961,0.047327,0.109574,0.007056,0.249636,-0.033288,-0.11081,0.263871,-0.223537,0.301619,0.046802,#
14,0.118818,0.408269,-0.069833,-0.287753,0.305601,-0.101006,0.300164,0.004484,0.121792,0.165348,-0.133357,-0.119819,0.154269,0.189139,1.0,-0.113306,-0.015339,0.152373,0.320784,-0.16422,-0.166848,0.004661,0.137288,0.092345,-0.163455,-0.128579,-0.055582,0.249639,0.200669,0.201051,-0.448407,-0.186228,-0.037471,-0.120691,-0.064775,0.272376,-0.13724,-0.203092,0.168772,0.216579,-0.307777,0.099136,-0.082981,0.183331,0.171549,-0.053374,0.243488,-0.035276,-0.02263,0.081078,0.120228,-0.228914,-0.104646,-0.056002,0.071913,-0.317842,-0.258778,-0.042602,-0.082895,-0.228977,-0.067601,0.221597,-0.331081,0.232692,0.098459,0.113309,-0.04065,0.055029,-0.000478,-0.270464,-0.255706,-0.245241,0.009102,-0.368076,-0.327644,0.305135,0.042937,-0.40745,-0.208045,-0.323585,-0.255346,-0.533157,-0.462644,0.124122,-0.424695,-0.026184,-0.298709,-0.183785,-0.265047,-0.2227,-0.10401,-0.295406,-0.13552,0.004007,-0.41283,-0.328777,-0.309486,-0.139044,-0.304742,-0.100649,0.180748,-0.426433,-0.246337,-0.264141,-0.28606,-0.172871,-0.367108,-0.123572,-0.411965,-0.195555,-0.098262,0.283549,-0.309831,-0.331185,-0.387611,-0.110168,-0.239908,-0.381918,-0.254408,-0.246756,-0.408255,-0.121783,-0.552136,-0.168575,0.035551,-0.37678,-0.155858,0.073251,-0.224004,-0.250205,-0.129792,-0.264672,-0.457951,-0.005033,-0.350051,-0.324812,0.070735,-0.145906,-0.026508,-0.173064,-0.386079,-0.210217,-0.347674,-0.172568,-0.211166,-0.219742,-0.219558,0.376235,-0.433787,-0.258882,-0.421681,-0.526945,-0.247221,-0.394789,-0.250288,-0.349747,0.082035,0.34106,-0.468689,-0.086495,0.194102,-0.133524,0.147948,0.048668,-0.130336,0.248685,-0.197725,0.120087,-0.126464,-0.267775,0.349299,0.125538,-0.23144,-0.334072,0.45259,-0.299643,-0.315655,0.271294,0.392899,-0.235367,0.244325,0.05013,0.278742,0.158751,0.401987,-0.370533,-0.002067,-0.099739,-0.247388,0.262488,-0.050057,0.48,0.299797,0.361692,-0.059736,0.050131,0.05675,-0.182415,-0.10724,0.166176,#
15,-0.092649,-0.273653,-0.178371,-0.104364,0.059067,-0.02125,-0.171746,0.111494,-0.388343,0.030851,0.092713,0.118664,-0.263398,-0.001332,-0.113306,1.0,-0.031648,-0.294813,0.0029,-0.050947,-0.164301,-0.045428,0.037396,0.073809,0.002098,0.16595,-0.030833,-0.163829,0.054068,-0.097275,-0.055905,-0.003069,-0.02973,0.227558,-0.084968,0.237296,-0.048124,0.128026,0.149122,0.204314,-0.169255,-0.254917,-0.223425,-0.02823,-0.094361,0.212113,-0.098431,0.007563,-0.267715,0.0063,0.215667,0.111641,-0.090706,0.057424,0.004881,0.003104,0.120259,0.122272,-0.067273,-0.24699,-0.022455,0.114685,0.156893,-0.168178,-0.120377,-0.253663,-0.309254,0.005879,-0.083516,0.012681,-0.027839,-0.222362,0.132226,0.263119,0.042527,-0.075978,-0.127304,-0.054517,-0.174111,0.232046,-0.117286,0.020461,0.26047,0.127708,0.297883,-0.246215,-0.029142,-0.102581,-0.026756,0.051548,0.116746,0.115169,0.112596,-0.006825,-0.046076,0.294475,-0.145217,0.111079,-0.066269,-0.112212,0.062572,-0.012598,-0.100602,-0.057245,0.211098,-0.070375,-0.096597,0.175023,0.086041,-0.008489,-0.248113,-0.071628,0.21738,0.142442,-0.01877,0.039369,0.167819,0.094741,0.034476,0.184496,-0.013153,0.081063,0.160707,-0.073312,-0.072779,0.044617,-0.080159,-0.118417,-0.025333,-0.174866,-0.094951,0.177332,0.072617,-0.026024,-0.068127,-0.032365,-0.053314,0.054252,-0.100419,-0.054503,0.108986,0.000596,0.05145,0.253557,-0.085487,-0.105942,0.097706,-0.275651,-0.177933,-0.010386,-0.1359,0.056467,-0.259549,0.137166,0.099751,0.126679,-0.161003,-0.140271,-0.113783,0.162325,0.151003,-0.055944,-0.089724,0.007721,-0.252646,-0.293843,0.108116,-0.041803,0.131066,-0.122107,-0.049161,-0.251043,-0.112084,-0.152378,-0.172964,-0.019484,-0.081375,-0.105523,-0.258773,0.16506,-0.020875,-0.277971,0.007387,-0.016924,-0.055281,0.060806,-0.13238,-0.184077,0.039934,-0.2531,-0.134083,-0.168809,-0.040281,-0.082953,0.027337,-0.189165,0.112477,-0.017153,0.062058,-0.102054,#
16,0.215577,0.103873,-0.07325,-0.046255,0.125853,0.301509,-0.032143,0.023211,-0.057695,-0.095244,0.172697,0.105359,-0.111062,-0.249836,-0.015339,-0.031648,1.0,-0.041298,0.089691,-0.203642,0.071311,-0.240332,-0.0895,-0.244237,-0.170281,-0.140155,-0.194824,-0.042144,-0.123395,-0.117586,0.09754,0.158312,0.175042,-0.050631,0.077284,0.170062,0.130578,-0.199966,-0.28694,0.089831,-0.059137,-0.122092,-0.098455,0.353127,0.210619,0.062899,-0.133924,0.009268,0.092578,-0.012684,-0.048408,-0.051508,0.140273,-0.236968,0.101504,-0.073159,-0.169757,-0.031803,0.07516,0.046578,-0.057365,0.047146,0.105718,-0.12085,-0.009198,0.01836,-0.014621,-0.097863,0.057716,-0.102436,-0.256675,0.143129,0.121697,-0.064698,-0.039021,0.185763,-0.185139,-0.071929,-0.146129,-0.12327,-0.043455,0.086671,-0.065736,-0.208348,-0.174134,-0.251904,-0.21096,-0.060437,-0.070212,-0.336417,-0.201025,-0.130999,-0.054193,-0.186309,-0.097232,-0.232679,-0.141456,-0.315205,-0.311372,-0.103394,0.066699,-0.210177,-0.119498,-0.099451,0.037154,-0.099307,-0.055871,0.013694,-0.086993,0.020694,0.03317,-0.012467,-0.135466,-0.107604,-0.118328,0.031762,-0.403296,-0.110637,-0.162265,0.041855,-0.230711,0.016075,-0.076164,-0.114164,0.125987,-0.209774,-0.22841,-0.150284,-0.177835,-0.158087,-0.108141,0.012636,0.1082,0.122702,-0.030689,-0.132719,0.179039,-0.34076,-0.134488,-0.122035,-0.358221,0.177108,-0.097975,0.094492,0.120456,0.001386,-0.097531,0.126372,-0.115892,-0.148937,-0.144345,0.191948,-0.111823,0.085999,-0.218626,-0.28957,-0.05262,0.206472,-0.323954,0.070869,-0.095451,-0.036423,0.047701,-0.181069,-0.063664,0.212069,-0.091113,-0.118229,0.027169,-0.188115,0.064421,0.102942,-0.26028,-0.114822,0.092214,-0.240459,-0.268505,0.234999,-0.102447,-0.037167,-0.207382,0.143854,0.340465,0.19367,0.086411,-0.075498,0.134588,0.292692,0.213651,-0.039086,-0.045372,0.237566,0.286583,0.074245,-0.119698,0.445338,0.173605,-0.120187,-0.447589,0.057691,#
17,0.082402,0.46581,0.135078,-0.104765,0.107051,0.073714,0.006057,-0.044939,0.268532,0.180817,-0.240836,0.02102,0.250156,0.397548,0.152373,-0.294813,-0.041298,1.0,0.042499,0.213779,0.113123,0.181036,0.255229,-0.045957,0.058796,-0.053334,0.036381,0.105811,-0.020522,0.299846,-0.157981,0.031996,0.187786,-0.106523,0.020294,0.105023,-0.071857,-0.18175,-0.0112,0.000104,0.093649,0.184015,-0.034305,-0.013543,-0.046799,-0.324704,0.196805,0.223582,0.133705,0.01089,0.193621,-0.251366,-0.032866,-0.17446,-0.114712,-0.252566,-0.248211,-0.193173,-0.078544,-0.179444,0.050972,0.255704,-0.114717,0.058023,0.04345,0.344448,-0.026861,0.291921,0.123624,0.312391,0.041763,0.129634,-0.382609,-0.137383,0.008321,0.070072,-0.033167,-0.247073,-0.06077,-0.357119,0.135228,-0.2531,-0.241356,-0.084319,-0.073094,0.066578,-0.15945,0.096853,0.05816,0.00155,-0.02786,0.048957,-0.18654,0.279353,-0.233526,0.109218,0.319127,-0.047267,-0.031073,-0.280677,-0.13193,-0.083728,-0.126638,0.139388,-0.244452,-0.098102,-0.205184,-0.264396,-0.283716,-0.03756,0.387342,0.106459,0.043503,-0.123424,0.012435,-0.135147,-0.244647,-0.185993,0.378772,-0.37644,-0.105217,-0.214643,-0.256601,-0.16976,-0.134001,0.071192,0.021895,0.085643,0.038688,0.059948,0.074628,-0.007343,-0.133889,-0.371048,-0.096998,-0.24079,0.1765,-0.21665,0.072625,-0.01036,-0.053881,-0.226701,-0.293166,-0.412598,-0.205558,0.054276,-0.027239,0.163772,0.014808,-0.197235,-0.241238,-0.267392,0.302347,-0.247021,-0.303572,-0.082014,0.378094,0.378053,-0.178135,-0.079298,-0.082489,0.076566,0.126614,0.122751,-0.136318,0.449914,0.058972,-0.100328,-0.047068,0.052807,-0.232646,-0.004769,-0.219697,-0.116528,0.06739,-0.13102,0.015981,0.063795,0.4606,-0.42383,0.066963,0.060821,-0.368154,-0.227766,0.019439,-0.172905,0.283929,0.077025,-0.402904,0.145761,0.149014,0.047247,-0.006952,0.233872,-0.217666,-0.023684,-0.054944,-0.016352,0.339004,0.168428,#
18,-0.037795,0.138356,-0.095509,-0.124296,0.133045,-0.252736,0.016417,-0.071364,0.042593,0.131674,0.043247,-0.286994,0.135446,0.077502,0.320784,0.0029,0.089691,0.042499,1.0,-0.287351,0.18282,-0.262865,-0.023764,0.042344,-0.077487,-0.018903,0.045195,0.192522,-0.04887,0.24273,-0.015154,0.014727,0.137702,0.034504,0.085854,0.128552,0.159705,-0.134245,0.003054,0.057835,-0.096609,-0.089357,0.117173,0.07489,-0.048306,-0.020813,0.066391,-0.087745,0.150586,-0.094585,-0.042215,0.011397,-0.033782,-0.021985,0.317336,-0.064876,-0.154609,0.079872,-0.199549,-0.17432,-0.076027,0.056216,-0.02862,0.337031,-0.046992,0.016205,-0.126623,0.064926,0.005069,-0.20408,-0.141912,-0.356872,-0.030214,-0.291524,-0.050795,0.142436,-0.121328,-0.026576,0.065321,-0.358316,-0.166728,-0.278191,-0.339064,0.085059,-0.305405,-0.040189,-0.119446,0.046946,-0.280157,0.010124,-0.129657,-0.131482,-0.161159,-0.26754,-0.333024,-0.186364,-0.143846,-0.19879,-0.036478,-0.054117,-0.101292,-0.133166,-0.088723,-0.308589,-0.038112,-0.034218,-0.232089,0.010127,-0.14173,-0.001333,0.067336,0.135144,0.026638,-0.178871,-0.117707,-0.246901,-0.080101,-0.128247,-0.016216,-0.105011,-0.260275,0.0909,-0.304998,-0.163519,-0.019451,-0.207189,-0.113711,0.000298,-0.238597,-0.265739,0.016002,-0.265749,-0.081231,0.098179,-0.095725,-0.236382,0.012628,-0.075245,-0.05768,-0.09272,-0.320574,0.146205,-0.141231,-0.122026,-0.122219,-0.132777,-0.189791,0.184775,-0.277477,-0.253763,-0.347536,-0.222926,0.052871,-0.163409,-0.262878,-0.247418,-0.045155,0.146494,-0.229971,-0.069396,0.060547,0.027394,0.110791,0.068868,-0.084515,-0.054027,-0.12776,0.099857,-0.012089,-0.006283,0.152737,-0.064478,0.0151,-0.161298,0.262189,0.061965,-0.013548,0.258404,0.026737,-0.153362,0.018311,-0.006593,0.246818,0.105769,0.206134,-0.044657,-0.02247,-0.11287,-0.017729,0.182215,0.015646,0.208336,0.29435,0.129739,0.014412,-0.014458,0.157393,-0.095984,-0.370129,0.057735,#
19,-0.154525,-0.11651,0.10376,0.240514,-0.03695,0.238923,-0.111839,0.106,-0.082039,-0.12538,-0.174624,-0.067696,0.018103,-0.015716,-0.16422,-0.050947,-0.203642,0.213779,-0.287351,1.0,0.215729,0.150721,0.012019,-0.075441,0.171578,-0.192269,-0.030381,-0.128204,-0.062815,-0.166747,0.180381,0.178949,0.066499,0.128217,-0.208013,-0.319044,0.088727,0.1443,-0.166908,-0.032379,0.23025,0.337449,-0.007309,-0.10533,0.009059,-0.119731,0.332174,0.324252,0.270903,-0.18197,-0.04952,0.146028,0.270571,-0.055021,-0.12327,0.192259,0.246256,-0.323887,0.231603,-0.131238,-0.070035,-0.129502,0.139555,-0.010974,0.036491,0.125403,0.151709,0.161107,0.013403,0.106695,0.396966,0.147101,0.004045,0.254756,0.189721,-0.238441,0.322232,0.125346,0.409495,0.206449,0.457977,0.236942,0.313369,0.054285,0.202429,0.12748,0.249053,0.226959,0.46453,0.059302,0.282213,0.256149,0.243604,0.300201,0.201237,0.276632,0.256074,0.265978,0.081173,0.141048,-0.299788,0.310303,0.298993,0.283953,0.395795,0.359687,0.206628,-0.292039,0.121789,-0.148905,0.309155,-0.125149,0.163987,0.446904,0.265255,0.03761,0.070022,0.408365,0.04858,0.004167,0.356177,0.033225,0.255909,0.006537,0.156489,0.34764,0.052481,0.088314,0.159241,0.37249,0.151864,0.318341,0.329303,-0.203787,0.212191,0.077811,0.060548,0.054708,0.123952,0.212434,0.310969,-0.108327,0.055979,-0.026434,0.25207,0.253233,0.111085,-0.311735,0.543436,-0.053017,0.197008,0.110151,0.279769,0.330762,0.129776,0.298951,0.096063,-0.174153,0.335501,0.09029,0.024765,0.027073,-0.216909,0.305085,0.134634,-0.109935,0.482593,-0.090515,-0.125766,0.077527,-0.382084,-0.091323,0.157011,0.373688,-0.230263,0.135384,0.325907,-0.327226,-0.170522,-0.019239,-0.108568,-0.09901,-0.16906,-0.111559,-0.439312,0.095266,0.189052,0.12756,-0.102056,-0.461816,0.301373,-0.454758,-0.240039,-0.234839,0.016838,-0.195562,-0.423373,0.449675,0.318678,-0.098615,#
20,0.080617,-0.074552,-0.113863,0.258592,-0.025478,-0.046629,-0.191215,0.042418,-0.059751,-0.26753,0.032436,-0.239037,0.00418,-0.047645,-0.166848,-0.164301,0.071311,0.113123,0.18282,0.215729,1.0,-0.242095,-0.313205,0.01805,0.154832,0.048308,-0.090666,0.174696,0.080179,-0.024087,0.319695,0.025896,0.111637,-0.017731,0.085395,-0.405829,0.153082,0.045336,-0.027039,-0.049528,0.118689,0.021139,0.029027,0.042046,-0.204242,0.095187,0.271592,-0.045997,0.151485,-0.173173,-0.009058,-0.009982,0.141974,0.149406,0.128276,0.235698,-0.033567,0.09234,0.005191,0.062785,-0.072468,0.118666,0.141024,0.029895,-0.06585,0.087873,0.027908,0.181145,-0.197545,-0.246397,-0.028548,0.056926,-0.013507,0.296541,0.107562,-0.161187,0.150046,0.342244,0.103223,0.055825,-0.067647,0.35576,0.300672,0.024478,-0.021445,-0.078062,0.193941,0.088032,0.409379,0.180898,-0.101689,-0.002329,0.075779,-0.041451,0.139656,0.178606,0.173519,0.027256,0.170945,0.159257,-0.129714,0.063581,-0.059222,-0.073343,0.275263,0.186621,0.034136,0.142781,0.106387,0.103431,0.081428,-0.156793,0.026606,0.177913,0.279092,0.251942,0.003306,0.126512,0.066824,0.229093,0.032479,0.323141,-0.013701,0.205334,0.311546,0.176426,-0.257871,-0.207498,0.053679,0.186,0.117349,-0.036337,0.34533,0.010893,0.051543,0.003817,0.024354,0.012565,0.040262,0.367677,-0.072788,0.062503,0.23352,0.001497,0.254922,0.002733,0.211384,-0.260404,0.291011,0.034944,0.095259,0.23151,0.195155,0.376988,0.004525,0.230824,0.170151,-0.115541,0.204708,0.051547,-0.140263,0.007983,-0.084523,-0.005205,-0.007497,-0.191823,0.218574,-0.083648,0.133128,0.113624,-0.130866,0.025474,0.26491,-0.062105,-0.252216,0.307438,0.197384,-0.167171,-0.182218,0.15256,-0.114124,0.174306,0.096431,-0.095182,-0.023096,0.312895,0.117641,0.350899,0.137619,-0.048446,0.182489,-0.118565,-0.132903,-0.366456,-0.373316,-0.035232,-0.166607,0.129453,0.012117,-0.052759,#
