0,1.0,0.423112,-0.062285,-0.267344,0.325815,0.160789,0.084033,0.202728,0.050987,0.223415,-0.146623,0.107089,0.358299,0.392367,0.035727,-0.097063,0.133852,0.274958,-0.076369,-0.126517,-0.075188,0.162537,0.27534,-0.0638,-0.247705,-0.243135,0.081133,-0.145192,0.259483,0.420222,-0.105976,0.049416,0.079027,-0.210418,-0.162742,0.082664,-0.231719,-0.047499,-0.013932,-0.024789,-0.066191,-0.008235,-0.087767,0.184432,-0.100681,-0.438076,0.223315,0.23093,-0.265276,-0.096949,0.030334,-0.182158,0.025085,-0.207498,-0.020173,-0.076696,-0.028513,-0.109239,0.134916,0.282937,0.293525,0.07609,-0.170671,-0.073213,0.159985,0.443139,-0.040965,0.229866,0.099893,-0.069399,-0.097431,-0.017809,-0.32432,-0.116443,-0.352003,0.312691,-0.104303,-0.170193,-0.312411,-0.077767,-0.330669,-0.147011,-0.097612,0.171984,-0.177165,-0.207221,-0.119784,-0.083195,0.022286,-0.298548,-0.280496,-0.384242,-0.330302,0.199858,0.044339,-0.112613,0.135206,-0.19174,-0.107284,-0.258784,0.091595,-0.359223,-0.186963,0.069212,-0.290894,-0.019561,-0.29705,-0.100368,-0.378817,-0.076718,0.182497,0.240582,-0.160658,-0.202852,-0.331188,0.024605,-0.237797,-0.285895,0.229507,-0.444682,-0.211749,-0.28429,-0.215482,-0.110463,-0.178328,0.054074,-0.135784,-0.076311,-0.060869,-0.225547,-0.291708,-0.081524,-0.223165,-0.033908,-0.418696,-0.193157,0.165902,-0.488471,-0.080214,-0.262557,0.030824,-0.422101,-0.4392,-0.225483,-0.084849,-0.206772,-0.152022,0.182624,-0.180563,-0.41799,-0.124561,-0.385922,-0.098921,-0.189711,-0.274393,-0.216361,0.407577,0.426082,-0.250297,-0.185759,-0.323228,-0.103449,-0.06038,-0.306992,-0.116992,0.326943,-0.186799,-0.188883,-0.169259,-0.252553,0.07276,0.070772,-0.382008,-0.140319,0.307721,-0.417848,-0.183073,0.144551,0.453475,-0.377658,0.133893,0.039847,-0.215407,-0.060868,0.415511,-0.22009,0.372557,0.033892,-0.208695,0.461984,0.075723,0.122878,0.359472,0.262647,-0.132123,0.204071,0.123679,-0.412283,-0.04795,0.288787,#
1,0.423112,1.0,0.198226,-0.154858,0.22116,0.019547,0.348993,0.165223,0.221468,0.298414,-0.1668,-0.289932,0.413202,0.274607,0.32143,-0.21863,-3.8e-05,0.415038,0.312292,-0.09492,0.021921,0.167787,0.349378,0.0219,-0.382269,-0.234423,0.307377,0.015815,0.227326,0.371255,-0.494458,0.049214,0.209514,0.014931,-0.107425,0.004181,0.061577,-0.160054,0.037909,-0.124907,-0.160414,0.263757,0.025597,0.297259,0.153008,-0.384852,0.365451,0.291417,0.087734,0.223523,0.196779,-0.211644,0.015802,-0.099091,0.140403,-0.289158,-0.161805,-0.137776,-0.147879,0.063781,0.143249,0.214599,-0.383251,0.217069,-0.012955,0.3801,-0.105115,0.352894,0.320553,-0.113623,-0.030253,-0.062905,-0.161897,-0.3787,-0.375584,0.470621,-0.284268,-0.355594,-0.409806,-0.42575,-0.285927,-0.335623,-0.417422,0.138841,-0.421541,-0.083069,-0.330633,-0.118094,-0.234401,-0.22856,-0.242473,-0.361306,-0.559373,0.038832,-0.263092,-0.094064,0.159757,-0.299616,-0.05641,-0.297237,-0.062884,-0.479326,-0.440515,-0.083548,-0.535243,-0.255635,-0.511537,-0.245676,-0.653062,-0.134546,0.236488,0.362709,-0.179087,-0.507805,-0.15093,-0.047268,-0.377451,-0.596425,0.02416,-0.583506,-0.349537,-0.228881,-0.287699,-0.42137,-0.096868,0.01728,-0.310203,0.033594,-0.15237,-0.175653,-0.325715,-0.386499,-0.356246,0.068999,-0.292898,-0.220819,0.232141,-0.205203,0.141155,-0.476191,-0.437852,-0.037256,-0.574524,-0.124445,-0.096238,-0.21908,-0.283992,0.411495,-0.286519,-0.380118,-0.23347,-0.366461,-0.069235,-0.21093,-0.460054,-0.252048,0.357463,0.547081,-0.378536,-0.079829,-0.066947,-0.081942,0.173561,0.069352,-0.230752,0.475864,-0.2913,-0.016347,-0.177993,0.000902,-0.119091,-0.0177,-0.188249,-0.400508,0.41396,-0.160427,-0.215257,0.325099,0.415466,-0.390407,0.100545,0.257572,-0.208709,0.068709,0.24472,-0.121207,0.287012,-0.200904,-0.338806,0.493078,0.083907,0.579089,0.338416,0.227494,-0.137281,-0.0215,0.285609,-0.335757,-0.198528,0.208659,#
2,-0.062285,0.198226,1.0,0.262438,0.145666,-0.241967,0.004966,-0.089006,0.002806,-0.209125,-0.077741,-0.015717,-0.093989,-0.115128,-0.087238,-0.252363,-0.067587,0.014245,0.00977,0.080586,-0.054601,-0.103347,0.188456,-0.138387,-0.092336,-0.065798,0.302772,-0.105877,-0.13621,0.159692,-0.028439,0.183865,-0.145857,0.082034,0.013438,0.014414,0.295807,-0.129676,0.024768,-0.115446,-0.062412,0.179856,-0.027121,0.014339,0.000488,-0.112383,0.018815,0.329453,0.033607,0.003761,-0.166594,0.17918,-0.006056,0.146361,-0.192717,-0.082889,-0.297727,-0.056979,-0.380429,-0.181686,-0.157669,-0.244834,-0.054324,0.039756,-0.168241,-0.092596,-0.085087,0.050108,0.023779,0.286714,0.216682,0.231138,0.023934,-0.032985,-0.038518,0.078584,-0.124638,-0.280292,-0.166809,-0.115449,0.203235,-0.022348,-0.012901,0.242834,0.000277,0.125834,-0.092834,0.129072,-0.04404,-0.054293,0.009189,-0.042567,-0.095807,0.046071,-0.197178,-0.000353,0.256829,-0.116999,0.035117,-0.121385,0.031019,-0.064638,-0.030536,-0.062389,-0.136398,-0.158852,0.013997,0.143369,-0.180324,0.254694,0.294931,-0.125079,-0.095142,-0.02385,0.450791,-0.018636,-0.115644,-0.284476,-0.05138,-0.121607,-0.101545,-0.091718,0.130833,-0.081528,-0.043633,-0.137154,-0.267575,0.021195,-0.00648,-0.079687,0.330808,-0.283074,-0.201686,-0.040889,0.034812,0.084258,0.207079,0.313569,0.224629,0.048735,0.105093,0.301767,0.008975,-0.206272,-0.103967,0.252796,-0.073191,0.15849,-0.029668,-0.038964,-0.2032,-0.112729,0.191392,-0.105934,-0.02782,-0.062606,-0.014377,0.070683,0.158941,-0.03022,0.014959,0.073293,0.176059,-0.064002,0.035939,-0.072497,-0.247199,-0.005927,0.112338,-0.028706,-0.101488,-0.077354,-0.018219,0.005477,-0.079968,0.13267,-0.022987,0.157521,0.04295,-0.155267,0.068668,-0.3277,-0.16924,0.217485,0.01343,-0.008491,-0.179182,-0.122104,-0.123054,0.090018,0.246759,0.280643,0.096964,0.078868,0.015661,-0.091382,0.172381,-0.06503,0.072465,-0.025699,#
3,-0.267344,-0.154858,0.262438,1.0,-0.12647,-0.343102,-0.36446,-0.348775,-0.21348,-0.03086,0.231656,-0.100851,-0.214481,-0.293564,-0.183877,-0.124166,-0.160892,-0.008464,0.008146,0.176674,0.155668,-0.240296,-0.141257,0.025466,0.156458,0.207561,-0.143438,0.085697,-0.148028,-0.203963,0.404967,-0.114712,-0.393726,-0.004212,0.075631,-0.41523,0.102909,0.040171,0.02839,0.100098,0.067791,0.015735,-0.019791,-0.188964,-0.034429,0.281172,-0.139116,-0.129427,0.277586,-0.263773,0.059744,0.498675,-0.022457,0.225607,-0.048109,0.011432,0.103487,0.090564,-0.13371,0.074785,-0.2251,-0.088248,0.037991,-0.13211,0.026174,-0.269682,0.120515,0.050195,-0.144747,0.106371,0.110927,0.280392,0.265225,0.320501,0.276957,-0.340906,0.10043,-0.037131,0.38282,0.149723,0.190968,0.468774,0.275593,0.165286,0.222985,0.056948,0.18071,0.309592,0.090532,0.315806,0.318944,0.306415,0.420871,-0.206665,0.247567,0.209604,0.009934,-0.117895,0.057081,0.3502,0.143901,0.033588,0.317085,0.036454,0.121426,0.398397,0.140659,0.172211,0.288722,0.281203,-0.177842,-0.140402,0.378537,0.271333,0.147724,0.091633,0.473576,0.163331,0.048647,0.150903,0.330612,0.22226,0.347973,0.152498,0.077151,0.065878,0.016444,-0.022852,0.257448,0.160258,0.542009,0.042368,0.160614,0.128806,0.343056,0.437651,-0.074247,0.344958,0.235975,0.288666,0.316314,0.293714,0.236562,0.057908,0.210096,0.447571,0.240353,-0.282099,0.192762,0.366194,0.108799,0.251633,0.148251,0.154365,0.27168,0.070153,-0.34512,-0.257751,0.259268,0.156403,-0.36617,-0.004998,0.031833,-0.156673,-0.020795,-0.182783,-0.022837,0.038827,0.121648,0.170852,-0.233619,0.012031,0.174821,0.074055,-0.332728,0.171339,0.144047,-0.008933,-0.405846,0.20999,-0.363065,-0.160254,-0.089755,-0.05529,-0.149026,-0.057781,-0.192796,0.065006,0.357439,-0.371244,0.026944,-0.093574,-0.215135,-0.146948,0.033182,-0.161991,-0.343033,0.185656,-0.021544,-0.159853,#
4,0.325815,0.22116,0.145666,-0.12647,1.0,-0.045094,0.124554,0.020609,-0.138744,0.075798,-0.026037,0.208652,0.112082,-0.063339,0.270625,-0.107315,0.140749,0.160999,-0.049714,0.031638,0.011238,-0.094574,-0.005835,-0.106977,-0.233903,-0.184461,0.008849,-0.10003,0.133928,0.101363,-0.170595,-0.127705,-0.017449,-0.222931,-0.29203,0.12833,-0.245127,-0.29046,-0.06614,0.098475,-0.181983,-0.002081,-0.166974,-0.090075,-0.177454,-0.191193,0.20787,0.292131,-0.15509,0.167559,0.181272,-0.227461,0.019227,-0.143704,0.19152,-0.191463,-0.430638,-0.041706,-0.164573,-0.286039,-0.078562,0.195904,-0.011631,0.119829,-0.033612,0.277854,0.049631,0.035178,0.101938,0.004273,-0.169318,-0.031566,-0.106655,0.020193,-0.179096,0.324278,-0.085665,-0.398828,-0.216951,-0.316977,-0.1848,-0.219446,-0.286065,0.104061,-0.206488,-0.193733,-0.120697,-0.237805,-0.184118,-0.097402,-0.11664,-0.243876,-0.131874,-0.066117,-0.051933,0.056582,0.138433,0.063432,0.075292,0.063341,0.059749,-0.268857,-0.255514,-0.024934,-0.254202,-0.140252,-0.406503,-0.114111,-0.146915,0.050187,0.043643,-0.271365,-0.214522,-0.14571,-0.030603,-0.160461,-0.326348,-0.150563,-0.051025,-0.154684,-0.300842,-0.178566,-0.151809,-0.039014,-0.094054,-0.257786,-0.155356,-0.144599,-0.174715,-0.130125,-0.054431,-0.310468,-0.339224,-0.253441,-0.104629,-0.328235,0.229542,-0.160045,-0.099877,0.01918,-0.022812,-0.203965,-0.033883,-0.321094,-0.155391,-0.027876,-0.04508,0.00659,-0.324304,-0.261855,-0.190443,-0.19609,-0.262761,-0.074593,-0.333644,-0.10273,0.334541,0.33809,-0.156545,-0.190934,-0.084407,-0.206555,0.151916,0.100034,-0.3054,0.277619,-0.041808,0.19199,-0.037293,-0.121961,0.085469,-0.005302,-0.069236,-0.19283,0.054083,-0.237761,-0.328535,-0.210923,0.221863,-0.072359,0.155952,-0.132261,0.316327,0.02005,0.121531,-0.163269,0.09491,0.010792,-0.119852,0.05084,0.029665,0.288729,0.049248,0.023637,0.148844,-0.322234,0.049429,-0.218675,-0.358633,0.393761,#
5,0.160789,0.019547,-0.241967,-0.343102,-0.045094,1.0,0.113716,0.204989,0.127201,-0.074557,0.214903,0.133897,0.041802,0.107231,-0.040955,-0.011176,0.217816,-0.061277,-0.272854,0.093514,-0.230724,0.211223,0.13527,-0.164744,0.074056,-0.40498,-0.030719,0.104377,-0.098641,-0.223262,-0.160088,0.135005,-0.106213,-0.194456,-0.100381,0.008323,-0.207152,0.061779,-0.083558,-0.263176,-0.016503,0.162105,0.046988,0.324999,0.257097,-0.123983,0.05422,0.182101,0.058542,0.230335,-0.008357,0.04799,0.287199,-0.238964,-0.097549,-0.026136,0.248772,-0.210274,0.22875,0.038813,0.107333,0.008898,0.058758,0.111155,0.082391,0.11176,-0.24402,-0.156074,0.043555,0.160786,0.085677,0.143538,-0.117077,-0.065138,-0.246043,0.163391,-0.084838,0.167381,-0.205227,-0.156123,0.165729,-0.128899,0.011327,-0.274759,-0.026579,0.071331,-0.109714,-0.310079,-0.019377,-0.32632,-0.034934,0.021763,-0.213971,0.047059,0.105157,0.027027,0.049008,0.007489,0.008167,-0.176321,-0.059625,0.065755,0.075321,-0.083229,-0.003568,-0.067993,0.033118,-0.180387,-0.128682,-0.235764,0.143177,0.206599,-0.120694,-0.218707,-0.176389,-0.290226,-0.322105,0.163751,-0.060269,-0.176378,0.004683,-0.283905,0.166761,-0.102501,-0.036958,0.146463,0.048583,0.127341,0.058169,0.169852,-0.221989,0.097931,0.009429,-0.100107,-0.077947,-0.089975,-0.049718,-0.307566,-0.133341,-0.327322,-0.121779,-0.351119,-0.349557,0.003507,0.20104,0.05689,-0.300779,-0.053682,0.123847,-0.188918,0.035926,0.043536,-0.186563,0.080291,-0.05276,0.136658,0.046512,0.13463,-0.143778,0.082538,0.014055,-0.093342,0.007733,0.103469,0.10248,0.134431,0.132711,0.086399,-0.025101,-0.218899,0.077955,0.07555,-0.072954,0.231258,0.065619,0.001939,0.009487,0.150617,0.231131,-0.091268,0.150931,0.241783,0.034843,-0.110816,-0.173674,-0.051374,0.104734,0.134653,-0.176361,0.048788,0.038109,-0.177221,0.229343,-0.157117,0.044121,0.115168,0.159255,-0.091454,-0.046126,0.117039,#
6,0.084033,0.348993,0.004966,-0.36446,0.124554,0.113716,1.0,0.290317,0.474968,0.113256,-0.062113,-0.157095,0.372546,0.075319,0.377972,-0.096369,-0.188631,0.043513,0.112781,-0.005756,-0.084124,0.186837,0.303888,-0.0846,-0.12509,-0.217716,0.145844,-0.231323,0.154451,0.142082,-0.579198,-0.129816,0.078058,0.084764,-0.202004,0.175017,0.077694,-0.263565,0.127389,-0.009541,-0.015674,0.386515,-0.179427,0.10683,-0.006007,-0.156363,0.297254,0.312686,0.007258,0.10687,-0.005752,-0.209512,0.039797,-0.256918,-0.177832,0.097875,0.132648,0.00989,-0.084397,0.180538,0.016275,0.08156,-0.222844,0.190316,0.180209,0.254011,0.031786,-0.084043,0.269334,-0.165566,0.110072,-0.081106,-0.19646,-0.335152,-0.345229,0.436215,-0.055422,-0.256474,-0.147578,-0.16177,-0.103773,-0.406924,-0.310068,-0.196331,-0.401317,0.143845,-0.156631,0.045069,-0.30538,-0.261857,-0.232115,-0.190544,-0.386204,0.288416,-0.28896,-0.161322,0.056264,0.060585,-0.018618,-0.190658,-0.061728,-0.042389,-0.035975,0.03785,-0.190504,-0.320891,-0.155126,-0.114814,-0.297278,-0.364374,0.317879,0.319418,-0.244803,-0.478641,0.081576,-0.051574,-0.268504,-0.163416,-0.052938,-0.436216,-0.235316,-0.30698,-0.263821,-0.505557,-0.135724,0.029173,-0.057391,0.391459,-0.207797,-0.080868,-0.267911,-0.590617,-0.346608,-0.018349,-0.101135,-0.167116,-0.07577,0.08536,-0.043838,-0.409643,-0.229012,-0.169767,-0.238001,-0.101711,-0.005579,-0.241812,-0.321509,0.690752,-0.022356,-0.369049,-0.032773,-0.170232,-0.09076,-0.342005,-0.174732,0.141295,0.313051,0.38092,-0.202968,-0.200078,0.412123,0.168061,0.282883,0.106771,0.1224,0.317344,-0.056204,-0.153177,-0.258456,0.093709,-0.004296,-0.04404,-0.079851,-0.068709,0.128028,-0.057058,-0.086554,0.168735,0.562641,-0.188688,0.217241,0.221084,-0.047214,-0.024419,0.308697,-0.124882,0.2779,0.037374,-0.464055,0.348833,0.21679,0.2555,0.086166,0.086666,0.103774,-0.031028,0.259309,-0.154296,-0.040964,-0.217899,#
7,0.202728,0.165223,-0.089006,-0.348775,0.020609,0.204989,0.290317,1.0,0.19377,0.038754,-0.263196,-0.020307,0.160163,0.19385,0.014221,0.121378,-0.018113,-0.043703,-0.159461,0.067841,0.055477,0.321322,0.095648,0.201963,-0.134712,-0.081853,0.310583,-0.042621,0.098064,-0.027895,-0.297327,0.212854,0.173772,-0.005956,-0.180927,-0.040984,-0.0455,-0.296084,0.219064,-0.239258,0.012037,0.241746,-0.127798,0.104594,-0.188128,-0.077005,0.211964,0.234354,-0.099572,0.205265,-0.162662,-0.199415,0.134667,-0.064373,-0.276042,0.012372,0.212946,-0.15929,0.166151,0.172967,0.04452,0.091615,-0.2203,0.166639,0.185018,0.196818,-0.139221,0.196162,0.196776,-0.194976,0.184652,0.030204,-0.235976,0.016021,-0.23276,0.267317,-0.066019,-0.04432,-0.270618,0.127898,-0.03356,-0.185846,0.023015,-0.031657,-0.133376,0.210887,0.010002,-0.018997,0.049424,-0.171442,-0.165029,-0.170192,-0.210269,0.267098,-0.182185,0.032457,0.178301,0.116912,-0.035387,-0.31987,-0.059547,-0.122922,-0.053738,0.025947,-0.011005,-0.149912,-0.071773,-0.147722,-0.261056,-0.449473,0.245026,0.107465,-0.228742,-0.149359,0.078142,0.006704,-0.273486,0.150107,-0.21791,-0.15911,-0.074482,-0.328142,0.08154,-0.302893,0.066432,0.035195,-0.154001,-0.159811,-0.151564,-0.161331,-0.418499,-0.200264,0.077895,-0.151326,0.066578,-0.116667,0.286623,-0.080999,-0.02359,-0.331479,-0.174586,-0.076785,-0.211544,0.159289,-0.063753,-0.133508,-0.273124,0.209926,-0.068513,-0.195406,-0.076327,-0.008755,-0.12953,-0.042597,0.047239,0.192769,0.37279,0.101266,-0.201927,0.076412,0.064116,0.095173,-0.072825,0.021389,0.142849,0.140188,0.049024,-0.384501,-0.327906,-0.132485,-0.028934,0.036127,-0.243142,-0.030676,0.141865,-0.048758,0.045728,-0.009135,0.20497,-0.197884,0.157711,0.103358,0.051501,-0.091327,-0.014817,0.111281,0.095766,-0.046859,-0.139862,0.2136,0.305204,0.029012,0.08356,-0.226987,-0.068916,0.231161,0.078427,-0.253775,-0.120466,0.16887,#
8,0.050987,0.221468,0.002806,-0.21348,-0.138744,0.127201,0.474968,0.19377,1.0,0.088196,-0.004359,-0.214488,0.311817,0.126775,0.2267,-0.285363,-0.1854,0.18157,0.199106,-0.051788,0.088866,0.165286,0.236251,0.180887,0.107937,-0.15064,0.350636,0.033196,0.230155,0.163307,-0.216125,0.089833,0.203076,-0.008001,-0.124409,0.072907,0.218422,-0.199219,-0.0831,0.01883,0.149887,0.095504,-0.063869,0.218736,0.242443,-0.310712,0.305527,0.18343,0.023915,-0.059975,-0.133718,-0.232538,0.115472,0.008223,-0.31009,-0.05116,0.070323,-0.094956,0.239625,0.053647,0.095692,-0.098403,-0.045366,0.125057,0.093117,0.215425,0.073196,-0.047543,0.146754,-0.070551,0.179332,-0.014881,-0.167192,-0.065486,-0.10385,0.155596,-0.074238,-0.093977,-0.127977,-0.325287,0.111789,-0.295678,-0.128409,-0.230278,-0.197511,0.291338,0.032104,0.020439,-0.052038,-0.17745,-0.225353,0.036082,-0.518908,0.425363,-0.172491,-0.060411,0.139259,0.012779,0.003499,-0.153412,-0.011604,0.161489,0.110675,0.127081,-0.001047,-0.285821,-0.146246,-0.045185,-0.114894,-0.164252,0.36961,0.298966,-0.208522,-0.281353,0.103148,-0.073757,-0.07455,-0.154189,-0.034727,-0.10917,-0.215145,-0.14183,-0.057162,-0.365679,0.068098,0.130305,-0.074426,0.240467,-0.075748,-0.124443,-0.200413,-0.406463,-0.084509,0.006341,0.031648,0.013043,-0.058195,0.021068,0.092547,-0.062539,-0.122191,-0.056881,-0.176291,-0.125871,-0.152758,-0.107961,-0.228928,0.342093,0.118169,-0.079594,0.160961,-0.215881,0.065511,-0.247698,0.04456,0.065563,0.348911,0.327072,0.049208,-0.029882,0.094144,0.144932,0.111871,-0.113804,0.187466,0.234136,0.051688,-0.026786,-0.199533,-0.010164,-0.23828,0.131923,-0.211178,-0.118769,0.21262,0.08549,-0.157417,0.161819,0.413875,-0.360796,0.108871,0.214345,-0.118751,0.031328,0.049135,0.018507,0.334849,0.014511,-0.300935,0.199416,0.206901,0.08293,0.142351,-0.025904,0.009937,0.19459,0.149207,-0.110028,0.085889,-0.108641,#
9,0.223415,0.298414,-0.209125,-0.03086,0.075798,-0.074557,0.113256,0.038754,0.088196,1.0,-0.004641,-0.14404,0.329011,0.098351,0.15268,0.151441,-0.310347,0.035207,0.196266,-0.119452,-0.075609,0.208155,0.163214,0.156334,-0.235646,0.121856,0.201679,-0.108492,0.113576,0.341466,-0.166263,-0.077912,0.064026,0.123422,-0.253647,-0.049826,-0.236692,-0.053134,-0.018717,-0.090471,-0.087336,-0.017423,-0.027096,0.008812,-0.011172,-0.364528,0.173059,0.067579,-0.317445,0.074014,-0.112509,0.002546,0.004551,-0.097479,0.070424,-0.188136,-0.092066,0.090919,-0.041742,-0.092533,0.287919,-0.043544,-0.358537,0.119798,0.086091,0.159579,-0.02927,0.033829,-0.027312,-0.213909,-0.123749,-0.238385,-0.11943,-0.187303,0.010781,0.118267,-0.146887,-0.296653,-0.01242,-0.002134,-0.283946,-0.100228,-0.087935,-0.007059,0.070036,-0.034352,-0.245504,-0.173175,-0.160146,-0.025352,-0.01723,-0.191888,-0.302734,-0.052654,-0.020362,0.107133,0.048778,0.13632,0.058357,-0.118198,-0.010033,-0.297142,-0.309141,-0.119488,-0.298504,0.01479,-0.408131,-0.042207,-0.196548,-0.249677,0.000216,0.182575,0.030806,-0.369738,-0.306712,-0.036677,-0.010209,-0.107625,0.209515,-0.342915,-0.129592,-0.077108,0.055443,-0.218166,-0.128385,0.288396,-0.128564,-0.132793,-0.036488,-0.034428,-0.150108,-0.14258,-0.230878,0.125026,-0.319515,0.045083,-0.064033,-0.134288,0.150217,-0.269876,-0.008829,-0.092091,-0.298074,-0.106988,-0.029569,-0.180332,0.155158,0.186427,-0.346366,-0.069895,-0.182418,-0.184901,-0.021114,-0.031471,0.055885,0.041735,0.176822,0.389567,-0.000243,-0.148598,-0.201563,-0.105757,-0.120233,-0.06072,-0.118423,0.216513,-0.272001,-0.069327,0.002856,0.089076,-0.0291,0.121364,0.063125,-0.103398,0.274587,-0.211971,-0.134001,-0.032108,-0.058643,0.179462,0.044625,0.160891,-0.221906,-0.116916,0.047223,0.046342,0.249121,-0.21331,-0.0014,0.340064,-0.020345,0.111455,-0.095804,0.155621,-0.053749,-0.248653,-0.003472,-0.258084,0.063173,-0.058988,#
10,-0.146623,-0.1668,-0.077741,0.231656,-0.026037,0.214903,-0.062113,-0.263196,-0.004359,-0.004641,1.0,0.086525,-0.384798,-0.28444,0.026508,0.264961,0.172121,-0.122578,0.094881,-0.235009,-0.110511,-0.104024,-0.002006,-0.097921,0.205267,0.029632,-0.250903,0.086577,-0.089151,-0.401601,0.122539,-0.021213,-0.088703,-0.060721,0.249366,0.074054,-0.059757,0.039164,-0.155962,0.117157,-0.070913,-0.113908,-0.048678,0.181791,0.222082,0.15662,-0.268013,-0.152237,0.139936,0.051639,0.044086,0.211668,0.057639,-0.151157,-0.099226,0.162274,0.009124,0.110166,-0.116121,0.000589,-0.131937,0.015488,0.15327,-0.200967,-0.040786,-0.39957,-0.090894,-0.39593,-0.189971,0.228168,-0.148686,0.152308,0.269872,0.179989,0.128809,0.004094,-0.185594,-0.008792,0.090139,-0.186629,-0.0848,0.108034,0.126028,-0.241487,0.008319,-0.06543,0.048629,-0.064686,-0.259518,0.002829,-0.027626,0.000792,0.074156,-0.271496,0.052753,0.12177,-0.196043,-0.022351,-0.099401,0.063744,0.137896,0.021499,0.167007,-0.137798,-0.067038,-0.068812,-0.049311,-0.040207,0.187845,0.169314,-0.239705,-0.041757,0.113732,-0.130964,-0.120799,-0.208965,0.159598,0.030058,0.026553,0.237755,0.183345,0.000723,0.124276,0.035067,-0.173776,-0.180229,-0.109108,0.168676,-0.015395,-0.063604,0.30663,0.0569,-0.035826,0.082689,0.141111,0.304628,-0.093559,0.011438,-0.126086,0.031327,-0.133472,-0.014191,0.131926,-0.049238,-0.08555,0.045745,-0.037786,-0.243749,0.014029,0.317242,0.021474,0.328053,-0.232837,-0.04425,0.029621,-0.162937,-0.419351,-0.096098,-0.140655,0.153089,-0.189466,0.028098,0.171908,-0.240585,-0.277189,-0.080994,-0.041964,0.252308,0.356325,0.008234,-0.02958,0.11928,-0.078264,0.043725,-0.198883,0.065937,-0.054061,0.044693,-0.191938,0.253793,0.05417,0.123716,0.102046,0.21361,-0.162782,-0.268157,-0.219431,-0.0123,0.238465,-0.335458,-0.355368,-0.071729,-0.042977,-0.138531,0.003255,-0.103629,0.212856,0.025176,-0.199847,-0.220283,#
11,0.107089,-0.289932,-0.015717,-0.100851,0.208652,0.133897,-0.157095,-0.020307,-0.214488,-0.14404,0.086525,1.0,-0.162551,-0.18706,-0.130221,0.090292,0.071176,-0.072066,-0.448709,-0.031811,-0.208747,0.034408,-0.130263,-0.167589,-0.040229,-0.026999,-0.148365,-0.22427,-0.073767,-0.122705,-0.025091,0.018619,-0.05723,-0.074338,0.11163,-0.011041,-0.414226,0.052685,-0.098714,0.11397,-0.00892,0.004859,-0.122425,-0.297859,-0.041519,-0.005086,-0.256101,0.072405,-0.183953,0.072738,-0.094354,0.099618,-0.012315,-0.110615,0.132698,-0.027561,-0.082641,-0.025511,0.100254,0.009216,-0.030228,0.060397,0.03065,-0.455093,0.167965,-0.092914,-0.200406,-0.185758,-0.160122,0.242121,0.158255,-0.073898,0.075381,0.177209,-0.261582,-0.079939,-0.17671,-0.007801,-0.073775,0.232429,0.221964,0.018495,-0.051002,-0.200841,0.098891,0.082628,0.107662,-0.001636,0.07555,-0.098376,0.03814,-0.019715,0.087212,0.01738,0.079621,0.130087,-0.023341,0.137454,-0.018247,0.06314,-0.098157,0.065821,-0.018386,0.085924,-0.103186,-0.045107,0.153466,0.053864,0.090141,0.20509,-0.106819,0.020445,-0.227298,0.094903,-0.080625,-0.200886,-0.061956,0.236019,-0.039977,0.169673,0.10113,-0.169022,0.084993,0.298656,-0.168026,0.134117,-0.008362,-0.155271,0.170196,0.189431,-0.060441,0.204316,-0.020365,-0.166342,-0.022319,-0.131732,0.077083,-0.220459,0.088105,0.064152,0.25822,-0.038502,0.152474,-0.04274,-0.090208,0.109289,0.062412,-0.233889,-0.085707,0.224434,0.016171,-0.038172,-0.009958,0.108168,-0.098325,0.077069,-0.087971,-0.131479,-0.019288,0.046998,0.003768,-0.244802,-0.045076,0.028645,-0.048776,-0.122845,0.08266,0.099013,0.139674,-0.173265,0.206045,-0.008556,0.086081,0.204228,-0.040486,-0.067839,-0.298262,-0.176159,-0.122813,0.148176,-0.011021,-0.111943,0.072497,0.181016,0.117982,-0.074216,0.09461,0.082604,-0.014688,-0.200665,-0.07633,-0.098554,-0.043341,-0.053458,-0.032516,-0.13006,0.097256,0.020895,0.081064,0.050855,#
12,0.358299,0.413202,-0.093989,-0.214481,0.112082,0.041802,0.372546,0.160163,0.311817,0.329011,-0.384798,-0.162551,1.0,0.388137,0.213218,-0.307393,-0.223072,0.285306,-0.063386,0.200943,0.071075,0.246931,0.413673,-0.06956,-0.27208,-0.197109,0.265751,-0.321003,0.224877,0.238444,-0.314937,0.05174,0.27243,-0.149229,-0.265797,-0.057837,0.102767,-0.040891,0.008572,-0.354201,0.161355,0.392937,0.03288,-0.006104,0.016925,-0.407898,0.481718,0.353539,-0.190962,-0.050045,0.123562,-0.125984,0.070958,-0.055773,-0.163789,0.052097,0.169047,-0.151511,0.121057,0.126309,0.332809,0.152827,-0.139826,0.011374,0.181502,0.496525,-0.025382,0.388476,0.214484,-0.202652,0.210975,0.026638,-0.184653,-0.122927,-0.30542,0.298236,0.101385,-0.157782,-0.203279,-0.134304,-0.076459,-0.349534,-0.237572,-0.095269,-0.061535,0.083198,-0.122656,0.233169,-0.022747,-0.199729,-0.216198,-0.038749,-0.408589,0.320637,-0.195187,0.175924,0.4615,0.006795,0.092373,-0.232004,0.063408,-0.082065,-0.079015,0.072665,-0.129986,-0.060856,-0.261614,-0.16554,-0.424355,-0.172162,0.411721,0.102444,-0.09561,-0.322912,-0.01715,0.019114,-0.293414,-0.169239,0.166735,-0.526267,-0.139916,-0.318518,-0.000192,-0.355983,0.02092,0.365599,-0.221123,0.09089,0.083418,0.198399,-0.367318,-0.112135,-0.265608,-0.069546,-0.263563,-0.031958,-0.15082,-0.215845,0.182027,-0.163121,-0.054367,-0.304158,-0.266177,-0.220783,0.054284,-0.124037,-0.151444,0.300877,0.026498,-0.259321,-0.098618,-0.434697,0.242114,-0.188149,-0.048941,0.107276,0.55035,0.429518,0.115245,-0.355919,0.046616,-0.164343,-0.004643,0.215058,0.170728,0.425201,0.127847,-0.179638,-0.253881,0.064232,-0.075344,-0.066788,-0.041954,-0.090364,0.368764,-0.064306,-0.027236,0.083719,0.458237,-0.266847,0.12996,0.022367,-0.288395,-0.341279,0.253338,-0.043935,0.552129,-0.07415,-0.592417,0.397726,0.412351,0.113985,0.012457,-0.000531,-0.038619,-0.093664,0.030598,-0.142153,0.229139,0.096282,#
13,0.392367,0.274607,-0.115128,-0.293564,-0.063339,0.107231,0.075319,0.19385,0.126775,0.098351,-0.28444,-0.18706,0.388137,1.0,0.183298,-0.091085,-0.288219,0.235323,0.021921,0.090291,-0.109428,0.430482,0.560917,0.172195,-0.186677,-0.203383,0.434845,0.135486,0.304758,0.386703,-0.263579,0.196699,0.209811,-0.113974,-0.011122,0.057657,-0.030643,0.105827,0.234538,-0.217913,-0.020373,0.228193,0.252146,0.247052,-0.208925,-0.481392,0.402592,0.077627,-0.204666,0.104454,0.166246,-0.109156,0.05341,-0.046351,-0.111964,-0.0138,0.038664,-0.005707,0.124942,0.151675,0.386325,0.097903,-0.145547,0.210253,0.185536,0.317597,-0.050868,0.438954,0.23339,-0.008779,-0.043395,-0.047234,-0.105132,-0.105159,-0.324674,0.166992,0.077014,-0.026123,-0.318079,0.007494,-0.396558,-0.295636,-0.084968,0.156142,-0.000579,0.006911,0.027309,-0.074369,0.032438,-0.310272,-0.223489,-0.187928,-0.265445,0.275662,0.025252,-0.099892,0.090112,-0.038018,-0.114362,-0.365015,-0.121385,-0.173855,-0.090642,-0.091758,-0.153625,-0.153323,0.036238,-0.384555,-0.305334,-0.00961,0.243452,0.112413,-0.151501,-0.077423,-0.267895,-0.142946,-0.26729,-0.237196,0.019189,-0.211068,-0.171805,-0.266879,-0.06358,-0.27189,-0.110777,0.234013,-0.151544,2e-05,0.037802,-0.081445,-0.307845,0.080715,-0.393526,-0.066123,-0.490368,-0.099229,0.078504,-0.299154,-0.017794,-0.133907,-0.049571,-0.403204,-0.345683,-0.203266,-0.265647,-0.183161,-0.236637,0.105921,-0.040573,-0.232506,-0.10868,-0.388859,0.051037,-0.19375,-0.258167,0.039211,0.448563,0.184073,-0.063332,-0.116425,-0.067935,-0.091368,-0.164306,0.150578,-0.009484,0.070872,0.132805,0.131627,-0.121094,0.019277,-0.042913,-0.006342,-0.160876,-0.258013,0.388926,-0.160752,0.143593,-0.101863,0.466157,-0.376818,0.341479,-0.064737,-0.237656,-0.082213,0.124138,0.132737,0.129537,-0.35347,-0.302552,0.448452,-0.010206,-0.017805,0.11622,0.183639,0.060051,0.048448,0.252207,-0.234613,0.157916,0.032549,#
14,0.035727,0.32143,-0.087238,-0.183877,0.270625,-0.040955,0.377972,0.014221,0.2267,0.15268,0.026508,-0.130221,0.213218,0.183298,1.0,-0.139652,-0.069053,-0.060461,0.152376,-0.00297,-0.076448,-0.022492,0.183914,0.150151,-0.191676,-0.048693,0.035822,0.265579,0.391832,0.069392,-0.404398,0.009992,0.115523,-0.166838,-0.057531,0.145172,-0.191187,-0.113233,0.164905,0.155331,-0.213855,0.166637,-0.268701,0.277876,0.204882,-0.036286,0.276355,-0.059387,-0.030566,0.314602,0.061138,-0.112461,0.078858,-0.100703,0.016571,-0.180749,-0.193099,-0.043603,-0.131572,-0.005427,-0.073073,0.322362,-0.215369,0.238364,0.072835,0.107546,0.086223,-0.088882,-0.031425,-0.344873,-0.129283,-0.22296,0.083813,-0.219699,-0.341325,0.163973,0.001233,-0.314736,-0.220445,-0.308925,-0.313874,-0.289274,-0.312299,-0.043309,-0.356114,0.031202,-0.198152,-0.163761,-0.425164,-0.263367,-0.1143,-0.202544,-0.217113,-0.051901,-0.211667,-0.148301,-0.127902,-0.006685,-0.158425,-0.241787,0.267855,-0.275234,-0.236895,-0.211842,-0.254308,-0.14623,-0.372412,-0.123157,-0.271694,-0.056569,-0.093226,0.065364,-0.362124,-0.306646,-0.344041,-0.167972,-0.174702,-0.308726,-0.379981,-0.15152,-0.328122,-0.112114,-0.307267,-0.146494,0.091224,-0.270156,-0.205346,0.052465,-0.327742,-0.155447,-0.201521,-0.274757,-0.386106,0.154319,-0.227744,-0.114887,0.112267,-0.16268,-0.095207,-0.032521,-0.242022,-0.285555,-0.214547,-0.073199,-0.119485,-0.328543,-0.169139,0.168461,-0.22181,-0.11636,-0.2367,-0.223284,-0.133796,-0.111441,-0.301146,0.024081,0.210405,0.298077,-0.297138,0.130559,0.09984,-0.073655,0.044345,-0.035983,-0.236281,0.115222,0.001533,0.156271,0.09187,-0.088292,0.326215,0.061822,-0.002784,-0.370059,0.445974,-0.171076,-0.195415,-0.051408,0.210433,-0.141069,0.207397,0.306951,0.368127,0.112297,0.11329,-0.237412,0.068974,-0.121822,-0.124949,0.191034,-0.033216,0.44868,0.061312,0.13829,-0.165181,-0.157243,-0.010857,-0.14978,-0.211182,0.133298,#
15,-0.097063,-0.21863,-0.252363,-0.124166,-0.107315,-0.011176,-0.096369,0.121378,-0.285363,0.151441,0.264961,0.090292,-0.307393,-0.091085,-0.139652,1.0,-0.058185,-0.252963,0.163687,-0.116339,-0.235219,0.137053,-0.133014,0.022233,0.12242,0.053992,-0.075301,0.04062,0.064746,-0.257701,-0.101265,-0.02469,-0.127213,0.103216,0.190889,0.242413,-0.056419,0.113623,0.047482,0.130056,-0.04506,-0.395621,0.034976,0.006259,-0.091153,0.1694,-0.338166,-0.128384,-0.083155,0.10112,0.091328,0.186493,-0.090672,0.140882,-0.006239,0.197532,0.182193,-0.06198,0.075872,-0.097639,0.059253,-0.018201,0.131657,-0.035616,0.099858,-0.27814,-0.20804,-0.100143,0.010022,0.063287,-0.011166,-0.142955,0.136277,0.082039,0.219713,-0.009588,-0.075147,-0.003411,0.101298,0.167884,-0.179291,-0.047384,0.233459,-0.064407,0.263588,-0.031281,0.120789,-0.240256,0.035407,0.097136,0.229087,-0.124355,0.172629,-0.185913,0.048778,0.149052,-0.09437,-0.022714,-0.259732,-0.116263,-0.026978,0.050659,-0.104481,0.044596,0.186599,-0.031089,0.034885,-0.041384,0.007978,-0.09662,-0.219327,-0.042087,0.188838,0.051158,-0.169995,-0.086832,0.086817,0.204278,0.003612,0.229343,0.118646,0.222125,0.034726,-0.020365,-0.073831,0.010522,0.236714,0.021056,0.001321,-0.205683,-0.046067,0.177037,0.04809,0.050223,-0.052078,0.065584,-0.119748,-0.059856,-0.210986,-0.100506,0.001138,0.113631,-0.025429,0.263092,-0.07999,0.013334,-0.088871,-0.24289,-0.106322,-0.106566,-0.052642,0.165627,-0.211268,0.097125,0.094903,0.064048,-0.307813,-0.062605,-0.158187,0.09745,0.082005,-0.01506,-0.174006,-0.050467,-0.280248,-0.229634,-0.004975,0.077451,-0.060261,0.088477,0.01078,0.081534,-0.038063,0.128406,-0.156362,-0.077917,-0.010755,-0.086137,-0.267783,0.286634,0.118434,-0.099085,0.173309,0.129699,-0.213573,-0.016632,-0.191278,-0.122521,0.081984,-0.173337,-0.265803,-0.207976,-0.112765,0.044168,0.054507,0.014159,0.077818,0.087809,-0.006707,-0.148674,#
16,0.133852,-3.8e-05,-0.067587,-0.160892,0.140749,0.217816,-0.188631,-0.018113,-0.1854,-0.310347,0.172121,0.071176,-0.223072,-0.288219,-0.069053,-0.058185,1.0,-0.021058,-0.097861,-0.327197,-0.01645,-0.331674,-0.278574,-0.202176,-0.039867,-0.111621,-0.404946,0.056683,-0.203655,-0.206174,0.092362,-0.098485,0.026781,-0.253267,0.132901,0.24537,0.009294,-0.133758,-0.192673,0.11813,-0.070441,-0.279387,-0.022098,0.21117,0.125495,0.134789,-0.35633,-0.220796,0.073937,-0.036516,0.082383,-0.134247,0.01202,-0.116833,0.17123,-0.106349,-0.213603,-0.066446,-0.02991,0.053721,-0.221139,0.009914,0.132096,-0.055694,0.060009,-0.001499,0.094167,-0.042544,0.014826,-0.028116,-0.264524,0.16829,0.12382,-0.199926,-0.013193,0.103947,-0.024609,0.097863,-0.037348,-0.17658,-0.06932,0.104074,-0.114882,-0.044036,-0.161059,-0.299892,-0.287372,-0.233136,0.09239,-0.140581,-0.174344,-0.173266,0.075178,-0.374501,-0.010781,-0.294119,-0.121997,-0.174523,-0.262881,-0.010632,0.194762,-0.204402,-0.081295,-0.138096,0.037803,-0.028842,-0.099882,0.053331,-0.068256,0.180268,-0.106914,-0.051826,-0.046308,-0.043717,-0.10545,0.096999,-0.266688,-0.128061,-0.206821,0.147062,-0.237073,-0.032687,-0.403138,0.235222,0.166571,-0.343316,-0.07312,-0.158587,-0.275162,-0.079728,-0.037997,0.146148,0.06106,-0.028661,-0.050434,-0.23219,0.197697,-0.252372,-0.398801,-0.06144,-0.379869,0.108992,-0.053153,-0.095451,0.03267,-0.040005,-0.114544,-0.064494,-0.047883,-0.022017,-0.15184,0.235716,-0.214586,-0.044375,-0.24209,-0.430259,-0.20666,-0.035781,-0.324864,-0.037561,-0.002828,-0.047758,0.113362,-0.174486,-0.163938,0.077754,-0.041931,-0.082554,0.022348,-0.320458,0.27063,-0.055911,-0.160323,-0.022067,-0.1139,-0.129761,-0.115854,0.133589,-0.028701,0.131983,-0.06564,0.111753,0.405862,0.114125,0.086966,-0.054264,-0.055259,0.28288,0.33007,0.014776,-0.159761,0.198411,0.214197,0.11128,-0.17901,0.503806,0.083416,-0.154249,-0.458244,0.091866,#
17,0.274958,0.415038,0.014245,-0.008464,0.160999,-0.061277,0.043513,-0.043703,0.18157,0.035207,-0.122578,-0.072066,0.285306,0.235323,-0.060461,-0.252963,-0.021058,1.0,0.194319,0.083266,0.235601,0.231813,0.160371,-0.097981,-0.10322,0.054091,0.114734,-0.02401,0.10913,0.260594,-0.151712,0.026711,0.171424,-0.035173,0.132803,-0.1324,0.046458,-0.145452,-0.087789,-0.136153,0.090977,0.19061,0.20095,-0.024986,-0.183564,-0.275611,0.187386,0.137297,0.107517,-0.249391,0.327376,-0.164712,-0.121335,-0.08052,0.020773,-0.216962,-0.207906,-0.11207,0.04803,-0.030824,0.066263,0.253021,-0.171056,0.043144,0.019023,0.284905,0.156672,0.273282,0.214763,0.34101,0.00823,0.133657,-0.404089,-0.041522,-0.096975,0.196334,-0.149378,-0.178777,-0.117124,-0.385489,0.03677,-0.177092,-0.137564,-0.021768,-0.074967,0.173074,-0.111279,0.187895,0.138283,0.031395,0.107228,-0.131556,-0.11766,0.170492,-0.205605,0.100767,0.163028,-0.252037,-0.228207,-0.313751,-0.188944,-0.246654,-0.13578,0.162829,-0.307506,-0.133891,-0.077524,-0.417945,-0.358839,0.065454,0.297099,-0.051459,0.076197,-0.087941,0.127453,0.025524,-0.27807,-0.189566,0.177852,-0.238546,-0.193408,-0.040875,-0.132791,-0.284641,-0.083414,0.223599,0.052456,0.082507,0.110995,-0.007863,-0.004219,-0.125091,-0.052635,-0.237443,-0.127976,-0.082043,0.143325,-0.184979,0.152931,-0.07866,-0.120317,-0.051651,-0.114486,-0.171045,-0.227493,0.08466,-0.036569,0.266447,-0.05565,-0.189834,-0.121077,-0.16097,0.210087,-0.202201,-0.236305,-0.133622,0.320149,0.266094,-0.223068,-0.194577,-0.197623,0.03157,0.112375,0.08212,-0.223075,0.500755,0.042791,-0.019104,-0.002911,0.07724,-0.219063,0.052106,-0.289076,-0.083573,0.095455,-0.181375,0.075471,0.048925,0.318364,-0.252459,0.016212,0.062104,-0.201784,-0.120619,0.009288,-0.169585,0.234427,0.085051,-0.297036,0.201267,0.038396,0.173971,-0.017646,0.105351,-0.036804,0.017236,0.015085,-0.15046,0.111522,0.142762,#
18,-0.076369,0.312292,0.00977,0.008146,-0.049714,-0.272854,0.112781,-0.159461,0.199106,0.196266,0.094881,-0.448709,-0.063386,0.021921,0.152376,0.163687,-0.097861,0.194319,1.0,-0.242597,0.257027,-0.241512,0.000203,0.111364,-0.030659,0.017189,0.134599,0.167346,0.121652,0.250505,-0.132806,0.010737,0.168084,0.107244,0.079603,0.051223,0.1833,-0.06103,-0.067939,0.122045,-0.110754,-0.193793,0.146291,0.054708,0.034545,-0.08752,0.072111,-0.07699,0.185966,-0.089984,0.055816,0.023026,-0.107672,0.107989,0.134593,-0.010964,-0.124045,-0.063653,-0.215931,-0.188161,0.027166,0.085672,-0.065327,0.263709,-0.023724,0.035193,0.009584,0.057243,0.013564,-0.039762,-0.261066,-0.277631,0.058384,-0.117039,0.073179,0.104134,-0.274878,-0.058142,0.0925,-0.215599,-0.242891,-0.126512,-0.106727,0.171221,-0.204095,-0.028436,-0.059461,-0.099281,-0.121623,0.062868,0.047909,-0.207398,-0.188563,-0.192387,-0.290078,-0.174514,-0.06234,-0.235105,-0.163712,-0.140325,-0.133509,-0.071216,-0.183545,-0.211666,-0.192846,0.06449,-0.210008,-0.004217,-0.18756,-0.075609,0.061396,-0.022097,0.024475,-0.172984,-0.120976,-0.172403,0.008078,-0.097063,0.109675,-0.126602,-0.239144,0.235551,-0.231404,-0.222473,-0.108985,-0.122276,-0.099398,0.075175,-0.17865,-0.316872,0.170055,-0.314589,-0.031908,0.209818,-0.113611,-0.042605,0.001349,-0.052523,-0.079469,-0.0424,-0.187554,0.085555,-0.279988,0.020038,-0.045283,-0.110158,-0.079818,0.25565,-0.088382,-0.092192,-0.260635,-0.049692,0.135433,0.011045,-0.211867,-0.21333,-0.080727,0.196002,-0.136339,0.130368,-0.148403,0.118056,0.074185,0.012298,-0.219116,0.003227,-0.038192,0.121575,-0.020075,0.026839,-0.008616,-0.10393,0.012049,-0.09546,0.195029,0.162881,0.076405,0.19156,0.040755,-0.22022,0.023221,0.142501,0.073121,-0.011166,0.086604,-0.005299,-0.05732,0.007506,-0.081508,0.213399,-0.144981,0.088394,0.186891,0.246321,0.047475,-0.090586,0.107345,-0.106909,-0.221042,-0.214515,#
19,-0.126517,-0.09492,0.080586,0.176674,0.031638,0.093514,-0.005756,0.067841,-0.051788,-0.119452,-0.235009,-0.031811,0.200943,0.090291,-0.00297,-0.116339,-0.327197,0.083266,-0.242597,1.0,0.115167,0.212005,0.062297,-0.133665,0.167022,-0.141291,0.048021,-0.148575,-0.109229,-0.183675,-0.050644,0.173441,0.144974,0.041783,-0.148502,-0.365106,0.069062,0.135999,-0.032069,-0.127133,0.283129,0.448633,-0.011299,-0.130107,-0.011463,0.040816,0.338763,0.388845,0.207507,0.02058,0.16246,0.05833,0.098655,0.058311,-0.136451,0.273032,0.303932,-0.276691,0.205677,0.091596,-0.053416,-0.109212,0.087867,0.071158,-0.031484,0.130441,0.17959,0.182483,-0.010029,0.02234,0.426298,0.082066,0.095763,0.26231,0.082073,-0.213319,0.403734,0.115334,0.219545,0.122508,0.361186,0.1479,0.195443,-0.107215,0.239727,0.136218,0.224035,0.376394,0.241176,0.136375,0.168359,0.230759,0.215507,0.295762,0.12722,0.277606,0.321168,0.122795,0.006779,0.10664,0.050726,0.294457,0.111059,0.317225,0.21981,0.273682,0.238615,-0.333969,0.205313,-0.037447,0.339,-0.250248,0.178039,0.195095,0.207481,0.114189,0.00185,0.300696,0.059712,-0.016728,0.275265,0.020442,0.466914,-0.018368,0.190823,0.264222,-0.003658,-0.015138,0.133918,0.371381,-0.020894,0.251951,0.045853,-0.080686,0.218563,0.079299,0.116142,0.158151,0.117372,0.160648,0.365782,-0.085878,0.066301,0.1124,-0.013757,0.182963,0.031288,-0.180243,0.334431,-0.178599,0.098463,0.063969,0.230208,0.26146,0.162688,0.374333,0.11441,-0.092386,0.374685,-0.030854,-0.105194,-0.057851,-0.104468,0.249341,0.168614,-0.03729,0.298403,0.024336,-0.203051,0.20527,-0.38575,0.000661,0.249927,0.215721,-0.066223,0.182141,0.340338,-0.279135,-0.157588,-0.018816,-0.044136,-0.113312,-0.104171,-0.104555,-0.353506,-0.047052,0.076625,-0.002381,-0.289359,-0.320276,0.262535,-0.225462,-0.209361,-0.339083,0.087582,-0.333343,-0.273358,0.360366,0.225691,0.138559,#
20,-0.075188,0.021921,-0.054601,0.155668,0.011238,-0.230724,-0.084124,0.055477,0.088866,-0.075609,-0.110511,-0.208747,0.071075,-0.109428,-0.076448,-0.235219,-0.01645,0.235601,0.257027,0.115167,1.0,-0.203754,-0.264113,0.052232,0.238352,0.132585,-0.139529,0.029735,-0.014908,0.070361,0.250358,-0.120679,0.134807,0.129633,-0.004252,-0.243563,0.134911,-0.106875,0.048666,-0.072612,-0.017666,-0.103141,0.063746,-0.187365,-0.061106,0.169956,0.174612,0.041267,0.095,-0.02625,0.109211,-0.041265,-0.15624,0.231771,0.005798,0.204418,-0.019533,0.056816,0.024968,-0.013598,0.078531,0.133854,-0.098299,-0.154902,-0.165477,0.019352,-0.071533,0.116985,-0.100085,-0.19244,-0.115849,0.056276,0.018144,0.246118,0.190346,-0.085512,0.139354,0.163569,0.041489,-0.028375,0.067712,0.179288,0.208578,-0.035152,-0.07107,-0.067269,0.11169,0.202404,0.29703,0.249821,-0.059026,0.045229,0.092326,0.113649,-0.124969,0.036062,0.189029,-0.027237,0.116907,0.136201,0.052473,0.052055,-0.113835,-0.012149,0.03049,0.121271,0.047845,0.115002,0.090017,-0.107272,0.113116,-0.209284,0.112358,0.034627,0.198358,0.274207,0.063549,0.202981,0.23417,0.133539,0.12076,0.33149,0.179793,0.137238,0.245467,0.046335,-0.181628,-0.245845,0.083804,0.084666,0.159588,-0.043471,0.291594,-0.046342,0.136949,0.038793,0.062943,0.071005,0.11417,0.35164,-0.038274,0.121838,0.197777,0.002472,0.249443,0.027268,0.234614,0.001261,0.092386,-0.064667,-0.096757,0.180287,0.270675,0.238199,-0.030539,0.187936,0.138176,-0.01175,0.200676,-0.012895,-0.183747,0.044575,-0.011462,-0.054347,0.183459,0.16625,0.047513,-0.15069,-0.099061,0.110879,-0.236078,0.203197,0.257747,0.03065,-0.150153,0.102475,0.136065,0.11684,-0.034437,0.017008,-0.104736,0.114478,0.022411,-0.099318,0.047527,0.063991,-0.010302,0.333786,-0.020094,-0.030946,0.084153,-0.024171,-0.099463,-0.220086,-0.196664,-0.030782,-0.100804,0.125383,0.178275,0.101605,#
