0,1.0,0.10103,-0.249395,-0.088434,0.202429,0.190025,0.07294,0.000955,-0.309531,0.115882,0.10059,0.084038,0.323919,0.242331,0.040049,0.067418,-0.081546,-0.335494,0.085209,-0.188123,0.246895,0.237429,0.107118,-0.193488,-0.085211,-0.27831,-0.11942,-0.221972,0.31281,0.026302,0.189909,-0.06604,0.145922,-0.257709,-0.064785,0.142495,0.108831,-0.065687,-0.013477,-0.117214,0.098202,0.220417,-0.173193,0.038574,-0.160252,-0.006648,-0.072854,0.003882,-0.095644,-0.013246,0.118738,-0.22203,0.092168,0.01275,0.263536,0.034476,-0.170086,0.043931,-0.083615,0.150729,0.415056,0.22611,-0.109844,0.066254,-0.071278,0.10688,-0.162954,0.31635,-0.041623,-0.30482,-0.024367,-0.055001,-0.299489,-0.089635,-0.429349,0.306029,-0.136952,-0.124278,-0.363738,0.00703,-0.089997,-0.358474,0.044568,-0.03332,-0.041629,-0.175382,-0.041761,0.067475,-0.135839,-0.280419,-0.167085,-0.289164,-0.061285,-0.176806,0.028652,-0.149162,-0.32185,-0.145111,-0.073865,0.088462,0.2008,-0.029099,-0.175779,-0.211833,-0.068839,-0.284378,0.041132,0.028254,-0.223458,-0.032821,0.072583,0.23989,-0.269429,-0.162184,0.029071,0.121441,-0.288406,-0.241931,-0.093754,-0.01242,-0.237511,0.037516,0.099445,-0.320826,-0.125399,0.00153,-0.156472,-0.060145,-0.076909,0.109208,-0.24048,-0.330215,-0.140857,-0.066277,-0.411987,-0.100916,-0.121821,-0.177088,0.271943,-0.292816,-0.180523,-0.015482,-0.023283,0.123671,-0.03518,-0.112887,-0.088314,0.082225,-0.257193,-0.334121,0.049738,-0.237677,-0.202895,-0.243636,0.211361,-0.082072,0.18405,0.034778,-0.213775,-0.24793,-0.015171,-0.381793,-0.093675,-0.201273,-0.053777,-0.079206,-0.133282,-0.090954,-0.127876,-0.341389,0.054569,0.193367,-0.205006,0.115994,0.037438,-0.159804,-0.061103,0.008655,0.126842,0.033497,-0.009027,-0.139123,0.02098,0.327781,0.27434,-0.070372,0.204732,-0.187199,0.014819,0.204174,-0.027064,0.141862,0.287739,-0.05161,-0.196102,0.104378,0.09525,-0.300321,-0.053904,0.131932,#
1,0.10103,1.0,0.174241,-0.198842,-0.062724,0.092852,0.301485,0.14104,0.033082,0.291754,-0.162157,-0.127693,0.187081,0.273604,0.409714,-0.005951,-0.018108,0.230485,0.289633,0.095665,-0.041056,0.20039,0.343839,-0.010201,-0.020249,-0.213058,-0.05609,-0.108019,-0.129895,0.017957,-0.178658,0.157143,0.308573,-0.068325,-0.234416,0.189497,0.211874,-0.178359,-0.013001,0.025917,0.060237,0.33709,-0.065967,0.14303,0.432943,-0.285101,0.142496,-0.123061,0.245562,0.233904,0.120544,-0.159223,0.117921,-0.274147,-0.074544,-0.158677,-0.057152,-0.526129,-0.227043,-0.237736,0.20751,0.136974,-0.301746,-0.094447,0.203402,0.14496,-0.043218,-0.062218,0.189801,-0.079576,0.10498,0.038853,-0.001374,-0.313841,-0.174097,0.12451,-0.229278,-0.418982,0.048035,0.031595,0.18936,-0.247038,-0.146667,-0.010242,-0.186573,-0.089537,-0.135168,-0.109827,-0.030455,-0.233343,-0.041786,-0.082113,-0.25392,-0.088722,-0.161663,-0.029688,0.055041,0.053234,0.276049,-0.041048,-0.068867,0.07593,-0.040472,-0.229977,-0.24728,-0.105609,-0.235827,-0.159939,-0.37576,-0.237702,0.218143,0.371942,-0.128581,0.057718,0.036608,-0.0245,-0.135257,-0.288807,0.18329,-0.387924,-0.186083,-0.325929,-0.418466,-0.254371,-0.338887,-0.193113,0.255986,0.207644,-0.234588,0.049459,-0.022415,-0.030343,-0.218051,-0.18263,-0.151636,-0.254418,0.116178,-0.043495,-0.018729,-0.220027,-0.14156,-0.19726,-0.28792,-0.18699,-0.100517,-0.029439,-0.231604,0.310044,-0.015471,-0.125254,-0.246712,-0.272867,0.10935,-0.179904,-0.08031,-0.19268,0.251853,0.109605,-0.184659,-0.070603,0.049427,0.064928,0.039532,0.209887,0.009301,0.271565,0.10013,0.029065,-0.269506,-0.267717,-0.099941,0.04749,-0.117281,-0.015527,0.208963,-0.033236,0.017838,0.118189,0.366781,-0.465987,0.208962,0.0465,-0.275556,0.097071,0.076814,-0.155156,0.286216,-0.167549,-0.280409,0.237864,0.076882,0.125909,0.112851,0.320757,-0.137719,-0.015809,0.095574,-0.067229,0.291435,0.038868,#
2,-0.249395,0.174241,1.0,0.250303,-0.291711,-0.082116,0.166799,-0.043687,0.227466,-0.074831,-0.050882,-0.186504,-0.204299,-0.092003,-0.136441,-0.029607,-0.226255,0.417603,-0.12417,0.111173,-0.119639,0.23623,0.041752,0.038789,0.333232,0.02654,0.348845,0.060214,-0.103241,-0.099414,0.023592,0.007904,-0.149752,0.081288,0.066764,0.088932,0.185613,-0.028446,0.125857,-0.132823,0.154615,0.108712,0.130573,0.080069,0.131275,-0.153972,-0.054626,0.255107,0.156938,-0.102695,-0.192801,0.044524,0.211707,0.009977,-0.300443,-0.177201,-0.043117,-0.249877,-0.078964,0.099806,-0.204804,-0.128969,0.089149,-0.165604,0.007872,-0.18242,0.15453,0.072918,-0.013719,0.384656,0.245003,0.211352,-0.007925,0.042986,0.187649,-0.157298,0.046551,-0.201562,0.05237,-0.10698,0.20772,0.029231,-0.032403,0.190367,-0.075904,0.097762,-0.043474,-0.005575,0.090191,0.080974,0.095101,0.023994,0.06248,0.105167,-0.048099,-0.007445,0.346673,0.170736,0.079531,0.105545,-0.073204,0.116334,0.152316,0.154875,0.05244,0.19189,0.005061,0.109403,-0.313189,0.010753,0.339628,0.020899,0.182154,0.104988,0.43568,-0.059557,0.007368,-0.187425,0.061327,0.000216,0.13057,0.097668,-0.122163,-0.021679,0.142013,0.014795,0.151574,0.19897,-0.118581,0.189972,0.434697,0.013612,0.149199,0.092542,0.148385,0.162597,-0.132931,0.330931,0.201308,0.062648,-0.017057,0.076559,0.057421,-0.199431,-0.067903,0.124988,-0.14915,0.167208,0.372806,0.301379,-0.00108,-0.068449,0.299012,0.037861,0.083819,0.129176,-0.096916,0.115572,0.150077,0.2001,0.520773,0.195325,0.039817,0.241245,0.035653,-0.283887,-0.059092,0.052224,0.080598,0.21871,-0.179443,-0.118163,-0.147903,0.109986,-0.170227,0.195833,0.089516,0.131109,-0.00665,-0.2301,0.122817,-0.044318,-0.252223,-0.024994,-0.225521,0.215997,-0.039933,0.162253,-0.136956,-0.013918,0.11771,-0.147156,-0.130566,0.301144,-0.232214,0.138797,-0.139462,0.146568,0.194561,0.013265,#
3,-0.088434,-0.198842,0.250303,1.0,-0.033602,-0.285635,-0.315258,-0.405003,-0.121828,-0.324117,0.111995,-0.129613,-0.377151,-0.413395,-0.232636,-0.116617,0.094214,0.091009,-0.093329,0.0982,0.044709,0.030228,-0.292027,0.059091,0.156892,0.314358,0.107405,0.277005,-0.055837,-0.323276,0.212735,0.096222,-0.094352,-0.019009,0.283482,-0.165987,-0.149906,-0.037689,-0.128808,0.046416,0.020406,-0.203321,0.032971,0.187877,-0.034092,0.442704,-0.140474,0.103707,0.071181,-0.176664,-0.058211,0.339796,0.090817,0.087532,-0.209046,-0.099386,0.315904,0.203493,0.12058,0.184113,-0.35999,-0.185894,0.218397,-0.180266,-0.027764,-0.382224,0.076615,0.097623,-0.094059,-0.003448,-0.072848,0.043901,0.169866,0.149392,-0.000197,-0.122325,0.2252,0.180615,-0.003153,-0.092751,0.169895,0.482898,0.274998,0.012812,0.332719,0.103342,0.313907,0.061425,0.101098,-0.04179,0.06452,0.151439,0.345167,-0.16816,0.296518,0.13793,0.398471,0.045072,-0.184691,0.311904,0.043211,0.307557,0.492494,0.19973,0.219149,0.177792,0.193024,0.074149,0.068374,0.157239,-0.122313,-0.219404,0.251169,0.164388,0.258975,0.053882,0.138985,0.091247,-0.133668,0.368007,0.157247,0.403489,0.417909,0.202985,0.242602,0.169359,-0.125833,-0.189004,0.287533,0.304232,0.107936,0.093181,0.306442,0.122844,0.380059,0.264688,-0.051551,0.213963,0.026684,0.471726,0.108432,0.047426,0.246503,0.189085,0.337055,0.198996,0.08243,-0.241299,0.342091,0.177165,0.102204,0.14317,0.119083,0.421383,0.085091,0.27199,-0.344108,-0.220158,0.162303,0.279638,-0.015936,0.141455,0.003582,-0.049536,-0.214193,-0.34659,0.255536,0.21913,0.26611,0.161289,-0.122589,-0.065716,0.313275,0.296169,-0.412685,0.390636,0.042325,0.024274,-0.542278,0.319744,-0.360018,-0.089094,0.170103,-0.040269,-0.260221,0.113156,-0.153104,0.063653,0.464973,-0.340417,0.150656,-0.194189,-0.057477,-0.189097,-0.071362,0.086564,-0.170829,0.149023,0.096355,-0.32327,#
4,0.202429,-0.062724,-0.291711,-0.033602,1.0,-0.017087,-0.147113,0.152024,-0.229114,-0.115543,0.156594,-0.063196,0.106584,-0.035422,-0.032131,-0.09784,0.02601,-0.207531,0.076139,-0.113651,-0.211935,-0.222904,0.108129,0.008775,0.092395,-0.025844,-0.304504,-0.056498,-0.061555,0.013817,-0.118697,-0.283916,-0.14754,-0.160575,-0.158656,-0.054143,-0.124875,-0.136406,0.083016,0.199072,0.036803,-0.343338,-0.240464,0.020468,-0.094241,0.22488,-0.169179,0.096762,-0.046576,0.141831,0.178933,-0.135976,0.024931,0.08292,0.278324,0.031602,-0.025967,0.195306,0.079524,-0.140159,-0.054767,-0.031114,-0.211984,0.084084,-0.043873,0.242176,0.365123,-0.130292,0.162192,-0.134512,-0.131328,-0.139884,-0.059354,0.206128,-0.101718,0.205756,-0.133179,-0.272522,-0.271404,-0.133108,-0.287865,-0.14351,0.065475,0.153779,-0.043148,-0.174695,0.18829,0.056905,-0.103057,-0.263804,0.092955,-0.141128,0.110232,-0.288952,-0.078332,-0.064931,0.023333,-0.135056,0.007345,0.239937,0.130437,-0.103102,-0.035727,-0.190547,-0.075981,0.110891,0.036636,-0.019253,-0.093926,-0.140744,-0.05114,0.022881,0.120197,-0.134829,-0.194131,0.046905,-0.129289,0.239046,-0.109051,0.065714,-0.307624,0.000517,0.373878,-0.059556,0.137777,0.064604,0.064913,-0.008117,0.038756,0.069847,-0.172002,-0.143026,-0.068006,-0.257452,-0.183407,0.12289,-0.032742,-0.146817,-0.151756,0.022056,-0.04569,-0.199178,-0.167526,0.145816,-0.034709,-0.253247,-0.245479,0.041126,-0.03777,-0.269989,-0.10637,0.017847,-0.417392,-0.057348,-0.12117,-0.149874,-0.023051,0.062766,-0.066702,0.086536,-0.262917,-0.279583,-0.218021,0.024586,0.133071,-0.062499,-0.088034,-0.036602,-0.271091,0.030536,-0.042879,-0.059596,0.071391,-0.015788,0.053731,0.07036,0.075233,0.264827,0.065298,0.08212,-0.090114,-0.037404,0.217089,0.091096,0.110004,-0.053857,-0.038178,-0.343694,0.086708,-0.159634,-0.228928,-0.004199,0.261174,-0.146589,0.031715,-0.050064,-0.019001,-0.03648,-0.255753,-0.016484,#
5,0.190025,0.092852,-0.082116,-0.285635,-0.017087,1.0,0.432183,0.147969,-0.009103,0.008687,0.146801,0.245714,0.080816,0.189798,0.160901,0.109931,0.252511,-0.020369,0.068326,-0.030109,0.021009,0.189311,0.30125,0.020878,-0.210932,-0.197639,0.192726,-0.119153,0.068471,-0.042078,-0.139961,0.025076,-0.046367,-0.045098,-0.085625,0.028715,0.110888,0.020144,-0.134055,-0.029908,-0.053086,0.325797,0.017934,0.051373,0.252249,-0.236899,0.040397,0.059142,0.001442,0.066039,0.015621,-0.10174,0.040388,-0.021755,0.139135,0.283322,-0.216946,-0.094758,-0.048029,-0.170426,0.302993,-0.121052,-0.224381,0.209979,-0.036631,0.349256,-0.145834,0.22132,0.123186,-0.081868,-0.094941,0.311387,-0.076107,-0.045768,-0.221436,0.210888,-0.388298,-0.215741,-0.254607,-0.081629,0.086127,-0.418263,-0.257104,-0.052329,-0.220393,-0.14719,-0.037435,-0.236168,-0.236188,-0.447356,-0.226831,-0.323987,-0.36438,-0.098749,-0.186256,-0.314548,-0.280435,-0.365024,-0.077281,-0.164946,-0.019316,-0.121779,-0.216684,-0.340391,-0.167756,-0.32222,-0.114776,-0.054311,-0.181662,-0.180292,0.06417,0.100043,-0.441919,-0.223419,-0.038637,-0.227685,-0.508641,-0.041677,0.258519,-0.308818,-0.208143,-0.345549,0.008557,-0.468883,-0.101224,-0.132911,-0.177459,0.100007,-0.158544,-0.032922,-0.165622,-0.150616,-0.241374,0.01215,-0.36684,-0.060935,0.184289,-0.24696,0.049215,-0.558766,-0.231436,0.036069,-0.285128,-0.0408,-0.120577,-0.186815,0.057188,0.181731,-0.29284,0.037579,-0.127779,-0.059954,-0.076733,0.056438,-0.094218,-0.382104,-0.000791,0.267559,-0.356174,-0.156255,0.119263,-0.20686,-0.037286,0.083618,-0.059467,0.26886,-0.07436,-0.04496,-0.049308,0.006309,0.181772,-0.303898,-0.238814,-0.134438,0.178687,-0.391182,-0.057959,0.099491,0.247624,-0.214982,0.227331,-0.007342,-0.057918,0.255528,0.460263,0.014905,0.055557,0.105291,-0.203294,0.029605,-0.011065,0.015231,0.207944,-0.117112,-0.221191,0.040071,0.284447,-0.202,-0.22375,0.004521,#
6,0.07294,0.301485,0.166799,-0.315258,-0.147113,0.432183,1.0,0.381587,0.294306,0.333758,0.122271,0.059898,0.223002,0.085097,0.111229,0.156915,0.071118,-0.020639,0.223402,-0.221189,-0.242329,0.307626,0.227804,-0.009358,-0.00888,-0.023951,0.256246,-0.047818,0.304125,0.084922,-0.465058,-0.131905,-0.008911,-0.117976,0.103675,0.265721,-0.142702,-0.025462,0.126501,-0.135415,-0.065407,0.219566,-0.014399,-0.214593,0.117554,-0.276836,-0.004309,-0.217861,0.040475,0.293582,-0.056008,-0.090444,-0.056782,-0.043583,0.169909,0.063042,-0.098308,-0.360871,-0.244707,0.068377,0.250794,0.089479,-0.081315,0.256936,0.103791,0.213554,0.031045,0.116473,0.275296,-0.127433,0.217975,0.038421,-0.287249,-0.327734,-0.059336,0.307694,-0.172955,-0.299839,-0.066642,-0.099523,-0.190005,-0.357217,-0.458236,-0.149587,-0.230876,0.04738,-0.171768,-0.108109,-0.078287,-0.299496,-0.201487,-0.280147,-0.339633,-0.102201,-0.049502,-0.242982,0.002674,-0.195388,0.027444,-0.431417,-0.028806,-0.051281,-0.15671,-0.227699,-0.313824,-0.145471,-0.366991,-0.098378,-0.37508,-0.132375,-0.226939,0.186666,-0.298337,-0.362985,-0.102108,-0.271649,-0.087008,-0.049551,-0.060443,-0.168295,-0.083993,-0.223593,-0.165857,-0.519163,-0.181878,-0.250636,0.109758,0.369676,-0.2434,-0.235994,-0.213213,-0.432452,-0.567539,0.105044,-0.149871,-0.075169,0.060441,-0.17284,-0.176681,-0.410971,0.030418,0.024515,-0.29813,-0.157742,-0.191248,-0.251791,-0.176207,0.512928,-0.186995,-0.089545,-0.099444,-0.144304,0.100257,-0.248235,-0.119319,-0.434093,0.005864,0.221943,-0.214824,-0.109759,-0.053354,-0.035396,-0.043788,0.052333,-0.032813,0.119649,-0.013326,0.093084,-0.224241,0.176834,0.335564,-0.09443,-0.219932,-0.08289,0.486882,-0.299699,0.206038,0.057167,0.319959,-0.484205,0.490117,0.247908,0.106173,0.114571,0.370229,-0.182471,-0.019283,0.146252,-0.211042,0.280905,-0.107635,0.170934,0.102996,0.174348,-0.248984,0.130148,0.157918,-0.21332,-0.220123,0.125287,#
7,0.000955,0.14104,-0.043687,-0.405003,0.152024,0.147969,0.381587,1.0,-0.001982,0.279356,-0.126136,-0.080097,0.517598,0.403789,0.178358,0.224582,-0.155754,0.07959,0.170908,0.078425,0.037412,0.175924,0.003737,0.216991,0.096969,0.067007,-0.054775,-0.270411,0.187487,0.187782,-0.161695,-0.148069,0.258246,0.198122,-0.314519,0.111962,0.002195,0.10558,0.157769,-0.231277,-0.085334,0.156905,0.032919,-0.046341,-0.288528,-0.460278,0.176509,-0.244287,-0.023617,-0.101855,-0.156434,-0.025181,0.067052,-0.053346,0.238811,0.145669,-0.29276,-0.219742,-0.206636,0.029722,0.319989,0.062787,-0.198684,0.200012,-0.102739,0.34125,0.171355,0.137269,0.097992,0.005579,0.302027,0.054931,-0.342832,-0.129232,0.071213,0.07823,0.061377,-0.002757,0.195966,0.02078,-0.049127,-0.194534,-0.143524,0.069243,-0.223677,0.020372,-0.048689,0.177573,0.122871,-0.034665,-0.03641,-0.101402,-0.132331,0.221597,-0.168251,0.094743,0.066654,0.129919,0.154122,-0.40458,0.084653,-0.030387,-0.149941,-0.21169,0.032571,0.127301,-0.250708,-0.07509,-0.093278,-0.385167,-0.072531,0.148616,-0.147084,-0.172564,0.111557,0.0677,-0.000124,0.045063,0.011603,-0.146212,-0.139555,-0.473382,-0.103559,-0.11496,-0.128711,-0.043427,0.131554,0.055172,-0.199973,-0.055005,-0.092104,0.086825,-0.207262,0.038852,-0.252312,-0.058435,0.244452,-0.255179,-0.128983,-0.145889,0.161323,-0.01215,-0.085636,-0.002589,-0.174691,-0.153771,0.007068,0.20236,-0.083965,-0.277318,-0.111607,0.029955,-0.130555,-0.150433,-0.124118,-0.282868,0.264529,0.01759,-0.037191,-0.064794,-0.003721,0.159695,-0.232495,0.058396,0.181913,0.016562,0.210956,-0.056503,-0.142954,0.291528,0.068087,-0.121779,-0.143688,-0.018475,0.392886,-0.187228,0.277504,-0.216029,0.257216,-0.201523,0.340861,0.28424,-0.002863,-0.151674,0.203709,0.121635,0.123034,-0.096728,-0.235716,0.343464,-0.069449,-0.138469,0.138527,-0.028667,-0.175076,-0.142167,0.085322,0.013077,-0.053115,-0.025672,#
8,-0.309531,0.033082,0.227466,-0.121828,-0.229114,-0.009103,0.294306,-0.001982,1.0,0.158088,-0.121525,0.047585,0.023583,0.088802,0.098834,-0.199817,-0.050686,0.307257,-0.044964,-0.176465,-0.281114,0.19672,0.166989,0.079538,0.10568,0.252268,0.317438,0.29324,0.02393,0.17814,-0.100747,-0.124976,-0.051083,-0.012316,0.243317,0.217179,0.013133,-0.164101,0.158868,-0.083063,0.137426,-0.091472,0.07711,0.069077,0.253232,-0.178776,-0.133344,-0.072413,0.006646,0.207935,0.032185,-0.112838,-0.154024,0.064367,-0.124319,0.339206,-0.054689,-0.245419,-0.00262,0.161275,-0.098397,0.01861,0.031533,0.090497,0.060971,0.002602,0.130128,-0.012519,-0.005079,0.1656,0.211251,0.074465,0.035583,-0.099573,0.146019,0.042015,-0.089547,-0.164303,0.079732,-0.290661,-0.023103,-0.014702,-0.354518,-0.105572,-0.099928,0.201267,-0.07295,-0.034415,-0.109786,-0.01802,0.111112,0.14793,-0.32047,0.224245,-0.089792,0.019589,-0.008781,0.006361,-0.260315,-0.308592,-0.002624,0.245808,0.042802,0.148962,-0.080465,-0.249226,-0.00892,-0.025011,-0.030819,0.03227,-0.051791,-0.026089,-0.052215,-0.328367,0.050942,-0.11589,0.195649,-0.109756,0.10506,-0.090899,0.111626,-0.13259,-0.118003,-0.071913,0.059843,-0.123679,0.151696,0.090906,-0.166633,-0.273794,0.04391,0.026208,-0.240486,0.005645,0.101828,0.014586,0.028587,0.022723,-0.207188,-0.173548,0.026813,-0.021052,-0.025798,-0.201281,-0.372228,-0.361723,-0.11078,0.216461,0.053925,0.060341,0.064155,-0.070556,0.154453,-0.220878,0.102862,-0.14597,0.150725,0.166638,-0.123019,0.062547,-0.054138,0.155204,0.082049,-0.089273,0.008472,0.039809,-0.108057,-0.030096,-0.137932,0.200252,0.010821,0.084028,-0.014337,0.101106,0.23892,0.120767,-0.108582,0.093117,0.300343,-0.377957,0.283178,0.164083,-0.144645,-0.047303,0.009191,-0.046721,-0.094821,0.160261,-0.209372,-0.000977,-0.150036,-0.032995,0.016885,0.234951,-0.177407,0.325889,0.13101,-0.029525,-0.094494,0.085736,#
9,0.115882,0.291754,-0.074831,-0.324117,-0.115543,0.008687,0.333758,0.279356,0.158088,1.0,-0.315811,0.155704,0.413338,0.566296,0.433945,0.24589,-0.251581,0.196968,0.194537,0.044124,-0.095207,0.326517,0.272631,0.062998,0.09123,-0.114034,0.108844,0.048898,0.213494,0.435194,-0.019994,0.195656,0.253872,-0.242679,-0.160454,0.175303,-0.009644,-0.088665,0.145936,-0.324291,0.05953,0.169192,-0.013386,-0.158298,-0.044141,-0.493061,0.227171,0.0735,-0.156415,0.337776,-0.037124,-0.09666,0.047459,-0.13764,0.23023,-0.00164,-0.173161,-0.362347,-0.123123,-0.003851,0.415481,0.121999,-0.356691,0.02555,0.064002,0.214832,-0.033434,0.235777,-0.160033,-0.024646,0.075823,0.065591,-0.096528,-0.121814,-0.035726,0.156438,-0.039482,-0.28832,0.040706,0.077887,-0.08029,-0.366237,-0.362442,0.028758,-0.193465,0.092689,-0.266113,-0.007844,0.188026,-0.212387,0.007238,-0.118242,-0.171323,0.351723,0.126532,0.072365,-0.232583,0.038156,0.142386,-0.325635,-0.1868,0.055489,-0.241503,-0.122137,-0.044095,-0.120435,-0.508025,-0.094783,-0.232653,-0.275409,0.080302,0.264376,-0.176275,-0.183128,-0.235657,-0.221617,-0.1931,-0.068389,0.405231,-0.369538,-0.005482,-0.317066,-0.139958,-0.265912,-0.393071,0.006095,0.184097,0.10521,-0.109407,-0.31375,-0.081681,0.162193,-0.375495,-0.096728,-0.298205,-0.357599,-0.115329,-0.275861,0.15098,-0.283448,0.026814,-0.192691,-0.310523,-0.386965,-0.340813,0.051494,-0.113465,0.15096,-0.336846,-0.247661,-0.223171,-0.249449,0.039039,-0.405695,0.00915,-0.164904,0.329568,0.33515,-0.192529,-0.128026,0.01001,-0.128367,-0.167803,0.243342,0.366283,0.402106,-0.125002,-0.019581,-0.430853,0.086141,0.017735,0.223621,-0.207125,-0.045886,0.275274,-0.331524,-0.145922,-0.060512,0.551253,-0.388175,0.414134,0.037599,-0.364909,-0.251133,0.276695,-0.111286,0.343361,0.095141,-0.374653,0.147554,0.007354,0.01574,0.128021,0.465187,-0.132357,-0.095745,-0.09054,-0.010587,0.269167,0.299114,#
10,0.10059,-0.162157,-0.050882,0.111995,0.156594,0.146801,0.122271,-0.126136,-0.121525,-0.315811,1.0,-0.194862,-0.159103,-0.419112,-0.102852,-0.030228,0.033905,-0.338936,0.073149,-0.259012,-0.055512,-0.127157,-0.059992,0.180804,0.106874,0.056884,-0.245879,-0.011155,0.087557,-0.307014,0.186568,-0.084151,-0.381481,-0.323183,0.296156,-0.157151,0.166104,0.085151,0.055949,0.220417,-0.069049,-0.199267,-0.099768,-0.016856,0.175275,0.298906,-0.394339,0.050167,0.075678,-0.035692,0.005563,0.135972,0.040729,0.2176,0.115235,0.00092,-0.173708,0.260232,-0.074413,-0.053682,-0.217535,-0.099582,0.01131,0.099863,0.13711,-0.116386,0.127073,-0.162801,0.314946,-0.019261,0.12989,-0.079186,-0.014709,-0.004757,-0.169972,0.080237,-0.167364,0.062577,-0.167585,-0.213628,0.024694,0.152075,-0.019619,0.07553,-0.006163,-0.054617,0.313837,-0.029296,-0.079476,-0.099895,-0.135135,-0.091032,0.099701,-0.230126,-0.08667,-0.124274,-0.228512,-0.326362,0.01127,0.015679,0.058823,-0.205601,0.040434,-0.266342,-0.002423,-0.097835,-0.099694,0.213724,-0.022679,0.343465,-0.153734,-0.024021,-0.224267,-0.154998,-0.024769,-0.021539,-0.067939,-0.116351,-0.219228,0.272931,-0.301054,0.153276,0.122113,-0.146798,-0.099463,-0.023969,0.006038,0.2252,-0.074234,-0.023712,-0.066255,-0.224553,-0.096489,0.109848,-0.000797,0.198907,-0.208991,0.090529,-0.139049,0.063558,-0.077388,0.385019,-0.115494,0.04432,0.284133,-0.026441,-0.195572,0.179182,0.128265,0.140901,0.058352,0.213232,-0.093341,0.029581,-0.092012,-0.161477,-0.437459,-0.189102,-0.044122,0.140841,-0.154463,-0.02715,0.046897,0.065244,-0.101073,-0.128997,0.070632,0.018851,0.071892,0.032585,0.254654,-0.011714,0.230009,-0.007104,-0.068006,-0.096003,0.16142,0.137802,-0.295272,0.207522,-0.053068,0.084066,0.216651,0.3564,0.089873,-0.049265,-0.169018,-0.149617,0.29715,0.082508,-0.174114,0.256307,0.276436,-0.380224,0.044758,0.112117,0.134025,-0.032511,-0.237158,-0.184247,#
11,0.084038,-0.127693,-0.186504,-0.129613,-0.063196,0.245714,0.059898,-0.080097,0.047585,0.155704,-0.194862,1.0,0.127982,0.150894,-0.075058,-0.021607,0.113069,0.010226,-0.059027,-0.163711,0.199211,-0.150927,-0.068945,-0.035988,0.114525,-0.007607,0.025009,0.035862,-0.059233,0.064404,-0.041251,-0.123533,-0.128646,-0.12061,-0.146653,0.132538,-0.125302,0.010381,-0.009615,-0.067634,0.028808,0.056709,-0.119343,-0.347675,-0.039835,0.010461,-0.099467,0.048525,-0.201827,0.217574,-0.0572,-0.156353,-0.04707,0.167475,-0.131943,0.058404,-0.185657,0.011936,0.00378,0.161754,0.005773,-0.070047,0.038134,-0.124323,0.101361,0.148173,-0.048112,-0.040354,-0.065264,-0.232772,-0.088907,-0.02919,0.030178,0.165728,-0.075963,0.034385,-0.237364,-0.019967,-0.227997,0.046845,-0.200629,-0.073943,-0.07866,-0.17606,0.008304,-0.343864,-0.143782,0.072982,-0.088892,0.073487,-0.040015,-0.145028,-0.146207,-0.007303,0.013468,-0.117333,-0.180036,0.015988,-0.163017,-0.049064,0.203754,0.065279,-0.365146,0.000181,-0.055956,0.089303,-0.087347,0.231365,0.149023,0.039072,-0.087346,0.069286,-0.192853,-0.226344,-0.033461,0.006039,-0.060192,0.220036,0.231097,-0.03907,0.110745,-0.167676,0.057947,0.00897,0.061422,-0.098185,-0.082516,-0.019022,0.14382,-0.108782,-0.194648,0.116537,-0.236185,0.138909,-0.060276,-0.05875,0.138258,-0.165006,-0.047629,-0.072153,-0.131077,0.053179,-0.113484,-0.009208,-0.107704,0.047725,0.032482,-0.071673,-0.275464,-0.025934,-0.137523,0.150376,-0.080669,0.199888,0.043971,0.038594,-0.009974,0.374109,-0.213426,-0.308667,-0.12907,-0.353729,0.190922,-0.127206,0.061262,0.134695,-0.186082,0.031882,0.167019,0.111764,-0.056323,0.307704,0.060467,-0.243369,-0.05591,-0.17411,-0.189281,0.164262,0.053196,0.064796,-0.039884,-0.139668,-0.121515,-0.100994,0.270896,0.096942,0.036476,0.263476,0.09016,0.013396,-0.001692,0.158872,0.035224,0.174058,-0.163094,-0.152192,0.23092,-0.303365,0.026602,0.063089,#
12,0.323919,0.187081,-0.204299,-0.377151,0.106584,0.080816,0.223002,0.517598,0.023583,0.413338,-0.159103,0.127982,1.0,0.435861,0.172158,0.001898,-0.080598,0.059348,0.05577,-0.015141,-0.112914,0.214222,0.250578,-0.025454,-0.220748,-0.288889,-0.124689,-0.208912,0.064125,0.13955,0.092692,-0.026349,0.221735,-0.028856,-0.368631,0.284124,0.113272,-0.059959,-0.077168,-0.259515,-0.011352,0.162529,0.170031,-0.08755,-0.282265,-0.380518,0.088439,-0.070655,0.018869,0.046653,-0.199617,0.016578,0.063288,0.01922,0.263445,0.237127,-0.261233,-0.202725,0.115738,0.04695,0.489916,0.223342,-0.189382,0.082326,-0.049028,0.318418,-0.051961,0.169143,0.202683,-0.078894,0.289674,-0.065478,-0.506578,-0.304013,-0.155918,0.341994,0.092399,-0.025631,0.076486,-0.187942,-0.107365,-0.249879,-0.178165,-0.197244,-0.172718,-0.018258,-0.018783,0.193769,-0.111699,-0.171534,-0.049572,-0.242715,-0.341121,0.268115,-0.164001,-0.049673,-0.090486,-0.031175,0.057147,-0.363221,0.011923,-0.088652,-0.057139,0.020114,-0.057722,-0.167121,-0.310603,-0.218182,-0.10833,-0.336982,-0.011815,0.228201,-0.21113,-0.218081,-0.080962,-0.158256,-0.035867,-0.214855,0.016784,-0.28843,0.009066,-0.431806,-0.19006,-0.349755,-0.160946,-0.029452,0.186901,0.330007,-0.056445,0.037515,-0.307282,0.139242,-0.261825,-0.008306,-0.211863,-0.128865,-0.009619,-0.500886,-0.169511,-0.195351,0.022478,-0.044885,-0.219526,-0.128455,-0.031944,0.120717,-0.266569,0.225461,-0.139711,-0.522482,-0.090452,-0.232588,-0.073964,-0.286385,0.084491,-0.216808,0.243397,0.261216,-0.130383,-0.410846,0.048102,-0.164253,-0.133644,0.062169,0.328894,0.273189,-0.103409,-0.036662,-0.277648,0.1654,-0.041746,0.175859,-0.299676,0.105631,0.346208,-0.292482,-0.023238,-0.003371,0.376961,-0.308634,0.182378,0.167847,-0.026101,-0.019925,0.14698,-0.165681,0.298058,-0.162375,-0.310868,0.337239,-0.066837,0.031224,0.291995,0.122113,0.02203,-0.111985,0.013612,-0.051424,0.037987,0.221848,#
13,0.242331,0.273604,-0.092003,-0.413395,-0.035422,0.189798,0.085097,0.403789,0.088802,0.566296,-0.419112,0.150894,0.435861,1.0,0.359312,0.146351,-0.275787,0.221284,0.248227,0.075698,0.107691,0.339273,0.412739,0.218975,-0.05376,-0.143645,0.134531,-0.033467,0.123097,0.457127,0.055551,0.198482,0.378511,-0.07376,-0.263556,0.169639,0.205517,-0.291955,0.132471,-0.277166,0.021706,0.372405,0.118459,0.078852,-0.098962,-0.546727,0.300487,-0.125191,-0.054547,0.081878,-0.066081,-0.121082,0.086968,-0.123085,0.071383,0.154679,-0.209129,-0.260397,-0.091462,0.060671,0.415089,0.159405,-0.364156,0.13145,-0.071968,0.344349,-0.102545,0.296093,-0.211424,-0.034177,-0.140768,0.271876,-0.261427,-0.048431,-0.19813,0.074356,-0.128586,-0.324585,-0.100223,0.016924,0.039429,-0.409673,-0.254755,0.083311,-0.249773,0.030005,-0.213954,-0.003743,0.040481,-0.219769,0.150653,-0.235657,-0.348921,0.206183,-0.033729,-0.017143,-0.294702,-0.005433,0.02335,-0.300147,0.00142,-0.10125,-0.161309,-0.241031,-0.033688,-0.11872,-0.121475,-0.172048,-0.111878,-0.363838,0.210168,0.303908,-0.185999,-0.036228,0.051994,-0.034564,-0.347176,-0.177551,0.370271,-0.418403,-0.160172,-0.442773,-0.099588,-0.283775,-0.337447,-0.028471,0.176363,-0.055977,-0.208812,-0.155102,-0.067123,0.12995,-0.283627,-0.307333,-0.537709,-0.329776,0.243228,-0.19731,0.075591,-0.390076,-0.029721,-0.186413,-0.241652,-0.362592,-0.469597,-0.094637,0.017307,0.08306,-0.422231,-0.312581,-0.223722,-0.195748,-0.065416,-0.239796,0.050265,-0.099449,0.504228,0.225291,-0.13463,-0.188606,0.110115,-0.014564,-0.134059,0.022503,0.197999,0.273369,-0.133974,-0.065811,-0.241177,0.027802,-0.177309,0.082158,-0.359767,-0.148572,0.17978,-0.263537,-0.052572,-0.098683,0.584901,-0.392008,0.32571,-0.035874,-0.336534,-0.149643,0.26955,0.104236,0.23612,-0.195533,-0.330784,0.230706,-0.021261,-0.035349,0.051154,0.230865,-0.227216,-0.203742,0.091845,-0.214829,0.224135,0.20266,#
14,0.040049,0.409714,-0.136441,-0.232636,-0.032131,0.160901,0.111229,0.178358,0.098834,0.433945,-0.102852,-0.075058,0.172158,0.359312,1.0,0.053447,-0.132673,0.198474,0.480859,-0.005654,-0.018361,0.175768,0.216404,0.067072,-0.071794,-0.101045,-0.091144,0.138579,0.098117,0.148099,-0.130393,0.0251,-0.045312,0.048155,-0.052014,0.03184,0.026499,-0.12666,0.080688,-0.124889,-0.004539,0.315473,0.025812,0.157284,0.261404,-0.178095,0.206415,0.101264,0.263264,-0.068853,0.117482,-0.090695,-0.037028,-0.180912,0.210059,0.029042,-0.033528,-0.321431,-0.265585,-0.199647,0.236581,-0.078754,-0.29621,0.272427,0.147532,0.029103,-0.104726,0.082104,0.063436,-0.038318,0.133506,0.10212,0.213368,-0.270539,-0.120576,0.017516,-0.015297,-0.160672,-0.045191,-0.043037,0.02758,-0.433742,-0.252632,0.037944,-0.230089,0.171766,-0.117915,-0.04149,-0.156123,-0.164824,0.042823,-0.105259,-0.071443,0.227507,-0.171202,-0.089289,-0.267483,-0.099675,-0.06215,-0.127282,0.017864,-0.105158,-0.204786,-0.237141,-0.255282,-0.24027,-0.303705,-0.160584,-0.335395,-0.132658,0.174775,0.236955,-0.215907,-0.129944,-0.223153,-0.092364,-0.19379,-0.049962,0.274852,-0.272157,-0.124083,-0.285145,-0.294372,-0.154816,-0.327788,-0.295137,-0.030579,0.212689,-0.432045,-0.131118,0.067816,0.132707,-0.340748,-0.089184,-0.244788,-0.258742,0.186978,-4.3e-05,-0.054542,-0.360549,-0.154741,-0.236638,-0.215882,-0.150159,-0.309537,-0.04899,-0.159643,0.123607,-0.304391,-0.125436,-0.396839,-0.369723,0.014817,-0.3782,-0.10208,-0.320258,0.164233,0.156734,-0.300288,-0.082511,0.02948,-0.019948,0.122573,0.147437,-0.075144,0.292941,-0.04826,0.057771,-0.247358,-0.061218,0.119858,0.069944,-0.19821,0.008336,0.293488,-0.145829,-0.215913,0.099241,0.33172,-0.221933,0.383228,0.037492,-0.073891,0.058764,0.238739,-0.079632,0.170884,-0.116621,-0.094164,0.12336,-0.0912,0.035785,0.288802,0.151034,0.107181,0.026969,0.140781,-0.105683,0.095255,0.09967,#
15,0.067418,-0.005951,-0.029607,-0.116617,-0.09784,0.109931,0.156915,0.224582,-0.199817,0.24589,-0.030228,-0.021607,0.001898,0.146351,0.053447,1.0,-0.066928,0.140689,0.008435,0.130033,0.028815,-0.123148,0.232093,-0.023466,0.025077,0.11854,-0.040772,-0.139317,0.22345,0.149666,0.091346,-0.116775,0.077751,-0.107387,-0.08533,-0.105782,0.076987,0.073904,0.189883,-0.01262,-0.044171,-0.001096,-0.181444,-0.055743,0.053526,-0.061189,0.079268,0.028183,-0.175442,0.136724,0.186166,0.105346,0.014285,-0.03718,0.238223,-0.125381,-0.051239,-0.197082,-0.248311,0.004915,0.087254,0.073623,-0.167546,0.069684,0.130251,0.128563,-0.191782,0.232506,-0.232583,0.057482,-0.03047,0.049355,-0.128409,-0.001729,-0.0845,0.131015,0.008115,-0.126224,-0.045295,0.203076,0.05506,-0.136016,0.01475,0.37835,0.013604,-0.245076,-0.167741,-0.137619,0.089476,-0.002917,0.073665,0.040963,-0.010528,0.21869,0.098794,0.025526,-0.06957,-0.283457,0.102389,0.077243,-0.170375,-0.176522,-0.347186,0.010907,-0.007004,-0.008717,-0.218326,0.2361,-0.028234,0.028751,-0.174935,0.086277,-0.031395,-0.157578,0.163195,0.055475,-0.010541,-0.165653,0.101258,-0.203767,-0.164253,0.05251,-0.020889,-0.207149,-0.221454,0.076758,-0.097414,0.034608,-0.265697,-0.290574,-0.087602,0.078431,-0.151644,-0.058769,-0.213289,-0.166285,-0.019557,-0.022081,-0.107177,-0.274591,0.154071,0.233685,-0.032446,0.03808,0.010161,0.010006,0.25538,0.196357,-0.089608,-0.286593,-0.008824,-0.015986,-0.000408,0.037475,0.076035,-0.056492,0.016472,0.244896,-0.144437,0.008936,0.18663,-0.095081,-0.057211,-0.099165,-0.126032,-0.046128,-0.142086,-0.050787,0.008995,-0.111664,0.119517,-0.120268,0.009781,-0.265571,-0.120818,-0.126417,-0.049265,-0.002819,0.075239,-0.159233,0.24638,-0.21569,-0.191787,0.035168,0.250291,-0.114916,0.224887,0.015643,-0.206896,-0.054406,0.087882,-0.041713,0.002185,0.114893,-0.144063,-0.265942,-0.006048,-0.19535,0.121738,0.093332,#
16,-0.081546,-0.018108,-0.226255,0.094214,0.02601,0.252511,0.071118,-0.155754,-0.050686,-0.251581,0.033905,0.113069,-0.080598,-0.275787,-0.132673,-0.066928,1.0,-0.148697,0.061997,-0.028529,0.012285,-0.25707,-0.021923,-0.361545,-0.314108,-0.296334,-0.250881,-0.102364,-0.06281,-0.216913,-0.175433,0.022295,0.153571,0.20642,0.078284,0.109168,-0.008189,-0.181991,-0.30936,0.23421,0.051081,-0.032135,0.029758,0.198708,0.043958,0.140034,-0.21755,0.016137,0.179434,0.212787,0.012895,0.089062,0.17283,-0.075737,0.002299,0.054537,0.235218,-0.014322,0.178767,-0.058986,-0.116979,0.248106,0.339263,-0.231226,-0.070044,-0.009044,-0.173644,-0.036907,0.028689,-0.173799,-0.201348,-0.092179,0.004108,-0.146747,-0.100506,0.044785,-0.140199,-0.052364,0.01033,0.091663,0.04669,0.121954,0.010376,-0.352086,-0.023133,-0.110084,-0.061296,0.013638,-0.119056,-0.25449,-0.128279,0.136201,-0.068633,-0.197485,-0.058357,-0.192584,-0.100945,-0.197576,-0.208568,0.149776,0.060673,0.056175,0.025255,0.005186,0.042281,0.056995,0.108534,-0.16993,0.021447,-0.006892,-0.213529,-0.042154,-0.002571,0.040588,-0.069981,-0.132623,0.052061,0.075268,-0.23336,-0.076321,-0.035254,-0.082234,0.033908,-0.170451,0.111081,-0.232401,-0.332771,-0.161088,0.031248,-0.032637,-0.195503,-0.188096,-0.060161,0.247004,0.108272,-0.010948,0.107478,-0.237688,-0.021429,0.005656,-0.198247,0.122565,-0.149537,0.327225,0.143203,-0.083861,-0.086453,0.035864,-0.033337,0.033045,0.001436,0.097514,0.028624,0.052335,-0.19808,-0.204449,-0.252708,0.187053,-0.158837,0.190448,-0.123692,-0.03452,0.1527,-0.088367,-0.160866,0.160505,0.133928,-0.082499,0.109285,-0.146443,-0.158917,0.092356,-0.060682,-0.133866,0.071673,-0.125671,-0.089313,0.128477,-0.12149,0.016424,-0.347806,0.054084,0.388309,0.188489,-0.043044,-0.105356,-0.007357,0.214858,0.13105,-0.301091,-0.109509,0.235262,0.023772,-0.220745,0.069739,0.126687,0.117688,-0.069561,-0.360962,-0.078034,#
17,-0.335494,0.230485,0.417603,0.091009,-0.207531,-0.020369,-0.020639,0.07959,0.307257,0.196968,-0.338936,0.010226,0.059348,0.221284,0.198474,0.140689,-0.148697,1.0,-0.041571,0.359367,-0.155995,0.217158,0.107032,0.125213,0.07891,0.19804,0.134083,0.125285,-0.066614,0.062207,0.166973,0.064224,0.02932,0.040175,-0.142969,0.007481,0.113356,-0.093857,0.031859,-0.234876,0.033017,0.138482,0.199965,0.157375,0.008322,-0.281829,0.064381,0.209959,0.179006,0.010471,-0.043467,-0.046981,0.029834,-0.000357,-0.132406,-0.048623,-0.06867,-0.321472,-0.051135,-0.147148,-0.031576,-0.130537,-0.157793,0.026055,-0.023272,0.148485,0.070354,0.192505,-0.024398,0.405209,0.187809,0.275547,-0.116966,-0.081185,0.089847,-0.05206,0.297302,-0.196283,0.15457,-0.080142,0.283976,0.032057,-0.123839,0.246438,-0.037864,0.148311,0.119858,0.019132,0.037069,0.122437,0.168148,0.123312,-0.094113,0.516079,-0.030434,0.145605,0.293012,0.01941,0.05344,0.02589,-0.199392,0.148749,0.0953,0.387132,-0.034155,0.133302,-0.092526,-0.152363,-0.127617,-0.073637,0.196512,0.179936,0.178435,0.05836,0.187395,0.101596,0.187226,-0.170855,0.421941,-0.437312,0.166222,-0.219463,-0.174319,-0.030942,0.042556,0.107416,0.034393,0.072835,0.058933,0.135784,0.178379,0.24316,0.050787,-0.230862,0.060528,-0.007058,0.001023,0.009093,0.001324,-0.032396,0.009042,-0.163917,-0.217434,-0.314759,-0.233097,0.053419,0.082042,0.047506,0.183714,0.032988,-0.162371,-0.146729,0.311574,0.000731,-0.01474,-0.065868,0.095269,0.371602,-0.00089,0.053525,0.188981,0.188077,-0.113361,0.119468,0.161937,0.235846,0.1343,-0.145803,-0.058569,0.238959,-0.1887,-0.15716,-0.116841,-0.021669,0.035757,0.150511,0.020311,-0.103428,0.340468,-0.275113,0.17632,-0.145208,-0.368694,-0.246514,-0.060953,-0.087739,0.182238,0.177611,-0.263076,-0.280187,0.239971,-0.301541,-0.134433,0.229859,-0.219602,-0.182872,-0.074823,0.076487,0.353174,0.166682,#
18,0.085209,0.289633,-0.12417,-0.093329,0.076139,0.068326,0.223402,0.170908,-0.044964,0.194537,0.073149,-0.059027,0.05577,0.248227,0.480859,0.008435,0.061997,-0.041571,1.0,-0.158059,0.175517,0.011054,0.051285,-0.006277,0.013484,0.012935,-0.014241,0.172072,-0.070707,0.212051,-0.177609,0.11319,0.066184,0.094178,0.041633,-0.026252,0.021815,-0.17194,-0.063928,-0.090336,0.168138,0.374143,0.08147,0.279586,0.1809,-0.082449,0.049347,-0.252244,0.159649,0.027156,-0.0659,0.071848,0.17134,-0.038063,0.28224,0.021631,-0.103055,-0.203117,-0.198364,-0.126382,0.081403,-0.109534,-0.123572,0.420633,0.063718,0.089454,-0.062087,-0.009174,0.009166,-0.260931,-0.029467,-0.014497,-0.124684,-0.140739,-0.022868,0.111283,-0.08613,-0.086516,0.179968,-0.122274,0.048873,-0.256977,-0.28806,-0.035402,-0.249423,-0.09044,-0.129604,0.159553,-0.073952,-0.2043,-0.197297,-0.243518,0.01443,-0.170625,-0.150174,-0.137374,-0.134238,-0.275268,0.088209,-0.145367,0.093561,0.093053,0.068406,-0.445633,-0.148898,0.091981,-0.101319,-0.099476,-0.049278,-0.062681,-0.094386,0.274251,-0.241692,-0.071976,-0.1079,0.038905,-0.160231,-0.050701,-0.094325,-0.050982,-0.281436,-0.180283,-0.244774,-0.22829,-0.174935,-0.285888,0.065884,0.166265,-0.2976,-0.131469,-0.047342,-0.160276,-0.240565,0.123559,-0.208969,-0.171964,0.094767,0.006229,-0.068053,-0.215211,-0.261404,-0.024649,-0.171508,-0.113843,-0.160615,-0.199313,-0.243812,0.202215,-0.354012,-0.294789,-0.360786,-0.153889,-0.142318,-0.290432,-0.068754,-0.269616,0.122456,0.088972,-0.238947,-0.144285,-0.126493,0.054322,0.033807,-0.031197,0.030084,-0.0041,0.045461,0.167497,-0.120476,-0.080429,0.187046,0.29133,-0.069738,-0.03801,0.323635,-0.108301,0.083948,0.080045,0.176067,-0.172696,0.080131,0.223853,0.256561,0.240931,0.37854,-0.059759,0.181378,-0.142388,0.070834,0.216749,-0.176235,0.10148,0.340584,-0.056379,-0.161426,-0.041316,0.4726,-0.174923,-0.342552,0.078957,#
19,-0.188123,0.095665,0.111173,0.0982,-0.113651,-0.030109,-0.221189,0.078425,-0.176465,0.044124,-0.259012,-0.163711,-0.015141,0.075698,-0.005654,0.130033,-0.028529,0.359367,-0.158059,1.0,0.305934,0.0604,-0.015208,0.025667,-0.131045,-0.11794,-0.026655,-0.173527,-0.006748,-0.070585,0.298735,0.309602,0.238697,0.237127,-0.109521,-0.397889,0.158498,0.078125,-0.313992,-0.169757,0.112858,0.123373,-0.098053,0.018688,-0.124118,-0.271097,0.346876,0.165577,0.237322,-0.180836,-0.172681,-0.084104,0.395057,-0.132036,-0.210023,0.004821,0.072316,-0.260719,0.127688,-0.222073,-0.010825,-0.080305,-0.094187,-0.167796,0.034329,-0.001139,-0.102548,0.011017,-0.1121,0.194151,0.069115,0.121399,0.063858,-0.040533,0.097652,-0.363066,0.313232,0.182403,0.474085,0.236732,0.314973,0.158584,0.248497,0.156077,0.199971,0.251976,0.233092,-0.170396,0.280998,0.078219,0.202925,0.234871,0.110279,0.242644,0.137875,0.325997,0.250395,0.23647,0.182096,0.238931,-0.48579,0.073873,0.132675,0.338844,0.299288,0.362101,-0.035297,-0.302094,0.152505,-0.211771,0.357581,-0.18347,0.086312,0.38462,0.15446,0.114314,0.088023,0.024671,0.153551,-0.279849,0.293051,-0.017199,-0.127459,0.089174,-0.027979,0.318666,0.019136,-0.041834,0.190949,0.334293,0.40988,0.231377,0.354675,-0.122866,0.288456,0.10402,0.1814,0.065225,0.12208,0.1372,0.187607,0.106397,0.058069,-0.232118,0.077181,0.307721,0.387283,-0.420691,0.322991,0.07851,0.078452,0.128916,0.428063,0.295841,-0.081602,0.223727,0.383431,-0.069395,0.032197,0.123404,0.111398,0.234467,-0.057581,0.054603,-0.069117,0.057974,0.41499,-0.132364,0.031794,0.184218,-0.524953,-0.182036,0.059583,0.074366,-0.349907,0.144984,0.163502,-0.455102,-0.041141,0.071375,0.032958,-0.222289,-0.248282,-0.258354,-0.436526,-0.011165,0.264594,0.192665,-0.090366,-0.297818,0.186787,-0.371827,-0.403963,-0.166452,-0.059676,-0.281928,-0.357037,0.286813,0.342653,0.027078,#
20,0.246895,-0.041056,-0.119639,0.044709,-0.211935,0.021009,-0.242329,0.037412,-0.281114,-0.095207,-0.055512,0.199211,-0.112914,0.107691,-0.018361,0.028815,0.012285,-0.155995,0.175517,0.305934,1.0,-0.097123,-0.389837,-0.083463,-0.009337,-0.035506,-0.103779,-0.108766,-0.045096,0.008368,0.292505,0.296888,0.165999,0.314248,-0.187494,-0.334663,-0.018706,0.100381,-0.141502,-0.047982,0.380062,0.161716,-0.084032,0.056557,-0.06288,-0.151942,0.030653,-0.152091,0.030747,-0.288386,-0.12527,-0.083671,0.36357,-0.022523,-0.043964,0.102919,-0.152497,-0.044105,-0.162481,0.108743,0.04101,0.04812,0.10164,-0.074711,0.008517,-0.06095,-0.299318,-0.049511,-0.269969,-0.191893,-0.121348,0.100792,0.06848,0.249369,-0.089906,-0.419212,0.024216,0.365964,0.218034,0.414955,0.216969,0.165435,0.37836,-0.123778,0.06942,-0.119737,0.091094,0.096543,0.380411,0.129816,-0.076173,0.012071,0.246782,-0.1037,0.298409,0.198578,-0.147729,0.267702,0.146626,0.122264,0.048355,0.212606,-0.086102,-0.022445,0.207616,0.142634,0.15387,0.127881,0.264977,0.051113,0.036982,0.005006,-0.254691,0.351808,0.262555,0.397955,-0.012084,0.159662,0.118633,0.150159,0.100408,0.053844,-0.156395,0.266587,-0.177662,0.015794,-0.12515,-0.306445,-0.099809,0.296103,0.179481,0.094817,0.269104,0.161733,-0.049891,0.183393,0.184359,0.051685,0.164745,0.149613,-0.018247,0.088293,0.302116,0.067224,0.060926,-0.04403,0.290158,-0.477025,-0.01399,0.213418,0.081842,0.148543,0.132347,0.254003,0.050468,0.231513,0.264912,-0.221683,0.01025,-0.009713,-0.057262,0.041087,0.110355,-0.210094,-0.235506,-0.247599,0.286557,0.081524,0.311909,-0.093336,-0.221362,0.107962,0.206165,-0.02871,-0.308069,0.170319,0.023295,-0.405161,-0.199148,0.361924,-0.231221,0.145207,-0.088694,-0.054595,-0.140754,0.374481,0.147575,-0.003584,0.185128,0.039858,-0.185291,-0.250294,-0.219492,-0.340403,-0.162632,-0.11575,0.078,-0.007739,0.066101,-0.119749,#
