0,1.0,0.211658,-0.250993,-0.042389,0.365803,0.245465,-0.068939,-0.158608,0.202817,0.249501,0.16024,0.023617,0.24825,0.32528,0.218597,0.14127,0.064749,-0.13454,-0.063762,-0.253682,0.128739,-0.075562,0.092138,-0.164318,0.052257,-0.361365,-0.021288,-0.283024,0.152517,0.240659,-0.462642,0.291102,-0.079109,-0.240093,-0.148069,0.160967,-0.056945,-0.272639,-0.035955,-0.028599,0.158932,0.046033,-0.318079,-0.081794,0.111166,-0.19408,0.051523,-0.092467,-0.05702,-0.11039,-0.033504,-0.054985,-0.025334,-0.050027,0.142757,0.186006,-0.455827,0.135959,-0.261654,0.052459,0.144571,0.177015,0.114478,-0.548239,-0.034184,0.098123,-0.014949,0.245246,0.192435,0.000122,-0.126607,0.177104,0.059914,-0.059532,-0.031644,0.123967,-0.174159,-0.17766,-0.096196,0.017723,-0.123835,-0.27495,-0.011749,-0.234708,-0.239943,-0.088812,-0.202795,-0.063621,-0.010096,-0.26525,-0.045116,-0.496649,-0.139584,0.077453,-0.234703,-0.060457,-0.035648,-0.043628,-0.261498,-0.192852,-0.071562,-0.211285,-0.166919,0.046765,-0.281954,-0.169527,-0.068133,-0.161023,-0.028556,-0.120037,0.163759,-0.157456,-0.108891,-0.211866,-0.343289,-0.211073,0.15997,-0.038841,0.095344,-0.174786,-0.353474,-0.233831,-0.234751,0.047537,0.097448,-0.034519,-0.291504,0.170327,-0.145281,-0.323829,-0.205791,-0.127631,-0.500217,-0.178382,-0.012157,-0.197299,-0.127214,-0.388507,-0.079497,-0.387311,-0.196858,-0.225033,-0.328553,-0.302526,-0.114974,-0.263417,-0.124938,0.302792,-0.106903,-0.070815,-0.31573,0.002446,0.006571,-0.189193,-0.049736,-0.054104,-0.082029,0.188807,-0.250371,-0.330621,-0.310526,-0.172063,-0.003835,0.066763,-0.110517,0.306476,-0.215685,0.345207,-0.274007,-0.293812,-0.038741,0.121397,-0.133002,0.043058,0.328296,-0.104433,-0.12559,0.002065,0.231263,-0.144397,0.159055,0.18793,-0.019733,0.285291,0.293832,-0.146473,0.081205,-0.128158,-0.029785,0.273249,-0.188433,0.13508,0.308079,0.167396,0.032685,-0.201782,0.038464,-0.077547,-0.075007,-0.018887,#
1,0.211658,1.0,-0.090257,-0.314021,0.204585,0.181313,0.121272,-0.367285,0.125184,0.255896,0.123715,-0.01516,0.062984,0.231349,0.230811,-0.089918,-0.294342,0.255895,0.112599,-0.146739,0.209385,0.121085,0.353115,0.015103,0.036637,-0.360014,0.362842,-0.097393,0.193743,0.243574,-0.287611,-0.173976,0.094131,-0.341614,-0.079528,-0.022905,0.214214,-0.366398,-0.114309,0.138914,0.163748,0.360071,-0.124353,-0.042602,0.112735,-0.139469,0.065545,0.37756,-0.137276,-0.049465,-0.182721,-0.579917,0.092527,-0.351158,0.171551,-0.021143,-0.147341,0.367874,0.106815,0.350039,0.185975,0.327951,0.10628,0.018711,0.177482,0.340571,-0.181704,0.26495,0.301406,-0.009377,-0.166964,-0.099114,0.201202,-0.249427,-0.314754,0.148567,-0.369224,-0.180574,-0.288912,-0.080618,-0.218058,-0.566483,-0.367734,-0.228648,-0.050686,-0.165173,0.084156,-0.487694,-0.034502,-0.180921,-0.246188,-0.247588,-0.345055,0.179586,-0.048708,-0.146553,-0.038522,-0.112632,-0.073039,-0.300414,0.301687,-0.312378,-0.162993,-0.073919,0.009467,-0.259325,-0.283309,-0.435535,0.046646,-0.196515,0.197873,-0.157434,-0.377852,-0.224024,-0.156744,-0.301214,-0.276297,-0.009123,-0.090626,-0.445236,-0.190172,-0.327548,-0.339063,-0.29729,0.059507,-0.221245,0.288174,0.268705,-0.228294,-0.4133,-0.085618,-0.251373,-0.180864,-0.290424,-0.19665,-0.388127,-0.127197,-0.078276,0.008177,-0.707719,-0.284816,0.007067,-0.413034,-0.181997,-0.079214,-0.277397,-0.238469,0.402402,-0.112624,-0.1822,-0.324585,-0.387973,-0.207525,-0.284816,-0.144785,-0.149267,0.076011,0.472874,-0.05812,-0.256408,-0.110772,-0.248676,-0.183777,0.07957,-0.042047,0.319672,-0.219611,-0.132614,-0.363177,-0.271857,0.063469,0.193997,-0.31834,-0.1445,-0.024376,-0.433879,-0.25135,0.187781,0.499547,-0.122692,0.608646,-0.075644,-0.153321,0.2858,0.302879,-0.339911,0.174111,0.035431,-0.066239,0.47442,-0.289706,0.309417,0.30657,0.260694,-0.070883,-0.210028,-0.048282,-0.360003,-0.210433,-0.112619,#
2,-0.250993,-0.090257,1.0,0.10447,0.022227,-0.001088,0.140756,0.294085,0.095261,-0.108804,0.054607,0.208729,-0.271499,-0.023353,-0.219262,-0.156786,0.081811,0.155309,-0.076418,0.1581,-0.017717,0.017544,0.099615,-0.00248,0.405369,0.215178,-0.145833,0.040531,0.076762,-0.078816,0.039597,0.110152,-0.094773,0.082562,-0.059816,0.093785,0.060253,-0.084015,0.114972,-0.153202,0.067095,-0.031569,0.046027,-0.161221,0.090153,-0.088343,-0.148647,-0.071998,-0.054871,0.142733,0.073738,0.182326,-0.014159,0.138861,-0.026611,-0.111512,-0.030646,0.027766,-0.12528,0.007889,0.094712,-0.14782,-0.122097,0.173255,0.00588,0.116669,-0.014692,0.080491,0.043346,0.207699,0.105599,0.017946,0.018706,0.012134,0.120989,0.040698,0.031367,0.043697,-0.198476,-0.11904,0.284299,0.004689,0.084216,0.284447,0.047078,0.101278,0.047322,0.039461,0.055016,-0.108204,0.203704,0.12155,-0.022518,-0.082262,-0.106975,-0.055971,0.398997,0.124624,0.373348,0.079607,0.038726,0.148078,0.021305,0.106004,-0.081556,0.1145,0.191734,0.215808,0.047278,0.034509,0.08095,-0.069749,0.008292,0.19314,0.162785,0.169868,-0.263453,-0.171589,0.001184,0.167816,0.125854,-0.019349,0.409546,-0.053277,-0.032928,0.078457,0.020978,-0.281861,-0.2954,0.080129,0.014056,-0.032121,0.091653,0.072816,0.021674,-0.080748,-0.000555,0.174915,0.067902,0.187116,0.09415,0.305077,-0.013968,-0.074703,-0.097928,-0.151915,0.183573,0.008579,0.110518,0.024102,0.164246,-0.042528,0.085331,0.087806,0.185418,-0.17008,0.235557,0.111812,0.283871,0.241448,0.29845,0.052466,0.361003,0.086677,0.175934,-0.100407,0.184806,-0.394086,0.214649,0.016419,0.157975,-0.081867,0.10721,0.063333,-0.259751,0.061871,-0.062384,0.087228,-0.203501,-0.184486,-0.242915,-0.024324,0.110304,-0.203062,-0.105645,0.115885,0.116895,-0.217928,0.103037,-0.130226,0.028896,-0.036374,0.048316,-0.000593,-0.049078,0.279437,0.082878,-0.193406,-0.008951,-0.03428,#
3,-0.042389,-0.314021,0.10447,1.0,-0.00123,-0.096749,-0.101527,0.324512,0.004311,0.050678,-0.045556,-0.040997,-0.008631,-0.220652,-0.110506,-0.044719,0.025889,0.128931,-0.261187,0.093742,0.115024,-0.091195,-0.037358,0.015401,0.253381,0.200595,-0.411671,-0.111906,-0.173758,-0.065676,0.412788,0.051362,0.190072,0.203058,0.006235,0.216683,0.045251,0.169786,0.058003,-0.10667,0.107807,-0.087229,-0.068552,-0.263274,0.21618,-0.130145,-0.29451,-0.215045,0.161679,-0.054023,0.159452,0.218072,-0.034491,0.286451,-0.078449,-0.036911,-0.076742,0.0694,-0.019927,-0.340027,-0.122342,-0.049126,0.028645,-0.150419,-0.117072,0.001736,0.263074,-0.173812,-0.061791,0.066997,-0.155553,-0.164677,0.091201,0.235378,0.244842,-0.037868,0.180532,0.236959,0.186429,0.195714,0.124376,0.32383,0.003436,0.106669,-0.025338,-0.167578,0.103007,0.038642,0.197126,0.116429,0.000479,0.013122,0.192347,-0.156169,-0.045845,-0.074472,-0.251583,0.013721,0.298925,0.181665,-0.183591,0.23017,0.425717,0.45033,0.035409,0.132423,-0.024624,-0.06072,0.082881,0.026834,-0.141461,0.040873,0.209968,0.221407,0.047674,0.476045,0.353657,0.075847,0.145549,-0.021511,0.042188,0.099199,0.170459,0.192913,-0.041107,0.146972,-0.11794,-0.018488,0.102554,0.251675,-0.056109,0.040511,0.214921,0.063228,-0.00817,0.213235,-0.035492,-0.062415,-0.016621,0.132159,0.02042,-0.049136,0.074497,0.060106,0.232152,0.063677,0.019417,-0.038763,0.360929,0.147684,0.120465,0.090338,0.046679,0.11242,0.237114,0.273099,-0.227758,-0.073259,0.041489,0.109554,0.23505,0.304987,-0.043143,0.174978,0.22293,-0.192998,0.131044,-0.160994,0.13263,0.356745,-0.074254,-0.234487,0.039657,0.098603,-0.104149,0.38389,-0.106659,-0.162565,-0.290922,-0.008531,-0.318298,-0.05429,-0.165261,-0.234385,-0.16464,0.139098,-0.415332,-0.062981,0.027408,-0.279138,0.124474,-0.029419,-0.069703,0.117761,0.008509,0.053508,-0.04456,0.377877,0.098409,0.084321,#
4,0.365803,0.204585,0.022227,-0.00123,1.0,0.126288,0.146249,-0.09561,0.113837,0.213,0.247059,0.105981,0.073036,0.095566,0.020473,0.280602,0.117569,-0.0308,0.232184,-0.155319,0.264595,-0.230712,0.311877,0.070276,-0.018963,-0.272489,0.092527,-0.093029,0.215751,0.088547,-0.210397,0.112717,0.004576,-0.13629,0.006161,0.053119,0.052057,-0.258366,-0.027988,-0.036336,0.273173,0.083619,-0.185483,-0.145341,0.232257,-0.092818,-0.048162,0.190094,0.112998,-0.05909,0.141068,-0.255591,0.34985,-0.203421,0.085557,0.06605,-0.195708,0.24326,0.045502,0.077273,-0.098799,0.284331,-0.12017,0.030484,0.179195,0.199992,0.024023,0.225218,0.159218,-0.057932,-0.192189,0.001309,0.15303,-0.273283,-0.17653,0.179996,-0.251671,-0.172779,-0.265406,0.001016,-0.180022,-0.271447,-0.388321,0.163894,-0.343442,-0.052024,-0.097804,-0.332677,0.094056,-0.244873,-0.163928,-0.392631,-0.247579,-0.084363,-0.392961,-0.236242,-0.108599,-0.131183,-0.25021,-0.065166,0.219006,-0.288616,-0.249341,0.041331,-0.29635,-0.201965,-0.080299,-0.089303,-0.062228,0.057336,0.210163,-0.062816,-0.056188,-0.255479,-0.289981,-0.198332,-0.01568,-0.117547,0.192603,-0.372547,-0.268045,-0.469853,-0.262561,-0.263519,0.100261,-0.221864,0.034708,0.072439,0.068857,-0.458009,-0.117949,-0.037911,-0.158574,-0.11684,-0.213164,0.016075,-0.195194,-0.232902,-0.318869,-0.415698,-0.427492,-0.010383,-0.545711,0.000955,-0.141001,0.038327,-0.152582,0.198913,-0.264965,-0.360949,-0.198944,-0.195312,0.009956,-0.25503,0.186562,-0.337062,-0.052144,0.457863,-0.190923,-0.304224,-0.055848,-0.386345,0.065637,-0.047785,-0.120653,0.329132,-0.074742,0.016228,-0.180702,-0.125773,0.228639,0.36024,-0.284961,0.103626,0.188102,-0.194456,-0.269459,0.220438,0.222051,0.080991,0.368832,0.066819,-0.048446,0.140991,-0.011132,-0.106877,0.021893,-0.064013,0.02683,0.082732,-0.116626,0.146334,0.387904,0.332991,-0.317832,0.002163,0.262707,-0.105042,-0.029225,0.069038,#
5,0.245465,0.181313,-0.001088,-0.096749,0.126288,1.0,0.20434,-0.147082,0.419327,0.187543,0.260273,0.05424,0.037191,0.250859,-0.095386,0.177109,-0.03264,-0.179187,0.061082,-0.195771,0.202773,0.189623,0.41738,-0.259664,-0.158831,-0.399571,0.096743,-0.136791,0.117617,0.186573,-0.334272,0.20985,-0.257583,-0.17827,-0.235797,-0.044864,0.039143,-0.275568,0.313877,-0.219641,0.147486,0.238874,0.157348,-0.057767,-0.277006,-0.142147,0.192749,-0.140541,0.29816,0.043565,0.087526,-0.080376,0.054894,-0.179992,0.152789,0.437029,-0.463929,0.243822,-0.334555,0.148027,0.25259,0.04127,0.011507,-0.134466,0.049986,0.207771,-0.106996,0.315446,0.056364,0.049834,-0.166824,0.28526,0.202006,-0.210517,-0.40142,0.225375,-0.020156,-0.114393,-0.240582,-0.08312,-0.280736,-0.356208,-0.073281,0.230911,-0.24759,-0.056624,-0.242648,-0.149893,-0.019102,-0.22781,-0.094104,-0.17962,-0.278975,0.2463,-0.072695,-0.053151,0.125794,-0.225695,-0.093452,-0.152667,0.308267,-0.14217,0.093047,-0.276034,-0.168585,-0.379426,0.105682,-0.185029,-0.149069,0.065288,-0.032659,-0.062031,-0.136117,-0.124086,-0.03911,-0.383403,-0.089861,-0.146368,-0.048882,-0.15996,-0.112755,-0.029657,-0.227693,-0.274707,-0.044808,-0.119825,0.178046,0.327071,-0.319953,-0.232474,-0.196558,-0.012737,-0.425656,-0.067011,-0.039717,-0.195151,0.013573,-0.180311,0.190372,-0.373328,-0.036782,-0.137887,-0.169059,-0.138785,-0.083954,-0.343652,-0.203824,0.464729,-0.20236,0.096552,-0.017477,-0.169494,0.163992,-0.370344,-0.209991,-0.04229,-0.059087,0.00045,-0.258532,-0.164564,-0.315822,-0.138471,-0.075147,0.020325,-0.035173,0.247968,-0.120805,-0.23498,-0.221219,-0.335981,0.038381,0.064213,0.209328,-0.166768,0.362942,-0.350053,-0.355782,0.273167,0.082443,-0.033799,0.205055,0.160499,0.056412,0.276266,-0.040154,-0.103045,0.115,0.124455,-0.19683,0.384033,-0.204408,0.058458,0.020375,0.256659,0.012557,0.142877,0.024061,-0.21797,-0.163567,0.019295,#
6,-0.068939,0.121272,0.140756,-0.101527,0.146249,0.20434,1.0,-0.134257,0.110155,0.165237,0.103773,0.043308,0.109422,-0.08062,0.124887,0.03703,0.100987,-0.017876,0.191829,-0.064528,0.227434,0.187372,0.03997,-0.16646,-0.031483,-0.403055,-0.01323,0.066962,0.073721,-0.040692,-0.154787,-0.163884,-0.181709,-0.046122,-0.048229,-0.197032,0.270726,-0.065498,-0.017973,0.045643,0.067946,0.238434,0.051386,-0.038261,0.055945,-0.087056,0.083177,0.015097,0.134161,0.202112,0.072792,-0.21883,-0.091893,-0.349494,-0.010369,0.134164,-0.090081,0.126622,-0.110462,0.282386,0.019963,0.258398,0.029053,0.150096,0.02592,0.061245,-0.209087,0.048411,0.168524,0.051971,0.192923,-0.206086,0.006214,-0.181826,-0.285193,-0.079445,-0.141417,-0.2531,-0.336685,0.04095,-0.052231,-0.235618,-0.038508,0.112082,-0.237336,0.24237,0.109668,-0.003787,0.092335,-0.195899,0.054761,-0.008584,-0.131791,0.247556,0.257788,-0.136668,0.07822,-0.200256,0.07768,-0.12463,0.170482,-0.324353,-0.131951,-0.141292,-0.065252,-0.061423,-0.111647,0.009275,-0.100893,-0.10535,-0.006193,-0.18116,-0.257927,-0.129652,-0.131245,-0.136246,-0.251394,-0.308349,0.089218,-0.126997,0.069881,-0.216823,-0.041981,-0.314525,-0.319115,0.237865,0.217155,0.212913,-0.212748,-0.146846,0.117732,0.188705,-0.012421,0.132487,0.009901,0.028558,-0.146366,-0.160246,0.016887,0.011572,0.02103,0.296779,0.021002,-0.023128,-0.225019,-0.225341,0.087105,0.383595,-0.023745,0.09425,-0.022907,-0.08853,0.093694,0.029961,0.07796,-0.038494,0.126127,0.165954,-0.041315,0.008137,0.015898,-0.146175,0.041202,0.137499,0.011551,0.097926,-0.042056,-0.281976,0.023109,-0.080542,0.159967,0.073916,0.218253,-0.046717,-0.081962,-0.126955,-0.040551,0.1692,0.087583,-0.039976,0.031386,0.037117,0.229309,0.062134,-0.142766,-0.004646,0.189798,-0.124648,-0.201635,-0.101615,-0.186872,0.186768,0.073979,0.194175,0.09573,0.277708,0.042439,-0.046956,-0.206466,-0.005554,#
7,-0.158608,-0.367285,0.294085,0.324512,-0.09561,-0.147082,-0.134257,1.0,-0.142826,-0.180621,-0.225552,-0.176054,-0.147898,-0.280153,0.138328,-0.009207,0.044005,-0.049931,-0.14424,0.33577,-0.124411,-0.036876,-0.229195,0.20146,0.446415,0.232469,-0.180311,0.118894,-0.291769,-0.140763,0.301863,0.128806,0.125883,0.157855,0.098539,0.152684,-0.067355,0.205125,0.222422,-0.103177,-0.042389,-0.165628,0.102549,-0.104987,0.221416,-0.043066,-0.074123,0.091504,-0.132094,-0.268225,0.081899,0.275637,-0.020418,0.132984,-0.040902,-0.113827,-0.032769,-0.119954,0.080612,-0.343058,-0.254779,-0.246207,-0.238204,-0.042322,-0.426169,-0.004986,0.293044,-0.099091,-0.097388,0.154804,-0.083188,0.011759,0.198625,0.138235,0.308971,-0.11583,0.29645,0.049329,0.104618,0.065655,0.164652,0.230313,0.094017,0.020356,0.013713,0.08434,0.040958,0.150502,0.208408,0.046146,0.274134,0.093348,0.051703,-0.344874,-0.086759,-0.030044,0.223439,0.28569,0.200477,0.185175,-0.167361,0.279238,0.383327,0.139358,0.143325,0.239599,0.168905,0.257484,0.185785,-0.059919,0.074082,0.044838,0.331239,0.104404,0.131143,0.362503,0.204528,-0.058254,-0.055105,0.099915,0.238085,0.086848,0.213948,0.187072,0.077624,-0.071539,-0.257956,0.040045,0.043488,0.410342,0.026163,-0.101199,0.026475,-0.066648,0.071534,0.241151,-0.120266,0.126691,0.164199,0.31076,0.124673,0.127792,0.260526,0.018597,0.193392,0.112233,0.075024,-0.226237,0.103749,0.164923,0.142035,0.297107,-0.09556,0.134636,0.283737,0.191436,0.010085,-0.242619,0.093724,0.038722,0.256751,0.32265,0.026074,0.092549,0.279389,-0.266851,0.164121,0.022059,0.418964,0.087142,-0.144426,-0.086439,0.103671,0.019433,-0.250108,0.184287,-0.111898,-0.299129,-0.315292,-0.205422,-0.434535,-0.060251,-0.275294,-0.25908,-0.331929,-0.088827,-0.067053,-0.134715,0.136062,-0.399321,0.318683,-0.275954,-0.19065,-0.150439,-0.088068,0.184905,0.09252,0.213481,0.129519,-0.101301,#
8,0.202817,0.125184,0.095261,0.004311,0.113837,0.419327,0.110155,-0.142826,1.0,0.223981,-0.025947,0.116536,-0.082535,0.325097,-0.128499,0.074531,-0.062979,0.219374,0.305286,0.11846,-0.000822,-0.014777,0.407083,-0.133655,0.157498,-0.352139,-0.088023,-0.251653,0.15459,0.243946,-0.229837,0.040507,-0.225829,-0.039356,-0.121012,0.406192,0.14784,-0.399339,0.162109,-0.176223,0.183909,0.016808,-0.09004,-0.032741,-0.077235,0.001691,0.268253,0.09883,0.126334,0.106661,0.212544,-0.036837,0.078966,-0.047261,-0.16645,0.134585,-0.205403,0.191639,-0.321277,0.114178,0.199812,0.172066,0.036404,-0.249086,-0.187669,0.209487,0.187905,0.218978,0.211249,0.026313,-0.089551,0.132146,-0.164752,0.016131,-0.311167,0.140567,0.042218,-0.133814,-0.159417,0.106048,0.020539,-0.259465,-0.084816,0.15565,0.073893,-0.060772,-0.157445,-0.163854,0.160439,-0.001751,-0.244474,-0.094118,-0.24012,0.225235,-0.250134,-0.178385,0.145294,-0.018559,0.128,-0.243751,0.141385,0.173911,-0.232688,0.131785,-0.184362,-0.172791,-0.097419,-0.138236,0.23486,-0.023639,0.226594,-0.205535,-0.106517,-0.149622,-0.206847,-0.226157,0.008082,-0.206405,0.229687,-0.400016,0.018353,-0.315033,-0.091148,-0.294946,-0.021926,-0.028927,0.023866,0.114429,-0.378393,-0.192551,-0.071886,0.023723,-0.380258,-0.155534,-0.284963,-0.155299,-0.166058,-0.138173,0.1764,-0.244388,-0.17682,-0.179097,-0.274475,-0.355217,-0.28196,-0.512027,0.105689,0.315164,-0.240063,-0.016561,0.124441,-0.321808,0.20445,-0.228359,0.058587,0.103296,0.078887,0.338769,-0.074523,0.129598,-0.259688,-0.086713,-0.080259,0.263272,0.204577,-0.114575,-0.136708,-0.171653,-0.250107,-0.024416,0.110998,0.202133,0.10701,-0.111006,0.170483,-0.209063,-0.21291,0.13468,0.119633,0.084206,0.162479,0.07896,-0.135475,0.007184,0.114288,0.177982,0.094619,0.049838,-0.334188,0.316507,-0.165236,0.030929,-0.001902,0.156166,-0.267999,0.00939,-0.06488,-0.127449,0.019686,-0.072179,#
9,0.249501,0.255896,-0.108804,0.050678,0.213,0.187543,0.165237,-0.180621,0.223981,1.0,-0.009982,0.203049,0.258704,0.14681,0.044027,0.405668,-0.034256,0.183278,0.255362,-0.259794,0.299359,-0.059766,0.159157,-0.235749,-0.176378,-0.273832,-0.139267,-0.026961,0.053574,0.295897,-0.189513,0.020757,-0.060482,-0.122299,0.023477,0.205256,-0.0357,-0.356305,0.073888,0.173064,0.071766,0.143845,-0.129648,-0.021747,0.055377,-0.046892,-0.064391,-0.107085,-0.150303,-0.092343,0.171656,-0.391776,-0.072876,-0.179469,0.238314,0.116946,-0.291595,0.282107,-0.24273,-0.092427,0.129534,0.300503,0.031865,-0.089928,0.06879,0.159609,0.042571,0.071306,0.239244,-0.127702,-0.225542,-0.151866,-0.017225,-0.092275,-0.106184,0.055861,-0.402296,-0.149982,-0.379441,-0.13039,-0.183842,-0.166864,-0.153652,-0.075994,-0.204047,-0.21479,-0.005104,-0.149201,-0.089346,0.009979,-0.280319,-0.371429,-0.256551,0.025106,-0.029402,-0.110571,-0.077981,0.030997,-0.246729,-0.163878,0.22737,-0.139666,-0.114316,-0.055849,-0.261596,-0.065032,-0.413342,-0.237795,-0.02508,-0.131731,-0.113519,-0.125758,-0.286607,-0.180397,-0.472848,0.053642,-0.19198,-0.134393,-0.191063,-0.338516,-0.236779,-0.145886,-0.390687,-0.19283,-0.1796,-0.002249,-0.122469,-0.055098,-0.006763,-0.300195,-0.126364,-0.200796,-0.1538,-0.081648,-0.379222,-0.095192,-0.101604,-0.310295,-0.037964,-0.323135,-0.205691,-0.221373,-0.299895,-0.166009,-0.224007,-0.210132,-0.070674,0.347616,-0.226105,-0.256183,-0.154096,-0.360026,-0.203431,-0.310293,-0.235191,-0.140769,0.033823,0.295427,-0.230103,-0.11307,-0.305657,-0.264099,-0.112888,0.053002,-0.135986,0.036907,-0.277872,0.031036,-0.170702,0.025227,0.177773,0.102608,0.020193,-0.194691,0.181185,-0.137709,-0.200778,0.233315,0.1432,-0.116724,0.263456,0.19393,0.035743,0.292076,0.183397,-0.203225,0.295956,-0.084742,0.008453,0.220851,-0.358924,0.115852,0.23907,0.342592,0.054939,0.035061,0.212233,-0.091394,-0.201879,-0.101237,#
10,0.16024,0.123715,0.054607,-0.045556,0.247059,0.260273,0.103773,-0.225552,-0.025947,-0.009982,1.0,0.110959,0.073419,-0.18514,0.009748,0.132079,0.227263,-0.269101,-0.099089,-0.248103,0.235536,0.087786,-0.027414,0.147891,-0.149187,-0.204709,0.044875,-0.004309,0.236482,0.022101,-0.251648,0.090904,-0.218929,-0.161392,0.284672,-0.003251,0.238093,-0.06237,-0.084191,0.362173,-0.18652,0.091434,-0.122867,-0.099151,-0.072312,-0.212374,-0.114743,-0.023554,0.216386,-0.043919,0.153225,-0.098681,-0.031582,0.037774,0.452236,-0.109991,-0.494996,0.138553,0.112321,0.198004,0.035873,0.198091,-0.198272,0.078894,0.241202,-0.05325,-0.24554,0.015043,0.162479,-0.429522,-0.032528,0.084988,0.086746,-0.319969,-0.24319,0.210619,-0.308992,0.231806,-0.207995,-0.345832,-0.238015,-0.221926,-0.133185,-0.009708,-0.506102,-0.099992,-0.179654,0.05873,-0.332327,-0.346041,-0.084957,-0.365282,-0.08716,-0.201938,-0.076726,-0.098717,-0.250262,-0.093118,-0.065326,-0.115393,0.123285,-0.156066,-0.181094,-0.272155,-0.289019,-0.201233,-0.068357,0.224349,-0.323748,0.206519,-0.163879,-0.212744,-0.407733,-0.111143,-0.219995,-0.342397,-0.120342,-0.129527,-0.233933,0.152975,-0.496897,-0.048728,-0.161376,0.09125,-0.057062,-0.08229,0.226968,-0.095171,-0.169241,-0.218506,-0.187524,-0.101707,-0.216661,-0.002663,0.028525,-0.083556,-0.171883,-0.177098,-0.100906,-0.203544,-0.361127,0.238455,-0.142442,-0.063624,-0.290079,-0.147772,-0.216379,0.097208,-0.09674,-0.202686,-0.093064,-0.09762,-0.165956,-0.301567,-0.161437,-0.280416,0.265376,-0.150633,-0.164439,-0.147001,0.062378,-0.296585,-0.025122,-0.269465,-0.372795,0.149653,-0.149252,-0.053504,-0.363652,-0.296713,0.281275,-0.001094,-0.255238,-0.166767,0.189383,-0.359609,-0.339654,0.348958,0.138335,0.334942,0.195454,0.042308,0.329253,0.200277,0.090696,-0.128822,-0.055084,-0.05483,0.369792,0.177127,-0.473555,0.527282,0.136675,0.0598,-0.016915,-0.053247,0.206684,-0.520773,-0.242233,-0.069055,#
11,0.023617,-0.01516,0.208729,-0.040997,0.105981,0.05424,0.043308,-0.176054,0.116536,0.203049,0.110959,1.0,-0.292331,0.178245,0.080672,0.312599,-0.063798,-0.151816,0.032455,-0.159885,0.08285,-0.319973,0.009402,-0.277824,-0.002394,-0.014216,-0.016871,-0.180983,0.287362,0.297011,-0.227752,0.099519,-0.352779,-0.133819,-0.079785,0.195147,-0.405213,0.056767,0.179313,0.300788,-0.062133,-0.238804,-0.158256,-0.014285,0.134659,0.116074,-0.109038,-0.244693,-0.173036,0.281686,0.215087,-0.113476,0.015324,0.238027,-0.180824,0.07422,-0.140307,-0.194842,-0.170215,-0.163092,-0.124584,0.233405,0.217792,0.109321,-0.050354,-0.207093,0.164759,-0.029731,-0.056556,-0.105254,0.1355,0.303696,0.096271,0.048392,-0.064186,0.132944,-0.26252,-0.048516,-0.070474,-0.248153,-0.019638,-0.097287,0.027581,0.062607,0.061794,0.047271,-0.335781,-0.255441,-0.085427,-0.303346,-0.112,-0.004985,0.008841,-0.157067,-0.243578,-0.151177,-0.120652,-0.241569,-0.276805,0.080521,0.00497,0.150489,-0.102385,-0.085534,-0.375783,-0.119493,-0.124654,-0.062563,-0.052227,-0.028343,-0.332971,0.148453,-0.218501,0.096328,-0.134473,-0.055166,0.045706,-0.128792,-0.00078,-0.195877,-0.223128,-0.067338,-0.168355,0.060264,0.243043,-0.139633,-0.160504,-0.244064,-0.210298,-0.179241,-0.130787,-0.288547,-0.078541,0.145333,-0.139714,-0.069809,0.126382,-0.038793,-0.118639,-0.037933,-0.161089,-0.040354,-0.071528,-0.09785,-0.264661,-0.254624,0.322326,0.252149,-0.037318,-0.064201,0.047147,-0.239747,-0.071733,-0.238425,-0.218418,-0.084206,-0.000349,0.102268,-0.069752,0.081543,-0.207323,-0.060415,-0.005056,-0.17147,0.008936,-0.173119,-0.246054,0.054496,0.07929,-0.135624,0.168363,-0.249293,-0.077283,-0.390892,0.169209,0.076773,-0.181596,0.085886,-0.017996,-0.170343,-0.004747,0.197123,0.103413,0.16418,0.260357,0.088172,0.207517,-0.118121,-0.04292,0.091548,-0.258969,0.15627,0.192143,0.188413,-0.170709,0.02224,0.022496,-0.193745,0.069842,0.359451,#
12,0.24825,0.062984,-0.271499,-0.008631,0.073036,0.037191,0.109422,-0.147898,-0.082535,0.258704,0.073419,-0.292331,1.0,0.10029,-0.025202,0.123808,0.044153,0.016523,0.158139,-0.052744,0.282106,0.178506,0.024224,-0.051668,0.024035,-0.2477,-0.039994,-0.114884,0.091424,-0.023655,0.017664,0.176451,-0.048163,0.049428,-0.244056,-0.243666,0.008394,-0.158051,-0.109049,-0.169192,-0.081318,0.294669,-0.111503,0.06908,0.124786,-0.195235,0.027107,0.090259,-0.00845,-0.147805,0.107672,0.006188,0.188513,-0.141891,0.220899,0.118328,-0.122578,0.195494,-0.019095,0.070359,0.029664,-0.037973,-0.031191,-0.216408,0.009642,0.308159,-0.082541,0.181949,0.118235,-0.051499,-0.098132,-0.193941,-0.162694,-0.123899,-0.032232,-0.050174,-0.101185,-0.219747,0.021499,-0.095519,-0.130419,-0.171317,0.00954,-0.038857,-0.001121,-0.218735,0.103275,-0.04409,-0.051671,-0.051991,0.080637,-0.329633,-0.195565,0.163963,0.189779,0.035739,-0.040603,0.090335,-0.222118,-0.097436,0.229532,-0.144992,0.03192,-0.120304,0.009373,-0.098556,-0.041166,0.059585,-0.275095,-0.219426,0.288427,-0.204682,-0.013968,-0.140153,0.040863,-0.227113,0.090015,0.104238,-0.059589,0.044397,-0.067232,-0.199131,-0.36343,-0.052404,-0.091449,0.083079,-0.211587,0.102965,0.188623,-0.102281,-0.217426,0.259082,-0.075794,-0.014209,0.005465,0.118844,-0.16537,-0.247044,-0.032302,-0.220764,-0.153845,0.248806,-0.03238,0.050152,-0.004569,0.249254,-0.250648,0.251382,-0.208232,-0.146154,-0.136979,-0.104101,-0.037228,-0.162661,-0.112377,-0.161627,0.194856,0.111939,-0.062573,-0.102196,0.05757,-0.0325,-0.052608,0.076107,-0.112009,0.111518,0.117072,-0.066659,-0.036107,0.044021,0.074716,0.312504,0.188299,0.191845,0.180585,-0.080173,0.03463,0.020147,0.08253,0.006741,0.308492,-0.052271,0.147177,0.10382,-0.016174,0.026851,0.124399,0.077821,0.129447,0.128087,0.056264,0.07145,0.037259,-0.004735,0.047883,0.1071,0.124394,0.056203,-0.062234,-0.086343,#
13,0.32528,0.231349,-0.023353,-0.220652,0.095566,0.250859,-0.08062,-0.280153,0.325097,0.14681,-0.18514,0.178245,0.10029,1.0,0.106098,0.202787,0.044324,0.087649,0.03024,-0.124094,-0.186644,0.01364,0.333687,-0.380934,-0.095496,-0.165742,0.015166,-0.332405,0.113969,0.225174,-0.378711,0.226347,-0.227392,-0.029749,-0.279773,0.076175,-0.20183,-0.131037,0.185051,-0.321893,0.050691,0.022326,-0.197654,0.26267,-0.074801,-0.13457,0.231656,0.064487,-0.190406,0.12562,-0.144615,-0.046566,0.149335,-0.190001,-0.188548,0.271836,-0.038133,0.233277,-0.20664,0.133456,0.207978,0.135359,0.057479,-0.253438,-0.074744,0.222728,-0.00906,0.24822,0.117813,0.085699,0.030808,0.169046,-0.20709,0.224812,0.034582,0.176607,0.010349,-0.312027,-0.294477,0.123924,0.032772,-0.247005,-0.032072,0.172677,0.252975,0.217471,-0.214448,-0.211433,-0.041605,-0.056069,-0.07635,-0.135902,-0.147322,0.369255,-0.211984,0.033111,0.248414,-0.025896,0.101532,-0.118869,0.299649,-0.11702,-0.21341,-0.033431,0.077636,-0.230912,-0.097272,-0.356619,0.176124,0.000558,0.194881,0.106766,-0.008116,0.009659,0.067993,-0.101517,-0.129724,0.098587,-0.018647,-0.28495,-0.001132,-0.220699,-0.100186,-0.22213,0.085779,-0.005596,-0.162669,0.167566,-0.113157,-0.270236,-0.079828,0.089148,-0.417415,-0.260418,-0.08176,-0.217734,0.004317,-0.100423,0.097432,-0.166281,-0.125118,-0.273263,-0.330879,-0.180052,0.063529,-0.196862,0.000515,0.239424,-0.165339,0.074162,-0.079466,-0.216665,0.291648,-0.138737,-0.148658,0.024114,0.138113,0.269888,0.095202,-0.013742,-0.359594,-0.246579,0.34572,0.38325,0.218346,0.280867,0.0084,-0.07237,-0.078251,-0.10696,-0.179781,0.211637,0.065529,0.063005,0.137978,-0.030156,0.058112,-0.031659,0.181288,0.046675,0.400603,-0.042203,-0.092659,0.216465,0.159852,-0.113041,0.395368,0.125406,-0.303242,0.187915,0.113206,-0.287915,0.106823,0.188303,-0.031643,-0.225866,-0.241443,-0.085308,-0.104816,-0.128634,#
14,0.218597,0.230811,-0.219262,-0.110506,0.020473,-0.095386,0.124887,0.138328,-0.128499,0.044027,0.009748,0.080672,-0.025202,0.106098,1.0,0.109256,0.195195,-0.184411,-0.136949,-0.070786,-0.241705,-0.109865,-0.200846,-0.157805,0.041046,-0.031598,0.163282,0.01322,-0.100578,0.042542,-0.21268,0.060867,-0.092946,-0.169193,0.122938,-0.067119,-0.061722,0.211567,-0.032285,0.333434,-0.117446,-0.067746,-0.31608,-0.091246,0.330279,-0.435948,0.258593,0.050015,-0.076155,-0.053454,-0.087035,-0.065191,-0.146454,-0.070945,-0.049913,0.201391,-0.008159,-0.013521,0.218202,0.118621,-0.224716,0.617804,-0.018176,0.078196,-0.327372,-0.034363,0.000723,-0.097355,0.201738,-0.16548,0.279648,0.11564,-0.096941,0.007668,0.230175,0.127733,-0.296628,-0.122227,-0.319952,0.054894,-0.046547,-0.240316,-0.058929,-0.062847,-0.155094,0.0069,-0.134084,-0.16801,-0.010685,-0.130431,0.063986,-0.08541,-0.009036,0.028225,-0.062639,-0.087218,0.139145,-0.094669,-0.238228,-0.122623,-0.0753,-0.155741,0.014316,-0.014503,0.073932,-0.10848,-0.043491,-0.153331,0.154823,-0.13812,-0.052092,0.02947,-0.23137,0.042049,-0.240563,-0.161205,-0.020722,-0.158791,0.064193,-0.241252,-0.082824,0.020899,-0.178725,0.010867,0.230008,-0.062586,-0.201239,0.105325,0.02206,-0.161811,-0.076803,-0.249005,-0.099701,-0.208432,-0.074659,-0.184336,-0.125998,-0.17674,-0.095603,0.103979,-0.177588,-0.050725,0.106886,-0.196432,-0.241628,-0.061277,0.137631,0.107733,-0.018485,0.088563,-0.139022,0.076652,-0.291954,-0.129099,0.008687,-0.029427,0.196102,-0.00939,-0.14541,-0.14138,-0.228871,-0.016407,0.066089,-0.07768,-0.04428,-0.013808,-0.157015,0.1202,-0.009676,-0.462424,-0.030017,-0.142632,-0.127002,-0.165348,-0.152242,-0.030226,-0.248982,-0.092371,0.043937,-0.122615,0.099291,-0.013212,-0.023331,0.160365,0.026445,-0.099918,0.362097,-0.044473,0.047037,-0.113453,-0.077463,0.115733,0.012974,0.123446,-0.099553,-0.022895,-0.169166,0.055536,-0.029094,0.141457,#
15,0.14127,-0.089918,-0.156786,-0.044719,0.280602,0.177109,0.03703,-0.009207,0.074531,0.405668,0.132079,0.312599,0.123808,0.202787,0.109256,1.0,0.033361,-0.114678,0.081513,-0.250583,0.124242,-0.193689,0.047434,-0.283509,-0.254454,-0.257806,-0.025739,-0.079608,0.210331,0.301367,-0.260483,0.24983,-0.261184,-0.217213,0.186264,0.045696,-0.137921,-0.222256,0.440236,0.214399,-0.102068,-0.084584,-0.085081,0.073107,0.085886,0.067779,-0.046044,-0.118128,-0.035607,-0.125401,0.360884,-0.136413,0.112047,-0.074991,0.057064,0.208546,-0.084887,0.020487,-0.193261,-0.050283,-0.058794,0.109734,-0.103907,-0.031881,0.064803,-0.010641,0.271868,0.110176,0.161492,-0.374804,-0.117829,0.00705,-0.134882,0.027901,0.040452,0.218363,-0.190466,-0.275256,-0.215221,-0.098146,-0.092349,-0.078826,0.008423,0.087004,-0.115968,-0.065286,-0.196836,-0.018329,-0.256884,0.061089,-0.023423,-0.422661,-0.156418,-0.114805,-0.316871,-0.157541,-0.045512,-0.114774,-0.385668,-0.043494,0.154351,-0.137634,-0.104655,-0.017572,-0.085067,-0.111107,-0.206576,0.130073,-0.092044,0.144927,-0.309648,0.240423,-0.098525,-0.168986,-0.284591,-0.154171,0.057499,0.149867,-0.228133,-0.227902,-0.394596,-0.046475,-0.230334,-0.039903,0.040415,-0.079752,-0.25749,-0.03613,-0.115881,-0.217404,-0.182522,-0.309512,-0.237561,-0.114358,-0.374979,-0.024594,-0.017635,-0.192737,-0.10655,-0.196402,-0.297196,-0.06473,-0.060166,-0.010287,-0.109016,-0.046161,-0.109854,0.194101,-0.247427,-0.184954,0.026125,-0.332104,-0.100255,-0.517773,-0.179054,-0.214341,-0.123428,0.107913,-0.414653,-0.264781,-0.431596,-0.219423,-0.029592,-0.106938,-0.150812,-0.058125,-0.326149,0.083817,0.081675,-0.100652,0.079782,-0.081919,-0.147569,-0.160461,0.336696,-0.069005,-0.298704,0.237362,0.147361,0.042379,0.149683,-0.011378,0.010606,0.452611,0.077298,-0.198267,0.314753,-0.107963,0.086511,0.12316,-0.281102,0.161967,0.377963,0.283915,0.029915,0.049501,0.120016,-0.129483,0.020123,-0.091569,#
16,0.064749,-0.294342,0.081811,0.025889,0.117569,-0.03264,0.100987,0.044005,-0.062979,-0.034256,0.227263,-0.063798,0.044153,0.044324,0.195195,0.033361,1.0,-0.231312,-0.165837,0.043301,-0.155128,-0.060624,-0.269792,-0.153422,-0.158505,0.010731,-0.293631,0.004386,-0.006926,-0.162448,-0.065012,0.086581,-0.268591,0.065913,0.11828,0.032401,0.227705,0.036783,0.055204,-0.010329,-0.2341,-0.010424,-0.217938,-0.128359,0.110821,-0.065225,-0.007407,-0.247655,0.172875,0.209774,0.0952,0.072872,-0.271084,-0.160244,0.252021,0.134765,0.051606,0.079738,0.03815,0.075823,-0.044271,0.180446,-0.039058,0.013558,-0.04618,-0.244735,-0.181116,-0.16141,0.112854,-0.317459,0.272423,0.06722,-0.229244,-0.076842,0.079069,0.118127,-0.187277,0.113422,-0.26881,0.0124,0.049277,0.138816,0.068005,0.253052,-0.30514,0.171381,0.075056,0.103474,-0.090663,-0.093747,0.092647,0.081038,0.167052,0.082095,0.064086,-0.13605,-0.013742,-0.141591,0.099675,-0.257191,0.062602,-0.013884,-0.07725,-0.167616,-0.256566,0.107138,-0.086107,0.006365,-0.048968,0.077729,-0.099027,-0.156926,0.010318,-0.017678,-0.316161,0.076414,-0.120317,-0.156006,0.108875,0.051904,-0.076499,0.175848,0.079213,0.082181,0.050554,0.047066,-0.175533,-0.066236,0.063048,-0.221401,0.144888,0.272088,-0.106015,0.097603,-0.090256,-0.182243,-0.126785,-0.075272,-0.178614,0.255496,-0.102378,-0.007603,0.148977,0.088441,-0.212323,0.023874,0.194519,-0.174156,0.151847,0.118321,-0.017655,0.100656,-0.00226,0.015717,0.077263,-0.154642,0.231693,0.005933,-0.114089,0.03621,0.062918,-0.052741,0.263741,-0.111027,-0.208901,0.036395,0.184522,0.107722,0.019871,-0.080782,0.269215,-0.05698,0.066854,0.259355,0.054414,-0.092319,0.006443,0.113998,0.047293,0.132324,-0.004043,0.009768,0.11777,-0.004839,-0.04677,-0.04235,0.178649,0.07316,0.099248,-0.297492,-0.061284,0.068558,-0.059648,-0.135463,0.092545,-0.064447,0.148766,-0.099874,-0.1829,0.092759,#
17,-0.13454,0.255895,0.155309,0.128931,-0.0308,-0.179187,-0.017876,-0.049931,0.219374,0.183278,-0.269101,-0.151816,0.016523,0.087649,-0.184411,-0.114678,-0.231312,1.0,0.158439,0.168856,0.117646,0.016685,0.076236,0.137587,0.168432,-0.041687,-0.189602,0.132548,0.055351,0.110046,0.22583,-0.07864,0.284112,0.216283,-0.006267,0.082321,0.056497,-0.129666,-0.139193,-0.103538,0.116758,-0.005417,0.085707,0.250363,0.012449,-0.033674,0.00838,0.140236,-0.178932,-0.035881,0.226534,-0.141173,0.140285,-0.145099,-0.231764,-0.047728,0.344728,0.32288,0.034073,-0.022876,0.12163,-0.097085,0.060968,-0.069523,0.076869,0.183258,0.190047,0.064743,0.099747,0.026229,-0.18216,-0.245919,0.054117,-0.0559,0.066836,-0.230697,-0.0471,-0.014356,-0.049634,0.271296,0.274715,0.057732,-0.028118,-0.069287,0.338657,-0.209357,0.301662,-0.097214,0.093428,0.139213,-0.135605,0.054931,-0.053311,0.257383,-0.079556,-0.189158,-0.026465,0.288103,0.423542,0.050071,0.213479,0.23021,0.012402,0.172981,0.140301,0.125692,-0.278671,-0.188187,0.125974,-0.070013,0.259279,0.034777,0.121614,0.232691,0.080479,0.081844,-0.069301,0.128987,-0.109463,-0.171028,0.32305,-0.036145,-0.05212,-0.250516,0.202642,-0.012038,0.341501,0.066967,-0.233827,0.071171,0.196985,-0.006213,-0.092544,-0.092132,-0.180564,0.122462,-0.248583,0.134179,0.108345,-0.103756,0.038058,0.027657,-0.086763,-0.085383,0.064979,-0.175592,-0.189216,0.069765,-0.035181,-0.047518,0.034686,-0.284128,0.113442,0.062032,0.070484,0.074791,-0.036698,0.289672,0.222409,0.217268,0.11187,0.051723,-0.086783,0.377866,0.242695,-0.063532,-0.027274,-0.159889,-0.027428,0.353079,-0.07368,0.123462,0.105988,-0.020115,-0.142557,0.127105,0.094413,0.099773,-0.081881,-0.196353,0.16168,0.059057,-0.248146,-0.327075,-0.066204,-0.102286,-0.129189,0.10206,-0.196991,0.174449,0.082053,-0.135122,0.131129,0.00241,-0.050041,-0.131387,-0.029014,0.076498,0.145809,-0.33438,#
18,-0.063762,0.112599,-0.076418,-0.261187,0.232184,0.061082,0.191829,-0.14424,0.305286,0.255362,-0.099089,0.032455,0.158139,0.03024,-0.136949,0.081513,-0.165837,0.158439,1.0,0.054362,0.292289,0.073096,0.323196,0.196939,-0.04229,-0.244463,0.181416,0.205671,-0.111705,0.268083,-0.110742,-0.296686,-0.145432,0.147162,-0.149499,0.049212,-0.103822,-0.261956,-0.047116,-0.043126,-0.03982,0.045818,0.172345,0.171557,-0.201023,-0.093605,0.008167,0.156072,-0.132819,0.053108,0.297377,-0.064147,0.263714,-0.204506,-0.092199,-0.034782,-0.023552,-0.081094,-0.027623,0.188221,-0.1779,0.086137,-0.111141,-0.027717,0.08287,0.198405,-0.065799,0.087581,0.192343,0.086533,0.015185,-0.071435,-0.047751,0.120356,-0.220637,0.058912,-0.178759,-0.306203,-0.030643,-0.063029,-0.163566,-0.263075,-0.287443,0.071101,-0.00194,-0.20094,-0.107587,-0.10728,0.018954,-0.082169,-0.166903,-0.100246,-0.09971,0.15344,-0.030966,-0.113753,0.025152,-0.036354,-0.245103,-0.144788,0.168247,0.10237,-0.22709,0.052516,-0.088832,-0.218943,-0.124775,0.049089,-0.057725,-0.006312,0.201314,-0.102524,-0.028751,-0.163886,-0.325114,-0.21256,-0.057424,-0.021899,0.109335,-0.279975,-0.102637,-0.32798,-0.338895,-0.465297,-0.191998,-0.255222,0.089391,-0.118813,-0.097518,-0.203573,-0.037532,-0.009362,-0.033982,0.123294,-0.341459,-0.016035,-0.002942,-0.159435,-0.208462,-0.148228,-0.007848,0.150979,-0.272767,-0.373266,-0.207452,-0.247903,-0.125627,0.301952,-0.405993,-0.150848,0.06273,-0.418121,0.086859,-0.182991,-0.249488,-0.083789,-0.041322,0.328273,0.062884,0.196764,0.023826,-0.256825,-0.099744,0.106973,-0.095786,0.029087,-0.000415,-0.065138,-0.075781,0.053021,0.174571,0.345499,-0.01434,-0.155375,0.1839,-0.329516,0.016152,0.169396,0.187499,0.029852,0.397446,-0.101898,0.114459,0.181839,0.058822,0.135859,0.226161,0.031725,-0.375462,0.239335,-0.071113,-0.056486,-0.181675,0.096862,-0.222737,0.148023,0.162761,-0.026947,0.269313,0.052907,#
19,-0.253682,-0.146739,0.1581,0.093742,-0.155319,-0.195771,-0.064528,0.33577,0.11846,-0.259794,-0.248103,-0.159885,-0.052744,-0.124094,-0.070786,-0.250583,0.043301,0.168856,0.054362,1.0,-0.24084,-0.110278,-0.1315,0.395186,0.271558,0.165551,0.009723,0.06992,-0.310934,-0.025226,0.237658,-0.092652,-0.039527,0.463895,-0.172242,0.086828,0.17965,0.199079,-0.003572,-0.199604,-0.006989,-0.156065,0.059271,-0.10791,0.132298,0.110191,0.117297,0.126336,-0.205759,0.058257,-0.060044,0.331134,-0.073265,-0.102059,-0.243326,-0.065116,0.177244,-0.192097,0.160798,-0.206404,-0.04671,-0.152752,0.097014,0.110584,-0.175595,-0.027843,0.259902,-0.055825,-0.092818,0.172393,0.118904,-0.15586,-0.130076,0.011502,0.019862,-0.115983,0.588594,0.125816,0.343378,0.267144,0.509651,0.172139,0.240517,-0.203086,0.224587,0.286326,0.054976,0.016561,0.314927,0.24602,0.118718,0.301886,0.26721,0.010826,-0.211853,0.169282,0.310358,0.256915,0.267308,0.070276,-0.142004,0.298996,0.076534,0.06766,0.164482,0.301057,0.096408,0.150976,0.279322,-0.255314,0.309749,0.000499,0.518342,0.178508,0.184145,0.041268,0.22814,0.143421,0.076007,-0.019928,0.363593,-0.01552,0.281919,0.061248,0.105883,0.290316,0.058613,0.010506,0.162286,0.402502,0.086172,0.251526,0.189218,-0.084562,-0.002928,0.15728,-0.139573,0.150236,0.070398,0.170046,0.225748,0.126597,0.322158,0.182141,0.258054,0.16116,0.143755,-0.223157,0.287539,0.21282,0.01351,0.249393,0.128603,0.160824,0.401693,0.341154,0.22021,-0.074708,0.224911,0.394104,0.215881,0.331808,0.08157,0.150595,0.398826,-0.046896,0.361111,0.068528,0.126527,0.216626,-0.127017,0.183964,0.166749,0.119854,-0.388856,0.147129,-0.00783,-0.256995,-0.145151,0.05488,-0.172731,-0.090385,-0.162394,-0.362427,-0.109247,0.238388,-0.048175,0.224268,-0.145135,-0.36074,0.387953,-0.29507,-0.246376,-0.227649,-0.076939,-0.136381,-0.01215,0.233419,-0.034513,-0.149904,#
20,0.128739,0.209385,-0.017717,0.115024,0.264595,0.202773,0.227434,-0.124411,-0.000822,0.299359,0.235536,0.08285,0.282106,-0.186644,-0.241705,0.124242,-0.155128,0.117646,0.292289,-0.24084,1.0,0.337907,0.033387,0.105831,-0.110834,-0.199486,0.004681,0.022134,0.411411,0.185825,-0.077142,-0.106791,0.027903,-0.04934,-0.099298,0.033686,-0.107263,-0.34932,-0.133687,0.13307,0.169793,0.136483,0.025505,0.090753,-0.001075,-0.093816,-0.42934,-0.073807,-0.198674,-0.06414,0.203727,-0.130572,0.054779,-0.100929,0.273331,0.022479,-0.296423,0.107884,-0.036939,0.122435,0.112496,-0.062136,0.019159,-0.21006,0.188547,0.104445,-0.053239,-0.049661,0.057999,-0.026148,-0.44345,0.030284,0.185143,-0.047552,-0.238901,0.005379,-0.202165,0.04527,-0.121419,-0.119595,-0.333065,-0.151077,-0.084753,-0.012104,-0.168115,-0.437288,0.107275,-0.231176,-0.094688,-0.281125,-0.153691,-0.379718,-0.239792,-0.080164,0.015637,-0.163994,-0.278556,-0.101596,-0.214851,0.118955,0.284387,0.06933,0.015617,-0.10925,-0.198605,-0.076628,-0.300755,-0.070957,-0.368617,0.068105,-0.05773,-0.057521,-0.267878,-0.13094,-0.187289,-0.096153,0.046962,-0.058844,-0.21683,-0.122903,-0.288577,-0.141443,-0.270752,-0.078372,-0.191306,-0.275115,0.223266,-0.088882,-0.085992,-0.186172,-0.284848,-0.130835,-0.157498,0.159961,-0.235987,0.15395,-0.193283,-0.31463,-0.108834,-0.395865,-0.306766,0.172763,-0.256867,-0.118669,-0.078587,-0.160042,-0.37837,0.36702,-0.099327,-0.254279,0.157106,-0.360466,-0.151833,-0.306552,-0.261669,-0.221231,-0.186091,0.257358,-0.223396,-0.201311,0.002434,-0.190152,-0.278665,0.010379,-0.35071,0.0573,-0.232488,0.072597,0.03944,0.018981,0.151993,0.187528,-0.1736,0.061268,0.250622,-0.24034,-0.138662,0.345001,0.172478,0.010387,0.229861,0.083582,0.152899,0.245698,0.163257,-0.039196,-0.028092,0.090778,0.139004,0.510158,-0.186836,0.344209,0.248564,0.151107,0.118893,0.147104,0.458451,0.029092,0.1796,0.012438,#
