0,1.0,0.071079,-0.122811,-0.327853,0.161632,0.101205,0.29737,-0.155414,0.083053,0.094732,0.31978,-0.046508,0.200531,0.259298,0.009117,0.122762,-0.127696,-0.356713,0.353123,0.0237,0.146903,-0.016286,0.160082,-0.264213,-0.072389,-0.257129,-0.138226,-0.005762,0.287812,0.194757,-0.104542,-0.005797,0.141959,-0.302713,0.178932,0.23099,0.18319,-0.046666,-0.055254,0.142218,0.025719,0.165991,-0.108858,-0.078987,0.069781,-0.165335,0.013299,0.175273,-0.220119,0.125692,0.18849,-0.220885,0.116732,0.033825,0.188239,0.047555,-0.175633,-0.001528,-0.187911,0.08777,0.299905,0.090757,-0.060849,0.186658,-0.173675,0.029884,-0.157133,0.308591,-0.146069,-0.03214,0.175308,0.014249,0.122535,-0.264839,-0.232097,0.243501,-0.367591,-0.194122,-0.198568,-0.0528,0.064192,-0.246425,-0.233058,-0.231679,-0.098099,-0.07244,-0.244621,-0.115834,-0.134368,-0.203235,-0.382831,-0.188218,-0.082706,-0.197892,-0.061468,-0.286959,-0.25918,-0.393615,-0.23489,-0.047538,0.316961,-0.020582,-0.177283,-0.292572,-0.160516,-0.28162,-0.034674,0.17467,-0.272047,-0.040251,0.041639,0.14974,-0.436674,-0.265465,0.085066,0.096286,-0.127909,-0.151676,-0.018108,-0.197619,-0.253444,0.02403,0.018641,-0.038555,-0.072176,-0.05485,-0.092559,0.198189,-0.217499,-0.166963,-0.115486,-0.399029,-0.071473,0.12252,-0.111621,-0.1514,-0.153142,-0.005376,0.276859,-0.151774,-0.078948,0.278318,0.017864,-0.137513,-0.280682,-0.069869,-0.232807,0.076009,-0.270948,-0.296316,-0.048825,-0.166251,-0.230399,-0.310953,0.176389,-0.114804,0.099153,0.101991,-0.387721,0.004525,0.144717,-0.228273,0.016346,-0.317189,0.072212,-0.04017,0.004785,0.036328,-0.32283,-0.21051,0.091642,0.044743,-0.102576,-0.010943,-0.009741,-0.060055,-0.178871,0.066409,0.169332,-0.334234,0.008295,-0.002031,-0.011946,0.364112,0.090953,-0.004767,0.21094,-0.046304,0.130723,0.244701,-0.290438,0.109843,0.454384,0.010462,-0.01707,0.246836,-0.073672,-0.183612,-0.0509,0.011411,#
1,0.071079,1.0,0.026748,-0.123674,-0.093788,-0.00768,0.197766,0.020425,-0.205234,0.203248,-0.049036,0.041857,0.106008,0.214993,0.124053,0.16198,0.007666,0.084334,0.317308,-0.025429,0.286838,0.045343,0.178521,-0.158956,-0.075191,-0.231887,-0.09515,-0.049668,0.047343,0.103197,-0.001985,0.116412,0.044523,0.037199,0.070679,-0.015816,-0.011416,-0.217568,0.022014,0.052063,0.04662,0.269864,-0.051487,0.074564,0.153204,0.010678,0.107893,-0.096724,0.211004,0.298995,0.056494,0.026441,0.095281,0.070934,0.001438,-0.080398,0.160999,-0.252175,-0.190362,-0.116507,0.11544,-0.188367,-0.029789,0.010638,0.355711,0.214577,-0.24193,-0.046783,-0.066586,-0.094654,-0.077091,0.011968,-0.096699,-0.10242,-0.056759,-0.0251,-0.179245,4.4e-05,0.143118,0.078837,0.075837,-0.172736,-0.000459,-0.007961,-0.070146,-0.023282,-0.059024,-0.086596,0.025986,0.018244,-0.176271,-0.03657,-0.063639,-0.152775,-0.000477,-0.046485,0.006914,0.122935,0.299345,0.093608,-0.075067,0.012656,0.053188,-0.02454,-0.246564,-0.055541,0.054596,-0.050884,-0.20695,0.002924,0.191877,-0.058042,-0.041111,0.126885,-0.056274,-0.029051,-0.030873,0.031678,0.028998,-0.163176,-0.03944,0.008575,-0.29049,-0.13574,-0.151173,-0.166908,0.064179,-0.012133,-0.213221,-0.110064,0.176207,-0.093777,-0.138287,-0.094178,-0.149435,-0.246861,0.136145,0.149187,0.020325,-0.186685,0.001778,-0.13154,0.107388,-0.041645,-0.009768,-0.060511,-0.287898,0.100415,-0.047164,-0.090988,-0.005117,0.023029,0.161492,-0.018877,-0.115745,0.011685,0.134133,0.000151,-0.029531,0.093469,-0.024322,0.04452,-0.159156,0.042449,-0.089144,0.280012,0.191086,0.188159,-0.022185,-0.34904,0.185979,0.232916,-0.093397,-0.136071,0.006074,-0.150555,-0.015427,0.05511,0.044178,-0.122448,0.07297,-0.040559,0.004572,0.200164,0.259305,-0.157142,0.174587,-0.189719,0.038614,0.133721,0.042905,0.124855,-0.191057,0.057018,-0.095762,-0.095731,0.170625,-0.084106,0.015401,0.135079,#
2,-0.122811,0.026748,1.0,-0.279969,-0.028012,-0.162992,0.05754,-0.127054,0.063954,0.099587,-0.003986,-0.119857,0.007479,0.064461,-0.23316,0.019659,-0.187107,0.264407,0.038561,-0.001208,-0.126873,0.142514,-0.094201,-0.052578,0.094987,0.053727,0.116375,-0.147336,0.05114,-0.190899,0.051616,0.216282,-0.278746,0.071692,-0.054752,0.107917,-0.048666,0.338256,0.089883,-0.236822,0.148754,0.031434,0.047539,-0.116606,-0.048495,-0.221611,-0.157037,0.159007,-0.034897,-0.034381,0.138425,-0.169384,0.125904,-0.184248,-0.235985,-0.163963,-0.075434,-0.183167,0.209625,-0.004618,0.179454,-0.210419,-0.02794,-0.258405,0.182562,0.060476,0.142808,0.057241,0.160872,0.285162,0.006671,0.21222,-0.311429,0.056872,-0.001872,-0.112851,-0.009171,-0.07998,-0.037387,0.008973,0.139748,0.033277,0.084281,0.168333,-0.243305,0.083195,0.027614,0.093008,-0.055213,0.133481,0.03437,0.068663,0.222567,0.211661,0.009429,0.010232,0.086507,-0.05331,0.148195,0.105347,-0.206407,-0.187636,0.063666,0.101278,0.252484,0.102081,0.104907,-0.016109,-0.045444,0.035711,0.106388,-0.135037,0.083082,0.13246,0.315018,-0.103954,-0.114165,0.191725,-0.010159,-0.089986,0.058582,0.179516,-0.011953,-0.177425,-0.09497,0.15426,0.256046,-0.047784,0.114662,-0.073406,0.277821,0.026444,0.086828,0.052872,0.039211,-0.099932,0.058623,0.311808,0.097123,0.158275,-0.094955,0.126699,0.152543,-0.012785,-0.038171,-0.016712,-0.165483,0.120468,0.07979,0.253022,-0.025399,0.09599,0.096625,0.001059,0.06054,0.06257,0.049577,0.083935,0.217721,-0.036624,0.335213,-0.009823,-0.004243,0.30702,0.012278,-0.109574,-0.054989,-0.064804,0.027839,0.080526,-0.097282,-0.09883,-0.091117,-0.025548,-0.227751,0.047841,0.038041,0.012477,0.071631,-0.117449,0.1494,-0.009224,-0.199685,-0.07381,-0.08172,0.17433,0.11011,0.178693,-0.155623,-0.239012,0.105977,-0.110876,-0.245894,0.353735,-0.096185,-0.174825,0.034067,0.216241,0.160826,0.090363,#
3,-0.327853,-0.123674,-0.279969,1.0,-0.132379,-0.213324,-0.327916,-0.157834,-0.209794,-0.32803,0.033093,-0.084038,-0.366106,-0.452611,0.048564,-0.189002,0.219529,0.112102,-0.148986,-0.100188,0.032536,-0.105736,-0.346577,0.070961,0.08753,0.345306,0.015162,0.176657,-0.215966,-0.246152,0.138051,-0.200381,0.071925,0.073751,-0.068881,-0.061625,-0.286717,0.002072,0.102447,0.123256,-0.127379,-0.343707,-0.034856,0.251407,0.098294,0.478713,-0.167541,-0.051299,0.1717,-0.177997,-0.081952,0.388919,-0.083067,0.149046,0.064682,-0.176597,0.379561,0.24968,-0.063712,0.031221,-0.46971,0.038838,0.192973,-0.138252,-0.181597,-0.329458,0.062166,-0.064842,-0.150531,0.128653,0.049863,-0.095797,0.238481,0.161129,0.107645,-0.128949,0.395369,0.149562,0.0925,-0.076049,0.023199,0.354179,0.145205,0.125967,0.188242,-0.054099,0.194623,0.168616,0.166271,0.083658,0.075013,0.170355,0.111703,-0.075862,0.225004,0.325265,0.33425,0.062838,-0.015856,0.304326,0.131137,0.276527,0.399258,0.234706,0.080639,0.041151,0.241497,0.156288,-0.013666,0.052327,-0.173464,-0.005371,0.272326,0.290675,0.000816,0.112854,0.164553,0.027691,-0.070177,0.301501,0.2463,0.239492,0.116797,0.373956,0.28386,0.073369,-0.346076,-0.157809,0.095772,0.244175,-0.066074,0.412363,0.286747,-0.190945,0.202531,0.311157,0.116647,0.049968,-0.136208,0.201083,0.148815,-0.111057,0.234976,0.243822,0.419523,0.075749,0.094463,-0.139874,0.350409,-0.00982,0.284416,0.003845,0.114242,0.123338,0.044257,0.127663,-0.318902,-0.310138,0.229473,0.159468,-0.053882,0.173565,0.006137,-0.053994,-0.020957,-0.249022,0.150508,0.03377,0.069804,0.120486,0.177027,0.117715,0.271569,0.354113,0.035464,0.224382,-0.00374,-0.040062,-0.370815,0.465541,-0.383305,0.043963,0.199802,-0.165025,-0.19157,-0.066733,-0.202992,-0.02747,0.260271,-0.047252,0.125917,-0.084929,-0.154155,-0.191507,0.066569,-0.069314,-0.026182,-0.146478,-0.190046,-0.342298,#
4,0.161632,-0.093788,-0.028012,-0.132379,1.0,0.059854,-0.050283,-0.11334,0.051691,-0.141028,0.271627,0.008698,-0.059728,-0.342632,-0.196392,-0.10063,0.290995,-0.195598,-0.117245,-0.183909,-0.27149,-0.371333,0.038206,-0.040366,0.030113,-0.078479,-0.187283,0.022418,-0.107674,-0.024294,-0.431585,-0.246078,0.006744,-0.20689,0.104936,0.119901,-0.069945,-0.150636,0.118084,0.391284,-0.11874,-0.37197,-0.215457,-0.025332,-0.134806,0.182842,-0.16007,-0.108816,0.101752,0.355308,0.025815,-0.100903,-0.158376,0.317485,0.066042,0.053478,0.010512,0.185915,0.016509,0.076719,-0.20321,-0.238918,0.022303,-0.100508,-0.281212,0.027969,0.663846,-0.138614,-0.028613,-0.354047,-0.036687,-0.209103,-0.038882,0.243139,0.202343,-0.008091,-0.249999,-0.236927,-0.147908,-0.151726,-0.310601,0.190294,0.157442,-0.08989,0.103649,-0.114767,0.112865,0.098461,0.067347,-0.079729,0.155337,0.0978,0.106848,-0.052381,0.060457,0.067299,0.169132,-0.023002,-0.184291,-0.069774,0.155804,0.112307,0.073084,-0.086731,0.082638,0.014447,0.004861,0.092845,-0.1015,0.277466,0.001694,-0.08936,0.003314,-0.055984,-0.209417,0.304653,-0.023676,0.374486,-0.389556,0.0341,-0.304324,0.017167,0.044067,-0.04668,0.194357,-0.008833,-0.097582,-0.00061,0.040868,-0.19659,-0.057604,-0.250878,-0.025439,-0.151381,0.027262,0.0559,0.131733,0.075525,-0.228121,0.121875,-0.010981,-0.205453,-0.172797,0.213831,-0.158842,-0.330172,-0.085404,-0.044414,0.178102,-0.029338,0.123064,0.098522,-0.248724,0.110631,-0.053918,-0.147464,-0.062074,0.041691,-0.166399,0.249061,-0.32701,-0.277665,-0.206943,0.138541,0.075583,-0.153172,-0.024277,-0.040733,-0.029952,0.288396,0.12289,-0.061366,0.153538,-0.078676,-0.040336,0.215328,0.062692,0.119824,-0.022587,-0.024397,-0.216273,0.289002,0.140628,-0.07479,0.137422,0.087073,-0.059817,0.069698,0.28827,-0.106283,0.044815,0.183383,0.209692,-0.052459,-0.18396,0.224751,-0.027239,0.136753,-0.128923,-0.170081,#
5,0.101205,-0.00768,-0.162992,-0.213324,0.059854,1.0,0.403642,0.437381,0.13912,0.082209,0.068727,0.209146,0.131701,0.157351,0.049465,0.059069,0.114415,-0.020357,0.283612,-0.160908,0.060236,-0.019313,0.233114,-0.032536,-0.09314,0.175466,0.071502,0.107074,0.196405,0.203303,-0.365768,-0.062756,-0.083139,-0.017823,-0.063179,0.024085,0.06039,-0.112254,-0.052697,-0.013414,-0.198952,0.173054,-0.116743,-0.152084,0.092621,-0.108071,0.138458,-0.263036,-0.021571,0.250231,0.055543,-0.000407,0.154569,0.200324,0.130356,0.308614,-0.159863,0.130128,-0.271261,0.006406,0.069437,-0.11146,-0.019787,0.322103,-0.162518,0.180839,0.0,0.104432,-0.078703,-0.367649,0.145238,-0.029881,-0.105888,0.06756,-0.123618,0.284975,-0.171508,-0.097634,-0.172084,-0.076714,-0.22759,-0.302388,-0.130854,0.231491,-0.171429,-0.217016,-0.13839,-0.046174,-0.072332,-0.228927,-0.062134,-0.302873,-0.273837,-0.110004,-0.110769,-0.084049,-0.178375,-0.423119,-0.143954,-0.436744,0.179236,0.005197,-0.09268,-0.311339,-0.350651,-0.267551,-0.09546,0.123995,-0.217827,-0.027663,-0.008562,0.36918,-0.380044,-0.362126,-0.031233,-0.091773,-0.11695,0.109178,0.193333,-0.141646,-0.1272,-0.264979,0.012985,-0.199485,-0.23103,-0.039918,0.021343,-0.057635,-0.366283,-0.124781,-0.188509,-0.172863,-0.160379,0.043934,-0.432028,-0.12862,0.248726,0.067589,-0.038075,-0.231528,-0.138333,0.059092,-0.229465,-0.040089,-0.115971,-0.258755,0.219469,0.128552,-0.308421,-0.140669,-0.063259,-0.242157,0.114394,-0.075752,0.161598,-0.263759,0.069081,0.078485,-0.483359,-0.204303,-0.257152,-0.132873,0.061489,-0.282703,0.077524,0.008117,-0.113122,-0.09085,-0.107238,-0.079324,0.145869,-0.184707,-0.130514,-0.230642,0.23177,-0.162454,0.046432,0.081014,0.191831,-0.235406,0.301592,0.050213,0.059918,0.096695,0.512404,-0.12769,0.125357,-0.02276,-0.124188,0.239276,-0.017056,0.043549,0.212044,-0.152503,-0.248421,0.096448,0.191101,-0.174827,-0.21824,-0.051355,#
6,0.29737,0.197766,0.05754,-0.327916,-0.050283,0.403642,1.0,0.209149,0.33487,0.258219,0.101843,0.078932,0.249101,0.351132,-0.076824,0.27466,0.085861,0.229175,0.332322,0.084896,-0.149422,0.052414,0.258798,-0.114806,0.030191,0.074665,0.030913,-0.009036,0.46814,0.082063,-0.303364,-0.103166,-0.135502,-0.308784,0.03498,0.10028,0.197276,-0.142252,0.177488,-0.026848,0.152933,0.236677,0.004893,-0.069501,0.148523,-0.376725,0.062085,-0.193212,-0.163166,0.250924,0.068146,-0.250553,0.14272,0.063069,0.376993,0.073696,-0.108849,-0.281192,-0.042326,-0.185647,0.354736,0.074821,-0.103681,0.345199,0.130943,0.401619,-0.110478,0.235039,0.082919,-0.205069,0.18262,0.088612,-0.227813,-0.45569,-0.313219,0.274594,-0.380263,-0.381037,-0.150339,-0.200152,-0.204215,-0.261738,-0.250371,-0.064347,-0.454413,-0.116963,-0.258298,-0.269327,-0.276504,-0.435135,-0.424921,-0.458928,-0.643699,-0.098931,-0.262886,-0.448666,-0.231204,-0.490969,-0.223802,-0.303477,0.010733,-0.104926,-0.306754,-0.34769,-0.34992,-0.38597,-0.067787,-0.085915,-0.145689,-0.229852,-0.050298,0.040665,-0.372903,-0.475165,-0.019748,-0.290777,-0.159716,-0.091143,0.167784,-0.34193,-0.334692,-0.303253,-0.215211,-0.43064,-0.204528,-0.216714,0.136407,0.110084,-0.309964,-0.336418,-0.328051,-0.364275,-0.37582,0.031433,-0.323129,-0.412694,0.134473,-0.137766,0.018884,-0.456962,-0.26221,0.008324,-0.178649,-0.414981,-0.410574,-0.214702,-0.121465,0.552432,-0.36467,-0.363789,-0.217152,-0.318689,-0.203038,-0.199604,-0.019589,-0.388508,0.137131,0.396006,-0.288597,-0.327837,0.035063,-0.261086,-0.076499,-0.119845,-0.072276,0.190985,-0.047669,-0.05609,-0.439659,-0.10769,0.159068,-0.077065,-0.154554,-0.286332,0.356849,-0.398689,0.011484,0.26219,0.383328,-0.60981,0.419549,0.104228,-0.060553,0.286249,0.306998,-0.379081,0.062113,0.001003,-0.205773,0.213564,-0.315548,0.180938,0.321693,0.06355,-0.225199,-0.113719,0.218857,-0.160768,-0.160318,0.347294,#
7,-0.155414,0.020425,-0.127054,-0.157834,-0.11334,0.437381,0.209149,1.0,-0.11499,0.301401,-0.296344,-0.004196,0.425552,0.286465,0.237105,0.150411,0.130549,0.192402,0.134692,-0.134333,0.212611,0.220651,0.112792,0.076613,-0.067894,0.044814,-0.006974,-0.272656,0.11207,0.177684,-0.179647,-0.102796,0.124093,0.083563,-0.260869,-0.138304,-0.039123,-0.111979,-0.061362,-0.370733,0.040459,0.167311,0.088508,-0.199242,-0.091035,-0.296769,0.226913,-0.276426,-0.030011,0.035015,-0.170687,-0.10107,0.125643,-0.028545,0.284427,0.296169,0.058042,-0.249015,-0.210826,0.164782,0.159753,-0.177377,-0.125635,0.259536,-0.039509,0.383147,-0.018716,0.214468,-0.253766,-0.088984,-0.032412,0.258652,-0.389226,0.011558,-0.032707,0.067686,0.014087,0.094066,0.03121,0.064967,-0.030485,-0.382851,-0.199595,-0.081779,-0.080645,-0.090346,-0.013762,-0.032173,0.175681,0.081303,0.055909,-0.290509,-0.181557,0.076491,-0.002987,-0.045855,-0.165546,-0.028513,0.063424,-0.431519,-0.084632,0.086892,-0.173866,0.001785,-0.203612,-0.014215,-0.300426,-0.069923,0.062296,-0.205256,-0.006492,0.118834,-0.127275,-0.135368,0.049357,0.016149,-0.033052,-0.078865,0.057731,-0.158154,0.093928,-0.560436,-0.030316,-0.138195,-0.194848,-0.092445,0.012839,-0.129733,-0.183085,-0.03142,-0.211768,0.064704,-0.101209,-0.031417,-0.207058,0.034906,0.210693,-0.27483,-0.017681,-0.317125,-0.209357,-0.158144,-0.27475,-0.066447,-0.299753,-0.129247,0.096153,0.134677,-0.127238,-0.113953,-0.07083,-0.027453,-0.077772,-0.157294,0.064039,-0.423642,0.115641,0.319576,-0.187312,-0.057579,-0.023419,0.018409,-0.170171,-0.079791,0.317531,0.075153,-0.20687,0.11552,0.022798,0.245559,-0.090597,-0.000539,-0.24784,-0.149958,0.29459,-0.25037,-0.048069,-0.118277,0.266833,-0.141494,0.220398,0.207997,0.134693,-0.104976,0.190501,-0.007874,-0.040711,-0.096773,-0.320524,0.180092,-0.177023,-0.200555,0.045671,-0.096503,-0.054536,-0.061918,0.067625,-0.081496,-0.303714,0.274146,#
8,0.083053,-0.205234,0.063954,-0.209794,0.051691,0.13912,0.33487,-0.11499,1.0,0.222325,0.021038,0.156744,-0.05408,0.131847,0.062044,-0.085459,-0.250938,0.083178,0.072081,0.074918,-0.178142,0.15888,0.115731,0.006095,0.055158,0.222797,0.12151,0.252974,0.151861,0.082709,-0.220068,-0.029228,0.003814,-0.009203,0.087264,0.038029,-0.049957,-0.037157,0.197961,-0.094876,0.173589,0.075232,-0.114004,0.098398,0.130738,-0.077923,0.028721,0.09135,0.005137,-0.054086,-0.054842,-0.075217,0.115259,0.08936,0.190648,0.284071,-0.233629,-0.082399,-0.013159,0.106585,0.163456,0.053668,-0.01432,0.215051,0.00711,0.044875,-0.074689,0.24546,0.332436,-0.113662,0.020862,0.135659,0.072954,-0.00999,-0.208641,0.088564,-0.020692,-0.162209,-0.085106,-0.088636,-0.082422,-0.073924,-0.176448,-0.104814,-0.226225,0.184946,-0.21399,-0.168773,-0.018698,-0.488986,0.081913,-0.178121,-0.297771,0.111078,-0.059072,0.075162,-0.095778,-0.196593,-0.392731,-0.17386,-0.028182,0.107721,-0.007792,-0.084307,0.054929,-0.316855,-0.073991,-0.041313,-0.104785,-0.060625,-0.099195,-0.088275,-0.180654,-0.249448,0.15257,-0.131394,0.078266,-0.033502,0.023554,-0.105423,0.064217,-0.008186,0.119232,-0.234003,-0.141622,0.065544,0.286777,-0.012032,-0.072533,-0.015355,-0.004133,-0.093058,-0.374471,-0.115201,-0.176212,-0.024564,-0.065283,0.070633,-0.022978,-0.060801,-0.111659,0.04396,-0.091943,-0.175964,-0.166708,-0.42854,-0.068943,0.055403,-0.165991,-0.0558,0.101096,-0.141418,-0.070629,-0.164279,0.213527,-0.137516,0.211496,0.159322,-0.175894,-0.220166,-0.139789,0.055295,0.106782,-0.072311,-0.316498,-0.078845,-0.024319,-0.135403,-0.239132,0.013231,-0.072839,-0.246142,0.055353,0.07278,0.359746,0.131748,0.065112,0.041529,0.371785,-0.222842,0.279694,0.27234,-0.234526,-0.006531,0.051271,0.09037,0.120042,0.144297,-0.257224,-0.127497,-0.087967,0.027834,0.107686,0.071119,-0.107295,0.117192,-0.022123,-0.164324,0.037759,-0.009112,#
9,0.094732,0.203248,0.099587,-0.32803,-0.141028,0.082209,0.258219,0.301401,0.222325,1.0,-0.193037,-0.144426,0.351325,0.613615,0.125852,0.18768,-0.440621,0.366387,0.128154,0.182556,0.060187,0.194768,0.361311,0.140421,0.03681,-0.13259,-0.140305,-0.095144,0.197184,0.386649,0.124393,0.162709,0.260896,-0.195012,-0.08241,-0.046438,0.352517,-0.058763,0.106183,-0.467258,0.318081,0.270933,0.027919,-0.093555,0.077462,-0.52424,0.15079,0.222779,0.107959,0.07588,-0.179986,-0.227227,0.386956,-0.119169,0.274741,0.177756,-0.193739,-0.465725,-0.181612,0.280286,0.510587,-0.006135,-0.467834,0.081038,0.026293,0.322397,-0.033342,0.164708,-0.107541,0.151588,-0.048506,0.35716,-0.253592,-0.045998,-0.214051,-0.047592,-0.116906,-0.224622,0.0103,0.219955,0.046603,-0.349681,-0.285751,0.178706,-0.311976,0.135162,-0.110787,-0.178206,0.01662,-0.283736,0.004008,-0.069406,-0.313769,0.170092,-0.084002,0.079949,-0.496428,-0.101053,0.11329,-0.325016,-0.380387,-0.060963,-0.273364,-0.038525,-0.006957,-0.211109,-0.316717,-0.328063,0.118069,-0.282172,0.30812,0.240705,-0.333053,-0.191957,-0.0313,-0.245626,-0.100328,-0.134231,0.365777,-0.406638,-0.187461,-0.328726,-0.023701,-0.235475,-0.330226,0.248814,0.387068,0.014229,-0.154674,-0.285281,0.06052,0.091524,-0.449635,-0.028404,-0.371313,-0.287855,-0.042923,0.025896,0.089618,-0.308463,0.025282,-0.069842,-0.282174,-0.456106,-0.384105,-0.065641,-0.138172,0.212381,-0.224169,-0.225695,-0.239638,0.122149,-0.032847,-0.45819,0.090221,-0.36054,0.642326,0.431145,-0.133686,-0.301351,-0.081151,0.053704,-0.128444,0.110859,0.206921,0.421572,-0.083253,-0.068807,-0.054587,-0.067819,-0.150449,0.051367,-0.166551,-0.208919,0.307578,-0.286268,-0.014078,-0.144791,0.553283,-0.38633,0.661756,0.220849,-0.57288,-0.082144,0.204051,-0.004532,0.334,0.062031,-0.594269,0.066644,-0.255462,-0.22113,0.005225,0.292867,-0.201618,-0.035762,0.105864,-0.091233,0.244195,0.451749,#
10,0.31978,-0.049036,-0.003986,0.033093,0.271627,0.068727,0.101843,-0.296344,0.021038,-0.193037,1.0,-0.013304,-0.105658,-0.114165,-0.202271,-0.026572,0.09116,-0.286607,0.120358,-0.035651,-0.128493,-0.230949,-0.028533,0.017378,0.103576,0.249039,-0.064582,0.163763,0.145209,-0.201368,-0.00531,-0.002871,-0.141952,-0.369933,0.026687,0.245303,0.010366,0.250261,-0.057833,0.28255,-0.252751,-0.35322,-0.071669,0.041217,0.073871,0.11498,-0.27574,-0.011609,-0.08032,0.312536,0.164204,0.052358,0.02067,0.113588,0.040347,0.028194,-0.203071,0.295776,0.061469,-0.288312,-0.254404,-0.000416,0.089603,-0.0854,-0.113915,-0.037618,0.202521,0.069965,-0.104528,-0.146509,0.109777,-0.16622,0.100362,0.083885,-0.053257,0.112187,-0.099572,-0.170325,-0.065526,-0.089491,-0.049336,0.187733,-0.042087,0.144279,0.093253,-0.041928,0.038913,0.09855,0.066165,-0.015079,-0.177589,0.107855,-0.062139,-0.142784,0.066436,-0.010589,0.092679,-0.342805,0.035992,0.074694,0.182986,-0.106794,0.011948,-0.328725,0.029007,-0.162019,-0.071962,0.252647,-0.051148,0.321776,-0.248044,-0.052799,-0.225571,-0.093344,-0.032404,0.048611,-0.236268,-0.028924,-0.22934,0.063904,-0.330931,0.348055,-0.021176,-0.231364,-0.118201,0.030329,-0.103377,-0.007137,-0.053395,-0.229019,-0.155679,-0.267365,0.040348,-0.151093,0.062087,-0.041815,0.069452,-0.092225,-0.14812,0.057922,-0.037697,0.194746,0.046713,0.115148,0.248855,-0.061363,-0.048579,0.07439,0.034877,-0.00434,0.316505,0.050967,-0.111181,-0.004471,-0.065552,-0.004185,-0.401767,-0.121948,-0.023229,0.119132,-0.113033,-0.125967,0.032433,-0.101335,0.123724,-0.166124,0.118403,-0.195749,-0.096138,0.082406,0.204018,0.089366,0.214493,0.10665,-0.059989,0.154822,0.109714,0.102074,-0.113126,-0.028118,-0.26992,0.117398,0.097408,-0.003122,0.141036,0.048444,0.069313,0.184723,0.323063,0.197374,0.188933,0.219807,0.237446,-0.23668,-0.022834,-0.04468,-0.02709,-0.031451,-0.080412,-0.305964,#
11,-0.046508,0.041857,-0.119857,-0.084038,0.008698,0.209146,0.078932,-0.004196,0.156744,-0.144426,-0.013304,1.0,-0.02617,0.059403,-0.052961,-0.091497,-0.065423,-0.069712,-0.010775,0.004048,0.182958,-0.189474,-0.046608,0.038471,0.136016,-0.04469,0.044093,0.14081,-0.105851,0.021609,-0.089858,-0.053516,-0.096499,0.054066,-0.067763,0.030849,-0.109754,0.037691,0.107934,-0.034556,-0.153137,0.184683,-0.204053,-0.153262,-0.113643,0.26453,-0.054231,-0.057668,0.006015,0.1027,-0.210509,0.063871,-0.184912,0.342758,0.029252,-0.023432,-0.31032,0.113629,-0.268493,-0.258994,-0.188328,-0.295543,0.083976,0.245424,0.051465,0.157916,-0.092375,0.12238,0.31833,-0.221792,0.035059,-0.040292,0.147577,0.137543,0.065694,-0.059665,-0.036136,0.112701,-0.095248,-0.119772,-0.237064,-0.233409,0.083295,-0.046168,-0.094645,-0.292428,-0.150002,-0.087357,0.104792,0.01344,-0.055001,-0.315301,-0.180447,-0.042268,-0.024958,-0.041746,0.11015,-0.03968,-0.174672,0.097685,0.19357,0.02631,-0.112482,-0.035445,-0.163532,0.041485,-0.031188,0.141388,-0.103905,0.062607,0.007239,-0.144319,-0.155654,-0.132319,-0.093915,-0.000549,0.08228,0.164601,-0.033945,0.036727,0.057901,-0.011791,-0.043684,-0.117875,0.121838,-0.074394,0.03632,-0.057383,0.010792,0.154666,-0.08737,0.019271,-0.145843,0.019627,-0.129404,0.177439,-0.009346,-0.153169,-0.085484,-0.20316,-0.073964,0.144972,0.146903,0.069197,0.152707,-0.137912,-0.040777,-0.0835,-0.080838,-0.056027,0.077415,0.24435,-0.093845,0.18137,0.197329,0.106589,-0.12173,0.060869,-0.037077,-0.222048,-0.099345,-0.089287,-0.012442,-0.162945,-0.299903,-0.106844,0.058103,0.080234,0.231068,0.008588,0.138961,0.259036,0.019646,-0.151726,0.15853,0.047241,0.140295,0.335012,0.036149,0.216066,-0.124727,-0.078437,0.051086,-0.097239,0.215567,0.228179,-0.102444,-0.006683,0.235168,0.069943,0.077393,0.328661,0.060122,0.052918,-0.128625,-0.002514,0.042925,-0.236645,0.006396,-0.182376,#
12,0.200531,0.106008,0.007479,-0.366106,-0.059728,0.131701,0.249101,0.425552,-0.05408,0.351325,-0.105658,-0.02617,1.0,0.610667,0.079213,0.292962,-0.076538,0.27331,0.220892,0.121948,0.110168,0.088745,0.450515,0.082966,-0.115495,-0.288597,-0.044699,-0.071523,0.24587,0.219338,-0.012925,0.019676,0.073649,0.065771,-0.231058,0.137003,0.223721,-0.117567,-0.13405,-0.067782,-0.058906,0.171195,0.170398,-0.225508,-0.199571,-0.458703,0.320909,0.023867,-0.006522,0.141875,0.061984,-0.199708,0.118129,-0.057347,0.150068,0.146708,0.008967,-0.383333,-0.067896,0.056936,0.407858,-0.126659,-0.190828,0.270395,0.092116,0.166705,-0.170264,0.163432,-0.024818,0.024705,-0.093734,0.127273,-0.381437,-0.261126,-0.289719,0.092841,-0.228626,-0.123677,-0.089334,0.0212,-0.077223,-0.312633,-0.267785,-0.232623,-0.140534,0.028049,-0.135137,-0.047457,-0.055606,-0.031428,-0.227954,-0.172162,-0.401134,-0.042247,-0.177349,-0.208625,-0.325367,-0.218281,-0.09726,-0.425255,-0.101783,-0.310145,-0.300146,0.004286,-0.166463,-0.111932,-0.279469,-0.186081,0.047827,-0.271947,0.062584,-0.063045,-0.276079,-0.259266,0.057731,-0.213531,-0.020285,-0.124472,0.046215,-0.232995,-0.004849,-0.350949,-0.233589,-0.316155,-0.306871,-0.075743,0.19761,0.133769,-0.219931,-0.268559,-0.147034,-0.046862,-0.346961,0.1467,-0.060079,-0.148289,0.159816,-0.294035,-0.103273,-0.325439,-0.271314,0.044379,-0.162151,-0.323128,-0.343187,0.119188,-0.055369,0.341463,-0.275999,-0.202277,-0.307862,-0.075082,-0.02994,-0.19889,0.069423,-0.343556,0.277336,0.239201,-0.162525,-0.232363,0.108534,-0.124769,-0.016304,0.006554,0.298689,0.214036,0.005818,0.249164,-0.126834,0.017664,-0.077428,-0.044196,-0.440946,-0.181876,0.125386,-0.208922,-0.175313,0.101114,0.201098,-0.416668,0.22712,0.103874,0.134101,-0.057117,0.200427,-0.094393,0.118575,0.125086,-0.281786,0.350732,-0.248954,-0.119192,0.116125,0.12214,0.100988,0.091589,0.102686,-0.075617,0.080788,0.382361,#
13,0.259298,0.214993,0.064461,-0.452611,-0.342632,0.157351,0.351132,0.286465,0.131847,0.613615,-0.114165,0.059403,0.610667,1.0,0.222127,0.22294,-0.372138,0.191401,0.290229,0.300308,0.254264,0.229455,0.368822,0.10892,-0.026542,-0.185309,0.229649,0.085072,0.353416,0.306635,0.245701,0.295337,0.05209,0.020322,-0.261397,-0.052036,0.20761,0.075365,0.071488,-0.395258,0.139694,0.456075,0.030158,-0.089492,-0.024244,-0.596691,0.294714,0.222645,-0.119754,0.045677,-0.024043,-0.244797,0.248892,-0.318013,0.062544,0.127209,-0.102523,-0.461988,-0.199345,0.01848,0.637289,0.060883,-0.40965,0.170784,0.162609,0.319856,-0.26402,0.19433,-0.03323,0.047335,-0.131048,0.379174,-0.161492,-0.221505,-0.349107,0.093162,-0.233864,-0.059489,-0.10109,0.115327,0.05574,-0.506694,-0.41127,0.024942,-0.299224,0.19326,-0.123213,-0.17541,0.0112,-0.214626,-0.168528,-0.127714,-0.329946,0.03448,-0.119503,-0.115812,-0.405977,-0.162793,0.041251,-0.389825,-0.240709,-0.198991,-0.326432,-0.179569,-0.129826,-0.187621,-0.201768,-0.301638,0.032471,-0.375926,0.128412,0.158085,-0.486787,-0.129028,0.197484,-0.272568,-0.261206,-0.190926,0.440476,-0.353769,0.019834,-0.31883,0.015072,-0.324312,-0.366523,0.014877,0.157415,0.038813,-0.278993,-0.276678,-0.068674,-0.078937,-0.353188,-0.052847,-0.197293,-0.264734,0.142906,-0.189619,0.145086,-0.487281,-0.04606,0.186621,-0.02029,-0.407482,-0.445969,0.005396,0.003921,0.264222,-0.389647,-0.116319,-0.194545,0.118731,0.050483,-0.355915,-0.029663,-0.237649,0.493382,0.203485,-0.133084,-0.337422,0.093549,-0.01518,0.064111,-0.200556,0.156706,0.415192,-0.048298,0.155891,-0.247849,-0.087615,-0.253713,-0.066158,-0.292123,-0.213133,0.176286,-0.215166,-0.054377,0.076639,0.431888,-0.393739,0.469419,-0.050076,-0.304731,0.03868,0.235473,0.068457,0.118402,0.147673,-0.413699,0.183153,-0.269392,-0.195468,0.009899,0.229654,-0.040391,-0.086499,0.059259,-0.217547,0.218487,0.362108,#
14,0.009117,0.124053,-0.23316,0.048564,-0.196392,0.049465,-0.076824,0.237105,0.062044,0.125852,-0.202271,-0.052961,0.079213,0.222127,1.0,-0.073689,-0.098358,0.014425,0.198902,0.155519,0.368428,0.093577,0.144266,0.214225,-0.141303,0.074193,0.362601,0.08773,0.123508,0.041195,-0.012868,0.222662,0.146734,0.029507,-0.142953,-0.284104,-0.140786,-0.026323,-0.115487,-0.237667,0.195218,0.335179,0.018313,0.24758,0.322237,-0.225588,0.162013,0.060247,0.049509,-0.033823,0.076341,0.103778,0.107522,-0.148307,-0.021563,0.373237,0.156585,-0.256726,-0.141946,0.240254,0.202217,0.023406,-0.183206,0.163475,0.13229,-0.057599,-0.098913,-0.066317,-0.090586,0.043582,0.014014,0.083315,0.14446,0.078433,-0.113001,-0.077098,-0.06957,0.236956,-0.175372,0.307032,0.145553,-0.219048,-0.076496,0.022022,0.039553,0.286337,0.266523,-0.023687,0.160177,-0.155744,0.001504,0.060811,0.120282,0.050974,0.109915,0.073016,-0.155824,-0.072296,0.002128,-0.190259,-0.058201,0.161469,-0.062984,-0.222613,-0.095627,0.034287,-0.232287,0.038086,0.07124,0.032048,-0.003184,0.085671,0.054864,0.063168,0.231542,-0.003316,-0.127431,-0.105715,0.135811,-0.307235,0.129486,-0.216421,0.13166,0.059966,-0.155519,-0.181004,0.010496,0.137749,-0.212447,0.093963,-0.016292,0.090349,-0.133639,-0.136365,-0.098465,0.031157,-0.101677,0.128719,0.044621,-0.141159,-0.063622,-0.022036,-0.042835,0.181256,-0.179345,-0.057927,0.070945,-0.092499,-0.110085,0.127347,-0.109611,-0.095832,0.173183,0.158849,-0.145837,0.033084,0.274715,0.026618,-0.041836,0.2053,0.072483,0.113089,-0.011626,-0.22721,-0.071641,0.146923,0.115716,0.010276,-0.070653,-0.021144,-0.322096,-0.032299,-0.154955,0.229865,0.053131,-0.131124,-0.008206,-0.103342,0.277588,-0.070408,0.059878,0.196499,0.062688,0.008416,0.039407,-0.058444,0.320909,-0.070353,0.030358,-0.034424,-0.039954,-0.183719,0.070757,0.083693,-0.135736,0.040974,-0.036158,-0.22105,0.06604,-0.074146,#
15,0.122762,0.16198,0.019659,-0.189002,-0.10063,0.059069,0.27466,0.150411,-0.085459,0.18768,-0.026572,-0.091497,0.292962,0.22294,-0.073689,1.0,0.033757,0.285007,0.048806,0.137324,-0.183449,0.144752,0.257621,-0.129328,-0.028636,-0.087657,-0.061649,0.042465,0.287428,0.113109,0.210646,0.015356,0.149095,-0.057178,0.08171,0.030762,0.255895,0.036372,0.044407,-0.133665,0.16869,0.033891,0.323237,0.141866,-0.19083,-0.244334,0.153646,0.030256,0.038972,0.230686,0.141559,-0.069626,0.048605,-0.091865,0.236971,-0.09977,-0.04604,-0.380167,-0.03579,0.213901,0.068737,0.208238,-0.101102,0.141464,0.023633,-0.050232,-0.085753,0.130347,-0.386174,0.075929,0.135474,0.311222,0.038606,-0.224907,-0.04076,0.26892,0.046035,-0.125595,0.227859,0.083316,0.147425,-0.150841,-0.211081,0.234194,0.11117,-0.119464,-0.063132,-0.328824,-0.02603,0.143673,-0.019613,0.058091,-0.214029,0.159633,-0.05288,-0.251233,0.048223,-0.09607,0.186587,0.02829,-0.114507,0.031249,-0.264424,0.272201,0.025571,-0.029304,0.07888,-0.030896,-0.011897,-0.157698,0.040419,0.034976,-0.112933,-0.129847,-0.024159,-0.049073,0.045714,-0.238825,0.133821,-0.138871,-0.044707,0.062249,-0.183356,-0.1235,-0.152904,-0.002053,-0.059299,0.314314,-0.125183,-0.187272,0.007577,-0.113353,-0.043109,0.244396,-0.047846,-0.153895,-0.042154,-0.276366,0.011489,-0.187975,0.061039,0.089308,-0.176983,-0.314975,-0.073266,0.209399,0.16728,0.236575,-0.205387,-0.28158,-0.145261,-0.149144,0.093935,0.004295,0.036931,0.05111,0.050874,0.213971,-0.031669,-0.127467,0.210325,-0.066642,0.163682,-0.08155,0.250369,0.119179,-0.123724,0.270013,-0.229504,-0.065546,0.141769,0.135356,0.01155,-0.101682,-0.078108,-0.067692,-0.118608,0.204581,0.025276,-0.286596,0.334686,-0.118551,-0.161685,0.204269,0.039177,-0.0893,0.260761,0.080616,-0.094351,0.028793,-0.098127,-0.20999,0.0294,0.15338,-0.010879,-0.045428,0.122357,0.029636,0.342516,0.372959,#
16,-0.127696,0.007666,-0.187107,0.219529,0.290995,0.114415,0.085861,0.130549,-0.250938,-0.440621,0.09116,-0.065423,-0.076538,-0.372138,-0.098358,0.033757,1.0,-0.062844,-0.059111,-0.024052,-0.137853,-0.19089,-0.103789,-0.265039,-0.304958,0.093391,-0.17598,-0.016497,0.024984,-0.291695,-0.282653,-0.145254,0.047338,0.100202,0.170273,0.117816,-0.281153,-0.234336,-0.111754,0.31819,-0.172271,-0.322876,0.035108,0.099206,-0.177393,0.25779,-0.181817,-0.45314,-0.016102,0.191448,0.178141,0.036067,-0.193788,0.176741,0.202791,0.07335,0.271118,0.088471,0.059932,-0.167579,-0.418433,0.062783,0.316811,-0.096151,-0.240639,-0.135403,0.171534,-0.014876,-0.287069,-0.266006,-0.027433,-0.340789,0.007152,-0.093627,0.069665,-0.0701,0.175681,-0.091593,0.136079,-0.036272,-0.106833,0.229748,0.219293,-0.1234,0.123143,0.008027,0.142821,-0.085527,-0.087722,0.194978,-0.013461,0.069757,-0.016763,-0.12143,0.139259,-0.044484,0.307432,-0.102073,-0.075291,0.192496,0.106105,0.210758,0.202479,0.137441,-0.134261,-0.02264,0.20016,-0.000675,-0.018693,0.024901,-0.29073,-0.154241,0.247103,0.150236,-0.305595,0.064489,0.240788,0.131037,-0.26347,0.09836,-0.06679,0.028102,-0.23964,0.023868,0.187486,-0.271568,-0.351482,-0.141051,0.018382,0.080972,-0.084317,-0.262361,0.203089,0.078601,0.244688,0.10506,0.258361,-0.223422,-0.260076,0.135983,0.058114,-0.196895,-0.016297,0.336266,0.068955,-0.063732,0.019982,-0.038048,0.049925,-0.120194,0.079009,-0.135239,0.059552,-0.002921,-0.036671,-0.053457,-0.406449,-0.072504,-0.017813,0.331901,-0.151898,0.020888,0.103368,-0.226923,-0.143417,-0.190234,0.133188,-0.102559,-0.063998,0.111068,0.101387,0.077015,-0.011812,-0.026565,-0.166431,0.072801,-0.032771,0.064665,-0.274429,0.053963,-0.351344,0.067477,0.613366,0.006168,-0.165548,-0.24787,-0.150674,0.085053,0.369226,-0.144409,0.044841,0.156441,-0.140906,-0.372247,0.045791,0.047041,-0.001453,0.053832,-0.313389,-0.082158,#
17,-0.356713,0.084334,0.264407,0.112102,-0.195598,-0.020357,0.229175,0.192402,0.083178,0.366387,-0.286607,-0.069712,0.27331,0.191401,0.014425,0.285007,-0.062844,1.0,-0.058104,0.236663,-0.180455,0.010371,0.10422,0.031655,0.151319,0.194055,0.091532,-0.058139,0.143597,0.035682,-0.010513,-0.135837,0.005959,0.063503,-0.127878,0.003418,-0.035077,-0.046439,0.08845,-0.341005,0.051704,-0.031821,0.21301,0.083491,-0.071924,-0.15921,0.008268,0.098995,0.185748,-0.002547,-0.024547,-0.017269,0.103707,0.049398,0.143613,0.010745,0.143978,-0.295952,-0.008321,0.147421,0.166137,-0.130863,-0.189867,0.120335,0.086748,0.090258,0.020744,0.099445,-0.026098,0.148978,0.091682,0.254964,-0.255275,-0.183845,-0.064129,-0.055929,0.095747,-0.081034,0.012828,0.038312,-0.040345,-0.116325,-0.20557,0.313662,-0.299008,0.117728,-0.062741,-0.130996,-0.189595,-0.08234,-0.031458,-0.05205,-0.256409,0.174587,-0.113793,-0.061453,-0.048103,-0.052519,0.111977,-0.125651,-0.426036,-0.107473,-0.103912,0.211947,-0.060296,-0.065232,0.084553,-0.229597,0.098499,-0.026318,0.11069,0.030361,-0.001301,-0.147611,-0.018891,-0.133612,-0.040833,-0.069539,0.214967,-0.208474,-0.045984,-0.180602,-0.232175,-0.259055,-0.218377,0.049992,0.047505,0.115867,-0.158626,-0.08511,0.063505,0.11224,-0.24062,0.004576,-0.07806,-0.094941,0.174744,-0.043205,-0.098794,-0.142237,-0.193712,-0.099694,-0.022264,-0.249385,-0.13791,-0.003482,-0.123381,0.385839,0.033189,-0.08001,-0.258152,0.006855,0.079636,-0.128223,0.011729,-0.125757,0.105479,0.342537,0.053293,-0.180543,0.005662,0.128359,-0.154251,0.257553,0.098097,0.23447,-0.044079,-0.065861,-0.077535,0.13094,-0.021264,-0.074066,-0.055276,-0.059567,0.087954,-0.088999,-0.081736,-0.093774,0.11683,-0.139263,0.410027,0.052455,-0.089386,-0.068292,0.227889,-0.190979,0.251151,0.324992,-0.36329,-0.018316,0.010968,-0.294727,-0.129222,0.177143,-0.238211,-0.231506,0.173958,0.04009,0.080312,0.285391,#
18,0.353123,0.317308,0.038561,-0.148986,-0.117245,0.283612,0.332322,0.134692,0.072081,0.128154,0.120358,-0.010775,0.220892,0.290229,0.198902,0.048806,-0.059111,-0.058104,1.0,0.032597,0.151565,0.198392,0.16931,0.050088,0.014049,0.035305,-0.001261,0.260855,0.292393,0.096897,-0.178058,0.175507,-0.069978,0.040042,-0.103469,0.034866,-0.046157,0.118412,-0.19545,0.050153,0.136676,0.218162,0.046642,-0.018269,0.212379,-0.102293,0.070001,-0.090306,-0.116579,0.065703,0.152853,-0.036329,0.300698,-0.081899,0.02494,0.221631,0.023214,-0.299157,-0.038431,-0.170287,0.251913,-0.255383,-0.10808,0.178879,-0.053492,0.170042,-0.215298,-0.022776,0.007391,-0.065024,-0.000215,0.064829,-0.089755,-0.194127,-0.222787,-0.023721,-0.103633,-0.11536,-0.1196,0.11273,0.255201,-0.122682,-0.071924,-0.286953,-0.002137,0.053937,0.011031,-0.090748,-0.038889,-0.157277,-0.241819,-0.20301,-0.003375,-0.272318,0.193666,-0.085957,-0.135623,-0.21361,-0.089447,-0.130924,0.193258,0.1118,-0.029009,-0.374674,-0.217177,-0.002302,-0.312867,-0.051993,-0.168051,-0.024819,-0.10337,0.146783,-0.224826,-0.069561,0.261404,0.149134,-0.025713,0.055383,0.24169,-0.190542,0.038679,-0.020949,-0.0731,-0.161433,-0.336652,-0.009034,0.116871,-0.03611,-0.053308,-0.017967,-0.168349,-0.129288,0.037888,0.028225,-0.045174,0.001581,0.004995,0.091299,0.031115,-0.139212,-0.290215,0.013273,-0.111973,-0.090799,-0.081751,-0.043334,-0.118175,0.100994,-0.35252,-0.096417,-0.067524,-0.096352,0.083547,-0.192011,0.188655,-0.161026,0.098487,-0.04927,-0.272696,-0.091463,0.083059,0.125758,0.038325,-0.279396,0.017681,0.108632,0.345973,0.107505,-0.173518,-0.122252,0.007908,0.003346,0.004496,0.150349,0.110997,0.033434,-0.024826,0.098584,0.298301,-0.208305,-0.046518,0.055713,0.054456,0.180981,0.105937,0.0455,0.39671,0.114329,0.04952,0.096404,-0.136781,0.002432,0.06191,0.013846,-0.005652,-0.068342,0.09595,-0.183524,-0.064991,0.019197,#
19,0.0237,-0.025429,-0.001208,-0.100188,-0.183909,-0.160908,0.084896,-0.134333,0.074918,0.182556,-0.035651,0.004048,0.121948,0.300308,0.155519,0.137324,-0.024052,0.236663,0.032597,1.0,0.084422,0.158535,0.107576,0.109623,-0.179843,-0.044396,0.203737,-0.071127,0.217389,-0.186343,0.124762,0.312237,0.32954,0.177328,-0.014536,-0.240266,0.110007,0.153434,-0.075485,-0.182357,0.219781,0.095147,0.030093,-0.073024,-0.069646,-0.274549,0.158979,0.263576,-0.057919,-0.199548,-0.03167,-0.172961,0.279442,-0.202672,-0.140903,-0.003587,-0.006266,-0.167176,0.190846,-0.018994,0.224171,0.064421,-0.193269,-0.126834,0.024513,-0.07892,-0.089241,-0.064382,-0.069818,0.208328,-0.098222,0.214618,0.268162,-0.281131,-0.196768,-0.367937,0.207396,0.137745,0.332752,0.20289,0.221031,0.10342,-0.08288,-0.02552,0.126334,0.537166,0.027647,-0.311828,0.112595,-0.085311,-0.075053,0.383167,-0.031018,-0.043083,0.108053,0.119052,0.05253,-0.02838,0.00188,0.0792,-0.34181,0.148906,-0.006757,0.042268,0.39499,0.019218,0.093415,-0.142863,0.30749,-0.247465,0.044813,-0.138941,0.043368,0.111244,0.120363,-0.078986,0.039958,-0.003526,0.211395,-0.282378,0.025288,-0.069918,-0.035788,-0.004543,-0.137687,0.240468,0.220114,0.196029,0.1815,0.306204,0.40512,-0.065316,0.02978,0.050398,0.29844,0.057931,0.124557,0.06948,0.10458,0.130152,0.15746,0.165859,0.053819,-0.136313,-0.075096,0.113377,0.172956,-0.094958,-0.108645,-0.00619,-0.021095,0.124247,0.253466,-0.109038,-0.014996,0.106035,0.273113,-0.067617,-0.044435,-0.175696,0.242635,0.142165,0.261199,-0.155028,-0.050822,0.116105,0.302412,0.003442,-0.051741,0.147426,-0.331258,-0.141771,-0.107441,-0.026673,-0.206896,-0.005836,0.142309,-0.207729,0.136793,-0.035918,0.151344,-0.013074,-0.229232,-0.039086,-0.23146,-0.365145,0.365277,0.332676,-0.203317,-0.042615,0.049371,-0.250985,-0.275558,0.023432,0.21236,-0.209344,-0.292933,-0.099228,0.408763,-0.011214,#
20,0.146903,0.286838,-0.126873,0.032536,-0.27149,0.060236,-0.149422,0.212611,-0.178142,0.060187,-0.128493,0.182958,0.110168,0.254264,0.368428,-0.183449,-0.137853,-0.180455,0.151565,0.084422,1.0,0.110576,0.001794,-0.128442,-0.064824,-0.202033,0.128652,-0.091933,-0.192476,-0.038774,0.113272,0.174185,0.318677,0.192952,-0.401724,-0.315428,-0.067468,-0.134814,0.016024,-0.208233,0.213322,0.254572,-0.320439,-0.014477,0.1305,-0.146459,0.134874,0.048643,0.011779,-0.164977,-0.246894,0.113747,0.344499,0.001033,-0.070172,0.04517,-0.081008,-0.055402,-0.380233,0.0614,0.053187,0.053193,-0.095044,0.030972,0.244885,0.022648,-0.409276,-0.00648,0.086485,-0.02366,-0.318524,0.162508,-0.009307,0.093498,-0.188958,-0.239288,0.016546,0.320243,0.077439,0.145861,0.171567,-0.288354,-0.009118,-0.056766,0.112464,0.049856,-0.031534,0.158724,0.323623,-0.001762,-0.015247,0.093371,0.115239,0.010125,0.14282,0.157485,-0.231149,-0.025563,0.144292,-0.133524,0.164509,0.219711,0.043571,0.010968,-0.02355,0.021679,0.012409,0.043254,-0.128451,-0.166071,0.08499,0.116304,-0.226358,0.140382,0.255817,0.081289,-6.8e-05,-0.023977,-0.023614,-0.075815,0.185497,-0.176669,-0.090794,0.119989,-0.07678,-0.136681,0.034833,-0.274228,-0.214731,0.161427,0.152724,0.07356,0.030333,-0.014423,0.022072,0.272854,0.036369,0.165765,0.26716,-0.113144,-0.083958,0.241981,0.071902,0.149747,-0.082207,-0.158975,-0.067404,-0.232015,-0.077376,0.096458,0.102428,0.032612,0.030798,-0.04424,0.099099,0.020612,0.241566,-0.159346,-0.268257,0.070596,0.043242,-0.073565,0.14113,-0.314367,-0.069939,-0.032396,0.154312,0.096466,0.080842,-0.234017,-0.230459,0.101461,-0.204492,0.020195,0.039117,-0.112231,-0.027374,-0.279811,0.196923,0.17763,-0.210005,-0.134047,0.107785,0.004587,0.029557,0.020524,0.01163,-0.219973,-0.13189,0.177211,-0.073069,-0.139337,-0.091912,0.003887,-0.043025,-0.144449,-0.038968,-0.453548,-0.16036,-0.107565,#
