0,1.0,0.0809,-0.157754,-0.170913,0.169666,0.084865,0.413354,-0.30158,0.061148,0.019252,0.495468,0.161268,0.194138,0.193148,0.066459,-0.053302,-0.047192,-0.41183,0.360397,-0.094399,0.002183,0.08335,0.09663,0.072542,0.070974,-0.035126,-0.156492,0.136224,0.241357,0.067276,-0.316185,-0.027691,0.082138,-0.193145,0.344938,-0.018575,0.119576,0.016508,0.134955,0.114543,-0.030791,0.101525,-0.047248,-0.076017,0.16324,0.067643,0.220568,0.182349,-0.24442,-0.024601,0.008224,-0.15241,0.07715,-0.114844,0.073699,0.023678,-0.116301,0.29124,-0.101871,-0.125979,0.189882,0.048526,-0.224855,0.169187,-0.313532,0.083463,0.026416,-0.064531,-0.140342,-0.110868,0.034776,0.07821,0.138365,-0.162506,-0.096587,0.134565,-0.474792,-0.152516,-0.27605,-0.090565,-0.0683,-0.128441,-0.091547,-0.371352,-0.040677,-0.112988,-0.084756,-0.114263,-0.114081,-0.119301,-0.375243,-0.188984,-0.004325,-0.351484,-0.149483,-0.245505,-0.09718,-0.500526,-0.28893,-0.160781,0.300448,-0.095061,-0.125874,-0.255218,-0.184519,-0.2588,-0.227025,0.060333,-0.244511,-0.126505,-0.054237,0.172771,-0.284405,-0.228599,-0.026218,0.026355,-0.050826,0.005227,0.065448,-0.073604,-0.223293,0.019383,-0.068782,0.168906,-0.181793,0.039357,-0.134173,0.17773,-0.237098,-0.180493,-0.319145,-0.384437,-0.146317,0.26743,-0.106691,-0.160314,-0.079866,-0.224336,0.291207,-0.151451,-0.148867,0.112831,-0.002741,-0.292294,-0.236383,-0.079295,-0.136286,0.066826,-0.316056,-0.245057,0.02855,-0.030382,-0.402084,-0.064355,0.102549,-0.14366,0.048461,0.101371,-0.283994,-0.066386,-0.102619,-0.199808,-0.007744,-0.282768,0.054893,0.080305,0.121616,0.031336,-0.299546,-0.117515,0.212945,-0.181867,0.120147,0.059057,0.110268,-0.065066,-0.218472,0.063969,0.114167,-0.378989,0.027903,0.146381,-0.024789,0.279525,0.112297,-0.090602,0.207178,-0.022369,0.1769,0.208945,-0.386325,0.245455,0.387222,-0.003446,-0.047015,0.1925,-0.036029,-0.189549,-0.038836,-0.191023,#
1,0.0809,1.0,-0.057704,-0.084992,-0.011005,-0.108799,0.123809,-0.096538,-0.148261,0.148685,-0.002449,-0.069744,0.051123,0.171061,-0.07422,0.132872,0.243378,0.023419,0.282067,-0.091673,0.20047,0.112345,0.022357,-0.220147,-0.054395,-0.289365,-0.188382,0.055099,0.092117,0.133894,-0.097242,0.050603,0.101209,-0.044847,0.238888,-0.045378,-0.037274,-0.212094,0.106992,-0.07188,0.098966,0.032016,0.001447,0.06926,-0.116965,0.09177,-0.088226,0.033614,0.125492,0.301327,-0.03201,-0.017303,0.104748,0.111097,0.065439,-0.07867,0.253551,-0.139522,-0.079553,-0.111852,0.03578,-0.022665,-0.044752,0.02788,0.254923,0.304532,-0.318628,0.011896,-0.078204,-0.093102,-0.078877,-0.127641,-0.112038,-0.108428,-0.074918,0.127418,-0.029992,-0.072943,0.215273,-0.125669,-0.003689,-0.156326,0.017885,-0.106894,-0.083092,0.026115,-0.019631,0.034542,0.013635,-0.063114,-0.212123,0.100314,-0.029333,-0.150828,-0.021978,-0.043118,0.019025,0.06305,0.260443,0.04822,-0.063461,0.067407,0.055036,0.076369,-0.233668,-0.126322,0.160649,-0.111877,-0.345925,-0.166691,0.218883,-0.02668,-0.072454,0.034422,-0.160179,-0.148474,-0.056104,-0.053932,-0.004575,-0.142423,-0.124037,0.032732,-0.31014,-0.197879,-0.199102,-0.264329,-0.128664,-0.104342,-0.229955,-0.128913,0.059786,-0.265366,-0.211498,-0.021123,-0.217855,-0.094705,0.084088,0.155409,0.004256,-0.171733,-0.026691,-0.18963,0.105465,-0.021924,0.035548,-0.1946,-0.411171,0.056535,0.106633,-0.014273,-0.040208,0.169395,0.142369,-0.187741,-0.084511,-0.20246,0.07565,0.104314,-0.030982,0.208392,-0.14773,0.014679,-0.041323,0.06697,-0.176685,0.330796,0.280089,0.164196,-0.159138,-0.32507,0.208841,0.084909,-0.071102,0.030646,0.053908,-0.086942,-0.061124,0.077434,0.038578,-0.127431,0.113735,-0.169312,0.203785,0.23582,0.151995,-0.145077,0.128035,-0.18817,0.036039,0.095958,-0.034101,0.187682,-0.145429,0.046248,0.027181,0.017365,0.081185,-0.152715,0.079172,0.069914,#
2,-0.157754,-0.057704,1.0,-0.313614,-0.109047,-0.110075,0.058374,-0.178001,0.164589,0.093164,-0.136163,-0.167304,0.149841,0.025396,-0.16472,0.060238,-0.068095,0.330536,-0.164097,0.110547,-0.225261,-0.049607,-0.049216,-0.008234,-0.029498,0.049504,0.026577,-0.163036,0.059955,-0.240917,-0.064155,0.099071,-0.250128,0.195719,-0.038773,0.162468,0.001984,0.3978,-0.027742,-0.177082,0.118686,-0.069553,-0.021116,-0.083242,-0.117471,-0.317697,-0.214118,-0.076254,-0.013196,-0.002903,0.10035,-0.274738,0.182638,-0.162774,-0.191299,-0.042211,0.021117,-0.260163,0.189695,-0.202609,0.138523,-0.021949,0.048594,-0.192203,0.236707,0.145738,0.100872,0.003958,0.150518,0.135479,-0.134929,0.028974,-0.475244,0.018491,-0.071318,-0.123506,-0.022396,0.051746,-0.006173,0.05225,0.055592,0.029003,0.163167,0.118643,-0.127727,0.154004,0.135464,-0.034808,-0.124123,0.199808,0.040317,-0.051192,0.040655,0.139667,-0.088476,0.0539,-0.033097,-0.031129,0.02178,0.088132,-0.25743,-0.217371,0.084054,0.145895,0.205276,0.087114,0.095988,-0.106197,0.201922,-0.048345,-0.012489,-0.244509,0.077165,0.104518,0.303567,-0.105588,0.046187,0.169821,-0.179973,-0.094245,0.055943,0.136712,-0.026792,-0.34802,-0.186546,0.083726,0.304522,-0.031844,0.179225,0.020803,0.243646,0.023493,-0.104441,0.1218,0.138946,-0.163705,0.189928,0.187408,-0.311467,0.217365,0.001497,0.112834,0.032913,-0.125523,0.020002,0.017598,0.031987,0.098126,0.04563,0.185676,-0.082594,0.170775,0.061765,-0.008888,0.159988,0.019922,0.075816,0.049734,0.151015,-0.046509,0.23008,-0.057107,-0.017533,0.183399,0.000774,-0.113646,-0.016655,-0.018222,0.21243,0.067755,-0.241188,-0.125585,-0.137488,0.00115,-0.249537,0.118312,0.145081,-0.046118,0.020132,-0.226984,-0.010308,0.088159,0.034211,-0.22095,-0.139193,0.079159,0.149911,0.090231,-0.220677,-0.341205,0.105047,-0.156983,-0.298269,0.170922,-0.083395,0.0139,0.00961,0.244852,0.154868,0.210454,#
3,-0.170913,-0.084992,-0.313614,1.0,-0.190815,-0.052952,-0.132806,0.186511,-0.438172,-0.276245,0.043613,0.052024,-0.217983,-0.391613,0.123565,-0.177796,0.100873,0.086642,-0.106434,-0.139616,0.19331,-0.241272,-0.301103,0.052548,0.014947,0.154534,-0.071311,0.121199,-0.089428,-0.248505,0.2776,-0.193435,0.077325,-0.052265,-0.171201,0.051527,-0.220656,-0.217428,0.060024,0.252242,-0.019544,-0.102123,0.034243,0.160301,0.034269,0.386121,-0.043741,-0.206852,0.089623,-0.267123,-0.120129,0.466692,0.004866,0.167615,0.276761,-0.259478,0.242441,0.28649,-0.085458,-0.136183,-0.514206,0.024953,0.147369,0.057985,-0.09871,-0.27864,-0.019407,0.012453,-0.102805,-0.009894,0.094066,-0.185787,0.089438,0.112791,0.201115,-0.121828,0.281724,0.26768,0.083913,0.032915,0.033964,0.142402,0.118441,0.054438,0.154806,-0.014776,0.111402,0.160306,0.156434,0.077541,0.065011,0.066482,0.11293,-0.069528,0.114588,0.182897,0.288661,0.088852,0.089172,0.190308,0.224622,0.208053,0.266089,0.206091,-0.166786,0.034936,0.196349,0.140856,-0.088145,0.057112,-0.165331,0.049985,0.25598,0.081207,-0.014314,0.178109,0.234715,0.18629,-0.094764,0.314455,0.253639,0.130151,0.01642,0.266595,0.309048,0.061802,-0.412803,-0.167206,-0.028339,0.281111,-0.15539,0.388671,0.350429,-0.013751,0.163696,0.112543,0.002452,-0.073703,-0.144936,0.108832,0.074368,-0.167386,0.304102,0.245748,0.360219,0.0,0.124047,-0.193709,0.203178,-0.147612,0.208276,-0.18607,-0.056707,0.091164,0.060925,0.088137,-0.365531,-0.245547,0.173963,0.085127,0.064019,0.086717,0.087847,-0.093237,-0.052944,-0.308931,0.080122,-0.111659,0.040077,-0.037661,0.224924,0.210427,0.022499,0.280786,0.075091,0.114073,-0.132449,-0.131654,-0.426183,0.426898,-0.41369,0.189879,0.099032,-0.174249,-0.098396,-0.123627,-0.146807,-0.001769,0.287622,0.069682,0.06539,-0.227977,-0.086275,-0.271812,0.072503,-0.09425,-0.070241,-0.237712,-0.277028,-0.123308,#
4,0.169666,-0.011005,-0.109047,-0.190815,1.0,0.14344,0.079932,-0.050073,0.051259,-0.010307,0.288395,0.042744,-0.026627,-0.191568,-0.052036,-0.115598,0.149357,-0.184747,0.159933,-0.057322,-0.125121,-0.226921,0.156452,0.008878,0.029915,0.029141,-0.163778,-0.162996,0.039002,0.006618,-0.236588,-0.036827,0.130238,-0.262645,0.064875,0.101245,0.052721,-0.212916,0.081573,0.271414,-0.05363,-0.285547,-0.193068,-0.086528,-0.190144,-0.004435,-0.094238,-0.048066,-0.00566,0.243516,-0.023734,-0.043823,-0.17226,0.246814,0.086156,-0.036663,-0.323059,0.174253,0.045435,0.208725,-0.16473,-0.195148,-0.056101,-0.086938,-0.197436,-0.027268,0.410413,-0.026894,-0.098343,-0.183144,-0.080536,0.150436,0.044637,0.039602,0.119804,-0.009957,-0.125927,-0.17782,-0.073638,-0.144165,-0.26791,0.073147,0.099602,-0.052434,0.14211,-0.069718,-0.030027,0.032055,0.057607,-0.170094,0.066889,0.140045,0.038983,0.030337,0.152937,-0.130399,0.082604,-0.03773,-0.038936,-0.141252,0.190393,0.173463,-0.026475,-0.181824,0.134967,-0.075056,-0.196276,0.041623,-0.1939,0.17782,0.081937,0.000945,-0.304798,-0.198008,-0.226692,0.282894,-0.091748,0.300414,-0.213355,-0.104566,-0.314127,-0.089483,-0.098723,-0.006487,0.01951,0.029692,0.008496,0.064864,-0.100227,-0.23242,-0.039094,-0.255565,0.064909,-0.012849,-0.045882,0.023148,0.144304,0.001715,0.081131,-0.102527,-0.105805,-0.106349,-0.151843,0.117245,-0.200233,-0.166083,0.01052,-0.027567,-0.013284,-0.029183,0.082725,0.04701,-0.213156,0.134659,-0.069672,-0.12436,0.071798,0.136072,-0.303419,0.053653,-0.256286,-0.109277,-0.067187,0.114719,0.033136,0.052652,0.042725,0.059152,-0.018791,0.289772,0.127327,0.063661,0.150174,-0.047847,-0.088629,-0.09263,-0.009041,0.028746,0.112399,-0.040326,0.012578,0.214732,-0.095853,-9.8e-05,0.191213,-0.014638,0.037653,0.22996,0.262268,0.01284,-0.122224,0.11442,0.305132,0.095159,-0.202568,0.077937,0.104914,0.1242,-0.100473,-0.150381,#
5,0.084865,-0.108799,-0.110075,-0.052952,0.14344,1.0,0.260195,0.203344,0.050662,-0.077,0.021405,0.092699,-0.035457,-0.151051,0.105442,-0.107052,0.145976,-0.047073,0.107539,-0.195938,-0.110125,-0.141803,0.178825,-0.095234,-0.083441,0.228714,-0.063296,-0.023454,0.126181,0.246669,-0.291218,0.067267,-0.049556,0.034705,0.059534,0.122933,0.157908,-0.076937,-0.080578,0.040168,-0.296573,0.068982,-0.203805,-0.036641,0.056441,0.014406,0.212681,-0.12126,0.120109,0.095819,0.016489,-0.043861,0.160556,0.069164,-0.043423,0.086484,-0.174959,0.257791,-0.186953,0.003209,0.048208,0.039487,0.063467,0.127415,-0.246627,-0.039744,-0.058094,-0.030646,-0.00256,-0.406303,-0.009843,-0.038753,0.022041,0.104046,-0.032756,0.168137,-0.11602,-0.013817,-0.250442,-0.030005,-0.231369,-0.230722,-0.110983,0.276382,-0.057712,-0.250799,-0.096851,0.027597,-0.129385,-0.150497,-0.046491,-0.145828,-0.187713,-0.275226,-0.114591,-0.030163,-0.146814,-0.199245,-0.263369,-0.285879,0.326456,0.167911,-0.054543,-0.252089,-0.303643,-0.341467,-0.112026,0.110916,-0.22774,0.037134,0.073417,0.387503,-0.309135,-0.213106,-0.045066,-0.148421,0.032083,0.180371,0.185611,-0.149753,-0.018179,-0.171181,0.09889,0.007659,-0.136165,-0.035842,0.063828,-0.007042,-0.339174,0.077322,-0.032645,-0.162293,-0.00138,0.058738,-0.42267,-0.078486,0.151698,0.243985,0.150749,-0.090394,-0.04319,0.053776,-0.172509,0.080697,-0.077431,-0.247123,0.247089,0.063806,-0.345807,-0.139103,-0.034202,-0.308742,0.156581,-0.093215,0.175511,-0.034134,0.012558,-0.115089,-0.420893,-0.010014,-0.274571,-0.055881,0.261577,-0.239614,0.125753,-0.042052,-0.179897,-0.097707,0.02628,-0.223156,0.058009,-0.165405,-0.098958,-0.19732,0.125855,-0.176083,-0.061981,0.091688,-0.011683,0.033116,0.244048,-0.032984,0.021143,0.113535,0.467011,-0.117761,0.105822,-0.002018,0.059008,0.056542,-0.017091,0.139329,0.108624,-0.04134,-0.26434,0.287827,0.098725,0.022129,-0.245064,-0.175251,#
6,0.413354,0.123809,0.058374,-0.132806,0.079932,0.260195,1.0,-0.210721,0.298089,0.046885,0.194781,0.087159,0.113663,0.06956,-0.070709,0.09011,0.181407,0.136307,0.19701,0.079221,-0.207186,-0.119112,0.155951,-0.023827,-0.064913,0.099163,-0.070823,0.001444,0.441442,0.017435,-0.230685,0.027303,-0.004285,-0.271422,0.191147,0.093236,0.343585,-0.175608,0.270927,0.199378,0.10518,0.159776,-0.142133,-0.013318,0.112675,-0.118417,0.091804,-0.024492,-0.115268,0.035018,-0.008724,-0.285951,0.115493,-0.050521,0.298613,-0.158201,-0.10096,-0.045565,0.062134,-0.230631,0.18978,0.188568,-0.073574,0.17015,0.131219,0.257407,-0.103095,0.093057,0.148185,-0.233037,0.029166,-0.055736,-0.122809,-0.467122,-0.342904,0.189227,-0.443855,-0.376183,-0.351599,-0.116092,-0.333227,-0.142993,-0.103105,-0.07542,-0.374873,-0.192154,-0.187983,-0.250508,-0.365566,-0.322504,-0.455567,-0.361799,-0.521808,-0.243087,-0.317247,-0.442502,-0.092198,-0.361343,-0.312724,-0.163704,0.089086,0.028504,-0.233445,-0.262402,-0.284422,-0.330777,-0.117909,-0.119303,-0.194729,-0.206824,-0.01179,0.048683,-0.268534,-0.358584,-0.088955,-0.30163,-0.03474,-0.062658,0.191377,-0.299251,-0.340955,-0.105525,-0.17943,-0.17108,-0.171416,-0.198305,0.056863,0.197892,-0.281638,-0.245649,-0.244593,-0.396921,-0.26437,0.06075,-0.286178,-0.308613,0.008849,-0.08047,0.193509,-0.369835,-0.200834,0.118072,-0.139571,-0.373022,-0.410729,-0.186508,-0.078103,0.501997,-0.368052,-0.39999,-0.151195,-0.368747,-0.200228,-0.146866,-0.0269,-0.189895,0.11835,0.309708,-0.292214,-0.159107,-0.038436,-0.214108,0.104741,-0.055852,-0.179527,0.179323,-0.043144,-0.041175,-0.309155,-0.275022,0.189563,-0.172623,-0.139537,-0.234605,0.141774,-0.380301,-0.122509,0.340532,0.214414,-0.487669,0.318417,-0.094923,-0.125691,0.360948,0.214768,-0.471479,0.071254,-0.035495,-0.055554,0.171039,-0.361783,0.270009,0.157155,0.293564,-0.150704,-0.044041,0.08867,-0.136689,-0.147019,0.180028,#
7,-0.30158,-0.096538,-0.178001,0.186511,-0.050073,0.203344,-0.210721,1.0,-0.274057,0.009704,-0.210461,-0.180357,0.218508,-0.165541,0.110807,0.021616,0.172854,0.040522,-0.027194,-0.265045,0.172426,0.136585,-0.003084,-0.005113,-0.069754,0.104302,-0.165224,-0.249884,-0.211103,0.085697,-0.065607,-0.079421,0.056855,0.148739,-0.172179,-0.010469,-0.164594,-0.230295,-0.118976,0.088692,-0.029431,-0.023998,-0.052094,-0.185921,0.115807,0.007949,0.256595,-0.17341,0.138835,-0.019205,-0.045955,-0.06802,-0.01225,-0.176247,-0.057673,0.097857,0.37113,-0.09272,-0.134069,0.391707,-0.073863,-0.302021,0.039031,0.036083,-0.086784,-0.118436,-0.002947,0.036562,-0.092167,-0.166825,0.161378,0.036367,-0.317201,0.220637,0.049796,-0.086125,0.075131,0.07428,-0.081563,0.061922,-0.060448,-0.244282,-0.154935,-0.023144,0.107219,-0.18513,0.140457,0.14534,0.214445,0.177185,0.128287,0.004377,0.080832,-0.020469,0.108468,0.170104,-0.084646,0.148447,0.107981,-0.049097,-0.106045,0.120813,0.110581,0.060922,-0.07719,0.097849,-0.147382,0.059877,-0.026631,0.176054,0.111357,0.020944,0.147728,0.253185,0.007261,0.04894,0.153312,-0.096729,0.001605,-0.011082,0.186073,-0.231505,0.095612,0.202024,0.044466,-0.150581,0.023963,-0.12643,0.015672,0.012218,-0.203949,0.222628,0.130407,-0.187741,0.008359,0.298443,0.083803,0.086449,-0.027924,-0.049114,-0.19133,-0.078229,-0.199914,0.228437,-0.140302,-0.150556,0.017238,0.120758,0.095533,0.109136,-0.072639,-0.143256,0.139936,-0.040891,-0.048297,-0.243857,-0.050343,0.053554,0.026561,0.139435,-0.120059,0.20262,0.074285,0.130558,0.183436,-0.311009,-0.396484,-0.087822,0.092002,0.208391,-0.100815,0.083723,-0.111279,-0.194835,0.154685,-0.079904,-0.113748,-0.036711,-0.06795,0.159195,0.011205,0.018851,0.176548,-0.022138,0.059274,-0.044466,-0.138821,-0.094834,-0.141914,0.166056,-0.018737,-0.074459,-0.117569,-0.026032,0.043768,-0.074673,-0.064831,0.033162,-0.216131,0.057026,#
8,0.061148,-0.148261,0.164589,-0.438172,0.051259,0.050662,0.298089,-0.274057,1.0,0.344086,-0.009199,0.161954,-0.03505,0.178752,-0.121512,-0.037602,-0.227489,0.104118,-0.014653,0.2045,-0.180327,0.03183,0.143464,-0.002884,0.037966,0.150252,0.181491,0.089714,0.102333,0.077955,-0.207621,0.030412,0.105151,-0.009565,0.018693,0.020979,0.215092,0.176362,0.051366,-0.069287,0.076929,0.104604,-0.111616,-0.028352,-0.03946,-0.1768,-0.005331,0.172451,-0.103809,0.056915,-0.112838,-0.209223,0.202601,0.247783,0.215082,0.148419,-0.486892,-0.171106,-0.063318,0.010406,0.193444,-0.047902,-0.031598,0.063232,0.15187,0.073451,-0.006341,0.218255,0.207931,-0.027014,-0.039801,0.081191,0.1412,-0.127866,-0.376961,0.205183,-0.123341,-0.258283,-0.135202,0.039106,-0.176949,-0.090414,-0.129369,0.018458,-0.347246,0.005565,-0.377985,-0.284239,-0.163086,-0.328613,-0.079333,-0.375632,-0.44486,0.007182,-0.182792,-0.015246,-0.214673,-0.109758,-0.291938,-0.14257,-0.206193,0.104354,-0.095565,-0.120208,0.10839,-0.224269,-0.098969,-0.054338,0.04287,-0.08304,0.039299,-0.053693,-0.248953,-0.144896,0.197163,-0.127237,-0.065534,-0.258675,0.030724,-0.271823,-0.117891,0.021188,0.077129,-0.22865,-0.247951,0.103853,0.369694,0.09122,-0.000294,-0.125293,0.270285,-0.069045,-0.425549,-0.141547,-0.20944,-0.040544,-0.180877,0.10998,0.166827,-0.088985,-0.189106,0.231684,-0.236965,-0.240034,-0.257415,-0.228246,-0.270372,0.167571,-0.160751,-0.122639,-0.02357,-0.019407,-0.095081,-0.338032,0.249766,-0.050869,0.276749,0.325841,-0.367876,-0.294784,-0.01253,-0.014888,-0.176282,-0.084035,-0.076938,0.000854,-0.041265,-0.071578,-0.089688,-0.098624,-0.155075,-0.169869,-0.018687,-0.077497,0.220469,-0.026471,0.159594,0.104607,0.500675,-0.228766,0.258902,0.023336,-0.206204,0.094615,0.01652,-0.000157,0.123681,0.062322,-0.362495,-0.030242,-0.009871,0.148385,0.030993,0.271721,-0.042689,0.066061,0.062574,-0.186406,0.025479,0.120388,#
9,0.019252,0.148685,0.093164,-0.276245,-0.010307,-0.077,0.046885,0.009704,0.344086,1.0,-0.185598,-0.148645,0.234533,0.511482,-0.029749,0.015461,-0.328956,0.195788,-0.00051,0.19273,-0.137674,0.03778,0.267124,0.046464,0.024787,-0.08284,-0.203458,-0.056651,0.230817,0.293803,-0.080956,0.033972,0.162977,-0.057204,-0.004697,-0.029723,0.296789,-0.071007,0.002421,-0.173604,0.253751,0.027853,-0.015045,-0.174223,0.066088,-0.388088,-0.008364,0.310983,0.167167,0.082437,-0.175838,-0.348657,0.371595,-0.032214,0.140857,-0.052759,-0.13548,-0.375363,-0.064551,0.224327,0.322284,-0.130127,-0.401343,0.024932,0.035266,0.157937,0.107156,0.007688,-0.063062,-0.021058,-0.001379,0.150582,-0.249131,-0.055418,-0.163955,-0.042197,-0.171591,-0.28256,-0.086154,0.223633,-0.074484,-0.293527,-0.237238,0.151136,-0.33368,0.160174,-0.106314,-0.224581,-0.151219,-0.224698,-0.006814,-0.121647,-0.333072,-0.065651,-0.256211,0.119984,-0.603754,-0.025164,0.192831,-0.261143,-0.414177,-0.098147,-0.187531,-0.142913,-0.056828,-0.135691,-0.103924,-0.398867,0.169467,-0.137738,0.422363,0.249053,-0.20343,-0.048968,0.057968,-0.155465,-0.141146,-0.121401,0.271493,-0.281721,-0.282769,-0.111451,-0.061373,-0.174704,-0.340679,0.339581,0.29985,-0.064601,-0.148502,-0.361504,0.103486,-0.008249,-0.591573,-0.04489,-0.292788,-0.271864,-0.047462,0.098387,0.059445,-0.188294,-0.062232,-0.172225,-0.337089,-0.367982,-0.391403,-0.265593,-0.40355,0.193627,-0.203479,-0.122569,-0.370089,0.186831,-0.09144,-0.609459,0.089775,-0.326934,0.713174,0.41186,-0.209556,-0.404514,-0.243011,0.011248,-0.145145,0.000121,0.140425,0.325981,-0.067836,-0.352525,0.066623,-0.128493,-0.311504,0.110068,-0.023924,-0.170474,0.29235,-0.245547,0.065409,-0.173456,0.536875,-0.328102,0.451815,0.237253,-0.345658,-0.190606,0.100477,-0.166312,0.165299,-0.080698,-0.552833,0.041559,-0.269507,-0.033934,-0.056947,0.250656,-0.261025,0.027753,0.217679,-0.068673,0.163986,0.423129,#
10,0.495468,-0.002449,-0.136163,0.043613,0.288395,0.021405,0.194781,-0.210461,-0.009199,-0.185598,1.0,0.336781,0.015915,-0.027005,-0.198289,-0.095133,0.098677,-0.2617,0.13236,-0.021588,0.11918,-0.09164,-0.047575,0.023122,0.062452,0.178185,-0.015906,0.124358,0.095295,-0.118508,-0.017128,0.109198,0.112654,-0.186124,0.018491,0.113726,-0.120395,0.137994,0.034446,0.157126,-0.180645,-0.130021,-0.113221,0.014588,0.077462,0.382329,-0.064646,0.116042,-0.039581,0.059221,0.085845,-0.039039,0.12728,0.067161,0.088398,-0.016447,-0.158746,0.322207,0.02688,-0.150459,-0.186044,-0.121162,-0.051374,0.09843,-0.31818,0.095764,0.223356,0.202372,-0.108806,-0.194512,0.156425,-0.05917,0.226217,-0.033119,-0.057764,-0.044774,-0.146578,-0.073482,-0.146026,-0.144188,-0.084687,0.120789,-0.007199,0.050306,0.038147,-0.07767,-0.006589,0.084433,0.04116,-0.026167,-0.04996,0.107687,0.030648,-0.001071,0.038939,-0.140409,0.232745,-0.319073,-0.126103,0.049756,0.195293,-0.117083,-0.010418,-0.078197,0.149531,-0.10722,-0.057864,0.218312,-0.092322,0.178673,-0.315236,0.070778,-0.197102,-0.10369,-0.087972,0.101694,-0.260827,0.075494,-0.167735,0.033333,-0.203453,0.340174,0.002248,-0.041512,-0.048264,0.053913,-0.215181,0.084398,-0.063337,-0.189241,-0.121869,-0.279313,0.081504,-0.229216,0.00503,0.078384,0.118997,-0.12126,-0.01932,-0.065828,-0.077746,0.276914,0.130784,0.059849,-0.01972,-0.263522,-0.079542,-0.014083,-0.063067,-0.160071,0.388993,-0.12803,-0.216908,0.041937,0.070415,-0.013338,-0.287825,-0.088632,-0.163358,0.075693,-0.059509,-0.202093,0.001374,-0.131392,0.029225,-0.17865,0.133931,-0.173994,-0.180559,0.087757,0.225048,-0.07822,0.208413,0.03631,-0.060587,0.179649,-0.110077,0.063576,-0.054728,-0.015907,-0.143805,0.089425,-0.085868,-0.019258,0.123473,0.044797,0.007927,0.145798,0.314116,0.289228,0.047866,0.190205,0.180767,-0.12147,-0.03238,-0.18977,-0.070754,-0.17572,-0.212353,-0.440992,#
11,0.161268,-0.069744,-0.167304,0.052024,0.042744,0.092699,0.087159,-0.180357,0.161954,-0.148645,0.336781,1.0,-0.066008,0.056014,-0.098229,-0.149469,-0.141813,-0.194638,-0.078949,-0.163119,0.063602,-0.200277,-0.065647,0.130646,0.081337,-0.059034,0.097609,0.222696,0.07026,0.031744,0.015315,0.010183,-0.001579,-0.038227,0.162539,-0.12569,0.028219,-0.10766,0.263453,-0.040503,-0.069808,0.139969,-0.148343,-0.141056,-0.065621,0.386226,-0.160783,0.082253,0.041282,0.002964,-0.342184,0.214704,-0.019357,0.160767,0.098822,-0.061843,-0.195744,0.296824,-0.292524,-0.121018,-0.216365,-0.178997,-0.033088,0.098216,-0.059212,0.179712,0.007252,0.251027,0.2608,-0.158127,-0.08807,-0.186012,0.081469,0.20581,0.180729,-0.043436,-0.12647,0.086852,-0.307831,-0.132006,-0.247319,-0.187349,0.1682,0.023202,-0.02124,-0.225502,-0.094797,-0.195943,0.148304,-0.101301,-0.021893,-0.17461,-0.037538,-0.04936,0.013215,-0.040946,0.173086,-0.090181,-0.086027,0.086097,0.155961,-0.160648,-0.02712,0.067428,-0.021032,-0.077994,-0.05704,0.07366,-0.134486,0.152181,0.018866,-0.069508,-0.044337,-0.067603,-0.107322,-0.057146,-0.022297,0.142094,0.035629,0.159204,-0.06374,0.174805,0.080126,0.137226,-0.036575,0.008246,-0.133884,-0.120452,-0.153718,0.009945,-0.138339,-0.096914,-0.176163,0.03211,-0.186123,0.180549,-0.144844,-0.248902,0.1172,-0.321467,0.046669,0.176895,0.157531,-0.107712,0.212878,-0.334458,0.054855,-0.070426,-0.171174,-0.08525,0.18742,0.108378,-0.152792,0.183572,0.104861,0.107893,-0.048796,0.00604,-0.013931,-0.166138,-0.167225,-0.101404,-0.016703,0.032824,-0.350666,-0.092454,-0.003614,-0.033229,-0.038538,0.042839,0.287728,0.065157,0.149536,-0.006331,0.045414,0.080266,0.041319,0.339632,0.014767,0.179876,-0.057769,-0.069289,-0.139241,-0.092254,0.192849,0.202999,-0.06869,-0.081727,0.157377,0.121628,-0.089382,0.334822,0.05772,0.022091,-0.167238,-0.016021,-0.077183,-0.14875,0.04876,-0.254349,#
12,0.194138,0.051123,0.149841,-0.217983,-0.026627,-0.035457,0.113663,0.218508,-0.03505,0.234533,0.015915,-0.066008,1.0,0.402318,-0.074442,0.188102,-0.041292,0.283676,0.132946,0.051791,-0.011303,0.08476,0.243233,0.116661,-0.01303,-0.269126,0.074492,-0.004792,0.204203,0.19168,-0.010893,-0.04472,-0.062677,0.14334,-0.057081,0.137323,0.208852,0.000581,-0.081692,0.114245,-0.061859,0.055523,0.086427,-0.204652,-0.196601,-0.246803,0.369427,0.257606,0.111703,0.120595,-0.021375,-0.180581,0.171678,-0.116573,-0.105759,-0.086871,0.088819,-0.30103,-0.008105,0.078747,0.353538,-0.327022,-0.181342,0.049321,0.131685,0.003711,-0.015616,-0.043745,0.057679,0.055644,-0.031865,0.132669,-0.296167,-0.131094,-0.164579,0.002035,-0.331274,-0.189907,-0.184345,-0.01161,-0.13531,-0.244633,-0.27115,-0.119612,-0.172396,-0.067099,-0.047398,0.01056,-0.093426,0.060684,-0.196947,-0.020662,-0.229696,-0.194394,-0.193166,-0.047721,-0.234901,-0.119941,-0.02965,-0.36846,-0.129829,-0.266605,-0.167226,0.070607,-0.061473,0.007404,-0.221943,-0.15148,-0.001745,-0.117365,0.164945,-0.109908,-0.093646,-0.037588,0.137641,-0.150539,-0.115326,-0.07534,0.16423,-0.175686,-0.066486,-0.16032,-0.240807,-0.076607,-0.271943,0.041364,0.167094,0.097536,-0.146928,-0.310767,-0.011989,0.057286,-0.215393,0.161945,-0.020172,0.005543,0.048164,-0.144367,0.0931,-0.200275,-0.439487,0.042832,-0.159305,-0.229887,-0.270646,0.062633,-0.257903,0.380516,-0.210219,-0.073452,-0.302355,-0.00639,-0.001486,-0.246216,0.055215,-0.259602,0.223353,0.14345,-0.157009,-0.197166,0.040453,0.037864,-0.073577,0.123941,0.384195,0.037509,0.012735,0.141787,-0.115806,-0.016215,-0.13845,-0.128706,-0.30368,-0.137162,0.075519,-0.12382,-0.239504,0.12703,0.153433,-0.213742,0.139511,0.050841,0.157884,-0.059945,0.252631,-0.076025,0.135051,0.146182,-0.172096,0.344643,-0.225852,-0.122704,0.034162,0.270607,0.033149,0.006643,0.182538,0.071266,0.097171,0.229521,#
13,0.193148,0.171061,0.025396,-0.391613,-0.191568,-0.151051,0.06956,-0.165541,0.178752,0.511482,-0.027005,0.056014,0.402318,1.0,-0.018678,0.057033,-0.345777,-0.050571,0.279117,0.314407,0.102489,0.193964,0.247305,-0.076233,-0.028103,-0.175165,0.152535,0.261503,0.251755,0.083457,0.176858,0.116203,-0.071711,0.035258,-0.112631,-0.232455,0.144956,0.154497,0.065202,-0.34639,0.108976,0.191598,-0.002847,-0.243713,-0.132788,-0.436127,0.080623,0.334993,-0.171878,-0.016946,-0.049105,-0.199893,0.139514,-0.20983,-0.212626,0.005777,-0.083552,-0.120334,-0.181409,-0.051077,0.428836,-0.050088,-0.281706,-0.024587,0.167728,0.120155,-0.018532,-0.158809,-0.05783,0.063968,-0.107168,0.141746,-0.056721,-0.203788,-0.192523,0.062969,-0.198763,-0.103285,-0.101074,0.190691,0.044969,-0.279706,-0.182752,-0.040151,-0.2199,0.228647,-0.203592,-0.110381,-0.122499,-0.024084,-0.209021,-0.033658,-0.187868,-0.215264,-0.190646,-0.027502,-0.341942,-0.119366,0.227716,-0.20298,-0.357982,-0.235562,-0.21191,-0.251819,-0.107652,-0.086358,0.037072,-0.341468,0.001766,-0.170941,0.328157,0.128416,-0.379374,0.043603,0.252625,-0.214147,-0.196992,-0.215523,0.289976,-0.144316,-0.069876,0.019666,0.009676,-0.165366,-0.366473,0.207342,0.086732,-0.011606,-0.191366,-0.344371,0.009294,-0.225834,-0.455114,-0.07939,-0.036516,-0.143595,0.105024,-0.126494,0.179042,-0.336519,-0.026916,0.093864,-0.047001,-0.316135,-0.290443,0.050967,-0.236029,0.207569,-0.23381,0.096143,-0.250146,0.376525,0.064619,-0.369998,-0.109911,-0.243366,0.536003,0.159094,-0.041057,-0.352999,-0.00856,-0.110253,0.124554,-0.155064,0.15277,0.486664,0.072001,-0.014282,-0.147928,-0.035961,-0.284736,0.00965,-0.14663,-0.174852,0.017324,-0.218399,-0.041623,0.069501,0.335223,-0.317466,0.247865,-0.238632,-0.067125,0.045256,-0.023206,-0.098575,-0.055447,0.115494,-0.389621,0.093581,-0.172979,0.036991,-0.119104,0.21442,0.06859,-0.139214,0.045673,-0.174512,0.199825,0.271086,#
14,0.066459,-0.07422,-0.16472,0.123565,-0.052036,0.105442,-0.070709,0.110807,-0.121512,-0.029749,-0.198289,-0.098229,-0.074442,-0.018678,1.0,-0.153757,0.030885,-0.061107,0.077926,0.139093,0.131529,-0.052385,0.16457,0.155006,-0.143054,0.111026,0.191034,0.028001,0.047661,-0.087885,-0.096817,0.212503,0.216921,-0.000736,-0.110693,-0.381086,-0.065339,0.033437,-0.147028,-0.109493,-0.089419,0.128076,-0.005522,0.216069,0.20083,-0.169133,0.128072,0.081895,0.060816,-0.060257,0.098471,-0.016773,0.13854,-0.194604,-0.06768,0.189707,0.049969,-0.057852,-0.0599,0.052672,0.091017,0.178398,-0.101069,0.015695,-0.11062,-0.187344,0.024691,-0.234669,-0.045516,-0.067894,-0.112541,-0.012489,0.070592,0.124871,-0.037667,-0.089358,-0.181065,0.183051,-0.25342,0.373907,0.121686,-0.160196,-0.04013,-0.018307,0.087733,0.171016,0.254254,-0.037781,0.18985,-0.060539,-0.154427,0.040709,0.195387,-0.206252,-0.066042,0.050859,-0.138688,-0.070425,-0.047162,-0.033225,-0.013714,0.239834,-0.10256,-0.381034,-0.131743,0.136257,-0.265169,-0.087731,0.163605,0.176088,-0.01234,0.098135,0.136113,0.134342,0.240497,0.019629,0.030184,-0.045147,0.027459,-0.315468,0.066407,-0.262526,0.136592,0.175269,-0.064606,-0.093426,-0.01917,0.063928,-0.128967,0.142546,-0.001752,-0.055217,-0.052871,-0.039224,0.064637,-0.001982,-0.250661,0.013557,0.160669,0.018832,0.034969,-0.061153,-0.15674,0.198121,-0.135472,-0.064458,0.12124,0.015963,-0.231113,0.134325,-0.08202,-0.132427,0.025068,0.157537,-0.188854,0.186443,0.199088,0.020976,-0.027762,0.395993,-0.068235,0.030816,0.045152,-0.260164,0.094999,0.096382,0.053119,0.010982,0.085024,-0.079763,-0.257636,-0.090682,-0.154202,0.203096,-0.087086,-0.225629,0.06687,-0.106414,0.137497,0.034491,-0.089115,0.177263,0.211894,0.014985,0.054413,-0.179829,0.238361,-0.060521,0.130102,-0.164867,-0.038549,-0.030236,0.032729,0.115643,-0.177347,0.161805,-0.158444,-0.128661,-0.041244,-0.104616,#
15,-0.053302,0.132872,0.060238,-0.177796,-0.115598,-0.107052,0.09011,0.021616,-0.037602,0.015461,-0.095133,-0.149469,0.188102,0.057033,-0.153757,1.0,0.252964,0.248135,-0.188758,0.126754,-0.33664,0.154808,0.102671,-0.093327,0.073977,-0.005504,-0.184834,0.143627,0.114747,-0.056226,-0.006505,-0.161519,0.002871,0.09518,0.036195,0.08409,0.099431,0.061987,0.082707,0.013137,0.007023,-0.117818,0.189835,0.131045,-0.177678,-0.04342,0.170698,0.023688,0.050705,0.280956,0.139949,-0.210149,-0.04013,-0.119891,0.161382,0.0362,0.255808,-0.240915,0.046849,0.086598,-0.003931,0.232391,0.176436,0.08719,-0.01966,-0.12696,-0.074783,-0.074966,-0.354663,-0.162576,0.111438,0.221009,0.092265,-0.011505,0.027742,0.245067,-0.022165,-0.165449,0.230618,-0.022892,-0.013827,0.005872,-0.227048,0.133269,0.067176,-0.190528,0.062569,-0.296163,-0.121625,0.255575,-0.130346,0.099609,-0.121677,0.046383,-0.216545,-0.118226,0.089865,0.077789,0.059072,0.132466,-0.094523,0.062538,-0.216886,0.320768,-0.016604,0.077954,0.154993,-0.001873,0.108948,-0.203606,-0.018228,-0.113694,0.14439,0.164671,-0.191843,-0.063678,0.169519,-0.229192,-0.070316,-0.041004,-0.043627,0.158893,-0.279795,-0.060429,0.025231,-0.164289,-0.074657,0.252203,0.020559,-0.08715,-0.10171,-0.094195,-0.099038,0.198115,0.11211,0.002941,-0.061995,-0.255576,-0.227251,0.104222,0.037279,0.013626,-0.245387,-0.252049,-0.040766,0.162535,-0.049529,0.257104,-0.085479,-0.095667,-0.144528,-0.007886,0.07405,0.0002,-0.061298,0.086322,0.025244,0.210677,0.101617,-0.043758,0.056735,-0.111466,0.182141,-0.030117,0.187018,0.036591,-0.170621,0.250371,-0.103438,-0.048539,0.021845,0.082477,0.134999,-0.041033,-0.089911,0.097885,-0.031287,0.244593,-0.097341,-0.18463,0.135527,-0.149697,0.132608,0.164832,-0.089708,0.062675,0.137325,-0.033955,-0.053774,-0.06184,-0.001883,-0.122459,-0.099173,0.151656,0.086624,0.096208,0.009911,0.155179,0.415052,0.268569,#
16,-0.047192,0.243378,-0.068095,0.100873,0.149357,0.145976,0.181407,0.172854,-0.227489,-0.328956,0.098677,-0.141813,-0.041292,-0.345777,0.030885,0.252964,1.0,-0.017895,0.023732,-0.057137,-0.15526,0.037316,-0.160218,0.015446,-0.223491,0.179825,-0.06115,0.033496,0.023971,-0.040142,-0.229386,0.047422,0.108313,0.092907,0.166416,0.085684,-0.163161,-0.093966,-0.012023,0.208415,-0.187995,-0.255296,0.064427,0.233338,-0.06038,0.230474,-0.019604,-0.349498,-0.022694,0.288958,0.148083,-0.126819,-0.18024,0.068378,0.168116,0.042598,0.232702,-0.041336,0.158912,-0.133387,-0.192726,0.049073,0.149245,-0.195963,-0.125555,-0.122814,0.122734,-0.077198,-0.310948,-0.181913,0.153251,-0.153888,0.095006,-0.012939,-0.067665,0.003788,0.062655,-0.272364,0.058754,-0.116717,-0.109852,0.172465,0.10274,-0.053229,-0.019438,-0.195241,0.224478,-0.035277,-0.041867,0.244972,-0.126697,0.016503,-0.035617,-0.065279,0.052431,-0.046923,0.383857,-0.226189,-0.151151,0.108898,0.117904,0.32005,0.030277,0.150691,-0.224282,-0.103636,-0.028384,0.076706,-0.075486,-0.115265,-0.217425,0.002912,0.234632,0.242991,-0.383023,-0.067616,0.083212,-0.063493,-0.084464,-0.160338,-0.145108,0.025019,-0.372856,0.083826,0.13455,-0.336968,-0.343537,0.057949,-0.092203,0.073006,-0.023501,-0.099877,0.242571,-0.040203,0.007529,0.088386,0.297217,-0.1502,-0.1517,0.006512,0.023809,-0.079697,0.027332,0.309821,-0.057268,0.058983,-0.051196,0.115904,0.087563,-0.214682,0.204225,-0.130323,0.240369,0.015138,-0.078536,-0.028339,-0.346405,0.015819,-0.004888,0.333593,-0.099018,0.062654,0.051904,-0.219881,-0.112382,-0.139729,0.024825,0.089199,-0.120724,0.051134,0.227535,-0.028033,0.034375,0.036065,-0.066162,0.079689,-0.133774,0.266187,-0.164722,-0.06086,-0.021547,0.028171,0.45027,0.188007,0.020636,-0.178117,0.117718,0.052428,0.203799,0.049602,-0.024023,0.185008,-0.064663,-0.047397,0.011583,0.090563,0.025433,0.028691,-0.14273,-0.18492,#
17,-0.41183,0.023419,0.330536,0.086642,-0.184747,-0.047073,0.136307,0.040522,0.104118,0.195788,-0.2617,-0.194638,0.283676,-0.050571,-0.061107,0.248135,-0.017895,1.0,-0.289934,0.194001,-0.21228,-0.326386,0.154205,-0.099767,0.042189,0.041038,0.035177,-0.108037,0.060221,0.035004,-0.020124,-0.239079,-0.122117,0.071591,-0.088201,0.174175,0.040213,0.010741,0.034377,-0.012643,0.063294,-0.080258,0.055701,0.065238,-0.028033,-0.120255,-0.052457,0.009348,0.279364,0.059376,0.031916,-0.039492,0.24065,0.061352,0.181788,0.068844,0.196977,-0.398925,-0.004678,0.064406,0.097085,0.085543,0.043036,-0.089173,0.218313,0.011378,-0.000141,0.089497,0.03121,-0.018712,-0.147655,-0.092758,-0.301304,-0.051195,-0.118522,-0.04082,-0.015648,-0.139547,-0.01238,0.172311,-0.156558,-0.035506,-0.171434,0.42899,-0.241517,0.004588,-0.112301,-0.198484,-0.245644,-0.090543,-0.029454,-0.047488,-0.355606,0.031514,-0.159396,0.053778,-0.150454,0.155898,0.03103,0.009967,-0.425237,-0.194766,-0.079286,0.243046,0.009636,-0.043532,0.149787,-0.176995,0.220173,0.101437,0.073472,-0.21866,0.058129,-0.023295,-0.035586,-0.163811,0.06158,-0.09718,0.064027,-0.046547,-0.078323,-0.014255,-0.184407,-0.291854,-0.17653,-0.056445,0.182587,0.138996,-0.114342,-0.042323,0.193976,0.188002,-0.215042,-0.032724,-0.020509,-0.126883,0.060637,0.083812,-0.37228,-0.003617,-0.156204,-0.035588,-0.105213,-0.233496,-0.020058,0.032159,-0.089272,0.375813,0.025914,-0.091872,-0.275721,-0.107528,0.159494,-0.192482,-0.037798,-0.024252,0.067081,0.237778,-0.034942,-0.061407,0.029768,0.069517,-0.137503,0.301964,0.147764,0.002451,-0.096197,-0.036186,0.037956,-0.039351,-0.12648,-0.008982,-0.161837,-0.163006,-0.095346,-0.055811,-0.03396,0.009506,-0.03329,-0.07176,0.18195,-0.002131,-0.007476,-0.133776,0.173997,-0.085488,0.217687,0.133412,-0.275499,-0.035233,0.045059,-0.365621,-0.249393,0.141692,-0.118402,-0.075201,0.135777,0.205543,0.119603,0.437531,#
18,0.360397,0.282067,-0.164097,-0.106434,0.159933,0.107539,0.19701,-0.027194,-0.014653,-0.00051,0.13236,-0.078949,0.132946,0.279117,0.077926,-0.188758,0.023732,-0.289934,1.0,-0.039554,0.137129,0.199747,0.212125,0.001904,-0.039008,0.051674,-0.068201,0.172098,0.294364,0.122708,-0.109836,0.256798,0.07805,-0.001583,-0.012765,-0.023216,0.002263,-0.027267,-0.131155,0.053884,0.103918,-0.003609,0.050561,-0.15416,-0.019247,-0.046556,0.095379,0.047766,-0.208511,-0.004444,0.059143,-0.003612,0.053753,-0.071244,-0.093205,0.100187,-0.056894,-0.014249,-0.016585,-0.051451,0.17365,-0.138365,-0.140242,0.040781,-0.100859,0.077526,-0.279733,-0.075083,-0.008747,0.03927,-0.177377,0.230709,0.091851,-0.328459,-0.249509,0.018566,0.052708,-0.111149,-0.146685,0.075612,0.226609,-0.100946,0.099296,-0.447856,0.084185,0.097573,-0.077564,0.009198,-0.060788,-0.222143,-0.221476,0.015739,0.112241,-0.392442,0.307137,-0.249555,-0.139509,-0.110981,-0.124602,-0.081353,0.199086,0.156047,-0.010006,-0.291361,-0.087252,-0.197373,-0.278475,-0.123349,-0.311217,-0.130192,-0.043469,0.203773,-0.315593,-0.113589,0.14435,0.005845,0.000569,0.106982,0.187757,-0.111062,0.042319,0.00954,0.028023,0.030109,-0.3003,0.017962,0.053744,-0.06697,-0.061826,-0.028256,-0.121848,-0.344276,0.121691,-0.006039,0.010941,0.102142,0.007522,0.147881,0.355763,-0.134563,-0.163572,-0.004174,0.040037,-0.051702,-0.065935,0.036067,-0.154827,0.039976,-0.350389,-0.035267,0.074449,-0.045106,0.065137,-0.177295,0.093469,-0.160874,0.036484,-0.0637,-0.232139,0.01999,0.07716,0.121797,0.13418,-0.298171,-0.048282,0.266199,0.357689,0.23698,-0.238835,-0.112084,0.038239,-0.028273,0.011268,0.139993,0.001015,-0.10664,-0.23893,0.185472,0.178082,-0.088302,0.023613,-0.15126,0.050437,0.400409,-0.09544,0.005864,0.195464,0.151787,0.130812,-0.058188,-0.257014,0.149459,0.058003,0.089967,0.193579,0.055991,-0.085817,-0.200673,-0.128867,-0.147435,#
19,-0.094399,-0.091673,0.110547,-0.139616,-0.057322,-0.195938,0.079221,-0.265045,0.2045,0.19273,-0.021588,-0.163119,0.051791,0.314407,0.139093,0.126754,-0.057137,0.194001,-0.039554,1.0,0.04241,-0.050075,0.158308,0.049054,-0.313851,-0.061771,0.195312,0.024636,0.297512,-0.2832,0.059218,0.22285,0.251043,0.048157,-0.169519,-0.156262,0.068519,0.049622,-0.086874,0.103598,0.202073,-0.019695,-0.005273,-0.077879,-0.067628,-0.347993,-0.084833,0.282971,-0.103915,-0.095974,0.048809,-0.115977,0.133009,-0.048485,-0.099889,0.076917,0.080079,-0.20651,0.150455,-0.014859,0.071142,0.032337,-0.00922,-0.131043,0.163301,-0.153519,0.046326,0.050198,-0.081532,0.179718,-0.04503,-0.0379,0.156383,-0.183702,-0.306072,-0.212595,0.102259,0.00565,0.190893,0.36461,0.154938,0.218495,-0.055128,0.031841,-0.024836,0.56939,0.081746,-0.274935,0.074503,-0.111384,-0.131479,0.233466,-0.0463,-0.019444,0.110473,0.194021,0.023863,-0.009088,0.109452,0.106684,-0.315748,0.168862,0.052986,-0.162136,0.283542,0.163912,0.203058,-0.059536,0.324162,-0.075784,0.093648,-0.204956,0.133915,0.157004,0.22403,0.039521,-0.01167,-0.033197,0.166127,-0.176007,-0.059998,0.033169,0.052358,-0.202611,-0.076407,0.221285,0.214926,0.077745,0.174283,0.189955,0.413844,-0.101222,-0.097454,-0.05678,0.260192,0.017644,0.078253,0.130755,-0.025782,0.261018,0.217931,0.162185,0.00262,0.003992,-0.100019,0.062776,0.065375,-0.060018,0.009055,0.137496,-0.138983,0.120764,0.362806,-0.189336,-0.114986,0.144305,0.302398,-0.020767,0.012145,-0.067149,0.300018,0.064529,0.226101,-0.1077,-0.015463,0.11123,0.273204,-0.094521,0.05921,0.126775,-0.327485,-0.057341,-0.256886,0.00486,-0.298174,0.07855,0.360622,-0.177657,0.193905,-0.078422,-0.07137,-0.046466,-0.105479,-0.103507,-0.318136,-0.303058,0.245065,0.20472,-0.193733,-0.063268,0.184715,-0.222383,-0.361968,0.022037,0.254386,-0.144109,-0.36581,-0.112994,0.376972,0.188901,#
20,0.002183,0.20047,-0.225261,0.19331,-0.125121,-0.110125,-0.207186,0.172426,-0.180327,-0.137674,0.11918,0.063602,-0.011303,0.102489,0.131529,-0.33664,-0.15526,-0.21228,0.137129,0.04241,1.0,0.072232,0.025388,-0.058885,-0.216525,-0.176889,0.220748,0.060295,-0.353425,-0.145945,0.114703,0.168047,0.431612,0.063802,-0.278551,-0.409362,-0.078823,-0.176652,0.055089,-0.077791,0.213242,0.177038,-0.297305,0.030757,0.146783,-0.001373,0.111902,0.10272,-0.094472,-0.177062,-0.210543,0.34364,0.078117,0.043277,-0.05021,0.140994,0.153935,0.141411,-0.38166,0.081079,-0.135077,-0.069229,-0.025905,0.031369,0.238314,0.110512,-0.143469,0.00581,0.173203,0.125414,-0.123274,-0.198494,0.003639,0.231813,-0.177269,-0.201932,0.054711,0.294854,0.085589,0.121966,0.125481,0.059889,0.212469,-0.001535,0.248194,0.157964,0.135688,0.247372,0.423396,-0.067097,0.149424,0.260069,0.286572,0.14532,0.311471,0.286572,0.034696,-0.086039,0.183987,0.021738,0.048901,0.149015,0.320951,0.064259,0.172599,0.201864,0.128066,0.064842,-0.095341,-0.072946,0.009354,-0.059592,-0.067002,0.204163,0.193863,0.170185,0.063491,-0.020957,-0.004561,0.122114,0.201111,-0.116656,0.225118,0.120951,0.078808,-0.067842,0.085292,-0.387595,0.043598,0.044867,0.112348,0.089724,0.039709,-0.162907,0.177237,0.397055,0.003929,0.343113,0.191412,0.045401,0.088656,0.292801,0.1381,0.15675,0.050561,-0.103478,0.153923,-0.301533,0.204664,0.27852,0.228221,0.105938,0.155231,0.213489,0.031692,0.003181,0.074955,-0.327432,0.001137,0.263786,0.10759,0.113952,0.023073,-0.066925,-0.040901,-0.074251,0.363425,0.085055,0.063489,-0.13685,0.002694,0.004409,-0.196816,0.022202,0.002968,0.047824,0.144656,-0.282305,0.065264,0.227647,-0.332075,-0.224371,0.077778,0.004398,-0.097877,0.050824,-0.067615,-0.085721,-0.095595,0.143772,0.19294,-0.149577,-0.192231,-0.084075,0.126571,-0.252507,-0.184233,-0.435396,-0.131618,-0.125317,#
