0,1.0,0.334331,-0.223162,-0.111268,0.427721,0.175282,0.037384,-0.23657,0.15843,0.277573,0.060292,-0.005738,0.242973,0.369644,0.218564,0.114967,0.024291,-0.051021,-0.117436,-0.239152,0.002474,-0.14603,-0.010144,-0.29424,0.091806,-0.328312,0.107079,-0.133883,0.257375,0.268243,-0.433053,0.272549,-0.023319,-0.195851,-0.036367,0.002507,-0.0146,-0.303636,-0.100347,0.089945,0.095849,0.089491,-0.250783,-0.153398,0.111149,-0.222759,0.051516,0.024337,0.038266,-0.120908,-0.045068,-0.186543,-0.006538,-0.029594,0.101851,0.115853,-0.214149,0.174247,-0.247991,0.167363,0.131528,0.32541,0.068568,-0.431068,-0.103567,0.071079,-0.014947,0.295003,0.155325,-0.019363,-0.124528,-0.034298,0.141289,-0.092009,-0.071563,0.119669,-0.345939,-0.259893,-0.16536,-0.204492,-0.131094,-0.342855,0.005895,-0.145928,-0.277208,-0.060977,-0.175955,-0.16555,-0.136693,-0.393881,-0.117683,-0.534422,-0.057385,0.012866,-0.210221,-0.035666,-0.060357,-0.038277,-0.258777,-0.173283,-0.032858,-0.377716,-0.267722,0.077075,-0.165973,-0.081124,0.013096,-0.258713,-0.097382,-0.185647,0.083752,-0.157433,-0.14351,-0.235268,-0.297234,-0.286392,0.054977,-0.199516,0.048548,-0.216143,-0.271177,-0.212152,-0.313186,0.004808,0.168443,-0.069698,-0.240063,0.116627,-0.124143,-0.447063,-0.203657,-0.15501,-0.453861,-0.144782,-0.0283,-0.225973,0.023476,-0.290867,-0.036318,-0.357976,-0.247801,-0.387069,-0.2251,-0.256824,-0.226356,-0.200866,-0.158858,0.377663,-0.186714,-0.178397,-0.433577,-0.104571,-0.009254,-0.165683,0.041133,-0.063439,-0.017786,0.234261,-0.163591,-0.418384,-0.254578,-0.196428,0.103062,0.054846,-0.201923,0.267128,-0.181697,0.34029,-0.247304,-0.339386,-0.00511,0.172438,-0.173887,-0.071988,0.278994,-0.211356,-0.096291,0.058647,0.290245,-0.387176,0.269602,0.168769,-0.042898,0.252001,0.283474,-0.214167,0.168787,-0.229941,0.073952,0.202002,-0.323323,0.09594,0.293345,0.221617,-0.005732,-0.091871,0.033628,-0.288413,-0.03702,-0.060165,#
1,0.334331,1.0,-0.145325,-0.277348,0.259773,0.175512,0.145581,-0.382923,0.158186,0.324371,0.095023,-0.01573,0.083568,0.363775,0.169461,-0.112417,-0.297526,0.196405,0.056771,-0.110756,0.268394,0.189574,0.322125,-0.035939,0.015523,-0.335773,0.418946,-0.087848,0.243372,0.283455,-0.439736,-0.185189,0.106863,-0.433635,-0.067764,0.054529,0.181758,-0.522298,-0.139138,0.154168,0.112086,0.326028,-0.09714,-0.015533,0.055844,-0.102993,0.044888,0.367526,-0.124901,-0.024191,-0.174443,-0.622191,0.064043,-0.326407,0.078608,-0.027136,-0.161043,0.356628,0.082605,0.335475,0.179256,0.294801,0.107078,-0.013814,0.043385,0.345281,-0.199882,0.267461,0.300212,0.019646,-0.311056,-0.124369,0.239636,-0.165754,-0.354859,0.147998,-0.335104,-0.136921,-0.348142,-0.128594,-0.192849,-0.623449,-0.322451,-0.298922,-0.122366,-0.214404,0.00614,-0.478325,-0.084811,-0.206232,-0.360861,-0.274752,-0.303923,0.136836,-0.110839,-0.184733,-0.188598,-0.18408,-0.144212,-0.338825,0.286642,-0.279922,-0.175861,-0.09183,-0.078827,-0.232305,-0.21915,-0.530574,0.019439,-0.247409,0.203827,-0.173185,-0.411605,-0.205087,-0.193264,-0.2705,-0.278524,-0.069751,-0.103039,-0.473494,-0.172287,-0.350622,-0.338383,-0.312173,0.013092,-0.258229,0.153293,0.259034,-0.213365,-0.396737,-0.137056,-0.29912,-0.295748,-0.230423,-0.216641,-0.448233,-0.173119,-0.127428,0.069626,-0.687223,-0.279664,-0.200213,-0.368224,-0.218605,-0.137674,-0.413334,-0.293253,0.494255,-0.146553,-0.033611,-0.363871,-0.394759,-0.173547,-0.304252,-0.163718,-0.112505,0.047622,0.482499,-0.193329,-0.316575,-0.161867,-0.325798,-0.153057,0.167985,-0.130601,0.369033,-0.147486,-0.085186,-0.387763,-0.375915,0.030163,0.208535,-0.324908,-0.190018,0.112235,-0.44116,-0.253062,0.0762,0.454671,-0.22844,0.619941,0.007814,-0.196128,0.303632,0.356676,-0.41928,0.150871,0.002925,-0.084645,0.534081,-0.348077,0.360994,0.372191,0.220222,-0.031206,-0.241108,-0.081343,-0.374946,-0.140072,-0.109815,#
2,-0.223162,-0.145325,1.0,0.189794,0.019849,-0.057178,0.045523,0.27497,0.156689,-0.268131,0.037007,0.234459,-0.240968,-0.081815,-0.195187,-0.238042,-0.059306,0.169098,-0.113312,0.106264,-0.104447,-0.113498,0.031705,0.071704,0.324926,0.219286,-0.029692,-0.020195,0.118981,-0.209131,0.088084,0.192803,-0.116977,0.107655,-0.091516,0.053261,0.063671,0.019154,0.007253,-0.167847,-0.024817,-0.030325,-0.033115,-0.18603,0.114165,-0.12037,-0.101259,0.002284,-0.044244,0.149869,-0.012892,0.251345,0.022254,0.197507,-0.0595,-0.155079,-0.053554,0.007558,-0.029074,-0.077968,0.069744,-0.120072,-0.146132,0.034296,0.044452,0.01066,-0.003332,0.052557,-0.023062,0.187582,0.172868,0.103586,-0.025838,0.096793,0.167341,0.021259,0.06546,0.120412,-0.031326,-0.072655,0.152193,0.095378,0.080551,0.318863,0.193584,0.095258,0.015309,0.117393,0.067781,-0.154575,0.219336,0.15966,0.00741,-0.100516,-0.026608,0.014412,0.329522,0.041371,0.403083,0.153802,-0.080687,0.148583,0.106184,0.274681,-0.113098,0.065288,0.257622,0.35272,-0.065541,0.029578,0.088416,-0.059901,0.055247,0.272157,0.171025,0.206196,-0.17937,-0.045286,-0.063851,0.295573,0.078645,0.048968,0.422113,0.06149,-0.091454,0.120861,0.043244,-0.276007,-0.311528,0.153926,-0.012176,-0.068416,0.131865,0.084627,0.076852,-0.009328,0.09261,0.200864,0.137863,0.205677,0.123444,0.449578,-0.046585,-0.147737,0.033977,-0.119029,0.232992,-0.111794,0.137171,0.055312,0.232281,0.053672,0.164221,0.15675,0.208542,-0.141467,0.234482,-0.015538,0.320996,0.190575,0.285759,0.037505,0.362728,0.042867,0.213673,-0.180126,0.225943,-0.325278,0.202356,-0.036704,0.096248,-0.056647,0.05015,0.131524,-0.300912,0.165138,0.00756,0.104151,-0.206073,-0.076247,-0.283436,-0.031059,0.161782,-0.274709,-0.218332,0.266149,0.08166,-0.205646,0.072194,-0.065357,0.089213,-0.034895,0.012583,-0.054065,-0.119593,0.17458,0.141365,-0.164418,0.01505,-0.010785,#
3,-0.111268,-0.277348,0.189794,1.0,-0.001212,-0.136473,-0.032361,0.315324,-0.077399,0.066188,-0.130491,-0.124838,0.026028,-0.244494,-0.083075,0.035792,-0.028909,0.145582,-0.326437,0.132692,0.014495,-0.118808,-0.110038,-0.030657,0.176373,0.127641,-0.383503,-0.105385,-0.105914,-0.122536,0.467879,0.069814,0.240671,0.304884,0.038115,0.00553,0.110219,0.19024,0.049873,-0.110468,0.107732,-0.023709,-0.05211,-0.307169,0.244285,-0.195572,-0.32602,-0.182578,0.249175,-0.029977,0.204981,0.195136,0.063882,0.236909,-0.112637,-0.132873,0.094551,0.046393,-0.067012,-0.256745,-0.1238,0.078076,0.000519,-0.054793,-0.131636,-0.02976,0.276716,-0.209468,-0.123343,0.043227,-0.081701,-0.078557,0.1581,0.234011,0.299217,-0.044802,0.144799,0.225692,0.187873,0.076542,0.157844,0.329034,-0.002628,0.148196,0.040473,-0.082785,0.149821,0.042597,0.120291,0.079229,0.033068,0.060124,0.302828,-0.165609,0.039098,-0.077864,-0.152612,0.083002,0.25477,0.260665,-0.111361,0.142762,0.428939,0.44119,0.176459,0.174008,0.030352,-0.014639,0.07136,0.026675,-0.135514,0.052284,0.263565,0.227005,0.128882,0.450923,0.358101,0.083355,0.078919,0.029301,0.160573,0.172473,0.18345,0.230878,-0.033562,0.198169,-0.092863,-0.042479,0.107253,0.252212,-0.077177,0.104831,0.364161,0.131262,0.036839,0.271703,0.056198,0.055516,-0.104165,0.246219,0.050681,-0.031539,0.183056,0.089535,0.242914,0.234095,0.086284,-0.074481,0.27653,0.099469,0.076191,0.021752,0.034368,0.100737,0.331532,0.295928,-0.226602,-0.042349,0.147372,0.139775,0.287298,0.371305,0.042407,0.126593,0.181096,-0.278521,0.093349,-0.187758,0.215094,0.375277,-0.048979,-0.333916,0.080891,0.066068,-0.226586,0.383576,-0.152454,-0.066221,-0.291986,-0.089249,-0.284227,-0.133287,-0.044297,-0.227799,-0.195812,0.199072,-0.364464,-0.041523,0.061633,-0.398945,0.096043,-0.117817,-0.189056,0.144191,0.011593,0.108873,-0.153877,0.285905,0.154496,0.118118,#
4,0.427721,0.259773,0.019849,-0.001212,1.0,0.079262,0.157016,-0.166854,0.110942,0.18664,0.157273,0.097918,0.044359,0.136644,-0.00506,0.202324,0.010432,-0.033141,0.192963,-0.165173,0.184055,-0.273472,0.232627,-0.005158,-0.043371,-0.196497,0.242521,-0.035418,0.314396,0.061183,-0.269105,0.099881,0.024125,-0.166301,0.032682,-0.025858,0.050208,-0.286961,-0.092858,0.046878,0.199872,0.083803,-0.122391,-0.209705,0.20626,-0.119627,-0.09824,0.211816,0.200561,-0.084096,0.10748,-0.30738,0.289657,-0.186359,-0.056477,-0.037687,-0.080912,0.19311,0.068981,0.143375,-0.110699,0.342978,-0.143349,0.044651,0.134344,0.109353,0.011932,0.174545,0.13264,-0.060215,-0.175204,-0.05424,0.191391,-0.202068,-0.230231,0.168618,-0.293202,-0.171806,-0.277865,-0.131241,-0.208595,-0.287918,-0.307136,0.201018,-0.313357,-0.052381,-0.152627,-0.33717,-0.003596,-0.364863,-0.190243,-0.354996,-0.110473,-0.156523,-0.320589,-0.231218,-0.212445,-0.209501,-0.286243,-0.068185,0.163191,-0.371141,-0.255711,0.155134,-0.282221,-0.153417,0.026059,-0.149013,-0.131504,0.055495,0.117951,-0.073095,-0.0262,-0.16924,-0.306293,-0.156112,-0.023876,-0.161994,0.155542,-0.341995,-0.222771,-0.381305,-0.283152,-0.228945,0.010603,-0.188056,-8e-06,0.056151,0.059832,-0.467239,-0.099146,-0.106505,-0.10168,-0.048569,-0.192036,-0.060813,-0.097416,-0.173523,-0.206386,-0.339654,-0.381403,-0.154347,-0.431121,-0.071174,-0.160502,-0.01085,-0.123634,0.230633,-0.294921,-0.328648,-0.241209,-0.205676,0.031092,-0.24218,0.17422,-0.27926,-0.052042,0.419525,-0.229843,-0.337153,-0.031775,-0.451766,0.144136,-0.085234,-0.248211,0.252646,-0.032648,0.048799,-0.168853,-0.23698,0.187625,0.336614,-0.320411,0.029536,0.22889,-0.207176,-0.244087,0.192584,0.218053,-0.085726,0.406492,0.06542,-0.042487,0.120957,0.020081,-0.127413,0.050852,-0.156277,0.026369,0.09659,-0.182768,0.147186,0.344067,0.308438,-0.33574,0.011818,0.199352,-0.210247,0.04024,0.132737,#
5,0.175282,0.175512,-0.057178,-0.136473,0.079262,1.0,0.242041,-0.205555,0.38795,0.184559,0.320786,0.042024,-0.054713,0.139016,-0.100502,0.128797,0.079483,-0.049501,0.149794,-0.270239,0.18616,0.123575,0.405521,-0.328003,-0.053981,-0.347636,0.048435,-0.088822,0.034389,0.195977,-0.174536,0.126028,-0.170769,-0.089018,-0.135669,-0.06152,0.005127,-0.128305,0.265256,-0.134842,0.095373,0.203079,0.216506,-0.161684,-0.280574,-0.141878,0.179449,-0.13889,0.285401,0.016394,0.055642,-0.074904,0.071632,-0.076386,0.251558,0.492763,-0.407023,0.329725,-0.231865,0.210196,0.256652,0.046785,0.019704,-0.056108,0.028056,0.109743,-0.108887,0.323471,0.017008,0.055494,-0.066145,0.050167,0.131025,-0.342388,-0.417434,0.237933,-0.113383,-0.147777,-0.199245,-0.075342,-0.362339,-0.312063,-0.106509,0.296203,-0.251945,-0.033918,-0.155486,-0.199844,0.033011,-0.241686,-0.042767,-0.183035,-0.271293,0.282183,-0.036961,-0.025134,0.162765,-0.166043,-0.015439,-0.135063,0.309422,-0.166531,0.036642,-0.23008,-0.089303,-0.398353,0.102197,-0.181519,-0.203459,0.110344,-0.173226,-0.063929,-0.139803,-0.180563,-0.006748,-0.475743,-0.141047,-0.222138,0.072787,-0.169285,-0.121578,0.012635,-0.263783,-0.285729,0.044425,-0.123877,0.347174,0.327484,-0.286675,-0.290405,-0.096183,0.046057,-0.378409,-0.101622,-0.035319,-0.151043,0.093275,-0.195566,0.125413,-0.409497,-0.133337,-0.079121,-0.154625,-0.081375,-0.143165,-0.330852,-0.204189,0.416389,-0.145227,-0.089323,-0.042089,-0.214283,0.095928,-0.342111,-0.172926,-0.024448,-0.023403,0.030106,-0.128409,-0.150647,-0.20738,-0.093426,-0.132013,0.016957,0.040172,0.20562,-0.155718,-0.209101,-0.284464,-0.233969,0.123349,0.117517,0.194947,-0.152976,0.281815,-0.383889,-0.326409,0.363835,0.115866,-0.035864,0.203701,0.093861,-0.012028,0.244605,-0.1164,-0.10741,0.097322,0.049338,-0.108891,0.35452,-0.199952,0.033593,0.013345,0.275823,-0.02014,0.259862,0.093977,-0.253383,-0.206987,-0.068359,#
6,0.037384,0.145581,0.045523,-0.032361,0.157016,0.242041,1.0,-0.261876,0.114732,0.217809,0.116639,-0.018356,0.094822,-0.0423,0.044885,0.043922,0.053208,-0.021433,0.132646,-0.126541,0.24646,0.210658,-0.009185,-0.269047,-0.083139,-0.424368,0.087152,0.003372,0.146624,-0.101258,-0.202656,-0.206786,-0.055075,-0.028595,-0.004063,-0.225817,0.201006,-0.107657,-0.145802,0.094576,-0.089716,0.174549,0.08979,-0.141047,-0.021631,-0.092417,0.013708,0.023376,0.219902,0.240486,0.092636,-0.239248,0.076258,-0.223959,-0.074545,0.106473,0.001642,0.120031,-0.036188,0.363263,0.032711,0.314497,0.060227,0.130371,-0.187826,-0.093529,-0.237858,-0.02217,-0.018112,0.097181,0.163846,-0.242584,0.039433,-0.121423,-0.280888,-0.044957,-0.12128,-0.152309,-0.271218,-0.041747,-0.143445,-0.187852,-0.033021,0.072066,-0.168761,0.233223,0.059236,0.045907,0.073654,-0.240634,-0.045452,0.008883,0.04562,0.189028,0.30928,-0.200967,-0.042418,-0.234893,-0.031139,-0.034274,0.148761,-0.320943,-0.092546,-0.085316,-0.04589,-0.069003,0.061094,0.017314,-0.231525,-0.107293,-0.117466,-0.206088,-0.250797,-0.124068,-0.056927,-0.205265,-0.198435,-0.317705,0.120152,-0.044371,0.130581,-0.089807,-0.02406,-0.191835,-0.366408,0.228227,0.226703,0.236863,-0.158069,-0.058061,0.088329,0.192047,-0.001492,0.303178,0.098024,0.092563,-0.049361,-0.145719,-0.005744,0.02319,0.019559,0.214848,0.169477,-0.035628,-0.217774,-0.228911,0.053548,0.363154,-0.03431,0.162398,-0.071472,-0.156976,0.138065,-0.012552,0.159733,0.058407,0.05253,0.16344,-0.072015,-0.006584,0.065557,-0.173314,0.030066,0.193584,-0.033549,0.036056,0.008433,-0.178301,-0.030069,-0.149161,0.171183,0.023669,0.194041,-0.066336,-0.054149,-0.121355,-0.045576,0.185435,0.019937,-0.159438,0.019902,0.016907,0.303015,0.105622,-0.208281,0.013383,0.122608,-0.172732,-0.136757,-0.055772,-0.211754,0.20119,0.025915,0.105516,0.163369,0.324759,-0.047372,-0.132465,-0.062869,-0.016081,#
7,-0.23657,-0.382923,0.27497,0.315324,-0.166854,-0.205555,-0.261876,1.0,-0.184891,-0.312652,-0.217131,-0.158495,-0.114012,-0.298183,0.171988,-0.075871,-0.061353,-0.098323,-0.229213,0.289219,-0.205635,-0.085559,-0.225145,0.290134,0.416882,0.32192,-0.075821,0.071255,-0.237668,-0.249443,0.32711,0.166591,0.121193,0.143624,0.112535,0.091492,-0.047213,0.260106,0.188559,-0.142783,-0.078926,-0.150414,0.041791,-0.085757,0.257458,-0.054418,-0.017944,0.12536,-0.084977,-0.340665,0.028183,0.318173,-0.049584,0.166795,-0.126416,-0.170433,-0.00065,-0.1848,0.156401,-0.377537,-0.277425,-0.275272,-0.272959,-0.013976,-0.27656,-0.016873,0.315584,-0.188168,-0.153338,0.159343,-0.004436,0.08022,0.173973,0.171859,0.325124,-0.120336,0.354598,0.117545,0.186824,0.075288,0.111664,0.321789,0.070342,0.065155,0.1418,0.060445,-0.042658,0.181002,0.157182,0.045324,0.277711,0.192679,0.089461,-0.400114,-0.014257,0.030908,0.174478,0.170216,0.150139,0.25835,-0.239792,0.265926,0.420699,0.204785,0.170213,0.188307,0.251893,0.329747,0.145034,0.008268,0.060213,0.058267,0.346715,0.224603,0.169617,0.422484,0.23836,0.031125,-0.076968,0.210597,0.191354,0.149816,0.2177,0.28694,0.021321,-0.063682,-0.275251,0.031636,0.034874,0.550054,0.001136,-0.11099,0.106148,-0.039711,0.140598,0.24863,-0.141026,0.16239,0.212924,0.315898,0.111568,0.205261,0.271339,-0.031965,0.24222,0.216701,0.095474,-0.326816,0.11473,0.221928,0.172999,0.335626,-0.10657,0.196747,0.29477,0.128324,0.033935,-0.336618,0.099713,-0.017118,0.24281,0.336387,0.005506,0.043653,0.240526,-0.343066,0.265526,0.001869,0.397237,0.075141,-0.155185,-0.148361,0.0941,-0.004687,-0.254752,0.229876,-0.068514,-0.318136,-0.39543,-0.14517,-0.443381,-0.039998,-0.222668,-0.325141,-0.374961,0.024379,-0.108243,-0.097692,0.161592,-0.361151,0.338604,-0.2576,-0.235376,-0.260604,-0.150015,0.144308,0.067036,0.255301,0.157224,-0.026128,#
8,0.15843,0.158186,0.156689,-0.077399,0.110942,0.38795,0.114732,-0.184891,1.0,0.151742,-0.087038,0.160287,-0.142785,0.329917,-0.109191,-0.008398,-0.095633,0.320137,0.300989,0.065432,-0.150837,-0.115316,0.366508,-0.241568,0.187733,-0.254778,0.029907,-0.135558,0.219783,0.200407,-0.182942,0.090817,-0.23936,-0.003895,-0.055956,0.302496,0.150241,-0.377781,0.1372,-0.138483,0.162954,0.017323,-0.060747,-0.091357,-0.057985,0.001529,0.305972,0.179045,0.206435,0.058701,0.16981,-0.065123,0.01299,-0.075338,-0.190958,0.103831,-0.031343,0.171022,-0.363169,0.156141,0.193235,0.183505,0.01689,-0.188742,-0.127433,0.188973,0.196876,0.200183,0.150796,-0.007961,-0.018663,-0.032203,-0.189082,-0.000942,-0.284368,0.143668,-0.028012,-0.226134,-0.162949,-0.02552,-0.032859,-0.257043,-0.088424,0.262267,0.112748,-7.2e-05,-0.187465,-0.183693,0.090181,-0.07139,-0.216957,-0.061763,-0.202901,0.199374,-0.171284,-0.122476,0.156127,-0.08603,0.152159,-0.192812,0.131356,0.009911,-0.243946,0.208264,-0.129954,-0.071096,-0.035987,-0.171689,0.207476,-0.026918,0.126297,-0.197545,-0.065374,-0.097483,-0.210388,-0.210903,-0.010363,-0.207734,0.195092,-0.361724,0.046779,-0.250666,-0.165614,-0.277457,0.015921,0.007545,0.054488,0.086248,-0.38669,-0.230011,0.001762,-0.008986,-0.351817,-0.149646,-0.316398,-0.175595,-0.0385,-0.031375,0.228335,-0.219169,-0.165853,-0.256166,-0.216053,-0.332528,-0.254418,-0.523319,0.148112,0.307212,-0.209239,-0.106301,0.08913,-0.318674,0.257522,-0.178735,0.08118,0.05565,0.158838,0.319761,-0.050101,0.088866,-0.26516,-0.097329,-0.015055,0.20994,0.148722,-0.197976,-0.058566,-0.185921,-0.196591,-0.067387,0.14277,0.227433,0.117554,-0.226861,0.123066,-0.19979,-0.166186,0.186521,0.194274,-0.037162,0.20572,0.121241,-0.176945,-0.051403,0.091877,0.179697,0.21201,0.01951,-0.295281,0.305557,-0.201641,-0.035885,-0.049881,0.140887,-0.334619,0.092116,-0.023247,-0.215195,0.040433,-0.053727,#
9,0.277573,0.324371,-0.268131,0.066188,0.18664,0.184559,0.217809,-0.312652,0.151742,1.0,0.070566,0.060526,0.261966,0.190335,-0.020299,0.362701,-0.007973,0.152795,0.182778,-0.279822,0.367943,0.037458,0.134393,-0.285056,-0.160429,-0.25594,-0.056393,-0.11961,0.109913,0.253923,-0.238695,-0.124328,0.118604,-0.117975,0.153711,0.163271,-0.058012,-0.39846,-0.066361,0.20719,-0.091204,0.11313,-0.085358,-0.12211,-0.009704,-0.04826,-0.084434,-0.104017,-0.066823,-0.041743,0.192942,-0.437429,0.061937,-0.007146,0.158926,0.083028,-0.168337,0.291979,-0.127329,0.028195,0.128959,0.29098,0.044004,0.028753,-0.137172,0.049406,0.010578,-0.009772,0.119063,-0.042604,-0.260731,-0.243878,0.061633,-0.119092,-0.170092,0.086305,-0.373423,-0.006794,-0.339819,-0.184625,-0.245136,-0.155689,-0.205578,-0.161465,-0.179535,-0.25913,-0.063982,-0.164131,-0.124563,-0.032887,-0.39871,-0.303917,-0.100626,-0.015565,-0.010508,-0.16177,-0.223535,-0.022432,-0.401594,-0.115288,0.234999,-0.105239,-0.145005,-0.086142,-0.226721,-0.135787,-0.219274,-0.243444,-0.164604,-0.096729,-0.198732,-0.141404,-0.329625,-0.18169,-0.381488,-0.050922,-0.209084,-0.204876,-0.059335,-0.284244,-0.197605,-0.072692,-0.376704,-0.123954,-0.211545,-0.063422,-0.109003,-0.050914,0.056398,-0.193989,-0.169188,-0.110075,-0.136658,0.085908,-0.282536,-0.060287,-0.14135,-0.348909,-0.105331,-0.318413,-0.314412,-0.311016,-0.131388,-0.18057,-0.284346,-0.195521,-0.152648,0.364238,-0.250149,-0.22731,-0.261413,-0.483168,-0.297059,-0.331637,-0.119477,-0.084294,0.007414,0.354962,-0.237752,-0.1721,-0.210935,-0.229256,-0.177932,0.160034,-0.2164,0.020834,-0.208713,0.102596,-0.303505,0.005936,0.251035,0.013868,0.000458,-0.229043,0.212769,-0.198584,-0.206622,0.223024,0.023526,-0.247962,0.300965,0.15694,0.096449,0.317877,0.14643,-0.201417,0.162984,-0.126369,0.097068,0.276069,-0.418416,0.184959,0.215539,0.20914,0.111053,0.099035,0.060542,-0.157025,-0.062277,-0.114833,#
10,0.060292,0.095023,0.037007,-0.130491,0.157273,0.320786,0.116639,-0.217131,-0.087038,0.070566,1.0,0.122116,-0.053061,-0.169736,-0.022004,0.127255,0.35916,-0.202367,-0.043953,-0.284321,0.258122,0.139831,0.091973,0.015168,-0.066809,-0.119669,-0.062711,0.075533,0.105878,0.085398,-0.214148,0.049242,-0.149164,-0.175294,0.337205,0.046223,0.167554,-0.063432,0.015165,0.309134,-0.105733,0.024059,-0.033976,-0.07138,-0.102662,-0.145673,-0.175063,-0.168335,0.143075,-0.134427,0.149844,-0.085232,-0.123789,0.01087,0.49078,-0.003634,-0.501485,0.151843,0.039143,0.228512,0.067408,0.064245,-0.163192,0.205142,0.249903,-0.031037,-0.256398,-0.045703,0.136649,-0.415527,0.002607,-0.042274,0.009835,-0.404059,-0.229621,0.235514,-0.280187,0.161697,-0.290456,-0.304399,-0.183569,-0.222042,-0.115645,0.030582,-0.549494,-0.029496,-0.139718,0.046517,-0.327433,-0.236879,-0.009553,-0.322736,-0.095921,-0.116319,-0.074424,-0.104256,-0.178653,-0.07092,-0.022347,-0.122932,0.138664,-0.146455,-0.193584,-0.338863,-0.254341,-0.157291,-0.121669,0.090124,-0.221659,0.294309,-0.272083,-0.222152,-0.366696,-0.108216,-0.221558,-0.313627,-0.131962,-0.14419,-0.124174,0.092765,-0.446325,-0.023559,-0.171404,0.053297,0.017782,-0.050848,0.286573,-0.069504,-0.168265,-0.219324,-0.057733,-0.052076,-0.235715,-0.062753,-0.011575,-0.149719,-0.222067,-0.20466,-0.140477,-0.21732,-0.397271,0.125771,-0.149433,0.020421,-0.303027,-0.211119,-0.185876,0.129483,-0.02342,-0.258364,-0.085991,-0.116708,-0.183093,-0.296656,-0.253897,-0.287718,0.256463,-0.086426,-0.177559,-0.077789,0.049724,-0.274499,-0.037612,-0.229253,-0.333905,0.148646,-0.126273,-0.100243,-0.362031,-0.223635,0.329724,-0.011439,-0.136171,-0.221649,0.228986,-0.366307,-0.324614,0.327807,0.134604,0.310992,0.159212,0.099788,0.211541,0.196721,0.130753,-0.232811,-0.030735,-0.01218,0.416545,0.117167,-0.424573,0.46242,0.16384,0.039945,-0.010931,0.061485,0.215918,-0.417615,-0.290237,-0.09483,#
11,-0.005738,-0.01573,0.234459,-0.124838,0.097918,0.042024,-0.018356,-0.158495,0.160287,0.060526,0.122116,1.0,-0.317185,0.110568,0.117092,0.208656,-0.048207,-0.099894,0.10357,-0.191078,0.01348,-0.383576,0.018066,-0.216522,0.096551,0.093855,0.018245,-0.088537,0.280854,0.294055,-0.156476,0.113844,-0.452187,-0.124758,-0.091951,0.229891,-0.377839,0.133161,0.192172,0.328101,-0.024544,-0.222904,-0.167748,-0.030706,0.168148,0.120439,-0.023056,-0.166793,-0.149664,0.224442,0.172965,-0.089471,-0.10393,0.226516,-0.118361,0.079815,-0.150863,-0.19021,-0.130476,-0.170958,-0.132276,0.16269,0.199128,0.113306,0.083479,-0.144085,0.175218,0.029868,0.025805,-0.125496,0.183652,0.136872,0.014229,-0.00554,-0.098603,0.117026,-0.339375,-0.149223,-0.066747,-0.23965,-0.049844,-0.082896,0.020652,0.141229,0.045201,0.010359,-0.340806,-0.298485,-0.048921,-0.337107,-0.06153,-0.035561,-0.094324,-0.194447,-0.238898,-0.09128,-0.093477,-0.262909,-0.175492,0.031887,-0.020329,0.061763,-0.143371,-0.024048,-0.386724,-0.075122,-0.172885,-0.051709,-0.03156,-0.033156,-0.348967,0.157212,-0.221905,0.109833,-0.185145,-0.042572,-0.010544,-0.139368,0.017329,-0.208161,-0.315116,-0.105569,-0.220586,0.010818,0.268509,-0.152836,-0.120955,-0.255755,-0.21297,-0.255725,-0.061058,-0.320167,-0.078733,0.061654,-0.185502,-0.101975,0.157357,-0.00528,0.002359,-0.103711,-0.159083,0.035986,-0.123439,-0.096088,-0.247425,-0.292874,0.285655,0.209999,0.015528,-0.181727,0.06698,-0.155283,-0.101631,-0.189774,-0.240824,-0.177646,0.088398,0.042827,-0.050876,0.059159,-0.176302,-0.078372,-0.028605,-0.25508,0.013482,-0.16002,-0.226165,0.009685,0.091237,-0.112596,0.155635,-0.157974,-0.149017,-0.402633,0.137692,0.037429,-0.156156,0.094583,0.068385,-0.127326,0.017881,0.198298,0.030673,0.117085,0.266435,0.084745,0.269345,-0.170568,-0.037656,0.125647,-0.232309,0.171053,0.195789,0.220777,-0.220068,0.042927,0.143098,-0.19351,-0.00451,0.361277,#
12,0.242973,0.083568,-0.240968,0.026028,0.044359,-0.054713,0.094822,-0.114012,-0.142785,0.261966,-0.053061,-0.317185,1.0,0.159347,-0.026165,0.094769,-0.039034,-0.027921,0.105368,0.030606,0.239558,0.170878,-0.001905,-0.072178,-0.049496,-0.21346,-0.0071,-0.080895,0.088897,-0.009484,-0.05062,0.185718,0.000813,-0.020325,-0.24798,-0.319064,0.046246,-0.202538,-0.076432,-0.180159,-0.049159,0.333118,-0.057113,0.124459,0.123505,-0.221971,-0.059171,-0.003757,-0.054596,-0.190674,0.063032,-0.025816,0.072412,-0.220958,0.059036,0.028671,-0.105844,0.143457,-0.128924,0.053139,0.016434,-0.012444,-0.083437,-0.219843,0.088383,0.283117,-0.082845,0.117929,0.196188,-0.072479,-0.103634,-0.02882,-0.07309,-0.035922,-0.054442,-0.087756,-0.058037,-0.193699,-0.033086,-0.118075,-0.0482,-0.224783,0.12378,-0.040292,-0.023669,-0.188281,0.116679,-0.032245,-0.170775,-0.075501,0.112793,-0.264559,-0.108906,0.195694,0.220918,0.067514,-0.079607,0.069448,-0.224315,-0.152026,0.181537,-0.119076,0.042937,-0.084867,0.024052,-0.094537,-0.044732,-0.030067,-0.245161,-0.188622,0.316586,-0.204663,0.051461,-0.041092,0.002343,-0.098494,0.100784,0.122552,-0.132082,0.022819,0.01431,-0.167393,-0.325664,-0.072978,-0.212135,0.145195,-0.275291,0.087485,0.139894,-0.092913,-0.219878,0.198773,-0.016225,-0.051401,0.000429,-0.013504,-0.204585,-0.246493,-0.006616,-0.087263,-0.084873,0.103418,-0.016617,-0.036642,0.009021,0.21584,-0.173118,0.276602,-0.269311,-0.012266,-0.142532,-0.087647,-0.02502,-0.131048,-0.22477,-0.073756,0.160526,0.105844,-0.089636,-0.103321,0.00507,-0.068318,0.060109,0.070004,-0.201216,0.076267,0.104254,-0.071091,-0.001306,-0.027095,-0.001723,0.257221,0.258599,0.183688,0.245278,-0.061701,0.084461,-0.064782,0.044285,-0.02866,0.319991,-0.042419,0.131416,0.065184,0.0672,-0.032488,0.119111,0.085081,0.053998,0.070841,0.028267,0.036458,0.034202,-0.001989,0.010498,0.004923,0.031544,0.062466,-0.062215,-0.018483,#
13,0.369644,0.363775,-0.081815,-0.244494,0.136644,0.139016,-0.0423,-0.298183,0.329917,0.190335,-0.169736,0.110568,0.159347,1.0,0.14725,0.082076,0.019353,0.090322,0.060582,-0.05974,-0.157113,0.001587,0.268698,-0.298254,-0.041868,-0.104529,0.098271,-0.349192,0.198804,0.278519,-0.433271,0.102713,-0.22671,-0.054708,-0.182206,0.052804,-0.111854,-0.135289,0.091182,-0.203687,-0.021692,0.110823,-0.196483,0.16214,-0.033355,-0.190228,0.312658,0.165192,-0.13206,0.1953,-0.165301,-0.177508,0.061319,-0.137401,-0.25067,0.14952,0.029721,0.246858,-0.117491,0.173682,0.169055,0.16364,0.004097,-0.183948,-0.05196,0.234474,0.010489,0.290981,0.316776,0.100705,-0.022073,0.039347,-0.097159,0.171373,-0.115244,0.142141,-0.087465,-0.28325,-0.319583,0.055228,-9.1e-05,-0.351242,-0.077071,0.090085,0.181029,0.096592,-0.264167,-0.333307,-0.084141,-0.222323,-0.16653,-0.136748,-0.168246,0.316246,-0.245684,0.064603,0.134229,-0.068661,0.023238,-0.25245,0.302542,-0.150639,-0.323969,-0.018419,0.028477,-0.275309,-0.067163,-0.35338,0.078639,-0.042784,0.229318,0.12348,-0.073591,0.023519,-0.038202,-0.112702,-0.248252,0.002808,0.032779,-0.353158,-0.086615,-0.293742,-0.193736,-0.318907,-0.011296,-0.073278,-0.251863,0.090615,-0.11084,-0.350266,-0.124989,0.062551,-0.420966,-0.256749,-0.143879,-0.299756,-0.053566,-0.152269,0.114866,-0.164259,-0.193304,-0.29772,-0.281462,-0.309015,-0.046327,-0.3012,-0.056801,0.334994,-0.253698,0.037823,-0.207631,-0.313566,0.122341,-0.124641,-0.096816,0.011866,0.247056,0.349739,0.110616,-0.123693,-0.266528,-0.231923,0.310157,0.384411,0.069131,0.309423,-0.023667,-0.037796,-0.167588,-0.127298,-0.121057,0.201412,-0.039872,0.021532,0.136693,-0.130949,0.055425,-0.038687,0.20665,-0.090572,0.546533,-0.097674,-0.100546,0.198773,0.245938,-0.131958,0.387262,0.006724,-0.354757,0.271059,-0.038388,-0.183984,0.122347,0.203817,-0.070032,-0.280867,-0.290166,-0.188295,-0.08057,-0.104975,#
14,0.218564,0.169461,-0.195187,-0.083075,-0.00506,-0.100502,0.044885,0.171988,-0.109191,-0.020299,-0.022004,0.117092,-0.026165,0.14725,1.0,0.083485,0.123687,-0.217088,-0.181207,-0.076035,-0.266104,-0.11683,-0.161755,-0.148905,-0.015248,-0.005873,0.187676,-0.008323,-0.105371,-0.009242,-0.266946,0.138825,-0.11677,-0.21569,0.076012,-0.047138,-0.080056,0.184596,-0.005751,0.235394,-0.0924,-0.086396,-0.354303,-0.021527,0.330279,-0.415903,0.258593,0.003864,-0.112469,-0.089289,-0.130767,-0.006753,-0.191739,-0.128148,-0.110107,0.209599,-0.069661,-0.069347,0.171698,0.039923,-0.224605,0.476103,-0.019791,0.003693,-0.222968,-0.024552,0.000723,-0.157642,0.179806,-0.177967,0.276567,0.197689,-0.126927,0.091044,0.276565,0.122839,-0.199762,-0.096115,-0.292679,0.103281,-0.045206,-0.211586,-0.032182,-0.062847,-0.0927,0.031265,-0.187322,-0.092894,-0.032765,-0.082258,0.09094,-0.035394,-0.006045,0.052722,-0.037031,-0.062905,0.113486,-0.168703,-0.239006,-0.097555,-0.143488,-0.129998,0.090513,0.015488,0.023876,-0.104984,-0.038993,-0.152138,0.185601,-0.113737,-0.022766,0.02947,-0.175743,0.124866,-0.265636,-0.062158,0.055533,-0.029298,0.0043,-0.18492,-0.081579,0.049067,-0.145059,0.063,0.205138,-0.01199,-0.247622,0.124041,-0.01054,-0.088425,-0.076803,-0.269354,-0.135364,-0.225524,-0.071938,-0.207365,-0.155891,-0.175889,-0.041544,0.13237,-0.127873,-0.0839,0.066532,-0.24116,-0.124519,-0.100044,0.186397,0.065201,0.015552,0.215967,-0.070322,0.151897,-0.226301,-0.104591,-0.06687,-0.027961,0.171416,-0.067496,-0.239158,-0.14138,-0.347347,-0.042998,0.093434,-0.076423,-0.045613,-0.033977,-0.105141,0.1202,0.018036,-0.50338,-0.080076,-0.166389,-0.078468,-0.163937,-0.098372,0.056353,-0.227879,-0.150219,0.020215,-0.03256,0.051957,0.064328,-0.030904,0.142133,0.031491,-0.062091,0.364574,0.03335,-0.007908,-0.087321,-0.018033,0.096373,0.017736,0.067113,-0.122946,-0.095503,-0.165512,0.135068,-0.021671,0.202633,#
15,0.114967,-0.112417,-0.238042,0.035792,0.202324,0.128797,0.043922,-0.075871,-0.008398,0.362701,0.127255,0.208656,0.094769,0.082076,0.083485,1.0,0.020869,-0.12077,0.101744,-0.260536,0.128708,-0.238845,-0.016554,-0.266903,-0.267685,-0.265195,-0.060306,-0.120875,0.136514,0.269512,-0.155123,0.149646,-0.11629,-0.164738,0.209893,-0.024029,-0.142135,-0.064368,0.38343,0.285292,-0.175876,-0.086385,-0.015951,0.009754,0.060145,0.008241,-0.179105,-0.209872,-0.090088,-0.155585,0.330509,-0.097488,0.169416,0.045215,-0.000935,0.16045,-0.085125,0.055634,-0.079723,0.007421,-0.065074,0.186094,-0.127905,-0.032003,0.060245,-0.201057,0.259773,0.056661,0.161337,-0.357967,-0.001357,0.071239,-0.079969,0.026937,-0.017263,0.198861,-0.224751,-0.188053,-0.141418,-0.051697,-0.121336,-0.009411,0.096539,0.125019,-0.093244,-0.066573,-0.085169,-0.019305,-0.258378,0.027965,0.048246,-0.383587,-0.020824,-0.097056,-0.245313,-0.149694,-0.063188,-0.030346,-0.335042,-0.04716,0.086451,-0.047038,-0.109817,0.099151,0.019146,-0.226313,-0.19005,0.157339,-0.160041,0.230182,-0.398474,0.229945,-0.065499,-0.162854,-0.219634,-0.188222,0.053274,0.076825,-0.163213,-0.197946,-0.353114,0.049921,-0.157098,-0.000316,-0.023878,-0.045946,-0.102763,-0.016956,-0.104567,-0.214004,-0.158369,-0.256642,-0.074179,-0.121059,-0.267168,-0.012809,0.047091,-0.229379,-0.151848,-0.126287,-0.338782,0.003452,-0.022747,-0.08742,-0.127057,0.016741,-0.0804,0.104464,-0.269822,-0.224165,0.037635,-0.328955,-0.185988,-0.508206,-0.20774,-0.064003,-0.205904,0.061351,-0.282533,-0.213723,-0.336716,-0.20483,-0.03425,-0.140285,-0.108903,-0.134804,-0.45212,0.132356,0.006804,-0.045948,0.043911,-0.116932,-0.178957,-0.041906,0.303348,-0.086627,-0.271504,0.260624,0.064831,0.072577,0.107808,-0.168539,0.043113,0.439777,0.024936,-0.170839,0.178822,-0.195501,0.115195,0.057249,-0.241412,0.164214,0.338192,0.310099,0.015137,0.049482,0.060414,-0.131621,-0.007433,-0.121287,#
16,0.024291,-0.297526,-0.059306,-0.028909,0.010432,0.079483,0.053208,-0.061353,-0.095633,-0.007973,0.35916,-0.048207,-0.039034,0.019353,0.123687,0.020869,1.0,-0.239502,-0.127776,-0.085958,-0.053126,0.031975,-0.139922,-0.18456,-0.070657,0.094063,-0.305903,-0.051078,-0.060952,-0.156138,-0.050196,-0.021023,-0.182303,0.035353,0.145688,0.135201,0.116106,0.057655,0.049016,0.007945,-0.257391,-0.106392,-0.175266,-0.154218,0.044062,-0.004334,-0.040834,-0.340987,0.184294,0.136412,0.111205,0.09544,-0.219486,-0.035355,0.269364,0.220523,0.017715,0.082336,0.119231,0.144514,-0.009855,0.05051,0.027713,0.080426,-0.074751,-0.273169,-0.199787,-0.241737,0.002937,-0.236358,0.300687,-0.071297,-0.276299,-0.143597,0.028413,0.166272,-0.135776,0.14989,-0.244075,0.066222,-0.000769,0.219024,0.034646,0.239844,-0.270322,0.125429,0.02202,0.104802,-0.028773,-0.01263,0.073365,0.119229,0.194946,0.063295,0.075974,-0.18263,-0.052143,-0.179444,0.036336,-0.208585,0.052508,0.035511,-0.078761,-0.189626,-0.243439,0.045794,-0.031545,-0.023158,-0.051328,0.188491,-0.250763,-0.173102,-0.030511,-0.00788,-0.251626,0.017507,-0.111796,-0.179596,0.262929,0.076995,-0.123344,0.232939,0.078087,0.13964,0.066367,0.010868,-0.080393,-0.014921,0.103616,-0.113512,0.201789,0.292288,-0.105851,0.158386,-0.020913,-0.155468,-0.173036,-0.131208,-0.180363,0.134391,-0.174301,-0.003356,0.184992,0.116866,-0.237526,0.004714,0.118274,-0.190372,0.222785,0.103931,-0.006208,0.063101,-0.044041,-0.017178,0.054395,-0.178818,0.180986,-0.000601,-0.149454,0.077491,0.110556,-0.050062,0.11843,-0.076144,-0.178657,0.028825,0.241357,0.094766,-0.090558,-0.016339,0.315809,-0.099391,0.075581,0.21896,0.118754,-0.123611,0.005243,0.099397,-0.047332,0.140055,-0.052014,0.022258,0.10249,0.035823,-0.055185,-0.06146,0.080117,0.050953,0.189749,-0.222066,-0.024028,0.124738,-0.049502,-0.233819,0.149563,0.066912,0.116353,-0.026425,-0.15626,0.085774,#
17,-0.051021,0.196405,0.169098,0.145582,-0.033141,-0.049501,-0.021433,-0.098323,0.320137,0.152795,-0.202367,-0.099894,-0.027921,0.090322,-0.217088,-0.12077,-0.239502,1.0,0.18058,0.066862,0.137277,0.054497,0.112404,0.080718,0.112039,-0.049823,-0.119366,0.036306,0.140483,-0.00676,0.148048,-0.047533,0.212421,0.241553,-0.056913,0.125904,-0.022994,-0.172763,-0.188353,-0.141338,0.058334,-0.084148,0.05615,0.147002,-0.019813,-0.01662,0.032368,0.164616,-0.07639,0.018358,0.285912,-0.078225,0.214353,-0.148893,-0.218066,-0.042871,0.355752,0.242302,0.005748,0.004488,0.145254,-0.132677,0.142148,-0.202247,-0.041612,0.132205,0.175137,-0.015979,-0.053499,0.051405,-0.170632,-0.253789,-0.04285,-0.004381,0.125255,-0.187321,0.053026,0.005427,0.029812,0.248021,0.173642,0.130995,-0.08494,-0.120809,0.451215,-0.186477,0.163509,0.024035,0.170924,0.132897,-0.143304,0.109144,0.008424,0.213027,0.001991,-0.26626,-0.044995,0.191314,0.309819,0.144558,0.219929,0.175094,0.128273,0.20582,0.05795,0.193284,-0.16276,-0.079995,0.079892,-0.063858,0.187575,0.021614,0.181186,0.280746,0.061276,0.090622,0.050931,0.208074,-0.05534,-0.039009,0.307119,0.076586,-0.04963,-0.109038,0.174232,0.051092,0.274749,0.11092,-0.217083,0.201541,0.231318,0.022262,-0.159618,0.074614,-0.155472,0.216679,-0.161081,0.191973,0.100335,-0.101586,0.147051,0.073654,0.031704,-0.111778,0.169539,-0.269543,-0.127127,0.024171,0.060135,-0.013987,0.073459,-0.254728,0.199611,-0.004767,0.117678,0.068505,-0.052123,0.262968,0.079319,0.281724,0.10637,0.051877,-0.149425,0.366393,0.209137,-0.128614,0.040404,-0.110541,0.008181,0.289655,-0.025636,0.034451,0.115339,-0.078173,-0.144588,0.227196,0.030904,0.144561,-0.072964,-0.16487,0.107823,0.107875,-0.155527,-0.252219,-0.099121,0.02308,-0.079895,0.130225,-0.229783,0.304201,0.131287,-0.137335,0.025001,-0.114951,0.040492,-0.059627,-0.074843,0.092847,0.276924,-0.270966,#
18,-0.117436,0.056771,-0.113312,-0.326437,0.192963,0.149794,0.132646,-0.229213,0.300989,0.182778,-0.043953,0.10357,0.105368,0.060582,-0.181207,0.101744,-0.127776,0.18058,1.0,-0.067656,0.265936,0.083184,0.379245,0.118533,-0.000648,-0.195223,0.203007,0.246058,-0.131314,0.22016,-0.075674,-0.242939,-0.125437,0.136176,-0.151962,0.090264,-0.196056,-0.285824,-0.029786,-0.08098,-0.045619,-0.041189,0.167403,0.222949,-0.246653,-0.019415,0.014964,0.149432,-0.131883,-0.03591,0.303612,-0.00507,0.288538,-0.176988,-0.054729,0.08385,0.001307,-0.0743,-0.022328,0.200549,-0.153479,0.011268,-0.069349,-0.001269,0.050008,0.210374,-0.086724,0.055172,0.00081,0.101781,0.050817,-0.144207,-0.140445,0.117048,-0.153733,0.111918,-0.152936,-0.340015,-0.014969,-0.06193,-0.208994,-0.1703,-0.321689,0.160924,0.04769,-0.167944,-0.148917,-0.069277,0.025338,0.021414,-0.174935,-0.095948,-0.097099,0.146451,-0.011065,-0.122774,0.02791,-0.101641,-0.238422,-0.023965,0.19421,0.074354,-0.196363,0.042769,-0.053192,-0.20339,-0.080374,0.01024,-0.041526,0.041774,0.096365,-0.12167,-0.051365,-0.165538,-0.235823,-0.259472,-0.021626,-0.029113,0.126724,-0.220069,-0.104094,-0.287977,-0.334565,-0.398933,-0.100091,-0.275451,0.17286,-0.077648,-0.072275,-0.13684,0.001812,-0.009421,-0.070041,0.158155,-0.299291,0.03535,0.016181,-0.133038,-0.159829,-0.243049,-0.056724,0.129507,-0.295245,-0.283971,-0.185895,-0.18837,-0.158856,0.22905,-0.302352,-0.18064,0.110781,-0.371203,0.21527,-0.179875,-0.26839,-0.167752,-0.068916,0.264656,0.047244,0.198232,-0.036812,-0.285805,-0.131684,0.130096,-0.02919,0.013295,0.137142,-0.099054,-0.089712,0.059381,0.190786,0.400327,0.023864,-0.210924,0.226574,-0.300925,0.061577,0.173078,0.154325,0.046394,0.341016,-0.012751,0.091403,0.185144,-0.018964,0.13122,0.228984,0.083226,-0.271326,0.265298,-0.015723,-0.080943,-0.16357,0.020312,-0.222512,0.259669,0.234993,0.011531,0.272417,0.023817,#
19,-0.239152,-0.110756,0.106264,0.132692,-0.165173,-0.270239,-0.126541,0.289219,0.065432,-0.279822,-0.284321,-0.191078,0.030606,-0.05974,-0.076035,-0.260536,-0.085958,0.066862,-0.067656,1.0,-0.260872,-0.101452,-0.170919,0.455297,0.190265,0.177302,0.111655,0.021568,-0.23295,-0.070979,0.170576,-0.080647,0.011559,0.382142,-0.173299,0.026509,0.212839,0.15106,-0.049781,-0.196217,-0.05619,-0.118134,0.030963,-0.049214,0.124604,0.089395,0.103858,0.129186,-0.180189,0.032997,-0.093191,0.289552,-0.057437,-0.073742,-0.394117,-0.143093,0.208321,-0.231499,0.209112,-0.215383,-0.063105,-0.100875,0.053695,0.133581,-0.135625,-0.046473,0.253879,-0.10627,-0.114417,0.182874,0.097414,-0.005829,-0.036907,0.098965,-0.003851,-0.12831,0.627466,0.228371,0.355148,0.23592,0.513722,0.18466,0.276013,-0.209741,0.259468,0.235912,0.001465,0.024709,0.212039,0.222669,0.048765,0.342182,0.34718,-0.038497,-0.191394,0.188391,0.196756,0.174133,0.188116,0.090021,-0.190173,0.328754,0.081218,0.096707,0.180985,0.229775,0.173325,0.138136,0.232146,-0.235066,0.341233,-0.002005,0.479995,0.265937,0.226726,0.077135,0.231186,0.141797,0.002555,0.026471,0.368153,0.008263,0.305627,0.109822,0.019734,0.261922,-0.011715,-0.000112,0.155259,0.491846,-0.008419,0.193043,0.247026,-0.039212,0.06992,0.116805,-0.173098,0.144606,0.112464,0.197625,0.220123,0.07529,0.336414,0.118244,0.230769,0.235972,0.111681,-0.233365,0.203054,0.371328,-0.000459,0.241286,0.155759,0.186269,0.398805,0.34913,0.180712,-0.128904,0.217033,0.315286,0.179705,0.285836,0.115502,0.156674,0.316146,-0.063947,0.424892,0.071993,0.080791,0.143346,-0.185037,0.138923,0.149141,0.120129,-0.322593,0.138772,0.028501,-0.323569,-0.246024,0.009792,-0.150057,-0.08227,-0.098409,-0.395202,-0.101453,0.24268,-0.127198,0.219443,-0.143327,-0.341253,0.338032,-0.244807,-0.23519,-0.286606,-0.099205,-0.216679,-0.094189,0.217059,0.010909,-0.099782,#
20,0.002474,0.268394,-0.104447,0.014495,0.184055,0.18616,0.24646,-0.205635,-0.150837,0.367943,0.258122,0.01348,0.239558,-0.157113,-0.266104,0.128708,-0.053126,0.137277,0.265936,-0.260872,1.0,0.389051,0.078557,0.01854,-0.026664,-0.11513,-0.024777,0.089528,0.36256,0.242038,-0.027915,-0.207862,0.172067,-0.062483,0.031649,-0.025579,-0.112011,-0.3607,-0.112494,0.161889,0.176583,0.133701,0.111292,0.101561,-0.025914,-0.068785,-0.477485,-0.152075,-0.21695,-0.156651,0.206667,-0.189525,0.019497,-0.048469,0.243274,0.051112,-0.172015,0.152869,-0.012487,0.230893,0.126942,-0.065777,0.003561,0.038402,0.173196,0.110923,-0.06488,-0.105305,0.026077,0.000976,-0.406173,-0.097678,0.214358,-0.158079,-0.290513,0.028859,-0.256299,0.038888,-0.214626,-0.172872,-0.283945,-0.160278,-0.088982,0.038903,-0.231894,-0.428659,0.150097,-0.322662,-0.185349,-0.239232,-0.168986,-0.338547,-0.183768,-0.063654,0.016307,-0.158175,-0.279882,-0.086606,-0.245401,0.125216,0.354282,0.057571,-0.084691,-0.191967,-0.073945,-0.106324,-0.278347,-0.212566,-0.352922,0.158387,-0.170436,-0.067586,-0.314121,-0.133557,-0.110366,-0.149328,-0.049719,-0.175661,-0.119653,-0.178004,-0.239106,-0.124074,-0.295436,-0.12225,-0.144158,-0.318944,0.292297,-0.1028,-0.056231,-0.191634,-0.24508,-0.072493,-0.083037,0.154128,-0.210807,0.083614,-0.248842,-0.338,-0.157417,-0.414788,-0.451999,0.047918,-0.210819,-0.052276,-0.209406,-0.085531,-0.425208,0.388367,-0.125239,-0.338586,0.065748,-0.457486,-0.257597,-0.294614,-0.275675,-0.255098,-0.176438,0.321681,-0.149105,-0.225253,0.053011,-0.163149,-0.287629,0.052793,-0.388384,0.053341,-0.197189,0.015326,-0.034349,0.087029,0.222336,0.158245,-0.118472,-0.016587,0.278824,-0.346486,-0.105552,0.336478,0.097765,-0.093134,0.278036,0.079311,0.105457,0.228604,0.191066,-0.153277,-0.072276,0.070613,0.272601,0.447249,-0.248677,0.342118,0.278534,0.124488,0.10783,0.261944,0.395557,-0.001301,0.149794,-0.020143,#
