0,1.0,0.056588,-0.210714,-0.127865,0.011847,0.03965,0.324899,-0.307874,0.105658,0.004643,0.418343,0.1688,0.305542,0.180565,0.028994,0.004257,-0.074349,-0.388339,0.27419,-0.08505,-0.036314,0.046521,0.048047,0.076444,0.037124,-0.019221,-0.132419,0.10865,0.232507,-0.006276,-0.239391,-0.012383,0.151487,-0.174782,0.284304,0.005563,0.057035,0.033259,0.134432,0.013932,0.000469,0.115141,0.075164,-0.031685,0.096196,0.03071,0.258576,0.209064,-0.291873,-0.150213,0.08251,-0.169685,0.002278,-0.223691,-0.013899,0.059436,-0.049097,0.233156,-0.029647,-0.129626,0.214067,0.07353,-0.21554,0.132317,-0.237471,0.035865,-0.046457,-0.033417,-0.12131,-0.180663,0.012149,0.061809,0.109581,-0.245682,-0.009886,0.088249,-0.390091,-0.034392,-0.194636,-0.008325,-0.071122,-0.040186,-0.041294,-0.466873,-0.110341,-0.07603,-0.095142,-0.162975,-0.110246,-0.071122,-0.418383,-0.205665,0.042017,-0.328705,-0.161792,-0.167846,-0.012429,-0.388802,-0.28128,-0.133838,0.324557,-0.123869,-0.089434,-0.180369,-0.061848,-0.167604,-0.182839,-0.015065,-0.192286,-0.062292,-0.057052,-0.003402,-0.130426,-0.170532,0.001858,0.074957,0.021873,-0.077636,0.066031,-0.069616,-0.118083,0.005604,-0.159368,0.236072,-0.167701,0.009263,-0.178421,0.148736,-0.265376,-0.167861,-0.240053,-0.337883,-0.106837,0.315412,-0.075528,-0.192815,-0.096336,-0.283234,0.342178,-0.117016,-0.093847,0.100163,0.10891,-0.177658,-0.198152,-0.007947,-0.082069,0.057493,-0.250277,-0.278982,0.053557,-0.106758,-0.351297,-0.085459,0.094372,-0.167682,0.020043,0.042355,-0.220359,-0.045175,-0.040651,-0.071491,0.037106,-0.278922,0.000606,0.073555,0.100811,0.067322,-0.322223,-0.194314,0.168403,-0.27532,0.047846,0.088624,0.158846,-0.07312,-0.201482,0.03116,0.064926,-0.381434,0.022503,0.111294,-0.086778,0.197319,0.066728,-0.17441,0.200308,0.092269,0.141566,0.243464,-0.398661,0.23483,0.377836,-0.022805,0.119137,0.146991,-0.108979,-0.169124,-0.004852,-0.228515,#
1,0.056588,1.0,0.047014,-0.141062,-0.150687,0.036339,0.083685,-0.089496,-0.022722,0.10985,-0.022473,0.077852,0.165948,0.310648,-0.097846,-0.007812,0.217272,0.064529,0.256992,-0.046827,0.223431,0.226603,-0.001667,-0.257185,-0.030992,-0.252022,-0.27708,0.018163,0.041911,-0.113597,0.039685,-0.134533,0.011488,0.142353,0.116876,0.145937,-0.184479,-0.20836,0.040376,-0.305415,-0.026911,0.031781,-0.023182,-0.070588,-0.18191,-0.026412,-0.113553,-0.054147,0.16486,0.122193,-0.069825,-0.141738,0.015313,0.12542,-0.108691,-0.061574,0.147815,-0.035656,-0.024231,-0.103642,0.075341,-0.142316,-0.020882,-0.094789,0.108822,0.182719,-0.265199,0.071555,-0.08089,0.026722,-0.09951,-0.156713,-0.335474,-0.082425,-0.102236,0.028971,-0.054296,-0.032363,0.15837,-0.049682,-0.009072,-0.221852,-0.026163,-0.159691,-0.106669,0.017785,-0.066939,0.149574,0.023506,-0.035759,-0.085397,-0.060567,-0.141955,-0.119125,-0.115561,-0.006279,-0.045646,0.097569,0.122172,-0.079354,-0.032829,-0.106375,0.067723,0.215237,-0.115448,-0.190748,0.268198,0.001256,-0.179249,-0.27548,0.371809,-0.165677,-0.117627,0.000743,-0.045124,-0.084654,-0.206177,-0.201253,-0.098605,-0.094443,-0.056322,0.014607,-0.367527,-0.059719,-0.180473,-0.2545,-0.048391,-0.118471,-0.246384,-0.080832,-0.021605,-0.218145,-0.277496,0.044683,-0.297155,-0.035165,0.204715,0.033328,0.156285,-0.239953,-0.067261,-0.206935,0.17595,-0.129713,0.021659,-0.160813,-0.324327,0.053859,0.182407,0.18708,0.003447,0.088296,0.226228,-0.101332,0.047083,-0.127916,0.190178,0.198158,0.034251,0.119901,0.078309,-0.023688,0.06338,0.097601,-0.007495,0.314928,0.261838,0.224017,-0.078395,-0.144004,0.162656,-0.067696,-0.134638,-0.007922,0.028964,-0.171797,0.006806,0.153533,0.093638,-0.209926,0.194042,-0.109138,0.202474,0.056133,0.210718,-0.067693,0.036402,-0.150649,-0.178189,0.361732,-0.14286,0.26462,-0.203199,0.005599,0.014195,0.172708,0.064829,0.009004,-0.053219,0.144748,#
2,-0.210714,0.047014,1.0,-0.313969,0.002725,-0.095182,0.111681,-0.1795,0.079652,0.058819,-0.121069,-0.212976,-0.004495,0.013927,-0.091551,0.025242,-0.005971,0.358392,-0.033095,0.151479,-0.116436,-0.039513,-0.04876,0.002834,-0.042089,0.068144,0.064844,-0.098594,0.031606,-0.142752,-0.138408,0.150862,-0.241457,0.212176,-0.02378,0.068399,0.026654,0.333048,-0.069083,-0.083507,0.092252,-0.119136,-0.099863,-0.101974,-0.007966,-0.250594,-0.268343,-0.153067,0.024945,0.087079,-0.032415,-0.140548,0.24159,-0.072032,-0.16439,-0.106633,-0.01077,-0.203985,0.077727,-0.207918,0.087522,-0.035483,-0.002737,-0.201019,0.225718,0.191882,0.104042,-0.065971,0.122138,0.211268,-0.157682,0.014483,-0.41392,0.069925,-0.133398,-0.10996,-0.075047,-0.019042,-0.036185,0.000737,0.138301,-0.01551,0.14404,0.162288,-0.016519,0.146319,0.185104,0.006909,-0.064992,0.207296,0.044712,0.023125,0.017274,0.089712,0.000949,0.017742,-0.065847,-0.073102,0.054142,0.072846,-0.306,-0.177341,0.109071,0.125488,0.066996,0.032431,0.073551,-0.061022,0.175885,-0.107611,-0.04466,-0.039027,-0.040558,0.074808,0.248987,-0.118275,-0.008205,0.295814,-0.182904,-0.134997,-0.020059,0.163352,0.02376,-0.35667,-0.232099,0.094609,0.341793,-0.035976,0.1871,0.052049,0.225093,0.012621,-0.092206,0.048773,0.169276,-0.086682,0.229546,0.259559,-0.379801,0.234491,-0.022942,0.110052,-0.046059,-0.171351,0.009628,-0.096645,0.0,0.040954,-0.072393,0.154191,-0.139235,0.222218,0.031155,0.044707,0.132368,0.080403,0.082944,0.048486,0.036515,-0.064663,0.144169,-0.155561,-0.02562,0.159634,0.054458,-0.067934,0.029419,-0.010475,0.262761,0.076996,-0.138728,-0.074245,-0.026541,0.026641,-0.357902,0.190279,0.165732,-0.069335,0.030931,-0.158603,-0.054371,0.069385,0.115166,-0.122335,-0.129944,0.136261,0.170922,-0.062208,-0.15365,-0.426313,0.21041,-0.191318,-0.323925,0.142432,-0.222189,0.009529,0.024018,0.196296,0.158368,0.184587,#
3,-0.127865,-0.141062,-0.313969,1.0,-0.145598,-0.051445,-0.176423,0.207308,-0.447772,-0.234459,0.002068,0.093559,-0.112035,-0.3441,0.042818,-0.088681,0.099052,0.003287,-0.139853,-0.098575,0.27634,-0.284664,-0.393608,-0.005072,0.107308,0.111313,-0.071838,0.121199,-0.0434,-0.192545,0.331649,-0.205144,0.205688,-0.103893,-0.183468,0.001827,-0.219786,-0.223535,0.202349,0.129278,0.019412,-0.139801,-0.048984,0.062371,0.087515,0.300152,-0.090542,-0.240626,0.078723,-0.222477,-0.16379,0.504477,-0.130159,0.212362,0.231587,-0.272109,0.227765,0.276669,-0.126591,-0.117225,-0.513012,-0.020989,0.122926,-0.008981,-0.096658,-0.17908,0.03096,0.042817,-0.084166,-0.013096,0.005573,-0.184575,0.087186,0.239363,0.247182,-0.201627,0.242712,0.270544,0.12494,-0.006394,0.071753,0.185053,0.206054,0.100802,0.114296,-0.093296,0.160149,0.159434,0.288367,0.075565,0.149803,0.115621,0.12056,-0.066865,0.242283,0.225094,0.331088,0.091665,0.10291,0.231929,0.224622,0.126569,0.344942,0.160475,-0.053096,0.164497,0.034822,0.188222,-0.175384,0.066102,-0.121795,-0.001213,0.221302,0.169719,-0.012667,0.190033,0.234715,0.234114,-0.063858,0.283865,0.21324,0.130151,0.06671,0.271975,0.268061,0.111229,-0.332753,-0.20877,0.012868,0.241545,-0.110577,0.388671,0.353465,-0.08908,0.163696,0.115197,0.002452,-0.117059,-0.061358,0.108832,0.163171,0.046479,0.357671,0.20672,0.285492,-0.050999,0.232881,-0.246283,0.168021,-0.053393,0.213869,-0.083602,0.045271,0.091164,0.176564,-0.002698,-0.344257,-0.293705,0.13749,0.042842,0.083591,0.173973,0.156728,-0.083913,-0.110374,-0.347672,0.080122,-0.159089,0.040077,0.011432,0.146551,0.330917,0.085698,0.20705,0.078101,0.155175,-0.090176,-0.128703,-0.4238,0.47035,-0.450739,0.110767,-0.030144,-0.208154,-0.095987,-0.141733,-0.184896,0.003353,0.294924,-0.014702,0.110476,-0.144019,-0.128052,-0.227638,0.037129,-0.177792,-0.123652,-0.336541,-0.276926,-0.123308,#
4,0.011847,-0.150687,0.002725,-0.145598,1.0,0.010126,-0.016395,-0.020508,-0.074031,-0.115497,0.132464,-0.117059,-0.09976,-0.29435,-0.095395,-0.055352,0.204331,-0.140987,0.088491,0.035396,-0.16867,-0.233676,0.106981,-0.069543,-0.006454,-0.04962,-0.128212,-0.191672,0.022268,0.03472,-0.246597,-0.005355,0.111802,-0.153949,0.094688,0.029917,0.00141,-0.189388,0.014294,0.381894,-0.105603,-0.291278,-0.083854,-0.122143,-0.273901,0.128913,-0.088882,-0.057878,0.040982,0.224032,-0.027271,0.139839,-0.132654,0.227395,0.012794,-0.019826,-0.269967,0.113088,0.120493,0.236711,-0.141633,-0.161588,0.043287,-0.284503,-0.140203,-0.107601,0.3483,-0.049242,-0.060533,-0.045776,-0.082948,0.136483,0.124065,0.037056,0.132542,-0.065582,0.042227,-0.13929,0.086714,-0.13641,-0.196135,0.242729,0.151809,-0.05868,0.232914,-0.026311,-0.032355,-0.023825,0.061483,-0.046585,0.112734,0.303898,0.089904,0.1521,0.219459,-0.047054,0.247881,-0.010483,-0.007917,-0.018382,0.124772,0.146912,0.088109,-0.105566,0.046299,0.018965,-0.145555,-0.040988,-0.137521,0.160504,-0.000441,0.031889,-0.227689,-0.051606,-0.278686,0.191526,0.076918,0.381352,-0.243939,-0.013237,-0.210431,-0.103714,-0.104399,0.049765,0.040488,0.096371,0.035702,0.090537,-0.029479,-0.140194,0.119271,-0.126024,0.186417,0.042412,0.156445,-0.008314,0.234662,0.029783,0.001137,0.096694,-0.048304,-0.118458,-0.042837,0.136407,-0.075212,-0.066646,0.084524,-0.095495,0.064533,-0.047191,0.113444,0.068863,-0.150414,0.207435,-0.0499,0.024896,-0.024323,0.036816,-0.231854,0.077102,-0.281092,-0.055858,-0.02942,0.129481,-0.019643,-0.029378,0.02086,0.059186,0.048983,0.323268,0.079876,0.082813,0.076502,-0.014423,-0.119075,0.061523,0.104919,-0.083343,-0.013658,0.037141,-0.066149,0.181065,0.008795,0.009715,-0.012358,-0.005996,0.040329,0.261205,0.306118,-0.027543,0.039009,-0.004311,0.212487,0.08383,-0.113859,-0.025394,0.095203,0.148096,0.028688,-0.183935,#
5,0.03965,0.036339,-0.095182,-0.051445,0.010126,1.0,0.295988,0.176753,0.148603,-0.041914,-0.025881,0.05868,-0.006353,-0.10337,0.17712,-0.107819,0.230019,0.12641,0.135316,-0.150405,-0.181523,-0.099251,0.253966,-0.132272,-0.166185,0.283862,-0.150033,-0.022311,0.162959,0.090159,-0.229255,0.057553,-0.086075,0.087623,0.032194,0.183376,0.094786,-0.163123,-0.128212,-0.068626,-0.329447,0.059741,-0.125763,-0.041088,0.013892,-0.001807,0.213284,-0.173191,0.12342,0.036575,0.053075,-0.0906,0.174268,0.023693,0.022188,0.097927,-0.156355,0.180823,-0.144759,-0.020279,0.045135,0.078965,0.055535,0.059208,-0.273746,-0.193001,-0.104386,-0.028986,-0.059346,-0.361559,-0.001436,-0.084842,-0.090025,-0.017899,-0.08211,0.233586,-0.083734,-0.013925,-0.285329,0.083477,-0.252062,-0.26795,-0.196534,0.22737,-0.105912,-0.185771,-0.150961,-0.044204,-0.160709,-0.139358,-0.039786,-0.202092,-0.282086,-0.27942,-0.154868,0.011606,-0.182581,-0.109565,-0.297593,-0.241019,0.234525,0.133462,-0.046594,-0.12337,-0.273382,-0.384471,-0.042571,0.091193,-0.144634,0.016161,0.03655,0.308025,-0.278179,-0.217894,-0.034111,-0.157831,0.033058,0.048844,0.106584,-0.208552,0.035328,-0.170825,-0.037087,0.022854,-0.131468,-0.0809,0.00478,-0.018613,-0.361763,0.044634,-0.068102,-0.164372,-0.082996,0.0332,-0.424414,-0.082939,0.148218,0.185054,0.188662,-0.091845,-0.129987,-0.058899,-0.216626,0.084838,-0.091601,-0.222331,0.208979,0.108294,-0.318958,-0.246722,-0.039896,-0.412068,0.183391,-0.096305,0.160378,-0.033845,0.075741,-0.003427,-0.395964,0.011361,-0.227893,-0.059466,0.225462,-0.249604,0.184604,0.072773,-0.179248,-0.058873,0.023559,-0.279236,0.058018,-0.293555,-0.159312,-0.225204,0.125161,-0.213242,-0.012887,0.090402,0.06805,-0.085348,0.35537,-0.034183,0.050148,0.053519,0.468037,-0.190123,0.128538,-0.004011,-0.029131,0.13498,-0.058832,0.159719,0.061155,-0.006387,-0.232776,0.366701,0.062971,0.118989,-0.267723,-0.094136,#
6,0.324899,0.083685,0.111681,-0.176423,-0.016395,0.295988,1.0,-0.211853,0.292763,-0.067342,0.194413,0.107395,0.059446,0.069809,-0.057317,-0.025387,0.155141,0.167291,0.182035,0.10458,-0.230327,-0.051522,0.173013,0.06179,-0.174278,0.129239,-0.042247,-0.029951,0.332432,-0.065378,-0.249544,0.028012,-0.093574,-0.146646,0.124796,0.13448,0.31252,-0.163426,0.111511,0.147201,0.022614,0.176569,-0.055821,0.007043,0.05442,-0.09548,0.118147,-0.047645,-0.065487,-0.106191,-0.021835,-0.290572,0.185436,-0.158319,0.245443,-0.127735,-0.083156,0.008785,0.118036,-0.22985,0.22046,0.20151,-0.043517,0.113469,0.146894,0.17156,-0.172374,0.051584,0.173899,-0.16304,0.056576,-0.072961,-0.161736,-0.550813,-0.349994,0.139469,-0.370188,-0.346768,-0.341594,-0.037529,-0.302204,-0.124529,-0.140109,-0.189208,-0.294604,-0.091099,-0.213687,-0.196363,-0.422676,-0.254023,-0.480016,-0.399784,-0.505304,-0.222434,-0.405977,-0.433923,-0.077784,-0.341207,-0.33258,-0.243663,0.116663,0.032212,-0.256612,-0.170435,-0.32224,-0.399277,0.072766,-0.171899,-0.052506,-0.256123,-0.002082,0.062878,-0.206994,-0.388221,-0.031633,-0.254677,-0.056325,-0.082346,0.184748,-0.238221,-0.218135,-0.122249,-0.207355,-0.090724,-0.136822,-0.20937,0.058663,0.209767,-0.299815,-0.13849,-0.241194,-0.354661,-0.230518,0.157784,-0.25775,-0.262632,0.102946,-0.06536,0.124933,-0.33836,-0.234642,-0.02872,-0.11082,-0.337657,-0.319412,-0.135822,0.012731,0.490422,-0.311838,-0.423622,-0.123875,-0.450672,-0.206767,-0.073038,-0.10404,-0.036451,0.127386,0.285076,-0.237721,-0.17226,0.007431,-0.247634,0.177267,-0.048075,-0.071528,0.167353,-0.06734,0.018486,-0.24253,-0.248223,0.225498,-0.312183,-0.218299,-0.152917,0.11504,-0.378861,-0.086331,0.310584,0.169318,-0.487121,0.308803,-0.048629,-0.030168,0.331523,0.169663,-0.428203,0.033754,-0.006623,-0.122428,0.294538,-0.367333,0.19236,0.132895,0.18513,-0.069626,0.001207,0.088319,-0.011481,-0.138038,0.148691,#
7,-0.307874,-0.089496,-0.1795,0.207308,-0.020508,0.176753,-0.211853,1.0,-0.328908,0.010517,-0.217577,-0.224598,0.161011,-0.199063,0.118266,0.044206,0.186995,0.029567,-0.035475,-0.267293,0.15902,0.104598,0.01584,-0.014379,-0.092644,0.053197,-0.178139,-0.233465,-0.21084,0.113655,-0.087501,-0.048893,0.030511,0.13665,-0.150997,-0.068802,-0.136009,-0.237822,-0.150232,0.137176,-0.036844,-0.015434,-0.029425,-0.161699,0.109519,0.055237,0.254863,-0.143636,0.170873,0.040256,-0.039552,-0.046817,0.005116,-0.167122,-0.025427,0.092159,0.452003,-0.141728,-0.127424,0.39347,-0.089631,-0.303053,0.074462,0.059212,-0.06757,-0.122256,-0.012719,0.026405,-0.10188,-0.154576,0.197027,0.049907,-0.244909,0.216892,0.084265,-0.075115,0.069458,0.057622,-0.069997,0.055886,-0.081289,-0.23736,-0.136482,0.013692,0.13308,-0.172393,0.176054,0.090242,0.192072,0.169707,0.112116,0.054656,0.092213,-0.032277,0.118098,0.17217,-0.073624,0.136018,0.13931,-0.014896,-0.119195,0.149928,0.098255,0.067114,-0.115127,0.105186,-0.143927,0.022898,-0.019327,0.217131,0.114681,0.042102,0.158579,0.266798,-0.038858,0.024692,0.173673,-0.064387,0.012928,0.022137,0.191473,-0.223091,0.087745,0.186336,0.044033,-0.130169,-0.016475,-0.096583,0.041256,0.009665,-0.183483,0.233613,0.154366,-0.178649,0.038866,0.264738,0.083072,0.114348,-0.0709,-0.022269,-0.174923,-0.096382,-0.209861,0.235418,-0.133827,-0.132519,-0.011051,0.120701,0.097052,0.083523,-0.089505,-0.106934,0.126847,-0.037506,-0.037402,-0.238643,-0.060257,0.062148,0.030088,0.147594,-0.178074,0.226533,0.062138,0.122461,0.133703,-0.31054,-0.383574,-0.088951,0.096088,0.196566,-0.117616,0.093863,-0.135047,-0.188146,0.134537,-0.070623,-0.12348,-0.019943,-0.084632,0.164272,0.00931,0.037187,0.197025,0.040598,0.041523,-0.031756,-0.070564,-0.101673,-0.088225,0.134296,-0.001964,-0.147499,-0.11533,0.022118,0.045514,-0.099927,-0.041753,0.020145,-0.154965,0.07311,#
8,0.105658,-0.022722,0.079652,-0.447772,-0.074031,0.148603,0.292763,-0.328908,1.0,0.345061,0.019227,0.269831,0.033392,0.242795,-0.017267,-0.067359,-0.257917,0.115184,0.014587,0.229396,-0.11741,-0.043911,0.189515,0.093018,-0.098362,0.158426,0.204656,0.1514,0.103597,-0.018428,-0.213144,0.101088,0.17412,-0.018082,-0.021732,0.012758,0.305722,0.199051,-0.024562,-0.192207,0.103127,0.104335,-0.059848,0.019573,-0.060659,-0.260234,-0.014244,0.29958,-0.066806,-0.029274,-0.134537,-0.322137,0.217244,0.110517,0.152029,0.121834,-0.413141,-0.161266,-0.062762,-0.040968,0.148579,-0.041888,-0.095292,0.110715,0.205851,0.152151,-0.022758,0.184905,0.159173,-0.088107,-0.030581,0.033789,0.091225,-0.184248,-0.261823,0.138839,-0.16443,-0.160205,-0.18016,0.16638,-0.22764,-0.149597,-0.061398,-0.005647,-0.316116,0.109774,-0.327337,-0.281245,-0.165426,-0.36007,-0.113886,-0.387469,-0.35899,-0.040871,-0.20625,-0.073712,-0.264491,-0.066076,-0.252208,-0.226159,-0.167278,0.099439,-0.189244,-0.073804,0.140975,-0.211181,-0.012353,-0.153982,0.101899,-0.025722,0.157447,-0.164048,-0.179748,-0.17551,0.201152,0.011559,-0.211719,-0.293452,0.082653,-0.303511,-0.12291,0.051567,0.050979,-0.188701,-0.286994,-0.00575,0.268009,0.060145,-0.124062,-0.115411,0.246456,-0.08345,-0.420504,-0.112817,-0.268051,0.020108,-0.147222,0.111835,0.1541,-0.154064,-0.129979,0.181245,-0.248072,-0.169529,-0.245486,-0.227075,-0.213629,0.125707,-0.182117,-0.104722,-0.089745,-0.069487,-0.070831,-0.295926,0.157715,-0.087378,0.341868,0.396171,-0.387682,-0.256418,0.050054,0.054754,-0.099425,-0.119131,-0.056344,0.055215,0.004155,-0.027258,-0.042334,-0.120899,-0.143373,-0.326722,-0.058691,-0.031399,0.114904,-0.142452,0.162181,0.166602,0.512252,-0.2731,0.311221,0.008754,-0.28455,0.063151,0.10687,-0.052123,0.193229,0.100549,-0.352131,0.027431,-0.112314,0.094601,0.026688,0.26585,0.008075,0.045841,-0.041815,-0.136628,0.061632,0.099207,#
9,0.004643,0.10985,0.058819,-0.234459,-0.115497,-0.041914,-0.067342,0.010517,0.345061,1.0,-0.278432,-0.129566,0.284227,0.517393,-0.016043,-0.012308,-0.361018,0.232512,-0.018982,0.225299,-0.156559,0.015547,0.194106,0.036208,0.014723,-0.054048,-0.181147,-0.089144,0.206096,0.194762,0.017644,0.026181,0.163979,0.084701,-0.085603,0.011132,0.253529,-0.059583,-0.075267,-0.140388,0.261133,0.041706,0.091019,-0.163244,0.00545,-0.370083,0.016974,0.319719,0.124108,-0.06621,-0.196048,-0.348976,0.329611,-0.035235,0.036619,0.003913,-0.105987,-0.402907,0.005414,0.230589,0.353112,-0.215325,-0.372138,-0.053702,0.045308,0.049091,0.048013,0.045138,-0.041233,-0.069633,0.021515,0.140927,-0.290767,-0.04711,-0.082301,-0.125646,-0.090487,-0.158466,-0.068114,0.310139,-0.121724,-0.273305,-0.186905,0.128282,-0.338311,0.185662,-0.04126,-0.251643,-0.195196,-0.234196,-0.013058,-0.152139,-0.314601,-0.036757,-0.255424,0.229798,-0.592429,0.106121,0.20732,-0.244299,-0.393379,-0.094001,-0.119985,-0.042764,0.002073,-0.109691,0.008,-0.464639,0.325815,-0.095591,0.443725,0.144617,-0.135075,0.01687,0.034488,-0.101574,-0.162596,-0.141378,0.269505,-0.215661,-0.247901,-0.128804,-0.085964,-0.086215,-0.307345,0.32719,0.226276,-0.057386,-0.16848,-0.341214,0.112666,0.129877,-0.558731,0.052278,-0.259908,-0.222603,0.051148,0.010024,0.164351,-0.150131,-0.003851,-0.228457,-0.213181,-0.335025,-0.295723,-0.216993,-0.361678,0.177833,-0.138375,-0.111868,-0.341716,0.113621,-0.08259,-0.538351,0.134892,-0.262442,0.707429,0.391443,-0.147445,-0.320254,-0.185882,0.069669,-0.087229,0.019352,0.108937,0.321989,-0.092756,-0.210659,0.141914,-0.090545,-0.364591,-0.03248,-0.094073,-0.079104,0.271394,-0.239363,0.113266,-0.202803,0.500952,-0.322038,0.450303,0.210718,-0.339364,-0.222398,0.059728,-0.15326,0.217308,-0.046684,-0.631774,0.178351,-0.271614,-0.126311,-0.086683,0.232428,-0.175612,0.076811,0.222807,-0.037807,0.185096,0.395771,#
10,0.418343,-0.022473,-0.121069,0.002068,0.132464,-0.025881,0.194413,-0.217577,0.019227,-0.278432,1.0,0.334462,0.024056,-0.047007,-0.223737,-0.123501,0.068038,-0.239687,0.045187,-0.022123,0.059794,-0.047641,0.004324,0.131855,-0.082855,0.185541,0.011525,0.092545,-0.001051,-0.172531,-0.075414,0.160651,0.08429,-0.176185,-0.031474,0.129526,-0.176001,0.154074,-0.068212,0.08388,-0.223065,-0.104094,0.017483,0.085176,-0.007598,0.354551,-0.008244,0.165911,0.004766,-0.054959,0.172513,-0.07532,0.164589,-0.160181,0.02839,0.005125,-0.080472,0.323889,0.096795,-0.154995,-0.157725,0.01499,-0.035953,0.068911,-0.225475,0.057795,0.141917,0.151102,-0.090077,-0.17838,0.157508,-0.078554,0.210315,-0.209869,-0.042942,-0.087735,-0.054939,-0.04078,-0.074143,-0.050633,-0.034698,0.198838,-0.042116,-0.123299,0.053386,0.057711,-0.0927,0.091351,0.022155,0.087028,-0.105142,0.097895,0.088812,0.015126,-0.073654,-0.14898,0.304343,-0.299144,-0.092766,-0.015305,0.219345,-0.112704,-0.074123,-0.010494,0.128377,-0.106748,0.084339,0.116588,-0.03694,0.156723,-0.324909,0.008615,-0.031124,-0.132393,0.005839,0.149576,-0.187795,-0.006331,-0.159087,0.04303,-0.009923,0.321674,-0.086863,-0.001365,-0.025199,0.008121,-0.214056,0.065342,-0.108014,-0.101576,-0.056337,-0.31308,0.11601,-0.189264,0.030805,0.042637,0.099873,-0.081515,-0.109076,-0.035338,-0.107849,0.146141,0.142944,0.1818,0.033389,-0.193241,-0.032679,-0.017134,0.013933,-0.207439,0.408163,-0.209024,-0.169256,0.018433,-0.086322,0.048308,-0.300379,-0.144713,-0.088757,0.02675,-0.024004,-0.151911,0.033617,-0.136256,0.080742,-0.180771,0.109503,-0.205666,-0.20318,0.004581,0.249635,-0.177475,0.12421,0.079109,-0.013384,0.15389,-0.0995,0.024228,-0.109336,-0.032291,-0.144832,0.128677,-0.056293,-0.078482,0.069438,-0.007154,-0.062005,0.257414,0.285501,0.317865,0.007806,0.145565,0.167846,-0.220559,0.142263,-0.230553,-0.136232,-0.058883,-0.163864,-0.473856,#
11,0.1688,0.077852,-0.212976,0.093559,-0.117059,0.05868,0.107395,-0.224598,0.269831,-0.129566,0.334462,1.0,0.016201,0.057892,-0.035837,-0.123501,-0.115752,-0.062799,-0.087907,-0.186977,0.003639,-0.213669,0.004324,0.131855,0.003957,0.002795,0.06671,0.255067,0.096928,-0.082376,0.018103,0.002652,0.002979,-0.076329,0.137642,-0.066379,-0.028393,-0.128949,0.240462,-0.17281,-0.064696,0.153298,-0.064581,-0.057074,-0.110646,0.351002,-0.127811,0.097854,0.009124,-0.062579,-0.247939,0.114061,-0.014473,0.061534,0.221417,-0.069946,-0.160504,0.244374,-0.268774,-0.16272,-0.245628,-0.09679,-0.067773,0.176488,-0.025813,0.106208,-0.032259,0.261593,0.209444,-0.194865,-0.075766,-0.216575,0.018518,0.028586,0.179355,0.014823,-0.12571,0.137364,-0.318575,-0.050816,-0.268256,-0.205295,0.117537,-0.048504,-0.106495,-0.173974,-0.172183,-0.246484,0.115511,-0.084697,-0.097013,-0.246357,-0.06782,-0.078617,-0.073843,-0.059389,0.164998,-0.026674,-0.107437,0.065575,0.131252,-0.181635,-0.086766,0.144897,0.031377,-0.102038,-0.005686,0.037712,-0.108016,0.1808,0.007052,-0.194802,0.058488,-0.132393,-0.076621,-0.039339,0.001845,-0.013993,-0.020769,0.091448,-0.004526,0.19139,-0.079056,0.157582,-0.052716,-0.080762,-0.209489,-0.142437,-0.226467,-0.009026,-0.135437,-0.146254,-0.214049,0.0124,-0.218465,0.125625,-0.241972,-0.259791,0.131875,-0.358712,-0.010267,0.067326,0.13232,-0.016662,0.192881,-0.324383,-0.032679,-0.026508,-0.162493,-0.207439,0.15092,-0.019446,-0.169256,0.1077,0.039701,0.046519,-0.035974,0.080023,0.003826,-0.153941,-0.112939,-0.073429,-0.077056,0.005274,-0.303865,-0.006163,0.019486,-0.039776,-0.110676,-0.099494,0.336965,-0.061973,0.103005,-0.021005,0.071489,-0.006647,0.005382,0.368033,0.053936,0.09226,0.025414,-0.04021,-0.15141,-0.15842,0.235966,0.094788,-0.047571,-0.022954,0.137875,0.145792,-0.171176,0.356576,0.080358,0.037752,-0.085236,0.009145,-0.142721,-0.079771,0.026671,-0.229075,#
12,0.305542,0.165948,-0.004495,-0.112035,-0.09976,-0.006353,0.059446,0.161011,0.033392,0.284227,0.024056,0.016201,1.0,0.383753,-0.031252,0.236458,-0.081771,0.264364,0.139947,-0.007372,0.057559,-0.033005,0.179579,0.102288,0.037039,-0.185372,0.105155,0.060656,0.239786,0.147808,0.041503,-0.054004,0.075964,0.040302,-0.104758,0.157159,0.204329,0.025981,0.004288,-0.118207,0.051952,0.045937,0.05654,-0.11297,-0.136047,-0.311826,0.328454,0.261593,-0.00107,0.089913,0.005607,-0.247667,0.040186,-0.090002,-0.089535,-0.114633,0.088869,-0.275845,-0.05618,0.032676,0.271852,-0.33385,-0.254838,0.217949,0.156649,0.04625,0.008427,0.012982,0.01855,-0.088802,-0.055646,0.11848,-0.281614,-0.134482,-0.055028,0.003751,-0.399432,-0.063543,-0.193814,-0.010523,-0.157679,-0.265295,-0.173714,-0.087736,-0.27075,-0.12882,-0.001234,0.000811,-0.05301,-0.006244,-0.26025,-0.081208,-0.18605,-0.255818,-0.155239,-0.061298,-0.243811,-0.045172,-0.03752,-0.366541,-0.061422,-0.270151,-0.176688,0.04315,0.099988,0.05835,-0.28566,-0.116292,-0.046022,-0.008157,0.219034,-0.255624,-0.048176,-0.080469,0.118682,-0.056873,-0.165771,-0.132894,0.161465,-0.240632,-0.141341,-0.114368,-0.281844,-0.048609,-0.3026,-0.037571,0.091662,0.045289,-0.206709,-0.347397,-0.013741,0.025499,-0.196062,0.109445,-0.103816,-0.008994,-0.05766,-0.173967,0.192273,-0.275948,-0.336491,0.109255,-0.115464,-0.131007,-0.318156,-0.000688,-0.291187,0.348352,-0.267987,-0.086384,-0.343588,-0.056365,-0.003135,-0.299469,0.098786,-0.401592,0.203228,0.146717,-0.212666,-0.160683,0.093781,0.109888,-0.064817,0.086262,0.259364,0.072794,0.060801,0.151333,-0.172274,-0.121931,-0.097737,-0.1682,-0.252621,-0.1476,0.059959,-0.202557,-0.313627,0.184289,0.160887,-0.192708,0.139458,0.021724,0.006811,-0.094061,0.353997,-0.151074,0.178732,0.165764,-0.123996,0.274015,-0.273479,-0.081511,0.102757,0.285748,0.04012,-0.011287,0.101388,-0.013909,0.032884,0.173525,#
13,0.180565,0.310648,0.013927,-0.3441,-0.29435,-0.10337,0.069809,-0.199063,0.242795,0.517393,-0.047007,0.057892,0.383753,1.0,0.094815,-0.003488,-0.310386,0.098294,0.343109,0.314662,0.075456,0.202891,0.287075,-0.093232,-0.072863,-0.090208,0.119366,0.290782,0.259279,-0.05978,0.203378,0.070791,-0.131718,0.119355,-0.160881,-0.147588,0.082264,0.124876,-0.030147,-0.360073,0.081387,0.194418,0.053324,-0.200742,-0.156827,-0.413224,0.08384,0.316789,-0.196666,-0.108619,-0.047539,-0.265308,0.169068,-0.181967,-0.181223,0.003527,-0.092986,-0.128496,-0.164826,-0.084773,0.39738,-0.084473,-0.294165,0.012358,0.119217,-0.042077,-0.037528,-0.141303,-0.112825,0.05946,-0.058547,0.112274,-0.156797,-0.285998,-0.209495,0.108533,-0.207584,-0.049088,-0.170568,0.261327,-0.002738,-0.357382,-0.23537,-0.046371,-0.236504,0.255013,-0.212896,-0.121463,-0.193181,-0.048453,-0.246257,-0.119811,-0.252565,-0.236437,-0.253922,-0.022545,-0.412355,-0.043813,0.18394,-0.230364,-0.381303,-0.237344,-0.230297,-0.143023,-0.096533,-0.175743,0.142733,-0.333559,0.121841,-0.165782,0.333174,0.068445,-0.375332,-0.020824,0.235441,-0.18992,-0.265064,-0.311744,0.212266,-0.157893,-0.076399,0.035419,-0.088347,-0.11142,-0.360197,0.135184,0.001443,-0.001983,-0.242753,-0.345555,-0.05341,-0.188462,-0.487912,-0.055279,-0.063449,-0.113944,0.118142,-0.159006,0.223484,-0.364374,-0.086828,-0.048218,-0.058162,-0.30603,-0.264959,0.073127,-0.331709,0.237567,-0.233786,0.034117,-0.281619,0.244374,0.007536,-0.345717,-0.081473,-0.212315,0.560645,0.263333,-0.035413,-0.29343,0.050812,-0.161454,0.098341,-0.168732,0.206025,0.56395,0.095509,0.078012,-0.124582,-0.060242,-0.229802,-0.161845,-0.187154,-0.136859,-0.034731,-0.281487,-0.054989,0.103148,0.381779,-0.386446,0.324866,-0.198647,-0.008573,0.01289,0.02691,-0.108419,0.007837,0.088873,-0.445232,0.207822,-0.227571,-0.009219,-0.111014,0.221193,0.060065,-0.017345,0.047443,-0.09062,0.14209,0.301751,#
14,0.028994,-0.097846,-0.091551,0.042818,-0.095395,0.17712,-0.057317,0.118266,-0.017267,-0.016043,-0.223737,-0.035837,-0.031252,0.094815,1.0,-0.212676,0.059609,-0.00063,0.117068,0.209919,0.147378,0.06314,0.134637,0.125792,-0.110685,0.203176,0.162873,-0.032648,0.053627,-0.181836,-0.00028,0.15582,0.235233,0.101573,-0.161727,-0.290116,-0.176518,-0.014467,-0.096915,-0.191662,-0.115094,0.089993,-0.055224,0.080305,0.226209,-0.255236,0.09502,-0.044213,0.030855,-0.175299,0.039344,-0.008047,0.107355,-0.16799,-0.193137,0.210875,-0.060477,0.016708,-0.065401,0.063993,0.146884,0.176244,-0.146804,-0.169932,-0.199662,-0.277589,0.038444,-0.223835,-0.029396,-0.003299,-0.194747,-0.057216,-0.082885,0.174947,-0.152992,-0.142236,-0.13993,0.167074,-0.292813,0.420731,0.17149,-0.186964,-0.11008,-0.083763,0.059346,0.161533,0.19982,0.042382,0.277333,-0.03724,-0.043162,-0.042165,0.111581,-0.160467,-0.044592,0.106925,-0.17543,-0.021531,-0.102515,-0.040401,-0.055135,0.154836,-0.015578,-0.34618,-0.067917,0.121418,-0.2674,-0.004752,0.193284,0.024473,-0.046091,0.09963,0.069301,0.164629,0.320155,0.041376,-0.017937,-0.097443,-0.019,-0.384815,0.07473,-0.295027,0.166249,0.222673,-0.049371,-0.082743,0.082951,0.009457,-0.136214,0.134632,-0.062719,-0.04532,-0.147006,-0.092941,0.034525,0.103271,-0.177443,-0.082204,0.261723,-0.000446,-0.026119,-0.017012,-0.162194,0.103599,-0.153909,-0.118913,0.218215,0.018057,-0.216522,0.232978,-0.017516,-0.17935,0.105531,0.21088,-0.113571,0.226067,0.262603,0.041674,-0.017739,0.352514,0.046058,-0.035749,0.084271,-0.23008,0.200304,0.127636,0.007562,0.041195,0.131091,0.032199,-0.276736,-0.10367,-0.131482,0.166785,-0.062221,-0.195564,0.169981,-0.168766,0.211227,-0.008684,-0.057006,0.110992,0.195986,-0.111124,0.046431,-0.184583,0.095278,-0.095545,-0.039538,-0.067137,-0.030762,0.127495,-0.047222,0.041963,-0.219828,0.25362,-0.19322,-0.078962,-0.161647,-0.083139,#
15,0.004257,-0.007812,0.025242,-0.088681,-0.055352,-0.107819,-0.025387,0.044206,-0.067359,-0.012308,-0.123501,-0.123501,0.236458,-0.003488,-0.212676,1.0,0.162733,0.159002,-0.213389,0.066416,-0.283002,0.09672,-0.04206,-0.129195,0.233679,0.02243,-0.094697,0.142032,0.090925,0.012697,0.041274,-0.247179,0.035584,0.12849,-0.004338,0.117843,0.061786,0.151982,0.123916,0.018535,0.066486,-0.103543,0.140396,0.158794,-0.149542,-0.01184,0.174653,-0.034167,-0.049212,0.260156,0.115703,-0.164163,-0.130985,0.018941,0.137592,0.03449,0.186579,-0.179807,0.023411,0.106556,-0.001951,0.094264,0.182232,0.197802,-0.036753,-0.168995,-0.04324,-0.002921,-0.300934,-0.190526,0.116755,0.269941,0.123512,0.104582,0.089749,0.226198,-0.041978,-0.07313,0.264737,-0.133614,-0.01241,0.041326,-0.135899,0.195699,0.038101,-0.32942,0.125718,-0.232373,-0.125207,0.232019,-0.161892,0.076931,-0.086549,0.055077,-0.17902,-0.08353,0.125262,0.086238,0.006303,0.102089,0.003686,0.04003,-0.154548,0.262864,0.061335,0.11349,0.101193,0.088327,0.109412,-0.153161,0.010281,-0.143666,0.126203,0.169672,-0.213438,-0.058809,0.177875,-0.168111,-0.065299,0.029627,-0.105128,0.157887,-0.217648,-0.00022,0.0265,-0.117831,-0.044618,0.266187,0.049601,-0.058339,-0.064417,-0.005475,-0.007922,0.257483,0.118223,0.003223,-0.062575,-0.279946,-0.121148,0.11031,0.129202,0.104546,-0.118735,-0.244882,-0.006014,0.141886,0.003246,0.230944,-0.106131,-0.031079,-0.134944,0.000638,0.04361,-0.00074,0.04135,0.087004,-0.046397,0.102213,0.082505,-0.03529,0.084261,-0.104141,0.236595,-0.012869,0.091792,-0.070173,-0.171146,0.30144,-0.104177,-0.016478,0.027378,0.118587,0.185197,-0.001229,-0.080096,0.132002,-0.097368,0.249711,-0.175782,-0.064106,0.030679,-0.143765,0.111721,0.171447,-0.084194,0.13388,0.146721,-0.023905,-0.021718,-0.06375,0.036724,-0.155715,-0.032221,0.130125,0.06987,0.090403,0.064071,0.057064,0.369225,0.18142,#
16,-0.074349,0.217272,-0.005971,0.099052,0.204331,0.230019,0.155141,0.186995,-0.257917,-0.361018,0.068038,-0.115752,-0.081771,-0.310386,0.059609,0.162733,1.0,-0.007039,0.091868,-0.022927,-0.101041,0.072979,-0.221045,-0.024421,-0.170359,0.210455,-0.061302,0.032235,-0.004964,-0.071017,-0.171885,-0.015539,0.047107,0.230587,0.131593,0.119545,-0.217282,-0.10335,-0.066664,0.154115,-0.220851,-0.272577,0.009087,0.162816,-0.027877,0.256939,-0.057757,-0.471878,-0.017267,0.264271,0.034547,-0.083821,-0.161307,0.2019,0.145602,0.040282,0.161525,0.014801,0.137794,-0.119619,-0.191083,-0.081888,0.158905,-0.267947,-0.227232,-0.223898,0.161066,-0.063916,-0.305417,-0.091859,0.169381,-0.15072,0.022751,0.102143,-0.095445,-0.034549,0.042406,-0.272667,0.004763,-0.136556,-0.10642,0.118855,0.101152,0.007149,0.042498,-0.243796,0.287549,0.024234,-0.041925,0.222279,-0.064757,-0.00751,-0.090141,-0.056604,0.085487,-0.01218,0.328561,-0.217611,-0.214529,0.079182,0.114952,0.28601,0.091099,0.184381,-0.238733,-0.161758,0.007262,0.170288,0.017586,-0.169569,-0.189067,0.074458,0.123706,0.247382,-0.400544,-0.062733,-0.013342,-0.003011,-0.119761,-0.107905,-0.208416,0.024374,-0.312511,0.148597,0.137406,-0.285679,-0.311711,0.079241,-0.058141,0.104162,-0.080176,-0.01218,0.242232,-0.009328,0.013782,0.178984,0.414928,-0.177705,-0.08802,0.012717,0.02256,-0.077492,0.058676,0.200455,-0.023697,0.03089,0.001342,0.08836,0.068784,-0.160913,0.214112,-0.12182,0.224677,0.119161,0.026581,0.069433,-0.284305,0.033589,-0.026016,0.319577,-0.066135,-0.021124,0.097733,-0.202839,-0.047996,-0.153528,0.023873,0.179053,-0.020853,0.19542,0.234134,-0.058314,0.07819,0.078667,-0.145202,0.113892,-0.097071,0.271248,-0.150847,-0.032125,-0.035543,0.034203,0.508419,0.198887,0.026153,-0.065185,0.131764,-0.036993,0.150253,0.138749,0.01509,0.170134,-0.089719,-0.062908,-0.094074,0.18341,0.084349,0.039254,-0.199232,-0.177356,#
17,-0.388339,0.064529,0.358392,0.003287,-0.140987,0.12641,0.167291,0.029567,0.115184,0.232512,-0.239687,-0.062799,0.264364,0.098294,-0.00063,0.159002,-0.007039,1.0,-0.174282,0.269677,-0.093208,-0.286464,0.129204,-0.092592,0.075287,0.090417,0.021289,-0.102168,0.09293,-0.023929,0.044161,-0.293446,-0.070427,0.15122,-0.108626,0.225931,0.068229,-0.013921,0.073424,-0.122298,0.064297,-0.132504,-0.072139,-0.087665,0.046699,-0.220681,-0.131753,-0.047229,0.292197,0.0139,-0.126705,-0.0594,0.228718,0.142781,0.076839,0.049756,0.120193,-0.286777,-0.073781,0.054341,0.098094,0.001648,-0.038994,-0.207673,0.109939,0.085191,0.074914,0.079366,0.013947,0.035852,-0.207514,-0.139282,-0.40883,0.108431,-0.165087,-0.131459,-0.077342,-0.152182,-0.1249,0.202776,-0.154787,-0.151524,-0.164944,0.485014,-0.191567,-0.018133,-0.060628,-0.088902,-0.16473,-0.151375,0.100449,-0.087709,-0.389044,0.031663,-0.081729,0.0356,-0.266712,0.156462,0.010289,-0.044042,-0.436525,-0.23787,-0.043478,0.226249,0.031333,-0.071943,0.124919,-0.094296,0.235285,-0.013904,0.143537,-0.161032,-0.100464,-0.01163,-0.016205,-0.08769,-0.144047,-0.046681,0.078597,-0.097861,-0.211443,-0.011161,-0.062556,-0.271913,-0.200313,-0.067273,0.240967,0.094466,-0.150102,-0.070158,0.076869,0.199973,-0.29661,-0.074494,-0.097033,0.04669,0.192521,0.023979,-0.254934,-0.078116,-0.150502,0.056873,-0.142135,-0.374829,-0.048128,-0.067625,0.021189,0.336451,-0.031783,0.051781,-0.276831,-0.079203,0.209572,-0.07586,0.036209,-0.011265,0.189297,0.315866,-0.096017,-0.05805,0.120175,-0.011598,-0.057497,0.316408,0.232647,0.035754,-0.091829,0.018817,0.151154,0.149823,-0.133435,-0.012996,-0.084707,-0.197497,-0.197803,-0.071927,0.04295,0.020757,0.054626,-0.094636,0.214288,-0.078587,-0.060029,-0.188552,0.256748,-0.03474,0.164305,0.029999,-0.375057,0.048416,0.028725,-0.272982,-0.319205,0.108499,-0.271525,0.007044,0.106654,0.210872,0.022245,0.455227,#
18,0.27419,0.256992,-0.033095,-0.139853,0.088491,0.135316,0.182035,-0.035475,0.014587,-0.018982,0.045187,-0.087907,0.139947,0.343109,0.117068,-0.213389,0.091868,-0.174282,1.0,0.068052,0.098574,0.262861,0.249267,-0.095801,-0.076055,0.049147,-0.141489,0.148436,0.372504,-0.043584,-0.043693,0.19065,0.04939,0.12833,0.010711,0.081269,-0.062087,-0.016453,-0.150524,-0.020328,0.025005,-0.019967,0.085148,-0.303226,-0.098307,-0.069407,0.062458,0.040482,-0.161296,-0.117373,0.046687,-0.013363,0.068796,-0.073785,-0.219783,0.108131,-0.078804,0.003028,0.056393,-0.056978,0.198443,-0.11936,-0.111135,-0.164481,-0.195405,0.001645,-0.259882,-0.063599,-0.035191,0.185155,-0.192336,0.166156,-0.022842,-0.323081,-0.316135,-0.034407,0.136056,-0.085395,-0.141186,0.160647,0.221235,-0.090392,0.071778,-0.444808,0.108061,0.140533,-0.156967,0.029034,-0.058112,-0.173449,-0.080179,0.018856,0.06968,-0.269599,0.299107,-0.241846,-0.132947,-0.092515,-0.202115,-0.044977,0.121689,0.034761,0.033211,-0.199922,-0.075036,-0.186362,-0.232294,-0.120689,-0.243849,-0.228167,-0.034556,0.129156,-0.337061,-0.044379,0.163293,-0.031557,-0.018889,0.033551,0.112304,-0.10666,0.071811,-0.002577,0.018065,0.095136,-0.281819,0.008439,0.091846,-0.079702,-0.084868,-0.009882,-0.123331,-0.28665,0.08609,0.017998,0.057489,0.144599,0.111718,0.082641,0.390506,-0.086507,-0.189053,-0.012791,0.064994,-0.147524,-0.02639,0.123809,-0.103653,0.025534,-0.278885,0.051176,0.101966,-0.101315,0.157498,-0.092162,0.113665,-0.085694,0.086805,0.030842,-0.159796,0.034002,0.213853,0.095504,0.190916,-0.286039,0.033105,0.259961,0.340905,0.231759,-0.159409,0.023264,-0.021282,-0.093004,-0.074564,0.080422,-0.04435,-0.106432,-0.117477,0.16039,0.208822,-0.173027,0.101095,-0.180691,0.074687,0.257205,-0.152863,-0.018633,0.131555,0.177126,0.023581,0.063771,-0.262482,0.208103,-0.052553,0.095783,0.191698,0.098199,-0.147095,-0.073991,-0.165133,-0.081686,#
19,-0.08505,-0.046827,0.151479,-0.098575,0.035396,-0.150405,0.10458,-0.267293,0.229396,0.225299,-0.022123,-0.186977,-0.007372,0.314662,0.209919,0.066416,-0.022927,0.269677,0.068052,1.0,0.06175,-0.022749,0.153007,-0.041695,-0.220633,0.000582,0.168661,0.056424,0.33603,-0.293094,0.085003,0.135377,0.162247,0.113597,-0.164992,-0.097773,0.031918,0.029573,-0.099938,0.066589,0.178383,-0.030408,-0.102939,-0.107336,-0.005385,-0.287362,-0.11792,0.208189,-0.144416,-0.058107,-0.019917,-0.101348,0.145187,0.163679,0.017963,0.050835,-0.045541,-0.170275,0.100582,-0.017827,0.044154,-0.082419,-0.014286,-0.071744,0.036194,-0.294826,0.114478,0.087268,-0.113013,0.229005,-0.004359,-0.021583,0.090295,-0.109997,-0.395174,-0.150576,0.028523,-0.031988,0.09745,0.291246,0.131186,0.118381,-0.112707,0.14417,-0.02264,0.477142,0.100968,-0.238607,0.035331,-0.184851,-0.118508,0.176905,-0.161035,-0.037653,0.115148,0.186985,-0.074785,-0.028301,0.016802,0.096105,-0.349321,0.155202,0.081599,-0.162955,0.224073,0.053203,0.18279,0.081543,0.362187,-0.118378,0.0827,-0.111181,-0.020287,0.096729,0.172916,-0.016999,-0.084457,-0.019306,0.089574,-0.17418,-0.193332,0.049157,0.073246,-0.202846,-0.082551,0.238655,0.224639,0.114827,0.197709,0.170281,0.324392,-0.064599,-0.139334,-0.074759,0.236086,0.053069,0.097531,0.113405,0.033084,0.232767,0.157468,0.136861,-0.033598,-0.111773,-0.119789,-0.000464,-0.033137,-0.031421,-0.052482,0.131255,-0.165346,0.103011,0.276749,-0.167354,-0.007392,0.177471,0.31972,0.060871,-0.047301,-0.047143,0.297621,-0.077287,0.176231,-0.107553,0.031424,0.138608,0.299684,-0.037758,0.084904,0.197071,-0.27563,-0.060362,-0.206806,0.004507,-0.351682,0.082147,0.339157,-0.140463,0.255281,-0.086202,-0.047088,-0.005145,-0.019459,-0.066179,-0.2684,-0.223986,0.296109,0.085169,-0.216743,-0.019274,0.199323,-0.22806,-0.339607,0.060623,0.091199,-0.012059,-0.276728,-0.130199,0.281344,0.232527,#
20,-0.036314,0.223431,-0.116436,0.27634,-0.16867,-0.181523,-0.230327,0.15902,-0.11741,-0.156559,0.059794,0.003639,0.057559,0.075456,0.147378,-0.283002,-0.101041,-0.093208,0.098574,0.06175,1.0,0.064138,0.05462,-0.213253,-0.16953,-0.179302,0.166816,0.121649,-0.280631,-0.239509,0.119971,0.031726,0.407053,0.059155,-0.267008,-0.329354,-0.177729,-0.131001,0.089297,-0.211954,0.140349,0.167338,-0.349539,-0.02157,0.139837,-0.00815,0.075869,0.078139,-0.08774,-0.17899,-0.155553,0.321945,-0.000841,0.11264,0.030948,0.060904,0.087018,0.155898,-0.38784,0.064202,-0.183831,-0.065569,-0.010153,0.073396,0.167873,0.032252,-0.055028,0.056861,0.119635,0.270118,-0.133889,-0.215123,-0.045615,0.184687,-0.229447,-0.177695,0.010646,0.316634,0.124997,0.076339,0.165102,0.08666,0.196635,0.060257,0.191978,0.088597,0.024091,0.261651,0.449556,-0.003568,0.210492,0.254763,0.207858,0.200771,0.282716,0.234151,0.072079,-0.13635,0.050401,0.019818,-0.00258,-0.033244,0.315135,0.113181,0.213926,0.219093,0.049707,0.168882,-0.12068,-0.102125,0.049724,-0.171485,-0.082623,0.167942,0.20824,0.07786,0.112323,-0.138201,-0.137169,0.098166,0.210063,-0.086964,0.117902,0.184544,0.030344,-0.069705,0.160545,-0.390238,0.044853,0.064261,0.174571,0.07814,0.05249,-0.215863,0.207144,0.294803,-0.073834,0.335961,0.2047,0.063423,0.062755,0.332083,0.144409,0.114496,-0.017297,-0.076022,0.10653,-0.310045,0.191945,0.326682,0.16968,0.056957,0.201825,0.16055,0.109043,-0.030747,0.040434,-0.246891,-0.006314,0.181304,0.227886,0.09517,-0.008249,-0.090504,-0.009538,-0.107068,0.411475,-0.028271,0.016504,-0.154655,0.019358,0.00448,-0.242929,-0.11925,-0.02133,0.017506,0.14171,-0.221393,0.072831,0.192481,-0.287343,-0.157735,0.089671,-0.114974,-0.088431,0.010213,-0.093217,-0.044838,-0.085578,0.116732,0.181947,-0.119813,-0.204186,-0.013233,0.083582,-0.266136,-0.239643,-0.381942,-0.202602,-0.061738,#
