0,1.0,0.182255,0.001027,-0.213169,0.366837,-0.020874,0.095502,-0.073523,0.363857,0.016619,-0.211947,0.180906,0.133625,0.118067,0.351563,0.022634,0.181628,-0.024979,-0.009503,-0.141103,-0.317654,0.004765,-0.199206,-0.107354,0.050817,-0.256578,-0.030196,-0.224046,0.272015,-0.002133,-0.423323,0.060234,-0.116022,-0.079074,-0.155862,0.020159,0.222343,-0.05018,0.018872,0.04388,-0.001174,-0.260586,-0.316152,0.058935,0.079453,0.000189,0.362572,0.080406,0.084132,0.225054,-0.131522,-0.140266,0.115005,-0.070425,0.04005,-0.042679,-0.152531,0.138601,-0.186881,0.17169,0.165669,0.238935,0.128321,-0.179641,-0.038449,0.010699,-0.067864,-0.116562,0.209402,-0.079378,0.002632,-0.279666,-0.072501,-0.236222,-0.175265,0.063564,-0.195027,-0.31838,-0.214642,-0.077106,0.054156,-0.342971,-0.00833,-0.322936,-0.035813,-0.031235,-0.327815,-0.134585,-0.137447,-0.362589,0.119368,-0.133623,0.031464,0.096792,-0.098092,-0.137857,-0.270151,-0.196759,0.003979,-0.194031,0.043565,-0.203466,-0.318432,-0.130655,-0.094028,-0.160983,-0.082251,-0.115889,0.009704,-0.324489,-0.053098,-0.152855,0.001137,-0.247621,-0.242932,-0.297813,-0.220152,-0.25489,0.077798,-0.47393,-0.036917,-0.105264,-0.151246,-0.086988,-0.073144,-0.083498,-0.192107,0.010318,-0.111328,-0.06595,0.052927,-0.307739,-0.189378,-0.02575,-0.123929,-0.302813,-0.01809,-0.318084,0.088096,-0.151009,-0.099103,-0.334705,0.025344,-0.220505,-0.329053,-0.060464,-0.057887,0.204404,-0.252545,-0.173098,-0.255672,-0.040973,0.165053,-0.277528,-0.07703,-0.013301,0.207392,0.219106,-0.209225,-0.130048,-0.243455,-0.035772,0.0036,-0.025728,-0.101463,0.135816,-0.031255,0.057661,-0.158477,-0.294998,-0.039896,0.126136,0.04726,-0.245326,0.078788,-0.039932,0.058257,0.162004,0.241522,-0.326871,0.066729,0.039673,-0.037118,0.108318,0.16411,-0.15733,0.508214,-0.129157,-0.097483,0.252945,-0.352385,0.078021,0.201985,0.250367,-0.045594,-0.009608,-0.038526,-0.254531,0.017672,-0.042505,#
1,0.182255,1.0,-0.179904,0.077456,0.322531,0.068216,-0.158547,-0.276481,-0.018492,0.112105,-0.125407,-0.057275,0.123735,0.153849,0.144384,-0.113436,-0.117444,0.05976,-0.145735,-0.095774,0.120988,0.27985,0.198547,-0.020952,-0.105574,-0.288661,0.109114,0.058283,0.233686,0.152983,-0.324073,0.005816,0.057426,-0.25971,-0.154924,0.074598,0.318573,-0.404277,0.206508,0.125335,0.264122,0.002556,0.15854,0.071038,-0.146632,0.040115,0.126191,0.323048,-0.071288,0.001615,-0.132845,-0.335491,0.141978,-0.115579,-0.029296,-0.207118,-0.097428,0.312459,-0.056592,0.114147,0.108865,-0.022625,0.07563,0.032801,-0.03642,0.21076,-0.046194,0.311751,0.422716,0.092924,-0.275439,-0.185521,0.125169,-0.173291,-0.166035,0.016178,-0.249679,-0.053636,-0.162606,-0.149434,-0.221422,-0.510668,-0.182581,-0.078103,-0.201688,-0.323661,-0.047139,-0.250204,-0.162639,-0.117334,-0.212672,-0.155685,-0.166301,-0.04745,-0.368033,-0.15856,-0.433019,-0.191977,-0.187142,-0.111331,0.130955,-0.053631,-0.116134,-0.165619,-0.08966,-0.236513,-0.327789,-0.20707,0.004758,-0.084613,0.0895,0.06768,-0.348609,-0.364051,0.09804,-0.043017,-0.241831,-0.029682,-0.01458,-0.148964,-0.197435,-0.210708,-0.212467,-0.167717,0.01088,-0.091853,-0.136718,0.109111,0.244043,-0.122627,-0.10781,-0.170348,-0.14804,-0.107201,-0.177257,-0.26862,-0.173138,-0.270059,0.271883,-0.307171,-0.237449,-0.071168,0.084563,-0.309923,0.019847,-0.048736,-0.095795,0.153083,-0.239565,-0.111297,-0.349796,-0.204562,-0.187928,-0.156392,-0.080889,0.022733,-0.088364,0.27685,-0.096413,-0.357296,0.026782,0.012363,-0.195877,-0.009727,-0.275149,0.372982,0.024549,-0.397988,-0.03524,-0.050048,-0.114844,0.092063,-0.342534,-0.016609,0.074971,-0.089293,-0.145915,-0.107163,0.334216,-0.21604,0.246401,-0.126207,-0.217096,0.15609,0.293052,-0.33786,0.072289,-0.166698,-0.029038,0.265952,-0.146672,0.203915,0.239216,0.347088,0.172551,-0.274182,0.094722,-0.314301,-0.122466,0.197664,#
2,0.001027,-0.179904,1.0,0.353689,-0.04563,-0.138833,-0.034825,0.077981,0.20744,0.032438,-0.070138,-0.009578,-0.193865,0.134561,-0.054747,-0.315324,-0.163315,0.26283,0.100179,0.35836,-0.372875,-0.164662,0.015811,0.126545,0.108001,-0.046143,0.041451,-0.110091,0.1352,-0.255531,0.11943,0.239656,-0.259324,0.195336,-0.218636,0.007645,-0.074833,0.198403,-0.074292,-0.450071,-0.195703,0.183891,-0.084473,-0.052199,0.121811,-0.334217,0.25999,0.064984,-0.234543,0.290388,-0.120432,0.252135,-0.092568,0.142206,-0.270971,-0.049531,-0.011343,-0.128784,-0.41735,-0.070396,0.06807,0.083488,0.028138,-0.2667,-0.023841,0.049533,0.150746,-0.051468,-0.205146,0.157186,0.209151,-0.0001,-0.007402,0.293132,-0.053579,0.143258,0.088983,-0.05226,0.17342,-0.033934,0.11403,0.147601,-0.052598,0.440529,0.05167,0.154838,-0.098049,0.026718,-0.049803,-0.095308,0.225055,-0.016341,0.180294,0.328051,0.022139,0.256037,0.244521,0.150488,0.145355,0.161519,-0.313741,-0.13494,0.074366,0.291782,-0.04733,0.130559,0.331346,0.254645,0.159179,0.089489,0.301518,-0.003687,0.245618,0.28005,0.178714,0.078837,-0.053543,-0.086321,0.250315,0.127835,3.7e-05,0.346495,0.068713,-0.055342,-0.07728,0.248627,0.091762,-0.15558,-0.023422,0.127579,0.321154,0.317813,0.037664,0.082093,0.249383,0.211275,0.091284,0.392049,-0.004664,0.061403,0.433422,0.121388,0.051589,-0.104198,0.154887,0.194661,0.148896,-0.05628,-0.206924,0.268203,0.216004,0.420346,0.455,0.359115,0.250678,0.176291,0.036854,0.083142,0.270251,0.134867,0.131202,-0.020453,0.391995,0.204458,0.19909,-0.161945,0.010247,-0.188256,0.21665,0.003102,-0.05155,0.22683,-0.000998,0.138204,-0.151936,0.345206,0.028012,0.22242,-0.071724,-0.044039,-0.015733,0.022559,-0.159527,-0.181985,-0.421434,0.365176,0.020492,0.33485,-0.245709,-0.032475,0.282483,-0.377492,-0.354046,0.001851,-0.38952,-0.103816,-0.173665,0.021886,0.26337,-0.149735,#
3,-0.213169,0.077456,0.353689,1.0,-0.143756,-0.11355,-0.206009,0.004288,-0.33331,0.00314,-0.080361,-0.113437,-0.178585,-0.144205,-0.156098,-0.020356,-0.094619,-0.02496,-0.124196,0.160546,-0.044243,0.017373,-0.214888,0.11926,0.030466,0.073622,-0.137069,0.071501,0.007626,-0.150407,0.027097,-0.035867,0.018602,0.221805,-0.038835,-0.275443,-0.100355,0.138145,0.02311,0.001166,-0.06728,0.086607,0.205174,-0.089023,0.009804,0.194158,-0.261843,-0.359361,0.033644,0.1388,-0.032424,0.203959,0.11377,0.139089,-0.182854,0.036389,-0.018183,0.037023,-0.243595,-0.187706,-0.050793,-0.093814,0.19768,0.035791,-0.098446,-0.307237,-0.201094,-0.097449,-0.306652,0.093285,0.012697,0.136328,0.245601,0.294186,-0.12706,0.187636,0.162942,0.429258,0.368403,-0.129085,0.132227,0.143509,0.031622,0.218139,0.063432,0.037988,0.18398,0.063589,0.057925,-0.046506,0.109503,0.117962,0.203486,0.139745,0.044372,-0.044891,0.082693,0.213584,0.094292,0.208841,-0.105459,0.255536,0.294823,0.268166,0.109736,0.026658,0.20616,0.201385,-0.04613,-0.04448,-0.127333,-0.038939,-0.068491,0.14703,0.006903,0.430698,0.303795,-0.02478,-0.226126,0.382876,0.188675,0.031414,0.11478,0.282178,0.094519,0.113577,-0.015906,-0.25757,0.0,0.3167,-0.224207,0.019422,0.156499,0.22141,0.144705,0.279517,0.216596,0.165131,-0.259563,0.1874,0.052508,0.295252,0.193496,-0.134034,0.210862,0.20531,0.027627,-0.256615,-0.003259,0.050385,-0.024761,0.103601,0.189018,0.250182,0.125177,0.333513,-0.213575,-0.218103,0.238533,0.12894,0.279668,0.169132,0.253791,-0.040994,-0.128234,-0.298095,0.005698,-0.308005,0.214174,0.084943,-0.056457,-0.261262,0.03181,0.13561,-0.143307,0.122603,-0.021342,-0.109452,-0.40568,-0.014816,-0.178126,-0.323324,0.197521,-0.070589,-0.263514,0.034253,-0.266284,-0.055384,0.147107,-0.245514,0.009879,-0.044552,-0.392783,-0.213934,-0.086469,0.026096,-0.207888,0.059206,-0.085954,0.018662,#
4,0.366837,0.322531,-0.04563,-0.143756,1.0,0.057162,0.211216,0.084437,0.316481,0.111695,-0.272426,0.194401,0.251593,0.181267,0.059703,0.017217,0.06388,0.100277,-0.009213,0.006764,0.093505,-0.061877,0.393862,-0.208355,-0.232384,-0.336257,0.042663,-0.04946,0.225677,0.073064,-0.347029,0.041885,-0.130376,-0.081723,-0.097142,0.226896,0.394223,-0.461718,-0.120067,-0.164524,0.149945,0.085927,0.016734,-0.093679,0.022681,-0.002079,0.362378,0.3206,0.282666,-0.019074,-0.054496,-0.517931,0.191354,-0.347996,-0.02917,-0.210017,-0.193544,0.054607,0.099469,0.251345,0.083772,0.195481,-0.212152,-0.122803,-0.064462,0.34619,0.082342,0.196476,0.378442,0.004696,0.017913,-0.487409,-0.039874,-0.445991,-0.298586,0.083819,-0.307387,-0.323451,-0.438355,-0.227415,-0.122495,-0.518123,-0.316656,-0.018257,-0.299387,-0.088999,-0.587465,-0.113812,0.0433,-0.134127,-0.337375,-0.296584,-0.213649,-0.295134,-0.37314,-0.398317,-0.52902,-0.375266,-0.241982,-0.263069,-0.034594,-0.338142,-0.332237,-0.161183,-0.294705,-0.448231,-0.152184,-0.245891,-0.070789,-0.302369,0.164726,0.172163,-0.169747,-0.423657,-0.247626,0.006275,-0.280511,-0.473366,0.142655,-0.347486,-0.116935,-0.231358,-0.324473,-0.547341,-0.160599,0.151096,-0.348116,0.23726,-0.074194,-0.339155,-0.089019,0.034427,-0.282374,0.097037,-0.480899,-0.33287,-0.14294,-0.321645,0.161,-0.324677,-0.215998,-0.228081,-0.091721,-0.119524,-0.382659,-0.152313,0.010262,0.379367,-0.470467,-0.223222,-0.511526,-0.201872,-0.027553,-0.287815,-0.066672,-0.217866,0.225838,0.470971,-0.435205,-0.256304,-0.07701,-0.058188,-0.255821,0.101431,-0.057779,0.272407,-0.019764,-0.220559,-0.43036,-0.02056,-0.14729,0.388442,-0.306469,-0.359778,0.025536,-0.095996,-0.129834,0.310811,0.308164,-0.425343,0.294027,-0.04115,0.034903,-0.008518,0.283547,-0.319688,0.226371,-0.196822,-0.302224,0.190888,-0.369232,0.176137,0.362243,0.273672,-0.097988,0.131777,0.352787,-0.396708,-0.254817,0.018206,#
5,-0.020874,0.068216,-0.138833,-0.11355,0.057162,1.0,0.259359,0.32859,0.083438,-0.085158,0.038487,0.23945,-0.197032,0.250975,-0.094703,-0.06785,0.055977,-0.08172,-0.089716,-0.170547,0.125494,0.212775,0.148886,-0.424184,0.208494,-0.144239,0.08704,-0.063744,-0.082841,0.11911,-0.026534,0.091439,0.018635,-0.155358,-0.252992,0.236134,-0.015229,-0.090683,0.108769,-0.032368,0.145934,-0.050025,0.201473,-0.036904,-0.23048,0.128557,0.014261,0.203213,0.064079,-0.021679,0.062243,-0.041636,0.154554,-0.153661,0.201473,0.159098,-0.064998,0.193094,0.055811,0.042621,0.06536,0.030842,-0.031513,0.261436,-0.145921,-0.057185,0.020769,0.240175,0.176438,-0.071603,-0.124727,-0.248444,0.035422,-0.237952,-0.063142,0.113249,-0.036627,0.029937,-0.159588,-0.107913,-0.146177,-0.245264,0.098087,-0.075455,-0.140499,0.266461,-0.08469,-0.048227,-0.017923,-0.168258,-0.002818,-0.053577,0.067678,-0.334932,-0.071071,-0.187169,-0.125201,-0.09462,0.080932,-0.267087,0.171896,-0.217623,0.165213,-0.373075,-0.018844,-0.236807,-0.004153,-0.408074,-0.064688,-0.13665,-0.195753,0.026727,-0.129703,-0.332772,0.138277,-0.142329,-0.164626,-0.196585,0.105438,-0.041048,-0.043453,-0.085948,-0.084054,-0.218745,0.057953,-0.021952,0.069041,0.151613,0.029354,-0.178895,-0.050738,-0.023371,-0.025451,-0.112616,0.006264,0.017965,0.101775,-0.118549,-0.089782,-0.170384,-0.256525,-0.218301,-0.166821,-0.088096,-0.018214,-0.058974,0.012899,0.102108,0.029634,-0.205104,-0.083206,0.029577,-0.082388,0.020329,-0.013887,-0.134009,0.203121,0.006758,-0.032449,0.098268,-0.000904,0.052972,-0.044942,0.040427,0.108617,0.314897,0.111806,0.063002,-0.027257,-0.022977,0.170864,0.119871,0.045576,0.045457,0.201332,-0.171259,-0.069656,0.193488,0.17321,-0.119952,0.032638,-0.039353,-0.053485,0.19138,0.28413,-0.272319,0.075408,-0.035984,-0.038858,0.188551,0.007892,0.065006,0.211017,0.141551,0.29144,0.259593,0.221961,-0.188067,-0.157824,0.231412,#
6,0.095502,-0.158547,-0.034825,-0.206009,0.211216,0.259359,1.0,0.283904,0.230096,-0.004732,0.219932,0.125594,0.042673,0.043137,0.089409,0.232942,0.011637,-0.072819,0.214835,-0.081639,0.107263,0.211357,0.011188,-0.20049,-0.119182,-0.048133,0.026146,-0.082358,0.242191,-0.031112,-0.283294,0.090324,0.15636,-0.210582,0.02359,0.085431,0.052987,-0.021239,-0.197166,-0.212565,-0.087409,-0.041108,0.033061,-0.132822,-0.071536,-0.017024,0.075226,0.040689,0.156189,0.134318,0.067682,-0.097415,0.013973,-0.017378,-0.07542,-0.149193,0.176865,-0.113606,-0.053168,0.147986,0.084402,0.094429,-0.154501,0.181412,-0.194105,-0.164122,0.15547,0.01666,0.136741,-0.015094,-0.015646,-0.343732,0.015211,-0.161757,-0.144246,0.138297,-0.003966,-0.218809,-0.461933,-0.194781,-0.1515,-0.106632,-0.077707,-0.217218,-0.205353,0.132488,-0.265274,-0.212596,-0.005815,-0.072683,-0.094652,-0.118712,0.105269,-0.280786,-0.165089,-0.010766,-0.288308,-0.362567,-0.41094,-0.091408,0.094269,-0.282407,-0.111816,-0.242789,0.064046,-0.088288,0.041535,-0.199253,-0.213833,-0.084462,-0.200022,0.012583,-0.103989,-0.064274,-0.103886,-0.202523,-0.325205,-0.177456,-0.028989,-0.11,0.002069,-0.056579,-0.027683,-0.240731,-0.291482,0.151159,-0.242968,0.215756,-0.082812,-0.309589,-0.047144,-0.152616,-0.144677,0.058856,-0.14251,-0.031298,0.084646,-0.359551,-0.126892,-0.112218,-0.02013,-0.282157,-0.148561,-0.006075,-0.238918,-0.108776,-0.20343,0.204382,-0.065163,-0.181054,-0.165277,-0.081864,-0.137198,-0.101406,0.057886,-0.280853,0.045062,0.274386,-0.214998,-0.222679,-0.060839,-0.239443,-0.116183,0.05091,-0.058035,0.275111,-0.039697,0.103857,-0.054478,-0.167934,0.058837,0.211586,-0.098112,-0.149215,0.122343,-0.121627,-0.115633,0.367806,0.15302,-0.248924,0.193668,0.099189,0.272964,0.359877,0.088985,-0.110117,0.108549,-0.076604,0.021179,0.041621,-0.172115,0.228701,0.269369,0.159067,0.072362,0.257111,0.289936,-0.134448,-0.059498,0.034118,#
7,-0.073523,-0.276481,0.077981,0.004288,0.084437,0.32859,0.283904,1.0,-0.092578,-0.21042,-0.082459,-0.168513,-0.019292,0.222318,0.114519,-0.089364,-0.030641,-0.228893,0.025515,-0.076869,-0.069543,0.189832,0.030437,-0.277046,0.042698,0.049543,0.150802,-0.05751,-0.098306,-0.066581,0.066194,0.135715,0.205195,-0.189554,0.032045,0.075404,0.04622,0.135301,-0.134389,-0.342143,0.024469,0.305565,0.222723,0.034443,-0.067366,0.019622,0.175443,-0.069168,-0.048533,-0.111504,-0.223394,0.037046,-0.032058,-0.319636,0.025807,0.115478,-0.042623,0.03629,-0.028156,0.096664,-0.10317,0.088162,-0.387854,0.197675,0.17262,0.153563,0.087727,0.192256,-0.017292,-0.196945,-0.074752,-0.204918,0.09843,-0.098374,-0.053653,0.058288,0.135051,-0.10426,-0.34281,-0.07701,-0.009044,-0.213517,0.169953,-0.098507,-0.03407,0.260719,-0.05269,0.019223,-0.112499,-0.11455,0.074812,-0.190253,0.011806,-0.25133,0.092551,0.171815,-0.157909,0.01617,0.00431,-0.189903,0.086747,-0.289143,0.170626,-0.263818,-0.044565,-0.238561,0.202045,-0.228354,-0.075398,-0.178037,-0.133571,0.22758,0.100913,0.045709,-0.085833,0.135095,-0.109708,-0.145795,-0.072632,0.176351,-0.100835,-0.023766,-0.178785,-0.177519,-0.050369,0.104383,-0.163798,-0.050386,0.127472,-0.104346,0.110456,-0.065321,-0.068694,-0.069618,-0.040328,-0.010584,0.15889,-0.007074,-0.141154,-0.05053,-0.13144,-0.206055,-0.127002,0.068992,-0.147535,-0.234625,-0.128239,-0.067242,0.039298,-0.031372,0.09298,0.157504,0.176501,0.14983,0.093771,-0.111931,0.298768,-0.058791,-0.265267,0.113703,-0.012039,-0.148835,0.112084,0.055912,-0.042908,0.155092,-0.112988,0.092996,-0.238598,0.002925,-0.00074,0.197638,0.086663,0.107975,0.061977,0.028009,-0.162556,0.148876,-0.074887,0.004434,-0.107172,0.009818,0.100706,-0.020734,-0.029307,-0.018766,0.006067,0.207634,0.063561,-0.123338,-0.132112,0.132078,0.056828,0.022209,0.045317,0.298706,0.025953,-0.07466,-0.04799,-0.091986,#
8,0.363857,-0.018492,0.20744,-0.33331,0.316481,0.083438,0.230096,-0.092578,1.0,-0.032441,0.090698,0.37168,0.098714,0.240218,0.059967,-0.041484,0.168829,0.237934,0.272423,0.136054,-0.300414,-0.202157,0.191495,-0.198787,-0.083614,-0.196092,0.06249,-0.004314,0.2175,-0.110554,-0.167294,0.184387,-0.192073,-0.037172,-0.169569,0.158401,0.374621,-0.199865,0.016825,-0.174105,-0.084805,-0.010872,-0.291346,-0.038802,0.140232,-0.144677,0.37559,0.312545,-0.007945,0.256045,0.148124,-0.132581,0.03554,0.13155,-0.183244,0.197237,-0.052103,0.074631,-0.081246,0.146802,-0.151876,0.106983,-0.089371,0.01659,-0.087178,0.193216,0.365892,0.102559,0.225706,0.196021,0.218809,-0.212662,-0.230472,-0.162311,-0.142982,0.066745,-0.046054,-0.252094,-0.185728,-0.039602,-0.067149,-0.149392,-0.063432,0.163635,0.008214,0.178871,-0.300119,-0.270595,-0.029468,-0.213059,0.038765,-0.001081,-0.006084,0.056983,-0.254786,0.006906,-0.122465,-0.257323,-0.133715,-0.113305,-0.137435,-0.307343,-0.298618,-0.082244,-0.051139,0.082702,-0.056304,0.034822,-0.017052,0.00448,0.100094,-0.159599,0.212069,-0.013082,0.038362,-0.387316,-0.188148,-0.14443,0.253784,-0.274356,0.021326,0.014268,-0.126072,-0.472374,-0.129964,0.040283,-0.145723,0.144382,-0.076194,-0.197505,0.345444,0.177217,-0.148872,-0.032476,-0.007121,-0.160358,0.129871,0.033946,0.19008,-0.033967,0.234768,-0.122652,-0.256871,-0.096609,-0.131606,-0.17739,0.1095,0.309199,-0.066596,-0.093219,0.025609,-0.02383,0.11682,-0.114549,0.034575,-0.231435,0.118623,0.331026,0.001198,0.017374,-0.037905,-0.171432,-0.039531,0.273856,0.19248,0.001851,-0.042172,0.00618,-0.000683,-0.033506,-0.002316,0.263873,0.093237,-0.026748,-0.127288,-0.105636,0.024423,0.175748,0.091948,-0.289368,0.271241,0.152652,-0.173934,-0.064237,0.030674,0.16504,0.204184,0.098903,-0.44165,0.136448,0.126142,-0.118267,0.050807,0.126903,-0.129867,0.025101,0.162041,-0.181428,0.1077,0.178513,#
9,0.016619,0.112105,0.032438,0.00314,0.111695,-0.085158,-0.004732,-0.21042,-0.032441,1.0,-0.144783,0.17333,0.161374,0.278644,-0.436698,0.004038,-0.31453,0.247033,-0.083428,0.118838,0.105262,-0.138598,-0.014725,-0.022835,0.169563,0.074248,0.116227,-0.366075,-0.074054,0.293651,-0.002477,-0.163534,-0.075354,0.214587,0.130204,0.284724,-0.086856,-0.3057,-0.228429,-0.025924,-0.013097,0.104571,0.169585,0.154289,0.110311,-0.091517,-0.185753,0.121682,-0.036702,0.104723,-0.012316,-0.216002,0.024237,-0.08708,-0.145441,-0.168787,-0.043401,-0.058779,0.206871,-0.038271,-0.094871,0.144514,0.23051,-0.253967,-0.253379,-0.024991,0.11917,-0.029808,-0.065724,-0.032553,-0.002375,-0.233697,-0.031193,-0.041429,0.118743,-0.18905,0.034388,-0.074117,0.207792,0.178755,-0.053166,-0.018232,-0.058331,-0.193093,0.1972,-0.335783,0.0419,-0.027166,-0.046363,0.248731,-0.297724,0.088119,0.042459,0.210537,-0.112718,0.013648,-0.150389,0.051762,-0.08718,0.207113,-0.220952,0.222955,0.207704,0.243593,-0.044162,0.076726,0.043268,-0.054051,0.004072,0.007953,0.081419,0.189169,-0.00352,0.040629,-0.055229,0.02919,-0.117412,-0.027394,0.232483,-0.174924,0.142877,0.354449,-0.0293,-0.056539,-0.171584,0.09536,-0.113742,-0.058162,-0.012426,0.353108,-0.115724,0.346008,-0.078363,0.616827,-0.143071,0.161736,-0.114143,-0.080637,0.135771,-0.116687,0.211934,-0.122564,0.238729,0.151356,0.213664,0.087418,0.252832,0.025765,-0.176663,0.275584,-0.347901,-0.139021,-0.057544,0.117151,0.287214,0.219016,0.022917,0.275554,0.091839,0.065651,0.136533,0.223624,-0.259037,0.35318,-0.050775,-0.130648,0.037423,0.030773,0.081079,0.135275,0.029624,-0.132147,0.051379,-0.208981,0.168301,0.137705,-0.105779,0.001616,0.208589,-0.095548,0.051363,-0.159531,-0.22408,0.016271,-0.199586,-0.033491,0.092043,-0.033634,-0.25951,0.150779,-0.12927,-0.218584,-0.127803,-0.06814,0.045167,-0.188126,-0.127727,0.02366,0.284785,-0.032389,#
10,-0.211947,-0.125407,-0.070138,-0.080361,-0.272426,0.038487,0.219932,-0.082459,0.090698,-0.144783,1.0,0.084182,-0.235631,-0.275751,0.073645,0.212641,0.225334,-0.206606,0.170832,0.025483,0.051266,0.25182,-0.058472,0.22001,-0.11553,0.223258,-0.282103,0.179827,0.152911,-0.019152,-0.093847,-0.085197,-0.295119,-0.134391,0.32415,-0.041618,-0.018406,0.130016,0.058295,0.26449,-0.219696,-0.088304,-0.09477,-0.28571,-0.001961,0.258024,-0.236123,-0.409344,0.161913,-0.069381,0.100719,0.104507,-0.091701,0.233021,-0.073661,0.108399,-0.07027,-0.157045,0.030516,-0.048307,0.036437,-0.11896,0.205495,0.181836,0.198631,-0.098817,-0.012396,-0.151129,-0.156727,-0.127617,-0.17607,0.198779,0.129562,0.021658,0.010889,0.187486,-0.06628,0.098842,0.028309,-0.067537,-0.028063,0.116723,-0.3006,0.131342,-0.03117,0.005396,0.045737,-0.031784,-0.1537,0.018595,0.128593,-0.18881,0.038361,-0.098699,-0.078282,0.092531,-0.051882,-0.044442,-0.317022,-0.038387,0.026584,-0.019281,-0.286557,0.026516,0.288327,0.043407,-0.117221,0.173909,-0.190482,0.519042,-0.204348,-0.218978,-0.174898,0.187735,0.049992,-0.099007,-0.054993,0.095873,-0.086622,0.203061,-0.120389,-0.132078,-0.052223,0.089927,0.053972,-0.131634,0.043896,0.027905,0.031855,-0.019685,0.165029,-0.153844,0.083671,-0.283149,0.296536,0.239121,0.076684,-0.102411,-0.187907,-0.046574,0.085829,0.139098,-0.119426,0.089152,0.050996,0.20694,-0.030374,-0.16054,0.162401,-0.230785,0.159961,0.069886,-0.288663,-0.091688,-0.219216,-0.339747,-0.278495,-0.064606,0.085713,-0.014306,0.082115,-0.058611,-0.1815,-0.125689,-0.035557,-0.048197,-0.259787,0.034766,0.145527,-0.114596,0.082886,-0.216942,-0.135223,-0.004021,0.034973,-0.399993,-0.278462,0.147771,-0.211007,0.096362,0.06261,0.095059,0.061896,0.330009,0.050019,0.050602,-0.261872,-0.012922,0.417703,-0.025557,-0.020034,0.314737,0.035735,-0.064962,0.067326,0.099239,0.297728,-0.065385,-0.167406,0.068368,#
11,0.180906,-0.057275,-0.009578,-0.113437,0.194401,0.23945,0.125594,-0.168513,0.37168,0.17333,0.084182,1.0,-0.043146,0.034096,-0.022363,0.142632,0.027439,-0.08151,-0.118101,-0.106028,-0.150368,-0.046372,-0.02758,0.039605,0.183981,-0.109455,-0.097839,-0.262898,0.259894,0.12629,-0.273058,0.036933,-0.382812,0.135844,-0.231306,0.387559,-0.067921,-0.164185,0.147676,0.120216,0.117955,-0.115053,-0.127324,-0.113672,-0.0446,0.169152,-0.027373,0.065768,0.27948,0.03811,0.163891,-0.142944,-0.125972,-0.025213,0.059715,0.012375,-0.284792,-0.073458,-0.083842,-0.098102,-0.152062,0.164603,0.159406,0.039323,-0.017019,-0.147074,0.068464,-0.065365,0.206694,-0.043284,0.028059,-0.283707,-0.069487,-0.208862,-0.17888,0.168716,-0.194276,0.06107,-0.044167,-0.252805,-0.110833,-0.072687,-0.006054,-0.017453,0.025189,0.008241,-0.293251,-0.355891,0.012045,-0.043846,-0.129385,0.019146,0.022709,-0.126405,-0.247189,-0.050356,-0.186211,-0.249333,-0.149523,-0.173232,-0.081301,-0.049554,-0.037891,-0.098308,-0.053252,0.017125,-0.104656,-0.193454,-0.171331,-0.130236,-0.24871,-0.037633,-0.197981,-0.113451,-0.078274,-0.105495,-0.056222,-0.182961,0.00824,-0.160759,0.060648,-0.086762,-0.123541,-0.174317,0.155724,0.018293,-0.105329,-0.119508,-0.100508,-0.221179,-0.06594,-0.040931,-0.066142,0.101157,-0.142103,0.048366,0.010141,-0.107693,0.224328,-0.205897,0.140661,-0.039888,-0.144416,-0.071089,-0.092614,-0.130754,0.033753,0.037243,-0.097947,-0.383073,-0.218465,-0.036375,-0.025337,-0.117101,-0.027954,-0.288127,0.200033,-0.024797,0.03479,0.04018,0.125025,0.008067,-0.18959,-0.071633,-0.136625,-0.049439,0.09982,0.030331,0.227478,-0.043298,-0.034745,-0.047164,-0.029327,-0.337619,0.103394,-0.242555,-0.125918,0.012131,0.099989,-0.144994,0.168247,0.104128,0.060872,0.14476,0.234947,-0.236918,0.092909,-0.076766,-0.173324,0.265454,-0.029742,0.188769,0.120485,-0.041035,0.040624,0.003756,0.292869,-0.192773,-0.026816,0.181506,#
12,0.133625,0.123735,-0.193865,-0.178585,0.251593,-0.197032,0.042673,-0.019292,0.098714,0.161374,-0.235631,-0.043146,1.0,0.215268,0.148012,0.179663,-0.144936,0.233995,0.087644,-0.089047,0.130139,0.165573,0.065044,-0.032584,-0.226215,-0.020646,0.263017,-0.041426,0.124703,-0.050337,-0.153882,0.238504,0.175163,0.013546,-0.074612,0.022432,0.275185,-0.235117,-0.144326,0.005947,-0.006924,0.158207,0.1073,0.243555,0.180604,-0.061638,0.095003,0.122715,-0.100661,-0.030223,-0.067679,-0.302221,0.155736,-0.14478,0.043573,-0.300864,-0.190745,0.338275,0.201924,-0.10186,-0.115291,-0.124262,-0.301011,0.003631,0.081609,0.265697,0.04758,0.026641,0.235029,-0.138317,-0.135353,-0.307266,-0.093636,-0.086462,0.050511,0.088595,-0.104353,-0.202379,-0.229799,-0.270933,-0.15562,-0.309711,-0.062541,-0.225965,0.036835,-0.386326,0.041293,-0.161308,-0.339888,-0.018311,-0.131658,-0.330319,-0.083097,-0.070133,-0.13844,-0.073548,-0.202823,-0.154912,-0.20178,-0.270768,0.145205,-0.098952,-0.232828,-0.288162,-0.099645,0.037843,-0.242899,-0.135212,-0.161233,-0.12384,0.151301,0.025162,-0.022521,-0.172155,-0.18641,-0.159656,-0.255495,-0.014323,-0.076807,-0.259574,-0.016253,-0.13223,-0.135697,-0.145923,-0.292904,0.054309,-0.28837,0.118782,-0.331879,-0.229887,-0.129375,-0.053807,-0.079474,0.033065,-0.226778,-0.200605,-0.047384,-0.032977,0.146767,-0.301754,-0.260551,-0.073619,-0.300578,0.049541,-0.273748,-0.089738,-0.103498,0.300486,-0.501812,0.007008,-0.005667,-0.122425,-0.020529,-0.176013,-0.224607,-0.19884,0.165755,0.285925,-0.412943,-0.288358,-0.114113,-0.176399,-0.202453,-0.035222,0.024478,0.13823,-0.177353,0.050861,-0.246406,0.021858,0.058693,0.190443,-0.139501,-0.154037,0.11318,0.042997,-0.135326,0.154899,0.265124,-0.352979,0.279164,0.127339,-0.006699,0.190309,0.105122,-0.112262,0.128616,-0.041843,-0.155674,0.251954,-0.215083,0.138024,0.287676,0.191573,0.029273,-0.008507,0.06935,-0.082514,0.105317,0.026373,#
13,0.118067,0.153849,0.134561,-0.144205,0.181267,0.250975,0.043137,0.222318,0.240218,0.278644,-0.275751,0.034096,0.215268,1.0,0.021524,-0.197531,-0.109458,0.242453,0.057116,0.009079,-0.120015,-0.065679,0.100396,-0.30758,0.056549,-0.038129,0.242917,-0.177745,-0.003213,-0.022743,-0.019743,0.324738,0.054587,-0.259545,-0.257939,0.31999,0.208289,-0.247346,-0.256425,-0.28411,0.02937,0.303776,0.095156,0.216318,0.070518,-0.327763,0.352135,0.253429,-0.106255,0.089537,-0.100411,-0.063422,-0.009286,-0.149949,-0.337462,-0.069337,0.188489,0.150819,0.094704,0.16178,-0.077574,0.203091,-0.161956,-0.032372,0.015322,0.27706,0.241745,0.253859,0.246702,0.071824,-0.024429,-0.16296,-0.048526,-0.029049,-0.032674,0.024671,-0.041643,-0.25957,-0.190361,0.091025,0.112915,-0.355225,0.015735,-0.003923,0.055359,-0.005884,-0.07837,-0.281391,-0.299806,-0.133927,-0.23373,0.016387,-0.036915,0.076268,-0.212069,-0.057372,-0.114353,-0.056888,0.002609,-0.137917,-0.028317,-0.170004,-0.091419,-0.162142,-0.201931,-0.170036,0.09307,-0.371492,0.085079,-0.297737,0.180358,0.175792,0.017253,0.064758,-0.063644,-0.090104,-0.367072,-0.197453,0.360773,-0.347293,-0.107952,0.043087,-0.065773,-0.303526,0.013761,-0.062044,-0.365317,-0.114257,-0.095291,-0.160108,-0.05985,0.294705,-0.354248,0.1125,-0.066224,-0.242476,0.053252,0.166918,0.207016,-0.066992,-0.021072,-0.329741,-0.167714,-0.284317,-0.125199,-0.120779,0.127412,0.326204,-0.300611,0.301257,-0.175606,0.163764,-0.102935,0.088729,0.188302,-0.125845,0.34068,0.450685,-0.161166,0.021881,-0.143848,-0.054527,0.074371,0.366474,0.114034,0.262588,0.060734,0.146118,-0.157759,0.084349,0.076956,0.268424,-0.096953,0.011244,0.003241,0.010606,-0.041494,0.063767,0.27728,-0.1984,0.134849,0.167259,-0.334565,-0.221594,0.186872,-0.0114,0.194566,0.102928,-0.34929,0.113781,-0.03415,-0.238408,0.251937,0.176472,-0.009553,-0.118834,-0.159317,-0.222574,0.33351,0.136951,#
14,0.351563,0.144384,-0.054747,-0.156098,0.059703,-0.094703,0.089409,0.114519,0.059967,-0.436698,0.073645,-0.022363,0.148012,0.021524,1.0,0.21558,0.217169,-0.305781,-0.078833,-0.291019,-0.286661,0.105598,0.002589,-0.054596,-0.27855,-0.120201,-0.083567,-0.143108,0.24421,-0.119539,-0.464839,0.380265,-0.064584,-0.15436,0.023296,-0.16136,0.086832,0.124437,0.083539,-0.03189,-0.05931,-0.089962,-0.200208,-0.030046,0.088898,0.245769,0.486032,-0.204653,0.060016,0.047965,-0.226563,0.131519,-0.104477,-0.170361,0.064135,0.133151,-0.043001,0.105531,-0.360709,-0.055743,0.18807,-0.007553,-0.013686,0.153753,0.225241,0.132601,-0.191478,-0.126808,0.108912,-0.248294,0.124311,-0.046562,-0.191406,-0.148731,-0.137866,0.11007,-0.231922,0.09159,-0.305411,-0.191759,-0.10458,-0.23869,-0.056539,-0.037139,-0.23858,0.049448,-0.173664,-0.302414,-0.235808,-0.349773,0.043329,-0.252601,0.157506,-0.134511,-0.111035,-0.043826,-0.148635,-0.252128,-0.317076,-0.162919,0.109014,-0.173801,-0.260206,-0.262785,-0.196336,-0.023592,-0.202178,-0.094276,0.100351,-0.066325,-0.215383,-0.132546,-0.236912,-0.002439,-0.340363,-0.145379,-0.333784,0.098313,-0.24692,-0.112782,-0.254602,-0.258013,-0.075796,0.108526,0.191108,-0.13034,-0.136115,0.041571,-0.11703,-0.384761,0.08987,-0.486565,-0.368806,-0.494529,-0.08702,-0.227535,0.035215,-0.262456,0.010457,-0.16498,-0.234849,-0.341981,-0.225351,-0.234528,-0.373395,-0.045506,-0.152342,-0.034274,-0.20375,-0.268155,0.051573,0.073789,-0.09163,-0.239862,-0.224235,-0.322502,0.112246,0.082228,-0.391278,-0.230677,-0.506228,-0.239732,0.016583,-0.467497,-0.158248,0.189348,-0.073245,0.130213,-0.11791,-0.404793,0.022677,0.233243,-0.324441,-0.034357,0.126843,-0.041811,0.066634,0.025758,-0.04146,-0.144755,-0.007738,0.442106,0.224493,0.149115,0.282447,-0.197691,0.206408,0.124075,0.31905,-0.016393,-0.285298,0.366002,0.328989,0.324256,-0.060112,-0.166172,0.194691,-0.187981,-0.141052,0.144764,#
15,0.022634,-0.113436,-0.315324,-0.020356,0.017217,-0.06785,0.232942,-0.089364,-0.041484,0.004038,0.212641,0.142632,0.179663,-0.197531,0.21558,1.0,0.064128,-0.367404,0.045467,-0.295535,-0.025682,0.066651,-0.104129,-0.202458,-0.161718,-0.050808,-0.175293,-0.007018,0.054256,-0.025355,-0.262091,0.011252,0.027239,-0.065399,0.031074,-0.03661,-0.083336,-0.072411,-0.029897,0.367793,-0.225442,-0.209123,0.116014,-0.053253,0.016516,0.341875,-0.062005,-0.315577,0.259957,-0.050418,0.206165,-0.083812,0.146432,-0.085741,0.01907,0.15322,0.080227,-0.052037,0.040676,-0.022172,-0.069796,0.119798,0.186146,0.282327,-0.185853,-0.201045,-0.25725,-0.01937,-0.178524,-0.391695,0.138752,-0.021004,-0.097302,-0.20937,0.019971,-0.064906,-0.070492,0.134164,-0.085625,-0.196659,-0.013291,0.01407,-0.072573,-0.244253,0.049817,-0.126643,0.043686,-0.02323,0.065477,0.069055,0.066333,-0.025269,0.338492,-0.333009,-0.144877,-0.134919,-0.268255,-0.080008,-0.340137,-0.051983,0.088764,0.15688,-0.123462,-0.013689,0.026784,0.098717,-0.278468,0.079651,-0.121688,0.021914,-0.48348,-0.282002,-0.143795,0.006689,-0.26233,-0.135524,-0.025058,-0.023289,-0.319375,0.03054,0.005277,-0.204138,0.124427,0.18385,0.070805,-0.06769,-0.052798,-0.060499,-0.203236,-0.168623,-0.151245,-0.292077,-0.080312,0.0728,-0.137479,-0.018444,0.177116,-0.268461,-0.135765,-0.051348,-0.157099,-0.132142,-0.010822,-0.017674,-0.335862,0.24603,-0.314086,-0.212152,-0.181599,-0.360815,-0.090882,-0.090701,-0.336156,-0.146811,-0.290766,-0.160387,-0.140993,-0.099717,-0.231762,-0.100329,-0.195891,-0.291718,-0.253413,-0.417245,-0.218186,-0.116526,-0.210098,0.269986,0.016168,-0.294542,-0.074374,-0.081542,0.046984,-0.066144,0.216613,-0.266931,-0.128361,0.077188,-0.209561,-0.118951,-0.089761,0.020173,0.527092,0.298674,0.121758,-0.155011,-0.015152,-0.212956,0.465561,-0.129684,-0.299099,0.457396,0.35951,-0.06765,0.03066,0.018755,0.272372,-0.07494,-0.157653,0.107603,#
16,0.181628,-0.117444,-0.163315,-0.094619,0.06388,0.055977,0.011637,-0.030641,0.168829,-0.31453,0.225334,0.027439,-0.144936,-0.109458,0.217169,0.064128,1.0,-0.066053,0.002194,-0.048713,-0.168158,-0.071717,0.215668,0.00213,0.096501,-0.104512,-0.323857,0.061922,-0.050364,-0.043729,-0.184059,0.05131,0.022064,-0.252655,0.058821,-0.102353,-0.093036,-0.031806,0.059238,0.123249,-0.075109,-0.166731,-0.25729,-0.333442,0.202514,0.239467,0.215195,-0.228895,0.000721,0.185644,0.146044,0.005108,0.011498,0.042011,0.115128,0.309914,-0.100279,0.077821,-0.088496,0.196162,0.184723,-0.129048,0.054828,0.239794,0.009776,0.008392,-0.202061,-0.138245,0.102283,0.012114,0.248571,0.054317,-0.201985,-0.217357,-0.339129,0.121235,-0.12735,-0.008021,-0.130767,0.015636,0.147658,-0.060745,0.000584,0.128809,-0.180789,0.147823,-0.104278,0.027514,0.023024,-0.190627,0.17065,-0.065445,-0.123401,-0.138258,-0.19187,-0.329463,0.035169,-0.16396,-0.004159,-0.269411,0.227573,0.06709,-0.370317,-0.160318,-0.071065,-0.116037,0.050407,-0.166791,-0.077799,0.113214,-0.225561,-0.139872,0.100403,-0.089976,-0.209357,-0.038571,0.037606,-0.288121,0.270469,-0.038839,-0.072152,-0.112593,-0.350814,-0.237067,0.094173,-0.246108,-0.204975,0.084855,-0.214108,-0.206489,0.030307,-0.234658,0.140321,-0.144086,-0.023579,-0.159989,-0.173057,-0.330387,-0.206177,-0.096807,-0.23853,0.021248,0.01737,0.089862,-0.316344,-0.034954,0.019716,0.042003,0.040419,-0.1811,0.079098,0.010541,-0.179446,-0.138167,-0.228113,-0.126425,0.015677,0.183239,-0.235216,-0.046237,-0.122864,0.018382,-0.067795,-0.160751,0.110597,0.102654,-0.04614,0.068895,-0.20482,0.0651,0.330513,0.038826,-0.004065,-0.058131,-0.076177,-0.255228,-0.16335,0.006051,-0.087422,-0.121937,0.008237,-0.1197,0.216371,0.076559,0.121236,-0.032584,-0.018239,-0.1501,0.096141,-0.160334,-0.196889,0.197999,0.068836,0.0996,0.110322,0.180318,0.187333,0.026817,-0.276887,0.111599,#
17,-0.024979,0.05976,0.26283,-0.02496,0.100277,-0.08172,-0.072819,-0.228893,0.237934,0.247033,-0.206606,-0.08151,0.233995,0.242453,-0.305781,-0.367404,-0.066053,1.0,0.225268,0.166182,0.181007,-0.081337,0.205896,-0.025354,0.128264,-0.106614,0.169965,-0.058464,-0.085998,0.066324,0.334227,-0.010699,0.158783,0.079235,-0.143278,0.073288,0.030675,-0.241902,-0.111502,-0.308985,-0.029814,0.129353,0.010303,0.079211,0.219583,-0.357982,0.065997,0.462089,-0.134897,-0.048447,0.121708,-0.058639,-0.000435,0.137727,-0.192074,-0.120393,0.082328,0.010956,0.101762,-0.044211,-0.040387,-0.095514,-0.115704,-0.362783,-0.089529,0.13573,0.085754,-0.00608,0.077242,0.298988,-0.015762,-0.129135,-0.342702,0.147563,0.127626,0.130917,0.039697,-0.310788,0.006628,0.117489,-0.141236,0.057854,-0.084915,0.137305,0.294957,-0.08308,-0.062631,0.129763,-0.101906,0.133298,-0.099057,-0.049239,-0.300438,0.22906,0.064403,-0.038084,0.097004,0.047649,0.058192,0.086508,-0.124414,-0.105799,-0.094251,0.080615,-0.044706,0.113003,0.103408,0.120191,0.016942,-0.108272,0.370434,0.118001,0.235851,-0.093127,0.09134,-0.058761,0.039172,-0.043465,0.435108,-0.140229,-0.059735,0.261159,-0.061997,-0.220887,-0.187733,0.28559,-0.106817,0.087019,-0.098187,0.069594,0.119409,0.261674,0.001337,0.278625,-0.054715,-0.003344,-0.001064,0.221767,0.241433,-0.064742,0.041343,0.196022,0.043118,-0.126764,0.101596,-0.128677,0.272784,0.306755,-0.179212,0.359729,-0.007083,0.011256,0.153536,-0.112697,0.123116,0.125006,0.12091,0.367543,0.069477,0.259797,0.281753,0.186486,0.048246,0.521357,0.176022,-0.029745,0.100843,-0.089626,-0.09864,0.269175,0.02982,0.063928,-0.011857,-0.06665,-0.151853,0.295615,0.090394,0.170001,0.349585,-0.18366,0.250787,-0.101011,-0.529501,-0.149029,-0.082735,0.120711,0.068978,0.162472,-0.422917,0.209278,0.205043,-0.343074,-0.098926,-0.123982,-0.145231,0.072508,-0.107398,0.054636,0.346518,-0.239482,#
18,-0.009503,-0.145735,0.100179,-0.124196,-0.009213,-0.089716,0.214835,0.025515,0.272423,-0.083428,0.170832,-0.118101,0.087644,0.057116,-0.078833,0.045467,0.002194,0.225268,1.0,-0.047262,-0.0844,0.219502,0.090276,-0.155637,-0.368249,0.016165,-0.119611,0.358292,-0.005679,-0.165224,0.12202,0.116437,0.016632,-0.095381,-0.009169,0.214136,0.056829,0.213326,0.0452,-0.088838,0.062622,-0.073053,0.000811,0.036669,-0.10113,-0.189261,0.109823,-0.063604,-0.140132,0.084349,0.081302,0.142923,0.183837,0.066257,-0.166088,-0.022106,0.058826,0.028841,0.009051,-0.101788,-0.025466,-0.167064,0.006531,-0.020936,0.104405,0.094675,0.289223,-0.156358,-0.021933,-0.096358,0.099907,-0.163679,-0.328792,0.08404,-0.018982,-0.148262,0.171009,-0.448409,-0.104073,-0.091506,-0.003497,0.07989,-0.179157,-0.091993,0.021621,-0.034855,0.084519,0.008358,0.007748,0.277663,0.069721,0.133944,-0.076043,0.055378,-0.014972,-0.091493,-0.019853,0.077405,-0.106592,-0.186389,0.01893,0.040673,-0.095469,0.112306,-0.099675,0.115098,-0.008819,-0.037973,0.256705,0.00269,-0.018297,-0.026077,0.28184,0.174481,-0.065808,-0.170572,0.064328,0.139972,0.247734,-0.082711,-0.008567,-0.077316,0.078699,-0.029595,0.030139,-0.011225,-0.070092,0.032057,0.096621,0.04109,0.224822,0.158794,0.055942,0.016771,-0.007063,-0.057689,0.167719,0.105792,-0.110804,-0.115913,0.060556,0.126139,-0.040093,0.032016,0.016698,-0.020078,-0.055641,0.066682,-0.03934,0.093725,0.196055,-0.05498,0.103092,-0.160654,0.005811,-0.104437,0.056857,0.167685,-0.045512,0.124006,0.079915,-0.065334,-0.116548,0.018125,0.443227,-0.045049,0.205015,0.000334,-0.234076,0.286409,-0.167733,0.322095,0.236251,0.047074,0.123126,0.081542,-0.020528,0.062552,-0.059274,0.075728,0.091681,0.15932,-0.067106,0.002779,-0.104922,0.185102,0.250908,-0.055583,-0.080934,-0.21291,0.095479,-0.028901,-0.015497,-0.130142,-0.035251,0.257596,0.058344,0.031858,0.223581,-0.143122,#
19,-0.141103,-0.095774,0.35836,0.160546,0.006764,-0.170547,-0.081639,-0.076869,0.136054,0.118838,0.025483,-0.106028,-0.089047,0.009079,-0.291019,-0.295535,-0.048713,0.166182,-0.047262,1.0,-0.098594,0.001411,0.002096,0.039624,-0.027188,0.139024,0.066038,0.086368,-0.091603,0.131474,0.177418,-0.045498,0.046592,0.144936,0.120228,-0.056663,-0.123729,-0.090204,-0.185889,-0.110275,-0.213993,0.027322,-0.115155,0.074265,0.142131,-0.249195,-0.117849,0.0466,-0.139772,0.127444,0.120247,0.057039,0.001876,0.25287,-0.241835,0.07028,0.09826,-0.097547,0.089918,-0.174963,-0.085378,-0.057147,-0.000135,-0.120035,-0.00784,-0.027453,0.334888,-0.043812,-0.067897,0.233021,0.018621,0.115476,0.017171,0.288572,0.010228,0.077119,0.063031,0.099031,0.044747,0.051382,0.205702,0.107605,0.048609,0.290243,0.139143,0.085093,-0.01086,-0.02383,0.174036,-0.056666,-0.109653,0.065928,0.041691,0.057718,-0.075688,0.177225,0.166052,-0.09297,0.029909,0.050285,-0.280726,-0.134627,-0.097639,0.226643,-0.021079,0.082888,0.072443,0.133903,0.048043,0.178581,0.489606,-0.113824,0.173814,0.038494,0.112049,0.198378,0.249703,-0.10533,0.255973,-0.008008,-0.032769,0.211397,0.088554,-0.101003,-0.232087,0.166747,0.033617,-0.023073,0.135029,-0.051791,0.110103,0.153274,0.018583,0.245676,0.175458,-0.067025,-0.140829,0.230658,-0.142337,0.200659,0.260007,0.150137,0.051548,-0.101945,0.052914,0.173583,0.356341,0.044178,0.119515,0.313351,-0.005241,-0.030322,0.322175,0.286995,0.174405,0.22521,-0.092982,0.028874,0.318549,0.132546,0.126421,0.049573,0.219179,0.363417,0.181224,-0.093997,0.182932,-0.025567,0.17892,0.071643,-0.055803,-0.135202,0.053787,0.218057,-0.035366,0.167552,0.15361,-0.110041,-0.114497,0.022547,0.051936,-0.102702,-0.263893,0.036976,-0.195736,0.318504,-0.195164,0.061974,-0.301312,0.075716,0.163453,-0.200109,-0.245457,-0.246317,-0.22398,-0.041077,-0.184548,0.251173,0.205101,0.048156,#
20,-0.317654,0.120988,-0.372875,-0.044243,0.093505,0.125494,0.107263,-0.069543,-0.300414,0.105262,0.051266,-0.150368,0.130139,-0.120015,-0.286661,-0.025682,-0.168158,0.181007,-0.0844,-0.098594,1.0,0.124931,0.208987,0.009585,0.030022,0.106597,0.041187,0.069047,0.072711,0.404151,0.098426,-0.212824,0.213304,-0.039746,0.091034,0.046311,-0.042404,-0.158316,0.068136,-0.00066,0.144244,0.059499,0.289138,0.081257,-0.139204,0.004905,-0.334112,0.202297,0.200357,-0.42099,-0.010265,-0.33768,0.038548,-0.065833,-0.044025,-0.175849,0.088133,-0.146507,0.311917,0.049779,-0.090363,-0.220756,-0.165417,-0.047051,-0.208178,0.152131,-0.009041,0.214462,0.146715,0.113502,-0.197106,-0.13024,0.149018,-0.01478,0.07811,0.141731,0.158313,0.000285,-0.20187,-0.068892,-0.239976,-0.083183,-0.181442,-0.116986,-0.017214,-0.180729,-0.040493,0.114099,0.021613,0.248128,-0.362865,-0.193671,-0.255526,-0.120302,0.004392,-0.042671,-0.131779,-0.099068,-0.037729,0.139117,0.057918,0.034688,-0.0458,-0.229199,0.181883,-0.164426,-0.038387,-0.120828,-0.022705,-0.148736,0.115126,0.189961,-0.271656,-0.315437,0.176426,0.009176,-0.055081,0.053314,-0.084386,-0.053996,0.087983,-0.085217,0.025042,-0.096551,-0.193323,0.146034,0.015723,0.176107,0.036453,-0.037941,-0.292384,-0.004299,-0.138546,0.053412,-0.174596,0.055406,-0.260639,-0.104447,0.055982,-0.043643,-0.190421,0.067042,-0.068607,-0.103329,-0.09574,-0.115668,-0.060589,0.245105,0.003261,-0.047143,-0.190227,-0.129916,-0.196773,-0.190119,-0.276261,-0.033259,-0.081663,0.001913,-0.060768,0.012647,0.187858,0.137463,-0.142511,0.175683,-0.238739,0.098761,-0.052555,-0.184359,-0.260721,0.265354,0.006474,-0.115792,-0.204268,-0.135012,0.144324,-0.151768,0.033139,-0.062295,-0.010182,-0.013697,0.221043,-0.193592,-0.086364,0.200924,0.186369,-0.344171,-0.120761,-0.201147,0.098692,0.129667,-0.017492,0.183598,0.102467,-0.128008,0.037227,0.275811,0.071201,-0.052893,-0.215476,-0.028144,#
