0,1.0,0.205216,-0.032583,-0.091011,0.262643,0.122758,0.027881,0.003038,0.180071,0.135562,-0.220953,0.046067,0.066148,0.207603,0.359363,-0.009884,0.04429,-0.078599,-0.020894,-0.117004,-0.215922,-0.063326,-0.211632,-0.086912,0.229902,-0.391663,0.165934,-0.231812,0.190967,0.127991,-0.343106,0.038138,-0.117334,-0.11476,-0.003551,0.171129,0.008032,-0.085776,-0.039396,0.114735,-0.015618,-0.042203,-0.346582,-0.080889,0.197753,-0.1863,0.212312,0.038042,-0.040539,0.006302,-0.116365,-0.133257,0.164222,-0.069229,0.045893,-0.045328,-0.16098,0.05648,-0.128283,0.202882,0.13968,0.408703,0.155184,-0.243908,-0.175437,-0.046962,-0.022009,0.048876,0.108734,-0.104313,0.062127,-0.136466,0.091773,-0.04172,-0.089499,0.110175,-0.160694,-0.372977,-0.095908,-0.079865,-0.031796,-0.227193,-0.057415,-0.340227,-0.090628,0.039592,-0.198441,-0.085316,-0.070872,-0.332053,-0.060614,-0.277985,0.041705,0.035654,-0.060647,-0.052284,-0.043624,-0.077045,-0.047536,-0.177535,-0.061947,-0.198286,-0.101639,0.045322,-0.013514,-0.146264,0.079368,-0.135129,0.016299,-0.424313,0.056287,-0.08901,-0.006176,-0.205336,-0.187572,-0.337934,0.010128,-0.120968,0.166358,-0.326075,0.030092,-0.088179,-0.256253,0.021874,0.129903,-0.060039,-0.040968,0.112315,-0.130499,-0.030704,0.000121,-0.212411,-0.281879,0.046902,0.004849,-0.184336,-0.02693,-0.185921,0.160046,-0.18961,-0.060062,-0.292147,0.024109,-0.436008,-0.196275,-0.178386,-0.065331,0.128907,-0.147014,-0.018465,-0.295589,0.013445,0.34007,-0.281407,0.070575,0.095306,0.112172,0.117147,-0.064975,-0.055895,-0.167123,-0.096262,0.209886,-0.022275,-0.089498,0.165873,0.077319,0.252743,-0.091227,-0.313029,0.049749,0.060308,0.079032,-0.101024,0.150428,-0.124687,-0.028456,-0.001793,0.232532,-0.27635,0.106455,0.064771,-0.083024,0.162937,0.038128,-0.140342,0.354205,-0.150001,0.0404,0.144124,-0.280637,0.003686,0.021481,0.199419,-0.196536,0.031456,-0.16396,-0.155923,0.127388,-0.070006,#
1,0.205216,1.0,-0.264198,-0.116088,0.20442,0.247304,0.091783,-0.289108,0.149006,0.103267,-0.084903,-0.026831,0.067348,0.157885,0.182958,-0.062915,-0.218985,0.127821,-0.157083,0.048218,0.166683,0.318487,0.248951,-0.061404,0.033969,-0.323499,0.2374,0.038314,0.296904,0.433646,-0.402643,-0.253363,0.078585,-0.351401,-0.115952,0.085494,0.228919,-0.51152,0.032387,0.182644,0.148968,0.189449,0.074421,0.019397,0.01516,0.181773,0.152587,0.256898,0.010326,0.025751,-0.148754,-0.396485,0.106411,-0.193448,0.002767,0.018194,-0.050609,0.313225,0.099727,0.226887,0.168591,0.030621,0.191335,0.048439,-0.084097,0.255645,-0.057644,0.3245,0.410534,0.094814,-0.298764,-0.092,0.196457,-0.140021,-0.206231,0.130941,-0.33417,-0.064926,-0.224328,-0.054031,-0.222998,-0.518324,-0.251906,-0.191634,-0.041909,-0.225743,0.082468,-0.356346,-0.032757,-0.065404,-0.223037,-0.1241,-0.141405,-0.06727,-0.253411,-0.215656,-0.32625,-0.363539,-0.153266,-0.289604,0.118312,-0.105275,-0.080275,-0.135424,0.051028,-0.15357,-0.356463,-0.3742,0.046315,-0.167361,0.02218,-0.102486,-0.361938,-0.302856,-0.043503,-0.122995,-0.191175,0.040766,0.074788,-0.261625,-0.141458,-0.279083,-0.253886,-0.259844,-0.012618,-0.096628,0.038009,0.274309,-0.118945,-0.20361,-0.096838,-0.294034,-0.170842,-0.189558,-0.274005,-0.352993,-0.211426,-0.293636,0.309918,-0.546916,-0.227938,-0.242895,-0.05626,-0.218702,0.004004,-0.176158,-0.08552,0.257684,-0.066062,0.017803,-0.37519,-0.323476,-0.202915,-0.173034,-0.107089,0.009723,-0.099986,0.31073,-0.05988,-0.309342,-0.117205,0.002073,-0.1648,0.121791,-0.107098,0.385167,-0.087314,-0.255463,-0.086332,-0.280517,-0.063756,0.019998,-0.308961,-0.112759,0.200322,-0.285443,-0.192671,-0.057626,0.437787,-0.374927,0.314653,-0.04687,-0.189108,0.250963,0.423953,-0.275313,0.045476,-0.070191,-0.13938,0.391905,-0.299915,0.412724,0.401421,0.335223,0.095194,-0.236891,0.035467,-0.188,-0.097753,0.238141,#
2,-0.032583,-0.264198,1.0,0.109811,-0.086996,-0.016415,0.196463,0.142722,0.282409,-0.042841,-0.066617,0.286161,-0.275872,0.123273,-0.195167,-0.269487,-0.235603,0.225911,0.086905,0.146334,-0.295546,-0.153227,-0.122454,0.053296,0.180988,0.048726,-0.065532,-0.054882,0.203131,-0.176726,0.100242,0.277321,-0.289433,0.109593,-0.193445,-0.003675,-0.081595,0.034134,-0.044639,-0.310798,-0.199742,0.112603,-0.02503,0.010427,-0.093074,-0.117682,0.124607,-0.013318,-0.233342,0.34384,-0.065531,0.215059,-0.005883,0.150064,-0.23988,-0.098135,0.027341,-0.158063,-0.380374,-0.202043,0.287947,0.080625,-0.028171,-0.064204,-0.06923,-0.049819,0.12936,-0.05044,-0.098499,0.15694,0.281283,0.043616,0.042056,0.162089,-0.022713,0.043437,0.004663,-0.098927,-0.016664,-0.091744,0.134629,0.090173,0.00654,0.244006,0.120518,0.234046,-0.113138,0.044228,-0.007713,-0.069439,0.165635,0.164412,0.102969,0.22248,-0.013269,0.05291,0.238228,-0.050183,0.247379,0.099891,-0.25977,-0.152192,-0.043579,0.171242,0.042729,0.116575,0.304305,0.213664,-0.092049,-0.027235,0.089446,0.144222,0.111098,0.305279,0.10286,0.109225,-0.27988,0.006195,0.096082,0.208286,0.004291,0.323614,0.176151,-0.100275,-0.161257,0.248429,0.051323,-0.339476,-0.310365,0.046879,0.270856,0.161686,-0.022246,0.17657,0.041227,0.13245,0.127872,0.310464,-0.044871,0.083126,0.359632,0.071405,-0.05334,-0.106919,0.15783,-0.007299,0.219701,-0.015763,-0.09295,0.110102,0.279657,0.194586,0.291618,0.39514,0.246484,0.012334,0.109524,0.077049,0.311584,0.111318,0.023888,-0.030699,0.416476,0.168892,0.212437,-0.156894,-0.046622,-0.091659,0.223346,-0.007219,-0.026251,0.171548,0.118396,0.045655,-0.059263,0.184453,0.154181,0.288368,-0.107143,-0.165634,-0.05754,-0.017804,0.162578,-0.146404,-0.158345,0.295127,0.083688,0.126239,-0.257529,0.068053,0.086252,-0.297926,-0.129507,-0.013578,-0.20916,-0.048936,-0.015703,-0.15204,0.120972,0.026478,#
3,-0.091011,-0.116088,0.109811,1.0,0.002934,-0.180704,0.07418,0.16531,-0.257201,0.177225,-0.068246,-0.038552,0.025331,-0.203432,-0.063317,0.17181,-0.084198,-0.114519,-0.296429,0.177807,-0.078811,-0.075406,-0.281512,-0.000937,0.127625,0.069196,-0.289894,-0.152004,-0.036425,-0.143298,0.167493,-0.123623,0.05331,0.315824,0.079201,-0.124344,0.023321,0.171987,-0.104247,0.004931,-0.105954,0.021308,-0.021986,-0.12655,0.259412,0.158373,-0.353017,-0.358278,0.122498,0.103775,0.132269,0.059242,0.107752,0.106326,-0.073938,-0.074313,-0.00324,0.05873,-0.112215,-0.248503,-0.103796,0.126938,0.174352,0.179349,-0.10479,-0.242648,-0.150534,-0.232051,-0.314468,-0.0137,-0.081358,-0.02341,0.195446,0.100972,-0.095227,-0.007758,0.039156,0.402814,0.305496,-0.080859,0.192664,0.198936,0.069705,-0.012103,0.030978,0.036951,0.143659,-0.121248,0.146766,-0.085046,0.015517,0.064943,0.329072,-0.066222,-0.015165,-0.173991,-0.171567,0.027961,0.070856,0.298358,-0.084807,0.000255,0.324911,0.211126,0.101726,0.07647,-0.026833,0.072177,-0.232863,-0.134434,-0.229177,-0.142657,0.077897,0.20142,-0.146505,0.422404,0.278282,-0.049894,-0.206129,0.141399,0.122921,0.140481,-0.057981,0.314574,-0.008162,0.16367,-0.051131,-0.085379,-0.007229,0.27908,-0.137253,0.029968,0.150962,0.386336,0.054074,0.346084,0.147248,0.058698,-0.275083,0.116079,0.017858,0.059263,0.160754,0.11835,0.165005,0.248848,-0.130494,-0.104361,0.131899,-0.158771,-0.081334,-0.04676,-0.006534,0.249566,0.162466,0.226112,-0.237043,-0.052763,0.155711,0.090752,0.191163,0.114086,0.070227,-0.014603,-0.065378,-0.236,-0.084311,-0.17838,0.347756,0.136307,-0.002207,-0.19412,0.079136,0.077961,-0.21938,0.132254,-0.016477,-0.023038,-0.335474,-0.216085,-0.132739,-0.271773,0.23814,-0.014048,-0.224876,0.008875,-0.335453,0.084106,0.1451,-0.2615,-0.082037,-0.036601,-0.277204,-0.045882,0.010136,0.086764,-0.039627,0.154829,-0.001019,0.151424,#
4,0.262643,0.20442,-0.086996,0.002934,1.0,0.046266,0.117393,0.002609,0.126387,0.075695,-0.144082,0.092255,0.139411,0.074102,0.09302,0.095071,0.221311,0.019782,0.044662,0.131359,0.274231,-0.188588,0.304922,-0.029238,-0.21451,-0.274523,0.166458,-0.032032,0.267723,0.150425,-0.272613,0.085261,-0.107647,-0.088953,-0.019503,0.133562,0.140708,-0.41636,-0.164209,-0.015466,0.030729,0.154998,-0.163664,-0.262155,0.18554,-0.048527,0.119326,0.255233,0.169127,-0.056571,0.060995,-0.394969,0.252793,-0.337511,-0.041019,-0.084477,-0.106847,-0.038118,0.230811,0.12256,-0.072778,0.253998,-0.063887,-0.102438,-0.205056,0.15291,0.09397,0.069983,0.241844,-0.031774,0.077883,-0.280162,0.037831,-0.2394,-0.216321,0.202424,-0.229409,-0.21605,-0.284475,-0.150684,-0.229799,-0.243606,-0.281555,0.210581,-0.337604,-0.079433,-0.351445,-0.151986,0.103025,-0.175873,-0.387085,-0.348064,-0.018013,-0.406108,-0.294084,-0.2733,-0.429517,-0.356794,-0.34938,-0.178047,-0.115586,-0.258148,-0.269921,0.054467,-0.165255,-0.273116,-0.018301,-0.24931,-0.057928,-0.153614,0.209108,0.131234,-0.098765,-0.391127,-0.263135,0.029759,-0.002741,-0.331584,0.130429,-0.235593,-0.044647,-0.192219,-0.353702,-0.436093,0.040682,0.099753,-0.07123,0.241014,0.038576,-0.45209,-0.168966,0.040708,-0.16277,0.057152,-0.329865,-0.167366,-0.199736,-0.359582,0.047472,-0.239462,-0.234486,-0.202411,-0.198009,-0.185799,-0.33788,0.002601,-0.002666,0.191449,-0.364703,-0.222179,-0.388314,-0.062222,0.141543,-0.433419,-0.020753,-0.235037,0.007058,0.376129,-0.270378,-0.269085,-0.039049,-0.168541,-0.024783,-0.040692,-0.159101,0.190331,0.110589,0.090129,-0.167759,-0.034272,-0.024122,0.346057,-0.369034,-0.140883,0.073012,-0.147815,-0.165992,0.200663,0.259804,-0.25446,0.309065,-0.026309,0.08425,0.057782,0.115732,-0.12456,0.079231,-0.02704,-0.056863,0.057565,-0.194085,0.227039,0.248111,0.204359,-0.247217,0.146205,0.390106,-0.089786,-0.072377,0.073142,#
5,0.122758,0.247304,-0.016415,-0.180704,0.046266,1.0,0.179516,0.08997,0.355311,0.033933,0.172417,0.155514,-0.04782,0.193874,-0.028948,0.001675,0.025113,-0.031576,0.027084,-0.121862,0.031848,0.252493,0.300865,-0.237559,0.172511,-0.340335,0.212582,-0.067708,0.034159,0.273354,-0.269885,0.085988,-0.107221,-0.149429,-0.222019,0.252179,0.082737,-0.160127,0.250666,-0.084287,0.120266,0.070611,0.148441,-0.136152,-0.200081,0.008884,0.251865,0.123074,0.107097,0.003586,0.069504,-0.020322,0.016528,-0.167749,0.234314,0.169666,-0.432278,0.347077,-0.201626,0.241142,0.0845,-0.042793,-0.023514,0.007285,-0.087343,0.046945,0.008125,0.287223,0.168837,0.019318,-0.139402,-0.139091,0.094797,-0.283805,-0.230034,0.234847,-0.210053,-0.07125,-0.071698,-0.197288,-0.283027,-0.338987,0.013088,0.102603,-0.251161,0.025428,-0.149492,-0.086816,-0.093094,-0.199071,0.061314,-0.24,0.06855,-0.127663,-0.140318,-0.137573,0.003766,-0.106313,-0.044568,-0.390254,0.166058,-0.120384,0.104466,-0.240265,-0.143251,-0.285161,0.032292,-0.257513,0.022459,0.0583,-0.053173,-0.136477,-0.179682,-0.28428,0.003484,-0.334912,-0.129108,-0.206317,0.159105,-0.095706,-0.112856,-0.177947,-0.184478,-0.229002,0.049843,-0.055117,0.207843,0.27995,-0.291836,-0.16467,-0.120397,0.065034,-0.134065,-0.256993,-0.084549,-0.055511,0.005938,-0.158467,0.161332,-0.44644,-0.245202,-0.170925,-0.235963,-0.206272,-0.065666,-0.296646,0.000571,0.203236,-0.209675,-0.133386,-0.052038,-0.087687,0.07811,-0.18872,-0.153119,-0.137378,0.19352,0.071445,-0.136847,-0.057595,-0.134912,0.033279,-0.082231,0.034929,0.129336,0.144377,-0.099249,-0.156802,-0.185386,-0.180464,0.230456,0.092152,0.023562,-0.170287,0.300387,-0.277235,-0.240416,0.301724,0.295618,-0.175095,0.176879,0.115885,-0.102921,0.309584,0.124945,-0.096139,0.058814,0.014385,-0.162057,0.379298,-0.173268,0.170493,0.152397,0.298536,0.069662,0.182446,0.127788,-0.280098,-0.136962,0.071885,#
6,0.027881,0.091783,0.196463,0.07418,0.117393,0.179516,1.0,0.069482,0.133562,0.184898,0.172705,0.047927,0.077193,0.081283,0.100573,0.129761,-0.067901,0.085342,0.170293,-0.079844,0.166269,0.079304,0.100117,-0.208775,-0.013018,-0.116757,0.165736,-0.095736,0.306743,0.078799,-0.230736,0.095959,0.051166,-0.227641,-0.059544,0.067579,0.13777,-0.115174,-0.083714,-0.033253,-0.217655,0.2271,0.061372,-0.173977,0.015795,-0.14135,0.070021,0.042957,0.082458,0.1915,0.022646,-0.217136,-0.096283,-0.032424,-0.195086,-0.094773,0.071021,-0.060674,-0.232447,0.149622,-0.099047,0.168843,-0.153219,0.005218,-0.216618,-0.135034,0.168861,0.053119,0.081596,0.051849,0.061282,-0.236506,0.101792,0.032594,-0.123516,0.187998,-0.116027,-0.294269,-0.389982,-0.101927,-0.12181,-0.178599,-0.077645,-0.036586,-0.216549,0.055302,-0.120391,-0.081788,-0.000548,-0.105559,-0.070032,-0.147762,0.09103,-0.019023,0.091701,-0.057739,-0.228331,-0.186526,-0.289963,-0.132628,0.02843,-0.377324,-0.136508,-0.046605,-0.052815,-0.089562,0.110429,-0.152625,-0.063792,-0.062496,-0.050765,-0.136297,-0.233424,-0.03119,-0.143234,-0.070602,-0.212456,-0.249264,0.007938,-0.068477,-0.110834,-0.06602,-0.068977,-0.235075,-0.309707,0.292744,-0.115671,0.241786,-0.15969,-0.149042,0.02718,-0.003899,-0.037391,0.086162,-0.061108,-0.058857,0.010739,-0.234608,-0.061571,-0.170966,0.049342,-0.042901,0.018636,-0.094305,-0.257972,-0.257188,0.035969,0.273719,-0.08053,0.166965,-0.107932,-0.063158,0.081896,-0.068632,0.215445,-0.032146,-0.008302,0.261989,-0.195738,-0.136307,-0.030351,-0.094296,-0.06802,0.144064,0.057329,0.050749,-0.19291,-0.135246,-0.075212,-0.086516,0.045827,-0.017531,-0.154177,-0.211085,0.048967,0.078567,-0.253449,0.39628,0.196092,-0.255082,0.007604,0.091359,0.270685,0.239341,0.001935,0.055156,0.066216,-0.141829,-0.057121,-0.027084,-0.156471,0.261778,0.239018,0.306092,0.152024,0.25495,-0.047814,-0.142286,-0.070457,-0.086568,#
7,0.003038,-0.289108,0.142722,0.16531,0.002609,0.08997,0.069482,1.0,-0.192329,-0.264416,0.016819,-0.271371,0.123276,0.030941,0.18581,-0.052119,-0.088675,-0.226669,0.003455,-0.058885,-0.113292,0.341595,-0.064226,0.037999,0.054279,0.048502,-0.02042,0.006105,-0.013493,-0.238645,0.084944,0.277981,0.267475,-0.055598,0.06149,0.083804,-0.00146,0.331017,-0.013421,-0.305818,0.136432,0.145613,0.176874,0.024018,-0.077114,-0.098631,0.123758,0.046104,0.010496,-0.244888,-0.196969,0.148973,-0.173793,-0.306311,0.017028,-0.081185,-0.206497,0.039912,-0.082363,-0.183424,-0.155671,-0.100339,-0.27114,0.066178,0.044428,0.16625,0.090053,-0.027918,-0.131409,-0.064965,-0.147731,-0.177739,0.063198,-0.191797,0.109178,-0.184405,0.267176,0.011157,-0.135491,-0.224556,-0.079754,-0.100721,0.014718,-0.151664,-0.077813,0.154978,-0.073653,0.003443,-0.049313,-0.109782,0.185505,-0.031697,-0.027211,-0.28907,-0.052571,0.205111,-0.008566,0.248899,0.012955,-0.121706,0.015394,-0.189577,0.287502,-0.238759,0.048972,-0.042359,0.290531,-0.086978,0.010052,-0.025458,0.112221,-0.057571,0.158602,0.040543,0.043618,0.196681,-0.003198,0.012101,-0.262752,0.255851,0.136103,-0.188808,-0.03786,0.058333,-0.036757,0.058235,-0.190852,-0.045258,0.099973,0.165761,0.002072,-0.01363,-0.074836,-0.142018,0.14032,0.254057,0.109657,0.091551,0.06656,-0.002856,0.008961,-0.034643,-0.039748,-0.076231,0.05682,0.028915,-0.153092,-0.236792,-0.172386,-0.21356,0.04131,0.301758,0.129579,0.253974,0.055488,-0.080379,0.262783,-0.256816,-0.102203,-0.032655,0.104811,0.017342,-0.087891,-0.017005,-0.111782,0.019365,0.000394,-0.025354,-0.003709,0.08895,-0.17932,0.249142,0.156406,0.082958,-0.049838,0.146493,-0.027519,-0.085438,-0.314242,0.050432,-0.083983,0.024816,0.142859,-0.001538,-0.211891,-0.280586,-0.123655,0.021002,0.157527,-0.245874,0.070155,-0.098681,-0.103275,-0.08557,0.029652,-0.017264,0.11171,0.05379,0.078575,-0.105865,#
8,0.180071,0.149006,0.282409,-0.257201,0.126387,0.355311,0.133562,-0.192329,1.0,0.14539,0.051843,0.249732,-0.059087,0.349904,-0.251136,-0.1429,-0.029388,0.373933,0.348999,0.236487,-0.122718,-0.222332,0.181994,-0.257412,0.006655,-0.270496,0.183619,0.139946,0.211136,0.236399,-0.144692,0.137641,-0.118249,-0.152355,-0.14907,0.228173,0.26967,-0.395256,0.010545,-0.134385,-0.044836,0.239156,-0.192534,-0.03244,0.093967,-0.222935,0.33589,0.202829,-0.087715,0.223411,0.077446,-0.033181,0.021601,0.11549,-0.182463,0.236898,-0.079107,0.038493,-0.109018,0.235361,-0.140864,0.183383,-0.052557,-0.158783,-0.152242,0.091745,0.384361,0.195645,0.190268,0.147776,0.197682,0.042137,-0.103919,0.02506,-0.272366,0.133846,0.017528,-0.349769,-0.103989,0.06094,-0.16469,-0.152051,-0.034567,0.287882,0.076165,0.077689,-0.164106,-0.144781,-0.003408,-0.090879,-0.036329,-0.004773,-0.175761,0.244755,-0.152019,-0.060042,0.144664,-0.26226,-0.029676,-0.206433,-0.220439,-0.137725,-0.163576,0.105776,-0.173924,-0.00147,0.107736,0.005548,0.094862,-0.018576,0.155986,-0.107027,0.123423,0.0152,-0.020053,-0.416231,0.016119,-0.090766,0.448299,-0.232273,0.00676,0.03233,-0.038912,-0.396879,-0.091453,0.113717,-0.008098,0.150874,-0.32277,-0.144391,0.189972,0.318536,-0.226985,0.040901,-0.166887,-0.197723,0.067088,0.160065,0.285252,-0.153613,0.204334,-0.028054,-0.168924,-0.17367,-0.061844,-0.464453,0.312059,0.369188,0.037205,0.201326,0.109567,-0.130917,0.221384,-0.178989,0.104866,-0.115446,0.114249,0.250767,-0.033942,0.100164,-0.170419,-0.158709,0.062813,0.416786,0.280053,-0.189107,-0.101524,-0.071595,-0.104801,-0.037922,-0.036908,0.122854,0.248903,-0.093165,0.059423,-0.180021,-0.112065,0.210095,0.273228,-0.132311,0.250768,0.130739,-0.343174,-0.030987,0.001622,0.300715,0.226272,0.044256,-0.545994,0.240754,-0.020685,-0.082941,0.035064,0.105526,-0.222124,0.07069,-0.060103,-0.164674,0.082233,0.073131,#
9,0.135562,0.103267,-0.042841,0.177225,0.075695,0.033933,0.184898,-0.264416,0.14539,1.0,-0.033902,0.206366,0.324888,0.295594,-0.165973,0.272136,-0.166651,0.063479,-0.070136,0.023146,-0.019918,-0.134456,0.014905,-0.141349,0.087303,-0.159835,-0.012141,-0.454473,-0.014776,-0.004065,-0.046765,0.001432,-0.106503,0.223213,0.092016,0.185903,0.067893,-0.293831,-0.101529,0.089015,-0.115348,0.169313,0.073497,-0.09696,0.124255,-0.079254,-0.029151,-0.100515,-0.142863,0.169071,0.185574,-0.15106,0.123366,0.098727,-0.122467,-0.034658,-0.123404,0.085822,0.033552,0.080027,0.034383,0.176031,0.10632,0.022981,-0.297787,-0.035779,0.171468,0.027068,-0.001595,-0.113179,0.041698,-0.313418,-0.04509,0.01551,-0.076172,-0.091511,0.013259,0.061137,0.000246,0.093376,-0.072306,0.040795,0.054224,-0.092334,0.02366,-0.262111,0.089048,-0.049274,-0.091553,0.164249,-0.288703,-0.115923,0.290783,0.014309,-0.063434,0.0637,-0.197654,-0.036901,-0.200935,0.111228,-0.149462,0.063871,0.030879,0.27414,0.047913,0.034779,-0.132298,0.000593,-0.106697,-0.060321,-0.184032,-0.131345,-0.110166,0.099004,-0.035697,-0.050717,-0.132175,-0.199915,0.211082,-0.21568,0.013577,0.295561,-0.097393,-0.100922,-0.170037,0.235922,-0.167522,0.02457,0.055254,0.138137,-0.118389,0.359927,-0.059112,0.351166,-0.043039,0.064474,-0.131716,-0.169221,0.090379,-0.100182,0.091827,-0.163414,0.052716,0.061945,0.012298,0.133663,0.028202,0.163277,-0.207535,0.192965,-0.22201,-0.045003,-0.191409,-0.037296,0.258475,0.097908,0.068037,0.308051,0.016251,-0.12027,-0.011775,0.041434,-0.121216,0.231715,0.112115,-0.070624,0.148602,0.167966,0.031158,0.097489,0.153556,-0.06094,0.15217,-0.162117,0.117636,-0.015582,-0.29924,0.081506,0.07596,-0.160816,0.034567,0.068797,-0.110016,0.017614,-0.119035,0.028132,0.048078,0.031961,-0.060799,0.145591,-0.138871,-0.059052,-0.00231,0.127072,0.068084,-0.0261,-0.030465,-0.014803,0.10518,0.024599,#
10,-0.220953,-0.084903,-0.066617,-0.068246,-0.144082,0.172417,0.172705,0.016819,0.051843,-0.033902,1.0,0.11986,-0.177818,-0.177629,-0.112676,0.113665,0.443554,-0.159554,0.081976,-0.060066,0.135212,0.113453,-0.015845,0.168874,-0.003117,0.077609,-0.14409,0.105741,0.064555,0.105918,0.009898,0.05732,-0.303411,-0.179323,0.390334,0.000157,0.119349,-0.108448,0.212824,0.180626,-0.328342,-0.03798,0.040126,-0.161176,-0.105245,0.141981,-0.260082,-0.300285,0.111881,-0.152747,0.227335,-0.049424,-0.224138,0.05926,0.097464,0.000944,-0.172241,-0.10068,-0.099239,-0.08177,-0.040771,-0.080141,0.020418,0.133105,0.216725,-0.188108,-0.014637,-0.087831,-0.140325,-0.111316,-0.069983,0.220237,0.180171,-0.115746,-0.033316,0.238064,-0.200538,-0.02551,-0.107917,-0.174391,-0.115149,0.002298,-0.175507,0.254765,-0.196926,-0.068898,-0.119792,-0.004663,-0.254282,-0.123576,0.087725,-0.189639,-0.137123,-0.037542,-0.08593,-0.038708,-0.224883,-0.088149,-0.235355,0.047428,0.155522,-0.062876,-0.308659,-0.122782,0.048015,-0.091546,-0.051728,0.169072,-0.307414,0.537606,-0.252794,-0.153384,-0.175218,0.017102,-0.116114,-0.006582,-0.060058,-0.0569,-0.085742,0.273389,-0.389772,0.023761,-0.285965,0.058218,-0.077144,-0.151292,-0.019985,-0.046005,-0.020731,-0.067299,0.150607,-0.085291,-0.04198,-0.025587,0.09126,0.10425,-0.017165,-0.187307,-0.175314,-0.097218,-0.119468,0.207821,0.006713,-0.031588,-0.050861,-0.043136,0.046895,-0.089711,0.062953,-0.179893,0.075546,-0.052509,-0.288859,-0.097283,-0.153289,-0.310997,-0.106944,-0.080057,-0.045859,0.015266,0.111157,-0.059607,-0.22933,-0.082369,-0.196592,-0.128682,-0.25437,-0.019383,-0.002385,-0.01021,0.209995,-0.231663,-0.154113,-0.159058,0.139934,-0.355327,-0.39688,0.296327,0.036918,0.219161,0.078052,0.04625,0.113654,0.176417,0.05551,0.016199,-0.265127,-0.056794,0.335353,-0.018732,-0.156948,0.245429,-0.017685,-0.010602,0.069465,0.066832,0.223965,-0.260152,-0.176855,0.005702,#
11,0.046067,-0.026831,0.286161,-0.038552,0.092255,0.155514,0.047927,-0.271371,0.249732,0.206366,0.11986,1.0,-0.086996,0.166673,-0.105537,0.043529,0.102731,-0.020445,-0.026291,-0.168347,-0.1412,-0.118724,-0.075572,-0.013768,0.142816,-0.006111,-0.107804,-0.155765,0.245655,0.137792,-0.237195,0.135284,-0.474284,0.010497,-0.206746,0.284109,-0.092655,-0.106637,0.091741,0.247883,-0.030813,0.032899,-0.10544,-0.063082,0.141602,0.14846,-0.019928,-0.10637,0.135937,0.220296,0.097359,-0.101007,-0.044042,0.052462,-0.018072,-0.025583,-0.219038,-0.125138,-0.106665,-0.084111,-0.165577,0.143923,0.255365,-0.127711,0.041522,-0.18675,0.032171,-0.025978,0.121252,-0.090022,0.230225,-0.195852,-0.048313,-0.004877,-0.11837,0.266039,-0.316857,-0.106384,0.05157,-0.169119,0.002189,-0.063728,0.083242,0.15184,0.075843,0.043744,-0.102248,-0.170941,-0.145881,-0.197293,-0.039832,-0.02826,0.074874,0.012749,-0.039788,-0.074681,-0.101654,-0.156368,0.032268,-0.153641,-0.184388,0.07607,-0.112407,0.067578,-0.085046,-0.03927,-0.008174,-0.132621,-0.126355,-0.142911,-0.25463,0.107576,-0.251211,0.049391,-0.098633,-0.013899,-0.079485,-0.190278,0.066555,-0.031861,-0.005563,0.038179,-0.129821,-0.150427,0.229677,0.122616,-0.104482,-0.249252,-0.265287,-0.139942,0.062691,-0.023737,0.103611,0.187201,-0.082195,0.025333,0.037423,0.048178,0.100352,-0.094943,0.169056,0.154147,-0.00799,-0.045231,-0.182853,-0.204972,0.296709,0.018975,-0.054973,-0.155639,-0.048424,-0.016043,0.129117,-0.093454,-0.119015,-0.087105,0.166107,-0.034334,0.070983,0.187555,0.135263,0.099,0.03448,-0.015175,-0.041811,-0.145508,-0.061277,-0.107193,0.191067,0.069717,0.067316,-0.193814,-0.046195,-0.32129,0.06817,-0.08515,-0.203244,0.043889,0.126587,-0.152759,-0.101389,0.025592,0.164984,0.03539,0.160943,0.059581,0.156075,-0.060407,-0.121135,0.098219,-0.148537,0.167167,0.070965,0.056082,0.151903,0.095495,0.089723,-0.231055,-0.029408,0.13707,#
12,0.066148,0.067348,-0.275872,0.025331,0.139411,-0.04782,0.077193,0.123276,-0.059087,0.324888,-0.177818,-0.086996,1.0,0.234369,0.197735,0.246591,-0.246464,0.090222,0.042951,-0.004012,0.289223,0.120767,0.060592,-0.125962,-0.149271,-0.097881,0.259581,-0.036591,-0.0815,0.005267,-0.087332,0.284371,0.188954,0.004205,-0.038561,-0.057399,0.083612,-0.19791,-0.119079,0.040299,-0.038521,0.312554,0.05969,0.295246,0.271808,-0.28447,-0.024904,0.193974,-0.113976,-0.258425,0.086164,-0.088908,0.078489,-0.230648,-0.116729,-0.192378,-0.24574,0.217828,0.082474,0.017183,-0.351887,0.064334,-0.4118,-0.011416,0.026868,0.23849,0.076782,0.144777,0.224141,-0.224961,-0.065733,-0.20268,-0.114512,0.050633,0.031658,0.081432,-0.038412,-0.17962,-0.209293,-0.209267,-0.287645,-0.282308,0.087253,-0.077492,-0.051062,-0.236369,0.056508,-0.075724,-0.359379,-0.016642,-0.171866,-0.408381,-0.116326,-0.117491,-0.083144,0.159966,-0.089284,-0.127965,-0.250558,-0.166203,0.056937,-0.17529,0.032834,-0.177813,0.043057,-0.039812,-0.133803,-0.171042,-0.208073,-0.202659,0.220781,-0.111081,-0.088381,-0.132496,-0.131734,-0.108328,0.126993,-0.013839,-0.140743,-0.265287,-0.020681,-0.145917,-0.213561,-0.207172,-0.275543,0.221473,-0.285412,0.071613,-0.01346,-0.175351,-0.306248,0.028821,-0.107135,0.035938,-0.211282,-0.045337,-0.080515,-0.056029,0.127985,-0.047876,-0.178842,0.016295,-0.2138,-0.216008,-0.174934,-0.005308,-0.063136,0.266199,-0.407055,0.071103,-0.061727,-0.090433,-0.124316,-0.236383,-0.295398,-0.071571,0.224409,0.096423,-0.26596,-0.118303,-0.07756,-0.060082,-0.060278,0.121598,-0.090403,0.110387,-0.031158,0.034936,-0.069211,0.022909,0.010886,0.145037,0.014456,-0.074713,0.198058,-0.073043,-0.247115,-0.0842,0.164911,-0.086671,0.243568,0.081899,-0.122092,0.133893,0.088472,-0.185002,0.047884,-0.015335,-0.04189,0.148237,-0.079752,0.064869,0.149216,0.120782,-0.089442,0.063167,-0.012471,0.069432,0.139072,0.033075,#
13,0.207603,0.157885,0.123273,-0.203432,0.074102,0.193874,0.081283,0.030941,0.349904,0.295594,-0.177629,0.166673,0.234369,1.0,0.193653,0.041619,-0.137924,0.20724,-0.026464,0.050681,-0.247865,-0.086405,0.092956,-0.264026,-0.003492,-0.091935,0.289277,-0.297758,0.109311,-0.001941,-0.261102,0.215392,-0.16302,-0.066363,-0.259543,0.248796,0.154226,-0.109093,-0.037472,-0.244414,-0.060298,0.318409,-0.126336,0.070174,0.081748,-0.3554,0.415242,0.118477,-0.137369,0.12618,0.007512,-0.052617,0.044,-0.05736,-0.478506,0.128154,0.053401,0.189669,0.190688,0.349732,-0.101938,0.173076,-0.123694,-0.203162,-0.091569,0.210764,0.26154,0.473031,0.258579,0.004291,0.0268,-0.136724,-0.096311,0.047862,-0.006737,0.156073,-0.120264,-0.117385,-0.319589,0.134905,0.122848,-0.222939,0.072708,0.012816,0.043837,0.031705,-0.051044,-0.291154,-0.274482,-0.061388,-0.243195,-0.095898,0.003752,0.153338,-0.257593,0.089091,0.041908,-0.002652,0.006237,-0.197911,-0.104944,-0.148443,-0.058568,-0.018032,0.04478,-0.250332,0.028957,-0.220365,0.044516,-0.200018,0.198795,0.138085,-0.145311,0.211109,0.115294,-0.218994,-0.299918,-0.065194,0.189355,-0.355303,-0.004221,-0.070524,-0.0168,-0.261254,0.091549,-0.003421,-0.213912,0.070518,-0.135532,-0.150143,-0.090258,0.33115,-0.444608,-0.165749,0.003916,-0.136255,-0.019458,0.157104,0.266027,-0.098216,0.081355,-0.29841,-0.242684,-0.119972,-0.018889,-0.224849,-0.022407,0.298114,-0.300512,0.369343,-0.167821,0.071944,0.060753,-0.039934,0.120505,-0.117008,0.438705,0.331422,-0.025473,0.029714,-0.238568,-0.021748,0.15764,0.491628,0.205172,0.301106,0.019394,0.061713,-0.060009,-0.091517,0.06481,0.09062,-0.068179,0.012055,0.002383,-0.002094,-0.067212,-0.092387,0.205894,-0.111158,0.3502,0.21681,-0.25856,-0.142631,0.082298,-0.104034,0.154892,0.110197,-0.423741,0.253966,0.025648,-0.144963,0.278146,0.220849,0.044678,-0.178985,-0.273935,-0.168584,0.190141,0.128888,#
14,0.359363,0.182958,-0.195167,-0.063317,0.09302,-0.028948,0.100573,0.18581,-0.251136,-0.165973,-0.112676,-0.105537,0.197735,0.193653,1.0,0.16431,0.091562,-0.293157,-0.116587,-0.212394,-0.18076,0.079201,0.054937,-0.316782,-0.196432,-0.110034,0.14745,-0.163921,0.123076,0.078805,-0.400508,0.183878,-0.090605,-0.165464,-0.010547,-0.079998,-0.089889,0.139965,-0.007615,-0.026154,-0.080547,-0.047814,-0.24447,0.043968,0.234931,-0.088054,0.401043,-0.123361,0.114551,-0.0265,-0.318042,0.042684,-0.149098,-0.416601,-0.116797,0.189568,-0.089521,0.00898,-0.084695,0.091836,-0.058219,0.234019,0.031798,-0.023249,0.097754,0.114055,-0.173278,0.053289,0.128715,-0.322683,0.110428,-0.002023,-0.195804,-0.031472,0.159798,0.110965,-0.261638,-0.053801,-0.366365,0.063899,-0.022531,-0.311132,-0.140813,-0.131736,-0.208673,0.057839,-0.157605,-0.140048,-0.047767,-0.192568,-0.012762,-0.185537,-0.131625,0.041639,-0.052723,-0.026698,-0.065607,-0.129763,-0.201175,-0.17492,0.051122,-0.337841,0.137652,-0.175016,-0.207751,-0.148091,-0.059282,-0.236572,0.225964,-0.222303,0.040723,-0.083962,-0.280896,-0.027823,-0.388556,-0.035912,0.010046,0.189497,-0.098567,-0.179594,-0.234118,-0.273378,-0.182151,0.135591,0.133638,-0.001022,-0.222132,0.142339,0.061932,-0.214795,-0.125533,-0.384317,-0.336681,-0.304981,-0.125584,-0.162299,0.0085,-0.186672,-0.069752,-0.125634,-0.16539,-0.281671,0.00871,-0.267781,-0.23651,0.008884,0.000932,-0.029858,-0.099041,-0.096453,-0.185755,-0.007744,-0.04892,-0.084148,-0.166404,-0.096453,0.228652,-0.101267,-0.276671,-5.9e-05,-0.450112,-0.065382,0.05091,-0.229761,-0.077243,0.268139,-0.012262,0.0285,-0.0999,-0.384541,0.020119,0.052808,-0.224394,-0.017245,0.201729,0.115088,0.066548,-0.164586,0.110664,0.030232,0.018716,0.198493,0.127154,0.067036,0.240834,-0.320991,0.321894,-0.019404,0.130073,-0.142763,-0.208681,0.202825,0.228455,0.231624,0.031975,-0.140145,-0.032791,0.014161,-0.112889,0.27481,#
15,-0.009884,-0.062915,-0.269487,0.17181,0.095071,0.001675,0.129761,-0.052119,-0.1429,0.272136,0.113665,0.043529,0.246591,0.041619,0.16431,1.0,0.135399,-0.268619,-0.050422,-0.347779,0.006555,-0.163002,-0.006277,-0.310514,-0.102795,-0.199645,-0.109246,-0.172837,-0.032063,0.072673,-0.263137,0.088843,-0.111677,-0.046813,-0.010164,-0.053659,-0.037727,-0.107283,0.227022,0.318347,-0.280437,-0.101637,0.09236,-0.008805,0.0321,0.136785,-0.029812,-0.339501,0.077152,-0.012077,0.344542,-0.131276,0.202852,-0.124476,-0.042991,0.268267,-0.026939,0.017408,-0.008197,0.18674,-0.164461,0.261873,-0.028039,0.1206,-0.226378,-0.166339,-0.244531,0.211459,-0.112832,-0.411092,0.246507,-0.081994,-0.169472,-0.050205,0.001687,0.058081,-0.147517,-0.013613,-0.170519,-0.105789,0.058256,-0.037066,0.171627,0.052067,-0.001698,-0.137413,0.021241,0.119878,-0.132663,0.029408,0.012839,-0.271958,0.239239,-0.174818,-0.13398,-0.050824,-0.25196,0.035133,-0.255082,0.045074,0.059681,0.054128,-0.070094,0.157315,-0.08803,-0.214394,-0.244939,0.232203,-0.151999,0.120554,-0.434013,0.11333,-0.129446,-0.033698,-0.2636,-0.192894,0.110706,-0.083484,-0.258317,0.06743,-0.139785,-0.053842,-0.084947,0.125703,0.073606,0.029555,-0.016116,0.01219,-0.101772,-0.156249,-0.230869,-0.167454,-0.129376,0.071073,-0.173721,-0.00778,0.055423,-0.293988,-0.077969,-0.062655,-0.243534,-0.027634,0.067688,-0.040308,-0.303134,-0.041605,-0.238727,-0.123835,-0.277997,-0.134733,-0.050636,-0.200353,-0.140286,-0.280377,-0.250832,-0.024994,-0.063989,-0.081226,-0.336074,-0.025156,-0.243458,-0.361327,-0.092102,-0.277482,-0.23302,-0.175522,-0.282325,0.052606,0.002212,-0.13901,0.023913,-0.205919,0.036974,-0.06212,0.234346,-0.130688,-0.25433,0.085694,-0.092011,0.02381,-0.026237,-0.162527,0.421329,0.278988,-0.114042,-0.108959,0.083808,-0.19187,0.359511,-0.09227,-0.29067,0.316529,0.265908,0.108946,0.082934,0.138008,0.039994,-0.193345,-0.175309,-0.044954,#
16,0.04429,-0.218985,-0.235603,-0.084198,0.221311,0.025113,-0.067901,-0.088675,-0.029388,-0.166651,0.443554,0.102731,-0.246464,-0.137924,0.091562,0.135399,1.0,-0.13731,-0.007558,-0.018509,0.034694,-0.047487,0.012922,-0.08646,-0.068491,0.151626,-0.284526,0.020501,-0.042598,0.095688,-0.101153,-0.038292,-0.114492,-0.205903,0.273992,0.040505,-0.200358,-0.001294,0.259194,0.117909,-0.209861,-0.327534,-0.372357,-0.255084,0.124959,0.147915,-0.047046,-0.223126,0.135976,-0.022908,0.141994,-0.058496,-0.092775,-0.016395,0.15109,0.131528,-0.019329,-0.057201,0.198092,-0.04541,-0.046267,0.039072,0.059865,0.14628,0.025938,-0.274161,-0.16551,-0.200007,-0.030829,-0.093797,0.196404,0.067927,-0.187027,-0.245796,-0.159643,0.14943,-0.216841,0.044571,-0.203999,0.016359,-0.041303,0.066709,-0.164782,0.214733,-0.17432,0.123793,-0.253865,0.083046,0.126994,-0.157011,0.056852,-0.101097,-0.056196,-0.103094,-0.159314,-0.29861,-0.081227,-0.24665,-0.068496,-0.091738,0.172069,-0.011868,-0.364915,-0.222315,-0.178035,-0.088157,-0.061301,-0.017623,-0.132973,0.315434,-0.208981,-0.080198,-0.028015,-0.242672,-0.267263,0.030318,0.091005,-0.137646,0.141095,-0.025409,-0.215247,-0.013044,-0.174675,0.040385,0.151347,-0.062098,-0.133105,0.019016,0.068271,-0.196694,0.164004,-0.148004,-0.04913,0.126251,-0.144075,-0.137267,-0.165448,-0.303884,-0.293149,0.066605,-0.332587,0.090059,0.107368,-0.045017,-0.276634,-0.038142,0.230486,-0.172082,0.22242,-0.297499,-0.017823,-0.054965,-0.244954,-0.240579,-0.169564,-0.172491,-0.010471,0.017788,-0.199748,0.13276,0.02293,-0.051315,0.022709,-0.111379,-0.175538,-0.074624,0.055045,-0.003739,-0.140088,0.058241,0.368608,-0.224221,-0.0865,0.098604,0.095271,-0.184633,-0.244897,0.124558,-0.01752,0.105494,0.053631,-0.100144,0.156854,0.147434,0.04409,-0.05936,-0.003567,-0.212458,0.217199,-0.19814,-0.127313,0.243648,-0.011469,-0.167153,-0.054141,0.114898,0.230779,-0.072314,-0.211318,0.085139,#
17,-0.078599,0.127821,0.225911,-0.114519,0.019782,-0.031576,0.085342,-0.226669,0.373933,0.063479,-0.159554,-0.020445,0.090222,0.20724,-0.293157,-0.268619,-0.13731,1.0,0.159594,0.109982,0.186597,-0.100645,0.036972,0.033756,0.077306,0.034207,-0.060816,0.047317,0.057689,0.093004,0.130508,0.077375,0.241775,0.053831,-0.120927,0.074248,0.006097,-0.169958,-0.051401,-0.155235,0.02188,0.114284,-0.114525,0.084551,0.134756,-0.186078,-0.014961,0.382678,-0.175304,0.01446,0.072708,-0.041738,0.179959,0.178582,-0.204498,-0.12591,0.184098,0.114267,0.19782,-0.107649,0.14474,-0.139128,0.007211,-0.262113,-0.111494,0.059058,0.091819,-0.076328,0.212089,0.18564,-0.044703,0.008708,-0.235337,0.04253,0.049175,-0.009913,0.125758,-0.128781,0.011814,0.191955,-0.066223,0.142269,-0.053086,0.033522,0.324076,0.025886,0.177544,0.110151,-0.052226,0.182599,-0.145774,0.042609,-0.287894,0.189644,-0.024206,-0.252209,0.218182,-0.092885,0.213658,0.016449,-0.076392,-0.029989,-0.097431,0.029918,0.161513,0.241487,-0.007595,0.023787,-0.12139,-0.130544,0.271338,0.128962,0.23087,0.095394,0.159095,-0.046784,-0.009283,0.150473,0.250112,-0.147214,0.227465,0.233151,0.013909,-0.190761,0.022313,0.306287,0.092152,0.133897,-0.29034,0.088041,0.122145,0.192784,-0.054236,0.153354,-0.031999,0.103646,-0.080476,0.189137,0.268206,-0.06305,0.039291,0.136035,0.02999,-0.022327,0.268361,-0.225389,0.255602,0.197796,0.041418,0.247836,0.127801,-0.022981,0.026159,-0.166049,0.257824,0.0605,0.024835,0.376447,0.154452,0.156209,0.108165,0.199155,0.048524,0.452016,0.317444,-0.030655,0.025826,0.007453,0.076728,0.333534,-0.097066,0.015404,0.072879,-0.021743,-0.158044,0.147575,0.028185,0.130458,0.281698,-0.181958,0.331825,-0.116126,-0.376202,-0.076502,-0.005771,0.106268,0.033335,0.090804,-0.41861,0.230356,0.232764,-0.223795,0.108641,-0.112749,0.039134,0.080515,-0.039126,0.042244,0.241297,-0.267287,#
18,-0.020894,-0.157083,0.086905,-0.296429,0.044662,0.027084,0.170293,0.003455,0.348999,-0.070136,0.081976,-0.026291,0.042951,-0.026464,-0.116587,-0.050422,-0.007558,0.159594,1.0,-0.007916,0.091149,0.098438,0.29929,-0.011613,-0.129147,-0.048878,0.269467,0.256551,-0.05258,0.158274,0.093806,-0.023434,-0.031332,-0.129948,-0.060808,0.112306,-0.096877,-0.123433,0.037668,-0.205205,-0.016054,-0.003381,0.108761,0.01759,-0.066521,-0.175853,0.082366,0.08262,-0.214966,0.056543,0.1178,0.195056,0.045727,-0.055548,-0.114209,0.193668,-0.004701,-0.071698,-0.135364,0.108762,-0.128745,-0.060555,-0.111054,-0.018259,0.119398,0.211012,0.256479,0.013366,-0.015338,0.066153,0.182851,-0.082376,-0.250838,0.190303,-0.005573,0.090155,0.075657,-0.570992,-0.045733,-0.084838,-0.125143,-0.065613,-0.126289,0.112085,-0.003858,-0.063835,-0.03389,-0.148715,0.02257,0.176196,0.017773,0.044254,-0.150915,0.116477,0.011874,0.119854,0.028591,0.033753,-0.343584,-0.160697,-0.054315,0.036153,-0.054977,0.165748,-0.088729,-0.01163,0.209944,0.023311,0.195049,0.108907,0.078603,0.135599,0.22496,0.014313,-0.146923,-0.308979,0.145709,0.144561,0.298031,-0.045064,-0.116046,-0.083862,-0.135755,-0.327445,-0.029274,-0.202652,0.113329,-0.089278,0.049389,-0.140931,0.10079,0.074394,0.058091,0.020358,-0.219652,-0.072811,0.199637,-0.056616,-0.068869,-0.217702,0.072876,0.049679,-0.235385,-0.17521,-0.021411,-0.199278,0.014995,0.043787,-0.037019,0.123555,0.261413,-0.192483,0.334754,-0.212573,-0.050252,-0.189574,-0.018563,0.223729,-0.041303,0.180852,0.029631,-0.216546,-0.11192,-0.019936,0.141202,-0.096025,0.14958,0.097358,-0.254089,0.093215,-0.034674,0.357364,0.047737,0.013443,0.290252,-0.091662,0.111406,0.057182,0.056399,0.223572,0.209322,0.126642,-0.03281,0.064562,-0.032237,0.297514,0.131717,0.066951,-0.15696,-0.041123,0.100062,-0.043998,-0.165246,-0.048144,-0.228687,0.26686,0.043379,0.053915,0.384149,-0.035834,#
19,-0.117004,0.048218,0.146334,0.177807,0.131359,-0.121862,-0.079844,-0.058885,0.236487,0.023146,-0.060066,-0.168347,-0.004012,0.050681,-0.212394,-0.347779,-0.018509,0.109982,-0.007916,1.0,-0.033379,-0.041347,0.039526,0.114838,-0.140943,0.105219,-0.082735,0.173473,-0.102694,0.05363,0.163272,0.030906,0.156604,0.140703,-0.015932,-0.089868,-0.035386,-0.167723,-0.21674,-0.100092,-0.039508,0.00016,-0.017173,0.107615,0.057292,-0.110445,-0.064861,0.061353,-0.164112,0.06598,-0.006936,0.063568,0.115424,0.104011,-0.173862,0.033917,0.187615,-0.066377,0.009882,-0.146246,0.082754,-0.047687,-0.026129,0.077486,-0.014043,0.066579,0.384187,-0.207285,-0.075388,0.220965,0.044951,0.025578,0.007913,0.134457,-0.249164,0.053169,0.142151,0.139176,0.127811,-0.053962,0.195308,-0.046304,0.050337,0.233105,-0.004231,0.089955,0.019831,-0.238388,0.200137,-0.08484,-0.169511,0.151989,0.038848,0.048907,-0.302616,-0.107841,0.102993,-0.165066,-0.039668,0.139645,-0.23678,0.009261,-0.075626,0.154799,-0.118079,0.179151,0.057876,-0.128867,0.14589,0.070178,0.418971,-0.070987,0.247394,0.118961,0.067816,0.099883,0.258414,-0.09011,0.335808,-0.111981,0.129862,0.117044,0.030283,-0.170009,-0.08629,0.025241,-0.02477,-0.003642,0.12735,-0.074507,-0.014866,0.200053,-0.029291,0.110653,0.099658,-0.077836,-0.146445,0.135628,-0.143986,0.082232,0.155368,-0.060226,-0.024395,0.084762,0.148702,0.178248,0.147962,0.135689,0.082529,0.213125,-0.021768,0.067601,0.030414,0.237907,0.254259,0.159634,-0.10135,0.210844,0.103909,-0.033683,-0.026338,0.085482,0.060465,0.238362,0.162801,-0.068165,0.133712,0.126811,0.127197,0.101708,-0.194752,0.109982,-0.072544,0.269467,-0.008905,0.02295,0.023294,-0.029093,-0.132353,-0.057494,0.167537,-0.100461,-0.206642,-0.018399,0.047786,0.186963,-0.132225,0.115791,-0.417895,0.06299,0.176268,-0.225477,-0.082301,-0.115115,-0.242102,-0.145127,-0.031056,0.227121,0.154493,0.08053,#
20,-0.215922,0.166683,-0.295546,-0.078811,0.274231,0.031848,0.166269,-0.113292,-0.122718,-0.019918,0.135212,-0.1412,0.289223,-0.247865,-0.18076,0.006555,0.034694,0.186597,0.091149,-0.033379,1.0,0.133435,0.349627,0.175995,-0.006193,0.03661,0.084295,0.113142,0.140876,0.31275,-0.025622,-0.041189,0.278877,0.022665,0.051091,-0.045442,0.062465,-0.259597,0.010225,0.062683,0.182868,0.093168,0.220262,-0.047934,-0.02686,-0.043016,-0.271472,0.159274,0.066679,-0.273137,0.150731,-0.30145,0.021728,-0.04638,0.010639,-0.173024,-0.107066,-0.004328,0.146496,-0.015887,-0.04112,-0.212141,-0.149972,-0.009078,-0.056737,0.253281,-0.035782,-0.022789,0.165878,0.159899,-0.206448,-0.016997,0.180086,-0.117575,-0.08852,0.246404,0.071441,-0.081077,-0.168829,-0.136025,-0.321114,-0.082007,-0.170718,0.104602,-0.150667,-0.342668,0.056269,-0.167978,-0.104181,0.082279,-0.338019,-0.31608,-0.220635,-0.167519,-0.004683,-0.13383,-0.293391,-0.244119,-0.240302,0.056105,0.230297,0.079233,-0.338745,-0.214257,0.154029,-0.104,-0.09352,-0.149018,-0.21537,-0.003647,0.116084,0.136782,-0.177787,-0.23013,-0.081188,0.01381,-0.059617,-0.075908,-0.031742,-0.172591,-0.017293,-0.200377,-0.162426,-0.253875,-0.213998,0.088762,0.071562,0.058012,-0.053026,-0.244044,-0.287379,-0.103554,-0.007075,0.001817,-0.234564,-0.052484,-0.341008,-0.360783,-0.023954,-0.193677,-0.404798,0.049994,-0.179934,-0.026776,-0.346401,-0.144327,-0.132482,0.391302,-0.104066,-0.172579,-0.044517,-0.214684,-0.167801,-0.434541,-0.334545,-0.141345,-0.14192,0.225216,-0.12464,-0.190325,0.10954,0.098892,-0.251992,0.03298,-0.179696,0.01178,-0.19838,-0.126016,-0.310477,0.327026,0.083454,0.14213,-0.189448,-0.270162,0.030801,-0.264122,-0.176929,0.116984,0.16046,-0.080602,0.236882,-0.038019,0.050194,0.096763,0.230027,-0.031135,-0.173408,0.092124,0.102412,0.186939,-0.20098,0.354313,0.263337,0.140425,-0.024787,0.443804,0.20475,0.057956,-0.129355,-0.04308,#
