0,1.0,0.341773,-0.141236,-0.206619,0.389711,0.205145,0.038826,-0.194472,0.106052,0.201381,0.084588,-0.012759,0.101263,0.33283,0.225779,0.092202,0.012915,-0.105502,-0.107474,-0.23322,-0.039583,-0.192248,-0.110119,-0.298753,0.126129,-0.347513,0.221399,-0.115078,0.178642,0.270333,-0.470823,0.136478,-0.029717,-0.312598,0.043172,0.128995,0.027688,-0.232179,-0.103834,0.100547,-0.023957,0.032447,-0.352508,-0.164218,0.140563,-0.280874,0.083964,0.045356,-0.092914,-0.050942,-0.096719,-0.207566,-0.013675,0.028895,0.154217,0.055196,-0.213335,0.178317,-0.069727,0.199232,0.127391,0.387989,0.080256,-0.312152,-0.083309,0.026035,-0.147433,0.288769,0.11598,-0.034682,-0.07409,-0.001905,0.161959,-0.126582,-0.049107,0.12349,-0.365545,-0.273629,-0.114641,-0.154794,-0.141712,-0.291317,-0.070205,-0.234965,-0.284097,-0.041587,-0.242062,-0.146474,-0.203751,-0.314169,-0.099293,-0.498484,-0.123515,-0.038482,-0.190236,-0.040639,-0.036986,-0.098936,-0.268068,-0.185113,0.050665,-0.445281,-0.24529,0.025279,-0.180395,-0.168449,0.081941,-0.178969,-0.117496,-0.251743,0.078798,-0.120887,-0.123471,-0.306533,-0.238758,-0.300317,-0.070659,-0.181209,0.057771,-0.209876,-0.309815,-0.187016,-0.277762,0.0322,0.167144,-0.062969,-0.205146,0.074989,-0.122081,-0.327135,-0.18813,-0.15776,-0.313699,-0.117614,-0.015912,-0.269559,0.102886,-0.253091,-0.008172,-0.322588,-0.228302,-0.347688,-0.14543,-0.269548,-0.208192,-0.164635,-0.173507,0.351013,-0.094398,-0.152998,-0.376198,-0.044711,-0.01015,-0.243493,-0.005284,-0.200316,0.060962,0.207273,-0.151006,-0.317897,-0.28347,-0.264122,0.104497,0.016519,-0.180884,0.304761,-0.177285,0.316141,-0.22165,-0.424884,0.079347,0.084047,-0.20637,-0.022706,0.174732,-0.232466,-0.132702,0.109372,0.395672,-0.347766,0.30683,0.171655,-0.046356,0.257029,0.264344,-0.235396,0.241742,-0.203343,0.067405,0.217228,-0.346595,0.141011,0.361237,0.288156,-0.029181,-0.059763,0.033176,-0.312825,0.00681,-0.06205,#
1,0.341773,1.0,-0.160362,-0.179243,0.297008,0.199315,0.067328,-0.378583,0.208341,0.39308,0.038074,0.041205,0.141106,0.412915,0.113663,-0.047691,-0.270924,0.187531,-0.041065,-0.090352,0.228476,0.142215,0.377253,-0.063613,-0.011726,-0.356384,0.372081,-0.133749,0.236175,0.317612,-0.41455,-0.155466,0.05194,-0.41062,-0.082638,0.020325,0.234094,-0.579534,-0.071556,0.167458,0.102594,0.373989,-0.048563,-0.015842,0.029588,0.020435,0.04714,0.339504,-0.156909,0.001137,-0.189502,-0.604803,0.105674,-0.316741,0.071076,0.049941,-0.202588,0.382989,-0.005928,0.297796,0.183481,0.276082,0.146868,-0.093909,-0.035513,0.348106,-0.178544,0.310613,0.301458,0.010962,-0.323568,-0.121254,0.219622,-0.172076,-0.34056,0.1481,-0.313731,-0.146617,-0.311459,-0.176573,-0.198694,-0.667828,-0.302958,-0.201798,-0.060023,-0.200649,0.002752,-0.463483,-0.085399,-0.186655,-0.299945,-0.313074,-0.24526,0.101183,-0.182084,-0.163485,-0.236334,-0.25485,-0.155861,-0.345921,0.043367,-0.235693,-0.172193,-0.082792,-0.018953,-0.205226,-0.279861,-0.599412,-0.069452,-0.202877,0.123134,-0.146396,-0.394997,-0.231469,-0.163077,-0.249439,-0.243064,-0.116431,-0.072076,-0.453078,-0.177384,-0.289426,-0.354776,-0.372893,0.027686,-0.166069,0.080072,0.247322,-0.205902,-0.420824,-0.084998,-0.237842,-0.331045,-0.210468,-0.254877,-0.447102,-0.146304,-0.180115,0.111873,-0.7108,-0.298958,-0.228825,-0.346583,-0.200404,-0.085669,-0.343448,-0.219456,0.469597,-0.23412,-0.059233,-0.419539,-0.364724,-0.220819,-0.237676,-0.173207,-0.028006,0.019584,0.50573,-0.138975,-0.372087,-0.15889,-0.2514,-0.170769,0.204517,-0.123528,0.368922,-0.203377,-0.074194,-0.327016,-0.329521,-0.063541,0.195602,-0.326243,-0.20756,0.174267,-0.418384,-0.312919,0.113787,0.428255,-0.329232,0.616903,-0.09123,-0.226582,0.337433,0.374289,-0.396765,0.125912,0.002104,-0.136914,0.540214,-0.326718,0.3133,0.396394,0.248081,-0.004213,-0.265378,-0.033097,-0.351318,-0.146763,-0.06654,#
2,-0.141236,-0.160362,1.0,0.270457,0.016488,0.04806,-0.031433,0.203199,0.252844,-0.222472,-0.011704,0.237502,-0.219638,0.011334,-0.275719,-0.256974,-0.106058,0.174284,-0.145215,0.088329,-0.179715,-0.129319,0.050129,-0.001481,0.352749,0.169259,-0.129354,-0.076019,0.09029,-0.188352,0.13983,0.253413,-0.195924,0.141285,-0.1392,0.031662,0.084564,-0.020743,0.020643,-0.248992,-0.054864,-0.014342,-0.035178,-0.133642,0.064161,-0.06501,-0.086736,-0.046886,-0.03745,0.196988,-0.018656,0.284117,0.026097,0.196739,-0.055246,-0.120088,-0.059703,-0.022458,-0.314415,-0.111104,0.089489,-0.057118,-0.03247,-0.026812,0.064099,0.006016,0.057732,0.083158,-0.033176,0.212008,0.173591,0.090685,-0.058475,0.073795,0.224128,0.035081,0.00865,0.050281,0.036311,-0.092051,0.161636,0.074323,0.049047,0.405326,0.159503,0.134614,-0.050281,0.07964,0.07693,-0.139771,0.289976,0.158352,0.038209,-0.004383,-0.071562,-0.04217,0.295442,0.063286,0.398209,0.148341,-0.129306,0.118475,0.13077,0.293259,-0.12595,0.046023,0.223093,0.276975,-0.039201,0.07707,0.086171,0.007068,0.117766,0.219649,0.223552,0.224986,-0.121465,-0.056952,0.005987,0.284884,0.051888,0.08323,0.427908,0.02499,-0.073641,0.117085,0.048678,-0.214485,-0.287987,0.105356,0.069194,0.041168,0.111413,0.100547,0.119099,-0.023122,0.193134,0.20256,0.098442,0.204336,0.163259,0.348121,-0.105015,-0.127496,0.112864,-0.039861,0.20202,-0.083778,0.068603,0.015141,0.200895,0.030228,0.247519,0.199988,0.214574,-0.078793,0.128879,0.037821,0.395438,0.159803,0.240204,0.075971,0.358151,0.119252,0.2445,-0.154431,0.126604,-0.297717,0.234982,0.017484,0.025187,-0.020727,0.112411,0.127833,-0.26299,0.202121,0.069203,0.18411,-0.220853,-0.119821,-0.260736,-0.037825,0.155532,-0.276197,-0.171664,0.303078,0.038812,-0.188861,-0.061806,-0.00349,0.126707,-0.119266,0.002116,0.008799,-0.15433,0.043888,0.063087,-0.12258,0.018505,-0.014794,#
3,-0.206619,-0.179243,0.270457,1.0,0.072277,-0.119303,0.021468,0.330441,-0.101228,0.107181,-0.04108,-0.040186,0.011399,-0.326659,-0.067185,0.029681,-0.053821,0.114924,-0.329867,0.223946,0.014866,-0.043657,-0.11668,0.039632,0.140586,0.11154,-0.324066,-0.068166,-0.08701,-0.151323,0.405914,0.058991,0.223063,0.287824,0.091674,-0.02588,0.099025,0.140242,-0.026249,-0.056556,0.047007,0.037358,-0.061116,-0.316702,0.288575,-0.088595,-0.351693,-0.160848,0.212334,0.011368,0.230529,0.148801,0.14658,0.211066,-0.120946,-0.195685,0.007827,0.048691,0.051545,-0.263147,-0.146781,0.110311,0.040054,0.062915,-0.182147,-0.024869,0.251614,-0.269273,-0.118863,0.015082,-0.084147,-0.135234,0.187074,0.18422,0.238554,-0.063533,0.060893,0.28604,0.200832,0.006853,0.136329,0.269758,0.023459,0.148604,-0.000965,-0.12334,0.20842,0.005411,0.167957,0.005234,0.043821,-0.01332,0.356994,-0.195408,0.003786,-0.16622,-0.123291,0.035077,0.233695,0.317839,-0.176096,0.109329,0.402287,0.452585,0.124836,0.185441,-0.020566,0.031749,0.020983,-0.00933,-0.117401,-0.003532,0.201771,0.19575,0.143588,0.449097,0.352763,-0.001,0.082169,0.045598,0.181957,0.231185,0.184823,0.183342,-0.062673,0.213202,-0.044459,-0.043449,0.086821,0.234213,-0.06747,0.080223,0.366127,0.218954,0.052746,0.2825,0.0,0.090552,-0.194718,0.251845,0.091889,0.186856,0.185046,0.058917,0.244423,0.242339,0.039771,-0.109079,0.241261,-0.027778,0.024244,-0.02933,0.019066,0.148659,0.319339,0.222767,-0.235188,-0.036848,0.147101,0.159756,0.381255,0.29381,0.039234,0.113703,0.147857,-0.318988,0.108213,-0.240757,0.276083,0.327672,-0.070081,-0.300366,0.011804,0.068174,-0.265428,0.337206,-0.223108,-0.082023,-0.294642,-0.116438,-0.253243,-0.145,0.02556,-0.134797,-0.259942,0.153582,-0.382687,-0.063799,0.089781,-0.390036,0.051629,-0.045468,-0.251792,0.144971,0.028345,0.08893,-0.078164,0.236746,0.143596,0.20508,#
4,0.389711,0.297008,0.016488,0.072277,1.0,0.050825,0.098061,-0.121591,0.110942,0.18664,0.130975,0.137662,0.053014,0.143831,-0.041631,0.234613,0.09727,-0.081649,0.049183,-0.130214,0.112904,-0.272243,0.277926,-0.042043,-0.043371,-0.241961,0.214949,-0.127574,0.306879,0.064874,-0.276314,0.08934,-0.020779,-0.17199,0.07926,-0.040422,0.136782,-0.368773,-0.049376,0.081782,0.160476,0.085361,-0.084048,-0.228912,0.20626,0.026822,-0.061411,0.219198,0.141854,0.002222,0.069566,-0.315174,0.327214,-0.219179,-0.104185,0.002389,-0.133374,0.220316,0.071278,0.137508,-0.116919,0.308535,-0.08428,0.040195,0.026786,0.072569,-0.070829,0.207286,0.095486,-0.081174,-0.129858,-0.065504,0.191391,-0.165097,-0.220641,0.16471,-0.21868,-0.174686,-0.201685,-0.133304,-0.210298,-0.289731,-0.271235,0.284102,-0.209204,-0.017933,-0.118917,-0.303188,0.031865,-0.289086,-0.136107,-0.356456,-0.029563,-0.233024,-0.362152,-0.231697,-0.307307,-0.323775,-0.288757,-0.072458,0.008701,-0.32738,-0.222346,0.207643,-0.182865,-0.115805,0.023479,-0.184151,-0.213722,0.100404,0.054923,0.011582,-0.020887,-0.171078,-0.303524,-0.078386,-0.023794,-0.200042,0.194318,-0.258588,-0.184033,-0.300582,-0.251142,-0.338088,0.019247,-0.034378,-0.085126,0.008047,0.062669,-0.467239,-0.049145,-0.055812,-0.046553,0.002571,-0.20285,-0.099611,-0.016514,-0.249612,-0.13961,-0.308715,-0.381403,-0.112221,-0.355993,-0.063438,-0.107372,0.037989,-0.032515,0.140078,-0.297463,-0.329772,-0.243243,-0.129403,-0.016423,-0.157725,0.134275,-0.238777,-0.06467,0.419525,-0.178128,-0.374537,0.034188,-0.385826,0.139475,-0.082732,-0.214287,0.210803,-0.075266,0.035497,-0.086955,-0.19697,0.100708,0.288138,-0.359776,0.070278,0.26798,-0.206633,-0.324917,0.18832,0.214403,-0.21459,0.36294,-0.094778,-0.08527,0.158143,0.017497,-0.127073,-0.003752,-0.12208,-0.032433,0.045804,-0.182287,0.145027,0.342163,0.304661,-0.251281,0.017347,0.234027,-0.20964,0.034507,0.175137,#
5,0.205145,0.199315,0.04806,-0.119303,0.050825,1.0,0.20331,-0.183479,0.44929,0.169168,0.310727,-0.005135,-0.071438,0.127905,-0.108551,0.054595,0.141819,-0.052361,0.100199,-0.193903,0.085926,0.146824,0.331015,-0.350079,0.010418,-0.457083,0.127398,-0.068018,-0.012508,0.089968,-0.163348,0.061788,-0.220251,-0.064766,-0.154576,0.006236,0.151737,-0.197339,0.213395,-0.118305,0.027769,0.182288,0.175922,-0.120726,-0.299598,-0.117204,0.194321,-0.093178,0.133968,0.106237,0.114469,-0.070457,0.107782,-0.12347,0.234831,0.508688,-0.440457,0.390921,-0.232346,0.25931,0.260702,0.138344,0.071069,-0.041755,-0.042479,0.122249,-0.228247,0.313942,0.024481,0.042227,-5.4e-05,0.018486,0.119931,-0.357763,-0.391002,0.244265,-0.146085,-0.113924,-0.09818,-0.10829,-0.243749,-0.293543,-0.038792,0.325924,-0.284874,0.034607,-0.100176,-0.112403,0.014522,-0.195876,0.01691,-0.157774,-0.153651,0.323004,0.026716,-0.131842,0.193659,-0.17393,0.041263,-0.17882,0.051518,-0.161804,0.100884,-0.145312,-0.130405,-0.319878,0.119018,-0.131791,-0.149581,0.096,-0.12461,-0.18715,-0.117206,-0.145465,-0.034875,-0.458299,-0.192718,-0.249242,0.186188,-0.151527,-0.110554,0.052599,-0.211182,-0.284189,0.056456,-0.083957,0.378195,0.307058,-0.282218,-0.229684,-0.034802,0.185235,-0.305207,-0.125406,-0.012704,-0.214628,0.001638,-0.136145,0.08839,-0.361163,-0.175825,-0.019243,-0.186897,-0.069703,-0.080049,-0.263381,-0.239804,0.391097,-0.136381,-0.017812,-0.025258,-0.173208,0.193474,-0.215433,-0.112172,-0.088561,0.016315,0.070767,-0.066918,-0.13032,-0.127325,-0.12809,-0.025956,0.073934,0.106107,0.141494,-0.158213,-0.210513,-0.247416,-0.308309,0.106071,0.147328,0.220489,-0.096976,0.266095,-0.366962,-0.221383,0.339211,0.092333,-0.095506,0.215577,0.050371,-0.128831,0.201771,-0.155885,-0.089821,0.111768,0.113113,-0.165143,0.374665,-0.182633,0.002345,-0.01912,0.243003,-0.008716,0.247314,0.08402,-0.234822,-0.189289,-0.032821,#
6,0.038826,0.067328,-0.031433,0.021468,0.098061,0.20331,1.0,-0.262511,0.068367,0.185387,0.078489,-0.033087,0.108351,-0.036409,0.078504,0.061238,0.089241,-0.062658,0.105609,-0.13899,0.248629,0.200407,0.004086,-0.256609,-0.122934,-0.344589,0.012375,-0.03927,0.133716,-0.075408,-0.151833,-0.142635,-0.047707,0.056491,0.022683,-0.266332,0.155621,-0.067054,-0.070499,0.056868,-0.040098,0.125488,0.171952,-0.125172,-0.058813,-0.041903,-0.029268,-0.078254,0.313903,0.186564,0.049545,-0.200658,0.00314,-0.242836,-0.072466,0.168795,0.06645,0.052726,-0.27117,0.307445,0.052114,0.173375,0.022592,0.03749,-0.149681,-0.188643,-0.219178,-0.02579,-0.117274,0.121163,0.169984,-0.220042,0.015418,-0.015256,-0.23079,-0.029837,-0.036573,-0.146942,-0.284077,-0.045726,-0.134843,-0.142214,0.0036,0.140533,-0.107433,0.266214,0.073057,0.021167,0.091014,-0.230164,-0.052392,0.068278,0.065158,0.199095,0.333669,-0.115547,-0.080617,-0.213069,-0.08336,-0.031945,0.13023,-0.282623,-0.072981,-0.01466,0.010515,-0.020191,0.102529,-0.054547,-0.203909,-0.010299,-0.159371,-0.179714,-0.19963,-0.037557,-0.129605,-0.137098,-0.142973,-0.240565,0.042121,0.009973,0.116503,-0.069062,-0.024614,-0.161629,-0.3435,0.231296,0.161434,0.23319,-0.137354,-0.101509,0.082109,0.119197,-0.015714,0.270547,0.075778,0.088321,0.011266,-0.190116,0.001623,0.022161,0.048997,0.125058,0.190056,-0.009462,-0.218932,-0.229408,0.105324,0.314806,-0.007293,0.202738,-0.029955,-0.167558,0.127151,0.015115,0.167694,0.126994,0.010688,0.103414,-0.072386,-0.09029,0.055693,-0.083408,0.025132,0.139128,-0.008472,0.007882,0.054698,-0.118761,-0.010329,-0.099761,0.11585,-0.012864,0.186001,-0.070614,0.045705,-0.086529,0.007948,0.137468,-0.042753,-0.137736,-0.073113,0.009469,0.30552,0.108559,-0.22055,0.049019,0.092245,-0.158688,-0.099585,-0.130417,-0.176987,0.144047,0.026276,0.041437,0.214391,0.357373,-0.094488,-0.094818,-0.056761,-0.091153,#
7,-0.194472,-0.378583,0.203199,0.330441,-0.121591,-0.183479,-0.262511,1.0,-0.151358,-0.295438,-0.195251,-0.135859,-0.072634,-0.263552,0.107785,-0.075635,-0.100113,-0.055333,-0.214862,0.205265,-0.160355,-0.030229,-0.134907,0.276279,0.466453,0.329274,-0.198592,-0.013957,-0.127608,-0.181091,0.303392,0.237513,0.121921,0.126635,0.086671,0.027715,-0.120992,0.23013,0.197013,-0.199215,-0.018779,-0.11523,0.035066,-0.132256,0.299075,-0.018182,0.021152,0.170178,0.037647,-0.350201,0.025499,0.305286,-0.050094,0.140597,-0.19494,-0.223226,0.013765,-0.191741,0.115459,-0.369829,-0.304424,-0.292424,-0.222407,-0.065205,-0.229403,0.064627,0.43795,-0.168711,-0.077077,0.172362,-0.068206,0.059542,0.201401,0.138763,0.331578,-0.142848,0.353773,0.018427,0.150829,0.137323,0.008509,0.293624,-0.00637,0.053625,0.190633,-0.012497,-0.104759,0.116141,0.206961,0.034953,0.277548,0.148591,0.02081,-0.378372,-0.084084,0.006556,0.103447,0.202541,0.156738,0.267765,-0.00027,0.285753,0.373211,0.150014,0.217145,0.102055,0.225698,0.260878,0.128649,0.015967,0.068139,0.141338,0.352547,0.157761,0.235134,0.428485,0.297479,0.027179,-0.065725,0.216125,0.265673,0.081028,0.17766,0.209893,-0.007176,-0.066159,-0.323865,0.116815,0.030265,0.501249,-0.003629,-0.114285,0.1118,-0.001208,0.176454,0.315713,-0.107639,0.102144,0.218871,0.282842,0.144852,0.171719,0.269401,-0.062566,0.240738,0.22741,0.143596,-0.341288,0.095819,0.141012,0.143473,0.311376,-0.105307,0.122334,0.248027,0.190806,-0.07515,-0.296793,0.094171,0.003286,0.227475,0.38657,-0.087593,0.089668,0.180692,-0.324675,0.178958,-0.046605,0.33971,0.185637,-0.161477,-0.114855,0.155454,-0.05831,-0.295468,0.204569,-0.103631,-0.285048,-0.40084,-0.12509,-0.431224,-0.037451,-0.126659,-0.335728,-0.317813,-0.008528,-0.162011,-0.165766,0.111274,-0.358345,0.316902,-0.217037,-0.290316,-0.211851,-0.184857,0.070857,0.057848,0.228354,0.104837,-0.021147,#
8,0.106052,0.208341,0.252844,-0.101228,0.110942,0.44929,0.068367,-0.151358,1.0,0.151742,-0.108931,0.189828,-0.222647,0.336863,-0.136791,0.017905,-0.116719,0.283847,0.255664,0.108681,-0.226976,-0.197604,0.315686,-0.287162,0.187733,-0.307986,0.115115,-0.116249,0.111662,0.187099,-0.191616,-0.011186,-0.267193,-0.109744,-0.019329,0.381198,0.239243,-0.373199,0.1664,-0.089414,0.029943,0.019522,-0.127346,-0.075055,-0.057985,-0.019012,0.357472,0.208236,0.02519,0.148122,0.144051,-0.074397,0.073153,0.000317,-0.138592,0.105064,-0.101333,0.192177,-0.256407,0.163986,0.193235,0.295347,0.055862,-0.0585,-0.184853,0.164291,0.117495,0.224603,0.1238,-0.029073,0.044034,-0.010049,-0.189082,-0.05394,-0.291931,0.148353,-0.049828,-0.209133,-0.084623,-0.027301,-0.017797,-0.258409,-0.123545,0.247581,0.072808,0.045071,-0.226337,-0.139031,0.054292,-0.010208,-0.171009,-0.063418,-0.206731,0.11939,-0.203852,-0.139856,0.184301,-0.193291,0.165252,-0.176777,-0.046431,-0.053708,-0.199545,0.153788,-0.156164,-0.107154,-0.037912,-0.093932,0.129986,-0.090992,0.089107,-0.159603,-0.077584,-0.184952,-0.125691,-0.232681,-0.089861,-0.255108,0.244834,-0.376782,-0.004236,-0.167417,-0.118616,-0.29732,0.024146,0.06547,0.086253,0.05138,-0.389942,-0.145582,0.040169,0.051409,-0.296434,-0.094813,-0.310254,-0.2265,0.033104,0.005345,0.250253,-0.172384,-0.165853,-0.204877,-0.155481,-0.325638,-0.207506,-0.458164,0.107521,0.313263,-0.211268,-0.10789,0.08703,-0.239879,0.213198,-0.182767,0.05032,0.002075,0.239544,0.319761,-0.011365,0.138703,-0.29219,-0.138569,-0.000757,0.212449,0.194524,-0.150709,-0.091536,-0.193173,-0.112715,-0.134902,0.160487,0.160299,0.071487,-0.180467,0.068139,-0.198003,-0.232592,0.267662,0.293366,-0.109589,0.253377,0.059839,-0.228358,-0.020699,0.088664,0.180474,0.248942,0.066519,-0.364718,0.352053,-0.199844,-0.037942,0.030823,0.224142,-0.342363,0.097121,0.004867,-0.213299,0.089868,0.006526,#
9,0.201381,0.39308,-0.222472,0.107181,0.18664,0.169168,0.185387,-0.295438,0.151742,1.0,0.055673,0.082766,0.268902,0.195039,-0.040677,0.379466,0.040363,0.120148,0.052411,-0.217259,0.281865,0.038422,0.15983,-0.351503,-0.160429,-0.3265,-0.030139,-0.174667,0.058058,0.211106,-0.250768,-0.143112,0.090326,-0.173557,0.179847,0.151046,0.041072,-0.495819,-0.101442,0.274518,-0.161303,0.116006,-0.073975,-0.11276,-0.009704,0.034733,-0.013827,-0.053373,-0.16153,0.060729,0.177872,-0.451151,0.144618,-0.023683,0.135683,0.10762,-0.252375,0.305204,-0.068369,0.051267,0.121648,0.323604,0.07192,0.106038,-0.255065,0.028227,-0.139332,0.010868,0.100263,-0.065826,-0.182613,-0.269177,0.061633,-0.098324,-0.206576,0.084115,-0.334063,0.035744,-0.251739,-0.185557,-0.198436,-0.15672,-0.140117,-0.113674,-0.16415,-0.19422,0.001785,-0.100441,-0.059174,0.011047,-0.355924,-0.304494,-0.006947,-0.10352,-0.033702,-0.206634,-0.277546,-0.129562,-0.356092,-0.071872,-0.042468,-0.123054,-0.080494,-0.061901,-0.210363,-0.067161,-0.220299,-0.22165,-0.207078,-0.115048,-0.214005,-0.114245,-0.363805,-0.182409,-0.376775,-0.006794,-0.205429,-0.272805,0.014984,-0.236251,-0.17634,0.021978,-0.313024,-0.22468,-0.203585,0.067285,-0.105848,-0.078885,0.044502,-0.193989,-0.134767,-0.022112,-0.102128,0.156858,-0.245385,-0.129226,-0.114173,-0.329578,-0.080283,-0.251849,-0.314412,-0.2371,-0.087737,-0.173255,-0.245364,-0.167308,-0.14013,0.304859,-0.251455,-0.227744,-0.262331,-0.393455,-0.314339,-0.234159,-0.141644,-0.057608,0.044434,0.354962,-0.202912,-0.193238,-0.146609,-0.237365,-0.135922,0.163835,-0.152169,-0.006104,-0.229719,0.094044,-0.209155,-0.012168,0.199479,-0.020256,-0.065335,-0.160331,0.231897,-0.194932,-0.244196,0.217996,0.064418,-0.371824,0.273756,0.019521,0.020249,0.330419,0.141962,-0.197658,0.103355,-0.060736,0.018988,0.241297,-0.414157,0.183988,0.211391,0.20393,0.202334,0.102881,0.077429,-0.153414,-0.041912,-0.029505,#
10,0.084588,0.038074,-0.011704,-0.04108,0.130975,0.310727,0.078489,-0.195251,-0.108931,0.055673,1.0,0.156901,-0.06861,-0.189256,-0.029393,0.128701,0.434036,-0.274071,-0.09479,-0.276167,0.238268,0.165211,0.097681,0.073932,-0.085087,-0.070698,-0.17955,0.010993,0.140714,0.145847,-0.188947,0.083051,-0.198478,-0.067689,0.405892,0.017462,0.149511,-0.045496,0.132503,0.243606,-0.095975,0.000659,0.031679,-0.096093,-0.120119,-0.00024,-0.251181,-0.308193,0.211346,-0.138726,0.109124,-0.063828,-0.177063,-0.031472,0.479511,0.031181,-0.439725,0.122713,-0.204543,0.152718,0.076544,-0.048347,-0.101619,0.122225,0.26558,-0.12559,-0.226985,-0.053844,0.044739,-0.408106,-0.021037,-0.038409,-0.001132,-0.341603,-0.137655,0.241739,-0.237251,0.12071,-0.267003,-0.339686,-0.221086,-0.204803,-0.120938,0.130815,-0.415719,-0.036826,-0.158904,-0.014965,-0.347582,-0.1935,0.042855,-0.29974,-0.055658,-0.083534,-0.087668,-0.059494,-0.252091,-0.086461,-0.116988,-0.163643,0.160815,-0.07056,-0.20865,-0.25768,-0.138291,-0.156968,-0.106599,-0.01056,-0.251846,0.430773,-0.358636,-0.186115,-0.273113,-0.072075,-0.256667,-0.216098,-0.110908,-0.091295,-0.179331,0.187018,-0.438601,0.018795,-0.201089,0.039408,0.028947,-0.008352,0.165527,-0.109835,-0.136421,-0.240221,-0.003661,-0.105239,-0.169488,-0.07324,-0.068686,-0.135442,-0.185997,-0.302827,-0.138158,-0.250772,-0.352496,0.100038,-0.102865,0.031997,-0.242654,-0.12955,-0.073025,0.034781,-0.014901,-0.277201,-0.070431,-0.153715,-0.171413,-0.252855,-0.28232,-0.27628,0.149262,-0.114654,-0.121601,-0.136152,0.088064,-0.159808,-0.082067,-0.256362,-0.347161,0.087935,-0.127889,-0.08885,-0.323388,-0.14547,0.227523,-0.056699,-0.124009,-0.255323,0.299025,-0.355983,-0.3254,0.306669,0.038075,0.284734,0.095815,0.053286,0.262022,0.25067,0.096923,-0.221971,-0.050853,-0.02747,0.449596,0.057524,-0.414337,0.436356,0.136183,0.008737,0.021116,0.047689,0.212782,-0.4061,-0.312031,-0.1509,#
11,-0.012759,0.041205,0.237502,-0.040186,0.137662,-0.005135,-0.033087,-0.135859,0.189828,0.082766,0.156901,1.0,-0.266755,0.07377,0.083774,0.177792,0.044473,-0.112479,0.014286,-0.134231,-0.022298,-0.269138,0.064029,-0.175323,0.122019,0.027257,-0.021835,-0.162168,0.35855,0.274311,-0.190989,0.129076,-0.478266,-0.060594,-0.065516,0.170859,-0.307471,0.007024,0.172271,0.332485,-0.017599,-0.183181,-0.124037,-0.074043,0.190592,0.267568,-0.031257,-0.143847,-0.139298,0.290907,0.203757,-0.116535,-0.045803,0.116298,-0.218203,0.071892,-0.194755,-0.125354,-0.196483,-0.155414,-0.149846,0.119869,0.255268,0.070858,-0.006515,-0.124501,0.152858,0.016805,0.052008,-0.147313,0.189396,0.069373,0.03084,0.002806,-0.089758,0.095858,-0.32724,-0.148363,-0.016323,-0.272354,-0.053834,-0.11571,0.077292,0.216114,0.115023,-0.012147,-0.26135,-0.288573,0.000828,-0.316522,-0.007517,-0.078415,0.0265,-0.185171,-0.253004,-0.171211,-0.165509,-0.301975,-0.17263,0.004591,-0.057938,0.139133,-0.155541,0.072139,-0.28829,-0.020478,-0.200317,-0.100887,-0.073571,0.020133,-0.355436,0.138983,-0.210603,0.132139,-0.213732,0.03172,0.00712,-0.183837,0.073119,-0.115587,-0.214188,-0.074269,-0.221229,-0.097777,0.246755,-0.040755,-0.185432,-0.286319,-0.210837,-0.28165,-0.010818,-0.25266,-0.013694,0.098554,-0.195748,-0.099538,0.139258,-0.08172,-0.024144,-0.102939,-0.160255,0.161422,-0.108141,-0.111765,-0.185294,-0.204797,0.3364,0.097768,-0.006682,-0.223798,0.033933,-0.158618,-0.075917,-0.066729,-0.245659,-0.174961,0.010794,0.084455,-0.00414,0.031701,-0.030604,-0.033606,-0.025198,-0.210802,-0.004288,-0.261556,-0.253736,-0.043545,0.120556,-0.065232,0.056677,-0.126578,-0.142149,-0.403511,0.152218,0.009685,-0.207254,0.037634,-0.012734,-0.209874,-0.006582,0.08253,0.0355,0.151107,0.228093,0.055562,0.218347,-0.180083,-0.059252,0.077236,-0.254036,0.206484,0.091552,0.170022,-0.155075,0.011816,0.19573,-0.21792,-0.056248,0.400221,#
12,0.101263,0.141106,-0.219638,0.011399,0.053014,-0.071438,0.108351,-0.072634,-0.222647,0.268902,-0.06861,-0.266755,1.0,0.143988,0.010317,0.184209,-0.051335,-0.073905,0.035681,0.079982,0.230462,0.098708,0.017379,-0.108586,-0.130906,-0.18906,0.071478,-0.062323,-0.003989,-0.021489,-0.062493,0.166418,0.042368,-0.120407,-0.20224,-0.322575,0.056662,-0.201419,-0.058489,-0.071412,-0.107343,0.344153,-0.036229,0.127149,0.129704,-0.192042,-0.014744,0.01323,-0.125769,-0.180432,0.009376,-0.036204,0.135183,-0.152876,0.113502,0.059718,-0.171562,0.115068,0.034773,0.03711,0.013923,0.012106,-0.13957,-0.122668,-0.001821,0.241814,-0.201358,0.126342,0.149262,-0.093137,-0.046023,-0.003973,-0.070379,-0.011399,-0.138363,-0.086228,-0.001473,-0.103744,-0.027029,-0.123698,-0.040728,-0.230456,0.163877,-0.048528,-0.041597,-0.149316,0.163429,0.007678,-0.129945,-0.087126,0.070738,-0.272251,-0.107663,0.036142,0.185792,0.133284,-0.063382,-0.044512,-0.216698,-0.0624,-0.052061,-0.174591,0.086058,-0.144245,0.003659,-0.054419,-0.048303,0.051296,-0.316923,-0.246294,0.281824,-0.165102,-0.033592,-0.050932,0.015047,-0.11136,0.09841,0.064677,-0.164648,0.014306,-0.02971,-0.07871,-0.285951,-0.102915,-0.203792,0.214887,-0.240506,0.051619,0.117949,-0.087766,-0.255007,0.152336,-0.062222,0.012684,0.012604,-0.057057,-0.164998,-0.209174,0.033348,-0.038028,-0.080949,0.190181,0.055944,-0.027772,-0.030975,0.146309,-0.184935,0.277792,-0.272168,-0.023967,-0.146923,-0.010558,-0.155228,-0.131095,-0.264424,-0.046789,0.269965,0.042948,-0.126877,-0.128997,-0.008571,-0.099623,0.069419,-0.00189,-0.16205,0.116653,0.146305,-0.050831,0.090112,-0.085812,0.006655,0.194779,0.134623,0.242531,0.269641,-0.061534,-0.026812,-0.059262,0.134109,-0.103082,0.298892,-0.114553,0.093326,0.114225,0.058284,-0.032063,0.102959,0.130646,0.070015,0.039195,0.028953,0.047392,0.108933,0.006481,0.0828,0.083396,0.077088,0.063023,-0.013916,0.045458,#
13,0.33283,0.412915,0.011334,-0.326659,0.143831,0.127905,-0.036409,-0.263552,0.336863,0.195039,-0.189256,0.07377,0.143988,1.0,0.178239,0.09487,0.014693,0.124618,0.067146,-0.015572,-0.171713,-0.071463,0.210931,-0.330557,-0.037914,-0.162653,0.265829,-0.26241,0.109989,0.197304,-0.449679,0.003866,-0.185026,-0.148043,-0.219228,0.137678,-0.020934,-0.1356,0.037395,-0.102448,-0.076362,0.118396,-0.25635,0.188701,-0.029593,-0.281294,0.361719,0.274615,-0.303072,0.211853,-0.127514,-0.190909,0.117996,-0.073546,-0.207875,0.154278,-0.030489,0.311928,0.180764,0.238551,0.167991,0.272864,-0.056235,-0.08877,-0.121199,0.289786,-0.08459,0.302963,0.380514,0.077613,0.031011,0.058878,-0.095139,0.120726,-0.188985,0.145244,-0.10715,-0.201898,-0.314326,0.051926,0.08023,-0.355592,-0.042864,0.010742,0.083178,0.134831,-0.230739,-0.222487,-0.126053,-0.228368,-0.196789,-0.141642,-0.168258,0.243244,-0.209409,0.052487,0.23818,-0.104552,0.10278,-0.247787,0.047228,-0.198085,-0.288038,-0.070896,-0.060436,-0.238969,-0.069706,-0.215596,0.077564,-0.166798,0.269993,0.043791,-0.148193,0.013005,-0.024963,-0.198085,-0.329185,-0.046438,0.084765,-0.43243,-0.129123,-0.291769,-0.152912,-0.27158,-0.006022,-0.07756,-0.149243,0.048847,-0.137173,-0.265091,-0.156517,0.118198,-0.445559,-0.279316,-0.141709,-0.345447,-0.173096,-0.050136,0.146973,-0.121269,-0.278783,-0.241773,-0.290159,-0.306795,-0.079932,-0.340316,-0.141749,0.406846,-0.255215,0.116341,-0.210858,-0.239,0.082952,-0.125078,-0.05285,-0.043199,0.417803,0.358288,0.074911,-0.072379,-0.283401,-0.345984,0.392635,0.394186,0.108569,0.349337,0.013828,-0.033091,-0.164222,-0.259464,-0.034289,0.196908,-0.078735,0.070516,0.080832,-0.130237,0.04894,-0.031015,0.291966,-0.109302,0.605479,-0.092483,-0.219713,0.156965,0.23985,-0.131157,0.464665,0.047904,-0.34918,0.323556,-0.037401,-0.177122,0.19674,0.215836,-0.086123,-0.209838,-0.243751,-0.187968,-0.035638,-0.04541,#
14,0.225779,0.113663,-0.275719,-0.067185,-0.041631,-0.108551,0.078504,0.107785,-0.136791,-0.040677,-0.029393,0.083774,0.010317,0.178239,1.0,0.080896,0.086357,-0.211278,-0.158805,-0.122164,-0.235447,-0.094683,-0.117209,-0.17588,-0.039153,0.060936,0.133595,-0.049678,-0.099037,0.017947,-0.232066,0.246605,-0.075749,-0.193188,0.056042,-0.124966,-0.178971,0.204254,-0.013479,0.187067,-0.021145,-0.115854,-0.289935,0.004198,0.304045,-0.380175,0.262359,-0.028282,0.041041,-0.147592,-0.164062,0.018851,-0.231929,-0.146289,-0.112251,0.225623,-0.011689,-0.164283,0.012059,0.020488,-0.210428,0.353805,-0.061288,-0.058206,-0.14846,-0.050288,0.043847,-0.168009,0.158257,-0.143376,0.273035,0.197379,-0.140397,0.162273,0.270599,0.130396,-0.165361,-0.097865,-0.330096,0.135043,-0.046312,-0.178806,-0.011571,-0.046528,-0.100474,0.048228,-0.182012,-0.137458,0.038463,-0.126763,0.048199,0.003097,-0.029688,0.087306,-0.025565,-0.027794,0.086196,-0.093956,-0.239909,-0.039244,-0.040906,-0.153557,0.100339,0.025574,0.009823,-0.075388,-0.011412,-0.226522,0.24723,-0.074281,0.011837,0.08869,-0.166744,0.177989,-0.306978,-0.043401,0.151849,0.019777,-0.047425,-0.172708,-0.086524,0.026176,-0.149435,0.075668,0.212759,-0.061945,-0.22085,0.197351,-0.006203,-0.178283,-0.109894,-0.303105,-0.174156,-0.236418,-0.030017,-0.207075,-0.132069,-0.147264,-0.071469,0.130671,-0.075727,-0.198695,0.022844,-0.22854,-0.157532,-0.14215,0.162283,0.066535,0.034184,0.206661,-0.042036,0.116973,-0.193219,-0.124082,-0.066927,0.056755,0.111845,-0.104073,-0.264465,-0.194493,-0.385992,-0.032837,0.082821,-0.109428,-0.032052,-0.021209,-0.076695,0.162032,-0.005764,-0.464479,-0.083946,-0.140645,-0.080816,-0.170531,-0.031478,0.078743,-0.096469,-0.177646,0.00797,0.019505,-0.007667,0.113377,0.011624,0.109501,0.060608,-0.037809,0.305414,0.041053,-0.009125,-0.133674,0.005482,0.061458,-0.011505,0.029085,-0.101807,-0.115345,-0.250456,0.158106,-0.019994,0.143953,#
15,0.092202,-0.047691,-0.256974,0.029681,0.234613,0.054595,0.061238,-0.075635,0.017905,0.379466,0.128701,0.177792,0.184209,0.09487,0.080896,1.0,0.073888,-0.061064,0.048479,-0.259472,0.143394,-0.198675,0.056093,-0.31099,-0.244224,-0.320918,-0.047909,-0.153107,0.180726,0.222333,-0.187205,0.169503,-0.072185,-0.198772,0.152812,-0.065735,-0.088203,-0.172083,0.331346,0.35747,-0.118802,-0.057144,0.003188,-0.003575,0.080506,0.01956,-0.109226,-0.091249,-0.095583,-0.137298,0.391726,-0.123154,0.225021,-0.000815,-0.070451,0.169546,-0.132992,0.117162,0.044094,0.088529,-0.081707,0.179977,-0.160522,-0.057587,-0.031715,-0.116819,0.2251,0.080038,0.265554,-0.375202,0.022879,0.038597,-0.065985,0.030847,-0.098026,0.183241,-0.180219,-0.152036,-0.156173,-0.023435,-0.087125,-0.0329,0.170426,0.110289,-0.080553,-0.064259,0.005614,0.058987,-0.192672,0.011498,0.007433,-0.411452,0.026896,-0.150167,-0.239061,-0.184439,-0.090663,-0.047554,-0.243051,-0.034532,-0.018906,-0.018895,-0.101299,0.105458,0.023204,-0.150176,-0.20916,0.192757,-0.151206,0.180599,-0.363786,0.197064,-0.146347,-0.126983,-0.252736,-0.207516,0.078461,0.019099,-0.097415,-0.202929,-0.283018,0.014956,-0.137723,-0.073748,-0.034104,0.020724,-0.09833,-0.015508,-0.134893,-0.244707,-0.193536,-0.186263,-0.112337,-0.116749,-0.244964,-0.027766,-0.023151,-0.217723,-0.101949,-0.104896,-0.405676,0.052395,-0.041769,-0.098165,-0.162586,-0.037179,-0.070664,0.101933,-0.280165,-0.189733,0.016447,-0.27029,-0.210518,-0.461596,-0.191777,-0.005915,-0.153855,0.095047,-0.31491,-0.225095,-0.278621,-0.233255,0.003876,-0.107303,-0.10284,-0.1575,-0.450074,0.109761,-0.027319,-0.047527,0.049635,-0.080343,-0.190952,-0.018629,0.308068,-0.101827,-0.251465,0.209459,0.078554,0.005092,0.098793,-0.233565,-0.028329,0.383183,0.054446,-0.185463,0.136616,-0.184955,0.09671,0.031973,-0.255433,0.198974,0.303984,0.265275,0.071128,0.081745,0.094305,-0.147953,-0.032371,-0.053378,#
16,0.012915,-0.270924,-0.106058,-0.053821,0.09727,0.141819,0.089241,-0.100113,-0.116719,0.040363,0.434036,0.044473,-0.051335,0.014693,0.086357,0.073888,1.0,-0.245624,-0.068431,-0.146855,0.033842,0.046207,-0.080547,-0.137627,-0.103262,0.152486,-0.393381,-0.078693,0.021985,-0.045869,-0.112955,-0.008095,-0.172118,-0.02497,0.182275,0.099247,0.006792,0.09087,0.09381,-0.010242,-0.255551,-0.041572,-0.20121,-0.219943,0.099191,0.025503,-0.049949,-0.384144,0.27008,0.116903,0.087296,0.05804,-0.207809,-0.004237,0.28809,0.172588,0.015521,0.072976,0.198218,0.138468,-0.031432,0.027846,0.054195,0.142981,-0.022644,-0.252872,-0.155072,-0.246104,0.051006,-0.251647,0.234633,-0.072473,-0.251201,-0.226932,0.011052,0.150673,-0.194262,0.085273,-0.326721,0.085401,-0.156949,0.160573,-0.086466,0.205564,-0.216747,0.014032,-0.066878,-0.001446,-0.033325,-0.054746,0.059552,0.038486,0.080645,0.037425,-0.026556,-0.169031,-0.081596,-0.210159,-0.020364,-0.190223,0.185437,0.022549,-0.182107,-0.330692,-0.196635,-0.094916,-0.091001,-0.070806,-0.143358,0.178654,-0.322633,-0.127151,-0.052429,-0.132373,-0.160031,-0.027586,-0.110516,-0.196002,0.209213,0.058224,-0.113724,0.20468,0.00453,0.096777,0.03099,-0.010677,-0.123083,0.026195,0.096652,-0.148181,0.18425,0.193813,-0.107136,0.238397,-0.044201,-0.081569,-0.127071,-0.178917,-0.167504,0.064821,-0.131777,0.034156,0.230976,0.082382,-0.255127,0.018948,0.158661,-0.192577,0.192555,-0.040088,-0.065681,0.00364,-0.126401,-0.157188,-0.034014,-0.194418,0.116337,0.014802,-0.173286,0.12529,0.066841,-0.069597,-0.013112,-0.086602,-0.291778,0.09407,0.188133,0.03457,-0.1294,0.043241,0.337392,-0.108751,0.076997,0.155515,0.061177,-0.182245,-0.145312,0.181686,-0.007987,0.177377,0.009094,0.05134,0.262936,0.110911,-0.025689,-0.118726,0.097813,-0.042491,0.215425,-0.196037,-0.079661,0.215568,-0.042961,-0.142912,0.105263,0.030988,0.178538,-0.085941,-0.200699,0.107476,#
17,-0.105502,0.187531,0.174284,0.114924,-0.081649,-0.052361,-0.062658,-0.055333,0.283847,0.120148,-0.274071,-0.112479,-0.073905,0.124618,-0.211278,-0.061064,-0.245624,1.0,0.126227,0.055823,0.10403,-0.063907,0.100495,0.005371,0.090482,-0.045207,-0.101707,0.038609,0.03544,-0.005172,0.176641,-0.105238,0.227408,0.166955,-0.037983,0.182068,0.022004,-0.129849,-0.132785,-0.095067,0.007349,-0.125934,0.043406,0.162075,-0.04193,-0.075613,0.08991,0.170947,-0.169373,0.035168,0.242341,-0.061464,0.210515,-0.062744,-0.167542,0.003811,0.338519,0.232512,0.12214,-0.004554,0.159673,-0.090441,0.087957,-0.166611,-0.074858,0.083044,0.133305,0.036775,-0.117925,0.048912,-0.115953,-0.196896,-0.057744,0.023948,0.10898,-0.175041,0.136261,0.022448,0.056765,0.294851,0.192202,0.173669,-0.097251,-0.141096,0.434715,-0.123697,0.141146,0.086964,0.150376,0.207651,-0.156516,0.158768,-0.030261,0.109495,-0.003074,-0.184116,-0.046618,0.113719,0.327173,0.161062,0.080104,0.143934,0.189867,0.161736,0.061572,0.18771,-0.125765,-0.027653,0.034521,-0.097882,0.138547,0.148322,0.166712,0.264821,0.090106,0.08686,0.009407,0.20879,-0.064107,-0.055495,0.25568,0.125805,0.000606,-0.102169,0.20366,0.10173,0.263616,0.070723,-0.220929,0.261928,0.21503,0.024121,-0.163437,0.081235,-0.162072,0.172659,-0.073541,0.183218,0.193584,-0.053039,0.129274,0.019588,0.108231,-0.087579,0.15207,-0.290408,-0.116452,0.050911,0.094225,0.061866,0.113383,-0.150086,0.116106,-0.041148,0.094283,0.097752,0.054583,0.219641,0.067073,0.282496,0.03468,0.086734,-0.140483,0.329133,0.274033,-0.067779,0.048568,-0.06977,0.055435,0.273001,0.007415,-0.079361,0.066925,-0.029015,-0.138951,0.255331,-0.011085,0.187931,0.016138,-0.202471,0.090501,0.05462,-0.236147,-0.263744,-0.074142,0.049203,-0.070324,0.190942,-0.260933,0.298812,0.158429,-0.173431,0.139947,-0.083613,0.071665,0.006529,-0.082886,0.121097,0.334153,-0.271039,#
18,-0.107474,-0.041065,-0.145215,-0.329867,0.049183,0.100199,0.105609,-0.214862,0.255664,0.052411,-0.09479,0.014286,0.035681,0.067146,-0.158805,0.048479,-0.068431,0.126227,1.0,-0.089599,0.192527,0.078842,0.329038,0.06577,0.04167,-0.184878,0.186114,0.191443,-0.200189,0.206673,-0.018465,-0.265674,-0.137137,0.182754,-0.105086,0.134456,-0.168005,-0.245539,0.014517,-0.141315,-0.063722,-0.183588,0.187597,0.2463,-0.294631,-0.045354,0.034654,0.107678,-0.117606,-0.002803,0.258167,0.041588,0.192923,-0.214627,-0.066546,0.113756,0.082294,-0.142495,-0.181539,0.200342,-0.137259,-0.052269,-0.079292,-0.034879,0.091429,0.105613,-0.193687,0.059155,-0.128465,0.129801,0.139419,-0.118127,-0.17118,0.254948,-0.066333,0.138688,-0.038918,-0.366786,0.060396,0.010755,-0.148059,-0.039927,-0.301033,0.198732,0.083406,-0.068148,-0.152709,-0.035,0.03269,0.146267,-0.154299,0.048327,-0.073088,0.171851,0.081204,-0.083565,-0.032262,-0.087226,-0.250654,-0.047254,0.208435,0.087569,-0.110478,0.149396,-0.012322,-0.165819,0.053255,-0.018542,0.039317,0.122055,0.113433,-0.039027,0.039283,-0.073044,-0.315802,-0.158438,-0.033918,0.069965,0.120147,-0.131344,-0.110701,-0.267824,-0.274395,-0.377095,-0.068322,-0.249793,0.136656,-0.11555,-0.041057,-0.103705,0.025819,0.003688,0.044524,0.120789,-0.286044,-0.03766,0.134612,-0.157676,-0.128302,-0.17803,-0.020444,0.018798,-0.260103,-0.25799,-0.163646,-0.169986,-0.115615,0.151934,-0.1748,-0.052198,0.248254,-0.311799,0.292256,-0.149054,-0.281123,-0.171783,-0.074313,0.203532,0.073643,0.178936,-0.036423,-0.22264,-0.086212,0.079605,0.067465,-0.030825,0.17736,-0.042017,-0.064395,0.08688,0.188747,0.344536,0.033494,-0.144646,0.280656,-0.262042,0.182689,0.126878,0.146056,0.063706,0.239101,-0.045925,0.03082,0.123461,-0.030371,0.182868,0.207253,0.176839,-0.312292,0.17441,0.031377,-0.148702,-0.1678,-0.047957,-0.16884,0.300373,0.117795,0.062312,0.316782,-0.074931,#
19,-0.23322,-0.090352,0.088329,0.223946,-0.130214,-0.193903,-0.13899,0.205265,0.108681,-0.217259,-0.276167,-0.134231,0.079982,-0.015572,-0.122164,-0.259472,-0.146855,0.055823,-0.089599,1.0,-0.290933,-0.055069,-0.110239,0.419966,0.166693,0.173264,0.037078,-0.032124,-0.214521,-0.037569,0.188072,0.032947,-0.036075,0.4232,-0.187291,-0.071775,0.161683,0.089801,-0.07763,-0.24343,-0.05858,-0.073074,0.070748,-0.024009,0.102694,0.172439,0.100813,0.090271,-0.08745,0.053359,-0.109987,0.297753,-0.023687,-0.110332,-0.411423,-0.13289,0.171163,-0.29531,-0.005472,-0.262073,-0.057145,-0.09455,0.127186,0.11415,-0.123484,-0.058244,0.339213,-0.118537,-0.131377,0.199481,0.080433,-0.049851,-0.050577,0.096692,0.006954,-0.126033,0.572054,0.204146,0.381143,0.192167,0.483974,0.137804,0.279587,-0.121734,0.219619,0.238041,-0.006162,-0.056235,0.293825,0.163618,0.089414,0.303562,0.39286,0.022266,-0.255974,0.128706,0.155494,0.188981,0.163885,0.151185,-0.214201,0.290452,0.078346,0.113555,0.149317,0.238266,0.118299,0.04542,0.228811,-0.186107,0.359161,0.058776,0.481268,0.238226,0.247499,0.103973,0.337626,0.098647,0.020962,0.042352,0.368297,0.056439,0.294906,0.044196,0.019961,0.257754,0.002026,0.090173,0.161116,0.376658,0.035562,0.218245,0.197152,0.021086,0.12232,0.122352,-0.146056,0.151207,0.018598,0.183884,0.296893,0.053807,0.27971,0.119787,0.266035,0.261192,0.083977,-0.233646,0.126463,0.248856,-0.051891,0.173268,0.198706,0.239206,0.387828,0.42561,0.050189,-0.103215,0.254673,0.255108,0.182998,0.301475,0.08929,0.187867,0.315122,-0.06491,0.360662,0.076232,0.128107,0.202087,-0.267804,0.219711,0.151254,0.104628,-0.263968,0.149865,0.04861,-0.291405,-0.275281,-0.033362,-0.15292,-0.086662,-0.028362,-0.343278,-0.082327,0.25293,-0.215899,0.214695,-0.226646,-0.323281,0.347579,-0.280543,-0.297432,-0.261587,-0.092003,-0.336836,-0.139721,0.228989,-0.002128,-0.069737,#
20,-0.039583,0.228476,-0.179715,0.014866,0.112904,0.085926,0.248629,-0.160355,-0.226976,0.281865,0.238268,-0.022298,0.230462,-0.171713,-0.235447,0.143394,0.033842,0.10403,0.192527,-0.290933,1.0,0.39848,0.10781,-0.009803,-0.023466,-0.083461,-0.074958,0.005954,0.363148,0.257004,-0.022771,-0.207279,0.201219,-0.060808,0.083897,-0.037479,-0.105322,-0.357454,-0.067238,0.175191,0.214655,0.057508,0.159253,0.068482,-0.022904,-0.0353,-0.447862,-0.163218,-0.163438,-0.150884,0.153963,-0.183009,-0.025729,-0.079143,0.20524,0.074834,-0.125493,0.129331,-0.021163,0.244883,0.125853,-0.162895,-0.050373,0.007049,0.151561,0.054798,-0.154555,-0.08547,-0.036668,0.00107,-0.371238,-0.076109,0.217289,-0.045665,-0.273776,0.030999,-0.106763,0.03541,-0.20791,-0.098453,-0.284192,-0.084644,-0.053091,0.052012,-0.126357,-0.393403,0.191538,-0.287969,-0.149041,-0.159661,-0.191108,-0.266596,-0.179235,-0.13565,0.050697,-0.080038,-0.371639,-0.124291,-0.24739,0.121663,0.312813,0.10769,-0.04782,-0.148465,0.021224,-0.069096,-0.196659,-0.247132,-0.34702,0.209832,-0.203358,0.018323,-0.298306,-0.057783,-0.175003,-0.0685,-0.046121,-0.118523,-0.155837,-0.092154,-0.197604,-0.119243,-0.259886,-0.157129,-0.133252,-0.233651,0.196868,-0.156564,-0.051763,-0.188804,-0.265885,-0.114734,-0.018747,0.147739,-0.218727,0.051622,-0.200803,-0.404093,-0.073866,-0.382212,-0.451041,0.012281,-0.130152,-0.042094,-0.230848,-0.109679,-0.313279,0.292156,-0.027212,-0.257193,0.146001,-0.379699,-0.294374,-0.291465,-0.316598,-0.2142,-0.158032,0.260699,-0.172162,-0.259777,0.081063,-0.077496,-0.291535,-0.013034,-0.354018,0.016357,-0.160981,0.034695,-0.028655,0.140072,0.211269,0.078328,-0.151713,0.028281,0.323629,-0.340743,-0.105112,0.272523,0.09756,-0.106585,0.175677,-0.004439,0.074566,0.200653,0.196058,-0.14704,-0.121791,0.110477,0.296554,0.327406,-0.242791,0.351233,0.28311,0.057926,0.20508,0.343163,0.368936,0.004792,0.150255,-0.062489,#
