0,1.0,0.173667,0.008899,-0.210711,0.373948,0.010822,0.202279,0.027996,0.392861,0.013791,-0.11607,0.275866,0.472467,0.11155,0.068131,0.000608,0.091784,0.032286,0.196192,-0.253259,-0.277106,0.023522,0.196125,-0.248195,-0.153368,-0.243276,-0.214777,-0.083578,0.200078,0.159192,-0.308404,0.018111,-0.180984,-0.17672,-0.311488,0.006814,0.174665,0.018829,0.110514,-0.079612,0.156103,-0.112173,-0.052496,0.08459,-0.084837,-0.117363,0.429547,0.188244,-0.099016,0.253307,-0.044555,-0.02114,0.152247,-0.068177,-0.039357,0.022398,-0.238084,0.023771,-0.139404,0.032263,0.160241,0.017604,-0.019909,-0.104188,0.121615,0.311546,-0.015188,0.038349,0.239382,-0.120365,0.179528,-0.306278,-0.145349,-0.213212,-0.329947,0.239271,-0.157677,-0.250162,-0.27814,-0.049281,-0.185446,-0.358135,-0.141005,0.054364,-0.109373,-0.081587,-0.323397,-0.19925,-0.00137,-0.330939,-0.085148,-0.136658,-0.12569,0.035373,-0.152555,-0.129389,-0.292838,-0.284264,-0.037056,-0.328967,0.114098,-0.437145,-0.128442,-0.254265,-0.235012,-0.038894,-0.198342,-0.035099,-0.229564,-0.05765,0.048367,-0.087648,-0.021737,-0.280288,-0.344163,-0.377487,-0.22856,-0.166066,0.127388,-0.533151,-0.196857,-0.29837,-0.281671,-0.296817,-0.358407,-0.037058,-0.299249,0.037259,-0.011136,-0.248714,-0.053725,-0.156933,-0.04931,0.091383,-0.322388,-0.393178,0.00096,-0.385574,0.002696,-0.309062,-0.165203,-0.242587,-0.291041,-0.205552,-0.282773,-0.082884,-0.362152,0.262454,-0.269981,-0.161586,-0.285994,-0.411009,-0.041769,-0.196861,-0.324441,-0.16113,0.313159,0.303244,-0.289351,-0.185953,-0.195188,-0.048594,-0.32064,-0.099136,0.126527,-0.00603,0.109249,-0.094686,-0.223704,-0.299788,-0.024944,0.184259,-0.11018,-0.158511,0.249554,-0.048006,0.021978,0.250476,0.292213,-0.389143,0.126913,0.146018,-0.107564,0.017312,0.341131,-0.044217,0.295248,0.133444,-0.191824,0.415432,-0.151719,-0.021412,0.30519,0.330263,-0.076424,0.188338,0.27837,-0.270716,-0.14129,0.073288,#
1,0.173667,1.0,-0.014952,0.121157,0.1318,-0.053533,-0.016916,-0.005347,0.068368,0.180551,-0.202164,0.08661,0.05584,-0.010257,0.167521,-0.038173,-0.180939,0.128353,0.051767,-0.098876,-0.037598,0.217912,0.058398,-0.016045,-0.110523,-0.008768,0.080665,0.079559,0.197517,0.221945,-0.41088,0.183596,0.022152,0.152323,-0.176328,0.031054,0.299336,-0.059101,0.04237,-0.11203,0.172184,0.005205,0.232279,0.107043,-0.246656,-0.234234,0.257407,0.220758,0.040409,0.27967,0.043061,-0.124936,0.086491,0.041614,0.010638,-0.04657,-0.150432,-0.063377,-0.169092,0.017321,-0.106332,-0.0671,-0.082865,0.104359,0.050163,-0.111268,0.152942,0.122339,0.137047,0.058266,-0.035144,-0.187454,0.034114,-0.005147,-0.085337,0.060383,-0.110198,-0.079687,-0.113758,-0.204429,-0.123958,-0.202767,-0.216685,0.11939,-0.205357,-0.091076,-0.179693,-0.045957,-0.045359,-0.006949,0.130107,0.007961,-0.1453,0.174993,-0.272088,0.034443,-0.075887,-0.049964,-0.139122,0.005344,0.065252,-0.109968,-0.277944,-0.1099,-0.430039,-0.188226,-0.352681,-0.052818,-0.081562,-0.111158,0.047173,0.215404,-0.045831,-0.225875,-0.017364,-0.048812,-0.094446,-0.152349,0.154992,-0.060213,-0.148713,-0.059364,-0.086702,-0.172939,0.033399,-0.101267,-0.149068,-0.026418,0.091303,0.104135,-0.145231,-0.118531,-0.021656,0.135645,-0.116839,-0.079772,-0.164984,-0.173318,0.130281,-0.155112,-0.131519,0.127466,-0.033616,-0.238866,-0.114453,-0.258683,-0.052323,0.091382,-0.194599,-0.107884,-0.215519,-0.189329,-0.076419,0.051754,-0.093655,0.006108,0.008617,0.138821,-0.029616,-0.023516,0.015396,0.003682,-0.107464,-0.047365,0.048646,0.281135,0.147099,-0.224475,-0.172208,0.033012,-0.29126,-0.03112,-0.159206,-0.033826,0.076853,0.181464,-0.015343,-0.012235,0.043656,-0.181168,-0.018667,0.035034,-0.100902,-0.069654,0.01648,-0.143735,0.115724,-0.142126,-0.208462,0.169314,-0.046921,0.142292,0.068276,0.129255,-0.04341,-0.076226,0.133895,-0.166842,-0.042928,0.084001,#
2,0.008899,-0.014952,1.0,0.317567,0.002902,-0.360303,-0.024714,-0.069294,-0.01717,0.181345,-0.048307,0.026802,-0.006318,-0.062482,-0.20752,-0.165486,-0.027811,0.201543,0.056282,-0.125316,-0.038065,-0.054738,0.001301,0.12172,-0.047374,-0.110715,0.135331,-0.351572,-0.071334,-0.012428,-0.046163,0.051258,-0.055042,0.046482,-0.265085,-0.089687,-0.092915,-0.004055,0.071605,-0.260691,-0.098934,0.14226,0.030812,-0.206648,0.269322,-0.300442,0.152531,0.216792,-0.194996,0.065193,-0.239622,0.041007,-0.154284,0.279063,-0.18857,-0.219579,-0.133954,-0.086836,-0.112139,-0.003172,-0.083797,0.094075,-0.192655,-0.277278,-0.001667,0.088833,-0.223066,-0.019201,-0.192269,-0.034624,0.111623,0.034195,0.024025,0.232308,-0.119416,0.234818,-0.086621,-0.098233,-0.125225,0.009879,0.075319,0.035217,-0.142812,0.258882,0.025124,-0.119206,0.005698,0.037439,-0.124079,-0.173103,0.031932,-0.361049,0.130495,0.057942,-0.214971,0.272182,0.187942,0.226721,-0.019105,0.001324,-0.172235,-0.160198,-0.010182,0.102471,-0.182316,-0.079415,0.155954,0.113995,-0.019575,0.196641,0.233738,0.083673,-0.000974,0.044188,0.148941,-0.029587,-0.068641,-0.18586,0.026189,-0.010617,-0.248433,0.083347,0.106174,-0.035021,-0.028182,0.138849,-0.185224,-0.093509,0.065788,0.178772,0.306629,0.079736,-0.022033,0.018769,0.221103,0.018149,0.280963,0.253747,0.02759,-0.210288,0.214595,0.296459,0.083972,-0.248358,-0.073393,0.140049,-0.052331,0.002541,-0.309462,0.165216,-0.11579,0.31707,0.308949,-0.029205,-0.022913,0.009244,0.047711,0.070234,0.08871,-0.029898,0.197739,-0.074088,0.298873,0.073693,-0.019044,-0.099038,-0.200128,-0.302422,0.034532,0.008461,-0.026972,0.087515,-0.051363,0.03525,-0.099659,0.057094,-0.229544,0.019305,-0.213645,0.016569,0.063325,0.024727,-0.026849,-0.087057,-0.310002,0.154144,-0.054652,0.017841,0.028027,-0.090769,0.246604,-0.012818,-0.061402,-0.057449,-0.127942,-0.157449,-0.178782,0.029544,0.207493,-0.26539,#
3,-0.210711,0.121157,0.317567,1.0,-0.117145,-0.223667,-0.242788,-0.133406,-0.248722,-0.075373,0.174964,-0.331621,-0.183899,-0.199617,-0.097493,-0.168187,0.049028,-0.013831,0.087202,0.096671,-0.015673,-0.000568,-0.188621,0.01938,0.088804,0.212411,-0.040436,0.059653,-0.013603,-0.132245,0.1615,-0.017601,0.167391,-0.030248,-0.210559,-0.300237,-0.215774,0.059781,0.049816,0.182996,0.068308,-0.130216,0.112414,-0.011039,0.005298,-0.001207,-0.23189,-0.244296,-0.116551,-0.075026,-0.2511,0.339949,-0.127601,0.312078,-0.002375,0.133203,0.070785,0.025904,-0.034978,-0.185587,-0.128573,-0.114524,-0.00509,-0.016218,-0.15295,-0.32142,0.071082,-0.111888,-0.372254,0.142598,-0.052604,0.249825,0.22968,0.447259,0.080105,-0.034553,0.141135,0.024259,0.268252,0.149851,0.055151,0.116345,0.078095,0.073957,0.114006,0.025005,0.183688,0.165986,0.07057,0.089364,0.148217,0.157586,-0.005713,0.079607,-0.009093,0.2048,0.291562,0.300293,0.037308,0.182561,0.002996,-0.036135,0.300991,0.135791,-0.100382,0.045757,0.178048,0.187387,0.253757,0.248019,0.101395,-0.097829,-0.044186,-0.030679,0.100063,0.167676,0.379846,0.095025,-0.033166,0.332022,0.100352,-0.029297,0.269648,0.179959,0.201244,0.138182,-0.110907,-0.062025,0.144169,0.251167,0.061308,0.031208,-0.084691,-0.1492,0.19154,0.280029,0.160349,0.101027,-0.151836,0.209942,0.061096,0.290642,0.304395,-0.149794,0.107799,0.131145,0.071188,-0.234452,0.123835,0.31583,0.17178,0.445621,0.232707,0.175072,0.256723,0.149059,-0.177339,-0.346809,0.300463,-0.11106,-0.082541,0.051771,0.037685,-0.132834,-0.300166,-0.062293,0.015076,-0.238026,0.128346,0.004922,-0.212312,-0.223096,0.0313,0.248001,-0.118264,0.114968,0.064715,-0.129454,-0.314315,0.328955,-0.412716,0.063988,-0.027286,-0.05487,-0.120674,-0.083725,-0.074245,-0.121554,0.147383,-0.285069,0.247815,-0.02106,-0.221458,-0.196422,-0.146252,-0.197049,-0.271489,0.170989,-0.246414,-0.030967,#
4,0.373948,0.1318,0.002902,-0.117145,1.0,-0.051822,0.168524,-0.136083,0.090644,0.253053,-0.116501,0.170449,0.296966,0.02893,0.046056,-0.133592,0.135575,-0.00165,-0.149981,-0.235892,0.055847,-0.007291,0.272379,-0.110348,-0.321217,-0.03282,-0.015149,-0.145226,-0.001628,0.173169,-0.175143,0.084859,-0.284107,0.070277,-0.34553,0.116068,0.087852,-0.235288,0.204267,-0.051847,0.067335,-0.106707,0.025864,0.029702,-0.109411,0.013319,0.166755,0.292981,0.074948,0.024874,0.101261,-0.468957,0.029773,-0.103012,0.195481,-0.315109,-0.376041,0.222032,-0.213164,-0.09876,0.109739,0.128952,-0.172425,-0.072485,0.032266,0.331606,-0.052451,0.156735,0.229794,-0.095034,0.082257,-0.506664,0.094208,-0.539078,-0.29581,0.296864,-0.401821,-0.358671,-0.348991,-0.142599,-0.306625,-0.361036,-0.392911,-0.085414,-0.358789,-0.423484,-0.602816,-0.221957,-0.200134,-0.161752,-0.385205,-0.224066,-0.288897,-0.129498,-0.326931,-0.310447,-0.394474,-0.065689,-0.062575,-0.087538,0.130297,-0.291695,-0.148434,-0.229134,-0.380402,-0.493518,-0.244353,-0.174512,-0.142981,-0.051479,0.073039,0.03915,-0.24079,-0.434667,-0.323326,-0.104522,-0.158833,-0.45071,-0.045263,-0.307105,-0.225123,-0.251957,-0.264113,-0.188588,-0.036491,-0.021963,-0.479321,0.068069,-0.264722,-0.126553,-0.233104,-0.046741,-0.426849,0.044745,-0.165553,-0.469558,0.045128,-0.410356,-0.028278,-0.305267,-0.277376,0.051309,-0.024548,-0.124123,-0.508649,-0.27779,-0.184913,0.396469,-0.473766,-0.123621,-0.417527,-0.251593,-0.19542,-0.358302,-0.29869,-0.228048,0.154602,0.288476,-0.332167,-0.270513,-0.044845,-0.153931,-0.199998,-0.148507,-0.039598,0.298795,-0.027271,-0.092852,-0.259823,-0.129919,0.05262,-0.044411,-0.366326,-0.458134,0.059342,-0.224395,-0.184051,0.174691,0.136902,-0.247358,0.170374,-0.002549,0.118162,0.131234,0.291919,-0.120961,0.314797,-0.197007,-0.069999,0.314622,-0.152044,0.271681,0.338023,0.28964,0.054312,0.057179,0.20991,-0.267223,-0.392578,0.145002,#
5,0.010822,-0.053533,-0.360303,-0.223667,-0.051822,1.0,0.221692,0.207801,-0.080735,-0.025826,-0.029339,0.047059,-0.160819,0.449454,0.198194,0.042601,-0.032679,-0.126903,-0.096245,-0.130621,0.077464,0.079295,-0.011401,-0.335819,0.138433,-0.105482,0.040182,-0.007654,0.008786,0.022152,0.10454,0.210835,0.096106,-0.200285,-0.124683,0.033761,-0.048032,0.094573,0.099668,-0.013686,-0.008417,0.078921,0.080393,0.320465,-0.103246,0.085582,-0.10765,0.007921,0.171951,0.12922,0.219997,0.035951,0.335396,-0.269959,-0.01819,0.098338,0.196708,0.224393,-0.062026,0.307425,0.200107,-0.045667,-0.139274,0.310476,0.076141,-0.04394,-0.092,0.283211,0.063032,-0.16944,-0.163209,-0.147229,0.047382,-0.107812,-0.031954,-0.042859,0.259902,0.231397,-0.203108,0.002041,-0.095094,-0.043863,0.152006,-0.141008,0.001563,0.102488,0.006038,-0.210903,-0.113552,-0.151269,-0.063146,0.060134,0.043965,-0.243988,0.112219,-0.088832,-0.148874,-0.169148,0.083382,-0.202387,-0.022848,0.019352,0.050673,-0.324734,0.164903,-0.012653,-0.143115,-0.358408,-0.182831,-0.397707,-0.099041,0.129303,-0.0981,-0.112314,-0.152955,-0.180726,0.011912,-0.122893,-0.083992,-0.141597,0.003358,0.069216,-0.062983,-0.075545,-0.244488,0.039141,0.003573,0.087433,-0.104568,-0.185477,-0.04554,-0.145668,-0.100024,0.148506,-0.108716,-0.148933,0.089785,-0.141335,-0.136444,-0.025344,-0.150894,-0.2554,-0.389093,-0.18995,0.084345,-0.005323,0.048959,0.011945,0.251587,-0.120113,-0.020999,-0.054216,-0.127581,0.213095,-0.110322,-0.086837,0.209058,0.100752,-0.226712,0.135507,-0.129691,-0.05551,-0.031549,0.034245,0.05137,0.143459,0.38232,0.226131,0.035068,-0.063292,0.248325,-0.069406,0.13739,0.171926,0.278936,0.036017,0.033599,0.031634,0.250892,-0.103046,0.130491,0.068551,0.001977,0.140332,0.189848,-0.310908,0.081091,-0.000649,0.037764,0.267303,0.006709,-0.074044,0.135177,-0.179715,0.183588,0.149914,0.098262,-0.133984,0.053956,0.266248,#
6,0.202279,-0.016916,-0.024714,-0.242788,0.168524,0.221692,1.0,0.238256,0.426976,-0.019438,0.225445,0.275721,0.084203,0.011443,0.131385,0.183879,-0.175582,-0.139354,0.102486,-0.092601,-0.055662,0.259631,0.125978,-0.328009,-0.074362,-0.005072,0.076466,-0.332112,0.225871,0.064517,-0.336268,0.027731,-0.094522,-0.246089,-0.037674,0.134671,0.174522,-0.170123,-0.061417,0.096211,0.017078,0.092998,-0.299146,0.004081,-0.030615,0.051336,0.062121,0.207254,0.166303,0.275439,0.2546,-0.099848,0.13279,-0.085897,0.027123,0.005544,0.050244,0.065873,0.011219,0.218005,0.228328,0.178728,-0.218127,0.196379,0.062487,-0.023914,-0.130534,0.021005,0.187467,-0.272875,0.116896,-0.317344,0.013731,-0.323057,-0.459621,0.232243,-0.211778,-0.248578,-0.448549,-0.251896,-0.161189,-0.294324,-0.10021,-0.457294,-0.341271,-0.040213,-0.23344,-0.127807,-0.419234,-0.096777,-0.095576,-0.250027,-0.087241,-0.159668,-0.456644,-0.054197,-0.284572,-0.415829,-0.169308,-0.166463,-0.139839,-0.204595,-0.235994,-0.291052,-0.084419,-0.145833,-0.112057,-0.210026,-0.335505,-0.118207,-0.05677,0.102957,-0.176189,-0.256905,-0.087051,-0.335911,-0.216922,-0.12665,0.000647,-0.394671,-0.134095,-0.17065,-0.087988,-0.403021,-0.174159,-0.067314,-0.305171,-0.013195,-0.243873,-0.224394,-0.218604,-0.226111,-0.220592,-0.014972,-0.136528,-0.202135,0.088989,-0.210498,-0.012759,-0.378672,-0.280982,-0.154363,-0.333853,-0.076389,-0.167149,-0.136485,-0.449667,0.436533,-0.085181,-0.345339,-0.136274,-0.296007,-0.35423,-0.094323,-0.217525,-0.224315,0.093612,0.341576,-0.089609,-0.191263,0.069337,-0.213316,-0.174596,-0.154041,-0.044321,0.353871,-0.065554,0.103438,-0.005337,-0.131124,-0.024679,-0.007589,0.00128,-0.185147,0.35611,-0.373367,-0.190973,0.483817,0.30759,-0.276924,0.368634,0.318495,0.069954,0.118025,0.403537,-0.092504,0.009856,0.00019,-0.038567,0.344287,0.000836,0.154715,0.3391,0.062283,-0.084634,0.227094,0.47193,-0.24441,-0.130536,0.139993,#
7,0.027996,-0.005347,-0.069294,-0.133406,-0.136083,0.207801,0.238256,1.0,0.01134,-0.220798,-0.282924,-0.12202,-0.02127,0.152114,0.159049,-0.253976,-0.09251,0.0123,0.13023,0.036334,-0.062899,0.369991,-0.122953,-0.171247,-0.101861,0.20092,0.340626,0.053712,-0.309497,-0.013273,0.055137,0.3887,0.173814,-0.118153,-0.026982,-0.003774,0.105783,-0.187634,0.107397,-0.190974,-0.065399,0.252884,0.244172,0.010441,-0.208869,0.015989,0.082975,0.067918,-0.274802,-0.065871,-0.068687,0.055217,0.213421,-0.314716,-0.147174,0.17818,0.206154,-0.125682,-0.051082,0.208712,-0.083694,0.203968,-0.16342,0.274425,0.235791,0.181749,-0.043318,0.074824,-0.080464,-0.253321,0.134138,-0.000961,-0.138058,0.042482,-0.165366,-0.219676,0.105774,-0.072838,-0.205131,0.126583,0.157502,-0.109216,0.199871,-0.121314,0.077808,0.35398,0.174395,0.156327,0.068412,0.077209,0.042216,0.020824,0.037238,0.040974,0.080344,0.159175,-0.13666,0.052618,-0.024185,-0.208857,-0.055972,-0.140416,0.043668,-0.008821,-0.170412,0.067254,0.09409,-0.257979,0.024169,-0.270363,-0.028303,0.156816,0.053111,0.054367,0.094377,0.007697,0.028703,0.170359,0.054024,-0.140165,-0.091133,0.041594,-0.066572,-0.07694,-0.057364,0.163104,0.054574,-0.311347,0.111664,0.047268,0.035117,-0.174162,0.067792,-0.013838,0.069768,0.030674,0.187691,0.042621,0.001728,-0.139037,-0.089108,-0.315101,-0.068831,0.065034,0.150878,-0.149519,0.002169,0.043421,0.150778,0.174083,0.069381,-0.102174,0.221615,0.069661,0.349303,0.084929,0.095043,-0.038206,-0.180328,0.195036,0.103371,-0.069724,0.020457,0.104749,0.248618,0.016472,0.009775,0.112042,-0.103252,0.174333,-0.108887,-0.012091,0.081766,0.129255,0.103854,0.087328,0.002444,-0.002304,0.023177,-0.238056,-0.015709,-0.116665,-0.117151,-0.118136,-0.074714,-0.057535,-0.002171,0.160585,-0.060943,0.014017,0.127318,-0.010384,-0.061668,-0.178097,0.073078,0.127796,-0.150642,-0.075152,0.089982,-0.122425,#
8,0.392861,0.068368,-0.01717,-0.248722,0.090644,-0.080735,0.426976,0.01134,1.0,-0.070916,0.13656,0.190674,0.242008,-0.079773,0.28253,-0.081031,-0.166358,0.178158,0.27146,-0.097646,-0.159389,0.042782,0.319848,-0.092063,0.013255,-0.228531,0.011953,0.017227,0.375022,0.109389,-0.158624,0.079643,0.12181,-0.085579,-0.173971,-0.04977,0.373359,-0.206801,0.039047,-0.048477,0.033781,-0.146294,-0.273016,-0.043868,0.055382,-0.161277,0.354585,0.254956,0.142123,0.237047,-0.018335,-0.096402,0.059424,0.118835,0.039408,0.016274,-0.027832,-0.160237,0.050127,-0.017134,0.055854,-0.015771,-0.115048,-0.020533,-0.041916,0.12202,0.133286,-0.139579,0.206644,0.169803,0.135412,-0.21528,0.076021,-0.097923,-0.270242,-0.033489,-0.151465,-0.314674,-0.258219,-0.150854,0.020369,-0.276596,-0.11929,-0.076003,-0.128362,0.118534,-0.151722,-0.043093,-0.225291,-0.144755,0.12274,-0.086114,-0.301201,0.318925,-0.15274,0.092418,-0.136273,-0.323273,0.093316,-0.131725,-0.18993,-0.280378,-0.300089,-0.177498,0.046285,0.028472,-0.184751,0.161061,-0.169299,0.038329,0.130697,0.049927,0.006202,-0.08919,0.025929,-0.502612,-0.157644,-0.086552,0.232266,-0.370959,-0.139947,-0.166224,0.053856,-0.586837,-0.239272,0.044727,-0.103781,0.062081,-0.088356,-0.282795,0.109045,-0.157047,0.078955,0.014783,-0.068726,-0.050056,-0.221433,-0.142741,0.212698,-0.075653,-0.027757,-0.027483,-0.364747,-0.211878,-0.225919,-0.057591,-0.148411,0.325895,-0.042312,-0.17053,-0.003602,-0.283604,-0.113691,-0.191402,-0.084654,-0.151891,0.155178,0.42964,0.036148,-0.161744,0.1005,-0.112405,-0.110233,0.072875,0.120346,0.043766,-0.11021,-0.131961,-0.121224,0.011323,-0.17275,0.256627,0.039468,-0.290866,0.23346,-0.22899,-0.136349,0.313145,0.152375,-0.323213,0.277234,0.205629,-0.138387,-0.109027,0.135178,0.126662,-0.07436,0.079412,-0.292929,0.138322,0.10809,-0.11342,0.153402,0.079752,-0.137526,0.09359,0.320154,-0.227174,0.009206,-0.033734,#
9,0.013791,0.180551,0.181345,-0.075373,0.253053,-0.025826,-0.019438,-0.220798,-0.070916,1.0,-0.128927,0.157925,0.248346,0.184772,-0.19936,-0.087694,-0.440474,0.286361,-0.140845,-0.037748,0.136915,-0.100437,0.10117,0.122174,0.144687,0.123211,0.056715,-0.261435,-0.048227,0.18296,-0.046698,-0.042565,-0.05773,0.237521,-0.308489,0.261138,0.009609,-0.156026,-0.113263,-0.166968,0.078639,0.257649,0.146393,0.176479,0.192398,-0.272302,-0.002306,0.426422,0.214393,0.103276,-0.148261,-0.200692,0.007695,-0.061808,-0.038777,-0.438196,-0.120304,-0.003727,0.111456,-0.064805,0.000196,0.343808,-0.155823,-0.270547,0.032914,-0.037564,0.023247,0.248374,0.047839,-0.091604,0.038045,-0.208437,0.047262,-0.045379,0.179259,0.187618,-0.249141,-0.333537,0.027816,0.002965,-0.032656,0.008416,-0.165419,-0.153053,-0.029031,-0.149142,-0.253948,-0.053051,-0.214935,0.122675,-0.180559,0.021028,-0.187381,0.119524,-0.070249,0.170902,0.087855,0.047037,0.210441,-0.097793,-0.127183,-0.168233,0.039853,0.001989,-0.170784,-0.188356,-0.161133,-0.228969,-0.126891,-0.087089,0.348992,0.107923,-0.040102,-0.213366,-0.099715,0.031082,-0.173746,-0.290766,0.251959,-0.311725,0.00493,0.122889,0.078093,-0.029627,-0.138669,0.034425,-0.175873,-0.07356,-0.101068,0.174999,0.025328,0.082683,0.031578,0.598416,-0.051092,0.091797,-0.077374,0.004082,0.331007,-0.228564,0.120382,0.06173,-0.026906,0.028829,-0.020391,0.037255,0.115304,0.044558,-0.341018,0.117943,-0.492373,0.005674,0.120217,0.042087,0.007485,0.17628,0.279001,0.288673,-0.096076,0.127927,-0.050438,0.048422,-0.053698,0.256847,0.017185,0.285212,-0.19411,-0.135483,0.023045,0.004992,0.048409,-0.027521,-0.151307,-0.34104,0.131704,0.086123,-0.052111,-0.076973,0.154563,-0.008292,-0.048951,-0.046075,-0.266501,0.11738,-0.153842,-0.105609,0.055627,-0.153687,-0.265375,0.238936,0.004145,-0.103061,-0.072854,-0.041418,0.054455,-0.335755,-0.01702,-0.007586,0.263585,-0.098439,#
10,-0.11607,-0.202164,-0.048307,0.174964,-0.116501,-0.029339,0.225445,-0.282924,0.13656,-0.128927,1.0,-0.086227,-0.236293,-0.076818,0.22097,0.232094,0.026456,-0.342318,0.07401,0.069424,-0.149398,0.012103,-0.081005,0.136518,-0.024169,0.219413,-0.128071,0.077311,0.221092,-0.259101,0.059758,-0.152335,-0.077287,-0.203101,0.196703,-0.213403,-0.150568,0.166157,0.054312,0.357697,-0.221818,-0.147015,-0.307262,-0.04218,0.20238,0.072738,-0.239005,-0.289549,0.291407,-0.086848,0.165782,0.218105,0.0229,0.292097,0.096733,0.295937,0.103378,-0.056127,0.026278,0.093226,0.163865,0.058028,0.157898,0.023376,0.05398,-0.158987,-0.005806,-0.175678,-0.410769,0.050653,-0.078843,0.201514,0.268557,0.128485,-0.075835,0.14273,-0.077013,0.160661,0.091955,-0.100175,-0.074419,0.16836,0.064589,-0.11822,-0.10898,-0.041378,0.218257,0.091432,-0.192818,-0.109175,0.152605,-0.101594,0.235485,-0.187721,0.081878,0.183207,0.011235,-0.02592,-0.178144,0.134933,-0.039335,0.099592,-0.044758,0.030047,0.21861,0.096105,-0.088852,0.091518,-0.101721,0.324939,-0.174815,-0.175981,-0.104448,0.217091,-0.106307,-0.109406,0.108314,0.027954,-0.199606,0.146607,0.213049,-0.092714,0.222621,0.16229,0.224422,-0.119788,0.019384,0.075942,-0.069364,-0.070255,0.194644,-0.157995,-0.232973,-0.226697,0.189822,0.175497,0.096658,-0.077141,-0.11398,0.174985,-0.034847,0.185213,-0.079541,-0.054631,-0.016237,0.111163,-0.204588,-0.25214,0.31427,-0.187593,0.202029,0.175963,-0.287711,-0.03329,-0.072491,-0.087336,-0.248472,-0.025458,0.211103,-0.024929,-0.096813,-0.242771,0.076355,-0.256856,-0.272542,-0.088527,0.046113,0.187288,0.347861,-0.31194,0.085323,-0.32022,-0.101302,0.166219,0.08537,-0.209147,-0.213064,0.040716,-0.1413,0.095447,-0.084222,0.223226,0.178522,0.299625,-0.032417,0.166908,-0.130644,-0.191245,0.355976,-0.140433,-0.014898,0.243484,0.039256,-0.169596,-0.01184,-0.071278,0.088308,-0.006798,-0.163265,0.037446,#
11,0.275866,0.08661,0.026802,-0.331621,0.170449,0.047059,0.275721,-0.12202,0.190674,0.157925,-0.086227,1.0,0.079472,-0.073142,-0.061524,0.300504,-0.069003,-0.115634,-0.202347,-0.339399,0.015615,-0.035477,-0.022682,0.065341,0.089096,-0.082816,0.034775,-0.377464,0.193059,0.261578,-0.38179,0.035795,-0.240224,0.000792,-0.058791,0.178739,-0.273596,-0.051505,-0.119452,0.053219,0.120091,-0.092866,-0.228966,-0.211732,-0.106297,-0.052493,-0.017274,0.1191,-0.056546,0.042815,-0.132598,-0.288557,-0.084275,0.05517,0.128326,-0.228511,-0.239074,-0.132045,-0.00553,0.222039,-0.148924,0.197968,-0.060566,0.036149,0.163843,-0.176253,-0.266274,0.023329,0.179075,-0.162164,0.062349,-0.227424,0.005856,-0.330967,-0.28831,0.018939,-0.321472,0.082021,-0.359258,-0.165426,-0.227605,-0.278685,-0.233449,-0.018973,-0.177482,-0.098731,-0.151361,-0.361594,-0.191412,-0.091195,-0.060927,-0.181113,-0.108374,-0.242561,-0.28998,0.012264,-0.038926,-0.326708,-0.244212,-0.004139,0.036374,-0.196098,-0.11789,-0.247143,-0.081828,-0.223754,-0.077136,-0.063939,-0.356199,-0.031014,-0.190272,0.058276,-0.41807,-0.027828,-0.077091,-0.328151,-0.306863,-0.117591,-0.346056,-0.178835,-0.259806,-0.250539,-0.233913,-0.119137,-0.139747,-0.1809,0.012037,-0.157812,-0.133609,-0.176855,-0.20242,-0.146522,-0.107126,0.035514,-0.285615,-0.119822,-0.240224,-0.387292,0.103902,-0.1919,0.058238,-0.013544,-0.258923,-0.204871,-0.308415,-0.205874,-0.204131,0.071485,-0.314706,-0.267418,-0.286782,-0.355961,-0.117782,-0.189261,-0.205819,-0.415036,0.116096,0.161638,-0.06965,-0.03082,-0.012399,-0.1205,-0.034351,-0.181896,-0.160617,0.121734,0.047329,0.130187,0.089281,-0.299489,0.213986,0.096284,-0.193808,-0.156084,0.305201,-0.331344,-0.389818,0.163127,0.168846,-0.249452,0.455943,-0.022517,0.34264,0.129055,0.379656,-0.088766,0.16893,0.087101,0.037794,0.368702,0.091772,0.271377,0.325679,0.095187,-0.10503,0.200003,0.233383,-0.242938,-0.005584,-0.017345,#
12,0.472467,0.05584,-0.006318,-0.183899,0.296966,-0.160819,0.084203,-0.02127,0.242008,0.248346,-0.236293,0.079472,1.0,0.130019,0.145112,-0.08619,-0.09209,0.181495,0.080279,0.065799,-0.158698,0.143293,0.376333,-0.14267,-0.240108,-0.152544,0.097514,-0.160968,0.208106,-0.057439,-0.327968,0.150291,-0.049569,0.102726,-0.106512,0.055699,0.247813,-0.179779,-0.004126,-0.159197,0.252112,0.20473,-0.086233,-0.060109,0.128415,-0.060145,0.477292,0.330772,-0.013398,0.18428,-0.115084,-0.15668,0.155817,-0.10531,0.029784,-0.148326,-0.158834,0.119294,0.077965,-0.089744,0.181041,-0.033149,-0.180867,-0.111269,0.092639,0.289399,0.153758,-0.048881,0.30223,-0.19326,0.214435,-0.293048,-0.085054,-0.152616,-0.1695,0.168692,-0.13324,-0.450198,-0.09643,-0.19883,-0.122547,-0.252646,-0.195761,-0.261698,-0.031491,-0.01618,-0.27695,-0.027821,-0.169573,-0.048624,-0.180967,-0.239984,-0.225873,0.090221,-0.114252,-0.152884,0.043796,-0.145906,0.095334,-0.603923,0.328834,-0.211838,-0.246121,-0.310545,-0.283126,0.018924,-0.176631,-0.100632,-0.236445,-0.0711,0.296571,-0.170949,0.011957,-0.330775,-0.190659,-0.253409,-0.460033,-0.064764,0.271534,-0.522156,0.017049,-0.370605,-0.018971,-0.313205,-0.116766,0.058777,-0.412398,0.080791,-0.197295,-0.165647,-0.062568,-0.059423,0.112648,0.128322,-0.218406,-0.039798,-0.069134,-0.029617,0.116269,-0.396437,-0.289806,-0.225584,-0.199215,0.08476,-0.265739,-0.041867,-0.199201,0.356408,-0.442452,-0.00549,-0.162806,-0.291142,0.065327,-0.093595,-0.068236,0.106582,0.386476,0.360696,-0.269065,-0.206603,-0.246879,-0.043161,-0.348189,-0.049336,0.252876,0.092883,-0.081774,-0.136717,-0.319683,0.03417,0.095017,0.262711,0.059895,-0.270897,0.281075,0.080947,0.050408,0.299459,0.224232,-0.412175,0.157863,0.216342,-0.141013,-0.132419,0.102881,-0.134047,0.284719,-0.006383,-0.384191,0.369163,-0.104905,-0.060746,0.165746,0.24529,-0.044307,0.023415,0.302881,-0.198286,-0.053498,0.052618,#
13,0.11155,-0.010257,-0.062482,-0.199617,0.02893,0.449454,0.011443,0.152114,-0.079773,0.184772,-0.076818,-0.073142,0.130019,1.0,0.028789,0.020502,-0.189205,0.102349,0.17098,-0.175934,-0.027788,0.016844,0.228481,-0.182379,-0.085345,-0.271756,0.20336,0.089013,0.109774,-0.096332,0.108664,0.186376,0.060966,-0.187746,-0.149742,0.152049,0.076034,0.071541,-0.083845,-0.409361,0.131185,0.267708,0.340625,0.269474,-0.141866,-0.322519,0.248208,0.219093,0.159387,-0.021645,-0.002925,0.087632,0.043046,-0.301235,-0.309779,-0.256198,0.177981,-0.079453,0.049592,0.022098,0.237161,0.280283,-0.100739,0.046799,0.172907,0.382492,0.189202,0.348298,0.118126,-0.07146,-0.0724,-0.22027,0.088706,-0.202892,-0.03321,0.228244,-0.042301,-0.12992,-0.107272,0.024228,-0.11601,-0.182044,0.011085,0.020609,0.006306,-0.004521,0.033315,-0.072796,-0.089892,-0.066458,-0.021974,-0.193902,-0.043089,0.057004,0.16324,-0.142562,-0.150358,0.033515,-0.03021,-0.32749,0.014172,-0.041163,0.023577,-0.137132,-0.043526,-0.027927,-0.129763,-0.399484,-0.124944,-0.149133,0.13301,0.188615,-0.04926,0.072434,-0.055516,-0.016663,-0.308294,-0.118167,0.16579,-0.225072,-0.05327,-0.000329,-0.084365,-0.023042,0.022593,0.060759,-0.207319,0.001998,-0.025709,-0.129247,-0.043598,0.195704,-0.121157,0.337271,-0.138986,-0.154594,-0.111777,-0.052706,0.157971,-0.123146,-0.168664,-0.311189,-0.128562,-0.242081,0.006283,0.164922,-0.075254,-0.00994,-0.067988,0.046583,-0.145992,-0.052787,-0.175481,-0.011121,0.123012,0.058334,0.329773,0.366497,-0.242777,0.099544,-0.052034,-0.149411,-0.004438,0.178964,0.079901,0.058088,0.187247,0.06835,-0.171828,0.134818,0.042215,0.17398,-0.244056,-0.107705,0.137465,0.156439,-0.087356,0.094319,0.352517,-0.233883,0.146113,-0.111905,-0.137536,-0.07984,0.123427,-0.107682,0.082575,-0.024455,-0.068871,0.150946,-0.058165,-0.205779,0.241764,0.12708,0.199062,0.000423,0.200602,-0.245073,0.161044,-0.017358,#
14,0.068131,0.167521,-0.20752,-0.097493,0.046056,0.198194,0.131385,0.159049,0.28253,-0.19936,0.22097,-0.061524,0.145112,0.028789,1.0,0.046283,-0.117406,-0.261752,0.002619,0.002515,-0.195514,0.385651,0.203485,-0.031736,-0.124097,0.037163,0.026196,0.194094,0.298076,-0.022979,-0.204648,0.392169,0.119948,0.036364,-0.192458,-0.188955,0.053899,0.052825,0.362663,0.131814,-0.205471,0.167952,-0.089079,0.025372,-0.120282,0.275243,0.320626,-0.174238,0.072106,0.17628,0.041457,0.058333,0.076629,-0.235741,0.041924,0.251925,-0.059454,0.268546,-0.337041,0.217587,0.181291,-0.027021,-0.031276,0.440414,0.190385,0.18971,-0.071484,-0.020697,0.011692,-0.184356,0.197907,-0.095349,0.208291,-0.131651,-0.275127,-0.174394,-0.024816,0.080484,-0.20954,-0.307339,-0.169677,-0.201584,-0.158771,-0.234014,-0.225949,0.016873,-0.091132,-0.254128,-0.29791,-0.165514,-0.034538,-0.024886,-0.015358,-0.021641,-0.074903,0.127331,-0.180047,-0.179398,-0.090592,-0.180653,0.050441,0.069558,-0.167104,-0.270611,-0.075513,0.122598,-0.289175,-0.069349,0.049917,-0.174557,-0.248028,-0.127897,-0.177634,0.02943,-0.320718,-0.226234,-0.176778,0.069309,-0.137181,-0.13246,-0.042105,-0.309645,0.036016,-0.092409,0.144493,-0.043497,0.053143,-0.056958,-0.241026,-0.227502,0.161504,-0.361388,-0.251667,-0.26713,-0.162623,-0.024573,-0.040816,-0.168476,0.17194,-0.097727,-0.086598,-0.297151,-0.260285,-0.154605,-0.302389,-0.177424,-0.087279,-0.179181,0.028995,-0.208829,0.091096,-0.120196,-0.074636,-0.059657,-0.117807,-0.048709,0.098498,0.115674,-0.23039,0.006776,-0.249438,-0.230303,-0.051331,-0.295922,-0.111881,0.147235,0.01758,0.128234,-0.1067,-0.118163,-0.07561,0.058843,-0.108098,-0.042436,0.352938,-0.029827,-0.086632,0.023946,-0.055574,-0.196459,0.113314,0.348654,0.1484,0.102475,0.018239,-0.101618,0.221071,-0.013112,0.131443,0.010846,-0.225234,0.304496,-0.022203,-0.063236,-0.070916,-0.196318,0.11125,-0.206934,0.054695,0.139875,#
15,0.000608,-0.038173,-0.165486,-0.168187,-0.133592,0.042601,0.183879,-0.253976,-0.081031,-0.087694,0.232094,0.300504,-0.08619,0.020502,0.046283,1.0,0.087215,-0.36653,0.195605,-0.022089,0.017745,0.077539,-0.199834,-0.119504,-0.185474,0.052133,-0.256281,-0.055458,0.183647,-0.080867,-0.371293,-0.067095,-0.130554,-0.08276,0.322963,0.09297,-0.211008,0.239359,-0.343822,0.111953,-0.074912,-0.149189,-0.098945,-0.056458,0.079004,0.065341,-0.076829,-0.318182,0.198464,0.136673,0.120624,0.034874,-0.097886,0.130698,-0.11197,0.045974,0.08757,-0.010067,0.065566,0.145266,0.063235,-0.01796,0.095405,0.316921,0.135125,-0.157278,-0.076601,0.045299,0.053751,-0.188069,-0.039723,0.051248,0.041741,-0.200853,0.020376,0.090528,-0.202276,0.103501,-0.037048,-0.179342,-0.106598,-0.113127,-0.23761,-0.122166,-0.116599,-0.137692,-0.163597,-0.31075,0.007519,0.006568,0.126705,-0.121642,0.290924,-0.452058,-0.099989,-0.03439,-0.145828,-0.473496,-0.466781,0.036097,0.1556,-0.034706,-0.268404,0.030343,0.00394,0.008318,-0.288311,-0.133837,-0.140483,0.054321,-0.360214,-0.247409,-0.120696,0.155786,-0.234108,-0.006812,-0.142109,0.04469,-0.364968,0.159191,-0.077426,-0.00015,-0.12879,0.302077,0.034396,-0.188003,0.066177,-0.019642,-0.087724,-0.105732,-0.145014,-0.054338,-0.252849,0.023617,-0.178381,-0.143338,-0.130554,-0.30463,-0.188705,-0.083978,-0.075413,-0.134445,-0.10343,0.000605,-0.334781,0.307531,-0.252781,-0.108502,-0.168186,-0.369616,-0.010817,-0.012804,-0.26187,-0.077045,-0.316012,-0.284969,-0.237477,0.024445,-0.11772,-0.055615,-0.444033,-0.247411,-0.073168,-0.317419,-0.239771,0.15874,-0.054794,0.237163,0.047274,-0.183583,0.060082,0.198392,-0.196133,0.053129,0.07182,-0.259339,-0.046312,0.0381,-0.200168,0.061627,0.187771,0.156765,0.473502,0.346308,0.298976,-0.050201,0.123007,0.005694,0.487092,-0.01072,-0.341767,0.296254,0.178278,0.165768,-0.121415,0.162465,0.395976,0.038971,-0.172427,0.010967,#
16,0.091784,-0.180939,-0.027811,0.049028,0.135575,-0.032679,-0.175582,-0.09251,-0.166358,-0.440474,0.026456,-0.069003,-0.09209,-0.189205,-0.117406,0.087215,1.0,-0.250156,-0.069061,-0.122042,-0.313417,-0.092556,-0.201063,0.084339,-0.092951,-0.160171,-0.248192,0.120262,-0.143441,-0.207747,0.093776,0.096575,-0.030147,-0.284042,0.05971,-0.259441,-0.22078,0.185232,0.032214,0.164614,-0.068762,-0.215743,-0.110826,-0.008765,0.075697,0.208728,-0.133402,-0.249296,-0.242205,0.075803,0.20788,0.006111,0.012454,0.125746,0.177394,0.173326,-0.10288,0.153238,-0.249477,-0.002342,-0.082798,-0.280849,0.075831,0.225372,0.061503,-0.043074,0.08989,-0.164473,-0.103969,0.076853,-0.095223,0.150415,0.067694,-0.125922,-0.201273,0.078301,0.034908,0.090689,0.112548,0.059628,-0.063611,0.04366,0.158899,0.230955,0.027829,-0.096608,0.073818,-0.107362,0.078264,-0.265698,0.139984,0.014656,0.209865,-0.321321,0.09018,-0.157756,0.035792,0.043459,-0.068847,0.038524,0.265425,0.034688,-0.012,0.105137,0.052098,-0.088514,0.287665,-0.04559,0.029261,0.290118,-0.266535,-0.14146,0.131719,0.07955,-0.104534,-0.001126,0.297626,-0.116006,-0.156853,0.366185,-0.080291,0.167579,-0.395565,0.117149,0.056671,-0.208517,-0.071736,0.165254,-0.176671,0.072518,-0.098508,0.032365,-0.020874,-0.244554,0.080089,-0.211418,0.132912,-0.299777,-0.513353,0.05561,0.015415,0.226101,0.062199,0.190551,-0.147936,-0.101919,-0.137872,-0.028926,0.031452,0.016427,0.27682,0.199811,-0.037854,-0.100394,-0.272924,-0.207611,-0.341933,-0.206158,-0.068658,-0.228297,-0.083635,-0.005955,0.06561,-0.247469,0.031391,-0.129355,0.072925,0.069387,0.131451,-0.003609,0.305128,-0.080716,0.024848,0.238863,-0.285213,-0.100534,0.034759,-0.242236,-0.243622,0.122717,-0.051053,-0.292075,0.448692,0.108949,-0.041844,0.062575,0.074299,-0.005905,0.214301,-0.200225,-0.013611,0.122699,0.048238,0.203802,0.056589,0.175012,-0.082478,0.197546,-0.326585,0.059782,#
17,0.032286,0.128353,0.201543,-0.013831,-0.00165,-0.126903,-0.139354,0.0123,0.178158,0.286361,-0.342318,-0.115634,0.181495,0.102349,-0.261752,-0.36653,-0.250156,1.0,0.136999,0.211513,0.193027,-0.064182,0.357212,0.115299,0.200265,-0.147553,0.257564,0.014742,-0.120431,0.067954,0.246896,0.039383,0.206973,0.271969,-0.244297,-0.016329,0.386758,-0.245302,0.167059,-0.336674,0.09514,0.300643,0.336825,-0.051009,0.10877,-0.369156,0.269272,0.472949,-0.046695,-0.101753,0.045287,-0.045013,-0.26973,-0.016675,-0.140954,-0.13816,-0.042413,-0.198307,-0.017616,-0.220566,-0.190266,-0.022071,-0.198767,-0.355206,-0.261426,0.092818,0.261654,0.060797,0.230151,0.301582,0.03572,-0.089573,-0.212321,0.241379,0.181382,-0.152879,0.078206,-0.3084,0.102436,0.090637,0.043272,0.062664,0.089948,0.194256,0.138462,0.166017,-0.171087,0.296456,0.1148,0.011628,0.173762,-0.013383,-0.208766,0.506028,0.24419,0.038269,0.152328,0.288505,0.216607,-0.154946,-0.263369,-0.183526,-0.125649,0.251757,0.002708,0.165448,0.022167,-0.003065,0.042688,-0.10968,0.498847,0.216432,0.440139,-0.055825,0.25269,-0.023776,-0.092656,-0.168712,0.5313,-0.314226,0.015088,0.139697,0.069582,-0.407171,-0.293697,0.310306,-0.002328,0.037116,-0.065823,-0.046199,0.19289,0.16847,0.406762,0.231295,0.063271,0.059812,-0.167242,0.329961,0.363671,-0.079247,0.110684,0.145194,0.062895,-0.166464,0.036001,-0.033125,0.188007,0.295677,-0.21708,0.408619,-0.153299,0.036255,0.24987,0.125399,0.119326,0.241091,0.319829,0.099951,-0.086324,0.19274,0.314921,0.388217,0.115243,0.662931,0.234087,0.031091,0.030699,-0.176183,-0.389731,0.226167,-0.290261,0.225625,0.1264,-0.178313,-0.158885,0.184437,0.281478,0.069307,0.191715,-0.163375,-0.012811,-0.1901,-0.643037,-0.220842,-0.210566,0.092928,-0.059385,0.165718,-0.520846,0.129227,0.064739,-0.369129,-0.235036,-0.118871,-0.006317,-0.097704,-0.117111,-0.043361,0.268058,-0.373222,#
18,0.196192,0.051767,0.056282,0.087202,-0.149981,-0.096245,0.102486,0.13023,0.27146,-0.140845,0.07401,-0.202347,0.080279,0.17098,0.002619,0.195605,-0.069061,0.136999,1.0,-0.019323,0.003984,0.120654,-0.115457,-0.113352,-0.389937,-0.163959,-0.114509,0.247059,0.20611,-0.263623,-0.07052,0.183672,0.065605,-0.154289,0.067125,-0.05696,0.2753,0.320012,-0.194522,-0.203177,0.172655,-0.070898,-0.039835,-0.061523,-0.112367,-0.226024,0.209576,-0.151437,0.056131,0.078568,-0.263704,0.333196,0.054718,0.074562,-0.295826,-0.067672,-0.067271,-0.206222,0.025957,-0.244363,0.130985,0.039494,0.127983,-0.089374,-0.021931,0.007587,0.305087,-0.147033,0.03293,0.008565,-0.16944,0.078105,-0.055216,0.225124,0.045277,-0.085924,0.170062,-0.256292,0.114078,-0.071355,0.042504,0.054314,0.091088,-0.090753,0.019121,0.108839,-0.000177,0.195313,-0.018877,0.217801,0.423411,-0.039122,-0.049477,0.157917,0.128811,0.116448,0.034578,-0.036741,-0.021047,-0.163935,-0.067948,-0.071861,-0.129724,0.048144,-0.080182,0.240138,-0.135154,-0.061178,0.111481,-0.144026,0.023456,0.006596,0.215794,0.133198,0.05419,-0.087279,0.171832,0.212897,0.202425,-0.052809,0.213113,0.081807,0.205951,0.021608,-0.007579,0.229284,-0.075437,0.172697,0.238917,0.13057,0.226968,0.183521,0.068396,-0.013456,0.140215,0.188782,-0.105283,0.048232,-0.145269,-0.045134,0.009941,-0.027403,-0.210517,-0.047983,0.162723,0.301867,0.088948,0.118944,-0.175238,0.066974,0.183646,0.15581,0.177194,-0.017907,0.142978,0.06318,0.031497,0.170354,0.082341,0.009031,-0.114724,0.017952,-0.051598,0.029405,0.394772,0.020586,0.082977,-0.087696,-0.100071,0.301469,-0.455012,0.45023,0.101927,0.085006,-0.017196,0.148235,0.094839,0.126369,-0.083152,-0.016235,0.02515,0.055061,-0.158939,-0.052413,0.032964,0.02097,0.123063,0.094398,0.008172,-0.262775,-0.062675,-0.176086,0.015359,0.047889,-0.103122,0.056305,0.159175,-0.080927,0.058414,-0.128201,#
19,-0.253259,-0.098876,-0.125316,0.096671,-0.235892,-0.130621,-0.092601,0.036334,-0.097646,-0.037748,0.069424,-0.339399,0.065799,-0.175934,0.002515,-0.022089,-0.122042,0.211513,-0.019323,1.0,0.065451,0.256662,0.030894,-0.055476,-0.012037,0.136506,0.241034,0.121278,-0.229328,-0.085297,0.185273,-0.049011,0.416863,0.119023,0.29346,-0.216939,0.012732,0.075475,-0.042437,-0.009702,0.131566,0.196407,-0.19911,-0.160505,0.046644,0.007195,-0.019827,0.044152,0.115562,-0.136354,0.155448,0.013269,-0.212257,-0.066414,-0.201379,0.247444,-0.008531,-0.02822,0.023035,-0.198728,-0.055592,-0.202662,0.10099,-0.094285,0.020269,-0.074679,0.173694,0.160013,-0.102183,0.18921,0.033123,0.027971,0.05743,0.163819,0.256913,-0.196551,0.304129,-0.011873,0.210906,0.107567,0.116879,0.213797,0.105817,-0.257096,0.31508,0.308078,-0.058746,0.368725,0.107561,0.148069,0.144094,-0.018095,-0.189362,0.155789,0.217013,0.269554,0.323995,0.112409,0.191718,-0.00581,-0.059692,-0.084952,-0.115314,0.210504,0.132224,0.244905,0.032685,0.316204,0.053463,0.083867,0.39211,-0.206655,0.217444,-0.183361,0.140914,0.203543,0.252423,0.064902,0.181293,-0.017785,0.164146,0.112153,0.163233,-0.011497,-0.092334,0.221983,0.070803,0.120168,0.077072,0.137167,0.042457,0.112941,0.15634,0.042742,0.159982,0.1357,-0.156833,0.322411,-0.0531,0.282389,0.194011,0.004003,0.104682,0.076732,0.037399,0.011468,0.204835,-0.073016,0.218389,0.215492,0.145111,-0.057433,0.34132,0.304297,0.169157,0.532284,0.072576,-0.337788,0.297484,0.222199,0.03331,0.143133,-0.041766,0.385145,0.045921,-0.082392,0.113606,0.079294,-0.158636,0.268404,-0.164275,-0.310802,0.370904,0.068389,-0.107512,0.276122,0.318699,-0.026932,-0.030852,0.204767,-0.100259,-0.017644,-0.403063,-0.125369,-0.19558,0.191797,-0.121969,-0.002419,-0.22537,0.023318,0.000282,-0.128663,-0.320946,-0.400615,-0.141242,-0.030175,-0.160379,0.177582,0.0127,-0.066624,#
20,-0.277106,-0.037598,-0.038065,-0.015673,0.055847,0.077464,-0.055662,-0.062899,-0.159389,0.136915,-0.149398,0.015615,-0.158698,-0.027788,-0.195514,0.017745,-0.313417,0.193027,0.003984,0.065451,1.0,-0.290661,0.059935,-0.155591,-0.00355,0.112099,0.079483,-0.147611,-0.1522,0.196255,0.027685,-0.070917,-0.03226,0.223732,-0.021374,0.05194,-0.062754,-0.177449,-0.023878,-0.094164,0.044278,-0.110433,0.197922,0.020096,0.045219,0.031452,-0.183506,0.090113,0.146049,-0.364629,-0.030212,-0.164678,-0.140188,0.022075,-0.163273,0.017624,0.152285,-0.111515,0.134671,0.073648,0.035097,-0.002302,-0.083517,-0.233498,-0.352514,-0.049272,-0.298331,0.248215,0.05751,-0.008029,0.081977,0.041102,-0.171717,0.18795,0.217019,0.030874,0.129715,0.149291,-0.003744,0.011803,0.110042,0.045786,0.094962,-0.045994,-0.032988,-0.083959,-0.087357,0.331894,0.141383,0.247307,-0.030121,0.042433,0.026878,-0.068783,-0.137604,0.037769,0.049102,-0.032072,-0.030012,0.290929,-0.126321,0.142955,0.080923,0.068482,-0.06621,-0.021062,-0.08336,-0.016739,0.20053,-0.3924,0.12992,-0.01025,-0.043973,-0.093263,0.22073,0.177849,0.143453,0.124252,-0.079889,-0.019177,0.23203,0.162461,0.198657,0.046669,0.008507,0.047735,0.108656,0.203957,0.073546,0.107783,0.111146,0.040632,-0.083396,0.006442,0.112018,0.238182,-0.204181,0.222207,0.135622,0.157699,0.044475,-0.024563,-0.016834,-0.131624,0.095719,0.119368,0.397637,0.174521,-0.051887,8e-05,-0.252382,0.03151,0.155139,-0.080199,0.034989,0.011036,0.026503,-0.033136,0.103221,0.0314,-0.057612,0.025792,0.13323,0.054597,-0.095076,0.118683,0.066586,-0.091613,-0.049952,0.222747,-0.201607,-0.086966,-0.153941,0.040332,-0.002154,-0.047593,0.063886,0.082992,-0.06381,-0.048036,0.083461,-0.227771,-0.120368,0.06386,0.207508,-0.283783,0.007229,-0.112189,0.039451,0.018139,0.007016,0.034705,-0.158705,-0.294283,0.015164,-0.002047,-0.006835,-0.017123,0.109007,0.030168,#
