0,1.0,0.056614,-0.039289,-0.177531,0.162049,0.168871,0.241055,-0.10186,-0.106271,0.114968,0.223542,-0.075159,0.266764,0.195401,-0.04652,0.093946,-0.065979,-0.288444,0.33092,-0.106702,0.229348,0.063466,0.099168,-0.270307,-0.10887,-0.295647,-0.083339,-0.112529,0.295036,0.158093,-0.059488,0.030492,0.191182,-0.150324,0.253389,0.211919,0.226438,-0.07815,-0.155928,0.035046,0.032686,0.217617,0.004959,-0.01761,-0.01762,-0.143654,0.017622,0.040999,-0.014402,-0.052159,0.057916,-0.241094,0.210344,0.058142,0.321246,-0.027456,-0.136942,-0.008549,-0.08598,0.224619,0.355312,0.069647,-0.045839,0.226571,-0.170594,-0.028497,-0.140948,0.332402,-0.160167,-0.205802,-0.001819,0.026652,-0.082399,-0.170834,-0.341437,0.240595,-0.291429,-0.158212,-0.27964,-0.03818,0.031385,-0.23107,-0.147464,-0.208714,-0.15035,-0.050644,-0.279545,0.005188,-0.218504,-0.358444,-0.286563,-0.290239,-0.016111,-0.310899,-0.034284,-0.316151,-0.33781,-0.23083,-0.191943,-0.016805,0.157094,-0.053889,-0.21221,-0.320342,-0.049091,-0.298182,-0.06915,0.18215,-0.215218,0.062619,0.046856,0.21923,-0.435961,-0.19828,0.100476,0.095371,-0.340587,-0.206252,-0.164591,0.012722,-0.326557,0.066892,-0.041831,-0.203899,-0.164865,-0.124839,-0.145945,0.167881,-0.143537,-0.041999,-0.001087,-0.498226,-0.165729,0.131516,-0.19182,-0.161721,-0.026701,0.036214,0.256923,-0.096594,-0.217459,0.209969,-0.058271,-0.089529,-0.202225,-0.020549,-0.196621,0.064454,-0.299649,-0.252261,-0.16714,-0.191571,-0.193803,-0.243232,0.208337,-0.150072,0.133822,0.098814,-0.372902,-0.077815,0.072632,-0.236834,0.003546,-0.136682,0.030757,-0.169746,-0.067159,0.086813,-0.157866,-0.153844,0.134282,0.13327,-0.166219,0.010913,-0.099617,-0.020129,-0.175813,-0.007274,0.006574,-0.191597,0.084094,0.02319,0.027933,0.447558,0.226657,0.047734,0.248691,-0.014511,0.096508,0.275687,-0.145662,0.151651,0.34176,-0.088453,-0.193527,0.255586,0.112204,-0.195481,-0.130139,0.062858,#
1,0.056614,1.0,0.074564,-0.09343,-0.073121,0.076441,0.252404,0.114885,-0.052912,0.341777,-0.117277,0.019451,0.072018,0.29856,0.247124,0.071014,-0.148372,0.227894,0.204211,0.113899,0.267147,0.101979,0.322217,-0.040922,0.006084,-0.251033,-0.106961,-0.010051,-0.018009,0.178997,-0.130111,0.048055,0.209516,-0.114685,-0.155476,0.120876,0.097188,-0.320835,0.097048,0.126806,0.065081,0.271657,-0.161313,0.055575,0.299063,-0.179341,0.145948,-0.04614,0.225038,0.296066,0.019172,0.01081,0.168801,-0.019332,-0.044464,-0.0849,0.010826,-0.328796,-0.245134,-0.221537,0.094395,-0.025525,-0.221807,-0.070298,0.30962,0.206055,-0.199985,0.052657,0.028191,-0.046951,0.031163,0.027392,0.000613,-0.215558,-0.112532,-0.071306,-0.251668,-0.152425,0.066478,0.068804,0.123355,-0.226813,-0.089688,0.097136,-0.185402,-0.113368,-0.154625,-0.218806,0.058,-0.089824,-0.174127,-0.1148,-0.272409,-0.018412,-0.090404,-0.016198,0.008478,0.144231,0.284207,-0.046997,-0.025988,0.156114,-0.012462,-0.180267,-0.255946,-0.089535,-0.128442,-0.090848,-0.301748,-0.166374,0.290413,0.161839,-0.141248,0.045753,-0.064719,-0.123109,-0.090648,-0.044013,0.234972,-0.391838,-0.270396,-0.323852,-0.428865,-0.156967,-0.236768,-0.210217,0.152215,-0.013325,-0.268064,-0.092463,0.21365,-0.011198,-0.194719,-0.294432,-0.221172,-0.341305,0.143331,0.27367,0.073879,-0.168044,-0.024265,-0.216745,-0.125425,-0.153177,-0.08318,-0.102277,-0.27186,0.180076,-0.065585,-0.05517,-0.138699,-0.182743,0.062428,-0.110514,-0.037168,-0.112996,0.208538,0.054597,-0.139866,0.06379,-0.002774,-0.014241,-0.115944,0.182634,-0.053569,0.301589,0.155925,-0.073001,-0.191096,-0.420065,-0.02329,-0.035808,-0.125172,-0.120748,0.083816,-0.239873,-0.025968,0.037816,0.286403,-0.312475,0.160573,-0.019726,-0.24975,0.007035,0.271342,-0.217431,0.261419,-0.198761,-0.141274,0.253926,0.076071,0.016971,0.003652,0.284976,-0.203096,-0.13664,0.059682,-0.090019,0.232265,-0.025689,#
2,-0.039289,0.074564,1.0,-0.029972,-0.026869,-0.075324,0.115811,-0.019167,0.224771,0.029926,0.052517,-0.045832,-0.056737,0.000267,-0.133469,-0.118162,-0.284951,0.249826,-0.05963,0.166893,0.00442,0.274281,-0.002939,0.034293,0.114591,0.071142,0.291696,-0.091671,0.0664,-0.307682,0.00851,0.196135,-0.133643,0.001569,-0.050996,0.055807,0.052252,0.1717,0.093619,-0.259315,0.220208,0.071472,0.034047,-0.117767,0.029492,-0.267052,-0.09107,0.262055,-0.046452,-0.196299,-0.046691,-0.115631,0.291317,-0.12935,-0.243271,-0.073484,-0.157716,-0.22784,0.082953,0.02187,0.038383,-0.212664,-0.075158,-0.26396,0.211576,-0.001709,0.143501,0.166005,0.258163,0.315167,0.039686,0.233601,-0.110071,0.129201,-0.012109,-0.102739,0.02881,-0.122463,-0.001891,0.050423,0.158378,0.073244,0.04479,0.151074,-0.125468,0.186786,0.026653,-0.041089,0.133628,0.041059,0.033627,-0.002731,0.208448,0.145082,0.075767,0.075516,0.31653,-0.015135,0.184782,0.229155,-0.10861,0.093628,0.077552,0.05491,0.162954,0.197142,0.042264,0.073159,-0.202744,-0.118783,0.183032,-0.148358,0.112593,0.111841,0.438443,-0.138295,-0.10093,0.104672,0.020417,-0.090819,0.115294,0.072841,0.032434,-0.093347,-0.034303,0.135541,0.27837,-0.057971,0.083943,0.185576,0.46845,0.036171,0.121171,-0.00564,0.109378,0.044123,-0.08601,0.392863,0.206309,0.23692,-0.042556,0.160252,0.100474,-0.073268,-0.048901,-0.014095,-0.157455,0.054468,0.148412,0.289362,0.055367,0.046352,0.210197,0.086571,0.157744,0.099694,0.007538,0.049504,0.208623,0.075189,0.432145,0.060487,0.013548,0.271439,0.057789,-0.305565,0.090158,-0.092782,-0.047911,0.147915,-0.138643,-0.217404,-0.156629,0.121897,-0.178214,0.177857,0.127394,-0.038746,0.095367,-0.154104,0.103177,0.002771,-0.213934,-0.124573,-0.215785,0.177288,0.159826,0.174808,-0.133229,-0.156536,0.164844,-0.196316,-0.228431,0.355497,-0.199172,-0.047834,-0.163549,0.08118,0.224436,-0.061986,#
3,-0.177531,-0.09343,-0.029972,1.0,-0.155406,-0.25705,-0.245751,-0.186051,-0.317727,-0.354571,-0.003968,-0.118422,-0.229915,-0.2876,-0.089339,-0.144863,0.177912,0.101341,-0.093678,-0.072809,-0.037836,0.040581,-0.29962,0.127528,0.160338,0.229652,0.171369,0.212724,-0.127275,-0.248747,0.261311,-0.069402,-0.091814,-0.029545,0.046607,-0.054103,-0.145031,-0.078205,0.099211,0.015514,-0.022216,-0.167685,0.071604,0.22669,-0.152841,0.353669,-0.117586,0.020562,0.059605,-0.143653,-0.175371,0.341036,0.014329,0.054191,-0.110179,-0.173513,0.368351,0.076406,0.04799,0.080922,-0.304311,0.061878,0.189079,-0.132036,-0.104085,-0.340456,0.048221,-0.008887,-0.136047,0.036342,-0.062201,-0.045674,0.077565,0.012762,0.00572,-0.019626,0.315353,0.133041,-0.002331,-0.134712,0.072649,0.286058,0.212891,0.015429,0.217555,-0.023928,0.313246,0.204953,0.020803,0.044108,-0.05026,0.14521,0.107559,-0.115947,0.186514,0.14031,0.368359,0.228244,-0.055479,0.292049,0.073423,0.2623,0.454323,0.14556,0.185452,0.21345,0.27965,0.068364,-0.032213,-0.001859,-0.036448,-0.10512,0.264913,0.138869,0.107195,0.008016,0.047244,-0.019115,-0.113637,0.317788,0.178374,0.252622,0.292829,0.135167,0.307038,0.092227,-0.312849,-0.151466,0.21311,0.271791,-0.040441,0.250302,0.276187,0.039779,0.183813,0.222517,-0.027339,0.016297,-0.00427,0.18364,0.129593,-0.104708,0.240227,0.210236,0.351792,0.178849,0.06033,0.072779,0.310789,-0.008596,0.161577,0.053413,0.136881,0.264044,-0.003214,0.192776,-0.318186,-0.217144,0.329246,0.119528,0.043803,0.08731,-0.085004,0.120109,-0.161237,-0.19009,0.179707,0.225971,0.10997,0.159788,0.036514,0.020249,0.20718,0.306775,-0.140584,0.172991,0.060884,0.049799,-0.503946,0.38752,-0.383992,-0.084046,0.307797,-0.096209,-0.14226,-0.023896,-0.227216,0.015197,0.308416,-0.095641,0.175441,-0.122764,-0.117498,-0.153001,0.009245,-0.084336,-0.0278,0.029808,-0.084252,-0.233878,#
4,0.162049,-0.073121,-0.026869,-0.155406,1.0,0.034578,-0.128425,0.049821,0.085391,-0.169293,0.249369,-0.103847,0.001586,-0.20895,-0.164263,-0.048743,0.073499,-0.213258,0.115883,-0.161545,-0.25608,-0.283804,0.070269,-0.057409,0.01513,-0.042504,-0.237209,0.097096,-0.109607,0.073522,-0.277381,-0.147258,-0.008891,-0.012846,0.075617,0.117109,0.034061,-0.103183,0.018021,0.379086,-0.012385,-0.362531,-0.181434,0.06799,-0.140244,0.183293,-0.162249,0.040394,0.122849,0.211045,0.095942,-0.075699,0.059223,0.208302,0.190544,0.018898,-0.116389,0.277439,0.032316,-0.031745,-0.202652,-0.147506,-0.054577,0.101921,-0.273191,0.137393,0.481138,-0.198729,0.015287,-0.150579,0.042629,-0.115312,0.082494,0.254771,0.176664,0.113415,-0.086246,-0.182645,-0.069252,-0.220472,-0.168983,0.107105,0.06631,0.021284,0.12446,-0.086539,0.075344,0.144787,0.009507,-0.136349,0.196564,0.136093,0.193677,-0.112914,-0.079539,0.04441,0.138113,-0.016165,-0.117177,0.03301,0.181387,0.080927,0.135541,-0.111195,0.092593,0.101678,-0.040029,0.182926,-0.142775,0.064369,-0.009882,0.123582,0.086086,-0.130193,-0.103654,0.209127,0.047977,0.329012,-0.272832,0.080375,-0.278879,0.062245,0.219729,0.039401,0.17881,0.105038,0.084795,0.092979,0.107451,0.029017,0.049508,-0.272696,0.042793,-0.148358,0.012858,0.143795,-0.022554,0.123053,-0.138051,0.263715,0.035782,-0.06935,-0.246763,0.13649,-0.05332,-0.248734,-0.230333,-0.132661,0.057444,-0.132159,-0.008126,0.04916,-0.298138,-0.00784,0.008815,-0.105039,-0.032776,-0.025549,-0.234601,0.217889,-0.221484,-0.19611,-0.238039,0.003401,0.194075,-0.179377,0.001554,0.022629,-0.082704,0.164276,-0.018259,-0.083081,0.092965,-0.042135,-0.037073,0.264587,0.140836,0.216377,0.076385,-0.001366,-0.128239,0.163992,0.085412,0.168635,0.111305,0.057012,0.065779,-0.170997,0.229512,-0.136828,-0.010682,0.045851,0.286112,-0.095082,-0.161266,0.219831,-0.005619,0.0642,-0.104517,-0.221895,#
5,0.168871,0.076441,-0.075324,-0.25705,0.034578,1.0,0.387751,0.297296,0.020955,0.027126,0.054295,0.251994,0.014608,0.117913,0.0856,0.077097,0.260009,-0.036216,0.172261,-0.102575,0.084612,0.080353,0.091494,-0.129663,-0.18924,-0.014391,0.1194,-0.06656,0.069274,0.152573,-0.221732,0.027105,-0.124558,-0.021885,0.0424,0.052737,0.104186,-0.048,-0.123751,-0.043945,-0.196898,0.268519,-0.038493,-0.07126,0.064358,-0.216518,0.151052,-0.167136,-0.01157,0.214996,-0.089085,-0.0457,0.021751,0.07366,0.11806,0.239704,-0.185133,0.025167,-0.120969,-0.183854,0.133419,-0.138991,-0.066344,0.280418,-0.142992,0.271417,0.006742,0.239499,-0.157281,-0.299046,0.030027,0.047638,-0.153013,0.029922,-0.045475,0.318701,-0.249596,-0.089871,-0.097395,-0.129831,-0.142817,-0.297318,-0.132197,-0.009253,-0.122518,-0.260683,-0.076886,-0.049244,-0.139658,-0.240522,-0.137835,-0.325831,-0.231118,0.044361,-0.117036,-0.196768,-0.115643,-0.252659,-0.131538,-0.218474,0.066805,0.027807,-0.160221,-0.305239,-0.233237,-0.227339,-0.130527,0.083223,-0.288196,-0.003742,0.119949,0.21639,-0.42543,-0.232722,-0.076839,-0.080471,-0.302809,0.04602,0.184205,-0.215807,-0.155441,-0.305381,-0.04279,-0.329643,-0.094137,-0.187071,-0.273791,-0.010375,-0.225847,-0.149889,-0.130247,-0.152585,-0.084606,0.025784,-0.334764,-0.203912,0.318052,-0.109872,0.032052,-0.406676,-0.116312,0.075033,-0.20179,-0.011608,-0.227274,-0.167601,0.230049,0.04598,-0.190407,0.005902,-0.127409,-0.172613,0.07197,0.106083,-0.036968,-0.280368,0.01085,0.2348,-0.422015,-0.090878,-0.070219,-0.270845,-0.053459,-0.055096,-0.002974,0.100082,-0.145905,-0.063403,-0.096381,0.099049,0.231497,-0.117749,-0.155183,-0.242714,0.100609,-0.257939,-0.060054,0.024954,0.131182,-0.205534,0.236447,-0.111477,0.010828,0.18051,0.479498,0.006289,0.016139,0.073391,-0.031496,0.069044,0.085122,0.10831,0.228768,-0.220821,-0.290083,-0.00763,0.180492,-0.066651,-0.25271,-0.003647,#
6,0.241055,0.252404,0.115811,-0.245751,-0.128425,0.387751,1.0,0.284072,0.271878,0.260839,0.142094,0.089526,0.327029,0.19728,-0.005208,0.07123,0.081937,0.150429,0.255987,-0.010439,-0.09021,0.189134,0.169929,-0.093733,-0.015126,-0.002663,0.214217,-0.020543,0.51681,0.031996,-0.308063,-0.072828,-0.042534,-0.262309,0.172281,0.145418,-0.121428,-0.024593,-0.022637,-0.165422,0.072495,0.125383,0.144274,-0.200987,0.14552,-0.330493,0.011392,-0.179542,-0.000163,0.33372,0.093459,-0.126085,0.076703,0.007257,0.22253,0.197974,0.025687,-0.243784,-0.008672,0.06242,0.320524,0.079816,-0.023892,0.231707,0.131781,0.282401,-0.08184,0.214883,0.087673,-0.102237,0.186257,0.108418,-0.26723,-0.39268,-0.21474,0.282294,-0.253165,-0.168835,-0.189494,-0.130024,-0.141122,-0.292637,-0.390341,-0.103742,-0.378457,0.151209,-0.150229,-0.234949,-0.143253,-0.332726,-0.416187,-0.420925,-0.41248,-0.243417,-0.025521,-0.457271,-0.113934,-0.35195,-0.044747,-0.316816,-0.027744,-0.061612,-0.247546,-0.21465,-0.344634,-0.231638,-0.128843,-0.193004,-0.17936,-0.091078,-0.234372,0.002174,-0.349987,-0.330034,-0.001875,-0.340829,-0.196981,0.051078,0.034846,-0.249601,-0.055867,-0.201472,-0.127178,-0.431598,-0.251036,-0.290721,0.05931,0.218958,-0.257676,-0.240228,-0.219084,-0.412071,-0.423359,-0.001226,-0.153235,-0.199578,0.203455,-0.109217,-0.050076,-0.322538,-0.203848,0.120568,-0.101445,-0.262163,-0.307572,-0.145484,-0.196811,0.430709,-0.274332,-0.109065,-0.121572,-0.172187,0.063966,-0.087311,-0.096574,-0.380064,-0.049452,0.258315,-0.229133,-0.090205,-0.031764,-0.183803,-0.211073,-0.081825,0.097386,0.165138,0.052372,0.044093,-0.422678,0.09492,0.225332,0.021001,-0.144739,-0.048605,0.340061,-0.350346,0.026783,0.08752,0.282216,-0.536567,0.39868,0.150896,0.098399,0.168729,0.285911,-0.353293,0.036022,0.074308,-0.104005,0.155286,-0.247826,0.09835,0.109364,0.021249,-0.200416,-0.013684,0.082487,-0.17887,-0.311067,0.261542,#
7,-0.10186,0.114885,-0.019167,-0.186051,0.049821,0.297296,0.284072,1.0,0.006083,0.178767,-0.16285,-0.007644,0.507951,0.343131,0.108119,0.025848,-0.019239,0.1641,0.149241,0.008389,0.180655,0.180349,0.013079,0.143857,0.089932,-0.014533,-0.105664,-0.208974,0.056238,0.218724,-0.118185,-0.148818,0.147786,0.066075,-0.315578,-0.018984,0.061605,-0.109924,0.111132,-0.247687,0.092529,0.115823,-0.001807,-0.083926,-0.136061,-0.339168,-0.039997,-0.215745,-0.032627,-0.021102,-0.160609,0.050815,0.2165,0.005598,0.262584,0.293596,-0.127284,-0.174585,-0.233503,0.033504,0.160139,0.036761,-0.168876,0.19682,-0.104777,0.399093,0.072417,0.0885,-0.009708,0.039522,0.258059,0.221847,-0.351045,-0.052363,-0.036519,0.053136,0.000984,0.134392,0.113797,-0.06406,0.031027,-0.229254,-0.111468,-0.039667,-0.212342,-0.095018,-0.024901,0.041712,0.142938,-0.046974,0.044484,-0.256537,-0.187472,0.041106,-0.057261,0.048137,-0.009545,0.065237,0.100019,-0.460763,-0.003285,0.135519,0.001016,-0.198513,-0.150054,0.040144,-0.197981,-0.033969,-0.030445,-0.32706,0.041567,0.203645,-0.093164,-0.106556,0.121605,-0.031173,0.003878,-0.02504,0.152458,-0.150599,-0.095721,-0.630138,-0.031816,-0.115214,-0.197632,-0.107832,0.107029,0.022969,-0.23248,0.163731,-0.122235,0.113214,-0.089017,-0.018856,-0.187209,0.09434,0.205902,-0.219342,-0.014978,-0.189367,-0.078864,-0.060918,-0.193415,-0.001349,-0.117838,-0.157008,-0.194478,0.011408,0.014227,-0.227761,-0.150656,0.034886,-0.205709,-0.171643,-0.086572,-0.353096,0.131681,0.097237,-0.141776,-0.088279,-0.026112,0.047494,-0.226109,0.080897,0.22055,0.002258,-6.5e-05,-0.022108,-0.066213,0.294037,-0.183361,-0.125596,-0.045718,-0.074689,0.256328,-0.207248,0.202901,-0.057841,0.35845,-0.115999,0.173481,0.331367,-0.014319,-0.109965,0.110702,0.067937,0.051405,-0.173918,-0.276624,0.329096,-0.209496,-0.223891,0.282877,-0.076866,-0.169621,-0.150569,0.086713,0.033824,-0.125544,-0.000763,#
8,-0.106271,-0.052912,0.224771,-0.317727,0.085391,0.020955,0.271878,0.006083,1.0,0.308642,-0.051146,0.091959,0.031848,0.170725,0.06155,-0.059411,-0.270158,0.265472,-0.053865,0.036608,-0.296028,0.166577,0.219607,0.132776,0.041138,0.250456,0.163063,0.198108,0.161726,0.043474,-0.17285,-0.085934,-0.027866,-0.084463,0.189494,0.123492,-0.157339,-0.024557,0.198107,-0.145742,0.182982,-0.102624,-0.059247,-0.140274,0.135764,-0.119849,-0.074312,0.148216,0.003332,0.058717,0.110458,-0.242283,-0.067809,-0.009942,-0.002687,0.465313,-0.151238,-0.240726,-0.056018,0.204868,0.130352,-0.10343,-0.111437,0.135176,0.095502,0.116108,0.087731,0.140068,0.244741,0.109515,0.028895,0.177561,0.019347,0.021523,-0.043188,0.042373,-0.051965,-0.150371,-0.034438,-0.046054,-0.034391,-0.094951,-0.338805,-0.032548,-0.101757,0.278196,-0.041796,-0.2932,-0.055356,-0.141571,0.11615,0.02994,-0.231454,0.144679,0.005124,0.071354,-0.01487,-0.107875,-0.204508,-0.172709,-0.056601,0.167679,-0.038939,0.15755,-0.073092,-0.236345,0.008382,-0.128379,0.027837,-0.084638,-0.062846,-0.237816,-0.093422,-0.257191,0.073168,-0.126747,0.214934,0.057947,0.147051,-0.160393,0.161165,-0.102639,0.123075,-0.15173,-0.129501,0.033029,0.352084,0.01808,-0.091632,-0.136987,0.081109,-0.012678,-0.393729,-0.052039,0.010834,0.059709,0.028796,0.079805,-0.186409,-0.082324,0.033629,-0.001079,-0.081712,-0.197159,-0.314644,-0.419807,-0.067508,0.12162,-0.025855,0.008938,0.072121,0.084299,0.033297,-0.194387,0.079442,-0.179069,0.256022,0.254355,-0.109727,-0.037244,-0.104568,0.150499,0.07665,-0.067116,-0.156733,-0.003259,-0.012232,-0.088954,-0.240582,0.153568,-0.019555,-0.191216,0.067527,0.047929,0.243229,0.094406,-0.013068,-0.008755,0.368031,-0.344302,0.39173,0.209515,-0.256258,-0.129377,0.006528,0.040884,0.016399,0.188859,-0.343095,-0.193029,-0.177741,-0.169708,-0.079298,0.156288,-0.06504,0.184482,-0.032198,-0.120197,0.066211,0.114587,#
9,0.114968,0.341777,0.029926,-0.354571,-0.169293,0.027126,0.260839,0.178767,0.308642,1.0,-0.254494,0.102705,0.334429,0.635724,0.335066,0.142799,-0.364395,0.316403,0.091902,0.168726,-0.008832,0.294862,0.391364,0.177916,0.154071,-0.250329,0.001047,0.065756,0.138366,0.413202,0.019985,0.203998,0.350383,-0.20453,-0.107486,0.044048,0.145308,-0.079299,0.158954,-0.372948,0.19771,0.325701,-0.038016,-0.043493,0.11752,-0.456504,0.193242,0.336412,0.027711,0.256629,-0.097179,-0.176974,0.183571,-0.163261,0.166432,0.031889,-0.160237,-0.422285,-0.234087,0.108864,0.446094,0.099136,-0.414411,-0.01153,0.050851,0.217306,-0.125391,0.304995,-0.094492,0.147153,0.006783,0.383091,-0.079827,-0.097535,-0.164571,-0.028756,-0.108616,-0.205935,-0.055705,0.145437,0.105893,-0.48669,-0.437246,0.128784,-0.2812,0.19479,-0.263736,-0.142429,0.230059,-0.318095,-0.039857,-0.092558,-0.229208,0.23559,0.00637,0.02316,-0.362414,-0.093109,0.106614,-0.31349,-0.215267,0.03959,-0.231199,-0.025189,-0.022936,-0.146947,-0.395406,-0.293654,-0.114017,-0.320505,0.21817,0.176433,-0.257846,-0.135541,-0.098956,-0.311688,-0.124609,-0.128989,0.420964,-0.447352,-0.076184,-0.332587,0.038092,-0.271393,-0.347829,0.072226,0.268365,0.025857,-0.155432,-0.225897,0.002761,0.135427,-0.498407,-0.123418,-0.309991,-0.267466,-0.097745,-0.135145,0.249112,-0.335359,-0.012832,-0.066205,-0.352434,-0.385535,-0.370345,-0.051457,-0.146367,0.116344,-0.253956,-0.130239,-0.228353,0.022473,-0.027031,-0.444989,-0.011744,-0.344379,0.387435,0.414828,-0.173681,-0.130323,-0.064452,0.003737,-0.160376,0.271325,0.262332,0.504573,-0.058422,-0.057669,-0.252729,-0.082558,-0.165786,0.022957,-0.250515,-0.114453,0.372083,-0.31273,-0.040012,0.012724,0.665868,-0.448668,0.418572,0.121357,-0.560472,-0.22679,0.257358,-0.058367,0.273777,0.100979,-0.545098,0.026339,-0.146006,-0.08858,0.133682,0.419423,-0.094798,0.0224,-0.110108,-0.095323,0.357029,0.362218,#
10,0.223542,-0.117277,0.052517,-0.003968,0.249369,0.054295,0.142094,-0.16285,-0.051146,-0.254494,1.0,-0.161875,0.099538,-0.241548,-0.28793,-0.00648,-0.022822,-0.244267,0.110494,-0.066834,-0.095314,-0.151876,-0.159753,-0.014028,-0.060565,0.117205,-0.108922,0.037649,0.167288,-0.231787,0.134829,0.039731,-0.352999,-0.265955,0.106474,0.06894,0.184577,0.337594,-0.066311,0.211693,-0.167022,-0.314385,-0.020506,-0.108328,-0.026154,0.064437,-0.224381,0.043099,0.137922,0.117312,-0.032893,0.027677,0.108607,0.216489,0.145202,-0.010981,-0.218773,0.217664,0.114496,-0.120332,-0.198221,-0.160673,0.04738,0.111556,0.079388,-0.067767,0.225643,-0.092417,0.178829,-0.109721,0.244699,-0.186641,-0.057784,0.102441,-0.052643,0.217249,-0.0561,-0.023814,0.045612,-0.216324,-0.04014,0.229308,-0.042527,0.105463,0.052973,-0.046013,0.183805,0.082094,-0.052001,-0.008571,-0.09103,-0.027668,-0.012222,-0.109741,-0.053658,-0.023607,0.042898,-0.2632,0.118974,-0.010689,0.058855,-0.165035,-0.02017,-0.20181,0.049257,-0.089212,-0.080755,0.245899,-0.019845,0.368045,-0.113856,-0.093136,-0.304382,-0.121347,0.02839,0.043364,-0.208988,-0.010113,-0.306402,0.174455,-0.242189,0.255732,-0.021162,-0.267971,-0.136282,0.081398,-0.024582,0.114667,-0.025152,-0.175453,-0.089318,-0.288151,-0.007048,-0.00422,0.122562,0.038115,0.057339,-0.009892,-0.193831,0.159055,-0.022973,0.298183,-0.04658,0.03292,0.34235,-0.019826,-0.150966,0.19914,0.154471,0.041897,0.258746,0.139008,-0.012736,0.037896,0.01228,0.017841,-0.252951,-0.12726,0.012231,-0.011946,-0.129836,-0.061744,-0.045568,0.059354,0.147171,-0.18112,0.114493,-0.065981,-0.093208,0.130295,0.250497,0.125341,0.213865,0.072636,-0.139524,0.116323,0.134498,0.059032,-0.27196,0.114273,-0.067514,0.133522,0.144322,0.194037,0.119672,0.068996,-0.009866,0.040905,0.287845,0.225703,0.083114,0.183084,0.176761,-0.387428,0.00047,-0.015265,0.068489,0.035768,-0.144872,-0.177736,#
11,-0.075159,0.019451,-0.045832,-0.118422,-0.103847,0.251994,0.089526,-0.007644,0.091959,0.102705,-0.161875,1.0,0.016731,0.215377,-0.071345,-0.042218,0.02114,0.035011,0.018322,-0.173925,0.125031,-0.147718,0.029798,0.123545,0.142766,0.017361,0.06557,0.182388,-0.042864,0.036195,-0.007227,-0.012023,-0.072601,0.030228,-0.11941,0.156664,-0.131229,0.039091,0.037668,-0.112461,-0.11592,0.224618,-0.095266,-0.229503,-0.183741,0.178309,-0.057263,-0.05315,-0.010784,0.163551,-0.171404,-0.072007,-0.160862,0.213467,-0.158899,0.015914,-0.280126,-0.008656,-0.156034,0.049278,-0.073186,-0.281053,0.006947,0.098024,0.064095,0.224795,-0.065708,0.107663,0.240079,-0.220637,-0.079602,-0.018872,-0.044142,0.078378,-0.001564,-0.093367,-0.16558,0.096441,-0.296682,-0.001137,-0.1464,-0.26801,0.028643,-0.00512,-0.053271,-0.304336,-0.076434,-0.057776,-0.089645,0.051408,-0.021047,-0.218492,-0.200428,0.037511,-0.011239,-0.198247,-0.13885,0.020816,-0.230456,-0.050119,0.201029,0.010526,-0.230439,0.036081,-0.075474,0.063921,-0.038167,-0.01906,0.051226,0.118185,-0.023261,-0.121837,-0.267099,-0.209894,-0.122319,-0.063372,-0.029805,0.175281,0.02982,-0.061763,0.005469,-0.129887,0.008571,-0.223004,0.016974,-0.16522,0.090176,-0.073428,0.060442,-0.115597,-0.110081,0.02827,-0.272193,0.057863,-0.090249,0.02322,0.147097,-0.113925,-0.123522,-0.258176,-0.112209,0.030831,0.01064,0.104025,-0.013575,-0.109079,-0.028754,0.052749,-0.217984,-0.065447,0.001194,0.21673,-0.121674,0.179694,0.076624,0.016226,-0.059184,0.272161,-0.130526,-0.219338,-0.130084,-0.158025,0.106518,-0.126556,-0.236836,0.12861,-0.070774,0.018025,0.292913,0.008103,0.066648,0.328493,-0.107508,-0.224521,0.065611,-0.186898,-0.067378,0.30112,0.026597,0.076586,-0.010685,-0.21028,-0.038198,-0.138946,0.333651,0.21721,-0.087604,0.16803,0.115761,-0.05853,0.110782,0.317119,0.025293,0.214853,-0.097029,-0.063191,0.113475,-0.23564,-0.070768,-0.03497,#
12,0.266764,0.072018,-0.056737,-0.229915,0.001586,0.014608,0.327029,0.507951,0.031848,0.334429,0.099538,0.016731,1.0,0.499495,0.074789,0.066349,-0.08147,0.137373,0.233131,0.179441,0.10483,0.121945,0.204849,0.047745,-0.074393,-0.321657,-0.112615,-0.032362,0.159621,0.203829,0.09842,-0.013245,0.195382,0.085969,-0.233839,0.235668,0.160114,-0.009866,-0.170725,-0.075793,-0.04258,0.090974,0.205608,-0.099864,-0.120925,-0.413719,0.124929,0.022899,0.055886,-0.038655,-0.158863,0.028248,0.252474,0.044894,0.244614,0.124338,-0.129074,-0.223049,0.02501,0.009693,0.377106,0.069133,-0.189365,0.122378,-0.004822,0.194096,-0.099985,0.202161,0.138061,0.050401,0.241186,0.194073,-0.3008,-0.331782,-0.279214,0.009339,-0.065243,-0.009736,-0.013427,-0.094009,0.097318,-0.148649,-0.268224,-0.281913,-0.264324,0.183317,-0.082974,0.102091,-0.129706,-0.228606,-0.224983,-0.272465,-0.337105,0.024591,-0.108024,-0.214995,-0.247922,-0.188837,-0.16224,-0.411359,-0.03199,-0.214735,-0.176477,-0.055735,-0.069868,-0.114674,-0.342829,-0.223178,0.034452,-0.256765,-0.084393,0.059282,-0.326164,-0.179329,0.051286,-0.198921,-0.110986,-0.084016,-0.024786,-0.179811,-0.0559,-0.345567,-0.20938,-0.190154,-0.231743,-0.123836,0.151411,0.336228,-0.193383,-0.114201,-0.044806,0.048478,-0.302908,0.037268,0.021003,-0.129786,0.21953,-0.323083,-0.161145,-0.112077,-0.055532,0.189801,-0.137326,-0.162418,-0.132806,0.165995,-0.335713,0.145046,-0.222928,-0.321483,-0.280224,-0.107701,-0.150237,-0.243545,-0.008698,-0.370121,0.11776,0.163091,-0.261117,-0.17649,0.049679,-0.026987,-0.041869,0.052294,0.339785,0.151469,0.064408,0.122318,-0.175215,0.208113,-0.11978,-0.056325,-0.284066,0.003857,0.180559,-0.247268,-0.060658,0.08506,0.196454,-0.359271,0.113779,0.196365,0.019444,0.014786,0.049463,-0.082572,0.201025,0.04556,-0.174939,0.393536,-0.230483,-0.078773,0.242237,-0.003102,0.112614,-0.040412,0.02995,-0.076801,-0.036724,0.137204,#
13,0.195401,0.29856,0.000267,-0.2876,-0.20895,0.117913,0.19728,0.343131,0.170725,0.635724,-0.241548,0.215377,0.499495,1.0,0.261699,0.193517,-0.272002,0.285236,0.198183,0.174341,0.250624,0.102754,0.398425,0.20139,0.087687,-0.119002,0.098413,0.004323,0.135886,0.372942,0.136238,0.156832,0.315259,-0.044123,-0.347679,0.184813,0.211847,-0.155843,0.11021,-0.265775,0.044589,0.372988,-0.067388,0.070606,0.107966,-0.504245,0.24115,0.089864,-0.079125,0.047525,-0.000695,-0.153309,0.223936,-0.197813,0.059536,0.030457,-0.117,-0.344882,-0.216942,0.004302,0.488905,0.113172,-0.365144,-0.019939,0.061331,0.414983,-0.214575,0.293839,-0.146583,-0.086711,-0.202348,0.388121,-0.193382,-0.104873,-0.305674,-0.058458,-0.369233,-0.297489,-0.158696,0.118478,0.081097,-0.440587,-0.381966,0.077335,-0.387625,0.02342,-0.2894,-0.002698,0.047596,-0.374105,-0.047403,-0.206791,-0.416512,0.093739,-0.159773,-0.08313,-0.397015,-0.139409,0.04903,-0.304166,-0.081672,-0.135374,-0.344635,-0.2764,-0.069411,-0.153449,-0.212734,-0.172313,0.028827,-0.324425,0.085195,0.265572,-0.388476,-0.117974,0.151984,-0.081745,-0.327273,-0.236819,0.415715,-0.37902,-0.199057,-0.452721,-0.059747,-0.260416,-0.395198,-0.095234,0.146026,-0.08497,-0.3393,-0.239407,-0.108711,0.146007,-0.377641,-0.240489,-0.364971,-0.355951,0.240443,-0.279841,0.115988,-0.458759,-0.090139,0.073885,-0.127576,-0.378522,-0.390663,-0.077962,0.006694,0.205174,-0.395211,-0.204277,-0.286241,0.042669,-0.190181,-0.309005,0.004813,-0.259348,0.446996,0.310943,-0.140237,-0.230242,0.022978,0.094349,-0.026098,-0.064261,0.177158,0.244442,-0.153791,-0.087898,-0.181705,-0.067108,-0.31638,0.008359,-0.307022,-0.252341,0.153819,-0.198181,-0.105173,0.058321,0.479868,-0.410251,0.289304,0.020374,-0.456652,-0.107049,0.379384,0.142071,0.247505,0.034142,-0.382882,0.291228,-0.192144,-0.068559,0.124397,0.272511,-0.273349,-0.195588,0.167607,-0.304938,0.239844,0.194336,#
14,-0.04652,0.247124,-0.133469,-0.089339,-0.164263,0.0856,-0.005208,0.108119,0.06155,0.335066,-0.28793,-0.071345,0.074789,0.261699,1.0,-0.026181,-0.06979,0.232195,0.258617,0.119013,0.162487,0.128422,0.096468,0.17481,-0.068923,0.032994,0.139693,0.129448,0.116488,0.089295,-0.033616,0.195951,0.017125,0.096278,-0.263227,-0.193748,-0.102119,0.011244,-0.026956,-0.165234,0.14684,0.330327,-0.012737,0.19544,0.342718,-0.250596,0.052313,0.083835,0.15504,-0.046791,0.157621,-0.172378,0.065909,-0.13657,0.172267,0.22139,0.163011,-0.348124,-0.098237,-0.078987,0.259468,-0.031678,-0.278079,0.19475,0.211238,0.018298,-0.101966,-0.005844,-0.09026,0.017507,0.119145,0.116747,0.10136,-0.044265,-0.117649,-0.172279,-0.031594,0.079667,-0.061088,0.183997,0.182103,-0.335174,-0.076484,0.037128,-0.176838,0.199158,0.111155,-0.002536,0.023954,-0.204821,0.051349,0.014476,0.04257,0.272559,-0.035097,0.072337,-0.273585,0.004874,-0.011995,-0.119213,-0.123556,0.026332,-0.03967,-0.148955,-0.131687,-0.222873,-0.31564,0.029608,-0.047767,-0.107649,0.117327,0.137298,-0.040557,0.061369,-0.022949,-0.09495,-0.191756,-0.035654,0.339843,-0.366146,0.020547,-0.227096,-0.123275,-0.027219,-0.22524,-0.233209,-0.065566,0.175497,-0.203024,0.035602,-0.014411,0.174468,-0.177142,-0.236908,-0.095502,-0.155227,0.103068,0.050024,0.063906,-0.254392,-0.196187,-0.262124,-0.227789,-0.012081,-0.194889,-0.058828,0.039694,-0.120085,-0.15091,-0.029118,-0.245713,-0.299169,0.066458,-0.154951,-0.112269,-0.187461,0.333977,0.141624,-0.192905,0.021856,0.041117,0.022905,0.047723,0.087345,-0.048522,0.313029,0.017301,-0.116483,-0.172539,-0.161977,-0.216661,-0.0734,-0.152848,0.177301,0.078472,-0.195203,-0.101045,0.08991,0.435668,-0.139321,0.178775,0.111035,-0.247046,0.040633,0.073379,-0.101791,0.223825,-0.033343,-0.124677,-0.045166,-0.049017,-0.149075,0.165004,0.095352,-0.104499,0.015779,0.037382,-0.102833,0.20981,0.059997,#
15,0.093946,0.071014,-0.118162,-0.144863,-0.048743,0.077097,0.07123,0.025848,-0.059411,0.142799,-0.00648,-0.042218,0.066349,0.193517,-0.026181,1.0,0.027334,0.284373,0.073641,0.116568,-0.136018,-0.111609,0.288805,-0.075879,0.039487,-0.070407,-0.05381,0.064335,0.132958,0.164855,0.187435,-0.095583,0.279168,-0.142992,-0.006042,0.061105,0.366008,-0.014393,0.129071,0.009422,0.023708,0.007688,0.187856,0.189721,0.049034,-0.095887,0.120432,0.005787,0.047521,0.244639,0.208798,0.167738,-0.049272,0.006214,0.207909,-0.012011,-0.096167,-0.13099,-0.044682,0.064261,0.036921,0.217613,-0.05427,0.083433,-0.154024,0.075581,-0.145875,0.142843,-0.439474,0.062719,-0.046845,0.256628,0.118936,-0.118187,-0.007579,0.242353,0.028374,-0.169861,0.141714,0.055054,0.193175,0.003555,-0.117415,0.285752,-0.025189,-0.198926,-0.235147,-0.15931,-0.028625,0.036522,0.047575,0.133857,-0.143112,0.229835,0.016961,-0.141207,-0.053686,-0.227184,0.029085,0.012634,-0.046587,-0.060015,-0.303109,0.065343,0.055299,-0.056021,0.002874,0.128801,0.065647,0.023145,-0.161295,0.176373,-0.11807,-0.092781,0.073068,0.15342,-0.051225,-0.247929,0.06683,-0.192447,-0.177853,-0.045414,-0.248546,-0.123219,-0.12782,0.005867,-0.122645,0.158899,-0.218928,-0.234057,-0.093023,0.052876,-0.053177,0.078361,-0.203026,-0.162598,-0.025061,-0.172613,-0.037924,-0.22714,0.018203,0.232991,-0.103905,-0.170705,-0.060225,0.134084,0.249585,0.208532,-0.18157,-0.310067,-0.027231,-0.086359,0.007355,0.068474,0.117886,-0.017938,-0.006166,0.258367,-0.17336,-0.167751,0.226341,-0.118705,-0.065912,-0.087577,0.153605,0.107027,-0.15843,0.112479,-0.065445,-0.106447,0.137993,0.111613,0.088284,-0.230722,-0.046741,-0.010662,-0.133903,0.097279,0.105811,-0.291246,0.160264,-0.094404,-0.240471,0.11488,0.229584,-0.106792,0.251742,0.029096,-0.164375,-0.004344,-0.040703,-0.053446,0.128175,0.12964,-0.133155,-0.077441,0.158636,-0.125712,0.170658,0.178289,#
16,-0.065979,-0.148372,-0.284951,0.177912,0.073499,0.260009,0.081937,-0.019239,-0.270158,-0.364395,-0.022822,0.02114,-0.08147,-0.272002,-0.06979,0.027334,1.0,-0.173807,0.110189,-0.063856,-0.061858,-0.161532,-0.149646,-0.271131,-0.42049,-0.058419,-0.112145,-0.027727,0.06066,-0.169182,-0.152633,0.044662,0.034745,0.241293,0.095474,0.140602,-0.156776,-0.169878,-0.252438,0.318384,-0.174639,-0.111863,0.042351,0.104957,-0.209766,0.194666,-0.037772,-0.264178,0.069667,0.174541,0.090804,0.199045,-0.040542,0.069238,0.05558,0.008835,0.275967,0.166671,0.220831,-0.142329,-0.215151,0.150575,0.37341,-0.091326,-0.248867,-0.003249,-0.088644,-0.003425,-0.142516,-0.258051,-0.172945,-0.338734,-0.060875,-0.126318,0.044158,0.080645,0.070502,-0.026533,0.020522,0.042363,-0.034173,0.20947,0.209552,-0.278468,0.138553,-0.071995,0.063554,0.121742,-0.142038,-0.048308,-0.068216,0.072166,0.048073,-0.067166,0.102931,-0.159198,0.051245,-0.11727,-0.206092,0.113538,0.144447,0.058826,0.151258,0.037227,0.037457,0.136895,0.112429,-0.038353,-0.108071,0.060296,-0.31004,-0.027364,0.156839,0.106989,-0.143236,-0.030799,0.076501,0.188342,-0.263735,-0.033816,0.06168,0.012134,-0.048489,-0.160183,0.120321,-0.212508,-0.414586,-0.168117,0.123951,-0.029564,-0.195285,-0.215058,0.169859,0.111278,0.142191,0.015687,0.141064,-0.225923,-0.051274,0.059085,-0.086946,0.008298,-0.091822,0.387952,0.114729,0.009466,0.057559,-0.066326,-0.088725,-0.063892,0.114122,-0.154801,0.125287,0.189618,-0.15259,-0.004818,-0.353839,-0.022025,-0.117765,0.310789,-0.050746,-0.108311,-0.00159,-0.169421,-0.129575,0.06561,0.153065,-0.123637,0.001499,0.006083,-0.022448,0.153382,-0.18358,-0.057561,-0.114959,-0.119421,-0.126821,-0.009707,-0.235725,0.089885,-0.435836,-0.093911,0.568685,0.09609,-0.039632,-0.139946,-0.069178,0.095462,0.378293,-0.33048,0.105319,0.305376,-0.025488,-0.314231,0.071824,0.000624,-0.026486,0.034762,-0.439668,-0.114558,#
17,-0.288444,0.227894,0.249826,0.101341,-0.213258,-0.036216,0.150429,0.1641,0.265472,0.316403,-0.244267,0.035011,0.137373,0.285236,0.232195,0.284373,-0.173807,1.0,-0.035871,0.385352,-0.183277,0.076993,0.197266,0.099971,0.200958,0.181174,0.096327,0.037251,0.006098,0.022613,0.065742,-0.12327,0.016409,-0.044644,-0.211707,0.050673,0.068319,-0.089834,0.120308,-0.251454,0.001341,0.039748,0.148876,0.089801,0.083183,-0.228021,0.061673,0.367243,0.050231,-0.020528,-0.026216,-0.046356,0.062145,0.030959,0.0369,0.054182,0.032344,-0.306904,-0.078143,-0.147032,0.065227,-0.176483,-0.244722,0.103528,0.117135,0.204463,-0.071432,0.206929,-0.066261,0.320499,0.151155,0.339059,0.024816,-0.248185,-0.022365,-0.02748,0.024436,-0.187783,0.103628,-0.029625,0.184943,-0.19377,-0.340509,0.221942,-0.235794,0.100469,-0.07702,-0.213689,-0.121597,-0.052499,-0.099083,-0.019394,-0.263964,0.372693,-0.183972,-0.097494,0.082019,-0.059466,0.100322,0.091847,-0.239175,0.056429,-0.10999,0.189647,-0.093125,-0.011006,-0.036027,-0.105336,-0.078816,-0.181849,0.162987,0.002245,-0.024674,-0.192797,0.057031,-0.095165,0.023673,-0.183411,0.42825,-0.452662,-0.023413,-0.362697,-0.170961,-0.13027,-0.109771,-0.017824,0.008509,0.135841,-0.153433,-0.022786,0.138331,0.253946,-0.145875,-0.113858,0.003306,-0.07114,0.010358,-0.104093,0.031749,-0.179715,-0.07732,-0.01954,-0.077547,-0.367249,-0.246647,0.021876,-0.124876,0.382359,0.050161,-0.07683,-0.230475,-0.022576,0.012652,-0.147808,0.024746,-0.133662,0.021453,0.510189,-0.003713,-0.017082,0.246182,0.19821,-0.229813,0.255312,0.162236,0.296281,-0.017988,-0.149878,-0.23963,0.11188,-0.109208,-0.187133,-0.121353,-0.051226,0.036927,-0.087696,-0.167848,-0.026816,0.236582,-0.292955,0.324827,-0.173449,-0.300475,-0.080105,0.135333,-0.154898,0.214695,0.23824,-0.355458,-0.102995,0.000245,-0.317142,0.011402,0.239988,-0.135487,-0.216547,-0.033288,-0.043766,0.194325,0.170957,#
18,0.33092,0.204211,-0.05963,-0.093678,0.115883,0.172261,0.255987,0.149241,-0.053865,0.091902,0.110494,0.018322,0.233131,0.198183,0.258617,0.073641,0.110189,-0.035871,1.0,-0.073271,0.143222,0.105964,0.06042,0.003139,-0.013188,0.02807,-0.072727,0.122549,0.126712,0.107085,-0.149648,0.130017,-0.024984,0.125918,-0.020651,0.078103,-0.123946,0.063635,-0.198867,0.093434,0.2236,0.12757,0.023596,0.184426,0.226932,-0.021701,0.008359,-0.161844,-0.025603,-0.074782,0.067833,0.026603,0.221577,-0.159616,0.251676,0.069759,0.005855,-0.172483,0.025568,-0.155932,0.229301,-0.217043,-0.08414,0.192738,-0.080003,0.206903,-0.168663,-0.018675,-0.015597,-0.210202,-0.056354,0.089588,-0.229772,-0.090999,-0.186704,-0.087898,-0.056317,-0.112352,-0.171496,0.03211,0.148337,-0.104537,-0.088624,-0.271427,-0.009697,-0.03762,0.003882,0.048332,-0.059587,-0.213105,-0.210292,-0.257717,0.048721,-0.282355,0.175574,-0.10298,-0.119177,-0.236886,-0.075473,-0.038884,0.140875,0.062898,-0.040585,-0.406666,-0.182107,-0.012048,-0.260107,-0.05725,-0.04276,0.039505,-0.106381,0.173369,-0.091443,0.007587,0.085342,0.274758,-0.104184,0.004252,0.094755,-0.02275,-0.094933,0.047635,-0.105956,-0.168146,-0.273551,-0.113254,0.077982,-0.033001,-0.035399,0.023029,-0.218669,-0.14301,-0.039945,-0.012545,-0.145781,-0.036128,0.092923,-0.094373,-0.026185,-0.181736,-0.418422,-0.013363,-0.141829,0.023572,-0.040842,-0.05244,-0.137743,0.047042,-0.335475,-0.184077,-0.251417,-0.143351,-0.117297,-0.186564,0.037991,-0.248498,0.065879,-0.002759,-0.296358,-0.101177,-0.042231,0.122108,-0.044456,-0.20711,0.072864,-0.064204,0.16484,0.114594,-0.074214,-0.022407,0.064352,0.228501,-0.002824,0.129127,0.220992,0.009326,0.017104,0.133025,0.252789,-0.070119,-0.144896,0.130168,0.106788,0.282069,0.252175,-0.035749,0.456243,0.009677,0.076689,0.173712,-0.091142,0.098801,0.201449,-0.063074,-0.157392,-0.078452,0.367518,-0.132375,-0.181606,0.080692,#
19,-0.106702,0.113899,0.166893,-0.072809,-0.161545,-0.102575,-0.010439,0.008389,0.036608,0.168726,-0.066834,-0.173925,0.179441,0.174341,0.119013,0.116568,-0.063856,0.385352,-0.073271,1.0,0.156259,0.157186,0.097755,0.041779,-0.242938,-0.216512,0.091645,-0.263501,0.024625,-0.217,0.188307,0.310505,0.323902,0.230653,-0.113566,-0.212633,0.212273,0.124837,-0.233881,-0.113739,0.178724,0.056513,-0.003212,-0.108599,-0.019173,-0.446289,0.238218,0.30606,0.257858,-0.27359,-0.107329,-0.135696,0.428959,-0.152833,-0.225547,0.066541,0.039738,-0.287702,0.269012,-0.16244,0.240399,-0.135211,-0.250596,-0.172871,0.089358,0.085304,-0.108291,-0.02336,0.025327,0.300287,-0.069668,0.238748,0.16715,-0.227638,0.011007,-0.426805,0.125398,-0.012968,0.5468,0.210622,0.329173,0.08647,-0.034548,-0.12302,0.125349,0.475368,0.057737,-0.281385,0.12178,-0.129835,0.045819,0.33473,-0.022316,0.146802,-0.065008,0.233284,0.090249,0.156932,0.216249,0.14917,-0.539035,0.066977,0.10012,0.122038,0.395624,0.161369,0.021809,-0.203909,0.125535,-0.302647,0.310869,-0.164153,-0.005591,0.241697,0.203451,-0.033263,-0.058215,-0.015906,0.145543,-0.391544,0.189195,-0.167543,-0.16142,-0.075915,-0.111425,0.333251,0.072972,0.202379,0.254177,0.324116,0.484165,0.130029,0.177252,-0.075817,0.336166,0.109627,0.076642,0.040578,0.144919,0.100884,0.052033,0.234852,0.023677,-0.336084,-0.008321,0.173672,0.137254,-0.144605,0.112742,0.136385,0.041139,0.130804,0.342325,0.102412,-0.045268,0.113805,0.380319,0.011084,0.013939,-0.051218,0.365809,0.194823,0.043142,0.191255,0.053271,0.133764,0.366414,-0.095403,-0.051591,0.257924,-0.427874,-0.209891,-0.134311,0.059889,-0.295985,0.066816,0.055244,-0.370073,0.079472,-0.049063,0.146998,-0.031302,-0.256791,-0.045679,-0.289351,-0.134449,0.403323,0.283617,-0.203199,-0.121048,0.07901,-0.392489,-0.343118,-0.004104,0.006241,-0.284316,-0.309901,0.005985,0.385602,-0.078326,#
20,0.229348,0.267147,0.00442,-0.037836,-0.25608,0.084612,-0.09021,0.180655,-0.296028,-0.008832,-0.095314,0.125031,0.10483,0.250624,0.162487,-0.136018,-0.061858,-0.183277,0.143222,0.156259,1.0,0.051448,-0.147656,-0.134713,-0.047785,-0.218864,-0.034634,-0.251647,-0.142006,0.033315,0.103654,0.119193,0.156359,0.269814,-0.342226,-0.277767,0.158404,-0.077231,0.133804,-0.234564,0.293468,0.361443,-0.282593,0.076232,0.071559,-0.22745,0.057812,-0.083033,0.023094,-0.219349,-0.277378,0.000719,0.362467,0.05496,-0.011588,-0.01071,-0.108866,-0.090425,-0.368268,0.024864,0.100316,0.029837,0.005812,0.074158,0.146429,0.04596,-0.355084,-0.019079,0.026455,-0.120971,-0.109325,0.144497,-0.157723,0.088969,-0.309846,-0.336049,-0.061435,0.271579,0.150423,0.227182,0.076204,-0.204612,0.271071,-0.100519,-0.05764,-0.069576,0.005554,0.189906,0.235046,-0.029358,-0.036645,0.02265,0.057842,-0.065985,0.078731,0.193677,-0.289595,0.106457,0.118373,-0.018002,-0.003855,0.106817,-0.027064,-0.131395,0.083801,-0.035494,0.130286,0.06273,-0.062618,-0.10894,0.184965,0.082754,-0.252288,0.159168,0.285181,0.107564,-0.042673,0.032143,-0.016963,-0.064611,-0.066206,-0.132127,-0.205541,0.048289,-0.159147,-0.105461,0.003615,-0.230008,-0.251068,0.145653,0.193548,0.018848,0.027204,0.10576,-0.096953,0.129388,0.160257,0.19871,0.202143,-0.196182,-0.041203,0.099332,0.176724,0.109185,-0.037709,-0.202188,-0.023972,-0.250017,-0.064696,0.049046,0.022884,0.110397,-0.032317,-0.062683,0.151955,-0.008784,0.39221,-0.171722,-0.062823,-0.132295,0.026651,-0.063757,0.24015,-0.156666,-0.260987,-0.083904,0.173871,0.093623,0.312815,-0.249804,-0.133966,0.126322,-0.094685,-0.133887,-0.107428,-0.103905,0.015874,-0.293005,0.080435,0.23824,-0.130526,-0.008663,0.015021,0.00531,-0.025346,0.192222,0.068694,-0.196149,-0.082881,0.224772,-0.087967,-0.063087,-0.102435,-0.099389,-0.075767,-0.162784,0.185532,-0.360821,-0.048597,-0.110234,#
