0,1.0,0.173667,0.035474,-0.212773,0.373948,0.010822,0.202279,0.027996,0.392861,0.040956,-0.087989,0.275866,0.443035,0.138737,0.068131,0.028948,0.062946,0.003201,0.196192,-0.253259,-0.277106,0.023522,0.196125,-0.221833,-0.124663,-0.243276,-0.214777,-0.054601,0.172892,0.159192,-0.30762,0.018111,-0.180984,-0.148657,-0.350407,0.006814,0.147747,0.018829,0.110514,-0.079612,0.156103,-0.140345,-0.051169,0.08459,-0.084837,-0.118865,0.429547,0.188244,-0.097676,0.253307,-0.044555,-0.019913,0.113225,-0.068177,-0.038077,0.022398,-0.238084,0.023771,-0.139404,0.032263,0.194216,0.074297,-0.019909,-0.068145,0.121615,0.33428,-0.055044,0.038349,0.239382,-0.118875,0.179528,-0.310816,-0.111276,-0.213212,-0.299455,0.24113,-0.184974,-0.250162,-0.27814,-0.049281,-0.185446,-0.358135,-0.141005,0.054364,-0.109373,-0.081587,-0.294912,-0.226577,-0.00137,-0.330939,-0.085148,-0.136658,-0.12569,0.06465,-0.152555,-0.129389,-0.266583,-0.256479,-0.037056,-0.328967,0.114098,-0.437145,-0.128442,-0.227501,-0.235012,-0.069171,-0.198342,-0.035099,-0.229564,-0.05765,0.048367,-0.087648,-0.050171,-0.280288,-0.344163,-0.377487,-0.25533,-0.166066,0.127388,-0.533151,-0.223569,-0.29837,-0.249355,-0.296817,-0.358407,-0.06591,-0.273722,-0.013548,-0.009533,-0.274599,-0.053725,-0.156933,-0.04931,0.06198,-0.322388,-0.367921,0.00096,-0.385574,0.004256,-0.309062,-0.136656,-0.25525,-0.291041,-0.205552,-0.282773,-0.080957,-0.38597,0.262454,-0.269981,-0.189361,-0.285994,-0.368012,-0.041769,-0.16938,-0.324441,-0.16113,0.344367,0.303244,-0.289351,-0.185953,-0.20799,-0.048594,-0.295326,-0.099136,0.098643,-0.00603,0.072315,-0.062118,-0.223704,-0.299788,-0.026778,0.214107,-0.11018,-0.158511,0.249554,-0.081385,0.021978,0.222877,0.292213,-0.389143,0.126913,0.16869,-0.079753,0.017312,0.312906,-0.030296,0.266339,0.133444,-0.191824,0.415432,-0.151719,-0.021412,0.328363,0.330263,-0.047797,0.160419,0.27837,-0.304113,-0.14129,0.073288,#
1,0.173667,1.0,0.009254,0.118691,0.1318,-0.053533,-0.016916,-0.005347,0.068368,0.205595,-0.176587,0.08661,0.030124,0.015103,0.167521,-0.012034,-0.205591,0.103177,0.051767,-0.098876,-0.037598,0.217912,0.058398,0.009447,-0.083923,-0.008768,0.080665,0.104772,0.17309,0.221945,-0.410333,0.183596,0.022152,0.182246,-0.20932,0.031054,0.276719,-0.059101,0.04237,-0.11203,0.172184,-0.020539,0.233798,0.107043,-0.246656,-0.235633,0.257407,0.220758,0.041827,0.27967,0.043061,-0.123935,0.052641,0.041614,0.011853,-0.04657,-0.150432,-0.063377,-0.169092,0.017321,-0.045284,-0.024031,-0.082865,0.131418,0.050163,-0.070996,0.106336,0.122339,0.137047,0.059816,-0.035144,-0.191999,0.076976,-0.005147,-0.058838,0.06194,-0.135478,-0.079687,-0.113758,-0.204429,-0.123958,-0.202767,-0.216685,0.11939,-0.205357,-0.091076,-0.153917,-0.071523,-0.045359,-0.006949,0.130107,0.007961,-0.1453,0.202515,-0.272088,0.034443,-0.050007,-0.024262,-0.139122,0.005344,0.065252,-0.109968,-0.277944,-0.083596,-0.430039,-0.212583,-0.352681,-0.052818,-0.081562,-0.111158,0.047173,0.215404,-0.071736,-0.225875,-0.017364,-0.048812,-0.119778,-0.152349,0.154992,-0.060213,-0.173548,-0.059364,-0.059178,-0.172939,0.033399,-0.127844,-0.12339,-0.08014,0.092875,0.073413,-0.145231,-0.118531,-0.021656,0.108955,-0.116839,-0.053865,-0.164984,-0.173318,0.131882,-0.155112,-0.105059,0.1139,-0.033616,-0.238866,-0.114453,-0.257096,-0.079271,0.091382,-0.194599,-0.133494,-0.215519,-0.155045,-0.076419,0.079782,-0.093655,0.006108,0.038759,0.138821,-0.029616,-0.023516,0.001939,0.003682,-0.081264,-0.047365,0.022928,0.281135,0.11199,-0.193778,-0.172208,0.033012,-0.292427,0.005247,-0.159206,-0.033826,0.076853,0.156378,-0.015343,-0.040054,0.043656,-0.181168,-0.018667,0.057006,-0.075545,-0.069654,-0.010652,-0.131829,0.08838,-0.142126,-0.208462,0.169314,-0.046921,0.142292,0.093306,0.129255,-0.017502,-0.100585,0.133895,-0.196192,-0.042928,0.084001,#
2,0.035474,0.009254,1.0,0.297113,0.04461,-0.32643,0.0123,-0.042904,0.015321,0.179288,-0.049472,-0.011011,-0.008212,-0.058198,-0.176182,-0.157874,-0.032545,0.217652,0.097875,-0.102401,-0.008125,-0.016873,0.048356,0.115162,-0.061878,-0.152302,0.189321,-0.342866,-0.052203,0.009485,-0.075332,0.106621,-0.045723,0.034033,-0.250849,-0.065545,-0.080807,-0.029296,0.088978,-0.233141,-0.068944,0.142664,0.009575,-0.161395,0.293722,-0.296343,0.199227,0.256008,-0.222439,0.127176,-0.248737,0.017313,-0.173533,0.265037,-0.209783,-0.238241,-0.150168,-0.100678,-0.134247,-0.011098,-0.019492,0.049388,-0.205336,-0.247449,-0.029762,0.116875,-0.247067,-0.036752,-0.130734,-0.05332,0.091725,0.014255,-0.019601,0.191934,-0.114123,0.221118,-0.095425,-0.133158,-0.15838,-0.021552,0.038076,0.00281,-0.101194,0.216831,-0.004592,-0.158997,0.006364,0.033684,-0.172331,-0.208288,0.007282,-0.402349,0.090067,0.052036,-0.254318,0.215886,0.179772,0.224726,-0.056948,-0.034668,-0.183956,-0.133736,-0.035773,0.089552,-0.21642,-0.094733,0.136512,0.084638,0.013237,0.145028,0.266512,0.096087,-0.000617,-0.003216,0.115131,-0.076816,-0.074754,-0.216449,0.064195,-0.043378,-0.257696,0.051267,0.114439,-0.076715,-0.03804,0.144266,-0.20666,-0.040825,0.047855,0.157964,0.278655,0.028755,-0.047504,0.021721,0.196098,0.007986,0.29057,0.208477,0.003713,-0.238018,0.199609,0.284524,0.016132,-0.248942,-0.102355,0.127946,-0.066583,0.051992,-0.338747,0.158328,-0.141571,0.329539,0.33463,-0.042045,-0.053655,0.031213,0.051279,0.124641,0.059888,-0.006839,0.179829,-0.055635,0.288456,0.039775,-0.014024,-0.052928,-0.216733,-0.295437,-0.02929,0.032707,-0.053406,0.113477,-0.030587,0.011004,-0.061054,0.079318,-0.206643,0.030242,-0.171704,-0.011597,0.103858,0.03788,-0.026149,-0.032067,-0.306532,0.140783,-0.048474,0.003864,0.005009,-0.052765,0.215079,0.025065,-0.044273,-0.004053,-0.121312,-0.16032,-0.120784,0.043273,0.183827,-0.243704,#
3,-0.212773,0.118691,0.297113,1.0,-0.120782,-0.226409,-0.245758,-0.135602,-0.251262,-0.095854,0.153311,-0.327503,-0.161426,-0.219793,-0.100224,-0.188792,0.070677,0.007334,0.083199,0.094361,-0.018414,-0.004072,-0.192618,-0.001279,0.067566,0.21585,-0.045341,0.036861,0.008534,-0.134025,0.163191,-0.022682,0.166212,-0.052698,-0.192693,-0.301914,-0.19718,0.062002,0.048122,0.180086,0.0654,-0.108364,0.113239,-0.015218,0.003054,-0.00049,-0.235761,-0.247447,-0.115151,-0.08061,-0.249807,0.340935,-0.094957,0.312813,-0.001453,0.134663,0.072141,0.027128,-0.032878,-0.184507,-0.1586,-0.163015,-0.003923,-0.042963,-0.150066,-0.337075,0.101207,-0.110057,-0.377262,0.142972,-0.050657,0.254587,0.215794,0.450173,0.05727,-0.034475,0.16238,0.027434,0.270806,0.152477,0.058497,0.119126,0.07409,0.077727,0.116542,0.028628,0.161632,0.186815,0.074889,0.092436,0.150221,0.161081,-0.001954,0.058303,-0.005455,0.209644,0.272598,0.278899,0.040736,0.185547,0.004061,-0.038527,0.302793,0.11553,-0.097056,0.070022,0.179525,0.18976,0.250247,0.252343,0.098194,-0.098787,-0.022383,-0.026235,0.103014,0.171727,0.398523,0.097661,-0.036616,0.334429,0.122556,-0.02627,0.24298,0.183474,0.201777,0.159971,-0.135165,-0.033148,0.144493,0.270741,0.063804,0.03587,-0.082179,-0.126903,0.193511,0.260958,0.159183,0.105043,-0.150739,0.212097,0.039544,0.30013,0.310104,-0.149478,0.110269,0.130634,0.094524,-0.238585,0.126287,0.335574,0.173833,0.406573,0.229922,0.155219,0.259083,0.146749,-0.201575,-0.351185,0.302573,-0.112987,-0.068968,0.049963,0.016232,-0.129444,-0.279693,-0.066448,0.042351,-0.260657,0.134009,0.002672,-0.207633,-0.244471,0.029316,0.249782,-0.12162,0.140174,0.062458,-0.108436,-0.317621,0.330945,-0.415686,0.042976,-0.048359,-0.059858,-0.098707,-0.093736,-0.051658,-0.120032,0.149238,-0.288056,0.250286,-0.024524,-0.24045,-0.200995,-0.166921,-0.174808,-0.276358,0.194453,-0.243749,-0.032935,#
4,0.373948,0.1318,0.04461,-0.120782,1.0,-0.051822,0.168524,-0.136083,0.090644,0.296082,-0.072406,0.170449,0.252085,0.072361,0.046056,-0.088043,0.090357,-0.048014,-0.149981,-0.235892,0.055847,-0.007291,0.272379,-0.067024,-0.277344,-0.03282,-0.015149,-0.099629,-0.051738,0.173169,-0.173513,0.084859,-0.284107,0.119146,-0.403311,0.116068,0.04304,-0.235288,0.204267,-0.051847,0.067335,-0.150972,0.028067,0.029702,-0.109411,0.01101,0.166755,0.292981,0.077399,0.024874,0.101261,-0.467516,-0.024593,-0.103012,0.197757,-0.315109,-0.376041,0.222032,-0.213164,-0.09876,0.17997,0.228442,-0.172425,-0.018555,0.032266,0.375079,-0.113255,0.156735,0.229794,-0.092587,0.082257,-0.513672,0.170529,-0.539078,-0.249281,0.299714,-0.44285,-0.358671,-0.348991,-0.142599,-0.306625,-0.361036,-0.392911,-0.085414,-0.358789,-0.423484,-0.557944,-0.265293,-0.200134,-0.161752,-0.385205,-0.224066,-0.288897,-0.084621,-0.326931,-0.310447,-0.352595,-0.021393,-0.062575,-0.087538,0.130297,-0.291695,-0.148434,-0.184462,-0.380402,-0.531865,-0.244353,-0.174512,-0.142981,-0.051479,0.073039,0.03915,-0.285302,-0.434667,-0.323326,-0.104522,-0.202487,-0.45071,-0.045263,-0.307105,-0.268378,-0.251957,-0.215409,-0.188588,-0.036491,-0.067105,-0.439436,-0.010511,-0.262477,-0.17287,-0.233104,-0.046741,-0.426849,-0.001625,-0.165553,-0.428382,0.045128,-0.410356,-0.025873,-0.305267,-0.232977,0.028923,-0.024548,-0.124123,-0.508649,-0.274902,-0.229531,0.396469,-0.473766,-0.168181,-0.417527,-0.194529,-0.19542,-0.315796,-0.29869,-0.228048,0.205652,0.288476,-0.332167,-0.270513,-0.067358,-0.153931,-0.155134,-0.148507,-0.084438,0.298795,-0.079223,-0.042135,-0.259823,-0.129919,0.049569,0.017792,-0.366326,-0.458134,0.059342,-0.280329,-0.184051,0.128951,0.136902,-0.247358,0.170374,0.036123,0.161349,0.131234,0.246452,-0.099499,0.268456,-0.197007,-0.069999,0.314622,-0.152044,0.271681,0.377025,0.28964,0.098005,0.014402,0.20991,-0.31749,-0.392578,0.145002,#
5,0.010822,-0.053533,-0.32643,-0.226409,-0.051822,1.0,0.221692,0.207801,-0.080735,0.009051,0.006816,0.047059,-0.196403,0.48286,0.198194,0.078734,-0.068851,-0.166602,-0.096245,-0.130621,0.077464,0.079295,-0.011401,-0.302016,0.180325,-0.105482,0.040182,0.028859,-0.032047,0.022152,0.106197,0.210835,0.096106,-0.163803,-0.168381,0.033761,-0.086408,0.094573,0.099668,-0.013686,-0.008417,0.042544,0.082264,0.320465,-0.103246,0.083708,-0.10765,0.007921,0.174127,0.12922,0.219997,0.037602,0.280595,-0.269959,-0.01651,0.098338,0.196708,0.224393,-0.062026,0.307425,0.244543,0.020201,-0.139274,0.343922,0.076141,0.007307,-0.138818,0.283211,0.063032,-0.167539,-0.163209,-0.154168,0.107824,-0.107812,0.004914,-0.040772,0.219314,0.231397,-0.203108,0.002041,-0.095094,-0.043863,0.152006,-0.141008,0.001563,0.102488,0.041988,-0.246283,-0.113552,-0.151269,-0.063146,0.060134,0.043965,-0.208011,0.112219,-0.088832,-0.112772,-0.133048,0.083382,-0.202387,-0.022848,0.019352,0.050673,-0.29026,0.164903,-0.052402,-0.143115,-0.358408,-0.182831,-0.397707,-0.099041,0.129303,-0.134643,-0.112314,-0.152955,-0.180726,-0.025028,-0.122893,-0.083992,-0.141597,-0.035055,0.069216,-0.024811,-0.075545,-0.244488,0.002375,0.043981,0.026907,-0.102605,-0.221679,-0.04554,-0.145668,-0.100024,0.110741,-0.108716,-0.112744,0.089785,-0.141335,-0.134631,-0.025344,-0.112752,-0.272022,-0.389093,-0.18995,0.084345,-0.002751,0.00861,0.011945,0.251587,-0.156498,-0.020999,-0.011474,-0.127581,0.254458,-0.110322,-0.086837,0.250396,0.100752,-0.226712,0.135507,-0.147285,-0.05551,0.007461,0.034245,0.014994,0.143459,0.32747,0.265493,0.035068,-0.063292,0.245439,-0.016904,0.13739,0.171926,0.278936,-0.004611,0.033599,-0.007089,0.250892,-0.103046,0.130491,0.099308,0.03753,0.140332,0.152346,-0.294925,0.041967,-0.000649,0.037764,0.267303,0.006709,-0.074044,0.169784,-0.179715,0.218406,0.1144,0.098262,-0.174019,0.053956,0.266248,#
6,0.202279,-0.016916,0.0123,-0.245758,0.168524,0.221692,1.0,0.238256,0.426976,0.018363,0.264672,0.275721,0.044883,0.050083,0.131385,0.22194,-0.213904,-0.18239,0.102486,-0.092601,-0.055662,0.259631,0.125978,-0.291137,-0.032288,-0.005072,0.076466,-0.290055,0.186726,0.064517,-0.335054,0.027731,-0.094522,-0.206967,-0.082768,0.134671,0.136052,-0.170123,-0.061417,0.096211,0.017078,0.053582,-0.297546,0.004081,-0.030615,0.049295,0.062121,0.207254,0.16863,0.275439,0.2546,-0.098215,0.081011,-0.085897,0.028992,0.005544,0.050244,0.065873,0.011219,0.218005,0.275097,0.273727,-0.218127,0.236686,0.062487,0.030435,-0.179357,0.021005,0.187467,-0.270917,0.116896,-0.324158,0.076551,-0.323057,-0.417117,0.234746,-0.249924,-0.248578,-0.448549,-0.251896,-0.161189,-0.294324,-0.10021,-0.457294,-0.341271,-0.040213,-0.194093,-0.166624,-0.419234,-0.096777,-0.095576,-0.250027,-0.087241,-0.120079,-0.456644,-0.054197,-0.246714,-0.377133,-0.169308,-0.166463,-0.139839,-0.204595,-0.235994,-0.252752,-0.084419,-0.186093,-0.112057,-0.210026,-0.335505,-0.118207,-0.05677,0.102957,-0.215738,-0.256905,-0.087051,-0.335911,-0.255067,-0.12665,0.000647,-0.394671,-0.173542,-0.17065,-0.046406,-0.403021,-0.174159,-0.107596,-0.267408,-0.092006,-0.241888,-0.263111,-0.218604,-0.226111,-0.220592,-0.056266,-0.136528,-0.163348,0.088989,-0.210498,-0.010606,-0.378672,-0.242351,-0.173082,-0.333853,-0.076389,-0.167149,-0.133819,-0.483908,0.436533,-0.085181,-0.38317,-0.136274,-0.24341,-0.35423,-0.053696,-0.217525,-0.224315,0.139211,0.341576,-0.089609,-0.191263,0.048338,-0.213316,-0.134706,-0.154041,-0.084181,0.353871,-0.110434,0.147117,-0.005337,-0.131124,-0.027254,0.046182,0.00128,-0.185147,0.35611,-0.427165,-0.190973,0.446833,0.30759,-0.276924,0.368634,0.34857,0.108361,0.118025,0.363849,-0.073333,-0.033035,0.00019,-0.038567,0.344287,0.000836,0.154715,0.37301,0.062283,-0.044885,0.188332,0.47193,-0.289145,-0.130536,0.139993,#
7,0.027996,-0.005347,-0.042904,-0.135602,-0.136083,0.207801,0.238256,1.0,0.01134,-0.194147,-0.255004,-0.12202,-0.04911,0.178969,0.159049,-0.223754,-0.120083,-0.016923,0.13023,0.036334,-0.062899,0.369991,-0.122953,-0.144475,-0.072532,0.20092,0.340626,0.081503,-0.34854,-0.013273,0.056385,0.3887,0.173814,-0.089415,-0.059189,-0.003774,0.07805,-0.187634,0.107397,-0.190974,-0.065399,0.224624,0.245822,0.010441,-0.208869,0.014526,0.082975,0.067918,-0.273734,-0.065871,-0.068687,0.056524,0.172535,-0.314716,-0.146011,0.17818,0.206154,-0.125682,-0.051082,0.208712,-0.020888,0.27972,-0.16342,0.29931,0.235791,0.210732,-0.081261,0.074824,-0.080464,-0.251988,0.134138,-0.006833,-0.103665,0.042482,-0.135991,-0.218225,0.075494,-0.072838,-0.205131,0.126583,0.157502,-0.109216,0.199871,-0.121314,0.077808,0.35398,0.20193,0.127409,0.068412,0.077209,0.042216,0.020824,0.037238,0.070154,0.080344,0.159175,-0.108944,0.080879,-0.024185,-0.208857,-0.055972,-0.140416,0.043668,0.021644,-0.170412,0.034861,0.09409,-0.257979,0.024169,-0.270363,-0.028303,0.156816,0.024757,0.054367,0.094377,0.007697,-3.9e-05,0.170359,0.054024,-0.140165,-0.119379,0.041594,-0.036832,-0.07694,-0.057364,0.1352,0.086848,-0.404665,0.113394,0.015147,0.035117,-0.174162,0.067792,-0.043337,0.069768,0.060185,0.187691,0.042621,0.00328,-0.139037,-0.058961,-0.327281,-0.068831,0.065034,0.150878,-0.147663,-0.028378,0.043421,0.150778,0.143959,0.069381,-0.067506,0.221615,0.10044,0.349303,0.084929,0.127438,-0.038206,-0.180328,0.195036,0.087876,-0.069724,0.0514,0.104749,0.221409,0.016472,-0.023994,0.142958,-0.103252,0.174333,-0.110554,0.026619,0.081766,0.129255,0.103854,0.057302,0.002444,-0.032562,0.023177,-0.238056,-0.015709,-0.090609,-0.089447,-0.118136,-0.104787,-0.043778,-0.032863,0.160585,-0.060943,0.014017,0.127318,-0.010384,-0.031797,-0.178097,0.100512,0.100263,-0.150642,-0.105739,0.089982,-0.122425,#
8,0.392861,0.068368,0.015321,-0.251262,0.090644,-0.080735,0.426976,0.01134,1.0,-0.037828,0.170976,0.190674,0.206996,-0.045396,0.28253,-0.045713,-0.199917,0.144448,0.27146,-0.097646,-0.159389,0.042782,0.319848,-0.058339,0.051343,-0.228531,0.011953,0.051758,0.344827,0.109389,-0.157382,0.079643,0.12181,-0.049435,-0.216804,-0.04977,0.342614,-0.206801,0.039047,-0.048477,0.033781,-0.180757,-0.271624,-0.043868,0.055382,-0.163118,0.354585,0.254956,0.144159,0.237047,-0.018335,-0.094979,0.015858,0.118835,0.041064,0.016274,-0.027832,-0.160237,0.050127,-0.017134,0.114128,0.049728,-0.115048,0.020455,-0.041916,0.16265,0.075168,-0.139579,0.206644,0.171987,0.135412,-0.221543,0.135689,-0.097923,-0.233739,-0.031499,-0.185352,-0.314674,-0.258219,-0.150854,0.020369,-0.276596,-0.11929,-0.076003,-0.128362,0.118534,-0.117275,-0.077497,-0.225291,-0.144755,0.12274,-0.086114,-0.301201,0.356354,-0.15274,0.092418,-0.10189,-0.289235,0.093316,-0.131725,-0.18993,-0.280378,-0.300089,-0.142663,0.046285,-0.010186,-0.184751,0.161061,-0.169299,0.038329,0.130697,0.049927,-0.028607,-0.08919,0.025929,-0.502612,-0.191391,-0.086552,0.232266,-0.370959,-0.174219,-0.166224,0.088861,-0.586837,-0.239272,0.009797,-0.067443,0.001942,-0.086477,-0.314928,0.109045,-0.157047,0.078955,-0.021401,-0.068726,-0.014696,-0.221433,-0.142741,0.2149,-0.075653,0.011165,-0.044539,-0.364747,-0.211878,-0.225919,-0.055193,-0.183105,0.325895,-0.042312,-0.204713,-0.003602,-0.236808,-0.113691,-0.157143,-0.084654,-0.151891,0.194754,0.42964,0.036148,-0.161744,0.081703,-0.112405,-0.074494,0.072875,0.086076,0.043766,-0.148005,-0.091997,-0.121224,0.011323,-0.174726,0.291712,0.039468,-0.290866,0.23346,-0.273868,-0.136349,0.279452,0.152375,-0.323213,0.277234,0.233009,-0.104349,-0.109027,0.099301,0.145067,-0.112541,0.079412,-0.292929,0.138322,0.10809,-0.11342,0.185848,0.079752,-0.102187,0.060034,0.320154,-0.266611,0.009206,-0.033734,#
9,0.040956,0.205595,0.179288,-0.095854,0.296082,0.009051,0.018363,-0.194147,-0.037828,1.0,-0.131112,0.119536,0.246876,0.187436,-0.167496,-0.081373,-0.442658,0.305058,-0.098639,-0.014291,0.167763,-0.061874,0.149409,0.114753,0.132122,0.08103,0.111847,-0.254234,-0.027207,0.205662,-0.076568,0.013877,-0.048258,0.226924,-0.294197,0.286317,0.024351,-0.182069,-0.095767,-0.138873,0.109495,0.259112,0.125003,0.223186,0.217411,-0.268255,0.045261,0.467007,0.187469,0.166713,-0.15761,-0.225577,-0.016295,-0.076485,-0.060226,-0.457802,-0.136951,-0.017797,0.089156,-0.073007,0.054211,0.322783,-0.168868,-0.241592,0.004269,-0.003798,-0.015352,0.230876,0.110952,-0.110936,0.017683,-0.227931,0.003095,-0.086905,0.182437,0.173638,-0.255739,-0.369687,-0.005898,-0.029148,-0.070824,-0.024708,-0.123055,-0.196495,-0.059459,-0.189937,-0.254067,-0.055757,-0.264479,0.087088,-0.206071,-0.020812,-0.229111,0.11316,-0.110374,0.113438,0.077593,0.043739,0.17215,-0.134727,-0.139217,-0.141341,0.013786,-0.013782,-0.205749,-0.201077,-0.181402,-0.259443,-0.093565,-0.140135,0.382852,0.120713,-0.038966,-0.262189,-0.134553,-0.017088,-0.178554,-0.322339,0.291184,-0.345705,-0.007534,0.09025,0.086086,-0.072241,-0.148947,0.040277,-0.198544,-0.015503,-0.119846,0.154934,-0.003477,0.03067,0.005629,0.604515,-0.076916,0.081471,-0.067934,-0.042381,0.307524,-0.25709,0.101895,0.051184,-0.09633,0.028499,-0.049947,0.024674,0.098675,0.09515,-0.371234,0.112163,-0.519433,0.025667,0.146383,0.029133,-0.023888,0.199011,0.280712,0.344676,-0.125758,0.151724,-0.066239,0.06742,-0.071647,0.222561,0.023338,0.332881,-0.210568,-0.130488,-0.042147,0.029762,0.02142,0.003166,-0.130291,-0.36641,0.171451,0.110506,-0.0286,-0.066147,0.197856,-0.037094,-0.007681,-0.032492,-0.266607,0.17383,-0.148652,-0.121979,0.063682,-0.168238,-0.289358,0.27824,-0.02827,-0.064521,-0.056059,0.013113,0.059303,-0.337564,0.04236,0.006733,0.239668,-0.076216,#
10,-0.087989,-0.176587,-0.049472,0.153311,-0.072406,0.006816,0.264672,-0.255004,0.170976,-0.131112,1.0,-0.126273,-0.238403,-0.071454,0.254359,0.237886,0.020383,-0.333834,0.117975,0.093794,-0.117722,0.052212,-0.031245,0.130298,-0.038269,0.175566,-0.071105,0.084141,0.247582,-0.235965,0.029127,-0.093846,-0.067395,-0.219042,0.222231,-0.187828,-0.139201,0.139494,0.072638,0.387156,-0.19005,-0.147324,-0.330162,0.005873,0.227992,0.077419,-0.189795,-0.248323,0.263405,-0.021354,0.156393,0.193277,-0.004354,0.277069,0.074825,0.276458,0.08637,-0.070703,0.002998,0.084864,0.203311,0.007833,0.144693,0.046848,0.024272,-0.115909,-0.046267,-0.194266,-0.345585,0.03106,-0.100012,0.179539,0.240844,0.08559,-0.069692,0.128006,-0.087213,0.123839,0.057015,-0.133456,-0.113903,0.134081,0.10876,-0.162966,-0.140462,-0.083374,0.219393,0.086445,-0.243793,-0.146263,0.126532,-0.144978,0.192648,-0.194745,0.040466,0.123444,0.001288,-0.027966,-0.218198,0.096885,-0.051586,0.127752,-0.071831,0.015883,0.182745,0.075342,-0.109581,0.060378,-0.067013,0.270229,-0.140394,-0.162962,-0.104785,0.166949,-0.142233,-0.159366,0.099696,-0.004231,-0.159466,0.111991,0.195226,-0.126746,0.230835,0.118249,0.214067,-0.116064,0.001906,0.151768,-0.088519,-0.087684,0.164813,-0.212033,-0.259949,-0.224958,0.16321,0.167162,0.106588,-0.12528,-0.139448,0.145878,-0.056049,0.172731,-0.151402,-0.055034,-0.046812,0.098275,-0.217663,-0.199882,0.283639,-0.193163,0.174904,0.19399,-0.260885,-0.046087,-0.105008,-0.064122,-0.242086,0.03203,0.180578,-0.000513,-0.113519,-0.223234,0.061838,-0.29286,-0.269163,-0.039676,0.020023,0.192132,0.280388,-0.286365,0.057138,-0.27289,-0.079298,0.140573,0.12632,-0.192985,-0.188674,0.051696,-0.096768,0.065657,-0.041418,0.235199,0.17972,0.357942,-0.027856,0.153076,-0.125374,-0.206088,0.331677,-0.100176,-0.048475,0.283624,0.056268,-0.113093,-0.00485,-0.075328,0.149846,0.006387,-0.188525,0.060637,#
11,0.275866,0.08661,-0.011011,-0.327503,0.170449,0.047059,0.275721,-0.12202,0.190674,0.119536,-0.126273,1.0,0.119152,-0.112303,-0.061524,0.257766,-0.028314,-0.075155,-0.202347,-0.339399,0.015615,-0.035477,-0.022682,0.025794,0.046304,-0.082816,0.034775,-0.414901,0.243031,0.261578,-0.383967,0.035795,-0.240224,-0.042649,-0.014967,0.178739,-0.2356,-0.051505,-0.119452,0.053219,0.120091,-0.052597,-0.231192,-0.211732,-0.106297,-0.050408,-0.017274,0.1191,-0.058752,0.042815,-0.132598,-0.290662,-0.033066,0.05517,0.126578,-0.228511,-0.239074,-0.132045,-0.00553,0.222039,-0.206758,0.140328,-0.060566,-0.011917,0.163843,-0.221856,-0.191778,0.023329,0.179075,-0.164666,0.062349,-0.218005,-0.056917,-0.330967,-0.327169,0.016605,-0.276147,0.082021,-0.359258,-0.165426,-0.227605,-0.278685,-0.233449,-0.018973,-0.177482,-0.098731,-0.190914,-0.319561,-0.191412,-0.091195,-0.060927,-0.181113,-0.108374,-0.285377,-0.28998,0.012264,-0.080961,-0.367585,-0.244212,-0.004139,0.036374,-0.196098,-0.11789,-0.294784,-0.081828,-0.174708,-0.077136,-0.063939,-0.356199,-0.031014,-0.190272,0.058276,-0.377303,-0.027828,-0.077091,-0.328151,-0.263579,-0.117591,-0.346056,-0.178835,-0.213251,-0.250539,-0.272711,-0.119137,-0.139747,-0.140768,-0.032378,-0.098302,-0.136055,-0.128553,-0.20242,-0.146522,-0.107126,0.077746,-0.285615,-0.162824,-0.240224,-0.387292,0.10183,-0.1919,0.013526,0.006574,-0.258923,-0.204871,-0.308415,-0.208918,-0.156644,0.071485,-0.314706,-0.224188,-0.286782,-0.392244,-0.117782,-0.234446,-0.205819,-0.415036,0.068213,0.161638,-0.06965,-0.03082,0.008515,-0.1205,-0.078701,-0.181896,-0.120818,0.121734,0.093777,0.08384,0.089281,-0.299489,0.216263,0.037276,-0.193808,-0.156084,0.305201,-0.293286,-0.389818,0.20818,0.168846,-0.249452,0.455943,-0.057271,0.302722,0.129055,0.423974,-0.109744,0.213905,0.087101,0.037794,0.368702,0.091772,0.271377,0.27853,0.095187,-0.144271,0.237704,0.233383,-0.203981,-0.005584,-0.017345,#
12,0.443035,0.030124,-0.008212,-0.161426,0.252085,-0.196403,0.044883,-0.04911,0.206996,0.246876,-0.238403,0.119152,1.0,0.120841,0.111432,-0.096027,-0.082139,0.173603,0.036213,0.041316,-0.189846,0.102871,0.325574,-0.139246,-0.232747,-0.108318,0.040389,-0.169857,0.194819,-0.080396,-0.296913,0.091485,-0.059303,0.113422,-0.125928,0.029983,0.240366,-0.15262,-0.022377,-0.188024,0.219634,0.207572,-0.063797,-0.107858,0.102536,-0.064448,0.426749,0.288614,0.014878,0.118401,-0.105343,-0.131482,0.180532,-0.089948,0.051543,-0.128396,-0.141379,0.133462,0.100954,-0.081118,0.094191,0.013359,-0.167127,-0.135541,0.122001,0.234787,0.189196,-0.030237,0.23624,-0.173483,0.234891,-0.269143,-0.049179,-0.109359,-0.176902,0.182988,-0.116901,-0.412104,-0.06128,-0.165072,-0.082825,-0.217675,-0.239213,-0.216324,-2.6e-05,0.025738,-0.28029,-0.019839,-0.118277,-0.011517,-0.154395,-0.196028,-0.182432,0.093047,-0.072597,-0.092793,0.050826,-0.146957,0.134955,-0.564157,0.340065,-0.23927,-0.218401,-0.303353,-0.246471,0.040691,-0.155454,-0.069258,-0.270376,-0.01626,0.261326,-0.183461,0.015521,-0.279741,-0.154289,-0.202858,-0.443935,-0.032469,0.230655,-0.486053,0.034586,-0.335585,-0.032675,-0.26832,-0.106045,0.057873,-0.404926,0.030411,-0.178096,-0.139175,-0.032593,-0.005391,0.139164,0.129308,-0.191177,-0.03326,-0.078809,0.018459,0.141122,-0.366194,-0.278898,-0.210595,-0.126978,0.084898,-0.234463,-0.02903,-0.174546,0.303181,-0.410523,0.004752,-0.135229,-0.308819,0.03832,-0.085599,-0.035622,0.083097,0.374303,0.30229,-0.237778,-0.230342,-0.224682,-0.062568,-0.340731,-0.01334,0.251838,0.043873,-0.050608,-0.145089,-0.251372,0.008498,0.122736,0.212954,0.037753,-0.244481,0.239422,0.065172,0.02589,0.294827,0.179126,-0.381221,0.114691,0.195183,-0.14495,-0.190117,0.101743,-0.121189,0.28308,0.008397,-0.35874,0.327891,-0.071112,-0.100543,0.141217,0.188178,-0.053938,0.030655,0.240632,-0.210275,-0.028185,0.029343,#
13,0.138737,0.015103,-0.058198,-0.219793,0.072361,0.48286,0.050083,0.178969,-0.045396,0.187436,-0.071454,-0.112303,0.120841,1.0,0.061574,0.033173,-0.198352,0.110543,0.213511,-0.150971,0.003675,0.056373,0.276473,-0.184406,-0.093766,-0.313714,0.258608,0.100644,0.126615,-0.072928,0.078127,0.243221,0.07044,-0.196417,-0.137835,0.176573,0.084337,0.044802,-0.065323,-0.378232,0.161937,0.260379,0.317295,0.315559,-0.115881,-0.31663,0.295589,0.258749,0.130936,0.043177,-0.01222,0.062708,0.008687,-0.314591,-0.330007,-0.274183,0.160242,-0.093429,0.026336,0.013705,0.276261,0.262752,-0.113298,0.075411,0.14266,0.403865,0.128463,0.328182,0.181992,-0.09028,-0.09292,-0.240158,0.056818,-0.244245,-0.021719,0.212888,-0.058157,-0.165657,-0.141253,-0.008749,-0.154398,-0.215002,0.054644,-0.02367,-0.0248,-0.04597,0.039903,-0.082028,-0.139739,-0.102727,-0.047648,-0.235736,-0.085231,0.056824,0.121477,-0.200899,-0.15542,0.036879,-0.06958,-0.363415,0.002006,-0.013156,-0.003276,-0.147101,-0.078775,-0.051695,-0.149551,-0.428207,-0.089996,-0.202475,0.166362,0.200541,-0.054827,0.022486,-0.090694,-0.065902,-0.317379,-0.149357,0.204628,-0.258137,-0.072233,-0.033923,-0.066803,-0.06646,0.012201,0.059358,-0.221872,0.057249,-0.044125,-0.150523,-0.07288,0.141354,-0.14713,0.332808,-0.164598,-0.159807,-0.101414,-0.099967,0.132703,-0.1513,-0.185563,-0.321807,-0.198864,-0.241222,-0.023946,0.151754,-0.096036,0.041783,-0.097961,0.033594,-0.172077,-0.022565,-0.14802,-0.017638,0.090276,0.080982,0.337305,0.4214,-0.271724,0.123154,-0.071465,-0.129292,-0.014204,0.142533,0.078973,0.10606,0.149764,0.079735,-0.237665,0.159452,0.013856,0.204766,-0.221044,-0.132518,0.177188,0.174028,-0.062769,0.099416,0.394719,-0.262125,0.187659,-0.090399,-0.129849,-0.021889,0.122295,-0.120147,0.082813,-0.03895,-0.092594,0.189962,-0.091029,-0.165122,0.259116,0.182273,0.208852,-0.009092,0.260335,-0.239749,0.135299,0.00563,#
14,0.068131,0.167521,-0.176182,-0.100224,0.046056,0.198194,0.131385,0.159049,0.28253,-0.167496,0.254359,-0.061524,0.111432,0.061574,1.0,0.079542,-0.150217,-0.300312,0.002619,0.002515,-0.195514,0.385651,0.203485,0.001363,-0.08919,0.037163,0.026196,0.226206,0.267255,-0.022979,-0.20351,0.392169,0.119948,0.073062,-0.234538,-0.188955,0.019863,0.052825,0.362663,0.131814,-0.205471,0.134356,-0.087534,0.025372,-0.120282,0.273563,0.320626,-0.174238,0.073982,0.17628,0.041457,0.059882,0.033762,-0.235741,0.043534,0.251925,-0.059454,0.268546,-0.337041,0.217587,0.222643,0.035272,-0.031276,0.466768,0.190385,0.225574,-0.115472,-0.020697,0.011692,-0.182635,0.197907,-0.101926,0.275677,-0.131651,-0.239655,-0.172589,-0.059114,0.080484,-0.20954,-0.307339,-0.169677,-0.201584,-0.158771,-0.234014,-0.225949,0.016873,-0.057826,-0.286461,-0.29791,-0.165514,-0.034538,-0.024886,-0.015358,0.012718,-0.074903,0.127331,-0.147197,-0.146156,-0.090592,-0.180653,0.050441,0.069558,-0.167104,-0.238376,-0.075513,0.083099,-0.289175,-0.069349,0.049917,-0.174557,-0.248028,-0.127897,-0.211274,0.02943,-0.320718,-0.226234,-0.209304,0.069309,-0.137181,-0.13246,-0.07681,-0.309645,0.070141,-0.092409,0.144493,-0.077721,0.091369,-0.129637,-0.239374,-0.259663,0.161504,-0.361388,-0.251667,-0.30282,-0.162623,0.00996,-0.040816,-0.168476,0.174027,-0.097727,-0.050227,-0.312118,-0.260285,-0.154605,-0.302389,-0.175211,-0.121985,-0.179181,0.028995,-0.241652,0.091096,-0.078927,-0.074636,-0.024818,-0.117807,-0.048709,0.137189,0.115674,-0.23039,0.006776,-0.26446,-0.230303,-0.01574,-0.295922,-0.146134,0.147235,-0.022838,0.165112,-0.1067,-0.118163,-0.077698,0.1016,-0.108098,-0.042436,0.352938,-0.068781,-0.086632,-0.011815,-0.055574,-0.196459,0.113314,0.373217,0.180939,0.102475,-0.017084,-0.085477,0.185943,-0.013112,0.131443,0.010846,-0.225234,0.304496,0.012436,-0.063236,-0.037098,-0.22759,0.11125,-0.244988,0.054695,0.139875,#
15,0.028948,-0.012034,-0.157874,-0.188792,-0.088043,0.078734,0.22194,-0.223754,-0.045713,-0.081373,0.237886,0.257766,-0.096027,0.033173,0.079542,1.0,0.071972,-0.363667,0.238385,0.002647,0.049582,0.117375,-0.148057,-0.118644,-0.191758,0.007455,-0.196783,-0.039051,0.198817,-0.05684,-0.399485,-0.007548,-0.119531,-0.087746,0.339897,0.118076,-0.206987,0.210546,-0.32264,0.140701,-0.042234,-0.156337,-0.120563,-0.007543,0.104165,0.069109,-0.026544,-0.274032,0.168873,0.201664,0.110167,0.009662,-0.130335,0.114448,-0.133041,0.025903,0.069704,-0.024674,0.041566,0.135667,0.129821,-0.060727,0.081301,0.339034,0.104087,-0.101906,-0.124102,0.026235,0.119154,-0.206162,-0.060741,0.027635,0.009791,-0.242556,0.033966,0.075356,-0.217805,0.065515,-0.072013,-0.211469,-0.14556,-0.146841,-0.191204,-0.166303,-0.147405,-0.178949,-0.152612,-0.319476,-0.043905,-0.030863,0.099378,-0.164414,0.245377,-0.448767,-0.140982,-0.094429,-0.14797,-0.464551,-0.503455,-0.002587,0.142027,-0.006054,-0.29358,0.024568,-0.032308,-0.019686,-0.306922,-0.164207,-0.10435,-0.001353,-0.322622,-0.23229,-0.128157,0.103943,-0.268469,-0.057119,-0.155819,0.011873,-0.321565,0.122994,-0.098733,-0.034449,-0.107236,0.255244,0.023633,-0.191184,0.057854,0.029403,-0.105894,-0.130628,-0.173997,-0.108373,-0.278009,0.017343,-0.203854,-0.145598,-0.119531,-0.350758,-0.212533,-0.112707,-0.08789,-0.148164,-0.175068,0.000206,-0.362971,0.292833,-0.271822,-0.05489,-0.197819,-0.37922,-0.03813,0.019627,-0.232689,-0.081337,-0.346296,-0.259292,-0.219764,0.082233,-0.147622,-0.030548,-0.458352,-0.225704,-0.081021,-0.35117,-0.242352,0.206772,-0.087203,0.24888,-0.021221,-0.156275,0.030678,0.231635,-0.172374,0.02681,0.112532,-0.251233,-0.021302,0.040175,-0.153648,0.031077,0.229476,0.175493,0.478336,0.402325,0.294289,-0.061385,0.120237,-0.009279,0.458668,0.029994,-0.372931,0.334346,0.199686,0.22148,-0.104629,0.148371,0.454894,0.044127,-0.196506,0.03426,#
16,0.062946,-0.205591,-0.032545,0.070677,0.090357,-0.068851,-0.213904,-0.120083,-0.199917,-0.442658,0.020383,-0.028314,-0.082139,-0.198352,-0.150217,0.071972,1.0,-0.258569,-0.112841,-0.145784,-0.343372,-0.132325,-0.249889,0.085297,-0.086918,-0.115028,-0.303984,0.104743,-0.160065,-0.22979,0.123951,0.037112,-0.039928,-0.279926,0.046813,-0.283607,-0.229346,0.210941,0.013593,0.134042,-0.10034,-0.20754,-0.087949,-0.057054,0.049511,0.203145,-0.182127,-0.289285,-0.212735,0.009437,0.216074,0.031064,0.046312,0.140147,0.198338,0.191912,-0.085113,0.166939,-0.224511,0.006104,-0.143754,-0.263864,0.088678,0.185718,0.091017,-0.08476,0.134103,-0.144796,-0.168982,0.095873,-0.073358,0.171397,0.109091,-0.081968,-0.210997,0.092478,0.052026,0.127201,0.147017,0.092714,-0.023518,0.077907,0.1135,0.274509,0.0593,-0.053777,0.065467,-0.0952,0.129011,-0.226772,0.165377,0.058182,0.251706,-0.321843,0.131295,-0.096626,0.039452,0.038882,-0.02817,0.076586,0.276098,0.006169,0.015297,0.113903,0.087899,-0.060221,0.306717,-0.013964,-0.005854,0.343425,-0.299547,-0.153718,0.137631,0.129542,-0.067774,0.04911,0.307642,-0.082908,-0.196302,0.39877,-0.057207,0.200754,-0.405982,0.160759,0.066784,-0.205859,-0.061797,0.13,-0.156958,0.096613,-0.067851,0.086487,0.006339,-0.239169,0.106404,-0.208659,0.122123,-0.249518,-0.48581,0.084582,0.028884,0.238091,0.13408,0.189766,-0.11627,-0.088743,-0.110529,-0.081366,0.062137,0.029704,0.302435,0.163273,-0.064665,-0.095402,-0.238544,-0.229695,-0.35017,-0.262713,-0.037482,-0.251449,-0.061368,-0.025623,0.075282,-0.209778,0.033074,-0.177711,0.102717,0.055046,0.198582,-0.029379,0.331304,-0.118041,0.00254,0.263218,-0.32462,-0.116293,0.009964,-0.247121,-0.286939,0.151943,-0.09381,-0.306949,0.437482,0.04968,-0.039792,0.074664,0.075099,0.00902,0.237494,-0.23951,0.020245,0.081617,0.022693,0.145669,0.042547,0.183656,-0.143847,0.192361,-0.299192,0.036094,#
17,0.003201,0.103177,0.217652,0.007334,-0.048014,-0.166602,-0.18239,-0.016923,0.144448,0.305058,-0.333834,-0.075155,0.173603,0.110543,-0.300312,-0.363667,-0.258569,1.0,0.092689,0.188792,0.162333,-0.107176,0.309758,0.137961,0.234434,-0.103444,0.201184,0.019883,-0.161692,0.044513,0.283362,-0.021552,0.199364,0.307034,-0.289691,-0.043462,0.369938,-0.220577,0.150081,-0.372088,0.063008,0.292117,0.366012,-0.10218,0.083386,-0.379789,0.221172,0.435977,-0.016783,-0.17194,0.0558,-0.018721,-0.251947,-0.00105,-0.119272,-0.119501,-0.025098,-0.185692,0.006604,-0.214745,-0.207721,0.059228,-0.18755,-0.359943,-0.233745,0.069681,0.273247,0.081103,0.164703,0.327397,0.05842,-0.07087,-0.161175,0.289728,0.189655,-0.138706,0.076765,-0.273857,0.140542,0.126796,0.085312,0.099555,0.044785,0.243856,0.173378,0.212363,-0.161973,0.290992,0.16985,0.050716,0.203532,0.031983,-0.166542,0.535223,0.291008,0.1016,0.17978,0.307844,0.261567,-0.117047,-0.254072,-0.215564,-0.098923,0.288457,0.040466,0.169719,0.044219,0.029623,0.006786,-0.053624,0.469399,0.205645,0.433327,-0.003863,0.293818,0.028353,-0.097971,-0.137182,0.496278,-0.282083,0.016782,0.177311,0.071675,-0.366382,-0.286742,0.298331,0.030561,-0.052704,-0.04603,-0.040092,0.226875,0.227472,0.440544,0.219124,0.092122,0.085237,-0.179911,0.384968,0.396367,-0.049707,0.150826,0.151952,0.139207,-0.168304,0.068598,-0.019027,0.19081,0.244729,-0.187771,0.405224,-0.126836,0.026523,0.225008,0.155317,0.155078,0.219949,0.332014,0.040915,-0.055381,0.169696,0.328079,0.372892,0.149324,0.709655,0.220528,-0.019819,0.04088,-0.1693,-0.324052,0.202292,-0.26503,0.201214,0.104976,-0.15375,-0.204026,0.154519,0.259618,0.046209,0.1475,-0.134273,-0.057962,-0.194599,-0.639669,-0.285015,-0.232918,0.117258,-0.080991,0.183506,-0.502287,0.088659,0.100879,-0.416228,-0.239336,-0.179866,-0.000887,-0.106299,-0.183312,-0.071951,0.298177,-0.402619,#
18,0.196192,0.051767,0.097875,0.083199,-0.149981,-0.096245,0.102486,0.13023,0.27146,-0.098639,0.117975,-0.202347,0.036213,0.213511,0.002619,0.238385,-0.112841,0.092689,1.0,-0.019323,0.003984,0.120654,-0.115457,-0.070219,-0.347267,-0.163959,-0.114509,0.289456,0.161086,-0.263623,-0.068762,0.183672,0.065605,-0.108717,0.019067,-0.05696,0.233237,0.320012,-0.194522,-0.203177,0.172655,-0.115012,-0.037713,-0.061523,-0.112367,-0.228382,0.209576,-0.151437,0.058544,0.078568,-0.263704,0.335525,-0.000263,0.074562,-0.294066,-0.067672,-0.067271,-0.206222,0.025957,-0.244363,0.198361,0.129386,0.127983,-0.035153,-0.021931,0.066852,0.222509,-0.147033,0.03293,0.01112,-0.16944,0.068527,0.010252,0.225124,0.089578,-0.083419,0.122456,-0.256292,0.114078,-0.071355,0.042504,0.054314,0.091088,-0.090753,0.019121,0.108839,0.043528,0.150136,-0.018877,0.217801,0.423411,-0.039122,-0.049477,0.204295,0.128811,0.116448,0.080649,0.007435,-0.021047,-0.163935,-0.067948,-0.071861,-0.129724,0.096964,-0.080182,0.186404,-0.135154,-0.061178,0.111481,-0.144026,0.023456,0.006596,0.17118,0.133198,0.05419,-0.087279,0.125654,0.212897,0.202425,-0.052809,0.163133,0.081807,0.24913,0.021608,-0.007579,0.185346,-0.027881,0.107286,0.241703,0.078905,0.226968,0.183521,0.068396,-0.059771,0.140215,0.236588,-0.105283,0.048232,-0.143038,-0.045134,0.060726,-0.049246,-0.210517,-0.047983,0.162723,0.30528,0.039356,0.118944,-0.175238,0.021183,0.183646,0.201879,0.177194,0.028798,0.142978,0.06318,0.083099,0.170354,0.082341,0.009031,-0.136503,0.017952,-0.004412,0.029405,0.352054,0.020586,0.027887,-0.037211,-0.100071,0.301469,-0.457097,0.489447,0.101927,0.085006,-0.017196,0.101335,0.094839,0.080279,-0.083152,-0.016235,0.02515,0.092818,-0.115466,-0.052413,-0.013556,0.043424,0.075672,0.094398,0.008172,-0.262775,-0.062675,-0.176086,0.060189,0.047889,-0.058475,0.013696,0.159175,-0.128462,0.058414,-0.128201,#
19,-0.253259,-0.098876,-0.102401,0.094361,-0.235892,-0.130621,-0.092601,0.036334,-0.097646,-0.014291,0.093794,-0.339399,0.041316,-0.150971,0.002515,0.002647,-0.145784,0.188792,-0.019323,1.0,0.065451,0.256662,0.030894,-0.031523,0.014623,0.136506,0.241034,0.144893,-0.262368,-0.085297,0.186536,-0.049011,0.416863,0.147111,0.272747,-0.216939,-0.012495,0.075475,-0.042437,-0.009702,0.131566,0.171823,-0.19813,-0.160505,0.046644,0.00592,-0.019827,0.044152,0.117027,-0.136354,0.155448,0.014368,-0.234738,-0.066414,-0.200443,0.247444,-0.008531,-0.02822,0.023035,-0.198728,-0.002981,-0.176103,0.10099,-0.062936,0.020269,-0.037935,0.127647,0.160013,-0.102183,0.190836,0.033123,0.022732,0.099945,0.163819,0.280066,-0.195292,0.275269,-0.011873,0.210906,0.107567,0.116879,0.213797,0.105817,-0.257096,0.31508,0.308078,-0.034429,0.342432,0.107561,0.148069,0.144094,-0.018095,-0.189362,0.181889,0.217013,0.269554,0.35263,0.137127,0.191718,-0.00581,-0.059692,-0.084952,-0.115314,0.240432,0.132224,0.212753,0.032685,0.316204,0.053463,0.083867,0.39211,-0.206655,0.192662,-0.183361,0.140914,0.203543,0.225549,0.064902,0.181293,-0.017785,0.135723,0.112153,0.186602,-0.011497,-0.092334,0.198023,0.099349,0.08692,0.078556,0.10714,0.042457,0.112941,0.15634,0.017184,0.159982,0.162514,-0.156833,0.322411,-0.051825,0.282389,0.226475,-0.008213,0.104682,0.076732,0.037399,0.013215,0.174421,-0.073016,0.218389,0.188799,0.145111,-0.028091,0.34132,0.334225,0.169157,0.532284,0.100835,-0.337788,0.297484,0.222199,0.020347,0.143133,-0.01584,0.385145,0.021472,-0.082392,0.081026,0.106338,-0.158636,0.268404,-0.165596,-0.263295,0.370904,0.068389,-0.107512,0.254733,0.318699,-0.053545,-0.030852,0.204767,-0.100259,0.003919,-0.378455,-0.125369,-0.222378,0.205608,-0.149459,-0.002419,-0.22537,0.023318,0.000282,-0.128663,-0.289973,-0.400615,-0.115899,-0.053517,-0.160379,0.154286,0.0127,-0.066624,#
20,-0.277106,-0.037598,-0.008125,-0.018414,0.055847,0.077464,-0.055662,-0.062899,-0.159389,0.167763,-0.117722,0.015615,-0.189846,0.003675,-0.195514,0.049582,-0.343372,0.162333,0.003984,0.065451,1.0,-0.290661,0.059935,-0.124986,0.031338,0.112099,0.079483,-0.114508,-0.191768,0.196255,0.029054,-0.070917,-0.03226,0.261252,-0.057658,0.05194,-0.096686,-0.177449,-0.023878,-0.094164,0.044278,-0.142225,0.199704,0.020096,0.045219,0.029798,-0.183506,0.090113,0.147949,-0.364629,-0.030212,-0.163451,-0.173939,0.022075,-0.161952,0.017624,0.152285,-0.111515,0.134671,0.073648,0.090786,0.059363,-0.083517,-0.189463,-0.352514,-0.003807,-0.325976,0.248215,0.05751,-0.006202,0.081977,0.034261,-0.133825,0.18795,0.247871,0.032763,0.095286,0.149291,-0.003744,0.011803,0.110042,0.045786,0.094962,-0.045994,-0.032988,-0.083959,-0.055682,0.298377,0.141383,0.247307,-0.030121,0.042433,0.026878,-0.036389,-0.137604,0.037769,0.082586,-0.00021,-0.030012,0.290929,-0.126321,0.142955,0.080923,0.104232,-0.06621,-0.055704,-0.08336,-0.016739,0.20053,-0.3924,0.12992,-0.01025,-0.07604,-0.093263,0.22073,0.177849,0.109978,0.124252,-0.079889,-0.019177,0.194738,0.162461,0.22924,0.046669,0.008507,0.015553,0.146141,0.166499,0.075448,0.070216,0.111146,0.040632,-0.083396,-0.026939,0.112018,0.273728,-0.204181,0.222207,0.137568,0.157699,0.081971,-0.040295,-0.016834,-0.131624,0.095719,0.121739,0.355574,0.174521,-0.051887,-0.032601,-0.252382,0.066892,0.155139,-0.047368,0.034989,0.011036,0.063709,-0.033136,0.103221,0.0314,-0.073557,0.025792,0.170155,0.054597,-0.1276,0.118683,0.026636,-0.054983,-0.049952,0.222747,-0.203349,-0.03973,-0.153941,0.040332,-0.002154,-0.085095,0.063886,0.049649,-0.06381,-0.048036,0.083461,-0.196974,-0.088995,0.06386,0.174821,-0.269854,-0.027488,-0.112189,0.039451,0.018139,0.007016,0.034705,-0.123203,-0.294283,0.046735,-0.0326,-0.006835,-0.050852,0.109007,0.030168,#
