0,1.0,0.086612,-0.246158,-0.141547,0.239893,0.211578,0.071585,0.014691,-0.261415,0.151676,0.061977,0.007697,0.305076,0.227548,0.002333,0.136448,-0.112697,-0.412532,0.126534,-0.182794,0.240524,0.150999,0.179967,-0.217286,0.04928,-0.383184,-0.164062,-0.206333,0.217741,0.092366,0.081274,-0.12422,0.199788,-0.235764,-0.028719,0.121172,0.183728,-0.074198,0.006908,-0.084153,0.138857,0.194779,-0.145002,0.083779,-0.065383,-0.038321,-0.00754,0.104301,-0.104368,-0.002253,0.010923,-0.192492,0.187488,0.028427,0.351858,0.073797,-0.152321,-0.013148,-0.161365,0.209357,0.400357,0.243769,-0.081916,0.086183,-0.145353,0.000581,-0.19037,0.260751,-0.177208,-0.275255,-0.006577,0.03146,-0.226172,-0.092662,-0.424987,0.281915,-0.180768,-0.109496,-0.362087,0.013145,-0.051293,-0.396666,-0.023921,-0.075693,-0.074725,-0.176275,-0.160653,0.004784,-0.13269,-0.310512,-0.200648,-0.284832,-0.089072,-0.271413,0.01575,-0.226777,-0.408745,-0.107719,-0.105536,0.10137,0.214347,-0.049938,-0.2561,-0.24655,-0.03794,-0.283451,0.003669,0.044453,-0.206422,-0.099564,0.130178,0.216175,-0.316267,-0.192504,0.057385,0.088524,-0.276236,-0.248,-0.108855,0.011075,-0.22853,0.052957,0.083821,-0.235773,-0.095001,-0.031281,-0.143947,-0.032752,-0.158868,0.000558,-0.202098,-0.288495,-0.225486,0.09375,-0.402576,-0.082236,-0.14257,-0.112896,0.28643,-0.294829,-0.166199,0.067352,-0.055877,0.038084,-0.081596,-0.0865,-0.105947,0.073318,-0.223358,-0.372412,-0.045312,-0.161363,-0.310387,-0.272312,0.242235,-0.108037,0.244999,0.08052,-0.255527,-0.227177,0.001014,-0.318002,-0.121188,-0.134471,-0.032018,-0.087011,-0.157286,0.019606,-0.153693,-0.369147,0.043583,0.154073,-0.107636,0.096739,0.10722,-0.164302,-0.09015,0.012366,0.119739,-0.04963,0.031458,-0.100526,-0.055784,0.37879,0.219893,0.010024,0.207798,-0.146555,-0.078788,0.271745,-0.107871,0.110524,0.307471,-0.082164,-0.160232,0.208198,0.161335,-0.296683,-0.061857,0.177646,#
1,0.086612,1.0,0.114122,-0.160571,-0.101801,0.12288,0.297429,0.151759,0.01246,0.309937,-0.176717,-0.057173,0.144342,0.320526,0.383948,-0.022055,-0.022243,0.271309,0.245055,0.036039,0.027185,0.118593,0.267138,-0.035897,0.039204,-0.169105,-0.033043,-0.017731,-0.152007,0.062092,-0.146219,0.176553,0.276029,-0.136509,-0.19833,0.161482,0.203424,-0.179185,0.048108,0.081667,0.114294,0.305445,-0.045922,0.133765,0.417945,-0.254773,0.123241,-0.165796,0.178704,0.254926,0.118599,-0.145818,0.142018,-0.26897,-0.019272,-0.170766,-0.037738,-0.452414,-0.277579,-0.256709,0.164273,0.156276,-0.274697,-0.103321,0.230765,0.130791,-0.073125,-0.151561,0.109851,-0.12078,0.12513,0.010564,0.026382,-0.311031,-0.169277,0.072313,-0.278638,-0.352739,-0.026789,0.023538,0.096229,-0.275096,-0.070239,0.012227,-0.208029,-0.082977,-0.185759,-0.188518,-0.018426,-0.187766,-0.132963,-0.141995,-0.286286,-0.129238,-0.110588,-0.105143,-0.036507,0.079225,0.335079,-0.018586,-0.047803,-0.020475,-0.128016,-0.269569,-0.28453,-0.169465,-0.13666,-0.180046,-0.354775,-0.166431,0.229845,0.351057,-0.161847,0.02568,-0.06358,-0.065662,-0.138156,-0.283336,0.24389,-0.313765,-0.168641,-0.308972,-0.418377,-0.177919,-0.376405,-0.213302,0.253283,0.113213,-0.2845,0.019557,-0.037557,0.014179,-0.22927,-0.172216,-0.213584,-0.230486,0.10884,-0.035065,0.000288,-0.21614,-0.137723,-0.19429,-0.166638,-0.227202,-0.134876,-0.022255,-0.252838,0.29692,-0.052696,-0.135998,-0.261351,-0.27691,0.073097,-0.131421,-0.066199,-0.145852,0.220257,0.077271,-0.150328,-0.023699,0.002111,0.035274,-0.058246,0.288706,0.011543,0.261909,0.0753,0.075326,-0.287787,-0.30021,-0.077358,0.122194,-0.08738,-0.087706,0.194823,-0.110615,-0.013215,0.138232,0.286193,-0.462909,0.237856,0.027937,-0.262921,0.0901,0.084634,-0.158362,0.217348,-0.205288,-0.275261,0.301152,-0.001647,0.099201,0.141401,0.292595,-0.168555,-0.053868,0.093906,0.011874,0.282339,0.065677,#
2,-0.246158,0.114122,1.0,0.219277,-0.232204,-0.158321,0.098693,-0.032561,0.186844,-0.045475,0.006562,-0.186778,-0.127073,0.009103,-0.111087,-0.048464,-0.289442,0.396788,-0.055258,0.177583,-0.049642,0.338538,-0.016603,0.108621,0.244115,0.090881,0.423402,0.109482,-0.061129,-0.138427,0.101323,0.125906,-0.134582,0.09894,-0.044986,0.084625,0.143407,0.092753,0.125936,-0.128548,0.172397,0.079921,0.141244,-0.004694,0.021593,-0.214631,0.012152,0.190643,0.126481,-0.149326,-0.117772,-0.011272,0.202135,-0.052544,-0.304233,-0.185234,-0.106508,-0.268327,0.002706,-0.005481,-0.22975,-0.144247,-0.003333,-0.158798,0.03091,-0.151393,0.231894,0.092597,0.050744,0.317462,0.172049,0.202411,-0.067034,0.138182,0.18047,-0.162748,0.175771,-0.223098,0.132721,-0.043383,0.212138,0.103467,0.01924,0.206709,-0.027164,0.186086,0.013568,0.097455,0.16542,0.174543,0.129139,0.059438,0.143501,0.147298,0.089348,0.087186,0.388089,0.153889,0.155687,0.091507,-0.127973,0.120902,0.178799,0.16576,0.15023,0.265978,0.017375,0.042449,-0.27796,-0.00602,0.217519,-0.023333,0.206458,0.192386,0.433696,-0.029442,-0.054512,-0.065629,0.014941,0.05623,0.184595,0.147123,-0.14995,-0.059783,0.074368,0.113435,0.192667,0.103913,-0.010497,0.182175,0.480037,0.030481,0.192573,0.013492,0.208076,0.199577,-0.067873,0.330352,0.151171,0.156919,0.007504,0.01337,0.03678,-0.131987,-0.044499,0.086449,-0.092444,0.077086,0.288928,0.312533,0.062244,-0.100725,0.312903,0.047518,0.095352,0.138981,-0.045529,0.006036,0.237521,0.128797,0.467474,0.177662,0.009739,0.255576,0.097629,-0.379593,0.01408,0.017195,0.070288,0.295336,-0.178559,-0.156109,-0.18494,0.0986,-0.174755,0.272178,0.173534,0.040516,0.016211,-0.184228,0.028062,0.005378,-0.210269,-0.155202,-0.258142,0.264321,-0.041462,0.189824,-0.087521,-0.026126,0.193906,-0.226189,-0.210218,0.318425,-0.207361,0.0428,-0.176421,0.165069,0.242735,0.007096,#
3,-0.141547,-0.160571,0.219277,1.0,-0.113782,-0.280606,-0.26619,-0.334985,-0.197952,-0.337478,0.042377,-0.171357,-0.350103,-0.389855,-0.226794,-0.206418,0.114929,0.104136,-0.111389,0.062215,0.081266,-0.011166,-0.329631,0.058097,0.068298,0.384802,0.192462,0.226059,-0.101147,-0.32136,0.246765,0.190336,-0.09548,0.039021,0.191373,-0.16681,-0.191446,0.014565,-0.101649,-0.001334,-0.028179,-0.159214,0.034963,0.150194,-0.068049,0.354635,-0.109974,0.004644,0.028286,-0.171629,-0.089909,0.306372,0.001522,0.081413,-0.158154,-0.138717,0.31896,0.199118,0.123514,0.106671,-0.334089,-0.120859,0.219288,-0.08896,0.000581,-0.313921,0.075458,0.133035,-0.075449,-0.005988,-0.071799,-0.045422,0.074807,0.112489,0.045542,-0.074306,0.223203,0.219117,0.042006,-0.137982,0.102294,0.402478,0.309896,0.085957,0.260392,0.066451,0.310144,0.147445,0.064719,-0.042227,-0.008676,0.121806,0.343609,-0.13458,0.251624,0.098138,0.441192,0.046691,-0.046903,0.277992,0.047346,0.330664,0.533364,0.195105,0.22226,0.143282,0.262799,0.080984,0.028694,0.108758,-0.180172,-0.226604,0.164312,0.162994,0.178528,-0.026895,0.080392,0.05622,-0.189443,0.363941,0.121356,0.370107,0.374474,0.153055,0.225722,0.114959,-0.170903,-0.194738,0.242758,0.30144,0.037746,0.091785,0.348649,0.075969,0.336334,0.229353,-0.043642,0.140947,-0.010717,0.433083,0.143092,0.010333,0.310981,0.191077,0.339007,0.156494,0.081638,-0.149757,0.342326,0.09768,0.148041,0.104478,0.113716,0.421685,0.083116,0.270504,-0.319482,-0.214597,0.319633,0.247641,-0.02551,0.143585,-0.104551,0.009375,-0.217635,-0.311174,0.254252,0.137657,0.191225,0.159997,-0.017128,-0.067353,0.20018,0.2512,-0.379366,0.331965,0.041154,-0.011367,-0.583637,0.280814,-0.35775,-0.081468,0.211619,-0.114107,-0.190845,0.075091,-0.194194,-0.017121,0.428326,-0.29373,0.147226,-0.19177,-0.058962,-0.181479,-0.064608,-0.021992,-0.211816,0.248904,-0.034483,-0.327535,#
4,0.239893,-0.101801,-0.232204,-0.113782,1.0,-0.012219,-0.193654,0.059659,-0.063954,-0.1229,0.16659,-0.029742,0.153541,-0.099813,-0.108773,-0.088888,0.033295,-0.245668,0.08289,-0.147722,-0.256156,-0.180564,0.158306,0.006925,0.101759,-0.119837,-0.29908,-0.01807,-0.104126,0.01013,-0.161249,-0.278112,-0.066055,-0.111166,-0.153469,0.031105,-0.068502,-0.093594,0.034401,0.267693,0.096259,-0.424827,-0.149402,0.082989,-0.041133,0.226206,-0.237264,0.173802,-0.012427,0.146038,0.13704,-0.117738,0.041178,0.093031,0.230852,0.14135,-0.025982,0.189227,0.173975,-0.048691,-0.00997,-0.085903,-0.208996,-0.021401,-0.174284,0.255606,0.362038,-0.203451,0.112338,-0.104781,-0.129078,-0.055057,-0.049906,0.243639,-0.058012,0.162073,-0.136183,-0.230196,-0.229527,-0.098106,-0.178769,-0.060312,0.024348,-0.003711,0.03894,-0.134537,0.187303,0.057507,-0.06314,-0.263699,0.105468,-0.013365,0.107804,-0.250757,-0.040569,-0.025499,-0.004159,-0.052426,-0.042251,0.214433,0.134566,-0.009673,0.009119,-0.192466,0.014321,0.078687,-0.047118,0.040094,-0.048688,-0.100066,-0.014686,0.023639,0.127605,-0.136793,-0.080285,0.122104,-0.082802,0.206002,-0.071798,0.063499,-0.268425,0.044454,0.337289,-0.018396,0.132362,0.107053,0.099409,-0.003227,0.150659,0.070654,-0.160647,-0.145177,-0.019305,-0.19138,-0.115672,0.172193,-0.133082,-0.14009,-0.108047,0.061147,-0.092691,-0.14198,-0.244326,0.142511,-0.016148,-0.231156,-0.246172,-0.01586,-0.021776,-0.183091,-0.054419,0.072121,-0.415782,-0.057108,-0.029247,-0.147428,0.013238,0.060305,-0.121464,0.054016,-0.212167,-0.193408,-0.222221,-0.026444,0.245609,-0.026242,-0.089639,-0.023708,-0.183277,0.028323,-0.111171,-0.062041,0.122039,0.045961,0.089836,0.127512,0.072802,0.313703,0.191913,0.053301,-0.175093,0.05158,0.08288,0.18352,0.104948,0.005431,0.086433,-0.222488,0.04883,-0.127227,-0.181897,0.00011,0.266055,-0.080039,-0.043539,0.088211,0.032213,-0.042568,-0.123244,-0.024454,#
5,0.211578,0.12288,-0.158321,-0.280606,-0.012219,1.0,0.465842,0.226595,-0.065028,0.057903,0.099385,0.273819,0.107019,0.272792,0.165695,0.116662,0.208732,0.047187,0.074129,-0.0542,0.045636,0.155404,0.270398,0.018887,-0.203124,-0.132242,0.185759,-0.083843,0.103843,0.019276,-0.13125,0.01576,-0.048979,-0.085773,-0.081036,0.026382,0.077979,-0.010119,-0.050698,-0.067256,-0.091069,0.383056,0.019408,0.003962,0.176323,-0.22799,0.087879,-0.010361,-0.027998,0.069649,-0.006415,-0.108367,-0.020442,-0.024861,0.199529,0.237842,-0.216189,-0.041334,-0.117197,-0.197208,0.340203,-0.080552,-0.221341,0.302211,-0.014125,0.433593,-0.147778,0.266703,0.157306,-0.139968,-0.092723,0.246673,-0.168792,-0.073094,-0.252867,0.264111,-0.391086,-0.192473,-0.287042,-0.056588,-0.023421,-0.468224,-0.230308,0.001994,-0.276465,-0.174483,-0.042654,-0.248926,-0.263992,-0.448593,-0.281149,-0.403543,-0.365905,-0.08093,-0.162526,-0.344277,-0.30729,-0.369772,-0.058316,-0.189988,-0.015405,-0.194218,-0.250702,-0.345635,-0.223249,-0.344777,-0.064605,-0.118034,-0.215834,-0.154635,0.046704,0.093102,-0.477831,-0.225441,-0.146208,-0.234546,-0.486877,-0.063545,0.286453,-0.270505,-0.237884,-0.378866,-0.01784,-0.448875,-0.171628,-0.167288,-0.150169,0.095872,-0.224758,-0.036949,-0.21253,-0.15301,-0.27374,-0.012389,-0.432456,-0.092132,0.192136,-0.318057,0.04067,-0.583805,-0.202444,0.007046,-0.228532,-0.104179,-0.172994,-0.195613,0.055628,0.219987,-0.341365,-0.024658,-0.16273,-0.088185,-0.082949,0.055693,-0.103527,-0.385975,0.017766,0.277864,-0.348906,-0.186292,0.043239,-0.211148,-0.114953,0.13024,-0.072129,0.291773,-0.076172,-0.045436,-0.120051,0.004024,0.262909,-0.259741,-0.267911,-0.211955,0.201976,-0.449661,-0.060216,0.077174,0.215404,-0.237406,0.282392,-0.063778,-0.020186,0.208789,0.519424,-0.013067,0.02497,0.041836,-0.21963,0.05891,-0.084096,0.019784,0.208347,-0.113875,-0.214329,-0.035788,0.253532,-0.159857,-0.250789,0.056747,#
6,0.071585,0.297429,0.098693,-0.26619,-0.193654,0.465842,1.0,0.400098,0.27563,0.34805,0.111371,0.143683,0.191883,0.12372,0.075587,0.134984,0.072363,0.035526,0.165627,-0.29407,-0.17821,0.22846,0.154032,-0.039675,0.042294,0.018429,0.26688,0.037742,0.30145,0.129618,-0.432744,-0.13318,-0.051054,-0.196711,0.148991,0.250044,-0.144417,-0.042996,0.18839,-0.100534,-0.030617,0.193163,-0.010469,-0.237763,0.08104,-0.231515,-0.036745,-0.257974,-0.02337,0.316032,-0.05359,-0.070475,-0.067052,-0.035274,0.224252,0.028964,-0.0735,-0.262149,-0.297502,0.019436,0.218778,0.113783,-0.044746,0.270107,0.134963,0.222297,-0.00396,0.056583,0.213512,-0.167246,0.241804,0.009191,-0.326867,-0.335986,-0.065908,0.278147,-0.228439,-0.234868,-0.154058,-0.110678,-0.281312,-0.381773,-0.384071,-0.126647,-0.249275,0.039958,-0.211119,-0.178274,-0.079672,-0.260315,-0.289513,-0.340988,-0.374355,-0.130371,-0.005671,-0.311003,-0.085343,-0.183741,0.058829,-0.425895,-0.00228,-0.147458,-0.238323,-0.251817,-0.368569,-0.219162,-0.266494,-0.12312,-0.361594,-0.045791,-0.206659,0.181743,-0.326797,-0.400897,-0.204624,-0.301499,-0.068313,-0.05931,0.003792,-0.090311,-0.075924,-0.213946,-0.162425,-0.444607,-0.240269,-0.267273,0.103072,0.28221,-0.2958,-0.252044,-0.245458,-0.395777,-0.571512,0.101609,-0.217283,-0.056679,0.049042,-0.188419,-0.152594,-0.418448,0.03155,0.031578,-0.173711,-0.202561,-0.225095,-0.240682,-0.198324,0.509036,-0.221861,-0.092376,-0.113406,-0.145745,0.075005,-0.206557,-0.099669,-0.395017,-0.042096,0.195081,-0.195455,-0.075835,-0.110341,-0.071536,-0.138307,0.094939,-0.028047,0.123817,-0.043892,0.127897,-0.229801,0.141084,0.372001,-0.005722,-0.203475,-0.158805,0.468257,-0.364929,0.168614,0.081742,0.242615,-0.473165,0.512871,0.211886,0.112019,0.109312,0.401798,-0.20358,-0.085004,0.090355,-0.200556,0.336747,-0.174737,0.157756,0.136671,0.15455,-0.282726,0.096569,0.157641,-0.153512,-0.221806,0.15154,#
7,0.014691,0.151759,-0.032561,-0.334985,0.059659,0.226595,0.400098,1.0,0.057901,0.234009,-0.065207,0.037169,0.519856,0.37649,0.111598,0.187578,-0.073914,0.142832,0.058481,-0.016684,0.062011,0.146698,-0.029736,0.170948,0.135489,0.049592,-0.093332,-0.235879,0.199214,0.181502,-0.104499,-0.21985,0.191415,0.135389,-0.243298,0.157576,0.051943,0.061734,0.155948,-0.195558,-0.039006,0.125247,-0.031729,0.01259,-0.247137,-0.384579,0.042414,-0.228222,-0.049996,-0.06309,-0.11523,0.030386,0.105224,-0.030728,0.1762,0.108018,-0.257864,-0.121772,-0.226111,0.02243,0.292964,0.060831,-0.136558,0.080509,-0.074183,0.364857,0.113169,0.077654,0.027661,0.021278,0.375454,0.081256,-0.36235,-0.170415,0.056112,0.008743,-0.045518,0.02704,0.084804,-0.047699,-0.058278,-0.167972,-0.112758,0.024383,-0.178715,-0.006246,-0.064687,0.128489,0.115285,-0.017384,-0.056516,-0.091856,-0.211341,0.216027,-0.210309,0.072373,0.011636,0.106697,0.111036,-0.43256,0.141244,-0.039765,-0.206833,-0.208022,-0.058303,0.028716,-0.217421,-0.042138,-0.073667,-0.278869,-0.011709,0.236946,-0.134126,-0.260641,0.086844,0.084957,0.072519,0.009327,0.098954,-0.139656,-0.146787,-0.501663,-0.058717,-0.07392,-0.13368,-0.034837,0.080567,-0.019638,-0.204394,-0.017823,-0.137784,0.105242,-0.17926,0.019339,-0.258544,-0.039261,0.225774,-0.266849,-0.067287,-0.187342,0.124311,0.054763,-0.005863,0.008873,-0.158271,-0.120807,-0.037112,0.199358,-0.067445,-0.193517,-0.085593,0.077079,-0.120511,-0.136735,-0.081756,-0.279357,0.149469,-0.000313,-0.109239,-0.019387,-0.017276,0.102095,-0.227599,-0.024085,0.218152,0.04902,0.164005,-0.05354,-0.023126,0.24032,-0.004664,-0.020136,-0.131577,-0.028416,0.336826,-0.204055,0.222167,-0.130452,0.240845,-0.150851,0.323946,0.265037,-0.04011,-0.078907,0.246542,0.06113,0.120011,-0.090361,-0.18957,0.377232,-0.092112,-0.104614,0.222478,-0.018207,-0.263154,-0.087124,0.149522,-0.014354,-0.014089,-0.065432,#
8,-0.261415,0.01246,0.186844,-0.197952,-0.063954,-0.065028,0.27563,0.057901,1.0,0.251995,-0.13762,0.011537,0.034076,0.157424,0.163852,-0.0619,-0.174672,0.297917,0.078754,-0.075336,-0.320741,0.243936,0.211432,0.126946,0.172371,0.219014,0.262587,0.322201,0.095652,0.226412,-0.185851,-0.174072,0.013851,-0.029857,0.264479,0.185332,-0.003032,-0.19344,0.184759,-0.110999,0.127166,-0.086006,0.130422,0.035202,0.180206,-0.168489,-0.019754,-0.038556,0.049151,0.171074,0.015248,-0.130419,-0.129983,0.046874,-0.086028,0.378431,-0.100445,-0.30446,-0.045989,0.180669,-0.083534,-0.01668,-0.026669,0.164858,0.021844,-0.044865,0.184961,0.039764,0.055665,0.101471,0.171,0.103689,0.06865,-0.055443,0.100576,0.078079,-0.003687,-0.20936,0.112557,-0.175628,-0.02406,-0.009158,-0.403313,-0.101826,-0.114648,0.242762,-0.065565,-0.085477,-0.079402,-0.0323,0.166739,0.104992,-0.267579,0.225289,-0.001237,0.057419,-0.028009,0.028999,-0.354621,-0.290335,-0.044796,0.20702,0.011912,0.130025,-0.055552,-0.144274,-0.085314,-0.101395,-0.032054,-0.00779,-0.054936,-0.093923,-0.020847,-0.270515,0.059302,-0.054597,0.200263,-0.055161,0.102744,-0.069219,0.130262,-0.12325,-0.137734,-0.050932,-0.002138,-0.112514,0.25941,0.153989,-0.182255,-0.310509,0.117297,0.013508,-0.339367,0.054483,0.073093,0.017481,0.059252,0.059964,-0.235469,-0.130108,0.03761,-0.057944,-0.127665,-0.251768,-0.427455,-0.363461,-0.076663,0.164235,-0.010946,0.014003,-0.033208,-0.08992,0.140278,-0.240346,0.054436,-0.163829,0.241731,0.187142,-0.210295,0.055449,-0.076453,0.206333,0.113867,-0.055998,-0.022026,-0.010474,-0.061358,0.04645,-0.21379,0.256199,0.01594,0.025007,0.072621,0.076536,0.28499,0.099719,-0.051957,0.038755,0.344909,-0.404118,0.350874,0.153396,-0.128088,-0.072729,-0.055598,0.028935,-0.071328,0.187994,-0.233994,-0.037376,-0.171624,-0.063606,-0.039766,0.219128,-0.119469,0.345075,0.106493,-0.061026,-0.02207,0.156753,#
9,0.151676,0.309937,-0.045475,-0.337478,-0.1229,0.057903,0.34805,0.234009,0.251995,1.0,-0.311295,0.116045,0.419678,0.511459,0.363186,0.288292,-0.23124,0.170017,0.181477,0.019415,-0.134094,0.276171,0.381562,0.016435,0.195758,-0.253605,0.014237,0.023307,0.142271,0.455651,-0.106729,0.073297,0.273795,-0.240256,-0.089095,0.20898,0.099635,-0.146026,0.130939,-0.31873,0.08083,0.167394,-0.058877,-0.078156,0.1232,-0.477618,0.22386,0.20605,-0.135111,0.367798,-0.114094,-0.039967,0.120623,-0.108231,0.200231,0.015062,-0.132961,-0.401929,-0.17946,0.084849,0.417821,0.139117,-0.299799,-0.044108,-0.001097,0.144372,-0.087459,0.201252,-0.273454,0.020688,0.117475,0.172575,-0.004063,-0.165618,-0.063074,0.134008,-0.125755,-0.31272,0.006165,0.044971,-0.00733,-0.371049,-0.463195,-0.049733,-0.184375,0.052974,-0.351409,-0.044599,0.158542,-0.273681,0.026408,-0.080151,-0.226572,0.291737,0.050412,0.032325,-0.293959,0.023585,0.045468,-0.349165,-0.152775,0.103911,-0.289964,-0.105989,-0.067983,-0.154251,-0.578687,-0.05948,-0.238448,-0.303402,0.169353,0.329768,-0.201954,-0.243413,-0.161881,-0.213361,-0.115265,-0.121788,0.42691,-0.403351,-0.021678,-0.334728,-0.121145,-0.209998,-0.302912,-0.004736,0.159467,0.16167,-0.161494,-0.365614,-0.081122,0.175609,-0.431167,0.023788,-0.266304,-0.369038,-0.153662,-0.237635,0.197643,-0.326976,0.014776,-0.072921,-0.361298,-0.40828,-0.352021,0.101301,-0.14855,0.162417,-0.270853,-0.213722,-0.289122,-0.145481,-0.018036,-0.465663,0.063484,-0.221208,0.334098,0.396157,-0.313519,-0.122766,0.029122,-0.092733,-0.102313,0.234045,0.405265,0.444139,-0.172658,0.052632,-0.400122,0.03186,-0.050085,0.217001,-0.137434,-0.029379,0.309188,-0.300303,-0.203555,-0.010728,0.586479,-0.437548,0.416067,0.043373,-0.46028,-0.158496,0.258908,-0.093389,0.395603,0.143095,-0.432602,0.180739,-0.06145,0.040575,0.179616,0.489051,-0.124122,0.055092,0.012124,-0.064312,0.281599,0.309119,#
10,0.061977,-0.176717,0.006562,0.042377,0.16659,0.099385,0.111371,-0.065207,-0.13762,-0.311295,1.0,-0.234139,-0.058834,-0.356841,-0.112001,-0.068207,0.009399,-0.382187,0.161532,-0.235231,-0.016509,-0.083303,-0.09001,0.226526,0.005794,0.11506,-0.133325,0.018081,0.080596,-0.333098,0.192782,0.059977,-0.319788,-0.248226,0.138911,-0.104864,0.149805,0.227897,0.066649,0.20791,-0.091896,-0.197374,-0.055725,-0.078204,0.101422,0.198467,-0.310202,-0.019605,0.044961,-0.064076,-0.002711,0.07981,-0.021598,0.167941,0.180168,0.003251,-0.213934,0.211376,-0.009192,-0.141526,-0.217771,-0.115641,-0.044725,0.185184,0.099797,-0.039807,0.1795,-0.160814,0.397598,-0.068108,0.0906,-0.083942,-0.12095,0.036276,-0.138069,0.124794,-0.084677,0.097818,-0.054747,-0.180551,0.033552,0.152543,0.007306,0.083013,-0.022676,-0.017385,0.31994,0.093091,-0.051474,-0.039698,-0.158631,-0.051681,0.152738,-0.158293,-0.007673,-0.089946,-0.154342,-0.30502,0.123806,-0.036004,0.025642,-0.172997,0.091943,-0.289435,0.105294,-0.064357,-0.102389,0.187755,-0.025572,0.296744,-0.266673,-0.093386,-0.265826,-0.097885,-0.000926,-0.03497,-0.148132,-0.059295,-0.321795,0.305709,-0.291176,0.165938,0.02489,-0.20415,-0.142806,-0.021722,0.030177,0.167601,-0.014139,-0.060079,-0.066384,-0.240653,-0.032635,0.075285,0.06418,0.204463,-0.161524,0.042968,-0.185529,0.104147,-0.066863,0.355275,-0.13522,0.087738,0.305295,-0.07639,-0.162667,0.170979,0.072543,0.096165,0.131876,0.197937,-0.112558,0.009838,-0.054973,-0.18144,-0.365919,-0.254209,0.074491,0.046206,-0.162015,0.025423,-0.033425,0.119949,-0.025765,-0.178043,0.116416,-0.051067,0.009701,0.08541,0.328228,-0.064736,0.165024,-0.014746,-0.023552,-0.005988,0.21703,0.08664,-0.253216,0.182929,-0.142521,0.156157,0.23139,0.260808,0.110018,0.033672,-0.144051,-0.102108,0.275576,0.128944,-0.077179,0.230917,0.222914,-0.324292,0.036667,0.045591,0.111314,0.03008,-0.254033,-0.196093,#
11,0.007697,-0.057173,-0.186778,-0.171357,-0.029742,0.273819,0.143683,0.037169,0.011537,0.116045,-0.234139,1.0,0.1041,0.141326,-0.030439,0.043181,0.177865,-0.007237,0.048997,-0.160375,0.127841,-0.240129,-0.077647,-0.060415,0.088944,0.053331,0.051931,0.051221,0.009005,0.045498,-0.192452,-0.10326,-0.079224,-0.095381,-0.189657,0.190322,-0.134699,0.004651,-0.000182,-0.142108,-0.04278,0.152197,-0.08693,-0.339867,-0.115135,0.066413,-0.032032,-0.046343,-0.18309,0.236459,-0.073439,-0.17191,-0.072415,0.173383,-0.048995,0.09293,-0.15897,-0.03536,-0.080213,0.091597,-0.019234,-0.13967,0.074229,9.2e-05,0.06764,0.193459,-0.076231,0.015525,0.04988,-0.326769,-0.056067,-0.098829,0.018577,0.083398,-0.073263,0.123568,-0.281872,0.065386,-0.228261,0.049545,-0.244995,-0.197592,-0.071838,-0.139713,-0.106967,-0.422702,-0.19127,0.006099,-0.164563,0.041473,-0.077956,-0.225869,-0.174443,0.057958,-0.005931,-0.199743,-0.116812,0.046799,-0.199843,-0.046902,0.224968,0.041667,-0.3736,-0.11368,-0.110467,0.087776,-0.123246,0.240698,0.084516,0.041356,-0.119302,-0.05378,-0.251401,-0.256985,-0.091053,-0.034354,-0.126499,0.205046,0.131493,-0.083989,0.04185,-0.239955,-0.040172,-0.056215,-0.038773,-0.313131,-0.073473,0.009133,0.010932,-0.138902,-0.23658,0.005223,-0.249385,0.152336,-0.077052,-0.128643,0.224991,-0.198914,-0.056092,-0.153504,-0.19634,0.044842,-0.128627,0.01978,-0.083467,0.017483,0.014232,0.006984,-0.326044,-0.146897,-0.155959,0.131563,-0.118552,0.169299,-0.021479,0.005563,-0.029058,0.380318,-0.256805,-0.293885,-0.118545,-0.293722,0.185402,-0.063002,-0.035642,0.142055,-0.210322,-0.011273,0.057677,0.082859,0.034856,0.287168,0.073047,-0.252127,-0.053241,-0.188719,-0.218701,0.251759,0.04691,0.049916,0.021133,-0.177755,-0.008542,-0.052334,0.312424,0.164438,0.039073,0.268128,0.080189,0.028396,0.003157,0.300639,0.065976,0.205032,-0.196557,-0.144726,0.219752,-0.303738,-0.0749,0.030262,#
12,0.305076,0.144342,-0.127073,-0.350103,0.153541,0.107019,0.191883,0.519856,0.034076,0.419678,-0.058834,0.1041,1.0,0.466795,0.130406,0.082648,-0.06727,-0.018157,0.103938,0.021607,-0.046254,0.141862,0.27198,-0.054842,-0.062233,-0.381901,-0.179228,-0.120327,0.015367,0.156606,0.041979,-0.092983,0.190119,-0.086017,-0.339829,0.261088,0.242319,-0.041203,-0.047991,-0.194323,0.071868,0.086495,0.083553,-0.054293,-0.198154,-0.360149,0.16319,0.034123,-0.036063,0.057812,-0.198793,0.06158,0.25668,-0.00162,0.33485,0.172978,-0.248325,-0.241051,-0.063024,0.007656,0.318437,0.223451,-0.163138,0.03513,-0.030706,0.151432,-0.086625,0.055809,0.077714,-0.10068,0.320678,0.082881,-0.361551,-0.288721,-0.225071,0.272131,0.043308,-0.044619,0.008869,-0.215905,-0.05925,-0.255044,-0.197039,-0.210881,-0.167863,0.009317,-0.167225,0.116697,-0.082136,-0.115922,-0.038017,-0.2695,-0.386598,0.128757,-0.116141,-0.122453,-0.186422,-0.090982,-0.008904,-0.333884,0.025693,-0.178474,-0.236636,-0.020988,-0.070261,-0.144028,-0.319752,-0.256929,-0.053981,-0.367108,0.017195,0.208613,-0.223791,-0.26218,-0.03677,-0.208615,-0.050322,-0.106628,-0.028863,-0.223429,0.054165,-0.404434,-0.181986,-0.276467,-0.190586,-0.033781,0.175706,0.224211,-0.199236,-0.097616,-0.214843,0.201251,-0.355239,0.112281,-0.146413,-0.077677,0.099539,-0.389087,-0.154054,-0.175774,0.011722,0.073675,-0.208805,-0.147777,-0.043557,0.167022,-0.297231,0.135058,-0.15504,-0.53252,-0.187961,-0.129516,-0.208295,-0.3292,0.114502,-0.252745,0.200998,0.207418,-0.21704,-0.367994,0.033604,-0.20397,-0.09841,0.118846,0.356056,0.143622,-0.135838,0.104997,-0.262647,0.138114,-0.140115,0.162194,-0.160555,0.064219,0.321204,-0.220685,-0.058813,0.024389,0.302965,-0.298011,0.17769,0.180689,-0.045806,-0.011354,0.020636,-0.051428,0.234954,-0.075569,-0.308379,0.40079,-0.102924,-0.013476,0.327107,0.077082,0.065475,-0.023561,0.126426,-0.099244,0.0524,0.228426,#
13,0.227548,0.320526,0.009103,-0.389855,-0.099813,0.272792,0.12372,0.37649,0.157424,0.511459,-0.356841,0.141326,0.466795,1.0,0.264546,0.155875,-0.177017,0.19698,0.252799,0.030378,0.116137,0.263396,0.492471,0.156015,0.011106,-0.243701,0.085884,-0.021271,0.065791,0.435936,-0.016187,0.119542,0.366289,-0.073283,-0.258767,0.262722,0.362851,-0.303436,0.130769,-0.280841,0.036581,0.407357,-0.01065,0.179865,0.074931,-0.528544,0.319851,-0.033166,-0.080965,0.131887,-0.100262,-0.066881,0.173277,-0.120944,0.027812,0.089756,-0.150939,-0.296731,-0.214772,0.029942,0.323653,0.161448,-0.287435,0.070104,-0.094416,0.303948,-0.187646,0.253439,-0.313662,-0.034477,-0.080051,0.387142,-0.186889,-0.126425,-0.258899,0.049006,-0.263314,-0.333237,-0.167591,-0.073593,0.103816,-0.451641,-0.323311,0.035277,-0.264395,-0.039787,-0.349228,-0.008901,-0.015001,-0.236957,0.166322,-0.216626,-0.443837,0.154471,-0.112489,-0.088853,-0.324419,-0.082348,-0.061703,-0.353905,0.056159,-0.065326,-0.251557,-0.259268,-0.094335,-0.183156,-0.165354,-0.150272,-0.129468,-0.378398,0.254278,0.367675,-0.255468,-0.127603,0.097122,-0.068957,-0.318099,-0.192902,0.326202,-0.453916,-0.202966,-0.494352,-0.120562,-0.278937,-0.319621,-0.097419,0.103165,-0.103595,-0.31932,-0.236734,-0.088689,0.119647,-0.306946,-0.235459,-0.451641,-0.364104,0.311349,-0.157451,0.129531,-0.478604,-0.073164,-0.028578,-0.253383,-0.332637,-0.441076,-0.057602,-0.034471,0.103643,-0.39498,-0.293274,-0.256798,-0.063447,-0.156171,-0.336226,0.127049,-0.187589,0.451015,0.230002,-0.242698,-0.199889,0.110491,-0.016249,-0.056997,-0.012476,0.252135,0.271689,-0.21005,-0.040641,-0.199043,-0.053731,-0.258838,0.095536,-0.330293,-0.157966,0.1625,-0.187221,-0.140723,-0.00154,0.593945,-0.408778,0.279511,-0.04829,-0.38951,-0.081437,0.271812,0.150937,0.258523,-0.105818,-0.351867,0.302973,-0.043069,0.038466,0.131675,0.2942,-0.25388,-0.071952,0.239911,-0.301061,0.185004,0.159596,#
14,0.002333,0.383948,-0.111087,-0.226794,-0.108773,0.165695,0.075587,0.111598,0.163852,0.363186,-0.112001,-0.030439,0.130406,0.264546,1.0,-0.032694,-0.058479,0.17631,0.388003,-0.049846,-0.054568,0.205049,0.172411,0.064976,-0.151412,-0.083782,-0.016298,0.094053,0.068121,0.059827,-0.081614,0.108016,-0.04773,0.093193,-0.050302,0.02956,-0.028822,-0.093669,-0.025998,-0.085139,0.040228,0.282522,0.114444,0.205908,0.299089,-0.174576,0.048741,0.081194,0.291676,-0.062543,0.155649,-0.098323,-0.05261,-0.149054,0.173391,0.101295,-0.029882,-0.316751,-0.050709,-0.116577,0.301844,-0.117365,-0.292693,0.207586,0.123547,0.068668,-0.10649,0.063723,0.047868,0.045854,0.134956,0.024518,0.231915,-0.23906,-0.011823,-0.028114,-0.018659,-0.114084,-0.013086,-0.078926,0.086799,-0.364544,-0.205902,-0.024971,-0.167112,0.201145,-0.04259,-0.042165,-0.125401,-0.165158,0.035136,-0.005895,-0.073355,0.280334,-0.214423,-0.058877,-0.222263,-0.021644,-0.009852,-0.092765,0.023522,-0.033362,-0.091778,-0.238765,-0.178625,-0.281517,-0.290781,-0.041424,-0.305821,-0.087141,0.19119,0.237336,-0.134442,-0.131845,-0.146851,-0.091132,-0.221454,-0.090331,0.323501,-0.338879,-0.092739,-0.254565,-0.253855,-0.181849,-0.186882,-0.250102,-0.066659,0.216625,-0.20425,-0.046745,0.058674,0.129657,-0.220712,-0.129179,-0.204454,-0.227455,0.083238,-0.008673,-0.037689,-0.328223,-0.189384,-0.276344,-0.191458,-0.04892,-0.225184,-0.059161,-0.160447,0.118975,-0.222113,-0.053689,-0.268042,-0.405214,0.090268,-0.299633,-0.102752,-0.244605,0.129979,0.133651,-0.256224,-0.03708,0.125968,-0.019909,0.125641,0.111146,-0.077138,0.34532,-0.04996,-0.008052,-0.181001,-0.063166,0.089883,0.082783,-0.24286,0.118854,0.261034,-0.104191,-0.217406,0.1437,0.367137,-0.181844,0.31299,0.107986,-0.099535,0.137262,0.261955,-0.122562,0.207797,-0.117666,-0.055126,0.084096,0.015509,0.045637,0.298579,0.143652,0.032254,0.053257,0.098445,-0.099978,0.124888,0.024203,#
15,0.136448,-0.022055,-0.048464,-0.206418,-0.088888,0.116662,0.134984,0.187578,-0.0619,0.288292,-0.068207,0.043181,0.082648,0.155875,-0.032694,1.0,-0.112777,0.171099,0.019965,0.066226,0.001997,-0.101752,0.262418,-0.025414,0.03829,0.06055,-0.039684,-0.063929,0.207136,0.195909,0.070273,-0.116278,0.169816,-0.081758,-0.07845,-0.008074,0.105948,0.092904,0.206608,0.018154,-0.015294,-0.034528,-0.074093,-0.037534,0.036341,-0.057119,0.051308,0.05619,-0.163388,0.143933,0.113605,0.118718,-0.037686,-0.027873,0.221628,-0.015484,-0.052351,-0.157312,-0.171144,0.053396,0.177304,0.039237,-0.163816,0.019475,-0.0037,0.18779,-0.193072,0.206126,-0.286976,0.017858,-0.028129,0.090552,-0.214843,0.017515,-0.062152,0.113995,0.004232,-0.056491,-0.024103,0.265553,0.062997,-0.091397,-0.009134,0.246418,0.056969,-0.223658,-0.169559,-0.139871,0.109442,-0.004287,0.036889,0.106892,-0.012899,0.295393,0.171806,0.044869,-0.129164,-0.191454,0.07493,0.018071,-0.161248,-0.131349,-0.321623,0.00807,0.038556,-0.069078,-0.263513,0.242333,-0.003985,0.097585,-0.147813,0.085668,-0.069756,-0.159321,0.161781,0.13803,0.062341,-0.223616,0.17317,-0.167282,-0.143637,0.075722,-0.082092,-0.140047,-0.260715,0.094678,-0.030154,0.03848,-0.177801,-0.290781,-0.124283,0.075085,-0.125767,-0.010037,-0.215604,-0.144641,-0.131473,-0.067256,-0.065865,-0.252712,0.122946,0.266542,-0.076908,-0.023182,-0.025921,0.025818,0.252357,0.16876,-0.123655,-0.245747,0.015938,0.018141,-0.000357,0.036119,0.177379,-0.056289,0.083184,0.255231,-0.182337,-0.063192,0.157569,0.00218,-0.11602,-0.130376,-0.0014,0.022205,-0.143365,-0.039184,0.066534,-0.113449,0.121038,-0.080918,0.036372,-0.262308,-0.053215,-0.130628,-0.051522,0.025999,0.193585,-0.216723,0.195149,-0.165913,-0.304573,0.08761,0.299049,-0.07624,0.343007,0.075531,-0.26737,0.012055,0.029249,-0.036567,0.006226,0.202462,-0.222845,-0.191493,0.023342,-0.154863,0.237355,0.134961,#
16,-0.112697,-0.022243,-0.289442,0.114929,0.033295,0.208732,0.072363,-0.073914,-0.174672,-0.23124,0.009399,0.177865,-0.06727,-0.177017,-0.058479,-0.112777,1.0,-0.089362,0.075979,-0.016601,0.066932,-0.22412,-0.157119,-0.322171,-0.429351,-0.111034,-0.157552,-0.057138,0.031918,-0.231394,-0.084896,0.153229,0.132668,0.184658,0.007215,0.07615,-0.13918,-0.135496,-0.259406,0.214275,0.022605,-0.007594,0.080207,0.097301,-0.175518,0.133525,-0.203038,-0.161525,0.1453,0.188941,0.090241,0.028101,0.090085,-0.108832,0.07593,0.022181,0.198541,0.04679,0.205718,-0.170743,-0.099399,0.224133,0.287763,-0.149402,0.009783,0.110606,-0.122579,0.026366,0.151849,-0.242477,-0.248266,-0.227729,-0.145412,-0.114474,-0.08746,0.098463,-0.055378,-0.015687,0.029239,0.138461,-0.078449,0.108705,0.134386,-0.252822,-0.057896,-0.081354,0.025144,0.044141,-0.100464,-0.194295,-0.178426,0.060517,-0.014369,-0.123091,0.038859,-0.168499,-0.049752,-0.18807,-0.101868,0.166035,0.028148,-0.020595,0.060395,-0.016583,0.039525,0.080254,0.211989,-0.241427,0.010463,0.039865,-0.318389,-0.114874,0.009238,0.10253,-0.182104,-0.149931,-0.021902,0.124667,-0.243107,-0.031981,-0.030065,-0.08407,0.004486,-0.225438,0.010885,-0.235973,-0.302011,-0.232692,0.060434,0.019649,-0.222076,-0.207224,-0.011879,0.109588,0.047741,-0.020589,0.154741,-0.341991,-0.072082,0.040439,-0.178488,-0.016082,-0.062357,0.334147,0.139583,-0.142399,-0.053019,0.040396,-0.122031,-0.03948,0.061238,-0.023794,0.089577,0.11798,-0.26478,-0.149711,-0.257492,0.117615,-0.040573,0.182887,-0.176592,-0.079159,0.048904,-0.049939,-0.20987,0.131828,0.185362,-0.162961,0.027207,-0.094025,-0.062101,0.124688,-0.15363,-0.182573,0.046353,-0.166756,-0.033,0.072065,-0.175243,0.063532,-0.333195,0.024237,0.514979,0.071867,0.004383,-0.136759,-0.073803,0.127945,0.193411,-0.328529,-0.059137,0.217415,-0.028058,-0.243631,0.060427,-0.06534,-0.002722,0.006349,-0.391865,-0.073013,#
17,-0.412532,0.271309,0.396788,0.104136,-0.245668,0.047187,0.035526,0.142832,0.297917,0.170017,-0.382187,-0.007237,-0.018157,0.19698,0.17631,0.171099,-0.089362,1.0,-0.028931,0.321405,-0.151842,0.052125,0.106284,0.064826,0.170688,0.174915,0.135194,0.153151,-0.129768,0.093536,0.068015,0.039686,0.028407,0.043084,-0.12149,0.003201,0.165496,-0.113266,0.06401,-0.238229,0.041512,0.154417,0.191907,0.215119,0.07121,-0.260269,0.101742,0.197628,0.137932,0.052443,-0.108177,-0.017938,0.089682,0.024286,-0.042546,-0.055663,-0.01332,-0.34561,-0.19244,-0.148917,-0.119852,-0.105905,-0.081664,0.089756,-0.035178,0.088447,-0.000546,0.140667,-0.11398,0.34113,0.248637,0.25745,-0.03833,-0.153835,0.102914,-0.074747,0.187375,-0.120353,0.097467,-0.138017,0.23538,-0.087954,-0.122175,0.274865,-0.13437,0.084302,-0.013511,-0.080303,-0.016472,0.107374,0.086397,0.050271,-0.168958,0.471294,-0.08366,-0.002931,0.236186,0.035684,0.05979,0.048385,-0.154269,0.092491,-0.006161,0.307533,-0.095484,0.079041,-0.060558,-0.126269,-0.14703,-0.085064,0.232284,0.127681,0.080347,-0.0204,0.11607,0.005289,0.157407,-0.195176,0.391247,-0.442099,0.136115,-0.256516,-0.210246,0.011454,0.002843,-0.050765,-0.009898,0.048552,-0.117388,0.046489,0.1566,0.243044,-0.00078,-0.134404,0.020301,-0.024794,0.04225,0.05301,0.019817,-0.103891,-0.015683,-0.095668,-0.152372,-0.332135,-0.244016,0.063063,0.037114,0.104323,0.186117,-0.033563,-0.228219,-0.099851,0.212996,-0.012724,-0.024164,-0.081641,0.059131,0.39261,-0.003685,0.132289,0.189194,0.212835,-0.181878,0.235621,0.113331,0.24217,0.073546,-0.097838,-0.119956,0.17019,-0.15425,-0.14465,-0.061332,-0.069112,0.046624,0.081601,-0.055771,-0.030627,0.259702,-0.319749,0.240425,-0.166796,-0.342342,-0.195524,-0.069113,-0.040194,0.122956,0.158578,-0.309717,-0.202278,0.14215,-0.251336,-0.069688,0.205758,-0.23056,-0.14334,-0.024109,0.13795,0.241618,0.163986,#
18,0.126534,0.245055,-0.055258,-0.111389,0.08289,0.074129,0.165627,0.058481,0.078754,0.181477,0.161532,0.048997,0.103938,0.252799,0.388003,0.019965,0.075979,-0.028931,1.0,-0.194759,0.188288,0.058273,0.040473,-0.009234,0.026781,-0.026624,-0.011084,0.289342,-0.044196,0.191606,-0.158972,0.115666,0.086263,0.069749,0.047902,0.072818,0.087211,-0.121504,-0.058356,-0.024162,0.244399,0.3173,0.097631,0.319425,0.183983,-0.020512,-0.004999,-0.203125,0.149013,0.032858,-0.029389,0.094363,0.208366,-0.055372,0.220345,0.057842,-0.10182,-0.147797,-0.152865,-0.139826,0.040877,-0.171516,-0.119022,0.317021,-0.000408,0.080832,-0.06523,-0.084859,-0.022576,-0.28751,-0.026224,0.07758,-0.112861,-0.094222,-0.044143,0.045713,-0.091214,-0.047382,0.154817,-0.083815,0.094368,-0.156344,-0.268858,-0.153875,-0.151912,-0.043598,-0.131698,0.148685,-0.026779,-0.137293,-0.181567,-0.162745,0.010874,-0.134442,-0.036666,-0.090589,-0.170148,-0.255488,0.018147,-0.175747,0.098815,0.129691,0.044656,-0.447469,-0.117603,0.056735,-0.135916,-0.107943,0.006075,0.050182,-0.091789,0.274338,-0.213188,-0.075436,-0.052713,0.126034,-0.107225,-0.017052,-0.053422,0.009361,-0.233695,-0.130077,-0.275178,-0.18119,-0.243944,-0.223032,0.103795,0.06496,-0.209061,-0.131313,-0.030778,-0.163652,-0.189876,0.126192,-0.132653,-0.11934,0.076001,0.030184,-0.015585,-0.167613,-0.314072,0.035122,-0.193672,-0.092065,-0.139826,-0.17213,-0.244854,0.100199,-0.39837,-0.188642,-0.304375,-0.093503,-0.140134,-0.290576,0.027728,-0.267358,0.091165,0.01967,-0.324688,-0.185799,-0.146759,0.07494,0.067184,-0.110753,0.147249,-0.034145,0.04223,0.184101,-0.001042,-0.083529,0.107388,0.335629,-0.009514,-0.038637,0.293742,-0.029789,0.0799,0.14042,0.252291,-0.13446,-0.025004,0.258688,0.173714,0.284961,0.371641,0.003023,0.258617,-0.01822,0.101237,0.24742,-0.138031,0.108022,0.346623,0.021333,-0.247112,0.052911,0.530547,-0.207075,-0.185999,0.0631,#
19,-0.182794,0.036039,0.177583,0.062215,-0.147722,-0.0542,-0.29407,-0.016684,-0.075336,0.019415,-0.235231,-0.160375,0.021607,0.030378,-0.049846,0.066226,-0.016601,0.321405,-0.194759,1.0,0.309438,0.140254,-0.011846,0.04907,-0.182712,-0.159527,0.033882,-0.177313,-0.068299,-0.121765,0.365472,0.389696,0.272472,0.313419,-0.147896,-0.373207,0.164531,0.162999,-0.376045,-0.116257,0.184074,0.052309,-0.032598,0.042071,-0.081189,-0.326309,0.273068,0.209961,0.25131,-0.195615,-0.159014,-0.093509,0.435346,-0.136202,-0.297282,0.064444,0.051201,-0.286382,0.286162,-0.154552,0.027601,-0.102391,-0.125548,-0.292554,-0.026048,0.011716,-0.076404,-0.042413,-0.174191,0.255836,0.045404,0.149515,0.07038,0.033672,0.171123,-0.454116,0.357941,0.191078,0.551499,0.240302,0.412834,0.267472,0.25133,0.055426,0.303482,0.326377,0.279754,-0.10438,0.352509,0.111883,0.228578,0.37643,0.138087,0.279707,0.169658,0.400415,0.265753,0.293267,0.234663,0.234642,-0.504491,0.180166,0.217501,0.371874,0.419349,0.357865,-0.062732,-0.239099,0.218258,-0.207304,0.350426,-0.165117,0.134518,0.416597,0.261507,0.153212,0.08357,0.03104,0.181659,-0.298209,0.36159,0.045871,-0.117039,0.09255,0.050377,0.42385,0.01718,-0.069004,0.357565,0.365674,0.441039,0.265063,0.447577,-0.124456,0.360528,0.168953,0.093899,0.079193,0.13503,0.212314,0.174802,0.11269,0.020638,-0.158214,0.125976,0.310089,0.406885,-0.488853,0.36442,0.186233,0.180356,0.142172,0.468034,0.330217,-0.012695,0.260131,0.42281,-0.110319,0.081986,0.097949,0.172077,0.264839,-0.060727,0.004915,0.031543,0.06251,0.440987,-0.16045,0.1377,0.212473,-0.610101,-0.202472,0.044019,0.159538,-0.346237,0.230725,0.192868,-0.467872,0.040522,0.079054,-0.087852,-0.116362,-0.339901,-0.242396,-0.466144,0.006671,0.341434,0.243246,-0.086726,-0.297544,0.254296,-0.428817,-0.431345,-0.139675,-0.104223,-0.242626,-0.349971,0.311868,0.431828,-0.010842,#
20,0.240524,0.027185,-0.049642,0.081266,-0.256156,0.045636,-0.17821,0.062011,-0.320741,-0.134094,-0.016509,0.127841,-0.046254,0.116137,-0.054568,0.001997,0.066932,-0.151842,0.188288,0.309438,1.0,-0.105269,-0.321317,-0.106386,-0.044691,-0.05316,-0.144386,-0.175092,-0.05849,-0.014197,0.281857,0.24384,0.13316,0.353104,-0.237446,-0.275311,0.055844,0.093073,-0.121711,-0.122817,0.322592,0.258656,-0.243007,0.07074,0.029168,-0.182564,0.098148,-0.121759,0.021268,-0.271967,-0.139524,-0.073364,0.365639,-0.038549,-0.093573,-0.014519,-0.127044,-0.090832,-0.235132,0.035306,0.004868,0.089434,0.132027,-0.056228,0.045961,-0.038631,-0.325017,-0.00329,-0.234775,-0.170537,-0.096823,0.149021,0.05568,0.167056,-0.160769,-0.374578,-0.018592,0.30036,0.216432,0.341112,0.229448,0.114967,0.311071,-0.080477,0.030764,-0.198727,0.050282,0.20214,0.305113,0.09941,-0.037537,0.001946,0.218832,-0.117007,0.20275,0.192654,-0.081752,0.144935,0.129059,0.052682,0.065564,0.279855,-0.092408,0.023377,0.141984,0.140021,0.124409,0.101477,0.202197,-0.018246,0.010133,0.084051,-0.307236,0.321016,0.259713,0.369321,0.008194,0.144904,0.025392,0.10818,0.031262,-0.015892,-0.168881,0.197061,-0.143484,-0.017596,-0.191174,-0.284242,-0.182841,0.27259,0.133041,0.062268,0.254288,0.143497,0.008703,0.117707,0.269804,0.025623,0.156349,0.067606,-0.000404,0.159346,0.26972,0.086897,0.081708,-0.04179,0.271954,-0.403789,0.007864,0.193387,0.064278,0.208692,0.105947,0.149187,0.07416,0.128647,0.247383,-0.193971,-0.015301,-0.080501,-0.083328,0.017437,0.208454,-0.269456,-0.221028,-0.244307,0.26215,0.032699,0.307245,-0.120097,-0.22368,0.083358,0.143347,-0.05067,-0.310309,0.21001,-0.005108,-0.402813,-0.20572,0.348531,-0.254755,0.100349,-0.068529,-0.092551,-0.108835,0.346094,0.14996,0.011246,0.173519,0.050509,-0.156643,-0.194796,-0.19539,-0.288363,-0.118394,-0.113391,0.142984,-0.074476,-0.03477,-0.144825,#
