0,1.0,0.139934,-0.202087,-0.170913,0.127441,0.084865,0.413354,-0.323363,0.061148,0.019252,0.495468,0.161268,0.194138,0.193148,0.110569,-0.053302,-0.047192,-0.382868,0.396999,-0.094399,0.002183,0.073013,0.09663,0.11831,0.025026,0.012626,-0.116756,0.136224,0.241357,0.067276,-0.33075,0.01968,0.130297,-0.193145,0.343587,-0.018575,0.116897,0.014561,0.125964,0.114543,0.017082,0.09857,-0.005446,-0.030577,0.16324,0.067643,0.233324,0.180196,-0.278049,-0.073043,0.008224,-0.15241,0.123187,-0.163896,0.06385,0.03425,-0.076677,0.29124,-0.105568,-0.145855,0.189882,0.094898,-0.268637,0.169187,-0.27806,0.083463,-0.026733,-0.086687,-0.143314,-0.162797,0.029865,0.054599,0.138365,-0.206332,-0.096587,0.134565,-0.433265,-0.111364,-0.27605,-0.048824,-0.0683,-0.128441,-0.091547,-0.41372,-0.040677,-0.072042,-0.084756,-0.116986,-0.114081,-0.119301,-0.424383,-0.188984,0.036692,-0.35495,-0.149483,-0.245505,-0.09718,-0.466604,-0.24891,-0.160781,0.300448,-0.05092,-0.125874,-0.255218,-0.187927,-0.2588,-0.185423,0.015344,-0.244511,-0.126505,-0.098463,0.172771,-0.244877,-0.228599,-0.028798,0.062137,-0.050826,0.005227,0.084145,-0.111309,-0.223293,0.019383,-0.071383,0.168906,-0.184078,-0.012922,-0.17764,0.153525,-0.284095,-0.180493,-0.319145,-0.384437,-0.146317,0.265012,-0.106691,-0.117698,-0.079866,-0.224336,0.291207,-0.151451,-0.148867,0.067045,-0.002741,-0.248725,-0.19604,-0.094655,-0.136286,0.064369,-0.319119,-0.302,0.026035,-0.079295,-0.402084,-0.064355,0.022966,-0.14366,0.045808,0.082894,-0.287079,-0.02008,-0.105558,-0.199808,-0.007744,-0.288197,0.05096,0.120219,0.121616,0.071279,-0.299546,-0.175299,0.254433,-0.229121,0.120147,0.107589,0.10775,-0.065066,-0.218472,0.018756,0.111607,-0.378989,0.025217,0.102341,-0.027916,0.27611,0.109763,-0.136796,0.203761,-0.025117,0.1769,0.206786,-0.386325,0.243487,0.384941,-0.049387,-0.006497,0.190284,-0.067155,-0.192769,-0.038836,-0.239866,#
1,0.139934,1.0,-0.038969,-0.141062,0.026126,-0.066986,0.171798,-0.089496,-0.094078,0.197642,0.065809,-0.009715,0.078848,0.220999,-0.113459,0.102139,0.217121,-0.031317,0.261333,-0.139958,0.156023,0.166033,0.066103,-0.235406,-0.004505,-0.308113,-0.258924,0.018163,0.133755,0.111363,-0.079169,-0.022381,0.051472,-0.077821,0.291449,0.043459,-0.0114,-0.182007,0.171347,-0.088105,0.088682,0.062854,-0.060244,0.02423,-0.149675,0.04924,-0.076359,0.071059,0.131402,0.312989,0.013503,-0.120698,0.096134,0.13392,0.079339,-0.053476,0.204742,-0.10583,-0.055195,-0.103642,0.069358,-0.023108,-0.022779,0.054276,0.191308,0.344866,-0.265199,0.050046,-0.072181,-0.091298,-0.058591,-0.113402,-0.142921,-0.078258,-0.122684,0.153991,-0.060072,-0.124211,0.169189,-0.159122,-0.065692,-0.209328,-0.026163,-0.084919,-0.129436,-0.007918,-0.082234,0.077465,-0.028816,-0.112326,-0.176069,0.027673,-0.059394,-0.126149,-0.096142,-0.09347,-0.034473,-0.005038,0.213707,0.020604,-0.032829,0.052604,0.000232,0.017626,-0.216143,-0.172671,0.13819,-0.068873,-0.399419,-0.204566,0.262087,-0.052426,-0.126735,-0.000248,-0.124922,-0.176167,-0.089499,-0.113136,-0.004425,-0.13069,-0.161909,0.014607,-0.276068,-0.248539,-0.168277,-0.259539,-0.10452,-0.092268,-0.224618,-0.175357,-0.010312,-0.322799,-0.281891,0.002335,-0.303361,-0.118915,0.064499,0.133742,0.047882,-0.245916,-0.067261,-0.17139,0.075341,-0.096887,-0.000234,-0.183834,-0.443367,0.119159,0.15404,0.058008,-0.001475,0.180585,0.120222,-0.224907,-0.091689,-0.246761,0.10173,0.16803,0.006227,0.202168,-0.106205,-0.027715,-0.0659,0.087774,-0.161048,0.309582,0.261838,0.122316,-0.196776,-0.27207,0.176524,0.134154,-0.096883,-0.031061,0.126439,-0.157672,-0.094812,0.127977,0.086555,-0.193976,0.167867,-0.136377,0.180877,0.199734,0.204066,-0.130819,0.076658,-0.16027,-0.014678,0.170632,-0.129005,0.284396,-0.117119,0.063608,-0.002775,0.07366,0.125459,-0.128115,0.015031,0.124879,#
2,-0.202087,-0.038969,1.0,-0.266442,-0.102375,-0.147066,0.022133,-0.164989,0.112873,0.056554,-0.191175,-0.217403,0.126882,-0.010493,-0.17131,0.089438,-0.037415,0.347707,-0.165243,0.146165,-0.179153,-0.079856,-0.084108,-0.039558,-0.032903,0.017954,0.038515,-0.128738,0.027889,-0.215002,-0.070334,0.123324,-0.24575,0.219254,-0.072034,0.085543,-0.018302,0.363177,-0.06765,-0.164023,0.084461,-0.090585,-0.007164,-0.082894,-0.092967,-0.275757,-0.234794,-0.103222,0.017231,0.033274,0.060449,-0.186572,0.144255,-0.131134,-0.189966,-0.073712,0.039228,-0.289733,0.167916,-0.193379,0.110334,-0.062073,0.067677,-0.210903,0.272283,0.120888,0.085054,-0.008517,0.143724,0.17581,-0.148881,0.032914,-0.447965,0.027018,-0.033472,-0.139805,-0.033531,0.053967,0.039262,0.039375,0.106149,0.067296,0.198347,0.133767,-0.090682,0.146245,0.185063,-0.066614,-0.087099,0.236124,0.040119,0.012888,0.028721,0.115113,-0.026807,0.09351,0.012203,-0.014368,0.03438,0.111592,-0.281948,-0.235582,0.130294,0.195398,0.183284,0.120238,0.082954,-0.107379,0.232272,-0.022029,-0.002511,-0.221277,0.081477,0.133166,0.267993,-0.116666,0.071415,0.21506,-0.193673,-0.072808,0.082486,0.151238,-0.063553,-0.308715,-0.215324,0.118104,0.313971,-0.024133,0.213444,0.054683,0.300865,0.061861,-0.052066,0.102717,0.200814,-0.178935,0.206774,0.208395,-0.343847,0.270505,0.034165,0.129213,0.061004,-0.1129,0.015056,0.01473,0.044477,0.049734,0.011834,0.171027,-0.113046,0.200079,0.084161,0.015681,0.21513,0.049571,0.058364,0.019314,0.119888,-0.075161,0.190664,-0.020867,0.001626,0.170984,-0.014864,-0.116882,0.008037,-0.009952,0.235799,0.050485,-0.239215,-0.123221,-0.11695,0.013297,-0.303092,0.172577,0.169244,-0.045075,-0.015973,-0.173563,-0.048605,0.092569,0.061952,-0.178211,-0.173214,0.103254,0.196664,0.062005,-0.174947,-0.394268,0.181247,-0.226179,-0.321324,0.192668,-0.091721,-0.029858,0.002863,0.219244,0.20883,0.208414,#
3,-0.170913,-0.141062,-0.266442,1.0,-0.151096,-0.052952,-0.132806,0.207308,-0.438172,-0.276245,0.043613,0.052024,-0.217983,-0.391613,0.082437,-0.177796,0.100873,0.053606,-0.139853,-0.139616,0.19331,-0.232794,-0.301103,0.006862,0.059556,0.107166,-0.113329,0.121199,-0.089428,-0.248505,0.291285,-0.245825,0.034576,-0.052265,-0.16972,0.051527,-0.218266,-0.215858,0.070273,0.252242,-0.063783,-0.099342,-0.005448,0.11846,0.034269,0.386121,-0.056845,-0.204871,0.123774,-0.213927,-0.120129,0.466692,-0.040255,0.212956,0.286294,-0.267817,0.208478,0.28649,-0.082257,-0.117225,-0.514206,-0.020989,0.189255,0.057985,-0.148703,-0.27864,0.03096,0.032961,-0.100087,0.04392,0.098927,-0.163595,0.089438,0.154077,0.201115,-0.121828,0.242712,0.230312,0.083913,-0.006394,0.033964,0.142402,0.118441,0.096184,0.154806,-0.053832,0.111402,0.16297,0.156434,0.077541,0.108212,0.066482,0.074094,-0.066865,0.114588,0.182897,0.288661,0.044763,0.046967,0.190308,0.224622,0.164995,0.266089,0.206091,-0.164051,0.034936,0.157108,0.185749,-0.088145,0.057112,-0.123819,0.049985,0.218497,0.081207,-0.01195,0.143751,0.234715,0.18629,-0.112248,0.347989,0.253639,0.130151,0.018778,0.266595,0.311394,0.108368,-0.370281,-0.144361,0.024873,0.281111,-0.15539,0.388671,0.350429,-0.011209,0.163696,0.072599,0.002452,-0.073703,-0.144936,0.108832,0.074368,-0.123734,0.304102,0.203664,0.322815,0.014338,0.124047,-0.19175,0.205895,-0.105994,0.211067,-0.134467,-0.056707,0.091164,0.122687,0.088137,-0.363351,-0.230403,0.176714,0.041002,0.06672,0.086717,0.087847,-0.088581,-0.049233,-0.347762,0.080122,-0.150623,0.040077,0.011432,0.189847,0.255382,0.022499,0.243066,0.078101,0.114073,-0.132449,-0.089713,-0.424477,0.426898,-0.412056,0.233437,0.10184,-0.171235,-0.095987,-0.076905,-0.143725,0.000788,0.287622,0.072667,0.06539,-0.226102,-0.083647,-0.224358,0.03428,-0.091931,-0.041856,-0.235304,-0.277028,-0.081421,#
4,0.127441,0.026126,-0.102375,-0.151096,1.0,0.108448,0.047162,-0.04789,0.005091,-0.043446,0.236983,-0.005517,-0.046519,-0.225566,-0.045207,-0.088272,0.17786,-0.162986,0.170977,-0.023221,-0.085154,-0.26174,0.124124,-0.004875,0.011699,0.016478,-0.142628,-0.133527,0.009957,0.028196,-0.249169,-0.001657,0.154146,-0.239793,0.0333,0.0318,0.033202,-0.243263,0.042052,0.282878,-0.065477,-0.308524,-0.170796,-0.072104,-0.169427,0.031194,-0.112128,-0.074989,0.009754,0.255477,-0.05992,0.035139,-0.183528,0.252172,0.082596,-0.063038,-0.302045,0.144698,0.026002,0.209085,-0.190225,-0.212205,-0.052476,-0.1068,-0.163805,-0.048968,0.392153,-0.046073,-0.104556,-0.150933,-0.096921,0.147266,0.06514,0.033409,0.154814,-0.026504,-0.123265,-0.164308,-0.031719,-0.141999,-0.22142,0.109443,0.134555,-0.051257,0.175868,-0.06249,0.017482,0.001477,0.091009,-0.134886,0.05271,0.199791,0.042194,0.007974,0.210095,-0.093512,0.124801,-0.0063,-0.012852,-0.119085,0.165643,0.164917,0.01737,-0.134965,0.116159,-0.043607,-0.194049,0.025985,-0.16433,0.202596,0.076785,0.019962,-0.292028,-0.171086,-0.25934,0.283596,-0.068166,0.345696,-0.222389,-0.098742,-0.290202,-0.074886,-0.134655,0.026354,-0.009622,0.046947,0.00669,0.063871,-0.076058,-0.201677,0.016632,-0.220716,0.11285,-0.030412,0.01302,0.019924,0.162669,0.023277,0.047995,-0.051163,-0.075836,-0.103894,-0.126003,0.153298,-0.192711,-0.174771,0.022541,-0.07291,-0.045259,-0.063792,0.053271,0.062506,-0.192582,0.15804,-0.022232,-0.097087,0.055776,0.103573,-0.333758,0.039988,-0.293611,-0.076625,-0.049831,0.103871,0.017433,0.062652,0.06573,0.081291,0.005167,0.266197,0.143689,0.051184,0.168491,-0.022158,-0.142048,-0.041237,0.014977,0.014742,0.07876,0.006809,-0.02401,0.206526,-0.070897,0.035934,0.15865,-0.006011,0.082322,0.204997,0.303649,-0.039989,-0.050678,0.049006,0.281819,0.103201,-0.198645,0.036944,0.089824,0.102395,-0.049005,-0.170926,#
5,0.084865,-0.066986,-0.147066,-0.052952,0.108448,1.0,0.260195,0.18419,0.050662,-0.077,0.021405,0.092699,-0.035457,-0.151051,0.142146,-0.107052,0.145976,-0.01751,0.13696,-0.195938,-0.110125,-0.152032,0.178825,-0.0541,-0.123686,0.263423,-0.028985,-0.023454,0.126181,0.246669,-0.30338,0.109693,-0.011688,0.034705,0.058112,0.122933,0.155763,-0.078671,-0.089842,0.040168,-0.251603,0.066508,-0.172905,0.001342,0.056441,0.014406,0.223063,-0.123449,0.086718,0.052668,0.016489,-0.043861,0.196645,0.025843,-0.05166,0.094786,-0.144145,0.257791,-0.190181,-0.013352,0.048208,0.077953,0.025005,0.127415,-0.216664,-0.039744,-0.105077,-0.048823,-0.004982,-0.43618,-0.013983,-0.058414,0.022041,0.068184,-0.032756,0.168137,-0.081901,0.02164,-0.250442,0.004523,-0.231369,-0.230722,-0.110983,0.237792,-0.057712,-0.217382,-0.096851,0.025557,-0.129385,-0.150497,-0.084319,-0.145828,-0.153505,-0.278075,-0.114591,-0.030163,-0.146814,-0.164335,-0.230767,-0.285879,0.326456,0.201596,-0.054543,-0.252089,-0.30668,-0.341467,-0.077643,0.074367,-0.22774,0.037134,0.036879,0.387503,-0.277391,-0.213106,-0.047247,-0.118267,0.032083,0.180371,0.200464,-0.180267,-0.018179,-0.171181,0.097047,0.007659,-0.13804,-0.077259,0.027308,-0.026999,-0.373128,0.077322,-0.032645,-0.162293,-0.00138,0.056556,-0.42267,-0.043549,0.151698,0.243985,0.150749,-0.090394,-0.04319,0.016103,-0.172509,0.127111,-0.043402,-0.260243,0.247089,0.061792,-0.348499,-0.184259,-0.03639,-0.342113,0.156581,-0.093215,0.101874,-0.034134,0.010331,-0.133457,-0.423766,0.027538,-0.277429,-0.055881,0.261577,-0.244121,0.122609,-0.009503,-0.179897,-0.066496,0.02628,-0.275668,0.091268,-0.204712,-0.098958,-0.163005,0.123891,-0.176083,-0.061981,0.054604,-0.014043,0.033116,0.242335,-0.070431,0.018473,0.110981,0.46572,-0.155421,0.103184,-0.004269,0.059008,0.054338,-0.017091,0.137386,0.106372,-0.078854,-0.230916,0.286324,0.074147,0.019732,-0.245064,-0.215977,#
6,0.413354,0.171798,0.022133,-0.132806,0.047162,0.260195,1.0,-0.227563,0.298089,0.046885,0.194781,0.087159,0.113663,0.06956,-0.037043,0.09011,0.181407,0.16719,0.22483,0.079221,-0.207186,-0.128522,0.155951,0.013086,-0.102137,0.133579,-0.039171,0.001444,0.441442,0.017435,-0.241872,0.065515,0.031651,-0.271422,0.190006,0.093236,0.341843,-0.177358,0.265568,0.199378,0.139564,0.157621,-0.112326,0.02224,0.112675,-0.118417,0.102142,-0.026397,-0.142436,-0.003707,-0.008724,-0.285951,0.149771,-0.088941,0.291188,-0.148833,-0.070714,-0.045565,0.059508,-0.245848,0.18978,0.219665,-0.108182,0.17015,0.17416,0.257407,-0.148569,0.077169,0.145989,-0.266877,0.025385,-0.074031,-0.122809,-0.501574,-0.342904,0.189227,-0.411763,-0.347547,-0.351599,-0.083843,-0.333227,-0.142993,-0.103105,-0.109325,-0.374873,-0.160948,-0.187983,-0.252898,-0.365566,-0.322504,-0.495271,-0.361799,-0.489621,-0.245716,-0.317247,-0.442502,-0.092198,-0.33443,-0.284052,-0.163704,0.089086,0.061325,-0.233445,-0.262402,-0.287249,-0.330777,-0.085925,-0.156014,-0.194729,-0.206824,-0.045844,0.048683,-0.238758,-0.358584,-0.091069,-0.273125,-0.03474,-0.062658,0.205093,-0.326277,-0.340955,-0.105525,-0.181689,-0.17108,-0.17322,-0.232178,0.022918,0.179194,-0.314388,-0.245649,-0.244593,-0.396921,-0.26437,0.058728,-0.286178,-0.274434,0.008849,-0.08047,0.193509,-0.369835,-0.200834,0.08256,-0.139571,-0.34415,-0.38076,-0.198613,-0.078103,0.501344,-0.37064,-0.450636,-0.153441,-0.397704,-0.200228,-0.146866,-0.079267,-0.189895,0.116387,0.299016,-0.294717,-0.12141,-0.040611,-0.214108,0.104741,-0.059827,-0.182878,0.210669,-0.043144,-0.011394,-0.309155,-0.32632,0.221783,-0.209339,-0.139537,-0.203932,0.140035,-0.380301,-0.122509,0.308681,0.212723,-0.487669,0.317038,-0.130126,-0.127899,0.357976,0.213092,-0.501088,0.06888,-0.037644,-0.055554,0.16941,-0.361783,0.268885,0.155157,0.25375,-0.11956,-0.04625,0.065791,-0.139156,-0.147019,0.146926,#
7,-0.323363,-0.089496,-0.164989,0.207308,-0.04789,0.18419,-0.227563,1.0,-0.297697,-0.007654,-0.237553,-0.2053,0.207621,-0.182504,0.10752,0.036147,0.18702,0.04892,-0.027878,-0.246409,0.193235,0.12233,-0.020374,-0.019753,-0.072898,0.088069,-0.161919,-0.233465,-0.225897,0.096777,-0.069115,-0.070615,0.061192,0.16096,-0.188436,-0.047055,-0.174331,-0.244978,-0.139443,0.093853,-0.043049,-0.034618,-0.045642,-0.186851,0.12682,0.026603,0.242556,-0.186809,0.150273,-0.001746,-0.064743,-0.026392,-0.027106,-0.160429,-0.05807,0.08135,0.389097,-0.108382,-0.14371,0.39347,-0.086657,-0.311396,0.047754,0.025795,-0.075618,-0.129452,-0.012719,0.0304,-0.094514,-0.137055,0.153758,0.038057,-0.305797,0.224184,0.067736,-0.094561,0.069862,0.076653,-0.059237,0.056297,-0.035327,-0.224848,-0.136482,-0.015182,0.124313,-0.187902,0.165074,0.129532,0.23129,0.195595,0.128681,0.035338,0.075541,-0.031785,0.137791,0.189318,-0.06253,0.161906,0.116983,-0.037039,-0.119195,0.108352,0.133343,0.085742,-0.08687,0.11426,-0.152006,0.05929,-0.010627,0.188193,0.115401,0.030852,0.152046,0.267135,-0.008692,0.043032,0.165507,-0.073472,-0.006266,-0.001944,0.198885,-0.223091,0.077482,0.218753,0.029429,-0.128331,0.029962,-0.122795,0.035057,0.028832,-0.174174,0.240937,0.155054,-0.196215,0.0393,0.287229,0.092886,0.097531,-0.0454,-0.021851,-0.174923,-0.069088,-0.185542,0.243258,-0.142428,-0.15204,0.023469,0.097577,0.079172,0.102712,-0.087874,-0.122637,0.15087,-0.028857,-0.010747,-0.228692,-0.058434,0.03904,0.012046,0.122479,-0.138254,0.219487,0.083353,0.1252,0.175578,-0.313198,-0.383574,-0.084348,0.104373,0.205529,-0.100269,0.084653,-0.101764,-0.192467,0.127715,-0.052574,-0.100871,-0.037152,-0.085496,0.183594,-0.007562,0.020689,0.1895,-0.002713,0.041988,-0.031584,-0.114255,-0.108131,-0.120503,0.138984,0.01907,-0.108952,-0.130202,-0.013423,0.039751,-0.096009,-0.068995,0.021797,-0.188415,0.055819,#
8,0.061148,-0.094078,0.112873,-0.438172,0.005091,0.050662,0.298089,-0.297697,1.0,0.344086,-0.009199,0.161954,-0.03505,0.178752,-0.074417,-0.037602,-0.227489,0.145737,0.022914,0.2045,-0.180327,0.020213,0.143464,0.048193,-0.012222,0.198242,0.231609,0.089714,0.102333,0.077955,-0.222946,0.083661,0.157429,-0.009565,0.016762,0.020979,0.21231,0.17447,0.040773,-0.069287,0.126463,0.101405,-0.067871,0.021339,-0.03946,-0.1768,0.010016,0.170091,-0.142847,0.00247,-0.112838,-0.209223,0.249736,0.188821,0.204543,0.158982,-0.453474,-0.171106,-0.067234,-0.011165,0.193444,0.00524,-0.080693,0.063232,0.21068,0.073451,-0.064991,0.196732,0.204855,-0.086957,-0.04524,0.055699,0.1412,-0.175085,-0.376961,0.205183,-0.07894,-0.214973,-0.135202,0.083937,-0.176949,-0.090414,-0.129369,-0.029768,-0.347246,0.050197,-0.377985,-0.287467,-0.163086,-0.328613,-0.128799,-0.375632,-0.400092,0.004027,-0.182792,-0.015246,-0.214673,-0.059588,-0.248252,-0.14257,-0.206193,0.149566,-0.095565,-0.120208,0.105145,-0.224269,-0.054261,-0.104373,0.04287,-0.08304,-0.00834,-0.053693,-0.205469,-0.144896,0.194789,-0.08816,-0.065534,-0.258675,0.051106,-0.310914,-0.117891,0.021188,0.074625,-0.22865,-0.250489,0.045692,0.321343,0.065161,-0.060007,-0.125293,0.270285,-0.069045,-0.425549,-0.144624,-0.20944,0.004506,-0.180877,0.10998,0.166827,-0.088985,-0.189106,0.18147,-0.236965,-0.190592,-0.213872,-0.24513,-0.270372,0.165181,-0.163728,-0.179569,-0.026381,-0.072549,-0.095081,-0.338032,0.152078,-0.050869,0.274112,0.30921,-0.371311,-0.240646,-0.015484,-0.014888,-0.176282,-0.089609,-0.081381,0.043516,-0.041265,-0.030079,-0.089688,-0.15997,-0.113977,-0.22064,-0.018687,-0.028499,0.218111,-0.026471,0.159594,0.056164,0.498753,-0.228766,0.256534,-0.025025,-0.209241,0.091413,0.013557,-0.051483,0.120287,0.059497,-0.362495,-0.033481,-0.009871,0.145695,0.027873,0.218028,0.001058,0.0633,0.029939,-0.189855,0.025479,0.072194,#
9,0.019252,0.197642,0.056554,-0.276245,-0.043446,-0.077,0.046885,-0.007654,0.344086,1.0,-0.185598,-0.148645,0.234533,0.511482,0.003997,0.015461,-0.328956,0.227767,0.026334,0.19273,-0.137674,0.029613,0.267124,0.081899,-0.011046,-0.045014,-0.174569,-0.056651,0.230817,0.293803,-0.091688,0.072383,0.201804,-0.057204,-0.006099,-0.029723,0.294989,-0.072617,-0.005457,-0.173604,0.285207,0.025501,0.01763,-0.140602,0.066088,-0.388088,0.002613,0.309579,0.135202,0.042525,-0.175838,-0.348657,0.400337,-0.070893,0.133331,-0.044128,-0.106157,-0.375363,-0.067376,0.208773,0.322284,-0.089274,-0.433077,0.024932,0.074158,0.157937,0.069402,-0.008896,-0.065334,-0.06374,-0.00521,0.132477,-0.249131,-0.089028,-0.163955,-0.042197,-0.139829,-0.252839,-0.086154,0.255281,-0.074484,-0.293527,-0.237238,0.115918,-0.33368,0.192534,-0.106314,-0.226923,-0.151219,-0.224698,-0.041549,-0.121647,-0.301123,-0.068009,-0.256211,0.119984,-0.603754,0.012294,0.233674,-0.261143,-0.414177,-0.063863,-0.187531,-0.142913,-0.059331,-0.135691,-0.071988,-0.438977,0.169467,-0.137738,0.388802,0.249053,-0.172774,-0.048968,0.056124,-0.127405,-0.141146,-0.121401,0.284801,-0.308867,-0.282769,-0.111451,-0.063393,-0.174704,-0.342714,0.290641,0.265263,-0.083098,-0.185888,-0.361504,0.103486,-0.008249,-0.591573,-0.047024,-0.292788,-0.237979,-0.047462,0.098387,0.059445,-0.188294,-0.062232,-0.205628,-0.337089,-0.338987,-0.361368,-0.277856,-0.40355,0.192127,-0.205764,-0.1643,-0.372721,0.143845,-0.09144,-0.609459,0.027579,-0.326934,0.711817,0.402747,-0.211915,-0.362287,-0.245639,0.011248,-0.145145,-0.003778,0.137538,0.358029,-0.067836,-0.327562,0.066623,-0.174381,-0.284115,0.07596,-0.023924,-0.138292,0.291145,-0.245547,0.065409,-0.210562,0.535905,-0.328102,0.450747,0.204097,-0.34745,-0.192287,0.098556,-0.200442,0.162651,-0.082919,-0.552833,0.039473,-0.269507,-0.03653,-0.059307,0.211511,-0.229991,0.025733,0.196051,-0.071035,0.163986,0.393435,#
10,0.495468,0.065809,-0.191175,0.043613,0.236983,0.021405,0.194781,-0.237553,-0.009199,-0.185598,1.0,0.336781,0.015915,-0.027005,-0.144968,-0.095133,0.098677,-0.221603,0.175742,-0.021588,0.11918,-0.105839,-0.047575,0.080587,0.005747,0.232544,0.036437,0.124358,0.095295,-0.118508,-0.033881,0.172282,0.171906,-0.186124,0.016294,0.113726,-0.124024,0.135762,0.022191,0.157126,-0.119167,-0.134031,-0.063232,0.071575,0.077462,0.382329,-0.046837,0.113243,-0.085253,-0.002471,0.085845,-0.039039,0.183019,0.003662,0.076321,-0.003171,-0.110585,0.322207,0.022588,-0.174832,-0.186044,-0.058759,-0.106995,0.09843,-0.271919,0.095764,0.165172,0.177551,-0.112427,-0.255724,0.150606,-0.088247,0.226217,-0.086524,-0.057764,-0.044774,-0.096146,-0.021677,-0.146026,-0.092957,-0.084687,0.120789,-0.007199,-0.004638,0.038147,-0.027264,-0.006589,0.081495,0.04116,-0.026167,-0.105696,0.107687,0.080897,-0.004669,0.038939,-0.140409,0.232745,-0.268214,-0.07153,0.049756,0.195293,-0.062959,-0.010418,-0.078197,0.145884,-0.10722,-0.007166,0.164926,-0.092322,0.178673,-0.369722,0.070778,-0.146521,-0.10369,-0.091237,0.145365,-0.260827,0.075494,-0.14359,-0.013931,-0.203453,0.340174,-0.000767,-0.041512,-0.050826,-0.010341,-0.268333,0.054817,-0.12894,-0.189241,-0.121869,-0.279313,0.081504,-0.232786,0.00503,0.12865,0.118997,-0.12126,-0.01932,-0.065828,-0.077746,0.219787,0.130784,0.126594,0.031072,-0.282707,-0.079542,-0.017359,-0.066229,-0.225391,0.386536,-0.1857,-0.216908,0.041937,-0.022472,-0.013338,-0.29143,-0.114547,-0.166824,0.129546,-0.062965,-0.202093,0.001374,-0.137769,0.024348,-0.131092,0.133931,-0.12829,-0.180559,0.025411,0.275569,-0.134835,0.208413,0.094944,-0.064366,0.179649,-0.110077,0.007992,-0.058302,-0.015907,-0.147512,0.034885,-0.089597,-0.022599,0.120335,-0.014164,0.004461,0.142713,0.314116,0.286697,0.047866,0.187255,0.177471,-0.176051,0.017314,-0.193595,-0.109169,-0.179583,-0.212353,-0.503746,#
11,0.161268,-0.009715,-0.217403,0.052024,-0.005517,0.092699,0.087159,-0.2053,0.161954,-0.148645,0.336781,1.0,-0.066008,0.056014,-0.048972,-0.149469,-0.141813,-0.1569,-0.040026,-0.163119,0.063602,-0.214246,-0.065647,0.181238,0.029559,-0.004834,0.148051,0.222696,0.07026,0.031744,3e-06,0.065035,0.051067,-0.038227,0.160714,-0.12569,0.025061,-0.110022,0.254365,-0.040503,-0.015155,0.136675,-0.103386,-0.090485,-0.065621,0.386226,-0.143752,0.079642,-0.00204,-0.052438,-0.342184,0.214704,0.034827,0.100778,0.08773,-0.049313,-0.152748,0.296824,-0.296974,-0.143442,-0.216365,-0.11954,-0.084356,0.098216,-0.00691,0.179712,-0.053488,0.228743,0.257604,-0.215281,-0.093832,-0.212859,0.081469,0.157169,0.180729,-0.043436,-0.080106,0.136327,-0.307831,-0.0849,-0.247319,-0.187349,0.1682,-0.027183,-0.02124,-0.179671,-0.094797,-0.199134,0.148304,-0.101301,-0.072878,-0.17461,0.00874,-0.052741,0.013215,-0.040946,0.173086,-0.03702,-0.035123,0.086097,0.155961,-0.110255,-0.02712,0.067428,-0.024609,-0.077994,-0.010418,0.023011,-0.134486,0.152181,-0.030906,-0.069508,0.004086,-0.067603,-0.110372,-0.016556,-0.022297,0.142094,0.056895,0.114665,-0.06374,0.174805,0.07751,0.137226,-0.03892,-0.049676,-0.182935,-0.147513,-0.210688,0.009945,-0.138339,-0.096914,-0.176163,0.029091,-0.186123,0.225988,-0.144844,-0.248902,0.1172,-0.321467,0.046669,0.124923,0.157531,-0.051525,0.260719,-0.352295,0.054855,-0.073598,-0.174289,-0.14333,0.18486,0.049626,-0.152792,0.183572,0.016054,0.107893,-0.051892,-0.016448,-0.016886,-0.112238,-0.170654,-0.101404,-0.016703,0.027159,-0.355696,-0.048366,-0.003614,0.010747,-0.038538,-0.015877,0.334957,0.014348,0.149536,0.046629,0.042297,0.080266,0.041319,0.291414,0.011627,0.179876,-0.061005,-0.120359,-0.142556,-0.095151,0.190135,0.146369,-0.071654,-0.084918,0.157377,0.118789,-0.089382,0.332886,0.054505,-0.030088,-0.121644,-0.019126,-0.112622,-0.152282,0.04876,-0.309953,#
12,0.194138,0.078848,0.126882,-0.217983,-0.046519,-0.035457,0.113663,0.207621,-0.03505,0.234533,0.015915,-0.066008,1.0,0.402318,-0.054432,0.188102,-0.041292,0.30593,0.149628,0.051791,-0.011303,0.080369,0.243233,0.136008,-0.034862,-0.242369,0.095794,-0.004792,0.204203,0.19168,-0.017194,-0.024042,-0.042274,0.14334,-0.057991,0.137323,0.207817,-0.000324,-0.087181,0.114245,-0.038903,0.054176,0.108127,-0.185753,-0.196601,-0.246803,0.373562,0.256874,0.092401,0.09491,-0.021375,-0.180581,0.189934,-0.138112,-0.110387,-0.081331,0.110737,-0.30103,-0.009745,0.069495,0.353538,-0.294953,-0.20081,0.049321,0.159552,0.003711,-0.041085,-0.054056,0.056357,0.027281,-0.03421,0.121885,-0.296167,-0.15137,-0.164579,0.002035,-0.312042,-0.172399,-0.184345,0.007545,-0.13531,-0.244633,-0.27115,-0.13941,-0.172396,-0.04831,-0.047398,0.00942,-0.093426,0.060684,-0.219824,-0.020662,-0.210572,-0.196038,-0.193166,-0.047721,-0.234901,-0.100861,-0.008743,-0.36846,-0.129829,-0.243667,-0.167226,0.070607,-0.063007,0.007404,-0.202638,-0.174381,-0.001745,-0.117365,0.144799,-0.109908,-0.074939,-0.037588,0.136727,-0.133607,-0.115326,-0.07534,0.172172,-0.191845,-0.066486,-0.16032,-0.242424,-0.076607,-0.273254,0.016657,0.146461,0.086388,-0.167223,-0.310767,-0.011989,0.057286,-0.215393,0.160874,-0.020172,0.024579,0.048164,-0.144367,0.0931,-0.200275,-0.439487,0.02183,-0.159305,-0.212881,-0.252881,0.055777,-0.257903,0.380348,-0.211747,-0.098394,-0.304072,-0.029087,-0.001486,-0.246216,0.017917,-0.259602,0.222336,0.136431,-0.158473,-0.172763,0.039296,0.037864,-0.073577,0.121771,0.382904,0.055877,0.012735,0.162125,-0.115806,-0.041414,-0.121627,-0.150858,-0.30368,-0.118781,0.074448,-0.12382,-0.239504,0.107232,0.15248,-0.213742,0.13857,0.030477,0.156126,-0.061075,0.2519,-0.096767,0.133362,0.145175,-0.172096,0.34453,-0.225852,-0.124752,0.032868,0.24542,0.051832,0.00541,0.170115,0.070025,0.097171,0.211454,#
13,0.193148,0.220999,-0.010493,-0.391613,-0.225566,-0.151051,0.06956,-0.182504,0.178752,0.511482,-0.027005,0.056014,0.402318,1.0,0.015155,0.057033,-0.345777,-0.023192,0.307354,0.314407,0.102489,0.187011,0.247305,-0.038215,-0.064798,-0.13553,0.188815,0.261503,0.251755,0.083457,0.166878,0.157552,-0.036925,0.035258,-0.11418,-0.232455,0.142957,0.153183,0.057901,-0.34639,0.143315,0.189489,0.030162,-0.210854,-0.132788,-0.436127,0.091042,0.333622,-0.198101,-0.054364,-0.049105,-0.199893,0.173305,-0.245706,-0.220407,0.014017,-0.05283,-0.120334,-0.184424,-0.066444,0.428836,-0.011631,-0.314537,-0.024587,0.212225,0.120155,-0.060948,-0.176804,-0.060104,0.017649,-0.111194,0.123602,-0.056721,-0.237747,-0.192523,0.062969,-0.166917,-0.071372,-0.101074,0.222449,0.044969,-0.279706,-0.182752,-0.074292,-0.2199,0.261291,-0.203592,-0.112522,-0.122499,-0.024084,-0.24604,-0.033658,-0.156025,-0.217853,-0.190646,-0.027502,-0.341942,-0.084808,0.269463,-0.20298,-0.357982,-0.199602,-0.21191,-0.251819,-0.110231,-0.086358,0.068866,-0.380933,0.001766,-0.170941,0.294438,0.128416,-0.351121,0.043603,0.251133,-0.185872,-0.196992,-0.215523,0.303217,-0.172665,-0.069876,0.019666,0.007796,-0.165366,-0.368547,0.162048,0.052678,-0.030172,-0.227319,-0.344371,0.009294,-0.225834,-0.455114,-0.081565,-0.036516,-0.110581,0.105024,-0.126494,0.179042,-0.336519,-0.026916,0.058499,-0.047001,-0.285419,-0.259856,0.039359,-0.236029,0.206104,-0.236154,0.061349,-0.252568,0.328673,0.064619,-0.369998,-0.155292,-0.243366,0.534462,0.146082,-0.043133,-0.31167,-0.01067,-0.110253,0.124554,-0.159169,0.149896,0.519562,0.072001,0.015936,-0.147928,-0.078527,-0.257038,-0.025431,-0.14663,-0.142714,0.015143,-0.218399,-0.041623,0.034834,0.3338,-0.317466,0.24632,-0.274735,-0.069446,0.04302,-0.025398,-0.133778,-0.05745,0.113592,-0.389621,0.091675,-0.172979,0.034734,-0.121573,0.175755,0.099919,-0.141673,0.022365,-0.177039,0.199825,0.23922,#
14,0.110569,-0.113459,-0.17131,0.082437,-0.045207,0.142146,-0.037043,0.10752,-0.074417,0.003997,-0.144968,-0.048972,-0.054432,0.015155,1.0,-0.182631,0.002511,-0.08748,0.070268,0.104354,0.090467,-0.020693,0.19877,0.168213,-0.128453,0.123792,0.171554,-0.002784,0.077657,-0.11015,-0.086903,0.185208,0.201845,-0.025286,-0.078565,-0.310677,-0.045464,0.063252,-0.107709,-0.120278,-0.072905,0.15023,-0.031948,0.205062,0.179337,-0.206031,0.146695,0.109362,0.042603,-0.078571,0.135619,-0.09773,0.152556,-0.202661,-0.064255,0.216431,0.021736,-0.027008,-0.040169,0.052312,0.116578,0.198188,-0.105926,0.035645,-0.157186,-0.165795,0.059212,-0.218956,-0.039916,-0.093579,-0.097028,-0.009519,0.050028,0.130142,-0.073012,-0.072731,-0.18271,0.170824,-0.297289,0.373494,0.073283,-0.197401,-0.075516,-0.021321,0.054109,0.165921,0.206247,-0.006602,0.156484,-0.097462,-0.142968,-0.019616,0.194346,-0.18421,-0.123953,0.012702,-0.181823,-0.104181,-0.074179,-0.056614,0.01241,0.246955,-0.147775,-0.43079,-0.112393,0.104141,-0.266597,-0.074353,0.132945,0.152047,-0.008593,0.078967,0.121487,0.106291,0.273399,0.020925,0.005745,-0.090194,0.037578,-0.320875,0.040708,-0.278565,0.173208,0.142146,-0.035065,-0.111648,-0.019228,0.064264,-0.148744,0.110455,-0.058895,-0.092146,-0.101724,-0.021612,0.004397,0.00307,-0.26946,-0.008439,0.195342,-0.034083,0.003951,-0.06506,-0.184266,0.174821,-0.1443,-0.05767,0.109329,0.06208,-0.199674,0.171137,-0.051869,-0.148449,0.003141,0.134675,-0.219186,0.158508,0.21649,0.056455,0.001107,0.404847,-0.032285,-0.002971,0.027229,-0.24967,0.111469,0.08914,0.029942,-0.008518,0.060681,-0.048936,-0.27398,-0.080115,-0.172663,0.182947,-0.03388,-0.279193,0.042461,-0.09506,0.173206,-0.013777,-0.052199,0.187554,0.186172,-0.021961,0.089133,-0.188368,0.192581,-0.033958,0.089345,-0.111923,-0.11234,0.037349,0.05849,0.102977,-0.181265,0.205012,-0.144809,-0.10629,-0.09442,-0.090203,#
15,-0.053302,0.102139,0.089438,-0.177796,-0.088272,-0.107052,0.09011,0.036147,-0.037602,0.015461,-0.095133,-0.149469,0.188102,0.057033,-0.182631,1.0,0.252964,0.229023,-0.212252,0.126754,-0.33664,0.163147,0.102671,-0.122022,0.105556,-0.035901,-0.216471,0.143627,0.114747,-0.056226,0.0023,-0.19848,-0.027344,0.09518,0.037418,0.08409,0.101395,0.063344,0.090132,0.013137,-0.023736,-0.115982,0.166388,0.102579,-0.177678,-0.04342,0.160405,0.025294,0.074326,0.305514,0.139949,-0.210149,-0.070162,-0.084977,0.167904,0.028995,0.234815,-0.240915,0.049214,0.099469,-0.003931,0.194247,0.204529,0.08719,-0.051958,-0.12696,-0.042462,-0.061586,-0.352903,-0.119117,0.114857,0.23653,0.092265,0.016654,0.027742,0.245067,-0.048701,-0.195254,0.230618,-0.049793,-0.013827,0.005872,-0.227048,0.16135,0.067176,-0.217938,0.062569,-0.295061,-0.121625,0.255575,-0.102623,0.099609,-0.14811,0.048353,-0.216545,-0.118226,0.089865,0.048061,0.030056,0.132466,-0.094523,0.033934,-0.216886,0.320768,-0.014589,0.077954,0.128035,0.027727,0.108948,-0.203606,0.010363,-0.113694,0.118228,0.164671,-0.190552,-0.086722,0.169519,-0.229192,-0.08229,-0.015836,-0.043627,0.158893,-0.278761,-0.060429,0.026584,-0.126528,-0.046053,0.267624,0.055673,-0.08715,-0.10171,-0.094195,-0.099038,0.200084,0.11211,-0.023937,-0.061995,-0.255576,-0.227251,0.104222,0.037279,0.042664,-0.245387,-0.294339,-0.067853,0.17272,-0.049529,0.259522,-0.084025,-0.066925,-0.143122,0.024496,0.07405,0.0002,-0.010181,0.086322,0.02702,0.22688,0.103475,-0.072141,0.058617,-0.111466,0.182141,-0.026877,0.189888,0.011176,-0.170621,0.228661,-0.103438,-0.015679,-0.003498,0.112764,0.134999,-0.072538,-0.088346,0.097885,-0.031287,0.276822,-0.095734,-0.18463,0.137624,-0.121502,0.134413,0.166236,-0.088104,0.092539,0.13874,-0.032254,-0.053774,-0.06018,-0.001883,-0.121007,-0.097438,0.179192,0.060419,0.098219,0.029946,0.157315,0.415052,0.302219,#
16,-0.047192,0.217121,-0.037415,0.100873,0.17786,0.145976,0.181407,0.18702,-0.227489,-0.328956,0.098677,-0.141813,-0.041292,-0.345777,0.002511,0.252964,1.0,-0.042028,0.001261,-0.057137,-0.15526,0.044732,-0.160218,-0.015486,-0.196413,0.145919,-0.09024,0.033496,0.023971,-0.040142,-0.221244,0.017765,0.079938,0.092907,0.167812,0.085684,-0.161535,-0.092815,-0.00549,0.208415,-0.214955,-0.253669,0.038119,0.206082,-0.06038,0.230474,-0.028666,-0.348447,0.002183,0.313312,0.148083,-0.126819,-0.207264,0.100251,0.174644,0.035349,0.211108,-0.041336,0.161454,-0.120345,-0.192726,0.01656,0.177576,-0.195963,-0.162286,-0.122814,0.162273,-0.063836,-0.309171,-0.137642,0.156744,-0.138678,0.095006,0.01522,-0.067665,0.003788,0.036024,-0.303444,0.058754,-0.143462,-0.109852,0.172465,0.10274,-0.024039,-0.019438,-0.222668,0.224478,-0.033708,-0.041867,0.244972,-0.098931,0.016503,-0.062146,-0.063478,0.052431,-0.046923,0.383857,-0.265486,-0.185245,0.108898,0.117904,0.288408,0.030277,0.150691,-0.222559,-0.103636,-0.05509,0.107272,-0.075486,-0.115265,-0.189044,0.002912,0.20973,0.242991,-0.382081,-0.090651,0.083212,-0.063493,-0.096369,-0.134167,-0.145108,0.025019,-0.372008,0.083826,0.136053,-0.294355,-0.314186,0.073507,-0.053128,0.073006,-0.023501,-0.099877,0.242571,-0.038492,0.007529,0.06089,0.297217,-0.1502,-0.1517,0.006512,0.023809,-0.049989,0.027332,0.285436,-0.084438,0.068948,-0.051196,0.117934,0.089334,-0.189747,0.206249,-0.09484,0.240369,0.015138,-0.025956,-0.028339,-0.345006,0.029037,-0.003212,0.298193,-0.097483,0.062654,0.051904,-0.216886,-0.109945,-0.166021,0.024825,0.065007,-0.120724,0.087651,0.204162,0.001249,0.034375,0.006411,-0.064513,0.079689,-0.133774,0.29864,-0.163266,-0.06086,-0.019815,0.057446,0.451477,0.189357,0.02248,-0.144658,0.119191,0.054271,0.203799,0.051657,-0.024023,0.187951,-0.062869,-0.016898,-0.014679,0.092559,0.045618,0.030634,-0.14273,-0.157564,#
17,-0.382868,-0.031317,0.347707,0.053606,-0.162986,-0.01751,0.16719,0.04892,0.145737,0.227767,-0.221603,-0.1569,0.30593,-0.023192,-0.08748,0.229023,-0.042028,1.0,-0.319997,0.168298,-0.250919,-0.303064,0.185338,-0.108258,0.079934,0.031226,-0.003495,-0.13588,0.08633,0.017246,-0.005454,-0.304206,-0.16468,0.052415,-0.0619,0.2372,0.059184,0.036694,0.074515,-0.021652,0.053716,-0.062374,0.016054,0.033786,-0.04699,-0.152993,-0.043745,0.033349,0.282923,0.065369,0.063357,-0.107893,0.231562,0.07633,0.193023,0.087661,0.161185,-0.38053,0.01359,0.074507,0.120083,0.082877,0.060246,-0.074209,0.174252,0.030037,0.053162,0.117343,0.037973,-0.015567,-0.134992,-0.081015,-0.324344,-0.028039,-0.150228,-0.027485,-0.036196,-0.176398,-0.048721,0.155188,-0.200262,-0.066921,-0.204166,0.452725,-0.274388,-0.019729,-0.15514,-0.175201,-0.27861,-0.122988,0.002027,-0.098918,-0.382191,0.052688,-0.210678,0.022771,-0.189045,0.114445,-0.011086,-0.009326,-0.411385,-0.208401,-0.118357,0.206892,0.027935,-0.071517,0.132229,-0.148915,0.198319,0.082848,0.098725,-0.239036,0.025614,-0.047495,-0.008543,-0.182073,0.042239,-0.136578,0.064548,-0.035164,-0.10144,-0.027339,-0.157037,-0.325455,-0.154236,-0.049234,0.20593,0.152932,-0.106628,-0.070279,0.149859,0.160795,-0.259829,-0.017262,-0.071413,-0.14348,0.046632,0.066971,-0.350676,-0.047974,-0.185167,-0.0185,-0.129859,-0.295394,-0.046426,0.045863,-0.101191,0.42368,0.054778,-0.046813,-0.254704,-0.099501,0.144111,-0.215588,-0.040498,-0.048491,0.083606,0.284675,-0.010206,-0.069764,0.062005,0.042507,-0.155186,0.320071,0.166084,-0.02261,-0.117513,-0.072327,0.018124,0.011807,-0.159526,0.021783,-0.179977,-0.213464,-0.051187,-0.101141,-0.055163,0.041848,-0.00339,-0.113553,0.218342,0.026088,-0.027775,-0.16559,0.207769,-0.07259,0.184219,0.15985,-0.315073,0.010463,-0.015705,-0.316148,-0.23174,0.154274,-0.142417,-0.040144,0.167053,0.230269,0.077489,0.487043,#
18,0.396999,0.261333,-0.165243,-0.139853,0.170977,0.13696,0.22483,-0.027878,0.022914,0.026334,0.175742,-0.040026,0.149628,0.307354,0.070268,-0.212252,0.001261,-0.319997,1.0,-0.067614,0.104919,0.228866,0.239935,0.010327,-0.021961,0.058291,-0.09279,0.148436,0.319486,0.105819,-0.101168,0.234699,0.060167,-0.021073,0.013174,0.033372,0.018511,-0.003704,-0.099487,0.04582,0.110065,0.013798,0.027266,-0.172122,-0.03683,-0.075699,0.109113,0.06981,-0.216314,-0.015597,0.088698,-0.067843,0.061778,-0.074352,-0.089931,0.120856,-0.086008,0.010285,-0.000512,-0.050238,0.194577,-0.11936,-0.139939,0.056777,-0.142969,0.095405,-0.259882,-0.059609,-0.003975,0.020367,-0.165391,0.236526,0.075821,-0.323081,-0.278682,0.032043,0.048159,-0.128694,-0.181662,0.071494,0.189025,-0.130614,0.071778,-0.445794,0.057717,0.089806,-0.116586,0.034365,-0.087971,-0.252387,-0.210185,-0.032148,0.107912,-0.376483,0.2628,-0.28115,-0.174115,-0.144345,-0.152864,-0.100235,0.220809,0.158485,-0.045718,-0.331433,-0.071726,-0.224106,-0.283978,-0.109709,-0.337403,-0.150279,-0.036762,0.189332,-0.338855,-0.136688,0.170782,0.003678,-0.018889,0.071844,0.194109,-0.112949,0.021985,-0.002577,0.056982,0.003589,-0.278326,0.005774,0.05773,-0.064926,-0.074013,-0.054167,-0.167782,-0.375125,0.08362,0.008264,-0.036953,0.102187,-0.006821,0.131109,0.38465,-0.177248,-0.189053,-0.003456,0.018722,-0.082283,-0.076477,0.043313,-0.165288,0.077046,-0.326714,-0.006673,0.099391,-0.054828,0.047995,-0.196633,0.055921,-0.18422,0.05016,-0.035339,-0.210415,0.027711,0.106745,0.095504,0.120506,-0.290385,-0.035468,0.258939,0.340905,0.22262,-0.259489,-0.085004,0.024811,-0.015348,-0.002996,0.11952,0.043942,-0.149178,-0.259598,0.202499,0.207392,-0.12711,0.053683,-0.141961,0.030316,0.372321,-0.068516,0.001535,0.159792,0.174303,0.098816,-0.015578,-0.316732,0.20501,0.078974,0.084239,0.188403,0.090257,-0.071933,-0.183498,-0.171601,-0.133249,#
19,-0.094399,-0.139958,0.146165,-0.139616,-0.023221,-0.195938,0.079221,-0.246409,0.2045,0.19273,-0.021588,-0.163119,0.051791,0.314407,0.104354,0.126754,-0.057137,0.168298,-0.067614,1.0,0.04241,-0.041681,0.158308,0.010268,-0.281014,-0.098244,0.164994,0.024636,0.297512,-0.2832,0.070284,0.192,0.21808,0.048157,-0.168297,-0.156262,0.070872,0.051262,-0.079489,0.103598,0.160346,-0.017239,-0.039671,-0.115844,-0.067628,-0.347993,-0.095622,0.28533,-0.071921,-0.054273,0.048809,-0.115977,0.092025,-0.007006,-0.092044,0.067804,0.04807,-0.20651,0.15352,0.001119,0.071142,-0.006918,0.027417,-0.131043,0.13129,-0.153519,0.091276,0.067897,-0.079227,0.217412,-0.041135,-0.019005,0.156383,-0.149286,-0.306072,-0.212595,0.069369,-0.028631,0.190893,0.330751,0.154938,0.218495,-0.055128,0.067282,-0.024836,0.538268,0.081746,-0.273413,0.074503,-0.111384,-0.096943,0.233466,-0.079034,-0.017129,0.110473,0.194021,0.023863,-0.049082,0.074527,0.106684,-0.315748,0.132481,0.052986,-0.162136,0.286457,0.163912,0.169772,-0.023711,0.324162,-0.075784,0.129055,-0.204956,0.101011,0.157004,0.226463,0.010742,-0.01167,-0.033197,0.150104,-0.143895,-0.059998,0.033169,0.054432,-0.202611,-0.074884,0.255979,0.249375,0.096939,0.212388,0.189955,0.413844,-0.101222,-0.097454,-0.054676,0.260192,-0.015626,0.078253,0.130755,-0.025782,0.261018,0.217931,0.19698,0.00262,-0.038156,-0.133692,0.075053,0.065375,-0.058072,0.011058,0.181146,-0.137178,0.157422,0.362806,-0.189336,-0.048573,0.144305,0.304864,-0.005073,0.014245,-0.101931,0.302853,0.064529,0.226101,-0.103793,-0.012278,0.080195,0.273204,-0.127521,0.05921,0.174171,-0.362159,-0.021415,-0.256886,-0.032684,-0.296905,0.07855,0.360622,-0.142816,0.196587,-0.078422,-0.069337,-0.010833,-0.102743,-0.101057,-0.316605,-0.260527,0.24659,0.207224,-0.193733,-0.061173,0.184715,-0.220937,-0.360234,0.058475,0.222156,-0.142312,-0.34469,-0.110821,0.376972,0.228448,#
20,0.002183,0.156023,-0.179153,0.19331,-0.085154,-0.110125,-0.207186,0.193235,-0.180327,-0.137674,0.11918,0.063602,-0.011303,0.102489,0.090467,-0.33664,-0.15526,-0.250919,0.104919,0.04241,1.0,0.083165,0.025388,-0.102233,-0.175467,-0.217939,0.18479,0.060295,-0.353425,-0.145945,0.127889,0.128345,0.3951,0.063802,-0.277215,-0.409362,-0.076253,-0.175029,0.065281,-0.077791,0.164513,0.180239,-0.344515,-0.012572,0.146783,-0.001373,0.097804,0.105159,-0.057214,-0.126233,-0.210543,0.34364,0.03147,0.090577,-0.040911,0.129897,0.117722,0.141411,-0.378934,0.099849,-0.135077,-0.112231,0.017437,0.031369,0.20247,0.110512,-0.097689,0.026241,0.176021,0.173501,-0.118804,-0.176335,0.003639,0.27329,-0.177269,-0.201932,0.01599,0.257853,0.085589,0.082548,0.125481,0.059889,0.212469,0.040499,0.248194,0.11953,0.135688,0.25019,0.423396,-0.067097,0.193509,0.260069,0.247585,0.148306,0.311471,0.286572,0.034696,-0.135582,0.144118,0.021738,0.048901,0.106696,0.320951,0.064259,0.175809,0.201864,0.088961,0.108756,-0.095341,-0.072946,0.051008,-0.059592,-0.108956,0.204163,0.196604,0.135886,0.063491,-0.020957,-0.022472,0.157223,0.201111,-0.116656,0.227893,0.120951,0.080835,-0.017687,0.12639,-0.364619,0.094229,0.044867,0.112348,0.089724,0.039709,-0.16053,0.177237,0.355101,0.003929,0.343113,0.191412,0.045401,0.088656,0.333115,0.1381,0.111882,0.011674,-0.089376,0.153923,-0.299873,0.207381,0.333729,0.231045,0.1501,0.155231,0.213489,0.095859,0.003181,0.077578,-0.313562,0.003591,0.216385,0.110386,0.113952,0.023073,-0.062239,-0.037176,-0.111877,0.363425,0.049156,0.063489,-0.091446,-0.034474,0.04744,-0.196816,-0.021686,0.00572,0.047824,0.144656,-0.24196,0.068064,0.227647,-0.330254,-0.183371,0.080623,0.006992,-0.095471,0.094896,-0.064769,-0.083305,-0.095595,0.147018,0.19294,-0.147325,-0.189787,-0.039459,0.088428,-0.250603,-0.156965,-0.433291,-0.131618,-0.083504,#
