0,1.0,0.32756,0.044346,-0.173545,0.392073,-0.094405,0.153863,0.049282,0.303359,0.10452,-0.136599,0.187145,0.308058,0.169241,-0.023321,-0.124698,0.136875,0.214825,0.199519,-0.288542,-0.243492,-0.086303,0.262128,-0.077256,-0.215006,-0.278026,-0.117645,-0.076607,0.22073,0.244173,-0.299297,-0.080532,0.021277,-0.103005,-0.141456,0.070188,0.015218,-0.07884,-0.017882,0.070744,0.188637,-0.060149,-0.102868,0.041731,-0.174909,-0.267644,0.226268,0.131105,-0.044289,0.142587,0.126303,-0.157588,0.053122,0.021104,0.041844,-0.139467,-0.213331,0.008598,-0.093771,0.1234,0.151535,0.043388,-0.139463,-0.089563,0.166779,0.347348,0.045694,0.152551,0.159148,-0.175061,-0.039776,-0.196401,-0.14902,-0.248158,-0.23751,0.31434,-0.214926,-0.275851,-0.168404,-0.127505,-0.343506,-0.200032,-0.249419,0.160894,-0.235233,-0.172341,-0.283524,-0.210383,0.005124,-0.25725,-0.32658,-0.283607,-0.340687,0.098294,-0.21641,-0.339785,-0.192431,-0.238102,-0.09148,-0.330122,0.158075,-0.376172,-0.223434,-0.16206,-0.353977,-0.01325,-0.156609,-0.048429,-0.426253,0.112548,0.17235,-0.021235,-0.140294,-0.230606,-0.456191,-0.269549,-0.268436,-0.302941,0.106736,-0.412264,-0.293381,-0.377649,-0.309808,-0.224585,-0.196511,-0.169847,-0.361128,-0.067785,-0.113515,-0.418745,-0.273077,-0.129112,-0.046205,0.105812,-0.191475,-0.38554,0.282561,-0.398241,-0.232706,-0.316541,-0.134678,-0.130451,-0.409325,0.023259,-0.218548,-0.252461,-0.386108,0.385203,-0.315618,-0.205351,-0.296883,-0.373197,-0.224125,-0.201559,-0.396688,-0.266272,0.269798,0.401323,-0.330095,-0.145605,-0.214339,-0.061392,-0.385852,-0.15164,-0.053527,-0.032227,-0.114817,-0.155534,-0.169952,-0.167364,0.108885,0.221743,-0.137232,-0.285159,0.224524,-0.151511,-0.199975,0.214967,0.30612,-0.487462,0.094126,0.128792,-0.0536,-0.047907,0.441475,-0.075199,0.172253,0.205239,-0.199544,0.542113,-0.111709,0.050078,0.4252,0.377035,-0.152445,0.297672,0.298601,-0.426138,-0.456671,0.192,#
1,0.32756,1.0,0.061009,0.006101,0.247187,-0.168845,0.125398,0.111959,0.113655,0.280117,-0.307928,-0.029578,0.259876,0.210316,0.213458,-0.194761,-0.036065,0.373589,0.287828,-0.200145,0.108777,0.039363,0.126824,0.078768,-0.232665,-0.048461,0.147198,0.124109,0.233462,0.333285,-0.457469,0.122777,0.099785,0.000392,-0.134564,-0.065716,0.090381,-0.169057,-0.001894,-0.10864,0.001641,0.157008,0.069848,0.115068,-0.258476,-0.310308,0.274116,0.208244,0.019254,0.27676,0.138071,-0.25096,0.055821,0.049689,0.200313,-0.173774,-0.368686,0.010107,-0.18552,0.025995,-0.054974,0.308134,-0.393702,0.230436,0.031466,0.153014,0.075872,0.205657,0.092401,-0.18091,-0.112915,-0.204493,-0.053973,-0.176849,-0.232565,0.232406,-0.262746,-0.24661,-0.245154,-0.4461,-0.224743,-0.351963,-0.379916,0.108716,-0.41795,-0.13337,-0.183864,-0.01658,-0.1217,-0.055715,-0.04187,-0.18757,-0.362489,0.162415,-0.362757,-0.087475,0.080977,-0.21263,-0.002979,-0.221795,0.023901,-0.368794,-0.578987,-0.098215,-0.574682,-0.277334,-0.309712,-0.241912,-0.392925,-0.093606,0.162765,0.239127,-0.057168,-0.316525,-0.188639,-0.100304,-0.297625,-0.356824,0.148358,-0.253732,-0.304213,-0.022484,-0.378736,-0.351982,0.101481,-0.230036,-0.337767,-0.180071,-0.200489,-0.159048,-0.276456,-0.229896,-0.135046,0.113773,-0.181867,-0.144357,0.083376,-0.185893,-0.074998,-0.274669,-0.231626,0.155477,-0.312631,0.018593,-0.136141,-0.362266,-0.128111,0.363972,-0.344555,-0.233005,-0.251381,-0.208803,-0.091447,-0.013464,-0.234965,-0.078849,0.295218,0.359326,-0.353795,-0.013119,-0.204289,-0.041026,-0.047497,-0.021742,-0.055555,0.3406,-0.116454,-0.049999,-0.229892,0.134037,-0.118092,0.142238,-0.129128,-0.286256,0.356845,0.00288,-0.220322,0.078864,0.227539,-0.391435,0.094001,0.029465,-0.041591,-0.069488,0.221845,-0.13982,0.116321,-0.048593,-0.230035,0.415388,-0.112376,0.362288,0.190174,0.256267,-0.109619,0.040557,0.187579,-0.442792,-0.258042,0.093179,#
2,0.044346,0.061009,1.0,0.235864,0.173993,-0.376184,-0.103037,-0.219728,-0.162315,0.181159,-0.06028,0.144813,-0.070319,-0.097204,-0.305543,-0.168995,-0.020404,-0.06733,-0.122213,-0.1365,-0.074434,-0.245019,0.169409,-0.002793,-0.139056,-0.117464,0.180136,-0.409211,-0.175875,0.20955,-0.149641,0.087835,-0.176712,0.016087,-0.069806,-0.060927,0.036801,0.012197,-0.003179,-0.162566,-0.026609,-0.001402,-0.017434,-0.004492,0.155189,-0.3197,0.010871,0.245608,-0.180984,0.117339,-0.211858,0.100647,0.101105,0.226719,-0.041079,-0.203129,-0.311287,0.006677,-0.118692,-0.070375,-0.055088,-0.101314,-0.265423,-0.225977,-0.069268,-0.04878,-0.28098,-0.025364,-0.004561,0.168434,0.089405,0.06657,0.010513,0.094648,-0.100843,0.175598,-0.170674,-0.100796,-0.176382,0.137884,0.028443,0.003088,-0.022742,0.325013,0.009792,-0.185982,0.014705,0.107997,-0.108101,-0.137375,-0.080077,-0.255823,0.069243,-0.091884,-0.306974,0.147049,0.159165,0.093568,0.08384,-0.009494,-0.014247,-0.034236,0.00142,-0.030344,-0.183042,-0.213249,0.082322,0.070818,-0.068118,0.315364,0.206918,0.105351,0.037504,-0.010731,0.200926,-0.052141,-0.083612,-0.276775,0.022944,-0.019815,-0.22762,-0.122564,0.057787,-0.044819,-0.199105,-0.048359,-0.351056,-0.096834,0.154113,0.13299,0.296303,-0.109041,-0.17583,0.000505,0.02428,0.027134,0.25834,0.14859,0.056464,-0.079608,0.155227,0.298038,0.075981,-0.321907,-0.167933,0.192962,0.02891,0.071161,-0.235125,0.056874,-0.404353,0.066565,0.234008,-0.139074,-0.17699,-0.129078,-0.024462,0.120761,0.117029,-0.081019,0.046582,-0.047961,0.295462,-0.028765,0.011652,-0.097491,-0.251272,-0.232601,0.135744,-0.025568,0.105517,-0.026909,0.070109,-0.014755,0.035136,-0.003489,-0.162121,-0.122427,-0.143819,0.040269,0.10181,-0.277284,-0.047339,0.01483,-0.170391,0.133064,-0.236218,-0.274411,-0.019256,0.067164,0.178914,0.066833,-0.035461,0.126002,0.094553,-0.22125,0.094295,0.117711,0.164659,-0.166164,#
3,-0.173545,0.006101,0.235864,1.0,0.066557,-0.233887,-0.339173,-0.301828,-0.31876,0.061608,0.210162,-0.264484,-0.135335,-0.207706,-0.225185,-0.231885,0.087618,0.017832,0.038791,-0.042917,0.124815,-0.339409,-0.118923,-0.024913,0.11594,0.073012,-0.029869,-0.001092,-0.114838,-0.06662,0.403901,0.00373,-0.230302,-0.023274,-0.102933,-0.426767,-0.050179,0.094688,0.089917,0.187782,0.077839,-0.156478,0.136054,-0.012571,-0.02979,0.069381,-0.210927,-0.230431,0.224695,-0.167323,-0.231965,0.302524,0.001921,0.119046,0.036028,0.068803,-0.043813,0.043942,0.060973,-0.070021,-0.217011,0.154562,-0.146628,-0.193205,-0.229869,-0.293938,0.048255,-0.151274,-0.27117,0.365334,-0.01871,0.226305,0.222298,0.283842,0.21681,-0.125748,0.017561,-0.028519,0.267537,0.254605,0.053303,0.214267,0.20051,0.109606,0.167364,-0.133432,0.040473,0.258859,0.006429,0.231916,0.148011,0.099563,0.162443,-0.118742,0.263085,0.17427,0.093285,0.178885,0.194455,0.207903,0.026568,-0.192115,0.324919,-0.044774,0.045975,0.058055,0.103416,0.249048,0.21386,0.19149,-0.032414,-0.029688,0.150227,0.009463,0.057787,0.097648,0.36869,0.051224,0.089089,0.058041,0.126683,0.165186,0.153017,-0.018796,0.006927,0.104028,-0.178713,-0.088461,0.274033,0.156562,0.429983,0.052564,-0.072057,-0.012941,0.152579,0.32973,-0.004646,0.319008,-0.035711,0.204083,0.176164,0.278886,0.279606,-0.241183,0.031786,0.147663,0.178418,-0.134709,0.007672,0.299251,0.025514,0.340091,0.149083,0.145346,0.316134,-0.006911,-0.192882,-0.232893,0.223427,0.086966,-0.230268,0.111209,0.062204,-0.14396,-0.163546,-0.072676,-0.008271,-0.161768,0.032782,0.138654,-0.094589,-0.214686,-0.002956,0.096089,-0.140479,0.062035,0.108808,0.016977,-0.231776,0.339237,-0.427503,-0.058766,-0.103028,-0.254853,-0.046875,-0.266653,-0.069863,-0.040098,0.134418,-0.255936,0.107336,-0.132939,-0.188316,0.024691,-0.049062,-0.236484,-0.28798,0.084914,-0.198523,-0.039487,#
4,0.392073,0.247187,0.173993,0.066557,1.0,-0.121664,0.246357,-0.10928,0.145039,0.248863,0.007378,0.07043,0.268723,0.03398,0.147274,-0.282632,0.243425,0.069415,-0.04154,-0.19504,-0.162438,0.055039,0.149302,-0.057129,-0.351018,-0.156361,-0.002408,-0.175809,0.150502,0.143678,-0.19772,-0.075642,-0.132396,-0.011691,-0.38033,0.10309,0.061781,-0.227338,0.087147,0.11858,0.080104,-0.062074,-0.125705,0.022208,-0.217315,-0.201913,0.168522,0.159662,-0.043234,0.124815,0.117916,-0.34075,0.163544,-0.039215,0.095243,-0.414605,-0.467464,0.120668,-0.296598,-0.237182,0.107487,0.055334,-0.114114,0.010388,0.134205,0.29874,0.081857,0.105126,0.104092,-0.164112,-0.219548,-0.355867,0.187014,-0.363414,-0.158877,0.314204,-0.219804,-0.523851,-0.199379,-0.297035,-0.357039,-0.280611,-0.371456,-0.153953,-0.279631,-0.424186,-0.334078,-0.343191,-0.192628,-0.185908,-0.19108,-0.194606,-0.295992,-0.026649,-0.343017,-0.242536,-0.141576,0.124752,-0.031255,-0.081071,0.14735,-0.167996,-0.106524,-0.103009,-0.380408,-0.392942,-0.261111,-0.178842,-0.191029,0.235802,0.113845,0.015646,-0.332257,-0.294648,-0.262761,-0.15055,-0.217869,-0.385186,-0.075573,-0.171517,-0.378742,-0.285309,-0.218348,-0.0931,-0.054806,-0.166245,-0.433644,-0.188361,-0.348866,-0.001803,-0.239507,-0.251924,-0.3852,-0.192436,-0.087474,-0.373312,0.295376,-0.309611,-0.210908,-0.270315,-0.188271,0.049133,-0.016014,-0.223529,-0.281123,-0.295928,-0.152942,0.357417,-0.405691,-0.168713,-0.263423,-0.216435,-0.217649,-0.304623,-0.282108,-0.218166,0.323086,0.402202,-0.258637,-0.365867,-0.030063,-0.141163,-0.151226,-0.193221,-0.123003,0.239702,-0.102066,-0.060116,-0.048741,-0.049973,0.110365,0.011644,-0.181802,-0.284431,0.108674,-0.213622,-0.382703,-0.047394,0.236489,-0.167904,0.183544,-0.037261,0.305622,0.170966,0.178615,0.001237,0.277558,-0.108403,-0.082795,0.267923,-0.018948,0.318794,0.169474,0.326583,0.21278,0.001699,0.167064,-0.345529,-0.478979,0.297294,#
5,-0.094405,-0.168845,-0.376184,-0.233887,-0.121664,1.0,0.180697,0.324094,0.13594,-0.125123,0.07001,-0.070101,-0.131742,0.334885,0.252494,0.078204,-0.005978,-0.093768,-0.11508,0.161709,-0.085519,0.301737,0.007268,-0.211429,0.218986,-0.130068,0.132622,0.256362,-0.014369,-0.173207,0.096022,0.272978,0.128182,-0.174231,-0.193273,-0.090793,-0.18482,0.065775,0.031682,-0.088661,-0.111742,0.157055,0.137207,0.17133,-0.066549,-0.026266,-0.011456,-0.065424,0.005,0.194795,0.181841,0.086168,0.242236,-0.224315,-0.08252,0.250532,0.219015,0.061277,0.117033,0.172424,0.204901,0.051085,0.0576,0.317355,0.070859,0.181413,-0.196496,0.098818,-0.071366,0.158207,0.030413,0.023585,0.095234,0.005462,-0.072341,0.062193,0.295833,0.159164,-0.085924,0.046857,0.095673,-0.021047,0.004032,-0.153146,0.099146,0.267754,-0.008237,-0.272638,0.18761,-0.22869,-0.047027,0.150459,-0.075835,0.027722,0.209859,0.034846,-0.022908,0.034564,-0.070393,-0.185475,-0.215316,0.113461,0.122145,-0.032407,0.241154,0.017084,0.144869,-0.242202,-0.065232,-0.368566,0.031783,0.145311,-0.134254,-0.174784,-0.166625,-0.115878,0.010905,0.122804,-0.093042,0.037952,0.062821,0.052874,0.123857,-0.074316,-0.222991,0.279617,0.144595,0.228483,-0.048648,-0.044652,-0.114692,-0.08632,-0.136798,-0.034231,-0.081423,-0.114853,-0.067906,-0.128555,-0.079573,-0.053959,-0.029611,-0.257204,-0.26697,-0.123757,0.034038,0.078736,-0.067754,-0.020317,0.435768,-0.102606,0.110724,0.013455,0.035357,0.278806,-0.042793,0.140847,0.091898,-0.006335,-0.145553,0.123374,-0.037887,-0.106498,0.032713,0.109745,0.139377,0.00343,0.394322,0.25248,-0.106727,0.005814,0.044135,-0.027389,0.079005,0.247666,0.004552,0.182052,0.15028,-0.016944,0.278541,0.019972,0.122981,0.170232,0.003806,-0.018927,-0.120739,-0.145771,0.09801,0.08312,-0.059725,0.048241,0.073485,-0.255065,0.012415,-0.286444,0.19852,0.07819,-0.05099,0.057654,0.123957,0.149422,#
6,0.153863,0.125398,-0.103037,-0.339173,0.246357,0.180697,1.0,0.188637,0.577479,-0.11432,0.110807,0.107227,0.317326,-0.000193,0.316918,-0.047707,-0.223209,-0.001229,0.002659,0.152456,0.013481,0.346584,0.159638,-0.262304,-0.083791,-0.084349,0.038817,-0.284426,0.14488,0.163836,-0.463049,-0.094767,0.123271,-0.137053,-0.081864,0.076732,0.071212,-0.187251,-0.080466,0.12593,0.114348,0.203955,-0.280869,-0.070183,-0.094964,-0.034386,0.156796,0.335774,0.156388,0.240647,0.286541,-0.176503,0.065315,-0.111906,0.055229,0.109387,0.080205,0.007992,0.064008,0.149612,0.074232,0.197755,-0.11684,0.193843,0.270239,0.206529,0.001084,-0.064425,0.1158,-0.208908,0.117343,-0.180512,0.083342,-0.204286,-0.41688,0.277973,-0.097588,-0.172818,-0.221439,-0.239265,-0.202827,-0.290758,-0.24733,-0.346149,-0.372725,0.041167,-0.122882,0.024551,-0.220257,-0.20465,-0.291422,-0.213088,-0.242731,0.125564,-0.381777,-0.057684,0.063652,-0.220274,-0.143623,-0.153644,-0.076525,-0.04635,-0.131797,0.032787,-0.165444,-0.108565,0.044582,-0.31481,-0.284029,-0.044943,0.208194,0.05613,-0.179411,-0.414955,-0.005288,-0.18592,-0.335109,-0.074709,0.048619,-0.344652,-0.170429,-0.300945,-0.066843,-0.400771,-0.122011,0.043002,-0.143099,0.131337,-0.256881,-0.129246,-0.339112,-0.303272,-0.289453,-0.101463,-0.158873,-0.171048,-0.004155,-0.172414,0.005146,-0.283163,-0.238133,-0.187716,-0.217138,-0.087806,-0.118868,-0.104382,-0.368681,0.545283,0.103091,-0.445926,-0.070529,-0.300722,-0.259386,-0.18798,-0.28784,-0.009956,0.250917,0.336782,0.004115,-0.334092,0.282634,-0.040893,-0.01972,-0.019159,0.128823,0.362346,0.093263,0.155223,-0.121704,-0.10281,-0.065422,0.024997,0.015825,-0.131349,0.162184,-0.218099,-0.099909,0.255246,0.490228,-0.219321,0.229945,0.521983,0.077318,-0.113484,0.2986,0.070002,0.052395,0.086881,-0.336828,0.31291,0.141134,0.117762,0.225963,0.009318,-0.092148,0.030009,0.396698,-0.060465,-0.088844,0.029434,#
7,0.049282,0.111959,-0.219728,-0.301828,-0.10928,0.324094,0.188637,1.0,0.098291,-0.249653,-0.245157,0.000835,-0.007812,0.281663,0.182944,-0.057024,-0.001625,0.02627,-0.107484,0.016259,0.131966,0.535042,0.024648,0.052903,-0.10951,0.127523,0.351748,0.227862,-0.173959,-0.127045,-0.131742,0.390942,0.229466,-0.055545,-0.098232,0.050698,-0.038973,-0.412978,0.162493,-0.061309,-0.117374,0.131905,0.169284,0.048506,-0.192701,0.063743,0.045383,0.139023,-0.250822,0.014268,0.191674,-0.059629,0.080165,-0.093019,-0.148862,0.15709,0.267756,-0.108123,0.208836,0.19192,0.060755,0.189704,-0.100435,0.36263,0.079294,0.22141,-0.167893,0.107157,0.126573,-0.287174,0.108293,0.147418,-0.200712,0.160022,-0.176534,0.017192,0.12216,0.054161,-0.378334,0.111259,0.088238,-0.039879,0.074677,-0.158812,0.079678,0.257606,0.135174,0.058642,0.103461,-0.164961,-0.092634,0.034566,0.002724,0.077399,-0.066824,0.044822,-0.020627,0.102328,-0.194285,-0.300321,-0.031899,-0.110125,-0.002899,0.032131,-0.11774,-0.113687,-0.033491,-0.317116,-0.077301,-0.385902,-0.047611,0.040281,-0.243577,-0.016456,0.067156,0.087823,-0.072602,0.091097,-0.159297,-0.010983,-0.063814,-0.146173,0.113806,-0.187808,0.020405,0.078447,0.051308,-0.193369,-0.024234,-0.037467,-0.306546,-0.078116,0.090049,-0.131038,0.151511,-0.010706,0.099434,-0.12197,0.067627,-0.197342,-0.259912,-0.212852,-0.136,0.070801,-0.001707,-0.050104,-0.147123,0.076277,-0.007177,0.066688,-0.063234,-0.053742,-0.043451,0.028495,0.192185,0.090735,0.119391,-0.106415,-0.173302,0.130699,0.143604,-0.077322,-0.062074,0.107055,0.288175,0.095247,0.136525,0.067014,-0.14164,0.113299,-0.107447,0.028146,-0.164054,-0.064715,0.028625,-0.008551,-0.00912,-0.073442,0.100925,-0.273624,-0.003908,0.037939,0.115235,-0.015924,-0.032167,-0.038296,-0.004998,-0.090479,0.019152,0.082929,0.218213,0.042109,0.083769,-0.303566,0.050997,0.191008,-0.054797,-0.08025,-0.034569,0.105542,#
8,0.303359,0.113655,-0.162315,-0.31876,0.145039,0.13594,0.577479,0.098291,1.0,0.012983,0.021577,0.19298,0.412342,0.052496,0.33008,-0.107064,-0.345984,0.199437,0.159781,0.062333,-0.048467,0.195578,0.320122,-0.069838,0.135623,-0.337701,0.165996,-0.125244,0.400439,0.121609,-0.399181,-0.028233,0.258632,-0.009222,-0.257861,0.053498,0.077369,-0.246958,-0.150784,0.030812,0.255908,-0.00731,-0.190505,-0.156308,-0.018952,-0.20814,0.358023,0.32975,0.102173,0.204064,0.104127,-0.224648,0.016888,0.058986,0.050246,-0.045125,0.092107,-0.203895,0.259642,0.006253,0.109139,0.077516,-0.148402,0.173641,0.095385,0.300859,0.091344,-0.022802,0.232471,-0.073847,0.136395,-0.186855,-0.026867,-0.107007,-0.249031,0.128379,-0.140293,-0.16517,-0.194015,-0.402195,-0.017228,-0.361635,-0.212548,-0.257796,-0.199592,0.129827,-0.034814,-0.100137,-0.141447,-0.187574,-0.135834,-0.100214,-0.452127,0.393575,-0.301883,0.05358,0.103451,-0.190585,-0.024927,-0.211789,-0.073711,-0.059069,-0.081931,-0.040465,-0.041368,-0.035434,-0.149838,-0.202028,-0.263049,-0.002583,0.256245,0.083927,-0.160855,-0.208677,-0.055462,-0.386949,-0.318796,0.01874,0.103702,-0.253222,-0.190301,-0.416714,0.114033,-0.475744,-0.082974,0.044341,-0.044576,0.165593,-0.079407,-0.260057,-0.226613,-0.271844,-0.038047,-0.040286,-0.053521,-0.054859,-0.162222,-0.226915,0.124747,-0.160537,-0.093961,-0.228179,-0.39745,-0.108792,-0.213417,-0.095931,-0.257153,0.322688,0.02569,-0.336545,0.011604,-0.292213,-0.138148,-0.239323,-0.103181,-0.106142,0.378252,0.480553,0.023471,-0.234759,0.104793,-0.107077,-0.060367,0.023992,0.041089,0.273308,0.075162,0.048375,-0.223283,-0.06697,-0.162879,0.337668,-0.025284,-0.215737,0.208559,-0.243105,-0.220148,0.202824,0.327216,-0.356861,0.295261,0.313207,0.040156,-0.142528,0.176857,-0.001749,0.12312,0.091842,-0.447949,0.190305,0.1563,0.012911,0.232999,-0.050522,-0.137611,-0.006582,0.346499,-0.175793,-0.035266,0.021366,#
9,0.10452,0.280117,0.181159,0.061608,0.248863,-0.125123,-0.11432,-0.249653,0.012983,1.0,0.096253,-0.169717,0.178647,-0.037978,-0.048023,-0.015037,-0.259804,0.340488,0.186745,-0.058954,0.082511,-0.015596,0.172659,0.142431,-0.097268,0.059445,-0.066728,0.134999,0.014151,0.196068,-0.011313,-0.007857,-3.3e-05,0.252606,-0.07624,-0.006482,0.021364,-0.051521,-0.134678,-0.135529,0.001439,0.106784,0.101152,0.232989,0.284534,-0.27579,0.053833,0.241736,0.049463,0.154505,-0.051295,-0.013042,0.029236,0.033378,-0.038954,-0.379517,-0.200138,0.058715,-0.140661,-0.161291,0.138994,-0.080962,-0.141023,-0.181499,0.046491,0.068082,-0.07995,0.160088,-0.102996,-0.101771,0.018085,-0.245893,0.002607,-0.132411,0.126608,0.227449,-0.262012,-0.484349,0.04947,-0.163159,-0.050471,-0.074165,-0.202162,-0.049103,-0.047701,-0.046468,-0.154837,-0.142975,-0.222487,0.040308,0.08226,-0.084528,-0.280985,0.033086,-0.187315,0.08559,0.104577,-0.031976,0.226928,-0.196999,-0.17544,-0.22065,-0.183352,-0.016242,-0.232689,-0.131024,-0.228832,-0.039859,-0.137524,-0.008821,0.333961,0.129906,-0.02556,-0.327838,-0.225615,-0.107374,-0.057245,-0.167891,0.30534,-0.35435,-0.066692,0.088368,0.161988,0.091345,-0.035246,-0.01885,-0.197301,-0.099662,-0.228071,0.087056,0.116602,-0.08485,0.07696,0.314511,-0.040617,0.101447,0.08288,-0.088804,0.149582,-0.219601,0.016202,0.183143,-0.083473,0.035709,-0.008387,0.076615,0.1998,0.149006,-0.377142,0.181092,-0.392262,-0.036634,0.159618,0.043389,-0.201315,0.164991,0.19412,0.319741,-0.112248,0.046718,-0.249961,0.006776,-0.044854,0.141343,-0.110119,0.273409,-0.334533,-0.159843,0.099691,0.112425,0.127549,0.095081,0.015044,-0.160426,0.236332,-0.015263,-0.1555,-0.008743,-0.119632,-0.087523,-0.027246,-0.049123,-0.357094,0.268416,-0.198625,0.018206,0.117842,-0.084636,-0.199932,0.228341,-0.050208,0.095349,-0.141616,0.070191,0.072033,-0.17827,-0.031271,-0.103476,0.122991,-0.077407,#
10,-0.136599,-0.307928,-0.06028,0.210162,0.007378,0.07001,0.110807,-0.245157,0.021577,0.096253,1.0,-0.090825,-0.270428,-0.163986,0.117997,0.201229,-0.045682,-0.32303,-0.177666,-0.014656,-0.146654,-0.00802,-0.024834,0.063177,0.10426,0.249134,0.054397,0.01945,0.162068,-0.175655,0.207241,-0.174497,-0.15064,0.03192,0.139093,-0.036437,-0.153651,0.111421,-0.004546,0.128627,-0.197235,-0.106488,-0.172535,0.152461,0.293939,0.051386,-0.270178,-0.173517,0.265744,-0.08005,-0.006545,0.145007,-0.02638,-0.053345,0.06858,0.215179,0.023716,0.054094,0.019172,0.115338,0.082728,-0.124343,0.16588,-0.103098,-0.061967,-0.216284,-0.065914,-0.280457,-0.396829,0.076694,-0.110427,0.049095,0.316203,0.047357,0.133722,0.130735,-0.049719,0.046823,0.127391,0.003846,-0.336469,0.203668,0.224029,-0.140238,-0.019675,-0.092058,0.115867,0.022742,-0.151854,-0.115487,-0.031736,-0.145663,0.171291,-0.267024,0.165449,0.185781,-0.106327,0.003316,-0.204821,0.12328,0.021936,0.080753,0.263215,-0.144122,0.125627,0.087327,0.033705,-0.061432,0.152802,0.239521,-0.272292,-0.048637,-0.008661,-0.023377,-0.229259,-0.017723,0.16693,-0.016803,-0.185403,0.130132,0.331875,0.010211,0.245723,0.166502,-0.041295,-0.07881,0.128643,0.27701,-0.09147,-0.125965,0.199806,-0.080885,-0.19362,-0.104988,-0.038303,0.387084,-0.065697,-0.075666,0.056692,0.067725,-0.030135,0.006854,0.07044,-0.113666,-0.01983,0.070591,0.002896,-0.282171,0.255733,0.034625,0.224117,0.146429,-0.249836,-0.065381,-0.026511,-0.129897,-0.285739,-0.035406,0.25553,0.014341,-0.109986,-0.017075,0.013684,-0.324601,-0.349381,-0.053459,-0.032085,0.161496,0.3571,-0.23814,0.067351,-0.229097,-0.157677,0.003346,-0.027273,-0.070747,-0.038309,0.02276,-0.045624,0.189614,0.04152,0.263836,0.049022,0.236525,-0.171893,-0.105088,-0.052227,-0.07279,0.231463,-0.126245,-0.160129,0.10307,-0.131242,-0.10009,-0.044609,-0.172015,0.048522,0.172885,-0.113335,-0.003696,#
11,0.187145,-0.029578,0.144813,-0.264484,0.07043,-0.070101,0.107227,0.000835,0.19298,-0.169717,-0.090825,1.0,-0.014382,-0.258384,0.039871,0.1705,0.101439,-0.187601,-0.33115,-0.05835,-0.413754,0.022047,0.010311,-0.058647,-0.016419,0.060191,0.033826,-0.347889,0.075443,0.154905,-0.333061,0.098926,-0.068431,-0.024945,0.097927,0.061401,-0.283781,-0.025886,-0.151325,0.051281,-0.015094,0.025211,-0.213886,-0.38984,0.04922,-0.129418,-0.06804,-0.002765,-0.172046,0.150353,-0.255783,-0.15581,0.028999,0.095536,0.115499,-0.041364,-0.265645,-0.106367,-0.036042,0.134348,-0.103566,-0.139018,-0.090089,-0.078482,0.289048,-0.167015,-0.140183,-0.095508,-0.066163,0.005103,0.055431,-0.153581,0.118379,-0.152924,-0.475308,-0.038418,-0.248674,-0.059617,-0.172274,-0.038697,-0.016349,-0.262514,-0.216011,0.013813,-0.171379,0.007091,-0.083721,-0.253495,0.010152,-0.288256,0.035991,-0.17689,-0.031302,-0.142118,-0.188718,-0.056052,-0.050077,-0.191175,-0.344681,0.04332,0.037946,-0.047141,-0.144657,-0.065669,-0.23726,-0.106567,0.167769,0.027333,-0.20671,0.213611,-0.097963,0.025034,-0.302394,0.135455,-0.103131,-0.355432,-0.187535,0.049772,-0.354222,0.171321,-0.139685,-0.313333,-0.204311,0.037232,-0.122022,-0.121274,-0.017059,-0.264227,-0.075066,0.093629,-0.196761,-0.09483,-0.144643,-0.163054,-0.190543,-0.100674,0.055611,-0.336575,-0.020115,-0.184515,0.080653,0.05279,-0.06629,-0.221242,-0.39835,-0.183581,-0.160459,0.022999,-0.159753,-0.124039,-0.098913,-0.321201,-0.004931,-0.149252,-0.233546,-0.264599,-0.119604,0.022405,0.004784,-0.037246,0.114518,-0.163714,-0.052451,-0.253426,-0.110041,-0.068667,0.077765,0.12477,0.030149,-0.404102,0.21911,-0.011037,-0.08465,0.136119,0.148236,-0.273442,-0.276284,0.025794,-0.04708,-0.100425,0.27613,-0.059557,0.312393,0.224531,0.224201,0.054203,0.029218,0.025139,0.051635,0.043807,-0.03653,0.190482,0.150348,0.102363,-0.110947,0.206997,0.250356,-0.087024,-0.044011,-0.154129,#
12,0.308058,0.259876,-0.070319,-0.135335,0.268723,-0.131742,0.317326,-0.007812,0.412342,0.178647,-0.270428,-0.014382,1.0,0.1762,0.116884,-0.265451,-0.268613,0.372149,0.1454,0.202385,0.030034,0.123466,0.365593,-0.215667,-0.191512,-0.266836,0.035978,-0.217829,0.322221,0.048307,-0.488014,-0.094779,0.12477,-0.074199,-0.09518,-0.025271,0.264031,-0.229998,-0.01023,-0.256114,0.393892,0.310122,0.000613,-0.159465,-0.130834,-0.218665,0.492155,0.421342,-0.026772,0.046232,0.119705,-0.193778,0.188394,0.062123,-0.126427,-0.025501,0.062785,-0.080908,0.021497,-0.135172,0.081353,0.186008,-0.117676,0.020145,0.162543,0.348389,0.194676,0.194553,0.269277,-0.105884,0.227064,-0.102474,-0.176235,-0.098139,-0.151096,0.277596,0.022993,-0.301738,-0.126643,-0.300021,-0.004187,-0.352937,-0.375412,-0.21551,-0.018767,0.227805,-0.254771,0.057444,-0.010169,0.068766,-0.262042,-0.01678,-0.448573,0.313489,-0.279474,-0.010048,0.262173,-0.111007,0.134573,-0.364528,0.179345,-0.170928,-0.205662,-0.179453,-0.227591,-0.050552,-0.156832,-0.081727,-0.41156,-0.026953,0.497061,-0.157315,-0.080603,-0.372383,0.033075,-0.228458,-0.53799,0.04188,0.234424,-0.420582,-0.058203,-0.452546,0.035317,-0.354797,0.002002,0.228913,-0.431957,0.054475,0.043544,-0.002514,-0.148246,-0.183637,-0.097766,0.088538,-0.142376,-0.134695,-0.029542,-0.04951,0.025022,-0.172588,-0.261149,-0.182675,-0.10391,-0.114211,-0.095865,-0.097647,-0.3109,0.423762,-0.15575,-0.171226,-0.259814,-0.401646,0.110987,-0.137304,-0.005495,0.201395,0.486693,0.341586,-0.063916,-0.279021,-0.062954,-0.150738,-0.221221,0.22979,0.164011,0.155785,0.084972,-0.187764,-0.233548,0.040526,-0.060873,0.177144,0.160056,-0.109985,0.259072,0.143141,0.02384,0.200584,0.29517,-0.361841,0.169399,0.076009,-0.223576,-0.321605,0.220679,-0.057865,0.3939,0.015832,-0.606176,0.339134,0.254652,-0.008909,0.08809,-0.008146,-0.079654,0.007625,0.244699,-0.251055,-0.106291,0.022996,#
13,0.169241,0.210316,-0.097204,-0.207706,0.03398,0.334885,-0.000193,0.281663,0.052496,-0.037978,-0.163986,-0.258384,0.1762,1.0,0.07805,-0.064918,-0.128954,0.134279,0.258426,0.028479,-0.023778,0.165028,0.428445,-0.102643,-0.279058,-0.350043,0.251231,0.327839,0.223783,0.007212,-0.149058,0.247678,0.222231,-0.241324,-0.053867,0.091386,0.024043,-0.008039,0.069887,-0.289961,0.051986,0.234794,0.214967,0.376488,-0.294633,-0.397026,0.205572,0.312816,-0.057579,0.112603,0.201491,0.132741,0.099512,-0.05214,-0.241077,-0.10681,0.086018,-0.025376,0.081874,-0.053452,0.233945,0.179179,-0.094347,0.199427,0.143476,0.388421,0.06256,0.412494,0.309329,0.11063,-0.041949,-0.074942,0.039825,-0.129457,-0.150415,0.313739,0.033969,-0.057692,-0.23861,-0.041927,-0.178513,-0.260375,-0.128827,0.055573,-0.032868,0.056069,0.07375,0.032016,0.003282,-0.166369,-0.194712,-0.024879,-0.292801,0.299523,-0.028032,-0.1695,0.082491,-0.035513,0.046686,-0.419698,-0.033168,-0.001934,-0.046612,-0.154322,-0.055563,-0.178653,-0.103013,-0.422654,-0.178695,-0.116802,0.344895,0.160436,-0.091161,-0.097354,-0.014686,-0.019011,-0.267586,-0.07626,0.126535,-0.110815,0.021904,-0.205785,-0.065936,-0.216802,0.102211,0.131416,-0.293488,-0.047536,-0.031195,-0.096518,-0.248465,0.109649,-0.264838,0.190868,-0.187546,-0.21896,-0.024398,-0.212348,0.075464,-0.023985,-0.252245,-0.191103,-0.162121,-0.185682,-0.10501,0.158226,-0.185307,0.090471,0.088307,-0.062414,-0.146391,-0.161735,-0.063791,-0.09808,-0.020668,0.222569,0.354841,0.257066,-0.20344,-0.045,-0.092971,-0.176972,-0.031643,0.297098,0.13901,0.076785,0.2007,0.033491,-0.177612,0.167495,-0.104233,0.143313,-0.077533,-0.238094,0.216422,0.189105,0.032999,-0.160226,0.421868,-0.235287,0.09247,-0.179691,-0.252219,-0.021034,0.128176,0.05463,0.074641,-0.31146,-0.17162,0.220308,0.039101,-0.130139,0.196368,0.10152,0.194594,0.073348,0.307877,-0.186023,-0.034999,0.078648,#
14,-0.023321,0.213458,-0.305543,-0.225185,0.147274,0.252494,0.316918,0.182944,0.33008,-0.048023,0.117997,0.039871,0.116884,0.07805,1.0,-0.142545,-0.046705,-0.083213,-0.143121,0.006171,0.087476,0.194579,0.097365,0.077529,0.005623,0.071534,0.021934,0.146425,0.259791,-0.016349,-0.216896,0.12135,0.171279,0.006078,-0.298033,-0.01904,-0.107675,-0.184096,0.382113,0.140851,-0.188588,0.242529,-0.27919,0.05735,-0.22728,0.165694,0.138112,-0.08422,0.120654,0.17506,0.101301,-0.056695,-0.079038,-0.192017,0.071943,0.123496,-0.111635,0.016705,-0.274931,0.216541,0.122373,0.38411,-0.266355,0.391106,0.142852,0.172618,-0.022434,0.104945,0.057553,-0.187326,0.040259,-0.08336,0.259628,-0.15681,-0.36294,-0.079418,0.028249,-0.043491,-0.149229,-0.34123,-0.172666,-0.150204,-0.037967,-0.311486,-0.38443,0.068256,-0.076883,-0.171749,-0.282209,-0.163466,-0.124452,-0.06237,-0.223909,0.117886,-0.164914,-0.033831,-0.056608,-0.086483,-0.051938,-0.21366,0.130134,-0.030456,-0.208381,-0.114597,-0.105896,-0.022747,-0.230625,-0.116575,-0.242754,-0.185405,-0.068346,-0.078218,-0.27746,-0.073435,-0.254628,-0.181317,-0.225377,-0.174874,-0.208431,-0.124995,-0.159592,-0.170761,-0.176428,-0.219714,0.161867,-0.13857,0.015136,-0.019316,-0.383395,-0.190922,-0.167865,-0.391751,-0.207535,-0.065749,-0.241616,-0.009735,0.044714,-0.289789,0.117295,0.014338,-0.135352,-0.294974,-0.395777,0.041612,-0.041996,-0.293384,-0.112998,0.009919,0.117967,-0.347643,-0.045776,-0.027171,-0.140697,-0.025791,-0.133272,0.072861,0.335157,0.27708,-0.262717,-0.000647,-0.04429,-0.044999,-0.090041,-0.193311,-0.209278,0.226834,-0.001721,0.125285,-0.045613,-0.113179,0.112656,0.017887,-0.066436,-0.131959,0.342011,-0.165775,-0.167565,-0.004543,0.239402,-0.188213,0.207386,0.317205,0.321749,0.038181,0.05518,-0.028632,0.021613,0.037572,-0.107127,0.142852,-0.111733,0.361993,-0.07646,-0.151299,-0.131962,-0.143447,0.038556,-0.2363,-0.066,0.172139,#
15,-0.124698,-0.194761,-0.168995,-0.231885,-0.282632,0.078204,-0.047707,-0.057024,-0.107064,-0.015037,0.201229,0.1705,-0.265451,-0.064918,-0.142545,1.0,0.029667,-0.331462,0.194656,0.103745,-0.134444,0.204808,-0.162207,0.051164,-0.157756,0.019609,-0.031249,0.051544,-0.023296,-0.156984,-0.036573,0.064946,-0.150279,0.147451,0.364531,0.226836,-0.084252,0.231157,-0.180019,0.006882,-0.028805,-0.133669,0.033377,-0.019703,0.093569,0.072662,-0.34108,-0.145736,0.022471,0.025024,0.12656,0.120848,-0.11799,0.07917,-0.222192,0.122249,0.123976,-0.133876,0.051963,-0.005174,0.095605,-0.244265,0.206157,0.077147,0.185129,-0.280569,-0.133879,-0.052599,0.05074,0.127892,-0.077673,0.008779,0.162319,-0.110023,0.14813,-0.076265,-0.101237,-0.032995,0.140847,0.081035,-0.159734,0.045132,0.155121,-0.053972,0.156916,0.010871,0.0199,-0.304109,0.045085,0.139578,0.253956,-0.060499,0.176911,-0.262234,0.088204,0.031539,-0.09623,-0.253934,-0.386131,-0.018186,0.146662,0.087268,-0.018691,0.007581,0.205744,0.120185,0.026578,-0.074976,-0.026718,0.025463,-0.269147,-0.048231,0.102266,0.235208,-0.12595,-0.004259,0.154377,0.163781,-0.215827,0.296305,0.175888,0.189318,0.07313,0.159624,0.0288,-0.071543,0.225081,0.053918,0.069917,-0.042931,-0.059395,0.176446,0.092408,0.06072,-0.13145,0.059253,-0.228026,-0.224653,-0.186796,-0.029415,0.053467,-0.012558,-0.113807,0.293987,-0.085099,0.140928,-0.086373,-0.279164,-0.115536,-0.136377,0.078582,0.045411,-0.163421,0.050118,-0.020266,-0.029851,-0.446041,-0.090069,0.064774,0.022554,-0.212183,-0.014737,-0.167059,-0.122624,-0.145935,-0.059089,-0.018254,0.12581,0.085414,0.041175,-0.031803,0.170299,-0.139275,0.112473,-0.089391,-0.162827,0.069148,0.031322,-0.301661,0.189283,0.202879,0.033064,0.145175,0.315081,-0.106915,0.040445,-0.073496,-0.047738,0.258584,-0.1178,-0.261252,-0.06698,-0.043684,0.134528,-0.080682,0.179332,0.219229,0.25924,-0.040689,-0.227362,#
16,0.136875,-0.036065,-0.020404,0.087618,0.243425,-0.005978,-0.223209,-0.001625,-0.345984,-0.259804,-0.045682,0.101439,-0.268613,-0.128954,-0.046705,0.029667,1.0,-0.221474,-0.249631,-0.37253,-0.285302,-0.120751,-0.294875,0.103195,-0.147623,-0.139626,-0.304434,-0.023343,-0.138302,-0.212425,0.095767,-0.053544,-0.00878,-0.108525,0.045829,-0.025101,-0.267552,0.079813,-0.022051,0.055432,-0.148183,-0.229119,-0.012667,0.107372,-0.078898,0.195339,-0.196986,-0.376872,-0.056441,-0.057548,0.117862,-0.065197,-0.115987,-0.0252,0.149874,-0.106266,-0.17491,0.226387,-0.266698,0.108322,-0.109351,-0.133599,0.009085,0.03702,0.188224,-0.055605,0.162712,-0.052682,-0.142309,-0.139281,-0.418616,0.095402,0.162505,-0.223935,-0.099072,0.168436,0.010841,0.054567,0.05359,0.0754,-0.28665,0.116418,0.066115,0.235882,-0.022969,-0.196355,-0.127908,-0.318666,0.001058,-0.183851,-0.007694,-0.231789,0.228964,-0.488116,0.016624,-0.22801,-0.228461,-0.001887,-0.31572,0.112577,0.285894,-0.165261,0.072965,-0.088385,-0.050065,-0.168544,0.169778,0.008588,-0.100509,0.253141,-0.431903,-0.073317,-0.162228,0.036766,-0.227162,0.191751,0.158278,-0.264798,-0.376564,0.411522,-0.205212,0.278497,-0.438585,0.231604,0.138123,-0.199016,-0.049967,-0.00377,-0.073008,-0.000233,-0.159528,0.14505,-0.109858,-0.183252,0.031092,-0.211764,0.243565,-0.34215,-0.593711,-0.025007,-0.055127,0.159724,0.047992,0.063146,-0.011368,-0.259243,-0.008956,-0.161315,-0.096349,0.026256,0.145048,0.229668,-0.246332,-0.087306,-0.181454,-0.330166,-0.304555,-0.133226,-0.108959,-0.10293,-0.003634,-0.043008,-0.095754,-0.348449,-0.194474,-0.049405,0.001304,-0.17423,0.156316,0.056887,0.388361,-0.050139,-0.204455,0.110012,-0.318432,-0.147164,-0.206459,-0.153721,-0.179558,0.231605,0.010543,-0.077875,0.593616,0.048694,0.140481,-0.181987,0.044147,0.210901,0.374356,-0.099571,-0.084651,0.215896,0.124472,0.276457,-0.059769,0.284843,-0.137332,-0.019066,-0.427052,0.209008,#
17,0.214825,0.373589,-0.06733,0.017832,0.069415,-0.093768,-0.001229,0.02627,0.199437,0.340488,-0.32303,-0.187601,0.372149,0.134279,-0.083213,-0.331462,-0.221474,1.0,0.225891,0.124224,0.280409,-0.056212,0.306852,0.024768,0.126672,-0.120708,0.12233,0.159579,0.003445,0.114868,-0.151281,-0.093165,0.235107,0.256938,-0.079909,-0.237835,0.212576,-0.168396,0.01369,-0.216814,0.101235,0.170891,0.358434,-0.069774,-0.057146,-0.285007,0.354456,0.156248,0.053044,-0.095833,0.246465,-0.025801,-0.151187,-0.033546,0.019505,-0.250698,-0.082474,-0.033384,0.09084,-0.061899,-0.045331,0.212771,-0.297074,-0.060254,-0.01906,0.297043,0.139578,0.284274,0.294331,-0.011045,0.016633,-0.054006,-0.363334,-0.012829,0.147532,0.125775,-0.115712,-0.142336,-0.045075,-0.201231,0.112668,-0.147714,-0.245692,0.01972,-0.100614,0.20938,-0.264203,0.219527,0.136906,0.023079,0.035588,-0.03946,-0.268526,0.380125,-0.042336,-0.065878,0.130295,0.06408,0.176599,-0.265201,-0.229095,-0.322577,-0.15713,0.091387,-0.068232,-0.012325,-0.281224,-0.065323,-0.263429,-0.106377,0.382428,0.157679,0.234047,-0.21437,0.066242,0.030754,-0.303271,-0.136247,0.32485,-0.445586,-0.198235,-0.121141,-0.083801,-0.257732,-0.154461,0.203501,0.01225,-0.082064,0.04347,-0.161564,0.048734,-0.104492,0.20523,0.017224,0.047826,-0.107366,0.008851,0.094255,0.240483,-0.178415,-0.066666,-0.010297,-0.013876,-0.182234,-0.080034,0.073428,0.070445,0.31901,-0.176947,0.051187,-0.243155,-0.079055,0.208504,0.073587,-0.124597,0.124179,0.564633,0.162037,-0.329872,0.097932,-0.029826,0.125322,0.152932,0.484572,0.051489,0.417191,0.025298,-0.141833,-0.395712,0.127959,-0.097147,0.266484,0.112819,-0.184172,-0.01769,-0.000775,0.098722,0.131126,0.281757,-0.15142,-0.133654,-0.104173,-0.423301,-0.275908,0.152071,0.028321,0.180059,0.194331,-0.445934,0.320851,-0.023534,-0.004043,-0.010654,-0.00844,0.059419,-0.002321,-0.085611,-0.257607,0.088328,-0.108723,#
18,0.199519,0.287828,-0.122213,0.038791,-0.04154,-0.11508,0.002659,-0.107484,0.159781,0.186745,-0.177666,-0.33115,0.1454,0.258426,-0.143121,0.194656,-0.249631,0.225891,1.0,-0.059562,0.350657,-0.03666,-0.031518,-0.018432,-0.236044,-0.224195,0.008306,0.154854,0.082125,0.067118,-0.014204,-0.094023,0.056052,0.115029,-0.026475,0.007492,0.234197,0.226874,-0.199771,-0.160545,0.254658,-0.301508,0.06614,0.049826,-0.221963,-0.226917,0.103115,-0.030768,0.254267,-0.082809,-0.043711,0.148765,-0.101037,-0.000966,-0.021381,-0.226701,-0.002196,-0.123471,0.002054,-0.207174,0.076811,0.099613,0.023434,-0.040078,-0.035646,0.077769,0.175599,-0.002507,0.076431,0.136737,-0.217127,-0.068028,-0.008459,-0.070295,0.240116,-0.12263,-0.117884,-0.139467,0.245513,-0.081635,-0.016623,0.022579,0.049744,0.048102,0.035647,-0.007623,-0.013944,0.111743,0.014921,0.429513,0.281651,0.0227,-0.227489,0.114268,0.004483,-0.01659,-0.007468,-0.123211,0.108466,-0.028287,0.003706,-0.089401,-0.101191,-5.4e-05,-0.17986,0.172781,-0.353225,0.006879,-0.034947,-0.048842,0.151132,0.083676,0.237131,-0.047559,-0.014073,-0.021764,0.111463,0.153414,0.387736,-0.239723,0.054536,0.225386,0.118133,0.002225,-0.069494,0.194501,0.014367,0.08433,0.169114,-0.009608,0.098599,0.118634,0.097918,0.228718,-0.051464,0.055291,-0.205662,-0.029244,-0.062493,0.006347,0.045939,-0.104208,-0.294925,0.188978,0.239869,0.21965,0.193723,0.205564,-0.10785,-0.060593,-0.056732,-0.051448,0.201127,0.079506,0.101681,0.059679,0.075257,0.251267,0.027985,-0.025318,-0.267376,0.075848,-0.160954,0.078189,0.177575,0.096348,-0.049541,-0.165929,-0.082941,0.392724,-0.357198,0.269656,0.116136,-0.017115,-0.035056,0.189596,0.126951,0.128254,0.050527,-0.226842,-0.028933,0.003858,-0.220147,-0.201994,0.121275,-0.005611,0.118758,0.091515,-0.161421,0.067484,-0.117353,-0.118621,0.1228,0.178329,-0.093166,-0.028488,0.086165,-0.165513,-0.007516,-0.080988,#
19,-0.288542,-0.200145,-0.1365,-0.042917,-0.19504,0.161709,0.152456,0.016259,0.062333,-0.058954,-0.014656,-0.05835,0.202385,0.028479,0.006171,0.103745,-0.37253,0.124224,-0.059562,1.0,0.090277,0.317814,0.068852,-0.081756,0.169671,-0.107086,0.25706,-0.086009,-0.161364,-0.133158,-0.032988,0.047727,0.206417,0.129395,0.091632,-0.204234,0.034527,0.182754,-0.066108,0.014944,0.312699,0.300848,-0.091232,-0.266585,0.126176,0.012169,0.202347,0.251009,0.203116,-0.061094,0.146014,0.019457,-0.15239,-0.014992,-0.277628,0.317783,0.14368,-0.105322,0.277481,-0.12034,0.029622,-0.01325,0.11145,0.004005,-0.023856,0.079147,0.094246,0.212885,0.160273,0.158209,0.236255,-0.000313,0.016094,0.228777,0.219133,-0.197187,0.283695,0.132608,0.118836,0.093517,0.252424,0.196302,0.146057,-0.466569,0.36108,0.25282,0.009286,0.283961,0.143787,0.15786,0.153373,0.116985,-0.060127,0.221258,0.252914,0.299711,0.380526,0.192505,0.121182,-0.00398,-0.02882,0.206043,0.062035,0.233064,0.273709,0.160268,-0.006383,0.048115,0.143776,-0.131997,0.403069,-0.249608,0.172974,-0.061768,0.194963,0.099913,0.024991,0.237432,0.146101,-0.052393,0.175908,-0.025826,0.316295,-0.126248,-0.013086,0.389094,0.017976,0.134158,0.185085,0.230016,0.008892,0.121712,0.055124,-0.067548,0.198925,0.08152,-0.249578,0.344304,0.065246,0.203811,0.275373,-0.181517,0.050081,-0.037836,-0.125288,0.096809,-0.096551,-0.063055,0.210263,-0.009039,0.113382,-0.081311,0.292329,0.35315,0.234235,0.500498,0.226003,-0.325421,0.388277,0.204994,0.067836,-0.018636,0.078215,0.458781,0.168546,0.094525,0.391993,0.283556,-0.392845,0.143087,-0.323001,-0.123377,0.284784,0.098041,-0.055851,0.338988,0.354738,-0.089637,0.069216,0.083984,-0.123289,0.049226,-0.286875,-0.144971,-0.206059,0.02624,0.074212,0.054687,-0.299244,-0.123793,-0.016114,-0.204547,-0.094072,-0.387182,0.027776,-0.221556,-0.021699,0.217371,0.162395,-0.047094,#
20,-0.243492,0.108777,-0.074434,0.124815,-0.162438,-0.085519,0.013481,0.131966,-0.048467,0.082511,-0.146654,-0.413754,0.030034,-0.023778,0.087476,-0.134444,-0.285302,0.280409,0.350657,0.090277,1.0,-0.076776,-0.258969,0.051778,0.049728,0.149323,-0.048281,0.036422,-0.044093,0.184036,0.020549,-0.235979,0.047467,0.177442,-0.09826,-0.056012,-0.005674,-0.015199,0.114137,-0.000721,-0.073127,-0.118384,0.058932,0.025889,0.052842,0.173097,-0.011963,-0.075662,0.057733,-0.219866,-0.063571,0.052948,-0.248279,0.149515,-0.122799,0.074584,0.13982,-0.08346,0.046741,-0.020288,0.053091,0.258137,-0.052087,-0.119713,-0.171203,0.053713,-0.139777,0.184115,-0.008386,-0.182141,-0.079804,0.178979,-0.133303,0.24482,0.319205,-0.009192,0.16928,0.122667,0.11565,-0.088252,0.203638,0.035476,0.156004,-0.209481,0.025425,-0.045702,0.098684,0.316409,0.082461,0.298031,0.274087,0.098364,0.156676,0.141899,-0.069824,0.148975,0.252421,0.075994,0.134359,0.190737,-0.156817,0.037678,0.023715,0.100351,-0.04603,0.094291,-0.196142,0.133649,0.135759,-0.399965,0.170132,-0.039492,0.098061,-0.001421,0.231515,0.228602,0.12841,0.267847,-0.028516,-0.04795,0.115921,0.374348,0.157908,0.017277,0.134587,0.054276,0.259772,0.09276,0.022616,0.234536,0.28906,-0.106775,0.195302,-0.056082,0.199772,0.273886,-0.190547,0.319879,0.115746,0.193961,0.07588,-0.071456,-0.042258,0.142572,0.450838,0.016975,0.367326,0.099152,0.118641,-0.022495,-0.002645,0.223014,0.404005,0.114948,0.162788,0.243149,0.188038,-0.02151,-0.011308,0.022349,0.017354,0.071933,0.181097,0.091381,-0.022764,0.187795,-0.093048,-0.206842,-0.043189,0.265782,-0.250273,-0.06038,-0.038313,0.146646,0.000871,0.139297,0.093987,0.102205,0.021014,-0.078174,-0.121816,0.012204,-0.103658,-0.004025,-0.013746,0.041045,0.050274,0.182021,0.035217,-0.020609,0.123775,0.147836,-0.286833,-0.225652,-0.066184,-0.06372,-0.254579,-0.056773,0.248068,0.048365,#
