0,1.0,0.448757,-0.120386,-0.189221,0.366624,0.183216,0.019134,0.200218,0.048208,0.30093,-0.104216,0.06826,0.334209,0.364343,0.101381,-0.022167,0.109272,0.281855,0.001059,-0.190442,-0.10554,0.310364,0.302965,0.084476,-0.179886,-0.162223,0.065129,-0.140082,0.265158,0.306964,-0.059126,0.043919,0.147386,-0.179614,-0.137041,0.12003,-0.174323,-0.165961,-0.051765,-0.011384,-0.06254,-0.076613,-0.031223,0.215916,-0.060499,-0.363111,0.136697,0.217226,-0.250098,-0.151866,0.101834,-0.27344,-0.037885,-0.215463,-0.009786,-0.035689,-0.044704,-0.085908,0.231261,0.277813,0.338747,0.032661,-0.341131,-0.060776,0.156739,0.429522,-0.043485,0.254502,0.099888,-0.026062,-0.158568,0.038183,-0.326191,-0.129112,-0.369571,0.322304,-0.161735,-0.284277,-0.333368,-0.105418,-0.222687,-0.236173,-0.107854,0.143289,-0.134469,-0.140597,-0.103274,-0.125257,-0.020376,-0.292511,-0.209945,-0.415378,-0.341778,0.131414,-0.026715,-0.1875,0.041862,-0.272829,-0.175282,-0.118635,0.148461,-0.33829,-0.181703,-0.01239,-0.28247,-0.079253,-0.242165,-0.151815,-0.395728,-0.187109,0.183322,0.137603,-0.142743,-0.243961,-0.360502,-0.014359,-0.296515,-0.305321,0.257974,-0.392219,-0.310204,-0.270787,-0.121158,-0.20795,-0.155227,-0.007872,-0.050101,-0.107398,-0.015609,-0.210004,-0.252137,-0.089833,-0.207661,-0.043059,-0.438319,-0.134432,0.132872,-0.494365,0.031428,-0.312304,-0.098937,-0.345565,-0.468801,-0.046355,-0.178942,-0.143733,-0.141532,0.221137,-0.316747,-0.424814,-0.133214,-0.335609,-0.197997,-0.214203,-0.158573,-0.271666,0.314259,0.422119,-0.303314,-0.231774,-0.304399,-0.184465,-0.082073,-0.335034,-0.170155,0.422455,-0.266039,-0.202303,-0.22916,-0.249713,0.071095,0.155591,-0.445011,-0.125723,0.322154,-0.55819,-0.218756,0.194016,0.430227,-0.325994,0.081401,-0.027243,-0.181841,0.080859,0.396394,-0.324235,0.315764,0.014701,-0.210043,0.390886,0.049287,0.183245,0.369063,0.284105,-0.074815,0.247791,0.132694,-0.368439,-0.065623,0.25488,#
1,0.448757,1.0,0.17485,-0.153595,0.231594,0.061486,0.387744,0.158037,0.269216,0.28468,-0.234952,-0.128331,0.358387,0.312702,0.392838,-0.248619,0.06325,0.41304,0.283345,-0.231038,-0.066344,0.114518,0.347794,0.055808,-0.240366,-0.205457,0.291346,0.064122,0.181093,0.372742,-0.478091,0.020604,0.22137,-0.069992,-0.112872,0.167688,0.026573,-0.197262,0.032717,-0.030344,-0.243034,0.195772,0.004897,0.304935,0.214528,-0.415206,0.277799,0.17807,0.009717,0.247968,0.106811,-0.292562,0.039737,-0.19523,0.197385,-0.361609,-0.153765,-0.16093,-0.176171,0.113135,0.143543,0.231669,-0.317542,0.157992,-0.006253,0.328154,-0.139982,0.278876,0.295802,-0.105853,-0.06046,-0.103655,-0.231219,-0.443099,-0.413027,0.432471,-0.317117,-0.42736,-0.380138,-0.403551,-0.282705,-0.452731,-0.408037,0.097915,-0.456867,-0.09111,-0.326642,-0.185436,-0.324199,-0.33609,-0.248476,-0.210241,-0.546239,-0.003855,-0.255837,-0.148772,0.130191,-0.236541,-0.059794,-0.173463,-0.007444,-0.375165,-0.397883,-0.136966,-0.500208,-0.291732,-0.475816,-0.154238,-0.610782,-0.21535,0.208061,0.41766,-0.239209,-0.442732,-0.167673,-0.138992,-0.341693,-0.639898,-0.035219,-0.539007,-0.355019,-0.320464,-0.357983,-0.349782,-0.126818,-0.140639,-0.169222,-0.012638,-0.173014,-0.158205,-0.311778,-0.466602,-0.426787,0.062761,-0.239128,-0.255723,0.244652,-0.274968,0.197406,-0.481005,-0.385352,-0.05573,-0.516533,-0.147839,-0.166601,-0.215037,-0.266173,0.420794,-0.312478,-0.359657,-0.286755,-0.470033,-0.077043,-0.246291,-0.469669,-0.314069,0.350401,0.561624,-0.47966,-0.058657,-0.016353,-0.106742,0.260791,0.029172,-0.255413,0.470771,-0.300878,0.080321,-0.151401,-0.068816,-0.032732,0.044667,-0.247707,-0.403562,0.449711,-0.229727,-0.269354,0.40433,0.53352,-0.496301,0.130159,0.184854,-0.143105,0.106052,0.336624,-0.108971,0.276517,-0.085847,-0.352241,0.519945,0.156948,0.579238,0.403161,0.313961,-0.143406,0.117086,0.23475,-0.350883,-0.127552,0.154126,#
2,-0.120386,0.17485,1.0,0.337983,0.036684,-0.240162,-0.002752,-0.126202,0.098618,-0.117998,-0.049454,0.102412,-0.170181,-0.1049,-0.033893,-0.158234,-0.077592,0.106195,0.012377,0.081342,-0.056318,-0.175785,0.209881,-0.094986,-0.016109,-0.054384,0.36271,0.053707,-0.137147,0.143396,-0.010332,0.256824,-0.07298,0.028015,0.108269,0.082337,0.261279,-0.158341,0.021752,0.007609,-0.038816,0.181665,-0.071656,0.028458,0.079304,-0.197514,-0.004957,0.271012,0.05465,-0.027755,-0.278722,0.169943,0.027159,0.115671,-0.105517,-0.142811,-0.248083,-0.204382,-0.420996,-0.125204,-0.225969,-0.286228,0.032079,0.038597,-0.163514,-0.144285,-0.09392,0.024486,0.010628,0.315156,0.273586,0.261945,0.05474,-0.022159,0.030652,-0.019942,-0.145679,-0.345002,-0.098557,-0.129865,0.230856,-0.116963,-0.009854,0.182439,-0.027946,0.167875,-0.067761,0.144225,-0.079205,-0.058948,0.033569,0.012431,-0.09924,0.064835,-0.104448,0.067576,0.312094,-0.048167,0.021613,-0.115848,-0.026215,0.036749,0.039765,0.024028,-0.051869,-0.161738,-0.090203,0.190529,-0.179722,0.294281,0.2815,-0.077094,-0.090121,0.107031,0.418076,-0.133377,-0.103752,-0.315102,-0.029533,-0.057033,-0.058793,-0.141829,0.059784,-0.035479,-0.029101,-0.215011,-0.174659,0.036827,-0.016882,-0.074305,0.362876,-0.297895,-0.266049,-0.11192,0.091548,0.145096,0.180721,0.28392,0.283122,0.094848,0.122692,0.267119,-0.013431,-0.294122,-0.188279,0.277177,-0.037537,0.005343,0.013335,0.048469,-0.194654,-0.149292,0.236714,-0.130808,-0.058777,-0.124409,-0.055447,0.174027,0.100563,0.013298,0.017843,0.063055,0.176777,-0.05955,-0.130456,-0.119941,-0.252574,0.00879,0.134382,0.11311,-0.059097,-0.062804,-0.094316,-0.078797,-0.085141,0.105908,-0.09251,0.126616,0.05806,-0.192593,0.07286,-0.29456,-0.186337,0.211003,0.04006,0.075989,-0.144123,-0.029049,-0.133225,0.004734,0.303639,0.256417,0.000114,0.187517,-0.102447,-0.030616,0.065539,-0.027114,0.11847,-0.049604,#
3,-0.189221,-0.153595,0.337983,1.0,-0.135429,-0.23654,-0.350318,-0.398066,-0.260175,-0.096367,0.121491,-0.026747,-0.247414,-0.221281,-0.211622,-0.151579,-0.091274,0.018802,-0.10917,0.263381,0.207067,-0.246125,-0.061927,0.008851,0.211367,0.17286,-0.084263,0.096021,-0.084769,-0.16609,0.412123,-0.035159,-0.324825,-0.017119,-0.020085,-0.39752,0.071666,0.12562,-0.036943,0.132179,0.098403,0.099216,-0.112108,-0.157263,-0.03153,0.209017,-0.094809,-0.064967,0.206874,-0.190788,0.073679,0.452008,0.067756,0.106432,-0.089199,0.011756,0.081837,0.064117,-0.127625,0.076845,-0.296558,-0.030228,0.082054,-0.181177,0.081978,-0.260714,0.101788,0.156845,-0.189921,0.060392,0.099683,0.309775,0.282756,0.379114,0.166306,-0.390012,0.077721,0.026433,0.265345,0.232579,0.21857,0.491848,0.323593,0.240806,0.225829,-0.073097,0.13341,0.270954,0.170671,0.166159,0.310349,0.296638,0.473697,-0.173771,0.348572,0.235723,0.030288,0.000152,0.052871,0.344133,0.044205,0.125331,0.335751,0.054238,0.161573,0.378861,0.068581,0.179344,0.271784,0.31986,-0.157442,-0.176546,0.295615,0.351433,0.14856,0.074577,0.388721,0.14927,0.04221,0.147813,0.266047,0.171531,0.289463,0.11815,-0.006226,0.078856,-0.050164,-0.063478,0.206594,0.253874,0.516934,0.07444,0.117356,0.093063,0.306466,0.382299,-0.027419,0.285369,0.235138,0.313984,0.258679,0.09792,0.21708,0.037815,0.264498,0.379302,0.270143,-0.353964,0.290207,0.419607,0.099374,0.185406,0.17748,0.210337,0.232756,0.075081,-0.30562,-0.216954,0.173797,0.229129,-0.32202,-0.003302,-0.006613,-0.066933,-0.032733,-0.305737,0.089941,-0.012607,0.215979,0.044279,-0.283628,-0.115122,0.17912,0.099491,-0.402708,0.246434,0.182355,-0.034931,-0.348144,0.145887,-0.369864,-0.221376,-0.254793,-0.145045,-0.109114,0.031884,-0.102994,0.14119,0.330535,-0.372572,0.105149,-0.198418,-0.190311,-0.128122,-0.0726,-0.083999,-0.397018,0.223792,0.063879,-0.249715,#
4,0.366624,0.231594,0.036684,-0.135429,1.0,-0.0075,0.161556,0.037579,-0.082156,0.112868,0.121695,0.12242,0.19024,-0.083008,0.344908,-0.060453,0.064937,0.085606,0.051098,-0.002535,-0.041894,-0.035153,0.052765,-0.111703,-0.144828,-0.129106,-0.116306,-0.219684,0.21937,-0.052249,-0.162858,-0.103318,0.062402,-0.250155,-0.23059,0.065275,-0.222994,-0.267049,-0.111711,0.070064,-0.225613,-0.044178,-0.128272,-0.007578,-0.096108,-0.151319,0.080847,0.233141,-0.091826,0.120548,0.257654,-0.174597,-0.018354,-0.169118,0.170988,0.018077,-0.377432,-0.003419,-0.016191,-0.23149,0.044482,0.166114,-0.191,0.123436,0.036747,0.248865,0.153213,-0.079777,0.087135,0.025787,-0.186258,0.090746,-0.075719,-0.00091,-0.211029,0.396417,-0.053161,-0.411173,-0.184029,-0.364398,-0.186629,-0.250642,-0.252317,-0.034588,-0.169755,-0.107476,-0.053261,-0.17808,-0.329258,-0.124582,-0.124247,-0.293941,-0.176139,-0.165013,-0.07502,0.011763,0.159713,-0.140088,0.036973,0.09678,0.15279,-0.229165,-0.223209,-0.051414,-0.294857,-0.182369,-0.28814,-0.19222,-0.17726,-0.0292,0.064022,-0.319705,-0.224944,-0.226532,-0.171787,-0.140828,-0.338096,-0.12104,-0.061279,-0.12196,-0.290443,-0.094242,0.001244,-0.10467,-0.087127,-0.194525,-0.037213,-0.107244,-0.147461,-0.092772,-0.059877,-0.300324,-0.332532,-0.168418,-0.148425,-0.154247,0.20993,-0.223935,-0.120352,-0.040761,-0.049642,-0.14215,-0.024439,-0.110662,-0.163765,-0.017817,-0.068031,0.089658,-0.309433,-0.308698,-0.201213,-0.157823,-0.336948,-0.068467,-0.290366,-0.058844,0.295401,0.329735,-0.134117,-0.218368,-0.200206,-0.172157,-0.000928,-0.0482,-0.302461,0.281905,-0.112631,0.162432,-0.074508,-0.03573,0.095136,0.077332,-0.024486,-0.046981,0.176126,-0.28764,-0.265951,-0.199918,0.217357,-0.038931,0.201933,-0.116466,0.347654,0.141012,0.118676,-0.377947,0.088786,-0.104811,-0.172648,0.096032,-0.050217,0.227681,0.013971,-0.053604,0.172676,-0.318771,0.125506,-0.185117,-0.376761,0.330986,#
5,0.183216,0.061486,-0.240162,-0.23654,-0.0075,1.0,0.113269,0.252657,0.048789,-0.078285,0.248676,0.013213,-0.012332,0.047494,-0.065602,0.106153,0.21073,0.028885,-0.26903,0.100085,-0.166532,0.369637,0.158403,-0.029059,0.06162,-0.316538,0.022156,0.090792,-0.109714,-0.318393,-0.141537,0.122926,-0.041301,-0.057585,-0.08735,0.052367,-0.156127,-0.050084,-0.067245,-0.238736,0.007604,0.17124,0.092553,0.295299,0.256437,-0.049003,0.039262,0.24261,0.053601,0.04963,0.169982,-0.056828,0.143745,-0.220353,-0.105222,-0.084958,0.237736,-0.163018,0.231119,-0.008037,0.138137,-0.032158,-0.106921,0.111421,-0.004788,0.167687,-0.252632,-0.04212,0.137245,0.197768,0.018323,0.180927,-0.098974,-0.050804,-0.252356,0.161758,-0.179008,0.034573,-0.291079,-0.162681,0.269306,-0.214459,0.021615,-0.228187,0.025024,0.114496,-0.087768,-0.307462,0.029891,-0.250221,-0.011262,-0.016666,-0.133021,0.057938,0.02932,-0.044023,-0.056343,-0.010881,-0.094658,-0.108839,0.026027,0.000908,0.060829,-0.078546,-0.000448,-0.142242,0.013809,-0.219892,-0.211431,-0.269561,0.12742,0.101852,-0.034978,-0.250809,-0.124923,-0.237895,-0.380649,0.141152,0.040548,-0.12036,-0.102119,-0.248201,0.255426,-0.204386,-0.014586,0.080478,0.049198,0.094247,0.124126,0.181348,-0.199706,0.074874,0.02799,-0.182485,-0.1051,-0.028575,-0.076019,-0.254249,-0.030864,-0.3555,-0.256853,-0.303137,-0.376163,0.16004,0.117556,0.092121,-0.278441,-0.024569,-0.008619,-0.184866,0.031678,0.087792,-0.289122,0.068665,-0.00354,0.00425,-0.055372,0.097744,-0.199067,0.035283,0.058186,-0.09323,-0.002138,0.170938,-0.058129,0.259367,0.122128,-0.006063,-0.084476,-0.153891,0.048888,0.03691,-0.218189,0.155038,-0.010378,-0.135689,0.028286,0.210895,0.184686,-0.040336,0.084368,0.186582,-0.043494,-0.039139,-0.135588,-0.111165,-0.008785,0.127332,-0.177296,-0.020941,-0.007648,-0.109692,0.226614,-0.121636,0.107507,0.169498,0.161381,-0.054019,-0.050362,0.065657,#
6,0.019134,0.387744,-0.002752,-0.350318,0.161556,0.113269,1.0,0.331261,0.561204,0.194116,-0.025226,-0.115338,0.323487,0.013804,0.429053,-0.083195,-0.201706,0.054474,0.107237,-0.089849,-0.205859,0.172631,0.164879,0.043185,-0.137777,-0.136382,0.209835,-0.075908,0.152453,0.131783,-0.580678,-0.078289,0.145615,0.034387,-0.203101,0.227735,-0.058716,-0.197957,0.123362,0.027377,-0.084588,0.303727,-0.227136,-0.009691,-0.021101,-0.184045,0.289109,0.251207,0.054911,0.174729,-0.039708,-0.350271,-0.018325,-0.278253,-0.087071,-0.05985,0.10743,-0.059987,-0.171647,0.143307,0.047852,0.036178,-0.091402,0.282298,0.18024,0.350271,0.119355,-0.137241,0.29875,-0.121436,0.164971,-0.174174,-0.182166,-0.40468,-0.271243,0.346527,-0.064679,-0.309386,-0.154864,-0.177456,-0.170563,-0.41678,-0.396934,-0.225506,-0.262919,0.274797,-0.126885,-0.021691,-0.346473,-0.260924,-0.293136,-0.047791,-0.477406,0.226017,-0.192684,-0.171271,0.116831,0.132085,0.059246,-0.197493,0.019633,-0.112371,-0.046412,0.045385,-0.267866,-0.3978,-0.256088,-0.068791,-0.297161,-0.308299,0.220842,0.336633,-0.240568,-0.516398,-0.042211,-0.083968,-0.168711,-0.273433,-0.121067,-0.29092,-0.263458,-0.276438,-0.253698,-0.360934,-0.131021,-0.039146,0.040505,0.414947,-0.200038,-0.080187,-0.332466,-0.682508,-0.410026,0.084253,-0.044357,-0.11277,-0.102221,-0.026992,-0.066529,-0.344984,-0.101986,-0.117286,-0.259826,-0.085138,-0.091948,-0.239068,-0.303161,0.629454,-0.063232,-0.284332,-0.026768,-0.205955,-0.119588,-0.37212,-0.290701,0.071398,0.38532,0.354898,-0.255017,-0.154937,0.364113,0.176633,0.378981,0.114079,0.07268,0.278669,-0.06243,0.035204,-0.235015,0.135137,0.131786,-0.048428,-0.15078,-0.24611,0.212551,0.022852,-0.06863,0.139536,0.437655,-0.225877,0.311514,0.245525,0.040878,0.050882,0.266436,-0.034015,0.240582,0.026787,-0.474407,0.351853,0.179568,0.324897,0.077746,0.11897,0.082777,-0.057052,0.167492,-0.118226,-0.051677,-0.128981,#
7,0.200218,0.158037,-0.126202,-0.398066,0.037579,0.252657,0.331261,1.0,0.315537,0.085034,-0.0763,-0.086586,0.149055,0.182677,0.11795,0.099662,-0.144964,-0.068821,-0.062458,-0.051615,-0.004573,0.263396,0.071951,0.307634,-0.098993,-0.039758,0.236915,-0.009305,0.212399,-0.059253,-0.233689,0.125263,0.2166,-0.003167,-0.130277,-0.019797,-0.055989,-0.282639,0.301377,-0.239858,-0.179388,0.196339,-0.131192,0.095542,-0.166985,-0.08824,0.243449,0.211345,0.016917,0.033752,-0.165883,-0.205713,0.045851,-0.048489,-0.144331,-0.013718,0.223861,-0.196903,0.06523,0.166036,0.19803,0.029427,-0.220817,0.199469,0.021663,0.216923,-0.066348,0.080114,0.253322,-0.102904,0.154143,-0.018669,-0.246853,-0.054022,-0.20107,0.303029,-0.023477,-0.046391,-0.317475,-0.021171,-0.070537,-0.236979,-0.024773,-0.099302,-0.13631,0.306269,0.067457,0.041716,-0.10549,-0.124291,-0.290506,-0.080616,-0.337947,0.315293,-0.212594,-0.01628,0.195845,0.07157,0.090193,-0.299062,0.033199,-0.141323,-0.017419,0.021837,-0.04398,-0.176041,-0.149413,-0.063499,-0.302683,-0.490754,0.1863,0.136783,-0.185131,-0.217172,-0.017541,0.018384,-0.120887,0.070606,-0.16338,-0.066608,-0.050719,-0.267157,0.187089,-0.262601,0.100754,-0.002119,-0.080094,-0.04254,-0.091938,-0.194171,-0.359747,-0.238292,0.03608,-0.118813,0.072763,-0.009013,0.24124,-0.060986,-0.006974,-0.330365,-0.06668,0.000709,-0.259728,0.126433,-0.128278,-0.121118,-0.198069,0.231653,-0.08271,-0.228893,-0.04863,-0.033509,-0.183906,-0.101455,-0.0769,0.08891,0.395283,0.102275,-0.141022,0.094062,0.013758,0.169516,-0.101457,-0.083382,0.117829,0.130702,0.019521,-0.303656,-0.329851,0.018429,0.092598,0.01484,-0.342859,-0.089155,0.278192,-0.055315,0.039632,0.008998,0.201563,-0.214136,0.23474,0.16613,0.124955,0.016642,0.077111,0.0421,0.020592,-0.124009,-0.140357,0.197013,0.209199,0.066053,0.124094,-0.233083,-0.036386,0.174461,0.106463,-0.28427,-0.111785,0.299112,#
8,0.048208,0.269216,0.098618,-0.260175,-0.082156,0.048789,0.561204,0.315537,1.0,0.149834,-0.17856,-0.098573,0.444294,0.165964,0.182368,-0.412775,-0.15203,0.219551,0.217769,-0.056511,0.050713,0.162895,0.169827,0.104341,0.065087,-0.145951,0.434048,0.045566,0.101088,0.214181,-0.25736,0.16155,0.19227,-0.098336,-0.095068,0.123665,0.204461,-0.284996,-0.099932,-0.080352,0.225869,0.13746,0.037973,0.060122,0.107857,-0.379444,0.227452,0.185343,0.027663,0.130171,-0.175666,-0.295569,0.110463,-0.052956,-0.350397,-0.066685,0.112227,-0.171158,0.197065,0.12337,0.019731,-0.096722,-0.080184,0.189271,0.243362,0.290677,0.109177,-0.004359,0.176881,-0.1133,0.291163,-0.037598,-0.252655,-0.189366,-0.09066,0.213818,0.021354,-0.127924,-0.048305,-0.330579,0.070377,-0.281335,-0.218726,-0.284521,-0.184576,0.341839,-0.087936,0.072309,-0.010709,-0.158288,-0.266454,0.048037,-0.533084,0.312945,-0.132941,-0.065279,0.231315,0.102964,0.031486,-0.231761,-0.067105,0.149635,0.11164,0.113979,-0.087103,-0.274933,-0.14805,-0.157788,-0.112037,-0.119691,0.456876,0.342054,-0.151964,-0.333606,0.109307,-0.105641,-0.144065,-0.156241,-0.065146,-0.185796,-0.165761,-0.25489,-0.16703,-0.3167,0.056325,0.095224,-0.032217,0.19397,-0.09993,-0.128103,-0.230234,-0.439309,-0.116377,0.0321,0.125629,-0.028928,-0.060393,-0.005517,-0.024357,-0.142634,-0.101127,-0.103299,-0.142003,-0.264656,-0.187391,-0.096872,-0.408973,0.411833,0.023295,-0.166973,0.03124,-0.285784,0.108767,-0.295974,-0.046623,0.141519,0.437911,0.334635,-0.023685,-0.122564,0.169746,0.103339,0.170685,-0.038701,0.327822,0.190482,0.0059,0.042978,-0.283293,0.098187,-0.180773,0.21604,-0.128999,-0.080699,0.214079,0.163671,-0.066658,0.206075,0.462607,-0.42664,0.190252,0.178657,-0.068523,-0.044104,0.010696,0.002266,0.279774,0.059795,-0.360595,0.35881,0.310657,0.048156,0.154537,0.008806,-0.023311,0.221335,0.200903,-0.10363,0.035876,0.027248,#
9,0.30093,0.28468,-0.117998,-0.096367,0.112868,-0.078285,0.194116,0.085034,0.149834,1.0,-0.178061,0.056286,0.404538,0.279353,0.170959,-0.025067,-0.268507,0.109375,0.179171,-0.194527,-0.104142,0.1176,0.257851,0.104125,-0.179545,0.038168,0.264971,-0.061966,0.076466,0.463822,-0.125061,-0.121418,0.076968,-0.012946,-0.249782,0.126837,-0.191859,-0.18963,0.042565,-0.117056,-0.12119,0.051236,0.055232,-0.045791,-0.102629,-0.535773,0.19609,0.065624,-0.39268,0.089287,-0.222804,-0.060099,0.037274,-0.207877,0.164676,-0.245379,-0.064709,-0.087069,-0.131025,-0.032294,0.190337,-0.02187,-0.307898,0.069142,0.068571,0.181049,-0.05507,0.075882,0.019197,-0.236123,-0.129961,-0.289351,-0.224656,-0.327739,-0.065768,0.197939,-0.115071,-0.330257,-0.012568,-0.099376,-0.306841,-0.238038,-0.196205,-0.002536,-0.099919,-0.115025,-0.349558,-0.110135,-0.197109,-0.063088,-0.116895,-0.111301,-0.325921,0.00636,0.011382,0.045376,0.050175,0.343649,0.131407,-0.101926,-0.134127,-0.181211,-0.22845,-0.089387,-0.262991,0.006674,-0.50281,-0.042805,-0.185888,-0.238052,0.0899,0.29844,0.077275,-0.31708,-0.239808,-0.162696,-0.056918,-0.159059,0.254938,-0.422782,-0.122135,-0.32555,-0.136143,-0.212985,-0.168133,0.13172,-0.084969,-0.175164,-0.069051,-0.104233,-0.11866,-0.134059,-0.33808,-0.002752,-0.263737,-0.100933,-0.051372,-0.114151,0.158888,-0.325499,-0.016444,-0.24926,-0.249456,-0.367301,-0.13312,-0.184143,0.064432,0.198655,-0.380857,-0.164787,-0.267646,-0.353951,-0.013684,-0.181856,-0.062296,-0.029148,0.274156,0.447671,-0.116441,-0.22856,-0.024332,-0.112597,-0.045699,0.009008,-0.094421,0.156918,-0.27079,-0.037366,-0.057131,0.149745,0.028096,0.150667,-0.004421,-0.083262,0.266267,-0.272266,-0.167662,0.030042,0.195797,-0.003568,0.11678,0.060438,-0.238687,-0.199818,0.201449,0.096766,0.218036,-0.105247,-0.016141,0.414703,0.095263,0.086502,0.003104,0.323612,-0.080672,-0.112325,0.042897,-0.326129,0.067235,0.098786,#
10,-0.104216,-0.234952,-0.049454,0.121491,0.121695,0.248676,-0.025226,-0.0763,-0.17856,-0.178061,1.0,-0.028479,-0.387657,-0.387155,-0.087922,0.206972,0.204432,-0.202772,-0.004919,-0.252256,-0.094974,-0.054135,-0.110774,0.005794,0.052837,0.084779,-0.269656,-0.015563,-0.123576,-0.425087,0.165506,-0.048305,-0.208364,-0.004228,0.233215,0.006635,-0.150082,0.042147,-0.037727,0.083515,-0.107582,-0.106083,-0.037171,0.041516,0.035053,0.301403,-0.241846,-0.083314,0.117234,-0.049871,0.186366,0.159589,-0.038008,-0.113042,-0.124095,0.072388,-0.021316,0.271393,-0.13945,-0.046669,-0.134647,0.013204,0.072425,-0.134926,-0.084465,-0.285021,-0.107976,-0.325567,-0.080404,0.203079,-0.122539,0.122596,0.189261,0.079757,0.102426,-0.019218,-0.119138,0.088706,-0.021859,-0.131619,-0.059579,0.200677,0.092462,-0.086788,0.074552,0.005855,0.080558,-0.055089,-0.147301,0.093908,-0.148,0.002127,0.125352,-0.306445,0.035372,0.042805,-0.243052,0.007395,-0.031696,0.024266,0.167072,-0.155293,0.204621,-0.134295,-0.072463,-0.039043,0.009996,-0.107225,0.157214,0.236022,-0.294601,-0.082501,0.184907,-0.195588,-0.034159,-0.090864,0.165679,0.121702,-0.001911,0.217516,0.157084,0.003831,0.159053,0.104186,-0.158514,-0.110006,-0.17795,0.1176,-0.013756,-0.062015,0.277878,0.030489,0.08339,0.00236,0.14414,0.25619,-0.093888,0.06558,-0.249959,0.001858,-0.091676,0.019252,0.163075,0.075156,-0.051422,0.009667,-0.079144,-0.177115,-0.075264,0.28934,0.056315,0.381023,-0.259352,-0.015392,-0.037848,-0.167648,-0.458257,-0.337625,-0.13481,0.151668,-0.143807,0.110743,0.20264,-0.198801,-0.250222,-0.081839,0.021328,0.194109,0.354104,-0.047363,0.076613,-0.026001,-0.070803,0.019282,-0.240694,0.045157,0.076058,-0.010667,-0.277136,0.311442,0.007606,0.06401,0.185538,0.189659,-0.15266,-0.295523,-0.361006,-0.083853,0.346037,-0.287695,-0.338371,-0.036007,-0.003338,-0.279405,0.13787,-0.16648,0.198772,-0.002829,-0.326706,-0.121424,#
11,0.06826,-0.128331,0.102412,-0.026747,0.12242,0.013213,-0.115338,-0.086586,-0.098573,0.056286,-0.028479,1.0,-0.103194,-0.132018,-0.122474,0.084079,0.0055,0.108328,-0.297578,0.020336,-0.121463,0.078244,-0.076998,-0.275296,-0.02409,-0.052356,-0.027513,-0.175602,-0.121773,-0.021065,-0.092971,-0.01678,0.02714,0.017829,0.095889,0.079264,-0.222402,-0.091146,-0.14473,0.011111,0.048268,0.06477,-0.005872,-0.320506,-0.024355,-0.140659,-0.235273,0.158293,-0.11791,0.138267,-0.125956,0.09552,-0.043145,-0.090839,0.10908,-0.021943,-0.14023,-0.188199,0.105223,-0.05535,-0.000288,0.049142,-0.021813,-0.495019,0.136981,-0.120969,-0.190049,-0.133515,-0.158824,0.270247,0.095721,-0.122417,0.126668,0.237446,-0.217879,0.075888,-0.230195,-0.186197,-0.031772,0.116823,0.218965,-0.02907,-0.081028,-0.304486,0.045923,0.010816,-0.055994,0.064327,0.083526,-0.053602,0.11414,-0.072587,0.058722,0.086917,-0.028505,0.164137,-0.00094,0.171487,-0.075105,0.029455,-0.143175,0.109107,-0.149836,0.052965,-0.216191,-0.079809,0.029865,0.062884,0.049595,0.117276,0.005375,0.073118,-0.161465,0.022361,-0.043649,-0.193216,-0.096205,0.105658,0.116074,0.114323,0.107685,-0.168617,0.070165,0.139325,-0.16008,0.033775,-0.076223,-0.095655,0.231411,0.155587,0.016419,0.204755,-0.107656,-0.105186,0.010993,-0.124391,0.063394,-0.128081,0.18336,-0.002223,0.139989,-0.053575,0.084957,-0.165657,-0.108977,0.168118,0.042973,-0.162499,-0.15978,0.11232,-0.094822,-0.095087,-0.000885,0.042884,-0.06143,0.051013,-0.006241,0.108368,0.001504,-0.068867,0.066481,-0.311549,-0.015898,0.118638,-0.036155,-0.031746,0.011155,0.096113,0.026578,0.002828,0.044912,0.124076,0.048001,0.185869,-0.08013,-0.011796,-0.327688,-0.003374,-0.058693,0.080616,0.036326,-0.047454,-0.090828,0.144593,0.116695,-0.065647,0.093154,0.155605,-0.15456,-0.155576,-0.144942,-0.078383,-0.006217,0.104206,-0.100984,-0.11793,0.256285,0.035603,0.205277,0.121382,#
12,0.334209,0.358387,-0.170181,-0.247414,0.19024,-0.012332,0.323487,0.149055,0.444294,0.404538,-0.387657,-0.103194,1.0,0.339421,0.228732,-0.39418,-0.258919,0.277098,0.037002,0.017497,0.024229,0.226776,0.390328,0.047617,-0.227751,-0.119124,0.217895,-0.264347,0.233033,0.27867,-0.198792,-0.020365,0.220797,-0.200321,-0.23473,0.055644,0.108574,-0.205413,-0.018899,-0.34226,0.099002,0.220217,0.119303,-0.027807,0.020079,-0.390211,0.408626,0.252972,-0.210616,-0.079741,0.01549,-0.242789,0.07365,-0.046994,-0.041208,0.017131,0.143004,-0.16239,0.178281,0.063469,0.348678,0.110676,-0.123071,0.006417,0.161735,0.467045,-0.065957,0.254249,0.251911,-0.17597,0.166919,-0.027118,-0.30835,-0.215096,-0.249272,0.343475,0.083937,-0.222307,-0.146429,-0.255233,-0.014287,-0.419031,-0.340377,-0.136585,-0.109001,0.098951,-0.120809,0.182242,-0.088813,-0.156748,-0.182809,0.055236,-0.52642,0.294277,-0.253133,0.058513,0.39195,0.005802,0.161045,-0.099832,0.01985,-0.021237,0.003431,0.05557,-0.089266,-0.127502,-0.227066,-0.146125,-0.293006,-0.25278,0.343769,0.112675,-0.067303,-0.311954,-0.026433,-0.027988,-0.225824,-0.171378,0.136789,-0.480599,-0.137971,-0.37427,-0.020369,-0.349252,0.084365,0.248768,-0.035916,0.114846,0.077221,0.092549,-0.339296,-0.17487,-0.211198,-0.127923,-0.179617,-0.064954,-0.197085,-0.219426,0.173387,-0.138616,-0.069885,-0.225278,-0.22897,-0.229173,0.008602,-0.07472,-0.124367,0.34081,-0.070562,-0.350477,-0.047064,-0.415728,0.170681,-0.325717,-0.008733,0.092763,0.573937,0.445832,0.096679,-0.441515,0.105419,-0.195304,0.077054,0.113839,0.222748,0.496915,-0.004396,-0.11141,-0.354699,0.073016,-0.00012,0.12531,-0.071523,-0.079656,0.414888,-0.197617,-0.147963,0.132883,0.518692,-0.247132,0.103811,0.01988,-0.130892,-0.198652,0.233037,-0.097603,0.51262,-0.042108,-0.506105,0.365433,0.395156,0.182636,0.028682,0.091753,0.107508,-0.057827,0.044116,-0.142319,0.164838,0.266622,#
13,0.364343,0.312702,-0.1049,-0.221281,-0.083008,0.047494,0.013804,0.182677,0.165964,0.279353,-0.387155,-0.132018,0.339421,1.0,0.195901,-0.034008,-0.329871,0.327069,0.154891,-0.007576,-0.06473,0.523304,0.544908,0.303018,-0.1366,-0.116497,0.484992,0.221976,0.205253,0.431187,-0.222435,0.147204,0.154254,-0.026965,0.035531,0.180974,0.070995,-0.160822,0.180928,-0.191029,0.009045,0.136787,0.355062,0.238698,-0.221606,-0.434159,0.316394,0.054067,-0.213076,0.077952,0.063182,-0.203505,0.05467,-0.004555,-0.103291,-0.076843,-0.005396,-0.011206,0.197713,0.094587,0.400295,0.056854,-0.26912,0.222021,0.180034,0.222733,-0.207266,0.452116,0.224621,0.025871,-0.119445,-0.078766,-0.222226,-0.096261,-0.262984,0.195423,0.049589,-0.191549,-0.258552,-0.013384,-0.247312,-0.366371,-0.082669,0.124893,-0.042435,0.020767,-0.059461,-0.157773,0.065866,-0.270259,-0.082916,-0.199348,-0.281892,0.2428,-0.128452,-0.137898,-0.005396,-0.048825,-0.169892,-0.232013,-0.141061,-0.11714,-0.108795,-0.212589,-0.114828,-0.136486,0.086053,-0.375322,-0.256801,-0.189702,0.260313,0.119135,-0.127551,-0.054138,-0.186377,-0.196233,-0.295084,-0.242402,0.078398,-0.247918,-0.172593,-0.315517,-0.082771,-0.364774,-0.048904,0.106404,-0.065476,-0.017092,0.073723,-0.106819,-0.181816,0.016567,-0.339668,-0.140734,-0.414453,-0.132747,0.039383,-0.213285,0.125915,-0.207466,-0.169825,-0.31993,-0.409043,-0.207187,-0.317366,-0.090258,-0.212608,0.174767,-0.251276,-0.324566,-0.160471,-0.365845,0.065278,-0.232372,-0.10409,0.04025,0.363522,0.296249,-0.089007,-0.198038,0.042158,-0.239331,-0.088228,0.157861,0.017064,0.224683,-0.007384,0.101757,-0.223032,0.027877,-0.066193,0.198321,-0.19538,-0.260823,0.34224,-0.311721,0.019742,0.030891,0.523315,-0.352264,0.219319,-0.072852,-0.182152,-0.011654,0.088429,0.078156,0.073249,-0.215564,-0.286929,0.410979,0.035787,0.048535,0.132918,0.29077,0.120042,0.09458,0.27653,-0.228391,0.2094,0.109767,#
14,0.101381,0.392838,-0.033893,-0.211622,0.344908,-0.065602,0.429053,0.11795,0.182368,0.170959,-0.087922,-0.122474,0.228732,0.195901,1.0,-0.203751,-0.0589,0.010918,0.207257,-0.113786,-0.073333,0.082629,0.171494,0.222859,-0.181446,-0.007342,0.075742,0.235833,0.277536,0.092375,-0.400232,-0.111495,0.089567,-0.101568,-0.063742,0.302158,-0.076441,-0.338608,0.212232,0.122186,-0.258293,0.170087,-0.13652,0.198436,0.127842,-0.007721,0.242497,-0.024766,-0.0633,0.224942,0.108166,-0.220378,-0.037302,-0.112162,0.017764,-0.276405,-0.248538,-0.035374,-0.119352,-0.059555,-0.023698,0.308274,-0.372501,0.223054,-0.02491,0.118918,0.003798,-0.022887,0.042232,-0.313435,-0.216864,-0.293466,-0.002817,-0.313006,-0.377398,0.259191,-0.022545,-0.477429,-0.258996,-0.357023,-0.24448,-0.410357,-0.356588,-0.027456,-0.406496,0.047486,-0.283409,-0.157733,-0.424774,-0.211563,-0.135179,-0.174271,-0.183822,-0.050568,-0.38984,-0.262155,-0.243899,0.037676,-0.192075,-0.139356,0.299284,-0.309038,-0.280468,-0.324712,-0.29085,-0.166717,-0.342732,-0.119718,-0.320728,-0.206414,-0.041332,0.123286,-0.284729,-0.386018,-0.223075,-0.165477,-0.209072,-0.359896,-0.293321,-0.207074,-0.386183,-0.202553,-0.318064,-0.218576,0.107843,-0.439014,-0.195595,0.004751,-0.265856,-0.190753,-0.118835,-0.331234,-0.395958,0.089331,-0.19375,-0.189837,0.097906,-0.062691,0.009224,-0.18334,-0.328281,-0.230168,-0.212472,-0.0652,-0.225121,-0.271972,-0.210743,0.330676,-0.455798,-0.237985,-0.340946,-0.279887,-0.192658,-0.186752,-0.269912,-0.081745,0.17175,0.296617,-0.355187,0.014162,0.257827,-0.139146,0.154369,0.026868,-0.21983,0.272665,-0.061683,0.143297,-0.021484,-0.080093,0.34325,0.142755,-0.116357,-0.393317,0.414209,-0.308545,-0.213665,0.122613,0.314678,-0.204084,0.184451,0.213041,0.385295,0.144435,0.212292,-0.30751,-0.084819,-0.051129,-0.151901,0.247239,0.003437,0.552306,0.195941,0.219499,-0.065756,-0.077966,0.070557,-0.220085,-0.18604,0.221833,#
15,-0.022167,-0.248619,-0.158234,-0.151579,-0.060453,0.106153,-0.083195,0.099662,-0.412775,-0.025067,0.206972,0.084079,-0.39418,-0.034008,-0.203751,1.0,-0.004795,-0.307854,0.011977,-0.088367,-0.21649,0.090807,-0.134816,0.033223,0.103096,-0.005739,-0.056223,0.012004,0.150998,-0.171072,-0.083854,-0.090852,-0.174959,0.151182,0.02757,0.254794,-0.103205,0.272329,0.11776,0.130437,-0.155348,-0.364126,-0.081013,-0.018471,-0.182512,0.169961,-0.192719,-0.015031,-0.157309,0.071289,0.151444,0.166256,-0.065998,0.093848,-0.021298,0.094447,0.096883,0.008134,-0.044862,-0.235823,0.060971,0.059142,0.255666,-0.089494,-0.009697,-0.235337,-0.249418,-0.000266,0.017676,0.044304,-0.0743,-0.250504,0.134283,0.130262,0.111235,-0.03788,-0.090105,0.129869,-0.099824,0.248566,-0.224677,0.04399,0.2809,0.121289,0.284935,-0.184849,0.103198,-0.313733,0.128577,0.004306,0.137575,-0.058582,0.230204,-0.076297,0.092258,0.146589,-0.127724,0.136448,-0.17971,-0.135025,-0.040379,0.02193,-0.13581,0.025935,0.202544,-0.014898,-0.051413,0.068971,-0.011821,-0.053874,-0.276121,-0.032387,0.144542,0.06984,-0.113184,-0.020952,0.143744,0.175874,0.003882,0.244921,0.061748,0.223612,0.020089,0.014,-0.161739,0.027994,0.077662,0.014157,-0.014818,-0.16713,-0.055212,0.205343,0.031524,0.046278,-0.105251,-0.065548,-0.068175,-0.039951,-0.20429,-0.052802,0.067892,-0.020724,-0.03715,0.252061,0.018102,-0.06929,-0.017524,-0.276073,-0.021006,-0.075004,-0.023289,0.112863,-0.205082,0.158547,0.006049,0.013996,-0.244763,-0.170403,-0.169181,0.212604,0.144032,0.055079,-0.140475,0.044716,-0.26443,-0.356386,0.175525,0.078854,0.071463,-0.119931,-0.000414,-0.159852,-0.077617,0.088848,-0.233069,0.031704,0.054787,-0.107461,-0.246843,0.236563,0.113883,-0.171719,0.056449,0.028325,-0.126052,0.122627,-0.189884,-0.102047,0.115593,-0.180022,-0.266137,-0.248842,0.0246,0.002671,0.051765,0.010136,0.060662,0.056679,0.068517,-0.179042,#
16,0.109272,0.06325,-0.077592,-0.091274,0.064937,0.21073,-0.201706,-0.144964,-0.15203,-0.268507,0.204432,0.0055,-0.258919,-0.329871,-0.0589,-0.004795,1.0,-0.01256,-0.044808,-0.292287,0.039529,-0.330941,-0.254066,-0.281667,0.016312,-0.109733,-0.446642,0.016241,-0.16767,-0.203598,0.053277,-0.13151,0.049854,-0.181102,0.0772,0.219619,0.08215,-0.077421,-0.250084,0.116569,-0.083491,-0.323194,-0.055347,0.309016,0.254182,0.143043,-0.36949,-0.221583,0.097896,-0.007038,0.094906,-0.075528,0.042708,-0.086257,0.113046,-0.034875,-0.278114,-0.025382,0.034686,0.0042,-0.142454,0.033708,0.131727,-0.118193,0.04647,-0.082459,0.093016,-0.102159,-0.05452,-0.018295,-0.368777,0.175883,0.196696,-0.053094,-0.006756,0.150678,-0.081826,0.073303,-0.029753,-0.164277,-0.07386,0.154601,-0.021555,-0.099468,-0.143862,-0.384936,-0.303362,-0.271682,0.07297,-0.190642,-0.076324,-0.205845,0.088217,-0.355204,-0.075895,-0.257766,-0.129351,-0.272906,-0.333599,0.008377,0.210169,-0.169747,-0.173896,-0.185857,-0.003332,-0.038574,-0.076939,0.126669,-0.057763,0.098194,-0.114135,-0.078387,-0.107894,-0.065431,-0.133686,0.166707,-0.23503,-0.160354,-0.18425,0.162615,-0.228543,0.092562,-0.320039,0.157777,0.160022,-0.32456,-0.125427,-0.108048,-0.25756,-0.040336,-0.00796,0.150069,0.059224,0.077063,-0.083332,-0.180035,0.21651,-0.24249,-0.304124,-0.034187,-0.401492,0.136683,-0.0829,0.013333,0.132826,-0.039887,-0.030219,-0.024822,0.019369,-0.023366,-0.15023,0.260342,-0.207186,0.016206,-0.147115,-0.404066,-0.209879,0.052889,-0.253331,-0.011766,-0.078268,-0.059649,0.073387,-0.231216,-0.154921,0.11621,-0.042733,-0.09725,0.056329,-0.346981,0.14039,-0.023648,-0.12539,0.023243,-0.122243,-0.078193,-0.135938,0.209036,-0.050162,0.159612,-0.083017,0.184292,0.306376,0.130227,0.061106,-0.078096,0.015323,0.290872,0.285349,0.001569,-0.257203,0.17407,0.222535,0.103379,-0.211679,0.495354,0.143595,-0.111378,-0.336681,-0.020134,#
17,0.281855,0.41304,0.106195,0.018802,0.085606,0.028885,0.054474,-0.068821,0.219551,0.109375,-0.202772,0.108328,0.277098,0.327069,0.010918,-0.307854,-0.01256,1.0,0.159868,0.092489,0.211804,0.127724,0.151298,-0.078652,-0.020002,0.010886,0.156952,0.089319,0.109968,0.321886,-0.141973,0.080818,0.187852,-0.145024,0.128546,-0.104131,-0.0001,-0.107391,-0.049218,-0.093715,0.063998,0.270874,0.100258,-0.030989,-0.186496,-0.362632,0.211188,0.152166,0.130839,-0.150588,0.136772,-0.162763,-0.00115,-0.150683,0.046575,-0.259662,-0.192241,-0.20882,-0.061315,0.018307,0.017351,0.266636,-0.090259,0.057215,0.064762,0.254198,0.108123,0.296491,0.124296,0.336287,0.073159,0.118496,-0.467079,-0.029754,-0.12295,0.119543,-0.065556,-0.125874,-0.122675,-0.328131,0.045027,-0.160147,-0.110871,-0.039875,-0.101384,0.160546,-0.173027,0.170137,0.132306,-0.089643,0.071474,-0.070722,-0.150747,0.170281,-0.11206,0.201246,0.268183,-0.1317,-0.14016,-0.319233,-0.237496,-0.131163,-0.099955,0.116532,-0.261353,-0.037566,-0.166716,-0.34006,-0.368896,0.05606,0.336896,0.027617,-0.001088,0.000282,0.101997,-0.088345,-0.268807,-0.222141,0.164706,-0.263667,-0.138934,-0.13052,-0.220916,-0.212889,-0.126455,0.209334,0.052331,0.092971,0.080131,0.086102,0.06236,-0.134906,-0.125211,-0.230601,-0.078041,-0.114271,0.155583,-0.212163,0.199467,-0.087573,-0.028407,-0.168712,-0.185825,-0.308791,-0.226146,0.074557,-0.017448,0.179717,-0.006157,-0.136297,-0.177998,-0.259512,0.342557,-0.148553,-0.289294,-0.103811,0.347612,0.336742,-0.261639,-0.092135,-0.164717,-0.017726,0.123317,0.128108,-0.178836,0.360772,0.087753,0.019535,0.096626,0.057262,-0.15728,-0.001902,-0.261499,-0.081342,0.113941,-0.077919,0.064009,0.033397,0.397326,-0.350389,0.025946,0.051298,-0.220047,-0.219574,0.054631,-0.064914,0.310293,0.203443,-0.345336,0.208207,0.195439,0.090706,0.003681,0.121146,-0.211361,0.03314,-0.079655,-0.157744,0.213378,0.124525,#
18,0.001059,0.283345,0.012377,-0.10917,0.051098,-0.26903,0.107237,-0.062458,0.217769,0.179171,-0.004919,-0.297578,0.037002,0.154891,0.207257,0.011977,-0.044808,0.159868,1.0,-0.32361,0.130244,-0.256119,0.025697,0.113411,-0.043737,-0.068199,0.150827,0.204738,0.072752,0.298222,-0.109021,0.02501,0.171731,-0.099616,0.117559,0.113873,0.166692,-0.138271,-0.010773,0.061281,-0.104396,-0.173007,0.225856,0.006765,-0.069716,-0.1748,0.063016,-0.108051,0.153652,0.002893,-0.02784,-0.023344,-0.082759,0.028566,0.201904,-0.003055,-0.083116,-0.160406,-0.206056,-0.131151,-0.05857,0.090123,-0.077078,0.315722,0.049124,0.091764,0.034002,0.095731,0.03092,-0.063974,-0.193911,-0.292358,0.002582,-0.304749,0.005622,0.143056,-0.211318,-0.029141,0.115606,-0.2771,-0.291302,-0.214846,-0.25652,0.181002,-0.281424,0.008873,-0.101006,-0.081185,-0.169457,0.041199,-0.051268,-0.193738,-0.269303,-0.241339,-0.236883,-0.237593,-0.050141,-0.147354,-0.096321,-0.139417,-0.185163,-0.05016,-0.113669,-0.22101,-0.187498,0.070837,-0.215321,-0.104243,-0.179559,-0.036924,0.143861,0.058584,0.045567,-0.191127,-0.131283,-0.324279,-0.075537,-0.108969,0.056893,-0.20367,-0.270817,0.02922,-0.374485,-0.171721,-0.129463,-0.17798,-0.045263,0.010534,-0.221938,-0.391951,0.131795,-0.277691,-0.091241,0.161064,-0.106732,-0.172866,0.004091,-0.110862,-0.121907,-0.114266,-0.169686,0.018668,-0.2463,-0.162476,-0.178386,-0.104745,-0.250255,0.260917,-0.161574,-0.147156,-0.306941,-0.147963,0.1174,-0.106178,-0.275823,-0.219572,-0.016307,0.169948,-0.236466,0.056123,-0.051668,0.057403,0.135412,0.04532,-0.144434,-0.044917,-0.080694,0.191204,-0.086003,0.01456,0.10696,-0.032391,0.014664,-0.066739,0.269117,0.130719,0.053799,0.155872,0.164928,-0.317091,0.099629,0.029978,0.195122,-0.021809,0.118704,0.001046,-0.076635,-0.011139,-0.073718,0.285565,-0.045702,0.122817,0.258363,0.300728,0.061491,-0.042279,0.129183,-0.187987,-0.338273,-0.032934,#
19,-0.190442,-0.231038,0.081342,0.263381,-0.002535,0.100085,-0.089849,-0.051615,-0.056511,-0.194527,-0.252256,0.020336,0.017497,-0.007576,-0.113786,-0.088367,-0.292287,0.092489,-0.32361,1.0,0.222144,0.109674,0.043777,-0.05846,0.209351,-0.08403,0.036102,-0.069892,-0.072196,-0.123995,0.071355,0.16623,0.043161,0.106659,-0.183828,-0.334247,0.006324,0.133636,-0.078597,0.023178,0.28643,0.362721,-0.095394,-0.110502,0.020152,0.096149,0.354181,0.357461,0.133099,-0.057935,0.071393,0.002494,0.196783,0.080089,-0.075971,0.175144,0.262618,-0.203017,0.175037,0.006916,-0.157496,-0.101611,0.253695,0.004589,-0.071127,0.051424,0.056711,0.125121,-0.027301,0.006991,0.389798,0.061991,0.032206,0.357569,0.140953,-0.336576,0.351219,0.177841,0.213588,0.179032,0.477666,0.217717,0.256738,-0.00452,0.218919,0.010323,0.261219,0.283429,0.348099,0.130335,0.26524,0.316619,0.276552,0.357036,0.182515,0.277535,0.2521,0.218065,0.031366,0.194799,-0.072901,0.393568,0.210798,0.390957,0.382339,0.277336,0.230698,-0.225549,0.364393,0.007456,0.202948,-0.282503,0.144713,0.392051,0.29192,0.136866,0.081,0.381391,0.024247,0.061397,0.308615,0.034119,0.418049,0.024444,0.212392,0.229638,0.044769,-0.018383,0.082277,0.365004,0.020743,0.230411,0.156689,-0.217543,0.296197,0.021776,0.120437,0.196179,0.130869,0.318595,0.357505,-0.122826,0.110129,0.083924,0.102442,0.172099,0.189972,-0.308842,0.431205,-0.115075,0.231612,0.134182,0.262814,0.288694,0.226624,0.386358,0.066508,-0.119226,0.376085,0.051365,-0.067828,-0.020265,-0.064706,0.23299,0.107665,-0.090771,0.336216,-0.028003,-0.128786,0.095344,-0.409573,-0.037521,0.252257,0.198419,-0.207532,0.143036,0.252336,-0.332217,-0.176,0.05714,-0.191697,-0.096245,-0.130498,-0.107111,-0.386344,0.06807,0.116247,0.123083,-0.132706,-0.46783,0.288863,-0.272601,-0.272929,-0.299742,0.132678,-0.297807,-0.407901,0.421221,0.255982,0.068742,#
20,-0.10554,-0.066344,-0.056318,0.207067,-0.041894,-0.166532,-0.205859,-0.004573,0.050713,-0.104142,-0.094974,-0.121463,0.024229,-0.06473,-0.073333,-0.21649,0.039529,0.211804,0.130244,0.222144,1.0,-0.267309,-0.260848,0.097361,0.197036,0.051674,-0.08832,0.167953,0.039636,0.087269,0.274653,0.007221,0.155805,0.009306,-0.000926,-0.344346,0.008479,0.034592,0.050564,0.001298,0.06444,-0.04236,-0.074246,-0.154239,-0.056738,0.129533,0.28629,0.063034,0.081165,0.011196,0.015385,-0.02956,-0.037169,0.221659,0.044331,0.17024,0.007533,-0.000912,-0.042403,0.02646,-0.072032,0.142667,0.08032,-0.107478,-0.102323,0.059382,-0.077485,0.212127,-0.165745,-0.222927,-0.009215,0.099156,0.079501,0.287821,0.19666,-0.261236,0.155879,0.305809,0.023402,0.063354,0.061879,0.2375,0.199994,0.062225,-0.040039,-0.071712,0.168196,0.150479,0.380831,0.201635,-0.049078,0.019315,0.08296,0.144974,0.072571,0.152135,0.260347,0.070345,0.166146,0.075448,-0.067647,0.070284,-0.053299,0.083005,0.141109,0.183467,-0.043654,0.103909,0.105633,0.068339,0.091795,-0.226864,0.048336,0.171082,0.168858,0.167878,0.019259,0.236821,0.169007,0.154576,0.104726,0.283292,0.085329,0.232338,0.222948,0.147743,-0.255273,-0.292655,0.017121,0.115821,0.097898,0.040347,0.285773,-0.101742,0.101448,-0.017214,0.076016,-0.006737,0.09637,0.461784,0.018818,0.015913,0.156626,-0.074477,0.245287,-0.007371,0.251284,-0.237613,0.228345,0.108056,0.002458,0.199794,0.354475,0.297806,-0.037961,0.215811,0.143735,-0.053916,0.168878,0.111511,-0.219724,0.029433,-0.030444,0.011546,0.114192,0.026768,0.135783,-0.153508,0.019857,0.027236,-0.204857,0.045613,0.283477,-0.055916,-0.18291,0.171358,0.10199,-0.08962,-0.102582,0.042065,-0.145538,0.101383,0.005068,-0.178174,-0.014097,0.254323,0.12028,0.332027,0.039946,-0.155294,0.185302,-0.048839,-0.193646,-0.248032,-0.328906,-0.072535,-0.281838,0.15109,0.130715,0.005169,#
