0,1.0,0.204865,-0.041432,-0.244506,0.428895,0.078793,0.220324,-0.004762,0.315916,-0.001049,-0.130787,0.234109,0.400167,0.074328,0.106152,0.054628,0.159861,-0.003995,0.158002,-0.25619,-0.316457,0.068304,0.162664,-0.242843,-0.100323,-0.263177,-0.290285,-0.060164,0.199741,0.122379,-0.351812,-0.047267,-0.172971,-0.19639,-0.324925,0.067465,0.16157,0.076721,0.132592,-0.075399,0.148589,-0.170188,-0.073595,0.11003,-0.086595,-0.044422,0.42487,0.167302,-0.008716,0.30599,0.052079,-0.053718,0.176312,-0.120477,0.074799,0.032823,-0.265356,0.120183,-0.162296,0.016681,0.183325,0.02934,0.027522,-0.061278,0.101171,0.315442,0.000591,0.025628,0.261631,-0.141151,0.147201,-0.354999,-0.131714,-0.295373,-0.314251,0.236359,-0.155456,-0.208096,-0.234645,-0.119743,-0.209568,-0.345468,-0.154747,0.002274,-0.149829,-0.10631,-0.401428,-0.230212,-0.003746,-0.320143,-0.087383,-0.127254,-0.061158,-0.045779,-0.086905,-0.158622,-0.381011,-0.274151,0.004007,-0.336973,0.096824,-0.412857,-0.164438,-0.252879,-0.221185,-0.114492,-0.190618,-0.105464,-0.194867,-0.08468,-0.007013,-0.074626,-0.007685,-0.345077,-0.36642,-0.326605,-0.224076,-0.238668,0.10691,-0.492992,-0.197458,-0.254398,-0.355908,-0.262631,-0.28581,-0.05357,-0.250433,0.052531,-0.03812,-0.252018,-0.12213,-0.155051,-0.052924,0.061841,-0.336321,-0.458582,-0.038957,-0.407487,-0.02196,-0.38361,-0.267136,-0.221421,-0.272743,-0.168704,-0.325376,-0.105632,-0.386978,0.244351,-0.312498,-0.24853,-0.262957,-0.340715,-0.080525,-0.167536,-0.40132,-0.138043,0.311078,0.291564,-0.363971,-0.188677,-0.164746,-0.027702,-0.296137,-0.114716,0.086451,0.017377,0.134025,-0.070808,-0.202111,-0.301148,-0.030256,0.19486,-0.08617,-0.19356,0.235795,-0.047678,0.083465,0.220501,0.283372,-0.36879,0.11374,0.151586,-0.04211,0.050436,0.333132,-0.073329,0.260292,0.145255,-0.141381,0.405547,-0.224962,0.018772,0.329453,0.327531,-0.05729,0.198108,0.27994,-0.282718,-0.175819,0.062447,#
1,0.204865,1.0,-0.014952,0.122421,0.1318,-0.027465,-0.044019,0.023213,0.040796,0.127576,-0.25574,0.087787,0.02905,-0.010256,0.167521,-0.03718,-0.154844,0.129487,0.055126,-0.126269,-0.044748,0.217912,0.057273,-0.042229,-0.088449,-0.059746,0.054448,0.054041,0.221325,0.259043,-0.410054,0.155572,0.022152,0.101324,-0.182778,0.061687,0.291458,-0.059101,0.04237,-0.137153,0.191793,-0.027802,0.235323,0.079071,-0.27044,-0.241585,0.283065,0.220758,0.048828,0.255902,-0.004944,-0.12384,0.086491,0.035189,0.043076,-0.047637,-0.150432,-0.1221,-0.168022,0.017312,-0.038263,-0.065373,-0.049199,0.074508,0.063891,-0.07098,0.152942,0.134104,0.151174,0.068948,-0.075664,-0.191869,0.034114,-0.030893,-0.112345,0.066614,-0.135478,-0.07835,-0.112491,-0.231681,-0.097178,-0.229436,-0.187863,0.12126,-0.204222,-0.063959,-0.205871,-0.018695,0.011671,-0.034391,0.15915,-0.017979,-0.11887,0.148032,-0.246255,-0.023262,-0.101422,-0.075692,-0.139122,-0.036626,0.06523,-0.108765,-0.276856,-0.135673,-0.457041,-0.187351,-0.311657,-0.081151,-0.081562,-0.163355,0.047173,0.215404,-0.071736,-0.225037,0.009678,-0.021151,-0.119778,-0.179792,0.140593,-0.058809,-0.173548,-0.059364,-0.115082,-0.17188,0.061347,-0.073672,-0.122223,-0.037779,0.092758,0.073413,-0.173788,-0.144024,0.008573,0.137584,-0.178172,-0.07846,-0.192561,-0.22348,0.141132,-0.183599,-0.157188,0.101205,-0.033616,-0.264442,-0.113139,-0.256595,-0.10667,0.127396,-0.193444,-0.133494,-0.246499,-0.189329,-0.048307,0.051754,-0.120721,0.006108,0.035034,0.147154,-0.056305,-0.051713,0.000283,0.003682,-0.107464,-0.057833,0.050276,0.258076,0.147099,-0.256165,-0.171279,0.003385,-0.261076,0.005247,-0.158214,-0.032264,0.105029,0.207922,0.015457,-0.010491,0.07074,-0.213574,0.008814,-0.012444,-0.074057,-0.095632,0.043431,-0.130515,0.117116,-0.097568,-0.207135,0.196762,-0.073267,0.14361,0.120214,0.156285,-0.067863,-0.023546,0.159663,-0.228018,-0.041263,0.048428,#
2,-0.041432,-0.014952,1.0,0.222782,0.002902,-0.324672,0.023566,-0.121471,-0.052031,0.195202,-0.035257,-0.057294,-0.040459,-0.059228,-0.20752,-0.16423,0.011732,0.203156,0.054247,-0.069525,-0.024141,-0.054738,0.003159,0.167656,-0.015738,-0.098495,0.098738,-0.304666,-0.027062,-0.067767,-0.044672,0.015659,-0.055042,0.066484,-0.247916,-0.049491,-0.077341,0.083068,0.071605,-0.295139,-0.134065,0.118178,0.030414,-0.153454,0.224256,-0.310901,0.102427,0.216792,-0.184607,0.125737,-0.168377,0.04263,-0.154284,0.268526,-0.137113,-0.265643,-0.133954,0.002228,-0.102784,0.003375,-0.012638,0.096373,-0.227611,-0.223092,-0.012494,0.137905,-0.091362,-0.034792,-0.112486,-0.048575,0.087224,0.026433,0.024025,0.195179,-0.068512,0.239286,-0.033301,-0.096314,-0.123359,-0.026682,0.02704,0.08592,-0.189059,0.261776,0.027373,-0.169317,-0.030408,-0.011499,-0.139163,-0.124338,-0.017712,-0.396321,0.1704,0.020682,-0.177474,0.275378,0.149465,0.190351,-0.019105,0.03144,-0.16685,-0.158516,-0.099883,0.062701,-0.132491,-0.077353,0.099433,0.07623,-0.019575,0.20395,0.233738,0.083673,0.050047,0.046537,0.187213,0.010033,-0.104912,-0.224351,0.048049,-0.008471,-0.282867,0.171251,0.069223,-0.032942,-0.07503,0.177758,-0.146748,-0.067739,0.067851,0.134737,0.272193,0.13184,-0.070202,0.021058,0.24158,-0.069256,0.180957,0.261639,0.014552,-0.250383,0.170528,0.354442,0.083972,-0.207918,-0.071365,0.142478,-0.037359,0.016689,-0.307902,0.126737,-0.063306,0.41863,0.262495,0.062061,-0.060254,0.009244,4e-06,0.122686,0.05233,-0.069753,0.234122,-0.074088,0.298873,0.097355,-0.016938,-0.051346,-0.200128,-0.263805,0.037187,0.059846,0.011685,0.137428,-0.049115,0.037603,-0.144141,0.098126,-0.191761,0.021651,-0.174623,0.074648,0.102033,0.03127,0.011139,-0.037229,-0.351742,0.176363,-0.052034,0.069461,0.030478,-0.052504,0.21137,-0.010438,-0.066846,-0.016124,-0.162829,-0.170673,-0.135452,0.043364,0.210351,-0.198194,#
3,-0.244506,0.122421,0.222782,1.0,-0.115348,-0.158896,-0.307546,-0.166275,-0.31955,-0.1174,0.134257,-0.335462,-0.253637,-0.204852,-0.096145,-0.074714,0.120275,-0.038212,0.068391,0.022849,-0.101958,0.001189,-0.285521,-0.043723,0.145859,0.172429,-0.121987,0.087988,-0.04539,-0.169214,0.137069,-0.0991,0.168021,-0.077114,-0.203317,-0.232987,-0.209012,0.06213,0.050677,0.208231,0.047811,-0.188909,0.122406,0.015164,0.033948,0.092339,-0.258766,-0.317305,-0.000718,-0.048029,-0.232043,0.314629,-0.126895,0.289309,0.080969,0.185243,0.065276,0.078249,-0.037091,-0.193368,-0.150417,-0.115822,0.097347,0.014565,-0.137734,-0.345292,0.0718,-0.090823,-0.383912,0.132098,-0.124702,0.230419,0.230581,0.37595,0.108512,-0.02565,0.166739,0.118432,0.363124,0.080543,0.026917,0.143931,0.141666,0.070592,0.111271,-0.003851,0.114885,0.138602,0.113754,0.024116,0.214635,0.18396,0.06324,0.007719,0.059802,0.15437,0.217847,0.327294,0.039001,0.131748,-0.003473,0.059931,0.29894,0.161883,-0.074073,0.041314,0.247419,0.11479,0.255575,0.199274,0.002199,-0.097371,-0.017307,-0.034749,0.072125,0.241209,0.403943,0.024744,-0.116947,0.428284,0.126463,-0.027397,0.200062,0.275719,0.295058,0.109687,-0.03813,-0.050267,0.111572,0.274779,-0.010702,0.05836,-0.017259,-0.136309,0.155335,0.27736,0.187796,0.059001,-0.164141,0.14051,-0.017759,0.32361,0.305663,-0.13137,0.105093,0.091032,0.025263,-0.272659,0.121173,0.241613,0.203982,0.449189,0.206172,0.176564,0.1876,0.150251,-0.202663,-0.387984,0.232264,-0.079903,-0.020209,0.05269,0.038906,-0.121478,-0.30441,-0.12499,0.016004,-0.209523,0.236971,-0.064984,-0.238208,-0.247916,0.139867,0.245812,-0.147825,0.082675,0.144084,-0.219804,-0.341894,0.365993,-0.44137,0.034912,0.034395,-0.121178,-0.148368,-0.100649,-0.166685,-0.152579,0.235552,-0.314117,0.178931,-0.021121,-0.179951,-0.223376,-0.121865,-0.163482,-0.295302,0.133916,-0.250209,-0.109169,#
4,0.428895,0.1318,0.002902,-0.115348,1.0,-0.006769,0.121693,-0.089071,0.043335,0.162047,-0.208492,0.172512,0.249876,0.028927,0.046056,-0.13197,0.185863,0.000179,-0.145145,-0.281529,0.042157,-0.007291,0.270208,-0.154848,-0.283796,-0.120424,-0.063147,-0.191858,0.046328,0.231215,-0.173395,0.032829,-0.284107,-0.014913,-0.356498,0.170239,0.076167,-0.235288,0.204267,-0.096484,0.101359,-0.16247,0.030274,-0.019509,-0.156245,-0.000548,0.21295,0.292981,0.089478,-0.027776,0.022049,-0.46716,0.029773,-0.11291,0.246393,-0.309259,-0.376041,0.157077,-0.211256,-0.098712,0.193048,0.131746,-0.112692,-0.132226,0.055272,0.374994,-0.052451,0.176759,0.254295,-0.077515,0.016242,-0.513324,0.094208,-0.581639,-0.343475,0.308224,-0.44285,-0.356885,-0.347147,-0.188201,-0.260906,-0.407019,-0.34327,-0.083014,-0.356846,-0.378543,-0.648835,-0.17636,-0.106136,-0.209066,-0.328047,-0.267886,-0.243685,-0.174142,-0.281568,-0.39652,-0.436259,-0.109998,-0.062575,-0.16094,0.130255,-0.289961,-0.145952,-0.272988,-0.425745,-0.492764,-0.182156,-0.224283,-0.142981,-0.145201,0.073039,0.03915,-0.285302,-0.433371,-0.276955,-0.057196,-0.202487,-0.499454,-0.066166,-0.30514,-0.268378,-0.251957,-0.314537,-0.186459,0.018241,0.025542,-0.438385,0.048866,-0.262144,-0.17287,-0.282086,-0.09264,-0.371001,0.047595,-0.27,-0.468337,-0.041512,-0.494831,-0.011269,-0.354772,-0.32058,0.004145,-0.024548,-0.161465,-0.507004,-0.274366,-0.274853,0.459233,-0.472053,-0.168181,-0.471604,-0.251593,-0.14833,-0.358302,-0.346364,-0.228048,0.198556,0.301147,-0.380883,-0.314311,-0.072148,-0.153931,-0.199998,-0.16599,-0.037065,0.258529,-0.027271,-0.144624,-0.258046,-0.177207,0.098921,0.017792,-0.36507,-0.456157,0.107712,-0.168848,-0.135316,0.177073,0.183359,-0.302083,0.217543,-0.085595,0.164668,0.089075,0.337541,-0.096932,0.316847,-0.122736,-0.067195,0.361921,-0.197856,0.273886,0.421317,0.335296,0.012949,0.151754,0.254674,-0.372008,-0.390318,0.083733,#
5,0.078793,-0.027465,-0.324672,-0.158896,-0.006769,1.0,0.225813,0.280243,-0.08229,-0.059818,-0.061726,0.087063,-0.161203,0.415045,0.233199,0.00973,-0.04875,-0.141564,-0.115473,-0.143945,0.098773,0.12076,0.038149,-0.33782,0.130877,-0.141547,0.063081,-0.078454,0.019822,0.089205,0.089964,0.234109,0.10666,-0.234952,-0.161507,0.009913,-0.088171,0.0642,0.118859,-0.019293,0.051004,0.071755,0.055431,0.246275,-0.114461,0.077433,-0.019813,0.050311,0.153339,0.064725,0.15927,0.027752,0.35675,-0.29674,-0.000681,0.104523,0.180031,0.156978,-0.08833,0.2936,0.235501,-0.034552,-0.110015,0.251248,0.06026,-0.015111,-0.204683,0.277384,0.04825,-0.156303,-0.149693,-0.17125,0.062409,-0.107325,-0.106429,-0.057206,0.163648,0.192347,-0.242946,0.012505,-0.020076,-0.119099,0.152929,-0.19063,-0.033455,0.178434,0.013319,-0.141704,-0.097586,-0.147337,-0.052646,0.060537,0.032788,-0.244056,0.103197,-0.137176,-0.152503,-0.166061,0.122334,-0.220538,-0.040634,-0.036308,0.109167,-0.330222,0.089765,-0.081412,-0.121939,-0.348613,-0.147941,-0.435237,-0.06409,0.14322,-0.179644,-0.167483,-0.158491,-0.202549,0.0077,-0.112381,-0.059469,-0.180762,-0.007615,0.029887,-0.046739,-0.124069,-0.201999,0.035141,-0.021812,0.056682,-0.102074,-0.197492,-0.030847,-0.240588,-0.090981,0.106442,-0.13288,-0.116334,0.024409,-0.180536,-0.130609,-0.009992,-0.162252,-0.334576,-0.369303,-0.232962,0.05077,0.00915,-0.005022,0.039248,0.21889,-0.122962,-0.092138,-0.081129,-0.062344,0.155994,-0.099791,-0.063354,0.296022,0.097021,-0.215986,0.118892,-0.198813,-0.035638,-0.004117,-0.02196,0.012958,0.157095,0.405173,0.161948,-0.037294,-0.075763,0.252431,-0.042533,0.065481,0.143735,0.355304,0.047132,0.006551,0.080324,0.249805,-0.181433,0.127426,0.05187,-0.003096,0.162914,0.266778,-0.335551,0.12618,0.02908,0.009998,0.263208,0.017071,-0.036008,0.178491,-0.170405,0.195405,0.176997,0.109869,-0.159875,0.025339,0.236942,#
6,0.220324,-0.044019,0.023566,-0.307546,0.121693,0.225813,1.0,0.257615,0.434187,-0.052645,0.18732,0.238056,0.092492,0.051983,0.095992,0.13504,-0.166824,-0.101355,0.144639,-0.068407,-0.014184,0.216975,0.161111,-0.317316,-0.06987,-0.037002,0.07092,-0.340639,0.296309,0.090211,-0.296907,0.018083,-0.104934,-0.26169,-0.020671,0.157515,0.195426,-0.138259,-0.080751,0.022682,0.014924,0.084953,-0.277792,0.001933,-0.101745,-0.040924,0.053675,0.230049,0.099921,0.264052,0.225987,-0.066037,0.112052,-0.05182,0.002565,-0.061093,0.072561,0.020329,0.04167,0.239629,0.29161,0.171847,-0.261566,0.180241,0.090846,0.05798,-0.014561,0.031903,0.253529,-0.257768,0.083902,-0.286084,-0.001586,-0.312628,-0.46515,0.250951,-0.191381,-0.289701,-0.491767,-0.254324,-0.158308,-0.295097,-0.101078,-0.403439,-0.300907,-0.034801,-0.23186,-0.120434,-0.372276,-0.096318,-0.105353,-0.326797,-0.080972,-0.148936,-0.453793,-0.075926,-0.267764,-0.496211,-0.209012,-0.189447,-0.116112,-0.232495,-0.291493,-0.359623,-0.082479,-0.07042,-0.129047,-0.21788,-0.371995,-0.141391,-0.003021,0.089055,-0.1697,-0.196775,-0.001182,-0.327077,-0.288732,-0.130063,0.027948,-0.439116,-0.201859,-0.129651,-0.096801,-0.437952,-0.224966,0.019512,-0.291607,-0.014567,-0.214194,-0.288778,-0.226727,-0.204551,-0.22764,0.019021,-0.198049,-0.23267,-0.006009,-0.236391,0.009498,-0.389059,-0.250496,-0.161375,-0.355625,-0.098924,-0.127577,-0.110971,-0.454469,0.516295,-0.045369,-0.329248,-0.14786,-0.268232,-0.343057,-0.034449,-0.221366,-0.248725,0.08055,0.405736,-0.094821,-0.258119,0.049401,-0.233878,-0.202889,-0.127275,0.000129,0.351555,-0.087484,0.085376,-0.025976,-0.109034,0.051087,0.072516,-0.019321,-0.15036,0.363305,-0.28894,-0.172915,0.518114,0.389208,-0.290513,0.453783,0.273354,0.075486,0.108412,0.403572,-0.028623,0.0515,0.080874,-0.08575,0.431581,-0.0,0.119829,0.35954,0.139479,-0.167747,0.283405,0.533751,-0.305368,-0.095604,0.163453,#
7,-0.004762,0.023213,-0.121471,-0.166275,-0.089071,0.280243,0.257615,1.0,-0.069805,-0.238074,-0.300083,-0.17154,-0.099641,0.115268,0.199054,-0.204112,-0.029525,-0.024701,0.090318,0.031692,-0.101555,0.421169,-0.161632,-0.164841,-0.047592,0.18437,0.284639,0.081408,-0.308271,-0.058736,0.017527,0.335626,0.187867,-0.137211,-0.036751,0.056611,0.091898,-0.13267,0.129714,-0.187168,-0.076736,0.197496,0.228532,0.034854,-0.21004,0.091612,0.074748,0.044819,-0.187824,-0.025869,0.026253,0.023609,0.23887,-0.370042,-0.031174,0.186251,0.186056,-0.04665,-0.072724,0.195919,-0.036408,0.218856,-0.109789,0.337463,0.218307,0.18982,-0.027869,0.062607,-0.054451,-0.277426,0.100164,-0.046669,-0.124247,-0.036753,-0.14516,-0.231948,0.109657,-0.02706,-0.159965,0.059919,0.139959,-0.090735,0.191141,-0.177437,0.040443,0.338895,0.105911,0.134014,0.068745,0.095485,0.040082,0.032759,0.106012,-0.040506,0.151606,0.124777,-0.224176,0.068743,0.017494,-0.212977,-0.076205,-0.110082,0.010471,-0.006288,-0.154866,-0.006871,0.099299,-0.335122,0.063421,-0.294566,-0.085531,0.174099,0.068929,-0.004453,0.079065,0.070952,0.035746,0.105789,0.033299,-0.092321,-0.091354,0.091649,-0.13464,-0.038213,-0.001318,0.149376,0.117909,-0.30281,0.086453,0.042748,-0.031043,-0.172028,0.064485,-0.045729,0.076286,-0.027053,0.128707,0.020918,-0.023357,-0.209146,-0.191993,-0.2955,-0.046722,0.113538,0.115941,-0.173648,-0.030416,0.020288,0.115692,0.08977,0.104698,-0.026129,0.192031,0.103724,0.288717,0.112362,0.09146,-0.043969,-0.252497,0.191076,0.144822,-0.049009,0.050849,0.090917,0.210548,0.040939,0.033169,0.142111,-0.078938,0.171643,-0.115253,0.004099,0.110172,0.099173,0.086868,0.086912,0.063207,-0.035958,0.01021,-0.212062,-0.03169,-0.120194,-0.051683,-0.088001,-0.088842,-0.087557,-0.041503,0.171129,-0.007647,-0.003585,0.060181,0.030333,-0.033596,-0.182885,0.096174,0.134604,-0.148338,-0.077583,0.059392,-0.129471,#
8,0.315916,0.040796,-0.052031,-0.31955,0.043335,-0.08229,0.434187,-0.069805,1.0,-0.01464,0.189896,0.145213,0.250307,-0.041663,0.245439,-0.050039,-0.162097,0.192182,0.28932,-0.063341,-0.172959,2.4e-05,0.270066,-0.074367,0.013587,-0.167076,0.000442,0.100519,0.346528,0.031358,-0.141663,0.073185,0.11055,-0.026385,-0.13151,-0.036518,0.413514,-0.170407,0.019399,-0.034969,-0.035465,-0.124265,-0.246892,0.047598,0.074587,-0.152132,0.24888,0.212184,0.156583,0.324371,0.093188,-0.086664,0.038399,0.148213,0.007859,0.003205,-0.009448,-0.060269,0.076685,-0.001114,-0.026582,-0.027734,-0.145308,0.06513,-0.030192,0.07878,0.253485,-0.136173,0.210667,0.150614,0.134382,-0.185664,0.060224,-0.087479,-0.183807,-0.021214,-0.041032,-0.275335,-0.221088,-0.151485,-0.068452,-0.188855,-0.133063,-0.025898,-0.092058,0.030617,-0.148708,-0.128277,-0.275143,-0.134758,0.09511,-0.078873,-0.300154,0.325985,-0.152791,0.163296,-0.119649,-0.31829,0.052855,-0.099111,-0.169991,-0.225779,-0.362804,-0.158162,0.135003,0.098867,-0.214535,0.156805,-0.205033,0.106873,0.096844,0.035782,0.100172,-0.033197,0.023673,-0.498901,-0.144245,-0.088794,0.211568,-0.333719,-0.118471,-0.12091,0.04697,-0.539025,-0.264478,0.04151,-0.090941,0.098859,-0.090087,-0.251739,0.104227,-0.044183,0.05413,0.058186,-0.027443,-0.088513,-0.124704,-0.076451,0.201574,-0.081894,-0.001818,0.06087,-0.384525,-0.168342,-0.190157,-0.071274,-0.065961,0.286013,-0.007199,-0.154515,0.080202,-0.250368,-0.197363,-0.126847,-0.086693,-0.175554,0.051009,0.412554,0.032279,-0.13508,0.17454,-0.132455,-0.138003,0.13409,0.159462,0.043113,-0.131525,-0.051997,-0.050344,0.039628,-0.182875,0.209591,0.110577,-0.259839,0.144827,-0.243158,-0.122166,0.262626,0.145259,-0.23632,0.271698,0.245791,-0.142548,-0.117457,0.044519,0.14422,-0.117413,0.03443,-0.266283,0.13626,0.107649,-0.152273,0.079645,0.062784,-0.141456,0.04991,0.291197,-0.187867,0.038593,0.00631,#
9,-0.001049,0.127576,0.195202,-0.1174,0.162047,-0.059818,-0.052645,-0.238074,-0.01464,1.0,-0.125883,0.157296,0.298143,0.256369,-0.266647,-0.108228,-0.466981,0.335548,-0.080226,-0.034227,0.147129,-0.181908,0.089152,0.101178,0.119158,0.135576,0.077399,-0.236399,-0.03165,0.185858,0.005824,-0.024615,-0.077733,0.250864,-0.266319,0.258246,0.058556,-0.173001,-0.150209,-0.188494,0.043613,0.288357,0.191548,0.210704,0.175426,-0.342988,-0.06007,0.408585,0.151221,0.111245,-0.213097,-0.159658,-0.032119,0.009249,-0.133903,-0.449258,-0.080666,-0.037278,0.15748,-0.034116,-0.042211,0.322083,-0.194605,-0.277765,0.081431,-0.041872,0.127539,0.276348,0.056545,-0.080966,0.026921,-0.144732,0.017569,0.007849,0.21165,0.213178,-0.174578,-0.339304,0.0178,0.036622,-0.068166,0.0445,-0.136813,-0.05406,0.042786,-0.181427,-0.21451,-0.07973,-0.194126,0.086261,-0.167198,-0.014561,-0.217377,0.173777,-0.102625,0.20085,0.150145,0.004967,0.132821,-0.114957,-0.090842,-0.14655,0.009253,-0.017609,-0.131366,-0.049609,-0.160687,-0.20344,-0.197288,-0.054837,0.369394,0.080866,0.007718,-0.103017,-0.053606,0.013857,-0.198335,-0.260768,0.238868,-0.322831,-0.009798,0.12176,0.101369,-0.022137,-0.186622,0.079484,-0.186587,-0.064121,-0.075844,0.162844,0.051273,0.154089,0.044237,0.669989,-0.078809,0.107894,-0.021643,0.0244,0.355478,-0.205797,0.204093,0.08996,-0.0693,0.010496,0.049513,0.046179,0.149465,0.070998,-0.270262,0.178468,-0.478731,-0.033043,0.111544,0.074741,0.03919,0.128195,0.210926,0.30079,-0.068896,0.114945,-0.033615,0.008259,-0.108319,0.315041,0.096254,0.237101,-0.23576,-0.117207,0.067035,0.003365,0.072892,-0.031224,-0.107071,-0.280101,0.096207,0.100977,-0.056918,-0.087941,0.192661,0.014226,-0.005013,-0.066453,-0.301511,0.05315,-0.1963,-0.046319,0.052687,-0.154446,-0.289682,0.285836,0.038309,-0.176093,-0.100475,-0.017424,0.002244,-0.325033,-0.004762,-0.029995,0.322989,-0.084213,#
10,-0.130787,-0.25574,-0.035257,0.134257,-0.208492,-0.061726,0.18732,-0.300083,0.189896,-0.125883,1.0,-0.085033,-0.185063,-0.003249,0.15181,0.213252,0.006029,-0.292158,0.136207,0.065785,-0.137751,-0.071384,-0.094609,0.111531,-0.04836,0.226984,-0.113119,0.102691,0.233235,-0.265309,0.112911,-0.139241,-0.098007,-0.187708,0.236311,-0.223678,-0.100744,0.146688,0.016245,0.329599,-0.255327,-0.114176,-0.261605,-0.010923,0.18509,-5.8e-05,-0.293944,-0.307761,0.231063,-0.086364,0.134356,0.259187,-0.017659,0.361665,-0.001119,0.260933,0.14338,-0.101212,0.073499,0.124048,0.104128,0.037529,0.104164,0.021602,0.105458,-0.156869,0.098042,-0.146679,-0.389889,0.062723,-0.096986,0.263238,0.23876,0.179688,-0.046731,0.170102,-0.006648,0.156624,0.083878,-0.069104,-0.108503,0.203699,0.097406,-0.017815,-0.036074,-0.071646,0.256814,0.068057,-0.166341,-0.150355,0.166341,-0.138249,0.210303,-0.133379,0.052173,0.208945,0.073257,-0.069415,-0.256716,0.115148,-0.003044,0.12391,-0.074148,0.008934,0.2572,0.238354,-0.085955,0.117913,-0.174146,0.341306,-0.154657,-0.203368,-0.058405,0.330526,-0.058997,-0.126471,0.079597,0.057485,-0.209473,0.137075,0.194219,-0.09525,0.246245,0.172357,0.154781,-0.07301,0.015321,0.084687,-0.044629,-0.077539,0.220778,-0.084543,-0.213132,-0.153431,0.164075,0.19457,0.131094,-0.060122,-0.09002,0.199741,0.051336,0.213208,-0.122985,-0.077311,0.05503,0.119822,-0.162468,-0.224454,0.386854,-0.125884,0.222628,0.134666,-0.302157,-0.001674,-0.043365,-0.135807,-0.308816,-0.002251,0.239185,-0.035331,-0.081441,-0.283836,0.020514,-0.1937,-0.192733,-0.141694,0.002924,0.206204,0.396875,-0.31213,0.111005,-0.310093,-0.054541,0.228216,0.052154,-0.187512,-0.219901,0.027319,-0.100333,0.117401,-0.038862,0.203696,0.144799,0.232577,-0.07434,0.230343,-0.134627,-0.189939,0.333359,-0.091575,0.017322,0.168063,0.012562,-0.142945,-0.065996,-0.051171,0.099666,-0.035011,-0.102602,0.041886,#
11,0.234109,0.087787,-0.057294,-0.335462,0.172512,0.087063,0.238056,-0.17154,0.145213,0.157296,-0.085033,1.0,0.035704,-0.077752,-0.060284,0.383689,-0.027493,-0.138216,-0.222796,-0.374316,-0.055597,-0.033922,-0.107645,0.027972,0.123701,-0.079558,-0.016337,-0.338584,0.14142,0.218129,-0.405318,-0.013415,-0.240228,-0.006343,-0.047727,0.227733,-0.262867,-0.049496,-0.118914,0.095048,0.088006,-0.121685,-0.223186,-0.169932,-0.058997,0.03601,-0.061685,0.055013,0.040429,0.091596,-0.066327,-0.312823,-0.083631,0.040581,0.175503,-0.169859,-0.244447,-0.066173,-0.008236,0.215513,-0.203673,0.195878,0.012859,0.088748,0.171884,-0.227262,-0.266137,0.034657,0.142591,-0.180558,0.02967,-0.239161,0.006448,-0.374413,-0.247879,0.022751,-0.275426,0.164465,-0.278646,-0.210697,-0.273539,-0.238534,-0.197994,-0.023453,-0.182044,-0.144876,-0.195564,-0.411025,-0.203927,-0.129696,-0.021901,-0.138764,-0.067862,-0.286798,-0.250732,0.01354,-0.083544,-0.285323,-0.243105,-0.021387,0.030679,-0.113122,-0.1221,-0.200497,-0.040421,-0.230593,-0.03393,-0.111546,-0.355397,-0.028427,-0.278414,0.0589,-0.37636,-0.032633,-0.121303,-0.291089,-0.262732,-0.163085,-0.407868,-0.096498,-0.212525,-0.249182,-0.283284,-0.036735,-0.056344,-0.226052,0.05765,-0.139944,-0.163815,-0.127784,-0.250433,-0.101471,-0.068594,0.046381,-0.292499,-0.125005,-0.137688,-0.379459,0.087835,-0.239427,0.008384,0.031818,-0.258519,-0.176249,-0.31338,-0.242786,-0.19496,0.013623,-0.319705,-0.311139,-0.246284,-0.353756,-0.169443,-0.188395,-0.252306,-0.414796,0.072315,0.10072,-0.115016,0.015688,0.054772,-0.119914,-0.033326,-0.163842,-0.165232,0.084105,0.048244,0.180049,0.183941,-0.335165,0.168292,0.036511,-0.10055,-0.160401,0.260696,-0.373614,-0.354663,0.08157,0.124483,-0.205663,0.411705,-0.015793,0.379102,0.090507,0.335349,-0.114349,0.085627,0.023576,0.114308,0.325529,0.048378,0.26997,0.310472,0.047794,-0.066199,0.199456,0.183983,-0.247291,-0.009569,-0.063584,#
12,0.400167,0.02905,-0.040459,-0.253637,0.249876,-0.161203,0.092492,-0.099641,0.250307,0.298143,-0.185063,0.035704,1.0,0.166128,0.109904,-0.055952,-0.086385,0.195477,0.098425,0.093316,-0.172485,0.101089,0.327715,-0.126081,-0.23867,-0.096206,0.086198,-0.081584,0.186026,-0.135907,-0.310858,0.143519,-0.059591,0.154795,-0.066108,0.071793,0.288366,-0.144623,-0.023066,-0.145641,0.184106,0.219672,-0.061451,0.027869,0.14424,-0.052554,0.374196,0.288959,0.001141,0.267577,-0.020416,-0.146978,0.134894,-0.074183,0.000783,-0.155062,-0.140284,0.243038,0.103932,-0.073731,0.087917,-0.044688,-0.20493,-0.031671,0.105551,0.239672,0.271298,-0.045283,0.304008,-0.211179,0.213596,-0.263848,-0.09962,-0.143263,-0.086351,0.180608,-0.026998,-0.411799,-0.060855,-0.200928,-0.207997,-0.168478,-0.207678,-0.212412,0.003613,-0.100894,-0.275188,-0.1098,-0.21447,-0.040719,-0.201454,-0.232914,-0.223837,0.098358,-0.113228,-0.076197,0.056351,-0.143527,0.055912,-0.577412,0.345422,-0.158916,-0.307909,-0.290686,-0.197013,0.087836,-0.204618,-0.107597,-0.271273,-0.003095,0.262877,-0.183652,0.102582,-0.275738,-0.190711,-0.24682,-0.444412,-0.068212,0.250311,-0.485832,0.033453,-0.325576,-0.027479,-0.267787,-0.149088,0.056879,-0.404501,0.116277,-0.198501,-0.139898,-0.06946,0.047778,0.089355,0.170579,-0.185001,-0.077395,0.004831,0.030157,0.105996,-0.406092,-0.259403,-0.141885,-0.219822,0.131464,-0.230928,-0.055323,-0.119068,0.319474,-0.407016,0.006761,-0.083901,-0.259012,-0.012466,-0.031237,-0.071506,0.082022,0.282426,0.34748,-0.27551,-0.18085,-0.179586,-0.063236,-0.374342,0.01164,0.291,0.091134,-0.102887,-0.060151,-0.25053,0.05996,0.082164,0.218089,0.129523,-0.240969,0.195936,0.061037,0.069596,0.250678,0.218157,-0.330222,0.154732,0.253946,-0.144035,-0.142107,0.01594,-0.117373,0.239849,-0.04383,-0.358213,0.367801,-0.106659,-0.099162,0.095821,0.22712,-0.049361,-0.017727,0.276566,-0.162238,-0.02451,0.086949,#
13,0.074328,-0.010256,-0.059228,-0.204852,0.028927,0.415045,0.051983,0.115268,-0.041663,0.256369,-0.003249,-0.077752,0.166128,1.0,0.028786,0.015982,-0.230335,0.101819,0.167924,-0.127385,-0.013809,0.016842,0.232944,-0.141732,-0.116783,-0.198518,0.245627,0.12614,0.072813,-0.141532,0.108134,0.232488,0.060959,-0.116975,-0.139389,0.114292,0.08485,0.074789,-0.083835,-0.372374,0.103771,0.310666,0.337561,0.311005,-0.103533,-0.314324,0.20849,0.221568,0.145802,0.020671,0.070799,0.087035,0.043041,-0.290582,-0.346137,-0.248236,0.178121,-0.01636,0.048393,0.022574,0.13831,0.277934,-0.138677,0.094471,0.156201,0.320091,0.194102,0.333323,0.094244,-0.085933,-0.01966,-0.211586,0.088695,-0.166554,0.002975,0.22066,-0.005031,-0.135389,-0.112667,0.06028,-0.15407,-0.14738,-0.031524,0.018738,0.004361,-0.042691,0.068829,-0.111588,-0.173617,-0.025445,-0.067042,-0.160619,-0.081347,0.09305,0.126362,-0.059523,-0.112904,0.065854,-0.030206,-0.271758,0.014564,-0.046627,0.01817,-0.101084,-0.008221,-0.030198,-0.175387,-0.365794,-0.124929,-0.068811,0.136377,0.188593,-0.013356,0.070692,-0.08955,-0.055984,-0.272933,-0.082793,0.184203,-0.230778,-0.018264,0.002957,-0.047867,-0.028355,-0.02525,0.026075,-0.25404,0.017747,-0.026497,-0.090652,-0.006893,0.230539,-0.164475,0.335537,-0.064209,-0.160372,-0.039153,0.021469,0.145429,-0.087695,-0.126264,-0.276386,-0.128546,-0.219776,0.004359,0.163746,0.0054,-0.056231,-0.070054,0.082758,-0.11009,-0.048985,-0.21995,-0.007709,0.160381,0.058327,0.289626,0.34033,-0.208614,0.133525,-0.03321,-0.149392,-0.004437,0.192611,0.078156,0.094406,0.187224,0.109244,-0.17864,0.175426,0.00759,0.12222,-0.251251,-0.109924,0.099387,0.116014,-0.13269,0.094915,0.317239,-0.197124,0.111459,-0.048072,-0.174524,-0.042439,0.086088,-0.127166,0.083242,-0.069993,-0.074168,0.116942,-0.02248,-0.207345,0.16111,0.089245,0.230605,-0.07421,0.161196,-0.173944,0.159136,0.032207,#
14,0.106152,0.167521,-0.20752,-0.096145,0.046056,0.233199,0.095992,0.199054,0.245439,-0.266647,0.15181,-0.060284,0.109904,0.028786,1.0,0.047701,-0.082035,-0.260516,0.006733,-0.036197,-0.203147,0.385651,0.201848,-0.065733,-0.095282,-0.029678,-0.009378,0.16175,0.328223,0.01659,-0.203371,0.358199,0.119948,-0.027785,-0.200977,-0.154293,0.045123,0.052825,0.362663,0.096415,-0.179471,0.123499,-0.085987,-0.011797,-0.154974,0.263995,0.354121,-0.174238,0.083178,0.140534,-0.022869,0.059837,0.076629,-0.242167,0.083352,0.24031,-0.059454,0.230464,-0.335748,0.21748,0.232858,-0.024818,0.008003,0.411636,0.209714,0.225523,-0.071484,-0.006174,0.034725,-0.171622,0.151597,-0.101857,0.208291,-0.164737,-0.311549,-0.167113,-0.059114,0.082653,-0.208027,-0.343066,-0.134863,-0.235987,-0.121315,-0.232678,-0.224388,0.053052,-0.124741,-0.220487,-0.231938,-0.201286,0.005648,-0.058517,0.020389,-0.055694,-0.039555,0.049271,-0.212603,-0.212852,-0.090592,-0.237459,0.050425,0.071827,-0.16533,-0.302463,-0.109099,0.12537,-0.23974,-0.106227,0.049917,-0.241662,-0.248028,-0.127897,-0.211274,0.03156,-0.285726,-0.19268,-0.209304,0.03571,-0.151694,-0.130753,-0.07681,-0.309645,0.001099,-0.09066,0.173764,-0.007595,0.093952,-0.071815,-0.23907,-0.259663,0.128355,-0.391934,-0.210153,-0.265753,-0.242786,-0.022618,-0.097381,-0.234725,0.186077,-0.133576,-0.121659,-0.336671,-0.260285,-0.184242,-0.300983,-0.17487,-0.157265,-0.133246,0.031061,-0.241652,0.056608,-0.120196,-0.037539,-0.059657,-0.152997,-0.048709,0.131916,0.128725,-0.267002,-0.030692,-0.273931,-0.230303,-0.051331,-0.307647,-0.110149,0.116571,0.01758,0.091001,-0.104923,-0.153499,-0.039438,0.1016,-0.106322,-0.0404,0.390128,0.00955,-0.048371,0.02609,-0.02,-0.237973,0.148971,0.293072,0.183601,0.070649,0.053321,-0.083561,0.222671,0.036019,0.133893,0.046269,-0.260539,0.30592,0.048482,-0.024986,-0.10282,-0.129753,0.145977,-0.286258,0.057071,0.092558,#
15,0.054628,-0.03718,-0.16423,-0.074714,-0.13197,0.00973,0.13504,-0.204112,-0.050039,-0.108228,0.213252,0.383689,-0.055952,0.015982,0.047701,1.0,0.052514,-0.369099,0.198397,-0.075977,0.004718,0.079273,-0.199746,-0.166514,-0.21505,0.034252,-0.225938,-0.109758,0.142479,-0.024689,-0.373946,-0.035867,-0.130321,-0.108072,0.304509,0.056897,-0.227162,0.154992,-0.343525,0.143472,-0.036735,-0.129907,-0.099594,-0.115287,0.11252,0.074923,-0.023084,-0.316916,0.188891,0.07802,0.029528,0.033179,-0.09722,0.13657,-0.14913,0.095625,0.086991,-0.11469,0.055751,0.138522,0.005242,-0.019615,0.138148,0.260844,0.147935,-0.196196,-0.207323,0.06126,-0.01762,-0.174274,-0.018039,0.056797,0.042384,-0.168291,-0.034787,0.087472,-0.256766,0.100371,-0.040604,-0.147932,-0.05477,-0.167888,-0.190439,-0.126513,-0.120324,-0.085657,-0.132121,-0.26112,0.025074,-0.042888,0.176176,-0.089038,0.258737,-0.418061,-0.135461,-0.053572,-0.112347,-0.44176,-0.465859,0.002741,0.149945,-0.039035,-0.180863,0.063596,-0.050041,0.003507,-0.227137,-0.100411,-0.139253,0.033093,-0.359282,-0.247201,-0.17559,0.152384,-0.268499,-0.043061,-0.108747,0.0783,-0.382502,0.156316,-0.042846,-0.08593,-0.096086,0.299489,0.083005,-0.222795,0.02893,-0.047126,-0.089542,-0.06868,-0.112717,-0.111243,-0.20089,0.02002,-0.203955,-0.05869,-0.058506,-0.318718,-0.176208,-0.051196,-0.039347,-0.194325,-0.102717,-0.047264,-0.339157,0.305919,-0.263758,-0.117712,-0.172023,-0.334565,-0.068711,-0.111168,-0.211193,-0.166873,-0.285567,-0.284396,-0.183693,-0.02755,-0.085557,-0.019334,-0.488276,-0.246937,-0.07217,-0.341858,-0.244054,0.111454,-0.054019,0.194221,0.042482,-0.233101,0.025848,0.142447,-0.202464,0.050112,0.12037,-0.291589,-0.087684,0.037833,-0.233829,0.001268,0.153479,0.148629,0.440775,0.299903,0.345214,-0.06985,0.122415,-0.039849,0.485371,-0.044901,-0.311436,0.295357,0.187868,0.128232,-0.091695,0.182189,0.354194,0.0209,-0.176307,-0.049508,#
16,0.159861,-0.154844,0.011732,0.120275,0.185863,-0.04875,-0.166824,-0.029525,-0.162097,-0.466981,0.006029,-0.027493,-0.086385,-0.230335,-0.082035,0.052514,1.0,-0.268704,-0.090828,-0.129939,-0.288048,-0.049424,-0.14961,0.088308,-0.109762,-0.186617,-0.224955,0.053688,-0.137424,-0.152816,0.07848,0.127793,-0.019578,-0.310138,0.022551,-0.302902,-0.263907,0.154382,0.0528,0.16567,-0.010745,-0.21497,-0.14044,-0.084954,0.068874,0.203836,-0.047117,-0.206736,-0.270539,0.013246,0.154585,-0.003096,0.034106,0.098434,0.184338,0.180031,-0.122896,0.085575,-0.280947,-0.018404,-0.026401,-0.272324,0.087876,0.168164,0.04118,-0.02164,-0.02979,-0.178926,-0.121219,0.091089,-0.068712,0.126831,0.084456,-0.119694,-0.278075,0.062838,-0.05948,0.048018,0.072285,0.078707,0.009756,-0.029391,0.153655,0.181667,-0.009846,-0.025137,0.089385,-0.039412,0.088572,-0.256893,0.142806,0.021926,0.194278,-0.317093,0.073724,-0.194249,0.038141,0.054679,-0.028152,0.034291,0.249482,-0.025187,0.049988,0.10295,-0.022516,-0.164231,0.295586,-0.022833,0.067919,0.249512,-0.231715,-0.128751,0.052651,0.021915,-0.118074,-0.028297,0.301047,-0.098608,-0.127905,0.329835,-0.084654,0.126998,-0.379975,0.066866,0.073638,-0.222637,-0.10963,0.136954,-0.176019,0.062792,-0.07727,-0.064058,-0.019625,-0.294818,0.077014,-0.178823,0.071635,-0.328507,-0.517699,0.080814,0.007894,0.157829,0.085911,0.161899,-0.187049,-0.087928,-0.175704,-0.009398,-0.0053,0.019875,0.215668,0.173501,0.026719,-0.163916,-0.258752,-0.184468,-0.254046,-0.205691,-0.048373,-0.234208,-0.153394,0.015581,0.096027,-0.305859,-0.010207,-0.111501,0.096707,0.006259,0.055071,-0.010539,0.304619,-0.061269,-0.053832,0.210342,-0.216239,-0.095091,-0.002208,-0.192475,-0.25436,0.05193,-0.062526,-0.308824,0.442016,0.140074,0.033259,0.038351,0.122899,0.016572,0.18672,-0.215958,0.003989,0.164455,0.083492,0.204232,0.074661,0.191769,-0.075185,0.196999,-0.36269,0.043968,#
17,-0.003995,0.129487,0.203156,-0.038212,0.000179,-0.141564,-0.101355,-0.024701,0.192182,0.335548,-0.292158,-0.138216,0.195477,0.101819,-0.260516,-0.369099,-0.268704,1.0,0.13339,0.247482,0.202392,-0.062554,0.360388,0.151105,0.18912,-0.098165,0.277864,0.049643,-0.131181,0.029469,0.246013,0.059045,0.2075,0.316998,-0.234251,-0.033366,0.393756,-0.222876,0.167912,-0.320097,0.069866,0.32147,0.334309,-0.013531,0.121135,-0.364424,0.232598,0.474928,-0.052099,-0.06298,0.123863,-0.045988,-0.269073,-0.014469,-0.153529,-0.145546,-0.043143,-0.149846,-0.017212,-0.219395,-0.199864,-0.02249,-0.22504,-0.322444,-0.28022,0.07237,0.293249,0.046324,0.227344,0.290455,0.065938,-0.087329,-0.211841,0.254207,0.218002,-0.158504,0.111961,-0.311727,0.100366,0.105263,0.00845,0.097125,0.051215,0.192145,0.136594,0.131566,-0.158046,0.263701,0.063455,0.050102,0.130984,0.000228,-0.2254,0.517939,0.231033,0.089701,0.164664,0.302217,0.21829,-0.111027,-0.262691,-0.187312,-0.14956,0.262467,0.03669,0.162606,-0.021865,0.01202,0.044153,-0.054954,0.500556,0.217095,0.474344,-0.059051,0.238654,-0.039743,-0.078465,-0.155929,0.543326,-0.317453,0.028635,0.162195,0.085498,-0.411288,-0.313025,0.295851,-0.019312,0.053356,-0.0665,-0.030949,0.209901,0.201583,0.362873,0.229452,0.120431,0.036075,-0.124972,0.374465,0.3539,-0.065637,0.122797,0.184023,0.063794,-0.141161,0.033908,-0.033478,0.233517,0.269265,-0.219825,0.419513,-0.118733,0.062948,0.216525,0.148065,0.134577,0.24219,0.283084,0.099711,-0.072849,0.203283,0.34102,0.389248,0.116422,0.672156,0.232378,0.066546,0.031578,-0.142489,-0.3957,0.261638,-0.30145,0.199329,0.123207,-0.180761,-0.193842,0.165972,0.271857,0.0702,0.17697,-0.126788,-0.027318,-0.149397,-0.658313,-0.185583,-0.243145,0.085423,-0.058331,0.13899,-0.524095,0.115023,0.079224,-0.367765,-0.277611,-0.132087,0.00671,-0.150836,-0.129234,0.009427,0.266636,-0.316079,#
18,0.158002,0.055126,0.054247,0.068391,-0.145145,-0.115473,0.144639,0.090318,0.28932,-0.080226,0.136207,-0.222796,0.098425,0.167924,0.006733,0.198397,-0.090828,0.13339,1.0,0.024524,0.013355,0.126068,-0.114906,-0.073184,-0.409312,-0.104714,-0.096839,0.289476,0.179371,-0.318914,-0.075223,0.212014,0.067085,-0.095276,0.076263,-0.081361,0.282939,0.341135,-0.193039,-0.178779,0.145148,-0.041413,-0.045597,-0.019919,-0.086365,-0.213995,0.170536,-0.152123,0.055525,0.128331,-0.213076,0.330908,0.057334,0.074845,-0.308429,-0.071847,-0.069969,-0.147681,0.023949,-0.245735,0.069066,0.039444,0.083079,-0.041325,-0.041969,-0.020376,0.328416,-0.165536,0.027135,-0.006814,-0.136439,0.078422,-0.053655,0.242091,0.084992,-0.093916,0.205917,-0.257404,0.11551,-0.05395,0.003506,0.09268,0.048499,-0.098603,0.013615,0.069803,0.01735,0.157452,-0.088623,0.261215,0.3756,-0.015471,-0.069797,0.174947,0.110596,0.175924,0.050941,-0.012966,-0.016498,-0.112724,-0.069289,-0.073558,-0.149804,0.071496,-0.043164,0.232364,-0.179386,-0.042252,0.116196,-0.078392,0.0208,0.008229,0.254094,0.126209,0.029202,-0.110031,0.1944,0.23394,0.218753,-0.052311,0.234049,0.101136,0.229351,0.021431,-0.046472,0.204524,-0.100809,0.191791,0.236655,0.152393,0.249825,0.219632,0.024134,-0.018982,0.213603,0.168504,-0.056707,0.107916,-0.162422,-0.026604,0.02652,0.013754,-0.208789,-0.015474,0.158199,0.300133,0.148823,0.08068,-0.181794,0.083536,0.229141,0.180672,0.137109,-0.000266,0.163217,0.06629,-0.005147,0.160274,0.10232,0.033306,-0.093048,0.020434,-0.048497,0.043142,0.391184,0.059809,0.085862,-0.047529,-0.10346,0.339247,-0.476252,0.403502,0.100301,0.080514,-0.056533,0.120255,0.073675,0.124444,-0.108205,0.02789,-0.000228,0.112435,-0.178667,-0.01099,-0.004241,0.005472,0.120565,0.059508,0.009598,-0.289658,-0.045125,-0.173293,-0.044554,0.022151,-0.080864,-0.005657,0.13254,-0.016699,0.053694,-0.076927,#
19,-0.25619,-0.126269,-0.069525,0.022849,-0.281529,-0.143945,-0.068407,0.031692,-0.063341,-0.034227,0.065785,-0.374316,0.093316,-0.127385,-0.036197,-0.075977,-0.129939,0.247482,0.024524,1.0,0.113532,0.204167,0.069691,-0.025326,-0.023409,0.134965,0.252853,0.132989,-0.157763,-0.082431,0.223297,-0.036568,0.395635,0.130107,0.309343,-0.217182,0.041162,0.108466,-0.062678,-0.069277,0.111266,0.206812,-0.172917,-0.138805,-0.012709,-0.08786,-0.048443,0.068271,0.033788,-0.133492,0.144408,0.049101,-0.229897,-0.023222,-0.241624,0.162896,0.016158,-0.049668,0.054966,-0.169992,0.008892,-0.206268,0.009455,-0.094917,0.040552,-0.006834,0.296555,0.160444,-0.032139,0.195499,0.023301,0.063367,0.039323,0.188614,0.269944,-0.177217,0.332745,-0.057384,0.158655,0.123934,0.098049,0.229417,0.080804,-0.192936,0.351874,0.288385,-0.03613,0.352154,0.131905,0.165576,0.104274,-0.083586,-0.199383,0.181966,0.198565,0.26989,0.348878,0.040424,0.1436,0.002389,-0.03246,-0.114408,-0.174542,0.143581,0.150992,0.322157,-0.014841,0.327007,0.01195,0.091787,0.441773,-0.216963,0.2384,-0.114273,0.211597,0.195509,0.18318,0.080688,0.214055,-0.066623,0.101382,0.154292,0.173425,-0.04979,-0.175617,0.291256,0.070675,0.124669,0.106412,0.076291,0.055636,0.1493,0.118564,0.077932,0.141621,0.098845,-0.192178,0.31663,-0.035185,0.292063,0.233931,0.018759,0.078095,0.068795,0.079012,0.037506,0.209768,-0.011903,0.256281,0.243116,0.154041,-0.025925,0.338056,0.362689,0.183568,0.492911,0.037243,-0.24514,0.308229,0.156163,0.021447,0.117078,-0.071935,0.409006,0.092572,-0.066284,0.086872,0.07943,-0.179577,0.299699,-0.096372,-0.228256,0.340121,0.104005,-0.11871,0.32697,0.3218,0.012186,0.040337,0.215155,-0.024407,-0.037968,-0.408051,-0.116616,-0.208846,0.249168,-0.074401,0.058399,-0.273408,0.097916,0.018775,-0.164256,-0.311802,-0.321961,-0.21128,-0.013708,-0.096832,0.160897,0.049547,-0.007513,#
20,-0.316457,-0.044748,-0.024141,-0.101958,0.042157,0.098773,-0.014184,-0.101555,-0.172959,0.147129,-0.137751,-0.055597,-0.172485,-0.013809,-0.203147,0.004718,-0.288048,0.202392,0.013355,0.113532,1.0,-0.299211,0.070622,-0.111323,0.015784,0.11959,0.056035,-0.107288,-0.101671,0.160147,0.039228,-0.093521,-0.034824,0.23803,-0.003188,0.081909,-0.043407,-0.104178,-0.029024,-0.133328,0.013663,-0.119389,0.201313,0.064614,0.001219,-0.001128,-0.223282,0.095503,0.132959,-0.326048,0.033629,-0.152511,-0.144356,0.026128,-0.13748,-0.039292,0.156797,-0.055371,0.148265,0.083582,0.08788,-0.002785,-0.132817,-0.192264,-0.355385,0.007122,-0.168243,0.23598,0.124679,-0.015576,0.062014,0.044356,-0.174037,0.167208,0.258305,0.03705,0.174805,0.137756,-0.014403,-0.009216,0.069575,0.087274,0.054262,-0.029065,-0.020036,-0.123214,-0.106428,0.292361,0.1414,0.285531,-0.074309,-0.0006,0.05065,-0.085831,-0.113477,0.050738,0.031277,-0.074784,-0.040805,0.315588,-0.114435,0.135384,0.00015,0.024818,-0.023494,0.001677,-0.130882,-0.040365,0.187968,-0.363785,0.143449,-0.013996,0.000376,-0.074269,0.263902,0.204873,0.099257,0.102206,-0.051808,-0.030042,0.184563,0.234968,0.175232,0.037956,-0.051278,0.093407,0.139921,0.222971,0.082095,0.062182,0.088099,0.088638,-0.125323,0.017159,0.120162,0.164842,-0.239012,0.22775,0.129606,0.13475,0.02753,0.018936,-0.022803,-0.101595,0.107158,0.1264,0.393036,0.197564,-0.039012,-0.017242,-0.211309,0.111562,0.117446,0.002775,0.013233,0.004037,-0.016882,0.026077,0.080789,-0.012279,-0.037073,0.019702,0.123763,0.080325,-0.080546,0.156288,0.059682,-0.0607,-0.05398,0.264327,-0.154502,-0.02858,-0.15728,0.05101,-0.037941,-0.000841,0.096204,0.093268,-0.018092,-0.00318,0.128282,-0.229519,-0.096111,0.102498,0.16864,-0.253584,0.020161,-0.052986,0.027248,0.063968,-0.014005,0.025939,-0.160729,-0.242344,-0.027311,-0.006333,0.035799,-0.011196,0.119164,0.085467,#
