0,1.0,0.221959,-0.111361,-0.12811,0.215364,0.260057,0.038079,0.110009,-0.249278,0.240542,-0.043394,-0.068687,0.469881,0.210858,0.116763,-0.006775,0.092063,-0.026773,-9e-05,-0.15779,0.183781,0.320999,0.089083,-0.198301,-0.201761,-0.264736,0.019196,-0.227025,0.311871,0.29007,0.173025,0.064074,0.133527,-0.153802,-0.097104,0.043629,-0.009991,-0.154025,-0.043794,-0.329368,0.06805,0.139637,-0.001069,0.144944,-0.20617,-0.25407,0.18999,0.068781,-0.2255,-0.179959,-0.134911,-0.166266,0.06477,-0.177631,0.211319,0.006194,-0.139054,-0.01404,0.091149,0.216567,0.433744,0.228444,-0.146657,-0.069406,0.014015,0.211006,-0.104447,0.294545,0.021502,-0.240983,-0.108699,0.091102,-0.391382,-0.212049,-0.43734,0.293749,-0.104017,-0.159807,-0.361139,-0.105646,-0.130672,-0.301977,0.019093,-0.016446,-0.189759,-0.106733,-0.131375,-0.026498,-0.113739,-0.347391,-0.200342,-0.419239,-0.179941,-0.077347,0.118652,-0.167982,-0.054149,-0.192696,-0.086774,-0.050233,0.165508,-0.244246,-0.267111,-0.005322,-0.093719,-0.219696,-0.232115,0.004203,-0.380995,-0.123011,0.104967,0.209839,-0.22795,-0.208647,-0.11563,0.118044,-0.375945,-0.319755,0.065795,-0.256442,-0.335345,-0.055013,-0.015171,-0.248621,-0.128578,0.084768,-0.110425,-0.049947,-0.07806,0.112123,-0.138355,-0.243184,-0.125916,0.009713,-0.539853,-0.082789,-0.077641,-0.27393,0.343461,-0.307851,-0.127044,-0.107049,-0.148953,0.049188,-0.053274,-0.125042,-0.076094,0.17985,-0.363536,-0.441833,-0.093614,-0.405253,-0.045986,-0.218693,0.004414,-0.205157,0.325376,0.288756,-0.245663,-0.342429,-0.032417,-0.257021,0.042244,-0.340693,-0.097953,0.204287,-0.349617,-0.154522,-0.126124,-0.257756,0.130509,0.118428,-0.411234,0.03309,0.094766,-0.413301,-0.141824,0.143165,0.207991,0.001065,0.181167,0.006871,-0.010671,0.119466,0.296204,-0.140799,0.357635,-0.046301,-0.164763,0.315445,0.065744,0.179394,0.256773,0.051106,-0.144449,0.166833,-0.109688,-0.228093,0.010283,0.300949,#
1,0.221959,1.0,0.251803,-0.206108,0.078574,0.131344,0.301816,0.19922,0.232226,0.350821,-0.158137,-0.180226,0.351579,0.141155,0.411363,-0.160872,0.003952,0.264119,0.174824,-0.115522,-0.151144,0.11254,0.342461,-0.079161,-0.078595,-0.295765,0.1098,0.037484,-0.086489,0.276063,-0.201486,0.049368,0.27861,-0.063898,-0.115398,0.274435,0.127793,-0.113493,0.019166,-0.003567,-0.122173,0.18544,-0.031855,0.183304,0.39167,-0.4286,0.354944,-0.061557,0.133087,0.179624,-0.011897,-0.248394,-0.057399,-0.28879,-0.071456,-0.309391,-0.145082,-0.375152,-0.149954,-0.080709,0.092857,0.152729,-0.387443,-0.051401,0.187088,0.169973,0.053484,0.083085,0.279314,-0.132924,0.055119,0.01428,-0.100963,-0.447856,-0.297804,0.346037,-0.25516,-0.520369,-0.147895,-0.235371,-0.051018,-0.353508,-0.236991,0.145742,-0.411873,-0.116569,-0.28598,-0.146432,-0.206953,-0.309692,-0.195831,-0.259852,-0.508931,-0.08166,-0.118866,-0.130393,0.130388,-0.191806,0.078347,-0.166411,-0.052815,-0.236218,-0.263778,-0.151853,-0.259306,-0.144234,-0.507649,-0.033684,-0.548599,-0.228916,0.156412,0.458421,-0.191692,-0.282654,-0.110457,-0.209059,-0.241924,-0.5157,0.150391,-0.515193,-0.357174,-0.330963,-0.496143,-0.209648,-0.279513,-0.073207,0.145299,0.248908,-0.160363,-0.128785,-0.126042,-0.146799,-0.302636,-0.056598,-0.304524,-0.309678,0.215407,-0.15587,-0.051502,-0.365311,-0.184196,-0.137643,-0.411231,-0.246792,0.024864,-0.081117,-0.31377,0.424501,-0.140134,-0.246352,-0.293011,-0.522407,0.00724,-0.149979,-0.270503,-0.360632,0.258447,0.372878,-0.228817,-0.162118,0.0267,-0.056469,0.24129,0.10728,-0.08389,0.295412,-0.230973,-0.049998,-0.247914,-0.119182,0.096461,-0.006993,-0.240751,-0.231165,0.240344,-0.222252,-0.208991,0.560294,0.422095,-0.579122,0.354481,0.168297,-0.255889,-0.091274,0.233906,-0.201287,0.314817,-0.106095,-0.360846,0.429845,0.165388,0.313985,0.35831,0.43451,-0.201652,0.080873,0.014769,-0.097215,0.237016,0.090315,#
2,-0.111361,0.251803,1.0,0.292522,0.037795,-0.068488,0.157695,0.039908,0.362796,-0.14857,-0.042102,-0.16916,-0.196342,-0.116632,-0.023198,-0.174362,-0.153821,0.217017,-0.070312,0.145523,-0.008626,0.138168,0.080876,0.019118,0.226143,-0.204336,0.434315,0.294815,-0.023632,-0.039339,0.022367,0.106853,-0.135418,-0.05645,0.076292,0.109712,0.26744,-0.208763,0.233913,-0.092491,0.10506,0.074417,-0.024749,0.099757,0.046934,-0.145525,-0.037722,0.454715,0.260379,-0.047221,-0.149284,0.13353,0.185782,0.023297,-0.320313,0.003246,-0.017045,-0.335712,-0.287618,0.076164,-0.256269,-0.253154,0.03486,0.049298,-0.027343,-0.104574,0.196233,0.0864,0.155506,0.320571,0.410331,0.32348,0.079619,0.0505,0.120342,0.025533,0.001301,-0.338642,0.012837,-0.221425,0.282862,-0.027262,0.058903,0.158514,-0.071909,0.341726,0.038346,0.086385,0.101326,-0.087637,0.112491,0.059595,0.032568,0.149898,0.145882,0.143134,0.387775,0.075993,0.136099,-0.103091,-0.031436,0.168404,0.15639,0.009619,0.148637,-0.014967,0.00822,0.131782,-0.438408,0.101358,0.432739,-0.022305,0.060997,0.014826,0.482202,-0.06289,-0.089016,-0.09316,-0.004769,0.04242,0.089044,0.060496,0.020063,-0.034995,0.123623,-0.110745,-0.014149,0.206019,-0.132489,0.023408,0.462934,-0.180212,0.096371,-0.012758,0.188902,0.156156,-0.058807,0.36249,0.195166,0.124707,0.03744,0.091251,-0.019552,-0.189253,-0.081777,0.081229,-0.304138,0.005306,0.269045,0.001339,0.036144,-0.11045,0.20212,-0.026507,-0.036512,0.040135,-0.007679,0.124344,0.117389,0.171829,0.258374,0.147812,0.031868,0.170868,-0.042916,-0.209994,-0.005,0.02723,0.019695,0.156361,-0.127776,-0.199327,-0.090919,0.119396,-0.278112,0.304898,0.024286,0.189289,0.104847,-0.30572,0.126712,-0.135889,-0.187381,0.084981,-0.230331,0.119987,-0.057755,0.059992,-0.114964,-0.10523,0.326411,-0.014318,-0.035161,0.169781,-0.236465,0.201386,-0.184302,0.057003,0.142979,-0.072808,#
3,-0.12811,-0.206108,0.292522,1.0,-0.169682,-0.168993,-0.279231,-0.336649,-0.168209,-0.187787,0.121041,0.023212,-0.312823,-0.149941,-0.308835,-0.155746,-0.064846,0.003702,-0.143335,0.294761,0.175323,0.059041,-0.124082,0.22675,0.304983,0.251505,0.086394,0.198478,-0.029875,-0.337218,0.381414,0.034462,-0.131701,-0.051724,0.105067,-0.243406,0.009858,0.070058,-0.12142,-0.044911,-0.003005,-0.02182,-0.112615,0.03144,-0.07041,0.334455,-0.133386,0.05756,0.129694,-0.153986,0.000845,0.430044,0.079608,0.085791,-0.156187,0.004641,0.291846,0.087113,0.058954,0.345132,-0.199181,-0.327657,0.059862,-0.15901,0.106022,-0.27553,0.102947,0.174086,-0.031359,-0.055883,0.082457,0.150704,0.26079,0.169222,0.064459,-0.3398,0.193779,0.101358,0.150515,-0.023176,0.288405,0.524246,0.218612,0.156148,0.223068,0.078866,0.33542,0.159736,0.171099,-0.091606,0.259567,0.169234,0.427496,-0.10592,0.415416,0.15361,0.107842,0.06034,-0.055783,0.278224,-0.010444,0.231172,0.40302,0.00152,0.35947,0.362368,0.204912,0.050166,0.204194,0.169372,-0.14053,-0.190968,0.223688,0.242763,0.228105,0.143248,0.222077,0.06355,-0.078129,0.273816,0.231184,0.234622,0.460064,0.179049,0.12335,0.075604,0.09292,-0.063057,0.190793,0.251058,0.234297,0.140817,0.296378,0.189232,0.374958,0.358371,0.036808,0.183541,0.130301,0.393909,0.210626,0.112634,0.162317,0.040197,0.286216,0.251218,0.244464,-0.292095,0.290043,0.262368,0.253234,0.310076,0.110763,0.401868,0.068449,0.213153,-0.348705,-0.168938,0.179371,0.205106,-0.189524,0.18323,-0.228983,0.048541,-0.119934,-0.3234,0.102776,0.129947,0.233001,0.264754,-0.273237,-0.040135,0.422376,0.111657,-0.424224,0.389432,0.202761,-0.096156,-0.448068,0.180596,-0.319177,-0.257715,-0.056131,-0.016476,-0.192375,0.180444,-0.153575,0.234913,0.483826,-0.300049,0.194165,-0.178338,-0.182579,-0.218385,-0.15563,0.034865,-0.297125,0.113015,0.108966,-0.292731,#
4,0.215364,0.078574,0.037795,-0.169682,1.0,0.085621,0.015292,0.164087,-0.254306,-0.12537,0.122254,0.000222,0.151923,-0.099439,0.10172,0.039095,0.043915,0.029231,0.140272,-0.07657,-0.190395,-0.147118,0.035666,-0.238669,0.120861,-0.164346,-0.242384,-0.00278,0.039724,-0.0375,-0.161161,-0.162296,-0.127845,-0.219202,-0.207983,0.04174,-0.162109,-0.175197,-0.032596,0.103048,-0.086948,-0.176876,-0.066417,0.019251,-0.12637,-0.014075,0.030624,0.24974,-0.086422,-0.010371,0.239653,-0.020124,0.023666,-0.167447,0.152988,0.072227,-0.207235,0.09732,0.028213,-0.244376,-0.081834,0.05328,-0.174829,0.118374,-0.114081,0.326257,0.20144,-0.17062,0.082322,0.082239,-0.034158,0.037353,-0.197721,0.092776,-0.111463,0.457845,-0.045292,-0.397643,-0.18997,-0.262533,-0.096718,-0.233278,-0.100293,0.099822,-0.127402,-0.009272,-0.003081,-0.075797,-0.066792,-0.121772,-0.00898,-0.293941,0.000589,-0.205371,-0.125859,0.024586,0.199322,-0.301942,0.059089,0.022067,0.099269,-0.216245,-0.13798,-0.201962,-0.201354,0.031283,-0.010165,-0.097955,-0.209061,-0.197162,0.03823,-0.047281,0.042998,-0.160343,-0.099714,-0.094478,-0.293951,0.125296,-0.04726,0.012456,-0.244657,-0.091701,0.157302,-0.001384,0.033849,-0.068542,0.088143,0.027313,0.025608,-0.082327,-0.08671,-0.19643,-0.161752,-0.150182,-0.264857,-0.091955,-0.013254,-0.21867,-0.086995,0.084459,-0.069957,-0.208079,-0.040295,-0.008523,0.014573,-0.069155,-0.278742,0.111809,-0.081246,-0.380237,-0.271265,-0.178289,-0.425802,-0.041224,-0.290695,-0.169827,0.009258,0.226493,-0.046771,-0.057112,-0.141401,-0.243724,-0.11078,0.042075,0.010303,0.010042,-0.122866,-0.000782,-0.136017,-0.095385,0.144952,-0.048936,-0.055536,-0.05394,0.20837,-0.069966,0.003422,0.189664,0.15248,-0.069564,0.157786,-0.035765,0.224342,0.111059,0.119425,-0.397954,0.044375,-0.139546,-0.209169,-0.011349,0.045792,0.084077,0.245629,-0.077144,-0.009212,-0.124876,0.093656,0.004326,-0.274958,0.177483,#
5,0.260057,0.131344,-0.068488,-0.168993,0.085621,1.0,0.234466,0.266916,0.01849,0.02547,0.221349,0.036195,0.152495,-0.066621,0.04334,-0.024588,0.397306,0.157996,-0.144386,0.054949,-0.059108,0.259195,0.153633,-0.154923,-0.229449,-0.318939,-0.035629,-0.288048,-0.052548,-0.191308,-0.161093,0.133067,0.083611,-0.179066,-0.090906,-0.133442,0.010612,-0.010657,-0.10771,-0.186564,-0.000648,0.33377,-0.029031,0.21903,0.135347,-0.183488,0.033922,0.158427,0.169589,-0.10529,-0.076078,0.001326,0.146768,-0.098001,0.116642,-0.011758,-0.098664,-0.276625,-0.030371,-0.240574,0.196412,-0.070053,-0.221016,0.174836,0.036444,0.283505,-0.026424,0.122182,0.169046,0.113789,-0.007328,0.351786,-0.280044,-0.020998,-0.259314,0.248792,-0.349833,-0.077523,-0.176382,-0.117778,0.270017,-0.244694,-0.095157,-0.358667,-0.120679,0.082366,-0.104709,-0.148635,-0.103824,-0.335128,-0.154869,-0.148216,-0.245165,0.056382,-0.136402,-0.034801,0.037927,-0.318944,0.007832,-0.08415,-0.064603,-0.095523,-0.053889,-0.04999,-0.108799,-0.240664,-0.129302,-0.140977,-0.299982,-0.171615,0.140885,0.002427,-0.196954,-0.249087,-0.009019,-0.297969,-0.581784,-0.06001,0.068124,-0.248816,-0.266391,-0.410584,0.056795,-0.465845,-0.120805,0.121874,-0.154324,0.101794,-0.086598,0.105692,-0.117484,-0.122181,-0.181996,-0.150934,-0.18355,-0.079159,0.110064,-0.346892,-0.0988,-0.32106,-0.205084,-0.169237,-0.355711,0.098233,0.062338,-0.00365,-0.135347,0.144029,0.007164,-0.209266,-0.035977,-0.006628,-0.138397,-0.117901,0.040841,-0.290028,0.119673,0.252139,-0.226887,-0.064223,0.024611,-0.052072,-0.02914,0.160211,-0.073691,0.362926,0.045229,-0.154586,-0.104243,-0.060396,0.214082,-0.10176,-0.384203,0.153679,0.183747,-0.256321,-0.029915,0.05058,0.199838,-0.126336,0.182258,0.180454,0.07242,-0.017425,0.126039,0.046585,0.039376,0.186141,-0.229578,0.014604,0.108573,0.015678,0.241976,-0.218268,0.003131,0.055246,0.146591,-0.193431,-0.164117,0.106449,#
6,0.038079,0.301816,0.157695,-0.279231,0.015292,0.234466,1.0,0.428377,0.42439,0.375351,0.069912,-0.075526,0.342679,-0.107855,0.197074,-0.052924,-0.017776,-0.067377,0.108438,-0.229781,-0.346734,0.176746,0.069074,-0.114635,-0.095842,-0.226901,0.337074,-0.052659,0.315427,0.100542,-0.504321,-0.095673,0.137349,-0.050784,-0.020716,0.148001,-0.143254,-0.117054,0.035295,-0.072111,-0.070342,0.221818,0.024371,-0.224494,-0.029325,-0.291855,0.060229,-0.03018,0.074947,0.199513,-0.191019,-0.177819,-0.007061,-0.197697,0.020492,-0.044521,0.052104,-0.2352,-0.198677,0.070161,0.175103,0.005924,-0.120145,0.251533,0.121683,0.350146,0.233279,0.018726,0.344627,-0.073184,0.173381,-0.029581,-0.350183,-0.399196,-0.086545,0.425086,-0.080815,-0.295668,-0.088198,-0.095632,-0.216387,-0.323352,-0.39795,-0.245666,-0.128387,0.377347,-0.169018,-0.151172,-0.084683,-0.307549,-0.307291,-0.170765,-0.36974,-0.024753,-0.041044,-0.169817,0.166956,-0.067021,0.023973,-0.339908,-0.041063,-0.085995,-0.079545,-0.063156,-0.234757,-0.161674,-0.366385,-0.086643,-0.395922,-0.189464,-0.07097,0.191836,-0.269243,-0.459451,-0.086378,-0.261953,-0.161623,-0.055977,-0.191578,-0.118548,-0.118292,-0.281738,-0.134508,-0.408391,-0.305894,0.034507,0.090924,0.395256,-0.162147,-0.134106,-0.283562,-0.570479,-0.547705,0.02007,-0.033349,-0.099967,0.061847,-0.1613,-0.185794,-0.377643,-0.015191,-0.088361,-0.276482,-0.091253,-0.04533,-0.238257,-0.288821,0.572275,-0.03251,-0.191891,-0.057861,-0.208983,0.032355,-0.320989,-0.164618,-0.281256,0.109528,0.175987,-0.156567,-0.12972,0.049285,-0.016223,0.230332,0.114496,0.087385,0.171268,0.039296,0.008888,-0.255811,0.2774,0.402244,-0.095523,-0.252103,0.067534,0.315437,-0.126505,0.150593,0.183542,0.365043,-0.206656,0.435937,0.320887,0.127855,-0.085711,0.317506,-0.105712,0.172563,0.040783,-0.276901,0.342277,0.108694,0.198349,0.191245,0.12793,-0.027015,0.059312,-0.012616,-0.143549,-0.162367,-0.083572,#
7,0.110009,0.19922,0.039908,-0.336649,0.164087,0.266916,0.428377,1.0,0.141939,0.213515,0.029844,-0.270561,0.328769,0.123878,0.005934,0.1485,-0.049397,-0.0855,0.115683,-0.045639,-0.036286,0.154133,-0.018689,0.176195,-0.0531,-0.075167,0.031776,-0.156016,0.136602,0.057036,-0.163197,-0.032877,0.318365,-0.027236,-0.077656,0.047245,0.045358,-0.041837,0.23997,-0.251013,-0.064282,0.225182,-0.084941,0.184759,-0.223344,-0.246387,0.092277,-0.0181,0.118327,-0.042378,-0.268239,0.023312,0.090972,-0.009033,0.014197,0.064657,-0.014099,-0.222015,-0.231892,-0.042378,0.184331,0.032081,-0.256608,0.251633,-0.024516,0.258011,0.231876,0.123591,0.217219,-0.041346,0.285854,0.102348,-0.41694,-0.12842,0.025131,0.342403,-0.021409,-0.032483,0.016654,0.00536,-0.091179,-0.114875,-0.047237,0.055837,-0.226693,0.216182,0.112985,0.170952,-0.036895,-0.122793,-0.352665,-0.116937,-0.335235,0.145398,-0.154502,0.117723,0.332136,-0.027008,0.319968,-0.324584,-0.027264,-0.054058,0.051678,-0.035091,0.127947,0.007955,-0.182319,-0.068959,-0.285335,-0.407672,0.074396,0.214963,-0.049508,-0.181875,0.16687,-0.005,-0.120678,-0.037326,-0.022887,-0.093392,-0.166268,-0.37074,4.6e-05,-0.254643,-0.001092,0.083071,0.011522,0.110149,-0.198532,-0.102271,-0.223862,-0.134631,-0.155631,-0.119038,-0.149122,-0.080396,0.307389,-0.056469,-0.133739,-0.223905,0.002191,0.161613,-0.204456,0.126322,-0.001688,-0.097022,-0.157561,0.199508,0.008885,-0.32122,-0.101908,-0.028873,-0.148565,-0.13805,-0.034581,-0.177661,0.326081,-0.001617,0.022141,-0.030037,-0.020353,0.277885,-0.076671,0.011904,0.192739,-0.00805,0.127241,-0.302193,-0.28129,0.19337,0.149036,-0.089151,-0.312583,0.106985,0.254714,-0.073483,0.32669,-0.038696,0.215246,-0.185948,0.253386,0.258259,0.134253,-0.079815,0.232727,0.184001,0.088603,-0.14052,-0.11736,0.227723,0.207975,-0.074235,0.187439,-0.198736,-0.225051,-0.121938,0.084299,-0.142893,-0.01431,0.009856,#
8,-0.249278,0.232226,0.362796,-0.168209,-0.254306,0.01849,0.42439,0.141939,1.0,0.23431,-0.184737,-0.038649,0.153195,0.08665,0.171438,-0.221349,-0.120338,0.33536,0.071621,-0.121564,-0.140134,0.122442,0.131727,0.035037,0.201418,0.105339,0.423961,0.186798,0.062944,0.144438,-0.177859,0.047022,0.042572,-0.144148,0.087159,0.052558,0.146239,-0.168024,0.112044,-0.241075,0.18664,-0.014082,0.137617,0.045156,0.318667,-0.331948,-0.042721,0.072223,0.100514,0.222746,-0.10382,-0.229066,0.077155,-0.009108,-0.30594,0.105122,0.04771,-0.328591,-0.028068,0.105274,-0.033646,-0.230332,-0.0885,0.137331,0.182195,0.21025,0.161711,-0.025165,0.065908,0.201117,0.215718,0.179653,-0.104185,-0.131081,0.075414,0.124933,0.014442,-0.108772,0.080087,-0.145179,0.081914,-0.121604,-0.2817,-0.067122,-0.07359,0.360504,-0.091809,-0.085051,0.080127,-0.042947,-0.068879,0.205476,-0.317013,0.300393,0.059862,0.007912,0.251806,-0.037832,-0.028851,-0.16812,-0.027795,0.300641,0.045756,0.220889,-0.149242,-0.167583,-0.039868,0.000524,-0.107049,0.008449,0.263494,0.129999,-0.045866,-0.400985,0.206307,-0.005749,-0.057923,-0.129049,0.119754,-0.087671,0.028109,-0.199691,-0.169914,-0.099661,-0.104912,0.12562,0.07362,0.086421,-0.145569,-0.144463,-0.027574,-0.103414,-0.262457,-0.037442,0.079207,-0.022747,0.039728,0.043572,-0.13047,-0.187635,-0.064891,0.010059,-0.038786,-0.309709,-0.245875,-0.171533,-0.230682,0.303649,0.163989,-0.021759,0.065996,-0.094239,0.235872,-0.262246,0.03539,-0.002132,0.319068,0.265422,0.008053,0.014226,0.151634,0.217697,0.296486,-0.16227,0.270805,0.135806,0.048068,0.008142,-0.232578,0.167046,-0.054291,0.108074,-0.02625,0.157385,0.094248,0.156974,-0.005153,0.169745,0.472598,-0.268473,0.308304,0.179357,-0.225309,-0.155485,0.026763,0.033555,0.166183,0.050326,-0.270337,0.155126,0.098349,-0.067733,0.075257,0.211731,-0.13643,0.182181,0.194337,-0.047606,0.111805,0.012895,#
9,0.240542,0.350821,-0.14857,-0.187787,-0.12537,0.02547,0.375351,0.213515,0.23431,1.0,-0.332358,0.004791,0.422724,0.364312,0.361925,0.132797,-0.132597,0.130941,0.19526,-0.170609,-0.219628,0.226391,0.213859,0.021247,-0.153538,-0.161728,0.236385,0.026075,0.171304,0.568357,-0.175329,0.037711,0.211595,-0.089591,-0.240336,0.222684,-0.176358,-0.080645,0.095901,-0.078548,-0.001806,0.080412,-0.037096,-0.046718,0.000464,-0.437833,0.255452,-0.054016,-0.096407,0.194915,-0.177022,-0.10835,-0.000978,-0.335289,0.139233,-0.173593,0.151955,-0.326015,-0.030589,0.055452,0.296524,0.164829,-0.373833,-0.000302,0.212013,0.215309,0.005315,0.267211,0.045534,-0.222971,-0.102073,-0.12411,-0.279701,-0.392964,-0.036365,0.244007,-0.00333,-0.242572,-0.037315,-0.018219,-0.273073,-0.319045,-0.354582,-0.021654,-0.193138,-0.021872,-0.372082,-0.081067,0.036743,-0.211342,-0.216271,-0.218997,-0.301318,0.13523,0.1791,-0.101289,-0.097101,0.030894,0.073097,-0.307223,-0.079036,-0.18641,-0.22705,0.044019,-0.076647,-0.05266,-0.496764,-0.092124,-0.248266,-0.387103,-0.05699,0.396962,-0.020175,-0.31162,-0.362949,-0.247877,-0.244677,-0.135146,0.269164,-0.445528,-0.115373,-0.260424,-0.250857,-0.361199,-0.446349,0.146861,0.039877,0.072401,-0.185512,-0.314101,-0.220959,-0.002272,-0.357808,-0.104539,-0.354719,-0.316711,0.090347,-0.21064,-0.025579,-0.374133,0.036353,-0.2511,-0.434012,-0.300899,-0.079192,-0.186655,-0.061217,0.34111,-0.352568,-0.367958,-0.246307,-0.49086,0.018069,-0.319896,-0.054403,-0.233291,0.303494,0.394309,-0.26338,-0.201975,-0.031207,-0.111862,0.01626,0.044821,0.22662,0.302798,-0.376063,-0.130059,-0.440019,0.061611,0.120726,0.073581,-0.265056,-0.014888,0.356945,-0.378918,-0.169847,0.230845,0.402363,-0.342949,0.277497,0.199759,-0.256995,-0.378033,0.319845,-0.070105,0.347644,-0.024528,-0.213255,0.333569,0.047934,-0.011667,0.207511,0.48529,-0.171939,0.014122,-0.170817,-0.129201,0.21707,0.175949,#
10,-0.043394,-0.158137,-0.042102,0.121041,0.122254,0.221349,0.069912,0.029844,-0.184737,-0.332358,1.0,-0.161767,-0.217122,-0.461054,-0.139854,0.061424,0.158208,-0.155613,0.105728,-0.190188,0.069414,-0.033896,-0.145675,-0.042575,-0.049596,-0.038163,-0.219,0.039928,0.029214,-0.379219,0.129964,-0.092269,-0.296522,-0.147625,0.41135,-0.265603,0.020852,0.194629,0.052818,0.185668,-0.077779,-0.066538,-0.023563,-0.046454,-0.069891,0.244054,-0.208253,-0.008757,0.184201,-0.193665,0.058002,0.226323,0.045738,0.015962,-0.019591,0.065578,-0.280719,0.246616,-0.062821,-0.065317,-0.179485,0.010076,-0.014755,-0.024531,0.049579,-0.196882,0.016991,-0.173507,0.274865,0.095324,0.022599,0.009886,-0.016303,0.007369,-0.042421,0.112581,-0.098569,0.160688,0.028952,-0.27153,0.095616,0.172091,0.005436,-0.163265,0.053536,0.055095,0.177779,-0.097925,-0.025902,-0.018179,-0.129907,-0.081231,0.125786,-0.259503,-0.147539,0.151586,-0.085118,-0.260199,0.110593,-0.071024,-0.079593,-0.192963,0.09699,-0.268947,-0.009032,-0.151641,-0.013038,-0.099656,0.013072,0.213305,-0.167862,-0.184857,-0.069604,-0.118326,0.105597,-0.117543,-0.015404,-0.007493,-0.115682,0.255228,-0.100399,-0.001004,0.051706,-0.061326,-0.165054,0.078702,-0.063047,0.174219,-0.062567,-0.042432,0.162435,-0.076439,0.114663,0.102653,0.290214,0.19472,-0.069938,0.063802,-0.211961,0.1072,-0.056779,0.240415,0.083759,0.033696,0.128316,-0.011406,-0.19497,0.068136,0.036321,0.157263,0.1173,0.247665,-0.058383,0.013611,-0.08624,-0.238053,-0.428963,-0.275513,-0.240935,0.11306,-0.111137,0.139591,0.067344,0.063629,-0.176523,-0.182526,0.069221,0.181046,0.232872,0.100599,0.21937,-0.025147,0.143657,-0.07837,-0.114633,0.021517,0.138982,0.003834,-0.330037,0.296117,0.024607,0.123461,0.321441,0.199928,-0.090661,-0.174851,-0.277827,-0.087074,0.243699,-0.002955,-0.240531,0.022164,0.123149,-0.474877,0.091909,-0.020512,0.17273,0.019689,-0.314636,-0.088209,#
11,-0.068687,-0.180226,-0.16916,0.023212,0.000222,0.036195,-0.075526,-0.270561,-0.038649,0.004791,-0.161767,1.0,-0.008981,-0.016288,-0.085429,-0.000597,0.102091,0.095124,-0.140682,-0.027449,0.000103,-0.012777,-0.200391,-0.17501,0.102114,-0.086405,-0.136891,-0.043906,-0.116482,-0.160307,-0.138863,-0.110323,-0.064525,-0.000198,-0.051247,0.182618,-0.257937,-0.074978,-0.139774,0.065635,0.101567,0.046482,-0.06442,-0.342659,-0.187174,0.186337,-0.197961,0.178726,-0.077311,0.236042,0.047409,-0.032873,-0.085823,0.122583,-0.055404,0.072603,0.04171,0.001397,0.14461,-0.01043,-0.058667,0.168519,0.30511,-0.397581,0.118083,-0.061472,-0.11521,-0.17765,-0.162999,0.052425,0.015197,-0.150093,0.040873,0.274402,-0.08595,-0.037303,-0.260064,0.023566,-0.082487,0.083912,0.028949,0.106844,0.009396,-0.455483,0.22447,-0.104416,-0.04932,0.11797,-0.128926,0.262583,0.035649,0.065444,0.029513,0.086993,-0.030551,0.12033,-0.061907,0.141276,-0.106361,0.076197,0.225667,0.247366,-0.200761,0.110982,-0.09643,0.094482,0.027209,0.144607,0.223787,0.132532,-0.074312,-0.176059,-0.017874,-0.060052,-0.042998,-0.184595,0.091048,0.236737,0.152847,0.128702,0.275236,-0.08707,0.106563,0.132546,0.047892,-0.057192,-0.023097,-0.000889,0.353618,0.044958,-0.051785,0.168628,-0.229425,0.142533,0.105207,-0.214119,-0.014945,-0.076444,-0.02556,0.191604,0.052988,-0.110021,0.000672,0.131988,-0.047583,0.201112,-0.025426,-0.244679,-0.054836,-0.012987,-0.066386,0.154683,-0.067258,0.166007,-0.005642,0.308343,0.00212,0.180357,-0.0309,-0.167439,-0.095829,-0.344812,0.181109,0.11282,-0.098034,0.138054,0.107893,0.032876,0.183786,0.047827,-0.109692,0.234846,0.067531,0.068849,-0.14632,-0.049591,-0.198519,-0.079941,-0.043602,0.116283,-0.056876,-0.064466,-0.075786,-0.085087,0.006295,-0.051379,0.034233,0.336551,-0.032622,-0.149505,-0.108005,0.14681,-0.038264,0.046027,0.013735,-0.262388,0.292514,-0.110559,0.078799,0.1467,#
12,0.469881,0.351579,-0.196342,-0.312823,0.151923,0.152495,0.342679,0.328769,0.153195,0.422724,-0.217122,-0.008981,1.0,0.408566,0.182206,-0.141601,-0.068019,0.070466,0.095123,-0.05151,-0.170302,0.198519,0.280554,-0.088149,-0.240318,-0.272423,0.096201,-0.220629,0.161354,0.335861,-0.111108,0.066423,0.238922,-0.196248,-0.228546,0.202701,0.140938,-0.078738,-0.207314,-0.310156,0.143791,0.225416,0.116233,0.01462,-0.041016,-0.48595,0.29953,-0.03975,-0.049707,0.061853,-0.231899,-0.012092,0.201084,-0.091189,0.156753,0.075748,-0.080425,-0.229499,0.197979,0.061853,0.564135,0.156875,-0.172123,0.062552,0.124193,0.488349,-0.046216,0.210054,0.244521,-0.195472,0.130432,-0.066193,-0.460946,-0.318585,-0.204766,0.388938,0.045718,-0.107856,-0.035009,-0.238646,-0.133782,-0.365101,-0.302255,-0.162652,-0.256408,-0.028196,-0.136506,0.072908,-0.052485,-0.356233,-0.273207,-0.275921,-0.440618,0.088629,-0.194591,-0.085639,0.181367,-0.112449,-0.039987,-0.273865,-0.004838,-0.035484,-0.017939,0.094259,-0.084047,-0.080044,-0.331762,-0.211201,-0.236378,-0.300333,0.099962,0.32031,-0.235233,-0.287119,-0.181064,-0.15768,-0.235981,-0.273622,0.013364,-0.378017,-0.125176,-0.398102,-0.158858,-0.310474,-0.20743,0.139406,0.099862,0.311436,0.039339,0.079313,-0.412578,-0.072703,-0.406368,-0.133932,-0.388476,-0.100646,-0.027044,-0.37729,0.020699,-0.271708,-0.04766,-0.109318,-0.304717,-0.170584,0.124442,0.051334,-0.239749,0.331596,-0.122497,-0.582489,-0.091231,-0.357238,0.069865,-0.320256,-0.111612,-0.252229,0.484477,0.388658,-0.07335,-0.381409,0.043094,-0.168482,0.057491,-0.046169,0.320408,0.427491,-0.075941,-0.060951,-0.423978,0.015154,0.013137,0.181571,-0.301963,0.10063,0.410383,-0.390337,0.035544,0.201319,0.500897,-0.267127,0.272218,0.23521,-0.031368,-0.040019,0.346662,-0.165753,0.483323,-0.13227,-0.382198,0.464048,0.152561,0.09405,0.291147,0.156743,0.042516,-0.036294,0.086279,-0.050825,0.161516,0.183075,#
13,0.210858,0.141155,-0.116632,-0.149941,-0.099439,-0.066621,-0.107855,0.123878,0.08665,0.364312,-0.461054,-0.016288,0.408566,1.0,0.240593,0.1463,-0.351932,0.254041,0.069158,0.036796,-0.105581,0.398553,0.532749,0.297946,-0.070006,0.036334,0.291556,-0.062846,0.060765,0.522716,-0.033452,0.189037,0.302794,-0.025903,-0.193107,0.307753,0.189895,-0.211707,0.10256,-0.24532,0.060152,0.235776,0.299981,0.171526,-0.086726,-0.392993,0.262645,-0.127982,-0.241787,0.107064,-0.018463,-0.101323,0.129248,-0.005025,-0.020074,0.057425,-0.002599,-0.152473,0.136597,0.107064,0.463516,0.158398,-0.190676,0.022546,-0.001758,0.13868,-0.179584,0.437375,-0.113745,-0.002855,-0.095652,0.074861,-0.260172,-0.034587,-0.257722,-0.012543,0.004419,-0.176665,-0.185842,0.05781,-0.067069,-0.32043,-0.127684,0.134803,-0.128895,-0.168777,-0.162399,0.0489,0.020676,-0.293696,0.021964,-0.123795,-0.25481,0.242712,0.009998,-0.067312,-0.109942,0.046577,-0.150624,-0.105575,0.12867,-0.035819,-0.012095,-0.096636,-0.021183,-0.070032,0.016654,-0.148074,0.004234,-0.260841,0.080622,0.277183,-0.069078,-0.009471,-0.022807,-0.062245,-0.151517,-0.31353,0.17497,-0.315776,-0.13298,-0.317991,0.004032,-0.240544,-0.250774,0.032925,-0.004135,0.013992,-0.049699,0.058689,-0.077726,0.201993,-0.316298,-0.238329,-0.567485,-0.206352,0.119852,-0.087348,0.150833,-0.219338,0.033522,-0.250524,-0.202763,-0.227721,-0.332283,-0.068434,0.01073,0.038679,-0.342781,-0.345093,-0.205889,-0.345447,-0.009512,-0.306344,0.011254,-0.037759,0.395445,0.194843,0.065191,-0.187107,0.192521,-0.083163,0.014695,0.008815,0.220677,0.235618,-0.11534,0.087842,-0.232299,-0.084939,-0.252026,0.005961,-0.318952,-0.104793,0.089971,-0.281,0.002842,0.002169,0.447967,-0.305609,0.284613,-0.077005,-0.315046,-0.061015,0.167356,0.168744,0.249448,-0.330413,-0.31784,0.214143,-0.018366,-0.087505,0.024222,0.213281,-0.065834,-0.21098,0.164588,-0.13093,0.460864,-0.002716,#
14,0.116763,0.411363,-0.023198,-0.308835,0.10172,0.04334,0.197074,0.005934,0.171438,0.361925,-0.139854,-0.085429,0.182206,0.240593,1.0,0.090246,-0.164178,0.122728,0.400518,-0.083269,-0.148152,0.108104,0.157685,0.042885,-0.171421,-0.091345,0.04186,0.232137,0.166167,0.285682,-0.212705,-0.013752,-0.000426,-0.002239,-0.043768,0.177789,-0.06857,-0.152748,0.095867,0.029717,-0.218636,0.212106,0.071431,0.213297,0.37799,-0.213931,0.287782,-0.002924,0.020833,-0.023876,0.093871,-0.20926,-0.023931,-0.150433,0.116075,-0.240339,-0.17431,-0.217431,-0.140879,-0.258138,0.079869,0.080233,-0.269959,0.268733,-0.005089,0.07891,-0.141056,0.025183,-0.084182,-0.172023,-0.140936,-0.142191,-0.009648,-0.396907,-0.278625,0.220904,-0.022286,-0.314708,-0.197399,-0.201223,-0.148395,-0.558767,-0.465237,0.178215,-0.295455,-0.009828,-0.233346,-0.245127,-0.177209,-0.158818,-0.018938,-0.190953,-0.177371,0.074398,-0.277236,-0.166982,-0.343639,-0.19943,-0.275142,-0.06488,0.078917,-0.304386,-0.271024,-0.231532,-0.197481,-0.132179,-0.406439,-0.047867,-0.379998,-0.151932,-0.079473,0.313895,-0.368966,-0.258974,-0.292638,-0.119341,-0.173657,-0.290327,-0.029476,-0.335959,-0.255949,-0.152098,-0.41752,-0.133617,-0.189947,-0.327467,-0.057481,0.160116,-0.25863,-0.258867,-0.000887,-0.057491,-0.487678,-0.111927,-0.408024,-0.308159,0.14076,-0.073254,-0.068886,-0.312329,-0.266067,-0.14805,-0.237777,-0.182116,-0.233069,-0.175098,-0.155763,0.224323,-0.401802,-0.152963,-0.438905,-0.598485,-0.117258,-0.301258,-0.107123,-0.440892,0.097773,0.22515,-0.397409,-0.112385,0.11254,-0.193276,0.217546,0.113609,-0.155946,0.163861,-0.233168,0.140069,-0.095815,-0.136286,0.322949,0.166415,-0.226537,-0.122067,0.449321,-0.28469,-0.362661,0.261162,0.316943,-0.226433,0.475094,-0.024382,0.006546,0.109405,0.380528,-0.340047,0.120689,-0.106917,-0.260122,0.215431,0.000748,0.308365,0.352208,0.407319,-0.00422,-0.020256,0.126358,-0.157833,-0.00503,0.155868,#
15,-0.006775,-0.160872,-0.174362,-0.155746,0.039095,-0.024588,-0.052924,0.1485,-0.221349,0.132797,0.061424,-0.000597,-0.141601,0.1463,0.090246,1.0,-0.102273,-0.157059,0.050998,-0.037462,-0.094732,-0.012912,0.105617,0.121631,-0.154366,0.116421,-0.007619,-0.112674,0.230793,0.071322,0.018201,-0.107886,0.052742,0.091261,0.00878,0.169567,0.085086,0.075787,0.220355,0.204662,-0.047991,-0.133364,-0.351689,0.037286,-0.068428,0.087779,-0.071952,0.010637,-0.20943,0.098717,0.231901,0.147217,-0.097261,0.053606,0.10352,0.06761,-0.055789,-0.028155,-0.265441,-0.169854,0.141344,0.243459,-0.01809,-0.082911,0.027057,-0.107642,-0.247833,0.177896,-0.051851,0.108666,-0.097781,-0.183838,0.049066,0.231787,-0.034084,0.005335,-0.127903,-0.061864,-0.133851,0.169947,-0.058818,-0.062406,0.213015,0.181085,0.253413,-0.215917,-0.020986,-0.168712,-0.053174,-0.01955,0.172365,0.100792,0.093021,0.122484,-0.088196,0.265268,-0.113052,-0.086466,-0.025724,-0.174059,0.025433,-0.059656,-0.253548,-0.006382,0.072783,-0.265351,-0.098864,0.197324,0.067958,-0.041269,-0.136683,-0.074434,0.052904,0.00468,0.090695,0.061637,0.047389,-0.089872,0.065764,0.043969,-0.142479,0.061353,0.089951,-0.163753,-0.139654,0.064252,-0.125744,-0.066646,-0.3369,-0.184251,-0.045509,0.153523,-0.052449,-0.043023,-0.151333,-0.114037,0.023723,0.081629,-0.118105,-0.174949,0.151277,0.099183,0.040154,0.16775,-0.113424,-0.180582,0.155571,-0.098811,-0.152553,-0.149032,-0.040237,-0.007643,-0.089929,0.057397,0.120483,0.059758,0.059852,-0.041473,-0.234534,0.16009,0.271215,-0.020783,-0.08835,0.03416,-0.278088,-0.209065,0.069724,0.041589,0.038173,-0.118041,0.015417,-0.22198,-0.07186,-0.111441,-0.114222,-0.00543,-0.119544,-0.121352,-0.063926,0.012194,0.088475,-0.116854,-0.032105,0.0485,0.048514,0.064843,-0.008869,-0.134608,-0.181229,-0.128059,-0.223551,-0.163131,0.0126,-0.060185,-0.051944,-0.154271,0.138159,-0.069336,0.025095,0.00453,#
16,0.092063,0.003952,-0.153821,-0.064846,0.043915,0.397306,-0.017776,-0.049397,-0.120338,-0.132597,0.158208,0.102091,-0.068019,-0.351932,-0.164178,-0.102273,1.0,-0.049311,0.184277,-0.172383,0.108154,-0.323641,-0.18113,-0.34446,-0.108738,-0.153676,-0.263487,-0.092318,-0.071924,-0.109851,0.033238,0.111171,0.086619,-0.032749,0.063201,0.105635,0.114995,-0.029151,-0.328384,0.058575,-0.018157,-0.071538,-0.060256,0.208833,0.093749,0.046995,-0.192197,0.057945,0.058883,0.004016,-0.048628,0.046926,0.106501,-0.12974,0.122374,-0.055446,-0.174847,0.041897,0.050673,-0.110632,-0.12387,0.087158,0.261063,-0.022002,-0.186927,0.11176,-0.028116,-0.061728,0.086558,-0.080565,-0.088091,0.049028,-0.0234,-0.13078,0.045362,0.118065,-0.232508,0.006865,-0.02959,-0.101569,0.013829,0.098146,-0.035217,-0.260107,-0.089023,-0.197718,-0.20861,-0.004981,-0.050189,-0.16804,-0.170908,-0.007213,-0.069006,-0.182985,-0.144052,-0.174755,-0.070882,-0.285923,-0.174664,-0.148966,0.076924,-0.125182,-0.177832,-0.068588,0.056223,0.012281,-0.01084,0.007564,-0.025223,0.04434,0.03591,-0.027086,0.009795,-0.078702,-0.066613,-0.012031,-0.288258,0.048528,-0.060727,-0.047039,-0.201278,-0.069177,-0.047979,-0.146619,0.128704,-0.16379,-0.260992,-0.163008,-0.002661,-0.151527,-0.124606,-0.1002,0.115201,0.238001,0.010097,-0.06992,0.101029,-0.345889,0.03703,-0.025019,-0.358477,0.168968,-0.12625,0.180368,0.208867,0.041533,-0.096792,0.089248,-0.080079,-0.077662,-0.151897,0.187552,-0.054115,0.079183,-0.188195,-0.262861,-0.174705,0.198948,-0.216955,0.115817,-0.14456,0.029704,0.072698,-0.100489,-0.034845,0.205517,0.02446,-0.164326,0.094697,-0.149035,0.021586,0.121698,-0.149022,-0.057476,0.125107,-0.251269,-0.095621,0.160674,-0.168206,0.053308,-0.346311,0.11493,0.286532,0.061666,0.016145,-0.0128,0.065733,0.374457,0.159263,-0.059124,0.117923,0.231534,0.24452,-0.071067,-0.055319,0.266522,0.157485,-0.030401,-0.420276,-0.057969,#
17,-0.026773,0.264119,0.217017,0.003702,0.029231,0.157996,-0.067377,-0.0855,0.33536,0.130941,-0.155613,0.095124,0.070466,0.254041,0.122728,-0.157059,-0.049311,1.0,-0.025678,0.327234,-0.052829,0.235256,0.138952,-0.065546,0.141726,0.149207,0.083513,0.097486,-0.143921,0.163427,0.021485,0.104727,0.152614,-0.05783,0.071942,0.04955,-0.023901,-0.130342,-0.059687,-0.137489,0.117483,0.138643,-0.051823,0.014297,0.098114,-0.302107,0.141972,0.261733,0.217711,-0.102582,0.040652,-0.275079,-0.080385,-0.173882,-0.069793,-0.043003,-0.055527,-0.282594,-0.145903,-0.102768,-0.01548,-0.096106,-0.084178,0.045981,-0.061918,0.259889,0.075139,0.152552,0.029904,0.431418,0.129876,0.216995,-0.265071,-0.026547,0.095589,-0.05838,0.115022,-0.174652,0.062386,-0.27663,0.280635,-0.088117,-0.136939,-0.013202,0.004818,0.171447,0.004432,0.099084,0.064947,0.018776,0.156265,0.112684,-0.028833,0.403061,-0.04178,0.215474,0.33378,-0.064591,-0.116455,-0.184225,-0.119489,0.141354,0.049146,0.296149,-0.207041,0.041774,-0.065918,-0.26866,-0.133816,-0.033221,0.316409,0.064091,0.10521,-0.088909,0.142308,0.059587,-0.149281,-0.145694,0.472112,-0.315208,0.079349,-0.265304,-0.08382,-0.022759,-0.080447,0.100999,0.010532,0.104464,0.124573,0.087852,0.165863,0.128368,-0.098112,-0.308096,-0.010736,-0.020541,0.128869,-0.116489,0.010022,-0.026112,0.087857,-0.227624,-0.139476,-0.42846,-0.248779,-0.067199,0.068901,0.062646,0.166304,-0.055937,-0.10334,-0.107204,0.301489,-0.145593,-0.125281,-0.146652,0.30237,0.31389,-0.044976,0.016986,-0.067657,0.224423,0.143071,0.044382,-0.073635,0.343817,0.104371,-0.105658,0.00359,0.170953,-0.238278,-0.087036,-0.198404,0.054557,0.0284,0.023738,0.065733,-0.016016,0.358656,-0.337673,0.177529,0.021131,-0.431316,-0.198581,-0.041094,-0.169735,0.211908,0.205964,-0.350111,-0.106129,0.166966,-0.168031,0.000675,0.150429,-0.288239,-0.044787,0.001418,0.089828,0.336817,0.119016,#
18,-9e-05,0.174824,-0.070312,-0.143335,0.140272,-0.144386,0.108438,0.115683,0.071621,0.19526,0.105728,-0.140682,0.095123,0.069158,0.400518,0.050998,0.184277,-0.025678,1.0,-0.297063,0.084659,-0.191769,-0.007864,-0.040529,-0.092362,0.008891,0.021115,0.32567,-0.063697,0.224716,-0.051258,0.061723,0.153009,0.040041,0.194614,0.112274,0.102878,-0.109942,0.038035,0.07962,-0.094215,0.039864,0.172919,0.155497,0.058633,-0.046308,0.07973,-0.212743,0.255465,-0.068228,-0.081013,0.07626,-0.057597,-0.107102,0.38813,0.0099,-0.305767,0.007329,-0.102667,-0.119183,-0.069688,0.12361,-0.058189,0.362027,-0.024172,0.062502,-0.002096,0.03788,0.04497,-0.253604,-0.148034,-0.351025,-0.011473,-0.206447,-0.062895,0.165058,-0.068344,-0.117853,0.131232,-0.32065,-0.231692,-0.188919,-0.341856,0.040409,-0.300062,-0.091243,-0.21656,0.051137,-0.166108,-0.077949,-0.162842,-0.280438,-0.153017,-0.26973,-0.254713,-0.22681,-0.189472,-0.349063,-0.121767,-0.192751,0.029058,-0.134388,-0.120222,-0.35389,-0.042879,0.039885,-0.302714,-0.033267,-0.095671,0.018114,-0.121202,0.186545,-0.053397,-0.221965,-0.199355,-0.188663,-0.074324,-0.154015,-0.078611,-0.003512,-0.287408,-0.014546,-0.372447,-0.226379,-0.099334,-0.19338,-0.014854,0.019184,-0.249853,-0.281517,-0.082829,-0.177326,-0.175657,0.057911,-0.12848,-0.216139,0.16067,-0.170753,-0.220793,-0.208396,-0.370354,0.080832,-0.208673,-0.144764,-0.151274,-0.170844,-0.292234,0.213561,-0.321187,-0.298826,-0.387802,-0.185821,-0.086183,-0.093014,-0.135178,-0.412698,-0.061655,0.126721,-0.241685,-0.082883,-0.049004,0.004778,0.105875,0.0502,-0.042246,-0.12819,-0.07963,0.08725,-0.07104,0.00879,0.273574,0.051055,-0.099412,-0.101751,0.344285,-0.067704,0.034449,0.281908,0.064449,-0.236071,0.068642,0.201861,0.350683,0.03273,0.332228,-0.158426,-0.027573,-0.041621,0.053928,0.205313,-0.11019,0.139825,0.499088,0.15841,-0.038768,-0.072983,0.280802,-0.041466,-0.42484,0.143086,#
19,-0.15779,-0.115522,0.145523,0.294761,-0.07657,0.054949,-0.229781,-0.045639,-0.121564,-0.170609,-0.190188,-0.027449,-0.05151,0.036796,-0.083269,-0.037462,-0.172383,0.327234,-0.297063,1.0,0.236166,0.079161,0.019936,-0.040644,-0.017757,-0.045996,-0.036491,-0.254159,-0.081709,-0.184159,0.228824,0.204076,0.085161,0.150138,-0.167985,-0.255115,0.130272,0.072871,-0.312998,-0.11054,0.136605,0.265853,-0.190556,-0.009779,-0.026484,-0.126463,0.268774,0.252959,0.230894,-0.264066,-0.08749,0.067392,0.333407,-0.070464,-0.084824,0.15298,0.153477,-0.218348,0.002393,-0.161989,-0.03981,-0.296977,0.153426,0.000107,0.124528,0.050327,-0.079103,0.106675,-0.104847,0.189108,0.247398,0.142174,0.095295,0.133448,0.149739,-0.272574,0.328276,0.207417,0.413222,0.169641,0.392452,0.193786,0.219811,0.175053,0.247671,0.199196,0.293258,0.071581,0.204588,0.135483,0.278133,0.276741,0.19013,0.274323,0.020153,0.206341,0.207099,0.272925,0.015,0.258193,-0.372275,0.260312,0.280751,0.319807,0.264334,0.234803,0.216252,-0.241005,0.157579,-0.106861,0.338816,-0.241705,0.006528,0.434333,0.260658,0.027534,0.056188,0.18434,0.024631,-0.068632,0.353084,0.054092,0.150065,0.111289,0.093756,0.179312,-0.054043,0.028822,0.126798,0.376843,0.200556,0.265837,0.220532,-0.159757,0.212867,0.106651,0.133905,0.044462,0.103268,0.208502,0.255909,0.040929,0.081868,-0.119439,0.230774,0.31746,0.374956,-0.356733,0.54207,-0.013549,0.168505,0.174031,0.321572,0.232273,0.030448,0.290873,0.200852,-0.108747,0.238974,-0.042213,0.034356,0.148207,-0.139838,0.162087,-0.085748,-0.030675,0.413679,-0.12977,0.06825,0.103269,-0.408705,-0.197091,0.233057,0.322558,-0.213549,0.192113,0.191676,-0.472421,-0.157353,0.062208,-0.027763,-0.256999,-0.18021,0.010302,-0.389312,0.102855,0.165779,0.09718,-0.079146,-0.340562,0.238401,-0.400767,-0.340286,-0.185295,0.055342,-0.178025,-0.266391,0.332147,0.316782,-0.119727,#
20,0.183781,-0.151144,-0.008626,0.175323,-0.190395,-0.059108,-0.346734,-0.036286,-0.140134,-0.219628,0.069414,0.000103,-0.170302,-0.105581,-0.148152,-0.094732,0.108154,-0.052829,0.084659,0.236166,1.0,-0.245797,-0.387454,-0.136964,0.079776,0.131176,-0.105097,0.062156,0.006444,-0.013462,0.43339,0.196388,0.072117,0.141873,0.157656,-0.339859,0.071787,0.122149,-0.147817,-0.156107,0.219323,0.10549,-0.070261,0.052559,-0.087384,-0.019132,0.13859,-0.103021,0.137575,-0.291781,-0.135558,-0.015517,0.263519,0.025415,0.115789,0.136224,-0.21226,0.122724,-0.016678,0.115214,-0.065323,0.081942,0.263449,-0.071024,-0.086777,-0.084804,-0.191263,0.055346,-0.355852,-0.204386,-0.003949,0.02718,0.110581,0.284632,0.037563,-0.299714,0.09913,0.345445,0.200525,0.233723,-0.013982,0.340693,0.304184,0.047709,-0.0053,-0.126248,0.126699,0.073295,0.375232,0.191931,-0.159574,-0.021238,0.110626,-0.118635,0.21684,0.152664,-0.072207,0.157783,0.085569,0.207802,-0.043024,0.122084,-0.114847,0.019511,0.29802,0.191117,0.069078,0.220245,0.141601,0.280755,0.026014,-0.119147,-0.077672,0.351133,0.223757,0.267106,0.086836,0.065748,0.112797,0.276979,0.130848,0.315386,-0.13969,0.413456,0.063556,0.001965,-0.261213,-0.209396,-0.024841,0.201149,0.197848,0.064058,0.353942,0.049299,0.000253,0.122987,0.126105,0.011268,0.192825,0.224085,-0.11197,0.149971,0.298241,0.024188,0.20358,0.145819,0.299234,-0.468434,0.093848,0.192224,0.088843,0.137763,0.177074,0.331591,-0.031991,0.154274,0.148377,-0.174754,0.205018,0.018163,-0.129064,0.023923,0.086261,-0.181542,-0.169063,-0.309019,0.112656,-0.092188,0.276436,0.012795,-0.101731,0.122375,0.20912,0.038003,-0.375102,0.129383,-0.008131,-0.262404,-0.321226,0.268377,-0.079164,0.027164,-0.014606,-0.052873,-0.073851,0.311304,0.060263,0.277659,0.228397,-0.069501,0.005404,-0.233261,-0.195122,-0.252465,-0.202594,-0.089683,-0.038129,0.175498,0.106959,-0.044455,#
