0,1.0,0.134088,-0.185473,-0.093417,0.251311,0.224294,0.057665,0.041944,-0.223875,0.126632,0.034573,0.086845,0.4236,0.304418,0.055705,0.047218,-0.064111,-0.212332,0.016736,-0.184554,0.230526,0.232109,0.188268,-0.163595,-0.061599,-0.250625,0.017231,-0.25658,0.308759,0.171343,0.160372,-0.009408,0.085798,-0.229677,-0.075631,0.148183,0.144259,-0.075518,-0.013265,-0.222668,0.124937,0.146679,-0.125282,0.061156,-0.106469,-0.130198,0.023265,0.027631,-0.222176,0.078185,0.022383,-0.24631,0.115396,0.098905,0.219608,-0.008091,-0.203824,0.038639,0.00035,0.240286,0.465426,0.149692,-0.148116,-0.000905,0.005659,0.138162,-0.137819,0.409516,0.024176,-0.317743,0.008905,0.006692,-0.377096,-0.056308,-0.508259,0.360166,-0.137527,-0.202348,-0.480204,-0.071371,-0.185196,-0.432328,0.024981,0.084489,-0.151181,-0.249236,-0.069614,0.007029,-0.125959,-0.396627,-0.204156,-0.332152,-0.13668,-0.110218,0.048706,-0.191334,-0.254216,-0.189501,-0.136314,0.137123,0.185214,-0.059024,-0.233744,-0.157893,-0.061733,-0.279324,-0.075132,0.046298,-0.367112,0.004528,0.074122,0.259862,-0.347051,-0.24006,0.01604,0.127529,-0.309529,-0.282696,-0.057534,-0.118102,-0.354137,0.008863,0.126583,-0.292651,-0.087165,0.028484,-0.221088,0.025852,-0.066912,0.131432,-0.239953,-0.295497,-0.217851,-0.035546,-0.482253,-0.030516,-0.137663,-0.202447,0.273383,-0.339606,-0.166428,-0.013195,-0.142035,0.075152,-0.132859,-0.1423,-0.152796,0.159765,-0.333834,-0.397269,-0.009365,-0.313771,-0.148603,-0.308567,0.143804,-0.145102,0.239035,0.2219,-0.233368,-0.31972,-0.012565,-0.429323,-0.014827,-0.266024,-0.023781,0.047226,-0.257938,-0.028056,-0.205736,-0.287448,0.048352,0.176034,-0.282653,-0.027197,-0.014327,-0.24584,-0.123769,0.170792,0.248032,-0.009556,0.123237,-0.187562,-0.003864,0.329349,0.354858,-0.031687,0.286731,-0.211124,-0.077957,0.202597,-0.060064,0.144607,0.313814,-0.022812,-0.170724,0.103929,0.075418,-0.313371,0.037291,0.14591,#
1,0.134088,1.0,0.215313,-0.231094,-0.056366,0.174548,0.313442,0.177355,0.151305,0.286045,-0.195582,-0.092695,0.298936,0.348073,0.373912,-0.009688,-0.073379,0.313361,0.167169,0.057194,-0.103804,0.205026,0.471264,0.065203,0.03276,-0.175514,0.131906,-0.127147,-0.081579,0.186792,-0.196163,0.192023,0.215027,-0.122256,-0.201114,0.19623,0.250455,-0.114762,0.035405,-0.101066,0.026174,0.268681,-0.023424,0.1227,0.466932,-0.385768,0.255217,-0.081626,0.074009,0.307661,0.071512,-0.19952,0.095745,-0.23329,-0.117385,-0.208127,-0.079677,-0.489565,-0.185491,-0.104522,0.256391,0.065337,-0.361138,-0.094696,0.287593,0.202266,-0.040825,0.113492,0.282918,-0.112995,0.140414,0.115728,0.030278,-0.293555,-0.207703,0.247867,-0.265653,-0.451958,-0.100388,-0.082518,0.065819,-0.339683,-0.202507,0.143795,-0.334099,-0.186386,-0.197451,-0.173975,-0.044998,-0.320908,-0.102166,-0.140681,-0.37686,-0.028213,-0.158769,-0.091208,0.102553,-0.007267,0.187559,-0.041383,-0.122302,0.001479,-0.129263,-0.216647,-0.247917,-0.133732,-0.325128,-0.115466,-0.511154,-0.169345,0.196534,0.400481,-0.224953,-0.068418,-0.00702,-0.05831,-0.234201,-0.351333,0.190682,-0.45978,-0.276239,-0.344519,-0.391389,-0.273415,-0.308847,-0.128695,0.138803,0.280152,-0.214055,0.016604,-0.070542,-0.009081,-0.307324,-0.190001,-0.244034,-0.245164,0.112786,-0.064347,-0.013129,-0.301211,-0.192975,-0.168914,-0.396611,-0.204852,-0.133068,-0.080967,-0.288473,0.355087,-0.115359,-0.272764,-0.306303,-0.361603,0.103797,-0.23082,-0.154052,-0.313953,0.305848,0.283281,-0.218729,-0.214949,0.016938,-0.008908,0.115743,0.102247,0.033544,0.368461,-0.069276,0.046901,-0.319926,-0.254889,-0.051115,8.2e-05,-0.157705,-0.177829,0.198599,-0.138042,-0.016881,0.329134,0.463296,-0.520948,0.372588,-0.026268,-0.350431,0.112635,0.187159,-0.101674,0.329489,-0.233202,-0.311807,0.280968,0.142755,0.14705,0.212049,0.392927,-0.12812,0.014293,0.119559,-0.100117,0.411239,-0.007542,#
2,-0.185473,0.215313,1.0,0.261124,-0.248384,-0.18448,0.099269,-0.061735,0.210768,-0.030022,-0.129934,-0.20701,-0.136022,0.004918,-0.059668,-0.155427,-0.30371,0.393207,-0.139952,0.217945,-0.053019,0.219233,0.103266,-0.025692,0.360502,-0.063054,0.349854,0.147659,-0.056192,-0.044817,0.123455,0.047622,-0.10006,0.010813,0.130566,0.060585,0.250562,-0.027391,0.085494,-0.18373,0.120639,0.196737,0.096485,-0.012799,0.040817,-0.194362,0.023308,0.390161,0.143851,-0.164608,-0.060798,0.028228,0.178732,-0.033712,-0.205957,-0.056016,-0.050993,-0.294666,-0.137902,0.174765,-0.105924,-0.22767,0.066349,-0.133571,-0.027781,-0.078015,0.226189,0.110458,0.033133,0.46822,0.389992,0.302957,0.161423,0.034048,0.195758,-0.239016,0.057236,-0.27323,0.123319,-0.077825,0.299841,0.061166,-0.004631,0.214198,-0.088505,0.227785,-0.062213,0.047017,0.142247,0.036117,0.187821,0.090805,0.103034,0.205327,-0.011135,0.070549,0.348509,0.155736,0.037003,0.001985,-0.125835,0.135984,0.113036,0.074135,0.074735,0.216792,0.042026,0.093674,-0.312318,0.059509,0.461132,-0.069441,0.108847,0.140413,0.424285,-0.031043,-0.006645,-0.209929,0.124474,0.007102,0.175705,0.023782,-0.059663,0.125552,0.128607,0.009014,0.18394,0.276972,-0.082875,0.162122,0.519819,0.019677,0.174051,0.128191,0.167897,0.089044,-0.157102,0.272886,0.372581,0.105232,-0.000768,0.039098,0.080482,-0.191689,0.001852,0.225809,-0.132726,0.063715,0.385136,0.218345,0.053473,-0.039379,0.277939,-0.062174,-0.002866,0.164082,-0.011163,0.094068,0.229806,0.165139,0.410332,0.218329,-0.003767,0.270231,0.090531,-0.214493,-0.044978,0.023323,0.083607,0.238912,-0.207388,-0.118167,-0.132853,0.063892,-0.242904,0.200032,0.113325,0.127274,0.053266,-0.243306,0.155882,-0.068955,-0.35991,0.016774,-0.19504,0.214794,0.055225,0.232053,-0.16438,0.067215,0.300587,-0.080675,-0.104572,0.32416,-0.192888,0.141094,-0.208591,0.231662,0.271737,-0.055336,#
3,-0.093417,-0.231094,0.261124,1.0,0.008432,-0.239809,-0.316791,-0.389946,-0.130727,-0.321026,0.112418,-0.049752,-0.368148,-0.385054,-0.249454,-0.18263,-0.010061,0.050553,-0.172384,0.248237,-0.006316,0.024985,-0.207947,0.031631,0.146549,0.197642,0.137893,0.301403,-0.04555,-0.293581,0.214682,0.055493,-0.0991,-0.05357,0.29586,-0.177909,-0.156989,-0.017344,-0.230463,0.048771,-2.8e-05,-0.043238,-0.039892,0.149573,-0.098288,0.482626,-0.127878,0.185734,0.069862,-0.159796,0.048149,0.36241,0.072953,0.093963,-0.165629,-0.039846,0.349776,0.124047,0.155125,0.203315,-0.323233,-0.222541,0.15685,-0.173763,0.024752,-0.333265,0.161232,0.070512,-0.07345,0.031879,0.082594,0.088137,0.236695,0.119811,0.001112,-0.182966,0.145828,0.0991,0.039714,-0.095035,0.263617,0.486248,0.245604,0.047816,0.294007,0.193523,0.35432,0.123904,0.023061,-0.093613,0.106247,0.202531,0.338059,-0.144644,0.270244,0.187627,0.32385,0.020403,-0.190359,0.262031,-0.037689,0.261411,0.45872,0.152719,0.31276,0.254472,0.226465,0.054626,0.129041,0.20733,-0.100912,-0.248624,0.176913,0.15466,0.182632,-0.029413,0.156287,0.061929,-0.152529,0.3198,0.187025,0.335911,0.467569,0.226812,0.207237,0.146904,-0.055021,-0.019573,0.308323,0.298059,0.187501,0.053444,0.315668,0.092579,0.385724,0.210999,-0.034465,0.223737,0.126223,0.432676,0.168753,0.046725,0.175126,0.232588,0.433698,0.238703,0.142009,-0.325,0.34658,0.14672,0.162535,0.158341,0.064231,0.399272,0.019202,0.344701,-0.312338,-0.229604,0.185726,0.259235,-0.176178,0.089481,-0.08216,0.056138,-0.202135,-0.305677,0.20405,0.094608,0.232964,0.198938,-0.130269,-0.096436,0.304402,0.260951,-0.459858,0.39172,0.116726,0.021653,-0.487853,0.290033,-0.324131,-0.130654,0.105253,0.026458,-0.183022,0.09324,-0.073664,0.182882,0.449738,-0.340369,0.306089,-0.122807,-0.079146,-0.233805,-0.106233,-0.017263,-0.26159,0.172167,0.095343,-0.328442,#
4,0.251311,-0.056366,-0.248384,0.008432,1.0,-0.027283,-0.146566,-0.011009,-0.274952,-0.229868,0.122806,-0.0291,0.025451,-0.04409,0.00609,-0.097816,0.062596,-0.203308,0.121157,-0.14443,-0.197805,-0.211713,0.069665,-0.13463,0.061879,0.01753,-0.326851,0.083912,-0.024444,0.010422,-0.137814,-0.309309,-0.182353,-0.215096,-0.029461,0.065676,-0.161393,-0.142258,0.061955,0.263677,-0.000354,-0.31314,-0.205397,-0.001092,-0.020331,0.227043,-0.156125,0.122985,-0.070111,0.082189,0.312265,-0.07028,-0.082401,0.024723,0.318367,0.067153,-0.062855,0.224449,0.016976,-0.176169,-0.086476,0.016673,-0.058882,0.142582,-0.121681,0.216336,0.269061,-0.12107,0.057989,-0.0898,-0.042815,-0.127615,-0.060276,0.213174,-0.068271,0.348094,-0.093061,-0.308432,-0.267594,-0.170139,-0.238253,-0.17326,0.001802,0.147056,-0.040853,-0.210608,0.111352,0.064494,-0.130952,-0.189258,0.09939,-0.136712,0.159461,-0.321668,-0.072034,-0.056356,0.075045,-0.211116,-0.074325,0.158621,0.181154,-0.098889,-0.037006,-0.272631,-0.193076,0.075096,0.114042,-0.055513,-0.057666,-0.116426,-0.079557,-0.036222,0.084498,-0.095479,-0.14707,0.007413,-0.136505,0.234614,-0.100553,0.127881,-0.230034,0.065549,0.371815,0.020702,0.256181,-0.099052,0.023838,-0.032812,0.054162,-0.051703,-0.140475,-0.139935,-0.103332,-0.176503,-0.214008,0.042988,-0.032734,-0.148267,-0.118039,0.102946,-0.007939,-0.166171,-0.008134,0.136164,0.01451,-0.157,-0.193767,0.00531,-0.068492,-0.233574,-0.093263,-0.020758,-0.41729,-0.027225,-0.163338,-0.194036,-0.079261,0.021484,-0.009133,0.042431,-0.279559,-0.283073,-0.203428,0.027118,0.026321,-0.139269,-0.083821,0.06166,-0.133417,-0.058509,0.010941,-0.038565,0.118013,-0.012058,0.133266,0.024411,0.03952,0.226165,-0.01426,0.003831,-0.093079,-0.030908,0.21957,0.198712,0.142293,-0.205954,-0.082326,-0.316318,0.053219,-0.114241,-0.152318,0.028092,0.269664,-0.070807,-0.034453,-0.005784,0.104516,0.010805,-0.298822,0.017128,#
5,0.224294,0.174548,-0.18448,-0.239809,-0.027283,1.0,0.288319,0.256422,-0.153222,0.117838,0.209995,0.193699,0.174125,0.210799,0.202812,0.15475,0.209433,-0.021599,0.0836,-0.032323,0.059443,0.279261,0.24143,0.166592,-0.226784,-0.242052,0.088087,-0.269493,0.075854,-0.126978,-0.16586,0.117061,0.074671,-0.053415,-0.178245,-0.045861,0.106743,0.137284,-0.026103,-0.114393,-0.038705,0.293999,-0.016351,0.150688,0.208868,-0.249139,0.004705,0.027804,0.101312,0.029679,-0.096372,-0.087672,0.138514,0.020189,0.124308,0.083679,-0.099969,-0.184135,-0.092694,-0.180598,0.317164,-0.115302,-0.273825,0.175842,0.059704,0.302011,-0.14709,0.212429,0.190081,-0.027205,-0.204104,0.272075,-0.070537,0.070369,-0.253238,0.094328,-0.432498,-0.053096,-0.228497,-0.0067,0.130426,-0.340991,-0.078068,-0.167426,-0.09872,-0.146317,-0.008985,-0.139043,-0.136121,-0.444679,-0.090492,-0.222429,-0.184702,-0.060075,-0.125167,-0.207425,-0.248587,-0.267424,0.016746,-0.149684,0.067657,-0.047607,-0.240151,-0.299612,-0.194362,-0.262335,-0.194511,-0.112041,-0.214082,-0.22307,0.053684,0.100567,-0.280449,-0.2347,-0.106974,-0.142052,-0.578806,-0.026039,0.174539,-0.295792,-0.282276,-0.449549,0.025165,-0.539524,-0.220208,0.001895,-0.193711,-0.045864,-0.164994,0.077236,-0.245415,-0.009446,-0.172669,0.005411,-0.300068,0.025656,0.150328,-0.334953,-0.013142,-0.497387,-0.261218,-0.142148,-0.373235,0.040806,-0.085559,-0.184492,-0.064569,0.068079,-0.220584,0.002884,-0.027317,0.010453,-0.152087,0.014883,-0.016694,-0.404667,0.05485,0.238074,-0.341887,-0.031325,0.185029,-0.141695,-0.120824,0.159015,-0.084268,0.294571,0.117221,0.048532,0.041296,-0.015174,0.174179,-0.193477,-0.238024,-0.044729,0.24296,-0.323098,-0.060506,0.048981,0.249226,-0.108422,0.127845,0.18271,-0.038368,0.082371,0.280633,0.160803,0.003796,-0.028991,-0.15727,0.078677,-0.141978,-0.052952,0.281353,-0.15442,-0.113011,0.020288,0.273329,-0.187324,-0.147509,0.050076,#
6,0.057665,0.313442,0.099269,-0.316791,-0.146566,0.288319,1.0,0.48563,0.289608,0.482424,0.071538,-0.019107,0.296182,0.119012,0.179299,0.097232,-0.010004,-0.079398,0.170487,-0.200919,-0.203808,0.274364,0.197544,0.102928,0.012275,-0.095419,0.195177,-0.106772,0.340159,0.073678,-0.322431,-0.102499,0.059463,-0.037202,-0.031043,0.08408,-0.054713,-0.04441,0.218267,-0.202621,-0.072278,0.206377,-0.01337,-0.286962,-0.024996,-0.30413,-0.017924,-0.159119,0.091553,0.294121,-0.146573,-0.173859,0.010837,-0.075814,0.160758,0.084873,-0.056221,-0.338319,-0.287457,0.159249,0.2721,-0.029513,-0.191268,0.269564,0.0716,0.311374,0.196234,0.087879,0.307216,-0.117639,0.185361,0.105144,-0.220633,-0.34672,-0.028745,0.268175,-0.114238,-0.260411,0.001057,0.018301,-0.201683,-0.258302,-0.366884,-0.134244,-0.158667,0.169534,-0.113748,-0.079761,0.023697,-0.310362,-0.111495,-0.228108,-0.290437,0.025126,0.021186,-0.257665,-0.042267,-0.061053,0.139987,-0.365324,-0.041095,-0.012203,-0.124416,-0.218785,-0.225481,-0.120569,-0.389709,-0.026455,-0.41062,-0.172154,-0.1563,0.187677,-0.292146,-0.323826,-0.074943,-0.099236,-0.060015,0.004238,-0.049729,-0.175776,-0.086258,-0.273363,-0.120974,-0.475783,-0.270567,-0.097469,0.159085,0.32949,-0.243627,-0.169944,-0.254903,-0.434579,-0.47305,0.091068,-0.060947,-0.031385,0.015027,-0.159864,-0.160637,-0.410939,-0.006753,-0.02457,-0.330305,-0.139377,-0.20977,-0.258683,-0.183221,0.534361,-0.098906,-0.129873,-0.067726,-0.049576,0.06757,-0.303622,-0.04201,-0.400815,0.063948,0.189067,-0.206489,-0.112978,-0.029237,0.003132,-0.04753,0.046086,0.142601,0.169652,0.040539,0.020773,-0.245118,0.313232,0.339957,-0.051744,-0.157779,-0.057207,0.386266,-0.211631,0.190001,0.048402,0.348001,-0.349915,0.453109,0.239504,0.025583,0.001347,0.333677,-0.01959,0.050386,0.050359,-0.145099,0.284557,-0.11562,0.16368,0.098252,0.196885,-0.132416,0.155372,0.009012,-0.194512,-0.142197,0.000265,#
7,0.041944,0.177355,-0.061735,-0.389946,-0.011009,0.256422,0.48563,1.0,0.098942,0.357893,-0.052758,-0.145354,0.495324,0.380461,0.006042,0.20525,-0.173506,-0.013391,0.166324,0.026043,0.051972,0.264822,0.067044,0.302806,0.111121,0.007465,0.020365,-0.403681,0.09274,0.118317,-0.123262,-0.139222,0.308126,0.196385,-0.342704,0.020339,0.056968,0.106944,0.224612,-0.271049,-0.027982,0.239582,-0.037668,-0.000373,-0.282155,-0.430023,0.228785,-0.273382,0.07776,-0.124084,-0.229717,-0.014192,0.149113,-0.087147,0.105479,0.162113,-0.141914,-0.220823,-0.232967,0.083476,0.377791,0.028758,-0.29533,0.157334,0.031429,0.313497,0.108179,0.203211,0.246714,-0.08531,0.200637,0.062726,-0.390404,-0.171437,0.015636,0.079747,0.028174,0.04323,0.215444,0.068819,-0.023175,-0.139334,-0.105582,0.0089,-0.264814,0.031048,0.0071,0.179991,0.111653,-0.081646,-0.204498,-0.198849,-0.296051,0.152236,-0.165949,0.042612,0.076564,0.111782,0.28128,-0.326031,0.04049,0.014334,-0.028042,-0.127285,0.104489,0.085484,-0.182665,-0.06136,-0.12699,-0.485245,-0.020384,0.245021,-0.042978,-0.161265,0.129459,0.025075,-0.011985,0.00428,0.078873,-0.166651,-0.098181,-0.514198,-0.117062,-0.256375,-0.219821,0.148816,0.149185,0.042715,-0.225896,0.04817,-0.217254,-0.021421,-0.209137,-0.004184,-0.23423,-0.015383,0.29097,-0.169263,-0.081452,-0.283574,0.086624,0.030865,-0.195153,-0.025125,-0.118669,-0.217428,-0.003612,0.273574,-0.004442,-0.305103,-0.079215,0.001475,-0.083114,-0.162439,-0.063086,-0.238824,0.305274,0.025455,-0.044029,-0.092019,0.029273,0.196,-0.163754,0.020972,0.237375,0.010592,0.156537,-0.186977,-0.308535,0.23532,0.01416,-0.200213,-0.153548,0.013631,0.403371,-0.145302,0.362177,-0.18201,0.267943,-0.197817,0.314923,0.26639,0.012791,-0.171857,0.203303,0.248546,0.053861,-0.157242,-0.198051,0.335543,-0.039733,-0.161439,0.114636,-0.161712,-0.143871,-0.067933,0.116522,-0.111058,-0.020897,-0.043014,#
8,-0.223875,0.151305,0.210768,-0.130727,-0.274952,-0.153222,0.289608,0.098942,1.0,0.244403,-0.123721,-0.11432,0.135192,0.140262,0.10556,-0.224599,-0.038697,0.278173,0.012986,-0.245999,-0.165013,0.23,0.164325,0.216067,0.20111,0.264043,0.289456,0.163618,0.017665,0.157858,-0.018744,-0.053134,0.037296,0.021304,0.145664,0.138323,0.096812,-0.197539,0.27264,-0.189832,0.157795,-0.153815,0.059729,0.041382,0.219398,-0.223971,-0.092942,-0.087376,0.067551,0.186858,-0.078251,-0.236665,-0.061758,0.058155,-0.159988,0.30127,0.008708,-0.246265,-0.032693,0.216911,-0.022096,-0.055126,-0.005837,0.082222,0.07272,0.052008,0.120493,0.053678,0.098094,0.150014,0.12437,0.123369,0.018483,-0.144786,0.068912,-0.040548,-0.01205,-0.073812,0.116857,-0.205064,-0.036686,0.057268,-0.234784,-0.14105,-0.057599,0.195091,-0.038216,-0.011041,0.05427,-0.047458,0.078878,0.097428,-0.309465,0.290448,0.026977,-0.026442,0.059668,0.036689,-0.133842,-0.259501,0.079415,0.318759,0.076635,0.202489,-0.099831,-0.24783,-0.043507,0.06378,-0.098541,-0.034927,0.016242,0.018754,0.013493,-0.320823,0.117331,0.056056,0.170384,-0.159448,0.124726,-0.03899,0.081189,-0.162268,-0.170897,-0.094804,-0.026112,-0.007372,0.158976,-0.001898,-0.15993,-0.174013,-0.043569,-0.007967,-0.249367,0.035981,0.076454,0.082424,0.009524,-8.9e-05,-0.179741,-0.136126,-0.042839,-0.028814,-0.051768,-0.270809,-0.381888,-0.359157,-0.174866,0.293426,0.116715,-0.012634,0.085379,-0.085687,0.201449,-0.288518,0.122452,-0.138603,0.236967,0.177321,-0.054163,0.090468,0.03004,0.222487,0.160199,-0.179156,0.123363,0.088038,-0.044174,0.00325,-0.197719,0.176116,-0.072313,0.117798,0.005193,0.117776,0.205229,0.081599,-0.098841,0.097838,0.336099,-0.341086,0.249871,0.210825,-0.177425,-0.121992,-0.078058,0.068185,-0.08873,0.034989,-0.222169,0.093973,-0.19067,-0.012536,0.045972,0.19802,-0.112096,0.432023,0.129254,-0.056782,0.000884,0.016457,#
9,0.126632,0.286045,-0.030022,-0.321026,-0.229868,0.117838,0.482424,0.357893,0.244403,1.0,-0.246557,0.152499,0.412688,0.521277,0.269499,0.316133,-0.283226,0.164773,0.139071,-0.057146,-0.156675,0.384308,0.305125,0.196766,0.135221,-0.07735,0.20144,-0.088374,0.185168,0.400458,-0.052984,0.138303,0.220504,-0.212547,-0.231384,0.135866,-0.005604,-0.066912,0.262713,-0.338835,0.074041,0.16632,-0.015989,-0.137328,-0.01129,-0.479675,0.2325,-0.000643,-0.122911,0.374567,-0.162086,-0.097098,0.081742,-0.156811,0.109176,-0.050817,-0.063499,-0.325535,-0.120328,0.040791,0.389932,0.115092,-0.397445,0.02407,0.178358,0.212948,-0.085297,0.299723,-0.03203,-0.127539,0.016436,0.079653,-0.221483,-0.167692,-0.054167,0.286004,-0.039422,-0.233011,-0.010756,0.060622,-0.138182,-0.360176,-0.395026,0.067754,-0.255759,-0.003462,-0.225313,-0.006102,0.166998,-0.204912,-0.154599,-0.231464,-0.312909,0.304569,0.137237,-0.057269,-0.1963,0.016759,0.247455,-0.231024,-0.190001,0.032573,-0.180965,-0.040356,-0.009718,-0.133867,-0.495334,-0.019296,-0.283781,-0.348223,0.003086,0.374661,-0.129628,-0.233784,-0.187723,-0.247005,-0.222479,-0.100554,0.375608,-0.387399,-0.002565,-0.297735,-0.161778,-0.437165,-0.433446,0.106591,0.152729,0.1052,-0.130949,-0.292407,-0.237806,0.085225,-0.427598,-0.131744,-0.340704,-0.311228,-0.064649,-0.190928,0.086671,-0.397307,-0.026151,-0.085871,-0.395719,-0.386551,-0.299368,-0.060231,-0.105744,0.293306,-0.297803,-0.296636,-0.218988,-0.304249,0.048476,-0.350732,0.055207,-0.207019,0.307174,0.383648,-0.204477,-0.223302,0.08925,-0.158595,-0.092708,0.153856,0.377627,0.354089,-0.262956,-0.082855,-0.497433,0.073546,0.041598,0.167416,-0.185854,-0.038819,0.329147,-0.345225,-0.108744,0.021308,0.530562,-0.416373,0.434843,-0.001117,-0.361427,-0.249444,0.322088,-0.034112,0.263673,-0.017923,-0.345972,0.145154,0.008839,0.000152,0.135892,0.431021,-0.164195,-0.044122,-0.04038,-0.131166,0.276361,0.273459,#
10,0.034573,-0.195582,-0.129934,0.112418,0.122806,0.209995,0.071538,-0.052758,-0.123721,-0.246557,1.0,-0.193299,-0.176979,-0.416285,-0.099401,-0.007042,0.103501,-0.318606,0.164728,-0.275796,-0.014497,-0.114477,-0.135623,0.056482,0.010979,0.03896,-0.296532,0.024397,0.019272,-0.35312,0.182947,-0.046251,-0.325868,-0.335993,0.390405,-0.161788,0.208189,0.114035,0.050363,0.227584,-0.013824,-0.160392,-0.085207,0.045104,0.116792,0.25435,-0.356224,0.025372,0.134201,-0.110736,0.02672,0.270317,0.026204,0.189964,0.160346,0.068082,-0.25265,0.274955,-0.157152,-0.114751,-0.17442,-0.028371,0.016852,0.063226,0.083294,-0.157986,0.109093,-0.152213,0.294119,0.004005,0.080888,-0.153748,0.136552,0.111669,-0.097596,0.082152,-0.16693,0.057526,-0.131648,-0.218169,0.035865,0.150773,0.001458,-0.038951,0.025477,0.022285,0.27172,-0.055508,-0.091165,-0.070088,-0.109063,-0.047708,0.085217,-0.292838,-0.194811,-0.007196,-0.213757,-0.2746,-0.010572,-0.03052,-0.008711,-0.103445,0.09309,-0.249558,0.007265,-0.183711,-0.064591,0.048646,-0.039535,0.288641,-0.063797,-0.054861,-0.12077,-0.086994,-0.008397,-0.105694,-0.046061,0.006933,-0.078681,0.263963,-0.270786,0.104395,0.168974,-0.114486,-0.061263,0.042734,-0.005292,0.142625,-0.130851,-0.039566,-0.060368,-0.120893,-0.006656,0.083721,0.091539,0.227648,-0.192213,0.030987,-0.165189,0.028576,-0.091365,0.311837,-0.078014,0.082715,0.212334,-0.00351,-0.218368,0.11318,0.131709,0.208979,0.027898,0.296202,-0.062836,0.01899,-0.024742,-0.177,-0.442819,-0.234424,-0.109341,0.213617,-0.122434,0.08226,-0.026415,0.146618,-0.10632,-0.172859,0.189277,0.033258,0.048713,0.056747,0.269143,-0.050539,0.217184,0.051107,-0.02218,0.016483,0.148495,0.06151,-0.329488,0.253544,-0.096536,0.123761,0.319593,0.276773,0.025577,0.00729,-0.249074,-0.124215,0.314704,0.000863,-0.231686,0.080921,0.25692,-0.416041,0.142664,0.108807,0.163721,-0.008179,-0.275637,-0.117277,#
11,0.086845,-0.092695,-0.20701,-0.049752,-0.0291,0.193699,-0.019107,-0.145354,-0.11432,0.152499,-0.193299,1.0,0.05658,0.11743,-0.004354,-0.044583,0.11983,-0.024324,0.0016,-0.068049,0.241349,-0.109511,-0.155405,-0.111554,0.045468,-0.077431,-0.123974,0.059236,-0.079865,-0.049123,-0.054537,-0.121618,-0.03926,-0.096195,-0.151854,0.144887,-0.198059,0.007075,-0.065623,0.00829,0.04995,0.136544,-0.162876,-0.277698,-0.064979,0.066188,-0.165838,0.062206,-0.090698,0.182371,0.006682,-0.069581,-0.033735,0.166861,-0.069002,0.038039,-0.115325,-0.092618,-0.032877,0.075996,-0.018586,-0.033462,0.107521,-0.158115,0.065819,0.079059,-0.060576,-0.147588,-0.154116,-0.147172,-0.084789,-0.065265,0.014653,0.202973,-0.082153,-0.086881,-0.243137,-0.010974,-0.11405,0.131403,-0.044718,-0.00358,-0.027636,-0.294631,0.125029,-0.273691,-0.111818,0.179649,-0.084503,0.118784,0.085239,-0.036956,0.034264,-0.021322,0.044144,-0.000237,-0.185146,0.040324,-0.134676,-0.08196,0.278971,0.134184,-0.334343,-0.03076,-0.077811,0.171422,-0.043877,0.145987,0.244992,0.01479,-0.095135,-0.004852,-0.118014,-0.137097,-0.053439,0.018132,0.00458,0.242076,0.171062,-0.018854,0.159866,-0.195515,0.084279,0.072256,0.023082,-0.155145,0.002687,-0.063385,0.150336,-0.088092,-0.123748,0.169945,-0.169866,0.196957,-0.0,-0.08727,0.121377,-0.180143,-0.015122,0.042232,-0.026536,-0.042917,-0.048474,0.056361,-0.03644,0.127238,0.059387,-0.189274,-0.201579,0.072536,-0.021859,0.206078,-0.110984,0.202229,0.061025,0.128145,-0.028809,0.253999,-0.138729,-0.194344,-0.157064,-0.305179,0.066535,0.002152,-0.034359,0.095287,-0.032977,0.082223,0.279047,0.079736,-0.088919,0.399399,0.076726,-0.129785,-0.017831,-0.106398,-0.177917,0.004882,0.003165,0.091597,-0.158526,-0.017761,-0.075292,-0.102125,0.181618,0.034623,0.031391,0.335052,0.079415,0.019097,-0.0464,0.161259,-0.022993,0.132815,-0.174561,-0.215861,0.228937,-0.235122,-0.044262,0.154326,#
12,0.4236,0.298936,-0.136022,-0.368148,0.025451,0.174125,0.296182,0.495324,0.135192,0.412688,-0.176979,0.05658,1.0,0.505783,0.097931,-0.04737,-0.081359,0.07376,0.045796,-0.046863,-0.076266,0.30977,0.376803,0.017197,-0.164193,-0.277404,0.045232,-0.268237,0.038589,0.230958,0.050708,0.024677,0.211919,-0.0539,-0.310671,0.29918,0.138474,-0.052861,-0.045755,-0.353555,0.006349,0.19798,0.146837,-0.038947,-0.171293,-0.466475,0.247867,-0.06799,-0.043312,0.058628,-0.223056,-0.022626,0.094714,0.030767,0.155771,0.21421,-0.180977,-0.230492,0.120725,0.149438,0.58811,0.138031,-0.215257,0.046948,0.070687,0.320319,-0.166725,0.322649,0.305946,-0.124061,0.267873,0.022193,-0.610283,-0.330935,-0.273864,0.408806,0.062526,-0.060182,0.019523,-0.212852,-0.103909,-0.293777,-0.208574,-0.14367,-0.312232,-0.093736,-0.06095,0.164201,-0.098591,-0.281246,-0.20925,-0.352228,-0.482828,0.260367,-0.113276,-0.094569,0.013105,-0.147149,0.051542,-0.364631,0.014688,-0.086967,-0.040953,0.037654,-0.095402,-0.187147,-0.315339,-0.191543,-0.220157,-0.362957,0.020633,0.283344,-0.228663,-0.268606,-0.070038,-0.193371,-0.093728,-0.330329,0.077206,-0.336433,-0.023557,-0.481234,-0.20553,-0.374143,-0.176632,0.025494,0.128219,0.338708,-0.053032,0.072365,-0.356569,0.063386,-0.38177,0.057538,-0.33037,-0.127474,0.027025,-0.451347,-0.054667,-0.268142,0.003553,-0.009683,-0.300564,-0.190945,-0.023349,0.057041,-0.291641,0.292593,-0.172576,-0.602812,-0.096715,-0.356586,-0.004874,-0.36341,-0.011829,-0.260026,0.340303,0.374595,-0.086904,-0.494801,0.027955,-0.16015,-0.015683,-0.054858,0.296503,0.34638,-0.214276,-0.028677,-0.389515,0.069616,-0.077481,0.107232,-0.360332,-0.016295,0.378777,-0.389374,0.015855,0.117766,0.466382,-0.412861,0.299204,0.16343,-0.05948,0.041099,0.233205,-0.117714,0.303559,-0.188049,-0.390862,0.433007,-0.004469,0.083293,0.320417,0.070867,-0.003774,-0.014529,0.119935,-0.12857,0.127699,0.217493,#
13,0.304418,0.348073,0.004918,-0.385054,-0.04409,0.210799,0.119012,0.380461,0.140262,0.521277,-0.416285,0.11743,0.505783,1.0,0.300225,0.148359,-0.269551,0.282848,0.191773,0.030352,0.099364,0.37868,0.484975,0.317174,0.024252,-0.091213,0.252618,-0.123508,0.124519,0.51574,0.01556,0.218007,0.334981,-0.07195,-0.291261,0.196115,0.198206,-0.282336,0.188286,-0.358557,0.025867,0.294829,0.13353,0.092531,-0.007675,-0.600014,0.355457,-0.11854,-0.122922,0.143372,-0.162966,-0.174931,0.115413,-0.066713,0.000581,0.060322,-0.136439,-0.279911,-0.037055,0.14601,0.437121,0.093476,-0.353904,0.101522,0.047296,0.347667,-0.156059,0.398989,-0.095392,-0.064387,-0.093927,0.319661,-0.424879,-0.070229,-0.301975,0.111317,-0.115245,-0.325058,-0.187548,-0.036421,-0.013347,-0.435,-0.26068,0.168495,-0.334933,-0.0978,-0.21194,-0.00255,0.080129,-0.290332,0.059739,-0.313082,-0.405404,0.238053,0.047642,-0.105012,-0.182036,-0.089062,0.024709,-0.247618,0.054009,-0.13931,-0.192181,-0.182845,-0.070129,-0.083612,-0.194719,-0.093287,-0.220492,-0.347991,0.155954,0.34213,-0.210998,-0.117396,0.064812,-0.006818,-0.38829,-0.278246,0.324908,-0.450388,-0.234853,-0.43214,-0.11732,-0.327319,-0.350588,-0.01093,0.11645,-0.003293,-0.179693,-0.127066,-0.129716,0.103521,-0.391799,-0.250726,-0.628189,-0.276142,0.241376,-0.190961,0.07961,-0.396215,-0.032201,-0.131296,-0.329867,-0.398799,-0.451967,-0.124766,-0.040236,0.185584,-0.43526,-0.396046,-0.210511,-0.310442,-0.021312,-0.269622,-0.015839,-0.156822,0.53281,0.366398,-0.082663,-0.264595,0.137355,-0.050058,-0.027546,-0.087515,0.17885,0.338413,-0.251591,0.009096,-0.275156,-0.003054,-0.197902,0.080545,-0.392197,-0.22957,0.184868,-0.370463,-0.062447,0.041545,0.644474,-0.465472,0.405393,-0.043959,-0.364498,-0.107311,0.315855,0.107609,0.253932,-0.267593,-0.405353,0.299027,-0.016085,0.027265,0.092342,0.229652,-0.252889,-0.153594,0.142687,-0.257644,0.301145,0.203765,#
14,0.055705,0.373912,-0.059668,-0.249454,0.00609,0.202812,0.179299,0.006042,0.10556,0.269499,-0.099401,-0.004354,0.097931,0.300225,1.0,0.110074,-0.120428,0.228873,0.383142,-0.069398,-0.133753,0.137225,0.237855,0.118586,-0.050809,0.004315,-0.030898,0.184678,0.186118,0.22332,-0.247846,-0.032562,-0.214035,0.070872,-0.064139,0.139655,-0.121938,-0.130078,0.078942,-0.035262,-0.075648,0.182006,0.095783,0.154055,0.412208,-0.129691,0.140788,0.031464,0.090327,0.02165,0.104011,-0.18125,-0.083178,-0.134154,0.131645,-0.110596,-0.044753,-0.25562,-0.182303,-0.219818,0.099075,-0.018453,-0.216922,0.325543,0.119446,-0.017101,-0.17071,0.023246,-0.083265,-0.098997,-0.004698,0.071448,0.056847,-0.334222,-0.144244,0.159359,-0.04086,-0.149651,-0.174918,-0.12013,-0.072521,-0.524145,-0.394833,0.164456,-0.277617,-0.01149,-0.165606,-0.111545,-0.242215,-0.130596,0.000237,-0.16253,-0.056681,0.203111,-0.13829,-0.217169,-0.292038,-0.161252,-0.141551,-0.088169,0.10708,-0.24838,-0.269362,-0.28811,-0.358555,-0.231528,-0.351212,-0.042817,-0.292214,-0.048661,-0.021249,0.269546,-0.320263,-0.225384,-0.263097,-0.089585,-0.225999,-0.132174,0.093919,-0.261386,-0.169148,-0.145925,-0.367517,-0.20086,-0.271024,-0.439714,-0.103793,0.181537,-0.388265,-0.196318,0.070326,0.078418,-0.443439,-0.051763,-0.355442,-0.311076,0.16225,0.067988,-0.140389,-0.318519,-0.134609,-0.165472,-0.156499,-0.162629,-0.320243,-0.115301,-0.119899,0.190081,-0.403233,-0.113134,-0.449015,-0.473072,-0.024464,-0.286375,-0.1393,-0.391402,0.083089,0.205819,-0.322943,-0.149162,0.052236,-0.158721,0.205714,0.012158,-0.175058,0.267894,-0.174563,0.120142,-0.127978,-0.117378,0.206244,0.117845,-0.202707,-0.074433,0.338336,-0.274839,-0.280751,0.184105,0.292211,-0.278743,0.433571,0.011542,-0.096968,0.147956,0.325066,-0.239632,0.18677,-0.143975,-0.090647,0.146323,-0.143426,0.159468,0.319578,0.274367,-0.054557,0.036324,0.228647,-0.138497,0.053435,0.0995,#
15,0.047218,-0.009688,-0.155427,-0.18263,-0.097816,0.15475,0.097232,0.20525,-0.224599,0.316133,-0.007042,-0.044583,-0.04737,0.148359,0.110074,1.0,-1.1e-05,0.119665,0.119892,0.149567,0.073578,-0.124807,0.204208,-0.107247,-0.044128,0.089128,-0.121725,-0.092998,0.198495,0.090713,0.060867,-0.058684,0.155492,-0.130821,-0.01816,-0.086317,0.064612,0.096823,0.130924,0.040675,-0.021308,0.011065,-0.21822,0.017286,0.040427,-0.046179,0.070509,-0.034114,-0.129088,0.106807,0.261162,0.131283,0.035632,-0.035486,0.260625,-0.090316,-0.138679,-0.224081,-0.299767,-0.11201,0.116761,0.156018,-0.208323,0.060212,0.047965,0.048849,-0.235148,0.11669,-0.255215,0.074477,-0.122892,-0.072263,-0.06589,0.043558,-0.06328,0.068141,-0.059306,-0.105342,0.002398,0.231557,0.08023,-0.154884,0.018974,0.241549,0.058231,-0.173181,-0.212495,-0.179408,0.070615,-0.005421,0.123159,0.086333,0.011843,0.148811,0.001653,0.162783,-0.139435,-0.233064,0.049023,-0.014804,-0.210276,-0.130002,-0.345677,-0.036145,-0.027776,-0.077647,-0.217552,0.108136,0.043484,0.009428,-0.096269,0.050399,0.041157,-0.13384,0.087214,-0.009286,-0.010541,-0.118403,0.151225,-0.195487,-0.163362,0.001564,-0.063641,-0.204836,-0.284147,0.075113,-0.074234,-0.072195,-0.302492,-0.269194,-0.021347,0.128029,-0.076943,-0.102567,-0.132631,-0.228532,-0.019557,-0.070773,-0.105793,-0.278249,0.125994,0.110761,0.017417,0.05707,-0.060702,0.01737,0.213406,0.078116,-0.107116,-0.209273,-0.05545,0.056259,-0.000408,0.009473,0.100309,-0.032645,0.036229,0.139068,-0.220267,0.150175,0.172419,-0.045426,-0.10927,-0.027303,-0.167729,-0.048643,0.012335,-0.06655,-0.021045,-0.164801,0.090601,-0.127827,-0.064616,-0.206599,-0.080605,-0.040252,-0.024833,-0.118217,0.072012,-0.110755,0.189354,-0.124652,-0.099898,-0.040732,0.179814,-0.10232,0.196361,0.095624,-0.161184,-0.080453,-0.011338,-0.116458,0.005551,0.06884,-0.130477,-0.286253,0.012628,-0.165758,0.06296,0.150273,#
16,-0.064111,-0.073379,-0.30371,-0.010061,0.062596,0.209433,-0.010004,-0.173506,-0.038697,-0.283226,0.103501,0.11983,-0.081359,-0.269551,-0.120428,-1.1e-05,1.0,-0.12178,0.11721,-0.121957,0.033022,-0.35177,-0.021142,-0.355686,-0.221881,-0.166979,-0.262321,-0.020316,0.018127,-0.193268,-0.127112,0.056398,0.132517,0.04467,0.169128,0.147738,0.075148,-0.116219,-0.300353,0.221909,-0.020599,-0.189887,0.029855,0.100716,0.047334,0.178812,-0.240528,0.012135,0.132526,0.188943,0.097508,0.007893,0.099484,-0.084871,0.071198,0.037993,0.082233,0.070425,0.150659,-0.139609,-0.147197,0.288846,0.347112,-0.120518,-0.146066,0.005059,-0.189568,-0.03037,0.038017,-0.126813,-0.168149,-0.131033,0.096808,-0.124597,-0.02415,0.110098,-0.146853,0.030307,-0.049384,0.006773,-0.060063,0.085303,0.025811,-0.359666,0.002727,-0.138122,-0.123386,-0.068822,-0.058595,-0.19984,-0.096098,0.151204,-0.061942,-0.210858,-0.113452,-0.16986,-0.119447,-0.177082,-0.286125,0.03594,0.037333,0.009441,-0.105745,-0.046841,-0.005846,-0.031086,0.073142,-0.145127,0.050928,0.106268,-0.158254,-0.100479,0.033914,-0.042626,-0.093034,-0.135859,-0.067453,0.089645,-0.212325,0.059443,-0.064972,-0.006662,-0.036407,-0.200783,0.123722,-0.225887,-0.416871,-0.207022,0.044778,-0.113948,-0.182939,-0.15681,-0.015234,0.137228,0.14253,-0.05952,0.087585,-0.313494,-0.085565,0.047251,-0.338287,0.129156,-0.061884,0.275364,0.115116,-0.034282,-0.139473,-0.035571,-0.07529,-0.029417,-0.079666,0.136137,-0.001746,0.072442,-0.210687,-0.288775,-0.270272,0.132437,-0.188675,0.210369,-0.139861,-0.083833,0.154629,-0.086773,-0.145615,0.129864,0.189494,-0.036756,0.145707,-0.19821,-0.139975,0.06465,-0.051718,-0.124028,0.055548,-0.079656,-0.087161,0.144192,-0.15863,0.034874,-0.343094,0.020364,0.363814,0.13964,-0.100414,-0.108359,-0.06958,0.207223,0.20164,-0.274616,-0.037243,0.188123,0.149156,-0.149238,0.086228,0.151877,0.147753,-0.004688,-0.306177,-0.152436,#
17,-0.212332,0.313361,0.393207,0.050553,-0.203308,-0.021599,-0.079398,-0.013391,0.278173,0.164773,-0.318606,-0.024324,0.07376,0.282848,0.228873,0.119665,-0.12178,1.0,0.05202,0.344132,-0.08564,0.246004,0.166156,0.071134,0.122933,0.221028,0.137966,0.187612,-0.021425,0.082023,0.132219,0.127343,0.069328,-0.101716,-0.008583,0.120822,0.119205,-0.048625,-0.000555,-0.236062,-0.007972,0.125706,0.160752,0.154901,0.07695,-0.289833,0.12525,0.211903,0.1488,-0.045483,0.096893,-0.074716,-0.011169,-0.008979,-0.080158,-0.045996,-0.103329,-0.368974,-0.111175,-0.180911,0.037906,-0.089381,-0.111177,0.084993,-0.042688,0.124552,-0.058725,0.219307,-0.006322,0.452147,0.182973,0.249977,-0.113146,-0.084568,0.045567,-0.065471,0.256356,-0.175703,0.155648,-0.117624,0.327431,-0.010823,-0.135183,0.18453,-0.058713,0.122475,0.035256,0.019791,0.076016,0.104047,0.169265,0.119314,-0.070688,0.488253,-0.024767,0.22505,0.333885,-0.065818,-0.039911,-0.1385,-0.1716,0.15627,0.018385,0.30833,-0.148175,0.093482,-0.090383,-0.198648,-0.100118,-0.023994,0.248092,0.117937,0.189187,0.018174,0.139327,0.058109,0.092625,-0.256333,0.427539,-0.365971,0.169003,-0.241159,-0.237676,-0.016277,0.019634,0.021563,-0.007622,0.027955,0.080562,0.098391,0.218974,0.24631,0.001064,-0.204862,0.008689,-0.106813,0.001022,-0.07446,0.085717,0.032407,-0.030118,-0.210795,-0.145564,-0.340145,-0.18563,0.12263,0.027054,-0.057642,0.13302,-0.031798,-0.155668,-0.191233,0.311345,-0.060668,-0.113387,-0.109616,0.150527,0.33584,0.049726,0.081598,0.123933,0.196946,-0.097393,0.102774,0.062824,0.25502,0.216788,-0.06232,-0.028034,0.082943,-0.221875,-0.152915,-0.165701,-0.043007,0.107011,0.08667,0.062834,-0.124452,0.359134,-0.359105,0.193527,-0.071271,-0.375449,-0.200959,-0.08505,-0.156541,0.160218,0.230772,-0.296419,-0.147329,0.306041,-0.243802,-0.041823,0.234092,-0.271049,-0.134909,0.041287,0.117407,0.382479,0.189285,#
18,0.016736,0.167169,-0.139952,-0.172384,0.121157,0.0836,0.170487,0.166324,0.012986,0.139071,0.164728,0.0016,0.045796,0.191773,0.383142,0.119892,0.11721,0.05202,1.0,-0.24903,0.160324,-0.119561,0.043182,-0.018727,0.107278,0.160476,0.022931,0.20905,-0.054545,0.20277,-0.111948,0.114487,0.010963,-0.056141,0.1271,0.011902,0.144605,-0.119059,-0.059513,-0.086155,0.144071,0.174429,0.094816,0.17921,0.147966,-0.050496,0.004803,-0.230401,0.12211,0.037486,-0.040897,0.069544,0.08716,-0.017622,0.340058,0.035049,-0.257869,-0.116146,-0.201833,-0.181461,0.029202,-0.03613,-0.116724,0.499814,0.029245,0.098573,-0.03247,0.04203,0.062325,-0.219579,0.01114,-0.062935,-0.076535,-0.076583,0.070627,0.208045,-0.075302,-0.059451,0.080146,-0.269659,-0.098191,-0.289869,-0.300876,-0.016769,-0.258269,-0.13356,-0.149063,0.061887,-0.034544,-0.16298,-0.209988,-0.23924,-0.058272,-0.211875,-0.252393,-0.142914,-0.113021,-0.263743,-0.00621,-0.203021,0.009223,0.04797,-0.058355,-0.410437,-0.099878,0.014278,-0.149419,-0.095212,-0.065551,0.050938,-0.042756,0.199624,-0.170602,-0.165697,-0.084416,-0.028439,-0.243773,0.015957,-0.021867,0.037389,-0.330016,-0.082118,-0.255104,-0.289359,-0.137852,-0.222162,-0.020368,0.191393,-0.294355,-0.224239,-0.047668,-0.104396,-0.176297,-0.029227,-0.140565,-0.141826,0.103738,-0.085811,-0.188368,-0.232368,-0.381833,0.049011,-0.151604,-0.140175,-0.207754,-0.135819,-0.282535,0.202359,-0.370726,-0.322271,-0.432413,-0.092174,-0.119835,-0.224183,-0.073098,-0.355301,0.045913,0.105701,-0.278655,-0.153175,-0.116728,0.009176,0.031861,-0.011111,0.045695,-0.041749,0.018671,0.195897,-0.139153,-0.042902,0.205886,0.197341,-0.073194,-0.032588,0.265623,-0.034311,0.084155,0.144043,0.139,-0.166826,0.089148,0.1106,0.276325,0.193689,0.349374,-0.033311,0.087915,-0.130616,0.113496,0.135111,-0.092182,-0.017237,0.418688,-0.024702,-0.12066,-0.063244,0.473685,-0.118642,-0.302095,0.036505,#
19,-0.184554,0.057194,0.217945,0.248237,-0.14443,-0.032323,-0.200919,0.026043,-0.245999,-0.057146,-0.275796,-0.068049,-0.046863,0.030352,-0.069398,0.149567,-0.121957,0.344132,-0.24903,1.0,0.248488,0.103724,-0.073388,-0.018803,-0.160124,-0.131205,-0.023076,-0.13206,0.019095,-0.107529,0.279412,0.206746,0.206322,0.204889,-0.080047,-0.369982,0.11719,0.116353,-0.255795,-0.129496,0.082432,0.212138,-0.062829,-0.031052,-0.140622,-0.249757,0.315042,0.256682,0.263005,-0.257433,-0.142,0.06348,0.297063,-0.217244,-0.169676,0.000799,0.185604,-0.248183,0.066151,-0.14658,-0.080833,-0.109441,0.038518,-0.13847,0.084189,0.040652,-0.113594,0.076303,-0.078968,0.228328,0.212242,0.207026,0.09078,-0.000767,0.17527,-0.277999,0.382498,0.169842,0.491418,0.220233,0.390796,0.211692,0.259654,0.221151,0.217585,0.23504,0.250649,-0.040928,0.255472,0.187996,0.237234,0.273175,0.174852,0.257086,0.195256,0.283137,0.335661,0.194026,0.215669,0.270691,-0.481097,0.083419,0.174328,0.358801,0.279966,0.429079,0.073236,-0.294483,0.129582,-0.214195,0.258194,-0.203628,0.068027,0.448846,0.239257,0.101217,0.102859,0.062375,0.110102,-0.264742,0.400477,0.026198,0.000907,0.133496,0.082447,0.240024,-0.007988,0.036961,0.215188,0.223864,0.345963,0.269668,0.337354,-0.055762,0.272036,0.114302,0.195747,0.099613,0.125987,0.177445,0.256612,0.199926,0.095914,-0.143911,0.246643,0.348295,0.44296,-0.421164,0.374113,0.058935,0.199224,0.118014,0.370909,0.366653,-0.07264,0.197228,0.287007,-0.066579,0.137929,-0.017598,0.119179,0.251166,-0.116274,0.127514,-0.094505,-0.055629,0.346623,-0.083835,0.202451,0.211401,-0.437405,-0.154295,0.209801,0.107513,-0.295924,0.135308,0.137668,-0.435812,-0.148965,0.028761,0.012564,-0.266296,-0.301471,-0.157695,-0.404863,-0.063143,0.199012,0.139864,-0.09303,-0.293079,0.330168,-0.348031,-0.424215,-0.099469,-0.064783,-0.285374,-0.337673,0.302378,0.325667,0.027585,#
20,0.230526,-0.103804,-0.053019,-0.006316,-0.197805,0.059443,-0.203808,0.051972,-0.165013,-0.156675,-0.014497,0.241349,-0.076266,0.099364,-0.133753,0.073578,0.033022,-0.08564,0.160324,0.248488,1.0,-0.174538,-0.325035,-0.083725,0.100171,0.066557,0.019224,-0.094704,-0.048302,0.068902,0.334367,0.27255,0.096159,0.21237,-0.135026,-0.292868,0.09943,0.092354,-0.151653,-0.092689,0.378139,0.069722,-0.081632,-0.045072,-0.065336,-0.162425,0.05869,-0.106493,-0.020889,-0.270381,-0.120268,-0.09814,0.306527,-0.013748,-0.013877,0.163917,-0.231205,0.014239,-0.143389,0.137078,0.047059,0.030611,0.098641,-0.030375,0.034605,0.004207,-0.292363,0.072559,-0.145232,-0.196751,0.025502,0.134927,0.087404,0.235255,-0.069947,-0.385011,0.051502,0.324829,0.131096,0.291579,0.110353,0.121444,0.359343,-0.035823,-0.023262,-0.175498,0.093891,0.035134,0.408321,0.10571,-0.183991,-0.061688,0.095745,-0.115193,0.255594,0.115729,-0.096954,0.200456,0.08975,0.106543,-0.033859,0.15893,-0.163642,0.020507,0.2633,0.10257,0.133433,0.185834,0.20014,0.126804,0.077731,-0.00539,-0.267754,0.274176,0.318335,0.348564,-0.066692,0.151457,0.198737,0.179276,0.07066,0.117782,-0.157439,0.222056,-0.147261,0.042642,-0.18486,-0.161846,-0.091521,0.23386,0.162686,0.058677,0.232729,0.080954,-0.07363,0.225745,0.218582,0.022247,0.138731,0.083153,-0.095335,0.235979,0.257416,-0.006065,0.048272,-0.016788,0.26855,-0.3928,-0.043182,0.132154,0.018173,0.114451,0.1889,0.279285,-0.008488,0.174596,0.234608,-0.125888,0.014503,-0.111753,-0.076246,-0.020278,0.159479,-0.233767,-0.155432,-0.242203,0.155011,0.066519,0.214498,-0.059767,-0.234747,-0.005794,0.207404,-0.085571,-0.382597,0.145174,0.045201,-0.283613,-0.174064,0.291368,-0.147483,-0.009863,-0.115489,-0.003731,-0.069183,0.3667,0.123878,0.017604,0.156045,0.00914,-0.033266,-0.27068,-0.179661,-0.34142,-0.170041,-0.109324,0.079768,-0.007953,0.112125,-0.178495,#
