0,1.0,0.104295,-0.210061,-0.208562,0.213034,0.120216,0.446074,-0.279419,0.106341,-0.031942,0.514525,0.166457,0.215842,0.185167,0.065039,-0.079034,0.006641,-0.421286,0.405232,-0.126202,0.042236,0.081861,0.129641,0.048245,0.041965,-0.060712,-0.136189,0.108638,0.231533,0.101956,-0.339285,-0.043783,0.070081,-0.173816,0.335765,0.048572,0.076446,0.004221,0.102222,0.158599,-0.056136,0.105912,-0.058951,-0.080221,0.183023,0.104439,0.229424,0.153122,-0.213342,0.001165,0.044108,-0.176935,0.053071,-0.100463,0.08775,0.059046,-0.139036,0.239662,-0.085579,-0.104522,0.212357,0.033468,-0.204869,0.175815,-0.275586,0.10833,0.005631,-0.024821,-0.101829,-0.142521,0.02436,0.06537,0.177948,-0.200144,-0.128507,0.148636,-0.471503,-0.200474,-0.274514,-0.12521,-0.112331,-0.121314,-0.123488,-0.373152,-0.07126,-0.152079,-0.128782,-0.120316,-0.144803,-0.152626,-0.333574,-0.197059,-0.038844,-0.36178,-0.156471,-0.280421,-0.094163,-0.483585,-0.349267,-0.182042,0.326793,-0.079917,-0.166578,-0.256709,-0.202909,-0.288503,-0.232421,0.030252,-0.272945,-0.14881,-0.093166,0.155543,-0.334682,-0.254585,-0.043358,0.030038,-0.073007,-0.003268,0.056655,-0.083971,-0.246984,0.005604,-0.070733,0.138907,-0.166326,-0.030102,-0.13469,0.177747,-0.260475,-0.210059,-0.323919,-0.379616,-0.14798,0.214282,-0.129652,-0.149918,-0.041839,-0.202627,0.219633,-0.199434,-0.177151,0.107811,-0.027169,-0.280032,-0.277249,-0.119169,-0.147542,0.094431,-0.319496,-0.262961,0.05408,-0.096836,-0.389503,-0.08545,0.113527,-0.169527,0.028077,0.118783,-0.338909,-0.045075,-0.107156,-0.190734,-0.024019,-0.302013,0.012252,0.041399,0.153877,0.064327,-0.322186,-0.137576,0.225075,-0.215043,0.104086,-0.00067,0.164443,-0.081063,-0.240994,0.115348,0.151169,-0.379766,0.032498,0.150152,-0.006147,0.325916,0.148699,-0.06609,0.168475,-0.035577,0.214043,0.263865,-0.395113,0.22585,0.416923,-0.00916,-0.039497,0.194,0.005172,-0.204266,-0.086721,-0.220612,#
1,0.104295,1.0,-0.062968,-0.088664,-0.004427,-0.102523,0.128642,-0.089176,-0.140613,0.142999,-0.027949,-0.040496,0.055839,0.201623,-0.045798,0.129882,0.247029,-0.00101,0.285968,-0.094735,0.206109,0.083189,0.027717,-0.222142,-0.057286,-0.291305,-0.194339,0.052075,0.122045,0.108854,-0.1237,0.015517,0.071124,-0.014944,0.208425,-0.035764,-0.078144,-0.238211,0.103306,-0.005071,0.096096,0.01932,-0.027749,0.039595,-0.07643,0.08873,-0.104877,-0.005101,0.128453,0.304823,-0.026094,-0.045714,0.101976,0.112338,0.068637,-0.074807,0.286474,-0.144586,-0.085468,-0.104981,0.03479,-0.025347,-0.050498,0.041349,0.259825,0.308987,-0.320008,0.020135,-0.07014,-0.119848,-0.099623,-0.128674,-0.146812,-0.112043,-0.078033,0.124428,-0.055663,-0.077719,0.188897,-0.128943,-0.008241,-0.182719,0.014539,-0.133151,-0.086057,0.02201,-0.024141,0.006438,0.01043,-0.0664,-0.211155,0.070018,-0.032845,-0.178954,-0.049854,-0.046597,-0.007364,0.061636,0.253586,0.045921,-0.058121,0.041988,0.050694,0.049173,-0.259446,-0.129052,0.182215,-0.114737,-0.347986,-0.168577,0.214311,-0.028433,-0.077449,0.031678,-0.139292,-0.123897,-0.058261,-0.031563,-0.03453,-0.119256,-0.126154,0.031217,-0.334714,-0.200537,-0.206634,-0.270901,-0.154421,-0.118507,-0.250521,-0.131636,0.03072,-0.292178,-0.236808,-0.026637,-0.198376,-0.121211,0.118478,0.131463,-0.038008,-0.176268,-0.029538,-0.215312,0.102669,-0.029538,0.031256,-0.216965,-0.411307,0.068077,0.078284,-0.016055,-0.040693,0.162081,0.120276,-0.18946,-0.088578,-0.204625,0.099617,0.105848,-0.036561,0.185733,-0.17561,-0.011048,-0.04291,0.00509,-0.207653,0.325928,0.260061,0.163269,-0.161047,-0.326334,0.192266,0.081284,-0.072616,0.024357,0.0578,-0.065144,-0.063276,0.081114,0.040682,-0.153414,0.08777,-0.142313,0.228308,0.23899,0.154063,-0.145849,0.123665,-0.214295,0.039778,0.099936,-0.064801,0.185142,-0.144208,0.017304,8.6e-05,0.041808,0.083844,-0.180782,0.074011,0.066702,#
2,-0.210061,-0.062968,1.0,-0.313614,-0.112962,-0.11412,0.053746,-0.187116,0.159567,0.093164,-0.079247,-0.226245,0.143568,-0.040548,-0.226619,0.060238,-0.061855,0.374182,-0.164097,0.110547,-0.230643,0.012482,-0.053532,-0.008234,-0.029498,0.049504,0.042998,-0.163036,-0.005265,-0.177582,-0.001582,0.166308,-0.186947,0.132152,0.020508,0.156515,0.088727,0.454432,-0.027742,-0.260727,0.118686,-0.041049,0.040195,-0.02036,-0.184681,-0.304703,-0.177383,0.003178,-0.013196,-0.007977,0.095645,-0.208348,0.182638,-0.162774,-0.195403,-0.042211,-0.043979,-0.260163,0.206995,-0.210606,0.146033,-0.019337,0.066034,-0.219622,0.229565,0.136731,0.100872,-0.005399,0.14204,0.189227,-0.088347,0.028974,-0.422,0.018491,-0.071318,-0.114206,0.034923,0.051746,0.050939,0.05225,0.055592,0.087204,0.163167,0.176536,-0.127727,0.154004,0.135464,0.02445,-0.124123,0.199808,0.04708,0.009704,0.040655,0.202928,-0.027705,0.0539,0.025273,-0.023744,0.02178,0.088132,-0.261713,-0.159538,0.084054,0.20303,0.268882,0.087114,0.048158,-0.106197,0.201922,-0.048345,-0.012489,-0.244509,0.077165,0.104518,0.254261,-0.155428,0.046187,0.119616,-0.113919,-0.149667,0.055943,0.136712,0.03124,-0.34802,-0.168822,0.083726,0.361312,-0.000165,0.23071,0.020803,0.300855,0.08151,-0.045967,0.1218,0.086121,-0.106846,0.101046,0.266048,-0.205242,0.217365,0.001497,0.171159,0.032913,-0.106417,0.020002,0.082059,0.031987,0.076464,0.10347,0.185676,-0.076107,0.170775,0.123445,-0.008888,0.171684,0.019922,0.023042,0.049734,0.151015,0.017877,0.291456,0.001425,-0.017533,0.266197,0.08863,-0.113646,0.051999,-0.007323,0.21243,0.067755,-0.202233,-0.125585,-0.137488,0.00115,-0.246691,0.066744,0.145081,-0.042542,0.023886,-0.16789,0.047563,0.032902,-0.027809,-0.217995,-0.135891,0.086499,0.149911,0.151361,-0.220677,-0.338728,0.167492,-0.156983,-0.295025,0.230208,-0.022668,-0.039398,0.013292,0.305073,0.154868,0.210454,#
3,-0.208562,-0.088664,-0.313614,1.0,-0.193216,-0.055934,-0.135628,0.178672,-0.43964,-0.276245,0.086141,0.008007,-0.221672,-0.443214,0.078988,-0.177796,0.106393,0.120402,-0.106434,-0.139616,0.18765,-0.195895,-0.303443,0.052548,0.014947,0.154534,-0.060115,0.121199,-0.138204,-0.206104,0.307747,-0.138342,0.118882,-0.093979,-0.127281,0.047668,-0.14374,-0.168074,0.060024,0.137289,-0.019544,-0.081749,0.077423,0.203687,-0.01872,0.402327,-0.016868,-0.144103,0.089623,-0.270095,-0.122921,0.491196,0.004866,0.167615,0.273326,-0.259478,0.200765,0.28649,-0.074179,-0.141958,-0.510603,0.026797,0.160678,0.037449,-0.10266,-0.283535,-0.019407,0.005667,-0.107708,0.033536,0.125583,-0.185787,0.146199,0.112791,0.201115,-0.115232,0.324424,0.26768,0.12494,0.032915,0.033964,0.185053,0.118441,0.096184,0.154806,-0.014776,0.111402,0.200976,0.156434,0.077541,0.070065,0.10871,0.11293,-0.019202,0.156072,0.182897,0.331088,0.094454,0.089172,0.190308,0.220505,0.255999,0.266089,0.246653,-0.109033,0.034936,0.162349,0.140856,-0.088145,0.057112,-0.165331,0.049985,0.25598,0.081207,-0.053295,0.141001,0.234715,0.150682,-0.04777,0.277822,0.253639,0.130151,0.057926,0.266595,0.324365,0.061802,-0.370281,-0.144361,0.014769,0.281111,-0.110577,0.432924,0.390556,-0.013751,0.127048,0.156139,-0.053869,-0.025216,-0.075122,0.108832,0.074368,-0.123734,0.304102,0.261197,0.360219,0.047044,0.124047,-0.206231,0.243288,-0.147612,0.213806,-0.18607,-0.014849,0.091164,0.069202,0.088137,-0.411979,-0.245547,0.173963,0.134462,0.108988,0.130144,0.087847,-0.006449,0.014026,-0.308931,0.132514,-0.104508,0.040077,-0.037661,0.255678,0.210427,0.022499,0.280786,0.078131,0.077444,-0.132449,-0.129447,-0.424627,0.467024,-0.373328,0.149376,0.052729,-0.172176,-0.096021,-0.118963,-0.146807,0.043384,0.287622,0.072695,0.110476,-0.227977,-0.08368,-0.225695,0.117031,-0.132133,-0.06782,-0.182526,-0.277028,-0.123308,#
4,0.213034,-0.004427,-0.112962,-0.193216,1.0,0.149125,0.085935,-0.039588,0.058341,-0.014513,0.242306,0.09391,-0.019668,-0.13776,0.000444,-0.117302,0.148668,-0.223766,0.163015,-0.059735,-0.115206,-0.277626,0.161948,0.006824,0.027393,0.02692,-0.176193,-0.164707,0.09415,-0.052293,-0.278433,-0.09611,0.076674,-0.204712,0.013707,0.109945,-0.027278,-0.263137,0.078546,0.328638,-0.05553,-0.308851,-0.241638,-0.138486,-0.118973,-0.015479,-0.125565,-0.112664,-0.003032,0.248442,-0.016885,-0.092595,-0.173639,0.247123,0.090561,-0.033604,-0.275297,0.169307,0.033116,0.216347,-0.168825,-0.197734,-0.068921,-0.061784,-0.187625,-0.017874,0.407194,-0.015462,-0.08784,-0.227847,-0.118484,0.148815,-0.013123,0.036362,0.116737,-0.016938,-0.174113,-0.181125,-0.121481,-0.146498,-0.270573,0.025077,0.096607,-0.10173,0.139065,-0.072687,-0.033553,-0.018743,0.054868,-0.172219,0.065163,0.085817,0.035982,-0.029162,0.099385,-0.132783,0.033347,-0.042422,-0.043753,-0.142477,0.195596,0.125177,-0.029734,-0.229366,0.066794,-0.077208,-0.155815,0.038971,-0.195517,0.175342,0.078421,-0.000509,-0.307815,-0.199408,-0.185112,0.323288,-0.093244,0.344046,-0.264518,-0.05967,-0.314916,-0.090302,-0.147043,-0.008971,0.005047,0.023825,-0.040316,0.037819,-0.148061,-0.233998,-0.089836,-0.304627,0.015192,-0.017241,-0.001355,-0.02533,0.204654,-0.056074,0.002034,-0.106107,-0.107743,-0.155537,-0.153314,0.10191,-0.202857,-0.214521,0.009568,-0.007456,-0.062782,-0.030526,0.079087,0.041338,-0.266447,0.13243,-0.078278,-0.12603,0.117118,0.137005,-0.306825,0.00134,-0.307111,-0.159107,-0.06829,0.007189,-0.046884,0.049227,-0.012169,0.052735,-0.020557,0.287072,0.09426,0.060707,0.148281,-0.052628,-0.087447,-0.049857,-0.010844,0.02981,0.112177,-0.089346,-0.035988,0.259123,-0.040009,0.000549,0.190885,-0.018544,0.034282,0.170535,0.264366,0.014072,-0.175197,0.112346,0.30373,0.042085,-0.254401,0.12252,0.105173,0.061656,-0.104069,-0.152259,#
5,0.120216,-0.102523,-0.11412,-0.055934,0.149125,1.0,0.264528,0.210463,0.057141,-0.081076,-0.017556,0.13367,-0.029373,-0.107559,0.147515,-0.108887,0.146498,-0.081101,0.110935,-0.198011,-0.101393,-0.183445,0.183625,-0.097001,-0.08564,0.225883,-0.072863,-0.025721,0.171895,0.208379,-0.321165,0.015997,-0.090446,0.076137,0.017789,0.130798,0.084417,-0.120007,-0.083107,0.114379,-0.297811,0.049575,-0.242652,-0.079362,0.105593,0.006176,0.187741,-0.170835,0.122395,0.100944,0.022427,-0.083705,0.15804,0.070181,-0.03909,0.089194,-0.134966,0.252642,-0.197136,0.010965,0.045139,0.036288,0.053819,0.146481,-0.237501,-0.03158,-0.059671,-0.020622,0.005895,-0.430967,-0.041622,-0.039728,-0.024887,0.100593,-0.035327,0.162584,-0.155169,-0.017786,-0.288812,-0.032815,-0.234367,-0.270804,-0.113323,0.233391,-0.060105,-0.253317,-0.10025,-0.01381,-0.131564,-0.152831,-0.04737,-0.185486,-0.190052,-0.31436,-0.154593,-0.032974,-0.186462,-0.202707,-0.267612,-0.286788,0.330278,0.129437,-0.057784,-0.290076,-0.34231,-0.342905,-0.079335,0.108047,-0.229414,0.035165,0.069932,0.384869,-0.312395,-0.21462,-0.00995,-0.112279,0.030129,0.215606,0.138245,-0.11382,-0.020085,-0.171829,0.058202,0.00509,-0.148059,-0.041579,0.023823,-0.02877,-0.367813,0.07463,-0.074024,-0.201985,-0.041389,0.054057,-0.393371,-0.11854,0.199358,0.206064,0.078512,-0.094136,-0.045418,0.012251,-0.174045,0.068502,-0.080602,-0.280213,0.245421,0.079364,-0.382356,-0.140157,-0.036717,-0.313398,0.120443,-0.0947,0.168476,-0.036186,0.048277,-0.113294,-0.424208,-0.053355,-0.315309,-0.09598,0.259426,-0.286502,0.052619,-0.045208,-0.230585,-0.1029,0.024339,-0.224157,0.031192,-0.167672,-0.100029,-0.201758,0.127846,-0.142676,-0.063658,0.093466,-0.011151,-0.007226,0.204638,0.00526,0.064131,0.114831,0.467293,-0.120563,0.102223,-0.046277,0.061929,0.058492,-0.062836,0.137229,0.108244,-0.083101,-0.306839,0.322638,0.099681,-0.026464,-0.248349,-0.177187,#
6,0.446074,0.128642,0.053746,-0.135628,0.085935,0.264528,1.0,-0.201076,0.302805,0.04236,0.159899,0.12562,0.118726,0.111822,-0.030684,0.087654,0.182471,0.100885,0.200238,0.076282,-0.197915,-0.158268,0.160769,-0.025851,-0.067223,0.096691,-0.079692,-0.000944,0.488039,-0.026257,-0.261095,-0.019844,-0.043441,-0.22543,0.15031,0.101291,0.261052,-0.213995,0.267326,0.245568,0.10271,0.141512,-0.179628,-0.05363,0.156388,-0.126976,0.068324,-0.074736,-0.11224,0.040308,-0.002764,-0.314294,0.113087,-0.049127,0.301397,-0.154719,-0.062411,-0.049896,0.053222,-0.221703,0.187066,0.184921,-0.083006,0.187723,0.137379,0.26318,-0.104585,0.101508,0.155098,-0.263542,-0.001191,-0.056688,-0.172312,-0.468987,-0.344644,0.184123,-0.4813,-0.379195,-0.387282,-0.118716,-0.336037,-0.180228,-0.105535,-0.112773,-0.376415,-0.194938,-0.191206,-0.285789,-0.367136,-0.32442,-0.457183,-0.39518,-0.523271,-0.280415,-0.351696,-0.444193,-0.129414,-0.364452,-0.316959,-0.165035,0.094066,-0.009322,-0.236247,-0.297867,-0.320889,-0.332339,-0.087305,-0.121549,-0.196574,-0.208125,-0.015085,0.047043,-0.272034,-0.359752,-0.056742,-0.266431,-0.036535,-0.030571,0.146676,-0.266506,-0.341977,-0.106407,-0.21559,-0.173185,-0.182596,-0.203696,0.019382,0.176793,-0.310269,-0.247454,-0.280412,-0.435098,-0.299992,0.055982,-0.257033,-0.348235,0.061598,-0.12669,0.121062,-0.372867,-0.202662,0.078445,-0.141265,-0.385368,-0.413022,-0.220718,-0.078825,0.510459,-0.401906,-0.400345,-0.153427,-0.373383,-0.241236,-0.148244,-0.033275,-0.191547,0.153547,0.3103,-0.296044,-0.203064,-0.079274,-0.252934,0.103047,-0.121142,-0.2259,0.175463,-0.086633,-0.045629,-0.310168,-0.275938,0.165059,-0.174946,-0.140531,-0.239061,0.144051,-0.351395,-0.124057,0.342763,0.2151,-0.52199,0.281539,-0.058442,-0.081389,0.362558,0.215419,-0.474121,0.067703,-0.076346,-0.052237,0.17337,-0.395043,0.267521,0.156965,0.250437,-0.190121,-0.009311,0.089865,-0.177388,-0.150697,0.177003,#
7,-0.279419,-0.089176,-0.187116,0.178672,-0.039588,0.210463,-0.201076,1.0,-0.261443,-2.9e-05,-0.234498,-0.150948,0.2237,-0.140486,0.136256,0.016675,0.180758,0.016055,-0.018711,-0.269942,0.181189,0.109037,0.005093,-0.009712,-0.074977,0.099042,-0.168415,-0.254117,-0.187947,0.06387,-0.094618,-0.109778,0.02852,0.173314,-0.196014,0.004413,-0.196601,-0.25455,-0.124721,0.133259,-0.034096,-0.035295,-0.079161,-0.210907,0.146099,0.007794,0.242149,-0.202908,0.144221,-0.012054,-0.036971,-0.095033,-0.01678,-0.172763,-0.052882,0.10414,0.401818,-0.102188,-0.137902,0.396394,-0.072694,-0.304505,0.036052,0.049084,-0.076444,-0.109159,-0.006876,0.047549,-0.080856,-0.190887,0.138027,0.033763,-0.35438,0.212657,0.04358,-0.087486,0.052128,0.064947,-0.105043,0.055139,-0.068509,-0.268004,-0.160312,-0.048367,0.101003,-0.191729,0.131574,0.117004,0.207783,0.170187,0.134093,-0.023164,0.073969,-0.052055,0.07982,0.162873,-0.108546,0.148691,0.096209,-0.052868,-0.098212,0.099538,0.102462,0.035503,-0.10896,0.091907,-0.127638,0.053919,-0.031825,0.171147,0.103549,0.017544,0.137694,0.247296,0.027046,0.070538,0.148499,-0.076852,-0.02697,0.010188,0.180893,-0.233164,0.069866,0.195462,0.03976,-0.163117,-0.000733,-0.139254,-0.015883,0.006629,-0.227691,0.200305,0.104345,-0.197108,0.028129,0.278267,0.118301,0.064932,-0.068807,-0.057943,-0.195847,-0.103221,-0.203711,0.223002,-0.147383,-0.177035,0.01508,0.132925,0.068646,0.105374,-0.070631,-0.155231,0.121549,-0.044694,-0.051004,-0.247702,-0.032215,0.056596,0.016149,0.119105,-0.146357,0.181148,0.070902,0.059641,0.124829,-0.317114,-0.432172,-0.086534,0.087433,0.203773,-0.116366,0.077158,-0.113897,-0.205352,0.163167,-0.060976,-0.117472,-0.028621,-0.062502,0.132963,-0.012481,0.042654,0.200969,-0.015137,0.064431,-0.042703,-0.145637,-0.121834,-0.134356,0.174577,-0.04916,-0.077939,-0.113618,-0.052534,0.01943,-0.051187,-0.05847,-0.00019,-0.224289,0.051251,#
8,0.106341,-0.140613,0.159567,-0.43964,0.058341,0.057141,0.302805,-0.261443,1.0,0.338444,-0.059506,0.213384,-0.027815,0.237061,-0.06678,-0.039621,-0.229496,0.057842,-0.010865,0.201045,-0.169632,-0.022763,0.149204,-0.004932,0.035363,0.147522,0.169564,0.087024,0.160204,0.019419,-0.252768,-0.033055,0.050152,0.044201,-0.033724,0.030731,0.121029,0.115982,0.048389,0.041818,0.0745,0.079641,-0.16376,-0.082931,0.027461,-0.189566,-0.037745,0.096325,-0.100755,0.063176,-0.10518,-0.253423,0.199781,0.24806,0.21898,0.150828,-0.440048,-0.17484,-0.07627,0.019765,0.188858,-0.051229,-0.044832,0.088071,0.159101,0.082352,-0.008073,0.227359,0.215858,-0.081233,-0.079727,0.079786,0.084948,-0.130527,-0.378191,0.19762,-0.173283,-0.261315,-0.184592,0.036046,-0.179973,-0.140831,-0.131553,-0.033355,-0.348486,0.002262,-0.380234,-0.332493,-0.165035,-0.330145,-0.081454,-0.422382,-0.446061,-0.0537,-0.232933,-0.018098,-0.265119,-0.114564,-0.295865,-0.143793,-0.198306,0.053181,-0.098614,-0.170036,0.039038,-0.225876,-0.057087,-0.056675,0.040341,-0.084585,0.035873,-0.054964,-0.252197,-0.146499,0.245333,-0.081612,-0.067146,-0.215148,-0.026372,-0.225947,-0.119405,0.019942,0.025563,-0.230325,-0.263512,0.09759,0.316694,0.063053,-0.054265,-0.12728,0.212988,-0.119267,-0.47308,-0.145523,-0.165824,-0.091366,-0.098687,0.053716,0.077795,-0.092669,-0.190745,0.176956,-0.238115,-0.256452,-0.259839,-0.274779,-0.270264,0.185391,-0.210287,-0.123643,-0.027335,-0.024933,-0.147805,-0.338503,0.240315,-0.052836,0.327093,0.326044,-0.371055,-0.356889,-0.0684,-0.065855,-0.176976,-0.170115,-0.151366,-0.002442,-0.100785,-0.07869,-0.091212,-0.099921,-0.190308,-0.171989,-0.019986,-0.082245,0.221649,0.018597,0.157111,0.10561,0.499877,-0.278143,0.2083,0.071386,-0.145357,0.095149,0.016328,-0.00425,0.119913,0.004686,-0.357994,-0.029054,-0.068156,0.146127,0.029934,0.214456,-0.095881,0.112383,0.0628,-0.240972,0.021348,0.117457,#
9,-0.031942,0.142999,0.093164,-0.276245,-0.014513,-0.081076,0.04236,-2.9e-05,0.338444,1.0,-0.130186,-0.206816,0.228141,0.451629,-0.090748,0.015461,-0.324634,0.240831,-0.00051,0.19273,-0.143397,0.098554,0.261976,0.046464,0.024787,-0.08284,-0.188801,-0.056651,0.169156,0.377714,-0.018556,0.101788,0.219104,-0.114684,0.053333,-0.034374,0.36273,-0.007271,0.002421,-0.256031,0.253751,0.056074,0.045203,-0.111593,-0.007319,-0.376142,0.028712,0.374643,0.167167,0.077227,-0.179631,-0.280584,0.371595,-0.032214,0.136429,-0.052759,-0.203029,-0.375363,-0.048818,0.214926,0.330218,-0.127475,-0.387323,-0.002985,0.029103,0.149012,0.107156,-0.001549,-0.070221,0.038819,0.043143,0.150582,-0.187316,-0.055418,-0.163955,-0.03285,-0.115952,-0.28256,-0.029965,0.223633,-0.074484,-0.238537,-0.237238,0.207913,-0.33368,0.160174,-0.106314,-0.164331,-0.151219,-0.224698,-0.000415,-0.060681,-0.333072,0.002483,-0.194359,0.119984,-0.547255,-0.017881,0.192831,-0.261143,-0.417985,-0.039182,-0.187531,-0.085383,0.015735,-0.135691,-0.15153,-0.398867,0.169467,-0.137738,0.422363,0.249053,-0.20343,-0.048968,0.005725,-0.20425,-0.141146,-0.172776,0.330912,-0.33783,-0.282769,-0.111451,-0.004099,-0.174704,-0.324153,0.339581,0.355746,-0.033398,-0.085113,-0.361504,0.161337,0.048635,-0.531889,-0.04489,-0.353361,-0.217235,-0.12183,0.172493,0.133993,-0.188294,-0.062232,-0.112792,-0.337089,-0.350438,-0.391403,-0.18502,-0.40355,0.171192,-0.144486,-0.122569,-0.364647,0.186831,-0.034386,-0.609459,0.101137,-0.326934,0.674247,0.41186,-0.209556,-0.350552,-0.178406,0.0696,-0.145145,0.103546,0.216732,0.325981,-0.001997,-0.344084,0.066623,-0.128493,-0.273682,0.110068,-0.023924,-0.170474,0.297258,-0.301196,0.065409,-0.170406,0.541907,-0.269531,0.510123,0.181879,-0.397657,-0.187613,0.104324,-0.159908,0.165299,-0.017308,-0.552833,0.045478,-0.198574,-0.033934,-0.053262,0.308265,-0.202512,-0.024757,0.221906,-0.000451,0.163986,0.423129,#
10,0.514525,-0.027949,-0.079247,0.086141,0.242306,-0.017556,0.159899,-0.234498,-0.059506,-0.130186,1.0,0.340157,-0.007545,-0.004977,-0.188496,-0.06742,0.038428,-0.251355,0.084177,0.013741,0.076018,-0.101216,-0.084503,0.050848,0.095935,0.208987,-0.043182,0.157093,0.12436,-0.172759,0.01516,0.114845,0.114714,-0.192211,0.015979,0.039753,-0.08843,0.14014,0.071906,0.086199,-0.154332,-0.141099,-0.1088,0.009537,0.057953,0.348009,-0.08041,0.125702,-0.075444,0.031669,0.046965,-0.014313,0.155996,0.051569,0.074295,-0.056363,-0.130828,0.384535,0.005515,-0.174073,-0.214263,-0.105949,-0.079858,0.095903,-0.3612,0.069706,0.249405,0.160599,-0.150872,-0.15687,0.16051,-0.045285,0.188901,0.008508,-0.022734,-0.062215,-0.166011,-0.020707,-0.159638,-0.1071,-0.036304,0.10413,0.028461,0.044643,0.072908,-0.034842,0.042677,0.082637,0.075977,0.010772,-0.101805,0.109154,0.069812,0.010092,0.038575,-0.103259,0.222381,-0.346454,-0.060283,0.07395,0.167989,-0.149929,0.034992,-0.085895,0.161878,-0.075566,-0.045719,0.254818,-0.061892,0.205622,-0.275279,0.091303,-0.143421,-0.076118,-0.06261,0.106509,-0.239053,0.095067,-0.169145,0.053951,-0.179627,0.35971,-0.004982,-0.007957,-0.071182,0.13272,-0.225971,0.080223,-0.035035,-0.158561,-0.123064,-0.303388,0.074747,-0.171661,0.037681,0.056291,0.088839,-0.173799,0.022733,-0.012934,-0.047135,0.273255,0.159785,0.041545,0.025557,-0.211317,-0.068076,-0.042438,-0.066749,-0.142279,0.365184,-0.054874,-0.260527,0.06603,0.057615,0.015323,-0.263973,-0.109065,-0.104064,0.041608,-0.064305,-0.229634,0.019675,-0.074471,0.056306,-0.13686,0.097098,-0.215879,-0.157786,0.111129,0.21095,-0.042177,0.22915,0.104003,-0.122401,0.209961,-0.086456,0.006547,-0.097194,-0.023902,-0.1606,0.093952,-0.094943,-0.070806,0.084228,0.016226,0.051922,0.14952,0.276381,0.232707,0.056559,0.214944,0.150867,-0.125483,-0.052127,-0.184548,-0.118913,-0.161508,-0.161085,-0.413271,#
11,0.166457,-0.040496,-0.226245,0.008007,0.09391,0.13367,0.12562,-0.150948,0.213384,-0.206816,0.340157,1.0,-0.038556,0.057221,-0.086594,-0.177848,-0.079578,-0.217312,-0.026664,-0.198352,0.110593,-0.211369,-0.025358,0.100929,0.046625,-0.088173,0.119177,0.188117,0.067708,0.055203,-0.040527,-0.023591,-0.026163,-0.006924,0.140146,-0.044604,-0.032454,-0.131406,0.222483,0.057865,-0.098567,0.137833,-0.170995,-0.156394,-0.017741,0.425222,-0.158712,0.036749,0.077526,0.033911,-0.295105,0.159394,-0.047348,0.176143,0.114911,-0.020101,-0.208293,0.233284,-0.274601,-0.09296,-0.191113,-0.195192,-0.01086,0.110698,-0.013975,0.208072,-0.017069,0.294452,0.302481,-0.203895,-0.107111,-0.199274,0.108332,0.16027,0.141967,-0.029283,-0.129691,0.030452,-0.313842,-0.170863,-0.296008,-0.188759,0.129526,0.007214,-0.056558,-0.268568,-0.144955,-0.211953,0.11129,-0.138868,0.028556,-0.194591,-0.077346,-0.084021,-0.008912,-0.08072,0.163913,-0.068754,-0.154868,0.060803,0.185997,-0.154379,-0.074,0.052359,-0.063598,-0.111307,-0.052192,0.037795,-0.165792,0.124953,-0.026538,-0.089211,-0.101888,-0.096749,-0.116582,-0.041852,-0.047803,0.141934,0.012717,0.158598,-0.090263,0.156998,0.064953,0.10062,-0.020576,-0.072777,-0.144451,-0.125659,-0.195476,-0.024229,-0.156523,-0.098663,-0.187616,-0.030598,-0.200934,0.183868,-0.08059,-0.23439,0.034408,-0.373864,0.013564,0.156998,0.127541,-0.094537,0.163653,-0.376024,0.041471,-0.031936,-0.18613,-0.104782,0.214388,0.029997,-0.140229,0.157324,0.114116,0.076987,-0.063456,0.026058,-0.077181,-0.154909,-0.182882,-0.099779,-0.035471,-0.054334,-0.384532,-0.136991,0.015064,0.002779,-0.06394,0.019286,0.290762,0.026238,0.129129,-0.075918,0.106737,0.073663,0.01511,0.396184,0.056438,0.163911,-0.063697,-0.052035,-0.101328,-0.03991,0.232532,0.229326,-0.113469,-0.107728,0.198726,0.182721,-0.120153,0.308219,0.089391,0.002879,-0.169732,-0.002998,-0.029212,-0.179586,-0.007396,-0.285917,#
12,0.215842,0.055839,0.143568,-0.221672,-0.019668,-0.029373,0.118726,0.2237,-0.027815,0.228141,-0.007545,-0.038556,1.0,0.432608,-0.047887,0.184725,-0.038196,0.255738,0.137627,0.048075,-0.003891,0.057617,0.247591,0.113602,-0.016298,-0.271346,0.070296,-0.007932,0.233384,0.171323,-0.040059,-0.075186,-0.088258,0.167317,-0.082311,0.145808,0.153452,-0.027938,-0.085222,0.151024,-0.064571,0.043704,0.057288,-0.22963,-0.154598,-0.251944,0.354911,0.212005,0.114991,0.125078,-0.015309,-0.201479,0.168505,-0.114629,-0.101931,-0.082649,0.116333,-0.306177,-0.013178,0.0844,0.353092,-0.328777,-0.186977,0.061863,0.137592,0.010122,-0.017938,-0.034877,0.064776,0.023274,-0.051939,0.130867,-0.335856,-0.135001,-0.167766,-0.000536,-0.355968,-0.194838,-0.208111,-0.01549,-0.139948,-0.26961,-0.274075,-0.144034,-0.175423,-0.07134,-0.052252,-0.015546,-0.096652,0.056778,-0.195307,-0.047213,-0.233033,-0.21932,-0.216847,-0.051513,-0.259295,-0.12099,-0.03636,-0.369917,-0.124047,-0.295063,-0.171397,0.045159,-0.092376,0.004067,-0.201925,-0.154522,-0.004917,-0.119576,0.160131,-0.111618,-0.099056,-0.040396,0.160596,-0.127413,-0.117542,-0.054679,0.133588,-0.154431,-0.068962,-0.161484,-0.264133,-0.079847,-0.278985,0.033381,0.141506,0.083676,-0.169485,-0.313306,-0.038345,0.03374,-0.238948,0.155466,0.000901,-0.018122,0.08262,-0.176586,0.045311,-0.205183,-0.441565,0.016647,-0.161674,-0.237322,-0.274556,0.02564,-0.258508,0.387188,-0.233462,-0.075251,-0.302593,-0.013899,-0.024649,-0.247978,0.051552,-0.261857,0.24812,0.145045,-0.162786,-0.227247,0.012282,0.014215,-0.075235,0.057651,0.313378,0.032991,-0.013283,0.141396,-0.118026,-0.018426,-0.155275,-0.132109,-0.304763,-0.143599,0.080061,-0.104157,-0.241415,0.13136,0.156001,-0.237439,0.115329,0.07426,0.181943,-0.056437,0.255143,-0.076283,0.130288,0.114643,-0.167489,0.349591,-0.249431,-0.124664,0.035697,0.240852,0.007991,0.029574,0.185734,0.038016,0.091508,0.225629,#
13,0.185167,0.201623,-0.040548,-0.443214,-0.13776,-0.107559,0.111822,-0.140486,0.237061,0.451629,-0.004977,0.057221,0.432608,1.0,-0.02803,0.025003,-0.28201,-0.064139,0.338293,0.277414,0.153225,0.20082,0.290778,-0.108086,-0.065445,-0.209459,0.184499,0.22884,0.232828,0.136819,0.130416,0.101246,-0.078368,0.047894,-0.114039,-0.148644,0.101923,0.14555,0.023956,-0.235232,0.077931,0.202422,-0.01149,-0.24294,-0.104115,-0.397948,0.095777,0.305897,-0.133615,0.015073,-0.004317,-0.225914,0.110169,-0.193474,-0.19726,0.050778,-0.119368,-0.187808,-0.160715,-0.025466,0.462873,-0.069475,-0.256716,-0.019037,0.21519,0.151812,-0.04522,-0.110343,-0.010716,0.022319,-0.114761,0.126719,-0.008659,-0.253443,-0.234925,0.082103,-0.186809,-0.165045,-0.092822,0.14879,-0.010433,-0.26732,-0.225091,-0.037773,-0.261003,0.181531,-0.261534,-0.112424,-0.162614,-0.066476,-0.155153,-0.039815,-0.233721,-0.228625,-0.194173,-0.07169,-0.334968,-0.095728,0.153932,-0.231797,-0.327503,-0.213373,-0.265627,-0.249337,-0.12825,-0.124497,0.0263,-0.383408,-0.033874,-0.200825,0.282157,0.107471,-0.446675,0.01148,0.231618,-0.216346,-0.227149,-0.236127,0.286534,-0.165687,-0.10027,0.002301,0.0138,-0.2056,-0.348827,0.121053,0.0933,-0.008198,-0.219989,-0.38518,0.006312,-0.212623,-0.453653,-0.148386,-0.070423,-0.123913,0.133847,-0.085289,0.114292,-0.400734,-0.062864,0.095501,-0.078558,-0.300617,-0.344948,-0.00061,-0.252512,0.240862,-0.234505,0.07488,-0.220478,0.295961,0.103062,-0.40054,-0.096511,-0.278498,0.518947,0.182683,-0.110745,-0.328857,-0.007857,-0.090922,0.105161,-0.192992,0.104164,0.442056,0.118882,0.028393,-0.177636,-0.061607,-0.271855,-0.032071,-0.168837,-0.252771,0.086155,-0.248978,-0.070246,0.135846,0.38647,-0.314761,0.263643,-0.240228,-0.050371,0.103605,0.022635,-0.067344,-0.105692,0.104549,-0.346789,0.163752,-0.185572,0.011919,-0.0842,0.214528,0.087062,-0.143984,0.099329,-0.18864,0.141067,0.236663,#
14,0.065039,-0.045798,-0.226619,0.078988,0.000444,0.147515,-0.030684,0.136256,-0.06678,-0.090748,-0.188496,-0.086594,-0.047887,-0.02803,1.0,-0.184215,0.09537,-0.080749,0.130576,0.101319,0.178811,-0.056609,0.203674,0.125835,-0.177665,0.080556,0.217129,-0.005141,0.035021,-0.056925,-0.139261,0.183665,0.197722,0.020789,-0.120051,-0.298338,-0.107281,0.015531,-0.186198,-0.016436,-0.119496,0.131696,-0.023092,0.205715,0.227098,-0.128915,0.135727,0.048185,0.098279,-0.029169,0.141075,-0.054102,0.109629,-0.177139,-0.050664,0.231679,0.03037,-0.119826,-0.040709,0.078123,0.116633,0.160053,-0.076395,0.025383,-0.06561,-0.156211,-0.000132,-0.185548,0.000332,-0.111062,-0.125523,-0.027929,0.109897,0.080289,-0.075475,-0.073872,-0.176805,0.126124,-0.253565,0.332608,0.069306,-0.154137,-0.077973,-0.024984,0.051335,0.124581,0.201837,-0.048509,0.153373,-0.099962,-0.102654,0.024769,0.15417,-0.227031,-0.078191,0.009724,-0.137607,-0.048148,-0.118435,-0.058215,0.018261,0.261258,-0.150737,-0.384462,-0.159972,0.10131,-0.268726,-0.123629,0.130124,0.149669,-0.058594,0.077219,0.07671,0.103764,0.22672,0.026382,0.003846,-0.053186,0.014475,-0.326805,0.03859,-0.278828,0.130636,0.139105,-0.045782,-0.176183,-0.022609,0.06218,-0.165045,0.107603,-0.013917,-0.048583,-0.05779,-0.103033,0.043906,0.010234,-0.192708,0.047256,0.086279,-0.038033,0.001552,-0.068697,-0.185741,0.215081,-0.183605,-0.116664,0.108032,0.050399,-0.238405,0.113404,-0.052317,-0.211446,0.050117,0.132449,-0.177096,0.155809,0.180029,0.041504,-0.092597,0.43066,-0.076862,0.042181,0.025756,-0.296722,0.037774,0.049829,0.084925,0.049512,0.058598,-0.103381,-0.24895,-0.129789,-0.173482,0.131723,-0.023761,-0.243928,0.040436,-0.046125,0.181097,0.029659,-0.086723,0.183917,0.231147,0.068509,0.097149,-0.150926,0.191719,-0.078484,0.173921,-0.101573,-0.062024,-0.054053,0.066248,0.104843,-0.17193,0.165873,-0.109714,-0.151725,-0.098179,-0.139424,#
15,-0.079034,0.129882,0.060238,-0.177796,-0.117302,-0.108887,0.087654,0.016675,-0.039621,0.015461,-0.06742,-0.177848,0.184725,0.025003,-0.184215,1.0,0.258028,0.268268,-0.188758,0.126754,-0.33815,0.184703,0.100182,-0.093327,0.073977,-0.005504,-0.178041,0.143627,0.083867,-0.022481,0.023179,-0.122968,0.032134,0.063885,0.06488,0.081131,0.135681,0.092207,0.082707,-0.042604,0.007023,-0.103918,0.216647,0.160652,-0.206011,-0.03575,0.190053,0.060522,0.050705,0.277741,0.137355,-0.174829,-0.04013,-0.119891,0.159058,0.0362,0.229197,-0.240915,0.055133,0.081985,-0.000441,0.233493,0.186098,0.07289,-0.022581,-0.130583,-0.074783,-0.079027,-0.356432,-0.125733,0.132594,0.221009,0.132549,-0.011505,0.027742,0.250394,0.006019,-0.165449,0.258824,-0.022892,-0.013827,0.034489,-0.227048,0.16135,0.067176,-0.190528,0.062569,-0.264143,-0.121625,0.255575,-0.127846,0.12781,-0.121677,0.078201,-0.184518,-0.118226,0.118802,0.08168,0.059072,0.132466,-0.096716,0.094027,-0.216886,0.347795,0.019266,0.077954,0.131714,-0.001873,0.108948,-0.203606,-0.018228,-0.113694,0.14439,0.164671,-0.221401,-0.088174,0.169519,-0.256055,-0.037999,-0.068266,-0.043627,0.158893,-0.250017,-0.060429,0.03465,-0.164289,-0.046053,0.267624,0.048578,-0.08715,-0.071011,-0.066349,-0.07002,0.198115,0.086954,0.031964,-0.097085,-0.230147,-0.168864,0.104222,0.037279,0.042664,-0.245387,-0.243616,-0.040766,0.18498,-0.049529,0.244034,-0.056083,-0.095667,-0.141671,-0.007886,0.105487,0.0002,-0.055846,0.086322,-0.001006,0.210677,0.101617,-0.01258,0.087482,-0.083542,0.182141,0.025327,0.216723,0.036591,-0.142266,0.257513,-0.103438,-0.048539,0.042023,0.082477,0.134999,-0.041033,-0.08838,0.073011,-0.031287,0.247332,-0.095768,-0.155229,0.164452,-0.175655,0.09929,0.16715,-0.088134,0.066371,0.137325,-0.002344,-0.053774,-0.060203,0.030248,-0.122459,-0.097475,0.18026,0.117442,0.069619,0.011741,0.183853,0.415052,0.268569,#
16,0.006641,0.247029,-0.061855,0.106393,0.148668,0.146498,0.182471,0.180758,-0.229496,-0.324634,0.038428,-0.079578,-0.038196,-0.28201,0.09537,0.258028,1.0,-0.066369,0.018191,-0.053452,-0.153971,-0.026399,-0.160536,0.018702,-0.221286,0.184366,-0.08156,0.037315,0.094618,-0.121775,-0.277324,-0.023478,0.04737,0.151227,0.105903,0.082166,-0.238716,-0.157096,-0.007857,0.284673,-0.186039,-0.287629,0.002355,0.169356,0.01261,0.212926,-0.059783,-0.414927,-0.026912,0.292161,0.148575,-0.178161,-0.178369,0.066973,0.171753,0.038338,0.309898,-0.034909,0.141771,-0.127539,-0.204764,0.048641,0.130825,-0.168168,-0.124344,-0.117698,0.126273,-0.072611,-0.308351,-0.232096,0.107308,-0.153284,0.019278,-0.008209,-0.064039,-0.007847,0.003189,-0.268102,-0.00014,-0.113078,-0.10495,0.113872,0.107554,-0.113428,-0.015637,-0.191579,0.231697,-0.095163,-0.03822,0.250945,-0.140766,-0.044466,-0.031414,-0.130849,-0.008471,-0.042798,0.326327,-0.238565,-0.144481,0.112362,0.120094,0.262008,0.03571,0.091583,-0.287831,-0.10058,0.021631,0.081131,-0.072395,-0.113216,-0.213926,0.005191,0.242685,0.247981,-0.333657,-0.016117,0.08664,-0.010165,-0.148923,-0.105045,-0.143108,0.026974,-0.433381,0.088313,0.114651,-0.330341,-0.404468,0.025598,-0.145532,0.077288,-0.084385,-0.162141,0.183469,-0.03357,0.067884,0.027619,0.359105,-0.234881,-0.217454,0.012714,0.02759,-0.140249,0.030672,0.291319,-0.052445,-0.006207,-0.050129,0.132958,0.027959,-0.213916,0.196054,-0.122664,0.182652,0.01795,-0.092347,-0.02523,-0.296991,0.013704,0.0021,0.273899,-0.163719,0.001118,0.054362,-0.296289,-0.190827,-0.135664,-0.04933,0.074813,-0.118706,0.054051,0.18737,-0.023987,0.036711,0.044031,-0.077744,0.138234,-0.131845,0.258561,-0.174832,-0.121018,-0.082202,0.084135,0.503535,0.180323,0.01242,-0.19049,0.123571,-0.011436,0.200461,0.039265,-0.088579,0.188873,-0.072888,-0.109446,-0.05267,0.145667,0.01657,-0.038961,-0.137553,-0.182428,#
17,-0.421286,-0.00101,0.374182,0.120402,-0.223766,-0.081101,0.100885,0.016055,0.057842,0.240831,-0.251355,-0.217312,0.255738,-0.064139,-0.080749,0.268268,-0.066369,1.0,-0.326889,0.220652,-0.247817,-0.29663,0.118538,-0.07519,0.068912,0.064395,0.020309,-0.080133,0.049568,0.031918,0.037176,-0.188559,-0.086879,0.03302,-0.058908,0.105439,0.10121,0.044305,0.064828,-0.106421,0.086072,-0.07272,0.087261,0.090227,-0.076571,-0.147553,-0.045471,0.057417,0.24525,0.032244,-0.004029,0.010563,0.259551,0.046656,0.163924,0.034498,0.193556,-0.343527,-0.014798,0.040081,0.078002,0.099233,0.028089,-0.104077,0.176792,-0.015432,0.019457,0.047082,-0.00789,0.038055,-0.118196,-0.079064,-0.314398,-0.015213,-0.086734,-0.049564,-0.001192,-0.092418,0.006195,0.201992,-0.112719,-0.02231,-0.138766,0.443629,-0.20892,0.041116,-0.069205,-0.165743,-0.212963,-0.057919,-0.068555,-0.014763,-0.317414,0.072776,-0.125653,0.085381,-0.130627,0.13847,0.086848,0.02956,-0.444125,-0.189042,-0.03991,0.260716,0.058268,-0.015288,0.13481,-0.145751,0.243001,0.120593,0.10883,-0.198664,0.104054,0.001172,-0.039062,-0.181821,0.081379,-0.10651,0.092526,-0.056558,-0.055121,-0.001031,-0.158006,-0.258671,-0.183845,0.009873,0.200292,0.148071,-0.05691,-0.014106,0.217436,0.199192,-0.188071,0.018221,-0.020942,-0.117258,-0.003217,0.082189,-0.262249,0.041349,-0.12731,-0.009582,-0.080542,-0.237304,0.018345,0.094961,-0.077457,0.331623,0.051225,-0.073929,-0.293652,-0.043324,0.160563,-0.169638,-0.04319,0.000251,0.068198,0.217727,0.016844,-0.060448,0.056576,0.079287,-0.11999,0.348449,0.20253,0.03914,-0.099506,-0.062712,0.05818,-0.020026,-0.120529,0.022093,-0.143935,-0.104098,-0.14321,-0.060457,-0.012564,-0.0373,-0.065879,-0.048078,0.195949,-0.025768,-0.045982,-0.17312,0.139118,-0.105365,0.250917,0.163928,-0.305735,-0.084017,0.083297,-0.340911,-0.271096,0.165204,-0.10295,-0.094448,0.096362,0.239056,0.162669,0.45803,#
18,0.405232,0.285968,-0.164097,-0.106434,0.163015,0.110935,0.200238,-0.018711,-0.010865,-0.00051,0.084177,-0.026664,0.137627,0.338293,0.130576,-0.188758,0.018191,-0.326889,1.0,-0.039554,0.141979,0.146358,0.215307,0.001904,-0.039008,0.051674,-0.082458,0.172098,0.35489,0.065537,-0.155519,0.190855,0.026338,0.049095,-0.062721,-0.018887,-0.07173,-0.080779,-0.131155,0.138968,0.103918,-0.027946,-0.002108,-0.205813,0.042637,-0.061146,0.063761,-0.019111,-0.208511,-0.000114,0.062702,-0.051771,0.053753,-0.071244,-0.089415,0.100187,-0.002428,-0.014249,-0.030546,-0.043846,0.168116,-0.140466,-0.15576,0.06462,-0.095228,0.084356,-0.279733,-0.066618,-0.002209,-0.013394,-0.214026,0.230709,0.033159,-0.328459,-0.249509,0.010451,0.004161,-0.111149,-0.195273,0.075612,0.226609,-0.150961,0.099296,-0.495007,0.084185,0.097573,-0.077564,-0.040966,-0.060788,-0.222143,-0.22826,-0.035622,0.112241,-0.438303,0.252686,-0.249555,-0.189403,-0.11763,-0.124602,-0.081353,0.202778,0.106381,-0.010006,-0.339171,-0.144674,-0.197373,-0.238343,-0.123349,-0.311217,-0.130192,-0.043469,0.203773,-0.315593,-0.113589,0.192465,0.048647,0.000569,0.151364,0.131176,-0.065532,0.042319,0.00954,-0.021329,0.030109,-0.318052,0.017962,0.004605,-0.093832,-0.109132,-0.028256,-0.171442,-0.395859,0.071843,-0.006039,0.058421,0.053365,0.07362,0.092796,0.25801,-0.134563,-0.163572,-0.054408,0.040037,-0.06876,-0.065935,-0.021814,-0.154827,0.056974,-0.396965,-0.035267,0.068948,-0.045106,0.015533,-0.177295,0.084038,-0.160874,0.083399,-0.0637,-0.232139,-0.035253,0.022551,0.07285,0.13418,-0.351253,-0.119495,0.266199,0.310905,0.229229,-0.238835,-0.112084,0.00396,-0.028273,0.011268,0.139993,-0.002231,-0.062888,-0.23893,0.182967,0.175396,-0.137436,-0.025534,-0.103789,0.101258,0.398566,-0.098785,-0.000129,0.195464,0.095482,0.130812,-0.061659,-0.305831,0.149459,0.054838,0.037455,0.142822,0.101046,-0.089171,-0.252077,-0.128867,-0.147435,#
19,-0.126202,-0.094735,0.110547,-0.139616,-0.059735,-0.198011,0.076282,-0.269942,0.201045,0.19273,0.013741,-0.198352,0.048075,0.277414,0.101319,0.126754,-0.053452,0.220652,-0.039554,1.0,0.03823,-0.012245,0.155146,0.049054,-0.313851,-0.061771,0.206471,0.024636,0.261702,-0.250244,0.092781,0.259541,0.28349,0.010948,-0.132089,-0.158257,0.116826,0.087381,-0.086874,0.022164,0.202073,-0.002325,0.031879,-0.039425,-0.108647,-0.341825,-0.062291,0.318882,-0.103915,-0.098821,0.045985,-0.07739,0.133009,-0.048485,-0.102404,0.076917,0.041994,-0.20651,0.161156,-0.020113,0.07567,0.03389,0.001113,-0.147653,0.158873,-0.158003,0.046326,0.044168,-0.085715,0.208001,-0.01708,-0.0379,0.207927,-0.183702,-0.306072,-0.207275,0.137714,0.00565,0.225675,0.36461,0.154938,0.255314,-0.055128,0.067282,-0.024836,0.56939,0.081746,-0.236336,0.074503,-0.111384,-0.12823,0.266672,-0.0463,0.022038,0.145446,0.194021,0.059428,-0.004572,0.109452,0.106684,-0.317948,0.20934,0.052986,-0.126262,0.316111,0.163912,0.17436,-0.059536,0.324162,-0.075784,0.093648,-0.204956,0.133915,0.157004,0.194657,0.008675,-0.01167,-0.064652,0.202855,-0.210686,-0.059998,0.033169,0.08734,-0.202611,-0.065413,0.221285,0.249375,0.096939,0.203033,0.189955,0.445622,-0.066752,-0.06175,-0.05678,0.231582,0.053629,0.026291,0.179215,0.025397,0.261018,0.217931,0.19698,0.00262,0.016024,-0.100019,0.098818,0.065375,-0.071816,0.04438,0.137496,-0.135328,0.120764,0.408116,-0.189336,-0.108346,0.144305,0.275532,-0.020767,0.012145,-0.029019,0.335907,0.101211,0.226101,-0.030703,0.039118,0.11123,0.324494,-0.088464,0.05921,0.126775,-0.305065,-0.057341,-0.256886,0.00486,-0.297018,0.047283,0.360622,-0.17603,0.196657,-0.042722,-0.036372,-0.079408,-0.140179,-0.101612,-0.316714,-0.299774,0.245065,0.239042,-0.193733,-0.061196,0.219614,-0.222383,-0.360373,0.058823,0.293453,-0.175957,-0.364645,-0.068808,0.376972,0.188901,#
20,0.042236,0.206109,-0.230643,0.18765,-0.115206,-0.101393,-0.197915,0.181189,-0.169632,-0.143397,0.076018,0.110593,-0.003891,0.153225,0.178811,-0.33815,-0.153971,-0.247817,0.141979,0.03823,1.0,0.02329,0.032804,-0.061647,-0.219079,-0.179193,0.211142,0.056505,-0.307139,-0.203985,0.057889,0.106513,0.375441,0.110491,-0.321139,-0.392469,-0.145253,-0.223615,0.050681,0.026356,0.208993,0.154694,-0.33974,-0.018614,0.199387,-0.009751,0.083456,0.035977,-0.090049,-0.168543,-0.20092,0.282091,0.074689,0.044883,-0.044774,0.144708,0.205055,0.134172,-0.392251,0.089822,-0.137605,-0.072737,-0.036504,0.053934,0.245464,0.119182,-0.145353,0.017925,0.182051,0.068012,-0.157847,-0.199115,-0.049352,0.225958,-0.180352,-0.207172,0.010872,0.287385,0.041025,0.117026,0.119343,0.015945,0.20741,-0.047512,0.243114,0.15229,0.129503,0.196942,0.417429,-0.070909,0.149965,0.206919,0.280798,0.08558,0.25866,0.280798,-0.010439,-0.089247,0.175555,0.018997,0.055705,0.105048,0.314253,0.018422,0.106356,0.197175,0.1646,0.060732,-0.098371,-0.075346,0.00444,-0.061485,-0.072905,0.199922,0.235748,0.208101,0.060401,0.017877,-0.055117,0.163786,0.197171,-0.117797,0.177679,0.116545,0.066344,-0.076211,0.039722,-0.410001,-0.007857,0.040973,0.062894,0.045926,-0.006042,-0.168798,0.220514,0.355635,0.068768,0.302714,0.106047,0.03919,0.084694,0.242699,0.134341,0.143186,0.045233,-0.153261,0.151762,-0.277053,0.155966,0.274918,0.225735,0.097081,0.114211,0.209779,0.02411,-4.7e-05,0.115649,-0.323614,-0.005691,0.221219,0.056098,0.070069,0.020918,-0.146888,-0.110951,-0.078767,0.323445,0.080731,0.060393,-0.138647,-0.027619,0.000267,-0.197858,0.014593,0.006703,0.087691,0.141148,-0.278421,0.066799,0.180141,-0.375827,-0.178686,0.125402,0.007195,-0.095965,0.048364,-0.072166,-0.134242,-0.090493,0.147375,0.134199,-0.151328,-0.191123,-0.130917,0.080128,-0.208663,-0.18149,-0.4755,-0.136944,-0.128351,#
