0,1.0,0.236825,-0.094421,-0.086317,0.331515,0.15742,-0.002887,-0.194937,0.156052,0.308174,-0.024309,0.016191,-0.005368,0.310118,0.189973,0.134364,-0.016219,-0.087747,-0.070851,-0.260469,-0.065726,-0.219074,-0.144005,-0.260957,0.121993,-0.439608,0.151339,-0.197071,0.206391,0.197258,-0.377779,0.068275,-0.051729,-0.185312,0.151819,0.135201,0.057417,-0.20149,-0.125665,0.125371,0.006855,0.064499,-0.348586,-0.045938,0.126685,-0.336109,0.087542,-0.042013,-0.03954,-0.023216,0.011569,-0.197627,0.040709,0.040675,0.15604,0.141194,-0.10472,0.088878,-0.171931,0.274363,0.141712,0.348852,0.09186,-0.362557,-0.12016,-0.039625,0.029988,0.139713,0.039269,-0.050519,-0.052118,-0.022264,0.139109,-0.063468,-0.076755,0.120144,-0.298575,-0.235485,-0.071509,-0.045242,-0.084871,-0.182834,-0.018045,-0.268133,-0.241994,-0.088747,-0.163913,-0.094748,-0.163065,-0.34527,-0.072711,-0.400132,0.017044,0.068133,-0.103645,-0.043933,-0.043506,-0.052906,-0.145511,-0.064316,-0.095268,-0.313444,-0.160119,0.186051,-0.071836,-0.123858,0.084855,-0.143106,-0.050869,-0.261337,0.037753,-0.127175,-0.080497,-0.182717,-0.264645,-0.307803,-0.025708,-0.152618,0.092317,-0.251848,-0.199012,-0.065712,-0.245432,-0.006026,0.170155,-0.105848,-0.171767,-0.008957,-0.15712,-0.183671,-0.114914,-0.091139,-0.352195,-0.032632,-0.011376,-0.208588,0.090782,-0.139232,-0.098776,-0.218049,-0.088841,-0.360316,-0.105882,-0.307727,-0.177484,-0.166933,-0.229682,0.371039,-0.072648,-0.101416,-0.331032,-0.036423,0.0683,-0.180589,0.025666,-0.07425,0.005846,0.172307,-0.119462,-0.26035,-0.276573,-0.189418,0.144663,0.063764,-0.2051,0.18848,-0.112503,0.338291,-0.143787,-0.35561,0.106672,0.020345,-0.087448,0.00202,0.193197,-0.199114,-0.061776,0.158704,0.295828,-0.310103,0.188887,0.120467,-0.106371,0.203187,0.152991,-0.201642,0.277172,-0.121192,-0.008356,0.236728,-0.346395,0.030294,0.237441,0.251179,-0.091876,-0.029653,-0.071273,-0.204535,0.117057,-0.089134,#
1,0.236825,1.0,-0.206522,-0.169634,0.261256,0.240575,0.105187,-0.342541,0.245691,0.340742,0.020238,0.014535,0.119715,0.402472,0.142414,-0.00502,-0.24866,0.252292,0.013603,-0.121827,0.290524,0.207594,0.377338,-0.110971,-0.049968,-0.347578,0.376991,-0.058594,0.209369,0.332043,-0.395771,-0.19594,0.073335,-0.408815,-0.075562,0.078039,0.240287,-0.628086,-0.050329,0.177913,0.10798,0.377985,-0.013901,0.009466,-0.024087,0.015093,0.07474,0.3381,-0.151339,-0.024191,-0.141868,-0.636075,0.09203,-0.33654,0.017372,0.037728,-0.167032,0.378019,0.036433,0.307263,0.174697,0.302231,0.106436,-0.062902,-0.022437,0.354897,-0.173217,0.311462,0.309968,-0.009964,-0.36858,-0.112012,0.239636,-0.141605,-0.267299,0.132205,-0.375077,-0.139469,-0.357007,-0.159816,-0.254444,-0.659626,-0.357569,-0.169049,-0.097143,-0.249689,0.001159,-0.428795,-0.123522,-0.153696,-0.331393,-0.331716,-0.2462,0.072272,-0.196376,-0.201643,-0.256794,-0.302553,-0.147361,-0.339418,0.088203,-0.229379,-0.18472,-0.093241,0.002893,-0.203728,-0.353085,-0.64132,-0.041753,-0.143832,0.114953,-0.139922,-0.44136,-0.257509,-0.174793,-0.193016,-0.290274,-0.14534,-0.072182,-0.501662,-0.199846,-0.315399,-0.387845,-0.428067,-0.01294,-0.211218,0.087147,0.239792,-0.210463,-0.420251,-0.083717,-0.24679,-0.313167,-0.22634,-0.326039,-0.448584,-0.139833,-0.204591,0.114094,-0.70002,-0.327119,-0.239371,-0.343312,-0.298449,-0.115258,-0.362336,-0.259217,0.469867,-0.260958,-0.064836,-0.365961,-0.438626,-0.200421,-0.24216,-0.208625,-0.060467,-0.015883,0.501665,-0.171185,-0.341767,-0.183545,-0.22885,-0.216734,0.24451,-0.139032,0.360109,-0.265673,-0.102603,-0.303515,-0.304138,-0.06138,0.182382,-0.350908,-0.237823,0.183143,-0.454263,-0.321065,0.144679,0.446027,-0.366607,0.611815,-0.055313,-0.259927,0.335284,0.394187,-0.432764,0.087211,-0.002204,-0.160448,0.541757,-0.348867,0.302425,0.389769,0.320416,0.047774,-0.263247,-0.007419,-0.329087,-0.114372,-0.041465,#
2,-0.094421,-0.206522,1.0,0.312853,0.010442,0.049562,-0.030106,0.172764,0.25025,-0.122946,-0.053505,0.235463,-0.265848,-0.035083,-0.275117,-0.252624,-0.105244,0.166785,-0.146695,0.032551,-0.205344,-0.153451,0.003428,0.011302,0.317579,0.094558,-0.176914,-0.073264,0.087874,-0.284612,0.178361,0.247158,-0.195445,0.176298,-0.078589,-0.015067,0.124455,-0.007397,0.021501,-0.203572,-0.015027,0.026847,0.015464,-0.089218,0.024224,-0.098231,-0.049415,-0.098553,0.050587,0.194878,0.038199,0.274604,0.070033,0.196613,-0.011603,-0.038107,-0.007068,-0.037244,-0.353551,-0.030543,0.095433,-0.056528,-0.013676,-0.080903,0.027987,-0.050195,0.072904,0.03853,-0.090342,0.208943,0.187833,0.091519,-0.057932,0.080616,0.185716,0.030949,0.006731,0.095834,0.035017,-0.048646,0.160089,0.120027,0.047428,0.407252,0.158575,0.128012,0.035817,0.086601,0.075857,-0.138652,0.289604,0.240662,0.082286,0.079394,0.010052,-0.083015,0.274172,0.06192,0.439836,0.190734,-0.186133,0.160855,0.21781,0.333193,-0.082639,0.092318,0.270589,0.27634,-0.041528,0.039298,0.035379,0.007396,0.116605,0.297817,0.176923,0.188576,-0.123093,-0.057834,0.046554,0.287029,0.133975,0.165737,0.427702,0.026409,-0.05169,0.11888,0.086167,-0.248392,-0.319605,0.147776,0.173026,0.084708,0.062012,0.178499,0.162972,0.02653,0.193739,0.28156,0.037692,0.263337,0.244991,0.321181,-0.057536,-0.068863,0.112186,-0.052873,0.195842,-0.0459,0.068063,0.056121,0.209009,0.070535,0.245112,0.245041,0.213859,0.011078,0.122492,-0.003074,0.3951,0.158262,0.221754,0.073669,0.357241,0.117705,0.198552,-0.193658,0.124768,-0.289093,0.241508,0.015426,0.070538,-0.059198,0.193756,0.127216,-0.216588,0.201507,0.113264,0.190045,-0.297785,-0.120955,-0.300879,-0.036297,0.160722,-0.305086,-0.24633,0.302602,0.042852,-0.106069,-0.11722,0.035665,0.10444,-0.158759,-0.037134,-0.029124,-0.15241,0.079257,-0.016287,-0.075391,0.071663,-0.013847,#
3,-0.086317,-0.169634,0.312853,1.0,0.108615,-0.157005,-0.015061,0.277248,-0.135287,0.171589,-0.038775,-0.013706,0.019543,-0.325464,-0.093848,-0.010172,-0.079501,0.051896,-0.383693,0.236464,-0.054097,-0.115986,-0.130429,0.090107,0.166308,0.075403,-0.343292,-0.144166,-0.057335,-0.185819,0.394366,0.092077,0.202112,0.294441,0.105302,-0.098406,0.106379,0.18651,-0.048172,-0.048962,0.054902,0.047435,-0.080295,-0.327252,0.329833,-0.092064,-0.368416,-0.177637,0.23968,0.035841,0.20408,0.165665,0.168249,0.225687,-0.052883,-0.153863,-0.016213,0.048679,-0.023895,-0.237481,-0.132999,0.087925,0.088099,0.013697,-0.199426,-0.058479,0.245098,-0.282697,-0.151626,0.034114,-0.037465,-0.145748,0.169926,0.155233,0.148862,-0.046961,0.116982,0.291838,0.241004,0.003554,0.188321,0.264655,0.073133,0.113047,0.034886,-0.082136,0.246279,-0.030457,0.20404,-0.029975,0.070592,0.028764,0.368987,-0.132841,0.042736,-0.14828,-0.115845,0.078568,0.238588,0.322341,-0.221582,0.116773,0.444723,0.46735,0.12039,0.197792,0.055906,0.064686,-0.00742,-0.084712,-0.12545,-0.011978,0.241574,0.248791,0.136089,0.377578,0.395176,0.025944,0.094699,0.087155,0.230545,0.284535,0.212091,0.232208,-0.014703,0.254991,-0.037752,-0.057494,0.077107,0.246963,-0.043563,0.106748,0.326105,0.258693,0.129372,0.298599,-0.008449,0.143441,-0.210942,0.236765,0.157563,0.183834,0.194874,0.162768,0.271884,0.251078,0.071524,-0.094656,0.263929,-0.006949,-0.029747,0.046397,-0.00424,0.169739,0.351155,0.277866,-0.203615,-0.041432,0.176638,0.124185,0.396948,0.267292,0.082178,0.076771,0.144538,-0.31918,0.166678,-0.208434,0.252068,0.297177,-0.055016,-0.295887,0.070888,0.095012,-0.254444,0.365996,-0.179874,-0.107033,-0.333278,-0.083837,-0.253508,-0.181436,0.056778,-0.144953,-0.303742,0.183232,-0.338664,-0.030027,0.091452,-0.370626,0.059431,-0.044378,-0.254417,0.061818,-0.023169,0.096434,-0.128644,0.225695,0.128907,0.178872,#
4,0.331515,0.261256,0.010442,0.108615,1.0,0.05236,0.09961,-0.088244,0.189447,0.171626,0.093153,0.135346,0.013314,0.182286,-0.040665,0.236613,0.098408,-0.010263,0.132602,-0.105462,0.142138,-0.240627,0.313599,-0.060721,-0.090436,-0.251376,0.254838,-0.124843,0.30502,0.068631,-0.251022,0.014635,-0.020026,-0.142069,0.104549,0.007964,0.176276,-0.386711,-0.048607,0.042624,0.198647,0.125522,-0.129108,-0.189248,0.23629,-0.054105,-0.0237,0.230117,0.149644,-0.000401,0.126903,-0.331176,0.361741,-0.223817,-0.153695,0.007468,-0.091162,0.218858,0.133208,0.138176,-0.117439,0.309845,-0.109925,-0.018488,0.075401,0.117213,0.0699,0.164068,0.141006,-0.089015,-0.150205,-0.072318,0.192321,-0.165919,-0.178388,0.15372,-0.225705,-0.213902,-0.208019,-0.098161,-0.217104,-0.256264,-0.277976,0.285883,-0.215433,-0.021917,-0.126201,-0.30364,0.025946,-0.288172,-0.142482,-0.361845,0.007388,-0.232067,-0.369922,-0.280413,-0.29463,-0.330368,-0.253162,-0.037252,-0.075612,-0.290808,-0.229987,0.241195,-0.148099,-0.155825,-0.02615,-0.190524,-0.131331,0.14253,0.093846,0.011924,-0.026914,-0.171062,-0.266923,-0.037769,-0.029908,-0.206682,0.232248,-0.341105,-0.185865,-0.295827,-0.257572,-0.419715,-0.010276,-0.114686,-0.046888,0.040542,0.055304,-0.42515,-0.055914,-0.008851,-0.09584,-0.008155,-0.255724,-0.141448,-0.016215,-0.249107,-0.091575,-0.275011,-0.36836,-0.094428,-0.393932,-0.147513,-0.113758,0.020999,-0.036221,0.175422,-0.3045,-0.28145,-0.243345,-0.178534,0.073731,-0.198624,0.128479,-0.235373,-0.068729,0.450107,-0.184462,-0.297839,0.009361,-0.302562,0.133628,-0.005503,-0.178839,0.170603,-0.082227,0.022171,-0.088168,-0.117787,0.05466,0.310366,-0.354445,0.064208,0.222544,-0.212985,-0.264559,0.180741,0.210841,-0.222546,0.322616,-0.098378,-0.172738,0.107495,0.014266,-0.133446,-0.010443,-0.128894,-0.091814,0.005666,-0.168867,0.104625,0.300883,0.339939,-0.254872,0.052931,0.225514,-0.173296,0.078693,0.176389,#
5,0.15742,0.240575,0.049562,-0.157005,0.05236,1.0,0.20331,-0.154194,0.451703,0.079546,0.349196,-0.003538,-0.033705,0.167645,-0.108551,0.054595,0.141819,-0.045158,0.100199,-0.150057,0.111401,0.170282,0.366697,-0.360888,0.051118,-0.384374,0.166866,-0.068018,-0.011035,0.173582,-0.19677,0.071195,-0.220251,-0.095697,-0.207271,0.05155,0.110749,-0.209692,0.213395,-0.154853,-0.010836,0.140076,0.137862,-0.1627,-0.271105,-0.073491,0.159987,-0.045938,0.062486,0.107976,0.070512,-0.060758,0.06007,-0.12347,0.197852,0.434861,-0.503058,0.398677,-0.139832,0.190415,0.254574,0.138344,0.052769,0.016754,-0.013568,0.165576,-0.231683,0.347871,0.073298,0.044496,-0.014519,0.018486,0.119931,-0.358866,-0.352307,0.248118,-0.146085,-0.151371,-0.09818,-0.147869,-0.243749,-0.335959,-0.038792,0.325924,-0.284874,0.036822,-0.181964,-0.114241,0.014522,-0.195876,0.01691,-0.232181,-0.191155,0.238543,-0.047571,-0.095424,0.213479,-0.17393,0.003115,-0.216201,0.123846,-0.199129,0.025827,-0.185306,-0.170656,-0.354837,0.080949,-0.131791,-0.149581,0.133441,-0.081661,-0.18715,-0.117206,-0.218088,0.003685,-0.425143,-0.192718,-0.249242,0.143522,-0.151527,-0.184204,-0.026908,-0.211182,-0.284189,0.035337,-0.083957,0.338936,0.328805,-0.254534,-0.265644,-0.126395,0.133979,-0.24863,-0.195427,-0.052355,-0.251145,0.001638,-0.208892,0.129488,-0.41774,-0.249108,0.003575,-0.223944,-0.14208,-0.080049,-0.251694,-0.238115,0.349941,-0.136381,-0.05801,-0.027483,-0.21352,0.193474,-0.251975,-0.112172,-0.164898,0.018755,0.104703,-0.066918,-0.13032,-0.109042,-0.12809,-0.025956,0.073934,0.144496,0.176382,-0.158213,-0.216287,-0.248777,-0.308309,0.066831,0.175001,0.136925,-0.096976,0.226989,-0.366962,-0.258422,0.33403,0.162433,-0.095506,0.251109,0.050371,-0.131079,0.232079,-0.081539,-0.089821,0.106343,0.036838,-0.11268,0.338061,-0.164479,0.037145,0.016116,0.278483,-0.008716,0.21048,0.153124,-0.283351,-0.240065,-0.032821,#
6,-0.002887,0.105187,-0.030106,-0.015061,0.09961,0.20331,1.0,-0.235387,0.069952,0.09821,0.11442,-0.031584,0.14645,0.000326,0.078504,0.061238,0.089241,-0.05579,0.105609,-0.095513,0.271896,0.222271,0.041458,-0.267482,-0.086535,-0.276253,0.053829,-0.03927,0.1353,-0.001067,-0.183851,-0.135177,-0.047707,0.026079,-0.029028,-0.232106,0.116165,-0.079507,-0.070499,0.020961,-0.076542,0.085556,0.135472,-0.165581,-0.029131,-0.003774,-0.064842,-0.033132,0.25864,0.188323,0.004123,-0.191814,-0.039386,-0.242836,-0.114841,0.096885,0.02284,0.062642,-0.17664,0.242732,0.046524,0.173375,0.005069,0.088278,-0.117774,-0.136198,-0.222477,0.012276,-0.064587,0.123546,0.155463,-0.220042,0.015418,-0.017294,-0.194533,-0.026542,-0.036573,-0.182684,-0.284077,-0.083389,-0.134843,-0.181555,0.0036,0.140533,-0.107433,0.268919,-0.000687,0.019107,0.091014,-0.230164,-0.052392,-0.002615,0.025357,0.120801,0.265206,-0.080421,-0.062765,-0.213069,-0.119499,-0.068433,0.183519,-0.317698,-0.1477,-0.057365,-0.027079,-0.057576,0.065736,-0.054547,-0.203909,0.024963,-0.117841,-0.179714,-0.19963,-0.110253,-0.092173,-0.102771,-0.142973,-0.240565,0.003289,0.009973,0.04239,-0.14143,-0.024614,-0.161629,-0.365039,0.231296,0.125116,0.256711,-0.110618,-0.137824,0.000762,0.072117,0.027939,0.203787,0.0393,0.046585,0.011266,-0.258695,0.04582,-0.021278,-0.032155,0.14688,0.150804,-0.073708,-0.218932,-0.218147,0.107614,0.276071,-0.007293,0.159151,-0.032081,-0.206285,0.127151,-0.025576,0.167694,0.045962,0.013021,0.135918,-0.072386,-0.09029,0.074057,-0.083408,0.025132,0.139128,0.028446,0.041183,0.054698,-0.124763,-0.0125,-0.099761,0.078005,0.017673,0.106513,-0.070614,0.009469,-0.086529,-0.037043,0.13405,0.024975,-0.137736,-0.039446,0.009469,0.302475,0.139853,-0.147734,0.049019,0.087105,-0.238054,-0.049315,-0.160361,-0.159562,0.177892,0.060057,0.076505,0.214391,0.32099,-0.023591,-0.138728,-0.102405,-0.091153,#
7,-0.194937,-0.342541,0.172764,0.277248,-0.088244,-0.154194,-0.235387,1.0,-0.196087,-0.310433,-0.146857,-0.16,-0.025283,-0.28793,0.131208,-0.109526,-0.079932,-0.075734,-0.24511,0.193684,-0.162073,-0.025663,-0.138905,0.267576,0.453586,0.355798,-0.187614,0.048851,-0.154203,-0.196809,0.269889,0.286271,0.140212,0.063986,0.046819,-0.011858,-0.114328,0.225225,0.217467,-0.19084,-0.012271,-0.109812,0.068847,-0.190602,0.288499,0.013363,0.045619,0.195648,0.061967,-0.37544,-0.01739,0.298669,-0.055591,0.133061,-0.168777,-0.232225,-0.031235,-0.139058,0.132762,-0.380179,-0.316185,-0.274285,-0.219859,-0.044035,-0.215048,0.071636,0.297919,-0.095808,-0.06428,0.185663,-0.071419,0.075589,0.217537,0.097676,0.325276,-0.146853,0.31544,0.027894,0.122973,0.090234,-0.030627,0.252887,-0.04359,0.083349,0.167268,0.021399,-0.105146,0.08367,0.183288,0.064457,0.263145,0.144641,-0.049171,-0.390691,-0.089077,-0.018997,0.095166,0.172832,0.101679,0.213089,0.037645,0.229019,0.382454,0.060202,0.172967,0.105801,0.26366,0.240932,0.080322,-0.003138,0.062632,0.149962,0.32731,0.13589,0.230046,0.416316,0.269121,0.009978,-0.062999,0.256444,0.2511,0.058528,0.161279,0.242655,0.005275,-0.031326,-0.317633,0.143115,0.03716,0.432689,0.00811,-0.120189,0.118589,-0.006917,0.210918,0.310446,-0.101898,0.084986,0.238956,0.251056,0.112891,0.171329,0.276214,0.000859,0.224953,0.226151,0.188638,-0.338579,0.082821,0.137088,0.121004,0.344803,-0.167423,0.117527,0.228221,0.164194,-0.038229,-0.30573,0.074961,-0.035709,0.216595,0.338025,-0.120234,0.052857,0.172848,-0.274152,0.136598,-0.064807,0.291406,0.142043,-0.152591,-0.094821,0.133418,-0.076695,-0.284025,0.186867,-0.111382,-0.323161,-0.3938,-0.147525,-0.381305,-0.003105,-0.077588,-0.326973,-0.297148,-0.028931,-0.190823,-0.16989,0.128157,-0.352044,0.312044,-0.166515,-0.235112,-0.222349,-0.139806,0.076332,0.077378,0.189828,0.061713,-0.000129,#
8,0.156052,0.245691,0.25025,-0.135287,0.189447,0.451703,0.069952,-0.196087,1.0,0.160114,-0.076559,0.187226,-0.191288,0.368369,-0.136003,-0.062436,-0.115931,0.274803,0.254848,0.135392,-0.260372,-0.22878,0.341992,-0.269268,0.14035,-0.303939,0.147972,-0.113463,0.10885,0.174104,-0.238334,-0.001802,-0.266923,-0.154264,-0.0384,0.333358,0.289969,-0.354851,0.167607,-0.119378,0.08077,0.072505,-0.16365,-0.115921,-0.00332,-0.065932,0.412192,0.242897,0.046099,0.145424,0.104031,-0.084948,0.129035,-0.000122,-0.087777,0.13112,-0.146619,0.260295,-0.171338,0.185571,0.194344,0.300834,0.080259,-0.127283,-0.134266,0.194657,0.134477,0.257133,0.156501,-0.003656,0.06297,-0.009332,-0.188802,-0.137019,-0.339062,0.151653,-0.051964,-0.239394,-0.086214,-0.06208,-0.019715,-0.296412,-0.125576,0.249477,0.071728,0.126464,-0.215858,-0.218921,0.053151,-0.008833,-0.172199,-0.047896,-0.240072,0.132356,-0.190107,-0.193958,0.200688,-0.195219,0.130827,-0.210624,-0.144741,-0.087947,-0.186435,0.107456,-0.192453,-0.138166,0.016263,-0.095223,0.127859,-0.141405,0.123113,-0.15959,-0.079147,-0.164153,-0.093989,-0.284908,-0.091568,-0.256463,0.294203,-0.375729,0.01156,-0.146247,-0.119739,-0.296465,0.053054,0.06731,0.134727,0.112881,-0.395077,-0.179462,0.062621,0.108093,-0.344446,-0.087435,-0.262964,-0.2561,0.033506,0.020932,0.29861,-0.217872,-0.141392,-0.186422,-0.186097,-0.265447,-0.208816,-0.471717,0.190988,0.35771,-0.212371,-0.052045,0.001081,-0.192254,0.210707,-0.213362,0.049334,0.018269,0.316739,0.347543,-0.012361,0.13711,-0.319761,-0.141392,-0.002276,0.211062,0.226124,-0.119967,-0.093852,-0.199088,-0.200953,-0.137368,0.127939,0.213437,0.085377,-0.181681,0.037525,-0.199366,-0.162106,0.185675,0.276055,-0.110817,0.28605,0.061628,-0.228013,-0.072437,0.070234,0.179864,0.248181,0.085417,-0.395669,0.322365,-0.185936,-0.006798,0.062746,0.174368,-0.34079,0.142722,-0.01197,-0.256451,0.051966,0.007559,#
9,0.308174,0.340742,-0.122946,0.171589,0.171626,0.079546,0.09821,-0.310433,0.160114,1.0,-0.003012,0.136556,0.212038,0.220123,-0.096178,0.361445,-0.016902,0.070434,0.02355,-0.172743,0.197149,-0.04472,0.144028,-0.266217,-0.085619,-0.366654,-0.063932,-0.329382,0.11967,0.199561,-0.212557,-0.154351,0.042179,-0.078962,0.227321,0.130444,0.030128,-0.411967,-0.143621,0.25059,-0.160039,0.104536,-0.138453,-0.053909,0.058499,-0.007439,-0.066863,-0.100057,-0.192558,0.11142,0.184282,-0.39591,0.160443,0.00572,0.159568,0.141767,-0.225266,0.22105,-0.162341,0.066789,0.140008,0.256271,0.111565,0.035953,-0.268147,-0.016323,0.022426,-0.094533,0.043407,-0.055878,-0.121811,-0.287274,0.022848,-0.068479,-0.274177,0.101701,-0.202385,0.025819,-0.15738,-0.125225,-0.081684,-0.105558,-0.031681,-0.18358,-0.084416,-0.185031,0.018123,-0.090268,0.016783,-0.064912,-0.286765,-0.250106,0.096078,-0.024895,0.000825,-0.135942,-0.241591,-0.034835,-0.26573,0.004307,-0.149743,-0.039956,-0.049801,0.079126,-0.15275,-0.05651,-0.176253,-0.145524,-0.166633,-0.161101,-0.199183,-0.126806,-0.264765,-0.0935,-0.350343,-0.054445,-0.107689,-0.207733,0.016975,-0.225391,-0.105003,0.099779,-0.243997,-0.196559,-0.161574,0.066859,-0.111497,-0.123609,0.028832,-0.0856,-0.136787,0.012922,-0.122778,0.188089,-0.199088,-0.098129,-0.126726,-0.239841,-0.134946,-0.223466,-0.188642,-0.222123,-0.082641,-0.173006,-0.179088,-0.141455,-0.155183,0.289036,-0.195783,-0.196269,-0.275935,-0.335629,-0.249215,-0.191196,-0.070251,0.030145,0.027236,0.344173,-0.134493,-0.174496,-0.100864,-0.188642,-0.042012,0.162106,-0.130231,-0.069571,-0.097846,0.144204,-0.156135,0.012219,0.18686,-0.042966,0.015136,-0.100416,0.207463,-0.127515,-0.182948,0.226365,0.016807,-0.291619,0.196163,-0.065681,-0.008761,0.29474,0.06847,-0.129342,0.177459,-0.037078,0.011541,0.230287,-0.372137,0.114953,0.129519,0.121874,0.076469,0.091528,0.00138,-0.115128,-0.008917,-0.083181,#
10,-0.024309,0.020238,-0.053505,-0.038775,0.093153,0.349196,0.11442,-0.146857,-0.076559,-0.003012,1.0,0.131857,-0.084638,-0.202114,-0.003371,0.171075,0.461195,-0.215551,-0.041969,-0.30044,0.302043,0.232622,0.104859,0.025605,-0.114184,-0.046666,-0.152932,0.085315,0.112536,0.168869,-0.170099,0.050474,-0.179476,-0.069976,0.399954,0.083383,0.144479,-0.090206,0.154551,0.243429,-0.099768,-0.005548,0.057838,-0.082347,-0.16694,0.004179,-0.238569,-0.291281,0.227224,-0.163558,0.162089,-0.081796,-0.193603,-0.046366,0.42854,0.001133,-0.424106,0.117684,-0.125683,0.137421,0.064726,-0.027142,-0.14707,0.152063,0.274806,-0.096695,-0.221254,-0.042343,0.071005,-0.430856,-0.064577,-0.028018,0.015149,-0.311432,-0.055726,0.226468,-0.293179,0.119703,-0.307871,-0.332797,-0.273119,-0.193508,-0.169987,0.165743,-0.452586,-0.080625,-0.184306,0.023248,-0.384756,-0.160066,0.016843,-0.332132,-0.066167,-0.12642,-0.115983,-0.083945,-0.26539,-0.129351,-0.11624,-0.163067,0.199692,-0.07151,-0.237926,-0.272219,-0.127743,-0.163196,-0.17997,-0.042801,-0.225354,0.50532,-0.356508,-0.178726,-0.313651,-0.116803,-0.257492,-0.150421,-0.153597,-0.117986,-0.186868,0.147247,-0.473423,-0.030462,-0.229033,-0.00849,-0.015442,-0.049636,0.162815,-0.097747,-0.131991,-0.246794,-0.017736,-0.126145,-0.143901,-0.102207,-0.140074,-0.147891,-0.178613,-0.340323,-0.113269,-0.229495,-0.393318,0.098607,-0.106902,-0.05423,-0.271116,-0.140483,-0.107893,0.025798,-0.037635,-0.287575,-0.014509,-0.226775,-0.149517,-0.264376,-0.315385,-0.317982,0.116341,-0.116592,-0.151305,-0.102461,0.072403,-0.135365,-0.124411,-0.221789,-0.352889,0.082491,-0.18574,-0.117158,-0.298266,-0.117163,0.219197,-0.058634,-0.167662,-0.282825,0.29698,-0.386476,-0.340463,0.334112,0.067214,0.254521,0.090336,0.089398,0.232595,0.255456,0.133512,-0.252261,-0.090457,-0.050938,0.442004,0.049233,-0.429103,0.432142,0.133558,0.084932,0.071381,0.042855,0.249289,-0.393297,-0.295264,-0.126513,#
11,0.016191,0.014535,0.235463,-0.013706,0.135346,-0.003538,-0.031584,-0.16,0.187226,0.136556,0.131857,1.0,-0.297053,0.043919,0.084999,0.179798,0.045612,-0.119056,0.012884,-0.176743,-0.039853,-0.283166,0.033365,-0.166173,0.095684,-0.019782,-0.054425,-0.159135,0.357084,0.226254,-0.171561,0.125597,-0.477937,-0.038666,-0.027007,0.14431,-0.277744,0.015663,0.173391,0.360391,0.008801,-0.153849,-0.092897,-0.046278,0.16621,0.229613,-0.005652,-0.174438,-0.089623,0.289373,0.251358,-0.124533,-0.014823,0.115959,-0.192992,0.126192,-0.167048,-0.132658,-0.222002,-0.104705,-0.146081,0.120929,0.267842,0.0293,-0.027837,-0.156371,0.15017,-0.010012,0.012202,-0.149994,0.198545,0.070234,0.031579,0.005833,-0.11422,0.093319,-0.32977,-0.117802,-0.017853,-0.246756,-0.055897,-0.088931,0.075482,0.217841,0.113846,-0.015543,-0.211617,-0.284932,-0.000502,-0.315389,-0.008425,-0.025355,0.053529,-0.126278,-0.201774,-0.200976,-0.18156,-0.303947,-0.145704,0.031102,-0.100323,0.165014,-0.102632,0.100033,-0.263072,0.010216,-0.175654,-0.102172,-0.076195,-0.00557,-0.38597,0.139494,-0.212334,0.183187,-0.243048,0.006003,0.005505,-0.184936,0.099051,-0.113785,-0.157237,-0.01656,-0.222417,-0.096338,0.262849,-0.038984,-0.159185,-0.301228,-0.231366,-0.250757,0.054125,-0.214084,-0.042983,0.149468,-0.171387,-0.065562,0.139769,-0.026009,-0.057832,-0.072899,-0.094401,0.143796,-0.076849,-0.073936,-0.186449,-0.213951,0.334464,0.121127,-0.007409,-0.191638,0.03812,-0.134034,-0.079111,-0.032899,-0.24709,-0.1122,0.007702,0.05773,-0.005181,0.029744,-0.04427,-0.03635,-0.026841,-0.212969,-0.034443,-0.2862,-0.256286,-0.038925,0.123135,-0.067639,0.085826,-0.148123,-0.08322,-0.404864,0.180971,0.008671,-0.167749,0.04069,-0.063115,-0.21118,-0.030899,0.084397,0.039972,0.123832,0.173137,0.054587,0.219717,-0.127152,-0.095321,0.102001,-0.270578,0.183243,0.067352,0.144019,-0.152839,0.035485,0.140328,-0.1913,-0.024586,0.401752,#
12,-0.005368,0.119715,-0.265848,0.019543,0.013314,-0.033705,0.14645,-0.025283,-0.191288,0.212038,-0.084638,-0.297053,1.0,0.130471,0.037601,0.229562,-0.025729,-0.012827,0.091387,0.060413,0.294307,0.166133,0.019684,-0.157232,-0.168918,-0.1735,0.085968,0.014184,-0.03437,-0.016651,-0.036136,0.13326,0.063502,-0.118839,-0.200541,-0.275916,0.058072,-0.247076,-0.036832,-0.066522,-0.106265,0.342977,-0.005,0.151728,0.080984,-0.184387,0.007755,0.018617,-0.124831,-0.20775,0.065756,-0.0563,0.116196,-0.169813,0.056774,0.040118,-0.138426,0.108988,0.079075,0.028897,0.002364,0.034495,-0.185072,-0.084192,0.013105,0.254708,-0.195942,0.131058,0.166317,-0.115287,-0.089434,0.006964,-0.0542,0.020745,-0.05938,-0.105187,-0.058462,-0.099548,-0.0685,-0.10917,-0.094162,-0.214582,0.115223,-0.013375,-0.078356,-0.196811,0.160457,0.047785,-0.168279,-0.052386,0.044254,-0.296412,-0.112656,0.000407,0.172272,0.106719,-0.078562,-0.08913,-0.211697,-0.05655,0.019037,-0.170855,0.073511,-0.157295,0.022217,-0.056419,-0.11735,0.01839,-0.29154,-0.183598,0.277771,-0.158279,-0.07476,-0.087032,0.008759,-0.047746,0.055626,0.038064,-0.167864,-0.027756,-0.05959,-0.116117,-0.31704,-0.153952,-0.249826,0.174301,-0.238434,0.053005,0.120643,-0.091033,-0.273699,0.129621,-0.04644,-0.006587,-0.053799,-0.065783,-0.158179,-0.240062,0.043351,-0.001812,-0.124686,0.186829,0.056898,-0.113758,-0.059715,0.135793,-0.223301,0.273351,-0.298587,-0.033743,-0.08957,-0.078228,-0.1333,-0.14041,-0.300219,-0.086424,0.2378,0.036557,-0.158495,-0.094705,-0.02857,-0.074517,0.026549,0.035233,-0.173781,0.106772,0.088354,-0.079566,0.117414,-0.056614,0.005268,0.183912,0.094773,0.217733,0.274666,-0.092166,-0.047738,-0.029346,0.155006,-0.136917,0.291069,-0.078497,0.063225,0.117767,0.086872,-0.062812,0.063133,0.123004,0.053809,0.035714,0.015161,0.035107,0.101588,0.080303,0.135795,0.083823,0.108113,0.095367,0.019355,0.071993,#
13,0.310118,0.402472,-0.035083,-0.325464,0.182286,0.167645,0.000326,-0.28793,0.368369,0.220123,-0.202114,0.043919,0.130471,1.0,0.207089,0.058381,0.041046,0.16989,0.119788,-0.053136,-0.165272,-0.057983,0.21139,-0.351498,-0.153666,-0.197992,0.27739,-0.187378,0.07759,0.130413,-0.452541,-0.028497,-0.165937,-0.16669,-0.194984,0.107279,0.062562,-0.15182,0.060067,-0.099035,0.00457,0.200556,-0.233614,0.205446,-0.049395,-0.345093,0.468492,0.279879,-0.235763,0.185296,-0.090571,-0.229812,0.190993,-0.089414,-0.186925,0.219529,0.003153,0.366075,0.211594,0.312207,0.163376,0.301594,-0.061301,-0.167672,-0.08098,0.29909,-0.042123,0.311111,0.387767,0.081838,0.019453,0.070718,-0.079022,0.072277,-0.18826,0.129555,-0.165053,-0.199347,-0.358255,0.064522,0.027983,-0.346528,-0.093586,0.046604,0.047692,0.170822,-0.170711,-0.2625,-0.164056,-0.194653,-0.225641,-0.090724,-0.177507,0.279376,-0.156813,-0.055569,0.228073,-0.149573,0.105035,-0.247384,-0.072359,-0.198843,-0.234202,-0.091202,-0.04774,-0.241627,-0.051608,-0.250864,0.103603,-0.181985,0.267339,0.052772,-0.190261,0.051583,-0.029768,-0.215597,-0.375893,-0.074002,0.162712,-0.47522,-0.083893,-0.247011,-0.182223,-0.320746,-0.003069,-0.117894,-0.070377,0.086021,-0.162643,-0.27199,-0.079594,0.188639,-0.511136,-0.239669,-0.126913,-0.351748,-0.166063,-0.007969,0.176793,-0.093761,-0.233334,-0.247884,-0.290464,-0.277971,-0.108923,-0.376789,-0.097906,0.476466,-0.280875,0.189007,-0.238789,-0.229674,0.103541,-0.13599,-0.086222,-0.004282,0.461354,0.355442,0.045424,-0.040493,-0.346156,-0.326366,0.352613,0.431743,0.101074,0.346334,-0.045517,-0.061838,-0.224695,-0.234923,-0.036872,0.217934,-0.03824,0.043932,0.083664,-0.161264,0.122053,-0.079368,0.242072,-0.142851,0.605105,-0.055734,-0.248752,0.080696,0.193993,-0.162616,0.431334,0.115367,-0.438361,0.318428,-0.051208,-0.187555,0.194591,0.211236,-0.034405,-0.137452,-0.279691,-0.168484,-0.008659,-0.019687,#
14,0.189973,0.142414,-0.275117,-0.093848,-0.040665,-0.108551,0.078504,0.131208,-0.136003,-0.096178,-0.003371,0.084999,0.037601,0.207089,1.0,0.080896,0.086357,-0.206882,-0.158805,-0.090773,-0.215329,-0.075909,-0.088538,-0.183955,-0.011353,0.106243,0.160054,-0.049678,-0.098101,0.075313,-0.257402,0.254831,-0.075749,-0.214147,0.017761,-0.097381,-0.205108,0.193873,-0.013479,0.159971,-0.048022,-0.142692,-0.326138,-0.024444,0.329395,-0.33311,0.239624,0.004273,-0.013302,-0.146597,-0.208127,0.025943,-0.255518,-0.146289,-0.144771,0.173067,-0.045799,-0.155438,0.056519,-0.032178,-0.214168,0.353805,-0.074089,-0.014893,-0.123535,-0.014855,0.022309,-0.137519,0.18691,-0.142212,0.261809,0.197379,-0.140397,0.160257,0.294518,0.133052,-0.165361,-0.124207,-0.330096,0.108341,-0.046312,-0.208474,-0.011571,-0.046528,-0.100474,0.049851,-0.242917,-0.138622,0.038463,-0.126763,0.048199,-0.049153,-0.057574,0.031228,-0.078436,-0.001165,0.099967,-0.093956,-0.265768,-0.066008,0.025636,-0.179676,0.047793,-0.007081,-0.017805,-0.102074,-0.040214,-0.226522,0.24723,-0.048801,0.041439,0.08869,-0.166744,0.118574,-0.278563,-0.017688,0.151849,0.019777,-0.074752,-0.172708,-0.138402,-0.029601,-0.149435,0.075668,0.198394,-0.061945,-0.245233,0.21354,0.013565,-0.203434,-0.17945,-0.323473,-0.135798,-0.286042,-0.058397,-0.231603,-0.132069,-0.197533,-0.034839,0.102103,-0.129871,-0.182468,-0.004856,-0.296046,-0.157532,-0.133826,0.164136,0.040183,0.034184,0.173303,-0.043564,0.091795,-0.193219,-0.150593,-0.066927,-0.001496,0.113788,-0.079748,-0.264465,-0.194493,-0.374425,-0.032837,0.082821,-0.109428,-0.004892,0.003236,-0.076695,0.15625,-0.007367,-0.464479,-0.109786,-0.114821,-0.132876,-0.170531,-0.057716,0.078743,-0.125182,-0.177853,0.05765,0.019505,0.017165,0.113377,0.009824,0.131751,0.109675,-0.037809,0.300536,-0.013696,0.027724,-0.155292,0.018896,0.086212,0.013374,0.05488,-0.101807,-0.138906,-0.193632,0.13051,-0.053016,0.143953,#
15,0.134364,-0.00502,-0.252624,-0.010172,0.236613,0.054595,0.061238,-0.109526,-0.062436,0.361445,0.171075,0.179798,0.229562,0.058381,0.080896,1.0,0.073888,-0.133688,-0.036617,-0.295453,0.114932,-0.222841,0.017845,-0.291878,-0.200089,-0.298415,-0.092181,-0.153107,0.182613,0.233591,-0.221731,0.248968,-0.072185,-0.229658,0.122227,-0.11539,-0.131893,-0.15364,0.331346,0.394782,-0.160938,-0.101569,0.047437,-0.049443,0.051992,0.10367,-0.151915,-0.102732,-0.103442,-0.135606,0.356111,-0.108754,0.16781,0.003087,-0.027511,0.160043,-0.187481,0.116678,-0.029449,0.089503,-0.081805,0.179977,-0.136227,0.00914,-0.080442,-0.158787,0.061799,0.122903,0.20639,-0.369,0.041941,0.046066,-0.065985,0.033037,-0.135534,0.195027,-0.175468,-0.1111,-0.151493,-0.062783,-0.082433,-0.072996,0.175058,0.110289,-0.075802,-0.062017,0.005203,0.061054,-0.18789,0.011498,0.012813,-0.413029,-0.014101,-0.146918,-0.241829,-0.138955,-0.105833,-0.042913,-0.280321,-0.072787,0.078093,-0.057346,-0.10343,0.056518,-0.01612,-0.106958,-0.165644,0.197814,-0.236697,0.143138,-0.400251,0.197064,-0.141686,-0.123858,-0.287407,-0.248033,0.083088,0.024653,-0.140728,-0.118589,-0.279253,0.013897,-0.132501,0.009227,-0.00602,0.103079,-0.13902,-0.047291,-0.12565,-0.280714,-0.205251,-0.229665,-0.051699,-0.110055,-0.202916,0.016364,-0.023151,-0.213586,-0.135503,-0.154227,-0.386191,0.0346,-0.000452,-0.032002,-0.157195,-0.019179,-0.068361,0.059895,-0.274201,-0.231226,0.018803,-0.229266,-0.304032,-0.40582,-0.186803,-0.006274,-0.151478,0.063928,-0.30976,-0.304602,-0.253473,-0.320034,0.00849,-0.186847,-0.138548,-0.113608,-0.445264,0.121476,-0.024796,-0.129577,0.094166,-0.107541,-0.1859,-0.013246,0.350593,-0.096691,-0.29317,0.215396,0.08612,0.011784,0.14375,-0.228466,0.062033,0.42442,0.061256,-0.180197,0.141145,-0.189761,0.160784,0.0714,-0.271333,0.243876,0.348445,0.230605,0.076559,0.041862,0.099773,-0.194995,-0.079555,-0.053378,#
16,-0.016219,-0.24866,-0.105244,-0.079501,0.098408,0.141819,0.089241,-0.079932,-0.115931,-0.016902,0.461195,0.045612,-0.025729,0.041046,0.086357,0.073888,1.0,-0.241561,-0.068431,-0.117505,0.051327,0.062741,-0.05328,-0.145592,-0.077837,0.194602,-0.351054,-0.078693,0.023021,0.007004,-0.135691,-0.002094,-0.172118,-0.046098,0.14461,0.133274,-0.020111,0.081392,0.09381,-0.035407,-0.279205,-0.068243,-0.234292,-0.249997,0.121621,0.049476,-0.07547,-0.345187,0.234446,0.118132,0.057938,0.065004,-0.231009,-0.004237,0.265928,0.12188,-0.016396,0.079718,0.218887,0.090728,-0.035285,0.027846,0.041756,0.170815,-0.003238,-0.211538,-0.157407,-0.215352,0.082755,-0.250814,0.223936,-0.072473,-0.251201,-0.227729,0.035618,0.153268,-0.194262,0.058892,-0.326721,0.059447,-0.156949,0.135336,-0.086466,0.205564,-0.216747,0.015513,-0.122411,-0.002867,-0.033325,-0.054746,0.059552,-0.011697,0.051869,-0.015353,-0.077444,-0.145399,-0.069074,-0.210159,-0.046088,-0.215328,0.204467,-0.003608,-0.237003,-0.349877,-0.224824,-0.120295,-0.120324,-0.070806,-0.143358,0.204857,-0.291724,-0.127151,-0.052429,-0.180742,-0.133261,-0.002729,-0.110516,-0.196002,0.178931,0.058224,-0.163175,0.145038,0.00453,0.096777,0.016618,-0.010677,-0.147155,0.048773,0.115789,-0.17273,0.13391,0.15651,-0.072555,0.191221,-0.071786,-0.107834,-0.127071,-0.226483,-0.126648,0.035537,-0.180956,0.049629,0.202244,0.045073,-0.255127,0.027207,0.160449,-0.214615,0.192555,-0.066763,-0.067105,-0.022081,-0.126401,-0.181742,-0.034014,-0.241389,0.118224,0.037936,-0.173286,0.12529,0.079958,-0.069597,-0.013112,-0.086602,-0.265519,0.11777,0.188133,0.029673,-0.130471,0.043241,0.307612,-0.084587,0.022362,0.155515,0.035358,-0.182245,-0.170694,0.17857,0.039862,0.177377,0.033013,0.05134,0.260685,0.132175,0.023209,-0.118726,0.094026,-0.097047,0.250471,-0.216121,-0.067131,0.239857,-0.018985,-0.117204,0.105263,0.00712,0.22234,-0.117396,-0.236994,0.107476,#
17,-0.087747,0.252292,0.166785,0.051896,-0.010263,-0.045158,-0.05579,-0.075734,0.274803,0.070434,-0.215551,-0.119056,-0.012827,0.16989,-0.206882,-0.133688,-0.241561,1.0,0.120175,0.104395,0.09177,-0.073595,0.147583,0.00877,0.070743,0.00242,-0.039903,0.053619,0.029064,0.027815,0.116418,-0.08433,0.232291,0.097349,-0.095725,0.1592,0.041171,-0.125298,-0.129021,-0.141489,0.026013,-0.105738,-0.003005,0.095075,0.019597,-0.081227,0.113423,0.233856,-0.214273,0.029703,0.176253,-0.066106,0.222634,-0.065153,-0.1481,-0.024441,0.277775,0.305726,0.200573,-0.037945,0.155524,-0.082558,0.097514,-0.176429,-0.017302,0.141872,0.107926,0.104814,-0.0489,0.073688,-0.11014,-0.194051,-0.054715,-0.053871,0.090605,-0.171931,0.126791,-0.025484,0.050006,0.234885,0.183705,0.113053,-0.1064,-0.134787,0.430403,-0.049883,0.110398,0.013654,0.144821,0.215339,-0.16129,0.124419,-0.099226,0.067985,-0.038074,-0.21062,-0.024424,0.106607,0.263943,0.097511,0.036275,0.079522,0.158205,0.077256,-0.000707,0.135322,-0.103438,-0.03318,0.022904,-0.119975,0.191995,0.150557,0.160455,0.218412,0.138982,0.066518,0.001942,0.205483,-0.044987,-0.046792,0.215022,0.081537,-0.003741,-0.095416,0.217607,0.110532,0.281083,0.148226,-0.206131,0.191469,0.189945,0.041172,-0.175507,0.042321,-0.141139,0.114614,-0.072184,0.141464,0.269527,-0.125455,0.079523,0.049102,0.057937,-0.049927,0.148291,-0.294892,-0.039223,0.067125,0.09127,0.078324,0.037015,-0.129759,0.102197,-0.09619,0.089307,0.052918,0.12637,0.263361,0.062549,0.274404,0.023101,0.074569,-0.148501,0.321505,0.323202,-0.009648,0.038278,-0.083001,-0.028536,0.263289,-0.040511,-0.007296,0.025315,-0.033309,-0.184785,0.251606,0.007554,0.112452,0.049128,-0.208225,0.150386,0.063041,-0.228036,-0.277412,-0.037842,0.044607,-0.078939,0.16029,-0.25046,0.255469,0.182345,-0.116229,0.200355,-0.102113,0.083082,0.023291,-0.04534,0.055799,0.272191,-0.267094,#
18,-0.070851,0.013603,-0.146695,-0.383693,0.132602,0.100199,0.105609,-0.24511,0.254848,0.02355,-0.041969,0.012884,0.091387,0.119788,-0.158805,-0.036617,-0.068431,0.120175,1.0,-0.039012,0.168075,0.055781,0.378313,0.076837,0.010332,-0.147913,0.24276,0.191443,-0.201736,0.236505,-0.080426,-0.254915,-0.137137,0.119322,-0.15227,0.099171,-0.131438,-0.232591,0.014517,-0.193996,-0.029227,-0.146,0.131407,0.186704,-0.21975,-0.075885,0.067497,0.170424,-0.150863,-0.004245,0.195106,0.036791,0.22565,-0.214627,-0.03425,0.100849,0.016423,-0.063578,-0.066602,0.182662,-0.138645,-0.048101,-0.063096,-0.08161,0.149818,0.166132,-0.153785,0.114507,-0.055977,0.158337,0.15169,-0.118127,-0.17118,0.165415,-0.097975,0.143902,-0.038918,-0.419452,0.060396,-0.045167,-0.148059,-0.097106,-0.301033,0.198732,0.083406,0.018761,-0.181508,-0.120646,0.03269,0.146267,-0.154299,0.025509,-0.129639,0.143854,0.058856,-0.118558,-0.005143,-0.087226,-0.304255,-0.101884,0.093659,0.031978,-0.135951,0.079559,-0.068824,-0.219988,0.090099,-0.018542,0.039317,0.090352,0.173053,-0.039027,0.039283,-0.094746,-0.259249,-0.192377,-0.033918,0.069965,0.153408,-0.131344,-0.132368,-0.283012,-0.274395,-0.377095,-0.04971,-0.249793,0.168139,-0.024468,-0.030396,-0.158798,-0.00048,0.042893,0.003179,0.091458,-0.256387,-0.096296,0.134612,-0.177743,-0.030365,-0.2493,-0.044846,0.051573,-0.313449,-0.223234,-0.163646,-0.176279,-0.02722,0.181885,-0.1748,-0.015121,0.154965,-0.282552,0.292256,-0.205643,-0.281123,-0.190186,0.007151,0.25208,0.073643,0.178936,-0.053262,-0.22264,-0.086212,0.079605,0.122698,0.018965,0.17736,-0.051749,-0.158279,0.08688,0.131907,0.413372,0.008614,-0.144646,0.225073,-0.262042,0.215989,0.039731,0.165082,0.063706,0.290071,-0.045925,0.027141,0.083021,-0.010047,0.182868,0.204936,0.156442,-0.317467,0.125653,0.058777,-0.09913,-0.11697,-0.08019,-0.16884,0.328554,0.134475,0.00078,0.258456,-0.074931,#
19,-0.260469,-0.121827,0.032551,0.236464,-0.105462,-0.150057,-0.095513,0.193684,0.135392,-0.172743,-0.30044,-0.176743,0.060413,-0.053136,-0.090773,-0.295453,-0.117505,0.104395,-0.039012,1.0,-0.285041,-0.035532,-0.125478,0.40258,0.047296,0.130423,0.042651,0.066164,-0.263269,-0.133906,0.21246,0.002995,-0.010522,0.415498,-0.158972,-0.116847,0.252698,0.070637,-0.051247,-0.229787,0.025469,0.012225,0.130555,-0.005588,0.062851,0.094292,0.214378,0.08972,0.018838,0.018983,-0.058135,0.265184,0.05232,-0.132423,-0.402667,-0.062192,0.229761,-0.249264,0.034612,-0.194984,-0.066499,-0.064549,0.123112,0.028039,-0.09454,-0.05309,0.331618,-0.10825,-0.12231,0.204988,0.066086,-0.035609,-0.03029,0.05659,0.01365,-0.150929,0.516438,0.227956,0.340259,0.216667,0.430887,0.166127,0.223912,-0.079416,0.180308,0.270444,0.079003,-0.087425,0.255852,0.214231,0.058136,0.378173,0.385956,0.071368,-0.195913,0.013472,0.137022,0.13869,0.172741,0.15946,-0.278018,0.299401,0.157544,0.087439,0.175046,0.252602,0.145303,0.0048,0.254369,-0.203882,0.347217,0.071499,0.443771,0.285373,0.233237,0.094852,0.292075,0.06759,0.102708,0.007097,0.427742,0.101811,0.268489,-0.001245,0.022496,0.227523,0.085863,0.11735,0.137016,0.373483,0.147806,0.289433,0.116511,0.07691,0.147502,0.125113,-0.139299,0.203062,0.043141,0.23916,0.331387,0.042096,0.299507,0.20321,0.238376,0.232555,0.125163,-0.163388,0.101119,0.325913,-0.065822,0.195297,0.215061,0.239843,0.357719,0.467818,0.083653,-0.125279,0.224232,0.291601,0.123562,0.325572,0.036794,0.224312,0.298949,-0.076309,0.295667,0.044833,0.076529,0.229365,-0.260013,0.232341,0.198426,0.073631,-0.251036,0.116754,0.1213,-0.338726,-0.344567,-0.07503,-0.167169,-0.04019,-0.049493,-0.418299,-0.13432,0.222294,-0.265817,0.307987,-0.327126,-0.321283,0.33557,-0.301063,-0.311256,-0.268845,-0.026513,-0.26757,-0.187495,0.275555,0.036964,-0.038261,#
20,-0.065726,0.290524,-0.205344,-0.054097,0.142138,0.111401,0.271896,-0.162073,-0.260372,0.197149,0.302043,-0.039853,0.294307,-0.165272,-0.215329,0.114932,0.051327,0.09177,0.168075,-0.285041,1.0,0.409618,0.12551,-0.025674,-0.023276,-0.020182,-0.041003,0.058228,0.341073,0.305575,-0.07553,-0.165525,0.213798,-0.130873,0.018019,-0.046158,-0.120836,-0.366268,-0.051652,0.159569,0.194226,0.037545,0.164267,-0.000874,-0.018819,0.014148,-0.451447,-0.109648,-0.203674,-0.166306,0.09483,-0.185878,-0.055895,-0.086185,0.21116,0.02587,-0.194502,0.178054,0.044078,0.207915,0.114191,-0.143845,-0.056517,0.05329,0.167422,0.087351,-0.239764,-0.000801,0.002809,0.011354,-0.37785,-0.062801,0.227199,-0.081586,-0.255686,0.031077,-0.14124,0.020544,-0.231006,-0.162114,-0.314745,-0.146987,-0.083571,0.075818,-0.14669,-0.361996,0.152758,-0.314331,-0.169625,-0.134335,-0.204364,-0.313464,-0.256236,-0.190331,0.004723,-0.079665,-0.367818,-0.150025,-0.313462,0.051027,0.327976,0.035539,-0.093617,-0.240237,-0.04182,-0.087245,-0.19718,-0.264431,-0.38591,0.215033,-0.180762,0.023998,-0.320513,-0.116286,-0.156304,-0.064254,-0.072206,-0.132222,-0.173407,-0.060069,-0.248316,-0.176921,-0.273332,-0.130796,-0.13468,-0.202395,0.179189,-0.103553,-0.029735,-0.263041,-0.321276,-0.142974,0.016389,0.101446,-0.219801,0.0246,-0.193555,-0.450008,-0.017272,-0.453537,-0.495288,0.02358,-0.145257,-0.025939,-0.244614,-0.10555,-0.274582,0.267108,-0.038736,-0.275117,0.12354,-0.383049,-0.342852,-0.309084,-0.333157,-0.269333,-0.124304,0.272908,-0.187787,-0.290338,0.079734,-0.120983,-0.315715,-0.044385,-0.337096,0.081971,-0.196735,0.015333,-0.07199,0.101062,0.192499,0.109352,-0.207043,0.013362,0.308277,-0.354964,-0.136136,0.236032,0.146176,-0.123256,0.241383,0.024488,0.114179,0.217999,0.247049,-0.162851,-0.146225,0.067633,0.337384,0.308081,-0.23933,0.414625,0.349582,0.07099,0.242809,0.321959,0.415223,-0.058738,0.087043,-0.044374,#
