0,1.0,0.172973,0.085753,-0.131171,0.459656,-0.10167,0.204722,-0.089262,0.45585,0.05525,-0.20076,0.259994,0.276854,0.005431,0.068944,-0.001449,0.056379,0.001015,0.109118,-0.200191,-0.267298,0.080808,-0.029835,-0.120502,0.047962,-0.239262,-0.157762,-0.136197,0.29493,0.163456,-0.42751,-0.181181,-0.185623,-0.070547,-0.206658,0.136373,0.176155,-0.085922,0.051333,0.084845,0.100574,-0.268446,-0.251689,-0.018787,-0.019664,0.047286,0.267736,0.195787,0.094213,0.348466,0.036029,-0.20115,0.160097,0.03321,0.074314,-0.117182,-0.209837,0.241407,-0.076651,0.072996,0.186062,0.118884,0.047695,-0.12339,0.046265,0.164135,-0.064909,-0.059069,0.289916,-0.106988,0.059984,-0.352866,0.015476,-0.322674,-0.354809,0.226797,-0.249098,-0.392657,-0.229434,-0.185371,-0.027686,-0.372726,-0.165894,-0.265339,-0.077283,-0.164679,-0.388029,-0.161746,-0.135773,-0.335585,-0.033266,-0.22544,-0.063231,-0.013228,-0.212565,-0.228391,-0.355087,-0.248352,0.07738,-0.316028,0.147243,-0.23211,-0.290792,-0.217706,-0.094287,-0.158154,-0.084736,-0.104369,-0.186719,-0.221055,-0.096185,-0.189171,-0.003884,-0.275124,-0.245425,-0.296769,-0.280206,-0.31853,0.076355,-0.485035,-0.104906,-0.313518,-0.224873,-0.249408,-0.127202,-0.14706,-0.220009,-0.163285,-0.096651,-0.072146,-0.148027,-0.252344,-0.064503,0.088203,-0.274035,-0.38139,-0.018459,-0.292194,0.116961,-0.34881,-0.243527,-0.141234,-0.065294,-0.210134,-0.372186,-0.080889,-0.284368,0.269641,-0.347097,-0.231331,-0.318564,-0.252152,-0.013216,-0.296421,-0.217504,-0.024498,0.145123,0.350846,-0.193545,-0.157765,0.041227,-0.146303,-0.053769,-0.087232,-0.022775,0.120885,0.000395,-0.105387,-0.184831,-0.233839,0.008748,0.188811,0.002878,-0.377811,0.17641,-0.201826,-0.064094,0.253961,0.198347,-0.346521,0.165042,0.003017,0.010178,0.031714,0.236174,-0.072716,0.321337,-0.148468,-0.09891,0.349552,-0.305449,0.123603,0.207611,0.325682,-0.176343,0.172308,0.181336,-0.323946,-0.082545,-0.020974,#
1,0.172973,1.0,-0.012329,0.111337,0.362921,0.063593,-0.031736,-0.14262,0.052175,0.156267,-0.140849,0.178145,0.001516,0.067385,0.128418,-0.121499,0.017113,0.01641,-0.216033,-0.076955,-0.030303,0.175812,0.105714,-0.07773,0.061847,-0.11835,-0.100973,0.07564,0.257721,0.395125,-0.400331,0.063864,-0.126268,-0.082039,-0.17773,0.245538,0.188515,-0.309127,0.130072,0.146148,0.073571,-0.123979,0.203261,0.075344,-0.250501,0.019367,0.203341,0.143548,-0.182788,0.244525,-0.051432,-0.28815,0.113648,0.155915,-0.025598,-0.123728,-0.19188,0.220334,-0.1525,0.085393,-0.046262,-0.029407,0.054193,0.047787,-0.061463,-0.026921,0.001548,0.18669,0.258889,0.078129,-0.265963,-0.270014,0.104285,-0.108032,-0.258686,0.034948,-0.22857,-0.033527,-0.2465,-0.257217,-0.0581,-0.463551,-0.235402,0.138744,-0.326444,-0.300061,-0.217462,-0.213317,-0.098029,-0.19586,-0.167499,-0.06907,-0.085161,-0.065828,-0.514149,-0.199466,-0.278031,-0.23363,-0.199636,-0.027704,0.092275,-0.015447,-0.218788,-0.193322,-0.283301,-0.260418,-0.191133,-0.063526,-0.022191,-0.09765,-0.064184,0.202242,-0.362551,-0.243675,0.012221,-0.088297,-0.232858,-0.35221,0.147929,-0.05781,-0.270623,-0.15378,-0.261072,-0.210622,0.108158,-0.162546,-0.204853,-0.078452,0.014207,-0.057139,-0.200124,-0.117559,-0.107776,0.01412,-0.19105,-0.198569,-0.157406,-0.348047,0.119943,-0.198653,-0.134021,0.024374,0.15027,-0.319872,-0.207402,-0.265248,-0.083733,0.191201,-0.251655,-0.08988,-0.39877,-0.199386,-0.172351,-0.019063,-0.112048,-0.091589,-0.044131,0.178116,-0.041423,-0.240848,0.032501,-0.065143,-0.105334,-0.067457,-0.098429,0.345835,0.107425,-0.37713,-0.101588,-0.127448,-0.074794,0.029601,-0.293689,-0.098294,0.168257,-0.023016,-0.163889,-0.003614,0.192926,-0.329695,0.189636,-0.082613,-0.047729,0.085608,0.276784,-0.266829,0.097091,-0.231989,-0.160623,0.254097,-0.167583,0.226697,0.272966,0.33408,0.028861,-0.022334,0.136314,-0.285185,-0.063313,0.16315,#
2,0.085753,-0.012329,1.0,0.245287,-0.126688,-0.2155,-0.113159,-0.154699,0.146907,0.080085,-0.021752,0.139922,-0.142245,0.017935,-0.174936,-0.134085,-0.131578,0.188699,0.103482,0.019032,-0.306264,-0.175029,-0.058422,0.237586,0.055927,-0.218996,0.014448,-0.184093,0.12686,-0.200912,0.032621,0.127124,-0.220611,-0.017824,-0.182668,0.051256,-0.124504,0.146955,-0.178312,-0.326333,-0.160199,0.093239,-0.124693,0.027678,0.273538,-0.415294,0.116827,0.089743,-0.243333,0.252472,-0.278077,0.166274,-0.039816,0.21237,-0.118751,-0.202528,-0.105718,-0.181605,-0.104311,0.000579,-0.005009,0.211911,0.057139,-0.286213,0.069026,0.032621,0.058808,-0.19716,-0.105345,0.004834,0.183805,0.099213,-0.085068,0.207622,-0.091122,0.195759,-0.130369,-0.150441,0.092498,-0.086346,0.111614,0.023803,-0.17398,0.4431,-0.030204,-0.025397,0.108539,-0.016408,-0.143105,-0.097057,0.148082,-0.260819,0.133617,0.143656,-0.020054,0.251025,0.162459,0.066563,0.021893,0.099928,-0.256949,-0.170192,-0.010776,0.238764,-0.046536,0.001075,0.10237,0.143307,0.066897,0.171062,0.25204,0.069346,0.121972,0.145813,0.180669,-0.103954,-0.059394,-0.003612,0.105901,0.084398,-0.207246,0.270681,-0.020296,0.009657,-0.022041,0.162349,0.042896,-0.115901,0.119898,0.06867,0.301027,0.136661,-0.003507,0.059169,0.284592,0.075074,0.093406,0.30886,-0.022385,-0.15911,0.285087,0.248447,0.058714,-0.133286,0.105102,0.278315,0.043609,-0.134845,-0.213644,0.131305,0.130636,0.468457,0.277768,0.075983,0.074881,0.038952,-0.106167,0.126205,0.192861,0.085696,0.133075,-0.074011,0.346076,0.038441,-0.003735,-0.112719,-0.078828,-0.214225,0.250681,0.039984,-0.081244,0.230332,-0.091621,0.087984,-0.061362,0.18023,-0.165012,0.111803,-0.02112,0.035308,0.135111,-0.029379,-0.066462,-0.026356,-0.332115,0.190755,-0.020688,0.210759,-0.014158,-0.022084,0.243153,-0.209564,-0.182939,0.074737,-0.290787,-0.109136,-0.085963,0.078647,0.167563,-0.260131,#
3,-0.131171,0.111337,0.245287,1.0,-0.13096,-0.14244,-0.266926,-0.119328,-0.358865,-0.159811,0.02775,-0.171624,-0.186825,-0.181487,-0.048071,0.017148,0.105879,-0.124305,-0.137137,0.151708,-0.145879,0.018129,-0.296901,0.069456,0.054889,-0.035722,-0.115265,-0.025665,0.070757,-0.1705,0.017594,-0.02769,0.03371,0.020059,-0.00677,-0.405564,-0.132428,0.154536,-0.061733,0.119305,-0.027462,-0.024826,0.015476,0.001943,0.024626,0.235223,-0.307794,-0.451018,0.103169,0.057752,-0.209823,0.256946,0.140968,0.094302,-0.057812,0.122262,-0.009295,-0.016089,-0.153944,-0.211035,-0.05894,-0.029758,0.27869,-0.065187,-0.14872,-0.408391,-0.081101,-0.181973,-0.362259,0.08152,-0.068714,0.196446,0.242533,0.18873,-0.008997,0.056038,0.14097,0.278274,0.355138,-0.016004,0.098744,0.099806,0.142671,0.14831,0.142526,0.057222,0.263288,0.063803,0.022273,-0.025742,0.288123,0.029832,0.114935,0.155732,0.019024,-0.056385,0.213078,0.296585,0.066377,0.199082,-0.171318,0.204196,0.170432,0.18629,0.144621,-0.041571,0.256994,0.226869,0.052258,0.103664,-0.023564,-0.002285,-0.094126,-0.017173,0.040103,0.251974,0.341125,0.038216,-0.170367,0.36517,0.174807,0.037089,0.181,0.238698,0.196314,0.124639,0.003452,-0.087355,0.055721,0.230071,-0.143005,-0.047363,0.029991,-0.009723,0.170027,0.273276,0.19851,0.115308,-0.318681,0.205819,0.040696,0.296938,0.202875,-0.169631,0.176301,0.218141,0.078669,-0.304674,0.002691,0.032102,0.122071,0.214583,0.175118,0.19751,0.100073,0.255708,-0.326557,-0.288572,0.320212,0.064124,0.215346,0.204185,0.123927,-0.125825,-0.257429,-0.287016,-0.105802,-0.250466,0.269605,0.018092,-0.24065,-0.302906,0.100208,0.24471,-0.104378,0.085717,0.033954,-0.066894,-0.33095,0.117313,-0.320114,-0.258941,0.134041,-0.082848,-0.151523,-0.12781,-0.238266,-0.108549,0.205553,-0.274366,0.147596,-0.053795,-0.220757,-0.186211,-0.143675,-0.07737,-0.255535,0.030309,-0.238258,0.038838,#
4,0.459656,0.362921,-0.126688,-0.13096,1.0,0.07016,0.207287,-0.0367,0.267463,0.158955,-0.200928,0.318253,0.365636,0.208612,0.007581,0.030936,0.095506,-0.007144,-0.0354,-0.082997,0.105406,0.064061,0.317003,-0.312313,-0.275813,-0.24726,-0.092858,-0.120967,0.334861,0.31341,-0.38002,0.047262,-0.214421,-0.154746,-0.23131,0.314545,0.182823,-0.350178,-0.004195,-0.102117,0.205602,0.007168,-0.032266,0.007494,-0.08218,-0.047289,0.247991,0.357576,0.203266,0.029194,0.002561,-0.562334,0.154954,-0.117268,0.049995,-0.214283,-0.371949,0.137888,-0.01816,0.04033,0.170603,0.124962,-0.09205,-0.20024,0.005272,0.380207,0.085994,0.250374,0.364575,-0.001949,-0.127385,-0.608002,0.154315,-0.612963,-0.363069,0.366055,-0.442725,-0.482533,-0.398556,-0.359198,-0.282936,-0.660048,-0.31532,-0.088042,-0.339229,-0.348181,-0.583307,-0.319496,-0.124877,-0.241081,-0.361488,-0.416254,-0.268701,-0.316983,-0.422841,-0.39482,-0.53643,-0.472984,-0.231957,-0.306264,0.090676,-0.294709,-0.391902,-0.307306,-0.38428,-0.486766,-0.143096,-0.346863,-0.169683,-0.310229,0.122545,0.04689,-0.399368,-0.55366,-0.252565,-0.095807,-0.302179,-0.499292,0.069559,-0.334143,-0.104018,-0.173973,-0.445046,-0.45056,0.019618,0.049401,-0.47779,0.169386,-0.189719,-0.303611,-0.33607,-0.087188,-0.411518,0.144246,-0.399479,-0.381612,-0.142314,-0.504681,0.129716,-0.408455,-0.283576,-0.074588,-0.089789,-0.139241,-0.504158,-0.254021,-0.174597,0.606916,-0.522642,-0.290551,-0.542348,-0.24319,-0.105833,-0.473339,-0.338536,-0.196157,0.166332,0.491526,-0.295766,-0.311522,-0.086329,-0.131182,-0.377672,-0.084699,-0.127472,0.259787,-0.135183,-0.266722,-0.296876,0.003865,-0.099015,0.224787,-0.39239,-0.524441,0.118514,-0.208444,-0.246911,0.265762,0.290324,-0.458204,0.359641,-0.054735,0.014364,0.162638,0.467334,-0.331285,0.338248,-0.198201,-0.248081,0.368305,-0.350046,0.294777,0.45398,0.451528,-0.054346,0.311153,0.451997,-0.412992,-0.385155,0.105214,#
5,-0.10167,0.063593,-0.2155,-0.14244,0.07016,1.0,0.27261,0.314248,-0.01317,-0.123846,-0.015074,0.159231,-0.226059,0.310183,0.055555,0.02151,0.024757,0.021614,0.001785,-0.080466,0.261118,0.262344,-0.027316,-0.42553,0.070291,-0.073299,0.12115,-0.086011,-0.148529,0.072438,0.068028,0.159529,0.194729,-0.187433,-0.214085,0.197323,-0.078282,-0.064698,-0.012421,-0.081795,-0.016683,-0.071211,0.144149,0.029576,-0.147216,0.100723,-0.069324,0.097743,0.035225,-0.047246,0.245358,-0.046777,0.212957,-0.168132,0.136266,0.10789,0.062401,0.218229,-0.024808,0.140882,0.125845,0.028133,-0.071662,0.258778,-0.087764,-0.087233,-0.138824,0.285435,0.113681,-0.115154,-0.178099,-0.207034,-0.030952,-0.150457,0.079204,0.028624,-0.052454,0.040663,-0.214051,-0.132002,-0.062612,-0.198704,0.081615,-0.168249,-0.032828,0.201869,-0.046206,0.002357,-0.012383,-0.071242,0.097136,-0.021028,0.12433,-0.361179,-0.022711,-0.191184,-0.125911,-0.158665,-0.105987,-0.187675,0.103315,-0.166665,0.109865,-0.299613,-0.097498,-0.163495,-0.152756,-0.44734,-0.120704,-0.373811,-0.185601,-0.053778,-0.070375,-0.278122,0.05848,-0.042897,0.010184,-0.176727,-0.007971,0.022085,-0.055641,0.099035,-0.071997,-0.119736,-0.024882,0.077805,0.027812,0.074742,0.009666,-0.192449,0.047496,-0.08344,-0.06482,-0.068843,-0.036592,-0.01081,0.102366,-0.107589,-0.070955,-0.024425,-0.179836,-0.174108,-0.164424,-0.140994,0.035531,-0.043303,0.117036,0.031313,0.115595,-0.212364,-0.060221,0.003216,-0.00786,0.0411,0.009398,-0.234041,0.222804,0.079783,-0.110429,0.063993,-0.089232,-0.103949,0.000302,0.05822,0.00478,0.330929,0.209226,0.235542,0.018918,0.026359,0.141229,-0.018494,-0.032328,0.118139,0.133751,0.022428,-0.1178,0.175335,0.216818,-0.108693,0.136577,-0.000204,0.044496,0.30226,0.284473,-0.236831,0.142189,-0.054144,0.027129,0.1964,-0.026719,0.140854,0.140064,-0.018508,0.273424,0.187883,0.126711,-0.155317,0.037626,0.235423,#
6,0.204722,-0.031736,-0.113159,-0.266926,0.207287,0.27261,1.0,0.122229,0.378,-0.048554,0.275609,0.306009,0.098002,-0.010473,0.078231,0.211517,-0.005435,-0.092047,0.214477,-0.084594,0.099362,0.300758,0.078412,-0.33775,-0.117166,-0.04973,-0.062273,-0.217867,0.337784,0.173917,-0.312366,0.019269,0.174863,-0.389259,-0.083187,0.279185,-0.025913,-0.050051,-0.202709,0.018307,0.026517,-0.056699,-0.170524,-0.169559,-0.108258,-0.02336,-0.005866,0.121592,0.117187,0.265514,0.086496,-0.210731,0.031295,0.086986,0.011493,-0.134143,0.050599,0.024108,0.038226,0.122783,0.167785,0.070098,-0.20736,0.16276,-0.060087,-0.050866,0.031591,0.125162,0.216866,-0.145699,-0.050729,-0.309031,0.056164,-0.230028,-0.274695,0.21685,-0.194038,-0.321048,-0.548973,-0.337448,-0.2228,-0.326967,-0.218689,-0.284003,-0.210686,-0.027232,-0.239694,-0.324169,-0.242332,-0.145409,-0.212709,-0.272424,-0.097367,-0.325006,-0.36816,-0.074091,-0.285705,-0.472659,-0.373949,-0.171741,0.11794,-0.380712,-0.348478,-0.424036,-0.019758,-0.096882,-0.096691,-0.285574,-0.363531,-0.061837,-0.107683,-0.092696,-0.143161,-0.251409,-0.111734,-0.437692,-0.315167,-0.213444,-0.054037,-0.239969,-0.183972,-0.141253,-0.237008,-0.386669,-0.268821,-0.010376,-0.345227,-0.00744,-0.121059,-0.478717,-0.263797,-0.2227,-0.212251,0.023191,-0.241154,-0.214555,0.064251,-0.35654,-0.059149,-0.2812,-0.126795,-0.164578,-0.286231,-0.093938,-0.30231,-0.167526,-0.343041,0.352858,-0.092452,-0.282267,-0.113667,-0.255078,-0.310825,-0.155449,-0.22822,-0.371142,0.02955,0.353515,-0.161704,-0.31402,0.010608,-0.293147,-0.22652,-0.121709,-0.110263,0.371826,-0.102281,0.230319,-0.067527,-0.180679,0.102262,0.145542,-0.138492,-0.257914,0.293496,-0.347197,-0.231883,0.406566,0.278869,-0.199974,0.401772,0.236219,0.188218,0.363033,0.410428,-0.030451,0.041401,-0.002391,0.070965,0.227182,-0.151889,0.316377,0.332256,0.248928,-0.115044,0.369707,0.428537,-0.385254,-0.15167,0.183333,#
7,-0.089262,-0.14262,-0.154699,-0.119328,-0.0367,0.314248,0.122229,1.0,-0.027242,-0.252171,-0.202148,-0.168436,-0.084618,0.16043,0.336037,-0.169995,0.007005,-0.068173,0.134738,-0.045737,0.035348,0.277181,-0.078221,-0.247909,0.156214,0.10852,0.117116,0.078564,-0.173354,-0.048305,0.073261,0.310011,0.292361,-0.097714,-0.149696,0.126613,0.119279,0.099855,0.228173,-0.224619,-0.086912,0.22691,0.267691,0.021399,-0.093303,0.130862,0.097139,-0.172176,-0.150411,-0.179763,-0.118983,-0.006084,-0.09482,-0.379,0.008418,0.194079,0.082447,0.065457,-0.181532,0.141525,-0.094721,0.039779,-0.222022,0.255709,0.144259,0.162717,0.022076,0.197754,-0.025435,-0.304892,-0.068762,-0.103294,-0.013018,-0.07087,0.07928,-0.245699,0.166365,-0.032633,-0.201489,-0.019221,0.094732,-0.143317,0.232185,-0.236774,0.092173,0.195944,0.04786,0.007184,-0.076873,0.087467,0.058551,0.048573,0.066882,-0.059082,0.155669,0.177198,-0.255052,0.033945,0.042692,-0.205418,-0.016162,-0.181976,0.100772,-0.118019,-0.05368,-0.144825,0.046571,-0.264855,0.090147,-0.326366,-0.22101,0.224257,0.130628,0.048974,-0.103974,0.120739,0.079792,-0.007884,-0.003586,0.082213,-0.064476,0.097442,-0.164425,-0.081352,-0.004052,0.157026,-0.011156,-0.214388,0.01715,-0.070888,0.134824,-0.103271,-0.013377,-0.136344,-0.027676,-0.020896,0.089141,0.058529,-0.057821,-0.077262,-0.041068,-0.18748,-0.227756,0.089275,-0.055217,-0.230689,0.118726,-0.122721,0.101084,0.020827,0.083358,0.133176,0.321395,0.100309,0.087445,-0.155245,0.217237,-0.068336,-0.343916,0.142879,0.047339,-0.036312,0.026567,-0.007041,-0.021002,0.08102,-0.060979,0.090179,-0.215995,0.269071,-0.082313,0.094292,0.071243,0.068437,-0.025326,0.001158,-0.005762,-0.03319,-0.036506,-0.043909,-0.021107,-0.130647,-0.010971,0.078304,-0.002491,-0.100858,0.044468,0.222404,-0.027047,-0.160121,-0.190932,0.201899,-0.018088,-0.154027,-0.01758,0.108997,-0.141026,-0.119587,0.136717,-0.071697,#
8,0.45585,0.052175,0.146907,-0.358865,0.267463,-0.01317,0.378,-0.027242,1.0,-0.104152,0.087181,0.353385,0.226186,-0.010213,-0.0301,-0.107594,0.019496,0.264056,0.30475,-0.048724,-0.191491,-0.059414,0.193731,-0.152907,-0.01083,-0.268237,0.018426,0.077586,0.206583,-0.006775,-0.174229,0.031001,-0.06672,-0.16535,-0.22671,0.115976,0.417102,-0.174948,-0.001764,-0.056825,0.017467,-0.118,-0.269965,-0.067257,0.087391,-0.145177,0.304977,0.32454,-0.059277,0.307427,0.200279,-0.14087,0.03018,0.210017,0.017843,0.085046,-0.058576,0.078015,0.086997,0.052623,-0.15078,0.046115,-0.09327,-0.035284,-0.020173,0.222219,0.30209,0.022574,0.292556,0.142789,0.182392,-0.208273,-0.165314,-0.204076,-0.139707,0.050497,-0.066869,-0.403484,-0.191646,-0.057343,-0.118211,-0.178056,-0.133432,0.113873,-0.023631,0.069844,-0.255573,-0.177942,-0.072706,-0.238225,0.051261,-0.166142,-0.149311,0.07639,-0.172521,0.066551,-0.098769,-0.306389,-0.045656,-0.133129,-0.185431,-0.412185,-0.297276,-0.114942,0.061064,0.076023,-0.104647,0.124521,-0.175026,0.08423,0.07878,-0.109295,0.13563,-0.165414,0.141377,-0.549586,-0.221406,-0.116776,0.255049,-0.347855,-0.137758,-0.089745,-0.128223,-0.533537,-0.305349,0.083887,-0.114481,0.099977,-0.032039,-0.213983,0.208782,0.158134,-0.038321,-0.106653,0.008695,-0.188381,0.102064,-0.006074,0.215103,-0.160761,0.115503,0.069976,-0.32304,-0.07837,-0.167701,-0.163368,-0.06986,0.383947,-0.080963,-0.119189,-0.042936,-0.064323,0.002927,-0.18535,-0.11772,-0.310809,0.062071,0.294158,0.008512,-0.12444,0.152605,-0.140717,-0.13219,0.226816,0.187921,0.031749,-0.127625,-0.035189,-0.018973,4.4e-05,-0.164434,0.264346,0.116588,-0.186329,-0.142704,-0.205948,-0.012914,0.290537,0.183933,-0.225871,0.274848,0.156455,-0.182021,-0.09821,0.137106,0.187018,0.049123,0.033593,-0.397152,0.21386,0.176152,-0.083915,0.142516,0.225984,-0.204254,0.121651,0.233826,-0.209292,-0.037772,0.018956,#
9,0.05525,0.156267,0.080085,-0.159811,0.158955,-0.123846,-0.048554,-0.252171,-0.104152,1.0,-0.130026,0.252047,0.154201,0.286867,-0.514376,-0.027178,-0.326947,0.211945,-0.199498,-0.015186,0.141665,-0.140346,0.135864,0.116538,0.138149,0.080347,-0.026799,-0.319139,0.00569,0.262552,-0.033511,-0.257275,-0.146832,0.204824,0.029373,0.394627,-0.023471,-0.321637,-0.1913,-0.018393,0.047968,0.199037,0.205803,0.224455,0.17677,-0.20023,-0.095514,0.325638,-0.079879,0.153034,-0.098987,-0.259338,0.103161,0.063646,-0.198271,-0.409676,-0.068613,-0.05142,0.220785,0.092729,-0.007211,0.199167,0.054333,-0.256775,-0.072144,0.001989,0.035725,0.117388,0.065858,-0.13116,-0.087763,-0.202663,-0.08391,-0.082155,0.031965,0.184378,-0.155656,-0.181366,-0.015442,0.107046,-0.093393,-0.098538,-0.151084,-0.070336,0.067765,-0.376747,-0.014622,-0.110209,-0.093314,0.111917,-0.253904,0.019216,-0.05294,0.12205,-0.202692,0.046881,-0.026471,-0.061375,-0.014176,0.023343,-0.136115,0.122819,-0.002311,0.120012,-0.004581,-0.124215,-0.098278,-0.148896,-0.132557,0.043789,0.175552,0.077423,-0.088074,-0.049406,0.070725,-0.042442,-0.168935,-0.232837,0.276494,-0.266043,0.007977,0.22038,-0.065807,-0.00651,-0.179503,-0.036497,-0.123565,-0.165959,-0.029987,0.217136,-0.0369,0.277722,0.01849,0.68862,-0.105989,0.049343,-0.10363,-0.123531,0.234534,-0.201776,0.088929,-0.008834,0.260305,0.075851,0.145741,0.078592,0.181117,0.080551,-0.269026,0.151616,-0.465774,-0.20802,-0.174246,-0.034694,0.172689,0.17089,0.075129,0.305162,0.064323,0.043983,0.104571,0.139668,-0.178362,0.310546,0.024699,0.158194,-0.111662,-0.058629,0.04829,0.019233,0.122067,-0.113562,-0.117666,-0.279388,0.137273,0.019519,-0.269636,0.012175,0.229846,-0.113755,0.070076,-0.207184,-0.244784,0.144995,-0.05105,-0.092525,0.022829,-0.112416,-0.186217,0.281542,-0.036385,-0.152483,-0.064638,0.095679,0.113295,-0.15325,0.032243,0.015371,0.31262,-0.091952,#
10,-0.20076,-0.140849,-0.021752,0.02775,-0.200928,-0.015074,0.275609,-0.202148,0.087181,-0.130026,1.0,-0.004806,-0.176746,-0.084405,0.114146,0.123722,0.19184,-0.151217,0.13248,0.141542,-0.019294,0.175612,-0.062201,0.091281,-0.169812,0.28275,-0.150047,0.071531,0.1668,-0.098557,-0.022349,-0.068364,-0.210274,-0.170412,0.339031,-0.102042,-0.116461,0.070368,-0.037397,0.071493,-0.280555,-0.086389,-0.220121,-0.270033,0.111574,0.170782,-0.207282,-0.346089,0.183583,0.008984,0.212062,0.111014,-0.092403,0.315435,-0.069548,0.206204,0.085983,-0.137819,-0.001769,0.032134,0.070454,-0.181682,0.225619,0.036538,0.079271,-0.09829,-0.03223,-0.047202,-0.260085,0.059537,-0.104516,0.07013,0.086773,0.044509,0.015634,0.20194,-0.022253,0.079389,-0.023829,-0.043203,-0.081759,0.137076,-0.214812,0.154366,0.006103,-0.046147,0.07261,-0.134915,-0.051267,-0.046395,0.133024,-0.155219,0.108875,-0.086552,-0.086728,0.102597,-0.005811,-0.152166,-0.408923,-0.003277,0.085903,0.020081,-0.309304,-0.012119,0.245087,0.066568,-0.027734,0.040073,-0.244831,0.375509,-0.16436,-0.240418,-0.103839,0.242077,-0.068479,-0.02503,-0.191961,0.082789,-0.090772,0.124807,0.005168,-0.0886,0.037273,0.065909,0.040828,-0.097547,-0.089739,0.050386,0.010297,-0.159889,0.184626,-0.21257,-0.051666,-0.199345,0.178301,0.188915,0.108824,-0.078192,-0.162434,0.089896,0.036712,0.172496,-0.130596,-0.006711,0.075033,0.137883,-0.10317,-0.108856,0.241789,-0.250454,0.160165,-0.045933,-0.311814,-0.004728,-0.13864,-0.286011,-0.281429,0.163739,0.165003,-0.070731,0.051605,-0.165402,-0.113505,0.004983,-0.106683,-0.091283,-0.089165,0.095503,0.256426,-0.260843,0.190237,-0.287537,-0.057568,0.079355,-0.005608,-0.222529,-0.261425,0.171138,-0.122012,0.060826,0.060917,0.197535,0.103694,0.281317,-0.052803,0.1621,-0.225047,-0.015043,0.317976,0.081306,0.007963,0.270784,0.03405,-0.072396,0.053295,0.019767,0.195896,-0.042286,-0.071221,0.243311,#
11,0.259994,0.178145,0.139922,-0.171624,0.318253,0.159231,0.306009,-0.168436,0.353385,0.252047,-0.004806,1.0,0.08635,-0.064621,-0.09189,0.203415,-0.075352,-0.092363,-0.223451,-0.296005,-0.132076,0.016209,-0.049897,-0.004474,0.136635,-0.123415,-0.033479,-0.406727,0.281863,0.215087,-0.332251,0.051041,-0.299118,0.041416,-0.151267,0.352885,-0.10637,-0.292048,-0.109731,0.085219,0.081619,-0.015724,-0.139191,-0.106763,0.011514,0.061161,-0.078721,0.205586,0.10298,0.094005,0.050565,-0.312022,-0.01617,0.050049,0.177015,-0.077863,-0.279447,-0.077482,-0.028141,0.149003,-0.168061,0.137111,0.016678,-0.010848,0.066404,-0.197185,-0.039834,-0.009115,0.13483,-0.061567,-0.032499,-0.329352,0.019671,-0.241789,-0.328554,0.285019,-0.301658,-0.110855,-0.275395,-0.381864,-0.308114,-0.289335,-0.171052,0.04336,-0.105982,-0.195358,-0.291254,-0.422806,-0.104613,-0.179781,-0.11978,-0.140909,0.017474,-0.200708,-0.391492,-0.004978,-0.197967,-0.425503,-0.239575,-0.101388,-0.012447,-0.20497,-0.141737,-0.116419,-0.060856,-0.168531,-0.057066,-0.180027,-0.388116,-0.067081,-0.218324,0.004238,-0.279509,-0.203638,-0.081071,-0.235336,-0.186851,-0.274403,-0.165879,-0.066905,-0.138723,-0.127336,-0.212303,-0.278698,0.033246,-0.101548,-0.201878,-0.106682,-0.162145,-0.248443,-0.096256,-0.10487,-0.175123,0.165835,-0.321562,-0.06311,0.035504,-0.229695,0.097705,-0.350068,0.088143,0.124611,-0.260303,-0.10371,-0.202694,-0.208457,-0.204363,0.143563,-0.234273,-0.474902,-0.310797,-0.146425,-0.161952,-0.190908,-0.196817,-0.44377,0.096155,0.153849,-0.060321,-0.169446,0.116537,-0.181731,-0.086838,-0.092955,-0.213011,0.076686,0.107185,0.040866,0.305546,-0.261533,0.049351,0.079105,-0.123602,-0.257972,0.210895,-0.327625,-0.321813,0.158761,0.176438,-0.19737,0.34993,0.105908,0.170058,0.183758,0.195466,-0.202098,0.075977,-0.107855,-0.025903,0.442209,0.01143,0.233215,0.320702,0.084134,-0.060703,0.167397,0.348397,-0.194679,-0.034616,0.030553,#
12,0.276854,0.001516,-0.142245,-0.186825,0.365636,-0.226059,0.098002,-0.084618,0.226186,0.154201,-0.176746,0.08635,1.0,0.216994,0.086212,0.102607,-0.045737,0.101875,-0.026104,-0.039507,-0.0828,0.081279,0.245338,-0.065391,-0.169393,-0.048139,0.092739,-0.020563,0.243457,-0.012217,-0.314583,0.104674,-0.023951,0.045569,-0.10615,0.124449,0.33812,-0.251867,-0.014479,0.087334,0.154349,0.186716,-0.001378,0.064361,0.182964,-0.006269,0.264634,0.19913,0.001084,0.092006,-0.119373,-0.283251,0.082466,-0.096882,0.001752,-0.308845,-0.285327,0.340375,0.184953,-0.135669,-0.041766,-0.059112,-0.33583,0.029842,0.112868,0.292511,0.099492,-0.010605,0.364774,-0.17041,0.028172,-0.332619,-0.023652,-0.206862,-0.114455,0.148589,-0.138652,-0.253446,-0.245694,-0.2073,-0.193593,-0.323607,-0.128856,-0.182187,-0.079942,-0.249086,-0.163167,-0.238771,-0.297827,-0.138459,-0.271086,-0.324976,-0.21797,-0.070503,-0.229062,-0.185049,-0.161745,-0.207879,-0.03045,-0.459156,0.191733,-0.167866,-0.298862,-0.416951,-0.154839,-0.021648,-0.199077,-0.137182,-0.17342,-0.004799,0.142035,-0.057836,-0.085736,-0.240993,-0.23592,-0.201585,-0.368453,-0.166557,0.101873,-0.417787,0.022255,-0.399827,-0.108539,-0.263552,-0.234988,0.011254,-0.355155,0.104123,-0.320966,-0.275395,-0.214233,0.020177,-0.026135,0.014995,-0.260182,-0.253367,-0.05561,-0.061404,0.165287,-0.41138,-0.362145,-0.110248,-0.250954,0.047283,-0.39101,-0.110944,-0.120261,0.373839,-0.568816,-0.03673,-0.065484,-0.149121,-0.143562,-0.167915,-0.195639,-0.081801,0.253875,0.26304,-0.393083,-0.271116,-0.087569,-0.100663,-0.282015,-0.075164,0.125593,0.16982,-0.270007,-0.047684,-0.29541,-0.051704,0.119005,0.242427,-0.12384,-0.285791,0.143481,-0.107263,-0.096909,0.252356,0.251883,-0.364604,0.165002,0.214581,-0.080351,0.053549,0.200563,-0.101549,0.136082,-0.0815,-0.262174,0.211946,-0.225154,0.067234,0.308424,0.389178,0.021718,0.042495,0.230608,-0.12872,-0.138102,0.110079,#
13,0.005431,0.067385,0.017935,-0.181487,0.208612,0.310183,-0.010473,0.16043,-0.010213,0.286867,-0.084405,-0.064621,0.216994,1.0,-0.15572,-0.055865,-0.190624,0.183605,0.174171,-0.108597,0.137764,0.007394,0.144488,-0.08249,-0.124942,-0.045599,0.240847,0.049067,-0.050183,-0.098807,0.082435,0.132951,0.000998,-0.281738,-0.23519,0.294932,0.232963,-0.1627,-0.128389,-0.346413,0.084212,0.304614,0.272526,0.279761,0.06682,-0.284621,0.235103,0.312721,-0.015865,-0.122115,-0.038116,-0.077084,0.03841,-0.157649,-0.3404,-0.271136,0.089671,0.179986,0.122195,-0.027304,0.037955,0.242163,-0.205916,0.010959,0.109853,0.360449,0.200371,0.328467,0.344338,-0.00455,-0.13903,-0.190467,0.001826,-0.143079,0.029874,0.204395,-0.051892,-0.295832,-0.185275,0.087636,0.084304,-0.207579,-0.020667,-0.02071,-0.014656,-0.051323,-0.046475,-0.191026,-0.167062,-0.094153,-0.133117,-0.140978,-0.044535,-0.08268,-0.053145,-0.085457,-0.163667,0.064686,-0.097024,-0.306363,0.070005,-0.068495,0.003368,-0.15937,-0.075813,-0.157988,-0.108436,-0.43397,0.033968,-0.241954,0.150288,0.040297,-0.079397,0.07336,0.060981,0.065766,-0.336135,-0.170188,0.23661,-0.280937,-0.031732,-0.021202,-0.052096,-0.164467,-0.011921,-0.032939,-0.260388,0.008252,0.024224,-0.062824,-0.004728,0.226504,-0.180432,0.120048,0.125376,-0.239241,0.044929,0.119903,0.326034,-0.109894,-0.116792,-0.215903,-0.106656,-0.19821,-0.035517,0.01923,0.082937,0.170473,-0.239456,0.264945,-0.241497,0.162186,-0.109507,-0.054994,0.220409,-0.045453,0.303022,0.390388,-0.239913,0.031924,-0.092469,-0.146847,0.006726,0.31578,0.097832,0.291427,0.025805,0.036054,-0.224746,0.186464,0.003811,0.210836,-0.229395,-0.100015,-0.101873,0.025353,-0.099861,-0.023017,0.223987,-0.139263,0.064249,-0.014226,-0.274178,-0.015906,0.167644,-0.194002,0.088278,-0.038702,-0.108045,0.096812,-0.053464,-0.066343,0.211857,0.228132,0.23701,-0.128361,0.000948,-0.119239,0.202155,0.11018,#
14,0.068944,0.128418,-0.174936,-0.048071,0.007581,0.055555,0.078231,0.336037,-0.0301,-0.514376,0.114146,-0.09189,0.086212,-0.15572,1.0,0.107785,0.101331,-0.241989,-0.016137,-0.103012,-0.091652,0.384462,0.062895,-0.012341,-0.14084,0.156604,-0.056839,0.04241,0.162718,0.004331,-0.272446,0.34159,-0.045952,0.010204,-0.10802,-0.144859,0.073687,0.102065,0.43318,0.069985,-0.150908,0.047895,0.042396,-0.100421,-0.113482,0.400116,0.318781,-0.321763,0.032765,-0.039444,-0.013422,0.066304,-0.128867,-0.269402,0.060402,0.238771,-0.140817,0.246698,-0.459297,0.075126,0.252489,-0.211398,-0.008391,0.350828,0.290213,0.223199,-0.300249,0.000568,0.059584,-0.200534,0.056619,-0.053748,0.040718,-0.083577,-0.180424,-0.134735,-0.085032,0.207285,-0.234872,-0.256444,-0.043129,-0.142475,-0.081049,-0.080804,-0.210675,-0.018579,-0.148071,-0.252797,-0.153675,-0.148018,-0.005984,-0.082045,0.12813,-0.122506,-0.085066,-0.054053,-0.267591,-0.1778,-0.255852,-0.09371,0.107221,-0.02062,-0.198571,-0.231519,-0.149242,0.082763,-0.187786,-0.042854,0.144507,-0.2245,-0.370832,-0.188045,-0.171291,0.129452,-0.376395,0.068044,-0.21804,0.0626,-0.240709,-0.053842,-0.171925,-0.225549,-0.128733,-0.006312,0.092047,-0.123973,0.10424,-0.075591,-0.231535,-0.321868,0.047698,-0.485016,-0.22459,-0.492517,-0.257546,-0.122076,0.001542,-0.167197,0.069497,-0.162037,-0.175881,-0.305424,-0.299886,-0.130876,-0.298066,-0.136366,-0.175758,-0.101385,-0.116341,-0.298663,0.102172,-0.046514,-0.02628,-0.058246,-0.24675,-0.282734,0.033868,-0.027011,-0.350143,-0.144304,-0.270752,-0.139067,-0.063922,-0.468044,-0.110473,0.159436,-0.023487,0.052171,-0.206131,-0.206729,0.013807,0.14044,-0.285265,0.021499,0.181755,-0.01453,0.093871,0.065273,-0.05098,-0.158112,0.02315,0.329394,0.195244,0.129746,0.185345,-0.123344,0.140936,0.214455,0.286377,-0.029082,-0.374495,0.430377,0.065286,0.140776,-0.090626,-0.070229,0.142127,-0.239491,-0.058362,0.170546,#
15,-0.001449,-0.121499,-0.134085,0.017148,0.030936,0.02151,0.211517,-0.169995,-0.107594,-0.027178,0.123722,0.203415,0.102607,-0.055865,0.107785,1.0,0.060143,-0.46394,-0.043685,-0.214901,0.000198,0.06794,-0.133421,-0.14031,-0.361141,-0.011447,-0.195289,-0.160946,0.108766,-0.047918,-0.231547,0.014264,-0.016499,-0.060743,0.092234,-0.086975,-0.123049,0.066744,-0.14265,0.239326,-0.109393,-0.043668,-0.00552,-0.112109,0.058117,0.195199,-0.025964,-0.186579,0.174524,0.037882,0.140129,-0.050801,0.14831,0.041777,-0.163137,0.006081,-0.007257,0.012829,0.006072,0.126379,0.007165,0.096444,0.061535,0.265656,-0.042884,-0.16367,-0.282382,0.125699,-0.096537,-0.230988,0.025198,0.027158,0.132451,-0.123955,-0.133468,0.146868,-0.181476,0.157245,-0.155398,-0.228697,-0.097457,-0.108811,-0.160787,-0.14899,0.003152,-0.142232,-0.116417,-0.161555,-0.027044,-0.062774,0.07647,-0.095058,0.330299,-0.386103,-0.196612,-0.064607,-0.175148,-0.255895,-0.238585,0.029383,0.190331,0.071174,-0.148626,-0.033988,0.025992,-0.02085,-0.37498,0.006469,-0.255792,-0.007476,-0.40835,-0.320114,-0.211288,0.026414,-0.167102,-0.085596,0.024036,-0.116855,-0.465609,0.121443,-0.045606,-0.15984,0.135438,0.286352,0.053369,-0.092626,-0.130625,-0.036356,-0.179798,-0.099577,-0.161702,-0.165656,-0.167697,0.117965,-0.106551,-0.12586,0.195344,-0.282761,-0.181902,-0.00087,-0.10092,-0.109365,-0.051609,-0.108202,-0.338795,0.251701,-0.339778,-0.092627,-0.198309,-0.366478,-0.085347,-0.106166,-0.347082,-0.110711,-0.367505,-0.089839,-0.104187,-0.08991,-0.146112,-0.101378,-0.372171,-0.3109,-0.027228,-0.340131,-0.193712,0.028247,-0.166953,0.16619,0.088613,-0.30091,0.082641,-0.057279,-0.141877,0.023397,0.133104,-0.252149,-0.228845,0.022692,-0.301759,-0.100641,0.067507,0.072697,0.55023,0.305692,0.166193,-0.032714,0.029134,-0.137911,0.570347,-0.041291,-0.250908,0.333515,0.296315,0.089858,0.107937,0.085894,0.332897,-0.018394,-0.217897,0.163794,#
16,0.056379,0.017113,-0.131578,0.105879,0.095506,0.024757,-0.005435,0.007005,0.019496,-0.326947,0.19184,-0.075352,-0.045737,-0.190624,0.101331,0.060143,1.0,-0.090317,0.048316,-0.130167,-0.09871,0.111114,0.02672,0.026452,-0.03275,-0.121516,-0.231978,0.034494,0.051557,-0.007464,-0.073953,0.119161,0.038267,-0.204563,0.126968,-0.332162,-0.175883,0.068509,-0.036325,0.034884,-0.103764,-0.1319,-0.171595,-0.228197,0.07331,0.22492,0.016419,-0.225478,-0.008706,0.097395,0.164596,-0.030403,0.027952,0.055677,0.177284,0.190538,-0.143075,0.084466,-0.179797,0.031627,0.075235,-0.303759,0.062138,0.238373,0.014173,-0.061311,-0.048355,-0.184817,-0.066482,0.129958,-0.164985,-0.006919,0.184304,-0.253078,-0.286636,0.118774,-0.107064,-0.042386,0.000426,-0.051925,-0.069362,-0.136002,-0.01646,0.057092,-0.081004,-0.026014,-0.050073,-0.032518,-0.096006,-0.115596,0.239554,-0.094746,-0.066415,-0.15316,-0.079735,-0.173222,-0.012912,-0.169897,-0.056644,-0.111217,0.260265,0.008,-0.202638,-0.094796,-0.032623,-0.222986,0.225055,-0.108631,-0.123487,0.162979,-0.264714,-0.003174,-0.029126,-0.060816,-0.173756,0.031183,0.193933,-0.121558,0.064498,0.261656,-0.055693,0.078625,-0.390865,-0.124685,0.090621,-0.16681,-0.167456,0.219962,-0.220084,0.051421,-0.054875,-0.212773,0.017383,-0.163734,-0.047677,0.001219,-0.181047,-0.422419,-0.397379,-0.063888,-0.140351,0.145421,-0.010159,0.147983,-0.230634,-0.065202,-0.053964,0.109063,-0.029373,-0.173641,0.148605,0.019345,-0.05975,-0.187206,-0.324821,-0.151591,-0.190825,0.148022,-0.094336,-0.114821,-0.082531,0.106842,-0.079935,-0.17903,-0.028168,0.022023,-0.051633,-0.13225,-0.067463,0.179457,0.297371,-0.039272,-0.055279,0.037592,-0.109089,-0.195287,-0.147255,-0.041309,-0.177168,-0.065819,0.080145,-0.236526,0.337284,0.12015,0.046584,-0.12255,0.026922,-0.014492,0.160693,-0.104738,-0.110881,0.195316,0.108154,0.091241,0.09235,0.236663,0.153259,0.107782,-0.30418,0.082153,#
17,0.001015,0.01641,0.188699,-0.124305,-0.007144,0.021614,-0.092047,-0.068173,0.264056,0.211945,-0.151217,-0.092363,0.101875,0.183605,-0.241989,-0.46394,-0.090317,1.0,0.121393,0.196155,0.146147,-0.149859,0.358277,0.082845,0.284055,-0.14416,0.192633,0.094866,-0.143336,-0.033723,0.306649,0.000377,0.088127,0.133239,-0.190851,0.092033,0.259557,-0.222752,0.098506,-0.25551,0.072998,0.176952,0.111004,-0.041045,0.191521,-0.296997,0.258371,0.467213,-0.129632,-0.08132,0.031496,-0.019998,-0.089635,0.035579,-0.198168,-0.062993,-0.029068,-0.053614,0.116086,-0.101883,-0.07557,-0.006403,-0.055285,-0.352549,-0.145511,0.107741,0.18884,-0.013721,0.168073,0.310529,0.093538,-0.095947,-0.421074,0.162791,0.137888,-0.149492,0.163575,-0.249085,0.051222,0.219184,-0.050814,0.160847,-0.001445,0.180327,0.176615,0.166185,-0.120965,0.260404,-0.007267,0.041064,-0.055622,0.005992,-0.346565,0.369783,0.178195,-0.016147,0.181922,0.186173,0.251651,-0.005706,-0.200969,-0.126906,-0.074558,0.133636,0.116411,0.168817,0.123577,0.208317,0.176836,-0.014256,0.374367,0.156642,0.263671,-0.125944,0.257197,-0.11996,-0.054721,-0.098514,0.619396,-0.292848,-0.008871,0.155217,-0.022495,-0.242969,-0.22745,0.272179,0.047007,0.207274,-0.083316,0.041711,0.173522,0.337461,0.190243,0.157103,0.143553,0.045043,-0.020247,0.298751,0.33194,-0.083847,0.091135,0.038436,0.07965,-0.052262,0.1144,-0.105615,0.366019,0.287881,-0.118906,0.467378,-0.060169,0.105903,0.191598,-0.015648,0.260093,0.262587,0.241598,0.128796,0.025732,0.336407,0.259956,0.374825,0.030142,0.601752,0.372125,0.013987,0.033322,-0.092191,-0.289438,0.249455,-0.026895,0.155198,0.097746,-0.185264,-0.252253,0.252254,0.27743,0.182286,0.391339,-0.183187,0.050368,-0.149407,-0.700195,-0.217063,-0.104941,0.055357,-0.009805,0.124987,-0.507963,0.128575,0.136745,-0.416302,-0.13823,-0.053774,-0.051656,0.018514,-0.115711,0.00735,0.219089,-0.302339,#
18,0.109118,-0.216033,0.103482,-0.137137,-0.0354,0.001785,0.214477,0.134738,0.30475,-0.199498,0.13248,-0.223451,-0.026104,0.174171,-0.016137,-0.043685,0.048316,0.121393,1.0,-0.058631,-0.075898,0.167966,-0.004131,-0.167465,-0.477066,-0.135055,-0.028892,0.333667,0.027821,-0.366985,0.071221,0.224894,0.045935,-0.152207,0.01347,0.05163,0.182269,0.404081,-0.007333,-0.196169,0.244076,-0.122194,-0.137004,-0.037568,-0.089325,-0.22644,0.236198,-0.040667,-0.096255,0.075865,-0.217161,0.279042,0.104472,0.038718,-0.201317,-0.101733,0.07004,-0.02436,0.027363,-0.164782,-0.047875,-0.098132,0.058176,-0.110801,0.044633,0.093649,0.351399,-0.15608,0.011225,-0.033807,0.026284,-0.047454,-0.150786,0.104912,0.073874,-0.158048,0.281074,-0.397795,0.026877,0.088509,-0.082841,0.094706,-0.097539,-0.160826,0.07492,0.139932,0.005013,0.050147,0.003539,0.180333,0.205694,0.113549,-0.050308,0.145247,0.181092,0.087707,0.066075,0.120435,0.018718,-0.151548,-0.066251,-0.072042,0.021192,0.169331,-0.021061,0.098863,0.006171,-0.03602,0.317685,0.087101,0.089405,0.00896,0.231593,0.135021,0.095742,-0.226843,0.133651,0.272162,0.201049,-0.070884,0.049736,-0.019202,0.220136,0.122201,-0.03259,0.14516,-0.027262,0.241092,0.190484,0.183309,0.268495,0.332387,-0.008004,-0.174015,0.279706,-0.016244,0.15315,0.100083,-0.106958,-0.035597,0.116547,0.047357,-0.086155,0.035261,0.114541,0.09397,0.125794,0.11047,0.012966,0.219539,0.243611,0.123518,0.228848,-0.140957,0.13956,-0.026014,0.123036,0.072556,-0.005282,0.016684,-0.055268,0.047308,-0.053299,0.101372,0.49186,-0.06843,0.139125,-0.060439,-0.160177,0.346185,-0.293543,0.355059,0.231844,0.032126,-0.133486,0.128779,0.103895,0.002323,-0.099544,0.134494,-0.014277,0.195359,-0.126795,-0.066071,-0.098562,0.16493,0.284035,0.010203,-0.04709,-0.290901,0.190328,-0.191673,-0.041237,-0.034129,0.05466,0.124778,-0.018573,0.065464,0.094353,-0.11429,#
19,-0.200191,-0.076955,0.019032,0.151708,-0.082997,-0.080466,-0.084594,-0.045737,-0.048724,-0.015186,0.141542,-0.296005,-0.039507,-0.108597,-0.103012,-0.214901,-0.130167,0.196155,-0.058631,1.0,-0.018634,0.195937,0.005747,0.159412,-0.048467,0.151049,0.16993,0.158765,-0.113418,0.080334,0.327754,-0.078165,0.130416,0.05858,0.2101,-0.218903,0.037501,-0.04888,-0.034639,0.011247,-0.105528,0.162737,-0.13172,-0.020043,0.045697,-0.092658,-0.129418,-0.008365,-0.110327,-0.123215,0.073773,0.053927,-0.070069,-0.025231,-0.183275,0.084818,-0.054775,-0.022201,0.006988,-0.34286,0.047886,-0.093927,0.144324,-0.124429,0.022954,-0.015663,0.302513,-0.012469,0.025774,0.274611,-0.089193,0.050989,0.064853,0.252372,0.140299,-0.188936,0.132834,0.008144,0.115825,0.119604,0.160321,0.164491,0.11866,0.04715,0.154181,0.182279,-0.029652,0.113535,0.145095,-0.021181,0.008991,-0.013693,-0.136734,0.191347,0.131425,0.08701,0.187525,0.047845,0.092841,0.080897,-0.262831,-0.117921,-0.047188,0.243787,0.196659,0.227008,0.006651,0.275171,0.116904,0.162139,0.467818,-0.180163,0.133668,-0.074006,0.215951,0.234827,0.242415,0.030413,0.216756,-0.033551,0.072955,0.2294,0.090677,-0.117081,-0.31697,0.243802,0.121963,0.148776,0.084314,-0.064891,0.090851,0.117987,0.106945,0.018694,0.199548,-0.017151,-0.180094,0.211658,-0.058869,0.258954,0.298766,0.008082,0.093443,-0.004984,0.155861,0.155454,0.284254,0.009441,0.218631,0.329966,0.105322,0.00056,0.275394,0.353501,0.180897,0.330774,-0.043331,-0.246512,0.30719,0.134707,0.023148,0.190554,0.038696,0.400384,0.119096,-0.061758,0.145592,0.114046,-0.004304,0.087073,-0.196301,-0.167451,0.099941,0.199899,-0.070076,0.243155,0.334687,-0.068562,0.044346,0.173506,-0.045147,-0.060301,-0.416967,0.059026,-0.122498,0.272655,-0.151137,0.072885,-0.223329,0.053344,0.024413,-0.209687,-0.237604,-0.171752,-0.095982,-0.103226,-0.1688,0.169337,-0.020844,0.008044,#
20,-0.267298,-0.030303,-0.306264,-0.145879,0.105406,0.261118,0.099362,0.035348,-0.191491,0.141665,-0.019294,-0.132076,-0.0828,0.137764,-0.091652,0.000198,-0.09871,0.146147,-0.075898,-0.018634,1.0,-0.094392,0.151127,-0.141889,-0.005551,0.0733,0.078629,-0.008371,-0.026614,0.22831,-0.021237,-0.019762,0.256276,-0.042379,0.015361,0.093408,-0.069212,-0.123405,0.014255,-0.092434,0.055973,-0.041206,0.230018,0.109194,-0.001232,-0.044249,-0.223904,0.117644,0.236584,-0.318693,0.019967,-0.290754,0.055572,-0.084849,-0.179112,-0.053002,0.260562,-0.211683,0.208743,0.25247,-0.057179,-0.066818,-0.171625,-0.045089,-0.296734,0.135165,-0.121051,0.28211,0.08219,0.096021,0.037849,-0.018827,-0.026635,0.054815,0.152737,0.009798,0.225819,0.176242,-0.193666,-0.002058,-0.097656,-0.029372,-0.097419,-0.08861,0.01052,-0.046846,-0.052462,0.123491,0.069328,0.220374,-0.307339,-0.030576,-0.057921,-0.124479,-0.030117,0.00669,-0.12799,-0.088917,-0.145318,0.160244,-0.073143,0.110228,-0.079263,-0.145283,0.029276,-0.091836,-0.062974,-0.220638,0.112473,-0.300305,0.181343,0.11062,-0.154951,-0.228749,0.117132,0.014987,0.010179,0.017747,-0.070489,-0.094868,0.153036,0.024113,0.096821,0.016625,-0.188167,0.151616,0.001113,0.204791,0.062847,-0.06148,-0.120979,0.05004,-0.233734,0.090572,-0.026234,0.035859,-0.222592,-0.033617,0.109571,0.079634,-0.091386,-0.111743,-0.060896,-0.156921,-0.105639,-0.051688,0.224886,0.217404,0.048324,0.047737,-0.226604,-0.016679,-0.018096,-0.148768,-0.08284,-0.039646,0.049249,0.098093,-0.175453,-0.010789,0.012812,0.029261,-0.031097,0.199747,-0.191795,0.081902,-0.023696,-0.023952,-0.172611,0.235086,0.05642,-0.138932,-0.179924,-0.088845,0.038115,-0.071323,0.02797,-0.103457,-0.045644,-0.132542,0.168834,-0.143503,-0.072179,0.203492,0.124214,-0.322078,-0.021295,-0.241717,0.069517,0.031401,-0.017262,0.158604,-0.018949,-0.265857,0.070379,0.130714,-0.086242,-0.057368,-0.020365,0.057195,#
