0,1.0,0.188572,0.008508,-0.171745,0.337746,0.000223,0.05359,-0.033174,0.342225,-0.000469,-0.234547,0.128803,0.124189,0.092622,0.344467,-0.06539,0.096208,0.028924,-0.059424,-0.045791,-0.276694,-0.043265,-0.194992,-0.115156,0.223806,-0.254038,0.035842,-0.210423,0.265277,0.094078,-0.438719,0.023513,-0.074679,-0.052752,-0.085163,0.109257,0.193983,-0.010157,-0.0713,0.062848,0.03734,-0.244084,-0.297179,0.081647,0.210535,0.005829,0.300295,0.108719,0.070844,0.125111,-0.220621,-0.198359,0.154521,0.029723,0.06223,-0.006429,-0.124739,0.10147,-0.141892,0.215745,0.134106,0.237203,0.173209,-0.21066,-0.071909,0.038373,-0.069208,-0.028458,0.165567,-0.105721,0.025514,-0.312676,0.031227,-0.153475,-0.121607,0.079775,-0.106335,-0.29155,-0.121574,-0.03563,0.099291,-0.316599,-0.028873,-0.427901,-0.01189,-0.036238,-0.341833,-0.126492,-0.143151,-0.338477,0.059942,-0.244114,0.023873,0.077564,-0.104694,-0.081319,-0.21614,-0.124004,0.013794,-0.214613,-0.037378,-0.257008,-0.234949,-0.123571,-0.070572,-0.194911,-0.019412,-0.125706,0.057327,-0.409766,0.066001,-0.107037,0.011098,-0.270541,-0.12713,-0.355121,-0.182863,-0.263013,0.094646,-0.412641,0.032285,-0.096359,-0.230675,-0.064866,-0.008154,-0.088517,-0.139609,0.108242,-0.162776,-0.018962,0.13355,-0.306982,-0.207533,0.020772,-0.013902,-0.222336,-0.019571,-0.206785,0.11385,-0.202346,-0.090312,-0.334162,0.079838,-0.263594,-0.344567,-0.107075,-0.064905,0.177899,-0.260788,-0.133463,-0.264281,-0.032248,0.414881,-0.194122,0.030233,0.082426,0.150352,0.19902,-0.207845,-0.03522,-0.197922,-0.070579,0.025816,-0.014863,-0.121214,0.194022,-0.035014,0.101914,-0.130524,-0.3263,0.005507,0.103857,0.043643,-0.179107,0.111847,0.000591,0.104448,0.119448,0.241856,-0.421211,0.114983,-0.002481,-0.119906,0.162325,0.126695,-0.157641,0.384674,-0.052856,-0.055907,0.2645,-0.261467,0.037163,0.167463,0.185974,-0.063631,0.081183,-0.09306,-0.235673,0.048481,-0.077556,#
1,0.188572,1.0,-0.172753,0.014679,0.208488,0.184853,-0.096736,-0.253067,0.071839,0.000826,-0.047193,-0.005563,0.037633,0.123645,0.142966,-0.095328,-0.209385,0.122623,-0.185507,-0.003386,0.159776,0.305198,0.199949,0.029116,0.057067,-0.284988,0.167245,0.044634,0.248945,0.355142,-0.355472,-0.080275,0.112119,-0.234547,-0.097723,0.079037,0.270789,-0.443881,0.220577,0.151436,0.207932,0.075356,0.157557,0.063644,-0.131846,0.178574,0.066644,0.353468,-0.041551,-0.093653,-0.066914,-0.306341,0.074515,-0.042645,0.018015,-0.087043,-0.059208,0.291389,-0.035776,0.169916,0.093959,-0.023293,0.090575,0.050052,-0.069185,0.22875,-0.046573,0.363278,0.41648,0.085907,-0.283823,-0.119861,0.211912,-0.085609,-0.195116,0.07285,-0.269135,-0.02779,-0.171186,-0.124803,-0.286294,-0.482118,-0.215001,-0.103558,-0.085813,-0.232223,-0.072361,-0.343916,-0.164804,-0.176026,-0.265008,-0.180757,-0.168451,-0.078456,-0.281087,-0.105173,-0.372537,-0.220946,-0.187124,-0.227287,0.072945,-0.110171,-0.14206,-0.180833,0.024104,-0.263096,-0.356228,-0.2024,-0.059748,-0.078835,0.103846,-0.097961,-0.443727,-0.404063,0.125727,-0.11101,-0.225488,-0.026273,-0.109761,-0.170576,-0.243641,-0.301631,-0.186497,-0.224434,0.030982,-0.093099,0.011856,0.154806,0.029693,-0.212626,-0.010118,-0.27135,-0.261574,-0.13309,-0.169402,-0.286424,-0.173147,-0.249898,0.312926,-0.364855,-0.260425,-0.071435,0.023391,-0.389191,-0.006574,-0.198938,-0.09042,0.132341,-0.149057,-0.09712,-0.344542,-0.285543,-0.100764,-0.16906,-0.054892,-0.011598,-0.136358,0.258908,-0.011731,-0.286791,0.004292,-0.042056,-0.253811,0.077458,-0.298858,0.337637,0.023461,-0.354771,-0.00534,-0.18176,-0.136847,0.040782,-0.342551,-0.048386,0.136219,-0.144522,-0.114161,-0.128597,0.337004,-0.215968,0.312776,-0.063936,-0.193109,0.232519,0.374693,-0.377755,-0.043173,-0.100984,0.022453,0.377028,-0.144922,0.272329,0.326133,0.289075,0.12927,-0.283689,0.076954,-0.308014,-0.087312,0.161602,#
2,0.008508,-0.172753,1.0,0.193547,-0.005284,-0.054165,0.138786,0.013582,0.328994,-0.050548,0.076138,0.18829,-0.191958,0.049195,-0.056565,-0.209909,-0.169932,0.202401,0.192146,0.246689,-0.326954,-0.120094,0.017899,0.151493,0.031013,-0.058485,0.069508,-0.12122,0.280907,-0.222488,0.038143,0.295249,-0.36331,0.159043,-0.200736,0.010513,-0.019834,0.025394,0.057439,-0.354092,-0.236231,0.172397,-0.090688,-0.112502,-0.041224,-0.227429,0.215103,0.079163,-0.193798,0.286575,-0.028572,0.206117,-0.149555,0.116483,-0.178838,-0.105998,-0.057471,-0.073729,-0.466927,-0.16222,0.201381,0.081312,-0.03277,-0.154632,0.007645,0.012953,0.149363,-0.108505,-0.138099,0.198073,0.1855,0.04723,0.065662,0.180416,-0.135284,0.189633,-0.045081,-0.095383,0.057771,-0.194001,-0.056187,0.104034,-0.128048,0.47256,0.01868,0.155125,-0.173149,-0.089235,-0.05014,-0.129342,0.184424,0.034639,0.181869,0.261646,0.02111,0.177832,0.169179,-0.051468,0.03499,0.083719,-0.23745,-0.17079,-0.130427,0.177578,-0.08923,0.175865,0.24053,0.256795,-0.003937,0.208693,0.154197,-0.142614,0.132637,0.207677,0.017005,0.036384,-0.224188,-0.078446,0.122074,0.136778,-0.101805,0.227843,0.162988,-0.091976,-0.147244,0.245127,0.144617,-0.255875,-0.112319,-0.053441,0.321339,0.207257,-0.04524,0.072907,0.098808,0.092789,0.090219,0.237697,-0.003725,0.018463,0.329477,0.128126,-0.13503,-0.229187,0.084713,0.071198,0.15334,-0.014155,-0.204801,0.102848,0.218238,0.277078,0.352436,0.245141,0.211491,-0.055999,0.001228,0.128764,0.271209,0.002077,0.078006,-0.157037,0.351376,0.086996,0.117877,-0.239805,-0.002333,-0.153395,0.184541,-0.088417,-0.010083,0.264991,-0.006489,0.041423,-0.082714,0.168283,-0.022812,0.396486,-0.073453,-0.045192,0.033425,0.190746,0.056956,-0.120239,-0.271809,0.366115,0.072423,0.215338,-0.211649,0.066174,0.159696,-0.211833,-0.189011,0.024499,-0.462391,-0.125522,-0.003486,-0.108028,0.212292,-0.110521,#
3,-0.171745,0.014679,0.193547,1.0,-0.077522,-0.135377,-0.130373,0.005042,-0.324628,0.007553,-0.100092,-0.06775,-0.124098,-0.121827,-0.052135,0.133273,-0.073677,-0.063008,-0.196728,0.124826,-0.109549,0.015223,-0.243601,0.076535,-0.055892,0.106089,-0.203456,-0.016851,0.012929,-0.244481,0.082309,-0.079313,0.011942,0.309452,-0.086696,-0.24797,-0.072933,0.194788,0.070094,0.050596,-0.056733,0.015299,0.132862,-0.194997,-0.039785,0.253682,-0.272816,-0.357834,0.098619,0.106756,-0.018691,0.128985,0.146346,0.136015,-0.185961,0.017012,0.03758,0.073386,-0.117277,-0.168101,-0.0303,-0.013405,0.165337,0.234457,-0.134125,-0.319176,-0.151888,-0.141393,-0.271343,0.030979,-0.049473,0.055951,0.190684,0.228153,-0.125086,0.14725,0.14276,0.4827,0.313619,-0.11469,0.112481,0.199921,0.031073,0.138651,0.088431,0.077152,0.142148,0.001486,0.114713,-0.032182,0.02678,0.117081,0.256291,0.070282,-0.053377,-0.096303,-0.003591,0.188597,0.03827,0.213788,-0.086445,0.164855,0.283549,0.259777,0.063605,0.081897,0.069638,0.13544,-0.094559,-0.054313,-0.203937,-0.142697,-0.039592,0.199422,0.018261,0.404783,0.284953,0.004871,-0.239735,0.310903,0.190491,-0.020259,0.161771,0.321008,0.105716,0.164436,-0.019845,-0.147054,0.104475,0.263597,-0.225423,0.023747,0.121457,0.188202,0.189243,0.27251,0.25273,0.147678,-0.224329,0.185925,0.024141,0.215347,0.138405,0.013476,0.24164,0.259729,-0.130509,-0.265902,0.047566,-0.102136,-0.071745,0.116699,0.048459,0.234707,0.202639,0.24198,-0.275627,-0.148166,0.194289,0.10577,0.252288,0.137367,0.189748,-0.086421,-0.131026,-0.23373,0.008052,-0.163265,0.273246,0.101573,-0.073967,-0.283324,0.003521,0.209366,-0.240386,0.176394,-0.005296,-0.097268,-0.476959,-0.038803,-0.11768,-0.319137,0.283674,-0.023651,-0.242342,-0.056163,-0.198788,-0.044418,0.196957,-0.248154,0.081839,-0.02459,-0.274582,-0.200412,-0.014612,-0.026123,-0.067897,0.062575,-0.127702,0.059622,#
4,0.337746,0.208488,-0.005284,-0.077522,1.0,-0.001023,0.135199,0.15002,0.207772,0.071139,-0.23404,0.187193,0.13185,0.064115,0.031078,-0.082997,0.128403,0.150449,-0.143392,0.16397,0.150329,-0.085402,0.243672,-0.125395,-0.060739,-0.203593,0.038764,-0.086135,0.199294,0.136222,-0.21246,0.006681,-0.074236,-0.066348,-0.017454,0.201629,0.277982,-0.401216,-0.136986,-0.135218,0.083041,0.061091,-0.034939,-0.081362,0.114642,0.037225,0.189311,0.297419,0.321429,-0.08045,-0.018944,-0.522542,0.137542,-0.297473,-0.029965,-0.195391,-0.114941,-0.059243,0.18919,0.042557,0.007643,0.181109,-0.127573,-0.109095,-0.13051,0.18759,0.06958,0.100334,0.26102,0.010844,0.054889,-0.440249,0.009622,-0.427761,-0.151344,0.11599,-0.281624,-0.148288,-0.423134,-0.160812,-0.128808,-0.347508,-0.261855,-0.015518,-0.207577,-0.037361,-0.523656,-0.083104,0.092879,-0.205167,-0.332038,-0.28685,-0.074927,-0.414691,-0.329609,-0.340942,-0.558426,-0.338778,-0.215553,-0.198966,-0.150456,-0.402716,-0.291799,-0.128145,-0.2046,-0.328234,-0.098228,-0.203889,-0.071444,-0.30332,0.227284,0.120227,-0.141149,-0.454391,-0.177438,0.134004,-0.210886,-0.432677,0.100273,-0.242058,-0.126188,-0.114293,-0.31939,-0.45072,-0.06537,0.198622,-0.258196,0.236024,-0.03521,-0.370672,0.033729,-0.014976,-0.224815,0.204935,-0.353304,-0.30939,-0.154766,-0.250908,0.122895,-0.238066,-0.185879,-0.238935,-0.090539,-0.140365,-0.411359,-0.089898,0.080427,0.216686,-0.35355,-0.229284,-0.474201,-0.092255,0.142975,-0.260225,0.017257,-0.175661,0.157309,0.38127,-0.319382,-0.132104,0.068111,-0.061514,-0.153263,0.12502,-0.165197,0.228019,0.051659,-0.078014,-0.312704,-0.024359,-0.07056,0.279751,-0.329966,-0.206983,0.017474,-0.029689,-0.083667,0.253749,0.27509,-0.44151,0.20592,-0.113428,-0.004996,-0.032211,0.221025,-0.283502,0.046769,-0.05351,-0.177176,0.133278,-0.262937,0.197999,0.300148,0.067444,-0.120064,0.106825,0.387834,-0.287656,-0.16458,0.033936,#
5,0.000223,0.184853,-0.054165,-0.135377,-0.001023,1.0,0.270172,0.247185,0.150979,0.003291,0.06636,0.222008,-0.177881,0.230287,-0.148082,-0.103813,-0.092018,-0.03219,-0.011538,-0.200652,0.201295,0.118493,0.206862,-0.384228,0.251912,-0.198843,0.091638,-0.011828,-0.06628,0.264162,-0.152173,0.071994,-0.092315,-0.179623,-0.243897,0.26421,0.050537,-0.101534,0.070423,-0.01255,0.201731,0.033194,0.225809,0.045002,-0.204421,0.158661,0.042244,0.250439,0.121363,-0.056422,0.006516,-0.037861,0.168766,-0.165671,0.153138,0.176526,-0.161939,0.191532,-0.103455,0.174307,0.000839,-0.017551,-0.026883,0.079134,-0.126486,0.050818,-0.003932,0.329614,0.179972,-0.043734,-0.079786,-0.238398,0.081018,-0.192042,-0.152916,0.125017,-0.054288,-0.113845,-0.030704,-0.121933,-0.149815,-0.380776,0.096024,-0.099905,-0.177431,0.196686,-0.113715,0.001816,-0.09058,-0.108746,0.013943,-0.073761,-0.005823,-0.214039,-0.062306,-0.166507,-0.041294,-0.071953,0.125837,-0.273449,0.120538,-0.152355,0.166806,-0.31642,-0.063204,-0.324034,0.056293,-0.415552,0.042493,-0.142191,-0.093212,0.149697,-0.173329,-0.32269,0.123131,-0.250396,-0.164679,-0.211386,0.080197,-0.065722,0.00387,-0.131567,-0.105125,-0.262873,0.032072,-0.092091,0.134831,0.169221,-0.12329,-0.054312,-0.104009,0.038207,-0.056673,-0.157051,-0.01189,0.097834,0.079999,-0.119409,-0.007144,-0.23529,-0.188414,-0.160667,-0.154104,-0.153776,0.042931,-0.1748,0.049313,0.201336,-0.088502,-0.108194,-0.101655,-0.054866,0.008367,0.007369,-0.082223,-0.06575,0.203761,0.040352,-0.061048,0.090222,-0.068139,0.168292,-0.078097,0.078294,0.102416,0.264753,-0.035268,-0.1397,-0.03229,-0.085937,0.107415,0.108863,0.007704,-0.098008,0.296062,-0.202309,-0.048952,0.185307,0.157088,-0.158217,0.056428,-0.048552,-0.121532,0.283821,0.276424,-0.246085,0.103947,-0.09779,-0.128982,0.267812,-0.057142,0.05633,0.196105,0.227843,0.234592,0.278571,0.109824,-0.256841,-0.163513,0.135192,#
6,0.05359,-0.096736,0.138786,-0.130373,0.135199,0.270172,1.0,0.308395,0.214353,0.07059,0.224649,0.057198,-0.0108,0.027319,-0.01921,0.162743,-0.017864,0.065251,0.186805,-0.018662,0.155898,0.12199,0.040542,-0.180727,-0.022528,-0.09977,-0.003684,-0.075347,0.225939,0.075721,-0.326284,0.151355,0.184207,-0.297325,0.049681,0.05949,0.085678,-0.002161,-0.116041,-0.18892,-0.096148,0.028296,0.004728,-0.046854,-0.001583,-0.082199,0.094851,0.122341,0.143073,0.156175,0.034715,-0.1126,-0.011037,-0.010607,-0.130611,-0.123472,0.129562,-0.090252,-0.16422,0.149164,0.021332,0.009869,-0.144089,0.016871,-0.163232,-0.131054,0.106781,0.075919,0.196302,0.043335,0.029405,-0.294652,0.031547,-0.079868,-0.134817,0.15068,0.049275,-0.27979,-0.397212,-0.190501,-0.120696,-0.164488,0.022775,-0.147021,-0.141431,0.174166,-0.214296,-0.043842,-0.15082,-0.075611,-0.00285,-0.119521,0.049359,-0.199749,-0.148992,0.05504,-0.189998,-0.317182,-0.256794,-0.087006,0.055297,-0.273983,-0.088561,-0.216517,0.027485,-0.14356,0.102261,-0.132097,-0.156035,-0.08594,-0.104369,0.1305,-0.028081,-0.105052,-0.097999,-0.168416,-0.292172,-0.206437,-0.011484,-0.044587,0.01862,0.013433,-0.083779,-0.279442,-0.316695,0.180525,-0.148224,0.216572,-0.169621,-0.22799,-0.044367,-0.14199,-0.098662,0.085655,-0.07948,0.009546,0.042685,-0.332553,-0.009849,-0.107972,0.033173,-0.158472,-0.060567,-0.153833,-0.176191,-0.169041,-0.032921,0.21327,-0.12059,-0.011424,-0.113774,-0.083395,0.035583,-0.054758,0.0701,-0.145831,0.028566,0.276386,-0.174472,-0.191304,-0.036505,-0.192192,-0.044428,0.113228,-0.049189,0.216911,-0.144374,-0.036289,-0.002283,-0.081798,0.067763,0.11474,-0.070944,-0.219578,0.135122,-0.07228,-0.125136,0.342256,0.140527,-0.272033,0.123558,-0.020247,0.183112,0.417952,-0.055658,-0.012124,0.129206,-0.172221,-0.034292,0.043703,-0.143903,0.200084,0.215432,0.144117,0.104188,0.31873,0.129688,-0.212859,-0.006394,-0.109484,#
7,-0.033174,-0.253067,0.013582,0.005042,0.15002,0.247185,0.308395,1.0,-0.093989,-0.124479,-0.072745,-0.176881,0.032261,0.209211,0.16453,-0.046797,-0.128932,-0.278247,0.062924,-0.171722,-0.027498,0.109047,-0.014102,-0.245171,-0.040987,0.108791,0.100104,-0.071564,-0.069649,-0.041547,0.043858,0.063826,0.064055,-0.140021,0.019479,0.1239,0.10521,0.194062,-0.148877,-0.339623,0.095762,0.301669,0.206253,0.043301,-0.072549,0.087454,0.145958,-0.098139,0.055827,-0.166648,-0.333321,0.000203,0.016295,-0.400198,-0.047612,0.065883,-0.066796,-0.013692,-0.03573,0.101417,-0.197057,0.122403,-0.374506,0.142424,0.162122,0.173341,0.113071,0.179618,-0.094171,-0.235311,-0.064919,-0.299269,0.086807,-0.144186,-0.097992,0.040643,0.09436,-0.157193,-0.276482,-0.08627,-0.025375,-0.273283,0.142395,-0.199425,-0.097297,0.195395,-0.078022,-0.014831,-0.067162,-0.057335,0.039637,-0.170766,0.06589,-0.207279,0.026053,0.129604,-0.210156,0.030187,-0.028598,-0.109384,0.03044,-0.252965,0.199751,-0.207279,-0.101174,-0.229715,0.187301,-0.30789,0.030625,-0.184862,-0.104623,0.404199,0.07625,0.13133,-0.096321,0.054422,-0.143051,-0.081158,-0.128415,0.11137,-0.040262,-0.05735,-0.14313,-0.112876,0.00723,0.035095,-0.14351,0.028113,0.116327,-0.008751,0.074242,0.024132,-0.092017,-0.117723,-0.02829,0.083438,0.186787,-0.025409,-0.140902,-0.091318,-0.056411,-0.274324,-0.195262,0.178786,-0.050869,-0.215731,-0.241161,-0.019387,-0.008901,-0.074366,0.042193,0.159636,0.138504,0.110588,0.05771,-0.172504,0.285548,0.004536,-0.339387,0.073054,-0.059421,-0.108779,0.056814,0.034715,-0.08566,0.141543,-0.229502,0.032735,-0.207017,-0.074312,-0.080725,0.209014,-0.040262,0.10051,0.10089,0.041845,-0.136157,0.164987,-0.15142,-0.045253,-0.064456,0.01459,0.110488,0.06074,-0.019989,-0.078398,0.060219,0.20776,0.02269,-0.112217,-0.152071,0.150117,0.084737,0.094029,0.026912,0.227148,0.055137,-0.082281,-0.076742,-0.077684,#
8,0.342225,0.071839,0.328994,-0.324628,0.207772,0.150979,0.214353,-0.093989,1.0,0.002308,0.088543,0.319279,0.078409,0.242518,-0.022481,-0.122419,0.077346,0.306101,0.307181,0.202625,-0.26458,-0.239659,0.274959,-0.191608,0.018415,-0.280888,0.103943,0.055029,0.198031,0.02417,-0.259799,0.210488,-0.19519,-0.097211,-0.147786,0.156399,0.400616,-0.216124,-0.008136,-0.172476,-0.066497,0.094113,-0.236236,0.048294,0.206208,-0.191658,0.421128,0.367459,-0.032628,0.242381,0.128035,-0.094583,0.018109,0.15708,-0.229443,0.256457,-0.128921,0.096171,-0.217594,0.251223,-0.229612,0.038068,-0.092846,-0.155391,-0.049808,0.279403,0.319308,0.217091,0.26498,0.225858,0.252437,-0.155852,-0.155272,-0.073248,-0.19416,0.085877,-0.0057,-0.353281,-0.10353,-0.031135,-0.036885,-0.249818,-0.027641,0.187025,0.014158,0.160207,-0.292715,-0.180435,-0.136058,-0.186833,0.08358,-0.047532,-0.113297,0.154487,-0.192684,0.081057,-0.000414,-0.211066,-0.052143,-0.169611,-0.189825,-0.269363,-0.261249,-0.049354,-0.055387,-0.036281,0.033903,0.061649,0.040934,-0.022438,0.197055,-0.126476,0.205397,-0.040204,0.045708,-0.425476,-0.151138,-0.205511,0.275781,-0.243074,0.036462,0.004073,-0.191008,-0.549831,-0.166841,0.018006,-0.097159,0.128201,-0.201197,-0.12091,0.310567,0.196234,-0.150459,-0.049685,-0.014678,-0.131867,0.094935,0.068884,0.250735,-0.072362,0.291399,-0.029419,-0.1951,-0.21945,-0.122802,-0.265646,0.208716,0.362828,-0.150498,0.065723,0.041474,-0.088737,0.299458,-0.076438,-0.002837,-0.121214,0.141937,0.311261,0.007195,0.058804,-0.067215,-0.125635,-0.026522,0.338557,0.216991,-0.016132,-0.118425,-0.158826,-0.03527,-0.035452,-0.020919,0.253999,0.138449,-0.149147,-0.052521,-0.126766,0.025753,0.140981,0.119314,-0.2893,0.251091,0.120343,-0.270945,-0.034824,-0.019723,0.220907,0.187702,0.041022,-0.504196,0.190876,0.078705,-0.15173,-0.011143,0.163293,-0.148105,0.106723,0.001384,-0.229049,0.11374,0.062756,#
9,-0.000469,0.000826,-0.050548,0.007553,0.071139,0.003291,0.07059,-0.124479,0.002308,1.0,-0.174265,0.210537,0.245653,0.297373,-0.380258,0.131409,-0.278783,0.179396,-0.150733,0.143863,0.012095,-0.0559,0.035027,-0.161821,0.14373,0.029915,0.132502,-0.42797,-0.09697,0.145249,0.017788,-0.139529,0.028151,0.246005,0.094822,0.260767,-0.094659,-0.287628,-0.199548,0.03489,-0.064372,0.092856,0.160185,0.076341,0.078264,-0.121328,-0.111319,0.137777,-0.053391,0.13333,0.044718,-0.207763,0.019871,-0.038906,-0.092177,-0.096056,-0.041255,0.02552,0.225165,0.013486,-0.036838,0.190852,0.112246,-0.033933,-0.260091,-0.002028,0.145499,-0.010033,0.034522,-0.069829,-0.075747,-0.260474,-0.072621,-0.090008,0.107696,-0.209392,0.054758,-0.033307,0.084835,0.193146,-0.056439,0.020412,0.015537,-0.175634,0.218039,-0.288153,-0.028505,-0.004765,-0.052057,0.292841,-0.316882,0.007516,0.011792,0.091934,-0.106787,0.088975,-0.136503,0.03001,-0.152805,0.113408,-0.174965,0.077911,0.192993,0.179748,-0.078331,0.060349,-0.003841,-0.046314,-0.106805,0.012828,-0.019579,0.150869,0.018748,0.029278,-0.0389,0.019811,-0.130701,-0.10915,0.273566,-0.15513,0.103812,0.299294,-0.012896,-0.109348,-0.272155,0.239597,-0.195039,-0.099202,0.118291,0.253365,-0.170557,0.302485,-0.052549,0.546267,-0.133596,0.096732,-0.092076,-0.085011,0.155592,-0.056065,0.140957,-0.140721,0.23556,0.148666,0.134212,0.18229,0.206939,0.018797,-0.161447,0.187838,-0.332087,-0.155406,-0.16491,0.144378,0.341226,0.163766,0.017788,0.236868,0.019372,0.085084,0.090627,0.159065,-0.234858,0.320164,-0.042013,-0.082042,0.092481,0.135871,0.064754,0.179335,0.082402,-0.131661,0.205784,-0.166898,0.079387,0.152385,-0.134536,0.006724,0.145979,-0.05349,0.038544,-0.140657,-0.18023,0.016946,-0.17368,-0.0617,0.141366,-0.058595,-0.179502,0.163455,-0.080337,-0.219563,-0.021688,-0.052216,0.076559,-0.110461,-0.016064,0.015275,0.177686,-0.027054,#
10,-0.234547,-0.047193,0.076138,-0.100092,-0.23404,0.06636,0.224649,-0.072745,0.088543,-0.174265,1.0,0.093303,-0.268309,-0.256772,-0.019162,0.129831,0.30886,-0.154722,0.259703,-0.032991,0.066454,0.26733,0.00506,0.218478,-0.142055,0.141266,-0.24734,0.254705,0.172092,-0.044176,-0.134496,0.069692,-0.298511,-0.254649,0.335892,-0.051398,0.035915,0.042781,0.106333,0.219534,-0.206589,-0.082981,-0.038866,-0.247684,-0.058989,0.178639,-0.18341,-0.359043,0.081085,0.002148,0.099507,0.091177,-0.105824,0.188209,-0.065326,0.028581,-0.127732,-0.084106,-0.084341,-0.118603,0.091358,-0.190739,0.193053,0.148748,0.297562,-0.11512,-0.054594,-0.168384,-0.066349,-0.047721,-0.148985,0.261608,0.13664,-0.002931,0.003247,0.199653,-0.057198,0.020633,-0.002589,-0.161685,-0.046195,0.042014,-0.309013,0.223117,-0.078677,-0.019391,0.079195,0.030166,-0.240976,-0.015761,0.202775,-0.136385,-0.045126,-0.049955,-0.085722,0.04035,-0.059377,-0.095745,-0.269791,-0.051611,0.167,0.049559,-0.350877,-0.059567,0.232167,0.035872,-0.068719,0.220199,-0.253273,0.51552,-0.222328,-0.17395,-0.126518,0.121905,-0.043633,-0.004376,-0.120099,0.047547,-0.044619,0.267662,-0.195026,-0.08154,-0.130819,0.031678,-0.002834,-0.165344,0.009379,-0.07918,-0.027564,-0.043713,0.155247,-0.174346,0.113587,-0.1841,0.225667,0.168079,0.040673,-0.173874,-0.179556,-0.056588,0.009251,0.243207,-0.064233,-0.084024,0.007374,0.130695,0.103573,-0.131385,0.091949,-0.199422,0.193232,0.055466,-0.293931,-0.08361,-0.228785,-0.36155,-0.217615,-0.040071,0.110018,-0.100621,0.124452,-0.054686,-0.133569,-0.172766,0.001951,-0.060251,-0.24988,-0.032246,0.060401,-0.00502,0.130308,-0.171222,-0.095993,-0.086639,0.046916,-0.43271,-0.36696,0.225634,-0.107365,0.088314,0.017366,0.08707,0.075524,0.271986,0.020892,0.167895,-0.21588,-0.116095,0.361501,-0.050797,-0.093925,0.339814,-0.010775,-0.052536,0.080897,0.175571,0.267713,-0.153038,-0.121638,0.029362,#
11,0.128803,-0.005563,0.18829,-0.06775,0.187193,0.222008,0.057198,-0.176881,0.319279,0.210537,0.093303,1.0,-0.117116,0.021109,-0.150463,-0.024592,0.088828,0.002121,-0.095748,-0.09124,-0.109677,-0.086611,-0.023135,0.081404,0.253908,-0.143551,-0.132338,-0.251241,0.296784,0.15985,-0.293459,0.147254,-0.414574,-0.007559,-0.214879,0.364097,-0.074463,-0.182457,0.156864,0.109167,0.11281,-0.059726,-0.151739,-0.018175,-0.002343,0.096357,-0.017208,0.066541,0.21619,0.140795,0.167322,-0.137883,-0.15882,-0.044617,0.084298,-0.030761,-0.317766,-0.081129,-0.171639,-0.135161,-0.150466,0.077013,0.195826,-0.146664,0.002541,-0.143432,0.01386,-0.06294,0.231342,0.037271,0.094642,-0.2356,-0.069665,-0.170758,-0.13266,0.193294,-0.202158,0.028969,0.000406,-0.289091,-0.050674,-0.107298,0.048839,0.124289,0.034186,0.038327,-0.21201,-0.234289,-0.11761,-0.109797,-0.009304,0.030963,-0.011405,-0.089714,-0.218184,-0.033594,-0.140156,-0.231105,-0.024785,-0.132785,-0.127304,-0.001249,-0.040284,-0.101603,-0.062859,-0.024109,-0.002035,-0.111031,-0.140941,-0.08664,-0.192687,0.099422,-0.167861,-0.212721,-0.105562,-0.027025,-0.03725,-0.2029,0.052345,-0.051977,0.102668,0.040321,-0.198111,-0.190287,0.132817,0.034451,-0.092073,-0.172451,-0.140005,-0.156989,-0.050078,-0.065091,0.016122,0.15665,-0.136004,0.060899,-0.038812,-0.1003,0.220901,-0.181173,0.177903,0.061085,-0.083604,-0.172748,-0.08753,-0.161591,0.245388,0.017495,-0.144726,-0.267369,-0.155506,0.008207,0.133047,-0.113491,-0.082943,-0.170371,0.2181,-0.062555,0.09856,0.059815,0.184804,0.037831,-0.087016,-0.051284,-0.128619,-0.105606,0.088887,-0.12031,0.236791,0.067211,0.038488,-0.086064,-0.009692,-0.380104,0.137994,-0.23097,-0.22017,0.01275,0.171614,-0.12924,0.072307,0.018783,-0.023679,0.098438,0.135072,-0.124384,0.089581,-0.141337,-0.2438,0.193297,-0.046576,0.139737,-0.015104,-0.085775,0.018311,0.052783,0.168033,-0.232007,0.055559,0.112519,#
12,0.124189,0.037633,-0.191958,-0.124098,0.13185,-0.177881,-0.0108,0.032261,0.078409,0.245653,-0.268309,-0.117116,1.0,0.199176,0.145395,0.187423,-0.147553,0.217515,0.008071,0.027693,0.071935,0.178316,0.070894,-0.051786,-0.163335,-0.013161,0.238673,-0.052304,0.019773,-0.061657,-0.090809,0.199591,0.252043,0.047087,-0.116645,-0.064024,0.21876,-0.165486,-0.222608,0.021619,-0.055281,0.232388,0.111507,0.281682,0.24989,-0.102622,0.135326,0.122084,-0.056152,-0.026528,-0.012953,-0.181427,0.101263,-0.118968,-0.04459,-0.174242,-0.241087,0.317825,0.132468,0.029752,-0.228183,-0.12934,-0.339113,-0.008926,0.056878,0.290956,0.046466,0.088827,0.218111,-0.151908,-0.13774,-0.258289,-0.142555,-0.066117,0.036304,0.070013,-0.085524,-0.170285,-0.211427,-0.137305,-0.100838,-0.277613,0.090373,-0.17435,0.06755,-0.387423,0.023067,-0.05351,-0.3423,0.022372,-0.091722,-0.365019,-0.087222,-0.089931,-0.05499,0.089338,-0.127982,-0.064279,-0.184817,-0.2854,0.076477,-0.151988,-0.134461,-0.191398,-0.06944,-0.006359,-0.162265,-0.130382,-0.109712,-0.138822,0.199879,-0.121193,-0.002713,-0.108443,-0.129765,-0.128632,-0.124393,-0.101682,-0.055602,-0.260584,-0.030334,-0.113829,-0.125584,-0.194278,-0.331935,0.140348,-0.3206,0.096199,-0.186662,-0.18821,-0.222613,-0.03405,-0.004103,-0.030695,-0.185449,-0.187909,-0.048001,0.025065,0.16915,-0.178204,-0.160768,-0.067707,-0.2639,0.110603,-0.284916,0.021159,-0.096537,0.27395,-0.505451,0.081281,-0.002223,-0.098452,0.012804,-0.16288,-0.269406,-0.112749,0.195404,0.183203,-0.415277,-0.189514,-0.118278,-0.088407,-0.162017,0.065156,0.010394,0.122364,-0.17864,0.011089,-0.214541,0.008187,0.025039,0.136906,-0.030334,-0.163768,0.074331,0.09496,-0.093431,0.019216,0.184195,-0.260025,0.164682,0.072245,-0.108021,0.156679,0.050489,-0.106053,0.094934,0.03551,-0.110504,0.256838,-0.190236,0.083925,0.24453,0.182997,0.022875,-0.001552,0.008259,0.019728,0.046203,-0.013274,#
13,0.092622,0.123645,0.049195,-0.121827,0.064115,0.230287,0.027319,0.209211,0.242518,0.297373,-0.256772,0.021109,0.199176,1.0,0.073631,-0.109711,-0.2303,0.248793,-0.024303,0.109296,-0.108741,-0.081171,0.041669,-0.272861,0.09967,0.038154,0.220138,-0.227231,-0.031804,0.108495,-0.005625,0.140188,0.023783,-0.151121,-0.250368,0.286842,0.143272,-0.164945,-0.205438,-0.30124,-0.02516,0.31015,0.051028,0.215649,0.166702,-0.245277,0.321019,0.224404,-0.052232,0.027696,-0.118175,-0.000318,-0.014717,-0.115508,-0.4192,0.069884,0.280754,0.059294,0.210392,0.22461,-0.218117,0.240153,-0.131799,-0.146171,-0.042157,0.283387,0.263272,0.290286,0.143113,0.012553,-0.040043,-0.188648,-0.095554,0.094511,-0.030101,0.031547,-0.02979,-0.205614,-0.150914,0.185946,0.120313,-0.302223,0.014659,-0.063507,0.172286,0.059753,-0.047741,-0.334183,-0.230543,-0.105704,-0.246324,0.029219,0.029108,0.142345,-0.137979,0.005677,-0.026204,0.007742,0.043857,-0.130229,-0.192602,-0.14848,-0.0106,-0.058586,-0.077669,-0.169574,0.030466,-0.356346,0.170514,-0.276639,0.209236,0.138959,-0.029385,0.134234,0.035867,-0.180918,-0.298826,-0.095573,0.313557,-0.442471,-0.053794,0.000134,0.035564,-0.25736,0.067783,-0.076011,-0.255882,0.014865,-0.121939,-0.107982,-0.012518,0.334229,-0.39661,-0.008343,-0.046685,-0.140607,0.073099,0.257486,0.227244,-0.088357,0.090869,-0.384698,-0.212834,-0.073167,-0.015715,-0.131044,0.088069,0.302543,-0.188262,0.400785,-0.15628,0.148692,-0.102039,0.109727,0.162868,-0.122786,0.323467,0.416357,-0.139526,0.135821,-0.210826,-0.021144,0.021083,0.497474,0.120718,0.203601,0.015306,0.134426,-0.061505,-0.04208,-0.03847,0.180731,-0.161917,0.055101,0.031671,0.049031,0.05655,-0.025121,0.192672,-0.163865,0.184423,0.162727,-0.400905,-0.137261,0.199088,-0.115711,0.15452,0.152411,-0.357148,0.169613,0.029697,-0.247873,0.278975,0.174213,0.01248,-0.232028,-0.247313,-0.142781,0.326821,0.129181,#
14,0.344467,0.142966,-0.056565,-0.052135,0.031078,-0.148082,-0.01921,0.16453,-0.022481,-0.380258,-0.019162,-0.150463,0.145395,0.073631,1.0,0.152207,0.215585,-0.258403,-0.141334,-0.223593,-0.327259,0.070364,0.000425,-0.067486,-0.234401,-0.11405,-0.104778,-0.137161,0.164182,-0.12525,-0.403951,0.353586,-0.02367,-0.128756,0.009618,-0.162056,0.055224,0.225014,-0.001801,-0.086298,-0.03343,-0.082307,-0.197931,0.008469,0.208873,0.182913,0.506261,-0.207816,0.032754,0.043315,-0.318744,0.152853,-0.074973,-0.156766,-0.011729,0.173094,-0.012663,0.071089,-0.295458,0.030024,0.137275,-0.007555,0.026419,0.072685,0.212807,0.148345,-0.191478,-0.073982,0.066688,-0.27231,0.141772,-0.077567,-0.216371,-0.072331,-0.086984,0.079571,-0.157877,0.116941,-0.232067,-0.087629,0.001276,-0.212297,-0.005429,-0.065151,-0.213647,0.049448,-0.119617,-0.231145,-0.236665,-0.327072,0.065746,-0.278341,0.155509,-0.082747,-0.112243,0.010709,-0.098021,-0.120597,-0.245173,-0.112544,0.045594,-0.151341,-0.11994,-0.190949,-0.171051,-0.054367,-0.146646,-0.096979,0.223627,-0.145484,-0.1172,-0.092782,-0.163007,0.050485,-0.235846,-0.120964,-0.237989,0.09482,-0.171754,-0.121105,-0.206835,-0.183898,-0.136768,0.132232,0.227357,-0.13034,-0.160949,0.120453,-0.045862,-0.304142,0.089839,-0.424685,-0.308348,-0.473453,0.008264,-0.153764,0.035215,-0.162723,0.016819,-0.138246,-0.160606,-0.342863,-0.123651,-0.087726,-0.317774,0.018955,-0.154415,-0.060389,-0.204961,-0.168226,0.048303,0.149397,0.005044,-0.165876,-0.195353,-0.207312,0.130252,0.05778,-0.391169,-0.155005,-0.45948,-0.191433,0.040857,-0.392313,-0.107701,0.235595,-0.073245,0.106396,-0.090934,-0.3648,-0.009023,0.215713,-0.324441,0.022643,0.082494,0.065334,0.110593,-0.085669,-0.044884,-0.148048,-0.038433,0.34233,0.090808,0.118038,0.183124,-0.19879,0.174919,0.179212,0.299457,-0.074964,-0.202602,0.265292,0.232927,0.314553,-0.001987,-0.159287,0.088059,-0.102739,-0.108227,0.112893,#
15,-0.06539,-0.095328,-0.209909,0.133273,-0.082997,-0.103813,0.162743,-0.046797,-0.122419,0.131409,0.129831,-0.024592,0.187423,-0.109711,0.152207,1.0,0.083757,-0.269222,-0.029179,-0.247204,-0.069273,0.019735,-0.06563,-0.269225,-0.175657,-0.107814,-0.281735,-0.054912,-0.004959,-0.058759,-0.255313,0.046858,0.095225,-0.148157,-0.002613,-0.112288,-0.079747,0.039278,0.022434,0.34175,-0.260887,-0.161126,0.047372,0.020055,0.13522,0.234851,0.057567,-0.309045,0.182792,0.080644,0.162357,-0.050402,0.181152,-0.092316,-0.022299,0.225353,0.112638,-0.020946,0.03566,0.066142,-0.100337,0.070977,0.168111,0.118737,-0.187344,-0.124902,-0.294778,0.052069,-0.129378,-0.375763,0.155658,-0.031813,-0.221438,-0.087731,0.069855,-0.102064,0.000441,0.110119,-0.048334,-0.128365,0.140989,-0.010494,0.071331,-0.124425,0.142612,-0.02635,0.152115,0.201164,-0.083733,0.081338,0.21139,-0.045021,0.288924,-0.248827,-0.119691,-0.051814,-0.130469,0.048906,-0.138541,-0.008934,0.020197,0.177725,-0.007803,0.057176,0.015823,0.00262,-0.245966,0.179877,-0.009865,0.035913,-0.431146,-0.217379,-0.025191,-0.012515,-0.194673,-0.105778,0.07777,-0.026524,-0.225473,0.065706,0.095218,-0.092509,0.08572,0.173941,0.013218,0.025908,-0.057958,-0.017862,-0.12941,-0.029254,-0.187039,-0.262007,0.028433,0.011012,-0.064777,0.050151,0.15478,-0.185412,-0.052958,0.000314,-0.09445,-0.048315,0.137325,0.057513,-0.222082,0.267033,-0.153594,-0.221606,-0.203002,-0.163991,-0.004721,-0.016406,-0.278795,-0.082535,-0.324026,0.057974,-0.119857,-0.137126,-0.24172,-0.032492,-0.216126,-0.286893,-0.164881,-0.315885,-0.11895,-0.138333,-0.281054,0.098174,0.064791,-0.141711,-0.083251,-0.18428,0.114318,-0.066301,0.15192,-0.124586,-0.181331,-0.012778,-0.239372,-0.062627,-0.187747,-0.166047,0.395821,0.303875,-0.075341,-0.106069,0.078186,-0.314716,0.390131,-0.225228,-0.209448,0.327298,0.272021,-0.039633,0.130478,0.055331,0.065986,-0.087733,-0.123446,-0.016877,#
16,0.096208,-0.209385,-0.169932,-0.073677,0.128403,-0.092018,-0.017864,-0.128932,0.077346,-0.278783,0.30886,0.088828,-0.147553,-0.2303,0.215585,0.083757,1.0,-0.110648,-0.041628,-0.071014,-0.046814,-0.112852,0.025448,0.061111,0.050197,0.066255,-0.357477,0.007131,0.047246,-0.052362,-0.123351,-0.002346,-0.085088,-0.227379,0.147847,-0.104101,-0.154969,-0.005573,0.094526,0.147124,-0.137567,-0.314579,-0.338452,-0.351164,0.261733,0.342864,0.060378,-0.297011,0.014813,0.18461,0.094139,-0.058799,0.04683,0.047891,0.169415,0.242764,0.020563,-0.039304,0.067693,-0.089785,0.168858,-0.121272,0.101246,0.247433,-0.022506,-0.163343,-0.202037,-0.274065,-0.055828,0.011939,0.273386,0.005738,-0.228302,-0.232588,-0.195836,0.144626,-0.148174,0.109352,-0.134296,-0.04767,0.085858,0.05373,-0.033008,0.104094,-0.158661,0.142699,-0.042673,0.021631,0.114742,-0.166623,0.198266,0.002935,0.059997,-0.179935,-0.190667,-0.376877,-0.003067,-0.200076,-0.010696,-0.117314,0.1822,0.103201,-0.393667,-0.172568,-0.042547,0.053473,0.02391,-0.076924,-0.05415,0.203979,-0.266124,-0.097898,0.095636,-0.122528,-0.190589,-0.002607,-0.027344,-0.105421,0.180475,0.04156,-0.009027,-0.024867,-0.230343,-0.031598,0.146699,-0.25029,-0.140497,0.039362,-0.119086,-0.200481,0.130776,-0.247369,0.195518,-0.097059,-0.02656,-0.077325,-0.173036,-0.32182,-0.260682,-0.063172,-0.258904,-0.019908,-0.059447,0.176359,-0.255251,0.036809,0.113138,-0.060504,0.130857,-0.271838,0.166007,0.09917,-0.210424,-0.160482,-0.202507,-0.196182,-0.020323,0.125261,-0.228237,-0.058799,-0.079102,-0.030893,0.047765,-0.255572,-0.009542,-0.025827,-0.0433,0.129849,-0.076179,0.030332,0.392306,-0.066075,-0.117351,0.09901,-0.021447,-0.220621,-0.132695,0.076608,-0.171446,-0.162479,-0.020277,-0.139629,0.276612,0.144961,0.109911,-0.027614,-0.048224,-0.169774,0.157141,-0.216151,-0.116086,0.274111,0.047718,-0.004514,0.075951,0.086488,0.28183,0.027151,-0.231652,0.176778,#
17,0.028924,0.122623,0.202401,-0.063008,0.150449,-0.03219,0.065251,-0.278247,0.306101,0.179396,-0.154722,0.002121,0.217515,0.248793,-0.258403,-0.269222,-0.110648,1.0,0.22838,0.090266,0.189433,-0.113768,0.222013,-0.008843,0.099923,-0.133556,0.134289,-0.113737,-0.010596,0.123619,0.260531,-0.021227,0.124819,0.088965,-0.146428,0.136067,0.11315,-0.252878,0.035184,-0.232751,0.005346,0.130274,-0.050753,0.011812,0.15299,-0.280947,0.03402,0.487487,-0.092912,-0.093783,0.155334,-0.163764,0.007614,0.130448,-0.137374,-0.164125,0.101503,0.076475,0.11376,-0.024164,0.034521,-0.062191,-0.104296,-0.317413,-0.10319,0.155777,0.102742,-0.005871,0.162436,0.279476,-0.048914,-0.163859,-0.221191,0.119938,0.065568,0.135265,-0.03122,-0.334871,-0.021425,0.046337,-0.207276,0.024604,-0.161659,0.076983,0.327772,-0.013177,-0.099381,0.021903,-0.128156,0.081303,-0.182147,-0.03849,-0.303656,0.213618,-0.028822,-0.145255,0.032426,-0.039639,0.038044,0.031018,-0.101955,-0.161183,-0.165447,0.017037,-0.08683,0.100393,-0.037563,0.059161,-0.060422,-0.088033,0.320153,0.111688,0.198336,-0.11887,0.038065,-0.150817,-0.04902,-0.009442,0.389957,-0.195555,-0.075915,0.156304,-0.048154,-0.233318,-0.144301,0.268069,-0.000149,0.162482,-0.191896,-0.027348,0.16722,0.217067,-0.121047,0.252391,-0.030342,-0.04877,0.014985,0.158251,0.283117,-0.1689,-0.029236,0.17376,-0.070845,-0.189631,0.140322,-0.227057,0.166886,0.347198,-0.155586,0.290019,-0.058684,-0.06488,0.09558,-0.194714,0.175858,-0.016956,0.012421,0.503032,0.079769,0.199234,0.231546,0.110496,-0.065649,0.477953,0.177909,-0.001074,0.041613,-0.029228,-0.081236,0.253737,0.015899,0.0647,-0.087916,-0.094285,-0.16086,0.246802,0.064687,0.251398,0.341591,-0.246186,0.377602,-0.042671,-0.436296,-0.046486,-0.015819,0.054782,0.123832,0.093473,-0.435924,0.260264,0.195214,-0.282117,0.071176,-0.091157,-0.117164,0.042773,-0.022346,-0.049649,0.340441,-0.241651,#
18,-0.059424,-0.185507,0.192146,-0.196728,-0.143392,-0.011538,0.186805,0.062924,0.307181,-0.150733,0.259703,-0.095748,0.008071,-0.024303,-0.141334,-0.029179,-0.041628,0.22838,1.0,0.070407,-0.015199,0.279256,0.063872,-0.101619,-0.224764,0.05126,-0.029492,0.402632,-0.007508,-0.00514,0.098277,0.078396,0.064123,-0.121183,0.072731,0.158994,-0.053233,0.105792,-0.005288,-0.093589,-0.034517,-0.006694,0.051604,0.094356,-0.061256,-0.133893,0.057679,-0.074567,-0.158194,0.054388,0.164088,0.245078,0.099629,0.133745,-0.150778,0.093549,0.049244,-0.053697,-0.031354,-0.065882,-0.086808,-0.213851,0.009958,-0.090622,0.099023,0.075541,0.26011,-0.096013,-0.107989,-0.061167,0.134183,-0.047808,-0.249391,0.163517,-0.005572,-0.078386,0.198401,-0.413751,-0.108579,-0.073742,-0.049584,0.110316,-0.169191,-0.030958,0.07165,-0.020569,0.08271,0.000821,0.017721,0.249655,0.103938,0.116494,-0.064106,0.030829,0.157292,0.02446,0.073819,0.060339,-0.112806,-0.250067,-0.056783,0.049027,-0.12381,0.136951,0.03311,0.100787,0.083712,0.03742,0.243062,0.049866,0.002343,-0.172801,0.190396,0.123879,-0.053678,-0.160663,0.110312,0.125732,0.173176,-0.02059,-0.043631,-0.082343,0.123718,-0.066313,0.002497,-0.012543,-0.006463,-0.056128,-0.025967,0.034488,0.276924,0.080018,0.043761,0.006051,-0.083441,-0.052948,0.142967,0.142077,-0.119363,-0.088442,0.0877,0.154345,-0.063947,-0.094688,-0.068648,-0.100332,0.080658,0.016578,0.016091,0.179575,0.260555,-0.100452,0.263412,-0.158881,-0.055719,-0.072513,0.095611,0.028321,0.030695,0.240963,0.081905,-0.078839,-0.057697,0.086994,0.379813,-0.140014,0.248693,-0.028944,-0.24227,0.171007,-0.143951,0.292774,0.291405,0.00926,0.238724,-0.014309,0.010336,0.037493,-0.041831,0.135112,0.035987,0.220654,-0.078124,-0.008957,-0.065858,0.224986,0.101504,0.010306,-0.020893,-0.139049,0.044952,0.024699,-0.08228,-0.219724,-0.141329,0.281485,-0.006128,0.070841,0.239357,-0.146506,#
19,-0.045791,-0.003386,0.246689,0.124826,0.16397,-0.200652,-0.018662,-0.171722,0.202625,0.143863,-0.032991,-0.09124,0.027693,0.109296,-0.223593,-0.247204,-0.071014,0.090266,0.070407,1.0,-0.180033,-0.004876,0.100101,-0.015199,-0.246842,0.071435,0.039648,0.103211,-0.044659,0.003039,0.126146,-0.023514,-0.043629,0.188324,0.042522,0.039633,0.00759,-0.087365,-0.187708,-0.117033,-0.091407,0.00486,-0.108681,0.010605,0.043403,-0.313766,-0.042675,0.033166,-0.134503,0.151672,0.098974,-0.018652,0.103788,0.211526,-0.281184,-0.056816,0.048956,-0.013307,0.069469,-0.068068,0.040464,0.007183,-0.023448,-0.045916,-0.001471,0.076363,0.414004,-0.041165,0.016002,0.211044,-0.021848,0.002137,0.025142,0.199887,-0.108886,0.027744,-0.016183,-0.009009,0.041512,-0.010049,0.244392,0.002431,-0.066991,0.22163,0.001939,0.007974,-0.090001,-0.153667,0.213068,-0.027875,-0.220009,0.054613,-0.025436,0.08485,-0.248229,0.031482,0.063648,-0.146958,-0.086632,0.0512,-0.228581,-0.132913,-0.12497,0.214809,-0.1582,0.037964,-0.011284,0.005641,0.044473,0.152135,0.49559,-0.066473,0.163868,0.093735,0.055515,0.093354,0.178275,-0.135855,0.354114,-0.128271,-0.011935,0.120877,0.057784,-0.136383,-0.22085,0.113347,-0.075833,0.021309,0.167421,-0.11552,0.024242,0.240998,-0.052661,0.215615,0.159202,-0.130539,-0.117491,0.1613,-0.177087,0.120719,0.24825,0.090715,-0.003157,0.010347,0.081098,0.173376,0.153285,0.189798,0.019092,0.223864,-0.132246,-0.080853,0.164621,0.249543,0.171421,0.12144,-0.114782,0.209169,0.229462,-0.03139,0.055361,0.008299,0.083623,0.301016,0.273499,0.027871,0.168559,-0.038975,0.088671,0.091799,-0.10869,0.018766,-0.007269,0.178046,-0.083094,0.148201,0.112906,-0.042207,-0.084131,-0.028104,0.205104,-0.031193,-0.222512,0.046725,-0.118537,0.261775,-0.06277,0.025501,-0.427011,0.081497,0.106041,-0.251424,-0.163622,-0.09544,-0.225231,-0.054556,-0.079442,0.214622,0.147103,0.113712,#
20,-0.276694,0.159776,-0.326954,-0.109549,0.150329,0.201295,0.155898,-0.027498,-0.26458,0.012095,0.066454,-0.109677,0.071935,-0.108741,-0.327259,-0.069273,-0.046814,0.189433,-0.015199,-0.180033,1.0,0.19462,0.277636,0.027707,0.016784,0.039223,0.056247,0.115518,0.068473,0.359759,0.111342,-0.097348,0.299564,-0.122983,0.05336,0.018169,-0.010222,-0.255187,0.09696,-0.007807,0.158446,0.11273,0.343749,0.074429,-0.294172,-0.032025,-0.311412,0.228044,0.203446,-0.389281,0.110219,-0.316673,-0.031907,-0.129599,-0.023241,-0.246965,0.003479,-0.071377,0.187815,-0.021526,0.003248,-0.254586,-0.183342,0.045657,-0.178065,0.1434,-0.024153,0.159316,0.262345,0.17051,-0.206826,-0.043897,0.191794,-0.117528,0.018377,0.152308,0.108247,-0.033963,-0.298667,-0.119102,-0.291998,-0.117848,-0.193827,-0.022164,-0.064774,-0.187236,-0.056879,0.083879,-0.018249,0.156062,-0.366,-0.148085,-0.327168,-0.178172,-0.005186,-0.105946,-0.225186,-0.187447,-0.077205,0.076575,0.213809,0.027831,-0.139476,-0.334218,0.15677,-0.167998,-0.033957,-0.160875,-0.150103,-0.133981,0.056324,0.129411,-0.293636,-0.366262,0.054001,0.1034,-0.097132,-0.047925,-0.071541,-0.048404,-0.033361,-0.103305,-0.03039,-0.206815,-0.223239,0.14407,-0.030184,0.06571,0.009011,-0.175032,-0.337317,-0.077605,-0.156993,0.119855,-0.222312,-0.111019,-0.280509,-0.23324,0.02724,-0.024362,-0.294036,0.108849,-0.095866,-0.224372,-0.195902,-0.136786,-0.07078,0.271218,-0.024061,-0.110335,-0.235884,-0.165494,-0.309697,-0.280071,-0.314255,-0.115954,-0.063473,0.046548,-0.002896,-0.065794,0.238342,0.154134,-0.186223,0.154789,-0.225409,0.131425,0.011825,-0.156679,-0.380151,0.337608,0.037363,-0.030951,-0.156884,-0.226278,0.111607,-0.227418,-0.04565,-0.017075,0.094016,0.030135,0.195802,-0.140237,-0.010648,0.100126,0.25996,-0.297556,-0.112994,-0.189137,0.103762,0.128942,-0.130741,0.233742,0.146622,-0.130741,0.022221,0.316906,0.138113,-0.071735,-0.203951,-0.012392,#
