0,1.0,0.056588,-0.174838,-0.125182,0.052328,-0.001364,0.324899,-0.307874,0.06533,0.048244,0.37426,0.1688,0.305542,0.161161,0.070385,0.004257,-0.03349,-0.340347,0.318405,-0.043165,0.004708,0.02732,0.048047,0.076444,0.037124,-0.062303,-0.176836,0.10865,0.192112,-0.006276,-0.241125,-0.012383,0.151487,-0.132101,0.244763,-0.040781,0.036754,-0.01316,0.134432,0.013932,0.033528,0.09462,0.068059,0.015718,0.096196,0.03071,0.229334,0.190835,-0.241688,-0.150213,0.08251,-0.171384,-0.010144,-0.223691,-0.017619,0.055403,-0.056383,0.233156,-0.026292,-0.042779,0.212126,0.071803,-0.226129,0.06722,-0.22704,-0.002101,-0.009838,-0.07056,-0.151219,-0.182399,-0.021999,0.035801,0.109581,-0.247377,-0.05109,0.020682,-0.391445,-0.077674,-0.196468,-0.010607,-0.032109,-0.042384,-0.043515,-0.514553,-0.112356,-0.078174,-0.054802,-0.164996,-0.112265,-0.071122,-0.419429,-0.20781,0.039649,-0.330971,-0.119944,-0.169701,-0.014723,-0.390882,-0.283525,-0.091633,0.324557,-0.125845,-0.091503,-0.182299,-0.064512,-0.169444,-0.224047,-0.015065,-0.192286,-0.106237,-0.017596,-0.003402,-0.132611,-0.131106,0.041512,0.118239,0.069754,-0.079774,0.063289,-0.114564,-0.160971,-0.0537,-0.118559,0.284413,-0.180018,0.05352,-0.139489,0.185643,-0.277785,-0.128525,-0.241995,-0.300211,-0.108945,0.354187,-0.077843,-0.194572,-0.096336,-0.283234,0.319886,-0.119146,-0.095919,0.058382,0.0611,-0.190765,-0.241406,-0.010492,-0.082069,0.054936,-0.252203,-0.237194,0.05104,-0.109268,-0.31374,-0.130192,0.090773,-0.127296,0.053184,0.039605,-0.222489,-0.00425,0.001512,-0.073614,0.037106,-0.283333,-0.002906,0.110005,0.150351,0.064538,-0.322223,-0.196044,0.124387,-0.27532,0.047846,0.085798,0.11063,-0.075309,-0.242559,0.028547,0.101304,-0.382941,0.01998,0.14907,-0.051759,0.153326,0.0643,-0.176626,0.194087,0.133051,0.102313,0.195085,-0.457013,0.175138,0.376658,-0.070905,0.112997,0.100017,-0.15402,-0.118295,-0.027354,-0.189885,#
1,0.056588,1.0,0.029635,-0.143059,-0.171642,0.057547,0.083685,-0.089496,-0.002422,0.086251,-0.001592,0.077852,0.165948,0.317701,-0.118487,-0.007812,0.199365,0.041544,0.236353,-0.069138,0.203684,0.233664,-0.001667,-0.257185,-0.030992,-0.225245,-0.260087,0.018163,0.065625,-0.113597,0.040671,-0.134533,0.011488,0.122345,0.141293,0.16536,-0.174366,-0.188794,0.040376,-0.305415,-0.043806,0.042161,-0.019617,-0.093671,-0.18191,-0.026412,-0.098724,-0.045063,0.139245,0.122193,-0.069825,-0.140545,0.021377,0.12542,-0.106646,-0.059481,0.151281,-0.035656,-0.026017,-0.129475,0.076119,-0.141558,-0.0147,-0.065051,0.103602,0.205214,-0.288282,0.090437,-0.065115,0.027689,-0.083658,-0.143194,-0.335474,-0.081076,-0.080733,0.070832,-0.053015,-0.010896,0.159165,-0.048391,-0.028793,-0.22008,-0.024904,-0.139409,-0.105199,0.018916,-0.086487,0.150471,0.024637,-0.035759,-0.08392,-0.059215,-0.14048,-0.117542,-0.134452,-0.005103,-0.044355,0.098777,0.123343,-0.104471,-0.032829,-0.104907,0.068723,0.215962,-0.113877,-0.188945,0.288995,0.001256,-0.179249,-0.246503,0.351927,-0.165677,-0.116195,-0.020636,-0.064896,-0.107252,-0.235943,-0.199678,-0.097087,-0.072362,-0.031583,0.04353,-0.384608,-0.083251,-0.172929,-0.270471,-0.06837,-0.132751,-0.237998,-0.102841,-0.020353,-0.238931,-0.275757,0.021269,-0.295417,-0.033886,0.204715,0.033328,0.164628,-0.238322,-0.065848,-0.186286,0.194866,-0.122138,0.043115,-0.159293,-0.324327,0.055093,0.183286,0.168696,0.00467,0.089518,0.209453,-0.074352,0.048766,-0.152169,0.169933,0.19934,0.03546,0.10047,0.056572,-0.022439,0.06338,0.099897,-0.005703,0.29468,0.245566,0.224794,-0.078395,-0.141804,0.187183,-0.067696,-0.134638,-0.006546,0.051899,-0.170285,0.030406,0.155217,0.074526,-0.2083,0.195903,-0.128592,0.186565,0.078398,0.212688,-0.066269,0.038944,-0.169209,-0.158689,0.379851,-0.122244,0.281597,-0.202652,0.029905,0.016881,0.193468,0.087698,-0.014461,-0.041425,0.125445,#
2,-0.174838,0.029635,1.0,-0.342423,0.017224,-0.106148,0.154087,-0.191185,0.057127,0.085258,-0.141775,-0.183102,-0.022025,-0.006495,-0.069112,0.047519,-0.000932,0.375811,-0.018389,0.15994,-0.102457,-0.065142,-0.002156,0.02543,-0.017951,0.033742,0.060036,-0.072694,0.02787,-0.122247,-0.15809,0.126019,-0.262688,0.214252,-0.029778,0.026974,0.019716,0.330406,-0.040266,-0.070164,0.100769,-0.1266,-0.113985,-0.072002,0.008641,-0.215729,-0.277312,-0.163792,0.0502,0.066938,0.008417,-0.163809,0.191017,-0.103368,-0.175386,-0.118914,-0.022091,-0.159053,0.057897,-0.10654,0.063719,-0.01524,-0.024748,-0.204048,0.248103,0.190061,0.105897,-0.080055,0.102752,0.18499,-0.156938,0.000244,-0.38965,0.033649,-0.152407,-0.105063,-0.108834,-0.029119,-0.06935,-0.035226,0.153822,-0.05492,0.101079,0.151283,-0.056272,0.113638,0.204221,-0.021382,-0.110079,0.231353,-0.001066,0.000529,-0.01675,0.069138,0.027298,-0.020413,-0.100369,-0.091879,0.033302,0.07423,-0.322571,-0.214414,0.073582,0.093146,0.047005,-0.012917,0.054742,-0.036785,0.198185,-0.138326,-0.027965,-0.021997,-0.064929,0.079921,0.266705,-0.111265,-0.008445,0.260915,-0.205696,-0.148262,-0.056525,0.089344,0.046426,-0.351592,-0.245437,0.128406,0.3526,0.05187,0.164731,0.05934,0.194963,0.025176,-0.120263,0.079147,0.142993,-0.127481,0.240778,0.274507,-0.394559,0.20406,-0.067341,0.094155,-0.079872,-0.184021,-0.003002,-0.114115,0.008341,0.029215,-0.096895,0.150419,-0.162295,0.198922,0.025178,0.00279,0.114443,0.08521,0.11103,0.034863,0.013005,-0.058377,0.163407,-0.194375,-0.012001,0.146146,0.03829,-0.046895,0.028982,-0.042339,0.278667,0.010138,-0.15055,-0.115907,-0.012914,0.005877,-0.377136,0.159238,0.119218,-0.043559,0.050231,-0.187324,-0.018791,0.079534,0.119095,-0.139183,-0.09177,0.108307,0.138102,-0.02658,-0.165417,-0.443265,0.211085,-0.225398,-0.270769,0.135256,-0.25492,-0.01856,0.005837,0.228294,0.135933,0.192541,#
3,-0.125182,-0.143059,-0.342423,1.0,-0.187317,-0.009956,-0.172865,0.206626,-0.407206,-0.275054,0.042455,0.096362,-0.114022,-0.325702,0.001371,-0.086843,0.05753,-0.040199,-0.184422,-0.143966,0.236843,-0.265444,-0.390535,-0.002974,0.109838,0.151894,-0.029555,0.123863,0.002258,-0.191409,0.332343,-0.207902,0.20403,-0.157721,-0.141447,0.046383,-0.200101,-0.180187,0.205575,0.130815,-0.014064,-0.119663,-0.043271,0.015321,0.089326,0.30401,-0.06162,-0.223515,0.030955,-0.224932,-0.160525,0.504958,-0.119808,0.209999,0.23463,-0.269728,0.234665,0.281455,-0.132582,-0.173862,-0.514342,-0.017342,0.132927,0.075999,-0.103157,-0.142499,-0.007275,0.080321,-0.053935,-0.01321,0.041615,-0.159003,0.089186,0.238629,0.287621,-0.141686,0.241992,0.317961,0.124264,-0.007351,0.032913,0.183825,0.204761,0.146095,0.113017,-0.093824,0.120211,0.159423,0.286483,0.078312,0.148064,0.116297,0.119879,-0.065878,0.200939,0.224061,0.330401,0.092741,0.103995,0.190987,0.223374,0.125295,0.344446,0.160207,-0.052074,0.162774,0.076383,0.190987,-0.173617,0.108919,-0.16192,0.000323,0.221781,0.129437,-0.051846,0.149744,0.192693,0.233932,-0.0636,0.331501,0.252861,0.17758,0.027296,0.231582,0.279638,0.065738,-0.373836,-0.234508,0.025552,0.202753,-0.110706,0.351899,0.353512,-0.131215,0.164265,0.113692,0.003805,-0.11569,-0.043127,0.108917,0.161449,0.089385,0.394429,0.219475,0.330841,-0.050186,0.234378,-0.245271,0.168322,-0.119605,0.214319,-0.0828,-0.009752,0.13433,0.178964,-0.047567,-0.371501,-0.292705,0.138148,0.000792,0.041663,0.172574,0.15845,-0.080109,-0.108318,-0.38359,0.033847,-0.159446,0.042025,0.008212,0.194616,0.327953,0.0872,0.208267,0.122522,0.155169,-0.0426,-0.124248,-0.459384,0.470301,-0.447443,0.0739,-0.067814,-0.164618,-0.090398,-0.141647,-0.181852,-0.038121,0.33732,0.029916,0.163588,-0.089698,-0.121366,-0.183271,0.039259,-0.131605,-0.078966,-0.37124,-0.254186,-0.167014,#
4,0.052328,-0.171642,0.017224,-0.187317,1.0,0.019954,0.037487,-0.03795,-0.076503,-0.105314,0.126893,-0.084348,-0.121628,-0.30729,-0.093885,-0.027747,0.189906,-0.133542,0.081837,0.021793,-0.178072,-0.253586,0.163642,-0.041965,0.022432,-0.063085,-0.112137,-0.162108,0.044159,0.057558,-0.272503,-0.033295,0.081973,-0.188844,0.114988,0.008633,0.005144,-0.172493,0.048523,0.397934,-0.114052,-0.291324,-0.099202,-0.114798,-0.254435,0.16781,-0.087946,-0.064002,0.044716,0.201431,0.022205,0.109989,-0.177571,0.188367,-0.001564,-0.034625,-0.280032,0.165081,0.095891,0.263236,-0.168491,-0.136893,0.022998,-0.250442,-0.111889,-0.089944,0.335104,-0.046187,-0.063869,-0.073014,-0.06328,0.134367,0.147176,-0.00473,0.129688,-0.010181,0.000624,-0.128585,0.046676,-0.179237,-0.197269,0.195425,0.103388,-0.047084,0.185166,-0.062248,-0.026796,-0.057071,0.006157,-0.013682,0.058835,0.278423,0.049868,0.130348,0.226623,-0.0922,0.205656,-0.033358,-0.030924,-0.044661,0.099603,0.099183,0.048082,-0.141555,0.02469,-0.034635,-0.14362,-0.012399,-0.107565,0.141446,-0.003638,0.052214,-0.257208,-0.070978,-0.27194,0.178643,0.051667,0.345913,-0.274136,-0.005099,-0.224654,-0.137501,-0.09837,0.032307,0.026369,0.114319,0.031468,0.153653,-0.044376,-0.157336,0.088127,-0.134104,0.151704,0.055048,0.129009,-0.058802,0.253004,0.052611,-0.016393,0.065313,-0.101867,-0.112838,-0.059201,0.124947,-0.066888,-0.088495,0.094998,-0.107903,0.034531,-0.098215,0.084014,0.046099,-0.198197,0.180267,-0.067462,0.005761,-0.005852,0.022623,-0.25883,0.061936,-0.277523,-0.105307,-0.013228,0.118867,-0.036447,-0.026459,-0.006668,0.021422,0.073097,0.243816,0.091877,0.030667,0.092989,-0.037856,-0.126748,0.028513,0.080955,-0.051569,-0.010565,0.000174,-0.0221,0.174118,-0.006889,0.012456,0.034208,-0.036191,0.00691,0.27286,0.315038,-0.035883,0.065776,-0.027309,0.27715,0.103858,-0.155836,-0.03307,0.099753,0.167248,0.018121,-0.19971,#
5,-0.001364,0.057547,-0.106148,-0.009956,0.019954,1.0,0.242993,0.195727,0.147684,-0.04659,-0.024816,0.025356,0.015639,-0.090678,0.180212,-0.136909,0.257964,0.12373,0.148513,-0.134644,-0.171529,-0.078472,0.198199,-0.161544,-0.196847,0.290804,-0.176517,-0.053201,0.141185,0.067573,-0.204687,0.086459,-0.055898,0.125942,0.009821,0.196046,0.089772,-0.194094,-0.164003,-0.08437,-0.322129,0.057463,-0.111307,-0.042782,-0.006676,-0.041153,0.210646,-0.169268,0.123776,0.06055,0.002859,-0.060617,0.219165,0.064357,0.036625,0.11316,-0.147847,0.12933,-0.120017,-0.063621,0.072403,0.053564,0.074977,-0.011478,-0.301447,-0.221313,-0.083086,-0.036101,-0.058975,-0.33604,-0.026469,-0.085526,-0.113884,0.024473,-0.083685,0.188266,-0.041847,-0.031095,-0.245959,0.127294,-0.248652,-0.220985,-0.148138,0.214424,-0.057818,-0.150235,-0.152447,-0.010736,-0.105076,-0.17405,0.014817,-0.177021,-0.242701,-0.258795,-0.159558,0.057509,-0.140424,-0.087079,-0.275984,-0.218057,0.26221,0.18253,-0.00612,-0.087539,-0.253017,-0.331441,-0.049151,0.062524,-0.176618,0.027866,0.043919,0.289509,-0.249969,-0.200031,-0.035639,-0.14061,0.06702,0.085346,0.137468,-0.223934,0.049623,-0.124831,-0.038793,0.046528,-0.118684,-0.095628,0.013115,-0.085488,-0.348339,0.064846,-0.036768,-0.15509,-0.048038,0.023579,-0.398691,-0.031956,0.131203,0.163122,0.204285,-0.060407,-0.076012,-0.070124,-0.199891,0.09523,-0.106096,-0.201607,0.199983,0.121184,-0.290137,-0.209165,-0.010172,-0.391229,0.239748,-0.076642,0.178773,-0.010414,0.059717,0.010848,-0.371035,0.032431,-0.226819,-0.009453,0.210413,-0.240436,0.202398,0.073577,-0.152306,-0.020817,-0.000751,-0.199675,0.043216,-0.242122,-0.177028,-0.202772,0.128993,-0.180784,0.004511,0.058105,0.068614,-0.048218,0.313249,-0.022385,0.070735,0.046829,0.424844,-0.160506,0.162386,-0.016453,-0.040295,0.138538,-0.091616,0.173858,-0.002858,-0.02988,-0.190374,0.368349,0.054856,0.096899,-0.259285,-0.078211,#
6,0.324899,0.083685,0.154087,-0.172865,0.037487,0.242993,1.0,-0.211853,0.238178,-0.008245,0.138494,0.107395,0.059446,0.045126,-0.001708,-0.025387,0.213625,0.224189,0.240152,0.162977,-0.176584,-0.075904,0.173013,0.06179,-0.174278,0.068891,-0.099304,-0.029951,0.279024,-0.065378,-0.251946,0.028012,-0.093574,-0.087078,0.067843,0.06919,0.285753,-0.229646,0.111511,0.147201,0.066787,0.1492,-0.064873,0.069691,0.05442,-0.09548,0.079307,-0.070902,-0.00138,-0.106191,-0.021835,-0.292743,0.166209,-0.158319,0.240125,-0.132809,-0.092837,0.008785,0.122841,-0.107918,0.217945,0.199326,-0.059149,0.019165,0.157879,0.122926,-0.12527,0.002115,0.132617,-0.165458,0.011685,-0.107244,-0.161736,-0.552546,-0.403073,0.051621,-0.372346,-0.40749,-0.34385,-0.040508,-0.249827,-0.127266,-0.14283,-0.248502,-0.296885,-0.093979,-0.159205,-0.199097,-0.424467,-0.254023,-0.481658,-0.402443,-0.50719,-0.225782,-0.347923,-0.435858,-0.080693,-0.344251,-0.335638,-0.189028,0.116663,0.029034,-0.259061,-0.173152,-0.325435,-0.401176,0.017613,-0.171899,-0.052506,-0.310953,0.050554,0.062878,-0.20985,-0.338222,0.021508,-0.201778,0.00512,-0.085239,0.180903,-0.298968,-0.273764,-0.192591,-0.152987,-0.033032,-0.153667,-0.144601,0.111041,0.257788,-0.316654,-0.084992,-0.243929,-0.304024,-0.233152,0.214275,-0.260572,-0.264959,0.102946,-0.06536,0.098195,-0.340866,-0.237059,-0.085002,-0.168642,-0.354709,-0.377428,-0.139042,0.012731,0.486694,-0.314445,-0.371113,-0.126883,-0.453549,-0.144221,-0.133888,-0.10849,0.020695,0.169852,0.281188,-0.240654,-0.119243,0.063284,-0.250029,0.177267,-0.054382,-0.076104,0.215608,-0.007005,0.01495,-0.24253,-0.250588,0.166821,-0.312183,-0.218299,-0.15626,0.05211,-0.381242,-0.146357,0.307671,0.217397,-0.489176,0.306226,0.000688,0.017528,0.272841,0.166669,-0.430782,0.026498,0.050419,-0.175999,0.230433,-0.440854,0.116962,0.129685,0.124772,-0.076494,-0.058997,0.028531,0.049795,-0.167153,0.204968,#
7,-0.307874,-0.089496,-0.191185,0.206626,-0.03795,0.195727,-0.211853,1.0,-0.310053,-0.008387,-0.198333,-0.224598,0.161011,-0.189879,0.099901,0.044206,0.171877,0.010363,-0.054103,-0.288852,0.14214,0.111514,0.01584,-0.014379,-0.092644,0.07087,-0.162837,-0.233465,-0.195707,0.113655,-0.086509,-0.048893,0.030511,0.120203,-0.134483,-0.047055,-0.12742,-0.222531,-0.150232,0.137176,-0.051212,-0.006628,-0.026379,-0.180101,0.109519,0.055237,0.267191,-0.135631,0.148911,0.040256,-0.039552,-0.045914,0.010366,-0.167122,-0.023786,0.093719,0.454322,-0.141728,-0.129162,0.319779,-0.0888,-0.302617,0.079126,0.101042,-0.070984,-0.107655,-0.028967,0.042376,-0.088383,-0.153521,0.214908,0.060891,-0.244909,0.217357,0.101532,-0.049894,0.070271,0.076653,-0.068862,0.05674,-0.097861,-0.235724,-0.135095,0.032338,0.13371,-0.17105,0.157632,0.091071,0.192467,0.169707,0.112781,0.055632,0.092981,-0.03104,0.099537,0.172711,-0.072445,0.136959,0.140247,-0.034853,-0.119195,0.150512,0.09901,0.067965,-0.113771,0.105872,-0.126068,0.022898,-0.019327,0.23188,0.097761,0.042102,0.159337,0.252942,-0.055596,0.006862,0.158224,-0.063269,0.014026,0.041412,0.206306,-0.182756,0.070051,0.170358,0.049463,-0.145911,-0.033355,-0.109062,0.046988,-0.008011,-0.182117,0.217801,0.155054,-0.194527,0.03985,0.264965,0.083072,0.114348,-0.062004,-0.02122,-0.173354,-0.078615,-0.185542,0.240383,-0.116612,-0.131237,-0.011051,0.121688,0.097898,0.063305,-0.088305,-0.105623,0.109555,-0.016086,-0.03586,-0.261479,-0.073617,0.063251,0.03111,0.131776,-0.195046,0.226886,0.062138,0.124352,0.135014,-0.32482,-0.414508,-0.087607,0.096088,0.196693,-0.099098,0.093863,-0.135047,-0.186696,0.152418,-0.069486,-0.099768,-0.018834,-0.099975,0.164919,0.010448,0.021405,0.183854,0.059455,0.042779,-0.030599,-0.06796,-0.117923,-0.071463,0.151921,0.018596,-0.120228,-0.114616,0.043005,0.047595,-0.079281,-0.022496,-0.000105,-0.144237,0.056243,#
8,0.06533,-0.002422,0.057127,-0.407206,-0.076503,0.147684,0.238178,-0.310053,1.0,0.320969,0.032106,0.235899,0.054431,0.257427,-0.026899,-0.094287,-0.251217,0.098143,0.013,0.235972,-0.117888,-0.018004,0.133096,0.065216,-0.126247,0.177489,0.197258,0.12099,0.093281,-0.040681,-0.186213,0.127995,0.202819,0.000861,-0.031087,0.041949,0.304913,0.190684,-0.058037,-0.205876,0.103839,0.107252,-0.042882,0.003452,-0.080231,-0.296712,-0.009344,0.306633,-0.079492,-0.006275,-0.182525,-0.290011,0.261139,0.148921,0.165901,0.136328,-0.398999,-0.211194,-0.038483,-0.101756,0.174124,-0.066246,-0.071961,0.072003,0.17428,0.14226,-0.011309,0.188414,0.167214,-0.060406,-0.044759,0.04091,0.068362,-0.141268,-0.248115,0.106605,-0.121783,-0.164475,-0.138917,0.207598,-0.233044,-0.101392,-0.01282,-0.009028,-0.266126,0.144736,-0.336331,-0.24606,-0.109154,-0.390609,-0.059485,-0.358856,-0.316383,-0.018448,-0.219843,-0.028295,-0.220351,-0.042603,-0.227315,-0.214552,-0.141289,0.146034,-0.147942,-0.037491,0.161872,-0.156218,-0.006066,-0.181372,0.071521,-5.2e-05,0.151761,-0.183057,-0.149198,-0.167857,0.185172,0.018796,-0.198956,-0.255678,0.112053,-0.302607,-0.091065,0.099652,0.036855,-0.181749,-0.267586,-0.034484,0.263315,-0.028074,-0.105172,-0.109887,0.275892,-0.084271,-0.382655,-0.132306,-0.238519,0.070046,-0.163806,0.088877,0.173034,-0.121534,-0.075723,0.183231,-0.214857,-0.154005,-0.245992,-0.203638,-0.222542,0.137451,-0.150774,-0.075536,-0.059563,-0.045998,-0.045394,-0.254762,0.174533,-0.077963,0.309578,0.408232,-0.358199,-0.250858,0.038284,0.103389,-0.11489,-0.106735,-0.038751,0.044334,0.022434,0.010633,-0.065674,-0.041758,-0.145465,-0.273476,-0.074369,-0.007618,0.130915,-0.108437,0.18708,0.134963,0.496393,-0.234214,0.26728,0.009461,-0.278153,0.069067,0.061306,-0.021547,0.225207,0.073222,-0.35023,0.044608,-0.130048,0.124077,-0.034804,0.260764,0.050691,0.062014,-0.036583,-0.163928,0.075759,0.104433,#
9,0.048244,0.086251,0.085258,-0.275054,-0.105314,-0.04659,-0.008245,-0.008387,0.320969,1.0,-0.293169,-0.092198,0.257202,0.484997,0.001232,0.017822,-0.365866,0.250423,-0.01064,0.225744,-0.148582,-0.015305,0.2524,0.065716,0.045733,-0.083976,-0.177484,-0.055475,0.213706,0.216756,-0.01093,-0.004306,0.129287,0.072079,-0.082529,-0.028765,0.246911,-0.054555,-0.037376,-0.122403,0.262903,0.034205,0.070446,-0.134884,0.027231,-0.32364,0.007087,0.301317,0.143531,-0.090426,-0.139987,-0.377062,0.265727,-0.077599,0.019172,-0.013567,-0.11775,-0.341848,-0.020569,0.285821,0.318726,-0.186069,-0.391186,-0.015177,0.07781,0.056072,0.040902,0.034167,-0.055587,-0.098697,0.031635,0.126733,-0.262389,-0.092361,-0.098899,-0.098087,-0.134873,-0.16052,-0.111193,0.258289,-0.106371,-0.320949,-0.237084,0.12507,-0.385389,0.143221,-0.019773,-0.284605,-0.252594,-0.195466,-0.071876,-0.178738,-0.353899,-0.060951,-0.22427,0.17663,-0.629791,0.078891,0.178464,-0.257923,-0.415777,-0.144916,-0.162257,-0.081739,-0.022381,-0.166652,-0.005136,-0.427564,0.354304,-0.126516,0.449405,0.164565,-0.165575,0.012813,0.054329,-0.103101,-0.177111,-0.178681,0.232112,-0.221789,-0.276099,-0.184308,-0.06346,-0.089796,-0.321905,0.352943,0.233589,0.046803,-0.186712,-0.341612,0.076345,0.1356,-0.588804,0.081652,-0.286795,-0.274417,0.069558,0.034445,0.134636,-0.182748,-0.062512,-0.235137,-0.241065,-0.346595,-0.299663,-0.23829,-0.345891,0.161246,-0.169667,-0.146915,-0.369442,0.086291,-0.108445,-0.556589,0.112742,-0.26857,0.718308,0.36953,-0.175032,-0.322645,-0.163766,0.014308,-0.068516,0.005617,0.087926,0.333043,-0.107096,-0.249156,0.165935,-0.174766,-0.368054,-0.088598,-0.075277,-0.104226,0.237161,-0.272339,0.06811,-0.166825,0.508883,-0.357942,0.492647,0.213871,-0.34245,-0.232886,0.108485,-0.184505,0.175507,-0.011562,-0.63348,0.147481,-0.265303,-0.164581,-0.018855,0.235334,-0.220026,0.049428,0.207843,0.005995,0.161728,0.395672,#
10,0.37426,-0.001592,-0.141775,0.042455,0.126893,-0.024816,0.138494,-0.198333,0.032106,-0.293169,1.0,0.298506,0.045637,-0.027266,-0.233286,-0.15053,0.075909,-0.253335,0.041113,-0.019236,0.05691,-0.019897,-0.052551,0.102806,-0.111356,0.206425,0.004062,0.061452,-0.010781,-0.194108,-0.048441,0.187552,0.114032,-0.162862,-0.038718,0.157827,-0.173232,0.146857,-0.102157,0.068136,-0.223216,-0.098526,0.034582,0.064822,-0.027954,0.312902,-0.001672,0.174891,-0.011845,-0.031091,0.121179,-0.043807,0.211048,-0.118909,0.043611,0.021013,-0.067855,0.269227,0.120752,-0.208229,-0.129019,-0.010189,-0.012,0.028281,-0.252703,0.048528,0.152972,0.156505,-0.077553,-0.148819,0.146369,-0.06877,0.185707,-0.164967,-0.029007,-0.138713,-0.011801,-0.042186,-0.032365,-0.006365,-0.043657,0.245083,0.007785,-0.124667,0.101605,0.093969,-0.107072,0.12458,0.078308,0.053025,-0.049038,0.123694,0.128942,0.037851,-0.091934,-0.101309,0.344506,-0.272579,-0.067998,-0.001557,0.243362,-0.062752,-0.032357,0.02643,0.149759,-0.0509,0.092214,0.08672,-0.067256,0.180169,-0.32964,-0.011861,-0.000665,-0.125969,-0.010033,0.155471,-0.176096,0.030383,-0.126602,0.046321,0.021659,0.353997,-0.101393,0.005542,-0.00727,-0.024207,-0.218587,-0.028519,-0.08783,-0.09776,-0.023635,-0.314986,0.150641,-0.20946,0.059005,0.09371,0.081261,-0.103813,-0.084521,-0.002632,-0.052003,0.150149,0.167827,0.194623,0.035288,-0.168845,-0.042745,-0.00401,0.044751,-0.185757,0.43467,-0.183313,-0.149692,0.051961,-0.066958,0.057196,-0.320001,-0.12834,-0.060323,0.03258,-0.037427,-0.0998,0.016937,-0.122848,0.097832,-0.191016,0.127871,-0.164749,-0.225762,0.08453,0.250653,-0.12325,0.106823,0.102685,0.008081,0.186348,-0.062138,-0.007671,-0.120656,0.005952,-0.188225,0.127075,-0.050032,-0.069032,0.022754,0.024034,-0.026204,0.222472,0.287951,0.331754,-0.005305,0.176291,0.104351,-0.228594,0.184438,-0.206037,-0.127716,-0.092095,-0.145014,-0.472438,#
11,0.1688,0.077852,-0.183102,0.096362,-0.084348,0.025356,0.107395,-0.224598,0.235899,-0.092198,0.298506,1.0,0.016201,0.042662,-0.001761,-0.123501,-0.083239,-0.026225,-0.053204,-0.154135,0.037326,-0.226656,0.004324,0.131855,0.003957,-0.032748,0.033242,0.255067,0.062058,-0.082376,0.016409,0.002652,0.002979,-0.039414,0.103764,-0.102286,-0.045048,-0.170124,0.240462,-0.17281,-0.037974,0.136511,-0.070045,-0.017997,-0.110646,0.351002,-0.151478,0.083197,0.047978,-0.062579,-0.247939,0.112307,-0.024382,0.061534,0.218062,-0.073067,-0.166229,0.244374,-0.266548,-0.085653,-0.246741,-0.098377,-0.077095,0.131469,-0.018352,0.076426,-0.002254,0.231412,0.18372,-0.19622,-0.105021,-0.237144,0.018518,0.026659,0.14466,-0.046254,-0.12727,0.103662,-0.31971,-0.052573,-0.236019,-0.206623,0.115298,-0.084169,-0.108096,-0.175497,-0.138469,-0.247916,0.113189,-0.084697,-0.098646,-0.247984,-0.069523,-0.080756,-0.040348,-0.061103,0.162695,-0.028817,-0.109459,0.104445,0.131252,-0.183029,-0.088426,0.142721,0.029079,-0.103651,-0.039446,0.037712,-0.108016,0.139864,0.039307,-0.194802,0.056412,-0.100074,-0.043604,-0.005344,0.040512,-0.01584,-0.022863,0.055562,-0.041914,0.130373,-0.046131,0.196485,-0.063189,-0.042311,-0.177785,-0.084945,-0.236551,0.024688,-0.137136,-0.114924,-0.215516,0.048551,-0.220093,0.123366,-0.241972,-0.259791,0.114994,-0.35997,-0.012169,0.033142,0.09226,-0.02791,0.159771,-0.326021,-0.032679,-0.02854,-0.164141,-0.172029,0.148674,-0.0216,-0.132961,0.065908,0.036818,0.082749,-0.008005,0.077733,0.001781,-0.122124,-0.078025,-0.07512,-0.077056,0.001364,-0.306284,0.023944,0.058176,-0.041817,-0.110676,-0.10123,0.302764,-0.061973,0.103005,-0.023167,0.032915,-0.008538,-0.033078,0.366624,0.083651,0.090166,0.023372,-0.010048,-0.123749,-0.194232,0.23453,0.092522,-0.051712,0.012386,0.105896,0.106973,-0.214819,0.302095,0.078386,-0.000556,-0.089198,-0.027848,-0.179578,-0.040019,0.008082,-0.197963,#
12,0.305542,0.165948,-0.022025,-0.114022,-0.121628,0.015639,0.059446,0.161011,0.054431,0.257202,0.045637,0.016201,1.0,0.390772,-0.053272,0.236458,-0.105489,0.238161,0.117653,-0.030343,0.035867,-0.02267,0.179579,0.102288,0.037039,-0.158709,0.129415,0.060656,0.268654,0.147808,0.04254,-0.054004,0.075964,0.015893,-0.082875,0.177481,0.215423,0.051664,0.004288,-0.118207,0.034538,0.056846,0.06007,-0.136806,-0.136047,-0.311826,0.343753,0.270123,-0.026494,0.089913,0.005607,-0.246269,0.04621,-0.090002,-0.087419,-0.112359,0.092639,-0.275845,-0.058123,-0.009741,0.272454,-0.333261,-0.246892,0.287126,0.150893,0.067563,-0.011371,0.032801,0.034704,-0.087629,-0.038201,0.131975,-0.281614,-0.13295,-0.032706,0.045028,-0.397281,-0.041266,-0.192162,-0.009268,-0.178158,-0.263344,-0.171979,-0.065618,-0.268768,-0.127328,-0.022345,0.002055,-0.051567,-0.006244,-0.258155,-0.079759,-0.184416,-0.253956,-0.174703,-0.059921,-0.241975,-0.043677,-0.036033,-0.40006,-0.061422,-0.268171,-0.175076,0.044289,0.10131,0.05943,-0.263414,-0.116292,-0.046022,0.016195,0.198056,-0.255624,-0.046803,-0.104247,0.096567,-0.080199,-0.195641,-0.131398,0.162545,-0.218208,-0.113227,-0.075226,-0.300652,-0.073117,-0.294117,-0.060342,0.07088,0.012679,-0.198178,-0.373771,-0.012442,0.004733,-0.194427,0.083686,-0.102339,-0.00773,-0.05766,-0.173967,0.200794,-0.27419,-0.334168,0.13213,-0.088623,-0.123064,-0.297733,0.000677,-0.291187,0.349425,-0.266248,-0.123291,-0.341684,-0.054852,-0.032265,-0.265397,0.100481,-0.431805,0.181885,0.148021,-0.210981,-0.185075,0.070857,0.110816,-0.064817,0.088697,0.260854,0.052785,0.037611,0.152357,-0.172274,-0.119778,-0.074317,-0.1682,-0.252621,-0.145934,0.083663,-0.200925,-0.27956,0.186109,0.14047,-0.191058,0.141232,0.001997,-0.012343,-0.070589,0.356468,-0.149424,0.180779,0.139576,-0.10324,0.294478,-0.255013,-0.051176,0.104731,0.316205,0.042799,0.012944,0.125474,-0.037874,0.044688,0.153453,#
13,0.161161,0.317701,-0.006495,-0.325702,-0.30729,-0.090678,0.045126,-0.189879,0.257427,0.484997,-0.027266,0.042662,0.390772,1.0,0.075984,-0.015921,-0.322262,0.075577,0.327808,0.30476,0.061911,0.216809,0.259791,-0.105047,-0.085327,-0.06356,0.129604,0.275251,0.27167,-0.069568,0.214002,0.08283,-0.117275,0.115654,-0.152417,-0.114231,0.088517,0.136452,-0.045278,-0.364282,0.070971,0.20115,0.062543,-0.219367,-0.16482,-0.427642,0.094702,0.323587,-0.215073,-0.097438,-0.069444,-0.248798,0.191415,-0.162901,-0.171724,0.011756,-0.084716,-0.15079,-0.15413,-0.128293,0.406821,-0.094602,-0.276345,0.016219,0.101467,-0.035375,-0.044465,-0.126515,-0.097477,0.071976,-0.0544,0.122854,-0.16592,-0.263641,-0.188731,0.122514,-0.186042,-0.037111,-0.150073,0.279021,-0.018362,-0.331744,-0.210384,-0.034255,-0.211823,0.269788,-0.228484,-0.104514,-0.165414,-0.06294,-0.21862,-0.106168,-0.231315,-0.223447,-0.26976,-0.001135,-0.388539,-0.032079,0.193806,-0.241764,-0.3672,-0.212668,-0.209258,-0.124675,-0.084857,-0.148945,0.157706,-0.344122,0.107377,-0.135158,0.316126,0.05889,-0.357935,-0.03016,0.213177,-0.20142,-0.277721,-0.291961,0.224913,-0.142979,-0.046432,0.075312,-0.105802,-0.122559,-0.34423,0.103322,-0.01279,-0.055797,-0.2273,-0.357744,-0.037928,-0.200887,-0.466941,-0.078248,-0.049502,-0.08921,0.109389,-0.168107,0.23573,-0.346084,-0.060933,-0.033513,-0.029983,-0.291846,-0.251461,0.083334,-0.333997,0.242252,-0.217278,0.033088,-0.264906,0.253665,0.003436,-0.303953,-0.071505,-0.223643,0.52527,0.268768,-0.022095,-0.305191,0.031632,-0.136723,0.090354,-0.160516,0.21327,0.540765,0.090898,0.095316,-0.134474,-0.023075,-0.216393,-0.137216,-0.193154,-0.124079,-0.01097,-0.263196,-0.024143,0.089312,0.360646,-0.365383,0.304655,-0.209893,-0.016403,0.029713,0.006962,-0.09286,0.024915,0.061496,-0.430515,0.226161,-0.223577,0.022832,-0.137877,0.234981,0.080543,0.005188,0.063845,-0.116561,0.154151,0.291834,#
14,0.070385,-0.118487,-0.069112,0.001371,-0.093885,0.180212,-0.001708,0.099901,-0.026899,0.001232,-0.233286,-0.001761,-0.053272,0.075984,1.0,-0.183243,0.049039,0.013749,0.11722,0.204574,0.146572,0.036526,0.191897,0.153749,-0.080527,0.176126,0.176255,-0.001599,0.068396,-0.157694,-0.026845,0.12647,0.203253,0.082299,-0.15263,-0.310184,-0.175735,-0.001123,-0.061395,-0.175467,-0.117101,0.086606,-0.071803,0.093899,0.245993,-0.214561,0.090531,-0.053307,0.043005,-0.19838,0.090037,-0.039185,0.055402,-0.207975,-0.207449,0.193773,-0.071479,0.069677,-0.090508,0.122586,0.118451,0.201353,-0.168048,-0.133014,-0.167379,-0.267442,0.025366,-0.226269,-0.03806,-0.031522,-0.181284,-0.063628,-0.059158,0.13045,-0.161378,-0.105778,-0.182118,0.173202,-0.332418,0.373537,0.176407,-0.234633,-0.159409,-0.079204,0.009478,0.123214,0.209915,0.007595,0.218022,-0.003165,-0.098545,-0.06889,0.069285,-0.182544,-0.027372,0.059446,-0.218087,-0.045346,-0.125989,-0.059579,-0.081092,0.104314,-0.057017,-0.381217,-0.090252,0.065067,-0.271085,0.024734,0.223584,-0.000657,-0.042168,0.119963,0.038395,0.155127,0.328709,0.032812,-0.038316,-0.133913,-0.05012,-0.38473,0.044808,-0.326008,0.176827,0.214365,-0.065658,-0.051605,0.085182,0.091921,-0.152708,0.127642,-0.09484,-0.04573,-0.182266,-0.069283,0.005534,0.050278,-0.158518,-0.058495,0.236822,-0.033172,-0.081341,-0.017942,-0.183491,0.088675,-0.152414,-0.14101,0.227761,0.004983,-0.246476,0.20764,-0.04817,-0.202224,0.0785,0.173164,-0.131475,0.216581,0.281535,0.026329,-0.045487,0.346309,0.055821,-0.086664,0.100607,-0.240713,0.181282,0.135922,-0.012884,0.001661,0.155125,-0.049299,-0.274677,-0.156981,-0.114202,0.141278,-0.078504,-0.228687,0.134227,-0.135815,0.218888,-0.047013,-0.011773,0.109051,0.187596,-0.11561,0.093774,-0.214862,0.059252,-0.06884,-0.039583,-0.082841,-0.013636,0.089616,0.017063,0.052834,-0.262002,0.233202,-0.196291,-0.044251,-0.174592,-0.090012,#
15,0.004257,-0.007812,0.047519,-0.086843,-0.027747,-0.136909,-0.025387,0.044206,-0.094287,0.017822,-0.15053,-0.123501,0.236458,-0.015921,-0.183243,1.0,0.194146,0.187539,-0.184867,0.096625,-0.256195,0.082846,-0.04206,-0.129195,0.233679,-0.00781,-0.125246,0.142032,0.061819,0.012697,0.039817,-0.247179,0.035584,0.16544,-0.0348,0.082893,0.047892,0.122813,0.123916,0.018535,0.089466,-0.117557,0.135279,0.189299,-0.149542,-0.01184,0.154583,-0.046108,-0.016075,0.260156,0.115703,-0.16526,-0.137575,0.018941,0.134839,0.031731,0.181163,-0.179807,0.025806,0.145113,-0.003116,0.093129,0.172915,0.165888,-0.03039,-0.198164,-0.018282,-0.028404,-0.320551,-0.191629,0.095034,0.251512,0.123512,0.102772,0.060935,0.19682,-0.043438,-0.103334,0.262578,-0.134868,0.014304,0.039631,-0.137121,0.168069,0.036405,-0.330323,0.151873,-0.233527,-0.126431,0.232019,-0.163008,0.075112,-0.087912,0.053097,-0.149489,-0.084885,0.12336,0.084271,0.004456,0.135927,0.003686,0.038329,-0.155758,0.260745,0.059351,0.111506,0.072758,0.088327,0.109412,-0.180924,0.037382,-0.143666,0.124324,0.20131,-0.18451,-0.030596,0.215303,-0.169344,-0.066966,-0.000789,-0.133949,0.106818,-0.188761,0.030255,0.017356,-0.084226,-0.017773,0.274522,0.039814,-0.030638,-0.065936,0.02135,-0.009501,0.28335,0.116349,0.001622,-0.062575,-0.279946,-0.133243,0.108497,0.12717,0.075997,-0.147076,-0.253362,-0.034886,0.139935,0.003246,0.229042,-0.107569,0.007562,-0.136365,-0.001198,0.082961,-0.033156,0.038915,0.118288,-0.022621,0.100255,0.080655,-0.00726,0.112541,-0.105441,0.236595,-0.016132,0.089247,-0.044555,-0.143954,0.298901,-0.104177,-0.018302,-0.003611,0.118587,0.185197,-0.003071,-0.11054,0.130149,-0.126743,0.248401,-0.149682,-0.065563,0.02899,-0.11901,0.137772,0.141237,-0.086252,0.131873,0.14241,0.005882,-0.049133,-0.093896,0.004762,-0.185691,-0.034318,0.099662,0.065724,0.058292,0.033313,0.086698,0.351273,0.211495,#
16,-0.03349,0.199365,-0.000932,0.05753,0.189906,0.257964,0.213625,0.171877,-0.251217,-0.365866,0.075909,-0.083239,-0.105489,-0.322262,0.049039,0.194146,1.0,-0.01385,0.073046,-0.051305,-0.124087,0.056423,-0.165964,0.004057,-0.143007,0.208187,-0.031145,0.064029,0.030811,-0.048507,-0.20027,-0.044802,0.016522,0.195919,0.168562,0.110819,-0.210884,-0.070576,-0.032188,0.172085,-0.243376,-0.26983,-0.004628,0.15574,-0.007281,0.301027,-0.048592,-0.478808,-0.027787,0.244289,0.086584,-0.115644,-0.205982,0.163856,0.133896,0.026709,0.155816,0.06873,0.113034,-0.077218,-0.221014,-0.056393,0.143112,-0.208376,-0.203166,-0.198862,0.134374,-0.050294,-0.303209,-0.120812,0.207296,-0.147065,0.046759,0.060761,-0.086431,0.049443,0.000412,-0.25366,-0.036136,-0.182115,-0.12072,0.071918,0.05285,0.03329,-0.00588,-0.283751,0.283272,-0.009244,-0.099185,0.26011,-0.120813,-0.033727,-0.132318,-0.079378,0.083144,-0.058544,0.289653,-0.243644,-0.240656,0.041785,0.090241,0.240816,0.051372,0.150289,-0.263812,-0.218758,0.02231,0.2028,0.049398,-0.171329,-0.207482,0.096658,0.09575,0.223321,-0.410189,-0.094128,-0.057053,-0.039493,-0.151769,-0.088065,-0.212059,-0.001019,-0.321221,0.120765,0.128309,-0.275229,-0.333643,0.131297,-0.07007,0.078884,-0.113044,-0.031812,0.210032,-0.009064,-0.013976,0.129517,0.439834,-0.15687,-0.100955,-0.019101,-0.032111,-0.05952,0.054118,0.195267,-0.002051,0.009507,0.011999,0.077761,0.039218,-0.241444,0.187131,-0.146484,0.180803,0.109414,0.009831,0.038143,-0.275222,0.020091,-0.053372,0.299332,-0.076748,-0.072072,0.116186,-0.215541,-0.065044,-0.163428,-0.018578,0.142959,0.003732,0.116588,0.265292,-0.113663,0.096329,0.05627,-0.140763,0.081815,-0.103521,0.310369,-0.160448,-0.070295,0.010748,0.014832,0.495087,0.218151,0.075911,-0.096679,0.10021,-0.03287,0.172466,0.143864,0.056988,0.158489,-0.025078,-0.03144,-0.137312,0.18951,0.103804,0.04888,-0.205005,-0.208389,#
17,-0.340347,0.041544,0.375811,-0.040199,-0.133542,0.12373,0.224189,0.010363,0.098143,0.250423,-0.253335,-0.026225,0.238161,0.075577,0.013749,0.187539,-0.01385,1.0,-0.167869,0.267974,-0.088671,-0.309922,0.189138,-0.061438,0.105933,0.058814,0.028406,-0.068378,0.103068,0.00104,0.01526,-0.320768,-0.102473,0.136898,-0.102979,0.180761,0.065338,-0.005435,0.109832,-0.104773,0.065817,-0.136714,-0.090016,-0.064312,0.068222,-0.176508,-0.138101,-0.058722,0.305783,-0.011506,-0.071521,-0.091965,0.168661,0.098173,0.059151,0.031883,0.10577,-0.227632,-0.099505,0.126511,0.067506,0.028616,-0.063951,-0.180238,0.14114,0.09511,0.065552,0.070567,0.000586,0.005282,-0.196211,-0.14786,-0.379856,0.060901,-0.178001,-0.099467,-0.122319,-0.151857,-0.167614,0.152968,-0.141847,-0.201723,-0.216148,0.484783,-0.241712,-0.05767,-0.041371,-0.124657,-0.223351,-0.113893,0.039801,-0.115536,-0.428434,0.006564,-0.057574,-0.014636,-0.310039,0.128922,-0.015666,-0.058544,-0.459755,-0.287382,-0.087206,0.183696,0.006547,-0.129975,0.113159,-0.062112,0.265841,-0.044936,0.150892,-0.137367,-0.131825,-0.018612,0.002177,-0.092265,-0.161914,-0.085673,0.044225,-0.102256,-0.238837,-0.072616,-0.043183,-0.279839,-0.216612,-0.029086,0.246253,0.178609,-0.168319,-0.073754,0.041206,0.203087,-0.331575,-0.044103,-0.126648,-0.009538,0.209746,0.048457,-0.275039,-0.112116,-0.20746,0.050337,-0.17021,-0.385947,-0.051176,-0.091275,0.032096,0.318658,-0.064826,0.020645,-0.306355,-0.103939,0.190481,-0.111019,0.015686,-0.019248,0.214234,0.295949,-0.124673,-0.06323,0.134194,-0.065928,-0.039207,0.299486,0.210569,0.049743,-0.109596,-0.023316,0.175655,0.061144,-0.135312,-0.069807,-0.066142,-0.221436,-0.217085,-0.107717,0.003646,0.054747,0.068508,-0.134395,0.260164,-0.075809,-0.066109,-0.197206,0.304745,-0.067928,0.123965,0.060055,-0.377579,0.023881,0.042151,-0.301938,-0.249561,0.114363,-0.314858,-0.015742,0.096261,0.241809,0.003504,0.453526,#
18,0.318405,0.236353,-0.018389,-0.184422,0.081837,0.148513,0.240152,-0.054103,0.013,-0.01064,0.041113,-0.053204,0.117653,0.327808,0.11722,-0.184867,0.073046,-0.167869,1.0,0.052813,0.089703,0.238697,0.310271,-0.066731,-0.045694,0.034666,-0.123426,0.181095,0.405847,-0.019627,-0.070889,0.161852,0.01759,0.099819,0.031933,0.059022,-0.05784,0.007335,-0.11489,-0.004532,0.016023,-0.018698,0.069228,-0.295953,-0.07725,-0.028791,0.064817,0.03456,-0.157907,-0.142592,0.099541,-0.045259,0.019108,-0.116266,-0.235639,0.092894,-0.089201,0.057935,0.029893,0.001246,0.170901,-0.093066,-0.13197,-0.109189,-0.165778,0.023815,-0.287154,-0.059332,-0.037876,0.156947,-0.172647,0.165013,0.001231,-0.36812,-0.317174,0.030526,0.092208,-0.072012,-0.184021,0.115614,0.219651,-0.140766,0.020534,-0.436774,0.057584,0.102799,-0.151935,-0.006111,-0.116857,-0.139144,-0.137429,-0.008474,0.027324,-0.293648,0.305368,-0.290198,-0.178111,-0.116996,-0.227068,-0.075121,0.095128,-0.015819,-0.009216,-0.238492,-0.0982,-0.243479,-0.229503,-0.090744,-0.21272,-0.239809,-0.039367,0.15124,-0.369021,-0.066167,0.167119,-0.050492,-0.050347,-0.004262,0.080826,-0.09758,0.051529,-0.043572,0.022574,0.076183,-0.29622,0.0283,0.08651,0.003348,-0.100259,-0.027301,-0.156795,-0.298047,0.049343,0.030468,0.028393,0.091272,0.131004,0.107178,0.370739,-0.120106,-0.246158,-0.004792,0.046895,-0.159111,-0.015781,0.101171,-0.093252,0.012738,-0.311527,0.001798,0.070933,-0.125815,0.121377,-0.11131,0.095531,-0.109838,0.103907,0.015887,-0.188547,0.015841,0.215121,0.043205,0.209075,-0.298295,0.015494,0.261721,0.320754,0.192182,-0.134665,-0.060172,-0.008377,-0.149071,-0.057619,0.055872,-0.052049,-0.141764,-0.135681,0.195737,0.21079,-0.212668,0.149117,-0.192608,0.057976,0.262541,-0.104394,-0.050673,0.0963,0.190247,0.032297,0.055467,-0.241804,0.178842,0.014117,0.118866,0.146679,0.090424,-0.142083,-0.048825,-0.175165,-0.098355,#
19,-0.043165,-0.069138,0.15994,-0.143966,0.021793,-0.134644,0.162977,-0.288852,0.235972,0.225744,-0.019236,-0.154135,-0.030343,0.30476,0.204574,0.096625,-0.051305,0.267974,0.052813,1.0,0.046028,-0.042095,0.214547,-0.012737,-0.192572,-0.005842,0.201476,0.089004,0.378481,-0.272418,0.059232,0.107357,0.132186,0.077358,-0.141281,-0.108725,0.040354,0.062651,-0.064864,0.083225,0.166495,-0.025947,-0.118741,-0.110096,0.016013,-0.249878,-0.112205,0.20695,-0.150169,-0.083421,0.032384,-0.133847,0.097939,0.123536,0.003656,0.036483,-0.05491,-0.117487,0.074576,0.02382,0.016744,-0.056255,-0.033331,0.008008,0.064099,-0.274473,0.089341,0.099188,-0.111392,0.202968,0.024892,-0.018891,0.115481,-0.154884,-0.391983,-0.086548,-0.014885,-0.010841,0.056323,0.249047,0.12373,0.069725,-0.164575,0.169007,-0.073017,0.444119,0.099123,-0.27569,-0.022522,-0.151992,-0.176139,0.151778,-0.204596,-0.060756,0.116826,0.141297,-0.119877,-0.052291,-0.006872,0.063236,-0.380469,0.106439,0.040334,-0.202131,0.203935,-0.002688,0.195465,0.112929,0.398599,-0.125071,0.072411,-0.09103,-0.051041,0.071479,0.171234,-0.042887,-0.126594,-0.056924,0.059183,-0.159545,-0.201572,0.015256,0.0714,-0.237072,-0.095363,0.247668,0.215124,0.170278,0.185826,0.150193,0.294917,-0.081078,-0.177178,-0.069076,0.20966,0.000472,0.117412,0.138845,0.018437,0.202158,0.102481,0.154152,-0.042412,-0.121784,-0.10399,-0.02302,-0.022674,-0.044206,-0.084409,0.078366,-0.197826,0.080365,0.239883,-0.177756,-0.025325,0.153211,0.330445,0.046946,-0.075588,-0.074113,0.293816,-0.129929,0.19555,-0.119174,0.014661,0.135193,0.272565,-0.077641,0.111315,0.115518,-0.260474,-0.116599,-0.191978,-0.019733,-0.351158,0.048361,0.320114,-0.107749,0.252841,-0.125779,-0.000158,-0.021613,-0.043897,-0.055256,-0.22239,-0.257669,0.263948,0.093136,-0.204935,-0.019351,0.243693,-0.236934,-0.277616,0.091376,0.047967,-0.01141,-0.26687,-0.112238,0.276149,0.215399,#
20,0.004708,0.203684,-0.102457,0.236843,-0.178072,-0.171529,-0.176584,0.14214,-0.117888,-0.148582,0.05691,0.037326,0.035867,0.061911,0.146572,-0.256195,-0.124087,-0.088671,0.089703,0.046028,1.0,0.042651,0.112329,-0.186069,-0.140965,-0.188967,0.191605,0.152962,-0.263476,-0.217593,0.094546,0.003439,0.378465,0.028358,-0.251612,-0.340317,-0.173933,-0.110015,0.124597,-0.197824,0.13203,0.169965,-0.36566,-0.017624,0.161193,0.031066,0.078985,0.073011,-0.086039,-0.203601,-0.105877,0.292655,-0.047506,0.072807,0.016628,0.0463,0.077724,0.209362,-0.416554,0.105916,-0.211607,-0.040071,-0.030001,0.157304,0.195541,0.055153,-0.07825,0.06254,0.117967,0.243594,-0.113188,-0.216456,-0.022665,0.142747,-0.229622,-0.129177,-0.031607,0.336603,0.084648,0.033096,0.162573,0.038779,0.1479,0.076144,0.143911,0.05241,0.027313,0.22879,0.394217,0.030073,0.156175,0.229484,0.167754,0.179302,0.287925,0.188912,0.029288,-0.159999,0.027304,-0.008365,-0.028599,-0.081839,0.275359,0.077081,0.192797,0.165069,0.054526,0.199013,-0.090392,-0.114225,0.044551,-0.151764,-0.112603,0.150422,0.210862,0.060642,0.085291,-0.174929,-0.16802,0.11012,0.188932,-0.119513,0.120941,0.16735,0.016784,-0.050157,0.154984,-0.280928,0.030353,0.047793,0.14344,0.06939,0.017263,-0.201968,0.179875,0.244169,-0.05621,0.360892,0.187131,0.031696,0.008425,0.34385,0.126764,0.103896,-0.005978,-0.098336,0.117515,-0.323728,0.162099,0.296631,0.140291,0.034031,0.168605,0.137233,0.091812,-0.053882,0.056553,-0.262323,-0.033406,0.165692,0.228159,0.045138,0.008292,-0.101606,-0.026473,-0.106232,0.394038,-0.066703,0.041018,-0.23455,0.03344,-0.048865,-0.227622,-0.143393,-0.027761,-0.015997,0.119325,-0.190077,0.073912,0.155512,-0.244253,-0.170064,0.073083,-0.110318,-0.041496,-0.020372,-0.126974,-0.029906,-0.077188,0.109507,0.216456,-0.136966,-0.141691,0.007785,0.040725,-0.269753,-0.234418,-0.351155,-0.21169,-0.078561,#
