0,1.0,0.255882,-0.10775,-0.125649,0.250162,0.260057,0.038079,0.110009,-0.249278,0.240542,-0.008542,-0.102438,0.469881,0.210858,0.116763,-0.006775,0.092063,-0.026773,-9e-05,-0.191577,0.183781,0.320999,0.123899,-0.171346,-0.201761,-0.270711,0.047581,-0.199039,0.281627,0.248704,0.173025,0.056238,0.133527,-0.153802,-0.105703,0.043629,-0.0188,-0.162403,-0.004135,-0.329007,0.027371,0.099592,0.044876,0.158452,-0.212664,-0.25407,0.191947,0.058877,-0.223713,-0.178081,-0.090404,-0.175337,0.06477,-0.191296,0.174049,-0.029512,-0.134885,-0.012634,0.088741,0.218794,0.406236,0.225082,-0.198183,-0.115613,0.057566,0.17524,-0.112737,0.258098,0.02351,-0.248468,-0.121217,0.091102,-0.365383,-0.210523,-0.471177,0.327314,-0.138892,-0.19388,-0.395015,-0.103914,-0.128857,-0.3007,0.021162,0.019579,-0.224137,-0.106733,-0.095669,-0.024362,-0.112059,-0.37797,-0.198928,-0.417924,-0.178466,-0.114362,0.121103,-0.166427,-0.068931,-0.1536,-0.084777,-0.04837,0.127154,-0.276273,-0.227085,-0.039798,-0.056901,-0.25279,-0.230723,-0.010877,-0.412634,-0.087264,0.107228,0.209839,-0.226203,-0.207257,-0.113757,0.081985,-0.405445,-0.318264,0.067969,-0.254985,-0.367583,-0.037249,-0.013092,-0.247435,-0.142039,0.087208,-0.072911,-0.06042,-0.07806,0.076973,-0.136655,-0.241878,-0.124101,-0.025,-0.538818,-0.117746,-0.077641,-0.272812,0.330521,-0.306459,-0.125418,-0.120426,-0.147395,0.037136,-0.051264,-0.110753,-0.076094,0.182453,-0.362169,-0.441204,-0.091629,-0.417835,-0.044131,-0.217319,-0.031359,-0.171053,0.325376,0.288756,-0.243484,-0.341893,-0.047873,-0.257021,0.042244,-0.338457,-0.095429,0.206007,-0.349617,-0.158129,-0.126124,-0.257756,0.168177,0.099532,-0.410495,-0.00524,0.068886,-0.411741,-0.174758,0.183237,0.20963,0.003257,0.183032,-0.026914,-0.008255,0.121929,0.297521,-0.138556,0.3589,-0.084484,-0.162699,0.317093,0.068382,0.223467,0.232515,0.088501,-0.111979,0.216196,-0.148831,-0.225763,0.012563,0.300949,#
1,0.255882,1.0,0.219036,-0.234303,0.077825,0.189679,0.348324,0.244334,0.267631,0.382005,-0.166786,-0.178295,0.412578,0.194105,0.448122,-0.134513,0.032717,0.303943,0.221229,-0.116832,-0.122258,0.163185,0.350313,-0.090204,-0.139624,-0.330903,0.130663,0.04444,-0.069164,0.254086,-0.232629,0.030473,0.304708,-0.04013,-0.132956,0.303057,0.105665,-0.132101,-0.004579,-0.084933,-0.142802,0.223354,0.008586,0.20945,0.350364,-0.45256,0.325117,-0.078461,0.153616,0.16501,0.013476,-0.257957,-0.032664,-0.282079,-0.040829,-0.286576,-0.154853,-0.402673,-0.162608,-0.09539,0.126539,0.169186,-0.37173,-0.025656,0.19508,0.194941,-0.011023,0.122325,0.244204,-0.148402,0.052009,-0.008235,-0.127184,-0.484961,-0.296879,0.361772,-0.249647,-0.519267,-0.14718,-0.273399,-0.083328,-0.393419,-0.289342,0.141892,-0.409365,-0.080961,-0.282022,-0.172604,-0.254259,-0.318299,-0.246519,-0.289477,-0.56035,-0.068361,-0.144561,-0.174003,0.122177,-0.178133,0.050662,-0.212421,-0.015139,-0.243097,-0.249313,-0.162179,-0.249287,-0.146395,-0.550993,-0.070269,-0.551075,-0.232972,0.117705,0.476937,-0.218972,-0.333782,-0.142513,-0.217888,-0.253994,-0.546259,0.117241,-0.553843,-0.359577,-0.368856,-0.525427,-0.272123,-0.280629,-0.097365,0.126682,0.235413,-0.176886,-0.135686,-0.164221,-0.195371,-0.334649,-0.052864,-0.336076,-0.32202,0.230094,-0.214879,-0.065715,-0.399901,-0.238877,-0.158251,-0.464225,-0.251938,-0.0038,-0.081273,-0.29107,0.397477,-0.171186,-0.300492,-0.323271,-0.531257,-0.03741,-0.198353,-0.260139,-0.379956,0.310199,0.420397,-0.2486,-0.240122,0.012846,-0.035124,0.263588,0.087391,-0.102932,0.3296,-0.202041,-0.082277,-0.22154,-0.094099,0.098646,-0.011137,-0.294138,-0.214142,0.247478,-0.24733,-0.217445,0.557386,0.463065,-0.611557,0.387088,0.165775,-0.22942,-0.133339,0.279074,-0.194477,0.354019,-0.089602,-0.386939,0.459755,0.145798,0.302997,0.376844,0.434403,-0.207508,0.058327,0.033759,-0.116563,0.209896,0.117687,#
2,-0.10775,0.219036,1.0,0.28831,0.003718,-0.061803,0.163889,0.045456,0.368484,-0.145425,-0.078418,-0.136789,-0.189837,-0.110781,-0.018882,-0.171933,-0.15101,0.222649,-0.065053,0.179434,-0.005231,0.144763,0.046056,-0.010388,0.219773,-0.199324,0.401925,0.268732,0.014573,-0.004856,0.018732,0.112122,-0.132831,-0.053849,0.083052,0.113581,0.273272,-0.201721,0.198319,-0.104592,0.138296,0.126808,-0.064423,0.087035,0.050553,-0.148994,-0.04318,0.461779,0.262085,-0.051218,-0.182705,0.141904,0.189468,0.037368,-0.285891,0.042994,-0.022593,-0.342106,-0.287743,0.07277,-0.219578,-0.248947,0.085179,0.097896,-0.069216,-0.064397,0.195874,0.147269,0.150272,0.327032,0.423711,0.322095,0.043512,0.044512,0.153951,-0.01607,0.035949,-0.307354,0.046086,-0.229224,0.278659,-0.034061,0.051158,0.123679,-0.038841,0.347328,0.003696,0.081614,0.094453,-0.053836,0.105303,0.054406,0.024822,0.190096,0.141437,0.136941,0.401968,0.040218,0.131445,-0.111202,0.018792,0.200372,0.119921,0.04233,0.113236,0.01792,0.00128,0.140597,-0.405584,0.065853,0.428832,-0.020155,0.056004,0.006924,0.479203,-0.029317,-0.054475,-0.099326,-0.010796,0.036162,0.121657,0.039398,0.014672,-0.044772,0.137296,-0.116521,-0.057446,0.21515,-0.135,0.056409,0.459313,-0.189165,0.091136,0.022062,0.184273,0.187785,-0.057278,0.356195,0.2045,0.119405,0.029235,0.102396,-0.027882,-0.178474,-0.087755,0.067357,-0.302675,-0.000196,0.264922,-0.007058,0.030654,-0.097293,0.196177,-0.034381,2e-05,0.002257,-0.001526,0.13053,0.113181,0.161886,0.2717,0.150943,0.03467,0.166679,-0.04806,-0.20835,-0.001591,0.02755,0.022897,0.159966,-0.165344,-0.181716,-0.099875,0.164769,-0.253783,0.301444,0.056948,0.152672,0.107833,-0.313506,0.128688,-0.102997,-0.187088,0.078428,-0.227264,0.119038,-0.055218,0.100606,-0.121026,-0.10402,0.323332,-0.05667,-0.006909,0.13359,-0.272225,0.162348,-0.150101,0.052371,0.138307,-0.069832,#
3,-0.125649,-0.234303,0.28831,1.0,-0.198684,-0.164657,-0.27609,-0.333755,-0.165717,-0.185675,0.092816,0.051063,-0.308585,-0.145996,-0.306542,-0.153976,-0.06267,0.006939,-0.139902,0.322897,0.178042,0.063269,-0.151316,0.204887,0.300739,0.253566,0.063184,0.176465,0.00121,-0.30364,0.379748,0.039106,-0.129876,-0.049924,0.110772,-0.24163,0.015379,0.075828,-0.160889,-0.053141,0.027021,0.017274,-0.141488,0.020796,-0.066045,0.333252,-0.137692,0.06388,0.130246,-0.157323,-0.030444,0.436768,0.081781,0.097621,-0.122405,0.03702,0.288521,0.084035,0.059906,0.343357,-0.168403,-0.324576,0.102297,-0.126947,0.069887,-0.247755,0.104525,0.229452,-0.035973,-0.050158,0.092682,0.149227,0.236598,0.165399,0.091946,-0.362058,0.224307,0.129654,0.178524,-0.027927,0.285319,0.521831,0.213942,0.127348,0.252449,0.081912,0.306537,0.156472,0.166535,-0.063074,0.255218,0.165858,0.424022,-0.077287,0.413143,0.149218,0.119389,0.030431,-0.060013,0.27427,0.031385,0.256991,0.369847,0.028872,0.328517,0.389802,0.200842,0.058778,0.230699,0.140432,-0.145974,-0.18988,0.220634,0.238308,0.224768,0.169647,0.246897,0.05969,-0.082831,0.270328,0.258001,0.221341,0.457871,0.173394,0.134555,0.072063,0.060588,-0.055203,0.189881,0.277296,0.230634,0.136002,0.293372,0.219397,0.37231,0.380741,0.038087,0.178162,0.138086,0.391188,0.205736,0.121866,0.157331,0.049557,0.283325,0.240067,0.246831,-0.29738,0.287067,0.257802,0.250098,0.320262,0.106073,0.398391,0.100275,0.185234,-0.345299,-0.165463,0.176373,0.198485,-0.17703,0.185363,-0.227686,0.04482,-0.124107,-0.322361,0.105331,0.130562,0.235643,0.267369,-0.304253,-0.02517,0.418729,0.14901,-0.4052,0.387105,0.228497,-0.129714,-0.446233,0.17702,-0.318328,-0.230348,-0.056036,-0.0217,-0.190324,0.179514,-0.152074,0.272415,0.481769,-0.299479,0.19121,-0.216998,-0.161576,-0.249789,-0.184501,-0.001955,-0.272198,0.109689,0.105341,-0.291175,#
4,0.250162,0.077825,0.003718,-0.198684,1.0,0.144889,0.062591,0.210126,-0.218687,-0.093761,0.113783,0.004634,0.214123,-0.045888,0.139342,0.065738,0.073104,0.069758,0.187569,-0.076053,-0.161523,-0.095987,0.045535,-0.253452,0.0592,-0.201111,-0.216505,0.002868,0.062201,-0.051872,-0.193053,-0.180294,-0.101434,-0.195498,-0.225143,0.070952,-0.182517,-0.193493,-0.060706,0.021144,-0.106658,-0.150857,-0.026582,0.04707,-0.162786,-0.038622,0.000105,0.232033,-0.065565,-0.025362,0.255825,-0.030076,0.048707,-0.159914,0.197684,0.111103,-0.21786,0.069821,0.015333,-0.259915,-0.052068,0.070162,-0.147399,0.153336,-0.104916,0.358587,0.134232,-0.141538,0.046541,0.066261,-0.036461,0.01462,-0.22924,0.056097,-0.108521,0.467891,-0.036169,-0.39503,-0.187644,-0.301738,-0.129818,-0.274086,-0.153287,0.093702,-0.12191,0.026691,-0.002129,-0.102509,-0.114644,-0.131102,-0.059998,-0.324707,-0.050386,-0.192031,-0.152279,-0.019339,0.19207,-0.289646,0.031029,-0.024198,0.149065,-0.22179,-0.127435,-0.210131,-0.194329,0.030754,-0.053274,-0.133198,-0.211814,-0.203763,-0.001205,-0.028317,0.015594,-0.212267,-0.132487,-0.102843,-0.30377,0.09527,-0.08132,-0.025898,-0.246002,-0.12723,0.128616,-0.064076,0.033268,-0.093278,0.065449,0.015354,0.008816,-0.087783,-0.1256,-0.246243,-0.194438,-0.14498,-0.297424,-0.106838,0.001731,-0.27918,-0.10069,0.050125,-0.125283,-0.227825,-0.093232,-0.013644,-0.014558,-0.070333,-0.256364,0.084157,-0.112903,-0.436309,-0.302566,-0.188676,-0.472867,-0.090165,-0.278893,-0.189058,0.061829,0.275167,-0.066897,-0.135839,-0.153624,-0.222505,-0.088215,0.021788,-0.009034,0.045369,-0.093899,-0.033438,-0.109669,-0.070204,0.145038,-0.051986,-0.109351,-0.029667,0.217476,-0.095481,-0.005375,0.181223,0.195068,-0.101951,0.191563,-0.035895,0.250282,0.068982,0.165689,-0.391817,0.084904,-0.121533,-0.235984,0.019988,0.025796,0.065854,0.265247,-0.079922,-0.016258,-0.157306,0.116907,-0.015325,-0.303742,0.205511,#
5,0.260057,0.189679,-0.061803,-0.164657,0.144889,1.0,0.234466,0.266916,0.01849,0.02547,0.283583,-0.021244,0.152495,-0.066621,0.04334,-0.024588,0.397306,0.157996,-0.144386,-0.00328,-0.059108,0.259195,0.213335,-0.106997,-0.229449,-0.330471,0.01437,-0.240585,-0.116852,-0.250182,-0.161093,0.119532,0.083611,-0.179066,-0.106019,-0.133442,-0.004649,-0.026333,-0.040658,-0.184428,-0.067258,0.268968,0.051197,0.242578,0.119691,-0.183488,0.036846,0.141245,0.172122,-0.101889,-0.004301,-0.015057,0.146768,-0.120831,0.041127,-0.073792,-0.091339,-0.274502,-0.034339,-0.237293,0.127463,-0.076655,-0.308084,0.106093,0.110982,0.220154,-0.043595,0.039208,0.17276,0.098867,-0.028984,0.351786,-0.225517,-0.017657,-0.316451,0.315915,-0.411013,-0.135409,-0.233858,-0.114671,0.274097,-0.241886,-0.091999,-0.298706,-0.178678,0.082366,-0.043773,-0.145142,-0.100691,-0.390793,-0.151886,-0.144949,-0.242449,-0.004108,-0.132773,-0.031494,0.012147,-0.252024,0.011531,-0.080949,-0.150083,-0.153181,0.010091,-0.108637,-0.046049,-0.29768,-0.126261,-0.164412,-0.355913,-0.110141,0.144672,0.002427,-0.193628,-0.246379,-0.005435,-0.354369,-0.633413,-0.056563,0.071764,-0.245885,-0.32262,-0.385734,0.060507,-0.463965,-0.143939,0.126021,-0.089029,0.083114,-0.086598,0.046046,-0.114298,-0.119111,-0.178818,-0.211253,-0.180386,-0.14033,0.110064,-0.344529,-0.117722,-0.318257,-0.202253,-0.192312,-0.353348,0.077535,0.066058,0.020897,-0.135347,0.148192,0.010674,-0.206421,-0.032337,-0.031598,-0.135369,-0.114824,-0.019988,-0.230558,0.119673,0.252139,-0.222866,-0.060483,-0.002393,-0.052072,-0.02914,0.165271,-0.06922,0.365849,0.045229,-0.161219,-0.104243,-0.060396,0.278705,-0.133529,-0.381923,0.090568,0.139468,-0.252908,-0.088588,0.117355,0.203083,-0.122837,0.185745,0.122249,0.076399,-0.013788,0.129431,0.050311,0.043032,0.126201,-0.225942,0.018541,0.113091,0.08505,0.198002,-0.154462,0.060163,0.132315,0.086399,-0.189134,-0.160538,0.106449,#
6,0.038079,0.348324,0.163889,-0.27609,0.062591,0.234466,1.0,0.428377,0.42439,0.375351,0.118769,-0.121743,0.342679,-0.107855,0.197074,-0.052924,-0.017776,-0.067377,0.108438,-0.27609,-0.346734,0.176746,0.117461,-0.07624,-0.095842,-0.236386,0.370025,-0.015656,0.27159,0.049038,-0.504321,-0.105659,0.137349,-0.050784,-0.033047,0.148001,-0.154614,-0.129026,0.092495,-0.070095,-0.121707,0.168168,0.086005,-0.200527,-0.04057,-0.291855,0.062616,-0.04316,0.07703,0.20248,-0.129824,-0.1904,-0.007061,-0.216296,-0.043302,-0.095355,0.058122,-0.233519,-0.201695,0.073014,0.120708,0.00076,-0.187328,0.200579,0.180113,0.302671,0.214636,-0.051818,0.348025,-0.084464,0.155885,-0.029581,-0.309805,-0.397332,-0.131998,0.470265,-0.128134,-0.342597,-0.134067,-0.093152,-0.213973,-0.321396,-0.396409,-0.197509,-0.174899,0.377347,-0.120094,-0.148433,-0.082183,-0.351555,-0.305449,-0.168246,-0.368082,-0.074212,-0.038029,-0.167532,0.145903,-0.015709,0.026962,-0.338079,-0.108793,-0.132003,-0.027982,-0.109762,-0.183464,-0.207308,-0.364595,-0.105803,-0.439894,-0.140542,-0.068367,0.191836,-0.266775,-0.458061,-0.083669,-0.306778,-0.207871,-0.053237,-0.18916,-0.116022,-0.163526,-0.261048,-0.131859,-0.407029,-0.32429,0.037719,0.148959,0.379123,-0.162147,-0.180168,-0.281441,-0.569357,-0.545932,-0.027489,-0.030607,-0.148154,0.061847,-0.158991,-0.200412,-0.375645,-0.012447,-0.107237,-0.274569,-0.107466,-0.042525,-0.218681,-0.288821,0.576443,-0.029775,-0.189696,-0.055007,-0.22794,0.035145,-0.319165,-0.216355,-0.2345,0.109528,0.175987,-0.153316,-0.127153,0.027517,-0.016223,0.230332,0.118518,0.091177,0.173871,0.039296,0.003052,-0.255811,0.2774,0.453452,-0.120888,-0.250107,0.015587,0.280895,-0.123648,0.101905,0.238352,0.367071,-0.204074,0.438073,0.27409,0.130908,-0.082992,0.319574,-0.102674,0.17512,-0.009387,-0.274161,0.344727,0.112338,0.257758,0.156068,0.17926,0.018416,0.121416,-0.063423,-0.140097,-0.159562,-0.083572,#
7,0.110009,0.244334,0.045456,-0.333755,0.210126,0.266916,0.428377,1.0,0.141939,0.213515,0.07686,-0.315909,0.328769,0.123878,0.005934,0.1485,-0.049397,-0.0855,0.115683,-0.090654,-0.036286,0.154133,0.029243,0.216021,-0.0531,-0.085732,0.069355,-0.119615,0.090558,0.007849,-0.163197,-0.042797,0.318365,-0.027236,-0.089324,0.047245,0.033335,-0.053803,0.301491,-0.249786,-0.114147,0.173631,-0.019537,0.202799,-0.232436,-0.246387,0.094639,-0.030729,0.120301,-0.03971,-0.206516,0.010561,0.090972,-0.026515,-0.047872,0.019238,-0.008348,-0.22038,-0.234781,-0.03971,0.13222,0.027125,-0.327683,0.202555,0.033862,0.209939,0.213702,0.060885,0.220272,-0.05239,0.268782,0.102348,-0.379796,-0.12607,-0.018703,0.388772,-0.066797,-0.077232,-0.027638,0.007975,-0.088608,-0.112532,-0.044711,0.104112,-0.272234,0.216182,0.159685,0.174134,-0.03435,-0.167588,-0.351043,-0.11441,-0.333561,0.100166,-0.151775,0.120648,0.311183,0.022262,0.323383,-0.3228,-0.092172,-0.098876,0.100145,-0.08055,0.17491,-0.036563,-0.180164,-0.087766,-0.328397,-0.361208,0.077248,0.214963,-0.046757,-0.179745,0.169987,-0.051132,-0.16607,-0.03464,-0.02022,-0.090897,-0.209932,-0.352433,0.002843,-0.252773,-0.01905,0.086264,0.065657,0.095564,-0.198532,-0.147099,-0.221693,-0.132366,-0.153197,-0.165759,-0.146685,-0.127396,0.307389,-0.05387,-0.148119,-0.221684,0.004904,0.141055,-0.202408,0.110196,0.001104,-0.078032,-0.157561,0.202893,0.011609,-0.319529,-0.09923,-0.048093,-0.146328,-0.135798,-0.082731,-0.130867,0.326081,-0.001617,0.025544,-0.027034,-0.041021,0.277885,-0.076671,0.015638,0.196573,-0.005139,0.127241,-0.306593,-0.28129,0.19337,0.199111,-0.113731,-0.310865,0.057787,0.220993,-0.070636,0.27767,0.012233,0.217592,-0.183418,0.255834,0.213005,0.137193,-0.077173,0.234952,0.186824,0.091283,-0.192883,-0.114437,0.230316,0.211657,-0.022353,0.153386,-0.149358,-0.182105,-0.067674,0.037082,-0.139555,-0.011333,0.009856,#
8,-0.249278,0.267631,0.368484,-0.165717,-0.218687,0.01849,0.42439,0.141939,1.0,0.23431,-0.149521,-0.073779,0.153195,0.08665,0.171438,-0.221349,-0.120338,0.33536,0.071621,-0.156864,-0.140134,0.122442,0.167585,0.065386,0.201418,0.095472,0.445835,0.213771,0.025822,0.104039,-0.177859,0.038925,0.042572,-0.144148,0.077278,0.052558,0.136179,-0.17673,0.158117,-0.240286,0.141071,-0.062454,0.178293,0.06062,0.306956,-0.331948,-0.041036,0.061883,0.102058,0.225068,-0.058454,-0.238374,0.077155,-0.022852,-0.369671,0.071358,0.052302,-0.327482,-0.030474,0.107492,-0.081694,-0.234689,-0.139519,0.096604,0.225562,0.172665,0.147826,-0.080975,0.068093,0.191514,0.202312,0.179653,-0.069321,-0.129297,0.041069,0.166772,-0.020976,-0.144172,0.045376,-0.143448,0.084235,-0.119834,-0.280461,-0.029799,-0.108885,0.360504,-0.054656,-0.082916,0.082426,-0.078809,-0.066989,0.207989,-0.315856,0.267796,0.062312,0.009997,0.23537,0.001078,-0.026658,-0.166485,-0.079161,0.262526,0.083783,0.18223,-0.11042,-0.202239,-0.037922,-0.015152,-0.141441,0.046326,0.266209,0.129999,-0.043717,-0.40008,0.208904,-0.041981,-0.094199,-0.12712,0.122125,-0.085742,-0.006685,-0.183677,-0.168018,-0.097799,-0.118976,0.128227,0.117921,0.07496,-0.145569,-0.179217,-0.025537,-0.101628,-0.260812,-0.073895,0.081489,-0.060464,0.039728,0.045932,-0.14165,-0.185914,-0.062974,-0.005021,-0.036802,-0.321583,-0.244115,-0.156627,-0.230682,0.30658,0.16642,-0.019688,0.068378,-0.10899,0.238542,-0.260907,-0.001461,0.036814,0.319068,0.265422,0.010714,0.016789,0.134358,0.217697,0.296486,-0.159618,0.273996,0.137775,0.048068,0.003693,-0.232578,0.167046,-0.014607,0.088384,-0.024208,0.120711,0.067214,0.159561,-0.040991,0.211771,0.473605,-0.266734,0.309983,0.143831,-0.222398,-0.153654,0.028975,0.03582,0.168039,0.012536,-0.268357,0.157214,0.101145,-0.027163,0.047637,0.250931,-0.102465,0.233967,0.159889,-0.044885,0.114368,0.012895,#
9,0.240542,0.382005,-0.145425,-0.185675,-0.093761,0.02547,0.375351,0.213515,0.23431,1.0,-0.302657,-0.026128,0.422724,0.364312,0.361925,0.132797,-0.132597,0.130941,0.19526,-0.201737,-0.219628,0.226391,0.244331,0.047967,-0.153538,-0.168019,0.258358,0.050634,0.140961,0.524946,-0.175329,0.030575,0.211595,-0.089591,-0.247539,0.222684,-0.183555,-0.088685,0.136509,-0.077312,-0.037573,0.041505,0.007158,-0.031942,-0.007285,-0.437833,0.257375,-0.062583,-0.094866,0.196964,-0.134445,-0.116842,-0.000978,-0.34839,0.10225,-0.212877,0.156148,-0.325076,-0.032709,0.057378,0.267053,0.161647,-0.431532,-0.040626,0.249685,0.182867,-0.004292,0.233376,0.047438,-0.229869,-0.113612,-0.12411,-0.253671,-0.391974,-0.066891,0.275957,-0.034744,-0.274253,-0.06813,-0.016451,-0.2717,-0.31796,-0.353811,0.011523,-0.224919,-0.021872,-0.338532,-0.079191,0.038681,-0.240879,-0.215061,-0.217488,-0.300359,0.104375,0.181477,-0.09972,-0.110575,0.064519,0.075207,-0.306204,-0.12749,-0.216264,-0.190371,0.011656,-0.042777,-0.083453,-0.49617,-0.104454,-0.277921,-0.355282,-0.055261,0.396962,-0.018242,-0.310693,-0.361727,-0.27724,-0.273546,-0.133481,0.271586,-0.444658,-0.145683,-0.247771,-0.249361,-0.360622,-0.458607,0.149223,0.078324,0.062291,-0.185512,-0.343421,-0.2196,-0.000443,-0.356596,-0.137073,-0.353497,-0.344287,0.090347,-0.209457,-0.035881,-0.373031,0.038349,-0.262032,-0.433488,-0.311334,-0.077392,-0.173495,-0.061217,0.343832,-0.35134,-0.367251,-0.244782,-0.501883,0.019936,-0.318961,-0.088307,-0.202546,0.303494,0.394309,-0.261425,-0.200867,-0.045449,-0.111862,0.01626,0.047473,0.22942,0.304128,-0.376063,-0.133435,-0.440019,0.061611,0.155453,0.056234,-0.264015,-0.051456,0.334448,-0.377476,-0.199811,0.26878,0.403294,-0.341628,0.278968,0.168314,-0.254318,-0.377051,0.32092,-0.068062,0.348764,-0.059351,-0.21146,0.334998,0.050347,0.025196,0.184797,0.52024,-0.142211,0.055039,-0.208352,-0.12693,0.21955,0.175949,#
10,-0.008542,-0.166786,-0.078418,0.092816,0.113783,0.283583,0.118769,0.07686,-0.149521,-0.302657,1.0,-0.152578,-0.155638,-0.410054,-0.102751,0.089083,0.189265,-0.115566,0.154694,-0.184456,0.099757,0.018254,-0.141559,-0.061403,-0.113153,-0.075366,-0.200124,0.040613,0.059254,-0.38393,0.098718,-0.110007,-0.271827,-0.12432,0.396297,-0.238044,0.001112,0.177668,0.019234,0.103424,-0.091177,-0.026701,0.005808,-0.020585,-0.106386,0.221037,-0.241877,-0.024159,0.206593,-0.211125,0.072256,0.219206,0.071653,0.027133,0.026502,0.112401,-0.294525,0.220335,-0.076006,-0.081596,-0.145654,0.027971,0.029166,0.014052,0.04897,-0.171648,-0.046148,-0.134909,0.240504,0.081266,0.022874,-0.013301,-0.050577,-0.030729,-0.03307,0.127743,-0.083831,0.173402,0.038632,-0.313821,0.062737,0.132751,-0.048544,-0.179492,0.067136,0.092291,0.17292,-0.126362,-0.075153,-0.022229,-0.183819,-0.112896,0.074762,-0.241614,-0.176026,0.107894,-0.089683,-0.257037,0.082445,-0.119531,-0.030582,-0.193525,0.098853,-0.271767,-0.010139,-0.146647,-0.057538,-0.133412,0.01609,0.203335,-0.210456,-0.166957,-0.098837,-0.17235,0.07316,-0.119944,-0.022884,-0.039052,-0.151887,0.218325,-0.096249,-0.039141,0.022007,-0.126507,-0.164356,0.053996,-0.09892,0.164915,-0.080273,-0.041887,0.124378,-0.127685,0.082617,0.116982,0.260424,0.182742,-0.055198,0.003503,-0.224795,0.072559,-0.113992,0.22116,0.030454,0.030993,0.09941,-0.015363,-0.173324,0.039774,0.004242,0.103245,0.087049,0.24008,-0.105701,-0.036419,-0.064206,-0.267703,-0.37886,-0.228438,-0.264196,0.03416,-0.121499,0.162782,0.091111,0.042872,-0.198551,-0.147971,0.099559,0.149284,0.261916,0.12729,0.213575,-0.024835,0.090222,-0.047201,-0.103152,-0.004535,0.136414,-0.014429,-0.288602,0.265938,0.058934,0.130706,0.349631,0.158274,-0.044143,-0.169965,-0.2384,-0.060837,0.219014,0.028569,-0.263937,-0.005542,0.147618,-0.489216,0.079597,-0.058595,0.206539,-0.000715,-0.346738,-0.060587,#
11,-0.102438,-0.178295,-0.136789,0.051063,0.004634,-0.021244,-0.121743,-0.315909,-0.073779,-0.026128,-0.152578,1.0,-0.06931,-0.068581,-0.122138,-0.026466,0.07405,0.05601,-0.186909,-0.029595,-0.028259,-0.062772,-0.206839,-0.163902,0.162577,-0.049155,-0.154339,-0.048069,-0.141961,-0.145034,-0.108465,-0.092597,-0.090591,-0.023573,-0.034185,0.154786,-0.23716,-0.056792,-0.116118,0.146406,0.118688,0.013795,-0.094589,-0.365812,-0.149975,0.210742,-0.168972,0.194361,-0.097726,0.25159,0.025751,-0.023597,-0.110403,0.114656,-0.096572,0.038542,0.051874,0.028469,0.157344,0.004185,-0.09546,0.152887,0.282798,-0.444704,0.111244,-0.087949,-0.051897,-0.22748,-0.128623,0.067332,0.016877,-0.128357,0.069159,0.31188,-0.091079,-0.059821,-0.273738,0.017974,-0.087154,0.121645,0.061068,0.146346,0.060664,-0.451054,0.218551,-0.139723,-0.048654,0.144369,-0.083279,0.268878,0.085549,0.094853,0.079377,0.07056,-0.00527,0.163905,-0.05586,0.132739,-0.079273,0.121818,0.194104,0.251307,-0.206244,0.118406,-0.099943,0.093556,0.069349,0.177683,0.225201,0.140462,-0.036099,-0.19509,0.008936,-0.010487,-0.011558,-0.175691,0.102028,0.267566,0.186671,0.166821,0.27537,-0.05517,0.135564,0.194539,0.047992,-0.033485,0.002594,0.0102,0.37102,0.048979,-0.014434,0.217333,-0.199165,0.136076,0.136631,-0.196161,-0.029587,-0.019056,-0.012421,0.22633,0.106918,-0.0892,0.052097,0.136556,-0.019322,0.20342,-0.047669,-0.218474,-0.024464,0.039849,-0.037039,0.164414,-0.023425,0.214492,-0.023743,0.331678,-0.049011,0.133845,-0.011472,-0.092504,-0.083684,-0.366805,0.159523,0.133326,-0.079499,0.103863,0.079848,0.064422,0.158491,0.023331,-0.108225,0.237185,0.120144,0.044019,-0.156222,-0.0251,-0.19009,-0.068886,-0.085137,0.148232,-0.089794,-0.065961,-0.101076,-0.044079,-0.038794,-0.057781,-0.005139,0.322322,-0.007236,-0.179999,-0.088776,0.171796,-0.055956,0.05042,0.022154,-0.242437,0.277178,-0.091794,0.106403,0.120108,#
12,0.469881,0.412578,-0.189837,-0.308585,0.214123,0.152495,0.342679,0.328769,0.153195,0.422724,-0.155638,-0.06931,1.0,0.408566,0.182206,-0.141601,-0.068019,0.070466,0.095123,-0.112436,-0.170302,0.198519,0.341643,-0.037245,-0.240318,-0.285096,0.146034,-0.171318,0.098547,0.264763,-0.111108,0.05254,0.238922,-0.196248,-0.243743,0.202701,0.124227,-0.094817,-0.13985,-0.308377,0.070099,0.15239,0.192613,0.042064,-0.055734,-0.48595,0.302985,-0.056766,-0.046835,0.065568,-0.152217,-0.029222,0.201084,-0.11508,0.079246,0.013866,-0.072719,-0.227206,0.19362,0.065568,0.506128,0.150374,-0.260824,-0.013801,0.201235,0.426861,-0.063851,0.127484,0.248551,-0.209865,0.107595,-0.066193,-0.408058,-0.31571,-0.26452,0.454475,-0.015108,-0.168592,-0.095029,-0.235641,-0.130324,-0.362405,-0.299564,-0.098639,-0.3178,-0.028196,-0.072581,0.07695,-0.049047,-0.414504,-0.270408,-0.272711,-0.438314,0.025707,-0.190876,-0.082298,0.153888,-0.044894,-0.036194,-0.271008,-0.090862,-0.096452,0.048664,0.031067,-0.018519,-0.140117,-0.329053,-0.234719,-0.295359,-0.236412,0.10382,0.32031,-0.231796,-0.284358,-0.177646,-0.218466,-0.296216,-0.270394,0.017063,-0.37521,-0.184568,-0.371488,-0.155355,-0.307809,-0.231636,0.14377,0.175418,0.291076,0.039339,0.017041,-0.409889,-0.069329,-0.403449,-0.19703,-0.385527,-0.164408,-0.027044,-0.374864,0.000279,-0.26864,-0.044152,-0.134124,-0.302031,-0.191741,0.128445,0.077067,-0.239749,0.336291,-0.119059,-0.580677,-0.087519,-0.38168,0.073594,-0.317582,-0.177795,-0.18909,0.484477,0.388658,-0.068895,-0.379183,0.014689,-0.168482,0.057491,-0.041218,0.325686,0.430448,-0.075941,-0.06831,-0.423978,0.015154,0.081269,0.147674,-0.299257,0.032856,0.365082,-0.386958,-0.026627,0.272781,0.503494,-0.263734,0.275689,0.174145,-0.027003,-0.036264,0.349579,-0.161759,0.48601,-0.201922,-0.37864,0.467227,0.157353,0.168401,0.245513,0.224025,0.102493,0.041373,0.021804,-0.046092,0.165874,0.183075,#
13,0.210858,0.194105,-0.110781,-0.145996,-0.045888,-0.066621,-0.107855,0.123878,0.08665,0.364312,-0.410054,-0.068581,0.408566,1.0,0.240593,0.1463,-0.351932,0.254041,0.069158,-0.016058,-0.105581,0.398553,0.582099,0.345476,-0.070006,0.022762,0.330734,-0.020802,0.004678,0.457057,-0.033452,0.176467,0.302794,-0.025903,-0.206296,0.307753,0.175042,-0.224897,0.169383,-0.243684,-0.001959,0.174175,0.355701,0.193258,-0.099004,-0.392993,0.265643,-0.142274,-0.239108,0.110329,0.045219,-0.115902,0.129248,-0.025506,-0.094576,0.003522,0.00416,-0.150433,0.132852,0.110329,0.412257,0.152806,-0.2693,-0.044736,0.066351,0.078121,-0.192166,0.379484,-0.11092,-0.015984,-0.115222,0.074861,-0.210817,-0.031586,-0.309639,0.057332,-0.048559,-0.22952,-0.238061,0.060987,-0.063977,-0.318103,-0.124942,0.191785,-0.181644,-0.168777,-0.106905,0.052378,0.023835,-0.344366,0.025153,-0.12081,-0.25244,0.190825,0.013519,-0.064401,-0.132876,0.103434,-0.147542,-0.102747,0.061651,-0.088597,0.045568,-0.149276,0.035192,-0.122077,0.019742,-0.169022,-0.047851,-0.205464,0.083951,0.277183,-0.065872,-0.006366,-0.019582,-0.115718,-0.204571,-0.310873,0.178502,-0.313317,-0.184361,-0.294456,0.007318,-0.238124,-0.271713,0.036564,0.058854,-0.002668,-0.049699,0.004812,-0.074769,0.205663,-0.313701,-0.293568,-0.565363,-0.259287,0.119852,-0.084378,0.13251,-0.216648,0.036804,-0.270584,-0.200248,-0.245893,-0.329595,-0.04616,0.01073,0.042289,-0.34024,-0.343009,-0.202913,-0.366446,-0.006462,-0.304109,-0.044381,0.0198,0.395445,0.194843,0.069238,-0.184406,0.166954,-0.083163,0.014695,0.013185,0.225164,0.238481,-0.11534,0.080899,-0.232299,-0.084939,-0.192487,-0.023089,-0.316788,-0.168716,0.049381,-0.277979,-0.050735,0.062356,0.450179,-0.30282,0.287511,-0.12948,-0.310741,-0.057831,0.170278,0.172073,0.252214,-0.395265,-0.314734,0.217294,-0.014436,-0.026687,-0.018038,0.271656,-0.014421,-0.149597,0.110593,-0.126962,0.465224,-0.002716,#
14,0.116763,0.448122,-0.018882,-0.306542,0.139342,0.04334,0.197074,0.005934,0.171438,0.361925,-0.102751,-0.122138,0.182206,0.240593,1.0,0.090246,-0.164178,0.122728,0.400518,-0.120061,-0.148152,0.108104,0.194768,0.074544,-0.171421,-0.099706,0.072304,0.260023,0.129645,0.241247,-0.212705,-0.021923,-0.000426,-0.002239,-0.05341,0.177789,-0.077824,-0.161928,0.143223,0.031664,-0.254966,0.171073,0.117552,0.227258,0.36537,-0.213931,0.290029,-0.013314,0.022521,-0.021684,0.135182,-0.219035,-0.023931,-0.165158,0.070217,-0.287913,-0.169807,-0.216133,-0.143285,-0.256152,0.034409,0.076276,-0.330678,0.230822,0.042491,0.036189,-0.149533,-0.030181,-0.082219,-0.180513,-0.154517,-0.142191,0.029163,-0.3956,-0.315037,0.261063,-0.059461,-0.352133,-0.233937,-0.199529,-0.146436,-0.557901,-0.464473,0.218447,-0.333235,-0.009828,-0.194316,-0.243165,-0.175529,-0.19475,-0.016814,-0.189055,-0.175715,0.036683,-0.27526,-0.165252,-0.358771,-0.157059,-0.273289,-0.062883,0.03153,-0.338862,-0.22775,-0.26633,-0.156735,-0.168343,-0.405303,-0.063395,-0.414541,-0.113161,-0.077464,0.313895,-0.367273,-0.257559,-0.290932,-0.155833,-0.209568,-0.288604,-0.027315,-0.334505,-0.291312,-0.134433,-0.415973,-0.131795,-0.204552,-0.325499,-0.015011,0.147914,-0.25863,-0.294251,0.001296,-0.055489,-0.486375,-0.150222,-0.406565,-0.341924,0.14076,-0.071226,-0.080845,-0.310772,-0.264714,-0.162296,-0.236318,-0.194753,-0.231195,-0.159578,-0.155763,0.227205,-0.400329,-0.151226,-0.437389,-0.611379,-0.115416,-0.299943,-0.147765,-0.407276,0.097773,0.22515,-0.395232,-0.110401,0.094832,-0.193276,0.217546,0.116835,-0.153276,0.165861,-0.233168,0.134905,-0.095815,-0.136286,0.363532,0.145801,-0.22504,-0.168003,0.422948,-0.282727,-0.396314,0.305766,0.318474,-0.224513,0.476497,-0.061048,0.009138,0.112028,0.381784,-0.337531,0.122758,-0.149593,-0.258023,0.217491,0.00351,0.358675,0.326721,0.448338,0.031883,0.026759,0.088914,-0.155164,-0.002582,0.155868,#
15,-0.006775,-0.134513,-0.171933,-0.153976,0.065738,-0.024588,-0.052924,0.1485,-0.221349,0.132797,0.089083,-0.026466,-0.141601,0.1463,0.090246,1.0,-0.102273,-0.157059,0.050998,-0.063583,-0.094732,-0.012912,0.132003,0.144927,-0.154366,0.108765,0.014695,-0.091427,0.207271,0.0421,0.018201,-0.113279,0.052742,0.091261,0.001747,0.169567,0.077781,0.068325,0.258473,0.20678,-0.076649,-0.174155,-0.297859,0.048659,-0.074272,0.087779,-0.070767,0.003205,-0.208018,0.100374,0.25636,0.13943,-0.097261,0.043631,0.071985,0.042312,-0.05251,-0.027091,-0.267004,-0.168433,0.11246,0.240989,-0.053757,-0.119587,0.060431,-0.142143,-0.25099,0.147168,-0.050443,0.10173,-0.107417,-0.183838,0.07802,0.233799,-0.059617,0.039498,-0.155171,-0.087961,-0.159764,0.171827,-0.057337,-0.061036,0.215216,0.209929,0.22879,-0.215917,0.00634,-0.167312,-0.051783,-0.046191,0.174421,0.102558,0.094843,0.096831,-0.08661,0.267461,-0.124215,-0.057044,-0.024112,-0.172984,-0.009912,-0.085433,-0.22214,-0.032935,0.100056,-0.290685,-0.097596,0.182517,0.041859,-0.013487,-0.135443,-0.074434,0.054639,0.006245,0.092493,0.034156,0.019113,-0.088437,0.06747,0.045639,-0.167685,0.076892,0.091734,-0.16273,-0.150013,0.066132,-0.097929,-0.074613,-0.3369,-0.20935,-0.04406,0.155491,-0.050964,-0.070022,-0.15004,-0.140016,0.023723,0.083552,-0.12626,-0.173751,0.153338,0.0872,0.041831,0.158204,-0.112003,-0.169582,0.155571,-0.09724,-0.151264,-0.14793,-0.038647,-0.018845,-0.08864,0.059089,0.09475,0.089497,0.059852,-0.041473,-0.23292,0.162789,0.257471,-0.020783,-0.08835,0.036373,-0.276443,-0.206917,0.069724,0.038159,0.038173,-0.118041,0.044623,-0.235892,-0.070517,-0.144704,-0.135121,-0.003717,-0.144831,-0.092779,-0.062044,0.013907,0.090027,-0.142714,-0.030199,0.050284,0.050062,0.066499,-0.007157,-0.166112,-0.179734,-0.126005,-0.221921,-0.13557,-0.008316,-0.031462,-0.026593,-0.125517,0.112601,-0.067378,0.026884,0.00453,#
16,0.092063,0.032717,-0.15101,-0.06267,0.073104,0.397306,-0.017776,-0.049397,-0.120338,-0.132597,0.189265,0.07405,-0.068019,-0.351932,-0.164178,-0.102273,1.0,-0.049311,0.184277,-0.200885,0.108154,-0.323641,-0.14856,-0.323314,-0.108738,-0.159388,-0.234145,-0.069206,-0.104565,-0.138569,0.033238,0.104317,0.086619,-0.032749,0.055239,0.105635,0.106873,-0.036748,-0.303536,0.060231,-0.050479,-0.113157,-0.018336,0.21913,0.085788,0.046995,-0.191067,0.04958,0.060154,0.005739,-0.012954,0.038725,0.106501,-0.141221,0.088249,-0.087757,-0.171396,0.043145,0.048662,-0.109009,-0.166596,0.084128,0.23399,-0.059719,-0.147669,0.079849,-0.03628,-0.109102,0.088394,-0.087373,-0.098669,0.049028,0.00636,-0.129389,0.01754,0.151286,-0.263116,-0.021514,-0.057813,-0.100134,0.015605,0.100024,-0.033626,-0.23104,-0.117724,-0.197718,-0.178207,-0.003147,-0.048644,-0.195415,-0.169719,-0.005488,-0.067515,-0.216112,-0.142395,-0.173524,-0.083284,-0.251473,-0.173155,-0.147677,0.040976,-0.152916,-0.144578,-0.09695,0.086282,-0.016043,-0.009213,-0.005239,-0.053344,0.075148,0.037697,-0.027086,0.011614,-0.077237,-0.06497,-0.041271,-0.313654,0.050368,-0.059124,-0.045424,-0.228756,-0.054577,-0.046286,-0.145369,0.117224,-0.162113,-0.23388,-0.171391,-0.002661,-0.179395,-0.123186,-0.0988,0.117157,0.209757,0.011844,-0.099445,0.101029,-0.345359,0.027305,-0.023371,-0.357918,0.155286,-0.124935,0.169917,0.211015,0.05363,-0.096792,0.091332,-0.078505,-0.076179,-0.150359,0.174315,-0.052588,0.081082,-0.221438,-0.235472,-0.174705,0.198948,-0.215128,0.118454,-0.156891,0.029704,0.072698,-0.098292,-0.032641,0.206897,0.02446,-0.167236,0.094697,-0.149035,0.053572,0.105693,-0.147773,-0.092165,0.103476,-0.249792,-0.123685,0.194917,-0.165873,0.055265,-0.343616,0.086227,0.288036,0.063643,0.017951,-0.01095,0.067414,0.350848,0.161538,-0.057045,0.120242,0.270462,0.224362,-0.039607,-0.027538,0.312346,0.129612,-0.028186,-0.419131,-0.057969,#
17,-0.026773,0.303943,0.222649,0.006939,0.069758,0.157996,-0.067377,-0.0855,0.33536,0.130941,-0.115566,0.05601,0.070466,0.254041,0.122728,-0.157059,-0.049311,1.0,-0.025678,0.287126,-0.052829,0.235256,0.179403,-0.032369,0.141726,0.137816,0.115667,0.128421,-0.190222,0.117967,0.021485,0.095406,0.152614,-0.05783,0.060952,0.04955,-0.034175,-0.140438,-0.013373,-0.136066,0.068713,0.090589,0.00477,0.032162,0.087347,-0.302107,0.144149,0.249234,0.219348,-0.100281,0.087065,-0.285499,-0.080385,-0.189822,-0.128542,-0.086707,-0.050498,-0.281247,-0.148509,-0.100467,-0.068639,-0.100712,-0.14091,-0.00371,-0.009813,0.21821,0.061584,0.099437,0.032271,0.419805,0.114912,0.216995,-0.22961,-0.024286,0.056976,-0.003866,0.075969,-0.214618,0.023301,-0.274929,0.283616,-0.086015,-0.134996,0.029125,-0.034471,0.171447,0.045952,0.10181,0.067464,-0.022392,0.159083,0.1153,-0.026563,0.367427,-0.039209,0.218339,0.315127,-0.020566,-0.114136,-0.182372,-0.182255,0.100141,0.091948,0.2521,-0.163071,0.002357,-0.063781,-0.28188,-0.17244,0.009209,0.319509,0.064091,0.107894,-0.086812,0.145053,0.018112,-0.188706,-0.143525,0.475455,-0.313528,0.040066,-0.248013,-0.081497,-0.020314,-0.096284,0.103866,0.058394,0.091544,0.124573,0.046909,0.168596,0.131068,-0.095886,-0.350343,-0.008355,-0.063065,0.128869,-0.114433,-0.0033,-0.023804,0.090534,-0.242392,-0.137538,-0.441659,-0.246749,-0.050409,0.068901,0.065429,0.169005,-0.053709,-0.100998,-0.123791,0.304587,-0.143668,-0.169337,-0.105124,0.30237,0.31389,-0.042062,0.019874,-0.08562,0.224423,0.143071,0.047739,-0.070609,0.345604,0.104371,-0.110199,0.00359,0.170953,-0.193296,-0.108747,-0.19664,0.009983,-0.002402,0.026399,0.024688,0.029185,0.360265,-0.335789,0.179797,-0.018554,-0.427718,-0.196583,-0.038395,-0.1671,0.213932,0.166575,-0.347966,-0.103188,0.170195,-0.12435,-0.031397,0.194429,-0.250756,0.005251,-0.041837,0.093106,0.340085,0.119016,#
18,-9e-05,0.221229,-0.065053,-0.139902,0.187569,-0.144386,0.108438,0.115683,0.071621,0.19526,0.154694,-0.186909,0.095123,0.069158,0.400518,0.050998,0.184277,-0.025678,1.0,-0.343133,0.084659,-0.191769,0.04128,-0.00161,-0.092362,-0.002792,0.059976,0.360533,-0.115359,0.17123,-0.051258,0.051128,0.153009,0.040041,0.181297,0.112274,0.090204,-0.121901,0.095097,0.082236,-0.14473,-0.021028,0.226515,0.17449,0.04662,-0.046308,0.082136,-0.224795,0.257367,-0.065507,-0.023262,0.062998,-0.057597,-0.125365,0.341929,-0.038809,-0.300217,0.009279,-0.105757,-0.116507,-0.133577,0.118678,-0.122483,0.315256,0.03584,0.007876,-0.016133,-0.031361,0.047744,-0.264125,-0.16513,-0.351025,0.037315,-0.204188,-0.108128,0.219741,-0.115381,-0.164102,0.085851,-0.318669,-0.229319,-0.18667,-0.340154,0.089952,-0.347203,-0.091243,-0.167706,0.054201,-0.163842,-0.124603,-0.160584,-0.278125,-0.15073,-0.322878,-0.252071,-0.224679,-0.20928,-0.294676,-0.119046,-0.190539,-0.034453,-0.179805,-0.068386,-0.396875,0.006748,-0.005949,-0.300779,-0.053221,-0.14088,0.067703,-0.118726,0.186545,-0.050573,-0.219879,-0.19688,-0.2341,-0.121812,-0.151464,-0.075979,-0.000738,-0.331951,0.010789,-0.370233,-0.224318,-0.117752,-0.190552,0.04008,0.004547,-0.249853,-0.326306,-0.080269,-0.175107,-0.173185,0.010716,-0.125928,-0.261882,0.16067,-0.168489,-0.235184,-0.206069,-0.368771,0.060478,-0.206562,-0.160808,-0.148668,-0.151332,-0.292234,0.217058,-0.318997,-0.296987,-0.385585,-0.204814,-0.08371,-0.090562,-0.186259,-0.368219,-0.061655,0.126721,-0.238572,-0.080076,-0.070081,0.004778,0.105875,0.054102,-0.038662,-0.124928,-0.07963,0.08112,-0.07104,0.00879,0.32483,0.025483,-0.096946,-0.158077,0.31003,-0.064764,-0.012865,0.337496,0.067294,-0.233561,0.071589,0.155427,0.353319,0.035749,0.33424,-0.155377,-0.02451,-0.093312,0.057243,0.20804,-0.106883,0.197772,0.467734,0.209573,0.006421,-0.015466,0.236279,-0.037874,-0.422526,0.143086,#
19,-0.191577,-0.116832,0.179434,0.322897,-0.076053,-0.00328,-0.27609,-0.090654,-0.156864,-0.201737,-0.184456,-0.029595,-0.112436,-0.016058,-0.120061,-0.063583,-0.200885,0.287126,-0.343133,1.0,0.207288,0.028583,0.007174,-0.030864,0.04309,-0.007477,-0.058913,-0.259943,-0.102122,-0.163611,0.259769,0.221699,0.058923,0.126375,-0.148858,-0.283572,0.150761,0.091684,-0.298104,-0.029874,0.156989,0.246606,-0.219331,-0.038258,0.011139,-0.102226,0.29894,0.268763,0.209808,-0.249484,-0.11006,0.077599,0.308519,-0.077864,-0.122219,0.12507,0.163146,-0.191203,0.015232,-0.147406,-0.070961,-0.313441,0.128286,-0.027011,0.112159,0.031234,-0.014248,0.077942,-0.06962,0.204279,0.250028,0.164468,0.120996,0.169891,0.148844,-0.291248,0.323496,0.205831,0.412861,0.20736,0.42498,0.233215,0.271844,0.180152,0.244691,0.163633,0.288963,0.097537,0.251636,0.146517,0.328729,0.306185,0.240542,0.264205,0.045618,0.249856,0.214026,0.257975,0.042659,0.30413,-0.433095,0.267121,0.26579,0.32817,0.25398,0.236914,0.258829,-0.199734,0.162323,-0.104241,0.378105,-0.260221,0.033482,0.485495,0.292709,0.03865,0.071598,0.21432,0.057867,-0.03109,0.355643,0.086963,0.178781,0.173148,0.095142,0.20342,-0.033368,0.041104,0.143245,0.381885,0.238639,0.314398,0.252244,-0.164061,0.244113,0.123211,0.119029,0.102874,0.117203,0.242671,0.310483,0.062491,0.13381,-0.113259,0.259546,0.317333,0.352218,-0.329668,0.573346,0.039689,0.198429,0.184829,0.366596,0.280561,0.016758,0.308741,0.148977,-0.15621,0.25861,0.034498,0.047845,0.126856,-0.162074,0.182111,-0.066928,-0.065486,0.38465,-0.096724,0.042077,0.078272,-0.410257,-0.192227,0.286141,0.308251,-0.220296,0.216999,0.200478,-0.468885,-0.199022,0.093755,-0.061179,-0.253988,-0.205486,0.052016,-0.433658,0.096133,0.125142,0.080828,-0.053664,-0.370524,0.25818,-0.391835,-0.358276,-0.1853,0.06023,-0.158989,-0.290034,0.351528,0.344362,-0.146941,#
20,0.183781,-0.122258,-0.005231,0.178042,-0.161523,-0.059108,-0.346734,-0.036286,-0.140134,-0.219628,0.099757,-0.028259,-0.170302,-0.105581,-0.148152,-0.094732,0.108154,-0.052829,0.084659,0.207288,1.0,-0.245797,-0.352311,-0.113897,0.079776,0.122748,-0.078775,0.084472,-0.024565,-0.043896,0.43339,0.189177,0.072117,0.141873,0.149234,-0.339859,0.063897,0.113766,-0.117581,-0.155311,0.180581,0.071122,-0.027784,0.064878,-0.093677,-0.019132,0.140212,-0.110619,0.138772,-0.290316,-0.097305,-0.023545,0.263519,0.01438,0.081319,0.110691,-0.208852,0.124066,-0.018632,0.117037,-0.105753,0.078899,0.236445,-0.110526,-0.048734,-0.121782,-0.19628,0.01419,-0.354921,-0.210711,-0.014622,0.02718,0.143769,0.286902,0.009704,-0.250808,0.071141,0.317994,0.172602,0.235886,-0.012259,0.343121,0.306813,0.078501,-0.033631,-0.126248,0.156284,0.075261,0.377944,0.160086,-0.15835,-0.019536,0.112649,-0.150768,0.219109,0.154721,-0.084616,0.187111,0.087535,0.210048,-0.085786,0.092238,-0.082294,-0.009916,0.326249,0.162433,0.0709,0.203946,0.112669,0.312571,0.02778,-0.119147,-0.076,0.353879,0.225973,0.234804,0.055261,0.067621,0.114749,0.279328,0.10234,0.33683,-0.138158,0.416896,0.052096,0.003914,-0.234078,-0.21761,-0.024841,0.170649,0.199991,0.065922,0.356356,0.020148,0.001983,0.089701,0.126105,0.013093,0.18235,0.226236,-0.11061,0.136453,0.300861,0.014034,0.20572,0.157945,0.299234,-0.467374,0.095745,0.194578,0.09084,0.124761,0.179201,0.334199,-0.062795,0.188284,0.148377,-0.174754,0.207463,0.020274,-0.141502,0.023923,0.086261,-0.179477,-0.167057,-0.306486,0.112656,-0.095393,0.276436,0.012795,-0.069478,0.106355,0.211499,0.005874,-0.399279,0.131483,-0.037116,-0.23237,-0.31847,0.270774,-0.077067,-0.001429,-0.012553,-0.051197,-0.071776,0.313019,0.061959,0.252,0.230796,-0.067398,0.00756,-0.2042,-0.22055,-0.221174,-0.175579,-0.055543,-0.070085,0.178027,0.109065,-0.044455,#
