0,1.0,0.184023,-0.266117,-0.078248,0.35768,0.158271,0.02861,-0.132251,0.245194,0.360327,0.172124,-0.024197,0.29408,0.231638,0.155681,0.165085,0.007726,-0.051024,-0.039132,-0.303297,0.226868,-0.048069,0.124111,-0.158959,-0.001727,-0.301455,-0.067783,-0.335498,0.119279,0.203128,-0.42535,0.232866,0.021494,-0.265303,-0.110952,0.145562,-0.032369,-0.2967,-0.091774,-0.062661,0.105038,0.071609,-0.368983,-0.025069,0.156052,-0.141596,-0.057037,-0.117614,-0.052268,-0.107852,0.021348,-0.115157,-0.062519,0.00349,0.13683,0.198394,-0.423139,0.184126,-0.210464,-0.012101,0.157721,0.13929,0.162544,-0.471689,-0.049035,0.146297,-0.039873,0.276675,0.239097,0.002563,-0.095516,0.202527,0.025175,-0.113131,-0.120393,0.152373,-0.140831,-0.163645,-0.165431,0.054266,-0.160104,-0.259494,-0.031801,-0.247409,-0.220757,-0.169184,-0.238187,-0.127357,-0.083092,-0.287018,-0.152166,-0.571236,-0.131048,0.008755,-0.262999,-0.129335,-0.096903,-0.090933,-0.325357,-0.177359,-0.082253,-0.265258,-0.152867,0.092263,-0.353738,-0.199082,-0.197731,-0.121836,-0.020733,-0.20245,0.111703,-0.173199,-0.163016,-0.245753,-0.317945,-0.237411,0.079408,-0.083798,0.037072,-0.193248,-0.413566,-0.194996,-0.332994,0.108203,0.102691,-0.02448,-0.3342,0.186112,-0.094615,-0.357198,-0.251879,-0.15778,-0.44389,-0.197804,-0.038729,-0.21773,-0.139934,-0.427351,-0.136628,-0.372302,-0.177898,-0.297496,-0.361756,-0.244364,-0.146249,-0.210672,-0.259699,0.363964,-0.140955,-0.069041,-0.29197,-0.098429,0.015657,-0.236108,-0.124692,-0.11187,-0.131211,0.258148,-0.332139,-0.303008,-0.284844,-0.227865,-0.034119,0.073856,-0.1401,0.363252,-0.249496,0.304796,-0.325687,-0.297924,0.00266,0.159851,-0.196067,-0.008518,0.316878,-0.057771,-0.070845,0.067515,0.29341,-0.084941,0.199561,0.241888,0.048072,0.335107,0.33218,-0.129223,0.064269,-0.094147,-0.036344,0.329626,-0.215538,0.168146,0.354934,0.23299,0.109266,-0.085185,-0.025622,-0.027424,-0.117373,-0.075209,#
1,0.184023,1.0,-0.071127,-0.318992,0.159294,0.226763,0.031582,-0.367372,0.114676,0.204027,0.167172,0.06498,0.029438,0.279751,0.26521,-0.115877,-0.272861,0.220829,0.096314,-0.11867,0.159673,0.10306,0.306314,0.00723,0.06503,-0.338128,0.343818,-0.075581,0.264162,0.311573,-0.311102,-0.145907,-0.021739,-0.298008,-0.105028,0.033383,0.156718,-0.305981,-0.086815,0.206897,0.137556,0.302271,-0.100984,-0.006597,0.03132,-0.184319,0.123589,0.349535,-0.144859,-0.03513,-0.216314,-0.502423,0.115078,-0.324512,0.165158,-0.016197,-0.217828,0.348768,0.086582,0.336009,0.181054,0.350694,0.081334,-0.010423,0.169056,0.321447,-0.17271,0.212501,0.280113,-0.077837,-0.237865,0.09211,0.223339,-0.187323,-0.229426,0.136638,-0.379687,-0.142597,-0.215763,-0.14678,-0.164039,-0.587326,-0.357431,-0.214672,0.002682,-0.124805,0.092485,-0.424676,-0.053659,-0.187323,-0.196701,-0.20359,-0.341815,0.218799,-0.046736,-0.112419,0.001751,-0.049725,-0.035417,-0.265451,0.304732,-0.247482,-0.179564,-0.157447,-0.003734,-0.21037,-0.220252,-0.413728,0.052971,-0.155177,0.237114,-0.149642,-0.354662,-0.170285,-0.156284,-0.308586,-0.20293,0.003354,-0.064059,-0.394453,-0.155493,-0.303091,-0.34269,-0.283357,0.165697,-0.240162,0.324234,0.227123,-0.258768,-0.364792,-0.117572,-0.23893,-0.208245,-0.294733,-0.138696,-0.350673,-0.120901,-0.051313,0.048461,-0.689748,-0.282843,0.036727,-0.364502,-0.209855,-0.067762,-0.307533,-0.170339,0.36368,-0.100524,-0.175934,-0.288846,-0.295308,-0.205068,-0.263004,-0.164535,-0.121224,0.152369,0.396638,0.033874,-0.223452,-0.129977,-0.221621,-0.165424,0.026327,-0.017056,0.252555,-0.265697,-0.068463,-0.338974,-0.303494,-0.004528,0.13623,-0.290013,-0.178192,0.020187,-0.471133,-0.258322,0.169309,0.433489,-0.158297,0.599299,-0.062637,-0.188623,0.263428,0.345406,-0.30004,0.224146,0.080402,-0.069529,0.443435,-0.286142,0.292718,0.246516,0.189561,-0.110219,-0.205907,-0.029285,-0.397634,-0.135201,-0.085183,#
2,-0.266117,-0.071127,1.0,0.145227,-0.016375,-0.038159,0.156423,0.310613,0.062829,-0.078786,0.020863,0.238321,-0.262771,-0.061934,-0.244883,-0.155419,0.055585,0.195667,-0.082813,0.129129,0.029071,0.016701,0.088109,0.074282,0.379882,0.206117,-0.221396,0.066153,0.020186,-0.064901,0.035302,0.103574,-0.114554,0.101547,-0.063394,0.127077,0.11708,-0.052805,0.087317,-0.140242,0.073933,0.028963,0.069665,-0.174307,0.165972,-0.08622,-0.199523,-0.03798,-0.059918,0.085734,0.102955,0.207512,-0.032474,0.133389,-0.042951,-0.156591,-0.054242,0.063628,-0.103293,0.006974,0.098101,-0.158546,-0.101074,0.203345,0.11256,0.145146,-0.026922,0.070664,0.072929,0.180391,0.083832,-0.152577,0.003172,0.014891,0.106825,0.04606,-0.007208,0.01526,-0.202884,-0.126067,0.299356,0.080964,0.00861,0.286954,0.030412,0.060834,0.084221,0.03666,0.049216,-0.064575,0.178879,0.075927,-0.006734,-0.113602,-0.066379,-0.090116,0.304611,0.13239,0.337072,0.047361,0.028735,0.147852,0.099197,0.087239,-0.091331,0.131506,0.127937,0.21251,-0.022568,-0.007422,0.074609,-0.080261,-0.003898,0.206927,0.120658,0.212611,-0.267502,-0.086162,-0.024928,0.118232,0.089963,-0.043352,0.378264,-0.045482,-0.09197,0.155613,-0.005206,-0.329012,-0.268835,0.090327,0.039501,-0.049022,0.119767,0.115866,0.054247,-0.060184,-0.00913,0.148467,0.142694,0.172355,0.02525,0.310979,-0.004539,-0.057014,-0.122147,-0.127629,0.116207,-0.012865,0.179784,0.037743,0.152502,-0.058677,0.015719,0.061486,0.177069,-0.198601,0.247689,0.134494,0.265155,0.212921,0.379586,0.022267,0.360652,0.135773,0.093826,-0.095009,0.198318,-0.44546,0.184208,0.077704,0.221306,-0.09904,0.074205,0.088993,-0.215045,0.091555,-0.128147,0.058038,-0.19672,-0.146647,-0.238662,-0.027512,0.140147,-0.17468,-0.113344,0.099965,0.148606,-0.230695,0.083395,-0.147042,-0.044351,0.051331,0.046203,0.003231,-0.013337,0.305828,0.109035,-0.162347,0.022366,-0.061624,#
3,-0.078248,-0.318992,0.145227,1.0,-0.006147,-0.023282,-0.171831,0.318991,-0.011231,-0.072875,-0.061939,0.001643,-0.076474,-0.144142,-0.059098,-0.089782,0.077636,0.053955,-0.295579,0.150716,0.01707,-0.132096,-0.051231,-0.002114,0.302747,0.176062,-0.363519,-0.076464,-0.147165,-0.055186,0.378046,0.115981,0.100155,0.216463,-0.039057,0.216627,0.022378,0.201436,0.112489,-0.0953,0.136771,-0.115077,-0.032443,-0.296051,0.167632,-0.16135,-0.193275,-0.189346,0.152283,-0.018461,0.107803,0.275418,0.001849,0.262023,-0.094426,-0.022223,-0.082788,0.016272,-0.062189,-0.29859,-0.138964,-0.022298,-0.020443,-0.203954,-0.127842,-0.048697,0.28739,-0.193545,-0.114402,0.098296,-0.165222,-0.100331,0.121947,0.271421,0.309217,-0.063486,0.188798,0.229412,0.237428,0.179139,0.14507,0.29807,0.040354,0.143563,-0.024235,-0.087733,0.109107,0.083931,0.248042,0.11052,0.122373,0.103197,0.204911,-0.093831,-0.045578,-0.00664,-0.178085,0.041688,0.369776,0.17386,-0.186626,0.27159,0.396238,0.409108,0.098023,0.147577,0.101264,-0.079398,0.09486,0.109848,-0.081392,0.061917,0.283537,0.243519,0.066058,0.474259,0.403975,0.09008,0.19732,0.001555,0.112966,0.069909,0.254108,0.149043,-0.01282,0.117636,-0.066118,-0.00932,0.058616,0.277051,-0.007747,0.074108,0.175612,0.054364,0.014886,0.220554,-0.018498,-0.010512,0.022289,0.143241,0.031244,0.000954,0.097785,0.017888,0.237294,0.022447,0.15241,-0.081816,0.359578,0.163851,0.122477,0.165488,0.056214,0.164346,0.290935,0.330162,-0.202594,-0.134952,0.112379,0.094395,0.201266,0.364731,0.001085,0.163746,0.273584,-0.241274,0.152048,-0.136792,0.192357,0.336217,-0.11223,-0.256883,0.10477,0.14335,-0.107541,0.341107,-0.120313,-0.185041,-0.33969,-0.066,-0.379059,-0.093308,-0.227488,-0.291624,-0.193297,0.147119,-0.398625,-0.077691,0.01966,-0.305966,0.195434,-0.083512,-0.107756,0.06605,-0.064539,-0.034549,-0.020172,0.330961,0.138583,0.13863,#
4,0.35768,0.159294,-0.016375,-0.006147,1.0,0.12791,0.099602,-0.135966,0.115205,0.268145,0.332044,0.108929,0.111987,0.097195,0.021492,0.318694,0.118761,-0.034009,0.269989,-0.154495,0.264418,-0.19374,0.27111,0.022385,-0.018051,-0.2263,0.093531,-0.094585,0.303351,0.132288,-0.173214,0.073615,0.002995,-0.09496,0.047227,0.106127,-0.036078,-0.256418,-0.026993,0.007676,0.230265,-0.006625,-0.183615,-0.092839,0.134006,-0.109921,-0.046306,0.100188,0.129218,-0.057239,0.138379,-0.252869,0.351145,-0.154053,0.124173,0.07168,-0.251065,0.237363,0.046743,0.03325,-0.095907,0.284613,-0.118303,0.027347,0.105803,0.197499,0.024529,0.182856,0.15656,-0.131765,-0.24389,0.164337,0.15388,-0.233482,-0.130995,0.179855,-0.251357,-0.096388,-0.222674,-0.04489,-0.140014,-0.313157,-0.349093,0.127465,-0.304066,-0.050585,-0.102066,-0.291687,0.04878,-0.251939,-0.216393,-0.391579,-0.282892,-0.083314,-0.39836,-0.235348,-0.06711,-0.090181,-0.249283,0.014699,0.247019,-0.247685,-0.291663,0.033326,-0.340046,-0.162372,-0.078026,-0.045859,-0.018388,0.059023,0.173374,-0.062521,-0.094751,-0.216708,-0.292592,-0.20429,0.026445,-0.168444,0.193924,-0.290753,-0.267149,-0.389491,-0.305768,-0.222712,0.192615,-0.2638,0.035759,0.024529,0.065286,-0.421831,-0.214352,-0.037333,-0.163806,-0.115583,-0.2095,0.063262,-0.195203,-0.232308,-0.34785,-0.378789,-0.379325,-0.014633,-0.510617,0.002741,-0.091146,0.035327,-0.150297,0.193778,-0.30779,-0.395258,-0.155887,-0.147559,0.05314,-0.254473,0.140402,-0.336548,-0.005136,0.411182,-0.144119,-0.225094,-0.100118,-0.385864,0.030061,-0.131893,-0.080964,0.290008,-0.122662,0.103205,-0.179869,-0.136332,0.140842,0.32298,-0.284203,0.011293,0.189976,-0.199775,-0.205014,0.219189,0.182728,0.075985,0.411856,0.102248,-0.046663,0.142937,0.034562,-0.057237,0.016123,-0.019166,0.062436,0.083887,-0.120932,0.106572,0.350141,0.291838,-0.316193,0.054973,0.255409,-0.109968,-0.023929,0.070195,#
5,0.158271,0.226763,-0.038159,-0.023282,0.12791,1.0,0.165363,-0.18354,0.340133,0.24478,0.262233,0.05424,0.077626,0.250859,-0.095386,0.216065,-0.03264,-0.178038,0.094859,-0.195771,0.200885,0.228862,0.386236,-0.216718,-0.158831,-0.4434,0.09505,-0.054578,0.119235,0.227513,-0.295042,0.172693,-0.258099,-0.142022,-0.198956,-0.000531,0.039143,-0.275568,0.313877,-0.183521,0.185754,0.238874,0.228026,-0.102709,-0.276277,-0.161969,0.192749,-0.140541,0.313037,-0.036647,0.089391,-0.080376,0.054894,-0.225545,0.185291,0.377743,-0.521855,0.249712,-0.329783,0.184349,0.249636,0.045407,0.009137,-0.132793,0.107979,0.209768,-0.106996,0.28222,0.058204,-0.004684,-0.216541,0.240665,0.202006,-0.174617,-0.358414,0.210978,-0.088039,-0.109064,-0.202486,-0.116499,-0.246261,-0.313534,-0.105769,0.195543,-0.29096,-0.056624,-0.167552,-0.113343,0.018068,-0.155757,-0.142922,-0.17962,-0.311454,0.2463,0.000378,-0.053151,0.0928,-0.18987,-0.093452,-0.149328,0.345625,-0.105333,0.132243,-0.273785,-0.128978,-0.347027,0.105682,-0.220433,-0.182722,0.065288,-0.070694,-0.062031,-0.174719,-0.087598,-0.108423,-0.311255,-0.052395,-0.086144,-0.048882,-0.156273,-0.112755,-0.025512,-0.182181,-0.306183,-0.115402,-0.080348,0.178046,0.290887,-0.317936,-0.197497,-0.194483,-0.012737,-0.419515,0.000354,-0.037666,-0.158322,0.013573,-0.180311,0.221823,-0.422924,-0.071608,-0.044286,-0.133298,-0.140768,-0.027789,-0.34207,-0.203824,0.362935,-0.143483,0.059136,-0.052782,-0.127523,0.125313,-0.370344,-0.171365,-0.04229,-0.017208,-0.017908,-0.216048,-0.161314,-0.274335,-0.138471,-0.109761,0.022452,-0.068376,0.208748,-0.084383,-0.229527,-0.221219,-0.268307,0.035792,0.022856,0.209328,-0.164721,0.362942,-0.344181,-0.384692,0.193239,0.043752,-0.023469,0.240232,0.116829,0.053911,0.273284,-0.077815,-0.144774,0.107447,0.093679,-0.159832,0.295266,-0.302786,0.091904,-0.017895,0.215319,0.010213,0.112565,0.09557,-0.211572,-0.161435,0.019295,#
6,0.02861,0.031582,0.156423,-0.171831,0.099602,0.165363,1.0,-0.089501,0.185705,0.181564,0.153109,0.076167,0.102539,-0.117529,0.097837,0.0198,0.074079,0.018271,0.171133,-0.09194,0.273926,0.165498,0.035459,-0.189466,-0.05553,-0.302653,-0.087294,-0.027476,0.102998,-0.037512,-0.174767,-0.155103,-0.197834,-0.04147,-0.062285,-0.186796,0.234096,-0.030449,-0.044739,0.048945,-0.027646,0.203618,-0.042205,0.071557,0.027251,-0.071856,0.031952,-0.043891,0.120929,0.269142,0.096022,-0.186807,-0.108745,-0.239937,-0.037261,0.190211,-0.100335,0.147149,-0.094355,0.178893,0.030538,0.2374,0.055124,0.173104,-0.023688,0.083902,-0.218488,0.045864,0.190987,0.025635,0.18944,-0.036683,-0.009093,-0.188798,-0.302408,-0.052284,-0.077834,-0.209472,-0.347808,0.035295,-0.052481,-0.256529,-0.026065,0.12777,-0.154796,0.199749,0.032539,-0.01745,-0.01611,-0.263145,0.041867,-0.053105,-0.098714,0.213545,0.183049,-0.168563,0.07265,-0.204139,0.041617,-0.079828,0.127894,-0.332139,-0.153214,-0.176458,-0.178342,-0.058679,-0.172619,0.097066,-0.071476,-0.145155,0.00207,-0.189306,-0.255574,-0.130033,-0.073299,-0.204904,-0.263922,-0.347482,0.062453,-0.096392,0.033936,-0.158974,-0.172562,-0.214782,-0.216835,0.211702,0.188739,0.204584,-0.190797,-0.148752,0.039482,0.169687,-0.0,0.077894,0.044509,0.038376,-0.152947,-0.183951,-0.030459,0.098498,0.047805,0.16925,0.018903,8.9e-05,-0.273962,-0.204068,0.020115,0.459117,-0.076294,0.120055,0.062326,-0.11452,0.119438,0.003863,-0.032845,-0.066266,0.12246,0.154191,-0.066271,0.056018,-0.005817,-0.173918,0.054064,0.09625,0.017587,0.116964,-0.134926,-0.250904,-0.006767,-0.143425,0.136146,0.075108,0.183248,-0.11938,-0.034053,-0.110959,0.012247,0.246654,0.107415,-0.021528,0.028262,0.13211,0.262206,0.095217,-0.046858,0.086728,0.223798,-0.037914,-0.227169,-0.005713,-0.145768,0.183905,0.088111,0.211551,0.135578,0.400221,-0.038131,-0.029569,-0.170352,-0.032388,#
7,-0.132251,-0.367372,0.310613,0.318991,-0.135966,-0.18354,-0.089501,1.0,-0.129154,-0.174099,-0.257752,-0.139334,-0.155691,-0.314978,0.106825,-0.02907,0.014669,-0.005879,-0.166772,0.296341,-0.069683,-0.05911,-0.219932,0.254311,0.408404,0.239971,-0.256901,0.097201,-0.346908,-0.144699,0.26732,0.140973,0.101023,0.15327,0.071126,0.160722,-0.004103,0.233666,0.187164,-0.108466,-0.055814,-0.096075,0.080495,-0.090829,0.297548,-0.028474,-0.127563,0.125924,-0.143011,-0.293508,0.110594,0.296334,-0.039749,0.148045,-0.077187,-0.122845,-0.032227,-0.081507,0.099566,-0.356294,-0.242803,-0.2542,-0.208238,-0.009781,-0.318238,0.024983,0.272515,-0.088326,-0.064073,0.14927,-0.083967,-0.064393,0.176918,0.117414,0.262394,-0.098773,0.287528,0.013897,0.074561,0.077398,0.153587,0.282742,0.028506,0.043424,0.014689,0.038651,0.038302,0.123006,0.175389,0.0513,0.26828,0.041864,0.087075,-0.370352,-0.082373,-0.06633,0.132716,0.266976,0.156848,0.14396,-0.194859,0.251404,0.433551,0.11327,0.105308,0.231979,0.095994,0.266569,0.124155,-0.103744,0.086837,0.032241,0.334982,0.093943,0.120823,0.358865,0.171613,-0.001158,-0.081986,0.041328,0.193544,0.056951,0.157614,0.20892,0.059642,-0.007629,-0.279849,0.031192,0.06978,0.393439,0.051719,-0.117024,0.051559,-0.058254,0.103914,0.242125,-0.126559,0.09521,0.206582,0.311768,0.06699,0.094448,0.24585,0.038256,0.120484,0.134662,0.000568,-0.187659,0.14856,0.19455,0.144809,0.244424,-0.144914,0.102958,0.246248,0.155555,-0.004013,-0.210623,0.052397,0.003645,0.315795,0.28205,0.044614,0.142322,0.20306,-0.232173,0.152845,-0.035946,0.375971,0.108531,-0.069378,-0.078866,0.065558,0.045419,-0.195944,0.208213,-0.153186,-0.2715,-0.27812,-0.16571,-0.439798,-0.03798,-0.233884,-0.220799,-0.312755,-0.089305,-0.025844,-0.124716,0.091959,-0.356188,0.298732,-0.194119,-0.166015,-0.119076,-0.045901,0.226683,0.077687,0.239261,0.15905,-0.128426,#
8,0.245194,0.114676,0.062829,-0.011231,0.115205,0.340133,0.185705,-0.129154,1.0,0.342916,-0.011442,0.074526,-0.025713,0.244347,-0.177345,0.108167,-0.113164,0.290357,0.325298,0.060287,0.096089,0.015789,0.430043,-0.11902,0.10626,-0.315237,-0.13539,-0.287167,0.123838,0.224616,-0.202185,-0.012985,-0.135187,-0.057224,-0.083619,0.413777,0.169904,-0.422584,0.105713,-0.198464,0.146733,0.045856,-0.135097,0.006335,-0.025971,0.037231,0.16393,0.073652,0.129114,0.089576,0.260466,-0.090851,0.041797,-0.009557,-0.153684,0.133164,-0.194776,0.241183,-0.276942,0.063506,0.213528,0.141766,0.08467,-0.193102,-0.17303,0.256039,0.160965,0.244102,0.259854,0.014613,-0.075437,0.091546,-0.192576,-0.026573,-0.37742,0.166085,0.049404,-0.126204,-0.215397,0.132285,-0.006487,-0.237321,-0.114468,0.125314,0.080881,-0.1388,-0.176356,-0.213713,0.098252,-0.010867,-0.359418,-0.18172,-0.238699,0.160062,-0.262032,-0.24269,0.074417,-0.054042,0.055983,-0.23491,0.132574,0.122855,-0.207827,0.172972,-0.250158,-0.194103,-0.220387,-0.113772,0.220911,-0.105356,0.174166,-0.223136,-0.166635,-0.176339,-0.209525,-0.235709,-0.051143,-0.219966,0.174933,-0.420569,-0.051915,-0.285139,-0.18283,-0.240598,-0.041063,-0.0067,-0.027766,0.11839,-0.329823,-0.221993,-0.117452,-0.009865,-0.337696,-0.159724,-0.302663,-0.16753,-0.180279,-0.187352,0.114295,-0.247254,-0.176521,-0.231382,-0.303471,-0.307179,-0.29395,-0.464049,-0.027464,0.3562,-0.248813,-0.024457,0.134611,-0.395761,0.193952,-0.276132,-0.005175,0.045294,0.041735,0.405125,-0.151354,0.141492,-0.22916,-0.1444,-0.113989,0.272649,0.158882,-0.054686,-0.163533,-0.197898,-0.305254,-0.009199,0.148958,0.229578,0.040961,-0.152225,0.172805,-0.164161,-0.174701,0.171079,0.175533,0.138213,0.210122,0.125105,-0.070763,0.064585,0.148387,0.186404,0.081622,0.070543,-0.325526,0.352516,-0.217378,0.078452,0.044047,0.211156,-0.190526,0.102483,-0.100912,-0.079304,-0.018695,-0.124747,#
9,0.360327,0.204027,-0.078786,-0.072875,0.268145,0.24478,0.181564,-0.174099,0.342916,1.0,0.032296,0.178726,0.217197,0.204145,0.079977,0.38393,-0.001779,0.13816,0.239137,-0.234495,0.253179,-0.102323,0.223717,-0.379364,-0.152178,-0.233558,-0.049955,-0.139161,0.128655,0.260227,-0.232412,0.072664,-0.040461,-0.190381,-0.008641,0.141552,-0.111703,-0.408943,0.113256,0.126993,0.02851,0.071632,-0.239325,0.038251,-0.04235,-0.032192,-0.000701,-0.156409,-0.166418,0.062196,0.140138,-0.437994,-0.052363,-0.136052,0.231231,0.245475,-0.243214,0.244868,-0.289927,-0.133591,0.133393,0.324605,0.008537,-0.13533,-0.126103,0.128452,0.060572,0.126057,0.21052,-0.033847,-0.168563,0.194665,0.002213,-0.134678,-0.129048,0.064054,-0.306322,-0.126488,-0.42294,-0.101994,-0.245785,-0.310219,-0.032108,-0.047417,-0.158404,-0.172282,-0.126481,-0.186239,-0.124833,-0.119772,-0.215583,-0.32957,-0.247036,0.06737,-0.155639,-0.071081,0.080997,-0.011272,-0.21169,-0.133804,0.205959,-0.180501,-0.258019,-0.042939,-0.297204,-0.125291,-0.349858,-0.210131,0.097536,-0.083243,-0.071319,-0.117817,-0.249625,-0.241797,-0.377046,-0.071529,-0.227435,-0.282994,-0.16596,-0.294469,-0.201298,-0.126638,-0.414156,-0.180251,-0.062419,-0.140066,-0.094081,0.032674,-0.044022,-0.364914,-0.168265,-0.188116,-0.205783,-0.208502,-0.437986,-0.171052,-0.095188,-0.2907,-0.184382,-0.283434,-0.091399,-0.334191,-0.364923,-0.194409,-0.242966,-0.253667,0.013615,0.451113,-0.370274,-0.245252,-0.107878,-0.385076,-0.087204,-0.290698,-0.274896,-0.109823,-0.016047,0.306305,-0.254931,-0.084371,-0.464647,-0.237196,-0.08174,-0.010487,-0.004455,0.067327,-0.349399,0.091154,-0.139399,-0.130375,0.104029,0.169318,0.064037,-0.240102,0.136115,-0.190509,-0.070009,0.344207,0.177958,-0.184447,0.235006,0.249005,0.000395,0.271664,0.241823,-0.153793,0.276224,-0.043505,-0.003474,0.324041,-0.220153,-0.023358,0.288214,0.38762,0.013387,0.032373,0.109232,-0.144772,-0.249987,-0.07023,#
10,0.172124,0.167172,0.020863,-0.061939,0.332044,0.262233,0.153109,-0.257752,-0.011442,0.032296,1.0,0.010353,0.107114,-0.184015,0.010773,0.164411,0.228732,-0.273415,-0.064519,-0.247488,0.235661,0.120358,0.027686,0.091979,-0.148522,-0.243169,0.145081,-0.020733,0.233981,-0.03101,-0.21955,0.056697,-0.094985,-0.221482,0.320955,-0.069047,0.239882,-0.154894,-0.083295,0.312733,-0.151493,0.092874,-0.134961,-0.14038,-0.070098,-0.183775,-0.112993,-0.021281,0.230636,-0.028764,0.150279,-0.205266,-0.030935,-0.007997,0.481777,-0.096956,-0.447206,0.131237,0.113052,0.234795,0.039394,0.197778,-0.196066,0.075572,0.154988,-0.056823,-0.245558,0.06982,0.159538,-0.379792,0.030736,0.014513,0.087521,-0.37354,-0.294128,0.212502,-0.298797,0.223606,-0.259346,-0.301226,-0.295748,-0.271071,-0.087877,-0.041541,-0.568897,-0.098631,-0.194896,0.007954,-0.294334,-0.36543,-0.128163,-0.364254,-0.119716,-0.201124,-0.093031,-0.097589,-0.205188,-0.147224,-0.064072,-0.123764,0.146634,-0.208412,-0.230782,-0.182332,-0.248426,-0.260391,-0.066032,0.186125,-0.270275,0.208557,-0.199623,-0.21276,-0.446984,-0.166705,-0.210837,-0.360534,-0.171843,-0.189226,-0.23339,0.146649,-0.49651,-0.057542,-0.116797,0.051148,-0.120825,-0.131523,0.228438,-0.027715,-0.174058,-0.274283,-0.183033,-0.101254,-0.223615,-0.025359,-0.059007,-0.145916,-0.171896,-0.176438,-0.189543,-0.258564,-0.307584,0.207245,-0.197417,-0.061511,-0.241728,-0.151692,-0.214212,0.109145,-0.155424,-0.234024,-0.140928,-0.150452,-0.113825,-0.301157,-0.123122,-0.279864,0.209232,-0.091278,-0.216521,-0.155925,0.010792,-0.296013,-0.056512,-0.267323,-0.328888,0.19549,-0.113937,-0.064741,-0.363215,-0.325944,0.279322,0.058683,-0.254477,-0.162416,0.105428,-0.367268,-0.264323,0.35577,0.185088,0.330764,0.227427,0.015936,0.325709,0.196763,0.054585,-0.182937,-0.131013,-0.099199,0.396417,0.186256,-0.49025,0.47867,0.184952,0.108792,-0.020607,-0.101938,0.18399,-0.529816,-0.34504,-0.068132,#
11,-0.024197,0.06498,0.238321,0.001643,0.108929,0.05424,0.076167,-0.139334,0.074526,0.178726,0.010353,1.0,-0.324704,0.178245,0.080672,0.286548,-0.063798,-0.149276,0.001001,-0.159885,0.07977,-0.347707,0.04564,-0.196917,-0.002394,-0.093237,-0.019971,-0.129803,0.184411,0.271512,-0.254199,0.132033,-0.354725,-0.168674,-0.113022,0.165523,-0.299521,0.056767,0.179313,0.273931,0.010382,-0.130623,-0.108317,-0.101605,0.254499,0.124995,-0.109038,-0.135464,-0.185166,0.247908,0.218806,-0.113476,0.015324,0.157222,-0.210049,0.037434,-0.108505,-0.185465,-0.170084,-0.091874,-0.129929,0.235485,0.212806,0.113091,0.063205,-0.203875,0.164759,0.0051,-0.053139,-0.060043,0.170794,0.180222,0.096271,0.018935,-0.094401,0.124579,-0.300662,-0.139732,-0.100131,-0.214111,-0.050765,-0.023915,-0.036448,0.09064,-0.013616,0.047271,-0.290844,-0.284457,-0.012109,-0.262649,-0.080368,-0.004985,0.038024,-0.157067,-0.201092,-0.151177,-0.191902,-0.274067,-0.276805,-0.013789,-0.011792,0.120823,-0.029452,-0.076999,-0.297449,-0.153052,-0.124654,-0.133307,-0.121878,-0.028343,-0.305359,0.148453,-0.191812,0.066848,-0.173619,-0.012747,0.015596,-0.026029,-0.00078,-0.294673,-0.223128,-0.167844,-0.085003,-0.005482,0.134117,-0.068075,-0.160504,-0.2194,-0.205752,-0.211486,-0.013165,-0.288547,-0.070593,0.177554,-0.14169,-0.105711,0.126382,-0.038793,-0.014528,-0.118607,-0.228282,0.011709,-0.102692,-0.101984,-0.28206,-0.251077,0.322326,0.193941,0.055672,-0.034192,-0.026548,-0.267438,-0.141517,-0.238425,-0.143524,-0.084206,-0.03474,0.164296,-0.100223,-0.014128,-0.132835,-0.060415,0.022752,-0.070223,-0.056014,-0.147778,-0.174512,-0.045565,0.07929,-0.094274,0.270641,-0.22355,-0.077283,-0.277818,0.169209,0.084828,-0.261331,0.04146,0.0066,-0.16066,-0.038405,0.130792,0.098508,0.159014,0.189139,0.009088,0.211808,-0.191705,-0.069674,0.045112,-0.322191,0.222245,0.216434,0.21221,-0.174886,-0.057134,0.060576,-0.186912,0.067992,0.359451,#
12,0.29408,0.029438,-0.262771,-0.076474,0.111987,0.077626,0.102539,-0.155691,-0.025713,0.217197,0.107114,-0.324704,1.0,0.143313,0.002342,0.108505,0.072891,-0.026965,0.152558,-0.022598,0.235742,0.166075,0.052202,-0.143045,0.051169,-0.229328,0.037621,-0.166739,0.149769,-0.052875,0.006583,0.205112,-0.030971,0.019547,-0.258357,-0.303734,-0.049107,-0.190074,-0.08108,-0.20453,-0.102034,0.237623,-0.160994,0.097433,0.049094,-0.192806,0.082482,0.058835,-0.00938,-0.062123,0.077527,-0.016776,0.211014,-0.12424,0.224133,0.189753,-0.089153,0.159326,-0.045426,0.060711,0.026834,-0.027809,-0.05327,-0.252705,-0.11968,0.281972,-0.070573,0.21218,0.087873,0.008927,-0.061507,-0.044518,-0.148403,-0.141039,-0.031163,-0.052407,-0.039596,-0.198712,0.015667,-0.082001,-0.158999,-0.264059,0.098239,-0.028526,0.030024,-0.178596,0.040247,-0.053519,-0.058275,-0.124365,0.139368,-0.285584,-0.19714,0.200226,0.125457,0.073093,0.074409,0.072848,-0.186944,-0.068824,0.224703,-0.159046,-0.061212,-0.107241,0.008627,-0.130674,0.026568,0.079077,-0.192649,-0.17759,0.318368,-0.196271,0.014209,-0.168793,0.112386,-0.300554,0.084913,0.005504,-0.032371,0.094336,-0.029802,-0.182451,-0.350401,-0.051737,-0.019577,-0.008835,-0.186559,0.163111,0.162549,-0.127192,-0.245267,0.281128,-0.109523,-0.082203,-0.026739,0.085915,-0.158574,-0.222497,-0.126382,-0.19707,-0.073247,0.184897,-0.055663,0.032507,0.004903,0.226681,-0.18214,0.290449,-0.293947,-0.146383,-0.114146,-0.09836,0.04434,-0.136873,-0.117902,-0.133046,0.176291,0.100935,-0.059669,-0.077029,-0.040106,-0.000567,-0.038617,0.027403,-0.017707,0.119486,0.095859,-0.02009,-0.004224,-0.044747,0.010859,0.352811,0.226411,0.170366,0.138946,-0.115608,0.117564,0.072044,0.090176,-0.038206,0.294777,-0.035221,0.117307,0.076135,0.002984,0.061999,0.096102,0.100999,0.134424,0.172505,0.169373,-0.029019,0.052198,0.00381,0.010965,0.087993,0.069695,0.021019,-0.093788,-0.058137,#
13,0.231638,0.279751,-0.061934,-0.144142,0.097195,0.250859,-0.117529,-0.314978,0.244347,0.204145,-0.184015,0.178245,0.143313,1.0,0.106098,0.243423,0.044324,0.089229,0.065598,-0.124094,-0.187812,0.054397,0.299271,-0.334503,-0.095496,-0.209059,0.013498,-0.24029,0.115644,0.268337,-0.337763,0.187717,-0.228177,0.011165,-0.241314,0.127095,-0.20183,-0.131037,0.185051,-0.285983,0.089743,0.022326,-0.111111,0.219408,-0.073313,-0.155268,0.231656,0.064487,-0.173943,0.045368,-0.142954,-0.046566,0.149335,-0.237487,-0.149597,0.207651,-0.085565,0.239344,-0.201199,0.171279,0.204942,0.139526,0.054935,-0.251841,-0.009542,0.224815,-0.00906,0.212265,0.119802,0.0315,-0.015538,0.053417,-0.20709,0.264046,0.07416,0.161885,-0.060162,-0.307929,-0.254618,0.092334,0.073072,-0.203532,-0.065942,0.13597,0.223204,0.217471,-0.136493,-0.173294,-0.0028,0.020169,-0.126308,-0.135902,-0.183133,0.369255,-0.135817,0.033111,0.216068,0.0132,0.101532,-0.115186,0.338795,-0.07861,-0.170818,-0.028806,0.116504,-0.194296,-0.097272,-0.39616,0.136333,0.000558,0.157214,0.106766,-0.046516,0.049515,-0.002451,-0.025393,-0.090552,0.148705,-0.018647,-0.281538,-0.001132,-0.217695,-0.055808,-0.25472,0.024224,0.035008,-0.162669,0.12234,-0.110753,-0.234112,-0.077461,0.089148,-0.410907,-0.192004,-0.079699,-0.179766,0.004317,-0.100423,0.138831,-0.210362,-0.160102,-0.168378,-0.295358,-0.182071,0.116013,-0.195048,0.000515,0.145521,-0.105965,0.035514,-0.117893,-0.17229,0.249426,-0.138737,-0.108817,0.024114,0.184284,0.257688,0.134484,-0.009466,-0.316291,-0.246579,0.310369,0.386455,0.184965,0.239835,0.048098,-0.065673,-0.078251,-0.027974,-0.181554,0.170825,0.065529,0.065517,0.137978,-0.022576,0.00909,-0.106379,0.140175,0.058093,0.438392,-0.085723,-0.094969,0.213491,0.12233,-0.156705,0.385846,0.093268,-0.2632,0.103659,0.033201,-0.254572,0.066823,0.145868,-0.033986,-0.256102,-0.16077,-0.077959,-0.102457,-0.128634,#
14,0.155681,0.26521,-0.244883,-0.059098,0.021492,-0.095386,0.097837,0.106825,-0.177345,0.079977,0.010773,0.080672,0.002342,0.106098,1.0,0.136473,0.195195,-0.18369,-0.112369,-0.070786,-0.242256,-0.082558,-0.232269,-0.128119,0.041046,-0.059955,0.161991,0.067038,-0.099672,0.069714,-0.185287,0.03405,-0.093835,-0.144726,0.148007,-0.037472,-0.061722,0.211567,-0.032285,0.367677,-0.0924,-0.067746,-0.251386,-0.123255,0.332577,-0.44854,0.258593,0.050015,-0.065195,-0.113041,-0.085906,-0.065191,-0.146454,-0.102005,-0.024869,0.158517,-0.03952,-0.010003,0.223038,0.144047,-0.226482,0.619798,-0.019791,0.079588,-0.273089,-0.033173,0.000723,-0.125931,0.203223,-0.218982,0.255398,0.039073,-0.096941,0.033432,0.25438,0.117799,-0.345926,-0.118815,-0.292679,0.033243,-0.020397,-0.210522,-0.081659,-0.087154,-0.184897,0.0069,-0.081779,-0.142355,0.015316,-0.079818,0.035172,-0.08541,-0.034338,0.028225,-0.011497,-0.087218,0.116936,-0.06906,-0.238228,-0.120367,-0.045982,-0.130033,0.042035,-0.011324,0.09984,-0.083066,-0.043491,-0.178495,0.127568,-0.13812,-0.078959,0.02947,-0.260228,0.069299,-0.292512,-0.110365,0.005327,-0.113813,0.064193,-0.23914,-0.082824,0.024088,-0.146447,-0.010538,0.204242,-0.035052,-0.201239,0.074624,0.023811,-0.137323,-0.075251,-0.249005,-0.094565,-0.162777,-0.073311,-0.159865,-0.125998,-0.17674,-0.053995,0.081707,-0.1997,0.012169,0.134428,-0.197689,-0.195034,-0.059986,0.137631,0.047279,0.017423,0.062121,-0.16715,0.102828,-0.312516,-0.129099,0.034844,-0.029427,0.22844,-0.022487,-0.116163,-0.139253,-0.199815,-0.016407,0.042063,-0.076444,-0.067609,-0.039765,-0.132477,0.125696,-0.009676,-0.42301,-0.03159,-0.174512,-0.127002,-0.163994,-0.152242,-0.025177,-0.269214,-0.140652,0.016977,-0.116183,0.123636,-0.042593,-0.024959,0.158339,0.000551,-0.130083,0.355122,-0.068515,0.070101,-0.160785,-0.141791,0.139459,-0.013806,0.094961,-0.100953,-0.04367,-0.114805,0.061019,-0.027423,0.141457,#
15,0.165085,-0.115877,-0.155419,-0.089782,0.318694,0.216065,0.0198,-0.02907,0.108167,0.38393,0.164411,0.286548,0.108505,0.243423,0.136473,1.0,0.060508,-0.156937,0.083947,-0.221597,0.075894,-0.198227,0.063799,-0.357294,-0.229466,-0.248638,0.04902,-0.10786,0.266424,0.290414,-0.260868,0.265646,-0.244041,-0.241751,0.185487,0.01512,-0.19383,-0.251543,0.470085,0.201526,-0.111121,-0.143942,-0.111204,0.087492,0.011855,0.066491,0.006741,-0.150029,-0.032177,-0.063074,0.332258,-0.159036,0.131392,-0.067112,0.06914,0.259571,-0.062507,-0.01619,-0.217904,-0.050785,-0.062819,0.121334,-0.125573,-0.063122,-0.045213,-0.040124,0.285409,0.125299,0.131638,-0.358119,-0.094636,0.204998,-0.119241,0.024005,0.051823,0.212667,-0.149617,-0.251508,-0.210613,-0.093029,-0.10728,-0.155632,0.084733,0.087892,-0.099712,-0.023749,-0.237265,-0.016836,-0.252242,0.013365,0.01529,-0.376908,-0.166153,-0.082574,-0.362126,-0.122578,0.055843,-0.124562,-0.349866,-0.013304,0.158928,-0.139322,-0.183363,-0.001145,-0.074802,-0.130479,-0.141427,0.140636,-0.021458,0.188765,-0.301345,0.252171,-0.082805,-0.185013,-0.241406,-0.20167,0.061853,0.065955,-0.201799,-0.180971,-0.358843,-0.025519,-0.204938,-0.047063,0.104415,-0.15822,-0.231204,0.000337,-0.143753,-0.231561,-0.206108,-0.292924,-0.268206,-0.162145,-0.407361,-0.050264,-0.008806,-0.16621,-0.177373,-0.180623,-0.225913,-0.088771,-0.072243,-0.028536,-0.081417,-0.07133,-0.040693,0.209552,-0.312005,-0.193153,0.044835,-0.311538,-0.030433,-0.492263,-0.172617,-0.185207,-0.136692,0.090974,-0.39668,-0.239716,-0.515181,-0.188906,-0.024952,-0.155167,-0.068222,-0.061162,-0.344551,0.132625,0.113137,-0.17017,0.016795,-0.065552,-0.114004,-0.184279,0.295104,-0.100118,-0.217884,0.261866,0.14296,0.002357,0.141011,-0.006265,-0.020603,0.424572,0.086704,-0.183749,0.283674,-0.099742,0.099726,0.144162,-0.220357,0.074293,0.381898,0.279957,-0.006815,0.021717,0.085882,-0.163395,-0.008459,-0.063477,#
16,0.007726,-0.272861,0.055585,0.077636,0.118761,-0.03264,0.074079,0.014669,-0.113164,-0.001779,0.228732,-0.063798,0.072891,0.044324,0.195195,0.060508,1.0,-0.230651,-0.140957,0.043301,-0.155859,-0.033115,-0.302734,-0.123633,-0.158505,-0.017407,-0.294421,0.058844,-0.005897,-0.138557,-0.037867,0.059836,-0.268428,0.095314,0.14352,0.066088,0.227705,0.036783,0.055204,0.017763,-0.209809,-0.010424,-0.156419,-0.16097,0.112378,-0.079315,-0.007407,-0.247655,0.183423,0.160655,0.096554,0.072872,-0.271084,-0.19282,0.272792,0.090723,0.021784,0.083585,0.042416,0.101385,-0.046184,0.183127,-0.040648,0.014875,-0.002265,-0.243781,-0.181116,-0.191228,0.114239,-0.382858,0.247783,-0.036365,-0.229244,-0.051266,0.105184,0.10818,-0.236178,0.118636,-0.241581,-0.010035,0.076888,0.165792,0.045046,0.227967,-0.339624,0.171381,0.126229,0.128955,-0.064177,-0.042572,0.064817,0.081038,0.139158,0.082095,0.1155,-0.13605,-0.038739,-0.116216,0.099675,-0.255605,0.090593,0.012167,-0.048837,-0.165792,-0.227375,0.136487,-0.086107,-0.016346,-0.073467,0.077729,-0.12646,-0.156926,-0.015427,0.008944,-0.36963,0.12835,-0.093704,-0.110938,0.108875,0.055095,-0.076499,0.180128,0.105964,0.06086,0.008269,0.074296,-0.175533,-0.104625,0.064865,-0.197405,0.146817,0.272088,-0.100872,0.146374,-0.088928,-0.157531,-0.126785,-0.075272,-0.129687,0.238223,-0.125764,0.05321,0.177153,0.086798,-0.166666,0.025261,0.194519,-0.22098,0.180651,0.091353,-0.04266,0.126611,-0.027613,0.015717,0.103197,-0.154642,0.264672,-0.00685,-0.0851,0.039359,0.091302,-0.052741,0.239893,-0.109873,-0.233151,0.009876,0.213704,0.113175,0.019871,-0.027681,0.266372,-0.087704,0.066854,0.261402,0.054414,-0.08751,-0.02525,0.059829,0.020138,0.140853,0.019816,-0.020013,0.115858,-0.006571,-0.073447,-0.07069,0.172744,0.051212,0.121662,-0.338027,-0.124866,0.092228,-0.086478,-0.162069,0.090708,-0.085203,0.196062,-0.095109,-0.181541,0.092759,#
17,-0.051024,0.220829,0.195667,0.053955,-0.034009,-0.178038,0.018271,-0.005879,0.290357,0.13816,-0.273415,-0.149276,-0.026965,0.089229,-0.18369,-0.156937,-0.230651,1.0,0.120613,0.170177,0.117161,-0.025706,0.117854,0.097232,0.169607,-0.001686,-0.189049,0.049479,0.052847,0.0736,0.184102,-0.036471,0.280799,0.180374,-0.04598,0.038333,0.057853,-0.12747,-0.13835,-0.146422,0.080414,-0.004202,0.005345,0.29815,0.011738,-0.013482,0.010321,0.142692,-0.195513,0.047273,0.224412,-0.138228,0.141173,-0.104077,-0.26624,0.018437,0.400643,0.318393,0.027327,-0.059205,0.124094,-0.10086,0.062316,-0.072531,0.015009,0.181047,0.190776,0.10506,0.097275,0.088554,-0.141129,-0.172844,0.054778,-0.09316,0.028176,-0.216783,0.022075,-0.022386,-0.086494,0.308365,0.24003,0.017737,0.004387,-0.031258,0.386228,-0.208129,0.225018,-0.133569,0.05622,0.064959,-0.091076,0.056723,-0.013557,0.25893,-0.154357,-0.188131,0.008914,0.252878,0.425483,0.044536,0.168385,0.193738,-0.027208,0.167378,0.101479,0.088391,-0.276663,-0.158609,0.159596,-0.06853,0.303345,0.035226,0.164036,0.197465,0.152582,0.007075,-0.106089,0.071062,-0.108631,-0.177343,0.324849,-0.043032,-0.090782,-0.221052,0.289843,-0.050837,0.342966,0.121661,-0.237721,0.034087,0.197888,-0.005582,-0.101836,-0.162835,-0.181266,0.082886,-0.248607,0.135355,0.053823,-0.069471,0.072352,-0.060696,-0.125942,-0.084072,0.006818,-0.178698,-0.186948,0.146108,-0.082758,-0.007969,0.071386,-0.318508,0.147243,0.063108,0.032929,0.075982,-0.080297,0.315184,0.18119,0.212722,0.071201,0.052932,-0.049374,0.378671,0.277437,-0.02596,-0.066183,-0.169113,-0.026329,0.28406,-0.069972,0.168478,0.107376,-0.019926,-0.141213,0.11953,0.133648,0.170925,-0.04341,-0.209989,0.125458,0.100961,-0.246755,-0.325499,-0.029197,-0.066758,-0.119656,0.137897,-0.230682,0.242825,0.175364,-0.169286,0.169489,0.041637,-0.049021,-0.102287,-0.10166,0.068535,0.146439,-0.333814,#
18,-0.039132,0.096314,-0.082813,-0.295579,0.269989,0.094859,0.171133,-0.166772,0.325298,0.239137,-0.064519,0.001001,0.152558,0.065598,-0.112369,0.083947,-0.140957,0.120613,1.0,0.08051,0.247289,0.077699,0.338868,0.11992,-0.019176,-0.236459,0.253821,0.174715,-0.055973,0.258224,-0.101958,-0.295502,-0.120282,0.13434,-0.140467,0.024602,-0.158966,-0.292636,-0.021589,-0.056959,-0.044865,-0.013472,0.143961,0.182171,-0.27385,-0.094584,0.055118,0.120613,-0.125303,0.110377,0.26917,-0.091223,0.279197,-0.200964,-0.070768,0.003525,-0.004324,-0.114186,-0.04768,0.189098,-0.179974,0.095936,-0.129213,-0.055428,-0.022333,0.171259,-0.054186,0.097622,0.164238,0.130427,0.036953,0.050629,-0.033239,0.11866,-0.204381,0.052824,-0.145251,-0.277623,-0.024345,-0.059687,-0.174631,-0.331927,-0.214354,0.063423,0.013448,-0.162825,-0.138698,-0.103173,0.024787,-0.121015,-0.147696,-0.057923,-0.116136,0.181573,-0.066072,-0.081675,0.120214,-0.04184,-0.210958,-0.111848,0.177885,0.103095,-0.29849,0.074136,-0.076747,-0.234555,-0.065703,0.054564,0.009171,0.032242,0.204045,-0.092223,-0.021849,-0.174798,-0.28964,-0.249283,-0.050881,-0.093897,0.132777,-0.230479,-0.069258,-0.303377,-0.308724,-0.472489,-0.158137,-0.326221,0.112977,-0.091978,-0.1217,-0.212448,-0.064309,0.006276,-0.059601,0.086446,-0.373367,-0.03613,0.004962,-0.134511,-0.267985,-0.13446,0.056457,0.122024,-0.282197,-0.386763,-0.167085,-0.269251,-0.063256,0.302776,-0.457365,-0.165165,0.077636,-0.392564,0.149912,-0.157943,-0.239351,-0.056886,-0.049251,0.316096,0.075978,0.227041,-0.054335,-0.227773,-0.102909,0.058617,-0.017643,0.023652,-0.009894,-0.016358,-0.047676,0.000766,0.110385,0.362854,0.015948,-0.181791,0.139033,-0.356386,0.081219,0.186662,0.179582,-0.006019,0.396879,-0.098319,0.085781,0.155003,0.064454,0.156788,0.190274,0.039342,-0.347449,0.24724,-0.008845,-0.139442,-0.179608,0.09107,-0.253845,0.120387,0.134064,-0.056126,0.236031,0.077826,#
19,-0.303297,-0.11867,0.129129,0.150716,-0.154495,-0.195771,-0.09194,0.296341,0.060287,-0.234495,-0.247488,-0.159885,-0.022598,-0.124094,-0.070786,-0.221597,0.043301,0.170177,0.08051,1.0,-0.241505,-0.080021,-0.164531,0.419313,0.271558,0.13601,0.008483,0.12765,-0.310177,0.003656,0.26667,-0.123875,-0.040894,0.504183,-0.143708,0.125887,0.17965,0.199079,-0.003572,-0.172143,0.021723,-0.156065,0.116303,-0.143444,0.134047,0.093987,0.117297,0.126336,-0.193384,-0.002919,-0.05875,0.331134,-0.073265,-0.136814,-0.212829,-0.11643,0.147906,-0.188779,0.165887,-0.178414,-0.048818,-0.149262,0.09503,0.112156,-0.122535,-0.026513,0.259902,-0.08661,-0.091557,0.140377,0.086965,-0.394032,-0.130076,0.040055,0.049385,-0.125778,0.539805,0.131563,0.370769,0.246276,0.546192,0.201684,0.21513,-0.229746,0.203525,0.286326,0.111502,0.044731,0.342411,0.304641,0.088771,0.301886,0.235352,0.010826,-0.155146,0.169282,0.288447,0.288361,0.267308,0.073828,-0.108889,0.328074,0.106894,0.071934,0.192402,0.336562,0.096408,0.128313,0.24759,-0.255314,0.283121,0.000499,0.496865,0.21045,0.133875,0.098304,0.255982,0.177201,0.076007,-0.016694,0.363593,-0.012255,0.307062,0.037688,0.063875,0.319258,0.058613,-0.028123,0.164415,0.436027,0.088174,0.251526,0.196173,-0.032641,-0.001286,0.194247,-0.139573,0.150236,0.101389,0.147243,0.194966,0.185852,0.354942,0.18022,0.288712,0.162827,0.143755,-0.273146,0.314072,0.182114,-0.013128,0.275698,0.098595,0.160824,0.428464,0.341154,0.256071,-0.090869,0.252045,0.399572,0.2467,0.331808,0.054969,0.152612,0.375099,-0.075398,0.395308,0.074235,0.126527,0.285764,-0.128365,0.154005,0.166749,0.121841,-0.388856,0.153512,-0.042061,-0.306302,-0.173369,0.06354,-0.147498,-0.122219,-0.163932,-0.363676,-0.139103,0.217052,-0.053206,0.202841,-0.116567,-0.404077,0.349336,-0.270601,-0.275621,-0.256318,-0.078564,-0.158996,0.044,0.240325,-0.032666,-0.149904,#
20,0.226868,0.159673,0.029071,0.01707,0.264418,0.200885,0.273926,-0.069683,0.096089,0.253179,0.235661,0.07977,0.235742,-0.187812,-0.242256,0.075894,-0.155859,0.117161,0.247289,-0.241505,1.0,0.287949,0.086434,0.050671,-0.111606,-0.146996,0.00785,-0.082456,0.410345,0.138048,-0.125333,-0.058671,0.034787,-0.103443,-0.144303,-0.026189,-0.108399,-0.351135,-0.134516,0.081554,0.120856,0.134915,-0.077632,0.151186,-0.004301,-0.065426,-0.430519,-0.076051,-0.217529,0.041602,0.20218,-0.133637,0.053936,-0.044692,0.224701,0.108997,-0.245168,0.102081,-0.043863,0.073201,0.116331,-0.068043,0.023316,-0.211375,0.099066,0.102952,-0.053621,0.001096,0.056571,0.048871,-0.393905,0.307408,0.184152,-0.097273,-0.288079,0.023605,-0.113151,0.038946,-0.17111,-0.078133,-0.388164,-0.20384,-0.04044,0.031974,-0.125227,-0.43802,0.008529,-0.279716,-0.1445,-0.380089,-0.104517,-0.380771,-0.189709,-0.081259,-0.081572,-0.165032,-0.23591,-0.153024,-0.215847,0.115587,0.228039,0.019208,-0.03849,-0.113587,-0.248177,-0.129974,-0.302688,-0.028615,-0.313582,0.066295,-0.010913,-0.05783,-0.225236,-0.183535,-0.099023,-0.193841,-0.003719,-0.128717,-0.217438,-0.127617,-0.289424,-0.145662,-0.319837,-0.036905,-0.120198,-0.326275,0.221773,-0.025603,-0.088435,-0.238226,-0.290853,-0.131249,-0.167723,0.07087,-0.240965,0.10173,-0.193238,-0.315045,-0.166516,-0.359707,-0.253081,0.047581,-0.309748,-0.114439,-0.143841,-0.161719,-0.380291,0.453792,-0.16403,-0.204539,0.207271,-0.407539,-0.099634,-0.306983,-0.310598,-0.221936,-0.245365,0.289082,-0.273171,-0.205694,-0.0526,-0.190973,-0.235224,0.006194,-0.30714,0.10728,-0.286008,0.0649,0.038158,-0.085372,0.153203,0.246889,-0.174564,0.055394,0.248484,-0.249975,-0.070458,0.432066,0.222238,-0.002663,0.188597,0.139511,0.156736,0.249203,0.214503,0.010109,-0.020767,0.136577,0.093158,0.588506,-0.088556,0.300236,0.299298,0.20292,0.122944,0.187698,0.350572,0.020127,0.173516,0.011319,#
