0,1.0,0.179003,-0.053338,-0.091011,0.266696,0.099335,0.003985,0.003038,0.15419,0.135562,-0.218981,0.021209,0.066148,0.185145,0.324771,0.01742,0.077701,-0.103519,-0.046257,-0.114769,-0.188944,-0.08809,-0.209295,-0.113596,0.193863,-0.366204,0.164766,-0.19843,0.190967,0.127991,-0.343106,0.037075,-0.117334,-0.138711,0.024531,0.171129,-0.018421,-0.113733,-0.039396,0.142083,-0.041626,-0.042203,-0.340328,-0.10233,0.197753,-0.154313,0.189849,0.009714,-0.039231,-0.019653,-0.112519,-0.163879,0.121072,-0.053489,0.075935,-0.039079,-0.155876,0.040978,-0.126882,0.207923,0.143852,0.369207,0.155184,-0.240213,-0.160008,-0.043444,-0.022009,0.060661,0.082851,-0.104313,0.062127,-0.13355,0.091773,-0.04172,-0.113529,0.11513,-0.183442,-0.346664,-0.071465,-0.103724,-0.030393,-0.227193,-0.057415,-0.339529,-0.11389,0.015676,-0.198441,-0.061158,-0.06959,-0.332053,-0.085374,-0.30071,0.016337,0.011393,-0.060647,-0.052284,-0.067616,-0.077045,-0.070513,-0.176514,-0.056385,-0.220469,-0.127549,0.047159,-0.036534,-0.146264,0.081003,-0.108853,-0.009746,-0.423842,0.054619,-0.08901,-0.029899,-0.227661,-0.211266,-0.317021,0.035238,-0.149249,0.138104,-0.300632,0.003664,-0.088179,-0.29041,0.046386,0.129903,-0.083075,-0.064356,0.112315,-0.130499,-0.030704,-0.025487,-0.212411,-0.310364,0.071988,0.00644,-0.184336,-0.02693,-0.185921,0.141476,-0.188306,-0.060062,-0.290865,0.024109,-0.436008,-0.223503,-0.170166,-0.088403,0.13284,-0.145567,-0.045404,-0.325322,0.014953,0.29542,-0.281407,0.047218,0.065527,0.092844,0.12044,-0.091281,-0.07967,-0.193543,-0.096262,0.185637,-0.04534,-0.112396,0.144649,0.050783,0.275774,-0.091227,-0.313029,0.077978,0.029492,0.051028,-0.070483,0.152796,-0.151416,-0.028456,0.027016,0.234401,-0.274634,0.110173,0.067637,-0.04904,0.16704,0.067465,-0.139069,0.333869,-0.178128,0.065702,0.173775,-0.308288,0.032186,0.051509,0.176862,-0.191173,0.058914,-0.128054,-0.154674,0.117047,-0.070006,#
1,0.179003,1.0,-0.267314,-0.076341,0.23664,0.253263,0.099737,-0.302046,0.164229,0.066486,-0.048908,-0.034841,0.036432,0.160508,0.206791,-0.080296,-0.209116,0.13041,-0.156309,0.12963,0.15124,0.320496,0.273834,-0.053566,0.068606,-0.329738,0.242636,0.008487,0.234724,0.406461,-0.370491,-0.227434,0.059817,-0.325041,-0.13657,0.059212,0.239917,-0.512672,0.015096,0.176662,0.164098,0.153648,0.084881,0.002055,-0.005487,0.139797,0.155286,0.257724,0.026391,0.015869,-0.13272,-0.412468,0.149913,-0.233289,-0.038936,0.050451,-0.039515,0.297568,0.116128,0.239453,0.177972,0.063114,0.213287,0.064005,-0.08404,0.27371,-0.068574,0.329611,0.403582,0.113179,-0.269673,-0.093684,0.181615,-0.169099,-0.205393,0.139766,-0.298737,-0.077834,-0.228005,-0.053598,-0.175538,-0.555538,-0.281262,-0.154105,-0.036651,-0.207016,0.029897,-0.358719,0.003582,-0.096551,-0.228174,-0.11339,-0.116902,-0.047707,-0.288377,-0.240288,-0.326629,-0.402178,-0.138417,-0.247189,0.128807,-0.087273,-0.086528,-0.073517,0.05584,-0.17877,-0.328364,-0.385525,0.071902,-0.128122,0.055316,-0.107072,-0.339165,-0.283614,-0.038028,-0.119286,-0.193835,0.031273,0.097335,-0.270528,-0.110462,-0.305593,-0.274599,-0.265764,0.00498,-0.089298,0.052563,0.295305,-0.106401,-0.22354,-0.109462,-0.316695,-0.17815,-0.200955,-0.249606,-0.373899,-0.220888,-0.325322,0.282577,-0.521805,-0.248835,-0.221722,-0.082352,-0.199676,-0.002025,-0.177692,-0.076391,0.29394,-0.047792,0.049724,-0.385068,-0.294526,-0.149756,-0.195646,-0.113306,0.041921,-0.104093,0.32851,-0.070161,-0.282518,-0.117975,-0.012318,-0.149227,0.130445,-0.094475,0.385553,-0.060302,-0.274813,-0.109758,-0.303321,-0.076511,0.011001,-0.270415,-0.142392,0.154611,-0.29565,-0.207821,-0.071402,0.386484,-0.356452,0.347168,-0.090316,-0.2142,0.271316,0.386099,-0.246027,0.045292,-0.080232,-0.167528,0.382595,-0.304652,0.391496,0.362007,0.337929,0.030263,-0.233376,0.000317,-0.160503,-0.142972,0.2129,#
2,-0.053338,-0.267314,1.0,0.143414,-0.057761,-0.028416,0.186935,0.130833,0.278493,-0.073419,-0.035226,0.267391,-0.303977,0.109167,-0.189306,-0.263725,-0.208118,0.212766,0.069296,0.22099,-0.287812,-0.172386,-0.099356,0.039384,0.184516,0.062281,-0.060621,-0.055869,0.155001,-0.197818,0.125053,0.298456,-0.307335,0.106121,-0.190013,-0.025177,-0.090979,0.013508,-0.059373,-0.298848,-0.205637,0.085,-0.010085,-0.019678,-0.111229,-0.124028,0.110553,-0.036532,-0.221067,0.325397,-0.050355,0.191724,0.009518,0.119953,-0.242596,-0.067533,0.041157,-0.190001,-0.368621,-0.189148,0.303278,0.08498,-0.008395,-0.048094,-0.057783,-0.030951,0.120896,-0.036579,-0.14049,0.174653,0.306042,0.044129,0.031516,0.137972,-0.041047,0.055902,0.006745,-0.091533,-0.001137,-0.11138,0.17621,0.055488,-0.020166,0.278406,0.108226,0.229015,-0.157851,0.06136,0.02376,-0.096871,0.146891,0.155796,0.101135,0.219113,-0.044902,0.030911,0.223702,-0.086141,0.241336,0.136249,-0.249014,-0.157428,-0.068782,0.226444,0.029462,0.095192,0.330143,0.218408,-0.088935,0.005642,0.11702,0.140885,0.10664,0.300392,0.090415,0.136478,-0.267341,-0.022328,0.095766,0.219044,0.006654,0.302059,0.148341,-0.088781,-0.148034,0.238803,0.045608,-0.322757,-0.303654,0.028884,0.249671,0.14174,-0.04716,0.185608,0.061634,0.113235,0.119397,0.284307,-0.107437,0.102659,0.343557,0.089682,-0.076285,-0.093637,0.137537,-0.003584,0.210759,0.018098,-0.077713,0.114149,0.261531,0.220161,0.294396,0.378393,0.228535,0.01793,0.092092,0.09714,0.292843,0.109124,0.004313,-0.043101,0.411444,0.160462,0.205293,-0.175722,-0.045386,-0.091296,0.204999,-0.02876,-0.015436,0.144588,0.120855,0.038476,-0.092983,0.163377,0.141307,0.300404,-0.142623,-0.152753,-0.027104,-0.052536,0.158342,-0.127019,-0.155329,0.322481,0.066521,0.102184,-0.260451,0.085657,0.066054,-0.289622,-0.12737,-0.028644,-0.259619,-0.024498,-0.019219,-0.130598,0.077878,0.007359,#
3,-0.091011,-0.076341,0.143414,1.0,-0.001757,-0.143377,0.112308,0.16531,-0.216226,0.177225,-0.073267,0.001696,0.025331,-0.16691,-0.019019,0.126928,-0.13791,-0.0764,-0.259124,0.17414,-0.120384,-0.037111,-0.287397,0.041133,0.170222,0.027891,-0.288024,-0.194316,-0.036425,-0.143298,0.167493,-0.121868,0.05331,0.352634,0.033405,-0.124344,0.065308,0.216934,-0.104247,-0.03757,-0.063458,0.021308,-0.034503,-0.097611,0.259412,0.111265,-0.317322,-0.317171,0.120469,0.147587,0.125991,0.104392,0.156738,0.081348,-0.121759,-0.085668,-0.012141,0.085828,-0.114808,-0.256315,-0.110209,0.16902,0.174352,0.172783,-0.130864,-0.249264,-0.150534,-0.251629,-0.278074,-0.0137,-0.081358,-0.028013,0.195446,0.100972,-0.058895,-0.015272,0.079187,0.361709,0.267358,-0.044578,0.190835,0.198936,0.069705,-0.014418,0.06761,0.074456,0.143659,-0.161301,0.144797,-0.085046,0.053872,0.101331,0.364688,-0.027493,-0.015165,-0.173991,-0.135606,0.027961,0.107474,0.296769,-0.094252,0.037766,0.368672,0.209386,0.138686,0.07647,-0.029277,0.031551,-0.187655,-0.137044,-0.226228,-0.142657,0.115188,0.237662,-0.110357,0.387263,0.240279,-0.009942,-0.162027,0.101796,0.161896,0.140481,-0.016962,0.276083,-0.008162,0.200513,-0.013204,-0.085379,-0.007229,0.27908,-0.099525,0.029968,0.191713,0.344384,0.051632,0.346084,0.147248,0.058698,-0.246765,0.113747,0.017858,0.05666,0.160754,0.11835,0.206108,0.235755,-0.093882,-0.110103,0.129469,-0.111164,-0.043343,-0.049205,0.042982,0.249566,0.203838,0.26411,-0.206845,-0.057661,0.198651,0.128604,0.232463,0.114086,0.10721,0.02218,-0.028439,-0.202007,-0.042653,-0.219051,0.347756,0.136307,-0.047396,-0.147903,0.119479,0.031513,-0.223262,0.173664,-0.016477,-0.068826,-0.338653,-0.219744,-0.138488,-0.27537,0.181296,-0.019748,-0.268637,0.006474,-0.300994,0.125859,0.099592,-0.30888,-0.04483,-0.081847,-0.320179,-0.008685,0.00436,0.045413,-0.088323,0.152684,0.021011,0.151424,#
4,0.266696,0.23664,-0.057761,-0.001757,1.0,0.080135,0.151995,0.004529,0.159442,0.080369,-0.154007,0.133091,0.143679,0.109232,0.127447,0.056907,0.181649,0.05547,0.082138,0.118235,0.23752,-0.155219,0.299537,0.008429,-0.170527,-0.313132,0.167815,-0.069935,0.276067,0.153861,-0.277201,0.084211,-0.105905,-0.053926,-0.057618,0.137221,0.177792,-0.383414,-0.16283,-0.054185,0.066825,0.159785,-0.177849,-0.23743,0.188812,-0.082463,0.154931,0.302134,0.166051,-0.018483,0.053458,-0.364417,0.284648,-0.345853,-0.081271,-0.099381,-0.11712,-0.012638,0.227671,0.115178,-0.080248,0.286072,-0.067048,-0.111725,-0.230327,0.146257,0.095761,0.052918,0.296701,-0.034252,0.075014,-0.28522,0.039568,-0.236701,-0.184857,0.195627,-0.192018,-0.250684,-0.32322,-0.118546,-0.239212,-0.239496,-0.278869,0.205416,-0.307222,-0.046376,-0.346614,-0.189359,0.097178,-0.172742,-0.358219,-0.316919,0.016029,-0.371248,-0.290766,-0.271196,-0.400663,-0.353164,-0.317136,-0.186284,-0.126268,-0.224838,-0.238711,0.045059,-0.133442,-0.271015,-0.023697,-0.282885,-0.022576,-0.16136,0.207755,0.132461,-0.065583,-0.358018,-0.232008,-0.008738,-0.039154,-0.300956,0.163744,-0.270731,-0.009308,-0.189474,-0.324096,-0.473588,0.038725,0.133219,-0.038264,0.23915,0.037348,-0.451322,-0.134467,0.043977,-0.129809,0.021712,-0.336766,-0.165114,-0.199176,-0.356891,0.09793,-0.245604,-0.232661,-0.208349,-0.195597,-0.188639,-0.308213,-0.009069,0.030128,0.183904,-0.371228,-0.181262,-0.35939,-0.067982,0.176557,-0.432281,0.0154,-0.193852,0.037703,0.371869,-0.238986,-0.233888,-0.003304,-0.167498,0.007948,-0.008135,-0.126874,0.224966,0.143471,0.051677,-0.16551,-0.031315,-0.06417,0.406664,-0.327719,-0.174538,0.07343,-0.114043,-0.164619,0.160187,0.260114,-0.260856,0.302937,-0.025648,0.039509,0.050345,0.073207,-0.130829,0.11486,0.010414,-0.090308,0.016423,-0.161681,0.186855,0.202812,0.240131,-0.243539,0.109209,0.338861,-0.09569,-0.049053,0.076244,#
5,0.099335,0.253263,-0.028416,-0.143377,0.080135,1.0,0.178125,0.074833,0.359671,-0.000797,0.209189,0.140066,-0.077279,0.188228,-0.011317,-0.004708,0.054815,-0.039361,0.017332,-0.043013,0.030076,0.246917,0.329206,-0.242628,0.190007,-0.338703,0.219632,-0.082017,-0.023449,0.25127,-0.242686,0.108168,-0.124844,-0.139878,-0.229785,0.227729,0.084906,-0.173787,0.234455,-0.078566,0.125492,0.037672,0.163131,-0.16459,-0.22022,-0.014127,0.246667,0.112392,0.123582,-0.017381,0.086177,-0.042716,0.049681,-0.202839,0.198662,0.205668,-0.421217,0.32889,-0.18468,0.257687,0.09678,-0.021266,-0.000451,0.02465,-0.081304,0.06784,-0.003015,0.300311,0.145691,0.038053,-0.114068,-0.140489,0.082306,-0.313663,-0.241604,0.247152,-0.191837,-0.073859,-0.066013,-0.208709,-0.238872,-0.380307,-0.017738,0.138635,-0.257307,0.030008,-0.199958,-0.080401,-0.057728,-0.230153,0.047791,-0.240728,0.078014,-0.119101,-0.176781,-0.163646,-0.006721,-0.147321,-0.04188,-0.35183,0.180163,-0.113942,0.090134,-0.18142,-0.148786,-0.311379,0.05757,-0.262408,0.037156,0.09605,-0.021351,-0.142034,-0.172501,-0.278766,-0.001274,-0.325034,-0.122534,-0.231556,0.169551,-0.096728,-0.09567,-0.206477,-0.216894,-0.226919,0.066875,-0.05866,0.211478,0.303195,-0.281082,-0.186096,-0.145247,0.04038,-0.152733,-0.258975,-0.062538,-0.079143,-0.0052,-0.192135,0.117064,-0.426836,-0.267882,-0.151993,-0.262091,-0.190048,-0.082976,-0.296587,-0.001147,0.242226,-0.192262,-0.110316,-0.070483,-0.061655,0.103699,-0.212495,-0.171523,-0.114214,0.183012,0.092354,-0.159808,-0.047552,-0.147675,0.019358,-0.079032,0.034706,0.130361,0.137453,-0.084513,-0.16795,-0.209146,-0.20541,0.229024,0.071916,0.04023,-0.186752,0.258955,-0.300641,-0.257184,0.299059,0.252263,-0.159655,0.212357,0.073845,-0.11756,0.333771,0.110191,-0.06941,0.049201,-0.005144,-0.178924,0.386705,-0.189618,0.167182,0.135684,0.294454,0.009282,0.202538,0.104836,-0.254967,-0.189044,0.049653,#
6,0.003985,0.099737,0.186935,0.112308,0.151995,0.178125,1.0,0.054055,0.140197,0.149716,0.209833,0.030699,0.047395,0.075303,0.116487,0.121513,-0.042017,0.078924,0.162445,0.000725,0.163408,0.072868,0.127791,-0.212983,0.010926,-0.115131,0.172783,-0.110403,0.24841,0.056116,-0.202951,0.118439,0.033433,-0.216492,-0.070326,0.042515,0.140407,-0.127669,-0.100499,-0.027758,-0.209164,0.193717,0.075545,-0.202999,-0.004404,-0.1613,0.064021,0.031632,0.09905,0.17507,0.039254,-0.243912,-0.055781,-0.071527,-0.215566,-0.061211,0.084156,-0.085828,-0.215218,0.165827,-0.087198,0.185877,-0.129872,0.022712,-0.211421,-0.114634,0.15764,0.064558,0.055642,0.070868,0.087185,-0.237954,0.089063,0.002638,-0.133564,0.200085,-0.098413,-0.296694,-0.386642,-0.111937,-0.076307,-0.220241,-0.108986,-0.000501,-0.221886,0.060386,-0.171499,-0.075818,0.035616,-0.136931,-0.085022,-0.147769,0.100983,-0.010569,0.054909,-0.084073,-0.240672,-0.228123,-0.285862,-0.09265,0.041973,-0.368491,-0.154328,0.014147,-0.05737,-0.115891,0.136191,-0.158961,-0.046719,-0.024605,-0.018406,-0.141855,-0.225076,-0.026077,-0.148079,-0.056646,-0.206947,-0.274953,0.021377,-0.070145,-0.092729,-0.094805,-0.097611,-0.233461,-0.292651,0.290727,-0.109792,0.265187,-0.148531,-0.170679,0.006113,-0.028995,-0.054051,0.082344,-0.038711,-0.082808,-0.000565,-0.268723,-0.120088,-0.150307,0.026634,-0.02338,-0.007599,-0.077656,-0.277925,-0.25714,0.034857,0.313471,-0.062542,0.183771,-0.126951,-0.03667,0.10851,-0.09258,0.203317,-0.010477,-0.020739,0.283686,-0.219477,-0.124636,-0.041419,-0.108512,-0.064179,0.144375,0.059011,0.043527,-0.17585,-0.147586,-0.099152,-0.111672,0.043948,-0.0406,-0.132991,-0.227416,0.007923,0.06214,-0.27033,0.392355,0.15238,-0.239516,0.042521,0.048681,0.245668,0.263317,-0.011688,0.082648,0.057092,-0.16418,-0.07743,-0.02269,-0.172083,0.257199,0.219547,0.302392,0.089919,0.275797,-0.067062,-0.116343,-0.120946,-0.10926,#
7,0.003038,-0.302046,0.130833,0.16531,0.004529,0.074833,0.054055,1.0,-0.206462,-0.264416,0.018809,-0.293085,0.123276,0.015807,0.164426,-0.034052,-0.071303,-0.243943,-0.01279,-0.057229,-0.09593,0.328077,-0.06246,0.021034,0.033801,0.065378,-0.021134,0.024444,-0.013493,-0.238645,0.084944,0.277048,0.267475,-0.071277,0.07873,0.083804,-0.018542,0.317464,-0.013421,-0.290281,0.118414,0.145613,0.182704,0.011709,-0.077114,-0.07855,0.10915,0.028072,0.011376,-0.267075,-0.19483,0.13474,-0.186731,-0.289866,0.036953,-0.077639,-0.203501,0.02994,-0.081456,-0.181076,-0.153453,-0.11612,-0.27114,0.069296,0.055023,0.169152,0.090053,-0.020606,-0.155052,-0.064965,-0.147731,-0.175837,0.063198,-0.191797,0.095003,-0.181775,0.245964,0.027109,-0.120065,-0.24142,-0.079016,-0.100721,0.014718,-0.151064,-0.092929,0.138748,-0.073653,0.019427,-0.048491,-0.109782,0.172499,-0.04647,-0.042962,-0.301984,-0.052571,0.205111,-0.0239,0.248899,-0.002065,-0.121062,0.019168,-0.203501,0.276136,-0.238694,0.034293,-0.042359,0.291973,-0.069986,-0.006784,-0.024582,0.110983,-0.057571,0.14207,0.025166,0.028883,0.216768,0.012977,-0.004294,-0.275349,0.271168,0.116877,-0.188808,-0.056279,0.074258,-0.036757,0.043549,-0.205032,-0.045258,0.099973,0.165761,-0.014447,-0.01363,-0.091593,-0.125048,0.141554,0.254057,0.109657,0.091551,0.052237,-0.001849,0.008961,-0.033601,-0.039748,-0.076231,0.042032,0.034232,-0.168081,-0.23591,-0.171546,-0.225949,0.026024,0.303218,0.104348,0.253974,0.040531,-0.096093,0.252205,-0.255549,-0.120412,-0.048072,0.089945,0.017342,-0.102667,-0.031921,-0.126472,0.00506,-0.015989,-0.007101,-0.003709,0.08895,-0.160452,0.235361,0.136103,0.098778,-0.047502,0.133199,-0.027519,-0.066474,-0.31036,0.051865,-0.082293,0.026767,0.159807,0.000752,-0.188635,-0.280091,-0.139993,0.005135,0.170627,-0.228282,0.055523,-0.079752,-0.081512,-0.101159,0.03169,-0.00016,0.128782,0.054853,0.071782,-0.105865,#
8,0.15419,0.164229,0.278493,-0.216226,0.159442,0.359671,0.140197,-0.206462,1.0,0.108215,0.087486,0.243246,-0.08899,0.351095,-0.215458,-0.157762,-0.013011,0.375051,0.348858,0.319218,-0.133409,-0.220048,0.207734,-0.249804,0.041149,-0.276274,0.189561,0.108425,0.149752,0.21125,-0.115033,0.159669,-0.135346,-0.131142,-0.167835,0.200673,0.279216,-0.397865,-0.006598,-0.138039,-0.027498,0.202998,-0.180506,-0.051376,0.072586,-0.249047,0.337165,0.20231,-0.07077,0.214867,0.092313,-0.045469,0.069015,0.065968,-0.214113,0.26985,-0.067603,0.020244,-0.090838,0.248393,-0.12906,0.209359,-0.028241,-0.141807,-0.151207,0.111206,0.369589,0.202097,0.176696,0.165876,0.222368,0.039324,-0.116067,-0.005689,-0.272824,0.143057,0.04244,-0.358041,-0.107148,0.060198,-0.117535,-0.193092,-0.066163,0.322406,0.079759,0.09079,-0.214722,-0.146896,0.032929,-0.122015,-0.041953,0.003699,-0.151787,0.257807,-0.18827,-0.086332,0.143212,-0.302321,-0.017515,-0.164593,-0.207712,-0.12038,-0.171645,0.166835,-0.16903,-0.028232,0.132446,-0.011511,0.118122,0.019791,0.187804,-0.111709,0.137148,0.028685,-0.015801,-0.41352,0.014057,-0.103096,0.460987,-0.240666,0.032563,0.002768,-0.056927,-0.40102,-0.073129,0.118574,0.0061,0.173306,-0.308586,-0.165132,0.179921,0.290281,-0.236031,0.027499,-0.143363,-0.220422,0.054999,0.124088,0.255416,-0.131718,0.179446,-0.008504,-0.194236,-0.155188,-0.069481,-0.463369,0.316927,0.405664,0.054808,0.22602,0.102148,-0.103446,0.25249,-0.201838,0.098755,-0.080235,0.109392,0.269458,-0.045214,0.11764,-0.172582,-0.171801,0.074325,0.421784,0.287395,-0.188244,-0.075351,-0.094823,-0.128265,-0.063182,-0.048756,0.114424,0.269788,-0.122427,0.015851,-0.190782,-0.128175,0.194249,0.224685,-0.115787,0.28416,0.0847,-0.361886,-0.008675,-0.023335,0.326014,0.225121,0.034183,-0.559735,0.233776,-0.025675,-0.095856,0.007742,0.108385,-0.281498,0.077958,-0.090402,-0.137358,0.039466,0.049443,#
9,0.135562,0.066486,-0.073419,0.177225,0.080369,-0.000797,0.149716,-0.264416,0.108215,1.0,-0.029686,0.172274,0.324888,0.26239,-0.202243,0.309872,-0.125729,0.027886,-0.107931,0.0289,0.018902,-0.171267,0.019498,-0.180766,0.041679,-0.1217,-0.013781,-0.402871,-0.014776,-0.004065,-0.046765,-8.4e-05,-0.106503,0.183911,0.132047,0.185903,0.028626,-0.337045,-0.101529,0.128917,-0.152972,0.169313,0.085329,-0.128141,0.124255,-0.037487,-0.064295,-0.144431,-0.141011,0.134235,0.192274,-0.195165,0.066054,0.117142,-0.07072,-0.025129,-0.115533,0.062988,0.035874,0.08683,0.040204,0.129185,0.10632,0.029679,-0.27517,-0.030481,0.171468,0.044223,-0.045332,-0.113179,0.041698,-0.309096,-0.04509,0.01551,-0.111174,-0.084772,-0.024692,0.09738,0.037054,0.059919,-0.070308,0.040795,0.054224,-0.090414,-0.010081,-0.295514,0.089048,-0.013157,-0.089633,0.164249,-0.327908,-0.149604,0.250573,-0.02115,-0.063434,0.0637,-0.234305,-0.036901,-0.234366,0.113652,-0.141441,0.028679,-0.004594,0.27772,0.014192,0.034779,-0.130286,0.037649,-0.142777,-0.058328,-0.185933,-0.131345,-0.144435,0.063886,-0.069797,-0.012781,-0.096119,-0.242097,0.169917,-0.178785,-0.024858,0.295561,-0.139732,-0.064962,-0.170037,0.202641,-0.201417,0.02457,0.055254,0.138137,-0.158827,0.359927,-0.095611,0.386965,-0.040766,0.064474,-0.131716,-0.169221,0.053857,-0.098011,0.091827,-0.161153,0.052716,0.061945,-0.023243,0.145792,-0.00577,0.168942,-0.205389,0.147716,-0.262251,-0.042884,-0.229309,-0.037296,0.226349,0.055033,0.03853,0.313261,-0.020342,-0.154935,-0.04831,0.041434,-0.155248,0.197452,0.07778,-0.104017,0.108903,0.205594,0.031158,0.097489,0.194981,-0.110801,0.110107,-0.116704,0.121701,-0.052064,-0.29924,0.123688,0.080255,-0.157936,0.03948,0.07318,-0.060188,0.02291,-0.072572,0.030419,0.013784,-0.004555,-0.02047,0.189031,-0.176117,-0.016681,0.042679,0.093007,0.072728,0.013154,0.016545,-0.012604,0.087641,0.024599,#
10,-0.218981,-0.048908,-0.035226,-0.073267,-0.154007,0.209189,0.209833,0.018809,0.087486,-0.029686,1.0,0.163753,-0.174919,-0.142894,-0.072266,0.072927,0.410059,-0.123584,0.122318,-0.07679,0.095987,0.152358,-0.023996,0.210488,0.038076,0.038569,-0.14387,0.062922,0.072087,0.109205,0.006487,0.056284,-0.302568,-0.141486,0.345493,0.003265,0.158912,-0.068121,0.215848,0.14142,-0.28848,-0.034002,0.02699,-0.132164,-0.103214,0.101094,-0.226164,-0.260648,0.108415,-0.114777,0.220646,-0.006668,-0.165563,0.041759,0.049456,-0.013412,-0.183554,-0.074978,-0.104316,-0.091042,-0.048421,-0.037866,0.017608,0.125191,0.193436,-0.197681,-0.013302,-0.107481,-0.097488,-0.114165,-0.073499,0.216981,0.182559,-0.112552,0.002568,0.231124,-0.161227,-0.062452,-0.14734,-0.140448,-0.123938,0.007452,-0.172417,0.249809,-0.163361,-0.033686,-0.114009,-0.042804,-0.262619,-0.120252,0.127212,-0.155847,-0.099869,-0.002229,-0.081754,-0.035625,-0.191125,-0.083406,-0.200972,0.040557,0.146352,-0.027939,-0.276032,-0.133886,0.083645,-0.088702,-0.05748,0.131362,-0.266305,0.534353,-0.255046,-0.153391,-0.139646,0.051877,-0.081742,-0.048246,-0.09944,-0.016953,-0.047652,0.236929,-0.347259,0.027426,-0.251714,0.021329,-0.079622,-0.11735,0.01508,-0.049091,-0.022216,-0.064932,0.196039,-0.082566,-0.004405,-0.063364,0.086623,0.107677,-0.015841,-0.183937,-0.137171,-0.102748,-0.117187,0.204064,0.009992,-0.033797,-0.013332,-0.055771,0.082073,-0.100239,0.058609,-0.137377,0.116633,-0.058373,-0.235422,-0.094758,-0.117484,-0.265779,-0.076065,-0.087724,-0.00674,0.050751,0.151426,-0.05812,-0.19452,-0.047835,-0.162354,-0.095457,-0.214989,-0.058888,0.000564,-0.007147,0.16768,-0.187496,-0.113995,-0.194923,0.140021,-0.323911,-0.396582,0.25329,0.03731,0.215281,0.069586,0.046523,0.065366,0.169596,0.011067,0.010619,-0.231955,-0.017731,0.291426,-0.063244,-0.121721,0.202661,-0.061586,0.025439,0.071275,0.025635,0.173909,-0.267274,-0.15561,0.00853,#
11,0.021209,-0.034841,0.267391,0.001696,0.133091,0.140066,0.030699,-0.293085,0.243246,0.172274,0.163753,1.0,-0.120722,0.146996,-0.105007,0.055552,0.161525,-0.045836,-0.055152,-0.08323,-0.127317,-0.14654,-0.04574,-0.03651,0.145792,0.014194,-0.103036,-0.152984,0.187323,0.115925,-0.211609,0.161178,-0.502264,0.002429,-0.200168,0.262424,-0.109372,-0.140946,0.075452,0.279027,-0.042325,-0.002529,-0.087446,-0.106907,0.122514,0.140461,-0.044169,-0.143116,0.157279,0.188516,0.120212,-0.147955,-0.028767,0.019275,-0.02521,0.015563,-0.20598,-0.167154,-0.088731,-0.065898,-0.153225,0.145522,0.285348,-0.108543,0.060523,-0.165762,0.020602,-0.006448,0.075774,-0.071279,0.26236,-0.198891,-0.062969,-0.03721,-0.147747,0.287401,-0.318439,-0.094138,0.07652,-0.199966,0.052691,-0.109606,0.051133,0.194959,0.056539,0.033285,-0.159065,-0.150686,-0.109011,-0.234668,-0.073185,-0.044996,0.069551,0.004809,-0.080162,-0.104371,-0.132097,-0.203928,0.019779,-0.112433,-0.1699,0.067174,-0.150384,0.135887,-0.107911,-0.068273,0.020185,-0.12426,-0.127505,-0.103944,-0.225226,0.103692,-0.263622,0.038753,-0.121748,0.020496,-0.056155,-0.238022,0.063107,-0.016825,-0.006563,0.00797,-0.183689,-0.133841,0.252505,0.105899,-0.11691,-0.228886,-0.258152,-0.165745,0.023791,-0.051174,0.072806,0.204064,-0.058508,7.9e-05,0.025958,0.012522,0.029583,-0.073166,0.147763,0.17953,-0.03637,-0.028112,-0.223359,-0.202772,0.28486,0.062815,-0.035412,-0.151567,-0.086126,0.013326,0.136423,-0.120923,-0.157099,-0.083494,0.143125,-0.010495,0.034763,0.182651,0.11018,0.085616,0.022258,-0.031441,-0.056973,-0.173194,-0.064204,-0.103512,0.168935,0.044013,0.086602,-0.250586,-0.045353,-0.322322,0.027438,-0.124879,-0.225055,0.062186,0.084567,-0.137061,-0.063968,-0.017179,0.166759,0.063466,0.167674,0.091315,0.133238,-0.101559,-0.125011,0.125963,-0.18484,0.185993,0.07651,0.035039,0.090463,0.135557,0.088877,-0.206454,-0.092788,0.115277,#
12,0.066148,0.036432,-0.303977,0.025331,0.143679,-0.077279,0.047395,0.123276,-0.08899,0.324888,-0.174919,-0.120722,1.0,0.206196,0.159885,0.278359,-0.215667,0.060361,0.011947,0.000559,0.321041,0.091168,0.064644,-0.159318,-0.181167,-0.065579,0.258106,-0.000197,-0.0815,0.005267,-0.087332,0.282814,0.188954,-0.027173,-0.003021,-0.057399,0.050294,-0.233865,-0.119079,0.073847,-0.070823,0.312554,0.069685,0.276576,0.271808,-0.243109,-0.054627,0.160598,-0.112403,-0.296591,0.091628,-0.125289,0.0314,-0.207549,-0.072452,-0.185877,-0.239504,0.200866,0.084499,0.022789,-0.347709,0.026979,-0.4118,-0.005852,0.047081,0.243827,0.076782,0.159923,0.194867,-0.224961,-0.065733,-0.199035,-0.114512,0.050633,0.002842,0.08749,-0.06964,-0.14799,-0.179257,-0.23995,-0.286604,-0.282308,0.087253,-0.075867,-0.079862,-0.264532,0.056508,-0.045388,-0.358366,-0.016642,-0.204054,-0.436709,-0.145944,-0.146326,-0.083144,0.159966,-0.119552,-0.127965,-0.278539,-0.164793,0.064307,-0.203471,0.002936,-0.176502,0.014547,-0.039812,-0.132136,-0.138229,-0.236466,-0.201322,0.218383,-0.111081,-0.117398,-0.161027,-0.160937,-0.077278,0.159103,-0.046252,-0.170663,-0.233882,-0.052599,-0.145917,-0.253137,-0.176954,-0.275543,0.193375,-0.313249,0.071613,-0.01346,-0.175351,-0.345054,0.028821,-0.138889,0.067343,-0.20962,-0.045337,-0.080515,-0.056029,0.100322,-0.04599,-0.178842,0.01842,-0.2138,-0.216008,-0.207838,0.00495,-0.091918,0.271654,-0.405525,0.035134,-0.093621,-0.088727,-0.157885,-0.236383,-0.33036,-0.103978,0.201142,0.100403,-0.30246,-0.147437,-0.109163,-0.060082,-0.089232,0.092685,-0.119027,0.083264,-0.062269,0.068664,-0.069211,0.022909,0.046263,0.108622,-0.018742,-0.037961,0.200956,-0.104948,-0.247115,-0.047925,0.167965,-0.084165,0.248725,0.08547,-0.079207,0.138776,0.124344,-0.183429,0.018946,-0.047052,-0.00802,0.185093,-0.110764,0.10014,0.184244,0.092035,-0.084172,0.097852,0.026911,0.071428,0.125618,0.033075,#
13,0.185145,0.160508,0.109167,-0.16691,0.109232,0.188228,0.075303,0.015807,0.351095,0.26239,-0.142894,0.146996,0.206196,1.0,0.202377,0.040553,-0.10845,0.197351,-0.04201,0.133281,-0.244936,-0.09992,0.121529,-0.275789,0.013333,-0.084892,0.297572,-0.303258,0.052019,-0.024458,-0.234996,0.238518,-0.181568,-0.062869,-0.262448,0.2254,0.151616,-0.12809,-0.054269,-0.235558,-0.059302,0.287098,-0.11215,0.042424,0.062217,-0.365067,0.408373,0.102444,-0.12169,0.103282,0.024894,-0.081693,0.069181,-0.092606,-0.483065,0.165838,0.067897,0.166253,0.209829,0.369352,-0.089876,0.184229,-0.101217,-0.186702,-0.08272,0.234211,0.251873,0.49193,0.233789,0.023123,0.052576,-0.138195,-0.109539,0.018459,-0.020983,0.169856,-0.109141,-0.115454,-0.311966,0.122555,0.169737,-0.26539,0.04214,0.049079,0.034704,0.031674,-0.101891,-0.282622,-0.240554,-0.09276,-0.267195,-0.101585,0.009004,0.155666,-0.295593,0.063568,0.027234,-0.04376,0.004192,-0.159248,-0.09129,-0.147239,-0.080829,0.042541,0.035721,-0.277829,0.054792,-0.221567,0.053952,-0.163629,0.231162,0.133468,-0.14377,0.210814,0.106966,-0.20286,-0.291063,-0.092893,0.19516,-0.352725,0.00596,-0.099408,-0.049801,-0.255574,0.109148,-0.011424,-0.214049,0.093975,-0.125191,-0.172371,-0.120091,0.308246,-0.475518,-0.163742,0.026606,-0.160742,-0.030773,0.124371,0.223765,-0.07779,0.059318,-0.280783,-0.270102,-0.104138,-0.040461,-0.224124,-0.028904,0.339971,-0.284327,0.376723,-0.194224,0.099192,0.081236,-0.063847,0.102161,-0.100274,0.428889,0.355582,-0.05134,0.034177,-0.258686,-0.035904,0.156198,0.489225,0.202454,0.29231,0.027471,0.052669,-0.084029,-0.116921,0.069666,0.064124,-0.055228,-0.003499,-0.037303,-0.025373,-0.084186,-0.088613,0.16436,-0.095583,0.389174,0.17577,-0.264272,-0.120348,0.074619,-0.077383,0.142222,0.088046,-0.431179,0.2677,0.007327,-0.142056,0.2664,0.212625,-0.014874,-0.160992,-0.281061,-0.143512,0.145352,0.107221,#
14,0.324771,0.206791,-0.189306,-0.019019,0.127447,-0.011317,0.116487,0.164426,-0.215458,-0.202243,-0.072266,-0.105007,0.159885,0.202377,1.0,0.129414,0.099261,-0.277112,-0.105695,-0.12143,-0.200179,0.089726,0.082235,-0.293656,-0.136477,-0.126672,0.153075,-0.198804,0.054487,0.051503,-0.36053,0.206026,-0.108713,-0.129992,-0.045822,-0.10661,-0.062826,0.14779,-0.026331,-0.040795,-0.049459,-0.08459,-0.230983,0.031222,0.207155,-0.132207,0.406621,-0.112619,0.129717,-0.028841,-0.296906,0.040609,-0.070548,-0.454279,-0.167033,0.220875,-0.077842,-0.005083,-0.064364,0.104259,-0.046589,0.270101,0.057549,-0.006734,0.090037,0.132616,-0.182361,0.055708,0.121641,-0.294418,0.13726,-0.005839,-0.206068,-0.064609,0.166318,0.118105,-0.213389,-0.076294,-0.374225,0.071454,0.02847,-0.351381,-0.173122,-0.089568,-0.191534,0.081399,-0.211824,-0.150423,-0.007224,-0.223797,-0.009193,-0.163111,-0.094854,0.069013,-0.093154,-0.055795,-0.057205,-0.173806,-0.173947,-0.127264,0.060716,-0.302182,0.138727,-0.10458,-0.190488,-0.174587,-0.030544,-0.258302,0.255909,-0.176314,0.077428,-0.088363,-0.246167,-0.002633,-0.367945,-0.039786,-0.002281,0.187174,-0.059027,-0.197211,-0.185938,-0.299999,-0.19186,0.115617,0.15023,0.014244,-0.191207,0.165561,0.073303,-0.234546,-0.129469,-0.404462,-0.333357,-0.321506,-0.098977,-0.185829,-0.004436,-0.221039,-0.111157,-0.100725,-0.187521,-0.255321,-0.021074,-0.243263,-0.233435,0.002296,0.018145,0.011055,-0.07792,-0.046451,-0.184326,0.021242,0.012624,-0.109328,-0.163185,-0.046451,0.228601,-0.078242,-0.278312,0.031115,-0.437409,-0.079969,0.072515,-0.205718,-0.054844,0.273577,0.024501,-0.011293,-0.124733,-0.404698,-0.005192,0.053988,-0.173484,-0.063454,0.147783,0.114236,0.046255,-0.186554,0.056965,0.046058,0.055148,0.142963,0.075073,0.088954,0.191971,-0.285081,0.325838,-0.021078,0.078513,-0.158586,-0.20279,0.170723,0.177915,0.24069,-0.04043,-0.142882,-0.079554,0.042283,-0.157102,0.243441,#
15,0.01742,-0.080296,-0.263725,0.126928,0.056907,-0.004708,0.121513,-0.034052,-0.157762,0.309872,0.072927,0.055552,0.278359,0.040553,0.129414,1.0,0.117946,-0.268572,-0.048445,-0.440598,0.018458,-0.163213,-0.036196,-0.314093,-0.135905,-0.191087,-0.116608,-0.138768,0.03481,0.097892,-0.292563,0.061972,-0.090466,-0.064988,0.013159,-0.02461,-0.050105,-0.104452,0.244052,0.320209,-0.292652,-0.062592,0.078908,0.013006,0.054815,0.168333,-0.030726,-0.337596,0.058262,0.002134,0.325109,-0.118379,0.137894,-0.070081,0.002115,0.231479,-0.039478,0.039227,-0.027645,0.169324,-0.17571,0.218106,-0.05446,0.101606,-0.226574,-0.187885,-0.229474,0.202061,-0.093304,-0.429045,0.214867,-0.078685,-0.15341,-0.01564,0.00369,0.046194,-0.170452,-0.000733,-0.167462,-0.103516,0.006162,0.010548,0.205722,0.011036,-0.00474,-0.149849,0.079148,0.120811,-0.172424,0.064788,0.020411,-0.277451,0.212952,-0.189592,-0.090852,-0.020434,-0.248888,0.08205,-0.263696,-0.000662,0.046075,0.037656,-0.061284,0.087746,-0.090721,-0.182572,-0.271668,0.245611,-0.175169,0.076932,-0.466532,0.118561,-0.143433,-0.047118,-0.265452,-0.202151,0.111239,-0.070422,-0.276572,0.077391,-0.163489,-0.020641,-0.065751,0.130991,0.053343,0.024502,-0.030203,-0.014403,-0.113667,-0.130324,-0.218257,-0.1374,-0.120425,0.083017,-0.197507,0.019513,0.067802,-0.252686,-0.029993,-0.085521,-0.215487,-0.049146,0.096957,-0.058959,-0.295539,-0.038556,-0.243541,-0.165675,-0.295924,-0.163617,-0.040247,-0.22868,-0.178317,-0.250664,-0.243307,-0.057571,-0.05721,-0.103415,-0.326032,-0.044897,-0.240279,-0.341986,-0.10325,-0.283308,-0.240586,-0.174328,-0.300418,0.077603,0.029395,-0.109193,0.03564,-0.195869,0.00604,-0.02529,0.278556,-0.120122,-0.233009,0.097685,-0.040945,0.006085,-0.064689,-0.110977,0.438858,0.252479,-0.08494,-0.13879,0.08663,-0.180602,0.381416,-0.086835,-0.284895,0.32613,0.285873,0.106236,0.151907,0.130137,0.072948,-0.221294,-0.128192,-0.01878,#
16,0.077701,-0.209116,-0.208118,-0.13791,0.181649,0.054815,-0.042017,-0.071303,-0.013011,-0.125729,0.410059,0.161525,-0.215667,-0.10845,0.099261,0.117946,1.0,-0.106397,0.033108,-0.132165,0.009472,-0.012812,-0.026304,-0.055564,-0.067387,0.125611,-0.302777,0.010769,0.033693,0.129379,-0.141941,-0.068442,-0.094998,-0.194879,0.263685,0.075363,-0.181173,0.043712,0.290825,0.08523,-0.195349,-0.294785,-0.414745,-0.213669,0.156357,0.150493,-0.013783,-0.185981,0.117593,0.032637,0.120849,-0.002527,-0.099416,0.020606,0.151855,0.084135,-0.043508,-0.00964,0.180295,-0.073069,-0.068513,0.042973,0.030854,0.123759,0.000652,-0.316909,-0.156436,-0.236096,0.03858,-0.122451,0.169083,0.068921,-0.176773,-0.214796,-0.128615,0.134501,-0.212791,0.022816,-0.247976,0.055311,-0.10569,0.124387,-0.129095,0.173216,-0.149621,0.147002,-0.19513,0.050133,0.082137,-0.121023,0.105285,-0.078967,-0.044187,-0.089961,-0.116054,-0.274403,-0.045004,-0.200355,-0.048931,-0.150643,0.154499,0.005725,-0.335624,-0.314282,-0.153526,-0.056379,-0.099271,-0.0363,-0.127553,0.275305,-0.257277,-0.075802,-0.011077,-0.230307,-0.246342,-0.017733,0.057354,-0.089626,0.154839,-0.051605,-0.211296,0.024731,-0.120622,0.01155,0.133895,-0.034956,-0.117551,-0.011253,0.055773,-0.175124,0.2314,-0.119965,-0.003198,0.106437,-0.181246,-0.110404,-0.156377,-0.269646,-0.217898,0.039423,-0.314353,0.065463,0.146162,-0.068862,-0.242702,-0.049021,0.266405,-0.23369,0.204785,-0.297501,0.031818,-0.094141,-0.24851,-0.217458,-0.130224,-0.171212,0.028496,-0.012653,-0.156658,0.149863,0.066052,-0.034324,0.044967,-0.0898,-0.157847,-0.042629,0.065827,-0.015257,-0.113353,0.093749,0.351251,-0.172463,-0.082129,0.09713,0.148867,-0.143305,-0.231471,0.099583,0.03514,0.085714,0.005804,-0.050661,0.146767,0.118647,0.029145,-0.099725,0.035735,-0.170231,0.218718,-0.244899,-0.088621,0.223699,-0.026194,-0.140524,0.021289,0.069217,0.224539,-0.111677,-0.144859,0.11834,#
17,-0.103519,0.13041,0.212766,-0.0764,0.05547,-0.039361,0.078924,-0.243943,0.375051,0.027886,-0.123584,-0.045836,0.060361,0.197351,-0.277112,-0.268572,-0.106397,1.0,0.146205,0.196304,0.19123,-0.11512,0.065934,0.024055,0.092336,0.042778,-0.054316,0.036729,-0.001637,0.070422,0.159853,0.100539,0.225238,0.056606,-0.124894,0.049118,0.00279,-0.191039,-0.068822,-0.144734,0.02237,0.080837,-0.099717,0.056067,0.115018,-0.199774,-0.027575,0.371101,-0.159478,-0.012684,0.091298,-0.071735,0.199113,0.138241,-0.218522,-0.091068,0.200386,0.088193,0.217713,-0.091561,0.159286,-0.121431,0.031172,-0.245754,-0.1024,0.081876,0.080876,-0.063026,0.184099,0.206243,-0.018595,0.008091,-0.249932,0.012218,0.035002,0.002959,0.13403,-0.126555,0.023814,0.179798,-0.019615,0.100806,-0.085378,0.0711,0.317259,0.02555,0.126619,0.124294,-0.015419,0.151841,-0.168908,0.037226,-0.281177,0.19175,-0.061966,-0.280711,0.205568,-0.135844,0.211844,0.058166,-0.062006,-0.029219,-0.121561,0.092877,0.153078,0.216253,0.018765,0.022214,-0.110055,-0.092494,0.305112,0.124214,0.231737,0.094783,0.150692,-0.025937,0.003982,0.127562,0.255391,-0.143573,0.234861,0.205343,-0.019372,-0.18412,0.040041,0.300446,0.091778,0.158525,-0.280769,0.066622,0.09724,0.16844,-0.077778,0.15637,-0.008881,0.079916,-0.092548,0.155694,0.22405,-0.041745,0.016345,0.157541,0.003402,-0.005429,0.252129,-0.22465,0.250577,0.2399,0.060647,0.257791,0.107246,0.004372,0.048131,-0.191544,0.241592,0.073931,0.007599,0.401945,0.132233,0.159922,0.09297,0.186007,0.046548,0.449265,0.314932,-0.044306,0.033765,-0.000814,0.052841,0.310101,-0.09223,-0.01509,0.083763,-0.036697,-0.19907,0.126884,0.011284,0.135266,0.239139,-0.166495,0.371958,-0.158492,-0.379728,-0.052887,-0.012164,0.135457,0.018091,0.067112,-0.426546,0.244734,0.217615,-0.220637,0.099555,-0.125218,-0.02214,0.105689,-0.051551,0.069761,0.196644,-0.292154,#
18,-0.046257,-0.156309,0.069296,-0.259124,0.082138,0.017332,0.162445,-0.01279,0.348858,-0.107931,0.122318,-0.055152,0.011947,-0.04201,-0.105695,-0.048445,0.033108,0.146205,1.0,0.07911,0.098374,0.084112,0.332934,-0.024635,-0.111864,-0.03835,0.278894,0.246085,-0.114648,0.13584,0.124065,-0.000287,-0.050321,-0.129193,-0.062889,0.08694,-0.103341,-0.147158,0.020404,-0.192946,-0.018038,-0.038682,0.127596,-0.015522,-0.088415,-0.188228,0.068532,0.06186,-0.199378,0.027391,0.138111,0.169291,0.068911,-0.091748,-0.129086,0.23603,0.010758,-0.104701,-0.1177,0.128174,-0.116108,-0.0469,-0.087434,0.001474,0.133119,0.23696,0.246978,0.029318,-0.056689,0.086762,0.211795,-0.083551,-0.266649,0.16054,-0.023274,0.105022,0.082541,-0.568938,-0.031777,-0.104058,-0.077823,-0.109954,-0.160417,0.151971,-0.016586,-0.066692,-0.087931,-0.135524,0.0614,0.144891,-0.00496,0.036635,-0.147613,0.116865,-0.026792,0.093295,0.010259,-0.009605,-0.350285,-0.119595,-0.03884,0.034764,-0.081358,0.232759,-0.102498,-0.039399,0.239648,0.024166,0.201113,0.150757,0.112608,0.131102,0.224211,0.01138,-0.161377,-0.291704,0.164283,0.118584,0.301478,-0.038632,-0.107076,-0.114908,-0.178367,-0.320238,-0.011417,-0.215998,0.111006,-0.065625,0.061691,-0.16494,0.072207,0.04868,0.034195,0.025645,-0.197784,-0.098669,0.189607,-0.092918,-0.141379,-0.197408,0.04963,0.071438,-0.265217,-0.159276,-0.047106,-0.198069,0.005861,0.085756,-0.017759,0.133981,0.241657,-0.166063,0.344865,-0.239735,-0.076382,-0.174195,-0.039095,0.24943,-0.072064,0.182753,0.010278,-0.233487,-0.116918,-0.02782,0.135987,-0.113365,0.154616,0.090727,-0.281628,0.067663,-0.026822,0.336129,0.056957,8e-06,0.249545,-0.121536,0.094831,0.064862,0.012791,0.243636,0.250113,0.08381,-0.040297,0.090873,-0.035731,0.330162,0.115636,0.039589,-0.168117,-0.026775,0.079678,-0.037821,-0.168396,-0.062625,-0.291471,0.300604,0.031854,0.082675,0.34252,-0.060004,#
19,-0.114769,0.12963,0.22099,0.17414,0.118235,-0.043013,0.000725,-0.057229,0.319218,0.0289,-0.07679,-0.08323,0.000559,0.133281,-0.12143,-0.440598,-0.132165,0.196304,0.07911,1.0,-0.12277,0.041885,0.025458,0.207142,-0.042808,0.017871,-0.081035,0.077309,-0.094923,0.057822,0.160999,0.031273,0.161319,0.225165,-0.109578,-0.087109,0.053825,-0.0783,-0.216868,-0.193746,0.048286,0.005351,-0.046169,0.182523,0.06114,-0.196371,0.01567,0.163047,-0.173455,0.160334,-0.02384,0.162767,0.22221,0.061,-0.27327,0.006565,0.169525,-0.008646,0.002017,-0.166106,0.068802,0.046938,-0.030085,0.060719,-0.070112,0.0519,0.390759,-0.251978,0.026344,0.220796,0.041509,0.016253,0.009992,0.140786,-0.17361,0.036136,0.226058,0.056614,0.044264,0.025333,0.186124,-0.040452,0.055815,0.226044,0.07447,0.17038,0.027984,-0.327928,0.192595,-0.081056,-0.090195,0.2317,0.121839,0.12935,-0.300707,-0.105121,0.187152,-0.160712,0.038336,0.130528,-0.262216,0.088532,0.007652,0.142344,-0.041084,0.185468,0.049608,-0.213739,0.230304,0.060406,0.423618,-0.071029,0.328579,0.19886,0.14799,0.010977,0.17704,-0.002338,0.420261,-0.19678,0.214735,0.122964,0.126939,-0.256119,-0.09004,0.104066,0.054717,-0.007291,0.127206,-0.072105,0.075205,0.206449,0.054501,0.02596,0.092176,-0.075109,-0.146531,0.142592,-0.049101,0.0748,0.160838,-0.069841,-0.020637,0.083239,0.237808,0.152456,0.228542,0.121072,0.075316,0.300503,0.064426,0.059376,0.130246,0.244595,0.346956,0.247693,-0.032048,0.200631,0.195569,0.04778,0.058763,0.088748,0.140109,0.319719,0.242875,0.007707,0.217322,0.034641,0.132493,0.106872,-0.292995,0.229089,0.015064,0.174089,-0.013517,0.109988,0.026179,-0.127047,-0.137556,-0.067958,0.154065,-0.105631,-0.309571,-0.034346,-0.052665,0.180232,-0.053422,0.208311,-0.498867,-0.035325,0.264706,-0.323791,-0.183113,-0.036284,-0.245642,-0.243688,-0.133897,0.221151,0.215418,0.085047,#
20,-0.188944,0.15124,-0.287812,-0.120384,0.23752,0.030076,0.163408,-0.09593,-0.133409,0.018902,0.095987,-0.127317,0.321041,-0.244936,-0.200179,0.018458,0.009472,0.19123,0.098374,-0.12277,1.0,0.137867,0.320202,0.175745,-0.036273,0.038437,0.076121,0.132978,0.204665,0.336676,-0.056196,-0.065904,0.297462,0.008705,0.067175,-0.01772,0.054564,-0.253674,0.028576,0.060603,0.169318,0.129665,0.20646,-0.023874,-0.004576,-0.011488,-0.268653,0.16963,0.048633,-0.259355,0.133139,-0.2881,-0.023586,0.000794,0.04574,-0.211006,-0.120337,0.019649,0.127056,-0.032439,-0.053761,-0.233669,-0.175212,-0.027592,-0.061101,0.230841,-0.023236,-0.033315,0.198134,0.138511,-0.234179,-0.015008,0.193533,-0.084263,-0.082621,0.234156,0.048908,-0.072876,-0.171519,-0.1302,-0.371179,-0.036106,-0.135776,0.064955,-0.149346,-0.349012,0.112145,-0.171872,-0.143567,0.116401,-0.329641,-0.318331,-0.233089,-0.17821,0.035799,-0.104498,-0.287654,-0.197735,-0.245661,0.011928,0.216383,0.067795,-0.32926,-0.281166,0.155364,-0.074791,-0.121167,-0.135144,-0.232219,-0.045239,0.079766,0.142351,-0.186935,-0.237122,-0.080017,0.001354,-0.063796,-0.058827,-0.049928,-0.165899,-0.038559,-0.168138,-0.141357,-0.252061,-0.232211,0.088298,0.061548,0.032262,-0.065204,-0.219562,-0.272878,-0.075648,0.006831,0.009464,-0.258633,-0.026039,-0.327456,-0.32226,0.030314,-0.216117,-0.378486,0.028619,-0.150512,-0.045032,-0.336815,-0.142815,-0.13434,0.350589,-0.123518,-0.194794,-0.030048,-0.243349,-0.197984,-0.406839,-0.325144,-0.164441,-0.132411,0.20258,-0.108792,-0.202525,0.118375,0.114123,-0.257632,0.028962,-0.184147,0.016774,-0.21397,-0.10309,-0.2832,0.353522,0.089174,0.165643,-0.208719,-0.233951,0.075832,-0.251978,-0.157956,0.123335,0.206385,-0.097777,0.199381,0.009169,0.073591,0.072011,0.244581,-0.060915,-0.167235,0.111215,0.127346,0.18659,-0.191706,0.3595,0.27811,0.142877,0.042842,0.436264,0.225632,0.029248,-0.081289,-0.018065,#
