0,1.0,0.250616,-0.07513,-0.104513,0.260561,0.234135,-0.031033,0.074937,-0.297961,0.224989,-0.027637,-0.024684,0.422098,0.180145,0.074291,-0.037269,0.122743,-0.017067,-0.033459,-0.183297,0.127968,0.323274,0.12519,-0.182781,-0.207082,-0.207471,0.036322,-0.215322,0.228271,0.227505,0.17964,0.092773,0.16197,-0.095252,-0.063613,0.073916,-0.051642,-0.193496,-0.075061,-0.339534,-0.041955,0.079693,0.072908,0.20265,-0.201541,-0.248335,0.201081,0.0561,-0.247,-0.264758,-0.114036,-0.199909,0.033378,-0.208458,0.154824,-0.06247,-0.067131,0.049352,0.072666,0.207136,0.389857,0.070654,-0.168086,-0.119932,0.05895,0.138309,-0.126217,0.193488,0.020391,-0.25822,-0.138524,0.086404,-0.323739,-0.239731,-0.43096,0.307367,-0.121243,-0.181996,-0.428716,-0.069489,-0.152656,-0.291553,0.022973,0.047786,-0.177595,-0.069027,-0.082101,-0.040361,-0.152672,-0.349163,-0.196648,-0.441019,-0.176091,-0.134226,0.107089,-0.202391,-0.039657,-0.132921,-0.10323,-0.008497,0.113074,-0.243449,-0.208229,-0.039795,-0.082191,-0.213598,-0.191285,-0.039963,-0.410052,-0.059252,0.111936,0.23118,-0.201831,-0.173616,-0.151994,0.117612,-0.379754,-0.300054,0.076909,-0.247783,-0.331252,-0.078057,0.013348,-0.187975,-0.08443,0.074736,-0.099468,-0.084868,0.012998,0.081838,-0.133421,-0.221753,-0.147302,-0.051006,-0.527429,-0.089781,-0.062915,-0.274953,0.31432,-0.292324,-0.127188,-0.133372,-0.114492,0.019213,-0.070632,-0.120604,-0.05337,0.129216,-0.346396,-0.38252,-0.128078,-0.402654,-0.080617,-0.182351,-0.05071,-0.172917,0.256759,0.266498,-0.20555,-0.351022,-0.088561,-0.266673,0.013994,-0.347766,-0.156488,0.180771,-0.35123,-0.21361,-0.06439,-0.233999,0.167784,0.113503,-0.380679,-0.018604,0.116523,-0.390404,-0.206471,0.173774,0.1424,0.066777,0.173851,-0.098229,-0.012878,0.168122,0.299867,-0.163967,0.325703,-0.053432,-0.071983,0.307023,0.124521,0.216779,0.237301,0.11994,-0.1049,0.243943,-0.088674,-0.233955,-0.004167,0.285167,#
1,0.250616,1.0,0.181826,-0.229605,0.08064,0.246275,0.357924,0.287792,0.220919,0.376279,-0.178617,-0.176581,0.441432,0.245219,0.404229,-0.158115,0.062751,0.306549,0.189999,-0.11566,-0.184332,0.170207,0.358376,-0.020547,-0.15379,-0.345429,0.16706,0.034703,-0.050586,0.241443,-0.298384,0.037215,0.33284,-0.06642,-0.161476,0.33381,0.07642,-0.165523,-0.076187,-0.108077,-0.217031,0.199083,0.048556,0.18247,0.306019,-0.458294,0.304388,-0.087157,0.13758,0.231059,-0.012205,-0.261153,-0.056934,-0.253803,0.05034,-0.288247,-0.11982,-0.348305,-0.150569,-0.113733,0.11104,0.122281,-0.429679,-0.018544,0.103574,0.246143,-0.033408,0.169618,0.231311,-0.161816,0.03142,-0.03776,-0.183368,-0.51867,-0.335694,0.441825,-0.246135,-0.522368,-0.183625,-0.30724,-0.111962,-0.396214,-0.300094,0.099111,-0.369628,-0.049823,-0.282715,-0.194707,-0.215053,-0.374282,-0.256232,-0.31547,-0.56964,-0.093225,-0.165979,-0.214424,0.142276,-0.170701,0.027074,-0.258212,-0.034361,-0.293855,-0.243239,-0.174797,-0.280013,-0.189064,-0.519032,-0.14348,-0.551562,-0.278031,0.078982,0.497732,-0.207432,-0.385313,-0.148965,-0.192123,-0.314372,-0.544659,0.047355,-0.543766,-0.328241,-0.415037,-0.432573,-0.299107,-0.255341,-0.117037,0.016629,0.208533,-0.123694,-0.144572,-0.237296,-0.245044,-0.363064,-0.084855,-0.331427,-0.302718,0.246113,-0.229684,-0.060549,-0.398676,-0.24486,-0.134109,-0.518118,-0.275631,-0.028546,-0.091254,-0.268385,0.417269,-0.163394,-0.319034,-0.326292,-0.52974,-0.079071,-0.169357,-0.285469,-0.393085,0.267206,0.39943,-0.226953,-0.166985,0.004974,-0.062942,0.24267,0.073585,-0.059933,0.365015,-0.215977,-0.0698,-0.248608,-0.068304,0.101396,-0.049275,-0.347892,-0.234209,0.289963,-0.233406,-0.181898,0.552816,0.467233,-0.644077,0.381758,0.16813,-0.241864,-0.092525,0.283516,-0.223369,0.313152,-0.072998,-0.369684,0.45298,0.187957,0.367068,0.382281,0.393241,-0.228587,0.084415,0.008391,-0.130413,0.187254,0.105988,#
2,-0.07513,0.181826,1.0,0.26697,0.037984,-0.027837,0.133049,0.057615,0.276308,-0.118678,-0.048728,-0.087362,-0.200746,-0.08597,-0.104838,-0.160118,-0.091764,0.175421,-0.115273,0.133908,-0.119184,0.125503,0.114115,-0.016515,0.132871,-0.173548,0.401191,0.218434,0.008509,0.011663,0.006628,0.182573,-0.078781,-0.051546,0.114275,0.170052,0.293009,-0.261213,0.052127,-0.113735,-0.001878,0.079648,0.071705,0.113188,0.041983,-0.203076,-0.071038,0.420834,0.20799,-0.022013,-0.226574,0.114379,0.20199,0.028281,-0.208662,0.036729,0.00984,-0.309298,-0.289911,0.042971,-0.149192,-0.368289,0.097341,0.077691,-0.093325,-0.054585,0.17977,0.16277,0.099686,0.306385,0.38237,0.294491,0.02315,-0.022572,0.154274,0.044046,0.005408,-0.346311,-0.02714,-0.208401,0.217527,-0.076304,-0.015491,0.125316,-0.031055,0.332302,-0.035742,0.03562,0.089639,-0.079809,0.04084,0.001705,-0.03847,0.137232,0.095895,0.054888,0.391744,0.015531,0.081261,-0.120598,-0.01322,0.179723,0.095347,-0.028069,0.050536,0.011746,-0.004157,0.097781,-0.372113,0.070134,0.386933,0.017724,0.041939,-0.012482,0.432342,-0.052671,-0.087664,-0.121644,-0.025729,0.01341,0.112265,-0.057339,0.086741,-0.033626,0.16898,-0.156027,-0.14212,0.16188,-0.107791,-0.005456,0.426709,-0.192286,0.033399,-0.045546,0.160489,0.148208,-0.026974,0.271814,0.175772,0.088416,0.043929,0.088559,-0.049935,-0.218,-0.137401,0.039109,-0.254355,-0.01464,0.242008,0.014587,-0.003138,-0.12103,0.110767,-0.04963,-0.050928,-0.072669,-0.093984,0.154509,0.126067,0.146057,0.225742,0.041262,-0.062813,0.133845,-0.024234,-0.222109,-0.075193,0.015973,0.032543,0.208361,-0.108118,-0.187267,-0.122186,0.121795,-0.165853,0.298541,0.029803,0.185927,0.068328,-0.285034,0.162685,-0.142863,-0.176669,0.158669,-0.162194,0.097063,-0.135463,0.089908,-0.048398,-0.074158,0.344021,-0.049779,0.061348,0.141381,-0.250008,0.210527,-0.089544,0.021846,0.089149,-0.04964,#
3,-0.104513,-0.229605,0.26697,1.0,-0.210251,-0.140061,-0.21718,-0.304675,-0.125256,-0.163498,0.120842,-0.0217,-0.261667,-0.117015,-0.270322,-0.122676,-0.091892,-0.009837,-0.109631,0.311258,0.237074,0.061444,-0.145676,0.207705,0.299024,0.196142,0.072487,0.193708,0.060249,-0.279155,0.381349,0.008048,-0.157649,-0.112088,0.080045,-0.273553,0.053414,0.104991,-0.096314,-0.035256,0.093483,0.037379,-0.156295,-0.016053,-0.076429,0.322948,-0.148156,0.065847,0.150968,-0.107491,-0.009138,0.463138,0.125844,0.10796,-0.104618,0.069826,0.232219,0.019738,0.074942,0.362796,-0.143175,-0.176558,0.086636,-0.128879,0.077989,-0.222073,0.117007,0.327012,-0.037536,-0.043097,0.109483,0.158829,0.191464,0.19303,0.050664,-0.345919,0.203477,0.111078,0.209345,-0.05377,0.310028,0.512542,0.206989,0.111494,0.203972,0.040044,0.291702,0.172765,0.205398,-0.09573,0.247624,0.186143,0.418284,-0.061281,0.432307,0.183329,0.086115,0.000613,-0.04491,0.240911,0.04696,0.227549,0.350451,0.021607,0.355752,0.356905,0.158174,0.093188,0.228031,0.123174,-0.151794,-0.211204,0.191165,0.208519,0.261184,0.133226,0.22251,0.028679,-0.085117,0.264791,0.217827,0.260796,0.439888,0.117268,0.068192,0.084627,0.093434,-0.033498,0.108993,0.269035,0.235932,0.123272,0.317675,0.245244,0.352932,0.353033,0.024085,0.173713,0.151795,0.37488,0.207736,0.13443,0.127444,0.067723,0.304406,0.251005,0.228393,-0.252359,0.265001,0.20108,0.28517,0.298206,0.140905,0.363514,0.118904,0.180578,-0.282914,-0.138647,0.128659,0.202374,-0.140863,0.188088,-0.209763,0.050391,-0.08324,-0.309082,0.100029,0.182792,0.183513,0.246776,-0.298601,-0.03225,0.393571,0.162816,-0.454823,0.360866,0.251319,-0.113555,-0.38857,0.12,-0.305814,-0.167207,-0.05217,-0.064931,-0.186823,0.207403,-0.120358,0.24315,0.398397,-0.284174,0.144521,-0.220008,-0.160109,-0.274841,-0.186963,-0.026482,-0.306779,0.116141,0.121834,-0.270769,#
4,0.260561,0.08064,0.037984,-0.210251,1.0,0.089797,0.057335,0.167883,-0.174225,-0.083769,0.124636,0.003428,0.20101,-0.096008,0.183404,0.086802,0.045103,0.068006,0.221377,-0.078514,-0.105052,-0.105109,0.035594,-0.313734,0.072482,-0.1932,-0.251242,0.010009,0.043976,-0.034957,-0.123903,-0.17885,-0.12702,-0.177083,-0.188988,0.042926,-0.151907,-0.162998,0.006285,0.047318,-0.038376,-0.127526,-0.062385,0.070197,-0.115931,-0.034765,0.02171,0.23943,-0.051205,-0.076839,0.280514,-0.027111,0.072504,-0.187579,0.108319,0.110678,-0.289396,0.014657,0.003162,-0.243564,-0.033505,0.101555,-0.069889,0.145789,-0.015341,0.324929,0.154225,-0.188183,0.057919,0.079253,-0.017035,0.043164,-0.200349,0.086947,-0.070946,0.390274,-0.04378,-0.399778,-0.153488,-0.266199,-0.103067,-0.276366,-0.142263,0.137177,-0.163957,-0.005591,-0.00451,-0.082123,-0.153239,-0.077932,-0.050927,-0.300628,-0.041352,-0.168779,-0.132466,0.018317,0.179938,-0.304685,0.053112,0.020449,0.167328,-0.173314,-0.139874,-0.196801,-0.16575,0.07294,-0.088696,-0.059555,-0.208145,-0.163618,0.036957,-0.046623,-0.000635,-0.163513,-0.125024,-0.131398,-0.246849,0.084523,-0.012504,-0.034886,-0.280478,-0.082839,0.030161,-0.046119,-0.012363,-0.075066,0.176748,0.041416,-0.070754,-0.079744,-0.052703,-0.204737,-0.1682,-0.114728,-0.312684,-0.130395,-0.012697,-0.261722,-0.105115,0.043687,-0.114414,-0.247632,-0.042626,0.007622,0.008552,-0.06135,-0.278299,0.071898,-0.125452,-0.429587,-0.296802,-0.203728,-0.433174,-0.121398,-0.255442,-0.173341,0.0962,0.298386,-0.103352,-0.198324,-0.145312,-0.191378,-0.066182,0.03486,-0.056204,0.00955,-0.079484,-0.047136,-0.091839,-0.094559,0.141461,-0.015547,-0.058025,-0.011334,0.177216,-0.119218,-0.037145,0.18968,0.191011,-0.071178,0.199662,-0.038605,0.263314,0.030679,0.158052,-0.361636,0.124115,-0.143161,-0.244877,0.030948,-0.005966,-0.003601,0.252381,-0.038437,0.004683,-0.181576,0.135268,-0.002697,-0.282052,0.221631,#
5,0.234135,0.246275,-0.027837,-0.140061,0.089797,1.0,0.175699,0.265088,0.017937,-0.003036,0.258132,0.040329,0.090969,-0.069192,0.042964,-0.056851,0.39895,0.18797,-0.152642,0.025994,-0.06052,0.315566,0.18354,-0.074309,-0.195614,-0.271672,0.043822,-0.180406,-0.186966,-0.286917,-0.18242,0.122174,0.084798,-0.113721,-0.067894,-0.132394,-0.093234,-0.025013,-0.038318,-0.247312,-0.067627,0.272002,0.018372,0.28041,0.155912,-0.152798,0.045336,0.166236,0.172071,-0.207576,-0.003828,-0.025747,0.118062,-0.137936,0.040344,-0.105687,-0.048471,-0.18265,-0.049092,-0.236721,0.019435,-0.159431,-0.326268,0.107701,0.080382,0.167035,-0.110095,-0.056549,0.190858,0.087093,-0.026163,0.350086,-0.149144,-0.012363,-0.312429,0.315359,-0.385049,-0.105964,-0.228652,-0.076842,0.279912,-0.213313,-0.06151,-0.263265,-0.091393,0.170479,-0.013804,-0.138765,-0.098835,-0.387747,-0.121324,-0.139103,-0.211635,0.001959,-0.126138,-0.026458,0.046514,-0.224005,0.017793,-0.076281,-0.149436,-0.148994,0.042528,-0.077708,-0.040541,-0.293765,-0.039653,-0.214024,-0.410886,-0.072456,0.148704,0.003213,-0.164216,-0.242569,-0.028107,-0.265213,-0.6317,-0.02487,0.051052,-0.178197,-0.236833,-0.377667,0.091359,-0.405808,-0.103679,0.133037,-0.115318,0.085353,-0.028114,0.076373,-0.133848,-0.082651,-0.173061,-0.203715,-0.151223,-0.045904,0.110804,-0.310236,-0.122173,-0.290951,-0.258009,-0.153068,-0.350065,0.080334,0.072143,0.028286,-0.134562,0.093941,0.042931,-0.144092,-0.055443,0.000676,-0.130334,-0.027076,-0.013921,-0.197931,0.095363,0.176972,-0.192083,-0.028582,-0.026539,-0.017235,0.048316,0.174277,-0.151175,0.335565,0.075425,-0.215658,-0.037851,-0.059423,0.254467,-0.119813,-0.378756,0.097574,0.144823,-0.224527,-0.118871,0.094375,0.146481,-0.117004,0.163033,0.064518,0.015705,-0.008357,0.106344,0.013411,0.047031,0.164648,-0.161174,-0.00542,0.160959,0.116461,0.17285,-0.116932,0.065744,0.133501,0.124012,-0.180907,-0.153937,0.080206,#
6,-0.031033,0.357924,0.133049,-0.21718,0.057335,0.175699,1.0,0.384652,0.471795,0.315512,0.052293,-0.114614,0.322802,-0.164819,0.239988,-0.12073,-0.045616,0.005752,0.120849,-0.20633,-0.297641,0.17538,0.029655,-0.059217,-0.000923,-0.221597,0.336892,-0.002371,0.248,-0.016392,-0.504918,-0.167464,0.113285,-0.018133,-0.070351,0.121605,-0.2098,-0.099517,0.166231,-0.048669,-0.054912,0.19367,-0.042796,-0.218182,-0.058187,-0.211521,0.10085,-0.010102,0.110347,0.153093,-0.110428,-0.182397,-0.073301,-0.197086,-0.136514,-0.117951,0.144285,-0.205685,-0.203443,0.086482,0.034334,0.022618,-0.201719,0.231249,0.180392,0.296763,0.227016,-0.1122,0.404886,-0.072957,0.177267,-0.016468,-0.275815,-0.36057,-0.092418,0.393594,-0.061513,-0.27495,-0.092402,-0.115134,-0.179668,-0.252491,-0.312306,-0.216021,-0.138011,0.430153,-0.049737,-0.119381,-0.115655,-0.298987,-0.222884,-0.136442,-0.285825,-0.042148,-0.008341,-0.122318,0.216595,0.051877,0.059052,-0.294036,-0.095889,-0.081206,0.039546,-0.022153,-0.14748,-0.164339,-0.323991,-0.104812,-0.445073,-0.158995,-0.029339,0.175444,-0.209384,-0.410879,-0.072078,-0.255099,-0.149136,0.012592,-0.184611,-0.105501,-0.119243,-0.2046,-0.158298,-0.390308,-0.273866,0.066734,0.190504,0.409225,-0.091508,-0.097658,-0.273298,-0.594674,-0.514861,0.015864,0.036433,-0.085293,0.048133,-0.065476,-0.178754,-0.313633,-0.008752,-0.11857,-0.223749,-0.08699,-0.010217,-0.200733,-0.313036,0.567271,0.036888,-0.171262,-0.045932,-0.165719,0.083039,-0.272662,-0.185282,-0.143076,0.14488,0.128727,-0.094675,-0.107368,0.04002,0.095699,0.282733,0.14554,0.050621,0.206774,0.129568,-0.017964,-0.233557,0.255792,0.378949,-0.129087,-0.198207,0.04459,0.243971,-0.062431,0.135371,0.174307,0.362192,-0.171551,0.376041,0.269136,0.141377,-0.120652,0.241956,-0.105927,0.220857,0.056619,-0.275562,0.284417,0.186803,0.266715,0.072817,0.159657,-0.018948,0.098516,-0.104613,-0.116361,-0.129067,-0.147797,#
7,0.074937,0.287792,0.057615,-0.304675,0.167883,0.265088,0.384652,1.0,0.141307,0.179714,0.041331,-0.267938,0.285407,0.121574,0.004706,0.111941,-0.048346,-0.049271,0.107695,-0.054767,-0.038275,0.198591,-0.006647,0.248989,-0.014304,-0.037985,0.092501,-0.072749,0.040285,-0.031645,-0.192222,-0.046072,0.319811,0.02688,-0.073637,0.048426,-0.049255,-0.053074,0.303471,-0.294922,-0.115188,0.175787,-0.0581,0.222735,-0.225083,-0.208563,0.104149,-0.007316,0.123957,-0.11922,-0.207623,0.003636,0.052041,-0.029969,-0.04871,-0.007782,0.054739,-0.135046,-0.243764,-0.039766,0.031047,-0.042053,-0.355461,0.210507,-0.005861,0.176658,0.155375,-0.012272,0.24185,-0.061329,0.271597,0.097531,-0.33514,-0.120603,-0.014558,0.388441,-0.029707,-0.04074,-0.022321,0.025207,-0.08266,-0.076608,-0.007746,0.122796,-0.191744,0.298422,0.19787,0.180851,-0.031756,-0.164465,-0.313332,-0.108418,-0.295895,0.106448,-0.145019,0.125822,0.359966,0.061724,0.329981,-0.320005,-0.092487,-0.095357,0.140996,-0.043057,0.180623,-0.03258,-0.100165,-0.139266,-0.370696,-0.346176,0.080277,0.215981,-0.006639,-0.176571,0.15278,0.032687,-0.163036,0.004439,-0.047522,-0.036923,-0.130148,-0.343882,0.040497,-0.205048,0.044181,0.093434,0.034619,0.097235,-0.143556,-0.109749,-0.248182,-0.11678,-0.1473,-0.157706,-0.110118,-0.039904,0.308376,-0.015134,-0.14597,-0.186448,-0.039524,0.1687,-0.1994,0.112379,0.007336,-0.070553,-0.156898,0.161989,0.050738,-0.273641,-0.115164,-0.009121,-0.141112,-0.054623,-0.076533,-0.092182,0.303897,-0.072007,0.077707,0.012584,-0.057825,0.313244,-0.016881,0.02465,0.14935,-0.013256,0.163663,-0.351329,-0.234813,0.1946,0.167326,-0.111932,-0.308336,0.064946,0.225303,-0.029198,0.262847,-0.019533,0.174452,-0.178831,0.225118,0.168844,0.088992,-0.072619,0.202876,0.152648,0.095108,-0.155594,-0.064647,0.199484,0.273342,0.018198,0.120637,-0.133549,-0.188338,-0.066797,0.053696,-0.131141,-0.004512,-0.025263,#
8,-0.297961,0.220919,0.276308,-0.125256,-0.174225,0.017937,0.471795,0.141307,1.0,0.191618,-0.197588,-0.118145,0.203369,0.086078,0.165729,-0.278074,-0.118506,0.379081,0.055764,-0.116131,-0.149528,0.077375,0.122008,0.115088,0.242243,0.050544,0.422855,0.164628,0.074263,0.056211,-0.221824,-0.020984,0.04478,-0.202479,-0.018652,0.054998,0.137479,-0.182027,0.154645,-0.179745,0.134451,-0.067082,0.122248,-0.015514,0.221252,-0.289791,-0.035671,0.06287,0.116164,0.316049,-0.064698,-0.224256,0.026737,0.037606,-0.368154,0.081454,0.132441,-0.329671,-0.006134,0.101518,-0.081667,-0.164551,-0.193734,0.128221,0.165848,0.256773,0.196644,-0.015727,0.089558,0.199952,0.199026,0.167635,-0.145895,-0.129565,0.038853,0.169623,0.0205,-0.104962,0.045232,-0.227495,0.084928,-0.080742,-0.240098,-0.118511,-0.111756,0.359709,-0.014778,-0.082016,0.087399,-0.083037,-0.027018,0.209231,-0.275785,0.269323,0.063763,0.009499,0.287343,0.044249,-0.025779,-0.17051,-0.085892,0.260888,0.128611,0.221699,-0.110415,-0.206245,-0.040895,-0.039123,-0.096268,-0.041591,0.263621,0.131929,0.000866,-0.406052,0.2313,-0.045837,-0.09891,-0.085889,0.077865,-0.126394,-0.009587,-0.181731,-0.1206,-0.152466,-0.054317,0.130073,0.068938,0.07097,-0.065362,-0.139004,-0.068834,-0.19155,-0.260945,-0.071164,0.126149,-0.065205,0.041029,0.086972,-0.112387,-0.14678,-0.016554,-0.026812,-0.040527,-0.327375,-0.243949,-0.154986,-0.229729,0.353637,0.212601,-0.068743,0.092429,-0.067203,0.238331,-0.265741,-0.000656,0.077308,0.330467,0.267292,0.068146,0.06805,0.158416,0.257745,0.24958,-0.157671,0.36185,0.225496,0.088179,0.042926,-0.290986,0.169592,-0.059369,0.0352,-0.027909,0.122528,0.067683,0.213208,0.048173,0.166165,0.520035,-0.270045,0.265003,0.189921,-0.172,-0.153467,-0.014942,0.037875,0.165533,0.060064,-0.309332,0.110528,0.163435,0.019614,0.002174,0.159462,-0.161143,0.23674,0.055797,-0.042656,0.115826,-0.031554,#
9,0.224989,0.376279,-0.118678,-0.163498,-0.083769,-0.003036,0.315512,0.179714,0.191618,1.0,-0.331475,0.049844,0.377258,0.335859,0.322927,0.103542,-0.104006,0.145591,0.164876,-0.191339,-0.282321,0.226756,0.243168,0.035796,-0.156751,-0.105741,0.244329,0.035357,0.085787,0.510018,-0.17102,0.064577,0.241624,-0.031774,-0.209693,0.255487,-0.21869,-0.119711,0.066274,-0.091166,-0.108559,0.020807,0.033486,0.008857,0.003997,-0.432019,0.268521,-0.066609,-0.117564,0.149673,-0.159444,-0.140727,-0.038412,-0.364097,0.082543,-0.249161,0.262975,-0.266738,-0.048509,0.043748,0.249863,0.013327,-0.399015,-0.042638,0.247988,0.15144,-0.016818,0.171465,0.046056,-0.239736,-0.131526,-0.132378,-0.207979,-0.423825,-0.022252,0.256233,-0.012144,-0.261632,-0.09982,0.012986,-0.297462,-0.307268,-0.351627,0.034209,-0.178825,0.016908,-0.326973,-0.095832,-0.001237,-0.211069,-0.21079,-0.239723,-0.296756,0.086547,0.168574,-0.135682,-0.079722,0.093731,0.058266,-0.270033,-0.145098,-0.183274,-0.168189,0.014522,-0.068149,-0.042428,-0.461037,-0.135431,-0.272605,-0.337767,-0.052651,0.421343,0.015879,-0.279089,-0.400006,-0.24662,-0.246997,-0.107707,0.278315,-0.441527,-0.107134,-0.290209,-0.226775,-0.308682,-0.428133,0.137801,0.05338,0.038908,-0.107598,-0.339272,-0.219999,0.01952,-0.382711,-0.164045,-0.335702,-0.320197,0.106946,-0.20952,-0.050977,-0.358497,0.039337,-0.276299,-0.405179,-0.334029,-0.097199,-0.184271,-0.038349,0.297391,-0.333397,-0.310574,-0.280964,-0.487379,-0.016206,-0.286001,-0.10837,-0.202254,0.236696,0.373983,-0.221323,-0.210352,-0.084953,-0.120984,-0.016622,0.041817,0.193948,0.285501,-0.376098,-0.186757,-0.39279,0.088549,0.152527,0.066369,-0.233164,-0.06528,0.384961,-0.352616,-0.226525,0.257975,0.34118,-0.282493,0.268573,0.101164,-0.254125,-0.334882,0.321287,-0.093391,0.31625,-0.024275,-0.123357,0.322966,0.109683,0.023508,0.187483,0.552333,-0.139445,0.081801,-0.152489,-0.134502,0.20518,0.154827,#
10,-0.027637,-0.178617,-0.048728,0.120842,0.124636,0.258132,0.052293,0.041331,-0.197588,-0.331475,1.0,-0.0765,-0.222042,-0.447818,-0.148375,0.05992,0.221245,-0.105509,0.12378,-0.174942,0.042542,0.019656,-0.141531,-0.073381,-0.117785,-0.009614,-0.209394,0.0267,-0.000359,-0.426101,0.104302,-0.069226,-0.247169,-0.066251,0.428052,-0.210406,-0.031731,0.150057,-0.051847,0.083747,-0.162515,-0.048099,0.03377,0.022482,-0.095247,0.232548,-0.237582,-0.027715,0.184161,-0.29935,0.050233,0.197348,0.038731,0.013571,0.005936,0.082062,-0.242649,0.285224,-0.092922,-0.096763,-0.167726,-0.116357,0.050338,0.011465,0.048599,-0.219084,-0.059479,-0.227547,0.23961,0.07384,0.006851,-0.019582,0.013882,-0.058735,0.012014,0.106157,-0.063698,0.192618,0.008009,-0.282951,0.040451,0.149568,-0.045665,-0.157739,0.117097,0.132527,0.192352,-0.143364,-0.115785,0.010894,-0.180377,-0.133832,0.079828,-0.262864,-0.192678,0.073895,-0.059548,-0.237728,0.06543,-0.080526,-0.046606,-0.159942,0.127311,-0.271205,-0.035144,-0.106366,-0.016128,-0.163412,0.022491,0.233263,-0.209638,-0.149029,-0.068947,-0.138472,0.035757,-0.08681,0.007565,-0.011934,-0.144095,0.225045,-0.056904,-0.080058,0.051132,-0.064756,-0.106423,0.04137,-0.12815,0.14279,0.014158,-0.03637,0.127288,-0.107987,0.061085,0.092021,0.293193,0.214868,-0.040284,0.002423,-0.241298,0.096027,-0.114505,0.205415,0.065595,0.012876,0.081359,-0.024423,-0.151591,-0.0154,0.030501,0.173595,0.051699,0.274276,-0.142886,0.000682,-0.083926,-0.268548,-0.441124,-0.255655,-0.225819,0.01886,-0.16171,0.148798,0.063045,0.037,-0.264547,-0.171412,0.099463,0.10138,0.335491,0.154711,0.212036,-0.014513,0.126205,-0.060953,-0.056549,0.033971,0.105576,-0.027865,-0.358909,0.332938,0.046812,0.061742,0.343178,0.205094,-0.042438,-0.195834,-0.277527,-0.027354,0.307479,0.012526,-0.225608,-0.008459,0.151695,-0.467716,0.085704,-0.033174,0.250877,-0.006892,-0.366842,-0.086123,#
11,-0.024684,-0.176581,-0.087362,-0.0217,0.003428,0.040329,-0.114614,-0.267938,-0.118145,0.049844,-0.0765,1.0,-0.049852,-0.012533,-0.164846,0.048013,0.10338,-0.026359,-0.197869,-0.110874,-0.084953,-0.053387,-0.10694,-0.184558,0.05552,-0.058708,-0.119224,-0.054287,-0.1224,-0.072021,-0.097093,-0.009275,-0.06359,-0.047841,0.023147,0.184032,-0.183198,-0.089084,-0.19346,0.111329,0.046852,-0.010871,0.048308,-0.325844,-0.119609,0.11847,-0.208283,0.15961,-0.134469,0.327224,0.00433,-0.036182,-0.038161,0.082084,-0.002515,0.057333,-0.033106,0.000435,0.152235,-0.008396,-0.006481,0.105746,0.302967,-0.478437,0.119394,-0.087991,-0.077132,-0.199907,-0.18823,0.052945,-0.003501,-0.140364,0.028971,0.268935,-0.130823,0.021867,-0.353752,-0.062981,-0.132098,0.15874,0.022843,0.065376,-0.034147,-0.422883,0.181476,-0.187365,-0.129178,0.112072,-0.051446,0.213147,-0.007769,0.059568,-0.013909,0.035852,-0.036973,0.11422,-0.131099,0.058712,-0.112816,0.075076,0.180088,0.200141,-0.285302,0.020542,-0.139287,0.049499,0.025862,0.177462,0.219611,0.174005,-0.076153,-0.17559,-0.064717,-0.062342,-0.029076,-0.230725,0.041334,0.196741,0.187783,0.161562,0.230625,-0.116113,0.154019,0.179971,-0.041654,-0.063751,-0.027665,-0.017087,0.319369,-0.043607,-0.01628,0.248886,-0.236097,0.089157,0.062862,-0.261135,-0.014385,-0.121733,-0.040476,0.150943,0.094149,-0.072304,-0.00122,0.114262,-0.05382,0.181973,-0.02458,-0.2083,-0.100081,0.028138,-0.051894,0.090817,-0.073849,0.165454,-0.058395,0.227507,-0.091101,0.182513,-0.08862,-0.116693,-0.101675,-0.480646,0.127704,0.105752,-0.050585,0.053747,-0.020473,0.077813,0.142224,0.048884,-0.022812,0.254553,0.066137,0.013423,-0.113781,-0.099895,-0.238315,0.00703,-0.087703,0.115859,-0.013644,-0.069732,-0.119208,-0.003742,0.048066,-0.056142,-0.051604,0.255672,0.006797,-0.106168,-0.169847,0.148619,0.03724,0.089562,0.070639,-0.216617,0.327698,-0.118004,0.072563,0.192025,#
12,0.422098,0.441432,-0.200746,-0.261667,0.20101,0.090969,0.322802,0.285407,0.203369,0.377258,-0.222042,-0.049852,1.0,0.35876,0.231342,-0.205367,-0.099269,0.139851,0.1133,-0.048545,-0.116139,0.211312,0.264135,-0.033976,-0.153042,-0.261129,0.119512,-0.148776,0.05519,0.217989,-0.10248,-0.00298,0.217131,-0.154995,-0.25826,0.177492,0.069224,-0.063429,-0.06447,-0.297884,0.145807,0.182228,0.067239,0.042481,-0.051112,-0.419795,0.348992,-0.022704,-0.016149,-0.019316,-0.132496,-0.024118,0.154344,-0.111281,-0.018656,-0.010847,-0.016129,-0.199663,0.191448,0.082221,0.42452,0.15214,-0.261849,0.009078,0.219492,0.409291,-0.059364,0.059514,0.306091,-0.203453,0.132154,-0.050177,-0.364619,-0.280365,-0.22629,0.37786,0.047328,-0.106389,-0.051906,-0.240116,-0.095207,-0.304708,-0.224126,-0.094328,-0.28324,0.023802,-0.008296,0.110352,-0.086884,-0.363421,-0.196388,-0.243711,-0.367387,0.060586,-0.163609,-0.03486,0.219517,0.01465,-0.003509,-0.225627,-0.076614,-0.041972,0.112015,0.114463,0.020536,-0.094247,-0.288525,-0.23067,-0.31565,-0.237161,0.149836,0.308063,-0.183953,-0.234383,-0.174273,-0.163879,-0.237353,-0.221029,0.033198,-0.358553,-0.138937,-0.317733,-0.199112,-0.27599,-0.189352,0.176923,0.235922,0.326786,0.127991,0.095771,-0.395758,-0.062069,-0.374842,-0.155588,-0.339204,-0.098453,-0.042964,-0.291047,0.015991,-0.214435,-0.052823,-0.142259,-0.250942,-0.172428,0.165527,0.099103,-0.268377,0.313548,-0.062936,-0.564566,-0.085824,-0.335652,0.125577,-0.270969,-0.147144,-0.105072,0.520266,0.344947,-0.016293,-0.371794,0.021285,-0.061239,0.121238,-0.015236,0.282552,0.44847,0.00846,-0.103868,-0.396954,-0.010347,0.014464,0.159612,-0.247247,0.063765,0.331535,-0.349262,-0.014051,0.220778,0.493457,-0.232107,0.223398,0.157732,-0.026781,-0.076101,0.283146,-0.168459,0.544451,-0.153161,-0.372573,0.423457,0.226673,0.169044,0.171548,0.231199,0.07994,0.016557,0.000994,-0.021251,0.2028,0.134866,#
13,0.180145,0.245219,-0.08597,-0.117015,-0.096008,-0.069192,-0.164819,0.121574,0.086078,0.335859,-0.447818,-0.012533,0.35876,1.0,0.240793,0.113348,-0.351202,0.288339,0.061837,0.017142,-0.107651,0.448494,0.544626,0.371346,-0.034165,0.080086,0.352206,0.035468,-0.056443,0.431004,-0.060347,0.170301,0.30426,0.037624,-0.176027,0.309328,0.08792,-0.224343,0.171499,-0.298273,-0.002252,0.176711,0.304162,0.223474,-0.077322,-0.358366,0.275493,-0.118009,-0.234596,0.031102,0.045433,-0.12469,0.095163,-0.036203,-0.095517,-0.026299,0.063758,-0.059801,0.121013,0.111365,0.306164,0.06589,-0.294671,-0.039562,0.030748,0.029741,-0.248177,0.315248,-0.090064,-0.026518,-0.112946,0.071046,-0.141876,-0.026105,-0.305974,0.056506,-0.014037,-0.196995,-0.232699,0.088801,-0.057995,-0.286263,-0.090468,0.222587,-0.095885,-0.083139,-0.073633,0.059053,0.025769,-0.341509,0.05909,-0.114784,-0.217773,0.197172,0.020436,-0.059161,-0.097777,0.141382,-0.141156,-0.098516,0.062402,-0.084496,0.082619,-0.114232,0.040895,-0.117878,0.1054,-0.220184,-0.098211,-0.177994,0.087466,0.278309,-0.029215,-0.001904,-0.039334,-0.027079,-0.201175,-0.279948,0.152764,-0.250221,-0.09957,-0.28629,0.041611,-0.180865,-0.236145,0.043743,0.031441,-0.000912,0.024892,0.039103,-0.098508,0.237314,-0.307811,-0.28549,-0.538701,-0.167124,0.120614,-0.048324,0.129662,-0.184154,-0.015698,-0.232931,-0.196686,-0.244215,-0.323473,-0.038594,0.011667,-0.00833,-0.309925,-0.288821,-0.22218,-0.336264,-0.001316,-0.218651,-0.03813,0.054422,0.368852,0.120691,0.119986,-0.144207,0.144503,-0.043243,0.087063,0.022275,0.168002,0.218313,-0.080017,0.034367,-0.175434,-0.084021,-0.218013,-0.014146,-0.313731,-0.161677,0.054507,-0.245972,-0.072043,0.034591,0.399186,-0.297988,0.260686,-0.181308,-0.358911,-0.052713,0.142457,0.135669,0.256502,-0.366492,-0.254531,0.190204,0.032091,0.010883,-0.04467,0.30071,-0.014687,-0.148766,0.136513,-0.118444,0.472339,-0.034773,#
14,0.074291,0.404229,-0.104838,-0.270322,0.183404,0.042964,0.239988,0.004706,0.165729,0.322927,-0.148375,-0.164846,0.231342,0.240793,1.0,0.043599,-0.162483,0.163653,0.389554,-0.080739,-0.157435,0.064774,0.150755,0.122067,-0.127955,-0.14561,0.056129,0.213262,0.179234,0.198621,-0.25465,-0.076954,0.001625,-0.053902,-0.142951,0.180636,-0.077267,-0.167043,0.139663,0.081934,-0.264175,0.167659,0.066116,0.152101,0.28452,-0.173086,0.296994,-0.012733,0.036385,0.045078,0.130169,-0.205457,-0.075396,-0.107348,0.07326,-0.282113,-0.116427,-0.217705,-0.120259,-0.263806,0.035022,0.128654,-0.375611,0.261208,-0.013932,0.113107,-0.094958,0.03594,-0.061621,-0.172691,-0.159365,-0.155593,-0.037509,-0.39649,-0.319154,0.264202,-0.02019,-0.316574,-0.234705,-0.280168,-0.146382,-0.524158,-0.42532,0.136091,-0.337223,-0.012825,-0.157435,-0.242788,-0.170439,-0.199637,0.02154,-0.188923,-0.137275,0.037491,-0.274847,-0.166133,-0.324114,-0.118543,-0.273143,-0.066153,0.025581,-0.344256,-0.19048,-0.226911,-0.156911,-0.172021,-0.410312,-0.086185,-0.371086,-0.199237,-0.081943,0.31642,-0.332906,-0.262461,-0.267217,-0.160328,-0.214971,-0.252455,-0.068898,-0.372545,-0.295797,-0.132719,-0.375744,-0.185349,-0.150599,-0.325071,-0.065568,0.144356,-0.202816,-0.255679,-0.040442,-0.141293,-0.487093,-0.14772,-0.372827,-0.348618,0.142392,-0.031101,-0.052914,-0.27512,-0.218646,-0.181361,-0.241226,-0.199804,-0.231061,-0.158038,-0.15453,0.271315,-0.366622,-0.200772,-0.412603,-0.581598,-0.116313,-0.30488,-0.147426,-0.365894,0.11163,0.226843,-0.361509,-0.057823,0.118099,-0.147022,0.169968,0.119594,-0.093109,0.250103,-0.193211,0.174638,-0.148444,-0.134792,0.318838,0.09524,-0.229948,-0.167132,0.423768,-0.245291,-0.306353,0.26257,0.362709,-0.22745,0.434323,-0.016988,0.054105,0.112571,0.336842,-0.335397,0.12007,-0.108576,-0.29731,0.17324,0.058459,0.397812,0.279763,0.361485,-0.024682,0.028795,-0.008438,-0.153427,-0.001553,0.115566,#
15,-0.037269,-0.158115,-0.160118,-0.122676,0.086802,-0.056851,-0.12073,0.111941,-0.278074,0.103542,0.05992,0.048013,-0.205367,0.113348,0.043599,1.0,-0.071785,-0.139432,0.012477,-0.043391,-0.16219,-0.020489,0.123926,0.140571,-0.151634,0.176184,-0.000868,-0.12041,0.159764,0.000425,0.015421,-0.082913,0.083878,0.153716,0.023063,0.206211,0.043675,0.037151,0.18616,0.196577,-0.155588,-0.201858,-0.270693,0.080201,-0.080784,0.109212,-0.063179,0.000126,-0.232461,0.051124,0.236829,0.119722,-0.151839,0.041984,0.050865,0.010258,0.049451,0.039966,-0.28558,-0.18913,0.092336,0.090351,-0.041023,-0.118174,0.048997,-0.177917,-0.253745,0.085205,-0.049345,0.096803,-0.128323,-0.197566,0.145618,0.209026,-0.011969,0.015402,-0.127724,-0.064103,-0.196384,0.192187,-0.082955,-0.038069,0.231014,0.225836,0.28753,-0.179307,0.033118,-0.187617,-0.09552,-0.011467,0.191364,0.083633,0.110309,0.078777,-0.104229,0.235452,-0.084258,-0.021864,-0.043472,-0.133644,-0.02828,-0.048716,-0.193316,-0.02309,0.075545,-0.252512,-0.054579,0.147425,0.058589,-0.003019,-0.135587,-0.054682,0.102836,0.045326,0.057923,0.07241,0.052625,-0.052056,0.067924,0.044809,-0.128146,0.034969,0.136521,-0.109001,-0.070533,0.05386,-0.140744,-0.103128,-0.264366,-0.198343,-0.050975,0.167741,-0.075831,-0.098478,-0.118369,-0.11211,0.041152,0.092504,-0.13935,-0.147012,0.163975,0.067514,0.080268,0.141271,-0.134576,-0.182373,0.184732,-0.153172,-0.119545,-0.089694,-0.072908,0.019723,-0.129555,0.101063,0.076507,0.099021,-0.007084,-0.069565,-0.179115,0.156307,0.222578,-0.023821,-0.138641,0.031065,-0.34144,-0.216964,0.079272,-0.008278,0.099654,-0.092194,0.033434,-0.242196,-0.03494,-0.161771,-0.086682,0.048309,-0.160357,-0.119535,-0.12762,0.083212,0.068341,-0.212213,-0.024228,0.100474,0.042991,0.041264,-0.047278,-0.125498,-0.093776,-0.157824,-0.167373,-0.129813,-0.012869,-0.021237,-0.033101,-0.099947,0.145937,-0.074902,0.009722,-0.030913,#
16,0.122743,0.062751,-0.091764,-0.091892,0.045103,0.39895,-0.045616,-0.048346,-0.118506,-0.104006,0.221245,0.10338,-0.099269,-0.351202,-0.162483,-0.071785,1.0,-0.077243,0.195539,-0.228929,0.111077,-0.292532,-0.117006,-0.347469,-0.136619,-0.130884,-0.219248,-0.03808,-0.137825,-0.108937,0.061527,0.138647,0.086619,0.00064,0.114888,0.105635,0.106873,-0.035507,-0.303901,0.023881,-0.049277,-0.111696,0.016633,0.264727,0.146634,0.018076,-0.195741,0.048275,0.049125,-0.038518,-0.010341,0.028943,0.143186,-0.179903,0.088249,-0.094532,-0.235836,0.044397,0.032931,-0.105756,-0.165349,0.038921,0.262913,-0.080135,-0.109677,0.032012,-0.069014,-0.161438,0.073209,-0.092826,-0.09701,0.056853,0.051894,-0.130885,0.019224,0.151286,-0.293579,-0.048561,-0.059383,-0.045223,0.013841,0.073926,-0.060482,-0.176637,-0.116305,-0.196578,-0.206153,-0.004986,-0.051769,-0.194326,-0.196064,-0.00722,-0.094259,-0.217704,-0.144203,-0.174897,-0.114707,-0.283463,-0.174832,-0.146384,0.04428,-0.151673,-0.174971,-0.123548,0.08449,-0.014414,-0.007579,0.009159,-0.081328,0.132091,0.039493,-0.027086,-0.017615,-0.075764,-0.080292,-0.039671,-0.31303,0.02274,-0.031189,-0.01946,-0.22768,-0.057828,-0.077919,-0.11514,0.079946,-0.16397,-0.207987,-0.170127,-0.069773,-0.206083,-0.095493,-0.043868,0.115302,0.205724,-0.016039,-0.098019,0.101029,-0.370204,0.008147,-0.051138,-0.383268,0.166532,-0.123615,0.17182,0.20906,0.051582,-0.096792,0.065285,-0.107711,-0.045648,-0.165672,0.148674,-0.054159,0.082994,-0.223027,-0.261126,-0.184111,0.198948,-0.261798,0.08179,-0.172323,-0.001787,0.108757,-0.100652,-0.079639,0.148875,-0.003288,-0.194535,0.13041,-0.149035,0.083059,0.140782,-0.146518,-0.094063,0.105055,-0.28809,-0.179027,0.226337,-0.195566,0.057232,-0.313797,0.055668,0.252712,0.065295,0.047087,-0.012745,0.067436,0.329478,0.188985,-0.025939,0.090162,0.235997,0.251286,0.019803,0.01052,0.312346,0.187136,-0.030446,-0.420723,-0.029793,#
17,-0.017067,0.306549,0.175421,-0.009837,0.068006,0.18797,0.005752,-0.049271,0.379081,0.145591,-0.105509,-0.026359,0.139851,0.288339,0.163653,-0.139432,-0.077243,1.0,0.003034,0.284308,0.000499,0.22494,0.170272,-0.007619,0.152123,0.066216,0.123265,0.135093,-0.126947,0.140453,0.005478,0.045603,0.127458,-0.130391,0.005984,0.02177,-0.003789,-0.113848,0.052979,-0.10708,0.13353,0.109833,-0.030185,-0.02359,0.057701,-0.304005,0.137953,0.253143,0.242156,-0.029239,0.107828,-0.260077,-0.058261,-0.165253,-0.105134,-0.054669,-0.124339,-0.340315,-0.128563,-0.088737,-0.050233,0.051799,-0.169794,0.004637,-0.022588,0.279037,0.081618,0.19893,0.03812,0.428157,0.129708,0.220588,-0.325829,0.001643,0.011414,0.021279,0.063366,-0.224888,0.052239,-0.320413,0.305254,-0.093739,-0.13076,-0.011497,-0.080739,0.135431,0.037657,0.116827,0.108475,-0.057315,0.161135,0.13408,-0.024116,0.38562,-0.02511,0.250955,0.299441,-0.038053,-0.097498,-0.224501,-0.169395,0.063377,0.076461,0.25618,-0.13984,-0.040376,-0.103703,-0.257348,-0.170908,-0.033001,0.315512,0.046009,0.087065,-0.124498,0.184317,-0.014628,-0.222173,-0.165447,0.453897,-0.324073,0.002037,-0.208901,-0.098408,-0.09408,-0.162022,0.116463,0.072226,0.113575,0.062165,0.04816,0.155697,0.09444,-0.075049,-0.325363,-0.025705,-0.091446,0.114754,-0.105552,0.017202,-0.037624,0.097581,-0.227741,-0.174164,-0.426501,-0.22913,-0.041697,0.047241,0.128206,0.154607,-0.128833,-0.061953,-0.144652,0.338463,-0.179761,-0.151517,-0.097002,0.362286,0.337507,-0.085695,0.044903,-0.042174,0.238274,0.168294,0.054012,-0.009707,0.382479,0.110667,-0.055088,-0.068214,0.147052,-0.19801,-0.130639,-0.233641,0.022598,-0.046981,-0.00099,0.069877,0.033597,0.433824,-0.400223,0.184568,0.057086,-0.409921,-0.239356,-0.047192,-0.143507,0.24811,0.145548,-0.437333,-0.096899,0.137556,-0.108869,-0.043316,0.151134,-0.266423,-0.018853,-0.107621,0.099314,0.356299,0.135839,#
18,-0.033459,0.189999,-0.115273,-0.109631,0.221377,-0.152642,0.120849,0.107695,0.055764,0.164876,0.12378,-0.197869,0.1133,0.061837,0.389554,0.012477,0.195539,0.003034,1.0,-0.318332,0.064924,-0.220084,0.013723,0.02822,-0.066548,-0.01631,0.046835,0.329486,-0.103424,0.137136,-0.079217,0.021685,0.163144,0.022037,0.127284,0.12284,0.08419,-0.134097,0.074365,0.110253,-0.17028,-0.029753,0.195717,0.135628,-0.008586,-0.01759,0.088017,-0.228082,0.260964,-0.041405,-0.033479,0.06656,-0.101952,-0.090916,0.343307,-0.041244,-0.265927,0.024181,-0.094956,-0.12588,-0.138537,0.115251,-0.15146,0.336702,-0.002203,0.049363,0.014598,-0.007462,0.060516,-0.262819,-0.174122,-0.365509,0.010143,-0.213505,-0.100211,0.218863,-0.086239,-0.137387,0.077952,-0.366283,-0.237313,-0.160809,-0.316295,0.040728,-0.341047,-0.085288,-0.141169,0.050985,-0.17099,-0.121113,-0.135697,-0.285663,-0.125785,-0.330516,-0.257782,-0.236338,-0.17904,-0.268623,-0.124471,-0.185406,-0.043116,-0.175998,-0.036544,-0.372927,0.000125,0.002068,-0.296343,-0.076419,-0.110775,0.018262,-0.122609,0.194552,-0.015163,-0.216602,-0.191702,-0.231591,-0.119291,-0.121023,-0.102266,-0.026023,-0.328416,0.000839,-0.339922,-0.249426,-0.06281,-0.19512,0.000416,-0.004698,-0.201611,-0.302161,-0.108365,-0.230604,-0.180527,0.005421,-0.095606,-0.261866,0.167115,-0.143308,-0.221423,-0.178799,-0.338885,0.042439,-0.203594,-0.170339,-0.154751,-0.153905,-0.287692,0.23555,-0.293657,-0.31925,-0.380067,-0.175833,-0.094663,-0.085099,-0.192717,-0.343551,-0.067712,0.123069,-0.203255,-0.048834,-0.064278,0.028784,0.064443,0.054266,-0.007084,-0.074263,-0.054938,0.095801,-0.091502,0.0171,0.296935,-0.006476,-0.092611,-0.162386,0.325036,-0.027071,0.036764,0.308996,0.080416,-0.222018,0.039768,0.168936,0.379404,0.04829,0.306944,-0.161144,-0.03671,-0.058016,0.051261,0.176903,-0.06367,0.225228,0.438473,0.158959,-0.029769,-0.007424,0.17812,-0.038634,-0.430323,0.112304,#
19,-0.183297,-0.11566,0.133908,0.311258,-0.078514,0.025994,-0.20633,-0.054767,-0.116131,-0.191339,-0.174942,-0.110874,-0.048545,0.017142,-0.080739,-0.043391,-0.228929,0.284308,-0.318332,1.0,0.261985,0.020503,3.5e-05,-0.00686,0.054278,-0.079825,-0.048068,-0.256706,-0.037545,-0.147157,0.242089,0.167427,0.033838,0.060655,-0.197732,-0.311819,0.181279,0.118845,-0.232049,-0.005014,0.221798,0.266298,-0.24356,-0.091904,-0.019027,-0.104306,0.293468,0.27278,0.232396,-0.192647,-0.090238,0.102062,0.342159,-0.054024,-0.099046,0.158762,0.111938,-0.249573,0.035073,-0.13595,-0.052724,-0.152057,0.090061,-0.019019,0.099132,0.085427,0.007191,0.174542,-0.063896,0.212746,0.265233,0.168004,0.051237,0.195734,0.104118,-0.266939,0.314068,0.198835,0.441808,0.161024,0.446676,0.227492,0.274331,0.142375,0.200019,0.12798,0.282533,0.112434,0.291821,0.112834,0.330119,0.325069,0.242086,0.282227,0.059684,0.28227,0.195699,0.245122,0.0593,0.264672,-0.421371,0.231595,0.253124,0.33153,0.277346,0.195664,0.220733,-0.175926,0.163026,-0.146178,0.374565,-0.278827,0.010593,0.451076,0.330601,0.00633,0.039882,0.199187,0.040528,-0.042819,0.319462,0.124788,0.166825,0.105352,0.04652,0.216086,-0.021396,0.062829,0.083955,0.382492,0.226087,0.281787,0.273236,-0.139595,0.230956,0.096218,0.105064,0.109546,0.136648,0.232224,0.315314,0.073094,0.09889,-0.097252,0.277557,0.32648,0.331382,-0.273719,0.565941,-0.032783,0.235495,0.169607,0.400302,0.246855,0.034577,0.313485,0.210698,-0.133684,0.230361,0.058423,0.089726,0.142198,-0.14634,0.188604,-0.007072,-0.02783,0.388701,-0.042324,-0.027607,0.05444,-0.413307,-0.214226,0.251976,0.32122,-0.264371,0.195334,0.24215,-0.466674,-0.127001,0.031563,-0.057101,-0.179406,-0.192189,0.00948,-0.43839,0.11899,0.158896,0.057243,-0.145036,-0.36615,0.229974,-0.372558,-0.365415,-0.22894,0.044441,-0.183243,-0.343547,0.35824,0.36055,-0.133955,#
20,0.127968,-0.184332,-0.119184,0.237074,-0.105052,-0.06052,-0.297641,-0.038275,-0.149528,-0.282321,0.042542,-0.084953,-0.116139,-0.107651,-0.157435,-0.16219,0.111077,0.000499,0.064924,0.261985,1.0,-0.300586,-0.407364,-0.046175,0.134475,0.065585,-0.09744,0.020351,0.035402,-0.109122,0.372789,0.106753,0.074659,0.078456,0.026107,-0.339071,0.06508,0.109334,-0.12111,-0.082963,0.173507,0.066426,-0.089175,-0.031928,-0.214218,0.036132,0.148526,-0.110053,0.157226,-0.225647,-0.105135,-0.005426,0.204708,0.091442,0.084714,0.123945,-0.13732,0.123709,0.012406,0.109717,-0.106386,0.150645,0.152599,-0.070366,-0.122463,-0.02561,-0.124379,0.105319,-0.327697,-0.200491,-0.019814,0.010965,0.063775,0.288446,0.006629,-0.249583,0.125685,0.373633,0.173445,0.128051,-0.011228,0.397934,0.357858,-0.03278,-0.036806,-0.130971,0.209811,0.077368,0.38447,0.15689,-0.107213,-0.018312,0.164015,-0.149921,0.221977,0.155175,-0.028631,0.245956,0.089478,0.207886,-0.094119,0.088841,-0.028807,0.041613,0.328246,0.160107,0.067952,0.17259,0.170127,0.20359,0.023007,-0.118142,-0.019851,0.352499,0.25521,0.232316,0.050855,0.125157,0.059023,0.226546,0.099505,0.33986,-0.076975,0.362152,0.152958,0.006113,-0.305917,-0.224087,0.105675,0.222711,0.144946,-0.04506,0.358788,0.024256,0.057008,0.085329,0.127946,0.066174,0.218673,0.283535,-0.051649,0.107295,0.298969,0.009042,0.207961,0.16147,0.302544,-0.422032,0.152537,0.136267,0.121787,0.183667,0.179599,0.332808,-0.06161,0.239795,0.167519,-0.174586,0.290996,0.085573,-0.109032,0.080607,0.017698,-0.176902,-0.085954,-0.193709,0.1641,-0.047075,0.218248,0.014949,-0.12667,0.038859,0.208854,0.008077,-0.400281,0.197584,0.076228,-0.294244,-0.261765,0.270081,-0.137586,0.057292,0.047197,-0.051522,-0.127332,0.316091,0.058908,0.319719,0.173154,-0.129711,0.080239,-0.142458,-0.275886,-0.340946,-0.250494,-0.053723,-0.191423,0.18214,0.111332,-0.102216,#
