0,1.0,0.104446,0.101038,-0.108296,0.458244,-0.139836,0.142506,-0.056411,0.317815,0.082809,-0.230326,0.26949,0.380913,-0.079462,0.079171,0.014649,0.15268,0.007327,0.05286,-0.204474,-0.262911,0.032969,0.111143,-0.110398,-0.05203,-0.263494,-0.320246,-0.281904,0.212711,0.080164,-0.389735,-0.115499,-0.216895,-0.019718,-0.194683,0.079972,0.220045,0.025454,0.114075,-0.069688,0.174524,-0.181372,-0.212734,-0.001674,0.036878,0.112213,0.352488,0.078223,0.010672,0.306633,0.045584,-0.163562,0.144394,-0.044536,0.08871,-0.03284,-0.281691,0.235269,-0.221598,0.022743,0.179127,-0.089706,0.053873,-0.20646,0.04613,0.181647,-0.048056,-0.097559,0.317688,-0.160914,0.173788,-0.362474,-0.118263,-0.341766,-0.310369,0.225482,-0.091593,-0.337075,-0.183635,-0.101145,0.012188,-0.325175,-0.184191,-0.173002,0.013331,-0.142251,-0.416526,-0.204838,-0.0568,-0.300862,-0.004698,-0.110565,0.009163,0.06976,-0.180947,-0.189617,-0.327896,-0.212703,0.097184,-0.26559,0.133505,-0.224378,-0.228375,-0.176279,-0.041547,-0.23015,-0.12065,-0.000439,-0.197949,-0.182555,-0.087206,-0.192546,0.068471,-0.206967,-0.292428,-0.254059,-0.260616,-0.258209,0.110016,-0.47903,-0.13726,-0.236754,-0.252499,-0.285494,-0.221943,-0.101941,-0.27049,-0.132524,-0.103755,-0.083042,-0.116659,-0.238829,-0.010942,0.053013,-0.21521,-0.390254,-0.027092,-0.243047,-0.026607,-0.308284,-0.175254,-0.059603,-0.168032,-0.157415,-0.325521,-0.04768,-0.271823,0.265763,-0.404869,-0.258772,-0.348406,-0.261928,-0.01343,-0.169226,-0.348105,-0.051476,0.211316,0.33844,-0.257529,-0.220066,-0.015884,0.027426,-0.154439,-0.087748,0.034027,0.045497,0.030597,-0.187365,-0.233767,-0.156751,0.043441,0.146466,0.085463,-0.318781,0.120915,-0.129768,0.00945,0.263767,0.122045,-0.286729,0.070493,-0.022836,0.010084,0.020558,0.202688,-0.062472,0.29355,0.141024,-0.136213,0.394535,-0.275335,0.086532,0.147271,0.283227,-0.166766,0.190482,0.172067,-0.256133,-0.091517,0.129461,#
1,0.104446,1.0,0.005857,0.126546,0.236058,0.038498,-0.123549,-0.147189,0.094982,0.095601,-0.145292,0.165525,0.017945,0.054032,0.179029,-0.044409,-0.041149,0.097997,-0.121598,-0.047069,-0.102655,0.137534,0.148413,-0.136404,-0.001524,-0.198861,-0.100284,0.088239,0.227153,0.255871,-0.375009,0.151186,-0.032665,-0.019692,-0.197408,0.243881,0.21665,-0.14862,0.052888,-0.004002,0.173586,-0.112046,0.179644,0.094156,-0.220606,-0.10315,0.273077,0.112098,-0.200817,0.242172,-0.013086,-0.176406,0.04257,0.150086,0.023743,-0.061916,-0.221076,0.027504,-0.148211,0.06619,-0.060687,-0.053163,0.085112,0.02171,-0.002726,-0.044378,0.104595,0.187256,0.2343,0.052088,-0.137444,-0.219365,0.069662,-0.115852,-0.130399,0.042891,-0.220159,-0.070408,-0.120571,-0.263279,-0.105802,-0.421605,-0.275326,0.176303,-0.252722,-0.183843,-0.174475,-0.073643,-0.095858,-0.053402,0.008374,-0.026815,-0.108419,0.031186,-0.402227,-0.131715,-0.156907,-0.221569,-0.183347,0.024868,0.10709,-0.071365,-0.183026,-0.126354,-0.330169,-0.298919,-0.285235,0.013038,-0.008317,-0.02865,-0.053771,0.138556,-0.220178,-0.234909,0.043412,-0.08795,-0.197084,-0.257001,0.188538,0.046797,-0.293825,-0.074201,-0.236132,-0.147933,0.161633,-0.111783,-0.130035,-0.0216,0.037015,-0.028049,-0.202007,0.002664,-0.089474,0.012859,-0.186199,-0.083851,-0.174697,-0.290265,0.103134,-0.111265,-0.125326,0.09967,0.08941,-0.272207,-0.159989,-0.203749,-0.028477,0.061726,-0.232396,-0.106071,-0.268158,-0.13325,-0.144335,-0.034516,-0.099963,-0.105685,-0.012182,0.161148,0.039128,-0.170691,-0.053086,-0.044333,-0.111998,-0.088692,-0.050746,0.337995,0.079993,-0.330673,-0.101221,-0.010443,-0.139248,0.029567,-0.272061,-0.093378,0.101043,0.116146,-0.141214,0.075151,0.202324,-0.240016,0.173553,-0.110076,-0.067769,0.032467,0.216186,-0.153627,0.129231,-0.13459,-0.233411,0.208616,-0.140859,0.184273,0.175318,0.359143,-0.060572,-0.008167,0.194837,-0.230744,-0.087131,0.155872,#
2,0.101038,0.005857,1.0,0.279196,-0.006261,-0.204846,0.019203,-0.119717,0.0403,0.159066,0.025263,0.051464,-0.145739,0.018063,-0.237316,-0.224051,0.008532,0.184135,-0.013816,-0.011847,-0.221609,-0.055707,0.007716,0.228851,0.034461,-0.206209,0.000893,-0.290839,0.076364,-0.083512,0.018031,0.042735,-0.19612,-0.008431,-0.159053,0.033968,-0.10771,-0.002509,-0.037666,-0.261438,-0.230846,0.11139,-0.009296,-0.009213,0.227969,-0.311671,0.056726,0.117514,-0.272094,0.226442,-0.131811,0.10264,0.035393,0.229799,-0.139938,-0.22984,-0.084231,-0.064019,-0.125776,0.026639,0.016589,0.185339,0.01201,-0.250337,-0.02033,0.081438,-0.012946,-0.213008,-0.096016,0.03807,0.106599,0.036975,-0.019227,0.165481,-0.213233,0.275831,-0.124955,-0.114528,-0.02653,-0.048676,0.068881,-0.019114,-0.222388,0.40502,-0.070892,-0.137151,0.067961,-0.077718,-0.103219,-0.165238,-0.029595,-0.299952,0.215238,0.157824,-0.133383,0.136615,0.047457,0.100687,-0.059286,0.055879,-0.283584,-0.115041,-0.025883,0.206925,-0.010895,-0.075257,0.171399,0.066436,-0.004126,0.231093,0.257084,0.132502,0.047887,0.068442,0.184568,-0.080505,-0.091245,-0.112921,0.160528,0.01009,-0.242004,0.233342,-0.028449,-0.060659,-0.09047,0.169908,-0.06515,-0.151466,0.079838,0.050468,0.280556,0.114457,-0.056896,0.066183,0.254978,-0.031797,0.146372,0.228888,-0.090858,-0.256776,0.203417,0.254058,0.168742,-0.173653,0.062079,0.249333,-0.025287,-0.017989,-0.216356,0.098476,-0.013948,0.395736,0.162235,0.036571,0.033341,0.011146,-0.119851,0.166491,0.104803,-0.021707,0.265433,0.008255,0.319042,0.121774,-0.044483,-0.109762,-0.069869,-0.258763,0.179688,0.019622,-0.000848,0.122762,-0.116129,0.063578,-0.057747,0.081298,-0.190185,0.086534,-0.053327,-0.018186,0.143417,-0.029099,-0.064257,0.046975,-0.313398,0.152577,-0.102761,0.115217,0.02054,0.029988,0.241096,-0.16062,-0.100251,0.062233,-0.152504,-0.09753,-0.129421,0.077464,0.15419,-0.230348,#
3,-0.108296,0.126546,0.279196,1.0,-0.145759,-0.07859,-0.322046,-0.128203,-0.265264,-0.141493,0.096077,-0.21788,-0.244203,-0.137533,-0.020904,-0.117183,0.135447,-0.082106,-0.110908,0.094739,-0.221742,0.026207,-0.299048,0.03423,0.179762,0.008126,-0.078781,0.009084,0.048188,-0.153351,0.012271,-0.047725,-0.023015,-0.078622,-0.029087,-0.35636,-0.091028,0.106846,0.008234,0.143019,-0.064743,-0.046078,-0.05631,0.075218,0.089057,0.214154,-0.252543,-0.395824,0.07935,0.076736,-0.205503,0.293356,0.10783,0.139414,0.020111,0.164731,0.029725,-0.070042,-0.139936,-0.18052,-0.038415,-0.080529,0.276865,-0.013563,-0.093436,-0.339771,-0.077917,-0.167375,-0.356553,0.131857,-0.089755,0.177437,0.252049,0.170847,-0.028816,0.052848,0.10037,0.187091,0.351018,0.026096,0.102593,0.083434,0.041552,0.082,0.103967,0.060783,0.168778,0.047352,-0.028324,-0.046777,0.225327,0.028074,0.010151,0.20374,0.013031,-0.071617,0.212205,0.22847,0.091269,0.101638,-0.18022,0.147044,0.166584,0.175922,0.063128,-0.051468,0.272824,0.18311,0.08806,0.101647,0.012696,0.041084,-0.130742,-0.063073,-0.043753,0.23224,0.271788,-0.028957,-0.079147,0.306572,0.063088,-0.006271,0.18325,0.21833,0.164996,0.126029,-0.032121,-0.098305,0.034371,0.267961,-0.122311,-0.039199,-0.054368,-0.012374,0.086672,0.213753,0.204832,0.090189,-0.259209,0.133996,-0.003799,0.291314,0.16483,-0.169967,0.162929,0.180247,-0.010958,-0.242881,0.092125,0.093979,0.103013,0.285401,0.201264,0.185512,0.104645,0.148604,-0.261725,-0.213087,0.265485,0.039602,0.151129,0.169016,0.090962,-0.077976,-0.279445,-0.245757,-0.114113,-0.28483,0.246453,-0.039524,-0.146228,-0.296635,0.138935,0.160082,-0.078945,0.069971,0.07729,-0.112816,-0.308616,0.151667,-0.267168,-0.104653,0.017775,-0.090938,-0.151296,-0.135907,-0.147427,-0.198647,0.133696,-0.182976,0.160605,-0.050735,-0.185148,-0.170791,-0.210761,-0.143706,-0.281293,0.090251,-0.24489,0.022168,#
4,0.458244,0.236058,-0.006261,-0.145759,1.0,0.126072,0.232419,0.00557,0.200073,0.114827,-0.200452,0.201737,0.301838,0.175464,-0.045408,-0.089745,0.178921,0.044492,-0.099259,-0.174019,0.085486,0.054381,0.353863,-0.343498,-0.269946,-0.290736,-0.121414,-0.230169,0.174047,0.288146,-0.262022,0.001096,-0.264304,-0.096433,-0.304228,0.345232,0.252182,-0.351043,0.116582,-0.164873,0.153965,-0.005435,-0.034709,0.027565,-0.103732,-0.044725,0.234185,0.371448,0.062075,-0.006818,0.101224,-0.51136,0.168927,-0.141821,0.113595,-0.229621,-0.373852,0.188993,-0.062315,0.047359,0.199225,0.122327,-0.120874,-0.192169,0.055256,0.442706,0.020928,0.199805,0.362393,-8.9e-05,-0.051762,-0.620276,0.078931,-0.685121,-0.360635,0.435786,-0.410519,-0.47818,-0.396085,-0.2114,-0.289607,-0.576921,-0.390453,-0.091363,-0.348841,-0.345166,-0.650043,-0.262239,-0.108448,-0.191889,-0.384398,-0.342547,-0.21858,-0.19248,-0.420181,-0.48012,-0.53407,-0.369765,-0.194965,-0.299195,0.020757,-0.28915,-0.262914,-0.308541,-0.376491,-0.60374,-0.075524,-0.277337,-0.13534,-0.219511,0.16139,0.121232,-0.350361,-0.597975,-0.184573,-0.056315,-0.294266,-0.45705,0.161172,-0.369147,-0.173302,-0.182119,-0.400493,-0.396029,-0.021788,0.085097,-0.472086,0.197493,-0.236966,-0.21431,-0.273654,0.001146,-0.390857,0.053723,-0.334772,-0.456076,-0.054296,-0.461677,0.052345,-0.433839,-0.330847,-0.039392,-0.096261,-0.126471,-0.420913,-0.225172,-0.207815,0.674856,-0.477911,-0.298793,-0.547179,-0.224718,-0.10877,-0.483836,-0.385744,-0.268501,0.198374,0.476922,-0.314345,-0.303774,-0.052862,-0.032059,-0.358194,-0.029018,-0.046015,0.235091,-0.169756,-0.313769,-0.332791,0.009669,0.021878,0.08991,-0.308875,-0.455544,-0.002039,-0.169487,-0.162981,0.356463,0.317902,-0.387296,0.336411,-0.026058,-0.014745,0.125456,0.461043,-0.244915,0.314881,-0.102721,-0.301288,0.456984,-0.226173,0.219072,0.502305,0.454988,-0.016474,0.304433,0.384362,-0.314764,-0.377273,0.134356,#
5,-0.139836,0.038498,-0.204846,-0.07859,0.126072,1.0,0.240315,0.277247,-0.04393,-0.036917,-0.0388,0.158584,-0.155632,0.319899,0.145617,0.025486,-0.043155,-0.05493,-0.117193,-0.055467,0.237156,0.208995,-0.007153,-0.35855,0.102282,-0.083252,0.042208,-0.098744,-0.078064,0.143685,0.095529,0.272508,0.11477,-0.192478,-0.264884,0.125774,-0.047844,-0.096055,0.08122,-0.032167,-0.024934,0.03168,0.140054,0.109271,-0.100801,0.15916,-0.112836,0.029194,0.050953,-0.017728,0.124469,-0.05814,0.204009,-0.206177,0.070009,0.034024,0.04991,0.288019,-0.084263,0.139048,0.105087,-0.035408,-0.174161,0.245632,-0.048081,-0.083149,-0.163464,0.30785,0.163498,-0.119898,-0.22156,-0.220334,0.072551,-0.114702,0.041457,-0.054704,0.013098,0.074459,-0.25378,-0.083627,0.042975,-0.240006,0.12253,-0.140671,-0.066645,0.156252,-0.083089,-0.164322,-0.068835,-0.162843,0.022357,0.006793,0.107161,-0.359974,-0.065177,-0.149748,-0.16877,-0.206988,-0.018487,-0.227965,0.003087,-0.146606,0.135099,-0.337192,0.019783,-0.178549,-0.134371,-0.471195,-0.125842,-0.404513,-0.099841,0.06754,-0.156352,-0.204268,-0.03709,-0.0604,-0.036907,-0.196434,-0.049705,-0.049923,-0.042217,0.067222,-0.052151,-0.208519,-0.145118,0.094209,-0.036465,0.038445,-0.091227,-0.255977,0.059648,-0.211465,-0.031284,-0.049485,-0.032647,-0.060691,0.031951,-0.117261,-0.073117,-0.018457,-0.106742,-0.153842,-0.300766,-0.236347,-0.007065,0.011132,0.098909,0.065097,0.054583,-0.175262,-0.154298,0.043118,0.017125,0.151275,-0.112995,-0.225988,0.24517,0.10458,-0.186596,-0.005449,-0.133506,-0.095432,0.032243,0.057761,-0.039036,0.329849,0.193391,0.101853,0.003263,-0.033905,0.150123,0.029894,-0.016926,0.117956,0.221644,-0.048947,-0.100502,0.114728,0.170562,-0.088498,0.132671,0.017551,0.037815,0.328103,0.283327,-0.308584,0.088576,0.017572,-0.016553,0.230243,-0.013677,0.094238,0.143541,-0.060815,0.260244,0.087889,0.099045,-0.136556,0.077624,0.296083,#
6,0.142506,-0.123549,0.019203,-0.322046,0.232419,0.240315,1.0,0.205748,0.376112,-0.156804,0.278941,0.270252,0.038258,0.047097,0.100191,0.097709,-0.029671,-0.11105,0.157064,-0.119842,0.040005,0.278452,0.069364,-0.295551,-0.058241,-0.028085,0.022741,-0.23149,0.283023,0.180433,-0.247089,0.028584,0.017052,-0.354097,-0.133488,0.337882,0.063753,-0.104139,-0.09751,0.017635,0.041297,-0.063566,-0.212604,-0.112675,-0.13946,-0.052161,0.006658,0.154778,0.067263,0.175321,0.151858,-0.183094,-0.125093,0.007242,0.031032,-0.198239,0.020785,0.065768,0.029034,0.113343,0.160281,0.059236,-0.277649,0.222348,0.127474,0.09704,0.00788,0.13579,0.256825,-0.189052,-0.001815,-0.366758,0.025714,-0.301956,-0.343413,0.252395,-0.255456,-0.308649,-0.618582,-0.243815,-0.232258,-0.309921,-0.198313,-0.300952,-0.280233,-0.115076,-0.298339,-0.286898,-0.334508,-0.117789,-0.221539,-0.280575,-0.138322,-0.290995,-0.445996,-0.093761,-0.363582,-0.44464,-0.32487,-0.156915,0.01479,-0.398477,-0.261085,-0.425732,-0.092316,-0.164185,-0.08346,-0.277637,-0.249786,0.010401,-0.067538,0.033892,-0.181631,-0.227728,-0.064112,-0.331563,-0.316237,-0.174879,-0.057703,-0.265305,-0.300852,-0.209666,-0.237821,-0.343586,-0.201181,-0.038318,-0.378082,-0.012731,-0.223914,-0.420727,-0.262449,-0.148943,-0.268821,-0.137411,-0.233885,-0.315289,0.015699,-0.319315,-0.027852,-0.367505,-0.184505,-0.18083,-0.363749,-0.110588,-0.286228,-0.164957,-0.415541,0.443508,-0.098912,-0.284911,-0.065638,-0.172362,-0.334767,-0.177872,-0.27487,-0.493408,0.0978,0.282614,-0.168836,-0.358607,0.033664,-0.362937,-0.152098,-0.149347,-0.099176,0.425635,-0.089381,0.174298,-0.054053,-0.215251,0.156204,0.096122,-0.181522,-0.248921,0.255553,-0.354328,-0.186598,0.483009,0.369185,-0.164347,0.447376,0.292001,0.151732,0.272918,0.469912,0.052167,0.039543,0.054019,0.013998,0.303474,-0.083561,0.309132,0.474631,0.25799,-0.144661,0.318381,0.451209,-0.323898,-0.208226,0.165915,#
7,-0.056411,-0.147189,-0.119717,-0.128203,0.00557,0.277247,0.205748,1.0,-0.07257,-0.317146,-0.187527,-0.19643,-0.146078,0.113422,0.206735,-0.202302,0.08158,-0.102812,0.110603,-0.079141,0.061087,0.333001,-0.167775,-0.204371,0.11847,0.143948,0.16662,0.036417,-0.237743,-0.049904,0.071356,0.210897,0.300193,-0.114687,-0.111167,0.151311,0.117441,0.021271,0.200827,-0.156307,-0.141256,0.130356,0.272987,-0.009332,-0.095675,0.147963,0.029598,-0.099692,-0.178913,-0.230028,-0.043905,-0.040304,0.011973,-0.369971,0.020026,0.178768,0.099867,0.041166,-0.135621,0.151086,-0.06339,0.13817,-0.155767,0.270715,0.123237,0.157615,-0.026681,0.109797,-0.075687,-0.290977,-0.092975,-0.083036,-0.063811,-0.053162,0.025346,-0.160371,0.100621,0.013715,-0.245157,-0.015967,0.044829,-0.093538,0.265128,-0.266948,0.098777,0.150811,0.092864,0.090942,-0.073486,0.06798,0.012806,0.001119,0.141572,-0.11576,0.107733,0.090371,-0.292899,0.118328,-0.029796,-0.150928,0.039089,-0.108448,0.110803,-0.087479,-0.100839,-0.154151,0.099529,-0.255762,0.122314,-0.284114,-0.278941,0.129644,0.10381,-0.014841,0.013768,0.169512,0.133823,-0.034298,-0.043181,0.111933,-0.053009,0.103568,-0.145299,-0.002061,0.053053,0.144665,-0.00045,-0.197688,0.058548,0.006802,0.079642,-0.037279,-0.031741,-0.183646,0.029981,-0.053409,0.203978,0.031434,-0.060918,-0.120805,-0.099831,-0.211323,-0.077499,0.106856,-0.007491,-0.267136,0.105636,-0.0805,0.121422,0.037292,0.11339,0.101742,0.275108,0.013783,0.169868,-0.14314,0.127317,-0.129573,-0.264536,0.159945,0.144808,-0.056717,0.027692,-0.0349,0.027411,0.047259,-0.072178,0.155728,-0.148241,0.234393,-0.057983,-0.004302,0.039824,0.11959,-0.093713,0.01518,-0.034617,-0.030938,-0.035582,-0.104161,-0.043666,-0.148566,0.056451,0.089402,0.00521,-0.08195,0.053534,0.104929,0.05343,-0.194396,-0.165324,0.24738,0.042587,-0.100136,0.048865,0.139732,-0.190814,-0.147826,0.070189,-0.121002,#
8,0.317815,0.094982,0.0403,-0.265264,0.200073,-0.04393,0.376112,-0.07257,1.0,0.032258,0.183862,0.297962,0.270339,0.039847,0.118397,0.010523,-0.066127,0.227079,0.281076,0.035835,-0.176748,0.018085,0.254475,-0.12569,-0.010337,-0.310022,-0.028578,0.085052,0.302847,0.038628,-0.20128,0.086419,0.117707,-0.120454,-0.166167,0.012263,0.404247,-0.183306,-0.014295,-0.043392,0.05869,-0.049316,-0.257396,-0.035932,0.090499,-0.172954,0.217706,0.216295,0.037999,0.353272,0.110551,-0.11814,0.011047,0.240979,-0.041999,0.03958,-0.052463,0.013927,0.135136,0.07597,-0.172041,-0.033357,-0.180591,0.072793,0.024378,0.191512,0.34417,-0.010572,0.278864,0.170443,0.190159,-0.198653,0.070621,-0.2068,-0.146974,-0.029738,-0.02769,-0.332708,-0.198547,-0.04954,-0.128099,-0.262707,-0.143822,0.030731,-0.023934,0.063794,-0.18694,-0.227216,-0.158004,-0.210046,0.077625,-0.172488,-0.197235,0.124946,-0.178785,0.144045,-0.105345,-0.393301,-0.077065,-0.13976,-0.241765,-0.337551,-0.341254,-0.189022,0.141746,0.030021,-0.153486,0.045503,-0.218132,0.175108,0.122937,0.01326,0.087807,-0.127552,0.081064,-0.576615,-0.225564,-0.108928,0.258789,-0.315985,-0.070783,-0.090507,-0.085823,-0.580211,-0.267586,0.138155,-0.129496,0.073022,-0.102007,-0.220032,0.159538,0.149553,-0.054749,-0.003092,-0.05458,-0.112192,-0.115877,-0.131238,0.202876,-0.132089,0.073167,0.13084,-0.399076,-0.174701,-0.253159,-0.083575,-0.036085,0.297951,-0.118432,-0.123096,-0.068736,-0.103185,-0.084853,-0.179003,-0.136637,-0.247493,0.033718,0.390816,0.031146,-0.141213,0.142744,-0.140877,-0.1368,0.261089,0.100326,0.067628,-0.17453,-0.053967,-0.062035,0.081275,-0.199371,0.257071,0.110959,-0.242836,-0.013257,-0.26249,-0.106548,0.261009,0.095866,-0.183922,0.310639,0.132203,-0.150719,-0.048733,0.091214,0.199602,-0.063111,0.017345,-0.406065,0.13276,0.142151,-0.085802,0.093397,0.13784,-0.249184,0.068953,0.237817,-0.165735,-0.017225,-0.028688,#
9,0.082809,0.095601,0.159066,-0.141493,0.114827,-0.036917,-0.156804,-0.317146,0.032258,1.0,-0.162611,0.244338,0.150406,0.294394,-0.401841,-0.040854,-0.452469,0.287679,-0.166984,-0.043328,-0.008531,-0.266687,0.133573,0.044577,0.199297,0.000806,-0.027732,-0.243064,0.043475,0.213755,0.03714,-0.135393,-0.212663,0.218574,-0.114235,0.402152,0.00727,-0.226397,-0.134169,-0.046564,0.056063,0.239297,0.134538,0.303947,0.203427,-0.279207,-0.064612,0.355428,-0.08034,0.220938,-0.139285,-0.154877,0.079277,0.079904,-0.154657,-0.417164,-0.052886,-0.075691,0.205792,0.105369,-0.009848,0.292814,0.012838,-0.324914,-0.009952,-0.010804,0.067823,0.196269,0.065865,-0.12118,0.00069,-0.177229,-0.011994,-0.051006,0.131913,0.126275,-0.162086,-0.31826,0.084683,0.129857,-0.058575,-0.081407,-0.205441,-0.024891,0.081558,-0.270782,-0.074268,-0.113129,-0.125361,0.114917,-0.191269,0.047484,-0.138014,0.205462,-0.100961,0.08407,0.077525,-0.112215,0.139952,-0.035373,-0.18801,0.001772,0.056043,0.153593,0.030227,-0.105846,-0.121527,-0.115856,-0.137375,0.006487,0.26118,0.146887,-0.01717,-0.049169,-0.007911,-0.114374,-0.2166,-0.220263,0.324138,-0.292377,-0.022759,0.236353,-0.010129,-0.013753,-0.221208,0.025116,-0.075866,-0.14866,-0.083628,0.178977,0.031487,0.235252,0.040934,0.732299,-0.139277,0.090546,-0.045432,-0.044837,0.313932,-0.144585,0.166701,0.048465,0.125373,0.056028,0.164079,0.161145,0.192329,0.021505,-0.214296,0.176845,-0.434236,-0.076089,-0.044959,0.002444,0.112577,0.145689,0.140793,0.333297,0.04019,0.104478,-0.025025,0.111259,-0.118683,0.311157,0.044327,0.158494,-0.174072,-0.127133,0.055119,-0.013931,0.111638,-0.018198,-0.069392,-0.308741,0.134564,0.066267,-0.208209,0.040079,0.28241,-0.014143,0.077454,-0.141273,-0.334297,0.126082,-0.115269,-0.028913,0.106593,-0.112555,-0.313786,0.328845,0.025341,-0.271231,-0.148477,0.130893,0.012858,-0.227602,0.069425,0.06852,0.351408,-0.070542,#
10,-0.230326,-0.145292,0.025263,0.096077,-0.200452,-0.0388,0.278941,-0.187527,0.183862,-0.162611,1.0,-0.064922,-0.205948,-0.046255,0.18055,0.138511,0.051626,-0.206654,0.104864,0.166321,-0.141099,0.183364,-0.199028,0.125715,-0.137419,0.250961,-0.048234,0.142652,0.229387,-0.094536,-0.016188,-0.02999,-0.19542,-0.200107,0.28167,-0.157146,-0.06914,0.013697,-0.013693,0.178013,-0.300522,-0.101567,-0.285671,-0.187448,0.137125,0.089966,-0.312459,-0.285939,0.232634,0.019207,0.139549,0.160397,-0.040963,0.337816,-0.094775,0.114524,0.125743,-0.195185,0.080593,0.07808,0.073251,-0.064693,0.157406,0.092726,0.192363,-0.098707,-0.012462,-0.042316,-0.300928,0.079433,-0.096418,0.120083,0.26009,0.119169,-0.007831,0.140639,-0.133,0.056872,-0.04395,-0.054792,-0.08482,0.115074,-0.156369,0.08506,-0.011201,-0.048267,0.12583,-0.091766,-0.20069,-0.086981,0.126996,-0.240081,0.066502,-0.112949,-0.096887,0.110361,-0.017916,-0.170905,-0.368319,-0.023413,0.044256,0.035495,-0.310754,0.00396,0.238431,0.055168,-0.029778,-0.020602,-0.197309,0.390971,-0.116253,-0.128054,-0.15396,0.205347,-0.038762,-0.030992,-0.189561,0.030507,-0.162458,0.145423,0.023587,-0.106914,0.129151,0.101767,0.073139,-0.05727,-0.074175,0.040734,-0.046732,-0.131774,0.101215,-0.208327,-0.085384,-0.181709,0.159008,0.200128,0.147771,-0.120645,-0.050539,0.077229,0.006789,0.198726,-0.144022,-0.102021,0.054387,0.230738,-0.126669,-0.144113,0.261351,-0.164473,0.220025,0.045531,-0.288983,-0.071931,-0.086156,-0.27365,-0.350046,0.145029,0.245866,-0.046014,0.041605,-0.31109,-0.018095,-0.04468,-0.122035,-0.063958,-0.185263,0.105432,0.325898,-0.323076,0.138558,-0.276735,-0.114154,0.062378,0.03312,-0.235948,-0.310671,0.139166,-0.11937,0.073651,0.100493,0.231929,0.125181,0.29337,-0.093048,0.226122,-0.200161,-0.216228,0.278933,0.008814,0.030054,0.266419,0.04891,-0.003352,-0.016346,-0.089829,0.176987,-0.032465,-0.106345,0.135308,#
11,0.26949,0.165525,0.051464,-0.21788,0.201737,0.158584,0.270252,-0.19643,0.297962,0.244338,-0.064922,1.0,0.077328,-0.05804,-0.120458,0.298007,-0.128743,-0.15926,-0.174075,-0.266521,-0.047504,-0.018542,-0.132473,0.047131,0.16112,-0.13846,-0.106759,-0.388343,0.247487,0.195831,-0.316578,-0.066423,-0.241741,0.046613,-0.107733,0.404363,-0.155455,-0.223289,-0.236992,0.033873,0.065916,-0.07044,-0.239423,-0.123662,-0.073048,0.028144,-0.111871,0.101167,0.053489,0.117281,-0.043149,-0.352576,-0.012462,0.073189,0.112964,-0.124214,-0.300925,0.063577,0.010209,0.127847,-0.169948,0.287187,0.040363,0.056297,0.084407,-0.3009,-0.078988,-0.074945,0.164801,-0.062808,-0.049258,-0.262604,-0.045718,-0.294108,-0.273419,0.190799,-0.229395,0.01319,-0.222142,-0.349157,-0.192478,-0.238901,-0.124247,-0.004828,-0.145522,-0.14997,-0.238568,-0.416889,-0.134985,-0.093641,-0.003965,-0.02115,0.019167,-0.205077,-0.343275,0.020563,-0.148355,-0.360575,-0.240366,-0.050922,0.044103,-0.095555,-0.127164,-0.249746,-0.018671,-0.172868,-0.028316,-0.095685,-0.316337,-0.122149,-0.224374,-0.076288,-0.265672,-0.134052,0.013982,-0.25516,-0.146818,-0.10562,-0.205911,-0.057739,-0.01562,-0.166567,-0.199297,-0.191418,0.089632,-0.188729,-0.076807,-0.10277,-0.101589,-0.135849,-0.068209,-0.065032,-0.027474,0.123706,-0.194185,-0.022672,-0.182328,-0.223796,0.039517,-0.228727,0.075242,0.043412,-0.276799,-0.116552,-0.152813,-0.169776,-0.125673,0.100149,-0.30513,-0.443243,-0.264614,-0.23983,-0.129803,-0.166084,-0.126954,-0.327692,0.025734,0.161068,0.045564,-0.042477,0.084617,-0.160147,-0.045008,-0.081594,-0.164887,0.085599,0.100076,0.113726,0.273542,-0.228635,0.051624,0.051561,-0.00767,-0.132011,0.204124,-0.311043,-0.296841,0.200531,0.145281,-0.195674,0.351536,0.015127,0.255583,0.111868,0.274309,-0.238086,-0.017297,0.092826,0.030732,0.391443,0.018568,0.187057,0.327934,0.017096,-0.105621,0.17994,0.234895,-0.200254,0.028961,-0.004485,#
12,0.380913,0.017945,-0.145739,-0.244203,0.301838,-0.155632,0.038258,-0.146078,0.270339,0.150406,-0.205948,0.077328,1.0,0.200182,0.025118,0.089153,0.004094,0.255566,0.083055,-0.066626,-0.083185,0.057331,0.317474,-0.198767,-0.194081,-0.113282,0.080662,-0.0079,0.183102,-0.084843,-0.324467,0.093212,0.054637,0.051705,-0.143957,0.194472,0.322155,-0.138561,-0.062249,-0.036107,0.168998,0.176299,0.016676,0.009711,0.158669,-0.066575,0.380583,0.243193,-0.048024,0.142268,-0.039269,-0.252399,0.078306,-0.040757,0.082042,-0.211486,-0.273713,0.190997,0.166137,-0.140551,-0.02813,-0.046864,-0.232027,-0.0523,0.007359,0.27722,0.137979,0.04467,0.376211,-0.14862,0.076306,-0.308926,-0.094896,-0.232685,-0.002581,0.204054,-0.125741,-0.376908,-0.133924,-0.2509,-0.231454,-0.292532,-0.256849,-0.1346,-0.042117,-0.128424,-0.210564,-0.16151,-0.184344,-0.057349,-0.200994,-0.284542,-0.221119,0.018715,-0.11437,-0.206816,-0.045865,-0.1811,-0.029644,-0.504086,0.238093,-0.276112,-0.323504,-0.359394,-0.194132,-0.013614,-0.221689,-0.091967,-0.243969,-0.029165,0.144607,-0.130339,0.066707,-0.306274,-0.245059,-0.261365,-0.402877,-0.152129,0.22741,-0.425515,-0.009713,-0.366373,-0.12734,-0.264555,-0.227928,0.017418,-0.314818,0.141901,-0.213041,-0.300988,-0.145417,0.063558,-0.002895,0.069873,-0.280714,-0.202679,0.010067,0.013282,0.141571,-0.343088,-0.348113,-0.118601,-0.253016,0.133939,-0.359071,-0.14611,-0.109144,0.333343,-0.50632,-0.070577,-0.053323,-0.175275,-0.091007,-0.189683,-0.169734,-0.11688,0.320938,0.307766,-0.404902,-0.225137,-0.141987,-0.017718,-0.324234,-0.003599,0.157971,0.159764,-0.26371,-0.021097,-0.352865,0.008125,0.118349,0.268702,-0.061786,-0.305921,0.064079,-0.041346,-0.033204,0.289978,0.286738,-0.348724,0.161876,0.225193,-0.164427,0.04383,0.17191,-0.074616,0.207161,-0.062988,-0.309728,0.255449,-0.23543,0.030015,0.207205,0.425933,0.017635,0.128876,0.264971,-0.142362,-0.089732,0.134142,#
13,-0.079462,0.054032,0.018063,-0.137533,0.175464,0.319899,0.047097,0.113422,0.039847,0.294394,-0.046255,-0.05804,0.200182,1.0,-0.084944,0.0347,-0.243957,0.288218,0.219939,-0.082279,0.151915,0.0374,0.246656,-0.169378,-0.174348,-0.14434,0.264123,0.068256,0.012184,-0.111383,0.106673,0.208136,0.119971,-0.110042,-0.256854,0.251808,0.182637,-0.099213,-0.151147,-0.384454,0.143432,0.321962,0.359687,0.188591,-0.035872,-0.334427,0.201572,0.279683,0.068588,-0.077694,0.060283,-0.006748,-0.037185,-0.155926,-0.337178,-0.297811,0.075359,0.102545,0.160828,-0.031018,0.018409,0.275566,-0.25142,-0.002869,0.089014,0.328171,0.248156,0.358464,0.303251,-0.019909,-0.089419,-0.23435,0.083662,-0.202745,0.071088,0.242266,-0.067769,-0.331412,-0.144246,0.044162,-0.043788,-0.242443,-0.061373,0.006948,0.008539,-0.018126,-0.00689,-0.11373,-0.116151,-0.013998,-0.028896,-0.181651,-0.044061,-0.008516,-0.017303,-0.072533,-0.126047,0.039313,-0.097683,-0.260499,-0.012885,-0.122656,0.018947,-0.146935,-0.028871,-0.164225,-0.160604,-0.442509,-0.063024,-0.134573,0.139609,0.125468,0.004469,0.054189,0.078051,0.032009,-0.299732,-0.124786,0.278306,-0.211046,0.010264,0.002084,-0.04293,-0.160383,0.056285,0.028224,-0.22035,0.01466,-0.02749,-0.12152,0.026195,0.254927,-0.193022,0.188022,0.053284,-0.128656,-0.045678,0.120029,0.303063,-0.088176,-0.1344,-0.145192,-0.099914,-0.204379,-0.073232,0.073812,0.160916,0.062998,-0.233781,0.112245,-0.210479,0.166163,-0.166193,-0.122206,0.190928,-0.003607,0.318817,0.395506,-0.22181,0.076575,-0.020284,-0.12594,0.059658,0.327794,0.057181,0.304622,0.018828,0.046435,-0.248463,0.296992,-0.072478,0.216717,-0.290139,-0.162829,-0.102748,0.029437,-0.16781,0.11531,0.284119,-0.094931,0.077015,-0.109546,-0.26098,-0.001726,0.120075,-0.105291,0.01923,-0.061744,-0.127166,0.055262,-0.046876,-0.107086,0.147195,0.18809,0.262883,-0.04129,0.138913,-0.130828,0.218345,0.066523,#
14,0.079171,0.179029,-0.237316,-0.020904,-0.045408,0.145617,0.100191,0.206735,0.118397,-0.401841,0.18055,-0.120458,0.025118,-0.084944,1.0,0.145051,0.008101,-0.173724,0.055084,-0.100387,-0.098941,0.42383,0.045253,-0.078888,-0.043741,0.096808,-0.020584,0.141824,0.253483,0.077378,-0.291322,0.327412,0.094228,0.023472,-0.123155,-0.146761,0.009268,0.071848,0.322941,0.139966,-0.190044,0.011668,0.010664,-0.125926,-0.14112,0.319518,0.232129,-0.299868,0.123352,0.079797,-0.062788,0.084572,-0.08698,-0.157503,0.072453,0.172002,-0.077126,0.159165,-0.316008,0.126644,0.254366,-0.144308,-0.047047,0.410966,0.269782,0.151606,-0.263079,0.016989,0.027816,-0.120728,0.011254,-0.053491,0.222725,-0.105008,-0.158891,-0.15892,-0.131813,0.129489,-0.207411,-0.29373,-0.080466,-0.207086,-0.155745,-0.177086,-0.253785,0.029154,-0.137494,-0.248854,-0.192848,-0.144239,0.014255,-0.120265,0.033589,-0.084414,-0.048377,-0.054498,-0.227393,-0.256702,-0.239314,-0.160638,0.056567,-0.035668,-0.250556,-0.304975,-0.103751,0.110102,-0.167706,-0.125487,0.070665,-0.205504,-0.336835,-0.070496,-0.181129,0.067087,-0.399482,-0.051261,-0.248313,0.03208,-0.17383,-0.071434,-0.107702,-0.269005,-0.086151,-0.018769,0.125656,-0.096958,0.163733,-0.100228,-0.234935,-0.31312,0.073426,-0.504952,-0.228976,-0.332089,-0.332945,-0.050984,-0.092128,-0.250152,0.13729,-0.142425,-0.219579,-0.316434,-0.286245,-0.198359,-0.35625,-0.118131,-0.143406,-0.161914,-0.059554,-0.306417,0.072651,-0.089677,-0.032505,-0.135432,-0.173439,-0.216947,0.002323,0.099466,-0.313032,-0.069058,-0.24807,-0.192192,-0.014067,-0.387531,-0.169792,0.20618,-0.078454,0.075139,-0.224059,-0.199592,0.008165,0.179489,-0.26514,-0.072946,0.266615,-0.083128,0.015362,0.080554,-0.022723,-0.150738,0.096904,0.338756,0.165765,0.178543,0.152662,-0.117635,0.128525,0.028345,0.253178,-0.053425,-0.387136,0.37721,0.018389,0.105957,-0.123036,-0.066627,0.153086,-0.263625,0.019261,0.048602,#
15,0.014649,-0.044409,-0.224051,-0.117183,-0.089745,0.025486,0.097709,-0.202302,0.010523,-0.040854,0.138511,0.298007,0.089153,0.0347,0.145051,1.0,-0.000393,-0.432415,0.117844,-0.185043,0.019169,0.034234,-0.130633,-0.147744,-0.245268,0.050198,-0.151825,-0.031418,0.158918,-0.064259,-0.309126,-0.019656,-0.037676,-0.138251,0.155475,0.048517,-0.159492,0.127213,-0.279919,0.177507,-0.044379,-0.085553,-0.120048,-0.108716,0.035969,0.112208,0.116262,-0.199393,0.210357,0.067048,0.038188,-0.087548,-0.042583,0.069879,-0.148302,0.063553,-0.022479,-0.043101,0.056389,0.103717,-0.012178,0.113249,0.115047,0.327918,0.02404,-0.126025,-0.207787,0.157307,-0.028286,-0.230446,-0.004861,0.01688,0.048191,-0.181683,-0.088536,0.064748,-0.198988,0.114062,-0.112101,-0.286944,-0.061734,-0.143272,-0.193073,-0.195416,-0.054867,-0.106861,-0.153394,-0.161004,-0.063243,0.017839,0.181831,-0.058899,0.16917,-0.40283,-0.157998,0.029033,-0.135377,-0.34799,-0.242441,-0.008544,0.236454,0.011876,-0.233984,-0.102751,-0.093654,0.05508,-0.423807,-0.000876,-0.188775,-0.083126,-0.420209,-0.357971,-0.203106,0.089074,-0.219658,-0.114035,-0.02125,-0.031748,-0.432748,0.110853,-0.085798,-0.217804,0.050907,0.288695,0.148542,-0.202546,-0.084469,-0.04398,-0.108983,-0.076962,-0.131996,-0.135917,-0.176226,0.096357,-0.165633,-0.095944,-0.054846,-0.271471,-0.109408,0.022745,-0.114715,-0.224255,-0.141292,-0.054621,-0.371656,0.182386,-0.346146,-0.107497,-0.201112,-0.347982,-0.019694,-0.125046,-0.312327,-0.095694,-0.293067,-0.131484,-0.020569,-0.033489,-0.126238,-0.057075,-0.476375,-0.398225,-0.056845,-0.331429,-0.229553,0.119826,-0.094049,0.225956,0.057912,-0.278427,0.07557,0.056617,-0.118833,-0.040048,0.201575,-0.249853,-0.203525,0.020584,-0.240911,-0.116752,0.154573,0.133251,0.471916,0.224275,0.252415,-0.079065,0.103115,-0.050863,0.540539,-0.009635,-0.33604,0.362579,0.304089,0.049685,-0.019962,0.108371,0.378386,-0.04069,-0.186519,0.117812,#
16,0.15268,-0.041149,0.008532,0.135447,0.178921,-0.043155,-0.029671,0.08158,-0.066127,-0.452469,0.051626,-0.128743,0.004094,-0.243957,0.008101,-0.000393,1.0,-0.163074,-0.064279,-0.129304,-0.197351,0.036618,-0.102114,0.080081,-0.120497,-0.141219,-0.194565,-0.021194,-0.036878,-0.074534,-0.036176,0.151979,-0.084867,-0.270544,0.028435,-0.380443,-0.062744,0.06065,0.053898,0.041283,-0.129787,-0.106326,-0.185515,-0.143336,0.130569,0.22511,0.011882,-0.145713,-0.123745,0.018976,0.187156,-0.023275,0.120279,-0.0012,0.152379,0.160935,-0.149266,0.064652,-0.25259,0.022877,0.084455,-0.23532,0.082302,0.137846,0.035646,-0.021254,-0.081856,-0.151087,-0.046333,0.095278,-0.136055,0.073792,0.119108,-0.138193,-0.296769,0.149375,-0.147226,-0.042226,-0.007463,-0.02895,0.009295,-0.056067,0.076622,0.138742,-0.054834,-0.034581,-0.046712,0.000319,-0.128587,-0.176736,0.176455,-0.106542,0.040682,-0.191158,-0.088403,-0.224333,-0.021088,-0.032392,-0.005156,-0.109537,0.283277,0.007481,-0.148294,0.026317,-0.045598,-0.275313,0.248786,-0.051061,-0.058719,0.107427,-0.209615,-0.059217,-0.008955,-0.087591,-0.08861,0.099578,0.195801,-0.166135,-0.027755,0.242661,-0.095517,0.107186,-0.340361,-0.095018,-0.006721,-0.169984,-0.208882,0.246459,-0.189646,0.052618,-0.122797,-0.209423,0.061844,-0.271199,0.075457,-0.088854,0.099464,-0.315984,-0.398952,-0.042474,-0.087021,0.150657,-0.004294,0.138753,-0.150167,-0.013387,-0.120818,0.171236,-0.056864,-0.05575,0.179746,0.126292,0.02424,-0.160455,-0.340923,-0.194996,-0.227264,0.012279,-0.06005,-0.158007,-0.109296,0.091607,-0.023395,-0.243584,0.05232,-0.031753,-0.102415,-0.158786,0.002944,0.086772,0.265872,-0.074791,-0.069015,0.158627,-0.225007,-0.137349,-0.05689,-0.092331,-0.202245,-0.085799,0.025273,-0.241653,0.356854,0.085617,0.038923,-0.109156,0.080231,-0.028516,0.13315,-0.106787,-0.058067,0.19808,0.139693,0.236676,0.106119,0.153441,0.071993,0.112417,-0.358401,0.143011,#
17,0.007327,0.097997,0.184135,-0.082106,0.044492,-0.05493,-0.11105,-0.102812,0.227079,0.287679,-0.206654,-0.15926,0.255566,0.288218,-0.173724,-0.432415,-0.163074,1.0,0.035526,0.315082,0.151817,-0.123635,0.447916,0.052895,0.2238,-0.24413,0.21442,0.089472,-0.072924,0.039973,0.238769,0.066866,0.158,0.134157,-0.246517,0.040949,0.351341,-0.246918,0.135707,-0.294728,0.137913,0.336693,0.196858,0.014058,0.163357,-0.337366,0.310106,0.470073,-0.113811,-0.038842,0.125033,-0.051847,-0.203328,0.031254,-0.309091,-0.127576,-0.046019,-0.073404,0.065632,-0.102683,-0.113462,-0.018442,-0.145431,-0.363425,-0.178908,0.209564,0.240093,0.142509,0.298178,0.306344,0.047256,-0.099681,-0.175732,0.167437,0.09718,-0.097832,0.138271,-0.290915,0.009408,0.165639,-0.013367,0.041165,-0.034844,0.21303,0.115031,0.11499,-0.164067,0.176563,-0.045005,0.038681,-0.119296,-0.039911,-0.348516,0.428726,0.132069,-0.001591,0.135974,0.157492,0.249,-0.129643,-0.24933,-0.188696,-0.15868,0.141898,0.150815,0.07812,0.048516,0.10923,0.083267,-0.008409,0.524515,0.211123,0.266373,-0.137133,0.193153,-0.144822,-0.183281,-0.178899,0.645798,-0.390522,-0.056567,0.094224,-0.023802,-0.400616,-0.318867,0.239981,-0.079077,0.162312,-0.126104,-0.109055,0.103391,0.282743,0.166375,0.183324,0.071429,-0.013968,-0.096723,0.307754,0.336462,-0.063461,0.074472,0.015988,-0.020421,-0.151683,-0.006594,-0.058968,0.275371,0.324978,-0.211071,0.473303,-0.162587,0.108221,0.137698,-0.000412,0.143291,0.221098,0.330137,0.178835,-0.045708,0.210159,0.220658,0.384105,0.084951,0.678868,0.248144,0.105569,0.027206,-0.184889,-0.394806,0.268882,-0.121042,0.205542,0.026976,-0.245744,-0.182712,0.169752,0.301293,0.141798,0.360617,-0.202028,0.136796,-0.175794,-0.770287,-0.224599,-0.069926,0.011887,-0.08764,0.103681,-0.594409,0.159534,0.05191,-0.380299,-0.118041,-0.007407,-0.055132,-0.059317,-0.068137,-0.011427,0.222123,-0.227874,#
18,0.05286,-0.121598,-0.013816,-0.110908,-0.099259,-0.117193,0.157064,0.110603,0.281076,-0.166984,0.104864,-0.174075,0.083055,0.219939,0.055084,0.117844,-0.064279,0.035526,1.0,0.084474,-0.03987,0.1798,-0.02412,-0.095957,-0.525182,-0.141899,-0.031511,0.380472,0.130294,-0.381496,-0.019969,0.273842,0.155644,-0.173402,0.091528,0.005685,0.171631,0.443864,-0.130522,-0.218202,0.331263,-0.063983,-0.148501,-0.011479,-0.076851,-0.270813,0.243777,-0.124345,-0.016311,0.084877,-0.241286,0.247107,0.025726,0.030509,-0.320047,-0.113144,0.038103,-0.085633,0.04998,-0.184833,-0.090756,-0.102094,0.050941,-0.069771,0.066439,0.070044,0.409441,-0.126442,0.055714,-0.057912,-0.005682,0.006602,-0.050475,0.146536,0.088375,-0.232525,0.286521,-0.31305,0.039083,0.001406,-0.029899,0.031252,-0.009065,-0.167098,0.075527,0.136306,0.098782,0.022287,-0.062701,0.219308,0.281723,0.101251,-0.073892,0.089252,0.183994,0.197811,0.071231,0.075434,-0.026218,-0.132278,-0.016392,-0.023036,-0.073965,0.140442,-0.012232,0.112185,-0.084236,-0.068351,0.316321,0.058679,0.107483,-0.059049,0.213005,0.214574,0.087552,-0.224725,0.131478,0.306712,0.106451,-0.025788,0.126407,-0.018079,0.20628,0.088673,0.008254,0.094965,-0.032365,0.221786,0.212322,0.14167,0.171929,0.320776,0.026714,-0.145235,0.272453,0.052751,-0.054269,0.069419,-0.098923,0.048074,0.128715,0.014428,-0.145051,-0.006807,0.049384,0.142893,0.157017,0.029975,-0.095966,0.248128,0.276999,0.098768,0.196822,-0.104382,0.158646,0.04956,0.096213,0.070894,0.066176,0.005006,-0.108698,-0.008433,-0.047005,0.065804,0.418773,-0.025385,0.148456,-0.010042,-0.157002,0.404402,-0.424444,0.418648,0.184716,0.03581,-0.039694,0.120909,0.054181,-0.053884,-0.170295,0.107773,0.016907,0.11873,-0.072202,-0.086489,-0.069604,0.114617,0.228449,0.065661,-0.020962,-0.395823,0.086353,-0.130942,-0.071614,-0.053544,-0.014667,0.095681,-8.4e-05,0.024079,0.081982,-0.124555,#
19,-0.204474,-0.047069,-0.011847,0.094739,-0.174019,-0.055467,-0.119842,-0.079141,0.035835,-0.043328,0.166321,-0.266521,-0.066626,-0.082279,-0.100387,-0.185043,-0.129304,0.315082,0.084474,1.0,-0.011994,0.206163,0.064624,0.061152,-0.047391,0.122101,0.207965,0.211554,-0.117565,0.019199,0.310252,-0.095431,0.221342,0.089894,0.228906,-0.163553,0.000597,0.042566,-0.129382,-0.082437,-0.04921,0.125801,-0.13543,-0.083343,0.00739,-0.17715,-0.036255,0.010644,-0.088671,-0.091506,0.109401,0.098901,-0.155458,0.010887,-0.1223,0.155216,-0.056219,-0.129266,0.048007,-0.349635,0.045924,-0.112851,0.198806,-0.129435,-8.9e-05,-0.019083,0.361255,0.019123,0.015543,0.278774,-0.052046,0.044673,0.010522,0.194867,0.221624,-0.135158,0.105325,-0.074103,0.19637,0.064552,0.078304,0.164491,0.034026,0.04715,0.178338,0.264428,-0.033026,0.221187,0.203143,0.088252,0.122972,-0.012073,-0.190086,0.244212,0.211282,0.107835,0.268853,0.022204,0.064835,0.080897,-0.203452,-0.200541,-0.080323,0.260113,0.117664,0.256085,-0.053979,0.291778,0.086477,0.182053,0.434339,-0.210069,0.243045,-0.101717,0.217797,0.197324,0.242415,0.075443,0.300763,0.013791,0.0502,0.254534,0.058087,-0.088871,-0.20376,0.238928,0.187683,0.176719,0.139908,-0.064891,0.121406,0.197494,0.081091,0.049752,0.133931,0.065202,-0.210278,0.240107,-0.051806,0.283281,0.267459,0.001094,0.105599,0.0717,0.155861,0.131822,0.320931,-0.060493,0.273264,0.265387,0.174464,-0.008986,0.275394,0.289033,0.231524,0.316061,0.009392,-0.212861,0.329264,0.205789,-0.005051,0.193989,0.01364,0.428053,0.119096,-0.031944,0.174191,0.1773,-0.03638,0.174832,-0.225469,-0.136026,0.102207,0.134132,-0.10021,0.30616,0.334687,0.002972,0.104042,0.20751,-0.015148,-0.063191,-0.468169,0.0305,-0.12966,0.339416,-0.10523,0.075254,-0.2437,0.053344,-0.004655,-0.209687,-0.287946,-0.169315,-0.13504,-0.017364,-0.083966,0.170971,-0.011837,-0.027361,#
20,-0.262911,-0.102655,-0.221609,-0.221742,0.085486,0.237156,0.040005,0.061087,-0.176748,-0.008531,-0.141099,-0.047504,-0.083185,0.151915,-0.098941,0.019169,-0.197351,0.151817,-0.03987,-0.011994,1.0,-0.236707,0.109742,-0.135694,-0.012992,0.053241,0.126547,0.04144,-0.032764,0.155502,0.029092,0.037377,0.110809,0.007455,-0.062531,0.150334,-0.051807,-0.022551,-0.048938,-0.165054,0.120239,-0.047421,0.183169,0.116875,-0.067559,-0.10308,-0.156219,0.124537,0.209574,-0.357586,0.040428,-0.278957,-0.088662,-0.167771,-0.202433,-0.086932,0.210335,-0.121183,0.179347,0.204393,-0.085341,0.008163,-0.1661,-0.11932,-0.23261,0.171057,-0.109419,0.354896,0.131778,0.019223,0.121854,-0.01806,-0.160444,0.034034,0.213573,0.013673,0.206954,0.160857,-0.14893,-0.012163,-0.058048,0.026615,-0.022752,0.007688,-0.003279,-0.023302,-0.067803,0.183383,0.069922,0.285955,-0.189024,0.00046,-0.073755,-0.144532,0.005399,0.04118,-0.092857,-0.041421,-0.053943,0.221327,-0.070702,0.038467,-0.015679,-0.114426,-0.006127,-0.060878,-0.096631,-0.125108,0.193334,-0.364319,0.195507,0.062152,-0.088977,-0.161819,0.182705,0.05674,0.03581,0.13543,-0.138731,-0.077124,0.145723,0.011852,0.078577,0.081254,-0.129715,0.096928,0.068536,0.234671,0.055505,-0.073686,-0.089027,0.074866,-0.17403,-0.028251,0.037096,0.043369,-0.229593,0.117397,0.141562,0.132359,-0.026602,-0.15091,-0.148809,-0.122631,-0.05262,-0.030238,0.264508,0.208884,0.001809,0.020839,-0.126206,0.08281,0.071905,-0.12004,-0.109099,-0.058944,0.101004,-0.021774,-0.140519,0.046898,-0.037937,-0.027637,0.063652,0.123352,-0.146582,0.098792,0.009135,-0.01113,-0.131481,0.233545,-0.010073,-0.076347,-0.206289,-0.02369,-0.033695,-0.00297,0.103435,-0.001232,0.058718,-0.118884,0.168938,-0.19953,-0.073262,0.088499,0.187901,-0.294777,0.00843,-0.082803,0.040936,0.05381,0.016288,0.116547,0.012181,-0.237918,0.016922,0.151689,-0.023095,-0.080506,-0.024759,0.086748,#
