0,1.0,0.127742,0.08634,-0.174351,0.372271,-0.025899,0.183058,-0.076179,0.388021,0.028202,-0.209447,0.234538,0.122767,0.050188,0.263778,0.05538,0.126004,-0.018193,0.032953,-0.126619,-0.308014,-0.028324,-0.167062,-0.09712,0.102765,-0.269143,-0.066085,-0.181561,0.222032,0.043062,-0.4458,-0.019571,-0.159605,-0.065936,-0.168245,0.020461,0.193285,-0.031856,0.00016,0.06207,-0.059329,-0.313936,-0.24825,0.048966,0.036985,0.005131,0.330417,0.032458,0.103289,0.361068,0.032943,-0.146554,0.160507,-0.02836,0.036999,-0.034244,-0.141245,0.115731,-0.135572,0.18461,0.134072,0.228691,0.104172,-0.157079,-0.052183,-0.021081,-0.085455,-0.161121,0.185261,-0.066454,0.092433,-0.316229,-0.090055,-0.23491,-0.212803,0.055626,-0.174811,-0.304835,-0.202011,-0.151307,0.134442,-0.315642,-0.041085,-0.259594,-0.07625,-0.040176,-0.362272,-0.065824,-0.096947,-0.354624,0.115691,-0.128116,0.074904,0.053854,-0.138027,-0.171322,-0.282453,-0.211162,-0.009086,-0.192776,0.018155,-0.175125,-0.279225,-0.105959,-0.099647,-0.11506,-0.03761,-0.045595,-0.034678,-0.340168,-0.118065,-0.139804,0.076739,-0.21457,-0.246846,-0.302327,-0.207418,-0.330002,0.116791,-0.459717,-0.051733,-0.147284,-0.166278,-0.121859,-0.081926,-0.127906,-0.163819,0.003818,-0.133642,-0.076366,0.008146,-0.277745,-0.105881,0.040571,-0.169153,-0.304943,0.00296,-0.251558,0.065745,-0.165395,-0.077092,-0.318545,0.051352,-0.200498,-0.401951,-0.092063,-0.114428,0.221254,-0.28214,-0.146403,-0.324806,-0.095641,0.144135,-0.232276,-0.082251,0.0091,0.187504,0.204862,-0.229252,-0.105639,-0.173004,-0.043763,0.016862,-0.03108,-0.045892,0.10942,0.020969,0.054978,-0.202047,-0.299453,-0.019444,0.127951,0.091286,-0.297382,0.111245,-0.042939,0.052342,0.258379,0.222458,-0.374025,0.048263,0.015819,0.018646,0.057782,0.12638,-0.118233,0.439784,-0.173099,-0.136295,0.276589,-0.381983,0.089887,0.16986,0.210466,-0.109251,0.05656,-0.003898,-0.27141,0.045911,-0.085291,#
1,0.127742,1.0,-0.098908,0.139111,0.331888,0.066199,-0.077237,-0.271894,-0.012523,0.127694,-0.121249,-0.010591,0.112926,0.086132,0.040009,-0.084943,-0.174147,0.069695,-0.102788,-0.077925,0.141913,0.260313,0.245116,-0.007921,-0.057587,-0.303262,0.071751,0.125371,0.182597,0.205194,-0.341768,-0.07779,0.021143,-0.245539,-0.171316,0.07456,0.290598,-0.399341,0.18328,0.144714,0.210708,-0.048825,0.290356,0.06512,-0.208861,0.051758,0.084975,0.277984,-0.056571,0.134878,0.04807,-0.351934,0.190644,-0.075793,-0.035135,-0.207107,-0.079591,0.296202,-0.021123,0.129212,0.075544,-0.056656,0.051611,0.075649,-0.052008,0.184812,-0.060884,0.281495,0.398912,0.121972,-0.188562,-0.227416,0.099888,-0.174189,-0.202427,0.008614,-0.227637,-0.033274,-0.143407,-0.228378,-0.148703,-0.487099,-0.219844,-0.006366,-0.246184,-0.342031,-0.081857,-0.184841,-0.119433,-0.099835,-0.229271,-0.144808,-0.123578,-0.09706,-0.416427,-0.194793,-0.454365,-0.204347,-0.208351,-0.108936,0.108107,-0.019363,-0.057701,-0.138594,-0.096166,-0.193342,-0.289743,-0.13647,-0.037032,-0.094313,0.024682,0.088117,-0.283868,-0.33169,0.105409,-0.04368,-0.22454,-0.100905,0.027004,-0.119374,-0.203485,-0.255257,-0.228839,-0.204166,0.006211,-0.135257,-0.104497,0.107961,0.231817,-0.126397,-0.158611,-0.135014,-0.057982,-0.040082,-0.226126,-0.266402,-0.157396,-0.202323,0.252155,-0.327801,-0.21459,-0.047334,0.116093,-0.292337,-0.045413,-0.082448,-0.150793,0.16976,-0.274639,-0.080496,-0.425673,-0.266325,-0.194643,-0.1075,-0.083146,0.04976,-0.117708,0.262559,-0.109688,-0.334287,0.11322,0.007163,-0.194656,-0.014981,-0.222382,0.349208,0.080073,-0.410812,-0.077667,-0.050508,-0.097552,0.092229,-0.31139,-0.063622,0.10562,-0.091999,-0.143584,-0.016837,0.313191,-0.26391,0.226877,-0.162721,-0.162811,0.106903,0.256389,-0.307822,-0.009042,-0.21374,-0.072068,0.289355,-0.166805,0.220646,0.205559,0.307712,0.114683,-0.216059,0.134975,-0.333328,-0.10075,0.161317,#
2,0.08634,-0.098908,1.0,0.284032,-0.084303,-0.138833,-0.034825,0.0197,0.250402,0.034056,-0.070138,0.03078,-0.191389,0.138106,-0.009529,-0.314006,-0.205776,0.264797,0.023228,0.301824,-0.381176,-0.193017,0.017491,0.114096,0.108001,-0.058798,0.087675,-0.201229,0.138792,-0.255531,0.088331,0.239656,-0.221514,0.118608,-0.184089,0.050399,-0.046261,0.142444,-0.131775,-0.413117,-0.166539,0.210526,-0.192459,-0.093544,0.199075,-0.393607,0.301618,0.10758,-0.300588,0.290388,-0.304465,0.223421,-0.092568,0.15477,-0.215767,-0.040772,-0.0521,-0.120445,-0.279316,0.021008,0.06807,0.139633,0.009847,-0.326444,-0.008501,0.06595,0.07136,-0.047283,-0.150476,0.123323,0.248253,0.057165,-0.072707,0.337863,-0.092941,0.122098,0.042326,-0.059002,0.090829,-0.038377,0.11403,0.068474,-0.092012,0.440529,0.012185,0.149331,-0.061381,0.026718,-0.091152,-0.174741,0.186744,-0.097911,0.136418,0.332021,-0.016589,0.256037,0.247401,0.104242,0.148044,0.182319,-0.308689,-0.175588,-0.009933,0.245194,-0.045152,0.130559,0.253582,0.215472,0.108704,0.089489,0.341256,-0.003687,0.245618,0.235315,0.18141,-0.00968,-0.133349,-0.090776,0.206475,0.045955,-0.089195,0.306577,0.028348,-0.094696,-0.100772,0.208585,0.047359,-0.178981,0.009771,0.034813,0.315181,0.274089,-0.003432,0.048289,0.243316,0.12068,0.091284,0.392049,0.043445,0.021144,0.382535,0.121388,0.008347,-0.150602,0.149738,0.210302,0.09591,-0.053893,-0.167936,0.22265,0.210632,0.414343,0.340513,0.359115,0.204247,0.129685,0.074971,0.115436,0.232842,0.090323,0.085145,-0.075782,0.437203,0.207289,0.160399,-0.11949,0.010247,-0.087503,0.206104,-0.08227,-0.04657,0.252605,-0.000998,0.132664,-0.112081,0.308958,-0.027488,0.22242,0.009272,-0.028352,0.06421,0.103476,-0.187398,-0.184601,-0.380031,0.405463,0.017712,0.328639,-0.188309,0.009334,0.244862,-0.377258,-0.310738,0.042919,-0.391614,-0.103816,-0.176082,-0.019557,0.246009,-0.151994,#
3,-0.174351,0.139111,0.284032,1.0,-0.137434,-0.108857,-0.286861,0.012261,-0.352522,-0.006851,-0.086711,-0.159877,-0.172418,-0.083066,-0.066873,-0.049813,-0.039939,-0.035612,-0.164855,0.146006,-0.058428,0.047699,-0.253977,0.107217,-0.014487,0.083208,-0.106455,0.028571,0.060414,-0.194388,0.028716,0.037,0.048561,0.213195,-0.030764,-0.285131,-0.073889,0.125387,0.042251,-0.013695,-0.018151,0.128731,0.137037,-0.080862,0.049882,0.201098,-0.232287,-0.322553,0.026758,0.024707,-0.216738,0.211067,0.078027,0.101901,-0.175976,0.031413,-0.038641,0.062137,-0.265073,-0.194014,-0.019029,-0.074982,0.226334,0.009875,-0.089973,-0.285503,-0.16673,-0.062817,-0.286976,0.08126,-0.068361,0.165534,0.252363,0.290678,-0.100874,0.200075,0.146664,0.42016,0.360114,-0.066085,0.063888,0.113537,0.061548,0.15712,0.100151,0.045913,0.2123,-0.000654,0.022621,-0.055923,0.121112,0.114994,0.170447,0.18132,0.078742,-0.019112,0.084939,0.228988,0.105211,0.206072,-0.083875,0.232098,0.260546,0.245388,0.111538,-0.018417,0.173634,0.139685,-0.002955,-0.039698,-0.076293,-0.055486,-0.138138,0.117774,0.000618,0.432958,0.294718,0.036784,-0.262604,0.368672,0.200383,0.067276,0.126373,0.317438,0.103998,0.153623,-0.040606,-0.254939,0.015816,0.322797,-0.186669,-0.012683,0.079006,0.166822,0.18525,0.282279,0.201618,0.100263,-0.243002,0.200955,0.031686,0.278197,0.170722,-0.16383,0.272802,0.235784,0.081618,-0.274877,0.020943,0.024249,0.031298,0.153862,0.201283,0.207336,0.133846,0.313238,-0.197244,-0.203674,0.256608,0.105832,0.219471,0.17018,0.246162,-0.041071,-0.184248,-0.277766,-0.042143,-0.305406,0.253606,0.093081,-0.077439,-0.262474,-0.006055,0.179257,-0.173223,0.128321,-0.016884,-0.194537,-0.393187,0.016677,-0.165479,-0.309645,0.152109,-0.023673,-0.233066,-0.00677,-0.197354,-0.01987,0.182614,-0.268625,0.024553,-0.05122,-0.367873,-0.179203,-0.031744,-0.03335,-0.244139,0.066216,-0.114911,0.060115,#
4,0.372271,0.331888,-0.084303,-0.137434,1.0,0.022533,0.17516,0.10801,0.260876,0.067147,-0.316081,0.115326,0.299306,0.215816,0.093227,-0.040072,0.069615,0.137485,0.00433,0.01809,0.121435,0.004812,0.337785,-0.182191,-0.257205,-0.29379,0.04185,-0.037988,0.25476,0.053453,-0.298387,0.080495,-0.094138,-0.056651,-0.115413,0.173149,0.384823,-0.425248,-0.073444,-0.23077,0.153234,0.084302,0.01571,-0.030976,0.001783,-0.027982,0.363773,0.324991,0.260676,-0.077354,-0.091997,-0.475122,0.17422,-0.325618,-0.041704,-0.267567,-0.145735,0.068174,0.029033,0.173333,0.104055,0.143471,-0.204867,-0.173826,-0.062653,0.360355,0.110647,0.217448,0.364272,0.065868,-0.086424,-0.494232,0.004364,-0.435588,-0.229732,0.102561,-0.292181,-0.363843,-0.410652,-0.187619,-0.15895,-0.514133,-0.247773,-0.050985,-0.226159,-0.119966,-0.577284,-0.147444,0.043374,-0.105009,-0.28056,-0.261024,-0.213291,-0.235756,-0.302765,-0.345071,-0.495402,-0.389616,-0.200803,-0.238184,-0.022519,-0.330431,-0.333614,-0.155671,-0.259113,-0.475095,-0.142437,-0.267695,-0.064735,-0.336537,0.183806,0.165958,-0.205226,-0.42044,-0.213928,0.045998,-0.253465,-0.436321,0.141648,-0.328094,-0.06706,-0.1579,-0.267602,-0.481191,-0.164119,0.228528,-0.339815,0.236959,-0.078019,-0.285151,-0.058878,0.034066,-0.314806,0.081813,-0.454956,-0.287886,-0.153952,-0.358582,0.15595,-0.268449,-0.207701,-0.194986,-0.086183,-0.146362,-0.347176,-0.145277,0.020334,0.413099,-0.461607,-0.218981,-0.477649,-0.169767,0.019936,-0.314373,-0.081022,-0.209034,0.220428,0.46616,-0.379788,-0.249631,-0.091907,-0.029186,-0.242755,0.143253,-0.069653,0.270551,-0.043771,-0.270916,-0.366875,0.019681,-0.197494,0.348998,-0.328477,-0.331877,-0.040734,-0.035706,-0.101323,0.27524,0.292684,-0.413454,0.274833,-0.059546,0.01343,0.022416,0.290045,-0.315947,0.271245,-0.169472,-0.325187,0.214522,-0.30993,0.139708,0.364932,0.28135,-0.063974,0.103216,0.302111,-0.342928,-0.216052,-0.000751,#
5,-0.025899,0.066199,-0.138833,-0.108857,0.022533,1.0,0.259359,0.368776,0.040931,-0.161832,0.038487,0.194509,-0.194824,0.25457,-0.054196,-0.148827,0.022073,-0.080388,-0.095046,-0.208434,0.194295,0.268513,0.068118,-0.430943,0.208494,-0.068692,0.125689,-0.057326,-0.079995,0.11911,0.011848,0.094653,0.06302,-0.156291,-0.303164,0.194778,-0.067026,-0.054257,0.167321,-0.074985,0.09211,-0.102212,0.226262,0.009373,-0.251011,0.089782,-0.025167,0.155892,0.023953,-0.021679,0.091388,-0.00272,0.154554,-0.063382,0.244286,0.150723,-0.013467,0.201521,0.041662,0.111064,0.071573,-0.023881,-0.040032,0.227272,-0.165123,-0.042353,-0.041367,0.244592,0.126628,-0.028131,-0.16914,-0.211088,0.102199,-0.201455,-0.016925,0.124474,0.011651,0.037237,-0.149851,-0.098184,-0.146177,-0.240474,0.144591,-0.075455,-0.093808,0.190667,-0.037091,-0.048227,0.026533,-0.157924,0.045937,-0.044297,0.112094,-0.333974,-0.025372,-0.102212,-0.123379,-0.123598,0.083266,-0.206032,0.177282,-0.169188,0.178443,-0.405515,-0.016785,-0.236807,0.004157,-0.449183,-0.092994,-0.203058,-0.232884,0.026727,-0.129703,-0.284886,0.140698,-0.128467,-0.154956,-0.186193,0.066386,-0.032882,-0.032413,-0.039471,-0.036519,-0.172759,0.046578,0.024369,0.113677,0.140115,0.032558,-0.162484,-0.039842,-0.060339,-0.064206,-0.145114,0.017652,0.025744,0.101775,-0.118549,-0.068082,-0.124295,-0.29096,-0.127443,-0.202929,-0.111011,-0.00856,-0.070219,-0.017963,0.104592,0.075971,-0.2404,-0.073253,0.039608,-0.069047,0.020329,-0.043546,-0.17106,0.164906,0.042145,0.015035,0.057747,0.049,-0.002268,-0.006534,0.04267,0.07292,0.273236,0.111806,0.038626,0.059185,-0.013631,0.10489,0.052254,0.045576,0.056104,0.164107,-0.124195,-0.11568,0.198638,0.174873,-0.131786,0.034376,-0.037267,-0.016753,0.199895,0.246261,-0.231246,0.08354,-0.024514,-0.018822,0.234437,0.05547,0.072289,0.171847,0.102543,0.299401,0.259593,0.144438,-0.141749,-0.08607,0.233464,#
6,0.183058,-0.077237,-0.034825,-0.286861,0.17516,0.259359,1.0,0.21505,0.273067,-0.003172,0.219932,0.164509,0.045988,0.046424,0.137849,0.234852,-0.034188,-0.071355,0.139868,-0.125519,0.095111,0.185816,0.012854,-0.210042,-0.119182,-0.060688,0.072286,-0.172316,0.246001,-0.031112,-0.322364,0.090324,0.209467,-0.282691,0.052606,0.129243,0.079879,-0.07995,-0.244007,-0.174262,-0.058863,-0.012976,-0.065281,-0.174819,0.00146,-0.07029,0.117589,0.083235,0.101644,0.134318,-0.070346,-0.133699,0.013973,-0.005934,-0.028798,-0.141352,0.142839,-0.105277,0.051412,0.207214,0.084402,0.150736,-0.171703,0.140302,-0.177991,-0.14834,0.076006,0.020956,0.184161,-0.055186,0.02986,-0.283411,-0.051855,-0.121406,-0.183521,0.117269,-0.048328,-0.224611,-0.537354,-0.19865,-0.1515,-0.188727,-0.11694,-0.217218,-0.24414,0.127121,-0.226357,-0.212596,-0.047271,-0.151983,-0.137121,-0.197699,0.062257,-0.279406,-0.203399,-0.010766,-0.286699,-0.409114,-0.409722,-0.073685,0.099947,-0.320672,-0.200852,-0.280483,0.066467,-0.088288,-0.041407,-0.2418,-0.256986,-0.084462,-0.16138,0.012583,-0.103989,-0.105144,-0.101816,-0.280022,-0.401826,-0.181582,-0.069789,-0.191371,-0.086776,-0.095566,-0.069148,-0.280131,-0.314573,0.111646,-0.282059,0.192014,-0.049971,-0.383022,-0.052262,-0.191298,-0.188489,0.025065,-0.147739,-0.113671,0.084646,-0.359551,-0.078817,-0.154669,-0.06223,-0.282157,-0.188162,-0.05048,-0.242836,-0.093954,-0.24684,0.207246,-0.0287,-0.219827,-0.169485,-0.08655,-0.220283,-0.101406,0.010841,-0.318269,0.082874,0.303858,-0.257936,-0.260965,-0.108006,-0.281131,-0.075165,0.053354,-0.096939,0.311553,-0.039697,0.195377,-0.061606,-0.24651,0.064116,0.237713,-0.098112,-0.154093,0.161253,-0.16624,-0.163303,0.367806,0.233156,-0.233798,0.271755,0.179472,0.241629,0.35645,0.127161,-0.066912,0.105577,-0.081976,0.076921,0.083955,-0.21383,0.224477,0.306618,0.199018,0.069464,0.257111,0.286797,-0.1781,-0.086206,0.030996,#
7,-0.076179,-0.271894,0.0197,0.012261,0.10801,0.368776,0.21505,1.0,-0.113619,-0.257676,-0.028679,-0.208504,-0.063147,0.257176,0.216916,-0.159061,0.035373,-0.27962,0.022021,-0.120451,-0.015802,0.22952,-0.049271,-0.318331,0.008376,0.1164,0.197611,-0.045303,-0.055639,-0.09181,0.068632,0.182494,0.20002,-0.161439,-0.03652,0.053431,-0.004455,0.14704,0.012057,-0.355118,-0.01009,0.248466,0.214415,0.061788,-0.071698,0.045601,0.118248,-0.115462,-0.017476,-0.187906,-0.310214,0.039058,-0.057171,-0.284849,0.075876,0.15321,-0.03438,0.053286,-0.097904,0.123392,-0.070465,0.080003,-0.3363,0.200336,0.132325,0.177622,0.032305,0.209268,-0.085229,-0.200742,-0.146545,-0.149095,0.220482,-0.122126,-0.009287,0.077892,0.193949,-0.049879,-0.289357,-0.021672,-0.058571,-0.189019,0.202988,-0.139417,0.014035,0.199682,0.009997,-0.027914,-0.056337,-0.073111,0.099665,-0.137588,0.062014,-0.271902,0.132021,0.23859,-0.202849,0.047385,-0.043053,-0.166034,0.100279,-0.211061,0.174939,-0.29905,-0.095615,-0.258067,0.208387,-0.301318,-0.014592,-0.209224,-0.162344,0.204496,0.047591,0.096096,-0.139282,0.172794,-0.071357,-0.088684,-0.128022,0.192363,-0.034046,0.023547,-0.144038,-0.126791,-0.027904,0.146506,-0.093035,-0.027914,0.12056,-0.041522,0.139628,-0.119146,-0.160986,-0.139196,-0.005239,0.036448,0.136805,-0.054744,-0.110075,-0.021416,-0.173992,-0.15047,-0.171557,0.076372,-0.093093,-0.228516,-0.054263,-0.120172,0.094057,-0.084078,0.13288,0.18839,0.216727,0.108128,0.118199,-0.155903,0.226863,-0.011495,-0.225124,0.052559,0.02487,-0.175919,0.077055,-0.000137,-0.112014,0.088536,-0.140762,0.041294,-0.130373,0.051988,-0.057872,0.095342,0.054988,0.136889,0.024622,0.050622,-0.190228,0.08622,-0.09047,-0.005194,-0.123603,-0.010844,0.134495,0.019534,-0.073185,-0.066558,0.062553,0.228258,0.110736,-0.144833,-0.094467,0.17878,0.002272,-0.026018,0.08749,0.24074,-0.050663,-0.045869,-0.019117,0.002987,#
8,0.388021,-0.012523,0.250402,-0.352522,0.260876,0.040931,0.273067,-0.113619,1.0,-0.067949,0.054373,0.371046,0.137296,0.212068,0.032522,-0.069333,0.079175,0.289543,0.26644,0.1209,-0.267671,-0.189663,0.169136,-0.167488,-0.060302,-0.173924,0.066931,-0.015563,0.195372,-0.090025,-0.140066,0.148945,-0.14879,-0.06171,-0.17142,0.135868,0.35977,-0.186269,-0.019742,-0.193932,-0.111626,-0.032314,-0.31102,-0.018378,0.142709,-0.218367,0.377828,0.309647,-0.081772,0.320705,0.216213,-0.102586,0.056111,0.214627,-0.158005,0.159784,-0.009673,0.070733,-0.015579,0.180382,-0.167564,0.066709,-0.123058,-0.03934,-0.08338,0.189326,0.297396,0.088247,0.2343,0.253435,0.229333,-0.20173,-0.249603,-0.098893,-0.133244,0.059304,-0.054122,-0.282941,-0.211846,-0.06925,-0.030146,-0.167115,-0.052835,0.200074,0.016308,0.136934,-0.290909,-0.238612,-0.026389,-0.24002,0.063794,-0.03253,-0.00347,0.085347,-0.24849,0.037611,-0.081639,-0.320261,-0.097414,-0.059054,-0.146623,-0.309055,-0.319044,-0.08683,-0.009135,0.107747,-0.070229,0.053775,-0.095379,-0.033517,0.095191,-0.152894,0.250427,-0.012769,0.084903,-0.416296,-0.214037,-0.172881,0.254363,-0.298387,-0.024652,0.022491,-0.104978,-0.466495,-0.160752,0.047143,-0.14839,0.116054,-0.069269,-0.233228,0.332116,0.177162,-0.126348,-0.01538,-0.0209,-0.193826,0.141532,0.070509,0.202532,-0.010468,0.225666,-0.063711,-0.260648,-0.134595,-0.158082,-0.184834,0.02157,0.358141,-0.056477,-0.09646,0.001239,-0.044041,0.065541,-0.090254,-0.023496,-0.236662,0.126215,0.33808,0.023492,0.011814,-0.02047,-0.190926,0.027832,0.319987,0.206399,0.010848,-0.017175,0.028412,0.017326,-0.072029,-0.027299,0.260332,0.114624,-0.042793,-0.135495,-0.080093,-0.001541,0.224184,0.120064,-0.295832,0.301698,0.181536,-0.170609,-0.085576,0.032804,0.248603,0.171203,0.086687,-0.454479,0.21036,0.148512,-0.152063,0.056068,0.128691,-0.156218,0.057168,0.140032,-0.160222,0.166843,0.114751,#
9,0.028202,0.127694,0.034056,-0.006851,0.067147,-0.161832,-0.003172,-0.257676,-0.067949,1.0,-0.221516,0.138085,0.239257,0.278887,-0.484706,0.001593,-0.357181,0.329139,-0.084251,0.154203,0.09387,-0.113255,-0.017104,0.043433,0.170723,0.060072,0.082314,-0.3873,-0.074924,0.29488,0.045963,-0.165193,-0.026137,0.211244,0.161976,0.252957,-0.0542,-0.287281,-0.278129,-0.060354,0.018963,0.135753,0.170447,0.191283,0.110462,-0.148427,-0.142684,0.169626,-0.103222,0.107255,-0.033697,-0.171404,0.025049,-0.072396,-0.182576,-0.252987,-0.002336,-0.058263,0.199572,-0.093029,-0.095543,0.104555,0.212974,-0.322261,-0.225405,-0.035173,0.161941,-0.030049,-0.014344,0.024059,-0.039821,-0.259092,-0.099406,0.005064,0.152547,-0.191062,-0.013799,-0.148959,0.194035,0.181084,-0.051784,-0.029916,-0.024964,-0.192011,0.230525,-0.332204,0.012016,-0.025862,-0.089962,0.233788,-0.266469,0.074207,-0.002416,0.298719,-0.079865,0.014847,-0.072678,0.009421,-0.009253,0.231953,-0.2213,0.174932,0.201882,0.274968,0.033431,0.077761,0.032413,-0.019208,-0.040089,0.006497,0.132081,0.189744,-0.00213,-0.003798,0.023156,0.015138,-0.128145,-0.024409,0.265215,-0.1869,0.122296,0.387654,0.005927,-0.023227,-0.192651,0.12843,-0.157663,-0.079227,-0.008617,0.325006,-0.111823,0.376948,-0.043644,0.651931,-0.138826,0.144108,-0.113898,-0.079349,0.12172,-0.082958,0.243862,-0.120407,0.270385,0.115313,0.216242,0.103546,0.200721,0.096396,-0.203543,0.306804,-0.344298,-0.135482,-0.06856,0.11829,0.245488,0.251014,0.063637,0.244313,0.128061,0.099967,0.088823,0.256775,-0.214318,0.433787,-0.017666,-0.081133,0.038454,0.0259,0.072593,0.117497,0.024473,-0.088178,0.052236,-0.205008,0.134624,0.177359,-0.055891,0.003416,0.220652,-0.069375,0.063198,-0.147144,-0.278333,0.017899,-0.152634,0.014933,0.09291,-0.029446,-0.306172,0.199709,-0.096015,-0.293763,-0.07934,-0.019278,0.046516,-0.187151,-0.126333,0.060198,0.316762,-0.116855,#
10,-0.209447,-0.121249,-0.070138,-0.086711,-0.316081,0.038487,0.219932,-0.028679,0.054373,-0.221516,1.0,0.04667,-0.233068,-0.273047,0.125435,0.131994,0.180843,-0.205213,0.157075,-0.025139,0.119141,0.30384,-0.139421,0.205902,-0.11553,0.291752,-0.232083,0.178905,0.156788,-0.019152,-0.061831,-0.081973,-0.2551,-0.14695,0.265557,-0.081208,-0.066089,0.160674,0.111546,0.229803,-0.267786,-0.13609,-0.108348,-0.248223,-0.006554,0.213385,-0.267788,-0.445541,0.11541,-0.069381,0.115465,0.141544,-0.091701,0.327894,-0.012302,0.100956,-0.024928,-0.148128,0.033938,0.045952,0.042668,-0.171952,0.192897,0.136831,0.179962,-0.081562,-0.081645,-0.146821,-0.192169,-0.092174,-0.21219,0.240591,0.177635,0.067054,0.051347,0.195309,-0.024032,0.104717,0.023754,-0.058616,-0.028063,0.114016,-0.260495,0.131342,0.009437,-0.069999,0.096943,-0.031784,-0.114454,0.014088,0.172972,-0.189186,0.076689,-0.096341,-0.038352,0.17773,-0.04953,-0.080532,-0.315373,0.028426,0.032598,0.019888,-0.299125,-0.018899,0.291447,0.043407,-0.123939,0.131019,-0.223734,0.452444,-0.235616,-0.218978,-0.174898,0.223875,0.052581,-0.099803,-0.058671,0.104594,-0.130153,0.198695,-0.119136,-0.091385,-0.010415,0.130486,0.038969,-0.090814,0.08248,0.01293,0.040151,-0.023434,0.17467,-0.195758,0.040201,-0.322275,0.306512,0.22705,0.076684,-0.102411,-0.15862,-0.004898,0.038307,0.230216,-0.162919,0.062548,0.059751,0.198623,-0.067666,-0.158162,0.21212,-0.272171,0.168494,0.079091,-0.278379,-0.091688,-0.257149,-0.379468,-0.305321,-0.023028,0.128536,-0.059493,0.125581,-0.115843,-0.137612,-0.123489,-0.077551,-0.079002,-0.259787,0.025687,0.228866,-0.114847,0.017243,-0.267735,-0.135223,0.005968,0.004106,-0.3635,-0.321922,0.152936,-0.196282,0.087406,0.076335,0.109172,0.093308,0.337896,0.019368,0.096165,-0.253336,-0.002313,0.444056,0.024704,0.021264,0.31981,0.004205,-0.096637,0.075284,0.099239,0.219452,-0.02339,-0.099546,0.070755,#
11,0.234538,-0.010591,0.03078,-0.159877,0.115326,0.194509,0.164509,-0.208504,0.371046,0.138085,0.04667,1.0,-0.004707,0.004555,-0.029779,0.115281,-0.08174,-0.032001,-0.168049,-0.136599,-0.120258,-0.04335,-0.050751,0.064702,0.206157,-0.092151,-0.069318,-0.319854,0.235159,0.146517,-0.260006,-0.000231,-0.319242,0.073636,-0.213918,0.384155,-0.067377,-0.174561,0.06908,0.122172,0.103844,-0.121044,-0.177964,-0.112215,-0.011413,0.076926,-0.006263,0.081429,0.184264,0.098945,0.158169,-0.127175,-0.104902,0.060095,0.096277,-0.023932,-0.266912,-0.073657,0.030206,0.008239,-0.164619,0.149585,0.115714,-0.03856,-0.00538,-0.14469,-0.0071,-0.078231,0.235323,-0.01598,0.06304,-0.240406,-0.131725,-0.123271,-0.184856,0.149022,-0.217934,0.027631,-0.107379,-0.280796,-0.072651,-0.125367,-0.013457,0.016987,0.014179,-0.036377,-0.261907,-0.318378,-0.004799,-0.108405,-0.125808,-0.051238,0.004848,-0.097408,-0.254492,-0.019684,-0.142072,-0.328509,-0.109955,-0.108745,-0.085512,-0.071605,-0.088292,-0.120676,-0.009742,0.040835,-0.157671,-0.19466,-0.266444,-0.166581,-0.234353,-0.02906,-0.160504,-0.130714,-0.031207,-0.180261,-0.118717,-0.210024,-0.010935,-0.219008,-0.029639,-0.096441,-0.119854,-0.180326,0.113736,0.005976,-0.126513,-0.158672,-0.076314,-0.292762,-0.08356,-0.059348,-0.060227,0.102132,-0.15669,-0.029801,0.020234,-0.070998,0.255364,-0.202347,0.109588,0.019854,-0.16621,-0.12756,-0.118889,-0.127817,-0.075619,0.082714,-0.069049,-0.39739,-0.242299,-0.058039,-0.112451,-0.090916,-0.108134,-0.307684,0.221826,-0.000247,0.037617,0.013762,0.120374,-0.047169,-0.102226,-0.027995,-0.142631,-0.020376,0.124,0.096256,0.236657,-0.120579,-0.056714,-0.026025,-0.008912,-0.351918,0.113724,-0.236754,-0.168397,0.058013,0.164157,-0.13931,0.232518,0.16859,0.049577,0.121366,0.25184,-0.131156,0.056436,-0.091409,-0.154698,0.355818,-0.029243,0.151468,0.14236,-0.019787,0.013962,0.035096,0.265385,-0.188215,0.014853,0.113743,#
12,0.122767,0.112926,-0.191389,-0.172418,0.299306,-0.194824,0.045988,-0.063147,0.137296,0.239257,-0.233068,-0.004707,1.0,0.210349,0.097344,0.262724,-0.100654,0.230416,0.110482,-0.035751,0.062742,0.11598,0.147791,-0.021879,-0.225152,-0.091371,0.211918,-0.030542,0.119539,-0.048833,-0.191986,0.2331,0.125593,0.031487,-0.024958,0.061324,0.317032,-0.26558,-0.185872,0.042649,0.037353,0.201708,0.13135,0.206456,0.184302,-0.008686,0.122548,0.155742,-0.046795,-0.025504,-0.059243,-0.345187,0.157873,-0.239167,-0.016785,-0.292902,-0.244938,0.329553,0.174564,-0.174751,-0.123306,-0.083286,-0.28849,0.062232,0.0969,0.248247,0.113849,0.020427,0.264415,-0.184079,-0.087613,-0.351901,-0.140387,-0.136263,0.009516,0.080685,-0.138456,-0.204277,-0.219093,-0.28233,-0.15325,-0.304922,-0.104169,-0.224078,-0.004724,-0.310481,-0.01268,-0.159186,-0.371298,-0.009152,-0.176473,-0.315753,-0.116005,-0.078849,-0.179629,-0.16028,-0.20993,-0.116023,-0.209292,-0.343703,0.138701,-0.131822,-0.228992,-0.237961,-0.106043,0.039864,-0.237862,-0.089147,-0.119569,-0.057798,0.176805,0.025903,-0.019787,-0.203986,-0.193116,-0.145515,-0.244763,-0.025887,-0.029919,-0.250817,-0.006714,-0.173997,-0.180491,-0.187896,-0.276958,0.012753,-0.319322,0.135701,-0.344656,-0.212027,-0.141241,-0.00806,-0.032209,0.073422,-0.239233,-0.186208,-0.046752,-0.030277,0.115456,-0.349267,-0.2092,-0.164221,-0.249441,0.083626,-0.285174,-0.083921,-0.061021,0.296897,-0.549262,0.053355,-0.016975,-0.133893,-0.010622,-0.174668,-0.185608,-0.147825,0.190198,0.241183,-0.461177,-0.237533,-0.151115,-0.105003,-0.253473,-0.041426,0.069282,0.16349,-0.176015,0.053238,-0.330358,0.029812,0.125845,0.239851,-0.138416,-0.165889,0.14478,0.000475,-0.070025,0.153703,0.246041,-0.349096,0.25917,0.10793,-0.032881,0.180342,0.130037,-0.160177,0.11783,-0.053959,-0.186008,0.201533,-0.259592,0.133692,0.312113,0.217662,0.018941,-0.006062,0.148806,-0.126902,0.0372,0.025587,#
13,0.050188,0.086132,0.138106,-0.083066,0.215816,0.25457,0.046424,0.257176,0.212068,0.278887,-0.273047,0.004555,0.210349,1.0,-0.018005,-0.19842,-0.070697,0.239164,0.122929,0.045285,-0.109029,-0.046607,0.100831,-0.298767,0.058587,-0.026616,0.203148,-0.108726,-0.008089,-0.02111,0.004924,0.322545,0.014981,-0.196562,-0.278808,0.293113,0.181359,-0.204104,-0.181872,-0.317041,0.002832,0.276533,0.189175,0.250372,0.009946,-0.289294,0.313143,0.213397,-0.058512,0.09462,0.008923,-0.039192,-0.007732,-0.159505,-0.357439,-0.073841,0.2273,0.143538,0.006347,0.076895,-0.079133,0.170137,-0.147222,0.009258,0.00137,0.264545,0.269861,0.250016,0.198426,0.105245,-0.055493,-0.208086,0.011374,-0.064818,-0.003576,0.041038,-0.001904,-0.249311,-0.122473,0.091785,0.116158,-0.293331,0.045063,-0.001217,0.084439,-0.002585,-0.10578,-0.279415,-0.261091,-0.066222,-0.205815,0.083023,0.001036,0.069423,-0.1838,-0.05856,-0.120102,-0.018253,-0.002914,-0.15562,-0.033951,-0.130448,-0.02174,-0.126591,-0.208026,-0.168592,0.165516,-0.340789,0.122077,-0.298812,0.144951,0.176907,0.020125,0.101284,-0.068859,-0.017567,-0.298269,-0.196204,0.391426,-0.280439,-0.030814,0.072105,-0.035169,-0.275531,0.033416,-0.033188,-0.322878,-0.094769,-0.123558,-0.082982,-0.057527,0.325068,-0.325227,0.142773,-0.063524,-0.167201,0.054199,0.170188,0.167967,-0.036546,0.013149,-0.329573,-0.131578,-0.251473,-0.123932,-0.135438,0.163657,0.323211,-0.324943,0.330923,-0.174218,0.165585,-0.024564,0.090953,0.229695,-0.089502,0.303845,0.419136,-0.132471,0.055216,-0.102201,-0.007952,0.039744,0.363067,0.146884,0.224132,0.062881,0.065291,-0.150984,0.15059,0.074176,0.230787,-0.095612,0.013603,-0.026178,0.043796,0.002182,0.067371,0.210693,-0.214646,0.068532,0.100414,-0.304558,-0.221592,0.15131,-0.04613,0.193677,0.105786,-0.393242,0.079878,-0.003942,-0.231708,0.214567,0.138971,-0.009735,-0.116661,-0.156125,-0.194473,0.364708,0.140897,#
14,0.263778,0.040009,-0.009529,-0.066873,0.093227,-0.054196,0.137849,0.216916,0.032522,-0.484706,0.125435,-0.029779,0.097344,-0.018005,1.0,0.193157,0.231346,-0.357922,-0.000732,-0.293137,-0.227647,0.126259,-0.02195,-0.084871,-0.257714,-0.066665,-0.098133,-0.040931,0.217706,-0.097726,-0.467516,0.346728,-0.130872,-0.091886,-0.057773,-0.204787,0.000278,0.193214,0.196149,-0.05794,-0.163581,-0.188078,-0.073942,-0.001083,0.002144,0.308976,0.39235,-0.323282,0.13136,0.119824,-0.03857,0.15764,-0.083965,-0.116997,0.08285,0.179344,0.002323,0.090671,-0.402546,-0.0141,0.176221,-0.067973,-0.010296,0.22939,0.183453,0.120283,-0.20613,-0.153887,0.00052,-0.2313,0.133815,-0.072429,-0.057929,-0.185904,-0.122853,0.130827,-0.13124,0.158939,-0.227061,-0.228737,-0.064137,-0.151114,-0.039523,0.001582,-0.229183,0.005823,-0.175225,-0.270078,-0.132561,-0.272678,0.078271,-0.175284,0.267995,-0.216071,-0.098301,-0.013815,-0.201571,-0.219068,-0.37974,-0.154809,0.095418,-0.073206,-0.164016,-0.260686,-0.249549,0.003418,-0.107966,-0.066722,0.121637,-0.108278,-0.33684,-0.126229,-0.201387,0.101503,-0.394332,-0.069577,-0.256175,0.069536,-0.239951,-0.025951,-0.175244,-0.248997,-0.045359,0.129831,0.215749,-0.120032,-0.034476,0.062808,-0.156577,-0.303945,0.074014,-0.483696,-0.343774,-0.481999,-0.104013,-0.151202,0.047834,-0.227506,-0.019331,-0.137796,-0.233932,-0.285722,-0.223197,-0.182619,-0.409854,-0.09048,-0.136109,-0.071573,-0.203208,-0.264963,0.025147,0.053043,-0.015596,-0.21661,-0.18695,-0.3221,0.026626,0.08437,-0.374365,-0.228494,-0.384938,-0.249456,-0.013625,-0.529891,-0.139891,0.095109,-0.046024,0.044868,-0.082779,-0.325632,-0.003134,0.146907,-0.308978,-0.052622,0.115307,-0.005018,0.048996,0.079295,-0.124429,-0.20348,-0.085993,0.369836,0.335331,0.128957,0.187014,-0.216309,0.171607,0.112519,0.301267,-0.044456,-0.266637,0.429321,0.234058,0.223039,-0.090074,-0.133921,0.176398,-0.160078,-0.084776,0.178349,#
15,0.05538,-0.084943,-0.314006,-0.049813,-0.040072,-0.148827,0.234852,-0.159061,-0.069333,0.001593,0.131994,0.115281,0.262724,-0.19842,0.193157,1.0,0.00043,-0.281945,0.027888,-0.257859,-0.039486,0.088723,-0.106426,-0.133783,-0.16091,-0.067285,-0.196999,-0.040469,0.054581,-0.024499,-0.224448,0.009742,0.09473,-0.084104,0.073953,-0.066055,-0.042291,-0.063103,-0.115074,0.343992,-0.184125,-0.167523,0.0877,-0.026522,0.032401,0.277608,-0.006741,-0.25175,0.184391,-0.047945,0.199459,-0.041451,0.147416,-0.06738,-0.016905,0.06974,0.118503,-0.049376,0.072762,-0.063287,-0.070448,0.08873,0.163476,0.221777,-0.152918,-0.208549,-0.192797,-0.018557,-0.110055,-0.355125,0.105964,-0.03608,-0.17916,-0.151885,0.046019,-0.072284,-0.129847,0.052499,-0.11659,-0.194437,-0.01177,-0.017149,-0.046717,-0.243105,0.075704,-0.124816,0.020517,-0.021838,0.008711,0.036359,0.095202,-0.057202,0.278793,-0.242225,-0.119371,-0.133818,-0.185926,-0.136137,-0.25814,-0.02476,0.090651,0.096968,-0.160269,0.013515,0.109585,0.099811,-0.316721,0.107887,-0.177434,0.020388,-0.422234,-0.281972,-0.142478,-0.049898,-0.179601,-0.164742,-0.056444,-0.021273,-0.289629,-0.001429,-0.030752,-0.178126,0.154108,0.210301,0.042914,-0.041775,-0.110399,-0.088378,-0.192021,-0.196437,-0.148313,-0.263104,-0.053515,0.09652,-0.134296,-0.051263,0.177731,-0.26728,-0.138948,-0.024409,-0.126833,-0.129834,0.016656,-0.069807,-0.333203,0.267214,-0.36619,-0.13764,-0.201542,-0.329029,-0.088638,-0.088184,-0.35536,-0.145934,-0.349633,-0.129676,-0.087023,-0.119846,-0.207465,-0.071497,-0.260355,-0.238646,-0.195848,-0.334397,-0.192955,-0.054809,-0.209292,0.280709,0.006097,-0.317983,-0.07903,-0.028971,0.047868,-0.063313,0.19034,-0.243291,-0.087663,0.079174,-0.177235,-0.087561,-0.057389,0.052367,0.457277,0.29958,0.179111,-0.092975,-0.014768,-0.209693,0.426788,-0.071225,-0.275268,0.373072,0.416206,-0.006213,0.031421,0.020072,0.273033,-0.04798,-0.143916,0.017121,#
16,0.126004,-0.174147,-0.205776,-0.039939,0.069615,0.022073,-0.034188,0.035373,0.079175,-0.357181,0.180843,-0.08174,-0.100654,-0.070697,0.231346,0.00043,1.0,-0.03245,0.060868,-0.008883,-0.12859,0.016942,0.145755,0.032442,0.067372,-0.049614,-0.338871,0.126002,-0.019791,-0.067148,-0.104623,0.095767,0.03761,-0.174626,0.017588,-0.187758,-0.114297,0.05045,0.134793,0.031836,-0.084831,-0.178684,-0.219306,-0.239247,0.138026,0.246597,0.184679,-0.243004,0.004765,0.112176,0.233163,0.084932,-0.011422,0.059098,0.069323,0.24785,-0.022293,0.086428,-0.207554,0.069795,0.203725,-0.223549,0.075533,0.227846,0.002262,0.01144,-0.103981,-0.115904,0.057032,0.09554,0.096394,0.013915,-0.092416,-0.223923,-0.233398,0.150461,-0.08283,-0.04232,-0.050291,0.065703,0.102293,0.002825,0.10002,0.08713,-0.073434,0.115975,-0.111465,-0.012083,0.046339,-0.106056,0.26039,0.020246,-0.094861,-0.072365,-0.087045,-0.261877,0.071231,-0.140786,0.037693,-0.248726,0.234654,0.096293,-0.312519,-0.127796,-0.033932,-0.140802,0.113088,-0.164583,-0.035132,0.07919,-0.224732,-0.146351,0.057714,-0.059995,-0.172721,0.057986,0.11228,-0.232244,0.282275,0.033511,0.035443,-0.007119,-0.25762,-0.13333,0.105584,-0.135757,-0.165526,0.096475,-0.232321,-0.095217,0.067803,-0.20715,0.130787,-0.144784,0.013631,-0.061323,-0.181074,-0.364216,-0.234901,-0.00622,-0.199908,0.055006,0.044166,0.091807,-0.262292,-0.03288,0.065383,0.066346,0.026031,-0.149822,0.122905,0.051638,-0.061743,-0.163909,-0.207236,-0.091448,-0.013251,0.15626,-0.142301,-0.017249,-0.110524,0.076969,-0.077554,-0.12031,0.114985,0.074028,-0.073736,-0.048745,-0.126018,0.155293,0.270326,-0.015837,-0.026915,-0.018981,-0.167763,-0.165193,-0.096559,-0.040651,-0.151668,-0.110257,-0.060203,-0.183597,0.203819,0.112483,0.101243,-0.058192,0.034505,-0.110808,0.041789,-0.166832,-0.102051,0.15853,0.045976,0.080275,0.149956,0.140883,0.12713,0.116688,-0.216709,0.097564,#
17,-0.018193,0.069695,0.264797,-0.035612,0.137485,-0.080388,-0.071355,-0.27962,0.289543,0.329139,-0.205213,-0.032001,0.230416,0.239164,-0.357922,-0.281945,-0.03245,1.0,0.229987,0.204172,0.105823,-0.141949,0.29293,-0.015767,0.129388,-0.183629,0.128626,-0.071576,-0.090452,0.06726,0.297644,-0.01563,0.119311,0.077872,-0.080698,0.12537,0.085494,-0.288514,-0.176036,-0.263626,0.026249,0.184071,-0.001419,0.027829,0.243994,-0.322947,0.107906,0.507895,-0.095851,-0.046119,0.132678,-0.104873,0.000346,0.043271,-0.235632,-0.10899,0.025922,0.002468,0.107773,-0.111057,-0.047702,-0.037306,-0.107111,-0.331255,-0.068141,0.12081,0.13704,-0.010837,0.125689,0.259,0.040284,-0.162277,-0.387468,0.109493,0.075757,0.117095,-0.012219,-0.315902,-0.005357,0.105707,-0.139986,0.047211,-0.137472,0.138852,0.242331,-0.004392,-0.109155,0.131299,-0.148553,0.119698,-0.15514,-0.060567,-0.34635,0.225363,0.012863,-0.128682,0.093603,0.076767,0.054477,0.020331,-0.130448,-0.152932,-0.109046,0.117925,-0.048601,0.114106,0.093724,0.160111,0.045638,-0.038203,0.410296,0.118498,0.237599,-0.139718,0.088031,-0.069736,0.026977,-0.055282,0.469578,-0.152281,-0.070666,0.208693,-0.117401,-0.273748,-0.176665,0.232725,-0.154335,0.098149,-0.100722,0.053263,0.106694,0.296783,0.040938,0.313643,-0.067903,-0.016,-0.000666,0.223495,0.220703,-0.119929,0.079837,0.100541,0.081394,-0.10745,0.089764,-0.11756,0.295739,0.304263,-0.224276,0.393359,-0.018823,-0.00078,0.131686,-0.111878,0.153689,0.162343,0.158262,0.3273,0.01681,0.294661,0.231503,0.226597,0.009019,0.519566,0.213096,0.010774,0.101975,-0.058572,-0.189737,0.24655,0.101118,0.129813,-0.011084,-0.079175,-0.109645,0.24548,0.134763,0.166494,0.350577,-0.172579,0.250665,-0.099765,-0.563502,-0.159531,-0.043848,0.080432,0.058418,0.1492,-0.439392,0.166543,0.154022,-0.347663,-0.058435,-0.082832,-0.155507,0.073845,-0.025154,0.000545,0.275153,-0.241271,#
18,0.032953,-0.102788,0.023228,-0.164855,0.00433,-0.095046,0.139868,0.022021,0.26644,-0.084251,0.157075,-0.168049,0.110482,0.122929,-0.000732,0.027888,0.060868,0.229987,1.0,-0.042706,-0.109288,0.25359,0.06785,-0.157502,-0.419611,0.014244,-0.103432,0.332487,0.046983,-0.209023,0.132013,0.192422,0.042685,-0.097915,0.008922,0.21762,0.093902,0.205981,0.050347,-0.109279,0.123708,-0.022523,-0.080907,0.051836,-0.070745,-0.192008,0.152042,-0.012754,-0.151431,-0.033476,-0.063835,0.151756,0.147578,0.013253,-0.177397,-0.040588,0.044924,0.05198,-0.039987,-0.148342,0.006671,-0.155767,0.033679,-0.047036,0.12066,0.120116,0.31054,-0.1223,0.00661,-0.112827,0.011984,-0.151804,-0.289454,0.069713,0.013011,-0.13989,0.144391,-0.479354,-0.110116,-0.026341,-0.075841,0.052986,-0.149321,-0.159905,0.060789,-0.015826,0.096965,-0.05821,-0.037145,0.274756,0.082501,0.136477,-0.120931,0.1074,0.02165,-0.077811,-0.008856,0.092858,-0.088461,-0.209315,0.042292,0.00682,-0.142265,0.103288,-0.091102,0.070254,-0.044025,-0.092086,0.302717,0.018101,0.044719,-0.042438,0.216275,0.13546,-0.062396,-0.14964,0.058463,0.204189,0.229289,-0.099741,0.01644,-0.039579,0.091515,0.002231,0.039596,0.030147,-0.103521,0.041541,0.110597,0.060476,0.26946,0.141543,-0.011563,-0.031953,0.031041,-0.04375,0.15019,0.037768,-0.101031,-0.109091,0.054899,0.09118,-0.047964,0.01053,0.075831,0.008028,0.003773,0.064808,-0.029899,0.082266,0.255323,-0.006648,0.124965,-0.211692,0.014987,-0.108559,0.082395,0.170611,-0.033391,0.115375,0.003076,-0.032898,-0.137908,0.030426,0.410506,-0.014206,0.159021,-0.008391,-0.20871,0.296066,-0.182141,0.320939,0.200275,0.089158,0.092465,0.088068,0.004266,-0.021568,-0.047303,0.113192,0.099941,0.173142,-0.12642,0.051335,-0.063096,0.140423,0.328247,-0.019357,-0.064206,-0.238165,0.115162,-0.047419,0.022167,-0.084446,0.021107,0.200082,0.037987,0.04067,0.203286,-0.114994,#
19,-0.126619,-0.077925,0.301824,0.146006,0.01809,-0.208434,-0.125519,-0.120451,0.1209,0.154203,-0.025139,-0.136599,-0.035751,0.045285,-0.293137,-0.257859,-0.008883,0.204172,-0.042706,1.0,-0.149335,0.010983,0.028449,0.080284,-0.053913,0.089677,0.024722,0.072053,-0.06004,0.103127,0.192219,-0.00175,0.055799,0.155773,0.165615,-0.06326,-0.058955,-0.091008,-0.217271,-0.124066,-0.13239,0.094919,-0.158034,0.084931,0.151295,-0.239796,-0.05602,0.115508,-0.141722,0.053308,0.063204,0.071999,-0.021156,0.172194,-0.294378,0.017707,0.09218,-0.087105,0.037917,-0.270985,-0.066905,-0.052434,0.016217,-0.132016,0.022838,-0.029191,0.396968,-0.023758,-0.008573,0.243342,-0.03943,0.072852,-0.036204,0.267952,0.031795,0.077861,0.005218,0.037466,0.04766,0.087216,0.157035,0.096812,0.069283,0.242533,0.160751,0.135192,-0.050582,-0.062698,0.104048,-0.047968,-0.098735,0.072994,-0.023926,0.130993,-0.048986,0.137389,0.208055,-0.078349,0.080601,0.012157,-0.263117,-0.18691,-0.114313,0.25957,0.024814,0.053035,0.059454,0.146837,0.077633,0.216814,0.551579,-0.120108,0.127769,-0.023616,0.151446,0.204019,0.244609,-0.066594,0.282243,-0.009075,-0.006742,0.230692,0.096398,-0.076459,-0.219507,0.188822,-0.026017,-0.016639,0.131837,-0.02724,0.129722,0.183343,0.025194,0.250955,0.190689,-0.047082,-0.148604,0.182969,-0.161035,0.206492,0.293782,0.077437,0.093108,-0.113496,0.084444,0.196886,0.375757,0.076543,0.071667,0.341143,0.02704,-0.002249,0.321165,0.249936,0.179334,0.26127,-0.042525,-0.011367,0.323911,0.170294,0.035347,0.127543,0.198055,0.401263,0.197781,-0.035956,0.148853,-0.041521,0.139907,0.085329,-0.030561,-0.076991,0.029037,0.234088,-0.061011,0.171068,0.217682,-0.159971,-0.116619,0.060201,0.041764,-0.105487,-0.331514,0.062075,-0.129176,0.274733,-0.147451,0.079857,-0.329117,0.054267,0.173483,-0.247764,-0.178328,-0.173742,-0.186097,-0.076096,-0.150044,0.255443,0.165049,0.018909,#
20,-0.308014,0.141913,-0.381176,-0.058428,0.121435,0.194295,0.095111,-0.015802,-0.267671,0.09387,0.119141,-0.120258,0.062742,-0.109029,-0.227647,-0.039486,-0.12859,0.105823,-0.109288,-0.149335,1.0,0.106888,0.192704,-0.056183,0.023064,0.125793,0.091454,0.054763,0.080872,0.394839,0.054185,-0.199797,0.194568,-0.057414,0.056513,0.082979,-0.06824,-0.190345,0.121812,0.031034,0.118424,0.033567,0.286004,0.048951,-0.118374,0.035194,-0.359412,0.163641,0.241341,-0.434786,-0.053526,-0.389182,0.032622,-0.06757,0.015992,-0.101808,0.048459,-0.139873,0.288918,0.123822,-0.08392,-0.179568,-0.150655,-0.019223,-0.228019,0.170355,-0.079091,0.219663,0.104689,0.060267,-0.163193,-0.080457,0.196547,-0.042428,0.049153,0.140407,0.191089,0.065415,-0.207021,-0.061726,-0.248489,-0.095942,-0.208647,-0.125685,-0.044597,-0.192434,0.006123,0.103513,0.053202,0.234263,-0.398151,-0.195771,-0.218736,-0.192246,-0.022932,-0.026445,-0.200537,-0.07444,-0.105965,0.133171,0.062492,0.068261,-0.061541,-0.274356,0.111611,-0.169806,-0.0523,-0.177174,0.007127,-0.15602,0.079487,0.186095,-0.27949,-0.276804,0.104693,0.002622,-0.063004,0.058469,-0.134459,-0.064042,0.077593,-0.111892,-0.008088,-0.124322,-0.179003,0.117319,0.050117,0.186956,0.043268,-0.041758,-0.286939,-0.054599,-0.19892,0.005602,-0.171183,0.046663,-0.261383,-0.113653,0.085688,-0.077081,-0.236539,0.075855,-0.118097,-0.086458,-0.089411,-0.124051,-0.026912,0.179417,0.048849,-0.096914,-0.183147,-0.124894,-0.190314,-0.195644,-0.251538,-0.084014,-0.111054,0.042576,-0.093284,-0.038792,0.219569,0.065449,-0.170523,0.104331,-0.289003,0.060065,-0.059189,-0.154687,-0.231885,0.247306,-0.000676,-0.149024,-0.208277,-0.131272,0.172961,-0.188639,-0.029214,-0.073259,0.001204,-0.031451,0.228191,-0.180323,-0.042064,0.204442,0.150292,-0.371431,-0.11018,-0.197671,0.161123,0.10251,-0.048944,0.24946,0.065407,-0.161323,0.04357,0.264729,0.052219,-0.087348,-0.23793,0.053445,#
