0,1.0,0.098807,-0.217153,-0.322698,0.20664,0.141828,0.371799,-0.129623,0.084709,0.092593,0.409839,0.003882,0.229337,0.290046,0.041921,0.137774,-0.113529,-0.403345,0.431356,0.034414,0.109493,0.012579,0.230818,-0.248266,-0.14489,-0.247899,-0.191545,0.030943,0.285062,0.125641,-0.137261,-0.022599,0.181136,-0.322928,0.220024,0.162076,0.209852,-0.058686,-0.089468,0.206252,-0.04183,0.176199,-0.085577,-0.131226,0.083567,-0.120174,0.030682,0.112489,-0.193414,0.093536,0.204071,-0.19606,0.092729,-0.031079,0.206765,0.077936,-0.239323,0.032365,-0.163657,0.01241,0.293162,0.075818,-0.071222,0.214735,-0.162185,0.048458,-0.141241,0.27029,-0.13327,-0.124837,0.205031,-0.028733,0.101834,-0.301817,-0.223202,0.256748,-0.404658,-0.190507,-0.198775,-0.04894,0.012455,-0.207999,-0.225193,-0.277145,-0.088406,-0.11413,-0.283112,-0.12243,-0.165456,-0.198021,-0.414308,-0.200141,-0.076235,-0.268183,-0.115659,-0.321021,-0.185933,-0.454279,-0.207441,-0.071656,0.312378,-0.04477,-0.217354,-0.364891,-0.235266,-0.273347,-0.114804,0.101602,-0.221781,-0.030765,0.005157,0.180825,-0.488693,-0.291735,0.078031,0.065897,-0.107408,-0.149972,-0.021477,-0.248882,-0.311778,0.004649,-0.026673,-0.030764,-0.145228,-0.027904,-0.094078,0.221989,-0.233903,-0.229179,-0.200183,-0.430514,-0.153868,0.115367,-0.083252,-0.179066,-0.129403,-0.0685,0.223013,-0.197222,-0.069449,0.263955,-0.047531,-0.161043,-0.282845,-0.090245,-0.195786,0.123993,-0.277814,-0.316515,-0.038004,-0.179779,-0.212314,-0.260699,0.200387,-0.141276,0.135904,0.120579,-0.398542,-0.018472,0.052507,-0.254413,0.045341,-0.296444,0.096421,0.004094,0.075613,0.036506,-0.304631,-0.19582,0.162375,0.018579,-0.078282,-0.01998,0.041544,-0.109558,-0.123451,0.074542,0.209658,-0.369886,0.013188,0.044107,0.011932,0.328199,0.128394,-0.106149,0.178158,-0.016492,0.133593,0.341299,-0.306755,0.170981,0.48075,0.008932,-0.010415,0.171176,-0.063201,-0.155438,-0.100799,-0.021069,#
1,0.098807,1.0,0.045013,-0.098743,-0.088427,-0.007073,0.18032,0.021326,-0.22696,0.232964,-0.065415,0.046943,0.106657,0.225411,0.12808,0.141902,-0.018784,0.080183,0.296215,-0.048145,0.28673,0.049336,0.15936,-0.190114,-0.057624,-0.258868,-0.101357,-0.093531,0.075897,0.119681,0.029461,0.151521,0.054438,0.037185,0.073246,0.002527,-0.012341,-0.247292,0.022006,0.01364,0.065193,0.276043,-0.053083,0.069158,0.132568,0.025683,0.10532,-0.039183,0.214936,0.24952,0.002726,0.023698,0.146903,0.059782,0.002876,-0.138829,0.155819,-0.246242,-0.186329,-0.089914,0.146402,-0.190263,-0.056349,0.011544,0.329966,0.206427,-0.277414,-0.00334,-0.070421,-0.100339,-0.080338,0.055849,-0.096663,-0.111507,-0.036194,-0.025866,-0.184567,0.024544,0.112645,0.053368,0.070692,-0.220309,-0.027222,-0.013077,-0.102546,-0.028325,-0.064116,-0.066069,0.021026,-0.007447,-0.181708,-0.010864,-0.034004,-0.159003,-0.005824,-0.051541,-0.015974,0.175676,0.298551,0.093573,-0.051981,0.012651,0.048312,-0.007961,-0.253021,-0.08329,0.071628,-0.032391,-0.270295,-0.024106,0.239719,-0.014049,-0.050606,0.126837,-0.030595,-0.02904,-0.063078,0.052289,0.056283,-0.173446,-0.020262,0.008571,-0.296018,-0.108447,-0.162284,-0.168234,0.033397,-0.013388,-0.244258,-0.090474,0.194458,-0.099033,-0.122243,-0.078592,-0.194721,-0.246769,0.114434,0.164319,0.095529,-0.196114,-0.020638,-0.1491,0.123433,-0.016565,-0.04063,-0.103403,-0.406945,0.081955,-0.078412,-0.090953,-0.042865,-0.011405,0.140711,-0.075396,-0.117358,0.01168,0.152483,0.00391,-0.064496,0.093434,-0.005817,0.039431,-0.120194,0.040504,-0.090635,0.285105,0.146508,0.163616,-0.057044,-0.381836,0.163158,0.21929,-0.12398,-0.111787,0.004675,-0.155959,-0.07029,0.029638,0.049402,-0.076228,0.096395,-0.042045,-0.025073,0.198446,0.258485,-0.141172,0.169828,-0.191051,0.058176,0.115294,0.003262,0.127487,-0.192933,0.084984,-0.122963,-0.07567,0.151793,-0.085316,0.010028,0.129134,#
2,-0.217153,0.045013,1.0,-0.295831,-0.070794,-0.130811,0.063139,-0.116074,0.081009,0.072621,0.013448,-0.159076,0.027277,-0.002738,-0.272655,0.049847,-0.160247,0.306496,0.05343,0.025234,-0.168866,0.098433,-0.095608,-0.011164,0.087532,0.085333,0.149828,-0.083741,0.020299,-0.172906,0.009411,0.18414,-0.331312,0.050373,-0.024967,0.111724,-0.024278,0.431038,0.053983,-0.181855,0.155831,0.03373,0.071118,-0.07564,-0.020518,-0.281637,-0.126197,0.046553,-0.014002,0.05849,0.191837,-0.138989,0.059697,-0.147779,-0.234458,-0.084146,-0.049632,-0.246088,0.231685,-0.110249,0.145132,-0.227336,-0.024653,-0.245895,0.254512,0.101995,0.186557,-0.016178,0.196427,0.312876,0.026104,0.143563,-0.337839,0.10015,-0.011632,-0.104014,0.033826,-0.095706,0.059251,0.028392,0.173241,0.105042,0.11339,0.20686,-0.137847,0.122727,0.069615,0.070089,-0.005944,0.158456,0.085112,0.040929,0.130404,0.239463,0.039966,0.056475,0.113296,-0.144964,0.175504,0.080591,-0.253822,-0.216354,0.104174,0.091371,0.278466,0.133551,0.089159,-0.019383,0.053121,0.062885,0.034483,-0.225357,0.11541,0.105449,0.295145,-0.138109,-0.075087,0.17867,-0.034319,-0.054581,0.064323,0.160973,0.023318,-0.261202,-0.069544,0.181068,0.355439,-0.027862,0.212551,-0.070613,0.262227,0.077266,0.069052,0.043058,0.095659,-0.131412,0.112754,0.317774,-0.051726,0.195997,-0.070985,0.127647,0.154785,-0.056435,0.056504,0.076834,-0.072002,0.106859,0.170465,0.234154,0.009092,0.185233,0.147206,0.108666,0.081295,0.034605,-0.037109,0.023645,0.304992,-0.061999,0.319016,0.049148,-0.086823,0.325932,0.032933,-0.150279,0.052175,-0.048802,0.084899,0.121347,-0.09489,-0.048918,-0.047166,-0.055914,-0.175131,0.081371,0.143508,0.030696,0.027867,-0.190996,0.143764,0.041495,-0.170273,-0.116506,-0.041694,0.147779,0.160203,0.209189,-0.173976,-0.219039,0.195088,-0.140558,-0.220474,0.253412,-0.080651,-0.175827,0.112543,0.245478,0.199246,0.14227,#
3,-0.322698,-0.098743,-0.295831,1.0,-0.082452,-0.174476,-0.326317,-0.136026,-0.291309,-0.337352,0.043878,-0.02935,-0.33957,-0.506932,0.000829,-0.266552,0.24145,0.060851,-0.153242,-0.177976,-0.005417,-0.166737,-0.348887,-0.003491,0.0919,0.273807,-0.052034,0.149733,-0.228002,-0.209994,0.112859,-0.223086,0.032215,0.052744,-0.028797,-0.043146,-0.26399,-0.01687,0.06747,0.188148,-0.100701,-0.306515,-0.021784,0.191207,0.023253,0.515733,-0.132682,-0.020874,0.193179,-0.205754,-0.143373,0.415381,0.01589,0.185613,0.069065,-0.242243,0.307894,0.287223,-0.039579,-0.067586,-0.502133,0.019771,0.180381,-0.113491,-0.199891,-0.317881,0.084826,-0.113814,-0.115406,0.029596,0.065941,-0.186365,0.217437,0.200622,0.194285,-0.124607,0.351113,0.148253,0.085537,-0.071387,-0.037588,0.311328,0.158865,0.07217,0.194959,-0.104292,0.14835,0.248063,0.127469,0.092059,0.03598,0.158002,0.119423,-0.156789,0.1619,0.283966,0.330574,0.097696,0.006914,0.279562,0.212937,0.251736,0.35163,0.235961,-0.004923,0.05506,0.23822,0.164723,-0.044183,0.064032,-0.130583,0.038626,0.301183,0.263451,-0.013362,0.081958,0.196121,0.109015,-0.080033,0.33589,0.260378,0.21967,0.062989,0.381214,0.30871,0.09569,-0.354229,-0.139448,0.066742,0.255648,-0.074694,0.374117,0.282467,-0.117309,0.127747,0.282644,0.045608,0.072322,-0.12858,0.233886,0.07396,-0.194958,0.246683,0.333781,0.408368,0.024221,-0.007636,-0.16027,0.329446,-0.030769,0.195407,-0.021095,0.041899,0.10145,0.061913,0.100491,-0.350702,-0.287981,0.192858,0.135971,-0.063549,0.139909,0.038622,-0.041987,-0.002724,-0.292964,0.13213,-0.06274,0.108186,0.049122,0.156426,0.150096,0.205595,0.344815,0.08234,0.166323,-0.033854,-0.036487,-0.419757,0.509211,-0.385089,0.085753,0.224227,-0.204789,-0.159316,-0.084454,-0.245674,-0.002122,0.338572,-0.043277,0.084888,-0.024392,-0.133983,-0.196501,0.069016,-0.055639,-0.021975,-0.122978,-0.249456,-0.290221,#
4,0.20664,-0.088427,-0.070794,-0.082452,1.0,0.064604,-0.007623,-0.107083,0.089187,-0.086733,0.315484,0.012485,-0.054524,-0.242512,-0.117619,-0.061667,0.246649,-0.197118,-0.07774,-0.14605,-0.272481,-0.285008,0.081061,0.005281,-0.010194,-0.03814,-0.183474,0.003927,-0.053829,-0.069037,-0.389038,-0.191586,0.096563,-0.207335,0.113366,0.075894,-0.066866,-0.199384,0.116505,0.346975,-0.160923,-0.381698,-0.207643,-0.025685,-0.095629,0.200774,-0.180448,-0.103407,0.114506,0.280835,0.012788,-0.104897,-0.128447,0.20442,0.082188,0.036529,0.009572,0.188583,0.023403,0.191181,-0.149442,-0.239158,-0.029136,-0.094194,-0.304877,0.016944,0.624939,-0.085295,-0.054539,-0.357099,-0.028951,-0.128054,-0.03963,0.158325,0.166228,-0.000639,-0.249469,-0.186668,-0.193921,-0.200994,-0.310415,0.181807,0.10922,-0.089539,0.057857,-0.114327,0.113506,0.061714,0.068311,-0.12872,0.156381,0.152614,0.154138,-0.052597,0.060566,0.068107,0.20378,-0.012492,-0.180669,-0.07061,0.119868,0.111139,0.073627,-0.125161,0.082263,-0.035667,-0.034644,0.050064,-0.11524,0.229829,0.012844,-0.016219,-0.087301,-0.056942,-0.158313,0.302895,-0.082242,0.339468,-0.337757,-0.061513,-0.339729,0.016365,0.044424,-0.002931,0.084427,-0.005294,-0.143775,0.003026,-0.022531,-0.234176,-0.097727,-0.250199,-0.065331,-0.200772,0.015946,0.05469,0.186295,0.029356,-0.233381,0.03433,0.028863,-0.170323,-0.210836,0.173287,-0.20494,-0.372999,-0.004061,-0.006383,0.127622,-0.030104,0.13094,0.044444,-0.20945,0.107443,-0.049755,-0.148257,0.044735,0.042361,-0.216429,0.247694,-0.374174,-0.27689,-0.143771,0.14362,0.079531,-0.063397,-0.035167,0.003066,-0.093741,0.338553,0.166781,-0.138768,0.20791,-0.026105,-0.035863,0.215562,0.0566,0.076566,0.068407,-0.013451,-0.16701,0.293639,0.093965,-0.073427,0.141442,0.043708,-0.058776,0.073235,0.255023,-0.060898,-0.015427,0.187764,0.213526,-0.002758,-0.229942,0.177921,-0.055385,0.140245,-0.128649,-0.251776,#
5,0.141828,-0.007073,-0.130811,-0.174476,0.064604,1.0,0.369425,0.437767,0.103239,0.126489,0.037322,0.213575,0.132205,0.16741,0.049472,0.021338,0.074923,-0.023659,0.244558,-0.201233,0.060222,-0.019679,0.197331,-0.078119,-0.059749,0.13859,0.065793,0.036966,0.242046,0.234718,-0.330451,-0.013687,-0.073292,-0.017818,-0.059065,0.058212,0.0587,-0.159047,-0.052684,-0.082314,-0.155496,0.184035,-0.119848,-0.15765,0.054732,-0.085765,0.135503,-0.177185,-0.014106,0.184329,-0.03065,-0.00465,0.2387,0.190664,0.131478,0.192012,-0.165075,0.135086,-0.265196,0.086078,0.114726,-0.114978,-0.061734,0.32258,-0.207628,0.1675,-0.046084,0.18969,-0.083196,-0.372153,0.139776,0.030814,-0.105862,0.059477,-0.088606,0.283438,-0.176943,-0.059725,-0.217404,-0.117742,-0.233298,-0.380143,-0.174508,0.226678,-0.220279,-0.22252,-0.143754,-0.010142,-0.077639,-0.271344,-0.067419,-0.266848,-0.229518,-0.116323,-0.116395,-0.089301,-0.221481,-0.355101,-0.146334,-0.436639,0.225012,0.005195,-0.097928,-0.279207,-0.357398,-0.313732,-0.063713,0.157063,-0.315515,-0.07044,0.068409,0.407521,-0.389333,-0.362038,0.009512,-0.091751,-0.169717,0.144401,0.237235,-0.151137,-0.089393,-0.264915,0.007822,-0.15954,-0.241068,-0.042148,-0.024102,-0.06008,-0.410303,-0.088679,-0.157824,-0.178436,-0.129038,0.074404,-0.498304,-0.128589,0.212305,0.102505,0.07441,-0.240361,-0.178442,0.026266,-0.19158,0.003568,-0.161357,-0.315944,0.174653,0.094667,-0.35212,-0.140635,-0.123787,-0.287525,0.073288,-0.170579,0.15898,-0.263695,0.093271,0.081484,-0.52292,-0.204254,-0.223893,-0.138616,0.108327,-0.286848,0.074959,0.00976,-0.212567,-0.133489,-0.16535,-0.122719,0.105515,-0.201568,-0.181692,-0.193236,0.23012,-0.168007,-0.039557,0.040678,0.19336,-0.160314,0.338417,0.048008,0.014273,0.094286,0.511221,-0.093926,0.120264,-0.024882,-0.091581,0.204102,-0.072678,0.044449,0.209744,-0.11254,-0.291775,0.13096,0.162711,-0.177184,-0.224155,-0.052746,#
6,0.371799,0.18032,0.063139,-0.326317,-0.007623,0.369425,1.0,0.196638,0.33453,0.272089,0.104334,0.1162,0.229614,0.416723,-0.036312,0.26662,0.069737,0.188555,0.337613,0.07762,-0.111057,0.104299,0.274152,-0.138846,0.018597,0.064972,0.000317,-0.044453,0.486534,0.043752,-0.287617,-0.083671,-0.082483,-0.285996,0.00614,0.073867,0.173901,-0.214073,0.210616,-0.081487,0.11742,0.22815,-0.014627,-0.111659,0.139802,-0.312184,0.030382,-0.128297,-0.183016,0.168117,0.04341,-0.279019,0.143236,0.018924,0.371181,0.039372,-0.135966,-0.219502,-0.061829,-0.150048,0.385569,0.088979,-0.091345,0.328683,0.081612,0.368206,-0.132987,0.300579,0.051694,-0.230378,0.167334,0.171765,-0.205622,-0.498102,-0.316179,0.264483,-0.420582,-0.377467,-0.228661,-0.204653,-0.234466,-0.297504,-0.263274,-0.099509,-0.550265,-0.153964,-0.297716,-0.262915,-0.323943,-0.44315,-0.471752,-0.448161,-0.558577,-0.123813,-0.291958,-0.49145,-0.233182,-0.448642,-0.244568,-0.277125,0.030373,-0.079921,-0.344,-0.352738,-0.37124,-0.401867,-0.069766,-0.101197,-0.212677,-0.241763,-0.010559,0.113961,-0.40536,-0.44519,-0.005814,-0.258402,-0.189322,-0.09071,0.177488,-0.380335,-0.351409,-0.281738,-0.249146,-0.357316,-0.235346,-0.236974,0.057176,0.091727,-0.37872,-0.35071,-0.326945,-0.411569,-0.376097,0.027622,-0.329441,-0.381895,0.112384,-0.16375,0.129198,-0.492796,-0.271493,0.02185,-0.196646,-0.404664,-0.483971,-0.270845,-0.229876,0.565597,-0.430953,-0.34064,-0.21504,-0.381455,-0.231437,-0.274942,-0.036243,-0.35912,0.21557,0.453152,-0.349837,-0.302501,0.03704,-0.31715,-0.007757,-0.130289,-0.08931,0.234459,-0.118669,-0.052976,-0.491705,-0.126404,0.175247,-0.125532,-0.184399,-0.274175,0.304364,-0.429242,-0.05011,0.258508,0.430454,-0.568431,0.413215,0.057733,-0.080126,0.323536,0.268381,-0.374445,0.015085,-0.023557,-0.204623,0.212008,-0.373242,0.210315,0.294204,0.153062,-0.225856,-0.13098,0.154517,-0.182755,-0.195133,0.287177,#
7,-0.129623,0.021326,-0.116074,-0.136026,-0.107083,0.437767,0.196638,1.0,-0.132241,0.328324,-0.308521,0.001837,0.426053,0.29837,0.243834,0.134629,0.109947,0.187231,0.119516,-0.153925,0.212491,0.227868,0.099804,0.058198,-0.055449,0.026917,-0.013164,-0.310832,0.137825,0.185748,-0.15931,-0.077093,0.135306,0.083515,-0.256984,-0.123008,-0.039793,-0.140266,-0.061327,-0.441888,0.053308,0.172435,0.087587,-0.205862,-0.110858,-0.276296,0.224437,-0.242535,-0.025515,-0.001157,-0.206697,-0.103795,0.164618,-0.041962,0.286034,0.229544,0.051957,-0.242157,-0.207067,0.240145,0.188287,-0.17889,-0.147525,0.260369,-0.064412,0.377026,-0.044687,0.273654,-0.258435,-0.095962,-0.034636,0.328106,-0.389006,0.001158,-0.016175,0.067286,0.008513,0.115607,0.003427,0.042838,-0.03643,-0.42314,-0.225345,-0.087637,-0.110328,-0.096112,-0.019393,-0.015207,0.170408,0.059533,0.050375,-0.272058,-0.153711,0.069765,-0.009008,-0.051523,-0.184025,0.012041,0.062682,-0.431275,-0.066386,0.086843,-0.179726,0.01342,-0.210759,-0.037791,-0.28985,-0.056534,0.020563,-0.231216,0.033245,0.14923,-0.13848,-0.135292,0.073276,0.01614,-0.061193,-0.062584,0.081893,-0.170094,0.104843,-0.560119,-0.03607,-0.11307,-0.208002,-0.093332,-0.015116,-0.130712,-0.211798,-0.018384,-0.201598,0.059178,-0.089925,-0.018852,-0.241564,0.034886,0.19745,-0.253825,0.041511,-0.328259,-0.229909,-0.171651,-0.25763,-0.0473,-0.327,-0.164093,0.073636,0.120201,-0.154734,-0.113889,-0.099755,-0.05779,-0.101569,-0.21258,0.063062,-0.423402,0.134956,0.324014,-0.214625,-0.057546,-0.01046,0.012585,-0.133592,-0.081258,0.316851,0.082652,-0.267138,0.095788,-0.00545,0.232116,-0.103571,-0.014784,-0.278926,-0.129186,0.294342,-0.256519,-0.095735,-0.140847,0.274216,-0.102712,0.240987,0.207427,0.112325,-0.105421,0.18977,0.005254,-0.046621,-0.097645,-0.305773,0.167988,-0.204986,-0.195808,0.044485,-0.070896,-0.077855,-0.047868,0.04976,-0.082358,-0.310249,0.264976,#
8,0.084709,-0.22696,0.081009,-0.291309,0.089187,0.103239,0.33453,-0.132241,1.0,0.14898,0.01046,0.189868,-0.077016,0.099035,0.027697,-0.105376,-0.191237,0.046242,0.076178,0.060734,-0.139799,0.129247,0.122161,-0.024161,0.053497,0.208756,0.089945,0.295937,0.081491,0.055459,-0.301981,-0.10871,-0.037408,0.012255,0.047088,0.023197,-0.073862,-0.024713,0.234318,-0.023303,0.149494,0.070502,-0.139352,0.058088,0.11528,-0.05638,0.019435,0.077182,-0.035559,-0.021485,0.006195,-0.098081,0.024327,0.161379,0.171624,0.338196,-0.260087,-0.027672,-0.044076,0.036927,0.100354,0.072691,0.080893,0.1955,0.014229,0.034356,-0.006143,0.187838,0.3319,-0.137039,0.004047,0.069959,0.094617,0.032646,-0.208505,0.074716,-0.06186,-0.241585,-0.085076,-0.013298,-0.112489,-0.039687,-0.107384,-0.139427,-0.241341,0.149528,-0.254634,-0.156534,-0.066629,-0.421384,0.034523,-0.252121,-0.299112,0.088482,-0.088073,0.031668,-0.095013,-0.226212,-0.418045,-0.149131,-0.004976,0.133308,-0.0454,-0.082915,0.034405,-0.251604,-0.06688,-0.047883,-0.090966,0.012073,-0.134065,-0.119101,-0.12279,-0.222414,0.083118,-0.100178,0.152243,-0.027185,-0.055083,-0.047744,0.046894,0.01199,0.086173,-0.237249,-0.061965,0.04283,0.289292,-0.031285,-0.048123,-0.027551,0.007373,-0.141634,-0.368549,-0.099454,-0.112411,0.004435,-0.104871,0.048377,-0.035791,-0.009271,-0.128792,0.051762,-0.103239,-0.152405,-0.163439,-0.366583,-0.188125,0.075348,-0.154229,-0.034501,0.130608,-0.121133,-0.105581,-0.156396,0.196157,-0.110139,0.169799,0.219011,-0.148595,-0.196807,-0.128701,-0.000819,0.077421,-0.085365,-0.336864,-0.120427,-0.009495,-0.141193,-0.181113,-0.011775,-0.063185,-0.208935,0.022895,0.002919,0.308246,0.101305,0.087717,0.114932,0.335175,-0.258016,0.198884,0.225547,-0.171994,0.0345,0.012318,0.112894,0.074806,0.118744,-0.252401,-0.143691,-0.056251,0.055945,0.080755,0.082521,-0.029608,0.106552,-0.036936,-0.189515,0.003888,0.015254,#
9,0.092593,0.232964,0.072621,-0.337352,-0.086733,0.126489,0.272089,0.328324,0.14898,1.0,-0.168811,-0.084688,0.383778,0.560977,0.081794,0.124615,-0.424336,0.312105,0.140637,0.116448,0.018149,0.13843,0.365842,0.078566,0.027531,-0.205821,-0.216087,-0.107122,0.181504,0.39114,0.085757,0.137387,0.223975,-0.220108,-0.038572,-0.042053,0.382349,-0.069807,0.067888,-0.439953,0.320905,0.308896,0.044523,-0.16154,0.009775,-0.470833,0.19099,0.247652,0.132164,0.046562,-0.221132,-0.200187,0.425529,-0.08771,0.283139,0.118329,-0.275355,-0.426712,-0.156769,0.205191,0.494746,-0.026311,-0.469365,0.109627,0.019126,0.34566,-0.001248,0.113886,-0.070144,0.042035,-0.028532,0.305721,-0.279127,-0.008435,-0.132082,-0.041869,-0.167601,-0.236055,0.011834,0.23715,-0.020083,-0.378781,-0.26996,0.120989,-0.304605,0.081355,-0.163225,-0.109906,-0.026141,-0.271419,-0.038913,-0.095951,-0.313816,0.082309,-0.154853,0.034729,-0.494784,-0.091984,0.140914,-0.355272,-0.320585,-0.089117,-0.329339,-0.051179,-0.101814,-0.192326,-0.34006,-0.3314,0.118023,-0.26684,0.336826,0.266125,-0.310654,-0.223894,-0.056025,-0.2822,-0.065047,-0.05909,0.354071,-0.379497,-0.17925,-0.353502,-0.08346,-0.232667,-0.313561,0.277122,0.389782,0.036181,-0.169988,-0.280952,0.037993,0.049563,-0.477412,0.042394,-0.407906,-0.322006,-0.110774,0.035496,0.0949,-0.281192,-0.044318,-0.151693,-0.277715,-0.400587,-0.388187,-0.101254,-0.269696,0.196742,-0.23327,-0.251014,-0.301085,0.10317,-0.101158,-0.492873,0.1121,-0.393866,0.596146,0.459214,-0.154073,-0.330062,-0.109022,0.017048,-0.097955,0.127149,0.230575,0.38416,-0.092114,-0.160185,-0.007355,-0.136239,-0.152657,0.085575,-0.240971,-0.23863,0.364609,-0.353536,-0.021406,-0.133459,0.510866,-0.364953,0.659789,0.27102,-0.559375,-0.126776,0.243815,-0.039362,0.291552,0.092027,-0.527852,0.090114,-0.277155,-0.153947,0.029268,0.283412,-0.191927,-0.037417,0.119021,-0.064635,0.181504,0.500542,#
10,0.409839,-0.065415,0.013448,0.043878,0.315484,0.037322,0.104334,-0.308521,0.01046,-0.168811,1.0,0.025554,-0.123953,-0.043486,-0.165181,-0.050304,0.063486,-0.327337,0.115227,-0.056565,-0.091272,-0.182564,-0.018897,-0.01783,0.103891,0.23082,-0.097224,0.10773,0.176923,-0.217477,0.03507,0.033617,-0.088935,-0.350644,-0.001148,0.229977,-0.012711,0.158744,-0.023301,0.236506,-0.264155,-0.357049,-0.092891,-0.002099,0.052444,0.174025,-0.310198,0.098951,-0.100132,0.213745,0.110324,0.021616,0.064474,0.069358,0.0373,-0.035316,-0.232768,0.35715,0.042872,-0.251655,-0.223619,0.013406,0.087018,-0.099805,-0.178257,-0.075811,0.174101,0.146923,-0.137555,-0.174203,0.093777,-0.095081,0.121647,0.038664,-0.04812,0.10358,-0.143507,-0.158466,-0.158703,-0.107328,-0.082036,0.127724,-0.066848,0.108589,-0.011949,-0.080898,-0.002638,0.119728,0.016749,-0.034815,-0.228748,0.137259,0.028183,-0.170159,0.035301,-0.056683,0.077882,-0.275776,0.013175,0.099546,0.221051,-0.082687,-0.027851,-0.326462,0.004805,-0.190767,-0.063332,0.246373,-0.142734,0.303814,-0.185976,0.04328,-0.262469,-0.066764,-0.006579,0.079535,-0.285546,-0.01777,-0.211031,0.023045,-0.339224,0.369191,-0.057435,-0.151701,-0.151838,0.008023,-0.195614,-0.025977,-0.148152,-0.236455,-0.144618,-0.319362,0.05176,-0.147887,0.011826,-0.013738,0.030465,-0.108054,-0.022088,0.018992,-0.058647,0.197076,0.035922,0.154565,0.158462,-0.146861,-0.173448,0.091724,-0.051919,0.016503,0.280478,-0.036023,-0.153241,-0.099139,-0.083905,0.022797,-0.30793,-0.061841,-0.109467,0.142973,-0.100074,-0.185341,0.11139,-0.114517,0.105856,-0.123062,0.028511,-0.207911,-0.151603,0.054359,0.208228,0.036853,0.183519,0.135854,-0.113136,0.12207,0.02541,0.087646,-0.06452,0.033901,-0.264933,0.070861,0.067279,0.036639,0.103537,0.071594,0.02171,0.160229,0.336655,0.184487,0.094651,0.250859,0.211881,-0.13638,-0.037433,-0.051344,-0.101399,-0.055529,-0.117684,-0.360171,#
11,0.003882,0.046943,-0.159076,-0.02935,0.012485,0.213575,0.1162,0.001837,0.189868,-0.084688,0.025554,1.0,-0.021003,0.158626,0.026062,-0.057134,-0.121289,-0.071457,0.023294,0.039283,0.181098,-0.102787,-0.006784,0.081057,0.099437,-0.008727,0.04859,0.113997,-0.046553,-0.019608,-0.028293,0.011609,-0.005262,0.053132,-0.057932,-0.006744,-0.10686,-0.01964,0.106343,-0.12548,-0.189195,0.174306,-0.196555,-0.15381,-0.078978,0.282859,-0.074853,-0.035481,0.020251,0.031369,-0.223846,0.059507,-0.140159,0.228737,0.045553,-0.049178,-0.311172,0.116717,-0.259509,-0.200362,-0.128755,-0.295992,0.026435,0.250904,0.024326,0.145724,-0.154965,0.207683,0.29263,-0.225061,0.042084,0.069174,0.146457,0.0519,0.034387,-0.052369,-0.035754,0.167735,-0.146575,-0.173987,-0.237113,-0.251768,0.028941,-0.046071,-0.148246,-0.292234,-0.149701,-0.121463,0.105506,-0.040013,-0.054397,-0.261221,-0.126193,-0.0428,-0.02512,-0.041259,0.138939,-0.019685,-0.171307,0.09652,0.163467,0.025287,-0.112232,-0.069772,-0.164114,-0.013583,-0.066478,0.102602,-0.128562,0.007308,0.027938,-0.060982,-0.24703,-0.133119,-0.036066,-0.001761,0.020898,0.133443,0.026135,-0.059742,0.01907,-0.012542,-0.043596,-0.069042,0.011041,-0.071107,-0.015524,-0.054026,-0.058076,0.115383,-0.123354,0.019931,-0.181923,-0.024035,-0.144483,0.175966,0.03389,-0.18785,-0.058504,-0.291476,-0.039515,0.172131,0.107687,0.029823,0.099962,-0.198059,0.03894,-0.048663,-0.133664,-0.056738,0.079143,0.181185,-0.054954,0.170801,0.201009,0.105308,-0.010966,0.061496,-0.097071,-0.222523,-0.139679,-0.088479,0.049414,-0.158225,-0.296131,-0.017216,0.040776,0.118818,0.172604,0.047208,0.177463,0.179494,0.063406,-0.095023,0.163035,0.047191,0.126966,0.287129,0.126908,0.236365,-0.07087,-0.074541,-0.003556,-0.096051,0.219318,0.192,-0.101729,-0.003406,0.205818,0.112099,0.009283,0.332125,0.063592,0.107302,-0.179889,-0.041023,0.011758,-0.233289,0.00642,-0.263851,#
12,0.229337,0.106657,0.027277,-0.33957,-0.054524,0.132205,0.229614,0.426053,-0.077016,0.383778,-0.123953,-0.021003,1.0,0.619675,0.082555,0.273249,-0.106151,0.269227,0.197977,0.0994,0.110129,0.092437,0.425674,0.057628,-0.096026,-0.318244,-0.050613,-0.118336,0.278172,0.233939,0.019949,0.054355,0.083309,0.065748,-0.227168,0.154303,0.222916,-0.150251,-0.134003,-0.119641,-0.035467,0.178069,0.169046,-0.231296,-0.227411,-0.434457,0.318851,0.094561,-0.001367,0.096458,0.004608,-0.203132,0.171561,-0.068432,0.151406,0.073168,0.003753,-0.377258,-0.064108,0.120805,0.447296,-0.128837,-0.217136,0.271035,0.062925,0.15776,-0.20566,0.228211,-0.028541,0.019161,-0.097329,0.187508,-0.381303,-0.270356,-0.267005,0.092022,-0.234016,-0.097983,-0.121408,-0.00609,-0.082548,-0.363642,-0.29956,-0.238069,-0.175388,0.023126,-0.140341,-0.024897,-0.060726,-0.059032,-0.233485,-0.14711,-0.36837,-0.048303,-0.182906,-0.213993,-0.352886,-0.172033,-0.098634,-0.425106,-0.077515,-0.310036,-0.30561,0.022465,-0.172798,-0.142078,-0.262218,-0.16436,-0.006813,-0.303931,0.113171,-0.016896,-0.28573,-0.259175,0.086627,-0.213456,-0.053958,-0.10285,0.075201,-0.243217,0.015427,-0.350826,-0.239001,-0.286496,-0.317893,-0.077081,0.165236,0.132537,-0.252507,-0.244615,-0.129724,-0.051975,-0.330502,0.1669,-0.112421,-0.148237,0.137033,-0.264973,-0.039019,-0.334924,-0.298842,0.02366,-0.13989,-0.304907,-0.374651,0.065656,-0.126693,0.315897,-0.306321,-0.202206,-0.337793,-0.109154,-0.059329,-0.269261,0.067881,-0.343436,0.293387,0.242755,-0.195508,-0.232281,0.130265,-0.130328,0.019236,0.004374,0.297505,0.218688,-0.054104,0.222862,-0.168643,-0.007963,-0.098406,-0.058221,-0.486912,-0.156816,0.124266,-0.214381,-0.241725,0.07429,0.205715,-0.367902,0.252096,0.102683,0.105808,-0.058168,0.199381,-0.075394,0.113695,0.124047,-0.261787,0.332964,-0.279526,-0.11624,0.114636,0.151453,0.072701,0.110885,0.082306,-0.076929,0.075564,0.375238,#
13,0.290046,0.225411,-0.002738,-0.506932,-0.242512,0.16741,0.416723,0.29837,0.099035,0.560977,-0.043486,0.158626,0.619675,1.0,0.220464,0.191899,-0.315981,0.091752,0.358628,0.269444,0.250262,0.226902,0.433474,0.073797,-0.090087,-0.222798,0.127047,0.122932,0.30047,0.223826,0.17488,0.230638,0.057825,0.018447,-0.249596,-0.116747,0.212685,0.039213,0.06826,-0.326859,0.063514,0.470625,0.029331,-0.200128,-0.059197,-0.497965,0.30428,0.200264,-0.127026,0.005847,0.008228,-0.241282,0.194095,-0.320612,0.064025,0.158956,-0.210441,-0.356629,-0.19959,-0.136057,0.590559,0.060527,-0.343422,0.183277,0.155293,0.321643,-0.200959,0.098318,-0.021993,-0.092844,-0.118296,0.322798,-0.162854,-0.221396,-0.310137,0.092289,-0.32587,-0.114191,-0.131225,0.175333,-0.042692,-0.478148,-0.353351,-0.070256,-0.332741,0.100042,-0.215551,-0.139036,-0.081235,-0.156095,-0.260996,-0.189311,-0.293645,-0.079763,-0.219681,-0.207349,-0.347554,-0.194632,0.047442,-0.390869,-0.201189,-0.200573,-0.418499,-0.240392,-0.246888,-0.127149,-0.265155,-0.363735,0.067866,-0.316756,0.102893,0.198252,-0.487418,-0.131016,0.139598,-0.274478,-0.195578,-0.154267,0.382798,-0.35444,-0.047384,-0.319646,-0.079639,-0.290819,-0.369466,0.02103,0.126276,0.044995,-0.31035,-0.336496,-0.132513,-0.171609,-0.417906,-0.020659,-0.159361,-0.266452,0.108618,-0.253498,0.129516,-0.487537,-0.080475,0.153998,-0.084997,-0.375577,-0.474611,-0.023907,-0.072645,0.315798,-0.416904,-0.117809,-0.187654,0.080869,0.013401,-0.339754,-0.022591,-0.239334,0.501417,0.291218,-0.166485,-0.338508,0.023549,-0.110717,0.10227,-0.191816,0.16327,0.419578,-0.014955,0.117159,-0.178664,-0.125483,-0.183024,-0.064727,-0.342074,-0.2761,0.17875,-0.31198,-0.022575,0.137476,0.435678,-0.418422,0.410592,-0.048152,-0.239723,0.039122,0.23656,-0.002227,0.025035,0.15377,-0.378066,0.252953,-0.298842,-0.089574,0.009758,0.266124,0.023112,-0.153777,0.03701,-0.211082,0.117458,0.348999,#
14,0.041921,0.12808,-0.272655,0.000829,-0.117619,0.049472,-0.036312,0.243834,0.027697,0.081794,-0.165181,0.026062,0.082555,0.220464,1.0,-0.114327,-0.052298,-0.064935,0.239231,0.120117,0.376421,0.083938,0.18583,0.175927,-0.177768,0.035755,0.284453,0.106095,0.080446,-0.005602,-0.074025,0.173846,0.143256,0.032999,-0.143759,-0.320499,-0.143471,-0.060055,-0.110549,-0.186018,0.146201,0.350366,0.011646,0.160329,0.289475,-0.151992,0.167639,0.06056,0.036731,-0.066857,0.086782,0.101252,0.084307,-0.136478,-0.024716,0.372443,0.073776,-0.170972,-0.148697,0.175757,0.161081,0.026547,-0.1286,0.169332,0.118673,-0.063746,-0.048601,-0.151192,-0.084603,-0.062056,0.017907,0.018498,0.148559,0.087687,-0.077039,-0.081691,-0.145905,0.191765,-0.208937,0.359635,0.068708,-0.213071,-0.028157,-0.054331,0.005094,0.212985,0.192857,0.01641,0.083973,-0.109267,-0.076019,0.01393,0.154254,-0.036618,0.031617,-0.002436,-0.125921,-0.078719,0.000888,-0.187356,-0.011433,0.166251,-0.138625,-0.258004,-0.185923,0.084861,-0.268677,-0.000838,0.080725,0.083106,-0.008837,0.123174,0.06652,0.067812,0.187572,0.00157,-0.076348,-0.069209,0.087446,-0.298229,0.086467,-0.214439,0.056552,0.090173,-0.142233,-0.183423,-0.021848,0.138299,-0.244342,0.053695,-0.050038,0.013357,-0.169166,-0.103086,-0.083538,0.035834,-0.155893,0.082496,0.054832,-0.132052,-0.103098,-0.05089,-0.081702,0.238128,-0.212231,-0.08386,-0.016651,-0.053712,-0.141678,0.131356,-0.116263,-0.127795,0.132967,0.174315,-0.146583,0.037571,0.2806,0.103175,-0.075413,0.210117,0.036299,0.032456,0.023748,-0.226549,-0.072156,0.141453,0.129039,-0.030231,-0.014767,-0.064539,-0.280935,-0.02624,-0.210444,0.186314,0.042979,-0.209261,-0.003001,-0.055199,0.273258,-0.076512,0.009671,0.188444,0.119064,0.017138,0.031418,-0.096256,0.245724,-0.072621,0.06689,-0.000481,-0.074701,-0.103348,0.06451,0.122348,-0.085074,-0.000106,-0.063228,-0.224038,-0.014109,-0.074706,#
15,0.137774,0.141902,0.049847,-0.266552,-0.061667,0.021338,0.26662,0.134629,-0.105376,0.124615,-0.050304,-0.057134,0.273249,0.191899,-0.114327,1.0,0.091881,0.249933,0.03986,0.112176,-0.144948,0.112785,0.254286,-0.183023,-0.018618,-0.123379,-0.098948,0.06434,0.231154,0.098663,0.160221,-0.052491,0.10797,-0.035181,0.040927,0.028109,0.234416,0.035444,0.083286,-0.083069,0.159429,0.03295,0.301656,0.10036,-0.229205,-0.21693,0.145831,0.043926,-0.001791,0.242278,0.174045,-0.096122,-0.009558,-0.01774,0.219897,-0.057468,-0.074573,-0.326731,-0.067691,0.187423,0.012691,0.230253,-0.0131,0.122265,0.018326,-0.067354,-0.028102,0.082645,-0.397805,0.052567,0.117852,0.285821,0.062106,-0.184182,-0.029561,0.257654,0.002405,-0.200122,0.219153,0.15388,0.117678,-0.141316,-0.153466,0.201352,0.089096,-0.161077,-0.107151,-0.310215,-0.078221,0.212909,-0.07171,-0.002919,-0.206294,0.13699,-0.085197,-0.303401,0.03674,-0.099856,0.163946,0.05566,-0.079756,0.058709,-0.309993,0.289447,0.003022,0.032496,0.100452,-0.025856,-0.020038,-0.096719,0.02913,0.012403,-0.053053,-0.102326,-0.089473,-0.01616,0.108876,-0.225003,0.065912,-0.080076,-0.048913,0.084794,-0.223235,-0.117992,-0.070585,-0.02742,-0.07128,0.298452,-0.11509,-0.188026,0.031851,-0.167432,-0.022243,0.280858,-0.012515,-0.125362,-0.099294,-0.281812,0.039723,-0.136782,0.033652,0.087763,-0.177818,-0.283623,-0.083797,0.22911,0.066254,0.246104,-0.208794,-0.263214,-0.12799,-0.14389,0.049347,-0.005366,0.017008,0.081558,0.015232,0.28058,-0.02199,-0.103919,0.242928,-0.128875,0.146776,-0.097958,0.233571,0.075432,-0.145607,0.25528,-0.185733,-0.109133,0.137552,0.174821,-0.040277,-0.168488,-0.137879,-0.102752,-0.134375,0.274162,-0.015933,-0.304103,0.264164,-0.173278,-0.109318,0.24999,-0.002724,-0.057324,0.215951,0.053328,-0.078374,0.000609,-0.081555,-0.183832,-0.000249,0.179224,0.059249,-0.042439,0.101262,0.003297,0.311673,0.404024,#
16,-0.113529,-0.018784,-0.160247,0.24145,0.246649,0.074923,0.069737,0.109947,-0.191237,-0.424336,0.063486,-0.121289,-0.106151,-0.315981,-0.052298,0.091881,1.0,-0.012083,-0.077495,0.034415,-0.099421,-0.133911,-0.11505,-0.223406,-0.295711,0.155703,-0.113093,-0.024853,0.057355,-0.295859,-0.24243,-0.107615,0.092593,0.124894,0.131784,0.119092,-0.312898,-0.240714,-0.076071,0.263123,-0.174066,-0.361005,0.01968,0.162075,-0.125103,0.220119,-0.224992,-0.47564,-0.037035,0.195428,0.198464,0.00701,-0.223574,0.140175,0.201969,0.095923,0.349965,0.053448,0.037574,-0.053925,-0.392695,0.082426,0.310292,-0.124274,-0.252523,-0.161255,0.134147,0.068401,-0.333579,-0.168768,-0.04872,-0.274887,0.029991,-0.139228,-0.001833,-0.077554,0.223816,-0.07362,0.122547,-0.062369,-0.047925,0.239857,0.193426,-0.072139,0.098121,0.057994,0.191974,-0.149539,-0.051736,0.172482,0.024201,0.108169,-0.003393,-0.041826,0.20612,-0.004456,0.299142,-0.098982,-0.102844,0.222957,0.050959,0.241618,0.25474,0.156465,-0.049836,-0.058323,0.228261,0.008191,-0.035499,-0.006854,-0.302043,-0.164215,0.220338,0.182544,-0.281192,0.099185,0.201637,0.067684,-0.241317,0.062598,-0.067295,0.050026,-0.190857,0.034107,0.163745,-0.302652,-0.372948,-0.165439,0.017743,0.084124,-0.059322,-0.230269,0.233525,0.017961,0.265272,0.137873,0.327635,-0.226188,-0.261402,0.102573,0.119414,-0.126649,-0.013559,0.292325,0.056826,-0.046723,0.100342,-0.030209,0.044155,-0.09983,0.128019,-0.134792,0.11762,-0.021574,-0.058161,-0.025107,-0.355723,-0.094588,-0.012913,0.363777,-0.125893,0.053685,0.09215,-0.246955,-0.167762,-0.148959,0.123791,-0.026408,-0.13207,0.170942,0.099272,0.037452,0.041717,0.008242,-0.222478,0.132948,-0.051147,0.042256,-0.228979,0.04998,-0.34013,0.022386,0.596409,0.048693,-0.20607,-0.218731,-0.113096,0.058138,0.314248,-0.176053,0.053611,0.095972,-0.167731,-0.354221,0.023486,0.054226,-0.022356,0.028088,-0.260988,-0.134909,#
17,-0.403345,0.080183,0.306496,0.060851,-0.197118,-0.023659,0.188555,0.187231,0.046242,0.312105,-0.327337,-0.071457,0.269227,0.091752,-0.064935,0.249933,-0.012083,1.0,-0.093733,0.200452,-0.180455,-0.077421,0.062331,-0.012986,0.187657,0.156515,0.085305,-0.036442,0.088171,0.07737,-0.072928,-0.201986,-0.083996,0.063503,-0.134945,0.042188,-0.037087,0.006702,0.08845,-0.287841,0.093016,-0.020348,0.206464,0.08193,-0.11341,-0.176963,0.029614,0.087314,0.172269,0.059417,-0.008495,-0.012231,0.076103,0.162017,0.127814,0.028461,0.142538,-0.29752,-0.014559,0.069914,0.109291,-0.130051,-0.135214,0.115234,0.11138,0.103257,0.07873,0.037403,0.000725,0.148978,0.08538,0.174852,-0.255275,-0.099239,-0.028586,-0.06296,0.093866,-0.13307,0.060747,0.089154,-0.042635,-0.104467,-0.155998,0.312122,-0.253847,0.115855,-0.064987,-0.09523,-0.192232,-0.032535,-0.033667,-0.108547,-0.30467,0.172307,-0.11625,-0.0637,-0.078563,-0.069241,0.109688,-0.125651,-0.397317,-0.107473,-0.106231,0.247281,-0.063,-0.013558,0.121086,-0.188609,0.117039,0.026254,0.096406,-0.040101,0.088906,-0.147611,-0.075355,-0.133612,0.018764,-0.034222,0.160019,-0.113585,-0.005557,-0.180602,-0.234768,-0.302153,-0.109756,0.047619,0.09563,0.113351,-0.090524,-0.045474,0.100246,0.110419,-0.205849,0.05199,-0.061628,-0.094941,0.134119,-0.00078,-0.141128,-0.055153,-0.23555,-0.131813,0.016429,-0.211388,-0.089177,0.056763,-0.247123,0.342386,0.082622,-0.08001,-0.260021,0.059969,0.03619,-0.121233,0.008569,-0.125757,-0.002757,0.342537,0.10793,-0.180543,0.046071,0.12658,-0.205477,0.25364,0.095253,0.145265,-0.032275,-0.109556,-0.015179,0.091701,-0.063702,0.003912,-0.104746,-0.116447,0.085783,-0.091353,-0.071898,-0.048589,0.025944,-0.153873,0.35999,0.050209,-0.038778,-0.070502,0.226047,-0.153984,0.249479,0.323179,-0.330906,-0.06108,0.070198,-0.296755,-0.132223,0.126037,-0.191127,-0.188072,0.205042,0.037764,0.078197,0.366761,#
18,0.431356,0.296215,0.05343,-0.153242,-0.07774,0.244558,0.337613,0.119516,0.076178,0.140637,0.115227,0.023294,0.197977,0.358628,0.239231,0.03986,-0.077495,-0.093733,1.0,0.026551,0.19614,0.251644,0.182625,0.029694,0.008289,0.026383,-0.026947,0.225255,0.310384,0.06065,-0.157803,0.200558,-0.019807,0.064725,-0.139091,0.013744,-0.073232,0.041857,-0.154105,-0.002692,0.105506,0.208356,0.023102,-0.056903,0.206497,-0.048123,0.034435,-0.012418,-0.14299,-0.006002,0.127209,-0.070908,0.281763,-0.120341,0.019101,0.182352,0.001858,-0.239485,-0.062998,-0.122267,0.282735,-0.236693,-0.090894,0.160077,-0.10489,0.134213,-0.241475,0.027525,-0.02721,-0.081633,-0.019013,0.151712,-0.064993,-0.23717,-0.232293,-0.034261,-0.143918,-0.117127,-0.201041,0.110822,0.228764,-0.161152,-0.083081,-0.319208,-0.09942,0.019335,-0.027338,-0.085883,-0.086817,-0.164072,-0.290142,-0.192095,0.075676,-0.290442,0.168408,-0.129518,-0.144406,-0.162953,-0.116357,-0.101772,0.216333,0.140779,-0.065176,-0.375845,-0.232344,-0.014363,-0.309005,-0.063363,-0.242366,-0.034477,-0.062776,0.21005,-0.254978,-0.03756,0.278177,0.185354,-0.05313,0.05248,0.250957,-0.226859,0.015101,0.002311,-0.104627,-0.091601,-0.361437,-0.035249,0.036564,-0.057939,-0.130289,-0.035933,-0.160116,-0.177622,0.045126,0.022812,-0.062701,0.035026,-0.023284,0.060796,0.152653,-0.174151,-0.300104,0.031922,-0.128479,-0.072962,-0.160335,-0.105217,-0.236015,0.126473,-0.421496,-0.071637,-0.068438,-0.164756,0.062516,-0.274161,0.168029,-0.128922,0.177821,0.012445,-0.334388,-0.063769,0.094577,0.068556,0.099828,-0.293753,-0.003819,0.151158,0.292731,0.114208,-0.218411,-0.142201,0.022886,-0.044723,-0.021783,0.166346,0.050063,0.005126,-0.093604,0.097869,0.346532,-0.169045,-0.054402,0.000797,0.03651,0.227799,0.061664,0.06572,0.351961,0.084504,0.047008,0.086036,-0.200456,0.027881,0.031169,0.107287,-0.004842,-0.082348,0.028225,-0.211533,-0.096546,-0.036561,#
19,0.034414,-0.048145,0.025234,-0.177976,-0.14605,-0.201233,0.07762,-0.153925,0.060734,0.116448,-0.056565,0.039283,0.0994,0.269444,0.120117,0.112176,0.034415,0.200452,0.026551,1.0,0.126555,0.127173,0.106421,0.071134,-0.173832,-0.07523,0.172373,-0.046665,0.156132,-0.19804,0.066275,0.252598,0.289902,0.202307,-0.056271,-0.244346,0.086049,0.155426,-0.038669,-0.132374,0.206184,0.093952,0.003579,-0.117602,-0.100603,-0.24763,0.151015,0.290013,-0.099742,-0.174555,0.011048,-0.200326,0.195512,-0.1305,-0.163398,0.042545,-0.033707,-0.110789,0.161228,-0.100846,0.171269,0.084254,-0.103052,-0.149581,0.02224,-0.095303,-0.028843,-0.137175,-0.074631,0.186676,-0.119295,0.171188,0.294278,-0.240832,-0.189797,-0.388475,0.16667,0.065608,0.32785,0.277584,0.192377,0.122844,-0.018918,-0.062452,0.107593,0.506315,-0.014221,-0.294767,0.063321,-0.019301,-0.127294,0.329285,-0.024024,-0.068733,0.078736,0.074003,0.044423,-0.034793,-0.02359,0.106873,-0.31838,0.177521,-0.047058,0.053212,0.378087,0.084797,0.112135,-0.140895,0.32555,-0.185981,0.028027,-0.157417,0.105455,0.141997,0.057042,-0.046634,0.105505,0.012141,0.142682,-0.22574,0.017792,-0.049487,-0.072376,-0.000397,-0.05536,0.219034,0.214819,0.177887,0.190304,0.301602,0.434999,-0.117617,0.049306,0.078256,0.32987,0.089381,0.080789,0.057011,0.137234,0.186286,0.135568,0.16674,0.049925,-0.099734,-0.082345,0.140029,0.081118,-0.080437,-0.10809,0.016397,-0.001606,0.131221,0.220178,-0.120065,-0.035351,0.136739,0.23518,-0.005938,-0.031114,-0.152617,0.272091,0.084303,0.238641,-0.17177,-0.072331,0.072745,0.320484,-0.012726,0.006832,0.115703,-0.332071,-0.106149,-0.161516,-0.093174,-0.267795,-0.039277,0.15007,-0.143765,0.097657,-0.054109,0.075307,-0.065039,-0.176164,0.003258,-0.277079,-0.345029,0.321969,0.309259,-0.191483,-0.06929,0.066147,-0.224704,-0.309359,0.044033,0.288404,-0.209059,-0.321316,-0.127088,0.37836,0.015534,#
20,0.109493,0.28673,-0.168866,-0.005417,-0.272481,0.060222,-0.111057,0.212491,-0.139799,0.018149,-0.091272,0.181098,0.110129,0.250262,0.376421,-0.144948,-0.099421,-0.180455,0.19614,0.126555,1.0,0.117821,0.040419,-0.08488,-0.103223,-0.162778,0.132777,-0.020237,-0.237018,-0.082301,0.06867,0.128662,0.314677,0.192952,-0.403408,-0.35027,-0.065496,-0.088423,0.016024,-0.160549,0.162905,0.242191,-0.317736,-0.012708,0.174744,-0.160125,0.137367,-0.055687,0.00474,-0.106652,-0.150663,0.11808,0.210927,0.002942,-0.070172,0.147368,-0.079427,-0.056898,-0.384008,-0.004341,0.012073,0.056939,-0.052416,0.030954,0.289722,0.036683,-0.374286,-0.083768,0.089486,-0.02366,-0.312583,0.121227,-0.009307,0.095887,-0.225492,-0.237278,0.018782,0.283657,0.119272,0.186749,0.174188,-0.209988,0.032132,-0.054623,0.157002,0.052169,-0.029403,0.121595,0.32672,0.038177,-0.013069,0.054976,0.075494,0.012811,0.14543,0.160064,-0.186034,-0.108298,0.147088,-0.133524,0.124131,0.219711,0.045857,-0.026244,-0.020849,0.063653,-0.025305,0.002444,-0.045078,-0.126322,0.006432,0.05529,-0.224439,0.140382,0.21949,0.081289,0.04815,-0.06124,-0.064845,-0.073537,0.140397,-0.176669,-0.088727,0.083933,-0.074884,-0.134327,0.076783,-0.271808,-0.158249,0.118838,0.116171,0.075985,-0.007428,-0.047674,0.107408,0.272854,0.087934,0.118191,0.181753,-0.111122,-0.043924,0.274238,0.030672,0.106515,-0.039816,-0.086192,0.01807,-0.190444,-0.033192,0.096458,0.164125,0.078378,0.080205,0.046239,0.102574,0.020612,0.219512,-0.159346,-0.212012,0.070596,0.001524,-0.071504,0.091569,-0.310342,-0.066917,-0.027333,0.258906,0.142196,0.136986,-0.195419,-0.182537,0.113013,-0.162957,-0.019578,0.041856,-0.110144,0.061973,-0.240537,0.20198,0.100695,-0.246039,-0.131947,0.157357,0.007074,0.032162,-0.021513,0.014192,-0.21788,-0.167509,0.223873,-0.01839,-0.136327,-0.089229,-0.032307,-0.000668,-0.184569,-0.011507,-0.451757,-0.158308,-0.111617,#
