0,1.0,0.344974,-0.007382,-0.2174,0.25073,0.046483,0.094573,0.088108,0.238256,0.177597,-0.121427,0.070458,0.352387,0.283859,0.031243,-0.199431,0.17606,0.339481,0.089661,-0.245511,-0.121203,0.110023,0.306408,-0.064159,-0.214964,-0.270425,0.001746,-0.004175,0.212821,0.432178,-0.160084,0.088457,0.046929,-0.132794,-0.032359,0.08416,-0.142628,-0.048989,-0.011052,0.022391,0.012765,-0.0296,-0.042918,0.155267,-0.053598,-0.341226,0.223339,0.147367,-0.267219,-0.062909,0.057991,-0.147397,0.024865,-0.189677,-0.067343,-0.0906,0.017523,-0.038143,0.012822,0.14916,0.233366,-0.004421,-0.088799,-0.106946,0.092334,0.39698,0.060721,0.17854,0.201625,-0.070042,-0.058527,-0.007295,-0.251703,-0.223717,-0.2424,0.251319,-0.12977,-0.22769,-0.152412,-0.095909,-0.284906,-0.09529,-0.18365,0.093337,-0.155773,-0.084735,-0.255824,-0.14659,0.077866,-0.308922,-0.33501,-0.318321,-0.306045,0.189742,0.015419,-0.266986,0.047033,-0.228021,-0.09077,-0.37555,0.117721,-0.39885,-0.079353,-0.04638,-0.268176,-0.023913,-0.193113,0.008243,-0.436275,0.029543,0.156701,0.165515,-0.211075,-0.256774,-0.403553,-0.095979,-0.276786,-0.260587,0.194006,-0.423905,-0.303148,-0.339433,-0.25021,-0.18067,-0.219545,-0.014076,-0.199594,-0.052679,-0.051002,-0.285988,-0.173084,-0.095917,-0.130808,0.046845,-0.351251,-0.221004,0.163449,-0.315994,-0.143096,-0.195994,-0.033078,-0.271625,-0.481075,-0.173349,-0.172702,-0.240296,-0.259877,0.279932,-0.276382,-0.248953,-0.253798,-0.386169,-0.068218,-0.198026,-0.351346,-0.294694,0.340595,0.405643,-0.335585,-0.122967,-0.314547,0.003116,-0.061191,-0.322082,-0.113771,0.17687,-0.187286,-0.125294,-0.086005,-0.179856,0.060899,0.15224,-0.335136,-0.261273,0.289636,-0.421555,-0.095504,0.256002,0.340384,-0.400419,0.123992,0.136278,-0.188965,-0.011887,0.454051,-0.191944,0.296754,0.144309,-0.18136,0.525455,0.002863,0.108677,0.383243,0.37288,-0.166816,0.344079,0.175178,-0.42515,-0.141861,0.189003,#
1,0.344974,1.0,0.079298,-0.194119,0.151458,0.009547,0.333353,0.240104,0.223679,0.341505,-0.153839,-0.13695,0.338534,0.186128,0.368094,-0.130619,-0.037362,0.300244,0.30184,-0.10213,0.139727,0.194783,0.284164,0.019276,-0.259042,-0.102068,0.304856,0.066662,0.284981,0.463655,-0.531947,0.070286,0.213624,0.071125,-0.071914,0.087875,-0.042866,-0.160483,0.01239,-0.097947,-0.248274,0.298357,-0.018331,0.186406,0.104628,-0.402552,0.354543,0.251747,-0.029377,0.262128,0.113255,-0.25925,-0.07818,-0.007555,0.108055,-0.187212,-0.199027,-0.060483,-0.178272,0.115528,0.074412,0.172065,-0.312292,0.264493,0.093359,0.241112,-0.105805,0.390662,0.229439,-0.236177,-0.108074,-0.11527,-0.105985,-0.341867,-0.339977,0.416017,-0.370954,-0.295728,-0.410898,-0.507549,-0.300583,-0.34736,-0.477456,0.085893,-0.460597,-0.128913,-0.346193,-0.165055,-0.247368,-0.205804,-0.201107,-0.281687,-0.526092,0.038421,-0.236052,-0.032194,0.186052,-0.307857,-0.10172,-0.305299,0.01638,-0.417446,-0.599957,-0.179741,-0.581135,-0.235728,-0.605069,-0.141363,-0.593437,-0.20801,0.145648,0.264005,-0.188148,-0.540218,-0.201144,-0.06011,-0.328744,-0.516308,0.013911,-0.464447,-0.412708,-0.190821,-0.372505,-0.379879,-0.025744,-0.108856,-0.370862,-0.102222,-0.20189,-0.305973,-0.291186,-0.471377,-0.322952,0.165955,-0.297583,-0.236762,0.09187,-0.206174,0.120228,-0.384841,-0.32598,0.014858,-0.513142,-0.119811,-0.148643,-0.316838,-0.272824,0.416936,-0.374621,-0.383,-0.232093,-0.381802,-0.117618,-0.192177,-0.406844,-0.197078,0.345611,0.459297,-0.324625,0.001457,-0.151948,-0.082628,0.169238,-0.038008,-0.187694,0.513,-0.29995,0.055014,-0.180405,-0.043689,-0.057244,0.012057,-0.202929,-0.395046,0.38649,-0.162758,-0.30019,0.342952,0.394578,-0.393699,0.17143,0.168367,-0.183645,0.094984,0.360862,-0.119751,0.288837,-0.067065,-0.216647,0.536616,-0.051747,0.622298,0.35215,0.214261,-0.236334,0.111494,0.34702,-0.421079,-0.152879,0.08696,#
2,-0.007382,0.079298,1.0,0.249334,0.276686,-0.19676,0.017149,-0.034425,-0.107162,-0.088731,-0.089793,0.023977,-0.066306,-0.167057,-0.154959,-0.197616,0.032412,-0.080017,-0.025429,-0.038781,-0.039701,-0.152545,0.144599,-0.157112,-0.168522,-0.143602,0.188605,-0.276721,-0.156932,0.124556,-0.044417,0.10941,-0.1811,0.0099,-0.093385,-0.019971,0.202238,-0.17889,0.150134,-0.122662,-0.092111,0.132135,-0.04908,0.012857,0.015972,-0.103006,-0.061432,0.373405,-0.020758,-0.042265,-0.157849,0.246066,0.057241,0.085461,-0.119397,-0.100838,-0.214812,-0.106905,-0.272827,-0.078008,-0.036327,-0.216106,-0.109542,0.040161,-0.088429,0.070467,-0.206203,-0.014511,0.083006,0.29178,0.235855,0.265759,0.049074,0.038246,-0.123255,0.216943,-0.169183,-0.237996,-0.133979,0.087347,0.142013,0.015617,-0.085184,0.23604,-0.00476,-0.036564,-0.05425,0.125567,-0.083337,-0.052785,-0.165487,-0.099593,-0.014646,0.08196,-0.204377,0.047709,0.2442,-0.075475,0.114827,-0.080773,-0.039254,-0.012102,0.006536,-0.008113,-0.134962,-0.159682,-0.036522,0.172628,-0.139123,0.223599,0.249479,-0.048055,-0.14645,-0.066743,0.334938,0.036339,-0.098065,-0.246061,-0.013345,-0.122235,-0.180392,-0.172442,0.244373,-0.02771,-0.115829,-0.054559,-0.347781,0.08039,0.065942,0.010528,0.316404,-0.219691,-0.292171,-0.023033,-0.018404,-0.032341,0.328923,0.19183,0.150877,-0.021574,0.130003,0.309878,-0.017679,-0.234421,-0.030645,0.363533,-0.060262,0.185785,-0.088063,-0.075585,-0.250718,0.075828,0.195869,-0.191648,-0.121806,-0.185176,-0.010429,0.180398,0.13,-0.158707,-0.029666,0.046931,0.238802,-0.041408,0.012616,-0.066433,-0.3595,-0.198701,0.086128,0.00397,-0.003732,-0.081082,0.024378,0.035048,-0.066407,0.042589,-0.0564,0.027863,-0.055461,-0.028189,0.071399,-0.262873,-0.086517,0.182653,0.030953,-0.011992,-0.036302,-0.144181,-0.150449,0.025602,0.318017,0.208466,0.056419,0.10073,0.086798,-0.253297,0.158724,0.053555,0.047007,-0.049589,#
3,-0.2174,-0.194119,0.249334,1.0,-0.024909,-0.251006,-0.282974,-0.359328,-0.294428,-0.032722,0.261192,-0.104649,-0.191415,-0.226009,-0.232026,-0.063317,-0.069224,-0.041111,-0.037559,0.188452,0.103807,-0.244182,-0.148816,-1.3e-05,-0.001091,0.096348,-0.10237,-0.064942,-0.091191,-0.179218,0.423134,-0.201009,-0.406039,-0.106899,0.056831,-0.462193,0.06912,0.108477,0.093629,0.084051,0.133828,0.016921,-0.119247,-0.173998,-0.078861,0.22211,-0.200366,-0.130096,0.311194,-0.265668,0.031242,0.485722,0.044954,0.153967,0.012157,0.003194,0.065281,0.024015,-0.097639,0.049854,-0.154647,-0.025378,0.011013,-0.183881,0.053228,-0.236546,0.097661,-0.006985,-0.132691,0.283982,0.118755,0.301033,0.283982,0.3061,0.202971,-0.277819,0.08852,-0.09759,0.33481,0.285577,0.127576,0.46413,0.257446,0.128721,0.232802,-0.007888,0.120247,0.322587,0.086945,0.296068,0.341634,0.184948,0.353985,-0.175417,0.24344,0.264176,0.066521,-0.041067,0.078552,0.347578,0.093835,-0.055498,0.327808,0.037155,0.141594,0.385746,0.148711,0.176717,0.235911,0.299514,-0.090967,-0.09288,0.392881,0.235451,0.09288,0.09568,0.469265,0.187545,0.042549,0.076785,0.320997,0.149547,0.42593,0.114973,0.041633,0.170982,-0.038573,0.099721,0.23334,0.195771,0.473593,0.102024,0.023164,-0.048164,0.227728,0.375222,0.058061,0.310319,0.08653,0.255038,0.370697,0.238947,0.153891,0.058377,0.246249,0.442327,0.243034,-0.249241,0.224849,0.331613,0.183678,0.336034,0.179977,0.147537,0.213076,0.031592,-0.323429,-0.233898,0.294642,0.080533,-0.381802,-0.033764,0.008116,-0.072373,-0.077058,-0.153331,0.049565,-0.068653,0.091282,0.177865,-0.191697,-0.096613,0.178025,0.145759,-0.295185,0.12026,0.205978,-0.088187,-0.348712,0.359694,-0.31728,-0.062155,-0.053112,-0.098048,-0.159223,-0.05843,-0.089296,0.06646,0.281122,-0.324932,0.126912,-0.139971,-0.307604,-0.066947,0.004737,-0.269443,-0.29102,0.143443,-0.077612,-0.063414,#
4,0.25073,0.151458,0.276686,-0.024909,1.0,-0.11488,0.266519,-0.049111,0.041179,0.075226,0.110557,0.121428,-0.003558,-0.146956,0.334355,-0.173411,0.205176,0.188903,-0.064721,-0.041629,-0.114729,-0.01884,-0.013358,-0.063216,-0.156839,-0.13043,0.069126,-0.025699,0.138503,0.214535,-0.14893,-0.077522,-0.067987,-0.10355,-0.169296,0.060444,-0.139139,-0.292437,0.05654,0.310821,-0.165372,-0.046939,-0.165741,-0.062819,-0.163349,-0.074349,0.109336,0.206011,-0.143766,0.1172,0.252977,-0.244588,0.044467,-0.14586,0.192747,-0.243001,-0.422165,0.036681,-0.283331,-0.295076,-0.139869,0.096945,0.002869,0.135794,0.016472,0.193572,0.098704,-0.047881,0.004443,0.030007,-0.108519,-0.147002,0.060743,-0.142027,-0.154764,0.301576,-0.18207,-0.483963,-0.232047,-0.329293,-0.28059,-0.230059,-0.328067,-0.036078,-0.196563,-0.142817,-0.290556,-0.297336,-0.191307,-0.146289,-0.18124,-0.282518,-0.174273,-0.101399,-0.209286,-0.115276,-0.009984,0.037889,0.017014,-0.026555,-0.021037,-0.336472,-0.176804,-0.099792,-0.218173,-0.26435,-0.258741,-0.059981,-0.233576,0.233685,0.031241,-0.180199,-0.332054,-0.305849,-0.109409,-0.235746,-0.263148,-0.261592,-0.153613,-0.121482,-0.42807,-0.143851,-0.17483,-0.110522,-0.07816,-0.239743,-0.253441,-0.11855,-0.339863,-0.234216,-0.021858,-0.288448,-0.403237,-0.306855,-0.128676,-0.396985,0.328242,-0.072468,-0.226891,-0.030431,-0.055815,-0.001152,-0.020109,-0.241383,-0.321106,-0.179657,-0.161421,0.154376,-0.272216,-0.168965,-0.232666,-0.205637,-0.296933,-0.102761,-0.403098,-0.186762,0.263,0.233825,-0.241033,-0.155011,-0.012656,-0.1563,0.109944,-0.048273,-0.388361,0.158339,-0.011423,0.237084,0.072067,-0.104774,0.143792,-0.101048,-0.150146,-0.233231,0.106876,-0.2867,-0.309938,-0.083414,0.181629,-0.067205,0.235016,0.005967,0.348788,0.181908,0.098222,-0.093237,0.106246,-0.010146,-0.086108,0.180814,0.025523,0.344871,0.135895,0.157454,0.102817,-0.176179,0.052832,-0.254424,-0.437722,0.344099,#
5,0.046483,0.009547,-0.19676,-0.251006,-0.11488,1.0,0.110159,0.170663,0.142023,0.02646,0.207454,0.041152,-0.034655,0.135715,0.096407,0.047624,0.147113,-0.000539,-0.274233,0.1544,-0.284627,0.216807,0.165213,-0.121231,0.175043,-0.285409,-0.017236,0.068814,0.010945,-0.147046,-0.099045,0.177972,-0.100663,-0.090567,-0.101003,-0.014395,-0.222023,0.091904,-0.064559,-0.239423,-0.128079,0.254734,0.041903,0.372916,0.205759,-0.115495,0.072257,0.049504,0.045037,0.247862,-0.019662,0.045305,0.248989,-0.192442,-0.182727,-0.079353,0.148773,-0.173462,0.123249,0.075429,0.081367,-0.023071,0.002128,0.118555,0.074271,0.030006,-0.202327,0.004605,-0.061142,0.136512,0.046704,0.019595,-0.070856,-0.110918,-0.13511,0.147017,-0.01992,0.15317,-0.121655,-0.148454,0.152713,-0.138221,-0.053059,-0.173819,-0.062429,0.086628,-0.118506,-0.264,0.034417,-0.31456,0.014459,0.117221,-0.104974,0.151664,0.048352,0.072216,0.078722,-0.006994,-0.10402,-0.253827,-0.173209,0.122771,0.102476,-0.039191,0.109048,-0.051557,-0.007666,-0.24192,-0.144459,-0.228975,0.134984,0.299227,-0.124668,-0.254337,-0.199343,-0.244251,-0.21344,0.077004,-0.136087,-0.126638,-0.065824,-0.168759,0.09554,-0.150545,-0.090267,0.115368,0.041661,0.203684,-0.08775,0.030872,-0.088959,-0.012915,-0.024745,0.021715,-0.067411,-0.132702,-0.036878,-0.246937,-0.188149,-0.207963,0.041098,-0.278698,-0.305407,0.033395,0.077758,0.011955,-0.240792,-0.009825,0.254345,-0.201784,-0.030833,0.046688,-0.097674,0.084017,-0.078687,0.095468,0.080377,0.114363,-0.238426,0.123509,-0.128682,0.038764,0.071199,0.041163,-0.013415,0.095987,0.176485,0.014729,-0.05142,-0.219047,0.130338,0.07533,-0.100274,0.236579,0.122513,0.046311,0.058191,0.090107,0.226931,-0.050924,0.203399,0.223887,0.009346,0.00532,-0.193938,-0.149114,0.126199,0.123138,-0.105159,0.103313,0.022522,-0.131465,0.179696,-0.156747,0.070633,0.154056,0.083768,-0.044513,0.031081,0.135965,#
6,0.094573,0.333353,0.017149,-0.282974,0.266519,0.110159,1.0,0.314853,0.523802,0.047754,0.063625,-0.107656,0.285257,-0.023802,0.320162,-0.167078,-0.115279,0.006479,0.042028,0.079509,0.027576,0.212867,0.147588,-0.115341,-0.041393,-0.203455,0.136549,-0.149738,0.129451,0.156592,-0.444841,-0.0747,0.114144,0.123214,-0.193486,0.006636,0.068377,-0.269339,0.068562,0.109698,-0.002389,0.279104,-0.182619,0.05609,-0.046673,-0.063132,0.207881,0.342471,0.103208,0.119817,0.098207,-0.251345,-0.015587,-0.299982,-0.129114,0.112612,0.157635,0.050166,-0.066035,0.17834,0.013017,0.044116,-0.20999,0.172813,0.21008,0.280799,0.012231,-0.111168,0.154534,-0.215271,0.130434,-0.200853,-0.011946,-0.369123,-0.435236,0.478883,-0.098784,-0.217672,-0.213137,-0.148866,-0.168838,-0.373129,-0.203114,-0.279663,-0.451688,0.1049,-0.12667,0.00885,-0.320764,-0.244679,-0.367948,-0.299405,-0.463873,0.1885,-0.318543,-0.258093,0.03143,0.002495,0.04046,-0.082302,-0.075243,-0.03388,-0.032343,0.056509,-0.176973,-0.300272,-0.013767,-0.109667,-0.253727,-0.296648,0.270138,0.306535,-0.329652,-0.50027,0.09542,-0.045918,-0.222978,-0.167336,-0.036729,-0.376073,-0.197192,-0.307739,-0.185479,-0.416886,-0.01157,0.070229,-0.12392,0.239875,-0.293286,-0.047617,-0.375428,-0.484315,-0.306665,-0.151424,-0.107591,-0.226355,-0.0034,-0.010132,-0.029447,-0.443284,-0.33754,-0.046322,-0.228884,-0.084451,-0.091996,-0.292025,-0.335011,0.633133,0.020928,-0.389824,0.004404,-0.222967,-0.215444,-0.184987,-0.250386,0.18681,0.294913,0.338342,-0.123072,-0.229378,0.399869,0.058665,0.24447,-0.060345,0.084308,0.324976,-0.011613,-0.1195,-0.241907,0.038496,-0.071163,-0.118861,-0.084983,-0.104171,0.133937,-0.054679,-0.152981,0.333578,0.541471,-0.196378,0.18738,0.295208,0.007337,-0.105463,0.3128,-0.005405,0.244773,0.000256,-0.422794,0.273746,0.209791,0.204417,0.267291,-0.039239,0.046343,0.011052,0.229973,-0.121712,-0.144386,-0.104858,#
7,0.088108,0.240104,-0.034425,-0.359328,-0.049111,0.170663,0.314853,1.0,0.217802,-0.04175,-0.179081,-0.053413,0.094837,0.117605,0.078654,0.005474,0.011841,-0.056918,-0.145766,-0.056126,-0.006786,0.367228,0.136523,0.260416,-0.132966,-0.027452,0.335694,0.056091,-0.083622,-0.111341,-0.355779,0.306029,0.08386,0.010394,-0.11204,0.025171,0.044338,-0.470341,0.218264,-0.124018,-0.016049,0.214389,0.023193,0.146435,-0.032425,0.010891,0.148168,0.298858,-0.112932,0.077121,-0.069038,-0.210017,0.194138,-0.084509,-0.275068,-0.011546,0.220483,-0.175103,0.113485,0.178837,0.032751,0.068741,-0.206322,0.296015,0.199756,0.22245,-0.193574,0.10229,0.25057,-0.257919,0.151012,0.072392,-0.240376,0.017656,-0.290247,0.268884,-0.173496,-0.004273,-0.357102,-0.028325,0.013825,-0.208673,0.022322,-0.10862,-0.171581,0.231756,0.054054,-0.056323,-0.070757,-0.264929,-0.204549,-0.169612,-0.185529,0.115255,-0.27264,-0.118228,0.022172,0.017805,-0.095003,-0.260368,-0.022699,-0.084911,-0.014744,-0.017339,-0.1517,-0.247903,-0.023111,-0.163736,-0.227808,-0.43437,0.142393,0.071228,-0.341368,-0.131193,0.114097,-0.03225,-0.323247,0.029963,-0.247993,-0.121011,-0.093485,-0.300343,-0.008618,-0.310332,0.084462,-0.087319,-0.080302,-0.12533,-0.143886,-0.064614,-0.3823,-0.232955,0.097105,-0.029229,0.148219,-0.000238,0.187135,-0.094253,0.082572,-0.408176,-0.371108,-0.073599,-0.176364,0.142122,-0.027161,-0.171713,-0.42456,0.275006,-0.120012,-0.121444,-0.154648,-0.064792,-0.204052,-0.168551,0.085532,0.123323,0.230085,0.047342,-0.235851,0.105953,0.213225,0.042613,-0.022466,0.032187,0.182006,0.167835,-0.076398,-0.162838,-0.265885,-0.128725,0.033384,-0.024584,-0.298775,-0.111205,0.130991,-0.014234,-0.064915,0.063139,0.17042,-0.363322,0.107063,0.124355,0.121561,0.047346,-0.057823,0.128893,0.022088,-0.166713,-0.118398,0.188642,0.19449,0.169778,0.200639,-0.231103,0.066158,0.267086,0.092576,-0.221905,-0.165861,-0.006461,#
8,0.238256,0.223679,-0.107162,-0.294428,0.041179,0.142023,0.523802,0.217802,1.0,0.191063,-0.048914,-0.134935,0.449855,0.176728,0.203339,-0.263818,-0.28247,0.215836,0.194214,-0.044802,0.089934,0.160279,0.316231,0.042915,0.105176,-0.260987,0.26325,0.057199,0.338755,0.192272,-0.258393,0.01757,0.185017,0.011917,-0.291267,0.08723,0.12719,-0.241765,-0.031634,-0.019406,0.167626,0.06025,-0.124697,0.05987,0.107842,-0.294053,0.337733,0.281195,0.057966,0.046649,-0.099202,-0.207913,-0.034404,0.01181,-0.230855,-0.086872,0.157732,-0.070194,0.279191,0.021374,0.243086,-0.090182,-0.130205,0.15178,0.096535,0.415514,0.027691,0.042775,0.317308,-0.153888,0.192909,-0.110584,-0.132379,-0.136235,-0.226405,0.308047,-0.080158,-0.187071,-0.138399,-0.250054,0.006011,-0.38268,-0.166673,-0.275805,-0.257935,0.182118,0.010733,-0.042084,-0.124177,-0.216289,-0.285085,-0.081528,-0.636374,0.490037,-0.150397,-0.053934,0.159718,-0.078767,0.196386,-0.170549,-0.07126,0.091541,0.098712,0.059968,-0.030875,-0.244882,-0.173435,-0.033409,-0.204779,-0.22581,0.365402,0.325753,-0.22624,-0.2839,0.016763,-0.145306,-0.177145,-0.096025,0.118169,-0.246022,-0.170288,-0.349065,0.003687,-0.451385,0.086157,0.154071,-0.078593,0.191987,-0.085742,-0.082232,-0.326559,-0.381904,-0.070479,-0.030648,-0.080994,-0.050397,-0.214408,-0.129372,0.16164,-0.189272,-0.215612,-0.110904,-0.327945,-0.198679,-0.150819,-0.053708,-0.25292,0.356779,-0.008044,-0.234739,0.106397,-0.258147,-0.042799,-0.275706,-0.042373,0.096169,0.467872,0.528014,0.032984,-0.178679,0.163123,0.004909,0.149593,-0.066287,0.156115,0.356018,0.00563,-0.114972,-0.342453,-4.1e-05,-0.253753,0.183426,-0.206262,-0.23561,0.263471,-0.090912,-0.214576,0.241205,0.506305,-0.355008,0.160888,0.187808,-0.154796,-0.133221,0.180239,0.081944,0.353777,0.005185,-0.457398,0.181287,0.208629,-0.018694,0.219703,-0.062022,-0.014134,0.08549,0.245431,-0.155013,0.082255,-0.039238,#
9,0.177597,0.341505,-0.088731,-0.032722,0.075226,0.02646,0.047754,-0.04175,0.191063,1.0,0.02271,-0.229778,0.255229,0.090447,0.229293,-0.081306,-0.271362,0.238253,0.139198,-0.200122,-0.081811,0.186426,0.247011,0.12402,-0.133668,0.051221,0.149269,0.041285,0.017346,0.340268,-0.094154,0.164648,0.11784,0.285085,-0.343577,-0.085544,-0.053625,-0.150382,0.103172,-0.010032,-0.118145,0.13185,0.228878,0.137475,0.0553,-0.33691,0.15763,0.078781,-0.245398,0.121825,-0.031989,-0.055592,0.065382,-0.14863,0.055883,-0.259942,-0.040641,0.099202,-0.151427,-0.027167,0.256733,-0.036669,-0.411593,0.141902,0.030613,0.157636,-0.053865,0.109888,0.045831,-0.181956,-0.100014,-0.21499,-0.030409,-0.218939,-0.022847,0.094694,-0.152308,-0.335265,-0.073519,-0.063826,-0.145104,-0.110267,-0.150969,0.007557,-0.072433,0.040604,-0.285954,-0.294329,-0.16006,-0.089493,-0.144933,-0.117489,-0.328858,-0.029778,-0.060093,-0.027838,-0.037898,0.024453,0.108952,-0.212478,-0.140613,-0.380471,-0.226108,-0.117425,-0.225865,-0.049638,-0.240739,-0.150492,-0.237798,-0.232635,0.089715,0.272747,-0.03798,-0.311493,-0.373483,-0.123225,-0.166673,-0.250709,0.27939,-0.457819,-0.190222,-0.110605,0.033099,-0.259885,-0.220894,0.23763,-0.125669,-0.233867,-0.193717,-0.050135,0.006883,-0.271457,-0.128312,0.222545,-0.327193,0.06553,0.060882,-0.084935,0.188248,-0.283358,-0.126454,-0.045022,-0.382247,-0.124031,-0.131241,-0.192491,0.105332,0.192549,-0.315946,-0.027257,-0.396372,-0.167012,0.052369,0.002085,-0.137998,-0.091624,0.223083,0.420022,-0.201354,-0.121173,-0.223778,-0.025071,-0.038898,0.01904,-0.126939,0.277625,-0.292401,-0.072966,-0.032598,0.032223,0.033277,0.121619,0.061332,-0.2242,0.331121,-0.237914,-0.076291,0.06987,-0.038138,0.086434,0.030196,0.239239,-0.290405,0.001878,-0.098621,0.066507,0.165688,-0.276411,-0.113052,0.382162,-0.073812,0.083132,-0.101168,0.082783,0.04185,-0.206878,-0.013062,-0.1669,0.152649,-0.073577,#
10,-0.121427,-0.153839,-0.089793,0.261192,0.110557,0.207454,0.063625,-0.179081,-0.048914,0.02271,1.0,-0.023126,-0.396251,-0.147509,0.044373,0.28109,0.087839,-0.078143,-0.01617,-0.071444,-0.208492,0.000537,0.015908,-0.051297,0.173034,0.087358,-0.0952,0.030423,0.033207,-0.31666,0.217912,-0.076188,-0.055094,-0.033659,0.204453,-0.003201,-0.053813,0.053972,-0.069632,0.124058,-0.134935,-0.120013,-0.151799,0.169376,0.103061,0.134185,-0.232761,-0.120769,0.206267,0.006724,0.022231,0.161452,-0.003127,-0.16721,-0.07449,0.144122,-0.031438,0.1042,-0.07487,-0.039448,-0.050371,0.004687,0.083917,-0.178723,-0.022119,-0.350462,-0.038256,-0.277497,-0.322012,0.249664,-0.12391,-0.027415,0.216018,0.118078,0.060147,0.098538,-0.13098,-0.062467,-0.007207,-0.094107,-0.23125,0.075743,0.217952,-0.239155,0.016508,-0.107647,0.069791,0.033167,-0.272675,-0.077473,0.06191,-0.148713,0.02098,-0.195137,0.005099,0.160215,-0.110339,0.028303,-0.149667,0.032955,0.036703,0.017851,0.184768,-0.052109,-0.029945,-0.057126,-0.033076,-0.117602,0.128418,0.205999,-0.172889,0.047889,0.10699,-0.17403,-0.055918,-0.127419,0.229426,-0.046666,-0.0038,0.166653,0.194649,0.030085,0.164844,0.009266,-0.091056,-0.067454,-0.12493,0.2141,-0.143386,-0.098787,0.145785,0.084112,-0.13828,-0.140769,0.086016,0.209239,0.028009,-0.066462,-0.107863,-0.039198,-0.07282,-0.015798,0.123836,-0.043961,-0.109118,-0.022435,-0.002201,-0.212359,0.16574,0.2322,0.133524,0.236437,-0.269963,-0.005809,0.078443,-0.106044,-0.305926,-0.105655,-0.073768,0.070113,-0.174333,-0.021372,0.119524,-0.292444,-0.288608,-0.033423,0.082024,0.201288,0.279562,-0.070363,-0.004999,-0.078398,-0.173583,0.068349,-0.17755,0.066963,-0.031325,0.023189,-0.037411,0.268505,0.091649,0.111098,0.082596,0.174406,-0.162729,-0.214359,-0.163394,-0.122363,0.177231,-0.28589,-0.244877,-0.044069,-0.011787,-0.106076,-0.018054,-0.187576,0.134874,-0.047011,-0.218844,-0.035146,#
11,0.070458,-0.13695,0.023977,-0.104649,0.121428,0.041152,-0.107656,-0.053413,-0.134935,-0.229778,-0.023126,1.0,-0.15202,-0.162917,-0.008756,0.146091,0.004257,-0.009617,-0.366722,0.031613,-0.347451,0.212032,-0.114169,-0.121697,-0.024782,0.096798,-0.14377,-0.177576,0.016727,0.028589,-0.127774,0.062713,-0.036792,0.026514,0.196535,0.0548,-0.435346,0.060594,-0.185241,0.171497,-0.036483,0.103965,-0.120756,-0.330643,-0.110427,-0.010846,-0.216256,-0.098845,-0.132924,0.093154,-0.13734,-0.002077,-0.135007,-0.053367,0.042967,-0.067295,-0.166247,0.005926,0.010107,0.039711,-0.079216,0.03182,0.067466,-0.28854,0.186969,-0.189258,-0.156067,-0.140645,-0.129795,0.222344,0.111263,-0.067323,0.071296,0.05108,-0.304984,-0.136977,-0.185959,-0.094552,-0.069206,0.07379,0.224437,-0.145124,-0.114672,-0.170987,0.064084,0.106624,0.101832,-0.03736,-0.024872,-0.079035,0.175027,-0.000502,0.04236,-0.054675,-0.044733,0.103392,-0.065382,-0.031036,-0.141431,0.063216,-0.040363,0.042132,-0.000549,0.054342,-0.23291,-0.105514,0.190192,-0.010488,0.001514,0.196637,-0.194766,-0.023368,-0.297839,0.161596,-0.103433,-0.233981,0.038835,0.152553,-0.205052,0.217044,0.035574,-0.131538,-0.070794,0.190912,-0.091822,0.014013,0.082122,-0.130225,0.0221,0.213668,-0.085243,0.086582,-0.048884,-0.216254,-0.088843,-0.082754,-0.036201,-0.232602,-0.05953,0.008293,0.263233,-0.060792,0.127157,-0.027479,-0.275288,-0.070662,0.061451,-0.193204,-0.140506,0.137879,0.037508,-0.165815,0.010104,0.03134,-0.117787,0.035795,-0.131785,-0.187248,-0.033097,0.094116,0.0273,-0.202894,-0.078076,-0.117122,-0.148088,-0.087262,0.128462,0.178632,0.19782,-0.078225,0.160751,0.005449,-0.096483,0.215241,0.082843,-0.106406,-0.326945,-0.082813,-0.055513,-0.006746,0.112859,-0.210463,0.124708,0.209637,0.150134,-0.099568,0.08187,0.073148,0.05839,-0.238663,-0.183629,0.015556,-0.025955,-0.004851,-0.060677,0.068022,0.103519,-0.031975,0.056201,-0.024723,#
12,0.352387,0.338534,-0.066306,-0.191415,-0.003558,-0.034655,0.285257,0.094837,0.449855,0.255229,-0.396251,-0.15202,1.0,0.319207,0.145767,-0.40006,-0.201176,0.322053,0.097241,0.13583,0.176531,0.167934,0.398293,-0.069004,-0.217496,-0.243253,0.199279,-0.17238,0.163446,0.21748,-0.347141,0.096981,0.325083,-0.099128,-0.16474,-0.054157,0.163393,-0.013627,-0.067939,-0.370595,0.24416,0.364433,0.094941,-0.017802,0.060487,-0.39606,0.502142,0.299164,-0.177487,0.00785,0.095917,-0.069695,0.065049,-0.016445,-0.244211,0.070097,0.226666,-0.104774,0.09653,0.042274,0.225028,0.114012,-0.061336,-0.036103,0.10434,0.433215,0.073209,0.335508,0.29568,-0.197684,0.23869,0.108418,-0.160736,-0.127246,-0.183033,0.183392,0.113311,-0.12964,-0.050864,-0.151809,0.036158,-0.263754,-0.261408,-0.114589,-0.022519,0.217198,-0.172434,0.195744,0.06805,-0.139562,-0.245881,0.058667,-0.370261,0.313824,-0.117235,0.128133,0.431989,0.010638,0.128825,-0.300827,0.128784,-0.072404,-0.021619,-0.001516,-0.089628,-0.001255,-0.209271,-0.09503,-0.397119,-0.107057,0.424857,0.009715,-0.066408,-0.296228,-0.034245,-0.051237,-0.345572,-0.059406,0.171758,-0.480653,-0.161867,-0.356962,0.001616,-0.346952,-0.010454,0.319064,-0.262606,0.029161,0.156086,0.163452,-0.237739,-0.120825,-0.119486,0.015577,-0.16762,-0.010011,-0.162429,-0.054999,0.15538,-0.061564,-0.09541,-0.223178,-0.258183,-0.201699,0.022309,-0.09431,-0.18227,0.282357,-0.069582,-0.104985,-0.172153,-0.398472,0.292306,-0.137358,-0.066328,0.147793,0.533666,0.402294,0.081355,-0.256012,0.02653,-0.069204,-0.004738,0.217271,0.216975,0.304365,0.13514,-0.146851,-0.170548,0.102325,-0.151648,0.101311,0.046101,-0.165298,0.295882,-0.049464,0.052117,0.160214,0.340135,-0.287097,0.07161,0.041231,-0.302005,-0.388009,0.264232,-0.015884,0.435206,0.06063,-0.53827,0.389711,0.359262,0.040877,-0.00614,-0.028898,-0.087584,0.026832,0.061493,-0.125238,0.189413,-0.010573,#
13,0.283859,0.186128,-0.167057,-0.226009,-0.146956,0.135715,-0.023802,0.117605,0.176728,0.090447,-0.147509,-0.162917,0.319207,1.0,0.174788,-0.127392,-0.344571,0.210322,0.10035,0.101596,0.063733,0.2244,0.541581,0.116642,-0.077296,-0.268206,0.438078,0.231057,0.307548,0.23228,-0.167339,0.180634,0.203252,-0.123719,0.004372,0.022566,-0.048326,0.074719,0.06867,-0.265676,0.051701,0.119317,0.269762,0.231694,-0.195015,-0.480273,0.349491,0.149076,-0.137389,0.153178,0.251306,0.008041,0.031285,-0.037392,-0.123171,-0.067183,0.080184,0.001624,0.282642,0.07119,0.331813,0.129648,-0.221426,0.095118,0.127648,0.346087,-0.013,0.453225,0.228162,-0.027933,-0.077946,-0.093226,-0.031487,-0.067894,-0.196894,0.107181,0.106735,0.102264,-0.238478,0.02536,-0.322723,-0.178398,-0.013484,0.154886,-0.034627,0.028699,0.077166,-0.001225,0.133891,-0.23004,-0.25024,-0.11998,-0.225643,0.307285,0.129528,-0.062748,0.087127,-0.008041,-0.039007,-0.32075,-0.195647,-0.102253,-0.108936,-0.162041,-0.004866,-0.000549,-0.032573,-0.395339,-0.170748,0.036026,0.272561,0.184555,-0.078597,-0.040402,-0.14489,-0.125405,-0.335707,-0.086568,0.145185,-0.162556,-0.02076,-0.301687,-0.013718,-0.161904,-0.062089,0.22288,-0.150716,-0.073327,0.116217,-0.118276,-0.165376,0.148313,-0.275522,0.151621,-0.365798,-0.031988,-0.13373,-0.235138,0.198019,0.017863,-0.121108,-0.383507,-0.269837,-0.25181,-0.14437,0.011674,-0.183616,-0.021001,0.01222,-0.172926,-0.132069,-0.327681,0.014065,-0.138821,-0.157919,0.129941,0.431647,0.234233,-0.03355,-0.057154,-0.080817,-0.151061,-0.020387,0.299536,0.021423,0.0482,0.113847,0.157293,-0.154213,-0.013071,-0.131406,0.146179,0.019198,-0.358404,0.31824,-0.066842,0.126872,-0.066313,0.415089,-0.278745,0.212369,-0.047875,-0.293778,-0.115529,0.14442,0.102694,-0.038346,-0.325069,-0.263417,0.411682,0.002222,-0.114373,0.173037,0.016671,0.073454,-0.036929,0.34332,-0.136515,0.188414,-0.016796,#
14,0.031243,0.368094,-0.154959,-0.232026,0.334355,0.096407,0.320162,0.078654,0.203339,0.229293,0.044373,-0.008756,0.145767,0.174788,1.0,-0.141362,-0.10586,-0.073199,0.006563,0.055718,0.054245,0.01697,0.138604,0.071783,-0.058118,-0.036816,0.046918,0.323723,0.433088,0.16151,-0.324337,0.120989,0.172556,-0.070915,-0.18682,0.125831,-0.255235,-0.126725,0.174265,0.171088,-0.301856,0.245308,-0.222703,0.224794,0.123943,-0.081772,0.253931,-0.014545,-0.036626,0.399944,0.028989,-0.185297,-0.012464,-0.06936,0.038183,-0.132041,-0.184389,0.006771,-0.125503,0.106763,-0.101952,0.32992,-0.264384,0.270563,0.142226,0.056177,0.015166,0.029403,-0.114011,-0.398172,-0.177337,-0.283126,0.185425,-0.18197,-0.424982,0.158717,-0.050613,-0.295194,-0.351266,-0.357184,-0.300757,-0.342483,-0.312765,-0.060216,-0.463631,-0.032087,-0.185993,-0.272057,-0.456118,-0.265224,-0.145673,-0.208806,-0.301326,-0.040382,-0.165688,-0.106328,-0.071323,-0.067589,-0.08851,-0.219859,0.183861,-0.301939,-0.370661,-0.235481,-0.24499,-0.146357,-0.368399,-0.14683,-0.250942,-0.154575,-0.059394,0.108387,-0.350008,-0.271279,-0.384044,-0.196401,-0.223922,-0.299147,-0.269141,-0.172847,-0.320293,-0.121246,-0.292827,-0.094001,0.124778,-0.290832,-0.233994,-0.182621,-0.408645,-0.224773,-0.218152,-0.359113,-0.33649,0.143828,-0.305226,-0.125767,0.065689,-0.265594,0.001357,-0.054741,-0.203242,-0.302572,-0.239017,-0.122647,-0.180338,-0.349403,-0.135518,0.060678,-0.231493,-0.227824,-0.248487,-0.243919,-0.196039,0.006913,-0.347523,0.098807,0.303106,0.29784,-0.267484,0.152383,0.023668,-0.138381,0.057034,-0.063156,-0.217187,0.277416,0.007407,0.131302,-0.005314,-0.186912,0.347453,0.044831,-0.032329,-0.369455,0.457682,-0.21535,-0.281239,0.034299,0.287728,-0.151825,0.257429,0.24101,0.282768,0.073858,0.12603,-0.17831,0.051726,-0.10574,-0.144184,0.209385,-0.089542,0.388008,0.098779,-0.01426,-0.219089,-0.120242,0.013461,-0.176863,-0.086106,0.171144,#
15,-0.199431,-0.130619,-0.197616,-0.063317,-0.173411,0.047624,-0.167078,0.005474,-0.263818,-0.081306,0.28109,0.146091,-0.40006,-0.127392,-0.141362,1.0,0.08687,-0.283225,0.247276,-0.052066,-0.191176,0.168669,-0.286538,0.021851,0.064362,0.022011,-0.088045,0.0609,0.023921,-0.229216,-0.061274,0.070039,-0.053981,0.066162,0.333182,0.153785,-0.091237,0.176238,-0.168555,0.169958,0.043936,-0.342934,0.074764,0.037669,-0.078527,0.153064,-0.441265,-0.281261,0.05971,0.13075,0.136591,0.11109,-0.0908,0.113227,-0.052585,0.179956,0.081162,-0.095494,0.064161,-0.050395,-0.027323,0.019726,0.158154,0.006866,0.098194,-0.399862,-0.207587,-0.16608,0.007722,0.220263,-0.100344,-0.021108,0.28494,0.045655,0.16283,-0.099235,-0.103453,0.024166,0.094947,0.07083,-0.057495,-0.07896,0.236827,-0.063137,0.195292,0.000387,0.146571,-0.299187,0.007054,0.183888,0.256906,-0.148317,0.111622,-0.370731,0.016793,0.093612,-0.097197,-0.141952,-0.325733,0.02156,0.025014,0.018626,-0.08367,0.013407,0.130284,-0.032297,0.153007,-0.100025,0.035258,-0.072146,-0.248696,-0.088547,0.123581,0.173763,-0.162641,-0.119916,0.136102,0.221131,-0.117609,0.337605,0.123376,0.249259,-0.004406,0.007985,-0.016476,-0.057095,0.280929,0.02384,0.006824,-0.094709,-0.015821,0.169883,0.048683,-0.037416,-0.083101,0.133572,-0.120475,-0.058579,-0.310441,-0.036395,-0.074602,0.106981,-0.057757,0.271103,-0.170808,-0.02324,-0.094161,-0.366615,-0.109518,-0.10828,0.003952,0.146995,-0.181901,0.196939,-0.002907,0.003795,-0.451626,-0.163546,-0.063549,0.178257,0.011164,-0.014212,-0.174584,-0.081546,-0.358014,-0.208903,0.084436,0.159935,0.02568,0.152196,-0.0911,0.053866,-0.069825,0.176922,-0.080205,-0.006136,-0.009587,0.029526,-0.294209,0.275233,0.112241,-0.035081,0.276642,0.093887,-0.268529,-0.023952,-0.273555,-0.094609,0.200617,-0.277065,-0.332716,-0.2139,-0.093034,-0.042989,0.034352,0.156284,0.135212,0.141697,-0.104381,-0.148238,#
16,0.17606,-0.037362,0.032412,-0.069224,0.205176,0.147113,-0.115279,0.011841,-0.28247,-0.271362,0.087839,0.004257,-0.201176,-0.344571,-0.10586,0.08687,1.0,-0.110275,-0.154542,-0.299014,-0.180065,-0.166194,-0.312926,-0.124216,-0.127788,-0.0012,-0.369181,-0.108262,-0.2255,-0.115612,0.065276,-0.183857,-0.033718,-0.297492,0.161188,0.204234,-0.079569,-0.053162,-0.099647,0.142676,-0.191486,-0.291379,-0.161735,0.187129,0.138084,0.196428,-0.333924,-0.320529,-0.008977,-0.117719,0.021069,-0.089358,-0.010348,-0.03905,0.174328,-0.041245,-0.249925,-0.009225,-0.116236,0.100848,-0.172856,-0.096671,0.188057,0.02191,0.076361,-0.035877,0.067405,-0.089943,-0.095761,-0.022575,-0.24153,0.162591,0.08068,-0.169363,-0.029428,0.163126,-0.015678,0.012154,-0.003529,-0.131049,-0.167504,0.04266,-0.138332,-0.007267,-0.006761,-0.304139,-0.282967,-0.240561,0.027615,-0.178642,-0.10802,-0.251875,0.150835,-0.427213,-0.083872,-0.304228,-0.078082,-0.150205,-0.357963,0.014734,0.231613,-0.167184,-0.015075,-0.01897,-0.057716,-0.146561,-0.118018,0.109212,-0.147609,0.172176,-0.178794,-0.106619,-0.068247,-0.13505,-0.144999,0.129045,-0.060809,-0.223594,-0.358231,0.222986,-0.355264,0.133231,-0.374349,0.16789,0.10071,-0.266833,-0.065507,-0.019979,-0.214712,-0.077424,-0.140179,0.123402,-0.073324,-0.191488,-0.033298,-0.292553,0.32504,-0.285504,-0.561686,-0.145561,-0.206366,0.158191,-0.015545,-0.05264,-0.017092,-0.083313,-0.147077,0.021649,-0.010498,-0.047747,-0.044083,0.214545,-0.223167,-0.067417,-0.186454,-0.446747,-0.243993,-0.112161,-0.257329,-0.09494,-0.022569,0.026704,-0.007333,-0.358392,-0.202709,-0.012332,-0.073467,-0.143116,0.085132,-0.258755,0.319734,-0.177385,-0.30387,0.159346,-0.150009,-0.115973,-0.148998,0.056521,-0.090693,0.121919,0.005198,0.059911,0.485891,0.130319,0.093877,-0.045441,0.092191,0.235516,0.406969,-0.007071,-0.092437,0.249571,0.202856,0.263954,-0.157485,0.520995,-0.117,-0.144008,-0.486311,0.169559,#
17,0.339481,0.300244,-0.080017,-0.041111,0.188903,-0.000539,0.006479,-0.056918,0.215836,0.238253,-0.078143,-0.009617,0.322053,0.210322,-0.073199,-0.283225,-0.110275,1.0,0.15612,-0.024009,0.342216,0.090247,0.270759,-0.215528,0.01212,-0.03198,0.077721,0.063005,0.085414,0.214661,-0.148966,0.013774,0.074497,-0.015075,0.007164,-0.077331,0.021262,-0.185611,0.038211,-0.185406,0.058307,0.151229,0.199051,-0.111537,-0.167106,-0.243069,0.232359,0.284041,-0.018738,-0.13945,0.364142,-0.060485,-0.155705,-0.01079,0.080881,-0.179919,-0.099839,-0.021142,0.053652,-0.063863,0.076957,0.213312,-0.223713,-0.066557,-0.003455,0.334508,0.132752,0.353597,0.268551,0.232882,0.020495,0.038843,-0.360532,-0.010896,-0.00859,0.219685,-0.17824,-0.191417,-0.082757,-0.356303,0.017513,-0.128503,-0.19717,-0.080705,-0.076804,0.190026,-0.207812,0.104258,0.205546,-0.019254,0.024049,-0.082926,-0.113571,0.294438,-0.084094,0.109482,0.182096,-0.199855,-0.059562,-0.427549,-0.223057,-0.271055,-0.212624,0.06174,-0.220155,-0.108755,-0.166449,-0.296558,-0.372216,0.007989,0.357085,0.000588,0.14115,-0.181593,0.04659,-0.07636,-0.4445,-0.118071,0.403452,-0.321249,-0.165967,-0.120001,-0.086603,-0.30134,-0.157325,0.223247,-0.007954,-0.011078,0.092419,-0.165791,0.079187,-0.157687,0.041876,-0.033399,-0.083868,-0.095925,-0.018118,-0.14156,0.290923,-0.035463,-0.087958,-0.005961,-0.132664,-0.222925,-0.125557,0.120805,-0.083021,0.279349,-0.125561,-0.153655,-0.252809,-0.135857,0.144751,-0.17708,-0.215385,-0.043001,0.402559,0.382905,-0.295438,-0.212313,-0.191263,0.007339,0.178452,0.215384,-0.117582,0.517344,-0.071133,-0.046869,-0.122606,-0.005306,-0.147713,0.169322,-0.148306,-0.209365,-0.008895,-0.237287,0.041673,0.067279,0.294783,-0.183871,-0.007408,0.046821,-0.32384,-0.114731,0.096153,-0.144384,0.196294,0.163557,-0.399597,0.344296,0.027981,0.078651,0.004427,0.078932,-0.046813,-0.069068,0.082553,-0.199966,0.210483,0.117245,#
18,0.089661,0.30184,-0.025429,-0.037559,-0.064721,-0.274233,0.042028,-0.145766,0.194214,0.139198,-0.01617,-0.366722,0.097241,0.10035,0.006563,0.247276,-0.154542,0.15612,1.0,-0.150227,0.373987,-0.310933,-0.017629,0.029661,-0.059136,-0.108485,0.152449,0.141366,0.172114,0.164599,-0.156041,-0.12744,0.214352,-0.029566,0.043931,0.044436,0.135706,0.098829,-0.215103,0.005498,0.058025,-0.322175,0.026037,0.020811,-0.017809,-0.177477,0.143135,0.001803,0.21281,-0.015986,0.026869,0.101393,-0.114797,0.120449,0.16148,0.005167,-0.059639,-0.099981,-0.004505,-0.231927,-8.3e-05,0.146013,-0.020074,0.126257,-0.092215,0.07362,0.020688,-0.034193,0.042324,-0.018026,-0.17669,-0.178346,-0.000173,-0.045087,0.124304,0.074638,-0.179197,-0.038222,0.101409,-0.203038,-0.218219,-0.113989,0.031597,0.230185,-0.066047,0.024106,-0.039591,-0.049928,-0.02438,0.210157,0.098404,-0.185794,-0.30017,-0.178544,-0.129019,-0.067994,-0.000892,-0.137838,-0.032021,-0.056403,-0.038534,-0.140924,-0.268105,-0.200054,-0.138191,0.126121,-0.301012,0.008599,-0.166828,-0.072734,0.163037,-0.093083,0.211675,-0.15497,0.024986,-0.159961,-0.02696,0.094206,0.201292,-0.156153,-0.028875,0.201986,-0.125036,-0.208849,-0.032511,0.01955,-0.053349,-0.010313,0.097378,-0.278436,0.056233,-0.146946,0.029041,0.131682,-0.100752,0.046881,-0.117974,-0.046142,-0.000641,-0.028816,-0.213218,-0.042822,-0.269525,0.009565,0.086149,0.076981,-0.01328,0.150836,-0.083164,-0.170078,-0.056575,-0.050895,0.105537,0.080158,-0.056835,-0.017906,-0.013349,0.246137,0.023169,0.159059,-0.070051,0.03016,-0.019675,0.105208,-0.138457,-0.037493,-0.023228,0.048298,-0.011843,0.071444,-0.2335,0.066452,0.097921,0.008624,0.140294,0.158678,0.083819,0.170886,0.065389,-0.171359,-0.038991,0.073221,-0.034284,-0.197715,0.103254,0.007028,-0.084675,0.070409,-0.127238,0.144954,0.005368,-0.057561,0.178598,0.17702,-0.070472,-0.134437,0.150059,-0.084702,-0.130565,-0.105711,#
19,-0.245511,-0.10213,-0.038781,0.188452,-0.041629,0.1544,0.079509,-0.056126,-0.044802,-0.200122,-0.071444,0.031613,0.13583,0.101596,0.055718,-0.052066,-0.299014,-0.024009,-0.150227,1.0,0.078779,0.168644,0.093503,-0.178018,0.087225,-0.178643,0.141197,-0.118504,-0.104316,-0.181194,-0.086591,0.125889,0.057039,-0.049987,0.002333,-0.304006,-0.007288,0.140437,-0.105449,-0.113852,0.344915,0.42506,-0.109985,-0.233283,-0.002933,0.054342,0.249786,0.361662,0.196933,0.036641,0.166265,0.060989,0.064184,0.095332,-0.124142,0.301747,0.192799,-0.254727,0.17532,-0.020805,-0.078905,-0.134554,0.08648,0.069311,-0.005029,0.035332,0.225024,0.175823,0.016437,0.127209,0.292727,0.052078,0.175747,0.185141,0.112577,-0.260031,0.308225,0.079656,0.222156,0.045505,0.334428,0.126451,0.11678,-0.258978,0.205054,0.151693,0.10991,0.33712,0.213315,0.062385,0.308255,0.154157,0.162138,0.238015,0.132601,0.242225,0.345006,0.108497,-0.039313,0.093979,0.081597,0.261159,0.055027,0.110968,0.16599,0.279868,0.205009,-0.2271,0.169124,-0.034458,0.32941,-0.260202,0.156528,0.153489,0.153519,-0.006321,-0.050207,0.356171,0.049314,0.022769,0.280618,-0.029259,0.377947,-0.089284,0.201841,0.144349,-0.017418,0.141509,0.108127,0.309802,0.021935,0.22121,-0.008552,-0.037419,0.210581,0.122655,-0.132876,0.227959,0.05977,0.257986,0.381574,-0.093838,0.025848,0.088537,0.029238,0.092944,-0.083437,-0.124424,0.284598,-0.114724,0.113207,0.010842,0.167827,0.258251,0.201473,0.425856,-0.010296,-0.148689,0.409662,-0.006238,-0.064448,-0.115758,-0.054079,0.357708,0.124956,-0.005739,0.350667,0.221349,-0.23203,0.19914,-0.324476,-0.049334,0.300957,0.141617,-0.084631,0.203649,0.316467,-0.210878,-0.113612,0.063238,-0.010101,-0.049844,-0.032553,-0.055595,-0.239992,-0.069889,0.006061,0.081241,-0.266914,-0.183372,0.151088,-0.169737,-0.185793,-0.270496,0.058693,-0.309665,-0.077399,0.182049,0.088571,0.065151,#
20,-0.121203,0.139727,-0.039701,0.103807,-0.114729,-0.284627,0.027576,-0.006786,0.089934,-0.081811,-0.208492,-0.347451,0.176531,0.063733,0.054245,-0.191176,-0.180065,0.342216,0.373987,0.078779,1.0,-0.121351,-0.05433,0.097791,0.157748,0.154666,-0.04683,0.002865,0.040673,0.106014,0.09919,-0.208358,0.069952,0.128613,0.012806,-0.072562,0.162895,-0.177367,0.069685,-0.116326,-0.043624,-0.037214,0.061769,-0.196855,-0.055113,0.124858,0.252804,0.012186,0.10321,-0.076583,0.08746,-0.007668,-0.219621,0.334769,-0.04073,0.129549,-0.079069,0.047774,0.059694,-0.049659,0.140615,0.170477,-0.166244,0.000381,-0.197891,0.04934,-0.06107,0.158962,0.05294,-0.157053,-0.187979,0.132274,-0.128123,0.215482,0.199004,-0.076884,0.156427,0.053325,0.015852,-0.152756,0.073983,0.016877,0.133982,-0.012415,-0.046333,-0.048411,0.099857,0.239559,0.202562,0.188771,0.172986,0.035067,0.076291,0.142986,-0.205627,0.053561,0.1665,-0.109592,0.035869,0.076232,0.029754,0.003845,-0.087319,-0.087206,-0.101719,0.032108,-0.069321,0.047187,-0.035331,-0.147252,0.147241,-0.184948,0.139242,0.063574,0.224972,0.257308,0.033529,0.137369,0.200099,0.057873,0.114058,0.355352,0.066556,-0.068901,0.215044,-0.021843,-0.041038,-0.011894,0.123865,0.130585,0.20376,-0.189871,0.21225,0.012407,0.118036,0.175459,-0.184754,0.096762,0.113552,0.283788,-0.06659,-0.046967,0.167974,-0.067874,0.299352,0.065919,0.191002,0.186315,0.055671,-0.141796,-0.098256,0.13067,0.33204,-0.004892,0.101201,0.196486,0.152801,0.039262,0.160206,-0.043045,-0.013444,0.062237,0.044108,0.094036,0.149513,0.266384,-0.009919,-0.086873,-0.128879,0.205565,-0.212596,0.220742,0.150298,0.02699,-0.10957,0.054315,0.123734,0.070338,0.104226,-0.091034,-0.023443,0.023761,0.008899,-0.022315,0.081609,-0.013645,-0.02441,0.263479,-0.108915,0.025442,0.072256,0.09467,-0.179579,-0.09651,-0.114678,-0.064598,-0.042321,0.061149,0.243994,-0.035447,#
