0,1.0,0.220355,-0.032785,-0.131595,0.333846,0.013262,0.045074,-0.017923,0.297455,-0.01603,-0.273907,0.100954,0.104908,0.110769,0.376854,-0.095914,0.093938,-0.012747,-0.072114,-0.10981,-0.233221,-0.090497,-0.193915,-0.073087,0.249467,-0.251601,0.026969,-0.189132,0.241526,0.079315,-0.390867,0.049184,-0.060218,-0.082655,-0.116826,0.079947,0.1869,-0.043972,-0.090527,0.102882,0.012856,-0.207169,-0.257789,0.106272,0.177348,0.051936,0.26637,0.117421,0.041229,0.097208,-0.238988,-0.17578,0.176335,-0.001419,0.046027,0.028748,-0.085813,0.083728,-0.159951,0.201231,0.129327,0.261164,0.150393,-0.162093,-0.09377,0.049498,-0.057613,-0.053625,0.153168,-0.081805,0.072916,-0.288019,0.045837,-0.12375,-0.136454,0.061637,-0.085215,-0.277971,-0.091362,-0.024812,0.133939,-0.35347,-0.018316,-0.422947,-0.055399,-0.002075,-0.294536,-0.123987,-0.108975,-0.365493,0.032596,-0.214185,0.060314,0.068068,-0.06688,-0.110102,-0.207896,-0.086496,0.018499,-0.17714,-0.053225,-0.257491,-0.221456,-0.101367,-0.030704,-0.171102,-0.000238,-0.159671,0.084607,-0.45878,0.046295,-0.102431,-0.009178,-0.269893,-0.117624,-0.334795,-0.15486,-0.246574,0.067866,-0.404909,0.053992,-0.091108,-0.257134,-0.101427,0.064385,-0.132446,-0.109656,0.090159,-0.134772,0.000708,0.115066,-0.283378,-0.206797,-0.014554,-0.00491,-0.201491,-0.009094,-0.204925,0.105124,-0.181743,-0.068963,-0.364061,0.067119,-0.280255,-0.301428,-0.085014,-0.067396,0.152092,-0.238441,-0.111451,-0.245675,0.021531,0.386088,-0.174219,0.080517,0.103455,0.125806,0.203685,-0.207433,-0.044015,-0.204565,-0.059005,0.033713,-0.059047,-0.135626,0.190479,-0.009028,0.17628,-0.108446,-0.306886,-0.031671,0.112067,-0.034126,-0.150562,0.127982,-0.028892,0.12159,0.084037,0.201897,-0.399619,0.077372,-0.00916,-0.09129,0.136695,0.182373,-0.176499,0.349205,-0.073799,-0.016304,0.221239,-0.21935,0.001652,0.139726,0.220195,-0.034448,0.058041,-0.121184,-0.237988,0.058696,-0.053488,#
1,0.220355,1.0,-0.169508,0.014679,0.235155,0.156803,-0.067915,-0.253067,0.071839,0.029031,-0.047193,-0.005563,0.066343,0.095784,0.142966,-0.095328,-0.235363,0.123872,-0.154199,0.036135,0.159776,0.308467,0.22617,0.029116,0.057067,-0.310255,0.185158,0.016857,0.248945,0.310141,-0.355472,-0.106548,0.112119,-0.208483,-0.096585,0.110993,0.298442,-0.443313,0.172942,0.151436,0.239602,0.075356,0.137122,0.035421,-0.102629,0.14876,0.066644,0.370297,-0.034204,-0.093653,-0.066914,-0.340562,0.074515,-0.03605,0.0165,-0.102363,-0.089025,0.291389,-0.035776,0.169916,0.091318,-0.020575,0.092033,0.010765,-0.058694,0.254882,-0.046573,0.363278,0.40649,0.109501,-0.326885,-0.15636,0.211912,-0.085609,-0.169856,0.076554,-0.269135,-0.055447,-0.171186,-0.151323,-0.286294,-0.482805,-0.241612,-0.129996,-0.087202,-0.232223,-0.072361,-0.36801,-0.164804,-0.151223,-0.266204,-0.180757,-0.168451,-0.107089,-0.281087,-0.079222,-0.398711,-0.220946,-0.212838,-0.227287,0.072945,-0.136599,-0.169872,-0.180833,0.024104,-0.263096,-0.3858,-0.203662,-0.059748,-0.080228,0.1322,-0.097961,-0.420681,-0.427146,0.098645,-0.11101,-0.225488,-0.054405,-0.082749,-0.197861,-0.243641,-0.326914,-0.187919,-0.226675,-0.010024,-0.094465,0.011856,0.15655,0.068899,-0.212626,-0.01191,-0.27135,-0.233019,-0.135771,-0.138062,-0.286424,-0.173147,-0.275092,0.304494,-0.39702,-0.260425,-0.073063,-0.009139,-0.387022,-0.006574,-0.150339,-0.117672,0.172986,-0.180034,-0.09712,-0.376383,-0.285543,-0.069542,-0.16906,-0.054892,-0.011598,-0.134814,0.280123,0.014043,-0.310443,0.031664,-0.042056,-0.279647,0.075658,-0.273806,0.364606,0.023461,-0.354771,-0.00534,-0.18176,-0.135374,0.074867,-0.342687,-0.079315,0.109696,-0.145887,-0.114161,-0.127068,0.339699,-0.252584,0.315321,-0.032229,-0.226671,0.235005,0.371793,-0.367819,-0.041397,-0.102659,-0.004082,0.379879,-0.144922,0.274735,0.328775,0.295886,0.108445,-0.258358,0.079117,-0.279593,-0.056927,0.161602,#
2,-0.032785,-0.169508,1.0,0.200812,-0.042237,-0.016648,0.101231,0.015936,0.323698,-0.089375,0.071335,0.18507,-0.234275,0.088256,-0.052881,-0.215399,-0.130748,0.196396,0.151457,0.202118,-0.321965,-0.130778,-0.019578,0.158684,0.034462,-0.021913,0.045725,-0.083211,0.278537,-0.175589,0.046171,0.336456,-0.363136,0.120362,-0.208165,-0.033057,-0.058325,0.019226,0.098538,-0.350434,-0.281557,0.179218,-0.052906,-0.07392,-0.091394,-0.183827,0.210813,0.051503,-0.210615,0.283914,-0.030957,0.252636,-0.147554,0.104502,-0.180237,-0.08483,-0.017054,-0.076923,-0.471924,-0.165679,0.204749,0.081253,-0.038414,-0.101468,-0.009195,-0.028743,0.152033,-0.112715,-0.129993,0.162351,0.242438,0.097122,0.068092,0.186059,-0.170685,0.18376,-0.042065,-0.058421,0.062722,-0.158995,-0.051683,0.101642,-0.092342,0.509599,0.014501,0.161033,-0.166599,-0.053445,-0.045186,-0.167222,0.18319,0.039662,0.18814,0.29463,0.02692,0.142253,0.205831,-0.046077,0.07043,0.090056,-0.241027,-0.133824,-0.09434,0.182055,-0.083819,0.180708,0.281355,0.255175,-0.00012,0.204968,0.117818,-0.142546,0.097716,0.242156,0.053162,0.040246,-0.221043,-0.040538,0.083551,0.174487,-0.099304,0.263473,0.162425,-0.093294,-0.093028,0.241752,0.150061,-0.262484,-0.155917,-0.050857,0.322147,0.212473,-0.077523,0.072013,0.062957,0.096783,0.092291,0.27257,0.004287,0.058198,0.33463,0.127142,-0.092615,-0.235867,0.092136,0.021012,0.18817,-0.06826,-0.168269,0.106891,0.261446,0.286517,0.316301,0.249811,0.219924,-0.053434,-0.00491,0.096367,0.236848,0.040562,0.041955,-0.156114,0.3875,0.08296,0.084419,-0.27851,0.00149,-0.143695,0.189054,-0.085456,-0.017841,0.213576,-0.015304,0.085954,-0.046928,0.166747,-0.020666,0.391905,-0.082747,-0.000834,0.025664,0.149236,0.101506,-0.127861,-0.25943,0.352651,0.064544,0.21566,-0.177641,0.057552,0.167233,-0.221063,-0.197425,0.014723,-0.438509,-0.167928,-0.009977,-0.140526,0.173669,-0.107508,#
3,-0.131595,0.014679,0.200812,1.0,-0.036031,-0.176133,-0.088437,0.005042,-0.324628,0.048652,-0.100092,-0.06775,-0.083757,-0.163335,-0.052135,0.133273,-0.115266,-0.061555,-0.151324,0.1896,-0.109549,0.018507,-0.197488,0.076535,-0.055892,0.064392,-0.177615,-0.05838,0.012929,-0.284754,0.082309,-0.117162,0.011942,0.356821,-0.084967,-0.208348,-0.030321,0.196707,0.01336,0.050596,-0.014733,0.015299,0.099479,-0.238675,0.007329,0.210029,-0.272816,-0.320548,0.110462,0.106756,-0.018691,0.087306,0.146346,0.146948,-0.187975,-0.003325,-0.00221,0.073386,-0.117277,-0.168101,-0.034033,-0.009488,0.1675,0.18743,-0.119032,-0.259895,-0.151888,-0.141393,-0.281649,0.068322,-0.099793,0.008126,0.190684,0.228153,-0.088153,0.152734,0.14276,0.445496,0.313619,-0.153408,0.112481,0.197288,-0.008303,0.099323,0.085893,0.077152,0.142148,-0.038295,0.114713,0.005476,0.024374,0.117081,0.256291,0.024044,-0.053377,-0.057778,-0.042665,0.188597,-0.001592,0.213788,-0.086445,0.122111,0.245272,0.259777,0.063605,0.081897,0.030167,0.132796,-0.094559,-0.056491,-0.165315,-0.142697,-0.001649,0.156891,-0.020927,0.404783,0.284953,-0.035735,-0.20163,0.271595,0.190491,-0.059845,0.159089,0.315122,0.050551,0.161733,-0.019845,-0.144897,0.158037,0.263597,-0.227759,0.023747,0.157196,0.182728,0.22565,0.27251,0.25273,0.105815,-0.234305,0.147654,0.024141,0.212465,0.08795,0.017225,0.24164,0.303216,-0.170227,-0.214533,0.006719,-0.102136,-0.113195,0.116699,0.102154,0.234707,0.202639,0.24198,-0.273499,-0.109736,0.2294,0.057764,0.290386,0.137367,0.149416,-0.08855,-0.094354,-0.186276,0.008052,-0.163265,0.273246,0.101573,-0.071544,-0.222174,0.00065,0.170158,-0.279711,0.173761,-0.005296,-0.094836,-0.475602,-0.085445,-0.115337,-0.270981,0.245298,-0.02072,-0.256558,-0.039637,-0.19656,-0.046992,0.162673,-0.246272,0.081839,-0.022006,-0.272235,-0.180755,-0.048136,0.015155,-0.065067,0.099135,-0.083428,0.059622,#
4,0.333846,0.235155,-0.042237,-0.036031,1.0,-0.008163,0.144972,0.16411,0.158665,0.075656,-0.267217,0.15736,0.130778,0.059968,0.05749,-0.110956,0.102838,0.109813,-0.131928,0.141239,0.194832,-0.128317,0.259737,-0.082473,-0.038568,-0.216554,0.042013,-0.08063,0.171513,0.094994,-0.159072,0.013015,-0.0588,-0.073476,-0.045728,0.193757,0.286633,-0.430568,-0.175965,-0.09655,0.079518,0.099464,-0.00178,-0.079851,0.099676,0.057036,0.151334,0.315009,0.296904,-0.108429,-0.033578,-0.520171,0.15555,-0.323131,-0.047161,-0.172586,-0.094523,-0.077267,0.172363,0.025419,-0.000521,0.201771,-0.150349,-0.08248,-0.142386,0.215279,0.081184,0.075773,0.238985,0.050119,0.077345,-0.436079,0.023214,-0.394123,-0.145116,0.099232,-0.257914,-0.148848,-0.389482,-0.167415,-0.095856,-0.377444,-0.268068,-0.024905,-0.248542,-0.003714,-0.469927,-0.098028,0.127053,-0.206116,-0.357387,-0.252791,-0.039622,-0.431526,-0.289507,-0.349309,-0.562016,-0.298651,-0.227061,-0.158642,-0.16418,-0.414641,-0.29305,-0.104228,-0.16384,-0.300436,-0.098573,-0.23453,-0.045431,-0.344351,0.226467,0.125249,-0.142469,-0.464367,-0.184197,0.157364,-0.180022,-0.431486,0.092846,-0.246435,-0.104831,-0.126223,-0.340656,-0.48261,-0.029726,0.154311,-0.225698,0.216779,0.015783,-0.348899,0.012775,0.011937,-0.201604,0.166186,-0.315328,-0.284214,-0.14334,-0.263657,0.106903,-0.23391,-0.162825,-0.263012,-0.120691,-0.150017,-0.362379,-0.040121,0.055808,0.215681,-0.347771,-0.204718,-0.471547,-0.039384,0.122626,-0.236671,0.065173,-0.155277,0.131831,0.395377,-0.294654,-0.158553,0.081266,-0.049002,-0.16312,0.080315,-0.1586,0.241686,0.076796,-0.007191,-0.287536,-0.001161,-0.104872,0.30337,-0.402575,-0.197367,0.012453,-0.058971,-0.06796,0.217883,0.232847,-0.434794,0.168223,-0.096161,0.005192,-0.057754,0.267274,-0.290043,0.007635,-0.07388,-0.159377,0.088064,-0.217073,0.163549,0.270794,0.107248,-0.107254,0.103101,0.36156,-0.26629,-0.129316,0.057912,#
5,0.013262,0.156803,-0.016648,-0.176133,-0.008163,1.0,0.264371,0.232051,0.198416,0.005106,0.101007,0.250371,-0.171372,0.228151,-0.174566,-0.075364,-0.074915,0.007681,-0.014275,-0.171859,0.155877,0.162439,0.189377,-0.426014,0.230184,-0.187311,0.092387,-0.024667,-0.03997,0.283146,-0.203842,0.06052,-0.107153,-0.168611,-0.21559,0.286617,0.045205,-0.069875,0.104839,-0.050127,0.214784,-0.005457,0.193906,0.03694,-0.185152,0.136936,0.07875,0.22802,0.148491,-0.027984,0.021221,-0.051525,0.149835,-0.139471,0.169969,0.151554,-0.19617,0.209846,-0.087976,0.191038,0.008304,-0.039081,-0.003165,0.041525,-0.112607,0.022163,-0.015971,0.3533,0.196068,-0.07567,-0.111257,-0.263014,0.067393,-0.22254,-0.152294,0.142228,-0.075943,-0.120255,-0.061289,-0.120144,-0.181708,-0.347515,0.09792,-0.096403,-0.134599,0.16338,-0.163581,0.011564,-0.125238,-0.102341,0.041606,-0.105682,-0.04047,-0.18624,-0.099953,-0.155725,-0.039133,-0.10956,0.133025,-0.312168,0.135216,-0.13704,0.163062,-0.339275,-0.102371,-0.34937,0.05059,-0.382749,0.017066,-0.098477,-0.086448,0.143825,-0.167057,-0.307326,0.124799,-0.274525,-0.193921,-0.221659,0.096446,-0.066316,-0.016531,-0.123684,-0.081513,-0.225801,-0.015669,-0.049927,0.104214,0.187502,-0.154991,-0.073421,-0.083678,0.011495,-0.068953,-0.120781,-0.033061,0.074871,0.069667,-0.107773,0.005811,-0.249914,-0.210043,-0.13477,-0.123752,-0.142844,-0.003022,-0.201478,0.064408,0.216944,-0.105609,-0.131049,-0.114117,-0.106876,0.042312,-0.014295,-0.130047,-0.084821,0.228976,0.023555,-0.073065,0.111173,-0.075225,0.156212,-0.072476,0.12106,0.102877,0.251238,-0.060654,-0.209667,-0.055189,-0.108853,0.142554,0.078805,0.083538,-0.119512,0.29505,-0.172879,-0.064006,0.22065,0.198786,-0.183653,0.093582,-0.056204,-0.141038,0.310373,0.233229,-0.237019,0.14342,-0.077334,-0.159944,0.313414,-0.100991,0.090237,0.224674,0.185734,0.219029,0.292549,0.134642,-0.264925,-0.183037,0.111041,#
6,0.045074,-0.067915,0.101231,-0.088437,0.144972,0.264371,1.0,0.322333,0.16527,0.072655,0.188514,0.028126,-0.014799,0.026037,0.007771,0.133209,-0.037537,0.024742,0.192727,-0.054339,0.201225,0.078011,0.058544,-0.13746,-0.000459,-0.112178,-0.001835,-0.067213,0.198289,0.039896,-0.272421,0.161178,0.198475,-0.309812,0.020747,0.047064,0.094194,-0.034204,-0.153493,-0.149984,-0.103551,0.067362,0.041952,-0.04264,-0.022535,-0.062287,0.057403,0.142149,0.117911,0.126667,0.019648,-0.104682,0.008166,-0.037292,-0.147388,-0.098916,0.158676,-0.108481,-0.179174,0.1315,0.013281,0.032067,-0.167509,0.05493,-0.176648,-0.094033,0.118525,0.051482,0.176098,0.07937,0.054646,-0.285594,0.045206,-0.048541,-0.131406,0.133643,0.071035,-0.278321,-0.364452,-0.194889,-0.087787,-0.196632,0.016627,-0.153056,-0.18366,0.207132,-0.16276,-0.057079,-0.114991,-0.079266,-0.031147,-0.086607,0.084281,-0.221209,-0.110145,0.046392,-0.194808,-0.277641,-0.265917,-0.047289,0.040138,-0.286715,-0.087964,-0.192311,0.067102,-0.117156,0.104613,-0.163881,-0.129579,-0.129525,-0.108276,0.135847,-0.031962,-0.119192,-0.103209,-0.143146,-0.261199,-0.202726,-0.022711,-0.047769,0.039227,0.002276,-0.107307,-0.313999,-0.294469,0.136568,-0.116561,0.19767,-0.113776,-0.207601,-0.06483,-0.11429,-0.080275,0.048379,-0.051729,0.032766,0.052956,-0.342299,-0.023945,-0.100753,0.055012,-0.183742,-0.089259,-0.164154,-0.12883,-0.118457,-0.052512,0.209103,-0.110195,0.011832,-0.10711,-0.030272,0.007954,-0.032552,0.118316,-0.125837,0.003438,0.291266,-0.155102,-0.213653,-0.024435,-0.179147,-0.053217,0.068637,-0.045802,0.228581,-0.11799,0.034863,0.020958,-0.05818,0.032449,0.142265,-0.147491,-0.207738,0.132313,-0.101528,-0.109311,0.306336,0.098638,-0.259993,0.086013,-0.007295,0.198909,0.39076,-0.009933,-0.020631,0.089476,-0.192095,-0.011002,-0.001651,-0.098791,0.165631,0.186583,0.181899,0.121529,0.313985,0.104645,-0.195519,0.021638,-0.084549,#
7,-0.017923,-0.253067,0.015936,0.005042,0.16411,0.232051,0.322333,1.0,-0.093989,-0.109559,-0.072745,-0.176881,0.047812,0.194653,0.16453,-0.046797,-0.14265,-0.278096,0.079328,-0.159887,-0.027498,0.110617,0.001812,-0.245171,-0.040987,0.092733,0.10975,-0.087759,-0.069649,-0.058045,0.043858,0.050891,0.064055,-0.126193,0.020184,0.142651,0.120295,0.19493,-0.161035,-0.339623,0.112621,0.301669,0.199799,0.028192,-0.056872,0.071107,0.145958,-0.084861,0.060341,-0.166648,-0.333321,-0.01587,0.016295,-0.399173,-0.048375,0.05919,-0.08387,-0.013692,-0.03573,0.101417,-0.198309,0.123588,-0.374207,0.128573,0.168901,0.185772,0.113071,0.179618,-0.098008,-0.213722,-0.085101,-0.324353,0.086807,-0.144186,-0.084391,0.04264,0.09436,-0.172916,-0.276482,-0.100518,-0.025375,-0.273628,0.127614,-0.213249,-0.097921,0.195395,-0.078022,-0.029385,-0.067162,-0.043731,0.038701,-0.170766,0.06589,-0.218639,0.026053,0.145933,-0.224225,0.030187,-0.042994,-0.109384,0.03044,-0.26466,0.186042,-0.207279,-0.101174,-0.229715,0.173709,-0.308197,0.030625,-0.185262,-0.090575,0.404199,0.090924,0.114964,-0.110637,0.054422,-0.143051,-0.096881,-0.114956,0.096845,-0.040262,-0.071647,-0.143835,-0.114114,-0.015551,0.034157,-0.14351,0.028995,0.131613,-0.008751,0.073174,0.024132,-0.077217,-0.118976,-0.012756,0.083438,0.186787,-0.040069,-0.144391,-0.107372,-0.056411,-0.274825,-0.206656,0.180347,-0.050869,-0.184175,-0.252715,0.000939,-0.02442,-0.074366,0.027666,0.159636,0.163416,0.110588,0.05771,-0.172504,0.286941,0.017885,-0.321681,0.054438,-0.044244,-0.108779,0.041977,0.033764,-0.072132,0.15651,-0.229502,0.032735,-0.207017,-0.074312,-0.079948,0.221082,-0.041102,0.086508,0.086658,0.040911,-0.136157,0.166343,-0.150853,-0.063236,-0.063641,0.031227,0.096415,0.061956,-0.02436,-0.072532,0.061396,0.206515,0.008692,-0.11158,-0.152071,0.15142,0.085977,0.098659,0.015034,0.245077,0.056325,-0.067775,-0.059683,-0.077684,#
8,0.297455,0.071839,0.323698,-0.324628,0.158665,0.198416,0.16527,-0.093989,1.0,-0.045504,0.088543,0.319279,0.03091,0.291138,-0.022481,-0.122419,0.125888,0.304762,0.254121,0.146553,-0.26458,-0.244245,0.221415,-0.191608,0.018415,-0.230881,0.073792,0.103826,0.198031,0.079684,-0.259799,0.25587,-0.19519,-0.148547,-0.15012,0.10776,0.349446,-0.218344,0.054198,-0.172476,-0.116904,0.094113,-0.200435,0.097538,0.156153,-0.137242,0.421128,0.32478,-0.045822,0.242381,0.128035,-0.045284,0.018109,0.146467,-0.226694,0.28393,-0.085114,0.096171,-0.217594,0.251223,-0.225086,0.033463,-0.095249,-0.093238,-0.068544,0.2134,0.319308,0.217091,0.27722,0.174124,0.317647,-0.10229,-0.155272,-0.073248,-0.237438,0.080047,-0.0057,-0.30875,-0.10353,0.014141,-0.036885,-0.246722,0.018173,0.231816,0.016829,0.160207,-0.292715,-0.13247,-0.136058,-0.232189,0.086196,-0.047532,-0.113297,0.202505,-0.192684,0.035824,0.045072,-0.211066,-0.005689,-0.169611,-0.189825,-0.218602,-0.216385,-0.049354,-0.055387,-0.036281,0.080548,0.064316,0.040934,-0.019694,0.151798,-0.126476,0.162383,0.007129,0.091212,-0.425476,-0.151138,-0.159985,0.23138,-0.197232,0.036462,0.050274,-0.187883,-0.542267,-0.105936,0.020653,-0.097159,0.125647,-0.258926,-0.12091,0.313223,0.196234,-0.19195,-0.04401,-0.061411,-0.131867,0.094935,0.115178,0.262381,-0.026095,0.291399,-0.026417,-0.135375,-0.224021,-0.122802,-0.318081,0.254024,0.303952,-0.104493,0.065723,0.089236,-0.088737,0.251935,-0.076438,-0.002837,-0.121214,0.139179,0.264544,-0.036357,0.109969,-0.11319,-0.125635,0.019483,0.340448,0.174346,-0.068119,-0.118425,-0.158826,-0.03527,-0.035452,-0.023975,0.185369,0.141033,-0.101538,-0.007272,-0.123832,0.025753,0.138213,0.116578,-0.24313,0.248635,0.066483,-0.225178,-0.038355,-0.007003,0.202319,0.184993,0.044032,-0.471605,0.188406,0.078705,-0.155133,-0.014537,0.141511,-0.111682,0.059542,-0.002047,-0.270122,0.063038,0.062756,#
9,-0.01603,0.029031,-0.089375,0.048652,0.075656,0.005106,0.072655,-0.109559,-0.045504,1.0,-0.20954,0.182351,0.23785,0.30405,-0.354337,0.103056,-0.288099,0.139755,-0.150399,0.108703,0.057811,-0.100273,0.04663,-0.119973,0.165847,0.022332,0.130646,-0.419314,-0.123653,0.115465,0.069902,-0.126932,0.043177,0.233974,0.066273,0.246207,-0.091688,-0.320688,-0.22511,0.072812,-0.078543,0.131969,0.209289,0.088086,0.052508,-0.09542,-0.148329,0.153041,-0.080997,0.104979,0.029999,-0.195442,0.038935,-0.067281,-0.109292,-0.068857,-0.010503,0.007078,0.21007,-0.003382,-0.044195,0.212359,0.088583,0.010262,-0.277687,0.022429,0.157927,-0.033995,0.017954,-0.036383,-0.046741,-0.244971,-0.05907,-0.059429,0.105182,-0.227669,0.076695,-0.025481,0.115823,0.193902,-0.024397,-0.012161,0.015677,-0.1765,0.175437,-0.255259,0.021689,-0.012299,-0.017236,0.28612,-0.344785,0.0397,0.046713,0.069748,-0.069076,0.075082,-0.136412,0.067967,-0.157935,0.152711,-0.190144,0.065986,0.201025,0.203222,-0.03903,0.086075,0.004479,-0.078335,-0.081429,-0.030684,-0.029555,0.157058,0.009213,0.019586,-0.038595,0.044219,-0.101479,-0.099455,0.260884,-0.152756,0.124574,0.293174,-0.03637,-0.145069,-0.239175,0.197435,-0.164643,-0.117923,0.147422,0.273152,-0.190854,0.330008,-0.041115,0.509584,-0.11176,0.120035,-0.081883,-0.092501,0.142978,-0.042591,0.163082,-0.166427,0.205786,0.137785,0.180763,0.206036,0.190383,0.003663,-0.146211,0.211276,-0.322873,-0.103333,-0.208987,0.166495,0.390124,0.183331,-0.00742,0.248215,0.029887,0.062158,0.095534,0.171519,-0.237227,0.276884,-0.04465,-0.0733,0.11825,0.206658,0.087959,0.20281,0.04743,-0.103886,0.128858,-0.148633,0.083308,0.123332,-0.119641,-0.028618,0.104904,-0.030504,0.001267,-0.134162,-0.164078,-0.009429,-0.128652,-0.073137,0.102372,-0.078938,-0.154643,0.118884,-0.036327,-0.254692,-0.050371,-0.013689,0.099145,-0.12529,-0.041121,0.0237,0.195092,-0.002821,#
10,-0.273907,-0.047193,0.071335,-0.100092,-0.267217,0.101007,0.188514,-0.072745,0.088543,-0.20954,1.0,0.093303,-0.305685,-0.2226,-0.019162,0.129831,0.340213,-0.156272,0.220865,-0.083978,0.066454,0.265506,-0.031138,0.218478,-0.142055,0.174529,-0.269537,0.293128,0.172092,-0.001591,-0.134496,0.101882,-0.298511,-0.294783,0.33476,-0.090071,-0.000167,0.041421,0.14619,0.219534,-0.24521,-0.082981,-0.007727,-0.214254,-0.101803,0.229466,-0.18341,-0.381024,0.072203,0.002148,0.099507,0.129447,-0.105824,0.180951,-0.063413,0.046456,-0.096735,-0.084106,-0.084341,-0.118603,0.094485,-0.193652,0.191598,0.210685,0.285779,-0.152934,-0.054594,-0.168384,-0.056155,-0.07878,-0.112734,0.309414,0.13664,-0.002931,-0.028228,0.195691,-0.057198,0.054788,-0.002589,-0.128448,-0.046195,0.043869,-0.275048,0.255577,-0.076512,-0.019391,0.079195,0.063679,-0.240976,-0.048056,0.204457,-0.136385,-0.045126,-0.010901,-0.085722,0.007084,-0.026062,-0.095745,-0.23408,-0.051611,0.167,0.083408,-0.31885,-0.059567,0.232167,0.035872,-0.035235,0.221818,-0.253273,0.516217,-0.258136,-0.17395,-0.159917,0.154755,-0.010286,-0.004376,-0.120099,0.082503,-0.080864,0.301482,-0.195026,-0.04725,-0.12855,0.035448,0.050606,-0.162987,0.009379,-0.081223,-0.07663,-0.043713,0.157279,-0.174346,0.080688,-0.179349,0.186533,0.168079,0.040673,-0.13781,-0.169823,-0.022851,0.009251,0.244977,-0.022926,-0.087285,0.007374,0.076276,0.137444,-0.181144,0.128799,-0.199422,0.229973,0.055466,-0.350195,-0.08361,-0.228785,-0.36155,-0.220132,-0.070351,0.077013,-0.059547,0.089633,-0.054686,-0.099428,-0.170347,-0.029279,-0.097663,-0.24988,-0.032246,0.060401,-0.00502,0.128399,-0.209366,-0.093059,-0.051413,0.080088,-0.430001,-0.36696,0.223891,-0.10988,0.129295,0.015178,0.047752,0.114027,0.269974,0.030627,0.15435,-0.218792,-0.113706,0.404702,-0.053142,-0.093925,0.338315,-0.013258,-0.06575,0.110461,0.142227,0.265683,-0.183161,-0.153801,0.029362,#
11,0.100954,-0.005563,0.18507,-0.06775,0.15736,0.250371,0.028126,-0.176881,0.319279,0.182351,0.093303,1.0,-0.146908,0.049834,-0.150463,-0.024592,0.117197,0.001045,-0.126744,-0.136608,-0.109677,-0.08916,-0.052409,0.081404,0.253908,-0.113846,-0.150497,-0.225733,0.296784,0.188258,-0.293459,0.17466,-0.414574,-0.037558,-0.216439,0.340141,-0.103527,-0.183855,0.186031,0.109167,0.084389,-0.059726,-0.130693,0.010883,-0.036068,0.136284,-0.017208,0.043237,0.209981,0.140795,0.167322,-0.109525,-0.15882,-0.051899,0.085742,-0.016852,-0.298618,-0.081129,-0.171639,-0.135161,-0.147748,0.074145,0.194676,-0.112845,-0.008491,-0.17284,0.01386,-0.06294,0.238318,0.009394,0.131753,-0.206834,-0.069665,-0.170758,-0.158581,0.19011,-0.202158,0.057043,0.000406,-0.261638,-0.050674,-0.105521,0.076148,0.151067,0.035723,0.038327,-0.21201,-0.204399,-0.11761,-0.136934,-0.007643,0.030963,-0.011405,-0.056498,-0.218184,-0.061713,-0.112682,-0.231105,0.002974,-0.132785,-0.127304,0.02705,-0.012899,-0.101603,-0.062859,-0.024109,0.025751,-0.109158,-0.140941,-0.084818,-0.222124,0.099422,-0.195705,-0.182254,-0.078111,-0.027025,-0.03725,-0.17634,0.024012,-0.024461,0.102668,0.067729,-0.196122,-0.186321,0.18682,0.035979,-0.092073,-0.174236,-0.173429,-0.156989,-0.04818,-0.065091,-0.009953,0.159282,-0.161282,0.060899,-0.038812,-0.071158,0.227632,-0.155126,0.177903,0.062756,-0.048827,-0.175527,-0.08753,-0.192853,0.270563,-0.021162,-0.118069,-0.267369,-0.128982,0.008207,0.102654,-0.113491,-0.082943,-0.170371,0.216658,-0.086955,0.071404,0.089807,0.155659,0.037831,-0.059133,-0.049525,-0.1543,-0.135647,0.088887,-0.12031,0.236791,0.067211,0.036771,-0.119159,-0.007653,-0.357679,0.165347,-0.228955,-0.22017,0.01093,0.170242,-0.100535,0.070651,-0.012995,0.006296,0.096551,0.144549,-0.136577,0.087899,-0.139317,-0.222748,0.192043,-0.046576,0.138205,-0.017153,-0.09594,0.041795,0.024414,0.166277,-0.255696,0.025504,0.112519,#
12,0.104908,0.066343,-0.234275,-0.083757,0.130778,-0.171372,-0.014799,0.047812,0.03091,0.23785,-0.305685,-0.146908,1.0,0.212787,0.173496,0.16015,-0.153305,0.178849,0.001625,-0.022964,0.118538,0.135557,0.076184,-0.009736,-0.142717,-0.01446,0.234672,-0.031993,-0.006728,-0.078282,-0.039121,0.22361,0.269201,0.025518,-0.147108,-0.092663,0.215852,-0.199632,-0.240634,0.059911,-0.076162,0.273501,0.165447,0.303813,0.223792,-0.068601,0.099412,0.133604,-0.085992,-0.055575,-0.027975,-0.163185,0.121256,-0.150485,-0.061716,-0.146096,-0.211826,0.301832,0.117893,0.012985,-0.236709,-0.109073,-0.366801,0.046436,0.039616,0.301059,0.059061,0.065455,0.204007,-0.122473,-0.104353,-0.236851,-0.129938,-0.035685,0.028234,0.052459,-0.064257,-0.158555,-0.18215,-0.131828,-0.06929,-0.311868,0.09699,-0.170465,0.025469,-0.356903,0.07386,-0.05511,-0.309962,0.007641,-0.119924,-0.335648,-0.052806,-0.102034,-0.017248,0.069947,-0.122821,-0.026653,-0.185013,-0.248425,0.062192,-0.156306,-0.123465,-0.169721,-0.030277,0.019366,-0.15022,-0.163091,-0.084845,-0.18309,0.18718,-0.11628,-0.018262,-0.111555,-0.124435,-0.105161,-0.095725,-0.086374,-0.080842,-0.254181,-0.009896,-0.112865,-0.149706,-0.230593,-0.295967,0.099138,-0.292238,0.078209,-0.150235,-0.170374,-0.244074,-0.007251,0.001348,-0.065937,-0.169669,-0.166203,-0.037941,0.02284,0.159086,-0.161396,-0.140115,-0.093595,-0.274787,0.099651,-0.240681,0.044491,-0.103221,0.256953,-0.493318,0.105161,0.017637,-0.046506,-0.031328,-0.14226,-0.223114,-0.094324,0.171498,0.190986,-0.40872,-0.200391,-0.11897,-0.076932,-0.159697,0.022431,0.002436,0.123313,-0.154364,0.082176,-0.193085,0.031517,-0.010657,0.149455,-0.106782,-0.13978,0.084558,0.06662,-0.078925,-0.016596,0.143762,-0.237122,0.128337,0.071003,-0.084373,0.131205,0.101149,-0.121016,0.055622,0.015713,-0.078232,0.213621,-0.147326,0.04998,0.217822,0.217224,0.049786,-0.021254,-0.017268,0.022732,0.060706,0.011074,#
13,0.110769,0.095784,0.088256,-0.163335,0.059968,0.228151,0.026037,0.194653,0.291138,0.30405,-0.2226,0.049834,0.212787,1.0,0.04711,-0.081384,-0.215001,0.290307,-0.023477,0.160614,-0.154823,-0.037502,0.030124,-0.315935,0.078129,0.044317,0.223762,-0.247031,-0.005386,0.129353,-0.057787,0.126842,0.008868,-0.13663,-0.222508,0.314379,0.1413,-0.133497,-0.161688,-0.34006,-0.0112,0.27213,0.009365,0.206324,0.201663,-0.28628,0.358827,0.20554,-0.025356,0.056445,-0.103705,-0.01709,-0.033809,-0.08833,-0.403125,0.041812,0.256829,0.077993,0.226619,0.242216,-0.211409,0.218954,-0.108251,-0.20382,-0.026555,0.251748,0.251936,0.315146,0.159074,-0.018316,-0.074483,-0.2169,-0.109566,0.063995,-0.026504,0.049247,-0.051733,-0.216513,-0.182229,0.184744,0.08848,-0.270034,0.013607,-0.063449,0.214923,0.026399,-0.098204,-0.325449,-0.266223,-0.096509,-0.21895,-0.002902,-0.005743,0.15836,-0.176384,0.021941,-0.027303,-0.030177,0.048715,-0.169745,-0.178357,-0.136874,-0.018381,-0.081896,-0.117422,-0.195726,0.021436,-0.324772,0.145405,-0.233296,0.222216,0.133501,-0.019057,0.141599,0.034663,-0.20587,-0.329272,-0.10855,0.337942,-0.447937,-0.074531,0.003964,0.05906,-0.221229,0.017437,-0.033974,-0.287507,0.033417,-0.149607,-0.127597,0.007587,0.308323,-0.403247,0.027171,-0.064174,-0.164169,0.062924,0.26289,0.239335,-0.104932,0.069287,-0.359649,-0.184959,-0.062021,-0.062094,-0.156059,0.099566,0.3255,-0.211087,0.378936,-0.173259,0.096683,-0.0686,0.088219,0.115117,-0.142411,0.350331,0.398238,-0.148166,0.152555,-0.214377,-0.033347,0.023126,0.540917,0.124561,0.194993,-0.010257,0.064242,-0.084794,-0.06534,-0.00324,0.152777,-0.085262,0.033253,0.027256,0.078197,0.04153,0.010225,0.235657,-0.193873,0.222987,0.157316,-0.430567,-0.111398,0.154306,-0.105082,0.195181,0.172939,-0.398764,0.216114,-0.014447,-0.214877,0.309089,0.134537,-0.009327,-0.221018,-0.223415,-0.149528,0.299738,0.105256,#
14,0.376854,0.142966,-0.052881,-0.052135,0.05749,-0.174566,0.007771,0.16453,-0.022481,-0.354337,-0.019162,-0.150463,0.173496,0.04711,1.0,0.152207,0.184275,-0.257788,-0.111776,-0.198399,-0.327259,0.072707,0.028056,-0.067486,-0.234401,-0.139444,-0.087961,-0.165807,0.164182,-0.152554,-0.403951,0.333539,-0.02367,-0.102721,0.010828,-0.136309,0.082418,0.226389,-0.036304,-0.086298,-0.006082,-0.082307,-0.230273,-0.018724,0.246527,0.155156,0.506261,-0.183936,0.04023,0.043315,-0.318744,0.126733,-0.074973,-0.151299,-0.013137,0.162102,-0.039626,0.071089,-0.295458,0.030024,0.134741,-0.00501,0.027732,0.037072,0.224326,0.175317,-0.191478,-0.073982,0.058811,-0.238794,0.114984,-0.111303,-0.216371,-0.072331,-0.062975,0.083102,-0.157877,0.09159,-0.232067,-0.112787,0.001276,-0.21339,-0.030986,-0.090284,-0.214642,0.049448,-0.119617,-0.254847,-0.236665,-0.304671,0.064104,-0.278341,0.155509,-0.109659,-0.112243,0.036688,-0.123258,-0.120597,-0.269002,-0.112544,0.045594,-0.175758,-0.146215,-0.190949,-0.171051,-0.054367,-0.173486,-0.098352,0.223627,-0.146629,-0.091972,-0.092782,-0.139325,0.023726,-0.260934,-0.120964,-0.237989,0.069214,-0.147225,-0.146916,-0.206835,-0.208513,-0.13817,0.128715,0.203448,-0.131533,-0.160949,0.122077,-0.004442,-0.304142,0.088013,-0.424685,-0.280595,-0.474565,0.03437,-0.153764,0.035215,-0.187331,0.009781,-0.166231,-0.160606,-0.343968,-0.150173,-0.085387,-0.317774,0.05468,-0.179115,-0.025067,-0.23533,-0.168226,0.022441,0.149397,0.038843,-0.165876,-0.195353,-0.207312,0.13212,0.080559,-0.362382,-0.180426,-0.430211,-0.191433,0.015031,-0.392867,-0.08387,0.262086,-0.073245,0.106396,-0.090934,-0.3648,-0.007361,0.242055,-0.32457,-0.005221,0.0573,0.063704,0.110593,-0.084138,-0.043298,-0.181356,-0.036818,0.368848,0.064113,0.120198,0.1782,-0.188719,0.177172,0.177266,0.281723,-0.073494,-0.202602,0.267587,0.235278,0.320366,-0.023665,-0.134058,0.090134,-0.07761,-0.078842,0.112893,#
15,-0.095914,-0.095328,-0.215399,0.133273,-0.110956,-0.075364,0.133209,-0.046797,-0.122419,0.103056,0.129831,-0.024592,0.16015,-0.081384,0.152207,1.0,0.11221,-0.270709,-0.06036,-0.301234,-0.069273,0.017552,-0.094276,-0.269225,-0.175657,-0.078442,-0.299979,-0.026844,-0.004959,-0.023095,-0.255313,0.073136,0.095225,-0.180189,-0.0039,-0.145335,-0.108787,0.038168,0.058375,0.34175,-0.293605,-0.161126,0.075868,0.049456,0.105607,0.279604,0.057567,-0.326853,0.176344,0.080644,0.162357,-0.020801,0.181152,-0.099918,-0.020758,0.242788,0.144447,-0.020946,0.03566,0.066142,-0.097653,0.068121,0.166929,0.169318,-0.199457,-0.154914,-0.294778,0.052069,-0.120658,-0.390598,0.194852,0.001678,-0.221438,-0.087731,0.044106,-0.105884,0.000441,0.138673,-0.048334,-0.101118,0.140989,-0.008893,0.098602,-0.096944,0.143887,-0.02635,0.152115,0.226998,-0.083733,0.0555,0.212698,-0.045021,0.288924,-0.211704,-0.119691,-0.080166,-0.103009,0.048906,-0.109901,-0.008934,0.020197,0.203689,0.019733,0.057176,0.015823,0.00262,-0.219673,0.181206,-0.009865,0.037435,-0.462384,-0.217379,-0.052009,0.015691,-0.16708,-0.105778,0.07777,0.001568,-0.25813,0.093316,0.095218,-0.064225,0.087308,0.176434,0.058207,0.027457,-0.057958,-0.019489,-0.163451,-0.029254,-0.184965,-0.262007,0.002213,0.014243,-0.091567,0.050151,0.15478,-0.15541,-0.045297,0.028534,-0.09445,-0.046469,0.165606,0.054968,-0.222082,0.214469,-0.121966,-0.264351,-0.177284,-0.163991,0.023533,-0.016406,-0.326517,-0.082535,-0.324026,0.057974,-0.121829,-0.160459,-0.264961,-0.000109,-0.242381,-0.286893,-0.136621,-0.313472,-0.144627,-0.168008,-0.281054,0.098174,0.064791,-0.141711,-0.085238,-0.214082,0.115698,-0.037319,0.179297,-0.122748,-0.181331,-0.014656,-0.241836,-0.032303,-0.190022,-0.196215,0.433604,0.302379,-0.068531,-0.118187,0.076474,-0.31247,0.428046,-0.227673,-0.209448,0.326175,0.270548,-0.050522,0.155725,0.026989,0.064048,-0.112789,-0.149255,-0.016877,#
16,0.093938,-0.235363,-0.130748,-0.115266,0.102838,-0.074915,-0.037537,-0.14265,0.125888,-0.288099,0.340213,0.117197,-0.153305,-0.215001,0.184275,0.11221,1.0,-0.067732,-0.060302,-0.053258,-0.093637,-0.066903,-0.006091,0.016191,0.026663,0.089674,-0.360705,0.009042,0.074057,-0.002778,-0.175585,-0.001563,-0.099297,-0.228534,0.174913,-0.102448,-0.172603,0.027211,0.147777,0.105325,-0.141318,-0.350013,-0.373533,-0.341947,0.273936,0.339888,0.0977,-0.319353,0.038141,0.211432,0.108039,-0.05639,0.026262,0.07233,0.185163,0.221018,0.004964,-0.019408,0.082803,-0.070736,0.175225,-0.143122,0.123894,0.236948,-0.012841,-0.201823,-0.211391,-0.244695,-0.032527,-0.03772,0.265894,0.003811,-0.238873,-0.260859,-0.205748,0.158485,-0.1685,0.116943,-0.164208,-0.030818,0.050977,0.087663,-0.015714,0.119837,-0.11043,0.105508,-0.094314,0.045997,0.076509,-0.171551,0.224654,-0.030612,0.022685,-0.13266,-0.227081,-0.376663,0.013588,-0.236297,0.012752,-0.156096,0.194676,0.129118,-0.379134,-0.193829,-0.082954,0.025948,0.032061,-0.041177,-0.079929,0.246478,-0.270802,-0.10243,0.0885,-0.092117,-0.170769,-0.02794,-0.057615,-0.098522,0.180633,0.054926,-0.030277,-0.002323,-0.200805,0.008428,0.1259,-0.200829,-0.170298,0.056949,-0.173138,-0.21729,0.150614,-0.271368,0.162812,-0.056038,-0.062963,-0.10013,-0.181047,-0.287607,-0.238068,-0.060399,-0.277445,0.008233,-0.012609,0.183888,-0.299302,-0.02353,0.14162,-0.068355,0.129705,-0.291434,0.168307,0.042999,-0.199548,-0.180602,-0.249408,-0.213024,0.005196,0.091069,-0.249094,-0.015198,-0.099954,-0.043016,0.066789,-0.204868,-0.022506,-0.052641,-0.069233,0.054324,-0.09897,0.005783,0.422485,-0.109547,-0.034202,0.095089,-0.00823,-0.185363,-0.146347,0.111237,-0.126746,-0.169558,0.017879,-0.161395,0.275185,0.169145,0.064709,-0.022949,-0.007445,-0.144539,0.144379,-0.16711,-0.160211,0.304735,0.075575,-0.050827,0.068056,0.082141,0.302524,0.001652,-0.2623,0.14862,#
17,-0.012747,0.123872,0.196396,-0.061555,0.109813,0.007681,0.024742,-0.278096,0.304762,0.139755,-0.156272,0.001045,0.178849,0.290307,-0.257788,-0.270709,-0.067732,1.0,0.184285,0.037285,0.191443,-0.11915,0.177992,-0.007266,0.100897,-0.093025,0.109132,-0.074472,-0.01161,0.166008,0.262889,0.015144,0.125573,0.047875,-0.149726,0.094792,0.071592,-0.256426,0.084103,-0.231676,-0.036747,0.131939,-0.013657,0.053311,0.109556,-0.238756,0.032685,0.450416,-0.105618,-0.095004,0.155011,-0.123249,0.008343,0.120673,-0.135966,-0.145461,0.145802,0.075893,0.113346,-0.024837,0.037941,-0.065146,-0.107407,-0.275822,-0.120008,0.104093,0.103354,-0.006782,0.172622,0.234812,-0.001956,-0.119095,-0.22101,0.12128,0.029437,0.130058,-0.030445,-0.297931,-0.020296,0.084334,-0.206378,0.025587,-0.123204,0.114878,0.328143,-0.011934,-0.097637,0.060289,-0.127033,0.044632,-0.180868,-0.037336,-0.3028,0.251412,-0.027435,-0.186718,0.070596,-0.03827,0.076227,0.032538,-0.102668,-0.120088,-0.127548,0.017934,-0.085473,0.10151,0.001435,0.060267,-0.059549,-0.087333,0.283461,0.112079,0.162361,-0.078717,0.076324,-0.150126,-0.047983,0.030575,0.355099,-0.157266,-0.075256,0.194128,-0.046648,-0.2296,-0.091705,0.268508,0.001012,0.159947,-0.237934,-0.026663,0.169063,0.21841,-0.155698,0.254986,-0.068498,-0.047973,0.015399,0.196018,0.292604,-0.131087,-0.028457,0.175259,-0.024437,-0.194187,0.142279,-0.269962,0.204778,0.298467,-0.117004,0.291327,-0.019245,-0.063002,0.047909,-0.194186,0.177941,-0.016257,0.009006,0.46165,0.042893,0.237799,0.191437,0.11112,-0.027044,0.478156,0.142292,-0.044544,0.042641,-0.026614,-0.080489,0.254993,0.0121,0.01307,-0.087669,-0.052997,-0.123176,0.247951,0.065357,0.248426,0.33888,-0.206983,0.375101,-0.086474,-0.401697,-0.05055,-0.003364,0.038307,0.120162,0.095298,-0.408459,0.257161,0.197176,-0.287028,0.06752,-0.104573,-0.085865,0.002211,-0.026244,-0.085222,0.293383,-0.241102,#
18,-0.072114,-0.154199,0.151457,-0.151324,-0.131928,-0.014275,0.192727,0.079328,0.254121,-0.150399,0.220865,-0.126744,0.001625,-0.023477,-0.111776,-0.06036,-0.060302,0.184285,1.0,0.033379,0.03474,0.231705,0.08086,-0.055271,-0.200321,0.037861,-0.028817,0.418479,-0.036406,-0.038167,0.15488,0.090553,0.080293,-0.135187,0.041314,0.144806,-0.044963,0.070792,-0.049661,-0.051998,-0.044374,0.035827,0.095628,0.101964,-0.08816,-0.11109,0.017356,-0.050982,-0.187203,0.022975,0.147463,0.259971,0.12013,0.104824,-0.169054,0.123552,0.080798,-0.073746,-0.048264,-0.084153,-0.094925,-0.18889,-0.016065,-0.052588,0.084151,0.105216,0.272639,-0.121894,-0.126513,-0.020343,0.167392,-0.030371,-0.233743,0.196667,-0.004342,-0.096728,0.22169,-0.410871,-0.074632,-0.077307,-0.014328,0.073973,-0.172854,-0.036407,0.024567,0.016064,0.137362,-0.012081,0.055818,0.244887,0.072905,0.151306,-0.025821,0.002843,0.198287,0.012718,0.069087,0.101557,-0.122779,-0.206718,-0.072805,0.031443,-0.121267,0.161802,0.076116,0.128468,0.088472,0.002011,0.27035,0.001826,-0.00366,-0.165911,0.185088,0.107167,-0.057648,-0.133613,0.142218,0.133618,0.161128,-0.022073,-0.021074,-0.091408,0.097293,-0.105642,0.054422,-0.058712,0.027192,-0.07587,0.021587,0.055427,0.25348,0.109168,0.059392,-0.033384,-0.055694,-0.027574,0.153916,0.126634,-0.133432,-0.078391,0.111302,0.125383,-0.09276,-0.106474,-0.017928,-0.05309,0.05938,0.0064,0.031324,0.204251,0.273074,-0.042957,0.239584,-0.13462,-0.002942,-0.05132,0.068197,0.047632,0.046287,0.205996,0.091604,-0.065384,-0.06514,0.039143,0.380515,-0.124119,0.275943,0.048131,-0.21641,0.195766,-0.182151,0.313983,0.205451,0.028498,0.237876,-0.046314,0.026879,-0.000844,-0.087133,0.159338,-0.004617,0.229481,-0.062721,-0.037479,-0.015829,0.215182,0.058501,-0.012209,0.006791,-0.188315,0.093073,-0.012347,-0.113108,-0.17247,-0.123854,0.27415,-0.033075,0.083626,0.261055,-0.119579,#
19,-0.10981,0.036135,0.202118,0.1896,0.141239,-0.171859,-0.054339,-0.159887,0.146553,0.108703,-0.083978,-0.136608,-0.022964,0.160614,-0.198399,-0.301234,-0.053258,0.037285,0.033379,1.0,-0.125699,-0.070163,0.082156,0.043352,-0.229828,0.101578,0.01501,0.169478,-0.084423,0.011828,0.206475,0.029085,-0.024977,0.139715,0.00261,-0.026248,-0.026902,-0.139038,-0.189043,-0.070242,-0.15535,0.059927,-0.023692,0.065031,-0.036824,-0.251887,-0.096828,0.029093,-0.191353,0.119786,0.083615,0.041976,0.136334,0.176124,-0.318474,-0.001526,0.135754,-0.040086,0.051414,-0.095637,0.035831,0.034283,-0.060411,0.070414,-0.038,0.067572,0.454065,-0.077158,0.004249,0.224837,0.065369,0.078374,0.045831,0.254303,-0.152917,0.000134,0.013644,0.038483,0.0872,0.025831,0.303241,-0.041228,-0.034406,0.26751,-0.055709,0.055575,-0.024245,-0.134947,0.274078,-0.077423,-0.268765,0.102938,0.022284,0.099783,-0.208604,-0.024141,0.103023,-0.101764,-0.062965,0.109047,-0.262133,-0.116893,-0.086791,0.259261,-0.111421,0.076116,0.036292,-0.03694,0.082983,0.101046,0.47652,-0.061891,0.125554,0.121421,0.094803,0.132845,0.2297,-0.092134,0.316642,-0.095332,0.01633,0.156387,0.030113,-0.189773,-0.116719,0.062212,-0.036676,-0.005521,0.162253,-0.094817,-0.000429,0.292245,-0.073555,0.180872,0.154623,-0.105261,-0.109393,0.193983,-0.193931,0.186093,0.292774,0.061825,0.006386,-0.008454,0.15075,0.167976,0.178267,0.130769,0.084172,0.268743,-0.084688,-0.01157,0.082006,0.294116,0.248787,0.155251,-0.159272,0.204462,0.220294,-0.020263,0.029044,0.025829,0.119673,0.258332,0.251667,-0.000691,0.213929,0.058129,0.126078,0.129423,-0.167084,0.005136,-0.112388,0.262872,-0.047087,0.117317,0.14054,-0.096883,-0.150245,0.045796,0.16188,-0.066341,-0.171282,0.009459,-0.049493,0.246559,-0.124794,0.000712,-0.384274,0.020009,0.17413,-0.31652,-0.215964,-0.061036,-0.18112,-0.11508,-0.121895,0.202412,0.143772,0.154224,#
20,-0.233221,0.159776,-0.321965,-0.109549,0.194832,0.155877,0.201225,-0.027498,-0.26458,0.057811,0.066454,-0.109677,0.118538,-0.154823,-0.327259,-0.069273,-0.093637,0.191443,0.03474,-0.125699,1.0,0.198884,0.3208,0.027707,0.016784,-0.006412,0.085146,0.07108,0.068473,0.294008,0.111342,-0.139545,0.299564,-0.077046,0.055477,0.067844,0.036816,-0.253665,0.032905,-0.007807,0.207704,0.11273,0.313953,0.028449,-0.249248,-0.091516,-0.311412,0.260351,0.21729,-0.389281,0.110219,-0.369562,-0.031907,-0.11932,-0.025647,-0.273243,-0.041902,-0.071377,0.187815,-0.021526,-0.000929,-0.249736,-0.181358,-0.020227,-0.161444,0.193124,-0.024153,0.159316,0.248155,0.207744,-0.267965,-0.099546,0.191794,-0.117528,0.059587,0.158382,0.108247,-0.078704,-0.298667,-0.162174,-0.291998,-0.120162,-0.237213,-0.065405,-0.067203,-0.187236,-0.056879,0.03887,-0.018249,0.199249,-0.36804,-0.148085,-0.327168,-0.223306,-0.005186,-0.063085,-0.268254,-0.187447,-0.120611,0.076575,0.213809,-0.017677,-0.184119,-0.334218,0.15677,-0.167998,-0.078537,-0.163232,-0.150103,-0.136222,0.101415,0.129411,-0.253236,-0.406918,0.010364,0.1034,-0.097132,-0.093548,-0.026127,-0.092429,-0.033361,-0.146799,-0.033076,-0.211079,-0.310287,0.141157,-0.030184,0.068344,0.074792,-0.175032,-0.339802,-0.077605,-0.113841,0.114134,-0.172644,-0.111019,-0.280509,-0.275787,0.015207,-0.069691,-0.294036,0.105853,-0.144633,-0.220446,-0.195902,-0.06727,-0.116155,0.338036,-0.070732,-0.110335,-0.283773,-0.165494,-0.265277,-0.280071,-0.314255,-0.115954,-0.060724,0.08626,0.038674,-0.114436,0.281017,0.154134,-0.229164,0.1518,-0.184671,0.179794,0.011825,-0.156679,-0.380151,0.337608,0.040322,0.027524,-0.159222,-0.279475,0.068467,-0.229641,-0.04565,-0.014163,0.097183,-0.019961,0.199186,-0.088551,-0.059398,0.103627,0.250862,-0.280153,-0.11023,-0.191817,0.062566,0.132188,-0.130741,0.237187,0.150138,-0.110323,-0.014457,0.366727,0.141641,-0.029736,-0.153242,-0.012392,#
