0,1.0,0.326805,-0.004713,-0.238023,0.267178,0.011538,0.206826,0.138346,0.235461,0.235116,-0.124693,0.080469,0.313076,0.254492,-0.018977,-0.138358,0.115687,0.189805,0.090551,-0.267932,-0.219505,0.015215,0.266351,-0.102492,-0.262775,-0.307854,-0.07196,-0.134122,0.185412,0.442019,-0.291694,0.022774,0.103484,-0.144175,-0.144578,0.031242,-0.190307,-0.066285,-0.041905,0.097536,0.053144,0.021965,-0.091679,0.151185,-0.123319,-0.376918,0.205115,0.179408,-0.235345,0.036181,-0.027812,-0.177593,0.148639,-0.11,0.007395,-0.037511,0.06223,-0.109479,0.011495,0.146683,0.157271,0.043364,-0.154457,-0.08249,0.120459,0.36369,0.099825,0.119442,0.18304,-0.149159,-0.058286,-0.073896,-0.203137,-0.25035,-0.231863,0.295107,-0.181156,-0.220218,-0.128327,-0.091116,-0.304415,-0.165783,-0.241401,0.128637,-0.210911,-0.09365,-0.278226,-0.170881,0.013164,-0.342352,-0.395561,-0.399447,-0.302899,0.10048,-0.099673,-0.375093,-0.022492,-0.213156,-0.034094,-0.33373,0.120675,-0.431757,-0.096284,-0.123797,-0.238104,-0.004024,-0.139012,-0.021248,-0.469972,-0.064048,0.153284,0.079042,-0.215761,-0.243768,-0.404622,-0.200701,-0.34659,-0.242046,0.111304,-0.450749,-0.294139,-0.38997,-0.335362,-0.285232,-0.242351,-0.08694,-0.241494,-0.111171,-0.170643,-0.35634,-0.265684,-0.168706,-0.127186,0.158199,-0.32934,-0.2705,0.280221,-0.272263,-0.169438,-0.303109,-0.094154,-0.211215,-0.489759,-0.123792,-0.208232,-0.31718,-0.291764,0.375968,-0.214982,-0.284119,-0.324196,-0.380858,-0.228339,-0.203015,-0.381116,-0.275331,0.326902,0.400938,-0.373387,-0.145936,-0.252847,-0.020011,-0.154716,-0.252903,-0.108299,0.099319,-0.167708,-0.172434,-0.118137,-0.227473,0.146862,0.100504,-0.274202,-0.24924,0.37553,-0.396017,-0.137616,0.203584,0.297987,-0.406787,0.112882,0.215111,-0.147941,-0.031604,0.430416,-0.033794,0.204772,0.071039,-0.102709,0.584033,-0.02374,0.094788,0.360952,0.386358,-0.151512,0.406371,0.212961,-0.463061,-0.339071,0.153303,#
1,0.326805,1.0,0.056909,-0.153916,0.133486,-0.154585,0.351637,0.20742,0.24026,0.420258,-0.201891,-0.042468,0.26767,0.19335,0.295114,-0.118239,-0.152209,0.278111,0.272483,-0.176465,0.054819,0.134479,0.139097,0.067493,-0.269508,-0.094274,0.286816,0.04474,0.315098,0.510894,-0.553652,0.038211,0.167369,0.057074,-0.125297,-0.004869,-0.110605,-0.158773,-0.014865,-0.000219,-0.191153,0.231625,-0.013983,0.113766,-0.075391,-0.414909,0.301579,0.201396,-0.061815,0.291244,0.114791,-0.311269,-0.013587,0.06417,0.165742,-0.173837,-0.226978,0.041521,-0.088881,0.071945,-0.048141,0.242494,-0.439033,0.256155,0.077574,0.169045,0.046759,0.236462,0.101113,-0.289118,-0.20866,-0.183388,-0.127357,-0.262456,-0.316359,0.350543,-0.317922,-0.275082,-0.382695,-0.426865,-0.357541,-0.320607,-0.450713,0.176581,-0.418155,-0.042439,-0.255286,-0.154694,-0.211894,-0.140767,-0.205334,-0.324516,-0.421095,-0.011534,-0.25072,-0.027254,0.091456,-0.278108,-0.0222,-0.217719,-0.018993,-0.508491,-0.621251,-0.155002,-0.543404,-0.271313,-0.465265,-0.176881,-0.532528,-0.181732,0.071579,0.323706,-0.140394,-0.429419,-0.212034,-0.128977,-0.294344,-0.475818,0.050831,-0.368198,-0.384999,-0.117189,-0.41731,-0.413254,-0.066719,-0.070638,-0.310778,-0.186811,-0.20612,-0.271408,-0.343642,-0.453937,-0.294979,0.170385,-0.306272,-0.197655,0.082034,-0.124882,-0.002793,-0.370732,-0.291409,0.068214,-0.483722,-0.106683,-0.220124,-0.405719,-0.212662,0.404841,-0.345594,-0.310035,-0.259152,-0.408878,-0.169448,-0.100226,-0.399451,-0.160473,0.290311,0.37275,-0.311206,-0.013166,-0.114858,-0.105006,0.137663,0.009627,-0.119811,0.415152,-0.177208,0.002865,-0.183488,-0.012094,-0.043429,0.013388,-0.101795,-0.426361,0.42531,-0.135514,-0.251701,0.17675,0.324132,-0.319973,0.14897,0.20069,-0.120417,-0.022107,0.300197,-0.093064,0.157446,-0.172338,-0.157213,0.553719,-0.094878,0.539487,0.303759,0.208906,-0.269455,0.04347,0.282532,-0.401722,-0.190338,0.053938,#
2,-0.004713,0.056909,1.0,0.291746,0.230968,-0.330541,0.013909,-0.059309,-0.058589,0.00561,-0.103527,0.101049,-0.085806,-0.123683,-0.283209,-0.161877,-0.05243,-0.073236,-0.038149,-0.164652,-0.103617,-0.190626,0.053882,-0.094053,-0.158843,-0.099191,0.204058,-0.359913,-0.136783,0.192887,-0.073312,0.121665,-0.22798,-0.082055,-0.091828,-0.067576,0.199029,-0.13739,0.121767,-0.071417,-0.007273,0.038723,-0.082529,-0.024954,-0.128879,-0.135817,-0.097167,0.301294,-0.075411,0.044127,-0.193423,0.215099,0.157014,0.193816,-0.081853,-0.116434,-0.265906,-0.032142,-0.181301,-0.110118,-0.072735,-0.134203,-0.246772,-0.014614,-0.052823,-0.021667,-0.134618,-0.076301,0.024979,0.260806,0.113437,0.178989,0.045274,0.180028,-0.143786,0.165034,-0.157509,-0.19023,-0.141244,0.163363,0.060238,0.008887,-0.03976,0.294132,0.033446,-0.013417,0.005939,0.113578,-0.023058,-0.047928,-0.203392,-0.163508,0.062406,0.00584,-0.262078,0.084831,0.19436,-0.087278,0.153724,-0.033999,-0.065979,-0.063501,-0.013359,0.038513,-0.134593,-0.241461,0.131571,0.096243,-0.118148,0.269751,0.222311,0.01345,-0.056087,-0.011381,0.303819,-0.078166,-0.113247,-0.239664,0.065062,-0.019925,-0.207781,-0.14739,0.189609,-0.114812,-0.167975,0.028182,-0.369769,-0.024433,0.080429,0.074376,0.241226,-0.182716,-0.298609,-0.015979,-0.055272,0.006545,0.358649,0.220129,0.044936,-0.009044,0.094521,0.338179,-0.022921,-0.287965,-0.13037,0.284885,-0.086771,0.169569,-0.07399,-0.040815,-0.308479,0.042092,0.168887,-0.17042,-0.124692,-0.212399,-0.036554,0.160701,0.139178,-0.16363,0.013628,0.021887,0.234895,-0.030976,0.066678,-0.138948,-0.218257,-0.206004,0.058443,-0.056259,-0.021208,-0.102687,0.070964,-0.006743,0.006245,0.058381,-0.000224,-0.111056,-0.075362,0.056004,0.081929,-0.188997,-0.006128,0.047222,-0.066034,0.074987,-0.205277,-0.275892,-0.109644,0.069751,0.252165,0.052605,0.053798,0.087107,0.077472,-0.301711,0.189891,0.074535,0.099945,-0.066874,#
3,-0.238023,-0.153916,0.291746,1.0,-0.023402,-0.326492,-0.250183,-0.357359,-0.186427,-0.034924,0.232049,-0.212256,-0.115308,-0.268892,-0.285834,-0.170434,0.064265,-0.068508,0.035846,0.075639,0.133602,-0.332945,-0.070099,-0.044012,0.093655,0.105347,-0.012853,-0.050288,-0.111562,-0.164223,0.452381,-0.121159,-0.29533,-0.071886,-0.023097,-0.440113,0.125287,0.124162,0.030539,0.079489,0.155397,-0.114432,-0.033145,-0.162777,-0.044707,0.120453,-0.165253,-0.149005,0.367163,-0.198694,-0.081394,0.427086,-0.001605,0.16089,0.135777,0.080705,-0.011354,0.007804,-0.010157,0.023789,-0.105257,-0.036232,0.009204,-0.132626,-0.087844,-0.207782,0.092742,-0.028392,-0.183863,0.267231,0.067555,0.282891,0.274988,0.241613,0.253891,-0.215355,0.112427,-0.052022,0.395151,0.269985,0.055381,0.423294,0.257784,0.117429,0.180563,-0.055878,0.121043,0.27554,0.114078,0.273101,0.217132,0.171974,0.248141,-0.154364,0.262411,0.253498,0.161609,-0.002819,0.100393,0.280382,0.048031,-0.068892,0.357906,-0.031021,0.16783,0.262676,0.202407,0.240564,0.213714,0.315101,-0.020395,-0.125921,0.306078,0.170411,0.10948,0.064196,0.404662,0.138019,0.131908,0.075298,0.256268,0.166833,0.326521,0.082487,0.008115,0.141336,-0.071702,0.085005,0.30584,0.126998,0.476742,0.035427,0.010591,-0.014569,0.203973,0.441867,0.012159,0.227039,0.067902,0.277626,0.276985,0.3132,0.20964,-0.133035,0.208079,0.433359,0.194686,-0.143804,0.192451,0.245138,0.168168,0.337651,0.20518,0.08313,0.23592,-0.056303,-0.282375,-0.192937,0.471723,0.008042,-0.267831,0.121381,-0.054919,-0.129097,-0.04491,-0.067172,-0.03112,-0.117091,0.011061,0.127907,-0.181279,-0.173944,0.16932,0.134452,-0.277375,0.09918,0.182372,-0.022382,-0.274254,0.312488,-0.401991,-0.016514,-0.057318,-0.126533,-0.101012,-0.088489,-0.084819,0.08981,0.132241,-0.258481,0.209325,-0.124208,-0.260743,-0.032287,-0.060792,-0.22111,-0.246838,0.204194,-0.105595,-0.09489,#
4,0.267178,0.133486,0.230968,-0.023402,1.0,-0.092173,0.283385,-0.047166,0.092372,0.165906,0.179509,0.12421,0.075729,-0.106574,0.178095,-0.150556,0.305968,0.120964,-0.061277,-0.181143,-0.156426,0.026011,-0.005705,-0.090522,-0.309211,-0.13167,0.007408,-0.139653,0.15165,0.188816,-0.183907,-0.065856,-0.03312,-0.095613,-0.246657,0.110037,-0.15521,-0.242857,0.056546,0.263532,-0.097801,-0.031573,-0.22531,0.036584,-0.200272,-0.072324,0.022326,0.23682,-0.035446,0.078395,0.19939,-0.257587,0.061718,-0.055399,0.107217,-0.262963,-0.419873,0.092407,-0.312912,-0.337581,-0.022625,0.138347,-0.026139,0.086944,0.062435,0.246588,0.096157,0.036516,0.030848,0.003529,-0.211028,-0.262621,0.105539,-0.252248,-0.139155,0.406773,-0.290566,-0.474679,-0.214234,-0.357146,-0.392401,-0.217723,-0.320694,-0.16662,-0.17226,-0.226032,-0.277256,-0.365656,-0.234206,-0.178934,-0.200555,-0.260673,-0.212611,-0.167951,-0.325564,-0.091958,-0.014388,0.060477,-0.004502,-0.143004,0.037226,-0.227415,-0.108645,-0.07411,-0.251855,-0.437242,-0.228623,-0.1293,-0.261968,0.229697,0.092686,-0.152536,-0.393386,-0.342791,-0.123086,-0.203528,-0.223254,-0.319761,-0.14622,-0.082816,-0.387647,-0.169649,-0.233151,-0.158801,-0.060111,-0.179163,-0.344182,-0.146544,-0.379897,-0.11932,-0.16652,-0.345826,-0.389112,-0.283438,-0.057799,-0.348532,0.322492,-0.227591,-0.224331,-0.129549,-0.173149,0.067475,-0.038236,-0.220758,-0.331307,-0.232037,-0.174498,0.23664,-0.262898,-0.170789,-0.201408,-0.162003,-0.264475,-0.246408,-0.337256,-0.210969,0.242639,0.294771,-0.251596,-0.225758,0.010629,-0.140729,0.028782,-0.139923,-0.349589,0.232543,-0.042097,0.08016,0.130761,-0.130632,0.180143,-0.188043,-0.273697,-0.193626,0.146306,-0.227349,-0.350047,-0.144085,0.192651,-0.059088,0.132376,0.023846,0.358694,0.239226,0.13655,-0.09758,0.14695,-0.053207,-0.021369,0.210363,0.058088,0.384964,0.178156,0.248494,0.150498,-0.124806,0.171184,-0.262459,-0.505557,0.374386,#
5,0.011538,-0.154585,-0.330541,-0.326492,-0.092173,1.0,0.12151,0.230335,0.143403,0.018868,0.15912,-0.018527,-0.17077,0.235993,0.216765,0.057178,0.047564,-0.024364,-0.203164,0.15394,-0.040715,0.239173,0.034555,-0.135534,0.174531,-0.138205,0.030704,0.174354,-0.05305,-0.133596,0.002615,0.253971,-0.092301,-0.095073,-0.217941,-0.113984,-0.288635,0.125762,0.042299,-0.159663,-0.082312,0.113394,0.117425,0.23861,0.066048,-0.06169,-0.003474,-0.07055,-0.002155,0.160435,0.060415,-0.032312,0.238971,-0.238724,-0.155419,0.065123,0.081283,0.009514,0.074871,0.118823,0.13284,-0.012428,-0.002683,0.205054,0.021495,0.127883,-0.214277,0.039022,-0.151713,0.106261,0.037503,0.026675,-0.045077,-0.082878,-0.063941,0.084451,0.167586,0.227652,-0.046832,-0.019441,0.070268,-0.063836,0.031753,-0.197477,0.024464,0.151726,-0.063628,-0.305858,0.136952,-0.19375,0.039142,0.104321,-0.016303,0.117535,0.160792,0.065112,-0.057916,0.069391,-0.078686,-0.161354,-0.231517,0.120901,0.141329,-0.023206,0.131337,-0.011546,0.094267,-0.233069,-0.024096,-0.305543,0.103923,0.188527,-0.134502,-0.148497,-0.187941,-0.160097,-0.111581,0.173534,-0.161743,0.003781,0.035755,0.020604,0.089689,-0.051561,-0.17114,0.181086,0.183119,0.160726,-0.058776,0.052061,-0.019449,-0.001799,-0.044113,-0.061271,-0.043707,-0.10083,-0.101266,-0.184219,-0.137733,-0.085308,0.081588,-0.280997,-0.278788,-0.07176,0.02106,0.000688,-0.079771,-0.022173,0.301304,-0.147801,-0.046593,0.047215,0.002328,0.175323,-0.041828,0.139554,0.095827,0.046301,-0.225575,0.037852,-0.124076,-0.059853,0.058265,-0.016534,0.051423,0.031776,0.218072,0.069521,-0.042608,-0.049251,0.07542,-0.004133,-0.094044,0.243506,0.034469,0.059766,0.087144,-0.022439,0.172662,-0.044748,0.212042,0.189009,0.003887,-0.014446,-0.225904,-0.118037,0.119342,0.104919,-0.020538,0.078712,-0.019781,-0.188913,-0.00053,-0.216931,0.102678,0.084526,-0.062202,-0.014131,0.103962,0.142997,#
6,0.206826,0.351637,0.013909,-0.250183,0.283385,0.12151,1.0,0.248668,0.58562,0.084053,0.018111,-0.024859,0.329281,0.053054,0.327235,-0.180192,-0.260378,0.054898,-0.006423,0.065745,0.034321,0.276169,0.204541,-0.202346,-0.039687,-0.204201,0.166309,-0.226246,0.13497,0.291312,-0.522334,-0.054816,0.157482,-0.115426,-0.211129,0.088387,0.00108,-0.242526,-0.020286,0.172524,0.088425,0.212434,-0.217112,0.052537,-0.023465,-0.170662,0.222017,0.353349,0.023065,0.275376,0.151763,-0.298265,0.040589,-0.150034,-0.074365,0.080569,0.129134,0.059877,0.069629,0.209845,0.07806,0.100872,-0.260261,0.122597,0.335597,0.271986,-0.057026,-0.009691,0.152372,-0.222595,0.165002,-0.213138,-0.043751,-0.257349,-0.540711,0.437342,-0.1363,-0.256339,-0.317982,-0.206817,-0.202539,-0.458458,-0.252638,-0.221917,-0.528515,0.03899,-0.132473,0.016046,-0.369753,-0.324589,-0.377957,-0.359619,-0.440734,0.157265,-0.341565,-0.17419,0.059626,-0.10718,-0.023518,-0.120521,-0.131046,-0.126607,-0.145158,0.038728,-0.2506,-0.256269,0.005999,-0.20947,-0.325385,-0.245868,0.302936,0.246419,-0.311731,-0.571263,0.033882,-0.172371,-0.288614,-0.255377,-0.004863,-0.409794,-0.288439,-0.335388,-0.241988,-0.471923,-0.134429,0.037277,-0.219227,0.141204,-0.268759,-0.1253,-0.421323,-0.40897,-0.37623,-0.045112,-0.209147,-0.251623,-0.016461,-0.051256,0.057171,-0.444802,-0.317295,-0.101679,-0.247808,-0.170891,-0.179385,-0.30349,-0.39648,0.640362,-0.058244,-0.400429,-0.047197,-0.357771,-0.258566,-0.21741,-0.35746,0.086837,0.358222,0.418513,-0.104079,-0.358064,0.351424,-0.024612,0.164826,-0.067487,0.07996,0.411935,-0.020367,0.044015,-0.20361,-0.086506,-0.027793,-0.105506,-0.090652,-0.23817,0.222412,-0.17782,-0.176014,0.37881,0.644294,-0.248597,0.245135,0.444435,-0.039161,-0.153334,0.373521,0.055837,0.143643,-0.081749,-0.419603,0.387645,0.197254,0.175064,0.26,0.028406,-0.045255,0.014065,0.307415,-0.183903,-0.092525,-0.035113,#
7,0.138346,0.20742,-0.059309,-0.357359,-0.047166,0.230335,0.248668,1.0,0.224853,-0.114677,-0.221981,-0.005648,-0.005499,0.173203,0.18138,-0.06527,-0.028103,0.02512,-0.144497,-0.047659,0.170515,0.453816,0.037135,0.218132,-0.144425,0.016785,0.406345,0.192345,-0.103869,-0.103272,-0.233568,0.38455,0.048069,0.006789,-0.132357,0.01435,-0.02705,-0.42913,0.249919,-0.125928,-0.048888,0.097126,0.079161,0.09019,-0.091565,0.05986,0.072087,0.201682,-0.183668,0.029443,0.039782,-0.208801,0.09598,-0.10596,-0.294104,0.018596,0.2118,-0.068329,0.114225,0.227237,0.053919,0.039947,-0.170643,0.286242,0.165643,0.28891,-0.194348,0.135017,0.137632,-0.214342,0.144212,0.158757,-0.262519,0.066423,-0.267583,0.160999,-0.031014,0.021704,-0.343649,0.042937,0.032413,-0.098544,0.0807,-0.100868,-0.077168,0.26636,0.13776,-0.001192,0.004678,-0.169019,-0.085869,-0.103252,-0.059572,0.162629,-0.134838,0.020175,-0.013234,0.038891,-0.129395,-0.220338,-0.081611,-0.081901,0.026732,0.062989,-0.173185,-0.207197,-0.025803,-0.165338,-0.143995,-0.38713,0.076432,0.133568,-0.337917,-0.049882,0.114935,0.051175,-0.161831,0.057836,-0.250466,-0.051852,-0.064615,-0.158288,0.076635,-0.161703,0.046066,-0.021541,0.087416,-0.098323,-0.036829,0.01061,-0.29118,-0.142768,0.089205,-0.163555,0.177146,0.019778,0.098054,-0.065869,0.102698,-0.297576,-0.229682,-0.087984,-0.228407,0.139426,-0.006347,-0.135834,-0.238875,0.160472,-0.107417,-0.023489,-0.092282,-0.080789,-0.041363,-0.065741,0.124025,0.101318,0.198613,0.01944,-0.236019,0.032113,0.155134,-0.045709,0.042214,-0.049268,0.218074,0.16504,-0.030501,-0.139922,-0.167944,0.052954,-0.046834,-0.007026,-0.316237,-0.12538,0.011172,-0.050108,-0.044341,0.018776,0.148125,-0.40711,0.123854,0.037682,0.109595,0.054119,-0.035455,-0.007986,0.068556,-0.117953,-0.079172,0.138819,0.208831,0.204084,0.110961,-0.26407,0.010424,0.183596,-0.065507,-0.221158,-0.020578,0.0645,#
8,0.235461,0.24026,-0.058589,-0.186427,0.092372,0.143403,0.58562,0.224853,1.0,0.186808,-0.09638,-0.043591,0.352673,0.131924,0.257278,-0.262315,-0.419706,0.180679,0.157975,0.039574,0.021837,0.135911,0.295876,-0.033319,0.154638,-0.377832,0.23373,0.014671,0.349211,0.233099,-0.354217,-0.034199,0.205056,-0.112813,-0.340444,0.036662,0.037705,-0.253203,-0.137167,0.067515,0.210808,0.039364,-0.16943,0.065982,0.100019,-0.317126,0.35178,0.309762,0.038465,0.196336,-0.068509,-0.192135,0.04772,0.068837,-0.121538,-0.142771,0.22326,-0.174261,0.332601,0.045779,0.08514,-0.073586,-0.176023,0.149549,0.182833,0.309342,0.078361,-0.00058,0.230763,-0.176432,0.210314,-0.0921,-0.108855,-0.053613,-0.28228,0.259593,-0.092177,-0.242827,-0.190512,-0.259688,0.064685,-0.439433,-0.215675,-0.143261,-0.311466,0.203684,0.04192,-0.012277,-0.222743,-0.227195,-0.212961,-0.127684,-0.575742,0.448654,-0.159844,0.001674,0.17793,-0.129618,0.196923,-0.082901,-0.16325,-0.078301,0.016971,0.034474,-0.044735,-0.124363,-0.123816,-0.093265,-0.214251,-0.222963,0.347053,0.304997,-0.193957,-0.300198,0.005937,-0.305515,-0.196222,-0.058159,0.073892,-0.308005,-0.243237,-0.358182,0.043254,-0.492599,-0.015389,0.086305,-0.067723,0.154979,-0.141762,-0.181026,-0.300182,-0.316112,-0.119207,0.053356,-0.092798,-0.070826,-0.150772,-0.027327,0.13539,-0.19049,-0.114802,-0.125433,-0.368322,-0.165806,-0.157303,-0.068089,-0.22784,0.346924,-0.003627,-0.212315,0.072742,-0.313999,-0.147452,-0.211548,-0.128725,0.045686,0.430948,0.511915,0.041861,-0.209052,0.173205,-0.040789,0.103215,0.035513,0.118215,0.317555,0.01469,-0.032148,-0.322163,0.001395,-0.21217,0.204939,-0.067569,-0.289809,0.271965,-0.133499,-0.225677,0.237795,0.476625,-0.331272,0.216278,0.248953,-0.10766,-0.196732,0.180297,0.117482,0.194786,-0.03914,-0.442729,0.182101,0.240857,-0.039117,0.199375,-0.091777,-0.10248,0.032917,0.210319,-0.243634,0.027333,-0.006871,#
9,0.235116,0.420258,0.00561,-0.034924,0.165906,0.018868,0.084053,-0.114677,0.186808,1.0,-0.008394,-0.206721,0.337057,0.095921,0.187338,-0.055869,-0.187046,0.220068,0.129512,-0.170559,-0.159057,0.142663,0.326403,0.064921,-0.18499,-0.046249,0.053684,0.004368,0.076519,0.363304,-0.135792,0.141629,0.101344,0.250664,-0.304773,-0.007854,-0.052892,-0.202604,-0.021172,-0.067969,-0.110391,0.216561,0.203104,0.188966,0.189388,-0.398764,0.190433,0.243018,-0.232015,0.150659,-0.047748,-0.070118,0.06436,-0.101182,0.001199,-0.327697,-0.04949,0.030576,-0.155797,-0.080849,0.244829,-0.052291,-0.373768,0.131237,0.058134,0.153101,-0.005138,0.152774,0.090487,-0.183625,-0.070987,-0.244774,-0.050313,-0.353031,-0.08791,0.214824,-0.269379,-0.476851,-0.143863,-0.167323,-0.160723,-0.176108,-0.254249,0.044817,-0.153775,-0.01598,-0.376017,-0.337775,-0.267382,-0.171788,-0.14095,-0.144866,-0.389765,0.001853,-0.103904,-0.08694,0.054071,-0.042911,0.067833,-0.327106,-0.058165,-0.427559,-0.279131,-0.138971,-0.255962,-0.08504,-0.349143,-0.128969,-0.323152,-0.154268,0.169443,0.257873,-0.143286,-0.410426,-0.307426,-0.099743,-0.192498,-0.328991,0.26273,-0.483082,-0.210224,-0.152984,0.008097,-0.217072,-0.145645,0.139821,-0.246185,-0.206726,-0.23765,-0.080161,-0.014165,-0.283859,-0.146713,0.341239,-0.319919,-0.01506,0.096172,-0.171777,0.178542,-0.357718,-0.115367,-0.017528,-0.32266,-0.2069,-0.132714,-0.163333,0.046904,0.291599,-0.417139,-0.034455,-0.438081,-0.202166,0.019808,-0.105693,-0.200561,-0.080937,0.228245,0.464875,-0.204622,-0.127229,-0.283925,-0.036638,-0.040025,0.013623,-0.099952,0.375293,-0.357626,-0.114786,-0.010499,-0.017652,0.13794,0.173292,-0.0,-0.257283,0.307498,-0.299749,-0.149064,0.113831,-0.035148,0.047903,0.043543,0.183608,-0.330543,0.115529,0.022597,-0.030953,0.226664,-0.250328,-0.135182,0.419577,0.007956,0.188785,0.015234,0.216714,0.004071,-0.138585,0.12134,-0.17603,0.058747,-0.088578,#
10,-0.124693,-0.201891,-0.103527,0.232049,0.179509,0.15912,0.018111,-0.221981,-0.09638,-0.008394,1.0,-0.041989,-0.336895,-0.092476,0.129507,0.16719,0.038694,-0.150249,-0.087811,-0.096791,-0.170254,0.007909,-0.003842,-0.087915,0.145254,0.197245,0.02116,0.107459,0.079001,-0.262243,0.197624,-0.052883,-0.05371,0.039925,0.112351,0.034651,-0.185214,0.050671,0.0254,0.173005,-0.193893,-0.14416,-0.030978,0.131587,0.099548,0.044244,-0.238714,-0.149157,0.18227,-0.035582,-0.00878,0.098431,-0.057727,-0.107255,0.074157,0.24161,-0.076769,0.114878,-0.003047,0.022126,0.018868,0.005901,0.10012,-0.116726,-0.129237,-0.267546,-0.073262,-0.341475,-0.40753,0.216301,-0.109838,-0.012456,0.2219,0.112562,0.110454,0.131815,-0.054528,-0.013417,0.04333,-0.079798,-0.279872,0.037939,0.202113,-0.228446,-0.023262,-0.142752,0.092659,0.029835,-0.190499,-0.05843,-0.048247,-0.128591,0.074313,-0.19862,0.084203,0.127773,-0.211402,0.078966,-0.158993,0.009257,0.099236,0.070686,0.183832,-0.231171,-0.036461,-0.052304,0.021138,-0.15247,0.146519,0.170647,-0.287973,-0.088075,-0.03607,-0.092486,-0.190694,-0.076955,0.134771,-0.0776,-0.069127,0.173371,0.265732,0.021185,0.11085,0.072319,-0.037231,-0.145772,-0.06111,0.216402,-0.079718,-0.186985,0.17797,-0.01038,-0.204968,-0.080098,-0.022275,0.215471,-0.056265,-0.120367,-0.036934,0.045951,-0.135117,-0.000404,0.204889,-0.135109,-0.135517,-0.041937,-0.038537,-0.254139,0.142399,0.08468,0.165036,0.185757,-0.353607,-0.014248,0.075211,-0.079231,-0.258792,-0.043898,0.078736,-0.031488,-0.13023,-0.025259,-0.031055,-0.326904,-0.383575,-0.06182,0.013464,0.227248,0.349912,-0.100815,0.056725,-0.17185,-0.195362,0.012966,-0.060342,0.00325,-0.097334,0.03064,0.020432,0.170569,0.066549,0.202574,0.054896,0.180933,-0.160905,-0.246106,-0.051916,-0.11516,0.125045,-0.198207,-0.252525,0.024186,-0.092272,-0.069578,-0.007144,-0.242071,0.06931,0.112413,-0.229648,0.071291,#
11,0.080469,-0.042468,0.101049,-0.212256,0.12421,-0.018527,-0.024859,-0.005648,-0.043591,-0.206721,-0.041989,1.0,-0.140823,-0.174383,-0.07933,0.183168,0.080816,-0.08849,-0.291116,-0.099571,-0.363804,0.061908,-0.10005,-0.148324,0.063488,0.121929,-0.133045,-0.294798,-5.4e-05,0.09252,-0.236265,0.090044,0.003549,-0.051072,0.201073,0.10057,-0.378821,0.036157,-0.245743,0.140425,-0.035931,0.034102,-0.165063,-0.365243,-0.06115,-0.129417,-0.171395,-0.080186,-0.185245,0.205403,-0.258402,-0.105473,-0.03332,0.088186,0.144292,-0.008638,-0.267377,-0.073702,0.046047,0.047802,-0.143655,0.071053,0.002426,-0.277336,0.161606,-0.281317,-0.170776,-0.137912,-0.129624,0.160003,0.092299,-0.10019,0.116399,0.030441,-0.377935,-0.073076,-0.223184,-0.085294,-0.128601,-0.009722,0.169418,-0.299114,-0.185982,-0.093352,-0.066918,0.020109,0.027129,-0.120203,0.003255,-0.192624,0.060428,-0.146408,-0.009468,-0.129628,-0.159628,0.024613,-0.014811,-0.091406,-0.167223,0.053119,-0.020792,-0.006144,-0.096751,-0.010837,-0.270923,-0.19887,0.179756,-0.010333,-0.101833,0.192518,-0.131838,-0.039592,-0.296379,0.108048,-0.054266,-0.365822,-0.092596,0.106104,-0.20333,0.251698,-0.076035,-0.169361,-0.227283,0.093208,-0.090522,-0.077379,-0.051844,-0.196441,-0.071249,0.159164,-0.162807,0.016525,-0.113115,-0.105541,-0.119677,-0.136862,0.054094,-0.247028,-0.109672,-0.084307,0.130401,0.059364,0.117566,-0.203047,-0.392989,-0.133667,-0.057458,-0.077875,-0.151098,0.051025,-0.106133,-0.226441,-0.049132,-0.044011,-0.215341,-0.062303,-0.133709,-0.106899,-0.040948,0.078405,0.11837,-0.194308,-0.015817,-0.129181,-0.113896,-0.105078,0.169083,0.214179,0.085951,-0.205825,0.18456,-0.039545,-0.08121,0.175098,0.12941,-0.150091,-0.368037,-0.074511,-0.047697,-0.062489,0.196866,-0.186533,0.206148,0.183194,0.104263,0.006419,-0.039216,0.013093,0.045988,-0.141896,-0.172843,0.012974,0.067163,0.00208,-0.092652,0.207671,0.216706,-0.034626,-0.022326,-0.096436,#
12,0.313076,0.26767,-0.085806,-0.115308,0.075729,-0.17077,0.329281,-0.005499,0.352673,0.337057,-0.336895,-0.140823,1.0,0.2875,0.131385,-0.299334,-0.278076,0.237026,0.03263,0.218194,0.009131,0.113528,0.403639,-0.046886,-0.210338,-0.258698,0.045521,-0.229822,0.265235,0.213138,-0.40122,-0.072833,0.241758,-0.112898,-0.153217,-0.150433,0.139908,-0.154838,-0.092582,-0.26733,0.290352,0.468219,0.031218,-0.055533,0.004282,-0.348155,0.521192,0.387649,-0.101508,0.019751,0.130698,-0.084561,0.180413,-0.037064,-0.216998,0.047411,0.255734,-0.11451,0.055271,-0.030824,0.128602,0.141276,-0.095755,-0.020045,0.179837,0.37363,0.157111,0.227121,0.325298,-0.247139,0.227813,0.017337,-0.119434,-0.173352,-0.211003,0.234607,0.054876,-0.236003,-0.0724,-0.132757,-0.005369,-0.289839,-0.303575,-0.063404,-0.029951,0.24804,-0.179413,0.120241,-0.006336,-0.13871,-0.282297,-0.023081,-0.413847,0.238881,-0.178304,-0.02355,0.352664,-0.012963,0.157991,-0.254886,0.165332,-0.146227,-0.069647,-0.082845,-0.074907,0.05719,-0.12015,-0.103777,-0.389962,-0.133674,0.440614,-0.08939,-0.063519,-0.282026,-0.052021,-0.039799,-0.409163,0.007332,0.167586,-0.4963,-0.078696,-0.407376,-0.002595,-0.399513,0.006579,0.281407,-0.309255,-0.008074,0.058424,0.086654,-0.250486,-0.201515,-0.122897,0.12819,-0.203542,-0.030466,-0.065228,0.002634,0.13365,-0.101815,-0.14268,-0.221191,-0.111672,-0.207656,-0.011696,-0.109283,-0.231538,0.341297,-0.085268,-0.122061,-0.257941,-0.399072,0.125146,-0.140353,-0.107372,0.258207,0.504513,0.337413,0.061027,-0.175018,0.021618,-0.095449,-0.086394,0.293877,0.166432,0.220887,0.084504,-0.156404,-0.190543,0.009998,-0.075058,0.097494,0.143859,-0.161108,0.33302,-0.015505,0.036601,0.116939,0.273023,-0.185515,0.052242,0.052049,-0.297674,-0.384721,0.234325,0.055595,0.382827,-0.004308,-0.469149,0.355685,0.296474,0.002009,-0.031005,0.008796,-0.007009,0.030129,0.118891,-0.146285,0.048935,-0.080064,#
13,0.254492,0.19335,-0.123683,-0.268892,-0.106574,0.235993,0.053054,0.173203,0.131924,0.095921,-0.092476,-0.174383,0.2875,1.0,0.132304,-0.041933,-0.246873,0.054255,0.117233,0.094057,0.019386,0.18001,0.506129,0.048845,-0.248212,-0.324542,0.297112,0.141365,0.295529,0.140865,-0.215457,0.116125,0.195727,-0.042669,-0.053316,0.0277,-0.067822,0.039786,0.065244,-0.345558,0.001954,0.264982,0.192112,0.293003,-0.154795,-0.432515,0.267205,0.266166,-0.049262,0.104353,0.225639,0.03923,0.062398,-0.021275,-0.231128,-0.044912,0.159692,-0.050287,0.115023,0.059271,0.311656,0.114306,-0.177279,0.094807,0.152237,0.387414,0.000436,0.507129,0.266638,-0.061286,-0.054607,-0.11923,0.051655,-0.271939,-0.192284,0.25067,0.007178,0.038185,-0.240456,-0.023466,-0.314026,-0.17561,-0.099595,0.102346,-0.037241,-0.038487,0.023977,-0.041124,0.037492,-0.267225,-0.191413,-0.110248,-0.231615,0.259344,0.014997,-0.146575,0.059436,0.000265,-0.065018,-0.368881,-0.065844,-0.00761,-0.058707,-0.173544,-0.023952,-0.033609,-0.141373,-0.393255,-0.214511,-0.018163,0.309574,0.179591,-0.141992,-0.051113,-0.05871,-0.036022,-0.26987,-0.091088,-0.003061,-0.163229,0.046453,-0.328583,-0.002953,-0.128667,0.040136,0.185485,-0.191777,-0.023991,0.01207,-0.053686,-0.239298,0.044157,-0.26045,0.191353,-0.217721,-0.146973,-0.072552,-0.283224,0.192854,-0.123058,-0.167444,-0.267808,-0.300966,-0.188124,-0.084816,0.015487,-0.146618,0.076872,0.086923,-0.144137,-0.12726,-0.238478,-0.003796,-0.223442,-0.115149,0.170379,0.34902,0.264118,-0.154391,-0.060994,-0.111578,-0.240012,0.011754,0.280558,0.055681,0.032209,0.072818,-0.004303,-0.084273,0.0193,-0.067163,0.123913,-0.062221,-0.270876,0.250986,0.04039,0.008795,-0.111731,0.313784,-0.296938,0.188062,-0.180195,-0.273768,0.067756,0.179584,0.091933,0.054867,-0.303499,-0.10154,0.374906,0.04417,0.031516,0.199537,0.090045,0.131533,0.053949,0.384185,-0.171978,0.033047,-0.047949,#
14,-0.018977,0.295114,-0.283209,-0.285834,0.178095,0.216765,0.327235,0.18138,0.257278,0.187338,0.129507,-0.07933,0.131385,0.132304,1.0,-0.16673,-0.146329,-0.080332,0.006612,0.019873,0.146105,0.130488,0.128183,0.073402,-0.10081,0.046617,0.114004,0.282125,0.297363,0.075324,-0.291608,0.127513,0.28834,-0.020839,-0.274973,0.119898,-0.210001,-0.085233,0.300215,0.210989,-0.294762,0.241749,-0.236712,0.237526,0.07903,-0.009807,0.18614,-0.152237,0.053675,0.245896,-0.009997,-0.142236,-0.051622,-0.140617,-0.009201,-0.02971,-0.140984,0.095725,-0.131781,0.175434,0.052091,0.336522,-0.246396,0.275691,0.133945,0.181359,-0.121979,0.066778,-0.046557,-0.378808,-0.127883,-0.246829,0.191551,-0.146897,-0.338581,0.060057,-0.004174,-0.13067,-0.26606,-0.320378,-0.254065,-0.256043,-0.221206,-0.258326,-0.391087,-0.021922,-0.104525,-0.190555,-0.404247,-0.210415,-0.173342,-0.125056,-0.331795,-0.039913,-0.205603,-0.067736,-0.150635,0.024545,-0.038565,-0.186301,0.126546,-0.093859,-0.247385,-0.179855,-0.195914,-0.139848,-0.393409,-0.133325,-0.201236,-0.295767,-0.072394,0.112226,-0.264459,-0.215013,-0.404836,-0.141754,-0.167391,-0.290813,-0.275884,-0.218035,-0.261434,-0.144399,-0.287642,-0.185041,0.059281,-0.17281,-0.11517,-0.180222,-0.404077,-0.171117,-0.291891,-0.384405,-0.252155,-0.026938,-0.246207,-0.075058,0.008796,-0.248868,0.084667,-0.099161,-0.273639,-0.324435,-0.315292,-0.024961,-0.129361,-0.357028,-0.11013,0.035949,-0.084359,-0.215171,-0.162692,-0.14626,-0.144866,0.056015,-0.223221,0.103277,0.336173,0.256281,-0.318371,0.106853,0.096326,-0.08238,0.022968,-0.098834,-0.206402,0.277984,0.015363,0.10347,-0.00643,-0.150145,0.249924,-0.038011,-0.064088,-0.277777,0.494933,-0.107331,-0.223934,0.071338,0.360123,-0.143965,0.164385,0.32067,0.242322,0.032353,0.085582,-0.027377,0.094208,-0.096054,-0.089912,0.169511,-0.163121,0.370507,-0.020658,-0.095243,-0.150698,-0.124722,-0.072446,-0.222333,-0.023334,0.159397,#
15,-0.138358,-0.118239,-0.161877,-0.170434,-0.150556,0.057178,-0.180192,-0.06527,-0.262315,-0.055869,0.16719,0.183168,-0.299334,-0.041933,-0.16673,1.0,0.087205,-0.226711,0.235443,-0.024244,-0.170015,0.172959,-0.264109,0.042528,-0.080412,0.007978,-0.116829,0.0977,-0.002087,-0.201085,-0.028702,0.129208,-0.06909,0.125783,0.369197,0.263477,-0.08781,0.208825,-0.17769,0.101885,0.030164,-0.218914,0.117694,0.001295,-0.025168,0.101442,-0.438078,-0.166647,-0.034027,0.089651,0.138413,0.100083,-0.174198,0.055807,-0.193311,0.166794,0.057666,-0.089628,0.056538,-0.075817,0.059805,0.006974,0.199943,-0.003503,0.086793,-0.299813,-0.163404,-0.09343,0.066938,0.242521,-0.042371,-0.04038,0.162292,-0.010085,0.162381,-0.026138,-0.149527,-0.053049,0.092589,0.033081,-0.055921,-0.080505,0.174201,-0.086699,0.19051,0.010773,0.038892,-0.254249,-0.033846,0.152641,0.261522,-0.097889,0.123448,-0.24613,0.043517,0.024789,-0.07359,-0.144373,-0.296199,-0.092132,0.11331,0.044248,-0.062238,0.057267,0.16377,-0.053677,0.04253,-0.040716,0.005188,0.008036,-0.233169,-0.100367,0.022031,0.127861,-0.087456,-0.016942,0.168493,0.13943,-0.147995,0.370643,0.158612,0.271872,-0.029515,0.127357,0.059627,-0.104758,0.188387,0.056062,0.079659,-0.054418,-0.036716,0.206693,0.107067,0.033051,-0.073464,0.01763,-0.229045,-0.14211,-0.260192,-0.022503,0.013438,0.064551,-0.011008,0.28277,-0.1674,0.015846,-0.066234,-0.303249,-0.200793,-0.039701,0.055879,0.11806,-0.135908,0.153612,0.015536,0.088992,-0.372619,-0.147288,-0.078226,0.137272,-0.147018,-0.04826,-0.153453,-0.081886,-0.235128,-0.100375,0.082384,0.13327,0.057592,0.159096,0.005357,0.170162,-0.208788,0.150013,-0.087623,-0.055201,-0.026669,0.010393,-0.272803,0.199608,0.130912,-0.082689,0.125341,0.21056,-0.131032,-0.110856,-0.110944,-0.061272,0.184963,-0.219101,-0.311975,-0.175426,-0.04298,0.117868,0.003954,0.176955,0.188713,0.227191,-0.124481,-0.163392,#
16,0.115687,-0.152209,-0.05243,0.064265,0.305968,0.047564,-0.260378,-0.028103,-0.419706,-0.187046,0.038694,0.080816,-0.278076,-0.246873,-0.146329,0.087205,1.0,-0.123282,-0.176836,-0.294287,-0.211426,-0.125633,-0.470355,-0.031846,-0.21917,-0.016786,-0.385762,0.02255,-0.134881,-0.126224,0.107533,-0.114067,-0.146271,-0.17802,0.12509,0.08998,-0.249376,0.10227,-0.059362,0.146928,-0.127825,-0.360508,-0.074783,0.232591,-0.055617,0.264729,-0.403901,-0.361146,-0.009705,-0.21639,0.06816,-0.052056,-0.043667,-0.015569,0.184315,-0.157554,-0.219499,0.059324,-0.16539,-0.034363,-0.244093,-0.083668,0.147477,0.024482,0.103614,-0.106737,0.262571,-0.174384,-0.278442,-0.017881,-0.456035,0.066558,0.111232,-0.123795,0.074197,0.152357,0.033104,0.030826,0.106118,0.040655,-0.267417,0.154715,-0.00754,0.033205,0.118659,-0.208326,-0.204386,-0.285829,0.069873,-0.018222,0.0129,-0.170564,0.340169,-0.474942,0.054447,-0.201771,-0.15332,-0.04778,-0.32731,0.044897,0.206806,-0.247202,0.042407,0.014151,-0.02442,-0.197412,0.113114,0.022917,0.012802,0.245675,-0.316085,-0.093602,-0.158816,-0.005456,-0.240623,0.14372,0.068125,-0.110948,-0.377806,0.387047,-0.225443,0.279161,-0.289328,0.329824,0.120315,-0.188585,0.035031,-0.015931,-0.180819,0.051849,-0.055671,0.236462,-0.08845,-0.195715,-0.003661,-0.122254,0.275822,-0.300498,-0.6808,0.012579,-0.054151,0.126521,0.018347,0.091783,0.019341,-0.125634,0.045357,-0.131401,-0.060925,0.017968,0.055641,0.234421,-0.178952,-0.037142,-0.1322,-0.380925,-0.31652,-0.192333,-0.137322,-0.060393,-0.071931,0.042873,-0.137716,-0.337215,-0.242304,-0.095629,-0.014444,-0.264223,0.18849,-0.044593,0.364229,-0.204766,-0.293756,0.174356,-0.175119,-0.104292,-0.084053,-0.175369,-0.24982,0.209888,-0.058622,0.015844,0.570503,0.097572,0.045673,-0.221957,0.077864,0.216093,0.406959,-0.064348,-0.054304,0.177274,0.15965,0.244216,-0.103417,0.341826,-0.203664,-0.012291,-0.480995,0.309029,#
17,0.189805,0.278111,-0.073236,-0.068508,0.120964,-0.024364,0.054898,0.02512,0.180679,0.220068,-0.150249,-0.08849,0.237026,0.054255,-0.080332,-0.226711,-0.123282,1.0,0.221717,0.113879,0.262136,-0.017578,0.264334,-0.114079,0.07689,-0.138058,0.03635,0.090048,-0.038898,0.089783,-0.149258,-0.023289,0.169053,0.155346,-0.0162,-0.207647,0.128474,-0.204799,0.004484,-0.139375,0.061157,0.247168,0.249296,-0.15171,-0.249283,-0.182514,0.299226,0.265591,0.042625,-0.165894,0.310298,0.011216,-0.162466,-0.175522,0.08264,-0.159067,-0.03385,-0.116403,0.007351,-0.110607,-0.063686,0.17565,-0.202312,0.021563,-0.080486,0.298373,0.228233,0.214919,0.297428,0.246453,0.067137,0.05417,-0.409784,-0.015121,0.121373,0.099091,-0.169942,-0.149643,0.040148,-0.318004,0.153353,-0.094946,-0.16592,-0.091852,-0.061017,0.340044,-0.242953,0.183178,0.147157,0.065714,0.032372,-0.047938,-0.167206,0.370838,-0.086395,-0.020833,0.202098,-0.079556,0.125351,-0.327755,-0.267173,-0.303309,-0.143169,0.09669,-0.03349,-0.007197,-0.178586,-0.131715,-0.305305,-0.086511,0.358339,-0.035,0.196131,-0.151099,0.170908,-0.107697,-0.42311,-0.008782,0.383208,-0.380039,-0.131788,-0.109159,-0.051486,-0.333232,-0.159194,0.206398,0.087581,0.035076,0.027375,-0.228388,0.130455,-0.119133,0.187356,-0.039042,0.016034,-0.077361,0.045527,0.021529,0.19587,-0.065462,0.018981,-0.041244,-0.105352,-0.151421,-0.040036,0.144449,0.006623,0.315657,-0.041533,-0.081988,-0.236115,-0.014109,0.085292,-0.028671,-0.157675,0.069185,0.425911,0.197478,-0.315661,-0.035407,-0.16375,0.171035,0.190171,0.423535,-0.059813,0.463493,-0.048902,-0.105775,-0.270066,0.096191,-0.128802,0.250861,-0.01426,-0.092039,-0.052849,-0.13253,0.141548,0.061508,0.207371,-0.125196,-0.054004,0.018926,-0.349469,-0.156229,0.07504,-0.034476,0.156143,0.21507,-0.455113,0.257135,0.00809,0.01221,-0.025641,0.000679,-0.036659,-0.101745,-0.027225,-0.217911,0.069561,-0.034244,#
18,0.090551,0.272483,-0.038149,0.035846,-0.061277,-0.203164,-0.006423,-0.144497,0.157975,0.129512,-0.087811,-0.291116,0.03263,0.117233,0.006612,0.235443,-0.176836,0.221717,1.0,-0.075249,0.38462,-0.237309,-0.081143,0.040897,-0.180085,-0.212673,0.114706,0.2268,0.140331,0.111147,-0.080753,-0.082378,0.206826,0.034341,0.023815,0.022608,0.070073,0.208448,-0.216411,-0.021052,0.077742,-0.291116,0.052869,0.058014,-0.072236,-0.105429,0.072254,0.015752,0.216359,-0.059598,0.09114,0.201161,-0.214077,0.034923,0.033024,-0.079281,0.022252,-0.073753,-0.04045,-0.25575,-0.013663,0.115579,0.019794,0.08736,-0.067867,0.107129,0.108502,-0.000234,-0.011304,0.03974,-0.201678,-0.161395,-0.053459,-0.042265,0.184475,0.043442,-0.176244,-0.066661,0.157567,-0.14305,-0.163307,0.012074,0.076747,0.204347,0.047225,0.101378,0.003934,0.029733,-0.090369,0.300912,0.27984,-0.054942,-0.201522,-0.103376,-0.045204,0.047692,0.017753,-0.086678,-0.001994,-0.063343,-0.077826,-0.15851,-0.187213,-0.062816,-0.098594,0.156881,-0.321686,0.01456,-0.085054,-0.010119,0.125382,-0.012885,0.188909,-0.130828,0.067491,-0.099927,0.162638,0.136009,0.17625,-0.129472,0.015803,0.30069,0.002119,-0.076325,-0.039774,0.0897,0.042981,0.043703,0.18722,-0.169872,0.106882,-0.010717,0.10228,0.058741,0.006396,0.06567,-0.219232,-0.046779,-0.032,0.038179,-0.008156,-0.099051,-0.323971,0.179249,0.188642,0.117965,0.161734,0.082037,-0.088227,-0.008372,0.079732,-0.003658,0.213132,0.13259,0.026012,0.020859,-0.053405,0.170353,0.015662,0.132591,-0.179181,0.018814,-0.025949,0.128255,-0.074504,0.003617,-0.004567,-0.0336,0.102838,0.258638,-0.22353,0.149058,0.060182,0.059704,0.035406,0.208158,0.115488,0.098746,-0.003384,-0.148301,-0.090523,-0.013265,-0.073943,-0.143783,0.1894,-0.148158,-0.024231,0.12394,-0.101209,0.062664,0.066279,-0.05009,0.156293,0.200776,-0.111203,-0.254949,0.054108,-0.096597,-0.095292,-0.0542,#
19,-0.267932,-0.176465,-0.164652,0.075639,-0.181143,0.15394,0.065745,-0.047659,0.039574,-0.170559,-0.096791,-0.099571,0.218194,0.094057,0.019873,-0.024244,-0.294287,0.113879,-0.075249,1.0,0.170389,0.241329,0.180557,-0.058894,0.114048,-0.110155,0.18617,-0.074749,-0.223668,-0.233152,0.036123,0.183229,0.157525,0.022068,0.037096,-0.307689,0.178933,0.157366,-0.035586,-0.093144,0.402585,0.427204,-0.068317,-0.28987,-0.042764,0.09367,0.302599,0.270414,0.22576,-0.085581,0.157768,0.066731,-0.017598,-0.118522,-0.254054,0.359814,0.160831,-0.152795,0.152938,-0.059872,0.118031,-0.146031,0.120083,0.10093,-0.041345,0.170236,0.155416,0.220351,0.175938,0.175055,0.319517,0.029159,0.054727,0.205478,0.192042,-0.330514,0.333687,0.157058,0.302853,0.088027,0.329234,0.204002,0.210407,-0.442577,0.284478,0.235795,0.082179,0.371503,0.239923,0.112523,0.228506,0.206281,0.009225,0.35515,0.155439,0.163914,0.36439,0.187969,0.074265,0.060418,0.023893,0.35935,0.163421,0.230381,0.279132,0.251075,0.190563,-0.077695,0.214994,-0.079557,0.418173,-0.271282,0.216843,0.105394,0.226075,0.095459,-0.011865,0.358289,0.186178,0.0156,0.308891,-0.003665,0.351471,-0.129252,0.131382,0.276424,0.006856,0.140485,0.185347,0.333168,-0.001317,0.249335,0.133892,-0.150306,0.220485,0.16712,-0.239836,0.21636,0.103863,0.280787,0.35891,-0.206074,0.076039,0.035686,0.031573,0.13116,-0.057903,-0.061575,0.287203,-0.04484,0.16522,0.069846,0.277837,0.293296,0.316663,0.490742,0.132909,-0.24777,0.398025,0.06014,-0.086227,0.040722,-0.032742,0.360737,0.245281,0.099202,0.329851,0.238336,-0.374919,0.198806,-0.39073,0.002428,0.235923,0.202582,-0.095168,0.272686,0.43646,-0.153436,-0.018654,0.076495,-0.083131,-0.019682,-0.178998,-0.094041,-0.186363,0.033041,0.081628,0.1122,-0.343798,-0.211158,0.068236,-0.302235,-0.215125,-0.264014,0.10602,-0.298545,-0.08835,0.172279,0.172028,-0.068559,#
20,-0.219505,0.054819,-0.103617,0.133602,-0.156426,-0.040715,0.034321,0.170515,0.021837,-0.159057,-0.170254,-0.363804,0.009131,0.019386,0.146105,-0.170015,-0.211426,0.262136,0.38462,0.170389,1.0,-0.014336,-0.118475,0.03704,0.05167,0.106284,-0.029424,0.026436,-0.098715,-0.025086,0.095243,-0.170121,0.162315,0.17987,-0.106342,-0.14715,0.097329,-0.055252,0.157396,-0.113161,-0.065644,0.000485,0.055928,-0.132415,-0.093484,0.25013,0.155817,-0.070753,0.170346,-0.136421,0.101426,0.117698,-0.251265,0.179718,-0.082306,0.149411,0.064088,0.009194,-0.068603,0.034619,0.151902,0.120784,-0.086322,0.02533,-0.157201,0.105229,-0.136798,0.225412,0.032242,-0.116556,-0.12244,0.196829,-0.046927,0.217702,0.287621,-0.122751,0.178142,0.152425,0.108859,-0.087368,0.186498,0.113612,0.187965,-0.124438,0.036397,-0.020804,0.138297,0.310657,0.141205,0.261857,0.316715,0.160883,0.151162,0.11493,-0.17304,0.144638,0.106889,-0.008667,0.054272,0.158112,-0.042866,0.109115,0.022998,-0.025555,-0.063282,0.146668,-0.113873,0.024033,0.044862,-0.281197,0.078896,-0.205276,0.166292,0.10918,0.212922,0.253255,0.169015,0.218427,0.032198,0.001398,0.158223,0.371098,0.191633,-0.02571,0.141423,0.036774,0.12689,0.053579,0.097979,0.166898,0.233619,-0.117306,0.238837,-0.108326,0.266867,0.163677,-0.181481,0.152662,0.151657,0.276268,0.033259,-0.086587,-0.001486,0.193461,0.431491,0.089451,0.31401,0.088407,0.198605,-0.07248,0.030092,0.251104,0.354566,0.065194,0.200921,0.175079,0.103175,-0.007349,0.086816,-0.053905,-0.010519,0.030688,0.014339,0.128148,0.1015,0.214185,-0.010682,-0.115948,-0.040909,0.340573,-0.248021,0.150627,0.133494,0.149629,-0.174374,0.173787,0.11622,0.061875,0.035769,-0.076683,-0.064776,0.000482,0.029834,0.027766,0.054465,0.039797,0.007853,0.311742,-0.003814,-0.081694,0.07843,0.150088,-0.290882,-0.203215,-0.062302,-0.140255,-0.183398,-0.010189,0.24917,0.040054,#
