0,1.0,0.048578,-0.066662,-0.294872,0.1276,0.132368,0.280134,-0.13905,0.020411,0.139511,0.217695,-0.119585,0.232133,0.308732,-0.040469,0.11509,-0.181444,-0.311248,0.377646,-0.115356,0.227422,0.027797,0.220053,-0.306746,-0.103307,-0.265294,-0.154578,-0.066003,0.295592,0.162738,-0.135538,0.035026,0.161188,-0.327051,0.10832,0.198557,0.180535,-0.132255,-0.162719,0.052754,0.044144,0.17239,-0.019578,-0.057889,-0.024367,-0.209055,0.075314,0.065541,-0.150065,0.052534,0.177367,-0.260229,0.279138,0.009041,0.195094,0.059314,-0.189793,-0.039374,-0.10705,0.161028,0.392671,0.135593,-0.055954,0.183766,-0.128098,0.111932,-0.203055,0.263818,-0.164326,-0.170154,-0.058625,0.014203,-0.02019,-0.25894,-0.267536,0.255367,-0.460685,-0.246046,-0.282629,-0.009887,-0.000485,-0.274659,-0.244597,-0.25451,-0.0776,-0.129698,-0.284997,-0.0619,-0.182312,-0.27488,-0.334391,-0.239617,-0.157629,-0.223802,-0.102622,-0.401702,-0.350131,-0.304496,-0.210419,-0.090965,0.323454,-0.117261,-0.233281,-0.294615,-0.134202,-0.265358,-0.071828,0.165151,-0.226752,-0.02397,0.049677,0.225802,-0.501845,-0.335458,0.11019,0.131598,-0.231253,-0.169379,-0.078365,-0.183423,-0.284035,0.025107,0.001325,-0.142401,-0.146464,-0.055398,-0.063819,0.121676,-0.167217,-0.194174,-0.124501,-0.46162,-0.083871,0.0659,-0.177387,-0.216434,-0.105231,0.004076,0.260568,-0.133959,-0.227722,0.215067,-0.072645,-0.216675,-0.315051,-0.050919,-0.136364,0.137167,-0.28003,-0.261965,-0.107018,-0.22613,-0.298739,-0.26079,0.194827,-0.129987,0.199833,0.120782,-0.357577,-0.047193,0.097734,-0.248725,0.01051,-0.310591,0.087844,-0.049749,-0.097937,0.020501,-0.287729,-0.255106,0.019306,0.044725,-0.194853,0.027429,-0.055887,-0.041329,-0.238186,-0.056423,0.138446,-0.298486,0.128947,-0.012017,0.012704,0.371204,0.19622,0.052649,0.255192,-0.038238,0.099787,0.285476,-0.267424,0.092955,0.422859,0.02294,-0.106796,0.152199,-0.000407,-0.199823,-0.111424,0.089182,#
1,0.048578,1.0,0.053464,-0.150248,0.021106,-0.037702,0.245325,0.137248,-0.195179,0.259053,-0.02463,-0.016141,0.184127,0.176446,0.186561,0.061941,-0.03943,0.117077,0.298931,0.017407,0.225846,0.066699,0.136612,-0.125975,-0.050657,-0.331213,-0.167559,-0.074845,-0.015385,0.179618,-0.059129,0.068144,0.020004,0.024213,0.002996,0.078898,-0.054335,-0.191692,0.047287,0.095007,0.075532,0.228672,-0.109162,0.048421,0.203988,-0.080144,0.104881,-0.065903,0.27409,0.263515,0.003461,0.048696,0.110475,-0.006815,-0.028483,-0.14169,0.145575,-0.23558,-0.188144,-0.164847,0.106443,-0.151985,-0.062275,-0.031768,0.350897,0.214458,-0.203326,-0.063285,0.054366,-0.083818,0.154662,0.014882,-0.127676,-0.190772,0.012777,-0.055209,-0.166108,-0.011709,0.148418,-0.011089,0.07493,-0.226726,-0.085247,0.005066,-0.182273,-0.032192,-0.031431,-0.078587,0.077514,0.012989,-0.196249,-0.129974,-0.099096,-0.091761,-0.036597,-0.023464,0.056905,0.164228,0.36743,0.010357,-0.076443,0.01236,0.083608,-0.069477,-0.263599,-0.014799,-0.059023,-0.138982,-0.271366,-0.024669,0.233785,0.049992,-0.096274,0.150407,-0.152252,-0.049961,-0.034781,0.086427,0.063186,-0.252009,-0.097102,-0.128446,-0.36057,-0.12722,-0.171718,-0.204326,0.092523,0.083983,-0.236254,-0.094904,0.142154,-0.045736,-0.177145,-0.19485,-0.165475,-0.259944,0.154828,0.152314,0.01235,-0.179598,-0.003768,-0.151385,0.005147,-0.070796,0.045118,-0.066567,-0.372423,0.114017,-0.010161,-0.067942,-0.107193,-0.070217,0.138745,-0.094924,-0.175966,-0.138473,0.131251,-0.004916,-0.061963,0.070964,-0.089221,0.045613,-0.202596,0.234661,0.0203,0.276984,0.159319,0.099641,-0.093523,-0.307886,0.114734,0.1609,-0.085226,-0.107078,0.104926,-0.204074,0.023633,0.070053,0.105621,-0.187076,0.092092,0.03949,-0.080383,0.10101,0.276042,-0.231279,0.204452,-0.273064,0.017194,0.227021,0.016975,0.065742,-0.050105,0.126731,-0.103354,-0.082136,0.157071,0.028124,0.086035,0.048588,#
2,-0.066662,0.053464,1.0,-0.167631,0.056701,-0.205753,0.071049,-0.029389,0.073691,0.047213,0.113549,-0.122143,0.063914,0.015337,-0.195674,-0.039261,-0.22838,0.230043,0.011417,0.051961,-0.121043,0.191387,-0.061914,-0.005486,0.13285,0.06755,0.168228,-0.087952,0.051882,-0.210836,0.028644,0.143235,-0.297937,-0.022934,0.009506,0.081399,-0.10958,0.270627,0.126656,-0.2603,0.198888,-0.003495,0.048033,-0.15673,-0.041648,-0.187103,-0.125763,0.195496,-0.117256,-0.058639,0.069291,-0.147672,0.148472,-0.116042,-0.251104,-0.095208,-0.086226,-0.16782,0.100547,0.087143,0.061907,-0.258579,-0.000654,-0.281338,0.198414,-0.061867,0.190045,0.068747,0.140015,0.247303,0.144963,0.212316,-0.260381,0.083526,0.025993,-0.134639,0.015474,-0.076215,-0.017706,-0.027524,0.143881,0.009668,0.02662,0.205058,-0.23877,0.164792,0.155561,0.004377,0.049648,0.22565,0.014767,0.003223,0.266052,0.17084,0.050672,0.056917,0.244661,-0.0557,0.194165,0.144609,-0.12127,-0.081143,0.114923,0.13986,0.209113,0.167663,0.097847,0.012319,-0.074982,0.004314,0.093548,-0.163381,0.079025,0.105029,0.308183,-0.069413,-0.006106,0.20206,-0.031623,-0.056542,0.101762,0.185496,0.02867,-0.061871,-0.02365,0.159836,0.311076,0.003717,0.063061,0.038475,0.317411,0.015558,0.089765,0.05998,0.089724,-0.01572,0.005973,0.326054,0.082352,0.239535,-0.0092,0.127684,0.172308,-0.042021,-0.026061,-0.028676,-0.215236,0.134547,0.123697,0.212271,-0.004278,0.126454,0.179857,-0.034576,0.157032,0.020988,-0.036611,0.065039,0.263784,0.041772,0.29042,0.087967,-0.002965,0.279347,0.090538,-0.242496,-0.01187,-0.024911,0.0,0.127295,-0.092956,-0.133086,-0.084417,0.025913,-0.220889,0.116457,0.09479,0.048333,0.012832,-0.142079,0.111435,0.048341,-0.132568,-0.138249,-0.136995,0.127731,0.113794,0.113477,-0.073168,-0.156743,0.068838,-0.189546,-0.227571,0.311183,-0.087765,-0.062556,-0.067349,0.200411,0.188018,0.034984,#
3,-0.294872,-0.150248,-0.167631,1.0,-0.139468,-0.301483,-0.292111,-0.263026,-0.168312,-0.376537,0.02624,-0.121393,-0.440553,-0.428878,-0.042605,-0.180954,0.110199,0.106515,-0.168102,-0.139087,-0.00886,-0.082244,-0.321079,0.048585,0.17597,0.370995,0.06066,0.195207,-0.21825,-0.291587,0.145584,-0.184424,-0.005484,-0.079184,-0.01229,-0.122579,-0.194943,-0.082626,0.112794,0.044873,-0.082516,-0.332993,0.029683,0.330282,0.026276,0.493148,-0.181108,-0.061703,0.103681,-0.161336,-0.094878,0.379293,0.006007,0.165203,0.073707,-0.119295,0.287474,0.195642,-0.001131,-0.017596,-0.425359,0.129552,0.251598,-0.135281,-0.143507,-0.276169,0.037527,-0.047712,-0.165073,0.043316,-0.095185,-0.055927,0.239516,0.129707,0.038749,-0.118421,0.360011,0.078218,0.044181,-0.072252,0.00384,0.360409,0.239467,0.080381,0.240517,-0.053239,0.183045,0.200582,0.092367,0.050458,0.090533,0.156911,0.085305,-0.055808,0.176204,0.177224,0.363124,0.127981,-0.092245,0.357806,0.109908,0.213579,0.38831,0.20944,0.094242,0.092799,0.316587,0.167401,0.047146,0.030032,-0.144682,-0.069456,0.333937,0.101565,0.066865,0.154223,0.097433,-0.006018,-0.158891,0.359109,0.202444,0.383075,0.225022,0.307471,0.301215,0.131048,-0.271006,-0.188953,0.142717,0.261986,-0.036671,0.305129,0.316134,-0.122444,0.171939,0.214465,0.009429,-0.008946,-0.127098,0.263391,0.120347,-0.1405,0.257505,0.173553,0.367583,0.100054,0.147492,-0.04836,0.366737,-0.021874,0.265366,-0.007645,0.007249,0.187419,0.15702,0.240997,-0.331881,-0.269671,0.333572,0.143361,-0.058954,0.178384,-0.06318,-0.051511,-0.122859,-0.283079,0.097809,0.136964,0.099121,0.096817,0.08585,0.051219,0.308266,0.369399,-0.042589,0.288325,0.055741,-0.037839,-0.411648,0.464292,-0.384578,0.006151,0.254829,-0.125253,-0.204366,-0.038725,-0.201237,-0.035689,0.277682,-0.049355,0.13801,-0.067925,-0.154252,-0.202323,0.030173,-0.138926,0.000282,-0.094566,-0.191054,-0.25468,#
4,0.1276,0.021106,0.056701,-0.139468,1.0,0.048383,-0.110206,-0.060272,0.021506,-0.135162,0.291071,-0.092797,0.010339,-0.254428,-0.201076,-0.053174,0.208727,-0.122482,-0.040628,-0.110845,-0.304621,-0.262743,0.129456,-0.111707,0.049305,-0.125312,-0.173188,0.111866,-0.135517,-0.035522,-0.324056,-0.1732,-0.002673,-0.117552,0.062276,0.077732,-0.089211,-0.128641,0.058385,0.379131,-0.121256,-0.382236,-0.191377,0.051319,-0.182401,0.194887,-0.1453,0.001879,0.108202,0.312877,0.056073,-0.064184,-0.012587,0.318889,0.10583,0.061815,-0.061141,0.190347,0.036231,-0.109625,-0.193593,-0.19483,-0.035334,-0.04915,-0.247896,0.022502,0.586391,-0.104194,-0.020563,-0.230921,0.001025,-0.133829,0.00352,0.20614,0.210863,0.036964,-0.125418,-0.231277,-0.032699,-0.221751,-0.169048,0.103933,0.104741,0.014231,0.092357,-0.042354,0.110648,0.10283,0.003766,-0.097327,0.18431,0.142355,0.175216,0.015769,-0.030885,0.080851,0.207386,0.022357,-0.117745,-0.05664,0.097485,0.088318,0.223518,-0.028347,0.137742,0.00534,0.001431,0.130165,-0.182891,0.095553,0.040887,0.012892,0.04616,-0.050147,-0.153409,0.198075,-0.043863,0.327196,-0.308192,0.078732,-0.252037,0.114852,0.061375,-0.090333,0.210139,0.099625,-0.111924,0.067815,0.122583,-0.05738,0.050633,-0.271815,0.078638,-0.172342,0.060499,0.062301,0.071397,0.063364,-0.162095,0.260707,-0.016894,-0.116084,-0.20999,0.134118,-0.056982,-0.246441,-0.18209,-0.079256,0.17669,-0.085545,0.077283,0.03787,-0.229534,0.032495,-0.001978,-0.099703,-0.115667,-0.026106,-0.204233,0.294281,-0.246273,-0.239898,-0.203972,0.165479,0.128078,-0.110327,0.054079,-0.024676,-0.137455,0.213316,-0.011908,-0.205852,0.144969,0.010895,-0.109573,0.259293,0.069562,0.216912,-0.001925,-0.023256,-0.213916,0.171032,0.138233,0.046675,0.110858,0.086479,0.008527,0.016434,0.266023,-0.17444,0.09566,0.045418,0.18922,-0.076125,-0.217798,0.174905,-0.091742,0.159871,-0.052039,-0.210742,#
5,0.132368,-0.037702,-0.205753,-0.301483,0.048383,1.0,0.352464,0.328503,0.110625,0.016979,0.077353,0.246611,0.05199,0.17476,0.120249,0.06884,0.149582,-0.015804,0.256172,-0.107535,0.098525,-0.057386,0.173692,-0.054097,-0.168627,0.105083,0.032231,-0.012178,0.094832,0.199077,-0.319024,-0.037499,-0.099261,-0.093676,-0.060143,0.020888,0.13205,-0.113262,-0.034987,0.024727,-0.221997,0.20243,-0.128367,-0.091615,0.102719,-0.166541,0.118168,-0.225538,0.008878,0.252823,0.02688,0.058463,0.051973,0.136713,0.152871,0.303883,-0.290421,0.146596,-0.220602,-0.210298,0.148709,-0.022629,-0.02633,0.347021,-0.186496,0.287978,-0.023382,0.105799,-0.062793,-0.365046,0.027144,-0.025858,-0.121945,0.040667,-0.196281,0.310356,-0.280168,-0.082888,-0.202977,-0.077562,-0.214689,-0.294148,-0.118324,0.11546,-0.203512,-0.363848,-0.136771,-0.025827,-0.157867,-0.25918,-0.118063,-0.288825,-0.295158,-0.061444,-0.171227,-0.15232,-0.222902,-0.425873,-0.216728,-0.381191,0.151552,-0.061678,-0.168942,-0.417874,-0.335907,-0.297214,-0.086433,0.144492,-0.158367,0.003138,0.034584,0.341295,-0.387625,-0.393808,-0.025944,-0.049614,-0.1916,0.07271,0.22774,-0.219742,-0.294752,-0.354221,-0.028084,-0.275212,-0.196252,-0.054734,-0.055893,-0.06085,-0.350557,-0.193058,-0.210545,-0.199584,-0.206676,0.046987,-0.469076,-0.236534,0.233103,0.013025,-0.036555,-0.29997,-0.164942,0.13277,-0.216416,-0.003153,-0.165768,-0.266257,0.244038,0.122485,-0.255518,-0.074968,-0.142429,-0.228502,0.013851,-0.011805,0.069918,-0.253133,0.134744,0.130656,-0.475126,-0.23328,-0.20942,-0.207543,-0.026922,-0.261867,-0.017047,0.05704,-0.177509,-0.132386,-0.080845,-0.102601,0.133957,-0.129559,-0.09895,-0.272584,0.219284,-0.250963,0.023283,0.005641,0.231143,-0.154304,0.309257,-0.000388,0.021708,0.146365,0.589405,-0.088438,0.127316,-0.025462,-0.128389,0.228165,-0.000771,0.132656,0.338375,-0.173699,-0.294263,0.032429,0.295031,-0.116222,-0.214965,-0.039624,#
6,0.280134,0.245325,0.071049,-0.292111,-0.110206,0.352464,1.0,0.319296,0.270393,0.316399,0.077344,0.086959,0.335939,0.350834,-0.046155,0.23986,0.063091,0.186781,0.282409,0.00448,-0.070959,0.162901,0.254333,-0.114834,-0.002144,0.028218,0.133815,0.030428,0.514382,0.086792,-0.358265,-0.11174,-0.021973,-0.28182,0.05885,0.114311,0.019823,-0.0924,0.148443,-0.092744,0.222195,0.188727,0.050965,-0.12653,0.096384,-0.341185,0.078011,-0.195776,-0.171078,0.25311,0.118888,-0.207361,0.105878,-0.00942,0.365805,0.077592,-0.086691,-0.297609,-0.101685,0.05793,0.308945,0.17876,-0.170875,0.305383,0.138311,0.304558,-0.110505,0.200587,0.069481,-0.142606,0.173348,0.067924,-0.224049,-0.365346,-0.281075,0.264331,-0.365724,-0.240335,-0.213686,-0.160789,-0.216126,-0.290893,-0.369543,0.025878,-0.453207,-0.052794,-0.210029,-0.377576,-0.16255,-0.346349,-0.378514,-0.463707,-0.547598,-0.170145,-0.174296,-0.404305,-0.222874,-0.438354,-0.137982,-0.386209,0.057747,-0.052942,-0.336276,-0.250667,-0.352848,-0.303527,-0.086242,-0.117594,-0.14808,-0.251757,-0.137146,0.055645,-0.401722,-0.39376,-0.03832,-0.382807,-0.105992,-0.009232,0.168734,-0.268381,-0.294715,-0.356079,-0.19699,-0.385235,-0.237305,-0.248381,0.178535,0.153901,-0.331835,-0.283416,-0.293665,-0.366088,-0.454918,0.007451,-0.216649,-0.324476,0.229137,-0.086109,0.014892,-0.385519,-0.246897,-0.001009,-0.21279,-0.34719,-0.410675,-0.216276,-0.193606,0.470646,-0.336886,-0.280613,-0.227378,-0.231545,-0.098302,-0.201822,0.002801,-0.432868,0.063299,0.273686,-0.288668,-0.233251,-0.045544,-0.301917,-0.026919,-0.125173,0.032065,0.190871,0.029934,-0.043775,-0.481086,-0.107717,0.198113,-0.018893,-0.194071,-0.182473,0.362656,-0.425699,0.018169,0.221485,0.456469,-0.561106,0.450278,0.164171,0.013838,0.202002,0.316688,-0.355001,0.061321,0.061913,-0.199456,0.222262,-0.318664,0.121887,0.315981,0.081718,-0.224746,-0.068203,0.104681,-0.221425,-0.182739,0.320376,#
7,-0.13905,0.137248,-0.029389,-0.263026,-0.060272,0.328503,0.319296,1.0,-0.035875,0.306284,-0.200451,-0.017372,0.423918,0.279302,0.252203,0.000478,0.010377,0.181123,0.139348,-0.010089,0.093061,0.308455,-0.012022,0.078125,0.033043,-0.118479,-0.044017,-0.204646,0.080773,0.214595,-0.186369,-0.115368,0.022032,0.054187,-0.279088,-0.081664,-0.04994,-0.023748,0.056037,-0.322645,0.045953,0.157804,0.052461,-0.196655,-0.070155,-0.32883,0.090547,-0.15231,-0.028671,0.020044,-0.193502,-0.05616,0.12414,-0.049038,0.271832,0.226404,-0.07063,-0.227599,-0.197337,-0.110738,0.180227,-0.0189,-0.131756,0.232412,-0.032964,0.416276,-0.017199,0.21492,-0.059452,-0.005221,0.288616,0.288713,-0.303656,-0.140881,-0.0087,0.055389,0.099413,0.167356,0.116139,-0.08796,0.046118,-0.397191,-0.227666,-0.111336,-0.251401,-0.021782,-0.029006,-0.005488,0.183585,0.050046,0.013291,-0.333396,-0.125111,0.183399,-0.012436,-0.060514,-0.047307,0.08179,0.061988,-0.444188,-0.07459,0.065545,-0.072157,-0.064333,-0.212602,-0.007628,-0.35835,-0.095323,-0.067924,-0.306048,-0.00307,0.167704,-0.150648,-0.139173,-0.007267,-0.079867,-0.059983,0.043311,0.161485,-0.205122,0.036202,-0.626276,-0.072131,-0.163579,-0.191292,-0.111678,-0.001001,0.051513,-0.189643,0.084223,-0.152865,0.072293,-0.109609,-0.086797,-0.14687,0.000894,0.212185,-0.297019,0.012066,-0.23894,-0.126674,-0.123115,-0.310377,-0.067513,-0.184675,-0.111198,-0.115618,0.0428,-0.021472,-0.117059,-0.128807,-0.077643,-0.125094,-0.290881,0.0085,-0.517559,0.017193,0.223724,-0.203187,-0.1012,-0.046728,-0.008217,-0.236787,0.17642,0.316695,0.157223,-0.138112,0.072091,-0.110833,0.247395,-0.123869,-0.154014,-0.125258,-0.058798,0.331359,-0.273937,0.085345,-0.02917,0.389156,-0.163269,0.197918,0.230981,-0.018167,-0.148988,0.114322,-0.052816,-0.075299,-0.152879,-0.325758,0.219139,-0.186253,-0.198792,0.232244,-0.091728,0.016104,-0.082144,-0.03791,0.075929,-0.173517,0.144308,#
8,0.020411,-0.195179,0.073691,-0.168312,0.021506,0.110625,0.270393,-0.035875,1.0,0.22048,0.056117,0.156931,-0.010085,0.07698,0.110942,-0.083255,-0.26773,0.125656,-0.018973,0.058061,-0.10154,0.178174,0.135743,0.053091,-0.000344,0.228251,0.221456,0.277985,0.131179,-0.004148,-0.162642,-0.08487,0.055939,-0.028529,0.135386,-0.028208,-0.069445,0.002181,0.22907,-0.112826,0.221297,0.020184,-0.113475,-0.023133,0.150687,-0.040702,0.032478,0.170194,0.023077,-0.089283,-0.059306,-0.041833,0.031679,0.119392,0.186976,0.381782,-0.249433,-0.125926,-0.11042,0.275192,0.086904,-0.011191,-0.111342,0.219512,0.048542,-0.016406,-0.023453,0.198143,0.353774,0.040157,0.074701,0.104243,0.117458,0.138023,-0.174664,0.079096,-0.027543,-0.051584,-0.085283,-0.064005,-0.025849,-0.031946,-0.243854,-0.021287,-0.179103,0.223962,-0.095886,-0.310891,0.016252,-0.35857,0.175631,-0.120498,-0.166969,0.144961,-0.022107,0.18399,-0.086733,-0.214407,-0.349925,-0.207661,-0.019006,0.203314,-0.042055,0.047454,0.018117,-0.258938,-0.040346,-0.020498,-0.055199,-0.06348,-0.104233,-0.177994,-0.196963,-0.196327,0.201376,-0.142356,0.174592,-0.023356,0.034396,-0.052562,0.15076,-0.127106,0.127431,-0.138992,-0.091595,0.06253,0.328619,0.018117,-0.124051,-0.003213,0.072814,-0.027779,-0.445112,-0.073744,-0.019519,0.110624,-0.025795,0.159243,-0.063185,-0.014169,-0.053425,0.113974,-0.08414,-0.135646,-0.231879,-0.453954,-0.109065,0.012696,-0.058895,-0.006522,0.156984,0.023766,0.061682,-0.117366,0.260074,-0.147953,0.199849,0.163641,-0.214641,-0.098399,-0.127013,0.066068,0.09434,-0.091631,-0.244526,-0.089536,0.064815,-0.126485,-0.23943,0.063058,-0.002406,-0.181178,0.053115,0.092555,0.314765,0.111338,0.037719,-0.014711,0.386061,-0.183893,0.308474,0.277561,-0.189964,-0.022447,0.031487,0.10968,0.061797,0.203254,-0.307383,-0.170273,-0.122661,-0.036651,0.081076,0.040298,-0.12681,0.216738,-0.094606,-0.255666,-0.040875,0.000714,#
9,0.139511,0.259053,0.047213,-0.376537,-0.135162,0.016979,0.316399,0.306284,0.22048,1.0,-0.152874,-0.07239,0.357332,0.617702,0.17223,0.173657,-0.368322,0.250512,0.130038,0.256712,-0.006166,0.225682,0.28607,0.132995,0.071919,-0.188999,-0.104512,-0.037893,0.227589,0.454222,0.051635,0.168687,0.313429,-0.15537,-0.027953,0.051684,0.201818,0.029918,0.151567,-0.391087,0.331766,0.264024,-0.016859,-0.047749,0.103438,-0.497894,0.113919,0.211858,0.019742,0.184989,-0.112296,-0.17847,0.256454,-0.20758,0.26644,0.056465,-0.179535,-0.420821,-0.22765,0.192514,0.472652,0.124795,-0.471699,0.047962,-0.046883,0.219333,-0.040518,0.221146,-0.122905,0.175171,0.105935,0.370045,-0.144442,-0.093543,-0.184638,-0.053287,-0.023853,-0.141427,0.019627,0.19519,0.044193,-0.390333,-0.335329,0.209069,-0.369697,0.189854,-0.126482,-0.218213,0.122047,-0.250627,-0.080631,-0.069988,-0.264719,0.095919,-0.011817,0.126663,-0.420366,-0.125002,0.1241,-0.330356,-0.367276,-0.010219,-0.229141,-0.07045,0.000388,-0.192253,-0.319295,-0.372153,0.045205,-0.316429,0.23489,0.225881,-0.265511,-0.105936,-0.11976,-0.354006,-0.046038,-0.063784,0.40433,-0.388418,-0.22658,-0.284676,0.00233,-0.189382,-0.323005,0.214781,0.359897,0.091316,-0.172636,-0.235877,0.026275,0.086286,-0.457137,-0.028581,-0.323916,-0.279363,-0.048369,-0.015718,0.139226,-0.302504,0.124053,-0.060872,-0.23844,-0.345046,-0.310364,-0.063511,-0.217297,0.108807,-0.270306,-0.21272,-0.26068,0.110045,-0.012686,-0.527224,4e-05,-0.380621,0.501145,0.313076,-0.131422,-0.270196,-0.113804,0.011066,-0.082087,0.116129,0.216988,0.443393,-0.008327,-0.046522,-0.120848,-0.074537,-0.115112,0.057857,-0.115665,-0.175019,0.39091,-0.329888,0.068357,-0.025367,0.644482,-0.402986,0.546924,0.271709,-0.544671,-0.139839,0.145204,-0.067406,0.357184,0.048029,-0.539004,0.064821,-0.24677,-0.195823,0.088691,0.333708,-0.118617,0.005626,0.003805,-0.050365,0.344467,0.35506,#
10,0.217695,-0.02463,0.113549,0.02624,0.291071,0.077353,0.077344,-0.200451,0.056117,-0.152874,1.0,-0.139415,-0.038528,-0.140851,-0.202786,-0.054734,-0.052857,-0.114904,0.081522,-0.084374,-0.096701,-0.195606,0.020794,0.040673,0.100183,0.232744,-0.108159,0.145372,0.068238,-0.279569,0.068607,-0.035784,-0.224142,-0.423768,-0.058151,0.149907,0.117812,0.21798,-0.068702,0.230598,-0.230902,-0.385346,-0.046271,-0.036976,0.065933,0.026373,-0.279432,0.070156,0.073578,0.191897,0.086458,0.0055,0.16169,0.17294,0.03378,0.136099,-0.282505,0.204055,0.085235,-0.217143,-0.235254,-0.081549,0.029882,-0.062847,-0.000868,0.068463,0.229042,-0.019721,0.02941,-0.070397,0.145261,-0.166806,0.008606,0.102321,-0.053173,0.103913,-0.156101,-0.192858,-0.038422,-0.109066,0.023047,0.186333,-0.055839,0.168563,0.105711,-0.057821,0.107272,0.084975,-0.019915,-0.001344,-0.045741,0.092084,-0.056143,0.015068,-0.049552,-0.028845,0.052977,-0.248206,0.096788,0.00754,0.125618,-0.144386,0.006169,-0.253265,0.003545,-0.133231,-0.091945,0.235095,-0.027596,0.287455,-0.128897,-0.05608,-0.304134,-0.160514,0.039247,0.090135,-0.285688,-0.061275,-0.221781,0.037066,-0.320814,0.214344,-0.069269,-0.26473,-0.150171,0.040445,-0.025972,0.040118,-0.052762,-0.260959,-0.056238,-0.23646,0.00039,-0.17662,0.123659,-0.03552,0.089498,-0.033405,-0.204641,0.12415,-0.105565,0.206309,-0.068808,-0.02045,0.213385,-0.053708,-0.097414,0.175103,0.161712,0.02403,0.295292,0.043568,-0.120787,0.01782,0.011454,-0.046941,-0.289754,-0.024096,-0.047853,0.12783,-0.110352,-0.071065,-0.017752,0.055623,0.207374,-0.135671,0.081078,-0.236599,-0.117556,0.107391,0.121365,0.024702,0.193637,0.144208,-0.133956,0.155556,0.055409,0.009963,-0.148017,-0.037924,-0.113605,0.084303,0.016726,0.024124,0.165802,0.087373,0.061524,0.169613,0.207339,0.209429,0.165101,0.122418,0.248982,-0.230649,-0.08239,-0.065069,0.030102,0.001913,-0.132687,-0.244454,#
11,-0.119585,-0.016141,-0.122143,-0.121393,-0.092797,0.246611,0.086959,-0.017372,0.156931,-0.07239,-0.139415,1.0,-0.036984,0.054499,-0.097769,-0.066255,-0.064495,-0.030265,-0.054964,-0.158946,0.250349,-0.20973,-0.056522,0.039469,0.099625,-0.007697,0.034288,0.087358,-0.073089,-0.009902,-0.102598,-0.043772,-0.064918,0.088677,-0.11049,0.003016,-0.068313,0.04995,0.066125,-0.080853,-0.152533,0.190229,-0.150001,-0.201625,-0.147554,0.235247,-0.057213,-0.13396,0.108529,0.099416,-0.172863,-0.004125,-0.182296,0.309677,0.021671,-0.001872,-0.275207,0.037318,-0.217578,-0.039628,-0.128803,-0.293337,0.066142,0.244458,0.081437,0.25445,-0.09155,0.04963,0.334164,-0.209599,-0.099652,-0.08149,0.039803,0.198682,0.032204,-0.067126,-0.128546,0.132509,-0.186631,-0.015053,-0.288911,-0.192818,0.12552,-0.064723,-0.03335,-0.347536,-0.200797,-0.073192,0.063791,-0.00416,0.047494,-0.28399,-0.211003,-0.047206,-0.026394,-0.094313,-0.048139,-0.000154,-0.185043,0.009266,0.154253,-0.030631,-0.236899,0.013553,-0.167172,0.042741,-0.009511,0.093373,-0.017983,0.147262,0.006842,-0.159555,-0.201429,-0.143172,-0.068493,0.01352,0.022731,0.169582,-0.080599,0.048333,0.081939,-0.072814,-0.054576,-0.176142,0.022502,-0.124423,0.071161,-0.107503,0.0129,0.020215,-0.109803,0.018618,-0.226242,0.03155,-0.108189,0.164468,0.085669,-0.116868,-0.132587,-0.25687,-0.171472,0.074638,0.099429,0.071446,0.069657,-0.159827,0.047228,-0.05762,-0.083797,0.029274,0.097279,0.253826,-0.123567,0.269171,0.162634,0.136918,-0.013492,0.108296,-0.038322,-0.258005,-0.14228,-0.145186,0.012569,-0.154923,-0.312311,-0.034983,-0.007893,0.070893,0.278273,0.00958,0.172887,0.349314,-0.028537,-0.162682,0.131583,0.00107,0.061729,0.214435,0.038301,0.24795,-0.012064,-0.067704,0.0425,-0.107338,0.274294,0.292202,-0.130746,0.097405,0.153854,0.044248,0.073841,0.375564,-0.016088,0.100277,-0.141428,-0.051283,0.133373,-0.277922,-0.098964,-0.070443,#
12,0.232133,0.184127,0.063914,-0.440553,0.010339,0.05199,0.335939,0.423918,-0.010085,0.357332,-0.038528,-0.036984,1.0,0.605684,0.099727,0.167949,-0.147505,0.253877,0.234097,0.219883,0.015483,0.142545,0.352843,0.08418,-0.045992,-0.432148,-0.092072,-0.044332,0.209913,0.272328,-0.04945,0.008313,0.002263,0.029903,-0.254065,0.198627,0.198495,-0.071989,-0.052597,-0.030408,-0.054704,0.165972,0.127727,-0.213352,-0.171633,-0.501089,0.236595,0.073216,-0.006244,0.129939,0.029453,-0.161653,0.116032,-0.096398,0.136484,0.071966,-0.081701,-0.352301,-0.043558,-0.170133,0.440848,-0.000411,-0.189398,0.238369,0.083629,0.188886,-0.169273,0.171009,0.118402,0.030341,0.158529,0.148044,-0.345058,-0.39956,-0.2604,0.080074,-0.180148,-0.095156,-0.040048,-0.108506,-0.042778,-0.332345,-0.299642,-0.272014,-0.29516,0.053738,-0.156982,-0.0067,-0.040727,-0.076726,-0.296256,-0.234943,-0.402324,0.027521,-0.185019,-0.229891,-0.233513,-0.138642,-0.098591,-0.435307,-0.084015,-0.347848,-0.22871,-0.085282,-0.172862,-0.106878,-0.352169,-0.217923,-0.054128,-0.332729,0.065749,0.028477,-0.300784,-0.262452,-0.015397,-0.265556,-0.052999,-0.028355,0.117194,-0.292332,-0.091795,-0.410972,-0.281912,-0.350658,-0.30255,-0.100449,0.176958,0.239595,-0.225676,-0.194105,-0.137343,-0.040219,-0.352825,0.07401,-0.069144,-0.201435,0.160965,-0.325133,-0.078529,-0.290334,-0.22863,0.059027,-0.199162,-0.320676,-0.252698,0.129417,-0.188006,0.300618,-0.207006,-0.208464,-0.371382,-0.140483,-0.088548,-0.303257,-0.000797,-0.449135,0.214614,0.172657,-0.175028,-0.301073,0.07572,-0.158509,-0.074885,0.209362,0.298068,0.259573,0.041475,0.195565,-0.214875,0.018858,-0.112381,-0.157255,-0.364106,-0.127957,0.184133,-0.236665,-0.070448,0.163606,0.298067,-0.443374,0.200342,0.140055,0.015466,-0.108862,0.171333,-0.146917,0.106778,0.041667,-0.273734,0.408581,-0.25551,-0.108168,0.291483,0.137902,0.13899,0.067881,0.039973,0.05921,0.186683,0.272848,#
13,0.308732,0.176446,0.015337,-0.428878,-0.254428,0.17476,0.350834,0.279302,0.07698,0.617702,-0.140851,0.054499,0.605684,1.0,0.248095,0.185649,-0.313761,0.161989,0.315096,0.305049,0.250027,0.173188,0.364211,0.108968,-0.053558,-0.230634,0.168854,-0.006001,0.314294,0.373896,0.160325,0.289669,0.077527,-0.027154,-0.285038,0.039584,0.183029,-0.0065,0.047866,-0.328165,0.142677,0.459083,-0.009031,-0.06093,0.007429,-0.644266,0.351856,0.119769,-0.123349,0.038878,-0.057394,-0.222613,0.246482,-0.382155,0.05259,0.038978,-0.08096,-0.413139,-0.164475,-0.055538,0.687462,0.074164,-0.399609,0.137399,0.124208,0.361101,-0.264137,0.214892,-0.053115,-0.097656,-0.157406,0.372309,-0.248009,-0.27869,-0.314346,0.084062,-0.288208,-0.140819,-0.154312,0.076294,-0.026806,-0.525118,-0.442427,-0.033342,-0.371006,0.107818,-0.153826,-0.115693,0.031292,-0.278324,-0.2575,-0.205192,-0.448594,-0.019471,-0.119979,-0.144885,-0.40561,-0.183335,0.037113,-0.390443,-0.213268,-0.242256,-0.35071,-0.302552,-0.128099,-0.184222,-0.287254,-0.333903,0.033963,-0.323408,0.129876,0.247147,-0.507644,-0.132873,0.105974,-0.209888,-0.311296,-0.184353,0.396944,-0.420614,-0.090432,-0.374507,-0.042953,-0.3674,-0.355239,-0.012613,0.128082,-0.017354,-0.279322,-0.309591,-0.176034,-0.073684,-0.351314,-0.132463,-0.323428,-0.337743,0.14297,-0.226567,0.148749,-0.559745,-0.105838,0.152697,-0.052892,-0.396764,-0.446368,-0.009333,0.051807,0.322675,-0.424629,-0.123577,-0.27657,0.026911,-0.020605,-0.352977,-0.099831,-0.350149,0.534763,0.233148,-0.137662,-0.429992,0.060739,-0.055014,0.000994,-0.183318,0.151724,0.360927,-0.152428,0.097933,-0.205783,-0.087654,-0.277606,-0.05225,-0.329075,-0.265755,0.259913,-0.242557,-0.04707,0.047124,0.440252,-0.419724,0.440848,0.003521,-0.299721,-0.012649,0.333204,0.004153,0.152328,0.048862,-0.392021,0.267758,-0.267475,-0.159445,0.092138,0.257847,-0.109613,-0.119815,0.11418,-0.184124,0.230039,0.33176,#
14,-0.040469,0.186561,-0.195674,-0.042605,-0.201076,0.120249,-0.046155,0.252203,0.110942,0.17223,-0.202786,-0.097769,0.099727,0.248095,1.0,-0.142702,-0.142544,0.104499,0.28089,0.207518,0.327754,0.113711,0.091745,0.191817,-0.133439,0.005032,0.208842,0.106485,0.104702,0.059178,0.031722,0.25963,0.056271,0.160672,-0.285793,-0.262542,-0.063318,0.04956,-0.105087,-0.181569,0.106294,0.366357,0.001887,0.237751,0.331122,-0.297437,0.082852,0.109556,0.191646,-0.123918,0.051631,0.074276,0.213516,-0.0966,-0.016197,0.31385,0.130485,-0.251364,-0.075842,0.001694,0.280147,0.002343,-0.19056,0.19353,0.156494,0.046948,-0.124658,-0.107541,0.068044,0.074265,0.170648,0.089099,0.138889,-0.039493,-0.108227,-0.069727,-0.02816,0.241019,-0.057614,0.226877,0.216559,-0.220081,-0.06694,-0.02097,-0.074633,0.28228,0.18687,0.084094,0.076223,-0.271387,0.018762,0.050907,0.095502,0.172339,0.041472,0.075944,-0.202527,0.00135,0.021826,-0.224218,-0.094255,0.092596,0.012422,-0.258559,-0.082107,-0.074437,-0.311898,0.044845,-0.039424,-0.016585,0.0433,0.19458,-0.041033,0.114615,0.215291,-0.040633,-0.208367,-0.070961,0.251515,-0.387889,0.167286,-0.306132,0.002776,-0.015634,-0.226507,-0.199507,-0.067959,0.213733,-0.187661,0.110994,0.024156,0.139482,-0.103447,-0.217765,-0.099516,0.002365,-0.026941,0.163265,0.04751,-0.141891,-0.09769,-0.006248,-0.120321,0.114621,-0.070989,-0.035918,-0.027373,-0.144305,-0.071435,0.100956,-0.120612,-0.192112,0.161441,0.046842,-0.222084,-0.036334,0.349585,0.009741,-0.125138,0.0998,0.107558,0.125763,0.010879,-0.048025,-0.057285,0.274085,0.152209,-0.107769,-0.139771,-0.045685,-0.340092,-0.139496,-0.129675,0.253306,0.050093,-0.14641,-0.033896,-0.097637,0.312076,-0.075273,0.147634,0.151179,-0.144751,0.054849,0.027607,-0.030923,0.313636,-0.085185,-0.044584,-0.036438,-0.027882,-0.176167,0.097635,0.079368,-0.093468,-0.030583,-0.003733,-0.156368,0.113249,-0.13735,#
15,0.11509,0.061941,-0.039261,-0.180954,-0.053174,0.06884,0.23986,0.000478,-0.083255,0.173657,-0.054734,-0.066255,0.167949,0.185649,-0.142702,1.0,0.09162,0.280823,0.059458,0.173907,-0.237257,-0.011355,0.222645,-0.104523,-0.055535,-0.129795,-0.040412,-0.01523,0.270571,0.141786,0.228474,-0.005629,0.170119,-0.112254,0.104521,0.063591,0.376612,-0.000635,0.117161,-0.025996,0.128732,0.025819,0.228821,0.056029,-0.094154,-0.172934,0.09501,-0.002013,0.010479,0.204778,0.136189,-0.021036,-0.060338,-0.074238,0.246431,-0.099682,-0.013545,-0.313028,0.008741,0.059685,0.131821,0.12643,-0.163305,0.140766,-0.014901,0.04586,-0.057249,0.145394,-0.349612,0.07493,-0.063177,0.271775,0.024845,-0.21758,0.060554,0.275783,0.05587,-0.174909,0.244069,-0.022541,0.113718,0.005793,-0.155836,0.171477,0.027302,-0.167778,-0.162292,-0.249155,-0.105776,0.067735,-0.071835,0.111596,-0.250119,0.204463,0.006586,-0.190756,0.004624,-0.181587,0.071274,0.050254,-0.089999,-0.010554,-0.282955,0.171299,0.009572,-0.079392,0.03412,0.027734,0.02188,-0.084617,0.005982,0.055114,-0.113073,-0.104238,-0.060243,0.019055,-0.002338,-0.195223,0.118453,-0.159419,-0.142007,0.000304,-0.251548,-0.164136,-0.053149,0.009147,-0.150754,0.16765,-0.139182,-0.236555,-0.090872,0.013014,0.001855,0.216804,-0.104978,-0.169101,-0.01965,-0.232761,0.007282,-0.31313,0.061245,0.148312,-0.130983,-0.226246,-0.11267,0.182985,0.264153,0.255405,-0.169663,-0.362119,-0.090294,-0.078532,0.082561,0.036968,-0.023991,-0.020621,0.087254,0.267775,-0.156999,-0.254277,0.284272,-0.197745,-0.022607,-0.071719,0.121882,0.140017,-0.1217,0.207118,-0.133799,-0.037749,0.235494,0.129888,0.071077,-0.252243,-0.028507,-0.076935,-0.090518,0.189311,0.089929,-0.308191,0.24062,-0.130211,-0.217719,0.220029,0.108539,-0.154036,0.131055,0.047197,-0.140178,-0.013907,-0.114741,-0.112283,0.061499,0.100474,-0.098571,-0.072381,0.127251,-0.014025,0.251827,0.348833,#
16,-0.181444,-0.03943,-0.22838,0.110199,0.208727,0.149582,0.063091,0.010377,-0.26773,-0.368322,-0.052857,-0.064495,-0.147505,-0.313761,-0.142544,0.09162,1.0,-0.037179,-0.033986,-0.090802,-0.14333,-0.259137,-0.12831,-0.304411,-0.341122,0.068298,-0.216313,-0.097733,0.016123,-0.204857,-0.250093,-0.071573,0.085511,0.179532,0.105176,0.142216,-0.188639,-0.193108,-0.151133,0.34456,-0.214066,-0.283218,0.020826,0.137596,-0.167332,0.226603,-0.211059,-0.482267,0.061751,0.214496,0.236909,0.020626,-0.224001,0.08623,0.217413,0.001365,0.287134,0.07914,0.187249,-0.24138,-0.278695,0.121543,0.273031,-0.069,-0.259615,0.004628,0.114638,-0.023484,-0.265504,-0.250127,-0.214586,-0.339763,-0.084678,-0.118059,0.055436,-0.043804,0.137318,-0.109393,0.091587,-0.008359,-0.132866,0.25809,0.275627,-0.167398,0.11037,-0.094479,-0.010744,0.020736,-0.199493,0.08294,-0.000475,0.126409,-0.075529,-0.092892,0.097524,-0.097407,0.122755,-0.100847,-0.137269,0.137027,0.017826,0.083919,0.12937,0.075201,-0.091375,-0.082017,0.187512,-0.035725,0.029719,0.067731,-0.275362,-0.070084,0.243223,0.16194,-0.311296,0.041161,0.111992,0.11663,-0.245846,0.063163,-0.13831,0.022155,-0.272032,-0.109797,0.12098,-0.266653,-0.402535,-0.203453,0.072095,-0.046903,-0.159325,-0.235125,0.193587,0.055227,0.136006,0.003263,0.301445,-0.234862,-0.237783,0.020719,-0.047887,-0.198989,-0.039716,0.366644,0.040549,-0.05215,0.119127,-0.034172,-0.006587,-0.080333,0.042728,-0.163556,-0.036099,0.050442,-0.145091,-0.021586,-0.304264,-0.043404,-0.079239,0.24348,-0.118416,-0.108245,0.069825,-0.198347,-0.236272,-0.048717,0.073566,-0.138902,-0.01553,0.057885,0.092897,0.116453,-0.022497,-0.098931,-0.144101,-0.007944,-0.084173,0.017079,-0.19291,0.073285,-0.320808,0.012856,0.53742,0.068954,-0.080066,-0.211902,-0.161262,0.118868,0.27779,-0.213904,0.079514,0.244622,-0.163094,-0.320514,0.007406,-0.080421,0.109389,0.070003,-0.35137,-0.020218,#
17,-0.311248,0.117077,0.230043,0.106515,-0.122482,-0.015804,0.186781,0.181123,0.125656,0.250512,-0.114904,-0.030265,0.253877,0.161989,0.104499,0.280823,-0.037179,1.0,-0.044369,0.443759,-0.215808,-0.006474,0.07675,0.057443,0.144978,0.177632,0.063003,-0.028784,0.069785,0.00248,0.082088,-0.166147,-0.071662,0.04201,-0.090994,-0.027086,0.014883,-0.004799,0.178489,-0.24792,0.00534,-0.021356,0.139044,0.086748,0.002649,-0.15091,-0.031241,0.247211,0.140792,-0.022369,-0.089916,0.034348,0.028803,0.135289,0.155623,0.060353,0.070183,-0.24678,-0.091416,-0.099065,0.093362,-0.218998,-0.177708,0.154468,0.068235,0.049163,0.049179,0.140898,0.002171,0.226112,0.252179,0.274575,-0.126583,-0.213129,-0.067393,-0.047388,0.149159,-0.06363,0.151862,-0.045374,0.076189,-0.109601,-0.216428,0.287386,-0.346968,0.135829,0.031216,-0.175564,-0.194089,-0.034467,-0.112443,-0.021723,-0.203654,0.249741,-0.138133,0.029347,0.083599,-0.119903,0.09493,-0.004769,-0.41214,-0.027526,-0.00902,0.189143,-0.076316,-0.117739,0.098636,-0.146003,0.034636,-0.078873,0.153888,-0.019728,0.019361,-0.111753,0.007121,-0.107931,0.043316,-0.105484,0.308634,-0.252678,-0.05825,-0.217839,-0.253014,-0.176653,-0.100049,0.080994,-0.026855,0.185905,-0.189063,-0.003839,0.128478,0.151039,-0.190778,0.034338,-0.026052,-0.053575,0.093853,-0.065976,-0.083106,-0.116134,-0.064359,0.026268,0.057032,-0.24357,-0.08413,-0.004565,-0.18431,0.370003,0.100028,-0.150138,-0.217035,0.044186,0.124851,-0.194444,0.007229,-0.137828,0.05368,0.364511,0.032303,-0.150205,0.105622,0.209854,-0.192761,0.252496,0.087998,0.20157,0.049493,-0.089419,-0.112514,0.157899,0.00188,-0.126078,0.023603,-0.075806,0.073761,-0.071433,-0.052654,-0.008594,0.087087,-0.132558,0.330881,0.003689,-0.148254,-0.016169,0.147012,-0.205372,0.237417,0.251542,-0.315226,-0.031186,-0.003723,-0.306253,-0.056653,0.096841,-0.191918,-0.152031,0.132969,0.063007,0.159101,0.192741,#
18,0.377646,0.298931,0.011417,-0.168102,-0.040628,0.256172,0.282409,0.139348,-0.018973,0.130038,0.081522,-0.054964,0.234097,0.315096,0.28089,0.059458,-0.033986,-0.044369,1.0,0.040796,0.176656,0.167484,0.19229,0.030862,-0.04825,-0.048733,-0.033277,0.130636,0.179769,0.17119,-0.209938,0.18785,-0.024572,-0.046606,-0.118213,0.104506,-0.056873,0.029878,-0.248871,0.095094,0.184679,0.207129,0.013337,0.057393,0.231362,-0.189548,0.15166,-0.127034,-0.094849,0.072607,0.121628,0.034376,0.276858,-0.222257,0.030546,0.159135,-0.037989,-0.296994,0.016213,-0.271482,0.319552,-0.169032,-0.151279,0.164961,-0.072902,0.228876,-0.240059,-0.004801,-0.015469,-0.173946,-0.112947,0.085552,-0.186162,-0.23236,-0.222314,-0.016889,-0.198824,-0.174859,-0.203442,0.095345,0.206318,-0.190869,-0.136953,-0.321331,-0.035534,-0.08554,0.029589,-0.080992,-0.059527,-0.177452,-0.308948,-0.25998,-0.075667,-0.276864,0.121566,-0.148284,-0.157771,-0.218381,-0.076901,-0.143445,0.165149,0.05457,-0.085506,-0.48519,-0.203157,0.050963,-0.374055,-0.111193,-0.115918,-0.01538,-0.045858,0.228696,-0.22173,-0.107259,0.191705,0.186153,-0.090755,0.011173,0.208947,-0.269099,-0.117347,-0.097896,-0.108908,-0.231044,-0.315687,-0.010113,0.115729,-0.065228,-0.029691,-0.066036,-0.2469,-0.153613,0.001938,-0.03879,-0.177024,-0.10166,-0.036292,0.031906,0.042923,-0.192578,-0.383629,0.030434,-0.172479,-0.092179,-0.125383,-0.038131,-0.072868,0.169261,-0.357834,-0.038941,-0.226933,-0.164871,-0.020943,-0.136747,0.10372,-0.222557,0.152949,0.003715,-0.265262,-0.103181,0.057089,0.06722,-0.068063,-0.244876,0.026567,0.083563,0.250914,0.070186,-0.158058,-0.144954,-0.094077,0.034333,-0.034956,0.10663,0.168518,-0.052958,-0.036461,0.042659,0.341349,-0.206287,-0.054979,0.066956,0.094504,0.17018,0.234827,-0.005973,0.48276,0.014287,0.052332,0.154792,-0.122952,-0.000766,0.197469,0.067313,-0.125591,-0.130472,0.188713,-0.111458,-0.046236,0.024677,#
19,-0.115356,0.017407,0.051961,-0.139087,-0.110845,-0.107535,0.00448,-0.010089,0.058061,0.256712,-0.084374,-0.158946,0.219883,0.305049,0.207518,0.173907,-0.090802,0.443759,0.040796,1.0,0.082456,0.125741,0.193926,0.107259,-0.230772,-0.09697,0.085713,-0.147252,0.078268,-0.172099,0.207883,0.31052,0.295838,0.237373,-0.152376,-0.237474,0.209618,0.126942,-0.132701,-0.09484,0.216968,0.062235,-0.023008,-0.103214,-0.0141,-0.414266,0.221238,0.323328,0.137328,-0.302565,-0.085032,-0.198585,0.404639,-0.208599,-0.132744,0.024503,-0.043385,-0.234946,0.246758,-0.12148,0.284989,-0.043558,-0.313481,-0.084452,0.100354,0.047269,-0.090966,-0.115581,0.048488,0.235616,-0.032278,0.236195,0.154871,-0.305889,-0.143751,-0.359717,0.188683,0.065126,0.392964,0.145953,0.307296,0.049179,-0.137977,0.035752,0.101721,0.457696,0.054868,-0.294428,-0.003562,-0.110546,0.014639,0.377003,-0.074949,0.124345,-0.071521,0.1495,-0.030563,0.002157,0.096051,-0.013678,-0.475626,0.091962,0.026439,0.080553,0.39219,0.016709,0.017577,-0.202,0.301029,-0.305946,0.211699,-0.030795,-0.010529,0.112125,0.122551,-0.059281,-0.023553,-0.085173,0.242827,-0.360959,0.036881,-0.248651,-0.141168,-0.063512,-0.161601,0.266747,0.244902,0.213096,0.208797,0.255987,0.435885,0.01811,0.030705,-0.037983,0.257067,0.034411,0.122417,0.106774,0.082162,0.135899,0.052922,0.214139,-0.09436,-0.263705,-0.071989,0.141657,0.091127,0.014984,-0.04441,-0.001318,-0.09963,0.0351,0.241669,-0.112128,-0.047442,0.027962,0.421725,0.056916,-0.147182,-0.213248,0.271193,0.174252,0.211926,0.01289,0.063069,0.181717,0.240884,-0.094315,-0.089904,0.14479,-0.463591,-0.210242,-0.172682,-0.048793,-0.211745,-0.061485,0.053386,-0.251916,0.138151,-0.089203,0.268717,-0.077436,-0.323808,0.031876,-0.157967,-0.378837,0.420926,0.233292,-0.374464,-0.050505,0.048314,-0.366505,-0.258474,0.079607,0.108984,-0.262272,-0.186659,-0.039515,0.392216,0.023729,#
20,0.227422,0.225846,-0.121043,-0.00886,-0.304621,0.098525,-0.070959,0.093061,-0.10154,-0.006166,-0.096701,0.250349,0.015483,0.250027,0.327754,-0.237257,-0.14333,-0.215808,0.176656,0.082456,1.0,0.09151,-0.08159,-0.127745,-0.024842,-0.162953,0.037356,-0.118112,-0.160563,-0.079279,0.096965,0.182494,0.195177,0.14017,-0.416038,-0.33939,0.032179,-0.140215,0.059096,-0.250009,0.14811,0.327133,-0.261425,0.027096,0.089175,-0.181836,0.073273,0.004391,0.017636,-0.176745,-0.295002,0.039973,0.386602,0.084163,-0.076512,0.05099,-0.128635,-0.063539,-0.337087,-0.026881,0.104674,0.06039,0.051467,0.035677,0.2419,0.108961,-0.408978,-0.022767,0.110718,-0.125805,-0.193179,0.151242,-0.017566,0.011512,-0.301575,-0.245971,-0.070861,0.274731,0.069284,0.179209,0.118424,-0.246652,0.112686,-0.221251,0.107467,0.001945,-0.074773,0.250294,0.278586,-0.088898,-0.056298,0.042103,0.029448,0.011355,0.1384,0.033509,-0.236274,0.018146,0.048699,-0.050606,0.206589,0.172696,-0.001486,-0.077718,-0.027411,-0.056401,0.04328,0.082661,-0.124702,-0.087424,0.087409,0.061956,-0.270433,0.048562,0.28293,0.167602,-0.057443,-0.022389,-0.027981,-0.118899,0.142819,-0.14248,-0.095944,0.071017,-0.120288,-0.180834,-0.002632,-0.262607,-0.216662,0.116593,0.143409,-0.004338,0.026428,0.020533,-0.030582,0.189453,0.037216,0.124319,0.241269,-0.155899,-0.095964,0.177942,0.108736,0.107281,-0.088532,-0.182913,0.016401,-0.220361,-0.072028,0.090268,0.13098,-0.01722,-0.075876,-0.040619,0.085544,0.056299,0.305171,-0.117933,-0.177868,-0.029704,0.03918,-0.04014,0.188492,-0.306817,-0.186163,-0.032673,0.108723,0.091966,0.128592,-0.23345,-0.188791,0.101077,-0.164264,0.014221,0.000527,-0.074135,-0.026397,-0.327145,0.116106,0.213586,-0.162905,-0.131787,0.022449,0.006466,0.001055,0.099347,-0.012175,-0.175399,-0.084586,0.224984,-0.077019,-0.008752,-0.088894,-0.033626,0.034281,-0.190719,0.050209,-0.416945,-0.146427,-0.072809,#
