0,1.0,0.146344,0.06595,-0.164201,0.398683,-0.069535,0.163265,-0.102121,0.458237,0.043136,-0.196815,0.308119,0.264407,-0.031205,0.06431,0.024209,0.085152,0.05202,0.179611,-0.231441,-0.255241,0.043583,0.018584,-0.152223,0.04483,-0.238018,-0.218183,-0.143272,0.263787,0.098662,-0.409234,-0.180669,-0.210323,-0.034419,-0.184579,0.161013,0.136406,0.008932,-0.00422,0.002817,0.130967,-0.292139,-0.271126,-0.059702,-0.030838,0.042059,0.321844,0.149368,0.077716,0.346865,0.012803,-0.170467,0.138229,0.029402,0.124833,-0.054666,-0.231714,0.238431,-0.094004,0.048829,0.187507,0.074291,0.090397,-0.152008,0.037474,0.130107,-0.049662,-0.086335,0.273752,-0.122244,0.118791,-0.354494,-0.109566,-0.360122,-0.283111,0.219949,-0.192732,-0.394445,-0.159025,-0.172066,-0.038564,-0.330139,-0.196639,-0.237129,-0.035478,-0.102064,-0.388996,-0.128455,-0.074021,-0.276051,0.054995,-0.160698,-0.072907,0.020532,-0.147832,-0.201117,-0.290418,-0.247374,0.089327,-0.271763,0.163501,-0.254651,-0.268344,-0.218401,-0.10045,-0.132729,-0.103228,-0.032411,-0.182652,-0.220897,-0.138765,-0.211117,0.065504,-0.245673,-0.250456,-0.301224,-0.246626,-0.236798,0.113944,-0.44615,-0.097873,-0.274004,-0.249507,-0.212805,-0.096903,-0.13905,-0.164128,-0.13512,-0.05963,-0.045857,-0.087852,-0.219933,-0.029294,0.091514,-0.254631,-0.329727,-0.061919,-0.257243,0.077323,-0.2998,-0.215111,-0.123436,-0.085695,-0.142735,-0.329624,-0.091902,-0.231664,0.223623,-0.333001,-0.276123,-0.277734,-0.269077,0.014891,-0.269801,-0.212867,-0.014319,0.171668,0.349762,-0.186769,-0.10213,0.00786,-0.095179,-0.096381,-0.090802,0.021336,0.091737,0.027315,-0.080504,-0.19076,-0.182133,0.02708,0.196687,0.062291,-0.355821,0.14007,-0.140813,-0.041397,0.30796,0.213803,-0.315041,0.12957,-0.010797,0.007068,0.009412,0.226241,-0.04902,0.347081,-0.018631,-0.096378,0.358764,-0.290942,0.085676,0.156024,0.287214,-0.196695,0.237018,0.205386,-0.308082,-0.058116,0.00089,#
1,0.146344,1.0,-0.016101,0.076996,0.305533,0.104096,-0.080891,-0.146634,0.06682,0.135649,-0.126784,0.235939,-0.028834,0.026651,0.135773,-0.112806,0.050604,0.076184,-0.144758,-0.121321,-0.03013,0.133311,0.165999,-0.112956,0.069232,-0.108474,-0.158336,0.071104,0.225257,0.326826,-0.37356,0.093888,-0.17386,-0.041705,-0.162603,0.278872,0.154946,-0.21178,0.085333,0.063036,0.10984,-0.151491,0.187416,0.041589,-0.251813,0.016194,0.268674,0.101727,-0.202986,0.23907,-0.077063,-0.249646,0.077299,0.146417,0.039524,-0.052178,-0.218889,0.213424,-0.178607,0.060635,-0.047118,-0.108186,0.09529,0.017543,-0.053633,-0.057359,0.020189,0.160242,0.237309,0.061173,-0.210264,-0.286857,-0.04005,-0.151137,-0.187712,0.028308,-0.175157,-0.044586,-0.177758,-0.236339,-0.081257,-0.420769,-0.273972,0.178211,-0.284579,-0.243588,-0.230591,-0.177696,-0.036515,-0.136006,-0.076913,-0.001846,-0.107107,-0.02848,-0.459766,-0.169799,-0.214984,-0.24515,-0.182045,0.027075,0.102762,-0.046884,-0.180584,-0.186622,-0.306147,-0.235209,-0.215724,0.015692,-0.006706,-0.088973,-0.114082,0.139488,-0.301486,-0.212008,-0.001229,-0.087049,-0.196031,-0.272316,0.194311,-0.008151,-0.293533,-0.107685,-0.293158,-0.17006,0.148625,-0.145702,-0.151991,-0.045142,0.03431,-0.026916,-0.133518,-0.079594,-0.08757,0.006713,-0.183791,-0.145584,-0.174624,-0.312298,0.08851,-0.169527,-0.101241,0.060105,0.124035,-0.247171,-0.158381,-0.287704,-0.027345,0.147852,-0.225482,-0.14175,-0.352666,-0.194355,-0.143489,0.01503,-0.118192,-0.104837,-0.008776,0.174049,-0.044626,-0.192489,-0.00558,-0.013606,-0.156537,-0.082255,-0.048898,0.318993,0.141593,-0.361978,-0.10036,-0.075362,-0.046487,0.037881,-0.251273,-0.090671,0.128535,0.050203,-0.140581,0.054968,0.223786,-0.289083,0.151494,-0.081274,-0.062064,0.061233,0.26344,-0.237073,0.132811,-0.094573,-0.169129,0.277999,-0.138931,0.186816,0.227889,0.297186,0.006261,0.038021,0.175332,-0.258433,-0.048685,0.193002,#
2,0.06595,-0.016101,1.0,0.307682,-0.094021,-0.203392,-0.028271,-0.142448,0.117321,0.125565,0.028328,0.043085,-0.172478,0.006739,-0.186663,-0.147691,-0.098659,0.172677,0.041104,0.005848,-0.296949,-0.090956,-0.078917,0.238306,0.040198,-0.240792,0.017512,-0.232443,0.10479,-0.153208,0.045157,0.079368,-0.149597,-0.005279,-0.174427,0.00175,-0.115012,0.06251,-0.102256,-0.257832,-0.222569,0.079456,-0.089218,0.028563,0.266848,-0.395582,0.007461,0.106518,-0.244856,0.252063,-0.240293,0.17257,0.079824,0.250387,-0.132419,-0.24638,-0.069059,-0.17445,-0.068233,0.041333,0.017325,0.24968,0.021114,-0.232949,0.044349,0.012284,0.025088,-0.253438,-0.150619,0.045115,0.168925,0.107018,0.036587,0.212411,-0.139392,0.228695,-0.15163,-0.117946,0.047115,-0.05446,0.075129,0.012941,-0.191379,0.377595,-0.032538,-0.054178,0.137143,-0.003459,-0.169879,-0.126499,0.073866,-0.29714,0.181769,0.162962,-0.055863,0.188341,0.125134,0.092824,-0.021903,0.090025,-0.266799,-0.103005,-0.003321,0.216718,-0.005654,-0.056141,0.149887,0.095716,0.034933,0.238438,0.258538,0.120951,0.083957,0.077586,0.216586,-0.107005,-0.049524,-0.065005,0.119535,0.080617,-0.183478,0.267663,0.037198,0.014525,-0.035624,0.209396,0.027611,-0.126355,0.085791,0.104084,0.266862,0.1507,-0.025499,0.096794,0.278548,0.059787,0.139054,0.228545,-0.04414,-0.187466,0.219654,0.279626,0.139903,-0.190571,0.095086,0.31187,0.031386,-0.123691,-0.192909,0.142891,0.088016,0.448536,0.217735,0.013352,0.095241,0.07088,-0.177283,0.155725,0.207605,0.078959,0.213814,-0.057226,0.355066,0.074879,-0.010162,-0.125625,-0.135923,-0.21226,0.239467,0.034894,-0.049157,0.140224,-0.096042,0.086197,-0.059417,0.143359,-0.214439,0.100404,-0.064817,0.031821,0.134515,-0.036702,-0.029273,0.03303,-0.369601,0.21319,-0.074661,0.07828,0.005558,-0.052974,0.271227,-0.202341,-0.168106,0.08125,-0.238697,-0.131042,-0.146092,0.099767,0.151755,-0.306865,#
3,-0.164201,0.076996,0.307682,1.0,-0.097721,-0.13397,-0.258085,-0.07961,-0.32019,-0.183754,0.065707,-0.174921,-0.221971,-0.178364,-0.01127,-0.045648,0.106883,-0.122589,-0.161027,0.118736,-0.208211,0.011046,-0.288648,0.07568,0.08613,-0.00719,-0.081344,-0.026115,0.072195,-0.166301,0.046067,0.02056,-0.05569,0.021482,-0.030747,-0.40648,-0.10185,0.115752,0.01624,0.152039,-0.029791,-0.023968,0.008445,0.034603,0.056775,0.242737,-0.311243,-0.416594,0.111543,0.027079,-0.198292,0.292823,0.116833,0.066356,-0.021145,0.12028,-0.004712,-0.038874,-0.160594,-0.200774,-0.055748,-0.077986,0.231762,-0.058242,-0.081449,-0.363999,-0.082197,-0.179912,-0.3823,0.073982,-0.043947,0.159298,0.246621,0.190791,-0.040812,0.064954,0.110926,0.246913,0.322476,0.016576,0.067433,0.099148,0.141449,0.145444,0.142091,0.026095,0.23226,0.064145,-0.009102,-0.057261,0.249163,-0.00134,0.086783,0.158096,-0.011906,-0.05865,0.181803,0.264341,0.095968,0.198222,-0.207518,0.177562,0.210035,0.213173,0.118038,-0.043665,0.260034,0.211194,0.080408,0.137348,-0.021255,0.063454,-0.125576,-0.019747,0.011847,0.277707,0.340676,0.004443,-0.168383,0.364142,0.117029,0.036887,0.184472,0.238306,0.196204,0.157499,-0.028591,-0.08759,-0.004778,0.230873,-0.142594,-0.046707,-0.03193,-0.038021,0.131577,0.244959,0.228079,0.111952,-0.288318,0.135003,0.038091,0.334528,0.178734,-0.172717,0.175491,0.210092,0.047654,-0.276855,0.035943,0.03267,0.131535,0.291241,0.172395,0.19463,0.06899,0.199991,-0.301029,-0.301333,0.284709,0.032052,0.219532,0.174526,0.12556,-0.152217,-0.257052,-0.284191,-0.107738,-0.281282,0.294891,-0.014758,-0.210111,-0.304011,0.06857,0.203859,-0.101708,0.084097,0.031973,-0.064161,-0.299366,0.140882,-0.316469,-0.198644,0.104825,-0.080182,-0.17191,-0.094306,-0.202701,-0.147097,0.174031,-0.24076,0.182549,-0.054311,-0.190489,-0.177276,-0.154874,-0.10875,-0.226617,0.064211,-0.264452,0.036947,#
4,0.398683,0.305533,-0.094021,-0.097721,1.0,0.122016,0.252535,-0.016631,0.271813,0.172249,-0.114289,0.267761,0.294528,0.164353,0.021044,-0.011499,0.15589,0.032093,-0.045166,-0.154032,0.087705,0.103213,0.353447,-0.334637,-0.26163,-0.246039,-0.118506,-0.1739,0.283816,0.297536,-0.321593,0.049202,-0.216893,-0.102789,-0.224875,0.289298,0.176335,-0.359309,0.066982,-0.092087,0.173032,-0.025933,-0.019095,-0.006046,-0.065497,-0.028342,0.190538,0.353913,0.191728,0.018151,0.022986,-0.513877,0.224299,-0.113497,0.123898,-0.19682,-0.353578,0.120059,-0.004203,0.062972,0.194989,0.065112,-0.1049,-0.171835,0.028619,0.379624,0.06832,0.170919,0.289772,0.017561,-0.076442,-0.628174,0.153799,-0.639147,-0.362461,0.398556,-0.432907,-0.477006,-0.397052,-0.286991,-0.357372,-0.628406,-0.365641,-0.123266,-0.301487,-0.340201,-0.57789,-0.273992,-0.112586,-0.231931,-0.367924,-0.411511,-0.257037,-0.26224,-0.418444,-0.429732,-0.53326,-0.468882,-0.23797,-0.271214,0.03904,-0.275203,-0.332065,-0.301168,-0.37145,-0.519155,-0.111507,-0.33834,-0.173175,-0.21072,0.09087,0.110491,-0.395451,-0.592151,-0.245541,-0.082843,-0.258283,-0.501845,0.124036,-0.296766,-0.119603,-0.136171,-0.409458,-0.40951,0.037862,0.13337,-0.467297,0.19045,-0.224812,-0.24338,-0.306625,-0.03967,-0.442771,0.162009,-0.403957,-0.369511,-0.069133,-0.54941,0.10308,-0.441669,-0.319531,0.002957,-0.055005,-0.126293,-0.471089,-0.240548,-0.156672,0.6008,-0.458096,-0.323803,-0.5323,-0.24047,-0.138236,-0.508554,-0.337389,-0.214972,0.150772,0.504294,-0.296481,-0.294325,-0.036876,-0.090747,-0.407569,-0.072901,-0.091257,0.219776,-0.1662,-0.27364,-0.280104,0.03053,-0.022515,0.143679,-0.374856,-0.526267,0.08573,-0.184549,-0.274272,0.311817,0.29118,-0.412988,0.326126,-0.024412,0.021496,0.20067,0.405816,-0.263138,0.34426,-0.220912,-0.250783,0.374005,-0.280662,0.25969,0.446488,0.424739,-0.026892,0.331834,0.449053,-0.348393,-0.387126,0.080596,#
5,-0.069535,0.104096,-0.203392,-0.13397,0.122016,1.0,0.280212,0.254276,0.040343,-0.076566,-0.041606,0.152865,-0.192365,0.398181,0.109852,0.011191,-0.066322,0.023776,-0.037823,-0.044821,0.24854,0.255973,-0.017412,-0.433931,0.118818,-0.113196,0.171805,-0.026263,-0.054076,0.16861,0.038377,0.196591,0.1878,-0.18522,-0.275011,0.193422,-0.057432,-0.118289,0.015132,-0.026615,-0.020126,-0.011393,0.156993,0.051357,-0.187179,0.081644,-0.075128,0.119915,0.081931,0.00656,0.257979,-0.080944,0.137007,-0.157515,0.085995,0.013614,0.068897,0.269122,-0.012403,0.15283,0.106779,0.078146,-0.154697,0.266354,-0.081237,-0.043895,-0.139959,0.396739,0.186847,-0.104654,-0.251193,-0.239889,0.125311,-0.160697,0.029056,0.021752,-0.101986,-0.013974,-0.26172,-0.168987,-0.032308,-0.285445,0.07077,-0.171012,-0.120774,0.153409,-0.099095,-0.083877,-0.061548,-0.120251,0.041982,-0.069588,0.070508,-0.357046,-0.070836,-0.193663,-0.174489,-0.210519,-0.059395,-0.277804,0.020285,-0.220614,0.068338,-0.336694,-0.060984,-0.165824,-0.157016,-0.527682,-0.161748,-0.403778,-0.100249,0.055696,-0.11905,-0.280433,0.004735,-0.085984,-0.076226,-0.226123,-0.005051,-0.067044,-0.07121,0.010888,-0.075549,-0.206509,-0.073543,0.041312,-0.021902,0.026162,-0.056363,-0.28212,0.047631,-0.170279,-0.079378,-0.040873,-0.098279,-0.06046,0.017567,-0.111531,-0.014262,-0.040852,-0.182533,-0.215278,-0.226381,-0.229679,-0.053278,-0.032972,0.068244,0.07307,0.077777,-0.218342,-0.134253,0.010035,-0.011209,0.037327,-0.046636,-0.254365,0.26987,0.120091,-0.164691,0.013099,-0.091688,-0.171679,0.082193,0.094155,-0.083294,0.406561,0.204826,0.166176,-0.025891,-0.024979,0.1055,0.055451,-0.086176,0.05126,0.212703,-0.076655,-0.119946,0.174138,0.260005,-0.134973,0.215382,0.00735,-0.005871,0.298682,0.32955,-0.280777,0.116059,-0.119036,-0.023544,0.238881,-0.065713,0.133389,0.184502,-0.008618,0.264606,0.141212,0.170117,-0.195861,0.077858,0.23146,#
6,0.163265,-0.080891,-0.028271,-0.258085,0.252535,0.280212,1.0,0.163386,0.419314,-0.079991,0.323005,0.298997,0.052864,-0.005869,0.125393,0.123738,-0.005298,-0.089215,0.176585,-0.131977,0.019117,0.293386,0.086666,-0.323192,-0.071077,-0.012646,-0.014469,-0.216529,0.339259,0.178942,-0.279846,0.085764,0.076608,-0.386441,-0.114782,0.274998,0.015245,-0.097441,-0.088319,0.065178,0.022832,-0.054266,-0.179286,-0.126506,-0.062062,-0.011317,-0.012063,0.165861,0.129167,0.219464,0.099299,-0.176452,-0.005428,0.049544,0.063011,-0.137717,0.056621,-0.006756,0.030026,0.13366,0.17078,0.012282,-0.241391,0.1705,0.033669,0.024109,0.029517,0.127544,0.194881,-0.155544,-0.017102,-0.351452,0.070184,-0.221613,-0.316153,0.227543,-0.238479,-0.356054,-0.588818,-0.29483,-0.263344,-0.327636,-0.217946,-0.28633,-0.211456,-0.070089,-0.275241,-0.323492,-0.286414,-0.188519,-0.255629,-0.314745,-0.134962,-0.3208,-0.409885,-0.077292,-0.327973,-0.505038,-0.332207,-0.17318,0.042517,-0.42011,-0.307663,-0.377836,-0.053598,-0.099665,-0.090639,-0.309913,-0.322672,-0.014354,-0.102318,0.011174,-0.185631,-0.254058,-0.148917,-0.384067,-0.31471,-0.256163,-0.050647,-0.240691,-0.272412,-0.142385,-0.229723,-0.386159,-0.269736,0.033683,-0.392547,-0.008575,-0.192183,-0.476111,-0.262263,-0.222477,-0.288817,-0.013627,-0.279417,-0.259939,0.129208,-0.359358,-0.0061,-0.355617,-0.129892,-0.119247,-0.322476,-0.09865,-0.303066,-0.17802,-0.391121,0.395588,-0.049223,-0.27878,-0.100016,-0.174617,-0.312713,-0.158251,-0.26466,-0.465318,0.069311,0.322285,-0.199556,-0.364477,0.017802,-0.361829,-0.220223,-0.155709,-0.111752,0.372755,-0.105032,0.173755,-0.024076,-0.229026,0.145055,0.143526,-0.187746,-0.295569,0.295719,-0.349428,-0.233564,0.411117,0.321334,-0.176541,0.403101,0.319001,0.147841,0.364984,0.38404,0.015729,0.096853,-0.061946,0.030452,0.268812,-0.108362,0.312523,0.376896,0.262704,-0.128993,0.330451,0.472986,-0.344403,-0.191592,0.179767,#
7,-0.102121,-0.146634,-0.142448,-0.07961,-0.016631,0.254276,0.163386,1.0,-0.09374,-0.27244,-0.164697,-0.219435,-0.102653,0.09292,0.257142,-0.177119,0.080525,-0.1271,0.08835,-0.056144,0.036207,0.334593,-0.142827,-0.183726,0.092656,0.142765,0.120905,0.010272,-0.236434,-0.074925,0.071356,0.253897,0.382993,-0.136276,-0.089031,0.093185,0.13843,0.043203,0.23591,-0.176883,-0.120562,0.174862,0.267798,0.039708,-0.027279,0.153643,0.029603,-0.137831,-0.178913,-0.229283,-0.101229,-0.013234,0.042466,-0.372945,0.014426,0.2151,0.098601,-0.008913,-0.166368,0.152991,-0.067989,0.051201,-0.158979,0.272106,0.137612,0.150649,0.00153,0.086549,-0.086406,-0.28641,-0.061916,-0.053247,-0.031342,-0.011939,0.044677,-0.216095,0.147919,0.035818,-0.224146,0.006226,0.067228,-0.093538,0.265128,-0.266948,0.139256,0.17067,0.111306,0.065567,-0.093144,0.06502,0.01003,0.023166,0.141572,-0.096025,0.126711,0.134331,-0.27239,0.096929,-0.029796,-0.150928,0.04046,-0.086914,0.110803,-0.067896,-0.078941,-0.173411,0.07644,-0.255762,0.122314,-0.26506,-0.25855,0.129644,0.100772,0.00726,-0.030069,0.169512,0.133823,-0.04693,-0.045637,0.129285,-0.053009,0.143677,-0.121544,-0.0242,0.01294,0.185107,-0.023673,-0.188863,0.052044,0.006802,0.056985,-0.039722,-0.031741,-0.158548,0.029981,-0.033446,0.20755,0.009425,-0.078538,-0.098225,-0.077998,-0.159867,-0.12054,0.09812,-0.007491,-0.219131,0.105636,-0.109206,0.118408,0.079258,0.110371,0.120852,0.275108,0.060091,0.145639,-0.14314,0.125633,-0.108054,-0.266463,0.132383,0.096634,-0.029153,-0.017271,-0.037386,0.027411,0.022926,-0.092408,0.130868,-0.148241,0.258739,-0.057983,-0.009078,0.065826,0.11959,-0.071385,0.036368,-0.034617,-0.088121,-0.106014,-0.067327,-0.068467,-0.124985,0.055175,0.110491,-0.041456,-0.081101,0.051855,0.128828,0.03161,-0.217026,-0.165324,0.245326,-0.004629,-0.111817,0.020512,0.091098,-0.217293,-0.099148,0.057298,-0.096715,#
8,0.458237,0.06682,0.117321,-0.32019,0.271813,0.040343,0.419314,-0.09374,1.0,-0.016697,0.100117,0.298352,0.22422,0.033004,-0.001886,-0.085339,-0.012625,0.300558,0.279178,-0.041386,-0.15731,-0.022055,0.229006,-0.197317,0.013233,-0.335052,0.003066,0.0842,0.243137,0.06874,-0.171812,0.008606,0.025716,-0.112297,-0.254888,0.088468,0.392479,-0.198056,0.011076,-0.033008,-0.015981,-0.091797,-0.234529,-0.095982,0.017785,-0.152634,0.243732,0.301118,-0.033432,0.369362,0.221011,-0.144601,0.046411,0.261182,-0.009699,0.01221,-0.037585,0.146994,0.119566,0.077312,-0.147534,0.082595,-0.153049,-0.004689,-0.069872,0.193879,0.281183,0.054734,0.306284,0.18002,0.147851,-0.223999,-0.016995,-0.24614,-0.149567,0.06435,-0.062829,-0.413841,-0.199539,-0.055947,-0.123909,-0.228588,-0.190181,0.077939,-0.07154,0.068979,-0.268921,-0.215643,-0.07166,-0.238622,0.026684,-0.16978,-0.156181,0.131939,-0.176412,0.032542,-0.10393,-0.320127,-0.038175,-0.185374,-0.234274,-0.410075,-0.315538,-0.184431,0.13933,0.044784,-0.082029,0.076551,-0.249753,0.102873,0.126406,0.001991,0.128563,-0.200137,0.125284,-0.600436,-0.260309,-0.132613,0.306475,-0.393776,-0.095616,-0.137011,-0.09977,-0.572478,-0.333102,0.09211,-0.108628,0.071475,-0.072941,-0.242428,0.237589,0.117157,-0.021534,-0.030529,-0.029085,-0.183238,0.008228,-0.048761,0.201477,-0.143655,0.079558,0.067889,-0.319147,-0.148077,-0.218299,-0.127972,-0.062175,0.37664,-0.085316,-0.159313,-0.118956,-0.122256,-0.029043,-0.216911,-0.138474,-0.271965,0.055986,0.367263,-0.017344,-0.114729,0.190171,-0.11625,-0.081626,0.301719,0.135939,0.066685,-0.15683,-0.065732,-0.086878,0.012601,-0.159923,0.256143,0.133744,-0.217459,-0.097114,-0.275177,-0.039168,0.327298,0.188867,-0.219084,0.314266,0.124362,-0.189839,-0.065634,0.139686,0.180883,-0.030038,-0.015279,-0.410161,0.223848,0.173217,-0.122749,0.136467,0.192908,-0.175538,0.125095,0.231811,-0.216212,0.03051,-0.006193,#
9,0.043136,0.135649,0.125565,-0.183754,0.172249,-0.076566,-0.079991,-0.27244,-0.016697,1.0,-0.12223,0.294763,0.144939,0.341191,-0.421131,-0.064854,-0.389361,0.264047,-0.185536,-0.033352,0.092156,-0.200393,0.196813,0.075853,0.210363,0.067951,-0.000947,-0.261916,0.068315,0.290956,-0.011464,-0.178092,-0.292912,0.241072,-0.037271,0.415569,-0.017049,-0.30284,-0.142433,-0.018881,0.075911,0.237545,0.193925,0.237064,0.145984,-0.215098,-0.045977,0.328765,-0.041147,0.17739,-0.100183,-0.236643,-0.032483,0.043012,-0.181248,-0.43639,-0.080066,-0.007866,0.208363,0.085565,-0.024782,0.164725,-0.015563,-0.270771,-0.011108,0.059217,0.050773,0.207806,0.105381,-0.144773,-0.077433,-0.26726,-0.052954,-0.124802,0.030448,0.173644,-0.172133,-0.260208,-0.018012,0.112055,-0.09742,-0.13912,-0.185838,-0.040686,0.02239,-0.389091,-0.093743,-0.161317,-0.106097,0.101957,-0.241474,0.012049,-0.141224,0.156665,-0.209542,0.074897,-0.032621,-0.139409,0.07062,-0.019873,-0.214379,0.024013,0.016057,0.103254,-0.001598,-0.098037,-0.120768,-0.167352,-0.139843,0.031868,0.217454,0.168658,-0.093911,-0.01855,-0.012489,-0.063473,-0.218427,-0.226429,0.313592,-0.310076,-0.052221,0.175041,-0.092705,-0.054736,-0.195592,-0.038329,-0.142238,-0.183527,-0.107756,0.15175,0.024663,0.224181,-0.016335,0.688907,-0.178867,0.033222,-0.157016,-0.087011,0.293714,-0.224889,0.118035,-0.000914,0.154829,0.062313,0.103511,0.068789,0.165034,0.098264,-0.261891,0.101111,-0.480977,-0.150341,-0.146679,-0.006395,0.092009,0.114649,0.173203,0.321781,-0.013619,0.023164,0.066038,0.10572,-0.136758,0.314161,-0.018528,0.207283,-0.085568,-0.127454,0.024911,-0.00318,0.129219,-0.029053,-0.145813,-0.346358,0.180262,-0.014843,-0.246444,0.061309,0.3157,-0.080268,0.114344,-0.15963,-0.323518,0.117824,-0.033487,-0.081269,0.049188,-0.081693,-0.25651,0.359531,-0.028069,-0.19504,-0.048526,0.072619,0.074553,-0.168267,0.125305,0.026616,0.331504,-0.070556,#
10,-0.196815,-0.126784,0.028328,0.065707,-0.114289,-0.041606,0.323005,-0.164697,0.100117,-0.12223,1.0,-0.057903,-0.176154,-0.042808,0.133727,0.065359,0.16095,-0.199925,0.043553,0.152611,-0.065185,0.216438,-0.106535,0.12321,-0.146725,0.285753,-0.078617,0.076084,0.201507,-0.023492,-0.040544,-0.057365,-0.290526,-0.203959,0.296123,-0.128406,-0.059143,-0.047977,0.05622,0.172778,-0.312618,-0.062337,-0.2037,-0.214601,0.131728,0.178519,-0.265665,-0.278621,0.204023,-0.006246,0.239949,0.088177,-0.075773,0.311553,-0.102626,0.133862,0.109842,-0.142913,0.01434,0.063173,0.07224,-0.156666,0.147301,0.07045,0.123169,-0.033564,-0.050476,-0.018019,-0.246932,0.072484,-0.154498,0.053203,0.226844,0.081734,-0.077506,0.214264,-0.101245,0.065221,-0.114374,-0.043488,-0.086438,0.085461,-0.185519,0.117279,-0.040199,-0.128985,0.057931,-0.171178,-0.132929,-0.129122,0.020784,-0.240109,0.104398,-0.116401,-0.171433,0.067427,-0.092819,-0.164763,-0.403816,-0.05497,0.026125,0.02685,-0.330552,-0.0003,0.240984,0.034631,-0.005278,-0.04692,-0.23739,0.387932,-0.115928,-0.116033,-0.190575,0.202741,-0.077094,-0.004108,-0.229451,-0.020855,-0.123713,0.076391,-0.033423,-0.134177,0.064835,0.023241,0.005913,-0.08898,-0.168821,0.017361,-0.054307,-0.186565,0.12125,-0.248176,-0.114499,-0.209415,0.139152,0.112321,0.164414,-0.121604,-0.102767,0.013954,0.00056,0.169061,-0.121656,-0.085759,0.023973,0.145948,-0.181439,-0.042121,0.236771,-0.203915,0.115164,-0.015349,-0.342254,-0.039059,-0.154762,-0.331504,-0.294397,0.154009,0.13998,-0.149356,0.091752,-0.252192,-0.065173,-0.000156,-0.154176,-0.057197,-0.119824,0.049082,0.268799,-0.341057,0.188042,-0.29438,-0.13498,0.042988,0.036375,-0.29048,-0.286533,0.122672,-0.119967,0.027423,0.101117,0.23936,0.092439,0.30642,-0.049185,0.154146,-0.228772,-0.167798,0.29497,0.088611,0.003077,0.305311,0.106307,-0.024045,0.068398,-0.057621,0.189175,-0.050464,-0.104447,0.215678,#
11,0.308119,0.235939,0.043085,-0.174921,0.267761,0.152865,0.298997,-0.219435,0.298352,0.294763,-0.057903,1.0,0.135267,-0.068148,-0.143273,0.29525,-0.075352,-0.090621,-0.18364,-0.250492,-0.0396,0.031793,-0.055344,-0.019454,0.087082,-0.169378,-0.09203,-0.408572,0.2772,0.2123,-0.378168,-0.024181,-0.195582,0.045256,-0.112898,0.352885,-0.155568,-0.234079,-0.209816,0.032501,0.081619,-0.017605,-0.126312,-0.160366,-0.042036,0.047506,-0.078721,0.152729,0.08874,0.139077,0.037446,-0.362179,0.030026,0.098518,0.127219,-0.077863,-0.283769,-0.035451,-0.015759,0.137486,-0.17124,0.214487,0.061592,-0.017655,-0.042967,-0.29398,-0.039834,-0.013859,0.159527,-0.046824,-0.075088,-0.27496,0.013269,-0.250254,-0.27919,0.272691,-0.255697,-0.066673,-0.226892,-0.430132,-0.265072,-0.289335,-0.175882,0.04336,-0.105982,-0.147735,-0.246062,-0.422806,-0.056102,-0.132134,-0.066998,-0.093089,0.060767,-0.198551,-0.345024,-0.004978,-0.149997,-0.378103,-0.285579,-0.101388,0.057391,-0.162253,-0.197103,-0.164326,-0.015438,-0.168531,-0.060141,-0.157269,-0.43412,-0.113553,-0.220544,-0.088246,-0.231761,-0.203638,-0.037853,-0.282275,-0.186851,-0.221863,-0.163588,-0.066905,-0.04464,-0.127336,-0.214865,-0.278698,0.033357,-0.147278,-0.154049,-0.107036,-0.069819,-0.248443,-0.093485,-0.10487,-0.078516,0.214849,-0.264005,-0.013541,-0.057112,-0.229695,0.035799,-0.242662,0.088143,0.076465,-0.220999,-0.104788,-0.202694,-0.1937,-0.156568,0.097224,-0.284186,-0.477778,-0.328477,-0.25945,-0.161952,-0.190908,-0.150002,-0.358735,0.05113,0.184979,-0.014807,-0.119675,0.113223,-0.125142,-0.089333,-0.046474,-0.213011,0.073533,0.107185,0.094494,0.246375,-0.214113,0.005195,0.076641,-0.071798,-0.201969,0.207319,-0.327625,-0.321813,0.159655,0.128293,-0.230559,0.346022,0.011913,0.214213,0.183826,0.223584,-0.255695,0.009537,-0.040139,0.017406,0.392311,-0.036095,0.22967,0.27354,0.065917,-0.042704,0.217767,0.303591,-0.245166,0.023754,0.030553,#
12,0.264407,-0.028834,-0.172478,-0.221971,0.294528,-0.192365,0.052864,-0.102653,0.22422,0.144939,-0.176154,0.135267,1.0,0.178761,0.076899,0.136254,-0.016173,0.156903,0.051479,-0.064051,-0.057874,0.04274,0.297125,-0.100109,-0.175025,-0.050195,0.032133,-0.026988,0.2091,-0.08219,-0.293275,0.111936,-0.007206,0.085623,-0.080739,0.150038,0.293347,-0.145278,-0.077147,-0.003718,0.186614,0.165151,-0.01732,0.01839,0.162986,-0.013121,0.32109,0.145318,-0.017807,0.099002,-0.145343,-0.255848,0.059732,-0.100176,0.046811,-0.243654,-0.308649,0.336985,0.170655,-0.162766,-0.042678,-0.113097,-0.270709,-0.000133,0.0973,0.253875,0.117023,-0.039471,0.349597,-0.185815,0.085328,-0.329616,-0.156192,-0.246801,-0.032554,0.139443,-0.07189,-0.251081,-0.166819,-0.196387,-0.203084,-0.277002,-0.161237,-0.150895,-0.035449,-0.17969,-0.160146,-0.203569,-0.230896,-0.067438,-0.172024,-0.253073,-0.225778,-0.035079,-0.156293,-0.155149,-0.086355,-0.203004,-0.022477,-0.412332,0.211628,-0.186465,-0.278013,-0.419794,-0.158033,0.006748,-0.219325,-0.059222,-0.172306,-0.008467,0.098096,-0.107926,-0.009324,-0.208708,-0.237252,-0.211315,-0.332661,-0.07549,0.141904,-0.374626,0.042655,-0.357633,-0.133514,-0.224121,-0.203618,0.017737,-0.29428,0.137307,-0.26495,-0.248793,-0.150399,0.057241,0.017896,0.021197,-0.235771,-0.190346,-0.103775,-0.021827,0.11969,-0.350108,-0.332153,-0.094111,-0.272188,0.123996,-0.344923,-0.121473,-0.055197,0.322241,-0.560432,-0.0836,-0.022737,-0.168507,-0.114691,-0.137884,-0.186959,-0.065514,0.280106,0.264698,-0.380473,-0.210682,-0.123891,-0.037655,-0.328251,-0.075065,0.173447,0.138615,-0.243443,-0.0178,-0.303675,0.013791,0.136721,0.250392,-0.06104,-0.260138,0.104093,-0.041342,-0.07291,0.308652,0.264398,-0.332401,0.126718,0.195747,-0.080836,0.029997,0.190931,-0.080706,0.150006,0.058418,-0.255311,0.216474,-0.210826,0.026218,0.250853,0.346775,0.005789,0.111657,0.252549,-0.110186,-0.106141,0.134242,#
13,-0.031205,0.026651,0.006739,-0.178364,0.164353,0.398181,-0.005869,0.09292,0.033004,0.341191,-0.042808,-0.068148,0.178761,1.0,-0.107601,-0.046189,-0.192345,0.275819,0.211577,-0.150267,0.155805,-0.002269,0.235691,-0.157331,-0.082603,-0.097131,0.193896,0.051016,-0.043945,-0.091038,0.137036,0.153647,0.052116,-0.191425,-0.25791,0.292123,0.18608,-0.10888,-0.117439,-0.384032,0.081551,0.306739,0.284512,0.230504,0.006978,-0.292523,0.230175,0.261329,-0.00291,-0.057932,-0.033428,-0.022869,0.007377,-0.132823,-0.309451,-0.275504,0.090246,0.234449,0.13335,-0.02302,0.040541,0.205795,-0.232204,0.014473,0.096799,0.330289,0.198459,0.332702,0.328165,0.013166,-0.109852,-0.230617,0.017087,-0.223095,0.077321,0.213578,-0.002375,-0.328881,-0.137173,0.12501,0.048579,-0.210717,-0.109092,-0.023161,-0.018087,-0.002618,-0.081828,-0.193288,-0.118764,-0.045782,-0.081631,-0.093236,-0.079979,0.008908,-0.005765,-0.087604,-0.115691,0.027481,-0.059425,-0.30929,-0.000387,-0.104685,0.044427,-0.21125,-0.019824,-0.159706,-0.103873,-0.415105,-0.020042,-0.199077,0.1552,0.115259,-0.031466,0.070512,0.024883,0.007057,-0.33807,-0.119482,0.328099,-0.283637,-0.014887,-0.024613,-0.047586,-0.16715,-0.008032,0.004817,-0.212397,0.012267,-0.019555,-0.064836,0.090599,0.222962,-0.161334,0.178964,0.079436,-0.191354,-0.054461,0.116449,0.29594,-0.091084,-0.118949,-0.177748,-0.140771,-0.194004,-0.039179,0.037205,0.135951,0.128915,-0.20377,0.176027,-0.264356,0.151954,-0.111478,-0.057235,0.179422,-0.028879,0.343106,0.452447,-0.273479,0.086585,-0.086668,-0.085939,0.012418,0.370768,0.093911,0.294918,0.023528,0.006186,-0.275989,0.244387,0.045537,0.211852,-0.178832,-0.139166,-0.095682,0.020131,-0.101459,0.068501,0.26366,-0.073966,0.069435,-0.022736,-0.304271,-0.007886,0.146094,-0.156419,0.051722,0.022447,-0.142827,0.136176,-0.015616,-0.146285,0.168425,0.156985,0.242616,-0.080953,0.039977,-0.082347,0.262008,0.10804,#
14,0.06431,0.135773,-0.186663,-0.01127,0.021044,0.109852,0.125393,0.257142,-0.001886,-0.421131,0.133727,-0.143273,0.076899,-0.107601,1.0,0.110728,0.06667,-0.198426,-0.041476,-0.102215,-0.06892,0.418365,0.101333,-0.058824,-0.105042,0.085326,-0.06467,0.049514,0.200136,0.082101,-0.262967,0.333964,0.030937,0.063052,-0.144712,-0.169365,0.057189,0.061948,0.422632,0.098438,-0.1824,0.072912,0.07465,-0.121504,-0.169028,0.383362,0.253109,-0.329288,0.059568,0.031132,0.013152,0.071552,-0.120014,-0.223522,0.04116,0.16042,-0.11644,0.302144,-0.420453,0.101136,0.250185,-0.193922,-0.081523,0.375125,0.259127,0.205024,-0.313295,0.034603,0.070143,-0.161026,0.022232,-0.080009,0.188174,-0.126999,-0.195627,-0.115382,-0.087403,0.177813,-0.247594,-0.245627,-0.05555,-0.193645,-0.138695,-0.115151,-0.256369,-0.02624,-0.168791,-0.28878,-0.15845,-0.154436,-0.037199,-0.092566,0.110972,-0.063409,-0.095815,-0.087378,-0.276558,-0.199352,-0.23769,-0.147072,0.022685,-0.025207,-0.20669,-0.291373,-0.072068,0.04991,-0.161635,-0.09474,0.06837,-0.19041,-0.312818,-0.047239,-0.181958,0.089753,-0.388344,0.002357,-0.256323,0.035281,-0.182755,-0.103574,-0.141912,-0.270975,-0.09803,-0.051587,0.060125,-0.105762,0.103345,-0.103113,-0.27144,-0.347449,0.077833,-0.516805,-0.213273,-0.414539,-0.291583,-0.122654,-0.06764,-0.20813,0.060635,-0.157077,-0.208506,-0.298288,-0.299394,-0.20148,-0.34639,-0.101262,-0.174579,-0.101326,-0.113117,-0.334018,0.023633,-0.089666,-0.058648,-0.091503,-0.269589,-0.253843,0.033889,0.052398,-0.371444,-0.140984,-0.224301,-0.122009,-0.011894,-0.385502,-0.160043,0.192978,-0.054371,0.009733,-0.26075,-0.202492,0.024548,0.13244,-0.27999,-0.025645,0.223529,-0.087514,0.065052,0.1035,-0.036793,-0.144564,0.067094,0.306879,0.175137,0.159997,0.18229,-0.123363,0.069818,0.143842,0.250112,-0.00832,-0.368214,0.38096,0.065778,0.108503,-0.062938,-0.073398,0.145774,-0.237805,0.00498,0.141798,#
15,0.024209,-0.112806,-0.147691,-0.045648,-0.011499,0.011191,0.123738,-0.177119,-0.085339,-0.064854,0.065359,0.29525,0.136254,-0.046189,0.110728,1.0,0.02879,-0.439645,0.024746,-0.195921,0.00183,-0.014406,-0.109766,-0.143521,-0.343484,0.004956,-0.20976,-0.112399,0.125724,-0.095235,-0.248534,0.053617,-0.100075,-0.070119,0.090542,-0.037137,-0.139835,0.154486,-0.208445,0.160138,-0.046523,-0.030982,-0.038676,-0.121347,0.04667,0.172177,0.081625,-0.20962,0.171141,0.036829,0.099657,-0.057654,0.039318,0.014784,-0.165552,0.05082,-0.043682,0.017821,-0.027863,0.082109,-0.014891,0.083361,0.097977,0.208466,-0.034458,-0.160773,-0.24508,0.176381,-0.050619,-0.265679,0.044007,0.025318,0.006725,-0.130581,-0.074408,0.109974,-0.152436,0.129873,-0.09942,-0.263885,-0.055048,-0.094851,-0.142372,-0.082678,0.007096,-0.103898,-0.135899,-0.170138,0.007375,-0.0249,0.154662,-0.050255,0.284832,-0.397839,-0.15028,-0.002261,-0.126834,-0.269138,-0.199375,0.040354,0.212262,0.010505,-0.163536,-0.022204,-0.007287,0.03557,-0.41588,0.059536,-0.226959,-0.080727,-0.41023,-0.343491,-0.161955,0.092862,-0.193146,-0.085114,0.015688,-0.044414,-0.470861,0.124993,-0.060421,-0.152892,0.076613,0.278941,0.067039,-0.142828,-0.105419,-0.024967,-0.127528,-0.131044,-0.123347,-0.175283,-0.125577,0.087669,-0.096107,-0.100224,0.096203,-0.199857,-0.176416,0.047179,-0.035344,-0.142712,-0.123557,-0.050965,-0.32221,0.219328,-0.318137,-0.113208,-0.225905,-0.373455,-0.044564,-0.086136,-0.283084,-0.047655,-0.37118,-0.105923,-0.042747,-0.112558,-0.152048,-0.083525,-0.445495,-0.330573,-0.038489,-0.36279,-0.182801,0.038769,-0.108419,0.17169,0.082583,-0.287258,0.044855,0.030057,-0.131141,0.029476,0.127088,-0.210396,-0.176863,0.036042,-0.262615,-0.099769,0.064584,0.064605,0.512097,0.243178,0.202582,-0.05769,0.071406,0.002775,0.543131,-0.017501,-0.28044,0.319282,0.269175,0.078893,0.056542,0.115009,0.382074,-0.043651,-0.188312,0.207249,#
16,0.085152,0.050604,-0.098659,0.106883,0.15589,-0.066322,-0.005298,0.080525,-0.012625,-0.389361,0.16095,-0.075352,-0.016173,-0.192345,0.06667,0.02879,1.0,-0.18623,-0.004727,-0.101114,-0.137601,0.121971,-0.067121,0.106901,-0.061802,-0.059315,-0.169717,0.033275,0.049025,-0.008755,-0.122252,0.122112,-0.038412,-0.298389,0.142915,-0.332162,-0.116571,-0.000946,-0.007942,0.094374,-0.103764,-0.132954,-0.185386,-0.165754,0.140436,0.237055,0.016419,-0.160752,-0.017091,0.024704,0.163977,-0.080945,0.052492,0.020634,0.149326,0.190538,-0.141174,0.011777,-0.192689,0.031689,0.073256,-0.282617,0.0825,0.237596,0.054628,-0.000787,-0.048355,-0.18723,-0.052461,0.111062,-0.202235,0.024739,0.177425,-0.164747,-0.349111,0.111302,-0.173271,-0.015244,-0.062262,-0.080595,-0.042572,-0.136002,0.074525,0.057092,-0.081004,-0.090097,-0.023171,-0.032518,-0.16128,-0.180223,0.169878,-0.158009,-0.039605,-0.247298,-0.142294,-0.173222,-0.076028,-0.141466,-0.084998,-0.111217,0.290021,0.03559,-0.239646,-0.029373,-0.096743,-0.222986,0.22282,-0.140476,-0.060059,0.132058,-0.265751,-0.059561,-0.092217,-0.060816,-0.146393,0.098334,0.193933,-0.185799,-0.029161,0.261656,-0.096356,0.078625,-0.392068,-0.124685,0.084507,-0.195072,-0.236345,0.21429,-0.186669,0.051421,-0.154623,-0.212773,-0.019793,-0.232677,-0.016158,-0.064359,-0.042825,-0.422419,-0.354047,-0.099691,-0.140351,0.116368,0.015576,0.138169,-0.230634,-0.085616,-0.121655,0.166499,-0.058895,-0.082513,0.173209,0.05932,-0.05975,-0.187206,-0.293198,-0.195629,-0.222046,0.069155,-0.065308,-0.186722,-0.084227,0.026403,-0.081413,-0.243955,-0.028168,0.020123,-0.051633,-0.114083,0.0019,0.114186,0.266672,-0.040824,-0.128344,0.066786,-0.110691,-0.195287,-0.147255,-0.135934,-0.207756,-0.132749,0.078066,-0.20902,0.358744,0.114146,0.063657,-0.155683,0.079115,-0.095604,0.185556,-0.134302,-0.141611,0.277804,0.168336,0.170665,0.086995,0.176508,0.124867,0.079698,-0.373757,0.082153,#
17,0.05202,0.076184,0.172677,-0.122589,0.032093,0.023776,-0.089215,-0.1271,0.300558,0.264047,-0.199925,-0.090621,0.156903,0.275819,-0.198426,-0.439645,-0.18623,1.0,0.092328,0.255918,0.15843,-0.161362,0.360271,0.066886,0.316081,-0.193188,0.233959,0.158785,-0.047244,0.061196,0.265545,0.014229,0.096425,0.129225,-0.243439,0.093121,0.270511,-0.258005,0.082489,-0.21395,0.07431,0.238293,0.12539,-0.030723,0.129369,-0.319201,0.260852,0.478448,-0.085298,-0.016592,0.040328,-0.071081,-0.167078,0.057815,-0.282936,-0.155726,-0.026104,0.017118,0.129472,-0.09421,-0.097342,0.065175,-0.123499,-0.347556,-0.170404,0.136879,0.189759,0.105629,0.256136,0.323225,0.016522,-0.114878,-0.266457,0.151137,0.101045,-0.162746,0.127665,-0.290152,0.014722,0.164545,-0.002068,0.071845,-0.005439,0.181847,0.086689,0.130204,-0.162265,0.171369,-0.045241,0.003988,-0.093154,-0.030801,-0.389966,0.367281,0.142667,-0.014959,0.145841,0.142097,0.286988,-0.098431,-0.237548,-0.172669,-0.139928,0.079307,0.159612,0.170163,0.113358,0.136982,0.124753,-0.072943,0.45834,0.200416,0.227932,-0.124804,0.213999,-0.173472,-0.144098,-0.135583,0.618013,-0.38423,0.001276,0.065851,-0.032113,-0.333343,-0.277902,0.215777,0.008601,0.158939,-0.116754,-0.054011,0.170722,0.247336,0.197392,0.193275,0.092408,0.006966,-0.113136,0.300726,0.389735,-0.069798,0.092528,-0.021958,0.026025,-0.139614,0.024482,-0.094885,0.333445,0.322382,-0.178357,0.46098,-0.137453,0.090858,0.193029,-0.014458,0.21369,0.281787,0.28079,0.172277,-0.018272,0.302969,0.249143,0.343795,0.112342,0.645226,0.282875,0.094061,0.034475,-0.136859,-0.339332,0.214284,-0.082872,0.237279,0.057849,-0.227826,-0.171109,0.153998,0.27878,0.176396,0.424171,-0.225903,0.131188,-0.169335,-0.739622,-0.224545,-0.046632,-0.005337,-0.053224,0.073259,-0.540978,0.15909,0.079918,-0.417683,-0.107078,-0.044592,-0.061711,-0.018371,-0.085687,-0.051143,0.266691,-0.301861,#
18,0.179611,-0.144758,0.041104,-0.161027,-0.045166,-0.037823,0.176585,0.08835,0.279178,-0.185536,0.043553,-0.18364,0.051479,0.211577,-0.041476,0.024746,-0.004727,0.092328,1.0,0.015257,-0.026193,0.145488,-0.032434,-0.152927,-0.488671,-0.154654,-0.030215,0.373879,0.072349,-0.342643,0.003912,0.20297,0.08437,-0.189025,0.018805,0.070439,0.16957,0.419046,-0.099082,-0.213907,0.266137,-0.091838,-0.139738,-0.046118,-0.12188,-0.244224,0.27661,-0.055196,-0.087671,0.104055,-0.232746,0.215907,0.068901,0.054328,-0.288217,-0.122748,0.053881,0.007213,0.022791,-0.182231,-0.067897,-0.021205,0.077461,-0.132115,-0.014367,0.075432,0.361257,-0.086869,0.085621,-0.041266,-0.037055,-0.011988,-0.136312,0.119556,0.086728,-0.185022,0.284406,-0.381571,0.039088,0.010881,-0.008469,0.060661,-0.062119,-0.133859,0.037416,0.145628,0.014777,0.007361,0.008145,0.186011,0.22362,0.121554,-0.047015,0.103627,0.188887,0.111286,0.075187,0.129251,0.008425,-0.185132,-0.007116,-0.07651,-0.055048,0.139951,-0.010482,0.120244,-0.019225,-0.042746,0.292987,-0.008349,0.118344,-0.071295,0.239823,0.160335,0.101375,-0.252334,0.091312,0.285954,0.161153,-0.106824,0.096863,-0.055365,0.189204,0.081562,-0.050178,0.060614,-0.026678,0.22058,0.23844,0.128028,0.244493,0.286029,0.055465,-0.163827,0.293261,-0.01535,0.050295,0.130411,-0.106471,0.035321,0.140924,-0.033735,-0.101943,0.016316,0.07962,0.089074,0.126383,0.106397,-0.06271,0.238392,0.218991,0.07601,0.250074,-0.11524,0.150219,0.019664,0.123108,0.073243,0.010209,0.014508,-0.092765,0.034204,-0.024566,0.112786,0.452194,-0.031858,0.160096,-0.034258,-0.187778,0.347523,-0.371546,0.418194,0.230747,0.055064,-0.101521,0.100397,0.122218,-0.029999,-0.1132,0.080011,0.017033,0.135682,-0.117923,-0.093284,-0.034983,0.087308,0.263216,0.050924,-0.030499,-0.306257,0.113324,-0.16492,-0.046929,-0.016924,0.040223,0.127923,-0.02673,-0.009661,0.126952,-0.094968,#
19,-0.231441,-0.121321,0.005848,0.118736,-0.154032,-0.044821,-0.131977,-0.056144,-0.041386,-0.033352,0.152611,-0.250492,-0.064051,-0.150267,-0.102215,-0.195921,-0.101114,0.255918,0.015257,1.0,-0.00799,0.156985,0.060098,0.126255,-0.047256,0.158243,0.120561,0.155145,-0.151266,0.008769,0.378169,-0.065452,0.149658,0.100435,0.228737,-0.196754,-0.003516,0.050231,-0.080001,-0.074168,-0.074748,0.141882,-0.153426,-0.060366,0.037566,-0.098568,-0.0746,-0.056909,-0.128824,-0.120774,0.049975,0.102552,-0.107586,-0.035698,-0.137136,0.156628,-0.07749,-0.021121,-0.012119,-0.372927,0.0486,-0.165581,0.184419,-0.156212,0.02294,-0.053227,0.325105,-0.041896,0.00044,0.263942,-0.02912,0.044374,-0.072773,0.213859,0.219855,-0.199749,0.200686,0.002869,0.193161,0.144842,0.147323,0.218328,0.087798,0.081981,0.203812,0.254591,-0.034476,0.153979,0.215471,0.046006,0.101568,0.056468,-0.153176,0.232379,0.204291,0.121073,0.263147,0.045064,0.111165,0.134591,-0.227204,-0.145403,-0.00844,0.247706,0.189857,0.260601,-0.012609,0.360816,0.128053,0.167571,0.428288,-0.200739,0.208412,-0.039711,0.21005,0.229093,0.286593,0.116699,0.261238,0.014103,0.079522,0.280282,0.067122,-0.07587,-0.287966,0.262517,0.189109,0.18526,0.109374,-0.03612,0.160677,0.158504,0.135676,0.016823,0.208771,0.045158,-0.200863,0.25697,-0.105181,0.290323,0.337777,0.035988,0.070692,0.074119,0.209522,0.146165,0.35611,-0.04257,0.25334,0.285734,0.15454,0.007134,0.311203,0.392004,0.181556,0.349796,-0.014564,-0.247645,0.309643,0.201858,-0.013468,0.26476,-0.007206,0.398517,0.170107,-0.095633,0.177783,0.134292,-0.008506,0.151187,-0.176933,-0.163426,0.164641,0.209576,-0.112351,0.316846,0.366044,-0.014693,0.064232,0.232214,-0.086037,-0.067994,-0.431316,0.035011,-0.142399,0.314827,-0.136296,0.202693,-0.22603,0.066484,0.052791,-0.255269,-0.300506,-0.222961,-0.118936,-0.043303,-0.146251,0.205168,-0.001341,0.032584,#
20,-0.255241,-0.03013,-0.296949,-0.208211,0.087705,0.24854,0.019117,0.036207,-0.15731,0.092156,-0.065185,-0.0396,-0.057874,0.155805,-0.06892,0.00183,-0.137601,0.15843,-0.026193,-0.00799,1.0,-0.182726,0.16854,-0.140004,0.015951,0.103724,0.092459,0.042588,0.000144,0.1907,-0.033515,0.041136,0.172334,-0.061279,0.00345,0.142881,-0.069369,-0.056526,-0.032058,-0.142294,0.117547,-0.024679,0.197354,0.122412,0.005743,-0.060723,-0.120464,0.114343,0.245302,-0.327274,-0.012792,-0.304505,-0.069072,-0.128601,-0.179301,-0.016368,0.229107,-0.211786,0.175292,0.216907,-0.080612,-0.100044,-0.142158,-0.094988,-0.267706,0.179627,-0.089875,0.34793,0.129836,0.05612,0.061388,-0.033901,-0.134235,0.054004,0.189399,-0.022336,0.238338,0.139893,-0.164281,-0.032212,-0.065139,-0.024401,-0.075237,-0.026176,0.007702,-0.032488,-0.088327,0.107379,0.083166,0.240675,-0.249942,-0.008998,-0.112571,-0.150744,-0.00798,0.067745,-0.105657,-0.122376,-0.098146,0.166629,-0.0515,0.038805,-0.0881,-0.119784,-0.017336,-0.037353,-0.110417,-0.187195,0.151098,-0.367119,0.181472,0.048653,-0.132481,-0.165457,0.075389,0.027774,-0.004456,0.064937,-0.090441,-0.097801,0.115641,0.022066,0.041827,0.006876,-0.181433,0.109125,0.003751,0.214885,0.074803,-0.102366,-0.095278,0.031741,-0.224644,0.04728,-0.035387,0.040071,-0.23935,0.044042,0.150021,0.09629,-0.029001,-0.140735,-0.148241,-0.111939,-0.102608,-0.086906,0.231589,0.221922,0.028486,0.041562,-0.188011,0.037081,0.040029,-0.089813,-0.110731,-0.086449,0.12527,0.060614,-0.199529,-0.016373,-0.066248,-0.005782,-0.036115,0.159112,-0.19337,0.100633,0.031626,-0.03039,-0.158074,0.2361,0.02684,-0.048201,-0.199318,-0.096005,0.041832,-0.042221,0.076557,-0.099405,0.002889,-0.135493,0.17592,-0.126104,-0.116335,0.147811,0.162248,-0.349058,0.039483,-0.130246,0.044035,0.068616,-0.040968,0.158786,-0.02341,-0.269869,0.015082,0.1419,-0.023874,-0.076966,-0.019519,0.103592,#
