0,1.0,0.051529,-0.282735,-0.136964,0.283317,0.253772,0.071307,0.01159,-0.264276,0.114886,0.141354,0.043287,0.27013,0.144156,-0.040729,0.132273,-0.022974,-0.461552,0.204679,-0.226287,0.235373,0.116127,0.146393,-0.218996,0.002917,-0.384762,-0.247532,-0.202122,0.223125,0.089321,0.028675,-0.116576,0.197138,-0.236997,0.041887,0.160582,0.151966,-0.102571,-0.038501,-0.023171,0.073019,0.118651,-0.13832,0.003019,-0.105287,0.023794,-0.056693,0.092098,-0.100772,0.003845,0.017172,-0.201805,0.184482,0.021775,0.357948,0.097998,-0.149477,-0.006679,-0.155937,0.214982,0.334804,0.17553,-0.080328,0.10128,-0.16775,0.017105,-0.192595,0.27975,-0.205111,-0.261828,-0.092223,0.033993,-0.095565,-0.09089,-0.381729,0.288114,-0.173121,-0.074327,-0.322006,0.047428,-0.005629,-0.316469,-0.06137,-0.154438,-0.066767,-0.253745,-0.158087,-0.048892,-0.136097,-0.264728,-0.239525,-0.286832,-0.051761,-0.328415,0.062588,-0.230287,-0.354757,-0.112364,-0.152274,0.105649,0.219393,0.041352,-0.20764,-0.236711,-0.04202,-0.248211,0.008431,0.130836,-0.167505,-0.103259,0.128524,0.213155,-0.358796,-0.193672,-0.025561,0.128669,-0.277708,-0.168547,-0.151013,0.05752,-0.268405,0.014441,0.081988,-0.234158,-0.094879,-0.026073,-0.181798,-0.033039,-0.106837,0.05332,-0.122118,-0.290925,-0.176017,0.138523,-0.349803,-0.071298,-0.081803,-0.114656,0.277416,-0.214938,-0.168424,0.102477,-0.058567,0.089172,-0.034826,-0.099128,-0.107448,0.061074,-0.216288,-0.335705,-0.039408,-0.124248,-0.312571,-0.27471,0.246323,-0.146982,0.165564,0.084615,-0.296967,-0.22845,-0.036161,-0.319585,-0.068114,-0.131957,-0.030053,-0.123724,-0.159275,0.067596,-0.15514,-0.318429,0.088229,0.14641,-0.068484,0.101738,0.064509,-0.112743,-0.092981,-0.024432,0.03933,0.028988,-0.01226,-0.014637,0.034502,0.375264,0.263455,0.009294,0.248508,-0.061154,-0.001641,0.272476,-0.102186,0.109556,0.311512,-0.125828,-0.10667,0.244918,0.157987,-0.233431,-0.147604,0.095204,#
1,0.051529,1.0,0.040725,-0.126504,-0.088656,0.125121,0.310779,0.148543,-0.023602,0.290765,-0.130502,-0.04504,0.10098,0.264803,0.375177,0.011298,0.041833,0.25253,0.284223,0.023498,0.067554,0.101247,0.252445,-0.060432,0.03234,-0.200732,-0.090042,-0.030988,-0.165212,0.038767,-0.160056,0.137095,0.295566,-0.158814,-0.177844,0.164856,0.186134,-0.248633,0.041196,0.103069,0.123297,0.259849,-0.021854,0.090951,0.439685,-0.221483,0.083681,-0.152527,0.186028,0.273803,0.146146,-0.137599,0.123855,-0.255264,-0.004041,-0.13839,-0.01823,-0.431318,-0.261075,-0.249106,0.14158,0.169806,-0.255115,-0.090417,0.242105,0.15037,-0.10183,-0.13681,0.080443,-0.104084,0.052361,0.030233,0.124743,-0.331024,-0.17665,0.090287,-0.321099,-0.34268,0.037749,0.037727,0.107907,-0.24034,-0.13196,-0.031331,-0.240127,-0.128203,-0.205393,-0.23696,-0.054907,-0.188871,-0.194194,-0.134433,-0.267148,-0.172148,-0.111687,-0.147433,-0.03326,0.084735,0.307411,-0.024317,-0.030508,0.048455,-0.119169,-0.299359,-0.298747,-0.156704,-0.096048,-0.122231,-0.330777,-0.206329,0.182195,0.336803,-0.197598,0.023012,-0.121821,-0.068904,-0.164236,-0.251531,0.235062,-0.263889,-0.230244,-0.375736,-0.441228,-0.135042,-0.365693,-0.286751,0.198899,0.129302,-0.295911,0.056284,0.005307,-0.018978,-0.22463,-0.11313,-0.209061,-0.251128,0.126843,-0.055991,0.017041,-0.178736,-0.166393,-0.188562,-0.195673,-0.233085,-0.13025,-0.020292,-0.274181,0.308445,-0.102552,-0.103125,-0.320293,-0.278121,0.042158,-0.140397,-0.128581,-0.208044,0.156864,0.097873,-0.169477,-0.044457,-0.016156,0.008993,0.003065,0.303537,0.024963,0.277425,0.052118,0.096901,-0.310984,-0.294753,-0.024929,0.096638,-0.057849,-0.142811,0.178081,-0.112004,-0.04272,0.153222,0.239174,-0.431711,0.228029,0.07596,-0.20375,0.109643,0.144381,-0.187521,0.212241,-0.18146,-0.245585,0.319332,-0.08802,0.069883,0.167082,0.280036,-0.143451,-0.049478,0.121007,0.000909,0.224563,0.028484,#
2,-0.282735,0.040725,1.0,0.182092,-0.222676,-0.13522,0.058581,-0.066385,0.221736,-0.036923,0.040607,-0.101587,-0.206848,-0.01825,-0.118477,-0.119301,-0.262473,0.323868,0.007667,0.090599,-0.01205,0.255506,-0.095529,0.131844,0.224328,0.11938,0.389142,0.150285,-0.09962,-0.113696,0.129912,0.195555,-0.188371,0.118611,-0.009652,0.062308,0.070487,0.114734,0.108333,-0.167227,0.119451,0.111798,0.117853,-0.036371,0.005887,-0.20482,-0.079045,0.137618,0.09729,-0.163361,-0.142512,-0.02182,0.221002,-0.096201,-0.315342,-0.197478,-0.125782,-0.293684,-0.021822,-0.016041,-0.179002,-0.17743,-0.037921,-0.167313,0.07858,-0.162772,0.258061,0.081929,0.130053,0.299838,0.084473,0.177199,-0.073444,0.185051,0.168095,-0.176728,0.135421,-0.144143,0.120957,0.036,0.213558,0.14098,0.016181,0.164722,-0.074761,0.145545,0.063326,0.115057,0.200415,0.155474,0.123848,0.010626,0.217364,0.162973,0.105652,0.12716,0.392407,0.113698,0.18134,0.132089,-0.14473,0.137095,0.182198,0.111626,0.113142,0.343163,-0.03102,0.066944,-0.21025,0.031242,0.190146,-0.004208,0.131512,0.23393,0.401542,-0.043115,-0.030286,-0.022881,0.032963,0.06162,0.178245,0.138013,-0.08921,-0.025013,0.041956,0.090406,0.190205,0.068721,0.037612,0.164659,0.508643,0.063369,0.200043,0.011161,0.215299,0.127465,-0.106658,0.348802,0.134652,0.192149,0.033964,0.105332,0.06304,-0.101681,-0.032299,0.083932,-0.074297,0.040865,0.255362,0.393929,0.032227,-0.000351,0.34287,0.086109,0.066808,0.133183,-0.060006,-0.014414,0.261921,0.148337,0.377059,0.203226,0.095196,0.231194,0.074167,-0.379289,0.038021,0.028161,0.088899,0.267005,-0.171535,-0.135127,-0.114322,0.068312,-0.177458,0.283435,0.201643,0.039175,-0.022343,-0.140867,0.017142,0.040184,-0.181938,-0.211045,-0.256225,0.32117,-0.051834,0.247019,-0.040802,-0.079658,0.173135,-0.195865,-0.23903,0.313221,-0.21753,0.021179,-0.1247,0.187049,0.212755,-0.043037,#
3,-0.136964,-0.126504,0.182092,1.0,-0.146175,-0.31048,-0.200426,-0.271772,-0.197952,-0.312863,0.043694,-0.205564,-0.319695,-0.391785,-0.192543,-0.12264,0.117245,0.133944,-0.119614,0.090481,0.081266,0.02517,-0.296605,0.058097,0.103756,0.384802,0.193676,0.171356,-0.028257,-0.32136,0.194959,0.104419,-0.024616,0.039021,0.202111,-0.126506,-0.137662,-0.011493,-0.064703,0.047326,0.021449,-0.168959,0.038055,0.161681,-0.083069,0.327315,-0.065281,0.020288,0.028286,-0.17159,-0.089897,0.297267,0.001522,0.089653,-0.151222,-0.13668,0.31896,0.199091,0.125122,0.106636,-0.362118,-0.066112,0.243802,-0.096608,0.014951,-0.322443,0.075458,0.1234,-0.128913,-0.014649,0.044718,-0.045422,0.089842,0.045286,0.081679,-0.068033,0.22477,0.186373,0.080509,-0.170989,0.070425,0.404938,0.276601,0.085957,0.261736,0.066451,0.240443,0.19066,0.064719,-0.004339,-0.045079,0.194275,0.312715,-0.098388,0.212104,0.098138,0.401924,0.123286,-0.084831,0.21146,0.047338,0.332465,0.497023,0.196609,0.307641,0.110545,0.265628,0.084909,-0.009484,0.108758,-0.185053,-0.226604,0.207057,0.094121,0.178528,0.011224,0.080392,0.060133,-0.221581,0.402136,0.086202,0.33814,0.299103,0.149499,0.257952,0.117235,-0.208169,-0.159009,0.178222,0.270554,0.041678,0.091785,0.311807,0.1094,0.299727,0.230652,0.004957,0.140947,-0.021393,0.435329,0.143092,-0.024869,0.310981,0.167369,0.302294,0.144213,0.081638,-0.074513,0.343822,0.059959,0.150019,0.068618,0.113716,0.359613,0.085321,0.236944,-0.319482,-0.212168,0.265797,0.247641,0.014321,0.143585,-0.164412,0.01602,-0.21128,-0.34765,0.254252,0.103987,0.191225,0.195811,0.025495,-0.056425,0.166621,0.252953,-0.345352,0.290694,0.041154,-0.046689,-0.586822,0.283875,-0.319311,-0.076245,0.214854,-0.039255,-0.152272,-0.001863,-0.153602,-0.012509,0.429859,-0.218942,0.149792,-0.189728,-0.056337,-0.144578,-0.100183,0.015095,-0.210174,0.202712,-0.034483,-0.327535,#
4,0.283317,-0.088656,-0.222676,-0.146175,1.0,0.009488,-0.151398,0.146091,-0.030752,-0.115725,0.20287,-0.027058,0.191475,-0.127671,-0.115805,-0.063283,0.064695,-0.251703,0.126947,-0.162732,-0.297171,-0.174373,0.165631,0.0287,0.085339,-0.09269,-0.32918,-0.039867,-0.051003,0.032036,-0.221256,-0.282747,-0.034542,-0.092107,-0.089831,0.096797,-0.043163,-0.072026,0.019274,0.319334,0.050814,-0.445572,-0.16515,0.050059,-0.115198,0.235096,-0.218374,0.155753,-0.014892,0.13592,0.116432,-0.145735,0.059262,0.074147,0.226931,0.132841,-0.044036,0.166975,0.158246,-0.052931,-0.069694,-0.123294,-0.206903,-0.025415,-0.194725,0.24841,0.385363,-0.206483,0.041336,-0.11633,-0.051577,-0.072128,-0.009684,0.212571,0.015114,0.156238,-0.08984,-0.230299,-0.225189,-0.096614,-0.162952,-0.012477,0.018736,-0.044198,0.075383,-0.173118,0.156792,0.072757,-0.029954,-0.189805,0.097724,0.024973,0.098915,-0.242689,-0.011903,0.01167,0.017384,-0.005393,-0.100898,0.174485,0.121773,0.020584,0.024059,-0.156562,0.067499,0.078105,-0.08167,0.075834,-0.067399,-0.065477,0.030497,0.040919,0.145421,-0.184428,-0.110345,0.193083,-0.060479,0.254997,-0.13383,0.081176,-0.280827,0.031981,0.306844,-0.064004,0.139942,0.182238,0.094148,0.004236,0.171288,0.06453,-0.116302,-0.114187,0.001133,-0.180714,-0.09327,0.198466,-0.059811,-0.12085,-0.142546,0.106326,-0.067963,-0.132317,-0.218882,0.191613,0.00416,-0.255105,-0.228795,0.031275,0.033143,-0.204618,0.007243,0.086194,-0.384714,-0.101898,0.038026,-0.157692,-0.00327,0.046144,-0.176263,0.072286,-0.206713,-0.16815,-0.272995,-0.031932,0.235905,-0.099942,-0.0672,-0.01786,-0.164974,0.094931,-0.089693,-0.033909,0.109689,0.10516,0.093223,0.151581,0.099049,0.23843,0.158787,0.103252,-0.178982,0.096733,0.119531,0.215107,0.122056,-0.014866,0.164989,-0.153387,0.099021,-0.086094,-0.089137,0.03265,0.247454,-0.079889,-0.041651,0.150424,0.007365,-0.003008,-0.152171,-0.07343,#
5,0.253772,0.125121,-0.13522,-0.31048,0.009488,1.0,0.490057,0.297296,-0.029272,0.056325,0.136421,0.28308,0.128663,0.239148,0.142805,0.107661,0.23658,0.032713,0.122132,-0.07907,0.000314,0.14803,0.263174,0.041531,-0.225251,-0.101997,0.148179,-0.087222,0.140207,0.042069,-0.179621,0.021799,-0.038857,-0.064802,-0.018133,0.082784,0.086074,0.019653,-0.076699,-0.007818,-0.143512,0.310798,0.000313,-0.033835,0.097936,-0.202251,0.1006,-0.03187,-0.030177,0.058573,-0.027272,-0.133151,-0.000828,-0.046152,0.191072,0.22477,-0.231613,-0.063037,-0.131068,-0.198481,0.271423,-0.135729,-0.225461,0.295521,-0.042448,0.422812,-0.118773,0.261743,0.097371,-0.147473,-0.04453,0.224152,-0.123934,-0.079596,-0.183002,0.252004,-0.3364,-0.179189,-0.291472,-0.04352,0.001686,-0.409856,-0.222253,-0.040702,-0.232952,-0.212813,-0.048951,-0.248801,-0.224819,-0.375106,-0.27626,-0.382515,-0.362541,-0.081579,-0.115762,-0.299329,-0.263728,-0.346716,-0.105603,-0.212274,-0.027882,-0.15905,-0.217674,-0.303147,-0.197078,-0.328968,-0.101438,-0.07853,-0.222866,-0.116062,0.095044,0.10982,-0.4736,-0.25,-0.175766,-0.164599,-0.455406,-0.010108,0.221262,-0.261541,-0.235297,-0.379797,-0.017875,-0.49023,-0.169211,-0.085065,-0.142728,0.089838,-0.165033,-0.032185,-0.164184,-0.118492,-0.233306,-0.012805,-0.386909,-0.061522,0.234397,-0.293042,0.007434,-0.524492,-0.173394,0.02711,-0.199071,-0.034687,-0.135844,-0.214423,0.071684,0.248543,-0.277887,-0.030351,-0.095829,-0.057686,-0.05097,0.033819,-0.031702,-0.381383,0.000142,0.257494,-0.378842,-0.163557,0.034621,-0.181916,-0.142168,0.119451,-0.080962,0.222227,-0.051694,-0.027376,-0.099662,0.061808,0.273098,-0.231597,-0.270295,-0.145989,0.190964,-0.391204,-0.031154,0.008329,0.177862,-0.180687,0.259741,-0.015734,0.018402,0.214678,0.519664,-0.008686,0.094858,0.110376,-0.16299,0.075624,0.01301,0.052942,0.185873,-0.125021,-0.197635,0.020523,0.223101,-0.099135,-0.277576,0.004058,#
6,0.071307,0.310779,0.058581,-0.200426,-0.151398,0.490057,1.0,0.347723,0.210196,0.291076,0.125264,0.115985,0.175504,0.095741,0.033422,0.148113,0.10907,0.052417,0.15001,-0.260677,-0.179286,0.254314,0.175186,-0.087245,0.009502,-0.038235,0.245622,0.046489,0.261208,0.08491,-0.423766,-0.14752,-0.059096,-0.240141,0.123425,0.230817,-0.163726,-0.104378,0.156796,-0.083622,-0.029987,0.140071,0.031652,-0.265677,0.135084,-0.178121,-0.049579,-0.215458,0.008908,0.351493,-0.004383,-0.039396,-0.107576,0.013472,0.248609,0.074291,-0.03584,-0.213968,-0.261124,0.041032,0.204443,0.113797,-0.022609,0.307372,0.082174,0.264951,-0.05797,0.095833,0.165621,-0.125937,0.171125,0.052082,-0.229721,-0.327401,-0.104385,0.307315,-0.234434,-0.262739,-0.127711,-0.13908,-0.241642,-0.393419,-0.408468,-0.131459,-0.237621,0.036637,-0.201947,-0.287729,-0.151748,-0.290299,-0.306619,-0.374488,-0.390892,-0.231378,0.012694,-0.396373,-0.057904,-0.234477,0.052472,-0.402545,0.032354,-0.104649,-0.201361,-0.232524,-0.438681,-0.247015,-0.186777,-0.096842,-0.366982,-0.119849,-0.230116,0.147801,-0.338885,-0.374779,-0.235052,-0.337344,-0.116643,-0.072608,0.019367,-0.082818,-0.08346,-0.221833,-0.163933,-0.439409,-0.238209,-0.321818,0.091868,0.293804,-0.29092,-0.166156,-0.24446,-0.468197,-0.54379,0.127431,-0.188545,-0.009264,0.056317,-0.231774,-0.111442,-0.426877,-0.019964,-0.010853,-0.228998,-0.214898,-0.195936,-0.226674,-0.236734,0.479238,-0.245095,-0.086953,-0.143195,-0.20452,0.014136,-0.173268,-0.136695,-0.414749,-0.093174,0.235161,-0.200934,-0.117059,-0.089056,-0.125049,-0.107506,0.121942,0.0,0.177396,-0.091939,0.178341,-0.271461,0.122215,0.380648,-0.068189,-0.208111,-0.18762,0.419362,-0.345409,0.11465,0.137873,0.235166,-0.490998,0.475674,0.221371,0.141565,0.101033,0.419624,-0.211482,-0.128162,0.05408,-0.219858,0.322479,-0.246007,0.099069,0.189307,0.101668,-0.210313,0.078797,0.132732,-0.146615,-0.257937,0.166501,#
7,0.01159,0.148543,-0.066385,-0.271772,0.146091,0.297296,0.347723,1.0,-0.030365,0.150505,-0.056048,0.023064,0.523789,0.371924,0.041756,0.167777,-0.034852,0.159674,0.043071,0.01541,0.07067,0.163729,-0.032984,0.124494,0.078441,-0.021417,-0.13702,-0.209771,0.098033,0.13559,-0.077284,-0.201565,0.150224,0.095085,-0.30752,0.117895,0.000698,0.002411,0.100716,-0.216438,-0.072824,0.081361,0.019392,-0.029674,-0.185434,-0.325849,0.001425,-0.197517,-0.01121,-0.029608,-0.059201,0.083238,0.062795,0.026161,0.214855,0.17587,-0.229646,-0.062549,-0.192471,0.052603,0.321661,0.036175,-0.135435,0.135213,-0.16169,0.454556,0.052027,0.141827,0.020625,0.088679,0.241056,0.145258,-0.273741,-0.123185,-0.012939,0.038123,-0.053868,0.021391,0.104331,-0.065071,0.01382,-0.193248,-0.118668,0.023381,-0.175105,-0.012208,-0.009626,-0.017594,0.032285,-0.080653,-0.049286,-0.1815,-0.216481,0.087874,-0.177558,-0.026398,0.070253,0.012498,0.135996,-0.380261,0.200031,0.012575,-0.151224,-0.196898,-0.184906,0.022539,-0.128331,-0.011935,-0.043255,-0.401267,-0.035001,0.209057,-0.1758,-0.18531,0.059535,0.023218,0.016798,-0.009031,0.150192,-0.163616,-0.144688,-0.531603,-0.019959,-0.05676,-0.160693,-0.10573,0.093795,-0.032122,-0.179807,0.127364,-0.146486,0.028731,-0.13233,0.030563,-0.217905,0.019682,0.215538,-0.343926,-0.007372,-0.209418,0.06661,0.025901,-0.075326,-0.001876,-0.109463,-0.09873,-0.08645,0.090888,-0.100679,-0.177239,-0.131637,0.028667,-0.214004,-0.049582,-0.137423,-0.293778,0.096469,0.04679,-0.100386,-0.073883,-0.013915,0.042283,-0.172846,0.003112,0.271363,0.143941,0.116391,0.027585,-0.074712,0.206969,-0.040825,-0.11237,-0.117687,-0.067019,0.264049,-0.171885,0.16673,-0.048337,0.246543,-0.181061,0.265869,0.293341,-0.009111,-0.145886,0.252931,0.099276,0.048396,-0.151253,-0.229151,0.334657,-0.192626,-0.198092,0.307316,-0.120215,-0.160447,-0.141814,0.124499,0.014671,-0.057726,-0.055344,#
8,-0.264276,-0.023602,0.221736,-0.197952,-0.030752,-0.029272,0.210196,-0.030365,1.0,0.226581,-0.138768,0.045751,-0.009225,0.159086,0.129865,-0.134902,-0.176689,0.272851,0.08677,-0.103566,-0.320741,0.208967,0.177741,0.126946,0.134456,0.219014,0.260801,0.37419,0.022708,0.226412,-0.136083,-0.089028,-0.055968,-0.029857,0.250229,0.144819,-0.059198,-0.164862,0.14704,-0.153483,0.07272,-0.061991,0.127019,0.021719,0.193949,-0.142381,-0.068916,-0.053874,0.049151,0.171036,0.015246,-0.120736,-0.129983,0.03806,-0.09239,0.375992,-0.100445,-0.304419,-0.047684,0.180608,-0.038882,-0.064046,-0.053324,0.172569,0.00733,-0.036955,0.184961,0.049601,0.110531,0.110442,0.077366,0.103689,0.045765,0.011374,0.06378,0.071809,-0.005737,-0.176662,0.073453,-0.142961,0.007082,-0.013188,-0.37089,-0.101826,-0.116381,0.242762,0.002485,-0.127131,-0.079402,-0.069285,0.204897,0.034015,-0.235811,0.191061,0.032357,0.057419,0.00439,-0.045629,-0.30254,-0.224226,-0.044788,0.200597,0.042736,0.127529,-0.135327,-0.111612,-0.089009,-0.105166,0.005961,-0.00779,-0.050835,-0.093923,-0.061113,-0.204435,0.059302,-0.091913,0.200263,-0.059068,0.136367,-0.104708,0.168764,-0.086982,-0.067103,-0.046793,-0.035795,-0.11479,0.297337,0.118688,-0.120231,-0.279809,0.112645,0.013508,-0.302733,0.021313,0.1035,0.015063,0.010025,0.059964,-0.226128,-0.133634,0.03761,-0.022514,-0.127665,-0.225733,-0.389493,-0.351499,-0.076663,0.089797,-0.013048,0.054371,-0.03539,-0.054338,0.140278,-0.174306,0.051988,-0.129001,0.241731,0.184749,-0.160976,0.055449,-0.116517,0.206333,0.174208,-0.06251,-0.02778,0.024321,-0.061358,0.079957,-0.21379,0.213337,-0.026612,0.013708,0.11102,0.074201,0.250225,0.130793,-0.051957,0.074179,0.34679,-0.406689,0.312517,0.147752,-0.131982,-0.14534,-0.096659,0.102283,-0.110418,0.182875,-0.235914,-0.112256,-0.174148,-0.066158,-0.04218,0.182527,-0.084614,0.303025,0.104499,-0.021874,-0.02207,0.156753,#
9,0.114886,0.290765,-0.036923,-0.312863,-0.115725,0.056325,0.291076,0.150505,0.226581,1.0,-0.343553,0.12912,0.395608,0.539163,0.356144,0.230377,-0.257584,0.165285,0.152471,0.020798,-0.102104,0.260388,0.367533,-0.001935,0.1907,-0.278725,0.038117,0.064169,0.069794,0.441575,-0.033388,0.118087,0.21911,-0.258403,-0.143923,0.138687,0.056799,-0.151534,0.125884,-0.378182,0.088338,0.203512,-0.046281,-0.059649,0.190252,-0.475881,0.192261,0.213221,-0.133522,0.37965,-0.098086,-0.012981,0.106293,-0.096939,0.201322,0.021681,-0.118845,-0.38761,-0.169052,0.089837,0.470118,0.145591,-0.309352,-0.037167,0.008922,0.155643,-0.10969,0.211878,-0.181585,0.035244,0.000831,0.189214,-0.038976,-0.114618,-0.137312,0.136764,-0.163393,-0.302448,-0.011425,0.058067,-0.003242,-0.412433,-0.452208,-0.018432,-0.215063,0.084271,-0.300705,-0.077444,0.132198,-0.345242,0.04909,-0.143397,-0.208995,0.27166,0.043168,0.001167,-0.294251,-0.047314,0.108758,-0.293483,-0.143743,0.079635,-0.287252,-0.133993,-0.147748,-0.142243,-0.553413,-0.089288,-0.215367,-0.335431,0.137386,0.318299,-0.237562,-0.18368,-0.140324,-0.288133,-0.135049,-0.164661,0.489382,-0.439589,0.001529,-0.317164,-0.073049,-0.175068,-0.325542,-0.067005,0.181917,0.141569,-0.154423,-0.350859,-0.116877,0.151648,-0.430214,0.002478,-0.266246,-0.392611,-0.220117,-0.255788,0.233725,-0.366693,-0.005702,-0.065577,-0.385528,-0.433316,-0.351413,0.12792,-0.163775,0.096418,-0.317665,-0.189375,-0.341518,-0.143851,-0.04287,-0.414351,0.009172,-0.203275,0.348921,0.410646,-0.238998,-0.139756,0.008947,-0.114317,-0.055997,0.238135,0.412862,0.52544,-0.193088,0.064589,-0.418932,-0.038517,-0.088382,0.192051,-0.114185,-0.078168,0.294671,-0.302981,-0.228217,0.065547,0.621357,-0.482019,0.406012,0.005724,-0.492169,-0.217587,0.233856,-0.043491,0.31659,0.08804,-0.477338,0.117678,-0.137256,0.01259,0.194603,0.478579,-0.109635,-0.012028,0.029943,-0.076164,0.306735,0.351218,#
10,0.141354,-0.130502,0.040607,0.043694,0.20287,0.136421,0.125264,-0.056048,-0.138768,-0.343553,1.0,-0.276679,-0.002105,-0.357291,-0.146292,-0.051458,0.015315,-0.347319,0.153788,-0.196739,-0.095393,-0.034802,-0.043398,0.225209,-0.031552,0.113738,-0.136453,0.010924,0.096397,-0.333442,0.133894,0.046499,-0.303306,-0.248574,0.153815,-0.055155,0.190729,0.248089,0.02885,0.258827,-0.136002,-0.249607,-0.054197,-0.092199,0.055643,0.227481,-0.256184,-0.00294,0.069868,-0.059051,0.001671,0.072153,-0.022333,0.182391,0.183337,0.00681,-0.212792,0.215365,-0.002153,-0.135552,-0.265632,-0.162309,-0.040068,0.197661,0.014475,-0.026366,0.178126,-0.144441,0.284526,-0.054699,0.201882,-0.078069,-0.086171,0.029597,-0.091289,0.127991,-0.002824,0.056186,-0.082294,-0.221638,0.074829,0.158148,0.041931,0.081317,0.058737,-0.018919,0.310817,0.052943,-0.052772,0.008191,-0.125141,-0.040402,0.110702,-0.202637,0.037123,-0.091352,-0.108895,-0.299977,0.068286,-0.043224,0.030225,-0.162804,0.132418,-0.204456,0.120587,-0.10581,-0.094871,0.193932,-0.074044,0.294786,-0.190874,-0.093958,-0.220157,-0.106595,-0.002993,0.013273,-0.148798,-0.052535,-0.360771,0.284217,-0.259024,0.205971,0.017466,-0.280174,-0.136972,0.074176,0.06486,0.170599,0.025155,-0.013426,-0.059211,-0.24151,0.010096,0.052963,0.105212,0.296786,-0.0939,0.04211,-0.194131,0.1101,-0.067771,0.308031,-0.136007,0.133484,0.342459,-0.086378,-0.163065,0.179333,0.155973,0.048854,0.219744,0.151075,-0.113586,0.003645,0.037653,-0.147687,-0.367707,-0.249957,0.01867,0.045342,-0.112251,0.024353,-0.100523,0.128336,-0.017764,-0.217115,0.115284,-0.020937,0.008949,0.13281,0.303414,-0.069317,0.121732,0.071893,-0.057397,0.038552,0.215527,0.04826,-0.250545,0.188419,-0.1767,0.16265,0.237576,0.272426,0.082486,0.024778,-0.093193,-0.094975,0.278721,0.143856,0.031755,0.232871,0.231887,-0.359699,0.085537,0.09151,0.03429,0.077621,-0.255821,-0.19708,#
11,0.043287,-0.04504,-0.101587,-0.205564,-0.027058,0.28308,0.115985,0.023064,0.045751,0.12912,-0.276679,1.0,0.139927,0.196088,-0.033933,-0.018345,0.118608,0.005522,0.022579,-0.159533,0.086958,-0.236518,-0.072348,-0.037691,0.077489,0.080933,0.101407,0.083963,-0.015368,0.068322,-0.157384,-0.036571,-0.122645,-0.076074,-0.209962,0.172547,-0.136492,0.080215,-0.010437,-0.172189,-0.07583,0.175992,-0.111048,-0.303812,-0.130466,0.045764,-0.008356,-0.065315,-0.186608,0.222103,-0.097595,-0.179373,-0.053349,0.154017,-0.065603,0.060419,-0.17781,-0.060929,-0.099388,0.081427,0.011039,-0.173665,0.043823,-0.009667,0.048241,0.181255,-0.050052,0.004471,0.085613,-0.341257,-0.022289,-0.117024,-0.078538,0.124716,-0.078146,0.105029,-0.24166,0.063298,-0.303035,0.049154,-0.238161,-0.230474,-0.001796,-0.101433,-0.076102,-0.383926,-0.146723,0.026453,-0.130273,0.030391,-0.010259,-0.264347,-0.188272,0.076976,0.012726,-0.161097,-0.102138,0.016672,-0.161901,-0.01519,0.208155,-0.022053,-0.363322,-0.08543,-0.143117,0.085997,-0.163497,0.184911,0.066092,0.076811,-0.066422,-0.03565,-0.241637,-0.231635,-0.040024,-0.042567,-0.103634,0.173054,0.146808,-0.151317,0.110311,-0.175551,0.010663,-0.101341,-0.064158,-0.242768,-0.003521,-0.018692,0.052777,-0.157804,-0.274514,0.036718,-0.234183,0.082066,-0.064439,-0.107772,0.18007,-0.179515,-0.068829,-0.188443,-0.170987,0.051269,-0.103347,0.040221,-0.070912,0.019263,0.031035,-0.01944,-0.276287,-0.171001,-0.100275,0.144099,-0.08831,0.204525,0.039503,0.074901,0.030778,0.360496,-0.212397,-0.274447,-0.116745,-0.268289,0.155392,-0.075977,-0.05007,0.143362,-0.187329,-0.014813,0.075747,0.065716,-0.032522,0.311757,0.058084,-0.197915,-0.050881,-0.165476,-0.190903,0.252522,0.0939,0.017502,0.015838,-0.220056,-0.064052,-0.097874,0.245876,0.218042,0.033648,0.244378,0.051066,-0.01303,0.087985,0.329558,0.042613,0.205968,-0.206295,-0.157393,0.192552,-0.264153,-0.019862,0.063017,#
12,0.27013,0.10098,-0.206848,-0.319695,0.191475,0.128663,0.175504,0.523789,-0.009225,0.395608,-0.002105,0.139927,1.0,0.412482,0.104014,0.088492,0.008283,-0.064005,0.154586,-0.006515,0.001175,0.107596,0.24405,-0.086742,-0.089283,-0.433691,-0.256819,-0.116301,-0.024593,0.133197,0.042026,-0.099234,0.186948,-0.114709,-0.32987,0.254858,0.201682,-0.116259,-0.074617,-0.183091,0.065285,0.054276,0.115748,-0.115209,-0.171399,-0.317649,0.097308,0.045494,-0.031598,0.07913,-0.174982,0.08225,0.242372,0.01438,0.36388,0.221483,-0.233816,-0.217163,-0.041596,0.021675,0.314584,0.222545,-0.155285,0.057904,-0.026027,0.183199,-0.124333,0.083724,0.074225,-0.078025,0.221553,0.110369,-0.241768,-0.289734,-0.257012,0.300984,-0.004294,-0.011668,0.071425,-0.192857,-0.033226,-0.22008,-0.264627,-0.273492,-0.211933,-0.044657,-0.16446,0.055337,-0.130197,-0.137181,-0.094743,-0.302219,-0.358395,0.071649,-0.105382,-0.177838,-0.172367,-0.128435,-0.015889,-0.328165,0.048894,-0.101171,-0.218192,-0.055871,-0.112286,-0.116007,-0.281525,-0.194818,0.006387,-0.428539,-0.043769,0.19354,-0.2931,-0.250839,-0.109028,-0.236185,-0.082176,-0.069679,-0.022853,-0.180224,0.003789,-0.481065,-0.185754,-0.230212,-0.195965,-0.123555,0.126737,0.234953,-0.197329,-0.042392,-0.171198,0.168377,-0.344447,0.178001,-0.130441,-0.104367,0.104184,-0.430288,-0.135725,-0.135365,-0.020784,0.101152,-0.250326,-0.154818,-0.024665,0.182694,-0.331408,0.102282,-0.222802,-0.502567,-0.265149,-0.118801,-0.256284,-0.322813,0.041958,-0.321439,0.127255,0.238886,-0.226748,-0.408317,-0.005737,-0.245383,-0.003388,0.134593,0.383509,0.179224,-0.171318,0.149987,-0.297087,0.129176,-0.100425,0.130088,-0.113259,-0.000927,0.294101,-0.212101,-0.097398,0.05665,0.25224,-0.266729,0.15112,0.243789,0.025336,-0.021536,0.074289,-0.057505,0.216611,-0.048359,-0.280836,0.400211,-0.214792,-0.053299,0.368304,0.040687,0.119188,-0.035657,0.1624,-0.095767,-0.021595,0.190801,#
13,0.144156,0.264803,-0.01825,-0.391785,-0.127671,0.239148,0.095741,0.371924,0.159086,0.539163,-0.357291,0.196088,0.412482,1.0,0.289587,0.11616,-0.179659,0.150455,0.268478,-0.018318,0.197246,0.204085,0.43729,0.157176,0.038255,-0.242781,0.0857,-0.000113,0.035758,0.437421,0.047417,0.145636,0.332025,-0.072532,-0.273866,0.201777,0.311785,-0.318363,0.156632,-0.340422,0.07021,0.452287,-0.012704,0.186919,0.12211,-0.548476,0.250808,-0.054467,-0.106724,0.12713,-0.104758,-0.057065,0.174298,-0.139114,0.022373,0.086456,-0.15193,-0.301439,-0.222363,0.024333,0.37828,0.192877,-0.295654,0.05977,-0.011541,0.2936,-0.186727,0.240514,-0.192154,-0.045915,-0.229022,0.381671,-0.205833,-0.102258,-0.312614,0.043815,-0.347117,-0.28151,-0.146845,-0.021366,0.069956,-0.454834,-0.354274,0.03363,-0.347869,-0.041464,-0.323282,0.022161,-0.013536,-0.291153,0.140186,-0.248375,-0.394349,0.188479,-0.145312,-0.087283,-0.353272,-0.115857,0.00085,-0.336634,0.051589,-0.07104,-0.282358,-0.34501,-0.129938,-0.131194,-0.172875,-0.15506,-0.071647,-0.377291,0.178126,0.368877,-0.322942,-0.105523,0.096003,-0.125564,-0.317472,-0.196814,0.374528,-0.441206,-0.234683,-0.533886,-0.093767,-0.202364,-0.331313,-0.196201,0.076375,-0.116486,-0.330872,-0.277729,-0.093126,0.121148,-0.336183,-0.219889,-0.478797,-0.459458,0.225877,-0.156793,0.140733,-0.481697,-0.072152,0.027835,-0.252579,-0.364341,-0.468522,-0.044836,-0.033782,0.085572,-0.481019,-0.237786,-0.347727,-0.007215,-0.15504,-0.319306,0.031641,-0.218983,0.450919,0.225901,-0.170625,-0.19928,0.047687,-0.015172,0.022189,-0.023338,0.242175,0.32023,-0.209297,-0.06106,-0.198485,-0.111331,-0.241919,0.097621,-0.278127,-0.247164,0.187561,-0.218193,-0.139684,0.045695,0.590845,-0.412133,0.303709,-0.053682,-0.393137,-0.114788,0.295586,0.173184,0.197931,-0.109997,-0.353234,0.268962,-0.155122,0.036182,0.120893,0.319931,-0.294198,-0.126625,0.319748,-0.328728,0.184031,0.157709,#
14,-0.040729,0.375177,-0.118477,-0.192543,-0.115805,0.142805,0.033422,0.041756,0.129865,0.356144,-0.146292,-0.033933,0.104014,0.289587,1.0,-0.050817,-0.086657,0.182663,0.346908,-0.033678,-0.014456,0.200508,0.167019,0.04257,-0.136359,-0.110566,0.012997,0.114078,0.015431,0.037286,-0.016713,0.119019,-0.075732,0.074063,-0.108819,-0.034054,-0.053757,-0.112944,-0.012884,-0.14311,0.076226,0.308346,0.131194,0.231989,0.367126,-0.181857,0.025602,0.096709,0.294321,-0.052471,0.17569,-0.070688,-0.071073,-0.129177,0.175351,0.109538,-0.011275,-0.293807,-0.035201,-0.111196,0.345084,-0.070536,-0.286311,0.21212,0.141731,0.075861,-0.131747,0.06847,0.100787,0.058457,0.061143,0.042299,0.186457,-0.209976,-0.081276,-0.022692,-0.061399,-0.114392,-0.013867,-0.080856,0.074497,-0.406758,-0.202302,0.013208,-0.200231,0.237392,-0.015289,-0.059797,-0.158494,-0.229357,0.042931,-0.042616,-0.065235,0.270774,-0.23423,-0.096418,-0.237344,-0.068518,0.047049,-0.052393,0.036074,-0.059797,-0.103568,-0.268877,-0.235083,-0.281934,-0.252502,-0.074159,-0.295067,-0.121593,0.147974,0.218898,-0.151494,-0.09106,-0.118625,-0.159534,-0.243094,-0.138015,0.377121,-0.356779,-0.084547,-0.246184,-0.227559,-0.138815,-0.193333,-0.322248,-0.062396,0.207563,-0.221625,-0.037784,0.018047,0.098437,-0.234757,-0.137404,-0.218842,-0.250334,0.017006,-0.027532,-0.003756,-0.369021,-0.21352,-0.283008,-0.215551,-0.099692,-0.239091,-0.035104,-0.176411,0.076957,-0.273342,-0.037741,-0.325494,-0.415054,0.060456,-0.263094,-0.166723,-0.23875,0.143316,0.147382,-0.18879,-0.055843,0.122223,-0.044592,0.170092,0.116814,-0.06825,0.41709,-0.072205,-0.011878,-0.198163,-0.12577,0.069612,0.054387,-0.233421,0.061268,0.257656,-0.127065,-0.24384,0.217366,0.398862,-0.228482,0.315082,0.064171,-0.13298,0.102786,0.248697,-0.099931,0.129867,-0.181733,-0.103036,0.045242,-0.073299,0.012743,0.314603,0.142023,0.033155,-0.008556,0.120865,-0.13163,0.151231,0.070844,#
15,0.132273,0.011298,-0.119301,-0.12264,-0.063283,0.107661,0.148113,0.167777,-0.134902,0.230377,-0.051458,-0.018345,0.088492,0.11616,-0.050817,1.0,-0.067326,0.205975,-0.00783,0.128382,0.004344,-0.047524,0.300115,-0.074446,0.029884,-0.002765,-0.064604,-0.09517,0.206182,0.137785,0.033488,-0.187817,0.20891,-0.120987,-0.094046,0.00118,0.132292,0.001892,0.189648,0.069483,0.024197,-0.094771,-0.023303,-0.053056,0.079018,-0.014449,0.078252,0.114221,-0.121966,0.169841,0.162746,0.14119,-0.078153,0.032856,0.239713,0.034501,-0.008562,-0.094364,-0.118323,0.073962,0.120229,0.078604,-0.109959,0.046785,-0.050009,0.21499,-0.243071,0.231122,-0.339166,0.05843,-0.067361,0.132619,-0.088905,-0.022187,-0.070496,0.140413,0.003327,-0.105417,0.03836,0.200969,0.080676,-0.09063,-0.052362,0.23407,0.072923,-0.219162,-0.203387,-0.214583,0.029692,-0.00412,-0.001977,0.133819,-0.045724,0.218353,0.153876,-0.041893,-0.118081,-0.173726,0.032084,0.003266,-0.117787,-0.074033,-0.288903,0.034233,0.046212,-0.117729,-0.159448,0.26429,-0.024229,0.015506,-0.166042,0.042365,-0.036584,-0.168335,0.126971,0.1265,0.009601,-0.223936,0.151564,-0.123487,-0.174644,0.04323,-0.133507,-0.121558,-0.216501,0.039396,-0.072811,0.073225,-0.209488,-0.2101,-0.110789,0.002666,-0.112468,0.042359,-0.19767,-0.084893,-0.073894,-0.107145,-0.02416,-0.24097,0.062404,0.180541,-0.129462,-0.0521,-0.017796,0.03501,0.20531,0.168308,-0.137669,-0.263738,-0.012708,-0.072412,-0.066891,0.023061,0.134177,-0.092014,0.026157,0.285746,-0.211251,-0.103222,0.20903,-0.053655,-0.115722,-0.09236,0.033767,0.047632,-0.188157,-0.013052,0.023995,-0.096655,0.146917,-0.135788,0.008994,-0.277638,-0.08785,-0.130407,-0.110531,0.054735,0.172676,-0.215594,0.168083,-0.147341,-0.255941,0.132275,0.329048,-0.141989,0.314378,0.035689,-0.271404,0.049229,-0.042659,-0.099475,0.061783,0.165317,-0.158892,-0.170982,-0.005982,-0.168504,0.193807,0.142571,#
16,-0.022974,0.041833,-0.262473,0.117245,0.064695,0.23658,0.10907,-0.034852,-0.176689,-0.257584,0.015315,0.118608,0.008283,-0.179659,-0.086657,-0.067326,1.0,-0.038838,0.065447,0.034751,-0.019766,-0.159151,-0.094653,-0.322497,-0.453065,-0.11281,-0.162,-0.08175,0.071174,-0.232178,-0.154454,0.108223,0.167016,0.182135,0.029709,0.139801,-0.079699,-0.116949,-0.285597,0.287352,-0.017262,-0.085495,0.083022,0.081743,-0.226365,0.159416,-0.123831,-0.13556,0.172575,0.193982,0.095602,0.016612,0.088045,-0.087209,0.082339,0.027805,0.199156,0.052436,0.213555,-0.163127,-0.17194,0.168253,0.29684,-0.136653,-0.079345,0.123311,-0.124173,0.041935,0.029113,-0.229105,-0.164145,-0.219523,-0.096164,-0.142202,-0.024419,0.104411,0.034959,-0.072026,0.012399,0.082109,-0.040472,0.117491,0.159919,-0.25479,0.032601,-0.084194,-0.00444,0.009028,-0.102844,-0.1268,-0.154058,0.096282,-0.073222,-0.160144,0.076702,-0.170909,-0.011229,-0.154713,-0.167558,0.138569,0.033814,-0.007107,0.096293,0.076261,0.078534,0.024075,0.220347,-0.226369,-0.05358,0.036691,-0.236276,-0.115831,0.076088,0.074287,-0.185492,-0.082861,-0.02371,0.133203,-0.299393,-0.045471,-0.004283,-0.05766,-0.025616,-0.309038,0.027002,-0.129633,-0.278057,-0.213001,0.08284,0.062823,-0.209684,-0.208853,0.025478,0.097047,0.08384,0.083857,0.228698,-0.341935,-0.083651,0.050004,-0.179733,-0.076106,-0.064169,0.368835,0.174,-0.156867,-0.054171,0.068804,-0.029194,-0.106606,0.157813,-0.08293,0.086604,0.090291,-0.161645,-0.124784,-0.261253,0.12219,-0.110993,0.18037,-0.10871,-0.080894,-0.034979,-0.037142,-0.197228,0.078464,0.182531,-0.138538,0.025554,-0.025199,-0.081348,0.123277,-0.217361,-0.086266,0.020056,-0.123311,-0.035164,0.018432,-0.173126,0.072734,-0.358248,0.035657,0.521384,0.111197,-0.012514,-0.164747,-0.005471,0.136587,0.198574,-0.286372,0.05992,0.218517,-0.015263,-0.27049,0.104523,-0.000376,-0.086984,0.048223,-0.394562,-0.075407,#
17,-0.461552,0.25253,0.323868,0.133944,-0.251703,0.032713,0.052417,0.159674,0.272851,0.165285,-0.347319,0.005522,-0.064005,0.150455,0.182663,0.205975,-0.038838,1.0,-0.001286,0.31235,-0.103651,0.033951,0.08889,0.046657,0.181572,0.153912,0.092036,0.13347,-0.126232,0.075574,0.055346,-0.003584,0.056031,0.027527,-0.105123,0.003824,0.154665,-0.179764,0.074614,-0.211415,0.071901,0.131803,0.213798,0.186606,0.09401,-0.245764,0.065797,0.209069,0.137639,0.064184,-0.089776,-0.010193,0.074858,0.035641,-0.030013,-0.029015,0.002302,-0.328775,-0.179684,-0.143017,-0.127474,-0.063241,-0.060479,0.097932,-0.004952,0.098821,-0.022349,0.150288,-0.118896,0.356311,0.234558,0.274675,0.041267,-0.181845,0.096785,-0.061233,0.139695,-0.10692,0.165054,-0.126278,0.22885,-0.058753,-0.18876,0.242988,-0.177454,0.049951,-0.041637,-0.097848,-0.045187,0.104731,0.025961,0.072762,-0.149231,0.473918,-0.101771,-0.035106,0.220921,0.053033,0.044675,0.031327,-0.142773,0.14752,-0.01486,0.270072,-0.085783,0.094964,-0.028298,-0.079959,-0.119746,-0.115635,0.17616,0.114072,0.055345,-0.038786,0.0716,0.000741,0.140227,-0.169036,0.384627,-0.392183,0.077587,-0.326876,-0.24222,0.064927,0.019981,-0.129075,-0.074125,0.067508,-0.149835,0.058242,0.192054,0.219609,-0.013698,-0.074112,0.007257,-0.060633,0.054992,0.037536,0.03286,-0.073202,-0.036922,-0.087759,-0.17517,-0.346758,-0.256038,0.065135,0.023529,0.123394,0.130025,-0.001611,-0.294618,-0.097921,0.190307,-0.03091,-0.094107,-0.14678,0.006858,0.412013,-0.019456,0.117745,0.174509,0.19423,-0.139714,0.246378,0.124429,0.255364,0.055318,-0.096589,-0.136445,0.170411,-0.0983,-0.166855,-0.034788,-0.132187,0.046446,0.061343,-0.079507,-0.020755,0.220818,-0.293626,0.248924,-0.129722,-0.295367,-0.167275,-0.008825,-0.079798,0.115862,0.180858,-0.286265,-0.180598,0.050527,-0.279259,-0.052921,0.210703,-0.230427,-0.141566,0.014074,0.106843,0.195138,0.135213,#
18,0.204679,0.284223,0.007667,-0.119614,0.126947,0.122132,0.15001,0.043071,0.08677,0.152471,0.153788,0.022579,0.154586,0.268478,0.346908,-0.00783,0.065447,-0.001286,1.0,-0.171105,0.109597,0.091499,0.072599,-0.00428,-0.020282,-0.020684,-0.001994,0.308993,-0.065865,0.197777,-0.179504,0.142454,0.063183,0.07441,0.052573,0.098428,0.105438,-0.071884,-0.104654,0.006781,0.166356,0.258688,0.091939,0.308708,0.144676,0.009183,0.042293,-0.198055,0.170921,0.033714,-0.031916,0.089839,0.213794,-0.04928,0.218179,0.052368,-0.106596,-0.151353,-0.15293,-0.138199,0.010159,-0.235945,-0.130937,0.330201,-0.083936,0.092609,-0.059846,-0.070866,-0.063721,-0.279038,0.017118,0.078393,-0.11346,-0.068151,-0.016814,0.042541,-0.010465,-0.074422,0.098783,-0.110275,0.14174,-0.160891,-0.212839,-0.14635,-0.073774,-0.035345,-0.104819,0.108602,-0.019388,-0.109559,-0.124845,-0.186931,-0.019124,-0.182184,0.018611,-0.082617,-0.117437,-0.284775,-0.006668,-0.154873,0.099181,0.119002,0.09247,-0.368811,-0.143864,0.030829,-0.141838,-0.116185,-0.028721,0.058306,-0.010669,0.279951,-0.183584,-0.0522,-0.041772,0.153492,-0.102826,-0.020721,-0.076745,-0.039494,-0.177884,-0.070501,-0.243018,-0.259469,-0.256974,-0.122713,0.165051,0.051013,-0.139663,-0.0856,-0.036232,-0.157666,-0.138107,0.078884,-0.081478,-0.032805,0.101837,0.03462,-0.022556,-0.172547,-0.310351,0.009024,-0.189249,-0.035064,-0.088489,-0.177761,-0.242588,0.073419,-0.314561,-0.230412,-0.214523,-0.11652,-0.1343,-0.273713,0.123929,-0.211431,0.104904,0.017235,-0.33798,-0.182637,-0.116309,0.080961,0.020965,-0.108796,0.149112,-0.05707,0.047529,0.221241,0.002946,-0.055792,0.052262,0.339145,-0.042489,0.050335,0.257326,0.025186,0.086481,0.119095,0.270318,-0.138568,-0.06898,0.252773,0.164941,0.261386,0.321959,0.034984,0.288642,-0.019727,0.097128,0.227817,-0.022279,0.117066,0.349833,-0.02048,-0.19766,0.07791,0.459757,-0.138805,-0.174958,0.070704,#
19,-0.226287,0.023498,0.090599,0.090481,-0.162732,-0.07907,-0.260677,0.01541,-0.103566,0.020798,-0.196739,-0.159533,-0.006515,-0.018318,-0.033678,0.128382,0.034751,0.31235,-0.171105,1.0,0.35919,0.134809,-0.019093,0.03053,-0.158346,-0.182501,-0.009475,-0.215322,-0.035023,-0.140744,0.328529,0.305903,0.320749,0.298184,-0.126321,-0.354675,0.171276,0.08642,-0.35039,-0.077455,0.223031,0.027857,-0.011808,0.017926,-0.063348,-0.317707,0.259498,0.224528,0.249902,-0.184961,-0.139943,-0.089537,0.420523,-0.121898,-0.2822,0.09184,0.066827,-0.266381,0.301477,-0.147319,0.001652,-0.043181,-0.094351,-0.289021,0.008851,0.018107,-0.098004,-0.038181,-0.193361,0.264137,0.027622,0.163798,0.149803,-0.015411,0.176161,-0.437806,0.309824,0.195598,0.628984,0.243095,0.39248,0.297668,0.178673,0.020995,0.262668,0.292191,0.228025,-0.108096,0.325075,0.120842,0.157901,0.424854,0.151644,0.286652,0.135813,0.369507,0.237182,0.34213,0.199927,0.197246,-0.492264,0.234422,0.196691,0.332659,0.473961,0.362775,-0.028987,-0.19017,0.242639,-0.236808,0.292097,-0.180281,0.123657,0.3856,0.216877,0.160441,0.065005,0.059617,0.162723,-0.231478,0.293725,-0.028042,-0.171119,0.144203,0.07839,0.348232,-0.057787,-0.038505,0.290279,0.369596,0.475004,0.239692,0.418289,-0.052516,0.332343,0.134172,0.119431,0.063496,0.144919,0.244144,0.154392,0.10858,-2.4e-05,-0.181299,0.100972,0.308101,0.393831,-0.470341,0.30812,0.210249,0.117945,0.130454,0.444116,0.296666,-0.080525,0.189242,0.371445,-0.094577,0.049364,0.082294,0.169201,0.244568,-0.027517,0.015651,0.043395,0.06015,0.423008,-0.169715,0.123094,0.223412,-0.548449,-0.219692,0.060276,0.098859,-0.338426,0.195442,0.170492,-0.47344,-0.001851,0.108433,-0.069461,-0.076864,-0.288692,-0.187395,-0.397313,-0.058551,0.34586,0.26509,-0.059884,-0.249161,0.163703,-0.453755,-0.413227,-0.126598,-0.113146,-0.225704,-0.313055,0.26126,0.384092,-0.041068,#
20,0.235373,0.067554,-0.01205,0.081266,-0.297171,0.000314,-0.179286,0.07067,-0.320741,-0.102104,-0.095393,0.086958,0.001175,0.197246,-0.014456,0.004344,-0.019766,-0.103651,0.109597,0.35919,1.0,-0.065772,-0.28469,-0.106386,-0.00116,-0.05316,-0.061335,-0.178372,-0.058367,-0.014197,0.318425,0.227314,0.133941,0.353104,-0.306132,-0.310084,0.093142,0.118537,-0.077729,-0.166566,0.36395,0.30099,-0.245816,0.147718,0.069798,-0.239284,0.155093,-0.105925,0.021268,-0.276099,-0.142797,-0.06309,0.365639,-0.028115,-0.100175,-0.036422,-0.127044,-0.094067,-0.236672,0.030183,0.047604,0.138111,0.13259,-0.069487,0.062709,-0.052675,-0.325017,-0.020428,-0.18264,-0.181408,-0.032471,0.149021,-0.05788,0.16349,-0.19767,-0.379986,-0.02069,0.261491,0.179886,0.302259,0.186005,0.037675,0.350971,-0.001567,0.028557,-0.120755,0.047067,0.25421,0.305113,0.059507,-0.000327,0.005172,0.179684,-0.073035,0.152979,0.192654,-0.123257,0.15177,0.17105,0.050705,0.061714,0.189781,-0.132998,0.021126,0.150114,0.100985,0.124112,0.015908,0.160695,-0.018246,0.014614,0.084051,-0.269697,0.325757,0.340899,0.326772,0.008194,0.066627,0.066751,0.063177,0.069858,0.023792,-0.168525,0.192915,-0.139936,-0.020109,-0.155609,-0.279168,-0.220608,0.229655,0.054927,0.062268,0.208144,0.099875,-0.033691,0.114741,0.208916,0.025623,0.168193,-0.009769,-0.000404,0.116508,0.26972,0.031939,0.038102,-0.028885,0.271954,-0.40679,0.005644,0.150377,0.061829,0.164821,0.105947,0.149507,0.071584,0.16862,0.322928,-0.195986,0.033415,-0.080501,-0.041024,0.017437,0.15849,-0.268259,-0.220039,-0.209313,0.26215,-0.012302,0.307245,-0.158021,-0.27241,0.089311,0.101693,-0.052864,-0.273779,0.160257,-0.005108,-0.368902,-0.126772,0.26879,-0.214328,0.015771,-0.155464,-0.091004,-0.152042,0.33144,0.108141,-0.074759,0.095881,0.051074,-0.159298,-0.197707,-0.197577,-0.250145,-0.166504,-0.149725,0.141021,-0.121213,0.049421,-0.062476,#
