0,1.0,0.081394,-0.200727,-0.241627,0.215153,0.158948,0.43422,-0.111422,0.076789,0.024906,0.462963,0.056037,0.222,0.16802,0.026294,0.108871,0.014013,-0.3929,0.415753,-0.022559,0.079617,0.025765,0.160898,-0.103435,-0.071136,-0.181921,-0.214585,0.084392,0.258276,0.077193,-0.275626,-0.02553,0.133824,-0.31039,0.24078,0.144572,0.151552,-0.00718,-0.00528,0.232971,-0.091421,0.152395,-0.093064,-0.114382,0.110437,-0.005146,0.026397,0.120722,-0.182699,0.124144,0.19752,-0.204311,0.094917,-0.077884,0.225572,0.091903,-0.195509,0.047853,-0.074859,-0.052162,0.23741,0.115674,-0.095448,0.221436,-0.26926,0.08228,-0.158474,0.233899,-0.104793,-0.163353,0.203953,-0.017678,0.061731,-0.233888,-0.266773,0.277974,-0.441771,-0.239021,-0.205827,-0.162317,-0.094937,-0.201856,-0.28321,-0.339146,-0.102297,-0.202678,-0.216647,-0.104644,-0.105353,-0.22684,-0.492264,-0.190258,-0.074642,-0.265379,-0.135933,-0.280082,-0.146221,-0.542321,-0.288382,-0.119483,0.351618,-0.061853,-0.175136,-0.375333,-0.191225,-0.199725,-0.203382,0.120444,-0.226033,-0.096604,-0.124212,0.13518,-0.442625,-0.312283,0.007917,0.011022,-0.107781,-0.119734,0.001999,-0.219919,-0.322412,-0.033425,-0.080758,-0.011866,-0.147162,-0.065821,-0.135937,0.192434,-0.18861,-0.244077,-0.336509,-0.422985,-0.126071,0.190806,-0.074011,-0.145616,-0.118381,-0.167538,0.158879,-0.13076,-0.175072,0.257835,-0.100005,-0.161742,-0.252754,-0.116829,-0.21206,0.154373,-0.259315,-0.319065,-0.031201,-0.126515,-0.319472,-0.204392,0.22571,-0.156378,0.064628,0.158338,-0.391699,-0.031092,-0.1003,-0.220939,0.045023,-0.287165,0.057794,-0.036217,0.086585,0.071263,-0.339051,-0.158551,0.215679,-0.070673,-0.029931,0.026706,0.090894,-0.058424,-0.039016,0.119414,0.197518,-0.379843,0.010955,0.0845,0.045136,0.282837,0.192951,-0.058768,0.171447,-0.011667,0.213264,0.351532,-0.349734,0.200086,0.522998,0.028028,-0.018321,0.131738,-0.033629,-0.213884,-0.041816,-0.125314,#
1,0.081394,1.0,0.05842,-0.050113,-0.070163,0.009434,0.225858,0.034795,-0.22952,0.154291,0.007793,0.02517,0.033489,0.122087,0.072091,0.117453,0.093618,0.098768,0.305205,-0.084891,0.274436,0.066553,0.078126,-0.181598,-0.01519,-0.224393,-0.101386,-0.055397,0.113439,0.090631,-0.056612,0.092309,0.017705,0.027747,0.130323,-0.015462,-0.08764,-0.226236,0.074269,0.029724,0.038571,0.192144,-0.050439,0.088026,0.100543,0.073127,0.038518,-0.021809,0.224837,0.279877,0.007378,0.030422,0.138942,0.0479,0.013918,-0.145398,0.189632,-0.204208,-0.149634,-0.098461,0.05909,-0.180173,-0.019376,0.021702,0.283629,0.237275,-0.288305,0.01931,-0.034459,-0.102294,-0.081288,0.068776,-0.12539,-0.073708,-0.00744,-0.014234,-0.155907,-0.011182,0.163737,-0.006327,0.073212,-0.207805,-0.063163,0.004733,-0.120737,-0.019032,-0.025125,-0.047625,0.071529,-0.03376,-0.168897,0.044867,0.015288,-0.153142,-0.001039,-0.017867,0.018136,0.130378,0.317464,0.068701,-0.03063,0.06719,0.087574,-0.030612,-0.233141,-0.027807,0.085011,-0.063188,-0.291978,0.004751,0.177293,-0.048655,-0.022819,0.110087,-0.046614,0.003161,-0.075516,0.082592,0.08198,-0.141227,-0.068644,-0.014193,-0.312244,-0.115265,-0.154666,-0.170415,-0.030898,-0.165031,-0.219869,-0.112236,0.124381,-0.146752,-0.065411,-0.002717,-0.151255,-0.181532,0.081,0.125503,0.142213,-0.159563,-0.078894,-0.180137,0.096974,-0.006478,0.021826,-0.202532,-0.433941,0.100393,-0.060761,-0.01831,0.003,0.025095,0.100927,-0.098246,-0.10679,-0.007797,0.069652,0.02407,-0.055597,0.159414,-0.091965,0.116062,-0.130739,0.049773,-0.101965,0.229101,0.234978,0.133152,-0.079774,-0.368135,0.198999,0.166956,-0.037427,-0.087721,0.037292,-0.130924,-0.011334,-0.00427,0.055529,-0.034438,0.044778,-0.017209,0.052996,0.170141,0.305453,-0.117713,0.154117,-0.181496,0.104245,0.110867,-0.015333,0.092254,-0.180087,0.036753,-0.14708,-0.114474,0.181025,-0.070911,-0.022595,0.080764,#
2,-0.200727,0.05842,1.0,-0.335584,-0.175915,-0.113201,0.02377,-0.135331,0.047162,0.090505,-0.005641,-0.177394,0.037253,-0.010612,-0.228986,0.109121,-0.152821,0.315477,-0.033438,0.05462,-0.182203,0.116748,-0.07281,-0.018118,0.120429,0.082159,0.043246,-0.169548,-0.010921,-0.150539,0.016402,0.208044,-0.3388,0.107233,-0.02925,0.167203,0.033228,0.48342,0.005879,-0.235508,0.080371,0.057803,0.105556,-0.049889,0.006882,-0.283937,-0.103383,-0.014678,-0.013788,0.033015,0.214499,-0.207613,0.116398,-0.216123,-0.25063,-0.085656,-0.072173,-0.246024,0.247235,-0.170451,0.21035,-0.109868,0.030029,-0.28244,0.264862,0.072059,0.112216,-0.078733,0.16228,0.180673,-0.000457,0.137866,-0.311884,0.054979,-0.001885,-0.125502,0.044256,-0.021162,0.102923,0.032572,0.159607,0.081284,0.052087,0.221554,-0.1596,0.105455,0.025563,0.002573,-0.089197,0.219662,0.058775,0.043508,0.083609,0.16445,-0.058314,0.063807,0.03434,-0.051757,0.106717,0.104224,-0.278405,-0.224078,0.029908,0.105272,0.246917,0.038642,0.072254,-0.073075,0.108119,0.031066,0.046757,-0.204285,0.080527,0.158412,0.240616,-0.165555,-0.012407,0.104974,-0.10736,-0.119299,0.054058,0.178499,-0.02116,-0.253627,-0.131607,0.074748,0.360136,0.001768,0.17186,-0.007941,0.274435,0.110018,0.062404,0.076133,0.100287,-0.188267,0.092477,0.310128,-0.074889,0.156129,-0.07296,0.143753,0.088027,-0.119713,0.048231,0.086129,-0.06283,0.099545,0.100914,0.224001,0.008518,0.152284,0.134096,0.027065,0.055775,0.092778,0.003243,0.014388,0.230931,-0.071074,0.331613,-0.010954,-0.030484,0.300201,0.081997,-0.144167,0.039224,-0.063485,0.101069,0.078791,-0.123913,-0.015372,-0.030208,-0.087865,-0.170671,0.045326,0.133697,0.011942,0.011076,-0.142306,0.097913,0.048494,-0.142925,-0.124591,-0.0773,0.155379,0.179919,0.139178,-0.217633,-0.204909,0.185301,-0.116675,-0.24162,0.248325,-0.055138,-0.110311,0.121044,0.312838,0.229113,0.138553,#
3,-0.241627,-0.050113,-0.335584,1.0,-0.080698,-0.212363,-0.32576,-0.132094,-0.361686,-0.37292,0.008932,-0.066598,-0.301872,-0.490881,0.001013,-0.221715,0.233288,0.012998,-0.155822,-0.177114,0.036026,-0.208232,-0.383187,-0.004862,0.002659,0.151072,-0.04602,0.191721,-0.221575,-0.2074,0.274558,-0.29135,0.077357,0.004857,0.013914,-0.002167,-0.17341,-0.103318,0.069042,0.235118,-0.005587,-0.264764,-0.062705,0.146476,-0.061231,0.480894,-0.077172,-0.08401,0.171741,-0.203162,-0.181692,0.446065,-0.031735,0.182536,0.0737,-0.267828,0.307484,0.335537,-0.085786,-0.126576,-0.503474,0.023987,0.181187,-0.129944,-0.049582,-0.314961,0.044086,-0.164257,-0.087251,0.0229,0.073248,-0.224887,0.218583,0.206705,0.238016,-0.11846,0.314768,0.188916,0.087255,-0.028606,-0.031718,0.234558,0.245889,0.039323,0.235683,-0.099232,0.154343,0.289384,0.089805,0.131429,0.040934,0.207287,0.202109,-0.190438,0.161854,0.245266,0.374324,0.143601,0.058966,0.280946,0.216374,0.305971,0.313029,0.322323,-0.096163,0.015241,0.241879,0.171414,-0.083411,0.07035,-0.086721,0.043819,0.308288,0.22951,-0.050687,0.080533,0.237317,0.150635,-0.115012,0.297605,0.220631,0.220772,0.025264,0.38663,0.347984,0.096031,-0.393428,-0.076489,0.058433,0.294062,-0.030955,0.372986,0.327962,-0.12048,0.177946,0.285593,-0.007165,0.124883,-0.129353,0.234933,0.119892,-0.187595,0.335931,0.372633,0.453718,0.071364,-0.007337,-0.167338,0.369691,-0.079766,0.24987,-0.019474,0.096949,0.101132,0.071869,0.061481,-0.387969,-0.294229,0.236842,0.189995,-0.01487,0.143112,0.080183,-0.02843,-0.048933,-0.33101,0.089968,-0.033816,0.10902,-0.041446,0.155523,0.15673,0.120371,0.35222,0.040948,0.172908,-0.171477,0.000664,-0.496526,0.511643,-0.387226,0.045661,0.231702,-0.084979,-0.160934,-0.119327,-0.164856,0.04464,0.333991,-0.036686,0.082445,-0.109197,-0.135104,-0.160312,0.150327,-0.016302,-0.137511,-0.115719,-0.253758,-0.249901,#
4,0.215153,-0.070163,-0.175915,-0.080698,1.0,-0.041575,-0.068851,-0.126687,0.010832,-0.110254,0.35234,0.05006,-0.039738,-0.215745,-0.193187,-0.12752,0.213797,-0.303741,-0.068506,-0.088597,-0.152639,-0.39749,0.059684,-0.025606,-0.086318,-0.109377,-0.157882,-0.055171,-0.024097,-0.133984,-0.277206,-0.105855,0.148827,-0.203571,0.093672,0.089724,0.002272,-0.25325,0.031114,0.415142,-0.116293,-0.379404,-0.300575,-0.144631,-0.121451,0.17319,-0.151218,-0.081073,0.046523,0.25166,-0.079202,-0.088995,-0.127823,0.239757,0.0642,-0.022244,-0.035719,0.27173,0.030598,0.226623,-0.197462,-0.272695,-0.006536,-0.100308,-0.224082,-0.017041,0.575743,-0.025083,-0.047002,-0.256544,-0.042468,-0.146155,0.001307,0.088477,0.117693,-0.021085,-0.214025,-0.141488,-0.189632,-0.181783,-0.28953,0.175306,0.167757,-0.118141,0.16516,-0.115118,0.044998,0.042613,0.098986,-0.100126,0.136376,0.239113,0.151342,-0.045544,0.082559,0.02344,0.162007,0.064862,-0.0894,-0.022539,0.082289,0.025795,0.121688,-0.118324,0.152371,-0.017702,-0.03619,0.127234,-0.10462,0.203771,0.050844,-0.083444,-0.137041,-0.03411,-0.1793,0.284866,-0.078952,0.307288,-0.358417,0.013342,-0.34518,0.055108,0.007505,0.076033,0.081725,0.034704,-0.101376,0.053707,0.040278,-0.215742,-0.050248,-0.261744,-0.003898,-0.179196,0.104781,0.116076,0.177676,0.019633,-0.141933,0.057869,0.039034,-0.063552,-0.158469,0.167483,-0.148175,-0.244939,0.011774,-0.037191,0.108604,-0.041037,0.125886,0.089736,-0.235437,0.157258,-0.074947,-0.129181,0.02977,0.003669,-0.210645,0.158748,-0.319766,-0.215543,-0.14292,0.133451,-0.012942,-0.022651,-0.044865,0.055745,-0.060177,0.308394,0.11987,-0.04778,0.162791,-0.073846,-0.170776,0.164097,-0.029847,0.03715,-0.001988,-0.006159,-0.157905,0.174093,0.058875,-0.021535,0.082669,-0.004823,-0.044962,0.065711,0.2637,0.016257,-0.060677,0.162612,0.179666,-0.01597,-0.151371,0.133544,-0.083779,0.095412,-0.094122,-0.251956,#
5,0.158948,0.009434,-0.113201,-0.212363,-0.041575,1.0,0.328462,0.416117,0.05891,0.138089,0.025444,0.201367,0.150601,0.149233,0.081745,0.072453,0.075234,-0.023562,0.156135,-0.168522,0.057653,-0.013391,0.209213,-0.07316,-0.032126,0.13172,-0.035939,-0.051631,0.211982,0.246939,-0.329743,0.019101,-0.079171,0.041892,-0.065673,0.116706,0.13051,-0.106449,-0.103832,-0.129399,-0.225158,0.225203,-0.093554,-0.14668,0.08129,-0.088472,0.171842,-0.225693,-0.021652,0.15832,-0.014616,-0.07913,0.290065,0.105045,0.111059,0.184326,-0.190212,0.146956,-0.252098,-0.004889,0.173412,-0.010632,-0.009126,0.279588,-0.201461,0.137492,-0.155487,0.112857,-0.109578,-0.432062,0.112162,0.025238,-0.082735,0.01243,-0.090116,0.259571,-0.166787,0.015886,-0.174975,-0.119159,-0.242862,-0.40666,-0.228879,0.233889,-0.229477,-0.244343,-0.190114,-0.076539,-0.153762,-0.203588,-0.104966,-0.258571,-0.274634,-0.177257,-0.208388,-0.085747,-0.300839,-0.263757,-0.200356,-0.409013,0.195603,-0.013902,-0.16137,-0.26232,-0.373537,-0.403738,-0.087171,0.113606,-0.252472,-0.116045,0.07674,0.419505,-0.424918,-0.303497,-0.040126,-0.129635,-0.105087,0.071743,0.160129,-0.204896,-0.101249,-0.242915,-0.046023,-0.144504,-0.299285,-0.133018,-0.010682,-0.02731,-0.438577,-0.025804,-0.142713,-0.144329,-0.127149,0.11583,-0.492851,-0.178602,0.197482,0.084837,0.05476,-0.269095,-0.188654,0.056463,-0.250957,-0.062684,-0.161166,-0.306846,0.183286,0.087581,-0.413398,-0.164033,-0.126967,-0.30793,0.050979,-0.236688,0.133518,-0.200453,0.123816,0.070348,-0.569853,-0.232921,-0.206221,-0.188625,0.158385,-0.30796,0.107313,0.016001,-0.236785,-0.13888,-0.146159,-0.180851,0.073348,-0.16287,-0.172848,-0.228011,0.222232,-0.205347,-0.059426,0.023765,0.164433,-0.116459,0.297873,0.042585,0.034581,0.090082,0.472125,-0.087704,0.145488,-0.087338,-0.131065,0.22044,-0.074642,0.06649,0.18415,-0.115663,-0.257175,0.186261,0.168962,-0.11899,-0.191499,-0.064213,#
6,0.43422,0.225858,0.02377,-0.32576,-0.068851,0.328462,1.0,0.192846,0.260952,0.231777,0.139421,0.150925,0.274514,0.336043,-0.04636,0.287988,0.137702,0.141822,0.275399,0.080142,-0.071409,0.058094,0.234379,-0.059999,0.00958,0.029311,-0.068517,-0.083046,0.48814,0.034702,-0.263103,-0.048436,-0.051657,-0.240982,0.032839,0.105072,0.277703,-0.220045,0.207681,-0.018417,0.11828,0.291025,-0.059671,-0.155624,0.138122,-0.269483,0.095871,-0.154409,-0.209254,0.164499,-0.000759,-0.317573,0.176368,-0.04112,0.371242,0.01147,-0.138122,-0.184373,-0.022462,-0.188826,0.378164,0.157983,-0.092133,0.307612,0.124141,0.36472,-0.273639,0.246848,0.057247,-0.280507,0.150407,0.156035,-0.204474,-0.504957,-0.35582,0.26265,-0.450661,-0.347283,-0.229021,-0.242031,-0.29698,-0.361253,-0.261582,-0.138554,-0.505189,-0.219467,-0.303622,-0.292777,-0.350579,-0.409813,-0.549705,-0.41496,-0.560082,-0.158495,-0.347018,-0.526365,-0.266922,-0.421816,-0.269965,-0.275861,0.02618,-0.125679,-0.366475,-0.295414,-0.365338,-0.433535,-0.136003,-0.086201,-0.177143,-0.322581,-0.045338,0.105326,-0.410823,-0.416352,-0.106937,-0.32967,-0.148264,-0.122212,0.140338,-0.393439,-0.394063,-0.280873,-0.343759,-0.285909,-0.270534,-0.291758,0.028213,0.158255,-0.380253,-0.313786,-0.359424,-0.413006,-0.340583,0.105027,-0.293712,-0.373979,0.075769,-0.212242,0.141675,-0.487138,-0.313321,0.091327,-0.194992,-0.435719,-0.448892,-0.23859,-0.229802,0.571577,-0.459016,-0.392556,-0.188541,-0.374515,-0.287152,-0.266556,-0.040091,-0.324634,0.186813,0.45889,-0.376148,-0.358287,-0.000758,-0.309282,0.025613,-0.134749,-0.139323,0.203317,-0.160996,-0.023519,-0.491547,-0.207408,0.173971,-0.126031,-0.196485,-0.279087,0.267856,-0.434952,-0.09353,0.28836,0.359139,-0.56953,0.414818,0.019434,-0.081747,0.360211,0.266853,-0.37995,0.080438,-0.05681,-0.207199,0.278773,-0.42966,0.208389,0.293757,0.187231,-0.1626,-0.109675,0.120053,-0.193185,-0.127927,0.254733,#
7,-0.111422,0.034795,-0.135331,-0.132094,-0.126687,0.416117,0.192846,1.0,-0.167673,0.309003,-0.291071,0.01805,0.45428,0.265522,0.23477,0.13359,0.130105,0.163941,0.100437,-0.150548,0.23418,0.203235,0.082561,0.080325,-0.062413,0.01264,-0.033155,-0.329932,0.139569,0.176517,-0.1487,-0.059864,0.14849,0.092246,-0.253294,-0.110946,-0.013919,-0.144858,-0.06666,-0.38029,0.05567,0.200745,0.062451,-0.228032,-0.113198,-0.259122,0.254362,-0.240215,-0.039007,-0.003974,-0.2256,-0.114278,0.17076,-0.05603,0.285156,0.217885,0.049238,-0.226459,-0.195672,0.184637,0.179483,-0.145972,-0.146906,0.253033,-0.050283,0.375006,-0.098329,0.245077,-0.25303,-0.104787,-0.04163,0.3221,-0.386937,-0.003723,-0.033897,0.065595,0.001388,0.128341,0.003736,0.029609,-0.059442,-0.444755,-0.22204,-0.104641,-0.087754,-0.119696,-0.024247,-0.025847,0.168872,0.070389,0.025225,-0.255958,-0.154095,0.056483,-0.02685,-0.063846,-0.196621,0.027206,0.05575,-0.428811,-0.069774,0.067209,-0.180035,0.032136,-0.200762,-0.04144,-0.312802,-0.043816,0.030591,-0.266346,0.020597,0.139505,-0.142445,-0.125175,0.034409,-0.00829,-0.048397,-0.073689,0.069158,-0.165298,0.096805,-0.558395,-0.071159,-0.083162,-0.215136,-0.10706,-0.021862,-0.127141,-0.204735,-0.007281,-0.212362,0.058594,-0.071819,0.009756,-0.224866,0.044081,0.192628,-0.280544,0.050712,-0.321211,-0.248517,-0.144108,-0.25467,-0.058995,-0.310349,-0.145876,0.074693,0.120613,-0.163797,-0.130472,-0.092548,-0.049142,-0.12543,-0.202574,0.060832,-0.408712,0.120112,0.322336,-0.219764,-0.082625,-0.023539,0.021836,-0.120325,-0.083161,0.276052,0.075028,-0.288227,0.112698,-0.003378,0.219259,-0.106291,-0.010578,-0.288602,-0.133032,0.275337,-0.261012,-0.115858,-0.133403,0.244188,-0.102381,0.242165,0.187713,0.110282,-0.092244,0.186656,0.001652,-0.026002,-0.106368,-0.304216,0.194392,-0.223214,-0.199167,0.042754,-0.062542,-0.051454,-0.047047,0.03774,-0.092124,-0.290913,0.254616,#
8,0.076789,-0.22952,0.047162,-0.361686,0.010832,0.05891,0.260952,-0.167673,1.0,0.194094,0.02815,0.211272,-0.075526,0.13661,0.016515,-0.110858,-0.236826,0.00696,0.027571,0.133251,-0.085403,0.086506,0.169182,-0.083169,0.043056,0.206271,0.038668,0.169811,0.097898,0.061465,-0.265671,-0.007201,-0.002592,0.081345,0.013392,0.051058,-0.010583,-0.004157,0.130282,-0.0449,0.112896,0.102936,-0.156676,0.012526,0.155166,-0.101056,0.042268,0.079673,-0.071252,-0.067067,-0.015822,-0.164656,0.092916,0.141307,0.145513,0.313991,-0.32109,-0.012104,-0.04559,0.081828,0.137555,0.092629,0.126779,0.176922,0.036106,-0.016049,-0.12026,0.206782,0.295701,-0.138917,-0.023644,0.072558,0.147044,-0.061767,-0.25278,0.041075,-0.012442,-0.180678,-0.06515,0.019913,-0.080562,-0.038342,-0.127434,-0.10668,-0.205268,0.163379,-0.353579,-0.24665,-0.112511,-0.383089,0.020655,-0.242646,-0.378551,0.073788,-0.134899,-0.001518,-0.214784,-0.129348,-0.3986,-0.092742,-0.058875,0.05599,-0.066674,-0.095614,0.090154,-0.322185,-0.056718,-0.046452,-0.018138,-0.014371,-0.082745,-0.121501,-0.194739,-0.146149,0.069125,-0.121823,0.163914,-0.130577,-0.102378,-0.045855,0.059303,0.059794,0.060888,-0.187854,-0.135901,0.009172,0.352452,0.008902,-0.060587,0.002021,0.072581,-0.141884,-0.380671,-0.0837,-0.093668,-0.010374,-0.124989,0.046089,0.041369,-0.052696,-0.114143,0.142526,-0.131649,-0.226921,-0.173801,-0.321739,-0.172455,0.052282,-0.243199,-0.040797,0.110635,-0.146529,-0.123699,-0.19853,0.157191,-0.029704,0.237413,0.18839,-0.219448,-0.300044,-0.057562,-0.015729,0.084564,-0.117083,-0.322504,-0.07139,-0.012909,-0.155013,-0.143107,-0.058536,-0.128601,-0.111789,0.032908,-0.064392,0.239027,0.030289,0.063544,0.05681,0.326956,-0.238634,0.193437,0.164357,-0.207106,0.022147,-0.065825,0.089248,0.076137,0.041061,-0.318184,-0.085156,-0.077215,0.090925,0.033576,0.057059,-0.002054,0.12367,-0.005629,-0.160979,0.027866,0.030313,#
9,0.024906,0.154291,0.090505,-0.37292,-0.110254,0.138089,0.231777,0.309003,0.194094,1.0,-0.105359,-0.101642,0.308802,0.534386,0.039901,0.093125,-0.40444,0.333537,0.123421,0.148295,0.008595,0.154063,0.37742,-0.022946,0.074787,-0.127356,-0.218515,-0.189789,0.2301,0.401705,0.012751,0.167523,0.210975,-0.156393,-0.044939,-0.063535,0.362439,-0.00882,0.015324,-0.467078,0.245686,0.225954,0.074646,-0.141452,0.036598,-0.491418,0.109319,0.286454,0.127662,0.023923,-0.189263,-0.241577,0.463484,-0.077853,0.26463,0.113524,-0.298668,-0.420523,-0.14756,0.258602,0.467835,-0.035323,-0.405806,0.114989,-0.075197,0.317943,0.008804,0.183424,-0.091728,0.052067,-0.040509,0.331345,-0.253457,-0.055998,-0.125838,-0.06109,-0.072849,-0.238282,0.057462,0.240243,0.054897,-0.315356,-0.3262,0.21332,-0.317929,0.143605,-0.208935,-0.171169,-0.021871,-0.281428,0.013386,-0.088506,-0.357177,0.108717,-0.158148,0.045139,-0.567656,-0.0813,0.168487,-0.324844,-0.344556,-0.10215,-0.310107,-0.120102,-0.022885,-0.195801,-0.271783,-0.371063,0.168764,-0.221478,0.346174,0.275375,-0.344362,-0.167384,-0.008876,-0.228475,-0.097317,-0.127487,0.359691,-0.340147,-0.187362,-0.328551,-0.04439,-0.225577,-0.358947,0.259781,0.402515,-0.07944,-0.177225,-0.297104,0.05544,0.006122,-0.477755,0.074424,-0.402064,-0.289783,-0.133516,0.019892,0.204651,-0.308299,-0.048297,-0.133677,-0.339064,-0.443608,-0.389885,-0.176968,-0.258401,0.185844,-0.291397,-0.170724,-0.308889,0.080405,-0.12484,-0.558068,0.085613,-0.329393,0.611097,0.439425,-0.206719,-0.351942,-0.087051,0.045269,-0.128424,0.104558,0.263808,0.390771,-0.009034,-0.244216,0.011915,-0.091799,-0.183972,0.121997,-0.129428,-0.272051,0.362016,-0.388756,0.057683,-0.233839,0.563419,-0.314553,0.610203,0.271251,-0.530613,-0.214459,0.20264,-0.03112,0.226312,0.029689,-0.565319,0.096695,-0.251634,-0.131128,0.00317,0.194966,-0.247016,-0.055304,0.208827,-0.001325,0.126995,0.499239,#
10,0.462963,0.007793,-0.005641,0.008932,0.35234,0.025444,0.139421,-0.291071,0.02815,-0.105359,1.0,0.110159,-0.05285,-0.024033,-0.130349,-0.033913,0.051666,-0.331692,0.141564,-0.085593,-0.08129,-0.196619,0.040082,0.062295,0.074559,0.240205,-0.066843,0.118415,0.203787,-0.142215,0.026615,0.102213,-0.011111,-0.311331,-0.002653,0.164944,0.021527,0.098601,0.023404,0.276518,-0.190919,-0.291912,-0.122467,-0.018406,0.102435,0.192533,-0.247805,0.150289,-0.078971,0.234046,0.084186,0.004058,0.090071,0.077054,0.0611,-0.02918,-0.208784,0.275415,0.023794,-0.130141,-0.201351,0.002639,-0.045259,-0.060923,-0.192313,-0.051564,0.199962,0.192803,-0.15482,-0.150053,0.108293,-0.089359,0.100325,0.077693,-0.124264,0.125914,-0.223966,-0.233681,-0.275265,-0.105343,-0.138594,0.082377,-0.007788,0.091782,0.006467,-0.129392,0.03573,0.109844,0.024014,-0.100937,-0.271073,0.04965,-0.000478,-0.102005,0.05892,-0.134813,0.082064,-0.375271,-0.00678,0.074667,0.244723,-0.154501,-0.029805,-0.277712,0.022368,-0.17746,-0.112053,0.291601,-0.121682,0.273764,-0.19087,0.120933,-0.23312,-0.058838,-0.030589,0.037076,-0.338639,-0.018024,-0.136797,0.006823,-0.330808,0.347926,-0.074131,-0.094641,-0.169916,0.026419,-0.20179,0.075307,-0.205239,-0.295091,-0.153881,-0.351219,-0.023902,-0.183316,-0.080937,-0.035693,0.058881,-0.090237,0.000279,-0.023198,-0.050513,0.23864,0.099285,0.126782,0.08483,-0.168561,-0.180647,0.118272,-0.059245,-0.057803,0.276731,-0.091597,-0.133862,-0.02391,-0.065812,0.034917,-0.23985,-0.029276,-0.125594,0.075509,-0.110989,-0.205948,0.052631,-0.10164,0.053205,-0.122784,-0.044191,-0.200847,-0.168024,0.023626,0.236966,0.004884,0.152948,0.16314,-0.111297,0.15182,0.036589,0.176338,-0.038526,-0.085293,-0.145665,0.069773,-0.044035,0.04241,0.138498,0.0573,0.069157,0.140989,0.309265,0.239759,0.008749,0.309806,0.234612,-0.059104,-0.070147,-0.044537,-0.107641,-0.125388,-0.080479,-0.353922,#
11,0.056037,0.02517,-0.177394,-0.066598,0.05006,0.201367,0.150925,0.01805,0.211272,-0.101642,0.110159,1.0,-0.042141,0.091149,-0.016117,-0.041282,-0.042447,-0.076376,0.035623,0.010186,0.18892,-0.116963,-0.025666,0.065685,0.067566,-0.005128,0.071505,0.125167,0.060233,0.055346,-0.039811,-0.018344,0.071331,0.077386,0.017778,-0.067156,-0.083128,-0.078621,0.151931,-0.057207,-0.117023,0.150397,-0.218944,-0.167444,-0.111536,0.276227,-0.091344,0.021755,0.02374,0.052045,-0.242666,0.04141,-0.107911,0.228666,0.069044,-0.062886,-0.287269,0.113889,-0.285567,-0.087656,-0.192941,-0.284535,-0.023119,0.286713,0.015405,0.16924,-0.157738,0.280236,0.302247,-0.19515,0.056719,0.07415,0.125352,0.090468,0.034868,-0.029673,-0.039756,0.092702,-0.186252,-0.171864,-0.209933,-0.29571,0.086852,0.016352,-0.128479,-0.261591,-0.11146,-0.126959,0.113017,-0.105715,-0.015606,-0.271103,-0.078998,0.020843,0.001095,-0.118061,0.143359,-0.11492,-0.098726,0.072005,0.187136,0.042272,-0.11296,-0.022627,-0.145999,0.000942,-0.037729,0.082952,-0.10855,0.053792,0.02234,0.015341,-0.218186,-0.125068,-0.05723,0.037493,-0.041769,0.132443,0.096931,-0.058995,-0.051585,-0.031795,-0.059101,-0.015064,-0.011607,-0.047744,-0.098336,-0.109658,-0.114632,0.050653,-0.132333,-0.089584,-0.180292,0.023593,-0.154998,0.231818,-0.038913,-0.172084,0.094136,-0.331294,-0.030836,0.212167,0.169996,0.006998,0.103575,-0.331786,0.03087,-0.020971,-0.139184,-0.035859,0.154063,0.124996,-0.031836,0.154211,0.217974,0.115614,-0.022109,0.091942,-0.112914,-0.208805,-0.149513,-0.030612,-0.007262,-0.145346,-0.326748,-0.098992,0.063421,0.040132,0.154973,0.017574,0.20076,0.134972,0.128061,-0.067354,0.161721,0.076858,0.141185,0.291353,0.145676,0.193754,-0.036456,-0.08059,-0.024188,-0.090556,0.248305,0.177633,-0.05589,-0.017882,0.163477,0.167229,-0.068911,0.301684,0.08096,0.100434,-0.212941,-0.034732,-0.00011,-0.215884,-0.03924,-0.256034,#
12,0.222,0.033489,0.037253,-0.301872,-0.039738,0.150601,0.274514,0.45428,-0.075526,0.308802,-0.05285,-0.042141,1.0,0.516433,0.025996,0.255184,0.007813,0.29094,0.19839,0.069752,0.093187,0.107351,0.351575,0.068599,-0.057125,-0.289941,-0.054925,-0.085203,0.321681,0.2105,-0.061274,-0.007816,0.051216,0.059386,-0.185281,0.14285,0.189666,-0.125352,-0.089635,-0.094875,-0.065578,0.088922,0.171656,-0.224617,-0.273181,-0.398602,0.273702,0.108331,-0.003432,0.118487,0.006386,-0.200966,0.166035,-0.082951,0.167531,0.074947,0.029977,-0.340598,-0.017499,0.080346,0.374581,-0.114391,-0.18766,0.287888,0.001208,0.184423,-0.214919,0.234808,0.00791,0.005443,-0.099894,0.203394,-0.419209,-0.239949,-0.251414,0.107661,-0.209812,-0.135207,-0.081451,-0.068888,-0.087287,-0.361332,-0.344227,-0.230918,-0.191898,0.02911,-0.105709,-0.008159,-0.01771,-0.083657,-0.228192,-0.098306,-0.333309,-0.043887,-0.184305,-0.190195,-0.335328,-0.233487,-0.08836,-0.468821,-0.057971,-0.280819,-0.281345,0.006378,-0.149681,-0.09348,-0.26492,-0.196689,-0.018913,-0.300043,0.045086,-0.050515,-0.268082,-0.286188,0.064034,-0.197463,-0.06284,-0.081389,0.097613,-0.214591,-0.031512,-0.386213,-0.259121,-0.292113,-0.313992,-0.084561,0.105444,0.013913,-0.228857,-0.266309,-0.210364,-0.095738,-0.282,0.258553,-0.062524,-0.080955,0.103378,-0.336311,0.001892,-0.303733,-0.37216,0.008283,-0.175698,-0.300521,-0.32593,-0.011035,-0.140554,0.341059,-0.297059,-0.143107,-0.307427,-0.077326,-0.116936,-0.297064,0.085429,-0.369161,0.21281,0.269703,-0.190496,-0.194389,0.04864,-0.062374,0.013723,0.011494,0.278973,0.158762,0.013532,0.19787,-0.194462,0.034706,-0.074356,-0.118359,-0.423004,-0.13511,0.159042,-0.192091,-0.199392,0.045444,0.211053,-0.338295,0.207863,0.130794,0.185931,-0.093987,0.241331,-0.049846,0.100309,0.136711,-0.231832,0.337725,-0.29513,-0.160973,0.139279,0.110501,0.062373,0.082774,0.105111,-0.062699,0.053604,0.339648,#
13,0.16802,0.122087,-0.010612,-0.490881,-0.215745,0.149233,0.336043,0.265522,0.13661,0.534386,-0.024033,0.091149,0.516433,1.0,0.138483,0.099663,-0.364661,0.084242,0.380731,0.324568,0.267631,0.210671,0.414304,-0.104252,-0.083181,-0.188627,0.17496,0.074481,0.319764,0.152371,0.183564,0.22984,0.009063,-0.003849,-0.284032,-0.111958,0.144341,0.075092,-0.031012,-0.351113,0.011509,0.366761,0.043675,-0.205083,-0.082663,-0.553557,0.184825,0.222688,-0.155549,-0.030413,0.018693,-0.191878,0.159215,-0.219146,0.031397,0.140219,-0.253539,-0.288672,-0.212896,-0.010493,0.528824,-0.043713,-0.219289,0.175668,0.127546,0.271977,-0.164115,0.152874,-0.022748,0.026936,-0.120602,0.328774,-0.113004,-0.296361,-0.255994,0.058182,-0.177675,-0.076078,-0.039031,0.213648,0.096284,-0.357748,-0.372463,0.005264,-0.311192,0.212277,-0.288974,-0.142361,-0.037783,-0.135398,-0.162498,-0.122813,-0.294869,-0.054953,-0.153257,-0.150716,-0.372981,-0.124564,0.150421,-0.326145,-0.239547,-0.181937,-0.34272,-0.345463,-0.171349,-0.095716,-0.139699,-0.363842,0.057983,-0.225197,0.160075,0.12456,-0.53134,-0.115309,0.241198,-0.17535,-0.201686,-0.173443,0.356532,-0.251024,-0.024001,-0.267629,0.01933,-0.319464,-0.327079,0.092295,0.185882,-0.089951,-0.236016,-0.3209,-0.057432,-0.176355,-0.365484,-0.039328,-0.088754,-0.200135,0.114275,-0.243511,0.210784,-0.45391,-0.04914,0.143322,-0.120158,-0.334016,-0.4238,-0.007118,-0.053113,0.259788,-0.407903,-0.003756,-0.216606,0.119138,0.018803,-0.379008,-0.055297,-0.225694,0.471473,0.227122,-0.143896,-0.324987,0.100981,-0.049603,0.076969,-0.205975,0.194224,0.464238,0.097811,0.07291,-0.136174,-0.0444,-0.235287,0.026428,-0.281683,-0.324406,0.129808,-0.364581,0.000338,-0.015921,0.456817,-0.314503,0.318282,-0.082868,-0.18032,-0.012404,0.158856,-0.014868,-0.085193,0.151014,-0.36666,0.197631,-0.183524,-0.119404,-0.034853,0.137391,0.0,-0.210192,0.101248,-0.15673,0.024181,0.371013,#
14,0.026294,0.072091,-0.228986,0.001013,-0.193187,0.081745,-0.04636,0.23477,0.016515,0.039901,-0.130349,-0.016117,0.025996,0.138483,1.0,-0.086319,0.021071,-0.035459,0.165679,0.124181,0.339865,0.120039,0.144256,0.153747,-0.111125,0.078265,0.194283,0.063019,0.076222,-0.014868,-0.14523,0.143722,0.098563,0.075114,-0.116825,-0.279955,-0.17315,0.021442,-0.119536,-0.234986,0.05221,0.30201,0.055247,0.199894,0.289995,-0.130407,0.129438,0.021619,0.039025,-0.07669,0.121777,0.039277,0.125544,-0.20242,-0.0361,0.378267,0.071332,-0.135021,-0.107643,0.067968,0.154803,0.107929,-0.045439,0.140489,0.066911,-0.075641,-0.098372,-0.176676,-0.084554,-0.142998,-0.002728,0.026104,0.151715,0.077163,-0.041589,-0.094876,-0.101361,0.231706,-0.130956,0.32533,0.072178,-0.206521,-0.113461,-0.017964,-0.034861,0.216338,0.183027,-0.026476,0.049175,-0.071591,-0.07519,0.055064,0.14853,-0.085458,-0.047029,0.039265,-0.170385,-0.037098,-0.041564,-0.185225,-0.020728,0.210221,-0.172079,-0.275372,-0.186474,0.048067,-0.264658,-0.074887,0.117558,0.087945,-0.046636,0.115086,0.056724,0.100249,0.148334,0.011199,-0.032242,-0.111239,0.039558,-0.323148,0.050404,-0.213014,0.023196,0.076865,-0.186917,-0.2567,-0.053448,0.063094,-0.251451,0.091802,-0.086473,0.014326,-0.133511,-0.024216,-0.04356,0.036773,-0.210288,0.038201,0.062334,-0.132142,-0.145865,-0.062624,-0.16981,0.184065,-0.177095,-0.152422,-0.015757,-0.04913,-0.183145,0.19045,-0.089828,-0.126695,0.088142,0.083966,-0.159191,0.074165,0.250128,0.106846,-0.119666,0.258078,-0.004482,0.033392,0.06192,-0.242142,-0.021784,0.102047,0.186458,-0.077487,-0.012762,-0.060696,-0.290495,-0.038045,-0.125785,0.177171,0.075487,-0.22082,0.041578,-0.106594,0.269998,0.002565,-0.075348,0.221641,0.203665,-0.027201,0.022706,-0.064663,0.237028,-0.11595,0.059399,-0.00909,-0.066944,-0.112547,0.056752,0.07308,-0.08535,0.026503,-0.027687,-0.145287,-0.024033,-0.118975,#
15,0.108871,0.117453,0.109121,-0.221715,-0.12752,0.072453,0.287988,0.13359,-0.110858,0.093125,-0.033913,-0.041282,0.255184,0.099663,-0.086319,1.0,0.170419,0.295191,-0.02595,0.084249,-0.207595,0.165971,0.219844,-0.082625,0.095932,-0.037074,-0.186074,0.052044,0.166779,0.066928,0.021704,-0.051409,0.028365,0.007175,0.036017,0.054847,0.186406,0.149264,0.119433,-0.131579,0.033174,-0.004106,0.341101,0.159149,-0.172173,-0.126899,0.134962,0.012224,0.021498,0.247746,0.214806,-0.154403,0.033082,-0.109877,0.216182,-0.032489,-0.052835,-0.331436,0.019722,0.045796,0.024887,0.313482,0.019664,0.096666,-0.097965,-0.060391,-0.057985,0.011151,-0.395886,-0.060764,0.097337,0.299402,0.042442,-0.156975,-0.045033,0.253706,-0.005919,-0.187977,0.25714,0.061299,0.032708,-0.119752,-0.272328,0.170548,0.029263,-0.230754,-0.081152,-0.335049,-0.082255,0.230248,-0.135795,-0.004832,-0.249613,0.082126,-0.167566,-0.23042,0.017642,-0.101277,0.026513,0.032652,-0.068277,0.057103,-0.319018,0.260671,0.021231,0.034248,0.027245,-0.062252,0.010982,-0.161808,-0.071764,-0.018693,-0.036933,-0.082734,-0.139275,-0.068111,0.143852,-0.245342,0.031716,-0.103762,-0.041187,0.066091,-0.264619,-0.131686,-0.114821,-0.123382,-0.081712,0.278348,-0.098629,-0.156557,-0.072171,-0.11888,-0.016324,0.348884,-0.016078,-0.15174,-0.083048,-0.380487,-0.060224,-0.10295,-0.056043,0.057945,-0.296529,-0.320058,-0.076179,0.209684,0.058367,0.262347,-0.235595,-0.254837,-0.142373,-0.116213,-0.044149,-0.027515,0.018177,0.104973,-0.004715,0.299621,-0.06506,-0.106941,0.123892,-0.15524,0.179267,-0.10628,0.263571,0.059416,-0.134568,0.266751,-0.200276,-0.07055,0.158906,0.118632,0.02808,-0.152647,-0.067715,-0.084761,-0.03867,0.281567,-0.009408,-0.263299,0.215003,-0.108338,-0.049229,0.172969,0.02513,0.00281,0.190635,0.013105,-0.038959,-0.014142,-0.089815,-0.130202,0.016066,0.177367,0.044823,-0.035517,0.159372,0.015714,0.373205,0.317531,#
16,0.014013,0.093618,-0.152821,0.233288,0.213797,0.075234,0.137702,0.130105,-0.236826,-0.40444,0.051666,-0.042447,0.007813,-0.364661,0.021071,0.170419,1.0,-0.01663,-0.114147,-0.03207,-0.111405,-0.129798,-0.113719,-0.015623,-0.292807,0.116624,-0.165127,0.020061,0.029358,-0.222015,-0.245069,-0.095398,0.143817,0.141062,0.170401,0.112404,-0.23703,-0.272488,0.02706,0.307381,-0.112117,-0.240358,-0.009326,0.155976,-0.094273,0.293246,-0.092292,-0.471592,-0.008251,0.224404,0.165636,-0.032119,-0.180072,0.046622,0.225313,0.102386,0.385781,-0.005376,0.058775,-0.144623,-0.338185,0.177191,0.176879,-0.116905,-0.217909,-0.113053,0.074552,-0.003796,-0.312903,-0.259879,-0.042793,-0.280792,-0.017355,-0.050085,-0.05879,-0.041716,0.069491,-0.106975,0.023583,-0.110247,-0.194721,0.114234,0.219289,-0.150573,0.094787,-0.07309,0.265801,-0.134847,-0.087785,0.148332,-0.083376,0.046965,0.007325,-0.059126,0.134177,-0.062467,0.320496,-0.166305,-0.203708,0.159214,0.094205,0.208285,0.184245,0.270424,-0.108851,-0.081544,0.088877,0.031322,-0.023542,-0.110079,-0.357417,-0.092166,0.270848,0.164966,-0.385561,-0.010449,0.205022,0.086955,-0.216856,-0.024679,-0.092435,0.004508,-0.289399,0.087618,0.127007,-0.352648,-0.42415,-0.029637,-0.045602,0.078198,-0.134996,-0.213331,0.188381,0.047641,0.195628,0.079955,0.318968,-0.241879,-0.32964,0.083549,0.078328,-0.101585,0.029336,0.247684,0.022025,-0.055391,0.078269,0.017783,0.047731,-0.219945,0.160064,-0.16651,0.103466,0.040209,-0.021444,-0.024765,-0.334708,-0.034427,-0.028631,0.333801,-0.207178,-0.000402,0.105806,-0.21595,-0.210815,-0.204641,0.003042,0.02363,-0.16442,0.079646,0.154837,-0.055438,-0.016549,0.065746,-0.178007,0.190734,-0.077417,0.196622,-0.265229,-0.048928,-0.239951,0.049401,0.513856,0.101902,-0.12446,-0.1983,0.010052,0.046436,0.303633,-0.108101,-0.056861,0.125382,-0.114566,-0.212745,0.053423,0.110864,-0.091362,-0.030779,-0.151079,-0.165629,#
17,-0.3929,0.098768,0.315477,0.012998,-0.303741,-0.023562,0.141822,0.163941,0.00696,0.333537,-0.331692,-0.076376,0.29094,0.084242,-0.035459,0.295191,-0.01663,1.0,-0.175554,0.238364,-0.178823,-0.073264,0.087027,-0.021197,0.216161,0.157502,-0.013345,-0.138821,0.066745,0.09586,-0.063737,-0.161515,-0.082669,0.129384,-0.147248,0.093473,0.024553,0.059351,0.029024,-0.321718,0.023301,0.00448,0.223749,0.087801,-0.078857,-0.185225,0.059977,0.03972,0.165163,0.030455,0.006456,-0.092779,0.141802,0.083481,0.106349,0.01853,0.112953,-0.29892,0.001582,0.00488,0.169382,-0.031208,-0.086528,0.077456,0.119641,0.069976,-0.018113,-0.008337,-0.032508,0.047642,0.057289,0.17272,-0.228483,-0.153854,-0.037334,-0.088557,0.10997,-0.062078,0.097532,0.094345,-0.049539,-0.125442,-0.209937,0.329715,-0.260696,0.097506,-0.118567,-0.170231,-0.2681,0.027446,-0.066865,-0.104804,-0.360745,0.112832,-0.205113,-0.067466,-0.169806,0.024842,0.054837,-0.094103,-0.431294,-0.140815,-0.167282,0.260435,-0.067158,-0.101363,0.102315,-0.226451,0.180747,-0.013382,0.111538,-0.02446,0.048165,-0.082173,-0.115291,-0.16896,0.067865,-0.116588,0.090459,-0.164083,-0.012328,-0.155362,-0.279132,-0.279673,-0.180668,-0.042883,0.115441,0.16595,-0.12375,0.009066,0.121037,0.137405,-0.212591,0.089805,-0.055048,-0.144558,0.118348,-0.019012,-0.141996,-0.093222,-0.242748,-0.095586,-0.043101,-0.280277,-0.097111,0.08264,-0.236812,0.332925,0.006288,-0.098869,-0.270208,0.031016,0.01485,-0.188808,-0.020197,-0.055378,0.043763,0.327856,0.034936,-0.221175,0.069669,0.076224,-0.157025,0.229981,0.127837,0.15799,-0.048268,-0.122348,0.006966,0.046498,-0.100504,0.049266,-0.088381,-0.156592,0.071375,-0.134462,-0.086331,-0.072164,0.008244,-0.115431,0.326538,0.040433,-0.028983,-0.083571,0.18182,-0.151059,0.270737,0.244701,-0.380953,-0.033608,0.054959,-0.267568,-0.161145,0.121362,-0.164804,-0.135139,0.221622,0.096779,0.11545,0.367105,#
18,0.415753,0.305205,-0.033438,-0.155822,-0.068506,0.156135,0.275399,0.100437,0.027571,0.123421,0.141564,0.035623,0.19839,0.380731,0.165679,-0.02595,-0.114147,-0.175554,1.0,0.082825,0.293023,0.157839,0.167197,-0.039072,-0.061375,-0.030252,0.012698,0.177349,0.343372,0.006927,-0.048149,0.269786,0.019339,0.050572,-0.160259,0.019473,-0.031295,-0.00563,-0.236215,0.061792,0.146175,0.226085,-0.051107,-0.151469,0.173332,-0.092137,0.039528,0.012649,-0.200448,-0.035188,0.054063,-0.043072,0.25669,-0.05349,0.000652,0.133007,-0.042391,-0.171682,-0.07461,-0.019267,0.235733,-0.285829,-0.057116,0.156709,-0.030485,0.100497,-0.327747,0.08418,-0.020801,0.01158,-0.026314,0.137961,-0.024169,-0.303691,-0.255085,-0.053749,-0.08925,-0.078755,-0.184246,0.1466,0.268703,-0.148579,-0.02896,-0.316636,-0.010783,0.050471,-0.094268,-0.094073,-0.055873,-0.141614,-0.281001,-0.121213,0.07772,-0.263566,0.201003,-0.161249,-0.176732,-0.096977,-0.01083,-0.053459,0.177525,0.083987,-0.016285,-0.38429,-0.169819,0.004471,-0.272675,-0.004531,-0.234971,-0.032412,-0.009648,0.153257,-0.300254,-0.021682,0.274491,0.194829,-0.059213,0.027974,0.233268,-0.147483,0.019857,0.040031,-0.102944,-0.03856,-0.336547,0.023046,0.078981,-0.047719,-0.074248,-0.027776,-0.096181,-0.192487,0.096555,0.028402,0.013457,0.0936,-0.038988,0.069355,0.245777,-0.156236,-0.276033,0.113085,-0.078824,-0.06051,-0.111053,0.003257,-0.217864,0.091301,-0.42135,-0.060503,-0.077708,-0.126484,0.066989,-0.240687,0.142338,-0.116482,0.162903,-0.028176,-0.312176,-0.130982,0.160911,0.12669,0.085352,-0.300428,-0.06516,0.190633,0.312329,0.142073,-0.182845,-0.172998,-0.024849,0.044201,-0.055704,0.118532,-0.063957,-0.045938,-0.167818,0.039071,0.295889,-0.150274,-0.055247,-0.102157,0.01262,0.264431,0.002045,0.019533,0.343149,0.084178,0.046188,0.132072,-0.200369,-0.005494,-0.004191,0.074988,0.049901,-0.126036,0.011135,-0.234847,-0.096427,-0.015113,#
19,-0.022559,-0.084891,0.05462,-0.177114,-0.088597,-0.168522,0.080142,-0.150548,0.133251,0.148295,-0.085593,0.010186,0.069752,0.324568,0.124181,0.084249,-0.03207,0.238364,0.082825,1.0,0.096022,0.162693,0.137592,0.00099,-0.169132,-0.044038,0.23348,-0.013577,0.157514,-0.196746,0.037404,0.231237,0.263649,0.160879,-0.0832,-0.270957,0.015363,0.158478,-0.038669,-0.168251,0.208348,0.059013,0.039518,-0.081884,-0.099569,-0.281797,0.096616,0.309319,-0.081104,-0.171911,0.045789,-0.148203,0.153361,-0.066144,-0.163348,0.065991,-0.033707,-0.143743,0.129839,-0.021451,0.175595,0.004698,-0.101885,-0.129639,-0.011648,-0.091889,0.081743,-0.095551,-0.078141,0.240169,-0.103651,0.185322,0.294278,-0.239614,-0.160072,-0.386968,0.195753,0.036755,0.32785,0.311144,0.249619,0.181851,-0.018918,-0.028959,0.075048,0.563174,-0.01253,-0.261308,0.091267,-0.048415,-0.067915,0.301359,-0.024024,-0.030382,0.137195,0.103299,0.074162,-0.06705,0.010214,0.106873,-0.316283,0.216742,-0.019588,-0.003057,0.377933,0.114801,0.171765,-0.146636,0.28945,-0.126128,0.059535,-0.155702,0.107412,0.115848,0.147343,0.01154,0.068093,0.040958,0.175027,-0.197308,0.050995,-0.049487,0.018154,-0.058287,-0.014501,0.272527,0.243297,0.147743,0.196527,0.266695,0.463211,-0.117617,0.018107,0.010351,0.302044,0.087295,0.123433,0.095625,0.128425,0.184189,0.170145,0.111084,0.049925,-0.057567,-0.113982,0.11224,0.081118,-0.089243,-0.076928,0.05392,-0.031144,0.129106,0.268273,-0.12149,-0.032795,0.10603,0.248029,-0.015466,0.00289,-0.120862,0.304395,0.082232,0.200939,-0.168345,-0.024798,0.104214,0.36691,-0.036861,0.006832,0.190412,-0.332071,-0.101025,-0.157452,-0.091467,-0.239965,-0.03755,0.190992,-0.173082,0.156431,-0.054109,0.075307,-0.035833,-0.176164,-0.027967,-0.277079,-0.343616,0.262313,0.334722,-0.18863,-0.12851,0.13194,-0.223497,-0.309359,0.013991,0.23335,-0.234124,-0.288364,-0.123542,0.32415,0.049551,#
20,0.079617,0.274436,-0.182203,0.036026,-0.152639,0.057653,-0.071409,0.23418,-0.085403,0.008595,-0.08129,0.18892,0.093187,0.267631,0.339865,-0.207595,-0.111405,-0.178823,0.293023,0.096022,1.0,0.111398,0.029412,-0.094844,-0.133546,-0.151387,0.245279,0.074583,-0.205197,-0.099495,0.053535,0.099113,0.317176,0.118824,-0.408512,-0.411167,-0.15414,-0.143121,0.064119,-0.096284,0.235059,0.223321,-0.331812,-0.02213,0.147462,-0.161235,0.09739,0.012205,0.0121,-0.080971,-0.162512,0.200305,0.135343,0.094528,-0.050431,0.158369,-0.05559,-0.068545,-0.418114,0.090993,-0.051398,-0.063314,-0.104146,0.076642,0.281155,0.066523,-0.285771,-0.005888,0.116542,0.094102,-0.282428,0.128862,-0.030783,0.140891,-0.222939,-0.213648,0.017086,0.202957,0.076854,0.19365,0.197192,-0.171579,0.089404,-0.059335,0.167133,0.086333,0.014797,0.193285,0.414635,-0.0341,0.033817,0.042177,0.120979,0.086086,0.252387,0.161563,-0.100752,-0.212602,0.212755,-0.158593,0.152935,0.245352,0.121502,-0.057042,0.002739,0.162915,0.009913,0.048902,-0.108609,-0.075193,0.003618,0.040562,-0.19018,0.077818,0.278075,0.129315,-0.021444,0.017007,0.018115,-0.002888,0.161127,-0.196625,-0.016574,0.062799,0.002372,-0.01702,0.071574,-0.353641,-0.122528,0.048474,0.10733,0.041336,-0.011719,-0.10084,0.093715,0.327765,0.124034,0.147395,0.202273,-0.077327,-0.03196,0.242318,0.092809,0.178974,-0.042449,-0.114294,0.009749,-0.185907,0.039912,0.126775,0.160656,0.104344,0.113264,0.118729,0.127688,-0.046175,0.180983,-0.151129,-0.136211,0.096492,-0.007395,-0.014856,0.028291,-0.28803,-0.097318,-0.024513,0.292746,0.14718,0.119032,-0.138647,-0.151707,0.079414,-0.177053,0.013941,0.051271,-0.07427,0.087598,-0.231194,0.2352,0.056889,-0.204691,-0.127618,0.135214,0.006377,0.068597,-0.0293,-0.024312,-0.142392,-0.124683,0.19246,0.000393,-0.159311,-0.06477,-0.038345,-0.043568,-0.250745,-0.01254,-0.51562,-0.211806,-0.098172,#
