0,1.0,0.224869,0.009673,-0.202411,0.337746,0.030888,0.084386,-0.033174,0.375368,-0.031209,-0.233657,0.159241,0.124189,0.123216,0.344467,-0.031615,0.096208,0.034927,-0.026765,-0.075906,-0.28399,-0.021397,-0.160221,-0.123835,0.191349,-0.28347,0.06161,-0.184498,0.266848,0.104418,-0.470942,0.037945,-0.074679,-0.052752,-0.095553,0.109257,0.214168,-0.042989,-0.031123,0.033481,0.03734,-0.251151,-0.25941,0.070601,0.168997,0.004236,0.329641,0.131168,0.056208,0.126527,-0.218692,-0.19308,0.154521,0.008789,0.06223,-0.006429,-0.124739,0.131137,-0.150777,0.218048,0.134106,0.235964,0.160559,-0.21066,-0.03418,0.039872,-0.069208,-0.027018,0.1983,-0.099004,0.013689,-0.307269,0.031227,-0.153475,-0.152206,0.083823,-0.106335,-0.324393,-0.152012,-0.066295,0.06616,-0.348437,-0.059903,-0.427901,-0.01189,-0.036238,-0.341833,-0.156433,-0.143151,-0.338477,0.059942,-0.215145,-0.008023,0.117697,-0.104694,-0.112479,-0.21614,-0.154586,0.013794,-0.245272,0.021008,-0.228632,-0.266881,-0.155203,-0.070572,-0.194911,-0.051113,-0.125706,0.021828,-0.409766,0.03198,-0.107037,0.011098,-0.270541,-0.157646,-0.355121,-0.212309,-0.263013,0.094646,-0.443337,-0.006194,-0.126916,-0.230675,-0.09573,-0.022792,-0.119107,-0.139609,0.094152,-0.215196,-0.056463,0.13355,-0.306982,-0.2417,0.020772,-0.04979,-0.250911,-0.019571,-0.236036,0.122363,-0.236505,-0.123571,-0.321007,0.079838,-0.287826,-0.344567,-0.15095,-0.064905,0.204911,-0.260788,-0.137728,-0.264281,-0.064877,0.35562,-0.194122,0.030233,0.039362,0.177304,0.223402,-0.207845,-0.069938,-0.220069,-0.070579,-0.0056,-0.014863,-0.090722,0.194022,-0.035014,0.101914,-0.162237,-0.3263,-0.023714,0.12769,0.043643,-0.217101,0.116235,-0.031297,0.104448,0.148141,0.27108,-0.421211,0.143726,0.027597,-0.086365,0.162325,0.155444,-0.157641,0.4135,-0.09069,-0.089067,0.294474,-0.29334,0.066238,0.196218,0.215886,-0.038499,0.081183,-0.09306,-0.269362,0.048481,-0.077556,#
1,0.224869,1.0,-0.222258,0.03192,0.265908,0.169332,-0.110853,-0.241502,0.049294,0.017655,-0.084345,-0.007111,0.07552,0.109964,0.174055,-0.096899,-0.183156,0.089373,-0.201759,-0.010704,0.134959,0.30603,0.197856,7.2e-05,0.054883,-0.281377,0.179917,0.055046,0.226619,0.287835,-0.333408,-0.05905,0.130124,-0.206124,-0.112743,0.110535,0.277806,-0.428671,0.165865,0.168697,0.247195,0.042584,0.176487,0.040903,-0.136434,0.147355,0.055403,0.361031,-0.022654,-0.12491,-0.082154,-0.341966,0.096157,-0.035889,-0.002368,-0.122725,-0.088876,0.297742,-0.038551,0.156982,0.083472,-0.001726,0.084149,0.156921,-0.069218,0.209659,-0.034495,0.346027,0.414965,0.067331,-0.294498,-0.150058,0.230388,-0.148388,-0.184774,0.053904,-0.250778,-0.006692,-0.167572,-0.113259,-0.282143,-0.471797,-0.204993,-0.157377,-0.140682,-0.294451,-0.112127,-0.34095,-0.130571,-0.144969,-0.307452,-0.217527,-0.160891,-0.134093,-0.335647,-0.104158,-0.430187,-0.21097,-0.248922,-0.216552,0.099327,-0.152036,-0.124877,-0.185641,-0.023542,-0.240602,-0.342258,-0.248354,-0.062587,-0.134577,0.111443,-0.093484,-0.417563,-0.379982,0.140661,-0.087056,-0.223299,-0.067753,-0.081812,-0.157483,-0.250274,-0.29635,-0.223231,-0.213121,0.03563,-0.082888,-0.04982,0.158584,0.121465,-0.221197,-0.040696,-0.247629,-0.240581,-0.091069,-0.13632,-0.289956,-0.165234,-0.246608,0.300839,-0.34685,-0.265561,-0.095985,0.047019,-0.376809,-0.048531,-0.135047,-0.162225,0.124635,-0.186042,-0.168154,-0.388689,-0.265428,-0.113058,-0.148885,-0.004517,-0.026066,-0.141792,0.261752,-0.049369,-0.290557,0.041482,-0.029898,-0.246832,0.024836,-0.329349,0.399755,0.051158,-0.286075,-0.012527,-0.160446,-0.115188,0.068357,-0.326897,-0.01242,0.100767,-0.122168,-0.100066,-0.138422,0.327266,-0.252632,0.305945,-0.072939,-0.194889,0.212111,0.374035,-0.382032,-0.055638,-0.061845,0.068036,0.365215,-0.128017,0.267675,0.32717,0.28223,0.135001,-0.254698,0.15219,-0.290269,-0.120434,0.190447,#
2,0.009673,-0.222258,1.0,0.236257,-0.003414,-0.096827,0.095658,0.014171,0.288729,-0.008119,0.073463,0.140953,-0.19096,0.006782,-0.055658,-0.251275,-0.169149,0.194685,0.146966,0.283463,-0.31162,-0.149095,-0.025893,0.162593,0.069746,-0.012721,0.032204,-0.14989,0.278932,-0.241611,0.074789,0.272379,-0.363329,0.160441,-0.18525,0.011583,-0.05028,0.071246,-0.00229,-0.313709,-0.235365,0.183034,-0.125565,-0.098428,0.008128,-0.226445,0.17201,0.045584,-0.17397,0.284579,-0.032006,0.197946,-0.149082,0.145034,-0.179848,-0.107361,-0.058564,-0.115728,-0.454279,-0.166058,0.201274,0.084283,-0.016884,-0.151166,-0.041779,0.010174,0.150053,-0.111646,-0.185111,0.188709,0.200614,0.037094,0.066278,0.178558,-0.09209,0.184344,-0.044338,-0.051872,0.100941,-0.151155,-0.011833,0.147275,-0.084792,0.471493,0.016842,0.15334,-0.174771,-0.045187,-0.048915,-0.128347,0.1834,-0.009682,0.224177,0.218125,0.019412,0.219472,0.167667,-0.008498,0.033,0.126828,-0.284088,-0.221029,-0.087501,0.220464,-0.091056,0.177101,0.285758,0.255724,0.04259,0.207122,0.198155,-0.142621,0.134048,0.209109,0.059713,0.037352,-0.177214,-0.080007,0.123317,0.180056,-0.047752,0.269228,0.16208,-0.049102,-0.127093,0.286892,0.142679,-0.236738,-0.063886,0.000436,0.320786,0.208591,-0.001095,0.07458,0.150985,0.137489,0.090751,0.278679,-0.01546,0.063436,0.368177,0.107444,-0.134432,-0.199534,0.083382,0.129069,0.151127,-0.052547,-0.206327,0.107447,0.217259,0.325286,0.390321,0.246346,0.213627,-0.000448,-0.037743,0.090067,0.270329,0.050537,0.1067,-0.156834,0.392208,0.085242,0.075423,-0.238227,-0.001381,-0.151006,0.2276,-0.087695,0.030594,0.218508,-0.005732,0.090711,-0.089877,0.21429,-0.022281,0.353597,-0.114149,-0.04641,-0.007007,0.148294,0.012971,-0.121293,-0.310112,0.366789,0.02984,0.272421,-0.172591,0.02608,0.203653,-0.250737,-0.229194,-0.018573,-0.489519,-0.124524,-0.000906,-0.064651,0.211525,-0.10979,#
3,-0.202411,0.03192,0.236257,1.0,-0.127609,-0.133892,-0.134304,-0.010082,-0.320349,0.008155,-0.066976,-0.082465,-0.158835,-0.12321,-0.078738,0.115024,-0.101743,-0.032615,-0.200216,0.145245,-0.078725,0.006309,-0.25432,0.108309,-0.037545,0.117585,-0.225492,-0.03821,0.037607,-0.178165,0.065268,-0.10623,-0.002974,0.278824,-0.067283,-0.276004,-0.089215,0.188312,0.118919,0.052286,-0.089866,0.051461,0.093744,-0.16592,-0.014166,0.28597,-0.276454,-0.371245,0.088504,0.133687,-0.006774,0.152954,0.127361,0.139756,-0.166567,0.048868,0.064287,0.045578,-0.110087,-0.154199,-0.018891,-0.03321,0.177813,0.135389,-0.149998,-0.298242,-0.163937,-0.119613,-0.285597,0.046431,-0.036581,0.078131,0.17699,0.28531,-0.120259,0.164572,0.120986,0.48098,0.322268,-0.110377,0.122538,0.19755,0.03532,0.187148,0.138223,0.131326,0.178044,0.013555,0.079886,-0.064199,0.061919,0.130603,0.26233,0.100874,-0.007172,-0.078378,0.043931,0.192062,0.092821,0.216496,-0.136728,0.185537,0.282016,0.277286,0.108527,0.056373,0.066189,0.174903,-0.071219,-0.003555,-0.190328,-0.14852,-0.0716,0.169984,0.022363,0.380418,0.295032,0.043185,-0.267672,0.312097,0.213827,-0.010762,0.192883,0.322749,0.109411,0.169343,0.037998,-0.140587,0.050619,0.285685,-0.196971,-0.003054,0.113063,0.146622,0.17489,0.289313,0.242328,0.158463,-0.211694,0.178243,0.051126,0.229842,0.116694,0.004936,0.280684,0.220749,-0.064921,-0.270481,0.079576,-0.031439,-0.036349,0.108629,0.081604,0.212919,0.154583,0.265715,-0.283832,-0.162241,0.229219,0.128451,0.231611,0.125259,0.195818,-0.035906,-0.126455,-0.28597,-0.017434,-0.233476,0.290691,0.078533,-0.082593,-0.313818,-0.01695,0.196364,-0.207433,0.170244,-0.020414,-0.104343,-0.477501,-0.008215,-0.122365,-0.324735,0.263601,-0.000609,-0.253085,-0.058596,-0.202957,-0.066898,0.177124,-0.245747,0.080038,-0.033109,-0.287548,-0.206162,-0.032146,-0.058048,-0.136879,0.055899,-0.098211,0.035409,#
4,0.337746,0.265908,-0.003414,-0.127609,1.0,0.049015,0.185245,0.15002,0.259548,0.020948,-0.232396,0.237249,0.13185,0.114158,0.031078,-0.028281,0.128403,0.160847,-0.089892,0.109129,0.132593,-0.049625,0.292095,-0.140215,-0.106764,-0.254525,0.081275,-0.047924,0.201614,0.152757,-0.257373,0.030661,-0.074236,-0.066348,-0.035226,0.201629,0.311409,-0.458223,-0.072724,-0.182784,0.083041,0.044123,0.012171,-0.097422,0.053372,0.03458,0.238649,0.332297,0.29862,-0.078456,-0.015516,-0.514868,0.137542,-0.330695,-0.029965,-0.195391,-0.114941,-0.004676,0.173827,0.046018,0.007643,0.178892,-0.146123,-0.109095,-0.068649,0.190161,0.06958,0.102838,0.31467,0.022456,0.035528,-0.431078,0.009622,-0.427761,-0.201472,0.122565,-0.281624,-0.200645,-0.469814,-0.210475,-0.179471,-0.398923,-0.311583,-0.015518,-0.207577,-0.037361,-0.523656,-0.133474,0.092879,-0.205167,-0.332038,-0.238155,-0.126034,-0.367697,-0.329609,-0.388222,-0.558426,-0.38812,-0.215553,-0.249499,-0.045215,-0.356091,-0.343684,-0.181884,-0.2046,-0.328234,-0.150228,-0.203889,-0.1255,-0.30332,0.170346,0.120227,-0.141149,-0.454391,-0.227356,0.134004,-0.260248,-0.432677,0.100273,-0.292822,-0.182289,-0.164559,-0.31939,-0.500264,-0.089162,0.146726,-0.258196,0.212873,-0.102867,-0.417614,0.033729,-0.014976,-0.279408,0.204935,-0.418921,-0.357502,-0.154766,-0.299778,0.136564,-0.292873,-0.23888,-0.215446,-0.090539,-0.178046,-0.411359,-0.155956,0.080427,0.261159,-0.35355,-0.236084,-0.474201,-0.145893,0.071222,-0.260225,0.017257,-0.231935,0.202181,0.420249,-0.319382,-0.186491,0.03792,-0.061514,-0.203072,0.12502,-0.115257,0.228019,0.051659,-0.078014,-0.361469,-0.024359,-0.118868,0.314467,-0.329966,-0.267347,0.023923,-0.081971,-0.083667,0.300139,0.322872,-0.44151,0.252736,-0.06349,0.04671,-0.032211,0.26774,-0.283502,0.09672,-0.114418,-0.233486,0.181245,-0.314583,0.244321,0.346565,0.117945,-0.078824,0.106825,0.387834,-0.341892,-0.16458,0.033936,#
5,0.030888,0.169332,-0.096827,-0.133892,0.049015,1.0,0.271859,0.262766,0.143764,0.004846,0.033309,0.232272,-0.143505,0.229837,-0.121787,-0.088598,-0.06415,-0.063558,-0.00939,-0.217449,0.170728,0.125287,0.216317,-0.412776,0.232904,-0.207138,0.114601,0.008358,-0.091203,0.198299,-0.134747,0.098093,-0.077599,-0.149447,-0.260749,0.292771,0.065605,-0.092182,0.027519,-0.012277,0.235223,-0.002737,0.251724,0.018184,-0.220944,0.126079,0.044968,0.264265,0.133879,-0.083485,-0.005527,-0.061906,0.188021,-0.168213,0.134104,0.145047,-0.188932,0.210123,-0.109714,0.160654,-0.010548,0.002272,-0.039312,0.178175,-0.107606,0.029706,0.008126,0.308624,0.194342,-0.059801,-0.091363,-0.262418,0.094809,-0.249546,-0.154677,0.10824,-0.032677,-0.108836,-0.040979,-0.123424,-0.15749,-0.377605,0.093606,-0.148563,-0.227521,0.142944,-0.149815,-0.008067,-0.055999,-0.076972,-0.02113,-0.089134,-0.011772,-0.252578,-0.10856,-0.177921,-0.088833,-0.073892,0.071591,-0.274328,0.163369,-0.175446,0.17189,-0.330443,-0.108205,-0.299186,0.062557,-0.455796,0.022896,-0.193146,-0.101081,0.155833,-0.141688,-0.293956,0.120875,-0.226633,-0.174659,-0.25006,0.108305,-0.065293,-0.024117,-0.137675,-0.136435,-0.263151,0.029197,-0.09544,0.077328,0.164028,-0.068467,-0.082608,-0.132576,0.065042,-0.04552,-0.115868,0.008653,0.073351,0.090488,-0.128567,-0.021116,-0.226371,-0.207751,-0.17622,-0.132748,-0.144871,0.003967,-0.128179,-0.016067,0.204738,-0.120653,-0.175636,-0.137186,-0.044065,-0.024587,0.029092,-0.034432,-0.094808,0.211131,0.05415,-0.096093,0.064277,-0.043539,0.18068,-0.082992,0.028014,0.095735,0.317488,-0.009886,-0.069813,-0.054542,-0.063116,0.11857,0.144226,0.028163,-0.080707,0.263744,-0.194573,-0.033948,0.190028,0.15622,-0.189062,0.059484,-0.042225,-0.106564,0.261362,0.285109,-0.244119,0.106671,-0.076571,-0.105518,0.264002,-0.053224,0.06263,0.20872,0.231677,0.247779,0.310998,0.178943,-0.249933,-0.193254,0.159622,#
6,0.084386,-0.110853,0.095658,-0.134304,0.185245,0.271859,1.0,0.322333,0.212524,0.065549,0.190539,0.076367,0.024381,0.032845,0.007771,0.179786,0.010594,0.035048,0.193928,-0.045967,0.12233,0.132503,0.058544,-0.212302,-0.043509,-0.115468,0.027077,-0.048959,0.20043,0.006208,-0.31474,0.178926,0.198475,-0.265142,0.028659,0.087616,0.104642,0.001727,-0.161766,-0.193507,-0.062231,-0.01022,0.043479,-0.075132,-0.031004,-0.115034,0.103147,0.142149,0.151916,0.128716,0.022817,-0.135447,0.008166,-0.017492,-0.149601,-0.155132,0.101998,-0.057022,-0.171387,0.134758,0.009715,0.029647,-0.157793,0.116865,-0.135034,-0.15183,0.118525,0.053732,0.21685,0.028731,0.0148,-0.316043,0.045206,-0.137334,-0.142145,0.133643,0.071035,-0.280373,-0.40751,-0.196983,-0.134539,-0.1654,0.014,-0.195423,-0.191154,0.118638,-0.24967,-0.059525,-0.114991,-0.042916,-0.038356,-0.128428,0.036209,-0.229189,-0.195026,0.033099,-0.237194,-0.322965,-0.310812,-0.094016,0.116708,-0.291324,-0.090382,-0.239364,-0.018049,-0.117156,0.101771,-0.171432,-0.177578,-0.136851,-0.118366,0.135847,0.004399,-0.074886,-0.105535,-0.143146,-0.305386,-0.244259,0.016853,-0.05026,-0.017942,-0.000342,-0.114891,-0.284293,-0.320643,0.168609,-0.20603,0.207107,-0.124687,-0.256125,-0.072878,-0.11429,-0.093792,0.127262,-0.067017,-0.020064,0.052956,-0.343902,-0.022284,-0.103238,-0.000972,-0.170037,-0.038391,-0.148432,-0.214934,-0.127729,-0.099034,0.221052,-0.152425,-0.082024,-0.149033,-0.07886,-0.007333,-0.032552,0.118316,-0.178956,0.043113,0.291266,-0.209055,-0.21564,-0.014727,-0.179147,-0.055668,0.061701,-0.050424,0.268812,-0.11799,0.034863,-0.03291,-0.05818,0.072248,0.155333,-0.049946,-0.210262,0.101333,-0.069182,-0.109311,0.35009,0.144745,-0.30175,0.131662,-0.007753,0.199304,0.392846,-0.036244,-0.0096,0.137356,-0.15909,-0.014153,0.044356,-0.145775,0.21031,0.233093,0.153925,0.123441,0.349609,0.198851,-0.210577,-0.036143,-0.084549,#
7,-0.033174,-0.241502,0.014171,-0.010082,0.15002,0.262766,0.322333,1.0,-0.079393,-0.139571,-0.072251,-0.157866,0.032261,0.224058,0.16453,-0.029915,-0.128932,-0.276996,0.078605,-0.182995,-0.032145,0.119021,0.001812,-0.24746,-0.05451,0.091075,0.11087,-0.059305,-0.069084,-0.038168,0.031947,0.07023,0.064055,-0.140021,0.013949,0.1239,0.11503,0.179667,-0.136266,-0.353533,0.095762,0.293196,0.213475,0.037832,-0.087994,0.086526,0.160422,-0.084861,0.048727,-0.166205,-0.332555,0.003267,0.016295,-0.409382,-0.047612,0.065883,-0.066796,0.002663,-0.040176,0.102547,-0.197057,0.121798,-0.378391,0.142424,0.176329,0.174235,0.113071,0.18053,-0.073547,-0.232653,-0.070372,-0.297328,0.086807,-0.144186,-0.112906,0.04264,0.09436,-0.173422,-0.288592,-0.101121,-0.040825,-0.28934,0.126448,-0.199425,-0.097297,0.195395,-0.078022,-0.03016,-0.067162,-0.057335,0.039637,-0.157141,0.049731,-0.195901,0.026053,0.111349,-0.210156,0.014748,-0.028598,-0.124473,0.053759,-0.241404,0.18479,-0.218634,-0.101174,-0.229715,0.172484,-0.30789,0.013084,-0.184862,-0.119752,0.404199,0.07625,0.13133,-0.111217,0.054422,-0.156761,-0.081158,-0.128415,0.095761,-0.057114,-0.072308,-0.14313,-0.127886,0.0,0.019574,-0.14351,0.021241,0.10576,-0.027246,0.074242,0.024132,-0.108742,-0.117723,-0.046424,0.064012,0.186787,-0.040821,-0.137407,-0.108058,-0.072399,-0.268568,-0.195262,0.168833,-0.050869,-0.247986,-0.241161,-0.00551,-0.008901,-0.076347,0.042193,0.145297,0.112391,0.110588,0.05771,-0.184097,0.296685,0.017885,-0.339387,0.053208,-0.06975,-0.108779,0.041011,0.034715,-0.070785,0.141543,-0.229502,0.032735,-0.218361,-0.074312,-0.095772,0.214774,-0.040262,0.085419,0.103248,0.026472,-0.136157,0.17834,-0.136817,-0.045253,-0.049711,0.029282,0.124317,0.06074,-0.004677,-0.078398,0.075065,0.195058,0.007641,-0.098222,-0.167822,0.16336,0.098858,0.108745,0.038478,0.227148,0.055137,-0.098617,-0.076742,-0.077684,#
8,0.375368,0.049294,0.288729,-0.320349,0.259548,0.143764,0.212524,-0.079393,1.0,0.008502,0.055551,0.324763,0.113901,0.238581,0.004147,-0.112293,0.106108,0.277689,0.305108,0.182415,-0.291458,-0.235661,0.280094,-0.221447,0.007067,-0.28463,0.123301,0.071285,0.174438,-0.048538,-0.241465,0.23393,-0.18147,-0.067103,-0.164267,0.185687,0.410472,-0.204035,-0.063262,-0.168673,-0.033588,0.059242,-0.201326,0.023026,0.184882,-0.225216,0.420097,0.377993,-0.019026,0.216968,0.116516,-0.120559,0.037297,0.158126,-0.250426,0.226091,-0.156647,0.112927,-0.223516,0.238542,-0.242595,0.058594,-0.103819,-0.056794,-0.038018,0.259887,0.333565,0.196393,0.273116,0.211143,0.242743,-0.181241,-0.142559,-0.131286,-0.192072,0.06863,0.016139,-0.346479,-0.108712,-0.028314,-0.041099,-0.242472,-0.025236,0.139432,-0.035864,0.10674,-0.330787,-0.184605,-0.10194,-0.155843,0.048771,-0.06767,-0.114365,0.124161,-0.240426,0.07103,-0.048227,-0.20902,-0.107377,-0.166716,-0.121485,-0.301347,-0.254507,-0.065684,-0.100962,-0.010857,0.044987,0.022322,0.026551,-0.073642,0.192127,-0.121419,0.238961,-0.010895,0.048472,-0.403851,-0.157241,-0.245413,0.305756,-0.239128,0.012875,0.00165,-0.223602,-0.547871,-0.168331,0.018963,-0.155989,0.12567,-0.147134,-0.141545,0.284035,0.224484,-0.136251,-0.00822,0.011232,-0.145947,0.10597,0.062653,0.238025,-0.0569,0.263673,-0.046402,-0.17457,-0.20866,-0.162945,-0.220488,0.14413,0.363182,-0.183704,-0.003091,0.006151,-0.073814,0.260518,-0.055072,0.045448,-0.142733,0.146255,0.319133,-0.027943,0.039224,-0.039851,-0.11431,-0.027173,0.289982,0.207446,0.036372,-0.093565,-0.089196,-0.052415,-0.012528,-0.006648,0.28139,0.159955,-0.128299,-0.088103,-0.114007,0.041133,0.142193,0.114529,-0.321969,0.250359,0.121759,-0.259785,-0.05823,-0.012049,0.224821,0.186438,0.071894,-0.488503,0.183147,0.088288,-0.149191,0.000261,0.163562,-0.134504,0.13955,0.07081,-0.218087,0.084846,0.087517,#
9,-0.031209,0.017655,-0.008119,0.008155,0.020948,0.004846,0.065549,-0.139571,0.008502,1.0,-0.141166,0.190871,0.210751,0.295107,-0.406757,0.11297,-0.30679,0.211124,-0.154592,0.164001,0.041804,-0.064484,0.019923,-0.127364,0.158938,0.042668,0.102346,-0.442778,-0.072344,0.219092,-0.000105,-0.165711,0.013208,0.215311,0.113046,0.232545,-0.110792,-0.29808,-0.167834,0.036765,-0.097532,0.128168,0.119955,0.102951,0.100713,-0.088256,-0.115927,0.116829,-0.064187,0.160288,0.056668,-0.185286,0.000887,-0.034526,-0.072764,-0.06412,-0.014492,-0.001183,0.231598,0.027526,-0.025408,0.171146,0.125067,-0.133055,-0.273326,0.019174,0.133346,0.011876,0.012133,-0.054722,-0.062631,-0.239765,-0.086261,-0.032698,0.111671,-0.192724,0.032967,-0.036688,0.096755,0.196406,-0.044169,0.01767,0.020029,-0.12698,0.267826,-0.233785,0.007477,0.007572,-0.08688,0.260664,-0.281572,0.0195,0.020094,0.12307,-0.060497,0.103871,-0.088872,0.034335,-0.098122,0.116629,-0.215719,0.096773,0.191398,0.199778,-0.03331,0.034788,-0.0074,-0.006756,-0.082942,0.06363,-0.008,0.144949,-0.013315,-0.000163,-0.034373,-0.004503,-0.114091,-0.070746,0.245437,-0.152907,0.130634,0.30587,0.018294,-0.106295,-0.267559,0.244194,-0.137056,-0.092773,0.065628,0.276094,-0.142055,0.275539,-0.062507,0.504466,-0.154566,0.118653,-0.1024,-0.070914,0.169435,-0.065973,0.164268,-0.128541,0.213761,0.141055,0.173304,0.138374,0.272497,0.012466,-0.129325,0.254531,-0.296535,-0.165907,-0.12146,0.122559,0.293024,0.19128,0.00638,0.216984,0.054379,0.108612,0.067587,0.14691,-0.225308,0.370596,-0.037125,-0.134365,0.066931,0.065487,0.088707,0.156221,0.075107,-0.168113,0.185209,-0.186839,0.113656,0.146189,-0.14962,-0.001312,0.144633,-0.022854,0.032891,-0.147839,-0.193002,0.040004,-0.185554,-0.064124,0.135219,-0.081245,-0.208696,0.166891,-0.082279,-0.22658,-0.039674,-0.059231,0.057564,-0.142387,-0.085137,0.008415,0.207116,-0.051273,#
10,-0.233657,-0.084345,0.073463,-0.066976,-0.232396,0.033309,0.190539,-0.072251,0.055551,-0.141166,1.0,0.05719,-0.267305,-0.28995,-0.018153,0.093054,0.310349,-0.163335,0.223989,0.000631,0.075541,0.242992,-0.028969,0.225898,-0.109407,0.174646,-0.269635,0.227375,0.170133,-0.057062,-0.108363,0.05396,-0.298317,-0.25379,0.345205,-0.050374,0.011664,0.078981,0.063095,0.25111,-0.205568,-0.072738,-0.066814,-0.235642,-0.019851,0.179007,-0.215904,-0.379544,0.098271,-0.000271,0.09697,0.084087,-0.105225,0.210355,-0.066162,0.027381,-0.128934,-0.116033,-0.074611,-0.121684,0.091033,-0.188812,0.204536,0.152786,0.252955,-0.117788,-0.054195,-0.17122,-0.103935,-0.056227,-0.136282,0.25486,0.137347,-0.005157,0.036742,0.195482,-0.056428,0.055235,0.031646,-0.128111,-0.011545,0.075692,-0.274545,0.22152,-0.080714,-0.021521,0.077902,0.063458,-0.239935,-0.014537,0.201671,-0.173503,-0.010811,-0.093403,-0.087627,0.074321,-0.061299,-0.061978,-0.272258,-0.017678,0.092219,0.013849,-0.318148,-0.02079,0.230721,0.036909,-0.034707,0.218949,-0.21149,0.514214,-0.184421,-0.173947,-0.125438,0.123204,-0.010088,-0.003438,-0.08417,0.04612,-0.043589,0.30145,-0.148808,-0.047187,-0.132197,0.065125,0.012879,-0.131163,0.007145,-0.064365,0.015737,-0.001763,0.154344,-0.17353,0.149964,-0.182724,0.270024,0.200291,0.041128,-0.1377,-0.189724,-0.022108,0.047115,0.22799,-0.063474,-0.059938,0.005865,0.18151,0.10116,-0.160889,0.090824,-0.192972,0.192107,0.091423,-0.238764,-0.082874,-0.227215,-0.304431,-0.246088,-0.068401,0.108802,-0.059953,0.148176,-0.054287,-0.099234,-0.17495,-0.031981,-0.058298,-0.249212,-0.029559,0.096236,-0.004133,0.163495,-0.193407,-0.095322,-0.050346,0.041632,-0.401924,-0.366846,0.192555,-0.139223,0.08724,-0.014212,0.054276,0.040773,0.271443,-0.011865,0.168206,-0.248166,-0.078857,0.406537,-0.082688,-0.060304,0.306001,-0.044429,-0.08577,0.054312,0.177038,0.270739,-0.119598,-0.122939,0.03034,#
11,0.159241,-0.007111,0.140953,-0.082465,0.237249,0.232272,0.076367,-0.157866,0.324763,0.190871,0.05719,1.0,-0.078252,0.037809,-0.119692,0.009568,0.117152,-0.027617,-0.072813,-0.128094,-0.143371,-0.064443,0.008845,0.039634,0.212643,-0.1695,-0.085255,-0.208819,0.266584,0.089103,-0.286354,0.179962,-0.391805,0.025011,-0.235335,0.387821,-0.042651,-0.188754,0.13923,0.09061,0.146107,-0.10161,-0.093305,-0.0518,-0.046055,0.059,0.003928,0.096406,0.217416,0.110745,0.153052,-0.157924,-0.136042,-0.058606,0.062341,-0.064068,-0.340807,-0.033944,-0.180373,-0.146867,-0.160052,0.096076,0.171487,-0.039097,0.040605,-0.162931,0.026453,-0.08446,0.262761,0.024041,0.073319,-0.25258,-0.054007,-0.228628,-0.15005,0.174326,-0.175693,0.016322,-0.029368,-0.302764,-0.077378,-0.118153,0.027536,0.070694,-0.019264,-0.019842,-0.246601,-0.256176,-0.078697,-0.073963,-0.046458,0.034128,-0.035746,-0.102368,-0.26357,-0.066049,-0.188257,-0.246443,-0.082288,-0.149542,-0.020421,-0.003201,-0.053145,-0.141278,-0.10951,0.003372,-0.013926,-0.151097,-0.17486,-0.139061,-0.215713,0.103973,-0.131063,-0.177957,-0.123378,-0.000801,-0.067516,-0.240179,0.081182,-0.068601,0.046099,0.01362,-0.22786,-0.20495,0.118856,0.011826,-0.151931,-0.182446,-0.10255,-0.202341,-0.07939,-0.035556,0.010138,0.198125,-0.134956,0.014869,-0.027179,-0.126902,0.207836,-0.18594,0.121467,0.054234,-0.059189,-0.173101,-0.127569,-0.128441,0.171686,0.037571,-0.176296,-0.335833,-0.190461,0.001704,0.067105,-0.088517,-0.030588,-0.216538,0.238294,-0.029738,0.059786,0.011565,0.200843,0.05002,-0.108574,-0.104031,-0.117132,-0.048328,0.114452,-0.043725,0.180712,0.09052,0.03202,-0.023665,0.012201,-0.380232,0.102201,-0.236934,-0.200437,0.035569,0.18444,-0.159538,0.091057,0.042064,0.00942,0.072335,0.16132,-0.119707,0.108596,-0.138124,-0.235412,0.201946,-0.059508,0.160273,0.020762,-0.060393,0.048746,0.085796,0.238465,-0.238282,0.023352,0.136327,#
12,0.124189,0.07552,-0.19096,-0.158835,0.13185,-0.143505,0.024381,0.032261,0.113901,0.210751,-0.267305,-0.078252,1.0,0.233688,0.145395,0.221249,-0.147553,0.225388,0.044717,-0.008303,0.059942,0.201686,0.105946,-0.06244,-0.193295,-0.050263,0.263222,-0.02591,0.02126,-0.053229,-0.121109,0.213598,0.252043,0.047087,-0.128274,-0.064024,0.241626,-0.204033,-0.18607,-0.011556,-0.055281,0.218366,0.139812,0.267442,0.202531,-0.104241,0.16954,0.147517,-0.073435,-0.025112,-0.010574,-0.175246,0.101263,-0.142255,-0.04459,-0.174242,-0.241087,0.34586,0.121806,0.032154,-0.228183,-0.131119,-0.350706,-0.008926,0.096532,0.292902,0.046466,0.090585,0.254388,-0.144417,-0.15033,-0.251691,-0.142555,-0.066117,0.00094,0.074553,-0.085524,-0.206867,-0.244908,-0.171669,-0.135856,-0.313403,0.054718,-0.17435,0.06755,-0.387423,0.023067,-0.08851,-0.3423,0.022372,-0.091722,-0.333349,-0.12239,-0.050566,-0.05499,0.050948,-0.127982,-0.099219,-0.184817,-0.319973,0.129356,-0.117201,-0.170296,-0.225727,-0.06944,-0.006359,-0.198726,-0.130382,-0.145807,-0.138822,0.159872,-0.121193,-0.002713,-0.108443,-0.164373,-0.128632,-0.158971,-0.101682,-0.055602,-0.295662,-0.0714,-0.148383,-0.125584,-0.228936,-0.347922,0.104326,-0.3206,0.080317,-0.246197,-0.223675,-0.222613,-0.03405,-0.04043,-0.030695,-0.229704,-0.222033,-0.048001,-0.011458,0.178931,-0.216363,-0.196492,-0.050763,-0.2639,0.085794,-0.284916,-0.019219,-0.096537,0.304145,-0.505451,0.073224,-0.002223,-0.136008,-0.032944,-0.16288,-0.269406,-0.152207,0.225666,0.211414,-0.415277,-0.224278,-0.141745,-0.088407,-0.196161,0.065156,0.04574,0.122364,-0.17864,0.011089,-0.248448,0.008187,-0.007898,0.16316,-0.030334,-0.206038,0.079074,0.059612,-0.093431,0.052555,0.217353,-0.260025,0.197058,0.105715,-0.070485,0.156679,0.084339,-0.106053,0.129279,-0.004907,-0.149256,0.29064,-0.226088,0.116503,0.276052,0.217062,0.050005,-0.001552,0.008259,-0.016232,0.046203,-0.013274,#
13,0.123216,0.109964,0.006782,-0.12321,0.114158,0.229837,0.032845,0.224058,0.238581,0.295107,-0.28995,0.037809,0.233688,1.0,0.100159,-0.090521,-0.20189,0.219357,-0.018561,0.081946,-0.137667,-0.070941,0.056565,-0.302601,0.07941,0.023371,0.242536,-0.200832,-0.056426,0.039708,0.011636,0.166674,0.038672,-0.120338,-0.26758,0.314554,0.159336,-0.159231,-0.260888,-0.303244,0.008036,0.269329,0.085179,0.185739,0.135927,-0.277378,0.325195,0.240446,-0.042376,0.000887,-0.129967,-0.023487,0.004267,-0.119953,-0.437996,0.037911,0.253644,0.084593,0.202407,0.210563,-0.229229,0.259805,-0.144748,-0.046903,-0.020942,0.262144,0.275002,0.268341,0.161902,-0.002514,-0.052881,-0.210995,-0.081765,0.037146,-0.035376,0.014669,-0.007995,-0.203847,-0.162789,0.18,0.106154,-0.300951,0.009033,-0.111974,0.122214,0.005451,-0.083622,-0.342905,-0.19541,-0.073519,-0.281153,0.018681,0.019429,0.120179,-0.18401,-0.011899,-0.073715,0.002261,-0.01079,-0.13425,-0.108953,-0.167454,-0.009615,-0.083198,-0.122524,-0.143823,0.033092,-0.395375,0.143905,-0.327036,0.194088,0.144627,0.002689,0.163462,0.030342,-0.156382,-0.309561,-0.133779,0.341135,-0.444092,-0.083612,-0.010343,0.004352,-0.260126,0.063112,-0.082518,-0.313403,0.008248,-0.070728,-0.137951,-0.040919,0.360584,-0.391692,0.033229,-0.030579,-0.162243,0.083352,0.23981,0.214651,-0.080791,0.0586,-0.399268,-0.190852,-0.065746,-0.054811,-0.084869,0.022354,0.307617,-0.220044,0.325161,-0.191466,0.157957,-0.134057,0.131327,0.210684,-0.15327,0.331874,0.427083,-0.174328,0.104259,-0.18998,-0.009031,0.012208,0.446275,0.117107,0.255644,0.040782,0.204528,-0.086606,-0.018993,-0.031739,0.215986,-0.141216,0.071783,-0.002047,0.055704,0.0716,-0.01599,0.194366,-0.194237,0.189651,0.170515,-0.377314,-0.160124,0.21136,-0.113107,0.159888,0.176087,-0.34212,0.16786,0.030528,-0.235692,0.292738,0.181122,0.030938,-0.199766,-0.177944,-0.137714,0.296898,0.153218,#
14,0.344467,0.174055,-0.055658,-0.078738,0.031078,-0.121787,0.007771,0.16453,0.004147,-0.406757,-0.018153,-0.119692,0.145395,0.100159,1.0,0.177956,0.215585,-0.254854,-0.112629,-0.245307,-0.332737,0.08866,0.028056,-0.075349,-0.255555,-0.141023,-0.079269,-0.11541,0.165475,-0.12032,-0.432243,0.361601,-0.02367,-0.128756,5.1e-05,-0.162056,0.07415,0.198641,0.036811,-0.111543,-0.03343,-0.089962,-0.167117,-0.000535,0.172117,0.181232,0.530513,-0.183936,0.019918,0.04447,-0.317176,0.158966,-0.074973,-0.174417,-0.011729,0.173094,-0.012663,0.097267,-0.302807,0.031869,0.137275,-0.00883,0.016085,0.072685,0.239416,0.149759,-0.191478,-0.072785,0.097029,-0.267129,0.130948,-0.071919,-0.216371,-0.072331,-0.113584,0.083102,-0.157877,0.08987,-0.256765,-0.114002,-0.02645,-0.239697,-0.03241,-0.065151,-0.213647,0.049448,-0.119617,-0.255611,-0.236665,-0.327072,0.065746,-0.254082,0.126743,-0.053084,-0.112243,-0.017692,-0.098021,-0.147052,-0.245173,-0.139363,0.08752,-0.125378,-0.147415,-0.215948,-0.171051,-0.054367,-0.17465,-0.096979,0.188772,-0.145484,-0.144618,-0.092782,-0.163007,0.050485,-0.261794,-0.120964,-0.262323,0.09482,-0.171754,-0.148082,-0.231406,-0.209447,-0.136768,0.10503,0.214243,-0.156548,-0.160949,0.108169,-0.083909,-0.324578,0.089839,-0.424685,-0.339276,-0.473453,-0.022411,-0.179614,0.035215,-0.188296,0.023908,-0.167478,-0.186715,-0.331811,-0.123651,-0.107827,-0.317774,-0.011777,-0.154415,-0.035826,-0.204961,-0.171193,0.048303,0.122864,-0.029757,-0.165876,-0.195353,-0.232059,0.153614,0.080559,-0.391169,-0.181318,-0.483058,-0.191433,0.013488,-0.392313,-0.081284,0.235595,-0.073245,0.106396,-0.119089,-0.3648,-0.03446,0.231612,-0.324441,-0.006876,0.086235,0.038213,0.110593,-0.059407,-0.019355,-0.148048,-0.012848,0.365711,0.11679,0.118038,0.20702,-0.19879,0.2007,0.152127,0.279605,-0.049947,-0.230176,0.288587,0.256197,0.339384,0.019056,-0.159287,0.088059,-0.131167,-0.108227,0.112893,#
15,-0.031615,-0.096899,-0.251275,0.115024,-0.028281,-0.088598,0.179786,-0.029915,-0.112293,0.11297,0.093054,0.009568,0.221249,-0.090521,0.177956,1.0,0.112223,-0.29599,-0.00752,-0.277915,-0.104127,0.039577,-0.032165,-0.30157,-0.202968,-0.134973,-0.22852,-0.018708,-0.030474,-0.130179,-0.248276,0.082692,0.109485,-0.113135,-0.028107,-0.080504,-0.047648,0.031118,-0.001254,0.318801,-0.221212,-0.200234,0.096331,-0.01466,0.085154,0.194823,0.077206,-0.267314,0.184353,0.05146,0.148119,-0.07153,0.198261,-0.105447,-0.042517,0.187645,0.08231,0.023791,0.022984,0.05122,-0.110776,0.090169,0.144275,0.222092,-0.141767,-0.144722,-0.276945,0.028685,-0.082638,-0.383479,0.13293,-0.051234,-0.203171,-0.147122,0.048126,-0.116728,0.02357,0.096299,-0.076789,-0.145402,0.108713,-0.022762,0.04943,-0.173961,0.087201,-0.083569,0.111317,0.16658,-0.045287,0.114041,0.170423,-0.04145,0.256937,-0.264068,-0.166822,-0.083802,-0.178831,0.027622,-0.194256,-0.028282,0.108795,0.176185,-0.02123,0.010145,-0.03226,0.029717,-0.254807,0.134817,-0.049172,-0.018691,-0.447472,-0.207478,0.009304,0.018974,-0.210734,-0.078158,0.043727,-0.066847,-0.191882,0.046811,0.03883,-0.115883,0.051129,0.15219,0.00141,0.003349,-0.118522,-0.030911,-0.091283,-0.082223,-0.214103,-0.229069,0.022277,0.055027,-0.063493,0.004407,0.163176,-0.209605,-0.062391,-0.005765,-0.137658,-0.054018,0.158077,0.054699,-0.259933,0.320505,-0.22076,-0.196124,-0.233646,-0.235766,-0.042288,-0.022822,-0.319107,-0.058011,-0.267466,-0.002378,-0.090504,-0.101856,-0.27485,-0.076623,-0.199347,-0.269195,-0.184666,-0.364282,-0.10746,-0.080355,-0.249191,0.171264,0.016462,-0.114826,-0.088689,-0.116353,0.13417,-0.065823,0.115858,-0.131562,-0.162182,0.010776,-0.219217,-0.094107,-0.163262,-0.138105,0.415438,0.274231,-0.042528,-0.101676,0.097554,-0.312951,0.403734,-0.210752,-0.220081,0.343258,0.297871,-0.015217,0.157603,0.088373,0.138289,-0.095419,-0.152712,0.009159,#
16,0.096208,-0.183156,-0.169149,-0.101743,0.128403,-0.06415,0.010594,-0.128932,0.106108,-0.30679,0.310349,0.117152,-0.147553,-0.20189,0.215585,0.112223,1.0,-0.105958,-0.011814,-0.097862,-0.055486,-0.092403,0.054233,0.051421,0.023029,0.035227,-0.324792,0.027666,0.048479,-0.045605,-0.148589,0.011176,-0.085088,-0.227379,0.136828,-0.104101,-0.1323,-0.035568,0.141353,0.120131,-0.137567,-0.319962,-0.301757,-0.357367,0.221774,0.340837,0.08825,-0.270677,0.001166,0.185984,0.096146,-0.05339,0.04683,0.028689,0.169415,0.242764,0.020563,-0.008553,0.059161,-0.087954,0.168858,-0.122725,0.089968,0.247433,0.011043,-0.162172,-0.202037,-0.273008,-0.020581,0.018468,0.261371,0.012132,-0.228302,-0.232588,-0.223473,0.148482,-0.148174,0.080735,-0.161828,-0.07566,0.055613,0.025707,-0.061361,0.104094,-0.158661,0.142699,-0.042673,-0.007436,0.114742,-0.166623,0.198266,0.032315,0.030508,-0.151802,-0.190667,-0.400193,-0.003067,-0.227689,-0.010696,-0.145617,0.211506,0.135622,-0.423307,-0.19978,-0.042547,0.053473,-0.004915,-0.076924,-0.084115,0.203979,-0.293363,-0.097898,0.095636,-0.122528,-0.218201,-0.002607,-0.05637,-0.105421,0.180475,0.012833,-0.042778,-0.053406,-0.230343,-0.059893,0.13303,-0.277293,-0.140497,0.026635,-0.164717,-0.227096,0.130776,-0.247369,0.168204,-0.097059,-0.059679,-0.106955,-0.173036,-0.346831,-0.254188,-0.093177,-0.283497,-0.005991,-0.059447,0.156878,-0.255251,0.00548,0.113138,-0.034604,0.130857,-0.273658,0.166007,0.070597,-0.237063,-0.160482,-0.202507,-0.223311,0.005923,0.148375,-0.228237,-0.089744,-0.097808,-0.030893,0.018851,-0.255572,0.01891,-0.025827,-0.0433,0.129849,-0.106478,0.030332,0.368621,-0.038177,-0.117351,0.069305,-0.017967,-0.25156,-0.132695,0.103091,-0.144415,-0.162479,0.006621,-0.111046,0.301157,0.144961,0.136288,-0.027614,-0.019855,-0.207459,0.132136,-0.190189,-0.144963,0.298739,0.076006,0.024092,0.097064,0.086488,0.28183,-0.001811,-0.231652,0.176778,#
17,0.034927,0.089373,0.194685,-0.032615,0.160847,-0.063558,0.035048,-0.276996,0.277689,0.211124,-0.163335,-0.027617,0.225388,0.219357,-0.254854,-0.29599,-0.105958,1.0,0.197005,0.115511,0.19306,-0.133749,0.190717,-0.005062,0.124487,-0.101888,0.110299,-0.131139,-0.016655,0.104729,0.29516,-0.030553,0.128381,0.09529,-0.138861,0.142197,0.092907,-0.222194,-0.015678,-0.204702,0.011675,0.132575,-0.071083,0.016935,0.180547,-0.286746,0.004086,0.462573,-0.076858,-0.100816,0.151984,-0.176186,0.01126,0.151005,-0.141852,-0.171136,0.09702,0.047134,0.122088,-0.029098,0.032556,-0.057382,-0.095093,-0.300451,-0.134192,0.151352,0.105637,-0.011548,0.126111,0.272066,-0.039614,-0.176785,-0.219888,0.109769,0.096094,0.129217,-0.027271,-0.305573,0.008476,0.076624,-0.17611,0.056344,-0.131466,0.068212,0.32022,-0.023551,-0.106786,0.051084,-0.122291,0.087862,-0.189887,-0.073713,-0.272628,0.17921,-0.037767,-0.113999,0.023587,-0.009298,0.027899,0.061938,-0.134193,-0.201988,-0.134916,0.047223,-0.095874,0.105825,-0.005477,0.052002,-0.029063,-0.098188,0.349453,0.113452,0.205576,-0.113978,0.068492,-0.147083,-0.018989,-0.016777,0.397549,-0.165253,-0.041872,0.185566,-0.054353,-0.203462,-0.130908,0.29819,-0.011139,0.175702,-0.156278,0.005792,0.162799,0.223424,-0.088991,0.261756,0.008055,-0.017449,0.017038,0.186759,0.275092,-0.137562,0.002678,0.158011,-0.067139,-0.167692,0.133712,-0.195645,0.155403,0.320425,-0.162577,0.280644,-0.065748,-0.031711,0.124956,-0.191719,0.186006,0.016626,-0.014122,0.474455,0.073589,0.22532,0.260303,0.113435,-0.035618,0.471147,0.147645,0.008855,0.046698,-0.016051,-0.048371,0.259591,0.047033,0.042576,-0.084539,-0.058731,-0.172866,0.283686,0.067937,0.222799,0.313979,-0.253432,0.349543,-0.071217,-0.460695,-0.051134,-0.04364,0.055566,0.09404,0.137107,-0.413095,0.23276,0.228583,-0.309284,0.041654,-0.121031,-0.137174,0.04909,-0.009367,-0.016939,0.336829,-0.238463,#
18,-0.026765,-0.201759,0.146966,-0.200216,-0.089892,-0.00939,0.193928,0.078605,0.305108,-0.154592,0.223989,-0.072813,0.044717,-0.018561,-0.112629,-0.00752,-0.011814,0.197005,1.0,0.039704,-0.047644,0.2884,0.081909,-0.135768,-0.242208,0.032415,0.003046,0.420198,-0.033345,-0.079075,0.115344,0.108437,0.079576,-0.088402,0.050668,0.18793,-0.031253,0.110687,-0.046735,-0.098665,0.000608,-0.046214,0.090053,0.063007,-0.089639,-0.167861,0.066385,-0.050312,-0.14905,0.026057,0.151184,0.221274,0.119189,0.125752,-0.170536,0.059519,0.020839,-0.020631,-0.039635,-0.080187,-0.098457,-0.19241,-0.005737,0.014255,0.120951,0.053117,0.271711,-0.118607,-0.077583,-0.076399,0.118108,-0.070064,-0.233887,0.102434,-0.014033,-0.095689,0.22047,-0.413926,-0.124373,-0.081178,-0.064914,0.109357,-0.176355,-0.082026,0.018775,-0.077659,0.044436,-0.015985,0.054364,0.282346,0.066397,0.108854,-0.076031,0.006787,0.107858,0.002609,0.023352,0.051319,-0.169877,-0.255816,0.019948,0.035478,-0.125307,0.101455,-0.014451,0.127257,0.083545,-0.004415,0.209665,-0.0039,-0.013715,-0.165863,0.22334,0.154349,-0.061616,-0.134339,0.088852,0.084749,0.201946,-0.026328,-0.078777,-0.095065,0.090307,-0.072559,-0.003523,-0.022619,-0.067463,-0.063875,0.032395,-0.007048,0.245735,0.107939,0.050041,0.049854,-0.070049,-0.081474,0.153255,0.122034,-0.132337,-0.083011,0.05046,0.142804,-0.040788,-0.088668,-0.109599,-0.052178,0.011126,0.026398,-0.017767,0.10244,0.222075,-0.095437,0.20751,-0.135245,-0.004813,-0.110602,0.109539,0.04841,-0.006341,0.20068,0.106139,-0.065747,-0.06896,0.033329,0.378676,-0.084221,0.274486,0.045306,-0.26565,0.19454,-0.139688,0.327566,0.311721,0.022876,0.203387,-0.010509,0.026243,0.049087,-0.036774,0.102251,0.044987,0.23043,-0.056124,-0.033224,-0.045772,0.226575,0.109989,0.028383,0.000791,-0.138451,0.042914,0.037362,-0.057071,-0.205558,-0.116913,0.313936,0.066701,0.074509,0.207214,-0.120325,#
19,-0.075906,-0.010704,0.283463,0.145245,0.109129,-0.217449,-0.045967,-0.182995,0.182415,0.164001,0.000631,-0.128094,-0.008303,0.081946,-0.245307,-0.277915,-0.097862,0.115511,0.039704,1.0,-0.136338,-0.029865,0.057784,0.025857,-0.197747,0.10661,-0.009391,0.060259,-0.019535,0.068855,0.125552,-0.062148,-0.057746,0.152765,0.068557,0.010138,-0.027137,-0.069836,-0.183086,-0.090351,-0.122915,0.049084,-0.159129,0.045663,0.092652,-0.271264,-0.0696,-0.005126,-0.131527,0.174537,0.107236,0.000823,0.082046,0.225734,-0.254799,-0.023076,0.074941,-0.063127,0.081578,-0.053818,0.051088,-0.012007,-0.000389,-0.145463,-0.047638,0.095057,0.391842,-0.019067,-0.034068,0.21703,0.000387,0.019161,0.010666,0.253261,-0.078213,0.041557,-0.037898,0.011436,0.077078,0.01721,0.271283,0.022441,-0.037338,0.265665,0.052522,0.062866,-0.051335,-0.112304,0.172608,-0.05976,-0.179035,0.042227,0.007459,0.086267,-0.195352,0.071093,0.11043,-0.11523,-0.029109,0.076815,-0.299779,-0.139286,-0.101003,0.25545,-0.108749,0.011131,0.008836,0.045647,0.089404,0.200083,0.514219,-0.070836,0.127413,0.06162,0.081445,0.06645,0.210149,-0.093667,0.317212,-0.099781,0.047687,0.149892,0.088063,-0.106973,-0.200243,0.139272,-0.015235,0.037215,0.142933,-0.045619,0.052532,0.208009,-0.037704,0.168247,0.16671,-0.073062,-0.125204,0.192276,-0.165942,0.133382,0.289691,0.090974,-0.025119,0.018272,0.118901,0.151098,0.216262,0.157182,0.051183,0.290459,-0.093128,-0.064862,0.219034,0.221492,0.118529,0.177919,-0.143454,0.164369,0.259531,0.02342,0.044325,-0.004176,0.11204,0.345156,0.250483,-0.025945,0.138633,-0.109446,0.136739,0.066213,-0.093217,-0.045123,-0.027902,0.185746,-0.049889,0.162047,0.094844,-0.070971,-0.105105,0.003648,0.171934,-0.061004,-0.253198,0.069025,-0.151352,0.253041,-0.089278,0.031127,-0.428951,0.061186,0.125166,-0.274274,-0.199096,-0.123227,-0.252963,-0.085708,-0.147675,0.227713,0.173539,0.0864,#
20,-0.28399,0.134959,-0.31162,-0.078725,0.132593,0.170728,0.12233,-0.032145,-0.291458,0.041804,0.075541,-0.143371,0.059942,-0.137667,-0.332737,-0.104127,-0.055486,0.19306,-0.047644,-0.136338,1.0,0.167865,0.235468,0.047277,0.049785,0.074268,0.020035,0.083788,0.074648,0.378103,0.130624,-0.118422,0.291817,-0.131722,0.069169,0.008867,-0.037416,-0.226062,0.073444,0.021076,0.146142,0.131724,0.29096,0.091814,-0.240812,-0.019487,-0.338221,0.193272,0.213547,-0.378451,0.111083,-0.313485,-0.037757,-0.106548,-0.016727,-0.234221,0.012126,-0.108405,0.196709,-0.0188,0.006922,-0.257379,-0.164958,0.013041,-0.213401,0.14763,-0.027845,0.163636,0.210598,0.167608,-0.18845,-0.043276,0.1855,-0.097801,0.049497,0.152956,0.100133,-0.004281,-0.256748,-0.086573,-0.251264,-0.088326,-0.159681,-0.006181,-0.047961,-0.167813,-0.044654,0.116333,-0.029381,0.144144,-0.351035,-0.17553,-0.288086,-0.209444,0.009874,-0.066459,-0.207564,-0.153501,-0.058729,0.106949,0.116417,0.001705,-0.108931,-0.279356,0.169852,-0.174658,-0.004488,-0.146484,-0.105379,-0.116195,0.090777,0.126255,-0.301195,-0.372265,0.084529,0.09451,-0.059045,-0.035011,-0.079943,-0.017083,0.014038,-0.068,-0.019975,-0.173584,-0.205278,0.173747,-0.011099,0.080165,0.027844,-0.11836,-0.32482,-0.085559,-0.129288,0.105197,-0.196507,-0.065469,-0.281154,-0.192988,0.023602,0.003483,-0.237598,0.097963,-0.101982,-0.204702,-0.181301,-0.126911,-0.048792,0.238226,-0.013423,-0.079347,-0.222103,-0.137349,-0.242418,-0.284421,-0.326811,-0.060444,-0.093259,0.01391,0.008495,-0.020258,0.250124,0.148716,-0.1505,0.169697,-0.252798,0.11316,0.00343,-0.177986,-0.3225,0.326858,0.062882,-0.069671,-0.162015,-0.200592,0.118265,-0.198723,-0.05012,-0.047829,0.064353,0.039779,0.163002,-0.169421,-0.045915,0.106641,0.219812,-0.295468,-0.142677,-0.16382,0.127906,0.101032,-0.100237,0.198427,0.105782,-0.161014,-0.007436,0.303461,0.114357,-0.043157,-0.192402,-0.020135,#
