0,1.0,0.236825,-0.070005,-0.062366,0.308447,0.153762,-0.001878,-0.194454,0.130538,0.308174,-0.024309,0.012892,-0.008459,0.284392,0.216894,0.110855,0.013284,-0.087747,-0.098547,-0.260469,-0.064803,-0.218387,-0.170521,-0.260957,0.156059,-0.412769,0.128345,-0.236142,0.202817,0.197258,-0.377268,0.068275,-0.081482,-0.185312,0.151819,0.102643,0.029208,-0.202352,-0.125665,0.125371,-0.02005,0.058449,-0.387568,-0.074534,0.161371,-0.291587,0.069017,-0.07435,-0.03954,1.8e-05,0.007311,-0.163133,0.040709,0.065798,0.157288,0.153702,-0.102447,0.09662,-0.165571,0.253275,0.172582,0.350567,0.123271,-0.366739,-0.135566,-0.043282,-0.021309,0.116219,0.041877,-0.049106,-0.053276,0.035277,0.139109,-0.063468,-0.075466,0.122698,-0.321073,-0.235485,-0.071509,-0.045242,-0.084871,-0.154459,-0.016645,-0.244162,-0.240976,-0.113302,-0.162661,-0.094748,-0.161893,-0.34527,-0.071145,-0.39956,-0.008674,0.068133,-0.102403,-0.068969,-0.014252,-0.077724,-0.145511,-0.038563,-0.090974,-0.28916,-0.158941,0.186051,-0.071836,-0.123858,0.073324,-0.124733,-0.076349,-0.261337,0.010875,-0.127175,-0.079213,-0.182717,-0.263754,-0.284975,-0.024321,-0.188338,0.117179,-0.250945,-0.198095,-0.039219,-0.24419,0.019991,0.1681,-0.130538,-0.171767,-0.010261,-0.155604,-0.183671,-0.149621,-0.117511,-0.350957,-0.005945,-0.009818,-0.208588,0.090782,-0.163127,-0.097495,-0.216654,-0.113744,-0.358974,-0.080242,-0.309072,-0.143697,-0.123424,-0.202009,0.34266,-0.070892,-0.074224,-0.330079,-0.03497,0.038111,-0.180589,0.052851,-0.07425,-0.029523,0.195291,-0.119462,-0.26035,-0.275546,-0.164986,0.144663,0.038822,-0.2051,0.189599,-0.086857,0.346892,-0.118159,-0.376757,0.108051,0.000161,-0.086232,0.003704,0.194316,-0.197844,-0.061776,0.159974,0.296694,-0.324597,0.190015,0.122398,-0.104879,0.205306,0.154131,-0.200349,0.279534,-0.149519,0.02528,0.237993,-0.34539,0.03196,0.213775,0.252142,-0.11846,-0.023269,-0.043437,-0.203244,0.119015,-0.063379,#
1,0.236825,1.0,-0.179486,-0.143223,0.235635,0.236264,0.106494,-0.342522,0.21709,0.340742,0.020238,0.010913,0.115617,0.373844,0.171147,-0.03144,-0.222605,0.252292,-0.015777,-0.121827,0.292211,0.209,0.354773,-0.110971,-0.017876,-0.318362,0.359068,-0.096622,0.205483,0.332043,-0.395182,-0.19594,0.035301,-0.408815,-0.075562,0.044314,0.207486,-0.628496,-0.050329,0.177913,0.077421,0.368139,-0.047674,-0.02119,0.008928,0.045631,0.053975,0.310923,-0.151339,0.001341,-0.146383,-0.587924,0.09203,-0.299592,0.018567,0.049563,-0.164597,0.387815,0.044024,0.284147,0.20639,0.304286,0.140696,-0.067825,-0.036492,0.350142,-0.202144,0.288477,0.312861,-0.008357,-0.369444,-0.037204,0.239636,-0.141605,-0.266269,0.135016,-0.399443,-0.139469,-0.357007,-0.159816,-0.254444,-0.623891,-0.356928,-0.141446,-0.095697,-0.276656,0.00285,-0.428795,-0.122122,-0.153696,-0.330066,-0.330851,-0.271277,0.072272,-0.195174,-0.227074,-0.220843,-0.330545,-0.147361,-0.312227,0.09335,-0.201962,-0.183441,-0.093241,0.002893,-0.203728,-0.364503,-0.611196,-0.070003,-0.143832,0.086091,-0.139922,-0.440702,-0.257509,-0.173566,-0.165966,-0.289349,-0.183862,-0.046365,-0.50117,-0.198783,-0.290548,-0.386665,-0.402502,-0.014909,-0.238701,0.087147,0.238035,-0.208847,-0.420251,-0.120386,-0.271137,-0.311687,-0.197563,-0.324874,-0.448584,-0.139833,-0.230541,0.115834,-0.699204,-0.350252,-0.237634,-0.317381,-0.299986,-0.080004,-0.305562,-0.228731,0.437959,-0.25929,-0.033611,-0.364916,-0.437748,-0.22639,-0.24216,-0.175482,-0.060467,-0.054365,0.526652,-0.171185,-0.341767,-0.182163,-0.202506,-0.216734,0.216446,-0.139032,0.360977,-0.239698,-0.096341,-0.278481,-0.328419,-0.059476,0.164647,-0.350402,-0.236349,0.184446,-0.453261,-0.321065,0.146141,0.446685,-0.382544,0.612067,-0.053714,-0.258581,0.337832,0.394751,-0.431709,0.089268,-0.031324,-0.122714,0.542628,-0.347705,0.305018,0.36389,0.321353,0.020025,-0.259869,0.02258,-0.327851,-0.112667,-0.011884,#
2,-0.070005,-0.179486,1.0,0.31453,0.011168,0.014668,-0.07335,0.096283,0.239252,-0.098552,-0.019323,0.21639,-0.307138,-0.041821,-0.289952,-0.251084,-0.128715,0.218033,-0.139203,0.059086,-0.248295,-0.188332,0.013936,0.066872,0.304809,0.09812,-0.154184,-0.05422,0.065964,-0.25988,0.146842,0.205762,-0.219721,0.203861,-0.031726,-0.041378,0.112412,-0.035905,0.042127,-0.167627,-0.02528,-0.02046,0.033662,-0.080462,0.00178,-0.051476,-0.029899,-0.085638,0.01479,0.215757,0.03148,0.289179,0.091671,0.215685,-0.037714,-0.077277,-0.019754,-0.051971,-0.362781,-0.017418,0.144461,-0.035618,0.025638,-0.086143,0.080798,-0.062198,-0.004046,0.05445,-0.090834,0.189959,0.161164,0.137643,-0.04214,0.112173,0.150375,0.015207,-0.003084,0.131532,0.078816,-0.000992,0.192904,0.12942,0.002931,0.403418,0.127233,0.125752,0.008633,0.125334,0.043915,-0.105343,0.266964,0.204313,0.067913,0.109704,-0.023408,-0.096453,0.285956,0.06306,0.476457,0.18904,-0.197733,0.157725,0.186172,0.354499,-0.032904,0.122589,0.262499,0.303128,-0.056573,0.070931,0.042449,0.015329,0.081049,0.326491,0.141559,0.180561,-0.1616,-0.033893,0.039577,0.250287,0.088546,0.154642,0.404191,0.021563,-0.071233,0.120761,0.119081,-0.271613,-0.338711,0.176708,0.205411,0.053878,0.040769,0.1778,0.136124,0.051957,0.201355,0.271103,0.012514,0.241572,0.221374,0.300522,-0.065358,-0.088413,0.130813,-0.014232,0.2015,-0.058023,0.049151,0.03673,0.181003,0.041754,0.214146,0.268887,0.224426,0.038949,0.104278,-0.000463,0.456637,0.19107,0.190315,0.055556,0.397091,0.111894,0.238655,-0.156015,0.114326,-0.316083,0.229766,0.002379,0.102918,-0.029041,0.141308,0.104477,-0.178683,0.176214,0.131305,0.221667,-0.25914,-0.1223,-0.262234,-0.078811,0.131546,-0.332278,-0.198995,0.276996,0.00681,-0.094934,-0.11069,0.061976,0.0781,-0.202232,-0.037517,0.011615,-0.145886,0.024445,-0.006398,-0.101246,0.046057,-0.031673,#
3,-0.062366,-0.143223,0.31453,1.0,0.110309,-0.190175,-0.057678,0.202403,-0.14202,0.195265,-0.005182,-0.031382,-0.023007,-0.329526,-0.10732,-0.00737,-0.103082,0.102581,-0.378182,0.262452,-0.096438,-0.150469,-0.120773,0.144761,0.148806,0.078155,-0.325887,-0.12655,-0.078229,-0.161792,0.363567,0.051658,0.162798,0.321631,0.151224,-0.120796,0.095754,0.158068,-0.027793,-0.013872,0.045,0.000836,-0.063598,-0.320771,0.316085,-0.047321,-0.353989,-0.165623,0.204331,0.059455,0.197327,0.181854,0.189533,0.24292,-0.078649,-0.194621,-0.028795,0.034218,-0.032929,-0.22685,-0.058717,0.107967,0.119789,0.008462,-0.152789,-0.070187,0.147784,-0.271657,-0.152233,0.015494,-0.063047,-0.071001,0.185243,0.186308,0.114135,-0.062572,0.107183,0.326907,0.283989,0.050386,0.22074,0.27153,0.029368,0.106131,0.00398,-0.083172,0.219693,0.00784,0.17276,0.002612,0.04833,-0.007149,0.35206,-0.102766,0.009795,-0.159726,-0.097741,0.080629,0.275173,0.320408,-0.233371,0.112711,0.41398,0.488501,0.16912,0.227587,0.049327,0.095167,-0.021898,-0.053439,-0.118943,-0.004147,0.206792,0.277311,0.101327,0.371319,0.357885,0.053298,0.087435,0.0509,0.186081,0.274853,0.189093,0.227896,-0.034006,0.258137,-0.005178,-0.080913,0.058191,0.275492,-0.017895,0.076715,0.305392,0.257426,0.102997,0.323437,-0.000625,0.135229,-0.235916,0.215488,0.137055,0.163592,0.188531,0.143008,0.285301,0.272527,0.077151,-0.105206,0.245436,-0.028714,-0.057425,0.018049,-0.026896,0.193483,0.358761,0.305102,-0.213688,-0.039594,0.237727,0.156644,0.366366,0.253467,0.12193,0.072173,0.18423,-0.281935,0.15622,-0.235021,0.24003,0.281713,-0.022767,-0.271985,0.019075,0.072655,-0.217237,0.341363,-0.161784,-0.074932,-0.295414,-0.084803,-0.215914,-0.223667,0.028006,-0.171868,-0.257173,0.15812,-0.374812,-0.017146,0.095465,-0.34368,0.033493,-0.08714,-0.254096,0.101518,-0.014821,0.042583,-0.118776,0.200411,0.103762,0.164431,#
4,0.308447,0.235635,0.011168,0.110309,1.0,0.085763,0.142672,-0.013055,0.193139,0.148256,0.059871,0.152593,0.055207,0.184634,-0.025846,0.23207,0.126675,-0.060913,0.121234,-0.131831,0.185067,-0.207062,0.30384,-0.115479,-0.067134,-0.250992,0.231594,-0.155315,0.325568,0.044956,-0.220861,0.054936,0.007469,-0.169768,0.058876,0.029359,0.180786,-0.359247,-0.06902,0.00774,0.203027,0.169782,-0.155135,-0.206474,0.272111,-0.08811,-0.047442,0.215874,0.18508,-0.021844,0.132855,-0.3403,0.341203,-0.238326,-0.128391,0.047223,-0.078626,0.235939,0.143728,0.123186,-0.155218,0.289985,-0.13587,-0.013903,0.024343,0.12862,0.118869,0.148127,0.142398,-0.070537,-0.124902,-0.11123,0.177344,-0.197441,-0.144134,0.170169,-0.218886,-0.249628,-0.251592,-0.145131,-0.250111,-0.260535,-0.235356,0.300721,-0.185269,-0.02404,-0.099748,-0.342541,0.057711,-0.321339,-0.120543,-0.327399,0.01612,-0.262514,-0.338404,-0.266948,-0.302174,-0.337176,-0.29045,-0.031063,-0.063908,-0.285168,-0.199577,0.220273,-0.197173,-0.186079,-0.021244,-0.216835,-0.118488,0.111715,0.083817,0.004145,0.008194,-0.200119,-0.233045,-0.023903,0.007952,-0.244701,0.245988,-0.306158,-0.141789,-0.283694,-0.235244,-0.414543,0.008778,-0.120997,-0.079477,0.063905,0.074658,-0.454803,-0.089152,0.014094,-0.075052,-0.002855,-0.230113,-0.166801,-0.024054,-0.244132,-0.066958,-0.254436,-0.348385,-0.07419,-0.387201,-0.128516,-0.127548,-0.009499,-0.038745,0.182367,-0.286776,-0.26455,-0.216549,-0.150732,0.090984,-0.222915,0.117957,-0.263321,-0.057994,0.451968,-0.245998,-0.331023,0.040648,-0.286808,0.094198,-0.004462,-0.218982,0.134634,-0.067214,0.048495,-0.069261,-0.108232,0.022854,0.285206,-0.304343,0.087066,0.186407,-0.18872,-0.283083,0.149257,0.174307,-0.223825,0.286079,-0.056887,-0.144485,0.134874,-0.030846,-0.108536,0.025229,-0.147952,-0.091722,-0.020026,-0.143401,0.147958,0.298397,0.300153,-0.269924,0.109976,0.218971,-0.148335,0.104479,0.202486,#
5,0.153762,0.236264,0.014668,-0.190175,0.085763,1.0,0.206712,-0.146453,0.482019,0.076227,0.343511,0.003313,-0.023653,0.200848,-0.142474,0.088131,0.105475,-0.051316,0.137699,-0.152696,0.114949,0.172691,0.403222,-0.366205,0.012058,-0.418743,0.208335,-0.026104,-0.004042,0.169856,-0.193728,0.075943,-0.161482,-0.098724,-0.212149,0.093348,0.149438,-0.203418,0.209942,-0.158583,0.028426,0.151404,0.181287,-0.125959,-0.318863,-0.11488,0.187944,-0.004298,0.066622,0.069908,0.076934,-0.10353,0.057133,-0.159733,0.198952,0.430499,-0.503387,0.390258,-0.148108,0.226844,0.147706,0.13149,-0.006631,0.023723,-0.003043,0.171328,-0.124989,0.387486,0.0694,0.044611,-0.009491,-0.06817,0.117487,-0.361247,-0.349237,0.24605,-0.107852,-0.155147,-0.103168,-0.153104,-0.246791,-0.370019,-0.035281,0.291112,-0.282434,0.071548,-0.180317,-0.118547,0.016322,-0.19912,0.017283,-0.229231,-0.150442,0.233778,-0.045384,-0.055755,0.1665,-0.13904,-0.001501,-0.25261,0.118663,-0.235917,0.027573,-0.187213,-0.176043,-0.357079,0.097136,-0.154364,-0.10774,0.128968,-0.04454,-0.187334,-0.114622,-0.220757,0.005997,-0.46564,-0.189642,-0.216992,0.111188,-0.148735,-0.180378,-0.06455,-0.210024,-0.321152,0.040109,-0.049791,0.333422,0.33179,-0.253878,-0.268111,-0.090437,0.17387,-0.247877,-0.232833,-0.051138,-0.253217,0.000652,-0.170659,0.130221,-0.416384,-0.203707,0.003376,-0.261965,-0.136311,-0.122065,-0.292155,-0.273744,0.380343,-0.136297,-0.099134,-0.026138,-0.21159,0.230576,-0.253894,-0.150684,-0.167634,0.06993,0.071207,-0.074299,-0.133842,-0.107183,-0.16988,-0.03083,0.108831,0.138899,0.168465,-0.197176,-0.222583,-0.291601,-0.266202,0.060111,0.204471,0.141174,-0.096285,0.21868,-0.365161,-0.259571,0.325644,0.154494,-0.074288,0.24258,0.053284,-0.129602,0.232449,-0.088901,-0.088755,0.108244,0.072959,-0.159723,0.330345,-0.163095,0.040199,0.049882,0.269186,0.026435,0.210133,0.111584,-0.281789,-0.238785,-0.070299,#
6,-0.001878,0.106494,-0.07335,-0.057678,0.142672,0.206712,1.0,-0.242222,0.112827,0.099399,0.116052,-0.026493,0.149676,0.043093,0.035586,0.104568,0.037456,-0.053736,0.155452,-0.094574,0.269229,0.219739,0.086721,-0.265642,-0.14466,-0.32213,0.107614,0.019133,0.139692,-5.5e-05,-0.187535,-0.137136,0.009756,0.027291,-0.027126,-0.1757,0.164192,-0.07872,-0.069762,0.022488,-0.028392,0.092475,0.194143,-0.117668,-0.085961,-0.052655,-0.029355,0.022886,0.257615,0.144837,0.011442,-0.23964,-0.038547,-0.283025,-0.118183,0.078806,0.018078,0.049313,-0.189976,0.293144,-0.042326,0.169843,-0.058928,0.096225,-0.097037,-0.130034,-0.111377,0.059707,-0.069393,0.120493,0.156642,-0.2867,0.016102,-0.016,-0.199377,-0.031523,0.007921,-0.181516,-0.282757,-0.081551,-0.133703,-0.227161,-0.000836,0.094319,-0.111801,0.313194,-0.004572,0.020767,0.08735,-0.229197,-0.05652,-0.006725,0.070159,0.122293,0.262227,-0.03422,-0.111935,-0.169897,-0.118153,-0.115478,0.175722,-0.367183,-0.152246,-0.056555,-0.025054,-0.056408,0.085569,-0.079766,-0.154886,0.026333,-0.070197,-0.179707,-0.204512,-0.109233,-0.096617,-0.152882,-0.147752,-0.193762,-0.039978,0.005852,0.038055,-0.194215,-0.028595,-0.209907,-0.362759,0.276077,0.126724,0.258192,-0.114872,-0.136853,0.056662,0.121125,0.023937,0.156843,0.035494,0.047735,0.011619,-0.213425,0.042367,-0.025364,0.015093,0.143057,0.104538,-0.071357,-0.265969,-0.269069,0.060371,0.316347,-0.011438,0.109331,-0.036131,-0.210952,0.173794,-0.024608,0.117046,0.047212,0.07518,0.094743,-0.069917,-0.08907,0.070157,-0.139163,0.026869,0.182859,0.030188,0.039899,0.006116,-0.1382,-0.064913,-0.054098,0.076463,0.056635,0.102164,-0.07481,0.008174,-0.090757,-0.036348,0.132479,0.02368,-0.11189,-0.040699,0.004885,0.299366,0.136157,-0.148493,0.04518,0.082982,-0.194406,-0.108999,-0.162292,-0.164118,0.174081,0.103063,0.075161,0.263147,0.312062,-0.071666,-0.14326,-0.106966,-0.143616,#
7,-0.194454,-0.342522,0.096283,0.202403,-0.013055,-0.146453,-0.242222,1.0,-0.118433,-0.310415,-0.145672,-0.150837,-0.017575,-0.211421,0.055397,-0.034035,-0.178697,-0.07336,-0.163268,0.195839,-0.16857,-0.030807,-0.062055,0.271532,0.370732,0.274569,-0.103594,0.156169,-0.145917,-0.196334,0.266495,0.285284,0.234544,0.065688,0.049433,0.077739,-0.026407,0.227927,0.219408,-0.189752,0.072507,-0.094458,0.168266,-0.104553,0.200064,-0.0753,0.111461,0.301292,0.060358,-0.43913,-0.004296,0.199415,-0.054683,0.048636,-0.174396,-0.27136,-0.039703,-0.164312,0.111543,-0.306201,-0.428387,-0.281469,-0.32247,-0.030063,-0.180022,0.083004,0.405943,-0.014462,-0.072849,0.180965,-0.069069,-0.104532,0.219221,0.099712,0.320814,-0.156007,0.392899,0.029869,0.125743,0.093066,-0.02903,0.167546,-0.050794,-0.000326,0.161913,0.099458,-0.112037,0.086024,0.177975,0.066433,0.258099,0.139065,0.031578,-0.390668,-0.095956,0.061872,0.004287,0.252422,0.104025,0.132068,0.02298,0.147959,0.378348,0.061578,0.176234,0.107804,0.299464,0.189597,0.161986,-0.001504,0.150378,0.150973,0.322844,0.137948,0.224997,0.337503,0.264225,0.108454,-0.140565,0.251473,0.245771,-0.028753,0.15578,0.162354,0.010003,0.045825,-0.317183,0.146433,0.030859,0.435932,0.107085,-0.025288,0.112446,-0.092102,0.205721,0.313008,-0.101893,0.163152,0.234427,0.245808,0.194615,0.165062,0.194902,0.005524,0.127756,0.105834,0.10498,-0.25976,0.076374,0.045016,0.11534,0.340485,-0.074739,0.119256,0.139262,0.166298,0.073533,-0.380054,0.078492,-0.034134,0.211176,0.253853,-0.118612,0.131111,0.175639,-0.277653,0.051571,-0.086907,0.20673,0.220602,-0.156286,-0.030296,0.126877,-0.083643,-0.287585,0.181518,-0.110879,-0.327189,-0.397511,-0.101759,-0.384996,-0.010397,-0.085015,-0.335805,-0.30013,-0.035653,-0.199247,-0.088603,0.02164,-0.356829,0.307346,-0.174922,-0.160265,-0.22578,-0.059873,0.053176,-0.008908,0.184331,0.055209,-0.089074,#
8,0.130538,0.21709,0.239252,-0.14202,0.193139,0.482019,0.112827,-0.118433,1.0,0.134642,-0.110291,0.204379,-0.144719,0.376203,-0.130584,-0.058885,-0.104159,0.22102,0.253009,0.107685,-0.216064,-0.192584,0.33874,-0.323231,0.158221,-0.310807,0.129617,-0.13014,0.130108,0.148463,-0.20553,0.039421,-0.214368,-0.181168,-0.085114,0.35448,0.301869,-0.322898,0.145629,-0.154323,0.095919,0.119686,-0.177617,-0.120223,0.013016,-0.11081,0.400594,0.23848,0.081679,0.110221,0.110772,-0.110765,0.106234,-0.030294,-0.061225,0.168852,-0.133532,0.272663,-0.163138,0.179246,0.097823,0.2767,0.028307,-0.119751,-0.186485,0.205987,0.193784,0.250384,0.155446,0.015015,0.088964,-0.078889,-0.203229,-0.167902,-0.302049,0.166094,-0.035764,-0.273732,-0.129695,-0.109471,-0.052839,-0.308173,-0.080541,0.251311,0.102573,0.13304,-0.187687,-0.256442,0.084681,-0.04203,-0.148872,-0.011307,-0.216426,0.100795,-0.155798,-0.169365,0.17201,-0.18991,0.092327,-0.213636,-0.133458,-0.089856,-0.153918,0.084702,-0.240943,-0.167768,0.02554,-0.129144,0.146725,-0.172264,0.122691,-0.166434,-0.043266,-0.192307,-0.058198,-0.282394,-0.0528,-0.282552,0.296639,-0.337086,0.057006,-0.14014,-0.09583,-0.297293,0.072815,0.070813,0.10052,0.13631,-0.373865,-0.207514,0.044558,0.138605,-0.321562,-0.092123,-0.234878,-0.279874,0.025282,0.034382,0.321897,-0.195179,-0.113054,-0.165056,-0.18522,-0.242885,-0.23058,-0.488994,0.175465,0.369414,-0.192571,-0.038864,0.028915,-0.162609,0.234312,-0.236221,0.028228,-0.009906,0.331991,0.336911,-0.074812,0.102871,-0.286784,-0.130619,-0.042929,0.219561,0.183843,-0.156238,-0.088525,-0.174739,-0.193617,-0.116216,0.093555,0.190593,0.137752,-0.158186,-0.000415,-0.173193,-0.179274,0.151064,0.235419,-0.105112,0.245331,0.103708,-0.197828,-0.045182,0.022729,0.204286,0.282915,0.07937,-0.404272,0.292496,-0.158793,0.036407,0.068141,0.13143,-0.343846,0.198643,-0.027645,-0.229439,0.077058,0.019102,#
9,0.308174,0.340742,-0.098552,0.195265,0.148256,0.076227,0.099399,-0.310415,0.134642,1.0,-0.003012,0.132976,0.20775,0.194945,-0.073134,0.338832,0.012495,0.070434,-0.002942,-0.172743,0.198556,-0.043783,0.121137,-0.266217,-0.057715,-0.340058,-0.094389,-0.372503,0.116336,0.199561,-0.211833,-0.154351,0.008698,-0.078962,0.227321,0.098109,0.002271,-0.412546,-0.143621,0.25059,-0.185275,0.098085,-0.172164,-0.082532,0.090949,0.021248,-0.088077,-0.133572,-0.192558,0.131519,0.179844,-0.356671,0.160443,0.03162,0.160816,0.154255,-0.223153,0.229374,-0.155975,0.042465,0.170944,0.25817,0.14177,0.031402,-0.28742,-0.020012,-0.027725,-0.122204,0.046008,-0.054476,-0.122874,-0.195069,0.022848,-0.068479,-0.273311,0.104219,-0.22561,0.025819,-0.15738,-0.125225,-0.081684,-0.078021,-0.030321,-0.15886,-0.083099,-0.209484,0.019685,-0.090268,0.018306,-0.064912,-0.28554,-0.249213,0.069473,-0.024895,0.002272,-0.159635,-0.20885,-0.059531,-0.26573,0.030276,-0.145581,-0.01409,-0.048411,0.079126,-0.15275,-0.05651,-0.18701,-0.127146,-0.190277,-0.161101,-0.228275,-0.126806,-0.26388,-0.0935,-0.349639,-0.02833,-0.106494,-0.245265,0.041101,-0.224434,-0.10383,0.129117,-0.242758,-0.172,-0.163139,0.042819,-0.111497,-0.124761,0.0306,-0.0856,-0.172183,-0.016681,-0.121183,0.215378,-0.197864,-0.098129,-0.126726,-0.262999,-0.133723,-0.222084,-0.211612,-0.220558,-0.056845,-0.174541,-0.145348,-0.099319,-0.128016,0.261637,-0.194211,-0.171819,-0.274888,-0.334721,-0.270972,-0.191196,-0.041836,0.030145,-0.008446,0.366924,-0.134493,-0.174496,-0.099475,-0.164275,-0.042012,0.136884,-0.130231,-0.067843,-0.072048,0.151478,-0.130859,-0.013137,0.188061,-0.06486,0.016683,-0.098899,0.208543,-0.126129,-0.182948,0.227486,0.018351,-0.306077,0.197268,-0.064275,-0.007072,0.297032,0.069864,-0.127928,0.179568,-0.064017,0.044983,0.231558,-0.371182,0.116853,0.10579,0.123191,0.051655,0.099808,0.028495,-0.113684,-0.007196,-0.057374,#
10,-0.024309,0.020238,-0.019323,-0.005182,0.059871,0.343511,0.116052,-0.145672,-0.110291,-0.003012,1.0,0.126958,-0.088554,-0.234885,0.030866,0.137973,0.51609,-0.215551,-0.080205,-0.30044,0.30407,0.234371,0.071385,0.025605,-0.074665,-0.010264,-0.19806,0.04176,0.107985,0.168869,-0.16891,0.050474,-0.216946,-0.069976,0.399954,0.040789,0.1042,-0.091672,0.154551,0.243429,-0.136536,-0.013051,0.016562,-0.122774,-0.129057,0.043909,-0.271039,-0.341802,0.227224,-0.127922,0.155942,-0.038094,-0.193603,-0.008532,0.430535,0.015479,-0.421265,0.128531,-0.116439,0.103829,0.124362,-0.023665,-0.087515,0.145551,0.264854,-0.101759,-0.258203,-0.079694,0.074672,-0.429285,-0.066216,0.052418,0.015149,-0.311432,-0.053803,0.230147,-0.325846,0.119703,-0.307871,-0.332797,-0.273119,-0.154256,-0.168405,0.204728,-0.451371,-0.115147,-0.182467,0.023248,-0.383415,-0.160066,0.019231,-0.330828,-0.101216,-0.12642,-0.114178,-0.118823,-0.220598,-0.164383,-0.11624,-0.127184,0.206457,-0.035146,-0.236295,-0.272219,-0.127743,-0.163196,-0.195325,-0.020221,-0.258823,0.50532,-0.398246,-0.178726,-0.312276,-0.116803,-0.255997,-0.114591,-0.151917,-0.16486,-0.154729,0.149633,-0.472668,0.007864,-0.227104,0.028073,-0.017958,-0.084002,0.162815,-0.099468,-0.129738,-0.246794,-0.061406,-0.163269,-0.141606,-0.064874,-0.138102,-0.147891,-0.178613,-0.372948,-0.111432,-0.227413,-0.423323,0.101498,-0.070448,-0.056669,-0.223113,-0.084029,-0.070243,-0.008582,-0.035072,-0.253421,-0.012363,-0.22505,-0.185488,-0.264376,-0.272382,-0.317982,0.064538,-0.083944,-0.151305,-0.102461,0.074811,-0.097596,-0.124411,-0.25573,-0.352889,0.084497,-0.150135,-0.109066,-0.264344,-0.151337,0.220986,-0.089438,-0.166099,-0.28091,0.298492,-0.38487,-0.340463,0.335659,0.069284,0.233908,0.092349,0.091889,0.235482,0.258376,0.135364,-0.250389,-0.088333,-0.088885,0.487093,0.051534,-0.42759,0.435583,0.100054,0.08703,0.036041,0.053163,0.285319,-0.39167,-0.293361,-0.090345,#
11,0.012892,0.010913,0.21639,-0.031382,0.152593,0.003313,-0.026493,-0.150837,0.204379,0.132976,0.126958,1.0,-0.286615,0.062056,0.069723,0.197219,0.027739,-0.125694,0.031351,-0.179891,-0.034824,-0.278932,0.050304,-0.173244,0.078929,-0.039024,-0.039437,-0.142623,0.360372,0.222449,-0.167876,0.130802,-0.429816,-0.042317,-0.033223,0.164084,-0.252765,0.020261,0.170197,0.354738,0.029642,-0.141652,-0.07523,-0.027729,0.15179,0.191761,0.006156,-0.156945,-0.084607,0.262116,0.254456,-0.145736,-0.017711,0.090588,-0.190017,0.125716,-0.166905,-0.136319,-0.225814,-0.089399,-0.171225,0.115835,0.220501,0.033232,-0.026596,-0.151355,0.173284,0.006732,0.010362,-0.14834,0.202209,0.013253,0.029394,0.00156,-0.110484,0.093629,-0.306745,-0.122338,-0.023704,-0.252555,-0.060208,-0.108643,0.080433,0.201033,0.116927,0.002671,-0.208937,-0.289472,0.002706,-0.319075,-0.006602,-0.021496,0.073108,-0.130065,-0.198251,-0.177077,-0.200899,-0.286246,-0.150373,0.0125,-0.102033,0.147062,-0.09941,0.096854,-0.269104,0.006102,-0.165588,-0.115506,-0.053623,-0.009817,-0.36984,0.138091,-0.208551,0.178826,-0.239273,-0.012162,0.009616,-0.172141,0.083159,-0.109871,-0.152235,-0.035103,-0.220266,-0.11511,0.265798,-0.021525,-0.163245,-0.295936,-0.229809,-0.254074,0.074648,-0.181682,-0.041401,0.130187,-0.168813,-0.068827,0.138366,-0.006613,-0.055434,-0.07118,-0.070576,0.145051,-0.095894,-0.06969,-0.205931,-0.23325,0.311589,0.138868,-0.006219,-0.215593,0.040738,-0.13119,-0.052927,-0.03608,-0.265041,-0.115678,0.03531,0.040327,-0.013527,0.025228,-0.041187,-0.055949,-0.032212,-0.193002,-0.039794,-0.290927,-0.278039,-0.040265,0.1068,-0.04655,0.079874,-0.141046,-0.077294,-0.402698,0.173968,0.010896,-0.169795,0.034986,-0.068996,-0.199749,-0.036934,0.088976,0.042641,0.12616,0.164816,0.056798,0.223366,-0.111268,-0.119875,0.096775,-0.268035,0.187985,0.084773,0.136607,-0.13637,0.038486,0.117635,-0.188906,-0.022398,0.391769,#
12,-0.008459,0.115617,-0.307138,-0.023007,0.055207,-0.023653,0.149676,-0.017575,-0.144719,0.20775,-0.088554,-0.286615,1.0,0.172419,-0.003625,0.271172,-0.076446,-0.019384,0.138153,0.056657,0.296895,0.168171,0.062092,-0.163511,-0.223903,-0.218184,0.134702,0.06982,-0.025985,-0.01968,-0.033707,0.137793,0.120941,-0.121764,-0.20544,-0.212464,0.10727,-0.23972,-0.039286,-0.070734,-0.056001,0.353061,0.046187,0.200988,0.031924,-0.230066,0.040647,0.072401,-0.119545,-0.245221,0.073657,-0.109748,0.112753,-0.213911,0.058001,0.027539,-0.140444,0.097824,0.067976,0.072347,-0.090387,0.027277,-0.243157,-0.074956,0.028248,0.260974,-0.076827,0.17663,0.160898,-0.114946,-0.083298,-0.097787,-0.055919,0.016553,-0.05718,-0.106916,-0.012359,-0.103608,-0.073762,-0.114685,-0.097896,-0.259534,0.118066,-0.059398,-0.076651,-0.152052,0.160632,0.042518,-0.166199,-0.056351,0.044024,-0.293255,-0.063982,-0.003512,0.173408,0.151771,-0.129128,-0.045523,-0.215329,-0.102086,0.012514,-0.216614,0.074695,-0.159235,0.015713,-0.06002,-0.095576,-0.013549,-0.237199,-0.186658,0.32607,-0.158423,-0.072492,-0.090302,0.010726,-0.094262,0.057838,0.089543,-0.209868,-0.025498,-0.056147,-0.164509,-0.315637,-0.19952,-0.242358,0.216609,-0.241364,0.058043,0.119554,-0.094282,-0.231264,0.180018,-0.046688,-0.053683,-0.052922,-0.068695,-0.158323,-0.192357,0.043897,-0.00207,-0.072461,0.185337,0.011009,-0.107261,-0.112793,0.061641,-0.268152,0.313228,-0.298218,-0.084764,-0.088351,-0.076909,-0.075907,-0.142752,-0.34481,-0.089533,0.296073,-0.004838,-0.165618,-0.098434,-0.027245,-0.125333,0.021198,0.07916,-0.17802,0.098423,0.042467,-0.087519,0.070729,-0.009404,-0.001812,0.220518,0.098694,0.216828,0.264923,-0.091383,-0.049819,-0.03612,0.14615,-0.110155,0.28113,-0.075627,0.063748,0.117785,0.077351,-0.062176,0.064632,0.169223,-0.006728,0.029048,0.015648,0.037792,0.143445,0.071485,0.18064,0.079788,0.057341,0.095417,0.019508,0.026555,#
13,0.284392,0.373844,-0.041821,-0.329526,0.184634,0.200848,0.043093,-0.211421,0.376203,0.194945,-0.234885,0.062056,0.172419,1.0,0.216591,0.059895,0.058005,0.117842,0.115712,-0.079247,-0.122259,-0.023253,0.206215,-0.404814,-0.140583,-0.204306,0.26146,-0.208302,0.098803,0.105643,-0.419658,0.012336,-0.121217,-0.193458,-0.240337,0.134455,0.076316,-0.122325,0.039239,-0.133853,0.018911,0.244873,-0.251217,0.201608,-0.032333,-0.372696,0.457181,0.274445,-0.199062,0.151224,-0.082783,-0.249071,0.168386,-0.114736,-0.160385,0.258725,0.015371,0.379198,0.218822,0.305897,0.075333,0.278461,-0.101352,-0.160525,-0.132559,0.309612,0.037475,0.303847,0.38598,0.100011,0.045428,-0.005023,-0.094184,0.040436,-0.152715,0.144333,-0.149356,-0.233883,-0.39989,0.016957,-0.005004,-0.356013,-0.04934,0.049855,0.078456,0.175575,-0.143346,-0.2997,-0.132004,-0.226456,-0.202608,-0.054456,-0.157417,0.247676,-0.123296,-0.036019,0.201418,-0.146525,0.067398,-0.24889,-0.061395,-0.199146,-0.202174,-0.11242,-0.096719,-0.270547,-0.042658,-0.279419,0.121091,-0.212485,0.265883,0.044606,-0.154529,0.022353,0.005291,-0.211251,-0.336828,-0.097179,0.166897,-0.437345,-0.038662,-0.240589,-0.158489,-0.320352,0.016785,-0.115647,-0.102819,0.109434,-0.143207,-0.299511,-0.103689,0.213881,-0.48842,-0.242246,-0.100036,-0.375167,-0.173064,0.003956,0.200886,-0.072096,-0.205236,-0.226769,-0.288584,-0.256205,-0.131561,-0.397097,-0.107875,0.484965,-0.261317,0.209434,-0.210358,-0.20052,0.128528,-0.159346,-0.102499,-0.031944,0.470869,0.347126,-0.016555,-0.073107,-0.313984,-0.317836,0.310594,0.43682,0.060401,0.306852,-0.038031,-0.037542,-0.216257,-0.214379,-0.069251,0.194504,0.013979,0.066073,0.04603,-0.135813,0.103309,-0.111129,0.202813,-0.138253,0.56305,-0.013674,-0.219179,0.107074,0.146298,-0.136845,0.465674,0.108031,-0.444756,0.289655,-0.025115,-0.144355,0.197821,0.16897,-0.038426,-0.084402,-0.289514,-0.142479,0.016538,-0.006794,#
14,0.216894,0.171147,-0.289952,-0.10732,-0.025846,-0.142474,0.035586,0.055397,-0.130584,-0.073134,0.030866,0.069723,-0.003625,0.216591,1.0,0.099149,0.050577,-0.157822,-0.137199,-0.065245,-0.262395,-0.11276,-0.065004,-0.130505,-0.052323,0.095406,0.214138,-0.010256,-0.118922,0.100706,-0.293415,0.21701,-0.086666,-0.188985,0.064988,-0.105038,-0.199343,0.168202,0.007118,0.197901,-0.042089,-0.187007,-0.301905,0.002047,0.302021,-0.2968,0.279968,0.038826,-0.049391,-0.133411,-0.214689,0.029139,-0.237041,-0.136432,-0.173787,0.133118,-0.060713,-0.177459,0.044268,-0.003754,-0.159402,0.377081,-0.054722,-0.01776,-0.068506,-0.024966,-0.01867,-0.110421,0.187165,-0.164158,0.239446,0.198576,-0.126481,0.194256,0.262551,0.117741,-0.160535,-0.089803,-0.290386,0.15762,-0.013662,-0.214758,-0.057442,-0.071203,-0.13448,0.063674,-0.274858,-0.101373,0.005986,-0.095188,0.025142,-0.087476,-0.055175,0.062255,-0.114183,-0.000117,0.099145,-0.079152,-0.231741,-0.085453,0.011684,-0.203208,0.015727,0.014808,0.03183,-0.072838,-0.040566,-0.201298,0.247103,-0.017576,0.06606,0.097859,-0.206032,0.149484,-0.319408,-0.045054,0.114684,0.065533,-0.098628,-0.213408,-0.187363,-0.061436,-0.176274,0.056104,0.182042,-0.04625,-0.215254,0.192823,-0.006613,-0.1768,-0.142686,-0.327388,-0.160285,-0.308247,-0.087264,-0.209071,-0.125841,-0.191684,-0.061547,0.080693,-0.131501,-0.207172,-0.028855,-0.318315,-0.152427,-0.114473,0.156229,0.042479,0.014537,0.140982,-0.073364,0.063295,-0.19735,-0.128206,-0.069994,0.026529,0.119129,-0.092421,-0.205442,-0.163825,-0.412899,-0.072349,0.124593,-0.100438,0.035701,0.039368,-0.10816,0.12982,-0.042082,-0.462463,-0.07917,-0.074889,-0.18906,-0.196965,-0.022097,0.053498,-0.108515,-0.148303,0.094919,0.027184,0.053984,0.071511,-0.020484,0.105433,0.156228,-0.065166,0.267982,0.014923,0.012999,-0.131535,-0.008311,0.043098,0.027974,0.095265,-0.080498,-0.203456,-0.201515,0.105466,-0.080658,0.114304,#
15,0.110855,-0.03144,-0.251084,-0.00737,0.23207,0.088131,0.104568,-0.034035,-0.058885,0.338832,0.137973,0.197219,0.271172,0.059895,0.099149,1.0,0.103309,-0.185144,-0.05199,-0.32283,0.158244,-0.189217,0.002333,-0.347928,-0.178703,-0.297026,-0.130297,-0.186698,0.203422,0.210446,-0.191494,0.290414,-0.044317,-0.25805,0.076445,-0.09216,-0.126648,-0.126022,0.312113,0.360998,-0.155577,-0.055586,0.024451,-0.066139,0.08349,0.06387,-0.179689,-0.127009,-0.068491,-0.153366,0.36262,-0.121443,0.1469,-0.015164,-0.001573,0.203693,-0.175322,0.133712,-0.019338,0.072247,-0.121671,0.160319,-0.159172,0.013561,-0.137113,-0.147846,0.109741,0.104744,0.20836,-0.351775,0.067596,-0.005485,-0.081752,0.001807,-0.100954,0.212131,-0.170494,-0.146975,-0.195428,-0.110071,-0.115459,-0.077353,0.220544,0.124665,-0.044854,-0.065645,0.03246,0.022819,-0.156997,-0.021181,0.035617,-0.379039,-0.006496,-0.177567,-0.209775,-0.128617,-0.115031,-0.049674,-0.318293,-0.065478,0.090919,-0.048353,-0.072324,0.035098,-0.06524,-0.137444,-0.16146,0.165321,-0.224145,0.112303,-0.418301,0.189922,-0.10696,-0.153165,-0.253685,-0.236232,0.121916,-0.006657,-0.129971,-0.08246,-0.235638,0.033871,-0.109614,0.019997,0.013061,0.096787,-0.172227,-0.023992,-0.106908,-0.310599,-0.246301,-0.201903,-0.030567,-0.103967,-0.177093,-0.008773,-0.031089,-0.21036,-0.110986,-0.133147,-0.367768,0.055642,0.012675,-0.012916,-0.168759,-0.046085,-0.069457,0.066682,-0.256498,-0.21132,0.046974,-0.201702,-0.279496,-0.431291,-0.192557,-0.033885,-0.141365,0.066614,-0.372411,-0.338426,-0.223383,-0.303459,-0.031489,-0.187153,-0.17905,-0.149869,-0.435845,0.149382,-0.002695,-0.121392,0.062361,-0.146881,-0.134669,0.009536,0.314746,-0.071833,-0.31227,0.184075,0.049555,0.010185,0.107266,-0.187573,0.091688,0.453987,0.015971,-0.155456,0.178066,-0.21171,0.162271,0.04575,-0.246379,0.288624,0.34527,0.190996,0.064252,0.099513,0.095621,-0.170117,-0.054267,-0.0313,#
16,0.013284,-0.222605,-0.128715,-0.103082,0.126675,0.105475,0.037456,-0.178697,-0.104159,0.012495,0.51609,0.027739,-0.076446,0.058005,0.050577,0.103309,1.0,-0.184644,-0.032561,-0.087936,-0.001209,0.020436,-0.017166,-0.080996,-0.14014,0.17795,-0.309113,-0.023526,0.000111,0.03715,-0.179504,-0.052755,-0.177245,-0.012982,0.206323,0.129084,-0.005242,0.04947,0.121925,0.007572,-0.269595,-0.12191,-0.193579,-0.219625,0.068887,0.071034,-0.033297,-0.311941,0.196857,0.127045,0.055663,0.061592,-0.210558,-0.001128,0.240282,0.0692,-0.035004,0.05674,0.207594,0.137556,-0.006092,0.051623,0.05067,0.173294,0.073473,-0.228226,-0.17462,-0.179812,0.081607,-0.282883,0.198867,-0.048677,-0.238792,-0.194919,-0.008543,0.135907,-0.184448,0.1048,-0.281636,0.119837,-0.120457,0.123805,-0.145585,0.177302,-0.263459,0.038642,-0.161165,0.045057,-0.075316,-0.015423,0.031662,-0.058551,0.062446,0.021809,-0.122555,-0.139284,-0.077668,-0.190009,-0.001244,-0.251602,0.191786,-0.035285,-0.284723,-0.332594,-0.169825,-0.086067,-0.120233,-0.046479,-0.137647,0.249682,-0.266436,-0.12087,-0.099461,-0.14974,-0.182503,-0.043008,-0.162776,-0.145289,0.151869,0.012909,-0.225939,0.106403,-0.025991,0.067328,-0.005424,0.015991,-0.110422,0.021828,0.093685,-0.141496,0.20665,0.15115,-0.102746,0.168523,-0.108691,-0.079377,-0.120794,-0.215861,-0.162896,0.007964,-0.178357,0.0236,0.173532,0.023689,-0.259614,0.03488,0.145748,-0.208967,0.172948,-0.12706,-0.105284,-0.059839,-0.127196,-0.156837,-0.045597,-0.213652,0.135951,0.018453,-0.101301,0.169602,0.041772,-0.128119,0.036464,-0.069788,-0.222962,0.164658,0.153255,-0.007291,-0.18695,0.053968,0.35413,-0.028955,-0.04362,0.1303,0.080337,-0.220491,-0.152922,0.221421,0.085442,0.19523,0.078406,-0.001164,0.230618,0.100863,0.079144,-0.155562,0.050619,-0.058648,0.228901,-0.19081,-0.103302,0.192139,0.00451,-0.071681,0.145185,-0.068645,0.210624,-0.154475,-0.277437,0.062836,#
17,-0.087747,0.252292,0.218033,0.102581,-0.060913,-0.051316,-0.053736,-0.07336,0.22102,0.070434,-0.215551,-0.125694,-0.019384,0.117842,-0.157822,-0.185144,-0.184644,1.0,0.064577,0.104395,0.094159,-0.071568,0.096857,0.00877,0.137588,0.057268,-0.101406,-0.014568,0.022562,0.027815,0.118703,-0.08433,0.155174,0.097349,-0.095725,0.09384,-0.017941,-0.12753,-0.129021,-0.141489,-0.031242,-0.116066,-0.067617,0.036925,0.085414,-0.016984,0.072786,0.172234,-0.214273,0.07725,0.167039,-0.001459,0.222634,-0.008093,-0.146002,-0.003187,0.28324,0.322703,0.215567,-0.092631,0.238679,-0.077217,0.169677,-0.185882,-0.04375,0.13369,-0.00693,0.051429,-0.043372,0.076897,-0.112601,-0.052549,-0.054715,-0.053871,0.093882,-0.167168,0.072687,-0.025484,0.050006,0.234885,0.183705,0.168383,-0.103608,-0.079628,0.434384,-0.102081,0.11385,0.013654,0.148281,0.215339,-0.157974,0.127747,-0.152207,0.067985,-0.035071,-0.262179,0.036486,0.054509,0.263943,0.153206,0.045918,0.135619,0.16168,0.077256,-0.000707,0.135322,-0.127124,0.0003,-0.033205,-0.119975,0.135988,0.150557,0.163892,0.218412,0.142364,0.124572,0.005018,0.147871,0.005687,-0.043786,0.21873,0.141716,-0.000283,-0.040755,0.213452,0.059216,0.281083,0.14524,-0.202736,0.191469,0.131646,-0.022322,-0.171972,0.099349,-0.138034,0.114614,-0.072184,0.087829,0.272958,-0.121964,0.021638,0.053305,0.115238,-0.05366,0.207453,-0.205454,0.016964,0.014852,0.095359,0.144302,0.040363,-0.126767,0.039204,-0.09619,0.146572,0.052918,0.049037,0.312279,0.062549,0.274404,0.026559,0.138979,-0.148501,0.267863,0.323202,-0.006298,0.097129,-0.070136,0.031925,0.206514,-0.037003,-0.051579,0.028587,-0.029791,-0.18097,0.255436,0.007554,0.115631,0.052386,-0.239168,0.153395,0.066604,-0.224872,-0.274283,-0.03431,0.048178,-0.075585,0.106639,-0.1779,0.258613,0.186093,-0.1132,0.149716,-0.098303,0.02942,0.038214,0.012845,0.059407,0.276394,-0.214098,#
18,-0.098547,-0.015777,-0.139203,-0.378182,0.121234,0.137699,0.155452,-0.163268,0.253009,-0.002942,-0.080205,0.031351,0.138153,0.115712,-0.137199,-0.05199,-0.032561,0.064577,1.0,-0.068907,0.21844,0.095699,0.363022,0.016225,0.050521,-0.140187,0.207785,0.159118,-0.18135,0.212476,-0.046153,-0.212593,-0.113766,0.089912,-0.205811,0.112095,-0.1344,-0.204067,-0.008179,-0.235719,-0.031792,-0.097015,0.100617,0.165989,-0.187681,-0.104621,0.036535,0.143305,-0.113133,-0.020705,0.202315,0.027807,0.204261,-0.225006,-0.005233,0.151791,0.031942,-0.044612,-0.054168,0.159465,-0.165429,-0.070212,-0.083828,-0.078838,0.091513,0.179334,-0.085297,0.087446,-0.054586,0.18207,0.181555,-0.139782,-0.190595,0.13231,-0.059385,0.164503,-0.041326,-0.464143,0.012573,-0.098362,-0.186443,-0.095326,-0.255373,0.224853,0.120074,0.008345,-0.153097,-0.165116,0.069308,0.111399,-0.130479,0.066988,-0.128277,0.111875,0.097474,-0.115433,-0.009233,-0.102596,-0.34923,-0.08751,0.110071,0.050491,-0.101976,0.05631,-0.124541,-0.256288,0.092618,-0.046718,0.042882,0.056344,0.155054,-0.048286,0.080014,-0.128164,-0.222907,-0.171892,0.008892,0.028719,0.177274,-0.091596,-0.083106,-0.261778,-0.251272,-0.36521,-0.029364,-0.268206,0.133554,0.001101,-0.008644,-0.192988,-0.045889,0.057699,0.027666,0.107889,-0.229342,-0.125637,0.12743,-0.182647,-0.002167,-0.227701,-0.037769,0.076151,-0.298288,-0.204629,-0.169985,-0.190853,-0.021484,0.183393,-0.155253,0.023068,0.188927,-0.253777,0.299819,-0.234943,-0.281512,-0.223324,0.005971,0.264063,0.00568,0.144464,-0.01827,-0.193786,-0.132008,0.073095,0.079406,-0.020834,0.210154,-0.021159,-0.130256,0.087886,0.097895,0.384047,0.067924,-0.120569,0.18706,-0.236777,0.198387,0.005159,0.126054,0.058567,0.252238,0.001242,0.060781,0.115084,-0.060401,0.214598,0.248702,0.132998,-0.308531,0.098545,0.089591,-0.051853,-0.130596,-0.125002,-0.194624,0.403218,0.138344,0.030265,0.291288,-0.043581,#
19,-0.260469,-0.121827,0.059086,0.262452,-0.131831,-0.152696,-0.094574,0.195839,0.107685,-0.172743,-0.30044,-0.179891,0.056657,-0.079247,-0.065245,-0.32283,-0.087936,0.104395,-0.068907,1.0,-0.284423,-0.034483,-0.154141,0.40258,0.082105,0.158428,0.01313,0.032184,-0.265883,-0.133906,0.213837,0.002995,-0.045011,0.415498,-0.158972,-0.144673,0.21989,0.069307,-0.051247,-0.229787,-0.004191,0.006202,0.100472,-0.036329,0.098475,0.120915,0.196183,0.057245,0.018838,0.043434,-0.062725,0.291251,0.05232,-0.100568,-0.40196,-0.052038,0.232692,-0.242361,0.042168,-0.226,-0.005846,-0.061748,0.156287,0.023047,-0.110445,-0.05708,0.235536,-0.138746,-0.119466,0.206836,0.064654,0.028931,-0.03029,0.05659,0.015271,-0.148568,0.484773,0.227956,0.340259,0.216667,0.430887,0.193617,0.226095,-0.051049,0.182282,0.243413,0.080823,-0.087425,0.257995,0.214231,0.06007,0.380571,0.353305,0.071368,-0.194716,-0.014817,0.165756,0.112041,0.172741,0.188664,-0.273693,0.329914,0.159485,0.087439,0.175046,0.252602,0.132516,0.021628,0.221728,-0.203882,0.320717,0.071499,0.446318,0.285373,0.235326,0.125614,0.29433,0.036536,0.129971,0.008718,0.430529,0.13392,0.270701,0.02731,0.020483,0.201616,0.085863,0.115756,0.139103,0.373483,0.119491,0.248124,0.118662,0.106507,0.149491,0.125113,-0.139299,0.174528,0.044769,0.241437,0.296117,0.044292,0.331785,0.200952,0.265022,0.259532,0.153317,-0.188163,0.103309,0.367951,-0.064247,0.197315,0.178286,0.239843,0.383014,0.467818,0.04339,-0.099784,0.224232,0.291601,0.12558,0.366345,0.036794,0.196424,0.298949,-0.074411,0.330395,0.052063,0.109715,0.198979,-0.257686,0.216091,0.20072,0.07559,-0.248691,0.118708,0.1213,-0.336236,-0.341979,-0.091009,-0.165018,-0.038555,-0.047719,-0.417217,-0.132146,0.224485,-0.264646,0.283816,-0.288731,-0.318824,0.337928,-0.30018,-0.337898,-0.266279,-0.054902,-0.264289,-0.156019,0.277853,0.038941,-0.008725,#
20,-0.064803,0.292211,-0.248295,-0.096438,0.185067,0.114949,0.269229,-0.16857,-0.216064,0.198556,0.30407,-0.034824,0.296895,-0.122259,-0.262395,0.158244,-0.001209,0.094159,0.21844,-0.284423,1.0,0.407683,0.171655,-0.023327,-0.079058,-0.065842,0.008941,0.119462,0.345236,0.307185,-0.078906,-0.167597,0.260622,-0.129915,0.020065,0.004648,-0.071257,-0.365685,-0.050858,0.161398,0.23992,0.044749,0.223329,0.049195,-0.07493,-0.035132,-0.423813,-0.055845,-0.205589,-0.202009,0.102152,-0.233425,-0.055061,-0.129548,0.208774,0.006584,-0.199927,0.165547,0.031802,0.257398,0.017983,-0.147244,-0.116652,0.061142,0.19612,0.093447,-0.127104,0.046043,-0.001837,0.007964,-0.376997,-0.149079,0.228295,-0.080372,-0.260807,0.026302,-0.096413,0.022127,-0.229544,-0.160365,-0.313902,-0.192512,-0.088437,0.0292,-0.15123,-0.319003,0.149408,-0.313238,-0.174303,-0.133159,-0.209021,-0.318851,-0.208879,-0.189372,0.000726,-0.033834,-0.411649,-0.106892,-0.312432,0.00505,0.320815,-0.010819,-0.097985,-0.23974,-0.039761,-0.086096,-0.17724,-0.285488,-0.334828,0.216796,-0.134201,0.024385,-0.325913,-0.115245,-0.161032,-0.113442,-0.076728,-0.081857,-0.218258,-0.064503,-0.254028,-0.230058,-0.278177,-0.178461,-0.132375,-0.160186,0.180944,-0.102308,-0.033733,-0.26227,-0.277805,-0.087918,0.012345,0.054359,-0.224552,0.025743,-0.193571,-0.404176,-0.020946,-0.459104,-0.440643,0.019329,-0.194701,-0.023621,-0.290673,-0.161384,-0.319957,0.307142,-0.042984,-0.337542,0.12004,-0.388387,-0.285098,-0.308611,-0.377493,-0.268629,-0.060216,0.232169,-0.185455,-0.28945,0.075841,-0.177436,-0.314557,-0.000665,-0.335978,0.080734,-0.249412,0.003147,-0.125452,0.1444,0.190987,0.150817,-0.213041,0.009445,0.30688,-0.360154,-0.135603,0.234498,0.144876,-0.097589,0.240027,0.019943,0.110329,0.214593,0.245884,-0.16746,-0.151382,0.116281,0.277002,0.306198,-0.244193,0.411895,0.393165,0.069727,0.291584,0.313081,0.364444,-0.062997,0.08317,-0.09538,#
