0,1.0,0.099025,-0.173779,-0.237573,0.213363,0.150796,0.427921,-0.198533,0.122197,-0.004463,0.431726,0.097791,0.194772,0.152685,0.063584,0.08236,-0.010557,-0.358252,0.445467,-0.004501,0.086518,0.024328,0.147377,-0.127228,-0.030783,-0.164543,-0.212019,0.102668,0.243829,0.05873,-0.255796,-0.070105,0.09199,-0.290844,0.274265,0.119418,0.115381,0.021963,0.039296,0.220142,-0.024948,0.17215,-0.157053,-0.113934,0.131995,0.004917,0.034258,0.137399,-0.156472,0.092332,0.187789,-0.189325,0.1109,-0.081988,0.181126,0.096889,-0.204261,0.039656,-0.099034,-0.041875,0.217671,0.128876,-0.097502,0.169671,-0.243577,0.038477,-0.178944,0.172707,-0.100989,-0.151719,0.054477,0.002695,0.10009,-0.199812,-0.233313,0.242429,-0.436935,-0.23594,-0.201354,-0.12013,-0.096558,-0.192622,-0.236689,-0.310342,-0.058361,-0.198189,-0.212077,-0.106154,-0.13654,-0.21691,-0.48428,-0.196637,-0.065812,-0.273611,-0.109658,-0.271934,-0.137681,-0.523319,-0.269347,-0.095734,0.375718,-0.03507,-0.170752,-0.343551,-0.175289,-0.182466,-0.198664,0.11563,-0.250523,-0.07683,-0.08941,0.118168,-0.444537,-0.298577,0.016558,0.03292,-0.080178,-0.086328,0.034625,-0.195034,-0.304377,0.004576,-0.121845,0.031038,-0.157525,-0.044503,-0.101888,0.211281,-0.198351,-0.229006,-0.308789,-0.415478,-0.12623,0.227883,-0.083291,-0.12875,-0.135347,-0.140124,0.161928,-0.131143,-0.202855,0.235042,-0.07991,-0.171457,-0.223668,-0.09735,-0.220711,0.140231,-0.260505,-0.29588,-0.05773,-0.104925,-0.296293,-0.180133,0.242054,-0.138972,0.093871,0.146732,-0.397007,-0.052359,-0.120217,-0.205689,0.090062,-0.280304,0.015101,-0.041694,0.12885,0.06991,-0.314872,-0.17927,0.164671,-0.061893,0.008251,0.05192,0.060885,-0.061515,-0.060319,0.117764,0.190962,-0.376898,0.003696,0.052056,0.022555,0.277024,0.18389,-0.055908,0.21125,0.01198,0.251328,0.320039,-0.356731,0.174835,0.510392,0.060292,-0.038175,0.129315,0.002862,-0.194296,-0.014628,-0.118097,#
1,0.099025,1.0,0.056977,-0.068056,-0.052755,0.027301,0.245603,0.057231,-0.233281,0.168873,0.00959,0.022325,0.059334,0.143756,0.069574,0.11901,0.095025,0.096902,0.305129,-0.106528,0.256736,0.047143,0.097933,-0.180512,-0.018114,-0.249651,-0.091713,-0.076583,0.134911,0.091724,-0.057796,0.082247,0.019999,0.005426,0.128162,-0.014091,-0.063908,-0.229116,0.071943,0.030496,0.034266,0.190371,-0.047074,0.067055,0.0821,0.054222,0.026198,-0.02966,0.225171,0.316257,-0.011278,0.033988,0.15509,0.054892,0.049426,-0.132086,0.165908,-0.219935,-0.159929,-0.10064,0.08314,-0.154382,-0.038186,0.001938,0.281915,0.285497,-0.287507,0.044159,-0.049352,-0.098102,-0.100522,0.06774,-0.155482,-0.078063,-0.013582,0.015358,-0.175492,-0.02965,0.145369,-0.010804,0.054086,-0.228644,-0.068419,0.00097,-0.12601,-0.037666,-0.043859,-0.065928,0.073242,-0.053319,-0.191171,0.025081,-0.003351,-0.169818,-0.004642,-0.037042,-0.001056,0.12743,0.315199,0.047998,-0.032666,0.046413,0.069214,-0.034694,-0.237406,-0.049416,0.066431,-0.073482,-0.290985,-0.01666,0.174219,-0.047753,-0.041338,0.091308,-0.040629,-0.018042,-0.102278,0.079133,0.078431,-0.148287,-0.093482,-0.041339,-0.310343,-0.123278,-0.171927,-0.174485,-0.034996,-0.167826,-0.235372,-0.135098,0.121261,-0.167638,-0.083648,-0.002495,-0.167897,-0.205305,0.081956,0.105854,0.141046,-0.177161,-0.077518,-0.187222,0.077793,-0.027516,0.018182,-0.203791,-0.433923,0.125478,-0.078852,-0.045654,-0.006348,0.021719,0.079288,-0.125555,-0.111037,-0.02894,0.073007,0.048095,-0.074182,0.160693,-0.100611,0.0976,-0.165516,0.045294,-0.081846,0.246177,0.219798,0.155878,-0.112326,-0.367397,0.19997,0.148898,-0.065689,-0.091616,0.037652,-0.148505,-0.01021,0.012176,0.072821,-0.053063,0.061886,-0.016604,0.052809,0.187627,0.324849,-0.110817,0.150663,-0.185726,0.103207,0.111252,-0.035016,0.09227,-0.164481,0.0328,-0.152985,-0.098241,0.17779,-0.074639,-0.026455,0.097139,#
2,-0.173779,0.056977,1.0,-0.365102,-0.146806,-0.084927,0.053012,-0.118219,0.046072,0.109162,-0.005641,-0.178845,0.076213,0.020467,-0.230512,0.109121,-0.152821,0.315477,-0.028408,0.023276,-0.212602,0.084092,-0.043777,-0.018118,0.119474,0.050968,0.059128,-0.204338,0.019716,-0.150539,0.016402,0.185511,-0.3388,0.074637,-0.030534,0.167203,0.0796,0.482759,0.005879,-0.235508,0.079204,0.055895,0.105556,-0.083696,-0.024891,-0.316958,-0.123842,-0.02624,-0.00968,0.071932,0.17968,-0.199233,0.148502,-0.205077,-0.22643,-0.0638,-0.10462,-0.274054,0.213247,-0.172994,0.250928,-0.070625,-0.002104,-0.300536,0.263702,0.125014,0.112216,-0.053828,0.137924,0.187629,-0.08681,0.137866,-0.36279,0.05183,-0.008715,-0.089943,0.013767,-0.051614,0.072419,0.029267,0.127109,0.050968,0.048841,0.218933,-0.163956,0.07496,-0.005099,-0.028711,-0.089197,0.190636,0.027759,0.010164,0.053623,0.125226,-0.062067,0.033507,0.003203,-0.055607,0.103142,0.071752,-0.280008,-0.265986,-0.000429,0.102308,0.243305,0.006275,0.041579,-0.090747,0.108119,-0.002225,0.043475,-0.204285,0.047768,0.12831,0.250199,-0.202292,-0.050259,0.102026,-0.111524,-0.127593,0.020176,0.1463,-0.02116,-0.263628,-0.164659,0.071196,0.358249,-0.000645,0.13092,-0.040911,0.272016,0.079828,0.030994,0.079434,0.065079,-0.223921,0.092477,0.284029,-0.07689,0.124283,-0.07296,0.123799,0.05639,-0.153223,0.044956,0.086129,-0.06283,0.13872,0.068989,0.193945,-0.009573,0.148959,0.099766,-0.008963,0.05077,0.061328,0.012584,0.052918,0.191823,-0.071074,0.307501,-0.043629,-0.07461,0.293842,0.125182,-0.116904,0.001474,-0.023718,0.064144,0.078791,-0.125471,-0.046341,-0.072236,-0.091805,-0.172316,0.013303,0.133697,0.039177,0.038826,-0.172881,0.125804,0.046429,-0.144918,-0.097852,-0.05028,0.166619,0.176926,0.135885,-0.21511,-0.206417,0.145885,-0.118558,-0.216319,0.245394,-0.068744,-0.08342,0.117752,0.309852,0.22615,0.16628,#
3,-0.237573,-0.068056,-0.365102,1.0,-0.082672,-0.207848,-0.320847,-0.062101,-0.409679,-0.350455,0.044069,-0.110184,-0.280873,-0.483748,-0.037921,-0.193369,0.259355,-0.025386,-0.187495,-0.194356,0.034051,-0.20037,-0.375596,0.019707,-0.040137,0.136294,-0.051415,0.181777,-0.209197,-0.187678,0.252474,-0.232882,0.122112,-0.021873,-0.019627,0.025027,-0.142375,-0.134053,0.022087,0.249867,-0.076192,-0.2848,0.004233,0.15069,-0.077575,0.478067,-0.082374,-0.099005,0.142767,-0.177993,-0.166036,0.427339,-0.055926,0.184899,0.146632,-0.27496,0.319023,0.343808,-0.051669,-0.137511,-0.493949,0.000788,0.18725,-0.075074,-0.078221,-0.292007,0.064914,-0.09675,-0.088047,0.009216,0.144143,-0.246544,0.195869,0.170134,0.202276,-0.072295,0.311898,0.189453,0.086296,-0.074382,-0.024551,0.228954,0.195858,0.006671,0.190263,-0.100387,0.153298,0.29409,0.122201,0.123829,0.028933,0.218192,0.197907,-0.165965,0.134215,0.239902,0.3709,0.120343,0.037459,0.265212,0.19359,0.290095,0.312496,0.28741,-0.114008,-0.002571,0.240873,0.178468,-0.058735,0.053748,-0.124444,0.062412,0.31521,0.217012,-0.061256,0.064571,0.217856,0.115565,-0.149332,0.272096,0.202242,0.195762,0.068176,0.34675,0.35909,0.073966,-0.43189,-0.09489,0.077216,0.282917,-0.062678,0.367419,0.331347,-0.159668,0.190753,0.274568,0.010138,0.099185,-0.131547,0.239034,0.148381,-0.160915,0.324343,0.382868,0.423327,0.050316,0.000756,-0.157728,0.373966,-0.119082,0.276372,-0.042703,0.066007,0.07649,0.057368,0.045693,-0.416749,-0.288719,0.249877,0.212344,0.010523,0.129588,0.046374,-0.036597,-0.009099,-0.330138,0.060018,-0.038516,0.07451,-0.020398,0.209253,0.152441,0.090581,0.327745,0.073032,0.179816,-0.149303,-0.001603,-0.494276,0.511682,-0.385074,0.080262,0.255651,-0.081021,-0.154554,-0.124116,-0.205344,0.020374,0.293283,-0.002306,0.100853,-0.081559,-0.113054,-0.194209,0.171952,-0.017483,-0.176451,-0.13781,-0.283224,-0.258304,#
4,0.213363,-0.052755,-0.146806,-0.082672,1.0,-0.04422,-0.073155,-0.209421,0.056716,-0.138122,0.31714,0.092307,-0.070118,-0.229555,-0.155103,-0.154974,0.187912,-0.265484,-0.035785,-0.078966,-0.153656,-0.403079,0.05129,-0.04953,-0.044577,-0.09731,-0.149909,-0.046898,-0.036883,-0.152994,-0.254808,-0.153289,0.10479,-0.187032,0.126207,0.062944,-0.033451,-0.223272,0.07691,0.399793,-0.047641,-0.360047,-0.365189,-0.151887,-0.111453,0.176017,-0.148617,-0.068382,0.074356,0.232475,-0.093914,-0.071005,-0.095058,0.238413,0.012502,-0.011227,-0.056126,0.250951,-0.004058,0.236499,-0.221095,-0.238381,-0.01721,-0.144139,-0.19615,-0.05723,0.553959,-0.10309,-0.048748,-0.240888,-0.130843,-0.124744,0.028063,0.12495,0.154739,-0.072704,-0.213384,-0.144819,-0.191443,-0.138134,-0.296543,0.180117,0.218467,-0.086617,0.211008,-0.117075,0.0429,0.0322,0.067148,-0.095393,0.146699,0.217222,0.153686,-0.067374,0.109856,0.027336,0.1647,0.087694,-0.068644,-0.003842,0.10459,0.047029,0.118975,-0.083313,0.169059,-0.003797,-0.03806,0.116733,-0.128483,0.221365,0.086985,-0.101363,-0.148615,-0.021748,-0.166545,0.303213,-0.058394,0.342319,-0.326436,0.039695,-0.333691,0.087965,-0.034398,0.119112,0.056122,0.056174,-0.066171,0.071212,0.015481,-0.206349,-0.01982,-0.257799,-0.012224,-0.138666,0.083282,0.129965,0.160325,0.046096,-0.139736,0.048774,0.011178,-0.087738,-0.146651,0.139928,-0.117153,-0.22373,0.003839,-0.045541,0.097259,-0.012452,0.090737,0.111987,-0.215475,0.185786,-0.061117,-0.118156,0.062277,-0.000824,-0.226766,0.136613,-0.340261,-0.206416,-0.117367,0.14054,-0.051014,-0.020993,-0.017729,0.064135,-0.028136,0.287037,0.065952,-0.046133,0.200431,-0.049115,-0.201566,0.150447,-0.0515,0.04204,-0.003255,-0.009494,-0.158374,0.139178,0.034681,-0.022898,0.078554,0.001271,-0.006901,0.089201,0.301567,-0.017529,-0.082612,0.134829,0.162236,0.015874,-0.173475,0.136983,-0.047126,0.116222,-0.066886,-0.234302,#
5,0.150796,0.027301,-0.084927,-0.207848,-0.04422,1.0,0.320515,0.364804,0.105844,0.109988,-0.008959,0.24563,0.118535,0.132688,0.120752,0.044857,0.050109,0.014052,0.187188,-0.15252,0.064934,-0.014498,0.19579,-0.097687,0.009914,0.157635,-0.033179,-0.034947,0.195728,0.228721,-0.309597,-0.028022,-0.123531,0.075702,-0.032908,0.090573,0.091046,-0.076906,-0.058177,-0.144448,-0.157485,0.246203,-0.159861,-0.145952,0.10325,-0.078682,0.181365,-0.212019,0.005563,0.126528,-0.022184,-0.063696,0.301188,0.101745,0.05116,0.189226,-0.199309,0.137816,-0.272657,0.006049,0.150515,0.005912,-0.011377,0.223721,-0.174496,0.095723,-0.176736,0.037917,-0.1055,-0.420581,-0.007517,0.046549,-0.049256,0.05002,-0.052977,0.220038,-0.159151,0.020219,-0.169988,-0.075022,-0.24392,-0.39941,-0.180106,0.268828,-0.185328,-0.239754,-0.185049,-0.077989,-0.18635,-0.192744,-0.089385,-0.264305,-0.267275,-0.187567,-0.181807,-0.074735,-0.293405,-0.241951,-0.179996,-0.393462,0.219741,0.015809,-0.156569,-0.228418,-0.358456,-0.390602,-0.081406,0.108843,-0.278061,-0.095744,0.114702,0.403402,-0.42712,-0.288751,-0.031319,-0.11012,-0.075997,0.108107,0.195434,-0.178916,-0.074514,-0.214169,-0.088427,-0.102139,-0.306736,-0.111468,0.025748,-0.009162,-0.443291,-0.00487,-0.112362,-0.132339,-0.12713,0.1543,-0.496375,-0.161567,0.181483,0.124562,0.057449,-0.269146,-0.217567,0.035221,-0.233692,-0.074665,-0.130265,-0.287697,0.176267,0.07127,-0.414086,-0.131148,-0.152941,-0.28705,0.095209,-0.212364,0.14985,-0.18315,0.153747,0.056624,-0.572518,-0.255994,-0.225591,-0.171799,0.211911,-0.301041,0.065619,0.010393,-0.208672,-0.140057,-0.108273,-0.202488,0.020464,-0.154457,-0.140426,-0.203987,0.191597,-0.207637,-0.081608,0.021637,0.157176,-0.112141,0.2924,0.008927,0.011202,0.082235,0.465828,-0.084957,0.186507,-0.063444,-0.092402,0.187651,-0.087603,0.040035,0.15961,-0.083605,-0.276103,0.183784,0.208846,-0.097979,-0.164642,-0.057501,#
6,0.427921,0.245603,0.053012,-0.320847,-0.073155,0.320515,1.0,0.123397,0.310142,0.20496,0.105546,0.195476,0.246439,0.322063,-0.007916,0.261724,0.112909,0.180805,0.306844,0.103131,-0.063518,0.058515,0.220098,-0.084743,0.052313,0.054643,-0.066722,-0.065272,0.476838,0.015296,-0.242852,-0.093546,-0.096304,-0.215942,0.066628,0.078831,0.245662,-0.191278,0.255623,-0.03304,0.189722,0.31316,-0.126418,-0.153378,0.163291,-0.26037,0.106006,-0.139497,-0.182574,0.131036,-0.00691,-0.303066,0.189151,-0.045946,0.337689,0.015611,-0.14667,-0.189024,-0.047554,-0.179078,0.360375,0.169035,-0.092607,0.25214,0.15377,0.337844,-0.296081,0.181912,0.063597,-0.269518,0.021406,0.178428,-0.17455,-0.472585,-0.322285,0.220991,-0.444663,-0.343316,-0.223093,-0.199031,-0.296762,-0.352332,-0.213002,-0.106757,-0.464228,-0.213472,-0.298084,-0.292495,-0.384975,-0.400789,-0.541295,-0.417932,-0.554854,-0.167732,-0.321759,-0.519865,-0.257863,-0.401573,-0.250211,-0.254395,0.049563,-0.097942,-0.361761,-0.261822,-0.350405,-0.419954,-0.129124,-0.090235,-0.202814,-0.306089,-0.008143,0.08763,-0.412172,-0.403036,-0.098841,-0.313682,-0.11893,-0.087379,0.176134,-0.369761,-0.375924,-0.252175,-0.388559,-0.245536,-0.277241,-0.271563,0.065516,0.17815,-0.385037,-0.298097,-0.331122,-0.403809,-0.339299,0.143775,-0.298868,-0.360048,0.059129,-0.183432,0.145163,-0.486108,-0.343582,0.070629,-0.174713,-0.439005,-0.420833,-0.219298,-0.23936,0.563738,-0.458703,-0.3699,-0.213222,-0.354382,-0.25877,-0.241685,-0.024775,-0.308908,0.216452,0.449935,-0.381016,-0.382733,-0.02167,-0.293802,0.073982,-0.126398,-0.198212,0.197691,-0.127091,-0.027027,-0.473322,-0.229667,0.121177,-0.115789,-0.163222,-0.255534,0.237625,-0.43525,-0.116206,0.285957,0.352664,-0.566514,0.409449,-0.014427,-0.105701,0.353823,0.25706,-0.379259,0.121417,-0.032369,-0.168836,0.246415,-0.434445,0.1826,0.271358,0.222994,-0.181819,-0.114785,0.160126,-0.172698,-0.10029,0.258247,#
7,-0.198533,0.057231,-0.118219,-0.062101,-0.209421,0.364804,0.123397,1.0,-0.134008,0.263973,-0.342473,0.061368,0.375422,0.191441,0.289251,0.11717,0.11569,0.20959,0.122909,-0.064563,0.332622,0.294396,-0.001555,0.063754,-0.025282,0.11692,-0.073027,-0.259139,0.054986,0.170774,-0.138908,-0.063119,0.118489,0.221712,-0.237528,-0.142928,-0.171255,-0.124007,-0.029034,-0.419384,0.126882,0.237571,0.006605,-0.155625,-0.024148,-0.189446,0.330637,-0.214456,-0.026831,-0.134698,-0.164835,-0.126202,0.103749,-0.091674,0.143468,0.182383,0.125828,-0.165717,-0.160156,0.213453,0.082825,-0.227341,-0.077444,0.303953,-0.02402,0.260452,-0.123715,0.12687,-0.204714,-0.119569,0.114961,0.363428,-0.298867,0.038744,0.015675,-0.097006,0.086993,0.217523,0.086362,0.082009,0.013986,-0.389561,-0.18277,-0.073482,-0.042967,-0.045592,0.05693,0.049758,0.15136,0.166178,0.123218,-0.194766,-0.079677,0.134679,0.006061,0.01969,-0.122663,0.060321,0.089542,-0.355367,-0.050366,0.190594,-0.110839,0.076248,-0.187968,0.059379,-0.251356,-0.005545,0.010495,-0.183672,0.064873,0.132358,-0.075033,-0.033286,0.01821,0.096116,0.071058,-0.037941,0.114388,-0.133043,0.223167,-0.484542,-0.114522,-0.030756,-0.14466,-0.084567,0.018498,-0.113205,-0.134132,0.094348,-0.1902,0.1545,0.001731,0.036224,-0.161399,0.148739,0.190242,-0.182953,0.06138,-0.26366,-0.290998,-0.125711,-0.171852,0.018431,-0.294556,-0.136909,0.072524,0.019363,-0.097045,-0.00588,-0.077228,-0.021798,-6.2e-05,-0.100076,0.092078,-0.341087,0.131317,0.237868,-0.15516,-0.108242,0.002481,0.124664,0.012136,-0.06329,0.169335,0.00612,-0.185778,0.019241,0.146345,0.215315,-0.156416,0.075554,-0.18276,-0.109684,0.270008,-0.199608,-0.143743,-0.212753,0.184132,-0.027705,0.182766,0.174131,0.101825,-0.175172,0.120618,-0.024559,0.018073,-0.082135,-0.293414,0.18167,-0.158223,-0.231366,-0.061009,-0.026592,-0.037297,-0.120312,0.085187,-0.068877,-0.276276,0.200649,#
8,0.122197,-0.233281,0.046072,-0.409679,0.056716,0.105844,0.310142,-0.134008,1.0,0.226366,0.029616,0.208442,-0.017394,0.189636,0.013128,-0.109924,-0.236231,0.00543,0.033951,0.083332,-0.134088,0.035294,0.220029,-0.082338,0.039632,0.157331,0.064094,0.119677,0.149754,0.062378,-0.267066,-0.031512,-0.0008,0.025252,0.010095,0.052248,0.061633,-0.007528,0.12864,-0.044397,0.108345,0.099298,-0.154281,-0.042095,0.106175,-0.152475,0.009983,0.061269,-0.065743,-0.008386,-0.065875,-0.152942,0.146578,0.159744,0.244893,0.346291,-0.368512,-0.062218,-0.085852,0.077781,0.198543,0.1471,0.075075,0.113557,0.032577,0.061478,-0.119651,0.278068,0.257167,-0.127039,-0.150317,0.071829,0.090111,-0.069093,-0.267927,0.120641,-0.061876,-0.229666,-0.114384,0.012642,-0.129894,-0.088572,-0.136282,-0.114199,-0.214248,0.11472,-0.40379,-0.295054,-0.111423,-0.437143,-0.030521,-0.290845,-0.430133,0.016502,-0.142452,-0.051145,-0.266847,-0.136864,-0.40759,-0.153038,-0.062085,-0.000127,-0.115533,-0.103129,0.083054,-0.383006,-0.106239,-0.074929,-0.017179,-0.069817,-0.090364,-0.120985,-0.243358,-0.202615,0.085441,-0.178934,0.108622,-0.138218,-0.110314,-0.059346,0.003269,-0.003842,0.062728,-0.203661,-0.190319,0.002273,0.347667,0.004323,-0.116728,-0.05127,0.066217,-0.193869,-0.428645,-0.079129,-0.144818,-0.063288,-0.12453,-0.013942,0.038176,-0.101754,-0.113216,0.113052,-0.18895,-0.279431,-0.181638,-0.323195,-0.172456,0.11414,-0.291311,-0.109369,0.081187,-0.154233,-0.196449,-0.266092,0.149041,-0.084174,0.249082,0.252662,-0.268948,-0.299718,-0.085703,-0.068792,0.019452,-0.128959,-0.276599,-0.027611,-0.078179,-0.091307,-0.221527,-0.0578,-0.129425,-0.162312,-0.032047,-0.071627,0.236993,-0.020273,0.064559,0.100424,0.37338,-0.288124,0.238787,0.162548,-0.209759,0.06605,-0.021916,0.107573,0.068766,0.034311,-0.316426,-0.086925,-0.130334,0.088627,0.08664,0.049578,-0.023941,0.166547,-0.013466,-0.16884,0.020779,0.076662,#
9,-0.004463,0.168873,0.109162,-0.350455,-0.138122,0.109988,0.20496,0.263973,0.226366,1.0,-0.127639,-0.076999,0.271189,0.512708,0.064511,0.078033,-0.426302,0.361497,0.139081,0.192454,0.038927,0.182278,0.352256,-0.037688,0.102288,-0.090042,-0.233617,-0.156816,0.198645,0.396763,0.025948,0.151948,0.188325,-0.113664,-0.024929,-0.080483,0.323512,0.010153,0.043045,-0.48336,0.293269,0.243337,0.036734,-0.112975,0.077446,-0.468724,0.133731,0.312332,0.141952,-0.030504,-0.166726,-0.24176,0.436333,-0.091234,0.21057,0.099284,-0.274809,-0.398334,-0.138375,0.271707,0.440994,-0.056428,-0.382633,0.115593,-0.058371,0.273309,-0.003213,0.124196,-0.069362,0.053384,7.8e-05,0.349423,-0.212396,-0.031952,-0.100305,-0.144332,-0.042349,-0.212991,0.088474,0.275542,0.081365,-0.288817,-0.300019,0.240227,-0.294251,0.176084,-0.182303,-0.146543,-0.041145,-0.253651,0.051701,-0.065407,-0.332529,0.130006,-0.141367,0.080001,-0.546749,-0.065447,0.188184,-0.291476,-0.335842,-0.058201,-0.28567,-0.09803,-0.008984,-0.160477,-0.246158,-0.362531,0.157108,-0.18646,0.378616,0.269075,-0.321386,-0.13171,-0.012838,-0.194174,-0.050111,-0.105971,0.390508,-0.324798,-0.147313,-0.289874,-0.070202,-0.198944,-0.33203,0.281545,0.435593,-0.067882,-0.152229,-0.266125,0.078332,0.041658,-0.455894,0.09496,-0.378296,-0.258977,-0.145841,0.07517,0.211217,-0.284919,-0.065715,-0.130742,-0.308647,-0.415743,-0.37561,-0.167571,-0.267409,0.1483,-0.268026,-0.12188,-0.308904,0.099152,-0.072973,-0.53462,0.100812,-0.299175,0.62474,0.409361,-0.183352,-0.370775,-0.083762,0.087435,-0.074256,0.117885,0.220455,0.370446,0.048234,-0.281321,0.077642,-0.105633,-0.216075,0.157346,-0.077924,-0.258848,0.350339,-0.365911,0.045627,-0.262022,0.545634,-0.290104,0.593447,0.256705,-0.550393,-0.247458,0.176462,-0.039784,0.258181,0.048135,-0.551645,0.079919,-0.227864,-0.147057,-0.04238,0.222348,-0.248127,-0.081156,0.239429,0.01507,0.149837,0.479826,#
10,0.431726,0.00959,-0.005641,0.044069,0.31714,-0.008959,0.105546,-0.342473,0.029616,-0.127639,1.0,0.111721,-0.099817,-0.061781,-0.12915,-0.033913,0.051666,-0.331692,0.134997,-0.048387,-0.045384,-0.157108,0.004768,0.062295,0.076071,0.283962,-0.085802,0.158932,0.170213,-0.142215,0.026615,0.119051,-0.011111,-0.278128,-0.00117,0.164944,-0.030303,0.100326,0.023404,0.276518,-0.189851,-0.289922,-0.122467,0.022572,0.142227,0.23123,-0.224487,0.164867,-0.083512,0.198807,0.120827,-0.004903,0.044314,0.0637,0.006998,-0.054462,-0.163486,0.309243,0.055018,-0.12739,-0.248577,-0.040612,-0.006719,-0.016119,-0.190736,-0.112515,0.199962,0.171177,-0.125661,-0.158614,0.17396,-0.089359,0.150409,0.082081,-0.117196,0.081334,-0.188145,-0.196918,-0.238843,-0.101745,-0.100117,0.119961,-0.003562,0.096303,0.010661,-0.092897,0.072477,0.146397,0.024014,-0.06479,-0.236549,0.087872,0.035903,-0.05741,0.063373,-0.098957,0.120002,-0.371965,-0.002157,0.118958,0.246549,-0.116559,0.006504,-0.274804,0.027491,-0.141299,-0.075363,0.311728,-0.121682,0.319825,-0.187537,0.120933,-0.192277,-0.020453,-0.043068,0.077945,-0.305303,-0.014054,-0.132941,0.0158,-0.297953,0.412909,-0.074131,-0.08699,-0.121903,0.031002,-0.198559,0.078311,-0.156254,-0.261017,-0.150344,-0.317096,0.013382,-0.186805,-0.039547,0.002549,0.058881,-0.048406,0.00266,0.013884,-0.050513,0.256423,0.141307,0.167305,0.089291,-0.168561,-0.180647,0.074878,-0.021535,-0.011929,0.292802,-0.087348,-0.091519,0.019498,-0.059819,0.075235,-0.248541,-0.075516,-0.082091,0.075509,-0.086805,-0.170566,0.106292,-0.093545,0.009667,-0.155643,0.001107,-0.246363,-0.126493,0.023626,0.238499,0.041882,0.208747,0.168041,-0.108628,0.188133,0.036589,0.143261,-0.071827,-0.04853,-0.179124,0.071948,-0.041247,0.010029,0.106465,0.043353,0.074245,0.14588,0.306115,0.241577,0.050113,0.311722,0.202859,-0.054511,-0.052303,-0.076457,-0.103513,-0.121104,-0.076224,-0.384889,#
11,0.097791,0.022325,-0.178845,-0.110184,0.092307,0.24563,0.195476,0.061368,0.208442,-0.076999,0.111721,1.0,0.012699,0.139443,-0.019425,-0.040238,-0.041503,-0.078008,0.041392,-0.037776,0.144943,-0.163015,0.01869,0.066758,0.064407,-0.054352,0.094868,0.078437,0.107503,0.056216,-0.040748,-0.040324,0.073203,0.025699,0.014683,-0.066206,-0.021006,-0.082022,0.15035,-0.056731,-0.12253,0.147152,-0.216695,-0.216891,-0.161249,0.231537,-0.121748,0.004373,0.028569,0.11113,-0.285781,0.051683,-0.052654,0.245878,0.153773,-0.031445,-0.331055,0.066095,-0.315798,-0.091843,-0.145752,-0.224346,-0.069775,0.221408,0.01203,0.253997,-0.157191,0.353672,0.266739,-0.184081,-0.087189,0.073432,0.072367,0.084536,0.023674,0.038021,-0.08548,0.04771,-0.231904,-0.180014,-0.254519,-0.344343,0.08024,0.010012,-0.136378,-0.307401,-0.157147,-0.172132,0.114476,-0.152904,-0.063308,-0.314743,-0.124681,-0.030834,-0.00526,-0.164827,0.097851,-0.121853,-0.105761,0.020964,0.1848,-0.009795,-0.15808,-0.029225,-0.153562,-0.048726,-0.083324,0.056315,-0.107767,0.004114,0.015859,0.016094,-0.262539,-0.176926,-0.041958,-0.012015,-0.099681,0.126816,0.090703,-0.071625,-0.106548,-0.094776,-0.057522,-0.027706,-0.064441,-0.054407,-0.105403,-0.114295,-0.164872,0.002451,-0.13935,-0.13704,-0.225176,0.027403,-0.200892,0.187533,-0.038301,-0.235953,0.091284,-0.375181,-0.029776,0.183964,0.123597,-0.046439,0.097767,-0.333174,0.031239,0.034918,-0.184011,-0.099039,0.126043,0.119088,-0.094908,0.104002,0.210716,0.068255,-0.009331,0.150157,-0.160266,-0.208288,-0.173969,-0.079848,-0.072012,-0.15642,-0.285934,-0.05871,0.006629,0.097798,0.099375,0.018428,0.199483,0.089978,0.072894,-0.074103,0.159902,0.029876,0.142296,0.331335,0.187586,0.148612,0.004349,-0.082069,-0.026575,-0.050673,0.291369,0.194463,-0.063662,-0.024428,0.164631,0.165531,-0.117862,0.299545,0.13135,0.093761,-0.230997,0.00473,-0.007377,-0.223453,-0.046184,-0.210476,#
12,0.194772,0.059334,0.076213,-0.280873,-0.070118,0.118535,0.246439,0.375422,-0.017394,0.271189,-0.099817,0.012699,1.0,0.49255,0.078038,0.229416,-0.024954,0.351865,0.241458,0.127623,0.132969,0.137792,0.321701,0.040097,-0.003733,-0.248931,-0.067619,-0.037992,0.285905,0.193896,-0.035473,-0.053689,-0.003685,0.137738,-0.14902,0.114061,0.107478,-0.090291,-0.033419,-0.11744,0.023065,0.119828,0.093344,-0.201221,-0.234286,-0.375369,0.314328,0.144537,0.028158,0.044151,0.024778,-0.194898,0.159986,-0.101505,0.054015,0.065258,0.044907,-0.331156,-0.028599,0.100088,0.332298,-0.126711,-0.168206,0.259929,0.039366,0.095092,-0.250294,0.126569,0.036054,0.014628,-0.095323,0.239242,-0.371198,-0.199285,-0.208181,-0.000775,-0.180098,-0.107883,-0.049837,-0.010129,-0.064583,-0.335427,-0.290809,-0.195677,-0.137363,0.065333,-0.074761,0.017295,-0.059686,-0.042541,-0.189647,-0.082865,-0.308497,-0.031133,-0.15259,-0.156358,-0.309324,-0.209466,-0.060315,-0.432519,-0.029506,-0.230081,-0.258591,0.056866,-0.129189,-0.03964,-0.2405,-0.19387,-0.051202,-0.258274,0.098546,-0.076273,-0.254088,-0.245674,0.068507,-0.150204,0.008806,-0.035771,0.149212,-0.181408,0.037017,-0.331028,-0.324485,-0.24302,-0.303721,-0.055604,0.160678,0.040437,-0.217753,-0.224981,-0.175775,-0.054539,-0.264292,0.314452,-0.047722,-0.029538,0.08557,-0.282873,0.006858,-0.287213,-0.423731,-0.002447,-0.12613,-0.289564,-0.295606,0.01539,-0.156664,0.303277,-0.281549,-0.065991,-0.33394,-0.047057,-0.037348,-0.243246,0.113615,-0.33328,0.250576,0.230317,-0.179565,-0.230769,0.038337,-0.009815,0.110439,0.029944,0.209199,0.133619,0.101459,0.167473,-0.115007,0.009275,-0.144048,-0.083254,-0.371138,-0.104232,0.126458,-0.174103,-0.235978,0.020042,0.184547,-0.318365,0.182234,0.093796,0.164772,-0.133643,0.213005,-0.058184,0.159743,0.178023,-0.191907,0.309258,-0.287321,-0.199967,0.081012,0.162237,0.050209,0.058132,0.162967,-0.033521,0.09643,0.331431,#
13,0.152685,0.143756,0.020467,-0.483748,-0.229555,0.132688,0.322063,0.191441,0.189636,0.512708,-0.061781,0.139443,0.49255,1.0,0.182765,0.070883,-0.397766,0.126363,0.416628,0.364889,0.288351,0.220286,0.398427,-0.131968,-0.038485,-0.160926,0.175413,0.10521,0.298317,0.133569,0.209967,0.180878,-0.038386,0.041415,-0.252412,-0.142583,0.090361,0.10945,0.018525,-0.371969,0.087511,0.394511,-0.026934,-0.196267,-0.054015,-0.544206,0.202849,0.248081,-0.128961,-0.085562,0.019598,-0.179326,0.166497,-0.230124,-0.057743,0.140775,-0.255097,-0.287785,-0.230882,0.001913,0.51004,-0.035999,-0.213781,0.13366,0.160761,0.224927,-0.188724,0.066913,-0.01091,0.038176,-0.141828,0.356652,-0.067721,-0.26056,-0.21856,-0.017227,-0.162189,-0.063597,-0.02423,0.268192,0.104185,-0.343415,-0.323756,0.041921,-0.266153,0.231,-0.277881,-0.136029,-0.072779,-0.11479,-0.13886,-0.122492,-0.28093,-0.05908,-0.124347,-0.132016,-0.359998,-0.099806,0.178032,-0.298521,-0.218192,-0.146974,-0.332961,-0.311779,-0.153702,-0.064291,-0.126132,-0.367364,0.032554,-0.198097,0.204523,0.106671,-0.529144,-0.085916,0.250376,-0.147045,-0.164762,-0.137138,0.40111,-0.223578,0.017985,-0.227662,-0.026031,-0.277294,-0.327586,0.119535,0.230025,-0.070891,-0.237832,-0.298587,-0.023287,-0.156309,-0.359772,0.000841,-0.089954,-0.174374,0.097577,-0.206396,0.217165,-0.449222,-0.080134,0.126129,-0.08904,-0.334114,-0.395783,0.015211,-0.062528,0.237007,-0.403686,0.052795,-0.240453,0.147704,0.076853,-0.350594,-0.038201,-0.199756,0.503917,0.205703,-0.146209,-0.353561,0.082793,-0.018957,0.142653,-0.197611,0.144407,0.457415,0.158199,0.060331,-0.082755,-0.067488,-0.294704,0.046858,-0.242599,-0.301202,0.098197,-0.360742,-0.023342,-0.026458,0.447847,-0.30482,0.307417,-0.119919,-0.207461,-0.029925,0.141433,-0.015171,-0.043016,0.181492,-0.32955,0.164552,-0.187101,-0.149208,-0.078634,0.177204,-0.018112,-0.22426,0.145743,-0.134631,0.056649,0.370376,#
14,0.063584,0.069574,-0.230512,-0.037921,-0.155103,0.120752,-0.007916,0.289251,0.013128,0.064511,-0.12915,-0.019425,0.078038,0.182765,1.0,-0.085318,0.022139,-0.037045,0.170174,0.083053,0.300955,0.077469,0.186349,0.154965,-0.114728,0.035772,0.214974,0.020334,0.11905,-0.0141,-0.146342,0.11989,0.1005,0.028844,-0.120157,-0.279304,-0.123333,0.018527,-0.121596,-0.234767,0.04774,0.299468,0.058005,0.153849,0.252222,-0.173221,0.103172,0.005984,0.04317,-0.028895,0.078745,0.04839,0.168184,-0.18795,0.029657,0.404191,0.025513,-0.174666,-0.138709,0.064531,0.20645,0.151884,-0.087032,0.088743,0.063909,-0.01577,-0.097694,-0.146738,-0.117068,-0.133182,-0.11256,0.025284,0.10569,0.071631,-0.052559,-0.039735,-0.142712,0.191424,-0.171773,0.321159,0.030611,-0.249587,-0.121144,-0.023984,-0.04158,0.176268,0.142748,-0.067462,0.050542,-0.113671,-0.118886,0.011577,0.109004,-0.129255,-0.0531,-0.001425,-0.213314,-0.043112,-0.047753,-0.238286,-0.023445,0.168689,-0.212633,-0.282929,-0.193544,0.00447,-0.306078,-0.098215,0.118727,0.044188,-0.053026,0.116006,0.01442,0.057875,0.161502,-0.033726,-0.084085,-0.117773,0.033526,-0.336905,0.003982,-0.278613,0.024944,0.066446,-0.229877,-0.263717,-0.059743,0.059357,-0.292681,0.049412,-0.092728,-0.027222,-0.173814,-0.020839,-0.086266,-0.006194,-0.209924,-0.011593,0.059719,-0.172188,-0.144957,-0.084444,-0.218562,0.132029,-0.183915,-0.1535,-0.015458,0.000525,-0.222883,0.144508,-0.110723,-0.133197,0.03715,0.036878,-0.167256,0.031038,0.258994,0.159344,-0.161624,0.259367,-0.028178,-0.009675,0.00743,-0.252472,0.030076,0.138611,0.141277,-0.025161,-0.071629,-0.059949,-0.290371,-0.079428,-0.187134,0.172137,0.074037,-0.260509,0.042531,-0.070453,0.308277,-0.038067,-0.038944,0.220268,0.201572,0.00885,0.059671,-0.049519,0.231846,-0.122396,0.060316,-0.010345,-0.110584,-0.114204,0.101572,0.066823,-0.102439,0.06187,-0.034567,-0.151934,-0.03033,-0.079301,#
15,0.08236,0.11901,0.109121,-0.193369,-0.154974,0.044857,0.261724,0.11717,-0.109924,0.078033,-0.033913,-0.040238,0.229416,0.070883,-0.085318,1.0,0.170419,0.295191,-0.030511,0.11671,-0.178741,0.195524,0.193503,-0.082625,0.097217,-0.006033,-0.201011,0.084276,0.139615,0.066928,0.021704,-0.033902,0.028365,0.042297,0.037273,0.054847,0.154542,0.150757,0.119433,-0.131579,0.034691,-0.002189,0.341101,0.191183,-0.144017,-0.097138,0.154901,0.02342,0.017485,0.221618,0.242318,-0.160972,-0.0027,-0.120821,0.18991,-0.052905,-0.018695,-0.295853,0.044996,0.048156,-0.008371,0.269479,0.050379,0.124481,-0.0966,-0.111058,-0.057985,-0.018396,-0.372344,-0.067914,0.147151,0.299402,0.081464,-0.15437,-0.038823,0.230233,0.023777,-0.158205,0.28691,0.065003,0.062717,-0.090664,-0.270572,0.174583,0.032792,-0.201269,-0.051476,-0.302108,-0.082255,0.262241,-0.106751,0.026869,-0.221384,0.114163,-0.164693,-0.202228,0.048101,-0.097995,0.030349,0.067765,-0.067074,0.093097,-0.289695,0.265072,0.025388,0.067029,0.057061,-0.044457,0.010982,-0.132173,-0.068699,-0.018693,-0.005673,-0.052279,-0.148932,-0.036901,0.185004,-0.243073,0.035445,-0.097257,-0.008022,0.108561,-0.264619,-0.126086,-0.076524,-0.120085,-0.078749,0.281107,-0.060732,-0.127504,-0.069114,-0.08973,0.013853,0.34357,0.016498,-0.122853,-0.083048,-0.358204,-0.058304,-0.072387,-0.056043,0.074357,-0.270156,-0.276518,-0.073116,0.209684,0.058367,0.229652,-0.203536,-0.227481,-0.12223,-0.112897,-0.006821,0.007363,0.023213,0.139034,-0.013753,0.265591,-0.030631,-0.106941,0.139983,-0.126389,0.229934,-0.099769,0.240179,0.032928,-0.102207,0.226666,-0.170271,-0.07055,0.16027,0.149152,0.06876,-0.149588,-0.065603,-0.053322,-0.03867,0.254428,-0.0363,-0.233395,0.188832,-0.106195,-0.046945,0.147237,-0.001388,-0.008396,0.195468,0.016755,-0.040741,-0.012185,-0.053873,-0.127894,-0.014348,0.182114,0.058109,-0.061369,0.163962,0.019519,0.378259,0.285331,#
16,-0.010557,0.095025,-0.152821,0.259355,0.187912,0.050109,0.112909,0.11569,-0.236231,-0.426302,0.051666,-0.041503,-0.024954,-0.397766,0.022139,0.170419,1.0,-0.01663,-0.11782,-0.004112,-0.084961,-0.100726,-0.141535,-0.015623,-0.292277,0.147795,-0.178767,0.049098,0.00259,-0.222015,-0.245069,-0.07803,0.143817,0.177367,0.171741,0.112404,-0.290456,-0.27169,0.02706,0.307381,-0.111228,-0.238921,-0.009326,0.185125,-0.067589,0.322676,-0.074781,-0.464071,-0.011802,0.200507,0.191178,-0.038585,-0.205988,0.036749,0.20431,0.082885,0.407414,0.022697,0.080622,-0.142633,-0.3781,0.14019,0.203491,-0.079635,-0.216859,-0.163324,0.074552,-0.031907,-0.291416,-0.265673,0.04866,-0.280792,0.016011,-0.047307,-0.053281,-0.085864,0.096871,-0.079898,0.050618,-0.107764,-0.165562,0.142386,0.223821,-0.14808,0.098382,-0.046117,0.29313,-0.106144,-0.087785,0.176977,-0.056361,0.075031,0.034239,-0.026584,0.137776,-0.03572,0.349942,-0.163533,-0.20086,0.194766,0.095464,0.245631,0.211126,0.274576,-0.105382,-0.053858,0.116129,0.047112,-0.023542,-0.082298,-0.355911,-0.092166,0.295715,0.197081,-0.393356,0.019014,0.245056,0.090299,-0.214499,-0.018255,-0.06377,0.040621,-0.289399,0.094979,0.155954,-0.350327,-0.42293,-0.027545,-0.0122,0.108606,-0.132462,-0.187701,0.21467,0.044148,0.221329,0.110009,0.318968,-0.217586,-0.327927,0.110308,0.078328,-0.084322,0.059484,0.273713,0.025166,-0.055391,0.078269,-0.015297,0.074848,-0.194403,0.172799,-0.163664,0.144302,0.074247,-0.016948,0.004091,-0.339468,-0.068722,0.002101,0.333801,-0.187265,0.028315,0.148978,-0.210236,-0.256442,-0.229004,0.038069,-0.011285,-0.136018,0.079646,0.156045,-0.028393,0.018571,0.069192,-0.175822,0.216793,-0.077417,0.172019,-0.290683,-0.021779,-0.265037,0.051013,0.514892,0.078232,-0.149622,-0.208113,0.013594,0.049871,0.301107,-0.106094,-0.024708,0.127003,-0.145796,-0.210123,0.065398,0.08707,-0.088372,-0.027437,-0.148271,-0.189635,#
17,-0.358252,0.096902,0.315477,-0.025386,-0.265484,0.014052,0.180805,0.20959,0.00543,0.361497,-0.331692,-0.078008,0.351865,0.126363,-0.037045,0.295191,-0.01663,1.0,-0.168266,0.199904,-0.218485,-0.114272,0.127193,-0.021197,0.21501,0.117661,0.007645,-0.183219,0.108126,0.09586,-0.063737,-0.178478,-0.082669,0.086411,-0.149081,0.093473,0.084066,0.057697,0.029024,-0.321718,0.021491,0.001892,0.223749,0.042575,-0.121811,-0.22737,0.033834,0.024928,0.169814,0.080823,-0.035036,-0.082601,0.18412,0.098199,0.183689,0.046246,0.065977,-0.335915,-0.033353,0.001754,0.219643,0.016871,-0.12744,0.027866,0.117781,0.137532,-0.018113,0.032086,-0.064427,0.057412,-0.075886,0.17272,-0.287932,-0.158947,-0.04657,-0.035762,0.0703,-0.101861,0.057617,0.090301,-0.089987,-0.166768,-0.215923,0.326441,-0.26668,0.057602,-0.158783,-0.209779,-0.2681,-0.012776,-0.109286,-0.145733,-0.402292,0.064068,-0.21046,-0.108145,-0.2117,0.020082,0.049921,-0.142841,-0.433459,-0.191223,-0.207014,0.257076,-0.072864,-0.146676,0.062205,-0.248906,0.180747,-0.058,0.107468,-0.02446,0.006007,-0.126759,-0.101072,-0.21609,0.021209,-0.121486,0.085994,-0.174987,-0.05904,-0.215782,-0.279132,-0.292188,-0.223672,-0.047931,0.111465,0.163038,-0.168136,-0.033708,0.116999,0.097864,-0.25188,0.094171,-0.097538,-0.189461,0.118348,-0.069157,-0.144618,-0.132995,-0.242748,-0.11747,-0.087691,-0.320963,-0.102002,0.08264,-0.236812,0.387139,-0.034446,-0.156629,-0.288396,0.026168,-0.037626,-0.243564,-0.026981,-0.099751,0.055563,0.381512,-0.010361,-0.221175,0.044086,0.035031,-0.220912,0.221359,0.185423,0.193916,-0.101996,-0.070046,-0.048404,0.046498,-0.102771,0.009102,-0.145647,-0.161878,0.06857,-0.17445,-0.086331,-0.036325,0.044511,-0.155464,0.363565,0.037786,-0.031885,-0.048319,0.219025,-0.13564,0.26701,0.240587,-0.377398,-0.036126,0.008133,-0.269804,-0.123876,0.116602,-0.181534,-0.099986,0.217637,0.091982,0.1109,0.401175,#
18,0.445467,0.305129,-0.028408,-0.187495,-0.035785,0.187188,0.306844,0.122909,0.033951,0.139081,0.134997,0.041392,0.241458,0.416628,0.170174,-0.030511,-0.11782,-0.168266,1.0,0.050293,0.258812,0.119464,0.199467,-0.042921,-0.055363,-0.064101,0.031288,0.144677,0.37862,0.003615,-0.044219,0.233941,0.011847,0.016362,-0.155456,0.014876,0.009439,-0.002036,-0.22718,0.059041,0.155947,0.226192,-0.061896,-0.188409,0.142279,-0.12611,0.017894,0.002296,-0.189394,-0.00032,0.015671,-0.031548,0.291087,-0.041151,0.046121,0.156499,-0.08202,-0.205554,-0.10686,-0.020061,0.275723,-0.232316,-0.092946,0.100702,-0.027386,0.152694,-0.329419,0.112167,-0.047668,0.022164,-0.129027,0.140777,-0.062562,-0.300914,-0.257226,-0.016088,-0.122462,-0.112191,-0.217123,0.150266,0.229307,-0.181942,-0.024411,-0.314594,-0.006905,0.016472,-0.127698,-0.128678,-0.060917,-0.174978,-0.316315,-0.157143,0.044803,-0.297966,0.201326,-0.194452,-0.210591,-0.096922,-0.011525,-0.089942,0.17911,0.050711,-0.049771,-0.381596,-0.171131,-0.029258,-0.305352,-0.025807,-0.237789,-0.06756,-0.007351,0.149363,-0.332096,-0.055787,0.285406,0.16315,-0.097891,0.030093,0.23446,-0.151416,-0.014929,0.002469,-0.109477,-0.039507,-0.369859,0.022504,0.081143,-0.047202,-0.115709,-0.061846,-0.094602,-0.226329,0.06013,0.03876,-0.026504,0.061277,-0.041638,0.034647,0.242628,-0.189589,-0.279243,0.087056,-0.114041,-0.102463,-0.109373,0.006722,-0.218029,0.132013,-0.451406,-0.102233,-0.100853,-0.126544,0.030498,-0.283929,0.13865,-0.151996,0.176128,0.012847,-0.344499,-0.133954,0.132516,0.09472,0.048448,-0.305724,-0.032264,0.21994,0.286031,0.184693,-0.232763,-0.175547,-0.035828,0.010715,-0.097235,0.118465,-0.071031,-0.08172,-0.170591,0.069413,0.325418,-0.183445,-0.024999,-0.10927,0.006009,0.293418,0.031375,0.033042,0.345257,0.083884,0.054583,0.123182,-0.236231,-0.012341,0.026802,0.075878,0.029407,-0.095294,0.013103,-0.234971,-0.095788,0.019603,#
19,-0.004501,-0.106528,0.023276,-0.194356,-0.078966,-0.15252,0.103131,-0.064563,0.083332,0.192454,-0.048387,-0.037776,0.127623,0.364889,0.083053,0.11671,-0.004112,0.199904,0.050293,1.0,0.081634,0.156413,0.168611,0.027934,-0.219424,-0.079935,0.237539,-0.042616,0.19419,-0.178005,0.013624,0.27544,0.316654,0.122594,-0.121937,-0.245261,0.082286,0.127023,-0.090752,-0.154763,0.134224,0.037646,0.113513,-0.092563,-0.134062,-0.308321,0.083799,0.294641,-0.111263,-0.127676,0.045654,-0.165003,0.139462,-0.059735,-0.088791,0.066643,-0.02914,-0.143911,0.150379,-0.034684,0.22433,-0.003571,-0.108767,-0.08778,-0.043834,-0.02844,0.105785,-0.00167,-0.091291,0.231493,-0.002191,0.164515,0.258484,-0.287013,-0.208608,-0.343055,0.180832,0.024089,0.317899,0.265988,0.24472,0.163701,-0.077608,-0.067075,0.023689,0.556931,-0.0281,-0.269961,0.128107,-0.073361,-0.098105,0.301567,-0.044206,-0.024382,0.107143,0.083668,0.055198,-0.095993,-0.015161,0.069542,-0.347342,0.182945,-0.034596,-0.044596,0.363454,0.083843,0.159021,-0.147771,0.320926,-0.165864,0.018234,-0.137709,0.104683,0.086314,0.142024,-0.02262,0.024107,0.001012,0.139725,-0.235505,0.009809,-0.110076,0.065446,-0.111634,-0.009148,0.251196,0.20636,0.129104,0.199866,0.242459,0.435771,-0.14478,0.009819,-0.031408,0.30323,0.057748,0.144272,0.050079,0.127164,0.1777,0.203883,0.129241,0.016081,-0.052267,-0.153164,0.090835,0.091221,-0.061384,-0.083902,-0.000158,-0.004949,0.104342,0.227647,-0.175249,-0.051861,0.075897,0.217595,0.011268,0.007165,-0.098301,0.322993,0.052494,0.153592,-0.183258,0.03775,0.119796,0.333566,-0.024604,-0.056786,0.216388,-0.277325,-0.122782,-0.22484,-0.123069,-0.208746,-0.04284,0.218281,-0.165293,0.17672,-0.068754,0.093023,0.00083,-0.152932,-0.011362,-0.26232,-0.34829,0.222568,0.312375,-0.233912,-0.093457,0.137103,-0.197291,-0.279754,-0.023851,0.253178,-0.226424,-0.337841,-0.151332,0.297395,0.050813,#
20,0.086518,0.256736,-0.212602,0.034051,-0.153656,0.064934,-0.063518,0.332622,-0.134088,0.038927,-0.045384,0.144943,0.132969,0.288351,0.300955,-0.178741,-0.084961,-0.218485,0.258812,0.081634,1.0,0.116154,0.043608,-0.069792,-0.177928,-0.173863,0.239809,0.061618,-0.191255,-0.079321,0.030833,0.147305,0.363548,0.093918,-0.444218,-0.383927,-0.11946,-0.174922,0.016024,-0.081426,0.163801,0.203838,-0.26365,-0.018002,0.133176,-0.169418,0.092079,-0.002978,-0.016893,-0.048552,-0.148111,0.182587,0.106674,0.097346,0.012801,0.149324,-0.037086,-0.055379,-0.374922,0.080092,-0.027855,-0.083387,-0.096765,0.119678,0.2527,0.119326,-0.264885,0.078058,0.115133,0.080226,-0.088094,0.106964,-0.065757,0.103072,-0.264403,-0.172617,0.011715,0.20263,0.074843,0.148097,0.20192,-0.181817,0.036959,-0.093452,0.120158,0.084343,0.012459,0.197965,0.448479,-0.044599,0.020292,0.054976,0.115239,0.103179,0.224525,0.154463,-0.108387,-0.238074,0.1913,-0.188566,0.129582,0.226059,0.119846,-0.09486,-0.01541,0.146602,0.007466,0.056117,-0.083431,-0.096546,-0.034743,0.059675,-0.17861,0.060981,0.266784,0.112804,-0.051874,-0.019699,-0.016557,-0.03163,0.139256,-0.244107,0.027403,0.017921,0.021444,-0.040193,0.034327,-0.373539,-0.099998,0.031316,0.075367,0.031262,-0.007428,-0.141117,0.107408,0.316265,0.141983,0.120584,0.200384,-0.072463,-0.002849,0.26306,0.074584,0.19341,-0.075967,-0.136101,0.01807,-0.175119,0.045803,0.095063,0.189182,0.080928,0.080855,0.092779,0.112936,-0.065673,0.146171,-0.142599,-0.116091,0.119474,0.017846,-0.03274,-0.010757,-0.297588,-0.057739,-0.022262,0.269824,0.142658,0.082652,-0.117258,-0.09582,0.073557,-0.22358,-0.01256,0.084147,-0.066065,0.110567,-0.23232,0.241809,0.055975,-0.201088,-0.092019,0.159989,0.0118,0.077866,-0.033974,-0.065173,-0.168246,-0.16549,0.22744,0.020106,-0.131143,-0.039051,-0.072666,-0.019773,-0.251036,-0.051923,-0.540318,-0.242201,-0.107631,#
