0,1.0,0.345025,0.01878,-0.20908,0.309366,0.061865,0.164229,0.134106,0.194406,0.20594,-0.126039,0.102065,0.321126,0.284358,0.024803,-0.167562,0.120375,0.19329,0.063863,-0.239074,-0.215073,0.0549,0.274076,-0.129725,-0.287847,-0.317343,-0.037233,-0.1041,0.208673,0.45434,-0.312042,0.049457,0.086016,-0.145235,-0.139344,0.062621,-0.250322,-0.030359,-0.033723,0.063692,0.02007,0.029029,-0.07086,0.191009,-0.071881,-0.395518,0.214208,0.192966,-0.25277,0.027812,-0.00745,-0.154768,0.119657,-0.07846,0.025332,-0.075713,0.08085,-0.160612,0.004618,0.164403,0.168875,0.028585,-0.126456,-0.085794,0.139535,0.360307,0.074998,0.14706,0.159848,-0.133022,-0.055281,-0.047585,-0.192553,-0.24921,-0.245572,0.313582,-0.193195,-0.232804,-0.146698,-0.113917,-0.288968,-0.180586,-0.251432,0.144935,-0.232226,-0.129162,-0.288812,-0.163859,0.004863,-0.350932,-0.35894,-0.36691,-0.259332,0.102039,-0.06432,-0.320871,-0.008228,-0.228446,-0.082439,-0.354785,0.139214,-0.43368,-0.118914,-0.155999,-0.276416,0.01603,-0.169497,-0.06519,-0.478804,-0.044909,0.113312,0.064702,-0.26374,-0.248997,-0.449723,-0.203709,-0.352271,-0.259718,0.061734,-0.461585,-0.298131,-0.400364,-0.301283,-0.232389,-0.213205,-0.113264,-0.238777,-0.082103,-0.150724,-0.361915,-0.22938,-0.145366,-0.176371,0.177177,-0.343647,-0.273355,0.264733,-0.305402,-0.144262,-0.274842,-0.065182,-0.225099,-0.513107,-0.094889,-0.178203,-0.298136,-0.291571,0.317513,-0.241254,-0.318599,-0.294693,-0.400016,-0.233704,-0.228923,-0.400383,-0.299005,0.328431,0.439308,-0.343686,-0.168836,-0.273177,-0.0446,-0.177467,-0.265035,-0.170663,0.116124,-0.192799,-0.147151,-0.05736,-0.223352,0.164432,0.096169,-0.303093,-0.271149,0.384426,-0.421679,-0.171117,0.222414,0.304177,-0.443247,0.134532,0.220141,-0.14213,0.005465,0.439663,-0.097905,0.244079,0.095238,-0.118401,0.59266,0.005954,0.154405,0.368793,0.391311,-0.158121,0.373642,0.21123,-0.434251,-0.309643,0.236204,#
1,0.345025,1.0,0.079086,-0.12433,0.181499,-0.097397,0.303744,0.204166,0.195986,0.386323,-0.201513,-0.0179,0.275203,0.226695,0.336898,-0.150149,-0.147477,0.279858,0.240638,-0.149469,0.065607,0.175196,0.146899,0.035662,-0.296658,-0.105668,0.318262,0.077312,0.338137,0.521652,-0.567326,0.067004,0.147678,0.056459,-0.121508,0.028466,-0.176656,-0.118725,-0.00342,-0.035369,-0.223473,0.23651,0.007677,0.157429,-0.024698,-0.432567,0.308729,0.213974,-0.082293,0.28569,0.134252,-0.284803,-0.042562,0.09386,0.183823,-0.207674,-0.202421,-0.022782,-0.100036,0.092204,-0.033042,0.223868,-0.404943,0.249054,0.097893,0.168378,0.020733,0.264269,0.073248,-0.270053,-0.207359,-0.153347,-0.110834,-0.262806,-0.328171,0.37031,-0.327356,-0.286261,-0.395607,-0.441375,-0.341948,-0.332307,-0.457254,0.191771,-0.434077,-0.081566,-0.265531,-0.148863,-0.217384,-0.151006,-0.168112,-0.290353,-0.372705,-0.011512,-0.2107,0.027527,0.103574,-0.291861,-0.074611,-0.243151,0.003186,-0.508556,-0.630828,-0.189432,-0.580715,-0.245811,-0.484404,-0.222212,-0.539729,-0.160608,0.029621,0.304879,-0.193397,-0.432224,-0.263663,-0.130558,-0.299235,-0.488034,-0.001815,-0.380237,-0.387131,-0.131416,-0.379568,-0.355326,-0.037809,-0.097876,-0.306304,-0.154432,-0.184754,-0.276428,-0.303523,-0.424706,-0.345871,0.188517,-0.320861,-0.199026,0.068212,-0.162883,0.020314,-0.339408,-0.256659,0.050102,-0.509323,-0.075773,-0.187537,-0.384535,-0.210035,0.341522,-0.368,-0.347097,-0.228107,-0.427601,-0.173879,-0.129759,-0.418617,-0.187802,0.290479,0.415341,-0.279947,-0.03983,-0.139134,-0.130406,0.108949,-0.001177,-0.187089,0.425711,-0.204284,0.024485,-0.117107,-0.002529,-0.021823,0.00171,-0.135555,-0.4434,0.432844,-0.175873,-0.286398,0.196449,0.329071,-0.36365,0.170001,0.204563,-0.111781,0.017919,0.31125,-0.161523,0.20062,-0.143105,-0.171687,0.562818,-0.061858,0.599741,0.311647,0.214294,-0.274072,0.013376,0.279007,-0.371456,-0.160356,0.146226,#
2,0.01878,0.079086,1.0,0.31486,0.277586,-0.272179,-0.028976,-0.058142,-0.098693,-0.022384,-0.099991,0.118691,-0.078699,-0.086136,-0.23324,-0.193603,-0.043141,-0.075399,-0.05925,-0.142389,-0.091279,-0.1457,0.058833,-0.123819,-0.187949,-0.10709,0.237151,-0.326809,-0.107521,0.208138,-0.097742,0.150075,-0.242994,-0.079201,-0.092513,-0.036567,0.129933,-0.098432,0.140427,-0.105634,-0.041933,0.040368,-0.060207,0.020411,-0.080688,-0.15797,-0.091016,0.309484,-0.091276,0.02842,-0.170339,0.23156,0.126495,0.220203,-0.061084,-0.148912,-0.242312,-0.085993,-0.199087,-0.087939,-0.057043,-0.148525,-0.216504,-0.016575,-0.032945,-0.018733,-0.158503,-0.044134,-0.006492,0.270066,0.111265,0.201602,0.071771,0.176468,-0.155412,0.187733,-0.166179,-0.199729,-0.155879,0.138528,0.067325,-0.004758,-0.048125,0.304615,0.009334,-0.052736,-0.004304,0.114586,-0.026404,-0.055764,-0.16702,-0.131919,0.105408,0.002184,-0.223002,0.138588,0.20219,-0.101198,0.099838,-0.062209,-0.043896,-0.060453,-0.034356,0.001802,-0.177793,-0.221134,0.095021,0.047833,-0.12883,0.279997,0.17942,-0.000939,-0.110115,-0.013005,0.246622,-0.076394,-0.116323,-0.254439,0.012821,-0.034924,-0.207813,-0.157859,0.220828,-0.058164,-0.138516,0.002284,-0.363353,0.005407,0.095373,0.070656,0.275354,-0.163364,-0.350271,0.000375,-0.071496,0.008584,0.342508,0.178494,0.065863,0.017907,0.115434,0.320775,-0.054771,-0.255884,-0.099366,0.293928,-0.080059,0.110557,-0.101901,-0.081487,-0.278016,0.01328,0.166785,-0.199453,-0.149032,-0.239657,-0.038564,0.209237,0.165558,-0.188684,-0.009883,-0.005003,0.205945,-0.046614,-0.002458,-0.121723,-0.245435,-0.18663,0.122414,-0.043397,-0.003699,-0.125875,0.035329,-0.032228,0.016714,0.013193,-0.038146,-0.088384,-0.070057,-0.002389,0.101298,-0.186904,0.00764,0.086601,-0.052378,0.004963,-0.158956,-0.246446,-0.121915,0.085995,0.282028,0.11757,0.061848,0.090404,0.074771,-0.328034,0.183187,0.09936,0.126934,0.027291,#
3,-0.20908,-0.12433,0.31486,1.0,-0.017177,-0.318066,-0.253277,-0.383447,-0.189484,-0.037229,0.210446,-0.182725,-0.089835,-0.262645,-0.278506,-0.172899,0.03943,-0.04297,0.013617,0.100868,0.110318,-0.32557,-0.044556,-0.046531,0.090834,0.079476,-0.0079,-0.055725,-0.106572,-0.13828,0.422594,-0.120605,-0.296152,-0.093105,0.003423,-0.401618,0.119288,0.127094,0.003483,0.076337,0.152094,-0.08771,-0.033347,-0.156036,-0.010144,0.087155,-0.138445,-0.120859,0.332545,-0.175057,-0.076252,0.43269,-0.004071,0.168999,0.133417,0.04879,-0.006962,-0.030234,0.018164,0.028235,-0.108871,-0.036283,0.011556,-0.144255,-0.064976,-0.218735,0.090389,-0.023153,-0.172862,0.275841,0.095396,0.288979,0.257888,0.268343,0.226585,-0.217636,0.086926,-0.077367,0.364881,0.2391,0.078976,0.394948,0.232468,0.141126,0.150004,-0.059118,0.095467,0.300768,0.089718,0.247646,0.218647,0.173033,0.250539,-0.131731,0.264143,0.256951,0.185196,-0.028952,0.095707,0.259981,0.052643,-0.094478,0.325787,-0.03405,0.163665,0.284991,0.166608,0.235989,0.187361,0.337781,-0.023819,-0.126859,0.300751,0.146558,0.104618,0.03983,0.381424,0.109719,0.127219,0.048639,0.23338,0.140009,0.327797,0.083577,0.010467,0.110333,-0.099391,0.087341,0.314264,0.102695,0.478342,0.059761,0.005913,0.019807,0.175567,0.42113,0.011058,0.223175,0.077551,0.278229,0.299011,0.284957,0.206444,-0.130251,0.209095,0.441048,0.172317,-0.148375,0.158145,0.241097,0.168928,0.301608,0.181541,0.080328,0.202074,-0.058681,-0.262111,-0.173735,0.472323,0.005751,-0.292567,0.118841,-0.057068,-0.105826,-0.050648,-0.042689,-0.033552,-0.081103,0.015096,0.104448,-0.155308,-0.143171,0.165969,0.103748,-0.25276,0.061152,0.178738,0.002325,-0.251699,0.279366,-0.371525,0.007298,-0.083847,-0.124655,-0.076823,-0.0942,-0.082548,0.090532,0.107537,-0.231664,0.21054,-0.12051,-0.237019,-0.008863,-0.086639,-0.223121,-0.226697,0.204663,-0.104892,-0.081702,#
4,0.309366,0.181499,0.277586,-0.017177,1.0,-0.083927,0.279185,-0.092825,0.08902,0.163231,0.134171,0.172939,0.124631,-0.09961,0.183793,-0.152478,0.260146,0.173096,-0.100445,-0.130039,-0.213077,0.032741,0.043572,-0.092467,-0.310359,-0.180348,0.013592,-0.153413,0.15693,0.231307,-0.220943,-0.067332,-0.034279,-0.13647,-0.19688,0.160526,-0.159622,-0.239186,0.002596,0.259985,-0.100019,0.021499,-0.227284,0.043481,-0.132552,-0.12851,0.074661,0.288181,-0.09443,0.141652,0.205546,-0.240744,0.059346,-0.038682,0.100415,-0.308188,-0.410946,0.019111,-0.264634,-0.328703,-0.03077,0.139162,-0.02398,0.064149,0.10229,0.225388,0.093938,0.043297,0.065268,0.021851,-0.160816,-0.246405,0.051808,-0.207805,-0.186723,0.401063,-0.337033,-0.52036,-0.261716,-0.402313,-0.346444,-0.264819,-0.367235,-0.118898,-0.22073,-0.228134,-0.323987,-0.321251,-0.282433,-0.226584,-0.20035,-0.260749,-0.21173,-0.12217,-0.325024,-0.09058,0.031313,0.010717,-0.008368,-0.169224,0.04442,-0.277898,-0.157689,-0.076534,-0.254239,-0.386509,-0.27848,-0.132347,-0.308288,0.274537,0.089332,-0.153037,-0.396,-0.392137,-0.126656,-0.253686,-0.271318,-0.365337,-0.149513,-0.131115,-0.437744,-0.217891,-0.233028,-0.164164,-0.057831,-0.228482,-0.402704,-0.143817,-0.357935,-0.167256,-0.166257,-0.296052,-0.391744,-0.216361,-0.10678,-0.400095,0.320384,-0.229689,-0.204334,-0.130302,-0.121442,0.016769,-0.040474,-0.217787,-0.331258,-0.212064,-0.227094,0.231528,-0.311125,-0.173212,-0.201961,-0.212151,-0.313363,-0.247788,-0.383146,-0.212378,0.287655,0.311504,-0.251973,-0.226914,-0.043523,-0.142194,0.026703,-0.090417,-0.353393,0.275376,-0.044118,0.146179,0.132713,-0.186524,0.223431,-0.118464,-0.27529,-0.242078,0.190254,-0.279984,-0.351585,-0.096659,0.236595,-0.093919,0.177043,0.070016,0.316413,0.238999,0.180086,-0.102361,0.147226,-0.054095,-0.06602,0.253262,0.057579,0.386912,0.221685,0.293979,0.10193,-0.126523,0.2204,-0.263121,-0.505908,0.382012,#
5,0.061865,-0.097397,-0.272179,-0.318066,-0.083927,1.0,0.11788,0.182435,0.139839,0.016733,0.109526,0.036276,-0.117627,0.241034,0.222413,0.054496,-0.007396,0.030763,-0.243418,0.20467,-0.099165,0.244672,0.088015,-0.137266,0.171583,-0.190928,0.037026,0.161691,-0.046201,-0.083288,-0.041102,0.251673,-0.093212,-0.139341,-0.163471,-0.053898,-0.292455,0.128042,-0.016884,-0.161613,-0.084552,0.171867,0.114457,0.244306,0.12783,-0.122797,0.053223,-0.013352,-0.066393,0.231638,0.067871,-0.016204,0.235896,-0.218684,-0.162922,0.005099,0.08777,-0.064025,0.138363,0.125454,0.123807,-0.010972,-0.000619,0.180003,0.065179,0.104902,-0.215296,0.046164,-0.118768,0.125314,0.094867,0.041195,-0.110104,-0.032765,-0.11609,0.077967,0.115069,0.17387,-0.100231,-0.073894,0.118905,-0.116099,-0.01978,-0.145598,-0.031627,0.14822,-0.115239,-0.25725,0.085559,-0.245334,0.038694,0.103288,-0.015904,0.170012,0.160293,0.066131,-0.008202,0.015456,-0.082241,-0.189457,-0.222139,0.069545,0.084296,-0.025795,0.127536,0.038602,0.030969,-0.235655,-0.075858,-0.252345,0.100513,0.186735,-0.138,-0.201022,-0.191202,-0.213983,-0.16337,0.117265,-0.164915,-0.049374,-0.015961,-0.032903,0.088971,-0.056947,-0.168417,0.120434,0.130665,0.162279,-0.037942,0.000502,-0.01966,0.048232,-0.047968,0.009479,-0.096927,-0.154443,-0.101798,-0.186407,-0.117178,-0.086386,0.132964,-0.333462,-0.28006,-0.069322,0.020193,0.020511,-0.135247,-0.026316,0.234403,-0.150251,-0.047687,-0.011938,-0.049498,0.17237,-0.098641,0.136841,0.143622,0.070674,-0.226194,0.035737,-0.180291,-0.061586,0.056072,0.040668,0.046169,0.080171,0.215053,0.141151,-0.040934,-0.107789,0.123579,0.082064,-0.096253,0.182064,0.082701,-0.009746,0.084004,0.026993,0.220255,-0.082881,0.259287,0.239631,-0.05039,-0.014609,-0.176014,-0.122685,0.119347,0.103433,-0.068902,0.12682,-0.020391,-0.187538,0.047293,-0.168204,0.049743,0.082033,-0.012109,-0.015553,0.102247,0.155211,#
6,0.164229,0.303744,-0.028976,-0.253277,0.279185,0.11788,1.0,0.291346,0.58562,0.084053,0.060252,-0.067958,0.287473,0.049702,0.323047,-0.180192,-0.219926,0.010316,0.027704,0.023208,0.083049,0.271939,0.162216,-0.202346,-0.039687,-0.161586,0.162698,-0.215411,0.131001,0.250152,-0.48055,-0.051634,0.157482,-0.080596,-0.259505,0.041538,0.00108,-0.242526,0.029301,0.172524,0.088425,0.167499,-0.213987,0.04897,-0.072674,-0.118428,0.177231,0.307267,0.074343,0.230782,0.146258,-0.308624,0.040589,-0.161155,-0.067281,0.123342,0.124414,0.112553,0.020681,0.204634,0.086534,0.098858,-0.260261,0.142594,0.297861,0.29168,-0.057026,-0.013833,0.124881,-0.237274,0.120734,-0.222461,0.007351,-0.302579,-0.496463,0.445793,-0.094591,-0.213728,-0.272693,-0.161003,-0.242201,-0.414474,-0.211374,-0.260655,-0.47724,0.03899,-0.090646,-0.024336,-0.330017,-0.283022,-0.376308,-0.357779,-0.439469,0.117143,-0.339886,-0.17233,0.019818,-0.064018,-0.023518,-0.095532,-0.135901,-0.08525,-0.099988,0.038728,-0.2506,-0.294396,0.053454,-0.20947,-0.28292,-0.28519,0.302936,0.246419,-0.311731,-0.53351,0.033882,-0.131334,-0.248451,-0.210067,-0.004863,-0.365087,-0.248801,-0.291734,-0.240035,-0.469219,-0.134429,0.08178,-0.177979,0.141204,-0.283156,-0.084091,-0.419806,-0.446061,-0.37623,-0.101296,-0.164793,-0.211421,-0.016461,-0.051256,0.042476,-0.442907,-0.354772,-0.05772,-0.247808,-0.170891,-0.177227,-0.31789,-0.358981,0.640362,-0.010434,-0.400429,-0.044621,-0.305393,-0.21838,-0.21741,-0.305298,0.086837,0.323058,0.392319,-0.10168,-0.358064,0.392879,-0.024612,0.164826,-0.117365,0.07996,0.370779,-0.020367,-0.014118,-0.201873,-0.041182,-0.066565,-0.183149,-0.090652,-0.189689,0.183198,-0.118932,-0.176014,0.335972,0.608033,-0.21096,0.202487,0.406996,0.005054,-0.151158,0.333618,0.055837,0.146618,-0.079228,-0.378934,0.345653,0.200073,0.178567,0.221545,-0.011189,-0.002239,0.014065,0.270682,-0.18149,-0.089801,-0.041091,#
7,0.134106,0.204166,-0.058142,-0.383447,-0.092825,0.182435,0.291346,1.0,0.265354,-0.089483,-0.249971,-0.004218,0.007974,0.141998,0.140416,-0.034526,-0.059531,0.04833,-0.139275,-0.046417,0.141666,0.418318,0.052642,0.249162,-0.116947,0.005553,0.377144,0.158596,-0.128952,-0.103428,-0.223311,0.360061,0.064792,-0.012202,-0.113657,0.007593,0.035906,-0.468721,0.222235,-0.094269,-0.016657,0.119131,0.058064,0.049896,-0.105842,0.060999,0.08891,0.213626,-0.19181,0.071919,0.022924,-0.222892,0.124197,-0.128569,-0.320561,0.032292,0.196232,-0.038011,0.155595,0.211491,0.036523,0.055965,-0.198518,0.282207,0.163936,0.281357,-0.172499,0.108472,0.187711,-0.22058,0.171693,0.140328,-0.32487,0.091088,-0.275705,0.137825,-0.040662,0.013621,-0.348186,0.043011,0.043709,-0.105798,0.070723,-0.097042,-0.075109,0.306106,0.129431,0.016192,-0.011298,-0.182437,-0.120715,-0.134086,-0.102293,0.189199,-0.172419,-0.031833,-0.004392,0.033861,-0.081338,-0.203052,-0.099862,-0.106601,0.026743,0.097816,-0.13294,-0.204888,-0.017031,-0.122255,-0.15273,-0.383832,0.115502,0.148295,-0.289811,-0.068645,0.167095,0.030693,-0.180296,0.056454,-0.204314,-0.057149,-0.085197,-0.167546,0.045593,-0.221796,0.020332,-0.018408,0.058215,-0.127155,-0.045001,-0.005267,-0.329625,-0.14027,0.141497,-0.153746,0.174058,-0.001552,0.110878,-0.029346,0.089262,-0.327515,-0.231434,-0.09634,-0.200426,0.113248,-0.035757,-0.141668,-0.273219,0.216033,-0.099065,0.014963,-0.120902,-0.075072,-0.059838,-0.037458,0.128259,0.129946,0.222179,-0.022964,-0.265819,0.057539,0.155085,-0.021036,0.067706,-0.01498,0.284685,0.169352,-0.003177,-0.129567,-0.231956,0.020005,-0.045172,0.042762,-0.286419,-0.120879,0.019202,-0.032687,-0.00906,0.017379,0.163292,-0.357735,0.122135,0.055515,0.079645,0.016193,-0.02998,0.057181,0.025989,-0.146143,-0.084369,0.140526,0.180105,0.144221,0.121696,-0.253231,-0.006944,0.212975,-0.04036,-0.248887,-0.048316,-0.019995,#
8,0.194406,0.195986,-0.098693,-0.189484,0.08902,0.139839,0.58562,0.265354,1.0,0.186808,-0.057767,-0.084412,0.313015,0.128518,0.253472,-0.262315,-0.384974,0.13992,0.188601,-0.000693,0.06791,0.132298,0.256078,-0.033319,0.154638,-0.337471,0.230098,0.027621,0.344927,0.194329,-0.316563,-0.03113,0.205056,-0.079693,-0.388127,-0.006979,0.037705,-0.253203,-0.093731,0.067515,0.210808,-0.005035,-0.166387,0.062531,0.048701,-0.264818,0.30989,0.265934,0.087161,0.151458,-0.073247,-0.202419,0.04772,0.056606,-0.114988,-0.095834,0.218564,-0.11063,0.294116,0.041158,0.093241,-0.075636,-0.176023,0.168618,0.148138,0.328242,0.078361,-0.004548,0.207075,-0.190518,0.168958,-0.101601,-0.063251,-0.094102,-0.241069,0.267016,-0.052513,-0.202277,-0.148223,-0.215357,0.027281,-0.397563,-0.176385,-0.180496,-0.265294,0.203684,0.081628,-0.050916,-0.184143,-0.187524,-0.211102,-0.125549,-0.57491,0.414385,-0.157899,0.003957,0.139961,-0.08839,0.196923,-0.059534,-0.167777,-0.038389,0.058165,0.034474,-0.044735,-0.161452,-0.075557,-0.093265,-0.174077,-0.260436,0.347053,0.304997,-0.193957,-0.262336,0.005937,-0.268135,-0.157533,-0.016826,0.073892,-0.265912,-0.205219,-0.316542,0.045625,-0.490472,-0.015389,0.127856,-0.025116,0.154979,-0.155986,-0.142183,-0.298533,-0.351902,-0.119207,-0.000518,-0.051372,-0.030541,-0.150772,-0.027327,0.120906,-0.18829,-0.152952,-0.083509,-0.368322,-0.165806,-0.155226,-0.082531,-0.189402,0.346924,0.040759,-0.212315,0.075402,-0.264641,-0.108437,-0.211548,-0.083045,0.045686,0.398366,0.484654,0.044383,-0.209052,0.214865,-0.040789,0.103215,-0.009082,0.118215,0.278805,0.01469,-0.087154,-0.320999,0.04681,-0.247676,0.1484,-0.067569,-0.242647,0.234557,-0.078809,-0.225677,0.198317,0.441621,-0.292218,0.175881,0.212046,-0.067363,-0.194782,0.142941,0.117482,0.197776,-0.036674,-0.403831,0.143595,0.243639,-0.036656,0.162766,-0.130054,-0.061988,0.032917,0.173937,-0.241451,0.030149,-0.012928,#
9,0.20594,0.386323,-0.022384,-0.037229,0.163231,0.016733,0.084053,-0.089483,0.186808,1.0,0.018883,-0.233012,0.310136,0.093567,0.184689,-0.055869,-0.160976,0.193323,0.150308,-0.196363,-0.132236,0.140021,0.299658,0.064921,-0.18499,-0.018304,0.051467,0.013196,0.073952,0.33483,-0.11152,0.144121,0.101344,0.276436,-0.338358,-0.037169,-0.052892,-0.202604,0.010985,-0.067969,-0.110391,0.187972,0.205785,0.186092,0.149716,-0.359802,0.161397,0.212886,-0.196926,0.120425,-0.051,-0.077468,0.06436,-0.108426,0.006018,-0.288941,-0.052304,0.065504,-0.19391,-0.083776,0.251004,-0.0537,-0.373768,0.144366,0.034907,0.165896,-0.005138,0.149597,0.072256,-0.193092,-0.102517,-0.250269,-0.017892,-0.385063,-0.060018,0.220066,-0.24198,-0.448359,-0.114726,-0.137006,-0.186683,-0.147829,-0.227347,0.018468,-0.12289,-0.01598,-0.348511,-0.366806,-0.241568,-0.144565,-0.139662,-0.143502,-0.38918,-0.025691,-0.102556,-0.085642,0.028043,-0.014849,0.067833,-0.307542,-0.061405,-0.405052,-0.247478,-0.138971,-0.255962,-0.110513,-0.309688,-0.128969,-0.295119,-0.179997,0.169443,0.257873,-0.143286,-0.386045,-0.307426,-0.07277,-0.166271,-0.297811,0.26273,-0.452671,-0.184523,-0.124616,0.009685,-0.214367,-0.145645,0.167087,-0.221673,-0.206726,-0.246775,-0.053217,-0.012644,-0.30799,-0.146713,0.302956,-0.289577,0.01301,0.096172,-0.171777,0.168066,-0.356594,-0.141083,0.011052,-0.32266,-0.2069,-0.131331,-0.172861,0.077043,0.291599,-0.377742,-0.034455,-0.43712,-0.168518,0.047549,-0.105693,-0.167088,-0.080937,0.205204,0.443827,-0.203285,-0.127229,-0.249795,-0.036638,-0.040025,-0.017313,-0.099952,0.347798,-0.357626,-0.152164,-0.008898,0.013031,0.111429,0.136312,-0.0,-0.223949,0.28163,-0.254311,-0.149064,0.087238,-0.060505,0.065315,0.016975,0.158354,-0.309363,0.117468,-0.002699,-0.030953,0.228972,-0.249021,-0.109226,0.390835,0.009574,0.191391,-0.009938,0.191827,0.032439,-0.138585,0.095954,-0.174545,0.060757,-0.091574,#
10,-0.126039,-0.201513,-0.099991,0.210446,0.134171,0.109526,0.060252,-0.249971,-0.057767,0.018883,1.0,-0.037935,-0.32568,-0.126997,0.087117,0.202049,0.005406,-0.127817,-0.084892,-0.093228,-0.216963,-0.031807,0.014363,-0.058982,0.177227,0.1855,-0.011827,0.069883,0.054775,-0.260976,0.204559,-0.084239,-0.037495,0.018686,0.140472,0.030335,-0.121839,0.014475,-0.016294,0.209508,-0.162393,-0.123694,-0.054579,0.090532,0.082808,0.042635,-0.223861,-0.137502,0.172444,0.008792,-0.026407,0.08642,-0.030086,-0.13038,0.051567,0.249651,-0.095243,0.134155,0.038251,0.004494,-0.000173,0.022349,0.074149,-0.127077,-0.129509,-0.28482,-0.04951,-0.373258,-0.37626,0.214312,-0.085049,-0.031739,0.18183,0.142232,0.102018,0.107231,-0.067543,-0.02477,0.037054,-0.082441,-0.270087,0.028718,0.191075,-0.223272,-0.02417,-0.105954,0.08124,0.051092,-0.213491,-0.073902,-0.08435,-0.161521,0.031607,-0.177467,0.047885,0.075291,-0.202224,0.071509,-0.109745,0.025012,0.082237,0.046125,0.181451,-0.198592,0.006708,-0.047115,0.026685,-0.107949,0.137465,0.180096,-0.25186,-0.075257,0.016959,-0.115685,-0.140068,-0.104042,0.118177,-0.081962,-0.019454,0.166744,0.249005,0.010305,0.079125,0.014381,-0.064973,-0.145041,-0.099745,0.190228,-0.087733,-0.209903,0.144079,-0.004927,-0.154131,-0.066155,-0.028701,0.195578,-0.044649,-0.083262,-0.050655,0.018854,-0.135177,-0.011215,0.239021,-0.165546,-0.16823,-0.046558,-0.071257,-0.201267,0.145626,0.126055,0.138651,0.187066,-0.382148,0.015672,0.077532,-0.051499,-0.241885,-0.086383,0.051537,-0.00576,-0.132402,0.000556,-0.005355,-0.300072,-0.321485,-0.056074,0.042392,0.244415,0.291442,-0.144241,0.0613,-0.127224,-0.163682,0.013966,-0.050362,0.016569,-0.061437,0.031696,0.036897,0.205996,0.067562,0.227163,0.019008,0.143426,-0.154112,-0.181422,-0.098105,-0.144973,0.118725,-0.19531,-0.288897,-0.040858,-0.08109,-0.053022,-0.028257,-0.21653,0.102083,0.087673,-0.261915,-0.016039,#
11,0.102065,-0.0179,0.118691,-0.182725,0.172939,0.036276,-0.067958,-0.004218,-0.084412,-0.233012,-0.037935,1.0,-0.133539,-0.135723,-0.031415,0.147574,0.092117,-0.091017,-0.306983,-0.078556,-0.355532,0.104102,-0.094513,-0.177984,0.031761,0.112236,-0.095284,-0.261042,0.027911,0.10968,-0.256851,0.119124,-0.013989,-0.04797,0.200618,0.126726,-0.443156,0.073929,-0.234509,0.103632,-0.070793,0.035467,-0.141755,-0.314735,-0.01582,-0.151781,-0.165112,-0.067972,-0.199241,0.193443,-0.234272,-0.084177,-0.062366,0.116765,0.164007,-0.045433,-0.24351,-0.12516,0.032337,0.06834,-0.127229,0.054635,0.030625,-0.276906,0.177518,-0.276468,-0.194656,-0.104549,-0.164642,0.170665,0.089695,-0.072968,0.146058,0.026049,-0.386274,-0.048588,-0.231033,-0.095937,-0.143412,-0.030877,0.175425,-0.308484,-0.192871,-0.077014,-0.08872,-0.020092,0.016791,-0.118887,3e-05,-0.199075,0.095216,-0.11452,0.034695,-0.134027,-0.120816,0.079554,-0.004891,-0.105201,-0.218676,0.022673,0.001,-0.002595,-0.115988,-0.047569,-0.3134,-0.179276,0.141449,-0.058354,-0.112618,0.203815,-0.171804,-0.053657,-0.3488,0.106436,-0.108687,-0.364278,-0.095534,0.084616,-0.253645,0.232591,-0.075862,-0.179457,-0.192254,0.150757,-0.061439,-0.100649,-0.040616,-0.164492,-0.053996,0.15534,-0.124987,0.032557,-0.167368,-0.08807,-0.134759,-0.134808,0.040781,-0.284608,-0.086065,-0.05635,0.150543,0.045661,0.083884,-0.171396,-0.359422,-0.119031,-0.050109,-0.135248,-0.176729,0.008874,-0.076902,-0.247778,-0.050524,-0.07472,-0.237202,-0.091451,-0.135982,-0.049653,-0.012693,0.050592,0.09238,-0.219439,-0.042666,-0.147172,-0.182207,-0.088416,0.137676,0.227478,0.150668,-0.195026,0.1985,-0.060522,-0.115833,0.144829,0.138382,-0.185663,-0.402862,-0.052545,-0.042747,-0.116298,0.213866,-0.184686,0.223629,0.222126,0.115572,-0.063895,0.006561,0.040581,0.031548,-0.121938,-0.139111,0.079091,0.074956,0.00559,-0.094698,0.175916,0.209814,-0.008531,0.006041,-0.000323,#
12,0.321126,0.275203,-0.078699,-0.089835,0.124631,-0.117627,0.287473,0.007974,0.313015,0.310136,-0.32568,-0.133539,1.0,0.322827,0.176839,-0.333765,-0.26096,0.225014,0.020867,0.223152,0.038323,0.15509,0.398827,-0.077843,-0.241815,-0.255454,0.080331,-0.195335,0.292076,0.219006,-0.412436,-0.042794,0.225236,-0.100468,-0.170177,-0.13269,0.073002,-0.117614,-0.064317,-0.30326,0.256459,0.461651,0.054199,-0.011371,0.03112,-0.354093,0.517215,0.385974,-0.102516,-0.013267,0.150035,-0.068419,0.151938,-0.010782,-0.195933,0.023054,0.275198,-0.14712,0.027261,-0.011393,0.147244,0.125614,-0.068139,-0.01612,0.187092,0.384635,0.132331,0.257217,0.293934,-0.239151,0.214835,0.039529,-0.083886,-0.193291,-0.211554,0.262146,0.057437,-0.235153,-0.075986,-0.139711,-0.009886,-0.29027,-0.300814,-0.060541,-0.0395,0.209271,-0.177273,0.11037,0.003075,-0.134706,-0.248168,0.007937,-0.37187,0.226144,-0.141364,0.031563,0.351264,-0.015141,0.10596,-0.274281,0.185233,-0.132142,-0.077043,-0.119578,-0.119839,0.061127,-0.135271,-0.151748,-0.389637,-0.131762,0.401233,-0.103992,-0.118502,-0.273847,-0.106584,-0.025226,-0.403612,0.000968,0.116359,-0.497487,-0.066803,-0.406867,0.030984,-0.345744,0.034501,0.266493,-0.291844,0.021603,0.069699,0.096937,-0.214945,-0.196691,-0.178102,0.126913,-0.206769,-0.015601,-0.078092,-0.036961,0.150573,-0.074538,-0.130912,-0.22089,-0.14423,-0.178999,0.019057,-0.101181,-0.215333,0.284884,-0.099707,-0.163684,-0.230374,-0.406629,0.137779,-0.17164,-0.1197,0.229607,0.497226,0.37974,0.089741,-0.202359,0.012356,-0.122533,-0.113407,0.273482,0.098263,0.223557,0.05535,-0.157553,-0.126576,0.03885,-0.069533,0.062843,0.109277,-0.17104,0.332243,-0.041492,-0.001335,0.12463,0.267894,-0.226945,0.06071,0.04169,-0.278399,-0.346264,0.235216,-0.013749,0.430953,0.023783,-0.470544,0.35962,0.330761,0.068366,-0.03437,0.00038,0.003733,0.000827,0.100296,-0.120648,0.077966,0.011709,#
13,0.284358,0.226695,-0.086136,-0.262645,-0.09961,0.241034,0.049702,0.141998,0.128518,0.093567,-0.126997,-0.135723,0.322827,1.0,0.137497,-0.044326,-0.288144,0.091253,0.086451,0.128226,-0.017656,0.184828,0.542556,0.04641,-0.249858,-0.359279,0.300798,0.134287,0.299098,0.171738,-0.241195,0.115617,0.193911,-0.071731,-0.01678,0.065677,-0.072686,0.042505,0.027773,-0.347265,-0.000661,0.305072,0.190735,0.297316,-0.105108,-0.465935,0.305416,0.302965,-0.091637,0.15094,0.230225,0.0499,0.060056,-0.00889,-0.235813,-0.082689,0.164083,-0.096805,0.15839,0.064387,0.306354,0.114615,-0.174718,0.078468,0.179963,0.372586,-0.00146,0.510001,0.296966,-0.047519,-0.017764,-0.107824,0.012844,-0.241401,-0.226102,0.247346,-0.027226,0.003134,-0.274084,-0.059797,-0.28122,-0.20962,-0.133548,0.134906,-0.073948,-0.041349,-0.010587,-0.008515,0.003453,-0.301437,-0.190607,-0.109884,-0.230153,0.295837,0.015834,-0.144487,0.092099,-0.035271,-0.06878,-0.384207,-0.059732,-0.042192,-0.094602,-0.175813,-0.027234,0.000121,-0.178488,-0.395777,-0.247954,0.015704,0.305695,0.178044,-0.145716,-0.085665,-0.062626,-0.070999,-0.304845,-0.126031,-0.006929,-0.197321,0.012538,-0.362422,-0.002435,-0.131478,0.042118,0.143765,-0.232484,-0.021704,0.025816,-0.088025,-0.238356,0.07715,-0.263862,0.236786,-0.251408,-0.183103,-0.073306,-0.285437,0.204365,-0.123065,-0.129378,-0.302506,-0.302577,-0.185428,-0.084489,0.028806,-0.18454,0.07236,0.044954,-0.146841,-0.127194,-0.272482,-0.038037,-0.225156,-0.151511,0.167722,0.382597,0.276237,-0.154255,-0.062835,-0.148871,-0.241379,0.009722,0.32546,0.050389,0.064448,0.070421,0.043765,-0.081565,-0.0177,-0.03371,0.187092,-0.06468,-0.303739,0.282154,-0.006555,0.005923,-0.077345,0.345628,-0.313776,0.219279,-0.148041,-0.315426,0.068668,0.210594,0.086484,0.056156,-0.303325,-0.133183,0.403781,0.04455,0.034239,0.230812,0.122631,0.096962,0.051605,0.423152,-0.17209,0.032765,-0.034981,#
14,0.024803,0.336898,-0.23324,-0.278506,0.183793,0.222413,0.323047,0.140416,0.253472,0.184689,0.087117,-0.031415,0.176839,0.137497,1.0,-0.168597,-0.196712,-0.033754,-0.030782,0.064966,0.100587,0.136208,0.174146,0.07093,-0.102703,0.000965,0.119251,0.272778,0.30154,0.116143,-0.323971,0.126047,0.286131,-0.058395,-0.22922,0.16651,-0.21418,-0.08222,0.257247,0.207755,-0.296308,0.292838,-0.238491,0.242725,0.131445,-0.063245,0.235072,-0.102811,-0.002005,0.31042,-0.003038,-0.127371,-0.053555,-0.124012,-0.015457,-0.078698,-0.134072,0.026873,-0.08282,0.180963,0.044576,0.336736,-0.243559,0.254121,0.170114,0.16177,-0.123406,0.072998,-0.016624,-0.359223,-0.080576,-0.231728,0.14568,-0.10485,-0.381341,0.054769,-0.04853,-0.174942,-0.30957,-0.362671,-0.211703,-0.299507,-0.264745,-0.213105,-0.432307,-0.024714,-0.148633,-0.148801,-0.449622,-0.254658,-0.173098,-0.12527,-0.330752,0.003659,-0.205178,-0.066284,-0.107617,-0.02142,-0.04224,-0.209927,0.13279,-0.139645,-0.290863,-0.181897,-0.198498,-0.095477,-0.434975,-0.13633,-0.244613,-0.24999,-0.075109,0.110819,-0.267546,-0.260467,-0.407431,-0.187981,-0.211996,-0.333379,-0.278717,-0.261718,-0.307467,-0.189366,-0.287372,-0.190115,0.061103,-0.21863,-0.165403,-0.177476,-0.383335,-0.215841,-0.291385,-0.337598,-0.255285,0.033544,-0.289714,-0.120882,0.007851,-0.250909,0.100475,-0.099832,-0.223727,-0.369073,-0.316577,-0.022756,-0.12958,-0.337564,-0.158212,0.031667,-0.133282,-0.217441,-0.163199,-0.193066,-0.189896,0.053599,-0.268012,0.100803,0.378755,0.272521,-0.318555,0.104563,0.044494,-0.084044,0.020958,-0.052178,-0.210691,0.317329,0.013182,0.164635,-0.004396,-0.202718,0.289345,0.033747,-0.066412,-0.321011,0.534109,-0.16069,-0.225946,0.11258,0.401058,-0.173207,0.205378,0.364749,0.20124,0.032541,0.126376,-0.032317,0.094703,-0.096718,-0.130884,0.209758,-0.163139,0.372692,0.020415,-0.053467,-0.196971,-0.126437,-0.02995,-0.222967,-0.024328,0.170167,#
15,-0.167562,-0.150149,-0.193603,-0.172899,-0.152478,0.054496,-0.180192,-0.034526,-0.262315,-0.055869,0.202049,0.147574,-0.333765,-0.044326,-0.168597,1.0,0.125092,-0.264965,0.259332,-0.056696,-0.137481,0.169799,-0.299119,0.042528,-0.080412,0.041375,-0.119003,0.10929,-0.004935,-0.229276,-0.001723,0.132088,-0.06909,0.154924,0.337783,0.223089,-0.08781,0.208825,-0.144194,0.101885,0.030164,-0.257802,0.120662,-0.001346,-0.063275,0.138222,-0.476169,-0.202106,0.006277,0.050251,0.134074,0.090463,-0.174198,0.045793,-0.1883,0.197183,0.054073,-0.040609,0.018451,-0.079352,0.066408,0.005348,0.199943,0.011972,0.058935,-0.286064,-0.163404,-0.096405,0.044012,0.229705,-0.079362,-0.048361,0.210976,-0.042797,0.194612,-0.021003,-0.116981,-0.020137,0.125429,0.066534,-0.086703,-0.047268,0.206652,-0.117364,0.222219,0.010773,0.071414,-0.287748,-0.001327,0.185602,0.263908,-0.096128,0.125545,-0.282234,0.045477,0.026731,-0.104537,-0.110395,-0.296199,-0.072676,0.109001,0.078362,-0.027616,0.057267,0.16377,-0.08438,0.078617,-0.040716,0.037639,-0.023534,-0.233169,-0.100367,0.022031,0.161843,-0.087456,0.016434,0.20214,0.171478,-0.147995,0.401672,0.193138,0.304589,-0.027694,0.134544,0.059627,-0.067958,0.229086,0.056062,0.067111,-0.022033,-0.034942,0.174248,0.107067,-0.011032,-0.039551,0.051535,-0.229045,-0.14211,-0.269764,-0.020473,-0.019236,0.098375,-0.011008,0.28277,-0.165766,0.003777,-0.032535,-0.303249,-0.160184,-0.039701,0.058051,0.151547,-0.104069,0.153612,0.050687,0.088992,-0.406424,-0.157986,-0.076351,0.137272,-0.108937,-0.04826,-0.153453,-0.12161,-0.235128,-0.130089,0.082384,0.087529,0.059769,0.200601,-0.025069,0.123982,-0.208788,0.182358,-0.117808,-0.012456,-0.026669,-0.020006,-0.303883,0.215507,0.09834,-0.115023,0.163753,0.213048,-0.160642,-0.110856,-0.109237,-0.059302,0.214367,-0.247768,-0.310644,-0.174019,-0.073017,0.087482,0.037781,0.176955,0.159198,0.229686,-0.122459,-0.166165,#
16,0.120375,-0.147477,-0.043141,0.03943,0.260146,-0.007396,-0.219926,-0.059531,-0.384974,-0.160976,0.005406,0.092117,-0.26096,-0.288144,-0.196712,0.125092,1.0,-0.092567,-0.179796,-0.288058,-0.272084,-0.171356,-0.457087,0.000596,-0.190853,-0.038861,-0.429342,-0.022786,-0.164659,-0.120193,0.111795,-0.150909,-0.130837,-0.212727,0.16328,0.091603,-0.182356,0.06391,-0.116437,0.18785,-0.093125,-0.339631,-0.102513,0.190691,-0.063928,0.257868,-0.387617,-0.347799,-0.028823,-0.171218,0.050858,-0.065536,-0.013345,-0.039011,0.161821,-0.149377,-0.242672,0.076706,-0.121758,-0.054097,-0.272659,-0.067265,0.120654,0.012855,0.109821,-0.126133,0.295541,-0.208319,-0.23507,-0.020693,-0.435941,0.047885,0.053267,-0.093293,0.059538,0.125855,0.014703,0.013526,0.09478,0.032526,-0.253184,0.14137,-0.02845,0.04665,0.112749,-0.170294,-0.228121,-0.26621,0.045003,-0.040313,-0.026069,-0.209095,0.299829,-0.457044,0.014022,-0.26723,-0.138305,-0.063066,-0.277935,0.059538,0.191616,-0.290731,0.03417,0.053687,0.02312,-0.189026,0.112897,0.07466,-0.004141,0.264069,-0.279067,-0.08026,-0.103365,-0.03461,-0.187374,0.115197,0.04337,-0.12247,-0.330368,0.378982,-0.263238,0.266674,-0.333313,0.273817,0.092931,-0.195295,-0.009547,-0.048238,-0.189946,0.026479,-0.097624,0.251366,-0.03143,-0.17556,-0.016318,-0.160065,0.29547,-0.264469,-0.704348,-0.018072,-0.0492,0.111214,0.05338,0.062221,-0.014332,-0.130557,0.006586,-0.072369,-0.06217,0.062709,0.024834,0.231658,-0.213124,-0.004794,-0.13554,-0.357575,-0.296309,-0.237346,-0.172152,-0.032923,-0.081122,0.072611,-0.111977,-0.303395,-0.173675,-0.085199,0.016907,-0.244471,0.122072,-0.096427,0.379265,-0.149127,-0.26247,0.170528,-0.16178,-0.094681,-0.044948,-0.171104,-0.233353,0.246356,-0.052969,0.04419,0.549899,0.055199,0.060785,-0.152013,0.029482,0.189906,0.400729,-0.055757,-0.091807,0.109455,0.18196,0.275702,-0.135305,0.380944,-0.172403,-0.042024,-0.524586,0.216154,#
17,0.19329,0.279858,-0.075399,-0.04297,0.173096,0.030763,0.010316,0.04833,0.13992,0.193323,-0.127817,-0.091017,0.225014,0.091253,-0.033754,-0.264965,-0.092567,1.0,0.216969,0.112233,0.313313,0.02544,0.251549,-0.148084,0.045388,-0.126512,0.07279,0.135056,-0.012012,0.089653,-0.15863,0.00919,0.152959,0.180871,-0.041562,-0.199407,0.059009,-0.167616,0.048382,-0.178188,0.02515,0.229595,0.277828,-0.107225,-0.225137,-0.182804,0.286285,0.256601,0.052157,-0.221342,0.332809,0.025801,-0.195274,-0.151388,0.109424,-0.171686,-0.014937,-0.140515,-0.034449,-0.092229,-0.044236,0.160491,-0.175447,0.030218,-0.079271,0.316172,0.204483,0.247899,0.259185,0.254072,0.041331,0.075857,-0.37917,-0.042169,0.130493,0.129441,-0.160846,-0.141356,0.045188,-0.317917,0.142652,-0.087673,-0.155398,-0.097931,-0.062259,0.302659,-0.234545,0.166768,0.168666,0.080274,0.070969,-0.015257,-0.12249,0.354244,-0.047181,0.037679,0.193897,-0.073662,0.071488,-0.345945,-0.250196,-0.284958,-0.142767,0.059449,-0.081106,-0.011128,-0.185316,-0.183716,-0.299204,-0.093773,0.319871,-0.050561,0.140845,-0.133526,0.115698,-0.085442,-0.412615,-0.006611,0.333511,-0.376487,-0.112369,-0.100537,-0.016285,-0.276951,-0.131803,0.203089,0.127707,0.066895,0.036352,-0.214072,0.171849,-0.123756,0.131929,-0.052281,0.020699,-0.054168,0.032763,-0.020008,0.212496,-0.036536,0.021259,-0.032246,-0.140708,-0.122405,-0.007581,0.151194,0.03854,0.259,-0.048418,-0.126576,-0.208563,-0.018959,0.10768,-0.061588,-0.16209,0.038982,0.412967,0.243143,-0.289774,-0.064124,-0.163566,0.144993,0.164421,0.399943,-0.133151,0.462195,-0.080616,-0.120065,-0.20512,0.140109,-0.13207,0.210928,-0.051463,-0.095177,-0.062975,-0.146376,0.103202,0.06262,0.195415,-0.166267,-0.052978,-0.00064,-0.324236,-0.115185,0.068757,-0.108338,0.207505,0.248476,-0.452989,0.256226,0.043301,0.083042,-0.037393,-0.016501,-0.017015,-0.134112,-0.058992,-0.192708,0.101585,0.060459,#
18,0.063863,0.240638,-0.05925,0.013617,-0.100445,-0.243418,0.027704,-0.139275,0.188601,0.150308,-0.084892,-0.306983,0.020867,0.086451,-0.030782,0.259332,-0.179796,0.216969,1.0,-0.095079,0.386539,-0.268159,-0.091123,0.064887,-0.153618,-0.197227,0.084266,0.201982,0.115904,0.088198,-0.052775,-0.104517,0.218243,0.037304,0.017509,-0.007816,0.122763,0.176139,-0.226182,0.007005,0.104533,-0.29893,0.035632,0.020788,-0.109791,-0.074736,0.060538,-0.000286,0.233705,-0.055691,0.072635,0.180651,-0.188582,0.008725,0.017709,-0.040158,0.005021,-0.015795,-0.037451,-0.269616,-0.024466,0.126439,-0.002604,0.091048,-0.086647,0.106794,0.127363,-0.02569,0.009268,0.026796,-0.207001,-0.180434,-0.067311,-0.045155,0.198699,0.025243,-0.15978,-0.050228,0.174539,-0.116422,-0.173511,0.028862,0.088971,0.183165,0.071092,0.131663,0.01812,0.022665,-0.081,0.310654,0.249886,-0.078166,-0.234012,-0.106806,-0.073943,0.004363,0.003837,-0.066837,0.039749,-0.035289,-0.094467,-0.155055,-0.159629,-0.033164,-0.062009,0.135208,-0.27787,0.052205,-0.068104,-0.027151,0.156388,-0.001382,0.230258,-0.122867,0.109907,-0.095178,0.170709,0.154936,0.215368,-0.108887,0.022092,0.31263,-0.023628,-0.120286,-0.061473,0.113961,0.041176,0.01963,0.169139,-0.160085,0.07754,-0.029379,0.144627,0.036718,0.026235,0.070433,-0.206718,-0.014812,-0.05079,0.016791,-0.032461,-0.080846,-0.294762,0.153932,0.163349,0.10379,0.163495,0.126791,-0.054459,0.024444,0.057085,0.025168,0.219951,0.155562,0.054116,0.044007,-0.057386,0.11986,-0.006034,0.15234,-0.149472,0.039851,-0.004439,0.13543,-0.019111,-0.014154,0.01885,-0.054691,0.051188,0.258668,-0.238722,0.159921,0.087334,0.085056,0.020857,0.239459,0.144396,0.07464,-0.012868,-0.092776,-0.111149,-0.020457,-0.079373,-0.173781,0.170766,-0.091291,-0.059377,0.101477,-0.082905,0.041842,0.040611,-0.101321,0.142094,0.19071,-0.102415,-0.228732,0.054697,-0.115532,-0.116107,-0.127552,#
19,-0.239074,-0.149469,-0.142389,0.100868,-0.130039,0.20467,0.023208,-0.046417,-0.000693,-0.196363,-0.093228,-0.078556,0.223152,0.128226,0.064966,-0.056696,-0.288058,0.112233,-0.095079,1.0,0.187504,0.279897,0.184712,-0.088444,0.082901,-0.11771,0.218882,-0.041865,-0.194011,-0.210466,0.009644,0.21071,0.139123,0.024916,0.036531,-0.27044,0.111424,0.192772,-0.020511,-0.12652,0.364759,0.428922,-0.046553,-0.242001,0.000457,0.066137,0.306768,0.278715,0.20563,-0.104665,0.176232,0.084958,-0.045844,-0.087322,-0.232729,0.310283,0.179033,-0.197297,0.142112,-0.038747,0.132254,-0.160027,0.146257,0.098115,-0.022176,0.171963,0.129237,0.248221,0.147904,0.185237,0.318348,0.053584,0.081266,0.20206,0.176308,-0.305476,0.320297,0.143859,0.281273,0.065393,0.33392,0.188197,0.20017,-0.421507,0.255214,0.194901,0.071508,0.371941,0.235886,0.103671,0.260917,0.234407,0.051797,0.352702,0.19064,0.216173,0.370297,0.170367,0.022212,0.030723,0.044458,0.363978,0.139286,0.192597,0.232855,0.262953,0.152899,-0.123511,0.200671,-0.064715,0.374351,-0.282726,0.161289,0.103755,0.170808,0.097698,-0.015152,0.332586,0.133834,0.000492,0.308897,-0.015533,0.380948,-0.073747,0.157419,0.244968,0.018355,0.168199,0.198514,0.328819,0.034027,0.261237,0.079089,-0.132632,0.200103,0.169667,-0.249953,0.175634,0.123439,0.305001,0.373347,-0.216165,0.043872,0.064029,0.060708,0.141999,-0.050984,-0.117232,0.248915,-0.084703,0.191397,0.040963,0.275812,0.260433,0.280625,0.457368,0.130861,-0.188113,0.421966,0.033425,-0.10685,0.014182,-0.058555,0.352742,0.175832,0.112391,0.298003,0.25106,-0.309734,0.216022,-0.367485,-0.015748,0.199457,0.172407,-0.083925,0.218465,0.395187,-0.130499,-0.013928,0.018417,-0.060878,-0.018195,-0.168078,-0.054412,-0.171561,-0.035214,0.125082,0.138023,-0.352506,-0.19054,0.099001,-0.23667,-0.204885,-0.259326,0.103487,-0.324486,-0.097097,0.195906,0.198005,0.023803,#
20,-0.215073,0.065607,-0.091279,0.110318,-0.213077,-0.099165,0.083049,0.141666,0.06791,-0.132236,-0.216963,-0.355532,0.038323,-0.017656,0.100587,-0.137481,-0.272084,0.313313,0.386539,0.187504,1.0,-0.059296,-0.09162,0.072371,0.087383,0.082984,-0.067299,-0.02146,-0.128977,-0.014143,0.096983,-0.210813,0.186103,0.153126,-0.071254,-0.142573,0.175056,-0.09881,0.106592,-0.077266,-0.028644,0.038409,0.030398,-0.18308,-0.097481,0.239837,0.193393,-0.046865,0.149622,-0.080242,0.085174,0.108437,-0.225846,0.160337,-0.113777,0.152382,0.046653,0.024086,-0.013753,0.016204,0.132683,0.143364,-0.119823,0.011629,-0.151893,0.089458,-0.112409,0.199632,0.096715,-0.120551,-0.085259,0.181655,-0.123068,0.266665,0.274045,-0.158789,0.159368,0.133943,0.093812,-0.101541,0.216683,0.095761,0.168068,-0.110191,0.02579,0.022712,0.118173,0.354452,0.11439,0.24322,0.285253,0.129712,0.105181,0.159382,-0.221628,0.086351,0.132305,-0.02776,0.114307,0.172996,-0.063353,0.073658,0.010425,0.014343,-0.015269,0.165104,-0.1185,0.077743,0.024394,-0.269299,0.126567,-0.195029,0.2319,0.079227,0.279397,0.224836,0.14331,0.207853,0.09076,-0.017298,0.128522,0.358004,0.15869,-0.096414,0.114266,0.027267,0.081447,0.021981,0.09543,0.140963,0.198313,-0.104362,0.306484,-0.081286,0.255281,0.131471,-0.172421,0.200998,0.142812,0.252125,0.043122,-0.110993,0.034323,0.166138,0.408667,0.090336,0.282512,0.154943,0.194178,-0.028581,-0.002519,0.245524,0.333546,0.101327,0.195392,0.212735,0.141983,-0.052204,0.056441,-0.025592,-0.023809,0.06135,0.044503,0.192796,0.180847,0.234821,0.021803,-0.088126,-0.116217,0.303836,-0.239225,0.244681,0.176237,0.142286,-0.157887,0.175216,0.161826,0.072905,0.064084,-0.038194,-0.055699,0.033074,-0.022226,-0.017951,0.074074,0.118335,-0.044218,0.288285,-0.021183,-0.069925,0.043045,0.079629,-0.276065,-0.1805,-0.098307,-0.111395,-0.147198,-0.041215,0.223062,-0.057429,#
