0,1.0,0.213259,-0.290417,-0.06321,0.405978,0.199716,-0.003924,-0.1817,0.225701,0.338278,0.182848,-0.055753,0.301116,0.276016,0.185497,0.183732,0.035036,-0.09232,-0.019019,-0.27887,0.180602,-0.03015,0.122178,-0.195977,0.024146,-0.342764,0.008167,-0.312483,0.155824,0.203949,-0.412941,0.225808,0.04078,-0.265671,-0.094522,0.131949,-0.064764,-0.334418,-0.064828,-0.061513,0.143802,0.039506,-0.346619,-0.065479,0.116475,-0.156843,-0.004892,-0.124249,-0.041176,-0.107523,-0.006629,-0.143731,-0.044566,-0.039119,0.173055,0.193892,-0.41429,0.156158,-0.232904,0.031148,0.153584,0.156924,0.141244,-0.509403,-0.092345,0.121328,-0.027843,0.273492,0.214698,0.022076,-0.090139,0.188324,0.041768,-0.101723,-0.093984,0.138907,-0.156224,-0.155827,-0.147272,0.049622,-0.156493,-0.297832,0.007949,-0.271116,-0.249493,-0.130306,-0.222988,-0.111299,-0.035354,-0.278023,-0.13452,-0.534268,-0.16748,0.041657,-0.251021,-0.096051,-0.035142,-0.082758,-0.294057,-0.168347,-0.052685,-0.253553,-0.191415,0.119836,-0.304433,-0.19818,-0.135202,-0.15661,0.008827,-0.162523,0.103737,-0.165284,-0.166776,-0.242485,-0.329085,-0.226412,0.102994,-0.104875,0.064917,-0.169992,-0.383882,-0.194152,-0.269008,0.064344,0.084883,-0.061389,-0.313023,0.194323,-0.121059,-0.353391,-0.243288,-0.142994,-0.472818,-0.191603,-0.072269,-0.221014,-0.133538,-0.40782,-0.167056,-0.401804,-0.152509,-0.265895,-0.358005,-0.269517,-0.096873,-0.237414,-0.194563,0.337122,-0.163549,-0.101719,-0.322736,-0.06679,0.044539,-0.213119,-0.075692,-0.083948,-0.123472,0.246129,-0.310545,-0.297843,-0.329045,-0.200635,-0.049102,0.053028,-0.095343,0.349318,-0.221245,0.343155,-0.300223,-0.297262,-0.039067,0.157212,-0.165425,-0.003387,0.276477,-0.082535,-0.053055,0.038806,0.277285,-0.116954,0.208625,0.206679,0.014685,0.309427,0.301646,-0.157379,0.028731,-0.12683,-0.003747,0.304785,-0.200742,0.118746,0.34494,0.21562,0.071514,-0.153994,0.001544,-0.053925,-0.150709,-0.048057,#
1,0.213259,1.0,-0.046301,-0.343343,0.159294,0.226763,0.057871,-0.349105,0.140661,0.165698,0.140916,0.06498,0.0036,0.279751,0.26521,-0.140501,-0.272861,0.220829,0.072778,-0.11867,0.159673,0.07784,0.327779,0.00723,0.06503,-0.338128,0.343818,-0.103262,0.241857,0.281457,-0.337308,-0.118499,-0.021739,-0.318328,-0.130471,0.00236,0.184684,-0.305981,-0.086815,0.176676,0.137556,0.33376,-0.12876,-0.006597,0.061168,-0.172672,0.123589,0.371258,-0.155535,-0.006911,-0.216314,-0.502423,0.115078,-0.324512,0.142825,0.005613,-0.182667,0.348768,0.083772,0.336009,0.181054,0.349551,0.081334,-0.010423,0.167147,0.321447,-0.17271,0.235758,0.280113,-0.034555,-0.202945,0.117157,0.223339,-0.211141,-0.258173,0.141444,-0.35522,-0.166267,-0.241669,-0.120953,-0.187207,-0.587611,-0.357431,-0.191609,0.001073,-0.124805,0.068014,-0.449648,-0.053659,-0.211141,-0.159933,-0.20359,-0.321863,0.218799,-0.071213,-0.112419,0.001751,-0.074437,-0.035417,-0.288593,0.285267,-0.271994,-0.180605,-0.157447,-0.003734,-0.232514,-0.220252,-0.414393,0.052971,-0.155177,0.260248,-0.149642,-0.32557,-0.193323,-0.131479,-0.3324,-0.228768,0.001483,-0.064059,-0.42463,-0.155493,-0.323659,-0.34269,-0.284028,0.165697,-0.241058,0.324234,0.248535,-0.258768,-0.385753,-0.087819,-0.23893,-0.209694,-0.316754,-0.139861,-0.368915,-0.120901,-0.051313,0.048461,-0.690319,-0.282843,0.008158,-0.385479,-0.209855,-0.10409,-0.307533,-0.170339,0.39949,-0.102147,-0.1535,-0.289933,-0.326981,-0.205068,-0.263004,-0.164535,-0.121224,0.122181,0.419958,0.00782,-0.246312,-0.131115,-0.221621,-0.142028,0.050231,-0.017056,0.277551,-0.265697,-0.097042,-0.338974,-0.324122,0.022066,0.160816,-0.290013,-0.148212,0.020187,-0.472035,-0.258322,0.196131,0.460105,-0.160194,0.569818,-0.05855,-0.188623,0.263428,0.345406,-0.301206,0.230136,0.078773,-0.093786,0.476959,-0.248172,0.292718,0.270457,0.215472,-0.110219,-0.208,-0.054794,-0.398603,-0.136577,-0.085183,#
2,-0.290417,-0.046301,1.0,0.145825,0.023853,-0.001088,0.142759,0.294085,0.053992,-0.107246,0.014036,0.208729,-0.270434,-0.023353,-0.219262,-0.15544,0.081811,0.157106,-0.077853,0.1581,-0.019353,0.01921,0.101484,0.041537,0.405369,0.171915,-0.14746,0.084263,0.035799,-0.078816,0.041202,0.110152,-0.096539,0.082562,-0.061412,0.093785,0.104617,-0.084015,0.114972,-0.153202,0.109516,0.012662,0.088943,-0.213014,0.1437,-0.091047,-0.148647,-0.027196,-0.054871,0.101078,0.075813,0.182326,-0.014159,0.092524,-0.028171,-0.148638,-0.030646,0.033606,-0.12322,0.048812,0.09152,-0.145333,-0.124548,0.175561,0.070582,0.118788,-0.014692,0.082308,0.045399,0.210305,0.103542,-0.154625,0.018706,0.012134,0.120989,0.033055,-0.005505,0.009012,-0.198476,-0.114695,0.284299,0.047198,0.047425,0.284447,0.005252,0.101278,0.088661,0.039461,0.09667,-0.06712,0.203704,0.12155,-0.022518,-0.082262,-0.065659,-0.055971,0.366175,0.124624,0.373348,0.042556,0.045504,0.148078,0.063544,0.112294,-0.037867,0.1145,0.191734,0.179958,0.006203,0.034509,0.08095,-0.069749,0.008292,0.19314,0.126809,0.211327,-0.263453,-0.10626,0.001184,0.131262,0.125854,-0.05775,0.446186,-0.090108,-0.111028,0.119545,0.020978,-0.283603,-0.293032,0.080129,0.061176,-0.032121,0.097864,0.107397,0.021674,-0.080748,-0.000555,0.174915,0.116001,0.148838,0.052813,0.345369,-0.013968,-0.077051,-0.091956,-0.149886,0.183573,-0.037174,0.159196,0.024102,0.126526,-0.042528,0.043261,0.087806,0.22665,-0.17008,0.235557,0.132891,0.283871,0.203079,0.340201,0.052466,0.361003,0.129681,0.139468,-0.10262,0.230136,-0.439646,0.214649,0.060692,0.203085,-0.083552,0.10721,0.107883,-0.259751,0.067606,-0.109986,0.044477,-0.205458,-0.177464,-0.244732,-0.0646,0.10739,-0.205478,-0.148673,0.073805,0.116895,-0.261507,0.103037,-0.170011,-0.014731,0.000946,0.045661,-0.003215,-0.051584,0.233122,0.121502,-0.188403,-0.008951,-0.03428,#
3,-0.06321,-0.343343,0.145825,1.0,-0.045937,-0.059965,-0.160673,0.348771,-0.0044,-0.035726,-0.052369,0.031246,-0.062592,-0.182241,-0.08473,-0.087157,0.051716,0.092313,-0.299466,0.122121,0.064971,-0.132105,-0.067518,0.03037,0.277821,0.210012,-0.436601,-0.091831,-0.16174,-0.037097,0.376046,0.104965,0.082085,0.231419,-0.038694,0.239679,0.03416,0.232028,0.08517,-0.075825,0.101572,-0.102764,-0.04824,-0.257762,0.196701,-0.15816,-0.243685,-0.199553,0.148244,-0.037514,0.134687,0.300364,-0.016308,0.302375,-0.108521,-0.031093,-0.105067,0.046032,-0.04198,-0.339665,-0.132186,-0.035572,0.002636,-0.175998,-0.085873,-0.022381,0.274993,-0.20545,-0.086971,0.045864,-0.184933,-0.100916,0.106481,0.275104,0.302427,-0.050976,0.184155,0.235925,0.235109,0.164609,0.156821,0.330708,0.001954,0.144915,0.000852,-0.127548,0.107618,0.083639,0.200967,0.115015,0.083339,0.058106,0.220709,-0.124894,-0.043911,-0.040523,-0.238342,0.050483,0.334059,0.179571,-0.202934,0.273189,0.430407,0.384083,0.044941,0.162161,0.038283,-0.046941,0.066294,0.068279,-0.089834,0.05135,0.265138,0.253773,0.056358,0.476059,0.402177,0.109913,0.171285,-0.007408,0.077508,0.086035,0.187271,0.192834,0.005901,0.153004,-0.091951,-0.043305,0.082092,0.285421,-0.032502,0.057259,0.196988,0.063709,0.047163,0.238974,-0.026972,-0.036433,0.048866,0.166277,0.004001,-0.021221,0.108387,0.037598,0.215391,0.044244,0.085835,-0.062601,0.37924,0.177379,0.147972,0.153642,0.028955,0.138261,0.241904,0.301368,-0.187869,-0.135273,0.101891,0.103809,0.239411,0.334567,-0.001557,0.169117,0.228341,-0.237708,0.120739,-0.146521,0.162351,0.347807,-0.093847,-0.26869,0.072149,0.116767,-0.063555,0.364071,-0.138343,-0.17537,-0.336388,-0.034832,-0.365188,-0.05782,-0.194686,-0.261158,-0.158354,0.172714,-0.368649,-0.046785,0.004164,-0.294014,0.158005,-0.033545,-0.109325,0.070307,-0.026685,0.034584,-0.029032,0.35604,0.169272,0.111377,#
4,0.405978,0.159294,0.023853,-0.045937,1.0,0.12791,0.142784,-0.094834,0.156603,0.208767,0.289144,0.108929,0.069471,0.097195,0.021492,0.278187,0.118761,-0.034009,0.232425,-0.154495,0.264418,-0.234813,0.309769,0.022385,-0.018051,-0.2263,0.093531,-0.138834,0.26558,0.089792,-0.214141,0.114965,0.002995,-0.13543,0.006283,0.054098,0.005301,-0.256418,-0.026993,-0.035219,0.230265,0.036235,-0.228812,-0.092839,0.18465,-0.090771,-0.046306,0.141089,0.112682,-0.011665,0.138379,-0.252869,0.351145,-0.154053,0.086164,0.106181,-0.197131,0.237363,0.042403,0.03325,-0.095907,0.282551,-0.118303,0.027347,0.10314,0.197499,0.024529,0.22284,0.15656,-0.061457,-0.191327,0.204779,0.15388,-0.272222,-0.174618,0.18752,-0.212898,-0.135621,-0.263989,-0.005357,-0.179083,-0.314829,-0.349093,0.165643,-0.306162,-0.050585,-0.142231,-0.331521,0.04878,-0.290603,-0.161034,-0.391579,-0.246911,-0.083314,-0.437666,-0.235348,-0.06711,-0.129998,-0.249283,-0.025337,0.212132,-0.287455,-0.29334,0.033326,-0.340046,-0.201167,-0.078026,-0.048109,-0.018388,0.059023,0.212497,-0.062521,-0.054163,-0.25467,-0.252223,-0.243472,-0.013837,-0.171201,0.193924,-0.335852,-0.267149,-0.424435,-0.305768,-0.224374,0.192615,-0.265494,0.035759,0.073783,0.065286,-0.457493,-0.165669,-0.037333,-0.166415,-0.154383,-0.211409,0.017095,-0.195203,-0.232308,-0.34785,-0.380859,-0.379325,-0.062801,-0.545345,0.002741,-0.148993,0.035327,-0.150297,0.242149,-0.310197,-0.360425,-0.158147,-0.193218,0.05314,-0.254473,0.140402,-0.336548,-0.050711,0.44873,-0.188934,-0.263315,-0.102202,-0.385864,0.067342,-0.094228,-0.080964,0.329745,-0.122662,0.059333,-0.179869,-0.176104,0.187256,0.360933,-0.284203,0.052691,0.189976,-0.202127,-0.205014,0.261805,0.222756,0.07194,0.36927,0.110186,-0.046663,0.142937,0.034562,-0.059888,0.023706,-0.021522,0.025986,0.126258,-0.07132,0.106572,0.388835,0.333601,-0.316193,0.046249,0.217191,-0.112464,-0.026557,0.070195,#
5,0.199716,0.226763,-0.001088,-0.059965,0.12791,1.0,0.206304,-0.147082,0.380178,0.190117,0.223024,0.05424,0.03873,0.250859,-0.095386,0.178819,-0.03264,-0.178038,0.059624,-0.195771,0.200885,0.191379,0.419453,-0.216718,-0.158831,-0.4434,0.09505,-0.094862,0.082103,0.186573,-0.333361,0.20985,-0.258099,-0.17827,-0.236872,-0.044864,0.078254,-0.275568,0.313877,-0.219641,0.185754,0.282358,0.193111,-0.102709,-0.241313,-0.144417,0.192749,-0.099893,0.29816,0.005052,0.089391,-0.080376,0.054894,-0.225545,0.151203,0.407299,-0.463929,0.249712,-0.332994,0.184349,0.249636,0.04334,0.009137,-0.132793,0.105497,0.209768,-0.106996,0.317374,0.058204,0.05198,-0.168289,0.277994,0.202006,-0.210517,-0.40142,0.218153,-0.052981,-0.145097,-0.240582,-0.079189,-0.280736,-0.315029,-0.105769,0.230911,-0.292876,-0.056624,-0.20479,-0.149893,0.018068,-0.191735,-0.094104,-0.17962,-0.278975,0.2463,-0.03612,-0.053151,0.0928,-0.225695,-0.093452,-0.185274,0.315109,-0.14217,0.129891,-0.273785,-0.128978,-0.379426,0.105682,-0.222172,-0.182722,0.065288,-0.032659,-0.062031,-0.136117,-0.124086,-0.072465,-0.347088,-0.089861,-0.088792,-0.048882,-0.196698,-0.112755,-0.06354,-0.182181,-0.307467,-0.115402,-0.082235,0.178046,0.324805,-0.317936,-0.232474,-0.149665,-0.012737,-0.4215,-0.036396,-0.039717,-0.195151,0.013573,-0.180311,0.221823,-0.424718,-0.071608,-0.089563,-0.169059,-0.140768,-0.078656,-0.34207,-0.203824,0.411974,-0.145909,0.096552,-0.055014,-0.169494,0.125313,-0.370344,-0.171365,-0.04229,-0.059087,0.016543,-0.258532,-0.197014,-0.275848,-0.138471,-0.075147,0.05796,-0.068376,0.24509,-0.084383,-0.273443,-0.221219,-0.302385,0.076393,0.062514,0.209328,-0.122434,0.362942,-0.346096,-0.384692,0.232433,0.079961,-0.026923,0.202213,0.124299,0.053911,0.273284,-0.077815,-0.147054,0.115,0.091301,-0.19683,0.3384,-0.25047,0.091904,0.018077,0.253571,0.010213,0.103665,0.058947,-0.213681,-0.163567,0.019295,#
6,-0.003924,0.057871,0.142759,-0.160673,0.142784,0.206304,1.0,-0.133588,0.166969,0.159966,0.160422,0.046319,0.105397,-0.079271,0.126218,0.033186,0.102268,-0.021673,0.192643,-0.063535,0.227897,0.184142,0.036418,-0.22635,-0.030565,-0.34296,-0.011732,0.003215,0.135704,-0.03964,-0.159067,-0.162113,-0.182005,-0.045083,-0.047631,-0.196566,0.212341,-0.063141,-0.016919,0.04699,0.008661,0.178529,-0.011146,0.032834,-0.01522,-0.084131,0.085412,-0.047104,0.133944,0.27058,0.06922,-0.216028,-0.09138,-0.286081,-0.009333,0.187485,-0.091438,0.118198,-0.114888,0.224906,0.024038,0.255973,0.03181,0.146649,-0.066539,0.057663,-0.209095,0.044878,0.165265,0.047948,0.194644,-0.052347,0.006847,-0.18065,-0.283543,-0.069223,-0.089416,-0.204285,-0.335517,0.033109,-0.051044,-0.294093,0.013713,0.113892,-0.182078,0.244553,0.050453,-0.001983,0.0327,-0.255811,0.058229,-0.006792,-0.130955,0.249398,0.199486,-0.135628,0.137023,-0.19925,0.079289,-0.072189,0.161156,-0.323383,-0.191337,-0.153324,-0.125553,-0.060367,-0.10938,0.065509,-0.042736,-0.10393,-0.004133,-0.181167,-0.256311,-0.128649,-0.079139,-0.195567,-0.250025,-0.372033,0.090471,-0.073048,0.071471,-0.160511,-0.105433,-0.263022,-0.23971,0.177951,0.218713,0.215135,-0.218327,-0.145827,0.048353,0.189829,-0.021725,0.083574,0.012153,0.029669,-0.146371,-0.159582,-0.058772,0.076377,0.077026,0.218462,0.022419,-0.020567,-0.235704,-0.230006,0.089987,0.438088,-0.097712,0.095675,0.037123,-0.086188,0.149737,0.031076,0.017718,-0.037438,0.128025,0.142408,-0.038979,0.061193,-0.045603,-0.145321,0.042973,0.078371,0.064964,0.099606,-0.104331,-0.231045,0.024365,-0.145321,0.102715,0.075157,0.220081,-0.11044,-0.080526,-0.136366,0.031431,0.225606,0.089283,-0.052668,0.033037,0.094442,0.23205,0.06504,-0.08397,0.061737,0.192115,-0.069621,-0.203049,-0.040021,-0.128668,0.134447,0.075984,0.195901,0.098054,0.331927,-0.014091,-0.056105,-0.204099,-0.004475,#
7,-0.1817,-0.349105,0.294085,0.348771,-0.094834,-0.147082,-0.133588,1.0,-0.1657,-0.180187,-0.247962,-0.176054,-0.14724,-0.280153,0.138328,-0.008274,0.044005,-0.049067,-0.144946,0.33577,-0.12515,-0.035967,-0.228455,0.224387,0.446415,0.207853,-0.18117,0.143016,-0.321246,-0.140763,0.303198,0.128806,0.123739,0.157855,0.097347,0.152684,-0.042449,0.205125,0.222422,-0.103177,-0.017935,-0.141829,0.126488,-0.135737,0.258626,-0.044684,-0.074123,0.11633,-0.132094,-0.299755,0.083173,0.275637,-0.020418,0.106324,-0.041796,-0.136076,-0.032769,-0.116945,0.082013,-0.319026,-0.256434,-0.244614,-0.239379,-0.041144,-0.370609,-0.003818,0.293044,-0.098206,-0.096323,0.156384,-0.084206,-0.089731,0.198625,0.138235,0.308971,-0.120019,0.27559,0.028804,0.104618,0.068724,0.164652,0.253238,0.072218,0.020356,-0.011437,0.08434,0.065361,0.150502,0.232344,0.070717,0.274134,0.093348,0.051703,-0.344874,-0.062288,-0.030044,0.203801,0.28569,0.200477,0.163122,-0.163933,0.279238,0.40547,0.143768,0.167368,0.239599,0.168905,0.238131,0.159226,-0.059919,0.074082,0.044838,0.331239,0.104404,0.11014,0.387233,0.204528,-0.021836,-0.055105,0.078295,0.238085,0.063088,0.236254,0.16541,0.040196,-0.046483,-0.257956,0.038755,0.04519,0.410342,0.053603,-0.101199,0.030076,-0.046201,0.071534,0.241151,-0.120266,0.126691,0.182036,0.2946,0.099189,0.153263,0.260526,0.017125,0.197578,0.113642,0.075024,-0.24712,0.130847,0.164923,0.120853,0.297107,-0.118116,0.134636,0.307155,0.191436,0.010085,-0.238226,0.093724,0.016443,0.281041,0.32265,0.026074,0.118328,0.258641,-0.267595,0.19166,-0.000662,0.418964,0.114579,-0.122293,-0.087378,0.103671,0.046186,-0.250108,0.188089,-0.136756,-0.319293,-0.315895,-0.201754,-0.434756,-0.083949,-0.276356,-0.260254,-0.359669,-0.118879,-0.067053,-0.160598,0.136062,-0.416155,0.302597,-0.254963,-0.191686,-0.151543,-0.08942,0.157162,0.114781,0.21745,0.129519,-0.101301,#
8,0.225701,0.140661,0.053992,-0.0044,0.156603,0.380178,0.166969,-0.1657,1.0,0.307513,-0.011712,0.045005,-0.029586,0.285183,-0.152628,0.11527,-0.087773,0.253599,0.340762,0.089711,0.048113,0.024975,0.433625,-0.153008,0.132174,-0.352447,-0.061784,-0.270243,0.148748,0.214154,-0.192467,-0.012274,-0.117976,-0.066949,-0.075632,0.380383,0.152526,-0.457256,0.134236,-0.204942,0.183576,0.023162,-0.11365,-0.032282,-0.062,0.029923,0.216694,0.07696,0.138369,0.098386,0.235092,-0.117211,0.060597,-0.050927,-0.135134,0.134709,-0.176047,0.212816,-0.297979,0.106076,0.208464,0.157014,0.061887,-0.222883,-0.215685,0.231354,0.174585,0.248131,0.234128,0.046433,-0.05934,0.084029,-0.178492,-0.023033,-0.365271,0.153378,0.045299,-0.126016,-0.205942,0.135761,-0.011452,-0.272311,-0.076357,0.116953,0.05651,-0.099323,-0.167699,-0.206625,0.146683,-0.007267,-0.323624,-0.137397,-0.266151,0.193022,-0.256811,-0.210149,0.136471,-0.054381,0.092411,-0.233555,0.15809,0.130308,-0.2445,0.199417,-0.198246,-0.200642,-0.158173,-0.146732,0.251638,-0.064014,0.174453,-0.214222,-0.159817,-0.180293,-0.208668,-0.231695,-0.039715,-0.241113,0.202622,-0.409922,-0.016367,-0.290895,-0.11654,-0.286487,-0.06042,-0.042575,-0.001646,0.13807,-0.356384,-0.224263,-0.099404,0.007126,-0.361408,-0.160789,-0.336869,-0.179438,-0.173077,-0.162466,0.088149,-0.27204,-0.150244,-0.206515,-0.305553,-0.32969,-0.264768,-0.489936,0.039893,0.336523,-0.27067,-0.045593,0.109766,-0.381301,0.223171,-0.251953,0.044383,0.074632,0.03944,0.400665,-0.133056,0.139583,-0.269405,-0.115212,-0.120278,0.263068,0.205909,-0.068556,-0.133131,-0.183099,-0.277343,-0.01811,0.122862,0.234558,0.07437,-0.135565,0.12954,-0.188848,-0.157637,0.153771,0.164311,0.108302,0.208206,0.08869,-0.104476,0.034386,0.114207,0.161716,0.048552,0.040285,-0.308886,0.335252,-0.190573,0.02833,0.037527,0.200923,-0.230487,0.03383,-0.084876,-0.105613,-0.049854,-0.098149,#
9,0.338278,0.165698,-0.107246,-0.035726,0.208767,0.190117,0.159966,-0.180187,0.307513,1.0,0.073824,0.207416,0.25428,0.149287,0.045462,0.402626,-0.033143,0.179217,0.257405,-0.259503,0.301092,-0.065525,0.154918,-0.324329,-0.17592,-0.182507,-0.137205,-0.11872,0.143498,0.298529,-0.195614,0.023454,-0.060669,-0.121425,0.024916,0.207246,-0.128012,-0.354768,0.075523,0.175288,-0.015312,0.052532,-0.21836,0.082917,-0.049618,-0.042357,-0.0622,-0.197369,-0.151582,-0.000759,0.167219,-0.389412,-0.0723,-0.081109,0.240894,0.194683,-0.294202,0.271056,-0.249727,-0.178416,0.136019,0.297228,0.036234,-0.096021,-0.068209,0.155144,0.04334,0.066583,0.235135,-0.134349,-0.223626,0.153641,-0.016551,-0.090721,-0.103819,0.071099,-0.327895,-0.078116,-0.378661,-0.142955,-0.183032,-0.254411,-0.077451,-0.074449,-0.119165,-0.213752,-0.091731,-0.147638,-0.176695,-0.076485,-0.277467,-0.370802,-0.256243,0.026727,-0.11557,-0.109388,0.004195,0.032916,-0.246045,-0.087177,0.214177,-0.138152,-0.202179,-0.071154,-0.349486,-0.063853,-0.412021,-0.160076,0.058907,-0.130268,-0.111491,-0.125776,-0.28512,-0.179573,-0.400292,-0.032514,-0.190413,-0.244199,-0.190608,-0.262643,-0.236055,-0.064806,-0.478203,-0.116807,-0.03711,-0.088857,-0.121724,-0.052088,-0.013601,-0.299805,-0.221948,-0.200824,-0.168226,-0.154269,-0.378125,-0.094332,-0.101619,-0.310338,-0.144485,-0.240826,-0.120755,-0.318144,-0.299504,-0.162459,-0.239389,-0.216748,-0.067739,0.433722,-0.327344,-0.255809,-0.069894,-0.358456,-0.116723,-0.310336,-0.322947,-0.139975,0.035897,0.263542,-0.22813,-0.035152,-0.395605,-0.263759,-0.111341,-0.035152,-0.058989,0.039953,-0.373002,0.114109,-0.169969,-0.066991,0.093051,0.104974,0.02186,-0.286297,0.183917,-0.151305,-0.089208,0.316853,0.146435,-0.135721,0.266738,0.278373,0.040015,0.297266,0.274202,-0.113414,0.299456,-0.002409,0.007359,0.305011,-0.27744,0.038274,0.242856,0.346207,0.058805,0.120457,0.127812,-0.104872,-0.199277,-0.100343,#
10,0.182848,0.140916,0.014036,-0.052369,0.289144,0.223024,0.160422,-0.247962,-0.011712,0.073824,1.0,0.040162,0.125281,-0.221116,-0.015252,0.172428,0.200761,-0.232395,-0.060388,-0.274195,0.282118,0.126812,0.001753,0.124026,-0.172191,-0.206734,0.069758,-0.027585,0.230189,-0.005733,-0.21474,0.038258,-0.112361,-0.188087,0.326223,-0.025727,0.245151,-0.122548,-0.110092,0.330067,-0.185667,0.100101,-0.144027,-0.100848,-0.055392,-0.182705,-0.163151,-0.041276,0.227966,-0.05553,0.176297,-0.178139,-0.049014,0.033061,0.478477,-0.110878,-0.464372,0.160228,0.132864,0.191119,0.045786,0.18331,-0.171177,0.10299,0.1957,-0.029832,-0.255797,0.045372,0.185824,-0.40715,-0.003171,0.006506,0.071302,-0.356742,-0.297786,0.222676,-0.306217,0.235802,-0.254119,-0.31485,-0.26814,-0.234124,-0.125895,-0.046864,-0.537593,-0.138109,-0.188346,0.014649,-0.339227,-0.348731,-0.164881,-0.406708,-0.114307,-0.230933,-0.083511,-0.13101,-0.264521,-0.128245,-0.099266,-0.10787,0.140379,-0.197047,-0.192353,-0.205725,-0.299902,-0.228963,-0.128992,0.217219,-0.29682,0.16498,-0.212881,-0.221632,-0.458939,-0.142052,-0.223484,-0.34613,-0.166982,-0.166606,-0.257585,0.145441,-0.528147,-0.031035,-0.183092,0.095729,-0.100946,-0.093731,0.200422,-0.070049,-0.148875,-0.250115,-0.209689,-0.11737,-0.198898,-0.007807,-0.025369,-0.108195,-0.179064,-0.201179,-0.161136,-0.23195,-0.332548,0.197363,-0.174522,-0.041088,-0.273193,-0.128421,-0.279541,0.124328,-0.132689,-0.230378,-0.113038,-0.158548,-0.140366,-0.324878,-0.171352,-0.30634,0.225183,-0.097654,-0.222099,-0.135406,0.050255,-0.323707,-0.065309,-0.268728,-0.371625,0.192726,-0.144476,-0.065324,-0.390362,-0.291577,0.296929,0.032894,-0.285236,-0.188095,0.148879,-0.339146,-0.280481,0.362173,0.182603,0.358984,0.240695,0.050975,0.355953,0.225642,0.089241,-0.154373,-0.099745,-0.066789,0.390051,0.198381,-0.508568,0.52513,0.174528,0.105248,0.017724,-0.028988,0.182805,-0.497861,-0.309613,-0.094963,#
11,-0.055753,0.06498,0.208729,0.031246,0.108929,0.05424,0.046319,-0.176054,0.045005,0.207416,0.040162,1.0,-0.290087,0.178245,0.080672,0.315905,-0.063798,-0.149276,0.029715,-0.159885,0.07977,-0.317636,0.01245,-0.196917,-0.002394,-0.093237,-0.019971,-0.100125,0.218366,0.297011,-0.225365,0.099519,-0.354725,-0.133819,-0.082612,0.195147,-0.334562,0.056767,0.179313,0.300788,0.010382,-0.164693,-0.078868,-0.101605,0.227229,0.110829,-0.109038,-0.165126,-0.173036,0.209744,0.218806,-0.113476,0.015324,0.157222,-0.183386,0.011107,-0.140307,-0.185465,-0.166568,-0.091874,-0.129929,0.23736,0.212806,0.113091,0.064831,-0.203875,0.164759,-0.026786,-0.053139,-0.101276,0.131981,0.150225,0.096271,0.048392,-0.064186,0.119477,-0.327864,-0.108941,-0.070474,-0.240729,-0.019638,-0.02218,-0.036448,0.062607,-0.011667,0.047271,-0.261921,-0.255441,-0.012109,-0.23203,-0.112,-0.004985,0.008841,-0.157067,-0.171521,-0.151177,-0.191902,-0.241569,-0.276805,0.016012,0.016589,0.150489,-0.02771,-0.076999,-0.297449,-0.119493,-0.124654,-0.131316,-0.121878,-0.028343,-0.332971,0.148453,-0.218501,0.096328,-0.200559,0.016811,0.045706,-0.023749,-0.00078,-0.266474,-0.223128,-0.1339,-0.085003,-0.003825,0.134117,-0.066289,-0.160504,-0.247409,-0.205752,-0.179241,-0.044847,-0.288547,-0.068351,0.205594,-0.139714,-0.069809,0.126382,-0.038793,-0.014528,-0.116441,-0.228282,0.047564,-0.071528,-0.101984,-0.254498,-0.251077,0.322326,0.166076,0.057717,-0.064201,-0.024635,-0.239747,-0.141517,-0.238425,-0.143524,-0.084206,-0.000349,0.136579,-0.069752,0.016059,-0.130818,-0.060415,-0.005056,-0.09914,-0.056014,-0.176981,-0.174512,-0.012597,0.07929,-0.061109,0.244922,-0.252067,-0.077283,-0.302301,0.169209,0.08668,-0.261331,0.012356,-0.022366,-0.157342,-0.009142,0.126249,0.098508,0.159014,0.189139,0.011119,0.207517,-0.189573,-0.04292,0.015591,-0.344969,0.222245,0.187253,0.183281,-0.174886,-0.05042,0.091465,-0.184585,0.069842,0.359451,#
12,0.301116,0.0036,-0.270434,-0.062592,0.069471,0.03873,0.105397,-0.14724,-0.029586,0.25428,0.125281,-0.290087,1.0,0.102025,-0.024235,0.120501,0.045275,0.013064,0.158718,-0.051726,0.282346,0.17542,0.020836,-0.107704,0.025066,-0.191233,-0.038725,-0.170271,0.148572,-0.022572,0.014236,0.178961,-0.049168,0.050668,-0.243687,-0.243268,-0.048744,-0.15591,-0.108201,-0.168332,-0.137017,0.241184,-0.165929,0.135514,0.062186,-0.192644,0.029176,0.032599,-0.008997,-0.092391,0.104454,0.009479,0.189639,-0.080746,0.221987,0.167054,-0.123969,0.188126,-0.022912,0.017222,0.033374,-0.040582,-0.028778,-0.220881,-0.074321,0.305632,-0.082235,0.179091,0.115025,-0.055583,-0.096896,-0.055761,-0.162433,-0.122578,-0.030004,-0.040851,-0.053424,-0.175021,0.023486,-0.103564,-0.129405,-0.225062,0.057375,-0.037417,0.056179,-0.217618,0.049097,-0.042395,-0.105967,-0.106178,0.084104,-0.328551,-0.194851,0.165553,0.136351,0.037163,0.011041,0.09199,-0.221188,-0.049426,0.221294,-0.143585,-0.023196,-0.131384,-0.046246,-0.09758,-0.038755,0.111906,-0.219697,-0.218248,0.291093,-0.204703,-0.011798,-0.13916,0.09023,-0.281644,0.092147,0.026981,-0.058689,0.09643,-0.065971,-0.147605,-0.414895,-0.004583,-0.0,0.02881,-0.211012,0.1048,0.184855,-0.101151,-0.273509,0.260304,-0.084665,-0.059282,0.007675,0.120129,-0.165387,-0.246543,-0.097329,-0.169418,-0.100466,0.177839,-0.0311,0.052492,-0.013389,0.246423,-0.248544,0.303529,-0.267883,-0.145283,-0.085186,-0.101805,0.015673,-0.161979,-0.166837,-0.160841,0.196852,0.089059,-0.060305,-0.053471,0.001198,-0.031384,-0.051069,0.021464,-0.063984,0.11289,0.06246,-0.016372,-0.034999,-0.013114,0.020731,0.313674,0.189995,0.12899,0.182582,-0.088637,0.097358,0.073348,0.083929,-0.004623,0.309631,0.000209,0.149537,0.106399,0.038874,0.088745,0.126508,0.131941,0.128802,0.18025,0.117461,0.022901,0.038971,-0.00318,0.049889,0.158819,0.071735,0.048297,-0.059548,-0.08545,#
13,0.276016,0.279751,-0.023353,-0.182241,0.097195,0.250859,-0.079271,-0.280153,0.285183,0.149287,-0.221116,0.178245,0.102025,1.0,0.106098,0.204599,0.044324,0.089229,0.02877,-0.124094,-0.187812,0.015173,0.335718,-0.334503,-0.095496,-0.209059,0.013498,-0.28522,0.076844,0.225174,-0.377805,0.226347,-0.228177,-0.029749,-0.28083,0.076175,-0.164256,-0.131037,0.185051,-0.321893,0.089743,0.063966,-0.153421,0.219408,-0.030592,-0.136961,0.231656,0.104181,-0.190406,0.087069,-0.142954,-0.046566,0.149335,-0.237487,-0.189797,0.239789,-0.038133,0.239344,-0.204846,0.171279,0.204942,0.137444,0.054935,-0.251841,-0.011823,0.224815,-0.00906,0.250124,0.119802,0.087976,0.029001,0.092243,-0.20709,0.224812,0.034582,0.169224,-0.023736,-0.343986,-0.294477,0.128788,0.032772,-0.205325,-0.065942,0.172677,0.220351,0.217471,-0.175181,-0.211433,-0.0028,-0.018059,-0.07635,-0.135902,-0.147322,0.369255,-0.173744,0.033111,0.216068,-0.025896,0.101532,-0.152872,0.30671,-0.11702,-0.172648,-0.028806,0.116504,-0.230912,-0.097272,-0.397656,0.136333,0.000558,0.194881,0.106766,-0.008116,0.009659,0.034132,-0.063462,-0.129724,0.145585,-0.018647,-0.32489,-0.001132,-0.253986,-0.055808,-0.256216,0.024224,0.032807,-0.162669,0.165422,-0.110753,-0.270236,-0.034063,0.089148,-0.413016,-0.228552,-0.08176,-0.217734,0.004317,-0.100423,0.138831,-0.212591,-0.160102,-0.218914,-0.330879,-0.182071,0.069439,-0.195048,0.000515,0.191018,-0.108556,0.074162,-0.120116,-0.216665,0.249426,-0.138737,-0.108817,0.024114,0.138113,0.293699,0.095202,-0.048184,-0.317798,-0.246579,0.34572,0.425379,0.184965,0.277808,0.048098,-0.109574,-0.078251,-0.068069,-0.144397,0.209648,0.065529,0.104009,0.137978,-0.025106,0.00909,-0.069464,0.17843,0.054251,0.397092,-0.079308,-0.094969,0.213491,0.12233,-0.159069,0.395368,0.090799,-0.303242,0.144795,0.075745,-0.254572,0.104222,0.185322,-0.033986,-0.260222,-0.201471,-0.080405,-0.104816,-0.128634,#
14,0.185497,0.26521,-0.219262,-0.08473,0.021492,-0.095386,0.126218,0.138328,-0.152628,0.045462,-0.015252,0.080672,-0.024235,0.106098,1.0,0.110429,0.195195,-0.18369,-0.137708,-0.070786,-0.242256,-0.109027,-0.20002,-0.128119,0.041046,-0.059955,0.161991,0.04055,-0.128273,0.042542,-0.212014,0.060867,-0.093835,-0.169193,0.121652,-0.067119,-0.035514,0.211567,-0.032285,0.333434,-0.0924,-0.041106,-0.282824,-0.123255,0.372495,-0.436873,0.258593,0.0766,-0.076155,-0.082045,-0.085906,-0.065191,-0.146454,-0.102005,-0.050841,0.17997,-0.008159,-0.010003,0.219827,0.144047,-0.226482,0.6188,-0.019791,0.079588,-0.273953,-0.033173,0.000723,-0.09642,0.203223,-0.164219,0.278079,0.065158,-0.096941,0.007668,0.230175,0.122751,-0.320571,-0.143709,-0.319952,0.058059,-0.046547,-0.211586,-0.081659,-0.062847,-0.186269,0.0069,-0.107746,-0.16801,0.015316,-0.105116,0.063986,-0.08541,-0.009036,0.028225,-0.037031,-0.087218,0.116936,-0.094669,-0.238228,-0.145427,-0.071402,-0.155741,0.040491,-0.011324,0.09984,-0.10848,-0.043491,-0.179666,0.127568,-0.13812,-0.052092,0.02947,-0.23137,0.042049,-0.265636,-0.135709,-0.020722,-0.115585,0.064193,-0.268789,-0.082824,-0.003253,-0.146447,-0.011938,0.204242,-0.036414,-0.201239,0.103894,0.023811,-0.161811,-0.045485,-0.249005,-0.096267,-0.187027,-0.074659,-0.184336,-0.125998,-0.17674,-0.053995,0.079861,-0.1997,-0.018325,0.106886,-0.197689,-0.238396,-0.059986,0.137631,0.076633,0.015552,0.088563,-0.168501,0.076652,-0.312516,-0.129099,0.034844,-0.029427,0.196102,0.001617,-0.14541,-0.163982,-0.200857,-0.016407,0.066089,-0.052085,-0.067609,-0.015312,-0.132477,0.098006,-0.009676,-0.442557,-0.004505,-0.143537,-0.127002,-0.133259,-0.152242,-0.026861,-0.269214,-0.11673,0.042239,-0.118305,0.097431,-0.038184,-0.024959,0.158339,0.000551,-0.131627,0.362097,-0.069933,0.047037,-0.137434,-0.107583,0.139459,0.011369,0.121452,-0.100953,-0.048209,-0.142216,0.059177,-0.029094,0.141457,#
15,0.183732,-0.140501,-0.15544,-0.087157,0.278187,0.178819,0.033186,-0.008274,0.11527,0.402626,0.172428,0.315905,0.120501,0.204599,0.110429,1.0,0.034415,-0.118066,0.081608,-0.249893,0.123986,-0.197577,0.04462,-0.324088,-0.253918,-0.213951,-0.024913,-0.123152,0.25771,0.302965,-0.264291,0.252315,-0.261764,-0.216466,0.186235,0.046667,-0.185054,-0.220207,0.442011,0.215941,-0.146238,-0.132484,-0.127729,0.125604,0.036004,0.069609,-0.044162,-0.161331,-0.036181,-0.081843,0.35891,-0.133446,0.112933,-0.026173,0.057551,0.247721,-0.086124,0.013787,-0.196921,-0.09231,-0.056037,0.10792,-0.102188,-0.035096,-0.003221,-0.013637,0.272784,0.107525,0.158931,-0.379104,-0.117051,0.203554,-0.134509,0.029491,0.042754,0.225421,-0.15342,-0.24017,-0.213685,-0.104791,-0.091242,-0.121389,0.046014,0.08863,-0.074193,-0.06385,-0.238673,-0.016617,-0.298992,0.018911,-0.020256,-0.421613,-0.155572,-0.113788,-0.35921,-0.156488,-0.005025,-0.11354,-0.384932,-0.005704,0.14752,-0.136188,-0.14715,-0.025935,-0.127999,-0.110134,-0.204481,0.172619,-0.050075,0.146769,-0.308163,0.241224,-0.096546,-0.168004,-0.248831,-0.196891,0.059482,0.085971,-0.227507,-0.191057,-0.393876,-0.006965,-0.271633,-0.002286,0.12308,-0.121716,-0.256911,-0.034958,-0.119868,-0.216447,-0.226094,-0.30937,-0.245405,-0.149964,-0.373454,-0.023632,-0.017335,-0.19205,-0.150352,-0.156504,-0.252955,-0.112773,-0.058951,-0.008649,-0.116523,-0.049276,-0.107464,0.234903,-0.290398,-0.184104,0.070692,-0.330196,-0.057758,-0.517619,-0.221414,-0.213591,-0.122094,0.089988,-0.412994,-0.226027,-0.474212,-0.218629,-0.028033,-0.151603,-0.113379,-0.05727,-0.375394,0.12599,0.082963,-0.148087,0.037616,-0.08142,-0.146553,-0.20349,0.338815,-0.075806,-0.235812,0.27618,0.147982,0.033495,0.150221,0.029835,0.012213,0.454318,0.121546,-0.156958,0.317062,-0.068505,0.085754,0.163531,-0.243839,0.124371,0.378718,0.284403,0.031216,0.09053,0.078414,-0.136709,0.022901,-0.090669,#
16,0.035036,-0.272861,0.081811,0.051716,0.118761,-0.03264,0.102268,0.044005,-0.087773,-0.033143,0.200761,-0.063798,0.045275,0.044324,0.195195,0.034415,1.0,-0.230651,-0.166561,0.043301,-0.155859,-0.0597,-0.269048,-0.123633,-0.158505,-0.017407,-0.294421,0.032051,-0.033328,-0.162448,-0.064135,0.086581,-0.268428,0.065913,0.116997,0.032401,0.257858,0.036783,0.055204,-0.010329,-0.209809,0.017315,-0.186407,-0.16097,0.146016,-0.066892,-0.007407,-0.217165,0.172875,0.186149,0.096554,0.072872,-0.271084,-0.19282,0.250737,0.11281,0.051606,0.083585,0.039572,0.101385,-0.046184,0.181787,-0.040648,0.014875,-0.003818,-0.243781,-0.181116,-0.160552,0.114239,-0.316372,0.270857,-0.010139,-0.229244,-0.076842,0.079069,0.113138,-0.210988,0.091777,-0.26881,0.015427,0.049277,0.164001,0.045046,0.253052,-0.340754,0.171381,0.100643,0.103474,-0.064177,-0.068183,0.092647,0.081038,0.167052,0.082095,0.089721,-0.13605,-0.038739,-0.141591,0.099675,-0.280011,0.066946,-0.013884,-0.050208,-0.165792,-0.227375,0.107138,-0.086107,-0.017833,-0.073467,0.077729,-0.099027,-0.156926,0.010318,-0.017678,-0.341992,0.102251,-0.120317,-0.112726,0.108875,0.028357,-0.076499,0.149908,0.105964,0.059276,0.008269,0.072707,-0.175533,-0.06746,0.064865,-0.221401,0.170923,0.272088,-0.102575,0.119179,-0.090256,-0.182243,-0.126785,-0.075272,-0.129687,0.236122,-0.125764,0.023655,0.148977,0.086798,-0.208991,0.025261,0.194519,-0.197892,0.178529,0.118321,-0.044224,0.100656,-0.027613,0.015717,0.103197,-0.154642,0.231693,0.017412,-0.114089,0.012742,0.089596,-0.052741,0.263741,-0.085538,-0.233151,0.034745,0.213704,0.08517,0.019871,-0.054626,0.300622,-0.058022,0.066854,0.282336,0.054414,-0.089105,-0.02525,0.08646,0.045575,0.137955,-0.005609,-0.015426,0.115858,-0.006571,-0.073447,-0.072351,0.178649,0.049565,0.099248,-0.317808,-0.091055,0.092228,-0.061085,-0.136696,0.090708,-0.089202,0.171535,-0.096689,-0.1829,0.092759,#
17,-0.09232,0.220829,0.157106,0.092313,-0.034009,-0.178038,-0.021673,-0.049067,0.253599,0.179217,-0.232395,-0.149276,0.013064,0.089229,-0.18369,-0.118066,-0.230651,1.0,0.15832,0.170177,0.117161,0.013726,0.073744,0.097232,0.169607,-0.001686,-0.189049,0.091508,0.094237,0.111287,0.223674,-0.076705,0.280799,0.217673,-0.006463,0.083319,0.018216,-0.12747,-0.13835,-0.10251,0.080414,-0.045738,0.046037,0.29815,-0.032996,-0.032184,0.010321,0.100213,-0.17969,0.003454,0.224412,-0.138228,0.141173,-0.104077,-0.231561,-0.015499,0.344128,0.318393,0.031362,-0.059205,0.124094,-0.098737,0.062316,-0.072531,0.017287,0.181047,0.190776,0.062197,0.097275,0.023401,-0.181601,-0.211881,0.054778,-0.054457,0.069132,-0.224281,-0.014407,0.016355,-0.047842,0.267221,0.27634,0.019894,0.004387,-0.067923,0.388101,-0.208129,0.264112,-0.095634,0.05622,0.10301,-0.132636,0.056723,-0.052298,0.25893,-0.116063,-0.188131,0.008914,0.289908,0.425483,0.082823,0.207801,0.232179,-0.02497,0.167378,0.101479,0.127006,-0.276663,-0.156053,0.159596,-0.06853,0.261605,0.035226,0.123894,0.234257,0.114646,0.045364,-0.067537,0.073862,-0.108631,-0.138611,0.324849,-0.002029,-0.090782,-0.218377,0.289843,-0.048594,0.342966,0.067887,-0.237721,0.072565,0.151138,-0.005582,-0.098911,-0.122917,-0.178708,0.123621,-0.248607,0.135355,0.053823,-0.066794,0.072352,-0.016273,-0.08559,-0.084072,0.059061,-0.178698,-0.186948,0.107423,-0.079877,-0.046448,0.073696,-0.282109,0.147243,0.063108,0.032929,0.075982,-0.035236,0.279271,0.225024,0.249654,0.07327,0.052932,-0.085321,0.34366,0.277437,-0.062973,-0.066183,-0.127509,-0.026329,0.319658,-0.11322,0.123726,0.107376,-0.059669,-0.141213,0.121917,0.133648,0.134655,-0.081285,-0.205681,0.161841,0.094614,-0.246755,-0.325499,-0.029197,-0.06398,-0.127603,0.139951,-0.198152,0.207954,0.125471,-0.169286,0.131723,0.002941,-0.049021,-0.093187,-0.063354,0.071009,0.148717,-0.333814,#
18,-0.019019,0.072778,-0.077853,-0.299466,0.232425,0.059624,0.192643,-0.144946,0.340762,0.257405,-0.060388,0.029715,0.158718,0.02877,-0.137708,0.081608,-0.166561,0.15832,1.0,0.053222,0.294701,0.073097,0.322629,0.151877,-0.043148,-0.204277,0.183587,0.159251,-0.07434,0.266631,-0.110807,-0.298256,-0.138175,0.145885,-0.145733,0.048276,-0.145401,-0.263902,-0.048062,-0.044211,-0.079048,0.00512,0.127043,0.21973,-0.253718,-0.08953,0.006268,0.112308,-0.13213,0.095031,0.296364,-0.06713,0.262654,-0.162361,-0.089342,-0.001007,-0.02246,-0.085746,-0.028861,0.149716,-0.174212,0.083221,-0.107343,-0.028713,0.017622,0.197388,-0.066156,0.087141,0.191362,0.085095,0.018042,0.055119,-0.048255,0.118692,-0.222472,0.066247,-0.144599,-0.273215,-0.03242,-0.066464,-0.164543,-0.30036,-0.252375,0.069568,0.03743,-0.202137,-0.146063,-0.108804,-0.020546,-0.120904,-0.169752,-0.101779,-0.100629,0.152056,-0.069547,-0.114852,0.062076,-0.037673,-0.246067,-0.109747,0.162986,0.10061,-0.265038,0.050519,-0.12843,-0.219739,-0.12694,0.085643,-0.018412,-0.007849,0.1991,-0.102767,-0.030773,-0.164862,-0.29266,-0.25112,-0.059161,-0.075032,0.108212,-0.247602,-0.103807,-0.287438,-0.374488,-0.430436,-0.140597,-0.29245,0.088296,-0.115602,-0.099345,-0.204544,-0.081834,-0.009974,-0.038927,0.090734,-0.343028,-0.016978,-0.003254,-0.160171,-0.243212,-0.112399,0.03028,0.098532,-0.273638,-0.369107,-0.212879,-0.249119,-0.127923,0.33701,-0.438877,-0.151741,0.102527,-0.419878,0.124098,-0.183693,-0.287551,-0.08473,-0.042744,0.321617,0.060539,0.23089,-0.017088,-0.257565,-0.101149,0.068331,-0.061339,0.032988,-0.040157,-0.030214,-0.076784,0.013113,0.138926,0.347465,-0.015532,-0.195536,0.182122,-0.334394,0.063934,0.206089,0.190805,0.023489,0.399867,-0.063534,0.117713,0.184876,0.098412,0.181978,0.224104,0.06889,-0.374052,0.274592,-0.032675,-0.091593,-0.177107,0.100644,-0.21816,0.184761,0.122524,-0.031388,0.266277,0.051819,#
19,-0.27887,-0.11867,0.1581,0.122121,-0.154495,-0.195771,-0.063535,0.33577,0.089711,-0.259503,-0.274195,-0.159885,-0.051726,-0.124094,-0.070786,-0.249893,0.043301,0.170177,0.053222,1.0,-0.241505,-0.109331,-0.13047,0.419313,0.271558,0.13601,0.008483,0.099172,-0.344712,-0.025226,0.239051,-0.092652,-0.040894,0.463895,-0.173095,0.086828,0.211918,0.199079,-0.003572,-0.199604,0.021723,-0.127862,0.088206,-0.143444,0.171381,0.107997,0.117297,0.154894,-0.205759,0.028878,-0.05875,0.331134,-0.073265,-0.136814,-0.244136,-0.090541,0.177244,-0.188779,0.162503,-0.178414,-0.048818,-0.151005,0.09503,0.112156,-0.123943,-0.026513,0.259902,-0.054722,-0.091557,0.174218,0.117428,-0.365264,-0.130076,0.011502,0.019862,-0.120888,0.565226,0.101988,0.343378,0.271403,0.509651,0.199675,0.21513,-0.203086,0.201342,0.286326,0.083265,0.016561,0.342411,0.274996,0.118718,0.301886,0.26721,0.010826,-0.183337,0.169282,0.288447,0.256915,0.267308,0.044819,-0.137865,0.298996,0.105062,0.071934,0.192402,0.301057,0.096408,0.1264,0.24759,-0.255314,0.309749,0.000499,0.518342,0.178508,0.160029,0.069679,0.22814,0.174779,0.076007,-0.046938,0.363593,-0.041865,0.307062,0.036016,0.063875,0.317037,0.058613,0.009054,0.164415,0.402502,0.116641,0.251526,0.193817,-0.060834,-0.002928,0.15728,-0.139573,0.150236,0.101389,0.14511,0.194966,0.15683,0.322158,0.18022,0.262999,0.162827,0.143755,-0.248446,0.311566,0.21282,-0.014904,0.249393,0.098595,0.160824,0.428464,0.341154,0.22021,-0.064197,0.224911,0.36683,0.244494,0.331808,0.08157,0.18086,0.375099,-0.048476,0.395308,0.042871,0.126527,0.25032,-0.100553,0.182443,0.166749,0.148775,-0.388856,0.151357,-0.042061,-0.281715,-0.14648,0.06062,-0.173961,-0.117829,-0.163932,-0.363676,-0.139103,0.214693,-0.048175,0.200758,-0.145135,-0.382413,0.36987,-0.270601,-0.247517,-0.228773,-0.078564,-0.162499,0.015314,0.237981,-0.034513,-0.149904,#
20,0.180602,0.159673,-0.019353,0.064971,0.264418,0.200885,0.227897,-0.12515,0.048113,0.301092,0.282118,0.07977,0.282346,-0.187812,-0.242256,0.123986,-0.155859,0.117161,0.294701,-0.241505,1.0,0.337458,0.03249,0.050671,-0.111606,-0.146996,0.00785,-0.032355,0.466902,0.184301,-0.077459,-0.108741,0.034787,-0.050392,-0.095057,0.032683,-0.160204,-0.351135,-0.134516,0.131562,0.120856,0.085357,-0.028303,0.151186,-0.060666,-0.088848,-0.430519,-0.125858,-0.197738,-0.012704,0.20218,-0.133637,0.053936,-0.044692,0.275591,0.066033,-0.294682,0.102081,-0.038664,0.073201,0.116331,-0.065351,0.023316,-0.211375,0.101706,0.102952,-0.053621,-0.050405,0.056571,-0.028096,-0.438462,0.258861,0.184152,-0.049067,-0.240753,0.014933,-0.158258,0.08677,-0.123145,-0.124244,-0.333709,-0.200717,-0.04044,-0.013626,-0.121903,-0.43802,0.056592,-0.232529,-0.1445,-0.330716,-0.156726,-0.380771,-0.240462,-0.081259,-0.033871,-0.165032,-0.23591,-0.102876,-0.215847,0.162991,0.277466,0.067448,-0.035689,-0.113587,-0.248177,-0.077678,-0.302688,-0.025747,-0.313582,0.066295,-0.059693,-0.05783,-0.269573,-0.13199,-0.144064,-0.145568,0.044899,-0.124895,-0.217438,-0.078317,-0.289424,-0.09291,-0.319837,-0.034155,-0.120198,-0.322954,0.221773,-0.085077,-0.088435,-0.187168,-0.335052,-0.131249,-0.164011,0.118203,-0.237746,0.152595,-0.193238,-0.315045,-0.166516,-0.35594,-0.253081,0.106405,-0.257721,-0.114439,-0.085402,-0.161719,-0.380291,0.412051,-0.160347,-0.254972,0.20996,-0.362299,-0.099634,-0.306983,-0.310598,-0.221936,-0.187319,0.244231,-0.225386,-0.155069,-0.049701,-0.190973,-0.279782,-0.039971,-0.30714,0.061841,-0.286008,0.119735,0.038158,-0.032921,0.104891,0.190437,-0.174564,0.003932,0.248484,-0.24636,-0.070458,0.389598,0.17656,0.001944,0.233698,0.131681,0.156736,0.249203,0.214503,0.013406,-0.029906,0.139205,0.139662,0.550314,-0.140265,0.300236,0.252109,0.155396,0.122944,0.194701,0.403044,0.023329,0.176377,0.011319,#
