0,1.0,0.211152,-0.002189,-0.026359,0.246474,0.125267,0.009014,-0.084807,0.184188,0.113059,-0.109121,-0.061037,-0.022658,0.18289,0.296768,0.020438,0.12899,-0.049725,-0.095117,-0.146639,-0.12385,-0.152801,-0.164242,-0.112749,0.216277,-0.387453,0.100082,-0.153074,0.209184,0.115294,-0.356902,0.002552,-0.106666,-0.188887,0.121727,0.124072,0.094598,-0.144484,-0.059164,0.138114,-0.062582,-0.013772,-0.405396,-0.158612,0.258538,-0.247396,0.124192,0.010966,0.040526,-0.047454,-0.062522,-0.153162,0.037875,0.06186,0.134967,0.029296,-0.135799,0.064486,-0.216461,0.282038,0.180779,0.370662,0.122368,-0.260487,-0.238466,-0.038122,0.003516,0.014313,0.099246,-0.060507,0.001126,-0.016964,0.084388,-0.018126,-0.074496,0.148659,-0.220199,-0.302147,-0.110567,-0.071657,0.014172,-0.209843,-0.054507,-0.290076,-0.202482,-0.002278,-0.165218,-0.07945,-0.075171,-0.36214,-0.041518,-0.320291,-0.015039,0.032877,-0.065944,-0.109461,-0.030236,-0.006731,-0.041266,-0.17145,-0.054759,-0.202325,-0.165179,0.075655,-0.034654,-0.114257,0.06766,-0.100928,-0.027583,-0.404138,0.081504,-0.080214,-0.073914,-0.207909,-0.221216,-0.349962,0.01828,-0.166163,0.089257,-0.250713,-0.038001,-0.048361,-0.240851,0.026474,0.131544,-0.110414,-0.103242,0.061591,-0.219339,-0.078266,-0.056006,-0.185673,-0.339849,-0.008266,0.048591,-0.179758,0.04726,-0.136453,0.054942,-0.172401,-0.080937,-0.33775,0.038032,-0.456851,-0.218977,-0.221003,-0.158095,0.252663,-0.08303,-0.048361,-0.303465,-0.009388,0.160258,-0.277408,0.035058,0.063265,0.08531,0.137972,-0.06003,-0.13051,-0.182441,-0.166376,0.201234,-0.030775,-0.210753,0.165095,-0.025554,0.273478,-0.131212,-0.326217,0.128239,0.028085,-0.01923,-0.04629,0.095165,-0.239039,0.0095,0.096755,0.206347,-0.343731,0.166851,0.029219,-0.05811,0.166332,0.118669,-0.1586,0.322401,-0.147017,0.083698,0.149911,-0.349141,0.062856,0.084198,0.158522,-0.18766,0.073045,-0.130931,-0.214863,0.038877,-0.119627,#
1,0.211152,1.0,-0.118247,0.003767,0.216698,0.288694,0.194123,-0.276347,0.181897,0.140024,0.073019,-0.032481,0.039103,0.254151,0.170252,-0.069449,-0.168935,0.185456,-0.130415,0.065334,0.142673,0.356762,0.245795,-0.070102,0.082089,-0.252109,0.274225,-0.047781,0.259847,0.311034,-0.405593,-0.168386,0.062689,-0.477217,-0.128246,0.11299,0.274806,-0.577624,-0.020548,0.17124,0.138495,0.300715,0.032418,-0.07859,0.044252,0.056965,0.080863,0.260128,-0.012256,-0.01164,-0.228329,-0.423085,0.055403,-0.227201,0.046758,0.013034,-0.125353,0.310666,0.045882,0.322215,0.229224,0.156289,0.178576,0.047562,-0.032878,0.274205,-0.044663,0.28714,0.391235,0.045514,-0.357689,-0.16023,0.162185,-0.158054,-0.2555,0.174754,-0.350908,-0.107585,-0.295246,-0.127563,-0.139856,-0.660755,-0.296959,-0.190198,-0.141796,-0.248718,0.066619,-0.401424,-0.109975,-0.11694,-0.212733,-0.233065,-0.15361,-0.037998,-0.323354,-0.21392,-0.323039,-0.348983,-0.12072,-0.34864,0.091152,-0.166032,-0.121546,-0.052963,0.041856,-0.151678,-0.285655,-0.518646,0.061798,-0.105783,0.063818,-0.097945,-0.409855,-0.273144,-0.057344,-0.134693,-0.234996,-0.089173,0.039239,-0.314988,-0.169629,-0.275216,-0.329009,-0.29039,-0.000774,-0.124867,0.00994,0.248704,-0.200612,-0.282622,-0.170358,-0.294891,-0.211351,-0.223859,-0.268761,-0.377364,-0.173119,-0.283639,0.194861,-0.686037,-0.280302,-0.284428,-0.175507,-0.207957,0.006951,-0.23047,-0.161382,0.340306,-0.102887,0.033394,-0.384174,-0.255506,-0.171571,-0.200178,-0.052496,0.02765,-0.03086,0.438155,-0.169026,-0.342251,-0.118673,-0.119479,-0.159109,0.135644,-0.212475,0.423298,-0.148647,-0.207683,-0.169574,-0.329006,-0.028684,0.016474,-0.349898,-0.130409,0.185068,-0.399002,-0.299087,0.095598,0.454897,-0.374925,0.503809,-0.128813,-0.216338,0.368897,0.452594,-0.306201,0.030527,-0.048338,-0.086357,0.470558,-0.370616,0.456582,0.406636,0.329605,0.033128,-0.232737,0.003265,-0.239221,-0.149011,0.075335,#
2,-0.002189,-0.118247,1.0,0.185274,0.042583,-0.065479,0.020928,0.035987,0.257341,-0.033716,0.011275,0.272759,-0.365168,0.082984,-0.197833,-0.271402,-0.162971,0.22964,-0.045231,0.092443,-0.201768,-0.189525,-0.02265,0.046444,0.181786,0.056092,-0.16219,0.027153,0.149118,-0.106471,0.059316,0.215594,-0.204287,0.130701,-0.08021,-0.01084,-0.051786,-0.058342,-0.126511,-0.217145,-0.185402,-0.019217,-0.051734,0.00348,-0.071231,-0.166137,0.045137,-0.022398,-0.104849,0.321038,-0.016253,0.190975,0.079362,0.192257,-0.061138,-0.089978,0.05679,-0.109264,-0.338509,-0.083427,0.212339,0.092028,-0.022849,-0.086444,-0.045232,0.044127,0.145452,-0.077264,-0.042847,0.270184,0.291323,0.097869,0.113505,0.198684,0.095359,0.110795,-0.116405,-0.07905,-0.057689,-0.056913,0.10975,0.106466,-0.160082,0.400703,0.10988,0.124545,-0.186289,0.042728,0.021545,-0.108807,0.131829,0.150993,0.073003,0.193434,-0.048962,-0.043979,0.207103,-0.121544,0.308155,0.165579,-0.244772,-0.091779,-0.00167,0.31324,-0.048946,0.104627,0.274218,0.24446,0.00871,0.078544,0.077189,0.152599,0.04063,0.276082,0.093917,0.239466,-0.280182,0.013153,0.186716,0.226162,-0.034732,0.239095,0.293946,-0.054918,-0.209814,0.126706,0.06664,-0.347267,-0.288031,-0.02121,0.258569,0.06384,-0.047004,0.143611,0.003733,0.066733,0.072582,0.313168,-0.073132,0.155348,0.321433,0.104162,-0.103628,-0.157255,0.083375,-0.036675,0.243702,0.040683,0.017551,0.063418,0.17707,0.073553,0.203283,0.321268,0.173406,-0.030256,0.023552,0.072663,0.365517,0.115619,0.042715,-0.116271,0.434275,0.194967,0.189596,-0.152597,-0.000228,-0.178064,0.14912,-0.021057,-0.007537,0.031448,0.023562,0.034791,-0.130191,0.150745,0.177726,0.266842,-0.130213,-0.14659,-0.092904,-0.048609,0.105669,-0.159728,-0.074424,0.322346,0.094302,-0.035034,-0.214096,0.121846,0.049384,-0.238015,-0.006043,0.055765,-0.271134,-0.051941,-0.058278,-0.157902,0.05054,0.044409,#
3,-0.026359,0.003767,0.185274,1.0,0.047842,-0.149259,-0.008487,0.093727,-0.189686,0.246349,0.009319,0.071953,-0.001741,-0.163641,-0.110061,0.062426,-0.073658,-0.004886,-0.317627,0.09118,-0.091811,-0.011614,-0.25394,0.121713,0.199137,0.064996,-0.314619,-0.138876,-0.079861,-0.131286,0.185867,-0.158971,0.164872,0.324983,0.089349,-0.107749,0.049947,0.134343,-0.137266,0.08025,-0.004614,-0.056277,-0.094206,-0.115202,0.325412,0.048144,-0.428701,-0.239361,0.178715,0.113493,0.154067,0.079831,0.244558,0.13807,0.002318,-0.159617,-0.024934,0.121562,-0.06578,-0.18498,-0.140055,0.201561,0.151067,0.115802,-0.0378,-0.200128,-0.115607,-0.32498,-0.212433,0.043025,-0.124704,-0.009728,0.288484,0.205443,0.029767,0.01959,0.000506,0.318247,0.273274,-0.013207,0.164286,0.228457,-0.020454,0.063838,0.13569,0.030382,0.205622,-0.122511,0.119516,-0.149742,0.110427,0.070952,0.366722,-0.007159,0.042611,-0.210062,-0.09676,0.042843,0.221656,0.292913,-0.109507,0.055029,0.394573,0.32813,0.130665,0.120506,-0.024281,0.031016,-0.17312,-0.016983,-0.207242,-0.126462,0.110106,0.26153,-0.045821,0.427935,0.27477,0.003665,-0.033514,0.066884,0.159688,0.118005,0.097921,0.253081,-0.085204,0.055493,0.047148,-0.118897,0.01758,0.256935,-0.028811,-0.01174,0.313495,0.360677,0.088667,0.331283,0.108375,0.130494,-0.244471,0.159445,0.056808,0.189204,0.075993,0.042256,0.246987,0.182618,-0.005529,-0.150713,0.23302,-0.116114,-0.062361,-0.132375,0.007461,0.237469,0.224615,0.241243,-0.241252,-0.050544,0.254454,0.171116,0.363644,0.054326,0.185883,0.111127,0.016393,-0.241639,0.039712,-0.250673,0.333953,0.181066,-0.014261,-0.287762,0.076063,0.104768,-0.228071,0.138706,-0.080665,-0.076615,-0.298878,-0.187991,-0.17244,-0.330854,0.086099,-0.007535,-0.248403,0.070218,-0.322592,-0.038781,0.08289,-0.266522,0.018733,-0.103094,-0.251666,0.016913,0.061747,0.05373,-0.165711,0.12172,0.084598,0.121967,#
4,0.246474,0.216698,0.042583,0.047842,1.0,0.111786,0.154924,0.045904,0.213821,0.038134,-0.019507,0.121107,0.077869,0.159005,0.051187,0.035417,0.226545,0.067949,0.1523,-0.000173,0.16791,-0.184646,0.353774,0.012931,-0.163521,-0.312705,0.172931,-0.090564,0.256795,0.06401,-0.191231,0.102979,-0.014881,-0.201344,-0.014943,0.066951,0.22153,-0.371991,-0.123812,-0.062591,0.097043,0.239905,-0.215752,-0.349642,0.22728,-0.092589,0.078975,0.341332,0.254056,-0.028443,0.06688,-0.371336,0.352062,-0.276328,-0.083468,-0.081857,-0.129081,0.033127,0.152526,0.092478,-0.072462,0.310041,-0.049513,-0.135035,-0.179781,0.198877,0.120715,0.00037,0.254239,0.008386,-0.020255,-0.172098,0.117897,-0.171623,-0.130105,0.222595,-0.224833,-0.311665,-0.302342,-0.154224,-0.214568,-0.281572,-0.255999,0.315538,-0.318731,-0.069393,-0.214549,-0.205028,0.082878,-0.261427,-0.226516,-0.335291,-0.008819,-0.308677,-0.224222,-0.331233,-0.357732,-0.304662,-0.246589,-0.241542,-0.144351,-0.245806,-0.245676,0.134287,-0.138602,-0.253968,0.087782,-0.29275,-0.013421,-0.088963,0.2466,0.144414,-0.053834,-0.290607,-0.160204,0.005338,-0.058769,-0.287468,0.251802,-0.27682,0.026268,-0.245506,-0.273271,-0.517619,0.019866,0.019367,-0.095127,0.152979,0.075779,-0.463919,-0.063211,0.047222,-0.05383,-0.091695,-0.245564,-0.114558,-0.109508,-0.243279,-0.006222,-0.244376,-0.221701,-0.151543,-0.308705,-0.204575,-0.220337,-0.051787,0.057536,0.199475,-0.411306,-0.21913,-0.302489,-0.047976,0.194768,-0.371186,0.133634,-0.231104,0.043041,0.414845,-0.237049,-0.218015,0.117354,-0.220662,0.108907,0.02522,-0.145495,0.161333,0.100877,-0.00274,-0.119327,-0.025461,-0.061633,0.317862,-0.31031,-0.09018,0.108319,-0.130406,-0.243022,0.212255,0.264137,-0.198876,0.390822,-0.106253,-0.094959,0.091114,0.062871,-0.084481,0.049288,-0.038517,-0.123891,-0.028787,-0.115757,0.159629,0.225461,0.311565,-0.260622,0.149988,0.200303,-0.125762,0.025434,0.11416,#
5,0.125267,0.288694,-0.065479,-0.149259,0.111786,1.0,0.211631,-0.027677,0.472782,-0.017942,0.216283,0.067121,-0.106551,0.173197,-0.052196,-0.012172,0.080604,-0.069299,0.048527,-0.062354,0.000355,0.252666,0.329796,-0.278159,0.080269,-0.379793,0.157755,-0.053764,-0.023352,0.233042,-0.285446,0.063262,-0.148989,-0.228053,-0.160511,0.210442,0.16899,-0.118728,0.234351,-0.123578,0.128295,0.067608,0.135427,-0.161287,-0.30449,0.016388,0.202412,0.09889,0.135358,-0.013482,0.007998,-0.013157,0.0251,-0.186559,0.248421,0.254553,-0.515918,0.354356,-0.137313,0.200981,0.189794,0.05583,0.07089,0.012112,-0.082079,0.132338,0.011018,0.269143,0.203931,0.15155,-0.081446,-0.115545,0.036123,-0.350765,-0.310301,0.281282,-0.15276,-0.180737,-0.062844,-0.195118,-0.245282,-0.373662,-0.022452,0.225663,-0.296026,0.068391,-0.1915,-0.1151,-0.009739,-0.113079,-0.014818,-0.196815,-0.142207,-0.003358,-0.133058,-0.090266,0.095606,-0.140439,0.001282,-0.345717,0.141291,-0.152188,0.024473,-0.193351,-0.101919,-0.318301,0.121632,-0.214202,0.114634,0.062995,-0.013307,-0.136479,-0.16992,-0.397921,0.049922,-0.259754,-0.157576,-0.265535,0.153803,-0.093681,-0.061708,-0.20934,-0.230221,-0.236295,0.067344,0.03001,0.205361,0.3609,-0.232868,-0.226865,-0.225812,0.024098,-0.120067,-0.349619,-0.087731,-0.133703,-0.087099,-0.191871,0.184272,-0.393073,-0.266885,-0.13809,-0.222338,-0.18965,-0.110238,-0.326029,-0.076837,0.307653,-0.167713,-0.165347,-0.134606,-0.090166,0.214245,-0.263113,-0.113993,-0.080795,0.127509,0.074722,-0.094668,-0.142834,-0.114167,-0.061973,-0.076656,0.044341,0.091929,0.177727,-0.134173,-0.247428,-0.250755,-0.206196,0.106425,0.084064,0.024364,-0.168577,0.174214,-0.289138,-0.238659,0.299893,0.287152,-0.068565,0.251397,0.033236,-0.139166,0.295302,0.112178,-0.051011,0.095146,0.059906,-0.177042,0.384857,-0.18202,0.163875,0.101186,0.320674,-0.059091,0.226324,0.080337,-0.159344,-0.199594,-0.014326,#
6,0.009014,0.194123,0.020928,-0.008487,0.154924,0.211631,1.0,-0.175825,0.21781,0.117447,0.168832,-0.007442,0.090293,0.031583,0.087624,0.07946,-0.040456,0.081713,0.124955,0.050191,0.233706,0.128103,0.162372,-0.213539,-0.121078,-0.278488,0.132573,-0.060998,0.278052,0.101435,-0.216112,0.031924,-0.0182,-0.167714,0.005268,0.004003,0.182137,-0.128544,-0.093736,-0.020287,-0.092091,0.106319,0.08868,-0.154543,-0.109427,-0.123,0.064877,0.017574,0.148025,0.215312,0.098791,-0.290793,-0.015146,-0.125612,-0.183525,-0.000111,0.130899,-0.063549,-0.14064,0.129354,0.052903,0.15031,-0.066282,0.01153,-0.230357,-0.097024,0.159117,0.066716,0.079923,0.206475,0.129717,-0.250928,0.025998,-0.073463,-0.17261,0.071227,-0.008007,-0.289814,-0.339749,-0.064978,-0.033224,-0.176278,-0.068236,0.041504,-0.145187,0.141959,-0.136014,-0.068378,0.121482,-0.129676,-0.130806,-0.064393,0.019701,0.069891,0.137802,-0.033635,-0.206115,-0.186757,-0.28118,-0.044141,0.061759,-0.35654,-0.187109,-0.027915,0.025538,-0.067822,0.057569,-0.075111,-0.085516,-0.018547,0.027303,-0.141874,-0.176529,-0.102312,-0.06713,-0.09359,-0.19717,-0.195166,0.058002,-0.028483,-0.001638,-0.132081,-0.095948,-0.275787,-0.312959,0.342243,0.013908,0.318605,-0.05325,-0.151592,0.053384,0.014382,-0.030053,0.042411,-0.040412,-0.078065,-0.095202,-0.308196,-0.035503,-0.06324,0.072678,0.035506,0.083159,-0.098892,-0.2991,-0.255575,0.075475,0.343289,-0.006924,0.087786,-0.172743,-0.117246,0.103066,-0.0875,0.126558,-0.007434,-0.037823,0.230768,-0.140145,-0.082377,0.029225,-0.083203,-0.102648,0.109437,0.138401,0.049841,-0.085746,-0.200131,-0.090158,-0.061024,0.047675,-0.019843,-0.077923,-0.097277,-0.0285,0.110367,-0.156549,0.278213,0.154224,-0.184345,-0.035462,0.058778,0.249331,0.17177,-0.045204,0.140511,0.062014,-0.158687,-0.084949,-0.058378,-0.137766,0.224826,0.137731,0.291512,0.149044,0.266405,-0.0528,-0.068224,-0.102645,-0.018439,#
7,-0.084807,-0.276347,0.035987,0.093727,0.045904,-0.027677,-0.175825,1.0,-0.234764,-0.327908,-0.08661,-0.185357,0.03546,-0.161629,0.096549,-0.099807,-0.070492,-0.164166,-0.080779,0.028333,-0.064023,0.13326,-0.053262,0.199846,0.27169,0.18589,-0.045601,0.247754,-0.194688,-0.087473,0.140099,0.188723,0.38269,0.148154,-0.021236,0.025891,-0.127795,0.287318,0.096263,-0.177967,0.097042,-0.066362,0.173328,0.116811,0.061685,-0.114359,0.107577,0.257727,0.026644,-0.370941,-0.075081,0.11946,-0.06193,-0.050133,-0.017568,-0.129772,-0.108644,-0.0682,0.08018,-0.352265,-0.454509,-0.24107,-0.381357,0.061393,-0.072889,0.060621,0.091276,-0.023565,-0.078121,0.164759,-0.034296,-0.088687,0.200285,0.005446,0.219432,-0.130223,0.285239,0.051769,0.027741,-0.064032,-0.21601,0.077782,-0.036718,-0.055123,0.068485,0.189082,-0.136875,0.179606,0.114983,-0.103301,0.246786,0.115559,0.065969,-0.328819,-0.005734,0.072581,0.04889,0.116879,0.077853,0.058732,0.05384,-0.005941,0.287551,-0.128276,0.088687,-0.057916,0.266506,0.102086,0.013731,0.054663,0.180609,-0.057581,0.28531,0.099727,0.078559,0.242859,0.175135,0.084298,-0.1686,0.263938,0.158997,-0.085957,0.06998,0.010084,-0.05323,0.032047,-0.219794,0.079126,0.014196,0.32452,0.055512,-0.030718,0.077668,-0.004248,0.210368,0.20286,-0.101775,0.068802,0.227634,0.195495,0.075306,0.167591,0.049588,-0.094862,0.095676,0.035238,0.008,-0.219653,0.034172,0.001839,0.092568,0.274533,0.058805,0.202799,0.005768,0.0029,0.078534,-0.406267,0.063305,-0.07373,0.158949,0.213786,0.077386,0.147079,0.034044,-0.162788,0.065495,-0.114912,0.166771,0.150264,-0.248063,0.106677,0.277234,-0.053575,-0.158454,0.11661,-0.026667,-0.252735,-0.395991,-0.11092,-0.283843,-0.070075,0.058297,-0.094452,-0.334943,-0.137416,-0.110234,-0.117154,-0.041429,-0.306529,0.228384,-0.235099,-0.141484,-0.193028,0.004653,0.079554,0.030017,0.134092,-0.026794,-0.123965,#
8,0.184188,0.181897,0.257341,-0.189686,0.213821,0.472782,0.21781,-0.234764,1.0,0.141325,0.03671,0.174134,-0.035377,0.436305,-0.154946,-0.068533,-0.054604,0.291921,0.327972,0.220668,-0.155798,-0.19488,0.295915,-0.411432,-0.046314,-0.349556,0.192354,-0.04719,0.212688,0.200918,-0.204992,0.211115,-0.206613,-0.147094,-0.120019,0.277958,0.319094,-0.418769,-0.025564,-0.205392,-0.061122,0.291674,-0.142295,-0.039589,0.03385,-0.239293,0.408566,0.181083,0.043715,0.295124,0.087958,-0.128463,0.074564,-0.008348,-0.183566,0.282322,-0.059017,0.1114,-0.132098,0.194059,0.023525,0.204175,-0.021302,-0.113585,-0.201644,0.213251,0.341284,0.251792,0.175587,0.049747,0.223023,-0.08354,-0.180916,-0.133358,-0.325678,0.204931,0.013127,-0.375494,-0.18484,-0.056018,-0.130729,-0.302718,-0.074583,0.287325,0.014163,0.044125,-0.27437,-0.261594,-0.022182,-0.10375,-0.181744,-0.048205,-0.213248,0.281325,-0.244501,-0.091403,0.104915,-0.34038,-0.071457,-0.251183,-0.188587,-0.244989,-0.241813,0.077938,-0.234125,-0.117473,0.121325,-0.08814,0.109919,-0.121375,0.155187,-0.121415,0.057331,-0.104391,-0.079865,-0.430803,-0.106163,-0.135153,0.433434,-0.280939,0.004243,-0.011006,-0.104074,-0.373286,-0.057482,0.152589,-0.015334,0.166442,-0.336525,-0.250463,0.116626,0.270192,-0.379318,-0.018618,-0.263481,-0.245528,0.110209,0.098113,0.246522,-0.251414,0.09782,-0.19365,-0.225982,-0.142231,-0.170404,-0.423355,0.20875,0.465238,-0.11243,0.180842,0.039301,-0.118193,0.305386,-0.227891,0.083948,-0.103564,0.161287,0.340848,-0.156864,0.101686,-0.288846,-0.23255,-0.018198,0.32197,0.229224,-0.061909,-0.11401,-0.098282,-0.22677,-0.132787,-0.063797,0.174433,0.185699,-0.122434,0.042872,-0.178621,-0.16075,0.209583,0.279037,-0.083973,0.333171,0.150936,-0.303261,0.020745,0.043016,0.221509,0.268986,0.080552,-0.493299,0.269269,-0.157354,-0.010547,0.038218,0.176539,-0.352556,0.112957,-0.051068,-0.18991,0.016249,0.095022,#
9,0.113059,0.140024,-0.033716,0.246349,0.038134,-0.017942,0.117447,-0.327908,0.141325,1.0,0.137313,0.06012,0.207459,0.254909,-0.225935,0.317031,-0.062004,0.022487,-0.129215,-0.030798,0.061058,-0.171252,0.046848,-0.182584,-0.016482,-0.168799,-0.114995,-0.35001,0.012256,0.00898,-0.025707,-0.040241,-0.090935,0.079201,0.297557,0.111216,0.189253,-0.335624,-0.127907,0.157069,-0.155023,0.18216,0.03168,-0.227481,0.08552,-0.060294,-0.173814,-0.223771,-0.088646,0.096525,0.226042,-0.118994,-0.016207,0.180115,0.038931,0.071698,-0.132333,0.091409,-0.042016,0.209432,0.112091,0.161873,0.149488,0.001427,-0.273368,0.000905,0.211903,-0.025677,-0.006005,-0.049092,-0.062304,-0.180718,-0.051789,0.047535,-0.016352,-0.014533,-0.085458,0.141716,-0.020384,0.114615,-0.009023,0.083701,0.056613,-0.002372,-0.093689,-0.326346,0.163169,-0.041533,-0.100027,0.195342,-0.28266,-0.164969,0.171242,0.005567,-0.073358,0.033221,-0.191919,0.063701,-0.195711,0.127773,-0.161881,0.06082,0.033793,0.313892,0.015386,0.083432,-0.117041,0.059975,-0.118808,-0.010428,-0.246992,-0.116219,-0.210465,0.098882,-0.072372,0.023467,-0.126338,-0.225377,0.131143,-0.089707,-0.087055,0.275961,-0.015108,-0.012938,-0.199802,0.14962,-0.220713,-0.073393,0.118953,0.056146,-0.176529,0.317808,-0.085925,0.249602,0.004942,0.068316,-0.041412,-0.093858,-0.052564,-0.053621,0.05355,-0.16729,0.068372,0.042712,0.014732,0.091959,-0.066671,0.217845,-0.118243,0.047201,-0.287199,-0.11645,-0.336846,-0.031629,0.264563,0.047818,-0.003984,0.311583,0.034191,-0.188613,-0.013505,-0.088958,-0.148077,0.220633,-0.022973,-0.07116,0.031476,0.195429,-0.034693,0.072774,0.223894,-0.123819,0.001335,-0.042914,0.041649,-0.076459,-0.25093,0.19472,0.037813,-0.105626,0.085561,0.025315,-0.062597,0.029476,0.01266,0.024547,-0.008048,0.014724,0.03677,0.157459,-0.200032,0.035295,0.098085,0.125052,0.139143,-0.054515,0.02125,-0.030766,0.068867,0.000457,#
10,-0.109121,0.073019,0.011275,0.009319,-0.019507,0.216283,0.168832,-0.08661,0.03671,0.137313,1.0,0.19316,-0.097385,-0.052018,0.004171,0.171249,0.431485,-0.161989,-0.026758,-0.195176,0.214154,0.165376,-0.002262,0.087424,0.00706,0.081096,-0.232647,-0.013318,0.176476,0.179798,-0.20894,0.090246,-0.324364,-0.155085,0.381997,0.178703,0.158465,-0.193837,0.107428,0.184906,-0.30365,0.002264,-0.007273,-0.095167,-0.07791,-0.00037,-0.256878,-0.314643,0.133732,-0.087235,0.170203,-0.079904,-0.202664,0.058213,0.285317,-0.120688,-0.252722,0.00967,-0.056706,0.107106,0.084631,0.038703,-0.053955,0.104102,0.175515,-0.11549,-0.001162,-0.124033,0.06806,-0.28048,-0.06519,0.039144,0.122169,-0.160748,0.010033,0.286506,-0.297815,-0.029412,-0.317192,-0.220957,-0.217478,-0.069812,-0.341525,0.251547,-0.291936,-0.16577,-0.284325,-0.172054,-0.388116,-0.084415,-0.032481,-0.279755,-0.167724,-0.05462,-0.206273,-0.051953,-0.274516,-0.163456,-0.245377,-0.046131,0.133187,-0.077477,-0.259713,-0.152314,-0.038463,-0.104481,-0.177231,0.014935,-0.19772,0.485857,-0.348666,-0.147365,-0.310003,-0.080558,-0.207373,0.025286,-0.229503,-0.142357,-0.068411,0.158073,-0.472721,0.013601,-0.272576,0.101474,-0.116167,-0.123184,0.002126,-0.035507,-0.083389,-0.213276,0.03385,-0.102443,-0.157854,-0.067348,-0.133442,-0.04649,-0.094014,-0.268489,-0.113495,-0.239332,-0.219503,0.041849,-0.048078,-0.071887,-0.231059,-0.069678,-0.004884,-0.009173,-0.010616,-0.202227,-0.054457,-0.181799,-0.300435,-0.241001,-0.239744,-0.322381,-0.015575,0.008686,-0.133033,-0.05234,0.050745,-0.239466,-0.279917,-0.131645,-0.290899,0.036498,-0.273252,-0.058492,-0.149243,-0.108721,0.206885,-0.157824,-0.296314,-0.275674,0.143732,-0.402278,-0.378249,0.33881,0.164362,0.195975,0.118942,0.091814,0.126823,0.231858,0.190534,-0.164757,-0.086428,-0.045909,0.432805,0.098647,-0.306773,0.373567,0.084967,0.09453,-0.002239,-0.030028,0.231869,-0.355796,-0.274979,-0.059996,#
11,-0.061037,-0.032481,0.272759,0.071953,0.121107,0.067121,-0.007442,-0.185357,0.174134,0.06012,0.19316,1.0,-0.195691,0.110933,-0.022805,0.097761,0.145913,-0.131716,-0.037121,-0.110217,-0.131302,-0.232237,-0.046681,-0.072027,0.147939,-0.026839,-0.156523,-0.141194,0.224508,0.161762,-0.174184,0.155252,-0.47617,-0.004302,-0.203648,0.166388,-0.079112,-0.049109,0.110001,0.239441,-0.049645,0.002489,-0.059904,-0.162788,0.099745,0.231078,-0.013098,-0.262481,0.158249,0.190632,0.17825,-0.079418,-0.015116,0.070551,-0.099288,0.114719,-0.172666,-0.193835,-0.202241,-0.037365,-0.189005,0.10832,0.371067,-0.084527,0.003166,-0.186145,0.010202,0.01523,0.0444,-0.02642,0.236906,-0.04733,-0.035323,-0.020647,-0.048999,0.208137,-0.32196,-0.010633,0.076053,-0.17853,0.051168,-0.08017,0.089419,0.275797,0.01992,0.009075,-0.145297,-0.172917,-0.052552,-0.267816,0.037496,0.014492,0.130017,-0.064653,-0.110139,-0.189851,-0.208242,-0.223749,-0.048956,-0.071764,-0.156424,0.1772,-0.047509,0.141956,-0.146856,-0.066603,0.019253,-0.077369,-0.07825,-0.090008,-0.292104,0.100992,-0.261282,0.142969,-0.157741,0.072788,-0.077384,-0.166128,0.057652,0.062356,-0.018771,-0.088396,-0.158999,-0.073587,0.29673,0.098499,-0.214962,-0.288283,-0.22991,-0.166011,0.037351,-0.053143,0.046769,0.097456,-0.016471,0.0311,0.156841,0.004485,-0.033121,-0.030762,0.108817,0.186802,-0.008098,0.010388,-0.198637,-0.185093,0.318849,0.080417,-0.015696,-0.215619,-0.071727,0.012978,0.066201,-0.088223,-0.170193,-0.148031,0.122167,-0.057875,0.09176,0.179158,0.112535,0.071263,0.057787,-0.083453,-0.0904,-0.229934,-0.128239,-0.162633,0.236809,0.007404,0.084921,-0.216629,-0.031709,-0.38212,0.047224,-0.068588,-0.122336,0.042917,-0.006094,-0.169164,-0.067396,-0.01948,0.14469,0.034709,0.167921,0.083076,0.12112,-0.065995,-0.113769,0.023449,-0.226594,0.204784,0.102142,0.112123,0.056039,0.067108,0.065356,-0.19038,-0.13274,0.277543,#
12,-0.022658,0.039103,-0.365168,-0.001741,0.077869,-0.106551,0.090293,0.03546,-0.035377,0.207459,-0.097385,-0.195691,1.0,0.170326,0.113218,0.247706,-0.194862,0.0557,0.062157,0.017637,0.357196,0.08105,0.054719,-0.146854,-0.276668,-0.192904,0.216576,0.076099,-0.019957,-0.033783,0.01928,0.228361,0.165585,-0.104622,0.048046,-0.22714,0.130541,-0.148542,-0.06638,0.02548,0.033085,0.337068,0.06556,0.224208,0.192126,-0.19166,-0.099731,0.076112,-0.109057,-0.297493,0.147684,-0.077447,0.021862,-0.185155,-0.118267,-0.061583,-0.224239,0.167418,0.035036,0.068273,-0.185722,0.000927,-0.341379,-0.008049,0.043276,0.195084,0.091849,0.133209,0.157998,-0.100444,-0.111241,0.017356,-0.137855,0.027652,0.003218,-0.044014,0.008217,-0.110387,-0.124664,-0.197057,-0.195694,-0.243393,0.19964,0.017956,-0.073008,-0.180655,0.206337,-0.040393,-0.275414,-0.055923,-0.07113,-0.356,-0.193099,-0.091948,0.005114,0.167482,-0.07767,-0.024568,-0.300535,-0.127666,0.065935,-0.140383,0.017383,-0.181514,0.110867,0.049546,-0.13791,-0.038006,-0.271767,-0.135458,0.267759,-0.106426,-0.064368,-0.098152,-0.07126,-0.101117,0.163321,0.051994,-0.173699,-0.13758,0.024981,-0.225515,-0.271664,-0.213587,-0.263367,0.224514,-0.307181,0.035013,0.089762,-0.174587,-0.311074,0.113632,-0.094918,-0.076604,-0.102366,0.011127,-0.013546,-0.045176,0.056718,0.083625,-0.148831,0.14224,-0.151639,-0.197995,-0.106874,-0.012812,-0.058592,0.326038,-0.369212,-0.09922,-0.029865,-0.090312,-0.201245,-0.175961,-0.345162,-0.142138,0.209079,0.05979,-0.20558,-0.145006,0.012496,-0.076371,-0.060451,0.049154,-0.118083,0.010922,-0.089767,0.014064,0.009541,0.048027,0.07055,0.148902,0.02491,0.097497,0.196218,-0.069743,-0.114095,-0.071335,0.109949,-0.033118,0.278669,0.0316,-0.117935,0.091371,0.083794,-0.118286,-0.03351,0.028047,-0.006119,0.071192,-0.037383,0.053926,0.11404,0.102422,-0.046528,0.061528,-0.009951,0.138001,0.169254,0.149647,#
13,0.18289,0.254151,0.082984,-0.163641,0.159005,0.173197,0.031583,-0.161629,0.436305,0.254909,-0.052018,0.110933,0.170326,1.0,0.153648,0.063084,-0.041973,0.180473,-0.083762,0.037106,-0.182803,-0.155482,0.148656,-0.308268,-0.051804,-0.124507,0.186224,-0.260083,0.094258,-0.001417,-0.262231,0.207341,-0.169784,-0.171519,-0.162366,0.182815,0.232323,-0.133559,-0.004737,-0.208261,0.009876,0.311698,-0.172834,0.002857,0.023877,-0.407462,0.299182,0.109661,-0.054529,0.066035,0.022332,-0.100978,0.073376,0.051891,-0.289331,0.201717,0.041132,0.190052,0.268867,0.377109,0.0318,0.227032,-0.081877,-0.225674,-0.118666,0.25898,0.288074,0.418109,0.362868,0.181708,0.037553,-0.00756,-0.121536,0.035405,0.003725,0.205611,-0.116947,-0.134617,-0.327055,0.154868,0.138506,-0.250991,0.015046,0.206704,-0.000489,0.045506,-0.069443,-0.334598,-0.204131,-0.06328,-0.242332,-0.068097,-0.155522,0.240337,-0.260691,0.025706,0.139187,-0.031431,0.031309,-0.167177,-0.120098,-0.12752,-0.113847,0.069969,0.082755,-0.231921,0.055867,-0.162947,0.0972,-0.128697,0.235027,0.150982,-0.168576,0.145971,0.155046,-0.159605,-0.344353,-0.086063,0.226381,-0.354159,-0.010454,-0.125658,-0.013848,-0.26017,0.078938,0.001179,-0.23466,0.09348,-0.091119,-0.262613,-0.162962,0.332008,-0.457438,-0.311704,0.036696,-0.250967,-0.085497,0.11369,0.251429,0.025808,-0.002603,-0.253532,-0.261391,-0.129845,-0.0438,-0.280159,-0.035622,0.474529,-0.226697,0.246003,-0.240711,0.010898,0.031803,-0.157945,0.110358,-0.117225,0.397634,0.364341,0.055,-0.090007,-0.179569,-0.18918,0.215918,0.485168,0.145273,0.272904,-0.063369,-0.05146,-0.09488,-0.156806,0.031395,0.056557,-0.112131,0.061092,-0.116043,-0.058843,-0.029544,-0.076125,0.2089,-0.041561,0.438686,0.062417,-0.324424,-0.096839,0.113989,-0.049613,0.21162,0.10407,-0.391731,0.25746,0.047145,-0.130642,0.262533,0.253844,-0.0527,-0.162048,-0.329418,-0.107188,0.109963,0.0879,#
14,0.296768,0.170252,-0.197833,-0.110061,0.051187,-0.052196,0.087624,0.096549,-0.154946,-0.225935,0.004171,-0.022805,0.113218,0.153648,1.0,0.075834,0.193381,-0.168066,-0.088544,-0.012715,-0.197096,0.00096,-0.005115,-0.13407,0.021231,0.016708,0.182784,-0.05669,-0.075018,0.051757,-0.311349,0.232444,-0.072613,-0.164147,-0.102599,-0.180943,-0.111825,0.114751,0.104586,0.078121,-0.026677,-0.125856,-0.34383,-0.000335,0.316788,-0.283158,0.305488,0.077518,0.035714,-0.212799,-0.325653,0.043357,-0.138255,-0.271579,-0.126342,0.202412,-0.106563,-0.136223,0.000759,0.048838,-0.153324,0.308577,-0.047558,-0.056611,0.077959,-0.013518,-0.155231,-0.042195,0.218969,-0.178141,0.180044,0.135977,-0.194291,0.103869,0.170998,0.131247,-0.118641,-0.088769,-0.287185,0.193052,0.025927,-0.299133,-0.133143,-0.075132,-0.140943,0.224087,-0.205187,-0.027248,0.047196,-0.226548,0.131512,-0.131481,-0.112795,0.148623,-0.034911,-0.075214,0.166145,-0.146477,-0.099276,-0.078823,0.030187,-0.263601,0.065078,-0.044989,-0.037654,-0.106712,0.0267,-0.204932,0.184847,-0.092296,0.188894,-0.075218,-0.15555,0.073291,-0.333661,-0.136907,0.133627,0.173673,-0.085524,-0.244245,-0.188494,-0.137303,-0.183091,0.026318,0.141136,0.041296,-0.206277,0.233003,-0.058502,-0.14632,-0.08922,-0.360869,-0.167498,-0.286857,0.030252,-0.256834,-0.132948,-0.227442,-0.106979,0.026343,-0.174817,-0.028687,0.024154,-0.288108,-0.146591,-0.077245,0.10115,0.073559,0.102194,0.092998,-0.059986,0.075451,-0.08694,-0.175427,-0.117314,0.094747,0.195596,-0.114399,-0.19126,-0.088703,-0.383423,-0.012235,0.243965,-0.050254,-0.012053,0.150932,-0.021215,0.022817,-0.026509,-0.394641,-0.018979,0.013855,-0.101205,-0.062402,0.032457,0.002866,-0.026577,-0.187377,0.059776,-0.027437,0.067846,-0.058594,0.011126,0.150753,0.095802,-0.132558,0.365919,-0.01386,-0.034243,-0.193972,-0.029775,0.04385,0.063212,0.063672,0.035989,-0.095534,-0.141183,0.078914,-0.237671,0.015397,#
15,0.020438,-0.069449,-0.271402,0.062426,0.035417,-0.012172,0.07946,-0.099807,-0.068533,0.317031,0.171249,0.097761,0.247706,0.063084,0.075834,1.0,0.184628,-0.294414,-0.015629,-0.402818,0.003201,-0.208592,-0.084623,-0.276974,-0.112391,-0.145271,-0.143267,-0.100782,0.010247,0.125016,-0.25198,0.129287,-0.086595,-0.186628,0.028647,-0.06639,-0.048732,-0.120902,0.350775,0.421969,-0.218171,-0.030102,0.017666,-0.077046,0.017574,0.120979,-0.151218,-0.255347,0.015764,-0.115182,0.322746,-0.148354,0.129593,0.084172,0.074988,0.203506,-0.086638,-0.017204,-0.004073,0.13675,-0.142191,0.263701,-0.065136,0.050209,-0.224753,-0.217292,-0.18794,0.115733,0.059342,-0.37799,0.190996,0.037471,-0.166661,0.070819,0.025684,0.107377,-0.112201,-0.021473,-0.128336,-0.098076,-0.025734,0.00802,0.236034,0.082334,0.019107,-0.070896,0.107779,0.117064,-0.159916,0.085532,0.128691,-0.267148,0.121237,-0.101897,-0.069043,-0.059762,-0.07282,0.091886,-0.236997,-0.03259,0.004664,0.035838,-0.096697,0.109803,0.016032,-0.138993,-0.200641,0.294322,-0.226127,0.102819,-0.472533,0.135195,-0.112766,-0.03949,-0.236132,-0.242702,0.106052,-0.080549,-0.233152,0.034256,-0.184682,0.026029,-0.035815,0.13546,0.018697,0.023439,-0.056049,-0.028132,-0.120185,-0.162174,-0.18792,-0.10381,0.006572,0.007859,-0.133493,-0.087398,0.038083,-0.260002,-0.036242,-0.011076,-0.271969,0.105889,0.074278,-0.087774,-0.246106,-0.100106,-0.183187,-0.116302,-0.259803,-0.188314,-0.005106,-0.248237,-0.216307,-0.343334,-0.166147,-0.000117,-0.073675,-0.071326,-0.273464,-0.171129,-0.170874,-0.365817,0.025613,-0.217554,-0.232511,-0.248733,-0.382981,0.064527,0.071163,-0.161266,0.00436,-0.188782,-0.001387,0.039074,0.197008,-0.166332,-0.290174,0.120491,0.014496,0.059591,-0.000163,-0.300689,0.343008,0.34568,-0.098203,-0.050665,0.15405,-0.16862,0.310442,-0.089199,-0.203678,0.27279,0.21048,0.069848,0.191532,0.112201,0.005762,-0.208108,-0.13241,-0.125717,#
16,0.12899,-0.168935,-0.162971,-0.073658,0.226545,0.080604,-0.040456,-0.070492,-0.054604,-0.062004,0.431485,0.145913,-0.194862,-0.041973,0.193381,0.184628,1.0,-0.15197,-0.026367,-0.193821,0.047447,0.006147,0.00077,-0.14944,-0.091827,0.12672,-0.339766,-0.065919,0.101456,0.154412,-0.242867,-0.027791,-0.1184,-0.216256,0.297304,0.156279,-0.158739,-0.001315,0.2108,0.088224,-0.220633,-0.254735,-0.417352,-0.229286,0.159811,0.118839,-0.008812,-0.247755,0.145618,0.059538,0.106598,-0.026614,-0.126803,-0.005487,0.222842,0.061449,-0.062944,0.041955,0.161327,0.041675,0.014164,0.071304,0.008577,0.124081,-0.006632,-0.250136,-0.156436,-0.231811,0.079687,-0.265944,0.140733,-0.015344,-0.1958,-0.253696,-0.106886,0.165846,-0.287253,0.057981,-0.35107,-0.00789,-0.127094,0.063718,-0.190764,0.153994,-0.239497,0.058803,-0.273567,-0.03457,-0.001035,-0.120131,0.040837,-0.162363,-0.050009,-0.13085,-0.201281,-0.292742,-0.112736,-0.223058,-0.090133,-0.212484,0.157813,-0.036366,-0.310145,-0.330653,-0.242736,-0.078586,-0.147143,-0.127593,-0.105686,0.231234,-0.329677,-0.075802,-0.116548,-0.27016,-0.33754,0.00607,-0.028632,-0.144043,0.125861,-0.075518,-0.286156,0.001848,-0.120666,0.075169,0.124924,-0.059129,-0.139721,-0.046417,0.040636,-0.250867,0.172134,-0.141945,-0.114995,0.081179,-0.302125,-0.151845,-0.133981,-0.28967,-0.275014,-0.056662,-0.363789,-0.069924,0.09838,-0.079422,-0.358112,-0.04678,0.201456,-0.2107,0.147207,-0.33028,-0.042882,-0.142763,-0.281705,-0.254823,-0.180381,-0.210064,0.075581,0.050648,-0.273822,0.122877,-0.014879,-0.1332,-0.01835,-0.1524,-0.24208,0.042183,0.015309,0.008081,-0.195015,0.024015,0.389905,-0.14037,-0.185408,0.072331,0.171364,-0.169664,-0.231471,0.164181,0.079737,0.085893,0.050571,-0.006533,0.187904,0.161681,0.135019,-0.228362,0.083272,-0.171329,0.297456,-0.182418,-0.216752,0.332311,0.063237,-0.084119,-0.001529,0.025789,0.260829,-0.185178,-0.198483,0.116126,#
17,-0.049725,0.185456,0.22964,-0.004886,0.067949,-0.069299,0.081713,-0.164166,0.291921,0.022487,-0.161989,-0.131716,0.0557,0.180473,-0.168066,-0.294414,-0.15197,1.0,0.137521,0.159009,0.195551,0.000589,0.094705,-0.024979,-0.007402,-0.039826,-0.065508,0.017265,0.042647,0.076711,0.110689,0.021479,0.223685,0.115607,-0.056566,0.076226,0.058687,-0.154989,-0.226223,-0.218022,-0.02578,0.030371,-0.052883,0.101609,0.070586,-0.111266,0.052174,0.217157,-0.13952,0.097264,0.073009,0.018477,0.174439,-0.071158,-0.209804,-0.033241,0.213041,0.155504,0.197298,-0.011926,0.169756,-0.112687,0.117472,-0.222368,-0.038133,0.151542,0.057749,-0.006648,0.051401,0.135325,-0.043798,-0.073379,-0.215222,-0.069973,0.070618,-0.057386,0.043132,-0.107824,-0.048888,0.191159,0.034068,0.113402,-0.136392,0.027202,0.284934,-0.075593,0.124069,0.103878,-0.046071,0.168503,-0.275091,0.010662,-0.244822,0.108381,-0.097288,-0.216557,0.036559,-0.112506,0.203334,0.086412,-0.043214,-0.021509,-0.008391,0.079504,0.035579,0.198588,-0.029325,-0.027173,-0.013854,-0.101392,0.239962,0.114341,0.162636,0.096632,0.115858,0.064658,-0.015521,0.170887,0.226042,-0.073916,0.223513,0.092472,0.018955,-0.115496,0.050346,0.263435,0.138715,0.13151,-0.1976,0.068963,0.076158,0.068747,-0.238815,0.165586,-0.091153,0.183921,-0.025581,0.194449,0.228101,-0.127102,0.07234,0.016699,0.019603,-0.000191,0.205223,-0.185679,0.190483,0.139795,0.03803,0.182002,0.012357,-0.032737,0.083589,-0.081357,0.200403,0.002971,0.001841,0.364829,0.068668,0.301866,0.025952,0.187252,-0.091325,0.389852,0.288188,0.064455,0.12903,0.013308,-0.031364,0.348693,-0.066901,-0.026143,0.029544,-0.050276,-0.140912,0.22099,0.096717,0.128816,0.183201,-0.129593,0.312587,0.031057,-0.286391,-0.149259,0.058399,0.029183,-0.053212,0.038365,-0.306797,0.260734,0.118245,-0.134699,0.197324,-0.033182,-0.01249,0.030666,0.027558,0.069323,0.265878,-0.169574,#
18,-0.095117,-0.130415,-0.045231,-0.317627,0.1523,0.048527,0.124955,-0.080779,0.327972,-0.129215,-0.026758,-0.037121,0.062157,-0.083762,-0.088544,-0.015629,-0.026367,0.137521,1.0,0.105369,0.152678,0.002868,0.415933,-0.068891,-0.06451,-0.077175,0.289788,0.260603,-0.116553,0.241282,0.079061,-0.020033,-0.079208,0.039987,-0.11973,0.123637,-0.1661,-0.195169,0.051541,-0.218035,-0.028974,-0.114418,0.186092,0.093879,-0.057328,-0.196092,0.178593,0.133179,-0.125008,0.070963,0.255086,0.086512,0.131105,-0.059311,-0.177821,0.249005,0.113115,-0.101736,-0.054041,0.00942,-0.155227,-0.163476,-0.141661,0.036646,-0.000195,0.229613,0.224626,0.104787,-0.029575,0.111904,0.322921,-0.184907,-0.270923,0.123921,-0.02809,0.082402,0.118206,-0.540448,-0.011605,-0.098721,-0.15836,-0.09596,-0.186467,0.155196,0.033092,-0.059037,-0.194381,-0.145239,0.131585,0.14488,-0.099756,0.108265,-0.094663,0.093112,-0.052908,0.029709,-0.041787,-0.123915,-0.417815,-0.076806,0.015802,0.068526,-0.122928,0.190232,-0.129234,-0.103103,0.147249,0.072015,0.196119,0.082374,0.144967,0.120805,0.258162,-0.04999,-0.20539,-0.338088,0.164071,0.17534,0.336514,-0.064607,-0.080177,-0.09172,-0.2092,-0.363442,0.008343,-0.164369,0.117192,0.01841,0.009854,-0.125302,0.051693,0.079563,-0.009108,0.085082,-0.313695,-0.139225,0.123275,-0.185146,-0.053885,-0.210223,0.045881,0.016832,-0.209629,-0.152138,-0.126866,-0.150721,0.039473,0.157728,-0.050435,0.214071,0.243741,-0.210871,0.337808,-0.281274,-0.200562,-0.170926,-0.061878,0.222458,-0.064876,0.19051,-0.059126,-0.126054,-0.141019,-0.061853,0.209634,-0.114902,0.196141,0.036675,-0.246132,0.05473,-0.048622,0.368695,0.114689,-0.088636,0.253748,-0.115162,0.149416,-0.055971,0.000865,0.158417,0.157797,0.136681,-0.019675,0.028649,-0.076545,0.346571,0.178488,0.034116,-0.232268,-0.04718,0.058498,-0.052139,-0.19685,-0.07498,-0.378163,0.363603,0.044792,0.093657,0.282334,0.031684,#
19,-0.146639,0.065334,0.092443,0.09118,-0.000173,-0.062354,0.050191,0.028333,0.220668,-0.030798,-0.195176,-0.110217,0.017637,0.037106,-0.012715,-0.402818,-0.193821,0.159009,0.105369,1.0,-0.120455,0.085291,-0.048382,0.231115,-0.037662,-0.024027,-0.015415,0.097767,-0.111264,0.105025,0.170059,0.01086,0.046989,0.355046,-0.150246,-0.099518,0.028558,-0.010804,-0.175639,-0.21318,-0.005744,-0.068436,0.034747,0.232488,-0.016042,-0.094677,0.13719,0.091734,-0.272343,0.154526,0.002148,0.214551,0.089675,-0.085107,-0.366971,0.068582,0.207814,-0.096265,0.003486,-0.193567,0.004847,-0.020084,0.00366,0.105039,-0.110692,-0.056398,0.312438,-0.14714,-0.08072,0.199373,0.099277,-0.052678,-0.069571,0.063451,-0.203921,-0.091037,0.303582,0.132816,0.086267,0.073298,0.226834,0.021157,0.147452,0.048783,0.10802,0.226974,-0.04028,-0.219245,0.229411,-0.005956,-0.148245,0.26801,0.206998,0.054598,-0.315729,-0.016791,0.116198,-0.132132,-0.041936,0.207383,-0.206538,0.118209,0.038243,0.019058,0.003246,0.150858,-0.001724,-0.176698,0.152869,-0.020808,0.359425,-0.084264,0.34637,0.209981,0.084889,-0.05648,0.232083,0.040382,0.249996,-0.1106,0.199499,0.165017,0.075737,-0.202585,-0.028506,0.205576,0.101243,0.042684,0.129624,0.065903,0.082072,0.172686,-0.01104,0.131114,0.084943,0.0007,-0.148938,0.070232,-0.008652,0.064686,0.184767,-0.13624,0.134585,0.125835,0.23399,0.203794,0.19276,0.025547,0.078115,0.332076,0.081238,0.116772,0.100251,0.279048,0.269942,0.289474,-0.045625,0.093058,0.18576,0.113256,-0.059644,0.254912,0.030077,0.27069,0.279293,0.028132,0.246901,0.127507,0.134271,0.126337,-0.26003,0.296317,0.107317,0.110471,-0.029698,0.171399,0.099417,-0.187408,-0.22235,-0.120639,0.033799,-0.000181,-0.128122,-0.099554,-0.109697,0.166567,-0.079443,0.279982,-0.440201,-0.08123,0.245517,-0.324356,-0.250658,-0.133856,-0.150965,-0.26216,0.013036,0.248217,0.19128,0.098225,#
20,-0.12385,0.142673,-0.201768,-0.091811,0.16791,0.000355,0.233706,-0.064023,-0.155798,0.061058,0.214154,-0.131302,0.357196,-0.182803,-0.197096,0.003201,0.047447,0.195551,0.152678,-0.120455,1.0,0.273463,0.222197,0.182041,-0.130935,0.023785,0.091382,0.117236,0.27519,0.264606,-0.047977,-0.042557,0.259597,-0.119527,0.104443,0.002827,0.08197,-0.243354,-0.05077,0.066692,0.215143,0.19358,0.179559,-0.10638,-0.073011,-0.006597,-0.331861,0.023071,-0.070491,-0.253978,0.050775,-0.216442,-0.112171,-0.125743,0.104981,-0.210657,-0.210414,0.009541,0.055179,0.153498,0.085282,-0.138091,-0.128562,-0.051462,0.0794,0.187985,-0.001842,-0.076259,0.145562,0.084242,-0.325248,-0.040121,0.140415,-0.108252,-0.100043,0.097833,0.007046,-0.045296,-0.2257,-0.17172,-0.262462,-0.079614,-0.111381,0.008632,-0.211546,-0.358772,0.176237,-0.186109,-0.236534,0.089349,-0.281609,-0.410822,-0.227641,-0.202759,0.028441,-0.007501,-0.332576,-0.074107,-0.261294,-0.047545,0.177419,0.04006,-0.240952,-0.275732,0.154498,0.021804,-0.112209,-0.223445,-0.240731,0.024798,0.032035,0.151132,-0.243197,-0.170058,-0.083353,0.001116,-0.081901,-0.105429,-0.106303,-0.136327,-0.074831,-0.233806,-0.178178,-0.207433,-0.243887,0.044453,0.103874,-0.052706,0.002463,-0.244645,-0.281898,-0.065029,-0.0411,-0.024509,-0.256045,0.022085,-0.259544,-0.295047,-0.062466,-0.310189,-0.351638,0.017141,-0.182022,-0.055268,-0.339864,-0.17249,-0.158816,0.280679,-0.15201,-0.325174,-0.048324,-0.23274,-0.250493,-0.340491,-0.318238,-0.207943,-0.04121,0.24943,-0.192489,-0.160677,0.154836,0.018049,-0.313757,-0.026588,-0.252233,0.042592,-0.214267,-0.003417,-0.301105,0.341697,0.187446,0.187065,-0.272943,-0.12984,0.139363,-0.253952,-0.125025,0.241502,0.227633,-0.015618,0.280662,0.029629,0.119772,0.125391,0.309268,-0.098743,-0.211595,0.132267,0.267897,0.238832,-0.237419,0.418303,0.304818,0.152971,0.140944,0.303843,0.267484,-0.003958,0.008433,-0.044094,#
