0,1.0,0.155375,0.043912,-0.195191,0.397356,-0.010095,0.139503,-0.093123,0.402637,0.06332,-0.198139,0.237744,0.113953,0.082346,0.288813,0.082291,0.177836,-0.036299,0.014137,-0.119171,-0.346449,-0.044922,-0.139702,-0.107822,0.076925,-0.297588,-0.064416,-0.204401,0.245212,0.020586,-0.46121,0.018401,-0.172438,-0.070868,-0.13714,0.049878,0.228521,-0.063775,-0.015084,0.080942,-0.00812,-0.264877,-0.284585,0.023271,0.066243,0.034169,0.358187,0.071583,0.128662,0.293399,-0.060072,-0.171786,0.137865,-0.1003,0.018642,-0.019153,-0.179278,0.122724,-0.15653,0.160133,0.146461,0.265132,0.123376,-0.137899,-0.039565,-0.011549,-0.056175,-0.141138,0.210375,-0.105297,0.082289,-0.315764,-0.102552,-0.265252,-0.224219,0.053756,-0.199373,-0.304812,-0.209758,-0.120313,0.094508,-0.330633,-0.05507,-0.291057,-0.086642,0.003286,-0.367667,-0.100005,-0.132117,-0.359703,0.085225,-0.132506,0.037367,0.060214,-0.148114,-0.199856,-0.291442,-0.181953,-0.017426,-0.23229,0.027953,-0.203616,-0.30043,-0.104428,-0.111552,-0.13788,-0.061923,-0.066265,0.010584,-0.297006,-0.075788,-0.146277,0.03914,-0.24526,-0.259084,-0.301325,-0.2152,-0.299055,0.112383,-0.467764,-0.04661,-0.15687,-0.189077,-0.134668,-0.067904,-0.13638,-0.192458,0.016721,-0.125093,-0.073228,0.023911,-0.27997,-0.132383,0.019223,-0.153703,-0.305108,-0.007506,-0.284606,0.068129,-0.188354,-0.073757,-0.374875,0.053726,-0.194265,-0.372077,-0.073421,-0.061928,0.198466,-0.28987,-0.146173,-0.296745,-0.074675,0.151428,-0.254748,-0.056712,0.013234,0.207838,0.199113,-0.248872,-0.103844,-0.2264,-0.020433,-0.018431,-0.043393,-0.060042,0.133161,-0.004999,0.068278,-0.223675,-0.298489,0.006417,0.151592,0.069385,-0.278281,0.120517,-0.073312,0.0764,0.207691,0.229189,-0.350508,0.054174,0.024302,-0.018402,0.077836,0.155863,-0.166229,0.469454,-0.15828,-0.119798,0.234604,-0.396205,0.093663,0.196457,0.241642,-0.082605,0.023654,0.01961,-0.292621,-0.011785,-0.05006,#
1,0.155375,1.0,-0.139325,0.106184,0.357085,0.083766,-0.117815,-0.28542,0.015547,0.16174,-0.10694,-0.002786,0.100505,0.118302,0.076906,-0.054779,-0.116874,0.045981,-0.122721,-0.073019,0.095592,0.234447,0.26604,-0.023198,-0.081533,-0.330756,0.076627,0.089401,0.206384,0.179092,-0.362768,-0.037788,0.005338,-0.251952,-0.138919,0.106104,0.324195,-0.421696,0.164363,0.164946,0.258899,-0.001846,0.219413,0.03497,-0.16721,0.080534,0.117037,0.313759,-0.028094,0.068326,-0.05451,-0.37386,0.166314,-0.148483,-0.051871,-0.184877,-0.124544,0.299878,-0.034747,0.101544,0.088781,0.000284,0.071614,0.091648,-0.039348,0.191754,-0.034083,0.294349,0.419963,0.069315,-0.198995,-0.221988,0.084,-0.205467,-0.216647,0.006492,-0.251173,-0.031149,-0.154571,-0.195293,-0.184978,-0.499922,-0.233675,-0.042177,-0.256917,-0.29382,-0.084011,-0.217438,-0.15467,-0.110241,-0.253291,-0.151816,-0.158705,-0.094987,-0.424588,-0.222938,-0.462568,-0.174101,-0.217295,-0.150181,0.116613,-0.050687,-0.089181,-0.139905,-0.111139,-0.214858,-0.310322,-0.15838,0.009095,-0.053286,0.066172,0.077898,-0.316136,-0.360188,0.08323,-0.045349,-0.234566,-0.071715,0.019422,-0.135852,-0.20203,-0.265883,-0.252899,-0.218348,0.019153,-0.146464,-0.134274,0.119157,0.235642,-0.126308,-0.140276,-0.14055,-0.089642,-0.062754,-0.209191,-0.268784,-0.165226,-0.236101,0.255074,-0.348852,-0.21442,-0.108708,0.114808,-0.283989,-0.019021,-0.063189,-0.096555,0.144088,-0.278494,-0.083247,-0.394547,-0.242234,-0.192911,-0.131888,-0.057049,0.050512,-0.092081,0.258272,-0.135717,-0.335143,0.054031,0.028818,-0.227032,-0.030909,-0.236323,0.36895,0.05234,-0.387711,-0.101298,-0.052248,-0.068958,0.116391,-0.32688,-0.047064,0.117922,-0.124528,-0.130878,-0.064732,0.32107,-0.240516,0.233728,-0.148509,-0.19887,0.126171,0.283792,-0.353091,0.026499,-0.197694,-0.050993,0.245099,-0.189081,0.225898,0.231351,0.33707,0.138503,-0.245036,0.156551,-0.355361,-0.155139,0.191928,#
2,0.043912,-0.139325,1.0,0.318023,-0.085796,-0.177976,-0.034825,0.0197,0.20744,0.032438,-0.110198,-0.009578,-0.153993,0.136339,-0.053147,-0.315324,-0.204617,0.304447,0.067029,0.35836,-0.381176,-0.163372,0.015811,0.15491,0.108001,-0.058798,0.044939,-0.155682,0.137003,-0.255531,0.130058,0.239656,-0.221514,0.161341,-0.18257,0.007645,-0.0447,0.183285,-0.131775,-0.450071,-0.165213,0.21256,-0.137095,-0.052199,0.153704,-0.392193,0.299652,0.109567,-0.300588,0.290388,-0.202306,0.263765,-0.092568,0.15477,-0.274345,-0.088717,-0.007811,-0.124677,-0.345088,-0.066817,0.06807,0.083488,0.011875,-0.328216,-0.002799,0.051617,0.150746,-0.049384,-0.152157,0.169607,0.209151,0.010815,-0.072707,0.337863,-0.053579,0.132473,0.042326,-0.095169,0.130462,-0.033934,0.11403,0.106958,-0.052598,0.440529,0.05167,0.154838,-0.098049,0.026718,-0.091152,-0.136155,0.225055,-0.058596,0.136418,0.384433,0.022139,0.256037,0.286637,0.109233,0.188142,0.182319,-0.311276,-0.175588,0.031521,0.291782,-0.006274,0.130559,0.291098,0.254645,0.11406,0.089489,0.347926,-0.003687,0.245618,0.235315,0.219952,0.032388,-0.0946,-0.086321,0.250315,0.085546,-0.046849,0.346495,0.068713,-0.055342,-0.098237,0.248627,0.047359,-0.176514,-0.006856,0.078641,0.321154,0.317813,0.037664,0.082093,0.249383,0.163565,0.091284,0.392049,0.009155,0.061403,0.433422,0.121388,0.051589,-0.145744,0.154887,0.210302,0.101456,-0.018875,-0.206924,0.268203,0.216004,0.420346,0.393413,0.359115,0.209638,0.176291,0.074971,0.083142,0.270251,0.134867,0.085145,-0.020453,0.437203,0.24709,0.19909,-0.117001,0.010247,-0.143988,0.206104,-0.041505,-0.05155,0.254909,-0.000998,0.138204,-0.151936,0.345206,0.028012,0.22242,-0.029976,-0.023151,0.025743,0.064578,-0.203379,-0.181985,-0.378194,0.405463,0.020492,0.33485,-0.245709,0.009334,0.282483,-0.418869,-0.308661,0.045763,-0.38952,-0.103816,-0.173665,0.021886,0.26337,-0.190012,#
3,-0.195191,0.106184,0.318023,1.0,-0.163468,-0.121459,-0.246469,0.028405,-0.366706,-0.038916,-0.094546,-0.16359,-0.164142,-0.111779,-0.095774,-0.074279,-0.087784,-0.018189,-0.145676,0.14029,-0.019102,0.062519,-0.273284,0.117082,0.00775,0.111369,-0.108364,0.053251,0.035674,-0.172358,0.053291,0.002482,0.061622,0.217533,-0.056629,-0.304563,-0.107184,0.151516,0.055546,-0.031824,-0.063639,0.086573,0.175033,-0.056754,0.020834,0.172747,-0.258976,-0.355112,0.002199,0.081051,-0.109076,0.232237,0.095571,0.166136,-0.163976,0.01764,0.003344,0.05349,-0.258508,-0.176996,-0.031706,-0.115288,0.20537,-0.005503,-0.09992,-0.290153,-0.214359,-0.077954,-0.308569,0.115843,-0.059304,0.165025,0.261883,0.317722,-0.086126,0.198937,0.169389,0.420569,0.366222,-0.092104,0.097562,0.13136,0.074132,0.187035,0.109574,0.006656,0.217477,0.031094,0.055388,-0.047753,0.142953,0.119413,0.201474,0.17812,0.088806,0.009078,0.095762,0.202735,0.112256,0.241857,-0.091966,0.25739,0.280273,0.245119,0.122429,0.003886,0.192666,0.156739,-0.043576,-0.073971,-0.113053,-0.047225,-0.10351,0.146876,0.015643,0.433575,0.301441,0.0117,-0.258466,0.377743,0.197564,0.077074,0.148114,0.326762,0.091187,0.161409,-0.012167,-0.263915,0.009567,0.322059,-0.199247,-0.009541,0.103824,0.182323,0.171363,0.283282,0.208713,0.132167,-0.24466,0.220946,0.028737,0.329944,0.169847,-0.16523,0.247457,0.217362,0.034529,-0.253318,0.027249,0.024207,0.00891,0.134523,0.198239,0.228194,0.110441,0.312291,-0.215719,-0.199108,0.273867,0.104676,0.267405,0.15629,0.275018,-0.028947,-0.168211,-0.297693,-0.018437,-0.316573,0.272784,0.092325,-0.099427,-0.282606,0.012666,0.163496,-0.181365,0.153416,-0.037212,-0.149715,-0.398472,-0.000888,-0.17045,-0.315378,0.185811,-0.042209,-0.258853,0.038205,-0.22698,-0.031173,0.167373,-0.231045,0.045096,-0.055098,-0.39021,-0.207947,-0.054309,-0.003922,-0.262903,0.090941,-0.059813,0.028781,#
4,0.397356,0.357085,-0.085796,-0.163468,1.0,0.051407,0.173373,0.107188,0.287906,0.069483,-0.288022,0.145638,0.272548,0.217711,0.124006,-0.037715,0.070598,0.106574,-0.027956,-0.015409,0.119643,-0.016474,0.339216,-0.211963,-0.257847,-0.294691,0.074057,-0.069197,0.256406,0.052546,-0.325839,0.081857,-0.09461,-0.087267,-0.115563,0.201437,0.385236,-0.449093,-0.073947,-0.199691,0.154121,0.084919,-0.02119,-0.060563,0.033162,-0.028285,0.365306,0.325413,0.261407,-0.079682,-0.133169,-0.499736,0.173229,-0.328032,-0.008609,-0.232708,-0.173348,0.071488,0.068036,0.266486,0.104485,0.175936,-0.205498,-0.171372,-0.06635,0.369976,0.071267,0.219223,0.365818,0.026142,-0.055843,-0.467833,0.003828,-0.436378,-0.25792,0.095048,-0.292883,-0.341924,-0.440143,-0.190197,-0.160234,-0.538133,-0.275978,-0.05228,-0.255136,-0.122185,-0.559637,-0.148628,0.041913,-0.134024,-0.306865,-0.291869,-0.214451,-0.272869,-0.331069,-0.345863,-0.523636,-0.392721,-0.230164,-0.239536,-0.020094,-0.33124,-0.358837,-0.18858,-0.287218,-0.475484,-0.170686,-0.295504,-0.066702,-0.334661,0.182579,0.16544,-0.206397,-0.42125,-0.241772,0.016376,-0.282448,-0.439633,0.112755,-0.356212,-0.100066,-0.18675,-0.294024,-0.508725,-0.165459,0.200311,-0.340613,0.235503,-0.065686,-0.321058,-0.062114,0.00485,-0.340103,0.055747,-0.458847,-0.3211,-0.154175,-0.359576,0.181917,-0.294678,-0.242609,-0.197105,-0.118481,-0.149707,-0.350225,-0.144438,0.018882,0.384587,-0.443028,-0.252339,-0.480986,-0.172788,-0.011819,-0.315,-0.083653,-0.244457,0.221057,0.496295,-0.404748,-0.284453,-0.093955,-0.073376,-0.243825,0.114149,-0.098045,0.269726,-0.044711,-0.231757,-0.367391,-0.010225,-0.192014,0.348573,-0.32889,-0.335392,-0.011942,-0.06633,-0.146966,0.273101,0.322129,-0.417135,0.30447,-0.031104,0.021841,0.021142,0.289616,-0.317496,0.270945,-0.173117,-0.285281,0.2128,-0.336259,0.168571,0.364389,0.280993,-0.065043,0.101855,0.301205,-0.367981,-0.229328,0.029904,#
5,-0.010095,0.083766,-0.177976,-0.121459,0.051407,1.0,0.219623,0.350804,0.052388,-0.127714,0.036612,0.189072,-0.19235,0.28479,-0.032164,-0.122276,0.073514,-0.086431,-0.100071,-0.192224,0.153024,0.257922,0.091244,-0.431208,0.18473,-0.099355,0.116868,-0.071537,-0.054841,0.097947,-0.003294,0.130515,0.048484,-0.151121,-0.274755,0.20859,-0.030542,-0.072828,0.152403,-0.065809,0.140864,-0.058479,0.182507,-0.003257,-0.228636,0.118096,0.005849,0.194134,0.049552,-0.081529,0.013991,-0.019083,0.13473,-0.132437,0.222192,0.151747,-0.04395,0.208107,0.012772,0.054326,0.085068,0.009828,-0.019789,0.242207,-0.152093,-0.037249,0.009085,0.260128,0.152421,-0.053629,-0.197694,-0.225777,0.088835,-0.233205,-0.020299,0.126006,-0.0142,0.027083,-0.148883,-0.068973,-0.182277,-0.248462,0.140761,-0.108863,-0.093941,0.233763,-0.052178,-0.0817,-0.008453,-0.155728,0.030156,-0.038649,0.076966,-0.323044,-0.026214,-0.131585,-0.124863,-0.09673,0.086085,-0.245982,0.185687,-0.198434,0.158322,-0.398154,-0.018972,-0.25969,-0.009124,-0.454405,-0.049011,-0.165911,-0.192841,0.018614,-0.164374,-0.316528,0.134825,-0.117352,-0.154148,-0.158921,0.074441,-0.036685,-0.015803,-0.039699,-0.051081,-0.175597,0.059618,0.025626,0.083865,0.153052,0.03432,-0.150177,-0.023257,-0.052907,-0.080303,-0.154084,0.032003,0.036827,0.091598,-0.153277,-0.075107,-0.137679,-0.280617,-0.185316,-0.192251,-0.106115,0.017064,-0.053478,0.032664,0.095527,0.06058,-0.231724,-0.048626,0.059972,-0.052509,-0.00431,-0.018738,-0.158313,0.186525,0.028011,0.001326,0.072261,-0.004481,0.038289,-0.04005,0.041169,0.068972,0.297865,0.087023,0.036793,0.035679,-0.001057,0.127402,0.076921,0.025757,0.072446,0.163585,-0.14074,-0.085434,0.15321,0.173156,-0.112002,0.030015,-0.039741,-0.056005,0.220447,0.276605,-0.27826,0.11758,-0.010826,-0.019538,0.197502,0.043543,0.06642,0.19995,0.135487,0.324286,0.228352,0.167541,-0.156002,-0.130181,0.248623,#
6,0.139503,-0.117815,-0.034825,-0.246469,0.173373,0.219623,1.0,0.21505,0.230096,-0.004732,0.181257,0.125594,0.084323,0.044781,0.091401,0.232942,-0.032684,-0.030364,0.182999,-0.081639,0.095111,0.213325,0.011188,-0.170018,-0.119182,-0.060688,0.029575,-0.12741,0.24411,-0.031112,-0.275128,0.090324,0.209467,-0.243721,0.054412,0.085431,0.081622,-0.034999,-0.244007,-0.212565,-0.057324,-0.01136,-0.015197,-0.132822,-0.040383,-0.068426,0.115861,0.085169,0.101644,0.134318,0.004619,-0.087921,0.013973,-0.005934,-0.079192,-0.189204,0.180737,-0.109497,0.00057,0.151787,0.084402,0.094429,-0.169875,0.138169,-0.172647,-0.162269,0.15547,0.018808,0.182076,-0.003684,-0.015646,-0.335189,-0.051855,-0.121406,-0.144246,0.127585,-0.048328,-0.262411,-0.499914,-0.194781,-0.1515,-0.148282,-0.077707,-0.217218,-0.205353,0.132488,-0.265274,-0.212596,-0.047271,-0.113507,-0.094652,-0.159409,0.062257,-0.241081,-0.165089,-0.010766,-0.247846,-0.405798,-0.372416,-0.073685,0.097124,-0.320672,-0.156631,-0.242789,0.105108,-0.088288,-0.00072,-0.199253,-0.253622,-0.084462,-0.157306,0.012583,-0.103989,-0.105144,-0.062603,-0.242515,-0.364079,-0.177456,-0.028989,-0.151544,-0.04462,-0.056579,-0.027683,-0.240731,-0.312241,0.151159,-0.282059,0.194793,-0.066482,-0.34724,-0.047144,-0.152616,-0.144677,0.058856,-0.14251,-0.074157,0.084646,-0.359551,-0.113821,-0.112218,-0.02013,-0.282157,-0.148561,-0.045587,-0.238918,-0.093954,-0.243501,0.240582,-0.065163,-0.181054,-0.165277,-0.081864,-0.180499,-0.101406,0.015619,-0.280853,0.082874,0.274386,-0.214998,-0.222679,-0.108006,-0.239443,-0.075165,0.092846,-0.058035,0.314759,-0.039697,0.141152,-0.061606,-0.20857,0.058837,0.239987,-0.098112,-0.149215,0.122343,-0.121627,-0.115633,0.367806,0.195033,-0.229179,0.234828,0.141122,0.231503,0.359877,0.130002,-0.066912,0.108549,-0.076604,0.021179,0.083955,-0.172115,0.187936,0.309862,0.202206,0.072362,0.257111,0.289936,-0.134448,-0.059498,-0.010226,#
7,-0.093123,-0.28542,0.0197,0.028405,0.107188,0.350804,0.21505,1.0,-0.130118,-0.258018,-0.046172,-0.228164,-0.046711,0.256158,0.193256,-0.159613,0.036138,-0.260458,0.041113,-0.10307,-0.015802,0.240831,-0.049949,-0.301146,0.008376,0.1164,0.181158,-0.026006,-0.0563,-0.09181,0.086442,0.182494,0.20002,-0.144648,-0.035802,0.034239,-0.00375,0.163224,0.012057,-0.370118,-0.009382,0.249641,0.226822,0.078749,-0.088871,0.046529,0.117406,-0.114878,-0.017476,-0.187906,-0.245279,0.057613,-0.057171,-0.284849,0.057485,0.132551,-0.014664,0.051357,-0.125571,0.104588,-0.070465,0.054724,-0.335768,0.199288,0.135079,0.171133,0.067102,0.208148,-0.08594,-0.172689,-0.171403,-0.172251,0.220482,-0.122126,0.007865,0.082439,0.193949,-0.065946,-0.273077,-0.019748,-0.058571,-0.170355,0.219886,-0.139417,0.031303,0.202777,-0.005477,-0.027914,-0.056337,-0.056238,0.116158,-0.121178,0.062014,-0.258444,0.149095,0.23859,-0.185806,0.049571,-0.026033,-0.166034,0.099004,-0.211061,0.190239,-0.285389,-0.078612,-0.258067,0.223655,-0.281093,-0.012586,-0.209224,-0.161022,0.204496,0.047591,0.096096,-0.121762,0.194009,-0.054467,-0.086902,-0.11109,0.209331,-0.015439,0.04079,-0.124281,-0.109478,-0.026782,0.164179,-0.093035,-0.026792,0.113247,-0.023434,0.142242,-0.102517,-0.140499,-0.12323,-0.002818,0.054965,0.136805,-0.054744,-0.126008,-0.003406,-0.158317,-0.15047,-0.155702,0.078584,-0.09133,-0.228516,-0.052452,-0.104322,0.079822,-0.06686,0.135349,0.191032,0.241398,0.108128,0.120641,-0.139788,0.226863,-0.02647,-0.204952,0.072244,0.02487,-0.161004,0.077055,0.017197,-0.094809,0.089862,-0.140762,0.017166,-0.130373,0.071187,-0.059936,0.096329,0.054988,0.139483,0.007406,0.067984,-0.175847,0.08622,-0.108002,-0.002902,-0.141379,-0.028084,0.130429,0.02083,-0.072197,-0.066558,0.063897,0.231138,0.086641,-0.144833,-0.076137,0.163375,0.003443,-0.024879,0.088864,0.24074,-0.049565,-0.02719,-0.00792,-0.014922,#
8,0.402637,0.015547,0.20744,-0.366706,0.287906,0.052388,0.230096,-0.130118,1.0,-0.032441,0.059906,0.37168,0.132069,0.241796,0.061507,-0.041484,0.130947,0.27043,0.248365,0.136054,-0.306848,-0.20128,0.191495,-0.174504,-0.083614,-0.203728,0.065299,-0.03915,0.219042,-0.110554,-0.160529,0.184387,-0.162044,-0.063485,-0.141355,0.158401,0.393686,-0.209634,-0.034484,-0.174105,-0.061075,0.012438,-0.340403,-0.038802,0.165344,-0.187765,0.405541,0.345922,-0.054649,0.256045,0.107746,-0.125436,0.03554,0.141524,-0.185949,0.169001,-0.04942,0.078143,-0.036951,0.149828,-0.151876,0.106983,-0.101621,-0.022539,-0.070483,0.195007,0.365892,0.10435,0.25886,0.206151,0.218809,-0.205543,-0.260548,-0.130851,-0.142982,0.05845,-0.080046,-0.286876,-0.216971,-0.039602,-0.067149,-0.182512,-0.063432,0.163635,0.008214,0.178871,-0.300119,-0.270595,-0.061928,-0.243799,0.038765,-0.03433,-0.039209,0.095754,-0.254786,0.006906,-0.090317,-0.29125,-0.101997,-0.099832,-0.135396,-0.336241,-0.336411,-0.082244,-0.01901,0.082702,-0.090271,0.034822,-0.050456,0.00448,0.135509,-0.159599,0.212069,-0.045667,0.070761,-0.413783,-0.219253,-0.14443,0.253784,-0.306669,-0.016013,0.014268,-0.126072,-0.472374,-0.146353,0.040283,-0.177202,0.127882,-0.063359,-0.228328,0.345444,0.177217,-0.148872,-0.032476,-0.007121,-0.191532,0.129871,0.033946,0.201969,-0.033967,0.234768,-0.122652,-0.256871,-0.129429,-0.131606,-0.165938,0.072485,0.337139,-0.066596,-0.093219,0.025609,-0.02383,0.075872,-0.114549,0.001203,-0.231435,0.147435,0.331026,0.001198,0.017374,-0.074981,-0.171432,-0.006821,0.307595,0.19248,0.035564,-0.042172,0.037301,-0.006822,-0.067663,-0.002316,0.282938,0.093237,-0.026748,-0.127288,-0.105636,0.024423,0.175748,0.124974,-0.274285,0.303606,0.185817,-0.208527,-0.064237,0.063132,0.197399,0.204184,0.098903,-0.44165,0.170847,0.126142,-0.150564,0.083904,0.160873,-0.129867,0.025101,0.162041,-0.181428,0.1077,0.140038,#
9,0.06332,0.16174,0.032438,-0.038916,0.069483,-0.127714,-0.004732,-0.258018,-0.032441,1.0,-0.188477,0.17333,0.207736,0.280754,-0.436014,0.004038,-0.356731,0.292259,-0.121243,0.118838,0.092114,-0.137127,-0.014725,0.009016,0.169563,0.058763,0.12019,-0.41812,-0.072358,0.293651,0.008253,-0.163534,-0.026677,0.177738,0.161604,0.284724,-0.054137,-0.319047,-0.278339,-0.025924,0.019506,0.136166,0.121647,0.154289,0.144813,-0.148982,-0.139734,0.169699,-0.102061,0.104723,-0.089472,-0.20631,0.024237,-0.075059,-0.149416,-0.212455,-0.039633,-0.054192,0.252167,-0.03435,-0.094871,0.144514,0.212007,-0.31923,-0.229865,-0.022813,0.11917,-0.027519,-0.011679,-0.020207,-0.002375,-0.223439,-0.099798,0.003774,0.118743,-0.199583,-0.014811,-0.12072,0.161085,0.178755,-0.053166,-0.063147,-0.058331,-0.193093,0.1972,-0.335783,0.0419,-0.027166,-0.091235,0.201272,-0.297724,0.040953,-0.003805,0.267735,-0.112718,0.013648,-0.105857,0.00657,-0.042582,0.230033,-0.218161,0.173518,0.162776,0.243593,0.00035,0.076726,-0.002795,-0.054051,-0.042528,0.007953,0.130029,0.189169,-0.00352,-0.005079,-0.010296,-0.019909,-0.161482,-0.027394,0.232483,-0.220078,0.087942,0.354449,-0.0293,-0.056539,-0.194264,0.09536,-0.158632,-0.080893,0.00556,0.294645,-0.115724,0.346008,-0.078363,0.616827,-0.143071,0.111306,-0.114143,-0.080637,0.151522,-0.116687,0.211934,-0.122564,0.238729,0.111224,0.213664,0.10407,0.199566,0.065972,-0.176663,0.275584,-0.347901,-0.139021,-0.107532,0.117151,0.242851,0.219016,0.064428,0.275554,0.091839,0.065651,0.086575,0.223624,-0.215369,0.399787,-0.050775,-0.082456,0.037423,0.073322,0.071563,0.084053,0.029624,-0.088869,0.051379,-0.208981,0.168301,0.137705,-0.105779,0.001616,0.254466,-0.073149,0.096286,-0.114336,-0.271862,0.016271,-0.153728,0.013019,0.092043,-0.033634,-0.25951,0.197988,-0.12927,-0.263307,-0.080527,-0.020309,0.045167,-0.188126,-0.127727,0.02366,0.284785,-0.079084,#
10,-0.198139,-0.10694,-0.110198,-0.094546,-0.288022,0.036612,0.181257,-0.046172,0.059906,-0.188477,1.0,0.034183,-0.22622,-0.242714,0.137585,0.158444,0.234088,-0.205453,0.158232,0.003365,0.078378,0.299134,-0.11656,0.212927,-0.139545,0.261849,-0.253399,0.168364,0.182136,-0.040337,-0.069715,-0.045926,-0.270663,-0.13617,0.295653,-0.069093,-0.029431,0.144936,0.097286,0.231748,-0.219976,-0.092532,-0.131864,-0.252988,0.004927,0.243474,-0.237564,-0.409212,0.141751,-0.13009,0.045596,0.130022,-0.111755,0.259411,-0.052653,0.095284,-0.048915,-0.142062,-0.003521,-0.036144,0.056602,-0.140577,0.214568,0.152677,0.19504,-0.078948,-0.024192,-0.131219,-0.166549,-0.108679,-0.250654,0.22664,0.165076,0.034878,0.05403,0.199516,-0.050188,0.090274,0.031099,-0.028741,-0.064898,0.108893,-0.258552,0.098009,0.015392,-0.027027,0.07855,-0.065782,-0.15016,0.022873,0.162373,-0.179368,0.041785,-0.074081,-0.033485,0.148601,-0.045454,-0.053147,-0.309438,-0.012189,0.041237,-0.009886,-0.306412,0.000555,0.296266,0.02001,-0.130155,0.127027,-0.180422,0.491327,-0.195895,-0.22799,-0.210848,0.192267,0.053425,-0.082316,-0.052127,0.133857,-0.118028,0.201227,-0.098025,-0.086123,-0.019337,0.133375,0.052774,-0.084205,0.052966,0.026612,0.039606,-0.002209,0.193317,-0.184311,0.028613,-0.326358,0.323712,0.248234,0.066932,-0.138105,-0.172459,-0.014114,0.061342,0.172491,-0.145906,0.06838,0.086757,0.21617,-0.016456,-0.160903,0.194337,-0.258992,0.195323,0.100895,-0.260865,-0.116874,-0.233162,-0.36591,-0.284399,-0.043409,0.120069,-0.040402,0.072227,-0.073553,-0.171995,-0.119434,-0.075478,-0.054099,-0.285608,0.015367,0.206192,-0.097809,0.039718,-0.243915,-0.155669,0.023287,-0.002559,-0.37116,-0.295645,0.108123,-0.205984,0.108851,0.066624,0.101655,0.053473,0.361056,0.050505,0.048644,-0.220222,0.012335,0.438796,-0.011982,0.015871,0.311419,0.033014,-0.063618,0.101334,0.068648,0.244473,-0.033682,-0.140513,0.083622,#
11,0.237744,-0.002786,-0.009578,-0.16359,0.145638,0.189072,0.125594,-0.228164,0.37168,0.17333,0.034183,1.0,0.009025,0.036159,-0.020207,0.142632,-0.029191,-0.027524,-0.162459,-0.106028,-0.163492,-0.044443,-0.02758,0.076336,0.183981,-0.124744,-0.093811,-0.321912,0.262279,0.12629,-0.262145,0.036933,-0.33701,0.093008,-0.186615,0.387559,-0.030068,-0.180894,0.054684,0.120216,0.155728,-0.076855,-0.194626,-0.113672,-0.004823,0.107531,0.025131,0.122284,0.212385,0.03811,0.091267,-0.130976,-0.125972,-0.010671,0.054581,-0.036432,-0.280839,-0.068111,-0.014653,-0.093583,-0.152062,0.164603,0.138282,-0.023391,0.009568,-0.144653,0.068464,-0.062727,0.263672,-0.028897,0.028059,-0.271802,-0.14649,-0.157547,-0.17888,0.15511,-0.246549,0.007475,-0.096558,-0.252805,-0.110833,-0.125379,-0.006054,-0.017453,0.025189,0.008241,-0.293251,-0.355891,-0.040851,-0.096232,-0.129385,-0.034842,-0.031083,-0.069657,-0.247189,-0.050356,-0.134242,-0.303431,-0.097796,-0.15135,-0.077868,-0.10276,-0.093677,-0.098308,-0.001283,0.017125,-0.15964,-0.193454,-0.223336,-0.130236,-0.194316,-0.037633,-0.197981,-0.165121,-0.025796,-0.159742,-0.108262,-0.182961,0.00824,-0.213576,-0.000433,-0.086762,-0.123541,-0.174317,0.129105,0.018293,-0.158161,-0.146029,-0.079718,-0.273449,-0.06594,-0.040931,-0.066142,0.101157,-0.142103,-0.007846,0.010141,-0.107693,0.243081,-0.205897,0.140661,-0.039888,-0.144416,-0.122539,-0.092614,-0.111874,-0.023153,0.084161,-0.097947,-0.383073,-0.218465,-0.036375,-0.084977,-0.117101,-0.082505,-0.288127,0.246483,-0.024797,0.03479,0.04018,0.066448,0.008067,-0.137723,-0.018688,-0.136625,0.005637,0.09982,0.080141,0.214713,-0.098718,-0.034745,-0.000273,-0.029327,-0.337619,0.103394,-0.242555,-0.125918,0.012131,0.15324,-0.119007,0.220653,0.157444,0.006688,0.14476,0.286661,-0.181301,0.092909,-0.076766,-0.173324,0.321487,-0.029742,0.136833,0.17367,0.014682,0.040624,0.003756,0.292869,-0.192773,-0.026816,0.121849,#
12,0.113953,0.100505,-0.153993,-0.164142,0.272548,-0.19235,0.084323,-0.046711,0.132069,0.207736,-0.22622,0.009025,1.0,0.181197,0.083299,0.238643,-0.15163,0.229632,0.108271,-0.06661,0.102778,0.11928,0.125975,-0.028818,-0.203554,-0.061873,0.233689,-0.023084,0.096071,-0.028733,-0.183266,0.199182,0.140205,0.018505,-0.052804,0.051123,0.28333,-0.250162,-0.172601,0.041281,-0.01007,0.160274,0.151767,0.210268,0.172336,-0.036663,0.0932,0.119236,-0.071952,0.032591,0.00031,-0.333142,0.177602,-0.173076,0.022171,-0.28741,-0.215806,0.324711,0.222388,-0.116152,-0.137161,-0.103253,-0.310181,0.0477,0.083898,0.246765,0.060242,0.005094,0.240221,-0.16244,-0.059397,-0.339882,-0.128279,-0.105663,0.005959,0.07764,-0.11402,-0.191065,-0.228895,-0.314003,-0.118613,-0.300491,-0.108218,-0.19254,-0.011579,-0.355738,0.007588,-0.127325,-0.33914,-0.018722,-0.167491,-0.332675,-0.082642,-0.106249,-0.186697,-0.132302,-0.216277,-0.144039,-0.220765,-0.306127,0.131151,-0.103698,-0.21729,-0.263398,-0.111231,0.062766,-0.230546,-0.086698,-0.16469,-0.093784,0.13808,0.033861,0.014074,-0.173655,-0.195343,-0.168563,-0.254499,-0.053685,-0.045043,-0.254732,-0.031473,-0.181869,-0.17139,-0.192128,-0.291734,0.004715,-0.292114,0.123282,-0.345034,-0.239245,-0.159303,-0.023112,-0.022333,0.077253,-0.255818,-0.207394,-0.037287,0.003567,0.129457,-0.338386,-0.236843,-0.10851,-0.27599,0.078602,-0.313178,-0.100462,-0.111864,0.298527,-0.538715,0.035537,-0.041951,-0.155532,-0.036352,-0.151604,-0.21207,-0.174646,0.169778,0.265954,-0.451941,-0.263627,-0.099958,-0.162545,-0.222108,-0.047255,0.066202,0.140055,-0.152997,0.065694,-0.309225,0.010599,0.104592,0.216946,-0.119912,-0.183861,0.153459,0.011589,-0.119709,0.198212,0.257186,-0.371976,0.273337,0.118195,0.006858,0.160904,0.100968,-0.114796,0.085137,-0.068613,-0.177255,0.237947,-0.254464,0.148359,0.286415,0.186737,-0.00569,0.023765,0.12677,-0.116577,0.077438,0.013008,#
13,0.082346,0.118302,0.136339,-0.111779,0.217711,0.28479,0.044781,0.256158,0.241796,0.280754,-0.242714,0.036159,0.181197,1.0,0.017566,-0.195598,-0.069917,0.205453,0.087709,0.009982,-0.110545,-0.069094,0.102852,-0.330754,0.05757,-0.027828,0.239743,-0.141132,-0.005775,-0.021929,-0.029418,0.323598,0.01438,-0.23046,-0.27904,0.321524,0.181601,-0.234844,-0.182234,-0.283146,0.003496,0.277166,0.142662,0.215259,0.043429,-0.289745,0.314858,0.213641,-0.057402,0.092081,-0.04752,-0.073577,-0.008511,-0.162101,-0.334646,-0.036315,0.185181,0.146926,0.04723,0.15854,-0.078482,0.204217,-0.147955,0.01146,-0.002584,0.275163,0.242548,0.251818,0.200455,0.061574,-0.021504,-0.174699,0.010828,-0.066037,-0.034445,0.033006,-0.002945,-0.224341,-0.153489,0.089585,0.114541,-0.321519,0.014024,-0.002572,0.053565,-0.004592,-0.079785,-0.280421,-0.262176,-0.097205,-0.235384,0.052403,-0.000376,0.036447,-0.214168,-0.059682,-0.15074,-0.020845,-0.033701,-0.157057,-0.031353,-0.13148,-0.054417,-0.16132,-0.238264,-0.169326,0.131193,-0.370097,0.120631,-0.296953,0.143297,0.176359,0.018688,0.099854,-0.09941,-0.050389,-0.3294,-0.19923,0.362514,-0.310802,-0.065442,0.041284,-0.06719,-0.305669,0.031877,-0.06405,-0.323669,-0.096261,-0.110252,-0.117652,-0.061039,0.296306,-0.352516,0.11434,-0.067356,-0.201131,0.053728,0.168561,0.195845,-0.068392,-0.020107,-0.331509,-0.166903,-0.255004,-0.126795,-0.134598,0.162673,0.293431,-0.302278,0.302764,-0.177238,0.162758,-0.059696,0.089845,0.227369,-0.125025,0.304352,0.450445,-0.16275,0.022954,-0.10423,-0.054013,0.038339,0.331685,0.115784,0.22312,0.06181,0.109363,-0.15174,0.120333,0.078804,0.230227,-0.096289,0.010165,0.004755,0.009401,-0.040908,0.065467,0.241984,-0.218287,0.099165,0.131467,-0.299311,-0.223089,0.150614,-0.047991,0.193123,0.102055,-0.350548,0.078304,-0.035638,-0.203324,0.213751,0.138295,-0.010918,-0.117756,-0.157355,-0.22416,0.332865,0.170913,#
14,0.288813,0.076906,-0.053147,-0.095774,0.124006,-0.032164,0.091401,0.193256,0.061507,-0.436014,0.137585,-0.020207,0.083299,0.017566,1.0,0.218605,0.283512,-0.373042,-0.025036,-0.29085,-0.268337,0.101542,0.005145,-0.100459,-0.278288,-0.099509,-0.090724,-0.073979,0.241314,-0.118942,-0.485748,0.379578,-0.144159,-0.101069,-0.026052,-0.160606,0.040108,0.145527,0.175862,-0.030489,-0.107013,-0.136598,-0.127498,-0.031622,0.039091,0.333684,0.418738,-0.275295,0.157129,0.050762,-0.135435,0.115528,-0.1039,-0.191451,0.069517,0.196885,-0.049798,0.098446,-0.423598,-0.062306,0.187712,-0.006643,0.011529,0.242586,0.192078,0.128985,-0.191494,-0.131609,0.030406,-0.26957,0.127912,-0.065451,-0.071345,-0.217773,-0.140149,0.125822,-0.157212,0.160365,-0.238029,-0.194014,-0.103253,-0.174532,-0.058602,-0.035751,-0.241301,0.051015,-0.175585,-0.301764,-0.168624,-0.281615,0.041984,-0.183018,0.223626,-0.215131,-0.113332,-0.046403,-0.215499,-0.187096,-0.38694,-0.196449,0.104383,-0.104567,-0.194005,-0.262367,-0.26283,-0.022619,-0.135907,-0.092441,0.167,-0.065196,-0.288248,-0.132557,-0.236019,0.063579,-0.406799,-0.07232,-0.266696,0.09693,-0.246238,-0.046127,-0.174446,-0.260779,-0.077465,0.106929,0.224911,-0.132816,-0.066634,0.075027,-0.144338,-0.30434,0.088903,-0.486604,-0.367392,-0.494052,-0.088407,-0.155099,0.035756,-0.261632,-0.012171,-0.166878,-0.234409,-0.344379,-0.224833,-0.175707,-0.376,-0.070148,-0.07981,-0.0932,-0.205695,-0.2677,0.050187,0.072641,-0.014269,-0.239436,-0.157963,-0.322307,0.050471,0.081511,-0.393866,-0.230172,-0.436249,-0.239751,-0.050606,-0.537164,-0.156936,0.119649,-0.072357,0.065081,-0.107046,-0.327086,0.024657,0.170665,-0.324467,-0.035657,0.128856,-0.043269,0.067528,0.027603,-0.108403,-0.179875,-0.07369,0.377333,0.294919,0.148221,0.216144,-0.264578,0.205101,0.123305,0.319082,-0.084051,-0.287678,0.432702,0.259775,0.254345,-0.061765,-0.165269,0.197633,-0.189913,-0.142659,0.210473,#
15,0.082291,-0.054779,-0.315324,-0.074279,-0.037715,-0.122276,0.232942,-0.159613,-0.041484,0.004038,0.158444,0.142632,0.238643,-0.195598,0.218605,1.0,0.001558,-0.307475,-0.001328,-0.295535,-0.041166,0.068974,-0.104129,-0.160583,-0.161718,-0.06851,-0.171063,-0.068564,0.056596,-0.025355,-0.249937,0.011252,0.094019,-0.111892,0.074003,-0.03661,-0.041843,-0.09131,-0.115563,0.367793,-0.183345,-0.166887,0.051297,-0.053253,0.06021,0.277596,-0.004376,-0.251482,0.18527,-0.050418,0.129376,-0.070292,0.146432,-0.070223,0.013555,0.101296,0.085299,-0.046141,0.109714,-0.017135,-0.069796,0.119798,0.162992,0.223349,-0.156255,-0.198438,-0.25725,-0.016428,-0.107466,-0.377855,0.138752,-0.006037,-0.179519,-0.153075,0.019971,-0.078948,-0.130794,0.075923,-0.142644,-0.196659,-0.013291,-0.043104,-0.072573,-0.244253,0.049817,-0.126643,0.043686,-0.02323,0.007229,0.010703,0.066333,-0.083715,0.277016,-0.276198,-0.144877,-0.134919,-0.211592,-0.138346,-0.284846,-0.026435,0.092695,0.095614,-0.185446,-0.013689,0.083797,0.098717,-0.339871,0.079651,-0.179461,0.021914,-0.425446,-0.282002,-0.143795,-0.051202,-0.204769,-0.194408,-0.082235,-0.023289,-0.319375,-0.027671,-0.059765,-0.204138,0.124427,0.18385,0.041732,-0.06769,-0.111525,-0.089532,-0.180726,-0.227639,-0.151245,-0.292077,-0.080312,0.0728,-0.137479,-0.078564,0.177116,-0.268461,-0.117351,-0.051348,-0.157099,-0.132142,-0.010822,-0.07283,-0.335862,0.26762,-0.369222,-0.159866,-0.181599,-0.360815,-0.090882,-0.090701,-0.391994,-0.146811,-0.352397,-0.160387,-0.086002,-0.099717,-0.231762,-0.100329,-0.26232,-0.291718,-0.197047,-0.360373,-0.218186,-0.055568,-0.210098,0.318985,0.005104,-0.349765,-0.074374,-0.029241,0.046984,-0.066144,0.216613,-0.266931,-0.128361,0.077188,-0.152025,-0.090331,-0.032328,0.078307,0.470129,0.298674,0.178845,-0.094875,-0.015152,-0.212956,0.465561,-0.072684,-0.299099,0.400755,0.415975,-0.006637,0.03066,0.018755,0.272372,-0.07494,-0.157653,0.044486,#
16,0.177836,-0.116874,-0.204617,-0.087784,0.070598,0.073514,-0.032684,0.036138,0.130947,-0.356731,0.234088,-0.029191,-0.15163,-0.069917,0.283512,0.001558,1.0,-0.085612,0.003548,-0.072578,-0.127214,-0.020247,0.147152,-0.020577,0.068449,-0.048479,-0.28635,0.06919,-0.018659,-0.066447,-0.159005,0.094517,0.038267,-0.231345,0.014225,-0.130889,-0.118305,-0.006743,0.135657,0.083263,-0.089326,-0.183296,-0.272229,-0.289466,0.190327,0.243734,0.185669,-0.247824,0.003744,0.114814,0.121503,0.026963,-0.010662,0.061999,0.138408,0.311402,-0.076206,0.091913,-0.146049,0.204619,0.203598,-0.15021,0.072316,0.230169,-0.005736,0.029875,-0.211391,-0.113891,0.058471,0.028307,0.16158,0.076558,-0.092078,-0.223094,-0.284763,0.137305,-0.081964,0.004033,-0.1021,0.058898,0.103966,-0.047898,0.048798,0.088659,-0.125371,0.108898,-0.065959,-0.010759,0.047838,-0.158431,0.204553,-0.032282,-0.093655,-0.133634,-0.138002,-0.26123,0.020216,-0.14871,-0.013747,-0.247619,0.238273,0.09768,-0.36163,-0.186392,-0.084779,-0.140154,0.059629,-0.21673,-0.043419,0.077878,-0.234433,-0.14633,0.059237,-0.058825,-0.22352,0.003252,0.061574,-0.240836,0.230804,-0.01826,-0.022365,-0.05867,-0.30738,-0.184615,0.101936,-0.188055,-0.164679,0.092798,-0.21102,-0.154315,0.060539,-0.263561,0.075949,-0.188303,0.005827,-0.11672,-0.181047,-0.363564,-0.191554,-0.058606,-0.26177,0.057455,-0.011939,0.085384,-0.27081,-0.033614,0.057436,0.021004,0.074541,-0.208136,0.11633,0.0446,-0.123025,-0.163259,-0.215537,-0.151713,-0.01416,0.203745,-0.192916,-0.074405,-0.108608,0.001644,-0.076367,-0.172505,0.064189,0.06979,-0.072902,0.02404,-0.125339,0.102501,0.275857,-0.019484,-0.026178,-0.026585,-0.116758,-0.216534,-0.178212,-0.038926,-0.101095,-0.118488,-0.009644,-0.13318,0.226173,0.108265,0.097034,-0.056404,0.02971,-0.119087,0.115992,-0.165712,-0.153101,0.210871,0.041533,0.075711,0.145878,0.142409,0.123135,0.061954,-0.240995,0.14862,#
17,-0.036299,0.045981,0.304447,-0.018189,0.106574,-0.086431,-0.030364,-0.260458,0.27043,0.292259,-0.205453,-0.027524,0.229632,0.205453,-0.373042,-0.307475,-0.085612,1.0,0.236489,0.189368,0.147719,-0.129859,0.266987,-0.012875,0.15299,-0.150834,0.137852,-0.05197,-0.115867,0.088642,0.31021,-0.052945,0.133695,0.074247,-0.109533,0.1022,0.047526,-0.258459,-0.1601,-0.271918,-0.024272,0.13832,0.037179,0.042807,0.217933,-0.3512,0.075096,0.466822,-0.122,0.016205,0.190212,-0.083063,0.020577,0.114811,-0.214345,-0.112667,0.059635,-0.005218,0.14058,-0.056694,-0.061625,-0.072648,-0.127553,-0.345725,-0.081104,0.11407,0.098017,-0.027753,0.097661,0.280278,0.063136,-0.155041,-0.372022,0.142331,0.081221,0.115465,0.014621,-0.309165,-0.004155,0.075419,-0.101592,0.059842,-0.130814,0.173008,0.244188,-0.048187,-0.097257,0.165499,-0.111637,0.119366,-0.134244,-0.06449,-0.308547,0.213642,0.016049,-0.09741,0.097314,0.048924,0.054149,0.062097,-0.139129,-0.121537,-0.086754,0.10818,-0.043715,0.137801,0.108366,0.170592,2.6e-05,-0.076117,0.368506,0.126303,0.272718,-0.105656,0.095044,-0.081365,0.028307,-0.083455,0.46687,-0.144814,-0.087078,0.210712,-0.097123,-0.26617,-0.189418,0.233493,-0.122943,0.084353,-0.103122,0.041046,0.089546,0.292697,0.060456,0.322638,-0.082273,-0.024843,0.009677,0.258717,0.226121,-0.099382,0.067715,0.160354,0.07073,-0.111634,0.063323,-0.134225,0.243953,0.31177,-0.212029,0.387697,-0.044116,-0.021575,0.118154,-0.085851,0.127954,0.151072,0.13476,0.34347,0.032956,0.28676,0.285781,0.201588,0.043746,0.521344,0.217916,-0.01473,0.126965,-0.059974,-0.164603,0.238581,0.076154,0.103869,0.009423,-0.0956,-0.11116,0.262182,0.107249,0.21241,0.350146,-0.192526,0.253429,-0.099633,-0.528744,-0.180274,-0.075047,0.129297,0.02318,0.134941,-0.442289,0.203575,0.165982,-0.344625,-0.087277,-0.116604,-0.180775,0.105353,-0.048938,0.020344,0.315992,-0.258849,#
18,0.014137,-0.122721,0.067029,-0.145676,-0.027956,-0.100071,0.182999,0.041113,0.248365,-0.121243,0.158232,-0.162459,0.108271,0.087709,-0.025036,-0.001328,0.003548,0.236489,1.0,-0.066795,-0.063381,0.261723,0.041518,-0.15568,-0.392079,0.04848,-0.094182,0.344573,0.018989,-0.184962,0.14748,0.151576,0.058566,-0.104231,-0.022415,0.192808,0.053166,0.224348,0.066389,-0.118722,0.069281,-0.071097,-0.037872,0.066096,-0.090117,-0.223098,0.116815,-0.055301,-0.179423,0.033321,0.019805,0.168237,0.168752,0.090218,-0.150016,-0.042986,0.078921,0.043676,-0.008917,-0.091513,-0.008538,-0.186846,0.011153,-0.064219,0.106114,0.113595,0.281987,-0.139885,-0.022645,-0.078205,0.037494,-0.142121,-0.27374,0.105254,0.017814,-0.141086,0.172609,-0.472127,-0.110266,-0.058881,-0.035044,0.065083,-0.143798,-0.121955,0.061897,-0.06304,0.113351,-0.020626,0.001879,0.27316,0.098951,0.131559,-0.081634,0.090813,0.023593,-0.044596,-0.005893,0.062866,-0.090387,-0.163605,0.032157,0.039733,-0.119525,0.09104,-0.08723,0.096002,-0.027555,-0.079178,0.254042,-0.022859,-0.000458,-0.03331,0.254365,0.170827,-0.055194,-0.164716,0.05841,0.173613,0.223517,-0.093745,-0.001278,-0.038185,0.107874,0.007088,0.024978,0.02982,-0.07021,0.026912,0.107649,0.045827,0.250738,0.134742,0.008956,-0.019165,0.015164,-0.055082,0.160735,0.076555,-0.094911,-0.089036,0.039842,0.155554,-0.062798,0.005354,0.047374,-0.01048,-0.052528,0.074319,-0.012882,0.071238,0.227776,-0.029153,0.108553,-0.183529,-0.012561,-0.126743,0.057652,0.187747,-0.016774,0.102881,0.062488,-0.078597,-0.100075,0.032996,0.41345,-0.041625,0.18577,-0.007663,-0.181906,0.286552,-0.206712,0.292703,0.221494,0.070985,0.092007,0.108467,-0.034513,0.028634,-0.046065,0.091099,0.10419,0.174865,-0.084529,0.02831,-0.096705,0.192763,0.290021,-0.034411,-0.06507,-0.1967,0.127298,-0.041639,-0.009108,-0.120896,-0.006648,0.233535,0.01219,0.059603,0.249435,-0.135776,#
19,-0.119171,-0.073019,0.35836,0.14029,-0.015409,-0.192224,-0.081639,-0.10307,0.136054,0.118838,0.003365,-0.106028,-0.06661,0.009982,-0.29085,-0.295535,-0.072578,0.189368,-0.066795,1.0,-0.104125,0.002302,0.002096,0.055685,-0.027188,0.129609,0.068096,0.062479,-0.090791,0.131474,0.184018,-0.045498,0.074879,0.125887,0.135301,-0.056663,-0.106038,-0.097476,-0.205904,-0.110275,-0.196728,0.043754,-0.146917,0.074265,0.160164,-0.282823,-0.093986,0.071444,-0.176917,0.127444,0.092881,0.063037,0.001876,0.261037,-0.243525,0.04941,0.100433,-0.095295,0.114102,-0.173113,-0.085378,-0.057147,-0.00915,-0.153237,0.003897,-0.026345,0.334888,-0.042664,-0.039306,0.240758,0.018621,0.122352,-0.021309,0.314699,0.010228,0.071104,0.036673,0.075773,0.02114,0.051382,0.205702,0.085022,0.048609,0.290243,0.139143,0.085093,-0.01086,-0.02383,0.149403,-0.079453,-0.109653,0.041352,0.017678,0.085829,-0.075688,0.177225,0.189658,-0.116777,0.053439,0.061435,-0.279454,-0.15647,-0.123225,0.226643,0.001867,0.082888,0.049088,0.133903,0.023396,0.178581,0.517739,-0.113824,0.173814,0.01475,0.135074,0.169023,0.224753,-0.10533,0.255973,-0.03146,-0.058016,0.211397,0.088554,-0.101003,-0.243721,0.166747,0.009079,-0.034792,0.144645,-0.076022,0.110103,0.153274,0.018583,0.245676,0.175458,-0.090158,-0.140829,0.230658,-0.135386,0.200659,0.260007,0.150137,0.051548,-0.125964,0.052914,0.182478,0.324315,0.064783,0.119515,0.313351,-0.005241,-0.030322,0.285701,0.286995,0.151739,0.22521,-0.070366,0.028874,0.318549,0.132546,0.101069,0.049573,0.244436,0.387991,0.181224,-0.068849,0.182932,-0.002679,0.172308,0.0452,-0.055803,-0.110616,0.053787,0.218057,-0.035366,0.167552,0.15361,-0.110041,-0.091339,0.034453,0.07508,-0.079446,-0.289261,0.036976,-0.171736,0.340251,-0.195164,0.061974,-0.301312,0.100028,0.163453,-0.223217,-0.219748,-0.220947,-0.22398,-0.041077,-0.184548,0.251173,0.205101,0.02257,#
20,-0.346449,0.095592,-0.381176,-0.019102,0.119643,0.153024,0.095111,-0.015802,-0.306848,0.092114,0.078378,-0.163492,0.102778,-0.110545,-0.268337,-0.041166,-0.127214,0.147719,-0.063381,-0.104125,1.0,0.136021,0.190791,-0.014172,0.023064,0.125793,0.047152,0.09827,0.079082,0.394839,0.097972,-0.199797,0.194568,-0.014696,0.058398,0.038149,-0.066653,-0.141391,0.121812,-0.010292,0.1204,0.035338,0.324245,0.090251,-0.159993,0.037292,-0.360613,0.165792,0.241341,-0.434786,0.022357,-0.337489,0.032622,-0.06757,-0.034598,-0.151618,0.091142,-0.14425,0.246328,0.050242,-0.08392,-0.224982,-0.14872,-0.021315,-0.222529,0.155339,-0.012315,0.21725,0.102623,0.110336,-0.216559,-0.130847,0.196547,-0.042428,0.089759,0.151172,0.191089,0.029313,-0.166877,-0.057194,-0.248489,-0.05463,-0.167631,-0.125685,-0.003765,-0.188505,-0.030861,0.103513,0.053202,0.276187,-0.350425,-0.155769,-0.218736,-0.150049,0.017216,-0.026445,-0.160002,-0.069852,-0.065589,0.133171,0.059574,0.068261,-0.017758,-0.234762,0.151886,-0.169806,-0.009779,-0.133408,0.012112,-0.15602,0.085001,0.186095,-0.27949,-0.276804,0.144915,0.046443,-0.022607,0.063598,-0.092552,-0.022781,0.125187,-0.07127,0.034272,-0.083482,-0.176441,0.158516,0.050117,0.189841,0.026015,0.002229,-0.282126,-0.012773,-0.153208,0.040984,-0.165766,0.090075,-0.261383,-0.113653,0.050435,-0.03398,-0.195948,0.075855,-0.075459,-0.081377,-0.084824,-0.124051,-0.021965,0.21438,0.012152,-0.054535,-0.178779,-0.120098,-0.147935,-0.195644,-0.247354,-0.040056,-0.111054,0.008014,-0.050577,0.005121,0.219569,0.132151,-0.170523,0.145531,-0.248133,0.062958,-0.059189,-0.213695,-0.231885,0.294828,-0.00598,-0.147149,-0.208277,-0.126122,0.132408,-0.141852,0.02829,-0.073259,-0.039524,-0.026064,0.189342,-0.221917,-0.056581,0.207759,0.153289,-0.371431,-0.107603,-0.192292,0.103422,0.10251,-0.007091,0.211489,0.068301,-0.158848,0.046541,0.264729,0.055097,-0.04335,-0.205861,0.010075,#
