0,1.0,0.218086,-0.128777,-0.102577,0.291284,0.2061,-0.032458,0.104874,-0.269595,0.172042,0.006404,-0.023125,0.396162,0.147622,0.040739,-0.100829,0.212954,-0.029942,-0.043164,-0.182062,0.148613,0.352911,0.037988,-0.118234,-0.175553,-0.206689,0.010546,-0.276903,0.227756,0.18662,0.124595,0.060385,0.159883,-0.094578,-0.119449,0.127715,-0.088164,-0.192884,-0.145189,-0.266854,-0.109227,-0.037017,0.0027,0.201569,-0.200802,-0.199062,0.180151,0.069453,-0.261867,-0.265916,-0.115226,-0.263368,0.03435,-0.211973,0.153542,-0.07431,-0.064125,0.1092,0.230399,0.206886,0.364489,0.021288,-0.10125,-0.121149,0.014897,0.146143,-0.093722,0.212973,0.047026,-0.305096,-0.206895,0.081785,-0.323781,-0.215351,-0.40858,0.306713,-0.037795,-0.167785,-0.395414,-0.156125,-0.173288,-0.257565,-0.03351,-0.008996,-0.176213,-0.125661,-0.104486,-0.048242,-0.119867,-0.378238,-0.224641,-0.439762,-0.203654,-0.142487,0.078653,-0.169428,-0.047566,-0.13104,-0.111419,0.041081,0.112589,-0.273654,-0.170206,-0.097877,-0.047408,-0.180671,-0.247543,-0.072646,-0.409457,-0.084626,0.072122,0.16997,-0.257452,-0.172706,-0.207649,0.151403,-0.379465,-0.315807,0.02083,-0.165283,-0.330497,-0.026939,-0.010488,-0.187346,-0.085429,0.011313,-0.0988,-0.131661,0.016851,0.083373,-0.222555,-0.220993,-0.062753,0.00567,-0.443199,-0.054804,-0.062471,-0.340145,0.22176,-0.245185,-0.186613,-0.165432,-0.173881,0.018317,-0.0183,-0.197052,-0.052611,0.11329,-0.355764,-0.352853,-0.099626,-0.356974,-0.168498,-0.181405,-0.072636,-0.203478,0.247317,0.265924,-0.216051,-0.406816,-0.135742,-0.235742,-0.02517,-0.358771,-0.166479,0.200738,-0.321395,-0.212126,-0.063557,-0.202206,0.117671,0.119234,-0.380241,-0.04235,0.119034,-0.400288,-0.205575,0.089238,0.144969,0.069186,0.178046,-0.094421,0.077627,0.172727,0.301732,-0.143914,0.329902,-0.061557,0.013651,0.320027,0.116197,0.230732,0.239706,0.038535,-0.104143,0.242064,-0.03292,-0.294112,-0.03946,0.276231,#
1,0.218086,1.0,0.176818,-0.20067,0.081032,0.182391,0.38906,0.281756,0.22706,0.308988,-0.170405,-0.216905,0.430346,0.235816,0.404834,-0.234648,0.120496,0.336926,0.214233,-0.15593,-0.127029,0.162588,0.304944,0.00481,-0.141387,-0.297333,0.107204,0.037418,-0.029579,0.250641,-0.386577,0.020618,0.307653,-0.088144,-0.173976,0.344631,0.065827,-0.134933,-0.05703,-0.075588,-0.297578,0.109413,0.011673,0.216735,0.277413,-0.379764,0.301069,-0.070848,0.138955,0.241637,0.008188,-0.287463,-0.079588,-0.250773,0.061703,-0.27261,-0.103427,-0.284148,-0.133399,-0.10168,0.076663,0.14527,-0.370234,0.001814,0.093113,0.261161,-0.009331,0.207562,0.26529,-0.177163,-0.013838,-0.01992,-0.198849,-0.52748,-0.342684,0.456729,-0.216667,-0.498381,-0.184451,-0.352215,-0.163604,-0.397673,-0.379178,0.102622,-0.413393,-0.050297,-0.327714,-0.177964,-0.210825,-0.360973,-0.297788,-0.289711,-0.617245,-0.073289,-0.224886,-0.212544,0.160443,-0.224584,0.046403,-0.255613,-0.020852,-0.33603,-0.252062,-0.251951,-0.285124,-0.187122,-0.524769,-0.131902,-0.58751,-0.320862,0.069855,0.447499,-0.227414,-0.41707,-0.164657,-0.183411,-0.341037,-0.588135,0.034769,-0.508987,-0.364099,-0.405987,-0.479432,-0.324524,-0.240343,-0.142397,-0.005104,0.188595,-0.112074,-0.178904,-0.28545,-0.27544,-0.334923,-0.018746,-0.30458,-0.290665,0.231931,-0.309041,-0.090314,-0.334745,-0.322968,-0.137856,-0.600213,-0.256907,0.037636,-0.165531,-0.290211,0.448435,-0.142439,-0.310598,-0.341889,-0.472,-0.120536,-0.202345,-0.335769,-0.379601,0.265819,0.422586,-0.293152,-0.206118,-0.015782,-0.040204,0.260342,0.083242,-0.053067,0.404627,-0.20678,-0.117799,-0.272809,-0.049656,0.100124,-0.069061,-0.299139,-0.291953,0.328507,-0.219184,-0.137612,0.521491,0.502417,-0.616126,0.351603,0.206909,-0.182308,-0.127,0.318737,-0.176244,0.275906,-0.056645,-0.339985,0.494104,0.197243,0.410646,0.415328,0.357678,-0.258355,0.060425,0.076529,-0.164933,0.170138,0.073531,#
2,-0.128777,0.176818,1.0,0.3232,-0.043125,-0.051218,0.09674,-0.017836,0.190191,-0.131284,-0.057162,-0.044647,-0.188392,-0.079553,-0.111263,-0.1843,-0.149066,0.14521,-0.131426,0.176124,-0.093398,0.048322,0.164502,-0.041458,0.121634,-0.14137,0.364691,0.213232,-0.017375,-0.014238,0.017205,0.293529,-0.142482,-0.028511,0.123366,0.152052,0.301774,-0.200409,0.029882,-0.139585,-0.026076,0.165648,0.097509,0.073504,0.072269,-0.192936,-0.043694,0.401197,0.185227,-0.038357,-0.251416,0.148857,0.225473,0.016814,-0.233071,0.03337,-0.007373,-0.300213,-0.301264,0.025168,-0.129965,-0.281518,0.129424,0.0518,-0.09349,-0.093407,0.057843,0.147657,0.063977,0.331859,0.400838,0.292184,0.039373,-0.096183,0.078313,0.017927,-0.023,-0.304183,-0.023448,-0.169767,0.183508,-0.070793,-0.024432,0.118224,0.015084,0.328726,-0.070134,0.011881,0.08674,-0.008007,-0.006307,0.058625,-0.086939,0.110777,0.069573,0.054888,0.368062,0.072359,0.055742,-0.122475,-0.032093,0.133405,0.109155,-0.038955,0.060196,0.011752,-0.006176,0.169219,-0.333594,0.023384,0.392387,-0.015207,0.060253,0.020921,0.439183,-0.137101,-0.059448,-0.144167,-0.018084,-0.021496,0.149763,-0.06394,0.059287,-0.006837,0.146736,-0.128255,-0.118843,0.188474,0.077772,0.030768,0.46882,-0.159873,0.006181,-0.046261,0.134692,0.134399,-0.011813,0.262396,0.218101,0.101285,0.033862,0.172544,-0.061198,-0.242266,-0.121749,0.273045,-0.230877,-0.027775,0.214406,0.003874,-0.071493,-0.105828,0.146337,-0.014744,-0.075349,-0.001019,-0.099061,0.124689,0.101167,0.079463,0.243609,0.019404,0.008447,0.117097,-0.038602,-0.187656,-0.085882,0.066629,0.05793,0.194133,-0.101984,-0.173764,-0.08993,0.095097,-0.201964,0.277258,0.06452,0.220069,0.032531,-0.224316,0.10882,-0.178419,-0.237268,0.117402,-0.194717,0.08437,-0.175444,0.066915,-0.07586,-0.048244,0.328352,-0.026996,0.028766,0.180671,-0.223827,0.147305,-0.075822,0.05622,0.206399,-0.115028,#
3,-0.102577,-0.20067,0.3232,1.0,-0.239543,-0.107943,-0.21718,-0.332177,-0.155462,-0.106547,0.091517,-0.0217,-0.234822,-0.087257,-0.240561,-0.060679,-0.183027,0.002127,-0.100677,0.311258,0.201791,0.030889,-0.057377,0.137793,0.272245,0.196142,0.102135,0.257623,0.060249,-0.242216,0.435333,0.042074,-0.157649,-0.112088,0.139141,-0.328131,0.085774,0.106193,-0.028968,-0.100993,0.164988,0.156274,-0.077785,-0.016053,-0.076429,0.268216,-0.130512,0.053598,0.164599,-0.107491,-0.009138,0.518312,0.125844,0.110706,-0.103493,0.080467,0.228028,-0.041529,-0.081376,0.362796,-0.108903,-0.124976,0.013088,-0.128879,0.119242,-0.230375,0.084104,0.303625,-0.065268,0.018301,0.184978,0.163281,0.191464,0.169755,0.027841,-0.345371,0.120187,0.09026,0.179624,0.032943,0.333626,0.481502,0.268961,0.172987,0.203972,0.099187,0.318568,0.180441,0.17649,-0.064119,0.281658,0.186143,0.455533,-0.054575,0.44548,0.153948,0.093553,0.000613,-0.038004,0.188439,0.04696,0.262367,0.314882,0.082125,0.323071,0.327861,0.216873,0.123659,0.228031,0.155166,-0.11581,-0.145877,0.250622,0.208519,0.318993,0.10353,0.22251,0.057524,-0.025447,0.181842,0.217827,0.205553,0.456004,0.117268,0.068192,0.148599,0.093434,0.004416,0.111658,0.269035,0.325641,0.123272,0.233434,0.188977,0.267764,0.327003,0.024085,0.239354,0.218262,0.32584,0.270748,0.16527,0.18954,0.067723,0.254277,0.343643,0.228393,-0.236372,0.27269,0.172076,0.256458,0.247385,0.229153,0.363514,0.145249,0.209243,-0.277834,-0.138647,0.153327,0.25269,-0.102423,0.158248,-0.166341,0.059708,-0.074198,-0.334152,0.070248,0.182792,0.183513,0.218653,-0.245098,-0.037415,0.393571,0.186765,-0.456668,0.369453,0.251319,-0.029048,-0.39111,0.12,-0.31113,-0.171294,-0.143447,-0.071588,-0.190741,0.185261,-0.126876,0.251254,0.311872,-0.303749,0.153627,-0.240039,-0.164397,-0.193215,-0.186963,-0.026482,-0.371298,0.186341,0.159739,-0.262917,#
4,0.291284,0.081032,-0.043125,-0.239543,1.0,0.056893,0.026064,0.172274,-0.179525,-0.100987,0.116266,0.04405,0.227457,-0.084995,0.181521,0.063674,0.077916,0.022869,0.191481,-0.037911,-0.06724,-0.097249,0.001685,-0.233184,0.0592,-0.241887,-0.279362,-0.08585,0.022744,-0.050855,-0.117829,-0.165442,-0.101434,-0.15517,-0.263699,0.115023,-0.142659,-0.193493,-0.119149,0.117505,-0.068843,-0.155752,-0.136911,0.035686,-0.086907,-0.017897,0.057645,0.22776,-0.071412,-0.087404,0.259898,-0.102177,0.095338,-0.195035,0.092856,0.090863,-0.29957,0.036952,0.142102,-0.25576,9.6e-05,0.063144,-0.03447,0.125218,-0.008507,0.31205,0.134232,-0.193477,0.052261,0.009409,-0.095208,0.020592,-0.184788,0.086673,-0.074218,0.373057,0.006686,-0.359249,-0.151665,-0.309642,-0.136743,-0.272488,-0.157674,0.04528,-0.119934,-0.094413,-0.044688,-0.11075,-0.158917,-0.087279,-0.104912,-0.326744,-0.095157,-0.200216,-0.155899,0.016485,0.151808,-0.250345,0.023221,0.096925,0.153662,-0.232399,-0.125352,-0.214976,-0.156594,0.07121,-0.17337,-0.069551,-0.17209,-0.219736,0.036591,-0.087851,-0.071832,-0.131618,-0.197849,-0.143319,-0.220054,0.049944,-0.089377,0.009244,-0.244407,-0.008218,-0.00173,-0.020595,-0.027616,-0.144495,0.198677,0.069843,-0.082369,-0.045149,-0.094598,-0.174149,-0.115725,-0.102395,-0.258086,-0.150796,0.001731,-0.284847,-0.177097,0.05575,-0.131478,-0.245589,-0.058867,-0.011404,0.026109,-0.006565,-0.256364,0.032634,-0.157909,-0.447697,-0.282701,-0.190986,-0.481078,-0.088166,-0.280647,-0.181664,0.129159,0.275167,-0.11729,-0.294843,-0.139134,-0.221009,-0.090574,0.011586,-0.07739,0.05336,-0.091887,0.001286,-0.067515,-0.116468,0.065605,0.012066,-0.107389,-0.038459,0.145675,-0.146087,-0.081926,0.141279,0.161892,-0.099677,0.237442,-0.067657,0.29547,0.076275,0.130305,-0.374675,0.17036,-0.171473,-0.187195,0.065392,-0.028007,0.029163,0.226025,-0.079186,0.034626,-0.157306,0.162537,-0.075736,-0.267673,0.24152,#
5,0.2061,0.182391,-0.051218,-0.107943,0.056893,1.0,0.101096,0.236932,-0.023109,0.026664,0.290324,0.125239,0.070208,-0.104411,-0.020103,-0.040332,0.35926,0.113158,-0.203953,0.111252,-0.108588,0.287859,0.19758,-0.084487,-0.164565,-0.281742,0.090244,-0.223258,-0.230395,-0.372712,-0.103571,0.188452,0.043071,-0.064115,-0.075609,-0.124227,-0.131528,0.003129,-0.128558,-0.254094,-0.056072,0.327352,0.042202,0.195952,0.212957,-0.197329,0.026431,0.143084,0.135752,-0.229583,-0.051222,0.010894,0.163103,-0.150912,0.003387,-0.137168,-0.079541,-0.203689,0.080305,-0.260974,0.016654,-0.182482,-0.336644,0.056768,0.022891,0.121949,-0.200861,-0.096809,0.139798,0.104748,0.014943,0.315011,-0.111995,-0.028347,-0.326677,0.266571,-0.348347,-0.114545,-0.163285,-0.076315,0.313208,-0.144809,-0.02559,-0.305169,0.004419,0.126608,0.019357,-0.182245,-0.050686,-0.365692,-0.110522,-0.103594,-0.199929,-0.050876,-0.0497,0.026131,-0.002223,-0.10261,-0.033387,-0.048166,-0.178876,-0.141781,0.125578,-0.044682,0.033575,-0.234108,-0.071584,-0.198685,-0.322914,-0.060756,0.098992,0.001592,-0.149049,-0.168167,-0.031852,-0.301623,-0.557097,0.031039,0.035,-0.160374,-0.15377,-0.348172,0.144802,-0.340255,-0.139158,0.140926,-0.065566,0.064993,0.146574,0.14748,-0.12718,-0.015553,-0.138444,-0.229384,-0.113187,-0.021069,0.138228,-0.278763,-0.065986,-0.314972,-0.22225,-0.114843,-0.313086,0.032793,0.053295,0.220657,-0.084342,0.014694,-0.013554,-0.108612,-0.048812,-0.019536,-0.13579,0.044064,0.041489,-0.183214,0.053631,0.117457,-0.072455,-0.055594,-0.05703,-0.002199,0.02308,0.137154,-0.174891,0.294588,0.108122,-0.106985,0.014729,-0.037673,0.219723,-0.07913,-0.386289,0.163239,0.059,-0.261164,-0.126132,0.07015,0.065685,-0.081286,0.136699,-0.017022,-0.017189,-0.00881,0.029584,-0.035433,0.044931,0.11491,-0.129159,-0.059952,0.126182,0.050055,0.097459,-0.122068,0.121434,0.090152,0.099107,-0.133846,-0.075224,0.040851,#
6,-0.032458,0.38906,0.09674,-0.21718,0.026064,0.101096,1.0,0.351661,0.442382,0.282334,0.020242,-0.114614,0.366045,-0.1336,0.27094,-0.165188,-0.040747,0.000153,0.125404,-0.20633,-0.221562,0.141995,0.025025,-0.01679,-0.034413,-0.221597,0.260737,-0.041702,0.248,0.0155,-0.536895,-0.134588,0.113285,-0.018133,-0.107669,0.156929,-0.178483,-0.097935,0.129104,-0.004651,-0.100128,0.187593,-0.089959,-0.218182,-0.058187,-0.161248,0.15441,-0.019074,0.10281,0.153093,-0.110428,-0.220282,-0.073301,-0.198898,-0.140238,-0.110857,0.1466,-0.170161,-0.195126,0.086482,0.075255,0.063261,-0.161151,0.231249,0.220885,0.289822,0.195022,-0.097847,0.407038,-0.105881,0.115866,-0.016626,-0.275815,-0.396028,-0.128019,0.391177,-0.060449,-0.213242,-0.123634,-0.120577,-0.246845,-0.28323,-0.353696,-0.256628,-0.138011,0.396261,-0.117798,-0.124279,-0.148198,-0.263184,-0.297759,-0.136442,-0.361886,-0.046666,-0.082821,-0.15429,0.212709,0.051877,0.05477,-0.260729,-0.095889,-0.154434,0.006059,-0.060653,-0.178171,-0.196404,-0.362176,-0.069968,-0.445073,-0.233496,-0.001123,0.135972,-0.245434,-0.410879,-0.109774,-0.291214,-0.149136,-0.059025,-0.221153,-0.104552,-0.119243,-0.169375,-0.225408,-0.390308,-0.273866,0.023165,0.190504,0.465464,-0.088433,-0.097658,-0.279245,-0.594674,-0.514511,0.044544,0.037685,-0.122305,0.048133,-0.106335,-0.212029,-0.283524,-0.04706,-0.086446,-0.265089,-0.08699,0.025188,-0.1599,-0.313036,0.57116,0.0327,-0.207375,-0.083685,-0.133036,0.078017,-0.272662,-0.251413,-0.108953,0.186318,0.128727,-0.171739,-0.201147,0.072449,0.060852,0.312099,0.140123,0.044881,0.274554,0.098079,-0.017964,-0.233557,0.225626,0.347673,-0.125993,-0.198207,-0.033774,0.248738,-0.067397,0.135371,0.175373,0.366299,-0.171551,0.378172,0.273874,0.145706,-0.115634,0.246869,-0.091992,0.224251,0.052116,-0.269557,0.348523,0.181717,0.32947,0.079073,0.160833,-0.018948,0.098516,-0.064338,-0.159003,-0.0952,-0.156925,#
7,0.104874,0.281756,-0.017836,-0.332177,0.172274,0.236932,0.351661,1.0,0.141905,0.170902,0.037301,-0.226268,0.306474,0.12926,-0.002,0.095201,-0.015549,-0.093514,0.077182,-0.014222,-0.01283,0.208406,-0.040084,0.306749,-0.023272,-0.086095,0.067707,-0.162458,0.019024,-0.052473,-0.179257,-0.035881,0.343528,0.048459,-0.142739,0.11414,-0.04413,-0.08345,0.19259,-0.21894,-0.140813,0.14758,-0.124643,0.187366,-0.195148,-0.196022,0.132996,-0.01849,0.105412,-0.129092,-0.226974,-0.065435,0.074426,-0.036889,-0.063536,-0.028028,0.04357,-0.120588,-0.104866,-0.05168,0.060953,-0.080227,-0.337528,0.189034,-0.005124,0.163781,0.141139,-0.020395,0.234334,-0.120063,0.184582,0.074595,-0.317998,-0.114377,-0.011891,0.369889,0.020829,-0.005077,-0.015499,-0.017061,-0.105103,-0.067853,-0.015878,0.036533,-0.147109,0.216712,0.166525,0.152981,-0.031422,-0.177294,-0.359248,-0.133789,-0.341573,0.076244,-0.155409,0.128736,0.331452,0.115273,0.300185,-0.247364,-0.105549,-0.140688,0.15631,-0.053171,0.191222,-0.029162,-0.178242,-0.153036,-0.333046,-0.392282,0.075192,0.193405,-0.071188,-0.144042,0.082413,0.027918,-0.135643,-0.016699,-0.117776,0.007339,-0.093727,-0.271943,0.019493,-0.178681,0.028824,0.026125,0.056206,0.120117,-0.154745,-0.074879,-0.288604,-0.085859,-0.094164,-0.149376,-0.054799,-0.052402,0.321097,-0.027892,-0.207031,-0.181588,-0.049606,0.165768,-0.210955,0.09293,0.019421,-0.027709,-0.13436,0.118717,0.019499,-0.282665,-0.09683,0.001925,-0.186884,-0.021393,-0.094942,-0.106133,0.328769,-0.094638,0.061805,-0.054857,-0.054794,0.302765,-0.048948,0.002276,0.128918,0.01973,0.158825,-0.301498,-0.209488,0.184208,0.095553,-0.084569,-0.355712,0.045907,0.191518,-0.054742,0.217075,-0.067876,0.14379,-0.206182,0.260575,0.136602,0.121799,-0.02717,0.173036,0.13474,0.139972,-0.182232,-0.007814,0.21695,0.251582,0.038856,0.093713,-0.173925,-0.15767,-0.042399,0.073128,-0.190194,0.010678,-0.007499,#
8,-0.269595,0.22706,0.190191,-0.155462,-0.179525,-0.023109,0.442382,0.141905,1.0,0.173827,-0.215109,-0.077635,0.236406,0.105015,0.16934,-0.317863,-0.085323,0.335947,0.027403,-0.075639,-0.101124,0.07952,0.08822,0.19114,0.227543,0.001551,0.372405,0.064702,0.053152,0.044002,-0.220838,0.000977,0.070837,-0.181286,-0.10091,0.13301,0.15603,-0.213467,0.027334,-0.096382,0.103864,-0.09612,0.034174,-0.05046,0.251603,-0.264519,0.006675,0.049195,0.096072,0.306829,-0.085809,-0.297603,0.049947,0.030118,-0.386864,0.062954,0.122583,-0.309312,0.134607,0.089639,-0.044545,-0.185617,-0.157306,0.108038,0.181826,0.243523,0.172792,-0.020166,0.084474,0.121159,0.101989,0.145486,-0.130862,-0.135603,0.030761,0.152171,0.071419,-0.050434,0.042261,-0.272667,0.037742,-0.082537,-0.263076,-0.219989,-0.067794,0.26943,-0.065153,-0.111955,0.078493,-0.087928,-0.091341,0.183777,-0.345971,0.239624,0.021478,0.002912,0.259967,0.09935,-0.056971,-0.089432,-0.100087,0.202077,0.135322,0.204823,-0.106919,-0.214266,-0.131488,-0.044604,-0.060292,-0.106502,0.270858,0.092857,-0.076575,-0.375713,0.149562,-0.062134,-0.072309,-0.126775,-0.005092,-0.082854,0.026801,-0.102019,-0.158907,-0.12738,-0.069987,0.049646,0.091439,0.107342,-0.076971,-0.104689,-0.111823,-0.161541,-0.209573,-0.054637,0.18228,-0.090112,0.055802,0.064674,-0.191416,-0.133113,-0.037761,-0.019361,-0.062323,-0.348124,-0.227486,-0.102076,-0.20865,0.313074,0.181326,-0.087584,0.096145,-0.047126,0.192453,-0.233397,-0.043278,0.071462,0.371627,0.245091,0.028019,-0.022153,0.176657,0.236338,0.221274,-0.183254,0.342315,0.279966,0.073131,0.092063,-0.26776,0.148842,-0.139658,0.063777,-0.077937,0.078406,0.037875,0.187343,0.003131,0.118707,0.491675,-0.30011,0.304637,0.160678,-0.135602,-0.106577,-0.040972,0.02497,0.213462,0.031697,-0.252043,0.15396,0.14158,0.062262,-0.021852,0.11957,-0.131625,0.262352,0.088216,-0.121421,0.146621,-0.015879,#
9,0.172042,0.308988,-0.131284,-0.106547,-0.100987,0.026664,0.282334,0.170902,0.173827,1.0,-0.276561,0.094883,0.3318,0.279615,0.251301,0.068485,-0.075861,0.110618,0.133714,-0.149682,-0.308393,0.219288,0.212843,0.026576,-0.101666,-0.074043,0.265291,0.01192,0.060008,0.410506,-0.176576,0.100093,0.178386,-0.008311,-0.216513,0.255588,-0.292311,-0.06192,0.022215,-0.102064,-0.157613,-0.005447,0.045341,-0.032149,0.035726,-0.430005,0.224696,-0.065521,-0.147811,0.134663,-0.188067,-0.118214,-0.014011,-0.382012,0.06116,-0.27431,0.249482,-0.243803,0.091276,0.025888,0.202572,-0.010789,-0.370614,-0.070056,0.168198,0.131218,-0.064885,0.164416,0.035229,-0.215218,-0.106594,-0.140151,-0.193904,-0.438941,-0.035157,0.235634,0.04388,-0.276986,-0.028656,-0.030805,-0.27215,-0.23636,-0.386204,0.009914,-0.133269,-0.004663,-0.312836,-0.124214,0.065371,-0.209357,-0.212704,-0.1837,-0.301508,0.058388,0.198876,-0.068393,-0.108129,0.154325,0.030625,-0.261545,-0.166825,-0.186693,-0.080187,-0.012684,0.011773,0.026365,-0.487517,-0.133496,-0.237056,-0.342937,-0.124385,0.391511,0.018438,-0.248167,-0.404784,-0.267585,-0.221205,-0.078043,0.272103,-0.399287,-0.069274,-0.285268,-0.192274,-0.285115,-0.456907,0.142623,0.078079,-0.02833,0.077651,-0.30623,-0.266336,0.053164,-0.330035,-0.141085,-0.279724,-0.271041,0.124183,-0.247503,-0.015841,-0.340986,0.012823,-0.264539,-0.444195,-0.36446,-0.066197,-0.114714,-0.014965,0.254762,-0.370133,-0.256452,-0.27997,-0.470035,-0.064781,-0.253712,-0.078637,-0.20052,0.179297,0.348432,-0.154873,-0.241801,-0.155231,-0.06784,-0.02929,0.022435,0.179594,0.267707,-0.323962,-0.136497,-0.371707,0.151212,0.141414,0.082687,-0.203042,-0.025347,0.34562,-0.383057,-0.193409,0.207936,0.304286,-0.223742,0.217837,0.060725,-0.231679,-0.377817,0.285713,-0.101025,0.278257,-0.050776,-0.070832,0.284887,0.092612,-0.012996,0.152846,0.514612,-0.114639,0.017481,-0.129122,-0.114202,0.252134,0.088265,#
10,0.006404,-0.170405,-0.057162,0.091517,0.116266,0.290324,0.020242,0.037301,-0.215109,-0.276561,1.0,-0.034943,-0.196124,-0.435012,-0.141483,0.123293,0.166018,-0.139467,0.099518,-0.134404,0.009029,0.01703,-0.090089,-0.083528,-0.146293,-0.06046,-0.170642,0.010588,-0.022481,-0.428437,0.186661,-0.042381,-0.223009,-0.044101,0.429513,-0.212293,-0.010305,0.119773,-0.091828,0.066625,-0.107672,0.040918,0.052412,-0.013244,-0.065974,0.171521,-0.218644,-0.04827,0.183481,-0.313379,0.029285,0.213591,0.062921,0.009648,-0.006966,0.069011,-0.261055,0.233195,-0.105105,-0.110468,-0.12433,-0.129969,-0.010862,-0.00984,0.073462,-0.239196,-0.099787,-0.264432,0.2071,0.081146,0.033698,-0.03868,0.030217,-0.060747,0.007724,0.091796,-0.093436,0.185238,-0.000113,-0.243977,0.073241,0.143913,0.019113,-0.177368,0.164131,0.121522,0.219442,-0.165202,-0.132683,0.010516,-0.170478,-0.16242,0.097299,-0.289288,-0.142163,0.062893,-0.080554,-0.183529,0.044462,-0.072132,-0.061299,-0.151588,0.129722,-0.212833,-0.037049,-0.119548,-0.026175,-0.163751,0.060266,0.255826,-0.195139,-0.097025,-0.05772,-0.106648,0.039992,-0.109997,0.035537,0.025626,-0.145308,0.192318,-0.019918,-0.075768,0.089597,-0.038817,-0.123389,0.055307,-0.106574,0.190519,0.003027,-0.000696,0.174801,-0.077221,0.034,0.034078,0.270285,0.191755,-0.025656,0.067318,-0.207663,0.037677,-0.052437,0.221144,0.132,-0.006819,0.026431,0.057861,-0.130289,-0.051018,0.006661,0.154184,0.060738,0.223638,-0.105304,0.035304,-0.045095,-0.268756,-0.431139,-0.282394,-0.148178,0.02042,-0.135832,0.117669,0.045993,0.025468,-0.277363,-0.192705,0.079391,0.152851,0.364204,0.127919,0.2035,0.007219,0.076035,-0.011513,-0.097113,0.016907,0.059975,0.002623,-0.397949,0.306587,0.077812,0.022175,0.287192,0.24443,-0.079244,-0.240778,-0.239617,-0.046866,0.283299,-0.019966,-0.239632,-0.042799,0.117345,-0.436547,0.117767,-0.008237,0.200359,0.018415,-0.345878,-0.055085,#
11,-0.023125,-0.216905,-0.044647,-0.0217,0.04405,0.125239,-0.114614,-0.226268,-0.077635,0.094883,-0.034943,1.0,-0.097067,-0.056066,-0.205282,0.098052,0.10148,-0.019991,-0.203768,-0.110874,-0.168173,-0.011269,-0.105399,-0.227915,0.099868,-0.058708,-0.031434,-0.008429,-0.1224,-0.112439,-0.053375,-0.056395,-0.06359,-0.047841,0.067712,0.137879,-0.229357,-0.09083,-0.149729,0.057604,0.09966,-0.008542,0.104245,-0.325844,-0.119609,0.05946,-0.278406,0.172145,-0.125594,0.327224,0.00433,0.021,-0.038161,0.084141,0.001775,0.048272,-0.036001,-0.045689,0.149262,-0.008396,-0.057987,0.046561,0.257763,-0.478437,0.071584,-0.077906,-0.028952,-0.215177,-0.19025,0.092815,0.057712,-0.140234,0.028971,0.314637,-0.08571,0.025817,-0.351855,-0.145704,-0.091142,0.161501,0.109482,0.106094,0.010082,-0.382427,0.181476,-0.144808,-0.044102,0.117767,-0.010192,0.168484,0.079393,0.059568,0.073138,0.04114,0.056995,0.155672,-0.12613,0.058712,-0.107899,0.035805,0.180088,0.292865,-0.238676,0.065916,-0.096793,0.090833,0.06942,0.131718,0.219611,0.265634,-0.114346,-0.1275,-0.016275,-0.062342,0.01668,-0.190085,0.041334,0.279493,0.231087,0.164374,0.230625,-0.156001,0.23823,0.179971,-0.041654,-0.012691,-0.027665,-0.071889,0.315152,-0.043607,-0.013862,0.248886,-0.233959,0.057449,0.065508,-0.220493,-0.014385,-0.076956,0.016086,0.112518,0.140503,-0.114709,0.043956,0.114262,-0.096917,0.119162,-0.02458,-0.221675,-0.095327,0.072451,-0.001878,0.050234,-0.071619,0.165454,0.031071,0.182733,-0.143248,0.182513,0.023506,-0.018778,-0.145417,-0.445616,0.072981,0.112917,-0.043787,-0.030998,0.022234,0.077813,0.142224,0.096698,0.012393,0.251025,0.066137,0.106978,-0.120936,-0.094535,-0.238315,0.001442,-0.095161,0.115859,-0.019093,-0.07741,-0.120881,-0.008947,0.039823,-0.071827,-0.056683,0.261963,0.003937,-0.192119,-0.163717,0.055672,0.028809,0.08414,0.070639,-0.216617,0.282771,-0.056387,0.02615,0.203029,#
12,0.396162,0.430346,-0.188392,-0.234822,0.227457,0.070208,0.366045,0.306474,0.236406,0.3318,-0.196124,-0.097067,1.0,0.335129,0.216575,-0.273089,-0.036176,0.180218,0.140571,-0.095698,-0.099955,0.229237,0.209979,-0.030645,-0.119537,-0.212308,0.099794,-0.127044,0.080569,0.2128,-0.185316,-0.047395,0.193438,-0.183556,-0.254724,0.173964,0.035647,-0.031067,-0.017643,-0.288091,0.096741,0.085209,0.056261,0.082588,-0.085211,-0.371101,0.319719,0.001935,-0.010974,-0.007811,-0.112395,-0.039584,0.132222,-0.109243,-0.004049,0.001049,0.000609,-0.151684,0.214015,0.098054,0.383947,0.152988,-0.220883,0.032579,0.188514,0.442181,-0.007619,0.096434,0.350899,-0.203254,0.109965,-0.030975,-0.39107,-0.273253,-0.215506,0.405654,0.084136,-0.11629,-0.033007,-0.295706,-0.11168,-0.292662,-0.295252,-0.071454,-0.339953,0.047468,-0.017448,0.136077,-0.061611,-0.379528,-0.201291,-0.220018,-0.379741,0.08814,-0.187578,-0.011544,0.24853,-0.046504,0.021128,-0.248473,-0.063015,-0.03845,0.12186,0.05692,0.034209,-0.072487,-0.277905,-0.244913,-0.364122,-0.244263,0.12402,0.275244,-0.187464,-0.276176,-0.172594,-0.134693,-0.273434,-0.240605,0.042808,-0.325405,-0.183131,-0.33667,-0.220021,-0.31159,-0.176672,0.170243,0.216796,0.28699,0.142129,0.058924,-0.459318,-0.098196,-0.35022,-0.101742,-0.315198,-0.05809,-0.060346,-0.364885,0.004433,-0.164309,-0.116721,-0.171894,-0.322474,-0.155066,0.227298,-0.002348,-0.299703,0.350348,-0.03736,-0.548425,-0.083666,-0.294575,0.083094,-0.315169,-0.167018,-0.117701,0.504336,0.379584,-0.057605,-0.383716,-0.023264,-0.010974,0.123097,-0.001299,0.30175,0.460241,0.04478,-0.161222,-0.434125,0.036623,0.031967,0.139162,-0.197337,0.032691,0.37927,-0.338678,0.036326,0.187609,0.54141,-0.205458,0.192681,0.20176,0.036824,-0.120169,0.326229,-0.127211,0.511118,-0.135494,-0.349034,0.4365,0.24615,0.184705,0.210714,0.193212,0.047969,-0.010509,0.052957,-0.037388,0.162748,0.105637,#
13,0.147622,0.235816,-0.079553,-0.087257,-0.084995,-0.104411,-0.1336,0.12926,0.105015,0.279615,-0.435012,-0.056066,0.335129,1.0,0.232805,0.054074,-0.29314,0.326422,0.087343,-0.025973,-0.074252,0.456322,0.494712,0.37892,-0.006444,0.133133,0.313497,0.052386,-0.034521,0.432114,-0.145746,0.143485,0.280945,0.01474,-0.17861,0.312758,0.064855,-0.194717,0.216591,-0.275688,-0.066628,0.082937,0.276084,0.263241,-0.10931,-0.296556,0.255165,-0.098611,-0.23553,0.042797,0.06801,-0.146187,0.072025,-0.032572,-0.083573,-0.013358,0.081232,0.000681,0.140111,0.125869,0.267497,0.078554,-0.244319,-0.018133,0.004219,0.048391,-0.217242,0.354744,-0.054764,-0.036389,-0.137258,0.091116,-0.16033,-0.022602,-0.303934,0.073446,0.018799,-0.191708,-0.224585,0.043328,-0.090047,-0.279847,-0.161025,0.243736,-0.144125,-0.072086,-0.099492,0.080345,0.044215,-0.344464,0.047054,-0.088377,-0.238724,0.223777,-0.023959,-0.045419,-0.078754,0.085251,-0.121199,-0.108386,0.077794,-0.099902,0.082219,-0.184628,0.045439,-0.105021,0.116388,-0.222513,-0.13797,-0.19833,0.06781,0.232008,-0.040893,-0.035965,-0.044737,-0.003315,-0.232395,-0.312654,0.153568,-0.214354,-0.139357,-0.292654,0.001896,-0.210481,-0.222956,0.027265,0.008425,-0.046362,0.036495,0.002689,-0.150496,0.207789,-0.280481,-0.230235,-0.516217,-0.139632,0.106792,-0.117209,0.101327,-0.126094,-0.083434,-0.252557,-0.269365,-0.227105,-0.274524,-0.136698,-0.011569,0.027291,-0.290303,-0.269834,-0.229019,-0.28616,-0.045054,-0.256984,-0.074294,0.052416,0.356966,0.147033,0.050812,-0.154681,0.114855,-0.00431,0.098193,0.034789,0.180215,0.239467,-0.056656,-0.016874,-0.203693,-0.051606,-0.210883,-0.036703,-0.265137,-0.202597,0.096177,-0.2321,-0.025176,4.5e-05,0.440441,-0.271462,0.230809,-0.141669,-0.299137,-0.092264,0.18089,0.182086,0.218412,-0.352912,-0.226775,0.218841,0.04392,0.044352,-0.009266,0.2646,-0.046848,-0.17661,0.199071,-0.14156,0.452907,-0.06971,#
14,0.040739,0.404834,-0.111263,-0.240561,0.181521,-0.020103,0.27094,-0.002,0.16934,0.251301,-0.141483,-0.205282,0.216575,0.232805,1.0,-0.030853,-0.103303,0.192971,0.412785,-0.121274,-0.095771,0.055662,0.096001,0.14608,-0.116824,-0.096613,-0.006304,0.215218,0.200224,0.21009,-0.345763,-0.093594,-0.023991,-0.07575,-0.157632,0.195393,-0.087628,-0.135704,0.162968,0.110871,-0.348983,0.07651,0.025326,0.186428,0.255035,-0.093755,0.295936,0.003594,0.036641,0.055598,0.150594,-0.237264,-0.098158,-0.104024,0.084447,-0.265363,-0.099491,-0.147809,-0.102542,-0.251173,-0.001173,0.154046,-0.309508,0.281403,-0.023831,0.127018,-0.074747,0.075635,-0.026584,-0.189571,-0.197375,-0.137199,-0.053019,-0.40685,-0.327724,0.278137,0.010003,-0.284372,-0.236997,-0.325115,-0.201908,-0.526273,-0.508035,0.137609,-0.38079,-0.015086,-0.2073,-0.225805,-0.167571,-0.185565,-0.019305,-0.162456,-0.180869,0.05781,-0.333945,-0.165771,-0.307019,-0.172758,-0.254422,-0.061451,0.039214,-0.391544,-0.20181,-0.307331,-0.16471,-0.171662,-0.416862,-0.072855,-0.406618,-0.244883,-0.090729,0.253344,-0.352474,-0.293995,-0.283523,-0.152893,-0.24146,-0.308073,-0.083038,-0.336337,-0.331452,-0.122595,-0.428605,-0.210629,-0.135095,-0.347425,-0.087447,0.124132,-0.190435,-0.289935,-0.088607,-0.171696,-0.458064,-0.079876,-0.345156,-0.338823,0.127729,-0.109936,-0.086071,-0.206262,-0.298943,-0.182917,-0.321927,-0.18045,-0.165755,-0.23684,-0.176239,0.305404,-0.345735,-0.192276,-0.428887,-0.520932,-0.15823,-0.337693,-0.205988,-0.349833,0.112248,0.249729,-0.422014,-0.094349,0.101328,-0.128533,0.192433,0.128936,-0.086412,0.294029,-0.185286,0.125886,-0.172573,-0.11944,0.314587,0.07548,-0.18016,-0.233011,0.461393,-0.230737,-0.261041,0.230873,0.398676,-0.19856,0.402956,0.023943,0.111522,0.076834,0.371867,-0.285924,0.08336,-0.092219,-0.266677,0.226345,0.06703,0.444521,0.313665,0.325084,-0.054633,0.004462,0.062602,-0.189812,-0.021453,0.08223,#
15,-0.100829,-0.234648,-0.1843,-0.060679,0.063674,-0.040332,-0.165188,0.095201,-0.317863,0.068485,0.123293,0.098052,-0.273089,0.054074,-0.030853,1.0,-0.040859,-0.186419,-0.021916,0.004252,-0.178133,-0.038631,0.089542,0.139891,-0.100481,0.217237,0.007969,-0.160276,0.134216,-0.101773,0.002424,-0.041128,0.012764,0.183995,0.00869,0.21701,-0.021071,0.103646,0.135613,0.190632,-0.222867,-0.237043,-0.264813,0.037017,-0.048021,0.125031,-0.113302,0.000457,-0.272351,0.03364,0.213897,0.125175,-0.128327,0.028792,0.0265,-0.012806,0.0327,0.084902,-0.137674,-0.214343,0.039494,0.072687,0.022917,-0.150748,-0.035169,-0.210317,-0.329837,0.080634,-0.062584,0.108958,-0.114576,-0.209152,0.168054,0.195193,-0.034713,-0.012036,-0.06986,-0.059657,-0.12921,0.148744,-0.073706,0.035025,0.20311,0.19801,0.347829,-0.217892,0.03647,-0.223507,-0.033031,-0.000988,0.189031,0.15111,0.104313,0.047474,-0.081434,0.310635,-0.117485,0.042814,-0.077255,-0.116224,-0.050699,-0.064134,-0.106874,-0.062924,0.157434,-0.190924,-0.084347,0.160251,0.103392,-0.013595,-0.210843,-0.130965,0.097471,0.084795,0.046121,0.050708,0.086147,-0.037585,0.051511,0.099833,-0.08816,0.051702,0.152256,-0.081164,-0.097469,0.05153,-0.118023,-0.175412,-0.064814,-0.161923,-0.099931,0.208801,-0.013885,-0.065912,-0.054788,-0.059856,0.059547,0.053137,-0.107693,-0.115136,0.13158,0.095531,0.044355,0.116549,-0.09508,-0.089284,0.215827,-0.197744,-0.158085,-0.032612,-0.081922,0.065551,-0.186864,0.143583,0.090827,0.111151,-0.064537,-0.105202,-0.132292,0.137249,0.167007,0.029822,-0.142219,0.008559,-0.371696,-0.228937,0.14239,0.04967,0.13144,-0.040197,0.013556,-0.231185,0.000869,-0.134425,-0.132774,0.021666,-0.124597,-0.1801,-0.171652,0.154335,0.012784,-0.259746,0.001714,0.0596,0.003616,0.037754,-0.092077,-0.158885,-0.036053,-0.177794,-0.194133,-0.151897,-0.051197,-0.070518,-0.004528,-0.174558,0.191658,-0.066358,0.062088,-0.11159,#
16,0.212954,0.120496,-0.149066,-0.183027,0.077916,0.35926,-0.040747,-0.015549,-0.085323,-0.075861,0.166018,0.10148,-0.036176,-0.29314,-0.103303,-0.040859,1.0,-0.085014,0.193815,-0.230077,0.140598,-0.25623,-0.117773,-0.271262,-0.196741,-0.21618,-0.23819,-0.097161,-0.132788,-0.040008,0.088402,0.106191,0.181261,-0.00026,0.056279,0.16362,0.170827,-0.12906,-0.378418,0.091978,-0.016317,-0.11344,-0.055156,0.269056,0.145112,0.008846,-0.133808,0.037185,0.060303,-0.032367,-0.005487,-0.049059,0.141925,-0.173802,0.096276,-0.095155,-0.230383,0.018002,0.037164,-0.099811,-0.092049,0.003099,0.239056,-0.074664,-0.035415,0.044524,-0.028812,-0.164888,0.077519,-0.163205,-0.170724,0.038798,0.05114,-0.102564,0.047053,0.158717,-0.295654,-0.024874,-0.114442,-0.045181,-0.0133,0.01799,-0.031602,-0.233882,-0.117848,-0.252162,-0.230415,-0.005936,-0.107958,-0.222259,-0.225529,-0.095301,-0.12204,-0.21869,-0.166792,-0.230622,-0.115739,-0.28505,-0.175843,-0.09283,0.049616,-0.181178,-0.230788,-0.095116,0.027235,-0.070199,-0.061456,-0.022317,-0.082623,0.107585,0.095406,0.009793,-0.076622,-0.076901,-0.136129,-0.018749,-0.31342,-0.005238,-0.086277,-0.021446,-0.228643,-0.00244,-0.102994,-0.115926,0.086649,-0.221882,-0.208417,-0.098754,-0.272904,-0.207036,-0.095544,-0.045023,0.112884,0.181501,-0.018468,-0.161167,0.100209,-0.34468,-0.087822,-0.083569,-0.357754,0.135849,-0.095136,0.177301,0.179322,-0.006783,-0.097471,0.059344,-0.10852,-0.105169,-0.133458,0.1176,-0.05399,0.081444,-0.24377,-0.288181,-0.108112,0.204961,-0.272876,0.056273,-0.114272,-0.067027,0.069282,-0.102452,-0.081511,0.181745,-0.061044,-0.196082,0.129118,-0.214527,0.029428,0.153002,-0.232684,-0.118894,0.110994,-0.289406,-0.263175,0.226156,-0.186865,-0.036885,-0.218073,0.062188,0.261679,0.152015,0.053426,-0.027891,0.156108,0.328699,0.193146,0.010583,0.088504,0.263533,0.255961,0.020088,0.015297,0.403911,0.168149,-0.10045,-0.466387,0.0633,#
17,-0.029942,0.336926,0.14521,0.002127,0.022869,0.113158,0.000153,-0.093514,0.335947,0.110618,-0.139467,-0.019991,0.180218,0.326422,0.192971,-0.186419,-0.085014,1.0,0.00586,0.292138,0.069783,0.178781,0.177639,0.024182,0.121188,0.074545,0.050904,0.101731,-0.131634,0.165431,-0.027712,0.101252,0.11485,-0.127506,-0.025557,0.051374,0.029274,-0.100186,0.014734,-0.071742,0.09309,0.121738,-0.067645,-0.02985,0.06261,-0.255134,0.195084,0.243528,0.233098,-0.032083,0.104327,-0.282732,-0.054886,-0.169651,-0.113207,-0.048187,-0.125241,-0.308431,-0.128829,-0.092047,-0.011743,0.104181,-0.126658,0.000571,0.013254,0.26685,0.023956,0.209735,0.034597,0.390332,0.084205,0.22188,-0.324882,-0.046626,-0.036814,0.014117,0.057604,-0.158975,0.022948,-0.318712,0.229096,-0.123242,-0.170435,-0.046342,-0.074087,0.103698,-0.033055,0.109959,0.078493,-0.01176,0.089989,0.14662,-0.099643,0.38064,-0.099193,0.222289,0.293949,-0.029552,-0.106266,-0.196945,-0.173256,-0.010853,0.0466,0.222661,-0.168311,-0.071007,-0.137113,-0.209026,-0.165955,-0.109625,0.34771,-0.0025,0.053791,-0.11999,0.151417,-0.062363,-0.218942,-0.233959,0.421856,-0.333423,0.007808,-0.180186,-0.168519,-0.090445,-0.166354,0.081069,0.076074,0.16113,0.101052,0.053915,0.161219,0.099771,-0.081533,-0.304444,-0.031666,-0.130001,0.117602,-0.148009,-0.014337,-0.003506,0.061172,-0.182448,-0.215677,-0.432473,-0.197694,0.057148,0.050966,0.138042,0.147661,-0.165186,-0.111683,-0.110943,0.3444,-0.1753,-0.220172,-0.051254,0.401778,0.334399,-0.162423,-0.045737,-0.010781,0.206811,0.2149,0.04653,-0.017323,0.453517,0.079395,-0.04761,-0.06465,0.113875,-0.22307,-0.126842,-0.226665,-0.054517,-0.046523,-0.008652,0.078633,0.04334,0.433611,-0.389502,0.177131,0.057534,-0.415472,-0.244531,-0.046249,-0.1323,0.242673,0.138885,-0.440713,-0.022569,0.131069,-0.034626,-0.041898,0.162022,-0.263982,-0.031891,-0.067627,0.059012,0.423791,0.118248,#
18,-0.043164,0.214233,-0.131426,-0.100677,0.191481,-0.203953,0.125404,0.077182,0.027403,0.133714,0.099518,-0.203768,0.140571,0.087343,0.412785,-0.021916,0.193815,0.00586,1.0,-0.32366,0.117878,-0.248253,0.014203,0.049864,-0.092102,-0.004722,-0.009919,0.313869,-0.099516,0.162844,-0.113207,0.052303,0.15444,0.018253,0.106133,0.139749,0.110356,-0.123237,0.061575,0.130079,-0.21087,-0.031961,0.159167,0.140657,-0.013423,0.023618,0.126594,-0.233287,0.25668,-0.039647,-0.030012,0.035777,-0.105312,-0.091063,0.341559,-0.031773,-0.260486,0.057429,-0.108949,-0.123432,-0.119211,0.153164,-0.117551,0.338407,0.027088,0.044157,-0.016714,0.00643,0.063859,-0.270545,-0.194552,-0.359166,0.007483,-0.244966,-0.131823,0.218165,-0.092384,-0.088515,0.051653,-0.363843,-0.288104,-0.185737,-0.3517,0.024063,-0.346842,-0.102482,-0.193333,0.05161,-0.196257,-0.087621,-0.191087,-0.276542,-0.181036,-0.328761,-0.307133,-0.261225,-0.177998,-0.27649,-0.123233,-0.169149,-0.040804,-0.232891,-0.064861,-0.409542,-0.027142,-0.023475,-0.313447,-0.042537,-0.116312,-0.035788,-0.100157,0.164381,-0.036975,-0.220943,-0.209076,-0.261427,-0.123231,-0.174709,-0.120343,-0.031299,-0.332932,0.017412,-0.386126,-0.252543,-0.060188,-0.21316,-0.003275,0.024422,-0.188119,-0.306555,-0.106868,-0.234659,-0.186718,0.03028,-0.102419,-0.291617,0.163905,-0.179384,-0.229745,-0.149802,-0.375191,0.071685,-0.238817,-0.166534,-0.126255,-0.122387,-0.290023,0.248698,-0.291733,-0.347474,-0.410026,-0.14718,-0.092293,-0.090284,-0.24403,-0.306705,-0.039155,0.12618,-0.256789,-0.114248,-0.041534,0.002906,0.102079,0.052879,-0.008774,-0.02103,-0.080349,0.087212,-0.095159,-0.008552,0.281908,-0.008643,-0.080518,-0.216612,0.331916,-0.026843,0.047398,0.31542,0.089912,-0.212572,0.033428,0.177683,0.373783,0.040794,0.313635,-0.144344,-0.04356,-0.057412,0.047008,0.22842,-0.06479,0.274101,0.443596,0.165148,-0.034891,-0.015006,0.214318,-0.065235,-0.408709,0.100213,#
19,-0.182062,-0.15593,0.176124,0.311258,-0.037911,0.111252,-0.20633,-0.014222,-0.075639,-0.149682,-0.134404,-0.110874,-0.095698,-0.025973,-0.121274,0.004252,-0.230077,0.292138,-0.32366,1.0,0.170607,0.06206,0.001711,-0.054883,0.098577,-0.079825,0.038185,-0.212909,-0.037545,-0.186586,0.282858,0.12377,0.033838,0.060655,-0.151314,-0.351203,0.139523,0.116805,-0.189509,-0.054903,0.280122,0.269004,-0.177224,-0.091904,-0.019027,-0.160745,0.23511,0.285832,0.243239,-0.192647,-0.090238,0.152248,0.342159,-0.052043,-0.094937,0.149306,0.108874,-0.299985,0.032196,-0.13595,-0.106472,-0.199437,0.036072,-0.019019,0.051067,0.096127,0.057896,0.157396,-0.06616,0.246885,0.311683,0.167848,0.051237,0.241449,0.149821,-0.263537,0.317076,0.120238,0.481879,0.16379,0.525485,0.267701,0.322077,0.18904,0.200019,0.173015,0.365402,0.118127,0.334799,0.069261,0.42359,0.325069,0.333898,0.288316,0.149584,0.324029,0.201667,0.245122,0.064765,0.225393,-0.421371,0.324972,0.292549,0.381073,0.316515,0.237261,0.265093,-0.217592,0.163026,-0.060411,0.340455,-0.235663,0.057584,0.451076,0.372372,0.049591,0.039882,0.281815,0.084608,-0.040426,0.319462,0.083784,0.250574,0.105352,0.04652,0.260159,-0.021396,0.010901,0.080002,0.382492,0.229066,0.281787,0.276196,-0.174366,0.23386,0.143983,0.105064,0.158309,0.180839,0.194894,0.364622,0.031146,0.145403,-0.097252,0.241029,0.281611,0.331382,-0.286052,0.572932,0.010683,0.281646,0.130557,0.403759,0.246855,0.12147,0.267831,0.158964,-0.133684,0.316155,0.168864,0.050058,0.195107,-0.191858,0.195994,-0.000174,-0.112281,0.436343,-0.042324,-0.027607,0.102348,-0.376773,-0.218322,0.251976,0.400092,-0.270411,0.201544,0.24215,-0.471705,-0.13418,0.031563,-0.06225,-0.186267,-0.193138,0.004213,-0.443419,0.102575,0.152743,0.06293,-0.147614,-0.445005,0.23709,-0.448765,-0.371238,-0.234255,0.044441,-0.183243,-0.397922,0.398786,0.321469,-0.127188,#
20,0.148613,-0.127029,-0.093398,0.201791,-0.06724,-0.108588,-0.221562,-0.01283,-0.101124,-0.308393,0.009029,-0.168173,-0.099955,-0.074252,-0.095771,-0.178133,0.140598,0.069783,0.117878,0.170607,1.0,-0.269557,-0.421963,-0.028381,0.108951,0.079934,-0.137265,0.064509,0.082898,-0.012232,0.289792,0.033466,0.113694,0.030655,0.034099,-0.327872,0.099998,0.077409,-0.034171,-0.05541,0.16368,-0.003742,-0.110042,0.044682,-0.27002,0.083453,0.162223,-0.087595,0.186541,-0.192575,-0.055519,-0.04128,0.151938,0.106076,0.118788,0.15378,-0.101633,0.145396,-0.105847,0.137882,-0.11032,0.167571,0.161084,-0.021188,-0.069883,0.016866,-0.028811,0.143988,-0.27297,-0.21349,-0.058624,0.034682,0.029655,0.302825,0.033717,-0.203736,0.101639,0.37616,0.114649,0.122015,-0.052379,0.329679,0.319322,0.012479,-0.128268,-0.090139,0.17541,0.122265,0.33551,0.139121,-0.11198,-0.05087,0.157816,-0.094618,0.145006,0.104011,0.019013,0.126178,0.137834,0.178415,-0.058445,0.086694,-0.108001,0.010092,0.249594,0.108823,0.097991,0.154163,0.090491,0.195772,0.065252,-0.118575,-0.027765,0.277264,0.249956,0.275313,-0.006521,0.069066,0.070273,0.213515,0.021521,0.31456,-0.126803,0.300032,0.187506,-0.010287,-0.344716,-0.210509,-0.073522,0.144866,0.13381,-0.108132,0.326118,0.052955,0.027104,0.064793,0.094646,0.038545,0.152261,0.308223,-0.082183,0.065675,0.264926,0.053761,0.224528,-0.021697,0.249413,-0.333135,0.204257,0.105707,0.1186,0.202218,0.179724,0.255225,-0.108462,0.219221,0.19992,-0.116362,0.167834,0.120204,-0.082474,0.070348,0.032344,-0.140915,-0.056805,-0.162358,0.132295,-0.147548,0.162063,-0.002159,-0.098299,0.001181,0.220285,-0.060234,-0.308189,0.235368,0.08328,-0.270892,-0.179033,0.229751,-0.111134,0.13383,0.082843,-0.047599,-0.051305,0.35498,0.05952,0.358162,0.146612,-0.073128,0.108783,-0.079907,-0.199048,-0.32938,-0.301448,-0.011459,-0.167265,0.134554,0.027891,-0.061561,#
