0,1.000000,0.800561,0.810034,0.764435,0.755482,0.829609,0.808580,0.822740,0.816212,0.769255,0.795959,0.818060,0.761241,0.803377,0.781752,0.797430,0.825499,0.844921,0.804813,0.784433,0.814307,0.753040,0.825553,0.837142,0.746900,0.762329,0.782545,0.780463,0.769477,0.820050,0.789845,0.822107,0.797213,0.802007,0.819825,0.777976,0.727251,0.806777,0.821793,0.845823,0.826977,0.774209,0.821012,0.788375,0.807537,0.732832,0.820244,0.830355,0.798793,0.829485,0.790017,0.819993,0.803802,0.807891,0.825132,0.842694,0.803483,0.832097,0.807951,0.810466,0.808790,0.772436,0.828869,0.797587,0.816911,0.802138,0.853270,0.814690,0.796688,0.745947,0.797649,0.809733,0.844061,0.818111,0.784092,0.798809,0.834675,0.808203,0.814676,0.776726,0.840581,0.809196,0.815383,0.822310,0.816423,0.837906,0.837460,0.818029,0.756192,0.807657,0.747623,0.804945,0.802832,0.790564,0.803848,0.779638,0.787298,0.794532,0.825050,0.836716,0.824379,0.788644,0.828026,0.811684,0.783435,0.801139,0.764624,0.816894,0.785964,0.730828,0.796473,0.831608,0.799859,0.802574,0.797339,0.843324,0.788371,0.785312,0.790562,0.784615,0.734099,0.852516,0.827314,0.858487,0.823989,0.799322,0.776418,0.774242,0.768435,0.785474,0.807163,0.812549,0.814205,0.760924,0.813406,0.812714,0.801132,0.801990,0.817627,0.827190,0.780793,0.772947,0.758894,0.828325,0.786258,0.690888,0.799214,0.744816,0.826425,0.783700,0.814544,0.830316,0.804383,0.750327,0.799681,0.787549,0.822858,0.816552,0.845672,0.776774,0.826282,0.812992,0.812525,0.809227,0.799191,0.798504,0.814119,0.793150,0.801177,0.802752,0.813243,0.802080,0.793534,0.828192,0.840343,0.781032,0.818483,0.845351,0.803230,0.772696,0.788661,0.802118,0.770801,0.774881,0.790995,0.770470,0.773195,0.800158,0.784757,0.792491,0.770234,0.804655,0.795309,0.809332,0.776917,0.805483,0.790776,0.836088,0.818428,0.781711,#
1,0.800561,1.000000,0.759375,0.790190,0.780490,0.815929,0.717058,0.783154,0.821177,0.771749,0.772626,0.780746,0.754061,0.761704,0.788893,0.780766,0.774329,0.787359,0.789579,0.783248,0.776437,0.826711,0.824174,0.805884,0.772432,0.707723,0.809225,0.811518,0.766403,0.737081,0.822163,0.829235,0.777210,0.817116,0.765736,0.789918,0.723758,0.799424,0.816707,0.812284,0.785537,0.724046,0.770018,0.786222,0.758934,0.741885,0.803475,0.798514,0.790000,0.786573,0.758114,0.810731,0.794424,0.748275,0.812542,0.785948,0.775715,0.801113,0.786111,0.734237,0.762675,0.755614,0.741507,0.747393,0.788574,0.803707,0.797557,0.805459,0.787279,0.798756,0.762069,0.787547,0.847365,0.736161,0.784114,0.770898,0.778415,0.768793,0.793668,0.731743,0.802797,0.775603,0.808563,0.824952,0.824635,0.802916,0.795542,0.789226,0.783509,0.777102,0.729601,0.762956,0.810032,0.801382,0.786837,0.773022,0.754551,0.786019,0.784842,0.779117,0.812577,0.770889,0.757460,0.762037,0.764704,0.788389,0.745775,0.805708,0.776771,0.740651,0.776996,0.781047,0.753750,0.823878,0.735946,0.779653,0.757798,0.767585,0.754782,0.719708,0.795805,0.792181,0.768086,0.792424,0.777328,0.756397,0.773294,0.779100,0.779646,0.811912,0.767412,0.825507,0.758152,0.760009,0.798781,0.792028,0.780731,0.787052,0.808330,0.770035,0.801132,0.779703,0.813767,0.824261,0.757046,0.754820,0.759318,0.735569,0.808062,0.719405,0.804115,0.837520,0.791392,0.698342,0.824636,0.743254,0.810911,0.783466,0.751646,0.729776,0.791351,0.830749,0.786514,0.822660,0.778381,0.744259,0.803387,0.750870,0.738712,0.776867,0.781340,0.760773,0.777114,0.817816,0.775292,0.778613,0.788636,0.852475,0.745573,0.780590,0.762863,0.764437,0.765438,0.797070,0.760363,0.812336,0.769992,0.718858,0.792650,0.777624,0.786295,0.755507,0.767446,0.776619,0.796180,0.704751,0.762254,0.811652,0.756892,0.764964,#
2,0.810034,0.759375,1.000000,0.754738,0.761871,0.790720,0.767146,0.789111,0.800380,0.727941,0.747721,0.741041,0.736822,0.791021,0.767631,0.759333,0.770060,0.784231,0.764710,0.779172,0.752643,0.745850,0.765217,0.827133,0.730854,0.734887,0.822512,0.787234,0.813513,0.788689,0.788712,0.773812,0.788236,0.760724,0.759803,0.758447,0.740219,0.781190,0.814091,0.781371,0.751314,0.741046,0.794495,0.759258,0.734439,0.730655,0.831656,0.744127,0.754529,0.809906,0.764185,0.804812,0.806917,0.795837,0.829800,0.797442,0.783070,0.756516,0.776325,0.755141,0.825921,0.788615,0.766432,0.784072,0.787220,0.786428,0.762857,0.783841,0.780117,0.769924,0.773886,0.765010,0.806644,0.778460,0.810315,0.779111,0.776990,0.770905,0.760868,0.776512,0.812650,0.800484,0.819423,0.776762,0.834822,0.795880,0.767659,0.810813,0.720409,0.748739,0.760254,0.782465,0.830172,0.757155,0.789558,0.779419,0.759891,0.753852,0.833755,0.806890,0.782705,0.772923,0.765391,0.766588,0.704778,0.802848,0.789559,0.774537,0.757748,0.703746,0.788687,0.741503,0.798253,0.760212,0.741657,0.736659,0.744349,0.787425,0.771787,0.716226,0.742828,0.754800,0.741944,0.828048,0.793628,0.728444,0.772679,0.745800,0.752010,0.799858,0.801458,0.811622,0.817402,0.788770,0.792176,0.782307,0.797986,0.783544,0.825641,0.760671,0.733754,0.795140,0.694358,0.746856,0.731882,0.785892,0.750800,0.711830,0.779129,0.774714,0.788897,0.817119,0.776173,0.781657,0.766458,0.759728,0.788961,0.732472,0.763933,0.713079,0.737232,0.750483,0.766626,0.777890,0.730251,0.778340,0.801840,0.741822,0.755423,0.761760,0.786877,0.761332,0.790268,0.756721,0.815649,0.753055,0.735752,0.804424,0.758840,0.719566,0.735255,0.816079,0.712826,0.814708,0.740598,0.779167,0.762086,0.749675,0.762755,0.763707,0.771165,0.762861,0.845863,0.778589,0.745940,0.774626,0.740160,0.789059,0.745052,0.774032,#
3,0.764435,0.790190,0.754738,1.000000,0.782741,0.758833,0.752705,0.734143,0.807897,0.754680,0.745613,0.772458,0.756928,0.774849,0.730661,0.797950,0.785388,0.770591,0.822945,0.769164,0.749862,0.776139,0.775155,0.760611,0.785117,0.752934,0.794912,0.765642,0.728684,0.764519,0.774054,0.819666,0.758905,0.785479,0.763191,0.773531,0.715237,0.793809,0.721041,0.812298,0.775162,0.724104,0.792116,0.790664,0.757281,0.802295,0.803651,0.742577,0.789616,0.746255,0.770562,0.737822,0.785624,0.743102,0.748231,0.810637,0.740135,0.777232,0.807286,0.758237,0.759256,0.726984,0.730376,0.772950,0.818909,0.766576,0.748584,0.775593,0.717398,0.760681,0.738418,0.764855,0.802625,0.750378,0.736031,0.741433,0.751112,0.748550,0.751964,0.755602,0.797662,0.744965,0.781182,0.774756,0.818222,0.804791,0.786109,0.748132,0.718071,0.741839,0.745467,0.768372,0.803538,0.778193,0.771517,0.786030,0.717848,0.754045,0.777488,0.782711,0.724330,0.751735,0.740665,0.728101,0.767627,0.755247,0.724878,0.759421,0.745880,0.719829,0.769457,0.750649,0.722302,0.783772,0.737121,0.791747,0.705502,0.740273,0.766923,0.686354,0.735841,0.764625,0.770858,0.751735,0.765439,0.764075,0.769708,0.763876,0.760828,0.765001,0.748914,0.789504,0.725059,0.764007,0.793766,0.800834,0.839159,0.731018,0.758502,0.760985,0.713064,0.790377,0.786099,0.705669,0.706834,0.801414,0.713670,0.785971,0.803866,0.730321,0.771551,0.801500,0.725437,0.735553,0.803385,0.706508,0.781010,0.742142,0.761090,0.713686,0.773722,0.779290,0.739898,0.772027,0.745217,0.763381,0.795449,0.714855,0.771234,0.743476,0.762823,0.786864,0.778409,0.797417,0.760618,0.777434,0.789449,0.804271,0.770643,0.763425,0.702387,0.787534,0.724586,0.770234,0.743704,0.771246,0.744044,0.697175,0.778528,0.825998,0.760075,0.754012,0.748512,0.754345,0.753622,0.752345,0.733397,0.758552,0.719360,0.775856,#
4,0.755482,0.780490,0.761871,0.782741,1.000000,0.833220,0.767787,0.762722,0.759703,0.751002,0.719250,0.794538,0.744822,0.803368,0.732722,0.775788,0.806397,0.816040,0.795546,0.829747,0.785960,0.762896,0.761167,0.812163,0.737878,0.731123,0.802329,0.753237,0.753102,0.764872,0.828593,0.797154,0.826105,0.751657,0.750161,0.758303,0.748172,0.765949,0.757226,0.807711,0.797823,0.710947,0.769188,0.787900,0.747345,0.788688,0.792910,0.778375,0.803513,0.772278,0.766185,0.759823,0.817663,0.740301,0.802550,0.806349,0.764169,0.777903,0.809286,0.782551,0.729918,0.762502,0.763745,0.755276,0.817347,0.789426,0.773211,0.771547,0.756027,0.752545,0.770782,0.819717,0.794691,0.780393,0.770263,0.724004,0.751542,0.797653,0.784084,0.783207,0.762087,0.757644,0.821409,0.743563,0.806125,0.777260,0.750027,0.729596,0.771129,0.761511,0.741552,0.752845,0.761213,0.761402,0.735610,0.761826,0.753938,0.745523,0.757486,0.786607,0.799645,0.799152,0.779015,0.747095,0.771323,0.782763,0.772759,0.768853,0.780162,0.744130,0.755975,0.774495,0.784859,0.831427,0.754387,0.748803,0.772457,0.808067,0.748700,0.697332,0.739109,0.787628,0.823196,0.779202,0.763522,0.775958,0.725432,0.773003,0.820942,0.790150,0.811872,0.793053,0.760541,0.780192,0.826674,0.795159,0.798712,0.777053,0.760421,0.726446,0.715233,0.798083,0.787431,0.760882,0.740300,0.718698,0.789921,0.701823,0.773070,0.792607,0.783441,0.854018,0.730200,0.716335,0.821744,0.754374,0.821778,0.733265,0.789014,0.719144,0.738402,0.776665,0.817596,0.758957,0.756286,0.754730,0.740720,0.724246,0.777590,0.760767,0.772330,0.798745,0.789488,0.781784,0.816622,0.786842,0.785745,0.805857,0.761442,0.738424,0.754663,0.774457,0.787829,0.765572,0.814465,0.788339,0.735531,0.802404,0.751196,0.757980,0.753119,0.710065,0.757843,0.798496,0.741669,0.733638,0.766913,0.765089,0.776176,0.741417,#
5,0.829609,0.815929,0.790720,0.758833,0.833220,1.000000,0.745567,0.794033,0.807350,0.755539,0.764936,0.794669,0.716867,0.746896,0.773247,0.832195,0.781139,0.820461,0.765493,0.804306,0.769879,0.772961,0.793761,0.807175,0.752666,0.757252,0.840514,0.804542,0.744213,0.768916,0.834929,0.820601,0.800686,0.789715,0.769975,0.795023,0.739840,0.782441,0.788029,0.801646,0.827222,0.708634,0.743518,0.761417,0.786665,0.799661,0.828362,0.793390,0.809744,0.768228,0.766945,0.785390,0.791661,0.824499,0.762727,0.848446,0.794852,0.810507,0.851540,0.800527,0.768038,0.792188,0.782325,0.810415,0.793068,0.799657,0.781492,0.800337,0.774522,0.764768,0.806912,0.784494,0.827937,0.785082,0.765548,0.775235,0.823535,0.790119,0.767386,0.759537,0.826652,0.770565,0.808704,0.777909,0.814965,0.820991,0.808951,0.815277,0.785762,0.749875,0.716128,0.780725,0.820630,0.809153,0.762238,0.751657,0.783256,0.761054,0.811885,0.807768,0.836487,0.798190,0.845693,0.793060,0.790508,0.801242,0.768863,0.789506,0.743737,0.780865,0.762905,0.830988,0.782934,0.776201,0.700603,0.749807,0.794665,0.769640,0.712580,0.762080,0.744259,0.788059,0.819255,0.842014,0.771289,0.794220,0.795757,0.775854,0.792084,0.811037,0.827649,0.836752,0.817850,0.816554,0.805763,0.768311,0.827138,0.773338,0.787054,0.787730,0.776077,0.750020,0.800840,0.812769,0.812946,0.721297,0.734782,0.738016,0.809245,0.788075,0.815341,0.837834,0.757893,0.755678,0.789627,0.740729,0.827884,0.795031,0.803309,0.765089,0.785825,0.827578,0.791685,0.773575,0.782202,0.772801,0.741615,0.776957,0.785896,0.776168,0.825258,0.792153,0.787834,0.786713,0.827853,0.767139,0.765756,0.805057,0.788238,0.784563,0.821852,0.792528,0.755880,0.782315,0.821863,0.809544,0.761819,0.769557,0.764397,0.799531,0.744321,0.778287,0.774162,0.789793,0.713303,0.740580,0.754644,0.790051,0.790299,0.754629,#
6,0.808580,0.717058,0.767146,0.752705,0.767787,0.745567,1.000000,0.737113,0.771685,0.710271,0.731349,0.752729,0.740194,0.802522,0.706832,0.740203,0.800427,0.810673,0.778756,0.745058,0.813809,0.716736,0.715602,0.782064,0.750289,0.740551,0.778537,0.746980,0.730725,0.788848,0.778252,0.789290,0.777993,0.773301,0.779915,0.775781,0.727637,0.739488,0.760256,0.783767,0.769649,0.779013,0.772280,0.762670,0.802667,0.708353,0.796290,0.738562,0.817815,0.802561,0.775661,0.799006,0.811791,0.702730,0.800060,0.795925,0.794595,0.803775,0.817065,0.725817,0.783907,0.729519,0.744860,0.744960,0.826683,0.746934,0.819882,0.741880,0.764227,0.722215,0.751500,0.788597,0.784815,0.798141,0.729807,0.732194,0.768278,0.778351,0.768510,0.727014,0.789490,0.774240,0.781433,0.807856,0.754004,0.793803,0.766588,0.743294,0.766722,0.770302,0.735345,0.737304,0.715568,0.757213,0.748905,0.757495,0.776255,0.755446,0.773227,0.785998,0.787758,0.758977,0.777022,0.763218,0.757808,0.714547,0.790521,0.744700,0.762988,0.682190,0.711670,0.756395,0.725967,0.754749,0.734201,0.728510,0.748216,0.784047,0.742663,0.713652,0.751602,0.771714,0.756592,0.805096,0.817839,0.770254,0.735943,0.779068,0.705130,0.753864,0.773246,0.786714,0.753628,0.718460,0.773816,0.786404,0.787780,0.758721,0.828144,0.765001,0.762441,0.777399,0.736171,0.755135,0.715591,0.762276,0.753822,0.730718,0.769331,0.739111,0.769159,0.816184,0.708740,0.693721,0.746757,0.728855,0.782536,0.717724,0.787433,0.741521,0.786395,0.766272,0.739213,0.773501,0.768822,0.777492,0.809576,0.687993,0.766114,0.755726,0.801179,0.755973,0.742075,0.726167,0.770509,0.773139,0.782066,0.793382,0.761873,0.744616,0.765782,0.732384,0.791771,0.777719,0.740025,0.757713,0.727670,0.770485,0.712350,0.763066,0.727121,0.754170,0.740554,0.780981,0.784079,0.766872,0.761464,0.785886,0.757588,0.749405,#
7,0.822740,0.783154,0.789111,0.734143,0.762722,0.794033,0.737113,1.000000,0.835117,0.760199,0.756977,0.762279,0.760614,0.787434,0.776848,0.744340,0.784423,0.787410,0.809282,0.767068,0.777784,0.745968,0.853947,0.801609,0.757010,0.803925,0.793110,0.791969,0.768061,0.780505,0.734741,0.812253,0.757227,0.775088,0.763819,0.775349,0.753952,0.747643,0.779539,0.773869,0.809761,0.722897,0.782081,0.780474,0.768479,0.740884,0.798651,0.799126,0.770885,0.750020,0.778027,0.779429,0.808119,0.822044,0.795412,0.792421,0.767273,0.808794,0.768861,0.785221,0.730417,0.763680,0.780510,0.780434,0.799781,0.813422,0.818476,0.797692,0.810770,0.743585,0.781447,0.710887,0.827942,0.788297,0.804150,0.759686,0.800746,0.754627,0.772109,0.745120,0.803388,0.780075,0.801367,0.757837,0.818357,0.783020,0.829350,0.783110,0.756170,0.751117,0.760358,0.810319,0.784355,0.761015,0.803342,0.758479,0.799238,0.802518,0.801220,0.799454,0.793452,0.761181,0.781035,0.775635,0.761622,0.775884,0.759851,0.790082,0.762942,0.704631,0.838966,0.772951,0.791362,0.791791,0.710466,0.778139,0.749031,0.747500,0.717330,0.770984,0.773582,0.760363,0.752727,0.841314,0.841547,0.767951,0.751567,0.787017,0.727638,0.771314,0.783416,0.793817,0.802622,0.721632,0.814659,0.822529,0.823038,0.782850,0.765271,0.790035,0.772011,0.803857,0.796371,0.768888,0.766452,0.751647,0.781657,0.679413,0.809062,0.777980,0.762425,0.805872,0.804602,0.738686,0.783753,0.789616,0.798365,0.777616,0.797129,0.747683,0.824718,0.765790,0.830993,0.735794,0.769442,0.763062,0.809289,0.771797,0.766364,0.725719,0.831849,0.802585,0.760916,0.798559,0.787672,0.749530,0.779807,0.793318,0.768714,0.753715,0.765568,0.760082,0.769543,0.775165,0.760860,0.819329,0.757325,0.742446,0.780521,0.803734,0.797506,0.768103,0.744175,0.756283,0.764450,0.756502,0.756532,0.816369,0.778562,0.741787,#
8,0.816212,0.821177,0.800380,0.807897,0.759703,0.807350,0.771685,0.835117,1.000000,0.795639,0.755420,0.786216,0.785043,0.793855,0.758629,0.808487,0.801635,0.828409,0.783307,0.815848,0.776162,0.802504,0.824208,0.785862,0.750037,0.786601,0.805366,0.812356,0.766027,0.804444,0.769210,0.808431,0.796418,0.795060,0.759305,0.806341,0.748044,0.797349,0.788234,0.802499,0.804006,0.747877,0.836910,0.769743,0.777845,0.734074,0.781869,0.801565,0.807891,0.800102,0.778177,0.807819,0.776096,0.828572,0.805659,0.827398,0.768904,0.797098,0.788799,0.751223,0.798840,0.774364,0.795889,0.793773,0.800556,0.841461,0.809005,0.821778,0.809049,0.779836,0.760547,0.803392,0.858120,0.814597,0.768696,0.762061,0.783971,0.789581,0.769780,0.777921,0.807016,0.766979,0.799004,0.822632,0.826815,0.814474,0.785643,0.816469,0.745067,0.766170,0.772995,0.801210,0.805744,0.774472,0.834890,0.788406,0.767772,0.803212,0.844735,0.801558,0.803277,0.749399,0.790251,0.828302,0.756829,0.784004,0.808694,0.829096,0.764231,0.751471,0.805924,0.809241,0.816623,0.798358,0.734078,0.803856,0.742655,0.765441,0.778342,0.782352,0.774963,0.760242,0.783048,0.821960,0.806032,0.805661,0.764538,0.767603,0.788817,0.780638,0.767075,0.807170,0.792066,0.785597,0.855558,0.782298,0.815789,0.777020,0.767596,0.807100,0.796339,0.821094,0.801591,0.803499,0.772131,0.733558,0.779277,0.722287,0.816057,0.783119,0.770519,0.821152,0.767795,0.801949,0.800864,0.778411,0.824111,0.791312,0.808629,0.791090,0.822038,0.795317,0.837811,0.801310,0.782588,0.760185,0.786502,0.779685,0.790570,0.779247,0.822088,0.803847,0.781245,0.789307,0.839118,0.781146,0.786617,0.853979,0.774355,0.725663,0.756741,0.802700,0.741259,0.821555,0.791469,0.814989,0.794535,0.765770,0.803880,0.826414,0.794687,0.804849,0.799776,0.777914,0.743695,0.774226,0.779542,0.789592,0.759960,0.827586,#
9,0.769255,0.771749,0.727941,0.754680,0.751002,0.755539,0.710271,0.760199,0.795639,1.000000,0.695382,0.731086,0.754712,0.771222,0.787174,0.754968,0.778964,0.767795,0.780137,0.745112,0.796555,0.742190,0.779717,0.805269,0.724912,0.730808,0.771848,0.813907,0.716734,0.788145,0.730736,0.771411,0.769406,0.785370,0.780917,0.768420,0.726801,0.736944,0.764037,0.780673,0.776180,0.749831,0.748755,0.742516,0.784569,0.703686,0.752800,0.766189,0.723164,0.723475,0.717019,0.718815,0.724525,0.754673,0.769499,0.778957,0.746155,0.815175,0.766350,0.747227,0.748769,0.732203,0.764292,0.758330,0.752997,0.826045,0.775915,0.799076,0.792341,0.720759,0.754351,0.737362,0.779337,0.749440,0.766793,0.717330,0.746065,0.813818,0.760002,0.780130,0.750767,0.764651,0.746963,0.831924,0.806264,0.765901,0.741524,0.801753,0.714633,0.686612,0.712273,0.745241,0.791636,0.747746,0.770500,0.744777,0.727660,0.777780,0.792481,0.766685,0.789536,0.775345,0.773351,0.772313,0.759314,0.777053,0.742038,0.762343,0.789976,0.781768,0.786661,0.794151,0.795486,0.769856,0.705824,0.797106,0.663595,0.717449,0.689900,0.731075,0.743917,0.760886,0.798155,0.790124,0.782534,0.740592,0.776098,0.706330,0.791428,0.736773,0.747518,0.783422,0.766466,0.772921,0.785442,0.739363,0.764024,0.739705,0.758174,0.767803,0.721513,0.806320,0.776941,0.783186,0.725663,0.758210,0.761825,0.713648,0.778045,0.715507,0.728714,0.775509,0.721690,0.745008,0.778571,0.746622,0.752225,0.764845,0.766779,0.746509,0.772712,0.801695,0.766974,0.769433,0.781533,0.772698,0.717877,0.736199,0.774216,0.735460,0.809761,0.785633,0.768117,0.737290,0.776118,0.822848,0.740835,0.807700,0.761664,0.772882,0.786717,0.735248,0.762052,0.748361,0.746442,0.801266,0.688052,0.731930,0.816109,0.734875,0.769044,0.773099,0.731132,0.725994,0.726181,0.707523,0.749684,0.759958,0.741755,0.729093,#
10,0.795959,0.772626,0.747721,0.745613,0.719250,0.764936,0.731349,0.756977,0.755420,0.695382,1.000000,0.738223,0.699106,0.740939,0.681276,0.745316,0.773752,0.735385,0.773705,0.733836,0.750742,0.723478,0.784286,0.808444,0.673678,0.720465,0.769176,0.806084,0.736555,0.776561,0.738069,0.772905,0.755760,0.782514,0.778477,0.768316,0.721927,0.767371,0.769080,0.766006,0.763869,0.717564,0.750150,0.735503,0.752695,0.754887,0.804651,0.763650,0.779286,0.817043,0.715986,0.770197,0.759322,0.699951,0.770563,0.797960,0.773514,0.791925,0.724555,0.746629,0.778858,0.742192,0.813098,0.779720,0.787900,0.721035,0.762119,0.706596,0.770254,0.745410,0.767186,0.768803,0.827152,0.689146,0.756386,0.784864,0.767593,0.793323,0.753115,0.708756,0.816821,0.755395,0.755791,0.763474,0.775836,0.770728,0.781084,0.743680,0.731252,0.786827,0.695981,0.777665,0.798175,0.735740,0.745280,0.763901,0.708939,0.767792,0.788722,0.814483,0.760295,0.740100,0.747814,0.800953,0.825570,0.748456,0.744978,0.736964,0.745252,0.726210,0.737580,0.729776,0.767674,0.760133,0.701918,0.789433,0.710990,0.738623,0.756534,0.724008,0.744812,0.779351,0.684046,0.793009,0.728362,0.739745,0.775772,0.760848,0.748718,0.758005,0.730008,0.744572,0.750145,0.738908,0.784134,0.811784,0.756671,0.717800,0.772561,0.802096,0.800296,0.758501,0.718447,0.761250,0.667620,0.691247,0.752448,0.717769,0.784551,0.737297,0.754820,0.769758,0.767729,0.725432,0.777659,0.733485,0.786299,0.806235,0.753780,0.712001,0.799458,0.744423,0.751627,0.774491,0.736051,0.706636,0.782527,0.727483,0.776021,0.766965,0.765334,0.765273,0.704101,0.747877,0.767640,0.745767,0.751167,0.795436,0.723500,0.770148,0.719973,0.729165,0.784869,0.738111,0.705063,0.772799,0.720826,0.753246,0.701726,0.785179,0.760272,0.718084,0.746374,0.760088,0.763164,0.752712,0.734696,0.789320,0.742738,0.762970,#
11,0.818060,0.780746,0.741041,0.772458,0.794538,0.794669,0.752729,0.762279,0.786216,0.731086,0.738223,1.000000,0.794296,0.763694,0.746355,0.768460,0.789005,0.821039,0.817399,0.769220,0.753634,0.741766,0.794330,0.784103,0.741062,0.737254,0.770102,0.757515,0.774092,0.747552,0.774476,0.789068,0.805719,0.785102,0.741976,0.767933,0.781262,0.786011,0.757226,0.798476,0.795812,0.745846,0.775461,0.759804,0.756416,0.729967,0.851653,0.786451,0.769000,0.821465,0.770484,0.740164,0.800962,0.753399,0.800064,0.808923,0.744577,0.804357,0.786507,0.751720,0.729790,0.735969,0.806176,0.748938,0.798103,0.787923,0.792009,0.791232,0.793533,0.774725,0.803208,0.758741,0.795739,0.770054,0.784854,0.726622,0.827681,0.807180,0.756968,0.710919,0.799809,0.758893,0.794268,0.781215,0.811822,0.788133,0.757655,0.732428,0.729009,0.727873,0.758683,0.795266,0.782168,0.727771,0.756227,0.797556,0.759873,0.776982,0.783317,0.773365,0.756955,0.787111,0.803789,0.765538,0.815232,0.772478,0.764299,0.816996,0.786865,0.769689,0.818557,0.805773,0.791407,0.767913,0.682870,0.779852,0.747147,0.768579,0.757768,0.753343,0.707014,0.784185,0.787901,0.807231,0.793596,0.779291,0.797103,0.750851,0.773321,0.784923,0.806270,0.769150,0.782299,0.779552,0.788876,0.764508,0.825013,0.746105,0.785858,0.743062,0.761046,0.754712,0.763282,0.796124,0.780852,0.706562,0.781417,0.733994,0.789334,0.773751,0.759176,0.779303,0.755802,0.763190,0.798101,0.746206,0.829696,0.750062,0.778651,0.711580,0.765288,0.790234,0.807257,0.773234,0.819307,0.710542,0.797660,0.730318,0.777312,0.813610,0.790752,0.770482,0.782430,0.804880,0.772248,0.778334,0.765838,0.795567,0.751469,0.786205,0.756131,0.752413,0.794521,0.748498,0.793161,0.742641,0.742545,0.805927,0.765082,0.765028,0.797516,0.767157,0.774228,0.756549,0.739334,0.761154,0.765380,0.774253,0.757434,0.751801,#
12,0.761241,0.754061,0.736822,0.756928,0.744822,0.716867,0.740194,0.760614,0.785043,0.754712,0.699106,0.794296,1.000000,0.773043,0.778446,0.731787,0.760675,0.789235,0.797505,0.761372,0.759823,0.702888,0.801826,0.780438,0.726733,0.739238,0.730568,0.759190,0.770888,0.717726,0.741683,0.771873,0.776041,0.796999,0.752991,0.775590,0.750239,0.756961,0.765101,0.765657,0.697507,0.679026,0.734233,0.771355,0.757705,0.756145,0.789703,0.720952,0.740791,0.751457,0.808810,0.729837,0.755931,0.746085,0.807807,0.761689,0.734070,0.780707,0.749753,0.730183,0.714085,0.749737,0.759386,0.736202,0.798370,0.781432,0.758161,0.713799,0.788654,0.748962,0.762659,0.737867,0.777001,0.752829,0.788459,0.725132,0.784626,0.762847,0.759673,0.753586,0.763580,0.742101,0.782404,0.787290,0.746084,0.770535,0.722862,0.759641,0.743965,0.700059,0.741167,0.757447,0.767723,0.689575,0.731397,0.804836,0.806008,0.758840,0.755138,0.735212,0.726153,0.779188,0.766927,0.789302,0.717955,0.750238,0.728545,0.726973,0.774479,0.739216,0.772108,0.749233,0.744762,0.746078,0.776193,0.764461,0.684251,0.711085,0.751832,0.739951,0.701840,0.744716,0.756507,0.805582,0.797212,0.767590,0.750926,0.706461,0.747960,0.756916,0.718239,0.742304,0.716979,0.742916,0.747200,0.755563,0.754951,0.779680,0.741977,0.728043,0.783668,0.782101,0.744225,0.766458,0.717376,0.723195,0.746865,0.680030,0.779981,0.788444,0.742111,0.786645,0.743207,0.700450,0.751327,0.788587,0.813926,0.780673,0.781429,0.727911,0.766534,0.789117,0.777690,0.739186,0.805365,0.683005,0.738109,0.761224,0.699685,0.747995,0.773318,0.753835,0.759119,0.758425,0.744284,0.729784,0.808336,0.822540,0.726695,0.683975,0.735836,0.763968,0.763507,0.744546,0.683761,0.749685,0.683354,0.766127,0.762449,0.753619,0.726028,0.732777,0.723654,0.760143,0.708254,0.753565,0.739921,0.771747,0.770478,0.684402,#
13,0.803377,0.761704,0.791021,0.774849,0.803368,0.746896,0.802522,0.787434,0.793855,0.771222,0.740939,0.763694,0.773043,1.000000,0.733766,0.762471,0.762494,0.824916,0.807883,0.773239,0.781913,0.747331,0.823553,0.794838,0.740977,0.741760,0.755072,0.802897,0.778623,0.808555,0.733215,0.776614,0.808830,0.801228,0.710121,0.756806,0.746319,0.787344,0.811971,0.801777,0.847525,0.742100,0.800172,0.761811,0.812412,0.765450,0.787592,0.781064,0.814714,0.796300,0.767626,0.822588,0.787021,0.761380,0.826113,0.829354,0.772316,0.810056,0.798719,0.766488,0.796933,0.773050,0.761913,0.799769,0.823300,0.806646,0.790783,0.765260,0.805137,0.755171,0.742960,0.784038,0.769067,0.811298,0.794495,0.757850,0.775808,0.781290,0.814715,0.786042,0.788593,0.768176,0.816355,0.801598,0.791752,0.793266,0.739509,0.743247,0.792789,0.766383,0.748696,0.793673,0.784246,0.754016,0.780921,0.753587,0.759621,0.754476,0.765136,0.817861,0.806912,0.781914,0.783819,0.826653,0.780962,0.810378,0.772476,0.801860,0.779799,0.725075,0.792717,0.795006,0.781051,0.790693,0.761361,0.803212,0.719199,0.802924,0.792685,0.758187,0.759920,0.782348,0.744785,0.780756,0.787951,0.767624,0.795455,0.744648,0.760998,0.768583,0.778618,0.775063,0.757586,0.759448,0.821499,0.767699,0.784186,0.774523,0.821512,0.762074,0.752783,0.830095,0.796709,0.776529,0.715929,0.745757,0.800891,0.715525,0.802333,0.780654,0.772836,0.827944,0.752681,0.756811,0.764507,0.768915,0.810685,0.774272,0.814458,0.743054,0.805233,0.793254,0.778956,0.799292,0.784100,0.771154,0.792653,0.769952,0.809753,0.758656,0.793590,0.803636,0.807305,0.778733,0.841627,0.803736,0.796031,0.850191,0.781919,0.761627,0.752602,0.780922,0.801322,0.776352,0.794827,0.798526,0.728214,0.789347,0.744215,0.766943,0.772638,0.761581,0.779715,0.808510,0.785906,0.729703,0.763810,0.800997,0.766204,0.746413,#
14,0.781752,0.788893,0.767631,0.730661,0.732722,0.773247,0.706832,0.776848,0.758629,0.787174,0.681276,0.746355,0.778446,0.733766,1.000000,0.768866,0.759345,0.731841,0.720591,0.740099,0.749851,0.713381,0.754046,0.799356,0.724685,0.664043,0.760060,0.759293,0.732226,0.759380,0.769509,0.768195,0.746740,0.746291,0.749110,0.734362,0.687616,0.759068,0.771555,0.727310,0.744911,0.701122,0.781469,0.764998,0.736354,0.724887,0.765970,0.721515,0.703472,0.722772,0.713911,0.722652,0.708944,0.794930,0.763339,0.747899,0.729344,0.746183,0.778155,0.699011,0.735809,0.786723,0.739695,0.738989,0.750753,0.747334,0.747741,0.768824,0.773643,0.742683,0.732705,0.733489,0.782556,0.722465,0.766066,0.722357,0.770786,0.768832,0.739661,0.688772,0.772882,0.767354,0.790469,0.801500,0.775442,0.773787,0.753893,0.785697,0.746624,0.650480,0.677218,0.717960,0.762077,0.763435,0.774130,0.743979,0.812759,0.748358,0.778697,0.728488,0.764010,0.758405,0.786565,0.699616,0.731328,0.769985,0.713226,0.733884,0.755616,0.705296,0.780697,0.778374,0.779930,0.744325,0.699560,0.744661,0.703730,0.705430,0.715297,0.691929,0.728304,0.753458,0.751742,0.777421,0.797529,0.677353,0.746114,0.764539,0.697003,0.754496,0.729523,0.768918,0.722448,0.731863,0.755444,0.743352,0.780638,0.752145,0.745121,0.748546,0.742654,0.759419,0.687384,0.765226,0.709731,0.750337,0.772579,0.666180,0.779613,0.686605,0.762462,0.756592,0.700750,0.687282,0.785420,0.736013,0.754238,0.753942,0.738495,0.706515,0.745686,0.739857,0.758696,0.734901,0.720782,0.711627,0.720586,0.730030,0.695440,0.768204,0.759553,0.751877,0.745260,0.793887,0.772950,0.779733,0.761038,0.788725,0.716918,0.689521,0.737760,0.786339,0.775305,0.717874,0.737026,0.735044,0.721748,0.695960,0.743442,0.729190,0.692700,0.721449,0.757930,0.758211,0.707772,0.725278,0.738250,0.742402,0.703143,0.662423,#
15,0.797430,0.780766,0.759333,0.797950,0.775788,0.832195,0.740203,0.744340,0.808487,0.754968,0.745316,0.768460,0.731787,0.762471,0.768866,1.000000,0.779287,0.806550,0.769038,0.778244,0.757204,0.765475,0.757928,0.792322,0.754666,0.737404,0.761270,0.750102,0.733109,0.795696,0.795993,0.802040,0.767384,0.809814,0.738239,0.822071,0.763784,0.774539,0.800173,0.765487,0.741313,0.720893,0.772836,0.730972,0.811875,0.750536,0.809007,0.807430,0.796136,0.785761,0.744260,0.790071,0.745147,0.742149,0.778951,0.777239,0.777825,0.759752,0.760255,0.731885,0.783526,0.762465,0.760898,0.806181,0.769265,0.800734,0.756193,0.771790,0.754687,0.709765,0.785399,0.752795,0.767256,0.757004,0.763549,0.721059,0.786742,0.793106,0.786242,0.740311,0.799820,0.778545,0.781120,0.796126,0.817746,0.812703,0.737495,0.790421,0.725962,0.702738,0.691559,0.720658,0.778042,0.768375,0.732164,0.744235,0.746581,0.762486,0.753465,0.767208,0.803363,0.726840,0.801482,0.786723,0.752888,0.780175,0.778033,0.792616,0.732436,0.783762,0.719876,0.754373,0.778583,0.775604,0.699263,0.744486,0.741825,0.772236,0.754452,0.740769,0.723870,0.747337,0.762042,0.791545,0.761996,0.749421,0.809405,0.728893,0.797883,0.801909,0.745994,0.751755,0.732757,0.727491,0.792174,0.755011,0.772137,0.730090,0.778438,0.761049,0.740011,0.753354,0.752522,0.753392,0.732011,0.739390,0.740467,0.729008,0.788629,0.744459,0.803749,0.768772,0.798133,0.775640,0.786240,0.745726,0.818543,0.758094,0.789928,0.735806,0.751106,0.805926,0.815937,0.734067,0.794038,0.749137,0.777594,0.777681,0.793656,0.722321,0.751052,0.795881,0.745343,0.796302,0.766327,0.809742,0.779333,0.792876,0.773893,0.750111,0.769689,0.774177,0.748666,0.792937,0.755984,0.735889,0.681241,0.741753,0.731370,0.797125,0.730860,0.774328,0.766805,0.774524,0.750009,0.725985,0.770703,0.796827,0.778827,0.794528,#
16,0.825499,0.774329,0.770060,0.785388,0.806397,0.781139,0.800427,0.784423,0.801635,0.778964,0.773752,0.789005,0.760675,0.762494,0.759345,0.779287,1.000000,0.818844,0.803798,0.773315,0.858279,0.796613,0.751598,0.802217,0.740329,0.787692,0.806412,0.720272,0.757722,0.764997,0.796281,0.836083,0.821545,0.793368,0.767590,0.787678,0.800076,0.784144,0.808352,0.809564,0.781583,0.769653,0.780077,0.767005,0.768873,0.780572,0.785374,0.784331,0.789157,0.804295,0.741822,0.775523,0.800764,0.808955,0.827603,0.812792,0.709379,0.799609,0.799822,0.742485,0.791534,0.772926,0.793984,0.758239,0.806477,0.786502,0.812522,0.793778,0.824085,0.787720,0.778169,0.788517,0.808447,0.770888,0.797087,0.751393,0.792743,0.801322,0.780671,0.802092,0.831684,0.791445,0.801150,0.800479,0.813397,0.790804,0.817526,0.769474,0.767754,0.784552,0.728811,0.773942,0.810247,0.771756,0.808002,0.823392,0.792304,0.754224,0.824903,0.785205,0.794459,0.758241,0.776878,0.797095,0.762897,0.840344,0.813917,0.771237,0.814179,0.749358,0.819562,0.806383,0.796103,0.804615,0.788384,0.826789,0.800907,0.791714,0.739674,0.701174,0.741311,0.801679,0.767395,0.818963,0.815694,0.779952,0.776039,0.736878,0.789800,0.777876,0.806817,0.783273,0.803216,0.748695,0.835114,0.837148,0.794287,0.741867,0.788457,0.790307,0.778551,0.790961,0.797884,0.794060,0.734299,0.731743,0.792128,0.743849,0.779545,0.786122,0.760423,0.825354,0.732590,0.747715,0.846124,0.773618,0.806770,0.780565,0.781913,0.761699,0.760568,0.783497,0.828626,0.782045,0.783232,0.791967,0.788504,0.773341,0.801551,0.760321,0.783597,0.798257,0.788310,0.778285,0.793367,0.772221,0.751413,0.839738,0.773684,0.756489,0.757379,0.760145,0.807148,0.760588,0.776691,0.801385,0.783125,0.790132,0.778610,0.791238,0.809488,0.744080,0.812966,0.783654,0.759174,0.774486,0.776677,0.805033,0.794701,0.784919,#
17,0.844921,0.787359,0.784231,0.770591,0.816040,0.820461,0.810673,0.787410,0.828409,0.767795,0.735385,0.821039,0.789235,0.824916,0.731841,0.806550,0.818844,1.000000,0.783524,0.811898,0.812253,0.753999,0.810187,0.838501,0.828068,0.781525,0.805119,0.789169,0.758045,0.809030,0.807623,0.823857,0.756052,0.779471,0.772491,0.827302,0.765729,0.797312,0.821088,0.825990,0.813088,0.781750,0.813210,0.789945,0.789418,0.747411,0.799068,0.843726,0.831688,0.820261,0.801410,0.788563,0.814770,0.772040,0.821696,0.838691,0.788946,0.795668,0.813185,0.747124,0.788114,0.780525,0.767619,0.792163,0.797340,0.852562,0.836176,0.814677,0.791576,0.775404,0.787630,0.778947,0.789442,0.790710,0.775817,0.751743,0.819619,0.822965,0.804109,0.800167,0.827308,0.782681,0.825511,0.826513,0.810230,0.806067,0.807373,0.790249,0.775658,0.777406,0.767284,0.775294,0.810104,0.782500,0.764033,0.825271,0.802335,0.749765,0.766456,0.825249,0.825231,0.755565,0.812486,0.813739,0.743718,0.768318,0.802523,0.813577,0.760284,0.778439,0.797302,0.806487,0.767439,0.820350,0.775502,0.775251,0.738983,0.798865,0.748648,0.761077,0.770239,0.793641,0.798530,0.833960,0.817440,0.826165,0.799256,0.761770,0.782250,0.796790,0.836922,0.826575,0.808965,0.755758,0.784736,0.811103,0.801701,0.793854,0.830568,0.824887,0.801149,0.815215,0.850579,0.802908,0.787144,0.741941,0.801860,0.750660,0.827593,0.749856,0.811035,0.823821,0.771290,0.754941,0.814214,0.827989,0.865590,0.785151,0.811938,0.756098,0.811491,0.797017,0.841574,0.770087,0.819390,0.789915,0.753871,0.760129,0.805049,0.770348,0.835793,0.792193,0.792734,0.792279,0.834328,0.769554,0.796659,0.846465,0.782872,0.794322,0.785619,0.820064,0.800314,0.815939,0.829543,0.781975,0.769138,0.843034,0.763872,0.775694,0.781427,0.787440,0.808882,0.802067,0.792049,0.811389,0.780357,0.836574,0.788142,0.774720,#
18,0.804813,0.789579,0.764710,0.822945,0.795546,0.765493,0.778756,0.809282,0.783307,0.780137,0.773705,0.817399,0.797505,0.807883,0.720591,0.769038,0.803798,0.783524,1.000000,0.805107,0.784176,0.792544,0.801935,0.790536,0.758255,0.786222,0.798680,0.784585,0.756995,0.804708,0.751785,0.806079,0.802953,0.820561,0.788907,0.818726,0.760329,0.779959,0.793528,0.790856,0.820342,0.710371,0.776987,0.759032,0.821021,0.750716,0.838079,0.793620,0.784316,0.756320,0.757867,0.754782,0.805882,0.751984,0.803252,0.819786,0.760960,0.807296,0.796632,0.794897,0.790768,0.750144,0.769495,0.765219,0.823124,0.775705,0.774602,0.796192,0.759911,0.785172,0.810699,0.757803,0.816490,0.768648,0.811147,0.739335,0.819245,0.778229,0.819918,0.775603,0.786357,0.752164,0.806108,0.808811,0.829898,0.806160,0.783915,0.764640,0.776084,0.745845,0.769394,0.762237,0.820033,0.768228,0.796437,0.754264,0.771623,0.812549,0.799833,0.810081,0.799978,0.753048,0.796381,0.803770,0.789741,0.811961,0.760566,0.777600,0.791647,0.756815,0.811005,0.773684,0.821059,0.820325,0.716289,0.757894,0.767846,0.769291,0.768652,0.749150,0.753853,0.813566,0.768827,0.797082,0.795796,0.754611,0.808185,0.738844,0.817373,0.753416,0.794589,0.798859,0.786460,0.755407,0.801035,0.804770,0.845542,0.775824,0.798853,0.776381,0.750037,0.822971,0.777388,0.819780,0.738595,0.780062,0.779702,0.707758,0.827297,0.763223,0.769039,0.844413,0.771149,0.735025,0.794972,0.796101,0.803662,0.820814,0.803792,0.745974,0.809351,0.771780,0.825002,0.788538,0.815344,0.787183,0.839188,0.771864,0.748322,0.758417,0.786453,0.830001,0.803620,0.767662,0.764952,0.789786,0.775866,0.846468,0.755598,0.792932,0.769844,0.781175,0.779594,0.770231,0.771374,0.809877,0.767115,0.761468,0.749948,0.791828,0.792447,0.781231,0.735860,0.823820,0.795676,0.767301,0.743467,0.817738,0.787696,0.761033,#
19,0.784433,0.783248,0.779172,0.769164,0.829747,0.804306,0.745058,0.767068,0.815848,0.745112,0.733836,0.769220,0.761372,0.773239,0.740099,0.778244,0.773315,0.811898,0.805107,1.000000,0.765899,0.758158,0.777925,0.783099,0.736330,0.701613,0.793427,0.740058,0.770956,0.794107,0.781773,0.829638,0.776879,0.766160,0.725709,0.795319,0.722816,0.764735,0.780450,0.798706,0.795577,0.706572,0.770917,0.767440,0.758168,0.749962,0.831005,0.779364,0.791726,0.704479,0.694970,0.766266,0.761541,0.761249,0.788308,0.754647,0.798223,0.760750,0.774782,0.694230,0.787140,0.741999,0.806626,0.765139,0.805395,0.807383,0.758432,0.767812,0.762351,0.740875,0.759960,0.778052,0.796482,0.756750,0.776019,0.719263,0.753270,0.747278,0.753045,0.730283,0.779276,0.720644,0.811899,0.746932,0.777377,0.752431,0.762385,0.800763,0.777361,0.704743,0.739390,0.757987,0.786492,0.768996,0.757973,0.735478,0.764437,0.750407,0.764053,0.801718,0.791557,0.754514,0.762634,0.764045,0.748756,0.756864,0.758709,0.753438,0.744253,0.690537,0.744646,0.759888,0.789745,0.800665,0.739353,0.745767,0.763235,0.763576,0.720259,0.689228,0.735309,0.787322,0.753768,0.819335,0.801848,0.746350,0.763387,0.747704,0.826119,0.822131,0.767000,0.812603,0.769039,0.774789,0.803174,0.796932,0.783519,0.751671,0.765862,0.760267,0.744970,0.757658,0.775910,0.775558,0.712538,0.730272,0.736833,0.664027,0.797098,0.751556,0.754846,0.819790,0.733854,0.704830,0.796415,0.755425,0.807047,0.789344,0.794617,0.763734,0.754787,0.788282,0.778504,0.744482,0.763104,0.743556,0.724919,0.769760,0.756017,0.735987,0.759180,0.796373,0.775041,0.756622,0.804568,0.739179,0.772626,0.849052,0.735318,0.721751,0.700604,0.798294,0.779909,0.814841,0.782399,0.748365,0.733506,0.768825,0.762877,0.780226,0.766714,0.748606,0.763763,0.803468,0.741956,0.778220,0.728525,0.751002,0.759914,0.738848,#
20,0.814307,0.776437,0.752643,0.749862,0.785960,0.769879,0.813809,0.777784,0.776162,0.796555,0.750742,0.753634,0.759823,0.781913,0.749851,0.757204,0.858279,0.812253,0.784176,0.765899,1.000000,0.758330,0.750163,0.798176,0.737108,0.770794,0.799917,0.761402,0.730429,0.795762,0.764888,0.808483,0.772031,0.811360,0.777984,0.805833,0.773674,0.749951,0.808783,0.804849,0.778200,0.800276,0.755474,0.800162,0.794150,0.749010,0.801420,0.770775,0.774634,0.766614,0.757418,0.798826,0.782358,0.784062,0.790981,0.799020,0.758204,0.795618,0.788389,0.743701,0.802338,0.745344,0.816227,0.745836,0.813343,0.797679,0.811782,0.755437,0.800557,0.752640,0.763808,0.765448,0.762269,0.775702,0.783165,0.708586,0.762394,0.798135,0.780481,0.781034,0.785483,0.812769,0.793392,0.817288,0.771795,0.784445,0.805719,0.769556,0.765428,0.782172,0.764590,0.775442,0.787869,0.790482,0.813253,0.764234,0.747178,0.734342,0.792411,0.789453,0.785610,0.768277,0.805134,0.803736,0.776326,0.741363,0.794258,0.797358,0.780067,0.786373,0.796888,0.793339,0.758808,0.752332,0.787197,0.759109,0.751216,0.796947,0.711505,0.720959,0.800178,0.791073,0.761684,0.842690,0.796890,0.793134,0.753989,0.725024,0.782564,0.770383,0.794561,0.767517,0.797569,0.789137,0.811672,0.776386,0.764469,0.786612,0.805455,0.813795,0.759247,0.773326,0.763820,0.789940,0.754554,0.737970,0.779943,0.725946,0.789909,0.803211,0.789160,0.815209,0.769509,0.747652,0.812712,0.774191,0.791372,0.784719,0.782390,0.752871,0.773147,0.798692,0.782533,0.768430,0.819639,0.705785,0.749876,0.730069,0.779955,0.763940,0.789742,0.776556,0.817842,0.762294,0.779755,0.759273,0.754756,0.831853,0.773709,0.779842,0.741026,0.753038,0.785280,0.768443,0.742995,0.796342,0.754519,0.798327,0.746827,0.753629,0.728210,0.733670,0.778672,0.808560,0.759117,0.727742,0.778376,0.789121,0.781776,0.766734,#
21,0.753040,0.826711,0.745850,0.776139,0.762896,0.772961,0.716736,0.745968,0.802504,0.742190,0.723478,0.741766,0.702888,0.747331,0.713381,0.765475,0.796613,0.753999,0.792544,0.758158,0.758330,1.000000,0.774025,0.797571,0.712481,0.695396,0.802577,0.717445,0.711390,0.733766,0.752746,0.756896,0.775355,0.783077,0.754365,0.802300,0.751298,0.756841,0.773551,0.742574,0.756387,0.756639,0.756087,0.738539,0.792509,0.735481,0.766407,0.783934,0.775140,0.724299,0.713629,0.772541,0.748990,0.710879,0.779849,0.774717,0.753689,0.752827,0.820618,0.688700,0.761979,0.753587,0.727068,0.724872,0.814111,0.752175,0.760916,0.764548,0.763100,0.749078,0.739230,0.775836,0.778271,0.756588,0.794371,0.733360,0.732242,0.759162,0.755129,0.756385,0.733909,0.728454,0.783278,0.766541,0.829631,0.752897,0.740997,0.763898,0.779035,0.756948,0.673985,0.692858,0.779929,0.712814,0.768059,0.736805,0.748090,0.718339,0.747776,0.784918,0.758986,0.760801,0.748399,0.760609,0.679735,0.809539,0.728914,0.738175,0.744127,0.761916,0.782219,0.757087,0.770113,0.787957,0.661467,0.709021,0.749453,0.790469,0.710611,0.702784,0.737813,0.742240,0.750225,0.775690,0.774619,0.691876,0.760914,0.763916,0.760603,0.780101,0.772754,0.795674,0.751590,0.735455,0.798362,0.739472,0.727413,0.709413,0.742923,0.767603,0.758013,0.772277,0.739713,0.737516,0.716716,0.726003,0.749597,0.677229,0.731288,0.735196,0.747867,0.815865,0.731392,0.723207,0.767379,0.757572,0.801933,0.734503,0.724523,0.720600,0.784568,0.777620,0.791404,0.769225,0.799156,0.725445,0.771722,0.759761,0.693438,0.742586,0.771860,0.750667,0.750067,0.750424,0.750554,0.750786,0.693513,0.800436,0.743274,0.735243,0.708607,0.762715,0.741329,0.772122,0.739344,0.787848,0.755045,0.676037,0.722184,0.772476,0.744670,0.726420,0.730621,0.758722,0.747033,0.728052,0.756452,0.776795,0.679083,0.775881,#
