0,1.000000,0.804982,0.823925,0.789061,0.745860,0.834545,0.811110,0.815409,0.815613,0.763131,0.793443,0.827238,0.789388,0.806175,0.780242,0.787616,0.824961,0.843297,0.811467,0.796858,0.829816,0.781266,0.841380,0.827296,0.740384,0.787204,0.792209,0.791781,0.779100,0.819207,0.799639,0.818525,0.814033,0.796886,0.816343,0.778686,0.756202,0.822464,0.814963,0.843019,0.836810,0.774465,0.820315,0.794183,0.815208,0.760868,0.827280,0.828326,0.809412,0.833192,0.804416,0.815451,0.824208,0.824195,0.827991,0.845811,0.808616,0.850412,0.803907,0.803043,0.835314,0.784079,0.816835,0.804042,0.822916,0.812542,0.854442,0.803783,0.812557,0.755102,0.805050,0.804842,0.842008,0.829727,0.806441,0.795689,0.837999,0.797118,0.816655,0.789544,0.839325,0.813591,0.824886,0.833401,0.814187,0.838739,0.807972,0.810331,0.767900,0.812143,0.785273,0.820220,0.800905,0.808842,0.792651,0.793944,0.795682,0.790540,0.814519,0.856288,0.829281,0.803670,0.817326,0.834817,0.791098,0.814223,0.781834,0.819131,0.791837,0.736921,0.805924,0.824265,0.798622,0.770497,0.803101,0.840059,0.800630,0.784944,0.801069,0.798527,0.751822,0.864642,0.810619,0.863762,0.806974,0.806844,0.773055,0.798722,0.770697,0.791353,0.809162,0.816277,0.823175,0.766339,0.820536,0.799922,0.802997,0.815220,0.800247,0.829698,0.786549,0.781952,0.768806,0.832205,0.806378,0.711242,0.810206,0.771629,0.822515,0.830280,0.833664,0.824765,0.809950,0.795174,0.786422,0.776195,0.807054,0.814354,0.849182,0.821334,0.829597,0.826177,0.801740,0.820130,0.823958,0.807844,0.823859,0.808186,0.797708,0.784343,0.827990,0.810354,0.792662,0.839942,0.844888,0.782180,0.817215,0.841477,0.791016,0.790265,0.787427,0.810810,0.783305,0.777688,0.803066,0.782255,0.803151,0.808338,0.764237,0.796808,0.780446,0.822421,0.809683,0.817340,0.779229,0.809079,0.773432,0.835818,0.809905,0.785525,#
1,0.804982,1.000000,0.780270,0.829800,0.799942,0.835586,0.756317,0.793579,0.826928,0.789961,0.796346,0.802341,0.798183,0.784608,0.787842,0.806152,0.790654,0.803614,0.807147,0.806839,0.812492,0.861524,0.844209,0.807583,0.773374,0.746326,0.823674,0.831569,0.795545,0.762449,0.840550,0.845443,0.817630,0.835958,0.759713,0.787712,0.761165,0.841672,0.832058,0.821026,0.806630,0.763118,0.779305,0.801142,0.776076,0.785670,0.835933,0.797487,0.823181,0.818840,0.785572,0.835560,0.816415,0.777494,0.836418,0.809529,0.796067,0.835757,0.811437,0.769079,0.802192,0.799092,0.731300,0.755943,0.816185,0.822194,0.831346,0.826501,0.816280,0.812504,0.790617,0.807761,0.856773,0.760556,0.809190,0.811942,0.795706,0.775706,0.813934,0.776240,0.825068,0.790506,0.839710,0.845412,0.829994,0.807226,0.794617,0.813010,0.816055,0.812960,0.775421,0.795390,0.829409,0.823074,0.787263,0.801333,0.785674,0.796070,0.785437,0.814317,0.829718,0.816350,0.765268,0.803917,0.769249,0.814485,0.778956,0.833622,0.783989,0.759036,0.802569,0.776849,0.779993,0.805116,0.781718,0.792487,0.796696,0.807264,0.762282,0.752956,0.823115,0.823605,0.779966,0.819339,0.784204,0.779933,0.795199,0.798143,0.805063,0.841007,0.790658,0.844782,0.772339,0.770139,0.834442,0.804197,0.799893,0.790603,0.803033,0.776291,0.823593,0.800043,0.824614,0.851445,0.796320,0.780660,0.785224,0.765154,0.833540,0.793009,0.823816,0.851082,0.818222,0.761544,0.821792,0.754844,0.825410,0.815248,0.776700,0.789954,0.804808,0.854246,0.788008,0.845183,0.802840,0.766130,0.812537,0.786342,0.764334,0.785984,0.803404,0.792557,0.779498,0.831223,0.805251,0.779187,0.794809,0.853341,0.747315,0.810717,0.790013,0.795217,0.790984,0.790655,0.783910,0.840694,0.815494,0.745427,0.785506,0.787948,0.822004,0.778107,0.801407,0.788929,0.819306,0.739000,0.786355,0.828758,0.781202,0.790139,#
2,0.823925,0.780270,1.000000,0.778461,0.756302,0.796742,0.768703,0.792933,0.800315,0.740768,0.760537,0.736347,0.749721,0.792062,0.769433,0.763015,0.771778,0.788112,0.770281,0.792534,0.765339,0.764283,0.780650,0.839382,0.735752,0.745331,0.826945,0.803100,0.821934,0.802766,0.805200,0.772563,0.786091,0.756063,0.779317,0.764790,0.743301,0.799236,0.823191,0.781568,0.771189,0.761179,0.794963,0.770740,0.744813,0.744486,0.828894,0.751571,0.768284,0.816023,0.774081,0.808528,0.810604,0.807845,0.837104,0.813338,0.790175,0.770815,0.776151,0.760150,0.838494,0.794943,0.758310,0.797565,0.783276,0.816975,0.788381,0.788537,0.789855,0.787701,0.785598,0.764996,0.819991,0.793970,0.809195,0.786973,0.786200,0.773746,0.773872,0.793326,0.818052,0.805005,0.827644,0.798078,0.835064,0.805167,0.762904,0.811260,0.725326,0.766580,0.785760,0.802547,0.831528,0.778602,0.780210,0.783192,0.762369,0.762524,0.839318,0.821699,0.806138,0.772406,0.757915,0.786103,0.711214,0.801095,0.799870,0.774951,0.783027,0.716878,0.790194,0.753733,0.800700,0.755745,0.749084,0.760830,0.755660,0.794019,0.786572,0.737064,0.760489,0.770432,0.740156,0.826613,0.782319,0.746955,0.775801,0.772477,0.756812,0.807047,0.809147,0.815395,0.823759,0.795440,0.798562,0.782719,0.796118,0.801781,0.819198,0.764325,0.751257,0.807676,0.706455,0.773113,0.746316,0.788688,0.777876,0.751823,0.779254,0.798586,0.801948,0.808941,0.784559,0.787892,0.766826,0.768645,0.778724,0.739458,0.775288,0.742945,0.747818,0.759008,0.774720,0.803088,0.760117,0.790853,0.822438,0.757240,0.750392,0.759352,0.791365,0.771181,0.783813,0.760902,0.825589,0.764446,0.750582,0.814325,0.764984,0.750661,0.746943,0.827180,0.729610,0.817752,0.756790,0.784194,0.788296,0.762546,0.764166,0.773584,0.775045,0.784220,0.848422,0.789438,0.759519,0.790522,0.735947,0.794792,0.749729,0.791304,#
3,0.789061,0.829800,0.778461,1.000000,0.798349,0.806577,0.777083,0.776913,0.824398,0.796447,0.795713,0.782853,0.805553,0.785449,0.740542,0.828359,0.800313,0.794620,0.821863,0.787631,0.778740,0.824353,0.804704,0.777852,0.800186,0.792433,0.804867,0.808698,0.774636,0.786021,0.800265,0.847065,0.808038,0.821019,0.787044,0.776750,0.755319,0.834746,0.737356,0.822093,0.818825,0.754441,0.802802,0.819826,0.773648,0.830888,0.838730,0.772419,0.827178,0.786674,0.805127,0.768215,0.810126,0.763023,0.790242,0.837956,0.769496,0.815174,0.839484,0.781474,0.786710,0.785729,0.737016,0.795523,0.839452,0.819637,0.795307,0.823920,0.760728,0.789033,0.774045,0.808548,0.830372,0.771876,0.775433,0.777641,0.778736,0.777423,0.787093,0.796348,0.832584,0.762867,0.806876,0.816563,0.829939,0.824904,0.806606,0.798182,0.756963,0.790518,0.775746,0.820803,0.839406,0.823029,0.772841,0.803717,0.746770,0.781379,0.810887,0.810901,0.763375,0.792179,0.756842,0.780670,0.792260,0.795656,0.748441,0.788688,0.782899,0.763364,0.795193,0.771007,0.756228,0.779694,0.778517,0.819209,0.754970,0.758182,0.791881,0.739911,0.763866,0.807797,0.783409,0.794907,0.757281,0.776035,0.787794,0.796005,0.779779,0.794942,0.775873,0.810693,0.763435,0.799320,0.831213,0.807390,0.852474,0.757176,0.757451,0.772536,0.764319,0.807457,0.796406,0.768621,0.760571,0.810189,0.754723,0.793773,0.827204,0.780057,0.791136,0.814086,0.767587,0.778202,0.795430,0.732683,0.810365,0.765683,0.786306,0.771941,0.789107,0.812372,0.760271,0.816362,0.782506,0.768523,0.813527,0.754688,0.783264,0.755731,0.785728,0.819889,0.766111,0.817675,0.782650,0.804422,0.806765,0.820681,0.785036,0.795161,0.733599,0.831044,0.751338,0.786137,0.759315,0.811505,0.781744,0.730352,0.791326,0.845288,0.783120,0.768666,0.772068,0.753687,0.779862,0.796562,0.750805,0.784103,0.752258,0.803976,#
4,0.745860,0.799942,0.756302,0.798349,1.000000,0.831922,0.777506,0.773347,0.759154,0.765955,0.755844,0.783404,0.757838,0.807707,0.721742,0.785287,0.804126,0.817984,0.793922,0.829906,0.789365,0.778733,0.773743,0.817947,0.743842,0.744112,0.801842,0.766139,0.758039,0.776934,0.841015,0.793380,0.833416,0.754530,0.754417,0.751782,0.739843,0.798835,0.768323,0.804647,0.800812,0.740201,0.758761,0.798693,0.745940,0.790097,0.800644,0.784915,0.816649,0.792559,0.780987,0.768669,0.815908,0.737668,0.815637,0.824175,0.768542,0.786825,0.814492,0.795338,0.736024,0.780968,0.750999,0.759462,0.818746,0.808135,0.809876,0.782461,0.773334,0.769622,0.781512,0.817390,0.804983,0.791999,0.757711,0.751856,0.755501,0.802941,0.789925,0.801687,0.773150,0.766726,0.829735,0.764017,0.805846,0.770249,0.752922,0.730237,0.783050,0.799674,0.755786,0.771215,0.767732,0.776269,0.723871,0.759966,0.758533,0.751593,0.752824,0.788163,0.824075,0.807398,0.777852,0.767084,0.762449,0.773060,0.781543,0.776223,0.795290,0.756307,0.762583,0.767081,0.784685,0.832433,0.759315,0.763637,0.775709,0.820624,0.751053,0.719414,0.754581,0.797080,0.816979,0.790772,0.752249,0.798458,0.730873,0.781232,0.832929,0.791549,0.826793,0.797323,0.756591,0.771344,0.830502,0.802931,0.799613,0.796853,0.756155,0.728113,0.738475,0.813017,0.792374,0.788728,0.749035,0.728364,0.817895,0.731613,0.772674,0.813168,0.787335,0.861480,0.747611,0.730452,0.817541,0.764295,0.831899,0.732956,0.787556,0.742654,0.751399,0.786667,0.830459,0.783857,0.784503,0.762981,0.753827,0.737679,0.776453,0.770944,0.773093,0.799713,0.772862,0.766861,0.832407,0.785801,0.788930,0.806136,0.759140,0.768023,0.767201,0.784572,0.793331,0.759047,0.822941,0.802496,0.781059,0.807528,0.745860,0.748956,0.766680,0.721642,0.763502,0.793044,0.765721,0.749729,0.774885,0.773849,0.785181,0.759940,#
5,0.834545,0.835586,0.796742,0.806577,0.831922,1.000000,0.774193,0.811496,0.825447,0.764940,0.782545,0.788170,0.740416,0.751906,0.761911,0.840073,0.787543,0.815575,0.786450,0.805858,0.795891,0.795993,0.796906,0.807425,0.759599,0.792324,0.847049,0.833425,0.762172,0.787491,0.843185,0.828544,0.806919,0.808686,0.779585,0.798105,0.763276,0.812211,0.802975,0.811146,0.821081,0.733361,0.756346,0.794313,0.801098,0.804394,0.836051,0.809946,0.817017,0.786562,0.791726,0.779194,0.798114,0.826768,0.791549,0.873983,0.808289,0.823586,0.857743,0.817266,0.798834,0.803262,0.779986,0.833906,0.802605,0.818704,0.800564,0.806188,0.788778,0.799290,0.835149,0.807661,0.841268,0.803291,0.773057,0.777920,0.822330,0.793100,0.778606,0.770808,0.844305,0.798525,0.815587,0.816725,0.825045,0.826955,0.803681,0.809848,0.781931,0.791451,0.764479,0.792141,0.812778,0.811662,0.761763,0.750902,0.788899,0.768308,0.826385,0.807540,0.848082,0.822507,0.850796,0.810021,0.787888,0.799764,0.786047,0.812751,0.759893,0.780311,0.770735,0.815394,0.795093,0.772800,0.739796,0.766769,0.811867,0.798405,0.747141,0.782471,0.768048,0.815197,0.814498,0.861522,0.755365,0.817916,0.803576,0.804824,0.817487,0.805334,0.841382,0.839977,0.830441,0.817603,0.801828,0.786498,0.826624,0.806642,0.768062,0.790603,0.777072,0.768782,0.801855,0.832451,0.829402,0.738363,0.784168,0.783163,0.796788,0.826354,0.836637,0.846510,0.769217,0.771652,0.781153,0.747157,0.832845,0.811729,0.817973,0.813096,0.788031,0.836486,0.804392,0.811658,0.810898,0.781413,0.773280,0.804173,0.773580,0.775343,0.842320,0.805236,0.776001,0.789320,0.823644,0.780285,0.757542,0.823177,0.800527,0.821985,0.814557,0.799743,0.772535,0.787475,0.822940,0.801622,0.801800,0.784358,0.777140,0.814049,0.751096,0.817260,0.785676,0.802441,0.752054,0.770188,0.772675,0.817205,0.808039,0.795494,#
6,0.811110,0.756317,0.768703,0.777083,0.777506,0.774193,1.000000,0.764979,0.783210,0.754642,0.779752,0.760073,0.780622,0.806966,0.714164,0.771901,0.805835,0.823325,0.781429,0.750200,0.814882,0.754430,0.756999,0.787995,0.766856,0.780321,0.782529,0.776778,0.769385,0.796035,0.801305,0.810715,0.822207,0.811686,0.790979,0.771500,0.752261,0.779309,0.770253,0.795325,0.787950,0.784335,0.778399,0.793035,0.802387,0.717584,0.819070,0.778289,0.840841,0.828031,0.808176,0.812338,0.829653,0.698480,0.831018,0.818728,0.811948,0.827883,0.841676,0.745029,0.793056,0.780473,0.750029,0.764639,0.843056,0.781365,0.845744,0.784469,0.803052,0.744149,0.779633,0.820533,0.809064,0.809398,0.756772,0.766566,0.786288,0.801066,0.789100,0.751017,0.811794,0.789101,0.786932,0.840183,0.777186,0.791010,0.774335,0.774875,0.798624,0.808997,0.753729,0.782628,0.743165,0.794649,0.741305,0.769365,0.797233,0.781152,0.787756,0.784335,0.812807,0.795385,0.795058,0.798163,0.774102,0.735275,0.797423,0.767983,0.785821,0.708136,0.731309,0.756716,0.741266,0.760171,0.750277,0.745586,0.768304,0.784903,0.763955,0.759448,0.770663,0.798650,0.756424,0.840132,0.804430,0.796191,0.739745,0.789219,0.738733,0.761943,0.797943,0.795577,0.764575,0.730993,0.800441,0.797732,0.800955,0.789410,0.818068,0.778488,0.791798,0.789681,0.744736,0.800915,0.750804,0.775995,0.793556,0.747945,0.774387,0.763826,0.790829,0.835641,0.736153,0.726303,0.741889,0.733699,0.823194,0.717169,0.784971,0.792553,0.806824,0.793437,0.758675,0.804989,0.808035,0.784088,0.818092,0.710908,0.776548,0.768927,0.816651,0.770848,0.727428,0.737954,0.779943,0.798906,0.782150,0.805121,0.768151,0.770366,0.776640,0.765499,0.796141,0.792764,0.749314,0.790074,0.762766,0.780809,0.726178,0.772008,0.738393,0.758779,0.752120,0.767421,0.802013,0.804392,0.775482,0.806160,0.776616,0.763343,#
7,0.815409,0.793579,0.792933,0.776913,0.773347,0.811496,0.764979,1.000000,0.842481,0.775536,0.772331,0.754193,0.783702,0.793799,0.774028,0.763707,0.788771,0.796351,0.811548,0.784627,0.797401,0.764706,0.845014,0.801266,0.770221,0.814759,0.806562,0.810456,0.777841,0.825968,0.759842,0.807828,0.769183,0.781299,0.774713,0.781078,0.771694,0.783312,0.794610,0.793216,0.814132,0.760372,0.794261,0.793043,0.773897,0.762526,0.808238,0.800899,0.792084,0.765779,0.799980,0.779789,0.813579,0.831253,0.810837,0.809486,0.784706,0.807533,0.798845,0.790311,0.752725,0.779114,0.775370,0.789332,0.814197,0.834055,0.846944,0.812037,0.822576,0.766236,0.814793,0.731861,0.831187,0.809724,0.784608,0.766039,0.809880,0.770410,0.778120,0.762250,0.822710,0.797806,0.824606,0.781332,0.816017,0.781921,0.842132,0.786228,0.759433,0.782490,0.785516,0.825060,0.795842,0.776727,0.792716,0.754684,0.809167,0.819678,0.813961,0.809982,0.816400,0.767880,0.788265,0.779995,0.755830,0.779450,0.772395,0.806856,0.774603,0.730266,0.843583,0.788240,0.801684,0.794232,0.730431,0.785275,0.766523,0.768355,0.737514,0.775036,0.779551,0.781452,0.771388,0.839221,0.828800,0.791338,0.758098,0.801297,0.743029,0.771846,0.797839,0.806395,0.799899,0.738756,0.813076,0.824807,0.828061,0.802483,0.754598,0.781288,0.778639,0.806604,0.802206,0.795874,0.788821,0.768575,0.807125,0.710940,0.806867,0.798688,0.767262,0.811813,0.807460,0.729939,0.775271,0.796056,0.805307,0.784159,0.824198,0.771464,0.809583,0.777950,0.836046,0.769672,0.808666,0.770988,0.826427,0.794209,0.755787,0.731982,0.838799,0.815594,0.742503,0.782347,0.797401,0.757031,0.773653,0.807518,0.777991,0.776613,0.773953,0.782620,0.780705,0.783144,0.774269,0.814078,0.792397,0.760278,0.784367,0.823016,0.805503,0.804065,0.758057,0.771194,0.782951,0.785491,0.763584,0.819683,0.796814,0.778732,#
8,0.815613,0.826928,0.800315,0.824398,0.759154,0.825447,0.783210,0.842481,1.000000,0.796038,0.773757,0.789640,0.810416,0.795182,0.765781,0.801824,0.789642,0.839576,0.779269,0.821597,0.806583,0.810102,0.816096,0.789218,0.769284,0.826465,0.816442,0.819520,0.793745,0.800645,0.790235,0.823746,0.808933,0.790567,0.770877,0.796088,0.771084,0.813840,0.789293,0.811105,0.815791,0.764409,0.855227,0.771472,0.779149,0.761226,0.807433,0.809837,0.815611,0.812228,0.810330,0.801090,0.788968,0.829259,0.819431,0.829450,0.781576,0.803627,0.810110,0.764850,0.802638,0.795876,0.800105,0.803934,0.826032,0.841663,0.828650,0.839301,0.819472,0.774271,0.781618,0.812167,0.846279,0.820178,0.780489,0.752168,0.786612,0.790492,0.780640,0.788700,0.827801,0.798399,0.809758,0.826287,0.833331,0.810879,0.776593,0.814878,0.766544,0.774145,0.785818,0.805794,0.823035,0.801322,0.802326,0.791213,0.774545,0.807467,0.853568,0.817423,0.825688,0.761360,0.785382,0.819335,0.754324,0.795059,0.806176,0.824639,0.753841,0.788734,0.799379,0.804485,0.812380,0.779285,0.750512,0.801916,0.760037,0.772341,0.785930,0.788512,0.769993,0.788420,0.794636,0.829896,0.774187,0.807342,0.764300,0.780991,0.786828,0.794147,0.770191,0.814627,0.795561,0.784573,0.844669,0.807791,0.827686,0.798289,0.778159,0.808870,0.775395,0.822708,0.814512,0.800894,0.800873,0.738882,0.777849,0.740136,0.808527,0.816061,0.781797,0.836238,0.779898,0.825584,0.772861,0.764767,0.832515,0.802784,0.828416,0.812189,0.799246,0.808170,0.832069,0.823229,0.793230,0.769926,0.789331,0.794960,0.786268,0.765858,0.841708,0.813041,0.765987,0.795825,0.829047,0.791726,0.776759,0.826873,0.781957,0.751690,0.777781,0.820597,0.765832,0.809244,0.789068,0.814204,0.828231,0.781411,0.806235,0.837829,0.828106,0.828815,0.830223,0.791242,0.767270,0.768387,0.772687,0.799736,0.769198,0.836252,#
9,0.763131,0.789961,0.740768,0.796447,0.765955,0.764940,0.754642,0.775536,0.796038,1.000000,0.748064,0.741668,0.784718,0.787276,0.782963,0.784959,0.798185,0.782950,0.790168,0.761581,0.825703,0.779238,0.792388,0.805177,0.733035,0.761336,0.786560,0.832618,0.725455,0.822403,0.749406,0.776558,0.803457,0.793104,0.773322,0.772773,0.747555,0.794362,0.780679,0.787976,0.795728,0.782522,0.752707,0.764227,0.798737,0.727331,0.781660,0.769707,0.770867,0.764573,0.734548,0.751192,0.750541,0.775743,0.796284,0.797816,0.760670,0.832441,0.781321,0.766579,0.784823,0.755333,0.755882,0.767913,0.772389,0.838750,0.817124,0.806717,0.814827,0.747443,0.766049,0.746607,0.789958,0.778573,0.779027,0.758328,0.759749,0.819459,0.769997,0.808432,0.770387,0.778409,0.783053,0.853171,0.800375,0.768554,0.742940,0.807262,0.742729,0.739631,0.759117,0.772850,0.812546,0.769805,0.772220,0.755552,0.744369,0.776911,0.786569,0.793888,0.809826,0.799935,0.783820,0.798972,0.771879,0.779828,0.772088,0.792533,0.799436,0.803560,0.812338,0.784159,0.802392,0.762030,0.732502,0.801604,0.695332,0.751567,0.711101,0.755808,0.767210,0.793173,0.796326,0.811915,0.782281,0.771709,0.791395,0.738430,0.805046,0.754707,0.774582,0.804255,0.767191,0.774422,0.802056,0.751914,0.781660,0.764151,0.750614,0.778076,0.758309,0.832176,0.791293,0.804247,0.754759,0.801907,0.795228,0.741374,0.794454,0.781505,0.749891,0.797569,0.752877,0.781999,0.778447,0.761246,0.771594,0.772431,0.783149,0.793545,0.788053,0.825884,0.773335,0.795247,0.813020,0.787916,0.743778,0.752556,0.796454,0.748513,0.820149,0.797012,0.756936,0.748589,0.802742,0.820014,0.747614,0.817654,0.753286,0.803696,0.796775,0.761471,0.777838,0.755728,0.774821,0.831962,0.755136,0.749893,0.792772,0.731782,0.794846,0.798396,0.757612,0.735140,0.751222,0.730298,0.767034,0.769701,0.756750,0.762217,#
10,0.793443,0.796346,0.760537,0.795713,0.755844,0.782545,0.779752,0.772331,0.773757,0.748064,1.000000,0.757546,0.748619,0.769417,0.714124,0.786346,0.784979,0.762060,0.792880,0.769144,0.778573,0.765929,0.817701,0.822824,0.697622,0.752067,0.794118,0.819457,0.777020,0.817671,0.791698,0.780893,0.803495,0.808965,0.787012,0.780965,0.756745,0.801359,0.790842,0.795297,0.791638,0.752098,0.773163,0.749338,0.772046,0.792866,0.836800,0.777177,0.807781,0.839891,0.762163,0.794704,0.783212,0.725496,0.800804,0.818996,0.799689,0.818777,0.769661,0.766403,0.812007,0.785869,0.810950,0.791848,0.826328,0.741065,0.805848,0.748760,0.804196,0.761886,0.821010,0.798029,0.846404,0.734495,0.762350,0.817885,0.795861,0.818215,0.783209,0.758171,0.840631,0.773653,0.787896,0.796835,0.793599,0.764933,0.796348,0.775150,0.769107,0.817326,0.737192,0.813611,0.831258,0.772740,0.740516,0.783665,0.752253,0.809125,0.791139,0.836018,0.797517,0.775444,0.779063,0.818210,0.829956,0.771291,0.771930,0.766891,0.752404,0.756196,0.762026,0.755863,0.795603,0.782590,0.725215,0.795781,0.740090,0.764274,0.777489,0.749629,0.771290,0.806368,0.722319,0.812176,0.733147,0.781290,0.779632,0.779151,0.793831,0.778072,0.759007,0.785134,0.751439,0.756852,0.825985,0.834932,0.792360,0.737017,0.779698,0.800961,0.811729,0.773151,0.734386,0.799946,0.716205,0.739044,0.785677,0.758931,0.801397,0.772732,0.777999,0.797592,0.782113,0.747930,0.787788,0.737468,0.822738,0.819326,0.780357,0.761250,0.806829,0.773622,0.758336,0.809766,0.796585,0.742880,0.788635,0.754476,0.792140,0.783087,0.785549,0.800556,0.709787,0.747708,0.807180,0.774559,0.741285,0.803074,0.729805,0.793060,0.753228,0.769003,0.795210,0.754897,0.736245,0.804307,0.755365,0.767607,0.711057,0.814015,0.786456,0.752697,0.767574,0.787931,0.779197,0.794488,0.767633,0.802310,0.769914,0.781015,#
11,0.827238,0.802341,0.736347,0.782853,0.783404,0.788170,0.760073,0.754193,0.789640,0.741668,0.757546,1.000000,0.811339,0.773130,0.745688,0.772019,0.788083,0.833989,0.830741,0.781331,0.754432,0.764305,0.824304,0.784710,0.738640,0.757815,0.774169,0.770884,0.789806,0.739298,0.782860,0.802960,0.822384,0.786442,0.735091,0.769083,0.790911,0.801780,0.751628,0.805856,0.807908,0.749187,0.781500,0.766961,0.763251,0.731320,0.848332,0.813927,0.794298,0.830787,0.773116,0.759598,0.813201,0.750640,0.806337,0.811061,0.749335,0.817265,0.776665,0.758957,0.748169,0.753235,0.807296,0.760396,0.802130,0.802021,0.804473,0.798325,0.806295,0.775072,0.804073,0.758519,0.812252,0.783710,0.813555,0.740645,0.827146,0.801305,0.772180,0.728509,0.786121,0.764160,0.797137,0.805428,0.819143,0.795452,0.735475,0.745938,0.745662,0.741038,0.784174,0.810462,0.779499,0.746604,0.747583,0.808033,0.775489,0.771799,0.765885,0.787299,0.772422,0.797732,0.798411,0.784080,0.812073,0.781558,0.772009,0.806462,0.794278,0.766186,0.816634,0.798982,0.791701,0.754507,0.696355,0.786450,0.754465,0.773853,0.777468,0.784282,0.730138,0.799169,0.767312,0.806237,0.773074,0.789081,0.800486,0.770280,0.788939,0.792711,0.801007,0.774235,0.785434,0.778828,0.813384,0.772339,0.818760,0.765052,0.780881,0.763144,0.768314,0.769022,0.778178,0.804624,0.793127,0.721723,0.806743,0.764831,0.788509,0.804077,0.785825,0.779099,0.772761,0.793335,0.809490,0.735512,0.827612,0.750339,0.772938,0.767117,0.785547,0.800146,0.811327,0.786518,0.834970,0.724904,0.818365,0.738107,0.795011,0.805688,0.796139,0.779441,0.794554,0.834458,0.780582,0.784443,0.774006,0.802784,0.744131,0.813571,0.759019,0.759166,0.801000,0.767167,0.800625,0.763277,0.770706,0.810957,0.757516,0.765061,0.797457,0.766489,0.783510,0.753963,0.739603,0.778686,0.747055,0.787183,0.759438,0.749301,#
12,0.789388,0.798183,0.749721,0.805553,0.757838,0.740416,0.780622,0.783702,0.810416,0.784718,0.748619,0.811339,1.000000,0.791226,0.779298,0.771775,0.781864,0.818753,0.823148,0.779242,0.790477,0.742797,0.808415,0.796500,0.749945,0.781895,0.749460,0.793279,0.794829,0.766745,0.759727,0.801264,0.794526,0.821334,0.771026,0.786335,0.772097,0.811024,0.792637,0.790738,0.732288,0.725825,0.764944,0.787769,0.778559,0.765107,0.814395,0.751244,0.791388,0.792407,0.822024,0.764780,0.777626,0.761864,0.839177,0.800352,0.760766,0.807139,0.772810,0.768123,0.752773,0.771709,0.767251,0.765212,0.813164,0.833606,0.810905,0.758304,0.815940,0.786219,0.784062,0.769782,0.806332,0.780524,0.807452,0.756272,0.807274,0.783705,0.790104,0.782762,0.793030,0.775547,0.814880,0.826773,0.770380,0.801860,0.741898,0.788469,0.758748,0.746926,0.786534,0.790385,0.795331,0.724022,0.739134,0.816860,0.814876,0.782654,0.779879,0.761749,0.756649,0.797562,0.783804,0.810831,0.730845,0.772652,0.753709,0.760163,0.805338,0.769559,0.786913,0.760962,0.772520,0.753430,0.816993,0.802301,0.725777,0.758488,0.787792,0.786524,0.733467,0.788379,0.774561,0.813135,0.795424,0.800544,0.780333,0.744843,0.769934,0.794547,0.744541,0.765826,0.739746,0.760220,0.777818,0.790357,0.772074,0.798516,0.750270,0.753005,0.813543,0.811082,0.764054,0.812089,0.750824,0.741837,0.796663,0.731446,0.803128,0.827615,0.763925,0.797703,0.781150,0.731861,0.769334,0.802502,0.834229,0.805892,0.810740,0.772055,0.780774,0.807044,0.804348,0.791956,0.827524,0.705352,0.787160,0.788872,0.735790,0.766456,0.794670,0.789212,0.755215,0.786430,0.760299,0.748469,0.832290,0.845596,0.750802,0.744960,0.761037,0.790303,0.796695,0.763540,0.712779,0.777919,0.742003,0.803624,0.781023,0.780706,0.759706,0.768625,0.757093,0.772109,0.751330,0.796321,0.767927,0.802219,0.796336,0.743010,#
13,0.806175,0.784608,0.792062,0.785449,0.807707,0.751906,0.806966,0.793799,0.795182,0.787276,0.769417,0.773130,0.791226,1.000000,0.742418,0.759662,0.758700,0.836944,0.810643,0.782356,0.787433,0.766587,0.830256,0.792896,0.759061,0.763958,0.761649,0.806813,0.791236,0.827441,0.744773,0.791214,0.821985,0.808451,0.723444,0.748578,0.755231,0.808093,0.816005,0.813475,0.846508,0.754558,0.807210,0.760325,0.815887,0.778440,0.807490,0.794031,0.825960,0.814185,0.788520,0.822210,0.797870,0.757281,0.840823,0.833307,0.786024,0.814080,0.817441,0.778040,0.794696,0.788247,0.759399,0.798898,0.830747,0.829651,0.817513,0.785979,0.818198,0.762979,0.762446,0.793500,0.779954,0.825445,0.805863,0.759599,0.793333,0.796170,0.823935,0.788829,0.792581,0.796520,0.829036,0.812667,0.808815,0.803662,0.746500,0.761896,0.799664,0.784880,0.751136,0.803574,0.796401,0.771730,0.780164,0.764701,0.779387,0.766786,0.775577,0.825987,0.817045,0.786401,0.785763,0.828620,0.777565,0.819249,0.775982,0.800444,0.781820,0.747197,0.797295,0.794371,0.789415,0.795710,0.765090,0.812637,0.724828,0.803065,0.797657,0.775812,0.771423,0.805551,0.746666,0.783548,0.776190,0.776717,0.801050,0.762608,0.778356,0.776989,0.778501,0.777386,0.758165,0.760373,0.827829,0.782028,0.794213,0.794955,0.830303,0.773610,0.765090,0.839676,0.805558,0.791603,0.728439,0.754402,0.815253,0.737243,0.811708,0.799640,0.787095,0.828943,0.774739,0.783818,0.768201,0.764529,0.824074,0.768583,0.818822,0.765942,0.805591,0.816154,0.793573,0.809453,0.807872,0.791758,0.813357,0.780415,0.810517,0.770591,0.805142,0.813207,0.806935,0.781065,0.847516,0.811190,0.807369,0.849328,0.785541,0.778170,0.764428,0.793581,0.821455,0.780224,0.796797,0.806586,0.768892,0.805367,0.741747,0.775459,0.788833,0.780977,0.796373,0.809615,0.804937,0.735528,0.768540,0.810320,0.773837,0.751805,#
14,0.780242,0.787842,0.769433,0.740542,0.721742,0.761911,0.714164,0.774028,0.765781,0.782963,0.714124,0.745688,0.779298,0.742418,1.000000,0.772251,0.761222,0.738506,0.715879,0.746244,0.758955,0.736076,0.765285,0.806889,0.721127,0.688052,0.769381,0.758577,0.725108,0.766829,0.780292,0.744762,0.757894,0.728108,0.750298,0.738988,0.684125,0.787985,0.772363,0.720076,0.765724,0.710576,0.775546,0.758267,0.739336,0.720247,0.772786,0.720401,0.721329,0.737629,0.722372,0.738604,0.715540,0.801527,0.763567,0.763131,0.718145,0.762003,0.759447,0.689315,0.756309,0.783515,0.738840,0.750008,0.753773,0.762901,0.775531,0.764371,0.800417,0.745661,0.722914,0.713465,0.782578,0.747295,0.757100,0.738089,0.763437,0.763733,0.745395,0.724003,0.775728,0.756223,0.794070,0.805903,0.766308,0.770790,0.736695,0.768876,0.760857,0.681154,0.713514,0.731503,0.770863,0.783358,0.757944,0.745220,0.795594,0.748466,0.754489,0.741250,0.789507,0.755505,0.786249,0.723523,0.738199,0.769415,0.730999,0.726788,0.769404,0.719268,0.777637,0.775194,0.768314,0.725930,0.695396,0.750400,0.710763,0.705993,0.725570,0.709588,0.750242,0.760430,0.743019,0.783710,0.779457,0.699499,0.746598,0.781598,0.689102,0.768748,0.747338,0.783628,0.729832,0.722527,0.770580,0.746407,0.789331,0.759382,0.741352,0.754779,0.760237,0.777176,0.691470,0.782624,0.722921,0.767786,0.795213,0.697227,0.768184,0.720925,0.765278,0.763665,0.710359,0.727281,0.777085,0.732317,0.750481,0.750288,0.735861,0.728010,0.760173,0.739096,0.762375,0.762481,0.747633,0.714343,0.735057,0.737639,0.709831,0.750069,0.759266,0.754887,0.732485,0.787640,0.794977,0.773391,0.759661,0.773607,0.705597,0.725138,0.748163,0.784617,0.765236,0.718890,0.764821,0.766141,0.769056,0.703067,0.721923,0.720215,0.716687,0.729166,0.768011,0.759437,0.714764,0.731789,0.727214,0.736495,0.693002,0.679463,#
15,0.787616,0.806152,0.763015,0.828359,0.785287,0.840073,0.771901,0.763707,0.801824,0.784959,0.786346,0.772019,0.771775,0.759662,0.772251,1.000000,0.783703,0.799966,0.776485,0.772767,0.778369,0.795162,0.786184,0.800244,0.757449,0.771436,0.761689,0.772822,0.763918,0.791836,0.819528,0.812803,0.805610,0.824815,0.739259,0.811627,0.780971,0.813684,0.805200,0.758966,0.757428,0.738437,0.769727,0.762505,0.813536,0.769773,0.833885,0.808033,0.817642,0.814724,0.772952,0.805309,0.765097,0.749958,0.805078,0.800303,0.788956,0.786596,0.777587,0.754595,0.808945,0.804660,0.745802,0.815680,0.786476,0.799920,0.789402,0.786288,0.779862,0.734309,0.804360,0.769700,0.783236,0.770602,0.777891,0.758676,0.796998,0.795677,0.790734,0.773267,0.819412,0.789671,0.797249,0.823448,0.821838,0.791811,0.725794,0.793494,0.762505,0.745608,0.732721,0.760876,0.796526,0.793796,0.709849,0.750813,0.762904,0.772031,0.753339,0.777950,0.822576,0.775767,0.808792,0.811242,0.761921,0.771903,0.789962,0.819763,0.745386,0.802195,0.740859,0.738384,0.783974,0.768642,0.716237,0.754097,0.763465,0.786671,0.766397,0.772089,0.739421,0.775535,0.754653,0.832324,0.752092,0.773403,0.797572,0.749146,0.809153,0.805964,0.772687,0.772084,0.731095,0.721498,0.798750,0.770350,0.785036,0.759368,0.758314,0.759551,0.760896,0.772253,0.755786,0.785603,0.763234,0.767659,0.770549,0.748619,0.791970,0.787330,0.820306,0.795196,0.813639,0.806206,0.767515,0.750285,0.845565,0.762268,0.790158,0.783665,0.766908,0.824954,0.812387,0.768495,0.821892,0.758310,0.778818,0.784039,0.798968,0.736772,0.762644,0.802667,0.717041,0.794633,0.779322,0.825274,0.765948,0.786127,0.762124,0.772768,0.779656,0.797768,0.762317,0.779849,0.762547,0.769516,0.730432,0.743290,0.723691,0.785613,0.747136,0.789111,0.775066,0.769618,0.769210,0.747389,0.792055,0.808345,0.782609,0.807604,#
16,0.824961,0.790654,0.771778,0.800313,0.804126,0.787543,0.805835,0.788771,0.789642,0.798185,0.784979,0.788083,0.781864,0.758700,0.761222,0.783703,1.000000,0.807702,0.817519,0.771702,0.855569,0.804931,0.763517,0.808233,0.740555,0.790933,0.801788,0.738343,0.768578,0.773146,0.814043,0.831291,0.829690,0.787018,0.770074,0.795526,0.807306,0.799320,0.798444,0.804341,0.779212,0.767245,0.772567,0.780957,0.773507,0.803523,0.797389,0.780235,0.802669,0.816361,0.767437,0.769565,0.815704,0.813374,0.825238,0.830978,0.718583,0.807713,0.810438,0.742541,0.812570,0.790642,0.774111,0.765739,0.804188,0.786766,0.836993,0.789078,0.833873,0.802652,0.795830,0.780447,0.814024,0.775684,0.790527,0.757059,0.801727,0.808731,0.770460,0.809708,0.834534,0.806422,0.821705,0.812213,0.820868,0.789703,0.804758,0.750056,0.779517,0.791640,0.752934,0.797312,0.808145,0.782215,0.788561,0.820820,0.802357,0.769470,0.824247,0.799501,0.810408,0.783292,0.776982,0.812936,0.762491,0.819771,0.816554,0.788941,0.824962,0.772004,0.812305,0.802992,0.797727,0.796490,0.765518,0.841683,0.804509,0.792709,0.739488,0.720929,0.746010,0.804008,0.765680,0.834932,0.805936,0.792644,0.768023,0.758531,0.789952,0.770430,0.814524,0.789127,0.785152,0.741990,0.819517,0.834263,0.785553,0.775554,0.765594,0.786546,0.780186,0.797557,0.801220,0.819151,0.746385,0.748512,0.809799,0.776439,0.774402,0.793375,0.763443,0.823569,0.749604,0.768903,0.845059,0.773356,0.805775,0.772877,0.783777,0.776481,0.767134,0.795421,0.834030,0.798413,0.818029,0.799727,0.802126,0.776076,0.789449,0.775281,0.784247,0.809101,0.772700,0.774696,0.807157,0.796324,0.746079,0.838885,0.774199,0.778852,0.758376,0.763607,0.821150,0.765371,0.781095,0.795893,0.812215,0.786990,0.774650,0.783633,0.806333,0.771028,0.803134,0.782620,0.765740,0.788525,0.780798,0.813316,0.792877,0.801513,#
17,0.843297,0.803614,0.788112,0.794620,0.817984,0.815575,0.823325,0.796351,0.839576,0.782950,0.762060,0.833989,0.818753,0.836944,0.738506,0.799966,0.807702,1.000000,0.796910,0.815230,0.820343,0.788389,0.818604,0.826985,0.834101,0.816232,0.814608,0.793419,0.774135,0.816588,0.818235,0.833921,0.791253,0.792404,0.772383,0.819484,0.792289,0.818144,0.806507,0.842988,0.821140,0.785408,0.823342,0.781758,0.799841,0.763864,0.827254,0.858233,0.839493,0.837824,0.828953,0.783755,0.827754,0.770729,0.832101,0.844078,0.801226,0.812061,0.823053,0.758821,0.803441,0.800372,0.773770,0.796557,0.822789,0.862575,0.855874,0.827267,0.813161,0.782404,0.815707,0.795621,0.801012,0.812394,0.798565,0.745311,0.827825,0.827220,0.818133,0.813573,0.828406,0.812659,0.836807,0.843511,0.824829,0.813927,0.802046,0.808746,0.782550,0.803087,0.784566,0.784977,0.819592,0.793631,0.761554,0.832423,0.824246,0.762710,0.765509,0.836023,0.829428,0.776262,0.820581,0.817947,0.748234,0.798181,0.807866,0.812347,0.757611,0.797632,0.809401,0.800271,0.787788,0.813873,0.793785,0.777690,0.747242,0.800391,0.772578,0.784870,0.791164,0.820694,0.794937,0.836048,0.788022,0.821562,0.799001,0.785120,0.801433,0.802703,0.824506,0.839175,0.816016,0.766616,0.803165,0.825906,0.817653,0.811232,0.830880,0.827348,0.799731,0.824371,0.853016,0.810342,0.802469,0.765100,0.819743,0.769482,0.831624,0.777737,0.823550,0.828519,0.794724,0.802388,0.811771,0.806343,0.877463,0.783614,0.825944,0.794962,0.804887,0.819424,0.844433,0.794277,0.848450,0.800645,0.774384,0.783330,0.807598,0.767810,0.849163,0.815160,0.799026,0.803712,0.843535,0.777547,0.785333,0.835040,0.773640,0.814405,0.789071,0.825454,0.815376,0.820764,0.818444,0.801200,0.809011,0.855371,0.754990,0.792122,0.797539,0.804979,0.820349,0.805175,0.807311,0.818841,0.777402,0.848969,0.796706,0.777103,#
18,0.811467,0.807147,0.770281,0.821863,0.793922,0.786450,0.781429,0.811548,0.779269,0.790168,0.792880,0.830741,0.823148,0.810643,0.715879,0.776485,0.817519,0.796910,1.000000,0.816730,0.787716,0.802085,0.818793,0.786211,0.762064,0.798670,0.804690,0.796480,0.771055,0.820066,0.753592,0.831911,0.821071,0.824097,0.784362,0.816922,0.780212,0.816460,0.798405,0.799727,0.817280,0.726272,0.783165,0.772033,0.820169,0.766657,0.844352,0.805952,0.817226,0.774073,0.761980,0.775852,0.823289,0.757508,0.808868,0.830660,0.773447,0.811693,0.810929,0.802777,0.800113,0.781072,0.770298,0.766910,0.825393,0.802203,0.790283,0.808073,0.785790,0.788971,0.809851,0.761500,0.823923,0.773124,0.833643,0.765068,0.829291,0.787224,0.819075,0.775598,0.783351,0.764423,0.824399,0.815437,0.842625,0.815500,0.777107,0.778594,0.798431,0.757635,0.783271,0.784641,0.822993,0.784329,0.790445,0.771969,0.787033,0.812884,0.803488,0.827115,0.806990,0.776631,0.792875,0.824497,0.778703,0.823494,0.768772,0.787600,0.808485,0.769000,0.818173,0.774242,0.825655,0.801142,0.726059,0.771074,0.784727,0.780536,0.772367,0.777273,0.766236,0.829791,0.759650,0.808998,0.797575,0.768346,0.822945,0.746333,0.826265,0.771805,0.804138,0.798177,0.782524,0.761704,0.812410,0.800886,0.839859,0.794037,0.788106,0.788689,0.771504,0.830766,0.797465,0.842756,0.757104,0.782998,0.798108,0.717313,0.837000,0.800865,0.785014,0.846429,0.793026,0.770873,0.797241,0.798560,0.811683,0.816634,0.804803,0.780950,0.823089,0.793087,0.838875,0.793799,0.824583,0.788010,0.859609,0.784046,0.769772,0.768416,0.795321,0.835326,0.801072,0.791078,0.765824,0.788665,0.797391,0.857741,0.760128,0.812955,0.776099,0.795022,0.797973,0.780308,0.784000,0.821256,0.804648,0.780171,0.751959,0.788430,0.799103,0.785067,0.757352,0.810869,0.799964,0.786395,0.734262,0.826334,0.790911,0.773835,#
19,0.796858,0.806839,0.792534,0.787631,0.829906,0.805858,0.750200,0.784627,0.821597,0.761581,0.769144,0.781331,0.779242,0.782356,0.746244,0.772767,0.771702,0.815230,0.816730,1.000000,0.781585,0.784375,0.792708,0.797935,0.749883,0.739333,0.799509,0.751054,0.782823,0.796529,0.799582,0.831679,0.793056,0.768885,0.746977,0.796432,0.728276,0.792143,0.783496,0.794832,0.807554,0.718102,0.768078,0.772059,0.770382,0.767787,0.860069,0.785027,0.795845,0.735472,0.734813,0.761643,0.778429,0.769770,0.803509,0.785744,0.807012,0.791351,0.778125,0.711876,0.803463,0.759985,0.800125,0.779501,0.814698,0.829966,0.799899,0.775759,0.791010,0.764704,0.774795,0.778200,0.808410,0.772251,0.783702,0.728486,0.768998,0.754558,0.763349,0.759255,0.799875,0.751792,0.826130,0.765654,0.797719,0.762348,0.757033,0.793109,0.792435,0.740337,0.761458,0.777168,0.800401,0.792741,0.752180,0.748263,0.768540,0.770691,0.771221,0.815726,0.814939,0.776365,0.767227,0.792676,0.759017,0.761687,0.773110,0.765800,0.764171,0.723534,0.752555,0.751044,0.797887,0.797944,0.744166,0.774585,0.769422,0.770499,0.727814,0.722411,0.759070,0.805062,0.753888,0.843009,0.792225,0.764260,0.766095,0.776312,0.833040,0.834917,0.783177,0.823090,0.779057,0.766674,0.804041,0.816686,0.798697,0.782913,0.775000,0.772051,0.763153,0.784793,0.785651,0.802395,0.725029,0.743644,0.761007,0.706430,0.801510,0.777539,0.764928,0.831951,0.763858,0.765346,0.793595,0.758484,0.818758,0.790341,0.800895,0.779863,0.770881,0.809092,0.796320,0.779261,0.796610,0.763630,0.744960,0.787784,0.757124,0.747396,0.777626,0.813418,0.769705,0.754961,0.826817,0.756510,0.780376,0.834417,0.739562,0.760622,0.721676,0.803865,0.805501,0.805969,0.791150,0.770573,0.789974,0.785250,0.762001,0.780312,0.795960,0.777407,0.778034,0.810362,0.779274,0.778724,0.745139,0.771032,0.762910,0.758492,#
20,0.829816,0.812492,0.765339,0.778740,0.789365,0.795891,0.814882,0.797401,0.806583,0.825703,0.778573,0.754432,0.790477,0.787433,0.758955,0.778369,0.855569,0.820343,0.787716,0.781585,1.000000,0.795717,0.776007,0.820731,0.750713,0.798577,0.811572,0.792417,0.765243,0.804088,0.795915,0.813748,0.795787,0.821331,0.807000,0.808169,0.788917,0.786271,0.818735,0.811728,0.805603,0.822164,0.766518,0.820113,0.800369,0.771459,0.820202,0.786668,0.791147,0.787370,0.795506,0.809880,0.791745,0.792060,0.814342,0.826089,0.772132,0.817995,0.808995,0.757548,0.819995,0.784245,0.816498,0.773068,0.827756,0.831707,0.845859,0.786986,0.826965,0.770364,0.796621,0.783886,0.784041,0.801660,0.785693,0.721563,0.772149,0.815707,0.798495,0.820395,0.813692,0.822304,0.812182,0.844948,0.785021,0.788263,0.810622,0.784602,0.787410,0.813641,0.793253,0.810972,0.804587,0.827325,0.793000,0.777140,0.760203,0.758258,0.806657,0.808133,0.831557,0.794638,0.806360,0.833021,0.782699,0.759141,0.805927,0.802680,0.806084,0.813864,0.798690,0.809455,0.773482,0.751464,0.798760,0.789111,0.777213,0.803421,0.732865,0.751454,0.819921,0.816250,0.776502,0.865943,0.779120,0.806490,0.762409,0.755457,0.793719,0.789796,0.814214,0.789920,0.818948,0.802047,0.824926,0.787885,0.776575,0.808775,0.805179,0.814381,0.777094,0.788045,0.772020,0.835360,0.791486,0.740747,0.807667,0.758446,0.793543,0.825944,0.806843,0.825141,0.787828,0.778843,0.803354,0.785109,0.806245,0.805817,0.803300,0.791419,0.783796,0.815020,0.801363,0.814759,0.855257,0.723682,0.769659,0.768845,0.775144,0.765563,0.803978,0.798278,0.804749,0.769997,0.800085,0.780373,0.760827,0.832652,0.792435,0.814332,0.772884,0.778833,0.800071,0.774380,0.760199,0.819638,0.794309,0.813384,0.761440,0.772474,0.758565,0.760733,0.795719,0.813111,0.781697,0.757690,0.780875,0.805138,0.796664,0.791599,#
21,0.781266,0.861524,0.764283,0.824353,0.778733,0.795993,0.754430,0.764706,0.810102,0.779238,0.765929,0.764305,0.742797,0.766587,0.736076,0.795162,0.804931,0.788389,0.802085,0.784375,0.795717,1.000000,0.808882,0.816208,0.736902,0.744437,0.813577,0.753850,0.759648,0.758775,0.790114,0.784659,0.806280,0.808054,0.777582,0.798131,0.770676,0.795429,0.803807,0.757777,0.805481,0.792600,0.774837,0.755759,0.808375,0.770415,0.797708,0.800908,0.812943,0.768546,0.746621,0.802677,0.780034,0.742607,0.823849,0.798351,0.784718,0.800744,0.840701,0.735405,0.787274,0.788759,0.719474,0.746350,0.829429,0.799739,0.812241,0.808893,0.786845,0.775565,0.764393,0.804889,0.805178,0.777175,0.824781,0.778785,0.773926,0.771769,0.796955,0.794383,0.775022,0.753177,0.807940,0.805269,0.841920,0.767109,0.748682,0.801920,0.809229,0.787028,0.717712,0.750886,0.820632,0.770273,0.764538,0.768588,0.774506,0.746563,0.767650,0.812939,0.791635,0.780622,0.755055,0.795787,0.716244,0.825639,0.756604,0.768361,0.767555,0.788955,0.803096,0.769715,0.788336,0.788650,0.712062,0.745486,0.782352,0.815992,0.736133,0.753420,0.762503,0.784583,0.768172,0.789870,0.775761,0.735901,0.771855,0.793550,0.785876,0.816823,0.794836,0.810043,0.766334,0.748597,0.837125,0.769015,0.760167,0.727581,0.764393,0.787995,0.796910,0.798307,0.764273,0.776930,0.756123,0.748483,0.779969,0.729459,0.768935,0.789279,0.778987,0.824430,0.765497,0.756848,0.774121,0.767783,0.821335,0.755645,0.753717,0.777197,0.803003,0.806181,0.792747,0.807440,0.824625,0.767073,0.783975,0.775111,0.726646,0.759617,0.798959,0.779941,0.748328,0.774087,0.776792,0.775473,0.724122,0.808387,0.752231,0.772293,0.751084,0.810977,0.779255,0.773891,0.769824,0.820970,0.788705,0.712865,0.726176,0.795605,0.783674,0.752642,0.769884,0.779749,0.780417,0.757684,0.785490,0.795622,0.712313,0.793388,#
