0,1.000000,0.823355,0.817940,0.795070,0.743932,0.828721,0.803937,0.821194,0.803060,0.755387,0.785468,0.854725,0.794707,0.787643,0.800407,0.776022,0.802378,0.849156,0.821101,0.803599,0.822041,0.785808,0.831188,0.810508,0.744752,0.794155,0.767795,0.801218,0.789322,0.811174,0.810469,0.812617,0.805825,0.782544,0.818996,0.799995,0.777217,0.823449,0.814700,0.837031,0.826526,0.793730,0.816965,0.791203,0.806196,0.758153,0.839013,0.834264,0.811483,0.839590,0.798180,0.815507,0.826183,0.824834,0.837185,0.838077,0.792774,0.847722,0.803948,0.817763,0.828015,0.771632,0.813576,0.804626,0.818326,0.799089,0.855087,0.800655,0.799654,0.748469,0.803395,0.813852,0.839647,0.832269,0.807472,0.786928,0.827823,0.804835,0.835565,0.795945,0.835513,0.801018,0.829981,0.837267,0.819039,0.839552,0.801649,0.798831,0.783646,0.815002,0.765905,0.803121,0.796121,0.820955,0.802426,0.805176,0.779308,0.775333,0.791862,0.832123,0.818981,0.799350,0.802657,0.820856,0.788867,0.808761,0.782770,0.832605,0.799248,0.760586,0.818706,0.816970,0.806811,0.757967,0.789007,0.845820,0.789762,0.787328,0.796656,0.778838,0.775452,0.871478,0.795631,0.856323,0.805001,0.786822,0.779971,0.793189,0.763262,0.790038,0.810140,0.823121,0.819989,0.769490,0.826027,0.807199,0.794064,0.835499,0.803206,0.827860,0.807466,0.777601,0.769304,0.839501,0.828302,0.723699,0.803265,0.754997,0.816805,0.832060,0.842013,0.803586,0.806414,0.813274,0.794710,0.775022,0.814146,0.823072,0.824366,0.824655,0.831811,0.822267,0.793787,0.803896,0.822118,0.796450,0.824382,0.791839,0.796146,0.784678,0.829537,0.784135,0.792638,0.845799,0.845054,0.775044,0.797323,0.832336,0.790311,0.796474,0.797441,0.812594,0.774625,0.779153,0.796878,0.779612,0.804549,0.805003,0.792406,0.786215,0.791629,0.826033,0.807500,0.814634,0.786770,0.805504,0.776864,0.848940,0.815011,0.790365,#
1,0.823355,1.000000,0.812520,0.825784,0.817978,0.852501,0.775677,0.813709,0.826742,0.799733,0.808043,0.805376,0.808074,0.810608,0.827061,0.809816,0.796900,0.804317,0.824764,0.839501,0.841618,0.864794,0.848703,0.838030,0.785432,0.751060,0.839054,0.829255,0.793575,0.778630,0.841405,0.850010,0.829064,0.834370,0.804774,0.825767,0.765880,0.849818,0.847522,0.819120,0.801243,0.780355,0.787356,0.802877,0.787254,0.795139,0.852562,0.810086,0.827851,0.829348,0.798020,0.848070,0.841823,0.794763,0.860534,0.827307,0.806162,0.837641,0.827271,0.792551,0.813716,0.817862,0.743859,0.773186,0.817696,0.819009,0.840788,0.836721,0.822337,0.824379,0.801564,0.815202,0.871852,0.794969,0.817823,0.825935,0.801750,0.801519,0.832059,0.813462,0.842831,0.810343,0.871415,0.846833,0.836788,0.814330,0.809038,0.821650,0.832564,0.820310,0.786644,0.797260,0.839010,0.835237,0.786688,0.791772,0.803180,0.814837,0.796181,0.834868,0.842896,0.834928,0.782741,0.824486,0.773479,0.810852,0.792954,0.840231,0.801531,0.763491,0.821865,0.791191,0.787484,0.794518,0.793340,0.797535,0.819790,0.823801,0.785417,0.766458,0.840868,0.830450,0.771268,0.831522,0.773545,0.788221,0.807102,0.802640,0.823168,0.839542,0.799106,0.853488,0.787869,0.785186,0.866238,0.804562,0.792729,0.792163,0.821154,0.762211,0.837547,0.816575,0.827930,0.844004,0.793037,0.791207,0.806718,0.755983,0.846005,0.824070,0.836152,0.854583,0.824426,0.786073,0.828758,0.775294,0.833147,0.829512,0.791873,0.802598,0.818984,0.845232,0.818852,0.845412,0.824412,0.800051,0.822161,0.795096,0.771553,0.795390,0.823657,0.802885,0.796259,0.827237,0.815114,0.783932,0.802338,0.863243,0.765495,0.813853,0.813703,0.824053,0.793378,0.781278,0.796968,0.833784,0.823313,0.755155,0.791794,0.798480,0.820650,0.788582,0.794039,0.810433,0.852164,0.757992,0.780381,0.836435,0.790933,0.795638,#
2,0.817940,0.812520,1.000000,0.782285,0.752529,0.807629,0.760866,0.808533,0.807946,0.749463,0.753906,0.750236,0.750134,0.780861,0.784949,0.759699,0.756802,0.793922,0.767487,0.802653,0.763943,0.781600,0.782817,0.831028,0.742836,0.759340,0.820545,0.805356,0.828440,0.793895,0.816960,0.768260,0.778992,0.757352,0.764010,0.787092,0.781040,0.793492,0.830100,0.785676,0.767339,0.788054,0.802847,0.765022,0.728323,0.747761,0.840458,0.758954,0.772222,0.833364,0.783503,0.806199,0.807240,0.823778,0.837592,0.810791,0.773920,0.775698,0.777043,0.778752,0.839304,0.776708,0.755038,0.799561,0.780363,0.818131,0.804133,0.796367,0.794193,0.785354,0.789107,0.778773,0.830496,0.791358,0.795914,0.786382,0.778013,0.776218,0.793728,0.795383,0.813013,0.801221,0.826699,0.816498,0.843551,0.816025,0.761340,0.821127,0.753641,0.773833,0.772036,0.802257,0.839779,0.804238,0.792057,0.795008,0.768057,0.755061,0.841380,0.815303,0.795165,0.767704,0.751603,0.772726,0.718617,0.806048,0.805882,0.800460,0.787017,0.748465,0.806442,0.748629,0.816568,0.757128,0.744921,0.766757,0.762208,0.801761,0.796872,0.713927,0.792812,0.779767,0.739262,0.819056,0.792223,0.745640,0.784560,0.777577,0.769065,0.800650,0.837790,0.818098,0.822896,0.801056,0.801982,0.793965,0.788700,0.803071,0.814669,0.760390,0.777846,0.808120,0.718865,0.768258,0.763248,0.804045,0.763466,0.749409,0.780106,0.794772,0.815841,0.799081,0.778247,0.790003,0.789483,0.770465,0.796792,0.749677,0.760915,0.746461,0.756498,0.750506,0.767194,0.792268,0.770520,0.783418,0.838609,0.752146,0.744685,0.766350,0.800998,0.769302,0.774153,0.775990,0.830463,0.763363,0.735659,0.807336,0.765666,0.759498,0.760174,0.826688,0.727956,0.818323,0.759210,0.785498,0.773803,0.756373,0.812633,0.776794,0.789650,0.805727,0.845093,0.776418,0.764515,0.792595,0.754400,0.817854,0.745802,0.803065,#
3,0.795070,0.825784,0.782285,1.000000,0.793594,0.819550,0.773540,0.786639,0.798315,0.777151,0.790134,0.777872,0.802806,0.758096,0.776018,0.806120,0.767372,0.774700,0.808798,0.788818,0.769082,0.809753,0.778538,0.783721,0.773519,0.792942,0.784481,0.802574,0.776014,0.770672,0.805401,0.834302,0.788759,0.811217,0.805567,0.786338,0.747580,0.812968,0.740344,0.797897,0.786642,0.759175,0.776756,0.800759,0.763228,0.823888,0.837385,0.781972,0.825209,0.802400,0.796439,0.758748,0.816787,0.763991,0.793222,0.830816,0.736074,0.788648,0.850786,0.800731,0.783944,0.768822,0.731829,0.791893,0.818728,0.802016,0.767031,0.801531,0.748745,0.770444,0.768845,0.815982,0.833197,0.794278,0.762915,0.769600,0.757263,0.784015,0.795626,0.817019,0.819678,0.741170,0.806548,0.823757,0.808916,0.819656,0.784103,0.773667,0.764782,0.790321,0.739250,0.788371,0.828107,0.825835,0.770202,0.797887,0.740705,0.737791,0.774109,0.790152,0.762430,0.776698,0.728988,0.759128,0.787580,0.784303,0.776574,0.805626,0.765813,0.759744,0.786363,0.752628,0.755933,0.760949,0.762980,0.801785,0.757223,0.749053,0.783334,0.705818,0.769222,0.799140,0.738223,0.784545,0.759780,0.769067,0.804415,0.785810,0.753950,0.783046,0.745119,0.812101,0.741023,0.799456,0.835009,0.799066,0.823474,0.767543,0.759786,0.745245,0.784935,0.793830,0.775727,0.778601,0.760495,0.813064,0.746864,0.756632,0.793010,0.779775,0.795244,0.787497,0.776781,0.788260,0.775650,0.731358,0.815337,0.771928,0.759052,0.782493,0.796505,0.799143,0.748664,0.808762,0.779115,0.789313,0.787151,0.747830,0.782261,0.753046,0.795383,0.789799,0.755542,0.806902,0.773116,0.779366,0.764304,0.796073,0.780233,0.776083,0.741107,0.824455,0.739419,0.772936,0.747254,0.798649,0.773281,0.719564,0.809297,0.819621,0.756998,0.773940,0.752359,0.740737,0.777100,0.783524,0.762397,0.792533,0.754512,0.796886,#
4,0.743932,0.817978,0.752529,0.793594,1.000000,0.838452,0.785035,0.769645,0.742334,0.758044,0.756748,0.775631,0.757861,0.787076,0.749186,0.782229,0.784624,0.810722,0.785430,0.834694,0.787311,0.770270,0.758621,0.810707,0.734025,0.755115,0.793629,0.770550,0.763407,0.776755,0.849668,0.784306,0.821623,0.751656,0.763342,0.772406,0.754703,0.800212,0.762647,0.810909,0.782509,0.749931,0.740767,0.796297,0.740434,0.779904,0.805777,0.784646,0.820298,0.813854,0.782917,0.767857,0.808565,0.730252,0.813771,0.829991,0.756917,0.784129,0.813084,0.802846,0.743321,0.762807,0.747153,0.767540,0.811429,0.796123,0.811672,0.769293,0.769302,0.771050,0.782535,0.831960,0.809574,0.800353,0.739716,0.751357,0.751893,0.801468,0.803793,0.801669,0.776171,0.761880,0.831842,0.778992,0.798750,0.772993,0.737786,0.732633,0.782334,0.811112,0.739115,0.751517,0.760496,0.808188,0.717522,0.757642,0.760154,0.726628,0.733161,0.780494,0.828567,0.798534,0.781564,0.758138,0.759560,0.761835,0.793251,0.794662,0.789547,0.762198,0.759306,0.752083,0.786986,0.818869,0.758313,0.768022,0.784273,0.812423,0.758753,0.668145,0.777223,0.793736,0.803738,0.795536,0.760337,0.807500,0.744462,0.780610,0.830008,0.787820,0.825095,0.799053,0.739810,0.771801,0.835466,0.803980,0.787189,0.807260,0.765961,0.715828,0.763446,0.809410,0.782626,0.790238,0.751406,0.758553,0.798456,0.719240,0.771062,0.799595,0.814964,0.843986,0.749854,0.733735,0.809286,0.770922,0.837318,0.753855,0.772041,0.745870,0.752265,0.783682,0.820587,0.786439,0.789942,0.762099,0.757821,0.734801,0.778756,0.760512,0.779406,0.780091,0.760724,0.771823,0.830775,0.777125,0.774172,0.799859,0.751859,0.762979,0.794690,0.791632,0.787160,0.753288,0.811801,0.800891,0.772480,0.805731,0.771383,0.746483,0.756954,0.737924,0.746822,0.775437,0.773879,0.749557,0.783967,0.800250,0.785429,0.740698,#
5,0.828721,0.852501,0.807629,0.819550,0.838452,1.000000,0.765161,0.814854,0.807860,0.750453,0.767796,0.799909,0.758940,0.752868,0.790332,0.810172,0.780348,0.807222,0.791327,0.828896,0.803861,0.803865,0.780316,0.801841,0.766564,0.794986,0.826068,0.829307,0.759049,0.782159,0.835782,0.825880,0.813060,0.801374,0.793272,0.828274,0.781321,0.800399,0.802698,0.818622,0.806661,0.768708,0.756666,0.790025,0.784193,0.797856,0.838078,0.821949,0.827251,0.800634,0.803144,0.776597,0.824737,0.821537,0.804694,0.874084,0.788908,0.816079,0.859249,0.828634,0.779534,0.794458,0.772685,0.825375,0.786452,0.793676,0.807946,0.795525,0.778968,0.811168,0.831337,0.819105,0.855632,0.805893,0.757356,0.784187,0.822046,0.803271,0.799951,0.789962,0.845653,0.807465,0.848567,0.817849,0.822111,0.823420,0.805550,0.805286,0.807545,0.800862,0.761528,0.775231,0.808063,0.825248,0.766180,0.754773,0.793206,0.762271,0.818551,0.790722,0.849537,0.820523,0.836261,0.814095,0.784176,0.793509,0.798857,0.828412,0.775873,0.791922,0.794287,0.808480,0.783892,0.749304,0.734414,0.780972,0.822682,0.820953,0.779922,0.746684,0.781618,0.815255,0.794894,0.852821,0.753670,0.798626,0.812597,0.786327,0.811877,0.806866,0.834267,0.854844,0.817977,0.829336,0.822384,0.770505,0.811580,0.815540,0.770903,0.778078,0.791152,0.774012,0.800695,0.827288,0.840085,0.746599,0.779328,0.766397,0.806397,0.857320,0.834319,0.838012,0.772460,0.797122,0.792311,0.757908,0.826344,0.812859,0.806208,0.807360,0.798717,0.842852,0.809107,0.789381,0.823463,0.781755,0.780202,0.812024,0.773948,0.778171,0.846008,0.805332,0.787553,0.788644,0.819523,0.776219,0.758548,0.828786,0.804226,0.805969,0.815139,0.833241,0.762769,0.771307,0.809310,0.794059,0.784248,0.786864,0.819017,0.825099,0.755723,0.818034,0.773628,0.805176,0.765252,0.775577,0.764839,0.819395,0.789312,0.792448,#
6,0.803937,0.775677,0.760866,0.773540,0.785035,0.765161,1.000000,0.765330,0.793237,0.762904,0.767124,0.780546,0.785090,0.807060,0.712921,0.771403,0.787386,0.816331,0.790739,0.771991,0.806035,0.762761,0.750619,0.779065,0.773566,0.775620,0.765892,0.775435,0.767733,0.790273,0.810635,0.821193,0.825448,0.802243,0.772605,0.781758,0.781254,0.775139,0.771738,0.803746,0.786722,0.803731,0.788485,0.787978,0.790812,0.714250,0.828405,0.779761,0.848547,0.832317,0.803845,0.807505,0.820192,0.695833,0.836471,0.809390,0.800275,0.829606,0.834652,0.760987,0.800946,0.770327,0.744013,0.753119,0.843594,0.778195,0.848511,0.789950,0.796710,0.738938,0.767695,0.829953,0.808547,0.799388,0.743500,0.768993,0.786695,0.797476,0.807968,0.764763,0.808205,0.794246,0.785141,0.843631,0.787611,0.786568,0.771463,0.780116,0.816054,0.817029,0.745765,0.775171,0.749571,0.807033,0.753119,0.772465,0.782932,0.773258,0.774728,0.772763,0.814444,0.792300,0.784003,0.796142,0.780970,0.738539,0.796307,0.787050,0.797615,0.721584,0.742024,0.756344,0.747793,0.761351,0.733924,0.760336,0.762751,0.789182,0.753475,0.747884,0.775733,0.809502,0.738503,0.827057,0.804181,0.787148,0.742545,0.788881,0.744603,0.758694,0.801719,0.795642,0.751072,0.721505,0.802766,0.801266,0.798445,0.793886,0.807001,0.775979,0.800547,0.784346,0.757095,0.796871,0.774565,0.781463,0.785497,0.749776,0.767945,0.770728,0.790075,0.829342,0.732318,0.728250,0.758092,0.731294,0.824250,0.720739,0.776185,0.797174,0.810706,0.791516,0.751744,0.785520,0.796945,0.782180,0.820787,0.701727,0.770424,0.766680,0.810598,0.773736,0.724508,0.748314,0.784698,0.801821,0.783605,0.807884,0.756757,0.763525,0.773075,0.776925,0.797876,0.790003,0.758750,0.787019,0.759780,0.776837,0.767439,0.773299,0.747965,0.772478,0.751061,0.759645,0.793099,0.811904,0.781494,0.818036,0.772014,0.780791,#
7,0.821194,0.813709,0.808533,0.786639,0.769645,0.814854,0.765330,1.000000,0.836825,0.768743,0.778463,0.773821,0.790874,0.787453,0.794963,0.759177,0.770000,0.805518,0.816682,0.809288,0.801465,0.770548,0.833181,0.794366,0.762997,0.813164,0.789951,0.811453,0.789958,0.829575,0.766304,0.802743,0.770184,0.778899,0.790193,0.809611,0.791996,0.790270,0.783558,0.789181,0.799459,0.775311,0.774821,0.783450,0.767143,0.777028,0.817294,0.807906,0.803398,0.778779,0.800919,0.789261,0.825275,0.827275,0.819704,0.812027,0.788342,0.801462,0.800156,0.804617,0.759340,0.781481,0.776828,0.796671,0.815669,0.824269,0.850729,0.802823,0.810112,0.767190,0.818431,0.750368,0.835208,0.812445,0.786884,0.770132,0.816837,0.776652,0.793481,0.764710,0.827676,0.787031,0.839559,0.787632,0.825314,0.796886,0.833944,0.784540,0.766913,0.792427,0.772144,0.812694,0.793271,0.787607,0.799882,0.778083,0.794909,0.815321,0.811145,0.794993,0.815115,0.763368,0.778074,0.789924,0.756583,0.780967,0.786638,0.825529,0.788389,0.739151,0.849308,0.776950,0.806352,0.791638,0.723113,0.792473,0.765698,0.772317,0.761422,0.761965,0.799763,0.788057,0.758132,0.833989,0.827091,0.787851,0.778606,0.786411,0.753147,0.772241,0.799238,0.816900,0.799765,0.753680,0.824362,0.829583,0.819277,0.825601,0.771835,0.780428,0.790589,0.804632,0.793799,0.800887,0.801446,0.788470,0.804385,0.716209,0.812625,0.806900,0.781581,0.816596,0.799817,0.757210,0.777598,0.802951,0.817435,0.792237,0.816681,0.781438,0.812739,0.782209,0.833202,0.762560,0.815885,0.772890,0.830197,0.789549,0.755774,0.739407,0.835675,0.806421,0.740809,0.786144,0.798821,0.756567,0.767124,0.803648,0.778335,0.776265,0.780058,0.794688,0.779594,0.799810,0.755089,0.802955,0.801116,0.757593,0.810153,0.812161,0.813843,0.809158,0.761852,0.770301,0.776229,0.785752,0.773109,0.835847,0.803960,0.783534,#
8,0.803060,0.826742,0.807946,0.798315,0.742334,0.807860,0.793237,0.836825,1.000000,0.798705,0.763882,0.788549,0.809461,0.798134,0.779032,0.804244,0.757879,0.826472,0.773283,0.830003,0.809086,0.800681,0.784305,0.786345,0.763330,0.797455,0.800523,0.798074,0.788970,0.792793,0.795508,0.813026,0.802001,0.783049,0.787129,0.813658,0.770899,0.819167,0.768796,0.791760,0.786611,0.759617,0.850592,0.769993,0.769375,0.753015,0.816205,0.794768,0.818901,0.806816,0.815582,0.796880,0.784977,0.833119,0.811196,0.822400,0.791889,0.798134,0.807038,0.763475,0.796633,0.791221,0.802769,0.800614,0.825463,0.825260,0.826019,0.834394,0.823087,0.770541,0.781647,0.813211,0.836830,0.821069,0.775000,0.762427,0.798581,0.802061,0.792080,0.782132,0.828395,0.777845,0.812365,0.819800,0.834337,0.812563,0.783185,0.820644,0.771727,0.773047,0.776810,0.801162,0.816610,0.793312,0.783866,0.785138,0.778516,0.800963,0.846253,0.817651,0.813312,0.764402,0.800454,0.825055,0.751069,0.786606,0.799115,0.814415,0.750884,0.780631,0.794157,0.789117,0.805909,0.770027,0.732048,0.798939,0.757908,0.768978,0.800222,0.789309,0.780262,0.782046,0.762884,0.816229,0.767120,0.806358,0.752427,0.771573,0.786596,0.795588,0.776155,0.804707,0.801956,0.784631,0.840712,0.799048,0.807173,0.801519,0.800083,0.795647,0.787699,0.813632,0.800582,0.772321,0.787312,0.754206,0.759865,0.737834,0.801418,0.817550,0.794077,0.833570,0.757857,0.819357,0.772314,0.761411,0.816660,0.802949,0.827479,0.809615,0.790366,0.771699,0.820990,0.813949,0.786895,0.770495,0.791656,0.789097,0.785492,0.757801,0.833132,0.803726,0.740241,0.791308,0.816169,0.783271,0.777594,0.818767,0.765173,0.739013,0.785050,0.824820,0.767843,0.797020,0.786786,0.789972,0.835594,0.761769,0.802825,0.824354,0.817413,0.819049,0.823782,0.778449,0.770241,0.769370,0.756009,0.795409,0.770846,0.832913,#
9,0.755387,0.799733,0.749463,0.777151,0.758044,0.750453,0.762904,0.768743,0.798705,1.000000,0.736111,0.744133,0.803044,0.795200,0.798824,0.790775,0.781931,0.777983,0.781658,0.764328,0.826607,0.765545,0.769504,0.795518,0.722415,0.749354,0.765881,0.826921,0.726418,0.822566,0.753805,0.782857,0.809433,0.781602,0.779101,0.783820,0.753036,0.793340,0.760722,0.792464,0.779833,0.792753,0.756145,0.770779,0.785782,0.728111,0.771415,0.765770,0.786203,0.783927,0.754074,0.750832,0.750937,0.765545,0.798691,0.786628,0.756721,0.834594,0.771079,0.777357,0.783987,0.753398,0.755047,0.755717,0.761467,0.825098,0.816630,0.794521,0.810180,0.746216,0.761917,0.756282,0.786440,0.777776,0.762070,0.763399,0.776669,0.813933,0.780715,0.815956,0.785810,0.784195,0.789507,0.856796,0.797396,0.763388,0.749905,0.811169,0.749486,0.753782,0.753010,0.759207,0.811778,0.775928,0.764525,0.766979,0.749054,0.757630,0.770657,0.791980,0.812388,0.789811,0.787644,0.812250,0.770723,0.775738,0.785552,0.806442,0.802853,0.802564,0.819757,0.774515,0.788194,0.754155,0.729513,0.828307,0.697487,0.758366,0.724966,0.741054,0.769284,0.784770,0.762412,0.810104,0.787134,0.779409,0.794419,0.733368,0.794343,0.761963,0.762088,0.798974,0.759904,0.768722,0.800591,0.739367,0.774679,0.778846,0.758675,0.776759,0.781425,0.833708,0.777651,0.792249,0.766872,0.821797,0.796278,0.755027,0.791897,0.792832,0.750075,0.789710,0.755560,0.774201,0.785825,0.767076,0.765514,0.778513,0.773821,0.792541,0.787428,0.818839,0.777030,0.784958,0.791857,0.799722,0.746692,0.756396,0.797146,0.746094,0.816542,0.803588,0.737734,0.756993,0.805789,0.816512,0.762278,0.818966,0.736608,0.778674,0.803179,0.785079,0.779582,0.752132,0.765619,0.827184,0.756485,0.756043,0.812500,0.733447,0.783794,0.801694,0.753353,0.724084,0.746600,0.738428,0.777763,0.780341,0.742771,0.758222,#
10,0.785468,0.808043,0.753906,0.790134,0.756748,0.767796,0.767124,0.778463,0.763882,0.736111,1.000000,0.787996,0.756388,0.760297,0.733401,0.767482,0.776620,0.756071,0.786853,0.773679,0.779006,0.753559,0.806256,0.818147,0.705895,0.742938,0.776333,0.820798,0.770176,0.804751,0.797967,0.767426,0.793786,0.788214,0.793183,0.788972,0.770112,0.800343,0.780880,0.770680,0.792093,0.753587,0.765467,0.732634,0.765277,0.793898,0.844186,0.779708,0.810490,0.835181,0.754305,0.802958,0.784612,0.727035,0.813386,0.812302,0.781597,0.824916,0.766027,0.777902,0.795789,0.784406,0.802791,0.791306,0.812237,0.729243,0.804102,0.751463,0.803468,0.752319,0.825743,0.804910,0.838648,0.735492,0.752612,0.802202,0.776054,0.810751,0.793260,0.757054,0.835586,0.763256,0.787433,0.789330,0.798144,0.756914,0.792479,0.748751,0.782309,0.819795,0.714974,0.802498,0.824035,0.763193,0.734353,0.788610,0.730181,0.799561,0.768044,0.818547,0.773886,0.772991,0.765789,0.809078,0.821918,0.760292,0.771436,0.768066,0.758617,0.765603,0.763944,0.766547,0.804343,0.763258,0.719483,0.799577,0.737087,0.774613,0.768319,0.742259,0.773110,0.799622,0.704653,0.799518,0.710752,0.770328,0.771955,0.774900,0.786877,0.773486,0.758164,0.777119,0.746220,0.756706,0.831059,0.835567,0.779556,0.745961,0.790127,0.788879,0.821217,0.770279,0.736638,0.785422,0.717914,0.746717,0.801248,0.743087,0.791903,0.779535,0.763493,0.779081,0.763867,0.760439,0.801501,0.736041,0.828805,0.810625,0.759985,0.753421,0.806614,0.745177,0.755843,0.786597,0.797396,0.750112,0.779556,0.740699,0.778854,0.790532,0.786135,0.783958,0.707962,0.744888,0.801019,0.762747,0.725882,0.789964,0.723245,0.789319,0.757356,0.757571,0.777261,0.747272,0.715303,0.796417,0.762336,0.766458,0.730065,0.790656,0.783164,0.739370,0.770465,0.779645,0.793144,0.789631,0.768816,0.803976,0.769319,0.780082,#
11,0.854725,0.805376,0.750236,0.777872,0.775631,0.799909,0.780546,0.773821,0.788549,0.744133,0.787996,1.000000,0.815093,0.775889,0.789988,0.783623,0.788287,0.833075,0.828377,0.801911,0.776642,0.747393,0.819905,0.807590,0.752962,0.765822,0.777627,0.769588,0.788832,0.759247,0.788206,0.811365,0.815011,0.778917,0.767756,0.800564,0.796104,0.819545,0.753530,0.800659,0.800402,0.749729,0.771724,0.763572,0.765949,0.746566,0.853717,0.825934,0.796130,0.839280,0.768671,0.775174,0.828955,0.751343,0.822770,0.818850,0.747719,0.822021,0.784837,0.781289,0.760538,0.756929,0.823104,0.786719,0.804076,0.790514,0.810205,0.793302,0.810060,0.781916,0.811903,0.777051,0.814239,0.811139,0.805620,0.748291,0.822846,0.808228,0.778121,0.744100,0.803291,0.775215,0.809388,0.801494,0.824597,0.802121,0.737243,0.756454,0.737449,0.757387,0.778227,0.795375,0.789219,0.771772,0.737470,0.802789,0.764215,0.788077,0.760914,0.795918,0.783154,0.797968,0.805695,0.795526,0.809745,0.760181,0.792472,0.816311,0.808344,0.748169,0.811921,0.810054,0.796473,0.734249,0.714148,0.793001,0.769455,0.764337,0.783214,0.787272,0.751415,0.803299,0.755790,0.822600,0.757830,0.812198,0.818587,0.787254,0.788123,0.796476,0.793539,0.778380,0.795072,0.772373,0.831156,0.777080,0.811779,0.786536,0.788824,0.768767,0.787980,0.775942,0.767368,0.812991,0.792593,0.734347,0.820872,0.768863,0.787788,0.813712,0.798097,0.766489,0.789589,0.812790,0.805697,0.743520,0.833890,0.774506,0.773118,0.777278,0.804067,0.806158,0.834832,0.779800,0.840187,0.763896,0.818516,0.741060,0.800989,0.807986,0.819576,0.769980,0.795857,0.834786,0.801319,0.782101,0.788107,0.795692,0.750809,0.807626,0.795431,0.775095,0.807799,0.764556,0.795964,0.754376,0.782880,0.813648,0.770337,0.762862,0.780160,0.781804,0.763808,0.773172,0.764736,0.793211,0.760438,0.813995,0.772652,0.738088,#
12,0.794707,0.808074,0.750134,0.802806,0.757861,0.758940,0.785090,0.790874,0.809461,0.803044,0.756388,0.815093,1.000000,0.785682,0.797440,0.772214,0.772408,0.805238,0.828352,0.805646,0.807345,0.739273,0.804046,0.814890,0.765295,0.784136,0.745510,0.787866,0.784564,0.767951,0.769708,0.810819,0.785554,0.815205,0.783767,0.809925,0.786051,0.809545,0.804417,0.789463,0.726537,0.733165,0.757940,0.776355,0.779277,0.760242,0.829194,0.760780,0.784367,0.796546,0.816779,0.767143,0.786409,0.764482,0.843895,0.810527,0.760337,0.802778,0.781855,0.789603,0.767061,0.759806,0.770980,0.765213,0.806887,0.829493,0.811200,0.759934,0.820268,0.787921,0.782224,0.776664,0.810826,0.793967,0.792106,0.766231,0.797924,0.792576,0.804464,0.801395,0.792482,0.783947,0.815482,0.830997,0.773364,0.802572,0.738276,0.799255,0.760705,0.755900,0.781272,0.779305,0.801777,0.749090,0.734370,0.796111,0.811964,0.786211,0.767132,0.762763,0.765258,0.799136,0.793592,0.811949,0.733279,0.769102,0.768594,0.770309,0.815014,0.768586,0.786747,0.768777,0.780020,0.741866,0.819454,0.799236,0.741299,0.753278,0.777776,0.770138,0.753683,0.797207,0.751727,0.818055,0.790860,0.811280,0.791361,0.752256,0.784835,0.789441,0.749339,0.766360,0.738849,0.759762,0.787207,0.794036,0.758669,0.791980,0.751948,0.735450,0.823081,0.813726,0.767339,0.809597,0.748533,0.745426,0.791963,0.720359,0.798429,0.833139,0.776628,0.783308,0.786110,0.748585,0.773666,0.803993,0.833921,0.819610,0.814135,0.780919,0.789573,0.803072,0.808533,0.786909,0.837313,0.724069,0.782320,0.792404,0.731320,0.759438,0.814044,0.782568,0.750079,0.785370,0.760005,0.744524,0.826691,0.843080,0.745979,0.738147,0.783077,0.796969,0.799825,0.751129,0.717893,0.770419,0.740804,0.795945,0.805245,0.781678,0.746244,0.787404,0.736951,0.768320,0.761278,0.795180,0.768512,0.824041,0.803357,0.743543,#
13,0.787643,0.810608,0.780861,0.758096,0.787076,0.752868,0.807060,0.787453,0.798134,0.795200,0.760297,0.775889,0.785682,1.000000,0.744243,0.761894,0.734202,0.838919,0.805146,0.791696,0.785607,0.766176,0.819655,0.780163,0.759359,0.760541,0.743264,0.798162,0.790972,0.820090,0.751209,0.780769,0.809832,0.805363,0.700643,0.765013,0.777563,0.809295,0.801101,0.811076,0.832381,0.755995,0.795120,0.753493,0.803432,0.771168,0.818540,0.782334,0.821476,0.822454,0.793115,0.819372,0.782420,0.753948,0.826032,0.829988,0.789770,0.809107,0.801399,0.786547,0.798012,0.768107,0.753294,0.792787,0.825249,0.819722,0.829062,0.783979,0.819348,0.760617,0.761945,0.794430,0.775420,0.818333,0.793098,0.755515,0.792518,0.796280,0.836960,0.771162,0.792756,0.781668,0.819019,0.822912,0.807614,0.809959,0.736791,0.767119,0.804426,0.790306,0.728900,0.795830,0.789229,0.784166,0.773208,0.762213,0.779208,0.757403,0.769597,0.819717,0.810341,0.783131,0.791602,0.828267,0.775382,0.820203,0.771536,0.808601,0.777372,0.758995,0.797199,0.778576,0.792524,0.791316,0.749162,0.816347,0.726039,0.798783,0.803273,0.745181,0.797540,0.806259,0.731265,0.771619,0.778464,0.777629,0.797810,0.753835,0.791776,0.769534,0.798299,0.771891,0.759935,0.759578,0.815735,0.785917,0.779044,0.795308,0.837679,0.763389,0.782388,0.830375,0.805988,0.773722,0.726678,0.776072,0.792109,0.741038,0.812500,0.782715,0.804773,0.823424,0.751801,0.777721,0.775637,0.762586,0.832166,0.777118,0.811078,0.767189,0.793864,0.799315,0.773953,0.799822,0.811153,0.778261,0.820889,0.772473,0.803673,0.759885,0.799040,0.809819,0.781899,0.785827,0.837843,0.805904,0.800328,0.844029,0.769657,0.778616,0.778781,0.783068,0.818382,0.778643,0.788330,0.794597,0.761899,0.795942,0.759340,0.769733,0.790888,0.796604,0.787873,0.786693,0.802930,0.726234,0.772163,0.831710,0.769925,0.746458,#
14,0.800407,0.827061,0.784949,0.776018,0.749186,0.790332,0.712921,0.794963,0.779032,0.798824,0.733401,0.789988,0.797440,0.744243,1.000000,0.771087,0.759839,0.759776,0.739704,0.794405,0.774995,0.762631,0.784172,0.821826,0.738130,0.709571,0.773704,0.773828,0.742791,0.775815,0.796372,0.759785,0.769196,0.731509,0.772102,0.772565,0.726543,0.795212,0.796939,0.735230,0.777249,0.737282,0.775711,0.755791,0.739565,0.745906,0.797002,0.753884,0.737267,0.753288,0.735940,0.757557,0.745939,0.816294,0.784611,0.780141,0.737404,0.768114,0.777452,0.733734,0.779915,0.798408,0.752032,0.761513,0.771859,0.777738,0.792531,0.779211,0.799151,0.755701,0.734638,0.737740,0.801409,0.763815,0.776936,0.750692,0.766103,0.778566,0.770339,0.745956,0.786173,0.767805,0.810653,0.820704,0.796932,0.795939,0.740261,0.775053,0.783336,0.704041,0.725633,0.741050,0.787859,0.807962,0.786149,0.772826,0.781127,0.764073,0.757827,0.738481,0.799363,0.764821,0.778688,0.739452,0.752553,0.787440,0.758211,0.762513,0.803667,0.747983,0.797931,0.790563,0.786106,0.737164,0.697270,0.775451,0.720855,0.720421,0.736872,0.716650,0.779282,0.793347,0.745401,0.795370,0.783246,0.710838,0.782875,0.788661,0.725292,0.770630,0.761511,0.806721,0.747924,0.748873,0.793068,0.775745,0.798522,0.778038,0.758935,0.755834,0.771771,0.792813,0.712630,0.796559,0.750809,0.781863,0.809110,0.714236,0.773903,0.750112,0.780122,0.772871,0.724891,0.770710,0.809807,0.746134,0.781283,0.766526,0.742309,0.752024,0.777239,0.769810,0.776305,0.769888,0.772952,0.729372,0.738718,0.743245,0.713725,0.773719,0.772605,0.762247,0.753673,0.801071,0.813164,0.784699,0.753707,0.779295,0.725465,0.744212,0.757550,0.798164,0.774728,0.747199,0.768154,0.773705,0.784883,0.727344,0.772245,0.729400,0.744005,0.753024,0.780128,0.770675,0.719568,0.735911,0.751511,0.768750,0.717332,0.723531,#
15,0.776022,0.809816,0.759699,0.806120,0.782229,0.810172,0.771403,0.759177,0.804244,0.790775,0.767482,0.783623,0.772214,0.761894,0.771087,1.000000,0.752760,0.790909,0.786853,0.788331,0.762478,0.796687,0.769231,0.778916,0.750374,0.748352,0.742806,0.760953,0.765855,0.784168,0.817509,0.804163,0.804295,0.813818,0.739646,0.811010,0.792026,0.820061,0.788671,0.755720,0.740786,0.738476,0.777932,0.767777,0.799998,0.757011,0.838964,0.792029,0.822815,0.802268,0.766806,0.791857,0.747881,0.757580,0.797851,0.781889,0.787994,0.791480,0.769356,0.746307,0.799970,0.802696,0.747699,0.804919,0.794852,0.788760,0.787504,0.785993,0.771888,0.725428,0.800160,0.771559,0.770614,0.758256,0.780160,0.762205,0.811003,0.796083,0.799286,0.766708,0.812855,0.771689,0.797565,0.812500,0.829888,0.789949,0.731660,0.808083,0.774778,0.737548,0.730504,0.756116,0.800560,0.787628,0.706147,0.754397,0.751706,0.770571,0.743753,0.775743,0.808083,0.777769,0.807012,0.809146,0.763878,0.769152,0.764592,0.812060,0.746872,0.805390,0.740767,0.719464,0.785518,0.763418,0.693686,0.770416,0.744984,0.782350,0.768174,0.777913,0.744494,0.777212,0.740250,0.814353,0.746833,0.757263,0.780604,0.750764,0.806442,0.804401,0.780770,0.762864,0.731775,0.714139,0.793472,0.768517,0.783817,0.767794,0.760645,0.761632,0.773593,0.762800,0.754342,0.764478,0.767392,0.781422,0.752452,0.752281,0.785454,0.787780,0.826302,0.785345,0.795243,0.790140,0.779219,0.741281,0.827792,0.762883,0.788743,0.780870,0.763097,0.801901,0.803420,0.753501,0.797266,0.744846,0.787826,0.766726,0.797699,0.728587,0.746452,0.791898,0.701525,0.799674,0.781699,0.824024,0.766882,0.783932,0.742960,0.777848,0.776881,0.808002,0.763806,0.774752,0.772730,0.756509,0.734892,0.727229,0.734053,0.774909,0.761725,0.783429,0.773568,0.765778,0.771453,0.751980,0.781102,0.800532,0.779388,0.814923,#
16,0.802378,0.796900,0.756802,0.767372,0.784624,0.780348,0.787386,0.770000,0.757879,0.781931,0.776620,0.788287,0.772408,0.734202,0.759839,0.752760,1.000000,0.788388,0.809351,0.783446,0.855996,0.779492,0.744512,0.790798,0.740672,0.782593,0.776336,0.730429,0.745452,0.760610,0.798552,0.810506,0.811911,0.766149,0.752581,0.792175,0.813018,0.788223,0.770529,0.790016,0.771940,0.757567,0.743322,0.754103,0.762340,0.780127,0.796813,0.763020,0.783480,0.808799,0.737279,0.763152,0.799001,0.793003,0.817536,0.825555,0.686247,0.795288,0.782479,0.734982,0.800166,0.767319,0.750344,0.746908,0.768426,0.754942,0.831503,0.772562,0.814328,0.796302,0.790127,0.771360,0.798158,0.759989,0.757066,0.730653,0.773948,0.786508,0.767468,0.795548,0.823556,0.798876,0.814491,0.798869,0.798657,0.767928,0.781767,0.729787,0.766359,0.788670,0.715080,0.757911,0.787757,0.778934,0.767524,0.800913,0.772540,0.758459,0.796707,0.773735,0.801778,0.772220,0.754352,0.803125,0.740876,0.804663,0.801143,0.779028,0.816064,0.764762,0.797983,0.790698,0.795393,0.758249,0.755737,0.840529,0.801563,0.791837,0.724239,0.658453,0.743483,0.783133,0.749801,0.815158,0.775455,0.769815,0.749834,0.736957,0.781510,0.754623,0.811387,0.773928,0.761997,0.729098,0.808674,0.817151,0.765946,0.768689,0.754670,0.765402,0.777460,0.780417,0.795596,0.802759,0.730982,0.754363,0.803909,0.754473,0.773977,0.776996,0.750099,0.800696,0.720592,0.761154,0.836910,0.763232,0.798850,0.762784,0.766688,0.762035,0.753204,0.776978,0.820436,0.763845,0.814965,0.792687,0.789598,0.761614,0.768838,0.753123,0.776928,0.790760,0.759993,0.759224,0.784145,0.779668,0.729988,0.833421,0.749576,0.765530,0.762963,0.750184,0.788752,0.746273,0.743947,0.780960,0.795193,0.773126,0.781542,0.762617,0.791929,0.768761,0.789871,0.763397,0.770343,0.771079,0.769579,0.817710,0.769487,0.770378,#
17,0.849156,0.804317,0.793922,0.774700,0.810722,0.807222,0.816331,0.805518,0.826472,0.777983,0.756071,0.833075,0.805238,0.838919,0.759776,0.790909,0.788388,1.000000,0.825220,0.851507,0.801422,0.795221,0.820180,0.806381,0.821789,0.813844,0.798944,0.789888,0.778125,0.824575,0.795210,0.821462,0.783946,0.775033,0.768057,0.830651,0.797807,0.826730,0.793214,0.848504,0.805817,0.789839,0.808279,0.768948,0.785612,0.766911,0.828457,0.848047,0.830250,0.832463,0.799315,0.770228,0.820762,0.770032,0.838792,0.827674,0.780754,0.800454,0.807594,0.759258,0.797213,0.798036,0.771705,0.801476,0.817895,0.842790,0.853813,0.818729,0.783561,0.772131,0.802529,0.797952,0.800421,0.809646,0.798236,0.737788,0.832303,0.823384,0.823948,0.821899,0.823887,0.801964,0.855624,0.829362,0.824095,0.811327,0.780439,0.821807,0.783591,0.788926,0.768186,0.763177,0.823444,0.800830,0.765241,0.828062,0.802946,0.770122,0.769313,0.835263,0.827368,0.772564,0.798003,0.817884,0.745484,0.785835,0.781831,0.815736,0.763484,0.793322,0.818616,0.775667,0.800410,0.798765,0.779545,0.781856,0.740652,0.790501,0.781098,0.770811,0.803906,0.822809,0.796224,0.820989,0.777833,0.790716,0.798750,0.780407,0.799859,0.779991,0.820507,0.840535,0.808829,0.759609,0.822491,0.822947,0.816013,0.824745,0.805091,0.828667,0.806592,0.813328,0.844150,0.815117,0.811142,0.772773,0.812725,0.756184,0.842427,0.782259,0.826509,0.814817,0.787779,0.804295,0.801504,0.814727,0.874271,0.801077,0.817487,0.800631,0.810393,0.817884,0.851786,0.766926,0.840169,0.796920,0.788656,0.756823,0.800076,0.754022,0.837204,0.801913,0.806667,0.799708,0.861562,0.771166,0.782725,0.834714,0.766659,0.826807,0.794338,0.848518,0.805647,0.818888,0.822200,0.782093,0.806404,0.834289,0.763647,0.781692,0.824932,0.816884,0.801028,0.826173,0.813774,0.828425,0.766490,0.855591,0.789197,0.754544,#
18,0.821101,0.824764,0.767487,0.808798,0.785430,0.791327,0.790739,0.816682,0.773283,0.781658,0.786853,0.828377,0.828352,0.805146,0.739704,0.786853,0.809351,0.825220,1.000000,0.808693,0.794392,0.802713,0.824198,0.766467,0.759123,0.826009,0.796243,0.800093,0.780677,0.830846,0.747288,0.834251,0.820025,0.808351,0.787693,0.848724,0.800888,0.814417,0.799963,0.815763,0.802901,0.755110,0.791062,0.781010,0.800721,0.774317,0.825596,0.813740,0.813355,0.798360,0.783937,0.777376,0.825698,0.742220,0.812110,0.822573,0.768416,0.810449,0.798664,0.820917,0.801798,0.771643,0.771598,0.770350,0.825572,0.786363,0.809100,0.794164,0.763269,0.788460,0.805673,0.762883,0.820760,0.777965,0.825676,0.755696,0.826000,0.783860,0.819199,0.779637,0.801663,0.780166,0.829639,0.822189,0.842053,0.822435,0.782659,0.786380,0.799795,0.764004,0.783617,0.766755,0.823226,0.823601,0.795774,0.788445,0.788240,0.815097,0.799911,0.818085,0.806252,0.755188,0.790982,0.824150,0.769444,0.804755,0.778583,0.811443,0.820156,0.791254,0.840534,0.762685,0.809466,0.787276,0.736904,0.788006,0.779086,0.773136,0.785877,0.763196,0.805358,0.834579,0.756584,0.826149,0.798391,0.776328,0.843938,0.747405,0.831076,0.763879,0.807978,0.801292,0.790810,0.753936,0.812502,0.805634,0.840418,0.804110,0.774019,0.795474,0.797744,0.842799,0.786413,0.847585,0.783850,0.791338,0.792316,0.729073,0.845569,0.796554,0.798284,0.822741,0.809027,0.777088,0.806521,0.802083,0.828056,0.835290,0.783721,0.779840,0.824572,0.817886,0.861926,0.783715,0.814490,0.775892,0.876145,0.773792,0.765204,0.769164,0.805495,0.827434,0.793308,0.800969,0.783686,0.788398,0.799049,0.847834,0.771223,0.813650,0.800267,0.813689,0.796364,0.788318,0.774191,0.823863,0.785426,0.802737,0.774260,0.804714,0.801898,0.805101,0.729812,0.814366,0.805653,0.791987,0.755649,0.855368,0.780661,0.776036,#
19,0.803599,0.839501,0.802653,0.788818,0.834694,0.828896,0.771991,0.809288,0.830003,0.764328,0.773679,0.801911,0.805646,0.791696,0.794405,0.788331,0.783446,0.851507,0.808693,1.000000,0.822590,0.791608,0.789372,0.804510,0.778553,0.770389,0.793769,0.759890,0.793991,0.805501,0.821840,0.846659,0.803536,0.770359,0.760588,0.853568,0.758339,0.796640,0.792090,0.798501,0.806048,0.765780,0.793038,0.791621,0.764813,0.786960,0.865700,0.809130,0.810088,0.775967,0.781990,0.784055,0.813592,0.771822,0.824001,0.795331,0.808232,0.803278,0.789032,0.749790,0.794610,0.753257,0.810980,0.791935,0.810255,0.820205,0.835860,0.779503,0.805279,0.783318,0.794730,0.794579,0.823170,0.794867,0.771019,0.733053,0.766494,0.779454,0.788166,0.776874,0.829694,0.773896,0.848422,0.788661,0.803352,0.776676,0.789300,0.795523,0.826627,0.767898,0.755641,0.773788,0.803398,0.829794,0.756616,0.771105,0.801551,0.779010,0.778110,0.810201,0.816900,0.776235,0.788590,0.801919,0.760658,0.754397,0.810281,0.795260,0.784280,0.764112,0.792817,0.765407,0.793291,0.791242,0.771292,0.784848,0.792703,0.801353,0.764689,0.712916,0.814454,0.811891,0.747415,0.864701,0.801656,0.784343,0.786274,0.782512,0.846185,0.856209,0.814359,0.837575,0.805429,0.780948,0.815126,0.823875,0.790962,0.803851,0.790838,0.783561,0.811877,0.809984,0.792580,0.809651,0.754949,0.759433,0.776536,0.714349,0.821595,0.797855,0.781104,0.826916,0.779086,0.793507,0.825985,0.772357,0.848586,0.808002,0.785539,0.782548,0.786431,0.816899,0.826867,0.768265,0.815674,0.773863,0.768253,0.805868,0.766867,0.768793,0.815710,0.823241,0.764607,0.773499,0.837133,0.763319,0.795945,0.833896,0.763188,0.756654,0.761609,0.823619,0.813725,0.809716,0.785484,0.780882,0.782474,0.812813,0.800237,0.805088,0.791235,0.795374,0.769793,0.817270,0.812101,0.791898,0.775347,0.805060,0.761343,0.766362,#
20,0.822041,0.841618,0.763943,0.769082,0.787311,0.803861,0.806035,0.801465,0.809086,0.826607,0.779006,0.776642,0.807345,0.785607,0.774995,0.762478,0.855996,0.801422,0.794392,0.822590,1.000000,0.791902,0.766658,0.825646,0.761626,0.794680,0.796110,0.794318,0.761998,0.799220,0.802621,0.817851,0.793115,0.820459,0.793640,0.805312,0.809519,0.788773,0.806575,0.820025,0.809219,0.822965,0.758461,0.816992,0.790865,0.768821,0.838032,0.788268,0.803067,0.799235,0.787367,0.807123,0.790867,0.800810,0.819540,0.821924,0.745072,0.820193,0.798589,0.776284,0.816881,0.775949,0.814179,0.766170,0.812297,0.820347,0.847768,0.789328,0.833349,0.777959,0.802091,0.802912,0.793744,0.802597,0.768358,0.719338,0.771887,0.811350,0.819785,0.829583,0.817561,0.823441,0.822165,0.850834,0.781613,0.781103,0.804103,0.785360,0.806651,0.832946,0.772152,0.795445,0.811136,0.829008,0.793727,0.775832,0.747504,0.748874,0.791185,0.806801,0.844362,0.803727,0.785546,0.840974,0.789769,0.764938,0.811903,0.819589,0.808625,0.811946,0.798394,0.810177,0.788028,0.735903,0.789109,0.818778,0.793850,0.820719,0.734381,0.711160,0.814864,0.816868,0.761518,0.850373,0.776336,0.799929,0.759430,0.758661,0.782995,0.795605,0.807066,0.797658,0.805789,0.800273,0.831686,0.784532,0.773637,0.829153,0.801395,0.814950,0.800359,0.777478,0.784287,0.833235,0.799663,0.764328,0.814649,0.755799,0.789896,0.841869,0.800297,0.822720,0.783698,0.779575,0.819902,0.791788,0.811225,0.814776,0.803766,0.800197,0.795772,0.813759,0.795491,0.791943,0.855901,0.747220,0.766424,0.774843,0.778367,0.762414,0.802164,0.811921,0.809080,0.779050,0.804895,0.772553,0.770814,0.845388,0.774445,0.805341,0.779596,0.789277,0.793207,0.764438,0.755719,0.818696,0.798565,0.813756,0.803692,0.768777,0.764468,0.780447,0.799659,0.812285,0.795721,0.764890,0.793864,0.822468,0.784775,0.786954,#
21,0.785808,0.864794,0.781600,0.809753,0.770270,0.803865,0.762761,0.770548,0.800681,0.765545,0.753559,0.747393,0.739273,0.766176,0.762631,0.796687,0.779492,0.795221,0.802713,0.791608,0.791902,1.000000,0.797835,0.811023,0.715627,0.750382,0.806792,0.744303,0.768305,0.762080,0.781523,0.773992,0.805162,0.804128,0.791195,0.824528,0.771157,0.789493,0.798323,0.754721,0.768639,0.807419,0.764550,0.755487,0.794899,0.774774,0.794408,0.796790,0.811556,0.787731,0.758267,0.794580,0.783754,0.741714,0.823671,0.791987,0.778031,0.777979,0.832827,0.749278,0.791690,0.786559,0.717860,0.752343,0.825330,0.782063,0.811156,0.794451,0.766544,0.771588,0.759381,0.803153,0.810909,0.792538,0.828747,0.775583,0.778065,0.784235,0.804048,0.809338,0.784631,0.745571,0.823817,0.811276,0.829703,0.774622,0.739565,0.800565,0.815304,0.784354,0.702907,0.735341,0.813508,0.780443,0.767278,0.773984,0.784674,0.731740,0.770480,0.809192,0.796872,0.774734,0.744704,0.798967,0.711395,0.814908,0.763003,0.784914,0.761404,0.796363,0.815214,0.743031,0.778331,0.779819,0.698492,0.741846,0.781940,0.811981,0.762530,0.740303,0.782231,0.781985,0.751152,0.785066,0.776199,0.728864,0.785906,0.774322,0.785475,0.803040,0.786713,0.817569,0.764606,0.752263,0.844333,0.762028,0.739848,0.737295,0.761251,0.774226,0.814186,0.792441,0.745569,0.774325,0.763305,0.760512,0.767465,0.721115,0.767514,0.789892,0.795084,0.821736,0.764594,0.760373,0.760475,0.775608,0.832368,0.767648,0.740594,0.786734,0.798785,0.803926,0.797040,0.799814,0.820930,0.767090,0.788814,0.764745,0.730387,0.756508,0.792337,0.776861,0.744173,0.769374,0.777367,0.767271,0.713778,0.800550,0.760585,0.765603,0.759177,0.826413,0.772575,0.771517,0.767144,0.803847,0.775685,0.713570,0.731018,0.796313,0.782424,0.765679,0.752536,0.780177,0.778023,0.764333,0.787757,0.802702,0.708234,0.791982,#
