0,1.000000,0.796675,0.813054,0.780659,0.725023,0.799353,0.771901,0.798917,0.777377,0.758287,0.772312,0.809551,0.780972,0.747513,0.777706,0.746714,0.773775,0.809102,0.795938,0.760708,0.808917,0.765024,0.791634,0.810447,0.707322,0.766277,0.768982,0.792716,0.744032,0.790691,0.790325,0.776494,0.770519,0.734971,0.778585,0.784336,0.778929,0.790564,0.781584,0.804001,0.781232,0.759343,0.802425,0.786393,0.772442,0.726783,0.806893,0.815725,0.777623,0.810479,0.787797,0.771147,0.805518,0.803296,0.785180,0.801732,0.777100,0.803945,0.778863,0.793230,0.828468,0.725895,0.793931,0.781527,0.784213,0.785516,0.819358,0.799187,0.772787,0.727915,0.786643,0.787104,0.845881,0.792131,0.778227,0.781341,0.792149,0.792622,0.804179,0.774874,0.821956,0.789651,0.798931,0.807338,0.787720,0.826598,0.766898,0.773807,0.725809,0.775195,0.767280,0.780221,0.771063,0.813998,0.786016,0.778523,0.744300,0.747457,0.778099,0.799015,0.793623,0.804182,0.743816,0.764470,0.767750,0.768374,0.754164,0.811145,0.791716,0.765253,0.784959,0.772567,0.802705,0.723981,0.768422,0.841650,0.736229,0.772378,0.757847,0.723789,0.739835,0.867500,0.770053,0.826521,0.783687,0.772402,0.761997,0.770056,0.738950,0.765930,0.760167,0.803228,0.791927,0.734889,0.798237,0.759591,0.763477,0.811596,0.771499,0.794040,0.768673,0.772906,0.721630,0.818040,0.809239,0.720940,0.786667,0.725998,0.806876,0.794635,0.798454,0.754807,0.781880,0.769281,0.768998,0.746700,0.766685,0.784497,0.807825,0.800149,0.802298,0.805051,0.753746,0.802441,0.777384,0.790842,0.801157,0.748096,0.771323,0.795657,0.802038,0.749602,0.785359,0.815555,0.839435,0.743824,0.764799,0.796794,0.763962,0.781299,0.761915,0.811060,0.722781,0.758264,0.770200,0.751498,0.799514,0.771477,0.764952,0.814078,0.773374,0.806278,0.774479,0.771590,0.759129,0.756853,0.774792,0.816962,0.813078,0.772787,#
1,0.796675,1.000000,0.785582,0.802635,0.790733,0.841168,0.731429,0.783027,0.805410,0.790045,0.799216,0.778849,0.790601,0.795313,0.815573,0.787722,0.773934,0.780263,0.801144,0.817539,0.832903,0.846955,0.823713,0.824085,0.742585,0.735167,0.838528,0.817425,0.760975,0.768610,0.843844,0.826749,0.817866,0.820417,0.785938,0.812407,0.752341,0.827141,0.833291,0.787500,0.770396,0.765076,0.753796,0.783831,0.768320,0.776043,0.828703,0.792837,0.834979,0.812233,0.785757,0.830136,0.811779,0.779742,0.841903,0.797775,0.783015,0.817733,0.799839,0.782295,0.788682,0.781103,0.733900,0.751226,0.798028,0.786949,0.836079,0.811399,0.813634,0.808231,0.787163,0.797073,0.865276,0.760930,0.802236,0.817626,0.772817,0.801979,0.800586,0.785187,0.830486,0.797036,0.862455,0.827593,0.815979,0.784099,0.767413,0.798853,0.824593,0.800477,0.780428,0.753212,0.812855,0.823137,0.744681,0.739237,0.781434,0.785220,0.782721,0.815431,0.814287,0.825160,0.759560,0.798709,0.770042,0.788668,0.777708,0.820505,0.782246,0.769397,0.795652,0.776919,0.779945,0.765931,0.764635,0.801260,0.798862,0.820633,0.771209,0.720892,0.820326,0.814650,0.747800,0.809687,0.754259,0.766897,0.793607,0.793868,0.809448,0.821630,0.762796,0.835370,0.760531,0.768590,0.840155,0.769074,0.760083,0.778307,0.799655,0.739132,0.812920,0.789274,0.799200,0.809157,0.774848,0.777174,0.800561,0.732086,0.825430,0.797667,0.837880,0.820495,0.814870,0.767585,0.818078,0.764492,0.800559,0.799890,0.766668,0.784898,0.786656,0.818778,0.804440,0.826746,0.815890,0.760941,0.785846,0.779529,0.746289,0.782091,0.793321,0.763202,0.793838,0.804976,0.806985,0.760990,0.784530,0.849944,0.751240,0.798503,0.777591,0.802712,0.758959,0.757647,0.781274,0.827377,0.809026,0.720869,0.763409,0.785116,0.805548,0.775031,0.770825,0.795830,0.836072,0.726845,0.766691,0.813999,0.788924,0.780336,#
2,0.813054,0.785582,1.000000,0.766844,0.722620,0.795491,0.744825,0.791762,0.800113,0.767272,0.755320,0.741302,0.715679,0.754167,0.763519,0.736278,0.746785,0.793982,0.736720,0.780886,0.752120,0.760922,0.735377,0.821800,0.732108,0.716536,0.815488,0.825019,0.807159,0.773930,0.811553,0.778333,0.762627,0.736466,0.740723,0.779420,0.785600,0.768800,0.819912,0.772407,0.764355,0.783638,0.790177,0.739919,0.718867,0.724097,0.842508,0.736311,0.769158,0.825641,0.795411,0.784505,0.782751,0.820611,0.836377,0.784793,0.773850,0.788851,0.739287,0.767846,0.836418,0.771503,0.751426,0.791625,0.776112,0.796317,0.830063,0.780982,0.780630,0.779538,0.783501,0.757173,0.830267,0.773996,0.787120,0.775014,0.771598,0.780834,0.782773,0.796222,0.804189,0.803967,0.809861,0.814128,0.827458,0.808425,0.764889,0.826370,0.771863,0.776697,0.770557,0.793385,0.805341,0.768675,0.794825,0.747128,0.755543,0.738623,0.844076,0.798821,0.789365,0.765776,0.730177,0.740926,0.726136,0.812846,0.784442,0.773848,0.793271,0.740585,0.792823,0.745009,0.805091,0.722894,0.739335,0.760639,0.750492,0.787132,0.798568,0.676261,0.764238,0.763182,0.719936,0.815824,0.789069,0.743939,0.750581,0.777571,0.771516,0.801364,0.830033,0.819332,0.817714,0.792044,0.798724,0.784815,0.766657,0.777091,0.779233,0.743017,0.791379,0.790164,0.716844,0.747674,0.772983,0.805300,0.752052,0.745978,0.774683,0.776890,0.802870,0.766113,0.769519,0.780530,0.768714,0.768834,0.771737,0.734810,0.744563,0.749903,0.754700,0.718863,0.751816,0.781960,0.753901,0.768410,0.823354,0.721882,0.748024,0.752669,0.774469,0.758274,0.771482,0.745495,0.807187,0.745478,0.738705,0.814929,0.764824,0.756636,0.748939,0.819387,0.704336,0.819497,0.754475,0.757839,0.758438,0.733058,0.795663,0.764673,0.761818,0.781025,0.813939,0.760017,0.750157,0.786369,0.762693,0.808415,0.725280,0.790799,#
3,0.780659,0.802635,0.766844,1.000000,0.767761,0.796523,0.745510,0.766954,0.777982,0.768062,0.768241,0.763600,0.779599,0.718766,0.761993,0.783548,0.758430,0.763838,0.787195,0.751912,0.764207,0.796229,0.734470,0.761872,0.757100,0.759249,0.782815,0.787726,0.740495,0.738664,0.793425,0.824710,0.765210,0.798940,0.792412,0.765356,0.743442,0.788202,0.732115,0.793301,0.771703,0.752868,0.751650,0.765287,0.744199,0.797816,0.834495,0.765283,0.812016,0.779488,0.796767,0.741471,0.796843,0.744788,0.790929,0.787187,0.705276,0.775705,0.831284,0.785815,0.763853,0.767707,0.712321,0.776698,0.811757,0.782560,0.769483,0.768258,0.727882,0.756128,0.748066,0.802754,0.823465,0.780060,0.751212,0.751308,0.749824,0.776407,0.766741,0.809402,0.814338,0.729915,0.787071,0.815848,0.780031,0.807633,0.771678,0.756175,0.758363,0.783500,0.728217,0.762699,0.812271,0.803884,0.753519,0.760414,0.714907,0.720074,0.748879,0.772780,0.748734,0.755075,0.697473,0.737015,0.779870,0.770154,0.753501,0.787136,0.760121,0.754841,0.750202,0.745586,0.745758,0.741874,0.757879,0.784250,0.736671,0.738540,0.771997,0.673389,0.728933,0.785424,0.707323,0.768853,0.743188,0.755898,0.772063,0.770673,0.745352,0.780184,0.742974,0.805514,0.724204,0.788308,0.826192,0.782633,0.806288,0.738173,0.719005,0.720054,0.762406,0.766685,0.757342,0.758074,0.752598,0.801288,0.731501,0.741824,0.767578,0.747133,0.781305,0.765015,0.771945,0.758788,0.754795,0.718144,0.793686,0.758593,0.718570,0.779634,0.777723,0.761225,0.749619,0.799747,0.771917,0.765823,0.764419,0.708359,0.758386,0.746572,0.779603,0.779891,0.766140,0.769651,0.732250,0.743969,0.750739,0.780828,0.772183,0.751256,0.720729,0.808762,0.710745,0.757554,0.733650,0.773200,0.759264,0.699433,0.792053,0.807201,0.722554,0.735002,0.731072,0.736263,0.757671,0.765238,0.775831,0.783807,0.739261,0.786409,#
4,0.725023,0.790733,0.722620,0.767761,1.000000,0.792014,0.767705,0.745798,0.710427,0.727217,0.737665,0.761902,0.714200,0.731356,0.720998,0.781741,0.753635,0.808115,0.749513,0.802516,0.775240,0.753473,0.733497,0.789119,0.712054,0.701813,0.771435,0.758911,0.728760,0.739755,0.847211,0.754209,0.787601,0.705150,0.735380,0.754923,0.728172,0.776617,0.731699,0.784164,0.763831,0.732526,0.717833,0.770879,0.734369,0.753512,0.792547,0.730042,0.799693,0.780911,0.771311,0.742291,0.771651,0.712432,0.779598,0.767599,0.725408,0.750132,0.802040,0.761925,0.735659,0.766067,0.730602,0.735593,0.783532,0.782007,0.803541,0.745513,0.727240,0.736360,0.763717,0.802946,0.782957,0.748948,0.722227,0.749209,0.742905,0.769200,0.785319,0.761245,0.745947,0.741650,0.795267,0.751479,0.784951,0.721912,0.720812,0.715332,0.764926,0.797907,0.711839,0.740603,0.730221,0.771213,0.713994,0.749463,0.740291,0.698586,0.702492,0.762294,0.804117,0.779640,0.733037,0.730146,0.757845,0.739289,0.769771,0.757309,0.769519,0.739100,0.731196,0.723471,0.759777,0.794142,0.745228,0.750585,0.741221,0.791364,0.717238,0.649770,0.757421,0.768014,0.782285,0.772827,0.733398,0.783109,0.727274,0.746212,0.800362,0.772422,0.809161,0.795282,0.709047,0.732625,0.811090,0.782404,0.779953,0.763069,0.719536,0.699480,0.728666,0.790763,0.762057,0.772006,0.738271,0.737519,0.775787,0.676362,0.749626,0.778766,0.785191,0.824261,0.720917,0.705455,0.787872,0.745204,0.797109,0.728376,0.764692,0.735232,0.711695,0.742575,0.797820,0.769970,0.774304,0.735901,0.737329,0.715566,0.733154,0.760608,0.736398,0.751038,0.753962,0.735621,0.802204,0.750148,0.745179,0.792758,0.729862,0.740513,0.792701,0.777313,0.763224,0.736927,0.805735,0.756825,0.748263,0.777119,0.719587,0.716580,0.716916,0.709009,0.706181,0.737306,0.762926,0.701447,0.752841,0.780362,0.764385,0.706848,#
5,0.799353,0.841168,0.795491,0.796523,0.792014,1.000000,0.726735,0.799202,0.791564,0.765026,0.759652,0.767009,0.745054,0.741746,0.768309,0.757335,0.773476,0.791299,0.779441,0.816714,0.787536,0.765620,0.733946,0.788582,0.745996,0.793058,0.833202,0.825519,0.714107,0.774932,0.811976,0.814293,0.792280,0.782535,0.776508,0.816311,0.764228,0.769598,0.780568,0.791929,0.777648,0.761024,0.733235,0.765886,0.771711,0.784521,0.818888,0.811965,0.818924,0.796045,0.809495,0.741501,0.792678,0.813837,0.791819,0.860854,0.775417,0.799713,0.815024,0.805833,0.749279,0.764285,0.767452,0.805724,0.765966,0.758726,0.817067,0.785062,0.771591,0.807317,0.810440,0.793694,0.862131,0.771061,0.758709,0.756434,0.782981,0.797314,0.777251,0.796326,0.824881,0.794828,0.835236,0.803068,0.785432,0.805327,0.777929,0.779163,0.797195,0.791039,0.762591,0.739357,0.781411,0.802474,0.735032,0.693871,0.779825,0.750350,0.814514,0.747892,0.831329,0.798415,0.819908,0.772902,0.776879,0.777353,0.785452,0.801146,0.749331,0.776546,0.775605,0.801689,0.772509,0.718572,0.713196,0.772082,0.804111,0.799859,0.776590,0.681296,0.752608,0.810977,0.768295,0.838570,0.759669,0.788165,0.803130,0.758048,0.801027,0.783409,0.795050,0.841605,0.810035,0.814226,0.807448,0.750307,0.767169,0.796511,0.742673,0.739992,0.790466,0.769208,0.778962,0.792153,0.841653,0.745349,0.767481,0.770634,0.794899,0.841910,0.828151,0.798490,0.765674,0.772344,0.795175,0.731370,0.813204,0.782544,0.778314,0.776972,0.778236,0.807313,0.788871,0.788526,0.806194,0.750159,0.738325,0.794712,0.763727,0.759996,0.827812,0.774847,0.790449,0.765657,0.807070,0.756524,0.760960,0.822815,0.784353,0.795384,0.782362,0.806828,0.707785,0.755870,0.777845,0.794649,0.769125,0.738657,0.808952,0.829429,0.745309,0.810209,0.738135,0.797750,0.736550,0.762659,0.747348,0.796312,0.777726,0.773383,#
6,0.771901,0.731429,0.744825,0.745510,0.767705,0.726735,1.000000,0.714918,0.756625,0.761187,0.743473,0.740336,0.734554,0.761813,0.677220,0.771807,0.753610,0.796526,0.744388,0.740703,0.798583,0.745758,0.704036,0.760627,0.740931,0.736956,0.757227,0.747231,0.726884,0.758980,0.781657,0.796124,0.783454,0.753592,0.732178,0.774763,0.775312,0.742638,0.739319,0.777488,0.761962,0.783039,0.767396,0.761233,0.756516,0.679488,0.794116,0.748269,0.822226,0.797790,0.794380,0.769851,0.784568,0.682392,0.801758,0.749090,0.764328,0.793084,0.807765,0.725007,0.788984,0.754166,0.725750,0.727793,0.795925,0.763819,0.824684,0.773060,0.772969,0.709840,0.758403,0.809904,0.786362,0.765591,0.714216,0.755746,0.761785,0.778067,0.788560,0.732022,0.777473,0.777751,0.750629,0.831412,0.768258,0.727927,0.729437,0.753983,0.785857,0.793062,0.725454,0.755518,0.718101,0.790497,0.724981,0.729680,0.742817,0.738062,0.750398,0.737141,0.783386,0.796054,0.745080,0.738009,0.771304,0.700797,0.765521,0.748930,0.774510,0.722435,0.695720,0.721151,0.724132,0.736376,0.696401,0.758974,0.711125,0.770068,0.708099,0.718109,0.729545,0.779042,0.698144,0.807932,0.764643,0.765827,0.727285,0.753782,0.705567,0.746254,0.774796,0.775204,0.719018,0.695982,0.774008,0.750560,0.776517,0.745618,0.777417,0.766951,0.763567,0.783570,0.706725,0.767543,0.754760,0.765589,0.753476,0.707431,0.742984,0.746427,0.759692,0.791885,0.710683,0.716950,0.721071,0.715495,0.780002,0.677117,0.755087,0.797148,0.770635,0.767573,0.716840,0.763774,0.777421,0.757872,0.794225,0.658126,0.737092,0.769976,0.758564,0.742458,0.723079,0.698002,0.748324,0.765304,0.735153,0.782966,0.752879,0.758383,0.754867,0.787359,0.753173,0.778371,0.729957,0.751223,0.748143,0.745185,0.740754,0.749712,0.705925,0.759259,0.726481,0.736287,0.772521,0.776074,0.772081,0.789070,0.734697,0.749785,#
7,0.798917,0.783027,0.791762,0.766954,0.745798,0.799202,0.714918,1.000000,0.811435,0.741807,0.771830,0.755511,0.745903,0.759658,0.775901,0.738791,0.762160,0.788496,0.788273,0.783489,0.806967,0.741372,0.802183,0.765891,0.746633,0.786284,0.791318,0.797676,0.751613,0.811453,0.770992,0.778027,0.753793,0.767258,0.765554,0.782136,0.793809,0.770538,0.760507,0.759374,0.790301,0.782688,0.740836,0.764579,0.737349,0.732985,0.799729,0.796115,0.805452,0.764908,0.795332,0.773087,0.808897,0.820000,0.807822,0.768411,0.767916,0.791838,0.784990,0.820738,0.744394,0.763490,0.781766,0.787624,0.802972,0.799038,0.850775,0.767023,0.787135,0.722651,0.805301,0.722947,0.824909,0.805588,0.772062,0.757972,0.790143,0.780114,0.751731,0.750861,0.835616,0.770297,0.820032,0.796672,0.792112,0.784614,0.806803,0.760066,0.768921,0.788282,0.759752,0.799019,0.781376,0.782455,0.771286,0.756247,0.779291,0.794614,0.801400,0.787477,0.805360,0.752748,0.748726,0.755092,0.760104,0.749354,0.782468,0.810776,0.785862,0.756851,0.825097,0.771960,0.794723,0.752735,0.723164,0.791921,0.737605,0.769604,0.754108,0.727316,0.780635,0.774521,0.725434,0.806363,0.800313,0.793323,0.752591,0.783736,0.739715,0.748613,0.791545,0.806223,0.781321,0.718751,0.815199,0.804685,0.802288,0.811259,0.731905,0.755611,0.758478,0.768760,0.776723,0.767662,0.795881,0.755794,0.789020,0.685770,0.786453,0.759203,0.784781,0.779470,0.788404,0.730963,0.765834,0.786560,0.795245,0.776059,0.788466,0.774710,0.782628,0.743938,0.819827,0.750879,0.795368,0.748374,0.795167,0.760466,0.713722,0.738465,0.807911,0.774971,0.758225,0.771926,0.775939,0.740958,0.740360,0.771082,0.781602,0.787482,0.753437,0.785927,0.757397,0.777298,0.747290,0.777757,0.799198,0.728567,0.779499,0.806395,0.787240,0.771685,0.754634,0.754719,0.787061,0.756037,0.775776,0.820585,0.813451,0.770150,#
8,0.777377,0.805410,0.800113,0.777982,0.710427,0.791564,0.756625,0.811435,1.000000,0.789319,0.760324,0.776454,0.766635,0.767411,0.761199,0.795645,0.736280,0.820830,0.736688,0.804528,0.799443,0.782704,0.740635,0.766142,0.746908,0.767542,0.789339,0.784575,0.762625,0.773502,0.798899,0.807585,0.767164,0.756658,0.745519,0.812964,0.768309,0.795341,0.747177,0.767608,0.756711,0.747201,0.833180,0.762120,0.749081,0.726797,0.805444,0.761620,0.807840,0.786051,0.817610,0.786226,0.750118,0.821199,0.795283,0.800102,0.780097,0.789452,0.776556,0.756475,0.789279,0.785747,0.812798,0.777930,0.795531,0.799557,0.817012,0.810421,0.814427,0.746638,0.780669,0.779828,0.833369,0.786616,0.768013,0.759590,0.777052,0.811687,0.758054,0.762127,0.822046,0.774070,0.789439,0.810534,0.820965,0.783985,0.764975,0.817814,0.773324,0.744814,0.771475,0.774008,0.792242,0.764302,0.766265,0.744613,0.757573,0.780385,0.839243,0.806362,0.799976,0.746406,0.778103,0.794950,0.747662,0.781260,0.782496,0.788744,0.737541,0.777425,0.760445,0.766804,0.796210,0.724213,0.698555,0.797024,0.735568,0.762864,0.784600,0.760860,0.745023,0.757477,0.729715,0.803680,0.747341,0.793179,0.726992,0.764620,0.770528,0.787366,0.748128,0.802921,0.777810,0.753340,0.810328,0.772824,0.794298,0.775947,0.764284,0.774582,0.778063,0.795110,0.786037,0.743322,0.788334,0.732614,0.738528,0.719657,0.789405,0.804971,0.791184,0.805088,0.754923,0.815695,0.740919,0.750796,0.784365,0.780165,0.804741,0.804009,0.767359,0.730423,0.803426,0.793621,0.765860,0.745575,0.759229,0.760283,0.762910,0.741500,0.796840,0.774134,0.737876,0.755082,0.787810,0.759001,0.765930,0.803957,0.758331,0.730898,0.760172,0.806881,0.745840,0.801629,0.777937,0.759594,0.832791,0.734562,0.761092,0.811767,0.797426,0.792422,0.808007,0.761765,0.760675,0.738436,0.755930,0.772823,0.769230,0.821132,#
9,0.758287,0.790045,0.767272,0.768062,0.727217,0.765026,0.761187,0.741807,0.789319,1.000000,0.744947,0.737953,0.775298,0.765363,0.781237,0.786618,0.762818,0.793185,0.766585,0.745407,0.811788,0.744771,0.725745,0.786430,0.736643,0.715240,0.760400,0.841214,0.708504,0.810998,0.761256,0.801155,0.797653,0.766860,0.743398,0.787407,0.769343,0.773378,0.753144,0.800705,0.772887,0.786776,0.737390,0.750837,0.770709,0.718466,0.783230,0.763285,0.785079,0.777724,0.789638,0.742944,0.729195,0.753683,0.787786,0.782676,0.771505,0.849273,0.745362,0.760688,0.795054,0.771728,0.757139,0.738765,0.753705,0.814830,0.818871,0.806377,0.803684,0.730201,0.764165,0.761292,0.798152,0.759772,0.754857,0.778084,0.802059,0.831949,0.782053,0.826318,0.795832,0.787676,0.790012,0.859447,0.791700,0.765176,0.764679,0.819719,0.785772,0.733854,0.761803,0.743882,0.787708,0.764866,0.777144,0.723104,0.734851,0.740114,0.765617,0.779625,0.821265,0.791681,0.784011,0.782009,0.779167,0.790631,0.760059,0.807583,0.813953,0.791875,0.787101,0.758322,0.778734,0.732795,0.716280,0.809493,0.675473,0.761915,0.722461,0.725066,0.737869,0.781724,0.737658,0.806996,0.762784,0.791597,0.765561,0.745886,0.795100,0.760919,0.751854,0.807826,0.754144,0.751385,0.798908,0.727807,0.771939,0.771446,0.745537,0.738286,0.804624,0.817934,0.779511,0.792847,0.795531,0.817959,0.773549,0.761173,0.793166,0.783981,0.762351,0.760897,0.772366,0.780704,0.763647,0.761050,0.750349,0.779550,0.743868,0.800798,0.786327,0.800530,0.781825,0.781471,0.781648,0.800045,0.730383,0.717130,0.806406,0.741264,0.796058,0.788501,0.761567,0.722488,0.771651,0.803216,0.765931,0.811305,0.727033,0.780118,0.796599,0.797885,0.763776,0.759507,0.763741,0.801061,0.758163,0.734412,0.792670,0.723054,0.762891,0.774317,0.717796,0.733032,0.750487,0.753430,0.800981,0.771764,0.747498,0.740949,#
10,0.772312,0.799216,0.755320,0.768241,0.737665,0.759652,0.743473,0.771830,0.760324,0.744947,1.000000,0.770300,0.754659,0.738240,0.725224,0.753039,0.774481,0.756171,0.775690,0.768503,0.774132,0.742704,0.766177,0.819752,0.695286,0.737674,0.777210,0.799717,0.736759,0.787621,0.779688,0.765513,0.772302,0.773557,0.773467,0.792719,0.773766,0.787946,0.780300,0.754713,0.765635,0.743588,0.767501,0.723442,0.749606,0.772987,0.837560,0.770313,0.792836,0.820685,0.766983,0.783213,0.763491,0.714110,0.809427,0.793007,0.778053,0.814727,0.739035,0.766721,0.788886,0.789892,0.795025,0.770819,0.798072,0.731829,0.815378,0.750853,0.807800,0.752808,0.823469,0.785809,0.848809,0.705002,0.754444,0.815425,0.757361,0.814373,0.776794,0.753696,0.828061,0.762283,0.767790,0.776095,0.778588,0.739831,0.779423,0.737773,0.773406,0.812114,0.720797,0.774066,0.808688,0.735750,0.714050,0.746455,0.716396,0.796593,0.754334,0.791870,0.760475,0.745246,0.743016,0.787634,0.786833,0.764570,0.758941,0.746031,0.750853,0.748137,0.749551,0.743906,0.810504,0.744437,0.714247,0.784877,0.719342,0.763700,0.760466,0.709253,0.741893,0.795770,0.700320,0.802991,0.718940,0.766270,0.761361,0.746983,0.791389,0.795157,0.736823,0.785069,0.726205,0.752651,0.810130,0.830089,0.743726,0.730397,0.775661,0.774411,0.807425,0.783224,0.718773,0.763236,0.733905,0.757341,0.791101,0.728557,0.784205,0.764144,0.755155,0.754172,0.751346,0.742490,0.792817,0.728162,0.818662,0.793935,0.733439,0.743865,0.810341,0.732466,0.763843,0.791949,0.787024,0.728944,0.767565,0.722902,0.749844,0.792344,0.771277,0.769212,0.706969,0.731285,0.796491,0.747148,0.731508,0.782718,0.709340,0.771600,0.741877,0.751250,0.747924,0.741401,0.709253,0.788881,0.758069,0.749256,0.699798,0.788596,0.767254,0.715516,0.743336,0.790247,0.774234,0.770037,0.782514,0.784606,0.758741,0.775184,#
11,0.809551,0.778849,0.741302,0.763600,0.761902,0.767009,0.740336,0.755511,0.776454,0.737953,0.770300,1.000000,0.781783,0.748424,0.772910,0.774371,0.764750,0.819723,0.807063,0.772376,0.762639,0.734912,0.796750,0.796703,0.733445,0.746939,0.776587,0.750292,0.768127,0.734046,0.779890,0.795195,0.793463,0.754758,0.725672,0.792262,0.793846,0.815349,0.737882,0.770171,0.772427,0.722243,0.747865,0.772534,0.736723,0.711952,0.832089,0.805271,0.768991,0.816349,0.768971,0.755465,0.808561,0.733318,0.802626,0.790836,0.734715,0.807240,0.767214,0.784718,0.746961,0.739955,0.817696,0.760645,0.781283,0.779906,0.794395,0.763170,0.804141,0.766051,0.794117,0.753334,0.814181,0.789698,0.799893,0.754344,0.793065,0.810573,0.749230,0.715846,0.783862,0.762722,0.789756,0.782737,0.810516,0.763164,0.700399,0.743723,0.715613,0.717536,0.788677,0.772294,0.767828,0.760997,0.707882,0.774601,0.732496,0.769606,0.751629,0.776867,0.760488,0.781324,0.780443,0.761499,0.784465,0.756013,0.773135,0.791210,0.809120,0.737497,0.782952,0.789810,0.797373,0.691082,0.693437,0.768458,0.754173,0.742226,0.764993,0.754260,0.707686,0.772690,0.740673,0.808114,0.737844,0.795639,0.796323,0.772394,0.778131,0.797314,0.775544,0.772335,0.780994,0.756001,0.801597,0.756230,0.795618,0.758358,0.770341,0.745646,0.763543,0.770995,0.750690,0.787325,0.776077,0.731734,0.798376,0.736041,0.772875,0.793693,0.777382,0.747361,0.767788,0.797191,0.778849,0.724371,0.803437,0.752628,0.733129,0.765598,0.796108,0.773562,0.832090,0.772542,0.807167,0.739552,0.792648,0.699358,0.757734,0.820038,0.800635,0.734913,0.791665,0.813263,0.777378,0.760954,0.775805,0.770613,0.738772,0.790571,0.769821,0.747903,0.785210,0.748228,0.784873,0.734876,0.769540,0.799871,0.722884,0.749905,0.764155,0.769912,0.736438,0.742418,0.743282,0.752828,0.782950,0.782544,0.769597,0.710017,#
12,0.780972,0.790601,0.715679,0.779599,0.714200,0.745054,0.734554,0.745903,0.766635,0.775298,0.754659,0.781783,1.000000,0.751567,0.764014,0.740396,0.731794,0.770290,0.803213,0.752631,0.790294,0.698378,0.779985,0.800335,0.727076,0.749156,0.746825,0.774404,0.747935,0.749418,0.757417,0.780671,0.746375,0.785412,0.757669,0.781787,0.754490,0.781369,0.760434,0.741989,0.684477,0.706102,0.704226,0.749845,0.756994,0.729106,0.818384,0.735566,0.784310,0.780162,0.836312,0.717912,0.748429,0.749383,0.796749,0.778097,0.737810,0.765921,0.757432,0.750718,0.748892,0.721127,0.752943,0.722741,0.790358,0.786004,0.775045,0.748387,0.792950,0.751241,0.753011,0.767986,0.805635,0.744175,0.765763,0.744811,0.763464,0.786679,0.770282,0.771398,0.783839,0.755153,0.779425,0.796844,0.731653,0.775205,0.692634,0.762657,0.735929,0.713159,0.780634,0.748917,0.788946,0.736242,0.706556,0.748557,0.766084,0.720314,0.736627,0.736814,0.721516,0.797570,0.742808,0.763185,0.733361,0.722638,0.729129,0.758343,0.793728,0.765643,0.736883,0.749027,0.759319,0.695636,0.782691,0.785512,0.680725,0.738107,0.749599,0.719882,0.723838,0.795449,0.708786,0.786550,0.750057,0.797559,0.784228,0.731505,0.750270,0.734676,0.701976,0.746263,0.709864,0.717922,0.759497,0.746812,0.731916,0.760674,0.709085,0.688590,0.796724,0.774864,0.729731,0.791795,0.720691,0.727156,0.773565,0.690171,0.770006,0.785824,0.771253,0.721700,0.776243,0.713598,0.743931,0.777541,0.794343,0.786904,0.790275,0.752355,0.755447,0.766612,0.759835,0.770789,0.810994,0.682256,0.737028,0.758827,0.713619,0.749654,0.779732,0.723031,0.761854,0.736350,0.743927,0.717683,0.798229,0.810548,0.707314,0.730352,0.740603,0.786145,0.746325,0.708111,0.692940,0.735591,0.732916,0.746009,0.783692,0.766639,0.722464,0.753906,0.685835,0.726963,0.734583,0.763545,0.746731,0.794624,0.796027,0.711435,#
13,0.747513,0.795313,0.754167,0.718766,0.731356,0.741746,0.761813,0.759658,0.767411,0.765363,0.738240,0.748424,0.751567,1.000000,0.715962,0.725517,0.700889,0.827616,0.779245,0.758225,0.765912,0.738347,0.784233,0.753758,0.743909,0.737994,0.722456,0.779543,0.760700,0.799661,0.735718,0.766663,0.792723,0.792174,0.658612,0.743471,0.770198,0.789743,0.782293,0.782125,0.808786,0.731960,0.740896,0.732248,0.772266,0.744556,0.791413,0.767406,0.814970,0.815095,0.787018,0.800716,0.738702,0.725752,0.819804,0.805644,0.773967,0.793993,0.767959,0.770482,0.774052,0.732582,0.732626,0.757711,0.802519,0.786868,0.803391,0.766252,0.810520,0.718180,0.736232,0.776478,0.771924,0.786040,0.785769,0.746469,0.762030,0.792021,0.805721,0.742461,0.785294,0.752766,0.795956,0.805239,0.770706,0.780738,0.694904,0.731664,0.807327,0.757196,0.721022,0.751916,0.760844,0.771557,0.733190,0.707518,0.750469,0.724859,0.745857,0.795419,0.784146,0.761041,0.767256,0.780145,0.763920,0.804447,0.743923,0.791149,0.758075,0.737458,0.770910,0.759660,0.763954,0.751390,0.731300,0.780534,0.693510,0.780548,0.790174,0.689078,0.762261,0.778183,0.692305,0.740364,0.740836,0.766932,0.774186,0.742329,0.761699,0.736786,0.772352,0.751926,0.742081,0.717768,0.781900,0.760096,0.737181,0.782906,0.821629,0.713666,0.775238,0.798269,0.792179,0.739365,0.725864,0.743726,0.756272,0.726161,0.774998,0.732658,0.806080,0.785967,0.734167,0.752978,0.745249,0.740180,0.801004,0.742888,0.767792,0.738752,0.772088,0.758967,0.756067,0.790568,0.786369,0.736180,0.783711,0.721457,0.775093,0.734121,0.768873,0.750115,0.794261,0.755353,0.800086,0.780051,0.772104,0.810366,0.742914,0.775799,0.742399,0.758164,0.802838,0.742083,0.766092,0.769435,0.732043,0.759701,0.715911,0.751463,0.776851,0.763659,0.755574,0.762371,0.783583,0.697923,0.775826,0.804239,0.766949,0.711261,#
14,0.777706,0.815573,0.763519,0.761993,0.720998,0.768309,0.677220,0.775901,0.761199,0.781237,0.725224,0.772910,0.764014,0.715962,1.000000,0.745462,0.741285,0.734123,0.714552,0.757140,0.767234,0.745433,0.753737,0.804629,0.714622,0.681213,0.778207,0.765053,0.722586,0.775045,0.801178,0.743183,0.744907,0.705966,0.736714,0.764102,0.710684,0.778668,0.774475,0.711563,0.749303,0.720087,0.752136,0.753557,0.718681,0.731016,0.781896,0.728557,0.726000,0.732219,0.736097,0.749381,0.726910,0.801133,0.763138,0.759718,0.714149,0.742456,0.752324,0.721745,0.755771,0.784586,0.754313,0.736664,0.749358,0.746285,0.774849,0.748108,0.789659,0.741477,0.724842,0.710408,0.804224,0.731636,0.767469,0.742711,0.747980,0.783576,0.738036,0.728537,0.777842,0.756700,0.799354,0.803035,0.777763,0.775650,0.711091,0.751819,0.773715,0.673728,0.727047,0.706010,0.772915,0.803940,0.765087,0.747252,0.755553,0.746063,0.747081,0.731070,0.782412,0.753799,0.752287,0.702123,0.755543,0.765348,0.739374,0.744955,0.789455,0.748863,0.761948,0.780251,0.783340,0.696321,0.659410,0.776515,0.699226,0.714742,0.720843,0.689679,0.753476,0.778872,0.699614,0.774323,0.770478,0.692107,0.763365,0.780543,0.707846,0.748506,0.733871,0.803369,0.729391,0.716721,0.764660,0.751630,0.795683,0.754210,0.733742,0.731513,0.750199,0.774091,0.682217,0.785458,0.739879,0.770684,0.794802,0.703486,0.757191,0.733729,0.779676,0.753478,0.719792,0.753516,0.784410,0.725635,0.744801,0.739852,0.708957,0.735894,0.753016,0.729343,0.750157,0.749171,0.757448,0.706870,0.704677,0.703027,0.689228,0.761310,0.747836,0.732148,0.766923,0.758768,0.793126,0.758043,0.741309,0.758968,0.708236,0.723758,0.726812,0.769845,0.751826,0.743227,0.753764,0.758940,0.786187,0.697102,0.743024,0.722208,0.727213,0.728790,0.766887,0.738438,0.697128,0.702156,0.748497,0.748592,0.723891,0.706109,#
15,0.746714,0.787722,0.736278,0.783548,0.781741,0.757335,0.771807,0.738791,0.795645,0.786618,0.753039,0.774371,0.740396,0.725517,0.745462,1.000000,0.730564,0.783019,0.755751,0.749887,0.751200,0.790532,0.758346,0.771873,0.730960,0.709620,0.748788,0.762985,0.759850,0.750698,0.817107,0.791318,0.789540,0.790597,0.701671,0.792087,0.769463,0.812662,0.753540,0.723209,0.724744,0.715082,0.772516,0.770082,0.786143,0.724083,0.812151,0.755509,0.796617,0.798963,0.786452,0.761805,0.732178,0.757782,0.766095,0.742251,0.771703,0.760661,0.764840,0.720272,0.780728,0.786714,0.751296,0.773414,0.780692,0.777554,0.783325,0.780364,0.755455,0.708986,0.768694,0.749551,0.761302,0.730139,0.775135,0.765965,0.784993,0.776164,0.792230,0.751894,0.774737,0.742947,0.758124,0.793877,0.808724,0.757900,0.702925,0.770295,0.761859,0.724210,0.724653,0.757385,0.784737,0.791971,0.705480,0.764288,0.719219,0.750036,0.745900,0.761719,0.781554,0.768553,0.768887,0.770640,0.750597,0.746631,0.739162,0.782434,0.747308,0.780025,0.722445,0.709330,0.783729,0.731808,0.704922,0.746907,0.711987,0.751931,0.740473,0.765737,0.724679,0.770131,0.711925,0.801368,0.736862,0.754454,0.762026,0.710755,0.777912,0.799289,0.771718,0.754380,0.729856,0.678554,0.784915,0.764671,0.782786,0.721213,0.736946,0.750860,0.744938,0.769587,0.726326,0.764443,0.763330,0.781006,0.720259,0.730098,0.763470,0.775064,0.782748,0.778845,0.755720,0.767753,0.761622,0.710035,0.793881,0.732336,0.770335,0.764485,0.737840,0.768560,0.776953,0.760454,0.762260,0.730495,0.767566,0.725378,0.754450,0.756717,0.734891,0.764733,0.699561,0.763293,0.764170,0.809081,0.760519,0.780394,0.718565,0.764630,0.766835,0.788084,0.736398,0.752419,0.780539,0.731337,0.717634,0.691578,0.699358,0.766770,0.751914,0.770806,0.728930,0.694853,0.737587,0.710778,0.779292,0.756508,0.780526,0.772465,#
16,0.773775,0.773934,0.746785,0.758430,0.753635,0.773476,0.753610,0.762160,0.736280,0.762818,0.774481,0.764750,0.731794,0.700889,0.741285,0.730564,1.000000,0.778815,0.801142,0.768270,0.845711,0.748574,0.703234,0.772049,0.751390,0.762356,0.772860,0.722877,0.696588,0.749681,0.791974,0.787574,0.786891,0.742882,0.723941,0.780229,0.807970,0.777011,0.755317,0.765734,0.755155,0.751795,0.718514,0.739407,0.757407,0.753005,0.780559,0.749876,0.779503,0.784430,0.734119,0.751762,0.774160,0.773105,0.790641,0.800766,0.679364,0.786534,0.764895,0.721874,0.797533,0.771905,0.739675,0.727863,0.752458,0.737245,0.826136,0.742907,0.777716,0.764905,0.771623,0.754149,0.801282,0.727709,0.746800,0.734617,0.754900,0.778289,0.742544,0.785548,0.822112,0.795478,0.806975,0.790999,0.772046,0.740171,0.758758,0.722252,0.764366,0.766674,0.708199,0.738673,0.774057,0.757411,0.744164,0.778334,0.762755,0.755736,0.790436,0.748297,0.798134,0.764002,0.737939,0.772285,0.732913,0.793564,0.792544,0.754396,0.805655,0.756625,0.762386,0.774038,0.774010,0.719251,0.738942,0.821433,0.786764,0.783818,0.723187,0.623208,0.715538,0.756176,0.725635,0.795230,0.759760,0.757241,0.730209,0.717695,0.779923,0.733743,0.788318,0.777689,0.749604,0.693123,0.787060,0.804043,0.748435,0.743149,0.721669,0.726533,0.761328,0.766383,0.795905,0.771393,0.719051,0.740257,0.781158,0.740941,0.772492,0.744797,0.749707,0.775300,0.706967,0.734130,0.831945,0.725123,0.784893,0.756915,0.735699,0.753208,0.741991,0.734286,0.804004,0.759546,0.789618,0.780124,0.761024,0.736239,0.734418,0.756871,0.751853,0.760688,0.756042,0.748797,0.756935,0.775538,0.717218,0.817092,0.736329,0.765679,0.744312,0.733951,0.754054,0.737018,0.713436,0.762884,0.790872,0.740736,0.745996,0.767170,0.758955,0.755296,0.767520,0.759087,0.779042,0.744800,0.769920,0.815547,0.761460,0.751612,#
17,0.809102,0.780263,0.793982,0.763838,0.808115,0.791299,0.796526,0.788496,0.820830,0.793185,0.756171,0.819723,0.770290,0.827616,0.734123,0.783019,0.778815,1.000000,0.798971,0.824572,0.806989,0.783230,0.800416,0.803755,0.805937,0.795872,0.813918,0.801623,0.773175,0.821911,0.811611,0.823245,0.782756,0.767487,0.731045,0.833432,0.805012,0.822833,0.774898,0.827976,0.788569,0.776377,0.778809,0.781526,0.770871,0.752429,0.818021,0.835725,0.828609,0.828082,0.814631,0.757744,0.798702,0.767950,0.828815,0.803474,0.784820,0.803177,0.796504,0.768712,0.783628,0.770639,0.793220,0.784999,0.815598,0.825323,0.863084,0.800614,0.787562,0.760940,0.795724,0.776130,0.811992,0.791529,0.801513,0.740630,0.815844,0.849755,0.812625,0.821379,0.815468,0.800038,0.852339,0.826890,0.811745,0.784844,0.752614,0.810813,0.789888,0.774824,0.796341,0.754444,0.805064,0.802824,0.757298,0.803218,0.781451,0.758927,0.790295,0.831963,0.821356,0.784448,0.788736,0.780781,0.756760,0.790906,0.775567,0.783974,0.774040,0.810709,0.798483,0.776448,0.817280,0.755146,0.777820,0.793018,0.728071,0.783807,0.781653,0.744359,0.785506,0.813676,0.776105,0.810715,0.762370,0.785627,0.774311,0.787385,0.804987,0.772418,0.812658,0.834753,0.815465,0.739012,0.818560,0.813568,0.811782,0.804641,0.789566,0.810165,0.811190,0.810647,0.833659,0.795157,0.811976,0.776587,0.802799,0.755044,0.834913,0.784232,0.812819,0.799802,0.775214,0.805511,0.782840,0.809088,0.850071,0.777658,0.793010,0.808205,0.796132,0.784503,0.836824,0.764464,0.817698,0.776457,0.756837,0.714363,0.790395,0.762183,0.818167,0.772621,0.812293,0.771538,0.849297,0.755130,0.780636,0.837636,0.767872,0.830335,0.778165,0.833098,0.789864,0.820439,0.827305,0.777785,0.795805,0.813319,0.734456,0.792069,0.824367,0.813068,0.773038,0.785227,0.795177,0.808942,0.789844,0.823145,0.811420,0.732836,#
18,0.795938,0.801144,0.736720,0.787195,0.749513,0.779441,0.744388,0.788273,0.736688,0.766585,0.775690,0.807063,0.803213,0.779245,0.714552,0.755751,0.801142,0.798971,1.000000,0.776071,0.787406,0.782613,0.783529,0.746143,0.731390,0.802978,0.797039,0.776438,0.736382,0.807903,0.734589,0.818634,0.797416,0.799982,0.772580,0.831297,0.796320,0.792639,0.778772,0.781614,0.779440,0.750810,0.740259,0.748727,0.781411,0.730420,0.804512,0.802385,0.815859,0.778889,0.775654,0.752042,0.792768,0.712077,0.800814,0.779738,0.744053,0.797591,0.776955,0.816920,0.780906,0.735819,0.758753,0.744403,0.815055,0.748918,0.802660,0.765739,0.737470,0.748740,0.779399,0.736321,0.818850,0.745292,0.815391,0.741411,0.789302,0.782333,0.771793,0.757884,0.799231,0.763937,0.799333,0.813864,0.803728,0.801498,0.741338,0.751774,0.796801,0.739815,0.767457,0.732361,0.804820,0.802998,0.759534,0.741659,0.761908,0.786222,0.782696,0.800567,0.781557,0.745633,0.762141,0.789415,0.766020,0.778832,0.762300,0.783686,0.816524,0.795684,0.813473,0.750074,0.796269,0.749958,0.721298,0.781695,0.754797,0.766341,0.782864,0.714219,0.776706,0.824742,0.721440,0.807913,0.773496,0.763632,0.829302,0.733724,0.818448,0.737939,0.786765,0.784600,0.772889,0.717419,0.788724,0.773549,0.809760,0.778743,0.726799,0.763416,0.777068,0.816346,0.759949,0.813776,0.778735,0.768681,0.776287,0.713132,0.814314,0.747654,0.791900,0.781344,0.796696,0.738729,0.791639,0.788796,0.808002,0.813515,0.745055,0.763234,0.799344,0.783100,0.846723,0.777445,0.793223,0.736351,0.847670,0.735868,0.734099,0.761887,0.777630,0.790960,0.796753,0.776858,0.753289,0.768760,0.778194,0.824724,0.760351,0.815922,0.767485,0.800549,0.764473,0.757712,0.759566,0.805035,0.766544,0.769796,0.748662,0.802327,0.775587,0.771219,0.703640,0.801765,0.789204,0.763982,0.766559,0.836214,0.772942,0.759734,#
19,0.760708,0.817539,0.780886,0.751912,0.802516,0.816714,0.740703,0.783489,0.804528,0.745407,0.768503,0.772376,0.752631,0.758225,0.757140,0.749887,0.768270,0.824572,0.776071,1.000000,0.812765,0.756655,0.743399,0.782763,0.756970,0.741351,0.782054,0.740130,0.749250,0.787309,0.819251,0.831958,0.790291,0.742120,0.723737,0.850434,0.746516,0.781100,0.757876,0.762825,0.789458,0.757547,0.753049,0.772304,0.740220,0.767400,0.837017,0.786610,0.800766,0.758176,0.763275,0.757427,0.777981,0.749361,0.802343,0.756278,0.790172,0.782396,0.744917,0.725941,0.770704,0.727787,0.805888,0.769269,0.781286,0.797357,0.824720,0.755070,0.785403,0.748632,0.788305,0.759442,0.823132,0.749814,0.761189,0.727088,0.731895,0.772999,0.759606,0.756799,0.809098,0.749208,0.833653,0.773092,0.776006,0.735299,0.759665,0.767961,0.817771,0.750858,0.745076,0.753824,0.762264,0.801260,0.734615,0.734450,0.789478,0.771652,0.772535,0.792052,0.794010,0.763845,0.765935,0.755642,0.757735,0.729499,0.797829,0.754574,0.763156,0.741657,0.775646,0.742082,0.763396,0.744764,0.749287,0.780760,0.771662,0.784833,0.753030,0.669274,0.801745,0.783028,0.714237,0.851612,0.776633,0.775930,0.773682,0.767861,0.834286,0.832990,0.779523,0.826137,0.787128,0.749748,0.790394,0.795335,0.756546,0.776149,0.770069,0.750281,0.802043,0.797846,0.752838,0.768113,0.770068,0.733634,0.739675,0.694819,0.802962,0.779868,0.773273,0.790905,0.754543,0.776968,0.806670,0.739960,0.830288,0.779890,0.763790,0.768486,0.752789,0.787124,0.795577,0.760338,0.785963,0.734342,0.730716,0.780020,0.732813,0.741891,0.765044,0.784491,0.772411,0.749290,0.811110,0.741955,0.774964,0.818520,0.748060,0.749292,0.736803,0.803110,0.783222,0.792909,0.762104,0.759773,0.755471,0.770095,0.763275,0.794457,0.764359,0.772117,0.733583,0.802617,0.804815,0.757846,0.760507,0.765173,0.744645,0.740612,#
20,0.808917,0.832903,0.752120,0.764207,0.775240,0.787536,0.798583,0.806967,0.799443,0.811788,0.774132,0.762639,0.790294,0.765912,0.767234,0.751200,0.845711,0.806989,0.787406,0.812765,1.000000,0.782728,0.743590,0.816055,0.772513,0.778559,0.795930,0.805740,0.743704,0.796471,0.809632,0.801702,0.784485,0.803661,0.776549,0.795596,0.803979,0.786684,0.794860,0.800956,0.799400,0.824022,0.747607,0.819815,0.794380,0.750567,0.828026,0.771204,0.811620,0.780148,0.801146,0.811306,0.773189,0.782947,0.804674,0.796550,0.746757,0.818007,0.800666,0.776574,0.819131,0.773251,0.809432,0.749828,0.812571,0.814352,0.863831,0.779980,0.808178,0.746595,0.774891,0.801760,0.802505,0.780417,0.763723,0.738544,0.763726,0.802473,0.809586,0.821198,0.814699,0.823365,0.815316,0.849040,0.767710,0.763672,0.791057,0.777519,0.826888,0.826771,0.766290,0.778421,0.793383,0.825536,0.777845,0.774350,0.749209,0.739690,0.789153,0.796066,0.849637,0.806681,0.772414,0.815582,0.798813,0.763985,0.813785,0.803283,0.811878,0.809794,0.784179,0.798359,0.775200,0.710500,0.797001,0.807017,0.785003,0.814032,0.734611,0.688745,0.804399,0.803403,0.742384,0.829901,0.767861,0.799526,0.738203,0.753369,0.778589,0.787621,0.794692,0.806558,0.804017,0.768641,0.817857,0.784597,0.767897,0.818175,0.785071,0.792885,0.794359,0.767645,0.797858,0.818014,0.800027,0.762904,0.799042,0.747627,0.783010,0.821269,0.801841,0.814593,0.768511,0.751300,0.828385,0.769744,0.789231,0.811856,0.788092,0.788978,0.787229,0.783376,0.779096,0.796538,0.846188,0.744812,0.741409,0.754827,0.744372,0.781292,0.793518,0.784829,0.808121,0.778019,0.789919,0.775944,0.771703,0.839514,0.764090,0.802533,0.773257,0.782341,0.782247,0.755361,0.745948,0.812609,0.792045,0.787651,0.766981,0.771980,0.742136,0.781907,0.783338,0.786485,0.804163,0.747986,0.800080,0.821922,0.800662,0.765067,#
21,0.765024,0.846955,0.760922,0.796229,0.753473,0.765620,0.745758,0.741372,0.782704,0.744771,0.742704,0.734912,0.698378,0.738347,0.745433,0.790532,0.748574,0.783230,0.782613,0.756655,0.782728,1.000000,0.784248,0.789191,0.685465,0.718011,0.801391,0.747974,0.757272,0.750740,0.787706,0.749808,0.797500,0.781355,0.756405,0.808460,0.768339,0.768024,0.781027,0.742427,0.758352,0.788486,0.751900,0.743846,0.767516,0.762949,0.767063,0.773476,0.800445,0.777442,0.744992,0.782514,0.776493,0.730836,0.801836,0.764728,0.748753,0.750072,0.812759,0.739268,0.777987,0.768410,0.710642,0.740079,0.803209,0.759705,0.791161,0.763880,0.750013,0.759511,0.754859,0.794097,0.791078,0.783922,0.806802,0.765076,0.775149,0.772064,0.790940,0.783613,0.766454,0.724288,0.816369,0.801354,0.825547,0.752130,0.713959,0.783504,0.807918,0.769128,0.686077,0.714144,0.795233,0.789769,0.750341,0.763642,0.759925,0.707394,0.759845,0.808304,0.775396,0.768729,0.713154,0.770374,0.715675,0.784493,0.736352,0.775264,0.751561,0.801818,0.788522,0.728159,0.767343,0.760282,0.677173,0.729464,0.754712,0.805809,0.730004,0.720378,0.758247,0.757883,0.715258,0.755085,0.745391,0.717282,0.762486,0.766841,0.756104,0.787591,0.770806,0.799199,0.743502,0.735110,0.831296,0.735950,0.737517,0.716114,0.745969,0.770904,0.780828,0.768081,0.717355,0.768116,0.740935,0.735778,0.746559,0.688278,0.750042,0.763687,0.780081,0.807914,0.753003,0.752105,0.732522,0.764718,0.789627,0.746302,0.720065,0.778539,0.767711,0.775313,0.791613,0.777100,0.813238,0.755047,0.769610,0.731067,0.700203,0.753585,0.769105,0.754471,0.758930,0.730105,0.748330,0.736776,0.679087,0.781177,0.753115,0.752855,0.734802,0.810330,0.761243,0.758885,0.753533,0.779954,0.767857,0.697218,0.699085,0.780790,0.768652,0.751942,0.739944,0.741803,0.772747,0.733584,0.777192,0.790464,0.707741,0.766861,#
