0,1.000000,0.096232,0.125582,0.130231,0.072748,0.249143,0.032514,0.192272,0.160883,0.116318,0.027086,0.160070,0.211260,-0.154400,0.365535,0.045602,0.107308,0.093394,0.017740,0.191406,0.019684,0.019256,0.170154,0.164570,0.166012,0.090962,0.244877,0.171385,0.001095,0.167591,0.042183,0.010323,0.006320,-0.011832,0.301652,0.079547,0.188995,0.047538,0.199198,0.169224,0.057331,0.042836,0.229995,0.213020,0.060872,0.038167,0.153260,0.099720,0.019936,0.255817,0.189575,0.057145,0.231702,0.310913,0.043314,0.133338,0.011121,0.122583,0.032265,0.030768,0.313006,0.047599,0.076139,0.139398,-0.016144,0.284861,0.031744,0.269353,-0.026975,0.092092,0.095687,0.071461,0.142755,0.027392,0.156345,0.052355,-0.005007,0.089279,0.006367,0.019832,0.234075,0.098262,-0.000823,0.082709,0.053804,0.247178,0.103056,-0.119258,-0.119332,0.053178,0.125609,0.133819,-0.020102,0.152405,0.171001,0.178765,0.003092,0.060442,0.134396,0.128043,0.053426,0.137055,0.035668,0.057470,0.182753,-0.073754,-0.106700,0.172154,0.153721,0.143772,0.249953,-0.012615,0.133026,-0.048273,0.052081,0.212446,0.078148,-0.055817,0.238278,0.130504,0.049512,0.325923,0.225796,0.161490,0.066224,0.076510,0.036837,0.077084,0.064229,-0.005704,0.035184,0.126675,0.046649,-0.020621,0.039990,-0.016670,0.158161,0.217156,0.023399,0.048208,-0.081388,0.163604,-0.054908,0.215409,0.250038,0.075462,0.035121,0.085533,0.240764,0.162272,0.096433,-0.197532,0.110111,0.047811,0.056605,0.094211,-0.037209,0.062040,0.185503,0.208734,0.196262,0.280673,0.003262,0.058670,0.053383,0.139396,0.198691,0.073917,0.217516,0.227661,0.154573,0.048147,0.228395,0.169270,0.260549,-0.170801,0.074574,0.127228,0.142716,0.160263,-0.037884,0.206411,-0.017882,0.108678,0.122987,0.061242,0.074917,0.274925,0.103177,0.214493,0.066456,0.124268,0.111492,0.057903,0.005040,-0.032204,-0.064378,0.035972,0.186393,0.134772,#
1,0.096232,1.000000,0.059865,0.343530,0.187030,0.318225,0.119563,0.127148,0.109774,0.133011,0.153142,0.101821,0.121970,0.194955,0.115284,0.147940,0.163953,0.050508,0.171850,0.179347,0.322844,0.352090,0.306918,0.346927,0.199350,0.119776,0.245193,0.126298,-0.003473,-0.002019,0.144871,0.308169,0.164905,0.229632,0.235232,0.211524,0.026952,0.213897,0.173153,0.180194,0.141316,0.117432,0.082633,0.213470,0.079364,0.239030,0.229066,0.207458,0.213342,0.223959,0.220080,0.313957,0.306166,0.168352,0.119281,0.172329,-0.030977,0.208200,0.284022,0.202256,0.125764,0.177460,-0.034728,0.017983,0.049385,0.181482,0.240196,0.256703,0.220003,0.246860,0.111976,0.174349,0.305996,0.045276,0.085546,0.063645,0.184152,0.217413,0.230469,0.005023,0.121090,0.195801,0.361963,0.147973,0.167106,0.181882,0.103591,0.011163,0.198156,0.221663,0.171088,0.152458,0.113132,0.080828,0.061151,0.063777,0.098244,0.105917,0.020820,0.183044,0.095943,0.335642,0.141735,0.207331,0.208738,0.027474,0.024810,0.260381,0.076748,0.079779,0.202941,0.174734,0.145159,0.077583,0.108797,0.164724,0.400506,0.315852,0.163993,0.042662,0.393555,0.236660,0.152038,0.166392,0.065288,0.089846,0.253199,0.235170,0.218564,0.205510,-0.001624,0.146691,0.084196,0.260772,0.141137,0.047107,0.066753,0.161153,0.238608,0.023586,0.035873,0.067963,0.024298,-0.039306,0.124609,0.146025,0.152668,0.057530,0.138462,0.203267,0.198548,0.103242,0.108810,0.163429,0.210794,0.071193,0.122635,0.093861,0.069926,0.091488,0.040188,0.319852,0.256741,0.277957,0.084605,0.044021,0.132009,0.269674,-0.002933,0.180848,0.193780,0.056971,0.173925,0.305464,0.195718,0.028478,0.169020,0.181460,0.194284,0.139829,0.052575,0.056991,0.076326,0.039622,0.032583,0.235785,0.108704,-0.037716,0.176716,0.112198,0.099461,0.124391,0.099801,0.207873,0.334449,0.032831,0.140791,0.040478,0.190840,0.222279,#
2,0.125582,0.059865,1.000000,0.192755,0.045166,0.159623,0.092822,0.296899,0.053766,0.194800,0.170364,0.046833,0.029669,-0.031763,0.219911,0.056787,0.156462,0.137051,0.115492,0.241020,0.121234,0.155822,-0.054472,0.087829,0.096357,-0.010005,0.141569,0.161444,0.163130,0.181950,0.137244,0.192998,0.234191,0.195869,0.206593,0.135557,0.262775,0.058754,0.283350,0.164095,0.347946,0.224052,0.018360,0.131535,0.006888,0.210880,0.338233,0.076099,0.128539,0.346050,0.004715,0.037645,0.130661,0.360606,0.236459,0.074369,0.186316,0.109521,0.012887,0.120307,0.135124,0.217391,0.122608,0.263296,0.111750,0.121392,0.379646,-0.048739,0.227102,0.151524,0.207999,0.051371,0.093331,0.229775,0.168784,0.097845,0.167899,0.309536,0.161405,0.340884,0.105754,0.144027,0.240103,0.209344,0.160251,0.338181,0.221699,0.237067,0.190943,0.152358,0.299878,0.242757,0.120322,0.058664,0.385762,0.094309,-0.010909,0.107570,0.167485,0.059188,0.138425,0.064096,0.001113,0.061674,0.172814,0.296729,0.125921,0.039139,0.321868,0.120596,0.210276,0.087281,0.309221,0.011238,0.218553,0.052057,0.014271,-0.020952,0.192724,0.024483,0.235705,0.227644,0.137311,0.017257,0.187066,0.147545,0.087130,0.097556,0.153165,0.190581,0.084409,0.330197,0.279605,0.272355,0.061654,0.061545,-0.078078,0.120265,0.090577,0.082511,0.149113,0.057367,0.000816,-0.013861,0.189290,0.240261,0.154539,0.152115,0.218477,0.100676,0.171890,-0.003230,0.022400,0.277436,-0.019159,0.261385,0.067550,0.028157,-0.009239,0.047767,0.052843,-0.066370,0.094737,0.142220,-0.082746,0.185758,0.309941,0.167011,0.075244,0.088359,0.086957,0.100131,0.096076,0.110823,0.182350,0.105881,0.157798,0.172098,0.152231,0.087734,-0.028563,0.243056,0.172041,0.311906,-0.015621,0.121235,0.037858,0.195028,0.183793,0.026668,0.054860,0.132972,0.113569,0.149387,0.157663,0.244535,0.142019,0.076240,0.085881,0.084969,#
3,0.130231,0.343530,0.192755,1.000000,0.184440,0.225629,0.016674,0.174215,0.171212,0.188310,0.072781,0.124982,0.263159,0.020924,0.138702,0.147944,0.213709,0.017227,0.087178,0.083044,0.245840,0.375794,0.101879,0.095736,0.310146,0.229244,0.216155,0.229983,0.170270,0.053761,0.078790,0.230750,0.178486,0.288082,0.223362,0.114507,0.060510,0.100005,0.035121,0.183379,0.177889,0.187589,0.099020,0.080296,0.177954,0.259709,0.205354,0.308915,0.254521,0.238673,0.138010,0.133587,0.255018,0.249959,0.293316,0.102972,-0.090405,0.133003,0.391318,0.125278,0.189173,0.240388,0.023031,0.152941,0.137597,0.311114,0.092277,0.094714,0.103520,0.273344,0.044195,0.215906,0.337268,0.236488,0.135449,0.113879,0.094761,0.171988,0.225141,0.245520,0.169713,0.144785,0.208651,0.159658,0.138957,0.197863,0.086476,0.133478,0.103257,0.203660,0.010932,0.228392,0.212646,0.135588,0.244527,0.233153,0.085445,0.083100,-0.035888,0.205403,0.190133,0.074171,0.020227,0.149007,0.155390,0.149771,0.224385,0.368999,0.077923,0.141307,0.109415,0.227126,0.186555,0.179284,0.190041,0.126924,0.321693,0.159117,0.219737,0.099951,0.096283,0.172551,0.104180,0.163401,0.089699,0.101156,0.285963,0.205957,0.138388,0.253748,0.057381,0.245885,0.141846,0.357034,0.245486,0.097236,0.242072,0.069259,0.187723,0.070292,0.130030,0.089075,-0.037435,0.028370,-0.010885,0.264893,0.104107,0.182657,0.180277,0.026794,0.089849,0.004935,0.138290,0.177016,0.161153,0.114882,0.227617,0.179847,0.028804,0.253934,0.262608,0.286205,0.196596,0.442984,0.108324,0.123748,0.143082,0.130263,0.128125,0.214202,0.192418,0.118239,0.128273,0.178651,0.019050,0.207576,0.071136,0.088953,0.206620,0.130790,0.046512,0.282757,0.071208,0.243388,0.022915,0.162531,0.022682,-0.032559,0.328457,0.166593,0.061589,0.138385,0.213615,0.148777,0.192089,0.194877,0.148663,0.093981,0.122217,0.293904,#
4,0.072748,0.187030,0.045166,0.184440,1.000000,0.272181,0.214134,0.044080,0.030625,0.155959,0.163804,0.065476,0.029397,0.007058,0.195396,0.194135,0.013198,0.095933,-0.087596,0.157785,0.158236,0.296409,0.164415,0.194846,0.168254,-0.071266,0.070126,0.204335,0.137920,0.077325,0.201546,0.005963,0.157263,0.104735,0.137285,0.130679,-0.037053,-0.010765,0.083243,0.239983,0.045933,0.102579,0.156242,0.240691,0.242175,0.036290,0.321142,0.091779,-0.012696,0.182441,0.124118,0.132120,0.158845,-0.029791,0.147284,0.089001,-0.026836,0.135966,0.339350,0.127190,0.077894,0.245868,0.178917,0.095003,0.166817,0.296715,0.193073,-0.056867,0.076866,0.174480,0.243456,0.212589,0.064825,0.036315,0.048748,0.192809,0.130890,0.183393,0.221677,0.061429,-0.062983,0.188956,0.245822,-0.004802,0.212890,-0.033726,0.083085,0.126737,0.187769,0.319956,0.067556,-0.005249,0.075603,0.081563,0.146987,0.223563,0.190183,0.073206,-0.008407,0.009834,0.115084,0.284693,0.039760,0.184463,0.115739,-0.050710,0.159648,0.066116,0.101755,0.278084,-0.014308,0.132188,0.376675,0.298534,0.086164,0.086378,0.051491,0.335964,0.044271,0.146003,0.203997,0.225392,0.212190,0.159353,0.063989,0.067520,0.132311,-0.031806,0.337280,0.214112,0.288593,0.270893,0.065249,0.194452,0.214712,0.052464,0.048824,0.225212,0.112974,0.080871,-0.023957,0.249565,-0.013401,0.152847,0.020985,0.203425,0.109286,0.011576,0.148076,0.218279,0.074840,0.253083,0.102012,-0.034403,0.248051,0.039462,0.160643,0.206413,0.206229,0.098703,-0.028155,0.269233,0.123578,0.311937,0.114140,-0.011223,0.198964,0.168222,-0.062103,0.115947,0.068392,0.091819,0.119608,0.105316,0.150698,0.090340,0.026075,0.207036,0.111002,0.219188,0.264844,0.089916,0.175373,0.141073,0.226682,0.228272,0.023051,0.204483,0.081397,0.030820,0.179606,-0.001982,0.162260,0.090343,0.132144,-0.094411,0.012672,-0.000601,0.126877,0.152009,#
5,0.249143,0.318225,0.159623,0.225629,0.272181,1.000000,0.080670,0.222596,0.160485,0.177220,0.053876,0.060422,0.222813,0.043362,0.189629,0.038115,0.096093,0.107193,0.194690,0.258838,0.146868,0.082728,0.078098,0.172498,0.310563,0.214274,0.192927,0.304251,0.018192,0.211668,0.133964,0.181813,0.156297,0.334786,0.173608,0.184744,0.116766,0.003235,0.095674,0.189188,0.085772,0.177925,0.102635,0.188763,0.194873,0.192955,0.139135,0.292872,0.060936,0.264485,0.200865,0.012498,0.207617,0.187171,0.248366,0.287093,0.017064,0.115799,0.279651,0.250023,0.044143,0.066360,0.121571,0.229438,0.033244,0.168543,0.097731,0.084877,0.124376,0.200279,0.304227,0.220960,0.244957,0.168831,0.161882,0.031383,0.036699,0.363866,0.201359,0.098938,0.104076,0.227924,0.282479,0.136627,0.128118,0.056556,0.080062,0.084916,0.173141,0.197053,0.314324,0.011250,0.063533,0.125742,0.152362,-0.101076,0.244199,0.157261,0.204138,-0.027034,0.275489,0.181447,0.297007,0.208059,0.158716,0.089324,0.214554,0.181912,0.024880,0.207738,0.135315,0.147090,0.236489,0.076147,0.046751,0.003509,0.347938,0.279467,0.219864,0.110040,0.154794,0.238675,0.185002,0.305706,0.078269,0.133690,0.265591,0.017840,0.273098,-0.010089,0.095756,0.322289,0.231474,0.328431,0.182039,-0.018893,-0.074006,0.227216,0.074500,0.019608,-0.003602,0.007053,0.056788,0.077669,0.356967,0.111712,0.073299,0.168001,0.192718,0.315576,0.335630,0.063176,0.308595,0.136272,0.182577,0.130237,0.166043,0.125332,0.132386,0.160935,0.163508,0.335667,0.179504,0.211191,0.134252,-0.017161,0.026862,0.246360,0.110560,0.062192,0.278261,0.138512,0.134215,0.144846,0.042267,0.209590,0.222120,0.229373,0.253196,0.260356,0.171559,0.128605,-0.101362,0.133352,0.048865,0.258140,0.037370,0.152241,0.343199,0.169256,0.061626,0.252174,0.134541,0.286449,0.207853,0.128535,0.043941,0.179808,0.178940,0.288311,#
6,0.032514,0.119563,0.092822,0.016674,0.214134,0.080670,1.000000,0.019639,0.121841,0.218965,0.232821,0.107037,0.013158,-0.040575,-0.028154,0.388919,0.224767,0.189027,0.102795,0.023042,0.097907,0.103268,0.015375,0.005384,0.221476,0.135882,0.043859,0.123533,0.077128,0.056745,0.152832,0.202491,0.108278,0.171980,0.130178,0.083021,0.143316,0.137302,0.071015,0.027567,0.177461,0.098963,0.263613,0.241172,0.103457,-0.018707,0.098488,0.170611,0.035171,0.176414,0.034703,0.035046,0.147304,-0.094996,0.073423,-0.021780,0.056987,0.116958,0.125338,0.018691,0.255928,0.202914,0.097175,-0.017302,0.232928,0.106029,0.187751,0.095995,0.071471,-0.024813,0.241830,0.289348,-0.031088,0.057362,0.011669,0.176533,0.262502,0.237569,0.283771,0.035534,0.029000,0.118389,0.046477,0.236555,0.169260,-0.042149,0.138479,0.114999,0.025108,0.118308,0.089593,0.054262,0.042407,0.107883,0.150672,0.089096,0.157845,0.152549,0.012848,0.035597,0.100721,0.245562,0.066343,0.077646,0.227187,0.006843,0.052672,0.082900,0.281151,-0.001154,0.015548,0.024277,0.152227,0.134353,0.033403,0.178713,0.016949,0.106337,-0.034510,0.178822,0.064708,0.162025,-0.076149,0.024476,0.112977,-0.006092,-0.066013,0.013420,0.195635,0.037809,0.197055,0.164850,0.055829,0.035507,0.143931,0.028883,0.142309,0.034536,0.168971,0.201661,0.008161,0.022868,-0.111780,0.002595,0.106302,0.207568,0.151080,0.241345,0.118194,0.103220,0.098658,0.089519,-0.046962,0.043673,0.027050,0.025312,-0.036113,-0.226042,-0.097311,0.165145,0.057618,0.113364,0.009082,0.111655,0.023858,0.080098,0.211265,0.002010,0.001511,0.064993,-0.005645,0.240830,-0.134246,0.036536,0.143073,0.163866,0.130073,0.169584,0.102780,0.104251,0.129241,0.118690,0.081578,0.106659,0.062938,0.075794,0.116860,-0.052618,0.159232,0.039629,0.049112,0.109494,-0.041850,0.052887,0.140320,0.131432,0.155234,0.003683,0.082834,0.105682,#
7,0.192272,0.127148,0.296899,0.174215,0.044080,0.222596,0.019639,1.000000,0.216299,0.094433,0.045836,-0.064404,0.238629,0.033825,0.214632,0.069453,0.063147,0.156185,0.133886,0.198597,0.260019,0.126360,0.221408,0.017637,0.115306,0.262105,0.114886,0.132172,0.196242,0.248215,0.079118,0.095417,0.099581,0.214071,0.264445,0.221782,0.034010,0.154387,0.335594,0.163741,0.152133,0.334575,0.071319,0.076893,0.111778,0.163106,0.231633,0.263538,0.322591,0.232667,0.162457,0.182874,0.224109,0.233665,0.261015,-0.001552,0.144550,-0.033789,0.295979,0.320060,0.051837,0.248847,0.161245,0.151136,0.191944,0.241187,0.227903,-0.018019,-0.012294,-0.017946,0.238472,0.064893,0.186896,0.196350,0.099371,0.062976,0.074760,0.190117,0.049278,0.099400,0.239967,0.070425,0.251161,0.141564,0.107855,0.258004,0.029290,0.150722,0.057006,0.190476,0.179040,0.146786,0.163387,0.046109,0.291031,0.222987,0.179156,0.268765,0.246062,0.090055,0.122263,0.112798,-0.047657,0.013254,0.209572,0.020222,0.032114,0.274627,0.219305,0.036041,0.252550,0.148130,0.252186,0.076088,0.188608,0.184323,0.071021,0.078037,0.200570,0.260029,0.188580,0.146030,0.201092,0.108684,0.203596,0.198229,0.053473,0.210092,0.119802,0.184881,-0.002337,0.257656,0.238744,0.012589,0.024320,0.044629,0.009866,0.340517,0.070683,0.095679,-0.027719,0.082190,0.109608,0.097271,0.262236,0.248404,0.143430,0.058970,0.118089,0.124101,0.020129,0.102621,0.109329,-0.003508,0.101218,0.291627,0.183434,0.219657,0.095624,0.130399,0.207896,0.086859,0.213937,0.184192,0.044996,0.080301,0.157060,0.114319,-0.035653,0.010519,0.230743,0.103651,0.191995,0.178807,0.151623,-0.122968,0.105206,0.062297,0.148353,0.177692,0.077203,0.220396,0.054873,0.222136,0.137753,0.218996,0.187668,0.104476,0.240179,0.301127,0.214632,0.114661,0.106569,0.072903,0.235849,0.116097,0.124407,0.222857,0.190906,0.166590,#
8,0.160883,0.109774,0.053766,0.171212,0.030625,0.160485,0.121841,0.216299,1.000000,0.194402,0.120391,0.183691,0.183916,0.171916,0.152804,0.233259,0.087106,0.075863,-0.064368,0.188583,0.277256,0.122367,0.113395,0.098536,0.321117,0.144300,0.111646,-0.004101,0.141930,0.063133,0.150142,0.145963,0.098240,0.095020,0.157291,0.414155,0.119586,0.120353,0.014168,0.033921,0.100533,0.066179,0.390290,0.204788,0.108559,0.036333,0.116628,0.083317,0.160389,0.164656,0.249053,0.136009,0.190090,0.179241,0.009086,0.142747,0.144860,0.130786,0.078150,0.056836,0.186332,0.216406,0.299741,0.241805,0.175601,0.326789,0.198584,0.263159,0.249636,0.006805,0.242595,0.279491,0.219669,0.053413,0.149077,-0.009280,0.142927,0.198678,0.201845,0.151495,0.171207,0.095084,0.067734,0.112565,0.191029,0.097692,0.142904,0.181263,0.023673,0.009427,0.153575,0.121553,-0.047350,0.057025,0.038994,0.089788,0.257786,0.257698,0.328235,0.262977,0.150649,-0.040144,0.248399,0.330455,0.019177,0.125837,0.130573,0.170827,0.011948,0.283804,0.022391,0.075998,0.098528,0.052505,-0.017126,0.200501,0.208679,0.068781,0.071144,0.249407,0.135600,0.127763,0.170707,0.250127,0.125073,0.201349,-0.060380,0.076750,0.294608,0.243237,-0.058734,0.311945,0.227967,0.025101,0.023388,0.214058,0.158652,0.126398,0.203788,0.068816,0.007877,0.006884,0.082614,-0.152622,0.185817,0.157687,0.090319,0.247475,0.163598,0.182470,0.039977,0.191306,-0.013406,0.269330,0.184421,0.110861,0.129898,0.267313,0.300911,0.031202,0.212931,0.047341,0.139675,0.059218,-0.010440,0.121436,0.120708,0.252955,0.227007,-0.042782,0.089326,0.285422,-0.026162,0.150757,0.186141,0.046824,0.219493,0.134528,0.168441,0.214717,0.145671,0.183393,0.179069,0.080931,0.056100,-0.011341,0.268968,0.168174,0.125684,0.221844,0.225984,0.196446,0.173950,0.158868,0.169345,-0.049390,-0.127041,0.110280,0.089378,0.341031,#
9,0.116318,0.133011,0.194800,0.188310,0.155959,0.177220,0.218965,0.094433,0.194402,1.000000,0.125003,0.094532,0.253879,0.060096,0.284764,0.212388,0.103041,0.236590,-0.053073,0.019192,0.153687,0.103094,-0.004697,0.136769,0.289467,-0.021328,0.147314,0.239711,0.099911,0.002529,0.029645,0.237425,0.096841,0.110556,0.104613,0.177506,0.155970,0.102501,0.143462,0.086344,0.123155,0.084930,0.007095,0.150505,0.169940,0.054907,0.151005,0.169883,0.211539,0.298404,0.190925,0.083148,0.108258,0.126893,0.081200,0.075254,0.167549,0.236444,0.005856,0.187923,0.219032,0.288359,0.171016,0.013445,-0.047996,0.234290,0.168724,0.085804,0.192392,0.149183,0.236948,0.146276,0.207510,0.114148,0.030376,0.073899,0.327539,0.265221,0.162046,0.291447,0.113833,0.216199,0.155883,0.213569,0.210183,0.153171,0.208713,0.277154,0.114354,0.259578,0.256909,0.110657,0.136653,0.051733,0.239251,0.067694,0.086232,0.060826,0.216947,0.272274,0.261404,0.266767,0.282428,0.095779,0.158877,0.152246,0.044781,0.334754,0.215934,0.152475,0.140469,0.236814,0.204459,0.126257,0.153757,0.245062,0.033998,0.079814,0.209865,0.268160,0.052202,0.230263,0.140913,0.157571,0.234871,0.157681,0.065296,0.173959,0.263641,0.049159,0.034209,0.230977,0.136871,0.141841,0.175586,-0.083243,0.175260,0.163180,0.143299,0.083043,0.286183,0.223097,0.170460,0.274623,0.201991,0.356312,0.083717,0.260763,0.204741,0.239955,0.084178,0.055217,0.114103,0.195312,0.100623,0.146861,0.044937,0.140441,0.249676,0.199602,0.152371,0.312109,0.276011,0.207907,0.072730,0.226412,0.042571,0.278293,0.219687,0.151596,0.139725,0.077812,0.076613,-0.085073,0.091362,0.137357,0.290616,0.295369,0.066447,0.201908,0.150103,0.294755,0.193284,0.026690,0.124183,0.076343,0.115670,0.154976,0.224342,0.027365,0.042356,0.033126,0.085483,0.039242,-0.060406,0.051855,0.166373,0.093610,0.093750,0.124882,#
10,0.027086,0.153142,0.170364,0.072781,0.163804,0.053876,0.232821,0.045836,0.120391,0.125003,1.000000,0.140169,0.095203,-0.004371,0.019615,0.194068,0.229362,0.075175,0.128670,0.068209,0.148958,0.098538,0.055902,0.234376,0.138075,0.113417,0.046930,0.182068,0.156768,0.139373,0.110873,0.155555,0.096576,0.173910,0.215471,0.055112,0.204625,0.095140,0.000300,0.032327,0.242960,-0.038248,0.140322,0.040554,0.164811,0.081594,0.330802,0.123035,0.024501,0.269588,0.134933,0.224037,0.167669,0.051307,0.126579,0.303472,0.122983,0.247098,-0.026490,0.204866,0.160705,0.226565,0.265847,0.205718,0.102447,0.084695,0.345103,0.019860,0.268945,-0.016511,0.368617,0.184459,0.135077,0.022669,0.161896,0.250371,0.051413,0.196028,0.205955,-0.003874,0.163266,0.005220,0.127370,0.009127,0.120024,0.138835,0.139589,0.011547,0.071978,0.318575,0.076528,0.269862,0.175785,-0.135162,0.080366,0.128355,0.132373,0.269657,0.074852,0.052540,0.090024,0.139872,0.131194,0.153706,0.062112,0.128573,0.308133,-0.042704,0.087401,0.129633,0.126950,0.083763,0.257564,0.192322,0.099092,0.204216,0.083881,0.141299,0.086212,0.052179,0.135811,0.127343,0.049768,0.062415,0.089119,0.086068,0.113381,0.104485,0.241435,0.149002,0.053403,0.248996,0.107370,0.164917,0.196756,0.289468,0.047525,0.118324,0.227631,0.230500,0.113416,0.145088,0.140779,0.098033,0.128250,0.255993,0.187914,0.155735,0.138872,0.277749,0.047643,-0.054857,0.023383,0.251299,0.204639,0.064916,0.082428,0.097811,0.059777,0.024199,0.141973,0.060452,0.070997,0.217194,0.015025,0.134079,0.127632,0.161231,0.196507,0.195291,-0.108634,0.239982,-0.050560,0.080811,0.269963,0.112974,0.070108,0.063069,0.051634,0.175817,-0.118743,0.067762,0.116499,0.118867,-0.101168,0.139010,0.291836,0.102005,0.047337,0.073596,0.074136,0.042861,0.105369,0.271863,0.139045,0.015448,0.109959,0.006424,0.117826,0.259699,#
11,0.160070,0.101821,0.046833,0.124982,0.065476,0.060422,0.107037,-0.064404,0.183691,0.094532,0.140169,1.000000,0.112234,0.126571,0.250638,0.155314,0.032611,0.138264,0.218283,0.148377,0.100642,0.126142,0.129370,0.116412,0.218213,0.069559,0.006400,0.122767,0.118663,-0.004878,0.253973,0.244348,0.187153,0.188773,0.127125,0.148644,0.141894,0.200973,0.049312,-0.049706,0.219626,-0.046823,0.141008,0.075079,0.155454,-0.160467,0.128552,0.203690,0.114181,0.146263,-0.065196,-0.044419,0.266921,0.087852,0.114522,0.024405,-0.000638,0.360737,0.107624,0.233993,0.064917,0.110062,0.244708,0.123102,0.001937,0.105770,0.201597,0.165769,0.151204,0.122662,0.048646,0.061928,0.168858,0.080717,0.359427,0.229927,0.181396,0.227743,0.035665,0.000551,-0.106177,-0.006226,0.241009,0.091341,0.164394,-0.032019,0.062802,0.090663,0.028240,0.051844,0.109823,0.087375,0.043247,0.149315,-0.094147,0.148634,0.014683,0.243180,0.060275,0.214649,0.117996,0.171287,0.174424,0.198630,0.157786,0.062513,0.169378,0.185110,0.076868,0.117539,0.082894,0.191535,0.069792,-0.000706,0.072462,0.018439,0.164657,0.091224,0.057594,0.304673,0.124883,0.094475,0.165419,0.337975,0.111251,-0.009661,0.061417,0.234499,0.321286,0.245514,0.156732,0.184023,0.254895,0.150600,0.144880,0.165843,0.221331,0.232814,0.138186,0.193661,-0.040033,-0.093933,0.173415,0.243452,0.152153,0.168437,0.094837,0.163799,0.091910,0.010392,0.102233,-0.002685,0.097651,0.357329,0.109983,0.056698,0.045554,0.008019,0.010196,0.129423,0.255641,0.211863,0.113870,0.236675,0.146722,0.249492,0.226986,0.126613,0.125718,0.195897,0.186281,0.118066,0.187691,0.183904,0.144424,0.091938,0.219143,0.080220,0.111592,0.192428,0.062571,0.087617,0.215350,0.099828,0.078113,-0.033424,0.166797,0.179093,-0.036199,-0.077294,0.192291,0.254243,0.129830,0.142265,0.157931,-0.015753,-0.006763,0.046124,0.102205,0.141675,#
12,0.211260,0.121970,0.029669,0.263159,0.029397,0.222813,0.013158,0.238629,0.183916,0.253879,0.095203,0.112234,1.000000,0.113204,0.206509,0.065281,0.035899,0.063443,0.146025,0.072027,0.227259,0.072197,0.168627,0.112008,0.225073,0.300149,0.093671,0.130512,0.076617,0.142490,0.096289,0.058235,0.033147,0.230358,0.350119,0.130322,0.130036,0.198719,0.066345,0.064676,0.032904,-0.049963,0.119887,0.101584,0.305890,0.146033,0.230875,0.207133,0.252859,0.246608,0.248509,-0.035053,0.060872,0.126058,0.167730,0.145389,0.110531,-0.010718,0.194086,0.160762,0.108201,0.222951,0.243919,0.083566,0.059468,0.209779,0.016826,0.170548,0.246526,0.136047,0.173305,0.143617,0.258428,0.084460,0.103220,0.240833,0.114441,0.215527,0.103534,0.229932,0.216294,0.145847,0.133537,0.036221,0.077480,0.122005,-0.038867,0.214683,-0.052091,0.061757,0.292389,0.073400,0.176730,0.233739,0.120434,0.189740,0.090267,0.041559,-0.001030,0.020072,0.097142,0.180714,0.123129,0.116852,0.055730,0.059665,0.054598,0.273296,0.136513,0.137585,0.185493,0.168348,0.186274,-0.064638,0.126858,0.171886,0.027001,0.108937,0.178491,0.227979,0.166690,0.257689,0.125891,0.198593,0.187330,0.340608,0.117669,0.113810,0.068030,0.128449,-0.216787,0.024526,0.160586,0.098998,-0.017584,0.032748,-0.012993,0.132529,0.082813,-0.000471,-0.030957,-0.154303,0.001805,0.169592,-0.042020,0.295806,0.118658,0.158600,0.121061,0.158094,0.253176,-0.124861,0.234090,0.060322,0.244480,0.162678,0.142282,0.244268,0.222648,-0.066202,0.126340,0.256434,0.184959,0.121053,0.238031,0.069557,0.011888,0.253357,0.178939,0.163027,0.166675,-0.003559,0.159427,0.086480,0.151151,0.098344,0.262687,0.147385,-0.187404,0.117670,0.106357,0.256223,0.065432,0.069004,0.024545,0.098540,0.063442,0.195992,0.207694,0.030549,0.003276,0.086721,-0.028503,-0.013838,0.090519,0.030318,0.020921,0.110245,0.179181,0.164387,#
13,-0.154400,0.194955,-0.031763,0.020924,0.007058,0.043362,-0.040575,0.033825,0.171916,0.060096,-0.004371,0.126571,0.113204,1.000000,0.154183,0.000599,-0.038193,0.111173,0.079393,-0.003360,0.118907,0.091708,0.185298,0.133639,0.110782,0.206899,-0.025927,0.125081,0.017236,0.114188,0.024376,-0.004066,0.046581,0.146348,-0.032523,0.068058,0.003248,0.155848,-0.044866,0.031412,0.172682,0.072941,0.179892,-0.095735,0.155704,0.149933,-0.053406,0.105288,0.172554,0.153428,-0.009756,0.028216,0.113126,0.089548,0.161193,0.113432,0.112004,0.179749,0.111175,0.139127,-0.013109,0.222351,0.051859,0.036371,0.139104,0.112155,0.231254,0.243316,0.222475,0.165907,-0.039155,0.062775,0.248405,0.004016,0.045836,0.123758,0.181255,0.166416,0.225178,0.011122,-0.119510,0.073283,0.130994,0.194647,-0.034093,0.153328,-0.077478,0.177283,0.174528,0.063583,0.093899,0.177124,0.127257,0.055713,-0.001024,0.060318,0.001722,0.044571,0.092199,0.142019,0.134478,0.139150,0.265452,0.046013,0.065281,0.058898,0.056210,0.108701,-0.050845,0.066073,-0.080086,0.073940,0.078995,0.065010,0.175640,0.030180,0.058992,0.003549,0.100619,0.027585,0.182756,0.011055,0.251612,0.009628,-0.007409,0.053697,0.056740,0.084681,0.151643,0.159548,-0.032798,-0.042938,0.069221,0.185958,0.033592,0.064511,0.072752,0.121332,0.244967,0.126360,0.141440,-0.011906,0.054438,-0.040443,-0.085940,0.147799,0.094264,0.074754,0.187593,-0.034685,0.189937,0.032965,0.096685,0.117987,0.085889,0.020571,0.038928,-0.130642,0.064655,0.022383,0.129292,0.036536,0.245036,0.122797,0.126412,0.050571,0.090872,0.193938,0.005653,0.103390,0.034547,0.064261,0.040633,0.270084,0.183512,0.143472,0.140562,0.021331,-0.038768,0.104852,0.116926,0.071962,0.207729,0.011431,-0.070610,0.114860,0.008135,-0.009617,-0.015416,0.015653,0.234145,0.051305,0.183252,0.107484,0.095989,0.124034,-0.027134,0.266299,0.107808,0.062491,#
14,0.365535,0.115284,0.219911,0.138702,0.195396,0.189629,-0.028154,0.214632,0.152804,0.284764,0.019615,0.250638,0.206509,0.154183,1.000000,0.108369,0.050623,0.203429,-0.045227,0.213242,0.032131,0.149290,0.218440,0.309213,0.192525,0.059327,0.141868,0.232942,0.097469,0.138288,0.413151,0.047463,0.042297,0.120578,0.336305,0.164144,0.184759,0.121370,0.303141,0.082902,0.168284,0.125840,0.032429,0.117926,0.164935,0.193209,0.218767,0.101266,0.200869,0.200160,0.120668,0.197184,0.263442,0.160855,0.186501,0.135038,0.188143,0.142292,0.229602,0.058331,0.138924,0.202078,0.251590,0.180883,0.066633,0.207975,0.150671,0.077209,0.177711,0.100016,0.170014,0.083019,0.298716,0.248466,0.205599,0.187422,0.141328,0.218098,0.050776,0.135064,0.055705,0.086160,0.271097,0.255418,0.142212,0.130151,0.053954,0.150125,0.119390,0.204281,0.243860,0.123058,0.180275,0.342933,0.198218,0.126711,-0.080697,0.138007,0.044093,0.126370,0.069308,0.215901,0.232766,0.133983,0.148087,0.043835,0.117914,0.080987,0.239883,0.241052,0.032195,0.186588,0.283732,0.092489,0.069210,0.070974,0.131640,-0.069822,0.211614,0.190069,0.215099,0.129654,0.308788,0.190468,0.147905,0.015255,0.032569,0.157476,0.170981,0.092895,0.023869,0.256086,0.110235,0.136126,0.129032,0.014442,0.259475,0.257773,0.162706,0.094927,0.124559,0.165726,0.092177,0.307834,0.170269,0.307867,0.147960,0.004069,0.193847,0.111612,0.353302,0.002360,0.285381,0.184398,0.173001,0.125428,0.104000,0.076017,0.091274,0.182969,0.134945,0.160170,0.166988,0.091898,0.349525,0.309875,0.162596,0.198728,0.166749,0.176987,0.145567,-0.062372,0.131210,0.159969,0.224465,0.081545,0.067176,0.132544,0.193837,0.245090,0.100794,0.192276,0.107440,0.045583,0.104190,0.179581,0.105562,0.153870,0.147041,0.095674,0.189013,0.146589,0.171011,0.127934,0.031660,-0.054455,0.044716,0.213168,0.122980,0.012967,#
15,0.045602,0.147940,0.056787,0.147944,0.194135,0.038115,0.388919,0.069453,0.233259,0.212388,0.194068,0.155314,0.065281,0.000599,0.108369,1.000000,0.153783,0.154937,0.198662,0.099275,0.074639,0.193962,0.097838,0.209646,0.239420,0.056445,-0.078407,0.121226,0.089713,-0.046469,0.241334,0.309880,0.179789,0.318709,0.095703,0.182889,0.118041,0.262099,0.006696,-0.052301,0.086583,-0.037381,0.153018,0.149548,0.136010,0.115548,0.181992,0.098823,0.136989,0.196108,0.136216,0.109536,0.114824,0.096172,0.100527,0.105632,0.150696,0.129613,0.100887,0.197348,0.211403,0.296880,0.207761,0.091635,0.206433,0.090596,0.201937,0.216838,0.097310,0.045728,0.152297,0.074909,-0.024663,0.162288,0.164950,0.100563,0.119437,0.123733,0.253491,-0.009634,-0.070626,0.082910,0.150887,0.209413,0.230252,0.116031,-0.083031,0.131811,0.097499,-0.007858,0.010534,0.163701,0.162605,0.169940,0.039167,0.110177,0.099201,0.250119,0.171334,0.171654,0.055718,0.261868,0.132168,0.240585,0.176908,-0.036018,0.030668,0.097493,0.106975,0.259659,0.011713,-0.013257,0.238925,0.080132,0.223666,0.066322,-0.037532,-0.015002,0.047726,0.344399,0.004634,0.281308,0.166333,0.118794,0.073179,0.064757,0.061048,0.107612,0.218278,0.182805,0.205107,0.175990,0.020013,-0.012553,0.173594,0.182450,0.250549,0.108564,0.006665,0.132631,0.055132,0.048143,0.048966,0.066964,0.186358,0.266742,0.073160,0.119612,0.129676,0.110386,0.176900,0.270355,0.098497,0.209595,0.117385,0.137200,0.018822,-0.043715,0.154152,0.136896,0.142371,0.178432,0.191393,0.301834,0.069657,0.113618,0.145555,-0.019264,0.128664,0.138701,-0.050925,0.174277,-0.056147,0.277295,0.129780,0.164980,0.161966,0.076678,0.211817,0.214453,0.100660,0.113815,0.091085,0.159054,0.219427,-0.018012,0.007590,0.010809,0.087733,0.104291,0.011883,0.258082,0.038687,0.095661,0.065495,0.053106,0.090890,-0.005333,0.241381,0.193452,#
16,0.107308,0.163953,0.156462,0.213709,0.013198,0.096093,0.224767,0.063147,0.087106,0.103041,0.229362,0.032611,0.035899,-0.038193,0.050623,0.153783,1.000000,0.089145,0.252906,0.145744,0.312962,-0.160940,-0.007057,0.150674,0.168835,0.142788,0.030625,0.151441,-0.077539,0.089872,0.108260,0.136704,0.019142,0.001451,0.127666,0.050616,0.242076,0.237863,0.088278,0.154034,0.081502,0.010846,0.095178,0.111369,0.060922,0.078117,0.136671,0.065491,0.068272,0.256202,-0.037118,0.165685,0.124569,0.093662,0.010368,0.164443,-0.075542,0.076127,0.069945,0.051844,0.244964,0.226574,0.121781,0.027285,0.041265,0.100423,0.197822,0.093051,0.104917,0.045582,0.162028,0.127149,0.049142,0.094046,0.027000,0.031393,0.024507,0.102736,0.063623,0.146490,0.280086,0.055133,0.208348,0.069606,0.157050,0.158212,0.076567,-0.045392,-0.048502,0.141931,-0.104332,0.159256,0.146112,-0.131246,0.128804,0.137611,0.019056,0.131306,0.093838,0.138938,0.107814,0.158508,0.069971,0.195060,0.130478,0.061305,0.096129,0.062139,0.355436,0.111014,0.101858,0.080423,0.170486,0.138661,0.190914,0.184712,0.283651,0.077767,0.060842,-0.057429,-0.019127,0.072383,0.124329,-0.001342,0.183070,0.017001,-0.050596,-0.079321,0.163560,0.046983,0.168915,0.095112,0.094699,0.153260,0.107937,0.213044,0.112552,0.039053,0.050267,-0.127579,-0.055612,0.062430,0.081863,-0.093998,-0.029220,0.095736,0.249053,0.250835,0.124219,0.057639,0.036532,0.042141,-0.112036,0.133634,0.221425,0.080721,0.034304,-0.046193,-0.049913,0.028288,0.183878,0.003398,0.184075,0.086985,0.146804,0.073379,0.081232,0.124795,0.062653,0.132059,-0.166874,0.180153,0.102769,0.255284,0.161316,0.076480,0.064837,0.326614,0.104932,0.171607,0.132265,0.028844,0.002598,0.231575,-0.141633,-0.051728,0.121598,0.075014,0.220525,0.107069,0.134039,0.149897,0.049830,0.179447,0.127397,0.202504,0.150199,0.032772,0.078841,0.141265,#
17,0.093394,0.050508,0.137051,0.017227,0.095933,0.107193,0.189027,0.156185,0.075863,0.236590,0.075175,0.138264,0.063443,0.111173,0.203429,0.154937,0.089145,1.000000,0.112947,0.208386,0.014677,0.121271,0.109972,-0.095876,0.222849,0.079186,-0.025364,0.179385,0.066831,0.043373,0.057656,0.223860,-0.022356,-0.004271,-0.001261,-0.094468,0.022722,0.231426,0.223928,0.147601,0.129552,0.134094,0.082829,0.108346,0.144435,0.221380,0.103254,0.226341,0.067284,0.162141,0.040871,-0.078991,0.130319,0.097018,0.143379,0.057155,0.164280,0.019939,0.049891,0.136954,0.113717,0.047456,0.302188,0.008118,-0.001821,0.100524,0.324050,0.009518,0.052270,-0.013118,0.238121,0.016267,-0.017145,0.269154,0.241061,-0.029812,0.019604,0.205229,0.236379,0.057606,0.020900,0.130259,0.172387,0.286394,0.041675,-0.018238,0.118582,0.121918,-0.041480,0.110334,0.090075,0.015523,0.169142,0.108833,0.271325,0.178781,-0.030173,0.066285,0.191583,0.208465,0.074302,0.117187,0.065326,-0.039362,0.007312,0.158827,-0.084778,0.075333,0.060746,0.211451,0.126528,-0.010507,0.314996,0.096815,0.282253,0.065045,-0.034164,0.014980,0.215566,0.283163,0.122546,0.156804,0.106653,-0.026704,-0.004502,0.023942,-0.045592,0.116964,0.215298,0.036312,0.071267,0.224900,0.195046,0.052528,0.079565,0.028095,0.259813,0.137872,-0.068558,0.225509,0.118513,0.087064,0.221161,0.128929,0.213718,0.086932,-0.111311,-0.026805,0.170589,0.065146,0.143109,0.069024,0.059095,0.189103,0.026923,0.130361,0.172547,-0.063578,0.117469,0.087837,0.098625,0.129302,0.260992,0.086424,0.006051,-0.113095,-0.060958,0.003443,0.075088,0.023059,0.022185,0.093749,0.125743,0.031832,0.182152,0.047188,0.160902,0.183944,0.117616,0.231300,0.068676,0.141077,0.099159,0.230637,0.051420,-0.077160,0.152264,0.234914,0.045907,-0.009058,0.165446,0.150937,-0.029045,0.065754,-0.046742,0.163210,0.036629,-0.084932,0.107526,-0.115433,#
18,0.017740,0.171850,0.115492,0.087178,-0.087596,0.194690,0.102795,0.133886,-0.064368,-0.053073,0.128670,0.218283,0.146025,0.079393,-0.045227,0.198662,0.252906,0.112947,1.000000,0.029014,0.090178,0.244729,0.023493,0.063443,0.016296,0.193818,0.037160,0.033533,-0.002598,0.102592,-0.042585,0.218643,0.105574,0.272655,0.101789,0.142896,0.041839,0.305769,0.105196,0.106404,0.167375,0.030056,0.205092,-0.086072,0.106254,0.058201,0.164299,0.240965,0.184898,0.105297,-0.108561,0.041476,0.152597,0.000127,0.098428,0.090848,0.030415,-0.006008,0.107815,0.237074,0.165161,0.106190,0.041512,-0.005546,0.098094,-0.037930,0.146686,-0.110053,-0.065974,0.075475,-0.014632,0.030981,0.039651,0.000655,0.161490,-0.044753,-0.037959,0.090815,0.005112,-0.048445,-0.030657,-0.061604,0.199136,0.073087,0.194052,0.268714,-0.170459,0.095946,0.044945,-0.012655,0.111600,0.018272,0.154141,0.103726,0.094330,0.039405,0.072757,0.137123,0.068218,0.057665,0.076828,0.073368,0.048399,0.036444,0.081848,0.160385,0.043182,0.191682,0.123910,0.177652,0.183608,-0.019945,0.116451,-0.049694,0.067043,0.061970,0.077238,0.062983,0.156215,0.149802,0.155624,-0.004617,0.039032,0.063090,0.210332,-0.032841,0.158400,0.039366,0.219081,0.017195,0.003360,0.198043,0.103079,0.015238,0.004063,0.097143,0.079191,0.061501,0.049401,0.042916,-0.133989,-0.013129,-0.007657,0.052618,0.113793,0.082437,0.061367,0.098920,0.163656,0.045008,0.119771,-0.124387,0.216841,0.129267,0.153132,0.248769,0.003270,-0.076894,-0.112182,-0.046644,0.130185,0.094864,0.313058,0.067547,0.004460,-0.030392,0.217243,-0.004196,-0.091282,0.128377,0.055116,0.018653,0.131233,0.340394,0.130183,0.039375,-0.005321,0.117711,0.111715,0.173123,0.084085,0.082095,-0.032378,0.111289,-0.012066,0.020652,0.064091,0.050174,-0.065617,0.102443,0.024540,0.263448,0.010282,0.197795,0.169345,0.046854,0.001488,0.231003,0.079275,0.181956,#
19,0.191406,0.179347,0.241020,0.083044,0.157785,0.258838,0.023042,0.198597,0.188583,0.019192,0.068209,0.148377,0.072027,-0.003360,0.213242,0.099275,0.145744,0.208386,0.029014,1.000000,0.083007,0.008054,0.015642,0.067594,0.234689,0.070960,0.063347,0.147880,-0.017373,0.025547,0.131651,0.231294,0.259866,0.091613,0.168015,0.205987,0.089795,0.195800,0.138996,0.149998,0.179391,0.179724,0.159951,0.123221,-0.051046,0.226679,0.274415,0.160604,0.133000,0.297222,0.075224,-0.014073,0.191381,0.220593,0.087103,0.085340,0.188801,0.022237,0.020114,0.090062,0.017920,-0.020608,0.227131,0.132531,0.088035,0.099605,0.237543,0.089775,0.246751,0.086241,0.209015,0.078879,0.175761,0.105267,0.013354,0.103832,-0.000786,0.151269,0.086705,0.044905,0.306652,0.008544,0.284112,0.112942,0.168365,-0.000737,0.059880,0.121625,0.133837,0.147010,0.056277,0.107893,-0.021373,0.105093,0.079180,0.022337,0.106458,0.301815,0.137970,0.188703,0.052066,0.132943,0.092848,0.161387,0.137286,-0.029141,0.145938,-0.012914,0.029540,0.008855,0.160611,0.066047,0.156123,0.061692,0.119103,0.114616,0.169236,0.053019,0.276139,0.022736,0.298942,0.052617,0.096996,0.236417,0.068535,0.163206,-0.016238,0.199110,0.303132,0.190999,0.177885,0.330132,0.178631,0.208320,0.078619,0.206328,0.031483,0.149313,0.115233,-0.051255,0.053162,0.060194,-0.043800,-0.018460,0.107595,0.037093,-0.012426,-0.001404,0.197499,0.189101,0.054672,0.080862,0.117217,0.158022,0.226326,0.055293,0.236972,0.054162,0.203835,0.135432,0.095363,0.211566,0.073603,0.211840,0.196831,0.162186,0.078275,0.191777,0.041271,0.025859,-0.014289,0.181909,0.253571,0.227365,0.216795,-0.051758,0.136957,0.186538,0.144829,0.066730,0.041510,0.206607,0.224716,0.200997,0.017330,0.020797,-0.104171,0.123923,0.122898,0.139014,0.166460,0.149702,-0.001176,0.108554,0.196276,0.045695,0.113251,-0.100732,0.119585,0.031292,#
20,0.019684,0.322844,0.121234,0.245840,0.158236,0.146868,0.097907,0.260019,0.277256,0.153687,0.148958,0.100642,0.227259,0.118907,0.032131,0.074639,0.312962,0.014677,0.090178,0.083007,1.000000,0.152487,0.131858,0.317362,0.256194,0.271916,-0.049531,0.221085,0.077712,-0.048959,0.188012,0.139135,0.198630,0.315630,0.124506,0.182495,0.068041,0.126339,0.163859,0.183769,0.164013,0.143471,0.091300,0.029362,0.255529,-0.000450,0.196921,0.185829,0.133733,0.271625,0.161492,0.267859,0.165045,0.167312,0.240881,-0.063971,-0.182044,0.051108,0.151936,0.135751,0.215541,0.189491,0.244152,0.153467,0.024522,0.291290,0.246355,0.084643,0.091783,0.050973,0.125711,0.212711,0.257683,0.096806,-0.043888,0.009096,0.136976,0.163888,0.319287,0.129560,0.096275,0.087870,0.218927,-0.009726,0.074850,0.194242,0.098422,0.226926,0.112387,0.248340,0.185410,0.166148,0.108832,0.115557,0.121659,0.221772,0.112596,0.056157,0.167964,0.140764,0.245756,0.214356,0.118598,0.246292,0.162693,0.179493,0.315576,0.038916,0.171281,0.245357,0.059510,0.199271,0.062286,-0.002937,0.221610,0.159695,0.212328,0.113757,-0.007996,0.056266,0.206877,0.203589,0.175372,0.179513,0.114496,0.139570,0.001794,0.036536,0.149802,0.203002,0.113160,0.161854,0.277576,0.157416,0.107163,0.204648,-0.003010,0.292356,0.183342,0.124109,0.075855,0.055307,0.128997,0.005767,0.126700,0.061199,0.130959,0.232327,0.091074,0.210088,0.168465,0.107178,0.070932,0.180891,0.094192,0.158382,0.083018,0.241078,0.177373,0.045130,0.210766,0.167533,0.216765,0.212599,0.116977,0.085597,0.077348,0.263985,0.007804,-0.043412,0.129327,0.009381,0.116228,0.212800,0.171129,0.022783,0.110556,0.234231,0.048182,0.251232,0.149372,0.131289,0.085205,0.141619,0.031737,0.186473,0.143715,0.056799,0.186366,0.136003,0.171772,0.247142,0.347773,0.166838,0.311630,0.137828,0.135773,0.202224,0.196610,0.222734,#
