0,1.000000,0.700169,0.713949,0.703325,0.655686,0.723527,0.726938,0.716972,0.715139,0.666535,0.754790,0.730132,0.674662,0.698323,0.645448,0.745335,0.771303,0.746484,0.744062,0.700179,0.721208,0.654514,0.715318,0.764635,0.652852,0.703152,0.681928,0.673357,0.675180,0.737059,0.667271,0.755229,0.695418,0.712581,0.724578,0.672458,0.657894,0.705766,0.735012,0.705132,0.744796,0.667326,0.753360,0.629543,0.751279,0.686546,0.696333,0.724211,0.733516,0.723465,0.707364,0.743718,0.718939,0.724838,0.740913,0.760512,0.716670,0.763409,0.704960,0.703238,0.742656,0.689850,0.751414,0.733052,0.750861,0.662831,0.755943,0.678656,0.700499,0.664529,0.690451,0.703743,0.765476,0.755226,0.694279,0.710149,0.756125,0.696347,0.745582,0.692022,0.725046,0.682983,0.723481,0.736165,0.726686,0.738349,0.768339,0.745980,0.677122,0.716984,0.686476,0.681658,0.711746,0.683227,0.701460,0.709106,0.712158,0.696252,0.715421,0.770488,0.701979,0.686172,0.740279,0.751027,0.653874,0.729106,0.671763,0.731703,0.731586,0.633657,0.706231,0.729288,0.725276,0.724497,0.717634,0.767250,0.695952,0.721866,0.690991,0.705357,0.612228,0.761759,0.759838,0.769592,0.786319,0.715005,0.698882,0.670745,0.649220,0.696958,0.705652,0.696707,0.691249,0.682199,0.721036,0.737173,0.714652,0.720481,0.672666,0.771681,0.706664,0.661941,0.624889,0.711096,0.696757,0.563213,0.697355,0.664691,0.737389,0.671232,0.685432,0.758812,0.752186,0.623833,0.715391,0.679615,0.771035,0.756293,0.756431,0.667406,0.746053,0.732035,0.745606,0.712272,0.710274,0.711346,0.735922,0.677498,0.714510,0.702209,0.696597,0.732566,0.717911,0.755617,0.723893,0.728015,0.748154,0.758098,0.696932,0.641205,0.676813,0.718203,0.704769,0.684390,0.700665,0.673263,0.647791,0.696610,0.699980,0.685444,0.623840,0.728972,0.684790,0.740255,0.708872,0.732989,0.676878,0.734453,0.707116,0.702315,#
1,0.700169,1.000000,0.664192,0.708508,0.657348,0.701410,0.620893,0.722256,0.785158,0.683041,0.692617,0.669937,0.655775,0.635200,0.643814,0.702583,0.695489,0.676892,0.714052,0.693890,0.670855,0.752125,0.711514,0.671975,0.689559,0.634806,0.681380,0.719123,0.653645,0.660856,0.716064,0.724780,0.663232,0.736529,0.635452,0.680115,0.650228,0.725155,0.732840,0.682776,0.690088,0.634744,0.702144,0.644424,0.672175,0.666136,0.700531,0.686134,0.745449,0.688769,0.658434,0.741111,0.702237,0.675560,0.736204,0.681397,0.681720,0.693297,0.646915,0.629487,0.687392,0.655740,0.654317,0.680991,0.719581,0.719127,0.722919,0.681506,0.696272,0.731870,0.661410,0.701223,0.769906,0.673464,0.699482,0.687077,0.662490,0.621325,0.727593,0.642166,0.700685,0.660708,0.684515,0.710738,0.741848,0.695338,0.709408,0.753145,0.711762,0.669342,0.652393,0.653613,0.691623,0.702152,0.719117,0.681434,0.661911,0.698486,0.693235,0.687693,0.715336,0.619829,0.645874,0.685711,0.627946,0.735715,0.664609,0.709276,0.707771,0.659402,0.685985,0.674055,0.652971,0.732108,0.637292,0.693381,0.668899,0.688320,0.655823,0.628471,0.670960,0.696707,0.658918,0.703207,0.716096,0.667307,0.660632,0.667876,0.665541,0.719350,0.612581,0.754481,0.654976,0.659688,0.741681,0.703420,0.702563,0.699398,0.671904,0.711955,0.760151,0.688202,0.698509,0.722852,0.667070,0.605679,0.671687,0.663564,0.715716,0.602431,0.720437,0.764491,0.708330,0.578915,0.747365,0.675287,0.721033,0.717340,0.635626,0.672223,0.665361,0.736267,0.707976,0.720767,0.687550,0.656550,0.708476,0.604650,0.642414,0.636415,0.709489,0.686963,0.690448,0.732763,0.680649,0.718287,0.718356,0.757285,0.625033,0.664304,0.684526,0.670845,0.679400,0.698046,0.683493,0.765929,0.680030,0.576470,0.743726,0.719173,0.696724,0.705296,0.678339,0.675056,0.691602,0.598706,0.640601,0.749964,0.635314,0.678271,#
2,0.713949,0.664192,1.000000,0.708713,0.666238,0.692534,0.664671,0.691097,0.721243,0.647448,0.657967,0.624057,0.622296,0.683454,0.628436,0.680862,0.656513,0.682252,0.680277,0.699407,0.670893,0.636707,0.675696,0.743812,0.632192,0.659622,0.732558,0.698569,0.695319,0.696802,0.707424,0.698405,0.694731,0.691871,0.662369,0.635282,0.655821,0.706650,0.748569,0.644392,0.635825,0.634311,0.709600,0.631109,0.646194,0.677664,0.722158,0.624480,0.646065,0.687462,0.677147,0.725460,0.705705,0.683403,0.746887,0.707037,0.729097,0.653384,0.668361,0.643572,0.771320,0.668936,0.688025,0.707629,0.712694,0.660528,0.636030,0.651399,0.640507,0.699421,0.680973,0.655499,0.710694,0.685131,0.720166,0.669467,0.657146,0.633387,0.695919,0.700942,0.712497,0.676196,0.730187,0.655389,0.740904,0.709171,0.673422,0.751815,0.629045,0.624291,0.692100,0.657696,0.735885,0.682104,0.710250,0.677490,0.657650,0.642127,0.743864,0.686266,0.689937,0.641727,0.677621,0.668342,0.586331,0.737012,0.720413,0.681375,0.672213,0.578239,0.697402,0.609675,0.710678,0.662692,0.648912,0.630553,0.636988,0.723718,0.668188,0.642157,0.613640,0.651169,0.635122,0.764649,0.701749,0.600545,0.688787,0.675271,0.657418,0.720724,0.671564,0.713714,0.717188,0.732773,0.721826,0.701959,0.732712,0.686187,0.714175,0.702187,0.637732,0.705905,0.585059,0.633903,0.652958,0.666222,0.627837,0.661565,0.651279,0.695663,0.681023,0.716952,0.689062,0.678144,0.667189,0.654263,0.691467,0.627684,0.686221,0.614517,0.604190,0.639203,0.675130,0.681981,0.605828,0.685391,0.671971,0.566474,0.667620,0.645667,0.688021,0.677429,0.723418,0.657431,0.688876,0.695311,0.659901,0.703595,0.620623,0.584301,0.635594,0.719995,0.588589,0.740281,0.629582,0.686652,0.653068,0.621956,0.695569,0.699261,0.648180,0.687274,0.769323,0.684069,0.642662,0.681334,0.600498,0.696040,0.655810,0.686509,#
3,0.703325,0.708508,0.708713,1.000000,0.741730,0.719317,0.664224,0.720200,0.796734,0.709308,0.716388,0.712089,0.631358,0.723366,0.656085,0.710694,0.715546,0.704147,0.776456,0.732079,0.710413,0.710788,0.712289,0.697741,0.713563,0.716001,0.741664,0.721774,0.690046,0.742412,0.750672,0.779828,0.708979,0.734157,0.667234,0.715097,0.670356,0.753361,0.697757,0.725693,0.702877,0.700688,0.736556,0.741597,0.690834,0.753892,0.729649,0.683349,0.728690,0.663782,0.721437,0.681742,0.752277,0.677585,0.673050,0.774888,0.722247,0.731985,0.743718,0.724582,0.704600,0.640366,0.685458,0.747094,0.800320,0.650680,0.673638,0.692361,0.611548,0.717694,0.676420,0.710665,0.758741,0.700641,0.689192,0.678131,0.706118,0.692062,0.704103,0.701314,0.745574,0.675526,0.745331,0.707948,0.756344,0.743402,0.744785,0.706496,0.690648,0.693409,0.753996,0.718893,0.733706,0.748336,0.725108,0.721362,0.652687,0.679215,0.732103,0.678457,0.681839,0.690926,0.694487,0.651549,0.752255,0.694438,0.687000,0.717864,0.698995,0.667583,0.717759,0.623447,0.682549,0.755484,0.691396,0.767905,0.627460,0.719718,0.708335,0.642640,0.663019,0.752098,0.698955,0.691845,0.700257,0.694682,0.701533,0.718033,0.678276,0.698989,0.694144,0.764017,0.692935,0.705902,0.738593,0.773772,0.742632,0.700069,0.677599,0.724514,0.641970,0.764631,0.737950,0.652748,0.705498,0.723980,0.673897,0.770545,0.729979,0.696536,0.697100,0.729570,0.668512,0.690611,0.732872,0.637595,0.742372,0.670279,0.753510,0.659672,0.694095,0.693298,0.672994,0.715583,0.668628,0.700753,0.760068,0.621852,0.734678,0.674708,0.723730,0.717733,0.747117,0.763830,0.707909,0.709289,0.730030,0.764595,0.674893,0.682916,0.650565,0.747675,0.672397,0.735434,0.693045,0.734985,0.694602,0.615499,0.725111,0.808170,0.726638,0.706224,0.717435,0.698757,0.718488,0.697636,0.646717,0.718117,0.688394,0.691779,#
4,0.655686,0.657348,0.666238,0.741730,1.000000,0.750926,0.690173,0.701170,0.711479,0.694207,0.604630,0.728134,0.677475,0.713214,0.638874,0.702716,0.761494,0.760917,0.734912,0.763315,0.758752,0.682559,0.655970,0.720252,0.665053,0.706221,0.713807,0.652555,0.662130,0.675208,0.743435,0.750855,0.754515,0.673126,0.650819,0.647879,0.700905,0.714514,0.696894,0.708084,0.706014,0.604678,0.676626,0.705449,0.680334,0.767972,0.700296,0.712091,0.726544,0.646405,0.684304,0.664716,0.746849,0.671651,0.723966,0.725071,0.660559,0.702487,0.729976,0.689965,0.699766,0.673346,0.687519,0.659347,0.732645,0.706120,0.660630,0.679056,0.645586,0.687821,0.693955,0.745946,0.717042,0.691800,0.708195,0.602611,0.650819,0.672158,0.709940,0.725073,0.681060,0.671188,0.710626,0.671999,0.725823,0.690485,0.681437,0.671919,0.676450,0.664282,0.699824,0.617928,0.687127,0.697770,0.688454,0.699209,0.672837,0.633899,0.654922,0.694032,0.740794,0.689922,0.714449,0.675142,0.660475,0.725483,0.685890,0.683075,0.722743,0.668085,0.657209,0.663623,0.668586,0.757517,0.659036,0.671164,0.701290,0.727721,0.638934,0.599241,0.616659,0.705450,0.739427,0.692366,0.690434,0.667066,0.662648,0.693731,0.747665,0.719211,0.711680,0.683316,0.680329,0.741195,0.787056,0.726422,0.717650,0.664057,0.684845,0.646668,0.621769,0.699195,0.735092,0.673193,0.666579,0.622650,0.700758,0.671784,0.674241,0.734328,0.694095,0.773603,0.663552,0.648808,0.763183,0.690669,0.752424,0.643506,0.682002,0.647591,0.662600,0.653900,0.761013,0.647288,0.650197,0.667210,0.634017,0.582151,0.690463,0.664545,0.682419,0.727933,0.752754,0.691755,0.722706,0.743509,0.758615,0.748748,0.653651,0.651052,0.677917,0.663210,0.676376,0.660550,0.727576,0.744430,0.650698,0.708285,0.686226,0.703395,0.589761,0.641228,0.666794,0.731304,0.642510,0.670150,0.651534,0.682913,0.728731,0.651659,#
5,0.723527,0.701410,0.692534,0.719317,0.750926,1.000000,0.637014,0.732916,0.749495,0.644989,0.721340,0.691482,0.626557,0.651386,0.661768,0.779401,0.743870,0.757607,0.679388,0.763047,0.709852,0.697080,0.715295,0.752211,0.693527,0.705628,0.802791,0.713570,0.683308,0.694966,0.765801,0.788686,0.751042,0.734756,0.665441,0.717010,0.673494,0.725077,0.715372,0.680353,0.761297,0.651802,0.660721,0.706065,0.740768,0.775716,0.761538,0.722194,0.756669,0.648641,0.708594,0.717968,0.711663,0.759720,0.651111,0.803931,0.718710,0.715791,0.797728,0.731616,0.715904,0.733816,0.734663,0.755449,0.753392,0.703447,0.684268,0.699091,0.686342,0.680264,0.706392,0.714252,0.770178,0.685097,0.695712,0.725493,0.744608,0.725765,0.706071,0.708188,0.779585,0.671280,0.716520,0.719357,0.696337,0.731058,0.751147,0.770042,0.726953,0.674195,0.663244,0.700846,0.760616,0.761662,0.728605,0.689273,0.706121,0.717831,0.768585,0.737662,0.738172,0.716658,0.744261,0.750407,0.698649,0.759100,0.713132,0.705222,0.698846,0.698771,0.678901,0.757339,0.695304,0.714389,0.653396,0.693210,0.723513,0.714973,0.644130,0.693092,0.645075,0.730182,0.707506,0.767277,0.687091,0.679984,0.740388,0.704841,0.668312,0.739381,0.744737,0.780596,0.753762,0.760365,0.741588,0.742755,0.772894,0.698591,0.705872,0.723428,0.707125,0.679705,0.724372,0.728575,0.744528,0.631925,0.648844,0.695462,0.757125,0.692007,0.714479,0.736114,0.668731,0.666490,0.732901,0.672378,0.793801,0.713864,0.721301,0.675300,0.706688,0.722896,0.721225,0.689081,0.719754,0.698406,0.630431,0.694823,0.722278,0.700849,0.748988,0.744554,0.706011,0.739392,0.750132,0.691588,0.712282,0.769345,0.696135,0.696913,0.748834,0.722940,0.716814,0.694494,0.758515,0.762696,0.720029,0.684261,0.665621,0.739011,0.624781,0.723799,0.688348,0.705268,0.610273,0.686276,0.664240,0.700052,0.701441,0.664805,#
6,0.726938,0.620893,0.664671,0.664224,0.690173,0.637014,1.000000,0.633347,0.674202,0.590893,0.648984,0.642915,0.667211,0.723956,0.572773,0.645831,0.733482,0.736963,0.685939,0.640814,0.748600,0.628360,0.586245,0.692777,0.647803,0.668610,0.674160,0.652113,0.624644,0.721699,0.691292,0.692271,0.672065,0.679940,0.678234,0.674164,0.634561,0.651515,0.657551,0.699601,0.684484,0.686608,0.701966,0.650046,0.734078,0.646843,0.702454,0.604825,0.750585,0.713725,0.685162,0.725903,0.724562,0.603494,0.715932,0.717794,0.695995,0.733083,0.717394,0.613914,0.710814,0.643503,0.636007,0.683851,0.771061,0.640445,0.752429,0.632383,0.673038,0.666474,0.652377,0.687138,0.698872,0.735675,0.635465,0.636344,0.668010,0.665313,0.708473,0.651415,0.677874,0.674645,0.667095,0.686142,0.648740,0.702563,0.675262,0.644914,0.678425,0.675675,0.632499,0.623353,0.620333,0.650669,0.668803,0.663785,0.691467,0.670813,0.654368,0.705215,0.689981,0.659480,0.702828,0.673320,0.651752,0.638942,0.708906,0.622127,0.668112,0.582538,0.594782,0.643843,0.606166,0.663772,0.670227,0.602106,0.709226,0.700873,0.641658,0.611765,0.657487,0.666081,0.662486,0.734337,0.742665,0.693130,0.644000,0.678252,0.569701,0.659068,0.685830,0.676756,0.652412,0.625844,0.702457,0.709391,0.722573,0.648972,0.747706,0.698444,0.702516,0.697601,0.635472,0.637634,0.616578,0.657539,0.662643,0.652519,0.665591,0.656292,0.700740,0.754221,0.621751,0.565752,0.670885,0.634057,0.678126,0.646454,0.706469,0.659705,0.666228,0.677791,0.648671,0.684325,0.690857,0.676241,0.721331,0.541575,0.680288,0.633068,0.723783,0.689748,0.652330,0.627053,0.676029,0.710045,0.695323,0.688987,0.661482,0.628568,0.689213,0.633108,0.707602,0.704277,0.646380,0.686289,0.607997,0.684640,0.605250,0.671484,0.583690,0.669296,0.662569,0.704886,0.679623,0.661481,0.653432,0.717368,0.685695,0.642538,#
7,0.716972,0.722256,0.691097,0.720200,0.701170,0.732916,0.633347,1.000000,0.805918,0.679619,0.703424,0.699208,0.704191,0.715130,0.700414,0.671134,0.738041,0.720178,0.749133,0.714570,0.731186,0.696544,0.790618,0.750617,0.720827,0.752428,0.738118,0.716927,0.694228,0.709207,0.681983,0.776425,0.700945,0.751810,0.669852,0.667570,0.707002,0.699369,0.725963,0.701146,0.720157,0.664623,0.713154,0.734899,0.715280,0.726583,0.757392,0.724391,0.695441,0.660479,0.759742,0.717708,0.726468,0.760325,0.709169,0.762345,0.691847,0.772496,0.686569,0.699250,0.679576,0.701912,0.731909,0.705096,0.767607,0.725787,0.712458,0.721436,0.732830,0.730429,0.724399,0.611118,0.801793,0.724905,0.752020,0.701223,0.730553,0.673918,0.745690,0.703942,0.747654,0.717548,0.726906,0.697678,0.714186,0.727441,0.782367,0.740352,0.689794,0.682982,0.710013,0.710262,0.714555,0.725185,0.765502,0.698190,0.722155,0.758062,0.723547,0.719222,0.711028,0.674845,0.732341,0.714944,0.706757,0.740535,0.716648,0.709149,0.709229,0.615916,0.774208,0.670282,0.725312,0.722811,0.716893,0.732815,0.710030,0.676995,0.648117,0.728028,0.684721,0.721342,0.685281,0.780366,0.784033,0.682912,0.709472,0.751106,0.635576,0.673834,0.694548,0.707725,0.733204,0.677639,0.778520,0.806255,0.745956,0.733685,0.701540,0.758338,0.703606,0.755453,0.740414,0.686141,0.712236,0.696039,0.720202,0.673852,0.747572,0.727301,0.697398,0.730711,0.743651,0.695783,0.740257,0.764344,0.724735,0.725302,0.717313,0.680095,0.731677,0.659418,0.776210,0.681466,0.717024,0.704487,0.735482,0.653994,0.712938,0.673826,0.787236,0.758973,0.707427,0.763802,0.712702,0.722064,0.738598,0.725670,0.681200,0.689102,0.717098,0.702219,0.676642,0.680141,0.707401,0.773897,0.697259,0.631598,0.708909,0.760719,0.691518,0.712427,0.670923,0.686253,0.692268,0.698270,0.660693,0.753468,0.732036,0.675352,#
8,0.715139,0.785158,0.721243,0.796734,0.711479,0.749495,0.674202,0.805918,1.000000,0.734809,0.691387,0.749144,0.719180,0.755698,0.712084,0.735015,0.726512,0.775869,0.738422,0.753839,0.717505,0.784290,0.751535,0.724522,0.647085,0.744605,0.739843,0.777983,0.719070,0.743753,0.743699,0.764605,0.723636,0.760148,0.646519,0.737931,0.706186,0.752699,0.733465,0.734321,0.712088,0.726225,0.779998,0.708556,0.737488,0.701629,0.729176,0.722687,0.760200,0.705312,0.750064,0.744326,0.717425,0.780134,0.732040,0.798873,0.691381,0.786686,0.703476,0.692796,0.755466,0.715808,0.749833,0.757979,0.771319,0.754040,0.733322,0.737532,0.752234,0.796760,0.700266,0.708571,0.818013,0.788739,0.718069,0.699409,0.749816,0.742433,0.746208,0.752162,0.728256,0.710121,0.751779,0.756564,0.729448,0.748251,0.720721,0.760130,0.673288,0.692199,0.719719,0.704168,0.754520,0.719718,0.800338,0.730537,0.703899,0.733172,0.767958,0.712094,0.745401,0.726103,0.754382,0.766733,0.703511,0.755343,0.757276,0.779042,0.712555,0.694589,0.750235,0.702361,0.758632,0.754602,0.758845,0.756647,0.713515,0.711416,0.703924,0.747104,0.695544,0.711779,0.739954,0.761228,0.749700,0.735806,0.722045,0.742172,0.713320,0.713723,0.701920,0.723287,0.750098,0.752898,0.824605,0.737890,0.747604,0.735910,0.689153,0.761210,0.719378,0.780134,0.769656,0.741839,0.738029,0.691667,0.744074,0.677996,0.750744,0.723186,0.724250,0.759450,0.724354,0.761267,0.756993,0.745289,0.744326,0.750270,0.754839,0.751072,0.730721,0.735659,0.771923,0.773855,0.743848,0.693919,0.734373,0.663802,0.762293,0.734123,0.775091,0.742106,0.762782,0.765782,0.783413,0.724440,0.726207,0.794400,0.697928,0.645037,0.728142,0.778576,0.671545,0.779092,0.757480,0.758887,0.732349,0.657040,0.730015,0.779882,0.713538,0.736133,0.772675,0.733775,0.702533,0.720414,0.720440,0.730749,0.741577,0.746583,#
9,0.666535,0.683041,0.647448,0.709308,0.694207,0.644989,0.590893,0.679619,0.734809,1.000000,0.638568,0.609235,0.635970,0.686161,0.686766,0.647977,0.679501,0.674205,0.711699,0.691723,0.748919,0.664543,0.710508,0.738506,0.630432,0.666876,0.677554,0.738644,0.627660,0.730673,0.663811,0.694180,0.685383,0.716688,0.681882,0.657878,0.642470,0.655729,0.704212,0.677276,0.701638,0.698532,0.682685,0.638042,0.708999,0.658705,0.649062,0.653870,0.627264,0.604084,0.618910,0.661155,0.610816,0.657277,0.678883,0.710572,0.669802,0.733217,0.677905,0.667371,0.691656,0.659665,0.692315,0.705699,0.724248,0.725509,0.699318,0.695783,0.682988,0.663087,0.674105,0.652407,0.697744,0.658798,0.699428,0.636440,0.623910,0.722404,0.712350,0.723302,0.638534,0.644733,0.627753,0.722208,0.721277,0.654988,0.654919,0.737890,0.653972,0.572829,0.654288,0.657353,0.694798,0.666129,0.715824,0.662223,0.623696,0.689167,0.697859,0.655907,0.724013,0.678357,0.675549,0.676545,0.684129,0.735215,0.671377,0.665507,0.718981,0.695318,0.694798,0.678878,0.742677,0.692486,0.614841,0.728000,0.567480,0.660289,0.599992,0.627501,0.636473,0.670388,0.697944,0.701198,0.687514,0.623127,0.692692,0.638183,0.693280,0.648005,0.640370,0.696715,0.676218,0.716116,0.709934,0.671598,0.656555,0.657947,0.623064,0.710738,0.649867,0.753806,0.692598,0.693639,0.635312,0.625556,0.689212,0.636591,0.664984,0.614258,0.620535,0.668925,0.653421,0.643696,0.706331,0.670636,0.685913,0.683041,0.684352,0.671437,0.674362,0.673958,0.675253,0.689225,0.679764,0.666308,0.615640,0.620827,0.722348,0.637840,0.710789,0.727098,0.680968,0.695512,0.707228,0.766863,0.656129,0.725867,0.640293,0.660670,0.670482,0.635929,0.689695,0.676818,0.666861,0.760798,0.582732,0.613360,0.743062,0.670619,0.637770,0.705232,0.642775,0.646029,0.638956,0.613659,0.620443,0.687467,0.656823,0.607267,#
10,0.754790,0.692617,0.657967,0.716388,0.604630,0.721340,0.648984,0.703424,0.691387,0.638568,1.000000,0.659579,0.600043,0.652937,0.580322,0.681199,0.694984,0.649917,0.715705,0.666089,0.678440,0.607764,0.710424,0.735017,0.625250,0.677787,0.701069,0.762261,0.660991,0.728247,0.672462,0.733252,0.677287,0.720931,0.686673,0.689827,0.647421,0.715578,0.694623,0.638368,0.714102,0.654845,0.643411,0.659517,0.715604,0.710726,0.727148,0.716518,0.732829,0.757255,0.633066,0.679988,0.720282,0.651288,0.702305,0.722552,0.713749,0.736218,0.662319,0.669081,0.710572,0.686690,0.762823,0.747016,0.743131,0.613328,0.681956,0.598003,0.672670,0.700339,0.658265,0.695957,0.776932,0.646868,0.643015,0.706355,0.702775,0.725289,0.712194,0.652628,0.771657,0.670812,0.667675,0.725462,0.690450,0.657219,0.721580,0.738006,0.668140,0.711411,0.665964,0.713904,0.717240,0.693759,0.696745,0.724753,0.628500,0.669163,0.760472,0.752304,0.700885,0.660630,0.702276,0.744006,0.747886,0.675325,0.673487,0.698074,0.700408,0.658350,0.676018,0.667086,0.668240,0.675254,0.623396,0.739738,0.639137,0.674475,0.663650,0.669260,0.640954,0.730833,0.604011,0.727400,0.627968,0.667768,0.748109,0.706926,0.641671,0.648504,0.632538,0.689022,0.659761,0.670377,0.725931,0.763435,0.688259,0.663632,0.666933,0.764464,0.762287,0.683236,0.626985,0.688405,0.625145,0.574466,0.645681,0.647048,0.718184,0.645306,0.660175,0.709207,0.726604,0.612582,0.680023,0.681443,0.765122,0.725163,0.693847,0.673735,0.772111,0.661188,0.665811,0.691151,0.654806,0.654124,0.727162,0.644900,0.736212,0.712139,0.731527,0.700389,0.634750,0.687154,0.697454,0.686788,0.727802,0.753418,0.624120,0.708979,0.666811,0.630487,0.718556,0.658731,0.656993,0.711676,0.609586,0.662849,0.656873,0.737453,0.669783,0.671509,0.666087,0.684483,0.689715,0.695590,0.639862,0.737323,0.696652,0.671766,#
11,0.730132,0.669937,0.624057,0.712089,0.728134,0.691482,0.642915,0.699208,0.749144,0.609235,0.659579,1.000000,0.711310,0.676008,0.635125,0.679729,0.706001,0.753241,0.752662,0.677683,0.690524,0.665396,0.696305,0.660884,0.645746,0.679117,0.638504,0.674297,0.681634,0.672538,0.677230,0.723852,0.715314,0.707611,0.613697,0.645255,0.721556,0.725336,0.659926,0.711891,0.675977,0.663370,0.687784,0.665366,0.679606,0.695001,0.775112,0.694242,0.693630,0.722156,0.697229,0.666421,0.708492,0.692176,0.701719,0.741728,0.627863,0.711717,0.660625,0.650455,0.658812,0.643136,0.732500,0.678945,0.728580,0.679594,0.701774,0.681910,0.700352,0.741716,0.722326,0.678079,0.724231,0.709093,0.716898,0.612808,0.738980,0.705646,0.693074,0.617676,0.713537,0.648558,0.685900,0.669746,0.725385,0.674162,0.658217,0.655664,0.632377,0.623314,0.687344,0.687166,0.685759,0.664929,0.700784,0.734995,0.677220,0.680288,0.690530,0.675495,0.652213,0.680047,0.714865,0.693708,0.727912,0.723289,0.660860,0.717025,0.714618,0.695305,0.731489,0.693932,0.713104,0.686323,0.601889,0.693797,0.657782,0.702259,0.648773,0.683735,0.566687,0.714285,0.690496,0.719209,0.720276,0.655786,0.688646,0.644719,0.681571,0.685561,0.710015,0.659305,0.691263,0.721311,0.735920,0.709295,0.728780,0.670365,0.662081,0.691130,0.713055,0.665880,0.688948,0.714450,0.716482,0.576105,0.708892,0.687494,0.687019,0.717426,0.662577,0.692248,0.699307,0.686644,0.734466,0.664292,0.751398,0.671003,0.712090,0.626085,0.666489,0.658779,0.726884,0.682183,0.734155,0.583934,0.696063,0.570491,0.708770,0.716115,0.693957,0.700988,0.715919,0.741226,0.682656,0.700081,0.693019,0.717094,0.613550,0.696739,0.667965,0.645565,0.703820,0.665856,0.727788,0.656323,0.647788,0.713563,0.674102,0.716001,0.667589,0.700906,0.725914,0.684401,0.651886,0.675669,0.651857,0.698819,0.694287,0.659222,#
12,0.674662,0.655775,0.622296,0.631358,0.677475,0.626557,0.667211,0.704191,0.719180,0.635970,0.600043,0.711310,1.000000,0.703875,0.684292,0.617747,0.696018,0.739057,0.701434,0.685785,0.699451,0.617998,0.721059,0.707364,0.628965,0.673537,0.642861,0.667357,0.703799,0.658772,0.643160,0.678663,0.694029,0.704628,0.646062,0.677258,0.671636,0.672921,0.698922,0.696615,0.598496,0.589667,0.666689,0.713118,0.671923,0.688087,0.728829,0.613153,0.660438,0.644944,0.743499,0.658588,0.652097,0.685804,0.725264,0.698746,0.626774,0.699639,0.643701,0.620014,0.640291,0.671776,0.661891,0.675064,0.737059,0.699930,0.654730,0.623811,0.721318,0.691922,0.666146,0.643286,0.714760,0.669622,0.740319,0.663212,0.707603,0.663692,0.683885,0.679555,0.675521,0.645834,0.682902,0.689033,0.644241,0.690373,0.652100,0.674279,0.680708,0.612284,0.673610,0.658224,0.693728,0.604313,0.657796,0.723195,0.745460,0.696786,0.646655,0.652896,0.609142,0.697881,0.709820,0.729829,0.615836,0.668376,0.619141,0.607360,0.706640,0.667176,0.679796,0.637095,0.669197,0.657418,0.740157,0.672857,0.630293,0.605203,0.667122,0.663810,0.624200,0.674519,0.655400,0.743088,0.718328,0.688449,0.643834,0.584020,0.605283,0.651983,0.641901,0.646694,0.635299,0.652750,0.659428,0.666943,0.659632,0.702788,0.682980,0.645910,0.726348,0.724417,0.668777,0.680223,0.647485,0.640212,0.683916,0.617657,0.704231,0.739984,0.662874,0.718294,0.674493,0.587912,0.674367,0.737313,0.741896,0.718051,0.703719,0.648838,0.666863,0.709339,0.708945,0.644682,0.735130,0.585922,0.655567,0.667742,0.583250,0.627751,0.687742,0.694517,0.680103,0.677633,0.669380,0.628715,0.724574,0.755822,0.626955,0.559730,0.655978,0.686193,0.692176,0.658645,0.586424,0.714928,0.606713,0.704055,0.650860,0.664976,0.595837,0.654547,0.641778,0.677945,0.602268,0.675615,0.638814,0.704802,0.716243,0.556599,#
13,0.698323,0.635200,0.683454,0.723366,0.713214,0.651386,0.723956,0.715130,0.755698,0.686161,0.652937,0.676008,0.703875,1.000000,0.627075,0.682030,0.693741,0.768061,0.742195,0.673648,0.735612,0.690815,0.756768,0.714943,0.659895,0.686890,0.666084,0.749714,0.713235,0.748975,0.631842,0.727481,0.747025,0.751875,0.595616,0.657218,0.691399,0.738346,0.731117,0.698778,0.774910,0.679100,0.722746,0.694497,0.771822,0.718344,0.701570,0.705778,0.755866,0.676384,0.719065,0.770356,0.682819,0.697295,0.738552,0.769822,0.699379,0.742366,0.708862,0.663291,0.742805,0.689885,0.693337,0.744140,0.764901,0.708383,0.693927,0.665024,0.735186,0.687521,0.632824,0.696331,0.693876,0.760471,0.734474,0.679674,0.694559,0.697523,0.739882,0.731658,0.722579,0.685331,0.753630,0.724043,0.688581,0.703732,0.661741,0.671732,0.730353,0.685378,0.688121,0.683143,0.718672,0.710645,0.732326,0.675461,0.688005,0.670982,0.694595,0.757441,0.708081,0.694231,0.704617,0.793902,0.697246,0.762482,0.684322,0.717702,0.716992,0.650666,0.719375,0.700177,0.701788,0.727335,0.723923,0.737457,0.633880,0.755330,0.699463,0.725839,0.674378,0.715038,0.640456,0.697938,0.713588,0.637344,0.708624,0.630425,0.645544,0.674489,0.682046,0.697362,0.679439,0.692987,0.768782,0.720086,0.699504,0.709822,0.763667,0.693286,0.675152,0.778607,0.759160,0.700194,0.637267,0.678089,0.751595,0.673385,0.725546,0.714448,0.682971,0.752876,0.655647,0.682522,0.702050,0.711636,0.729276,0.712714,0.761884,0.661135,0.740119,0.724405,0.704141,0.731094,0.713013,0.688795,0.705507,0.639770,0.736547,0.655048,0.717090,0.750666,0.761952,0.700353,0.764792,0.730463,0.739323,0.812952,0.681684,0.673966,0.683752,0.711882,0.738263,0.694456,0.712910,0.739424,0.656632,0.705570,0.643334,0.696186,0.675047,0.688521,0.723056,0.741939,0.727489,0.647073,0.697411,0.721378,0.708316,0.663077,#
14,0.645448,0.643814,0.628436,0.656085,0.638874,0.661768,0.572773,0.700414,0.712084,0.686766,0.580322,0.635125,0.684292,0.627075,1.000000,0.675596,0.658105,0.616345,0.644442,0.620117,0.679868,0.637813,0.631080,0.702744,0.613813,0.571515,0.635682,0.661193,0.670013,0.674221,0.663598,0.702764,0.653554,0.668944,0.621580,0.611499,0.622084,0.666926,0.693118,0.577397,0.586512,0.599633,0.682260,0.665830,0.666023,0.664885,0.636323,0.610900,0.574978,0.559029,0.630970,0.614648,0.593247,0.711584,0.640674,0.666529,0.641650,0.646612,0.659631,0.588099,0.673468,0.669553,0.660241,0.656401,0.649753,0.602264,0.589586,0.632840,0.649840,0.684001,0.628186,0.632643,0.685308,0.612416,0.700399,0.607715,0.694678,0.652038,0.636537,0.568623,0.664981,0.669010,0.672112,0.714860,0.646425,0.651507,0.633552,0.700213,0.659080,0.545110,0.600961,0.545767,0.672167,0.702814,0.686131,0.662634,0.745192,0.635795,0.680353,0.597393,0.652414,0.666030,0.689979,0.597184,0.618973,0.660678,0.596129,0.605103,0.638403,0.612001,0.669554,0.612690,0.686173,0.643046,0.615127,0.679288,0.594541,0.626519,0.592093,0.621473,0.622635,0.679476,0.623745,0.668551,0.710195,0.526050,0.629962,0.698172,0.578686,0.650621,0.589801,0.652847,0.615136,0.648027,0.670697,0.670732,0.626385,0.647018,0.650438,0.669265,0.632000,0.662389,0.580435,0.676925,0.613671,0.674430,0.708943,0.612782,0.671622,0.587642,0.649844,0.622535,0.588647,0.572610,0.692436,0.637838,0.663609,0.657138,0.618329,0.597294,0.629359,0.595798,0.677326,0.629901,0.604993,0.577367,0.620532,0.598747,0.581734,0.678975,0.649661,0.657194,0.667279,0.690560,0.653497,0.690170,0.673027,0.709746,0.575825,0.562952,0.656442,0.700065,0.670408,0.634976,0.615226,0.643609,0.631767,0.557792,0.617469,0.660961,0.504134,0.614421,0.683852,0.678108,0.612220,0.624475,0.609404,0.637508,0.612741,0.517654,#
15,0.745335,0.702583,0.680862,0.710694,0.702716,0.779401,0.645831,0.671134,0.735015,0.647977,0.681199,0.679729,0.617747,0.682030,0.675596,1.000000,0.715943,0.739127,0.715478,0.703459,0.694158,0.669477,0.670198,0.711829,0.673721,0.666489,0.672726,0.663611,0.663496,0.732789,0.711417,0.749092,0.684181,0.732494,0.615172,0.746190,0.720586,0.688469,0.753946,0.657573,0.671880,0.654779,0.703686,0.639719,0.743437,0.675444,0.728661,0.755014,0.735565,0.673891,0.645417,0.748303,0.689890,0.667668,0.695911,0.693798,0.686566,0.664650,0.673286,0.653258,0.738971,0.657685,0.675277,0.768069,0.702501,0.727993,0.675941,0.671390,0.653474,0.629467,0.673683,0.636987,0.675668,0.669746,0.696118,0.632162,0.711590,0.703657,0.720319,0.668220,0.722173,0.679455,0.659095,0.736237,0.754697,0.725071,0.669857,0.744974,0.653780,0.622231,0.660876,0.623375,0.699181,0.682080,0.664301,0.669460,0.647178,0.655761,0.676451,0.691934,0.742337,0.649754,0.747468,0.705503,0.638013,0.711367,0.705792,0.715705,0.668082,0.701047,0.622458,0.647516,0.709566,0.693226,0.629415,0.680535,0.670438,0.708041,0.666581,0.651952,0.631888,0.677463,0.674260,0.701517,0.661943,0.658244,0.736511,0.666189,0.690863,0.746096,0.619429,0.652707,0.654533,0.657579,0.713311,0.668162,0.681100,0.637505,0.706113,0.691848,0.666268,0.653263,0.659034,0.661438,0.680220,0.630979,0.666463,0.656021,0.700414,0.650047,0.697466,0.681088,0.741257,0.644360,0.693464,0.667108,0.765960,0.676692,0.672637,0.662316,0.663935,0.705927,0.752264,0.613128,0.704621,0.682606,0.713288,0.695859,0.726143,0.628865,0.653063,0.754075,0.658877,0.741345,0.688930,0.730034,0.709375,0.742125,0.682720,0.638569,0.661648,0.675972,0.678203,0.731418,0.670340,0.706311,0.604184,0.641121,0.632984,0.735721,0.588849,0.719001,0.708234,0.678400,0.649670,0.666958,0.680332,0.723397,0.720017,0.682174,#
16,0.771303,0.695489,0.656513,0.715546,0.761494,0.743870,0.733482,0.738041,0.726512,0.679501,0.694984,0.706001,0.696018,0.693741,0.658105,0.715943,1.000000,0.750889,0.722868,0.712377,0.781220,0.731540,0.637730,0.732164,0.701436,0.741462,0.752059,0.627694,0.676095,0.729831,0.724483,0.777868,0.778193,0.722036,0.666662,0.701909,0.720323,0.687995,0.729999,0.721822,0.714381,0.703857,0.716123,0.692689,0.710468,0.748696,0.696053,0.695339,0.733761,0.728499,0.674254,0.696307,0.737065,0.769892,0.757170,0.774697,0.631839,0.730726,0.747955,0.640453,0.688545,0.717402,0.682316,0.706677,0.746972,0.685945,0.693801,0.730663,0.752568,0.769262,0.680910,0.689746,0.769098,0.736860,0.733913,0.685381,0.709334,0.730765,0.745378,0.747585,0.752694,0.693118,0.717884,0.748264,0.739730,0.719908,0.760568,0.709031,0.715971,0.720935,0.693430,0.677962,0.727250,0.736052,0.725303,0.780478,0.713270,0.696328,0.744233,0.719023,0.693307,0.663556,0.744248,0.735372,0.675713,0.784758,0.731705,0.693237,0.763070,0.670752,0.740722,0.734789,0.751977,0.735652,0.726478,0.750593,0.745213,0.730211,0.687249,0.633320,0.646460,0.760223,0.724985,0.747366,0.750133,0.733195,0.736241,0.669406,0.678775,0.681093,0.749228,0.705297,0.727674,0.663283,0.771362,0.768826,0.713663,0.683070,0.708005,0.755729,0.712900,0.747945,0.700849,0.720894,0.690817,0.631948,0.703886,0.692973,0.731157,0.742342,0.678764,0.790886,0.688003,0.641306,0.779426,0.717874,0.779111,0.691430,0.713383,0.717656,0.675329,0.706628,0.781374,0.702885,0.697965,0.741039,0.730745,0.704836,0.727044,0.663429,0.739978,0.768836,0.707049,0.700394,0.715339,0.735656,0.685289,0.778384,0.687717,0.650770,0.696558,0.681654,0.729626,0.678222,0.736904,0.771932,0.702216,0.728411,0.699381,0.728287,0.702058,0.684224,0.733970,0.723827,0.659329,0.697618,0.675150,0.730482,0.726493,0.695974,#
17,0.746484,0.676892,0.682252,0.704147,0.760917,0.757607,0.736963,0.720178,0.775869,0.674205,0.649917,0.753241,0.739057,0.768061,0.616345,0.739127,0.750889,1.000000,0.700750,0.745763,0.751575,0.677630,0.726298,0.771372,0.761872,0.748984,0.741045,0.712388,0.676607,0.753345,0.722938,0.755408,0.666639,0.708443,0.667172,0.749437,0.696510,0.743000,0.757607,0.737369,0.740077,0.719260,0.752912,0.696011,0.732882,0.704966,0.726788,0.765542,0.776013,0.717429,0.740317,0.715696,0.711244,0.699120,0.736837,0.792735,0.698881,0.723280,0.724611,0.645089,0.736482,0.708691,0.684437,0.740508,0.741000,0.776436,0.748784,0.730444,0.714756,0.713092,0.703732,0.700980,0.727837,0.699613,0.719320,0.681388,0.747581,0.734756,0.739721,0.752825,0.744747,0.699071,0.743231,0.743593,0.706614,0.725762,0.757848,0.715392,0.694988,0.686596,0.716136,0.658831,0.740452,0.716698,0.697078,0.748114,0.728112,0.690159,0.659253,0.756588,0.747723,0.637683,0.745282,0.757670,0.654816,0.710083,0.730686,0.721968,0.698735,0.712216,0.701816,0.713736,0.672684,0.757835,0.730165,0.684535,0.672037,0.724801,0.665659,0.694995,0.676971,0.718997,0.693845,0.767011,0.751647,0.745055,0.748838,0.665554,0.668407,0.722242,0.773082,0.743243,0.739594,0.700287,0.711759,0.747944,0.738372,0.711040,0.774734,0.760783,0.741555,0.750266,0.805045,0.720817,0.717554,0.675482,0.734260,0.717147,0.757986,0.664092,0.736792,0.741099,0.709531,0.683827,0.765703,0.776671,0.816588,0.718402,0.738671,0.668007,0.720956,0.702451,0.800989,0.689121,0.754881,0.722177,0.644262,0.637908,0.728833,0.672844,0.767422,0.727015,0.730696,0.726458,0.755968,0.710946,0.739319,0.781425,0.688410,0.706100,0.730971,0.763430,0.749396,0.733164,0.762506,0.737421,0.694822,0.779499,0.660492,0.693826,0.650647,0.732165,0.729486,0.742509,0.714227,0.746536,0.673607,0.772987,0.722470,0.689717,#
18,0.744062,0.714052,0.680277,0.776456,0.734912,0.679388,0.685939,0.749133,0.738422,0.711699,0.715705,0.752662,0.701434,0.742195,0.644442,0.715478,0.722868,0.700750,1.000000,0.733654,0.724540,0.713600,0.727409,0.685386,0.689940,0.718368,0.699712,0.711723,0.677096,0.738298,0.660152,0.759648,0.728224,0.757632,0.693585,0.755412,0.683487,0.717843,0.717271,0.706618,0.738220,0.615579,0.692472,0.662444,0.770055,0.699521,0.768090,0.735897,0.702990,0.645139,0.673548,0.706317,0.759759,0.687072,0.732842,0.761159,0.676225,0.754967,0.708731,0.731951,0.739860,0.641452,0.707894,0.706395,0.773697,0.691077,0.700881,0.699048,0.671349,0.738621,0.727840,0.672318,0.754313,0.712116,0.744095,0.636879,0.762524,0.687392,0.765783,0.687289,0.700094,0.672357,0.707800,0.736481,0.754158,0.700717,0.707651,0.715617,0.702020,0.670284,0.714554,0.670166,0.745147,0.717408,0.764644,0.686718,0.705351,0.711568,0.718808,0.734775,0.741237,0.679458,0.730864,0.744454,0.711632,0.753111,0.665584,0.691734,0.724085,0.682993,0.737550,0.669442,0.773590,0.761412,0.646801,0.691724,0.673797,0.698188,0.656722,0.678471,0.652356,0.768186,0.698874,0.705664,0.708327,0.652774,0.713298,0.675505,0.740505,0.662441,0.690487,0.731719,0.702964,0.705306,0.743449,0.757412,0.751751,0.716865,0.707830,0.722373,0.693799,0.755730,0.705770,0.757456,0.681689,0.700645,0.710997,0.654861,0.722315,0.698958,0.663245,0.791688,0.726224,0.634922,0.716398,0.727650,0.728433,0.770950,0.734643,0.675589,0.718582,0.682592,0.752190,0.711501,0.730299,0.716142,0.769881,0.647733,0.686040,0.689895,0.711278,0.767982,0.743529,0.701584,0.683879,0.721362,0.716670,0.781155,0.666925,0.738443,0.695236,0.690709,0.693094,0.718247,0.691310,0.738256,0.688081,0.655474,0.672027,0.744242,0.683710,0.716206,0.686695,0.766817,0.724162,0.687706,0.640102,0.740439,0.746903,0.674183,#
19,0.700179,0.693890,0.699407,0.732079,0.763315,0.763047,0.640814,0.714570,0.753839,0.691723,0.666089,0.677683,0.685785,0.673648,0.620117,0.703459,0.712377,0.745763,0.733654,1.000000,0.699144,0.672908,0.681735,0.700739,0.645380,0.653902,0.730747,0.659729,0.699717,0.708776,0.718936,0.773729,0.682209,0.696768,0.570796,0.702183,0.670532,0.669884,0.727748,0.675637,0.712031,0.616640,0.683268,0.659141,0.685092,0.716431,0.751773,0.700672,0.734457,0.580742,0.612877,0.676265,0.681105,0.693440,0.683596,0.670365,0.712111,0.689776,0.711274,0.602758,0.713064,0.683655,0.718707,0.706222,0.736810,0.709802,0.633965,0.654523,0.670064,0.690932,0.678590,0.656073,0.729605,0.690608,0.711600,0.608185,0.672000,0.655181,0.705757,0.675559,0.690123,0.613434,0.732335,0.677904,0.673569,0.665629,0.697182,0.767520,0.700998,0.592315,0.710372,0.648453,0.721379,0.667747,0.701227,0.685903,0.679452,0.643033,0.672578,0.725085,0.719979,0.666208,0.701081,0.689730,0.642479,0.717693,0.701115,0.693764,0.689738,0.602177,0.652649,0.648950,0.701794,0.709338,0.683368,0.664830,0.687413,0.699716,0.623758,0.596103,0.610710,0.715112,0.669883,0.739841,0.746263,0.663161,0.740753,0.668670,0.714516,0.742351,0.666144,0.717181,0.692374,0.728818,0.746730,0.711006,0.704872,0.667996,0.668790,0.711763,0.659918,0.660289,0.668265,0.667398,0.683702,0.625360,0.648976,0.606543,0.711075,0.679621,0.678562,0.744690,0.654234,0.619372,0.716013,0.692353,0.757764,0.736248,0.703132,0.683145,0.680311,0.670982,0.702001,0.637850,0.700192,0.674878,0.634256,0.671168,0.700258,0.639099,0.712626,0.756271,0.727198,0.682590,0.721762,0.689559,0.719373,0.786353,0.633297,0.617285,0.605403,0.707562,0.689146,0.758618,0.717681,0.696625,0.629303,0.690384,0.706902,0.713168,0.639548,0.699875,0.687391,0.739833,0.638685,0.737653,0.588283,0.668711,0.679788,0.633873,#
20,0.721208,0.670855,0.670893,0.710413,0.758752,0.709852,0.748600,0.731186,0.717505,0.748919,0.678440,0.690524,0.699451,0.735612,0.679868,0.694158,0.781220,0.751575,0.724540,0.699144,1.000000,0.709617,0.662190,0.726361,0.674524,0.745743,0.736817,0.698891,0.670166,0.762598,0.702401,0.739056,0.716217,0.775991,0.696260,0.750229,0.716974,0.707210,0.755211,0.737685,0.709948,0.747159,0.684246,0.728830,0.768703,0.719107,0.731909,0.679683,0.703853,0.681381,0.688742,0.732021,0.705649,0.736474,0.723283,0.759038,0.709479,0.744257,0.730833,0.667748,0.748107,0.684752,0.762047,0.710581,0.794955,0.716137,0.736125,0.677797,0.721122,0.720243,0.722176,0.706559,0.701171,0.716896,0.747934,0.635751,0.688557,0.704873,0.731158,0.737421,0.700520,0.753927,0.726969,0.738987,0.687105,0.711890,0.748534,0.700475,0.694576,0.703820,0.725960,0.695561,0.709848,0.748362,0.770558,0.688407,0.657568,0.672159,0.709374,0.706271,0.742689,0.685924,0.781529,0.737298,0.735728,0.684768,0.739440,0.737507,0.706852,0.743607,0.714626,0.719041,0.683869,0.680212,0.705411,0.673433,0.701869,0.762719,0.630786,0.670978,0.712295,0.727737,0.681702,0.791057,0.732879,0.729532,0.727599,0.662707,0.709698,0.711677,0.743361,0.685380,0.731092,0.760192,0.765187,0.710967,0.682351,0.715335,0.736233,0.772599,0.695760,0.724977,0.695862,0.740883,0.696878,0.668576,0.708119,0.672633,0.724620,0.755839,0.740880,0.749200,0.744234,0.679806,0.770090,0.722282,0.755765,0.702413,0.739962,0.709365,0.695489,0.722899,0.742773,0.732593,0.758588,0.615433,0.673163,0.638360,0.732472,0.687049,0.749693,0.715934,0.779130,0.706282,0.705849,0.733394,0.701684,0.764621,0.692237,0.709465,0.706871,0.690033,0.726056,0.711140,0.685536,0.763989,0.651044,0.739258,0.656140,0.699532,0.589478,0.665401,0.698097,0.777187,0.683676,0.641108,0.674995,0.730962,0.733143,0.683525,#
21,0.654514,0.752125,0.636707,0.710788,0.682559,0.697080,0.628360,0.696544,0.784290,0.664543,0.607764,0.665396,0.617998,0.690815,0.637813,0.669477,0.731540,0.677630,0.713600,0.672908,0.709617,1.000000,0.669526,0.714144,0.638102,0.629221,0.712973,0.639987,0.633787,0.677639,0.691751,0.684918,0.714113,0.713232,0.663264,0.727337,0.688048,0.739441,0.707464,0.655947,0.667945,0.682478,0.666786,0.676031,0.718008,0.668019,0.672924,0.702721,0.701956,0.586415,0.635948,0.691730,0.655162,0.643411,0.693709,0.713196,0.670624,0.692409,0.719795,0.566947,0.715087,0.644322,0.657226,0.641162,0.755982,0.651438,0.675932,0.701192,0.672376,0.711209,0.653511,0.674390,0.713292,0.688799,0.735149,0.643708,0.647640,0.661620,0.705015,0.695378,0.646291,0.653181,0.696456,0.682348,0.751091,0.673143,0.665061,0.698336,0.687534,0.680305,0.602432,0.566649,0.709422,0.664972,0.719473,0.634780,0.664301,0.644597,0.654739,0.684570,0.693434,0.673800,0.705950,0.678587,0.598830,0.747368,0.649582,0.634456,0.688016,0.699425,0.697916,0.651439,0.676620,0.739150,0.614019,0.628163,0.696093,0.700870,0.587764,0.648572,0.659827,0.702430,0.667941,0.720822,0.701506,0.593558,0.690151,0.687745,0.679031,0.701103,0.704767,0.711084,0.702559,0.674741,0.745552,0.665021,0.622707,0.607578,0.691961,0.715471,0.681073,0.702070,0.697388,0.672925,0.645491,0.645013,0.679388,0.651961,0.660049,0.665284,0.692007,0.744074,0.654010,0.667300,0.710471,0.681287,0.688119,0.650551,0.665337,0.679364,0.672984,0.683963,0.743093,0.711291,0.734719,0.635342,0.694146,0.633812,0.605022,0.640015,0.721478,0.656350,0.697577,0.656287,0.669817,0.687214,0.607557,0.748618,0.631082,0.634563,0.664259,0.703176,0.630082,0.691727,0.673899,0.752140,0.676528,0.555161,0.616717,0.716817,0.650808,0.651885,0.687572,0.674850,0.684135,0.627446,0.677441,0.710349,0.662840,0.665294,#
