0,1.000000,0.000037,-0.103258,0.129966,0.093436,0.076526,-0.063133,0.066187,0.026621,-0.030509,-0.071391,-0.000173,0.148773,-0.262146,0.187175,-0.074867,0.057281,0.053576,0.015900,0.120063,-0.074228,-0.033118,-0.007649,0.021172,0.082897,0.065741,0.251207,-0.050408,-0.022884,-0.023433,-0.099243,-0.075559,-0.078924,-0.167741,0.175421,0.015775,0.175094,-0.045421,0.060119,0.024109,-0.057138,-0.047740,0.095130,0.047660,-0.066751,0.008866,0.042434,-0.085860,-0.008835,-0.008617,0.129214,-0.033593,0.164027,0.092968,-0.093675,0.156544,-0.065745,0.030283,0.007559,-0.129990,0.195385,-0.094310,-0.079638,0.085426,0.068954,0.164512,-0.236288,0.178956,-0.118762,0.038227,0.074697,-0.015828,0.035597,-0.106302,0.106361,-0.021702,-0.127075,-0.119115,-0.121657,0.031159,0.202759,0.056987,-0.097577,-0.032290,-0.076175,0.241304,-0.048790,-0.249406,-0.117582,-0.015029,-0.044832,-0.087077,-0.145047,0.017099,-0.043946,0.127754,-0.055365,-0.000507,-0.008330,0.082602,-0.153336,-0.073830,-0.224865,-0.014627,0.164642,-0.157915,-0.180273,0.008060,0.103629,0.035239,0.142316,-0.112979,-0.070747,-0.041015,-0.056418,0.121015,-0.070509,-0.119639,0.146065,0.076921,0.112290,0.134934,0.050844,0.008432,0.052519,0.097881,0.094983,0.123198,-0.058459,0.021129,-0.065822,-0.075007,-0.076539,-0.059952,-0.007248,-0.086287,0.105661,0.124707,-0.112809,-0.051220,-0.132698,0.232160,-0.154256,0.118056,0.041684,0.035885,0.090868,-0.085501,0.099276,-0.053027,0.038430,-0.164148,0.015605,-0.118725,-0.017020,-0.082314,0.007040,0.007323,0.058346,0.102847,0.096292,0.296404,-0.053041,-0.065571,0.101207,0.074998,0.087708,-0.099328,0.212503,0.097913,0.110759,-0.021104,0.161493,0.077573,0.116955,-0.129895,-0.015341,0.043335,0.100686,0.038025,-0.091066,0.138019,-0.123725,0.006989,0.045757,0.083709,0.015920,0.082286,-0.058502,0.140801,-0.094660,-0.098214,0.038967,0.024234,0.007564,-0.088043,-0.156265,-0.105716,-0.147661,0.146963,#
1,0.000037,1.000000,0.023528,0.142586,-0.002040,0.117952,0.112617,0.017506,-0.071281,0.014099,0.124215,-0.053273,0.268422,0.169861,-0.146524,-0.018490,0.180417,-0.017912,0.127503,-0.086314,0.248789,0.176632,0.150335,0.274519,0.008320,-0.013924,-0.011217,-0.001250,-0.003647,0.064067,-0.024937,0.156818,0.155903,-0.020601,0.034105,0.080487,-0.037523,0.055666,-0.022763,0.005381,0.122058,0.044275,0.005705,0.070572,0.086414,0.157129,0.106183,0.060394,-0.051128,0.178037,0.115764,0.106524,0.156449,0.121389,0.042716,0.186210,-0.107314,0.029336,0.136639,0.055501,0.044410,0.036087,-0.049791,-0.025325,-0.071950,0.045711,0.163068,0.094410,0.215119,0.129336,0.126170,0.173331,0.257083,0.021440,0.009384,-0.044331,0.102833,0.061581,0.098044,0.033157,0.095326,0.181424,0.163889,-0.045310,0.147880,0.094131,0.066205,-0.143771,-0.000248,0.179952,0.134323,0.052989,0.049897,-0.016298,-0.107750,-0.005904,0.134287,-0.054334,-0.013012,0.198301,0.036918,0.149401,0.140041,0.241973,0.113867,0.028239,0.006546,0.238510,-0.013540,-0.105145,0.183945,0.139574,0.020255,-0.016407,0.075787,0.086295,0.254114,0.373403,0.095710,0.049253,0.053398,0.171834,-0.025140,0.172192,0.001953,0.050936,0.199653,0.076276,0.096978,0.080601,-0.046065,-0.036114,-0.047167,0.170688,-0.021755,-0.033992,-0.041713,-0.099737,0.197044,-0.004431,-0.007073,0.058084,-0.267067,-0.079832,-0.102589,-0.073136,0.186485,-0.049543,-0.058150,0.143099,0.063645,0.094805,-0.107288,0.141871,0.128312,0.101856,0.097876,0.044299,0.046985,0.031067,-0.067342,0.088814,0.192780,0.074660,-0.018931,-0.026129,0.126975,0.217214,-0.028668,0.100009,0.283806,-0.081846,0.199004,0.039809,0.178568,-0.001145,0.007371,0.108977,-0.018174,-0.137403,-0.005217,-0.123736,-0.017620,-0.100675,-0.116925,0.215654,0.004747,0.110178,0.008902,-0.059454,-0.028206,0.120616,0.072568,0.171525,0.131560,0.207047,0.136550,-0.116559,0.069062,0.057064,#
2,-0.103258,0.023528,1.000000,-0.017800,-0.143382,0.132910,0.014517,0.070416,-0.087189,0.050117,0.036752,-0.168022,-0.063357,-0.029271,-0.068884,-0.051032,-0.014684,0.118166,0.066458,0.097454,0.118620,0.042032,-0.126807,-0.082626,0.052782,-0.152782,0.036316,-0.062471,-0.103933,0.016475,0.022585,0.098547,0.158141,0.080665,0.190429,0.025295,0.070004,-0.091379,-0.021461,0.142856,0.310512,0.102207,-0.034305,-0.099587,0.034282,0.210022,0.046046,-0.054612,-0.084765,0.182502,-0.038517,-0.078181,-0.019011,0.124990,0.128570,0.121917,0.105825,0.043467,-0.090675,-0.051386,0.147697,0.075302,0.009087,0.086877,-0.084320,-0.083398,0.230597,-0.185614,0.234298,0.114503,0.079771,0.106776,-0.081767,0.187153,-0.108176,-0.046495,0.046551,0.142693,0.052252,0.225816,0.018684,0.140255,0.048591,0.057870,0.097382,0.191289,0.125106,0.147986,0.099447,-0.013027,0.188004,0.036230,0.025405,-0.040494,0.117403,0.030531,0.018334,0.061842,0.091424,-0.049345,0.053510,-0.253534,-0.193816,0.147512,0.195622,0.152275,0.032948,0.071456,0.229649,-0.012573,0.139668,0.042279,0.010792,-0.042996,0.001129,-0.049408,-0.079495,0.034257,0.033716,0.020473,0.062419,0.159327,0.057316,-0.042949,0.023094,0.209399,-0.019897,0.123038,0.030796,0.119222,0.017119,0.141990,0.058791,0.180902,0.004488,-0.093330,-0.088843,-0.067608,-0.078665,-0.047131,-0.057574,0.016375,0.061394,-0.044921,-0.040080,0.100901,0.192798,0.108102,0.115954,-0.076331,0.024126,0.004504,-0.090923,0.121899,-0.052629,0.167995,-0.009496,-0.066407,-0.016074,-0.025506,0.003333,-0.220775,0.034625,0.013820,-0.114665,0.024427,0.084968,0.043539,-0.048028,0.065751,0.162820,-0.054654,0.094520,-0.081224,0.034391,0.131114,0.293241,0.063085,0.001105,-0.001012,-0.032320,0.142662,0.227569,0.254633,0.068317,-0.001146,-0.056739,0.124503,0.050058,-0.059778,-0.051532,0.056517,-0.147333,0.216336,0.048588,0.133104,0.176550,-0.084943,0.001955,0.009243,#
3,0.129966,0.142586,-0.017800,1.000000,0.167264,0.113424,-0.144168,0.138002,-0.002514,0.012501,-0.165651,-0.056922,0.073541,-0.013276,0.024209,-0.183405,0.087326,-0.047883,-0.127101,-0.012934,0.222323,0.073032,0.071102,-0.116153,0.040872,0.199815,0.049120,0.159759,-0.000653,0.098500,-0.027228,0.053289,0.055838,0.071169,0.017158,-0.058029,-0.088669,0.023931,-0.038854,0.113989,0.092819,0.127489,-0.020074,-0.082121,0.131718,-0.013012,-0.022893,0.180300,0.069146,0.005755,0.047342,0.072866,0.132190,0.100613,0.219391,0.021051,-0.154883,-0.025986,0.208782,0.073644,0.112647,0.035267,-0.118244,0.098327,0.051700,0.187937,-0.042848,-0.029526,0.017248,0.087320,-0.111987,0.092447,0.237589,0.104235,-0.091612,-0.014452,0.064219,-0.069315,0.171405,0.124858,0.107649,0.125520,0.007874,0.043275,-0.013209,0.093072,0.019155,0.097436,-0.032166,0.064880,-0.149785,0.059868,0.073948,-0.026522,0.168787,0.036317,0.011156,-0.001703,-0.085591,0.230675,0.033147,-0.064278,-0.116489,0.032283,0.047385,-0.022546,0.107440,0.242683,-0.063630,-0.029187,-0.040407,0.169350,0.069628,0.062888,-0.018220,0.015801,0.211201,0.105240,0.019581,0.013109,-0.045411,-0.030909,-0.088988,0.127347,0.039129,0.136828,0.121003,0.110052,-0.088228,-0.016739,0.053887,0.008661,0.034129,0.107791,0.032652,-0.024045,-0.008603,0.006880,0.060734,0.066702,-0.009193,0.040956,-0.171910,0.021305,-0.157301,0.134696,0.084744,-0.067478,0.001950,-0.134119,-0.027596,-0.039505,0.086933,-0.010899,-0.034977,-0.013791,0.135242,0.005958,0.044951,0.218899,0.196715,0.216074,-0.027344,0.333269,0.092188,0.010358,-0.082920,-0.025909,0.022249,0.089442,0.186617,-0.096503,-0.013867,-0.077913,-0.079807,0.008296,-0.078219,-0.038176,0.096729,-0.061694,0.023973,0.069526,-0.017101,0.209016,-0.025458,0.143453,-0.217490,-0.006374,0.123963,0.027739,-0.064831,0.028658,0.169575,-0.053423,0.102621,0.133038,0.235820,0.044334,-0.006948,0.120500,#
4,0.093436,-0.002040,-0.143382,0.167264,1.000000,0.098748,0.058907,0.075659,-0.018414,0.132358,0.086739,0.028525,-0.051774,-0.119802,0.039968,0.034383,-0.072780,-0.039487,-0.141571,0.008684,0.143409,0.169772,0.245526,0.129128,-0.005889,-0.031823,-0.025214,0.051561,0.130267,0.104724,0.094093,0.066262,-0.060886,0.067149,0.125387,0.180267,-0.087357,-0.042596,0.030515,0.242345,-0.055512,0.048836,0.185190,0.040998,0.224948,-0.181234,0.198686,0.026136,-0.129453,-0.070182,0.271685,0.104247,0.028785,-0.157900,0.025261,0.067774,-0.078624,0.104471,0.224141,-0.024909,0.021730,0.040771,0.154936,-0.017821,0.201473,0.365650,0.046498,0.030997,-0.039357,-0.000803,0.076069,-0.106674,-0.026408,-0.033105,0.003024,0.199176,0.104233,-0.027511,0.064885,0.023682,-0.076011,0.181504,0.009848,-0.077546,0.095615,0.056580,0.034949,0.105155,0.028615,0.171174,0.050246,-0.066303,0.072180,-0.028630,0.155689,0.098875,0.160492,0.074092,0.002202,0.040954,-0.039135,0.168883,-0.026510,0.130909,-0.015502,-0.176234,0.099775,0.042475,-0.002166,0.169607,-0.100902,0.099240,0.160756,0.197340,-0.050426,0.033616,-0.075541,0.313243,-0.038553,0.044702,0.009916,0.031531,-0.020506,0.045238,0.101821,0.063192,0.229703,0.003689,0.193579,0.074768,0.134477,-0.009903,-0.017860,0.025488,0.048683,-0.059218,0.120342,0.128242,0.099331,0.058186,-0.126919,0.241124,0.002116,0.152226,-0.065396,0.125335,0.082375,-0.123044,0.101320,0.007958,-0.023221,0.122906,-0.037836,-0.156567,0.126213,0.025060,0.187367,0.223028,0.119412,0.061755,-0.051023,0.231197,0.042199,0.146205,0.126647,-0.029433,0.107865,0.033120,-0.083333,0.095632,0.046846,0.065395,0.021132,-0.003818,-0.042776,0.004162,0.089576,0.174322,0.079589,0.183984,0.136860,0.028539,-0.019548,0.037696,0.094406,0.222863,0.077278,0.040762,0.025347,0.214555,0.062362,-0.012688,0.196201,0.047523,0.055972,-0.111235,-0.071180,-0.019809,0.088966,0.048927,#
5,0.076526,0.117952,0.132910,0.113424,0.098748,1.000000,0.032721,0.096292,0.026726,0.079345,-0.034808,-0.141086,0.131568,0.002754,-0.009881,-0.052022,0.106831,0.006715,0.107348,0.247885,0.076725,-0.083518,0.004535,0.057567,0.207092,0.244501,0.087056,0.088261,0.026077,0.159392,-0.047936,0.100683,-0.019354,0.233080,0.131915,0.073455,0.060980,-0.127784,-0.114818,0.157577,-0.051360,0.123561,0.125520,0.079954,0.046095,0.069716,-0.120753,0.211163,-0.087087,0.096503,0.185790,-0.056863,0.076733,-0.061048,0.151844,0.243815,-0.072532,-0.032971,0.098244,-0.021357,0.043106,-0.050155,0.036252,0.089420,0.041864,0.077903,-0.108959,0.012953,0.111504,0.128280,0.168961,0.111492,0.016420,0.064563,0.095019,-0.007370,-0.221738,0.236281,0.060057,0.056730,0.082647,0.061619,0.018734,0.005124,0.033898,-0.016861,-0.035173,-0.056142,0.111267,-0.077756,0.211667,-0.017822,-0.056085,0.068615,0.016970,-0.209315,0.199575,0.159949,0.121439,0.001929,0.037366,0.032471,0.076158,0.163371,0.012690,-0.014982,0.126831,0.189870,-0.090420,0.008619,0.023462,-0.010739,0.099133,0.006916,-0.089878,-0.105091,0.279992,0.250326,0.110336,0.015395,-0.010187,0.066476,0.014177,0.106295,0.045063,0.109903,0.305659,-0.009217,0.058155,-0.084283,0.031648,0.040773,0.037012,0.076333,0.034293,-0.157393,-0.128140,0.111194,-0.118334,-0.073350,-0.081869,-0.022965,0.009887,-0.006206,0.143092,0.067003,0.082532,0.117661,0.077667,0.078117,0.175092,0.045598,0.303885,0.000145,0.160115,0.066554,0.145611,-0.056580,0.004060,0.043033,-0.007349,0.180017,0.062364,0.096746,0.093031,-0.145529,-0.115329,0.141207,0.081567,0.056989,0.213220,0.137831,0.071248,0.072233,-0.106580,0.166619,0.261087,0.107334,0.159018,0.164987,-0.017261,-0.086380,-0.202979,0.072934,0.019150,0.093179,0.008591,0.165771,0.217662,0.203125,-0.017287,0.072772,-0.012381,0.243376,0.074362,0.156864,-0.006411,0.133160,0.013614,0.221721,#
6,-0.063133,0.112617,0.014517,-0.144168,0.058907,0.032721,1.000000,-0.093086,0.065104,0.115148,0.231378,-0.031609,0.083239,-0.124088,-0.240726,0.432639,0.186641,0.130356,-0.003538,-0.056572,-0.066532,0.006665,-0.074272,-0.033400,0.151678,-0.005711,-0.014879,0.015954,0.136064,0.002911,0.019927,0.166848,0.068385,0.093084,-0.066581,0.019405,-0.022563,0.057856,-0.114615,0.019896,0.078252,-0.030243,0.230445,0.180624,-0.169148,-0.085605,0.089741,0.099098,-0.047961,0.104500,-0.139943,-0.054257,0.004002,-0.097673,-0.011260,-0.047573,-0.103894,-0.006944,0.029040,-0.108293,0.112188,0.120033,0.040455,-0.050589,0.199605,0.056211,0.105689,0.070876,0.099123,0.008740,0.149783,0.215216,-0.137265,-0.079446,0.082437,0.063505,0.198451,0.109149,0.149122,0.052885,-0.013094,0.087228,-0.055764,0.077894,0.050018,-0.141280,0.132421,0.014438,-0.013482,-0.049258,0.003115,0.051349,0.061142,0.091846,0.056155,0.028576,0.225404,0.011176,-0.166300,-0.023101,-0.003547,0.010543,0.080418,0.025485,0.129832,-0.049446,0.092244,0.140637,0.180222,-0.022971,-0.001256,-0.071703,0.116844,0.234887,0.128864,0.138055,-0.078484,0.076003,-0.050836,0.199205,-0.024459,0.199491,-0.223649,-0.019476,0.012223,0.007371,-0.074201,-0.110235,0.080724,0.080883,0.088958,0.090039,0.026894,0.038288,0.034863,-0.108603,0.088989,-0.080574,-0.021662,0.217787,0.129888,0.001434,-0.082993,-0.009663,0.013457,0.088104,-0.006622,0.203254,0.008703,-0.001812,0.053340,0.175324,-0.069455,0.019876,0.031802,-0.014374,0.000424,-0.058534,-0.085125,0.112417,-0.181201,-0.043461,0.051922,0.015492,-0.174449,0.004827,0.183547,0.046519,0.060776,0.053101,-0.044761,0.173348,-0.181784,-0.040571,0.127092,0.169943,0.027117,0.216368,-0.033085,-0.026654,-0.022385,0.032764,-0.019034,0.023375,0.048486,0.023162,0.143723,-0.009154,-0.053748,0.066872,0.014045,0.074442,-0.046674,0.067219,0.031074,0.116826,0.028009,-0.128298,0.070128,0.093985,#
7,0.066187,0.017506,0.070416,0.138002,0.075659,0.096292,-0.093086,1.000000,0.143590,0.017148,-0.044440,-0.182986,0.193204,0.001639,0.054109,0.001561,0.030598,0.169851,0.094333,0.116394,0.137630,0.071347,0.002508,-0.004471,0.134269,0.071146,-0.033760,-0.150086,0.070723,0.182804,0.039905,0.032566,0.134005,0.008979,0.112215,0.118024,-0.072741,0.137619,0.217269,0.203490,0.094871,0.172467,-0.085197,-0.004882,0.075203,0.213968,0.130675,0.245611,0.158068,0.122158,-0.028872,0.072128,0.077320,-0.014344,0.200714,0.027121,0.000160,-0.146999,0.230619,0.180517,0.041932,0.192864,0.049648,0.076910,0.142841,0.110193,0.072728,-0.089065,-0.215123,-0.025337,0.170096,0.025308,0.095208,0.122336,-0.100831,-0.047891,-0.112216,0.018405,0.073775,0.037499,0.174579,0.097438,0.041904,0.053999,0.074363,0.242217,-0.002404,0.089497,-0.092462,0.195038,0.056479,-0.066220,0.216237,0.055797,0.167967,0.203310,0.131053,0.305202,0.202395,0.060541,0.094711,-0.075469,-0.257919,0.001223,0.141407,0.065314,-0.106759,0.182133,0.093130,-0.063471,0.194392,0.063150,0.150980,0.057347,0.311036,-0.028843,-0.029242,0.017599,0.135536,0.196736,0.036880,0.115422,0.226355,-0.047386,-0.014389,0.117219,0.063445,0.091110,0.038775,0.119072,0.003051,0.118672,0.050811,-0.030958,-0.052560,0.019558,-0.054291,0.228143,0.109390,-0.028197,-0.055528,0.036897,0.019649,-0.020081,0.091166,0.143546,0.106915,0.029622,-0.062728,0.094011,-0.123702,0.222522,-0.008382,-0.061283,0.103960,0.287586,0.126998,0.096273,0.045981,-0.082449,0.067073,0.023519,0.118577,0.021218,0.045812,0.028848,-0.011595,-0.089407,-0.120962,-0.047453,0.187644,0.056477,0.138485,0.168070,0.118529,0.046820,0.026029,-0.000050,0.084455,0.040469,0.080013,0.051975,-0.095971,0.121366,0.069749,0.049309,0.157281,0.084266,0.138695,0.089925,0.031293,0.047081,0.087848,0.103049,0.127513,0.012105,0.040340,0.085522,0.132302,0.074246,#
8,0.026621,-0.071281,-0.087189,-0.002514,-0.018414,0.026726,0.065104,0.143590,1.000000,-0.024808,0.001862,0.105487,0.049942,0.128919,0.038703,0.145498,-0.006831,-0.009632,-0.179066,0.157667,0.139278,-0.003259,-0.121063,0.143911,0.199382,0.089563,0.061482,-0.200173,-0.035189,0.094721,0.093380,0.056304,0.125654,-0.069622,-0.009252,0.352019,0.009646,0.085595,-0.043583,0.033688,0.061655,-0.083070,0.236661,0.197319,0.031840,-0.072137,0.003359,-0.042223,0.109130,0.065167,0.019578,0.125995,0.160529,-0.062909,-0.022174,0.063238,-0.011926,-0.009435,-0.035058,-0.083446,0.150544,0.161713,0.241719,0.158182,0.163950,0.149157,0.141768,0.121879,0.172526,-0.031343,0.129232,0.225786,0.160016,-0.014286,-0.034382,0.003095,-0.107594,0.050377,0.180273,0.054741,0.068273,0.135987,-0.091473,-0.068661,0.000126,-0.009510,0.175424,0.051342,-0.137101,-0.115900,0.103041,0.091750,-0.061203,0.012644,-0.092080,-0.029308,0.267021,0.218783,0.185338,0.163373,-0.056058,-0.231148,0.137564,0.187798,-0.115027,0.172089,0.055773,-0.020264,-0.015998,0.152755,-0.058644,0.029797,0.021897,0.039672,-0.064851,0.031272,0.166487,0.021750,-0.068956,0.090146,0.003976,0.060098,0.123526,0.152707,0.050583,0.115115,-0.066152,-0.006743,0.133003,0.186418,0.006670,0.241603,0.032394,-0.047026,-0.156833,0.248849,-0.004505,0.061124,0.073118,-0.015580,-0.039025,-0.032437,0.002913,-0.313865,0.037795,-0.007588,0.005137,0.270251,-0.055639,0.092631,-0.026488,0.254567,-0.029446,0.220725,0.151990,-0.038825,0.099286,0.103729,0.253218,-0.106517,0.022459,-0.112010,-0.063794,-0.046824,-0.122299,-0.058300,-0.008411,0.147514,0.118680,-0.095532,-0.018953,0.142555,-0.201685,0.136903,0.135164,0.047295,0.086664,-0.031383,0.128295,0.079102,0.175293,0.029314,0.042715,0.028423,-0.010879,-0.138388,0.186027,0.074270,-0.010965,0.126104,0.182041,0.062529,0.098560,0.125269,0.055027,-0.044738,-0.228411,-0.017326,0.006259,0.239635,#
9,-0.030509,0.014099,0.050117,0.012501,0.132358,0.079345,0.115148,0.017148,-0.024808,1.000000,0.141185,-0.075150,0.029967,-0.086819,-0.010079,0.043763,-0.014828,0.146903,-0.154224,-0.073874,0.061328,-0.001243,-0.075182,0.019270,0.052656,-0.092850,0.054212,-0.045926,-0.073852,-0.026021,0.008069,0.072766,-0.036456,0.002394,-0.089966,-0.011020,0.024548,-0.076690,-0.060059,0.052254,-0.068909,-0.063342,-0.054370,-0.012813,-0.097149,-0.080519,0.011804,0.029312,0.156531,0.133830,0.106769,-0.061775,-0.076385,-0.077543,-0.123652,0.077029,0.089867,0.066496,-0.151648,0.111906,0.010031,0.020183,-0.036956,-0.086299,-0.074809,0.085802,0.018542,-0.039382,0.043225,0.039739,0.092731,0.093255,-0.000175,0.030015,-0.105365,0.031080,0.095551,0.118744,0.051100,0.043620,0.011952,0.063289,-0.043305,0.029577,0.110087,0.043565,0.183271,0.065406,0.044103,0.192844,0.082632,-0.120960,0.067692,-0.067666,0.168095,-0.083765,-0.018828,0.022506,0.030571,0.100238,0.103949,0.079521,-0.045479,0.014485,0.041131,-0.041454,-0.137747,0.177185,0.000022,-0.005915,0.027955,0.212371,-0.042810,0.069787,0.012253,0.086557,0.020152,0.094845,0.150848,0.091451,-0.271317,0.035591,-0.020442,-0.002446,0.158595,0.047638,-0.002706,0.037466,-0.065349,-0.012830,0.020186,-0.000902,0.009540,-0.040253,0.047502,-0.083884,-0.028149,-0.013445,-0.032486,0.065376,0.152838,0.199039,0.051901,0.138469,0.110106,0.244251,0.017418,0.145294,0.061577,0.028267,0.021651,0.122182,0.069153,-0.032003,-0.108477,0.051408,0.080427,0.126482,0.232700,0.141073,-0.076122,-0.032200,0.156942,0.058804,-0.062833,0.016504,-0.016855,0.116333,0.217412,0.113612,0.087406,0.122671,-0.013166,-0.106632,-0.026858,0.124534,0.202057,0.124213,-0.106183,0.112714,-0.041479,0.163017,0.003747,-0.054019,0.150498,0.103695,0.090466,0.103731,0.032724,0.033135,-0.272641,-0.174367,0.040659,-0.032097,-0.146656,0.138197,0.001441,0.070922,-0.002581,-0.089038,#
10,-0.071391,0.124215,0.036752,-0.165651,0.086739,-0.034808,0.231378,-0.044440,0.001862,0.141185,1.000000,0.107810,0.072248,0.098110,-0.095207,0.142262,0.092871,0.051965,0.089000,-0.042314,-0.058493,-0.038478,-0.101701,0.145073,0.170699,-0.032616,0.017466,0.030069,0.052499,0.067962,0.058079,-0.072980,-0.014428,0.031889,-0.065833,-0.021394,0.097449,-0.028484,-0.187628,-0.087608,0.241829,-0.058536,0.106624,-0.062748,-0.028857,-0.045318,0.223614,0.123637,-0.022730,0.144228,-0.027661,0.128020,0.100852,-0.053593,-0.017564,0.237113,0.054788,0.229862,-0.035815,0.042015,0.070027,0.113139,0.126038,0.124258,0.033270,0.045869,0.144931,0.051523,-0.016794,-0.184183,0.245955,0.216558,-0.063177,-0.033314,0.080067,0.162134,-0.165218,-0.028608,0.170859,-0.130457,0.053287,-0.053430,-0.049163,-0.070654,0.066113,0.062787,0.137117,-0.054957,0.011499,0.227140,0.008928,0.139687,0.039724,-0.110845,-0.054419,0.008485,0.055131,0.182237,-0.032733,-0.022210,0.068853,-0.062028,0.072961,0.085140,0.027773,-0.003799,0.153102,0.030978,-0.012995,0.087501,0.081111,0.029868,0.059436,0.173566,0.011203,0.064150,0.030517,0.084064,-0.023802,0.005013,0.098114,0.238943,-0.020011,-0.054893,-0.068010,0.049288,0.202040,0.025922,0.061889,0.139767,0.036883,0.074711,-0.053086,0.066397,0.143292,-0.039256,0.024852,0.093428,0.266176,-0.024618,-0.116169,0.041872,0.175668,0.175437,0.009339,0.238241,0.137313,0.121520,0.159876,0.171986,-0.101098,-0.010158,-0.032449,0.025283,0.061188,0.052111,0.179413,-0.080663,0.102193,-0.067676,-0.099142,0.022722,0.039680,0.043880,-0.103279,0.155358,0.186493,0.129488,0.107174,0.110510,-0.056805,0.183850,-0.060775,0.002121,0.186634,0.141064,0.098955,-0.002132,-0.149861,0.097615,-0.162415,-0.048835,0.008331,0.018771,-0.032237,0.107284,0.219989,0.088303,-0.013414,-0.002429,-0.034698,-0.040592,-0.047401,0.265003,0.073915,-0.123036,-0.058656,-0.000671,0.051265,0.128433,#
11,-0.000173,-0.053273,-0.168022,-0.056922,0.028525,-0.141086,-0.031609,-0.182986,0.105487,-0.075150,0.107810,1.000000,-0.021106,0.078971,0.075929,0.028799,-0.088896,-0.019661,0.008566,0.024808,0.016300,-0.008263,0.070531,0.060634,-0.007019,0.020352,-0.100144,0.046418,-0.099503,-0.040385,0.237817,0.187980,0.048671,0.150799,-0.114232,0.051944,0.044703,0.086208,-0.023074,-0.070165,0.060857,-0.164342,0.112294,-0.023633,-0.025009,-0.277855,0.049386,-0.043092,0.083170,-0.073483,-0.191692,-0.022476,0.226471,0.014737,-0.029797,-0.038272,-0.091089,0.225188,0.017435,0.283689,-0.031175,0.011505,0.142094,0.008988,0.057146,-0.112014,0.095751,0.138629,-0.030161,0.055185,-0.260335,-0.049104,0.025420,-0.142337,0.246895,0.158743,-0.036070,0.060345,0.041476,-0.147164,-0.171481,-0.053467,0.053169,-0.049417,-0.018480,-0.076745,0.035903,-0.025204,0.088213,-0.070054,-0.006877,0.005185,-0.042487,0.037697,-0.155544,0.074358,-0.066092,0.091623,-0.067592,0.084115,-0.044678,-0.001354,0.017150,-0.005440,-0.019759,0.017202,0.113842,-0.036026,-0.050865,-0.127901,-0.036124,0.114547,0.032002,0.041611,0.005129,-0.070456,0.010097,0.147184,-0.037634,0.124653,0.058189,-0.047819,-0.042831,0.256883,-0.060630,-0.149442,-0.060511,0.119802,0.253903,0.164626,0.082495,0.022668,0.136822,-0.040593,0.010356,0.169929,0.021405,0.129488,-0.027156,0.244441,-0.068585,-0.141699,0.192189,0.048945,-0.063737,-0.043721,0.028013,-0.044009,-0.093030,-0.221978,0.075822,0.003411,-0.011848,0.238401,-0.024807,-0.067803,0.037799,-0.010615,-0.007988,0.039481,-0.003710,0.029940,-0.053100,0.044445,0.080137,0.127967,0.094799,0.155507,0.021966,0.042011,0.150917,0.050591,-0.012002,0.083846,-0.021136,-0.001685,0.017473,-0.093499,-0.039441,0.034032,-0.168452,-0.090545,0.047325,-0.002507,0.010936,-0.024816,0.099215,0.009011,-0.138740,-0.072516,0.131334,0.009382,0.164111,-0.004961,0.070966,-0.046294,-0.134313,0.098142,0.018734,-0.000888,#
12,0.148773,0.268422,-0.063357,0.073541,-0.051774,0.131568,0.083239,0.193204,0.049942,0.029967,0.072248,-0.021106,1.000000,-0.027265,-0.051646,0.030077,-0.030627,-0.080895,0.103050,-0.102948,0.043841,0.043339,-0.004343,-0.024632,0.177363,0.034709,0.052622,-0.031352,0.038585,0.002772,0.070873,-0.112667,0.034408,0.070796,0.128241,0.057870,-0.042216,-0.085597,-0.125601,-0.011046,-0.004986,-0.095016,0.018470,0.172661,0.079244,0.031431,0.267023,0.217154,0.156846,0.249184,-0.016477,-0.092620,0.126585,0.157058,0.036139,0.068001,0.005144,-0.155221,0.257712,0.010980,-0.072562,0.186712,0.065019,-0.014288,-0.010856,0.008622,-0.048385,0.129039,0.114563,0.103037,0.078198,0.223060,0.183522,0.064538,0.011969,0.127024,-0.087179,0.169200,0.074131,0.096596,0.207315,0.230995,0.116769,-0.178994,0.076173,0.116602,0.015705,0.056658,-0.021813,0.161831,0.176385,-0.098380,0.076348,0.210763,-0.068557,0.038238,0.103815,-0.114964,-0.144586,-0.046499,0.168821,-0.049271,0.015107,-0.038879,0.027578,0.054608,-0.010021,0.296221,-0.016516,-0.093716,0.157765,0.127778,0.133350,0.051126,0.149390,-0.000030,-0.077866,0.132454,0.073109,0.032748,0.070593,0.280964,-0.000950,0.173407,0.032315,0.155420,-0.037126,0.042175,-0.101625,0.144223,-0.260248,-0.005737,0.060517,-0.026465,-0.068589,-0.119639,-0.024968,0.000811,0.124427,-0.131999,0.009064,-0.071063,-0.132091,0.040848,-0.104443,0.106399,0.133670,0.123927,-0.023654,0.097796,0.060698,-0.009026,0.058720,-0.026424,0.170568,0.068121,0.162291,0.239492,0.280025,-0.112020,0.008221,0.115356,0.058932,-0.064002,0.045322,0.014104,0.078073,0.186237,0.155089,0.025540,0.287001,-0.104585,0.168448,-0.007243,0.133674,0.102743,0.065011,0.050822,-0.388701,-0.076990,-0.059858,0.107287,-0.088867,0.004406,-0.073746,0.078654,0.146243,0.082921,0.081771,-0.016959,-0.019250,-0.076438,-0.043787,-0.040655,0.004044,0.089309,-0.122411,-0.004093,0.055041,0.124153,#
13,-0.262146,0.169861,-0.029271,-0.013276,-0.119802,0.002754,-0.124088,0.001639,0.128919,-0.086819,0.098110,0.078971,-0.027265,1.000000,0.010912,-0.045688,-0.112021,0.042580,0.057963,-0.070978,0.107628,0.025536,0.149764,0.052094,-0.001112,0.256947,0.030110,-0.015342,0.011726,0.066572,-0.031963,0.024072,0.042141,0.044063,-0.100264,0.022849,-0.013135,0.031299,-0.213420,0.075959,0.162778,0.108898,0.196328,-0.163232,0.009465,0.054555,-0.145788,0.104389,0.117829,0.078497,-0.021905,0.050759,-0.005513,-0.079739,0.057712,0.004230,0.118509,0.087122,0.065233,0.084698,-0.123899,0.126914,-0.040797,-0.181612,0.065493,-0.023466,0.236317,0.215378,0.077345,0.016853,-0.046763,-0.006151,0.188506,-0.011020,0.020432,0.111126,0.056735,-0.051727,-0.001402,0.006119,-0.025647,0.058978,0.047734,0.061952,-0.073548,0.163548,-0.039846,0.113703,0.209916,-0.002204,0.037304,0.115688,0.154287,0.046833,-0.180148,-0.103487,0.072547,0.074590,0.044978,0.104194,-0.081074,-0.092674,0.155755,-0.045596,0.032464,0.087985,-0.029893,0.082916,-0.188443,-0.036575,-0.022130,0.002066,0.055778,0.040187,0.121827,-0.050296,0.086208,0.080675,-0.028108,-0.079541,0.087684,-0.044588,0.115084,-0.072922,-0.070054,-0.015036,-0.018461,0.064294,0.142601,0.164745,-0.083074,-0.260108,-0.029576,0.058311,0.040566,0.099021,0.060328,0.010923,0.215708,0.007137,-0.049027,-0.129925,0.022088,-0.090618,-0.154104,0.052068,0.060792,0.147195,0.051921,-0.119805,-0.066410,-0.042164,0.032128,0.094444,0.050747,-0.068927,0.019387,-0.223304,-0.052455,-0.021413,0.016105,-0.036156,0.207380,-0.084824,-0.075377,-0.009647,0.131929,0.141207,-0.102603,0.041115,0.010819,0.006126,-0.078162,0.201663,0.075218,0.022765,0.090051,-0.120785,-0.054535,0.025513,-0.012897,-0.078578,0.132593,0.081173,-0.207143,0.056750,-0.014927,-0.106918,-0.075051,0.097422,0.250339,-0.000597,0.069120,0.103051,0.011676,0.059804,-0.141015,0.268858,0.035872,0.094453,#
14,0.187175,-0.146524,-0.068884,0.024209,0.039968,-0.009881,-0.240726,0.054109,0.038703,-0.010079,-0.095207,0.075929,-0.051646,0.010912,1.000000,-0.090271,-0.069309,0.102495,-0.183417,0.097064,-0.130012,0.085463,0.126089,0.151454,-0.023362,-0.011496,-0.036085,0.020514,-0.018493,0.029692,0.292927,-0.076742,0.020687,-0.079995,0.070143,0.068096,0.034882,-0.026276,0.124660,-0.105432,0.024239,-0.021520,-0.083131,-0.092647,-0.028943,0.106490,0.003137,-0.092118,0.061659,-0.047436,-0.056171,0.156533,0.062417,-0.125419,0.022621,0.081393,0.107225,-0.055594,0.068161,-0.121133,0.011177,-0.140290,0.078705,0.066398,-0.138177,-0.069241,-0.082866,-0.144569,0.013682,-0.058141,0.085111,-0.029586,0.243166,0.049994,0.011517,0.089557,-0.051543,-0.115431,-0.172455,-0.016691,-0.048445,-0.010938,0.102771,0.075036,-0.011811,-0.063652,-0.052313,0.019838,-0.032142,0.130096,0.041175,-0.139323,0.131938,0.176139,-0.072167,-0.029622,-0.176504,0.078313,-0.057437,0.053443,-0.222581,-0.038448,-0.063227,0.038888,0.003053,-0.086173,0.054227,-0.143903,0.053064,0.096644,-0.105738,0.100467,0.095606,0.052953,-0.174249,-0.141878,-0.069729,-0.089308,0.002692,0.131281,0.078353,-0.211987,0.108602,0.141265,0.040477,-0.102156,-0.097704,0.039893,-0.074825,-0.022322,-0.037253,0.070259,-0.065334,0.003482,0.052959,-0.077287,0.133049,0.094895,-0.010494,0.088189,-0.041523,0.064689,0.007626,0.246954,0.009850,0.081236,0.047373,-0.003909,-0.007424,-0.006429,0.220086,-0.099069,0.204392,-0.047839,-0.058504,-0.090727,0.038922,-0.103025,-0.029363,0.085927,-0.005460,-0.007760,-0.007105,-0.121626,0.272318,0.153137,-0.096399,-0.000339,0.042268,-0.071221,0.061409,-0.215584,-0.028265,-0.061522,-0.087634,-0.031413,-0.155473,-0.085213,0.077750,0.025472,0.087051,-0.083625,-0.054489,-0.011386,0.008947,0.121285,-0.045444,0.052411,-0.013908,0.008848,0.027938,0.070545,0.056249,-0.059956,-0.130022,-0.168948,-0.019667,0.065976,-0.215046,-0.121582,#
15,-0.074867,-0.018490,-0.051032,-0.183405,0.034383,-0.052022,0.432639,0.001561,0.145498,0.043763,0.142262,0.028799,0.030077,-0.045688,-0.090271,1.000000,0.097396,0.082651,0.012440,-0.067900,-0.067146,0.033306,-0.065254,0.141036,0.078718,0.090229,-0.160506,0.082062,0.081927,-0.166143,0.093023,0.130136,0.131505,0.249776,-0.034538,0.028464,-0.062898,0.093580,-0.175271,-0.052031,0.012372,-0.100617,0.155797,0.135686,-0.068000,0.009096,0.125643,-0.002933,0.046339,0.099825,-0.061355,0.100717,-0.010811,0.093034,0.010370,0.085707,0.112283,-0.012956,-0.020545,0.087495,0.192323,0.129579,0.118334,0.017707,0.084559,-0.098084,0.062336,0.115073,0.050846,-0.025249,0.071908,0.063764,-0.063261,0.114525,-0.015907,0.063086,-0.083822,0.076047,0.176117,-0.022550,-0.104835,0.028831,-0.046035,0.073909,0.003727,-0.041483,-0.011128,0.007328,-0.032752,-0.179377,-0.015953,0.207085,0.067275,0.112282,-0.123754,0.037251,0.103312,0.150236,0.003603,0.043924,-0.024271,0.138044,0.047144,0.152055,0.133423,-0.073422,0.032183,0.047908,0.030840,0.057100,-0.086678,0.010971,0.193427,0.079398,0.089900,0.041781,-0.132100,-0.063472,-0.117667,0.205385,-0.104549,0.235821,-0.067241,0.091490,-0.045649,0.062119,0.058012,0.051319,-0.042479,0.196547,0.197609,0.079628,-0.106114,-0.158079,0.065130,0.070923,0.138393,-0.085000,-0.124058,0.174372,0.068207,-0.030380,0.072835,0.066724,0.057154,0.051497,0.008008,0.053826,0.021794,-0.013105,0.100616,0.328932,0.091706,0.004246,-0.017518,0.076097,-0.032441,-0.032983,0.144530,0.120656,-0.076850,-0.075071,0.103490,0.158524,-0.121056,-0.021915,0.046032,0.001101,0.042922,0.168812,-0.016095,0.118321,-0.173823,0.203989,-0.006051,0.147909,0.057619,0.008786,0.043397,0.039182,0.063986,-0.012321,-0.022013,0.015094,0.200619,-0.018045,0.007559,-0.025752,0.068090,0.091311,-0.017635,0.096679,-0.059466,0.063176,-0.065755,0.180793,-0.026522,-0.099934,0.150416,0.009673,#
16,0.057281,0.180417,-0.014684,0.087326,-0.072780,0.106831,0.186641,0.030598,-0.006831,-0.014828,0.092871,-0.088896,-0.030627,-0.112021,-0.069309,0.097396,1.000000,0.095243,0.221865,0.210706,0.231394,-0.415582,0.097659,-0.071294,0.089895,0.142976,-0.036763,0.121750,-0.108348,0.089996,0.118110,0.158341,0.043102,-0.020556,0.105290,0.002893,0.090761,0.207290,0.025375,0.078444,0.069518,-0.108666,0.060311,-0.042619,0.063192,-0.050432,0.140863,-0.033130,-0.045163,0.021207,0.028455,0.097761,0.010781,-0.022805,0.004128,0.227841,0.012473,0.135410,-0.035723,-0.004680,0.089258,0.053434,0.092657,0.034710,0.056294,0.117898,0.053764,0.122801,0.074700,-0.001427,0.164284,-0.018918,-0.018842,-0.038975,-0.015030,-0.005067,-0.029770,0.082569,-0.027458,0.081045,0.230177,0.000480,0.104960,0.028550,-0.049815,0.015060,-0.009884,-0.117330,-0.061063,-0.034501,-0.190935,0.020839,0.031587,-0.165660,0.000180,0.053953,-0.074611,0.191802,-0.072814,0.110501,0.070565,0.123557,0.080970,0.157755,0.108538,-0.178299,0.013758,-0.006578,0.274886,0.037757,-0.076168,0.040713,0.115861,-0.001129,0.083071,0.095707,0.264811,0.009434,0.021361,-0.024387,-0.164936,0.010876,0.059071,0.030344,0.149376,0.045841,0.019839,-0.020428,-0.033974,-0.088198,0.187558,0.102819,0.013369,0.022083,-0.119694,-0.006214,0.004912,-0.036225,-0.013672,-0.071581,-0.066745,0.036584,0.015136,-0.056516,-0.059200,0.022788,0.205567,0.085646,0.113614,-0.114546,0.042671,0.043006,-0.195707,0.009278,0.000247,0.000420,-0.044522,-0.038677,-0.062485,0.084685,0.140869,-0.121416,0.151763,0.011476,0.175574,0.058684,-0.006096,0.115963,0.054762,0.173519,-0.129288,0.205967,-0.039072,0.137766,0.011203,-0.009923,0.113971,0.237017,0.135247,0.115997,0.044491,-0.058628,-0.127066,0.133727,-0.076019,-0.049706,0.007656,-0.002440,0.108337,0.092791,-0.055352,0.168246,-0.081879,0.068951,0.225587,0.199784,0.129799,-0.009810,-0.047060,0.080397,#
17,0.053576,-0.017912,0.118166,-0.047883,-0.039487,0.006715,0.130356,0.169851,-0.009632,0.146903,0.051965,-0.019661,-0.080895,0.042580,0.102495,0.082651,0.095243,1.000000,0.094990,0.068887,0.027117,-0.009682,0.006572,-0.197373,0.192545,0.115897,-0.010173,-0.004195,0.014648,-0.003893,0.059312,0.158848,-0.057214,-0.082211,-0.159994,-0.257900,-0.037179,0.191936,0.093919,0.072027,0.178169,0.083599,-0.020599,-0.023113,-0.052090,0.145088,0.043165,0.074986,0.038635,0.013882,-0.093405,-0.070308,0.106803,-0.058943,0.087103,0.041014,0.071478,-0.023397,0.016269,0.116542,0.098855,-0.045635,0.212990,-0.075116,-0.053771,-0.077602,0.262706,-0.037760,-0.042180,-0.150399,0.140865,-0.060796,-0.066475,0.167954,0.164136,-0.010754,-0.097624,0.106801,0.130840,-0.012870,0.057663,0.174860,0.014076,0.168938,-0.123599,-0.005316,0.185934,-0.045383,-0.059977,0.043277,-0.064739,-0.042123,0.161787,0.021685,0.169911,0.040397,-0.023246,0.003494,0.108715,0.175294,-0.122332,-0.168821,-0.095612,-0.144778,0.002166,0.065867,-0.086537,-0.018425,0.024705,0.098557,0.143568,-0.069813,0.091830,0.112995,0.206254,-0.013567,-0.114612,-0.016606,0.044657,0.167636,0.028494,0.030292,-0.050079,-0.145627,0.026972,-0.008503,0.003173,0.141855,-0.033867,0.009816,0.036503,0.110034,0.122016,-0.008275,0.022928,0.045285,0.148989,0.043879,-0.045842,0.182738,-0.078784,0.045041,0.112995,0.068787,0.139531,0.017227,-0.059339,0.001964,0.015767,-0.020117,0.093887,0.032196,-0.055349,0.091871,-0.002646,0.034287,0.119616,-0.182590,-0.005058,0.068167,-0.042300,-0.033883,0.126868,-0.084235,-0.083167,-0.123692,-0.043888,-0.115232,0.061146,-0.001860,0.101027,0.010000,0.077137,-0.097394,0.052594,0.031655,0.085406,0.088019,0.050867,0.211365,0.013653,0.056758,-0.068797,0.087293,-0.010868,-0.038379,0.104029,0.046484,-0.041980,-0.016217,0.018900,0.019625,-0.089802,-0.016679,-0.155285,0.168544,-0.022653,-0.097100,0.022428,-0.172472,#
18,0.015900,0.127503,0.066458,-0.127101,-0.141571,0.107348,-0.003538,0.094333,-0.179066,-0.154224,0.089000,0.008566,0.103050,0.057963,-0.183417,0.012440,0.221865,0.094990,1.000000,0.065613,-0.000389,-0.048011,-0.012314,-0.039853,-0.054336,0.043331,-0.024810,-0.032569,-0.030822,0.067055,-0.129144,0.116417,0.020726,0.020577,0.038663,0.020243,-0.025750,0.214230,0.008441,0.046858,0.120144,-0.057156,0.197102,-0.093071,-0.004062,-0.003361,0.057595,0.263910,0.026967,-0.013186,-0.048197,0.109105,0.164031,-0.082363,0.022526,0.086503,0.004881,-0.021517,0.037688,0.152335,0.035384,0.144574,-0.007337,-0.050819,0.113677,-0.083025,0.049117,-0.100705,-0.156412,0.027227,0.089465,-0.105698,-0.018969,0.043268,0.084697,-0.039980,-0.150276,0.139497,-0.065178,-0.123631,0.051722,0.004913,0.131067,-0.031521,0.117388,0.266357,-0.283188,0.058404,0.020151,-0.054400,-0.018659,0.002341,-0.054327,-0.059437,0.086044,0.031752,0.002756,0.051000,0.031772,0.036913,0.001332,0.010219,0.039102,-0.047755,0.076737,0.126498,-0.087787,0.173436,0.088882,-0.025517,0.104689,-0.063276,-0.016757,-0.058033,0.038658,0.008487,-0.008217,-0.091004,0.125132,0.017970,0.152095,-0.038941,-0.097315,-0.041981,0.194380,-0.092351,0.155396,0.129529,-0.011139,0.018994,-0.066930,0.011264,0.054219,-0.097405,-0.078048,-0.002812,0.053627,0.068555,0.071209,-0.068815,-0.140436,0.071626,-0.089246,-0.040602,0.121063,-0.008279,0.145609,0.055416,0.123923,-0.015040,-0.007826,-0.118900,0.084287,0.063129,0.133589,0.188512,0.049683,-0.122010,-0.148924,-0.180162,0.147644,0.065652,0.096626,-0.049088,-0.022072,-0.123117,0.116258,-0.031950,-0.049484,0.133684,0.123960,0.063736,-0.015567,0.183132,0.095606,-0.018221,-0.002538,0.017191,-0.104062,0.015350,-0.024720,-0.004943,-0.099232,0.046302,-0.029999,-0.111049,0.055345,-0.020767,-0.063694,0.014515,-0.013125,0.168343,-0.077406,0.169025,0.104640,0.069516,-0.078668,0.194333,-0.037193,0.135638,#
19,0.120063,-0.086314,0.097454,-0.012934,0.008684,0.247885,-0.056572,0.116394,0.157667,-0.073874,-0.042314,0.024808,-0.102948,-0.070978,0.097064,-0.067900,0.210706,0.068887,0.065613,1.000000,0.059529,-0.154149,-0.069535,0.015541,0.183077,0.106006,0.021738,-0.010903,-0.215103,0.156521,-0.002195,0.143886,0.180272,0.025773,0.135083,0.140358,0.129057,0.160792,0.102323,0.079900,0.140609,0.090445,0.050615,-0.070081,-0.103555,0.068463,-0.000018,-0.021261,0.105427,0.166196,0.094003,0.018348,0.166335,0.098441,0.070411,0.132511,-0.019608,-0.069025,-0.042796,0.002631,0.007133,0.002000,0.145890,0.070390,0.077616,0.004868,0.220673,0.077093,0.183371,-0.013282,0.134206,-0.031430,0.054033,-0.000597,-0.031939,0.120188,-0.124543,0.064810,-0.053672,-0.170020,0.247879,-0.031096,-0.025133,0.036462,0.076942,0.018788,-0.044025,-0.039449,0.124766,0.020818,-0.025198,0.044131,-0.126635,-0.048158,0.031249,-0.064066,-0.013501,0.306326,0.046593,0.225870,-0.040322,-0.129709,0.054891,0.094705,0.055136,-0.086332,0.041544,-0.097059,0.016614,-0.090202,0.033060,-0.044796,0.056117,-0.029137,-0.145909,-0.064541,0.110519,0.031784,0.219718,-0.063741,0.078568,-0.075844,0.091042,0.093782,0.070065,0.082793,-0.002972,0.125292,0.044521,-0.044656,0.178689,0.206537,0.079639,0.015213,-0.196153,0.035384,-0.049456,0.104089,0.019594,-0.072102,-0.014771,0.084273,-0.175053,-0.169015,0.035545,-0.076929,0.001728,0.049820,0.189615,-0.018823,0.012821,-0.064097,-0.044023,0.151901,0.199401,0.045372,0.211146,-0.118177,0.106376,0.027442,0.126806,0.084374,-0.020567,0.179848,0.301780,0.212924,-0.047333,0.078248,-0.021341,0.000855,0.005314,0.171054,0.081306,0.153453,0.127737,-0.037267,0.130901,0.046803,0.143903,0.024262,-0.009881,0.138457,0.054639,-0.022713,0.073683,-0.018311,-0.067521,-0.004057,0.000374,0.180777,0.108314,0.139822,-0.093900,0.061594,0.061909,-0.001152,0.094962,-0.079923,-0.010175,-0.036948,#
20,-0.074228,0.248789,0.118620,0.222323,0.143409,0.076725,-0.066532,0.137630,0.139278,0.061328,-0.058493,0.016300,0.043841,0.107628,-0.130012,-0.067146,0.231394,0.027117,-0.000389,0.059529,1.000000,-0.018533,0.028676,0.110258,0.165237,0.247250,-0.154386,-0.030808,0.121302,-0.016684,0.209253,0.145435,0.221534,0.109590,0.012672,0.077066,-0.110786,0.089864,-0.113531,0.095240,0.191788,0.008511,0.034557,-0.190776,0.199849,-0.150164,0.108713,-0.001603,-0.003880,-0.006823,0.085580,0.074631,0.104860,0.014275,0.151892,-0.067449,-0.293585,-0.037319,0.101568,0.091678,0.090349,0.022643,0.119586,0.032941,0.007796,0.235539,0.188094,0.067605,0.009100,-0.013024,0.032315,0.085323,0.140708,0.078836,-0.198616,-0.032302,0.142149,0.007195,0.091190,0.042136,0.097411,0.051531,0.113435,-0.144896,0.040745,0.172725,0.057206,0.127318,0.076712,0.093142,0.028225,0.056753,0.078590,0.050040,0.005061,0.096691,0.088818,0.043965,0.085056,0.029642,0.236143,-0.082482,0.008576,0.207401,0.056214,0.063279,0.224464,-0.047691,0.029759,0.188055,0.007679,0.176792,-0.051051,-0.066884,0.050664,0.012468,0.194336,0.050541,-0.059744,-0.067010,-0.083760,0.069739,0.106224,0.118121,0.039082,0.122329,-0.008657,0.040959,-0.008572,0.113247,0.155127,0.067392,0.226128,0.010197,-0.090899,0.161410,-0.039458,0.073162,0.036708,0.057945,-0.083516,0.133498,-0.032986,-0.132358,-0.047467,-0.051793,0.173643,0.030749,-0.057854,-0.110091,0.117289,0.078869,-0.094724,0.111504,-0.016301,0.086131,0.055899,0.112846,0.039564,0.072759,0.145723,-0.004280,0.120598,0.057643,0.041806,0.132365,0.069029,0.206548,0.017866,-0.060159,0.240270,-0.036328,-0.010198,0.035768,0.041304,0.019524,0.062480,0.128222,0.048811,0.120163,0.136116,0.083138,0.024762,0.055123,0.073865,0.137994,-0.039910,-0.069593,0.054202,0.085963,0.092951,0.160697,0.236194,0.064933,0.214795,0.173165,0.107587,0.042649,0.039188,0.035208,#
