0,1.000000,0.119726,0.312522,0.111519,0.212828,0.151608,0.182883,0.077270,0.221836,0.178039,0.269637,0.136657,0.160067,0.039983,0.313574,0.215694,0.218647,0.304969,0.256437,0.314803,0.291148,0.279463,0.169825,0.301318,0.234833,0.179047,0.271317,0.206092,0.322801,0.306215,0.115491,0.191513,0.147030,0.181872,0.070240,0.274906,0.180438,0.174396,0.358821,0.345594,0.241654,0.256441,0.094970,0.305833,0.109356,0.229404,0.208904,0.281582,0.200883,0.325965,0.236370,0.125282,0.234088,0.179979,0.268849,0.238434,0.276732,0.267769,0.162069,0.209205,0.297648,0.155488,0.228855,0.130236,0.189926,0.171869,0.183534,0.194315,0.186141,0.206159,0.310252,0.214736,0.330549,0.199799,0.135003,0.002458,0.248119,0.257087,0.188046,0.085294,0.263643,0.126651,0.130471,0.268309,0.264649,0.198668,0.272233,0.199846,0.420292,0.070530,0.223390,0.098043,0.171250,0.231071,0.300471,0.225267,0.367834,0.226537,0.238282,0.285734,0.279951,0.292882,0.163155,0.282685,0.228755,0.202702,0.286699,0.166187,0.121994,0.061777,0.085504,0.153881,0.233183,0.271237,0.126816,0.113141,0.332389,0.208680,0.173762,0.164661,0.344813,0.286177,0.269918,0.227531,0.164685,0.332872,0.253812,0.075555,0.148509,0.221687,0.280911,0.280928,0.327975,0.222665,0.189484,0.072461,0.268654,0.123316,0.248655,0.370111,0.196539,0.179939,0.159020,0.150776,0.202838,0.255264,0.180037,0.160537,0.320193,0.165149,0.118794,0.174690,0.304291,0.148667,0.136350,0.192157,0.094710,0.129459,0.273678,0.278104,0.183586,0.373058,0.092151,0.088097,0.315592,0.003701,0.247918,0.238313,0.203803,0.216607,0.390302,-0.055607,0.301551,0.332771,0.068010,0.219966,0.300336,0.257238,0.232049,0.158598,0.217480,0.345810,0.029437,0.049005,0.239928,0.159544,0.330817,0.348785,0.283115,0.093495,0.218221,0.224088,0.157355,0.181473,0.352953,0.060487,0.046648,0.254771,0.420143,0.325201,#
1,0.119726,1.000000,0.174114,0.297871,0.390496,0.167849,0.271090,0.161405,0.214966,0.108772,0.366079,0.290537,0.214241,0.259773,0.117318,0.017159,0.197238,0.250571,0.183340,0.254799,0.166459,0.309160,0.190909,0.286114,0.292244,0.301322,0.352272,0.396509,0.197356,0.264127,0.292152,0.311895,0.250118,0.242815,0.062123,0.106635,0.157288,0.237789,0.369349,0.167590,0.136281,0.244895,0.274011,0.280411,0.203653,0.304424,0.355644,0.328946,0.079484,0.177733,0.309534,0.202340,0.344736,0.156586,0.165254,0.294480,0.264064,0.252914,0.344845,0.266068,0.197349,0.260013,0.229828,0.266087,0.186939,0.227697,0.041912,0.230715,0.348418,0.214765,0.211124,0.189713,0.394210,0.088301,0.284252,0.117228,0.287243,0.240831,0.323465,0.176553,0.194034,0.405759,0.284776,0.312226,0.198908,0.016448,0.335419,0.162260,0.297808,0.367191,0.244396,0.354154,0.156989,0.274347,0.160740,0.213329,0.179802,0.170590,0.149108,0.104912,0.275426,0.147557,0.206977,0.264116,0.228453,0.215693,0.206848,0.321442,0.107226,0.285953,0.374254,0.189226,0.167568,0.276318,0.282263,0.243198,0.300424,0.192309,0.229717,0.269319,0.178194,0.202079,0.355701,0.259788,0.264253,0.291620,0.194045,0.180140,0.134125,0.225863,0.222953,0.248166,0.213826,0.295263,0.423099,0.330308,0.182360,0.257248,0.219456,0.324089,0.236118,0.056381,0.156223,0.207315,0.273152,0.273981,0.236017,0.147676,0.231993,0.257373,0.070134,0.226184,0.211056,0.083647,0.256081,0.253660,0.272605,0.137903,0.141057,0.031465,0.046751,0.341096,0.201749,0.199068,0.249915,0.151582,0.141323,0.206190,0.279309,0.370489,0.269227,0.264995,0.198921,0.187122,0.218374,0.161885,0.083396,0.304066,0.247311,0.138821,0.125763,0.218526,0.208245,0.091963,0.294349,0.173208,0.190491,0.254221,0.193693,0.230885,0.352421,0.176875,0.186207,0.195901,0.331113,0.253542,0.043802,0.218570,0.155235,0.125210,#
2,0.312522,0.174114,1.000000,0.273895,0.198190,0.127321,0.296879,0.188182,0.046220,0.127890,0.112455,0.351157,0.165390,0.259397,0.151432,0.258044,0.207883,0.118468,0.226739,0.208581,0.361713,0.389806,0.188841,0.255446,0.319216,0.313274,0.378238,0.233816,0.202126,0.298382,0.164342,0.089339,0.078479,0.174617,0.043469,0.192169,0.178420,0.144005,0.203269,0.212194,0.290602,0.341988,0.259920,0.182019,0.149141,0.332361,0.126257,0.313430,0.115351,0.273064,0.322735,0.366619,0.301022,0.158339,0.034169,0.216418,0.172016,0.201102,0.143308,0.284565,0.015121,0.238648,0.307592,0.227829,0.265533,0.266816,0.076847,0.091575,0.246221,0.385950,0.129584,0.154675,0.172445,0.131029,0.262962,0.127065,0.278577,0.271099,0.209461,0.148126,0.334053,0.049894,0.109368,0.258501,0.172645,0.144865,0.357350,0.195651,0.219192,0.162872,0.183467,0.244680,0.290348,0.194049,0.197289,0.117915,0.275107,0.222114,0.272233,0.185591,0.325832,0.254156,0.128398,0.267070,0.161620,0.218770,0.230407,0.202079,0.165841,0.277738,0.213995,0.192865,0.310925,0.188631,0.186423,0.282904,0.183243,0.261612,0.048108,0.124717,0.191579,0.310995,0.205891,0.149970,0.196172,0.221028,0.281618,0.175474,0.111782,0.215109,0.188771,0.307132,0.217280,0.111701,0.277720,0.297684,0.164057,0.212372,0.073561,0.123633,-0.018554,0.127571,0.262750,0.156109,0.327495,0.199081,0.223385,0.217073,0.316656,0.180423,0.162298,0.375596,0.274293,0.210559,0.086137,0.156079,0.029687,0.104394,0.150200,0.142015,0.236053,0.313500,0.218427,0.268920,0.277393,0.094819,0.141612,0.268115,0.057873,0.219582,0.099203,0.239811,0.114589,0.103885,0.218022,0.168731,0.362784,0.145778,0.248453,0.232407,0.306283,0.208223,0.010041,0.291134,0.031699,0.209653,0.145299,0.148173,0.323731,0.025450,0.109930,0.236845,0.405793,0.115816,0.248684,0.046508,0.058699,0.239581,0.272295,0.219204,#
3,0.111519,0.297871,0.273895,1.000000,0.309593,0.119723,0.320492,0.236178,0.174121,0.124187,0.232179,0.366438,0.143852,0.268703,0.171927,0.211422,0.243169,0.266926,0.175046,0.236653,0.260631,0.244103,0.238111,0.354418,0.362192,0.234749,0.263329,0.179121,0.253458,0.221406,0.287405,0.407677,0.345504,0.270189,-0.005333,0.258049,0.380764,0.398491,0.382371,0.177503,0.292212,0.369818,0.262502,0.404668,0.140208,0.338082,0.339468,0.323522,0.076301,0.286399,0.330457,0.215915,0.311597,0.115326,0.103641,0.370611,0.214497,0.248239,0.232377,0.342866,0.139697,0.136602,0.211292,0.220116,0.308765,0.334904,0.151026,0.304247,0.196618,0.269719,0.243327,0.116275,0.309856,0.161805,0.329230,0.330460,0.310346,0.278014,0.327473,0.085671,0.320337,0.306183,0.199454,0.295940,0.312649,0.216581,0.326899,0.139463,0.320757,0.326436,0.217101,0.295795,0.270753,0.362846,0.151623,0.281233,0.344072,0.179914,0.350451,0.237368,0.357739,0.197411,0.287286,0.286024,0.327371,0.294573,0.211324,0.153280,0.122729,0.238316,0.273670,0.168144,0.224149,0.226711,0.107405,0.184190,0.325060,0.142886,0.260351,0.194718,0.330595,0.233489,0.239664,0.408041,0.215918,0.175042,0.305127,0.202429,0.131843,0.271405,0.239563,0.315481,0.324534,0.296455,0.282234,0.210699,0.118962,0.159725,0.392632,0.249195,0.252000,0.268050,0.184357,0.296487,0.283406,0.088028,0.309983,0.311215,0.240232,0.229865,0.138560,0.226341,0.150023,0.177227,0.194264,0.159057,0.154883,0.249771,0.174332,0.287701,0.265757,0.329124,0.365284,0.385177,0.331160,0.168905,0.300805,0.234471,0.129837,0.240335,0.356816,0.177395,0.179914,0.026496,0.122972,0.216345,0.247579,0.285380,0.157381,0.229159,0.262861,0.394435,0.314844,0.223735,0.051831,0.183104,0.146146,0.257465,0.065325,0.220950,0.139268,0.309927,0.378745,0.146534,0.162245,0.271419,0.205504,0.329649,0.245467,0.228347,#
4,0.212828,0.390496,0.198190,0.309593,1.000000,0.112078,0.286565,0.158707,0.245006,0.005953,0.120089,0.151378,0.281506,0.236347,0.053884,0.133239,0.098245,0.153604,0.281803,0.298002,0.239503,0.264540,0.276001,0.291858,0.242147,0.391094,0.145070,0.268995,0.218365,0.069184,0.092583,0.169713,0.225973,0.175631,0.004901,0.153925,0.240140,0.241404,0.123754,0.121381,0.309736,0.333106,0.174142,0.159911,0.394389,0.124994,0.284064,0.320230,0.192572,0.244058,0.164553,0.131365,0.236571,0.195462,0.208827,0.331355,0.189308,0.222022,0.295197,0.222097,0.292004,0.192786,0.121676,0.025552,0.095684,0.098572,0.229026,0.086291,0.209197,0.168418,0.235690,0.146957,0.288613,0.119913,0.110335,-0.116299,0.183471,0.271546,0.187794,0.072996,0.292782,0.304080,0.036507,0.140170,0.286111,0.134248,0.237635,0.224337,0.346886,0.382083,0.201952,0.216182,0.064758,0.243074,0.034479,0.247073,0.208686,0.264988,0.265999,0.172641,0.232400,0.056974,0.214192,0.294903,0.258523,0.176055,0.045307,0.209526,0.041794,0.216922,0.443630,0.060987,0.193302,0.443422,0.204752,0.037172,0.202401,-0.110684,0.173259,0.016570,0.205139,0.230314,0.323219,0.086878,0.225167,0.178708,0.275351,0.130195,0.123298,0.135577,0.150038,0.138455,0.192128,0.167367,0.282031,0.128223,0.250240,-0.059390,0.130020,0.266206,0.290129,-0.065651,0.045481,0.199388,0.214377,0.246413,0.216773,0.130303,0.252997,0.214735,0.174973,0.070814,0.175268,0.227893,0.044493,0.162175,0.321383,0.196444,0.126887,0.218849,0.112626,0.171706,0.097393,0.273986,0.126108,0.253029,0.082225,0.145075,0.055847,0.258752,0.220113,0.123991,0.133329,0.083499,0.265422,0.137393,0.272696,0.199243,0.187107,0.083092,0.011492,0.062950,0.227105,0.180600,0.092619,0.072533,0.158017,0.405690,0.193156,0.150819,0.127038,0.111770,0.258178,0.122370,0.097096,0.274451,0.191560,0.404504,0.183204,0.183030,#
5,0.151608,0.167849,0.127321,0.119723,0.112078,1.000000,0.210120,0.050484,0.145076,0.256392,0.145346,0.131957,0.195047,0.029014,0.217872,0.122676,0.193184,0.151538,0.105575,-0.046011,0.241930,0.176456,0.124961,0.266631,0.191085,0.154536,0.208923,0.234721,0.166925,0.184569,0.075335,0.276898,0.220156,0.172504,0.010793,-0.045834,0.257227,0.020937,0.162874,0.232821,0.136841,0.256946,0.015205,0.346375,0.043669,0.184946,0.058597,0.072240,0.075754,0.298767,0.187880,0.157142,0.183658,-0.016338,0.081952,0.124122,-0.013033,0.212394,0.268640,0.135070,0.153286,0.185527,0.172003,0.040632,0.165470,0.176915,0.187040,0.033100,0.084714,0.090622,0.217761,0.179653,0.158463,0.282457,0.166741,0.041024,0.213943,0.106812,0.133272,0.159846,0.092088,0.162183,0.235719,0.047021,0.050678,0.177043,0.051305,0.087672,0.220529,0.105132,0.074782,0.259850,0.036853,0.143641,0.088851,0.072843,0.075043,0.071573,0.178221,-0.023086,0.147181,0.275901,0.121897,0.193898,0.094806,0.120422,0.033203,0.182649,0.104740,0.115933,0.266987,0.021796,0.245599,0.104405,0.130371,0.046420,0.238222,0.191971,0.102429,0.098115,0.026329,0.162403,0.047805,0.118899,0.025689,0.127929,-0.080475,-0.033565,0.344302,0.260858,0.101420,0.243189,0.179281,0.130251,0.296383,0.220665,-0.010107,0.039993,0.083789,0.045909,0.166425,0.100550,0.076785,0.167955,0.051039,0.034805,0.176146,0.095272,-0.058280,0.153286,0.172576,0.014397,0.164194,0.266890,0.106685,0.140983,0.199814,0.018501,0.322482,-0.043110,0.078391,0.143912,0.138245,0.073566,0.103235,-0.094145,-0.000194,0.158904,0.206593,0.287421,0.126001,0.083116,0.146572,0.072968,-0.027179,0.120196,0.194306,0.154543,0.234048,-0.010804,0.150541,0.143163,0.238018,0.087713,0.179599,0.230443,0.184256,0.090392,0.095674,0.143633,0.117234,0.049469,0.200319,0.134058,0.315960,0.094130,-0.029674,0.277203,0.029373,0.222163,#
6,0.182883,0.271090,0.296879,0.320492,0.286565,0.210120,1.000000,0.225904,0.125891,0.034525,0.240161,0.160713,0.034013,0.262758,0.102577,0.150712,0.198348,0.229598,0.270981,0.279842,0.209189,0.250422,0.130468,0.156806,0.131865,0.234029,0.221976,0.275247,0.359640,0.178467,0.171455,0.252511,0.247274,0.204734,0.040604,0.089297,0.184918,0.245687,0.292885,0.283475,0.249353,0.221084,0.028698,0.230467,0.130365,0.269743,0.286692,0.392582,0.138448,0.384471,0.219141,0.317819,0.281053,0.158211,0.043641,0.270056,0.147472,0.260549,0.326306,0.407005,0.158040,0.205149,0.158594,0.261022,0.230636,0.384166,0.267346,0.250796,0.287115,0.218877,0.239888,0.231460,0.343525,0.026030,0.274555,0.159570,0.219902,0.320018,0.279499,0.142148,0.271807,0.334019,0.334968,0.218840,0.303726,0.229233,0.177894,0.227571,0.266054,0.315827,0.298083,0.147634,0.152563,0.273250,0.180468,0.322403,0.215679,0.197111,0.300814,0.239933,0.367292,0.304262,0.154245,0.205396,0.054803,0.336697,0.055995,0.183260,0.176641,0.213267,0.273064,0.258043,0.249815,0.157562,0.219798,0.161941,0.281469,0.141065,0.231131,0.229852,0.213206,0.321026,0.162234,0.156408,0.245854,0.140990,0.123978,0.297880,0.138697,0.371974,0.231852,0.164290,0.342905,0.089860,0.404475,0.202111,0.156076,0.310338,0.202765,0.181291,0.100539,-0.012158,0.035280,0.370552,0.102195,0.268589,0.258747,0.132711,0.220264,0.075903,0.317851,0.168926,0.290062,0.185485,0.211722,0.203159,0.075456,0.241270,0.282766,0.165938,0.144398,0.311808,0.258432,0.241755,0.280241,0.098282,0.141625,0.237895,0.275851,0.312917,0.085421,0.117911,0.223191,0.122128,0.216617,0.269083,0.182172,0.262710,0.332298,0.071406,0.002003,0.200249,0.188587,0.366351,0.303183,0.272552,0.198863,0.272342,0.272517,0.278886,0.133771,0.165589,0.327910,0.211822,0.175307,0.113990,0.180496,0.307018,0.163820,0.277985,#
7,0.077270,0.161405,0.188182,0.236178,0.158707,0.050484,0.225904,1.000000,0.069614,0.256897,0.205445,0.352408,0.039416,0.243945,0.148926,0.233824,0.101756,0.305297,0.228015,0.253095,0.232697,0.284447,0.314826,0.123409,0.341017,0.134470,0.293466,0.358028,0.217745,0.147271,0.234214,0.216379,0.281503,0.191584,0.036200,0.256792,-0.002384,0.140040,0.239026,0.200323,0.196107,0.275149,0.242252,0.152954,0.180957,0.264679,0.138767,0.274048,0.211865,0.240732,0.282561,0.227604,0.140477,0.114600,0.129010,0.237239,0.243016,0.249607,0.212510,0.274196,0.210547,0.053111,0.242021,0.191708,0.307889,0.206865,0.193320,0.130017,0.175066,0.283599,0.240498,0.086000,0.357303,0.187911,0.142075,0.143152,0.198953,0.269103,0.225980,0.324108,0.209111,0.260859,0.295577,0.227492,0.252937,0.152468,0.264896,0.008385,0.241088,0.350340,0.192769,0.194635,0.201786,0.217504,0.054746,0.262994,0.160252,0.181322,0.112848,0.000788,0.266889,0.137767,0.169532,0.170897,0.034620,0.355657,0.350840,0.055300,0.196994,0.161265,0.193815,0.159546,0.030757,0.190082,0.321505,0.192610,0.057316,0.159523,0.213790,0.247320,0.240625,0.239851,0.145967,0.207526,0.242156,0.127322,0.211980,0.276793,0.148601,0.168053,0.067784,0.232080,0.255763,0.172500,0.438506,0.152506,0.048098,0.417967,0.239198,0.260154,0.304509,0.175280,-0.039585,0.226622,0.220799,0.143879,0.309342,0.170830,0.084684,0.183191,0.204566,0.303296,0.081489,0.038160,-0.036043,0.276267,0.239594,0.259022,0.207336,0.272290,0.123207,0.265326,0.177820,0.189176,0.130606,0.130444,0.374412,0.206866,0.281123,0.241488,0.175749,0.146856,0.183584,0.063350,0.193149,0.120634,0.171473,0.133684,0.061712,0.266959,0.108434,0.179476,0.123920,0.194540,-0.070090,0.167962,0.154916,0.217533,0.153583,0.294437,0.202300,0.123066,0.310547,0.219538,0.104249,0.200118,0.085930,0.206853,0.300646,0.162858,#
8,0.221836,0.214966,0.046220,0.174121,0.245006,0.145076,0.125891,0.069614,1.000000,0.057862,0.221089,0.176836,0.173829,0.115762,0.304159,0.107584,0.025459,0.018493,0.082004,0.144031,0.260059,0.113941,-0.003880,0.226063,0.106815,0.118762,0.142162,0.221440,0.094954,0.092193,-0.023926,0.225607,0.146775,0.128351,0.026910,0.199658,0.294457,0.087227,0.192871,0.256503,0.169403,0.169384,-0.043996,0.164839,0.339751,0.222909,0.141922,0.195255,0.051935,0.126870,0.004446,0.237842,0.125532,0.326853,0.200094,0.212169,0.165018,0.188453,0.112835,0.247439,0.181497,0.025210,0.192193,0.031037,0.187722,0.224094,0.134070,0.143018,0.311692,0.154128,0.027815,0.194189,0.261988,0.067202,0.057159,-0.043329,0.128446,0.102389,0.151013,-0.033357,0.179946,0.173807,0.197793,0.072690,0.222931,0.139040,0.104972,0.108137,0.316225,0.209713,0.142038,0.194293,0.124732,0.098794,0.280817,0.309744,0.178589,0.211515,0.163062,0.044754,0.208545,0.042125,0.114952,0.166685,0.214005,0.071678,0.250176,0.076395,-0.016182,0.199798,0.051321,0.101268,-0.014157,0.184381,0.066706,0.234093,0.191981,0.136773,0.043539,0.229162,0.263317,0.077216,0.154592,0.143192,0.211484,0.295638,0.121683,0.230040,0.065283,0.133209,0.160930,0.118787,0.126967,0.146407,0.228185,0.169697,0.083649,0.193706,0.348541,0.221131,0.250632,0.167751,0.167851,0.077082,0.085168,0.053121,0.232165,0.190255,0.057525,0.144292,0.229621,0.093992,0.136853,0.114104,0.265533,0.245672,0.128797,0.110737,0.110743,0.222787,-0.002780,0.212485,-0.022034,0.192578,0.161142,0.119958,0.202855,0.134419,0.126736,0.125964,0.226615,-0.055248,0.077129,0.200143,0.050014,0.103600,0.062914,0.216478,0.284160,0.101697,0.116638,0.178176,-0.068610,0.201503,0.162623,0.122496,-0.045279,0.017751,0.218645,0.152384,0.130382,0.132652,0.215602,0.098513,0.171756,0.069950,0.087666,-0.045598,0.041709,0.106210,#
9,0.178039,0.108772,0.127890,0.124187,0.005953,0.256392,0.034525,0.256897,0.057862,1.000000,0.234946,0.160293,0.024949,0.130818,0.141293,0.139304,0.071593,-0.013487,-0.013546,0.195129,0.125140,0.099119,0.186075,0.073782,0.127531,0.126827,0.335278,0.211735,0.197666,0.028009,0.297762,0.277723,0.131168,0.195739,0.148253,0.134346,0.032573,0.209888,0.137808,0.106314,0.222026,0.273780,0.072442,-0.022707,0.059247,0.236113,0.045669,0.188350,0.055458,0.042729,0.188450,0.260637,0.141640,0.110061,0.167402,0.174010,0.206752,0.212373,0.123908,0.066896,0.133241,0.102875,0.268123,0.124398,0.215665,0.181796,-0.066608,0.024243,0.174730,-0.015161,0.181027,0.167896,0.184870,0.150615,0.200657,0.122080,0.184357,0.126174,0.300687,0.139704,-0.015075,0.269071,0.003078,0.148832,0.151523,0.208015,0.279514,0.083984,0.006338,0.054892,0.009156,0.240605,0.085594,0.053992,0.108846,0.132992,0.218061,0.133882,0.081644,-0.002429,0.192268,0.278711,0.263382,0.142623,0.197658,0.140006,0.122851,0.055981,0.183623,0.080757,0.114809,0.083696,0.063977,0.248113,0.049906,0.188475,0.190681,0.235971,0.317891,-0.003157,0.265721,0.214961,0.109551,0.277414,0.115794,0.288015,-0.037304,0.174846,0.150204,0.139278,0.136518,0.178653,0.045431,0.174025,0.195336,0.091709,0.149052,0.226446,0.185600,0.046648,0.096939,0.301532,0.011621,0.076291,0.097680,-0.016208,0.262917,0.129018,0.088215,0.332960,0.085233,-0.006116,0.351666,0.112279,0.038741,0.239814,0.235295,0.191517,0.359297,0.030463,0.139583,0.120037,0.001495,0.267000,0.117177,0.016882,0.139261,0.200026,0.388859,0.142058,0.137881,0.144600,0.230085,0.116746,-0.036001,0.142097,0.258625,-0.007585,0.064105,0.181845,0.030767,0.180707,0.253563,0.137940,0.070563,0.155206,0.179372,0.281998,0.196590,0.166934,0.130442,0.137098,0.140111,0.197755,0.158811,0.137811,0.099109,0.070112,0.176242,0.190842,#
10,0.269637,0.366079,0.112455,0.232179,0.120089,0.145346,0.240161,0.205445,0.221089,0.234946,1.000000,0.089786,0.007001,0.216185,0.212495,0.020977,0.123074,0.179267,0.308351,0.198641,0.066441,0.196923,0.052150,0.121080,0.181901,0.070186,0.291265,0.253962,0.238837,0.202908,0.306843,0.283713,0.198018,0.146953,0.034126,0.210486,0.008269,0.281848,0.302284,0.189961,0.077298,0.159849,0.143611,0.087894,-0.011685,0.149552,0.134584,0.248186,0.230159,0.155422,0.075601,0.249734,0.115482,0.104055,0.096456,0.235446,0.119421,0.189362,0.157848,0.199337,0.009654,0.213024,0.217497,0.216697,0.241490,0.282682,0.080067,0.052860,0.149524,0.159261,0.217924,0.157897,0.321679,0.157013,0.063186,0.133612,0.292213,-0.003344,0.204712,0.118425,0.055282,0.222547,0.213540,0.213603,0.161991,0.049261,0.278786,0.060048,0.252541,0.165280,0.011332,0.088755,0.223853,0.073469,0.140369,0.183861,0.231109,0.033230,0.172317,0.119358,0.212752,0.161385,0.128987,0.159878,0.212078,0.109227,0.243780,0.217187,0.092658,0.168358,0.044948,0.182831,0.038958,0.139827,0.262471,0.268737,0.148074,0.079250,0.219890,0.029333,0.081548,0.181080,0.173962,0.206716,0.181630,0.210193,-0.010729,0.183495,0.103963,0.257418,0.335672,0.159127,0.194627,0.097342,0.227438,0.221156,0.086628,0.286067,0.112173,0.215747,0.216871,0.151422,0.201088,0.181645,0.066567,0.056520,0.034641,0.112783,0.092845,0.230661,0.093956,0.199515,0.303677,0.045582,0.188267,0.196330,0.183913,0.024830,0.296814,0.205448,0.157171,0.211132,0.236935,0.174896,0.189372,0.049219,0.219514,0.211518,0.206758,0.189829,0.265039,0.111074,0.111329,0.121603,0.106024,0.055266,0.152264,0.149239,0.259307,0.210285,0.215528,0.141710,0.229756,0.008280,0.132008,0.150295,0.064532,0.130501,0.194814,0.164703,0.234879,0.135214,0.142919,0.127718,0.274324,0.175960,0.082748,0.241867,0.302182,0.285657,#
11,0.136657,0.290537,0.351157,0.366438,0.151378,0.131957,0.160713,0.352408,0.176836,0.160293,0.089786,1.000000,0.185335,0.104919,0.050830,0.179372,0.187256,0.245108,0.198739,0.029269,0.194024,0.267295,0.110612,0.248986,0.372431,0.231746,0.145998,0.315434,-0.049320,0.209408,0.223933,0.276357,0.215209,0.271139,0.006923,0.172694,0.161245,0.175387,0.241250,0.147297,0.256736,0.342723,0.278616,0.407667,0.057750,0.354182,0.184059,0.244221,0.139670,0.107461,0.389251,0.163966,0.278986,0.266303,-0.023414,0.218914,0.381778,0.214179,0.273457,0.193313,0.043108,0.232589,0.262093,0.290618,0.263726,0.318793,0.183133,0.283373,0.179989,0.260331,0.098901,0.100229,0.283142,0.157535,0.226379,0.177494,0.194649,0.199610,0.329268,0.229597,0.266806,0.007964,0.220315,0.322262,0.283693,0.085703,0.354981,0.221576,0.272704,0.177552,0.282598,0.289183,0.269197,0.446674,0.105655,0.215648,0.109780,0.217505,0.231743,0.232174,0.280083,0.167519,0.209097,0.185860,0.168041,0.312279,0.263451,0.148692,0.270938,0.181219,0.295750,0.195703,0.279361,0.207469,-0.025371,0.389959,0.225320,0.149914,0.190905,0.196450,0.180860,0.295495,0.320601,0.233103,0.260154,0.199234,0.274645,0.310118,0.235324,0.197348,0.148752,0.374687,0.176806,0.276694,0.178074,0.170847,-0.076829,0.324428,0.090788,0.254060,0.172895,0.179494,0.113461,0.247526,0.187209,0.051327,0.350107,0.083676,0.158408,0.145520,0.089927,0.348640,0.212477,0.185370,0.180448,0.141369,0.151531,0.038800,0.137330,0.194249,0.139098,0.254880,0.103288,0.217611,0.241053,0.148275,0.371967,0.271997,0.354841,0.236078,0.257991,-0.004966,0.168629,0.034946,0.144050,0.283839,0.351335,0.150324,0.115937,0.116827,0.236553,0.231514,0.080354,0.166204,0.008981,0.233443,0.209152,0.162888,0.140949,0.136019,0.137515,0.081393,0.384869,-0.024724,0.276562,0.164980,0.074877,0.165150,0.165822,0.240662,#
12,0.160067,0.214241,0.165390,0.143852,0.281506,0.195047,0.034013,0.039416,0.173829,0.024949,0.007001,0.185335,1.000000,0.015261,0.221058,0.083908,0.220905,0.019356,0.175928,0.299415,0.257260,0.040391,0.169490,0.186783,0.112333,0.119819,0.199796,0.167155,0.198223,0.308502,-0.003032,0.237779,0.249600,0.178579,0.090065,0.157850,0.241311,0.017868,0.198307,0.169702,0.354598,0.168412,0.215364,0.226315,0.278446,0.323443,0.167376,0.049540,0.140790,0.138760,0.301180,0.165231,0.195133,0.186769,0.046718,0.134169,0.137707,0.163345,0.217340,0.151548,0.148581,0.131989,0.163540,0.142310,0.238184,0.121981,0.120174,0.059545,0.156772,0.028534,0.020016,0.199262,0.084536,0.024875,0.213840,0.085269,0.262480,0.154890,0.138573,0.076898,0.113667,0.090751,0.142969,0.181668,0.253334,0.306217,0.089000,0.182864,0.262370,0.157561,0.184588,0.293259,0.070930,0.275305,0.138416,-0.004596,0.284097,0.175634,0.073318,0.026266,0.215892,0.222439,0.171048,0.164886,0.311592,0.179041,0.175245,0.063884,0.089733,0.220247,0.241024,-0.070559,0.150570,0.259596,0.096500,0.100197,0.119756,0.190108,0.203646,0.172555,0.165028,0.221279,0.297120,0.175451,0.063423,0.189546,0.203643,0.112667,0.104018,0.137474,0.141307,0.200989,0.112164,0.054943,0.051234,0.111194,0.012329,0.164669,0.118014,0.242518,0.229182,0.024134,0.040027,0.188196,-0.023367,0.129397,0.220839,0.056877,0.155509,0.065839,0.084082,0.354275,0.009817,0.105097,0.097686,0.055176,0.123017,-0.084895,0.090406,0.035888,-0.028516,0.253748,0.099003,0.241797,0.063556,0.003642,0.176618,-0.015236,0.116152,0.245110,0.064691,0.061452,0.133342,0.062109,0.141041,-0.041812,0.169336,0.219071,0.086115,0.206439,0.140808,0.183215,0.207792,0.154110,0.175701,0.199831,0.077578,0.203057,0.069859,0.020134,0.244698,0.182308,0.174425,0.097875,0.059280,0.101039,0.091177,0.205119,0.175305,0.111729,#
13,0.039983,0.259773,0.259397,0.268703,0.236347,0.029014,0.262758,0.243945,0.115762,0.130818,0.216185,0.104919,0.015261,1.000000,0.224623,0.118739,0.171323,0.005486,0.175498,0.270622,0.138944,0.220596,0.103334,0.151622,0.291462,0.203510,0.356867,0.189385,0.145688,0.124555,0.236869,0.225595,0.240450,0.279530,0.047304,0.140202,0.033119,0.235994,0.117578,0.136731,0.064272,0.216746,0.291009,0.160634,0.120801,0.183145,0.239929,0.261113,0.150396,0.188623,0.142450,0.243090,0.280896,0.128576,0.156179,0.356633,0.112812,0.146159,0.235267,0.270179,0.225709,0.100712,0.328369,0.063394,0.113377,0.192525,0.391015,0.134572,0.384837,0.209364,-0.050051,0.105867,0.229294,0.044793,0.259315,0.063708,0.305209,0.280556,0.267529,0.068110,0.174169,0.339629,0.135387,0.399360,0.342789,0.045374,0.330344,0.274415,0.227759,0.328420,0.162268,0.245723,0.238692,0.271050,0.041257,0.292632,0.169316,0.085025,0.202120,0.143577,0.340306,0.194758,0.201135,0.267525,0.197629,0.290985,0.255841,0.147288,0.323769,0.137069,0.155236,0.085525,0.181763,0.207366,0.202767,0.159413,0.230935,0.192715,0.120636,0.084732,0.264654,0.248062,0.150338,0.304611,0.257350,0.125492,0.158034,0.112377,0.316822,0.279679,0.156194,0.114159,0.060789,0.134762,0.310335,0.271555,0.213264,0.192702,0.394213,0.217327,0.094772,0.102235,0.254586,0.253700,0.272584,0.343697,0.262311,0.257243,0.013186,0.299422,0.151832,0.171908,0.168479,0.223737,0.230291,0.243829,0.044782,0.344191,0.160835,0.197267,0.064159,0.320122,0.146206,0.355800,0.220450,0.151379,0.105965,0.121901,0.245038,0.285333,0.226433,0.295432,0.148996,0.027652,0.132476,0.244190,0.148094,0.140540,0.250654,-0.041697,0.152071,0.229944,0.190819,0.284756,0.006714,0.126425,0.224112,0.256297,0.134551,0.176702,0.048853,0.229180,0.207889,0.060867,0.050658,0.188135,0.095769,0.277347,0.233031,0.179729,#
14,0.313574,0.117318,0.151432,0.171927,0.053884,0.217872,0.102577,0.148926,0.304159,0.141293,0.212495,0.050830,0.221058,0.224623,1.000000,0.319747,0.222666,0.179056,0.177119,0.320100,0.213238,0.162688,0.257025,0.304771,0.226030,0.082250,0.295169,0.213253,0.190615,0.255971,0.045225,0.212696,0.100920,0.087729,0.120905,0.197680,0.258188,0.276228,0.279242,0.309321,0.314399,0.201730,0.199903,0.176145,0.241230,0.375339,0.212841,0.240715,0.145470,0.145324,0.329630,0.162838,0.248043,0.199363,0.373168,0.263579,0.270697,0.160590,0.146183,0.199119,0.301171,0.217610,0.153342,0.151766,0.288532,0.183515,0.217312,0.213349,0.263626,0.180444,0.079607,0.293103,0.107805,0.312869,0.096357,0.131263,0.182365,0.208393,0.170042,0.150286,0.260076,0.087303,0.275474,0.261457,0.274106,0.257692,0.099599,0.059349,0.295937,0.210443,0.279332,0.205872,0.228295,0.217480,0.225753,0.022832,0.219609,0.184834,0.169306,0.145122,0.234665,0.284928,0.170834,0.215616,0.198402,0.218805,0.384542,0.365329,0.140362,0.223556,-0.024668,-0.006567,0.181139,0.084556,0.195237,0.238062,0.143158,0.290844,0.237913,0.227118,0.376152,0.260715,0.119135,0.184072,0.189996,0.082975,0.216587,0.088301,0.033047,0.308137,0.049175,0.285316,0.234047,0.015261,0.075751,0.123180,0.115708,0.151166,0.153518,0.169816,0.336104,0.301423,0.231179,0.108262,0.130492,0.245908,0.219447,0.113398,0.046033,0.091195,0.202253,0.121261,0.043490,0.173559,0.175956,0.123571,0.212979,0.158465,0.147739,-0.035700,0.058600,0.255275,0.129390,0.142595,0.285227,-0.012466,0.184492,0.203562,0.096627,0.249017,0.344691,0.254536,0.214713,0.208751,0.122225,0.036134,0.340786,0.290863,0.274641,0.259191,0.163327,0.339450,0.130782,0.235975,0.185653,0.145476,0.150835,0.077179,0.115779,0.205980,0.108163,0.229143,0.223164,0.337966,0.176375,0.055304,-0.044917,0.230927,0.213785,0.199552,#
15,0.215694,0.017159,0.258044,0.211422,0.133239,0.122676,0.150712,0.233824,0.107584,0.139304,0.020977,0.179372,0.083908,0.118739,0.319747,1.000000,0.245195,0.288901,0.241161,0.146106,0.234137,0.111013,0.097851,0.279091,0.191004,0.343737,0.305983,0.208593,0.277289,0.038930,0.146822,0.230813,0.207761,0.334684,0.052896,0.053115,0.157525,0.165622,0.267619,0.179696,0.334334,0.251511,0.211963,0.212636,0.289310,0.223652,0.083499,0.152990,0.030646,0.189027,0.208871,0.283555,0.277320,0.116501,0.219640,0.148146,0.135088,0.223662,0.209933,0.334020,0.173780,0.075505,0.231147,0.062117,0.139937,0.221942,0.209044,0.279548,0.186172,0.141657,0.156824,0.262883,0.172636,0.157786,0.185015,0.211980,0.078003,0.355681,0.161426,0.203077,0.260841,0.113130,0.187837,0.303551,0.158876,0.122321,0.193330,0.095582,0.353280,0.207017,0.126694,0.135442,0.243778,0.323573,0.125384,0.107767,0.199776,0.144401,0.291415,0.051075,0.235895,0.147230,0.260619,0.189399,-0.008468,0.200520,0.163678,0.121759,0.185414,0.327713,0.093901,0.262088,0.131007,0.061851,0.247090,0.322936,0.236486,0.047481,0.192885,0.142781,0.268033,0.362209,0.136041,0.337469,0.224565,0.035427,0.186291,0.077299,0.169175,0.122705,0.120243,0.367116,0.156703,0.241502,0.182301,0.264793,0.076760,0.101620,0.194594,0.043417,0.046070,0.217124,0.143761,0.103915,0.232660,0.165176,0.249336,0.136836,0.282559,0.160803,0.211506,0.028198,0.167899,0.358140,-0.059172,0.348295,0.065508,0.226521,0.203370,0.102918,0.017572,0.210188,0.216493,0.225468,0.184841,0.117424,0.278172,0.225276,0.167251,0.197272,0.048993,-0.011235,0.227521,0.007232,0.154096,-0.069551,0.272298,0.132397,0.017970,0.235969,0.194924,0.294698,0.052138,0.287017,0.078104,0.140590,0.069599,0.204649,0.119438,0.086533,-0.047137,0.226972,0.207967,0.281073,0.098149,0.095223,0.016359,0.204730,0.117337,0.103635,#
16,0.218647,0.197238,0.207883,0.243169,0.098245,0.193184,0.198348,0.101756,0.025459,0.071593,0.123074,0.187256,0.220905,0.171323,0.222666,0.245195,1.000000,0.239936,0.145402,0.204847,0.393087,0.264605,0.302352,0.180303,0.106006,0.310695,0.275923,0.049934,0.135726,0.095365,0.187889,0.352333,0.026441,0.314179,0.010749,0.221667,0.198027,0.125518,0.229088,0.245899,0.152329,0.288849,0.176017,0.228158,0.201706,0.358859,0.241438,0.210688,0.197125,0.078425,0.154987,0.245947,0.364304,0.079482,0.233466,0.102812,0.123614,0.167825,0.238144,0.115266,0.086591,0.394673,0.268914,0.257582,0.270950,0.192965,0.238311,0.412045,0.068131,0.266764,0.081967,0.307871,0.335795,0.028728,0.213539,0.371316,0.179146,0.329620,0.332655,0.104675,0.106341,0.107400,0.162674,0.170645,0.159450,0.216380,0.355666,0.144216,0.311895,0.103352,0.271762,0.231636,0.083637,0.177054,0.125814,0.048565,0.219243,0.110087,0.246420,0.211204,0.255514,0.185981,0.080355,0.184231,0.184048,0.179741,0.181577,0.028156,0.042544,0.262173,0.263137,0.214726,0.240588,0.162279,0.231435,0.418766,0.243986,0.136707,0.089240,0.208969,0.147334,0.219864,0.238190,0.237517,0.228683,0.044614,0.176893,0.006886,0.121925,0.222757,0.073070,0.298722,0.375446,-0.002274,0.257757,0.295158,-0.015160,0.219348,0.239859,0.321555,0.092623,0.193312,0.055354,0.272634,0.255356,0.167008,0.109744,0.133104,0.185818,0.051453,0.131240,0.229526,0.145933,0.103966,0.198596,0.179162,0.063629,0.085010,0.155587,0.095457,0.038023,0.350559,0.272371,0.304196,0.231920,0.081036,0.277937,0.229952,0.122237,0.130858,0.051975,-0.003127,0.210028,0.035370,0.131598,0.263458,0.116644,0.095025,0.213962,0.101045,0.194516,0.281808,0.228484,0.012298,0.048168,0.119739,0.329569,0.202613,0.131798,0.173240,0.254259,-0.027988,0.033604,0.125554,0.243620,0.228536,-0.064756,0.266045,0.068659,0.189931,#
17,0.304969,0.250571,0.118468,0.266926,0.153604,0.151538,0.229598,0.305297,0.018493,-0.013487,0.179267,0.245108,0.019356,0.005486,0.179056,0.288901,0.239936,1.000000,0.150422,0.272816,0.351689,0.229083,0.261498,0.280876,0.285480,0.213139,0.183112,0.152285,0.225608,0.246506,0.144298,0.323836,0.363920,0.191415,-0.037215,0.178669,0.093569,0.355304,0.331200,0.020216,0.190056,0.162141,0.089382,0.335393,0.128183,0.251958,0.262456,0.167529,0.237438,0.253755,0.169225,0.083418,0.163400,0.105651,0.131944,0.233301,0.268536,0.382467,0.214083,0.319553,0.196594,0.197545,0.200071,0.146210,0.135277,0.289652,0.223184,0.235536,0.195596,0.283137,0.250428,0.186785,0.335440,0.126321,0.135360,0.289564,0.219475,0.325838,0.086800,0.261226,0.166819,0.236978,0.478407,0.261615,0.225283,0.059699,0.211354,0.178851,0.420446,0.242054,0.198016,0.145719,0.177096,0.235576,0.035009,0.082490,0.213526,0.331807,0.259426,0.185021,0.178259,0.135264,0.107480,0.253290,0.069286,0.335746,0.250466,0.338972,-0.005435,0.061483,0.162635,0.193242,0.143798,0.241508,0.137197,0.274746,0.188321,0.148429,0.177725,0.264297,0.114891,0.217856,0.167944,0.259581,0.374830,0.097462,0.225924,0.142738,0.057687,0.106779,0.021286,0.300233,0.370997,0.311314,0.225309,0.215603,0.255100,0.181886,0.218572,0.275202,0.181082,0.150034,0.082214,0.176063,0.299466,0.142444,0.045629,0.138223,0.182986,0.094219,0.195285,0.049854,0.099518,0.237304,0.097153,0.246726,0.112687,0.176045,0.362849,0.195401,0.252229,0.275559,0.248505,0.090662,0.253999,0.157021,0.151857,0.283150,0.065870,0.205546,0.335329,0.104044,0.084778,0.123159,0.234034,0.037532,0.226343,0.174690,0.051802,0.269113,0.147989,0.428377,0.162846,0.012449,-0.014514,0.094501,0.147921,0.231097,0.239198,0.280158,0.136189,0.245748,0.203708,0.109592,0.362141,0.203941,0.199894,0.154569,0.151565,0.146289,#
18,0.256437,0.183340,0.226739,0.175046,0.281803,0.105575,0.270981,0.228015,0.082004,-0.013546,0.308351,0.198739,0.175928,0.175498,0.177119,0.241161,0.145402,0.150422,1.000000,0.196266,0.254666,0.205337,0.021042,0.343548,0.318138,0.202935,0.297097,0.345009,0.224050,0.177911,0.253761,0.155810,0.240291,0.051861,0.095092,0.260487,0.230935,0.166769,0.192244,0.308590,0.167669,0.308295,0.161395,0.202385,0.141697,0.203221,0.124263,0.206326,0.128545,0.256295,0.279736,0.083826,0.308617,0.295163,0.125160,0.171763,0.181774,0.245772,0.169000,0.136597,0.071106,0.172310,0.239006,0.189481,0.032146,0.293876,0.276802,0.312356,0.140044,0.059585,0.060393,0.147390,0.215420,0.149675,0.047568,0.065565,0.183477,0.271806,0.312834,0.246083,0.242801,0.101229,0.200856,0.320487,0.212822,0.026119,0.296655,0.052091,0.294348,0.184719,0.256966,0.176739,0.212092,0.298930,0.190008,0.155451,0.362411,0.230302,0.115421,0.248066,0.213081,0.267495,0.294628,0.250636,0.175465,0.300433,0.157096,0.216141,0.195331,0.345261,0.289907,0.364679,0.161037,0.193486,0.184647,0.147557,0.188696,0.113221,0.290068,0.185126,0.130278,0.302280,0.167020,0.158853,0.251535,0.175142,0.189351,0.166576,0.284306,0.189723,0.217611,0.352026,0.202674,0.150209,0.313717,-0.045325,0.074986,0.292556,0.170195,0.328136,0.267451,0.076946,0.071034,0.136674,0.257062,0.145654,0.080918,0.093994,0.149233,0.126887,0.109868,0.275169,0.228918,0.115299,0.110259,0.318871,0.259763,0.233323,0.097090,0.327976,0.155624,0.192006,0.181673,0.222475,0.227229,0.057257,0.337608,0.233631,0.126490,0.259163,0.034179,0.112041,0.253679,0.029481,0.124226,0.127648,0.187328,0.280376,0.380165,0.254094,0.138646,0.275084,0.245953,0.053385,0.266422,0.172985,0.208601,0.328273,0.190328,0.224669,0.208219,0.316560,0.311221,0.183491,0.170561,0.094378,0.133464,0.326877,0.329453,0.204708,#
19,0.314803,0.254799,0.208581,0.236653,0.298002,-0.046011,0.279842,0.253095,0.144031,0.195129,0.198641,0.029269,0.299415,0.270622,0.320100,0.146106,0.204847,0.272816,0.196266,1.000000,0.199354,0.301872,0.250558,0.237988,0.152054,0.324029,0.344422,0.202892,0.226082,0.324872,0.127010,0.274634,0.247986,0.197200,0.190987,0.254701,0.029390,0.206322,0.459889,0.150204,0.178348,0.224835,0.088926,0.125448,0.193025,0.298725,0.310800,0.469301,0.164483,0.267029,0.207507,0.239985,0.159582,0.356987,0.226289,0.184329,0.184595,0.175658,0.193461,0.223353,0.255586,0.171219,0.228630,0.158935,0.199401,0.272064,0.107446,0.253899,0.277824,0.279993,0.221159,0.295808,0.293122,0.019964,0.231457,0.273218,0.209018,0.323641,0.285595,-0.000330,0.243905,0.302348,0.273961,0.193220,0.350531,0.072477,0.276634,0.164074,0.346470,0.276824,0.159493,0.284653,0.213198,0.175018,0.204335,0.144094,0.239771,0.302613,0.099448,0.135415,0.264401,0.243973,0.225704,0.272629,0.274665,0.312811,0.243220,0.406301,0.096282,0.081242,0.202590,0.125553,0.205070,0.311976,0.295761,0.215405,0.229208,0.251915,0.326350,0.051099,0.389531,0.309725,0.225449,0.291412,0.391608,0.253432,0.282457,0.234799,-0.046246,0.226957,0.023618,0.109713,0.343419,0.145456,0.130458,0.188298,0.246518,0.248761,0.256625,0.330385,0.259245,0.225728,0.089703,0.196234,0.256708,0.180458,0.191254,0.298830,0.294072,0.121182,0.197035,0.193655,0.168557,0.256781,0.152649,0.157255,0.145585,0.192029,0.188227,0.027954,0.186711,0.303952,0.305777,0.206721,0.271996,0.131732,0.082589,0.187275,0.185305,0.147830,0.286789,0.114518,0.233185,0.082719,0.188867,0.060484,0.314787,0.310629,0.186973,0.227991,0.067619,0.434369,0.153084,0.180770,0.106573,0.188283,0.203860,0.344691,0.288949,0.184561,0.228950,0.246109,0.154335,0.267181,0.129164,0.203434,0.197445,0.284179,0.272273,0.322205,#
20,0.291148,0.166459,0.361713,0.260631,0.239503,0.241930,0.209189,0.232697,0.260059,0.125140,0.066441,0.194024,0.257260,0.138944,0.213238,0.234137,0.393087,0.351689,0.254666,0.199354,1.000000,0.223918,0.261960,0.348527,0.364405,0.308862,0.302551,0.348348,0.200472,0.295548,0.229700,0.270661,0.242548,0.237817,0.067036,0.158691,0.255055,0.190695,0.157653,0.249617,0.304396,0.473531,0.118563,0.190187,0.333976,0.380959,0.256806,0.274182,0.252903,0.200478,0.131434,0.334207,0.375968,0.183239,0.141970,0.130784,0.246371,0.252802,0.323639,0.266312,0.261769,0.114020,0.377429,0.280508,0.390976,0.204497,0.326516,0.210256,0.330636,0.267202,0.156862,0.322817,0.445983,0.187658,0.186548,0.190083,0.319760,0.431117,0.213351,0.258862,0.134876,0.104140,0.376109,0.239829,0.196550,0.300976,0.347418,0.224592,0.404147,0.322422,0.257318,0.335084,0.239962,0.251651,0.200751,0.121594,0.403362,0.269110,0.148093,0.070596,0.229172,0.155940,0.260020,0.360673,0.197940,0.205643,0.197167,0.198115,0.086572,0.320040,0.311587,0.173801,0.187832,0.344565,0.158082,0.313429,0.380502,0.129861,0.065298,0.229860,0.223609,0.234731,0.179934,0.234332,0.304005,0.198115,0.362424,0.331873,0.145024,0.277916,0.115831,0.392622,0.318498,0.089470,0.311856,0.265772,0.267271,0.343931,0.365253,0.275304,0.210583,0.211992,0.014594,0.189097,0.335649,0.096012,0.107986,0.201406,0.293072,0.255944,0.229021,0.254046,0.114251,0.057103,0.231271,0.293761,0.224202,0.082100,0.258090,0.383975,0.217576,0.310984,0.214644,0.191120,0.383232,0.156168,0.149528,0.324780,0.186210,0.148424,0.249852,0.142215,0.089696,0.152949,0.118028,0.292339,0.190200,0.084936,0.327138,0.283028,0.226459,0.275892,0.159398,0.227398,0.166278,0.026598,0.241659,0.211503,0.228825,0.269192,0.176922,0.336375,0.278425,0.132623,0.369738,0.200585,0.167487,0.348561,0.197856,0.136370,#
21,0.279463,0.309160,0.389806,0.244103,0.264540,0.176456,0.250422,0.284447,0.113941,0.099119,0.196923,0.267295,0.040391,0.220596,0.162688,0.111013,0.264605,0.229083,0.205337,0.301872,0.223918,1.000000,0.191868,0.270205,0.278305,0.129290,0.360511,0.373739,0.294783,0.284723,0.245082,0.259020,0.243556,0.308600,0.054040,0.221301,0.329992,0.255881,0.363947,0.146243,0.225903,0.328210,0.130597,0.319491,0.243706,0.268663,0.282189,0.340794,0.032729,0.290612,0.293472,0.188077,0.325787,0.213862,0.180791,0.216095,0.229243,0.247249,0.187346,0.204506,0.162425,0.153221,0.357385,0.340645,0.360409,0.251596,0.132252,0.210731,0.250597,0.392349,0.346012,0.207886,0.406938,0.211729,0.187336,0.203268,0.215095,0.234794,0.205437,0.238875,0.351258,0.235876,0.189537,0.165623,0.318607,0.093532,0.304357,0.131489,0.275244,0.310577,0.170013,0.219623,0.261074,0.143695,0.240174,0.245488,0.254443,0.281551,0.071360,0.253756,0.387550,0.155567,0.169558,0.285391,0.246619,0.331720,0.216022,0.233559,0.228514,0.216615,0.236415,0.158559,0.274508,0.348547,0.164906,0.243164,0.302491,0.131224,0.212639,0.303460,0.233516,0.347230,0.069899,0.335309,0.254360,0.191802,0.252332,0.225096,0.101332,0.133335,0.155432,0.206586,0.338420,0.187145,0.276413,0.165170,0.296133,0.253020,0.140471,0.339512,0.137291,0.266725,0.162614,0.088218,0.205010,0.199071,0.178524,0.264497,0.204582,0.131300,0.158782,0.240793,0.222152,0.217501,0.207671,0.149972,0.137120,0.180393,0.223087,0.128528,0.310441,0.246969,0.202345,0.100175,0.261750,0.074632,0.023130,0.327962,0.130921,0.335367,0.184450,0.110289,0.296395,0.188638,0.157294,0.259533,0.273534,0.187323,0.216885,0.214847,0.131073,0.314718,0.036966,0.186182,0.136732,0.157800,0.256520,0.218874,0.376105,0.233988,0.272625,0.104159,0.303159,0.021973,0.352211,0.262559,0.166517,0.209122,0.211013,0.264024,#
