0,1.000000,0.192017,0.387972,0.189012,0.266568,0.273738,0.185666,0.132633,0.271646,0.222988,0.353573,0.296901,0.145483,0.140155,0.396469,0.241313,0.223535,0.374274,0.268836,0.238476,0.319017,0.365694,0.257040,0.379287,0.240466,0.166404,0.365593,0.297646,0.391375,0.255833,0.171192,0.182481,0.251300,0.136548,0.092582,0.410029,0.341488,0.229780,0.365148,0.398205,0.176337,0.362063,0.158057,0.276287,0.164601,0.342185,0.356898,0.343410,0.361803,0.280422,0.386976,0.269543,0.276818,0.087813,0.393998,0.308052,0.237959,0.258694,0.206652,0.270779,0.344224,0.243719,0.287073,0.291178,0.326709,0.193224,0.348245,0.299083,0.304458,0.270354,0.366900,0.281896,0.427058,0.301945,0.127300,0.136602,0.233631,0.301857,0.278527,0.111463,0.363289,0.171567,0.290600,0.261458,0.294490,0.295919,0.272129,0.174432,0.401906,0.240143,0.223057,0.182325,0.134991,0.261181,0.406296,0.235259,0.442395,0.294320,0.295473,0.377841,0.324512,0.349183,0.277515,0.340539,0.224932,0.253240,0.301111,0.275348,0.165787,0.207335,0.232091,0.191520,0.222396,0.249369,0.160201,0.229895,0.366571,0.194603,0.226170,0.314199,0.399335,0.203867,0.236205,0.179509,0.236899,0.383572,0.188475,0.187376,0.215258,0.344094,0.291503,0.367503,0.353529,0.303917,0.232423,0.175226,0.364236,0.240653,0.233390,0.454499,0.250887,0.240371,0.300648,0.207608,0.365969,0.205719,0.197271,0.221367,0.285589,0.246108,0.316192,0.258044,0.313117,0.243671,0.176986,0.117800,0.138271,0.185056,0.406602,0.348387,0.244220,0.345754,0.108807,0.150898,0.366892,0.014305,0.261241,0.229387,0.215998,0.214694,0.404759,0.059450,0.416866,0.371507,0.182877,0.267715,0.392281,0.256979,0.346530,0.263906,0.257300,0.424800,0.091188,0.027506,0.203266,0.320737,0.347764,0.406521,0.359241,0.195564,0.308269,0.300889,0.239415,0.129173,0.385748,0.178493,0.089578,0.192318,0.391102,0.292209,#
1,0.192017,1.000000,0.072547,0.246929,0.383756,0.263139,0.301422,0.197672,0.215991,0.077658,0.405155,0.261828,0.190366,0.242456,0.144689,0.138706,0.097228,0.272926,0.249479,0.204958,0.103483,0.257651,0.188432,0.295719,0.292444,0.271167,0.229933,0.334150,0.303075,0.170207,0.309777,0.245517,0.364906,0.279458,0.088690,0.138600,0.172473,0.269746,0.386356,0.276889,0.196108,0.233226,0.298863,0.271080,0.145848,0.302486,0.295207,0.351164,0.251841,0.126948,0.389163,0.224980,0.336864,0.108922,0.280067,0.338689,0.229541,0.266785,0.364831,0.362481,0.165654,0.248976,0.251944,0.332125,0.200445,0.261755,0.128974,0.301609,0.339084,0.167852,0.213147,0.200537,0.377736,0.161423,0.263765,0.070009,0.293960,0.213060,0.224715,0.182841,0.231225,0.366966,0.354508,0.354886,0.170851,0.112409,0.290810,0.214486,0.333857,0.426746,0.280361,0.357747,0.121766,0.312793,0.169087,0.205047,0.211891,0.186007,0.175780,0.209512,0.122040,0.132260,0.222164,0.236627,0.107326,0.252431,0.191694,0.362359,0.109164,0.298527,0.385537,0.237628,0.171739,0.222097,0.296167,0.269521,0.291923,0.164253,0.306868,0.336585,0.168238,0.230785,0.321703,0.192973,0.203914,0.368383,0.170096,0.220458,0.089203,0.220302,0.258435,0.255364,0.110368,0.287240,0.445176,0.352529,0.142046,0.232856,0.188656,0.322576,0.296036,0.096333,0.077976,0.140156,0.272713,0.182560,0.273051,0.143972,0.274307,0.210821,0.181829,0.259473,0.279084,0.131809,0.194546,0.223282,0.271728,0.203970,0.301118,0.088956,0.044967,0.303546,0.193600,0.156321,0.248098,0.296470,0.144809,0.287610,0.228095,0.362446,0.303483,0.240205,0.249711,0.232169,0.332182,0.180538,0.044885,0.312728,0.257552,0.220908,0.218583,0.179833,0.283080,0.082105,0.310019,0.270267,0.171891,0.338144,0.206749,0.282815,0.415817,0.269312,0.210007,0.153772,0.285303,0.292421,0.056805,0.286807,0.118017,0.121237,#
2,0.387972,0.072547,1.000000,0.294506,0.173129,0.149703,0.242131,0.203031,0.002506,0.004291,0.095167,0.285251,0.192674,0.158826,0.202185,0.168937,0.211001,0.116877,0.171407,0.168035,0.296829,0.333961,0.325375,0.242826,0.266965,0.201245,0.273684,0.142040,0.222171,0.249805,0.136614,0.082629,0.136772,0.122790,0.050800,0.202977,0.221503,0.149901,0.208523,0.179540,0.242376,0.276018,0.167137,0.150044,0.021008,0.358486,0.172515,0.318648,0.174477,0.159058,0.235813,0.345077,0.277170,0.076196,0.123073,0.231045,0.081232,0.178802,0.146791,0.204019,0.009018,0.220801,0.298036,0.204108,0.278933,0.216703,0.087202,0.037526,0.191489,0.310256,0.249663,0.052874,0.180266,0.258476,0.124165,0.233276,0.179667,0.238457,0.171468,0.196645,0.314771,0.060982,0.105390,0.193669,0.100620,0.185217,0.329997,0.158243,0.168492,0.175920,0.204637,0.225923,0.217710,0.093321,0.151947,0.062504,0.228702,0.149077,0.218789,0.175875,0.309363,0.205374,0.173670,0.206434,0.155287,0.198044,0.168244,0.232352,0.055917,0.272026,0.257441,0.135338,0.209465,0.159938,0.216177,0.258217,0.177829,0.201214,0.027994,0.116952,0.237617,0.227327,0.157421,0.058239,0.185582,0.131485,0.220172,0.107598,0.113184,0.235114,0.157047,0.321865,0.162932,0.039794,0.176861,0.302501,0.154988,0.182355,-0.054253,0.098910,-0.010282,0.152868,0.221504,0.140360,0.346391,0.191974,0.178363,0.236735,0.358623,0.216188,0.152172,0.388587,0.198709,0.147224,0.072427,0.049705,0.025448,0.116091,0.215486,0.121502,0.259645,0.165713,0.227350,0.215788,0.340208,0.040749,0.152714,0.267027,0.005519,0.139603,0.148888,0.130600,0.119715,0.163272,0.212806,0.190386,0.370081,0.185245,0.222092,0.244048,0.298009,0.125364,0.088279,0.203117,0.024562,0.180670,0.175368,0.170460,0.261792,0.132608,0.178243,0.170184,0.386550,0.061612,0.221814,0.119997,0.119969,0.160670,0.314473,0.171188,#
3,0.189012,0.246929,0.294506,1.000000,0.350884,0.113074,0.222245,0.187305,0.174851,0.033477,0.225581,0.371009,0.148752,0.212016,0.130877,0.217619,0.166332,0.257724,0.207549,0.129865,0.119569,0.248769,0.265122,0.323607,0.324326,0.202056,0.138113,0.123045,0.202371,0.187716,0.245681,0.345390,0.268734,0.340986,-0.019763,0.257795,0.330987,0.392903,0.321684,0.135530,0.259587,0.285688,0.147701,0.279584,0.150008,0.300870,0.324247,0.286137,0.134754,0.281188,0.304687,0.175468,0.219165,0.120746,0.138512,0.357139,0.223322,0.285206,0.278503,0.248313,0.084805,0.102456,0.232265,0.271125,0.218252,0.261293,0.208963,0.291185,0.138422,0.232054,0.313548,0.104211,0.200882,0.118038,0.250546,0.291365,0.259094,0.277229,0.291460,0.155455,0.278329,0.262115,0.182175,0.249348,0.295475,0.226080,0.322453,0.099314,0.303171,0.343838,0.235334,0.254448,0.244470,0.324839,0.138674,0.242558,0.306033,0.229594,0.300085,0.303848,0.307883,0.117002,0.305349,0.212590,0.239137,0.216181,0.151875,0.213283,0.071246,0.160294,0.281094,0.168057,0.221619,0.170935,0.089912,0.170709,0.274240,0.016518,0.209957,0.220012,0.343819,0.170464,0.239397,0.319398,0.178543,0.119951,0.240882,0.143367,0.170868,0.270603,0.149841,0.326280,0.316526,0.282388,0.211549,0.174695,0.116393,0.058391,0.269921,0.264064,0.275019,0.179720,0.274287,0.236351,0.313686,0.122971,0.278532,0.262801,0.233997,0.202736,0.145091,0.216492,0.118942,0.175950,0.087980,0.129069,0.228945,0.244305,0.049774,0.321409,0.231114,0.255153,0.298566,0.322875,0.285255,0.257085,0.286229,0.261884,0.093049,0.241297,0.287802,0.112058,0.191641,0.177236,0.210207,0.202441,0.246335,0.286908,0.188632,0.237386,0.272127,0.254643,0.279485,0.225390,0.143399,0.179870,0.153875,0.304058,0.057169,0.145487,0.126245,0.274969,0.345194,0.185120,0.172180,0.247652,0.153159,0.269370,0.234036,0.183049,#
4,0.266568,0.383756,0.173129,0.350884,1.000000,0.173245,0.311907,0.186713,0.243421,0.056179,0.192857,0.163768,0.220689,0.179170,0.098302,0.169766,0.113230,0.191184,0.266177,0.287493,0.168408,0.271012,0.248738,0.298499,0.235698,0.355476,0.115189,0.281056,0.321954,0.036847,0.126061,0.209797,0.330463,0.219551,0.102262,0.198035,0.192462,0.273701,0.143878,0.210802,0.271067,0.324229,0.174781,0.156367,0.349295,0.194976,0.282550,0.315606,0.209078,0.252341,0.254795,0.115474,0.229891,0.100194,0.209830,0.336485,0.166372,0.169299,0.282933,0.300462,0.280994,0.203571,0.111904,0.080996,0.148159,0.161016,0.263522,0.181690,0.216796,0.184220,0.228516,0.206005,0.276083,0.182730,0.121962,-0.093416,0.187822,0.283452,0.152371,0.038512,0.324289,0.239298,0.128486,0.216121,0.253297,0.147038,0.233521,0.214289,0.325563,0.394140,0.177478,0.232757,0.000931,0.289149,0.009758,0.279445,0.250868,0.379847,0.377928,0.269145,0.224070,0.015054,0.242391,0.343933,0.205738,0.192293,0.074505,0.269445,0.105184,0.220920,0.399539,0.117355,0.195851,0.401866,0.182913,0.060363,0.161514,-0.107525,0.209934,0.052074,0.288432,0.211741,0.301488,0.114748,0.265173,0.209785,0.228341,0.114367,0.057855,0.194168,0.175643,0.194148,0.216180,0.180420,0.276351,0.251514,0.227204,-0.051836,0.098232,0.257122,0.287420,0.033028,0.103347,0.231086,0.244649,0.130470,0.248848,0.090849,0.240825,0.294583,0.225211,0.188490,0.200595,0.235392,0.020490,0.102619,0.228160,0.211781,0.295894,0.250988,0.156101,0.223013,0.122924,0.315228,0.145105,0.314811,0.109842,0.118158,0.041512,0.231111,0.243876,0.064508,0.124507,0.034651,0.335093,0.133426,0.257684,0.193203,0.207176,0.119699,0.075425,0.140988,0.207872,0.148434,0.048749,0.148685,0.189947,0.412259,0.200327,0.118385,0.253101,0.168573,0.263757,0.051819,0.015276,0.313300,0.167102,0.420292,0.161242,0.179679,#
5,0.273738,0.263139,0.149703,0.113074,0.173245,1.000000,0.215332,0.130967,0.178926,0.233596,0.184786,0.137957,0.216897,0.055909,0.284641,0.204755,0.192515,0.207015,0.187391,-0.035942,0.276462,0.296349,0.218498,0.411395,0.220408,0.113537,0.174579,0.236744,0.259251,0.166936,0.113077,0.271252,0.278011,0.095097,0.065381,0.121916,0.363073,0.099778,0.269751,0.299644,0.178886,0.317564,0.017986,0.369200,0.140856,0.276030,0.238389,0.126406,0.202432,0.262747,0.292592,0.164991,0.236460,-0.015240,0.148987,0.211677,0.010243,0.279713,0.309588,0.222949,0.157779,0.221629,0.196372,0.099434,0.204404,0.192801,0.329518,0.204189,0.152366,0.202368,0.326915,0.200352,0.237345,0.355371,0.151619,0.099048,0.244564,0.164921,0.225356,0.211539,0.159949,0.160495,0.275196,0.054263,0.021801,0.299374,0.102457,0.136297,0.267738,0.211447,0.190755,0.295598,0.027361,0.239674,0.154555,0.128755,0.190486,0.091732,0.214987,0.089523,0.271149,0.231456,0.216588,0.193520,0.089027,0.158904,-0.003843,0.285659,0.079041,0.184730,0.328410,0.117691,0.324640,0.129870,0.217942,0.082851,0.342307,0.160451,0.213352,0.194325,0.072841,0.181508,0.080353,0.235689,0.099423,0.147053,-0.030098,0.051698,0.363487,0.314617,0.173844,0.348942,0.153441,0.151856,0.338443,0.225891,0.088256,0.141816,0.091014,0.138831,0.287210,0.215472,0.089055,0.209469,0.168231,0.059474,0.194071,0.181805,0.074304,0.222828,0.261469,0.077273,0.172105,0.311122,0.056545,0.152280,0.268552,0.075038,0.430906,0.029473,0.183528,0.160594,0.170724,0.070862,0.264555,-0.025225,0.071144,0.212643,0.227187,0.324975,0.139846,0.159885,0.205865,0.193607,0.137697,0.151541,0.202686,0.185843,0.290588,0.163630,0.242528,0.231521,0.309249,0.061188,0.288470,0.246980,0.224970,0.202497,0.093927,0.225137,0.258285,0.183255,0.182496,0.169455,0.269319,0.178750,0.076595,0.344125,0.086556,0.244765,#
6,0.185666,0.301422,0.242131,0.222245,0.311907,0.215332,1.000000,0.221995,0.103941,0.010201,0.197260,0.156842,0.088580,0.213441,0.180674,0.141037,0.215701,0.225512,0.230961,0.242088,0.211613,0.194562,0.169704,0.170300,0.065121,0.181317,0.159979,0.244309,0.332335,0.167212,0.105757,0.230557,0.251045,0.135692,0.054655,0.125672,0.202671,0.208916,0.296003,0.215986,0.274696,0.264317,0.096521,0.278902,0.054633,0.190338,0.266126,0.410075,0.211937,0.273829,0.143738,0.299920,0.309257,0.130799,0.167009,0.248967,0.182976,0.295114,0.282363,0.318305,0.080312,0.272991,0.077922,0.251025,0.142468,0.376210,0.281203,0.217005,0.217576,0.191448,0.256490,0.176260,0.358489,0.111410,0.205302,0.151154,0.221550,0.190421,0.242874,0.195754,0.290022,0.319651,0.259292,0.161238,0.205111,0.242138,0.138192,0.304217,0.284046,0.323248,0.274947,0.184310,0.080188,0.292738,0.147079,0.300961,0.188079,0.195646,0.300610,0.233679,0.241249,0.241990,0.146192,0.145602,-0.000168,0.362022,0.020357,0.185973,0.139788,0.195070,0.308006,0.157873,0.230385,0.176277,0.192473,0.140519,0.271484,0.111500,0.244193,0.204787,0.179672,0.258240,0.168991,0.053425,0.190018,0.087025,0.144180,0.289025,0.103594,0.340677,0.231021,0.156697,0.234684,0.024038,0.375761,0.218952,0.137381,0.285994,0.229675,0.193539,0.167743,-0.020950,0.034779,0.393791,0.093952,0.224903,0.193643,0.103751,0.160480,0.094451,0.295160,0.179870,0.235381,0.232874,0.159159,0.114574,0.125368,0.145548,0.285757,0.098887,0.127161,0.239290,0.229570,0.120816,0.250453,0.112488,0.170761,0.249905,0.270416,0.307948,0.091381,0.116316,0.245947,0.165108,0.255780,0.273723,0.200721,0.273576,0.303685,0.119040,0.003222,0.081528,0.221734,0.287899,0.293855,0.208086,0.233991,0.227902,0.247081,0.307334,0.172098,0.072099,0.347363,0.214382,0.133333,0.229459,0.162703,0.217724,0.095492,0.235285,#
7,0.132633,0.197672,0.203031,0.187305,0.186713,0.130967,0.221995,1.000000,0.085368,0.248719,0.226325,0.336803,0.097245,0.241081,0.148088,0.254335,0.089467,0.262054,0.200676,0.258452,0.278715,0.233524,0.416911,0.111361,0.320077,0.058695,0.252829,0.299842,0.263476,0.100940,0.294270,0.298329,0.323062,0.098628,0.116320,0.209997,0.114964,0.186919,0.254877,0.290038,0.143417,0.260484,0.277435,0.167473,0.209732,0.306064,0.150815,0.305604,0.324556,0.179306,0.300002,0.242017,0.181829,0.116739,0.222072,0.251185,0.138949,0.297426,0.250596,0.286101,0.294087,0.084566,0.190404,0.230930,0.351789,0.135742,0.196090,0.259418,0.175806,0.319452,0.180903,0.069998,0.345267,0.325139,0.232013,0.154824,0.285449,0.239745,0.295786,0.283164,0.204336,0.243561,0.272830,0.218019,0.151353,0.188608,0.307857,0.047119,0.267858,0.284307,0.241338,0.160872,0.187105,0.231580,0.072756,0.303998,0.196171,0.143856,0.163641,0.034566,0.279308,0.138531,0.268513,0.152999,0.050939,0.396978,0.328731,0.099829,0.269337,0.199752,0.222593,0.158548,0.080570,0.219644,0.296761,0.145325,0.155537,0.150147,0.170878,0.292957,0.224827,0.210929,0.160505,0.299622,0.285018,0.129975,0.254929,0.405843,0.144262,0.203634,0.057933,0.226205,0.193659,0.230534,0.359401,0.226818,0.100989,0.405698,0.222598,0.270329,0.362825,0.341607,-0.027210,0.224594,0.221653,0.128362,0.272053,0.205083,0.174211,0.233202,0.210175,0.388325,0.083670,0.102353,-0.043957,0.272889,0.244966,0.242251,0.302833,0.243132,0.161337,0.264534,0.177995,0.178015,0.275894,0.136857,0.341583,0.229779,0.305963,0.255415,0.254177,0.139405,0.201190,0.067906,0.227235,0.110136,0.246018,0.197618,0.095105,0.293875,0.187714,0.233468,0.080249,0.130565,0.092266,0.206178,0.214935,0.318310,0.122828,0.292614,0.218964,0.229044,0.301488,0.239081,0.064253,0.294367,0.189238,0.298861,0.272026,0.177760,#
8,0.271646,0.215991,0.002506,0.174851,0.243421,0.178926,0.103941,0.085368,1.000000,0.080244,0.270177,0.137288,0.176196,0.163086,0.298714,0.170671,0.072140,0.075268,0.085630,0.206745,0.221623,0.187685,0.097496,0.192930,0.147601,0.124086,0.087808,0.216188,0.138641,0.137849,0.103726,0.242959,0.202924,0.240031,0.093772,0.224131,0.248236,0.192445,0.269374,0.327693,0.162941,0.145955,-0.122473,0.171840,0.318734,0.290787,0.231456,0.259364,0.090427,0.137228,0.074734,0.241014,0.094144,0.335899,0.214271,0.258077,0.128214,0.135314,0.173365,0.240565,0.178573,0.055507,0.255073,0.105337,0.226160,0.213808,0.209865,0.225304,0.281413,0.181857,0.107371,0.271730,0.251410,0.084238,0.034949,0.018488,0.180251,0.060820,0.235752,0.007454,0.226384,0.204944,0.262792,0.053888,0.236476,0.122241,0.189150,0.119226,0.322737,0.233599,0.186588,0.130225,0.076898,0.172774,0.222402,0.345372,0.244815,0.188903,0.197976,0.178117,0.186024,0.022522,0.143112,0.134123,0.203449,0.095349,0.228230,0.161048,-0.015574,0.152825,0.110405,0.127114,0.044101,0.188485,0.099333,0.224769,0.237486,0.103915,0.019544,0.245869,0.247052,0.117490,0.133509,0.191254,0.186530,0.261035,0.018889,0.218154,0.100080,0.155102,0.155956,0.165136,0.141927,0.134713,0.203982,0.232795,0.152752,0.192086,0.299652,0.252570,0.271431,0.238100,0.254631,0.105480,0.222431,0.109380,0.221973,0.302214,0.144077,0.206144,0.228480,0.182812,0.155188,0.203091,0.294448,0.198734,0.084535,0.122601,0.156924,0.235766,0.053576,0.169281,0.044653,0.225527,0.237734,0.234350,0.201487,0.249009,0.145403,0.159381,0.244388,-0.103581,0.091013,0.278664,0.136595,0.132505,0.113165,0.216258,0.232769,0.152386,0.200561,0.172042,-0.051851,0.196623,0.270444,0.174064,0.080829,0.131969,0.242754,0.126774,0.222170,0.150525,0.179613,0.149288,0.148161,0.152562,0.115890,-0.015601,0.097770,0.143867,#
9,0.222988,0.077658,0.004291,0.033477,0.056179,0.233596,0.010201,0.248719,0.080244,1.000000,0.234074,0.170757,-0.012344,0.152269,0.229597,0.149303,0.093173,0.037441,0.001664,0.174145,0.121178,0.169150,0.219702,0.156555,0.089599,0.160124,0.204086,0.290432,0.192230,0.064642,0.295905,0.216737,0.106874,0.094038,0.190723,0.214545,-0.001222,0.239953,0.170652,0.211419,0.224410,0.288677,-0.019941,-0.050816,0.162654,0.247853,0.173008,0.185981,0.109356,-0.038001,0.253630,0.285022,0.137983,-0.003974,0.190502,0.293865,0.229648,0.181947,0.135497,0.119575,0.044318,0.160115,0.257734,0.210972,0.258470,0.152360,0.098501,0.206667,0.196832,0.113005,0.229505,0.278920,0.153600,0.215838,0.174732,0.108796,0.274095,0.090259,0.355849,0.183665,0.003118,0.192141,0.126021,0.139203,0.163972,0.329522,0.335878,0.085061,0.050611,0.121019,0.026852,0.220271,0.007883,0.149439,0.133370,0.177978,0.308378,0.189124,0.094876,0.180155,0.208017,0.157697,0.277883,0.037832,0.089141,0.163940,0.157490,0.197128,0.191115,0.028127,0.100151,0.096324,0.138174,0.159371,0.137228,0.168095,0.211105,0.201380,0.421365,0.099041,0.297499,0.262152,0.139439,0.200837,0.159220,0.148601,-0.069140,0.238707,0.128406,0.174973,0.126211,0.257050,0.020386,0.204395,0.177814,0.032813,0.206873,0.265648,0.121992,0.151055,0.149306,0.224334,-0.000470,0.098726,0.122669,-0.085875,0.242755,0.146416,-0.006906,0.297584,0.256368,0.120681,0.251803,0.131839,-0.016683,0.181054,0.264046,0.158084,0.407499,0.085633,0.102916,0.074242,-0.018982,0.216128,0.120178,0.094175,0.110187,0.232854,0.388920,0.166644,0.154442,0.139642,0.204251,0.227309,0.136826,0.156778,0.172686,-0.099074,0.046170,0.347588,0.074367,0.189575,0.238904,0.122673,0.109211,0.127825,0.226191,0.288067,0.293181,0.135333,0.171184,0.159447,0.156132,0.171499,0.075080,0.157150,0.100228,0.018824,0.099610,0.131069,#
10,0.353573,0.405155,0.095167,0.225581,0.192857,0.184786,0.197260,0.226325,0.270177,0.234074,1.000000,0.109487,-0.002154,0.262939,0.260915,0.148231,0.139540,0.219757,0.372628,0.126799,0.134428,0.248443,0.206829,0.141063,0.131538,0.084007,0.348986,0.238034,0.223559,0.167232,0.294558,0.265759,0.186821,0.201416,0.068357,0.270822,0.114444,0.286451,0.323204,0.243568,0.076085,0.142462,0.167766,0.036016,0.151438,0.258309,0.232819,0.328128,0.280626,0.187760,0.142390,0.249127,0.215807,0.166868,0.227285,0.266266,0.144839,0.261301,0.217399,0.155117,0.095132,0.215908,0.224691,0.299117,0.224617,0.230240,0.191162,0.201930,0.262183,0.196402,0.245325,0.238619,0.251802,0.176940,0.120888,0.156862,0.309585,0.021774,0.234580,0.113675,0.111310,0.263298,0.235220,0.233422,0.148577,0.117565,0.348991,0.096572,0.263560,0.241558,0.077907,0.095285,0.207865,0.119460,0.207685,0.135292,0.324759,0.078412,0.214318,0.241186,0.231583,0.206573,0.183811,0.206938,0.206548,0.136014,0.248571,0.316305,0.099350,0.189083,0.125172,0.201961,0.117078,0.164620,0.243986,0.313832,0.208943,-0.008760,0.143741,0.168867,0.158886,0.146950,0.186279,0.239957,0.162391,0.174929,0.006868,0.225266,0.119965,0.353730,0.266948,0.174109,0.197275,0.144585,0.178796,0.236969,0.137805,0.296869,0.077033,0.307157,0.277454,0.194318,0.266393,0.155991,0.137245,0.139378,0.108654,0.130171,0.044005,0.281378,0.218932,0.236030,0.262916,0.179926,0.238731,0.233300,0.278672,0.096354,0.229002,0.291339,0.142473,0.184633,0.186930,0.221465,0.236191,0.086471,0.121481,0.190877,0.180080,0.232785,0.236962,0.118379,0.258265,0.222820,0.206698,-0.004827,0.150905,0.201784,0.374626,0.327243,0.269338,0.144879,0.268714,0.061819,0.235341,0.167703,0.115161,0.233264,0.254145,0.186547,0.212784,0.188517,0.133015,0.146025,0.259933,0.219644,0.141313,0.225187,0.279207,0.274794,#
11,0.296901,0.261828,0.285251,0.371009,0.163768,0.137957,0.156842,0.336803,0.137288,0.170757,0.109487,1.000000,0.179452,0.132204,0.099802,0.218984,0.190469,0.277474,0.176992,0.044444,0.244392,0.241006,0.313547,0.287307,0.358381,0.244434,0.132661,0.319030,-0.007943,0.224533,0.312659,0.325021,0.259882,0.175035,0.104221,0.148999,0.219658,0.249209,0.289498,0.230810,0.241552,0.371178,0.239080,0.361712,0.053969,0.405754,0.288760,0.312744,0.200338,0.080468,0.401713,0.221270,0.264233,0.227713,0.157428,0.316471,0.358243,0.191631,0.271450,0.209799,0.156449,0.252968,0.325742,0.341366,0.324011,0.233123,0.225310,0.343240,0.200398,0.283793,0.226362,0.078601,0.299772,0.267837,0.240595,0.217020,0.247526,0.194242,0.427635,0.200576,0.245949,0.003480,0.281787,0.311863,0.275020,0.189235,0.427468,0.211142,0.243482,0.224649,0.354645,0.257650,0.230444,0.437468,0.112768,0.171263,0.175892,0.196872,0.174325,0.307818,0.328461,0.253209,0.301717,0.132569,0.228551,0.391144,0.251967,0.233303,0.261895,0.217949,0.288194,0.169615,0.320808,0.171025,-0.020837,0.414045,0.293112,0.111558,0.254168,0.267327,0.215077,0.261260,0.322454,0.235998,0.261389,0.134736,0.302620,0.437080,0.254572,0.288521,0.078477,0.461422,0.126234,0.286319,0.127223,0.165976,0.034262,0.322168,0.055377,0.318856,0.195140,0.241596,0.108332,0.318834,0.245052,0.150963,0.364630,0.163692,0.240372,0.227384,0.130001,0.379247,0.176233,0.168266,0.214625,0.126154,0.141187,0.074563,0.214868,0.265337,0.133411,0.185162,0.131008,0.217394,0.423065,0.123911,0.261228,0.314007,0.446656,0.229439,0.342936,0.042929,0.218591,0.213145,0.186096,0.320264,0.422836,0.144669,0.169016,0.195352,0.329454,0.253871,0.214595,0.139407,0.133123,0.263079,0.283326,0.248530,0.192880,0.232961,0.130790,0.133584,0.388286,-0.031777,0.234471,0.185747,0.173077,0.202356,0.152896,0.258972,#
12,0.145483,0.190366,0.192674,0.148752,0.220689,0.216897,0.088580,0.097245,0.176196,-0.012344,-0.002154,0.179452,1.000000,0.083944,0.224860,0.102243,0.194706,0.098396,0.191211,0.258826,0.282657,0.020067,0.244410,0.147205,0.272256,0.072722,0.092764,0.182177,0.268978,0.241862,0.039837,0.266303,0.261846,0.167048,0.066506,0.149199,0.290865,0.083666,0.221139,0.126299,0.317493,0.165620,0.210761,0.246406,0.140550,0.332574,0.201025,0.001247,0.187288,0.011882,0.289818,0.164925,0.166047,0.111683,0.095116,0.217928,0.096110,0.226173,0.244285,0.229934,0.118277,0.190410,0.197419,0.181163,0.192077,0.152397,0.181554,0.097093,0.127114,0.112705,0.099305,0.244035,0.100211,0.116266,0.229382,0.173212,0.210840,0.159182,0.140179,0.046172,0.102527,0.134237,0.193739,0.194304,0.175771,0.324007,0.123224,0.173014,0.225771,0.215839,0.254018,0.240589,0.051254,0.240071,0.087407,-0.002199,0.342589,0.196592,0.094121,0.124875,0.168634,0.184447,0.163921,0.173579,0.253267,0.236430,0.127689,0.074338,0.045872,0.218314,0.277645,-0.107791,0.272250,0.245368,0.085944,0.106764,0.178651,0.189308,0.097014,0.223116,0.122182,0.218550,0.288111,0.215463,0.036040,0.201146,0.139748,0.127759,0.131739,0.052778,0.110064,0.240659,0.133473,0.073205,0.052348,0.137199,0.118976,0.198254,0.088689,0.214119,0.248877,0.193581,0.036469,0.123203,0.033446,0.148481,0.216046,0.133481,0.203451,0.124694,0.175807,0.373303,0.027676,0.153294,0.085216,0.033589,0.143368,-0.084596,0.142762,0.010986,0.088276,0.236123,0.151546,0.281268,0.114984,0.130846,0.191461,0.037521,0.143204,0.239717,0.113665,0.044237,0.173823,0.176331,0.239518,-0.002409,0.193471,0.208753,0.014104,0.263076,0.192751,0.141552,0.231017,0.103008,0.191435,0.226553,0.171733,0.226237,0.132428,0.085831,0.278883,0.262695,0.228698,0.103921,0.054996,0.110189,0.187751,0.069998,0.199001,0.174966,#
13,0.140155,0.242456,0.158826,0.212016,0.179170,0.055909,0.213441,0.241081,0.163086,0.152269,0.262939,0.132204,0.083944,1.000000,0.258185,0.234476,0.136056,0.048962,0.215322,0.181861,0.127945,0.200786,0.189710,0.089065,0.315076,0.245754,0.226819,0.234441,0.197503,0.075368,0.242561,0.138803,0.233040,0.184136,0.010472,0.182674,0.196768,0.274283,0.119142,0.124848,0.123335,0.217547,0.330087,0.106989,0.133101,0.234194,0.293401,0.259858,0.310548,0.067166,0.298110,0.294679,0.266588,0.032044,0.236995,0.447214,0.163549,0.191111,0.295795,0.292855,0.208793,0.166097,0.388286,0.203796,0.126439,0.180120,0.386888,0.246266,0.395521,0.262560,0.056188,0.133597,0.318512,0.177113,0.199521,0.039277,0.235261,0.304276,0.264769,0.127023,0.250105,0.376690,0.265080,0.361618,0.367662,0.208398,0.371525,0.277828,0.259056,0.408537,0.256589,0.230990,0.255801,0.186997,0.146852,0.197427,0.245903,0.082198,0.153794,0.246767,0.326115,0.220476,0.185754,0.141502,0.189625,0.339959,0.197639,0.147920,0.250528,0.184328,0.210773,0.076895,0.240080,0.215465,0.222011,0.208949,0.264686,0.138769,0.203779,0.280674,0.278857,0.321228,0.057623,0.209235,0.129769,0.186111,0.090586,0.181916,0.350460,0.256063,0.187042,0.159954,0.087384,0.175114,0.330497,0.215462,0.255831,0.255186,0.371426,0.289865,0.224371,0.172009,0.189781,0.124790,0.269455,0.342880,0.260835,0.258367,-0.005897,0.286700,0.286639,0.168465,0.184864,0.260956,0.260565,0.225399,0.119101,0.275635,0.214700,0.142655,0.108482,0.296061,0.072225,0.320713,0.271243,0.273194,0.105335,0.181615,0.223720,0.336950,0.261773,0.335353,0.303039,0.135501,0.257605,0.189142,0.081707,0.105427,0.318930,0.107160,0.268227,0.155356,0.224509,0.329900,0.061751,0.236957,0.251553,0.332126,0.242307,0.308251,0.057184,0.245957,0.298445,0.123673,0.112242,0.268492,0.185397,0.207109,0.210766,0.219828,#
14,0.396469,0.144689,0.202185,0.130877,0.098302,0.284641,0.180674,0.148088,0.298714,0.229597,0.260915,0.099802,0.224860,0.258185,1.000000,0.380129,0.183715,0.207410,0.252729,0.224146,0.205124,0.185028,0.319361,0.298341,0.264773,0.097284,0.252478,0.253093,0.287529,0.189373,0.131202,0.123319,0.157038,0.079867,0.153638,0.298814,0.354409,0.345456,0.344456,0.304099,0.346868,0.271490,0.263107,0.230150,0.172776,0.370829,0.293311,0.255996,0.290502,0.102509,0.392036,0.208740,0.214122,0.148758,0.382193,0.343114,0.241903,0.209059,0.229862,0.255385,0.229087,0.299178,0.203463,0.263565,0.265199,0.243300,0.266255,0.274633,0.263246,0.242747,0.158646,0.310450,0.105517,0.407504,0.011235,0.072588,0.213516,0.268718,0.199030,0.185270,0.258201,0.096797,0.339828,0.276819,0.230763,0.318732,0.111719,0.104423,0.301437,0.285753,0.357831,0.204995,0.216010,0.293758,0.268888,0.103790,0.321979,0.237299,0.333238,0.246269,0.142863,0.220450,0.208332,0.214599,0.122319,0.311588,0.347774,0.400950,0.187535,0.239112,0.055899,0.044222,0.251048,0.087766,0.241670,0.293250,0.140165,0.268015,0.317030,0.305083,0.373775,0.268210,0.077096,0.204753,0.174667,0.198464,0.181231,0.150517,0.081658,0.231354,0.062263,0.365998,0.244171,0.062920,0.130182,0.123263,0.236936,0.197177,0.158753,0.196332,0.380143,0.338516,0.319277,0.077887,0.206525,0.213975,0.181355,0.151770,0.132128,0.195752,0.297709,0.136410,0.088166,0.225043,0.106437,0.042874,0.287245,0.183027,0.244337,0.020332,0.175799,0.276303,0.134407,0.146062,0.352744,0.149870,0.278330,0.248315,0.110156,0.292325,0.310350,0.223490,0.281308,0.341974,0.263905,0.141702,0.357821,0.254476,0.296648,0.342933,0.259186,0.265815,0.164706,0.233104,0.183517,0.214878,0.211143,0.165603,0.168453,0.238835,0.164516,0.326517,0.277532,0.375237,0.174342,0.093390,0.024244,0.222579,0.280564,0.274104,#
15,0.241313,0.138706,0.168937,0.217619,0.169766,0.204755,0.141037,0.254335,0.170671,0.149303,0.148231,0.218984,0.102243,0.234476,0.380129,1.000000,0.177097,0.354298,0.262316,0.153328,0.256110,0.191708,0.245482,0.255175,0.299958,0.285269,0.272264,0.246663,0.283509,0.113441,0.196386,0.256369,0.200671,0.286682,0.095141,0.096166,0.248388,0.232614,0.288764,0.302655,0.371592,0.293209,0.231154,0.216370,0.315188,0.308800,0.211045,0.263446,0.130517,0.071566,0.344991,0.278305,0.343424,0.089694,0.301871,0.203954,0.183768,0.274281,0.205706,0.373854,0.251699,0.098189,0.249160,0.229163,0.215509,0.155624,0.347866,0.370305,0.262128,0.218318,0.213307,0.329389,0.267063,0.301701,0.239604,0.164680,0.154892,0.388091,0.268741,0.177293,0.398447,0.133418,0.300901,0.295047,0.174701,0.204064,0.304549,0.097903,0.381718,0.290867,0.232652,0.108685,0.236478,0.376811,0.131616,0.139508,0.314274,0.188865,0.295006,0.228071,0.216619,0.154815,0.364047,0.276931,0.034464,0.220161,0.235896,0.235394,0.199998,0.340382,0.183754,0.253230,0.247032,0.080805,0.256423,0.403703,0.352000,0.099476,0.190655,0.312449,0.249756,0.344974,0.155830,0.300876,0.198414,0.100767,0.166742,0.179756,0.241694,0.180423,0.029799,0.390410,0.161765,0.233363,0.244999,0.295411,0.225029,0.121322,0.166337,0.154701,0.210000,0.313945,0.303115,0.163378,0.341261,0.219562,0.355277,0.226769,0.241197,0.209056,0.366569,0.164771,0.130160,0.454634,-0.021211,0.355766,0.102772,0.219071,0.234741,0.134636,0.063155,0.166025,0.212254,0.232508,0.271479,0.198590,0.147785,0.257137,0.165128,0.297138,0.183648,0.121643,0.284897,0.139015,0.302488,0.040079,0.248245,0.086605,0.082864,0.320687,0.247511,0.274136,0.066694,0.266931,0.220729,0.232498,0.109858,0.265381,0.237395,0.200189,0.000830,0.396727,0.262515,0.282421,0.152718,0.244983,0.067126,0.221868,0.061602,0.207532,#
16,0.223535,0.097228,0.211001,0.166332,0.113230,0.192515,0.215701,0.089467,0.072140,0.093173,0.139540,0.190469,0.194706,0.136056,0.183715,0.177097,1.000000,0.206889,0.133678,0.076822,0.459789,0.153920,0.343131,0.106075,0.085486,0.245421,0.193454,0.001682,0.155762,0.043188,0.195039,0.353904,0.017211,0.205766,-0.017184,0.198833,0.225993,0.111432,0.210771,0.275181,0.076527,0.285357,0.147021,0.244065,0.162394,0.270774,0.184440,0.211739,0.257477,-0.038340,0.018267,0.310235,0.342153,0.050335,0.249639,0.152471,0.012014,0.221513,0.262578,0.084899,0.072219,0.363057,0.168276,0.297423,0.307952,0.184799,0.287970,0.374743,0.069666,0.243674,0.028058,0.316279,0.161022,0.160389,0.224294,0.362961,0.201243,0.280375,0.316262,0.102304,0.031279,0.073548,0.123086,0.155496,0.123213,0.276845,0.368521,0.099338,0.313637,0.081792,0.236730,0.182912,0.073825,0.144693,0.137738,0.055033,0.234491,0.083028,0.327388,0.179675,0.115316,0.183895,0.068326,0.105192,0.114734,0.246299,0.121120,0.007668,0.051694,0.163491,0.250507,0.141680,0.167619,0.132256,0.245309,0.421938,0.242269,0.125730,0.074690,0.277995,0.115303,0.166172,0.299603,0.171796,0.188138,0.013150,0.165550,0.110532,0.116300,0.198443,-0.006414,0.252289,0.272401,0.060297,0.196756,0.247918,0.001281,0.193824,0.186864,0.306426,0.049237,0.129532,0.001725,0.221363,0.167106,0.098606,0.042645,0.165014,0.129821,-0.016885,0.241252,0.227883,0.076230,0.098257,0.156762,0.156142,0.142042,0.088495,0.159537,0.141011,0.033385,0.299073,0.241294,0.267480,0.225773,0.100728,0.169719,0.230249,0.060946,0.087132,0.020070,-0.056273,0.237978,0.059695,0.146868,0.196956,0.077753,0.045603,0.197888,0.130244,0.206439,0.234685,0.207711,-0.067228,0.050416,0.098145,0.281233,0.220774,0.235864,0.133476,0.166690,-0.040675,0.101423,0.125339,0.219535,0.222718,-0.030147,0.166559,0.051653,0.192814,#
17,0.374274,0.272926,0.116877,0.257724,0.191184,0.207015,0.225512,0.262054,0.075268,0.037441,0.219757,0.277474,0.098396,0.048962,0.207410,0.354298,0.206889,1.000000,0.143564,0.240385,0.342832,0.237894,0.340216,0.304017,0.289341,0.190689,0.157985,0.147031,0.276305,0.224998,0.191065,0.407210,0.387121,0.207725,0.030739,0.196766,0.167923,0.409758,0.240448,0.098572,0.171294,0.239382,0.138016,0.303247,0.153044,0.302900,0.304666,0.223501,0.410719,0.202186,0.253230,0.173412,0.164148,0.108311,0.241045,0.231880,0.256126,0.413287,0.218336,0.400107,0.225167,0.230449,0.201548,0.243325,0.145984,0.254905,0.279175,0.334809,0.212785,0.346619,0.315729,0.170711,0.355927,0.194696,0.221578,0.309746,0.251939,0.332174,0.157950,0.228892,0.266234,0.253455,0.494994,0.280706,0.267249,0.157490,0.206820,0.151389,0.435251,0.324730,0.234031,0.159428,0.173786,0.232137,0.112167,0.106257,0.281163,0.341747,0.282753,0.292776,0.159722,0.157215,0.208431,0.248470,0.040794,0.353319,0.246472,0.417230,0.036324,0.126917,0.204719,0.151088,0.203880,0.240445,0.089846,0.304619,0.250149,0.176173,0.165432,0.382232,0.136932,0.180443,0.180478,0.262061,0.357608,0.173380,0.212647,0.274040,0.039866,0.173528,0.007130,0.304822,0.335438,0.387407,0.218427,0.296856,0.322767,0.134498,0.253200,0.321563,0.272806,0.276381,0.135912,0.176132,0.314187,0.155083,0.090637,0.204607,0.223203,0.105940,0.260290,0.146721,0.152346,0.311396,0.071120,0.234718,0.150039,0.146555,0.439871,0.225170,0.262742,0.253240,0.230899,0.102312,0.301990,0.217771,0.108534,0.325853,0.104537,0.223222,0.407584,0.136074,0.225311,0.229269,0.321676,0.002069,0.314732,0.193772,0.160549,0.295194,0.234892,0.460993,0.164534,-0.080973,0.115444,0.192466,0.213380,0.339159,0.294194,0.269366,0.182211,0.327058,0.229897,0.136887,0.380060,0.297272,0.227168,0.151440,0.129529,0.188062,#
18,0.268836,0.249479,0.171407,0.207549,0.266177,0.187391,0.230961,0.200676,0.085630,0.001664,0.372628,0.176992,0.191211,0.215322,0.252729,0.262316,0.133678,0.143564,1.000000,0.199590,0.186181,0.161669,0.039757,0.268950,0.317927,0.210996,0.291218,0.276004,0.269856,0.186002,0.254987,0.245244,0.305222,0.066425,0.137452,0.227889,0.353447,0.175495,0.209530,0.255816,0.198539,0.293963,0.216877,0.208812,0.107039,0.266480,0.151696,0.209454,0.185032,0.116249,0.320360,0.049330,0.366885,0.250692,0.176304,0.147088,0.218409,0.299822,0.222172,0.139626,0.128700,0.177600,0.244811,0.302310,0.045784,0.310675,0.292700,0.342554,0.133418,0.009498,0.069563,0.194339,0.261743,0.234738,0.103518,0.015820,0.160447,0.235254,0.310657,0.270887,0.325151,0.140738,0.226454,0.298824,0.228499,0.031644,0.320203,0.101397,0.367255,0.186058,0.270475,0.160986,0.207410,0.268277,0.142081,0.066209,0.371215,0.200558,0.092822,0.294733,0.150688,0.320886,0.324391,0.270583,0.196883,0.277814,0.147856,0.262684,0.149252,0.238770,0.282337,0.286801,0.178885,0.276571,0.169623,0.142518,0.200007,0.118569,0.235374,0.286777,0.165738,0.291637,0.136830,0.065883,0.185298,0.196758,0.145011,0.121913,0.269030,0.255693,0.208702,0.315945,0.201610,0.126037,0.290353,0.037396,0.062261,0.285083,0.162222,0.331999,0.344751,0.090387,0.118316,0.146077,0.214755,0.201710,0.094069,0.126499,0.089263,0.203516,0.141267,0.273366,0.221548,0.153809,0.103198,0.311866,0.311626,0.222406,0.135051,0.287812,0.169379,0.165288,0.162687,0.188785,0.237707,0.159433,0.258848,0.243885,0.128858,0.275223,0.083888,0.156834,0.306726,0.024185,0.183566,0.083387,0.221657,0.348063,0.443299,0.253652,0.180242,0.232250,0.216086,0.087412,0.351282,0.182127,0.245213,0.357669,0.198862,0.261800,0.238336,0.297201,0.308725,0.191928,0.235930,0.249158,0.086905,0.293114,0.271513,0.275525,#
19,0.238476,0.204958,0.168035,0.129865,0.287493,-0.035942,0.242088,0.258452,0.206745,0.174145,0.126799,0.044444,0.258826,0.181861,0.224146,0.153328,0.076822,0.240385,0.199590,1.000000,0.098580,0.306606,0.238915,0.227610,0.154210,0.273448,0.124651,0.157009,0.233945,0.257230,0.112515,0.208792,0.205403,0.083252,0.108264,0.227874,0.047930,0.200370,0.375999,0.188519,0.185974,0.165694,0.027977,0.085596,0.195076,0.255902,0.258335,0.368950,0.254651,0.092475,0.185258,0.264773,0.106167,0.335592,0.213490,0.167176,0.156200,0.238745,0.240992,0.172691,0.098488,0.135994,0.209043,0.179215,0.179035,0.240507,0.142234,0.222905,0.237599,0.244394,0.190750,0.294849,0.283857,-0.037517,0.181936,0.144462,0.185431,0.281054,0.278161,0.029663,0.246837,0.203730,0.228963,0.100866,0.355810,0.118264,0.247903,0.101588,0.340600,0.232564,0.136960,0.199454,0.166639,0.149573,0.184884,0.184354,0.210797,0.346858,0.129681,0.198398,0.165497,0.103580,0.163240,0.189463,0.163751,0.304039,0.198588,0.397609,-0.001965,0.026359,0.256987,0.158201,0.164799,0.235824,0.294937,0.197664,0.223632,0.207720,0.312263,0.130672,0.268875,0.331601,0.115749,0.179671,0.307563,0.270109,0.213949,0.249967,-0.061139,0.105392,0.009602,0.041912,0.323730,0.207341,0.147053,0.162531,0.230439,0.202247,0.230421,0.282556,0.288396,0.229110,0.045511,0.042787,0.241055,0.128582,0.095905,0.331684,0.305170,0.037684,0.186448,0.194931,0.175209,0.277062,0.019938,0.146457,0.222153,0.169120,0.194404,-0.036518,0.229661,0.233365,0.284258,0.131479,0.219372,0.236546,0.121980,0.231560,0.118777,0.140845,0.307929,0.120747,0.189064,0.073589,0.242312,0.055083,0.221718,0.191221,0.064853,0.293805,0.122708,0.327627,0.014484,0.112373,0.153134,0.198682,0.194234,0.342298,0.277988,0.151987,0.201621,0.263928,0.193608,0.343051,0.154889,0.189634,0.245387,0.229528,0.226803,0.322740,#
20,0.319017,0.103483,0.296829,0.119569,0.168408,0.276462,0.211613,0.278715,0.221623,0.121178,0.134428,0.244392,0.282657,0.127945,0.205124,0.256110,0.459789,0.342832,0.186181,0.098580,1.000000,0.190402,0.306789,0.279957,0.318009,0.139299,0.137380,0.302274,0.228234,0.274640,0.214942,0.280051,0.221500,0.187185,0.129287,0.180007,0.188622,0.175518,0.163757,0.274591,0.201996,0.426675,0.168061,0.243036,0.237082,0.383657,0.158238,0.300739,0.301681,0.058755,0.130707,0.283192,0.411603,0.151361,0.216746,0.127398,0.236631,0.251263,0.255490,0.249269,0.225504,0.165313,0.267549,0.358105,0.386531,0.135709,0.294725,0.234311,0.282961,0.254809,0.121912,0.267336,0.446048,0.327896,0.117075,0.188946,0.343167,0.246537,0.152625,0.265954,0.144415,0.048113,0.368592,0.226021,0.135499,0.329584,0.378666,0.244384,0.346914,0.367609,0.226515,0.366557,0.230195,0.285712,0.166699,0.107006,0.417002,0.223448,0.166004,0.091702,0.147180,0.149071,0.216374,0.281428,0.127648,0.281892,0.167273,0.170493,0.108682,0.312512,0.315433,0.080952,0.150073,0.305799,0.110760,0.356326,0.355260,0.106620,0.000878,0.230975,0.212151,0.179174,0.189914,0.154285,0.259811,0.116804,0.312439,0.359977,0.145537,0.299547,0.095276,0.349909,0.233841,0.056858,0.264374,0.268861,0.240211,0.340284,0.236151,0.292235,0.245322,0.296279,0.000652,0.152674,0.294965,0.074782,0.125947,0.204144,0.196456,0.225631,0.254196,0.307190,0.079583,0.102367,0.178011,0.228841,0.151828,0.027159,0.315015,0.248826,0.208661,0.229842,0.157592,0.138204,0.411265,0.188155,0.114362,0.323497,0.168587,0.168102,0.235031,0.104052,0.169674,0.193510,0.167389,0.261140,0.145044,0.115699,0.329776,0.358660,0.277540,0.235346,0.180870,0.186045,0.201810,0.082153,0.212142,0.246058,0.291681,0.209993,0.273048,0.229701,0.296890,0.124843,0.334773,0.299263,0.133596,0.211865,0.159389,0.125942,#
21,0.365694,0.257651,0.333961,0.248769,0.271012,0.296349,0.194562,0.233524,0.187685,0.169150,0.248443,0.241006,0.020067,0.200786,0.185028,0.191708,0.153920,0.237894,0.161669,0.306606,0.190402,1.000000,0.246336,0.418939,0.312676,0.157393,0.307389,0.311545,0.277901,0.258091,0.264410,0.296122,0.220038,0.373970,0.132550,0.263049,0.294767,0.274121,0.344705,0.262331,0.246954,0.345748,0.112049,0.246252,0.295720,0.344467,0.359392,0.376320,0.162502,0.312788,0.289672,0.211088,0.320432,0.184852,0.268188,0.193132,0.231029,0.276549,0.259509,0.234343,0.130581,0.161884,0.381573,0.324262,0.352971,0.232861,0.237036,0.310030,0.319208,0.386716,0.475706,0.143882,0.385493,0.278058,0.233007,0.152949,0.302127,0.244641,0.210968,0.179199,0.352151,0.223073,0.205456,0.161960,0.361577,0.176610,0.286505,0.190776,0.330568,0.354202,0.181710,0.281906,0.286027,0.217686,0.275362,0.309602,0.297055,0.265282,0.167672,0.307722,0.374226,0.130877,0.205868,0.310152,0.200553,0.365969,0.205014,0.323933,0.146896,0.206241,0.292970,0.127201,0.292044,0.291627,0.141558,0.254190,0.416499,0.121205,0.240962,0.326522,0.244210,0.306840,0.089621,0.386324,0.212825,0.301386,0.212703,0.312581,0.108998,0.198134,0.245843,0.187822,0.282694,0.273740,0.271516,0.188913,0.282542,0.185118,0.187527,0.348644,0.230031,0.278568,0.218043,0.056073,0.243496,0.183347,0.220515,0.360806,0.263035,0.147518,0.231431,0.243091,0.275889,0.380193,0.131672,0.191936,0.218422,0.241860,0.276978,0.193797,0.353000,0.106072,0.154517,0.141453,0.321761,0.066081,0.015960,0.375335,0.114735,0.280760,0.280158,0.107917,0.315440,0.262831,0.217963,0.188619,0.250704,0.169049,0.263612,0.315847,0.253196,0.320819,0.111927,0.150862,0.217679,0.179641,0.293081,0.274024,0.422426,0.206548,0.262372,0.242074,0.316209,0.035617,0.347130,0.313185,0.183139,0.272050,0.190634,0.328652,#
