0,1.000000,0.062966,0.181364,0.108169,0.233377,0.066931,0.047888,0.000030,0.176151,0.177427,0.183743,0.067746,0.098177,0.043821,0.207174,0.064747,0.148934,0.258686,0.231571,0.293079,0.276519,0.216612,0.157457,0.271606,0.202496,0.147169,0.164720,0.040665,0.284689,0.299255,-0.024402,0.119772,0.174437,0.198733,-0.020705,0.128477,0.089227,0.158609,0.322809,0.206116,0.200010,0.096580,0.130978,0.133865,-0.014406,0.173970,0.189391,0.262048,0.195259,0.225780,0.163315,-0.004549,0.117237,0.133391,0.154744,0.266716,0.232449,0.169432,0.040892,0.105597,0.256301,0.030653,0.155478,0.034529,0.071910,0.134505,0.093010,0.115865,0.246665,0.145253,0.248482,0.137187,0.301173,0.197168,0.091647,0.004086,0.183494,0.222244,0.054235,0.079856,0.126439,0.167471,0.129233,0.206467,0.313649,0.036952,0.188959,0.170345,0.300605,0.083258,0.171516,0.088649,0.091261,0.201762,0.293403,0.149961,0.291007,0.076439,0.158502,0.224981,0.202984,0.207771,0.111082,0.163642,0.173243,0.162792,0.241365,0.102667,0.084773,-0.054568,0.023188,0.198412,0.149352,0.241161,0.024175,0.079936,0.250275,0.198360,0.193271,0.099058,0.305657,0.220625,0.193443,0.189433,0.142027,0.272173,0.176723,0.066203,0.140697,0.203558,0.292411,0.179613,0.264316,0.148799,0.152285,0.005407,0.338321,0.053322,0.136449,0.272828,0.270654,0.106622,0.133934,0.133807,0.151082,0.223042,0.165380,0.115665,0.298258,0.140774,0.015303,0.043239,0.252928,0.087209,0.178230,0.132190,0.012925,0.101540,0.160917,0.279166,0.120870,0.264858,0.020686,0.030876,0.227343,0.033417,0.143263,0.196819,0.137180,0.076865,0.353643,-0.091164,0.227760,0.166415,0.017006,0.238400,0.309587,0.179383,0.182824,0.062752,0.112209,0.241043,0.031287,-0.000650,0.151570,0.098560,0.401875,0.290801,0.258451,0.110546,0.080002,0.145689,0.104984,0.079430,0.285436,0.004913,0.090517,0.192300,0.400330,0.234836,#
1,0.062966,1.000000,0.196659,0.197197,0.209411,0.135910,0.281469,0.101685,0.236664,0.058732,0.335186,0.259176,0.182030,0.224946,0.070358,-0.021669,0.172731,0.175531,0.096318,0.174094,0.188700,0.249802,0.038331,0.216120,0.206269,0.237033,0.272984,0.285586,-0.020468,0.234357,0.191738,0.188606,0.102173,0.192644,-0.069402,0.147659,0.149286,0.131476,0.334241,0.074823,0.032239,0.074497,0.279615,0.172997,0.199541,0.252025,0.375242,0.272749,0.049586,0.020182,0.195197,0.139987,0.338036,0.139830,0.024415,0.191606,0.220365,0.135930,0.191757,0.112808,0.189887,0.177666,0.240833,0.063528,0.098578,0.185935,-0.009149,0.159512,0.244361,0.280842,0.065379,0.122833,0.301045,0.084192,0.211636,0.122028,0.152663,0.211531,0.275920,0.121549,0.229857,0.278264,0.165213,0.216185,0.252659,-0.163996,0.249705,0.151528,0.203852,0.237386,0.221083,0.186093,0.108483,0.220203,0.131950,0.161691,0.103320,0.043639,0.098238,0.102192,0.224237,0.094605,0.170567,0.195833,0.110742,0.214375,0.321520,0.296042,0.086011,0.216187,0.326190,0.192159,0.098176,0.174700,0.228549,0.267025,0.209652,0.214790,0.141205,0.166612,0.077295,0.186018,0.248969,0.211414,0.158088,0.158701,0.157996,0.158218,0.113615,0.175275,0.193089,0.209860,0.151432,0.230098,0.328329,0.315247,0.183355,0.298630,0.186713,0.287943,0.168698,0.048568,0.233235,0.161457,0.229371,0.181075,0.108868,0.070620,0.234560,0.139534,0.050757,0.112950,0.078123,-0.035858,0.334824,0.159111,0.086185,0.068296,0.031320,0.044889,0.051346,0.302671,0.189311,0.195569,0.242052,0.078907,0.071106,0.138312,0.186700,0.295923,0.178593,0.171725,0.160462,0.115702,0.091286,0.176573,0.042883,0.309668,0.253433,0.109079,0.106608,0.182604,0.192289,0.036476,0.153722,0.150932,0.153820,0.145718,0.143497,0.207835,0.298605,0.092119,0.055831,0.191395,0.194981,0.196525,0.008824,0.160604,0.123071,0.174063,#
2,0.181364,0.196659,1.000000,0.234220,0.191269,0.014856,0.215567,0.226960,0.113599,0.096022,0.250372,0.318434,0.203760,0.357580,0.048996,0.200657,0.129844,0.065010,0.202614,0.218827,0.288132,0.358984,-0.010115,0.128543,0.273460,0.303428,0.246294,0.191199,0.104950,0.287823,0.002689,0.075034,0.099811,0.069364,-0.012435,0.225493,0.156176,0.026301,0.093145,0.132663,0.252128,0.189719,0.320991,0.058123,0.050461,0.241147,0.169789,0.232066,0.039296,0.189853,0.326655,0.216228,0.249767,0.144549,-0.015347,0.194329,0.108172,0.156512,0.153375,0.227651,0.174261,0.110534,0.191118,0.242908,0.254694,0.217951,0.138652,0.035054,0.286447,0.308880,0.048263,0.090351,0.136127,0.149002,0.226885,0.180008,0.202839,0.236585,0.182957,0.021493,0.329369,0.071519,0.023165,0.197599,0.215770,0.026884,0.296515,0.262144,0.089558,0.153569,0.055393,0.215142,0.243626,0.197122,0.148863,0.265263,0.290998,0.109583,0.235213,0.149314,0.251928,0.129404,0.123392,0.211487,0.136891,0.175041,0.150962,0.103173,0.120047,0.278137,0.128060,0.210657,0.177942,0.149893,0.148286,0.301664,0.207017,0.221387,-0.030689,0.022425,0.172324,0.229608,0.148319,0.133200,0.227070,0.118751,0.304121,0.198625,0.165713,0.100313,0.229291,0.148360,0.151002,0.134117,0.330110,0.242562,0.258896,0.194709,0.060569,0.127805,0.067959,0.085337,0.264766,0.143754,0.269270,0.221815,-0.035871,0.140369,0.316831,0.076665,0.121494,0.299775,0.190108,0.144758,0.139655,0.079849,0.073305,0.068053,0.150555,0.249062,0.219072,0.351769,0.099297,0.336404,0.137234,0.113249,0.172124,0.155871,0.031845,0.137262,0.054611,0.285569,0.093047,0.098376,0.211389,0.070183,0.300750,0.153866,0.104582,0.231411,0.276090,0.114192,-0.023942,0.378099,0.029131,0.158840,0.142625,0.114224,0.241819,0.029546,0.069500,0.227606,0.358036,0.014979,0.149735,0.053919,0.015345,0.138533,0.301314,0.230659,#
3,0.108169,0.197197,0.234220,1.000000,0.300774,0.155286,0.312464,0.106662,0.232262,0.103511,0.246487,0.282857,0.134443,0.216408,0.104692,0.112240,0.196551,0.249084,0.185240,0.205484,0.279274,0.237878,0.077383,0.333557,0.217721,0.172751,0.145077,0.125936,0.184043,0.255312,0.214956,0.235356,0.346877,0.277856,-0.060090,0.199736,0.362539,0.364788,0.354708,0.085571,0.262211,0.323057,0.244524,0.422279,0.091652,0.289652,0.307212,0.294587,0.061951,0.234505,0.273949,0.221839,0.311534,0.023020,0.019912,0.345204,0.178431,0.118449,0.091552,0.250144,0.206372,0.079921,0.244346,0.126883,0.299810,0.290161,0.174964,0.214992,0.134461,0.299317,0.153856,0.107739,0.288066,0.145529,0.242463,0.388989,0.225867,0.224833,0.293487,0.063397,0.362555,0.297154,0.150505,0.144767,0.332072,0.114372,0.225936,0.130751,0.250195,0.216626,0.213420,0.219206,0.244799,0.310858,0.179245,0.280151,0.288720,0.109980,0.298151,0.262513,0.290906,0.090034,0.274907,0.219462,0.288103,0.229815,0.213758,0.121114,0.132908,0.176455,0.133954,0.236164,0.236775,0.194135,0.060431,0.113027,0.304875,0.119677,0.103802,0.180929,0.270193,0.160137,0.172944,0.373194,0.193738,0.076663,0.257037,0.214845,0.141850,0.292772,0.313313,0.295431,0.288927,0.285602,0.276453,0.201304,0.222357,0.234259,0.302712,0.194003,0.216444,0.260478,0.264076,0.226057,0.164098,0.189201,0.241475,0.315823,0.224186,0.223797,0.081343,0.176561,0.157491,0.219402,0.334502,0.072759,0.015689,0.206383,0.160015,0.338561,0.265738,0.283880,0.321847,0.330636,0.178096,0.148267,0.130900,0.215236,0.046318,0.168247,0.225884,0.098099,0.134870,0.017735,0.053927,0.298766,0.249904,0.270314,0.169262,0.158676,0.167462,0.294638,0.334070,0.161793,-0.024934,0.184103,0.176253,0.167554,0.132452,0.162159,0.079929,0.245546,0.336845,0.025238,0.144793,0.302015,0.270018,0.228034,0.213410,0.168109,#
4,0.233377,0.209411,0.191269,0.300774,1.000000,0.220174,0.102643,0.072390,0.304891,0.084022,0.172301,0.036286,0.262271,0.200119,0.124617,0.171229,0.139866,0.253590,0.231626,0.386402,0.321663,0.162657,0.177230,0.339382,0.133883,0.328854,0.059931,0.067885,0.163114,0.109320,-0.000589,0.101334,0.206090,0.124785,0.020879,0.276380,0.323648,0.212547,0.123421,0.085417,0.325736,0.380154,0.193562,0.039360,0.325835,0.139561,0.392185,0.234131,0.213843,0.285040,0.157666,0.145359,0.194755,0.145958,0.200869,0.388316,0.237254,0.166202,0.262754,0.159792,0.277353,0.227467,0.078814,0.035195,0.174262,0.093701,0.293509,0.093998,0.165544,0.190234,0.147376,0.204222,0.281051,0.215954,0.099628,0.044162,0.083104,0.325863,0.245462,0.022932,0.404656,0.263721,0.044946,0.069583,0.429949,0.051827,0.171923,0.224083,0.285453,0.317091,0.242311,0.098992,0.089214,0.259192,0.128179,0.320575,0.199342,0.194817,0.189060,0.130519,0.151164,-0.027972,0.268663,0.253057,0.197701,0.130418,0.057054,0.239595,0.049668,0.178042,0.336459,0.192565,0.316357,0.457891,0.244551,0.021561,0.202952,0.061617,0.104434,-0.035520,0.188849,0.245730,0.234816,0.150731,0.332866,0.095938,0.350838,0.133267,0.178051,0.092286,0.289770,0.108620,0.277083,0.176249,0.289865,0.254327,0.313375,0.087174,0.186695,0.206027,0.303292,-0.000666,0.252147,0.168462,0.217014,0.335945,0.085475,0.210937,0.280954,0.161430,0.185778,0.070788,0.205575,0.321573,0.212325,0.110892,0.251591,0.134957,0.117996,0.236229,0.214617,0.164389,0.109207,0.264435,0.111203,0.274091,0.111563,0.086161,0.051259,0.152124,0.175408,0.132408,0.206898,0.152778,0.204907,0.242270,0.261459,0.248369,0.186033,0.168354,0.022157,0.069131,0.266656,0.149057,0.078162,0.102992,0.130022,0.316850,0.228475,0.159452,0.168521,0.147616,0.182684,0.070410,0.113379,0.211499,0.185100,0.309556,0.219342,0.272785,#
5,0.066931,0.135910,0.014856,0.155286,0.220174,1.000000,0.134726,0.076855,0.206739,0.293644,0.198464,0.073820,0.218713,0.111989,0.136566,-0.016934,0.114325,0.122604,0.110802,0.041924,0.274000,0.115660,0.049876,0.211870,0.149739,0.148641,0.093494,0.145874,0.180496,0.174925,-0.000494,0.165377,0.256345,0.130712,-0.038710,0.060884,0.267164,0.018556,0.169005,0.214485,0.130178,0.271482,0.033831,0.126253,-0.036699,0.166848,0.085063,0.038642,0.096278,0.259873,0.086508,0.152214,0.060580,-0.074561,0.068369,0.178529,-0.024397,0.062717,0.238550,0.008305,0.153916,0.049904,0.174525,-0.035904,0.142120,0.193237,0.158391,0.025213,0.175502,0.098837,0.133697,0.159259,0.192252,0.318137,0.023957,0.002085,0.143430,0.084092,0.119643,0.150387,0.077928,0.202811,0.238628,-0.098011,0.119091,-0.011833,0.021936,0.110902,0.187870,0.074676,0.032263,0.245369,0.123263,0.210975,0.116521,0.182315,0.093050,0.056368,0.090848,-0.100554,0.137659,0.127295,0.096528,0.051228,0.076219,0.078912,0.060565,0.150378,0.059118,0.046401,0.289172,0.108150,0.204191,0.159029,0.085173,0.033389,0.181163,0.243358,0.099711,0.024662,-0.023116,0.168070,0.100753,0.143818,0.065651,0.078182,-0.109390,0.038256,0.385067,0.216920,0.226291,0.177655,0.199909,0.112036,0.329703,0.222008,0.108173,0.089679,0.001805,0.060781,0.247719,0.083561,0.125017,0.173454,0.097731,0.106407,0.061072,0.128266,-0.041055,0.160372,0.156177,-0.069026,0.140558,0.263144,0.208994,0.150057,0.152789,0.062122,0.241713,0.114229,0.127575,0.181166,0.098138,0.104247,0.047357,-0.020404,0.067094,0.117357,0.213967,0.218841,0.154913,0.126445,0.179465,0.041851,-0.031174,0.194880,0.204232,0.162440,0.250917,0.013457,0.044047,0.099393,0.314412,0.096955,0.054959,0.210055,0.251501,0.083103,0.160146,0.139470,0.096407,0.050400,0.195656,0.085194,0.284763,0.044628,0.058551,0.258012,0.078369,0.222171,#
6,0.047888,0.281469,0.215567,0.312464,0.102643,0.134726,1.000000,0.147206,0.206751,0.058893,0.232079,0.180378,0.009961,0.204297,0.050909,0.118788,0.168203,0.150234,0.211487,0.125179,0.186573,0.118246,-0.062077,0.075704,0.050600,0.194442,0.078851,0.111876,0.128632,0.163590,0.020952,0.203101,0.150856,0.201267,-0.123001,0.018288,0.061444,0.194227,0.159272,0.173606,0.150007,0.052307,0.020950,0.167348,0.077685,0.156724,0.211080,0.299723,0.112107,0.174662,0.117761,0.114176,0.267391,0.134687,-0.141777,0.131850,0.086037,0.177831,0.281440,0.304932,0.198336,0.109864,0.081778,0.147635,0.144991,0.391207,0.173394,0.241651,0.171660,0.151674,0.049040,0.161212,0.240959,0.100894,0.223365,0.201411,0.165837,0.254783,0.264278,0.071879,0.163748,0.109276,0.279967,0.090457,0.264480,0.035673,0.099322,0.201314,0.161055,0.202891,0.170337,0.080763,0.081491,0.211797,0.095031,0.123946,0.145598,0.065062,0.247018,0.187386,0.233136,0.238686,0.202818,0.046693,-0.178644,0.241101,0.099339,0.104837,0.155650,0.162065,0.169350,0.190226,0.130334,0.010428,0.069291,0.211196,0.282425,0.098426,0.199589,0.106723,0.174546,0.226793,0.021673,0.124823,0.138434,0.020961,0.034613,0.260759,0.093781,0.232725,0.173623,0.080648,0.220723,0.032263,0.268307,0.222191,0.103959,0.303917,0.132931,0.177914,0.121164,-0.010903,0.049308,0.310728,0.013764,0.147791,0.138471,-0.013583,0.204951,-0.109495,0.217535,-0.031333,0.199207,0.003603,0.300668,0.050715,-0.013477,0.175761,0.201991,0.049315,0.050838,0.295228,0.197638,0.245224,0.238364,0.165324,0.085578,0.179889,0.111845,0.218038,-0.035443,0.005875,0.144746,0.080116,0.088680,0.196549,0.083677,0.238805,0.287403,0.007085,-0.012128,0.123267,0.185964,0.297840,0.235266,0.170461,0.113410,0.169994,0.186886,0.290882,0.082611,0.106703,0.195750,0.184856,0.012598,0.086992,0.106297,0.154634,0.084061,0.269843,#
7,0.000030,0.101685,0.226960,0.106662,0.072390,0.076855,0.147206,1.000000,0.123191,0.193385,0.249933,0.389474,-0.000818,0.210281,0.190918,0.113653,0.095729,0.345068,0.067561,0.208003,0.213526,0.270767,0.111003,0.044393,0.219612,0.058100,0.229200,0.320861,0.054071,0.258510,0.168329,0.055519,0.175250,0.060620,-0.002355,0.167043,-0.065799,0.024937,0.155641,0.095987,0.141549,0.201941,0.148794,0.172405,0.141835,0.237711,0.083622,0.203019,0.202811,0.145673,0.143092,0.072337,0.110454,0.188809,0.064787,0.142789,0.220065,0.210689,0.145118,0.114580,0.241535,0.077981,0.216597,0.153214,0.244653,0.198379,0.191618,-0.024867,0.159633,0.250044,0.188580,0.027414,0.278235,0.175258,0.046912,0.185997,0.075768,0.260397,0.203663,0.257485,0.246383,0.104762,0.228505,0.110601,0.241375,0.037353,0.124096,0.053930,0.208845,0.201779,0.119653,0.110111,0.181422,0.225178,0.037632,0.092997,0.056042,0.202243,0.036901,0.086783,0.174010,0.062003,0.188178,0.088836,-0.029482,0.254092,0.393287,0.070130,0.104204,0.183073,-0.000342,0.075992,0.103670,0.169834,0.273837,0.274589,0.010768,0.048425,0.087454,0.240446,0.146084,0.217502,0.119267,0.163961,0.240791,0.108522,0.121665,0.182742,0.093796,0.080066,0.158982,0.176331,0.228869,0.123078,0.350176,0.184942,0.062148,0.432254,0.027419,0.221889,0.279852,0.076548,0.030256,0.109290,0.165123,0.084944,0.211927,0.212694,0.121927,0.115866,0.155936,0.223597,0.089431,0.053304,0.037540,0.123952,0.221179,0.135518,0.210942,0.221079,0.111537,0.243876,0.169623,0.124028,0.050635,0.195944,0.249140,0.174639,0.112976,0.143952,0.124833,0.071250,0.168723,0.086564,0.121562,0.106319,0.106137,0.158641,0.047158,0.145617,0.158472,0.122282,0.160771,0.255629,-0.256817,0.129643,0.063475,0.033752,0.190541,0.284045,0.240031,0.025737,0.298088,0.087829,0.134082,0.139753,0.049005,0.080474,0.239225,0.098769,#
8,0.176151,0.236664,0.113599,0.232262,0.304891,0.206739,0.206751,0.123191,1.000000,0.144203,0.230494,0.187088,0.160425,0.128192,0.245442,0.074120,0.075306,0.140887,0.110498,0.205510,0.247599,0.149540,0.041056,0.332079,0.118958,0.172330,0.076198,0.134751,-0.014502,0.150421,-0.018000,0.191316,0.076384,0.145836,-0.006682,0.203613,0.266109,0.106959,0.171126,0.158786,0.175398,0.158204,-0.003431,0.097370,0.294249,0.244303,0.132703,0.183753,0.083427,0.120045,0.074070,0.278497,0.116710,0.310093,0.086127,0.296177,0.099339,0.259704,0.093489,0.265384,0.180867,0.080056,0.258618,-0.074965,0.272343,0.328672,0.146481,0.081732,0.363313,0.184147,0.028645,0.112029,0.302018,0.046488,0.090376,0.085645,0.087528,0.198320,0.115910,0.061253,0.211659,0.280189,0.230098,0.083980,0.351606,0.075726,0.143657,0.177279,0.257071,0.282097,0.158329,0.260895,0.159426,0.099242,0.367898,0.298346,0.162548,0.101730,0.215862,0.060982,0.169590,0.045775,0.167018,0.104332,0.238860,0.195975,0.285094,0.127022,-0.031763,0.171641,0.092473,0.165703,-0.013681,0.262652,0.090309,0.258211,0.184593,0.171369,0.090286,0.247029,0.256896,0.159019,0.149645,0.161518,0.227213,0.232279,0.159693,0.290385,0.064415,0.170404,0.190577,0.028603,0.229397,0.118410,0.279229,0.206209,0.160503,0.258855,0.307102,0.136421,0.242367,0.102919,0.143334,0.043885,0.072396,0.090340,0.135083,0.262360,0.093239,0.199362,0.247878,0.003286,0.186682,0.163130,0.312651,0.227348,0.110308,0.215447,0.119982,0.214299,0.037600,0.178940,0.043605,0.151684,0.210481,0.084601,0.248007,0.149777,0.120998,0.106428,0.222986,0.053708,0.047712,0.098229,0.013739,0.259421,0.109188,0.276893,0.260659,0.129884,0.114931,0.176894,0.034251,0.143696,0.045259,0.171259,-0.042153,0.006293,0.303725,0.280063,0.175957,0.107072,0.181998,0.075047,0.210397,0.025992,0.168956,-0.060237,0.060720,0.128867,#
9,0.177427,0.058732,0.096022,0.103511,0.084022,0.293644,0.058893,0.193385,0.144203,1.000000,0.305433,0.045290,0.010120,0.138546,0.128607,0.118886,0.102237,0.048420,-0.091030,0.262399,0.087584,0.098401,0.073510,0.015183,0.007786,0.030447,0.259714,0.115575,0.095040,0.126173,0.235610,0.146353,0.065580,0.170441,0.112674,0.167963,0.030134,0.194814,0.115798,-0.020714,0.180221,0.243100,0.085170,-0.078658,0.023034,0.177294,0.075334,0.120989,0.008246,0.048712,0.090903,0.240494,0.142272,0.077744,0.069211,0.195741,0.156725,0.172369,0.116833,-0.002129,0.168280,0.069405,0.314698,0.075091,0.225649,0.168791,-0.040775,-0.067470,0.129141,0.030866,0.154354,0.170353,0.156863,0.132945,0.116605,0.129653,0.070890,0.122954,0.295579,0.150809,0.042953,0.273862,-0.058956,0.049502,0.229026,0.159487,0.209649,0.136167,-0.067151,-0.030304,0.020592,0.135166,0.114785,0.001855,0.119272,0.190869,0.164352,0.087718,0.049253,-0.034653,0.095905,0.188514,0.256876,0.092563,0.248920,0.151575,0.120291,0.049837,0.150985,0.063765,0.041025,0.130340,0.092203,0.239563,0.049459,0.146084,0.113030,0.223889,0.233960,-0.052547,0.166624,0.211870,0.070167,0.220705,0.149264,0.160832,-0.064405,0.157890,0.147617,0.178456,0.232057,0.033095,0.032182,0.154665,0.158568,0.131505,0.193880,0.282734,0.095127,-0.048500,0.059304,0.235256,0.148039,-0.014709,0.045280,0.034349,0.125236,0.213931,0.149801,0.351668,0.062714,-0.085290,0.328992,0.242287,0.150988,0.221017,0.159098,0.213564,0.346856,0.102483,0.176227,0.093288,-0.031243,0.260623,0.066648,-0.000374,0.083061,0.136593,0.337750,0.048459,0.109277,0.106672,0.212988,0.104791,-0.065917,0.165561,0.254349,0.017005,0.054999,0.135396,0.009419,0.122950,0.285068,0.133844,-0.044430,0.171571,0.172887,0.165187,0.259821,0.128081,0.137908,0.149089,0.020327,0.097968,0.146428,0.096345,0.075519,-0.018884,0.135439,0.213929,#
10,0.183743,0.335186,0.250372,0.246487,0.172301,0.198464,0.232079,0.249933,0.230494,0.305433,1.000000,0.107883,0.091680,0.237233,0.222219,0.045998,0.172481,0.235303,0.308675,0.290094,0.117811,0.157950,-0.067963,0.194777,0.124446,0.111118,0.197548,0.239113,0.111060,0.239509,0.227522,0.213305,0.200210,0.095483,0.048858,0.223282,0.049146,0.203803,0.339525,0.134596,0.177512,0.126459,0.209786,0.030890,-0.064948,0.218531,0.212840,0.254603,0.213352,0.162973,0.204244,0.225721,0.126758,0.142467,0.044617,0.302233,0.125090,0.179546,0.128409,0.200074,0.102518,0.231695,0.160947,0.211623,0.359498,0.315398,0.156626,0.036241,0.199887,0.168165,0.156257,0.146872,0.278606,0.208624,0.102920,0.255375,0.194672,0.120270,0.209389,0.139237,0.198254,0.161954,0.243677,0.230669,0.323521,0.011440,0.304378,0.141611,0.116903,0.208007,0.053573,0.065396,0.210590,0.106070,0.242244,0.264375,0.288269,0.014352,0.197871,0.166906,0.123492,0.140255,0.252850,0.107746,0.257983,0.169482,0.204660,0.232848,0.099543,0.144046,0.094201,0.260759,0.153049,0.172496,0.348468,0.275508,0.129973,0.144588,0.227844,-0.006856,0.093398,0.234885,0.148249,0.211492,0.206786,0.082289,0.080260,0.213744,0.137209,0.277897,0.395026,0.148629,0.228790,0.076831,0.242166,0.235626,0.204795,0.384505,0.141343,0.151342,0.288144,0.099691,0.209308,0.168287,0.114157,0.098958,-0.025166,0.115527,0.142043,0.186217,0.152385,0.162187,0.307495,0.060865,0.298743,0.174302,0.185937,0.019662,0.267648,0.213201,0.202626,0.161784,0.301402,0.239861,0.191734,0.106772,0.268555,0.233420,0.227587,0.119225,0.187376,0.169085,0.098764,0.132149,0.059818,0.108010,0.208822,0.202821,0.175993,0.260079,0.235654,0.168301,0.306584,0.110174,0.107776,0.226685,0.111073,0.047253,0.219570,0.177667,0.271855,0.137141,0.182642,0.096372,0.252927,0.112056,0.066916,0.230654,0.340314,0.400718,#
11,0.067746,0.259176,0.318434,0.282857,0.036286,0.073820,0.180378,0.389474,0.187088,0.045290,0.107883,1.000000,0.110193,0.144399,-0.066624,0.057712,0.104272,0.272392,0.135573,0.007762,0.115086,0.244784,-0.024787,0.177708,0.319237,0.225773,0.038707,0.275576,-0.097595,0.246512,0.208557,0.220997,0.177643,0.161122,-0.011391,0.183611,0.192334,0.085705,0.164740,0.094934,0.141308,0.261979,0.253089,0.309038,0.014379,0.309967,0.131867,0.154362,0.160070,0.011838,0.269216,0.159028,0.201693,0.234095,-0.111238,0.105335,0.259456,0.194083,0.213020,0.107318,0.077763,0.065610,0.293701,0.172227,0.209799,0.340274,0.160724,0.195664,0.178745,0.254751,0.031488,-0.042832,0.289811,0.100999,0.111102,0.186175,0.151581,0.149939,0.252325,0.158678,0.262673,0.053433,0.194051,0.153847,0.259874,-0.065739,0.232851,0.282089,0.273358,0.116805,0.181062,0.188545,0.318128,0.438152,0.097449,0.210764,0.044063,0.120136,0.189418,0.242856,0.239287,0.049856,0.118493,0.122684,0.038397,0.280606,0.317660,0.203180,0.184577,0.155907,0.179690,0.168579,0.202782,0.166474,-0.054582,0.391536,0.185650,0.134344,0.098482,0.168210,0.128082,0.202625,0.315198,0.189921,0.231939,0.170224,0.222800,0.288491,0.204072,0.125853,0.133488,0.284218,0.253732,0.307001,0.189339,0.151219,0.020056,0.346702,-0.011556,0.283307,0.108865,0.101974,0.138617,0.119076,0.125317,0.098070,0.135548,0.146969,0.223546,0.091037,0.041999,0.273954,0.182899,0.123622,0.211899,0.122011,0.089468,0.045600,0.185313,0.300001,0.136514,0.301361,0.037081,0.109994,0.180987,0.114385,0.339114,0.185672,0.219593,0.207963,0.221150,0.046717,0.124108,0.014488,0.143932,0.275510,0.295315,0.174481,0.137174,0.112240,0.179611,0.168097,0.079502,0.083411,-0.191476,0.263254,0.143216,0.145446,0.141394,0.155816,0.101562,0.040250,0.316640,-0.020358,0.245312,0.118127,0.157870,0.114963,0.159296,0.133756,#
12,0.098177,0.182030,0.203760,0.134443,0.262271,0.218713,0.009961,-0.000818,0.160425,0.010120,0.091680,0.110193,1.000000,0.036764,0.154963,0.064749,0.192461,0.089330,0.218039,0.361202,0.199620,0.090257,0.110466,0.240831,0.103275,0.134218,0.146588,0.146370,0.103474,0.274540,-0.085080,0.255108,0.227404,0.134955,0.113750,0.279565,0.261397,0.001268,0.216834,0.090950,0.251212,0.121034,0.212808,0.190413,0.200694,0.251509,0.106704,0.004682,0.156446,0.125599,0.223350,0.163991,0.164288,0.137388,0.091722,0.161361,0.053084,0.180552,0.239244,0.042630,0.166714,0.129427,0.158946,0.161792,0.273426,0.122618,0.157844,0.102893,0.224951,0.077351,-0.018238,0.173781,0.093989,0.058455,0.212907,0.124074,0.160452,0.082449,0.059395,-0.017808,0.131927,0.148222,0.105405,0.130155,0.269798,0.192140,0.094876,0.267351,0.200118,0.148649,0.190081,0.227158,-0.006166,0.238406,0.198949,0.172914,0.272464,0.137000,0.140578,-0.047357,0.255885,0.184955,0.096465,0.108407,0.296058,0.199104,0.210171,0.090288,0.065128,0.156603,0.218565,-0.025271,0.128765,0.241100,0.057332,0.044509,0.117389,0.213946,0.188641,0.145140,0.153103,0.165092,0.241135,0.132290,0.157879,0.048586,0.250017,0.154441,0.156741,0.079625,0.162790,0.103728,0.094472,0.126311,0.146415,0.129120,0.177020,0.140899,0.075918,0.176434,0.238786,-0.004936,0.057827,0.136166,-0.026636,0.123957,0.038220,0.180960,0.135248,0.063633,0.053943,0.301298,0.047453,0.153061,0.085920,0.084469,0.105169,-0.062127,0.104902,0.126612,0.074215,0.287420,0.153606,0.229029,0.061336,-0.041211,0.227635,-0.069586,0.113218,0.233178,0.113017,0.119874,0.117752,0.125292,0.137090,0.066588,0.190571,0.303929,0.038807,0.256756,0.155234,0.113802,0.259719,0.200528,0.114258,0.139102,0.079428,0.218921,0.126487,0.015223,0.221663,0.174619,0.178422,0.064541,0.060352,0.148858,0.128549,0.202812,0.211707,0.095663,#
13,0.043821,0.224946,0.357580,0.216408,0.200119,0.111989,0.204297,0.210281,0.128192,0.138546,0.237233,0.144399,0.036764,1.000000,0.285178,0.174821,0.219929,0.088826,0.196768,0.297963,0.228076,0.173740,-0.049005,0.204010,0.198430,0.325457,0.344266,0.193336,0.123782,0.188402,0.208539,0.234175,0.242083,0.174396,0.133847,0.129041,0.076097,0.186606,0.071033,0.132896,0.149662,0.222037,0.218927,0.195947,0.151511,0.237637,0.194187,0.218435,0.132918,0.184849,0.159454,0.229700,0.331465,0.215365,0.145945,0.313158,0.119015,0.262125,0.235417,0.269538,0.285390,0.101655,0.332771,0.104107,0.174869,0.201904,0.442531,0.145524,0.360227,0.204293,-0.056659,0.086076,0.215245,0.132948,0.285210,0.165140,0.307000,0.342648,0.295568,0.112781,0.223428,0.323226,0.102668,0.398537,0.345113,0.020234,0.306848,0.286606,0.250974,0.262749,0.090971,0.220759,0.274834,0.309937,0.105314,0.235224,0.215899,0.072823,0.194234,0.214988,0.309257,0.203667,0.277264,0.279770,0.128224,0.277863,0.282966,0.229907,0.320754,0.216690,0.093207,0.116228,0.323131,0.216738,0.251973,0.230252,0.298663,0.241354,0.076702,0.129161,0.352906,0.287498,0.155095,0.359204,0.300826,0.177523,0.141172,0.119857,0.335605,0.225400,0.199482,0.128949,0.123369,0.139274,0.368764,0.329283,0.278496,0.257402,0.329856,0.198500,0.049477,0.103214,0.354768,0.188497,0.254665,0.370254,0.161635,0.262530,0.034826,0.260501,0.139539,0.180841,0.178783,0.295170,0.262860,0.228914,0.071540,0.288501,0.266241,0.289871,0.116371,0.349800,0.137180,0.381051,0.196362,0.190036,0.112618,0.139586,0.186008,0.271054,0.208252,0.307243,0.111065,0.115751,0.137183,0.261417,0.133998,0.145860,0.285150,0.012869,0.173852,0.197485,0.183332,0.315082,0.094721,0.250464,0.204012,0.207800,0.135266,0.208820,0.134624,0.289695,0.232939,0.110992,0.109100,0.220471,0.186290,0.219544,0.276283,0.176210,#
14,0.207174,0.070358,0.048996,0.104692,0.124617,0.136566,0.050909,0.190918,0.245442,0.128607,0.222219,-0.066624,0.154963,0.285178,1.000000,0.214589,0.096376,0.181193,0.191734,0.375401,0.162101,0.063453,0.113470,0.301071,0.121832,0.074790,0.225381,0.165629,0.147724,0.201241,-0.000600,0.112113,0.108695,0.014085,0.082093,0.136659,0.136243,0.232869,0.141001,0.226150,0.236452,0.070541,0.223028,-0.020097,0.173568,0.335313,0.157574,0.126645,0.109606,0.098331,0.281841,0.058873,0.210785,0.209480,0.357499,0.258346,0.220629,0.090047,0.068154,0.078281,0.300560,0.184177,0.082803,0.099356,0.193441,0.094019,0.246865,0.163801,0.259783,0.153835,0.021442,0.175123,0.075735,0.288135,0.070950,0.098311,0.086466,0.175915,0.083106,0.202262,0.236164,0.180532,0.174220,0.270448,0.300766,0.206077,-0.023490,0.072347,0.150110,0.161625,0.210668,0.174811,0.210615,0.185528,0.302338,0.032028,0.203571,0.099944,0.070608,0.095241,0.176421,0.195324,0.130613,0.200530,0.166920,0.248850,0.327195,0.321432,0.099967,0.167450,-0.090753,-0.060218,0.170310,0.123572,0.143793,0.111027,0.072739,0.253646,0.222893,0.176905,0.391764,0.227440,-0.024030,0.124387,0.226425,0.065335,0.142623,0.147130,-0.015867,0.283096,0.115409,0.167212,0.170208,-0.041679,0.144063,0.070159,0.207737,0.143872,0.068871,0.108967,0.334947,0.243227,0.218612,0.072459,0.060299,0.224350,0.060540,0.142004,-0.040124,0.077188,0.182371,0.017839,0.004928,0.240478,0.159899,0.093649,0.149819,0.141791,0.129962,0.092839,0.061391,0.157110,0.091476,0.118428,0.189629,-0.067614,0.178593,0.147648,0.034744,0.171024,0.311166,0.277873,0.125068,0.110352,0.111155,0.055534,0.327678,0.295798,0.272966,0.235907,0.029064,0.208237,0.155832,0.208772,0.228363,0.172150,0.153996,0.003279,0.109995,0.207151,0.055336,0.196987,0.176958,0.247755,0.113306,0.040574,0.020206,0.152786,0.234473,0.150226,#
15,0.064747,-0.021669,0.200657,0.112240,0.171229,-0.016934,0.118788,0.113653,0.074120,0.118886,0.045998,0.057712,0.064749,0.174821,0.214589,1.000000,0.248789,0.204113,0.165945,0.191951,0.066821,0.060814,0.041807,0.181951,0.063330,0.303366,0.174351,0.121453,0.165357,0.094859,0.058047,0.193698,0.047689,0.255089,0.000264,0.014244,0.090685,0.150580,0.161514,-0.036856,0.194398,0.127115,0.115917,0.113399,0.187977,0.156495,-0.024231,0.104756,-0.045054,0.144212,-0.021897,0.107722,0.226967,0.096779,0.084994,0.151300,0.024544,0.130073,0.131197,0.214627,0.118461,0.016484,0.217284,-0.004958,0.067632,0.172965,0.130513,0.180590,0.182447,0.019839,0.143092,0.208873,0.116164,0.110566,0.094511,0.173439,-0.035331,0.299407,0.064814,0.154857,0.244331,0.116424,-0.004325,0.306763,0.156631,0.038312,0.087919,0.172090,0.224194,0.139571,0.039738,0.101845,0.152138,0.245657,0.087388,0.071620,0.220389,0.051096,0.120762,-0.048357,0.169053,0.090040,0.140987,0.098498,-0.037123,0.193728,0.156272,0.111357,0.045397,0.259478,-0.016890,0.182275,0.050656,0.067277,0.121594,0.236476,0.124219,-0.002178,0.147309,0.018062,0.284632,0.243698,0.096335,0.292510,0.231329,-0.091307,0.103350,0.080009,0.118355,0.046096,0.097632,0.242798,0.086801,0.152191,0.165023,0.183763,0.085498,0.032371,0.087031,-0.081449,-0.039229,0.141109,0.143368,0.017615,0.216715,0.056874,0.057404,0.206787,0.287639,0.182256,0.133814,-0.102351,0.151026,0.383921,-0.058282,0.310241,0.015192,0.184312,0.145125,0.098167,0.025233,0.049749,0.159272,0.198833,0.109394,0.113376,0.243254,0.099947,0.107597,0.007708,-0.012507,0.042769,0.143887,-0.054582,0.185856,-0.039299,0.256104,0.047716,-0.072115,0.106173,0.158066,0.179112,0.095639,0.265459,-0.011472,0.129224,0.008978,0.087398,0.078491,0.099183,-0.109558,0.156008,0.153969,0.112777,0.027904,0.088329,0.064893,0.108912,0.080535,-0.032734,#
16,0.148934,0.172731,0.129844,0.196551,0.139866,0.114325,0.168203,0.095729,0.075306,0.102237,0.172481,0.104272,0.192461,0.219929,0.096376,0.248789,1.000000,0.184012,0.188576,0.264030,0.272156,0.182935,0.225533,0.114716,-0.043989,0.322544,0.154597,0.004390,0.093645,0.189313,0.127203,0.273147,0.012485,0.317856,0.020456,0.229395,0.125762,0.086065,0.180348,0.150289,0.075530,0.181867,0.123141,0.112689,0.173311,0.344414,0.104102,0.139929,0.119215,0.015123,0.079106,0.218988,0.342201,0.057954,0.153694,0.141825,0.042657,0.107104,0.194960,0.084100,0.115040,0.269307,0.283637,0.232010,0.228544,0.180613,0.202942,0.335888,0.101791,0.200838,0.026861,0.256313,0.307193,0.019971,0.116965,0.311491,0.098572,0.319430,0.198395,0.128782,0.067028,0.231689,0.050627,0.109788,0.141017,0.101864,0.282038,0.199139,0.212257,0.040687,0.166920,0.184011,0.057295,0.129815,0.145537,0.110499,0.284713,-0.021628,0.110522,0.189032,0.154825,0.085136,-0.005783,0.102739,0.179692,0.093641,0.200103,0.001433,-0.040059,0.226255,0.146442,0.179607,0.176601,0.166236,0.212887,0.303452,0.157515,0.096618,0.030197,0.198123,0.169631,0.125742,0.233224,0.237314,0.264152,-0.039789,0.071562,0.055363,0.099541,0.222502,0.106025,0.176356,0.380809,-0.050968,0.359032,0.254953,0.079047,0.246245,0.124657,0.245976,-0.034111,0.103138,0.132618,0.204974,0.273755,0.178981,-0.052508,0.170545,0.229840,0.088827,0.046297,0.126091,0.112835,0.155764,0.189846,0.198013,0.013804,0.128074,0.172056,0.246631,0.042995,0.311539,0.204395,0.323541,0.123996,0.090470,0.299599,0.129471,0.072486,0.044882,0.022409,0.001519,0.087741,-0.022724,0.166823,0.260638,0.128203,0.072632,0.152294,0.076014,0.080908,0.133980,0.246972,-0.002849,0.002474,0.183061,0.318144,0.174062,0.139317,0.140643,0.210250,-0.073003,-0.014945,0.081296,0.237142,0.250436,0.046212,0.209664,0.072322,0.041201,#
17,0.258686,0.175531,0.065010,0.249084,0.253590,0.122604,0.150234,0.345068,0.140887,0.048420,0.235303,0.272392,0.089330,0.088826,0.181193,0.204113,0.184012,1.000000,0.167780,0.345447,0.389146,0.117944,0.080321,0.266797,0.143135,0.215108,0.066053,0.140274,0.124494,0.240394,0.065331,0.141059,0.369724,0.148433,-0.028660,0.205487,0.023867,0.261290,0.284489,0.027863,0.286875,0.167078,0.066351,0.260312,0.126305,0.212609,0.214579,0.126912,0.217745,0.166307,0.208310,0.058351,0.080409,0.098563,0.127514,0.264605,0.315561,0.213218,0.202239,0.224449,0.258169,0.119678,0.142266,0.100576,0.155785,0.257771,0.285385,0.232390,0.198104,0.274045,0.110024,0.218137,0.293461,0.155988,0.147552,0.282094,0.099009,0.284193,0.081125,0.289468,0.194225,0.190756,0.407857,0.158374,0.238029,-0.094905,0.184784,0.186613,0.312206,0.181734,0.128337,0.109544,0.213493,0.272074,0.060294,0.173554,0.270681,0.378532,0.215721,0.191466,0.124150,-0.002722,0.197781,0.174520,0.084199,0.290304,0.219219,0.181284,0.035902,0.015013,0.193203,0.187826,0.193354,0.335449,0.094411,0.270450,0.185210,0.085704,0.108498,0.197998,0.129944,0.262616,0.171976,0.293417,0.427618,0.059479,0.195094,0.267829,0.069923,0.113646,0.127014,0.267733,0.328952,0.226944,0.231297,0.272694,0.265846,0.264823,0.140079,0.327631,0.212921,0.127870,0.139477,0.170004,0.250827,0.213281,-0.035879,0.041559,0.115448,0.002688,0.146158,-0.052144,0.030440,0.268018,0.202734,0.161584,0.092941,0.135976,0.353347,0.356768,0.229566,0.331411,0.187021,0.161175,0.170925,0.200626,0.252414,0.280516,0.097080,0.128459,0.345091,0.014089,0.092231,0.118355,0.205521,0.042308,0.257926,0.160133,-0.021448,0.296782,-0.016972,0.287129,0.222189,0.155080,0.007211,0.122073,0.184614,0.168526,0.280555,0.199817,0.164838,0.228059,0.250416,0.063949,0.338952,0.166840,0.220561,0.112998,0.198996,0.201515,#
18,0.231571,0.096318,0.202614,0.185240,0.231626,0.110802,0.211487,0.067561,0.110498,-0.091030,0.308675,0.135573,0.218039,0.196768,0.191734,0.165945,0.188576,0.167780,1.000000,0.195585,0.229935,0.148620,-0.027150,0.351882,0.262886,0.137763,0.200507,0.220925,0.110264,0.179957,0.060081,0.049735,0.255127,0.104837,0.109435,0.242743,0.235742,0.089395,0.184482,0.241377,0.164774,0.289853,0.150978,0.202732,0.139775,0.181001,0.104686,0.170840,0.091701,0.218990,0.220989,0.045047,0.260647,0.154630,0.062695,0.155524,0.151572,0.146195,0.185484,0.014806,0.165686,0.118225,0.161438,0.150365,0.087171,0.272447,0.281794,0.267794,0.189350,-0.003146,-0.030801,0.146326,0.098228,0.027254,0.051598,0.195652,0.064725,0.234026,0.209238,0.120200,0.228686,0.062572,0.194045,0.263066,0.238866,-0.081475,0.222331,0.049136,0.214272,0.165263,0.234567,0.106573,0.161166,0.272787,0.188674,0.249295,0.278971,0.113017,0.214003,0.240489,0.109801,0.233466,0.241947,0.148795,0.225377,0.261294,0.168749,0.207298,0.192867,0.247384,0.165859,0.332511,0.168248,0.106559,0.136060,0.150332,0.110451,0.061779,0.211054,0.192028,0.095287,0.165369,0.144556,0.087296,0.234747,0.021513,0.171520,0.136117,0.292978,0.208795,0.227436,0.242995,0.167082,0.109491,0.281480,-0.043314,0.179940,0.265348,0.052090,0.237311,0.266400,-0.029942,0.146579,0.091772,0.165399,0.171999,-0.042314,0.063457,0.128622,0.042806,0.076506,0.200227,0.173942,0.151157,0.164802,0.260893,0.243450,0.175005,0.052318,0.314433,0.123366,0.198600,0.136587,0.188004,0.153795,0.111452,0.224659,0.181497,0.076632,0.156202,-0.019728,0.076231,0.173528,0.028376,0.047420,0.137147,0.201285,0.260512,0.303125,0.127036,0.109576,0.192465,0.242159,0.068111,0.176752,0.122000,0.271179,0.246131,0.159481,0.165050,0.126573,0.266413,0.232263,0.066458,0.154412,0.075495,0.079780,0.262119,0.317074,0.187304,#
19,0.293079,0.174094,0.218827,0.205484,0.386402,0.041924,0.125179,0.208003,0.205510,0.262399,0.290094,0.007762,0.361202,0.297963,0.375401,0.191951,0.264030,0.345447,0.195585,1.000000,0.262222,0.236061,0.147205,0.252001,0.056245,0.341519,0.315980,0.126737,0.204083,0.365608,0.028166,0.273817,0.246561,0.150599,0.179907,0.315419,0.040012,0.168804,0.378297,0.089542,0.261535,0.256411,0.086087,0.063295,0.169406,0.313133,0.327342,0.390987,0.146650,0.275256,0.233673,0.198968,0.173855,0.333667,0.210623,0.272743,0.223737,0.203730,0.203066,0.175631,0.350037,0.202155,0.195793,0.219315,0.313189,0.232388,0.235734,0.258949,0.267271,0.275520,0.185757,0.332835,0.285578,0.089594,0.236002,0.377993,0.128530,0.361660,0.323013,0.070563,0.306809,0.314587,0.184330,0.193097,0.411602,0.041282,0.231101,0.175241,0.286966,0.206844,0.121132,0.233234,0.238765,0.201111,0.212944,0.162526,0.291406,0.236329,0.062811,0.160402,0.214456,0.190406,0.292112,0.303988,0.318787,0.278179,0.210363,0.417318,0.087316,0.110985,0.140654,0.212089,0.281174,0.363928,0.271079,0.238936,0.269425,0.328248,0.270836,0.034047,0.404382,0.371186,0.241932,0.360444,0.487176,0.199082,0.293831,0.254599,0.014714,0.191611,0.167954,0.061598,0.365201,0.124851,0.199716,0.243361,0.290674,0.324827,0.214825,0.272306,0.271484,0.244508,0.242250,0.200932,0.217668,0.210514,0.032743,0.298009,0.276256,0.083402,0.154887,0.180233,0.185326,0.383984,0.260764,0.090702,0.145272,0.158178,0.247748,0.176617,0.262268,0.325030,0.268215,0.275681,0.210371,0.157080,0.169831,0.179381,0.211091,0.076956,0.282020,0.148752,0.220897,0.148244,0.166208,0.099838,0.318150,0.318775,0.154042,0.238646,0.090538,0.355163,0.174109,0.223255,0.183613,0.237710,0.206414,0.270296,0.316055,0.197723,0.299087,0.274798,0.152324,0.193743,0.185699,0.189279,0.213534,0.167536,0.318645,0.370266,#
20,0.276519,0.188700,0.288132,0.279274,0.321663,0.274000,0.186573,0.213526,0.247599,0.087584,0.117811,0.115086,0.199620,0.228076,0.162101,0.066821,0.272156,0.389146,0.229935,0.262222,1.000000,0.198356,0.146955,0.267326,0.318764,0.311651,0.192149,0.221638,0.184789,0.232329,0.131290,0.147192,0.293704,0.124875,0.005222,0.209437,0.191711,0.173201,0.138413,0.198130,0.232060,0.378854,0.094553,0.070770,0.278881,0.300453,0.315324,0.179111,0.176784,0.195181,0.037705,0.252500,0.246682,0.192137,0.201857,0.177676,0.252997,0.222687,0.291512,0.142910,0.305616,0.116285,0.321702,0.195044,0.217591,0.163591,0.289425,0.161621,0.413878,0.253312,0.166626,0.240983,0.407997,0.218089,0.087122,0.124922,0.236937,0.380292,0.225108,0.156066,0.096851,0.214824,0.320077,0.147612,0.271526,0.191081,0.295772,0.220534,0.385935,0.250045,0.214327,0.285117,0.212466,0.293973,0.218195,0.277130,0.290423,0.253406,0.130821,0.021007,0.216382,0.103116,0.182244,0.246128,0.160804,0.237295,0.210977,0.189544,0.096294,0.266606,0.294956,0.246846,0.179409,0.298404,0.149592,0.323620,0.355502,0.128970,0.034222,0.162571,0.118762,0.248952,0.139978,0.194166,0.333533,0.193384,0.305089,0.328069,0.222793,0.196385,0.223325,0.278079,0.256572,0.105542,0.351643,0.246306,0.379628,0.259391,0.241894,0.178501,0.261888,0.197390,0.112134,0.233958,0.332284,0.170651,-0.060336,0.208544,0.252992,0.219925,0.239683,0.208982,0.032331,0.115834,0.217255,0.188324,0.170670,0.078027,0.159529,0.453886,0.247876,0.334608,0.194169,0.232642,0.284237,0.149197,0.023669,0.267405,0.115818,0.099546,0.306136,0.086913,0.122687,0.082510,0.080752,0.349606,0.166694,0.135851,0.313218,0.249378,0.155074,0.189825,0.162466,0.246229,0.090909,-0.023395,0.321299,0.202254,0.248227,0.329331,0.181042,0.322588,0.201302,0.061934,0.323190,0.230369,0.237529,0.282960,0.244012,0.148329,#
21,0.216612,0.249802,0.358984,0.237878,0.162657,0.115660,0.118246,0.270767,0.149540,0.098401,0.157950,0.244784,0.090257,0.173740,0.063453,0.060814,0.182935,0.117944,0.148620,0.236061,0.198356,1.000000,0.092350,0.147405,0.210692,0.096876,0.215203,0.254217,0.206286,0.266329,0.117240,0.222695,0.160505,0.269358,-0.085911,0.268565,0.297853,0.215796,0.350676,0.087309,0.135248,0.236463,0.054770,0.244752,0.154070,0.222883,0.253441,0.302885,0.011751,0.150661,0.218561,0.092100,0.210046,0.135331,0.122435,0.173146,0.192554,0.122788,0.017284,0.109141,0.145280,0.000895,0.265287,0.195221,0.288052,0.230877,0.048160,0.130370,0.301459,0.362533,0.232736,0.113867,0.392715,0.300577,0.059292,0.172184,0.151485,0.189804,0.105711,0.145540,0.272420,0.192294,0.128999,-0.027942,0.286066,-0.093321,0.255105,0.103878,0.243216,0.294744,0.073727,0.112647,0.122376,0.147307,0.184258,0.170680,0.245628,0.195548,-0.000669,0.210589,0.376315,0.096895,0.105467,0.112071,0.173719,0.217086,0.281014,0.207690,0.143809,0.105306,0.177742,0.212303,0.124065,0.235655,0.109606,0.298843,0.294620,0.156382,0.159665,0.206592,0.160467,0.272372,0.071696,0.344359,0.204736,0.021234,0.220758,0.193369,0.076210,0.019206,0.139322,0.138299,0.281324,0.163525,0.212871,0.103763,0.326317,0.190167,0.083494,0.306411,0.145590,0.268238,0.179772,0.052679,0.216758,0.195061,0.096879,0.193665,0.213647,0.074042,0.023489,0.136968,0.126171,0.027114,0.236013,0.065478,0.006804,0.176323,0.122271,0.181898,0.301381,0.283749,0.122278,0.086704,0.239487,0.071898,0.040922,0.258598,0.072142,0.301924,0.140532,0.094321,0.281108,0.162269,0.028768,0.254309,0.285160,0.205666,0.123628,0.209522,0.106757,0.236573,0.035838,0.187323,-0.045981,0.098449,0.185737,0.241415,0.307584,0.231466,0.270082,0.069192,0.274971,0.053263,0.268232,0.230890,0.153978,0.198051,0.219489,0.209626,#
