0,1.000000,0.821372,0.821743,0.791248,0.739667,0.842724,0.805771,0.816226,0.813755,0.760781,0.796265,0.825345,0.791783,0.800315,0.791705,0.782731,0.812478,0.844189,0.804985,0.801001,0.830045,0.783423,0.838266,0.822606,0.730509,0.791491,0.790552,0.792755,0.783208,0.815211,0.799231,0.808682,0.806904,0.791568,0.825014,0.795800,0.771260,0.823956,0.812896,0.841033,0.827240,0.777732,0.807682,0.784225,0.807948,0.760538,0.828411,0.832216,0.814112,0.837806,0.812815,0.816760,0.826998,0.825029,0.827874,0.848055,0.811819,0.852900,0.805897,0.811991,0.831489,0.783523,0.817327,0.814462,0.823974,0.811972,0.861273,0.801674,0.810330,0.755926,0.803277,0.815198,0.847238,0.830616,0.805748,0.798330,0.843792,0.798223,0.821927,0.781981,0.838323,0.804264,0.832419,0.839104,0.820414,0.845457,0.801083,0.811209,0.767588,0.816539,0.784902,0.823876,0.798339,0.822626,0.792453,0.801356,0.794300,0.782611,0.814725,0.857425,0.819720,0.798968,0.825939,0.832702,0.790475,0.805119,0.787457,0.830407,0.794776,0.739684,0.804119,0.818419,0.800589,0.763292,0.798215,0.847716,0.808267,0.780318,0.818082,0.796300,0.770201,0.866640,0.809023,0.863049,0.807120,0.811444,0.781919,0.797928,0.775075,0.781575,0.812644,0.820408,0.821250,0.771660,0.828284,0.806076,0.793704,0.822208,0.807791,0.823229,0.789496,0.782256,0.762189,0.829979,0.807530,0.731024,0.802226,0.772277,0.821634,0.833060,0.845004,0.816092,0.807299,0.800955,0.786800,0.784476,0.816267,0.825412,0.838807,0.823283,0.830796,0.825637,0.794311,0.820599,0.835103,0.810742,0.830035,0.805310,0.792897,0.786662,0.830675,0.808700,0.793563,0.842135,0.846197,0.776198,0.804661,0.833875,0.795349,0.790438,0.795178,0.815997,0.781942,0.776043,0.796533,0.775591,0.802212,0.814053,0.780224,0.793527,0.780609,0.829967,0.800449,0.813758,0.776287,0.810800,0.778019,0.850682,0.814181,0.787949,#
1,0.821372,1.000000,0.797457,0.834315,0.820192,0.853550,0.767225,0.810397,0.830088,0.805870,0.807546,0.812871,0.811183,0.804899,0.814360,0.804667,0.795228,0.805240,0.828334,0.834405,0.830053,0.869190,0.851156,0.829384,0.783886,0.751243,0.838497,0.836460,0.801145,0.770908,0.842890,0.847468,0.824445,0.834022,0.800309,0.810790,0.767483,0.856073,0.847148,0.820608,0.808904,0.766251,0.785422,0.807186,0.786250,0.786940,0.855106,0.811627,0.830720,0.816161,0.795915,0.842556,0.839249,0.801223,0.853635,0.823557,0.812613,0.847082,0.833933,0.786773,0.797677,0.819903,0.751039,0.777086,0.829137,0.827546,0.841488,0.841496,0.826741,0.823560,0.802255,0.818605,0.869033,0.787410,0.831402,0.827568,0.810447,0.803714,0.828964,0.795149,0.832856,0.792812,0.868867,0.844956,0.844555,0.816605,0.810155,0.824597,0.829339,0.816576,0.795072,0.811485,0.841127,0.829913,0.789820,0.797997,0.796550,0.815094,0.795307,0.838126,0.832827,0.838843,0.789867,0.815155,0.778446,0.811958,0.782534,0.832767,0.800066,0.761193,0.810989,0.789719,0.794035,0.797228,0.784220,0.805559,0.815836,0.818347,0.783039,0.781422,0.842616,0.837014,0.785202,0.829679,0.780657,0.784457,0.798774,0.815839,0.814974,0.842288,0.802742,0.857299,0.794592,0.786853,0.860216,0.815917,0.803459,0.803225,0.822371,0.775183,0.831584,0.815441,0.830665,0.854081,0.793983,0.797852,0.801351,0.760186,0.839455,0.825220,0.836533,0.848565,0.826551,0.783494,0.833583,0.772541,0.830231,0.833193,0.788219,0.802444,0.820610,0.853215,0.805553,0.851167,0.824744,0.793859,0.823691,0.793606,0.774924,0.795739,0.822683,0.799739,0.802764,0.831565,0.819192,0.782193,0.796938,0.861224,0.765710,0.826274,0.808334,0.817243,0.799711,0.784652,0.805901,0.840498,0.832730,0.758033,0.788535,0.793540,0.830922,0.786015,0.797714,0.816831,0.848443,0.754715,0.779913,0.835686,0.800012,0.803214,#
2,0.821743,0.797457,1.000000,0.776703,0.744568,0.808634,0.763637,0.791761,0.800774,0.743861,0.761874,0.727763,0.743639,0.778178,0.772593,0.765131,0.755616,0.790948,0.757132,0.790907,0.764919,0.765997,0.776775,0.831388,0.722184,0.753203,0.824691,0.803087,0.826439,0.797860,0.809371,0.764009,0.775450,0.756072,0.774688,0.780024,0.762503,0.796516,0.819022,0.778637,0.760458,0.766299,0.780149,0.756897,0.737718,0.742499,0.829424,0.751650,0.768350,0.826445,0.779043,0.808681,0.804349,0.805764,0.830647,0.816537,0.790469,0.769472,0.775539,0.767884,0.844856,0.785230,0.755310,0.802775,0.782074,0.819417,0.794551,0.784276,0.786532,0.783237,0.782999,0.773498,0.821819,0.789723,0.800375,0.787283,0.787330,0.770367,0.777466,0.783048,0.812939,0.793172,0.823095,0.811243,0.836281,0.814114,0.750482,0.815753,0.720163,0.771521,0.774439,0.801317,0.829176,0.798695,0.781434,0.791555,0.761830,0.748529,0.839961,0.819135,0.798500,0.761119,0.765493,0.778216,0.711079,0.797855,0.809141,0.790942,0.778742,0.724264,0.784077,0.741936,0.806335,0.755812,0.744516,0.758348,0.761321,0.785184,0.796988,0.723589,0.784340,0.771545,0.738061,0.824027,0.789807,0.755705,0.785730,0.769884,0.767077,0.796151,0.823478,0.814108,0.818166,0.796361,0.795357,0.790779,0.784871,0.804307,0.821980,0.757527,0.755485,0.804234,0.699369,0.774030,0.748389,0.805285,0.761045,0.755453,0.776776,0.784296,0.819798,0.802073,0.778589,0.783945,0.762859,0.770804,0.793237,0.749865,0.762537,0.746969,0.745817,0.756376,0.759095,0.805002,0.769004,0.788760,0.829055,0.753389,0.743290,0.757564,0.796649,0.767481,0.772073,0.765842,0.821723,0.759842,0.731548,0.803609,0.764613,0.750879,0.756509,0.822993,0.729202,0.821748,0.748405,0.779862,0.781585,0.760931,0.782897,0.767615,0.769580,0.800226,0.841963,0.774201,0.744716,0.786818,0.749273,0.817196,0.753855,0.794150,#
3,0.791248,0.834315,0.776703,1.000000,0.795929,0.823242,0.764205,0.783198,0.820739,0.791659,0.790892,0.765912,0.797449,0.772104,0.755019,0.814189,0.766517,0.773309,0.809244,0.794677,0.760940,0.827581,0.794395,0.785345,0.767063,0.786760,0.803485,0.797425,0.776217,0.769218,0.798314,0.830321,0.791486,0.817834,0.795830,0.782469,0.756875,0.818852,0.745581,0.808578,0.791147,0.749083,0.777711,0.797079,0.759984,0.825619,0.838513,0.777504,0.829095,0.790331,0.807039,0.754652,0.809250,0.776069,0.783152,0.833580,0.761363,0.799442,0.849243,0.794996,0.785496,0.780326,0.736074,0.802260,0.835739,0.822094,0.780250,0.816829,0.759918,0.775310,0.763711,0.817177,0.842136,0.781804,0.775816,0.783181,0.779720,0.782423,0.792675,0.800658,0.816193,0.737350,0.808648,0.825048,0.826062,0.829217,0.783736,0.791379,0.761665,0.785995,0.766285,0.823622,0.835512,0.824561,0.774373,0.799054,0.750225,0.750124,0.803796,0.814458,0.754445,0.784567,0.751407,0.767063,0.795960,0.788458,0.761476,0.804271,0.769061,0.755476,0.782513,0.754869,0.760488,0.777488,0.755024,0.810935,0.764992,0.742957,0.801507,0.735925,0.767476,0.808664,0.762479,0.783033,0.764862,0.778253,0.800109,0.790669,0.775687,0.771538,0.759580,0.814229,0.747227,0.803170,0.839698,0.808475,0.828342,0.754112,0.759127,0.744765,0.763357,0.795337,0.782809,0.762962,0.750836,0.817528,0.735074,0.774457,0.799877,0.782896,0.800309,0.803156,0.768038,0.777854,0.781820,0.740551,0.816852,0.775510,0.773106,0.782214,0.792417,0.798934,0.740095,0.820715,0.792780,0.782971,0.801865,0.749457,0.777474,0.756505,0.781820,0.815500,0.764339,0.810519,0.779249,0.785405,0.770559,0.801403,0.785883,0.785712,0.729066,0.827397,0.749854,0.772846,0.763669,0.794085,0.775534,0.723119,0.805915,0.829537,0.773704,0.777969,0.754088,0.741392,0.762849,0.792665,0.753524,0.789900,0.759776,0.810527,#
4,0.739667,0.820192,0.744568,0.795929,1.000000,0.842991,0.773353,0.764767,0.753175,0.766813,0.755230,0.770611,0.754197,0.791365,0.731651,0.783721,0.783930,0.809594,0.786633,0.834742,0.781115,0.779266,0.764372,0.807782,0.730571,0.750519,0.797420,0.768715,0.762814,0.772032,0.846067,0.784433,0.821836,0.753231,0.751742,0.767111,0.757502,0.801882,0.763319,0.814163,0.786765,0.742159,0.736714,0.790584,0.738042,0.777607,0.805339,0.783336,0.820517,0.803233,0.783779,0.763771,0.808092,0.732242,0.807552,0.829161,0.768863,0.786903,0.813488,0.799551,0.738638,0.766424,0.748189,0.769457,0.817327,0.805608,0.815635,0.775596,0.772976,0.772183,0.775196,0.831756,0.812251,0.788171,0.745916,0.758642,0.764740,0.801784,0.801182,0.790394,0.769064,0.754447,0.832821,0.777666,0.807132,0.775601,0.734496,0.740065,0.776284,0.808123,0.750249,0.769676,0.762822,0.804662,0.719938,0.757378,0.761057,0.731087,0.746512,0.788954,0.823557,0.800346,0.793535,0.759264,0.763710,0.764475,0.786052,0.791707,0.791284,0.757057,0.753714,0.752227,0.788983,0.827547,0.749610,0.768774,0.787901,0.809546,0.765238,0.685197,0.776069,0.798997,0.813314,0.790898,0.765425,0.804948,0.739915,0.781238,0.837147,0.782628,0.831036,0.801595,0.741302,0.772443,0.834853,0.807816,0.789174,0.804747,0.761403,0.718081,0.745436,0.807671,0.784531,0.790734,0.748984,0.757700,0.791343,0.727202,0.772923,0.803581,0.813357,0.850393,0.746073,0.729703,0.809568,0.774052,0.835632,0.754761,0.773180,0.744779,0.749615,0.788105,0.810621,0.789522,0.796827,0.757393,0.763140,0.736203,0.774784,0.759463,0.773093,0.792874,0.766826,0.772731,0.830428,0.778884,0.776204,0.801726,0.753091,0.765613,0.783153,0.791735,0.794289,0.752542,0.820838,0.798434,0.775151,0.801636,0.768446,0.748498,0.764163,0.738665,0.747410,0.778333,0.758449,0.750157,0.777533,0.798770,0.788395,0.747736,#
5,0.842724,0.853550,0.808634,0.823242,0.842991,1.000000,0.774734,0.812369,0.821801,0.757676,0.784587,0.793927,0.761527,0.759849,0.786140,0.829579,0.779333,0.814376,0.791682,0.817739,0.796637,0.805273,0.795228,0.804693,0.751647,0.796693,0.850428,0.842249,0.774031,0.790610,0.841246,0.822832,0.813717,0.804451,0.813273,0.822711,0.780466,0.821299,0.809591,0.825425,0.813667,0.749144,0.756455,0.799095,0.797841,0.801562,0.838949,0.822590,0.837579,0.794620,0.814102,0.785082,0.814933,0.832403,0.804690,0.881685,0.820154,0.837691,0.868734,0.823939,0.792023,0.818072,0.787655,0.849966,0.813889,0.819495,0.813619,0.807449,0.790217,0.812731,0.835860,0.827270,0.857137,0.811116,0.785518,0.794867,0.846501,0.802537,0.794273,0.774222,0.853367,0.803066,0.847194,0.822140,0.841452,0.835370,0.810050,0.817914,0.792673,0.801644,0.790799,0.806669,0.816188,0.830227,0.768193,0.766315,0.796983,0.765104,0.829829,0.817510,0.844471,0.826810,0.868428,0.819275,0.791094,0.791006,0.792637,0.826615,0.776932,0.785589,0.781820,0.816056,0.792048,0.762911,0.738861,0.796568,0.823928,0.806385,0.784756,0.787401,0.782421,0.823370,0.815815,0.870858,0.760852,0.820786,0.816994,0.807512,0.816768,0.806190,0.836227,0.855979,0.829716,0.832276,0.828351,0.790781,0.827440,0.823739,0.791693,0.788841,0.783907,0.782064,0.797208,0.830901,0.838091,0.768795,0.781067,0.785572,0.806536,0.854218,0.851459,0.840683,0.779884,0.790190,0.788934,0.768661,0.831836,0.829050,0.813987,0.813257,0.797628,0.847025,0.807646,0.821393,0.826959,0.786250,0.790545,0.810840,0.779719,0.784633,0.844174,0.808149,0.796735,0.796496,0.834369,0.780969,0.758506,0.829608,0.813711,0.823212,0.821756,0.834222,0.775827,0.785284,0.823003,0.802060,0.807466,0.803348,0.800325,0.825756,0.764132,0.818313,0.783109,0.812157,0.764170,0.787188,0.767219,0.825333,0.813340,0.803198,#
6,0.805771,0.767225,0.763637,0.764205,0.773353,0.774734,1.000000,0.754665,0.783836,0.751989,0.774985,0.753882,0.784139,0.805076,0.711731,0.770619,0.795719,0.815607,0.771131,0.753346,0.811486,0.746233,0.748136,0.784041,0.754880,0.777526,0.778700,0.773526,0.766782,0.791360,0.801281,0.809081,0.819652,0.806750,0.786691,0.772009,0.761610,0.776858,0.761102,0.794903,0.779254,0.781059,0.771903,0.787671,0.796485,0.707418,0.817322,0.772804,0.845035,0.832141,0.811189,0.808630,0.818618,0.693883,0.826266,0.816106,0.807258,0.827369,0.833265,0.749571,0.794716,0.777473,0.745872,0.762059,0.839674,0.778318,0.845354,0.780104,0.798215,0.743346,0.774322,0.824523,0.805418,0.805490,0.748949,0.764651,0.790882,0.794720,0.790233,0.746521,0.811966,0.785065,0.784830,0.842806,0.773718,0.786846,0.768823,0.773929,0.792577,0.816315,0.747654,0.777278,0.739646,0.799489,0.737465,0.770922,0.790145,0.767122,0.777791,0.784377,0.814438,0.790681,0.796547,0.797537,0.771709,0.727904,0.800230,0.776224,0.780443,0.702166,0.719982,0.749242,0.738016,0.751631,0.740651,0.757890,0.771081,0.781189,0.765603,0.751451,0.771180,0.794902,0.747318,0.833271,0.800346,0.800128,0.738558,0.786813,0.734113,0.757309,0.793266,0.792969,0.753189,0.722084,0.794441,0.796201,0.793949,0.794869,0.817446,0.774188,0.792594,0.783582,0.740413,0.796913,0.752493,0.790737,0.787362,0.752684,0.764873,0.759848,0.794437,0.829760,0.732063,0.715016,0.738570,0.732929,0.827276,0.721643,0.778805,0.794372,0.803058,0.793094,0.747554,0.799134,0.801355,0.791876,0.815390,0.709092,0.774447,0.763346,0.812949,0.776919,0.723186,0.739950,0.776843,0.793894,0.778660,0.803593,0.761811,0.758934,0.777688,0.767974,0.793631,0.786809,0.745556,0.786215,0.759893,0.791017,0.737588,0.768110,0.727828,0.768601,0.747687,0.757787,0.791683,0.807671,0.782827,0.816065,0.773068,0.767327,#
7,0.816226,0.810397,0.791761,0.783198,0.764767,0.812369,0.754665,1.000000,0.841340,0.764953,0.779893,0.756568,0.786517,0.788348,0.788120,0.755780,0.774441,0.797875,0.797802,0.786299,0.793440,0.765951,0.838757,0.791899,0.753123,0.813165,0.800770,0.809467,0.782906,0.820301,0.757604,0.791292,0.760969,0.775305,0.781614,0.797781,0.788496,0.786646,0.783740,0.785406,0.803505,0.762849,0.774554,0.775528,0.762318,0.771980,0.805107,0.804819,0.802791,0.770614,0.807009,0.784625,0.817160,0.830379,0.813401,0.808046,0.783528,0.812488,0.798358,0.796620,0.743782,0.782136,0.773653,0.805246,0.814494,0.832827,0.853747,0.807346,0.818940,0.763382,0.812987,0.750184,0.836758,0.805011,0.781377,0.766977,0.816558,0.764259,0.781819,0.747107,0.820020,0.782134,0.833486,0.785066,0.825076,0.791819,0.831218,0.781500,0.760591,0.787337,0.779790,0.829835,0.791470,0.783953,0.791918,0.773336,0.801097,0.809882,0.818722,0.806993,0.796999,0.758374,0.789993,0.778949,0.754516,0.767629,0.778773,0.820326,0.778481,0.730637,0.840001,0.782175,0.804670,0.788709,0.726223,0.792954,0.772481,0.765472,0.765084,0.777167,0.792383,0.780358,0.772410,0.832790,0.824080,0.795365,0.768146,0.794913,0.745311,0.760354,0.798440,0.808769,0.793195,0.745720,0.823723,0.828730,0.816287,0.814169,0.764434,0.777727,0.778882,0.804849,0.791829,0.790176,0.789479,0.787548,0.803258,0.714673,0.807060,0.802327,0.773162,0.807681,0.797921,0.739912,0.774808,0.805214,0.817708,0.790643,0.809187,0.769757,0.811815,0.771152,0.828005,0.766340,0.820180,0.774181,0.833659,0.788191,0.747382,0.741482,0.835570,0.814449,0.742821,0.784826,0.800177,0.749712,0.761406,0.795095,0.781926,0.773540,0.775247,0.785535,0.776953,0.785486,0.755934,0.802761,0.793430,0.761251,0.802802,0.811603,0.806875,0.803672,0.753030,0.766016,0.773684,0.789065,0.771877,0.831239,0.799352,0.777346,#
8,0.813755,0.830088,0.800774,0.820739,0.753175,0.821801,0.783836,0.841340,1.000000,0.800029,0.778970,0.787826,0.812242,0.798007,0.775721,0.798042,0.777029,0.824524,0.767709,0.827370,0.814512,0.804203,0.798452,0.794161,0.768821,0.812145,0.816231,0.809929,0.787996,0.796796,0.795614,0.816172,0.803847,0.792088,0.787340,0.810662,0.781339,0.821150,0.780960,0.796842,0.805094,0.761285,0.852630,0.763458,0.779520,0.751578,0.817939,0.806130,0.825030,0.803261,0.808599,0.802583,0.789876,0.835666,0.819324,0.833819,0.782296,0.812593,0.817335,0.760859,0.795419,0.795637,0.803388,0.816136,0.831076,0.837818,0.832206,0.840920,0.828775,0.779417,0.784096,0.824489,0.845016,0.819927,0.775574,0.764008,0.794037,0.797813,0.787302,0.782519,0.821338,0.785259,0.818118,0.822147,0.839422,0.813021,0.780770,0.820256,0.767535,0.779332,0.784460,0.809781,0.823062,0.801967,0.791766,0.789287,0.771123,0.807849,0.853769,0.821403,0.815928,0.767327,0.800959,0.818875,0.754893,0.783770,0.805012,0.820489,0.754148,0.778905,0.785141,0.803666,0.815897,0.768482,0.744271,0.804245,0.768119,0.771283,0.802721,0.798533,0.775917,0.786091,0.790267,0.819887,0.762770,0.811081,0.757482,0.780508,0.786013,0.797685,0.777220,0.812747,0.791918,0.782975,0.848555,0.804950,0.813417,0.806139,0.794873,0.806361,0.774671,0.819730,0.812901,0.788566,0.790909,0.755756,0.768084,0.737235,0.803677,0.820582,0.791800,0.835997,0.767406,0.822861,0.770607,0.762523,0.825126,0.803345,0.829496,0.809637,0.803256,0.788926,0.821279,0.817151,0.801490,0.781072,0.793552,0.797244,0.789447,0.766188,0.845628,0.811785,0.763197,0.794998,0.822661,0.789626,0.776496,0.823533,0.780829,0.745858,0.784509,0.825492,0.769375,0.794764,0.788828,0.802746,0.832753,0.773586,0.814821,0.828227,0.815700,0.824547,0.828272,0.788783,0.771630,0.776977,0.764837,0.798913,0.777047,0.837458,#
9,0.760781,0.805870,0.743861,0.791659,0.766813,0.757676,0.751989,0.764953,0.800029,1.000000,0.746127,0.742700,0.801593,0.794442,0.784435,0.784277,0.793139,0.777022,0.781717,0.767042,0.824253,0.774098,0.784108,0.797858,0.720836,0.757743,0.784162,0.836523,0.728792,0.824760,0.750922,0.776594,0.811245,0.791468,0.777845,0.777830,0.763956,0.798850,0.769428,0.797173,0.792209,0.788952,0.753666,0.765653,0.795558,0.721803,0.779008,0.767865,0.789954,0.773577,0.745398,0.753734,0.744825,0.771611,0.800054,0.797757,0.758699,0.843934,0.773932,0.768197,0.786731,0.761749,0.754334,0.771455,0.774622,0.839054,0.823479,0.804014,0.812164,0.754952,0.763997,0.761790,0.791685,0.772577,0.775225,0.763348,0.777385,0.811715,0.775952,0.808403,0.778108,0.783047,0.793595,0.857439,0.805044,0.767285,0.743552,0.810733,0.742163,0.754610,0.764835,0.773456,0.814060,0.777175,0.773789,0.772017,0.738893,0.764961,0.781891,0.796480,0.813615,0.797769,0.788616,0.808270,0.772424,0.775693,0.777954,0.806746,0.803572,0.803298,0.809255,0.781349,0.798429,0.755644,0.729034,0.832899,0.699990,0.756947,0.728818,0.752908,0.763255,0.790381,0.793820,0.808729,0.780814,0.778133,0.794019,0.734925,0.799984,0.759756,0.765798,0.807448,0.753430,0.770101,0.804890,0.748825,0.781364,0.781040,0.760173,0.783837,0.761865,0.834257,0.790147,0.801287,0.765462,0.826662,0.795512,0.755894,0.795349,0.789254,0.754020,0.799039,0.752685,0.773107,0.781422,0.767329,0.773177,0.776768,0.781017,0.793464,0.789234,0.832595,0.768148,0.792449,0.806768,0.796987,0.749510,0.757309,0.800745,0.750642,0.813817,0.811120,0.761093,0.757790,0.806671,0.822961,0.756686,0.826066,0.750525,0.791560,0.796230,0.780623,0.778377,0.754723,0.768677,0.834897,0.757450,0.767970,0.813660,0.734472,0.791869,0.804521,0.764985,0.729514,0.743777,0.744294,0.776166,0.777823,0.752357,0.768727,#
10,0.796265,0.807546,0.761874,0.790892,0.755230,0.784587,0.774985,0.779893,0.778970,0.746127,1.000000,0.768655,0.755020,0.774918,0.728395,0.782143,0.782666,0.764653,0.784100,0.777282,0.787054,0.762268,0.813085,0.826809,0.700688,0.747071,0.794259,0.814549,0.775075,0.814988,0.791214,0.771816,0.799759,0.800459,0.798746,0.795471,0.768113,0.809117,0.783125,0.779811,0.788121,0.747072,0.763961,0.739402,0.766388,0.799383,0.839889,0.781325,0.813819,0.833125,0.767297,0.803014,0.791800,0.732495,0.807117,0.819073,0.802280,0.825941,0.771188,0.776405,0.799405,0.795516,0.813583,0.805513,0.828427,0.740490,0.815364,0.754119,0.807781,0.763889,0.824927,0.807222,0.844615,0.739311,0.765639,0.815651,0.796915,0.819668,0.784947,0.749882,0.841146,0.763873,0.797572,0.791060,0.804114,0.771057,0.798339,0.768733,0.770664,0.821395,0.735499,0.819230,0.829904,0.768896,0.735500,0.793137,0.742026,0.815714,0.795657,0.837387,0.782769,0.778710,0.784418,0.821833,0.825367,0.758905,0.774071,0.768933,0.761019,0.752278,0.757558,0.763209,0.799052,0.772131,0.724032,0.803191,0.747756,0.767954,0.793344,0.769490,0.780231,0.806163,0.725929,0.806740,0.717185,0.786046,0.777897,0.779617,0.797707,0.774925,0.765121,0.786448,0.760107,0.759240,0.832236,0.838409,0.783192,0.750387,0.790030,0.801261,0.809229,0.775239,0.732934,0.791094,0.712746,0.751411,0.796317,0.764449,0.798726,0.784343,0.775771,0.796810,0.771399,0.757955,0.795243,0.742145,0.832795,0.818240,0.775024,0.760327,0.809352,0.764380,0.760229,0.798914,0.807011,0.758267,0.790388,0.751688,0.787249,0.793066,0.788025,0.805162,0.716422,0.747337,0.810267,0.770346,0.741350,0.795053,0.737392,0.791448,0.758326,0.768125,0.793229,0.752675,0.727693,0.793687,0.765140,0.775849,0.719833,0.802356,0.783329,0.749761,0.766375,0.794502,0.783651,0.799536,0.771700,0.807489,0.776907,0.787857,#
11,0.825345,0.812871,0.727763,0.765912,0.770611,0.793927,0.753882,0.756568,0.787826,0.742700,0.768655,1.000000,0.808883,0.768327,0.760133,0.765953,0.781040,0.825955,0.827591,0.793678,0.754923,0.754837,0.817942,0.790031,0.744105,0.752913,0.771226,0.766673,0.783731,0.735072,0.780850,0.791236,0.806348,0.774196,0.739510,0.780480,0.795623,0.813109,0.743298,0.793054,0.800469,0.731636,0.760301,0.754606,0.756623,0.727920,0.857317,0.811193,0.789168,0.820557,0.765690,0.761673,0.814161,0.754031,0.805196,0.810218,0.751328,0.818454,0.772046,0.767567,0.735002,0.751590,0.810028,0.775524,0.797398,0.793200,0.810508,0.800964,0.811682,0.776876,0.804433,0.765389,0.811325,0.788075,0.811400,0.739236,0.825513,0.805048,0.776402,0.713760,0.785536,0.748767,0.802236,0.798143,0.822602,0.794531,0.725650,0.744336,0.737629,0.744372,0.775397,0.810994,0.775860,0.748135,0.734020,0.796440,0.763583,0.776550,0.763585,0.792445,0.761764,0.803310,0.808612,0.783328,0.806374,0.763450,0.765361,0.800718,0.795657,0.752372,0.804828,0.800849,0.798602,0.734750,0.686695,0.787868,0.766253,0.766456,0.782847,0.784470,0.742678,0.798578,0.764691,0.801436,0.756938,0.788887,0.792279,0.775208,0.787161,0.783977,0.802606,0.774896,0.791759,0.775681,0.819547,0.776960,0.806728,0.775252,0.784811,0.758802,0.768648,0.763218,0.772019,0.797418,0.780455,0.738923,0.806160,0.758667,0.784492,0.808377,0.788367,0.766327,0.762070,0.799370,0.808215,0.741653,0.829965,0.763685,0.762764,0.766480,0.785332,0.788172,0.805175,0.774985,0.847354,0.738377,0.818058,0.732004,0.789318,0.799999,0.798081,0.775268,0.796964,0.828703,0.781721,0.772401,0.771313,0.794161,0.741589,0.813164,0.773560,0.754365,0.796541,0.754411,0.795617,0.748367,0.779347,0.805051,0.757286,0.753360,0.792841,0.770581,0.768518,0.759986,0.752382,0.780081,0.739972,0.799777,0.766149,0.738197,#
12,0.791783,0.811183,0.743639,0.797449,0.754197,0.761527,0.784139,0.786517,0.812242,0.801593,0.755020,0.808883,1.000000,0.786694,0.790251,0.774153,0.773601,0.813919,0.826440,0.791878,0.800573,0.743642,0.807241,0.809764,0.758633,0.787843,0.755499,0.792073,0.793133,0.764717,0.767888,0.800811,0.783120,0.819818,0.782101,0.804182,0.781928,0.817594,0.801448,0.787234,0.723994,0.719981,0.756003,0.785432,0.780199,0.753818,0.831341,0.755184,0.785611,0.790729,0.824335,0.764637,0.781215,0.771637,0.836470,0.809650,0.770691,0.807389,0.780932,0.782555,0.754177,0.766348,0.775169,0.775757,0.816159,0.833898,0.818198,0.765487,0.824555,0.792024,0.787051,0.774235,0.810772,0.793558,0.810694,0.763870,0.807432,0.800747,0.800352,0.783878,0.792693,0.768372,0.818277,0.832610,0.774332,0.806868,0.741207,0.797801,0.756681,0.752278,0.786752,0.794386,0.797741,0.741015,0.733812,0.802022,0.818915,0.786442,0.777025,0.771557,0.758575,0.807618,0.805017,0.808019,0.732895,0.765159,0.756758,0.761983,0.806191,0.769560,0.780355,0.763075,0.780781,0.742693,0.810996,0.801267,0.741698,0.750852,0.789121,0.786355,0.758060,0.797367,0.770810,0.817217,0.793785,0.808209,0.781290,0.755527,0.778925,0.790711,0.755269,0.771487,0.749947,0.762536,0.782071,0.800705,0.762449,0.800936,0.758279,0.744463,0.820183,0.812181,0.766373,0.812684,0.743552,0.758142,0.787598,0.724281,0.798012,0.829475,0.783024,0.786565,0.781771,0.740591,0.771142,0.805451,0.839665,0.823276,0.810021,0.780880,0.783370,0.804899,0.799219,0.794869,0.843084,0.716524,0.788770,0.790944,0.738622,0.760379,0.809079,0.786947,0.757294,0.786002,0.759315,0.742864,0.824118,0.842753,0.754814,0.751168,0.782569,0.789014,0.801346,0.752243,0.723910,0.773206,0.745730,0.804871,0.786341,0.781239,0.753808,0.785847,0.741314,0.774443,0.764294,0.796847,0.765492,0.820698,0.809683,0.747060,#
13,0.800315,0.804899,0.778178,0.772104,0.791365,0.759849,0.805076,0.788348,0.798007,0.794442,0.774918,0.768327,0.786694,1.000000,0.743822,0.764646,0.746032,0.839502,0.797316,0.781595,0.790708,0.760813,0.825217,0.786364,0.757351,0.770041,0.756176,0.806980,0.791543,0.825693,0.751223,0.785433,0.809801,0.808226,0.709713,0.762835,0.776352,0.813301,0.806875,0.811306,0.842370,0.751993,0.792301,0.748678,0.813257,0.772110,0.813188,0.790304,0.825230,0.821079,0.789171,0.826038,0.787587,0.750920,0.832978,0.837515,0.787667,0.817194,0.810553,0.784904,0.799449,0.774585,0.756809,0.806419,0.829271,0.828704,0.829064,0.783849,0.821250,0.764079,0.761146,0.802254,0.777394,0.820061,0.793284,0.758115,0.793194,0.792604,0.829176,0.771073,0.790954,0.786294,0.821505,0.822973,0.810146,0.809380,0.734339,0.766889,0.790320,0.795352,0.736266,0.800581,0.792342,0.791714,0.774862,0.765308,0.773628,0.759016,0.772401,0.823839,0.813081,0.779747,0.799180,0.825016,0.776032,0.812903,0.780509,0.811537,0.778384,0.749217,0.786181,0.788371,0.795522,0.790407,0.761168,0.814915,0.732135,0.793981,0.803491,0.759186,0.795025,0.806272,0.745861,0.780335,0.777498,0.787486,0.804235,0.762281,0.786861,0.771395,0.792013,0.774562,0.753534,0.754898,0.820340,0.789631,0.782824,0.802320,0.834270,0.773034,0.770406,0.835482,0.804455,0.791368,0.726797,0.775707,0.800311,0.743318,0.811932,0.782577,0.804506,0.822022,0.764954,0.779505,0.765228,0.764668,0.836838,0.780701,0.808713,0.767810,0.802216,0.814242,0.776224,0.806334,0.816975,0.791176,0.819863,0.778575,0.806911,0.763707,0.810511,0.812315,0.794949,0.787077,0.843716,0.808800,0.801404,0.843387,0.780879,0.776800,0.781141,0.784849,0.823400,0.779226,0.788413,0.802689,0.765556,0.804041,0.757626,0.769925,0.780272,0.798825,0.788054,0.796116,0.797651,0.731898,0.780162,0.837050,0.778423,0.746271,#
14,0.791705,0.814360,0.772593,0.755019,0.731651,0.786140,0.711731,0.788120,0.775721,0.784435,0.728395,0.760133,0.790251,0.743822,1.000000,0.772886,0.759453,0.758141,0.713685,0.755952,0.768547,0.748425,0.777868,0.815662,0.720227,0.706829,0.777607,0.765709,0.736846,0.766348,0.784957,0.742632,0.757344,0.725057,0.764951,0.764310,0.707102,0.790050,0.785222,0.721093,0.764107,0.719729,0.769374,0.753667,0.731911,0.739040,0.777949,0.741855,0.730547,0.750337,0.748218,0.751029,0.735905,0.810114,0.772867,0.770808,0.733531,0.766473,0.768332,0.722785,0.756471,0.795549,0.747198,0.767418,0.763205,0.773267,0.791762,0.772755,0.801431,0.749579,0.730710,0.727732,0.796034,0.762496,0.771824,0.740139,0.765079,0.773407,0.754013,0.725762,0.785512,0.755410,0.804382,0.816517,0.782248,0.787519,0.737991,0.762693,0.769915,0.695468,0.722359,0.748751,0.774272,0.796383,0.768619,0.765451,0.795428,0.750867,0.762348,0.746756,0.782259,0.756968,0.791641,0.729315,0.741367,0.765395,0.750766,0.750062,0.782943,0.735620,0.787536,0.783475,0.771859,0.727241,0.697167,0.764114,0.724562,0.710607,0.745712,0.727656,0.775880,0.774998,0.748617,0.793566,0.777911,0.717054,0.767795,0.785956,0.706828,0.760317,0.754808,0.796737,0.747150,0.738064,0.783936,0.766705,0.785799,0.769819,0.752601,0.751198,0.766539,0.788458,0.694840,0.785671,0.733378,0.780269,0.806702,0.708700,0.765760,0.738136,0.773073,0.762169,0.718977,0.750097,0.793967,0.746442,0.781571,0.764035,0.728016,0.738903,0.766265,0.753022,0.771496,0.768524,0.770398,0.728267,0.739048,0.738747,0.708362,0.769380,0.769074,0.765203,0.745629,0.792559,0.806008,0.770980,0.747845,0.764578,0.728313,0.733632,0.757171,0.785434,0.767944,0.730454,0.762134,0.766333,0.774375,0.731392,0.742427,0.724908,0.725231,0.743120,0.764305,0.766059,0.718265,0.735620,0.747449,0.760561,0.708969,0.706067,#
15,0.782731,0.804667,0.765131,0.814189,0.783721,0.829579,0.770619,0.755780,0.798042,0.784277,0.782143,0.765953,0.774153,0.764646,0.772886,1.000000,0.775542,0.788077,0.771285,0.777979,0.779215,0.785871,0.772546,0.792691,0.746654,0.758806,0.756673,0.766913,0.759091,0.790288,0.815367,0.807426,0.807241,0.821193,0.746226,0.813595,0.785964,0.816536,0.789487,0.752428,0.750072,0.735471,0.767518,0.755813,0.814726,0.757558,0.832958,0.798174,0.824890,0.810033,0.767946,0.803017,0.757325,0.748092,0.805469,0.798604,0.783011,0.792798,0.774670,0.745170,0.803195,0.807420,0.743605,0.813894,0.784815,0.793744,0.788020,0.781949,0.775969,0.733828,0.802038,0.776025,0.777486,0.763737,0.770044,0.761726,0.807500,0.791353,0.791365,0.770243,0.814968,0.782853,0.804411,0.817465,0.820144,0.786240,0.724892,0.798065,0.758849,0.746967,0.728675,0.755598,0.795203,0.791845,0.700731,0.751641,0.756448,0.767168,0.749468,0.780686,0.817868,0.774874,0.815749,0.812829,0.759913,0.764370,0.783534,0.816284,0.742209,0.794669,0.729385,0.730054,0.784782,0.758307,0.711182,0.762645,0.764577,0.788442,0.776848,0.775195,0.737635,0.767064,0.750109,0.821211,0.742921,0.770138,0.786812,0.745989,0.804954,0.805814,0.775066,0.765365,0.719390,0.714755,0.798816,0.762612,0.778888,0.766221,0.764078,0.758955,0.759122,0.768059,0.750762,0.777722,0.759500,0.781278,0.767016,0.749220,0.791755,0.788203,0.823010,0.792116,0.802899,0.791656,0.761676,0.748619,0.838341,0.760905,0.790464,0.780375,0.767125,0.812056,0.807154,0.759694,0.813475,0.765592,0.783970,0.782371,0.798634,0.731400,0.760041,0.804973,0.712788,0.794733,0.775115,0.825351,0.766973,0.787710,0.754357,0.765416,0.780224,0.808878,0.760142,0.770253,0.759878,0.762296,0.731497,0.740166,0.728227,0.776761,0.738835,0.786853,0.775220,0.767407,0.766338,0.754444,0.788836,0.806184,0.779274,0.803663,#
16,0.812478,0.795228,0.755616,0.766517,0.783930,0.779333,0.795719,0.774441,0.777029,0.793139,0.782666,0.781040,0.773601,0.746032,0.759453,0.775542,1.000000,0.800995,0.811336,0.772077,0.853431,0.786706,0.752171,0.791065,0.735244,0.784880,0.788072,0.732722,0.758389,0.766677,0.801739,0.817724,0.814245,0.767455,0.757900,0.796176,0.810334,0.803671,0.774754,0.795921,0.770982,0.750303,0.749564,0.766052,0.762837,0.788557,0.792636,0.765132,0.790037,0.806607,0.752393,0.764928,0.801259,0.798993,0.816684,0.822570,0.711123,0.805734,0.789693,0.736117,0.797925,0.780503,0.766007,0.763759,0.789564,0.769011,0.839992,0.779740,0.822544,0.797619,0.787936,0.776299,0.799838,0.762589,0.775420,0.743524,0.798178,0.795749,0.764673,0.788119,0.830807,0.793649,0.817618,0.800670,0.813359,0.778573,0.791599,0.746275,0.759399,0.788583,0.736028,0.782993,0.796727,0.783925,0.770693,0.810235,0.783959,0.766179,0.813863,0.794116,0.797802,0.774873,0.781393,0.807969,0.748515,0.800603,0.799680,0.778952,0.820461,0.759547,0.798373,0.792279,0.795930,0.772633,0.756977,0.844797,0.803855,0.781398,0.736307,0.699075,0.753999,0.792682,0.761559,0.826079,0.788988,0.783724,0.752470,0.754423,0.783480,0.756442,0.816565,0.777440,0.779333,0.727585,0.811911,0.829850,0.775123,0.779608,0.757553,0.783277,0.776017,0.787077,0.789190,0.811514,0.735448,0.761337,0.802524,0.773177,0.774833,0.781372,0.761467,0.803347,0.732081,0.758691,0.837563,0.771578,0.801285,0.778336,0.766628,0.766635,0.755876,0.784796,0.824938,0.779225,0.814426,0.796083,0.803642,0.762278,0.775607,0.757815,0.778419,0.799910,0.763427,0.767825,0.801038,0.784180,0.741223,0.831552,0.759050,0.773191,0.767464,0.757473,0.808967,0.753385,0.764193,0.782794,0.809469,0.778099,0.768291,0.769357,0.798605,0.772491,0.786820,0.777948,0.765045,0.782967,0.773276,0.824328,0.784322,0.779491,#
17,0.844189,0.805240,0.790948,0.773309,0.809594,0.814376,0.815607,0.797875,0.824524,0.777022,0.764653,0.825955,0.813919,0.839502,0.758141,0.788077,0.800995,1.000000,0.813791,0.836396,0.805842,0.781917,0.820597,0.811405,0.813229,0.813565,0.805327,0.798480,0.777184,0.817809,0.798288,0.817209,0.780481,0.775224,0.775090,0.817776,0.787144,0.827675,0.787498,0.843888,0.817364,0.771523,0.796844,0.764032,0.796310,0.762794,0.824497,0.850019,0.835074,0.836940,0.811658,0.777503,0.823408,0.769395,0.837759,0.837077,0.791382,0.810764,0.814637,0.756932,0.789605,0.806155,0.771958,0.801891,0.809405,0.852950,0.851808,0.820309,0.797870,0.772258,0.809182,0.801086,0.803793,0.811706,0.796380,0.738774,0.841214,0.817980,0.820572,0.808868,0.825423,0.797217,0.853855,0.837348,0.820358,0.808441,0.778513,0.813778,0.773593,0.794332,0.771334,0.776153,0.817166,0.795292,0.753441,0.827282,0.816319,0.756225,0.765245,0.848250,0.821145,0.772164,0.821242,0.819300,0.745908,0.788055,0.791626,0.811017,0.754188,0.784811,0.806733,0.783513,0.803179,0.799429,0.788475,0.783003,0.756965,0.794827,0.784271,0.771559,0.799404,0.812901,0.795255,0.829322,0.786920,0.805479,0.793796,0.789350,0.793643,0.779492,0.820370,0.835822,0.807618,0.767043,0.822022,0.824813,0.818721,0.823474,0.822788,0.823393,0.803006,0.818227,0.837880,0.815819,0.796136,0.786126,0.825927,0.756717,0.843518,0.782313,0.825249,0.810826,0.789106,0.798178,0.797662,0.826643,0.879388,0.804274,0.815337,0.798329,0.808768,0.809442,0.846439,0.784877,0.850801,0.812576,0.786670,0.768790,0.796596,0.755432,0.847420,0.809221,0.804842,0.799384,0.853765,0.764011,0.775711,0.834965,0.761822,0.822020,0.798232,0.841276,0.804480,0.817379,0.813348,0.789853,0.816926,0.843228,0.750196,0.775714,0.811054,0.812794,0.805718,0.818606,0.813803,0.822526,0.771036,0.862518,0.791940,0.743219,#
18,0.804985,0.828334,0.757132,0.809244,0.786633,0.791682,0.771131,0.797802,0.767709,0.781717,0.784100,0.827591,0.826440,0.797316,0.713685,0.771285,0.811336,0.813791,1.000000,0.809103,0.785245,0.800461,0.823887,0.760673,0.748304,0.816429,0.795581,0.804523,0.775470,0.816967,0.743689,0.823797,0.815802,0.806718,0.776917,0.830247,0.798519,0.811066,0.792501,0.811195,0.812501,0.734514,0.771386,0.765649,0.806465,0.759941,0.829431,0.806515,0.810912,0.784591,0.775648,0.775541,0.817737,0.738086,0.803119,0.828102,0.778355,0.810662,0.795239,0.810476,0.795845,0.774332,0.762014,0.762162,0.818588,0.795512,0.803348,0.797342,0.765095,0.786440,0.801636,0.758862,0.819374,0.762097,0.828196,0.752976,0.830254,0.774010,0.815874,0.758735,0.788153,0.765625,0.823931,0.821782,0.841468,0.816354,0.767328,0.775497,0.786933,0.760067,0.784318,0.777193,0.812607,0.808900,0.792255,0.783673,0.780892,0.803367,0.795866,0.817342,0.797820,0.757645,0.798282,0.820963,0.767493,0.812644,0.768786,0.801128,0.813649,0.785447,0.825244,0.762159,0.814587,0.789064,0.723779,0.785203,0.781947,0.773252,0.779815,0.756419,0.792205,0.829907,0.761063,0.816987,0.799239,0.768602,0.832022,0.739570,0.834704,0.755320,0.808947,0.797823,0.780444,0.760740,0.806915,0.806914,0.839929,0.795929,0.783546,0.783852,0.772959,0.835942,0.787713,0.845595,0.768693,0.797639,0.788325,0.724800,0.845457,0.791911,0.793563,0.825782,0.792780,0.770413,0.800668,0.804333,0.825258,0.827217,0.782931,0.775523,0.812100,0.811060,0.838097,0.791465,0.824655,0.768348,0.868975,0.774858,0.754816,0.762672,0.794107,0.831428,0.797381,0.794585,0.765720,0.783234,0.783288,0.851196,0.761472,0.814385,0.784159,0.799509,0.787966,0.787668,0.764623,0.823994,0.791457,0.800824,0.764251,0.793052,0.802213,0.797012,0.741590,0.801321,0.788626,0.778369,0.743087,0.850457,0.782129,0.773900,#
19,0.801001,0.834405,0.790907,0.794677,0.834742,0.817739,0.753346,0.786299,0.827370,0.767042,0.777282,0.793678,0.791878,0.781595,0.755952,0.777979,0.772077,0.836396,0.809103,1.000000,0.802093,0.792029,0.796000,0.795023,0.758212,0.755639,0.804429,0.759150,0.790759,0.800450,0.809192,0.832228,0.796008,0.768832,0.761636,0.829828,0.759905,0.800644,0.789414,0.800205,0.808875,0.736471,0.771622,0.775161,0.768429,0.770606,0.864341,0.797706,0.805621,0.745238,0.759804,0.777054,0.790334,0.768740,0.808463,0.798622,0.826104,0.806935,0.783870,0.725908,0.804713,0.762920,0.806339,0.794708,0.827037,0.834961,0.826820,0.781230,0.795868,0.778091,0.782975,0.790689,0.813315,0.773759,0.787640,0.736036,0.775566,0.762422,0.772157,0.748938,0.810150,0.757173,0.836076,0.777122,0.814995,0.778406,0.769546,0.799460,0.796660,0.755704,0.774973,0.788605,0.801170,0.819667,0.757420,0.769057,0.771909,0.779699,0.778725,0.814094,0.807961,0.775747,0.790712,0.797645,0.758107,0.754801,0.785882,0.781421,0.782006,0.744595,0.761318,0.758972,0.796013,0.794691,0.752847,0.790561,0.777050,0.775990,0.752700,0.728273,0.794004,0.815984,0.765677,0.856119,0.792049,0.780755,0.780143,0.778844,0.853972,0.840220,0.806645,0.831661,0.793526,0.777004,0.808079,0.831115,0.797165,0.794256,0.795094,0.778209,0.770655,0.799802,0.790889,0.802968,0.736923,0.764612,0.757218,0.723355,0.813300,0.782566,0.784837,0.830230,0.764486,0.781632,0.811289,0.764646,0.835976,0.800772,0.795055,0.779740,0.772723,0.822187,0.799324,0.784901,0.814958,0.757762,0.760542,0.793738,0.757602,0.759636,0.790726,0.817023,0.773119,0.765899,0.830387,0.763834,0.780242,0.832800,0.756518,0.768210,0.739762,0.811725,0.811505,0.815436,0.783220,0.775630,0.790236,0.810016,0.785319,0.791126,0.798515,0.786427,0.777956,0.809455,0.783540,0.783828,0.757235,0.794144,0.773384,0.777236,#
20,0.830045,0.830053,0.764919,0.760940,0.781115,0.796637,0.811486,0.793440,0.814512,0.824253,0.787054,0.754923,0.800573,0.790708,0.768547,0.779215,0.853431,0.805842,0.785245,0.802093,1.000000,0.785046,0.769729,0.825578,0.743243,0.793066,0.810158,0.795160,0.766711,0.805907,0.798369,0.814017,0.790388,0.818028,0.801540,0.804884,0.798042,0.798450,0.804418,0.816406,0.802826,0.809222,0.750392,0.816549,0.797616,0.769695,0.828118,0.781770,0.802858,0.793606,0.791864,0.810973,0.782272,0.795127,0.816880,0.823364,0.764562,0.822647,0.796576,0.767856,0.823353,0.789338,0.818973,0.782547,0.823511,0.830348,0.847252,0.788225,0.832134,0.775040,0.795822,0.800587,0.788470,0.803705,0.781432,0.722004,0.785981,0.809460,0.807896,0.819942,0.822329,0.819131,0.819396,0.848483,0.785747,0.783858,0.800134,0.786927,0.782091,0.830058,0.784610,0.809849,0.808141,0.828618,0.789248,0.777774,0.748689,0.745754,0.800637,0.820029,0.841370,0.799929,0.807654,0.843863,0.786056,0.752488,0.808535,0.814453,0.803782,0.798390,0.786047,0.809193,0.782715,0.740928,0.790205,0.814301,0.791929,0.803949,0.738716,0.740668,0.813019,0.814018,0.770106,0.859291,0.775642,0.812362,0.760435,0.760288,0.782681,0.789374,0.799678,0.793741,0.808131,0.793387,0.831695,0.788978,0.773534,0.831712,0.806245,0.819895,0.784408,0.778290,0.768875,0.837428,0.793664,0.770515,0.812947,0.765704,0.788006,0.833626,0.808372,0.824509,0.786770,0.770365,0.800662,0.797498,0.812836,0.821539,0.801156,0.799927,0.787409,0.814765,0.793564,0.806874,0.854863,0.748438,0.769131,0.769985,0.778798,0.760138,0.795846,0.814156,0.812118,0.776063,0.808441,0.772324,0.771478,0.840206,0.782049,0.803717,0.779892,0.788270,0.799767,0.768037,0.758402,0.815043,0.807630,0.820576,0.775438,0.765884,0.755942,0.776659,0.797687,0.816640,0.782133,0.771882,0.790319,0.822590,0.796892,0.785450,#
21,0.783423,0.869190,0.765997,0.827581,0.779266,0.805273,0.746233,0.765951,0.804203,0.774098,0.762268,0.754837,0.743642,0.760813,0.748425,0.785871,0.786706,0.781917,0.800461,0.792029,0.785046,1.000000,0.806495,0.809952,0.712752,0.747148,0.811019,0.754478,0.765468,0.752022,0.784178,0.773332,0.800729,0.801603,0.786539,0.805270,0.777022,0.789835,0.803151,0.759183,0.791472,0.794808,0.759191,0.743457,0.799738,0.768573,0.794473,0.803557,0.817410,0.776063,0.752865,0.795685,0.780612,0.746402,0.823608,0.796817,0.781014,0.796019,0.843690,0.744852,0.784941,0.790194,0.718410,0.752554,0.826959,0.800182,0.807969,0.802699,0.777602,0.768817,0.757207,0.812865,0.813883,0.780622,0.825333,0.780987,0.782552,0.770582,0.801420,0.796514,0.770615,0.741043,0.816981,0.812207,0.841004,0.771695,0.733837,0.801429,0.810312,0.785778,0.716529,0.753049,0.818698,0.780651,0.768047,0.773836,0.775897,0.727240,0.764983,0.817011,0.785046,0.773015,0.755177,0.791161,0.718803,0.820459,0.762375,0.782995,0.764191,0.789784,0.801242,0.756206,0.790397,0.784474,0.701286,0.752287,0.788667,0.810264,0.751834,0.747160,0.771932,0.785418,0.759960,0.786575,0.782382,0.735977,0.782499,0.791093,0.784977,0.799427,0.787452,0.813547,0.755273,0.754461,0.846870,0.771646,0.751281,0.731938,0.766080,0.774000,0.798541,0.795518,0.753665,0.777033,0.756951,0.764269,0.771244,0.722662,0.762778,0.794100,0.788208,0.813627,0.767786,0.757326,0.767657,0.778668,0.828403,0.768310,0.742139,0.783074,0.805243,0.804986,0.785055,0.810658,0.827991,0.773380,0.786592,0.770097,0.721819,0.759396,0.797059,0.778933,0.751082,0.774089,0.779570,0.765818,0.703972,0.800993,0.754056,0.770139,0.751380,0.821046,0.775574,0.770878,0.768313,0.814073,0.785038,0.714748,0.741481,0.790222,0.784913,0.761971,0.758303,0.775347,0.770583,0.759125,0.790091,0.806092,0.714461,0.795011,#
