0,1.000000,0.706296,0.743113,0.678349,0.589740,0.718409,0.678758,0.711148,0.678030,0.679182,0.700221,0.754948,0.694627,0.609165,0.718396,0.669909,0.693405,0.732967,0.704128,0.670457,0.666403,0.656615,0.680962,0.687040,0.661872,0.674489,0.714799,0.713569,0.611555,0.669851,0.714846,0.648948,0.652784,0.617912,0.705571,0.682053,0.714951,0.707631,0.696455,0.744772,0.681050,0.656056,0.709426,0.730007,0.671205,0.647698,0.732615,0.709152,0.642153,0.737638,0.704265,0.629673,0.739774,0.729875,0.669041,0.727819,0.703262,0.750232,0.682677,0.722867,0.759924,0.632315,0.710562,0.694226,0.678922,0.724827,0.727258,0.752901,0.703317,0.635338,0.735983,0.706957,0.777352,0.715708,0.705106,0.701689,0.695223,0.721502,0.695578,0.689560,0.790109,0.711996,0.697171,0.752898,0.695210,0.749236,0.703650,0.632705,0.591851,0.690895,0.678983,0.680708,0.668146,0.716817,0.672984,0.705107,0.608863,0.654894,0.719410,0.704202,0.692341,0.713436,0.626468,0.664842,0.704510,0.649214,0.640110,0.734494,0.729335,0.677707,0.739810,0.663549,0.741620,0.612824,0.686478,0.777446,0.620013,0.668184,0.673407,0.669587,0.646800,0.804118,0.689637,0.763944,0.662606,0.679900,0.662042,0.680345,0.651139,0.657461,0.668380,0.703669,0.690112,0.664342,0.702246,0.658906,0.674933,0.741794,0.669702,0.694254,0.655897,0.677724,0.630186,0.760670,0.745387,0.612328,0.700402,0.629688,0.717961,0.687766,0.696733,0.640679,0.694787,0.636476,0.671095,0.639406,0.646794,0.715964,0.735903,0.723905,0.708970,0.747082,0.653477,0.695051,0.682837,0.734215,0.735009,0.657104,0.665622,0.734427,0.703438,0.672727,0.696244,0.750365,0.771597,0.613545,0.656904,0.693097,0.711551,0.712262,0.652600,0.733205,0.610807,0.661566,0.676996,0.636787,0.727455,0.707980,0.703228,0.736423,0.697243,0.726773,0.659508,0.677204,0.661318,0.659315,0.649287,0.717390,0.744104,0.696002,#
1,0.706296,1.000000,0.723678,0.741213,0.678052,0.764847,0.645274,0.664684,0.703467,0.717698,0.707430,0.689238,0.695364,0.714054,0.729959,0.666358,0.663730,0.674381,0.702607,0.720810,0.743358,0.773985,0.746925,0.744333,0.684779,0.655006,0.778853,0.735057,0.616092,0.631048,0.769650,0.718984,0.717225,0.718519,0.736853,0.769641,0.615369,0.761607,0.734583,0.739951,0.664447,0.654462,0.646353,0.694966,0.667645,0.703142,0.745986,0.698833,0.753771,0.734251,0.704087,0.741745,0.735053,0.685492,0.737637,0.735238,0.684138,0.748818,0.748817,0.708091,0.688901,0.730088,0.609367,0.649673,0.709314,0.729840,0.762930,0.752211,0.739636,0.737721,0.729557,0.732199,0.823507,0.661016,0.700953,0.743721,0.685399,0.735173,0.687569,0.710699,0.776768,0.711275,0.786239,0.765692,0.727752,0.717363,0.685810,0.667242,0.710180,0.715995,0.715203,0.657889,0.725326,0.713381,0.624285,0.627201,0.670637,0.674786,0.708531,0.745475,0.703967,0.781392,0.670502,0.704753,0.716330,0.665987,0.655921,0.746720,0.706775,0.661853,0.715573,0.701138,0.710280,0.637166,0.661304,0.689195,0.702420,0.741653,0.683089,0.623308,0.768627,0.721959,0.651118,0.744297,0.627642,0.660127,0.710114,0.708367,0.733089,0.741743,0.684402,0.739533,0.658184,0.754689,0.733209,0.659326,0.659656,0.697518,0.711836,0.645504,0.737752,0.697495,0.678757,0.718950,0.691880,0.687712,0.725885,0.664158,0.730118,0.692664,0.744991,0.703690,0.711844,0.643664,0.702968,0.650577,0.700891,0.739097,0.677140,0.701624,0.688448,0.763328,0.717005,0.745268,0.729115,0.689845,0.709827,0.706359,0.613231,0.713397,0.722942,0.654385,0.707042,0.766129,0.738733,0.628067,0.680674,0.773961,0.686226,0.712722,0.694929,0.711605,0.648166,0.686606,0.659009,0.747587,0.722841,0.603935,0.716510,0.718085,0.728614,0.676755,0.649805,0.721585,0.754592,0.653185,0.651985,0.711446,0.684370,0.689204,#
2,0.743113,0.723678,1.000000,0.705765,0.626583,0.731859,0.670468,0.703751,0.678731,0.711261,0.711405,0.663014,0.641425,0.622808,0.694180,0.624813,0.666296,0.723817,0.662330,0.693820,0.658579,0.698389,0.629974,0.714559,0.680465,0.632700,0.748861,0.761746,0.693596,0.673943,0.732487,0.690949,0.713975,0.688531,0.679748,0.725766,0.704631,0.714148,0.768036,0.724004,0.691483,0.699821,0.655911,0.661464,0.638571,0.667343,0.797089,0.645655,0.700483,0.799650,0.676803,0.654496,0.694933,0.747829,0.771816,0.705678,0.689430,0.720117,0.658914,0.709412,0.746991,0.709092,0.671645,0.755661,0.694583,0.725658,0.781603,0.675394,0.721805,0.710238,0.773540,0.684406,0.792871,0.686900,0.722079,0.745797,0.727540,0.740602,0.694998,0.758331,0.756646,0.742977,0.726389,0.738818,0.721772,0.733357,0.738921,0.745093,0.703962,0.692791,0.743232,0.709361,0.704244,0.662803,0.722826,0.660423,0.618874,0.659824,0.796219,0.734612,0.686216,0.663920,0.630767,0.667299,0.684610,0.756622,0.691845,0.663932,0.765254,0.701415,0.726534,0.617281,0.750917,0.630922,0.662095,0.665757,0.638434,0.656136,0.744377,0.617247,0.700571,0.722934,0.642676,0.719337,0.682528,0.697343,0.692911,0.676788,0.705287,0.728480,0.729663,0.777313,0.725372,0.763108,0.718281,0.678323,0.632445,0.690022,0.673160,0.646870,0.742914,0.682081,0.643665,0.684839,0.693954,0.733611,0.681528,0.679253,0.708167,0.666198,0.730632,0.654302,0.703729,0.670116,0.646700,0.701159,0.701490,0.680991,0.630956,0.679721,0.674497,0.657809,0.691273,0.694998,0.645095,0.730073,0.784820,0.646802,0.642460,0.672207,0.724292,0.643171,0.676887,0.674847,0.713557,0.629152,0.660969,0.742607,0.700548,0.704485,0.670866,0.755516,0.604877,0.732698,0.653146,0.699711,0.683166,0.648920,0.730299,0.701163,0.707686,0.685502,0.719763,0.686592,0.698531,0.732069,0.654121,0.757442,0.649789,0.693419,#
3,0.678349,0.741213,0.705765,1.000000,0.667644,0.692652,0.659137,0.669157,0.666212,0.703173,0.652689,0.667480,0.694983,0.620531,0.663596,0.676668,0.640041,0.674628,0.671450,0.645724,0.682391,0.723781,0.624333,0.652834,0.725947,0.674813,0.699751,0.699412,0.663446,0.581990,0.688373,0.715650,0.654168,0.720091,0.685881,0.683245,0.618499,0.696575,0.625659,0.732986,0.678704,0.664705,0.639979,0.639499,0.643868,0.696441,0.754225,0.677069,0.760154,0.711951,0.699237,0.595079,0.693865,0.648162,0.710982,0.685506,0.591373,0.690660,0.764665,0.697060,0.683831,0.680917,0.606134,0.653460,0.715524,0.725729,0.687449,0.681412,0.668678,0.684535,0.698196,0.724713,0.761032,0.704786,0.674977,0.652843,0.656661,0.693755,0.682058,0.710969,0.746150,0.646834,0.678512,0.750653,0.689020,0.692984,0.676246,0.633840,0.640104,0.687417,0.631271,0.663713,0.709861,0.696001,0.662814,0.677009,0.603570,0.600467,0.660449,0.702085,0.655977,0.653146,0.580184,0.632488,0.681684,0.674743,0.664920,0.722530,0.658089,0.650412,0.631733,0.659218,0.661007,0.634431,0.673734,0.695802,0.638489,0.659674,0.669376,0.594766,0.624258,0.688198,0.584722,0.700930,0.635015,0.662206,0.692839,0.669909,0.659676,0.711154,0.634474,0.712870,0.624892,0.732833,0.741233,0.687298,0.721562,0.658786,0.655865,0.616545,0.671032,0.660934,0.623967,0.651905,0.646861,0.722362,0.635824,0.650265,0.669876,0.604060,0.638292,0.642311,0.665300,0.614294,0.656925,0.596551,0.712769,0.701822,0.620450,0.692129,0.720060,0.712338,0.646432,0.730034,0.659478,0.688288,0.659821,0.595557,0.653700,0.659195,0.716003,0.672168,0.656333,0.691577,0.667914,0.661594,0.653002,0.666611,0.714131,0.641013,0.612912,0.727733,0.601722,0.648103,0.608393,0.657301,0.652076,0.580157,0.758065,0.717168,0.629291,0.642632,0.646076,0.651859,0.676368,0.670951,0.669040,0.698739,0.637059,0.677815,#
4,0.589740,0.678052,0.626583,0.667644,1.000000,0.687065,0.704442,0.570672,0.558411,0.615018,0.626218,0.653504,0.572851,0.591936,0.601552,0.651062,0.576380,0.668432,0.605027,0.652488,0.636376,0.654602,0.583194,0.647056,0.656379,0.538668,0.645075,0.626431,0.599356,0.574181,0.743188,0.591840,0.668440,0.556506,0.618794,0.639441,0.540018,0.664726,0.578524,0.707911,0.595433,0.590068,0.599361,0.673965,0.604295,0.615143,0.693887,0.606098,0.626980,0.670750,0.649695,0.604971,0.643931,0.559488,0.677155,0.670194,0.556324,0.650992,0.705043,0.649037,0.598288,0.680263,0.582199,0.605198,0.659086,0.719123,0.708707,0.587264,0.630851,0.638459,0.702698,0.695369,0.654311,0.587824,0.595989,0.655463,0.618365,0.671569,0.670377,0.647861,0.624409,0.625196,0.653856,0.625947,0.670897,0.592460,0.603181,0.560267,0.627107,0.687564,0.593565,0.539761,0.548579,0.647061,0.542286,0.605647,0.632091,0.533644,0.586065,0.603305,0.674549,0.695507,0.580946,0.604085,0.653390,0.590288,0.657580,0.642545,0.643202,0.633080,0.596648,0.614907,0.656973,0.672972,0.598035,0.639690,0.556185,0.719884,0.591067,0.562402,0.645117,0.605743,0.648010,0.673394,0.598795,0.651182,0.628046,0.587859,0.699147,0.678311,0.740800,0.668971,0.572571,0.645166,0.689065,0.632372,0.620127,0.635300,0.606940,0.577219,0.585342,0.673799,0.590588,0.633745,0.590291,0.616712,0.649924,0.561411,0.584172,0.627123,0.636284,0.683164,0.586703,0.539461,0.670007,0.601262,0.661613,0.632999,0.655241,0.607752,0.555282,0.659959,0.645536,0.654764,0.636659,0.627163,0.668933,0.569688,0.549172,0.634225,0.622899,0.602099,0.635739,0.621750,0.693699,0.610725,0.602845,0.662987,0.656360,0.644249,0.697027,0.634304,0.649325,0.615146,0.652072,0.645301,0.594547,0.665109,0.612970,0.573430,0.601004,0.592401,0.602145,0.621180,0.668720,0.518259,0.571236,0.653609,0.643617,0.607240,#
5,0.718409,0.764847,0.731859,0.692652,0.687065,1.000000,0.640299,0.680633,0.662952,0.668615,0.641342,0.684362,0.648936,0.637083,0.685341,0.642531,0.644495,0.688934,0.704733,0.732382,0.664528,0.655268,0.615659,0.686930,0.698429,0.687831,0.732151,0.751429,0.576656,0.667606,0.733764,0.709513,0.705694,0.706542,0.671778,0.736054,0.672307,0.671211,0.679019,0.714141,0.664240,0.652667,0.603481,0.675803,0.672796,0.673275,0.741534,0.715796,0.708847,0.729380,0.713344,0.600780,0.698112,0.717961,0.718402,0.794039,0.650142,0.704871,0.741719,0.729136,0.644864,0.658249,0.666920,0.726027,0.667014,0.673004,0.718668,0.680881,0.695692,0.728802,0.781512,0.703407,0.776632,0.672709,0.703601,0.661172,0.674237,0.736005,0.684442,0.680093,0.732637,0.714328,0.727465,0.708849,0.677239,0.693697,0.664062,0.645858,0.698942,0.710265,0.679584,0.614974,0.648431,0.719818,0.613306,0.547009,0.680930,0.630924,0.736589,0.616625,0.730856,0.709086,0.728137,0.682759,0.690407,0.687906,0.685573,0.712711,0.669231,0.693626,0.676427,0.695033,0.694517,0.597724,0.582440,0.664334,0.692874,0.739599,0.658782,0.623485,0.651373,0.716550,0.663701,0.775735,0.641584,0.682292,0.739239,0.625535,0.724634,0.686021,0.686826,0.767711,0.713778,0.741071,0.728344,0.624839,0.607910,0.720271,0.636116,0.617403,0.664061,0.640786,0.668143,0.689742,0.780136,0.629850,0.653771,0.642482,0.683982,0.731289,0.748960,0.692582,0.695232,0.646836,0.681041,0.613687,0.717299,0.697782,0.674192,0.679882,0.681845,0.736383,0.669666,0.691694,0.714890,0.658183,0.649466,0.673268,0.620930,0.657586,0.739776,0.667889,0.684278,0.667135,0.690512,0.625595,0.655550,0.743665,0.719414,0.717691,0.685088,0.707278,0.568526,0.665265,0.641963,0.701978,0.658875,0.669444,0.759959,0.714719,0.667170,0.743144,0.636460,0.712062,0.674537,0.657801,0.596442,0.735083,0.671973,0.653487,#
6,0.678758,0.645274,0.670468,0.659137,0.704442,0.640299,1.000000,0.602628,0.670645,0.727743,0.674272,0.695967,0.623899,0.660873,0.604878,0.735943,0.687886,0.745312,0.667434,0.662015,0.702638,0.659263,0.601777,0.651463,0.742775,0.680913,0.697320,0.713755,0.613212,0.675876,0.735725,0.710114,0.697432,0.675751,0.639090,0.715831,0.693435,0.712498,0.650919,0.713947,0.693563,0.670513,0.729011,0.701573,0.668560,0.573222,0.732487,0.709490,0.714729,0.748839,0.700159,0.661666,0.704621,0.583752,0.693705,0.682698,0.672175,0.741221,0.724754,0.637132,0.739552,0.721382,0.638210,0.654136,0.736849,0.730571,0.770869,0.728417,0.738594,0.653077,0.749636,0.753295,0.725648,0.654581,0.646173,0.702868,0.725150,0.760694,0.737343,0.679827,0.736324,0.705287,0.648174,0.771734,0.730786,0.647902,0.686807,0.655756,0.669797,0.685424,0.647156,0.666209,0.601658,0.697271,0.613731,0.670520,0.640114,0.667396,0.682120,0.673927,0.709754,0.722873,0.651876,0.649346,0.719617,0.612096,0.700996,0.689081,0.725970,0.649223,0.631884,0.630854,0.662641,0.657362,0.586622,0.679576,0.581210,0.695489,0.629069,0.656082,0.644384,0.637701,0.626481,0.739797,0.677180,0.658426,0.620950,0.677365,0.663338,0.657108,0.733980,0.699300,0.633753,0.652758,0.700891,0.657627,0.679714,0.680637,0.724208,0.703222,0.684773,0.676993,0.586563,0.672581,0.667764,0.701985,0.704921,0.689438,0.649012,0.644137,0.660495,0.688998,0.617606,0.619943,0.630439,0.622319,0.664161,0.586017,0.645383,0.739303,0.680533,0.715621,0.635413,0.671461,0.700165,0.726060,0.729445,0.550686,0.656132,0.687879,0.684040,0.700267,0.623997,0.639363,0.688187,0.677131,0.648542,0.704235,0.682375,0.717538,0.673935,0.715069,0.653074,0.698363,0.650732,0.653354,0.688728,0.639434,0.681626,0.666882,0.673510,0.678741,0.647490,0.639026,0.697706,0.716650,0.690921,0.717191,0.681235,0.687568,#
7,0.711148,0.664684,0.703751,0.669157,0.570672,0.680633,0.602628,1.000000,0.643860,0.609419,0.634586,0.619187,0.657588,0.628569,0.685787,0.598084,0.617842,0.682400,0.648519,0.646458,0.659483,0.600267,0.693152,0.618516,0.670078,0.660303,0.682586,0.653897,0.582286,0.678648,0.655733,0.639113,0.619631,0.628687,0.658503,0.679652,0.618939,0.678370,0.665775,0.683236,0.655993,0.686218,0.589873,0.651262,0.611866,0.637014,0.702099,0.703319,0.708539,0.668488,0.678544,0.622395,0.685989,0.680054,0.706383,0.666273,0.672164,0.663911,0.713831,0.752048,0.609459,0.666307,0.680106,0.648284,0.671346,0.699753,0.748892,0.640640,0.681515,0.586537,0.726384,0.610059,0.730256,0.687278,0.675100,0.687229,0.666553,0.677614,0.573267,0.631729,0.761961,0.635501,0.711308,0.715361,0.648342,0.679125,0.694607,0.618521,0.643990,0.658672,0.660524,0.683772,0.633506,0.641297,0.661098,0.642122,0.626279,0.665377,0.707705,0.642587,0.679377,0.654870,0.596982,0.589274,0.703675,0.600365,0.649108,0.710788,0.702920,0.611313,0.720401,0.637808,0.712451,0.591086,0.624856,0.691670,0.599194,0.643512,0.654278,0.637705,0.680979,0.652108,0.616778,0.691962,0.669342,0.693804,0.635707,0.667218,0.600232,0.663965,0.659158,0.697757,0.669710,0.634627,0.695382,0.691514,0.657446,0.716793,0.603974,0.622197,0.625795,0.634102,0.660057,0.658929,0.700681,0.612445,0.691975,0.556841,0.640713,0.622034,0.645963,0.639350,0.665727,0.525287,0.606772,0.661690,0.674731,0.691387,0.664916,0.667693,0.662527,0.644535,0.723699,0.649454,0.682571,0.656395,0.691964,0.583294,0.551550,0.644364,0.719120,0.587350,0.637534,0.706854,0.658086,0.567959,0.586535,0.595454,0.691689,0.671674,0.627769,0.684211,0.613799,0.676415,0.602839,0.645814,0.683192,0.597628,0.701074,0.697671,0.645118,0.644904,0.612983,0.634870,0.679411,0.643316,0.648547,0.735291,0.685828,0.629935,#
8,0.678030,0.703467,0.678731,0.666212,0.558411,0.662952,0.670645,0.643860,1.000000,0.692016,0.671595,0.679655,0.661997,0.662926,0.657644,0.689417,0.614767,0.704474,0.587721,0.674425,0.676413,0.687499,0.612278,0.644974,0.718748,0.639419,0.675905,0.620459,0.651110,0.605857,0.702828,0.681060,0.619232,0.622761,0.644394,0.752444,0.649081,0.695711,0.617715,0.678508,0.602978,0.590581,0.754626,0.634090,0.605181,0.589094,0.683217,0.627929,0.684413,0.671665,0.710912,0.641345,0.642853,0.680718,0.667559,0.703313,0.668720,0.690413,0.649897,0.631610,0.692140,0.666830,0.707770,0.686415,0.724540,0.721249,0.705234,0.709236,0.758370,0.639897,0.720586,0.719105,0.752593,0.670920,0.683395,0.638341,0.666537,0.720398,0.660835,0.647614,0.730421,0.664117,0.659187,0.696626,0.718271,0.663745,0.637981,0.671476,0.593023,0.617641,0.673495,0.629486,0.590041,0.618830,0.571802,0.612406,0.668207,0.693489,0.763744,0.719452,0.678518,0.609673,0.681877,0.680383,0.624640,0.668954,0.639954,0.666196,0.614449,0.699910,0.621765,0.641205,0.679369,0.586410,0.563061,0.683260,0.602208,0.630141,0.652065,0.688070,0.605321,0.642353,0.602207,0.729540,0.645776,0.689151,0.608793,0.629264,0.691941,0.675434,0.628784,0.703225,0.656561,0.647161,0.689459,0.661492,0.656410,0.667333,0.656356,0.642749,0.661595,0.651902,0.659506,0.601643,0.687162,0.591528,0.621936,0.654142,0.676407,0.657695,0.632003,0.690953,0.603088,0.690059,0.623559,0.586078,0.668390,0.706963,0.711555,0.679448,0.671958,0.631615,0.665330,0.643831,0.615252,0.658886,0.669263,0.635255,0.674447,0.603881,0.680083,0.666726,0.576151,0.666948,0.705664,0.605064,0.630750,0.714560,0.658976,0.648992,0.639299,0.669438,0.633052,0.662221,0.638134,0.623881,0.737800,0.614630,0.660719,0.692207,0.691804,0.691054,0.680351,0.673182,0.670872,0.614736,0.558103,0.679989,0.657709,0.700491,#
9,0.679182,0.717698,0.711261,0.703173,0.615018,0.668615,0.727743,0.609419,0.692016,1.000000,0.684228,0.627492,0.672470,0.709223,0.709217,0.692402,0.664113,0.707608,0.661912,0.629180,0.720330,0.643326,0.600687,0.668135,0.708720,0.597973,0.708106,0.780053,0.614619,0.678886,0.675946,0.721921,0.693454,0.684263,0.643459,0.703480,0.645625,0.681386,0.674986,0.748464,0.697089,0.690419,0.628333,0.658850,0.695388,0.651692,0.694021,0.660533,0.721075,0.722952,0.705694,0.634030,0.626684,0.636602,0.687154,0.681076,0.716869,0.784698,0.627885,0.673296,0.715926,0.715430,0.646576,0.642124,0.653509,0.742611,0.765429,0.707496,0.752128,0.652174,0.712571,0.719616,0.743043,0.668039,0.663275,0.696158,0.723764,0.750985,0.657975,0.767579,0.762731,0.720708,0.689289,0.801190,0.699386,0.673654,0.690267,0.736424,0.680904,0.692653,0.689551,0.638660,0.679540,0.651160,0.669902,0.626043,0.612309,0.613297,0.689619,0.717181,0.750394,0.714444,0.698133,0.683991,0.717841,0.689548,0.659977,0.745635,0.747405,0.707831,0.675529,0.678098,0.687255,0.657595,0.639455,0.734250,0.543424,0.680182,0.635576,0.651782,0.629965,0.718801,0.634339,0.736823,0.674419,0.679320,0.674310,0.655283,0.702925,0.659401,0.655751,0.746235,0.637790,0.680834,0.731141,0.627943,0.694139,0.688936,0.676843,0.627913,0.759565,0.739137,0.695919,0.726684,0.705811,0.729389,0.687641,0.709538,0.711743,0.662780,0.650201,0.652869,0.697197,0.676770,0.646529,0.658473,0.637918,0.695350,0.652094,0.734184,0.727145,0.743021,0.694779,0.684369,0.675131,0.745776,0.675536,0.672173,0.686950,0.661813,0.688456,0.641209,0.646942,0.641677,0.719903,0.703906,0.685083,0.760266,0.640238,0.717425,0.724902,0.695657,0.687938,0.647625,0.645982,0.677488,0.691402,0.652582,0.719138,0.654024,0.683594,0.690730,0.621945,0.654227,0.673174,0.639828,0.702149,0.688436,0.664827,0.661747,#
10,0.700221,0.707430,0.711405,0.652689,0.626218,0.641342,0.674272,0.634586,0.671595,0.684228,1.000000,0.698301,0.682172,0.645370,0.636087,0.644892,0.673810,0.649270,0.719445,0.672077,0.677273,0.664951,0.651915,0.715831,0.666467,0.653657,0.707391,0.727685,0.660130,0.674521,0.698660,0.633719,0.658245,0.683462,0.683757,0.713942,0.701281,0.708581,0.674149,0.684438,0.675004,0.613333,0.687944,0.631371,0.632375,0.668003,0.776571,0.674099,0.676834,0.758722,0.665537,0.688332,0.681625,0.616914,0.710788,0.737561,0.677882,0.771746,0.631569,0.699334,0.703783,0.709042,0.717147,0.688680,0.694943,0.657759,0.754086,0.694804,0.754064,0.665990,0.792160,0.728545,0.763724,0.571053,0.683307,0.749673,0.649760,0.730925,0.695550,0.662548,0.755441,0.669029,0.688917,0.693092,0.678844,0.657145,0.715106,0.638885,0.661834,0.741476,0.620449,0.670731,0.721127,0.611385,0.578426,0.657656,0.633655,0.705444,0.683223,0.690899,0.654317,0.641290,0.645999,0.691426,0.683326,0.679287,0.674570,0.669280,0.676205,0.659883,0.703297,0.618236,0.731413,0.653400,0.618667,0.701853,0.583085,0.683021,0.653263,0.624871,0.663204,0.680374,0.610964,0.728070,0.623905,0.654083,0.675354,0.654068,0.722668,0.690289,0.674782,0.722325,0.638693,0.682672,0.719447,0.769527,0.638431,0.667195,0.709509,0.704038,0.704908,0.696992,0.595454,0.678151,0.647862,0.683684,0.727970,0.662001,0.678567,0.703561,0.620772,0.639870,0.634729,0.630039,0.712968,0.613145,0.697567,0.719690,0.649437,0.636926,0.719834,0.656440,0.639258,0.678388,0.677293,0.657121,0.700831,0.598408,0.644652,0.727219,0.675438,0.710313,0.601897,0.662548,0.733546,0.648725,0.609955,0.694263,0.639865,0.707492,0.635614,0.664795,0.651525,0.646937,0.559346,0.677018,0.705777,0.666080,0.626170,0.688669,0.674414,0.619575,0.639324,0.712426,0.680854,0.652140,0.643373,0.692258,0.670713,0.734668,#
11,0.754948,0.689238,0.663014,0.667480,0.653504,0.684362,0.695967,0.619187,0.679655,0.627492,0.698301,1.000000,0.696924,0.654270,0.708082,0.672173,0.675512,0.739383,0.756117,0.684132,0.655957,0.641220,0.694055,0.681744,0.722231,0.642870,0.687974,0.666484,0.690847,0.620244,0.720615,0.701588,0.707367,0.652166,0.616053,0.700993,0.705730,0.745945,0.646170,0.686367,0.692473,0.592626,0.696574,0.642735,0.629772,0.581729,0.749318,0.740740,0.658613,0.741963,0.667665,0.615377,0.730512,0.646774,0.711749,0.714123,0.610211,0.774500,0.700180,0.720137,0.668007,0.638667,0.740640,0.668740,0.696484,0.703444,0.700525,0.695990,0.750256,0.666237,0.751451,0.678822,0.735909,0.702756,0.749093,0.692250,0.718551,0.749066,0.678247,0.634950,0.701445,0.674306,0.719898,0.711240,0.750012,0.657045,0.631600,0.638322,0.600906,0.637638,0.676714,0.630015,0.626082,0.669286,0.559335,0.670147,0.648194,0.680292,0.691516,0.681161,0.667764,0.703780,0.696368,0.679293,0.701554,0.664183,0.691995,0.719265,0.732983,0.663696,0.734763,0.706920,0.709440,0.611222,0.593214,0.700207,0.641407,0.634963,0.655056,0.709381,0.605226,0.662166,0.644180,0.742346,0.686173,0.696797,0.709046,0.708495,0.702190,0.709760,0.729486,0.679925,0.720898,0.697466,0.723215,0.694575,0.705894,0.707384,0.687813,0.656292,0.630120,0.633493,0.645338,0.701927,0.681998,0.619455,0.736621,0.651497,0.682971,0.677569,0.668861,0.644098,0.651960,0.703166,0.702048,0.620802,0.700507,0.658394,0.664362,0.669574,0.733316,0.717151,0.707454,0.702846,0.722088,0.682098,0.744563,0.580719,0.658438,0.744116,0.718481,0.662820,0.717512,0.760668,0.709621,0.640754,0.670995,0.684645,0.680005,0.698027,0.684391,0.653713,0.690956,0.656723,0.670516,0.601408,0.712047,0.706513,0.629029,0.625798,0.691423,0.723879,0.639072,0.668222,0.646792,0.656471,0.651506,0.670212,0.695286,0.645705,#
12,0.694627,0.695364,0.641425,0.694983,0.572851,0.648936,0.623899,0.657588,0.661997,0.672470,0.682172,0.696924,1.000000,0.655618,0.689867,0.647072,0.614613,0.684824,0.719892,0.619561,0.672756,0.595675,0.665612,0.699072,0.696555,0.693761,0.647640,0.684876,0.613260,0.614484,0.686270,0.639464,0.651644,0.685568,0.684866,0.685993,0.642862,0.714362,0.673735,0.666353,0.576160,0.555618,0.616214,0.627352,0.672068,0.659729,0.754166,0.674696,0.701074,0.724883,0.735034,0.567362,0.626354,0.657614,0.696805,0.718729,0.650500,0.670794,0.674846,0.660448,0.641916,0.646729,0.685090,0.623994,0.688143,0.701122,0.672472,0.669726,0.737828,0.648355,0.704006,0.694984,0.723750,0.665597,0.705006,0.673827,0.666249,0.712442,0.684080,0.690484,0.730457,0.651462,0.702309,0.705597,0.646928,0.689988,0.620663,0.670970,0.592417,0.634600,0.712167,0.616613,0.696433,0.639024,0.553817,0.646049,0.658243,0.608935,0.641207,0.636384,0.614285,0.711328,0.642281,0.641073,0.636266,0.625634,0.620882,0.674654,0.719781,0.676228,0.666805,0.658814,0.686727,0.567458,0.710532,0.694528,0.505056,0.592816,0.667833,0.647997,0.614956,0.700747,0.603795,0.704579,0.639553,0.728273,0.685031,0.627316,0.646561,0.650750,0.582393,0.614956,0.598630,0.652348,0.641559,0.648199,0.597047,0.676216,0.611261,0.583411,0.678400,0.635988,0.616365,0.707942,0.593000,0.634299,0.682634,0.609216,0.649993,0.660743,0.691775,0.569587,0.688314,0.572924,0.632335,0.674102,0.683078,0.726365,0.706420,0.637834,0.659202,0.715405,0.658891,0.656996,0.716109,0.612630,0.642760,0.679516,0.609993,0.667783,0.696201,0.589703,0.660787,0.680382,0.669143,0.592376,0.708462,0.695712,0.606373,0.634452,0.643700,0.701290,0.630844,0.605128,0.553544,0.593545,0.654865,0.638357,0.729039,0.677824,0.636601,0.667744,0.559160,0.635620,0.615309,0.680602,0.626747,0.707335,0.707785,0.631013,#
13,0.609165,0.714054,0.622808,0.620531,0.591936,0.637083,0.660873,0.628569,0.662926,0.709223,0.645370,0.654270,0.655618,1.000000,0.631669,0.611629,0.566972,0.717265,0.688856,0.650276,0.670682,0.599161,0.695057,0.631315,0.694325,0.639387,0.639986,0.684557,0.626938,0.714490,0.625466,0.641767,0.678987,0.711051,0.520501,0.676301,0.636783,0.731855,0.637269,0.703198,0.733448,0.617435,0.666150,0.613491,0.675076,0.657819,0.677835,0.675964,0.718639,0.704542,0.698272,0.664316,0.633809,0.618264,0.706140,0.743522,0.686173,0.730431,0.676235,0.701981,0.684356,0.679728,0.627633,0.670941,0.723078,0.732877,0.709062,0.712290,0.740166,0.637013,0.687143,0.681051,0.744351,0.674978,0.650295,0.636780,0.706833,0.714878,0.696641,0.655108,0.728202,0.665615,0.682511,0.765136,0.675952,0.724180,0.605141,0.604046,0.695205,0.632034,0.622611,0.686134,0.636577,0.655483,0.602517,0.594779,0.630836,0.629971,0.681283,0.693095,0.663676,0.696630,0.723528,0.673810,0.699882,0.685937,0.651625,0.733366,0.654339,0.660424,0.654234,0.647771,0.681929,0.613215,0.626188,0.697096,0.571542,0.648523,0.688738,0.605451,0.686683,0.649749,0.632624,0.647227,0.634052,0.671757,0.692899,0.635593,0.665383,0.645380,0.667063,0.640417,0.634551,0.691530,0.670413,0.660999,0.638529,0.693992,0.731262,0.595510,0.711955,0.697064,0.687792,0.629367,0.645408,0.628953,0.693136,0.655070,0.693352,0.652318,0.698587,0.670797,0.614061,0.651129,0.603732,0.598894,0.711536,0.650615,0.694612,0.650684,0.696848,0.688438,0.679569,0.690303,0.693526,0.658904,0.670837,0.611783,0.657646,0.669177,0.683607,0.691964,0.699498,0.705621,0.735983,0.668403,0.664711,0.702209,0.681638,0.683000,0.671743,0.659000,0.700966,0.609152,0.655080,0.682407,0.629995,0.648404,0.651547,0.684417,0.674001,0.658404,0.624902,0.680066,0.672806,0.647674,0.649778,0.698594,0.685792,0.600064,#
14,0.718396,0.729959,0.694180,0.663596,0.601552,0.685341,0.604878,0.685787,0.657644,0.709217,0.636087,0.708082,0.689867,0.631669,1.000000,0.623820,0.650293,0.669662,0.642082,0.650877,0.649532,0.642384,0.667786,0.724669,0.672785,0.573139,0.691824,0.650541,0.606603,0.651293,0.739001,0.611039,0.647197,0.629236,0.713915,0.711570,0.606954,0.699687,0.705533,0.672073,0.676365,0.616021,0.626233,0.660427,0.632351,0.659032,0.715723,0.622763,0.667123,0.678168,0.637777,0.655284,0.637641,0.685296,0.695480,0.678633,0.639358,0.656677,0.689009,0.642709,0.658899,0.699145,0.684169,0.629417,0.672904,0.667509,0.692241,0.654949,0.729617,0.660421,0.700936,0.634943,0.745627,0.689194,0.715510,0.672766,0.621997,0.728909,0.632253,0.641609,0.708703,0.653874,0.717234,0.703561,0.678715,0.694919,0.599322,0.588104,0.663348,0.591844,0.665193,0.586741,0.655157,0.748019,0.673397,0.634932,0.628138,0.623808,0.660080,0.660380,0.672922,0.681666,0.663737,0.595426,0.700628,0.672153,0.616975,0.643309,0.765398,0.666648,0.692401,0.686322,0.724767,0.600853,0.561676,0.675807,0.555033,0.601939,0.645769,0.671780,0.641225,0.707432,0.611357,0.681481,0.658389,0.583257,0.685125,0.674855,0.619590,0.658084,0.591853,0.720723,0.597320,0.625939,0.682494,0.648378,0.701801,0.666199,0.645059,0.613200,0.665434,0.681631,0.602040,0.694278,0.644212,0.670300,0.735633,0.582382,0.661247,0.581008,0.708012,0.651884,0.647510,0.638870,0.649635,0.637016,0.634481,0.667989,0.593214,0.660197,0.690977,0.649008,0.682022,0.606952,0.698452,0.633013,0.630601,0.622693,0.557559,0.695919,0.658769,0.585325,0.670945,0.689486,0.731889,0.609374,0.634732,0.675245,0.639482,0.686469,0.627274,0.676012,0.645196,0.646426,0.658881,0.629192,0.724591,0.658189,0.704233,0.611556,0.667910,0.660166,0.652688,0.664942,0.614718,0.617340,0.624741,0.693643,0.611126,0.564540,#
15,0.669909,0.666358,0.624813,0.676668,0.651062,0.642531,0.735943,0.598084,0.689417,0.692402,0.644892,0.672173,0.647072,0.611629,0.623820,1.000000,0.623680,0.696180,0.676391,0.639056,0.621393,0.675682,0.636131,0.647668,0.716899,0.607200,0.632586,0.640702,0.615395,0.575374,0.731292,0.698583,0.660087,0.719450,0.608676,0.732614,0.674970,0.721102,0.652028,0.619237,0.583297,0.581092,0.669268,0.639894,0.674196,0.608976,0.708256,0.617269,0.699223,0.698486,0.696074,0.614252,0.652226,0.638438,0.634447,0.679004,0.646113,0.706436,0.677750,0.661473,0.695467,0.682877,0.635311,0.651066,0.696069,0.686745,0.679988,0.720442,0.657644,0.612884,0.708596,0.659113,0.673259,0.612024,0.691970,0.677805,0.696310,0.666309,0.701572,0.663429,0.678307,0.646080,0.681840,0.717402,0.711115,0.652535,0.576445,0.628960,0.622268,0.602984,0.592789,0.648192,0.642333,0.669484,0.556145,0.613583,0.591996,0.674948,0.674512,0.684694,0.671794,0.669990,0.675344,0.672980,0.664145,0.610681,0.600215,0.698737,0.651051,0.685325,0.631280,0.572439,0.693510,0.631401,0.633975,0.644879,0.560427,0.615384,0.623299,0.724831,0.624434,0.653357,0.616285,0.726134,0.633253,0.672612,0.642098,0.592167,0.697976,0.713555,0.674319,0.653834,0.597647,0.559402,0.673536,0.709338,0.686396,0.625709,0.618536,0.633256,0.617572,0.625273,0.624063,0.660427,0.669916,0.680944,0.621668,0.644674,0.676234,0.664195,0.655583,0.705339,0.625821,0.652421,0.642689,0.569066,0.672091,0.628076,0.685189,0.660952,0.630023,0.698437,0.673885,0.655952,0.665912,0.661403,0.649362,0.560328,0.650151,0.665252,0.606204,0.674292,0.582271,0.683806,0.689889,0.659639,0.638943,0.671158,0.648572,0.691162,0.656702,0.680898,0.574836,0.646968,0.668931,0.595328,0.641240,0.566870,0.605400,0.643365,0.621118,0.673063,0.577705,0.610868,0.601113,0.606373,0.621463,0.633374,0.684506,0.649045,#
16,0.693405,0.663730,0.666296,0.640041,0.576380,0.644495,0.687886,0.617842,0.614767,0.664113,0.673810,0.675512,0.614613,0.566972,0.650293,0.623680,1.000000,0.699002,0.712671,0.675033,0.713843,0.576159,0.574312,0.665382,0.690845,0.661865,0.672795,0.610870,0.533122,0.599922,0.719615,0.648795,0.636783,0.556225,0.641558,0.685338,0.697580,0.721935,0.651275,0.679032,0.618546,0.605308,0.620606,0.623891,0.621709,0.645794,0.666664,0.635307,0.677087,0.722295,0.612081,0.613117,0.660120,0.651854,0.640168,0.697741,0.577368,0.677479,0.649245,0.606144,0.703382,0.715653,0.628078,0.594446,0.640401,0.632190,0.747121,0.665164,0.701336,0.658807,0.720784,0.682396,0.735640,0.615430,0.648712,0.652198,0.638430,0.701153,0.609869,0.694649,0.755953,0.668400,0.694537,0.713839,0.677501,0.654017,0.673811,0.546692,0.581162,0.652937,0.580459,0.644553,0.653549,0.627709,0.601092,0.679193,0.612992,0.632240,0.704420,0.652245,0.691078,0.687475,0.627813,0.647179,0.659044,0.678123,0.680048,0.667762,0.740483,0.624102,0.658546,0.647040,0.686154,0.638717,0.648999,0.692456,0.693020,0.683163,0.618358,0.524168,0.574040,0.603442,0.631961,0.689725,0.651249,0.599265,0.585044,0.584353,0.685443,0.609889,0.686763,0.647578,0.649625,0.622153,0.677088,0.726119,0.659634,0.642229,0.602218,0.571420,0.659881,0.620902,0.651275,0.647444,0.593368,0.589207,0.706447,0.654517,0.655673,0.599275,0.623165,0.654729,0.562454,0.608710,0.697869,0.587595,0.654100,0.647583,0.623840,0.635112,0.659768,0.614961,0.707345,0.630711,0.685407,0.693778,0.646601,0.629336,0.614319,0.683927,0.589618,0.653428,0.631577,0.698298,0.678309,0.640814,0.574184,0.741173,0.635246,0.680278,0.656669,0.624921,0.606272,0.651676,0.535989,0.578647,0.702528,0.644870,0.700469,0.638985,0.662635,0.642909,0.629469,0.655100,0.665025,0.651794,0.679602,0.716594,0.648955,0.649297,#
17,0.732967,0.674381,0.723817,0.674628,0.668432,0.688934,0.745312,0.682400,0.704474,0.707608,0.649270,0.739383,0.684824,0.717265,0.669662,0.696180,0.699002,1.000000,0.695178,0.749221,0.685083,0.660207,0.693450,0.619726,0.764992,0.700751,0.724745,0.717535,0.643958,0.677761,0.750398,0.727498,0.679468,0.645441,0.621492,0.699899,0.668754,0.773899,0.718910,0.787543,0.674965,0.687688,0.669186,0.696928,0.679529,0.670499,0.727264,0.712515,0.749802,0.775081,0.711349,0.584784,0.656505,0.689648,0.737571,0.707121,0.709748,0.724369,0.688720,0.703120,0.680772,0.698597,0.727485,0.667354,0.710928,0.741608,0.815659,0.738281,0.742757,0.661752,0.750026,0.686557,0.738907,0.712046,0.750986,0.684426,0.719857,0.763235,0.701059,0.744300,0.761694,0.702106,0.743037,0.777460,0.716362,0.667142,0.696613,0.700715,0.658784,0.663564,0.665713,0.635404,0.675016,0.709028,0.665386,0.694717,0.630375,0.619924,0.721099,0.721232,0.733893,0.691902,0.672741,0.662618,0.700202,0.702336,0.662647,0.697269,0.699597,0.721483,0.712477,0.615372,0.763711,0.658897,0.696736,0.706399,0.609228,0.664208,0.713830,0.708307,0.680405,0.699729,0.684584,0.710346,0.642316,0.676163,0.651382,0.702651,0.712790,0.687358,0.711400,0.746118,0.729669,0.683892,0.735738,0.702492,0.741373,0.688044,0.677534,0.685219,0.720588,0.685054,0.723115,0.703039,0.720628,0.667255,0.683666,0.626981,0.727175,0.672662,0.698694,0.700645,0.679602,0.687578,0.661052,0.681445,0.761485,0.692279,0.680257,0.725486,0.730061,0.700243,0.748394,0.654563,0.721900,0.688330,0.645116,0.574888,0.675354,0.708969,0.678376,0.669506,0.704330,0.710736,0.781982,0.619374,0.693328,0.726858,0.685918,0.754833,0.728395,0.753750,0.685497,0.743779,0.668473,0.632584,0.720086,0.713695,0.654984,0.674677,0.765867,0.705193,0.656406,0.691480,0.709590,0.689376,0.692380,0.725744,0.725793,0.613732,#
18,0.704128,0.702607,0.662330,0.671450,0.605027,0.704733,0.667434,0.648519,0.587721,0.661912,0.719445,0.756117,0.719892,0.688856,0.642082,0.676391,0.712671,0.695178,1.000000,0.656302,0.660183,0.681984,0.646286,0.615908,0.681455,0.703235,0.723178,0.688310,0.631007,0.704366,0.675104,0.692763,0.699759,0.706907,0.651428,0.736768,0.665364,0.739102,0.693344,0.730441,0.666568,0.646566,0.684619,0.616262,0.682360,0.657028,0.744272,0.761381,0.728211,0.712315,0.634716,0.620754,0.694537,0.584597,0.704877,0.711216,0.664605,0.705310,0.666024,0.753890,0.704297,0.693614,0.660999,0.654116,0.719107,0.672908,0.701110,0.668491,0.685701,0.670805,0.728381,0.660401,0.742268,0.596087,0.751205,0.675254,0.692731,0.692802,0.641461,0.668620,0.747242,0.660866,0.718442,0.740924,0.744549,0.707990,0.653292,0.676926,0.682443,0.650205,0.667637,0.630750,0.713520,0.721210,0.611778,0.645311,0.641544,0.684631,0.703057,0.665054,0.691092,0.679749,0.676821,0.664826,0.674786,0.693346,0.688502,0.737567,0.727944,0.702117,0.748797,0.628664,0.723472,0.624131,0.636851,0.717098,0.633025,0.687294,0.717373,0.638544,0.663646,0.664347,0.621899,0.719042,0.699425,0.637459,0.722388,0.611809,0.737494,0.647940,0.708081,0.725989,0.681341,0.640772,0.710598,0.700473,0.684414,0.676790,0.662085,0.662985,0.673459,0.676090,0.664972,0.749892,0.667987,0.629636,0.686270,0.652512,0.723621,0.667720,0.687950,0.619550,0.728106,0.617897,0.701541,0.690120,0.665766,0.725399,0.636048,0.645889,0.720565,0.742567,0.759256,0.693210,0.705650,0.673892,0.785124,0.590366,0.617609,0.697874,0.679251,0.665880,0.715818,0.745946,0.685954,0.667340,0.632272,0.719672,0.694221,0.743677,0.665350,0.692976,0.650707,0.635236,0.640593,0.663638,0.673597,0.663654,0.667505,0.703334,0.682078,0.702592,0.609326,0.716006,0.658193,0.642480,0.636510,0.755753,0.695197,0.674666,#
19,0.670457,0.720810,0.693820,0.645724,0.652488,0.732382,0.662015,0.646458,0.674425,0.629180,0.672077,0.684132,0.619561,0.650276,0.650877,0.639056,0.675033,0.749221,0.656302,1.000000,0.681833,0.611997,0.597241,0.650857,0.697038,0.649050,0.665774,0.670450,0.569492,0.643908,0.735899,0.734419,0.681587,0.618425,0.609719,0.739006,0.620227,0.715101,0.660368,0.683280,0.682352,0.668043,0.653473,0.635498,0.628083,0.682819,0.740309,0.668639,0.678841,0.685006,0.620035,0.582741,0.656803,0.646778,0.690652,0.658347,0.668934,0.712821,0.646804,0.641264,0.670769,0.634101,0.697845,0.654695,0.661549,0.708890,0.732819,0.652397,0.736786,0.652201,0.715878,0.669536,0.731016,0.628114,0.674388,0.652439,0.612391,0.706281,0.635453,0.654227,0.739244,0.627917,0.735488,0.691194,0.659933,0.588534,0.672120,0.632090,0.698938,0.639686,0.603034,0.641949,0.615664,0.680291,0.605527,0.608273,0.643723,0.657815,0.677806,0.712404,0.686974,0.668164,0.651045,0.668183,0.700850,0.621806,0.683437,0.641456,0.675604,0.617697,0.689097,0.615438,0.688161,0.640976,0.659948,0.694399,0.655897,0.667037,0.673562,0.579425,0.722629,0.652470,0.563618,0.774406,0.656356,0.668414,0.647021,0.654988,0.759315,0.722817,0.688840,0.744520,0.679354,0.698404,0.701633,0.705647,0.641595,0.658562,0.662592,0.620402,0.672689,0.662747,0.627863,0.672499,0.659531,0.590897,0.600235,0.585418,0.704250,0.650950,0.629732,0.671139,0.632952,0.651848,0.696925,0.618986,0.721798,0.671913,0.662231,0.673770,0.653216,0.710942,0.664316,0.690736,0.679749,0.643997,0.624419,0.673170,0.605164,0.659621,0.624393,0.687539,0.672935,0.677385,0.737205,0.588368,0.657852,0.708519,0.688663,0.634193,0.621141,0.683283,0.673659,0.699893,0.601502,0.613103,0.629516,0.650520,0.674747,0.682739,0.690240,0.665911,0.616253,0.709017,0.700010,0.647473,0.633008,0.634082,0.639139,0.611499,#
20,0.666403,0.743358,0.658579,0.682391,0.636376,0.664528,0.702638,0.659483,0.676413,0.720330,0.677273,0.655957,0.672756,0.670682,0.649532,0.621393,0.713843,0.685083,0.660183,0.681833,1.000000,0.663839,0.620464,0.702955,0.728822,0.695297,0.684408,0.730805,0.599219,0.659121,0.712961,0.663556,0.681453,0.710837,0.653827,0.697917,0.647471,0.696609,0.641571,0.726937,0.700141,0.697652,0.642452,0.676074,0.716415,0.633488,0.707520,0.692625,0.696582,0.711574,0.640471,0.657724,0.641162,0.676692,0.683730,0.671010,0.598697,0.683735,0.677411,0.645000,0.689738,0.699197,0.709123,0.650312,0.694123,0.704249,0.777043,0.654192,0.729574,0.626663,0.721032,0.713408,0.715973,0.661714,0.644765,0.624339,0.666492,0.723329,0.723333,0.729898,0.718775,0.718300,0.693575,0.725540,0.625573,0.654642,0.704186,0.665464,0.710560,0.755287,0.685763,0.643433,0.647807,0.702093,0.611585,0.674196,0.606508,0.587929,0.667847,0.699119,0.736327,0.694154,0.655743,0.721762,0.694851,0.658396,0.744389,0.707112,0.704072,0.736946,0.640847,0.715748,0.660733,0.553461,0.676417,0.682938,0.625042,0.687490,0.584250,0.569600,0.696272,0.689909,0.605051,0.742255,0.638568,0.675816,0.619181,0.603146,0.654080,0.690873,0.667998,0.680990,0.717486,0.708343,0.686007,0.663653,0.623001,0.707292,0.679426,0.714875,0.686512,0.607171,0.663333,0.685261,0.678839,0.622273,0.707846,0.670421,0.662751,0.666318,0.694987,0.673320,0.663218,0.619425,0.684376,0.626009,0.657131,0.710555,0.690146,0.655639,0.697492,0.704341,0.662622,0.677185,0.714100,0.656056,0.647039,0.659552,0.592457,0.656846,0.678660,0.636024,0.666726,0.715854,0.698760,0.661691,0.648890,0.736765,0.661309,0.688563,0.669003,0.657785,0.665071,0.635745,0.573820,0.674349,0.678449,0.670956,0.660657,0.657712,0.655283,0.679900,0.664154,0.688291,0.713196,0.667715,0.679949,0.726634,0.691081,0.663149,#
21,0.656615,0.773985,0.698389,0.723781,0.654602,0.655268,0.659263,0.600267,0.687499,0.643326,0.664951,0.641220,0.595675,0.599161,0.642384,0.675682,0.576159,0.660207,0.681984,0.611997,0.663839,1.000000,0.648371,0.667304,0.612396,0.603784,0.714315,0.637061,0.664483,0.597822,0.645124,0.581981,0.681398,0.672332,0.659197,0.719038,0.615759,0.666842,0.643151,0.668917,0.623884,0.682435,0.628136,0.675055,0.640619,0.648694,0.685403,0.662010,0.678230,0.699951,0.606013,0.659429,0.672877,0.632456,0.694570,0.680729,0.633607,0.653903,0.719859,0.634143,0.630231,0.705072,0.573991,0.618063,0.669800,0.670490,0.711217,0.645882,0.666476,0.695410,0.697656,0.709389,0.715275,0.673780,0.702927,0.689313,0.703908,0.677233,0.671152,0.659258,0.678251,0.633154,0.723254,0.733439,0.714541,0.666817,0.627078,0.707259,0.697701,0.684522,0.586692,0.590534,0.666754,0.676847,0.642649,0.649931,0.628191,0.584197,0.679819,0.694423,0.675946,0.679328,0.562405,0.673771,0.641495,0.666950,0.634605,0.701146,0.617192,0.702117,0.715968,0.594350,0.694170,0.639209,0.562484,0.602476,0.605582,0.728735,0.640208,0.657580,0.647613,0.618325,0.579321,0.657471,0.594097,0.617742,0.669395,0.626561,0.633451,0.707543,0.695074,0.708110,0.603183,0.647338,0.725085,0.602921,0.628300,0.589379,0.653079,0.671906,0.698288,0.671594,0.574340,0.666260,0.610868,0.629203,0.637296,0.570034,0.654687,0.666125,0.656087,0.687399,0.635916,0.647733,0.613169,0.638802,0.665233,0.701864,0.600980,0.661721,0.659462,0.710791,0.657598,0.667060,0.691358,0.651524,0.703487,0.581437,0.549663,0.662848,0.691363,0.630948,0.673091,0.650283,0.640457,0.622198,0.545872,0.654377,0.687099,0.671148,0.638866,0.733782,0.643635,0.658029,0.603074,0.675360,0.676705,0.594079,0.615704,0.666647,0.668871,0.618497,0.644412,0.618191,0.659384,0.593398,0.632712,0.673637,0.581754,0.700640,#
