0,1.000000,-0.012889,-0.013393,0.037473,-0.033482,0.113462,-0.090744,0.067939,0.061014,-0.095695,-0.130699,0.023391,0.133722,-0.286745,0.224590,-0.089279,0.064319,0.025350,-0.023240,0.171586,-0.094751,-0.080802,0.051022,0.065020,0.074500,-0.014717,0.159929,0.006586,-0.114308,0.053697,-0.084526,-0.053665,-0.045409,-0.197369,0.144967,0.065321,0.069218,-0.063904,0.108524,0.049595,-0.045629,-0.069486,0.130802,0.091934,-0.092009,-0.056357,0.066420,-0.021946,-0.115637,0.058671,0.077947,-0.006906,0.145953,0.185939,-0.028929,0.115798,-0.131163,-0.006332,-0.088654,-0.153590,0.199309,-0.152764,-0.011994,0.083751,-0.080952,0.200172,-0.143543,0.195661,-0.095088,0.036007,-0.012515,-0.030895,0.029945,-0.084514,0.080514,-0.065146,-0.196016,-0.088865,-0.130408,-0.051896,0.205194,0.099908,-0.179046,-0.078023,-0.052994,0.197840,-0.009685,-0.245278,-0.213030,-0.031729,-0.007074,0.001825,-0.095360,0.022614,0.028020,0.116792,-0.055437,-0.059153,0.059597,0.123775,-0.106608,-0.042472,-0.110564,-0.043913,0.114105,-0.152998,-0.203391,0.069672,0.082575,-0.020085,0.154804,-0.100097,-0.049127,-0.048093,-0.027151,0.038585,-0.102855,-0.141299,0.126150,0.071475,-0.000403,0.195657,0.096553,0.110869,-0.007602,0.058873,0.035456,0.029420,-0.064136,-0.091401,-0.032717,-0.008096,-0.031158,-0.076343,-0.059420,-0.123482,0.119235,0.148958,-0.073246,-0.037454,-0.147811,0.147002,-0.133552,0.110164,0.105056,-0.061835,-0.029330,0.046743,0.112816,0.016886,-0.002184,-0.215295,0.012264,-0.041291,-0.030166,-0.011242,-0.042606,-0.018990,0.115353,0.084377,0.110423,0.214422,-0.138717,-0.111461,0.034501,0.049067,0.028107,-0.066676,0.178717,0.062939,0.114198,-0.076841,0.183966,0.042018,0.117074,-0.241876,-0.019624,0.002627,0.055820,-0.017906,-0.149074,0.044935,-0.208554,0.043545,0.030522,-0.041189,0.039064,0.202523,0.003488,0.120433,-0.072126,0.048176,0.102808,-0.065839,-0.089741,-0.062226,-0.096212,-0.087686,0.010223,0.071649,#
1,-0.012889,1.000000,-0.087691,0.233161,0.068755,0.105094,-0.016135,-0.067189,-0.044209,-0.045450,0.006989,-0.020236,0.083223,0.115702,-0.084535,-0.012388,0.142509,-0.009846,0.076714,0.038308,0.260464,0.198927,0.164261,0.288237,0.043163,-0.026378,0.072526,-0.108409,-0.123770,-0.116639,0.005983,0.236900,0.115057,-0.007987,0.083575,0.107185,-0.114561,0.097326,-0.013883,0.069235,0.056925,0.041743,-0.050579,0.066426,-0.005484,0.227224,0.095564,0.071289,0.019424,0.069365,0.118368,0.233195,0.152779,0.011341,0.049584,0.208189,-0.197925,0.057695,0.173340,0.022537,0.010835,0.001259,-0.130249,-0.103192,-0.088457,0.025751,0.086194,0.180501,0.153518,0.177326,0.049260,0.072859,0.260227,0.019059,-0.021106,-0.059254,0.098817,0.069261,0.103784,-0.012418,0.052523,0.196706,0.211270,0.055667,0.043065,0.044626,0.023914,-0.109831,0.026944,0.101978,0.055661,0.001067,0.064864,-0.061157,-0.081957,-0.034777,0.066269,-0.037581,-0.070556,0.137082,-0.002957,0.179755,0.054672,0.144805,0.092126,-0.025976,-0.089615,0.232965,-0.029464,-0.048698,0.107500,0.099067,-0.099885,0.022643,0.006782,0.026414,0.308621,0.272169,0.099128,-0.099152,0.196789,0.147982,-0.016018,0.142335,-0.047456,0.065323,0.251092,0.172612,0.130031,0.089914,-0.032178,-0.062625,-0.044259,0.183078,-0.037972,-0.035068,-0.001308,-0.020786,0.130897,-0.075251,-0.049815,0.009526,-0.100399,-0.092434,-0.046778,-0.025975,0.095676,-0.071729,-0.054667,0.016706,0.068631,0.048464,-0.086777,0.085714,0.173692,-0.061676,0.083050,0.023360,-0.000608,-0.012188,-0.041249,0.166666,0.162938,0.125133,0.001030,-0.044129,-0.042830,0.155070,-0.063487,0.109200,0.161489,-0.099465,0.084154,0.089941,0.119786,0.001264,0.062689,0.099012,0.064956,-0.062048,-0.008618,-0.101690,-0.050435,-0.118643,-0.047147,0.167310,0.034114,-0.170517,0.044255,0.060751,0.001111,0.083787,0.006165,0.190624,0.165975,0.050916,0.126889,-0.107507,0.040643,0.091374,#
2,-0.013393,-0.087691,1.000000,-0.001308,-0.111014,0.002304,0.022378,0.150572,-0.112603,0.087410,0.001667,-0.061282,-0.015711,-0.086678,-0.013396,-0.078866,0.085944,0.069369,0.086319,0.100799,0.114075,0.007934,-0.230142,-0.000572,-0.078432,-0.144543,-0.023731,-0.061962,-0.054988,0.082809,0.016645,0.046578,0.142417,0.081152,0.127123,0.050702,0.210835,-0.061111,0.157412,0.079313,0.256852,0.117530,-0.080803,-0.057975,-0.030155,0.112114,0.122219,-0.037944,-0.036799,0.243244,-0.064649,-0.091944,-0.041418,0.176164,0.144152,0.094922,0.076407,-0.042134,-0.179110,-0.062640,0.060116,0.068100,-0.006625,0.177033,-0.008431,0.004102,0.280920,-0.158039,0.232665,0.055337,0.157959,-0.029844,-0.038817,0.218621,-0.015397,-0.031539,0.088420,0.242168,0.095441,0.265966,-0.037501,0.143175,0.048086,0.157644,0.091575,0.282280,0.151918,0.189033,0.003599,0.012104,0.256170,0.043311,-0.011582,-0.118964,0.276605,-0.033184,-0.125010,0.016394,0.106800,0.004409,0.069607,-0.105349,-0.166287,0.034275,0.156803,0.199261,0.018453,-0.031361,0.302750,0.017682,0.087764,0.032973,0.062741,-0.125218,0.067969,-0.102203,-0.109160,-0.050385,0.137171,-0.094125,-0.006365,0.101466,0.031065,-0.035085,0.136057,0.218651,0.007897,0.058465,-0.047312,0.092766,0.059781,0.113896,0.179875,0.145076,-0.097908,-0.110394,-0.167978,-0.033375,-0.108437,0.005102,0.110390,0.017492,-0.055962,-0.062677,0.016247,0.134644,0.146740,0.045740,0.123927,-0.104481,0.110546,-0.041174,-0.049878,0.183507,-0.088110,0.189073,0.046097,-0.030204,-0.032125,-0.116367,0.032284,-0.294940,0.033855,0.059462,-0.074711,0.038382,0.153273,-0.000656,-0.038574,0.050758,0.075609,-0.062457,0.074337,-0.037428,0.110221,0.107476,0.176385,0.086517,-0.001416,-0.060242,-0.081337,0.143302,0.121725,0.210780,-0.039932,0.074593,0.019141,0.147495,0.032808,-0.065147,-0.154232,0.080461,0.033020,0.155582,0.060254,0.267872,0.149418,-0.029141,-0.043627,-0.068179,#
3,0.037473,0.233161,-0.001308,1.000000,0.079704,0.093741,-0.105884,0.086391,0.096261,0.042345,-0.057645,0.066662,0.187050,-0.038468,-0.020971,0.010536,0.152255,-0.035724,0.017908,0.010353,0.197033,0.249244,0.043689,-0.020565,0.203979,0.188180,0.105041,0.066679,0.061323,0.000148,-0.046968,0.183673,0.108811,0.153087,0.092505,0.067046,-0.044063,0.055320,-0.043297,0.148912,0.079446,0.098337,-0.005205,-0.046665,0.149733,0.157211,0.004391,0.240265,0.159513,0.087343,0.050519,0.066608,0.154045,0.088854,0.217531,0.072447,-0.214007,0.050752,0.298163,-0.023185,0.116012,0.101744,-0.093786,0.086669,0.074328,0.227776,-0.027935,0.024650,0.026475,0.222142,-0.071317,0.111686,0.271433,0.180640,0.048657,0.035235,-0.013099,0.027067,0.133169,0.185039,0.070846,0.098870,0.037783,0.044230,-0.006690,0.102508,0.030972,0.074389,-0.026693,0.083995,-0.078645,0.093305,0.164418,0.030820,0.146847,0.128695,0.027347,0.048284,-0.139520,0.228226,0.044331,-0.090681,-0.110552,0.069781,0.099277,0.057038,0.115464,0.308403,-0.016185,0.027364,0.030972,0.155597,0.019702,0.111776,0.102713,-0.001983,0.242409,0.102071,0.122899,0.004074,-0.061790,0.051834,-0.039393,0.116570,0.052674,0.078460,0.260878,0.163171,0.002686,0.151177,0.000193,0.043483,-0.007490,0.301840,0.137477,0.003146,0.127834,-0.020508,0.090938,0.014735,0.052523,0.001140,-0.096531,-0.008037,-0.139004,0.135347,0.034023,0.138272,0.071625,-0.128529,-0.035880,-0.051056,0.087121,0.087257,0.118156,-0.002523,0.186373,0.082292,-0.040513,0.146396,0.220011,0.207034,0.096000,0.358357,0.128712,0.041912,0.012119,0.001068,0.056867,0.137000,0.163175,0.002070,0.048672,0.094864,-0.108460,0.174917,0.046777,-0.037105,0.133158,0.036849,-0.057017,0.159413,-0.049398,0.154252,-0.038156,0.081940,-0.019759,-0.103326,0.195822,0.117501,-0.081687,0.097070,0.160292,0.085113,0.100794,0.095896,0.103547,-0.009671,-0.000590,0.230889,#
4,-0.033482,0.068755,-0.111014,0.079704,1.000000,0.113909,0.070767,-0.028289,-0.078672,0.054830,0.119401,-0.094670,-0.107827,-0.142045,0.050178,0.066533,-0.097136,-0.047599,-0.225482,0.033118,0.039244,0.189447,0.244034,0.101745,-0.009790,-0.160453,-0.033069,0.036625,0.142943,0.079403,0.110260,-0.041011,0.046929,-0.024486,0.052201,0.139866,-0.149435,-0.119293,0.031153,0.186787,-0.099633,0.068073,0.088092,0.092546,0.240142,-0.119125,0.169044,-0.015300,-0.115775,-0.015871,0.158344,0.128417,-0.025196,-0.179521,0.052916,0.063979,-0.072198,0.128491,0.232767,-0.082637,-0.042027,0.069544,0.123504,0.023549,0.180445,0.262924,0.020651,-0.101712,0.006114,0.055603,0.144699,0.036857,-0.041322,-0.076339,0.017660,0.153140,0.061552,0.004023,0.122636,0.022503,-0.190311,0.149520,0.061446,-0.154399,0.050406,-0.128895,0.020505,0.040221,0.105586,0.160700,-0.106550,-0.133835,0.020732,-0.100253,0.095719,0.142006,0.159250,0.037226,-0.112293,-0.036885,-0.033306,0.170916,-0.075061,0.108311,-0.000591,-0.181221,0.083390,0.045934,-0.006877,0.170798,-0.108081,0.042907,0.216196,0.259990,-0.002988,0.004567,-0.115627,0.302878,-0.077166,0.103470,0.044114,0.063199,0.030584,0.023396,0.053561,0.063610,0.181876,-0.047636,0.196192,0.093875,0.183254,0.087186,-0.114675,0.064640,0.066580,-0.014215,-0.041881,0.167629,-0.003907,0.062019,-0.128608,0.221344,-0.035185,0.147655,-0.040969,0.137636,0.024093,-0.120396,0.045359,0.063701,-0.112410,0.182533,0.010776,-0.148012,0.162093,-0.105858,0.126493,0.191515,0.173183,0.032292,-0.128152,0.202779,-0.000891,0.187799,0.069088,-0.045399,0.073208,0.044623,-0.033622,0.037404,0.031274,-0.002610,0.016790,-0.018272,-0.003402,0.036053,0.020276,0.092345,0.016201,0.137399,0.133937,-0.015396,0.056949,0.093681,0.201349,0.154542,0.006902,0.097911,-0.062545,0.064077,0.066326,-0.055101,0.105574,-0.007485,0.079238,-0.171888,-0.028828,-0.056216,0.006673,0.120852,#
5,0.113462,0.105094,0.002304,0.093741,0.113909,1.000000,-0.072633,0.081029,0.019625,0.077360,-0.101266,-0.134570,0.075661,-0.122450,-0.038340,-0.082650,0.061292,-0.019217,0.135941,0.176594,0.004276,-0.139789,-0.008513,0.030296,0.154891,0.197174,0.099763,0.129651,-0.081656,0.163765,-0.025898,0.076628,0.060791,0.210086,0.093283,0.080094,0.050112,-0.102844,-0.021156,0.138602,-0.110855,0.056883,0.026617,0.009649,0.109068,0.053544,-0.095040,0.214687,-0.050035,0.066705,0.163190,-0.059709,-0.012476,0.015095,0.140967,0.275901,-0.067552,0.015357,0.078114,0.048729,-0.090585,-0.185003,0.002658,0.168036,-0.042433,0.045850,-0.136600,0.008933,0.033691,0.135496,0.224820,0.078405,0.052277,0.091922,0.056190,-0.048435,-0.110100,0.219583,0.041621,0.016550,0.022172,0.164940,0.035209,-0.014364,-0.051407,-0.007173,0.001364,-0.061011,0.099353,-0.027048,0.171655,-0.146770,-0.030009,-0.019901,0.037441,-0.247845,0.174665,0.157513,0.105763,-0.086240,0.113715,-0.016472,0.176343,0.140515,0.041523,-0.043999,0.059578,0.130592,-0.106347,0.074640,0.013930,0.042545,0.062900,-0.013031,-0.074517,-0.128666,0.273278,0.185727,0.135548,0.005960,-0.047574,0.087641,-0.006563,0.152256,0.037299,0.121191,0.305353,-0.042631,0.018092,-0.164979,-0.021911,0.096214,0.122292,0.186311,0.009353,-0.147240,-0.163922,0.092745,-0.065267,-0.013718,-0.081954,-0.055094,0.030355,-0.005624,0.294992,0.033484,-0.027227,0.115648,0.056933,0.108031,0.213896,0.049449,0.238759,0.001022,0.101863,-0.006215,0.111927,0.035462,0.067563,0.022758,0.047961,0.197571,0.043449,0.051551,0.064682,-0.132818,-0.194490,0.153834,0.091332,0.034119,0.232686,0.079796,0.004171,0.022800,-0.151789,0.229181,0.223284,0.091374,0.175998,0.136157,0.092596,-0.048085,-0.238982,0.061968,0.006672,0.113923,0.033778,0.113946,0.254981,0.156723,-0.107597,0.166569,0.036141,0.206240,0.124585,0.073805,-0.033738,0.117336,0.035542,0.180613,#
6,-0.090744,-0.016135,0.022378,-0.105884,0.070767,-0.072633,1.000000,-0.087725,0.060614,0.162437,0.195807,-0.006514,-0.006449,-0.148965,-0.190605,0.355020,0.186128,0.129881,-0.009607,-0.089535,-0.045516,-0.000976,-0.078704,-0.066852,0.126671,0.085515,-0.066555,0.016904,0.135524,-0.035810,0.042864,0.134380,0.047421,0.086573,0.024643,0.017513,0.064196,0.067204,-0.057366,-0.048690,0.064183,0.050790,0.251792,0.153961,-0.038462,-0.053071,0.060915,0.094030,-0.076577,0.040911,-0.049584,0.009280,-0.029987,-0.145297,0.010735,-0.010865,0.045346,0.045299,-0.005396,-0.147254,0.189543,0.056229,0.049482,-0.043513,0.181134,0.028432,0.018982,0.061136,0.005141,-0.057742,0.196140,0.207113,-0.122169,0.017552,-0.022292,0.129165,0.242082,0.156795,0.219912,0.056188,0.007693,0.125979,-0.089144,0.202366,0.052336,-0.122107,0.113767,0.064874,-0.051785,-0.035341,-0.028443,0.037790,-0.016975,-0.003297,0.076875,0.047318,0.130415,0.079125,-0.045798,-0.039836,0.030023,0.157117,-0.016132,0.030540,0.157602,-0.044128,0.019636,0.099890,0.214722,-0.102467,-0.039437,-0.026931,0.046381,0.147842,0.014843,0.157318,-0.143008,0.041547,-0.082107,0.147089,-0.009445,0.069983,-0.257798,-0.043011,0.031492,0.009993,-0.041122,-0.024081,0.093340,0.015597,0.130729,0.044502,0.012822,-0.042463,0.053965,-0.041895,0.115348,-0.068575,0.063997,0.186694,-0.008652,-0.015017,-0.110175,0.000480,-0.000826,0.164046,0.056733,0.149899,0.034594,-0.017024,-0.028229,0.076696,-0.119607,-0.035177,-0.033952,-0.040056,-0.010439,-0.231769,-0.136363,0.128231,-0.053584,0.027577,-0.078973,-0.024049,-0.099013,0.033945,0.099019,-0.039851,0.029213,0.010236,-0.035208,0.195643,-0.203376,-0.110624,0.022890,0.177067,0.067617,0.137487,-0.022923,-0.078881,0.080400,0.039124,0.020224,0.065005,0.010989,-0.038805,0.105613,-0.138826,0.120765,0.028875,-0.006096,0.058595,-0.113298,0.014399,0.049448,0.136430,0.112740,-0.069446,-0.016632,0.019204,#
7,0.067939,-0.067189,0.150572,0.086391,-0.028289,0.081029,-0.087725,1.000000,0.142099,-0.087579,-0.127803,-0.128839,0.165252,-0.003159,0.072677,-0.050485,0.013851,0.173826,0.080944,0.135903,0.165317,-0.006950,0.001916,-0.090922,0.013614,0.192091,0.025418,-0.097273,0.046472,0.162241,-0.059807,0.006646,0.076534,0.032870,0.060715,0.125190,-0.098584,0.090859,0.279949,0.109665,0.060421,0.232121,-0.051237,-0.031150,-0.040916,0.096642,0.128574,0.174161,0.226059,0.087388,-0.064155,0.103074,0.113176,0.052977,0.178781,-0.039005,-0.001714,-0.253115,0.192468,0.261981,-0.021739,0.159393,0.017616,0.058095,0.093209,0.048687,0.115655,-0.098622,-0.177322,-0.051367,0.128248,-0.004102,0.080202,0.136837,-0.006875,-0.036736,-0.084122,0.031920,-0.034512,0.040370,0.218164,0.074891,0.094236,0.093016,-0.013215,0.208655,-0.005197,0.090621,-0.049258,0.121114,0.116677,-0.022103,0.180978,-0.026705,0.166637,0.144873,0.107847,0.220946,0.196367,0.058052,-0.010472,-0.071380,-0.226365,-0.122175,0.094652,-0.018820,-0.090696,0.168702,0.129048,-0.054893,0.166105,0.048060,0.184335,0.086116,0.159001,0.039142,-0.036252,-0.017280,0.142556,0.130330,0.116874,0.079435,0.099166,0.034145,0.068070,0.144163,0.002809,0.092728,0.012810,0.090626,0.013828,0.144469,0.174772,-0.093311,-0.078699,-0.065053,-0.098279,0.227585,0.007986,0.006585,-0.101016,-0.001819,0.001879,0.003386,0.134161,0.122377,0.069045,0.014552,-0.087825,-0.050202,-0.108849,0.128460,0.003212,-0.111501,0.046209,0.237721,0.163188,0.059748,0.042812,-0.041688,0.109187,-0.048914,0.114983,0.016468,-0.025346,-0.036480,0.013885,-0.028571,-0.231936,-0.103902,0.150599,-0.048207,0.108465,0.082550,0.110414,-0.116578,-0.031889,-0.036217,0.111212,0.012933,0.083288,0.042424,-0.064562,0.138947,0.090432,0.140739,0.127001,0.056469,0.148069,0.228495,0.130721,0.040617,0.056628,0.042789,0.095745,0.068097,0.046207,0.112102,0.034318,0.044134,#
8,0.061014,-0.044209,-0.112603,0.096261,-0.078672,0.019625,0.060614,0.142099,1.000000,0.011141,0.002549,0.134051,0.067936,0.119541,0.047048,0.142602,0.020728,0.010827,-0.122924,0.105510,0.197925,0.011213,-0.056088,0.030873,0.237356,0.109692,0.070902,-0.208243,-0.002729,0.013711,0.057346,0.068953,0.076469,-0.048786,-0.032862,0.334825,0.066640,0.049625,-0.076279,-0.022011,0.025593,-0.038853,0.299300,0.143178,-0.026350,-0.061713,-0.013878,-0.006279,0.098393,0.036623,0.051198,0.111107,0.126321,-0.006921,-0.096589,0.053315,0.024573,-0.007002,-0.015687,-0.031454,0.145447,0.141052,0.167648,0.153787,0.090797,0.160996,0.116663,0.160765,0.092566,-0.086436,0.149176,0.211602,0.114256,-0.025259,0.012892,-0.069497,-0.031794,0.021259,0.125067,0.052119,0.123597,0.088398,-0.103501,-0.000652,0.081311,0.041534,0.150019,0.080815,-0.077350,-0.097527,0.091991,-0.020586,-0.066670,0.018184,-0.107149,-0.045279,0.239150,0.220474,0.247823,0.213861,-0.010793,-0.266001,0.108780,0.208403,-0.102381,0.122006,0.013431,0.020400,-0.071310,0.192304,-0.030145,-0.014868,0.004313,0.006159,-0.100811,0.053230,0.149493,0.002451,-0.027889,0.104734,0.049060,0.058728,0.073239,0.174826,0.056392,0.105799,-0.128071,-0.024343,0.156215,0.181449,-0.075977,0.194333,0.107618,-0.079037,-0.067111,0.140387,0.049894,0.028340,0.161781,-0.004671,-0.092026,-0.089944,-0.021576,-0.275579,0.082691,0.024769,0.030888,0.263855,0.000438,0.079520,-0.061843,0.177538,-0.083025,0.176242,0.125965,0.005966,0.096770,0.106692,0.226518,-0.124415,0.081423,-0.083391,0.002887,-0.120174,-0.115502,0.008232,0.049974,0.155676,0.081040,-0.134881,0.027133,0.186283,-0.173039,0.064368,0.109790,0.018258,0.112179,0.004525,0.142782,0.089717,0.109248,-0.006214,0.058625,0.013295,-0.024176,-0.074523,0.203620,0.055910,0.029239,0.169169,0.146627,0.117994,0.116961,0.082934,0.042034,-0.120978,-0.246971,0.028065,-0.053533,0.231429,#
9,-0.095695,-0.045450,0.087410,0.042345,0.054830,0.077360,0.162437,-0.087579,0.011141,1.000000,-0.006489,-0.038389,0.086032,-0.083476,0.041096,0.117316,0.006772,0.077785,-0.158410,-0.120478,0.014849,-0.020264,-0.129130,0.028031,0.068616,-0.086813,0.099965,0.065265,-0.092814,-0.129711,-0.046734,0.093974,-0.033940,-0.003107,-0.016459,0.094969,0.109104,-0.040191,-0.000295,0.013661,-0.107645,-0.027828,-0.031476,-0.025634,0.041633,-0.061483,-0.037631,0.115467,0.129506,0.169027,0.111155,-0.020072,-0.113108,-0.118791,-0.096639,-0.023119,0.116802,0.125939,-0.179204,0.016160,0.083242,0.027113,0.035892,-0.145704,-0.129434,0.103926,-0.049875,-0.018387,0.102386,-0.011598,0.153896,0.065177,-0.013173,0.047560,-0.154287,-0.035610,0.170840,0.072857,0.009773,0.158735,0.019023,0.135059,-0.008662,0.093234,0.128461,0.040227,0.168953,0.194049,-0.010381,0.097789,0.153599,-0.131940,0.049878,-0.119018,0.130207,-0.073077,0.002844,-0.014882,0.090507,0.107949,0.125978,0.133249,0.065396,-0.001020,0.039612,0.038633,-0.132555,0.252312,0.125187,0.011352,-0.022741,0.164979,-0.030758,0.011186,0.032203,0.120739,-0.050084,0.087798,0.112797,0.136873,-0.195064,0.095583,-0.045066,-0.009733,0.165488,0.174809,0.007938,0.057771,0.062588,-0.009710,-0.043345,-0.003159,-0.020693,-0.009411,0.107784,-0.171554,0.063337,0.013607,-0.016378,-0.004358,0.151866,0.081779,0.139544,0.162631,0.088590,0.308080,-0.017158,0.168807,0.052280,0.010592,-0.027437,0.095224,0.059033,0.042039,-0.019322,-0.049816,0.023529,0.083084,0.228797,0.044926,-0.044752,0.072153,0.198523,0.064920,-0.004995,0.046121,-0.142833,0.137874,0.129270,0.068597,0.081185,-0.020222,-0.002744,-0.255122,-0.062284,0.158946,0.286576,0.135698,-0.046787,0.102236,0.113149,0.138813,0.114858,0.021430,0.094564,0.031087,0.071712,0.078370,0.146330,0.003478,-0.160814,-0.092002,-0.025677,-0.083436,-0.136320,0.042846,0.072330,0.087608,-0.042176,-0.034979,#
10,-0.130699,0.006989,0.001667,-0.057645,0.119401,-0.101266,0.195807,-0.127803,0.002549,-0.006489,1.000000,0.062568,-0.020359,-0.066158,-0.153731,0.124490,0.168888,-0.029818,0.034395,-0.079828,0.025375,0.059880,-0.146658,0.172933,-0.014415,0.083866,-0.026534,0.051858,0.056902,0.015300,0.015777,-0.006343,0.033628,0.081678,0.002995,-0.038851,0.120181,-0.009157,-0.135647,-0.073546,0.085763,-0.113390,0.047195,-0.087549,0.005057,0.051156,0.230775,0.004749,-0.054738,0.121439,-0.053108,0.193111,0.026309,-0.120292,-0.030256,0.254831,0.046557,0.122105,-0.136034,0.046334,0.081506,0.017721,0.157261,0.136648,0.027315,-0.058192,0.170241,-0.065146,0.145418,-0.103254,0.265571,0.165558,0.011733,-0.071822,0.055753,0.172131,-0.138925,-0.005960,0.162407,-0.107315,0.045642,-0.061971,-0.005005,-0.109099,-0.000220,0.045570,0.114431,-0.069980,-0.052653,0.232410,-0.016964,0.131930,0.135154,-0.224209,-0.054089,0.014122,0.065587,0.176166,-0.047566,-0.032434,-0.042475,-0.022795,-0.050235,0.054805,-0.055068,0.095097,0.249906,-0.155081,0.009903,0.021610,0.011295,0.028741,0.162891,0.165040,0.001819,0.090750,-0.070579,0.140999,-0.029952,-0.042320,0.047565,0.066142,-0.101109,-0.031326,0.001243,0.070091,0.095868,-0.028732,0.138009,0.077215,0.023759,0.074403,-0.019189,0.106470,0.153873,0.205117,-0.062672,0.024576,0.125570,0.168346,0.008431,0.060687,0.109638,0.069575,-0.029633,0.157746,0.088003,0.110466,0.018754,0.174346,-0.057563,-0.027875,-0.027639,0.095172,0.121014,-0.071947,0.101833,0.015489,0.008733,-0.103990,-0.050003,-0.056602,0.007073,0.084336,-0.079222,0.016766,0.005798,0.025498,0.082580,0.070451,-0.228893,0.112533,-0.121230,0.011091,0.147559,0.140836,-0.042318,-0.047042,-0.051469,0.055144,-0.142090,-0.104349,-0.010801,0.095274,-0.170538,0.082948,0.205037,0.061280,-0.087709,0.036511,-0.044596,-0.025154,0.047224,0.238558,0.034795,-0.052000,0.005465,-0.066691,-0.031249,0.135919,#
11,0.023391,-0.020236,-0.061282,0.066662,-0.094670,-0.134570,-0.006514,-0.128839,0.134051,-0.038389,0.062568,1.000000,-0.008584,0.060549,0.146076,0.060188,-0.055622,0.015679,0.101869,-0.015026,-0.032138,0.042569,0.041154,0.063088,0.106443,0.002078,-0.073606,-0.075298,0.022340,-0.066981,0.219068,0.180850,0.092219,0.096850,-0.071573,0.093361,0.079041,0.129087,-0.004833,-0.101759,0.129054,-0.104465,0.074260,-0.016433,-0.031419,-0.268952,0.077517,0.085483,0.061846,0.012917,-0.241221,-0.021906,0.155952,-0.001615,0.021986,-0.024770,-0.074696,0.283994,0.009581,0.165288,-0.015296,-0.004816,0.142658,0.035445,0.005500,-0.067678,0.067668,0.150095,-0.011545,0.033111,-0.167194,-0.063440,0.036855,-0.034924,0.315429,0.174387,0.029455,0.056724,-0.013064,-0.046736,-0.152180,0.032895,0.080911,0.022151,0.043868,-0.063133,0.094483,0.002078,-0.005663,-0.066532,-0.026666,0.012886,0.040949,0.088088,-0.233966,0.048898,-0.050733,0.145533,0.014428,0.127346,-0.076175,0.016661,0.043852,0.023229,0.039248,0.047777,0.114169,0.111520,0.024115,-0.022981,0.055358,0.092720,-0.081278,0.019332,0.107182,-0.110955,-0.015019,0.084199,-0.044207,0.203656,0.064572,-0.052038,0.037909,0.205440,-0.000867,-0.035413,0.012863,0.135364,0.242403,0.207613,0.074601,0.033108,0.175872,0.072507,0.131296,0.173172,0.104359,0.182756,0.098733,0.122885,-0.168934,-0.217399,0.145310,0.151170,0.032588,0.093050,-0.020770,0.096029,-0.109040,-0.129363,-0.021206,-0.029598,0.033911,0.304876,0.031608,-0.040489,0.043704,-0.114024,-0.029233,0.021849,0.092420,0.114411,-0.002833,0.079145,0.022516,0.213994,0.190638,0.029011,0.062060,0.036131,0.130889,-0.040923,0.125186,0.110459,0.031761,0.065174,0.101224,-0.056212,0.062286,0.088036,-0.031584,-0.081053,0.078167,0.068311,-0.016598,-0.088433,0.172908,0.002656,-0.129217,-0.117130,0.097074,0.136193,0.112793,0.063911,0.075126,-0.071144,-0.121653,0.076912,0.025018,0.099060,#
12,0.133722,0.083223,-0.015711,0.187050,-0.107827,0.075661,-0.006449,0.165252,0.067936,0.086032,-0.020359,-0.008584,1.000000,-0.015448,0.088375,0.024065,-0.019225,-0.059277,0.147878,-0.083188,0.148992,0.014252,0.019051,0.061996,0.147948,0.194051,0.041459,-0.041147,-0.056147,0.010812,0.062706,-0.015295,0.010777,0.160056,0.258716,0.072394,0.086530,0.074093,-0.044557,-0.057879,0.006976,-0.111595,0.055224,-0.000405,0.177482,0.115530,0.263422,0.151646,0.160454,0.153979,0.133074,-0.075999,-0.004111,-0.002564,0.116528,0.113544,0.034111,-0.151899,0.131074,0.069758,0.047882,0.127078,0.157477,-0.027725,-0.017153,0.077207,-0.106895,0.120072,0.192864,0.053444,0.102492,0.069209,0.150003,0.010768,-0.019934,0.120632,-0.070871,0.099325,0.040580,0.154576,0.215571,0.233290,0.021122,-0.038198,0.035647,0.099150,-0.048627,0.112592,-0.115583,-0.003291,0.198617,-0.042518,0.136988,0.203252,-0.010667,0.091944,0.062837,-0.071605,-0.068502,-0.061718,0.002897,0.048227,-0.024287,0.019470,-0.037007,0.064798,0.001776,0.190497,0.105740,0.031399,0.113015,0.096550,0.069375,-0.101601,0.059958,0.006685,-0.112134,0.081883,0.113737,0.122176,0.084913,0.178372,0.028669,0.148262,0.113416,0.291249,0.089929,0.079967,-0.038512,0.080390,-0.246155,-0.062102,0.087410,-0.009967,-0.111248,-0.072260,-0.004679,0.027837,0.045222,-0.077476,-0.070547,-0.188410,-0.129833,0.045854,-0.221282,0.219520,0.125081,0.087617,-0.045094,0.036411,0.211584,-0.124333,0.126120,-0.034736,0.170344,0.080150,0.137356,0.186371,0.166156,-0.152939,0.032190,0.138057,0.090828,-0.020917,0.126517,-0.052728,-0.060415,0.161931,0.080396,0.086269,0.141986,-0.109361,0.094006,-0.085993,0.057906,0.069234,0.144284,0.012895,-0.231635,-0.061573,0.025091,0.096929,-0.068053,0.041473,-0.077032,0.057218,0.039051,0.012776,0.183633,-0.020400,-0.109997,-0.003137,-0.078922,-0.110501,0.023556,0.105513,-0.034390,0.071841,0.059372,0.056403,#
13,-0.286745,0.115702,-0.086678,-0.038468,-0.142045,-0.122450,-0.148965,-0.003159,0.119541,-0.083476,-0.066158,0.060549,-0.015448,1.000000,0.084068,-0.095241,-0.143572,0.009492,-0.029059,-0.064909,-0.006354,-0.002990,0.124894,0.069776,-0.034274,0.178399,-0.039922,-0.019009,-0.026596,0.094075,-0.008247,-0.006840,0.014903,0.010516,-0.200313,0.014393,-0.056732,0.077349,-0.159879,-0.024403,0.102255,0.030175,0.138283,-0.188079,0.036115,0.109745,-0.131814,0.062716,0.116397,0.045441,-0.132321,-0.008191,0.037023,-0.080112,0.075543,-0.018476,0.091615,0.131992,0.044926,0.040330,-0.116997,0.094677,-0.042828,-0.099885,0.091844,-0.019291,0.154054,0.167387,0.097262,0.033651,-0.139191,-0.093878,0.196428,-0.048922,-0.035851,0.098551,0.038857,-0.037789,0.088627,-0.060328,-0.144480,0.059582,0.047025,0.096073,-0.159171,0.080245,-0.042410,0.119886,0.105643,-0.068389,0.029118,0.093505,0.146652,-0.009674,-0.084073,-0.069807,-0.001270,-0.000845,-0.013574,0.048648,-0.005882,-0.024977,0.142841,-0.104339,-0.102474,0.062274,-0.063229,-0.003746,-0.165912,-0.057897,-0.105628,-0.022116,-0.032150,-0.001895,0.144802,-0.090350,-0.012716,-0.034816,0.032600,-0.129887,0.054260,-0.071781,0.137606,-0.088921,-0.055187,-0.057707,0.020756,0.016476,0.056950,0.148926,-0.071708,-0.199751,-0.078569,0.114184,-0.067469,0.046573,-0.016022,0.015456,0.220968,0.063150,0.016457,-0.147597,-0.058686,-0.144056,-0.167765,0.057443,0.013222,0.029374,0.032520,-0.176869,0.063918,-0.024769,0.002535,0.053185,0.014269,-0.137887,-0.002044,-0.232700,-0.041463,-0.059964,-0.043447,-0.116358,0.120906,-0.075914,-0.031368,-0.023846,0.071175,0.134416,-0.079391,0.021250,-0.006604,-0.006851,-0.123755,0.142003,0.081573,0.089952,0.052831,-0.157532,-0.080467,-0.022308,0.026105,-0.091054,0.101456,0.003692,-0.189218,0.083839,-0.082085,-0.191385,-0.090792,0.037598,0.202613,-0.000628,0.110074,-0.013115,-0.012018,0.080491,-0.156745,0.242875,-0.010601,-0.041989,#
14,0.224590,-0.084535,-0.013396,-0.020971,0.050178,-0.038340,-0.190605,0.072677,0.047048,0.041096,-0.153731,0.146076,0.088375,0.084068,1.000000,-0.058200,-0.073527,0.116577,-0.168974,0.128609,-0.127206,0.030446,0.075384,0.227722,0.018391,-0.033845,0.060565,0.023037,-0.038147,0.029371,0.305940,-0.052536,-0.043970,-0.069002,0.083949,0.106531,0.044945,0.007377,0.183625,-0.052652,0.009441,-0.010568,-0.092902,-0.037670,-0.014493,0.078076,0.040418,-0.036156,0.074330,-0.052589,-0.083438,0.152393,0.117638,-0.089936,0.049836,0.031349,0.055791,-0.020786,0.107364,-0.164673,0.000209,-0.012536,0.113621,0.067865,-0.034883,0.037317,-0.044940,-0.040452,0.015257,-0.048388,0.070565,-0.071266,0.194813,0.152722,0.069555,0.113634,-0.083515,-0.028754,-0.133750,0.024344,-0.048963,0.060783,0.119903,0.099103,-0.014081,0.012967,-0.015385,0.053134,-0.042849,0.063159,0.132592,-0.081591,0.119270,0.230643,0.013692,-0.017037,-0.157814,0.021540,-0.123406,0.058483,-0.140448,-0.027108,0.047429,-0.008514,0.023471,-0.036664,-0.002847,-0.103021,0.150707,0.065377,-0.090890,0.132577,0.098838,0.044728,-0.059223,-0.152355,-0.039105,-0.174156,0.072257,0.062227,0.119500,-0.033132,0.148563,0.115564,0.073555,-0.060320,-0.028589,0.071169,-0.054834,0.029140,-0.031873,0.032631,-0.082053,0.050652,0.001808,-0.140916,0.175287,0.167229,0.020967,-0.009930,0.015619,0.085266,0.034227,0.239904,0.002064,0.140788,0.065410,-0.042480,0.025798,-0.057422,0.257585,-0.037924,0.240431,0.039480,0.060550,-0.038381,0.112002,-0.050336,-0.000200,0.013718,-0.040741,-0.000584,0.007448,-0.160890,0.335032,0.165058,-0.014605,0.045859,0.035036,0.015636,0.090626,-0.257379,0.004143,0.003412,0.027514,0.012836,-0.056843,-0.032926,0.063024,0.039295,0.031757,-0.019037,-0.079073,-0.035889,0.001296,0.093343,0.013716,0.017575,0.003361,0.013017,0.053075,0.047028,0.114833,-0.015883,-0.125073,-0.147567,-0.071962,0.074335,-0.112516,-0.142110,#
15,-0.089279,-0.012388,-0.078866,0.010536,0.066533,-0.082650,0.355020,-0.050485,0.142602,0.117316,0.124490,0.060188,0.024065,-0.095241,-0.058200,1.000000,0.118091,0.083609,0.089164,-0.056449,-0.054923,0.087568,-0.046796,0.163114,0.121946,0.042417,-0.187417,0.029826,0.071045,-0.187358,0.098106,0.175020,0.137456,0.272658,-0.025581,0.046963,0.073871,0.191020,-0.143967,-0.088680,-0.041822,-0.128277,0.118962,0.056639,-0.013124,0.082340,0.099910,0.047997,0.048516,0.101789,-0.018408,0.094921,-0.082828,0.043161,0.012395,0.094365,0.104678,0.005426,-0.040755,0.088127,0.155572,0.129461,0.125443,0.077831,0.069342,-0.040736,0.017803,0.151257,-0.011405,-0.006534,0.128674,0.013565,-0.148490,0.142361,0.043930,0.014847,0.023382,0.036109,0.197720,-0.036018,-0.147129,0.070264,-0.000405,0.161491,0.110489,0.020201,-0.059241,0.026909,-0.030835,-0.184224,-0.083793,0.103522,0.097686,0.105432,-0.078282,0.025103,0.078634,0.202663,0.086491,0.067527,-0.032088,0.150666,0.001763,0.214085,0.125213,-0.074261,-0.029174,0.075179,0.002902,0.175365,-0.072662,-0.029321,0.140720,0.020003,0.149743,-0.015872,-0.111536,-0.068364,-0.033008,0.264520,-0.083265,0.218085,-0.017346,0.066989,-0.019279,0.062984,0.055566,0.039263,0.057064,0.182526,0.152078,-0.002873,-0.080976,-0.105186,0.094903,0.097125,0.189988,-0.020423,-0.099200,0.129759,0.029468,-0.031475,0.081309,0.071885,0.069661,0.174771,-0.005877,0.050477,0.054054,0.019340,0.094915,0.304709,0.090419,0.071035,0.083483,0.040578,0.021442,-0.066902,0.147787,0.062965,0.000599,0.034810,0.108686,0.192119,-0.040610,-0.004560,0.013198,-0.058810,0.105756,0.139725,-0.065511,0.121741,-0.112830,0.168464,0.008565,0.196679,0.091714,0.031392,0.106730,0.073840,0.094588,-0.019570,0.040762,0.122877,0.179094,-0.097347,-0.032325,-0.050817,0.056970,0.073275,-0.077322,0.161291,-0.060841,0.056997,-0.038838,0.040335,0.027436,-0.080931,0.150416,0.030106,#
16,0.064319,0.142509,0.085944,0.152255,-0.097136,0.061292,0.186128,0.013851,0.020728,0.006772,0.168888,-0.055622,-0.019225,-0.143572,-0.073527,0.118091,1.000000,0.068423,0.263753,0.178644,0.285324,-0.278026,0.042621,0.032562,0.115572,0.113186,-0.028028,0.068787,-0.095151,0.022941,0.052452,0.201988,-0.015066,-0.067131,0.126669,0.096255,0.164753,0.228655,0.073617,0.145398,0.042438,-0.055823,0.075557,0.017175,0.065597,-0.014626,0.063249,0.076768,-0.026023,0.154264,0.015916,0.105815,0.036595,-0.007018,0.022210,0.154916,-0.081847,0.080824,-0.033026,-0.085125,0.168070,0.080016,0.105002,-0.016830,0.010219,0.109232,0.116536,0.123742,0.126131,0.010943,0.159071,0.014448,0.000034,0.056623,0.018656,-0.046556,-0.022069,0.073513,-0.041331,0.127281,0.252696,0.068021,0.130981,0.025030,0.091958,0.110816,0.010467,-0.073683,-0.088794,0.042962,-0.187427,0.098069,0.108532,-0.234406,0.088965,0.077117,-0.017733,0.170493,0.046048,0.176626,0.041264,0.124382,0.020666,0.194994,0.113773,-0.051006,0.045099,0.036275,0.287564,0.038739,0.022244,0.046346,0.076633,0.060266,0.151425,0.107328,0.253720,0.011215,0.001454,-0.087781,-0.110422,-0.046323,0.004226,-0.011842,0.201496,-0.008754,0.004332,-0.030642,0.066588,-0.013042,0.129881,0.027609,0.009012,0.098836,-0.018992,0.129893,0.136591,-0.014793,0.028932,-0.116772,-0.042186,0.051620,0.074806,-0.081711,-0.076090,0.027648,0.267706,0.182351,0.086147,-0.032068,-0.048736,0.018765,-0.172758,0.083202,0.204060,-0.015804,-0.034767,-0.047096,-0.084747,0.018708,0.216706,-0.047102,0.116927,-0.013034,0.197099,0.027149,-0.016270,0.080202,0.075395,0.125568,-0.165947,0.179820,0.067089,0.185607,0.015559,0.033125,0.104673,0.258961,0.118712,0.135891,0.025738,-0.061924,-0.077725,0.230172,-0.200935,-0.131918,0.131487,0.047077,0.186807,0.095311,0.035421,0.123409,0.010974,0.087769,0.167657,0.172075,0.163222,-0.042899,-0.014246,0.118207,#
17,0.025350,-0.009846,0.069369,-0.035724,-0.047599,-0.019217,0.129881,0.173826,0.010827,0.077785,-0.029818,0.015679,-0.059277,0.009492,0.116577,0.083609,0.068423,1.000000,0.073480,0.109701,-0.031208,0.008996,0.025445,-0.169160,0.154093,0.054835,-0.113649,0.037221,-0.040944,0.019613,0.003534,0.197162,-0.060265,-0.124899,-0.130512,-0.188426,0.005727,0.167370,0.170937,0.118998,0.111717,0.085955,-0.011300,0.035357,0.047319,0.157188,0.006354,0.151788,0.005454,0.065514,-0.072933,-0.056535,0.084848,-0.022429,0.113507,0.011494,0.083813,-0.075866,-0.026358,0.045531,0.045585,-0.065954,0.241625,-0.050670,-0.041818,-0.021080,0.259646,-0.025134,-0.050871,-0.126051,0.127282,-0.110842,-0.132722,0.214310,0.135585,-0.101768,-0.152560,0.078546,0.189822,-0.002147,-0.033729,0.172771,-0.021507,0.185529,-0.068979,-0.040536,0.138835,-0.014063,-0.100519,0.001896,-0.012289,-0.068424,0.152148,0.088358,0.185708,0.066491,-0.047387,0.015988,0.156387,0.188562,-0.120356,-0.083746,-0.052215,-0.185769,-0.079689,0.162242,-0.185493,-0.022296,0.019276,0.056147,0.135399,-0.103565,0.196603,0.032355,0.254713,-0.091820,-0.159273,0.003957,0.115343,0.181299,0.019624,0.037044,-0.000732,-0.124270,-0.031960,-0.030329,-0.072150,0.079941,0.095011,-0.040411,-0.008874,0.102331,0.104518,-0.024417,-0.007234,-0.002134,0.181163,0.067897,-0.089049,0.198920,0.016101,0.021625,0.166624,0.029703,0.122499,-0.021829,-0.165033,-0.034241,0.021414,-0.015276,0.065376,0.017960,-0.013707,0.130169,0.010796,0.029878,0.106280,-0.195805,0.036640,-0.001971,-0.025681,0.032877,0.135016,-0.059017,-0.095583,-0.171038,-0.111304,-0.072355,0.032877,-0.075914,0.013671,-0.015102,0.028789,-0.066377,0.050606,-0.019032,0.087562,0.047579,0.105802,0.179323,-0.053390,-0.018956,-0.072013,0.194218,-0.068051,-0.115677,0.155669,0.072894,-0.026097,-0.050331,0.064987,0.049154,-0.073086,-0.040887,-0.145967,0.108924,-0.029212,-0.098390,0.031534,-0.194032,#
18,-0.023240,0.076714,0.086319,0.017908,-0.225482,0.135941,-0.009607,0.080944,-0.122924,-0.158410,0.034395,0.101869,0.147878,-0.029059,-0.168974,0.089164,0.263753,0.073480,1.000000,0.068434,0.041042,0.084243,0.008933,-0.016253,-0.033267,0.146448,-0.033083,-0.058655,-0.016501,0.071323,-0.139510,0.215682,0.068962,0.151447,0.092072,0.101759,-0.002973,0.262460,-0.006034,0.028649,0.113900,-0.053634,0.181077,-0.172356,0.068386,-0.003445,0.098770,0.198490,0.083212,-0.006993,-0.081683,-0.018617,0.105726,-0.077000,0.103281,0.101023,-0.041333,-0.048273,0.012352,0.155008,0.081466,0.056470,0.017847,-0.032121,0.048551,-0.081577,0.109720,-0.174648,-0.042286,0.070357,0.023593,-0.096052,-0.035180,-0.006363,0.116769,-0.070269,-0.113504,0.039192,-0.193707,-0.083401,0.016805,-0.055129,0.135175,-0.075104,0.139302,0.248784,-0.264264,0.017977,0.021592,-0.102380,0.023069,0.004049,0.047696,-0.010241,0.009343,0.023489,0.085311,0.092618,0.017287,0.078833,-0.008700,-0.044777,0.021690,0.025815,0.067793,0.093543,-0.056744,0.159070,0.104536,0.091547,0.168613,-0.062037,0.000049,-0.065078,-0.002964,-0.013926,-0.003725,-0.042586,0.145846,0.114531,0.058708,-0.114737,-0.031290,0.051816,0.225414,-0.053559,0.161078,0.071481,0.084463,0.000768,-0.065956,0.130459,0.097616,-0.033292,-0.117892,0.042830,0.102860,0.009090,-0.054341,-0.009673,-0.129756,0.004270,-0.051930,-0.048066,0.049147,0.024531,0.044048,0.118875,0.109997,-0.068088,0.064901,-0.173729,0.144639,0.123739,0.116974,0.232269,0.013225,-0.088723,-0.201752,-0.105688,0.133771,0.032073,0.220552,-0.007455,-0.020732,-0.112425,0.112224,-0.000405,-0.069367,0.116229,0.080634,0.040287,0.048171,0.202932,0.024073,-0.023826,-0.009372,0.026439,0.006650,0.012946,-0.010021,-0.005331,-0.083942,0.018656,-0.066969,-0.113511,0.091380,-0.005349,-0.118624,0.046244,-0.017728,0.226644,-0.033453,0.105158,0.100800,0.072298,-0.012966,0.138208,0.000044,0.151416,#
19,0.171586,0.038308,0.100799,0.010353,0.033118,0.176594,-0.089535,0.135903,0.105510,-0.120478,-0.079828,-0.015026,-0.083188,-0.064909,0.128609,-0.056449,0.178644,0.109701,0.068434,1.000000,0.100410,-0.179741,-0.049837,0.020444,0.168224,0.019722,-0.009146,-0.077791,-0.255662,0.136202,0.037721,0.145734,0.200292,-0.027682,0.130374,0.107958,0.101146,0.117913,0.132774,0.094581,0.141938,0.122381,0.024985,-0.015514,-0.038976,0.067958,0.011515,0.010488,0.101113,0.215762,0.087934,0.012431,0.120068,0.074158,0.021662,0.108183,0.023258,-0.086404,-0.102697,-0.024670,-0.010691,-0.015972,0.133248,0.069727,0.103945,-0.045070,0.187513,0.037988,0.164495,-0.020665,0.117128,-0.019570,0.036727,0.004677,-0.126632,0.106088,-0.119980,0.016573,0.045110,-0.058324,0.232265,-0.000810,0.019374,-0.020577,0.075338,0.079259,-0.027668,-0.069167,0.104712,0.045652,-0.113720,-0.006084,-0.087749,0.046445,-0.030774,-0.078618,0.049907,0.315521,0.112319,0.198703,-0.119264,-0.096920,0.057808,0.077716,0.072631,-0.100915,0.033270,-0.114434,0.038901,-0.139269,0.123938,-0.027892,-0.009966,-0.001240,-0.020373,0.004139,0.112796,-0.020063,0.225214,-0.082258,0.148655,-0.084054,0.071823,0.062066,0.094208,0.134439,-0.026009,0.194471,0.066151,-0.029186,0.117536,0.155318,0.076349,0.049917,-0.091946,0.153318,-0.042251,0.102916,0.064523,-0.106878,-0.034223,0.126697,-0.141489,-0.155266,0.069498,-0.034558,-0.001425,0.034767,0.071197,0.053857,-0.002294,-0.006579,0.001239,0.102380,0.180688,0.015255,0.169954,-0.142167,0.166278,-0.010744,0.124740,0.146485,-0.043818,0.166840,0.213472,0.156984,-0.025905,0.070939,-0.027168,0.021435,-0.089964,0.078992,0.130054,0.233288,0.178090,-0.091925,0.123898,0.089782,0.119045,0.029331,-0.000549,0.133513,0.125082,0.070607,0.013489,-0.046565,-0.070809,0.025360,-0.014718,0.125185,0.054618,0.071231,-0.036569,0.082619,0.118611,0.003733,0.090890,-0.130307,0.044847,0.001264,#
20,-0.094751,0.260464,0.114075,0.197033,0.039244,0.004276,-0.045516,0.165317,0.197925,0.014849,0.025375,-0.032138,0.148992,-0.006354,-0.127206,-0.054923,0.285324,-0.031208,0.041042,0.100410,1.000000,-0.010573,-0.010243,0.232777,0.155095,0.167814,-0.133545,0.033511,0.024202,-0.076151,0.128669,0.176335,0.194413,0.118995,0.024502,0.144418,-0.029983,0.014498,0.016011,0.109016,0.114853,0.048525,0.015673,-0.102558,0.193259,-0.063806,0.116246,0.120562,-0.033402,0.135239,0.104648,0.171053,0.064309,-0.045227,0.218533,-0.123311,-0.280844,-0.059514,0.028114,-0.030629,0.086800,0.049711,0.189802,0.019637,-0.069471,0.210678,0.146812,0.008974,0.037263,-0.049446,0.071816,0.067160,0.216557,0.088843,-0.135963,-0.054254,0.046438,0.006412,0.156303,0.113501,0.118916,0.114644,0.083116,-0.097293,-0.002364,0.143825,0.046215,0.178702,0.030370,0.129843,0.117419,0.058148,0.104274,-0.006207,0.032484,0.155696,0.078764,0.001553,0.119159,0.081076,0.168437,0.026267,0.026558,0.159711,-0.004917,0.145646,0.220238,-0.055915,0.061018,0.155612,0.014002,0.090439,-0.119386,-0.075213,0.185842,0.043963,0.164949,0.038028,-0.030665,-0.091398,0.020573,0.112766,0.077726,0.136777,0.051910,0.073726,-0.010931,0.010552,0.033336,0.166398,0.110350,0.095397,0.245199,0.073012,-0.078667,0.155568,-0.031765,0.116995,0.130266,0.047718,0.006007,0.016473,-0.015757,-0.110155,0.031689,-0.039429,0.088154,0.156973,-0.113034,0.029557,0.028648,0.036038,-0.117815,0.179100,0.057027,0.050831,-0.005053,0.169123,0.075771,-0.063969,0.158327,-0.000723,0.078066,0.043017,0.009058,0.045628,-0.041823,0.193776,-0.048779,-0.111223,0.108551,-0.086966,-0.025986,0.012408,0.069236,-0.031637,0.042103,0.117192,-0.008566,0.082554,0.081938,0.007520,-0.035830,0.076297,-0.071850,0.119881,0.080901,-0.069538,0.130016,0.109119,0.102321,0.231465,0.300347,0.093916,0.195050,0.150075,0.099999,0.091277,0.042203,0.117938,#
