0,1.000000,0.279455,0.346683,0.350178,0.300684,0.312185,0.383410,0.339663,0.357576,0.228583,0.364753,0.369161,0.330140,0.317106,0.318424,0.441335,0.450208,0.467169,0.401865,0.423417,0.244840,0.247258,0.413739,0.492808,0.190392,0.289609,0.283275,0.299618,0.310584,0.322992,0.219962,0.490852,0.309650,0.359141,0.442033,0.256811,0.285619,0.242338,0.381663,0.337581,0.329685,0.277187,0.487672,0.228242,0.331251,0.245882,0.221138,0.352358,0.372125,0.380307,0.328357,0.451287,0.334920,0.417332,0.433631,0.291445,0.382866,0.407182,0.316388,0.351184,0.349556,0.377474,0.409045,0.326103,0.443007,0.250924,0.381644,0.268735,0.196625,0.254362,0.218047,0.315761,0.390721,0.454775,0.317565,0.269057,0.503271,0.316908,0.416276,0.260858,0.300732,0.255806,0.388483,0.347585,0.369956,0.429219,0.432135,0.443458,0.314977,0.426481,0.279273,0.241846,0.397030,0.194125,0.272115,0.392681,0.349986,0.298647,0.346973,0.443949,0.349862,0.286676,0.280930,0.437563,0.273972,0.431991,0.260478,0.351643,0.334834,0.085102,0.297562,0.331985,0.270254,0.406227,0.453188,0.449746,0.317054,0.246079,0.298154,0.359190,0.301303,0.375447,0.499458,0.362677,0.487416,0.393308,0.289725,0.267195,0.252300,0.408279,0.288515,0.257420,0.303016,0.269891,0.355497,0.454806,0.275807,0.388878,0.207499,0.366950,0.328281,0.273856,0.178697,0.322252,0.244207,0.101244,0.312695,0.218097,0.334173,0.280754,0.245969,0.413758,0.338103,0.281916,0.339137,0.327242,0.508374,0.370798,0.491230,0.305371,0.427724,0.403641,0.391157,0.285288,0.277137,0.388005,0.348574,0.397179,0.427175,0.255730,0.208949,0.316753,0.393829,0.433880,0.264884,0.415683,0.474101,0.377987,0.281035,0.167444,0.338956,0.391099,0.296146,0.286963,0.256617,0.201395,0.188284,0.380129,0.358853,0.185864,0.278373,0.412688,0.302020,0.349132,0.412878,0.412896,0.241860,0.342141,0.316302,0.355646,#
1,0.279455,1.000000,0.342376,0.303698,0.315037,0.349136,0.269456,0.398201,0.490510,0.378011,0.434508,0.365888,0.397234,0.252260,0.292338,0.335471,0.307219,0.351357,0.321039,0.405488,0.203677,0.369684,0.351047,0.216348,0.286122,0.238419,0.201807,0.438172,0.324613,0.272349,0.364173,0.359096,0.319927,0.406870,0.276118,0.318395,0.328692,0.293635,0.487015,0.308269,0.375849,0.214011,0.412649,0.198361,0.249284,0.302367,0.374163,0.220513,0.447655,0.300156,0.295269,0.439769,0.300072,0.307669,0.433794,0.256305,0.282874,0.208882,0.167982,0.243505,0.301419,0.294795,0.251070,0.292484,0.348618,0.460218,0.391200,0.343903,0.300371,0.371424,0.379315,0.429951,0.435152,0.305226,0.407202,0.355801,0.289064,0.311916,0.431298,0.239086,0.326979,0.259550,0.322931,0.334842,0.449876,0.353547,0.334817,0.471125,0.319239,0.258720,0.300271,0.331922,0.374515,0.334538,0.375317,0.349169,0.289671,0.358777,0.300432,0.337199,0.375135,0.202033,0.253919,0.246391,0.225616,0.434814,0.158622,0.321793,0.358808,0.222965,0.252177,0.315974,0.282825,0.414246,0.336581,0.421610,0.273449,0.256574,0.306632,0.258000,0.248594,0.356514,0.380378,0.340913,0.417504,0.297173,0.251241,0.265683,0.463824,0.408992,0.206040,0.423496,0.259522,0.284732,0.413263,0.348920,0.367490,0.365354,0.301483,0.316012,0.416528,0.306124,0.306753,0.439561,0.346541,0.227893,0.229532,0.277908,0.384984,0.245336,0.430154,0.382058,0.297671,0.234577,0.438009,0.391376,0.368347,0.331176,0.267601,0.284561,0.313640,0.368633,0.338736,0.445150,0.253699,0.196825,0.412230,0.253747,0.353337,0.248583,0.298471,0.345666,0.336353,0.305535,0.341260,0.429479,0.401522,0.411901,0.158368,0.189280,0.349423,0.282748,0.390896,0.368816,0.320037,0.362676,0.288617,0.139936,0.486562,0.408241,0.416989,0.492509,0.306016,0.287361,0.347660,0.186215,0.204631,0.456089,0.256014,0.420688,#
2,0.346683,0.342376,1.000000,0.397250,0.450790,0.400332,0.389601,0.390201,0.455019,0.377064,0.386483,0.359662,0.291004,0.402362,0.315778,0.395315,0.211632,0.390447,0.311193,0.410066,0.356403,0.338617,0.344943,0.385406,0.277974,0.352775,0.467475,0.398138,0.384960,0.360740,0.385224,0.367231,0.399361,0.380028,0.396200,0.290791,0.332342,0.341889,0.487837,0.261402,0.337235,0.287349,0.476138,0.259811,0.293620,0.332465,0.390724,0.220263,0.284138,0.316092,0.344499,0.500355,0.423581,0.370578,0.461533,0.370916,0.389952,0.217134,0.367575,0.396012,0.530229,0.341759,0.244997,0.363634,0.401808,0.389285,0.225758,0.358364,0.266241,0.378003,0.409663,0.414886,0.315490,0.446995,0.398982,0.275634,0.341184,0.293980,0.407250,0.368873,0.380144,0.306455,0.459403,0.150670,0.525596,0.389341,0.306081,0.514125,0.252246,0.273410,0.399038,0.336577,0.544603,0.410539,0.360474,0.385404,0.320114,0.337369,0.419716,0.322927,0.381577,0.311667,0.262715,0.339721,0.240235,0.429459,0.393995,0.387627,0.317544,0.187531,0.425910,0.320776,0.418808,0.403759,0.319120,0.369577,0.298544,0.382076,0.246968,0.353953,0.279428,0.266233,0.338792,0.452470,0.377598,0.259109,0.311888,0.313833,0.398613,0.476436,0.313782,0.378390,0.418234,0.426780,0.424782,0.322829,0.384478,0.418199,0.390271,0.308883,0.260548,0.423744,0.223426,0.287693,0.378523,0.304155,0.242721,0.292998,0.350040,0.390956,0.366673,0.386706,0.431232,0.420833,0.361982,0.328033,0.340845,0.157633,0.430338,0.271342,0.214004,0.330518,0.448528,0.392556,0.280404,0.371146,0.360666,0.239662,0.362821,0.292463,0.372114,0.361075,0.451215,0.323161,0.344449,0.408448,0.357412,0.423493,0.210935,0.201191,0.293743,0.531281,0.276568,0.423486,0.298403,0.330271,0.303009,0.219102,0.402802,0.359245,0.390830,0.389966,0.493250,0.426305,0.381644,0.304277,0.142177,0.324357,0.347462,0.474964,#
3,0.350178,0.303698,0.397250,1.000000,0.427288,0.339853,0.406555,0.440814,0.556765,0.395250,0.423459,0.433317,0.387308,0.443938,0.367626,0.368869,0.312127,0.447664,0.521085,0.419027,0.311909,0.373093,0.483710,0.406479,0.354157,0.429051,0.427893,0.484228,0.405036,0.466367,0.386407,0.488966,0.475390,0.481657,0.389714,0.390899,0.359974,0.411823,0.461556,0.453973,0.368179,0.382085,0.471355,0.443679,0.374662,0.421068,0.294814,0.306107,0.349740,0.281196,0.469399,0.405000,0.430016,0.329664,0.418554,0.415825,0.449855,0.406222,0.416934,0.432577,0.389694,0.302078,0.352599,0.389254,0.604303,0.319130,0.301419,0.231516,0.087868,0.365201,0.309897,0.405631,0.455450,0.366760,0.353745,0.328726,0.396721,0.340654,0.355553,0.324222,0.451640,0.316567,0.498066,0.253034,0.421291,0.452707,0.436878,0.452344,0.344104,0.393018,0.513242,0.421062,0.437499,0.435934,0.389298,0.423493,0.289993,0.353841,0.424599,0.312838,0.328651,0.349645,0.291923,0.252186,0.483762,0.353245,0.325977,0.396430,0.323008,0.240330,0.365754,0.231330,0.333542,0.407747,0.353830,0.483021,0.229374,0.348712,0.335206,0.309604,0.361600,0.446331,0.457178,0.311409,0.371182,0.432590,0.401368,0.510724,0.349482,0.316129,0.388576,0.448969,0.354133,0.372568,0.371008,0.514557,0.336023,0.378108,0.279305,0.393815,0.226559,0.535284,0.413263,0.238183,0.358735,0.442908,0.358449,0.476010,0.365422,0.408585,0.386285,0.327770,0.319066,0.419567,0.354031,0.281753,0.452544,0.257254,0.574836,0.330911,0.349631,0.382964,0.303942,0.332329,0.315369,0.379624,0.497340,0.369063,0.469579,0.304295,0.346630,0.360705,0.411696,0.434710,0.370636,0.423303,0.494701,0.437012,0.265623,0.314152,0.264306,0.467132,0.309640,0.347358,0.359783,0.326959,0.318614,0.309399,0.373907,0.470660,0.484211,0.399841,0.398441,0.403765,0.432669,0.376041,0.349209,0.382324,0.317060,0.343297,#
4,0.300684,0.315037,0.450790,0.427288,1.000000,0.469520,0.422363,0.504889,0.464999,0.390558,0.263718,0.536575,0.443757,0.432450,0.344581,0.402927,0.414617,0.475294,0.403993,0.541078,0.496105,0.405609,0.461645,0.473213,0.359631,0.435271,0.424538,0.338662,0.520198,0.385036,0.459751,0.548441,0.480275,0.441659,0.388328,0.382762,0.522284,0.375319,0.520842,0.394362,0.435216,0.256300,0.422324,0.401764,0.361243,0.489286,0.452006,0.432798,0.425771,0.302972,0.445975,0.443067,0.474495,0.433164,0.550831,0.459067,0.376035,0.412270,0.398431,0.414733,0.360469,0.408835,0.381984,0.283508,0.487898,0.493811,0.283073,0.366711,0.302435,0.397562,0.385118,0.419647,0.461493,0.486576,0.444886,0.270223,0.406270,0.449724,0.422683,0.481417,0.355784,0.378620,0.479520,0.300049,0.446267,0.446021,0.363057,0.384405,0.367014,0.328886,0.466778,0.408715,0.480254,0.356401,0.409527,0.401592,0.420469,0.369244,0.335095,0.427304,0.436764,0.452977,0.412146,0.367932,0.296337,0.492336,0.342167,0.389243,0.475338,0.401868,0.377653,0.385216,0.342262,0.520038,0.408283,0.413810,0.438758,0.427887,0.341756,0.354244,0.247738,0.350373,0.520461,0.337378,0.434785,0.387206,0.346834,0.443583,0.508099,0.467618,0.455558,0.359150,0.415286,0.450588,0.497175,0.474159,0.357019,0.361136,0.398328,0.265579,0.310565,0.448746,0.459398,0.352106,0.446246,0.334528,0.434450,0.409759,0.349058,0.507532,0.392456,0.474735,0.390342,0.465942,0.510830,0.439206,0.557355,0.305557,0.427566,0.378294,0.389837,0.392639,0.501744,0.272380,0.209657,0.348511,0.330703,0.352718,0.490671,0.375410,0.297202,0.432322,0.575551,0.368291,0.453054,0.421877,0.590375,0.530957,0.337074,0.299394,0.337663,0.398477,0.402509,0.362852,0.412863,0.464194,0.248439,0.427919,0.463294,0.522309,0.269800,0.394502,0.361027,0.424271,0.348379,0.425941,0.348474,0.391814,0.521412,0.435780,#
5,0.312185,0.349136,0.400332,0.339853,0.469520,1.000000,0.280838,0.460293,0.440745,0.256776,0.390536,0.360467,0.319567,0.250368,0.346493,0.465173,0.359114,0.431846,0.208821,0.571109,0.274513,0.275319,0.391953,0.348697,0.321301,0.349313,0.464302,0.399616,0.418423,0.306294,0.509536,0.516230,0.444221,0.360730,0.265325,0.396302,0.376521,0.244457,0.414510,0.250807,0.457997,0.235853,0.344304,0.368147,0.381910,0.446038,0.465513,0.308916,0.452999,0.153096,0.404741,0.386924,0.349602,0.404225,0.263260,0.498247,0.395452,0.273502,0.508545,0.392773,0.339284,0.432735,0.381266,0.426652,0.500632,0.392312,0.212650,0.340480,0.250017,0.211268,0.360075,0.332813,0.409943,0.356107,0.350959,0.387943,0.453223,0.434755,0.414971,0.376369,0.477548,0.239072,0.436349,0.311481,0.293235,0.450754,0.430521,0.505852,0.345366,0.199420,0.265168,0.368897,0.548597,0.507126,0.315330,0.341006,0.343251,0.405200,0.446071,0.404063,0.335242,0.368438,0.372249,0.367887,0.282565,0.485532,0.291367,0.357982,0.278199,0.309845,0.284244,0.448891,0.283414,0.339904,0.340020,0.355221,0.401463,0.268537,0.208618,0.355158,0.236145,0.351781,0.385683,0.416219,0.289105,0.295808,0.446224,0.282338,0.325771,0.416888,0.457458,0.446743,0.437454,0.438550,0.416991,0.418152,0.407059,0.377511,0.344205,0.281341,0.298320,0.311728,0.337185,0.370448,0.480549,0.255180,0.253225,0.282662,0.416373,0.328961,0.393298,0.331954,0.316936,0.335020,0.361270,0.287339,0.554885,0.260349,0.399582,0.277882,0.377741,0.329880,0.428978,0.315367,0.372438,0.324907,0.217884,0.470029,0.440554,0.342537,0.423245,0.439494,0.385699,0.374502,0.402808,0.293339,0.397186,0.427748,0.324394,0.301435,0.447152,0.389254,0.490174,0.330838,0.405697,0.364122,0.332374,0.313885,0.290164,0.395875,0.304851,0.432066,0.269684,0.305415,0.226512,0.302046,0.212774,0.336709,0.370840,0.390540,#
6,0.383410,0.269456,0.389601,0.406555,0.422363,0.280838,1.000000,0.303713,0.409998,0.232849,0.262161,0.316903,0.432359,0.430788,0.255152,0.288938,0.336557,0.466391,0.335616,0.343895,0.471422,0.332729,0.241943,0.381679,0.272907,0.290353,0.297556,0.347383,0.388638,0.455756,0.315264,0.352105,0.301228,0.343202,0.441765,0.348355,0.255343,0.237199,0.341305,0.411473,0.308562,0.357717,0.465358,0.249697,0.448158,0.259958,0.358664,0.092559,0.474136,0.321260,0.375288,0.491460,0.379786,0.277253,0.495509,0.348447,0.355731,0.368509,0.377517,0.277755,0.337921,0.297482,0.271598,0.250837,0.546816,0.360620,0.447563,0.220510,0.272555,0.314607,0.277071,0.354161,0.282326,0.508773,0.323655,0.262364,0.337769,0.242069,0.377375,0.256586,0.336516,0.288973,0.400438,0.163657,0.287752,0.421723,0.309013,0.328055,0.358667,0.303368,0.308491,0.323672,0.327134,0.276029,0.320594,0.307793,0.419371,0.377226,0.300471,0.405625,0.313170,0.277104,0.407212,0.264504,0.206250,0.231493,0.316336,0.244847,0.261442,0.207437,0.289378,0.295774,0.185178,0.359068,0.409287,0.232375,0.462735,0.326641,0.310675,0.348028,0.356198,0.327767,0.400087,0.406603,0.457258,0.476552,0.265929,0.335548,0.216865,0.358355,0.311959,0.356414,0.415769,0.277492,0.357803,0.372984,0.393169,0.269831,0.404464,0.352505,0.365062,0.362385,0.282782,0.205973,0.295699,0.365284,0.258642,0.310849,0.271880,0.269796,0.441797,0.371111,0.333266,0.323767,0.301873,0.341873,0.380611,0.350937,0.436667,0.288916,0.309991,0.393611,0.386331,0.350499,0.281354,0.371833,0.391852,0.313106,0.392336,0.205869,0.351329,0.329485,0.296487,0.246678,0.331553,0.338304,0.431674,0.405880,0.330687,0.212812,0.318070,0.326862,0.435070,0.376990,0.293290,0.278936,0.191726,0.389089,0.240642,0.305605,0.232303,0.344797,0.321289,0.415270,0.360261,0.256215,0.254956,0.387284,0.402824,0.351656,#
7,0.339663,0.398201,0.390201,0.440814,0.504889,0.460293,0.303713,1.000000,0.584512,0.379424,0.388194,0.450668,0.399050,0.432378,0.469169,0.328330,0.459389,0.417773,0.432499,0.433561,0.334390,0.388145,0.549075,0.436915,0.426098,0.426287,0.379082,0.452939,0.430104,0.376578,0.229575,0.496732,0.412549,0.431331,0.305575,0.297300,0.455887,0.313592,0.513310,0.332077,0.423876,0.275392,0.423783,0.431560,0.402589,0.469312,0.432644,0.422709,0.322005,0.306373,0.481659,0.423494,0.380144,0.435989,0.410105,0.392715,0.322562,0.433209,0.355629,0.413237,0.320429,0.401846,0.380861,0.272476,0.472884,0.438074,0.300415,0.391402,0.368256,0.507267,0.363097,0.236082,0.548789,0.440657,0.471911,0.325378,0.415834,0.339405,0.494007,0.361857,0.432153,0.372703,0.438910,0.313302,0.458559,0.399079,0.468052,0.463608,0.351931,0.395423,0.328029,0.392217,0.467103,0.457026,0.464608,0.309849,0.381895,0.461110,0.406415,0.389850,0.447417,0.334014,0.347384,0.358800,0.332419,0.497890,0.268266,0.370335,0.336774,0.224420,0.460684,0.325844,0.414351,0.478218,0.507016,0.393119,0.385674,0.272649,0.290821,0.515119,0.357453,0.431563,0.442586,0.537485,0.495009,0.363476,0.470931,0.475480,0.396379,0.304831,0.416756,0.295637,0.458802,0.352038,0.521586,0.546079,0.406612,0.398399,0.363953,0.348314,0.364718,0.415354,0.431665,0.229930,0.393883,0.360765,0.373471,0.289231,0.443497,0.450550,0.370676,0.454841,0.395137,0.455907,0.367852,0.485292,0.417194,0.380015,0.457230,0.339193,0.434001,0.277777,0.548659,0.308109,0.298731,0.412105,0.421571,0.320448,0.383601,0.252075,0.462024,0.522911,0.469753,0.425571,0.417694,0.465243,0.449891,0.420182,0.301254,0.359497,0.483165,0.361547,0.361395,0.333510,0.367952,0.432616,0.278495,0.292203,0.411179,0.442845,0.415314,0.438599,0.321251,0.281694,0.364794,0.335384,0.300186,0.431306,0.404920,0.414357,#
8,0.357576,0.490510,0.455019,0.556765,0.464999,0.440745,0.409998,0.584512,1.000000,0.450336,0.345822,0.444294,0.424662,0.461717,0.481352,0.496091,0.342633,0.475125,0.408369,0.510744,0.332786,0.565097,0.501084,0.379007,0.201740,0.494290,0.426175,0.560600,0.456071,0.463504,0.386492,0.497078,0.426440,0.470668,0.368139,0.389783,0.450158,0.357135,0.469656,0.419777,0.403672,0.462708,0.525842,0.371557,0.393250,0.381112,0.367202,0.354227,0.469650,0.423859,0.484823,0.524970,0.337347,0.488541,0.457358,0.536677,0.397860,0.473098,0.362648,0.441323,0.479443,0.407338,0.472912,0.357006,0.486766,0.503890,0.391506,0.408352,0.405679,0.510330,0.408156,0.411306,0.520923,0.566934,0.453379,0.378110,0.416546,0.434009,0.455376,0.449301,0.431603,0.413570,0.460371,0.317053,0.459401,0.494066,0.345436,0.426967,0.265117,0.410344,0.418911,0.385997,0.497180,0.460185,0.514532,0.398662,0.425145,0.425700,0.443809,0.373200,0.454609,0.416121,0.431895,0.472864,0.425235,0.478737,0.394325,0.444040,0.370945,0.311817,0.402816,0.403856,0.412213,0.448739,0.555338,0.516904,0.420885,0.307993,0.370881,0.495918,0.356329,0.394368,0.522578,0.452914,0.469287,0.521084,0.410994,0.451978,0.437807,0.446957,0.376282,0.308892,0.495548,0.511920,0.605235,0.465151,0.397656,0.398964,0.317326,0.422442,0.328796,0.529512,0.521664,0.403814,0.397947,0.389752,0.460413,0.345938,0.453809,0.424977,0.445471,0.432844,0.379326,0.573310,0.491763,0.480472,0.478118,0.416211,0.495886,0.492107,0.396717,0.380979,0.509551,0.445220,0.375228,0.354551,0.420338,0.371819,0.521476,0.466215,0.414082,0.488893,0.476818,0.395458,0.528011,0.469294,0.426612,0.539350,0.365238,0.239964,0.465392,0.459088,0.282767,0.559174,0.462876,0.473084,0.375084,0.342412,0.432943,0.447230,0.465222,0.416977,0.506033,0.404957,0.424333,0.421652,0.354583,0.419378,0.486443,0.456176,#
9,0.228583,0.378011,0.377064,0.395250,0.390558,0.256776,0.232849,0.379424,0.450336,1.000000,0.378215,0.259500,0.366607,0.356113,0.427363,0.352266,0.264564,0.365504,0.428818,0.456840,0.490201,0.390821,0.436485,0.469014,0.282776,0.295472,0.346596,0.513407,0.311003,0.458935,0.302060,0.363241,0.348317,0.410127,0.431430,0.353714,0.302125,0.244574,0.460162,0.310486,0.463079,0.309978,0.372713,0.254326,0.374309,0.336364,0.351863,0.280581,0.266011,0.239715,0.256511,0.363441,0.253762,0.330969,0.330349,0.379920,0.309758,0.401276,0.341778,0.322836,0.345575,0.304896,0.367458,0.356899,0.422248,0.518947,0.394396,0.363495,0.352748,0.244786,0.423705,0.336218,0.316392,0.346076,0.376397,0.352045,0.216580,0.415754,0.378929,0.440298,0.321017,0.332937,0.340385,0.302232,0.442188,0.279543,0.307102,0.495677,0.258007,0.136833,0.329521,0.371232,0.494879,0.345352,0.387913,0.323951,0.363146,0.497294,0.392433,0.257027,0.312058,0.294465,0.377852,0.305095,0.412494,0.408084,0.281835,0.226518,0.362555,0.303126,0.424441,0.392156,0.523033,0.434013,0.291691,0.438428,0.185706,0.253597,0.248313,0.271205,0.332806,0.396217,0.453955,0.373310,0.358473,0.258373,0.333357,0.321284,0.435621,0.342608,0.257872,0.403943,0.411857,0.482661,0.404800,0.295526,0.292619,0.340819,0.247994,0.365736,0.203719,0.501907,0.404490,0.358647,0.337946,0.308645,0.319834,0.356931,0.267907,0.287604,0.296389,0.292943,0.348855,0.402357,0.361475,0.369804,0.406253,0.336185,0.361346,0.384132,0.346785,0.303473,0.393300,0.444602,0.363819,0.272438,0.279836,0.294282,0.455093,0.246701,0.436229,0.473965,0.323822,0.407241,0.420479,0.505495,0.294984,0.445721,0.328153,0.322026,0.342941,0.278183,0.297519,0.378593,0.323703,0.503444,0.187023,0.187423,0.533306,0.353830,0.364340,0.382577,0.361405,0.294454,0.324102,0.285075,0.239784,0.339889,0.299566,0.283207,#
10,0.364753,0.434508,0.386483,0.423459,0.263718,0.390536,0.262161,0.388194,0.345822,0.378215,1.000000,0.351841,0.231404,0.315756,0.292400,0.385269,0.282548,0.290546,0.340140,0.395694,0.346378,0.221576,0.343131,0.360899,0.254418,0.249370,0.307768,0.522700,0.260034,0.389967,0.284985,0.355476,0.320367,0.413643,0.385900,0.352044,0.291456,0.304974,0.420245,0.166006,0.429103,0.230177,0.299641,0.251550,0.345342,0.416458,0.415289,0.309147,0.424066,0.427240,0.207735,0.386748,0.417850,0.320066,0.337436,0.299989,0.314650,0.295038,0.270772,0.303460,0.314306,0.352526,0.422534,0.422390,0.435201,0.283515,0.268246,0.191870,0.199923,0.330044,0.230788,0.442895,0.384684,0.323473,0.262030,0.321930,0.287740,0.389275,0.380468,0.262755,0.470341,0.318107,0.396871,0.259497,0.357875,0.288861,0.382512,0.489965,0.310833,0.327645,0.303182,0.447464,0.464226,0.440524,0.350707,0.408537,0.203906,0.335483,0.481077,0.425463,0.320513,0.270145,0.305831,0.378729,0.495615,0.262596,0.175719,0.332240,0.290005,0.250973,0.316712,0.294682,0.310317,0.334771,0.345710,0.468758,0.229896,0.235130,0.336887,0.368815,0.345822,0.511525,0.254877,0.301511,0.172200,0.325201,0.444371,0.354441,0.402008,0.265162,0.162458,0.271582,0.318626,0.320589,0.407084,0.347593,0.257313,0.388902,0.222497,0.275895,0.425095,0.284696,0.220183,0.331214,0.251996,0.171592,0.181911,0.258270,0.389057,0.303038,0.366690,0.333805,0.392767,0.308191,0.310705,0.325361,0.485850,0.291348,0.381105,0.312158,0.439199,0.316005,0.408749,0.406145,0.292970,0.248734,0.453851,0.329272,0.413307,0.334375,0.408088,0.312369,0.280085,0.339419,0.316738,0.306778,0.417689,0.483970,0.187438,0.370761,0.275580,0.259045,0.395401,0.289701,0.297037,0.253674,0.160813,0.218662,0.333044,0.432496,0.382236,0.308004,0.339636,0.315544,0.391944,0.283337,0.122271,0.431335,0.346820,0.427207,#
11,0.369161,0.365888,0.359662,0.433317,0.536575,0.360467,0.316903,0.450668,0.444294,0.259500,0.351841,1.000000,0.405818,0.340421,0.342131,0.293223,0.311892,0.469781,0.417909,0.337161,0.346387,0.381410,0.361049,0.302461,0.293944,0.387364,0.203042,0.431118,0.426692,0.359835,0.363015,0.411554,0.414877,0.450045,0.336525,0.268053,0.492385,0.337515,0.352725,0.412687,0.352759,0.368885,0.435229,0.310983,0.300377,0.416224,0.520702,0.317753,0.355055,0.372582,0.379446,0.471263,0.376687,0.442912,0.430670,0.364491,0.204116,0.373825,0.331571,0.335641,0.310155,0.321754,0.474856,0.253347,0.469405,0.399279,0.349072,0.349404,0.332692,0.438250,0.376885,0.409176,0.384370,0.414575,0.356385,0.199316,0.417335,0.378177,0.404857,0.156122,0.393673,0.345519,0.426490,0.173599,0.445303,0.379656,0.253847,0.348504,0.318801,0.240748,0.340758,0.488365,0.414421,0.345072,0.422551,0.499801,0.316737,0.350612,0.362971,0.291536,0.249976,0.372615,0.350180,0.330843,0.367300,0.518394,0.252745,0.427070,0.460048,0.299670,0.480768,0.391061,0.432156,0.431871,0.243991,0.439515,0.322289,0.391004,0.215404,0.464925,0.271419,0.368204,0.412154,0.305877,0.407748,0.317064,0.349524,0.327351,0.425656,0.382581,0.365885,0.374960,0.450167,0.443197,0.406010,0.395894,0.358166,0.404109,0.323216,0.379354,0.379974,0.302929,0.315278,0.360571,0.451428,0.274019,0.469738,0.314332,0.303877,0.430194,0.362305,0.354920,0.330080,0.403595,0.497504,0.364056,0.448056,0.262879,0.461292,0.239087,0.294979,0.364592,0.413964,0.292654,0.363992,0.191239,0.374700,0.285904,0.429049,0.410346,0.324033,0.364254,0.389898,0.433588,0.299748,0.399142,0.364980,0.420707,0.252032,0.372560,0.380321,0.307653,0.438793,0.270170,0.431458,0.251270,0.198934,0.391648,0.442309,0.457016,0.395142,0.327960,0.443902,0.394422,0.407615,0.342010,0.279341,0.420797,0.329744,0.380943,#
12,0.330140,0.397234,0.291004,0.387308,0.443757,0.319567,0.432359,0.399050,0.424662,0.366607,0.231404,0.405818,1.000000,0.416138,0.454723,0.328916,0.492530,0.487243,0.458517,0.474889,0.393236,0.347221,0.410148,0.395543,0.282677,0.314965,0.319607,0.432284,0.507178,0.324620,0.328668,0.390340,0.470665,0.396725,0.382333,0.377479,0.355547,0.291243,0.401855,0.393730,0.248785,0.187721,0.384566,0.491972,0.333059,0.386644,0.463717,0.218100,0.382814,0.273777,0.499746,0.376083,0.342640,0.443974,0.474267,0.330191,0.277672,0.421973,0.313750,0.253252,0.259644,0.419159,0.233078,0.348844,0.493914,0.423242,0.287656,0.206137,0.305104,0.351764,0.331642,0.364791,0.433854,0.380110,0.486878,0.366200,0.393822,0.299626,0.421284,0.336405,0.368198,0.351846,0.396030,0.351504,0.283712,0.430410,0.337556,0.401618,0.436195,0.274712,0.279546,0.247968,0.423921,0.261057,0.288435,0.409058,0.525613,0.465995,0.299850,0.312757,0.224154,0.380643,0.425442,0.475018,0.322569,0.391584,0.283817,0.269002,0.342367,0.309717,0.428231,0.302406,0.319754,0.391390,0.503886,0.329096,0.397409,0.234914,0.343804,0.241642,0.368926,0.429591,0.454894,0.484508,0.438703,0.346459,0.296229,0.213576,0.305542,0.372855,0.291583,0.325205,0.309513,0.368225,0.399628,0.349040,0.362565,0.421495,0.442453,0.229228,0.365936,0.540723,0.391131,0.317341,0.385728,0.318176,0.379631,0.332161,0.367534,0.504879,0.310539,0.453001,0.325120,0.263763,0.372610,0.518041,0.451753,0.273446,0.395133,0.339637,0.388546,0.422850,0.451059,0.373941,0.441585,0.241441,0.420743,0.391980,0.294347,0.193673,0.419028,0.444730,0.393372,0.383524,0.359327,0.342690,0.479129,0.482045,0.330766,0.159118,0.349954,0.408124,0.339517,0.346491,0.230604,0.414895,0.304184,0.453291,0.392875,0.299914,0.320630,0.313473,0.331785,0.436036,0.319835,0.338861,0.280610,0.383714,0.375795,0.246260,#
13,0.317106,0.252260,0.402362,0.443938,0.432450,0.250368,0.430788,0.432378,0.461717,0.356113,0.315756,0.340421,0.416138,1.000000,0.314498,0.351796,0.330490,0.450612,0.469793,0.382191,0.442938,0.362681,0.479897,0.391481,0.255695,0.353366,0.243002,0.493563,0.460310,0.463913,0.223436,0.372089,0.470568,0.493416,0.291361,0.239806,0.377756,0.396626,0.400369,0.379155,0.475205,0.325869,0.439654,0.369065,0.498453,0.356164,0.362806,0.338404,0.469776,0.265015,0.395616,0.534487,0.336756,0.435781,0.436281,0.395589,0.325742,0.370789,0.338613,0.349557,0.394286,0.374709,0.369295,0.336865,0.458668,0.394517,0.362330,0.251697,0.367311,0.302029,0.288711,0.349798,0.209555,0.507411,0.418879,0.339843,0.357049,0.302593,0.406721,0.395179,0.392515,0.281276,0.529895,0.252975,0.358056,0.382818,0.303338,0.289862,0.440279,0.338858,0.392371,0.375013,0.484551,0.405946,0.413999,0.247711,0.337139,0.392583,0.367201,0.482521,0.325416,0.358730,0.341092,0.458603,0.345839,0.504872,0.212126,0.378143,0.366530,0.233309,0.436269,0.398866,0.438966,0.409301,0.447244,0.450277,0.254793,0.428770,0.348553,0.487810,0.358249,0.398329,0.326521,0.253824,0.402315,0.189492,0.332356,0.249507,0.362335,0.323793,0.272705,0.398029,0.334380,0.330579,0.481731,0.373400,0.321020,0.360916,0.453858,0.329035,0.136618,0.486628,0.467276,0.281869,0.298833,0.357615,0.425730,0.365650,0.374249,0.392378,0.302003,0.413604,0.314512,0.479787,0.313423,0.438323,0.395881,0.329107,0.440048,0.344827,0.454456,0.400686,0.395452,0.389657,0.341030,0.337084,0.378003,0.331777,0.483530,0.232591,0.352294,0.469287,0.426276,0.406778,0.481461,0.381889,0.436191,0.557324,0.416201,0.221576,0.275618,0.425147,0.406940,0.375825,0.388025,0.373535,0.263530,0.330291,0.234874,0.321036,0.387629,0.372799,0.355653,0.438474,0.423496,0.304088,0.319879,0.328796,0.414512,0.328025,#
14,0.318424,0.292338,0.315778,0.367626,0.344581,0.346493,0.255152,0.469169,0.481352,0.427363,0.292400,0.342131,0.454723,0.314498,1.000000,0.441218,0.373410,0.326562,0.405588,0.422861,0.362718,0.315419,0.358215,0.432956,0.297056,0.184057,0.336110,0.420925,0.413334,0.386478,0.337780,0.483515,0.394641,0.389834,0.380696,0.320949,0.316091,0.316131,0.432975,0.255925,0.241312,0.218060,0.431672,0.361330,0.325169,0.351204,0.293572,0.229688,0.200464,0.255786,0.321782,0.320563,0.223238,0.490957,0.334126,0.330011,0.324671,0.336082,0.384489,0.267334,0.296482,0.410157,0.374502,0.368683,0.349952,0.265037,0.246307,0.295650,0.242240,0.440225,0.318604,0.298497,0.361725,0.301049,0.468713,0.288151,0.471625,0.362721,0.305793,0.189611,0.394922,0.403802,0.437981,0.388549,0.333382,0.345179,0.316888,0.454983,0.351446,0.173464,0.209687,0.172097,0.470530,0.416451,0.331975,0.402269,0.588659,0.386970,0.407897,0.225084,0.324902,0.320964,0.417997,0.249679,0.419356,0.379144,0.250668,0.208281,0.237600,0.192247,0.400131,0.328030,0.370027,0.372674,0.349850,0.396939,0.278597,0.189743,0.239005,0.322303,0.392866,0.395773,0.357508,0.378559,0.439354,0.148303,0.315412,0.481880,0.285918,0.432324,0.213531,0.290522,0.319579,0.409590,0.416617,0.383277,0.256419,0.358947,0.298850,0.292851,0.236134,0.414152,0.296378,0.353357,0.249851,0.420213,0.402833,0.308693,0.351335,0.241618,0.321235,0.320826,0.214790,0.316293,0.435756,0.379852,0.444115,0.303579,0.300124,0.333347,0.357866,0.244302,0.404998,0.295945,0.253427,0.242117,0.294226,0.271277,0.318399,0.390070,0.310323,0.342901,0.420905,0.436336,0.291493,0.464538,0.384260,0.400371,0.245844,0.122011,0.418206,0.453332,0.367288,0.324066,0.280076,0.272016,0.313406,0.192226,0.262504,0.333219,0.192888,0.330960,0.446267,0.412492,0.344937,0.322017,0.267609,0.270548,0.300715,0.220268,#
15,0.441335,0.335471,0.395315,0.368869,0.402927,0.465173,0.288938,0.328330,0.496091,0.352266,0.385269,0.293223,0.328916,0.351796,0.441218,1.000000,0.358929,0.482497,0.379789,0.441910,0.321987,0.354636,0.405627,0.430905,0.273579,0.352610,0.335696,0.380931,0.400437,0.452269,0.307450,0.462765,0.347259,0.412091,0.363006,0.459433,0.431040,0.298809,0.519450,0.293565,0.347312,0.292207,0.414618,0.300673,0.455200,0.346413,0.359962,0.450580,0.378314,0.370062,0.294212,0.544960,0.344286,0.401567,0.450088,0.341360,0.434289,0.308929,0.340630,0.329555,0.453221,0.355859,0.371197,0.450277,0.375987,0.451536,0.298055,0.268533,0.251320,0.227457,0.369662,0.291627,0.283501,0.368540,0.390849,0.295881,0.406036,0.367741,0.378363,0.325320,0.491300,0.353032,0.296041,0.358190,0.471043,0.429088,0.266758,0.513954,0.292346,0.272344,0.328434,0.286967,0.426839,0.308843,0.290428,0.399036,0.371930,0.339979,0.319986,0.302911,0.491951,0.281029,0.458432,0.411941,0.330271,0.431818,0.363916,0.355731,0.268488,0.321460,0.256923,0.329607,0.347863,0.407456,0.303003,0.397780,0.335730,0.315665,0.349394,0.337975,0.326485,0.334412,0.410534,0.322569,0.304547,0.395233,0.425749,0.381820,0.378646,0.572792,0.186313,0.214281,0.331258,0.348396,0.391519,0.334768,0.237296,0.241023,0.339667,0.318897,0.271523,0.337242,0.363238,0.284873,0.298464,0.261311,0.271375,0.286047,0.343161,0.314528,0.392087,0.277556,0.411258,0.407734,0.347710,0.351519,0.546919,0.358485,0.374409,0.398825,0.308472,0.375320,0.506305,0.210571,0.367862,0.354462,0.407290,0.485422,0.552643,0.223207,0.252699,0.501109,0.240488,0.394378,0.324835,0.471392,0.457017,0.457990,0.278774,0.244720,0.350331,0.366147,0.303531,0.425271,0.335955,0.379195,0.180476,0.311520,0.242008,0.338300,0.301279,0.390982,0.390108,0.353489,0.301504,0.350998,0.343631,0.416042,0.436699,0.354821,#
16,0.450208,0.307219,0.211632,0.312127,0.414617,0.359114,0.336557,0.459389,0.342633,0.264564,0.282548,0.311892,0.492530,0.330490,0.373410,0.358929,1.000000,0.433889,0.316990,0.460983,0.432688,0.343151,0.296662,0.381118,0.274627,0.386169,0.403235,0.235393,0.316997,0.359328,0.282150,0.505883,0.454207,0.470524,0.369404,0.333447,0.413519,0.231583,0.467051,0.316699,0.299526,0.278900,0.402591,0.296957,0.342660,0.352697,0.262975,0.233443,0.384537,0.362304,0.300540,0.310701,0.395782,0.569713,0.463313,0.297074,0.190584,0.405736,0.353077,0.204272,0.216205,0.468102,0.247572,0.305320,0.368995,0.338658,0.227746,0.330640,0.365436,0.462966,0.214861,0.273594,0.422260,0.383562,0.414643,0.256670,0.366749,0.344581,0.388277,0.375574,0.339490,0.291032,0.392086,0.389563,0.372533,0.391164,0.380724,0.406069,0.397828,0.279579,0.313567,0.261206,0.422049,0.265087,0.368881,0.423872,0.393049,0.389123,0.411476,0.340144,0.241650,0.270537,0.351352,0.383164,0.250221,0.494176,0.345359,0.225889,0.380040,0.218092,0.416730,0.349034,0.381607,0.346698,0.433542,0.428028,0.495501,0.311286,0.334890,0.312387,0.386208,0.435782,0.430318,0.372161,0.475323,0.401285,0.373492,0.302388,0.360077,0.365061,0.315340,0.288514,0.326557,0.210526,0.433714,0.417110,0.301277,0.264250,0.273698,0.343391,0.322067,0.354167,0.319651,0.332620,0.279255,0.197824,0.367680,0.226575,0.387415,0.495055,0.229077,0.424390,0.273839,0.283562,0.393559,0.470016,0.466095,0.297994,0.392499,0.402146,0.274398,0.352446,0.472616,0.302244,0.272412,0.342706,0.355758,0.467150,0.380190,0.155930,0.405340,0.462972,0.324185,0.313410,0.310181,0.290452,0.358936,0.428463,0.358930,0.139413,0.254007,0.333763,0.332413,0.224603,0.401452,0.410787,0.311966,0.381573,0.353887,0.323321,0.402609,0.313284,0.346704,0.325421,0.297928,0.336405,0.237951,0.268930,0.331273,0.322097,#
17,0.467169,0.351357,0.390447,0.447664,0.475294,0.431846,0.466391,0.417773,0.475125,0.365504,0.290546,0.469781,0.487243,0.450612,0.326562,0.482497,0.433889,1.000000,0.346689,0.422990,0.408276,0.412495,0.422354,0.521158,0.384735,0.430808,0.427144,0.427268,0.368801,0.457126,0.398807,0.466035,0.361086,0.402267,0.416755,0.458093,0.369846,0.395358,0.528100,0.386550,0.494977,0.404604,0.503016,0.406151,0.346447,0.401627,0.363992,0.482250,0.468556,0.385977,0.447991,0.474921,0.417975,0.423538,0.442827,0.446940,0.337701,0.332829,0.393930,0.239914,0.368039,0.407192,0.267281,0.374276,0.443922,0.567760,0.428769,0.413386,0.329171,0.347763,0.328532,0.437916,0.307028,0.387014,0.346638,0.336084,0.431880,0.377987,0.430040,0.384718,0.419542,0.361829,0.404280,0.321765,0.355579,0.399364,0.474178,0.381184,0.386806,0.366243,0.389199,0.308072,0.514627,0.378558,0.359855,0.507715,0.436686,0.324559,0.258029,0.369241,0.443882,0.219609,0.336200,0.425535,0.308492,0.409383,0.400595,0.374987,0.370441,0.249635,0.414925,0.366790,0.256974,0.488432,0.449424,0.340687,0.277001,0.394121,0.287612,0.341194,0.340607,0.398928,0.461833,0.383049,0.489706,0.487435,0.410864,0.321474,0.331359,0.434779,0.470747,0.446882,0.456477,0.330707,0.318140,0.453937,0.392771,0.405514,0.469750,0.433288,0.366223,0.487788,0.523106,0.384842,0.420379,0.355090,0.406027,0.437089,0.399502,0.331005,0.439877,0.311536,0.312644,0.397704,0.457597,0.543935,0.579000,0.366113,0.456912,0.304144,0.334381,0.378953,0.538082,0.428274,0.365233,0.374986,0.296505,0.377854,0.543842,0.235305,0.455952,0.351389,0.401838,0.367173,0.433066,0.373556,0.515948,0.453583,0.329104,0.410907,0.399451,0.534798,0.400138,0.431296,0.433546,0.390872,0.327296,0.469279,0.339531,0.302337,0.345417,0.423353,0.435231,0.429724,0.451441,0.487612,0.253031,0.522766,0.334709,0.375329,#
18,0.401865,0.321039,0.311193,0.521085,0.403993,0.208821,0.335616,0.432499,0.408369,0.428818,0.340140,0.417909,0.458517,0.469793,0.405588,0.379789,0.316990,0.346689,1.000000,0.518993,0.344007,0.361485,0.466957,0.352981,0.332489,0.362257,0.261555,0.474071,0.411311,0.387741,0.221960,0.423624,0.383488,0.455290,0.449003,0.387585,0.357086,0.305537,0.391199,0.385689,0.421517,0.133633,0.408202,0.319648,0.461855,0.295182,0.381013,0.285407,0.265406,0.310655,0.305341,0.406273,0.449097,0.388848,0.456962,0.338983,0.285017,0.456248,0.292488,0.396574,0.363717,0.310196,0.436108,0.289978,0.529919,0.342149,0.336970,0.242901,0.044371,0.370717,0.379290,0.245323,0.350295,0.358488,0.442002,0.246035,0.495306,0.346133,0.467962,0.360983,0.331966,0.261763,0.455311,0.302848,0.355636,0.368682,0.360166,0.410692,0.333846,0.249097,0.390959,0.334007,0.407746,0.290140,0.472309,0.361038,0.414569,0.418133,0.364901,0.396932,0.429909,0.345737,0.407273,0.425443,0.506209,0.440544,0.245276,0.241761,0.323981,0.179613,0.476544,0.233024,0.449956,0.442622,0.298971,0.328469,0.287150,0.157963,0.292683,0.349702,0.424910,0.479908,0.381910,0.199576,0.336104,0.264281,0.292751,0.366284,0.458951,0.331957,0.197534,0.393301,0.307352,0.384865,0.385474,0.483018,0.351812,0.414819,0.271328,0.292681,0.202332,0.488862,0.380065,0.435752,0.307173,0.440104,0.409908,0.253197,0.319515,0.401805,0.267371,0.449917,0.352971,0.359393,0.333858,0.443120,0.442132,0.380351,0.410482,0.364143,0.408763,0.330693,0.448535,0.387040,0.366191,0.411775,0.470507,0.346348,0.401965,0.327685,0.323733,0.476017,0.432902,0.377527,0.275004,0.409921,0.441132,0.489363,0.259313,0.311792,0.314286,0.360912,0.320419,0.328102,0.377839,0.285543,0.367086,0.261564,0.311080,0.325514,0.436395,0.326878,0.337473,0.493245,0.425179,0.365120,0.209491,0.360796,0.405365,0.313176,#
19,0.423417,0.405488,0.410066,0.419027,0.541078,0.571109,0.343895,0.433561,0.510744,0.456840,0.395694,0.337161,0.474889,0.382191,0.422861,0.441910,0.460983,0.422990,0.518993,1.000000,0.405319,0.363458,0.448560,0.430017,0.351289,0.316481,0.451442,0.414797,0.416528,0.474542,0.459274,0.473046,0.355391,0.440957,0.322141,0.417341,0.453992,0.254572,0.515509,0.361066,0.461689,0.239333,0.392340,0.342188,0.403495,0.394334,0.474901,0.308457,0.475674,0.283803,0.328908,0.441819,0.361552,0.491823,0.419412,0.396533,0.405478,0.379051,0.439870,0.297393,0.419295,0.550622,0.475524,0.411444,0.508859,0.386906,0.299177,0.342053,0.231123,0.373503,0.419231,0.304409,0.401525,0.442934,0.421644,0.308161,0.452254,0.383860,0.524541,0.386648,0.363859,0.251290,0.509854,0.350676,0.355190,0.460012,0.375398,0.522955,0.456938,0.172486,0.364255,0.361586,0.555195,0.375291,0.371351,0.450054,0.479374,0.424209,0.361767,0.383989,0.430518,0.337819,0.452984,0.401586,0.398622,0.530730,0.359678,0.379504,0.369832,0.178179,0.334275,0.350388,0.398855,0.423660,0.430236,0.368866,0.460384,0.371996,0.325865,0.269152,0.264856,0.501812,0.459762,0.392693,0.477230,0.315230,0.502639,0.343947,0.486824,0.473932,0.363814,0.373247,0.352531,0.421071,0.510198,0.398804,0.384790,0.413535,0.312127,0.321250,0.265035,0.445089,0.384122,0.360386,0.399853,0.339231,0.376047,0.253294,0.476825,0.444929,0.401634,0.534474,0.329948,0.353023,0.419936,0.484780,0.550485,0.394659,0.457345,0.444511,0.512630,0.379725,0.476580,0.327394,0.454420,0.367260,0.308818,0.447408,0.484456,0.371494,0.411067,0.499605,0.519617,0.416795,0.401402,0.397527,0.445673,0.566701,0.406968,0.256188,0.271923,0.487395,0.445730,0.505007,0.482375,0.337986,0.309588,0.357215,0.423144,0.403728,0.444378,0.445524,0.360869,0.496602,0.347312,0.494964,0.183952,0.374155,0.498491,0.386845,#
20,0.244840,0.203677,0.356403,0.311909,0.496105,0.274513,0.471422,0.334390,0.332786,0.490201,0.346378,0.346387,0.393236,0.442938,0.362718,0.321987,0.432688,0.408276,0.344007,0.405319,1.000000,0.393443,0.271752,0.378000,0.283459,0.422185,0.368907,0.382907,0.397323,0.479513,0.232955,0.301216,0.358061,0.476524,0.412818,0.475001,0.430543,0.244186,0.478155,0.378997,0.335583,0.419281,0.336885,0.326418,0.443952,0.363415,0.406261,0.187846,0.298843,0.315861,0.231931,0.404369,0.275650,0.492845,0.417536,0.349733,0.321845,0.413052,0.388733,0.258282,0.368328,0.362983,0.445863,0.224932,0.461351,0.393170,0.327334,0.231544,0.265661,0.369471,0.426968,0.359617,0.229346,0.368033,0.430466,0.193820,0.335568,0.360308,0.338958,0.399527,0.348854,0.413448,0.475743,0.278602,0.300364,0.368471,0.377508,0.398047,0.369985,0.313271,0.375568,0.406768,0.455365,0.343354,0.506506,0.259990,0.338283,0.450949,0.355907,0.324362,0.361216,0.260553,0.497775,0.376304,0.343608,0.321925,0.302043,0.365409,0.237548,0.432067,0.420591,0.402350,0.354176,0.311568,0.409022,0.308513,0.362195,0.404409,0.245956,0.381468,0.453956,0.395598,0.377929,0.436185,0.362611,0.323687,0.368438,0.291038,0.501534,0.436184,0.381457,0.318505,0.363123,0.471068,0.415767,0.280048,0.245180,0.297730,0.395977,0.387087,0.279742,0.392815,0.306255,0.342929,0.375767,0.305627,0.320289,0.277671,0.299294,0.490715,0.380300,0.382896,0.369579,0.478676,0.389182,0.418408,0.446245,0.240062,0.411419,0.446373,0.328759,0.433691,0.391008,0.361696,0.397134,0.122927,0.289529,0.313917,0.460140,0.257913,0.362998,0.371330,0.454209,0.298253,0.309753,0.382246,0.292403,0.454684,0.387661,0.217262,0.316383,0.347962,0.389631,0.313158,0.305801,0.296891,0.229238,0.393040,0.279409,0.370690,0.212861,0.302123,0.310704,0.509229,0.281893,0.254117,0.293704,0.293819,0.405958,0.371319,#
21,0.247258,0.369684,0.338617,0.373093,0.405609,0.275319,0.332729,0.388145,0.565097,0.390821,0.221576,0.381410,0.347221,0.362681,0.315419,0.354636,0.343151,0.412495,0.361485,0.363458,0.393443,1.000000,0.317459,0.396158,0.187523,0.318332,0.351540,0.312100,0.371153,0.364607,0.352413,0.392961,0.438629,0.395999,0.445216,0.405714,0.437770,0.364337,0.438249,0.281887,0.342831,0.420009,0.358307,0.278362,0.377324,0.321468,0.299833,0.291572,0.335882,0.207410,0.292676,0.453823,0.174606,0.305668,0.415129,0.372115,0.348877,0.338256,0.337070,0.176471,0.420977,0.282087,0.366482,0.205918,0.501570,0.407578,0.341857,0.359130,0.269926,0.317860,0.396933,0.398072,0.315256,0.424391,0.503608,0.258472,0.281420,0.354759,0.345566,0.397095,0.304037,0.296701,0.377268,0.148892,0.471682,0.333664,0.299228,0.412241,0.273943,0.328634,0.293497,0.195774,0.387669,0.297134,0.435566,0.331799,0.410405,0.292578,0.212973,0.378083,0.356041,0.363040,0.455972,0.333989,0.273209,0.447660,0.204906,0.158531,0.361000,0.368043,0.417660,0.331555,0.327748,0.447117,0.262827,0.360507,0.407028,0.265787,0.165284,0.339823,0.311241,0.422789,0.385273,0.372147,0.430920,0.291602,0.314713,0.395162,0.376328,0.384034,0.385769,0.373419,0.498369,0.342628,0.372397,0.359245,0.145470,0.241626,0.348289,0.436364,0.319437,0.389996,0.385993,0.385483,0.322914,0.384772,0.364427,0.337040,0.316208,0.373661,0.405268,0.301663,0.261767,0.484118,0.490207,0.464151,0.389536,0.213454,0.366383,0.376443,0.316212,0.363882,0.441413,0.405764,0.383273,0.242795,0.369694,0.378396,0.323708,0.381460,0.351420,0.309049,0.284140,0.203701,0.362939,0.438449,0.236218,0.486670,0.179664,0.188922,0.322767,0.397964,0.286251,0.375764,0.328399,0.398860,0.291184,0.234877,0.274356,0.427249,0.395191,0.293389,0.372693,0.422808,0.437105,0.306935,0.317130,0.389007,0.350175,0.309334,#
