0,1.000000,-0.026740,-0.048763,0.032220,-0.019081,0.091779,-0.067451,0.044659,0.040513,-0.103707,-0.114031,-0.001074,0.126759,-0.268255,0.213541,-0.116928,0.076117,0.017916,-0.030560,0.152700,-0.094765,-0.114332,0.059128,0.034439,0.076872,-0.003283,0.178239,0.034776,-0.112850,0.062315,-0.083811,-0.046512,-0.046556,-0.222963,0.109801,0.049106,0.069218,-0.055793,0.093247,0.014288,-0.028081,-0.076060,0.138775,0.086186,-0.075115,-0.031369,0.067042,-0.045569,-0.121436,0.030641,0.076425,-0.023243,0.152588,0.183138,-0.074633,0.105409,-0.125896,0.017823,-0.066566,-0.160666,0.223350,-0.129270,-0.028063,0.053335,-0.073629,0.207889,-0.174871,0.184268,-0.124444,0.035859,-0.003800,-0.046820,0.047382,-0.115265,0.046683,-0.093617,-0.142743,-0.092482,-0.131928,-0.049458,0.241757,0.083860,-0.207197,-0.060541,-0.065874,0.186048,-0.016321,-0.226501,-0.195657,-0.016743,-0.038126,-0.007082,-0.107493,0.023293,0.042105,0.116091,-0.069956,-0.052817,0.025958,0.117135,-0.105959,-0.059381,-0.091949,-0.028524,0.107340,-0.137517,-0.195120,0.055438,0.083772,-0.047736,0.138708,-0.103383,-0.038454,-0.047833,-0.031171,0.073911,-0.094798,-0.143226,0.110123,0.058378,0.030004,0.177810,0.072583,0.117556,-0.015342,0.042320,0.019240,0.042800,-0.105942,-0.080736,-0.050176,-0.007871,-0.060451,-0.091280,-0.063151,-0.115579,0.124653,0.125300,-0.068667,-0.017503,-0.148700,0.160490,-0.111576,0.110142,0.060054,-0.070596,-0.020596,0.013255,0.134589,-0.020685,-0.011752,-0.207312,-0.035423,-0.095361,-0.069430,-0.025489,-0.056212,-0.011985,0.094653,0.109115,0.099577,0.215609,-0.161413,-0.113125,0.050593,0.040402,0.055085,-0.095348,0.165419,0.070340,0.122156,-0.054414,0.163090,0.006954,0.093559,-0.230717,-0.027265,0.052108,0.052452,-0.018148,-0.152382,0.069817,-0.171381,0.023626,0.045793,-0.027746,0.002463,0.193345,0.003087,0.117181,-0.074587,0.006960,0.071440,-0.065221,-0.046134,-0.060140,-0.088927,-0.088408,-0.035495,0.057496,#
1,-0.026740,1.000000,-0.024463,0.177949,0.022265,0.093936,0.043918,-0.055956,-0.097055,-0.067469,0.061909,-0.115498,0.197207,0.173733,-0.088305,-0.060025,0.111043,-0.008859,0.069501,0.005854,0.257817,0.132668,0.163168,0.266736,0.044941,-0.011767,0.087572,-0.070663,-0.090247,-0.124211,-0.008202,0.213071,0.078991,-0.019120,0.074225,0.062975,-0.122990,0.071873,-0.030583,0.059495,0.091881,0.062255,-0.026289,0.078366,0.012057,0.259378,0.121035,0.054894,-0.063133,0.081633,0.121580,0.218480,0.162381,0.005165,0.040858,0.200037,-0.145579,0.088899,0.163116,0.008911,0.085116,0.050965,-0.080897,-0.099778,-0.062136,0.012796,0.071701,0.123361,0.183361,0.154831,0.072545,0.092187,0.273371,0.015864,-0.040290,-0.062976,0.079952,0.081271,0.138646,0.030564,0.118860,0.201257,0.170502,0.046949,0.042812,0.046133,0.016165,-0.095770,0.017549,0.102541,0.078542,0.022622,0.075661,-0.030744,-0.113142,0.003849,0.083876,-0.066263,-0.082902,0.141025,-0.018420,0.175070,0.067458,0.163193,0.081600,-0.009340,-0.057059,0.212795,-0.003608,-0.119882,0.106284,0.088741,-0.099621,0.015776,0.072651,0.076614,0.274012,0.266943,0.072875,-0.060355,0.227527,0.174697,-0.033305,0.128718,-0.038199,0.086498,0.227978,0.170584,0.096475,0.108453,-0.044218,-0.074135,-0.072473,0.207533,-0.013634,-0.025520,-0.005270,-0.016112,0.197658,-0.053681,-0.066641,-0.005182,-0.162827,-0.069420,-0.113727,-0.009628,0.137998,-0.086109,-0.071755,0.058748,0.052155,0.058729,-0.099964,0.052347,0.172220,-0.030329,0.053366,0.038845,0.010901,-0.019465,-0.087143,0.143038,0.125266,0.073787,-0.006030,-0.063610,0.000651,0.146280,-0.077581,0.123873,0.176641,-0.103330,0.099255,0.040512,0.153469,0.000566,0.090414,0.125516,0.026567,-0.076636,0.011797,-0.112492,-0.020830,-0.122469,-0.066825,0.190418,-0.036376,-0.125856,0.047782,0.007786,0.001778,0.044265,-0.012921,0.201749,0.148751,0.097979,0.130425,-0.107544,0.035911,0.068990,#
2,-0.048763,-0.024463,1.000000,-0.015026,-0.128122,0.073551,0.044747,0.137229,-0.121024,0.060648,0.067026,-0.177090,-0.007499,-0.076648,-0.070818,-0.093029,0.053939,0.068460,0.131640,0.025907,0.033398,0.052030,-0.210774,-0.066015,-0.012666,-0.196166,0.046869,-0.051578,-0.014506,0.047548,-0.012438,0.025423,0.105829,0.032032,0.142490,0.040810,0.130771,-0.096649,0.013026,0.128275,0.259566,0.119309,-0.082843,-0.039421,-0.003168,0.157260,0.068761,-0.027114,-0.081162,0.236199,-0.111511,-0.135444,-0.000211,0.215762,0.122219,0.110810,0.065172,-0.016556,-0.114822,-0.077664,0.119469,0.099921,-0.045986,0.170284,-0.039199,-0.064100,0.288417,-0.222995,0.266070,0.083363,0.197555,0.052757,-0.028908,0.213013,-0.047328,-0.069497,0.094224,0.189870,0.098795,0.250794,-0.012751,0.101249,0.006517,0.103992,0.165602,0.237648,0.161705,0.173048,0.042873,0.066900,0.213034,0.017500,-0.000882,-0.155437,0.202437,0.000943,-0.007340,0.012836,0.071947,0.009377,0.115904,-0.199348,-0.193170,0.110228,0.148937,0.241902,0.039438,0.012756,0.251837,-0.012441,0.134800,0.036223,0.052035,-0.035218,0.077232,-0.071119,-0.119033,-0.020673,0.051670,-0.064444,0.005014,0.135145,0.041368,-0.064985,0.092723,0.207242,-0.024123,0.044762,-0.010264,0.144412,0.038486,0.134776,0.130500,0.188215,-0.035028,-0.128622,-0.096653,-0.085209,-0.032522,0.009497,0.105295,0.015813,-0.051630,-0.044670,-0.011631,0.088710,0.148698,0.060338,0.167969,-0.046653,-0.004916,-0.001908,-0.057059,0.172099,-0.018747,0.231086,-0.022931,0.002411,-0.022336,-0.121332,0.020460,-0.273044,0.037508,0.008496,-0.121039,0.079535,0.148751,-0.037324,-0.025307,0.034460,0.117237,-0.066277,0.104492,-0.044980,0.095954,0.174029,0.174367,0.102149,-0.011731,-0.069188,-0.059527,0.137523,0.144257,0.184015,-0.025967,0.104473,0.029627,0.147930,0.009125,-0.120704,-0.133564,0.101013,-0.008175,0.217996,0.007462,0.190558,0.146922,-0.096098,-0.049441,-0.059655,#
3,0.032220,0.177949,-0.015026,1.000000,0.075481,0.064061,-0.094817,0.103264,0.053817,0.033561,-0.028296,0.015387,0.262606,-0.035449,-0.025883,-0.060628,0.129885,-0.054454,0.001902,0.000281,0.222172,0.174817,0.038083,-0.012440,0.148808,0.269499,0.127465,0.115525,0.025773,0.012003,-0.062396,0.182967,0.099679,0.164035,0.119010,0.036083,-0.038756,0.054954,-0.018109,0.162045,0.094219,0.094003,0.000330,-0.068511,0.181971,0.173670,0.031549,0.191420,0.129790,0.043115,0.102559,0.071802,0.145496,0.087145,0.227104,0.085597,-0.177049,0.066948,0.298782,0.015740,0.147273,0.103988,-0.047602,0.070551,0.098218,0.220811,-0.037509,-0.006001,0.044933,0.207282,-0.053143,0.089627,0.296730,0.166070,0.013578,0.042986,-0.015262,0.027945,0.135660,0.187833,0.134139,0.124862,-0.007345,0.057872,-0.068549,0.092061,0.010529,0.088842,-0.022162,0.068242,-0.064285,0.109372,0.166535,0.018002,0.156073,0.157027,0.012114,0.050887,-0.185279,0.197804,0.005348,-0.088509,-0.096364,0.073462,0.082305,0.072397,0.128101,0.244159,0.010195,-0.011220,0.008501,0.187325,0.033180,0.085275,0.085801,0.032795,0.241318,0.102428,0.105880,0.021611,-0.042398,0.024369,-0.064637,0.126990,0.063578,0.090293,0.257822,0.164078,-0.045271,0.131138,0.009184,0.036460,0.001452,0.293287,0.089519,0.032915,0.094833,-0.029976,0.088973,0.079396,0.045547,-0.003229,-0.118288,-0.006784,-0.215913,0.130961,0.050343,0.078463,0.064443,-0.148495,-0.010375,-0.058670,0.072282,0.038625,0.079570,0.010542,0.160018,0.137341,-0.044500,0.183260,0.206117,0.197110,0.055736,0.334635,0.149716,-0.001214,-0.006110,0.012938,0.028995,0.164335,0.157085,0.007822,-0.014472,0.054534,-0.136418,0.173449,0.047368,-0.040599,0.141131,0.020589,-0.030500,0.172735,-0.057168,0.128810,-0.028286,0.114469,-0.090754,-0.106008,0.205668,0.090276,-0.084610,0.043694,0.132618,0.071873,0.120908,0.160859,0.128419,0.012059,-0.019963,0.194567,#
4,-0.019081,0.022265,-0.128122,0.075481,1.000000,0.078296,0.045783,-0.022681,-0.093129,0.057185,0.077336,-0.056683,-0.113953,-0.105529,0.063159,0.026734,-0.120035,-0.066322,-0.216036,0.067132,0.099075,0.149533,0.239767,0.139776,-0.054553,-0.095615,-0.049475,0.022441,0.122843,0.109080,0.082699,-0.015920,0.051435,-0.050191,0.044082,0.144194,-0.079614,-0.093586,0.119444,0.189557,-0.089099,0.074257,0.102482,0.077583,0.222856,-0.123398,0.173676,-0.021121,-0.088273,-0.076992,0.215919,0.155606,-0.012016,-0.155266,0.018710,0.051938,-0.073926,0.085363,0.213938,-0.033166,-0.055228,0.064972,0.145059,0.014063,0.220508,0.306125,0.017265,-0.019833,-0.034350,0.060896,0.133594,-0.006976,-0.036802,-0.029827,0.017793,0.144810,0.086466,0.041428,0.119783,-0.009624,-0.144636,0.172629,0.078283,-0.121254,0.064408,-0.060144,-0.004599,0.094701,0.126432,0.127333,-0.071270,-0.114192,0.012312,-0.072800,0.156534,0.089457,0.093026,0.047712,-0.078581,-0.053873,-0.068918,0.189709,-0.053987,0.083017,-0.014949,-0.171769,0.068817,0.034873,0.010524,0.159796,-0.124083,0.073793,0.264601,0.227778,-0.015402,-0.033878,-0.072852,0.296246,-0.026493,0.087800,0.045569,0.035281,-0.026170,0.020275,0.079853,0.073496,0.177083,-0.008941,0.163932,0.093768,0.162425,0.017837,-0.078272,0.024176,0.058770,0.021813,-0.014611,0.217892,-0.024042,0.052410,-0.100335,0.258558,-0.012432,0.132258,-0.067487,0.121129,0.072497,-0.164536,0.068021,0.015384,-0.061250,0.163831,0.014511,-0.168566,0.148363,-0.124914,0.199449,0.200589,0.147967,0.042290,-0.078260,0.240819,0.001619,0.158333,0.127555,-0.040354,0.100003,0.066587,-0.052844,0.037467,0.001699,0.034016,-0.006727,0.022078,-0.008455,0.021015,0.014243,0.107014,0.030684,0.157670,0.130218,0.009572,0.070551,0.115551,0.227932,0.135873,-0.003429,0.087787,-0.001046,0.096877,0.077867,-0.107189,0.077362,-0.009349,0.109673,-0.125462,-0.029430,-0.003595,0.009776,0.048742,#
5,0.091779,0.093936,0.073551,0.064061,0.078296,1.000000,-0.011904,0.076484,0.007808,0.071416,-0.077516,-0.180942,0.162380,-0.055500,-0.032891,-0.101132,0.015174,-0.014689,0.128295,0.179783,-0.010683,-0.158884,-0.026451,0.052429,0.185886,0.179147,0.089129,0.145017,-0.058568,0.177808,-0.049172,0.043105,0.010596,0.191877,0.051924,0.052519,0.043225,-0.115052,-0.014229,0.115620,-0.075540,0.095907,0.043672,0.040706,0.087201,0.069680,-0.103844,0.232155,-0.080936,0.127495,0.147895,-0.088213,0.017474,-0.008213,0.147705,0.239333,-0.046528,-0.011400,0.086358,0.004927,-0.049569,-0.134701,0.027109,0.179166,-0.019524,0.028636,-0.156287,-0.020377,0.067699,0.129756,0.183511,0.117460,0.069204,0.116402,0.058729,-0.054028,-0.149489,0.250530,0.098714,0.040800,0.022088,0.153003,0.016497,-0.019969,-0.020121,0.013839,-0.011124,-0.041869,0.091692,-0.014284,0.227450,-0.116251,-0.044916,0.004720,0.046907,-0.225912,0.167625,0.089882,0.135716,-0.061431,0.097566,-0.011105,0.167255,0.125233,0.014184,-0.058316,0.090361,0.126859,-0.093923,0.019100,-0.008530,0.029205,0.061613,-0.022955,-0.022143,-0.110160,0.240544,0.160628,0.151087,0.027253,-0.017206,0.102226,-0.026751,0.124854,0.047461,0.102546,0.288579,-0.022574,0.023063,-0.137768,-0.047967,0.072276,0.089199,0.212527,0.025472,-0.158779,-0.152371,0.132749,-0.009948,-0.024759,-0.067672,-0.061146,-0.039157,-0.008843,0.279527,0.038297,0.031275,0.141801,0.030630,0.161020,0.216707,0.047137,0.239909,-0.016241,0.142786,-0.002121,0.143158,0.001727,0.058443,-0.005352,0.021503,0.179990,0.009284,0.019261,0.053266,-0.132628,-0.149924,0.134909,0.096521,0.025133,0.236833,0.094005,0.042704,-0.012303,-0.100893,0.233688,0.215758,0.083291,0.088642,0.124969,0.092109,-0.081580,-0.228325,0.091353,-0.035376,0.125199,0.019996,0.164383,0.247257,0.141458,-0.104231,0.139723,0.042452,0.200456,0.062490,0.108965,-0.050940,0.116261,0.043248,0.150593,#
6,-0.067451,0.043918,0.044747,-0.094817,0.045783,-0.011904,1.000000,-0.102519,0.080235,0.178347,0.227192,-0.011736,0.086993,-0.151231,-0.188967,0.430813,0.157314,0.180188,0.065571,-0.109134,-0.074019,0.003408,-0.068462,-0.069043,0.201397,0.016657,0.027386,0.078807,0.072571,-0.048296,0.046668,0.136625,0.012293,0.121623,-0.004969,0.048130,0.049151,0.069516,-0.091874,-0.032666,0.075308,0.055670,0.270649,0.119510,-0.060164,-0.075037,0.061541,0.119816,-0.040621,0.074793,-0.039069,-0.014940,-0.056572,-0.144766,0.029047,-0.049292,-0.009037,0.042790,0.002750,-0.071369,0.155086,0.111126,0.032960,-0.062966,0.134917,0.025563,0.055963,0.066874,0.008207,-0.082299,0.218055,0.226427,-0.161265,-0.022098,0.046455,0.096043,0.262904,0.076141,0.188272,0.090758,0.001850,0.123251,-0.099911,0.179622,0.057860,-0.120575,0.123859,0.050101,-0.000861,-0.033625,-0.004204,0.011839,-0.017981,-0.013929,0.076971,0.044329,0.227225,0.031820,-0.074589,-0.004832,0.029404,0.088799,0.041379,0.062827,0.193423,-0.067709,0.000436,0.160534,0.207039,-0.014561,-0.013555,-0.064266,0.046849,0.170319,0.029083,0.168349,-0.100504,0.071760,-0.074790,0.212959,0.021936,0.195036,-0.243550,-0.043140,0.022935,0.022612,-0.045625,-0.005019,0.150483,0.029845,0.100962,0.041555,0.054614,-0.015243,0.038532,-0.164149,0.155913,-0.045123,0.045888,0.147148,-0.018978,-0.080041,-0.075263,0.047385,0.042869,0.183468,0.023870,0.197380,0.059248,0.009012,-0.024144,0.083370,-0.086159,0.007187,0.011931,0.026100,-0.005120,-0.171501,-0.091202,0.071607,-0.092688,0.020992,-0.014405,-0.036469,-0.151384,0.035967,0.092131,0.028750,0.012861,0.015557,-0.031136,0.171048,-0.195298,-0.164154,0.062155,0.148245,0.056345,0.146602,-0.056972,-0.070321,0.060474,0.025032,0.021503,0.075101,0.025941,-0.008643,0.144896,-0.078993,0.060690,0.039215,-0.041219,0.134415,-0.107440,0.041021,0.038648,0.033163,0.106991,-0.074398,0.056858,0.059118,#
7,0.044659,-0.055956,0.137229,0.103264,-0.022681,0.076484,-0.102519,1.000000,0.149785,-0.093082,-0.153222,-0.178058,0.145902,0.018096,0.068639,-0.057438,0.016397,0.159915,0.078973,0.116614,0.147486,0.034425,0.033157,-0.106710,0.024361,0.175742,0.003279,-0.128325,0.081778,0.167904,-0.070490,0.003234,0.074538,-0.006555,0.062167,0.115098,-0.098114,0.095551,0.248418,0.105538,0.031700,0.223673,-0.054307,-0.028726,0.007572,0.157790,0.088342,0.188599,0.190899,0.047350,-0.104906,0.082900,0.128990,0.063007,0.153064,-0.024156,-0.002947,-0.245494,0.202589,0.235621,0.034470,0.152257,-0.001307,0.092745,0.093590,0.049155,0.081629,-0.116351,-0.162305,-0.027260,0.124422,0.020542,0.081801,0.130503,-0.045240,-0.071873,-0.082941,0.032438,-0.004208,0.013177,0.185460,0.041985,0.070647,0.082170,0.058055,0.186585,-0.009426,0.106134,-0.050915,0.113908,0.081966,-0.039445,0.189858,-0.030423,0.159730,0.154268,0.121359,0.226873,0.211166,0.049705,0.036319,-0.079210,-0.260759,-0.085867,0.054930,0.012060,-0.083345,0.176347,0.114556,-0.074048,0.180864,0.034671,0.189809,0.116068,0.170685,0.028535,-0.063361,-0.032479,0.142185,0.130569,0.101685,0.077589,0.101412,0.016413,0.061450,0.154336,0.001802,0.056807,0.024293,0.112671,-0.003966,0.155292,0.124979,-0.086788,-0.029374,-0.035487,-0.073772,0.209736,0.037506,0.007663,-0.071272,0.007286,-0.000883,-0.011131,0.104341,0.109399,0.081777,-0.006297,-0.069069,-0.033551,-0.143153,0.142557,0.002265,-0.126964,0.064137,0.226589,0.125443,0.053118,0.027435,-0.059965,0.108770,-0.034919,0.131344,-0.012250,-0.000944,-0.004559,0.011184,-0.076719,-0.233108,-0.115268,0.153915,-0.032216,0.137379,0.106171,0.095925,-0.077899,-0.018564,-0.007788,0.108986,-0.009075,0.078209,0.044233,-0.032106,0.129901,0.095025,0.130741,0.121613,0.030665,0.178262,0.186688,0.124127,0.054140,0.060221,0.033035,0.070938,0.052807,0.044361,0.107431,0.014826,0.010417,#
8,0.040513,-0.097055,-0.121024,0.053817,-0.093129,0.007808,0.080235,0.149785,1.000000,0.014485,0.009456,0.130547,0.080236,0.094671,0.046369,0.115820,0.002360,-0.002905,-0.154739,0.122599,0.186865,-0.002528,-0.084315,0.067637,0.197643,0.144647,0.054826,-0.186474,-0.045655,0.030008,0.048007,0.047070,0.064995,-0.030074,-0.007198,0.323260,0.046612,0.050863,-0.052770,-0.017462,0.021833,-0.038236,0.276241,0.153368,-0.030801,-0.077266,-0.014020,-0.039079,0.108628,0.055475,0.064706,0.109776,0.120981,-0.032465,-0.039455,0.062251,0.047992,-0.033335,-0.012957,-0.043904,0.135120,0.104457,0.194326,0.153650,0.089324,0.112915,0.123435,0.121483,0.132146,-0.093039,0.109958,0.211637,0.134459,-0.018294,-0.011594,-0.045196,-0.087057,0.029055,0.138873,0.034611,0.093627,0.100750,-0.123219,0.005057,0.018577,0.013290,0.137643,0.062834,-0.092933,-0.098029,0.125413,-0.003892,-0.082839,-0.021754,-0.093038,-0.018508,0.216153,0.197737,0.237350,0.189222,-0.038838,-0.239991,0.083794,0.178638,-0.131935,0.104468,0.018545,-0.049540,-0.062802,0.176581,-0.064358,0.009792,-0.014255,-0.021423,-0.145142,0.058115,0.125012,-0.016191,-0.039380,0.100750,0.042709,0.008421,0.077050,0.174016,0.054658,0.073937,-0.124243,-0.033483,0.153645,0.141280,-0.052904,0.207535,0.106684,-0.078705,-0.124564,0.150879,-0.004692,0.019849,0.132190,0.041507,-0.087116,-0.099363,-0.057662,-0.300217,0.079761,0.003911,0.028162,0.252244,-0.038462,0.080169,-0.033422,0.159352,-0.085833,0.164300,0.111118,-0.004531,0.085953,0.104932,0.216298,-0.111072,0.073375,-0.110842,-0.042077,-0.118649,-0.120124,-0.024563,-0.013654,0.161584,0.081782,-0.134196,0.013578,0.186596,-0.217300,0.039265,0.097204,0.013286,0.083335,-0.067352,0.118255,0.063591,0.126875,-0.027528,0.000271,-0.005456,-0.049183,-0.057713,0.198629,0.044152,0.016324,0.159996,0.155533,0.097447,0.122571,0.048440,0.002634,-0.088795,-0.239147,0.025013,-0.065681,0.213175,#
9,-0.103707,-0.067469,0.060648,0.033561,0.057185,0.071416,0.178347,-0.093082,0.014485,1.000000,-0.001888,-0.032279,0.061868,-0.103840,0.031436,0.105857,0.011182,0.068035,-0.175129,-0.113577,0.008262,-0.021155,-0.142104,0.034201,0.053401,-0.070232,0.097531,0.072604,-0.109724,-0.122555,-0.046926,0.090284,-0.030523,-0.001354,-0.010610,0.093028,0.093968,-0.036052,0.000886,0.010134,-0.104453,-0.031975,-0.043649,-0.019241,0.036604,-0.068745,-0.041925,0.098521,0.141643,0.165952,0.115024,-0.020644,-0.109759,-0.126329,-0.083250,-0.016416,0.122763,0.113907,-0.163631,0.009193,0.071058,0.006957,0.030093,-0.154744,-0.132309,0.082121,-0.050432,-0.029250,0.102554,-0.007390,0.135208,0.060688,0.003454,0.042742,-0.179686,-0.026676,0.154349,0.079400,0.008724,0.141791,0.013440,0.138346,-0.008608,0.101270,0.089552,0.023454,0.166439,0.182998,-0.010612,0.112245,0.151486,-0.130602,0.034467,-0.144032,0.135404,-0.066210,-0.012773,-0.012572,0.076134,0.095495,0.117993,0.141465,0.053592,-0.014620,0.033834,0.033059,-0.131702,0.226045,0.123189,-0.002575,-0.041032,0.183078,-0.039481,0.006388,-0.004871,0.125815,-0.051528,0.086348,0.102367,0.120931,-0.190372,0.057298,-0.044450,-0.003492,0.157897,0.145537,0.007221,0.058193,0.053801,-0.025422,-0.031787,0.009923,-0.029780,-0.017633,0.071152,-0.157059,0.041948,-0.004230,-0.034817,0.020329,0.152927,0.089779,0.142025,0.144636,0.089324,0.292141,-0.023111,0.160697,0.045197,-0.006257,-0.023008,0.090098,0.041716,0.024607,-0.036265,-0.065891,0.018096,0.079573,0.216224,0.071592,-0.037683,0.064112,0.184076,0.079417,-0.006835,0.033256,-0.159241,0.135181,0.132620,0.067301,0.079439,-0.013257,-0.030746,-0.253459,-0.083990,0.169810,0.259851,0.104270,-0.047096,0.096804,0.121686,0.138848,0.088116,0.006993,0.090688,0.039449,0.073743,0.060808,0.131469,0.012092,-0.152884,-0.113025,-0.033049,-0.092845,-0.131100,0.057917,0.077752,0.079622,-0.064399,-0.037820,#
10,-0.114031,0.061909,0.067026,-0.028296,0.077336,-0.077516,0.227192,-0.153222,0.009456,-0.001888,1.000000,0.054672,0.059888,-0.001201,-0.137322,0.182423,0.159934,0.012966,0.065504,-0.090938,0.005499,0.061205,-0.138757,0.150079,0.080382,-0.003506,0.006125,0.084577,0.072236,0.011426,0.025635,-0.015532,-0.004362,0.081826,-0.085276,-0.038019,0.118878,-0.010357,-0.161673,-0.126082,0.118324,-0.084661,0.077044,-0.087533,-0.023799,0.064423,0.234183,0.050007,-0.061666,0.187612,-0.090806,0.155428,0.029818,-0.137899,-0.054524,0.190341,0.021192,0.124460,-0.130517,0.032826,0.094499,0.095984,0.140752,0.126806,0.014841,-0.032680,0.162976,-0.064627,0.121326,-0.120128,0.248438,0.183868,-0.003017,-0.097625,0.105210,0.138111,-0.110584,-0.025960,0.185695,-0.041945,0.046015,-0.093942,-0.006096,-0.113639,0.038271,0.067294,0.122696,-0.061574,-0.040150,0.248937,0.000621,0.130019,0.122230,-0.176259,-0.048931,0.010776,0.097487,0.109835,-0.037798,0.029387,-0.029434,-0.057082,-0.004332,0.067342,-0.038271,0.069641,0.259576,-0.087588,0.013732,0.046049,0.016887,-0.035617,0.150691,0.170457,0.080849,0.116148,-0.063666,0.134881,-0.003493,-0.010666,0.090759,0.161227,-0.100017,-0.039616,0.004488,0.067487,0.082127,-0.000904,0.152022,0.114613,-0.024928,0.058608,-0.039783,0.134348,0.179260,0.108861,-0.021325,0.058181,0.152994,0.106873,0.007491,0.023179,0.099195,0.102333,-0.022806,0.200028,0.099198,0.169185,0.022689,0.204493,-0.064761,-0.019001,-0.029320,0.114016,0.140380,-0.046525,0.120382,0.008091,0.024980,-0.168686,-0.095451,-0.066719,0.039712,0.084654,-0.109034,0.029223,0.075551,0.026575,0.080500,0.067247,-0.209017,0.107348,-0.051463,-0.047194,0.214995,0.124625,-0.034124,0.016595,-0.124243,0.064150,-0.180721,-0.118650,0.031798,0.131464,-0.191538,0.089103,0.212860,0.134085,-0.117488,0.044739,-0.074826,0.004732,0.066525,0.247848,0.024471,-0.105463,-0.016816,-0.070221,-0.004806,0.168429,#
11,-0.001074,-0.115498,-0.177090,0.015387,-0.056683,-0.180942,-0.011736,-0.178058,0.130547,-0.032279,0.054672,1.000000,-0.014988,0.070410,0.135322,-0.008939,-0.086460,-0.014349,0.088664,-0.013305,-0.044172,-0.002971,0.050835,0.091789,0.067312,0.057512,-0.042113,0.001740,-0.089932,-0.008420,0.193625,0.179924,0.066900,0.069881,-0.096546,0.066916,0.081632,0.174087,0.013183,-0.145120,0.120909,-0.131605,0.063009,-0.060177,0.018988,-0.231583,0.041404,0.007519,0.103410,-0.061738,-0.213963,-0.064526,0.153002,-0.025969,0.014883,-0.034866,-0.078071,0.248641,0.053977,0.219778,-0.001320,-0.015844,0.134228,0.006741,-0.000333,-0.095107,0.021264,0.119443,-0.015111,0.035354,-0.206725,-0.084698,0.074528,-0.095290,0.242604,0.124751,0.045966,0.024050,-0.009206,-0.107769,-0.142833,0.003345,0.010417,0.052513,-0.017812,-0.112912,0.050414,0.031387,0.046079,-0.073127,-0.030822,-0.004440,-0.009302,0.012568,-0.140701,0.068129,-0.092063,0.120522,-0.053499,0.074851,-0.102470,0.001019,0.045344,0.038795,-0.046893,0.056202,0.112688,0.001304,0.021062,-0.044129,-0.007955,0.120977,-0.052869,-0.009505,0.005182,-0.079331,-0.007310,0.061669,-0.060904,0.196932,0.105549,-0.129715,-0.002563,0.216957,-0.015195,-0.086651,0.000454,0.137647,0.211359,0.179391,0.049461,0.049132,0.138865,0.029909,0.027433,0.175023,0.079518,0.155425,0.032556,0.211271,-0.123914,-0.223024,0.182936,0.110622,-0.070981,0.032346,-0.014864,-0.006686,-0.088392,-0.201454,0.030176,-0.042626,-0.020962,0.216443,-0.018457,-0.074506,0.024616,-0.068244,-0.083394,0.040166,0.072731,0.113611,-0.036538,0.049442,0.071016,0.180419,0.117104,0.012759,0.014989,0.044860,0.105339,0.011066,0.014137,0.033069,-0.043124,0.087664,0.036736,-0.060745,0.027020,0.044779,-0.031515,-0.063585,0.060901,0.002798,0.012108,-0.037985,0.132123,-0.032479,-0.123200,-0.125928,0.080702,0.073818,0.071288,0.001517,0.085443,-0.074252,-0.101491,0.100577,-0.036102,0.000006,#
12,0.126759,0.197207,-0.007499,0.262606,-0.113953,0.162380,0.086993,0.145902,0.080236,0.061868,0.059888,-0.014988,1.000000,-0.016361,0.017974,0.062136,0.012079,-0.051942,0.178782,-0.135294,0.076724,0.098519,-0.000235,-0.032038,0.265840,0.123744,0.085673,-0.067180,0.056048,-0.044675,0.068536,-0.022361,0.009997,0.117862,0.232043,0.096197,-0.010787,0.030605,-0.204389,-0.054277,0.060993,-0.089574,0.054479,0.083517,0.120709,0.112992,0.249232,0.218835,0.150466,0.253177,0.057304,-0.097264,0.076150,0.033679,0.058848,0.112172,0.003744,-0.118241,0.253330,-0.011100,0.047251,0.162754,0.077527,-0.077896,-0.035862,0.027503,-0.091024,0.105771,0.168999,0.102821,0.122249,0.142031,0.198733,0.045465,-0.017575,0.143483,-0.029536,0.111251,0.042315,0.180538,0.248711,0.208879,0.077180,-0.069203,0.095647,0.100802,-0.007003,0.082003,-0.106130,0.128906,0.145125,-0.049149,0.127975,0.220112,-0.096389,0.088188,0.137998,-0.056567,-0.082015,-0.007780,0.047640,-0.022353,-0.049362,0.040127,0.027653,0.079238,0.033450,0.321987,0.045344,-0.025384,0.154765,0.112376,0.031429,-0.002339,0.084301,0.040022,-0.101958,0.134954,0.032336,0.089565,0.105446,0.177541,0.041631,0.138938,0.064580,0.232817,0.058672,0.127570,-0.025011,0.153501,-0.263513,-0.049580,0.048008,0.032248,-0.028809,-0.098580,0.075091,-0.024415,0.117915,-0.128493,-0.117946,-0.144246,-0.115000,0.063475,-0.200563,0.201469,0.134481,0.192867,-0.011375,0.069468,0.071389,-0.088516,0.080450,-0.039771,0.200562,0.076488,0.133625,0.131234,0.161952,-0.109976,0.071374,0.168684,0.080332,0.030268,0.050646,0.004042,0.026121,0.110892,0.149598,0.056925,0.225329,-0.111360,0.175435,-0.072798,0.065808,0.145278,0.137141,0.044944,-0.245210,-0.013802,0.038946,0.110271,-0.042142,0.059461,-0.092259,0.059321,0.108789,0.022930,0.125835,0.012363,-0.044850,-0.009466,-0.124146,-0.005671,-0.000599,0.047716,-0.058735,-0.030838,0.024397,0.165361,#
13,-0.268255,0.173733,-0.076648,-0.035449,-0.105529,-0.055500,-0.151231,0.018096,0.094671,-0.103840,-0.001201,0.070410,-0.016361,1.000000,0.046686,-0.104630,-0.165484,0.018091,0.028442,-0.088994,-0.005368,-0.011247,0.114449,0.037608,-0.014854,0.191597,0.033276,-0.018360,0.001360,0.050941,-0.021327,0.010395,0.019044,0.002375,-0.168790,0.048548,-0.086655,0.040721,-0.206620,0.059668,0.139174,0.046023,0.153380,-0.174901,-0.015933,0.056106,-0.113559,0.083438,0.113359,0.046736,-0.092236,0.028897,0.065060,-0.017908,0.051013,-0.009121,0.072445,0.149021,0.080542,0.115113,-0.162629,0.117199,-0.048898,-0.149929,0.096565,-0.026954,0.228105,0.209327,0.074748,0.043302,-0.068161,-0.080398,0.197038,0.006945,0.010974,0.126931,0.089402,-0.059940,0.031809,-0.051090,-0.057672,0.095563,0.094465,0.071247,-0.136009,0.125351,-0.023276,0.114388,0.151237,-0.025344,0.030744,0.098236,0.162510,0.000041,-0.134309,-0.102181,0.068928,0.036407,-0.025180,0.062827,-0.028837,-0.086100,0.169662,-0.095758,-0.030423,0.073920,-0.070514,0.076698,-0.197374,-0.062216,-0.060692,0.021975,-0.012826,0.054049,0.145896,-0.095068,0.049783,0.036164,-0.011216,-0.117339,0.059460,-0.042839,0.120390,-0.093497,-0.070383,-0.046829,0.001156,0.068758,0.070736,0.182119,-0.063987,-0.240727,-0.007145,0.127001,-0.028702,0.028055,0.053995,0.028119,0.239595,0.032412,-0.035033,-0.116063,-0.016892,-0.099063,-0.130043,0.037259,0.019860,0.062786,0.075352,-0.164101,-0.000158,-0.004181,0.016639,0.079018,0.053533,-0.092924,0.032875,-0.210865,-0.009318,-0.022601,0.006227,-0.064865,0.139334,-0.082822,-0.071801,-0.001412,0.119678,0.191369,-0.064825,0.019454,0.021905,-0.024404,-0.116856,0.173686,0.091178,0.090395,0.060866,-0.139709,-0.029180,0.041517,0.060076,-0.068878,0.108869,0.023733,-0.148302,0.090529,-0.048154,-0.169034,-0.108816,0.070577,0.264100,-0.007329,0.056571,0.091879,0.011498,0.046276,-0.162223,0.217923,0.028217,0.005902,#
14,0.213541,-0.088305,-0.070818,-0.025883,0.063159,-0.032891,-0.188967,0.068639,0.046369,0.031436,-0.137322,0.135322,0.017974,0.046686,1.000000,-0.084649,-0.052904,0.098020,-0.184804,0.109473,-0.152306,0.050370,0.076716,0.196648,0.002816,-0.013926,0.071373,0.015180,-0.030144,0.019038,0.308257,-0.049423,-0.025851,-0.086665,0.115195,0.108319,0.007796,0.001538,0.139652,-0.036429,0.001488,-0.029772,-0.113823,-0.027198,0.002668,0.089873,0.025280,-0.060296,0.074403,-0.076310,-0.096473,0.158702,0.132583,-0.074527,0.039346,0.063882,0.061949,-0.002233,0.148434,-0.187131,0.002821,-0.044426,0.092194,0.050567,-0.046441,0.003310,-0.047150,-0.064188,0.015295,-0.028283,0.085202,-0.065299,0.221802,0.145763,0.028812,0.127553,-0.067883,-0.036503,-0.154319,-0.005150,-0.034515,0.055360,0.121759,0.098183,-0.030185,-0.024200,-0.010222,0.036826,-0.038009,0.095414,0.087014,-0.096857,0.117145,0.196550,-0.010816,-0.006270,-0.150010,0.061231,-0.160642,0.034398,-0.128512,-0.042710,0.018835,0.006786,0.023511,-0.013475,-0.000187,-0.122248,0.130047,0.045675,-0.087535,0.165971,0.086372,0.075938,-0.107875,-0.139420,-0.040756,-0.163572,0.021113,0.036835,0.108357,-0.091363,0.156630,0.122791,0.048751,-0.083917,-0.035919,0.060178,-0.067255,0.023847,-0.012589,0.060999,-0.109011,0.043073,-0.006454,-0.105727,0.169631,0.113806,0.016022,0.027598,0.006699,0.112210,0.059672,0.227782,-0.008667,0.107574,0.046311,-0.064281,0.041384,-0.080669,0.221875,-0.027723,0.216850,0.013633,0.033242,-0.055778,0.064951,-0.054135,-0.017176,0.066689,-0.020686,0.006288,-0.014842,-0.151813,0.330215,0.171622,-0.039859,0.020719,0.046356,0.012528,0.106427,-0.257028,-0.026878,0.016082,-0.025041,0.051947,-0.068877,-0.042641,0.101672,0.037118,0.054204,0.000081,-0.087770,-0.073307,0.016798,0.102868,0.014570,-0.027992,-0.003124,0.004767,0.080123,0.030854,0.088947,-0.001760,-0.112552,-0.166609,-0.060605,0.044087,-0.160998,-0.136765,#
15,-0.116928,-0.060025,-0.093029,-0.060628,0.026734,-0.101132,0.430813,-0.057438,0.115820,0.105857,0.182423,-0.008939,0.062136,-0.104630,-0.084649,1.000000,0.109023,0.073007,0.062197,-0.083276,-0.085831,0.035192,-0.069364,0.150002,0.102402,0.076505,-0.170608,0.086888,0.047307,-0.190468,0.092502,0.151756,0.116610,0.284770,-0.020813,0.005729,0.030868,0.182934,-0.181943,-0.109239,-0.021112,-0.135009,0.111874,0.065088,0.003027,0.098947,0.111507,-0.006677,0.017193,0.114204,-0.018836,0.072772,-0.086121,0.021581,0.030316,0.102431,0.155395,0.027125,-0.020017,0.077820,0.193546,0.130493,0.153897,0.055365,0.068213,-0.100192,0.004055,0.072573,0.025278,-0.023896,0.125858,0.024008,-0.123451,0.109150,-0.008670,0.023733,-0.001559,0.027492,0.217270,-0.027852,-0.107021,0.066728,-0.054404,0.167365,0.035576,-0.029467,-0.071726,0.008502,-0.037540,-0.167938,-0.085831,0.115954,0.081601,0.072456,-0.096424,0.075784,0.083770,0.186999,0.032827,0.045228,-0.054548,0.148879,-0.003208,0.223489,0.107318,-0.070120,-0.006177,0.001098,0.011854,0.129762,-0.103844,-0.017190,0.114368,0.007698,0.125250,0.046122,-0.143362,-0.082814,-0.095782,0.279665,-0.055942,0.183494,-0.019178,0.072841,-0.035624,0.031711,0.036714,0.033620,0.019397,0.163401,0.169820,0.028019,-0.124702,-0.100300,0.041308,0.106903,0.143730,-0.067541,-0.087134,0.207156,0.015052,-0.046897,0.048398,0.064251,0.017897,0.161614,-0.006231,0.021280,0.030333,0.017589,0.089566,0.312813,0.050094,0.012455,0.043934,0.045895,-0.036093,-0.057697,0.140909,0.101165,-0.039109,-0.004840,0.046577,0.185285,-0.060399,-0.049575,-0.017570,-0.088337,0.098315,0.155302,-0.058033,0.125946,-0.169004,0.094562,-0.016093,0.217187,0.074811,0.006949,0.080928,0.043882,0.126185,-0.027091,0.016900,0.081497,0.163373,-0.059166,-0.088843,-0.051383,0.026865,0.037740,-0.074166,0.117144,-0.090110,0.042119,-0.048916,0.076567,0.044371,-0.105098,0.113618,0.017629,#
16,0.076117,0.111043,0.053939,0.129885,-0.120035,0.015174,0.157314,0.016397,0.002360,0.011182,0.159934,-0.086460,0.012079,-0.165484,-0.052904,0.109023,1.000000,0.071094,0.244224,0.154612,0.294245,-0.335170,0.064872,0.011593,0.071112,0.137513,-0.016479,0.106251,-0.137665,0.025913,0.078640,0.206493,0.002663,-0.029794,0.133637,0.073412,0.181635,0.241169,0.083358,0.113609,0.019574,-0.093564,0.072339,-0.036200,0.126885,0.009197,0.092965,0.026115,-0.045165,0.090165,0.027152,0.095919,-0.024068,-0.027382,0.023066,0.164230,-0.053372,0.127364,-0.078831,-0.054056,0.188511,0.068029,0.131419,-0.016209,-0.006220,0.121678,0.094153,0.083514,0.115805,-0.024346,0.184082,-0.031600,-0.019745,-0.030901,-0.005567,-0.062206,-0.000606,0.045946,-0.061656,0.140779,0.261151,0.071523,0.084525,0.039529,0.016815,0.058817,0.006507,-0.082870,-0.099364,-0.004292,-0.219218,0.072800,0.120681,-0.240526,0.081877,0.103241,-0.020647,0.183263,-0.009718,0.144583,0.046134,0.133535,0.048131,0.220696,0.103477,-0.036178,0.034992,-0.025355,0.314476,0.076712,0.017905,0.016845,0.061824,0.023515,0.140184,0.144210,0.229857,-0.001371,-0.006102,-0.069040,-0.100227,-0.031722,0.022864,0.016948,0.205037,0.025864,0.012241,-0.069631,0.024399,-0.051372,0.138127,0.064534,0.010630,0.075488,-0.061071,0.126154,0.076415,-0.056294,-0.002365,-0.067703,-0.052188,0.004212,0.088938,-0.067296,-0.116973,0.058401,0.213495,0.121678,0.075276,-0.068158,-0.009893,0.013498,-0.185238,0.064181,0.111604,-0.001527,-0.115486,0.010473,-0.068530,0.013822,0.159230,-0.084726,0.124589,-0.016115,0.207203,-0.017383,-0.052265,0.095198,0.038558,0.154614,-0.176012,0.158951,0.017144,0.125896,-0.014473,0.013118,0.117844,0.267746,0.144185,0.099872,0.022153,-0.042464,-0.064151,0.180969,-0.184660,-0.115932,0.061876,0.028220,0.171697,0.048828,-0.014670,0.134285,0.018579,0.039035,0.208751,0.187406,0.187752,-0.014166,-0.033223,0.116042,#
17,0.017916,-0.008859,0.068460,-0.054454,-0.066322,-0.014689,0.180188,0.159915,-0.002905,0.068035,0.012966,-0.014349,-0.051942,0.018091,0.098020,0.073007,0.071094,1.000000,0.067547,0.089200,-0.056444,-0.010903,0.013782,-0.193296,0.173849,0.047209,-0.088854,0.070004,-0.035980,0.013358,0.004171,0.184312,-0.074737,-0.132014,-0.154077,-0.207337,-0.027837,0.156704,0.135342,0.098108,0.136950,0.089982,-0.009434,0.048341,0.038716,0.167477,0.008998,0.139690,-0.007808,0.092199,-0.088600,-0.077137,0.095045,-0.030970,0.098129,0.001289,0.096569,-0.052967,0.003327,0.028667,0.059327,-0.043687,0.238455,-0.075889,-0.047239,-0.046959,0.259811,-0.060286,-0.049749,-0.131524,0.125209,-0.095336,-0.114365,0.186614,0.121483,-0.108455,-0.136809,0.074230,0.197764,0.016432,-0.001872,0.161595,-0.037498,0.184476,-0.092954,-0.058586,0.141803,-0.024644,-0.095973,0.037109,-0.023041,-0.066779,0.134176,0.081843,0.166355,0.083842,-0.036723,0.001886,0.125189,0.194928,-0.124984,-0.104667,-0.043616,-0.183949,-0.076934,0.160559,-0.169520,-0.030667,0.015899,0.026241,0.122902,-0.107208,0.174903,0.040428,0.249939,-0.046510,-0.162693,0.005998,0.082422,0.180969,0.047448,0.026605,-0.004250,-0.121531,-0.047880,-0.057518,-0.090144,0.091126,0.073394,-0.033618,-0.014009,0.111823,0.084490,-0.014859,-0.017895,-0.018380,0.173228,0.042875,-0.069205,0.219324,0.000929,0.018620,0.159970,0.033628,0.107628,-0.028001,-0.161207,-0.027921,0.019223,-0.014034,0.041867,0.025239,-0.050007,0.101204,-0.007767,0.031913,0.080247,-0.211697,0.029010,0.016379,-0.045312,0.016742,0.109586,-0.052865,-0.117092,-0.183229,-0.090196,-0.096824,0.034074,-0.073236,0.032084,-0.011592,0.021004,-0.109427,0.047531,-0.007680,0.074255,0.056877,0.080306,0.176319,-0.047146,-0.017210,-0.066251,0.181598,-0.078869,-0.095004,0.139393,0.084579,-0.055327,-0.053596,0.074233,0.022688,-0.093120,-0.030196,-0.136203,0.113512,-0.027277,-0.123665,0.003495,-0.181263,#
18,-0.030560,0.069501,0.131640,0.001902,-0.216036,0.128295,0.065571,0.078973,-0.154739,-0.175129,0.065504,0.088664,0.178782,0.028442,-0.184804,0.062197,0.244224,0.067547,1.000000,0.068943,0.048816,0.054975,-0.011915,-0.023208,-0.016057,0.157827,-0.046786,-0.057609,0.040149,0.073474,-0.155232,0.204904,0.049535,0.119243,0.053519,0.082508,-0.003523,0.245670,-0.000458,0.006497,0.160223,-0.018867,0.201926,-0.134432,0.033956,-0.004546,0.113054,0.214104,0.044400,0.032233,-0.087639,-0.020648,0.148692,-0.076884,0.066313,0.077566,-0.016102,-0.045744,0.031976,0.120458,0.110730,0.092460,0.032776,-0.048195,0.090805,-0.075432,0.103640,-0.168932,-0.053855,0.074404,0.013968,-0.082193,-0.008498,0.032691,0.115039,-0.062163,-0.106701,0.091027,-0.164613,-0.059348,0.067960,-0.059111,0.149928,-0.066873,0.153870,0.287493,-0.270864,0.042768,0.015796,-0.071292,0.046543,0.037548,0.034225,0.033079,0.007511,0.017257,0.056013,0.073722,0.038909,0.099814,-0.030407,-0.039186,0.025304,0.004147,0.075674,0.091368,-0.027577,0.176683,0.117426,0.015298,0.151639,-0.054883,0.009334,-0.066164,0.043032,0.006054,-0.009152,-0.048243,0.145429,0.105633,0.086830,-0.140072,-0.068019,0.037373,0.236716,-0.071207,0.139429,0.111407,0.051053,0.032595,-0.081757,0.088573,0.084069,-0.024974,-0.080352,0.058738,0.122370,0.034519,0.000057,-0.022028,-0.139456,0.040588,-0.089955,-0.045030,0.021970,0.026905,0.104327,0.134859,0.105094,-0.048118,0.044143,-0.169038,0.117189,0.095078,0.121102,0.221973,0.059127,-0.144769,-0.225821,-0.090769,0.143151,0.045496,0.184158,-0.015905,-0.018148,-0.108819,0.185631,-0.033578,-0.060424,0.111029,0.097674,0.063864,0.079595,0.188618,0.054894,-0.015258,-0.004645,0.054127,-0.030539,0.033648,-0.002120,-0.006093,-0.057059,0.048912,-0.086455,-0.117252,0.071617,0.027779,-0.104771,0.059148,0.014584,0.168073,-0.058258,0.132261,0.092400,0.131062,-0.026359,0.133469,-0.023033,0.140696,#
19,0.152700,0.005854,0.025907,0.000281,0.067132,0.179783,-0.109134,0.116614,0.122599,-0.113577,-0.090938,-0.013305,-0.135294,-0.088994,0.109473,-0.083276,0.154612,0.089200,0.068943,1.000000,0.083042,-0.160627,-0.051969,0.044642,0.147523,0.042828,0.005269,-0.061865,-0.309470,0.161673,0.016736,0.143427,0.191829,-0.044688,0.141476,0.115074,0.084424,0.135864,0.133031,0.108598,0.122545,0.108833,0.004138,-0.023732,-0.029677,0.080048,-0.026868,-0.016437,0.146761,0.174359,0.104017,0.002546,0.129028,0.074511,0.034489,0.114320,0.001266,-0.120976,-0.062109,-0.003677,-0.032194,-0.045495,0.107621,0.056305,0.090700,-0.075652,0.187416,0.035502,0.163972,-0.000188,0.087416,-0.014931,0.058349,0.002664,-0.169327,0.091421,-0.116325,-0.003132,0.037961,-0.112719,0.195560,-0.012452,0.007267,-0.013953,0.056038,0.053057,-0.045205,-0.064302,0.136856,0.057923,-0.114105,-0.017475,-0.112995,-0.014901,0.013108,-0.079005,0.042853,0.308679,0.089361,0.167403,-0.125275,-0.109504,0.034955,0.078562,0.035647,-0.099273,0.023157,-0.155124,0.015564,-0.144561,0.098025,0.006600,0.002898,0.005183,-0.102490,-0.007714,0.125364,-0.020259,0.220069,-0.101830,0.144256,-0.139129,0.059286,0.060875,0.076978,0.091644,-0.025905,0.188988,0.078054,-0.044007,0.115421,0.161299,0.064637,0.029984,-0.136481,0.152609,-0.041664,0.084618,0.016544,-0.074781,-0.005547,0.140371,-0.111924,-0.185242,0.055402,-0.089936,-0.006692,0.000106,0.088564,0.018087,0.008228,-0.012753,-0.011860,0.073153,0.170683,-0.007226,0.167794,-0.133170,0.138430,0.008830,0.144250,0.156338,-0.053178,0.162537,0.222114,0.153885,-0.082050,0.069654,-0.034997,0.011477,-0.103048,0.104670,0.073335,0.219262,0.129888,-0.071370,0.075416,0.046440,0.113320,0.016301,0.004328,0.137082,0.088281,0.041324,0.032514,-0.026360,-0.051098,-0.009910,-0.014390,0.135676,0.064577,0.054323,-0.057093,0.063697,0.094845,-0.016262,0.097709,-0.135792,0.025269,-0.039532,#
20,-0.094765,0.257817,0.033398,0.222172,0.099075,-0.010683,-0.074019,0.147486,0.186865,0.008262,0.005499,-0.044172,0.076724,-0.005368,-0.152306,-0.085831,0.294245,-0.056444,0.048816,0.083042,1.000000,-0.003489,0.022459,0.197886,0.133270,0.196700,-0.123089,0.016408,0.034467,-0.067912,0.118128,0.201926,0.215356,0.071838,0.028498,0.148978,-0.013976,0.030533,-0.004993,0.113904,0.096902,0.024388,0.016272,-0.119946,0.233765,-0.026862,0.091840,0.106344,-0.029170,0.036753,0.113226,0.175572,0.077655,-0.010677,0.149055,-0.101610,-0.296922,-0.042117,0.054517,-0.008483,0.105903,0.036579,0.161305,0.004843,-0.060477,0.232533,0.125302,0.036452,-0.009371,-0.021306,0.098376,0.043001,0.227679,0.075845,-0.186386,-0.092028,0.109505,0.002311,0.144167,0.065690,0.146744,0.100470,0.076533,-0.085043,0.031352,0.137680,0.038396,0.206207,0.063613,0.131338,0.056425,0.032204,0.103506,-0.018119,0.051159,0.131487,0.071540,0.051874,0.097457,0.052525,0.191940,0.004560,0.018640,0.199129,-0.021993,0.184022,0.211457,-0.052838,0.039930,0.155714,0.023326,0.110841,-0.080380,-0.047340,0.148584,0.036511,0.186295,0.054478,-0.048965,-0.118676,0.018843,0.077674,0.051003,0.138815,0.040412,0.076070,-0.016942,0.010897,0.008822,0.179646,0.097125,0.085102,0.238677,0.039203,-0.054383,0.191414,0.007294,0.086559,0.114497,0.064181,0.023319,0.060368,0.046954,-0.115853,-0.011370,-0.073112,0.091850,0.096396,-0.055401,-0.029215,0.003728,0.050642,-0.147979,0.142644,0.027422,0.027105,-0.018088,0.199545,0.049895,-0.034299,0.190212,0.046383,0.094125,0.030151,0.055354,0.068923,-0.026447,0.176553,-0.061956,-0.111014,0.108601,-0.054543,-0.051400,0.044966,0.011391,0.007198,0.038720,0.164633,0.042266,0.090596,0.085607,0.053856,0.006898,0.050112,-0.018280,0.114968,0.067492,-0.116522,0.162667,0.105930,0.111914,0.207768,0.257408,0.104479,0.231983,0.142305,0.110385,0.097097,0.000494,0.082340,#
