0,1.000000,0.820473,0.828291,0.795042,0.749944,0.831244,0.807303,0.835871,0.813840,0.787091,0.794352,0.851014,0.801920,0.796543,0.803270,0.780059,0.811035,0.851061,0.827087,0.809918,0.832657,0.782632,0.825537,0.818302,0.747032,0.800348,0.780432,0.815695,0.788929,0.828012,0.805956,0.813347,0.809415,0.776743,0.812605,0.806337,0.783248,0.826933,0.809734,0.834566,0.829787,0.796628,0.834882,0.808779,0.810826,0.760619,0.837860,0.837453,0.815470,0.841995,0.802068,0.812414,0.835165,0.841551,0.828682,0.838476,0.801719,0.849558,0.802050,0.826333,0.832067,0.773697,0.828116,0.815558,0.821454,0.812470,0.863155,0.806383,0.800591,0.769421,0.814108,0.803543,0.848276,0.835706,0.806680,0.792751,0.831275,0.811708,0.846684,0.806268,0.837832,0.810237,0.836796,0.844790,0.815686,0.845116,0.800020,0.804495,0.784971,0.826767,0.790362,0.812158,0.799217,0.827723,0.804372,0.807749,0.782425,0.788408,0.810726,0.826564,0.825651,0.812649,0.799533,0.806609,0.799173,0.810536,0.789565,0.830651,0.799838,0.787803,0.823334,0.823073,0.819510,0.748144,0.794992,0.863809,0.785509,0.789416,0.802433,0.782562,0.778415,0.874796,0.799939,0.856645,0.821512,0.793938,0.784889,0.783730,0.782026,0.796544,0.806275,0.829901,0.823275,0.779088,0.833589,0.808331,0.793691,0.836720,0.805064,0.839712,0.806988,0.795424,0.771666,0.841675,0.832604,0.743688,0.814394,0.756795,0.831694,0.832410,0.840498,0.801324,0.800176,0.822560,0.799083,0.777454,0.807661,0.816781,0.834518,0.832806,0.841836,0.829836,0.782605,0.804409,0.823259,0.805924,0.830089,0.794310,0.806727,0.791436,0.826026,0.791566,0.789718,0.852997,0.859583,0.783480,0.804813,0.843903,0.802520,0.810119,0.802376,0.820000,0.770993,0.790531,0.797468,0.791410,0.815299,0.804088,0.799166,0.797464,0.790499,0.839580,0.815207,0.807939,0.790431,0.801641,0.759762,0.849903,0.815547,0.797722,#
1,0.820473,1.000000,0.810136,0.823270,0.818577,0.847877,0.770397,0.810235,0.825420,0.816797,0.813598,0.806912,0.803706,0.812778,0.825388,0.810448,0.794244,0.801755,0.819081,0.837306,0.845240,0.862764,0.848916,0.836445,0.769022,0.748117,0.843269,0.828883,0.790447,0.780882,0.843335,0.845790,0.827546,0.827187,0.804879,0.823214,0.761135,0.847389,0.840555,0.812484,0.801830,0.787635,0.784315,0.803845,0.786319,0.793501,0.850752,0.801584,0.829542,0.831661,0.790944,0.844174,0.838125,0.804687,0.856068,0.816700,0.797093,0.835410,0.824466,0.797169,0.811939,0.813342,0.754907,0.779414,0.813386,0.815022,0.844197,0.830815,0.823018,0.831380,0.801623,0.806748,0.867817,0.790485,0.816280,0.823004,0.797556,0.802078,0.831108,0.806623,0.838272,0.807527,0.871848,0.851000,0.835685,0.806804,0.806395,0.821842,0.833959,0.823648,0.790255,0.800770,0.832051,0.833882,0.784133,0.788793,0.800405,0.809927,0.798951,0.834448,0.837364,0.835843,0.777659,0.820223,0.790064,0.806329,0.793750,0.835941,0.798020,0.781190,0.820370,0.795344,0.790117,0.789728,0.789149,0.811312,0.814936,0.824225,0.779529,0.761944,0.838204,0.830538,0.769116,0.829163,0.772052,0.784699,0.810791,0.800597,0.822573,0.834141,0.795405,0.848283,0.783155,0.788904,0.869130,0.797023,0.791606,0.787957,0.818375,0.774047,0.835151,0.814235,0.819892,0.838346,0.791522,0.796711,0.815967,0.744878,0.845669,0.824986,0.835361,0.850931,0.824910,0.791798,0.831510,0.780544,0.827621,0.824243,0.796762,0.801348,0.807614,0.842578,0.809306,0.841198,0.825331,0.792980,0.816933,0.800969,0.774163,0.793862,0.811308,0.803644,0.795119,0.824178,0.816209,0.780708,0.797853,0.866570,0.775767,0.816825,0.809965,0.820364,0.790058,0.778046,0.796002,0.838235,0.820213,0.750892,0.790727,0.785209,0.820330,0.794146,0.800203,0.808433,0.855074,0.752687,0.760551,0.831054,0.788033,0.796279,#
2,0.828291,0.810136,1.000000,0.773351,0.742456,0.812420,0.760635,0.806530,0.804935,0.754851,0.761395,0.754016,0.746035,0.777336,0.784238,0.762570,0.756835,0.799737,0.761492,0.801189,0.763968,0.774616,0.770738,0.829211,0.745770,0.751126,0.817572,0.804418,0.821952,0.790996,0.817518,0.768822,0.767574,0.750619,0.757078,0.785412,0.781134,0.786163,0.821282,0.781804,0.766113,0.796071,0.801088,0.760525,0.728743,0.739201,0.839904,0.752734,0.774451,0.836117,0.782225,0.805930,0.803576,0.827797,0.831692,0.805968,0.773721,0.776223,0.774176,0.776359,0.843524,0.780919,0.766176,0.799732,0.774125,0.817735,0.803189,0.800653,0.785841,0.782647,0.790727,0.767379,0.829500,0.783078,0.792450,0.791542,0.778728,0.774683,0.789537,0.793780,0.817934,0.801526,0.820272,0.823587,0.834418,0.817305,0.761336,0.818659,0.766121,0.774833,0.768677,0.803834,0.836661,0.798392,0.791278,0.794216,0.767409,0.752196,0.841937,0.810593,0.796231,0.769798,0.746693,0.759814,0.731193,0.801931,0.804232,0.797124,0.783330,0.757984,0.800448,0.746822,0.812583,0.745626,0.745349,0.772280,0.750136,0.806818,0.795271,0.715713,0.788738,0.782607,0.729554,0.817078,0.790279,0.749033,0.784974,0.768772,0.764855,0.797711,0.831514,0.819373,0.817541,0.792616,0.800431,0.789778,0.786290,0.800589,0.805136,0.760839,0.778084,0.805599,0.717802,0.766711,0.775362,0.800463,0.764727,0.749247,0.778401,0.783995,0.819776,0.788167,0.778564,0.792038,0.788432,0.769288,0.793053,0.743218,0.762537,0.745190,0.749964,0.747207,0.753352,0.789233,0.770935,0.782822,0.837463,0.748990,0.746885,0.764082,0.790192,0.765119,0.772727,0.775065,0.824791,0.764930,0.732387,0.806737,0.769998,0.774079,0.759359,0.831232,0.727156,0.819526,0.759653,0.777979,0.774988,0.748053,0.809495,0.772324,0.781734,0.799900,0.849967,0.776900,0.771922,0.791585,0.735745,0.816809,0.744818,0.802121,#
3,0.795042,0.823270,0.773351,1.000000,0.777155,0.819777,0.769871,0.780264,0.788970,0.774218,0.789597,0.781341,0.796732,0.751826,0.771845,0.804627,0.760208,0.775341,0.804176,0.778348,0.760803,0.804625,0.768894,0.776181,0.773250,0.785830,0.777181,0.794596,0.769881,0.761676,0.802722,0.833662,0.773360,0.808894,0.801252,0.778498,0.741971,0.807640,0.734076,0.796054,0.782657,0.762289,0.762649,0.788550,0.757198,0.815378,0.835160,0.776367,0.819504,0.802644,0.792665,0.758612,0.810184,0.759470,0.791275,0.825478,0.727459,0.786446,0.848844,0.796030,0.781715,0.770956,0.729968,0.785795,0.814395,0.795353,0.759301,0.794655,0.739832,0.762325,0.759032,0.813071,0.829069,0.787767,0.757535,0.770275,0.754767,0.776201,0.786747,0.807629,0.820139,0.733570,0.799535,0.824066,0.798686,0.814047,0.781125,0.765854,0.774417,0.779403,0.726601,0.783803,0.823030,0.820276,0.763490,0.790926,0.730341,0.727872,0.763368,0.784976,0.755364,0.769273,0.725007,0.749211,0.793927,0.779518,0.764823,0.803279,0.760880,0.755557,0.769916,0.749222,0.747556,0.752939,0.755891,0.787727,0.749216,0.749615,0.777584,0.701418,0.754146,0.796319,0.724275,0.780582,0.747928,0.761695,0.798293,0.777337,0.738938,0.776879,0.738320,0.806387,0.733919,0.793111,0.830107,0.796235,0.820000,0.762394,0.750784,0.739126,0.783620,0.783862,0.772458,0.775026,0.764735,0.807140,0.741671,0.752834,0.782409,0.763845,0.796249,0.780917,0.779770,0.782996,0.768119,0.727550,0.815424,0.769211,0.746820,0.775173,0.789371,0.788380,0.742642,0.806111,0.775896,0.780252,0.782373,0.736284,0.778185,0.745913,0.789866,0.783224,0.751580,0.798113,0.751019,0.772175,0.756722,0.786875,0.779163,0.777352,0.731921,0.815897,0.738472,0.764622,0.739090,0.790686,0.764810,0.711847,0.805189,0.805163,0.750363,0.766924,0.752346,0.741948,0.777554,0.783623,0.755863,0.789468,0.750267,0.789477,#
4,0.749944,0.818577,0.742456,0.777155,1.000000,0.835679,0.784039,0.759194,0.734156,0.748941,0.758277,0.777484,0.747894,0.773975,0.743417,0.780371,0.774583,0.812701,0.771209,0.833822,0.783383,0.763206,0.748958,0.802222,0.719562,0.740860,0.782855,0.754229,0.751513,0.764939,0.857240,0.777606,0.818473,0.735238,0.757194,0.767557,0.745303,0.791559,0.745713,0.800805,0.776515,0.757651,0.728234,0.789753,0.738402,0.773428,0.804670,0.767052,0.823521,0.809007,0.773066,0.764590,0.795062,0.725116,0.802279,0.809748,0.746038,0.776621,0.810601,0.794503,0.742613,0.763835,0.754063,0.763567,0.801172,0.791592,0.807290,0.773991,0.758938,0.758522,0.779823,0.820579,0.802166,0.777059,0.735113,0.758948,0.755246,0.797525,0.796046,0.785314,0.773435,0.751673,0.823451,0.777001,0.794242,0.764382,0.741546,0.726957,0.789374,0.810443,0.731681,0.746345,0.741227,0.792996,0.718371,0.758819,0.763670,0.715412,0.723308,0.779191,0.823485,0.789120,0.770451,0.753008,0.771047,0.755857,0.794227,0.787837,0.781559,0.765023,0.758748,0.741575,0.774933,0.812909,0.756436,0.777155,0.769248,0.813814,0.747139,0.668652,0.780018,0.791372,0.799649,0.788940,0.748786,0.807605,0.746211,0.780180,0.825304,0.775413,0.818816,0.797560,0.723995,0.755816,0.827931,0.792470,0.784258,0.803656,0.757361,0.715375,0.760113,0.794344,0.770298,0.781094,0.766714,0.747804,0.796994,0.703097,0.760513,0.796743,0.819533,0.834569,0.744848,0.732459,0.809923,0.768804,0.828846,0.745184,0.775482,0.737607,0.728096,0.780303,0.807044,0.779638,0.789602,0.750460,0.749929,0.739665,0.770508,0.751920,0.754274,0.769762,0.762720,0.767357,0.827416,0.771832,0.765341,0.794962,0.749554,0.759227,0.794766,0.793036,0.788502,0.743474,0.817777,0.790253,0.762452,0.794402,0.750806,0.721925,0.744151,0.722712,0.742513,0.778568,0.780922,0.741929,0.754444,0.787761,0.784203,0.736492,#
5,0.831244,0.847877,0.812420,0.819777,0.835679,1.000000,0.764240,0.821939,0.811845,0.775473,0.775535,0.799538,0.761009,0.759606,0.791408,0.812611,0.785641,0.808370,0.793649,0.828409,0.809765,0.799588,0.773918,0.805597,0.766976,0.797897,0.834526,0.839321,0.757426,0.792241,0.830292,0.826189,0.808639,0.798002,0.788573,0.829465,0.784293,0.799621,0.798472,0.816602,0.808917,0.772681,0.765605,0.797230,0.785468,0.795728,0.835640,0.823429,0.827325,0.804739,0.804399,0.773531,0.829450,0.834849,0.799702,0.874461,0.791918,0.818056,0.856181,0.835503,0.782028,0.794227,0.784418,0.832673,0.786313,0.798164,0.812712,0.794188,0.777922,0.825695,0.835487,0.810617,0.859042,0.809874,0.755110,0.783980,0.820426,0.805873,0.804227,0.795677,0.846981,0.812873,0.851123,0.825595,0.815829,0.825624,0.801300,0.807036,0.810958,0.806177,0.773041,0.781742,0.810865,0.829863,0.763783,0.752492,0.789581,0.767185,0.829728,0.785024,0.850994,0.829304,0.834355,0.800473,0.795561,0.791453,0.798715,0.826086,0.775009,0.812266,0.790967,0.815010,0.791888,0.739142,0.735021,0.791428,0.818588,0.822398,0.782564,0.745886,0.776619,0.817960,0.792223,0.852493,0.762113,0.799806,0.813775,0.776109,0.818615,0.809659,0.829775,0.855562,0.819830,0.837177,0.827468,0.769552,0.809689,0.813933,0.767089,0.786779,0.790166,0.783887,0.801456,0.828071,0.840385,0.757755,0.787623,0.767538,0.814190,0.852051,0.832453,0.834376,0.771134,0.803338,0.792810,0.759941,0.822342,0.807629,0.809664,0.811447,0.804019,0.843144,0.799546,0.787933,0.823379,0.785804,0.781334,0.809487,0.782401,0.781410,0.843984,0.809759,0.783233,0.790640,0.822344,0.779756,0.760897,0.834816,0.815075,0.819210,0.813770,0.834073,0.758414,0.777807,0.804881,0.800470,0.790505,0.785070,0.826669,0.829588,0.754514,0.828156,0.782384,0.799769,0.767683,0.773583,0.751965,0.820916,0.787431,0.795162,#
6,0.807303,0.770397,0.760635,0.769871,0.784039,0.764240,1.000000,0.761856,0.792987,0.782975,0.776833,0.783348,0.781793,0.811210,0.712024,0.774612,0.788931,0.817285,0.784990,0.771984,0.812031,0.757422,0.745766,0.779067,0.763490,0.773360,0.769751,0.779226,0.763802,0.794762,0.812151,0.819415,0.821459,0.795809,0.770873,0.780837,0.780562,0.768760,0.762193,0.797811,0.788954,0.813262,0.790384,0.789992,0.792336,0.709720,0.826911,0.772820,0.852438,0.837535,0.799648,0.803351,0.818605,0.707928,0.831498,0.802451,0.796063,0.830200,0.831872,0.766352,0.802944,0.766762,0.760340,0.761052,0.839870,0.774584,0.853710,0.788023,0.795556,0.744251,0.772041,0.819581,0.804828,0.797111,0.741040,0.765062,0.781661,0.800059,0.807477,0.763334,0.807530,0.795975,0.781597,0.852850,0.783355,0.783837,0.768561,0.780989,0.820980,0.823771,0.747881,0.781435,0.746480,0.806077,0.751511,0.770686,0.781850,0.770236,0.781827,0.770549,0.812702,0.798326,0.779887,0.787634,0.800390,0.731610,0.799198,0.782183,0.794978,0.743556,0.741038,0.761876,0.750125,0.753045,0.732211,0.778867,0.754493,0.792265,0.750646,0.745135,0.774576,0.812600,0.734069,0.825945,0.807088,0.787916,0.747404,0.784210,0.743513,0.754357,0.796795,0.792516,0.746755,0.721496,0.806519,0.794843,0.797855,0.790298,0.800085,0.788751,0.799060,0.785150,0.752153,0.792837,0.775778,0.785866,0.796251,0.744128,0.770593,0.768862,0.790168,0.821891,0.733021,0.736209,0.761515,0.736383,0.819066,0.712574,0.784584,0.798824,0.802755,0.789805,0.736641,0.780784,0.799125,0.780080,0.817079,0.707451,0.777177,0.767062,0.798840,0.775318,0.722590,0.747535,0.788495,0.803063,0.781062,0.813193,0.769721,0.777302,0.771139,0.779397,0.794789,0.792490,0.759056,0.788635,0.762093,0.772609,0.769998,0.767626,0.745595,0.777019,0.760579,0.756469,0.798916,0.808869,0.760285,0.815951,0.769938,0.783453,#
7,0.835871,0.810235,0.806530,0.780264,0.759194,0.821939,0.761856,1.000000,0.832967,0.780281,0.794323,0.784518,0.784478,0.788259,0.797311,0.766888,0.772781,0.814117,0.808010,0.808962,0.806371,0.763792,0.826088,0.792888,0.762033,0.805475,0.788316,0.813901,0.784107,0.827462,0.772041,0.805936,0.754016,0.775363,0.789494,0.808238,0.794266,0.777868,0.772540,0.784856,0.803618,0.792972,0.771145,0.774483,0.770060,0.768048,0.818605,0.800629,0.810660,0.789026,0.798472,0.788704,0.820978,0.839923,0.818308,0.808145,0.785143,0.806437,0.798424,0.808312,0.766735,0.783048,0.798771,0.803013,0.807432,0.816230,0.855324,0.805673,0.804584,0.761761,0.824322,0.735744,0.829682,0.808354,0.785452,0.766977,0.811998,0.777729,0.785746,0.763543,0.835478,0.790191,0.830226,0.804049,0.817536,0.798263,0.835685,0.783600,0.784902,0.798277,0.759158,0.820785,0.794081,0.781481,0.799911,0.777235,0.795380,0.808486,0.814615,0.794054,0.815887,0.770326,0.776169,0.780068,0.783087,0.772060,0.788522,0.822963,0.785826,0.758399,0.845325,0.782750,0.803021,0.782078,0.721703,0.808929,0.752934,0.782472,0.759122,0.762013,0.797916,0.795624,0.745506,0.835272,0.825514,0.792843,0.784852,0.781631,0.740430,0.766502,0.793041,0.814974,0.794275,0.743633,0.827721,0.823789,0.820903,0.822783,0.752768,0.789521,0.793386,0.799269,0.793883,0.799207,0.812139,0.778158,0.814169,0.717220,0.811884,0.798328,0.787648,0.801908,0.809405,0.765546,0.781201,0.810536,0.816966,0.787145,0.825195,0.782174,0.800895,0.777057,0.818286,0.757206,0.821981,0.771589,0.825611,0.794321,0.764162,0.737804,0.823799,0.805427,0.741126,0.785028,0.794007,0.759735,0.761776,0.806427,0.792598,0.803687,0.778283,0.803236,0.780094,0.805014,0.757841,0.794263,0.805921,0.750054,0.814635,0.807231,0.810708,0.805136,0.775910,0.772938,0.789639,0.787741,0.751464,0.839040,0.804534,0.785286,#
8,0.813840,0.825420,0.804935,0.788970,0.734156,0.811845,0.792987,0.832967,1.000000,0.803875,0.772131,0.793959,0.804902,0.794083,0.778192,0.807867,0.756657,0.832593,0.764784,0.829725,0.810093,0.794834,0.774085,0.783047,0.761727,0.789046,0.796372,0.794810,0.781468,0.788291,0.799293,0.812963,0.792418,0.775384,0.782162,0.812122,0.769637,0.811773,0.757132,0.786654,0.785982,0.769985,0.847308,0.764510,0.770464,0.745144,0.816132,0.786474,0.822893,0.809947,0.812926,0.796162,0.778811,0.837723,0.804995,0.814761,0.789072,0.798390,0.805217,0.760939,0.801115,0.794738,0.815625,0.801972,0.819024,0.822927,0.826116,0.838967,0.816157,0.765263,0.783701,0.802365,0.834053,0.811092,0.771942,0.766312,0.799473,0.801556,0.786813,0.777688,0.832530,0.776662,0.804587,0.827387,0.827209,0.812244,0.784644,0.818653,0.784475,0.775331,0.771501,0.803136,0.811194,0.785487,0.784134,0.785407,0.779424,0.796551,0.846136,0.815094,0.813286,0.765517,0.795776,0.815856,0.766875,0.781299,0.799533,0.810840,0.746177,0.791757,0.790240,0.787890,0.800591,0.760407,0.732065,0.808255,0.744997,0.774624,0.796856,0.791666,0.778751,0.785145,0.754522,0.814249,0.763062,0.809726,0.754965,0.765871,0.781433,0.790337,0.769256,0.805056,0.794560,0.774935,0.839698,0.792903,0.806101,0.798939,0.789366,0.798805,0.788056,0.808424,0.797771,0.769229,0.800280,0.746340,0.762580,0.734689,0.798609,0.809887,0.798824,0.823342,0.758878,0.823073,0.773051,0.762062,0.812775,0.797323,0.831384,0.808279,0.779530,0.768548,0.807971,0.810785,0.788645,0.767667,0.787962,0.790075,0.787397,0.754781,0.819769,0.799642,0.740293,0.790158,0.812187,0.784216,0.773609,0.818778,0.770688,0.753137,0.784787,0.829966,0.768296,0.797090,0.789545,0.781779,0.835567,0.753163,0.797813,0.815414,0.810366,0.813026,0.829361,0.780579,0.779308,0.767588,0.734105,0.792740,0.770355,0.832882,#
9,0.787091,0.816797,0.754851,0.774218,0.748941,0.775473,0.782975,0.780281,0.803875,1.000000,0.748614,0.762736,0.813789,0.793015,0.810529,0.804766,0.790006,0.803907,0.791568,0.772600,0.829363,0.770855,0.760954,0.802031,0.756479,0.746706,0.761686,0.827894,0.726447,0.821392,0.766700,0.800565,0.806003,0.789870,0.779415,0.793721,0.765120,0.800617,0.765554,0.807582,0.786277,0.810118,0.757319,0.770123,0.796932,0.726321,0.785904,0.775068,0.797379,0.794224,0.770186,0.770593,0.756180,0.763172,0.806346,0.796833,0.773497,0.848580,0.784374,0.774227,0.803216,0.783488,0.765094,0.753667,0.768873,0.843366,0.818977,0.820393,0.806751,0.739153,0.768812,0.763280,0.802637,0.772865,0.769778,0.797800,0.803112,0.819353,0.785039,0.823462,0.811170,0.792417,0.791541,0.870852,0.794911,0.781480,0.768959,0.815755,0.785487,0.754984,0.752606,0.763142,0.818921,0.775319,0.778136,0.780662,0.761067,0.768179,0.769027,0.798057,0.830097,0.794472,0.796774,0.811281,0.782786,0.788471,0.788776,0.820704,0.812763,0.799936,0.818807,0.773178,0.783669,0.754542,0.744764,0.820327,0.692813,0.778042,0.735166,0.763377,0.772870,0.798671,0.759823,0.820881,0.788901,0.796750,0.799996,0.733750,0.797966,0.772120,0.766818,0.820216,0.762791,0.756426,0.802794,0.752609,0.783537,0.792465,0.761264,0.769711,0.798419,0.837760,0.794977,0.808736,0.809322,0.820495,0.794454,0.773124,0.794096,0.782927,0.772779,0.793583,0.767729,0.777222,0.789903,0.767929,0.779363,0.790332,0.773918,0.798965,0.798793,0.827654,0.783715,0.799770,0.803360,0.811923,0.761445,0.751577,0.802050,0.751051,0.823940,0.804057,0.750181,0.766676,0.795717,0.829449,0.772316,0.820484,0.736914,0.797987,0.817394,0.803253,0.800123,0.760361,0.778726,0.822699,0.764733,0.756682,0.810566,0.737872,0.780474,0.792281,0.759863,0.744534,0.767618,0.754064,0.782743,0.792520,0.757191,0.762891,#
10,0.794352,0.813598,0.761395,0.789597,0.758277,0.775535,0.776833,0.794323,0.772131,0.748614,1.000000,0.789949,0.765016,0.763264,0.737561,0.770960,0.781239,0.763969,0.795960,0.778738,0.783453,0.754746,0.801908,0.823868,0.717038,0.747755,0.782192,0.825880,0.771267,0.814353,0.797695,0.772176,0.798167,0.786488,0.789027,0.795212,0.775156,0.808748,0.782051,0.774933,0.794152,0.756799,0.774805,0.744505,0.769719,0.797079,0.847983,0.785494,0.812941,0.835830,0.761914,0.808531,0.792243,0.732706,0.810546,0.814293,0.791096,0.827527,0.769896,0.780371,0.801169,0.796380,0.807117,0.794562,0.819509,0.745140,0.807692,0.761743,0.803734,0.764093,0.829576,0.805114,0.851389,0.734900,0.754773,0.820817,0.790541,0.814356,0.803133,0.762421,0.842238,0.768328,0.795517,0.792747,0.796849,0.764354,0.798416,0.752613,0.790920,0.822962,0.733213,0.805609,0.824108,0.767513,0.739728,0.794010,0.734946,0.812364,0.775720,0.816967,0.781878,0.777615,0.766378,0.801757,0.824989,0.768371,0.773739,0.772246,0.761909,0.774299,0.765595,0.767162,0.811019,0.759830,0.727676,0.800740,0.736093,0.779137,0.774075,0.751923,0.773877,0.803515,0.708533,0.802480,0.719977,0.776878,0.773560,0.770275,0.801694,0.780820,0.759206,0.788381,0.749737,0.760567,0.834309,0.843207,0.781397,0.752335,0.799019,0.791093,0.825299,0.781458,0.741883,0.792013,0.734388,0.761781,0.804011,0.746269,0.799693,0.777476,0.769670,0.783798,0.761693,0.763877,0.802808,0.735477,0.829423,0.812353,0.762145,0.758854,0.818154,0.752577,0.756014,0.792776,0.799595,0.757468,0.789721,0.738237,0.782335,0.795016,0.788060,0.787679,0.710458,0.751886,0.804121,0.768568,0.734058,0.795030,0.726703,0.792467,0.764266,0.763649,0.782230,0.752589,0.718989,0.804518,0.767548,0.767295,0.729613,0.794454,0.781524,0.744651,0.772675,0.783215,0.798091,0.791615,0.763895,0.806106,0.774560,0.784183,#
11,0.851014,0.806912,0.754016,0.781341,0.777484,0.799538,0.783348,0.784518,0.793959,0.762736,0.789949,1.000000,0.820629,0.782158,0.791237,0.784475,0.789673,0.833089,0.835814,0.801388,0.780181,0.748244,0.821192,0.811185,0.750437,0.772826,0.786169,0.774642,0.791839,0.769396,0.785906,0.811841,0.818968,0.777914,0.767383,0.802631,0.796966,0.827351,0.755004,0.802474,0.802644,0.751592,0.775962,0.772824,0.766519,0.749663,0.854657,0.829697,0.795263,0.840833,0.770686,0.776587,0.834669,0.759857,0.821909,0.818160,0.748625,0.822536,0.785871,0.787825,0.760460,0.759915,0.825441,0.792455,0.810022,0.799099,0.814141,0.790718,0.814524,0.797109,0.811607,0.777711,0.820844,0.815300,0.806896,0.754109,0.829237,0.810380,0.785269,0.744850,0.802989,0.776569,0.818281,0.803117,0.825310,0.801468,0.737154,0.759168,0.739146,0.758879,0.795533,0.798963,0.788609,0.777788,0.737318,0.802352,0.761528,0.794840,0.767222,0.795031,0.783461,0.800252,0.806227,0.791270,0.815921,0.764406,0.791504,0.818386,0.810535,0.759917,0.809794,0.815198,0.806492,0.732381,0.714843,0.794403,0.772054,0.764637,0.785112,0.788582,0.747163,0.803779,0.759303,0.824304,0.763901,0.810037,0.819092,0.783792,0.797333,0.800235,0.794941,0.780404,0.799270,0.784049,0.835709,0.780801,0.812619,0.788942,0.797475,0.776461,0.788745,0.784330,0.767048,0.814936,0.794323,0.750832,0.827356,0.765544,0.792751,0.814040,0.798451,0.771862,0.788998,0.816169,0.806454,0.746218,0.833794,0.775128,0.772481,0.779991,0.810764,0.808195,0.837706,0.782562,0.840682,0.764227,0.823684,0.739864,0.804332,0.811257,0.821846,0.775132,0.795080,0.835916,0.801393,0.782097,0.792019,0.799944,0.757740,0.805291,0.795364,0.771237,0.808504,0.764924,0.792857,0.765408,0.783086,0.816971,0.773641,0.760521,0.783088,0.794582,0.767915,0.773018,0.764738,0.793170,0.756991,0.813848,0.773587,0.740396,#
12,0.801920,0.803706,0.746035,0.796732,0.747894,0.761009,0.781793,0.784478,0.804902,0.813789,0.765016,0.820629,1.000000,0.784831,0.796774,0.775298,0.771998,0.808925,0.822188,0.802567,0.808573,0.731589,0.795343,0.812422,0.762478,0.777125,0.742509,0.787427,0.778376,0.764691,0.770621,0.810679,0.772987,0.810532,0.780025,0.806944,0.785070,0.801290,0.795410,0.784476,0.725888,0.742797,0.753396,0.769903,0.779141,0.751876,0.827858,0.752925,0.786257,0.801277,0.813718,0.764573,0.781190,0.771017,0.840272,0.804872,0.755715,0.803648,0.778143,0.790259,0.769905,0.759454,0.783709,0.767346,0.800107,0.824712,0.811606,0.758997,0.814906,0.786092,0.783116,0.765110,0.805957,0.788401,0.788949,0.764345,0.793935,0.791474,0.798964,0.798370,0.794915,0.783507,0.808073,0.840063,0.764003,0.800941,0.735428,0.796854,0.771530,0.757081,0.775149,0.782214,0.799261,0.742510,0.731075,0.793229,0.809079,0.780288,0.767380,0.758591,0.762948,0.801839,0.789952,0.801404,0.750103,0.761529,0.766678,0.765292,0.811634,0.782108,0.779787,0.770665,0.776423,0.730898,0.817621,0.807330,0.729594,0.757660,0.774503,0.768639,0.747979,0.799930,0.741173,0.816203,0.787742,0.811822,0.793059,0.744528,0.777130,0.784406,0.741414,0.762599,0.731806,0.753117,0.786944,0.787803,0.756146,0.787465,0.737954,0.739494,0.823232,0.809723,0.764577,0.806697,0.754275,0.738417,0.796877,0.718090,0.796178,0.824383,0.778639,0.771133,0.789378,0.752189,0.773420,0.806594,0.831267,0.814535,0.816340,0.779440,0.780140,0.797925,0.795494,0.782204,0.839096,0.720400,0.776992,0.791834,0.734822,0.756828,0.803176,0.779822,0.747918,0.782349,0.753311,0.744201,0.822962,0.843661,0.753939,0.754133,0.779488,0.799145,0.798549,0.751497,0.716371,0.763486,0.740970,0.789480,0.805659,0.774506,0.740100,0.784176,0.744389,0.768023,0.768075,0.794152,0.750010,0.823184,0.801476,0.742064,#
13,0.796543,0.812778,0.777336,0.751826,0.773975,0.759606,0.811210,0.788259,0.794083,0.793015,0.763264,0.782158,0.784831,1.000000,0.743958,0.763894,0.731878,0.846828,0.805428,0.787399,0.781166,0.762859,0.810683,0.777359,0.769264,0.754799,0.736854,0.793686,0.787004,0.815792,0.751508,0.784338,0.799342,0.805086,0.694744,0.762641,0.777672,0.808048,0.799011,0.813751,0.831783,0.761868,0.788088,0.745866,0.802842,0.764495,0.820505,0.781548,0.820417,0.824691,0.795518,0.825322,0.779937,0.750505,0.825816,0.829287,0.790383,0.810935,0.802571,0.782113,0.801755,0.778064,0.755067,0.788366,0.825201,0.822228,0.825250,0.787122,0.813302,0.754684,0.758000,0.793054,0.776901,0.812967,0.791572,0.766060,0.799719,0.792819,0.834264,0.767549,0.799855,0.779568,0.815977,0.826348,0.799220,0.811711,0.739199,0.762879,0.820378,0.783947,0.722463,0.793900,0.787026,0.779811,0.772563,0.761154,0.775981,0.755481,0.763203,0.817062,0.811378,0.780057,0.791338,0.820442,0.781996,0.821761,0.764615,0.810328,0.776407,0.756267,0.786206,0.775715,0.787050,0.785273,0.749126,0.805265,0.718484,0.804415,0.803100,0.749263,0.788576,0.807970,0.721287,0.771159,0.772664,0.777984,0.794713,0.746616,0.785738,0.768709,0.795483,0.774131,0.756319,0.750881,0.812602,0.787827,0.777968,0.796019,0.836073,0.757290,0.785559,0.826966,0.808941,0.775867,0.741111,0.771435,0.788464,0.743407,0.807580,0.769005,0.811385,0.821061,0.755180,0.774767,0.771260,0.759689,0.835311,0.777708,0.803200,0.764287,0.793631,0.795008,0.771201,0.801781,0.811743,0.776279,0.823614,0.762866,0.802457,0.756917,0.796785,0.805853,0.782185,0.783199,0.821751,0.805096,0.799433,0.839245,0.768804,0.784958,0.777227,0.782939,0.823777,0.776135,0.786461,0.788317,0.759159,0.792007,0.754946,0.762662,0.785142,0.790262,0.789537,0.792856,0.808837,0.729196,0.767856,0.832920,0.771127,0.742518,#
14,0.803270,0.825388,0.784238,0.771845,0.743417,0.791408,0.712024,0.797311,0.778192,0.810529,0.737561,0.791237,0.796774,0.743958,1.000000,0.771899,0.759407,0.761728,0.737424,0.792172,0.775590,0.758238,0.777374,0.821302,0.736941,0.706262,0.774647,0.774411,0.738658,0.777701,0.794639,0.759147,0.763261,0.726181,0.767481,0.771176,0.725648,0.793433,0.791690,0.732028,0.776688,0.741505,0.775201,0.755965,0.738895,0.741634,0.795690,0.750666,0.737077,0.754540,0.734511,0.756326,0.744438,0.821522,0.779858,0.775786,0.735829,0.767740,0.775110,0.734010,0.780825,0.800740,0.758634,0.763240,0.769550,0.779088,0.792737,0.778731,0.795778,0.759285,0.734620,0.730129,0.801935,0.759934,0.774520,0.753987,0.766983,0.777778,0.769785,0.743920,0.787372,0.767266,0.809920,0.824105,0.790879,0.794640,0.738882,0.773567,0.789266,0.704461,0.728508,0.742419,0.784765,0.806921,0.784303,0.770866,0.778035,0.764013,0.759548,0.734016,0.798436,0.766149,0.775473,0.729243,0.761745,0.785723,0.755774,0.759944,0.801674,0.757732,0.792373,0.791467,0.787123,0.728940,0.696389,0.778219,0.713767,0.722108,0.735120,0.716583,0.773607,0.793962,0.740616,0.793796,0.783741,0.710829,0.782564,0.781519,0.724655,0.769085,0.756819,0.806645,0.744861,0.747915,0.793139,0.773677,0.796589,0.776253,0.754881,0.758851,0.771127,0.793857,0.710512,0.795329,0.756407,0.786530,0.812043,0.711521,0.774065,0.743102,0.781019,0.767982,0.723889,0.772547,0.808505,0.745885,0.777865,0.762324,0.742148,0.751500,0.775381,0.767651,0.768645,0.767941,0.772560,0.727959,0.737587,0.740109,0.715537,0.772769,0.766118,0.761306,0.751267,0.799748,0.808813,0.784068,0.752400,0.779537,0.730176,0.750874,0.755559,0.797129,0.773702,0.746977,0.765697,0.773864,0.784359,0.722791,0.771197,0.724741,0.739764,0.753778,0.783777,0.769727,0.722575,0.733931,0.738829,0.766984,0.715774,0.722638,#
15,0.780059,0.810448,0.762570,0.804627,0.780371,0.812611,0.774612,0.766888,0.807867,0.804766,0.770960,0.784475,0.775298,0.763894,0.771899,1.000000,0.754550,0.794036,0.790186,0.788629,0.764998,0.794934,0.763997,0.781017,0.752524,0.749830,0.746453,0.764215,0.764526,0.790379,0.815549,0.804965,0.803544,0.810206,0.735545,0.812678,0.793173,0.823269,0.786338,0.755422,0.741415,0.741783,0.781947,0.773838,0.800944,0.756349,0.839417,0.793004,0.822887,0.803230,0.768881,0.792938,0.750502,0.763564,0.793866,0.780115,0.790620,0.792035,0.769113,0.748385,0.801850,0.807833,0.753543,0.807913,0.796981,0.796594,0.789377,0.788242,0.770451,0.733287,0.801388,0.767551,0.775551,0.756783,0.779391,0.770557,0.817281,0.797351,0.803852,0.767640,0.815321,0.773467,0.800989,0.815299,0.826419,0.791413,0.732428,0.809042,0.780352,0.739698,0.741318,0.758631,0.798897,0.789308,0.706808,0.755049,0.751004,0.776008,0.748701,0.772642,0.810214,0.780477,0.805367,0.800545,0.770645,0.771174,0.764064,0.812370,0.746745,0.815511,0.738682,0.720659,0.790011,0.757595,0.695976,0.773376,0.741439,0.784384,0.769639,0.780992,0.741523,0.778827,0.739583,0.814572,0.751376,0.759037,0.780876,0.744499,0.813720,0.806820,0.778667,0.766625,0.731731,0.715889,0.795436,0.770084,0.783190,0.769030,0.762313,0.765302,0.774283,0.768530,0.754746,0.766044,0.775307,0.792372,0.755994,0.751069,0.789310,0.783730,0.828172,0.785270,0.793390,0.792512,0.779097,0.741175,0.825951,0.760914,0.788997,0.782718,0.766693,0.803469,0.799909,0.754615,0.797674,0.746831,0.791575,0.763939,0.800367,0.730151,0.743245,0.793710,0.700651,0.801339,0.781407,0.825140,0.769699,0.786584,0.747712,0.781749,0.778128,0.808288,0.764408,0.776335,0.771641,0.760668,0.736847,0.725184,0.733950,0.773653,0.759395,0.788535,0.776543,0.765856,0.774157,0.751270,0.772044,0.800173,0.780339,0.816139,#
16,0.811035,0.794244,0.756835,0.760208,0.774583,0.785641,0.788931,0.772781,0.756657,0.790006,0.781239,0.789673,0.771998,0.731878,0.759407,0.754550,1.000000,0.793441,0.808897,0.781576,0.855308,0.773029,0.731331,0.790153,0.748716,0.778033,0.774617,0.731982,0.739183,0.760436,0.794764,0.811860,0.802088,0.761196,0.743736,0.791389,0.814215,0.784257,0.763462,0.788314,0.770483,0.761340,0.744835,0.753073,0.762235,0.773205,0.795183,0.761482,0.782964,0.809846,0.738637,0.763030,0.798793,0.795806,0.811290,0.824088,0.689871,0.796077,0.779617,0.732434,0.803527,0.772889,0.757411,0.745945,0.765294,0.757936,0.829876,0.776634,0.806504,0.798061,0.790962,0.762106,0.800504,0.754893,0.753113,0.736937,0.776576,0.784822,0.766202,0.796755,0.828414,0.800226,0.810696,0.803893,0.787916,0.771261,0.780879,0.726926,0.776668,0.787981,0.715798,0.758643,0.786669,0.775664,0.765828,0.799305,0.770043,0.760371,0.798529,0.766705,0.804034,0.775017,0.750466,0.787892,0.747850,0.802711,0.797158,0.776567,0.813481,0.772095,0.790313,0.789069,0.793262,0.746211,0.756956,0.838946,0.792385,0.794964,0.724788,0.661382,0.737399,0.784905,0.741560,0.813286,0.776602,0.772448,0.747784,0.725270,0.781620,0.754662,0.804779,0.776819,0.758548,0.721789,0.807277,0.816681,0.762546,0.766995,0.746736,0.763175,0.777677,0.782403,0.797101,0.803678,0.742141,0.754183,0.803311,0.756901,0.774805,0.764514,0.752388,0.793225,0.718860,0.761518,0.833464,0.759705,0.795639,0.757657,0.765039,0.761986,0.754549,0.774996,0.810888,0.762406,0.813674,0.794662,0.790741,0.753815,0.771093,0.751828,0.771126,0.787901,0.756750,0.759164,0.777953,0.781576,0.729801,0.832696,0.751862,0.777595,0.762392,0.754367,0.787943,0.749132,0.741694,0.776585,0.797260,0.766596,0.780073,0.763234,0.784407,0.764869,0.792714,0.762283,0.774600,0.770204,0.756633,0.817824,0.768613,0.768873,#
17,0.851061,0.801755,0.799737,0.775341,0.812701,0.808370,0.817285,0.814117,0.832593,0.803907,0.763969,0.833089,0.808925,0.846828,0.761728,0.794036,0.793441,1.000000,0.828627,0.853339,0.808955,0.792816,0.817346,0.811169,0.818872,0.818830,0.808615,0.799528,0.778121,0.836847,0.792828,0.821601,0.784041,0.771110,0.765236,0.833479,0.800496,0.828952,0.789549,0.846940,0.809041,0.794596,0.817832,0.779011,0.788187,0.767663,0.827798,0.849439,0.832244,0.836134,0.800616,0.768211,0.825959,0.784352,0.834290,0.826701,0.783629,0.802379,0.806126,0.767079,0.799718,0.798751,0.784296,0.810499,0.819797,0.850258,0.860117,0.818790,0.784868,0.787479,0.808280,0.790897,0.804499,0.812968,0.797865,0.739356,0.833624,0.827830,0.830839,0.826500,0.824981,0.807146,0.861030,0.836419,0.821579,0.813126,0.778620,0.825648,0.786120,0.796402,0.783483,0.770575,0.824679,0.805765,0.765385,0.827986,0.802167,0.776347,0.781686,0.832110,0.829526,0.781440,0.796364,0.808242,0.758245,0.785866,0.784805,0.814381,0.763547,0.815116,0.819044,0.782585,0.810379,0.792034,0.781412,0.795939,0.737209,0.792572,0.783658,0.771517,0.802295,0.826060,0.797610,0.821670,0.787447,0.793072,0.802264,0.773816,0.809926,0.782978,0.818153,0.842724,0.811172,0.767891,0.828793,0.823148,0.815963,0.825130,0.805953,0.840213,0.806412,0.824047,0.843924,0.815930,0.813306,0.787918,0.822917,0.755005,0.851380,0.781628,0.826036,0.813281,0.786241,0.812099,0.804444,0.818492,0.870597,0.797029,0.823651,0.805716,0.814897,0.820855,0.845115,0.766450,0.841521,0.800691,0.791036,0.759125,0.808161,0.758171,0.834258,0.807611,0.804565,0.803209,0.868002,0.775235,0.786379,0.842692,0.778427,0.836096,0.795483,0.849881,0.803168,0.824256,0.820683,0.791021,0.812127,0.834398,0.769730,0.784805,0.825797,0.828959,0.809311,0.822724,0.816635,0.826310,0.752835,0.856112,0.789138,0.759177,#
18,0.827087,0.819081,0.761492,0.804176,0.771209,0.793649,0.784990,0.808010,0.764784,0.791568,0.795960,0.835814,0.822188,0.805428,0.737424,0.790186,0.808897,0.828627,1.000000,0.802247,0.793833,0.796054,0.816038,0.761638,0.756768,0.819779,0.793696,0.799913,0.774434,0.827838,0.746321,0.835221,0.803360,0.806166,0.784694,0.844334,0.799910,0.804130,0.791714,0.812057,0.803628,0.765435,0.783457,0.769557,0.799147,0.763799,0.823492,0.807719,0.813459,0.805040,0.779425,0.774799,0.820557,0.747856,0.810192,0.818841,0.761685,0.812353,0.794276,0.822817,0.804344,0.770216,0.783659,0.771664,0.818230,0.775171,0.808141,0.789105,0.755358,0.784366,0.804304,0.751239,0.813596,0.774308,0.822500,0.748561,0.819046,0.780734,0.811103,0.775868,0.804272,0.779223,0.820403,0.832721,0.832360,0.820038,0.778331,0.781984,0.812565,0.762082,0.771336,0.769283,0.823268,0.819317,0.790560,0.782418,0.781261,0.806673,0.798465,0.814323,0.802223,0.757102,0.788606,0.813401,0.788060,0.796126,0.773025,0.807339,0.816932,0.803827,0.829279,0.766210,0.806013,0.776820,0.731037,0.791831,0.768903,0.777921,0.782131,0.758969,0.795309,0.837863,0.741712,0.824525,0.792642,0.773857,0.845066,0.737989,0.818678,0.757172,0.801165,0.794693,0.785262,0.746551,0.812631,0.799430,0.839130,0.798048,0.757469,0.799776,0.797543,0.837538,0.784463,0.845317,0.786497,0.782913,0.796857,0.728221,0.841948,0.783278,0.799824,0.810850,0.815972,0.779986,0.804959,0.805527,0.827280,0.831183,0.782399,0.777033,0.815691,0.809157,0.851735,0.778105,0.815607,0.770814,0.871941,0.770393,0.769555,0.765704,0.796129,0.825440,0.790425,0.795377,0.770760,0.786801,0.792748,0.846605,0.780430,0.831688,0.793379,0.813086,0.794416,0.787991,0.769610,0.817190,0.784804,0.796977,0.777229,0.797024,0.798041,0.802119,0.738807,0.815023,0.812132,0.792444,0.739854,0.856584,0.776947,0.773048,#
19,0.809918,0.837306,0.801189,0.778348,0.833822,0.828409,0.771984,0.808962,0.829725,0.772600,0.778738,0.801388,0.802567,0.787399,0.792172,0.788629,0.781576,0.853339,0.802247,1.000000,0.824628,0.785136,0.779942,0.802310,0.771668,0.763691,0.791945,0.757124,0.786096,0.805263,0.822946,0.842818,0.800929,0.758182,0.753506,0.853027,0.755680,0.791324,0.779463,0.790836,0.803524,0.771490,0.793777,0.794122,0.765570,0.782940,0.863771,0.800064,0.813300,0.774347,0.777651,0.780309,0.809075,0.776304,0.813031,0.783932,0.805839,0.800016,0.785570,0.747679,0.796253,0.754062,0.821327,0.793943,0.804374,0.822315,0.836367,0.784668,0.798704,0.784275,0.797828,0.781307,0.821832,0.782401,0.767394,0.738643,0.768710,0.779532,0.787116,0.772165,0.829293,0.772288,0.845040,0.791645,0.797670,0.774858,0.789969,0.794159,0.831170,0.772733,0.760397,0.774655,0.793808,0.823072,0.757487,0.772285,0.803913,0.777973,0.780491,0.806077,0.816614,0.776984,0.780303,0.791415,0.772027,0.750183,0.812699,0.789639,0.779206,0.777458,0.793671,0.761836,0.790677,0.781487,0.772369,0.798432,0.780644,0.802727,0.760301,0.714744,0.815735,0.812300,0.744444,0.860664,0.801996,0.787426,0.788739,0.776666,0.850437,0.851558,0.807575,0.838946,0.797599,0.774583,0.813517,0.817187,0.788146,0.801371,0.784736,0.788163,0.809530,0.808287,0.786274,0.805019,0.765609,0.760416,0.779889,0.707014,0.821699,0.794722,0.782689,0.818393,0.773489,0.796755,0.827153,0.771251,0.839971,0.799842,0.791889,0.781413,0.776987,0.817366,0.812475,0.763425,0.815569,0.771438,0.765284,0.808536,0.766933,0.766388,0.799597,0.819795,0.763715,0.774005,0.840705,0.764042,0.793499,0.835612,0.767133,0.763089,0.763128,0.827614,0.811895,0.808768,0.788481,0.777841,0.781802,0.804684,0.791650,0.796118,0.782561,0.791948,0.771012,0.815574,0.817247,0.785718,0.749712,0.798414,0.760069,0.766842,#
20,0.832657,0.845240,0.763968,0.760803,0.783383,0.809765,0.812031,0.806371,0.810093,0.829363,0.783453,0.780181,0.808573,0.781166,0.775590,0.764998,0.855308,0.808955,0.793833,0.824628,1.000000,0.788979,0.757413,0.825560,0.766972,0.790561,0.793396,0.791208,0.756686,0.798430,0.805388,0.819435,0.790334,0.814265,0.787878,0.807077,0.809937,0.788168,0.800611,0.819290,0.808109,0.828800,0.758631,0.819309,0.793034,0.765683,0.840447,0.785092,0.806357,0.799042,0.789021,0.810346,0.789581,0.801239,0.813628,0.816740,0.748104,0.820373,0.799733,0.772999,0.821556,0.785365,0.820311,0.765282,0.811573,0.828022,0.847375,0.798702,0.827824,0.777424,0.803868,0.797501,0.797853,0.792544,0.767446,0.733323,0.782022,0.811508,0.821065,0.826961,0.823285,0.823047,0.821532,0.853242,0.776361,0.783919,0.809626,0.784658,0.818357,0.833843,0.777409,0.795401,0.805446,0.824891,0.797190,0.779486,0.751408,0.751418,0.791154,0.804635,0.848145,0.803355,0.781935,0.832916,0.797210,0.766504,0.812417,0.819874,0.807516,0.816901,0.797050,0.806137,0.784850,0.728813,0.793496,0.820798,0.785955,0.825440,0.734140,0.718369,0.814831,0.819408,0.759029,0.849897,0.776358,0.804968,0.760678,0.753882,0.786938,0.795496,0.804033,0.804358,0.801758,0.793811,0.830060,0.784434,0.773292,0.831590,0.800655,0.814208,0.802640,0.777099,0.784311,0.834747,0.818094,0.765224,0.814353,0.754452,0.789808,0.836224,0.806983,0.819824,0.781657,0.780541,0.819988,0.789612,0.808970,0.812888,0.804970,0.800059,0.793894,0.815895,0.788997,0.793066,0.857488,0.748247,0.769352,0.772840,0.777714,0.761626,0.793901,0.809076,0.811150,0.781265,0.802665,0.775038,0.771888,0.845498,0.774984,0.809769,0.783667,0.795103,0.797509,0.764648,0.759988,0.816399,0.798492,0.808727,0.795818,0.763284,0.756943,0.775213,0.800101,0.816526,0.803083,0.764645,0.779851,0.820500,0.787700,0.787203,#
21,0.782632,0.862764,0.774616,0.804625,0.763206,0.799588,0.757422,0.763792,0.794834,0.770855,0.754746,0.748244,0.731589,0.762859,0.758238,0.794934,0.773029,0.792816,0.796054,0.785136,0.788979,1.000000,0.793458,0.805628,0.703218,0.744304,0.804767,0.737243,0.762874,0.757811,0.781332,0.768914,0.798310,0.797350,0.788767,0.819177,0.764547,0.784256,0.790896,0.747995,0.765731,0.812199,0.754775,0.748764,0.790869,0.769374,0.791305,0.787875,0.809236,0.787162,0.750530,0.791412,0.776447,0.743173,0.819223,0.781058,0.767397,0.773605,0.829656,0.747589,0.788302,0.783815,0.721655,0.751553,0.820580,0.775475,0.808813,0.787312,0.762089,0.769672,0.753684,0.796679,0.804742,0.785053,0.825669,0.773530,0.774766,0.780104,0.798779,0.799045,0.780309,0.738597,0.820143,0.811763,0.825264,0.765808,0.735964,0.796637,0.818874,0.780302,0.696344,0.733136,0.804730,0.774394,0.762478,0.768647,0.778440,0.722390,0.765418,0.806582,0.789307,0.769606,0.738603,0.793045,0.721755,0.810515,0.758023,0.779922,0.756045,0.802970,0.807461,0.741776,0.775418,0.773951,0.691467,0.743088,0.775116,0.811472,0.754811,0.735159,0.774231,0.779231,0.743998,0.780635,0.768788,0.722373,0.784529,0.769732,0.778168,0.795624,0.781685,0.811235,0.757522,0.749403,0.842255,0.754473,0.736209,0.731401,0.755191,0.777916,0.811262,0.784658,0.737083,0.767455,0.763874,0.758543,0.769267,0.710399,0.760389,0.783842,0.794248,0.816974,0.764541,0.759958,0.757946,0.776437,0.828479,0.762274,0.737400,0.781426,0.786746,0.796803,0.789706,0.794983,0.819474,0.757030,0.782545,0.763318,0.727606,0.751094,0.780871,0.772756,0.741275,0.762454,0.767860,0.760742,0.705502,0.797003,0.764236,0.764885,0.752472,0.819139,0.770199,0.763878,0.763020,0.801921,0.768052,0.706527,0.725142,0.779306,0.778401,0.764339,0.753902,0.779515,0.778748,0.760109,0.773126,0.796314,0.703193,0.787975,#
