0,1.000000,0.061230,-0.009068,-0.002498,0.090389,0.119454,0.141646,-0.073720,0.023242,0.055942,0.108208,-0.057679,0.012168,0.007196,0.162057,0.283608,0.227214,0.192537,0.131507,0.197692,0.016758,-0.050541,0.250553,0.311964,0.016441,-0.017600,0.061534,-0.133203,-0.020599,0.095053,0.025078,0.233495,0.097438,0.205579,0.312335,0.064140,-0.043100,0.056071,0.183525,0.119637,0.100871,0.027475,0.212617,-0.165934,0.157158,-0.013249,-0.001275,0.184360,0.132927,0.256173,0.004242,0.150564,0.014630,0.107024,0.255232,0.103573,0.182629,0.134373,0.094883,0.065890,0.124865,0.249920,0.233051,0.060906,0.016938,0.000019,0.120085,0.120990,0.034266,0.086424,0.086263,0.055366,-0.020153,0.214749,0.089856,-0.066426,0.273777,0.116321,0.070037,0.071529,-0.045256,-0.024398,0.035723,0.118101,0.208754,0.147452,0.242505,0.180810,0.207841,0.188374,0.028110,-0.040907,0.148814,-0.043563,-0.072997,0.121710,0.079877,-0.046403,0.062124,0.198861,0.119665,0.095001,0.022363,0.139169,0.077854,0.204586,0.150289,0.123437,0.201843,-0.093913,-0.057540,0.119211,-0.061736,0.107602,0.181755,0.141474,0.054628,-0.085130,0.178247,0.173730,0.052618,0.020312,0.201913,0.091640,0.197326,0.139775,0.136912,-0.101339,0.014456,0.239629,0.040268,0.061568,-0.086986,-0.021273,0.082956,0.143400,0.041302,-0.013674,-0.134051,0.083887,0.199861,0.017553,-0.023193,0.179364,0.000962,-0.070840,0.111124,-0.007040,0.112608,-0.011112,-0.069983,0.114999,0.066316,-0.044425,0.001199,0.166900,0.172556,0.159631,0.115501,0.063778,0.189495,0.191677,0.062893,-0.022243,0.052195,0.282384,-0.016828,0.184587,0.251700,0.064417,-0.089019,-0.053262,0.152436,0.130166,-0.001391,0.182846,0.243635,0.135869,0.131798,-0.000033,0.206856,0.100814,0.158227,0.046877,0.076779,-0.120172,0.055727,0.323316,0.151533,-0.089675,-0.099882,0.146720,-0.037999,0.159304,0.120139,0.144270,0.010066,0.197280,0.040261,0.131481,#
1,0.061230,1.000000,0.034002,0.032048,-0.020805,-0.018919,0.139861,0.099050,0.198150,0.069540,0.132552,0.181456,0.090642,-0.122317,-0.000775,-0.011910,0.089649,0.013608,-0.061825,0.045281,-0.021808,0.159555,0.062257,-0.129954,0.075360,-0.046341,-0.086838,0.096804,-0.188878,0.006022,0.094954,0.028050,-0.092432,0.073064,-0.117956,0.020118,0.084058,-0.010714,0.152289,0.027038,0.001928,-0.076177,0.120606,0.007077,0.054462,-0.063137,0.287736,-0.001748,0.067637,-0.036222,0.036580,-0.003648,0.141749,0.070249,0.067496,0.030551,0.057444,-0.089623,-0.117051,-0.018518,0.031443,0.090190,0.127343,-0.071676,-0.065194,0.158390,0.088363,0.156143,0.107295,0.104046,0.105041,0.185214,0.215792,-0.081098,0.116954,0.039342,0.071750,0.013398,0.234499,-0.029368,0.017618,0.084075,-0.119908,0.084017,0.153662,-0.035829,0.154044,0.186047,0.087524,-0.016782,0.006098,0.067304,-0.145857,0.005110,0.018030,0.086973,-0.001978,0.018327,-0.018050,0.005578,0.101969,0.003038,-0.008718,-0.051711,-0.010455,0.114890,0.055531,0.141727,0.174914,0.043546,-0.023002,0.035254,-0.055028,-0.005754,0.074227,0.260924,0.156363,-0.081692,0.040073,-0.060507,-0.145529,0.061571,0.097193,0.043984,0.085331,0.004922,0.069958,0.056834,0.127238,0.134726,-0.106370,0.151869,0.003981,0.000191,0.048187,0.062332,0.189853,0.126171,0.079886,0.152594,0.184605,0.031348,0.073166,0.206452,0.234628,-0.061525,-0.066167,0.008117,0.056275,-0.046567,0.095527,0.054966,-0.111289,-0.145630,0.180145,0.077485,-0.031665,0.087855,-0.255928,-0.120647,-0.055505,0.129220,0.071647,0.206500,0.119420,0.001595,-0.007350,-0.063231,-0.040884,0.133025,0.000980,0.098276,0.048627,-0.014223,0.006245,0.125092,0.067214,0.028633,0.037531,-0.044636,0.113878,-0.076576,0.052899,-0.039973,0.047843,0.011320,0.002442,-0.137251,0.196316,0.136686,0.131890,0.107033,-0.110094,0.034470,0.065674,-0.056935,-0.033063,0.226508,-0.129948,0.250800,#
2,-0.009068,0.034002,1.000000,-0.032671,0.186265,0.052533,0.153843,0.074227,0.066481,0.079241,0.200737,0.142115,-0.054030,0.226449,-0.102357,0.082951,-0.118064,0.016606,0.075321,0.033845,0.166039,0.112284,-0.069394,0.016546,-0.002051,0.185295,0.100517,-0.011270,-0.091051,-0.017360,-0.005613,0.015555,0.095659,-0.003109,0.050465,-0.014649,0.116624,-0.017472,0.127440,-0.136894,0.011044,-0.034591,0.088253,-0.065662,0.092269,0.022475,0.061828,-0.062658,-0.018325,0.055812,0.004603,0.199081,0.056202,0.026574,0.076591,0.045489,0.106603,-0.048778,0.151727,0.181526,0.310248,0.065019,-0.004487,0.083733,0.107927,0.088091,0.010761,0.072743,0.113820,-0.013717,0.076682,0.198560,-0.137078,0.130442,0.248389,0.037858,0.030602,0.000480,0.052798,0.054112,0.058504,-0.056249,0.121719,-0.142054,0.158088,0.004558,0.023770,0.123437,-0.019847,0.005671,0.008185,0.091295,0.099995,0.167253,0.043437,0.097347,0.052270,0.011324,0.102983,0.073861,0.144726,0.107074,-0.065922,0.139082,-0.115141,0.182935,0.124672,0.200878,0.105358,0.011000,0.183053,0.118159,0.177015,0.046891,0.019241,0.123170,0.012244,-0.008050,-0.124839,0.115006,-0.094460,-0.122934,-0.034908,0.109218,0.039540,-0.056913,0.125545,0.039585,0.135291,0.069298,-0.084752,0.084953,0.024481,0.143745,0.122376,-0.075182,0.112946,0.115777,0.143117,-0.025897,0.074719,0.120016,-0.066452,-0.022694,0.176378,-0.086432,-0.133910,-0.120062,0.047708,-0.033135,0.065297,0.079193,0.246447,0.122655,-0.084529,0.041344,0.016907,-0.099040,0.050720,0.036155,-0.096669,0.094163,0.155288,0.164005,-0.024527,0.212395,-0.023808,-0.066087,0.018213,0.111370,-0.095081,0.202067,0.166038,0.010088,0.101550,0.011988,0.064970,0.042039,-0.083825,-0.037096,0.079566,0.148616,-0.139627,0.116244,0.001345,0.082469,0.097968,0.006658,0.063006,-0.058764,0.038534,0.047781,0.174976,0.198776,0.075180,-0.051956,-0.100280,-0.000459,0.079767,0.125347,#
3,-0.002498,0.032048,-0.032671,1.000000,0.068080,-0.031734,0.034706,0.029685,0.267402,0.161559,0.175552,0.064494,-0.004477,-0.064758,0.126103,0.013412,0.042102,0.140916,0.186963,0.129235,0.112254,0.117654,0.211078,0.167303,0.070812,0.105215,0.176097,0.041591,0.094878,0.148559,0.121828,0.091331,0.303195,0.186441,-0.020759,0.087088,0.011942,0.230098,0.231774,0.089455,-0.019984,0.179898,0.197974,0.106339,0.012864,0.101800,-0.102427,0.132824,-0.124339,-0.041146,0.022448,0.094968,0.104256,-0.097742,0.059445,0.152038,0.148976,-0.004967,0.047103,0.155585,0.183450,0.035443,0.065060,0.026265,0.283270,-0.019755,-0.036628,-0.166616,-0.116924,0.177574,0.034853,0.160595,0.186096,-0.072345,0.083877,0.079908,0.050897,0.090349,-0.035287,-0.073811,0.129507,0.077816,0.195079,-0.036150,0.142783,0.054490,0.049960,0.050434,0.066820,0.039509,0.190191,0.104310,-0.027951,-0.010228,0.008588,0.082369,0.001022,-0.085261,0.120285,-0.060868,0.051854,0.054150,0.032195,-0.077177,0.296349,-0.004301,0.213548,0.179882,0.036991,0.085362,0.038084,-0.077013,0.033626,0.020560,0.029084,0.134356,0.006946,0.133388,0.019094,0.084527,-0.032844,0.033535,0.090290,0.015938,-0.016211,0.105646,0.169067,0.248197,-0.051404,-0.000741,0.153491,0.155126,0.063124,0.121042,0.010553,0.152410,-0.011336,0.014145,0.030385,-0.031074,0.010733,0.276084,0.142735,-0.015291,0.062860,0.040003,0.206221,0.304943,0.037860,0.188456,0.005887,-0.022612,0.050665,0.058972,0.178292,-0.054602,-0.081942,0.041818,0.226063,0.061028,0.036096,0.005466,0.069553,0.205694,0.031661,0.055884,0.055310,0.031676,-0.026748,0.068590,0.041950,-0.103473,0.010856,-0.023208,-0.003450,0.120735,0.126307,0.013812,-0.065452,0.141207,0.013501,0.261594,0.075799,-0.181219,-0.104907,-0.026171,0.043293,0.038535,0.145914,0.188789,0.195911,0.109615,0.071811,0.012844,0.144925,0.108451,0.136953,0.016083,-0.043415,0.028034,#
4,0.090389,-0.020805,0.186265,0.068080,1.000000,0.188133,-0.030396,0.113956,0.183885,0.215064,0.001843,0.103660,0.077865,0.028245,0.132035,0.134788,-0.002002,0.084903,0.096923,0.297937,0.317148,0.083498,0.195253,0.193505,-0.097992,0.115341,0.078480,-0.103274,0.150605,0.055149,0.119629,0.090602,0.185619,0.140677,0.052758,0.134064,0.310185,0.072598,0.196337,0.096860,0.040092,0.183046,0.100710,0.046556,0.191022,0.145319,0.230911,0.163443,0.021545,0.018693,-0.015491,0.123115,0.109064,0.149102,0.317232,0.192840,0.126301,0.083070,0.174241,0.159705,0.120392,0.207831,0.130447,0.019015,0.090783,0.019103,-0.007290,0.138695,-0.021057,0.094778,0.215508,0.204242,0.156942,0.125200,0.123767,0.019140,0.082832,0.193382,0.116497,0.229044,0.108434,0.155345,0.032131,-0.026494,0.302591,0.135748,0.121163,0.097045,0.065635,0.016137,0.267290,-0.066234,0.164575,0.019610,0.181935,0.168316,0.029900,0.076235,-0.041825,0.074427,0.042844,0.121050,0.148847,0.098037,0.038389,0.219763,0.067160,0.146974,0.220180,0.252099,0.085409,0.206764,0.220980,0.194107,0.091638,0.059748,0.185266,0.107327,-0.013681,0.163953,-0.110980,0.079808,0.083470,0.000266,0.142376,-0.038522,0.230493,0.155482,0.271057,0.178806,0.169864,0.011445,0.133835,0.248357,0.171825,0.095168,0.002522,0.008351,0.133500,-0.014249,0.110519,0.081373,0.148246,0.008516,0.206776,0.156751,0.151046,0.181688,0.027285,0.134571,0.036557,0.229432,0.185485,0.273853,0.280175,0.024544,0.264368,0.062793,-0.073737,0.130055,0.150107,0.050897,0.082724,-0.067945,-0.165908,0.095666,-0.053361,0.093139,0.016553,0.157046,-0.070383,0.091672,0.357961,0.227521,0.181485,0.233642,0.178242,0.180680,0.063918,0.191124,0.040573,0.017923,0.123793,0.025617,0.207807,0.174520,-0.161887,0.148463,0.151465,0.296230,-0.073000,0.123391,-0.028766,0.134173,0.122790,0.161901,0.171833,-0.021560,0.204112,0.337646,#
5,0.119454,-0.018919,0.052533,-0.031734,0.188133,1.000000,-0.034578,0.167272,0.088775,0.142891,0.184929,0.088937,0.084678,-0.070995,0.063577,0.162914,-0.001288,0.138734,-0.151118,0.271711,-0.000905,-0.039495,0.205789,0.108995,0.135948,0.018267,0.192371,0.057289,0.117127,0.093032,0.259276,0.136233,0.190500,0.199115,-0.008540,0.156934,0.105557,-0.000249,0.109747,0.052476,0.191605,0.059612,0.047143,0.118264,0.130147,0.131407,0.190922,0.114159,0.206187,-0.074184,0.113858,0.144321,0.027821,-0.022863,0.088439,0.185027,0.176516,-0.044038,0.366556,0.134455,0.046582,0.198113,0.169584,0.144276,0.239335,0.065290,-0.047411,0.144675,0.117063,-0.212607,0.142336,0.113488,0.220687,0.151952,0.058762,0.142137,0.181201,0.196349,0.111720,0.063482,0.217991,0.005726,0.170861,0.037123,0.001033,0.077303,0.154760,0.206131,0.136963,-0.132919,-0.009159,0.113152,0.259005,0.294054,-0.022674,0.132627,-0.053590,0.163770,0.179807,0.166613,0.029360,0.184010,-0.055265,0.140615,0.027350,0.275387,0.212750,0.192998,0.130643,0.095873,-0.035275,0.208621,-0.030861,0.026955,0.110388,0.069291,0.095811,0.064915,-0.055972,0.135540,-0.131216,0.128590,0.055864,0.041421,-0.088607,-0.021745,0.197047,-0.038767,0.108958,0.090906,0.235303,0.116236,0.198660,0.234889,0.118062,0.179258,0.091385,0.094357,0.015538,-0.173187,0.087574,0.058037,0.149040,0.135173,0.214745,-0.011306,0.046149,0.099913,0.101271,-0.006268,0.206911,0.078031,0.196142,0.105359,-0.046443,0.133227,0.192226,0.097718,0.082682,0.070528,0.181837,0.011084,0.163650,0.109766,0.068337,0.123587,-0.137518,0.254883,0.168252,0.155591,0.305140,0.074413,0.167949,0.078864,0.029066,0.083266,0.185453,0.086397,0.103866,0.205705,0.251720,0.043943,0.248941,0.090370,0.094927,0.078274,0.109891,0.134806,0.054697,0.029295,0.011069,0.174799,0.016999,0.042298,0.106927,0.086919,0.021826,0.113323,0.132166,0.274806,#
6,0.141646,0.139861,0.153843,0.034706,-0.030396,-0.034578,1.000000,-0.045513,0.127744,-0.016882,0.031753,0.036774,0.107415,0.154007,-0.052638,0.032683,0.055574,0.050928,0.016160,-0.093492,0.190178,0.194093,-0.053058,0.017333,0.027357,-0.000295,0.010172,-0.023012,-0.003229,0.095258,0.079796,0.017399,0.025963,0.079996,0.038254,0.026344,-0.137940,0.043991,0.034766,0.105300,-0.104477,-0.021308,0.122965,-0.047172,0.241494,0.022983,0.012662,-0.168470,0.159180,0.050046,-0.021134,0.115417,0.078472,0.020338,0.073476,0.090906,0.023453,0.019102,0.129322,0.113700,0.233778,-0.088912,0.108119,-0.035851,0.188794,0.165117,0.074186,0.009804,-0.010428,0.039636,0.061669,0.155541,-0.109100,0.253898,0.192221,0.084452,0.098576,0.001999,0.077074,-0.020667,-0.000437,-0.081470,0.102825,-0.105577,-0.085636,0.126412,0.070819,0.020795,-0.025326,-0.028798,-0.031853,-0.123229,-0.074539,-0.110840,-0.043921,-0.029288,0.240838,0.038337,0.012909,0.180177,0.035438,0.179413,0.179303,0.059549,-0.183093,0.068305,0.135374,-0.050656,0.096697,-0.002984,0.022800,0.063771,-0.132246,-0.195822,0.135582,0.027310,0.269638,0.005013,0.066581,0.009924,0.104667,0.018466,-0.053913,0.080426,0.106916,0.156392,-0.034004,0.001012,-0.060837,0.057908,-0.040155,0.112989,0.117194,0.023032,0.019659,0.079024,-0.020186,-0.079512,0.113969,0.053013,0.091339,0.149235,-0.106374,-0.067922,-0.024588,0.000615,0.021171,0.022362,0.043356,-0.091515,0.201984,-0.086611,0.043432,-0.192348,0.079956,-0.014523,-0.038274,0.237294,0.075121,-0.026295,-0.089364,0.138371,0.066872,0.223762,0.046989,0.185267,-0.001791,-0.010197,-0.003779,-0.004617,0.031992,-0.062445,-0.089866,-0.028616,0.168974,0.037040,-0.038698,0.009875,0.085395,-0.068801,0.092164,-0.075531,0.189576,0.016857,0.039090,0.014101,-0.093622,0.092714,-0.062397,0.072345,-0.086259,0.182730,-0.116767,0.147580,-0.005869,-0.120239,0.071204,0.078669,0.108072,0.078901,#
7,-0.073720,0.099050,0.074227,0.029685,0.113956,0.167272,-0.045513,1.000000,0.329660,0.060387,0.101866,0.130023,0.039818,0.020405,0.222571,-0.003264,0.149697,0.132216,0.029507,0.013407,-0.053903,0.106908,0.147995,0.170918,0.234519,0.125267,0.009145,0.134917,0.006744,0.047677,-0.052216,0.010280,0.098076,0.061176,-0.130400,0.047278,0.047249,-0.039703,0.252841,0.012310,-0.027441,-0.117496,0.062291,0.182924,0.157842,0.071085,0.137520,0.032452,-0.087539,-0.008505,0.175686,0.011936,-0.030419,0.164846,0.085321,0.003627,0.022534,0.123956,0.068118,0.079007,-0.002458,0.137384,0.063474,-0.088473,0.049804,0.126962,0.097451,0.094851,0.059951,0.310936,0.095358,-0.015174,0.330982,0.000360,0.064963,0.053011,-0.048353,0.020066,0.088939,0.201290,0.111913,0.058952,0.064611,0.036115,0.164296,0.085112,0.144168,0.109286,0.022439,0.094358,-0.018392,0.002576,0.069221,0.086406,0.076435,-0.191758,-0.008419,0.111793,0.026275,0.179473,0.078815,0.041824,-0.122583,0.043398,-0.043612,0.156412,0.041327,0.051682,-0.020804,0.014564,0.165292,0.039823,0.095985,0.044682,0.304642,0.075712,0.036875,-0.186182,-0.055663,0.184072,0.009028,0.098296,0.011220,0.176877,0.148899,-0.047610,0.159701,0.074645,0.062383,-0.044025,0.076905,-0.007597,0.222231,0.006943,0.201819,0.176774,-0.175192,0.118468,-0.027555,0.056396,0.124855,0.068949,0.090069,-0.045430,0.128239,0.088530,0.108843,0.022316,0.062231,0.074390,0.041363,0.122597,0.089622,0.087758,-0.024236,0.202048,0.077213,0.127737,-0.015304,0.105676,0.086228,-0.101260,0.223697,0.004033,-0.156037,0.206404,0.101399,-0.078973,-0.112066,0.035775,0.111343,0.137934,0.193400,0.105175,0.179658,0.053444,0.058095,0.031364,-0.132959,0.189208,0.260658,0.075957,0.051056,0.023080,-0.089923,0.183040,-0.046669,-0.191755,0.035097,0.222733,0.154820,-0.003923,-0.012946,-0.037518,0.050696,-0.021769,-0.003352,0.099152,-0.026568,0.148151,#
8,0.023242,0.198150,0.066481,0.267402,0.183885,0.088775,0.127744,0.329660,1.000000,0.228786,0.093436,0.194192,0.105075,-0.029991,0.218178,0.233347,-0.024764,0.119069,0.071047,0.047427,-0.019593,0.185800,0.260720,0.191689,-0.050514,0.188090,0.008617,0.180930,-0.078531,0.194082,-0.037742,0.062734,0.062444,0.095510,-0.024110,0.121231,0.140840,0.017760,0.089767,0.116001,0.064849,0.205225,0.203302,0.083944,0.170535,-0.001924,-0.022876,0.041492,0.122635,0.070023,0.140412,0.260373,0.034358,0.159143,0.080265,0.247181,0.101443,0.250864,0.057348,0.285204,0.225786,0.056147,0.244787,-0.060617,0.167754,0.277835,0.120293,0.087267,0.202831,0.190173,0.140871,0.051333,0.129149,0.173033,0.150383,0.150173,0.053222,0.109551,0.123868,0.185684,0.147138,0.110224,0.014941,0.024160,0.128995,0.184507,0.032904,0.007203,-0.061078,0.128785,0.091906,0.131856,0.099108,0.090008,0.262991,0.129887,0.150996,0.043687,0.103603,0.051692,0.117418,0.063461,0.087815,0.171029,0.108260,0.107323,0.203311,0.171103,0.067703,0.163909,0.088344,0.099634,0.008155,0.009087,0.322124,0.277156,0.130272,-0.096638,0.027598,0.252312,0.101790,0.043914,0.198441,0.059095,0.078503,0.195488,0.224867,0.221439,0.029100,0.206381,0.041391,-0.028792,0.225668,0.231325,0.265577,0.203703,-0.097622,0.070073,-0.038773,0.016140,0.033646,0.139651,0.235970,0.092653,0.058991,0.040591,0.263995,0.128848,0.166584,0.013358,0.146573,0.062047,0.067148,0.199526,0.246371,0.227531,0.153166,0.277109,0.031263,0.172239,0.002719,0.033422,0.163498,0.157359,0.111353,0.149141,0.082013,-0.094308,0.068918,0.240206,0.165042,0.173866,0.161823,0.055225,0.273401,0.064509,0.024816,0.094196,0.096713,0.180012,0.220469,0.089031,-0.024752,0.060516,0.091909,0.154737,-0.029484,0.023135,0.194501,0.130832,0.080929,0.076592,0.137942,0.046785,0.145215,0.077876,0.075342,0.083263,0.096322,0.062942,#
9,0.055942,0.069540,0.079241,0.161559,0.215064,0.142891,-0.016882,0.060387,0.228786,1.000000,0.177741,-0.014952,0.096371,-0.050447,0.209951,0.190072,0.028058,-0.064575,0.142507,0.204332,0.159312,0.133762,0.207477,0.219398,-0.071351,0.016173,0.148028,0.107567,0.038242,0.118334,0.130684,0.048348,0.025886,0.259051,0.211964,0.113850,0.091845,0.131937,0.143771,-0.048318,0.186146,0.016737,0.203029,-0.012029,0.114237,0.095712,0.101228,0.015221,-0.071451,0.048913,0.026979,0.088184,0.067055,0.075386,-0.055169,0.112768,-0.019653,0.083581,0.227689,0.150492,0.127023,0.088447,0.291985,0.062298,0.065971,0.178187,-0.009340,0.131435,0.041529,-0.026854,0.329169,0.098799,0.150137,0.131403,0.088898,0.056870,-0.133464,0.060772,0.164660,0.192509,0.040879,0.133320,-0.043834,-0.040371,0.250676,0.030682,0.027993,0.206994,-0.105643,-0.198337,0.038810,0.270556,0.111294,0.034796,0.170170,0.034779,0.167365,0.212893,0.243483,-0.191185,-0.045573,0.147234,0.237671,0.090062,0.218577,0.205613,0.139341,-0.133736,0.171915,0.123437,0.195012,0.138828,0.220399,0.292027,-0.017929,0.158794,0.068699,-0.106084,0.045584,0.024731,0.049174,0.129257,0.093451,0.056752,0.035441,0.055229,0.001621,0.083694,0.213619,0.198140,0.093999,-0.008814,0.141628,0.369264,0.162324,0.059616,-0.007618,0.075532,-0.070738,0.011792,-0.108787,0.191310,0.166480,0.105101,-0.034875,0.077745,0.150474,0.099478,0.031578,0.173103,0.003498,-0.071400,0.196261,0.160796,0.224158,0.073365,0.082212,0.168143,0.179032,0.065200,0.077471,-0.032097,0.085699,0.267732,0.157274,0.025388,0.036393,0.032980,0.212204,0.147652,0.189639,0.122317,0.044242,0.104310,0.081307,0.159227,0.082603,0.097918,0.228821,0.056519,0.094767,0.008215,0.112953,0.028072,0.025057,0.167464,-0.022003,-0.032886,0.349921,0.132898,0.055728,0.109086,0.091228,0.059756,0.022181,0.037953,-0.001397,0.106633,-0.008996,0.157396,#
10,0.108208,0.132552,0.200737,0.175552,0.001843,0.184929,0.031753,0.101866,0.093436,0.177741,1.000000,0.037413,-0.142028,-0.070516,0.056600,0.165722,0.048761,0.039507,-0.041583,0.125123,0.011279,-0.094198,-0.000109,0.145727,-0.013785,-0.105146,-0.030964,0.220436,-0.123340,0.181843,0.099007,0.063268,0.135087,0.087254,0.162948,0.095862,-0.047588,0.053305,0.150104,-0.054490,0.200145,-0.008263,-0.010726,-0.094069,0.135345,0.091852,0.119830,0.127851,0.136771,0.269638,-0.048182,0.094853,0.068463,0.038031,-0.041450,0.116058,0.039913,-0.098047,0.081968,0.125220,0.121165,0.199661,0.118894,0.284039,0.208563,0.048267,0.149125,-0.089014,-0.076603,-0.005666,-0.021071,0.222416,0.064130,0.073167,0.003068,0.135188,0.010714,0.099228,-0.019059,0.006069,0.272483,0.053197,0.108596,0.072630,0.207832,0.065218,0.066744,0.317305,0.006775,0.072645,0.041607,0.228201,0.063733,0.158307,-0.014716,0.235267,-0.030738,-0.059244,0.311552,0.109772,-0.025204,0.081500,0.093536,0.041305,0.279894,-0.116120,0.101981,0.143161,0.021409,0.003368,-0.091945,0.121998,-0.022971,0.061430,0.196439,0.316207,0.107064,-0.059359,0.081483,0.062421,0.044243,0.137748,-0.035305,-0.036992,-0.110663,0.020237,0.229414,0.196999,0.078271,-0.041952,-0.035577,0.040829,0.028729,0.055112,0.194406,-0.006879,-0.064303,0.229729,-0.070101,-0.052737,0.218168,-0.097225,0.037460,0.042795,0.016850,-0.167917,-0.077268,0.028675,0.117800,0.027096,0.140591,0.105566,0.148447,0.082353,0.004066,-0.017773,0.200826,-0.011943,0.167872,0.021839,0.131211,-0.045096,0.153131,0.240321,0.022650,0.128670,0.171972,0.035442,0.126846,0.184521,0.036071,-0.074530,-0.031752,0.085986,0.170996,-0.011534,0.157654,0.202767,-0.093700,0.166852,0.075042,0.043799,0.208536,-0.071518,0.018795,0.015337,-0.037239,-0.158736,0.026388,0.162101,0.159756,0.063625,0.111661,-0.043522,0.168765,0.025602,-0.115438,0.164934,0.049695,0.252518,#
11,-0.057679,0.181456,0.142115,0.064494,0.103660,0.088937,0.036774,0.130023,0.194192,-0.014952,0.037413,1.000000,0.056402,-0.039451,-0.045559,-0.017893,0.013985,0.115341,0.019189,-0.171459,-0.020248,0.167230,-0.093115,-0.123597,0.064457,0.138877,-0.164768,0.174649,-0.085415,0.089160,0.093149,0.084060,0.026072,0.090463,-0.010858,0.013566,0.125888,-0.081219,0.006124,0.188380,0.001926,0.074089,0.245705,0.026982,0.086145,0.074671,0.102665,-0.052559,0.079563,0.001486,-0.024451,0.196259,0.010843,0.194149,0.059591,-0.084926,-0.100743,0.230179,0.040483,0.042339,-0.011402,0.018073,0.131994,-0.060997,0.083234,0.142730,0.137125,0.114454,0.141249,0.118175,0.032381,0.116463,0.103250,-0.040394,-0.034006,-0.097576,0.069700,0.023094,-0.025076,-0.058952,0.078628,0.036118,0.085890,-0.038889,0.097927,-0.007583,-0.016374,0.022513,0.166316,-0.060921,-0.123387,0.246666,0.149538,0.068021,0.138898,0.145229,-0.075107,-0.034006,0.096261,0.106755,-0.049674,0.080483,-0.110300,0.072877,-0.007591,0.150675,0.094440,0.138861,0.072512,0.191041,0.190161,0.101620,0.037750,0.039454,-0.063248,0.255325,-0.025108,0.095722,-0.181579,0.174571,-0.096445,0.056311,0.074893,-0.078372,0.045145,-0.097186,-0.083282,-0.069750,0.114072,0.046839,0.053379,0.126301,0.218144,0.156712,0.058547,0.035950,-0.144439,0.201680,-0.089803,0.169789,0.106441,-0.090711,0.096734,0.134082,0.246416,-0.097192,0.110198,0.025556,-0.027325,0.002847,0.036668,0.150326,0.018014,0.086433,0.087023,0.051561,0.075254,-0.032648,0.067461,-0.035561,-0.009615,0.132892,-0.060978,0.024810,-0.009294,-0.026697,0.138467,-0.004456,-0.021470,0.201979,-0.007393,0.033693,0.004480,-0.071139,0.050736,0.029782,-0.019456,0.028333,-0.077879,0.181196,0.209220,-0.011288,0.068851,-0.095537,0.011515,0.040996,-0.074811,0.004641,0.147036,0.189995,0.119552,-0.129318,0.214095,0.147064,0.212835,0.052179,-0.009246,0.022887,-0.066103,0.145196,#
12,0.012168,0.090642,-0.054030,-0.004477,0.077865,0.084678,0.107415,0.039818,0.105075,0.096371,-0.142028,0.056402,1.000000,0.044234,0.286960,0.110568,0.304407,0.136966,0.147635,0.135619,0.028796,0.194032,0.105392,0.111550,-0.125105,0.070814,0.050879,0.108623,0.081302,-0.015081,-0.037297,0.114538,0.170438,0.081047,0.120192,0.106979,0.093536,0.007535,0.046260,0.226740,-0.072982,-0.034240,0.153861,0.246832,0.139776,0.127237,0.080835,-0.095293,0.117255,-0.020701,0.118612,0.037452,-0.019978,0.127184,0.220854,0.029523,-0.031380,0.077221,0.015563,-0.062989,0.029605,0.271820,-0.119446,0.128496,0.236948,0.083990,0.021654,0.076932,0.120900,0.053315,0.122987,0.032250,0.200388,0.021574,0.183757,0.206791,0.127184,-0.163939,-0.019786,0.032153,0.176210,0.025702,-0.042042,0.058398,-0.023520,0.052199,0.103801,0.091769,0.226784,-0.015488,-0.073098,-0.068953,-0.045901,-0.034443,0.037190,0.169184,0.306964,0.123070,-0.037938,-0.084476,-0.001312,0.099045,0.082822,0.140945,0.034725,0.080431,0.092403,-0.024083,0.019164,0.100932,0.194377,-0.002959,0.022879,-0.033144,0.124642,0.043914,0.251400,-0.095399,0.055090,-0.071049,0.100407,0.087972,0.163793,0.147508,0.185661,-0.174012,0.042865,-0.115620,-0.085802,0.104041,0.049950,0.073312,-0.047292,0.153350,0.040454,-0.076720,0.055376,0.103655,0.167947,-0.016888,0.127353,0.171256,0.114137,0.020310,0.087371,0.135276,0.082800,0.101104,-0.014510,0.181782,-0.014187,0.227392,0.125396,-0.061113,0.061435,0.282884,0.026055,-0.083527,-0.003730,0.050520,0.000788,0.258694,0.164600,0.109020,0.212884,0.034713,0.180739,0.123483,0.000113,0.019582,0.144264,0.181771,0.004092,0.160153,0.093344,0.093440,0.143297,0.126869,0.066438,-0.081157,0.147667,0.094999,0.129679,0.023475,-0.013501,0.103420,0.073636,0.245820,0.007856,-0.041289,0.065248,-0.052448,0.130705,0.111488,0.027148,0.063197,0.001892,0.084957,0.111655,-0.084019,#
13,0.007196,-0.122317,0.226449,-0.064758,0.028245,-0.070995,0.154007,0.020405,-0.029991,-0.050447,-0.070516,-0.039451,0.044234,1.000000,0.182383,-0.032701,0.113118,0.001937,0.034832,0.084463,0.171470,0.073544,0.041924,0.137746,-0.202674,0.093013,0.054262,0.099732,0.056155,0.027520,0.040012,0.081296,0.189754,0.045195,0.088050,-0.051584,0.018747,0.055793,0.006772,0.129419,-0.076902,0.134310,0.084670,-0.045599,0.191483,0.116318,0.036958,-0.043181,0.138070,-0.002761,0.021949,0.058233,0.012180,0.260715,0.056340,0.088854,-0.054156,0.091101,-0.035924,0.166631,0.144922,0.170749,0.128294,0.097617,0.093024,-0.028132,0.197700,0.030426,0.185914,0.070407,0.033820,0.125663,-0.129161,0.079603,0.280777,0.190692,0.088025,-0.024351,0.148459,0.187257,0.015902,0.197586,0.171845,0.083527,0.023745,-0.033886,-0.018780,0.037904,0.103112,0.088443,0.001425,-0.018561,0.065263,0.190560,0.056061,-0.155321,0.101864,0.009737,0.018649,0.217716,0.039828,0.191622,0.077970,0.255184,-0.067730,0.176631,0.083020,0.088925,0.129593,0.062186,0.056132,0.092589,0.227615,0.075737,0.235969,0.124118,0.168495,0.166823,0.001885,0.219519,0.009742,-0.011101,0.100224,0.025269,0.128310,-0.162581,-0.031461,-0.105423,0.065188,0.088271,-0.146136,0.081996,0.013191,0.069818,0.217290,-0.014028,-0.018489,0.028949,0.089254,0.117759,-0.189305,0.070370,0.212993,0.110209,-0.044946,0.099903,0.109827,0.056232,-0.040859,0.038004,-0.045871,0.110781,0.063504,0.162829,0.104304,0.120910,-0.144339,-0.002175,0.157611,0.088128,0.021047,0.122165,0.084968,0.158359,0.000840,0.114663,-0.024385,-0.010107,0.114382,0.031683,0.049399,0.075442,0.087814,0.144027,0.216760,0.027743,0.095135,0.193610,0.146317,-0.106049,-0.000534,0.136477,0.014464,-0.014243,0.100932,0.118627,0.182068,0.036228,-0.112659,0.037592,0.050741,0.091913,0.153520,0.284693,0.002886,-0.024624,0.031547,-0.027386,0.099764,0.038893,#
14,0.162057,-0.000775,-0.102357,0.126103,0.132035,0.063577,-0.052638,0.222571,0.218178,0.209951,0.056600,-0.045559,0.286960,0.182383,1.000000,0.268252,0.124966,0.067313,0.194504,0.249415,0.126960,0.019712,0.120004,0.263331,-0.025692,0.004691,0.146116,0.114887,0.152657,0.098417,0.010372,0.270579,0.084426,0.122009,0.198637,0.103036,0.058657,0.128812,0.108411,0.151690,-0.102421,-0.035159,0.113578,0.043392,0.259324,0.137783,0.098348,-0.055285,-0.050028,0.170837,0.107681,-0.005768,0.146388,0.220020,0.246119,0.069385,0.110618,0.098479,0.119682,0.093303,0.130741,0.224942,0.156704,0.129423,-0.011013,-0.096853,0.071861,0.150933,-0.037695,0.198697,0.206907,0.080186,0.163464,0.104777,0.303593,0.153456,0.277798,0.102795,0.088730,-0.001102,0.202792,0.222149,0.096775,0.208157,0.117095,0.099404,0.020117,0.197620,0.064017,-0.022938,-0.050324,0.045523,0.092288,0.143593,0.086469,0.133983,0.256169,0.086989,0.014492,-0.022208,0.174187,0.237083,0.146700,0.203328,0.245775,0.052388,0.147750,0.040809,-0.063691,0.115178,0.078596,-0.134703,0.146903,0.242159,0.178579,0.111572,0.219328,-0.113669,0.110009,0.039139,0.194115,0.140188,0.081371,0.034547,0.149744,-0.041350,0.047343,0.154449,0.011379,0.280661,-0.016994,-0.019322,-0.010296,0.128950,0.138674,0.114895,-0.186700,0.155531,0.030655,-0.018422,0.087410,0.147518,0.156833,0.148447,-0.105382,0.252349,0.134368,0.030375,-0.071045,0.003754,0.159842,0.132717,0.085075,0.148387,0.200014,0.247228,0.111495,0.086004,-0.022963,0.126385,-0.010789,0.012448,0.205995,0.092615,0.047603,0.080048,0.118425,-0.029649,0.147418,0.216411,0.153408,0.018108,0.158434,0.117619,0.013962,0.063855,0.216648,0.167993,0.152911,-0.029148,0.238496,0.257067,0.055556,-0.054515,0.048595,-0.017339,0.079044,-0.080131,-0.048450,0.182361,0.004873,0.023923,0.142702,0.152032,0.172661,0.028289,0.079059,0.058902,0.118160,-0.055641,#
15,0.283608,-0.011910,0.082951,0.013412,0.134788,0.162914,0.032683,-0.003264,0.233347,0.190072,0.165722,-0.017893,0.110568,-0.032701,0.268252,1.000000,0.169159,0.170921,0.085487,0.160210,0.016670,0.011968,0.182687,0.254062,-0.065700,0.141334,0.025508,0.047197,0.107595,0.272724,0.028054,0.197921,0.018716,0.163208,0.074094,0.297289,0.077934,0.012790,0.226806,-0.020599,0.023878,0.011596,0.072603,0.083235,0.154945,0.064671,-0.079739,0.147869,0.077652,0.216912,-0.169173,0.295144,0.033088,0.101698,0.164573,0.077910,0.121356,0.024128,0.112263,0.147417,0.176087,0.122199,0.250308,0.075015,-0.029073,0.243001,0.018830,0.058378,0.004452,-0.114557,0.181292,0.085401,0.008432,-0.009825,0.030089,0.103771,0.113552,0.084624,0.003113,0.009382,0.267721,0.117442,-0.158153,0.228467,0.192550,0.094778,0.019029,0.342508,0.040042,0.000817,0.066520,0.040389,0.017135,0.036186,0.073348,0.058508,0.250979,-0.009788,0.022365,0.066853,0.207752,0.101701,0.080909,0.109915,0.066764,0.110955,0.213510,0.084288,-0.056602,0.170132,-0.094780,0.135813,0.031248,0.096320,0.034313,0.079497,-0.006729,-0.020567,0.005808,-0.031133,0.125086,0.073322,0.167557,0.053919,-0.060099,0.063175,0.155648,0.214182,0.003750,0.308417,-0.078093,-0.002989,0.010083,0.170329,0.112340,0.054973,-0.164820,-0.010055,0.051522,-0.080116,-0.008959,0.055048,0.065963,0.017916,0.046411,-0.088731,0.118863,0.066688,0.171790,-0.047235,0.057918,-0.037983,0.236576,0.154708,0.022157,0.191546,0.215386,0.172331,0.003131,0.172141,0.032964,0.031596,0.302476,0.021419,0.081009,0.191576,0.149238,0.158600,0.238518,-0.044078,-0.064843,0.133389,-0.102036,0.137947,0.064107,0.143774,0.205051,0.184848,0.029315,0.114162,0.267876,0.074708,0.101848,0.190678,0.031586,0.086590,-0.056105,0.191877,-0.117233,0.058544,-0.122670,-0.011646,0.141979,0.087118,-0.026338,0.099371,0.166561,0.160967,0.144696,-0.046169,#
16,0.227214,0.089649,-0.118064,0.042102,-0.002002,-0.001288,0.055574,0.149697,-0.024764,0.028058,0.048761,0.013985,0.304407,0.113118,0.124966,0.169159,1.000000,0.068092,-0.018696,0.234637,0.165385,0.090557,0.028982,0.103275,-0.068926,0.072238,0.123584,-0.092832,-0.068317,0.249050,-0.078825,0.172194,0.116629,0.301623,0.157642,0.080110,0.060642,0.021176,0.160428,-0.003579,-0.051456,0.044717,0.134341,0.116452,0.074421,0.114461,-0.016919,0.015915,-0.044651,0.087525,0.020505,0.060307,0.162080,0.224714,0.137300,-0.021822,-0.021116,0.055519,0.083233,0.030539,-0.034960,0.203385,0.129789,-0.000428,0.051707,0.042411,-0.096676,0.163724,0.078747,0.157448,-0.025950,0.061694,0.286188,-0.010534,0.059707,0.120837,-0.068954,0.081422,-0.017507,0.187703,0.162209,0.036567,-0.018123,0.236599,0.109430,0.107801,0.141260,0.092673,0.169705,0.118327,-0.004244,0.008291,0.039168,-0.081275,0.054491,-0.007140,0.105919,-0.071534,0.069055,0.167236,-0.086946,0.024493,-0.007975,0.063014,0.019157,0.099298,0.183544,0.096778,0.098821,0.148649,0.028361,0.105802,0.161479,-0.037156,0.225702,0.129178,0.171273,0.033082,0.031641,0.023336,0.259306,0.196635,0.127819,0.190302,0.266897,-0.033505,0.091281,-0.120764,-0.051932,0.171034,0.087444,-0.001852,0.190431,-0.144250,0.258471,0.159988,-0.120430,0.014358,-0.044221,0.020300,0.000595,0.158143,0.046193,0.063672,0.162532,-0.025455,0.047096,0.014953,0.074079,0.333011,-0.229597,0.189767,0.034116,0.048086,0.034828,0.219579,0.053716,-0.027445,0.075755,0.145261,0.012282,0.096150,0.124934,0.085254,0.036721,0.080997,0.187060,0.156850,0.057768,-0.108941,0.076586,0.135291,0.026120,-0.073791,0.043967,-0.006074,0.042591,0.151970,0.124805,-0.084487,0.029198,0.069537,0.064313,-0.054535,0.008851,0.214014,0.069388,0.181148,0.007280,0.024542,0.181635,-0.142355,-0.109850,0.023459,0.073519,0.161079,0.041256,-0.117896,-0.055181,-0.013584,#
17,0.192537,0.013608,0.016606,0.140916,0.084903,0.138734,0.050928,0.132216,0.119069,-0.064575,0.039507,0.115341,0.136966,0.001937,0.067313,0.170921,0.068092,1.000000,-0.001854,0.082073,0.127317,0.056582,0.000104,0.169712,0.036012,0.122239,0.025445,-0.048219,-0.076919,-0.026531,0.083674,0.012615,0.164772,-0.021606,0.062140,0.187691,-0.143047,0.002649,0.248389,0.055211,0.202690,0.167626,0.118009,0.086435,0.059637,0.092005,0.047227,0.150506,0.003629,0.022845,0.110062,0.088089,-0.046211,0.006358,0.154674,0.150174,0.161250,-0.002115,0.108376,0.001978,0.059945,0.147588,-0.022676,0.101152,0.081047,0.261600,0.221425,0.210515,0.067169,0.026838,-0.007688,0.244686,-0.037589,-0.053123,-0.034053,0.124730,-0.022609,-0.041469,-0.067783,0.128075,0.153432,0.039133,0.007412,0.045487,-0.004099,-0.010083,0.272476,-0.007159,0.083940,0.057605,-0.084977,-0.103159,0.180376,0.035594,-0.130231,0.104231,0.077347,0.050168,-0.054500,0.054804,0.076622,-0.155726,0.001110,0.061756,0.019480,-0.028329,0.097519,0.078480,0.037448,0.007520,0.140732,0.135257,-0.039289,0.093299,0.188852,-0.010186,0.016510,-0.033601,0.008282,0.087653,-0.008800,0.109041,0.025078,0.019329,0.185379,0.111431,0.138536,-0.131687,-0.103461,0.114234,0.209587,0.111042,0.173789,0.009677,-0.008744,0.048023,0.005024,0.121459,0.074440,0.138476,0.175315,0.092568,0.156229,0.088604,0.149672,0.042943,-0.005041,0.157937,-0.053371,-0.108702,0.073691,-0.029227,-0.001505,0.045781,0.225570,0.195913,0.142564,0.086692,0.056050,0.038467,0.025351,0.049886,0.204998,0.171205,0.068088,0.058087,-0.018684,0.107674,0.022040,-0.003418,0.113866,-0.076589,0.026546,0.068259,0.092485,0.015050,0.070988,-0.016033,-0.071822,0.317387,0.253304,0.146822,0.113041,0.132537,0.004121,0.039817,0.082332,0.104445,0.068159,0.024877,0.028135,0.069569,0.131779,0.153537,0.113469,0.170321,-0.050208,0.110501,-0.062412,0.144032,#
18,0.131507,-0.061825,0.075321,0.186963,0.096923,-0.151118,0.016160,0.029507,0.071047,0.142507,-0.041583,0.019189,0.147635,0.034832,0.194504,0.085487,-0.018696,-0.001854,1.000000,0.168383,0.070325,0.126422,0.157056,0.192908,0.015295,0.031082,-0.076180,0.148928,0.026559,-0.046177,-0.109627,-0.102593,0.140356,0.149087,0.154797,0.157946,0.012356,0.114411,0.043959,0.255140,0.127932,-0.092775,0.077233,-0.075924,0.277514,-0.055685,0.008337,0.017239,-0.173356,0.092275,-0.049263,0.121489,0.049888,0.076591,0.127762,0.172918,-0.000590,0.101061,-0.028429,0.122944,0.132591,0.035579,0.181205,-0.019542,0.172571,0.047805,0.101728,0.060306,-0.128820,0.058132,0.077687,0.047650,-0.080599,-0.101943,0.182250,0.119168,0.119294,0.088220,0.071047,0.102518,-0.055661,-0.029029,0.076224,0.085581,0.021443,0.006118,0.102991,0.038816,-0.030238,0.037355,0.143256,-0.125863,-0.031218,-0.052148,0.162674,0.142234,0.208211,0.010982,0.087050,0.108130,0.062446,0.102745,0.087843,0.009556,0.187850,0.135937,0.059135,-0.079504,0.051896,-0.023582,0.170810,0.075440,0.205412,-0.007384,0.003869,0.042153,-0.030218,-0.231324,0.022189,0.118223,0.002594,-0.000079,0.144112,-0.107812,0.087185,-0.199712,-0.018762,0.170704,0.131602,0.014408,-0.104291,0.165190,-0.092524,0.219552,0.131644,-0.006784,0.082918,0.152907,-0.089557,0.031289,-0.107671,0.063643,0.060455,0.108261,0.028986,0.204041,0.054706,-0.023349,-0.042678,0.037303,-0.020600,0.094450,0.023262,0.075907,0.052551,0.097843,0.081519,0.107691,-0.004251,0.205993,0.060793,0.078493,0.114066,0.114734,-0.003424,0.281012,0.106331,0.075225,0.039158,0.188119,-0.168518,0.083509,0.107291,0.161525,-0.010747,0.185274,0.091824,0.044590,0.020376,-0.015376,0.031973,0.055556,0.100242,-0.014100,0.034606,-0.045103,0.283831,-0.087896,0.067027,0.001041,0.046393,0.109210,0.113068,0.172193,0.093123,0.011676,0.048509,0.036810,0.168474,-0.026318,#
19,0.197692,0.045281,0.033845,0.129235,0.297937,0.271711,-0.093492,0.013407,0.047427,0.204332,0.125123,-0.171459,0.135619,0.084463,0.249415,0.160210,0.234637,0.082073,0.168383,1.000000,0.038171,-0.009730,0.139666,0.095459,-0.038823,0.084198,0.181668,-0.036650,0.010593,0.152459,0.148255,0.098345,0.098794,0.090013,0.108612,0.074948,0.112918,0.002844,0.182969,0.120242,0.115403,0.014991,0.015547,-0.065104,0.083970,0.096211,0.228954,0.129766,0.077912,0.151954,-0.030223,0.074371,0.003754,0.086810,0.137192,0.175997,0.164982,-0.070988,0.089862,0.159121,0.207380,0.335957,0.246774,0.205879,0.248999,-0.061534,0.037965,0.218806,-0.137974,-0.044423,0.222582,0.093933,0.133945,0.144623,0.206183,0.267855,0.073706,0.110745,0.266834,0.133147,0.181188,0.014672,0.131848,0.068254,0.051418,0.162533,-0.002902,0.259627,0.124995,-0.189073,0.041340,-0.043516,0.178949,-0.025497,-0.056491,0.077399,0.198255,0.062300,-0.100757,0.039916,0.054085,0.187601,0.150272,0.141545,0.124917,0.262982,0.166057,0.176395,0.107235,-0.048437,-0.047913,0.065492,0.222578,0.145454,0.105496,0.009297,0.273147,0.063159,0.073415,-0.147179,-0.007202,0.224194,0.156586,0.073018,0.282998,-0.076737,0.276128,0.041745,0.066978,0.206895,0.045498,0.054472,0.018416,0.039798,0.178871,0.047104,-0.006572,0.142955,-0.030508,-0.031333,-0.029266,0.127410,0.158433,0.120197,0.091876,0.113342,0.059014,0.077286,0.093399,0.103291,0.028848,0.277855,0.091408,0.094034,0.154511,0.132149,0.050271,0.075976,0.126760,0.271054,0.219979,0.023117,0.123014,0.041941,0.195091,0.129913,-0.002733,0.155421,0.132112,0.039851,0.065297,0.143283,0.236532,0.227309,0.077262,0.041724,0.182065,0.247566,0.171534,0.043523,-0.023676,0.204133,0.178100,0.197224,0.275611,0.103001,0.052622,-0.006193,0.103044,0.070200,0.268434,0.176968,-0.035780,0.097079,0.010437,0.273495,-0.074564,0.075123,0.222297,0.120446,#
20,0.016758,-0.021808,0.166039,0.112254,0.317148,-0.000905,0.190178,-0.053903,-0.019593,0.159312,0.011279,-0.020248,0.028796,0.171470,0.126960,0.016670,0.165385,0.127317,0.070325,0.038171,1.000000,0.167352,0.017025,0.087320,0.025851,0.274360,0.162826,-0.132543,0.042578,-0.077579,-0.058203,-0.018240,0.187239,0.167641,0.114878,0.255534,0.214910,0.138066,0.270464,0.182876,-0.001628,0.192125,0.007361,-0.090993,0.250715,0.060632,0.272009,-0.078823,-0.125213,0.118556,-0.132394,0.135717,0.002390,0.224387,0.327742,0.149443,0.117601,0.165153,0.076364,0.104692,0.146193,0.116523,0.159592,-0.037098,-0.005607,-0.022406,0.025097,0.126133,0.124887,0.214489,0.303038,0.149539,-0.031208,0.063946,0.186276,0.042986,0.007944,0.179530,0.051364,0.034583,0.102402,0.209863,0.132463,0.004622,0.090482,0.052094,0.078732,0.008505,0.121598,-0.020030,0.172118,-0.017064,0.115182,0.137070,0.268850,-0.069458,0.042248,0.146845,0.191135,0.016627,0.078046,0.094996,0.215544,0.016124,0.092950,0.084518,0.169278,0.087452,0.029548,0.241402,0.228835,0.284741,0.153071,-0.141058,0.174460,0.160684,0.272405,0.192070,0.046312,0.230191,0.098859,0.158004,0.065049,0.167601,0.097683,0.084171,0.196781,0.019863,0.249171,0.147862,0.237227,0.050521,0.043872,0.226712,0.124799,-0.099797,0.021825,-0.081715,0.110102,0.094822,0.051342,0.196810,0.093128,0.092986,0.086825,0.046934,0.053395,0.023134,-0.075961,0.192219,0.171385,0.107074,0.017454,0.225919,0.044077,0.110758,0.039066,-0.036233,-0.019033,0.266749,0.014877,0.164474,0.133479,0.169829,0.117235,-0.066667,-0.052987,0.086070,0.102838,0.047773,0.142022,-0.001041,0.172866,0.039608,0.005975,0.065040,-0.097229,0.092533,0.296198,0.067701,0.094757,0.090176,0.044107,0.007947,0.082800,-0.030857,0.056322,0.157193,0.044337,0.189797,-0.093778,0.035436,0.008909,0.243347,0.076814,-0.083122,0.072493,0.029809,0.184104,0.204048,#
