0,1.000000,0.074189,0.018752,0.046806,0.119014,0.113677,0.161377,-0.033272,0.043598,0.090636,0.141754,0.003560,0.067954,0.042162,0.201914,0.278136,0.255561,0.264073,0.191753,0.248989,0.068866,-0.009724,0.259858,0.372129,0.074564,0.008453,0.097681,-0.096677,-0.019805,0.132462,0.034214,0.242066,0.124201,0.198153,0.335944,0.139446,-0.005058,0.082235,0.244181,0.122292,0.117623,0.066144,0.247702,-0.105480,0.173639,0.011452,0.054462,0.210335,0.133166,0.258324,0.029026,0.171330,0.083961,0.084066,0.247363,0.117014,0.241224,0.181856,0.123171,0.089616,0.142253,0.279910,0.234791,0.087577,0.097724,0.048244,0.161187,0.123450,0.035249,0.106990,0.131489,0.074065,0.034541,0.215089,0.094381,-0.015488,0.278623,0.144293,0.109681,0.085183,0.001951,0.018282,0.086897,0.167425,0.234889,0.174973,0.245137,0.214387,0.233492,0.210437,0.092663,0.047307,0.158172,-0.006868,-0.000229,0.146459,0.134723,-0.029568,0.070841,0.211012,0.149779,0.123246,0.040783,0.137995,0.120446,0.211706,0.146671,0.139132,0.202743,-0.075420,-0.048767,0.167212,-0.029411,0.116859,0.208924,0.161435,0.078512,-0.074888,0.193051,0.168818,0.122262,0.090911,0.262447,0.150082,0.232169,0.163021,0.194609,-0.072594,0.063778,0.275861,0.102030,0.113256,-0.055704,-0.004444,0.113694,0.201063,0.038082,0.044818,-0.080605,0.130676,0.207039,0.067584,-0.003631,0.211979,0.057626,-0.045035,0.143732,0.049034,0.100222,0.029334,-0.049724,0.126488,0.080223,-0.018398,0.021656,0.211386,0.227989,0.194047,0.153421,0.073133,0.206609,0.210205,0.100972,-0.005024,0.060818,0.298878,0.035835,0.166182,0.286022,0.095480,-0.023450,0.016287,0.199645,0.160811,0.028997,0.173486,0.279159,0.196551,0.131533,0.064034,0.201638,0.167937,0.172924,0.082595,0.052732,-0.063062,0.052741,0.323223,0.156160,-0.053098,-0.073240,0.130887,-0.038530,0.190247,0.165164,0.201137,0.004601,0.204130,0.041866,0.106711,#
1,0.074189,1.000000,-0.018908,-0.057800,-0.026297,-0.018800,0.164783,0.128979,0.192833,0.089941,0.121647,0.154804,0.088362,-0.091534,-0.014690,-0.027471,0.048114,0.006894,-0.006382,0.000251,-0.045901,0.145387,0.105927,-0.087483,0.099149,-0.112159,-0.095519,0.089962,-0.187416,0.011364,0.093897,-0.030398,-0.130980,0.111994,-0.136813,0.032074,0.110197,0.003104,0.121970,0.071337,0.000361,-0.084503,0.107142,-0.019977,0.036878,-0.090147,0.243838,0.009183,0.100710,-0.000851,0.005639,-0.034475,0.142311,0.098096,0.061560,0.026271,0.001393,-0.073042,-0.115375,-0.035795,0.016169,0.052714,0.104230,-0.109224,-0.104353,0.170121,0.140833,0.157378,0.116296,0.143115,0.159859,0.159330,0.185384,-0.020326,0.135598,0.013571,0.096163,0.050083,0.263149,-0.063573,-0.064108,0.069481,-0.122556,0.080440,0.146612,0.011546,0.138663,0.186288,0.074102,-0.000982,0.057705,0.028534,-0.148305,0.022524,0.018486,0.141927,-0.021902,0.062260,-0.043619,0.041652,0.134294,-0.022907,-0.010719,0.021734,-0.049576,0.136876,0.112980,0.141922,0.196380,0.046900,-0.031562,0.028046,-0.069458,0.033199,0.104872,0.259770,0.140156,-0.101920,0.063939,-0.038589,-0.154803,0.081002,0.070929,0.017698,0.095063,0.020484,0.064832,0.009550,0.178312,0.101067,-0.146446,0.125954,-0.051586,-0.031979,0.052247,0.023660,0.199842,0.110905,0.049921,0.125140,0.200121,0.013018,0.022943,0.165363,0.157347,-0.058911,-0.031850,-0.039438,0.082633,-0.099715,0.184444,0.054195,-0.120022,-0.179786,0.173520,0.121343,0.006873,0.170829,-0.193138,-0.104367,-0.043352,0.129953,0.066528,0.186280,0.093541,0.024870,0.005289,-0.060771,-0.018889,0.105921,0.030814,0.053645,0.029086,0.006178,0.013940,0.163592,0.036689,0.012120,0.044169,-0.044706,0.064310,-0.110094,0.119506,-0.032346,0.084883,-0.041530,0.024257,-0.094896,0.212041,0.142659,0.090853,0.203656,-0.119247,-0.004042,0.037812,-0.094788,0.005612,0.269757,-0.069350,0.271670,#
2,0.018752,-0.018908,1.000000,-0.059166,0.170172,0.030021,0.173047,0.063450,0.041523,0.095344,0.164499,0.140559,-0.024764,0.225243,-0.088623,0.073180,-0.163119,0.013847,0.112258,0.023076,0.143287,0.131199,-0.039880,0.081692,-0.010862,0.097324,0.087817,-0.029346,-0.076555,0.002847,0.021035,-0.005730,0.070933,-0.007331,0.070769,0.045443,0.079907,0.027872,0.136350,-0.102444,0.005874,-0.012753,0.098830,-0.040700,0.080702,-0.004570,0.058781,-0.050131,-0.053201,0.055220,0.025853,0.204797,0.079069,0.009833,0.056491,0.046495,0.113147,-0.031831,0.177089,0.173194,0.310130,0.042546,-0.029587,0.064708,0.090404,0.078847,0.039378,0.059606,0.071963,-0.027675,0.075953,0.197754,-0.143114,0.147525,0.243593,0.057213,-0.025000,-0.024986,0.042525,0.044698,-0.008831,-0.075862,0.106938,-0.102668,0.124561,0.074716,-0.049222,0.126946,-0.064398,0.007606,0.020558,0.095961,0.069529,0.143589,0.056355,0.116118,0.091334,0.000877,0.055665,0.081691,0.140972,0.101083,-0.081764,0.130116,-0.105014,0.180165,0.134511,0.171191,0.134598,-0.015490,0.151907,0.120612,0.177093,0.048890,0.012165,0.102551,0.038806,0.006420,-0.100926,0.052665,-0.063408,-0.106869,-0.057284,0.129954,0.027873,-0.073322,0.151867,0.021495,0.163601,0.040732,-0.047591,0.094450,0.035977,0.144575,0.141181,-0.087342,0.090328,0.137139,0.124255,-0.046948,0.061742,0.153184,-0.129595,-0.065243,0.170295,-0.075945,-0.113860,-0.101275,0.007493,-0.002573,0.106015,0.110538,0.196043,0.116157,-0.101233,0.050103,0.021226,-0.086517,0.081673,0.008514,-0.107503,0.037721,0.112007,0.155754,-0.036001,0.197639,0.038679,-0.090674,0.008132,0.120580,-0.087914,0.149062,0.167307,0.044518,0.096706,-0.003863,0.043720,0.045828,-0.121100,-0.017863,0.054249,0.171828,-0.119223,0.149124,-0.035255,0.070557,0.090760,0.008073,0.049887,-0.040879,-0.010249,0.060702,0.166344,0.182632,0.041954,-0.040622,-0.068170,0.006697,0.052625,0.112660,#
3,0.046806,-0.057800,-0.059166,1.000000,0.073692,0.020034,0.081516,0.025512,0.235312,0.220277,0.188486,0.064390,-0.005127,-0.015519,0.168857,-0.002525,0.028590,0.102732,0.252771,0.110745,0.095112,0.164878,0.250834,0.179401,0.075375,0.091679,0.200963,0.026972,0.058333,0.178652,0.184915,0.100550,0.316952,0.198053,0.015351,0.114195,0.023890,0.296742,0.234407,0.183718,-0.001922,0.191527,0.200254,0.141291,0.033468,0.161047,-0.092218,0.135475,-0.089132,-0.018364,0.087504,0.079132,0.157283,-0.078517,0.008191,0.218397,0.059821,0.011627,0.116090,0.176869,0.200340,0.056971,0.069883,0.068785,0.324641,0.024912,-0.057017,-0.118432,-0.162069,0.175885,0.052094,0.171835,0.161217,0.006375,0.122953,0.069981,0.063380,0.119549,0.030749,-0.055307,0.088833,0.057063,0.218615,-0.031153,0.161510,0.098453,0.054922,0.091141,0.031157,0.072685,0.267170,0.089950,-0.035315,0.038497,0.076449,0.171156,0.039863,-0.052606,0.102837,-0.052350,0.083933,0.100799,0.062386,-0.008059,0.334730,0.085401,0.213369,0.152872,0.111997,0.080747,0.045757,-0.065320,0.033358,0.020471,0.018722,0.127557,-0.001733,0.081749,0.059547,0.033475,0.035095,0.117573,0.067461,0.041354,-0.001918,0.136292,0.167232,0.290042,0.070515,-0.013625,0.209233,0.184480,0.027056,0.203366,-0.004058,0.165237,0.017159,-0.009005,-0.034387,0.022441,-0.030389,0.281608,0.121659,-0.023046,0.048061,0.129729,0.215854,0.340631,0.024169,0.210853,0.100429,-0.060496,0.028397,0.055462,0.208763,-0.063091,-0.033145,0.115040,0.281456,0.073115,0.013324,0.024302,0.055373,0.194304,0.065726,0.117043,0.109712,0.029753,0.056822,0.123830,0.096889,-0.086302,0.031279,0.042844,-0.012077,0.124954,0.146790,0.027332,-0.055990,0.152094,-0.023096,0.223243,0.128786,-0.105364,-0.038170,0.005283,0.085789,0.038960,0.116947,0.235917,0.141537,0.146391,0.058267,0.039642,0.117569,0.133903,0.172984,0.065368,-0.023964,0.032778,#
4,0.119014,-0.026297,0.170172,0.073692,1.000000,0.181890,-0.012025,0.110297,0.147546,0.254314,0.026178,0.113210,0.098662,0.050071,0.147067,0.128528,0.036255,0.092062,0.134646,0.314919,0.308654,0.117718,0.215576,0.209341,-0.093377,0.105997,0.089333,-0.097812,0.163187,0.071007,0.140134,0.091821,0.187620,0.165130,0.068512,0.165657,0.313073,0.125896,0.242716,0.115948,0.051062,0.194054,0.115131,0.066970,0.184165,0.177591,0.238397,0.177552,0.027153,0.039636,0.015477,0.099146,0.143622,0.162401,0.273627,0.223328,0.114721,0.105674,0.181343,0.156339,0.133220,0.229256,0.120660,0.059313,0.109098,0.046233,-0.046384,0.140499,-0.027838,0.091751,0.226845,0.202754,0.211756,0.149564,0.129071,0.032424,0.078877,0.179973,0.151862,0.239912,0.119937,0.167482,0.033584,-0.005026,0.289585,0.135181,0.135030,0.104348,0.041765,0.039534,0.284345,-0.034987,0.160461,0.058022,0.204129,0.204594,0.056056,0.122305,-0.059159,0.091550,0.085771,0.135839,0.168228,0.117929,0.081216,0.235121,0.057214,0.110558,0.257930,0.285900,0.091053,0.217597,0.225104,0.228820,0.078206,0.064224,0.181332,0.086217,0.030063,0.153509,-0.086014,0.106171,0.071415,0.054226,0.137095,0.000113,0.250463,0.135548,0.317416,0.169048,0.185575,0.029981,0.151571,0.266717,0.151435,0.118379,0.010361,0.017138,0.135935,-0.010281,0.100190,0.119192,0.146355,0.033537,0.220055,0.199289,0.160135,0.196583,0.060896,0.186089,0.025685,0.234014,0.205946,0.286912,0.308754,0.033674,0.249299,0.082575,-0.037610,0.111201,0.178277,0.087593,0.106099,-0.073236,-0.135321,0.130311,-0.010098,0.095372,0.048618,0.175813,-0.033781,0.114686,0.367951,0.222564,0.164199,0.224559,0.195477,0.195059,0.074337,0.193540,0.042359,0.043456,0.146931,0.043118,0.239835,0.202164,-0.159723,0.173250,0.171220,0.310947,-0.058236,0.102510,-0.034044,0.171695,0.104810,0.206473,0.182550,0.002625,0.234953,0.346474,#
5,0.113677,-0.018800,0.030021,0.020034,0.181890,1.000000,-0.041715,0.166715,0.103574,0.100076,0.205901,0.078890,0.077236,-0.088776,0.091953,0.158631,0.034189,0.123630,-0.113426,0.277157,0.003332,-0.030508,0.176852,0.091494,0.101863,0.058100,0.188198,0.064360,0.121499,0.067219,0.237154,0.150373,0.215278,0.184026,-0.019595,0.165384,0.067583,0.000848,0.182293,0.083827,0.249123,0.035772,0.047372,0.120068,0.147907,0.186871,0.189751,0.111566,0.213816,-0.091254,0.107371,0.140755,0.030138,0.014938,0.034215,0.255643,0.198740,0.016784,0.319117,0.167203,0.051938,0.242304,0.151239,0.198966,0.243843,0.083009,-0.080126,0.125999,0.140548,-0.240140,0.100241,0.127781,0.253153,0.115983,0.032391,0.166382,0.164192,0.163701,0.104244,0.110498,0.274718,0.040323,0.154240,0.095473,-0.016721,0.050638,0.211979,0.188771,0.142203,-0.096225,-0.020264,0.147649,0.265673,0.317666,0.017938,0.101432,-0.021360,0.199382,0.185295,0.166913,0.043360,0.188471,-0.012459,0.120407,0.061314,0.252561,0.184222,0.158924,0.116457,0.166181,-0.007048,0.254326,-0.046310,0.005275,0.089195,0.098180,0.090633,0.018519,-0.014331,0.140955,-0.125199,0.107253,0.111486,0.101279,-0.066420,-0.004468,0.215171,-0.000259,0.091325,0.087841,0.262902,0.141456,0.197401,0.293469,0.099502,0.169263,0.091501,0.111377,0.024158,-0.149269,0.051866,0.037361,0.146229,0.201185,0.227659,-0.009680,0.027641,0.112274,0.121714,0.011297,0.184853,0.094031,0.204252,0.119099,0.004170,0.116890,0.155466,0.076421,0.061006,0.085541,0.173477,0.076904,0.175658,0.121822,0.085530,0.132809,-0.119391,0.260398,0.156521,0.174885,0.293934,0.109190,0.173635,0.061545,0.002282,0.067713,0.198321,0.085137,0.125828,0.179572,0.317723,0.085038,0.264957,0.042306,0.087596,0.116455,0.100284,0.100634,0.074268,0.088578,0.019411,0.134233,0.060647,0.080297,0.037491,0.086921,0.019110,0.082482,0.156861,0.267947,#
6,0.161377,0.164783,0.173047,0.081516,-0.012025,-0.041715,1.000000,-0.007624,0.140241,0.013758,0.067404,0.086182,0.165659,0.136515,0.001213,0.024937,0.096813,0.104147,0.060041,-0.027245,0.241156,0.219817,-0.063490,0.074246,0.060947,0.003635,0.045973,0.000685,0.004369,0.125327,0.084347,0.027033,0.050707,0.063633,0.069609,0.093171,-0.099041,0.044826,0.103028,0.076867,-0.089358,0.019880,0.165748,-0.003435,0.226475,0.044776,0.061804,-0.155999,0.154336,0.035586,0.012686,0.117965,0.129746,-0.000145,0.041272,0.085274,0.103435,0.085368,0.137360,0.133944,0.242917,-0.048098,0.104154,0.007720,0.237178,0.192502,0.106316,-0.002506,-0.007554,0.054043,0.097471,0.159960,-0.001674,0.243382,0.162353,0.129725,0.092671,-0.014601,0.095668,-0.008302,0.067337,-0.002849,0.135587,-0.026283,-0.073326,0.133723,0.093611,0.048522,-0.020252,0.015196,0.002235,-0.005865,-0.068361,-0.069984,0.012700,-0.023702,0.283156,0.065375,0.021631,0.170121,0.082364,0.202302,0.205818,0.032866,-0.125969,0.039517,0.115518,-0.054894,0.068627,0.018568,0.005537,0.091910,-0.098446,-0.164781,0.160336,0.042965,0.299858,0.000791,0.083829,0.031178,0.172852,0.076598,0.009402,0.170513,0.142875,0.181829,0.029247,0.014967,-0.028708,0.086437,0.015051,0.159128,0.160130,0.025554,0.037258,0.139751,-0.005623,0.001961,0.156913,0.083058,0.121375,0.194264,-0.104670,0.000060,0.053814,0.013104,0.053748,0.065178,0.036146,-0.028805,0.205878,-0.052623,0.072705,-0.163316,0.097942,0.014601,-0.019141,0.252529,0.115136,-0.044990,-0.036756,0.161992,0.102685,0.237622,0.057487,0.184514,0.035898,-0.027958,0.029161,0.038881,0.074766,0.011226,-0.034804,-0.026891,0.186467,0.022075,-0.007497,0.066189,0.084738,-0.018259,0.116961,-0.005813,0.184923,0.035103,-0.015141,0.066212,-0.089631,0.109425,-0.036191,0.115144,-0.077590,0.139325,-0.119990,0.202219,0.010136,-0.051236,0.048618,0.050366,0.117870,0.064487,#
7,-0.033272,0.128979,0.063450,0.025512,0.110297,0.166715,-0.007624,1.000000,0.291210,0.115525,0.143304,0.134812,0.069019,0.047430,0.229802,-0.005889,0.193684,0.113728,0.071820,0.043368,-0.051944,0.125372,0.161587,0.153463,0.228793,0.167345,0.028387,0.164252,0.016740,0.075410,-0.053962,0.039266,0.100358,0.092439,-0.107260,0.015979,0.101009,0.030177,0.281730,0.041872,-0.038766,-0.135711,0.024489,0.173813,0.156903,0.131372,0.162088,0.057513,-0.010883,0.044162,0.231597,-0.025644,0.009012,0.206797,0.081152,0.060223,-0.047684,0.097280,0.080500,0.085487,0.018080,0.158389,0.061878,-0.032310,0.093678,0.164428,0.002155,0.119107,0.075967,0.310305,0.103735,-0.033172,0.340129,0.044290,0.128514,0.021267,0.013749,0.058633,0.162048,0.198015,0.153004,0.082267,0.061332,0.031254,0.159322,0.027126,0.205263,0.146781,0.021251,0.100441,0.034077,0.024362,0.066829,0.151917,0.111009,-0.103387,-0.028639,0.187180,0.036879,0.186429,0.141320,0.087339,-0.042766,0.050938,0.028595,0.215604,0.005752,0.022958,0.088530,0.068001,0.147940,0.030517,0.103889,0.092396,0.294980,0.073109,-0.006259,-0.198096,0.008455,0.230298,0.009500,0.118726,0.015020,0.222586,0.150464,0.038237,0.190949,0.082612,0.143138,-0.035778,0.071917,0.007285,0.229177,0.065911,0.131364,0.200683,-0.096351,0.052759,-0.013049,0.091713,0.123337,0.101394,0.136256,0.008279,0.173292,0.164329,0.112459,0.022964,0.134719,0.097226,0.016585,0.080067,0.177979,0.115556,0.033128,0.219324,0.043902,0.149248,0.000825,0.102251,0.131855,-0.018739,0.281004,-0.012321,-0.087386,0.225695,0.067118,-0.055078,-0.043272,0.071622,0.147090,0.244618,0.239460,0.072500,0.163828,0.046994,0.114527,0.051032,-0.065095,0.180785,0.263027,0.075917,0.033776,0.036270,0.021694,0.249842,-0.052412,-0.087655,0.110130,0.186336,0.175425,-0.015220,-0.007979,0.054798,0.060019,0.006069,-0.005064,0.186655,0.037086,0.169576,#
8,0.043598,0.192833,0.041523,0.235312,0.147546,0.103574,0.140241,0.291210,1.000000,0.289815,0.080397,0.167278,0.091321,-0.025634,0.212254,0.232451,-0.008185,0.043749,0.037874,0.028520,-0.089949,0.218654,0.287600,0.150780,-0.110183,0.144430,0.000729,0.160022,-0.073999,0.206617,0.005157,0.070228,0.038565,0.130774,-0.014507,0.094099,0.138629,0.077854,0.073756,0.129769,0.033801,0.211144,0.211046,0.071385,0.142718,0.024198,-0.046560,0.024050,0.130724,0.088272,0.202961,0.219846,0.030981,0.181041,0.034833,0.262189,0.030190,0.212341,0.074737,0.259992,0.239795,0.049024,0.254662,-0.038438,0.125163,0.264399,0.033215,0.105830,0.170392,0.168244,0.123864,0.032469,0.165530,0.233165,0.170610,0.123506,0.036599,0.061483,0.143909,0.182462,0.119906,0.082920,-0.027643,-0.020848,0.093110,0.165029,0.008241,0.002492,-0.138835,0.126399,0.070361,0.089277,0.072569,0.101070,0.226801,0.168754,0.130279,0.073030,0.074422,0.045619,0.148087,0.079794,0.090353,0.194222,0.136527,0.134726,0.191319,0.119734,0.134863,0.163894,0.077012,0.043726,-0.001462,0.054524,0.278597,0.255831,0.113946,-0.119625,0.065936,0.220247,0.077232,0.027700,0.112824,0.064507,0.016882,0.204173,0.192129,0.172027,0.071818,0.182321,0.017727,-0.054019,0.244341,0.249496,0.223247,0.196851,-0.081351,0.020703,-0.101282,-0.018599,0.014457,0.167816,0.234741,0.074044,0.049369,0.098793,0.250844,0.118659,0.206218,0.061460,0.128615,0.044220,0.084770,0.205345,0.263171,0.172294,0.087409,0.269718,0.044860,0.119476,0.022235,0.030228,0.146521,0.137940,0.158418,0.161634,0.094658,-0.087174,0.091918,0.261609,0.144772,0.148234,0.144801,0.022730,0.237243,0.049276,0.026518,0.060429,0.105224,0.139257,0.214633,0.049017,-0.034110,0.084810,0.160929,0.156639,-0.014545,0.046906,0.204169,0.091342,0.072956,0.056958,0.118774,0.077165,0.111543,0.106182,0.092449,0.108778,0.116660,0.097131,#
9,0.090636,0.089941,0.095344,0.220277,0.254314,0.100076,0.013758,0.115525,0.289815,1.000000,0.234926,0.061452,0.153275,0.006828,0.216328,0.210040,0.059281,0.059425,0.265852,0.252002,0.230225,0.145265,0.247858,0.309464,0.001039,0.069154,0.142868,0.162571,0.058411,0.137894,0.105886,0.047239,0.064569,0.289792,0.230162,0.180595,0.130402,0.168299,0.224935,0.009031,0.232269,0.029752,0.188111,0.047946,0.156278,0.122003,0.156041,0.094021,-0.041309,0.089491,0.002668,0.118575,0.138346,0.095220,-0.017720,0.178983,0.022521,0.154878,0.225611,0.195472,0.136617,0.122105,0.298749,0.096306,0.153774,0.242702,0.044101,0.120879,0.106997,0.008466,0.356869,0.112022,0.136564,0.120931,0.118801,0.100844,-0.101999,0.151444,0.200001,0.209326,0.086096,0.170371,-0.002458,0.032883,0.271441,0.059144,0.074685,0.213869,-0.053568,-0.172304,0.126516,0.348010,0.156482,0.081696,0.252828,0.101692,0.221499,0.258620,0.270763,-0.127274,-0.023565,0.143665,0.283680,0.102782,0.254865,0.231505,0.157869,-0.104833,0.222852,0.185901,0.209359,0.232131,0.263319,0.278285,0.028199,0.204539,0.068394,-0.071896,0.091110,0.073479,0.083626,0.173819,0.186998,0.124272,0.085331,0.117682,0.110184,0.123686,0.254345,0.219956,0.129197,0.037971,0.172933,0.394609,0.199953,0.085104,0.002891,0.086373,0.015193,0.050593,-0.083832,0.232493,0.191448,0.141575,0.016538,0.089941,0.182767,0.138537,0.058742,0.169484,0.028194,-0.057311,0.251290,0.191223,0.261288,0.190279,0.135028,0.237167,0.215086,0.128225,0.094754,0.034690,0.173033,0.281817,0.174456,0.072542,0.093340,0.045307,0.233902,0.149683,0.255474,0.206337,0.098906,0.151920,0.110775,0.186963,0.092911,0.174143,0.256022,0.133981,0.103658,0.082398,0.157188,0.034039,0.028565,0.225093,-0.067912,0.051024,0.409048,0.172030,0.108466,0.134965,0.127491,0.093250,0.068155,0.053121,0.017192,0.179962,0.032186,0.124515,#
10,0.141754,0.121647,0.164499,0.188486,0.026178,0.205901,0.067404,0.143304,0.080397,0.234926,1.000000,0.099510,-0.100738,-0.018127,0.074400,0.172461,0.108199,0.073457,0.037866,0.151952,0.043738,-0.052321,0.038773,0.167391,0.019080,-0.056988,-0.011334,0.246507,-0.129924,0.202257,0.124887,0.072336,0.173969,0.135359,0.195268,0.110237,0.042338,0.099954,0.181395,0.001191,0.206315,0.016218,-0.022186,-0.040686,0.154080,0.169029,0.163410,0.146864,0.191086,0.291194,-0.005307,0.066534,0.141081,0.072947,-0.050487,0.166988,0.006014,-0.060190,0.111007,0.148567,0.121102,0.242667,0.146725,0.331974,0.279959,0.125571,0.142450,-0.054014,-0.033534,0.034503,0.025859,0.203558,0.076870,0.133449,0.039565,0.129461,0.058081,0.161628,0.061592,0.016008,0.321043,0.091043,0.130155,0.078802,0.235723,0.050103,0.120234,0.327971,0.009119,0.112089,0.134337,0.273775,0.104188,0.223673,0.052697,0.320560,-0.006585,0.019626,0.330527,0.141812,0.037816,0.115948,0.155126,0.103288,0.317370,-0.035813,0.093376,0.155592,0.088110,0.044457,-0.070738,0.143653,0.023996,0.085576,0.198858,0.321690,0.080482,-0.076471,0.134808,0.102452,0.091574,0.210412,-0.019832,0.032230,-0.090044,0.121557,0.256226,0.206184,0.179946,-0.028826,-0.011660,0.071310,0.020645,0.097961,0.187215,0.032585,-0.009843,0.175678,-0.057155,0.000366,0.228488,-0.058733,0.078295,0.085707,0.053665,-0.080733,-0.054881,0.069485,0.147556,0.043696,0.189554,0.063526,0.216945,0.103258,0.058963,0.033220,0.240129,0.071402,0.224902,0.042292,0.155792,0.048874,0.226681,0.219902,0.077335,0.184479,0.210048,0.062976,0.215827,0.218140,0.112445,0.023814,0.013108,0.117084,0.169816,0.018218,0.189482,0.233716,-0.038695,0.206137,0.060796,0.029161,0.242904,-0.025801,0.086907,0.078646,-0.024784,-0.058314,0.068884,0.183924,0.197406,0.079125,0.111441,0.031516,0.194016,0.063484,-0.092987,0.227254,0.112062,0.237490,#
11,0.003560,0.154804,0.140559,0.064390,0.113210,0.078890,0.086182,0.134812,0.167278,0.061452,0.099510,1.000000,0.110601,0.020512,-0.040781,0.018632,0.033339,0.129111,0.110925,-0.129880,0.003296,0.197058,-0.030745,-0.044603,0.060599,0.132370,-0.170789,0.208969,-0.074621,0.129605,0.127056,0.096483,0.058175,0.142627,0.065322,0.032724,0.196541,0.015947,0.027615,0.275352,-0.016277,0.106566,0.187191,0.078573,0.114524,0.137351,0.169748,-0.003332,0.130948,0.056777,0.043104,0.173994,0.102702,0.221688,0.092461,-0.016529,-0.142719,0.214609,0.087697,0.070379,-0.006173,0.051320,0.160363,0.000504,0.172225,0.208622,0.118456,0.133881,0.172279,0.133610,0.052679,0.089896,0.053943,0.033977,0.041455,-0.106678,0.086052,0.105782,0.045074,-0.070956,0.103544,0.042102,0.070575,-0.028110,0.100666,0.000302,-0.021219,0.044571,0.141167,-0.043316,-0.015214,0.295477,0.171050,0.117760,0.196838,0.272689,-0.049751,0.026856,0.103886,0.137350,-0.000072,0.122375,-0.024321,0.098596,0.060727,0.235502,0.071610,0.148948,0.221322,0.201294,0.149453,0.106754,0.105520,0.055202,-0.069698,0.232421,-0.046282,0.122311,-0.083535,0.189169,-0.049677,0.102943,0.079138,0.009020,0.013477,0.024719,0.003440,-0.051227,0.233058,0.053955,0.065222,0.150062,0.214412,0.209973,0.046482,0.032802,-0.066609,0.094116,-0.067999,0.203006,0.135173,-0.022607,0.125395,0.130549,0.297983,-0.002479,0.111523,0.066182,-0.025119,0.022421,0.091472,0.103171,0.125989,0.118941,0.125050,0.118089,0.094092,0.030987,0.120467,-0.036777,0.000012,0.180009,0.037376,-0.004572,0.064242,0.003594,0.180703,0.024780,0.068727,0.245483,0.050949,0.128174,0.066765,-0.018361,0.047207,0.054371,0.016332,0.067639,-0.019897,0.236823,0.164978,-0.028873,0.082736,-0.032762,0.090816,0.116659,-0.100198,0.134252,0.211527,0.187495,0.161947,-0.090469,0.215525,0.231817,0.240558,0.068725,0.037673,0.144172,-0.025857,0.110552,#
12,0.067954,0.088362,-0.024764,-0.005127,0.098662,0.077236,0.165659,0.069019,0.091321,0.153275,-0.100738,0.110601,1.000000,0.066472,0.275300,0.104776,0.306295,0.206142,0.210886,0.177908,0.078782,0.185809,0.151871,0.173677,-0.060187,0.043520,0.045670,0.111266,0.094231,0.021656,-0.008758,0.110629,0.171775,0.117902,0.150947,0.143969,0.135966,0.043132,0.063852,0.236748,-0.075580,-0.004690,0.141333,0.291592,0.107785,0.107714,0.114284,-0.051991,0.144487,0.009197,0.138283,0.035605,0.041671,0.112434,0.233954,0.033449,-0.015124,0.108434,0.064065,-0.048452,0.035987,0.248477,-0.093874,0.141967,0.276939,0.110934,0.062076,0.084713,0.127579,0.082090,0.153823,0.026441,0.242496,0.049823,0.195456,0.206244,0.154008,-0.106699,0.006322,0.017187,0.163515,0.067596,0.000679,0.099921,-0.015631,0.081509,0.086638,0.114448,0.226648,-0.004059,-0.001292,-0.004385,-0.024019,-0.003631,0.063915,0.250821,0.327433,0.162686,-0.024970,-0.039675,0.022522,0.088036,0.117247,0.140865,0.070502,0.085731,0.109812,0.003953,0.084290,0.093487,0.149591,0.021349,0.081062,-0.010040,0.167415,0.049599,0.257303,-0.043760,0.061592,-0.037704,0.145729,0.152816,0.182240,0.194036,0.197358,-0.102558,0.115141,-0.135005,-0.016231,0.098923,0.055446,0.088336,0.011970,0.142554,0.061742,-0.026150,0.099732,0.109249,0.191275,-0.026978,0.156756,0.244180,0.096124,0.018482,0.142035,0.163396,0.121798,0.126756,0.012796,0.206904,0.003853,0.240290,0.171110,-0.042772,0.059070,0.334814,0.075382,0.005312,0.064585,0.058262,0.053078,0.228163,0.201554,0.111050,0.233191,0.067224,0.206243,0.125115,0.034476,0.030731,0.199535,0.217250,0.051261,0.194557,0.106088,0.124948,0.139953,0.186052,0.059222,-0.010350,0.127696,0.107057,0.144517,0.085466,-0.004378,0.137081,0.056879,0.317364,0.062250,-0.064421,0.052528,-0.033632,0.101794,0.139806,0.087901,0.104156,0.004565,0.149734,0.133894,-0.069103,#
13,0.042162,-0.091534,0.225243,-0.015519,0.050071,-0.088776,0.136515,0.047430,-0.025634,0.006828,-0.018127,0.020512,0.066472,1.000000,0.154370,-0.000381,0.164181,0.131138,0.100440,0.114430,0.175577,0.134552,0.119971,0.192285,-0.095499,0.156890,0.072955,0.147212,0.060663,0.063311,0.054212,0.080937,0.199921,0.099400,0.101410,0.030287,0.064090,0.146028,0.063750,0.158065,-0.050168,0.148738,0.103136,0.022969,0.238055,0.132857,0.081434,0.064697,0.127341,0.078692,0.013867,0.084716,0.089867,0.228867,0.088318,0.125592,-0.069416,0.076162,0.003862,0.149701,0.164455,0.193775,0.135460,0.099343,0.150583,0.036604,0.190116,0.053640,0.179765,0.096647,0.091358,0.148796,-0.153639,0.090080,0.328756,0.234928,0.114639,0.066454,0.219049,0.198229,0.023792,0.144870,0.212689,0.049098,0.049435,-0.000794,0.004828,0.054086,0.145609,0.064782,0.108849,-0.008344,0.088424,0.206362,0.101837,-0.065549,0.141485,0.017880,0.018309,0.283763,0.050071,0.201533,0.043695,0.309822,-0.033656,0.253785,0.111607,0.103499,0.184640,0.087582,0.125811,0.160516,0.233248,0.078212,0.230679,0.153122,0.143743,0.179797,0.015955,0.174961,0.027552,0.057006,0.080834,0.011606,0.130989,-0.111903,0.015894,-0.109279,0.131685,0.097270,-0.082745,0.111564,0.044980,0.071324,0.229800,0.050961,-0.073000,0.027900,0.155279,0.148652,-0.191353,0.127601,0.273683,0.085188,-0.047591,0.139403,0.128541,0.110878,0.001789,0.049830,-0.024993,0.075843,0.072555,0.174159,0.122092,0.197630,-0.104012,0.047742,0.178343,0.119181,0.028736,0.154670,0.137328,0.158134,0.019978,0.201284,0.063934,0.001037,0.148593,0.008934,0.117352,0.100614,0.098082,0.182089,0.230545,0.021381,0.106037,0.247645,0.142410,-0.027037,-0.053248,0.190877,0.070510,0.033792,0.149058,0.142735,0.150681,0.084091,-0.110176,0.022430,0.143642,0.098426,0.139476,0.243988,0.097118,0.037492,0.052585,0.071537,0.098626,0.010646,#
14,0.201914,-0.014690,-0.088623,0.168857,0.147067,0.091953,0.001213,0.229802,0.212254,0.216328,0.074400,-0.040781,0.275300,0.154370,1.000000,0.242763,0.158174,0.100844,0.219899,0.271910,0.166704,-0.003035,0.138446,0.220298,-0.004751,0.029238,0.123213,0.073371,0.143541,0.081872,0.041151,0.302948,0.113019,0.139366,0.193524,0.093763,0.030957,0.126053,0.136330,0.167408,-0.055464,-0.059493,0.106125,0.101661,0.221157,0.154058,0.094577,-0.046812,-0.022460,0.150539,0.116879,-0.008269,0.147580,0.224817,0.211868,0.119634,0.104394,0.153721,0.146119,0.120020,0.141853,0.219879,0.191149,0.190348,0.052781,-0.094278,0.077570,0.178133,-0.043624,0.184819,0.160006,0.105034,0.219735,0.087815,0.281325,0.147301,0.308471,0.107286,0.066172,0.042996,0.197624,0.260051,0.139694,0.255079,0.127827,0.090358,0.064023,0.202647,0.070795,-0.006278,-0.038161,0.051272,0.114689,0.162408,0.091998,0.170675,0.300617,0.130257,0.042485,0.011311,0.154100,0.211044,0.185720,0.190473,0.280712,0.027513,0.147954,0.048274,-0.036023,0.128487,0.084248,-0.091935,0.173782,0.207484,0.205013,0.143171,0.230400,-0.109000,0.079284,0.035056,0.225626,0.190049,0.101175,0.072642,0.181854,-0.023430,0.071937,0.171054,0.015104,0.266238,0.011774,-0.008883,0.062326,0.175733,0.145002,0.162095,-0.141004,0.174885,0.011088,-0.026590,0.049793,0.188336,0.129691,0.171260,-0.060083,0.279301,0.136386,0.074184,-0.016375,0.031946,0.131816,0.159638,0.097692,0.153283,0.214332,0.230981,0.132298,0.147809,-0.007190,0.161031,0.019008,-0.006333,0.203020,0.124180,0.087260,0.136581,0.125161,-0.013450,0.137683,0.220474,0.195934,0.031058,0.169764,0.147923,-0.009897,0.096683,0.196952,0.211010,0.130225,-0.021697,0.290540,0.243189,0.070411,-0.014680,0.065590,0.028245,0.080522,-0.060590,-0.028792,0.177096,-0.039154,-0.008884,0.121472,0.163487,0.189881,0.064167,0.052472,0.075185,0.137556,-0.004449,#
15,0.278136,-0.027471,0.073180,-0.002525,0.128528,0.158631,0.024937,-0.005889,0.232451,0.210040,0.172461,0.018632,0.104776,-0.000381,0.242763,1.000000,0.165743,0.146189,0.089775,0.142309,-0.004310,0.031107,0.206033,0.261349,-0.089720,0.129634,0.005141,0.066425,0.106590,0.276138,0.047202,0.194483,0.026531,0.193077,0.100544,0.277128,0.104955,0.051505,0.205042,0.026837,-0.004034,0.027715,0.042062,0.087300,0.180598,0.084927,-0.053525,0.153159,0.082090,0.234377,-0.147924,0.284543,0.052488,0.120221,0.197622,0.091233,0.090304,-0.016267,0.125435,0.143911,0.161705,0.129740,0.270740,0.073030,-0.015584,0.253325,0.002644,0.067376,0.026686,-0.105138,0.175445,0.065218,-0.052465,0.029159,0.070015,0.088042,0.099067,0.118015,0.021771,-0.008711,0.266661,0.072241,-0.185187,0.176048,0.190128,0.094492,-0.019563,0.328453,0.019868,-0.012689,0.080714,0.032038,0.030140,0.034491,0.069935,0.102200,0.222107,-0.011221,0.020413,0.079805,0.205132,0.121427,0.082091,0.133072,0.064851,0.162062,0.206893,0.096038,0.010938,0.157919,-0.091149,0.114708,0.056001,0.094622,0.002919,0.059644,-0.027652,0.000591,0.047923,-0.030960,0.097955,0.053402,0.132972,0.045243,-0.110646,0.090319,0.151194,0.207402,0.043852,0.310254,-0.091245,-0.010525,-0.012496,0.176687,0.114421,0.015475,-0.153479,-0.089691,0.044608,-0.075392,0.008915,0.056009,0.090594,-0.017614,0.042383,-0.057082,0.096508,0.066879,0.147566,-0.058155,0.092318,-0.073327,0.256019,0.160734,0.026123,0.194909,0.212707,0.167936,0.009144,0.165115,0.005197,0.045618,0.308280,-0.006342,0.102318,0.177012,0.173347,0.175918,0.255636,-0.034055,-0.069366,0.132776,-0.099509,0.155949,0.057467,0.156409,0.213413,0.159277,0.051093,0.127281,0.228741,0.038124,0.109060,0.199207,0.069975,0.088948,-0.073157,0.217825,-0.101435,0.053075,-0.064417,0.021145,0.148749,0.101103,-0.016772,0.077748,0.202121,0.208674,0.131233,-0.071803,#
16,0.255561,0.048114,-0.163119,0.028590,0.036255,0.034189,0.096813,0.193684,-0.008185,0.059281,0.108199,0.033339,0.306295,0.164181,0.158174,0.165743,1.000000,0.079228,0.095110,0.225949,0.197703,0.105883,0.061107,0.134418,-0.008792,0.132486,0.157979,-0.053608,-0.100120,0.273768,-0.084751,0.169039,0.143098,0.325316,0.169848,0.086813,0.130975,0.055953,0.168988,0.096679,-0.015839,0.038091,0.101375,0.120505,0.123352,0.178476,0.004497,0.049246,0.053242,0.137342,0.028110,0.052091,0.213850,0.279784,0.141754,0.059678,-0.104529,0.091762,0.114055,0.075449,-0.027662,0.235820,0.133540,0.033281,0.127396,0.124408,-0.087273,0.206444,0.113510,0.201530,0.034778,0.057823,0.207733,0.068078,0.127480,0.103237,0.016264,0.198203,0.080523,0.191105,0.178428,0.051659,0.025667,0.243108,0.159647,0.123250,0.217749,0.134016,0.209110,0.159805,0.126737,0.024418,0.073984,0.004657,0.156252,0.095334,0.107852,-0.002201,0.095148,0.198068,-0.031114,0.069823,0.064509,0.150501,0.043325,0.197965,0.200671,0.117462,0.164119,0.198692,0.048653,0.149804,0.160623,-0.029126,0.259223,0.151652,0.131678,-0.015957,0.085947,0.075365,0.292654,0.271316,0.184441,0.198834,0.316070,0.054438,0.117482,-0.057119,0.065675,0.200889,0.108838,0.029173,0.117448,-0.067640,0.257743,0.161718,-0.063113,-0.032426,-0.045308,0.106880,0.001098,0.123909,0.073539,0.098850,0.137680,0.037787,0.076330,0.026285,0.097907,0.282384,-0.130536,0.130986,0.068071,0.050846,0.093136,0.277865,0.150456,0.080037,0.132356,0.226739,0.006382,0.192699,0.177234,0.071310,0.059655,0.138927,0.192924,0.177162,0.160842,-0.072006,0.158020,0.226454,0.066722,-0.018691,0.073413,0.028844,0.080651,0.175049,0.197307,-0.048385,-0.005336,0.044374,0.126918,-0.026557,0.115113,0.245926,0.096918,0.218072,0.035682,0.071899,0.178044,-0.064008,-0.084428,0.059098,0.080381,0.141806,0.073588,-0.028867,0.020224,-0.025360,#
17,0.264073,0.006894,0.013847,0.102732,0.092062,0.123630,0.104147,0.113728,0.043749,0.059425,0.073457,0.129111,0.206142,0.131138,0.100844,0.146189,0.079228,1.000000,0.117202,0.120894,0.124302,0.133434,0.072714,0.258118,0.130874,0.125083,0.106480,0.007719,-0.065272,0.068837,0.103847,0.007182,0.133376,0.013693,0.101976,0.267022,-0.042417,0.147703,0.283881,0.103626,0.181655,0.192502,0.130486,0.100986,0.080038,0.116799,0.086556,0.227651,0.068218,0.132595,0.172867,0.071490,0.069961,-0.000530,0.141243,0.184701,0.080934,-0.024616,0.181196,-0.013727,0.107147,0.156193,-0.062883,0.103178,0.142013,0.322453,0.172677,0.241250,0.022929,0.057153,0.108930,0.235417,-0.061584,0.045006,0.071758,0.141604,0.050614,0.046732,0.096610,0.103099,0.126744,0.029317,0.069566,0.042178,0.000057,0.030529,0.283923,0.083188,0.091547,0.065140,0.089613,-0.066448,0.145913,0.119237,-0.024344,0.239749,0.100894,0.110470,-0.090086,0.085595,0.173881,-0.080951,0.031188,0.137798,0.096237,0.104459,0.107949,0.032841,0.158241,0.041531,0.134176,0.156061,-0.043479,0.182385,0.204207,-0.013772,-0.008069,-0.045294,0.081796,0.081565,0.056852,0.211135,0.015063,0.055505,0.224283,0.176366,0.194169,-0.141211,0.082340,0.135782,0.252423,0.159422,0.155213,0.043411,-0.062217,0.124314,0.029395,0.117775,0.116011,0.202036,0.158089,0.165488,0.187657,0.099199,0.150467,0.145126,0.065826,0.177062,-0.000486,-0.074920,0.147922,-0.076689,0.028651,0.062724,0.261974,0.276182,0.194361,0.166344,0.145449,0.033238,0.078755,0.115897,0.240818,0.147771,0.101787,0.133133,0.021997,0.088024,0.147995,0.034380,0.209075,0.023733,0.093503,0.083710,0.118854,-0.022388,0.140828,0.056943,-0.021035,0.350879,0.149123,0.208630,0.150870,0.212018,0.125368,0.091325,0.102348,0.198165,0.097154,-0.006858,0.036476,0.106332,0.110061,0.200255,0.163220,0.247190,-0.021604,0.237026,-0.000410,0.132878,#
18,0.191753,-0.006382,0.112258,0.252771,0.134646,-0.113426,0.060041,0.071820,0.037874,0.265852,0.037866,0.110925,0.210886,0.100440,0.219899,0.089775,0.095110,0.117202,1.000000,0.271158,0.136079,0.193770,0.199627,0.222140,0.106250,0.095149,-0.011036,0.184739,0.018848,0.024062,-0.044545,-0.055613,0.187643,0.190177,0.214802,0.215494,0.116208,0.174221,0.103970,0.210221,0.113788,-0.029423,0.130740,0.023142,0.268096,0.006041,0.099068,0.063205,-0.148432,0.131070,0.031988,0.116107,0.153372,0.032199,0.121787,0.165901,0.027786,0.107467,0.056505,0.123323,0.166848,0.091922,0.235730,0.054783,0.293485,0.113510,0.080266,0.109807,-0.136724,0.099248,0.154896,0.065833,0.053035,-0.067333,0.208166,0.156896,0.179844,0.136682,0.160573,0.115666,0.031168,0.037548,0.166821,0.084525,0.078080,-0.013638,0.143975,0.103881,-0.006258,0.056537,0.231537,-0.021938,-0.000134,0.019074,0.207503,0.229518,0.253724,0.052921,0.122692,0.136465,0.124684,0.158290,0.113420,0.043591,0.270160,0.179481,0.046330,-0.050513,0.098828,-0.018029,0.176430,0.100678,0.268012,0.047787,0.037701,0.065401,-0.013443,-0.202045,0.011848,0.127957,0.104029,0.140907,0.148545,-0.027508,0.112041,-0.097795,0.037131,0.157499,0.229557,0.061731,-0.039197,0.216708,0.000402,0.213850,0.142085,0.144366,0.112048,0.184796,-0.031467,0.083268,-0.068572,0.179873,0.143551,0.158956,0.129532,0.288407,0.096331,0.073245,0.005598,0.134377,-0.038236,0.072594,0.098147,0.118935,0.082200,0.138467,0.133617,0.175312,0.068733,0.189012,0.147598,0.119646,0.195037,0.133206,0.064195,0.354141,0.154373,0.082134,0.140647,0.229839,-0.049675,0.198796,0.173572,0.181089,0.012967,0.183921,0.155425,0.155041,0.031202,0.074204,0.013126,0.095603,0.100501,0.087797,0.072004,0.050259,0.297774,0.011190,0.083549,-0.031338,0.112609,0.052283,0.056772,0.243719,0.230470,0.155173,0.012159,0.095334,0.185009,-0.012669,#
19,0.248989,0.000251,0.023076,0.110745,0.314919,0.277157,-0.027245,0.043368,0.028520,0.252002,0.151952,-0.129880,0.177908,0.114430,0.271910,0.142309,0.225949,0.120894,0.271158,1.000000,0.067510,0.003278,0.185236,0.164319,0.012185,0.054581,0.190982,-0.032412,0.012245,0.184054,0.171086,0.082269,0.102707,0.117470,0.133261,0.127330,0.145448,0.051906,0.210049,0.181732,0.135941,0.031639,0.005651,-0.021614,0.075854,0.109518,0.239570,0.157376,0.122247,0.178562,-0.008011,0.062179,0.069902,0.101141,0.116019,0.215191,0.146390,-0.010917,0.130927,0.179332,0.213797,0.329640,0.241285,0.224685,0.287948,-0.007754,0.077410,0.231043,-0.132225,-0.015121,0.262347,0.089925,0.143168,0.200067,0.226705,0.272185,0.101224,0.159836,0.307528,0.127980,0.153924,0.048509,0.164190,0.124105,0.056309,0.212082,0.015418,0.288263,0.118018,-0.146599,0.131519,0.004481,0.188306,0.027543,0.010727,0.171164,0.237170,0.124761,-0.106776,0.078394,0.097882,0.194328,0.195070,0.179812,0.158536,0.289602,0.187825,0.174716,0.166638,-0.030118,-0.061593,0.100672,0.244516,0.166707,0.143607,0.018861,0.273580,0.055035,0.114135,-0.123700,0.056350,0.293109,0.185776,0.130822,0.312567,-0.013050,0.329143,0.044454,0.161251,0.197393,0.074831,0.081158,0.021182,0.070744,0.190938,0.070615,0.035004,0.151906,-0.031438,-0.013232,-0.016216,0.168235,0.121291,0.127034,0.108860,0.160132,0.103027,0.099438,0.112390,0.115146,0.097489,0.285098,0.113470,0.097353,0.174154,0.190282,0.112769,0.176871,0.206145,0.299875,0.242406,0.043438,0.151025,0.038336,0.211578,0.174152,0.043360,0.153472,0.186427,0.066159,0.139616,0.179362,0.272672,0.276460,0.087982,0.066000,0.185408,0.285953,0.179903,0.089355,-0.044515,0.215238,0.230417,0.248569,0.314838,0.132076,0.061698,0.061552,0.138551,0.094815,0.218680,0.222740,-0.044040,0.126309,0.010931,0.296071,-0.049647,0.135954,0.264865,0.125756,#
20,0.068866,-0.045901,0.143287,0.095112,0.308654,0.003332,0.241156,-0.051944,-0.089949,0.230225,0.043738,0.003296,0.078782,0.175577,0.166704,-0.004310,0.197703,0.124302,0.136079,0.067510,1.000000,0.203488,0.040572,0.129146,0.036771,0.229966,0.192114,-0.132081,0.052926,-0.039815,-0.025656,-0.024999,0.183126,0.191103,0.145384,0.301516,0.245454,0.196389,0.317314,0.204979,0.001592,0.217911,0.023899,-0.062411,0.217109,0.100629,0.283386,-0.069606,-0.099910,0.136842,-0.072329,0.092448,0.066420,0.236725,0.257487,0.172596,0.102973,0.211762,0.103356,0.104895,0.159977,0.135693,0.143246,0.017152,0.039267,0.020332,0.000095,0.130517,0.105115,0.222333,0.338354,0.135542,0.047970,0.119008,0.186143,0.048552,0.014146,0.160967,0.107343,0.033132,0.109301,0.250264,0.142685,0.055492,0.072910,0.063218,0.098795,0.036514,0.078125,0.030694,0.220659,0.046880,0.103539,0.194914,0.309479,0.005620,0.076581,0.221307,0.171494,0.024409,0.155579,0.119361,0.260006,0.041198,0.154041,0.101533,0.159030,0.038392,0.073888,0.270292,0.196940,0.282684,0.166802,-0.076134,0.177497,0.156176,0.275897,0.157177,0.106239,0.229910,0.154029,0.218526,0.060737,0.253166,0.109515,0.143848,0.234790,-0.010536,0.338401,0.134514,0.255556,0.078779,0.055965,0.245973,0.096995,-0.053888,0.065402,-0.051563,0.096998,0.103989,0.064443,0.249635,0.063696,0.132172,0.123731,0.111780,0.086593,0.045223,-0.040629,0.263047,0.196082,0.116537,0.060970,0.237444,0.078757,0.124628,0.034070,0.021409,0.060713,0.237737,0.075676,0.199464,0.159653,0.159228,0.154723,-0.022927,-0.006788,0.080500,0.168982,0.094645,0.193060,0.047023,0.207715,0.038642,-0.010822,0.055526,-0.079425,0.123448,0.311137,0.085176,0.089669,0.112983,0.069647,0.051942,0.109745,0.014125,0.080314,0.207535,0.083310,0.208125,-0.113724,0.018738,-0.008280,0.308690,0.047468,-0.017974,0.081190,0.056941,0.238861,0.220180,#
