0,1.000000,0.021297,-0.126330,0.152734,0.021680,0.029166,-0.057067,0.041116,-0.000548,-0.064932,-0.159835,0.016219,0.183755,-0.260112,0.247798,-0.111109,0.029339,0.017855,-0.012727,0.133225,-0.116441,-0.043183,0.028225,0.018051,0.112568,0.039178,0.205326,-0.051714,-0.059162,-0.044134,-0.100094,-0.048397,-0.082401,-0.209054,0.153932,0.039231,0.100662,-0.059704,0.064715,0.005795,-0.051945,-0.036230,0.114599,0.073734,-0.066836,0.014247,0.061008,-0.086799,-0.031868,-0.000126,0.108455,-0.089767,0.166795,0.155290,-0.073677,0.123985,-0.077081,0.039190,0.023489,-0.151615,0.196163,-0.131402,-0.085399,0.062687,0.012655,0.152120,-0.229566,0.170460,-0.140447,0.062443,-0.002086,-0.034910,0.004180,-0.100488,0.043420,-0.096458,-0.132693,-0.145398,-0.119574,0.005524,0.196887,0.042468,-0.121073,-0.026450,-0.094488,0.199721,-0.069010,-0.255663,-0.126035,-0.030773,-0.078425,-0.129012,-0.133028,0.043186,-0.019415,0.135831,-0.083959,-0.032434,-0.016160,0.070560,-0.145150,-0.058722,-0.213053,-0.037983,0.104486,-0.183360,-0.247076,0.020326,0.076208,-0.007351,0.153814,-0.096570,-0.108844,-0.070155,-0.054357,0.076670,-0.076469,-0.165146,0.166283,0.084842,0.091632,0.088395,0.074671,0.040476,0.010438,0.036872,0.047102,0.116312,-0.075314,-0.021163,-0.090719,-0.062013,-0.070618,-0.057655,-0.024273,-0.118907,0.140813,0.111157,-0.113059,-0.016349,-0.158831,0.196223,-0.148520,0.109996,0.009593,0.002911,0.024168,-0.118931,0.120699,-0.093045,0.041906,-0.206496,0.002633,-0.177892,-0.050406,-0.064233,-0.023405,-0.030462,0.063831,0.142422,0.113515,0.305183,-0.110955,-0.099396,0.080631,0.078683,0.081400,-0.068667,0.212543,0.060135,0.095439,-0.031165,0.142950,0.049537,0.071712,-0.141723,-0.027769,0.018181,0.097810,0.027688,-0.110890,0.092707,-0.138496,-0.015381,0.081802,0.041488,-0.004088,0.089955,-0.052264,0.105400,-0.095739,-0.115231,0.011733,-0.068551,-0.002713,-0.101159,-0.119903,-0.129520,-0.157105,0.081561,#
1,0.021297,1.000000,-0.058560,0.104553,0.031511,0.117236,0.114873,-0.021824,-0.083079,0.001691,0.086087,-0.067817,0.275908,0.160337,-0.166689,-0.011023,0.116491,0.003178,0.105611,-0.041090,0.222781,0.118794,0.147498,0.290861,0.000236,-0.055217,0.014832,0.008100,-0.060952,0.049095,0.000104,0.186233,0.158082,-0.018210,0.035627,0.082194,-0.087479,0.042470,-0.013124,0.023894,0.078692,0.011301,-0.015612,0.110374,0.122177,0.190210,0.144256,0.078737,-0.073611,0.130285,0.116114,0.115609,0.178900,0.081979,0.038105,0.205182,-0.094695,0.061831,0.143521,0.044575,0.011247,0.015247,-0.018584,-0.015456,-0.081007,0.051975,0.108896,0.107336,0.181849,0.160059,0.122938,0.137250,0.249413,0.029318,-0.033247,-0.042830,0.110896,0.106859,0.160054,-0.019158,0.105073,0.183207,0.145340,-0.035593,0.065915,0.097179,0.013334,-0.149864,-0.006279,0.163856,0.121568,0.000032,0.032083,0.013267,-0.106918,0.001557,0.136728,-0.084606,-0.064593,0.141972,0.026788,0.171424,0.181979,0.209372,0.086521,-0.037045,-0.040562,0.233475,-0.001194,-0.148240,0.119624,0.152475,-0.006634,-0.005311,0.117435,0.088059,0.204652,0.310565,0.089774,0.051877,0.066225,0.244229,0.000172,0.203732,-0.012081,0.048663,0.184329,0.142871,0.114610,0.062115,-0.044417,-0.049921,-0.064663,0.180424,-0.038207,-0.062589,-0.029119,-0.053879,0.231561,0.027293,-0.028000,0.058275,-0.243464,-0.085864,-0.060952,-0.072592,0.132062,-0.055710,-0.039353,0.143079,0.077944,0.099857,-0.119460,0.101787,0.125932,0.041946,0.099361,0.046496,0.083599,0.008371,-0.060854,0.118653,0.133480,0.065536,-0.010047,-0.029999,0.080606,0.175140,-0.020777,0.124960,0.270356,-0.098585,0.168953,-0.001360,0.178034,-0.009066,0.028373,0.136337,-0.042780,-0.113274,0.018366,-0.133793,-0.036945,-0.092147,-0.094952,0.168911,-0.001178,0.051984,-0.016790,-0.018862,-0.052766,0.129799,0.072705,0.186463,0.123683,0.176945,0.125627,-0.134317,0.102436,0.033540,#
2,-0.126330,-0.058560,1.000000,-0.032283,-0.171961,0.061942,-0.017666,0.083670,-0.089667,0.025870,0.034364,-0.179916,-0.043322,-0.052683,-0.065429,-0.068933,0.012670,0.087020,0.128326,0.042189,0.040703,0.051327,-0.155171,-0.063990,0.029867,-0.159486,0.092655,-0.051539,-0.053401,0.017706,-0.027018,0.014954,0.157018,0.042346,0.160309,0.036403,0.116310,-0.061946,0.036900,0.106715,0.301337,0.123265,-0.047498,-0.095454,0.061488,0.208882,0.040606,-0.040585,-0.058484,0.214450,-0.070623,-0.059037,-0.023593,0.183471,0.131347,0.095289,0.102168,0.016380,-0.076140,-0.063553,0.136059,0.118591,-0.014846,0.146073,-0.072582,-0.086710,0.219142,-0.185762,0.237255,0.097982,0.188449,0.123699,-0.025006,0.246265,-0.050262,-0.032203,0.081818,0.165061,0.008040,0.249157,0.009174,0.175588,0.044618,0.071734,0.100346,0.204320,0.171068,0.192510,0.088576,0.016088,0.182733,0.053494,0.043921,-0.165982,0.179720,0.025808,-0.016182,0.015249,0.103154,-0.034237,0.068419,-0.252621,-0.149623,0.127778,0.173293,0.231064,0.065632,0.064827,0.245018,0.043042,0.140813,0.036965,0.035844,-0.017842,-0.004248,-0.043849,-0.049757,0.011286,0.042379,-0.033250,0.063589,0.136020,-0.001938,-0.075946,0.087712,0.223572,0.016951,0.060613,-0.051121,0.134545,0.008544,0.181766,0.071926,0.200023,0.017609,-0.080611,-0.090681,-0.059936,-0.046735,-0.070948,-0.003886,-0.001395,0.030141,-0.027218,-0.008981,0.099569,0.170934,0.092854,0.126744,-0.082402,-0.015810,-0.022306,-0.119830,0.120994,-0.012285,0.189535,0.004746,-0.005959,-0.023977,-0.080203,0.043696,-0.229490,0.041104,0.008216,-0.116663,0.036588,0.118051,0.014986,-0.077145,0.047158,0.147457,-0.075938,0.102992,-0.072133,0.025590,0.183185,0.261078,0.068569,-0.016598,-0.044718,0.022034,0.206963,0.211567,0.227697,0.036539,0.039704,-0.021813,0.105334,0.105249,-0.091601,-0.066575,0.079371,-0.154958,0.228011,0.041968,0.163001,0.160499,-0.064077,-0.100003,0.007324,#
3,0.152734,0.104553,-0.032283,1.000000,0.118725,0.089207,-0.132088,0.167643,0.056170,0.039748,-0.122673,-0.056289,0.118747,-0.034245,-0.004577,-0.169929,0.113530,-0.021379,-0.079168,-0.045501,0.235614,0.097790,0.059485,-0.116263,0.062495,0.239044,0.078362,0.168976,0.002711,0.072094,-0.058705,0.080575,0.015600,0.104930,0.056888,-0.034634,-0.053209,0.016236,-0.046049,0.125567,0.052364,0.106837,0.036602,-0.085675,0.129623,0.031709,-0.030132,0.219894,0.064923,-0.000287,0.087897,0.089749,0.137369,0.091698,0.211415,0.037301,-0.129733,-0.017553,0.228206,0.086124,0.129264,0.036870,-0.109219,0.087387,0.015481,0.197753,-0.062509,-0.006623,0.003833,0.071301,-0.075060,0.045776,0.244367,0.125045,-0.044970,0.012040,0.052411,-0.044776,0.132043,0.121508,0.162511,0.116279,-0.033984,0.082449,-0.041955,0.120111,0.006150,0.104438,-0.056891,0.084194,-0.106221,0.055292,0.094088,-0.056205,0.191696,0.084164,0.011595,-0.008961,-0.081391,0.232650,0.024103,-0.065846,-0.120928,0.053230,0.021481,0.001640,0.105473,0.242584,-0.061427,-0.022460,-0.046904,0.146567,0.028835,0.035236,-0.040118,0.052679,0.163776,0.108948,0.039029,0.006327,-0.045300,-0.008242,-0.115038,0.119786,0.068851,0.105819,0.132966,0.124279,-0.089198,-0.004247,0.009238,-0.015623,0.056939,0.111805,0.065743,-0.072306,0.035290,-0.037210,0.116542,0.101249,-0.023526,0.012909,-0.193887,0.025532,-0.133243,0.103564,0.102083,-0.036701,0.043948,-0.123576,-0.025549,-0.085750,0.029953,-0.021135,-0.017040,0.019880,0.136143,0.050436,0.015135,0.183359,0.251222,0.184990,-0.015369,0.297268,0.108249,0.001608,-0.087092,-0.054115,0.006670,0.095849,0.197229,-0.053551,-0.038279,-0.122368,-0.112490,0.032169,-0.042014,-0.026144,0.098859,-0.047108,0.003727,0.079395,-0.061298,0.180897,-0.059728,0.164669,-0.150794,-0.054084,0.158995,0.103799,-0.094120,0.094513,0.186356,-0.019079,0.065000,0.138207,0.185491,0.053337,-0.053370,0.134726,#
4,0.021680,0.031511,-0.171961,0.118725,1.000000,0.089815,0.051345,-0.003689,-0.081671,0.057636,0.029503,-0.014659,-0.093936,-0.134244,0.054695,0.021702,-0.119502,-0.099416,-0.203354,0.037750,0.097064,0.133430,0.243389,0.139613,-0.066971,-0.100256,-0.055403,0.061442,0.100222,0.124856,0.081962,0.023172,0.020558,-0.007636,0.049777,0.145218,-0.096646,-0.060481,0.100579,0.189439,-0.072403,0.053007,0.078699,0.060334,0.242744,-0.168263,0.202361,-0.014989,-0.120577,-0.054411,0.204562,0.104732,-0.012293,-0.152381,0.012892,0.031077,-0.084604,0.072786,0.181855,-0.062104,-0.048027,0.018768,0.154188,0.014817,0.206669,0.303218,0.021718,-0.029753,-0.008950,0.041434,0.065244,-0.055079,-0.004368,-0.060298,-0.039124,0.133287,0.126554,-0.034443,0.121683,0.022963,-0.152871,0.187266,0.072977,-0.115719,0.083922,-0.010109,0.024772,0.112998,0.068911,0.149997,-0.003667,-0.121150,0.047508,-0.030656,0.126861,0.044762,0.131800,0.042574,-0.028823,-0.003289,-0.066828,0.181446,-0.005908,0.073824,-0.036178,-0.187247,0.106462,0.008856,0.003258,0.143236,-0.119131,0.093149,0.221763,0.219938,0.017745,-0.001449,-0.072061,0.274381,-0.036069,0.075388,0.038349,0.003114,-0.022186,0.060292,0.078899,0.089827,0.179263,-0.029095,0.192406,0.063794,0.133202,0.032554,-0.044403,0.051843,0.034772,0.018401,0.030496,0.183954,0.034963,0.066519,-0.054829,0.247542,0.010637,0.134400,-0.054216,0.131809,0.019684,-0.138621,0.023066,0.029000,-0.038402,0.171517,-0.002721,-0.140010,0.120588,-0.099354,0.171231,0.215985,0.149505,0.047554,-0.093877,0.264436,0.021003,0.169367,0.105206,-0.040839,0.080423,0.027674,-0.080543,0.054867,-0.019237,-0.017137,0.023862,0.011429,-0.003626,0.000214,-0.003115,0.154821,0.058001,0.151517,0.171880,-0.009637,0.041062,0.088266,0.119705,0.186254,0.003779,0.095283,-0.021468,0.120677,0.079499,-0.063383,0.158698,-0.013670,0.090270,-0.131264,-0.025731,-0.034653,0.080938,0.036957,#
5,0.029166,0.117236,0.061942,0.089207,0.089815,1.000000,0.010183,0.050375,-0.004683,0.038094,-0.051923,-0.176972,0.174299,-0.036773,-0.016347,-0.058321,0.071339,-0.034091,0.116737,0.251999,-0.010767,-0.109620,-0.008501,0.089136,0.179779,0.192547,0.116422,0.126180,-0.000283,0.127104,-0.085923,0.078321,0.011124,0.216189,0.087463,0.098306,0.059155,-0.142566,-0.035098,0.136099,-0.113776,0.113039,0.088808,0.105693,0.096641,0.137009,-0.093851,0.235466,-0.087522,0.109957,0.175930,-0.036892,0.076231,-0.036938,0.159891,0.244828,-0.071707,-0.010293,0.107654,-0.039454,-0.016338,-0.063490,0.045824,0.143746,0.006808,0.055550,-0.176430,-0.006621,0.102465,0.153900,0.238825,0.126057,0.070115,0.094034,0.094352,-0.038854,-0.187155,0.285132,0.103384,0.027834,0.061745,0.114270,0.016202,0.016930,-0.035452,-0.042915,-0.059844,-0.035152,0.114526,-0.061113,0.207602,-0.094694,-0.053124,-0.002763,0.052296,-0.199674,0.163041,0.108518,0.082798,-0.035629,0.049393,0.070646,0.126512,0.130700,-0.028747,-0.019534,0.104822,0.178862,-0.082673,0.003521,-0.034409,-0.009729,0.113103,0.024569,-0.041406,-0.132576,0.248996,0.197670,0.130946,0.014307,0.001021,0.087628,-0.014113,0.124375,0.062345,0.093623,0.300539,-0.013537,0.035409,-0.094340,0.011654,0.069718,0.043911,0.149742,0.039214,-0.168768,-0.148060,0.161871,-0.070724,-0.032283,-0.044849,-0.074965,-0.014256,-0.007713,0.212511,0.064485,0.011267,0.125803,0.076309,0.103072,0.170829,0.018069,0.275513,-0.023245,0.182893,-0.011626,0.144275,0.001558,0.036652,-0.031962,0.013425,0.207318,0.025177,0.085493,0.109496,-0.145280,-0.149903,0.111541,0.070365,0.024922,0.194684,0.118468,0.043420,0.028274,-0.132836,0.208383,0.224666,0.098849,0.120098,0.151540,0.039022,-0.102695,-0.214552,0.080218,0.020732,0.082826,0.011502,0.132923,0.250096,0.193341,-0.051547,0.097250,-0.023216,0.232901,0.082490,0.136956,-0.014816,0.126850,-0.050021,0.209544,#
6,-0.057067,0.114873,-0.017666,-0.132088,0.051345,0.010183,1.000000,-0.074982,0.074189,0.136823,0.268775,-0.021744,0.122643,-0.126572,-0.236641,0.451183,0.180451,0.135334,0.030880,-0.079507,-0.099287,0.006129,-0.070616,-0.024989,0.174540,-0.023815,-0.020758,0.033882,0.123796,-0.034140,0.010098,0.169526,0.055700,0.103192,-0.045744,0.062337,-0.018921,0.044946,-0.111512,0.042820,0.080950,-0.032928,0.276438,0.183995,-0.147588,-0.053820,0.096466,0.140970,-0.042799,0.122965,-0.085038,-0.030806,0.015367,-0.087057,-0.009210,-0.022143,-0.101196,0.032193,0.040463,-0.094573,0.114325,0.107912,0.032246,-0.057299,0.169556,0.067079,0.084548,0.090557,0.064607,-0.011982,0.199927,0.206371,-0.111691,-0.070684,0.068066,0.078704,0.188674,0.112325,0.165720,0.050342,-0.013678,0.101367,-0.113036,0.101229,0.032909,-0.140466,0.116117,0.020059,-0.043051,-0.013039,0.018019,0.043022,0.062809,0.064507,0.072736,0.068336,0.216395,0.020773,-0.153746,-0.023783,0.007863,0.053201,0.083347,0.042199,0.143716,-0.043629,0.068467,0.154707,0.183262,-0.023687,-0.017325,-0.065390,0.088182,0.227063,0.113944,0.141534,-0.089713,0.066585,-0.054052,0.191380,-0.038656,0.215434,-0.232984,-0.031222,0.006232,-0.024719,-0.046005,-0.081449,0.082913,0.086425,0.081119,0.070052,0.044019,0.061828,0.065097,-0.160419,0.130905,-0.091492,0.048604,0.226261,0.106443,-0.048651,-0.088681,0.004563,0.037926,0.070599,-0.010371,0.237771,0.041936,0.022583,0.044917,0.132417,-0.092454,-0.014632,0.016168,0.005119,-0.015301,-0.044555,-0.076889,0.066907,-0.155738,-0.032782,0.044827,0.010485,-0.183909,0.019561,0.160906,0.056675,0.053757,0.048602,-0.029014,0.223272,-0.216181,-0.056174,0.076024,0.175780,0.037044,0.193729,-0.051214,-0.016606,-0.018478,0.020395,-0.048049,0.013864,0.043653,0.032065,0.189987,-0.045816,0.003311,0.078959,-0.021447,0.107669,-0.038224,0.088028,0.030261,0.100820,-0.004353,-0.121492,0.052943,0.095405,#
7,0.041116,-0.021824,0.083670,0.167643,-0.003689,0.050375,-0.074982,1.000000,0.154999,-0.021853,-0.092036,-0.202761,0.203355,-0.030015,0.062847,-0.031911,0.051862,0.144635,0.096136,0.100183,0.132579,0.097980,-0.000114,-0.013074,0.124437,0.098623,-0.045521,-0.151408,0.077256,0.192653,-0.003914,0.028354,0.139814,-0.017993,0.086672,0.104556,-0.053780,0.129542,0.249706,0.159212,0.065796,0.183708,-0.093862,-0.003370,0.055471,0.223608,0.117656,0.239484,0.156573,0.137079,-0.083615,0.044113,0.049293,0.024893,0.204379,-0.021654,0.007933,-0.196117,0.232340,0.159827,0.041161,0.189547,0.047885,0.083440,0.113542,0.079771,0.083327,-0.120109,-0.195195,-0.006971,0.164242,0.015256,0.087419,0.135181,-0.072919,-0.096815,-0.109190,0.016425,0.022065,0.047683,0.190373,0.076742,0.063669,0.058622,0.074833,0.219198,0.006336,0.106167,-0.075619,0.184142,0.045655,-0.089189,0.240462,0.030802,0.191530,0.194480,0.111367,0.277884,0.202062,0.062769,0.082162,-0.105708,-0.262933,-0.020494,0.078399,0.099495,-0.098122,0.166069,0.077775,-0.059439,0.216388,0.038476,0.154227,0.037551,0.316297,-0.030306,-0.035156,0.010824,0.172041,0.203980,0.046100,0.067857,0.193012,-0.038664,0.003885,0.095898,0.014072,0.038803,0.003721,0.112254,-0.046803,0.147920,0.062812,-0.033802,-0.048510,0.042239,-0.065278,0.196256,0.075354,0.003750,-0.016597,0.028338,-0.003858,-0.031103,0.078970,0.114914,0.081980,0.002816,-0.073665,0.069516,-0.135816,0.208692,-0.037418,-0.060718,0.122615,0.275734,0.122577,0.115666,0.016500,-0.057461,0.097466,-0.003755,0.113310,-0.011320,0.039807,0.007693,-0.000100,-0.100401,-0.138749,-0.089151,0.150788,0.030523,0.142246,0.144780,0.118485,0.058279,-0.003593,0.008277,0.092791,0.010478,0.063473,0.049246,-0.092877,0.109538,0.055090,0.051559,0.158532,0.109682,0.132999,0.082199,0.041239,0.053821,0.069414,0.054742,0.105838,0.030926,0.058945,0.085369,0.069255,0.060600,#
8,-0.000548,-0.083079,-0.089667,0.056170,-0.081671,-0.004683,0.074189,0.154999,1.000000,-0.010581,0.044559,0.110141,0.097260,0.091313,0.035637,0.142800,0.019893,-0.020509,-0.167782,0.135214,0.163498,0.043336,-0.111229,0.127489,0.216988,0.127055,0.023554,-0.176087,-0.035667,0.041163,0.054180,0.096929,0.105440,-0.040582,-0.000339,0.374362,0.036767,0.055289,-0.033368,0.032589,0.027252,-0.081174,0.282635,0.162768,0.007737,-0.021581,-0.000402,-0.030730,0.103996,0.085556,0.054125,0.116751,0.145485,-0.048211,-0.013237,0.059726,-0.000528,0.007756,-0.026811,-0.065846,0.162344,0.129473,0.243249,0.134180,0.091249,0.131330,0.146037,0.105697,0.161141,-0.043240,0.114623,0.206865,0.156754,-0.026794,-0.001523,-0.021651,-0.122122,0.033957,0.137995,0.050757,0.093732,0.117259,-0.112902,-0.045129,-0.007320,-0.015926,0.141817,0.048002,-0.130762,-0.090387,0.134004,0.052606,-0.030226,-0.000376,-0.081549,0.014842,0.244807,0.229169,0.192479,0.176583,-0.042741,-0.232462,0.085258,0.214352,-0.133449,0.173761,0.035419,-0.026976,-0.043981,0.149299,-0.054384,-0.004840,-0.006861,-0.001220,-0.079068,0.025186,0.124875,0.043512,-0.032047,0.118505,-0.007167,0.032972,0.092677,0.157661,0.044909,0.042053,-0.106421,-0.022104,0.142574,0.182351,-0.041601,0.227767,0.071656,-0.022448,-0.127966,0.202378,0.021762,0.016994,0.101132,0.039828,-0.049143,-0.090976,-0.027806,-0.310390,0.033186,-0.034802,0.018321,0.294734,-0.039609,0.104658,-0.016790,0.189613,-0.078500,0.205448,0.142574,-0.031658,0.078941,0.133136,0.222144,-0.105411,0.049021,-0.144096,-0.051520,-0.087596,-0.103834,-0.065630,-0.033419,0.173522,0.110562,-0.141276,-0.009488,0.197472,-0.225163,0.084222,0.082081,0.054648,0.087716,-0.059781,0.122362,0.084263,0.128540,-0.013185,0.024070,0.012506,-0.031644,-0.126624,0.216286,0.071627,0.011123,0.157617,0.165661,0.094648,0.110114,0.099469,0.034548,-0.060132,-0.238701,-0.007677,-0.038137,0.240335,#
9,-0.064932,0.001691,0.025870,0.039748,0.057636,0.038094,0.136823,-0.021853,-0.010581,1.000000,0.099597,-0.093144,0.074107,-0.100649,0.004318,0.046357,-0.017106,0.115245,-0.163030,-0.123479,0.008603,0.002018,-0.080135,0.014244,0.051254,-0.104314,0.087974,-0.008372,-0.071360,-0.046590,-0.054249,0.065347,-0.006832,-0.046693,-0.120943,0.011209,0.024486,-0.075572,-0.016566,-0.001257,-0.120234,-0.102822,-0.072208,-0.017898,-0.087965,-0.020277,0.012301,0.041903,0.157804,0.166079,0.090573,-0.049225,-0.094011,-0.033648,-0.148688,0.061851,0.087531,0.074532,-0.114771,0.093075,-0.037557,0.011384,-0.044447,-0.083718,-0.108089,0.082156,-0.021062,-0.052236,0.091171,0.052547,0.146486,0.063565,0.046079,0.055362,-0.092546,-0.018966,0.131069,0.148749,0.051319,0.036201,0.010075,0.113877,-0.043277,0.068091,0.072428,-0.002660,0.181360,0.092607,-0.000572,0.187845,0.083390,-0.156290,0.089994,-0.124732,0.215333,-0.038197,-0.039047,-0.033797,-0.004919,0.091188,0.089983,0.097768,-0.013750,-0.001600,-0.012316,0.008082,-0.126340,0.180326,0.025700,-0.017571,-0.003513,0.222423,-0.024202,0.047247,0.018795,0.090774,-0.061260,0.043029,0.166963,0.113562,-0.271017,0.024798,-0.029282,-0.010351,0.189333,0.044583,-0.010838,0.008181,-0.078809,-0.021799,-0.021868,0.009295,0.011627,0.042092,0.066503,-0.111786,-0.058897,-0.013541,0.001572,0.136212,0.201651,0.155142,-0.005973,0.120115,0.139772,0.233758,-0.016770,0.171330,0.045522,0.029227,0.035942,0.116498,0.026860,-0.021418,-0.084604,-0.002255,0.066514,0.175186,0.207899,0.062314,-0.030252,-0.031865,0.162552,0.063865,-0.060734,0.013571,-0.017116,0.085305,0.207125,0.103936,0.082922,0.094915,-0.042801,-0.159207,-0.026306,0.193766,0.165342,0.095372,-0.064625,0.128523,-0.017562,0.133543,-0.015231,-0.036611,0.156048,0.111859,0.086558,0.111318,0.044440,0.009237,-0.290137,-0.123990,0.024910,-0.051969,-0.165676,0.137954,-0.019853,0.039451,-0.093458,-0.082832,#
10,-0.159835,0.086087,0.034364,-0.122673,0.029503,-0.051923,0.268775,-0.092036,0.044559,0.099597,1.000000,0.036546,0.059169,0.017972,-0.154537,0.144311,0.121077,0.021362,0.067358,-0.059388,-0.021900,0.019650,-0.133638,0.126557,0.100216,0.021041,0.017641,0.062890,0.061646,0.062241,-0.031352,-0.064387,0.039001,0.018471,-0.108385,-0.065921,0.182649,-0.064022,-0.111381,-0.165813,0.133383,-0.073510,0.037866,-0.099346,-0.068673,0.033834,0.188718,0.092242,-0.006270,0.161841,-0.077408,0.153127,0.024844,-0.093121,-0.053688,0.197685,0.085360,0.161656,-0.058420,0.025927,0.019476,0.094852,0.144564,0.144010,-0.000919,-0.024202,0.113992,-0.028888,0.060058,-0.154884,0.284589,0.224114,-0.030750,-0.068456,0.167256,0.113479,-0.147803,-0.010583,0.137994,-0.106786,0.058594,-0.053651,0.031695,-0.070627,0.045933,0.023630,0.113716,-0.036148,0.062967,0.217718,0.032489,0.070242,0.058502,-0.149179,-0.074122,0.005073,0.033511,0.156693,-0.065533,-0.034341,0.011301,-0.108405,0.023441,0.070056,-0.013242,0.037743,0.219992,-0.029468,-0.012750,0.096546,0.060243,-0.038597,0.123480,0.151424,0.059787,0.094748,-0.032041,0.117642,0.029785,0.076144,0.147384,0.219013,-0.090184,-0.049312,-0.025122,0.049059,0.112680,-0.041555,0.084020,0.163899,-0.044122,0.098170,-0.036622,0.108516,0.182171,0.046103,-0.077753,0.078387,0.201850,0.061341,-0.004135,0.032171,0.113924,0.145058,0.041004,0.219071,0.150657,0.155916,0.072262,0.218749,-0.096900,0.007102,-0.073841,0.103555,0.108401,-0.087982,0.174542,0.011064,0.057486,-0.100362,-0.086953,-0.018838,0.093464,0.027487,-0.076930,0.099064,0.140644,0.085364,0.091277,0.052026,-0.116501,0.147906,-0.067805,-0.049127,0.232631,0.174426,0.021910,0.000179,-0.132966,0.082724,-0.172555,-0.087520,0.052853,0.067207,-0.080822,0.126238,0.205198,0.141686,-0.076950,0.012528,-0.025189,-0.004758,-0.051338,0.255596,0.060089,-0.121941,-0.066688,0.010128,-0.044880,0.188869,#
11,0.016219,-0.067817,-0.179916,-0.056289,-0.014659,-0.176972,-0.021744,-0.202761,0.110141,-0.093144,0.036546,1.000000,-0.005499,0.093780,0.097899,0.022279,-0.094899,-0.031859,0.022938,-0.017640,-0.045607,-0.029227,0.066373,0.067430,-0.004377,-0.001494,-0.050324,0.056387,-0.091911,-0.016438,0.211460,0.154922,0.064844,0.097636,-0.123293,0.059099,0.023297,0.105696,-0.009972,-0.110738,0.053574,-0.180684,0.094545,0.003220,0.002118,-0.264038,0.042377,-0.020734,0.083667,-0.064341,-0.225247,-0.011538,0.229689,0.056383,-0.052281,-0.052128,-0.094371,0.209119,0.051608,0.259501,-0.057376,0.028540,0.127707,0.017483,0.069452,-0.095818,0.068749,0.153596,-0.001684,0.067384,-0.218943,-0.083881,0.058387,-0.098388,0.227967,0.152114,-0.008083,0.094096,0.045049,-0.144967,-0.173350,-0.015919,0.043074,-0.017728,-0.040608,-0.109790,0.061276,0.004077,0.036481,-0.091811,-0.027421,0.021896,-0.040760,-0.002528,-0.104706,0.092254,-0.068257,0.042468,-0.083871,0.070966,-0.079374,0.013960,0.082994,-0.033714,-0.070763,0.072797,0.132549,-0.016637,-0.014507,-0.136053,-0.043488,0.146980,0.042006,0.040375,0.001061,-0.053636,-0.027029,0.088716,-0.045485,0.103281,0.063818,-0.049915,-0.038288,0.242854,-0.029438,-0.117698,-0.028076,0.112448,0.214464,0.160058,0.066532,0.029609,0.118959,-0.008557,0.018758,0.139609,0.012472,0.126036,-0.005530,0.257423,-0.039465,-0.147622,0.166208,0.041176,-0.047883,-0.052670,-0.008558,-0.051046,-0.089921,-0.241952,0.070157,0.019126,-0.023100,0.225995,-0.001613,-0.065761,0.036952,0.001612,-0.022852,-0.009393,0.044671,0.049254,-0.059817,0.065392,0.060753,0.131663,0.120321,0.121173,0.007376,0.068334,0.139302,0.002270,-0.021185,0.076211,-0.006415,0.046246,0.002991,-0.101015,-0.001612,0.034502,-0.132270,-0.075198,0.023388,0.002861,0.022684,-0.014408,0.102960,0.004029,-0.126203,-0.099405,0.125060,0.042728,0.143834,0.006335,0.054685,-0.021622,-0.151870,0.073296,-0.035602,-0.009283,#
12,0.183755,0.275908,-0.043322,0.118747,-0.093936,0.174299,0.122643,0.203355,0.097260,0.074107,0.059169,-0.005499,1.000000,0.009362,-0.034607,0.055553,-0.014261,-0.060797,0.100159,-0.146146,0.074439,0.052456,0.008505,-0.051833,0.213540,0.062757,0.070809,-0.020413,0.044914,0.015005,0.056025,-0.080231,0.033562,0.067909,0.169436,0.072300,-0.054353,-0.077147,-0.176061,-0.014566,0.002791,-0.137599,0.051680,0.152758,0.064000,0.040815,0.243106,0.238171,0.150011,0.263312,0.019970,-0.080717,0.126431,0.151496,0.006431,0.088257,0.002247,-0.141671,0.284669,0.014958,-0.065607,0.178213,0.053491,-0.068809,-0.010077,0.044464,-0.051116,0.153473,0.159094,0.092478,0.093310,0.161976,0.187986,0.061882,-0.000663,0.124464,-0.092713,0.176783,0.066284,0.110667,0.230658,0.228707,0.095273,-0.135173,0.084593,0.103167,0.023890,0.056349,-0.088636,0.139993,0.189028,-0.060360,0.081071,0.240373,-0.058087,0.090219,0.139634,-0.105300,-0.141835,-0.032364,0.138694,-0.044892,0.013562,-0.010365,0.026529,0.095142,0.014527,0.321607,0.010672,-0.114731,0.160308,0.151935,0.122489,0.011296,0.104115,0.032610,-0.146704,0.123162,0.058999,0.055307,0.061400,0.288987,0.032069,0.151099,0.035411,0.177337,-0.000169,0.058690,-0.068035,0.143397,-0.270802,-0.045514,0.049846,-0.004921,-0.044472,-0.162615,-0.024209,-0.042719,0.141254,-0.089822,-0.006620,-0.077634,-0.155621,0.024238,-0.121099,0.097828,0.173404,0.162443,-0.023403,0.090431,0.089258,0.012175,0.055781,-0.007037,0.172510,0.082616,0.150509,0.223060,0.230891,-0.137935,0.041252,0.113672,0.093672,-0.032808,0.035799,0.012159,0.090985,0.186490,0.159191,0.070085,0.314427,-0.098068,0.148489,-0.020337,0.146809,0.128376,0.092297,0.026785,-0.300398,-0.021637,-0.084638,0.077860,-0.113573,0.027249,-0.059187,0.094146,0.150665,0.113570,0.092138,-0.003095,-0.016190,-0.030519,-0.044478,0.000937,-0.017546,0.100663,-0.155022,-0.032927,0.047002,0.149659,#
13,-0.260112,0.160337,-0.052683,-0.034245,-0.134244,-0.036773,-0.126572,-0.030015,0.091313,-0.100649,0.017972,0.093780,0.009362,1.000000,0.038234,-0.063248,-0.136971,0.024243,0.047863,-0.071356,0.036344,-0.011846,0.153392,0.065180,0.006210,0.214247,0.077780,-0.007481,0.006913,0.053890,-0.028959,0.011260,0.040714,0.026776,-0.134684,0.047040,-0.065221,0.062888,-0.196524,0.061827,0.154239,0.081595,0.172064,-0.141085,0.039521,0.057335,-0.099964,0.105211,0.099325,0.070974,-0.063718,0.031854,0.029182,-0.018653,0.070991,-0.006695,0.094148,0.120963,0.104042,0.067913,-0.146833,0.139388,-0.040130,-0.157038,0.066426,0.003161,0.223674,0.235305,0.081180,0.032028,-0.041176,-0.026323,0.199215,0.039357,0.002611,0.102066,0.105196,-0.019256,0.005999,-0.037103,-0.026222,0.110574,0.042386,0.080074,-0.116775,0.159547,-0.029581,0.126122,0.168654,-0.019796,0.019317,0.101897,0.168803,0.011746,-0.121003,-0.092555,0.063455,0.015177,-0.002826,0.095066,-0.047621,-0.080309,0.222718,-0.073292,-0.006031,0.080852,-0.062498,0.100805,-0.169094,-0.044419,-0.053175,0.045546,0.045340,0.049285,0.130202,-0.078000,0.062609,0.005181,-0.032447,-0.104763,0.071083,-0.027723,0.140785,-0.060647,-0.053001,-0.013480,-0.009107,0.057147,0.098844,0.133108,-0.062582,-0.232613,-0.038148,0.102527,-0.003031,0.052706,0.068932,0.051761,0.257702,0.020050,-0.053455,-0.145686,0.001870,-0.097143,-0.144731,0.071441,0.003080,0.109628,0.075899,-0.162050,-0.047165,-0.046182,0.009912,0.072834,0.070999,-0.059772,0.029585,-0.212601,-0.035622,-0.050509,0.031242,-0.022675,0.158897,-0.086262,-0.061672,0.013435,0.151502,0.119673,-0.100754,0.058404,0.035214,-0.026629,-0.075433,0.172326,0.078317,0.065109,0.090594,-0.117570,-0.043576,0.031949,0.034668,-0.064924,0.101362,0.059963,-0.172407,0.036660,-0.037705,-0.154323,-0.075615,0.077329,0.250934,0.002322,0.059523,0.078144,0.003278,0.063446,-0.129142,0.227209,0.012054,0.045991,#
14,0.247798,-0.166689,-0.065429,-0.004577,0.054695,-0.016347,-0.236641,0.062847,0.035637,0.004318,-0.154537,0.097899,-0.034607,0.038234,1.000000,-0.103767,-0.072435,0.137247,-0.167961,0.097934,-0.164673,0.050124,0.117470,0.165784,-0.008382,-0.009780,0.050871,0.003684,-0.004409,0.049713,0.322423,-0.082342,-0.019058,-0.068508,0.081603,0.072087,-0.006613,0.027040,0.100247,-0.093747,0.029745,-0.039337,-0.083686,-0.068231,-0.009699,0.076218,0.039681,-0.083324,0.042883,-0.089681,-0.089624,0.144824,0.117701,-0.097002,0.032039,0.087758,0.094051,-0.040719,0.113353,-0.129169,0.025820,-0.093466,0.086319,0.088855,-0.095169,-0.014474,-0.083927,-0.090370,0.011167,-0.053804,0.113224,-0.070369,0.232390,0.113763,0.021609,0.146177,-0.014342,-0.066980,-0.188457,-0.049430,-0.007341,0.019617,0.092423,0.096335,-0.040870,-0.026343,-0.024843,0.027873,-0.064453,0.107074,0.039436,-0.102614,0.143109,0.160632,-0.020931,-0.032200,-0.153761,0.038720,-0.091406,0.057767,-0.207363,-0.055165,0.006868,0.027416,-0.019632,-0.090920,0.045292,-0.113869,0.079099,0.099910,-0.117256,0.142154,0.069132,0.072058,-0.184930,-0.129858,-0.058734,-0.134315,-0.013803,0.075928,0.068466,-0.163634,0.136416,0.145569,0.082609,-0.067587,-0.054246,0.058849,-0.119545,-0.036462,-0.002776,0.077853,-0.083135,0.001176,0.006549,-0.111465,0.166379,0.113964,0.022206,0.061532,-0.068972,0.104482,0.004449,0.250856,0.016984,0.106819,0.031618,-0.053609,0.042636,-0.067340,0.236740,-0.084928,0.190992,-0.054954,-0.021752,-0.023637,0.078088,-0.101739,-0.026113,0.085048,0.015863,-0.008158,-0.036067,-0.121046,0.298565,0.170238,-0.046348,-0.047434,0.044364,-0.006659,0.101088,-0.242244,-0.002498,-0.067666,-0.062431,-0.002841,-0.102635,-0.026113,0.094817,0.033589,0.123948,-0.013923,-0.097009,-0.050134,0.018460,0.119862,-0.041655,-0.008161,-0.020098,0.049588,0.031667,0.082561,0.065030,-0.031468,-0.151724,-0.135142,-0.024956,0.045040,-0.209306,-0.152097,#
15,-0.111109,-0.011023,-0.068933,-0.169929,0.021702,-0.058321,0.451183,-0.031911,0.142800,0.046357,0.144311,0.022279,0.055553,-0.063248,-0.103767,1.000000,0.087529,0.070642,-0.013254,-0.066099,-0.072262,0.035986,-0.069144,0.136080,0.067874,0.091303,-0.150114,0.106347,0.075036,-0.201374,0.071257,0.148752,0.147519,0.278658,-0.059741,0.037562,-0.056582,0.089279,-0.149088,-0.069411,-0.034092,-0.132972,0.131854,0.111897,-0.074059,0.052198,0.151046,-0.016512,0.038714,0.101645,-0.072936,0.105798,-0.011626,0.088368,0.006934,0.088050,0.107472,0.015849,-0.007112,0.090173,0.161467,0.117475,0.133533,0.024518,0.062373,-0.100014,0.044826,0.100743,0.078982,-0.015291,0.075405,0.058686,-0.049899,0.109544,0.008272,0.044368,-0.054932,0.097172,0.177422,-0.049143,-0.101299,0.061419,-0.025615,0.084047,-0.030090,-0.053024,-0.030480,0.006490,-0.033223,-0.185992,0.000652,0.165130,0.084171,0.098845,-0.114739,0.052850,0.098356,0.132526,-0.040518,0.040197,-0.011514,0.136176,0.042340,0.154747,0.128345,-0.086626,0.029342,0.037419,0.036791,0.050271,-0.123443,0.008502,0.201373,0.069630,0.108560,0.031667,-0.175077,-0.076649,-0.103044,0.236558,-0.102018,0.258101,-0.062488,0.103231,-0.035146,0.050511,0.029033,0.038478,-0.024108,0.188434,0.184304,0.086430,-0.099115,-0.091532,0.056047,0.058440,0.106246,-0.061166,-0.109443,0.221128,0.086257,-0.055383,0.036886,0.051217,0.075663,0.068555,0.002229,0.073027,0.003839,-0.003301,0.130981,0.331024,0.063190,0.031401,0.000645,0.016461,-0.031877,0.005408,0.139705,0.082072,-0.080045,-0.084938,0.106379,0.153541,-0.088468,-0.024268,0.027103,-0.018641,0.049811,0.160963,0.000777,0.117774,-0.182905,0.157079,0.005714,0.178573,0.042542,0.000158,0.055722,0.062633,0.073010,-0.043171,-0.022475,0.029180,0.199139,-0.023827,-0.012865,-0.035265,0.043679,0.101666,-0.016953,0.112394,-0.052814,0.051938,-0.068536,0.161817,-0.030837,-0.117946,0.125106,0.018496,#
16,0.029339,0.116491,0.012670,0.113530,-0.119502,0.071339,0.180451,0.051862,0.019893,-0.017106,0.121077,-0.094899,-0.014261,-0.136971,-0.072435,0.087529,1.000000,0.076293,0.256410,0.161547,0.230204,-0.354141,0.081875,-0.076991,0.083054,0.173331,-0.035456,0.126879,-0.068043,0.079056,0.067069,0.128040,0.036026,-0.026845,0.098193,0.008492,0.142175,0.198337,0.050871,0.052636,0.053481,-0.086548,0.075249,-0.065591,0.047834,-0.034990,0.115904,-0.028506,-0.026674,0.052909,0.028047,0.103987,-0.012501,0.004329,0.002420,0.204812,0.019362,0.105123,-0.034150,-0.001021,0.096849,0.064102,0.076856,0.045370,0.036242,0.098097,0.060772,0.103750,0.086342,-0.019767,0.211572,-0.008677,0.004820,-0.027247,0.040738,-0.008706,-0.029135,0.073685,-0.078450,0.108723,0.235296,0.001466,0.103954,0.038761,-0.028488,0.014075,0.012974,-0.094951,-0.054170,-0.011694,-0.168193,0.026939,0.053031,-0.224749,0.023546,0.063053,-0.094973,0.188263,-0.049339,0.132053,0.071549,0.110677,0.057315,0.166341,0.095950,-0.117509,0.044444,-0.018214,0.262261,0.073043,-0.053149,0.010057,0.123203,-0.011745,0.062606,0.106099,0.249496,0.031177,0.043134,-0.029092,-0.160858,-0.028987,0.007031,0.007890,0.179338,0.027747,0.018121,-0.070378,-0.060587,-0.069273,0.149529,0.114933,0.039212,0.029179,-0.089912,0.004915,0.001698,-0.067999,-0.011402,-0.061275,-0.032701,0.012897,-0.014737,-0.049414,-0.057218,0.007507,0.221844,0.096685,0.108887,-0.103114,0.022789,0.010998,-0.220682,0.025468,0.017964,0.018803,-0.046522,0.003404,-0.090705,0.064850,0.166030,-0.149982,0.176252,-0.005053,0.179677,0.051409,0.006629,0.120150,0.035084,0.138607,-0.135986,0.221176,-0.038003,0.128603,-0.006056,0.018673,0.090743,0.229885,0.132915,0.090510,0.035835,-0.045671,-0.124579,0.118756,-0.107977,-0.012992,0.038588,0.008925,0.140059,0.090026,-0.059231,0.187332,-0.079121,0.064688,0.207986,0.210906,0.113644,0.012240,-0.119674,0.097199,#
17,0.017855,0.003178,0.087020,-0.021379,-0.099416,-0.034091,0.135334,0.144635,-0.020509,0.115245,0.021362,-0.031859,-0.060797,0.024243,0.137247,0.070642,0.076293,1.000000,0.078779,0.066763,-0.000477,-0.005561,0.026790,-0.205943,0.198470,0.092669,-0.071244,0.012285,-0.018190,-0.027746,0.031098,0.172753,-0.032972,-0.131329,-0.187503,-0.247504,-0.053336,0.156634,0.128187,0.045638,0.167076,0.090509,-0.016878,-0.011614,-0.051811,0.180949,0.036093,0.082369,0.035789,0.042363,-0.100013,-0.087236,0.080206,-0.031399,0.089567,0.018769,0.075802,-0.027276,0.010017,0.104333,0.078441,-0.091034,0.211573,-0.094658,-0.113500,-0.114894,0.258921,-0.071158,-0.050680,-0.137539,0.118898,-0.060396,-0.063981,0.154024,0.122617,-0.084881,-0.112726,0.087008,0.148119,-0.015747,0.033601,0.160659,0.002660,0.170996,-0.142800,-0.064727,0.156996,-0.043646,-0.059827,0.048430,-0.086578,-0.096619,0.167483,0.027033,0.172239,0.056828,-0.059046,-0.012219,0.114438,0.158275,-0.145215,-0.150008,-0.107711,-0.166116,-0.041137,0.066075,-0.119446,-0.025444,0.005822,0.066927,0.145717,-0.080081,0.084328,0.088078,0.223284,-0.042444,-0.137663,-0.037485,0.068033,0.201328,0.027970,-0.017179,-0.058947,-0.134062,-0.007516,-0.060207,-0.045991,0.131828,-0.028178,-0.006166,-0.006534,0.117675,0.134740,0.010236,0.045103,0.034749,0.149165,0.030146,-0.050034,0.228986,-0.068628,-0.004850,0.105679,0.062130,0.139497,-0.019987,-0.107561,0.011081,0.002288,-0.007989,0.086188,0.000852,-0.069033,0.056410,-0.032118,-0.006464,0.084240,-0.193053,-0.003734,0.067291,-0.028250,-0.024462,0.104173,-0.105106,-0.111804,-0.134891,-0.075269,-0.098263,0.054489,-0.056382,0.065025,0.004552,0.045772,-0.124323,0.013271,0.023888,0.044507,0.044031,0.041855,0.200613,-0.004403,-0.004495,-0.064308,0.099385,0.003424,-0.060936,0.098726,0.073323,-0.030557,-0.059714,0.007995,0.020021,-0.117270,-0.084627,-0.157210,0.147176,-0.008931,-0.106449,-0.007683,-0.194062,#
18,-0.012727,0.105611,0.128326,-0.079168,-0.203354,0.116737,0.030880,0.096136,-0.167782,-0.163030,0.067358,0.022938,0.100159,0.047863,-0.167961,-0.013254,0.256410,0.078779,1.000000,0.070245,0.055863,-0.000568,0.002455,-0.073803,-0.043664,0.101437,-0.072983,-0.045685,-0.007466,0.069027,-0.144998,0.144432,0.013675,0.046856,0.020747,0.003886,-0.015324,0.213704,-0.007055,0.021662,0.126253,-0.044582,0.205225,-0.132209,-0.066934,-0.025294,0.049678,0.226591,0.018504,-0.000302,-0.090478,0.057257,0.146394,-0.055991,0.037168,0.047188,-0.002268,-0.050489,0.033881,0.155636,0.064311,0.137111,-0.006980,-0.078033,0.094678,-0.102091,0.109010,-0.132476,-0.121224,0.032896,0.010619,-0.101716,-0.065826,0.019705,0.116149,-0.087376,-0.160907,0.110602,-0.134210,-0.118574,0.067072,-0.028813,0.174597,-0.042794,0.162973,0.260904,-0.271439,0.048784,0.045022,-0.080520,-0.015159,0.001423,-0.025071,-0.030728,0.078055,0.019434,0.002847,0.061299,0.036998,0.071110,0.017082,-0.041221,-0.016321,-0.033724,0.061263,0.132938,-0.079829,0.161709,0.057251,-0.017279,0.148696,-0.088239,-0.011554,-0.091000,0.021661,-0.011215,-0.005764,-0.058757,0.157709,0.051153,0.145562,-0.104262,-0.095223,-0.029429,0.191335,-0.126861,0.098827,0.066454,-0.010665,0.005425,-0.088130,0.032715,0.072350,-0.115826,-0.099148,0.028774,0.038896,0.033402,0.003586,-0.048352,-0.136506,0.078492,-0.105510,-0.056982,0.064340,-0.009487,0.174323,0.033182,0.105365,-0.048818,0.010880,-0.125460,0.081705,0.094220,0.137715,0.204343,0.047518,-0.138045,-0.188478,-0.107327,0.134375,0.019696,0.115153,-0.076281,-0.009709,-0.138446,0.136305,0.006583,-0.043066,0.100633,0.127541,0.070262,0.009717,0.176782,0.107194,-0.026538,-0.011061,0.018755,-0.072187,0.010764,-0.077692,-0.031314,-0.080519,0.037124,-0.031792,-0.115524,0.023597,0.034893,-0.107106,0.003101,0.029028,0.142703,-0.083224,0.115719,0.093379,0.082861,-0.039562,0.190811,-0.049759,0.129556,#
19,0.133225,-0.041090,0.042189,-0.045501,0.037750,0.251999,-0.079507,0.100183,0.135214,-0.123479,-0.059388,-0.017640,-0.146146,-0.071356,0.097934,-0.066099,0.161547,0.066763,0.070245,1.000000,0.031208,-0.185063,-0.067139,0.038197,0.150684,0.045855,-0.014414,-0.018858,-0.256375,0.197672,0.008883,0.114220,0.219971,-0.046074,0.145064,0.113286,0.108106,0.118077,0.118854,0.076182,0.153923,0.117731,0.022149,-0.006470,-0.065987,0.068561,-0.037634,0.005183,0.116752,0.164742,0.104995,0.048648,0.134915,0.056736,0.046526,0.132318,0.004366,-0.112625,-0.080749,-0.022546,-0.017778,-0.024717,0.137693,0.072778,0.082147,-0.033689,0.180325,0.058069,0.144160,0.010041,0.159615,-0.017725,0.066907,-0.022008,-0.109738,0.106195,-0.160086,0.057335,0.024191,-0.144267,0.204041,-0.068563,-0.041271,0.011884,0.067134,-0.016136,-0.063210,-0.033735,0.136358,0.022964,-0.071008,0.030575,-0.178143,-0.019125,-0.007669,-0.086430,-0.025416,0.320982,0.076787,0.166021,-0.114220,-0.090796,0.078287,0.052343,0.040424,-0.090366,0.037594,-0.105163,0.019900,-0.125429,0.038182,-0.047656,0.062209,-0.010525,-0.107392,-0.049769,0.127764,0.021110,0.205300,-0.068765,0.110320,-0.080207,0.072848,0.094741,0.032178,0.104485,-0.000422,0.169548,0.055300,-0.032270,0.158273,0.190821,0.051933,-0.029637,-0.157493,0.067237,-0.056535,0.103902,-0.006014,-0.091921,0.002934,0.100057,-0.119229,-0.159190,0.058821,-0.118031,-0.043176,0.046364,0.167682,0.023095,-0.039953,-0.044179,-0.001056,0.098187,0.163559,-0.007263,0.185574,-0.152226,0.137683,0.028024,0.128406,0.138028,-0.047328,0.196599,0.236984,0.191876,-0.083452,0.074372,-0.034108,-0.007664,-0.077794,0.135544,0.057470,0.190987,0.120632,-0.090858,0.099930,0.036818,0.097350,-0.011745,-0.001833,0.127059,0.078699,0.010394,0.076449,-0.036767,-0.059310,0.012223,0.014877,0.148788,0.083794,0.121166,-0.124241,0.073307,0.081723,-0.012206,0.095564,-0.060875,0.017857,-0.037361,#
20,-0.116441,0.222781,0.040703,0.235614,0.097064,-0.010767,-0.099287,0.132579,0.163498,0.008603,-0.021900,-0.045607,0.074439,0.036344,-0.164673,-0.072262,0.230204,-0.000477,0.055863,0.031208,1.000000,-0.002694,0.005218,0.143738,0.132677,0.230115,-0.177425,0.002336,0.089517,-0.044597,0.141484,0.122253,0.253417,0.063171,0.004916,0.088854,-0.048669,0.035289,-0.031421,0.065407,0.125886,0.034931,0.037396,-0.159360,0.250583,-0.062752,0.082744,0.051345,0.018070,0.016492,0.110313,0.127917,0.060850,0.007556,0.139716,-0.083630,-0.257664,-0.074991,0.084288,0.078110,0.054422,-0.003916,0.123129,0.070238,-0.059927,0.179189,0.122531,0.031651,-0.032595,-0.002979,0.123201,0.093600,0.208660,0.091020,-0.186924,-0.062301,0.127759,0.023229,0.116716,0.063522,0.092331,0.043305,0.083514,-0.132312,-0.012152,0.154529,0.022808,0.166992,0.095451,0.147748,0.028615,-0.014213,0.075149,-0.030717,0.020264,0.120954,0.031883,0.011873,0.105172,-0.014225,0.198575,-0.046778,0.017696,0.180855,-0.003194,0.105268,0.229865,-0.079964,0.023330,0.188071,-0.013493,0.127430,-0.053126,-0.070305,0.091590,0.037449,0.176177,0.043385,-0.022739,-0.070398,-0.051493,0.059825,0.013913,0.120435,0.055968,0.082186,-0.038349,0.045736,-0.029656,0.142519,0.071999,0.072720,0.257378,0.034166,-0.015567,0.164477,-0.035470,0.054144,0.081935,0.104790,-0.028813,0.078087,-0.047296,-0.124061,0.022606,-0.120975,0.125606,0.066034,-0.060823,-0.045485,0.060672,0.015983,-0.150303,0.066949,-0.015746,0.017264,0.029201,0.188977,0.047912,0.008236,0.216472,0.005524,0.107904,0.022165,0.015502,0.108473,0.007277,0.185227,-0.023994,-0.131481,0.162185,-0.038235,-0.065492,-0.001228,-0.016819,0.028741,0.006365,0.114685,-0.019639,0.071476,0.151164,0.074276,0.019605,0.061026,0.026495,0.156408,0.031370,-0.109220,0.115018,0.101258,0.033995,0.221660,0.231248,0.062912,0.211572,0.162233,0.072764,0.081029,-0.059028,0.053200,#
