0,1.000000,0.169779,0.353782,0.209493,0.276193,0.221791,0.153422,0.050852,0.264974,0.227332,0.348890,0.229414,0.106186,0.085376,0.374048,0.206707,0.205265,0.331191,0.304046,0.267153,0.261732,0.357409,0.194961,0.343172,0.192550,0.195121,0.292245,0.259610,0.407927,0.323733,0.178840,0.151843,0.211938,0.150350,0.114673,0.372504,0.298531,0.277249,0.357133,0.435675,0.212793,0.313496,0.085449,0.243298,0.165681,0.358578,0.323219,0.333000,0.298337,0.282825,0.349535,0.253441,0.262463,0.168887,0.314311,0.303523,0.214580,0.255992,0.180872,0.244966,0.329275,0.193457,0.242867,0.288720,0.327283,0.197163,0.269854,0.255999,0.259664,0.226855,0.326111,0.315205,0.341462,0.223105,0.188928,0.034928,0.199750,0.300885,0.316915,0.086400,0.344517,0.142158,0.239918,0.240606,0.308550,0.235105,0.277146,0.117032,0.401399,0.196513,0.213257,0.099150,0.141591,0.259168,0.359643,0.249290,0.448991,0.326202,0.330261,0.389698,0.296942,0.311565,0.279339,0.337453,0.197926,0.215504,0.292758,0.262681,0.191495,0.138468,0.149434,0.213683,0.212937,0.270797,0.153935,0.195942,0.324366,0.196641,0.227146,0.303568,0.387802,0.223248,0.211751,0.224749,0.218086,0.386628,0.195426,0.147556,0.193746,0.289461,0.287362,0.319606,0.361827,0.325049,0.176406,0.155394,0.334287,0.197829,0.216862,0.409686,0.205737,0.193573,0.285159,0.203394,0.328276,0.264870,0.162106,0.261681,0.279629,0.231053,0.235980,0.273266,0.279772,0.228462,0.181280,0.113922,0.125088,0.197390,0.365329,0.355875,0.243543,0.345327,0.127445,0.135738,0.332561,0.026990,0.219915,0.262604,0.157311,0.191380,0.394636,0.012066,0.376266,0.313354,0.130590,0.246341,0.326736,0.245089,0.316863,0.186142,0.256355,0.434055,0.024385,0.044175,0.226851,0.297491,0.344256,0.406024,0.388883,0.113369,0.256389,0.296327,0.208866,0.150297,0.355415,0.154606,0.067337,0.234129,0.425664,0.317083,#
1,0.169779,1.000000,0.135731,0.321991,0.364114,0.235413,0.265002,0.172022,0.223237,0.093852,0.450539,0.295227,0.228739,0.275174,0.161348,0.115055,0.138900,0.254013,0.228484,0.255831,0.126045,0.284591,0.134819,0.299345,0.301391,0.299682,0.274240,0.376375,0.327529,0.246262,0.322159,0.291063,0.351616,0.254292,0.152944,0.154556,0.185496,0.300662,0.459622,0.250986,0.174482,0.241994,0.332972,0.260512,0.164080,0.358773,0.308817,0.344266,0.173400,0.146862,0.397919,0.216895,0.349806,0.151341,0.219695,0.333380,0.260757,0.265328,0.344515,0.360769,0.238173,0.310373,0.192442,0.370137,0.255982,0.309701,0.052222,0.288313,0.326831,0.214313,0.207897,0.209432,0.400209,0.181458,0.304496,0.069853,0.292257,0.210463,0.307680,0.151842,0.239745,0.385349,0.347358,0.358329,0.184279,0.063489,0.341729,0.250691,0.352044,0.409854,0.268972,0.372205,0.185892,0.325730,0.159248,0.180446,0.245991,0.180176,0.214448,0.164704,0.214468,0.189109,0.246336,0.255769,0.163200,0.264323,0.182876,0.342036,0.113120,0.301158,0.364950,0.225898,0.174134,0.286182,0.273582,0.266377,0.300248,0.180478,0.306507,0.326324,0.206619,0.208504,0.358847,0.297033,0.253765,0.397888,0.189236,0.239877,0.122650,0.254239,0.297038,0.278885,0.151639,0.303139,0.408161,0.365802,0.153309,0.281907,0.221140,0.327105,0.309031,0.106062,0.196892,0.204717,0.291317,0.234865,0.263177,0.168601,0.244216,0.281388,0.161200,0.279594,0.255055,0.153414,0.243152,0.223451,0.233400,0.161240,0.271490,0.034268,0.092230,0.363955,0.218732,0.208144,0.295322,0.244193,0.141746,0.254633,0.246971,0.380484,0.286175,0.290568,0.241887,0.156784,0.337822,0.162635,0.113864,0.342689,0.287095,0.184916,0.227077,0.288967,0.234887,0.108148,0.301280,0.307564,0.182588,0.314574,0.239084,0.268886,0.434839,0.246077,0.239785,0.186697,0.295511,0.321002,0.056698,0.256182,0.146398,0.124189,#
2,0.353782,0.135731,1.000000,0.337835,0.197440,0.120586,0.240751,0.142630,0.025425,0.036671,0.117965,0.265421,0.156467,0.164888,0.181848,0.140627,0.179014,0.104087,0.186387,0.245275,0.285638,0.362086,0.257432,0.238127,0.287067,0.275799,0.299708,0.157269,0.224440,0.340419,0.158658,0.134572,0.147521,0.121550,0.079677,0.195039,0.192368,0.184825,0.217070,0.229603,0.287215,0.295436,0.147404,0.151017,0.083592,0.361047,0.195876,0.349086,0.128878,0.173262,0.247862,0.356221,0.284544,0.129813,0.063683,0.219881,0.134928,0.166356,0.140611,0.230954,0.042221,0.218635,0.254073,0.228970,0.343113,0.276760,0.060816,0.052098,0.188204,0.343939,0.216025,0.106382,0.164711,0.238040,0.240527,0.150566,0.211176,0.284785,0.257939,0.176417,0.366944,0.056762,0.094060,0.187237,0.151607,0.159042,0.366954,0.194957,0.241108,0.146547,0.178970,0.192277,0.255519,0.106174,0.129562,0.104151,0.235382,0.226100,0.254322,0.197879,0.320963,0.222619,0.216675,0.231432,0.203078,0.171105,0.181787,0.259308,0.092448,0.218572,0.234192,0.160508,0.222798,0.187936,0.222905,0.248854,0.192569,0.274349,0.080221,0.140364,0.230524,0.257523,0.194017,0.118381,0.208218,0.207299,0.244805,0.140467,0.088111,0.258192,0.193959,0.312469,0.172983,0.078408,0.184345,0.321293,0.166504,0.162530,0.032621,0.112602,0.010403,0.105655,0.281094,0.211788,0.353507,0.224174,0.159201,0.281296,0.329753,0.203590,0.127616,0.405232,0.184210,0.175215,0.121998,0.080146,0.034485,0.107185,0.204360,0.138618,0.286549,0.231167,0.246277,0.229004,0.351573,0.032310,0.104175,0.295397,-0.009733,0.152023,0.163811,0.229365,0.109915,0.084543,0.208601,0.157646,0.372341,0.183976,0.240514,0.195478,0.301661,0.177482,0.035150,0.218641,0.087494,0.202751,0.179234,0.148725,0.293487,0.065799,0.162571,0.211577,0.394560,0.102450,0.223549,0.156971,0.096710,0.238803,0.312869,0.212651,#
3,0.209493,0.321991,0.337835,1.000000,0.344089,0.126956,0.240539,0.206086,0.209356,0.081979,0.281132,0.413602,0.167947,0.299079,0.161495,0.234302,0.190989,0.296657,0.215504,0.206598,0.173762,0.284430,0.268683,0.371341,0.380189,0.240714,0.231228,0.182156,0.249662,0.243743,0.280682,0.432700,0.325110,0.350491,0.038073,0.309320,0.351723,0.413602,0.410127,0.185527,0.295796,0.354281,0.210347,0.309220,0.217542,0.349057,0.403369,0.337733,0.118012,0.297943,0.337828,0.211482,0.264275,0.146192,0.115302,0.376453,0.295944,0.327718,0.281441,0.306179,0.173669,0.168422,0.214051,0.325731,0.283895,0.332535,0.262296,0.355691,0.215834,0.300850,0.313072,0.169576,0.289026,0.166962,0.335253,0.354162,0.298407,0.281095,0.390071,0.158510,0.340044,0.299391,0.206636,0.301215,0.314238,0.258677,0.388199,0.144953,0.360678,0.363505,0.246952,0.291970,0.289546,0.377132,0.175974,0.246252,0.370338,0.295049,0.334943,0.347737,0.375584,0.176267,0.342120,0.268630,0.301992,0.240780,0.185559,0.242985,0.080676,0.182662,0.341340,0.194629,0.274853,0.226283,0.095210,0.213603,0.346084,0.084354,0.260813,0.266702,0.366317,0.174677,0.301200,0.411523,0.229687,0.194520,0.275660,0.202855,0.183615,0.341984,0.201332,0.368938,0.335136,0.303483,0.263229,0.238675,0.151240,0.119877,0.378113,0.300506,0.312950,0.224653,0.335096,0.330904,0.364390,0.135898,0.295637,0.313211,0.247931,0.267451,0.184586,0.262294,0.148957,0.240879,0.151918,0.190096,0.201983,0.233740,0.122447,0.319753,0.283262,0.343304,0.338108,0.374209,0.343341,0.274375,0.292947,0.275637,0.149030,0.269646,0.322684,0.222673,0.221418,0.153502,0.247982,0.198623,0.303164,0.322301,0.235916,0.245660,0.320585,0.356823,0.298716,0.210157,0.165347,0.229512,0.210722,0.313722,0.116869,0.181865,0.170631,0.321609,0.388653,0.210970,0.157014,0.291336,0.182649,0.283185,0.240635,0.216635,#
4,0.276193,0.364114,0.197440,0.344089,1.000000,0.175326,0.300212,0.198093,0.253264,0.031869,0.199175,0.203879,0.253432,0.204873,0.116110,0.168168,0.106905,0.179208,0.295468,0.278855,0.185016,0.258164,0.249734,0.314209,0.227015,0.395171,0.108485,0.303138,0.319910,0.088468,0.094762,0.200186,0.309412,0.140005,0.113475,0.178193,0.223488,0.264726,0.177272,0.190975,0.293799,0.317086,0.164591,0.132438,0.376694,0.216770,0.287907,0.311288,0.226607,0.237705,0.265673,0.131171,0.224746,0.115306,0.232005,0.352941,0.199196,0.193651,0.293525,0.303468,0.303866,0.229546,0.104873,0.095639,0.158431,0.146382,0.245245,0.172048,0.231463,0.178637,0.230694,0.193585,0.295269,0.183681,0.120183,-0.124375,0.203993,0.300408,0.194240,0.045011,0.310259,0.229636,0.144028,0.226379,0.263365,0.159080,0.271333,0.229566,0.352396,0.393969,0.223270,0.241074,0.020952,0.304861,0.047784,0.238357,0.254690,0.349640,0.365520,0.251949,0.265878,0.037605,0.250954,0.301769,0.216304,0.208331,0.052751,0.265120,0.084395,0.234742,0.382694,0.133596,0.190880,0.416688,0.227466,0.089482,0.125775,-0.125479,0.225619,0.070245,0.294133,0.210125,0.328268,0.102491,0.316043,0.192776,0.231172,0.158567,0.112311,0.218905,0.206822,0.216528,0.236196,0.196473,0.299706,0.202092,0.248900,-0.017328,0.081488,0.292899,0.278226,-0.020830,0.117401,0.254277,0.236222,0.183456,0.237975,0.108921,0.229863,0.283607,0.246616,0.174062,0.180467,0.222778,0.045578,0.139819,0.254461,0.192149,0.270801,0.252597,0.142728,0.214930,0.128087,0.299706,0.138640,0.274723,0.078701,0.122453,0.065088,0.253975,0.230796,0.117848,0.148722,0.052118,0.345545,0.157560,0.295178,0.210716,0.248863,0.117653,0.094429,0.151662,0.216270,0.185368,0.060026,0.151847,0.201481,0.401677,0.210423,0.149721,0.223500,0.158020,0.278158,0.062384,0.034092,0.273659,0.177012,0.409823,0.167565,0.172819,#
5,0.221791,0.235413,0.120586,0.126956,0.175326,1.000000,0.171403,0.057525,0.145013,0.208433,0.164396,0.081017,0.165203,-0.012321,0.234572,0.140160,0.154776,0.155874,0.150651,-0.041689,0.244221,0.278299,0.147185,0.347516,0.182512,0.102400,0.121828,0.200025,0.223067,0.157411,0.109700,0.235064,0.238227,0.106480,0.072918,0.070595,0.329152,0.090892,0.201172,0.278526,0.133010,0.273238,-0.038569,0.326047,0.120188,0.245907,0.178350,0.077049,0.119368,0.258088,0.249842,0.119964,0.210331,-0.017344,0.085048,0.151468,-0.021274,0.231622,0.279720,0.182532,0.139033,0.192820,0.160461,0.076987,0.204669,0.172082,0.236954,0.154770,0.072165,0.182249,0.298389,0.181925,0.177890,0.312790,0.147220,0.001922,0.211399,0.159238,0.200142,0.157902,0.105007,0.125331,0.238022,-0.003040,0.021484,0.242671,0.057885,0.116541,0.234282,0.175489,0.134880,0.249944,0.036953,0.186767,0.078165,0.108763,0.147239,0.087624,0.223744,0.035740,0.226600,0.201309,0.202500,0.192887,0.046579,0.114483,-0.027803,0.277445,0.067427,0.126972,0.272442,0.083717,0.295013,0.087378,0.186268,0.020478,0.312105,0.141405,0.163579,0.144887,0.062383,0.164729,0.044223,0.223858,0.072385,0.153674,-0.038278,0.007505,0.342621,0.272052,0.136152,0.304261,0.129572,0.136641,0.283903,0.182873,0.049262,0.082563,0.051658,0.093480,0.265259,0.170818,0.107105,0.167634,0.128058,0.064209,0.173695,0.166918,0.020579,0.188950,0.193591,0.039885,0.116803,0.272087,0.025340,0.105921,0.254825,0.082855,0.373779,-0.006242,0.163335,0.135579,0.144988,0.062564,0.240728,-0.064594,0.025700,0.196081,0.175615,0.295340,0.108614,0.125425,0.145471,0.136312,0.084220,0.122413,0.148373,0.165622,0.264845,0.112430,0.192026,0.204608,0.254383,0.077435,0.275776,0.232737,0.175399,0.163289,0.064930,0.137775,0.217217,0.148795,0.138786,0.156073,0.289486,0.148181,0.021638,0.333352,0.060407,0.223886,#
6,0.153422,0.265002,0.240751,0.240539,0.300212,0.171403,1.000000,0.155195,0.079063,-0.030471,0.174196,0.108958,0.028976,0.194635,0.081162,0.084487,0.158796,0.171172,0.247073,0.243475,0.196679,0.144608,0.108344,0.142608,0.053632,0.144848,0.092722,0.200675,0.340080,0.188814,0.113676,0.212473,0.195727,0.149648,0.080537,0.062187,0.146967,0.226418,0.259277,0.259671,0.244176,0.195101,0.002760,0.219888,0.059695,0.180146,0.180711,0.405652,0.145767,0.285684,0.105066,0.266824,0.303232,0.159263,0.071770,0.237625,0.132071,0.279986,0.255759,0.301627,0.119759,0.199766,0.039077,0.251126,0.152743,0.334067,0.207677,0.193472,0.198196,0.145211,0.168297,0.181876,0.305309,0.043474,0.262257,0.084528,0.207241,0.195504,0.272083,0.167581,0.210156,0.262348,0.225325,0.151849,0.204532,0.212618,0.133668,0.251648,0.262360,0.296705,0.267665,0.123092,0.117046,0.271345,0.104673,0.284541,0.170495,0.197461,0.279981,0.210470,0.235766,0.214454,0.165804,0.150952,-0.007227,0.340734,-0.004039,0.166830,0.161156,0.156902,0.259123,0.164344,0.192525,0.148563,0.183600,0.116079,0.255304,0.090405,0.215640,0.184068,0.173914,0.238066,0.169932,0.059882,0.197708,0.093102,0.157260,0.292134,0.124522,0.337724,0.210994,0.116898,0.217507,0.038485,0.340287,0.159903,0.150015,0.224199,0.165742,0.156404,0.108901,-0.115793,0.025184,0.350912,0.072125,0.253924,0.193653,0.102781,0.172019,0.053560,0.252664,0.166905,0.195191,0.174956,0.144964,0.120168,0.078967,0.191554,0.254406,0.094876,0.106834,0.224480,0.208929,0.116090,0.251255,0.110181,0.105001,0.272772,0.231625,0.287027,0.065116,0.113554,0.158914,0.128527,0.190984,0.277570,0.129358,0.270175,0.312986,0.055055,-0.027233,0.106469,0.188560,0.323667,0.344366,0.215950,0.157817,0.237558,0.273132,0.234331,0.079885,0.088870,0.304783,0.186894,0.132411,0.162048,0.119049,0.247762,0.063388,0.230063,#
7,0.050852,0.172022,0.142630,0.206086,0.198093,0.057525,0.155195,1.000000,0.076842,0.201014,0.172446,0.304411,0.032572,0.166146,0.144985,0.209962,0.011045,0.221426,0.203328,0.241414,0.179257,0.240499,0.325757,0.115367,0.255772,0.066018,0.185337,0.272912,0.203139,0.069028,0.236358,0.152208,0.268893,0.096305,0.067947,0.231108,0.059061,0.147992,0.206376,0.226117,0.164672,0.248503,0.250588,0.113360,0.188526,0.240588,0.099713,0.238303,0.254964,0.174597,0.266275,0.198710,0.137260,0.100146,0.141585,0.197124,0.170844,0.266300,0.189755,0.243693,0.211391,0.042856,0.184310,0.173299,0.295517,0.140485,0.148682,0.126227,0.114801,0.270532,0.211839,-0.009961,0.349161,0.220205,0.102931,0.054098,0.201814,0.239804,0.225834,0.284735,0.189592,0.206182,0.230771,0.160034,0.174908,0.154145,0.206609,0.007251,0.219500,0.281608,0.202575,0.157238,0.178870,0.176227,0.038993,0.256345,0.122356,0.146489,0.121127,-0.028949,0.237142,0.050790,0.217818,0.153277,-0.013452,0.315237,0.327625,0.059806,0.170936,0.186187,0.169631,0.155320,-0.002466,0.165775,0.296144,0.111097,0.084728,0.099015,0.226321,0.235811,0.207953,0.201167,0.102922,0.216878,0.229314,0.157120,0.258951,0.314967,0.120808,0.112282,0.032425,0.195465,0.167817,0.153670,0.388197,0.109281,0.017535,0.379816,0.203495,0.229998,0.361632,0.209112,-0.041675,0.182882,0.184089,0.086338,0.256666,0.156667,0.120615,0.178600,0.160232,0.329922,0.036802,0.011068,-0.109684,0.213846,0.232460,0.250487,0.222317,0.225161,0.130103,0.232661,0.133887,0.113057,0.170716,0.107904,0.397839,0.202344,0.234725,0.224677,0.212968,0.099802,0.104855,0.038297,0.196189,0.123372,0.145059,0.129866,0.043092,0.274482,0.111504,0.160175,0.065574,0.144346,-0.023126,0.162275,0.099444,0.233354,0.062587,0.300031,0.195052,0.169114,0.270611,0.218346,0.069315,0.224802,0.134732,0.263429,0.264657,0.100518,#
8,0.264974,0.223237,0.025425,0.209356,0.253264,0.145013,0.079063,0.076842,1.000000,0.033592,0.285682,0.178212,0.178046,0.185521,0.318240,0.142687,0.020478,0.077519,0.126866,0.211662,0.245034,0.196561,0.044705,0.253498,0.160888,0.155073,0.116950,0.264388,0.118418,0.156468,0.061607,0.218002,0.185442,0.198110,0.102339,0.252011,0.246792,0.168508,0.287511,0.323512,0.168546,0.161429,-0.114744,0.147003,0.365365,0.274320,0.231488,0.255094,0.058607,0.150362,0.068305,0.248791,0.096362,0.337000,0.221458,0.258624,0.208639,0.154744,0.139798,0.265798,0.207764,0.100059,0.221985,0.113657,0.262059,0.253151,0.223488,0.192813,0.294703,0.229442,0.126399,0.246371,0.282282,0.080800,0.036975,-0.019574,0.186030,0.128078,0.253081,-0.011910,0.213959,0.209078,0.272246,0.078608,0.265141,0.151032,0.194769,0.173235,0.352755,0.253165,0.181884,0.169567,0.136485,0.157091,0.258351,0.310503,0.240472,0.223935,0.175081,0.154139,0.229550,0.042117,0.172518,0.155854,0.216494,0.085010,0.246469,0.170648,-0.041012,0.195073,0.097265,0.154522,0.017882,0.161686,0.123119,0.248082,0.232687,0.112108,0.077425,0.248526,0.263444,0.094315,0.205625,0.194832,0.249344,0.318045,0.076546,0.261585,0.127451,0.177434,0.189331,0.196468,0.133511,0.143897,0.252711,0.148114,0.160151,0.224284,0.348747,0.292719,0.301598,0.168528,0.294840,0.139597,0.213248,0.108293,0.227519,0.282567,0.082364,0.174233,0.274629,0.159615,0.123673,0.184655,0.325438,0.230576,0.110601,0.126166,0.127375,0.240829,0.045083,0.213284,0.026551,0.230506,0.228263,0.156288,0.210131,0.217597,0.151856,0.169635,0.242344,-0.020576,0.099478,0.283898,0.150549,0.154876,0.137824,0.225283,0.280321,0.161877,0.180974,0.206206,-0.011888,0.214175,0.234486,0.199781,0.026345,0.076153,0.239035,0.170134,0.210471,0.173798,0.220362,0.146461,0.165669,0.106213,0.115331,-0.017125,0.095517,0.104622,#
9,0.227332,0.093852,0.036671,0.081979,0.031869,0.208433,-0.030471,0.201014,0.033592,1.000000,0.239380,0.158369,-0.018678,0.153373,0.203757,0.114379,0.107510,-0.003692,-0.031629,0.186039,0.122861,0.165793,0.190657,0.136707,0.067674,0.136800,0.204866,0.292704,0.206142,0.056205,0.310111,0.221055,0.067027,0.124844,0.235159,0.201600,-0.019503,0.263121,0.177682,0.188283,0.164779,0.261622,-0.025326,-0.090737,0.144613,0.271379,0.134080,0.160870,0.039050,-0.008881,0.255445,0.251542,0.141387,0.004889,0.142733,0.280645,0.204100,0.146342,0.107250,0.091553,0.100866,0.174042,0.238980,0.227214,0.265890,0.137231,-0.015310,0.183058,0.159512,0.104533,0.206828,0.262794,0.167080,0.210102,0.179254,0.103854,0.249106,0.059347,0.362380,0.152576,-0.054257,0.186577,0.103604,0.120234,0.148666,0.287146,0.339693,0.084347,-0.000458,0.118315,-0.016312,0.222090,0.038124,0.127711,0.097989,0.147108,0.305227,0.200168,0.084005,0.125446,0.240522,0.176535,0.281761,0.059766,0.108358,0.169578,0.137242,0.164373,0.198896,0.050294,0.076681,0.061573,0.109566,0.160936,0.087019,0.146572,0.214157,0.176124,0.390020,0.046058,0.321707,0.219977,0.121887,0.242259,0.158418,0.167598,-0.049788,0.211530,0.154417,0.175253,0.113220,0.257858,0.035224,0.207412,0.110884,0.027044,0.210510,0.257812,0.083964,0.127571,0.128260,0.249947,0.055332,0.079767,0.141427,-0.052698,0.250248,0.132160,-0.003079,0.340774,0.191211,0.109970,0.244315,0.115324,-0.009337,0.143530,0.189184,0.154779,0.378468,0.019909,0.122326,0.096862,-0.034961,0.247946,0.167909,0.067093,0.102925,0.209803,0.391657,0.161716,0.130029,0.132313,0.166577,0.183383,0.092530,0.144938,0.182417,-0.085521,0.061907,0.321637,0.054865,0.229883,0.219619,0.151048,0.119376,0.164887,0.188195,0.292017,0.295377,0.086842,0.169891,0.120197,0.142899,0.176027,0.094581,0.145900,0.074098,-0.009352,0.095696,0.115752,#
10,0.348890,0.450539,0.117965,0.281132,0.199175,0.164396,0.174196,0.172446,0.285682,0.239380,1.000000,0.122789,-0.025690,0.279580,0.264781,0.126876,0.100587,0.212519,0.368619,0.163521,0.101131,0.273810,0.135450,0.162630,0.157749,0.097899,0.357436,0.245731,0.222830,0.204199,0.294432,0.246895,0.174288,0.217774,0.059666,0.306767,0.081742,0.289244,0.347776,0.243124,0.099028,0.166791,0.175757,0.037222,0.175287,0.246170,0.235199,0.334705,0.251394,0.221272,0.175791,0.231005,0.220168,0.172102,0.143272,0.266383,0.174738,0.243863,0.201128,0.171532,0.113326,0.200679,0.219998,0.302475,0.238021,0.274849,0.175907,0.173938,0.285777,0.197057,0.237087,0.234879,0.299644,0.157135,0.115943,0.125306,0.301034,0.055108,0.264860,0.133471,0.144176,0.246036,0.234627,0.235463,0.185544,0.107351,0.334052,0.108344,0.284166,0.241999,0.063968,0.118002,0.247668,0.127809,0.218898,0.144459,0.310399,0.109515,0.211349,0.232008,0.270755,0.186179,0.198850,0.239338,0.253282,0.092884,0.261077,0.297698,0.085557,0.197543,0.134781,0.217424,0.085882,0.184177,0.249828,0.324727,0.211426,0.015010,0.228904,0.161256,0.171110,0.146636,0.198281,0.232629,0.164844,0.254129,0.027646,0.217624,0.151885,0.359366,0.295273,0.191665,0.212021,0.125551,0.220663,0.202663,0.151432,0.287626,0.105620,0.310641,0.293581,0.117897,0.300705,0.179852,0.179310,0.115987,0.120406,0.118077,0.056893,0.273831,0.216335,0.223758,0.276092,0.151985,0.237549,0.222128,0.236479,0.102984,0.221056,0.278835,0.166669,0.218594,0.168357,0.216529,0.235006,0.090542,0.162071,0.184954,0.157928,0.245949,0.233664,0.177662,0.202139,0.188041,0.211037,0.022268,0.123884,0.176234,0.383991,0.310332,0.251561,0.168470,0.253276,0.080006,0.219728,0.193947,0.047848,0.216744,0.267572,0.194543,0.209040,0.190429,0.135782,0.139405,0.274874,0.221184,0.106617,0.250470,0.277421,0.265068,#
11,0.229414,0.295227,0.265421,0.413602,0.203879,0.081017,0.108958,0.304411,0.178212,0.158369,0.122789,1.000000,0.159449,0.065503,0.079867,0.178182,0.164792,0.273371,0.166069,0.065521,0.183876,0.284056,0.217689,0.254509,0.364450,0.245251,0.095764,0.307201,-0.032747,0.266823,0.308857,0.269592,0.247533,0.208999,0.073429,0.179887,0.157388,0.233267,0.280525,0.214013,0.261914,0.377204,0.244243,0.383588,0.054624,0.376377,0.253457,0.305533,0.107667,0.098772,0.390599,0.170768,0.253981,0.254403,0.036635,0.265826,0.389889,0.162120,0.234705,0.191174,0.099236,0.228987,0.276773,0.319333,0.336680,0.300653,0.191670,0.277126,0.158269,0.313217,0.223103,0.062426,0.272183,0.239733,0.173470,0.136004,0.191234,0.210395,0.407922,0.195132,0.300548,-0.004904,0.254558,0.287435,0.314836,0.130570,0.388977,0.207502,0.260487,0.203245,0.315022,0.262979,0.279683,0.417114,0.056421,0.205304,0.145298,0.228780,0.223974,0.285180,0.323580,0.189632,0.288460,0.163050,0.227008,0.313289,0.274188,0.207809,0.226628,0.179249,0.269274,0.186066,0.281998,0.197429,-0.032484,0.379631,0.262119,0.138808,0.308239,0.235591,0.229740,0.285296,0.301192,0.242450,0.231873,0.201289,0.293314,0.356788,0.233704,0.227845,0.098415,0.440899,0.124043,0.246425,0.137884,0.119087,-0.017949,0.306417,0.074014,0.284124,0.235041,0.166467,0.150502,0.316455,0.236313,0.098100,0.374608,0.140306,0.188610,0.183449,0.101995,0.396232,0.144421,0.127927,0.198956,0.075237,0.139169,0.060708,0.163976,0.231687,0.135729,0.197666,0.112851,0.211464,0.369236,0.101686,0.309725,0.283611,0.358079,0.218134,0.326145,0.005647,0.137069,0.128037,0.191254,0.318402,0.357588,0.096925,0.114287,0.155821,0.273962,0.261422,0.146507,0.140141,0.069130,0.252577,0.230473,0.207803,0.177092,0.211975,0.153793,0.104150,0.382582,-0.047521,0.244994,0.227808,0.129372,0.215198,0.178168,0.229309,#
12,0.106186,0.228739,0.156467,0.167947,0.253432,0.165203,0.028976,0.032572,0.178046,-0.018678,-0.025690,0.159449,1.000000,0.046332,0.198026,0.096291,0.153410,0.076801,0.221324,0.313424,0.233522,0.060936,0.152565,0.166260,0.234595,0.128694,0.090395,0.199361,0.256050,0.310475,0.003039,0.227290,0.233172,0.164944,0.069702,0.155904,0.247846,0.097152,0.193743,0.152992,0.364733,0.163994,0.167680,0.198773,0.217147,0.308748,0.177042,0.002882,0.143089,0.046389,0.319304,0.156616,0.162665,0.162757,0.046808,0.193000,0.177162,0.192808,0.201198,0.203820,0.120500,0.165843,0.172606,0.165460,0.202506,0.165004,0.117104,0.051639,0.102081,0.090148,0.080493,0.253523,0.123639,0.018604,0.234881,0.088152,0.175438,0.172653,0.168417,0.061159,0.148371,0.115687,0.165271,0.161804,0.228671,0.314618,0.112305,0.182583,0.245187,0.214317,0.218803,0.240999,0.075249,0.224131,0.087875,-0.006501,0.298359,0.290167,0.029253,0.106363,0.193683,0.179316,0.179295,0.160431,0.297888,0.180186,0.118514,0.052542,0.047859,0.238984,0.248987,-0.065710,0.221994,0.248742,0.085913,0.105659,0.140787,0.204171,0.200857,0.221559,0.097364,0.237558,0.276392,0.198786,0.019450,0.268089,0.176361,0.117994,0.129527,0.055351,0.148243,0.239090,0.129534,0.080141,0.067608,0.089122,0.098920,0.185503,0.136477,0.237223,0.263578,0.086543,0.056280,0.150087,0.030182,0.174334,0.213902,0.131045,0.171971,0.072341,0.104855,0.360738,0.018124,0.141307,0.134636,0.044708,0.122635,-0.112552,0.085982,0.000407,0.088099,0.273823,0.129694,0.236635,0.076935,0.084276,0.189993,0.058028,0.101303,0.252338,0.088601,0.130397,0.159232,0.115127,0.194584,-0.037999,0.170144,0.186671,0.041051,0.229622,0.171100,0.170973,0.218795,0.134756,0.210926,0.256117,0.086055,0.193222,0.134807,0.042276,0.275103,0.235085,0.217566,0.142110,0.055737,0.108185,0.139810,0.136524,0.185900,0.157522,#
13,0.085376,0.275174,0.164888,0.299079,0.204873,-0.012321,0.194635,0.166146,0.185521,0.153373,0.279580,0.065503,0.046332,1.000000,0.235592,0.190942,0.098599,0.014815,0.225033,0.242228,0.114382,0.204832,0.101791,0.114191,0.331386,0.254095,0.240975,0.237008,0.232698,0.088287,0.268680,0.155157,0.228333,0.270886,0.068388,0.210143,0.139896,0.321853,0.140321,0.188868,0.115451,0.204653,0.304903,0.070909,0.150694,0.247973,0.287794,0.260869,0.209348,0.115116,0.252115,0.282705,0.285552,0.098442,0.129938,0.442796,0.142490,0.180950,0.243452,0.310596,0.250703,0.149699,0.329372,0.199664,0.157332,0.247185,0.354441,0.214402,0.388904,0.276851,0.031805,0.169927,0.250707,0.130386,0.300624,0.026698,0.211299,0.314828,0.309246,0.072777,0.238418,0.387624,0.218349,0.376476,0.384864,0.159705,0.375717,0.268044,0.249462,0.403337,0.215895,0.208991,0.294497,0.183617,0.104319,0.211226,0.269739,0.152869,0.211970,0.235679,0.325715,0.219285,0.214154,0.223049,0.182736,0.323178,0.225025,0.154061,0.269622,0.169194,0.192179,0.092034,0.232589,0.221967,0.170998,0.170449,0.310490,0.161313,0.208800,0.252927,0.306908,0.300009,0.108384,0.324309,0.138735,0.258284,0.149991,0.184091,0.315521,0.250817,0.178841,0.141303,0.055115,0.190431,0.283930,0.240474,0.236147,0.217114,0.425770,0.244343,0.217574,0.160715,0.239614,0.140015,0.283053,0.332346,0.281424,0.259341,-0.020719,0.304215,0.251685,0.193066,0.169426,0.272579,0.267015,0.218248,0.062589,0.313865,0.209448,0.144980,0.132320,0.371584,0.090393,0.381305,0.281169,0.288003,0.111014,0.167442,0.191970,0.314529,0.266462,0.335122,0.228493,0.052640,0.250266,0.160825,0.038640,0.105961,0.311342,0.048462,0.242108,0.253410,0.187587,0.309070,0.066458,0.260994,0.210383,0.330287,0.283033,0.257036,0.048300,0.297473,0.308071,0.133976,0.080894,0.243716,0.173636,0.223139,0.221468,0.210594,#
14,0.374048,0.161348,0.181848,0.161495,0.116110,0.234572,0.081162,0.144985,0.318240,0.203757,0.264781,0.079867,0.198026,0.235592,1.000000,0.392878,0.169361,0.197021,0.270294,0.279344,0.222169,0.194026,0.250114,0.323015,0.256996,0.087523,0.258428,0.275052,0.311483,0.242659,0.112526,0.113309,0.123964,0.087102,0.218285,0.283719,0.336859,0.357735,0.322105,0.367948,0.318487,0.248289,0.213383,0.147683,0.273216,0.386030,0.240429,0.275101,0.203355,0.125291,0.386819,0.199780,0.243407,0.189312,0.350997,0.293529,0.309420,0.204970,0.165984,0.226480,0.293482,0.281881,0.159123,0.258397,0.299762,0.216120,0.220398,0.270512,0.263608,0.236988,0.112889,0.356694,0.108569,0.337168,0.082380,0.072476,0.167240,0.237124,0.253614,0.168020,0.273264,0.068371,0.311300,0.274507,0.267071,0.318099,0.138521,0.051429,0.300125,0.307753,0.340256,0.205926,0.264746,0.271665,0.264254,0.032723,0.311083,0.287307,0.286693,0.212306,0.187904,0.256656,0.227362,0.214045,0.135129,0.289473,0.330861,0.407908,0.163376,0.262140,0.011012,0.078040,0.205315,0.077652,0.224447,0.297344,0.150144,0.246621,0.328755,0.319938,0.393665,0.260483,0.117711,0.248457,0.182356,0.226565,0.224773,0.179749,0.071803,0.301812,0.077435,0.370349,0.198902,0.075771,0.116022,0.103884,0.208235,0.199555,0.168640,0.215194,0.387256,0.296539,0.333840,0.069913,0.211597,0.236440,0.211806,0.169204,0.093310,0.152733,0.241028,0.146167,0.051891,0.217003,0.148572,0.084700,0.249852,0.177053,0.223269,-0.008338,0.158403,0.329025,0.125488,0.139722,0.338981,0.096741,0.236789,0.285319,0.084739,0.299762,0.287609,0.296401,0.258739,0.290151,0.211548,0.077001,0.356249,0.274905,0.353498,0.329608,0.256362,0.388692,0.153601,0.244784,0.210168,0.258617,0.136189,0.159738,0.176215,0.200406,0.158145,0.318314,0.257696,0.394164,0.169540,0.065443,-0.033767,0.237823,0.237098,0.229694,#
15,0.206707,0.115055,0.140627,0.234302,0.168168,0.140160,0.084487,0.209962,0.142687,0.114379,0.126876,0.178182,0.096291,0.190942,0.392878,1.000000,0.169722,0.314562,0.272550,0.155214,0.216548,0.190521,0.192081,0.264898,0.218834,0.305436,0.236572,0.252385,0.280992,0.107426,0.153684,0.184561,0.141031,0.298718,0.122802,0.096746,0.225668,0.246643,0.278742,0.278204,0.374021,0.253449,0.197330,0.141069,0.312797,0.313569,0.170043,0.219752,0.051492,0.088598,0.310996,0.259922,0.329511,0.133051,0.278634,0.190950,0.194423,0.258890,0.144627,0.322786,0.244969,0.105854,0.217763,0.205309,0.181596,0.142359,0.251258,0.292487,0.205049,0.180132,0.227982,0.298976,0.244184,0.225947,0.199816,0.128797,0.082943,0.349037,0.247547,0.154381,0.363428,0.130221,0.253905,0.265875,0.167898,0.162288,0.283382,0.073448,0.319359,0.295636,0.203116,0.099203,0.230184,0.347344,0.112369,0.085981,0.292990,0.213369,0.270541,0.174190,0.217701,0.144456,0.342278,0.264103,0.004651,0.199837,0.215068,0.197213,0.173880,0.380784,0.122993,0.251487,0.201939,0.062134,0.224205,0.389449,0.304319,0.043501,0.198989,0.262424,0.247297,0.316753,0.131548,0.319886,0.179202,0.095373,0.199241,0.133604,0.238105,0.135363,0.019212,0.378727,0.149132,0.225004,0.190390,0.250178,0.172579,0.121547,0.140044,0.122558,0.181949,0.289084,0.295940,0.143234,0.314773,0.263440,0.347315,0.208485,0.206434,0.213047,0.285089,0.140155,0.101086,0.442252,-0.009318,0.337785,0.063246,0.204794,0.163000,0.094759,0.048988,0.180318,0.208411,0.218408,0.234842,0.151947,0.163641,0.241122,0.136217,0.278502,0.141641,0.088832,0.265057,0.103555,0.256263,0.014034,0.227026,0.082895,0.081385,0.290979,0.224808,0.289766,0.067832,0.286532,0.176170,0.230821,0.034698,0.225985,0.222540,0.178281,-0.005594,0.336301,0.254588,0.305047,0.129412,0.184143,0.051699,0.186765,0.073941,0.158667,#
16,0.205265,0.138900,0.179014,0.190989,0.106905,0.154776,0.158796,0.011045,0.020478,0.107510,0.100587,0.164792,0.153410,0.098599,0.169361,0.169722,1.000000,0.182060,0.091264,0.108309,0.389341,0.195954,0.277114,0.095384,0.024192,0.257906,0.186123,-0.008060,0.137964,0.033462,0.181353,0.287512,-0.023110,0.251143,-0.027490,0.223849,0.187496,0.117037,0.185708,0.225737,0.075077,0.297729,0.150192,0.206121,0.164175,0.242176,0.164289,0.183727,0.199616,-0.006847,0.051537,0.267360,0.330600,0.036329,0.179770,0.107607,0.045434,0.158778,0.217735,0.028340,0.055044,0.357302,0.181797,0.276461,0.263610,0.174206,0.190683,0.324975,0.027538,0.193228,0.031418,0.288051,0.250079,0.076415,0.141513,0.336120,0.128693,0.213469,0.284012,0.124108,0.062247,0.052103,0.084689,0.093450,0.137424,0.240433,0.309023,0.083597,0.254387,0.085716,0.174584,0.199951,0.063628,0.115392,0.110818,0.024232,0.178966,0.137235,0.275382,0.143551,0.125360,0.152141,0.036839,0.107980,0.139825,0.182856,0.099080,-0.045636,0.016193,0.191389,0.251953,0.122222,0.111315,0.127006,0.198969,0.410017,0.211326,0.100039,0.145380,0.227252,0.096887,0.154736,0.199724,0.132166,0.105191,0.062179,0.163656,0.019265,0.110478,0.164819,-0.008946,0.245019,0.283158,0.008501,0.190620,0.228678,-0.042702,0.173707,0.191619,0.284212,0.046337,0.067104,0.017706,0.208603,0.197210,0.095800,0.033837,0.139777,0.138632,0.002464,0.127257,0.187558,0.095716,0.069000,0.147574,0.093095,0.050549,0.057345,0.115604,0.072119,0.057162,0.292924,0.207498,0.224263,0.201859,0.096139,0.225836,0.229970,0.020375,0.080317,-0.018083,-0.050355,0.183683,0.000893,0.086052,0.176479,0.031991,0.003440,0.184325,0.102642,0.171202,0.213540,0.197223,-0.047918,0.011422,0.113155,0.205026,0.188463,0.197281,0.096169,0.194342,-0.113724,0.060746,0.140484,0.222375,0.233043,-0.095685,0.159940,0.031342,0.160485,#
17,0.331191,0.254013,0.104087,0.296657,0.179208,0.155874,0.171172,0.221426,0.077519,-0.003692,0.212519,0.273371,0.076801,0.014815,0.197021,0.314562,0.182060,1.000000,0.156051,0.230840,0.301509,0.231402,0.280877,0.301459,0.261182,0.181320,0.098623,0.129234,0.264203,0.241266,0.176163,0.336682,0.346711,0.204863,0.027313,0.199504,0.136501,0.404324,0.258216,0.061923,0.174827,0.213170,0.121547,0.277956,0.129889,0.299544,0.263128,0.178482,0.337537,0.195349,0.217414,0.134922,0.144769,0.126778,0.144334,0.212775,0.261280,0.422347,0.178772,0.377881,0.205063,0.219080,0.170852,0.233900,0.128343,0.267087,0.229144,0.251908,0.182316,0.327841,0.311954,0.133852,0.339674,0.137613,0.166218,0.260647,0.198776,0.324016,0.151194,0.216534,0.229022,0.227557,0.474073,0.268947,0.272965,0.116054,0.170714,0.110355,0.410766,0.316093,0.226233,0.147490,0.204629,0.211031,0.080609,0.068508,0.270481,0.328553,0.286973,0.258985,0.167837,0.106722,0.187333,0.259723,0.010546,0.309957,0.241889,0.389798,-0.012309,0.104446,0.156056,0.154960,0.167875,0.239632,0.084972,0.293340,0.210306,0.143202,0.177470,0.350630,0.141669,0.163234,0.169255,0.263167,0.351444,0.184705,0.215132,0.223628,0.048494,0.116456,0.003903,0.288376,0.341664,0.353986,0.213004,0.222229,0.282611,0.129883,0.215483,0.280871,0.255549,0.203397,0.147748,0.153637,0.289934,0.156916,0.069058,0.195913,0.199885,0.103840,0.232763,0.126100,0.105461,0.256601,0.042353,0.207160,0.126695,0.158797,0.395753,0.196695,0.254066,0.244847,0.222740,0.087474,0.258893,0.206293,0.147633,0.308433,0.052184,0.203945,0.382309,0.094465,0.139847,0.200905,0.302355,0.017736,0.254862,0.170247,0.130435,0.262420,0.207205,0.454348,0.143443,-0.065783,0.051986,0.169398,0.151293,0.297077,0.284937,0.273702,0.156179,0.289729,0.214778,0.114958,0.379302,0.254365,0.206355,0.114205,0.141904,0.149456,#
18,0.304046,0.228484,0.186387,0.215504,0.295468,0.150651,0.247073,0.203328,0.126866,-0.031629,0.368619,0.166069,0.221324,0.225033,0.270294,0.272550,0.091264,0.156051,1.000000,0.190474,0.210962,0.156462,0.044646,0.324520,0.316088,0.196266,0.283519,0.302545,0.294621,0.171853,0.207715,0.217310,0.292162,0.116213,0.144039,0.276491,0.308941,0.192750,0.228642,0.328797,0.226498,0.271665,0.179488,0.180274,0.138659,0.268067,0.131648,0.243223,0.203152,0.188947,0.300534,0.067076,0.374015,0.316693,0.190980,0.215922,0.211408,0.317789,0.180749,0.162452,0.155680,0.179379,0.213380,0.278441,0.052595,0.334445,0.315145,0.321868,0.166619,0.032485,0.079196,0.188509,0.227312,0.241758,0.113985,0.046355,0.139794,0.265520,0.294924,0.280264,0.306384,0.167445,0.214141,0.348692,0.224723,0.070655,0.330770,0.115541,0.348218,0.221344,0.285590,0.196663,0.232750,0.273802,0.193356,0.104286,0.378120,0.290872,0.088173,0.297513,0.178025,0.301010,0.352457,0.289600,0.210959,0.293239,0.188222,0.239585,0.194735,0.341660,0.303214,0.336024,0.150026,0.261612,0.167480,0.168073,0.202773,0.120767,0.302307,0.279818,0.184449,0.264073,0.197281,0.117946,0.222792,0.238256,0.221475,0.156468,0.296382,0.248671,0.222579,0.339658,0.171770,0.164652,0.292912,0.001296,0.088181,0.284707,0.182999,0.333056,0.339591,0.090433,0.092508,0.140252,0.230274,0.183944,0.144966,0.084120,0.102396,0.161929,0.175918,0.300044,0.242876,0.159615,0.148597,0.344144,0.286256,0.244922,0.142365,0.312344,0.150404,0.207470,0.156495,0.209196,0.236298,0.133960,0.287167,0.228560,0.115564,0.267234,0.096539,0.165863,0.322230,0.048643,0.193305,0.111341,0.214157,0.358014,0.463613,0.259006,0.176293,0.277981,0.274760,0.079162,0.336428,0.221702,0.193871,0.381474,0.239447,0.299865,0.226025,0.329668,0.353644,0.187649,0.175347,0.180470,0.125192,0.323844,0.306888,0.242813,#
19,0.267153,0.255831,0.245275,0.206598,0.278855,-0.041689,0.243475,0.241414,0.211662,0.186039,0.163521,0.065521,0.313424,0.242228,0.279344,0.155214,0.108309,0.230840,0.190474,1.000000,0.142732,0.316478,0.229585,0.267233,0.174670,0.290577,0.198909,0.214215,0.282015,0.269918,0.125845,0.250879,0.204175,0.100694,0.172329,0.270250,0.074920,0.240812,0.449211,0.181312,0.166742,0.181930,0.075519,0.064249,0.195586,0.317273,0.297908,0.368062,0.234041,0.143198,0.206455,0.277128,0.136927,0.347516,0.202393,0.210095,0.150800,0.239696,0.228943,0.194765,0.185105,0.200739,0.191130,0.204281,0.200261,0.278306,0.099452,0.220894,0.258744,0.267090,0.220166,0.295877,0.315386,-0.008394,0.223834,0.216489,0.192454,0.269343,0.330567,0.016298,0.244546,0.238474,0.234290,0.137598,0.347798,0.101510,0.289546,0.142566,0.325673,0.254434,0.148271,0.247121,0.193690,0.179843,0.216760,0.158090,0.250195,0.358325,0.163891,0.157197,0.244122,0.170389,0.190587,0.225799,0.204341,0.353558,0.199296,0.380379,0.021592,0.096221,0.279383,0.146075,0.168245,0.278717,0.263798,0.210388,0.260705,0.199636,0.317785,0.117483,0.318711,0.288825,0.175945,0.273768,0.349703,0.300815,0.253606,0.282804,-0.015276,0.157442,0.041568,0.093230,0.335773,0.226726,0.113383,0.204152,0.259252,0.243534,0.256831,0.293973,0.290179,0.288563,0.132729,0.088812,0.299666,0.159179,0.121467,0.332998,0.326515,0.132986,0.189190,0.210632,0.199283,0.309767,0.057804,0.141800,0.162068,0.159893,0.199678,-0.063768,0.264376,0.299716,0.309085,0.196803,0.280790,0.215304,0.138770,0.199605,0.171550,0.168032,0.303838,0.157039,0.195727,0.052898,0.272269,0.062781,0.296084,0.232513,0.116627,0.291438,0.138224,0.412015,0.021252,0.117821,0.152239,0.253847,0.205644,0.356342,0.312462,0.180500,0.235901,0.264243,0.238722,0.365938,0.157654,0.179999,0.265649,0.190606,0.253687,0.307816,#
20,0.261732,0.126045,0.285638,0.173762,0.185016,0.244221,0.196679,0.179257,0.245034,0.122861,0.101131,0.183876,0.233522,0.114382,0.222169,0.216548,0.389341,0.301509,0.210962,0.142732,1.000000,0.184877,0.203945,0.293871,0.316533,0.209276,0.130879,0.288208,0.215019,0.315794,0.199703,0.245082,0.196939,0.182388,0.129137,0.185183,0.158168,0.190407,0.157519,0.279379,0.261491,0.440729,0.130645,0.197423,0.253067,0.365058,0.177736,0.272110,0.267959,0.058852,0.107109,0.292598,0.401526,0.167797,0.133860,0.118821,0.249909,0.230615,0.237829,0.270907,0.209295,0.123292,0.258471,0.337054,0.381240,0.177397,0.282966,0.180644,0.280932,0.210690,0.123842,0.282121,0.411900,0.251026,0.173604,0.110672,0.347664,0.296711,0.191759,0.254775,0.149624,0.001501,0.349853,0.204964,0.178633,0.303873,0.353464,0.245145,0.372253,0.344095,0.226605,0.338611,0.223248,0.296196,0.162799,0.094115,0.399225,0.239574,0.186508,0.069867,0.121610,0.122923,0.215799,0.305169,0.106052,0.239519,0.165312,0.182911,0.079729,0.257721,0.277675,0.088334,0.128081,0.299669,0.118891,0.342259,0.343622,0.113905,0.045365,0.228872,0.202795,0.185019,0.206705,0.146175,0.257549,0.163048,0.333189,0.365938,0.122769,0.287606,0.095785,0.336341,0.213486,0.035864,0.276166,0.243825,0.229447,0.292810,0.283234,0.276430,0.226585,0.192249,0.029228,0.179232,0.301899,0.060203,0.099253,0.213773,0.185136,0.205911,0.239820,0.269376,0.055405,0.071420,0.147174,0.220192,0.143619,0.053647,0.283949,0.288720,0.213300,0.258191,0.162978,0.117465,0.362668,0.207844,0.089376,0.341685,0.145710,0.160681,0.228939,0.143391,0.091863,0.153221,0.174202,0.271365,0.085827,0.069999,0.324345,0.318457,0.252719,0.221319,0.130227,0.191792,0.186608,0.056201,0.170717,0.197393,0.303857,0.183432,0.220717,0.265096,0.286745,0.138531,0.337909,0.241636,0.095608,0.235669,0.146043,0.114361,#
21,0.357409,0.284591,0.362086,0.284430,0.258164,0.278299,0.144608,0.240499,0.196561,0.165793,0.273810,0.284056,0.060936,0.204832,0.194026,0.190521,0.195954,0.231402,0.156462,0.316478,0.184877,1.000000,0.216952,0.403936,0.303485,0.151752,0.297692,0.329388,0.295348,0.315135,0.261052,0.282115,0.196373,0.355167,0.152521,0.273817,0.298663,0.281686,0.400024,0.225218,0.241286,0.343126,0.141646,0.243535,0.302646,0.382750,0.343333,0.371803,0.107439,0.322176,0.309274,0.187572,0.327576,0.208449,0.207987,0.188538,0.251809,0.280342,0.243203,0.210159,0.154824,0.182743,0.355059,0.339192,0.357614,0.244704,0.173256,0.278165,0.315917,0.392517,0.470761,0.130659,0.427986,0.280787,0.189556,0.162464,0.264401,0.209696,0.245084,0.192976,0.373190,0.227336,0.199260,0.167847,0.362656,0.142007,0.309909,0.179986,0.324969,0.352937,0.188734,0.309955,0.321461,0.227440,0.272962,0.275179,0.304630,0.238727,0.170209,0.269632,0.435695,0.139699,0.200488,0.296107,0.231667,0.355100,0.187648,0.280106,0.122402,0.227748,0.285963,0.135186,0.272191,0.349821,0.139190,0.263570,0.385319,0.106489,0.263411,0.317225,0.268418,0.300579,0.105461,0.413711,0.222426,0.305083,0.204889,0.283048,0.156138,0.202588,0.278760,0.207289,0.313309,0.260493,0.266341,0.174825,0.267696,0.232352,0.167343,0.344280,0.236262,0.273928,0.255620,0.075033,0.259894,0.210148,0.224599,0.378481,0.260876,0.183418,0.201540,0.263472,0.267104,0.367274,0.153939,0.182856,0.181535,0.197983,0.248880,0.132258,0.362618,0.133012,0.161655,0.147395,0.323711,0.041097,0.060560,0.360491,0.104625,0.298533,0.251067,0.110172,0.295163,0.219085,0.214405,0.191545,0.268579,0.176493,0.269029,0.298487,0.260922,0.373789,0.085628,0.173829,0.186775,0.198057,0.288405,0.267978,0.421596,0.225088,0.290292,0.184059,0.319934,0.045018,0.348270,0.335277,0.173198,0.240828,0.217313,0.307072,#
