0,1.000000,0.267298,0.290993,0.299309,0.207077,0.352896,0.231426,0.332332,0.308895,0.297640,0.270830,0.370038,0.421121,0.093153,0.483125,0.260062,0.270623,0.259801,0.223387,0.303931,0.181174,0.212369,0.384582,0.310136,0.289838,0.274444,0.383333,0.354205,0.189175,0.362105,0.279913,0.173140,0.196745,0.174421,0.417145,0.312387,0.373026,0.231490,0.351103,0.369971,0.280338,0.236533,0.379719,0.357089,0.239330,0.212650,0.408092,0.321187,0.242231,0.443463,0.353644,0.170882,0.391031,0.349822,0.206377,0.294011,0.211360,0.293122,0.236590,0.252247,0.401720,0.266949,0.286488,0.285699,0.250831,0.454506,0.230343,0.467676,0.259075,0.242347,0.348855,0.242688,0.327769,0.217629,0.368616,0.246399,0.282288,0.326199,0.233594,0.269518,0.453356,0.220315,0.228852,0.239202,0.373363,0.453288,0.206756,0.131245,0.132421,0.269790,0.273834,0.311217,0.257355,0.300064,0.325526,0.329183,0.238437,0.259490,0.331190,0.228202,0.248850,0.325767,0.171759,0.223425,0.336399,0.141176,0.065340,0.292186,0.343613,0.261580,0.423819,0.189316,0.325915,0.148627,0.270529,0.444608,0.141104,0.169872,0.356925,0.324131,0.156204,0.522672,0.379863,0.316165,0.257277,0.219317,0.280278,0.210928,0.256585,0.236854,0.166342,0.271628,0.168093,0.136506,0.289382,0.184500,0.298348,0.318535,0.233215,0.178967,0.124876,0.314438,0.164198,0.397722,0.429897,0.231395,0.251974,0.226820,0.316804,0.368176,0.203454,0.107281,0.263771,0.252157,0.168363,0.271854,0.202804,0.313627,0.389638,0.376581,0.375770,0.428637,0.160268,0.287356,0.249102,0.302519,0.387428,0.286411,0.345127,0.348106,0.268064,0.249263,0.391931,0.329692,0.443069,0.017837,0.282778,0.350989,0.317829,0.381740,0.163079,0.372203,0.242215,0.258834,0.244033,0.202517,0.332348,0.376495,0.300900,0.399985,0.312569,0.300168,0.269468,0.226788,0.155976,0.224217,0.177870,0.220474,0.389738,0.252251,#
1,0.267298,1.000000,0.215059,0.442197,0.225346,0.432478,0.206120,0.227449,0.245851,0.271400,0.287989,0.294895,0.326918,0.324422,0.279853,0.227666,0.240332,0.161985,0.282279,0.255061,0.393408,0.491496,0.454460,0.455621,0.279882,0.271093,0.385005,0.231343,0.193415,0.151818,0.265370,0.296307,0.251644,0.349711,0.341844,0.389223,0.185379,0.363915,0.306495,0.346111,0.267324,0.245957,0.259867,0.345490,0.200877,0.325773,0.368758,0.325271,0.338484,0.380302,0.298917,0.384207,0.386964,0.227356,0.306679,0.286006,0.127012,0.300846,0.410652,0.326822,0.188409,0.313533,0.118188,0.076055,0.214628,0.329581,0.340760,0.399911,0.366196,0.391991,0.253934,0.309580,0.457838,0.163568,0.261676,0.303072,0.350775,0.351145,0.339947,0.212160,0.305001,0.260983,0.488365,0.271610,0.340337,0.334902,0.207930,0.156743,0.337990,0.328737,0.317586,0.295748,0.280581,0.203490,0.189553,0.191540,0.313502,0.287862,0.209108,0.309558,0.272864,0.430430,0.221833,0.280465,0.294776,0.190106,0.117000,0.352448,0.223827,0.149729,0.388117,0.286069,0.274539,0.219817,0.293230,0.304565,0.452910,0.431417,0.294700,0.242068,0.416344,0.335732,0.280889,0.280442,0.175385,0.182728,0.379790,0.313286,0.327016,0.354863,0.160262,0.250552,0.145994,0.339653,0.277814,0.207225,0.221636,0.241951,0.355536,0.103256,0.213469,0.220788,0.176918,0.119794,0.260377,0.266621,0.314157,0.204449,0.270198,0.345842,0.324123,0.251731,0.291797,0.324205,0.187264,0.193390,0.269683,0.315923,0.217637,0.264911,0.166762,0.424778,0.395679,0.376291,0.279545,0.154396,0.240780,0.442391,0.127291,0.285990,0.301097,0.174256,0.302798,0.387975,0.313430,0.122991,0.314855,0.322359,0.329459,0.289528,0.190464,0.268601,0.209826,0.148843,0.148699,0.318106,0.295335,0.042430,0.285496,0.226180,0.275027,0.218560,0.235003,0.278468,0.399301,0.199548,0.298950,0.218821,0.339259,0.348142,#
2,0.290993,0.215059,1.000000,0.296962,0.121445,0.310631,0.239523,0.371908,0.203193,0.285949,0.343598,0.254539,0.244546,0.220091,0.355071,0.193097,0.236911,0.281598,0.243681,0.337778,0.170304,0.337418,0.170551,0.307620,0.223169,0.157356,0.282252,0.350277,0.341545,0.325433,0.252242,0.225807,0.319861,0.333903,0.303455,0.310957,0.444087,0.227000,0.432681,0.302606,0.435939,0.330079,0.200609,0.238010,0.172102,0.350371,0.484344,0.201756,0.302660,0.520836,0.165134,0.181026,0.237191,0.392199,0.409344,0.221579,0.321072,0.264257,0.219300,0.235011,0.253411,0.352699,0.295580,0.334959,0.260026,0.301960,0.483106,0.168450,0.391945,0.301462,0.354613,0.202504,0.311593,0.285066,0.340491,0.359706,0.378993,0.432928,0.295369,0.460385,0.290038,0.303004,0.418871,0.356785,0.320330,0.468414,0.312119,0.378116,0.364331,0.282805,0.384804,0.380733,0.305474,0.165595,0.419716,0.213516,0.255502,0.312750,0.338720,0.257570,0.245064,0.184364,0.153710,0.245498,0.255147,0.439106,0.231601,0.186578,0.438222,0.252462,0.349830,0.195080,0.431230,0.152508,0.368216,0.205088,0.146560,0.201366,0.354208,0.239447,0.327943,0.350557,0.279006,0.211612,0.281424,0.235677,0.318796,0.236861,0.309302,0.373442,0.258345,0.435746,0.324559,0.382187,0.238711,0.267264,0.152675,0.186785,0.272712,0.158035,0.341216,0.232838,0.162116,0.164874,0.328987,0.393016,0.313858,0.264224,0.305938,0.293974,0.335184,0.156660,0.232087,0.388105,0.012292,0.366372,0.294183,0.232429,0.154500,0.237476,0.196489,0.133569,0.249998,0.290096,0.157394,0.334043,0.454663,0.349145,0.170732,0.203194,0.238595,0.244452,0.252215,0.246733,0.336473,0.219706,0.287237,0.333186,0.318011,0.228837,0.195676,0.362747,0.288985,0.386609,0.113915,0.223715,0.259380,0.274713,0.319182,0.211880,0.235501,0.312349,0.310064,0.271179,0.281415,0.374795,0.338360,0.313416,0.279478,0.258201,#
3,0.299309,0.442197,0.296962,1.000000,0.283037,0.299746,0.180098,0.270294,0.262908,0.350904,0.243343,0.357428,0.405428,0.190255,0.314757,0.307998,0.288581,0.186376,0.244762,0.221102,0.337290,0.484483,0.255510,0.259213,0.402484,0.377839,0.372234,0.347253,0.307359,0.221886,0.260058,0.363409,0.300690,0.409954,0.348362,0.299549,0.255292,0.265219,0.189575,0.360806,0.341021,0.340685,0.259106,0.235530,0.279336,0.373907,0.386437,0.401564,0.427809,0.395451,0.247477,0.192315,0.343560,0.293394,0.368784,0.245055,0.067705,0.283810,0.468822,0.290593,0.290403,0.354012,0.161512,0.251074,0.333621,0.417201,0.243710,0.322215,0.297675,0.414962,0.253583,0.378836,0.437998,0.308329,0.347760,0.265145,0.309580,0.350494,0.350706,0.381690,0.362389,0.230676,0.359866,0.286174,0.362880,0.344514,0.223151,0.253063,0.270526,0.376700,0.191587,0.335274,0.355805,0.280175,0.333574,0.333892,0.270024,0.248464,0.144642,0.320261,0.331209,0.231479,0.130288,0.257976,0.309413,0.285378,0.312266,0.450042,0.259790,0.235455,0.292960,0.340326,0.329630,0.312432,0.356586,0.340460,0.321339,0.307510,0.335394,0.268585,0.179179,0.323392,0.244285,0.332815,0.245611,0.240484,0.394721,0.276456,0.320431,0.395987,0.190604,0.343517,0.210432,0.439550,0.406177,0.290012,0.394769,0.205680,0.295057,0.215579,0.279671,0.208050,0.153913,0.239031,0.163097,0.361607,0.299082,0.257385,0.265825,0.212003,0.190392,0.171365,0.278182,0.309117,0.215001,0.238446,0.389331,0.354081,0.222522,0.398264,0.354187,0.408447,0.306232,0.540715,0.281490,0.281287,0.285425,0.305590,0.259195,0.291829,0.336182,0.270282,0.266867,0.328886,0.201517,0.319541,0.225453,0.287535,0.358134,0.278736,0.189932,0.450578,0.279869,0.298169,0.153864,0.237659,0.234037,0.084975,0.438563,0.322144,0.239600,0.264594,0.334893,0.290156,0.322467,0.361213,0.304234,0.253347,0.319242,0.369797,#
4,0.207077,0.225346,0.121445,0.283037,1.000000,0.339619,0.295473,0.113244,0.113766,0.267623,0.272235,0.230664,0.146376,0.132560,0.302475,0.291370,0.094360,0.181359,0.054604,0.259313,0.252605,0.357973,0.217508,0.289157,0.221407,0.110551,0.159285,0.276177,0.249593,0.179852,0.310071,0.098691,0.233649,0.184862,0.208808,0.268004,0.113076,0.087599,0.160781,0.366734,0.151541,0.248025,0.277768,0.303352,0.280205,0.173345,0.392977,0.185981,0.166606,0.282149,0.175000,0.173647,0.211034,-0.026326,0.231532,0.178940,0.077331,0.239217,0.407762,0.254455,0.159732,0.324061,0.250939,0.170391,0.254963,0.374531,0.249676,0.129555,0.185001,0.250983,0.331463,0.351988,0.175679,0.065368,0.188953,0.292533,0.254332,0.298356,0.301210,0.180119,0.113750,0.222653,0.316773,0.090167,0.343519,0.090141,0.198658,0.215920,0.269656,0.375089,0.171914,0.071804,0.171860,0.211695,0.216118,0.251507,0.286424,0.163547,0.094939,0.127373,0.249089,0.362397,0.150159,0.249444,0.249403,0.058732,0.262420,0.152165,0.219673,0.309951,0.142051,0.208260,0.406094,0.386913,0.207907,0.222643,0.094764,0.397274,0.143236,0.217615,0.221689,0.303223,0.330867,0.264114,0.169029,0.158026,0.203512,0.014421,0.444261,0.320822,0.379162,0.315107,0.107548,0.274928,0.326648,0.192721,0.189022,0.300700,0.229543,0.164033,0.106665,0.307003,0.111712,0.250302,0.119917,0.300960,0.236184,0.081328,0.220937,0.298683,0.169928,0.343474,0.211270,0.086257,0.308989,0.139234,0.263976,0.326224,0.305810,0.205176,0.080116,0.336134,0.201076,0.347910,0.229494,0.126829,0.271029,0.266597,0.091162,0.198241,0.152188,0.199492,0.198337,0.204289,0.268092,0.223577,0.129800,0.268087,0.212479,0.298124,0.357430,0.235768,0.291112,0.177833,0.296219,0.277288,0.149233,0.271579,0.187830,0.155014,0.263605,0.111734,0.253976,0.215414,0.250648,0.040214,0.173102,0.129746,0.244868,0.265584,#
5,0.352896,0.432478,0.310631,0.299746,0.339619,1.000000,0.229315,0.296132,0.254135,0.325803,0.237455,0.291640,0.349812,0.213719,0.335341,0.196253,0.164241,0.230771,0.308476,0.344250,0.223315,0.267455,0.247222,0.317367,0.385209,0.321859,0.323301,0.443281,0.183216,0.372622,0.284916,0.294114,0.284256,0.456120,0.296926,0.363245,0.291294,0.183213,0.264508,0.314685,0.266865,0.306786,0.227916,0.314929,0.315284,0.306566,0.332193,0.420287,0.256114,0.431143,0.326870,0.100895,0.303724,0.245627,0.366906,0.404378,0.180691,0.269693,0.395634,0.392570,0.164312,0.234209,0.280178,0.313418,0.226299,0.286503,0.257092,0.277835,0.314289,0.360216,0.437951,0.353435,0.412909,0.258210,0.370006,0.221001,0.277535,0.495053,0.327846,0.248012,0.288515,0.341936,0.408267,0.274005,0.338075,0.228361,0.173666,0.237121,0.349455,0.369993,0.387612,0.166524,0.259088,0.256708,0.252204,0.036423,0.389273,0.327239,0.366709,0.096592,0.392092,0.340654,0.376705,0.348671,0.281933,0.288275,0.322822,0.303597,0.201801,0.331572,0.297652,0.280227,0.347235,0.214284,0.213777,0.198175,0.380150,0.438639,0.351842,0.279262,0.245961,0.408429,0.311887,0.442002,0.220731,0.212024,0.405708,0.144838,0.418704,0.190552,0.231397,0.420291,0.303169,0.440546,0.370492,0.171624,0.109736,0.327074,0.219047,0.118940,0.186852,0.149269,0.243187,0.277947,0.498736,0.219135,0.227817,0.260719,0.243007,0.448225,0.421329,0.265034,0.415308,0.277633,0.215497,0.234954,0.325842,0.312506,0.314388,0.326993,0.274969,0.444863,0.279260,0.388146,0.296552,0.161723,0.217526,0.385819,0.218800,0.154941,0.395291,0.271425,0.296442,0.243230,0.197976,0.297469,0.346087,0.426265,0.395223,0.418920,0.285706,0.283995,0.117334,0.198507,0.182012,0.348192,0.249001,0.253666,0.465362,0.319254,0.239955,0.378003,0.295406,0.401624,0.323517,0.280542,0.219802,0.336810,0.352581,0.370649,#
6,0.231426,0.206120,0.239523,0.180098,0.295473,0.229315,1.000000,0.178194,0.264782,0.374039,0.363920,0.330569,0.244304,0.226507,0.150544,0.497121,0.341857,0.337124,0.288128,0.193953,0.215712,0.239388,0.185197,0.182532,0.340363,0.335009,0.224082,0.268589,0.243533,0.201043,0.280691,0.330554,0.322288,0.304714,0.211360,0.312013,0.354700,0.279663,0.252267,0.266823,0.334170,0.274111,0.414516,0.314715,0.209205,0.186198,0.322452,0.316669,0.292900,0.404419,0.207593,0.200123,0.254153,-0.035218,0.271589,0.177105,0.193524,0.302728,0.310961,0.205490,0.332862,0.345323,0.213059,0.169801,0.366711,0.339822,0.315244,0.341758,0.276199,0.159136,0.410019,0.462404,0.194103,0.165163,0.234709,0.344230,0.436730,0.460203,0.415102,0.248682,0.256531,0.245968,0.254350,0.417976,0.350748,0.178329,0.256042,0.273502,0.203421,0.248795,0.214573,0.223147,0.236744,0.237839,0.279448,0.237204,0.360598,0.326756,0.177871,0.193855,0.251837,0.336651,0.223313,0.258918,0.369935,0.157611,0.231170,0.226786,0.393195,0.134977,0.219965,0.174168,0.326923,0.301012,0.230967,0.338630,0.115321,0.250811,0.147446,0.304720,0.142183,0.294083,0.142768,0.223820,0.266572,0.160783,0.131800,0.168784,0.360800,0.222730,0.344210,0.292207,0.173317,0.174113,0.291456,0.250357,0.301264,0.187244,0.346859,0.274410,0.233719,0.232396,0.067308,0.215594,0.256314,0.348078,0.343692,0.339287,0.246141,0.304104,0.226850,0.249589,0.106782,0.225808,0.118168,0.191598,0.178911,0.041699,0.139554,0.346086,0.205564,0.293704,0.159564,0.264096,0.196868,0.259914,0.398228,0.208031,0.198960,0.226984,0.185041,0.380276,0.050809,0.198644,0.322644,0.339155,0.259707,0.294610,0.274035,0.270213,0.290736,0.313065,0.285790,0.228049,0.188171,0.181498,0.320841,0.102280,0.290754,0.262348,0.244642,0.327193,0.164659,0.213625,0.297547,0.312717,0.360765,0.197425,0.288590,0.300725,#
7,0.332332,0.227449,0.371908,0.270294,0.113244,0.296132,0.178194,1.000000,0.307151,0.198767,0.209129,0.168267,0.374453,0.195016,0.342061,0.212251,0.144512,0.292923,0.245700,0.295409,0.307991,0.247067,0.336697,0.179963,0.247086,0.372698,0.253898,0.231132,0.316485,0.349931,0.221095,0.210993,0.193392,0.341834,0.351596,0.354752,0.221583,0.243038,0.393253,0.274980,0.259165,0.427409,0.196289,0.193126,0.205696,0.271974,0.360465,0.319233,0.437071,0.359400,0.263675,0.231574,0.315034,0.283518,0.330111,0.127739,0.226216,0.100626,0.365764,0.390449,0.147411,0.330832,0.259740,0.228768,0.339467,0.331774,0.356568,0.184810,0.180118,0.130447,0.371130,0.203777,0.316290,0.236215,0.283204,0.225155,0.288766,0.307580,0.144447,0.220339,0.367693,0.156588,0.389381,0.249285,0.274880,0.361083,0.167244,0.235192,0.212270,0.310089,0.314364,0.266630,0.289168,0.146585,0.338857,0.296932,0.353121,0.372187,0.362024,0.238912,0.228585,0.215880,0.081015,0.128523,0.306362,0.146573,0.128810,0.327030,0.332916,0.142286,0.354416,0.254481,0.387871,0.173197,0.313913,0.319982,0.137185,0.192031,0.319226,0.356982,0.260415,0.253484,0.305343,0.261391,0.283150,0.277267,0.217910,0.240982,0.266670,0.305082,0.145602,0.349641,0.280260,0.124172,0.184225,0.238464,0.188454,0.420260,0.200652,0.192007,0.149031,0.187465,0.268408,0.239849,0.361086,0.368693,0.271285,0.122335,0.215992,0.269976,0.139619,0.177023,0.255397,0.135144,0.132357,0.374207,0.333196,0.338641,0.213330,0.298989,0.286617,0.239826,0.309172,0.277886,0.228765,0.231348,0.269921,0.262419,0.091281,0.103690,0.336513,0.210976,0.265806,0.329744,0.262189,0.038377,0.187807,0.172487,0.276803,0.254550,0.205930,0.344730,0.222282,0.255471,0.203840,0.255546,0.288988,0.157088,0.325710,0.401763,0.339538,0.261097,0.223801,0.207930,0.341630,0.237102,0.286270,0.385403,0.349608,0.272484,#
8,0.308895,0.245851,0.203193,0.262908,0.113766,0.254135,0.264782,0.307151,1.000000,0.306619,0.276772,0.377485,0.355065,0.322093,0.287658,0.336548,0.174743,0.238227,0.097344,0.278975,0.305016,0.285883,0.283291,0.263814,0.423316,0.255672,0.283513,0.138597,0.289857,0.211899,0.266154,0.234033,0.220124,0.235289,0.272431,0.518875,0.304392,0.270198,0.172071,0.202809,0.250006,0.180767,0.476386,0.306792,0.231161,0.161795,0.290816,0.177991,0.305682,0.343423,0.353712,0.206400,0.283243,0.249690,0.160289,0.251443,0.242185,0.256337,0.210671,0.170615,0.264785,0.323177,0.402496,0.298766,0.339762,0.427551,0.347563,0.405258,0.422311,0.191094,0.389647,0.372640,0.367331,0.136303,0.321165,0.192282,0.358359,0.347276,0.313877,0.276386,0.318583,0.217290,0.251467,0.273665,0.343548,0.224418,0.241679,0.287118,0.198880,0.203775,0.286032,0.256611,0.161377,0.155059,0.121747,0.239777,0.407596,0.396549,0.466843,0.389245,0.242036,0.069352,0.316819,0.411420,0.110947,0.275799,0.192535,0.270301,0.161607,0.380581,0.184419,0.199438,0.291750,0.170516,0.161647,0.333405,0.257654,0.216468,0.218185,0.384904,0.217435,0.258534,0.272210,0.399743,0.235130,0.284165,0.151017,0.176086,0.397298,0.356281,0.088412,0.414738,0.287013,0.128158,0.188481,0.373760,0.301724,0.217432,0.309601,0.184455,0.176978,0.156267,0.230098,0.055778,0.319446,0.264609,0.223929,0.318736,0.241155,0.326469,0.147691,0.301858,0.152484,0.378956,0.180278,0.199653,0.304033,0.390507,0.405806,0.213852,0.300506,0.201753,0.267498,0.202355,0.185858,0.255915,0.292777,0.385284,0.301983,0.055358,0.223007,0.382598,0.108038,0.281064,0.305929,0.161005,0.312805,0.298394,0.302321,0.324061,0.254666,0.307492,0.320165,0.163511,0.142121,0.072407,0.396500,0.251594,0.220407,0.336493,0.372361,0.332128,0.304143,0.251705,0.267402,0.134514,0.064620,0.294798,0.287304,0.419594,#
9,0.297640,0.271400,0.285949,0.350904,0.267623,0.325803,0.374039,0.198767,0.306619,1.000000,0.307892,0.295310,0.415142,0.310372,0.433723,0.367090,0.249768,0.346131,0.171110,0.184714,0.288073,0.266399,0.168518,0.289803,0.361333,0.198204,0.276073,0.419971,0.275203,0.140268,0.194157,0.362889,0.294289,0.255787,0.238920,0.318542,0.345928,0.238503,0.271639,0.290136,0.309202,0.274572,0.225339,0.277902,0.326908,0.278139,0.355513,0.278563,0.362472,0.441661,0.358709,0.199390,0.215820,0.176465,0.247381,0.264369,0.296049,0.380604,0.181566,0.351439,0.313354,0.389721,0.301460,0.161487,0.159649,0.398683,0.309730,0.317142,0.388407,0.295292,0.404615,0.311356,0.355543,0.247382,0.244318,0.281805,0.486228,0.406572,0.332503,0.430599,0.357924,0.339814,0.300592,0.355213,0.373136,0.322255,0.301053,0.411407,0.323181,0.391385,0.350767,0.279766,0.341162,0.203149,0.358650,0.174739,0.292119,0.227005,0.345193,0.366028,0.384706,0.384427,0.395302,0.260744,0.294968,0.292683,0.171316,0.400790,0.372242,0.254271,0.312862,0.366041,0.367612,0.286078,0.336412,0.422381,0.138146,0.274384,0.333124,0.367424,0.112757,0.381036,0.309849,0.328854,0.325906,0.304090,0.283724,0.239462,0.424958,0.252071,0.204389,0.335848,0.210186,0.281157,0.333777,0.147623,0.343338,0.281708,0.294198,0.205800,0.423735,0.352287,0.298945,0.436538,0.328394,0.483670,0.279867,0.340464,0.307191,0.398433,0.206331,0.190227,0.263333,0.330429,0.203463,0.268618,0.253341,0.322051,0.375569,0.347735,0.281432,0.464565,0.384642,0.349992,0.233928,0.400191,0.247041,0.450675,0.346004,0.265440,0.275753,0.251006,0.242384,0.107946,0.288221,0.312438,0.443528,0.393747,0.260997,0.335005,0.298973,0.403667,0.371586,0.134549,0.222281,0.186874,0.310706,0.238747,0.397247,0.225956,0.237101,0.236352,0.235336,0.207933,0.115546,0.227984,0.355045,0.294040,0.286349,0.281882,#
10,0.270830,0.287989,0.343598,0.243343,0.272235,0.237455,0.363920,0.209129,0.276772,0.307892,1.000000,0.369839,0.314683,0.223692,0.224337,0.327494,0.350636,0.262501,0.326578,0.251133,0.250363,0.303087,0.227251,0.442309,0.266958,0.323495,0.246302,0.348501,0.342230,0.303300,0.257653,0.238862,0.283866,0.292186,0.326273,0.304247,0.419214,0.307655,0.244507,0.319157,0.387118,0.163300,0.349840,0.165435,0.270871,0.283522,0.509028,0.295832,0.284069,0.498971,0.257144,0.342523,0.275247,0.102348,0.347022,0.432393,0.265118,0.408747,0.208211,0.356754,0.284109,0.372534,0.399936,0.306823,0.275880,0.315213,0.448523,0.275584,0.455656,0.192369,0.520145,0.379398,0.343660,0.112559,0.333585,0.447160,0.283514,0.434665,0.374633,0.205558,0.363451,0.166924,0.337769,0.253704,0.341589,0.324079,0.289660,0.211490,0.240436,0.470869,0.239643,0.368614,0.359477,0.073849,0.197693,0.279260,0.333333,0.439813,0.267574,0.251513,0.243274,0.260199,0.261841,0.312298,0.212785,0.280111,0.402454,0.165767,0.271913,0.247570,0.336783,0.210476,0.423329,0.353826,0.305076,0.361982,0.165232,0.308340,0.271469,0.256050,0.202353,0.271067,0.256649,0.282091,0.264006,0.245490,0.296867,0.282514,0.408890,0.331258,0.243931,0.384341,0.202921,0.269211,0.354416,0.464906,0.240724,0.233205,0.393220,0.349915,0.318685,0.338008,0.266305,0.282858,0.294998,0.399644,0.399419,0.267935,0.246731,0.432950,0.217696,0.168732,0.226072,0.391571,0.230270,0.219688,0.319717,0.322139,0.273268,0.214057,0.297430,0.234098,0.264989,0.346497,0.244885,0.307629,0.339321,0.342442,0.347540,0.320828,0.121308,0.396403,0.128422,0.248566,0.445444,0.273154,0.242086,0.268845,0.243512,0.339601,0.134324,0.287707,0.297764,0.248498,0.068878,0.259414,0.469838,0.262344,0.193036,0.275017,0.257560,0.256656,0.292860,0.392689,0.302491,0.260378,0.334780,0.232704,0.346329,0.436564,#
11,0.370038,0.294895,0.254539,0.357428,0.230664,0.291640,0.330569,0.168267,0.377485,0.295310,0.369839,1.000000,0.403127,0.363932,0.383081,0.357621,0.292898,0.366682,0.455985,0.329862,0.237430,0.286646,0.364332,0.315085,0.381418,0.314044,0.247602,0.325679,0.311931,0.225713,0.410594,0.364557,0.396272,0.322163,0.261363,0.383429,0.397122,0.369132,0.252170,0.283660,0.442568,0.177202,0.397065,0.213846,0.316619,0.136492,0.402893,0.420701,0.332656,0.411897,0.125242,0.162925,0.442273,0.168010,0.321179,0.254962,0.203212,0.511122,0.335564,0.391232,0.200812,0.295928,0.386859,0.303693,0.281843,0.379845,0.366613,0.389859,0.426905,0.265737,0.356738,0.251651,0.344605,0.291305,0.488420,0.401042,0.389380,0.490795,0.329608,0.282300,0.256641,0.197722,0.443664,0.320097,0.423204,0.241439,0.195076,0.305096,0.249978,0.288457,0.293846,0.263136,0.303953,0.268854,0.116171,0.325002,0.299148,0.422763,0.289842,0.373178,0.280580,0.299114,0.304720,0.365378,0.290067,0.192851,0.291311,0.347750,0.301311,0.252186,0.298490,0.393776,0.349818,0.199450,0.307061,0.303404,0.253914,0.264619,0.262188,0.461656,0.209036,0.279331,0.353018,0.496496,0.289464,0.247488,0.367436,0.370565,0.460885,0.422989,0.303470,0.378842,0.373950,0.257492,0.312169,0.343528,0.355874,0.353033,0.354803,0.337389,0.182940,0.187931,0.319600,0.396704,0.331619,0.370800,0.370521,0.309708,0.247469,0.278833,0.236064,0.259454,0.279226,0.511017,0.221225,0.273124,0.323505,0.253259,0.260672,0.285212,0.434395,0.407460,0.294165,0.412292,0.337351,0.382229,0.425961,0.344062,0.299660,0.359072,0.358500,0.366782,0.342788,0.422080,0.372325,0.290260,0.412564,0.291639,0.314162,0.371132,0.303759,0.254454,0.425115,0.312135,0.202443,0.113925,0.406729,0.329562,0.162416,0.213482,0.408840,0.450724,0.269528,0.303174,0.293176,0.315312,0.265588,0.248467,0.346386,0.332638,#
12,0.421121,0.326918,0.244546,0.405428,0.146376,0.349812,0.244304,0.374453,0.355065,0.415142,0.314683,0.403127,1.000000,0.328727,0.414248,0.297282,0.205329,0.293665,0.353548,0.252550,0.318034,0.298155,0.392287,0.343576,0.399232,0.455916,0.338968,0.304779,0.269104,0.313065,0.306975,0.243171,0.267888,0.416271,0.464794,0.390373,0.379246,0.381298,0.270594,0.307856,0.271428,0.168477,0.323357,0.294506,0.421429,0.316487,0.484331,0.347749,0.444737,0.485137,0.412112,0.135456,0.259030,0.246996,0.339841,0.371840,0.266426,0.207886,0.339856,0.322438,0.240541,0.366881,0.385244,0.229598,0.352304,0.397722,0.265455,0.432982,0.494777,0.360302,0.425959,0.333956,0.450939,0.261025,0.373672,0.428273,0.402346,0.441674,0.287319,0.418159,0.463848,0.277256,0.408909,0.274656,0.372134,0.370697,0.160649,0.372315,0.222829,0.310818,0.460277,0.295976,0.393636,0.352795,0.275149,0.349212,0.389964,0.306648,0.251408,0.206324,0.258473,0.359540,0.249987,0.309369,0.226486,0.224450,0.185441,0.375848,0.341783,0.291475,0.363252,0.350856,0.433650,0.142662,0.354940,0.405971,0.108445,0.283016,0.364224,0.420259,0.261090,0.410145,0.301602,0.401503,0.327756,0.468131,0.361141,0.237203,0.285475,0.320571,0.057713,0.243539,0.260431,0.228187,0.215391,0.304628,0.213603,0.302392,0.268461,0.174155,0.258616,0.127229,0.227446,0.389486,0.199207,0.438364,0.393029,0.260046,0.268989,0.400833,0.371430,0.119866,0.406352,0.279705,0.231566,0.331611,0.394093,0.457265,0.453641,0.223120,0.268597,0.467540,0.366086,0.341310,0.460002,0.272298,0.245742,0.463210,0.324038,0.295306,0.389750,0.207105,0.320137,0.344222,0.327462,0.253157,0.401063,0.368333,0.125763,0.304492,0.282614,0.454437,0.342998,0.194311,0.178310,0.196526,0.311845,0.277179,0.349663,0.281709,0.272988,0.321933,0.163306,0.188438,0.253267,0.301645,0.289569,0.331372,0.437421,0.313630,#
13,0.093153,0.324422,0.220091,0.190255,0.132560,0.213719,0.226507,0.195016,0.322093,0.310372,0.223692,0.363932,0.328727,1.000000,0.324253,0.238903,0.130121,0.307248,0.290080,0.193282,0.216211,0.250561,0.379064,0.295736,0.281561,0.397184,0.222950,0.321295,0.215496,0.342178,0.197419,0.211947,0.312299,0.336109,0.117048,0.363484,0.289275,0.330378,0.204695,0.265623,0.431380,0.285363,0.381493,0.096922,0.273437,0.357537,0.262504,0.310696,0.439912,0.440435,0.184973,0.244670,0.272434,0.176199,0.352415,0.367749,0.325830,0.403316,0.292167,0.337638,0.166203,0.403746,0.191757,0.261980,0.368542,0.348965,0.377260,0.453837,0.405169,0.334016,0.242750,0.302879,0.437660,0.209275,0.340255,0.304647,0.381797,0.450930,0.429162,0.278635,0.242038,0.290168,0.358605,0.386249,0.251702,0.406034,0.063434,0.325644,0.386630,0.263945,0.220849,0.343957,0.307979,0.188260,0.207896,0.210799,0.317915,0.306649,0.300167,0.289832,0.292458,0.322828,0.381095,0.304564,0.278164,0.233800,0.279365,0.309304,0.215783,0.256761,0.177207,0.301949,0.258535,0.252192,0.355878,0.292455,0.136026,0.235831,0.332132,0.248298,0.293187,0.232361,0.414635,0.238635,0.195575,0.264625,0.286004,0.254395,0.372068,0.370447,0.175335,0.182498,0.219689,0.346262,0.220095,0.278081,0.279830,0.319814,0.424022,0.201777,0.385973,0.251746,0.288349,0.237259,0.160099,0.323472,0.375117,0.230164,0.316476,0.261097,0.321152,0.293221,0.234138,0.312175,0.186021,0.239611,0.280432,0.156873,0.388912,0.242090,0.268376,0.288572,0.323663,0.373111,0.296908,0.251438,0.302570,0.385243,0.217184,0.277753,0.269808,0.305354,0.283731,0.422831,0.353607,0.319532,0.313453,0.283280,0.240660,0.311512,0.313630,0.288496,0.437194,0.147600,0.150007,0.211304,0.307761,0.170189,0.219530,0.317514,0.413420,0.298551,0.359106,0.302348,0.265359,0.368494,0.253282,0.389711,0.327769,0.261156,#
14,0.483125,0.279853,0.355071,0.314757,0.302475,0.335341,0.150544,0.342061,0.287658,0.433723,0.224337,0.383081,0.414248,0.324253,1.000000,0.258282,0.213457,0.348780,0.159319,0.312878,0.145751,0.293117,0.424098,0.404567,0.305758,0.238942,0.326419,0.371664,0.272202,0.338182,0.525593,0.149646,0.199760,0.260641,0.442214,0.342756,0.346787,0.288648,0.426680,0.308067,0.377962,0.283072,0.252671,0.267532,0.314294,0.339449,0.407912,0.277638,0.348200,0.375784,0.233928,0.304208,0.392346,0.231100,0.326522,0.283165,0.352800,0.291502,0.380022,0.234232,0.227225,0.354860,0.373920,0.288941,0.298655,0.383966,0.290364,0.272255,0.375833,0.232836,0.374218,0.227345,0.409397,0.416655,0.369286,0.349232,0.318704,0.402549,0.285293,0.360164,0.321106,0.226762,0.414732,0.368842,0.368279,0.321198,0.137077,0.299729,0.305413,0.381391,0.377783,0.272337,0.368785,0.412506,0.339624,0.273808,0.179499,0.311559,0.251062,0.254702,0.241168,0.339617,0.300893,0.241808,0.266118,0.192460,0.211775,0.221195,0.404952,0.316679,0.251246,0.357667,0.422963,0.245140,0.276531,0.314878,0.182657,0.142864,0.343440,0.371768,0.287064,0.297135,0.411655,0.323247,0.291365,0.202146,0.270412,0.250934,0.310085,0.294750,0.136958,0.380946,0.210001,0.245630,0.283668,0.165954,0.375751,0.345757,0.306707,0.212398,0.254292,0.318503,0.260071,0.435701,0.325471,0.419333,0.346121,0.167211,0.310317,0.302953,0.415855,0.225521,0.407376,0.341366,0.245293,0.279434,0.297630,0.285072,0.277654,0.306297,0.282490,0.315270,0.288143,0.271708,0.457455,0.385777,0.300848,0.384283,0.276593,0.292325,0.259257,0.162429,0.304686,0.324683,0.383467,0.203999,0.278841,0.340795,0.354618,0.406302,0.260636,0.334473,0.286784,0.207778,0.218728,0.280730,0.342926,0.259735,0.303390,0.277292,0.380318,0.260252,0.286047,0.240853,0.139962,0.210683,0.222905,0.338127,0.299571,0.143207,#
15,0.260062,0.227666,0.193097,0.307998,0.291370,0.196253,0.497121,0.212251,0.336548,0.367090,0.327494,0.357621,0.297282,0.238903,0.258282,1.000000,0.249552,0.322182,0.330625,0.230059,0.163418,0.320342,0.277068,0.342069,0.360915,0.263275,0.150389,0.233970,0.284546,0.135166,0.351777,0.367906,0.294813,0.429551,0.203906,0.348891,0.322267,0.403447,0.174482,0.221443,0.251396,0.159016,0.348710,0.262172,0.249129,0.263233,0.346116,0.201948,0.357090,0.388799,0.232120,0.218036,0.194980,0.130367,0.271679,0.203109,0.265045,0.290435,0.287621,0.332768,0.277458,0.413105,0.296483,0.209386,0.347567,0.313884,0.312896,0.420751,0.270012,0.210702,0.328117,0.278024,0.152241,0.224121,0.345028,0.315719,0.314505,0.339396,0.397515,0.218012,0.159291,0.196847,0.329168,0.362333,0.385059,0.253530,0.065787,0.239046,0.244888,0.138103,0.203849,0.296539,0.315642,0.275266,0.152167,0.268344,0.315579,0.397351,0.317968,0.370707,0.234633,0.311478,0.252228,0.306543,0.318026,0.118260,0.154317,0.231602,0.255460,0.311234,0.255163,0.102969,0.390793,0.247894,0.410386,0.265010,0.045460,0.165669,0.194891,0.484504,0.105465,0.378033,0.300678,0.296491,0.234965,0.220477,0.221643,0.207997,0.370789,0.356803,0.316375,0.276773,0.108306,0.121312,0.311053,0.364952,0.429901,0.207671,0.176383,0.244176,0.204999,0.206212,0.207233,0.243863,0.311314,0.390550,0.252962,0.261517,0.285004,0.280020,0.289323,0.353754,0.257039,0.353523,0.182529,0.265588,0.215380,0.164552,0.277161,0.311941,0.267653,0.309839,0.319109,0.368607,0.231381,0.241741,0.299127,0.206141,0.268636,0.264627,0.095608,0.331222,0.092497,0.396670,0.322554,0.316376,0.298737,0.231929,0.356433,0.343783,0.263747,0.315890,0.235665,0.279103,0.310017,0.085523,0.247317,0.140528,0.216454,0.266881,0.210182,0.365574,0.238102,0.207540,0.214547,0.247344,0.260911,0.198052,0.397450,0.350381,#
16,0.270623,0.240332,0.236911,0.288581,0.094360,0.164241,0.341857,0.144512,0.174743,0.249768,0.350636,0.292898,0.205329,0.130121,0.213457,0.249552,1.000000,0.203448,0.372803,0.245286,0.383132,0.044518,0.111527,0.281885,0.252013,0.284534,0.181535,0.226901,0.098546,0.197923,0.234563,0.241654,0.178007,0.125953,0.239822,0.225898,0.368959,0.361651,0.212056,0.321945,0.212748,0.157893,0.227188,0.218885,0.143700,0.196460,0.274971,0.157397,0.246148,0.382523,0.070246,0.193505,0.185693,0.121154,0.158281,0.260468,0.022012,0.203551,0.179287,0.202786,0.300066,0.323198,0.218238,0.088754,0.195526,0.209872,0.320921,0.299511,0.295750,0.237694,0.296087,0.286989,0.236089,0.120755,0.221738,0.206345,0.258586,0.268028,0.160124,0.245281,0.388853,0.124048,0.311483,0.235370,0.314768,0.241923,0.204477,0.071363,0.110870,0.298301,0.049062,0.260144,0.314580,0.044791,0.205420,0.260347,0.180957,0.259341,0.243891,0.247179,0.238982,0.249518,0.164511,0.266004,0.237391,0.233119,0.184949,0.158877,0.427058,0.197454,0.272761,0.195043,0.320023,0.271575,0.323456,0.310388,0.314151,0.203384,0.183173,0.075066,0.016554,0.197363,0.267062,0.177633,0.287372,0.087348,0.079719,-0.001598,0.305499,0.170616,0.311681,0.182185,0.149643,0.234939,0.271388,0.383505,0.254896,0.166522,0.175365,0.009891,0.122518,0.183418,0.225211,0.109855,0.116184,0.181967,0.326835,0.302745,0.191460,0.193683,0.128987,0.153169,0.046951,0.271128,0.229559,0.136864,0.178996,0.141942,0.083655,0.219491,0.267130,0.145905,0.301062,0.189197,0.309928,0.239871,0.256799,0.262938,0.217277,0.213122,-0.035516,0.264094,0.186843,0.327961,0.275001,0.222608,0.167057,0.408436,0.226734,0.284287,0.209140,0.207320,0.192932,0.270051,-0.041838,0.026564,0.242562,0.170426,0.286107,0.218114,0.277505,0.288581,0.181728,0.279242,0.254896,0.304497,0.298928,0.215924,0.279324,0.264851,#
17,0.259801,0.161985,0.281598,0.186376,0.181359,0.230771,0.337124,0.292923,0.238227,0.346131,0.262501,0.366682,0.293665,0.307248,0.348780,0.322182,0.203448,1.000000,0.257132,0.332248,0.147877,0.262641,0.280482,0.136466,0.359464,0.278552,0.142934,0.313400,0.231186,0.186506,0.260668,0.323529,0.132792,0.187745,0.107356,0.169268,0.261078,0.341360,0.345183,0.323700,0.237753,0.298124,0.234567,0.226799,0.255466,0.340330,0.333258,0.357705,0.305080,0.380387,0.207980,0.064856,0.264972,0.135355,0.290655,0.204226,0.275173,0.190351,0.246613,0.282246,0.220241,0.223513,0.441180,0.169155,0.191601,0.313453,0.444984,0.273749,0.253967,0.145107,0.414375,0.226745,0.197102,0.313591,0.415030,0.203563,0.289930,0.393725,0.335099,0.271470,0.226062,0.206736,0.392725,0.404543,0.305081,0.212967,0.280609,0.303153,0.145089,0.221516,0.264207,0.202994,0.329938,0.243283,0.351648,0.287081,0.238182,0.255318,0.317435,0.359960,0.246497,0.251877,0.243804,0.143083,0.197938,0.287240,0.102485,0.183299,0.224636,0.300488,0.285270,0.107409,0.455037,0.246506,0.435149,0.258209,0.078779,0.171903,0.332470,0.419217,0.228571,0.291438,0.275119,0.166045,0.168268,0.150157,0.154431,0.233985,0.375878,0.245501,0.232884,0.333311,0.270149,0.190289,0.283635,0.268645,0.416435,0.227407,0.164425,0.297649,0.322255,0.238844,0.375239,0.283724,0.347804,0.275620,0.139046,0.099259,0.291591,0.276641,0.294469,0.226013,0.239188,0.347576,0.099444,0.306466,0.360320,0.185341,0.290634,0.303892,0.260026,0.296488,0.389068,0.225530,0.227486,0.097271,0.136149,0.218248,0.226135,0.175447,0.184762,0.234953,0.237206,0.224969,0.359776,0.210904,0.268592,0.308438,0.274613,0.372721,0.270705,0.348009,0.286504,0.321014,0.162940,0.043647,0.335143,0.302861,0.207780,0.204177,0.343567,0.339087,0.179365,0.238168,0.145588,0.324622,0.279019,0.154957,0.313370,0.091150,#
18,0.223387,0.282279,0.243681,0.244762,0.054604,0.308476,0.288128,0.245700,0.097344,0.171110,0.326578,0.455985,0.353548,0.290080,0.159319,0.330625,0.372803,0.257132,1.000000,0.174976,0.218609,0.402686,0.208684,0.230061,0.146745,0.379797,0.225351,0.185863,0.219277,0.271046,0.154792,0.328345,0.298415,0.377238,0.241552,0.353954,0.260937,0.434751,0.252748,0.349291,0.354904,0.236933,0.386616,0.091477,0.233323,0.250631,0.354524,0.381359,0.374095,0.317790,0.051480,0.134874,0.256627,0.047829,0.280906,0.249301,0.188455,0.188983,0.269064,0.410045,0.245125,0.267255,0.188732,0.117642,0.303641,0.167603,0.298328,0.194505,0.230127,0.270141,0.224576,0.243343,0.267256,0.124150,0.368825,0.195464,0.249007,0.319068,0.203845,0.171251,0.250703,0.079637,0.339069,0.264999,0.407783,0.393263,0.002440,0.256259,0.252627,0.203948,0.258001,0.185082,0.377028,0.276605,0.236572,0.196239,0.288423,0.303067,0.274944,0.200945,0.267565,0.209232,0.179776,0.167193,0.235954,0.348992,0.184074,0.304778,0.291088,0.270906,0.394799,0.181299,0.311971,0.160226,0.274966,0.290681,0.144512,0.248409,0.301983,0.286651,0.183612,0.188102,0.246860,0.258336,0.339128,0.112084,0.335260,0.133428,0.385688,0.220309,0.189099,0.306599,0.189263,0.156821,0.223935,0.300930,0.256032,0.215258,0.239859,0.183207,0.101098,0.179435,0.192748,0.268499,0.281680,0.223652,0.236709,0.214956,0.260360,0.245438,0.226429,0.093130,0.355069,0.315894,0.218202,0.333508,0.209316,0.187454,0.095389,0.180360,0.273272,0.271871,0.421019,0.228968,0.224838,0.179672,0.399763,0.222463,0.136170,0.254405,0.181107,0.201518,0.271036,0.433383,0.305825,0.241681,0.189834,0.266177,0.281496,0.333058,0.231274,0.278727,0.223103,0.213076,0.113829,0.134947,0.273674,0.182524,0.116129,0.276421,0.248759,0.408285,0.178742,0.327273,0.308136,0.248643,0.239607,0.405114,0.315893,0.336482,#
19,0.303931,0.255061,0.337778,0.221102,0.259313,0.344250,0.193953,0.295409,0.278975,0.184714,0.251133,0.329862,0.252550,0.193282,0.312878,0.230059,0.245286,0.332248,0.174976,1.000000,0.183053,0.144754,0.194222,0.186235,0.322002,0.240899,0.210553,0.266346,0.163333,0.213399,0.287389,0.322036,0.338995,0.220233,0.259601,0.362370,0.267296,0.307121,0.247919,0.327765,0.333498,0.337521,0.306993,0.232636,0.078864,0.345356,0.411965,0.296930,0.321622,0.422106,0.171887,0.071785,0.280512,0.225194,0.208677,0.179260,0.319000,0.185222,0.185317,0.255902,0.110110,0.150236,0.339942,0.247276,0.258877,0.262437,0.344490,0.285610,0.378571,0.198490,0.368099,0.244282,0.303405,0.188682,0.216387,0.267038,0.223846,0.329662,0.251718,0.243664,0.443218,0.119414,0.391096,0.224217,0.370334,0.156016,0.160663,0.253065,0.283890,0.279429,0.193985,0.229857,0.172122,0.221129,0.188939,0.144086,0.281379,0.403891,0.288247,0.319208,0.227326,0.235558,0.212885,0.244564,0.283890,0.148649,0.274063,0.111827,0.195918,0.095884,0.342938,0.201638,0.282599,0.210992,0.284695,0.309526,0.220616,0.221190,0.370786,0.187421,0.358826,0.214315,0.238939,0.359748,0.224390,0.265892,0.164191,0.268921,0.434741,0.362175,0.265747,0.398431,0.251045,0.323728,0.264265,0.347609,0.205715,0.234917,0.276067,0.059455,0.186303,0.180293,0.150498,0.157610,0.251274,0.172352,0.143213,0.128849,0.284729,0.329379,0.151744,0.245155,0.242503,0.301619,0.317288,0.188002,0.365426,0.237283,0.326713,0.282651,0.236771,0.317482,0.166885,0.321934,0.317251,0.290648,0.228948,0.334022,0.183455,0.143647,0.066708,0.331839,0.360734,0.329689,0.373258,0.121272,0.271428,0.326159,0.279291,0.219866,0.202744,0.348638,0.368450,0.294519,0.121554,0.118101,0.134753,0.231186,0.265414,0.291559,0.332342,0.268229,0.170793,0.238871,0.312323,0.221953,0.277080,0.084057,0.280753,0.161167,#
20,0.181174,0.393408,0.170304,0.337290,0.252605,0.223315,0.215712,0.307991,0.305016,0.288073,0.250363,0.237430,0.318034,0.216211,0.145751,0.163418,0.383132,0.147877,0.218609,0.183053,1.000000,0.228290,0.221149,0.364405,0.325913,0.370890,0.125811,0.270291,0.193207,0.098527,0.254132,0.247050,0.284080,0.365038,0.235193,0.258419,0.195681,0.224164,0.229550,0.326885,0.325442,0.256744,0.245665,0.133021,0.308809,0.138225,0.269522,0.223133,0.251121,0.326931,0.180050,0.279702,0.211532,0.211603,0.274546,0.042647,-0.074688,0.166404,0.186311,0.230594,0.276096,0.225756,0.247804,0.202855,0.186349,0.336726,0.315797,0.215023,0.226383,0.164546,0.250908,0.309823,0.292351,0.163491,0.112887,0.092205,0.231886,0.276713,0.433525,0.212568,0.264094,0.181904,0.266805,0.095516,0.181416,0.235087,0.171171,0.226625,0.222309,0.398659,0.290860,0.203486,0.199794,0.189245,0.188286,0.294458,0.219663,0.143301,0.280117,0.250602,0.322198,0.264845,0.148645,0.260438,0.238276,0.248941,0.331820,0.134322,0.288710,0.294239,0.209263,0.320271,0.184714,0.092296,0.318498,0.312778,0.199463,0.209115,0.112910,0.147866,0.226323,0.282275,0.246575,0.306636,0.195732,0.275749,0.125164,0.035168,0.265083,0.280241,0.182351,0.241208,0.312285,0.215716,0.181114,0.294502,0.131483,0.397251,0.220282,0.253063,0.136658,0.138698,0.243629,0.147900,0.210162,0.132224,0.237197,0.276706,0.169656,0.281689,0.193601,0.163835,0.160654,0.251233,0.156514,0.199396,0.204884,0.297358,0.266428,0.124841,0.246181,0.259633,0.260885,0.270777,0.207293,0.172879,0.162652,0.344188,0.119635,0.014346,0.215833,0.155979,0.200240,0.328131,0.254839,0.151294,0.212864,0.337382,0.171766,0.292909,0.209191,0.212139,0.217937,0.181397,0.101214,0.203593,0.240781,0.147366,0.247917,0.234909,0.257793,0.286245,0.372947,0.243586,0.368980,0.272925,0.209088,0.280003,0.306412,0.273793,#
21,0.212369,0.491496,0.337418,0.484483,0.357973,0.267455,0.239388,0.247067,0.285883,0.266399,0.303087,0.286646,0.298155,0.250561,0.293117,0.320342,0.044518,0.262641,0.402686,0.144754,0.228290,1.000000,0.359517,0.293464,0.255002,0.243007,0.271298,0.188392,0.404651,0.194256,0.140998,0.138859,0.280670,0.446700,0.314794,0.433659,0.302115,0.287129,0.262036,0.265670,0.284395,0.248190,0.331763,0.290790,0.269335,0.365386,0.329301,0.342552,0.297670,0.396684,0.177036,0.254966,0.362152,0.201198,0.397432,0.251828,0.185058,0.185722,0.440507,0.279330,0.226039,0.350942,0.091793,0.144828,0.277571,0.369763,0.307677,0.203850,0.273832,0.363121,0.288135,0.350579,0.347485,0.331174,0.331437,0.351611,0.311783,0.362300,0.319004,0.233584,0.254909,0.161048,0.421696,0.333338,0.420769,0.401115,0.096424,0.365470,0.362685,0.373547,0.238661,0.201822,0.380546,0.353241,0.318177,0.320594,0.354873,0.321470,0.303717,0.308747,0.270999,0.342844,0.020541,0.272768,0.220878,0.357037,0.098464,0.433880,0.157136,0.308746,0.359734,0.203986,0.277873,0.277714,0.229183,0.179365,0.194540,0.427588,0.395171,0.385400,0.332497,0.212908,0.256406,0.213492,0.195690,0.163867,0.333768,0.217188,0.310536,0.374924,0.267485,0.354514,0.120228,0.212165,0.299441,0.189551,0.222900,0.176546,0.280712,0.272373,0.233693,0.295237,0.084488,0.274781,0.281256,0.352248,0.229139,0.178357,0.281822,0.321278,0.268000,0.293319,0.245727,0.326421,0.121109,0.267105,0.350200,0.277289,0.280942,0.196528,0.225097,0.429552,0.326245,0.368744,0.323472,0.212009,0.353549,0.202678,0.097963,0.194068,0.317900,0.255453,0.345860,0.278766,0.212440,0.250562,0.186964,0.257835,0.346107,0.365487,0.199892,0.379103,0.300567,0.260042,0.216243,0.311624,0.257974,0.170486,0.145002,0.220330,0.212207,0.219916,0.284935,0.190775,0.329026,0.160325,0.287906,0.290408,0.201901,0.424899,#
