0,1.000000,0.096440,0.121864,0.158081,0.104321,0.256621,0.076093,0.207826,0.174530,0.129510,0.076163,0.192376,0.239639,-0.125514,0.367601,0.070176,0.146216,0.122076,0.060835,0.208050,0.044670,0.033472,0.175208,0.180773,0.179807,0.126432,0.250574,0.178877,0.031703,0.182284,0.081126,0.037996,0.026950,-0.012972,0.309937,0.097964,0.221008,0.046713,0.191795,0.207346,0.071936,0.077350,0.251326,0.211030,0.073882,0.072251,0.170859,0.122489,0.046489,0.266364,0.196077,0.040627,0.243478,0.283989,0.047513,0.127891,0.012665,0.137707,0.054820,0.057735,0.316003,0.063792,0.096180,0.151854,0.013781,0.297078,0.055095,0.298003,0.027992,0.097329,0.135288,0.092849,0.159376,0.013890,0.168843,0.068983,0.052696,0.117357,0.032091,0.034707,0.257691,0.094631,0.007518,0.102707,0.097487,0.243673,0.130551,-0.087777,-0.103403,0.081944,0.149235,0.136955,0.030468,0.180357,0.172780,0.191585,0.013507,0.054230,0.158045,0.150304,0.079033,0.133777,0.066171,0.051410,0.197341,-0.043575,-0.087926,0.173496,0.166541,0.146544,0.269999,0.012011,0.177816,-0.022481,0.074169,0.243281,0.090754,-0.049374,0.241673,0.121801,0.036723,0.342872,0.254656,0.186404,0.087707,0.082633,0.076525,0.068184,0.091288,0.012426,0.049900,0.133396,0.052518,-0.013809,0.084458,0.018720,0.176239,0.224146,0.062704,0.084415,-0.071904,0.171219,-0.031383,0.227228,0.263441,0.098780,0.027988,0.084690,0.237565,0.174373,0.097943,-0.178365,0.131574,0.072790,0.093094,0.100181,-0.006644,0.079565,0.181703,0.228491,0.225814,0.288951,0.021791,0.052317,0.082916,0.173077,0.231435,0.080772,0.247035,0.239745,0.138322,0.073357,0.213462,0.192659,0.289594,-0.102794,0.084465,0.111783,0.141988,0.166730,-0.007664,0.211980,0.023653,0.121169,0.108176,0.071784,0.077253,0.291660,0.107841,0.230233,0.095626,0.159756,0.120706,0.086491,0.033159,-0.006766,-0.019718,0.078125,0.221141,0.158237,#
1,0.096440,1.000000,0.058346,0.343191,0.188394,0.319492,0.123174,0.127978,0.110553,0.133011,0.156624,0.102889,0.124853,0.205994,0.115284,0.148393,0.164754,0.053667,0.170353,0.179189,0.322124,0.352345,0.309020,0.345012,0.200025,0.121029,0.245193,0.129194,0.001741,0.000011,0.145696,0.306125,0.164863,0.229632,0.235836,0.211524,0.031624,0.214757,0.172968,0.174157,0.141823,0.120839,0.085571,0.213470,0.084351,0.240506,0.229023,0.205321,0.211088,0.223959,0.222769,0.311270,0.305671,0.163317,0.119281,0.171554,-0.030977,0.208315,0.284617,0.202626,0.125764,0.178434,-0.030625,0.019641,0.052791,0.182050,0.242136,0.252314,0.216394,0.246860,0.113510,0.173065,0.305952,0.043227,0.087129,0.068660,0.185857,0.214893,0.230890,0.006904,0.122651,0.195801,0.361963,0.147933,0.162915,0.181347,0.104988,0.014420,0.203765,0.219797,0.171868,0.155359,0.119177,0.082980,0.061151,0.065147,0.100094,0.104551,0.024938,0.185672,0.098810,0.335971,0.144935,0.206354,0.208014,0.033151,0.026355,0.261270,0.078048,0.079779,0.204092,0.175900,0.146430,0.080185,0.111802,0.165812,0.408117,0.319533,0.163993,0.040446,0.390527,0.238654,0.151916,0.167639,0.066128,0.089846,0.262856,0.236238,0.219063,0.208386,0.000107,0.146691,0.084196,0.263825,0.144711,0.051283,0.071011,0.161153,0.236975,0.028362,0.035873,0.067963,0.027574,-0.036646,0.125943,0.149279,0.153031,0.057530,0.138462,0.203966,0.198548,0.103242,0.111574,0.164868,0.214916,0.071193,0.124697,0.094706,0.067674,0.094783,0.044938,0.320786,0.256417,0.277114,0.085659,0.048722,0.135023,0.272168,0.001955,0.181870,0.194034,0.059999,0.171895,0.303103,0.197688,0.036509,0.170220,0.180837,0.194284,0.139829,0.055663,0.055988,0.078652,0.041641,0.029336,0.236839,0.108704,-0.034822,0.179439,0.112976,0.103967,0.125956,0.101615,0.208442,0.332680,0.034134,0.141049,0.048176,0.188241,0.222147,#
2,0.121864,0.058346,1.000000,0.204568,0.055733,0.166350,0.111677,0.291080,0.051200,0.180105,0.192116,0.050995,0.042973,0.000143,0.215349,0.057998,0.165615,0.138365,0.118870,0.235273,0.127261,0.158654,-0.046407,0.081872,0.094948,-0.003184,0.133580,0.174745,0.182811,0.181550,0.145544,0.194437,0.228684,0.198795,0.211774,0.114878,0.269367,0.041921,0.266227,0.157959,0.350705,0.234913,0.025437,0.132522,0.029826,0.224083,0.333987,0.065693,0.118712,0.334022,0.015829,0.022938,0.128224,0.350284,0.232300,0.060433,0.185171,0.107671,0.020555,0.124251,0.129416,0.216615,0.133091,0.265408,0.115936,0.121605,0.390613,-0.037541,0.236149,0.146486,0.209508,0.044119,0.094173,0.226291,0.174876,0.120760,0.190891,0.289634,0.167287,0.344058,0.114460,0.148197,0.232507,0.202019,0.154049,0.327233,0.218209,0.237877,0.214152,0.150022,0.302180,0.259465,0.148597,0.058894,0.384884,0.094054,-0.004375,0.096471,0.175356,0.070195,0.145384,0.051679,0.016970,0.050865,0.169540,0.318491,0.124382,0.018879,0.322462,0.116843,0.215492,0.092746,0.318798,0.016294,0.228254,0.065113,0.034423,-0.008423,0.187155,0.014291,0.232380,0.238484,0.141030,0.023850,0.177522,0.140923,0.122523,0.073618,0.158984,0.205646,0.084819,0.323766,0.274607,0.287629,0.081328,0.074839,-0.062770,0.111719,0.101999,0.088605,0.140384,0.046669,0.010507,-0.010736,0.188156,0.252411,0.129701,0.153995,0.221206,0.102674,0.170469,-0.022861,0.033558,0.281034,0.004661,0.255623,0.073034,0.024208,-0.051870,0.057387,0.063662,-0.062541,0.093844,0.132299,-0.078607,0.199831,0.320199,0.178473,0.074584,0.088093,0.055881,0.104388,0.090645,0.113042,0.195607,0.128268,0.166686,0.149370,0.152701,0.079366,-0.020900,0.225304,0.170670,0.315101,-0.038997,0.125264,0.035555,0.187138,0.199298,0.023648,0.071359,0.141964,0.121594,0.154319,0.162093,0.232478,0.147687,0.107965,0.090225,0.089405,#
3,0.158081,0.343191,0.204568,1.000000,0.213284,0.231596,0.056514,0.203512,0.193401,0.224343,0.111299,0.168930,0.287437,0.026883,0.152466,0.178400,0.248535,0.057281,0.135821,0.114821,0.267758,0.386488,0.100803,0.127449,0.329034,0.266010,0.235048,0.228085,0.188440,0.078084,0.119641,0.258628,0.208854,0.281095,0.231503,0.164660,0.100279,0.119357,0.050824,0.237340,0.194276,0.215723,0.125824,0.079165,0.169172,0.284305,0.232806,0.346398,0.294729,0.271072,0.134879,0.126957,0.274161,0.225567,0.303137,0.112651,-0.083597,0.156652,0.405744,0.155844,0.203365,0.261238,0.042687,0.169273,0.169141,0.328069,0.111330,0.137131,0.151236,0.285103,0.094303,0.249685,0.355222,0.219375,0.148477,0.113543,0.139644,0.227415,0.248254,0.259566,0.195225,0.136044,0.229218,0.193934,0.194019,0.210159,0.127124,0.164530,0.103697,0.239040,0.042570,0.216588,0.242142,0.175880,0.250583,0.251078,0.091227,0.089558,-0.005688,0.224307,0.214263,0.085106,0.046792,0.152645,0.181320,0.165214,0.245064,0.394155,0.097391,0.150863,0.135374,0.249116,0.226434,0.203795,0.207912,0.161116,0.316384,0.150894,0.233691,0.100577,0.082172,0.188648,0.145527,0.193004,0.129528,0.119726,0.303054,0.224303,0.167644,0.260352,0.077959,0.263441,0.157155,0.350092,0.276109,0.128603,0.248183,0.092995,0.221197,0.112116,0.151427,0.114043,-0.015020,0.047648,0.014818,0.280538,0.128832,0.179375,0.175671,0.045845,0.096136,0.052268,0.155917,0.202824,0.184569,0.132083,0.255221,0.205775,0.060469,0.270100,0.290875,0.293564,0.219657,0.441829,0.145629,0.154733,0.176703,0.127940,0.175891,0.232467,0.206537,0.146466,0.115453,0.208848,0.054243,0.247406,0.076450,0.097955,0.206568,0.149663,0.078273,0.316677,0.120553,0.256837,0.027469,0.172638,0.030454,0.009361,0.318938,0.193908,0.085188,0.176004,0.216952,0.179182,0.219745,0.235824,0.189064,0.117034,0.170041,0.317129,#
4,0.104321,0.188394,0.055733,0.213284,1.000000,0.277256,0.252914,0.078985,0.058106,0.192430,0.207752,0.119189,0.068787,0.020623,0.206916,0.226262,0.066864,0.137201,-0.020262,0.189604,0.186389,0.309817,0.163832,0.225653,0.191730,-0.012641,0.091235,0.203055,0.162503,0.103608,0.243053,0.045480,0.190207,0.099048,0.148322,0.181082,0.014186,0.007008,0.095396,0.296612,0.066812,0.140808,0.185849,0.236139,0.236499,0.074693,0.346610,0.138460,0.040563,0.214743,0.122508,0.120216,0.181360,-0.052888,0.159207,0.096184,-0.020622,0.162037,0.357895,0.162460,0.093616,0.267115,0.198481,0.114364,0.200978,0.314841,0.214205,0.001083,0.135695,0.186908,0.288581,0.248392,0.091851,0.019308,0.065829,0.194558,0.184172,0.240409,0.248304,0.080717,-0.024124,0.178783,0.264131,0.037218,0.269319,-0.021466,0.128456,0.162123,0.190297,0.353407,0.101330,-0.013084,0.120635,0.129874,0.153718,0.242839,0.195512,0.077275,0.026237,0.037740,0.145553,0.290264,0.071493,0.184567,0.144066,-0.025101,0.183368,0.089312,0.123234,0.284699,0.019892,0.159923,0.412796,0.322686,0.110418,0.129200,0.050125,0.326590,0.060911,0.143116,0.184461,0.243545,0.254026,0.193377,0.107233,0.086649,0.158925,-0.018549,0.363229,0.224047,0.305127,0.287392,0.081682,0.189370,0.254711,0.091984,0.061590,0.245834,0.157415,0.128648,0.000435,0.271231,0.012599,0.170707,0.049080,0.224227,0.128870,0.010669,0.143395,0.234685,0.080457,0.296381,0.124489,0.002484,0.276540,0.057983,0.194679,0.233102,0.237716,0.122383,0.018754,0.277366,0.150557,0.308730,0.156001,0.031632,0.236962,0.167036,0.003648,0.138000,0.074389,0.124987,0.103706,0.142926,0.187681,0.148625,0.034287,0.209685,0.112331,0.235859,0.294018,0.121738,0.224994,0.157419,0.225833,0.237457,0.031567,0.241529,0.075712,0.064319,0.205561,0.050724,0.167587,0.126989,0.166017,-0.040773,0.067610,0.033581,0.181686,0.183469,#
5,0.256621,0.319492,0.166350,0.231596,0.277256,1.000000,0.091166,0.231936,0.168280,0.190795,0.065222,0.074812,0.228689,0.044364,0.194711,0.049651,0.107365,0.118074,0.203931,0.267282,0.153615,0.087810,0.077444,0.182213,0.316821,0.222294,0.200413,0.303884,0.024745,0.218146,0.143642,0.189792,0.166476,0.333133,0.176839,0.203023,0.127036,0.010912,0.103794,0.199047,0.091683,0.185060,0.110598,0.188534,0.193572,0.199846,0.148446,0.304129,0.076749,0.276663,0.199806,0.011153,0.213926,0.179784,0.253136,0.292763,0.018635,0.123070,0.283924,0.256863,0.049839,0.074739,0.127021,0.234534,0.044450,0.174757,0.103105,0.097186,0.135504,0.205916,0.307807,0.230743,0.251424,0.163443,0.165831,0.030309,0.050674,0.376796,0.207710,0.104219,0.111783,0.225010,0.290158,0.147724,0.142343,0.062787,0.092785,0.095170,0.173715,0.206188,0.319743,0.007397,0.072954,0.137674,0.155441,-0.092728,0.245894,0.160706,0.210147,-0.018898,0.280587,0.186722,0.301543,0.211136,0.166946,0.094165,0.221083,0.193227,0.031882,0.211455,0.142695,0.153803,0.241032,0.085049,0.053453,0.015588,0.347955,0.277711,0.225586,0.110768,0.149665,0.242411,0.193779,0.311157,0.091979,0.140129,0.271821,0.025236,0.278493,-0.007626,0.102500,0.329512,0.236648,0.327095,0.189109,-0.007441,-0.071747,0.235652,0.086010,0.033570,0.004824,0.015896,0.062243,0.083816,0.362894,0.117894,0.084646,0.167745,0.192103,0.319912,0.337526,0.079812,0.312442,0.144576,0.187940,0.136694,0.173992,0.134322,0.151879,0.165998,0.171601,0.337837,0.187164,0.213456,0.144175,-0.005650,0.038627,0.245261,0.124256,0.069850,0.291624,0.146745,0.130268,0.153450,0.053005,0.216307,0.223818,0.237770,0.254164,0.267118,0.178564,0.142649,-0.079155,0.139011,0.051887,0.261029,0.040262,0.164064,0.341462,0.177737,0.068169,0.257762,0.136419,0.291617,0.215521,0.142367,0.057756,0.186091,0.188412,0.293789,#
6,0.076093,0.123174,0.111677,0.056514,0.252914,0.091166,1.000000,0.067946,0.155656,0.270215,0.276606,0.171967,0.059368,-0.036478,-0.004634,0.422295,0.275092,0.237383,0.172281,0.071718,0.134146,0.125072,0.014514,0.054554,0.250833,0.195797,0.075485,0.120069,0.104015,0.091588,0.205991,0.243091,0.155421,0.162089,0.142336,0.158330,0.194775,0.165076,0.095818,0.123624,0.199290,0.143768,0.294636,0.234465,0.086283,0.027648,0.142415,0.231511,0.105002,0.224197,0.029788,0.028081,0.178070,-0.118663,0.093177,-0.003867,0.063246,0.152094,0.155184,0.067933,0.273806,0.232659,0.120848,0.011206,0.272472,0.136972,0.209949,0.157132,0.142177,-0.001556,0.299378,0.336706,0.007183,0.036860,0.032492,0.170776,0.312511,0.316638,0.312957,0.060311,0.071424,0.104860,0.079358,0.283342,0.248220,-0.019746,0.194449,0.160746,0.022202,0.174281,0.131004,0.037024,0.090710,0.168026,0.160661,0.118899,0.163466,0.160869,0.052697,0.066592,0.138199,0.258366,0.100741,0.084962,0.261101,0.029769,0.088409,0.121576,0.302160,0.016749,0.056808,0.062788,0.211167,0.170811,0.063550,0.224082,0.007511,0.092527,-0.008570,0.177477,0.045013,0.183850,-0.005607,0.072286,0.170231,0.024204,-0.042135,0.041346,0.233837,0.049515,0.221996,0.192589,0.080163,0.028482,0.192997,0.075650,0.150070,0.069838,0.218757,0.253373,0.042915,0.061687,-0.078560,0.029873,0.139534,0.230037,0.187791,0.233223,0.112249,0.127889,0.106230,0.158483,-0.016571,0.086480,0.062477,0.052131,0.015545,-0.173711,-0.050074,0.188943,0.108511,0.127163,0.049062,0.115670,0.081902,0.124919,0.255178,-0.000320,0.081313,0.096285,0.014533,0.276026,-0.145548,0.087613,0.185887,0.224463,0.135662,0.182704,0.104558,0.132742,0.171528,0.168484,0.152990,0.128593,0.071665,0.091405,0.125769,0.009240,0.143956,0.084333,0.081298,0.165427,-0.031827,0.100439,0.182284,0.194485,0.212839,0.035290,0.155735,0.147023,#
7,0.207826,0.127978,0.291080,0.203512,0.078985,0.231936,0.067946,1.000000,0.229369,0.107039,0.098804,-0.018817,0.269565,0.069290,0.217994,0.094809,0.107414,0.184558,0.173737,0.215350,0.281567,0.139984,0.227862,0.037032,0.131003,0.291935,0.121624,0.142141,0.226963,0.262880,0.119297,0.122589,0.118654,0.210736,0.274146,0.237555,0.075498,0.152363,0.326747,0.204429,0.166945,0.363392,0.097890,0.076613,0.127954,0.197225,0.248010,0.281393,0.340933,0.242701,0.170704,0.163849,0.236870,0.205830,0.263741,-0.007469,0.145139,-0.014642,0.315468,0.340733,0.057235,0.262699,0.182583,0.164163,0.217823,0.254800,0.250324,0.026218,0.046197,-0.012268,0.273636,0.087431,0.203444,0.180569,0.113775,0.082232,0.134019,0.215013,0.076080,0.114043,0.266005,0.067842,0.256849,0.161177,0.150414,0.252731,0.060813,0.176451,0.076112,0.216167,0.202589,0.151463,0.213419,0.079774,0.291706,0.236305,0.189705,0.261361,0.269307,0.115518,0.147704,0.108145,-0.011899,0.006213,0.224676,0.052600,0.049121,0.274839,0.232357,0.040000,0.274328,0.171163,0.294985,0.100711,0.210278,0.219017,0.086599,0.085103,0.204708,0.249914,0.173497,0.168230,0.233089,0.137129,0.222426,0.203610,0.098607,0.200151,0.147527,0.203782,0.014281,0.262763,0.242575,0.021017,0.073687,0.081535,0.031912,0.345884,0.111632,0.132231,-0.019537,0.090887,0.132583,0.112352,0.275823,0.271714,0.135188,0.058858,0.116536,0.138182,0.022682,0.118501,0.132617,0.024568,0.141439,0.295458,0.209758,0.234566,0.083264,0.153738,0.240177,0.098951,0.229243,0.175761,0.076762,0.118952,0.195184,0.123065,0.009155,0.026715,0.212636,0.129287,0.176629,0.204286,0.187820,-0.052806,0.116200,0.044067,0.148060,0.183714,0.106624,0.224331,0.094770,0.233703,0.121334,0.229039,0.189193,0.125261,0.245867,0.315600,0.244292,0.154027,0.117146,0.103271,0.259608,0.138405,0.163506,0.268283,0.227772,0.191128,#
8,0.174530,0.110553,0.051200,0.193401,0.058106,0.168280,0.155656,0.229369,1.000000,0.205750,0.158540,0.210178,0.208384,0.199433,0.156637,0.249894,0.120728,0.100265,-0.023270,0.203015,0.293376,0.132798,0.118556,0.113709,0.331305,0.171572,0.117989,0.003193,0.165954,0.078000,0.179013,0.166300,0.114430,0.093233,0.165883,0.428291,0.148839,0.120381,0.006286,0.075771,0.112527,0.094813,0.404298,0.203358,0.119219,0.065865,0.132480,0.102904,0.180316,0.175034,0.254450,0.121939,0.200888,0.158074,0.013720,0.139299,0.145303,0.144284,0.096591,0.079244,0.190315,0.228474,0.313692,0.251311,0.196239,0.336119,0.215937,0.286804,0.280551,0.011632,0.268441,0.293523,0.232729,0.041642,0.159899,0.003930,0.185175,0.220382,0.219821,0.162679,0.192474,0.092005,0.074675,0.129871,0.219570,0.095532,0.165081,0.200303,0.037479,0.035430,0.172512,0.124200,-0.003728,0.084013,0.041740,0.102040,0.265282,0.252318,0.344216,0.279617,0.169888,-0.042155,0.270209,0.324715,0.034373,0.148883,0.143320,0.172965,0.025425,0.285473,0.043498,0.095336,0.138298,0.072121,0.002778,0.226565,0.219696,0.073092,0.075668,0.241869,0.123925,0.145406,0.196799,0.268294,0.142529,0.206020,-0.027030,0.070090,0.311835,0.256839,-0.044292,0.316786,0.231972,0.029902,0.061658,0.237913,0.173484,0.133554,0.230501,0.098349,0.015581,0.015588,0.100086,-0.137830,0.197827,0.176175,0.086227,0.245692,0.161617,0.192656,0.041851,0.205357,0.006601,0.285841,0.213004,0.115639,0.151277,0.279213,0.305514,0.050722,0.237629,0.056245,0.153475,0.054123,0.016806,0.150314,0.151290,0.257856,0.250877,-0.028655,0.075381,0.302101,-0.036547,0.171015,0.213007,0.093713,0.226841,0.122470,0.168450,0.220303,0.166952,0.189278,0.205530,0.092040,0.044398,-0.001099,0.269774,0.184787,0.129498,0.235278,0.247981,0.223985,0.180773,0.180599,0.189320,-0.026228,-0.086357,0.145266,0.123321,0.356152,#
9,0.129510,0.133011,0.180105,0.224343,0.192430,0.190795,0.270215,0.107039,0.205750,1.000000,0.187356,0.131662,0.291124,0.114543,0.284764,0.233725,0.150053,0.262206,-0.005050,0.033647,0.180065,0.117665,0.008495,0.148969,0.300741,0.020111,0.147314,0.257060,0.142829,0.018243,0.075213,0.261880,0.110235,0.110556,0.118296,0.177506,0.197239,0.088418,0.117163,0.129737,0.138756,0.127597,0.036675,0.150505,0.202993,0.098400,0.165245,0.181103,0.224715,0.298404,0.207398,0.056501,0.119483,0.097070,0.081200,0.059727,0.167549,0.249353,0.033570,0.213414,0.219032,0.300468,0.197616,0.027678,-0.015750,0.248143,0.197882,0.127636,0.246294,0.149183,0.275210,0.160232,0.222618,0.098209,0.047474,0.106248,0.388452,0.275275,0.188841,0.305581,0.146520,0.216199,0.155883,0.225598,0.242014,0.138634,0.232110,0.299728,0.146458,0.281779,0.280351,0.124566,0.202680,0.082157,0.239251,0.081705,0.101601,0.045748,0.245545,0.301138,0.287970,0.254623,0.320244,0.081698,0.171861,0.194191,0.058615,0.324001,0.229070,0.152475,0.166160,0.261242,0.260257,0.150709,0.180888,0.284180,0.061076,0.096171,0.209865,0.254559,0.038292,0.257972,0.176984,0.186325,0.245823,0.157681,0.128638,0.146603,0.291126,0.076988,0.048077,0.230977,0.136871,0.158158,0.229101,-0.038416,0.204803,0.163180,0.185746,0.121698,0.286183,0.223097,0.197462,0.288838,0.215153,0.385004,0.055365,0.260763,0.204741,0.253256,0.084178,0.055217,0.143503,0.220242,0.152154,0.146861,0.074762,0.152387,0.219003,0.227110,0.191615,0.325249,0.289080,0.193944,0.102212,0.268933,0.090406,0.294093,0.248863,0.164691,0.099028,0.104776,0.060825,-0.055017,0.136720,0.203991,0.306374,0.265360,0.066447,0.201908,0.180439,0.284570,0.225376,0.040760,0.095244,0.089654,0.115670,0.168035,0.240679,0.042140,0.083048,0.079051,0.100584,0.070753,-0.029300,0.065960,0.205461,0.157942,0.136715,0.150820,#
10,0.076163,0.156624,0.192116,0.111299,0.207752,0.065222,0.276606,0.098804,0.158540,0.187356,1.000000,0.209104,0.138929,-0.005882,0.045069,0.239635,0.283186,0.134602,0.202381,0.120762,0.186479,0.122784,0.052491,0.280412,0.174037,0.180421,0.083867,0.174673,0.179413,0.175267,0.170568,0.202839,0.150115,0.162920,0.225671,0.142697,0.255829,0.129954,0.033305,0.137628,0.264617,0.015303,0.179337,0.039420,0.140866,0.125563,0.369744,0.194521,0.103872,0.322131,0.125294,0.214278,0.201500,0.022291,0.147170,0.317400,0.128092,0.281171,0.010715,0.248559,0.184513,0.259402,0.284631,0.228622,0.152364,0.119317,0.363012,0.090213,0.327808,0.009819,0.422702,0.242364,0.170395,0.002421,0.179014,0.238106,0.118381,0.287855,0.240858,0.024890,0.201714,-0.006181,0.163474,0.071675,0.211991,0.162113,0.201751,0.066617,0.064436,0.370107,0.122265,0.243390,0.217018,-0.054561,0.094208,0.159274,0.138189,0.278142,0.114542,0.084158,0.129967,0.159494,0.162973,0.161487,0.106633,0.146589,0.338019,0.005102,0.117878,0.145459,0.165856,0.122834,0.312178,0.229875,0.127793,0.251319,0.069152,0.122998,0.112405,0.056117,0.113171,0.151672,0.117447,0.112657,0.155159,0.118208,0.130400,0.139197,0.280640,0.156541,0.086339,0.278152,0.133867,0.151248,0.243807,0.325877,0.056146,0.156573,0.276420,0.285128,0.150324,0.186209,0.165986,0.124154,0.164404,0.277165,0.232830,0.149830,0.131470,0.299243,0.057988,0.028591,0.051167,0.287658,0.232821,0.094684,0.131722,0.143061,0.123082,0.054291,0.191687,0.076291,0.112240,0.220897,0.079172,0.178246,0.178099,0.152529,0.269570,0.224563,-0.080211,0.278688,-0.065028,0.133736,0.308130,0.179088,0.076301,0.083133,0.055639,0.206326,-0.061447,0.127254,0.191523,0.142013,-0.085288,0.152889,0.297209,0.164110,0.031792,0.121664,0.105538,0.106868,0.110254,0.311591,0.184695,0.091964,0.175364,0.035571,0.194463,0.298074,#
11,0.192376,0.102889,0.050995,0.168930,0.119189,0.074812,0.171967,-0.018817,0.210178,0.131662,0.209104,1.000000,0.163372,0.157367,0.257398,0.196443,0.105134,0.188527,0.281645,0.184925,0.141212,0.147588,0.131774,0.153678,0.242757,0.136440,0.029627,0.127086,0.158876,0.031128,0.307057,0.282244,0.223156,0.178012,0.141651,0.198242,0.200578,0.208545,0.049438,0.053557,0.239832,0.015888,0.180409,0.072792,0.158085,-0.093449,0.165494,0.249676,0.168926,0.178936,-0.056432,-0.062072,0.288218,0.049192,0.125804,0.027123,0.005252,0.380343,0.142412,0.272978,0.080500,0.139800,0.268883,0.145847,0.055054,0.134380,0.230485,0.226731,0.228570,0.134156,0.125251,0.109717,0.197415,0.055502,0.368805,0.239038,0.258047,0.287401,0.079628,0.028669,-0.049397,-0.012407,0.256295,0.135985,0.240469,-0.024628,0.120414,0.138079,0.043345,0.108896,0.152094,0.080671,0.115832,0.204250,-0.080358,0.173235,0.030264,0.235484,0.103755,0.245304,0.158164,0.170976,0.215242,0.189901,0.188830,0.101126,0.196377,0.199456,0.104061,0.125447,0.123960,0.225561,0.150424,0.044055,0.106775,0.082418,0.169426,0.089938,0.073671,0.288405,0.099931,0.126513,0.223502,0.371831,0.158060,0.012060,0.111780,0.232585,0.355222,0.261590,0.180968,0.200139,0.263133,0.149498,0.209277,0.214829,0.238396,0.249712,0.197843,0.249028,-0.013095,-0.062383,0.202719,0.261315,0.179744,0.200375,0.102420,0.156904,0.086816,0.038394,0.105838,0.047957,0.130633,0.385838,0.160563,0.074657,0.095757,0.046941,0.020697,0.161133,0.302377,0.223531,0.146500,0.224854,0.197533,0.296250,0.279363,0.129172,0.194137,0.218498,0.174531,0.160020,0.161002,0.227181,0.197752,0.177025,0.225790,0.069057,0.111182,0.207269,0.112429,0.113465,0.275739,0.121426,0.065757,-0.011350,0.169111,0.221209,-0.033842,-0.032590,0.230420,0.307358,0.139656,0.188077,0.200900,0.042146,0.067794,0.103555,0.176230,0.183273,#
12,0.239639,0.124853,0.042973,0.287437,0.068787,0.228689,0.059368,0.269565,0.208384,0.291124,0.138929,0.163372,1.000000,0.121165,0.219053,0.102254,0.086690,0.106451,0.198114,0.108180,0.252805,0.090164,0.166280,0.146641,0.247599,0.338788,0.115840,0.129119,0.100039,0.166922,0.142333,0.095738,0.071674,0.221561,0.355660,0.185805,0.171702,0.217340,0.082418,0.137186,0.054135,-0.007807,0.149794,0.099142,0.295529,0.178207,0.260246,0.251408,0.297495,0.281341,0.242558,-0.042016,0.087044,0.100031,0.180292,0.154272,0.113964,0.019821,0.215907,0.193661,0.124509,0.245383,0.260312,0.102963,0.097829,0.230540,0.040172,0.215172,0.291219,0.149812,0.222613,0.183971,0.279838,0.067047,0.117982,0.238179,0.164887,0.275439,0.133195,0.245210,0.243973,0.134957,0.155904,0.078036,0.144742,0.134850,0.012836,0.247004,-0.050243,0.107533,0.318199,0.061424,0.213384,0.275105,0.128275,0.210165,0.096848,0.047406,0.031805,0.046269,0.127129,0.190375,0.150682,0.119374,0.087001,0.079566,0.081588,0.299413,0.157053,0.147298,0.212606,0.195170,0.232323,-0.028883,0.149004,0.209327,0.022402,0.100298,0.193104,0.224692,0.148281,0.273919,0.172149,0.230439,0.228379,0.355884,0.139133,0.131421,0.103413,0.138159,-0.186648,0.047126,0.176378,0.093547,0.031098,0.070859,-0.001519,0.156351,0.126801,0.050363,-0.004922,-0.122592,0.026043,0.186718,-0.011995,0.312780,0.143674,0.154266,0.116517,0.175899,0.255553,-0.069356,0.251750,0.093054,0.269318,0.179465,0.176349,0.270909,0.261846,-0.039666,0.164461,0.264339,0.210470,0.122383,0.274287,0.107565,0.056181,0.248639,0.230569,0.184055,0.179118,0.032832,0.142481,0.125064,0.186337,0.152064,0.265112,0.154661,-0.181219,0.137412,0.140545,0.291178,0.121542,0.087409,0.027454,0.110627,0.070577,0.235203,0.197393,0.064528,0.031737,0.132881,-0.020918,0.026439,0.125818,0.081377,0.073956,0.137117,0.230545,0.195342,#
13,-0.125514,0.205994,0.000143,0.026883,0.020623,0.044364,-0.036478,0.069290,0.199433,0.114543,-0.005882,0.157367,0.121165,1.000000,0.178471,0.027029,-0.019376,0.140195,0.111496,0.030772,0.132916,0.104473,0.177766,0.169493,0.135842,0.233469,0.004278,0.114647,0.009351,0.136388,0.044333,0.018772,0.082181,0.144488,-0.030311,0.141661,0.020309,0.201550,0.002415,0.082278,0.188352,0.082165,0.196126,-0.097565,0.121641,0.155691,-0.022465,0.157105,0.225008,0.206432,-0.026335,0.045254,0.137583,0.089232,0.183953,0.145366,0.121869,0.206484,0.120758,0.161641,0.010245,0.247808,0.055590,0.050295,0.161284,0.132673,0.235552,0.264028,0.232356,0.190271,-0.008518,0.105376,0.271770,-0.000096,0.053442,0.100011,0.179673,0.237248,0.241566,0.022756,-0.109506,0.065437,0.165508,0.235915,0.018552,0.190597,-0.041397,0.201533,0.152404,0.097310,0.113060,0.156078,0.117021,0.091504,0.013079,0.079926,-0.002161,0.069510,0.104874,0.148241,0.149080,0.171119,0.268102,0.067280,0.093545,0.047135,0.079936,0.160953,-0.035037,0.083541,-0.064758,0.089156,0.088673,0.083620,0.183618,0.044023,0.030028,-0.019180,0.126478,0.043630,0.181603,0.013398,0.276048,0.029869,0.038970,0.082690,0.027777,0.138990,0.169721,0.152091,-0.015467,-0.013561,0.094788,0.171774,0.037660,0.073369,0.060233,0.157359,0.258623,0.150475,0.177466,0.024488,0.059193,-0.027630,-0.063300,0.151254,0.159379,0.075314,0.189151,-0.020873,0.203434,0.099743,0.100154,0.137325,0.077881,0.047284,0.059655,-0.101565,0.152118,0.027692,0.143601,0.041740,0.271613,0.143947,0.154852,0.057221,0.100609,0.183646,0.047353,0.124341,0.091989,0.084133,0.039786,0.294582,0.191229,0.146237,0.138025,0.066304,-0.034528,0.135864,0.134835,0.134436,0.241039,0.024696,-0.038355,0.122695,0.019594,0.034467,-0.038258,0.045543,0.234396,0.069270,0.182325,0.127094,0.116466,0.176434,-0.000973,0.248529,0.139261,0.082058,#
14,0.367601,0.115284,0.215349,0.152466,0.206916,0.194711,-0.004634,0.217994,0.156637,0.284764,0.045069,0.257398,0.219053,0.178471,1.000000,0.116440,0.068890,0.211037,-0.024972,0.216585,0.042928,0.154426,0.223886,0.311279,0.196797,0.073459,0.141868,0.240308,0.113994,0.143498,0.417991,0.057707,0.047674,0.120578,0.341166,0.164144,0.197311,0.116710,0.297683,0.096751,0.173656,0.141222,0.043747,0.117926,0.179302,0.207305,0.223047,0.105286,0.204233,0.200160,0.127191,0.187159,0.266527,0.147790,0.186501,0.129771,0.188143,0.146861,0.238064,0.069013,0.138924,0.206628,0.260916,0.185487,0.077777,0.212459,0.162165,0.091782,0.193823,0.100016,0.181646,0.088023,0.303215,0.241661,0.211731,0.201772,0.165738,0.219645,0.061285,0.140411,0.068440,0.086160,0.271097,0.258066,0.151616,0.125077,0.063970,0.158290,0.132477,0.210346,0.250913,0.129340,0.203706,0.345874,0.198218,0.131500,-0.074722,0.132739,0.056040,0.137658,0.080343,0.211329,0.246725,0.128914,0.152334,0.060625,0.122492,0.075620,0.244004,0.241052,0.042965,0.194834,0.296432,0.102151,0.079913,0.087323,0.143596,-0.064058,0.211614,0.184519,0.208793,0.140084,0.314698,0.199443,0.151353,0.015255,0.057711,0.148657,0.180682,0.103675,0.029162,0.256086,0.110235,0.142782,0.148457,0.031116,0.271689,0.257773,0.176431,0.108170,0.124559,0.165726,0.102406,0.312567,0.174958,0.318087,0.139920,0.004069,0.193847,0.116648,0.353302,0.002360,0.295299,0.192703,0.192167,0.125428,0.114495,0.080670,0.078577,0.193017,0.148501,0.165150,0.171769,0.086545,0.353009,0.321807,0.177688,0.205048,0.175330,0.181578,0.132498,-0.050187,0.124629,0.168093,0.238107,0.106791,0.073272,0.120621,0.193837,0.245090,0.111733,0.189300,0.119031,0.051150,0.093165,0.184341,0.105562,0.157932,0.153645,0.100779,0.203307,0.160507,0.176792,0.138555,0.043881,-0.047821,0.061131,0.238236,0.135859,0.023806,#
15,0.070176,0.148393,0.057998,0.178400,0.226262,0.049651,0.422295,0.094809,0.249894,0.233725,0.239635,0.196443,0.102254,0.027029,0.116440,1.000000,0.196669,0.187795,0.240524,0.124511,0.102953,0.207345,0.102383,0.231638,0.256038,0.101564,-0.062858,0.127236,0.120482,-0.021884,0.277693,0.334184,0.203448,0.311729,0.107589,0.213053,0.158766,0.266468,0.004198,0.016712,0.104417,0.005328,0.180168,0.147050,0.142892,0.151806,0.204716,0.131762,0.170582,0.215483,0.140409,0.093477,0.133500,0.069618,0.107794,0.104662,0.152030,0.149821,0.126018,0.225149,0.218489,0.312394,0.227707,0.107970,0.235220,0.110483,0.223392,0.254736,0.152431,0.055323,0.197576,0.104885,0.000089,0.144021,0.178575,0.112853,0.176040,0.164849,0.276636,0.008932,-0.033403,0.077460,0.163171,0.234781,0.273738,0.117230,-0.039512,0.161743,0.110073,0.031996,0.042416,0.161261,0.209499,0.205467,0.044790,0.128396,0.109040,0.245447,0.198171,0.195736,0.085681,0.260755,0.162814,0.235028,0.197124,-0.005518,0.052045,0.106622,0.124060,0.262881,0.042219,0.016577,0.284116,0.107645,0.244454,0.107882,-0.028540,-0.012466,0.058009,0.334698,-0.009317,0.299646,0.204934,0.150035,0.103937,0.076428,0.099500,0.105879,0.245958,0.198355,0.220792,0.187016,0.030907,-0.007318,0.216595,0.215971,0.265689,0.122705,0.053191,0.172027,0.069593,0.064649,0.073312,0.084501,0.204715,0.288063,0.075612,0.117524,0.126845,0.126771,0.178583,0.295862,0.121783,0.235105,0.153882,0.147099,0.053887,-0.016878,0.160378,0.159870,0.179682,0.189133,0.210977,0.293975,0.106461,0.151815,0.185304,-0.012526,0.172830,0.155858,-0.063157,0.201078,-0.068755,0.303233,0.167736,0.218859,0.170329,0.066644,0.210544,0.224455,0.132322,0.128410,0.137235,0.173110,0.208826,-0.003954,0.013262,0.042975,0.089227,0.127972,0.044673,0.293529,0.048919,0.128443,0.098248,0.087373,0.135581,0.038030,0.281530,0.220419,#
16,0.146216,0.164754,0.165615,0.248535,0.066864,0.107365,0.275092,0.107414,0.120728,0.150053,0.283186,0.105134,0.086690,-0.019376,0.068890,0.196669,1.000000,0.144053,0.313529,0.187044,0.341160,-0.127825,-0.003369,0.191351,0.198340,0.204572,0.058563,0.150160,-0.036757,0.123318,0.168805,0.181262,0.068088,-0.003083,0.141252,0.117419,0.290555,0.254490,0.101716,0.239331,0.107396,0.065803,0.135577,0.107894,0.054451,0.126491,0.176531,0.126745,0.132800,0.293571,-0.034881,0.147675,0.154125,0.058793,0.028682,0.169736,-0.065871,0.111312,0.104331,0.100683,0.258782,0.253576,0.148423,0.054480,0.091974,0.130679,0.223213,0.157791,0.180132,0.063882,0.229393,0.177503,0.084730,0.069882,0.049482,0.036241,0.103018,0.181195,0.105079,0.167978,0.313808,0.044748,0.231050,0.120616,0.237248,0.168127,0.135481,0.009871,-0.040275,0.196665,-0.051362,0.144043,0.200932,-0.055346,0.136722,0.164503,0.031184,0.133205,0.133327,0.169615,0.147375,0.166371,0.110186,0.192669,0.166189,0.091205,0.128782,0.091592,0.371748,0.122229,0.141411,0.119435,0.236832,0.176441,0.217729,0.234679,0.276215,0.069936,0.080723,-0.056454,-0.037606,0.102064,0.184409,0.051076,0.232918,0.042420,-0.012122,-0.062441,0.205094,0.064145,0.193890,0.119737,0.113610,0.146881,0.167571,0.255022,0.126866,0.070313,0.112074,-0.052066,-0.022115,0.095060,0.111876,-0.061527,0.008888,0.127332,0.270766,0.241114,0.117412,0.084349,0.044352,0.103207,-0.074299,0.173279,0.258074,0.102688,0.084997,-0.001723,-0.018573,0.061707,0.232287,0.022552,0.215589,0.086412,0.199542,0.124739,0.137614,0.122976,0.138348,0.159530,-0.160099,0.218785,0.081619,0.295880,0.208592,0.154150,0.074675,0.324956,0.105265,0.192630,0.176774,0.069104,0.080504,0.248594,-0.138164,-0.029959,0.127984,0.128315,0.208409,0.146982,0.168786,0.207489,0.059651,0.222030,0.171521,0.256659,0.211751,0.076952,0.154684,0.182926,#
17,0.122076,0.053667,0.138365,0.057281,0.137201,0.118074,0.237383,0.184558,0.100265,0.262206,0.134602,0.188527,0.106451,0.140195,0.211037,0.187795,0.144053,1.000000,0.169104,0.235083,0.049981,0.139252,0.114033,-0.059192,0.242907,0.131349,-0.006954,0.183956,0.101739,0.069977,0.110942,0.256114,0.013806,-0.006886,0.014731,-0.049985,0.075584,0.237282,0.222347,0.210923,0.149212,0.176845,0.116562,0.106412,0.150310,0.258908,0.133178,0.260903,0.112060,0.186704,0.046284,-0.093481,0.152117,0.066020,0.151938,0.057620,0.164591,0.048094,0.080761,0.172980,0.124966,0.073227,0.321287,0.030316,0.041011,0.123781,0.345184,0.066157,0.120366,-0.000519,0.286422,0.054768,0.012170,0.244463,0.255171,-0.015638,0.091859,0.252060,0.263850,0.078395,0.060867,0.122126,0.186887,0.314268,0.110122,-0.013813,0.160757,0.157766,-0.026735,0.152300,0.124628,0.013537,0.222337,0.154648,0.272826,0.198282,-0.016281,0.064212,0.222048,0.234133,0.108727,0.119058,0.102771,-0.040437,0.036841,0.188578,-0.054982,0.087702,0.082874,0.215976,0.157567,0.024482,0.363283,0.128600,0.304039,0.114350,-0.024367,0.017101,0.223769,0.272350,0.103238,0.181552,0.155936,0.016954,0.035764,0.040065,-0.001252,0.116430,0.247929,0.056398,0.093462,0.237121,0.203848,0.056590,0.135050,0.073755,0.275438,0.154617,-0.010144,0.267781,0.134310,0.106692,0.243976,0.147769,0.234575,0.116673,-0.106993,-0.026912,0.165769,0.085633,0.145572,0.105718,0.087623,0.219206,0.072163,0.141919,0.207512,-0.031112,0.125388,0.115740,0.143828,0.142493,0.282646,0.081113,0.053557,-0.058666,-0.003437,0.009517,0.131680,0.047359,0.011708,0.128415,0.107511,0.072991,0.223854,0.119292,0.169709,0.173415,0.117711,0.242227,0.107894,0.160371,0.153831,0.244881,0.041125,-0.059106,0.155148,0.266347,0.046281,0.023822,0.198049,0.198946,-0.016657,0.105615,-0.003482,0.201356,0.093397,-0.033969,0.165460,-0.072194,#
18,0.060835,0.170353,0.118870,0.135821,-0.020262,0.203931,0.172281,0.173737,-0.023270,-0.005050,0.202381,0.281645,0.198114,0.111496,-0.024972,0.240524,0.313529,0.169104,1.000000,0.075142,0.133634,0.261411,0.029889,0.107428,0.052847,0.256822,0.062578,0.041201,0.045341,0.135850,0.036551,0.261498,0.149689,0.256404,0.118394,0.198426,0.111876,0.310465,0.105620,0.201534,0.190098,0.092794,0.243554,-0.081592,0.108003,0.116985,0.202209,0.288943,0.240234,0.142700,-0.097429,0.019951,0.180821,-0.037088,0.110825,0.091961,0.035631,0.033484,0.144880,0.278710,0.177388,0.138328,0.076901,0.024874,0.150275,0.000790,0.179640,-0.022812,0.037654,0.090870,0.074179,0.085668,0.077686,-0.022564,0.180374,-0.027545,0.062190,0.166357,0.054251,-0.015871,0.026163,-0.066041,0.217602,0.122756,0.274674,0.267219,-0.092264,0.146929,0.059868,0.054517,0.157016,0.012728,0.223588,0.167469,0.101567,0.071689,0.086214,0.132703,0.114459,0.097555,0.122953,0.077541,0.098168,0.033394,0.119902,0.195875,0.079193,0.208163,0.150624,0.183560,0.221340,0.028266,0.198799,0.001649,0.104547,0.128022,0.083231,0.060980,0.169695,0.137814,0.126535,0.034324,0.111132,0.116379,0.255770,-0.007427,0.206247,0.043148,0.261434,0.042957,0.036781,0.215067,0.119213,0.018412,0.082945,0.153433,0.102085,0.087587,0.119653,0.113650,-0.100169,0.018842,0.032536,0.080464,0.145938,0.120544,0.072001,0.093721,0.154523,0.073372,0.122794,-0.062152,0.244908,0.172770,0.204342,0.260177,0.060217,-0.029316,-0.098694,-0.003805,0.188340,0.111804,0.337439,0.062647,0.069208,0.037794,0.273346,0.002567,0.001961,0.156307,0.045129,0.070449,0.104843,0.377138,0.188300,0.134846,0.011065,0.106214,0.110996,0.190190,0.135724,0.112241,0.054302,0.134204,-0.021356,0.041721,0.070904,0.103497,-0.063038,0.142900,0.073247,0.319333,0.025065,0.243562,0.214854,0.107389,0.081107,0.282728,0.161999,0.224258,#
19,0.208050,0.179189,0.235273,0.114821,0.189604,0.267282,0.071718,0.215350,0.203015,0.033647,0.120762,0.184925,0.108180,0.030772,0.216585,0.124511,0.187044,0.235083,0.075142,1.000000,0.109585,0.024073,0.023767,0.086672,0.247958,0.110512,0.070878,0.156924,0.017361,0.044576,0.170958,0.255145,0.276003,0.089331,0.178527,0.223415,0.129095,0.193386,0.127979,0.194080,0.193720,0.213768,0.185245,0.121903,-0.037127,0.259798,0.290280,0.182872,0.158217,0.307290,0.083154,-0.032211,0.204997,0.192365,0.091569,0.079109,0.188438,0.040803,0.045228,0.118439,0.023835,-0.001569,0.247274,0.146494,0.117540,0.116554,0.259610,0.130614,0.290207,0.090920,0.246796,0.101952,0.192708,0.088962,0.028844,0.122684,0.063195,0.179249,0.112970,0.060387,0.330972,0.005679,0.289571,0.134682,0.207953,-0.004490,0.091336,0.148772,0.151841,0.175033,0.083385,0.111633,0.035203,0.137510,0.081802,0.039198,0.116610,0.293947,0.163981,0.212806,0.080187,0.128244,0.125661,0.153124,0.153563,0.003666,0.161237,-0.012736,0.045867,0.012997,0.184279,0.091223,0.205562,0.087145,0.142148,0.153047,0.183744,0.059055,0.279519,0.013892,0.281388,0.076954,0.134331,0.260901,0.091047,0.169145,0.028538,0.188694,0.326608,0.209303,0.191758,0.334663,0.183161,0.215166,0.126366,0.238686,0.052260,0.156966,0.155065,-0.007066,0.061527,0.069626,-0.018658,-0.001483,0.124304,0.064399,-0.022561,-0.002031,0.194400,0.202157,0.056562,0.097736,0.140857,0.181891,0.263776,0.061730,0.261516,0.072806,0.197125,0.158073,0.132181,0.221227,0.091884,0.202848,0.224027,0.198515,0.119821,0.199002,0.083528,0.042659,-0.037352,0.205921,0.237073,0.251338,0.251861,0.015209,0.146971,0.168762,0.143888,0.073551,0.073071,0.210673,0.257776,0.213403,0.000447,0.033237,-0.099913,0.145178,0.128049,0.157198,0.196499,0.188272,0.010032,0.138352,0.222176,0.071019,0.153150,-0.051927,0.161663,0.059870,#
20,0.044670,0.322124,0.127261,0.267758,0.186389,0.153615,0.134146,0.281567,0.293376,0.180065,0.186479,0.141212,0.252805,0.132916,0.042928,0.102953,0.341160,0.049981,0.133634,0.109585,1.000000,0.165763,0.132647,0.337854,0.272568,0.302672,-0.032587,0.221953,0.099993,-0.026049,0.221115,0.166526,0.222351,0.308273,0.134184,0.219053,0.104649,0.137678,0.171103,0.229956,0.178518,0.173331,0.116611,0.029019,0.254684,0.032435,0.219317,0.218177,0.169578,0.294390,0.161274,0.255379,0.182612,0.143904,0.247741,-0.058126,-0.176282,0.072489,0.171282,0.162682,0.224796,0.207289,0.258789,0.167277,0.056158,0.305891,0.262538,0.123835,0.138506,0.061430,0.167022,0.240079,0.274348,0.081747,-0.028139,0.013745,0.180764,0.207706,0.338040,0.143371,0.122778,0.081213,0.232973,0.021735,0.126428,0.200346,0.133273,0.251684,0.117725,0.276974,0.209354,0.159206,0.145693,0.151280,0.126950,0.236910,0.119180,0.058080,0.190802,0.160826,0.266520,0.218813,0.143341,0.244612,0.183282,0.197772,0.330816,0.055311,0.186570,0.250508,0.085006,0.219741,0.108151,0.023848,0.238575,0.191316,0.213315,0.110544,0.004763,0.053280,0.191266,0.219729,0.208748,0.205858,0.145520,0.152326,0.026960,0.043534,0.176076,0.212842,0.130022,0.175809,0.286731,0.155567,0.144154,0.231893,0.009491,0.306870,0.215194,0.159729,0.092571,0.074561,0.146894,0.022692,0.146105,0.082221,0.143728,0.228580,0.087989,0.223238,0.171808,0.141618,0.089681,0.203943,0.122053,0.170234,0.112218,0.260696,0.199707,0.065650,0.239106,0.176047,0.235888,0.210818,0.148963,0.117283,0.112417,0.262547,0.056169,-0.022739,0.131542,0.038092,0.103346,0.238560,0.200361,0.073812,0.116462,0.234791,0.049546,0.262860,0.175864,0.153562,0.128105,0.154818,0.028779,0.194949,0.148003,0.088563,0.182250,0.159253,0.193399,0.277841,0.349771,0.193286,0.333146,0.171836,0.173192,0.229439,0.234888,0.245911,#
21,0.033472,0.352345,0.158654,0.386488,0.309817,0.087810,0.125072,0.139984,0.132798,0.117665,0.122784,0.147588,0.090164,0.104473,0.154426,0.207345,-0.127825,0.139252,0.261411,0.024073,0.165763,1.000000,0.172661,0.120147,0.165999,0.094194,0.107729,0.004904,0.256297,-0.007494,0.012326,0.110208,0.158901,0.378776,0.193913,0.264675,0.143686,0.117250,0.096046,0.067726,0.086026,0.128837,0.133490,0.166765,0.142250,0.220616,0.152137,0.170111,0.186188,0.222529,0.082555,0.125180,0.237083,0.110539,0.222524,0.070299,-0.017737,0.036176,0.322573,0.152404,0.121774,0.215293,-0.083949,0.068178,0.083326,0.236391,0.193426,0.051478,0.042861,0.246288,0.109637,0.267991,0.167719,0.175481,0.201421,0.159287,0.163795,0.206406,0.121155,0.034881,-0.017967,-0.014248,0.285162,0.201807,0.254051,0.234997,0.008987,0.225128,0.202604,0.208531,0.110528,0.063258,0.217704,0.277131,0.198160,0.222175,0.153027,0.137528,0.091775,0.193311,0.144087,0.220469,-0.077985,0.140268,0.160542,0.237947,0.008319,0.317007,-0.058484,0.212286,0.199060,0.008828,0.125106,0.166038,0.049449,-0.019737,0.122060,0.302704,0.235492,0.225954,0.299424,0.064520,0.108645,0.072884,0.094962,0.011568,0.103776,0.105610,0.198129,0.227568,0.117774,0.209187,0.030368,0.118527,0.181932,0.064560,0.098139,0.070728,0.128619,0.199848,0.054181,0.109026,-0.074659,0.161026,0.128969,0.221259,0.002886,0.030810,0.184469,0.151248,0.136655,0.068978,0.053992,0.180394,0.111940,0.139981,0.175259,0.067549,0.093537,0.072807,0.087401,0.313464,0.189634,0.213818,0.139799,0.110739,0.242936,-0.018973,-0.032375,0.072835,0.201013,0.087526,0.187101,0.129458,0.070229,0.173866,-0.027146,0.054637,0.197642,0.232006,0.017998,0.270005,0.161505,0.129438,0.095773,0.229830,0.047704,0.067051,-0.012783,0.055329,0.029813,0.086692,0.199667,0.084100,0.277038,-0.088935,0.102575,0.147515,0.005843,0.313999,#
