0,1.000000,0.121775,0.238809,0.139130,0.227663,0.103554,0.092566,0.018688,0.149945,0.201692,0.235470,0.059666,0.111803,-0.015054,0.225942,0.123881,0.122639,0.281516,0.254035,0.296736,0.271450,0.250144,0.144782,0.315636,0.232562,0.186379,0.195181,0.109998,0.289765,0.318923,0.030253,0.177864,0.174011,0.192432,-0.009198,0.155687,0.066994,0.185030,0.335506,0.224758,0.175646,0.133993,0.106934,0.207397,0.001745,0.159324,0.154620,0.248445,0.193678,0.257151,0.181129,-0.008326,0.159041,0.134133,0.205241,0.249293,0.211263,0.246126,0.114670,0.110197,0.249624,0.079164,0.136383,0.088699,0.048467,0.126469,0.090878,0.167338,0.211915,0.125122,0.295062,0.164267,0.337401,0.250924,0.116930,0.003887,0.237662,0.218444,0.062954,0.030940,0.124633,0.139790,0.151738,0.230427,0.271302,0.037729,0.220491,0.219282,0.328704,0.100805,0.164665,0.094035,0.060694,0.218948,0.290543,0.130208,0.309438,0.145447,0.178727,0.203646,0.219157,0.236438,0.122530,0.174843,0.139495,0.156344,0.255614,0.125114,0.080725,-0.022754,0.039955,0.168687,0.151913,0.220481,0.049416,0.069775,0.292596,0.188105,0.214845,0.114186,0.328490,0.193161,0.186769,0.187584,0.161486,0.290237,0.204890,0.042724,0.140060,0.162514,0.312392,0.213093,0.281516,0.210507,0.176518,0.016609,0.326719,0.027595,0.188799,0.301159,0.267110,0.143084,0.105653,0.100828,0.175291,0.202144,0.167109,0.141671,0.308927,0.152185,0.031662,0.056952,0.305984,0.102613,0.112910,0.167909,0.052419,0.081967,0.193656,0.224004,0.153341,0.292285,0.067730,0.029060,0.230333,0.066484,0.159473,0.207388,0.122343,0.123501,0.394650,-0.057784,0.233118,0.228383,0.035194,0.207419,0.313583,0.270100,0.195865,0.107591,0.189318,0.256153,0.010414,0.027242,0.185892,0.057369,0.330527,0.330891,0.264662,0.121867,0.120592,0.186243,0.131299,0.122188,0.307609,0.006318,0.070845,0.227114,0.398982,0.255147,#
1,0.121775,1.000000,0.148263,0.291396,0.252862,0.094036,0.263489,0.102665,0.250388,0.064477,0.361291,0.239111,0.202961,0.233950,0.136698,-0.017041,0.173928,0.212353,0.133642,0.193196,0.170377,0.260955,0.060504,0.171884,0.215236,0.218971,0.307465,0.290313,0.092824,0.237447,0.210319,0.266101,0.143469,0.241327,-0.042403,0.138537,0.132401,0.203628,0.335526,0.140918,0.027537,0.150410,0.242643,0.234628,0.186380,0.265758,0.385987,0.284790,0.064192,0.096076,0.216082,0.100010,0.337450,0.167495,0.100795,0.206118,0.250969,0.166453,0.237299,0.163964,0.193383,0.240673,0.197988,0.160815,0.083723,0.187651,-0.017212,0.182833,0.299891,0.204789,0.127333,0.102478,0.335086,0.062005,0.202223,0.128675,0.250237,0.212481,0.269866,0.073630,0.118530,0.365462,0.219222,0.253022,0.210000,-0.063890,0.251778,0.122027,0.309960,0.332632,0.193383,0.264809,0.122540,0.245139,0.127125,0.165196,0.124894,0.117283,0.119933,0.064918,0.246200,0.152505,0.157259,0.189926,0.161150,0.170265,0.327500,0.347037,0.055250,0.245652,0.290319,0.150757,0.085139,0.168841,0.276110,0.299562,0.281879,0.130132,0.198388,0.215150,0.104970,0.156842,0.247568,0.219604,0.187244,0.221852,0.130539,0.135440,0.069908,0.177308,0.179956,0.201785,0.149976,0.277736,0.352781,0.299849,0.178951,0.218343,0.211908,0.314117,0.238546,0.053621,0.225900,0.124969,0.245046,0.238952,0.139180,0.092019,0.247021,0.208757,0.035681,0.172520,0.083728,-0.043472,0.289569,0.212900,0.156304,0.132591,0.076424,0.022800,0.036300,0.325511,0.168908,0.188086,0.271066,0.126842,0.073363,0.137452,0.162075,0.347682,0.222352,0.202617,0.143591,0.145395,0.137659,0.126457,0.063177,0.322972,0.263385,0.080306,0.136769,0.181463,0.188443,0.024009,0.170866,0.155400,0.168963,0.236307,0.084443,0.221857,0.350790,0.176521,0.040153,0.227527,0.238178,0.258777,-0.011593,0.173151,0.111568,0.119704,#
2,0.238809,0.148263,1.000000,0.315143,0.159802,0.056619,0.239576,0.191094,0.003252,0.126591,0.147735,0.317176,0.170713,0.306909,0.085009,0.222756,0.195013,0.141893,0.229256,0.223803,0.306435,0.379440,0.086388,0.201045,0.295697,0.323087,0.254883,0.111806,0.087746,0.287236,0.073437,0.084325,0.058767,0.127799,-0.026482,0.180340,0.142564,0.093483,0.135153,0.137759,0.238896,0.275099,0.268696,0.119693,0.022645,0.253194,0.096831,0.277842,0.101202,0.217036,0.334176,0.294793,0.257575,0.116401,-0.043103,0.202215,0.094971,0.208785,0.122244,0.236285,0.047874,0.195538,0.225120,0.190476,0.255455,0.264153,0.104761,0.040121,0.280896,0.333800,0.073038,0.079657,0.155343,0.138458,0.271153,0.209612,0.229815,0.269745,0.144653,0.069949,0.289130,0.086606,0.093106,0.205268,0.209201,0.039286,0.340430,0.233300,0.157246,0.214735,0.081513,0.233055,0.198829,0.166961,0.187775,0.122269,0.246851,0.123699,0.291395,0.148773,0.292235,0.204289,0.137036,0.168119,0.132616,0.200535,0.228924,0.177923,0.124911,0.210156,0.173094,0.235247,0.226975,0.162981,0.174747,0.305002,0.210947,0.213133,0.010416,0.071612,0.199428,0.253620,0.174569,0.133307,0.225383,0.120669,0.301833,0.199478,0.127002,0.134228,0.152081,0.214817,0.205233,0.131722,0.314684,0.278523,0.226487,0.190217,0.035029,0.096807,0.030315,0.102979,0.224296,0.085413,0.279933,0.265760,0.073385,0.149604,0.305988,0.094636,0.075588,0.295315,0.226173,0.146523,0.086682,0.095371,0.057839,0.111339,0.135607,0.183116,0.237177,0.305182,0.172912,0.258131,0.208094,0.098320,0.166868,0.203565,0.017258,0.142694,0.073417,0.298436,0.070216,0.108264,0.178672,0.151891,0.360896,0.165469,0.148514,0.231942,0.298422,0.152320,-0.011406,0.299716,-0.048133,0.171824,0.140379,0.152563,0.246950,0.056734,0.123874,0.236144,0.357373,0.093999,0.183260,0.043852,0.060346,0.202346,0.263407,0.197291,#
3,0.139130,0.291396,0.315143,1.000000,0.308076,0.138207,0.347049,0.162345,0.184362,0.116233,0.278297,0.277797,0.182843,0.218106,0.174649,0.162753,0.207538,0.325197,0.219624,0.239168,0.325601,0.278731,0.135298,0.365278,0.294877,0.257289,0.240335,0.170575,0.285731,0.210512,0.264967,0.374328,0.337423,0.243620,-0.019752,0.224546,0.364965,0.419625,0.378949,0.107034,0.298548,0.363777,0.212933,0.464664,0.119459,0.326216,0.353488,0.326583,0.102188,0.309076,0.288970,0.179102,0.332762,0.068543,0.076312,0.369106,0.213921,0.257861,0.157131,0.294685,0.178274,0.140741,0.223606,0.218490,0.291000,0.327357,0.158417,0.284859,0.199288,0.262345,0.258769,0.111463,0.377096,0.178350,0.296696,0.429081,0.356377,0.268562,0.319884,0.074769,0.302836,0.338056,0.218442,0.275240,0.315756,0.195137,0.288025,0.157699,0.352105,0.298771,0.217218,0.264898,0.271053,0.371146,0.147709,0.249282,0.368599,0.178322,0.334638,0.256608,0.366756,0.197624,0.262661,0.291658,0.345760,0.271116,0.226236,0.191905,0.074798,0.250884,0.202553,0.227545,0.223251,0.217622,0.112276,0.213349,0.368412,0.123371,0.247756,0.214701,0.324136,0.194894,0.237970,0.404109,0.242949,0.168079,0.277711,0.163402,0.127519,0.286400,0.274440,0.324830,0.322011,0.320136,0.308135,0.181886,0.194850,0.180759,0.390113,0.239448,0.288438,0.291793,0.229677,0.209080,0.208153,0.151345,0.213332,0.328878,0.259773,0.281152,0.106161,0.240590,0.164520,0.197636,0.304878,0.144030,0.082978,0.224581,0.195834,0.310067,0.287888,0.274072,0.352424,0.344215,0.242185,0.223677,0.209132,0.232999,0.092449,0.212282,0.317809,0.202381,0.135071,0.057794,0.109773,0.243359,0.276987,0.296023,0.181187,0.152545,0.287284,0.374783,0.294843,0.198524,0.002873,0.206027,0.174371,0.226007,0.127273,0.220272,0.147071,0.352262,0.388076,0.119861,0.198988,0.285845,0.265016,0.302303,0.263886,0.199858,#
4,0.227663,0.252862,0.159802,0.308076,1.000000,0.094135,0.122181,0.032896,0.241801,-0.008616,0.113140,0.014092,0.271772,0.247063,0.139366,0.142453,0.099333,0.210434,0.221356,0.341744,0.282488,0.159813,0.158261,0.262305,0.134781,0.358009,0.049359,0.078978,0.169574,0.011338,-0.011802,0.147953,0.190221,0.070491,-0.005544,0.161428,0.267019,0.210072,0.070111,0.080551,0.271144,0.376265,0.110401,0.152412,0.339918,0.086244,0.341912,0.245532,0.195321,0.277475,0.075268,0.046533,0.172252,0.137219,0.197270,0.284930,0.214208,0.191459,0.271029,0.140872,0.248604,0.211825,0.001068,0.032324,0.081858,0.047018,0.241327,0.090040,0.180989,0.103462,0.165068,0.140953,0.278121,0.179504,0.112164,-0.009707,0.158972,0.262573,0.248949,-0.061150,0.295832,0.227564,0.029834,0.068718,0.321578,0.118722,0.185562,0.192377,0.344687,0.344607,0.162744,0.140063,0.004343,0.241465,0.054706,0.219032,0.179634,0.249421,0.212410,0.073992,0.208446,0.014972,0.210658,0.236742,0.193068,0.100473,0.022947,0.211696,-0.017500,0.162238,0.363391,0.106705,0.269574,0.408038,0.208556,0.065287,0.222508,-0.057035,0.115337,-0.059338,0.242862,0.146362,0.253978,0.062958,0.295284,0.135767,0.275166,0.083973,0.118724,0.057803,0.158727,0.088606,0.179081,0.167997,0.247192,0.178059,0.249762,-0.068096,0.159619,0.248174,0.311959,-0.021638,0.152928,0.130686,0.154693,0.331244,0.103160,0.126358,0.235742,0.134910,0.104261,0.059932,0.137833,0.253043,0.137210,0.084383,0.275403,0.098283,0.099956,0.208415,0.123969,0.134049,0.052872,0.228582,0.094368,0.315105,0.057113,0.068097,0.019385,0.139534,0.177821,0.110227,0.165268,0.166149,0.191015,0.131675,0.245696,0.178239,0.168701,0.048739,0.029739,0.065484,0.208896,0.149355,0.068576,0.063968,0.113457,0.342070,0.132085,0.141765,0.164513,0.172901,0.198062,0.096882,0.059097,0.232523,0.151439,0.335465,0.213121,0.211557,#
5,0.103554,0.094036,0.056619,0.138207,0.094135,1.000000,0.109905,-0.004442,0.087055,0.228805,0.122460,0.033039,0.202567,0.025752,0.182458,0.043881,0.126912,0.155497,0.097411,-0.038712,0.254158,0.126495,0.099020,0.261132,0.177847,0.139426,0.137086,0.114628,0.153211,0.136350,0.001317,0.231180,0.213763,0.154149,-0.044649,-0.026358,0.227375,0.010428,0.120474,0.196985,0.097705,0.259020,-0.017841,0.268671,-0.027091,0.136991,0.014419,0.019527,0.103291,0.256526,0.088414,0.119517,0.096112,-0.145300,0.062285,0.091833,-0.065860,0.144304,0.250347,-0.009414,0.098698,0.100181,0.088510,-0.022849,0.130524,0.134091,0.148604,0.019734,0.106424,0.054389,0.180718,0.138833,0.177433,0.262314,0.119047,0.076325,0.187643,0.064549,0.044704,0.081489,0.017641,0.175225,0.225240,-0.035776,0.024722,0.047477,-0.012721,0.081074,0.208217,0.101909,0.003291,0.210665,0.004221,0.167793,0.082775,0.043870,0.035022,-0.006858,0.178038,-0.097906,0.156736,0.220605,0.053954,0.089906,0.070542,0.052200,0.058482,0.154063,0.050606,0.014294,0.232857,0.024676,0.167998,0.076297,0.065398,0.031918,0.200582,0.208014,0.078510,0.068531,0.035761,0.080661,0.041586,0.100386,0.053302,0.060167,-0.083941,-0.032712,0.340540,0.207770,0.130568,0.166977,0.184740,0.119523,0.295527,0.181263,0.052127,-0.014119,0.033595,0.031994,0.176057,0.086887,0.073915,0.130894,-0.009922,0.041772,0.071264,0.089632,-0.116034,0.127557,0.109005,-0.068090,0.136190,0.227546,0.097953,0.121504,0.151468,-0.014989,0.271548,0.020012,0.098471,0.162105,0.091540,0.007315,0.053800,-0.075757,0.013364,0.101873,0.194411,0.216807,0.153941,0.124819,0.129877,0.074951,-0.092511,0.137869,0.202324,0.160746,0.217868,-0.033863,0.107983,0.090644,0.210328,0.060650,0.093284,0.168492,0.169040,0.086877,0.058868,0.134598,0.080114,0.053851,0.168082,0.110747,0.289473,0.037728,-0.027755,0.283712,0.053372,0.190718,#
6,0.092566,0.263489,0.239576,0.347049,0.122181,0.109905,1.000000,0.089744,0.153324,0.029439,0.226657,0.127124,-0.010937,0.233676,0.113195,0.096567,0.210064,0.199591,0.208310,0.189314,0.175060,0.134837,-0.040623,0.025157,0.018377,0.157829,0.141861,0.039208,0.173599,0.153750,0.015716,0.245939,0.132031,0.202813,-0.124305,0.005309,0.054217,0.217740,0.187406,0.185810,0.091490,0.047386,0.006045,0.159082,0.027304,0.176079,0.273308,0.311631,0.102126,0.233652,0.112757,0.117757,0.280392,0.205964,-0.082702,0.186012,0.119920,0.203245,0.232690,0.302184,0.161724,0.217790,0.048377,0.195059,0.088388,0.363444,0.200304,0.210406,0.268489,0.154270,0.084019,0.138321,0.231915,0.045709,0.230455,0.205385,0.127963,0.286586,0.237553,0.037077,0.120913,0.242658,0.286085,0.149723,0.305920,0.135277,0.080940,0.189433,0.195063,0.245674,0.185808,0.086643,0.040890,0.197739,0.124223,0.167959,0.146297,0.088731,0.246148,0.200109,0.286649,0.284237,0.131902,0.091150,-0.095587,0.235442,0.125306,0.189570,0.086578,0.175657,0.141960,0.206393,0.166865,0.029390,0.112171,0.222265,0.281686,0.064650,0.232886,0.151587,0.140887,0.257999,0.011203,0.105588,0.214092,0.053652,-0.010014,0.230939,0.064811,0.286041,0.157427,0.067558,0.220861,0.051916,0.333173,0.208831,0.140146,0.251480,0.144206,0.114690,0.133137,-0.029866,0.079883,0.290199,0.044587,0.164736,0.137396,0.033836,0.209309,-0.049330,0.208051,0.010166,0.190922,0.049486,0.276704,0.081966,-0.030988,0.211335,0.202781,0.090109,0.080838,0.245558,0.242553,0.245254,0.282346,0.136626,0.068229,0.180775,0.118971,0.213330,0.003018,0.042917,0.123358,0.049563,0.106459,0.189801,0.142541,0.277238,0.299156,-0.053376,0.019236,0.126199,0.180127,0.324049,0.198294,0.197870,0.171778,0.211151,0.163596,0.286026,0.114228,0.123541,0.185913,0.184838,0.053080,0.105558,0.124164,0.169154,0.080545,0.226180,#
7,0.018688,0.102665,0.191094,0.162345,0.032896,-0.004442,0.089744,1.000000,0.105018,0.224264,0.222443,0.353088,0.049853,0.204944,0.216335,0.161886,0.128392,0.344860,0.168244,0.200080,0.266973,0.259269,0.127209,0.081190,0.255337,0.088641,0.288039,0.332995,0.117636,0.163489,0.181554,0.160625,0.195409,0.126469,0.034575,0.180773,-0.016132,0.100978,0.156629,0.135881,0.176696,0.240144,0.192984,0.152093,0.127155,0.264268,0.089370,0.262523,0.268803,0.158803,0.149007,0.087369,0.181452,0.185253,0.060184,0.112413,0.234440,0.226124,0.139349,0.144441,0.182765,0.063301,0.231223,0.245866,0.302235,0.202856,0.195289,0.088564,0.153832,0.276692,0.156271,0.036755,0.347844,0.178690,0.094340,0.254377,0.166864,0.260810,0.187859,0.324887,0.160124,0.112654,0.292000,0.193016,0.225590,0.083571,0.179579,-0.007385,0.270461,0.273864,0.137516,0.175841,0.220688,0.205509,0.060780,0.060004,0.136580,0.205972,0.060377,0.022839,0.241613,0.091605,0.217933,0.129102,-0.006922,0.261798,0.397801,0.086438,0.095249,0.199151,0.037892,0.073288,0.067269,0.199711,0.272726,0.266628,0.071088,0.059016,0.179000,0.275512,0.233343,0.215731,0.085343,0.188271,0.249156,0.146354,0.124043,0.230990,0.066958,0.101938,0.083936,0.218565,0.212591,0.150202,0.376087,0.169451,0.065055,0.449443,0.132881,0.292706,0.345755,0.111489,-0.018216,0.079859,0.160600,0.076544,0.248163,0.192780,0.094821,0.167362,0.135709,0.268490,0.077937,-0.012321,0.083156,0.243024,0.231167,0.186446,0.230522,0.234724,0.112705,0.209385,0.161587,0.119724,0.109016,0.212345,0.331596,0.189875,0.168694,0.174682,0.111557,0.122361,0.127642,0.120118,0.147338,0.096624,0.114791,0.104190,0.096305,0.176754,0.161609,0.185423,0.159917,0.195839,-0.171183,0.162549,0.114079,0.088342,0.141797,0.260346,0.217148,0.130242,0.298281,0.153476,0.124346,0.205132,0.047837,0.120621,0.242785,0.097005,#
8,0.149945,0.250388,0.003252,0.184362,0.241801,0.087055,0.153324,0.105018,1.000000,0.064085,0.259929,0.148356,0.154393,0.148212,0.235006,0.051325,-0.002462,0.051278,0.099258,0.144657,0.187981,0.127638,-0.058485,0.205710,0.075322,0.143716,0.074509,0.201458,-0.007976,0.082840,-0.066990,0.219891,0.094493,0.095167,-0.003152,0.154422,0.229090,0.058220,0.111195,0.172058,0.095893,0.097441,-0.024051,0.126076,0.290010,0.162953,0.100206,0.140020,0.037804,0.078197,0.000634,0.191431,0.118582,0.324825,0.123827,0.174798,0.054732,0.224760,0.115642,0.211175,0.212941,0.006636,0.187302,-0.002994,0.165232,0.220011,0.144923,0.099991,0.322764,0.111029,0.002434,0.089750,0.280747,0.028119,0.066969,0.016198,0.091909,0.097017,0.110743,-0.055458,0.119759,0.251215,0.175341,0.044359,0.249556,0.089596,0.113566,0.140150,0.247786,0.253285,0.077111,0.232083,0.106370,0.063490,0.304084,0.321087,0.149080,0.133184,0.163011,-0.023562,0.182181,-0.013479,0.119232,0.112707,0.205142,0.109110,0.216555,0.046823,-0.069830,0.206677,0.034330,0.085805,-0.088977,0.191303,0.052679,0.236671,0.197083,0.070040,0.043013,0.221313,0.257248,0.031165,0.088703,0.082723,0.192219,0.269641,0.075252,0.267459,0.041878,0.112201,0.142742,-0.013776,0.110299,0.136890,0.275338,0.144273,0.134753,0.161750,0.318215,0.195677,0.261392,0.085731,0.101077,0.016664,0.002902,0.049157,0.115990,0.187603,0.028432,0.169083,0.196530,-0.003713,0.116192,0.127282,0.257386,0.234188,0.128563,0.147968,0.125401,0.245546,-0.031157,0.187613,-0.031109,0.155830,0.131356,0.090249,0.193787,0.102885,0.095144,0.107517,0.201952,-0.023610,0.008204,0.107530,0.016106,0.113645,0.038118,0.254175,0.245115,0.071521,0.088079,0.123531,-0.035800,0.178693,0.118420,0.097683,-0.086185,0.029403,0.207716,0.208492,0.121913,0.105765,0.158314,0.056613,0.147896,0.063952,0.108253,-0.091484,0.037953,0.076716,#
9,0.201692,0.064477,0.126591,0.116233,-0.008616,0.228805,0.029439,0.224264,0.064085,1.000000,0.246432,0.083530,0.032888,0.141414,0.156926,0.125127,0.076915,0.037648,-0.030345,0.223154,0.131459,0.082723,0.078222,0.037838,0.042651,0.114242,0.296875,0.133140,0.150312,0.024207,0.243555,0.245156,0.061360,0.149308,0.156657,0.110394,0.017015,0.186516,0.068534,0.053774,0.200792,0.277812,0.038403,-0.043270,0.048041,0.219602,0.056629,0.149348,0.031522,0.039278,0.101302,0.228924,0.164169,0.065140,0.094936,0.094197,0.177397,0.204846,0.113209,0.004187,0.159797,0.055882,0.242823,0.090825,0.213087,0.151745,-0.044535,-0.023871,0.150798,-0.030703,0.167783,0.125887,0.199545,0.136819,0.199663,0.197549,0.172067,0.133730,0.309129,0.122854,-0.030861,0.277482,-0.002349,0.121740,0.163601,0.225362,0.242436,0.079874,-0.001627,0.041261,-0.042034,0.197898,0.093480,0.045234,0.123406,0.082308,0.231699,0.096563,0.089064,-0.019575,0.140047,0.248068,0.258379,0.120591,0.201569,0.151293,0.114069,0.047678,0.119942,0.091356,0.043928,0.076523,0.084674,0.219470,0.065207,0.205086,0.177483,0.210432,0.292923,-0.014635,0.257551,0.167237,0.073509,0.241008,0.103258,0.241635,-0.080020,0.141875,0.108927,0.137818,0.147761,0.088848,0.019931,0.150292,0.173585,0.123857,0.175942,0.257117,0.170657,0.040107,0.095823,0.264482,0.060154,-0.014902,0.014864,0.012045,0.152330,0.142433,0.091498,0.342030,0.055496,-0.048012,0.321993,0.175083,0.090772,0.247444,0.186612,0.157167,0.367659,0.085808,0.131251,0.092982,-0.048643,0.232457,0.090742,0.048064,0.112169,0.177852,0.360450,0.079171,0.078466,0.140931,0.180434,0.104886,-0.078237,0.115749,0.248459,0.004043,0.065042,0.119997,0.031831,0.140644,0.229711,0.121892,0.029060,0.185925,0.139623,0.248985,0.191288,0.141604,0.138330,0.195636,0.062279,0.166117,0.139016,0.115261,0.091587,0.030146,0.190268,0.205230,#
10,0.235470,0.361291,0.147735,0.278297,0.113140,0.122460,0.226657,0.222443,0.259929,0.246432,1.000000,0.083994,0.041019,0.246072,0.223008,0.033337,0.133892,0.209674,0.301466,0.234362,0.074256,0.197887,-0.080975,0.132446,0.145868,0.098501,0.204076,0.249438,0.136397,0.211882,0.221113,0.266228,0.223749,0.102903,0.068711,0.157559,0.051163,0.227061,0.330179,0.156906,0.098687,0.136069,0.158737,0.112354,-0.084520,0.140101,0.160784,0.256573,0.226174,0.152887,0.141077,0.208254,0.111028,0.139224,0.062597,0.217158,0.080186,0.216256,0.182635,0.231561,0.064600,0.177694,0.157137,0.262216,0.273365,0.308313,0.121631,0.041250,0.200651,0.144105,0.174805,0.116963,0.312174,0.221195,0.126469,0.216524,0.285190,0.048414,0.191171,0.051058,0.044039,0.211591,0.278759,0.179693,0.228389,0.006176,0.309130,0.090435,0.208084,0.268247,-0.000844,0.073355,0.146927,0.076609,0.204564,0.232490,0.230869,0.016670,0.218615,0.103847,0.159661,0.131325,0.222017,0.097611,0.221152,0.087353,0.182220,0.201762,0.093389,0.172481,0.024977,0.221561,0.095327,0.111681,0.369173,0.316334,0.192915,0.038229,0.210783,0.018902,0.099159,0.132392,0.124365,0.175229,0.189422,0.157410,0.033516,0.182325,0.109289,0.248409,0.333286,0.112368,0.176598,0.121625,0.229688,0.272678,0.163940,0.305444,0.123978,0.205280,0.292954,0.084270,0.194288,0.114127,0.053229,0.148057,0.023239,0.081242,0.133666,0.191583,0.061720,0.169079,0.273228,0.029842,0.241624,0.215355,0.234484,0.012261,0.286253,0.198343,0.130746,0.200962,0.242840,0.173910,0.173171,0.122472,0.207486,0.195757,0.171575,0.163142,0.218113,0.101244,0.080303,0.149214,0.074884,0.033364,0.145819,0.176472,0.195608,0.229518,0.234679,0.137047,0.243432,0.082405,0.117300,0.170502,0.072007,0.121931,0.168180,0.157043,0.253699,0.183173,0.139581,0.162955,0.248804,0.164529,0.042894,0.246134,0.302468,0.319510,#
11,0.059666,0.239111,0.317176,0.277797,0.014092,0.033039,0.127124,0.353088,0.148356,0.083530,0.083994,1.000000,0.193944,0.095496,-0.030722,0.129344,0.144352,0.241760,0.161095,-0.006887,0.108817,0.226857,-0.016501,0.154103,0.285969,0.211149,0.059207,0.292331,-0.124975,0.229074,0.211467,0.218347,0.118284,0.240767,-0.035385,0.184665,0.161220,0.076233,0.144732,0.086192,0.176738,0.265695,0.250062,0.373469,-0.004752,0.309629,0.103299,0.153116,0.148738,0.030873,0.287485,0.112067,0.258853,0.241088,-0.131210,0.112306,0.277260,0.174622,0.172587,0.071140,0.028503,0.118300,0.257506,0.189740,0.228120,0.303061,0.144915,0.206980,0.135794,0.208432,0.003507,-0.030815,0.292575,0.047788,0.117913,0.210043,0.154480,0.144478,0.196918,0.177612,0.242875,0.005517,0.128257,0.232282,0.242252,-0.024806,0.227875,0.271889,0.266872,0.118088,0.175461,0.203441,0.298486,0.405597,0.075285,0.139336,0.082051,0.123225,0.172615,0.210357,0.271775,0.102284,0.138975,0.121385,0.132905,0.282732,0.335218,0.181777,0.173587,0.124643,0.215442,0.129774,0.157379,0.164226,-0.088029,0.375992,0.179313,0.083971,0.129449,0.171816,0.174938,0.224298,0.303071,0.168751,0.242110,0.121347,0.195149,0.321718,0.159614,0.166988,0.085286,0.268678,0.222655,0.280717,0.177678,0.056987,-0.042366,0.311394,0.016418,0.266205,0.103798,0.106904,0.123012,0.101243,0.097096,0.048573,0.146427,0.108852,0.198912,0.105874,-0.004022,0.283522,0.129662,0.087156,0.199781,0.103740,0.062167,0.051786,0.186059,0.294257,0.144448,0.258063,0.023871,0.139384,0.196356,0.069387,0.379838,0.170871,0.279891,0.199351,0.216975,0.050006,0.080315,0.021138,0.103138,0.255474,0.348123,0.142027,0.098070,0.063334,0.193625,0.167063,0.073613,0.079412,-0.173254,0.262983,0.147114,0.124380,0.066264,0.128439,0.132004,0.059163,0.326127,-0.043255,0.249299,0.129269,0.080686,0.132240,0.147688,0.143263,#
12,0.111803,0.202961,0.170713,0.182843,0.271772,0.202567,-0.010937,0.049853,0.154393,0.032888,0.041019,0.193944,1.000000,0.065389,0.180328,0.065244,0.217485,0.061224,0.230329,0.322826,0.259449,0.088420,0.150337,0.212120,0.126621,0.194882,0.150922,0.159512,0.158639,0.273057,-0.071487,0.275393,0.233344,0.173545,0.120385,0.244502,0.269728,0.018422,0.204374,0.152702,0.352282,0.196229,0.189040,0.222671,0.228765,0.308262,0.126590,0.051144,0.172866,0.116115,0.280612,0.170287,0.155633,0.135543,0.069374,0.151241,0.084260,0.170588,0.227331,0.083228,0.181186,0.102858,0.148694,0.144487,0.307353,0.154033,0.141961,0.108197,0.243176,0.027007,-0.002631,0.151117,0.137887,0.056028,0.222686,0.170331,0.245823,0.129195,0.096319,0.029789,0.080273,0.151800,0.143858,0.140572,0.260379,0.214912,0.137778,0.200574,0.257984,0.231272,0.151870,0.298970,0.059219,0.311448,0.171170,0.053965,0.291993,0.146223,0.151814,-0.034210,0.274059,0.210101,0.162472,0.077789,0.311716,0.195559,0.207794,0.089229,0.075737,0.192584,0.263375,-0.003735,0.120789,0.246802,0.090627,0.159116,0.170895,0.209302,0.218088,0.176243,0.204204,0.208606,0.307575,0.185870,0.099086,0.113932,0.226501,0.172711,0.143115,0.089348,0.151965,0.138917,0.135164,0.080329,0.119333,0.115860,0.129130,0.131942,0.076968,0.229065,0.272329,0.004441,0.027076,0.168543,-0.040596,0.176847,0.124813,0.095831,0.127428,0.086722,0.041875,0.327685,0.014092,0.089891,0.093487,0.077443,0.136197,-0.039005,0.114974,0.138622,0.030589,0.330740,0.104268,0.240553,0.094154,0.006205,0.242326,-0.015037,0.145569,0.264247,0.102296,0.134604,0.124352,0.100147,0.116620,0.062405,0.192218,0.258823,0.054837,0.238749,0.136518,0.129673,0.255024,0.193999,0.125174,0.176976,0.089599,0.271169,0.081644,0.066856,0.258668,0.201713,0.205553,0.127415,0.085857,0.140440,0.128266,0.228713,0.242415,0.106392,#
13,-0.015054,0.233950,0.306909,0.218106,0.247063,0.025752,0.233676,0.204944,0.148212,0.141414,0.246072,0.095496,0.065389,1.000000,0.258197,0.157447,0.192574,0.062217,0.156150,0.304398,0.141015,0.211610,-0.042392,0.150360,0.205090,0.256901,0.328617,0.213095,0.133847,0.170747,0.218587,0.267225,0.207099,0.211829,0.077241,0.104055,0.063107,0.202112,0.056694,0.074810,0.062696,0.209377,0.223246,0.198578,0.093325,0.201411,0.208340,0.229464,0.167808,0.208692,0.084959,0.162450,0.306280,0.210371,0.117094,0.348743,0.090230,0.192147,0.189344,0.271606,0.257976,0.103336,0.332591,0.089208,0.155705,0.213144,0.432428,0.130595,0.367291,0.202797,-0.069694,0.062059,0.249152,0.121091,0.277252,0.138101,0.322380,0.281581,0.273796,0.112432,0.189939,0.336506,0.091097,0.396526,0.360797,0.054525,0.282202,0.301238,0.228588,0.328460,0.135359,0.214917,0.224298,0.262377,0.051315,0.210497,0.210536,0.109058,0.165730,0.155879,0.323651,0.202515,0.239632,0.297854,0.176092,0.274809,0.241821,0.217652,0.284131,0.176540,0.109118,0.106644,0.269200,0.220753,0.223688,0.217803,0.290992,0.181815,0.098673,0.057696,0.316629,0.278030,0.135010,0.317412,0.300301,0.118622,0.136254,0.093991,0.276489,0.238456,0.165450,0.102498,0.060070,0.139980,0.330815,0.311009,0.227287,0.213819,0.374051,0.202074,0.125331,0.101678,0.320748,0.155237,0.255174,0.378983,0.190064,0.313994,0.059035,0.286769,0.091912,0.181619,0.182343,0.249027,0.309639,0.236102,0.052486,0.329244,0.239198,0.251994,0.105584,0.289337,0.120862,0.352609,0.211156,0.177084,0.131771,0.103745,0.170137,0.271368,0.170182,0.323126,0.100029,0.112411,0.153051,0.245545,0.140968,0.143263,0.255320,-0.051058,0.191862,0.175587,0.236484,0.312395,0.011312,0.225224,0.180469,0.198136,0.149486,0.203741,0.125204,0.288148,0.236621,0.072838,0.076944,0.222001,0.120158,0.229364,0.251088,0.149729,#
14,0.225942,0.136698,0.085009,0.174649,0.139366,0.182458,0.113195,0.216335,0.235006,0.156926,0.223008,-0.030722,0.180328,0.258197,1.000000,0.251045,0.122754,0.224690,0.162714,0.353538,0.189525,0.143476,0.193514,0.333841,0.208156,0.111275,0.259100,0.205645,0.195306,0.252683,0.057309,0.195061,0.107635,0.035044,0.058945,0.117577,0.163141,0.285771,0.177182,0.213799,0.269952,0.157633,0.209149,0.081899,0.187109,0.339442,0.158955,0.166094,0.170199,0.135375,0.307821,0.074830,0.208503,0.193806,0.330625,0.269581,0.190895,0.179341,0.134798,0.133707,0.278604,0.197157,0.123432,0.115859,0.221799,0.149976,0.222673,0.185969,0.248765,0.167739,0.105967,0.188240,0.160756,0.328064,0.103107,0.129172,0.199178,0.196981,0.117654,0.215912,0.198610,0.176907,0.237149,0.261369,0.293963,0.213145,0.036207,0.083464,0.238995,0.255820,0.240708,0.199401,0.222375,0.219736,0.247305,-0.074616,0.178402,0.143055,0.128552,0.071020,0.222619,0.243142,0.168032,0.207340,0.183135,0.259995,0.330822,0.348420,0.113593,0.201764,-0.022751,-0.021909,0.155484,0.121866,0.178614,0.210662,0.139416,0.263119,0.250678,0.189381,0.403036,0.255134,0.046360,0.145994,0.218199,0.102823,0.187807,0.112583,-0.022249,0.289993,0.107556,0.202904,0.226464,-0.008346,0.106265,0.093021,0.148880,0.107830,0.088039,0.142136,0.365970,0.264129,0.191539,0.055532,0.056619,0.253996,0.149197,0.155592,0.001206,0.119419,0.162653,0.045476,0.043889,0.219201,0.157049,0.121217,0.195284,0.176860,0.159529,0.030037,0.065295,0.210925,0.109071,0.078118,0.232221,-0.031638,0.186225,0.176776,0.029568,0.223598,0.359626,0.306174,0.157152,0.145141,0.121885,0.050330,0.334130,0.324153,0.296373,0.246750,0.114302,0.250958,0.152918,0.215434,0.179525,0.162401,0.102714,0.052056,0.129986,0.275744,0.111980,0.245462,0.203551,0.323802,0.158881,0.007720,-0.014272,0.212913,0.224779,0.170634,#
15,0.123881,-0.017041,0.222756,0.162753,0.142453,0.043881,0.096567,0.161886,0.051325,0.125127,0.033337,0.129344,0.065244,0.157447,0.251045,1.000000,0.269034,0.217100,0.199633,0.161626,0.154704,0.094672,0.086809,0.239857,0.124098,0.370643,0.227911,0.146418,0.213566,0.115786,0.079621,0.266370,0.083183,0.285733,0.039440,0.010465,0.142413,0.157630,0.178376,0.040813,0.254706,0.203625,0.124769,0.137526,0.226232,0.203825,-0.012512,0.132996,0.013074,0.141890,0.060351,0.197536,0.256436,0.090390,0.105027,0.115281,0.019454,0.195206,0.175354,0.242307,0.132076,0.008690,0.233205,0.038626,0.109560,0.179497,0.172016,0.219439,0.165768,0.044458,0.173349,0.227038,0.175161,0.152148,0.163214,0.249702,0.042119,0.345317,0.098440,0.154301,0.232155,0.140150,0.084021,0.314095,0.159530,0.037345,0.135406,0.134862,0.279263,0.223830,0.038663,0.124649,0.188007,0.313889,0.108751,0.005548,0.224335,0.048750,0.167380,-0.025587,0.198895,0.103531,0.198468,0.129022,-0.092741,0.182975,0.177061,0.135128,0.085481,0.326943,-0.014331,0.224583,0.087441,0.070903,0.184777,0.308473,0.198122,0.056403,0.150541,0.089352,0.321155,0.259005,0.119514,0.352884,0.206909,0.000995,0.142655,0.084314,0.144895,0.032168,0.112133,0.314362,0.173130,0.166688,0.194291,0.254672,0.091625,0.064880,0.136002,-0.005921,-0.005333,0.174352,0.145505,0.028590,0.201616,0.094582,0.144771,0.174184,0.277891,0.190468,0.150888,-0.052230,0.187658,0.387883,-0.078246,0.344211,0.062165,0.158587,0.193062,0.105864,0.034661,0.134689,0.175217,0.176166,0.135496,0.141662,0.249385,0.160856,0.112209,0.073362,0.002433,0.058605,0.158200,-0.040647,0.181249,-0.031616,0.247169,0.103228,-0.002113,0.179395,0.189672,0.199647,0.059078,0.265506,0.049607,0.136414,-0.036878,0.179847,0.067579,0.141101,-0.076894,0.183299,0.175773,0.204398,0.077874,0.075473,0.089454,0.154828,0.105567,-0.006662,#
16,0.122639,0.173928,0.195013,0.207538,0.099333,0.126912,0.210064,0.128392,-0.002462,0.076915,0.133892,0.144352,0.217485,0.192574,0.122754,0.269034,1.000000,0.201499,0.156338,0.223368,0.299867,0.235701,0.291928,0.174162,0.046204,0.361485,0.202244,0.038448,0.134382,0.174570,0.154430,0.376063,-0.007391,0.314446,-0.011945,0.182114,0.148195,0.095428,0.171135,0.129579,0.096198,0.228407,0.122190,0.168265,0.192054,0.368419,0.119147,0.168752,0.184007,0.029220,0.090251,0.217943,0.338831,0.018540,0.121861,0.090810,0.003857,0.165619,0.204819,0.090910,0.105344,0.264857,0.272311,0.203974,0.256354,0.191251,0.215349,0.353117,0.078347,0.207176,0.082795,0.248130,0.355546,0.026083,0.190394,0.375869,0.170010,0.328931,0.226551,0.137580,0.064180,0.186193,0.102791,0.134715,0.134547,0.151719,0.300182,0.198032,0.233375,0.127055,0.199880,0.185002,0.033435,0.156397,0.088729,-0.020321,0.269259,-0.002526,0.168558,0.190332,0.201345,0.138471,0.001022,0.161840,0.166266,0.129722,0.179147,0.033387,-0.052656,0.241016,0.201383,0.202210,0.169783,0.155475,0.212706,0.382383,0.191692,0.142920,0.054492,0.187222,0.200713,0.120703,0.262689,0.235190,0.229362,-0.022625,0.126855,-0.000362,0.076858,0.213872,0.059043,0.238293,0.417254,-0.049657,0.320366,0.253934,0.027141,0.212493,0.192833,0.274590,0.027029,0.135530,0.053320,0.201453,0.238264,0.142318,0.007212,0.164353,0.222342,0.082725,0.040105,0.150237,0.150498,0.115660,0.183005,0.205140,0.031447,0.092935,0.187683,0.191450,0.040417,0.311765,0.221858,0.264784,0.158253,0.108016,0.306277,0.171471,0.072709,0.066776,0.008605,0.073213,0.090054,-0.008151,0.155064,0.235367,0.139703,0.101352,0.168301,0.063612,0.165047,0.174565,0.226375,-0.001471,-0.016153,0.175806,0.254698,0.194863,0.134497,0.198109,0.204121,-0.045543,0.037730,0.129431,0.238932,0.182273,0.004577,0.262733,0.090116,0.073712,#
17,0.281516,0.212353,0.141893,0.325197,0.210434,0.155497,0.199591,0.344860,0.051278,0.037648,0.209674,0.241760,0.061224,0.062217,0.224690,0.217100,0.201499,1.000000,0.164804,0.337197,0.390328,0.196817,0.180789,0.352096,0.248111,0.215972,0.162926,0.125389,0.212225,0.218894,0.134146,0.292840,0.379092,0.137635,-0.023240,0.184471,0.046384,0.361390,0.309696,0.021004,0.226798,0.215104,0.078103,0.327280,0.110783,0.234798,0.226107,0.181851,0.283181,0.221974,0.210871,0.068783,0.113837,0.072851,0.149571,0.251955,0.281680,0.349347,0.252728,0.282496,0.190997,0.195896,0.144443,0.171909,0.186064,0.297970,0.271299,0.272810,0.222849,0.311067,0.230963,0.188010,0.349066,0.175916,0.203172,0.330438,0.202843,0.305993,0.108803,0.285226,0.139165,0.231254,0.502887,0.218813,0.214336,0.020774,0.218566,0.189963,0.393810,0.272884,0.185694,0.148832,0.196811,0.272606,0.068019,0.116589,0.225748,0.394622,0.312661,0.166291,0.188527,0.101773,0.144020,0.230945,0.085742,0.308299,0.236418,0.292300,0.000249,0.043457,0.204443,0.191669,0.199198,0.315562,0.131730,0.287045,0.236649,0.146757,0.171505,0.246468,0.169052,0.234972,0.147756,0.289190,0.455280,0.097716,0.263799,0.180164,0.055804,0.116303,0.082756,0.306101,0.354215,0.295565,0.234595,0.276338,0.277355,0.205462,0.211707,0.301098,0.247856,0.159218,0.071298,0.108848,0.249517,0.194592,0.007008,0.138473,0.122353,0.093758,0.151612,0.011061,0.135647,0.237372,0.166389,0.250938,0.136380,0.183751,0.372234,0.270914,0.253628,0.301742,0.243834,0.068190,0.242621,0.212815,0.238319,0.302243,0.077725,0.169226,0.379048,0.140803,0.098637,0.188272,0.229492,0.040714,0.264366,0.196971,0.039629,0.301588,0.104460,0.361003,0.189075,0.113022,0.010586,0.136816,0.161683,0.213629,0.278260,0.248364,0.172413,0.295434,0.243578,0.158128,0.354039,0.172887,0.201523,0.169131,0.182606,0.175026,#
18,0.254035,0.133642,0.229256,0.219624,0.221356,0.097411,0.208310,0.168244,0.099258,-0.030345,0.301466,0.161095,0.230329,0.156150,0.162714,0.199633,0.156338,0.164804,1.000000,0.198725,0.275932,0.212156,-0.031595,0.348907,0.287731,0.214893,0.224882,0.281893,0.151757,0.151531,0.119984,0.131094,0.222142,0.061298,0.132772,0.273482,0.241646,0.151045,0.215578,0.274760,0.176207,0.304492,0.139683,0.208248,0.111785,0.195970,0.111970,0.219434,0.126749,0.208392,0.231986,0.073364,0.289717,0.194084,0.090847,0.118861,0.141741,0.212931,0.174873,0.062676,0.103010,0.090791,0.179398,0.189308,0.076621,0.295412,0.259878,0.304857,0.212277,0.036790,0.005134,0.135986,0.217241,0.160654,0.049176,0.177780,0.150218,0.261519,0.258433,0.162003,0.189007,0.070361,0.266944,0.253438,0.208056,-0.071579,0.319144,0.043911,0.280180,0.220271,0.230705,0.154343,0.164616,0.316963,0.215184,0.172347,0.365173,0.185560,0.184436,0.208098,0.180352,0.224019,0.283101,0.140199,0.192015,0.270288,0.164622,0.195521,0.146025,0.325455,0.228028,0.375084,0.149932,0.129195,0.191001,0.188347,0.180065,0.109325,0.283643,0.208731,0.119237,0.199356,0.169260,0.133208,0.228332,0.079980,0.172501,0.142847,0.294760,0.170824,0.225658,0.289594,0.175588,0.144751,0.299028,-0.021655,0.178709,0.280739,0.128783,0.303629,0.305554,0.017677,0.083019,0.080456,0.218695,0.178480,0.012833,0.080407,0.142045,0.135023,0.061184,0.225669,0.205315,0.108471,0.155302,0.341182,0.239500,0.198585,0.064495,0.336698,0.144164,0.212753,0.163603,0.195082,0.196166,0.147668,0.305523,0.224274,0.126068,0.214327,0.006324,0.109651,0.204380,0.038770,0.060486,0.139447,0.199818,0.302407,0.325090,0.213398,0.150359,0.249747,0.239435,0.096228,0.193044,0.125572,0.214406,0.336132,0.193951,0.180872,0.159865,0.339401,0.294675,0.172170,0.169766,0.080453,0.121559,0.336381,0.347183,0.197414,#
19,0.296736,0.193196,0.223803,0.239168,0.341744,-0.038712,0.189314,0.200080,0.144657,0.223154,0.234362,-0.006887,0.322826,0.304398,0.353538,0.161626,0.223368,0.337197,0.198725,1.000000,0.218603,0.269235,0.150453,0.247446,0.092379,0.358449,0.298899,0.117386,0.211220,0.305235,0.062742,0.318858,0.234457,0.124533,0.165270,0.244046,-0.001444,0.210778,0.368105,0.079920,0.167926,0.265048,0.026578,0.129441,0.142200,0.279025,0.273511,0.421853,0.174421,0.273911,0.157553,0.163050,0.150797,0.314234,0.199139,0.201469,0.194739,0.228680,0.196165,0.197802,0.287862,0.197470,0.173745,0.191177,0.250489,0.269337,0.187039,0.257451,0.293909,0.257260,0.204709,0.272928,0.310254,0.105266,0.267788,0.348478,0.204598,0.318788,0.332040,0.039452,0.231456,0.316414,0.232892,0.185059,0.346812,0.077920,0.261077,0.164852,0.329713,0.256839,0.097055,0.262409,0.170097,0.180972,0.198669,0.068487,0.273268,0.282388,0.103172,0.129456,0.252743,0.228617,0.239678,0.285196,0.271952,0.276515,0.206872,0.416071,0.038518,0.074647,0.153374,0.169951,0.264409,0.334263,0.259435,0.248853,0.289624,0.273303,0.295739,0.019145,0.433984,0.309639,0.233957,0.320527,0.467435,0.213304,0.275745,0.217078,-0.045957,0.158446,0.058553,0.078209,0.316028,0.146364,0.168600,0.248978,0.264464,0.265214,0.218200,0.300833,0.276657,0.251950,0.142949,0.151952,0.207851,0.223700,0.068326,0.300243,0.265390,0.084317,0.103652,0.173750,0.204428,0.326053,0.212491,0.112975,0.150432,0.161965,0.227547,0.114431,0.218655,0.282718,0.264934,0.199745,0.230208,0.188225,0.147629,0.184535,0.167835,0.082808,0.270858,0.165375,0.203775,0.171850,0.169681,0.074698,0.307808,0.306977,0.158846,0.195316,0.109946,0.365498,0.158042,0.188897,0.136918,0.217324,0.178013,0.306173,0.312392,0.198996,0.283986,0.301056,0.167778,0.238441,0.148822,0.212630,0.227323,0.206073,0.310572,0.314085,#
20,0.271450,0.170377,0.306435,0.325601,0.282488,0.254158,0.175060,0.266973,0.187981,0.131459,0.074256,0.108817,0.259449,0.141015,0.189525,0.154704,0.299867,0.390328,0.275932,0.218603,1.000000,0.232891,0.208202,0.342396,0.380971,0.325917,0.249167,0.260032,0.210278,0.196851,0.177644,0.256899,0.268720,0.218385,-0.008572,0.194029,0.209384,0.219148,0.129681,0.206578,0.259321,0.437258,0.123996,0.136328,0.267748,0.326101,0.294924,0.230868,0.267479,0.213031,0.078097,0.263862,0.312883,0.137119,0.162821,0.139390,0.228794,0.247481,0.280189,0.165615,0.244556,0.133520,0.317980,0.222791,0.301488,0.170357,0.293904,0.231999,0.341940,0.273844,0.165590,0.251720,0.485832,0.229447,0.166263,0.228277,0.330851,0.382705,0.197491,0.220320,0.058003,0.167031,0.370779,0.206461,0.251758,0.225172,0.328674,0.184278,0.414920,0.360011,0.257167,0.317514,0.190796,0.274184,0.205602,0.129798,0.319462,0.255709,0.182151,-0.024847,0.268504,0.167186,0.233208,0.281098,0.164875,0.257007,0.219079,0.200616,0.108494,0.252710,0.333708,0.243978,0.138683,0.298466,0.149097,0.327741,0.404009,0.155919,0.094224,0.182822,0.201742,0.244481,0.110654,0.211696,0.311126,0.171520,0.357620,0.338978,0.170169,0.208244,0.161733,0.339464,0.275618,0.126558,0.331542,0.238381,0.321610,0.264131,0.357862,0.237939,0.314732,0.245377,0.028525,0.200048,0.295421,0.146084,0.029476,0.207736,0.228992,0.249222,0.214525,0.243200,0.072616,0.040402,0.225489,0.260502,0.175406,0.096048,0.194102,0.387400,0.260509,0.319015,0.206169,0.177258,0.338175,0.138632,0.105335,0.298097,0.149902,0.149312,0.263515,0.152079,0.095214,0.129407,0.065578,0.357662,0.194801,0.144577,0.328888,0.276511,0.211344,0.231783,0.165481,0.193851,0.109926,-0.016520,0.264284,0.244374,0.212614,0.345654,0.187772,0.368641,0.227990,0.123598,0.323960,0.237586,0.170540,0.343181,0.235574,0.169673,#
21,0.250144,0.260955,0.379440,0.278731,0.159813,0.126495,0.134837,0.259269,0.127638,0.082723,0.197887,0.226857,0.088420,0.211610,0.143476,0.094672,0.235701,0.196817,0.212156,0.269235,0.232891,1.000000,0.128663,0.210426,0.251915,0.110717,0.279453,0.250824,0.239640,0.262843,0.121643,0.267309,0.231413,0.337064,-0.054519,0.307074,0.320673,0.238352,0.374462,0.109277,0.151238,0.275427,0.083083,0.259905,0.201817,0.241095,0.263067,0.308857,0.043356,0.206626,0.233696,0.113979,0.254211,0.135333,0.150234,0.202581,0.221223,0.181481,0.092372,0.108829,0.167072,0.057100,0.284893,0.267724,0.316279,0.248792,0.083958,0.202690,0.298975,0.366505,0.255414,0.155024,0.374630,0.249371,0.120089,0.236762,0.178733,0.203409,0.095341,0.133317,0.271865,0.221320,0.155434,0.061507,0.316212,-0.063565,0.253610,0.113845,0.273128,0.316411,0.089896,0.114742,0.168095,0.144936,0.193210,0.248655,0.230273,0.197953,0.067244,0.212891,0.395307,0.144917,0.093637,0.173718,0.200880,0.230241,0.336907,0.263886,0.182220,0.103458,0.164753,0.196283,0.163499,0.252914,0.114862,0.297552,0.303022,0.142865,0.185487,0.255956,0.218513,0.268475,0.059124,0.351138,0.261060,0.063270,0.247945,0.207930,0.094755,0.045949,0.125535,0.170068,0.322544,0.203730,0.274500,0.120675,0.355030,0.203730,0.110228,0.313725,0.158841,0.282560,0.223314,0.030103,0.217024,0.198458,0.072615,0.201214,0.217287,0.048279,0.059667,0.171783,0.139636,0.068666,0.227059,0.101903,0.061086,0.189946,0.161803,0.177315,0.335306,0.286606,0.155871,0.096482,0.252490,0.102285,0.042225,0.263857,0.062353,0.302933,0.188519,0.123692,0.256902,0.221473,0.074765,0.250996,0.307551,0.218592,0.172662,0.203202,0.145850,0.266989,0.021493,0.167515,-0.007021,0.112239,0.268497,0.238073,0.293204,0.237206,0.264265,0.100737,0.257840,0.067467,0.294640,0.263916,0.157350,0.192131,0.223743,0.230831,#
