0,1.000000,-0.013503,-0.097802,0.111368,0.077196,0.068975,-0.045671,0.062107,0.020605,-0.019038,-0.069426,0.012651,0.145897,-0.256158,0.188507,-0.070696,0.068297,0.058810,0.020639,0.128909,-0.057326,-0.037702,-0.020418,0.016229,0.082020,0.077973,0.254771,-0.056286,-0.023716,-0.026824,-0.098275,-0.072359,-0.070770,-0.160757,0.168163,0.015048,0.185000,-0.045726,0.064739,0.026367,-0.038610,-0.050830,0.105196,0.041004,-0.059883,0.022030,0.042391,-0.086113,-0.003545,-0.000210,0.137614,-0.031696,0.163460,0.105170,-0.093345,0.141682,-0.069996,0.035882,0.013582,-0.124674,0.195717,-0.080980,-0.068326,0.080295,0.071367,0.159501,-0.239181,0.191446,-0.103489,0.038371,0.076727,-0.013664,0.040059,-0.100405,0.121864,-0.018397,-0.110380,-0.104712,-0.104358,0.041278,0.208480,0.068944,-0.084487,-0.012184,-0.074323,0.253879,-0.041535,-0.249282,-0.104119,0.000248,-0.043235,-0.082858,-0.149311,0.015465,-0.040203,0.123370,-0.051241,0.001726,-0.000138,0.079010,-0.152511,-0.076383,-0.226945,0.000715,0.171031,-0.159639,-0.167462,0.017435,0.120176,0.032863,0.142797,-0.120009,-0.067842,-0.032291,-0.057264,0.120105,-0.068781,-0.103721,0.133258,0.077107,0.105190,0.130421,0.047347,0.001189,0.057358,0.082226,0.092039,0.127524,-0.048229,0.014450,-0.046716,-0.080143,-0.056833,-0.042225,-0.005469,-0.081021,0.104213,0.133674,-0.108857,-0.040882,-0.131569,0.239717,-0.156262,0.126388,0.056159,0.049368,0.097644,-0.098362,0.103561,-0.041458,0.041947,-0.172445,0.021862,-0.128508,-0.008881,-0.090312,0.015734,0.008229,0.066873,0.103965,0.095656,0.275803,-0.046110,-0.047245,0.106151,0.071622,0.100572,-0.104732,0.228234,0.090233,0.128052,-0.005051,0.163747,0.082526,0.113819,-0.121093,-0.018286,0.034701,0.101677,0.033023,-0.091720,0.134142,-0.116719,0.015254,0.051691,0.084727,0.019591,0.086032,-0.059541,0.139662,-0.094272,-0.078404,0.063067,0.040120,0.017115,-0.073271,-0.153726,-0.111385,-0.143725,0.141821,#
1,-0.013503,1.000000,0.008751,0.191436,0.010130,0.140987,0.084644,0.041556,-0.038857,0.014099,0.089641,-0.101339,0.296872,0.139337,-0.135031,0.001749,0.155368,-0.017912,0.101271,-0.098615,0.220565,0.189777,0.161410,0.255957,0.032974,-0.013924,-0.041607,-0.001250,-0.003647,0.064067,-0.024937,0.144565,0.131534,-0.032259,0.034105,0.080487,-0.082885,0.068933,-0.047259,-0.007713,0.079919,0.031671,-0.043087,0.081351,0.086414,0.157129,0.092899,0.060394,-0.038198,0.150385,0.090832,0.095203,0.146272,0.136026,0.042716,0.197070,-0.107314,0.004132,0.123085,0.042326,0.034201,0.036087,-0.086155,-0.002244,-0.083674,0.059800,0.176830,0.058217,0.199630,0.143075,0.113678,0.188199,0.257083,0.048337,-0.033903,-0.069178,0.073589,0.046497,0.098044,0.019664,0.079946,0.152689,0.145801,-0.069339,0.135929,0.055568,0.054752,-0.121518,-0.028709,0.141357,0.098547,0.041178,0.062226,0.011298,-0.085344,0.007749,0.148887,-0.054334,-0.025913,0.211261,0.036918,0.137468,0.115762,0.241973,0.087886,0.040004,-0.043861,0.224067,-0.039177,-0.078205,0.183945,0.163361,0.005042,-0.027280,0.075787,0.073561,0.241335,0.330174,0.095710,0.049253,0.053398,0.171834,-0.025140,0.185003,0.001953,0.074354,0.199653,0.050287,0.056345,0.069114,-0.068316,-0.008400,-0.087429,0.126398,-0.009945,-0.021451,-0.030394,-0.112397,0.159318,-0.028639,0.016543,0.045738,-0.254012,-0.091309,-0.115468,-0.087509,0.150669,-0.014220,-0.068668,0.129877,0.063645,0.117891,-0.082298,0.179215,0.114187,0.114815,0.085127,0.044299,0.060107,0.072274,-0.067342,0.111904,0.178218,0.033771,-0.018931,-0.012573,0.083552,0.217214,-0.050142,0.079779,0.251912,-0.102885,0.214106,0.039809,0.178568,-0.001145,0.032853,0.123353,-0.018174,-0.123980,0.024982,-0.123736,-0.056471,-0.100675,-0.129414,0.194082,-0.021518,0.110178,0.033341,-0.047755,-0.040037,0.088158,0.033266,0.142448,0.118471,0.181178,0.136550,-0.102385,0.085237,0.070272,#
2,-0.097802,0.008751,1.000000,-0.023924,-0.154729,0.130485,0.025418,0.072192,-0.086966,0.062424,0.033656,-0.165367,-0.061970,-0.029290,-0.065078,-0.040981,-0.007409,0.123960,0.065341,0.104876,0.127511,0.039694,-0.136278,-0.095008,0.057826,-0.138219,0.030816,-0.069017,-0.104000,0.012661,0.023187,0.098922,0.160790,0.083476,0.183055,0.024540,0.069087,-0.088425,-0.021912,0.141721,0.314959,0.095854,-0.037557,-0.103725,0.041437,0.224156,0.042180,-0.055192,-0.076701,0.184408,-0.034418,-0.079301,-0.021913,0.141696,0.127612,0.109433,0.100789,0.043499,-0.086409,-0.049030,0.146198,0.089331,0.013116,0.087371,-0.084958,-0.084980,0.230462,-0.173190,0.243858,0.117698,0.079262,0.113777,-0.076658,0.208584,-0.097587,-0.049094,0.054819,0.152878,0.070514,0.231970,0.023403,0.145983,0.057527,0.071195,0.095822,0.198801,0.129596,0.163211,0.105555,-0.005120,0.185906,0.037729,0.022369,-0.036259,0.130303,0.029929,0.025985,0.064200,0.096087,-0.049443,0.054542,-0.259987,-0.200768,0.163991,0.197518,0.152210,0.036021,0.077748,0.239568,-0.008596,0.140641,0.040052,0.010574,-0.036751,-0.000035,-0.054524,-0.081444,0.039487,0.020353,0.020982,0.055095,0.155599,0.053659,-0.046771,0.028565,0.197453,-0.022674,0.122605,0.032505,0.109480,0.030831,0.144292,0.068267,0.187199,0.009859,-0.085029,-0.087771,-0.058840,-0.083539,-0.042012,-0.050227,0.024304,0.061328,-0.036953,-0.026881,0.111819,0.192789,0.099162,0.118564,-0.066397,0.028093,-0.000426,-0.081100,0.119324,-0.046586,0.161594,-0.003204,-0.066111,-0.004022,-0.018741,0.003050,-0.228745,0.037676,0.022791,-0.108711,0.023094,0.089002,0.037175,-0.027013,0.050590,0.175770,-0.041579,0.100800,-0.075401,0.030551,0.140856,0.298449,0.056797,0.002615,-0.003502,-0.023945,0.138867,0.229249,0.264098,0.072977,-0.007305,-0.059618,0.128793,0.055045,-0.058367,-0.054651,0.067250,-0.121174,0.224481,0.056033,0.140780,0.178440,-0.088695,0.011164,0.007093,#
3,0.111368,0.191436,-0.023924,1.000000,0.208742,0.117248,-0.179573,0.127520,-0.014748,-0.030511,-0.148172,-0.055888,0.061606,-0.011185,0.007635,-0.228521,0.061139,-0.069133,-0.115374,-0.039715,0.180676,0.077871,0.107616,-0.076504,0.018323,0.149659,0.075019,0.182071,0.000786,0.111992,-0.029975,0.050788,0.045699,0.057718,0.041646,-0.056433,-0.077481,0.011831,-0.031624,0.117978,0.063768,0.151334,-0.002785,-0.068712,0.104596,-0.062789,-0.007405,0.180606,0.031223,0.003039,0.038091,0.075315,0.147280,0.043201,0.218680,0.056019,-0.137123,-0.021172,0.193843,0.071823,0.121484,-0.015551,-0.126011,0.092563,0.055849,0.190108,-0.047443,-0.053249,-0.023316,0.074380,-0.106405,0.065951,0.218214,0.044406,-0.114342,-0.002023,0.033319,-0.107053,0.104756,0.096688,0.090632,0.099553,-0.024346,-0.003914,-0.007760,0.054864,0.002007,0.053902,-0.052356,0.044288,-0.126991,0.056487,0.080919,-0.051549,0.126633,0.037206,-0.017771,-0.010912,-0.103286,0.228683,0.030653,-0.043828,-0.096323,-0.026677,0.043827,-0.024448,0.106895,0.214380,-0.110091,-0.052478,-0.045425,0.169514,0.070272,0.039925,-0.013895,0.036144,0.217711,0.086032,0.065906,0.011176,-0.020682,-0.017368,-0.075609,0.139279,0.018803,0.160150,0.128671,0.116844,-0.086204,0.019867,0.008922,0.000682,0.004507,0.083065,0.009801,-0.062341,-0.016044,-0.020527,0.077648,0.051263,-0.044733,0.013655,-0.172245,-0.002038,-0.200415,0.091407,0.098234,-0.047673,-0.008320,-0.160845,-0.042185,-0.024646,0.040600,-0.006097,-0.050205,0.002487,0.111834,0.003096,-0.000218,0.189011,0.196354,0.244125,-0.037925,0.301912,0.070235,0.009261,-0.087487,-0.003395,-0.041252,0.155531,0.121562,-0.132379,-0.036029,-0.096769,-0.066467,-0.025103,-0.092459,-0.019383,0.088158,-0.054694,-0.015983,0.078860,-0.007542,0.173676,-0.041049,0.166995,-0.207489,-0.023326,0.104774,0.016401,-0.053610,-0.011118,0.097099,-0.092370,0.077087,0.103320,0.225292,0.055959,-0.047949,0.124010,#
4,0.077196,0.010130,-0.154729,0.208742,1.000000,0.117938,0.027291,0.092765,0.006094,0.121473,0.062276,-0.010085,-0.032805,-0.144276,0.046093,0.042120,-0.095878,-0.043966,-0.159631,-0.008391,0.111296,0.181052,0.259652,0.120510,0.009424,-0.043346,-0.043041,0.057214,0.129084,0.107460,0.092609,0.054746,-0.081946,0.053772,0.129992,0.178338,-0.121285,-0.034409,0.011808,0.230130,-0.092323,0.043363,0.151893,0.052925,0.216711,-0.190442,0.189967,0.026397,-0.127072,-0.092561,0.245838,0.095036,0.023504,-0.161475,0.025668,0.085738,-0.073770,0.084206,0.208104,-0.035621,0.015258,0.028725,0.121664,0.000028,0.190811,0.374422,0.056378,-0.003731,-0.058606,0.007444,0.065714,-0.101530,-0.030267,-0.027601,-0.038054,0.182075,0.072850,-0.046784,0.048416,0.006221,-0.090963,0.150297,-0.010568,-0.106482,0.085744,0.016906,0.020749,0.117364,0.000829,0.133148,0.025617,-0.075667,0.083079,-0.012591,0.167231,0.108587,0.164061,0.071329,-0.013108,0.050331,-0.039635,0.162858,-0.042222,0.115850,-0.037120,-0.165734,0.058579,0.025734,-0.033730,0.188465,-0.100800,0.117261,0.147223,0.180153,-0.048950,0.028331,-0.083549,0.270734,-0.027182,0.044474,0.015787,0.034781,-0.017338,0.059314,0.095591,0.088181,0.229650,-0.015343,0.159969,0.073663,0.101650,0.011265,-0.057641,-0.013917,0.053018,-0.057854,0.126879,0.108699,0.070621,0.034584,-0.116954,0.221069,0.012029,0.135254,-0.085706,0.101332,0.054700,-0.088153,0.089181,-0.008952,-0.026942,0.143901,-0.027554,-0.123118,0.109482,0.039301,0.169579,0.219898,0.118908,0.087634,-0.050269,0.252548,0.027775,0.105196,0.120552,-0.017972,0.070116,0.037980,-0.112944,0.093029,0.012447,0.036989,0.027390,-0.007819,-0.039206,-0.003318,0.107181,0.187760,0.076732,0.194528,0.154975,0.030531,-0.048683,0.029269,0.079421,0.209538,0.058106,0.036691,0.040483,0.220688,0.054397,-0.045477,0.141371,0.015930,0.039443,-0.134593,-0.072174,-0.005787,0.092273,0.060095,#
5,0.068975,0.140987,0.130485,0.117248,0.117938,1.000000,0.015590,0.090868,0.019989,0.059311,-0.024748,-0.138679,0.126004,0.005268,-0.017802,-0.073424,0.095609,-0.002869,0.114820,0.234487,0.059960,-0.080544,0.021679,0.078704,0.198557,0.221705,0.101604,0.099599,0.026360,0.166070,-0.048913,0.100590,-0.022471,0.227409,0.142713,0.074569,0.069297,-0.133296,-0.110167,0.160503,-0.060654,0.135536,0.139624,0.085141,0.034438,0.047198,-0.113171,0.212039,-0.106333,0.097292,0.182628,-0.055019,0.085432,-0.089271,0.152414,0.256904,-0.064541,-0.029692,0.092993,-0.020912,0.048585,-0.072917,0.033550,0.085697,0.044822,0.079077,-0.112104,0.003364,0.092888,0.122502,0.172601,0.100193,0.008309,0.037104,0.084779,-0.000525,-0.230672,0.216962,0.030416,0.045177,0.076115,0.051424,0.005076,-0.014060,0.036679,-0.030839,-0.041911,-0.078755,0.102429,-0.083557,0.229683,-0.017932,-0.053108,0.056842,-0.004402,-0.209027,0.187381,0.155900,0.113297,0.001414,0.036259,0.042534,0.088143,0.136352,0.013179,-0.015650,0.130179,0.177738,-0.108760,-0.002520,0.021000,-0.011392,0.100367,-0.002729,-0.087930,-0.094941,0.284908,0.241216,0.131175,0.014523,0.000932,0.072788,0.019966,0.111540,0.036149,0.119467,0.309944,-0.004798,0.061789,-0.067652,0.012579,0.036253,0.024815,0.067045,0.023407,-0.177138,-0.132056,0.098571,-0.110956,-0.078077,-0.100395,-0.034440,0.009177,-0.015504,0.120934,0.048263,0.091505,0.123493,0.073325,0.065608,0.168503,0.051248,0.288552,0.001339,0.153472,0.072596,0.135440,-0.057535,-0.016971,0.026518,-0.006891,0.191310,0.057942,0.085932,0.083559,-0.145645,-0.115051,0.151901,0.051666,0.089461,0.182084,0.119453,0.061441,0.063590,-0.100360,0.151905,0.256589,0.114692,0.155674,0.167254,-0.037408,-0.081834,-0.198039,0.057701,0.013097,0.105548,0.014243,0.158481,0.209926,0.197941,-0.011735,0.054516,-0.038857,0.221589,0.064362,0.143933,-0.009790,0.137807,-0.004951,0.223444,#
6,-0.045671,0.084644,0.025418,-0.179573,0.027291,0.015590,1.000000,-0.102336,0.050273,0.134811,0.242481,-0.001560,0.072914,-0.105249,-0.237001,0.442045,0.207888,0.138803,0.006963,-0.034032,-0.032052,-0.005019,-0.098957,-0.040911,0.145850,0.019075,-0.011673,0.002860,0.133310,-0.004026,0.020713,0.172395,0.085218,0.104804,-0.078377,0.018488,-0.002897,0.055091,-0.101527,0.024716,0.114596,-0.034428,0.252247,0.163945,-0.152288,-0.058003,0.089023,0.096172,-0.038650,0.121262,-0.116798,-0.048677,0.002258,-0.076116,-0.011833,-0.072278,-0.110963,0.006102,0.042463,-0.096342,0.112372,0.143512,0.065285,-0.061868,0.202764,0.044586,0.096099,0.102568,0.124709,0.007639,0.153976,0.217681,-0.125733,-0.065505,0.117880,0.071307,0.222889,0.134344,0.179716,0.072790,0.003855,0.112716,-0.029315,0.114039,0.053857,-0.095060,0.145107,0.022026,0.014041,-0.015763,0.012642,0.059186,0.048717,0.086745,0.062963,0.019056,0.230402,0.015386,-0.146042,-0.030476,-0.002273,0.006879,0.083701,0.054531,0.144581,-0.054812,0.121770,0.157288,0.213830,-0.029778,0.000825,-0.086087,0.123398,0.247343,0.124468,0.134852,-0.073510,0.106374,-0.074106,0.196637,-0.036504,0.188804,-0.226196,-0.034643,0.022702,-0.021341,-0.077964,-0.097524,0.103733,0.067941,0.122845,0.077339,0.065568,0.074219,0.037422,-0.096891,0.083949,-0.056986,-0.006522,0.234145,0.132726,0.022017,-0.088591,0.009786,0.044310,0.114767,0.008673,0.166453,0.019868,0.021240,0.059641,0.149577,-0.061150,-0.005063,0.048366,-0.030960,0.018222,-0.055649,-0.069054,0.107111,-0.178494,-0.074625,0.064588,0.052023,-0.160796,-0.003654,0.210014,0.033560,0.104166,0.035846,0.000954,0.200727,-0.176438,-0.030207,0.117944,0.184093,0.018626,0.192909,-0.028881,-0.037669,-0.022047,0.026374,-0.000117,0.040006,0.062530,0.024675,0.152036,-0.000948,-0.057763,0.062361,0.014949,0.108347,0.011232,0.099870,0.050682,0.142248,0.031313,-0.140403,0.079707,0.082877,#
7,0.062107,0.041556,0.072192,0.127520,0.092765,0.090868,-0.102336,1.000000,0.127896,-0.003921,-0.024310,-0.168230,0.181160,0.013165,0.041858,-0.026610,0.026306,0.159515,0.110529,0.107462,0.126134,0.069859,0.016499,0.022666,0.116804,0.047661,-0.012424,-0.140420,0.071585,0.189946,0.038395,0.035333,0.137966,0.006865,0.124642,0.118735,-0.053814,0.128293,0.232375,0.211693,0.094681,0.190195,-0.062050,-0.003147,0.062647,0.190034,0.143793,0.247790,0.136416,0.131158,-0.024449,0.077554,0.089379,-0.047633,0.202245,0.039620,0.007890,-0.137824,0.228894,0.184800,0.050341,0.169279,0.056962,0.066253,0.150405,0.107392,0.065089,-0.088195,-0.229710,-0.035993,0.178114,0.007837,0.086526,0.087868,-0.098260,-0.034376,-0.117286,0.003373,0.041425,0.028994,0.171558,0.093828,0.031617,0.039425,0.081209,0.233725,-0.006757,0.061065,-0.093439,0.196425,0.082677,-0.063671,0.216110,0.035032,0.142348,0.200921,0.113868,0.302522,0.198344,0.055951,0.093590,-0.062690,-0.244752,-0.027278,0.149714,0.061041,-0.091917,0.174039,0.076309,-0.086710,0.192520,0.055792,0.157275,0.050784,0.315268,-0.015122,-0.022187,0.021908,0.158778,0.197228,0.049044,0.122401,0.233471,-0.045656,-0.024533,0.120811,0.068059,0.104262,0.054119,0.142454,-0.009884,0.106009,0.050100,-0.027161,-0.068697,-0.004097,-0.062952,0.219202,0.133436,-0.027603,-0.082993,0.027741,0.014461,-0.026932,0.072561,0.127663,0.127933,0.026288,-0.064660,0.084539,-0.132080,0.221398,-0.041799,-0.072402,0.101646,0.290376,0.120363,0.094576,0.020725,-0.117070,0.067380,0.030211,0.118411,0.022096,0.035434,0.023153,0.000421,-0.079160,-0.141242,-0.009822,0.163066,0.045374,0.124687,0.159473,0.125228,0.030235,0.011074,0.004096,0.080820,0.039571,0.052339,0.056409,-0.080376,0.105470,0.066823,0.068941,0.172933,0.076614,0.122558,0.080053,0.040671,0.036918,0.065932,0.090928,0.120030,0.006519,0.036372,0.086577,0.109590,0.072259,#
8,0.020605,-0.038857,-0.086966,-0.014748,0.006094,0.019989,0.050273,0.127896,1.000000,-0.053330,0.030161,0.128765,0.030927,0.144973,0.023043,0.112341,-0.013519,-0.024183,-0.163415,0.146100,0.124231,-0.005541,-0.101119,0.185539,0.178998,0.058188,0.092253,-0.186832,-0.035097,0.104715,0.092308,0.060959,0.130646,-0.073803,0.006795,0.356404,0.036067,0.073162,-0.029157,0.042472,0.059928,-0.063663,0.277275,0.201685,0.014715,-0.105752,0.019394,-0.041758,0.079893,0.075526,0.024262,0.134097,0.178162,-0.108868,-0.022260,0.080775,-0.001214,0.003709,-0.039309,-0.079714,0.163989,0.129237,0.252427,0.146717,0.174329,0.147316,0.134139,0.119968,0.151020,-0.046280,0.140141,0.206889,0.149408,-0.066967,-0.032356,0.021819,-0.115674,0.029969,0.138841,0.042681,0.064912,0.131872,-0.106389,-0.086970,0.008475,-0.017619,0.170241,0.012621,-0.140117,-0.113888,0.139531,0.096077,-0.062006,-0.015270,-0.135236,-0.034843,0.247363,0.214375,0.179967,0.159973,-0.058482,-0.216429,0.165259,0.151032,-0.107755,0.167915,0.077520,-0.031722,-0.037595,0.128396,-0.063102,0.020342,0.028667,0.029918,-0.063361,0.051226,0.179023,0.026609,-0.039093,0.089308,0.020483,0.069757,0.132735,0.156490,0.037743,0.121574,-0.061519,0.007769,0.154386,0.219368,-0.012188,0.227900,0.031200,-0.043853,-0.179712,0.223260,-0.014821,0.049031,0.103410,-0.015456,-0.074171,-0.045182,-0.003352,-0.325858,0.012958,-0.028511,0.029961,0.268004,-0.058662,0.079792,-0.036724,0.255794,-0.073963,0.210616,0.148408,-0.035263,0.090159,0.102566,0.223682,-0.152167,0.022785,-0.099871,-0.065102,-0.045617,-0.138599,-0.065639,0.006397,0.163939,0.084902,-0.047141,-0.047895,0.125915,-0.226095,0.125744,0.144965,0.025434,0.068450,-0.026316,0.123961,0.078676,0.142185,0.036167,0.066192,0.005940,-0.015662,-0.116590,0.207301,0.064166,-0.035035,0.114847,0.196610,0.048121,0.069196,0.108409,0.044353,-0.052557,-0.236441,-0.015192,-0.027124,0.238825,#
9,-0.019038,0.014099,0.062424,-0.030511,0.121473,0.059311,0.134811,-0.003921,-0.053330,1.000000,0.174651,-0.033355,0.008225,-0.060169,-0.020931,0.026368,0.004817,0.146903,-0.132046,-0.062733,0.080715,-0.012349,-0.084899,0.039315,0.031601,-0.092850,0.079662,-0.045926,-0.073852,-0.026021,0.008069,0.082996,-0.015653,0.012814,-0.089966,-0.011020,0.062383,-0.087203,-0.038759,0.064016,-0.032937,-0.052277,-0.013586,-0.021907,-0.097149,-0.080519,0.024183,0.029312,0.144898,0.158239,0.128209,-0.052248,-0.067216,-0.089968,-0.123652,0.065203,0.089867,0.088481,-0.140177,0.123392,0.019714,0.020183,-0.006334,-0.107205,-0.063210,0.073916,0.005229,-0.008525,0.054039,0.029469,0.105476,0.081411,-0.000175,0.008535,-0.066965,0.052370,0.117531,0.128891,0.051100,0.053775,0.024507,0.085134,-0.029905,0.051087,0.120504,0.074232,0.192663,0.045496,0.066794,0.221824,0.117190,-0.109825,0.057172,-0.092628,0.150615,-0.094476,-0.030331,0.022506,0.041980,0.090182,0.103949,0.090709,-0.024925,0.014485,0.063000,-0.051331,-0.095185,0.187093,0.022315,-0.031351,0.027955,0.192328,-0.030908,0.079215,0.012253,0.099384,0.030749,0.126644,0.150848,0.091451,-0.271317,0.035591,-0.020442,-0.014338,0.158595,0.025906,-0.002706,0.059135,-0.029912,-0.003372,0.040290,-0.024276,0.045142,-0.004111,0.037281,-0.096893,-0.038361,-0.001512,0.001527,0.085306,0.135222,0.207894,0.041580,0.148887,0.119862,0.253499,0.049240,0.113612,0.070925,0.038788,0.021651,0.101833,0.048393,-0.063216,-0.096060,0.039491,0.090348,0.126482,0.225434,0.110685,-0.076122,-0.052662,0.169244,0.092446,-0.062833,0.004428,0.020875,0.116333,0.231053,0.137802,0.105020,0.140477,-0.024893,-0.106632,-0.026858,0.124534,0.182509,0.111934,-0.106183,0.101463,-0.069463,0.163017,0.036661,-0.054019,0.160807,0.124598,0.113143,0.103731,0.012740,0.021343,-0.263693,-0.146531,0.070932,-0.009845,-0.134233,0.157214,0.001441,0.059115,-0.016896,-0.100086,#
10,-0.069426,0.089641,0.033656,-0.148172,0.062276,-0.024748,0.242481,-0.024310,0.030161,0.174651,1.000000,0.081331,0.098671,0.079519,-0.078695,0.190373,0.096755,0.068051,0.067030,-0.031722,-0.047977,-0.035608,-0.122545,0.106216,0.206302,0.002137,-0.019573,0.012996,0.051607,0.058838,0.060757,-0.080966,-0.022600,0.033483,-0.085293,-0.022943,0.064370,-0.012515,-0.212449,-0.101610,0.236742,-0.085869,0.068271,-0.065791,-0.011045,-0.011094,0.208226,0.124991,0.011743,0.131880,-0.036305,0.121441,0.085528,-0.006721,-0.018651,0.221437,0.043276,0.216556,-0.035730,0.036683,0.058058,0.151231,0.112108,0.144246,0.023074,0.051519,0.158937,0.048237,0.003753,-0.172137,0.239606,0.248200,-0.051563,0.024457,0.070399,0.142753,-0.162691,-0.009782,0.221479,-0.120890,0.055719,-0.054103,-0.037265,-0.052928,0.056152,0.066031,0.143642,-0.009785,0.009652,0.221146,-0.032836,0.137514,0.042259,-0.081559,-0.011160,0.015402,0.085358,0.191811,-0.028338,-0.015232,0.071468,-0.086054,0.044089,0.129172,0.013444,0.003808,0.126440,0.041522,0.006077,0.123214,0.086152,0.043073,0.050887,0.184275,0.007810,0.043464,0.016991,0.073174,-0.057591,0.005772,0.082075,0.232986,-0.029539,-0.056673,-0.055253,0.044688,0.199303,0.005291,0.036516,0.109083,0.054217,0.099259,-0.057352,0.057858,0.168612,-0.006040,0.037488,0.105609,0.238847,-0.030259,-0.081500,0.053224,0.187582,0.187209,0.033305,0.259438,0.108779,0.129465,0.162704,0.187286,-0.092784,-0.006900,0.016864,0.044998,0.065984,0.048393,0.190387,-0.080241,0.144633,-0.022529,-0.101693,0.012650,0.038550,0.036994,-0.090353,0.167439,0.167211,0.115152,0.137721,0.055058,-0.029389,0.198462,-0.038364,0.016067,0.180404,0.167438,0.126640,-0.006709,-0.147964,0.101600,-0.123032,-0.057540,-0.021774,0.043388,-0.029190,0.079107,0.201684,0.101918,0.014715,0.012264,-0.051313,-0.030632,-0.022564,0.276924,0.085714,-0.118390,-0.054401,-0.001327,0.090079,0.135346,#
11,0.012651,-0.101339,-0.165367,-0.055888,-0.010085,-0.138679,-0.001560,-0.168230,0.128765,-0.033355,0.081331,1.000000,-0.000207,0.068848,0.096945,0.077302,-0.071299,0.001798,-0.009178,0.047120,0.045291,-0.009002,0.038533,0.016216,0.021500,0.068311,-0.135595,0.023832,-0.100866,-0.053782,0.242866,0.187561,0.051943,0.160272,-0.137489,0.051779,0.022238,0.102930,-0.036217,-0.078400,0.076641,-0.192807,0.085710,-0.031534,0.001684,-0.230499,0.031609,-0.044313,0.125294,-0.077296,-0.189121,-0.028651,0.211435,0.074593,-0.030264,-0.068131,-0.107075,0.217529,0.026941,0.284638,-0.042708,0.061289,0.141583,0.021187,0.051446,-0.111642,0.105419,0.152889,0.005941,0.072239,-0.268920,-0.020775,0.044214,-0.081266,0.256269,0.143069,-0.015082,0.094569,0.105807,-0.125233,-0.160004,-0.037157,0.080355,-0.009463,-0.026148,-0.049723,0.049722,0.025791,0.100851,-0.059550,-0.041860,0.006396,-0.046078,0.070524,-0.110214,0.078827,-0.034599,0.101759,-0.053463,0.089267,-0.042145,-0.024044,-0.010622,0.052730,-0.024234,0.023119,0.102560,-0.015369,-0.008445,-0.099941,-0.030579,0.121625,0.027697,0.060572,0.001656,-0.092898,-0.000891,0.153184,-0.082358,0.127866,0.035436,-0.060445,-0.054165,0.249351,-0.040289,-0.167411,-0.068555,0.107853,0.243974,0.128805,0.117982,0.040076,0.152309,-0.029162,0.035451,0.213681,0.032760,0.152722,-0.055338,0.252712,-0.029085,-0.119368,0.199247,0.069082,-0.022671,-0.008159,0.004518,-0.051891,-0.086037,-0.195599,0.091298,-0.003253,0.043502,0.247175,-0.012345,-0.078912,0.056845,-0.006648,0.040596,0.086832,-0.003420,0.004241,-0.047058,0.057758,0.102736,0.134550,0.090139,0.134802,0.077521,-0.024144,0.198160,0.081646,0.013836,0.103840,-0.032234,0.032037,0.039358,-0.106628,-0.031269,0.032242,-0.126819,-0.099970,0.029697,0.030864,0.022777,-0.053586,0.083308,0.025495,-0.113928,-0.059264,0.119094,0.039461,0.210500,0.026784,0.092693,-0.025349,-0.126679,0.091942,0.061597,-0.000196,#
12,0.145897,0.296872,-0.061970,0.061606,-0.032805,0.126004,0.072914,0.181160,0.030927,0.008225,0.098671,-0.000207,1.000000,-0.014470,-0.065002,0.000678,-0.034431,-0.092437,0.122056,-0.111684,0.033858,0.041923,0.010917,0.005128,0.159483,0.009273,0.079343,-0.018629,0.039988,0.010531,0.070286,-0.109827,0.039561,0.069202,0.142408,0.059665,-0.019918,-0.097753,-0.113147,-0.003171,-0.002922,-0.078070,0.048104,0.176417,0.066659,0.006131,0.284046,0.220072,0.134831,0.261462,-0.010294,-0.086718,0.140993,0.125824,0.037211,0.081637,0.013410,-0.144155,0.257275,0.016363,-0.063075,0.162270,0.074657,-0.026206,-0.003015,0.006041,-0.056648,0.129461,0.098404,0.092640,0.087126,0.207141,0.175777,0.024244,0.016677,0.145567,-0.090491,0.154797,0.040270,0.088694,0.206410,0.228498,0.107058,-0.189630,0.084569,0.110950,0.012093,0.025797,-0.021521,0.166162,0.210034,-0.095619,0.076452,0.192057,-0.102911,0.034741,0.086056,-0.120348,-0.148923,-0.051217,0.168944,-0.034246,0.037075,-0.069778,0.036961,0.050245,0.009393,0.289749,-0.031107,-0.119337,0.156246,0.120457,0.141220,0.045070,0.152721,0.016905,-0.069023,0.138853,0.098172,0.032031,0.084481,0.290449,0.005640,0.175748,0.022474,0.158468,-0.032989,0.056274,-0.084430,0.170619,-0.269648,-0.020434,0.061663,-0.021252,-0.085841,-0.147311,-0.033698,-0.007725,0.152384,-0.130293,-0.018637,-0.080010,-0.138607,0.034713,-0.122383,0.091786,0.158547,0.119840,-0.024585,0.088829,0.053843,-0.010750,0.025310,-0.038500,0.169548,0.071519,0.155726,0.240270,0.257800,-0.150615,0.009579,0.121841,0.059680,-0.059702,0.034992,0.008253,0.093712,0.200014,0.128817,0.069412,0.260665,-0.114338,0.154417,-0.017068,0.141723,0.086975,0.049610,0.054856,-0.395470,-0.079137,-0.095545,0.114027,-0.070145,-0.012821,-0.077173,0.101516,0.164323,0.075438,0.064016,-0.027660,-0.009479,-0.084158,-0.060357,-0.050429,-0.002948,0.084425,-0.127239,-0.003094,0.029324,0.122025,#
13,-0.256158,0.139337,-0.029290,-0.011185,-0.144276,0.005268,-0.105249,0.013165,0.144973,-0.060169,0.079519,0.068848,-0.014470,1.000000,0.023317,-0.016196,-0.101600,0.056650,0.045896,-0.058608,0.123482,0.025508,0.128301,0.021645,0.017277,0.287965,0.006208,-0.030874,0.011371,0.058585,-0.030742,0.022592,0.042611,0.048433,-0.116403,0.022268,-0.032196,0.041994,-0.225841,0.070018,0.169154,0.092245,0.179390,-0.168738,0.025259,0.085260,-0.161081,0.104389,0.144631,0.074769,-0.021181,0.046315,-0.017882,-0.044323,0.057057,-0.015044,0.109279,0.079849,0.069436,0.083493,-0.132138,0.158423,-0.043742,-0.175378,0.060916,-0.022571,0.242104,0.220582,0.098018,0.026976,-0.051936,0.011217,0.200387,0.031275,0.024419,0.098938,0.067098,-0.030554,0.039642,0.018671,-0.020229,0.066216,0.063696,0.084093,-0.080275,0.175158,-0.032075,0.150091,0.214979,0.001978,0.013755,0.116288,0.152480,0.067921,-0.154101,-0.101545,0.094525,0.080267,0.052560,0.107053,-0.080003,-0.109547,0.139304,-0.010223,0.027714,0.092444,-0.041367,0.095047,-0.159652,-0.017027,-0.018924,0.005349,0.052541,0.050968,0.119867,-0.065254,0.078292,0.081537,-0.057408,-0.079648,0.072231,-0.053427,0.106935,-0.077975,-0.058358,-0.027123,-0.023832,0.053822,0.134143,0.141189,-0.060119,-0.252100,-0.020152,0.062121,0.056069,0.126168,0.068172,0.024192,0.200714,0.010125,-0.023751,-0.116507,0.025716,-0.078806,-0.128132,0.073166,0.044683,0.141635,0.055500,-0.103453,-0.057095,-0.045478,0.068348,0.100662,0.058575,-0.077538,0.029714,-0.223023,-0.023159,0.007440,0.015570,-0.052328,0.210803,-0.077681,-0.063000,-0.006740,0.126444,0.127245,-0.065989,-0.001508,0.040315,0.025423,-0.062529,0.213366,0.067262,0.043585,0.105090,-0.128685,-0.050433,0.023728,0.016546,-0.085027,0.119966,0.102131,-0.201005,0.037722,-0.027930,-0.097727,-0.057911,0.106160,0.243166,0.016324,0.097195,0.119689,0.024442,0.071717,-0.136202,0.265118,0.063088,0.095553,#
14,0.188507,-0.135031,-0.065078,0.007635,0.046093,-0.017802,-0.237001,0.041858,0.023043,-0.020931,-0.078695,0.096945,-0.065002,0.023317,1.000000,-0.111448,-0.065956,0.097762,-0.171426,0.095376,-0.127758,0.081892,0.130511,0.174617,-0.039603,-0.023440,-0.019158,0.027165,-0.017697,0.033140,0.293666,-0.072155,0.027385,-0.078429,0.076704,0.069029,0.056099,-0.033898,0.138030,-0.100055,0.033391,-0.010837,-0.061092,-0.093656,-0.035359,0.095212,0.012739,-0.092685,0.047035,-0.036855,-0.047703,0.162478,0.071174,-0.147822,0.022758,0.084694,0.111991,-0.044709,0.070254,-0.116477,0.018574,-0.153246,0.090577,0.055478,-0.132325,-0.073790,-0.089921,-0.134840,0.008530,-0.065889,0.093292,-0.041899,0.239852,0.026059,0.022089,0.103544,-0.047114,-0.119134,-0.189229,-0.018016,-0.046512,-0.006631,0.100832,0.073069,-0.005817,-0.056928,-0.051885,-0.000825,-0.026531,0.139314,0.063474,-0.135524,0.129119,0.162270,-0.094964,-0.034124,-0.190813,0.076534,-0.057045,0.049229,-0.224516,-0.028970,-0.049474,0.025186,0.012455,-0.091437,0.074880,-0.144976,0.050669,0.081027,-0.107195,0.091800,0.101738,0.051843,-0.173998,-0.132607,-0.063825,-0.077801,0.014350,0.131392,0.085037,-0.209823,0.112219,0.139876,0.035849,-0.104923,-0.095687,0.052045,-0.058747,-0.008943,-0.037695,0.057924,-0.054708,0.014744,0.043095,-0.093459,0.127929,0.093285,0.008895,0.094165,-0.060969,0.063497,0.002270,0.246406,0.004459,0.077158,0.066747,-0.013151,-0.006006,-0.007968,0.217561,-0.104672,0.188016,-0.060834,-0.056220,-0.092320,0.037838,-0.103670,-0.045669,0.064708,-0.005240,-0.009254,-0.004519,-0.110010,0.268428,0.148373,-0.080425,0.005177,0.034980,-0.048079,0.054958,-0.213303,-0.038596,-0.066079,-0.084698,-0.039444,-0.170918,-0.086126,0.075928,0.022292,0.067822,-0.081568,-0.037026,-0.019967,0.009907,0.137960,-0.033414,0.048766,-0.028347,0.000703,0.035235,0.071404,0.053241,-0.058963,-0.129988,-0.164495,-0.021585,0.063970,-0.235191,-0.125614,#
15,-0.070696,0.001749,-0.040981,-0.228521,0.042120,-0.073424,0.442045,-0.026610,0.112341,0.026368,0.190373,0.077302,0.000678,-0.016196,-0.111448,1.000000,0.110108,0.074926,0.043447,-0.068115,-0.059577,0.022868,-0.062096,0.186244,0.047265,0.071324,-0.128047,0.093506,0.083819,-0.164276,0.093271,0.143487,0.151864,0.259780,-0.025774,0.028919,-0.018507,0.078365,-0.152153,-0.038990,0.039414,-0.081519,0.217558,0.132256,-0.080561,-0.011910,0.148395,-0.002578,0.016420,0.128171,-0.041751,0.114548,0.006145,0.059017,0.010691,0.089166,0.121090,0.012660,-0.014423,0.101680,0.211012,0.110619,0.150541,-0.007539,0.100530,-0.112289,0.047223,0.138769,0.046517,-0.043580,0.088537,0.040724,-0.072516,0.068832,0.015341,0.093707,-0.070244,0.074103,0.151855,-0.021974,-0.098870,0.044648,-0.045009,0.078828,0.017760,-0.021339,-0.007670,-0.036184,-0.015200,-0.153649,0.030174,0.221677,0.060264,0.078915,-0.171931,0.025000,0.081288,0.148994,0.008206,0.032494,-0.026266,0.161242,0.081629,0.129862,0.160160,-0.087328,0.081468,0.050075,0.035269,0.020257,-0.090553,-0.011692,0.211136,0.081975,0.092862,0.064173,-0.119752,-0.033984,-0.100731,0.207976,-0.096307,0.245667,-0.063757,0.085165,-0.055759,0.049264,0.062147,0.079866,-0.002367,0.228150,0.202097,0.050942,-0.078378,-0.128206,0.045702,0.043978,0.126816,-0.084475,-0.083128,0.193981,0.032711,-0.030233,0.060921,0.070117,0.051267,0.048804,0.050478,0.028057,0.028272,-0.012834,0.096075,0.317190,0.049613,-0.028947,-0.011132,0.070160,-0.031264,-0.035061,0.118139,0.072861,-0.078461,-0.085549,0.114612,0.187406,-0.132584,-0.036351,0.086564,0.010474,0.037981,0.227186,-0.018311,0.124721,-0.200253,0.200114,-0.001109,0.136834,0.028621,0.001909,0.040598,0.030122,0.019475,-0.009052,0.018881,0.000979,0.209033,0.012978,0.036608,-0.033334,0.038056,0.075789,-0.001948,0.107654,-0.049173,0.070914,-0.064495,0.193713,-0.030687,-0.109514,0.122819,-0.001051,#
16,0.068297,0.155368,-0.007409,0.061139,-0.095878,0.095609,0.207888,0.026306,-0.013519,0.004817,0.096755,-0.071299,-0.034431,-0.101600,-0.065956,0.110108,1.000000,0.104666,0.225353,0.223768,0.250929,-0.418061,0.073814,-0.083547,0.090790,0.163801,-0.039403,0.109084,-0.108292,0.082279,0.118015,0.161245,0.054679,-0.010561,0.092632,0.002351,0.100766,0.206872,0.031221,0.079697,0.094543,-0.115127,0.070078,-0.051501,0.074321,-0.026517,0.136973,-0.033865,-0.034148,0.032704,0.041795,0.099476,0.007536,-0.001797,0.004019,0.202984,0.004347,0.141767,-0.025288,0.001571,0.088640,0.076619,0.107842,0.028021,0.058426,0.109989,0.049197,0.143854,0.096037,-0.000335,0.166106,-0.012716,-0.010491,-0.020969,0.010682,-0.001787,-0.006556,0.103445,0.002669,0.096167,0.239151,0.020047,0.122984,0.057651,-0.047859,0.044170,0.001777,-0.107016,-0.041170,-0.011853,-0.192277,0.026694,0.022970,-0.166057,0.011104,0.048739,-0.065280,0.193946,-0.059614,0.105064,0.070984,0.118025,0.079390,0.182766,0.116814,-0.179990,0.031570,0.009521,0.297398,0.037071,-0.073596,0.030571,0.119508,0.013057,0.080388,0.090525,0.263727,0.030296,-0.000561,-0.023951,-0.174586,0.004350,0.052031,0.018779,0.156922,0.023690,0.015087,-0.014690,-0.020122,-0.101543,0.211324,0.097003,0.040876,0.046343,-0.114780,0.005611,0.004006,-0.018998,-0.007833,-0.055766,-0.059950,0.052025,0.011302,-0.040886,-0.031967,0.045526,0.212563,0.062472,0.120277,-0.095153,0.048780,0.027662,-0.186284,-0.006006,0.012210,-0.012692,-0.030327,-0.037302,-0.046164,0.087977,0.138387,-0.142835,0.159340,0.036995,0.184124,0.053478,0.012519,0.103961,0.089514,0.156209,-0.090256,0.226451,-0.033302,0.145126,0.004903,0.005594,0.110968,0.220635,0.137215,0.107020,0.052098,-0.063292,-0.117642,0.147776,-0.064087,-0.052543,0.011737,0.004810,0.109509,0.091699,-0.056469,0.191115,-0.035654,0.093923,0.237760,0.216552,0.131984,-0.020188,-0.036013,0.073111,#
17,0.058810,-0.017912,0.123960,-0.069133,-0.043966,-0.002869,0.138803,0.159515,-0.024183,0.146903,0.068051,0.001798,-0.092437,0.056650,0.097762,0.074926,0.104666,1.000000,0.107676,0.073944,0.036779,-0.015368,0.001549,-0.191702,0.183932,0.115897,0.001788,-0.004195,0.014648,-0.003893,0.059312,0.164110,-0.047139,-0.077010,-0.159994,-0.257900,-0.019451,0.187318,0.105400,0.077752,0.192431,0.090409,0.000089,-0.027735,-0.052090,0.145088,0.049296,0.074986,0.032216,0.026360,-0.082008,-0.065790,0.112893,-0.065941,0.087103,0.035305,0.071478,-0.012382,0.022231,0.122726,0.104285,-0.045635,0.227413,-0.086598,-0.047883,-0.083233,0.256550,-0.021408,-0.035649,-0.156274,0.147459,-0.067709,-0.066475,0.162093,0.179743,-0.000075,-0.084765,0.111544,0.130840,-0.007448,0.063492,0.184242,0.020614,0.176502,-0.118615,0.010642,0.190112,-0.057118,-0.047989,0.058710,-0.050297,-0.036475,0.156525,0.009808,0.162947,0.034162,-0.028875,0.003494,0.113791,0.169484,-0.122332,-0.164652,-0.086345,-0.144778,0.012985,0.061193,-0.065581,-0.013069,0.035505,0.087191,0.143568,-0.080255,0.098044,0.117153,0.206254,-0.007346,-0.109507,-0.000094,0.044657,0.167636,0.028494,0.030292,-0.050079,-0.150867,0.026972,-0.019942,0.003173,0.153322,-0.016146,0.014814,0.046258,0.099208,0.137556,0.010028,0.017372,0.039617,0.144421,0.049278,-0.029722,0.191884,-0.090629,0.049911,0.107748,0.074095,0.143578,0.023138,-0.044396,-0.013207,0.020277,-0.014159,0.093887,0.022258,-0.068083,0.076604,0.004614,0.027038,0.123993,-0.182590,-0.010869,0.052887,-0.042300,-0.044082,0.132664,-0.065662,-0.083167,-0.129575,-0.025008,-0.115232,0.069508,0.008633,0.108257,0.019955,0.072021,-0.097394,0.052594,0.031655,0.075593,0.081605,0.050867,0.205764,-0.000575,0.056758,-0.052745,0.087293,-0.004963,-0.029115,0.115726,0.046484,-0.052522,-0.023075,0.023974,0.031337,-0.069842,-0.005634,-0.148452,0.177070,-0.022653,-0.102393,0.015472,-0.177691,#
18,0.020639,0.101271,0.065341,-0.115374,-0.159631,0.114820,0.006963,0.110529,-0.163415,-0.132046,0.067030,-0.009178,0.122056,0.045896,-0.171426,0.043447,0.225353,0.107676,1.000000,0.074830,0.010156,-0.045358,-0.027714,-0.071871,-0.033799,0.070138,-0.050899,-0.044641,-0.031474,0.060306,-0.128183,0.113737,0.017044,0.023027,0.026108,0.020519,-0.050215,0.228530,-0.004736,0.039353,0.119410,-0.075814,0.176163,-0.094780,0.010341,0.023776,0.044709,0.266236,0.053168,-0.021690,-0.052107,0.104730,0.153973,-0.048553,0.023273,0.072593,-0.003612,-0.032297,0.040750,0.150571,0.027399,0.173214,-0.016054,-0.039248,0.108142,-0.079719,0.057228,-0.099130,-0.139371,0.039827,0.083607,-0.088350,-0.009697,0.088017,0.080253,-0.055709,-0.144746,0.154811,-0.030234,-0.114461,0.055838,0.006825,0.142076,-0.015325,0.110916,0.268696,-0.279698,0.094811,0.021335,-0.056900,-0.047151,0.000404,-0.053959,-0.037979,0.122108,0.037057,0.023958,0.056691,0.036916,0.042060,0.003304,-0.005601,0.018175,-0.015922,0.068647,0.133579,-0.106528,0.182114,0.104085,-0.002743,0.108344,-0.055683,-0.021690,-0.050866,0.037375,-0.006292,-0.017230,-0.096620,0.102195,0.019072,0.140142,-0.046822,-0.104201,-0.043400,0.206990,-0.097092,0.152738,0.118006,-0.027930,-0.004438,-0.051376,0.027313,0.054235,-0.099246,-0.063428,0.022199,0.063217,0.078581,0.048685,-0.070546,-0.116580,0.081883,-0.084064,-0.031848,0.140627,0.007712,0.127409,0.058422,0.126409,-0.003283,0.000414,-0.117482,0.124739,0.076292,0.138370,0.185797,0.057427,-0.121113,-0.122192,-0.152552,0.148974,0.056363,0.097080,-0.050139,-0.010440,-0.117593,0.104407,-0.044195,-0.022746,0.095911,0.143309,0.076048,0.002301,0.195341,0.089867,-0.000518,0.015220,0.013588,-0.100219,0.017511,0.007281,-0.009478,-0.120481,0.065139,-0.026658,-0.134697,0.040603,-0.011840,-0.044257,0.025237,-0.023314,0.175898,-0.053496,0.179193,0.114482,0.075843,-0.074596,0.194568,-0.011586,0.140146,#
19,0.128909,-0.098615,0.104876,-0.039715,-0.008391,0.234487,-0.034032,0.107462,0.146100,-0.062733,-0.031722,0.047120,-0.111684,-0.058608,0.095376,-0.068115,0.223768,0.073944,0.074830,1.000000,0.078476,-0.160862,-0.083419,0.014951,0.177837,0.117927,0.027751,-0.016952,-0.214706,0.151282,-0.001601,0.148754,0.191028,0.034180,0.127642,0.138824,0.147085,0.157937,0.111584,0.084073,0.162835,0.089662,0.069248,-0.077699,-0.096269,0.081328,0.001367,-0.021725,0.109067,0.178995,0.107342,0.022542,0.167167,0.108451,0.069937,0.115481,-0.024027,-0.057631,-0.033464,0.009532,0.010307,0.015033,0.162785,0.060495,0.082657,-0.002495,0.213355,0.098429,0.196335,-0.015943,0.138834,-0.032285,0.058333,0.003467,-0.005706,0.127673,-0.102993,0.079700,-0.036410,-0.155344,0.255989,-0.012585,-0.010240,0.058996,0.080389,0.044043,-0.034095,-0.039951,0.140205,0.042324,-0.015351,0.050311,-0.132715,-0.055762,0.031642,-0.069749,-0.011295,0.306686,0.056463,0.218480,-0.039063,-0.130071,0.059956,0.109507,0.066771,-0.090634,0.063820,-0.084321,0.040603,-0.098666,0.033905,-0.055784,0.061815,-0.018558,-0.146086,-0.063375,0.113128,0.052989,0.206735,-0.062856,0.071383,-0.078651,0.087163,0.083434,0.074714,0.063089,-0.005541,0.135057,0.062537,-0.048981,0.197074,0.196355,0.104030,0.039307,-0.196334,0.038521,-0.052418,0.116149,0.033733,-0.057416,-0.017153,0.095885,-0.179456,-0.154876,0.052358,-0.058264,0.014537,0.027849,0.195418,-0.004770,0.016434,-0.077765,-0.044218,0.133278,0.208401,0.033244,0.219610,-0.116509,0.113796,0.018187,0.125767,0.061979,-0.011364,0.200469,0.305301,0.205506,-0.024908,0.071238,0.006410,-0.004919,0.030450,0.187352,0.081028,0.157040,0.124258,-0.028693,0.123406,0.034776,0.145305,0.016399,-0.013696,0.134251,0.069918,-0.013555,0.082063,-0.014267,-0.058934,0.000065,-0.004937,0.176350,0.110251,0.158595,-0.055626,0.081604,0.073598,0.016924,0.096314,-0.088609,-0.007363,-0.044050,#
20,-0.057326,0.220565,0.127511,0.180676,0.111296,0.059960,-0.032052,0.126134,0.124231,0.080715,-0.047977,0.045291,0.033858,0.123482,-0.127758,-0.059577,0.250929,0.036779,0.010156,0.078476,1.000000,-0.028699,0.002700,0.104475,0.160020,0.266531,-0.150841,-0.041582,0.118398,-0.022877,0.207058,0.150809,0.235284,0.120698,0.000312,0.074632,-0.092030,0.087283,-0.100753,0.099117,0.221759,0.003845,0.054700,-0.199844,0.208967,-0.124175,0.108364,-0.002673,0.005022,0.011524,0.103647,0.078265,0.102875,0.033224,0.148800,-0.090505,-0.297360,-0.024056,0.113194,0.099863,0.091242,0.047002,0.141823,0.020711,0.013451,0.221415,0.178557,0.098376,0.035046,-0.014144,0.037716,0.087841,0.147039,0.093692,-0.156448,-0.023420,0.167498,0.033083,0.120922,0.061420,0.110778,0.076391,0.134482,-0.102005,0.044199,0.204524,0.070322,0.135347,0.100320,0.121752,0.037743,0.064373,0.066362,0.044711,0.010536,0.087087,0.094552,0.047412,0.100054,0.021553,0.233596,-0.084631,0.012054,0.232477,0.071271,0.056817,0.252434,-0.027618,0.067019,0.180862,0.010132,0.159642,-0.042708,-0.048651,0.047897,0.010578,0.195015,0.080058,-0.081467,-0.065060,-0.094785,0.061952,0.097808,0.101669,0.047820,0.091748,-0.013282,0.051261,0.014328,0.101361,0.184566,0.055035,0.256600,0.045108,-0.086917,0.170514,-0.042025,0.091490,0.052155,0.077374,-0.081059,0.150329,-0.039435,-0.111251,-0.016521,-0.022689,0.188167,-0.000297,-0.045321,-0.086376,0.122253,0.056201,-0.088178,0.086382,0.000570,0.067557,0.071792,0.112139,0.053566,0.066382,0.142976,-0.035313,0.131720,0.090961,0.051050,0.122126,0.096228,0.191955,0.060957,-0.077869,0.271428,-0.002772,-0.006741,0.043549,0.034199,0.034573,0.053591,0.107777,0.051440,0.106975,0.137272,0.076398,0.043316,0.070240,0.086270,0.139704,-0.029693,-0.060969,0.049802,0.081961,0.093819,0.190264,0.274980,0.096330,0.229504,0.195471,0.109471,0.028405,0.047958,0.025481,#
