0,1.000000,0.136627,0.240617,0.233565,0.241777,0.248952,0.304702,0.192314,0.276250,0.122990,0.269375,0.268839,0.227804,0.176429,0.303279,0.321490,0.444461,0.408100,0.351463,0.394220,0.191713,0.209266,0.356620,0.431837,0.087849,0.168510,0.246756,0.099670,0.237647,0.250275,0.126114,0.385856,0.217232,0.232076,0.425290,0.246887,0.198044,0.110811,0.296534,0.222456,0.225508,0.250469,0.396082,0.075997,0.256693,0.183851,0.162688,0.304236,0.299332,0.367811,0.230447,0.352046,0.273551,0.290938,0.342484,0.249209,0.264614,0.282158,0.237619,0.213262,0.233142,0.392050,0.334736,0.274651,0.372079,0.156895,0.283978,0.247197,0.140472,0.286376,0.155740,0.247749,0.247736,0.353981,0.260057,0.120271,0.438869,0.298893,0.318946,0.158942,0.139291,0.199717,0.297920,0.209358,0.304210,0.311278,0.354453,0.354545,0.283535,0.300838,0.189385,0.142753,0.314288,0.120631,0.243190,0.370796,0.309983,0.159941,0.306581,0.275428,0.265674,0.227757,0.239349,0.334308,0.224486,0.301928,0.310862,0.277355,0.315572,0.064929,0.193980,0.280505,0.181593,0.335289,0.341905,0.331855,0.329647,0.145812,0.226408,0.323551,0.203975,0.240987,0.385864,0.254695,0.392208,0.333128,0.212492,0.173876,0.187421,0.338935,0.225907,0.111215,0.242036,0.165182,0.299130,0.400226,0.254335,0.253781,0.039115,0.240917,0.243069,0.167653,0.160640,0.256457,0.148795,0.027048,0.237932,0.140267,0.214911,0.195154,0.160925,0.327709,0.220715,0.199505,0.272952,0.292514,0.408804,0.312606,0.403582,0.255253,0.332028,0.299626,0.322794,0.188373,0.186502,0.344359,0.259458,0.310346,0.360799,0.271949,0.131883,0.157577,0.317798,0.241707,0.118272,0.330478,0.390675,0.302972,0.257197,0.130745,0.252260,0.329341,0.269098,0.173347,0.161145,0.095412,0.146242,0.382705,0.294542,0.083806,0.177838,0.295041,0.249324,0.299775,0.344995,0.365246,0.189468,0.282877,0.203875,0.297519,#
1,0.136627,1.000000,0.227486,0.119837,0.134991,0.212330,0.200940,0.297373,0.398820,0.263914,0.293307,0.242637,0.206364,0.077594,0.122075,0.204221,0.200819,0.187797,0.154950,0.269096,0.004839,0.279277,0.247082,0.040472,0.167197,0.125436,0.093978,0.292921,0.152985,0.165355,0.283083,0.211337,0.150949,0.253973,0.134705,0.154171,0.194739,0.116874,0.317029,0.225629,0.265846,0.131829,0.291173,0.059357,0.127557,0.131381,0.240915,0.108566,0.317659,0.188726,0.104164,0.270206,0.189996,0.148820,0.240090,0.129337,0.101378,0.055425,0.066657,0.155392,0.169002,0.197088,0.115385,0.180099,0.170513,0.381359,0.293465,0.292891,0.152195,0.296179,0.327048,0.300496,0.321781,0.158895,0.291015,0.197650,0.219720,0.161841,0.277806,0.093323,0.203938,0.122861,0.132913,0.198553,0.325219,0.181220,0.208007,0.419492,0.180830,0.122577,0.173188,0.248007,0.175831,0.218542,0.286386,0.249744,0.149597,0.236697,0.204775,0.173128,0.261227,0.088022,0.127788,0.117292,0.086250,0.264022,0.144349,0.225974,0.249067,0.110551,0.088285,0.144577,0.119342,0.266131,0.155139,0.317220,0.244981,0.112260,0.179033,0.100148,0.113268,0.220213,0.266983,0.209700,0.290938,0.189462,0.127105,0.142567,0.346981,0.269895,0.060630,0.322488,0.158162,0.157813,0.284535,0.209736,0.246104,0.252599,0.151065,0.204347,0.256448,0.167738,0.207998,0.307322,0.284672,0.109467,0.071025,0.131158,0.252547,0.038211,0.342800,0.273014,0.204018,0.103774,0.310466,0.257713,0.202423,0.179715,0.101837,0.095266,0.151536,0.249691,0.203229,0.325039,0.146746,0.168447,0.309710,0.087810,0.222509,0.181606,0.172975,0.202567,0.164208,0.135854,0.236736,0.290916,0.162903,0.248823,0.059424,0.113808,0.270402,0.133319,0.288444,0.236082,0.216563,0.242910,0.155918,-0.009441,0.360461,0.304781,0.322458,0.394602,0.193016,0.120956,0.223055,0.039069,0.102008,0.351689,0.103028,0.346740,#
2,0.240617,0.227486,1.000000,0.256635,0.366084,0.287769,0.315339,0.288943,0.365483,0.260970,0.289070,0.253778,0.145123,0.314208,0.238629,0.308098,0.119366,0.275330,0.208468,0.332429,0.258895,0.261078,0.251157,0.273342,0.156138,0.280506,0.414530,0.264750,0.289888,0.255530,0.288790,0.285503,0.280862,0.233324,0.321546,0.183723,0.244037,0.200402,0.375943,0.171583,0.221794,0.232132,0.387379,0.126666,0.224941,0.241230,0.321104,0.128841,0.148584,0.255672,0.212603,0.370964,0.355329,0.256941,0.345163,0.274572,0.296980,0.080915,0.314340,0.299769,0.480461,0.287125,0.098794,0.300746,0.269609,0.272973,0.152699,0.336661,0.184053,0.296253,0.373939,0.328453,0.203916,0.340359,0.341878,0.160942,0.254714,0.207081,0.288377,0.242553,0.290771,0.222719,0.347888,0.065730,0.455026,0.292345,0.182258,0.449040,0.120766,0.180144,0.302102,0.255281,0.423582,0.331486,0.294436,0.325593,0.243889,0.229756,0.337579,0.177672,0.302073,0.248351,0.161986,0.278529,0.130730,0.319844,0.387998,0.351620,0.219090,0.113736,0.303490,0.200430,0.355604,0.290264,0.194115,0.270563,0.284885,0.295547,0.167503,0.247249,0.188356,0.106190,0.226459,0.346062,0.271812,0.169704,0.219792,0.211404,0.317407,0.370739,0.223865,0.288522,0.333998,0.336047,0.351724,0.215595,0.315719,0.328991,0.324843,0.218165,0.146469,0.366896,0.149968,0.191362,0.322611,0.195884,0.105504,0.172995,0.221061,0.252138,0.316603,0.318011,0.374482,0.355787,0.246187,0.250697,0.212851,-0.010296,0.356595,0.161626,0.072963,0.216987,0.370704,0.295337,0.198442,0.351662,0.255911,0.117914,0.279847,0.246169,0.263724,0.269611,0.335841,0.166378,0.261141,0.297674,0.199020,0.347898,0.137098,0.108158,0.229662,0.453941,0.188983,0.358515,0.235227,0.240915,0.212237,0.129666,0.275164,0.269153,0.311039,0.273877,0.435163,0.328305,0.279185,0.207644,0.085857,0.205655,0.280063,0.439698,#
3,0.233565,0.119837,0.256635,1.000000,0.288383,0.224209,0.278548,0.284522,0.486260,0.319787,0.279440,0.275227,0.219863,0.221682,0.302745,0.204011,0.216597,0.324356,0.420036,0.310754,0.199371,0.338482,0.358917,0.290420,0.152772,0.265976,0.350621,0.314129,0.241480,0.355148,0.261244,0.291787,0.357006,0.405949,0.279289,0.303740,0.197276,0.296091,0.345898,0.341179,0.219206,0.381062,0.393858,0.314050,0.259434,0.264550,0.137793,0.207682,0.176583,0.179738,0.305801,0.252485,0.329844,0.127787,0.221180,0.343952,0.319554,0.202126,0.340129,0.289578,0.234249,0.260091,0.229411,0.286835,0.521964,0.127922,0.162340,0.190855,-0.040275,0.333063,0.202953,0.314684,0.357014,0.207756,0.219806,0.171810,0.248474,0.239488,0.171598,0.180791,0.290897,0.220194,0.380289,0.043631,0.327803,0.278998,0.300150,0.340886,0.234065,0.262883,0.457561,0.323716,0.255265,0.297796,0.370938,0.334502,0.147067,0.240833,0.333957,0.080961,0.214833,0.214577,0.201528,0.067542,0.430246,0.130423,0.351418,0.305203,0.218964,0.153183,0.217981,0.109056,0.247383,0.293766,0.168850,0.295910,0.170772,0.226009,0.203828,0.225377,0.204600,0.319212,0.302028,0.160476,0.256842,0.269333,0.253046,0.435355,0.206622,0.196770,0.328547,0.294088,0.207316,0.283638,0.255194,0.378312,0.238055,0.207021,0.105608,0.272007,0.078086,0.396267,0.349046,0.074038,0.202742,0.384090,0.260639,0.380956,0.180874,0.296743,0.266118,0.175618,0.241668,0.348956,0.240317,0.178715,0.222749,0.149418,0.483515,0.249349,0.203321,0.263092,0.166379,0.183558,0.203167,0.309584,0.385593,0.254181,0.343511,0.294960,0.220648,0.143404,0.243413,0.264271,0.171999,0.351600,0.331819,0.325143,0.153467,0.242271,0.111973,0.385685,0.257593,0.228583,0.211850,0.154621,0.262513,0.205389,0.246867,0.330903,0.428560,0.263731,0.320060,0.291106,0.358792,0.309653,0.266636,0.219603,0.134995,0.271386,#
4,0.241777,0.134991,0.366084,0.288383,1.000000,0.355921,0.309961,0.366742,0.380222,0.366628,0.124062,0.371712,0.281569,0.225548,0.284724,0.269963,0.354481,0.334519,0.289345,0.487300,0.408931,0.374046,0.357444,0.407902,0.125652,0.326915,0.352875,0.153072,0.349630,0.277296,0.318267,0.425386,0.353464,0.407190,0.271030,0.292018,0.390480,0.238115,0.446655,0.293099,0.315353,0.337674,0.334275,0.242014,0.256898,0.338047,0.347216,0.369858,0.223501,0.191192,0.280787,0.335708,0.360304,0.256276,0.368640,0.382396,0.243637,0.238603,0.332541,0.327533,0.253309,0.389871,0.291971,0.205665,0.386714,0.310241,0.179903,0.317717,0.208942,0.335457,0.269710,0.344093,0.380064,0.354667,0.369422,0.163270,0.285955,0.385794,0.269627,0.319784,0.208833,0.334824,0.336316,0.164421,0.400880,0.262277,0.255360,0.321045,0.222757,0.253015,0.427697,0.272618,0.321888,0.237988,0.393684,0.389658,0.324258,0.260198,0.204332,0.251669,0.330565,0.330277,0.295721,0.221161,0.204325,0.332518,0.374380,0.285001,0.383716,0.360642,0.216935,0.281945,0.305667,0.423368,0.258346,0.263697,0.394949,0.354121,0.179188,0.280190,0.049225,0.258064,0.400703,0.261830,0.376850,0.227812,0.226374,0.372766,0.412123,0.374393,0.384783,0.228174,0.325181,0.375427,0.415021,0.323111,0.239438,0.231880,0.290718,0.137744,0.197189,0.292725,0.405818,0.174642,0.324326,0.263183,0.316986,0.289201,0.188636,0.378454,0.299281,0.398261,0.345739,0.453012,0.446395,0.328016,0.366324,0.163131,0.260526,0.284914,0.292410,0.253317,0.404020,0.132778,0.082413,0.333382,0.155469,0.275440,0.325860,0.350867,0.139152,0.227840,0.416406,0.222455,0.288067,0.368920,0.424333,0.416870,0.225048,0.241585,0.250389,0.270714,0.337594,0.256205,0.287783,0.378457,0.185135,0.322568,0.366643,0.440109,0.212275,0.305285,0.254983,0.277234,0.304564,0.420756,0.294534,0.177272,0.416707,0.419753,#
5,0.248952,0.212330,0.287769,0.224209,0.355921,1.000000,0.155432,0.349620,0.358936,0.199225,0.272717,0.227917,0.172578,0.056773,0.286820,0.334971,0.279867,0.351218,0.088392,0.498002,0.211510,0.230528,0.295456,0.255575,0.184378,0.259295,0.413066,0.268994,0.319192,0.198442,0.420182,0.344613,0.354397,0.272170,0.172689,0.321820,0.264414,0.132232,0.329224,0.172197,0.386154,0.232457,0.284191,0.262624,0.280145,0.348183,0.371376,0.249451,0.348951,0.050030,0.280485,0.283241,0.244043,0.262444,0.086547,0.430573,0.294265,0.127608,0.453531,0.299066,0.207935,0.384061,0.296649,0.366713,0.420649,0.280838,0.097271,0.299851,0.183396,0.159310,0.273582,0.244195,0.343627,0.227430,0.238439,0.305468,0.347369,0.380645,0.296102,0.308652,0.350305,0.192848,0.362068,0.157762,0.169503,0.309422,0.347394,0.432084,0.262828,0.089986,0.183358,0.285838,0.480022,0.426103,0.288318,0.272515,0.235151,0.321726,0.380431,0.273905,0.254929,0.260420,0.296871,0.242271,0.225374,0.359500,0.302431,0.290507,0.177712,0.261790,0.168216,0.383183,0.209287,0.240924,0.204931,0.222704,0.358527,0.184336,0.110745,0.303215,0.081523,0.280939,0.301236,0.335235,0.198793,0.185838,0.332688,0.200191,0.226675,0.351299,0.405721,0.335633,0.362778,0.377736,0.321001,0.282695,0.345882,0.270596,0.192254,0.169385,0.194391,0.160249,0.278241,0.270403,0.398822,0.198710,0.155927,0.184646,0.288749,0.225874,0.307108,0.234473,0.267376,0.259281,0.279430,0.199137,0.422387,0.172380,0.286855,0.238432,0.280041,0.250587,0.330768,0.201493,0.292766,0.268920,0.081205,0.408994,0.349800,0.325903,0.346736,0.281886,0.256156,0.240862,0.257524,0.230492,0.247408,0.327111,0.243583,0.267601,0.368322,0.317001,0.445050,0.239823,0.292002,0.274625,0.300560,0.231977,0.202047,0.286050,0.244793,0.360061,0.188257,0.210143,0.155169,0.235616,0.171200,0.200995,0.262021,0.346256,#
6,0.304702,0.200940,0.315339,0.278548,0.309961,0.155432,1.000000,0.200657,0.357936,0.151327,0.163634,0.214188,0.325918,0.327652,0.142869,0.214229,0.241780,0.353030,0.220659,0.228951,0.352621,0.270842,0.153740,0.321821,0.189270,0.234868,0.186629,0.253305,0.250281,0.374668,0.239281,0.241125,0.173765,0.247442,0.363477,0.240681,0.141453,0.127048,0.225210,0.302094,0.193947,0.322154,0.360571,0.189079,0.395449,0.114203,0.235750,0.009326,0.381519,0.246149,0.221404,0.359240,0.267727,0.146970,0.335535,0.241706,0.243749,0.280396,0.346644,0.220099,0.242036,0.203755,0.182566,0.136382,0.457041,0.314293,0.343883,0.168322,0.160562,0.222882,0.217547,0.264140,0.208624,0.434858,0.275322,0.162172,0.314578,0.134999,0.273939,0.149374,0.236174,0.191415,0.283689,0.073292,0.173474,0.281923,0.220687,0.292389,0.251648,0.231377,0.208473,0.223796,0.180813,0.169194,0.225755,0.214381,0.337914,0.268764,0.228454,0.299784,0.213022,0.218408,0.320357,0.164749,0.078012,0.107393,0.296329,0.150096,0.188668,0.118223,0.185062,0.169308,0.070960,0.230582,0.291927,0.135383,0.417059,0.217303,0.234382,0.213988,0.300225,0.205722,0.323046,0.320248,0.356193,0.367594,0.201354,0.252704,0.107645,0.249036,0.176598,0.255917,0.326614,0.181555,0.231948,0.293741,0.263557,0.177688,0.311668,0.284631,0.253656,0.292724,0.186814,0.100529,0.208560,0.282474,0.139736,0.201853,0.195049,0.103746,0.369250,0.274285,0.273680,0.220049,0.209678,0.226670,0.282121,0.223841,0.339880,0.130869,0.183838,0.289622,0.272182,0.239419,0.198946,0.357306,0.287789,0.194603,0.277890,0.142266,0.250633,0.213635,0.171903,0.152554,0.245584,0.261909,0.281755,0.280064,0.217997,0.138280,0.269386,0.227976,0.354700,0.291165,0.196903,0.180754,0.089710,0.275114,0.139444,0.231029,0.152212,0.265202,0.233501,0.328950,0.259208,0.184441,0.200998,0.291033,0.313247,0.305483,#
7,0.192314,0.297373,0.288943,0.284522,0.366742,0.349620,0.200657,1.000000,0.514615,0.287023,0.270226,0.359695,0.270157,0.269706,0.438215,0.174438,0.382089,0.290985,0.295837,0.318177,0.229259,0.342034,0.459443,0.348499,0.344721,0.331108,0.334737,0.357354,0.323861,0.289186,0.155973,0.361946,0.309550,0.308986,0.212386,0.194908,0.337285,0.145837,0.415525,0.238823,0.300971,0.228754,0.360881,0.327238,0.300904,0.363466,0.336819,0.349504,0.190798,0.217932,0.344976,0.273937,0.279785,0.342680,0.262665,0.278221,0.166976,0.311320,0.271156,0.280205,0.182010,0.358919,0.256140,0.152017,0.347945,0.316714,0.205375,0.351105,0.274560,0.514566,0.276211,0.113018,0.472650,0.287031,0.409682,0.178619,0.308526,0.260776,0.380255,0.271384,0.311742,0.312185,0.321193,0.168588,0.339249,0.261529,0.338507,0.411467,0.263812,0.278918,0.211621,0.283428,0.368576,0.346884,0.419990,0.200295,0.293042,0.381625,0.331873,0.276172,0.380935,0.231177,0.262513,0.281242,0.242909,0.374414,0.286907,0.294873,0.255190,0.174117,0.384345,0.194837,0.312700,0.386469,0.366729,0.234297,0.321978,0.145188,0.179751,0.435345,0.236912,0.341053,0.326483,0.445747,0.397307,0.253277,0.384890,0.404871,0.292854,0.192647,0.292400,0.165314,0.381840,0.275350,0.432606,0.435197,0.310174,0.257006,0.240420,0.270319,0.284079,0.324909,0.337255,0.116288,0.296953,0.274676,0.287422,0.178380,0.326932,0.287468,0.280571,0.368189,0.321721,0.338691,0.266694,0.423578,0.261724,0.264041,0.350072,0.274699,0.331858,0.150632,0.465887,0.178411,0.188828,0.342285,0.315660,0.205975,0.229334,0.226679,0.375840,0.409295,0.350010,0.285500,0.294731,0.360609,0.290501,0.328069,0.182894,0.315755,0.429586,0.268365,0.286525,0.250667,0.255609,0.346362,0.206264,0.187804,0.295874,0.343941,0.347267,0.323246,0.261376,0.173642,0.263143,0.264068,0.238233,0.331409,0.265014,0.360288,#
8,0.276250,0.398820,0.365483,0.486260,0.380222,0.358936,0.357936,0.514615,1.000000,0.412070,0.229471,0.333335,0.292461,0.320400,0.390912,0.394825,0.267528,0.376574,0.299263,0.416065,0.205863,0.515186,0.436225,0.296670,0.090134,0.428155,0.356846,0.479709,0.337202,0.402166,0.294650,0.348336,0.325437,0.395176,0.274535,0.295885,0.356104,0.265322,0.351377,0.361057,0.320996,0.459648,0.454146,0.280507,0.287402,0.257997,0.243165,0.291079,0.380157,0.376678,0.369707,0.435656,0.241950,0.346328,0.302956,0.488712,0.266719,0.351598,0.287134,0.409117,0.369407,0.357902,0.425982,0.269083,0.416525,0.456444,0.297414,0.367732,0.285330,0.478639,0.344586,0.322312,0.440595,0.487091,0.353712,0.294292,0.369700,0.349781,0.345517,0.380711,0.328858,0.338612,0.325728,0.187217,0.391094,0.353831,0.258624,0.389265,0.154427,0.340909,0.355880,0.323394,0.389623,0.389740,0.488221,0.340878,0.335990,0.332472,0.389712,0.237707,0.336551,0.336804,0.352924,0.360383,0.349835,0.341981,0.420434,0.366811,0.295074,0.237648,0.300437,0.318920,0.295483,0.363257,0.452915,0.414867,0.394512,0.185750,0.267865,0.406041,0.264781,0.310260,0.455506,0.387483,0.380410,0.425836,0.331644,0.391002,0.320383,0.368528,0.292229,0.202322,0.451257,0.447255,0.534013,0.369036,0.311454,0.311502,0.157233,0.323599,0.193984,0.432032,0.481137,0.281095,0.334704,0.358319,0.378932,0.265317,0.366881,0.299694,0.361564,0.340601,0.328806,0.508160,0.437444,0.393943,0.347888,0.326287,0.380355,0.365855,0.293407,0.267908,0.416490,0.350328,0.297339,0.341823,0.347694,0.247157,0.428433,0.431122,0.324615,0.355711,0.362629,0.291889,0.438053,0.398612,0.270773,0.417678,0.309640,0.227466,0.398889,0.384058,0.219887,0.443796,0.367764,0.379623,0.305142,0.262076,0.347453,0.357943,0.403938,0.353506,0.418984,0.281139,0.353903,0.354782,0.280307,0.322404,0.349631,0.395900,#
9,0.122990,0.263914,0.260970,0.319787,0.366628,0.199225,0.151327,0.287023,0.412070,1.000000,0.257759,0.143596,0.243805,0.214065,0.357193,0.270251,0.221883,0.272828,0.356113,0.407327,0.388556,0.358801,0.356148,0.369692,0.134113,0.117360,0.255443,0.371810,0.168941,0.395002,0.209123,0.203276,0.244782,0.368792,0.342654,0.299608,0.207621,0.172343,0.379479,0.199359,0.383951,0.253770,0.277695,0.137198,0.315802,0.216833,0.238853,0.201911,0.146090,0.175084,0.136621,0.270692,0.198938,0.184022,0.177410,0.377786,0.207991,0.250213,0.285862,0.243989,0.224450,0.285121,0.315430,0.272057,0.356605,0.445887,0.277023,0.349773,0.254014,0.217404,0.393271,0.265835,0.204773,0.274563,0.250913,0.210936,0.114875,0.328641,0.252675,0.357527,0.202628,0.219212,0.212641,0.138534,0.427079,0.132372,0.192883,0.399383,0.187098,-0.016342,0.280780,0.348791,0.351934,0.239598,0.377351,0.236827,0.261506,0.418974,0.325588,0.052402,0.208381,0.209629,0.377737,0.135142,0.365250,0.282056,0.293336,0.141576,0.324409,0.211318,0.319390,0.342100,0.462786,0.375534,0.175937,0.299293,0.198141,0.133615,0.136811,0.205844,0.242695,0.274731,0.337730,0.276849,0.276247,0.113223,0.231413,0.247748,0.348498,0.258329,0.253964,0.278312,0.310154,0.418905,0.339999,0.211670,0.221516,0.231743,0.119875,0.255116,0.046608,0.396989,0.388215,0.255184,0.252221,0.266247,0.259511,0.272143,0.142982,0.235309,0.188392,0.157131,0.284115,0.365467,0.278494,0.313411,0.262899,0.317513,0.295411,0.271476,0.232028,0.214393,0.327513,0.366903,0.307233,0.215214,0.210656,0.184664,0.415722,0.237305,0.373949,0.383843,0.227944,0.288471,0.316288,0.466978,0.163822,0.347001,0.314949,0.272466,0.207577,0.204466,0.275950,0.263922,0.225175,0.386268,0.123400,0.116398,0.453622,0.237316,0.300279,0.276458,0.278188,0.201256,0.252966,0.214965,0.128111,0.250278,0.138941,0.194687,#
10,0.269375,0.293307,0.289070,0.279440,0.124062,0.272717,0.163634,0.270226,0.229471,0.257759,1.000000,0.204099,0.000842,0.141109,0.163165,0.270941,0.182545,0.133192,0.224461,0.291254,0.195701,0.109496,0.212852,0.217876,0.061423,0.092238,0.214528,0.368585,0.082189,0.266961,0.131079,0.207386,0.167068,0.287185,0.271722,0.213284,0.162365,0.158898,0.237631,0.054255,0.316659,0.161395,0.174805,0.081058,0.259172,0.284299,0.295417,0.204755,0.275468,0.379852,-0.008546,0.214732,0.344910,0.129636,0.132909,0.233312,0.187518,0.092188,0.191925,0.202229,0.199776,0.304995,0.305285,0.344716,0.308878,0.119744,0.172316,0.168113,0.062363,0.211138,0.163072,0.344372,0.256151,0.182305,0.121849,0.199731,0.178795,0.269407,0.207604,0.082252,0.381143,0.189365,0.219768,0.147745,0.292216,0.126276,0.239033,0.411366,0.148964,0.227498,0.208221,0.404398,0.256191,0.341676,0.310234,0.347814,0.061839,0.215861,0.400937,0.247113,0.178278,0.167897,0.199444,0.272286,0.406318,0.036029,0.166493,0.266662,0.159394,0.127682,0.124130,0.160991,0.214276,0.207199,0.196166,0.334583,0.221996,0.083012,0.227695,0.251642,0.242504,0.367786,0.087821,0.162453,0.019794,0.186553,0.334148,0.244698,0.254371,0.106555,0.079370,0.130050,0.193833,0.208613,0.330655,0.211759,0.154267,0.278402,0.087766,0.152176,0.282152,0.079388,0.153837,0.180336,0.139634,0.053568,0.009659,0.098937,0.229213,0.144720,0.290478,0.216967,0.346111,0.249332,0.164558,0.219829,0.330489,0.133748,0.274145,0.147291,0.307719,0.172937,0.307863,0.287914,0.199257,0.232328,0.373670,0.178406,0.316847,0.284796,0.280302,0.159784,0.075357,0.168841,0.187959,0.177479,0.230010,0.374379,0.113833,0.299742,0.153244,0.126047,0.324466,0.135882,0.201238,0.071911,0.050528,0.105493,0.159041,0.301445,0.292977,0.162753,0.232448,0.140926,0.289931,0.157074,0.004120,0.289963,0.212089,0.369149,#
11,0.268839,0.242637,0.253778,0.275227,0.371712,0.227917,0.214188,0.359695,0.333335,0.143596,0.204099,1.000000,0.233101,0.205443,0.231998,0.133792,0.208595,0.344029,0.253596,0.187776,0.228379,0.308381,0.256301,0.157542,0.191272,0.334177,0.133087,0.323531,0.316803,0.269191,0.304297,0.265230,0.292548,0.299882,0.231575,0.115216,0.393650,0.162437,0.191405,0.374008,0.259344,0.324762,0.363022,0.185078,0.180848,0.294910,0.434258,0.236343,0.214594,0.258557,0.233454,0.341009,0.265255,0.361277,0.271470,0.228894,0.035553,0.296027,0.245513,0.248807,0.181359,0.221696,0.370478,0.150380,0.313412,0.296397,0.260993,0.274550,0.234246,0.395410,0.301631,0.284035,0.280535,0.266792,0.246308,0.030996,0.333391,0.288281,0.268168,0.041944,0.279335,0.290981,0.302222,0.035384,0.293732,0.231242,0.113178,0.282664,0.209763,0.115436,0.207466,0.409515,0.307330,0.238066,0.344884,0.411275,0.190927,0.244302,0.272186,0.192170,0.157802,0.271428,0.243515,0.250736,0.266583,0.396774,0.249297,0.367314,0.364793,0.248151,0.392627,0.245583,0.317612,0.309870,0.061710,0.353816,0.254834,0.298957,0.096243,0.367835,0.117998,0.301636,0.340414,0.198802,0.300843,0.251627,0.235872,0.228339,0.332018,0.265829,0.226374,0.276374,0.403576,0.359105,0.279499,0.246005,0.245005,0.303723,0.177079,0.300020,0.252820,0.188030,0.205483,0.249531,0.403193,0.170320,0.365284,0.185412,0.169161,0.243612,0.277627,0.268281,0.243530,0.276576,0.387825,0.239744,0.323990,0.114819,0.352638,0.147240,0.161367,0.273811,0.291180,0.164274,0.271495,0.125848,0.252957,0.170105,0.308122,0.370175,0.228508,0.224632,0.248514,0.299404,0.183571,0.267938,0.135933,0.279914,0.146430,0.339094,0.319408,0.188662,0.320342,0.168681,0.338585,0.163412,0.103888,0.284129,0.325184,0.374030,0.320929,0.206353,0.372205,0.293087,0.316250,0.249813,0.239782,0.305140,0.210183,0.314766,#
12,0.227804,0.206364,0.145123,0.219863,0.281569,0.172578,0.325918,0.270157,0.292461,0.243805,0.000842,0.233101,1.000000,0.208421,0.329508,0.150804,0.378504,0.360522,0.335730,0.344096,0.241478,0.262026,0.276625,0.252066,0.063689,0.169216,0.220724,0.246560,0.363915,0.143593,0.166541,0.208546,0.325501,0.244892,0.239084,0.192766,0.186815,0.119608,0.185610,0.323804,0.081756,0.120384,0.275640,0.389377,0.214386,0.198182,0.317711,0.084330,0.202420,0.148649,0.321104,0.177733,0.226300,0.235177,0.283946,0.196186,0.090487,0.235562,0.225842,0.107376,0.103895,0.353778,0.041590,0.242006,0.348537,0.248509,0.171664,0.179158,0.170160,0.242885,0.253914,0.218100,0.345036,0.236348,0.355523,0.237368,0.282897,0.107121,0.236607,0.160843,0.217117,0.203500,0.228797,0.176134,0.124099,0.272850,0.191724,0.288411,0.287107,0.142175,0.177298,0.143699,0.165116,0.096168,0.226834,0.316345,0.412140,0.392930,0.199788,0.073952,0.078708,0.258697,0.304467,0.354512,0.209672,0.155889,0.268432,0.154815,0.175432,0.178346,0.263994,0.137931,0.197111,0.230397,0.349916,0.147609,0.406682,0.084452,0.211011,0.095960,0.223841,0.264737,0.332596,0.342801,0.331889,0.190154,0.103275,0.049071,0.104363,0.223515,0.205165,0.167784,0.133984,0.264154,0.276426,0.155733,0.264103,0.283193,0.320574,0.084715,0.212140,0.400371,0.295941,0.125206,0.267806,0.202934,0.235002,0.176985,0.135796,0.379775,0.184382,0.343718,0.280302,0.176057,0.223333,0.431469,0.219359,0.084137,0.256978,0.181976,0.226607,0.317033,0.340562,0.203437,0.359583,0.222385,0.304122,0.264252,0.147004,0.125510,0.275113,0.283621,0.181742,0.216961,0.186002,0.204785,0.265608,0.364285,0.256786,0.030197,0.233845,0.286611,0.249966,0.210028,0.084134,0.231718,0.183086,0.361700,0.238394,0.099531,0.201220,0.167111,0.232683,0.263582,0.199929,0.208205,0.164785,0.214740,0.245418,0.151526,#
13,0.176429,0.077594,0.314208,0.221682,0.225548,0.056773,0.327652,0.269706,0.320400,0.214065,0.141109,0.205443,0.208421,1.000000,0.244867,0.148488,0.220248,0.289221,0.310482,0.225091,0.368510,0.302215,0.349103,0.271132,0.076839,0.252971,0.169340,0.353918,0.336267,0.348419,0.050651,0.217716,0.356304,0.298904,0.199848,0.069133,0.238017,0.216440,0.222930,0.281294,0.344694,0.290801,0.337191,0.191987,0.406422,0.201443,0.255848,0.246537,0.307662,0.160180,0.176294,0.392474,0.167922,0.295949,0.242526,0.269312,0.157292,0.207688,0.225453,0.218038,0.252279,0.314417,0.230898,0.207415,0.297522,0.218768,0.272394,0.171781,0.296640,0.206080,0.199031,0.213335,0.006763,0.357922,0.356763,0.226436,0.236175,0.253202,0.274506,0.233902,0.230745,0.228173,0.384693,0.132823,0.254269,0.223208,0.126974,0.198265,0.332175,0.223822,0.256076,0.225351,0.346473,0.328044,0.380773,0.152954,0.235973,0.250768,0.266185,0.392553,0.184049,0.240912,0.183292,0.408365,0.206845,0.339103,0.224202,0.277654,0.228508,0.214465,0.289665,0.303163,0.363983,0.294333,0.296725,0.319408,0.160633,0.318848,0.215181,0.407823,0.226502,0.279041,0.171588,0.134523,0.259219,0.055597,0.181665,0.095878,0.216723,0.166686,0.097100,0.274870,0.237025,0.207264,0.403524,0.188954,0.205778,0.178596,0.313220,0.215260,-0.052015,0.317013,0.400167,0.151375,0.128272,0.278142,0.301329,0.202910,0.213222,0.184467,0.203619,0.309493,0.202625,0.389710,0.164333,0.340724,0.181658,0.111779,0.270416,0.285107,0.315043,0.226183,0.241184,0.251734,0.209915,0.295179,0.222953,0.184416,0.301963,0.164422,0.221167,0.274570,0.244883,0.192366,0.329848,0.234905,0.187971,0.433457,0.308598,0.157967,0.168541,0.347662,0.263528,0.260472,0.277066,0.255054,0.202004,0.238101,0.036034,0.186373,0.295805,0.235001,0.276085,0.345382,0.327835,0.187370,0.294331,0.146046,0.269063,0.254537,#
14,0.303279,0.122075,0.238629,0.302745,0.284724,0.286820,0.142869,0.438215,0.390912,0.357193,0.163165,0.231998,0.329508,0.244867,1.000000,0.345640,0.305406,0.266548,0.360479,0.364561,0.291174,0.208269,0.307424,0.325292,0.196227,0.126215,0.305109,0.286593,0.375590,0.272556,0.208717,0.390332,0.313179,0.268166,0.305705,0.200303,0.269016,0.222389,0.298546,0.280407,0.209759,0.178044,0.384015,0.234786,0.260808,0.304021,0.217213,0.168286,0.069510,0.202476,0.246190,0.220194,0.165391,0.366705,0.231569,0.292226,0.266438,0.236370,0.340778,0.234118,0.237605,0.363011,0.285756,0.372691,0.252930,0.173600,0.201354,0.299563,0.176102,0.352400,0.296447,0.193286,0.280752,0.202174,0.357576,0.243570,0.421081,0.272257,0.169634,0.084399,0.337704,0.353006,0.356659,0.338243,0.260629,0.258423,0.248643,0.381413,0.234397,0.112285,0.141619,0.152464,0.368615,0.398414,0.314314,0.406736,0.537346,0.319442,0.364821,0.083053,0.235252,0.260759,0.342087,0.173712,0.379224,0.242076,0.241855,0.182772,0.100577,0.094407,0.268122,0.238704,0.318472,0.294690,0.272198,0.354822,0.316865,0.113305,0.189982,0.262480,0.310023,0.316445,0.331658,0.306126,0.400428,0.104334,0.199628,0.424404,0.178311,0.355049,0.207661,0.221321,0.280174,0.341980,0.383952,0.292519,0.242314,0.331786,0.190243,0.189303,0.087535,0.318425,0.288527,0.235520,0.232315,0.379433,0.278261,0.219232,0.207413,0.143421,0.292965,0.280488,0.184716,0.304888,0.347626,0.314130,0.356670,0.182673,0.226607,0.242483,0.269359,0.177447,0.349410,0.209239,0.199731,0.275356,0.236868,0.169969,0.311806,0.349305,0.227087,0.264658,0.307781,0.338757,0.222150,0.394236,0.264495,0.313114,0.271504,0.072860,0.361176,0.390343,0.300011,0.208587,0.238346,0.185185,0.257605,0.134268,0.150253,0.231016,0.101114,0.267328,0.373684,0.279202,0.292822,0.206021,0.237564,0.146424,0.266215,0.163727,#
15,0.321490,0.204221,0.308098,0.204011,0.269963,0.334971,0.214229,0.174438,0.394825,0.270251,0.270941,0.133792,0.150804,0.148488,0.345640,1.000000,0.274855,0.319581,0.217236,0.315331,0.157967,0.285641,0.290933,0.324318,0.140308,0.239127,0.253890,0.247428,0.232351,0.401423,0.181101,0.354160,0.181732,0.262844,0.247284,0.348061,0.309293,0.144895,0.375030,0.172856,0.181706,0.254303,0.296127,0.180524,0.320787,0.192055,0.239550,0.381829,0.226545,0.318255,0.079793,0.405624,0.231975,0.244142,0.260923,0.234810,0.253359,0.118093,0.219420,0.237133,0.328520,0.314394,0.267078,0.352316,0.235716,0.320511,0.215011,0.198414,0.085737,0.132225,0.296575,0.161662,0.128340,0.232082,0.293331,0.167872,0.329458,0.282408,0.246883,0.169697,0.394044,0.255305,0.066741,0.224093,0.410319,0.289585,0.135083,0.497143,0.139053,0.168613,0.226821,0.157477,0.235615,0.192823,0.229867,0.324599,0.286514,0.220875,0.207958,0.110772,0.362818,0.163381,0.336209,0.317289,0.202938,0.245997,0.390954,0.251710,0.131614,0.263976,0.097079,0.227304,0.206405,0.280818,0.123134,0.242836,0.278080,0.173168,0.186810,0.180416,0.226180,0.181388,0.259816,0.202554,0.138432,0.252182,0.344270,0.284729,0.216045,0.481286,0.022415,0.091982,0.235417,0.237798,0.289383,0.178333,0.107959,0.066702,0.195739,0.183728,0.123469,0.173011,0.281712,0.123509,0.193564,0.179445,0.159721,0.168623,0.210924,0.143348,0.288142,0.153581,0.346100,0.311856,0.245269,0.248578,0.386909,0.186138,0.182280,0.241649,0.169307,0.187078,0.396545,0.052405,0.267339,0.332880,0.291795,0.353551,0.411941,0.140470,0.082420,0.344037,0.028913,0.241297,0.176730,0.348873,0.268458,0.329076,0.172746,0.215312,0.285327,0.243925,0.217634,0.287024,0.227833,0.243122,0.045029,0.220759,0.059447,0.216962,0.200120,0.282114,0.283006,0.187720,0.167343,0.247950,0.253099,0.294632,0.258723,0.272217,#
16,0.444461,0.200819,0.119366,0.216597,0.354481,0.279867,0.241780,0.382089,0.267528,0.221883,0.182545,0.208595,0.378504,0.220248,0.305406,0.274855,1.000000,0.344453,0.208069,0.390518,0.365719,0.283145,0.203931,0.273807,0.145713,0.313136,0.344529,0.096671,0.210751,0.319039,0.167985,0.377560,0.364510,0.399293,0.291120,0.243781,0.363964,0.149038,0.389342,0.277820,0.228167,0.254457,0.359481,0.176951,0.234418,0.270479,0.170447,0.185033,0.271710,0.329745,0.195856,0.213843,0.329378,0.492160,0.338289,0.286677,0.099446,0.294924,0.279234,0.160947,0.095452,0.434298,0.193380,0.249794,0.294132,0.242894,0.164138,0.279314,0.284151,0.389014,0.153070,0.194835,0.347052,0.292671,0.305337,0.187516,0.275241,0.323345,0.292331,0.311391,0.262398,0.271976,0.271808,0.315927,0.344243,0.286114,0.295928,0.357605,0.300244,0.243227,0.244207,0.200883,0.330397,0.178518,0.363359,0.383747,0.313647,0.302910,0.313530,0.240596,0.125663,0.178342,0.284909,0.303276,0.179290,0.402618,0.365674,0.193839,0.290470,0.159509,0.302385,0.308681,0.330278,0.290757,0.382789,0.337130,0.473053,0.226824,0.257917,0.235924,0.301856,0.392737,0.383727,0.337443,0.422082,0.318924,0.276470,0.250330,0.260433,0.298343,0.276359,0.208327,0.288282,0.129005,0.384596,0.320437,0.235229,0.199204,0.149993,0.237438,0.193984,0.218165,0.304702,0.235878,0.225261,0.161764,0.293217,0.123913,0.316000,0.414699,0.167224,0.373231,0.239857,0.236869,0.320791,0.421508,0.364687,0.213297,0.309222,0.344663,0.188569,0.255498,0.392877,0.231330,0.212611,0.309193,0.276919,0.380786,0.297632,0.091645,0.321338,0.357092,0.204279,0.196295,0.216306,0.237410,0.239776,0.325432,0.316543,0.127479,0.171111,0.270549,0.271204,0.101871,0.330201,0.354846,0.276079,0.324354,0.233619,0.227580,0.378889,0.240866,0.240106,0.223793,0.234992,0.266911,0.218546,0.126708,0.206465,0.269988,#
17,0.408100,0.187797,0.275330,0.324356,0.334519,0.351218,0.353030,0.290985,0.376574,0.272828,0.133192,0.344029,0.360522,0.289221,0.266548,0.319581,0.344453,1.000000,0.258010,0.329954,0.335815,0.358910,0.317904,0.468474,0.249954,0.326900,0.377480,0.269027,0.249529,0.302839,0.283301,0.295826,0.275424,0.317879,0.341555,0.399979,0.226681,0.272503,0.439717,0.316871,0.426875,0.425308,0.431286,0.260170,0.279595,0.272203,0.246831,0.409698,0.353421,0.289485,0.317195,0.390981,0.308940,0.250676,0.309603,0.357307,0.224440,0.177093,0.336249,0.095770,0.259631,0.359976,0.146221,0.296322,0.341357,0.462221,0.318221,0.393030,0.273031,0.320143,0.230264,0.350691,0.181259,0.238051,0.249270,0.236070,0.331070,0.273382,0.287012,0.264972,0.266446,0.285994,0.308679,0.177696,0.245874,0.231200,0.372113,0.273737,0.312422,0.242773,0.320081,0.206548,0.419182,0.297570,0.325650,0.467226,0.335878,0.216081,0.198130,0.228772,0.358951,0.091717,0.246155,0.298178,0.242524,0.243456,0.409794,0.263820,0.290915,0.185660,0.301908,0.251765,0.178287,0.404709,0.299672,0.191749,0.234682,0.303660,0.184191,0.305469,0.189671,0.311693,0.356884,0.287832,0.430383,0.400725,0.291140,0.212407,0.218281,0.342858,0.415631,0.316144,0.368162,0.246987,0.214526,0.324949,0.322525,0.276841,0.344987,0.358525,0.274447,0.353624,0.467092,0.266063,0.292400,0.290808,0.284745,0.341114,0.234690,0.188053,0.352969,0.184053,0.229082,0.334022,0.373740,0.459003,0.441700,0.268721,0.348911,0.235064,0.204782,0.295660,0.456521,0.315124,0.263739,0.341891,0.178977,0.309057,0.455784,0.221702,0.386483,0.173103,0.252486,0.217796,0.275539,0.284388,0.368648,0.334788,0.261454,0.357147,0.286893,0.474889,0.323430,0.339657,0.316034,0.272171,0.300158,0.398854,0.262561,0.167155,0.255584,0.333118,0.384054,0.331451,0.416592,0.452285,0.170792,0.416296,0.224433,0.319264,#
18,0.351463,0.154950,0.208468,0.420036,0.289345,0.088392,0.220659,0.295837,0.299263,0.356113,0.224461,0.253596,0.335730,0.310482,0.360479,0.217236,0.208069,0.258010,1.000000,0.446543,0.279310,0.277231,0.366866,0.289133,0.174429,0.268798,0.190694,0.328229,0.308898,0.217847,0.040892,0.259775,0.294716,0.373555,0.382558,0.307105,0.232245,0.188798,0.261141,0.318468,0.330319,0.142018,0.329520,0.164464,0.400188,0.169968,0.268770,0.198460,0.110744,0.253223,0.131997,0.284088,0.341178,0.177406,0.322296,0.268813,0.188733,0.283628,0.230619,0.283250,0.271361,0.262232,0.322369,0.221098,0.462663,0.201020,0.247154,0.235415,-0.029362,0.275825,0.288189,0.148478,0.244415,0.206338,0.368616,0.197636,0.398006,0.253612,0.331832,0.221307,0.187501,0.184288,0.358504,0.213144,0.274075,0.211513,0.248384,0.315094,0.202137,0.162197,0.332662,0.238399,0.270119,0.202828,0.457263,0.344570,0.330637,0.316472,0.303983,0.243322,0.311325,0.251447,0.294497,0.322261,0.443343,0.287116,0.241207,0.144586,0.215526,0.091703,0.338345,0.120177,0.415740,0.351820,0.143093,0.175167,0.247708,0.040046,0.217748,0.289016,0.317646,0.366558,0.270458,0.080413,0.252375,0.135062,0.154013,0.267398,0.347742,0.227641,0.131015,0.269157,0.197533,0.304335,0.313557,0.359877,0.295031,0.310110,0.136228,0.188754,0.097128,0.340116,0.335459,0.322403,0.171036,0.382925,0.262858,0.134599,0.143431,0.269623,0.196097,0.363946,0.313842,0.321156,0.243524,0.360899,0.270234,0.242298,0.289209,0.282122,0.296959,0.213210,0.350879,0.269007,0.270553,0.410205,0.375607,0.243646,0.289230,0.291378,0.203070,0.322885,0.261333,0.242215,0.101910,0.346846,0.293112,0.400469,0.179042,0.241410,0.210139,0.268153,0.257572,0.205379,0.270184,0.145620,0.339492,0.172649,0.215948,0.187219,0.359873,0.235399,0.255937,0.365949,0.372964,0.291652,0.147894,0.196896,0.328257,0.274534,#
19,0.394220,0.269096,0.332429,0.310754,0.487300,0.498002,0.228951,0.318177,0.416065,0.407327,0.291254,0.187776,0.344096,0.225091,0.364561,0.315331,0.390518,0.329954,0.446543,1.000000,0.344933,0.285735,0.350907,0.341330,0.210408,0.228516,0.407758,0.277917,0.324945,0.377496,0.303987,0.329687,0.246815,0.324871,0.238510,0.315452,0.382974,0.143657,0.404385,0.322123,0.381814,0.223038,0.335240,0.203514,0.291212,0.305667,0.391118,0.246919,0.363467,0.250176,0.169278,0.328556,0.266289,0.335603,0.274720,0.359588,0.319876,0.203986,0.366096,0.213643,0.317169,0.533889,0.393577,0.360319,0.443636,0.254807,0.240142,0.324472,0.142606,0.262595,0.363057,0.207799,0.307014,0.326830,0.319352,0.272058,0.354455,0.340530,0.429327,0.280269,0.254733,0.201306,0.396872,0.272421,0.303361,0.354441,0.273373,0.472014,0.333083,0.105622,0.299853,0.294874,0.449136,0.302181,0.376923,0.432957,0.414152,0.336558,0.277298,0.247578,0.308635,0.241121,0.347172,0.329066,0.326822,0.401751,0.382367,0.345712,0.242315,0.102099,0.173756,0.293466,0.349168,0.353944,0.337723,0.234156,0.445264,0.277996,0.243993,0.176980,0.152810,0.415842,0.392086,0.318769,0.405423,0.202573,0.393752,0.261284,0.370217,0.402749,0.318614,0.283970,0.278317,0.349578,0.474965,0.260945,0.342512,0.330618,0.171419,0.198697,0.136077,0.279644,0.364172,0.243870,0.323505,0.298660,0.263752,0.137245,0.352851,0.341759,0.351420,0.490844,0.310214,0.316007,0.344992,0.439802,0.416159,0.252628,0.349108,0.384341,0.435478,0.253831,0.386208,0.218210,0.390545,0.364767,0.203464,0.337472,0.402041,0.317092,0.293208,0.359028,0.382559,0.285260,0.272682,0.331808,0.316269,0.494800,0.362054,0.229176,0.177861,0.433597,0.391216,0.399048,0.413874,0.220351,0.270189,0.302407,0.301358,0.279986,0.393763,0.384148,0.263386,0.375796,0.272957,0.420795,0.141980,0.219145,0.403926,0.347268,#
20,0.191713,0.004839,0.258895,0.199371,0.408931,0.211510,0.352621,0.229259,0.205863,0.388556,0.195701,0.228379,0.241478,0.368510,0.291174,0.157967,0.365719,0.335815,0.279310,0.344933,1.000000,0.345261,0.191235,0.275889,0.138347,0.355169,0.316273,0.190386,0.313724,0.318183,0.072297,0.184077,0.269449,0.358746,0.348580,0.412238,0.353124,0.129916,0.391071,0.325378,0.286487,0.421612,0.209216,0.169324,0.426937,0.277757,0.347058,0.106612,0.156123,0.210228,0.116974,0.349879,0.172644,0.334499,0.317110,0.257068,0.235012,0.327940,0.331512,0.177317,0.297659,0.304026,0.363969,0.175345,0.357451,0.274555,0.216689,0.193643,0.252061,0.334682,0.393330,0.255322,0.097570,0.290260,0.342419,0.091606,0.253949,0.272998,0.228688,0.259860,0.202231,0.348324,0.410224,0.149607,0.226329,0.245617,0.323043,0.267083,0.312177,0.206506,0.315913,0.361554,0.334544,0.333614,0.484159,0.232924,0.239744,0.348551,0.312666,0.171377,0.285936,0.162653,0.427624,0.238367,0.283090,0.161760,0.272472,0.263692,0.122784,0.409771,0.299514,0.339233,0.318772,0.207102,0.316073,0.249503,0.394425,0.366465,0.147765,0.381292,0.336026,0.296797,0.294045,0.372632,0.296796,0.285882,0.257757,0.164651,0.457511,0.332216,0.365286,0.193410,0.280505,0.376977,0.354462,0.169802,0.212014,0.179201,0.276104,0.282423,0.149002,0.250715,0.274549,0.223287,0.275559,0.249480,0.192743,0.150934,0.120621,0.435977,0.298868,0.289473,0.282047,0.474160,0.283652,0.325246,0.304505,0.127236,0.318182,0.395646,0.201580,0.372327,0.313889,0.260477,0.323804,0.117369,0.185479,0.266876,0.431873,0.235856,0.307197,0.240237,0.359509,0.118852,0.163443,0.288639,0.102913,0.326516,0.404810,0.149494,0.200275,0.272976,0.279190,0.214198,0.224608,0.194172,0.189511,0.362370,0.209926,0.287119,0.102069,0.213741,0.249344,0.444441,0.245848,0.164245,0.241052,0.182436,0.370961,0.306353,#
21,0.209266,0.279277,0.261078,0.338482,0.374046,0.230528,0.270842,0.342034,0.515186,0.358801,0.109496,0.308381,0.262026,0.302215,0.208269,0.285641,0.283145,0.358910,0.277231,0.285735,0.345261,1.000000,0.286658,0.306937,0.121736,0.302668,0.292250,0.218746,0.313684,0.312345,0.273796,0.306100,0.343930,0.281393,0.385772,0.317679,0.410038,0.333472,0.378371,0.240694,0.296307,0.386312,0.287711,0.254977,0.295925,0.269566,0.235154,0.270957,0.277013,0.147711,0.219334,0.397813,0.110115,0.194378,0.332249,0.294758,0.250387,0.289763,0.273924,0.145846,0.338897,0.212176,0.314769,0.159799,0.439892,0.374847,0.271253,0.320306,0.206889,0.278118,0.387200,0.321213,0.285666,0.414476,0.412562,0.183749,0.239488,0.295588,0.295617,0.371096,0.214078,0.245105,0.324596,0.006987,0.388158,0.258983,0.293673,0.350521,0.209339,0.295660,0.239745,0.165524,0.288148,0.253215,0.402180,0.263603,0.342576,0.230574,0.160540,0.253583,0.316244,0.306455,0.398020,0.228914,0.219811,0.372367,0.182771,0.106010,0.271863,0.329758,0.363162,0.303230,0.242194,0.365985,0.194464,0.336952,0.423449,0.233366,0.098505,0.270303,0.244271,0.346139,0.368187,0.296362,0.361084,0.247319,0.235858,0.337316,0.326028,0.329627,0.354428,0.317559,0.449995,0.271561,0.293132,0.295243,0.112679,0.173561,0.233409,0.333621,0.213363,0.351184,0.348059,0.316327,0.306096,0.358164,0.323792,0.291751,0.220261,0.361426,0.335040,0.246619,0.234498,0.441986,0.445999,0.431654,0.296229,0.133191,0.292173,0.312177,0.235292,0.320444,0.383953,0.331952,0.349794,0.237209,0.300716,0.313832,0.321364,0.342015,0.291145,0.211758,0.220086,0.088904,0.292735,0.393511,0.125183,0.418785,0.156890,0.177163,0.282931,0.347825,0.235302,0.311230,0.277554,0.348621,0.204882,0.203751,0.213464,0.376771,0.340726,0.250241,0.308195,0.370332,0.380089,0.217900,0.298061,0.356604,0.303184,0.254861,#
