0,1.000000,0.028205,0.068489,0.022904,0.143115,0.098946,0.037459,-0.083134,0.022418,-0.025520,0.126551,-0.044262,-0.005699,-0.085881,0.163455,0.359962,0.196848,0.148235,0.139325,0.188449,-0.051420,-0.031935,0.197875,0.345795,0.030958,0.030653,0.099958,-0.142878,-0.034300,0.090984,0.003923,0.208451,0.029011,0.165925,0.227757,0.002731,-0.017357,-0.014268,0.170297,0.131771,0.092450,0.002596,0.202670,-0.089054,0.033846,-0.019878,-0.022806,0.229215,0.162627,0.230675,-0.020147,0.099819,0.034333,0.117682,0.162806,0.101443,0.196679,0.142399,-0.001372,0.036474,0.131989,0.098380,0.166793,0.009121,-0.006998,-0.009862,0.058992,0.139720,0.019676,0.060410,0.087805,-0.041159,0.114100,0.238938,0.015582,-0.128826,0.238300,0.165069,-0.016394,0.069238,0.005383,0.028253,0.015243,0.147615,0.208549,0.044757,0.231636,0.136532,0.240944,0.142734,-0.015422,0.015023,0.184626,-0.024234,0.013980,0.141184,0.078373,-0.055173,0.062588,0.183429,0.192256,0.086632,0.006885,0.154158,0.059574,0.104176,0.224416,0.117056,0.213927,-0.079629,-0.048716,0.085562,-0.038518,-0.016847,0.152000,0.075433,0.087598,-0.048158,0.087574,0.031689,0.081820,0.035885,0.219216,0.106226,0.117163,0.167977,0.157103,-0.054656,0.063856,0.154079,0.057694,0.028704,-0.048893,-0.037363,0.045879,0.099604,0.091799,0.013577,-0.207355,0.070465,0.211086,0.063417,-0.032359,0.059840,0.075448,-0.096223,0.102468,0.041606,0.107299,-0.036716,-0.097089,0.089134,0.108406,-0.055238,0.049243,0.215043,0.127214,0.132884,0.039706,0.077642,0.102024,0.119268,0.067169,-0.136142,0.079748,0.237121,-0.016582,0.144786,0.193488,0.007076,-0.075206,-0.040452,0.080856,0.076664,-0.029934,0.212169,0.265630,0.082804,0.076207,0.001450,0.116768,0.130409,0.094740,0.047078,0.064276,-0.064777,0.039695,0.234943,0.184014,-0.095702,-0.123028,0.128178,-0.132764,0.064769,0.139737,0.164599,-0.004302,0.141925,0.145563,0.162367,#
1,0.028205,1.000000,0.036130,0.061646,-0.017101,0.047879,0.137866,0.077204,0.220048,0.032338,0.173263,0.230735,0.014710,-0.183071,-0.100323,-0.078862,-0.029192,0.053455,-0.081769,0.053941,-0.178700,0.120614,0.033841,-0.106644,0.059223,0.025532,-0.050148,0.137199,-0.241180,0.028521,0.108207,0.004903,-0.119832,0.089824,-0.102633,0.064885,0.089460,-0.047111,0.151837,0.053605,-0.002185,-0.077104,0.119010,0.034043,-0.097525,-0.026486,0.291358,0.041653,0.073404,-0.001817,0.077582,-0.001476,0.121121,0.090447,0.056160,0.071947,0.017196,-0.105573,-0.158081,0.055578,-0.023053,0.012161,0.086420,-0.033319,-0.136261,0.138155,0.053790,0.153162,0.051617,0.129199,0.119880,0.115826,0.199858,-0.044569,0.099877,0.048867,0.039936,-0.012995,0.187145,-0.008734,0.079762,0.080650,-0.087330,0.046613,0.191323,-0.103628,0.105297,0.120658,0.058889,-0.053250,0.011745,0.053895,-0.111359,0.024175,0.057529,0.070609,-0.098404,-0.048330,-0.055839,0.057633,0.173980,0.045518,0.003319,-0.057532,-0.039655,0.058335,0.085234,0.138946,0.105280,0.021593,-0.050493,0.048543,-0.041349,0.019400,0.061495,0.204302,0.097122,-0.055267,0.009005,-0.089849,-0.157180,0.081133,0.143644,0.118121,0.002761,0.053761,0.075616,0.100051,0.106685,0.116090,-0.074543,0.139971,0.013928,0.080194,0.060265,0.046290,0.161906,0.158059,0.080554,0.139443,0.154907,-0.011970,0.035882,0.198509,0.243638,-0.061812,-0.035600,-0.058286,0.005090,-0.111206,0.082023,0.032279,-0.039655,-0.145100,0.189408,0.098108,-0.092766,0.041418,-0.295206,-0.176251,-0.073394,0.107036,0.105281,0.125001,0.085937,-0.054167,-0.056518,-0.151800,-0.012021,0.178777,0.080442,0.135021,0.035753,0.039444,0.020086,0.112120,0.050071,0.055672,0.052992,0.001550,0.035211,-0.066208,0.064976,-0.041756,0.123727,0.094431,0.015116,-0.105953,0.177332,0.124320,0.168696,0.093157,-0.196743,0.049998,0.029118,-0.023425,-0.038142,0.150689,-0.059090,0.240355,#
2,0.068489,0.036130,1.000000,0.039083,0.250014,0.007263,0.072378,0.054925,0.024909,0.071525,0.170839,0.193177,0.046480,0.196273,-0.062635,0.201046,-0.011435,-0.034027,0.122250,0.105809,0.193708,0.188440,-0.052636,0.030686,0.037399,0.215954,0.166697,-0.062008,-0.133633,0.054550,-0.035430,-0.003696,0.011952,-0.057185,0.108365,0.056582,0.058370,-0.057728,0.080957,-0.123101,0.025492,-0.023629,0.231359,-0.002575,0.133770,0.044304,0.110877,-0.011011,-0.017125,0.037440,0.029896,0.159779,0.102905,0.012130,0.078532,-0.006576,0.153752,-0.062380,0.165114,0.123732,0.322341,0.062718,-0.031598,0.107884,0.121665,0.082087,0.037362,0.065959,0.122187,0.012179,0.087565,0.170902,-0.055272,0.135936,0.214000,0.013981,0.094494,0.104264,0.027474,0.091919,0.120412,-0.066859,0.013280,-0.097816,0.149273,0.046524,0.145320,0.162390,0.037155,-0.091606,0.003378,0.129954,0.122591,0.156333,0.031944,0.146955,0.107641,0.038296,0.092823,0.038842,0.161616,0.095009,-0.037777,0.227090,-0.032308,0.119976,0.172227,0.153665,0.099141,0.088300,0.160028,0.065877,0.176148,0.060248,-0.007454,0.138445,0.147711,-0.043675,-0.201329,0.022971,-0.055035,-0.092810,0.048737,0.057930,0.077621,-0.035757,0.233853,-0.007198,0.141441,0.086215,-0.124399,0.177256,0.098722,0.151927,0.151640,-0.073829,0.125612,0.029406,0.055620,-0.011135,0.105768,0.145468,0.039545,0.019107,0.240733,-0.050765,-0.146934,-0.007701,0.165896,0.000114,0.080473,0.115149,0.236843,0.157221,-0.065371,0.071117,0.027248,-0.052998,0.027521,0.096097,-0.115986,0.140987,0.132487,0.153493,0.037017,0.182525,0.000184,-0.089988,-0.056719,0.021345,-0.088414,0.250517,0.128527,-0.013141,0.059051,0.055598,0.097429,0.059313,-0.135726,-0.029028,0.121999,0.213701,-0.163174,0.147394,-0.012977,0.102874,0.100003,-0.036670,0.078364,-0.064480,0.045637,0.109076,0.129683,0.094863,0.120190,0.064598,-0.159667,0.083556,0.167223,0.177123,#
3,0.022904,0.061646,0.039083,1.000000,0.090930,-0.015668,0.027633,-0.012135,0.258106,0.072040,0.093719,0.058771,0.050550,-0.050249,0.093611,0.023157,0.024035,0.124803,0.171594,0.144005,0.142059,0.117601,0.223740,0.206455,0.054280,0.180707,0.106969,-0.016932,0.078173,0.139841,0.091654,0.084263,0.276635,0.190926,-0.084682,0.092592,0.083437,0.168272,0.283680,0.093592,-0.003401,0.203704,0.183009,0.143911,-0.065365,0.098322,-0.002634,0.171838,-0.100908,0.044954,0.056007,0.061800,0.192878,-0.013284,0.101793,0.110981,0.107983,-0.039476,-0.015943,0.143869,0.166003,-0.014081,-0.014221,-0.027566,0.262275,-0.009462,0.013885,-0.184277,-0.059926,0.263891,0.060288,0.093643,0.117499,-0.007355,0.072027,0.023420,0.035774,0.059474,-0.024499,-0.105260,0.178892,0.111786,0.185268,0.016569,0.192483,-0.035517,-0.013284,-0.021186,0.114931,0.083250,0.226815,0.125686,0.049349,0.071329,0.067420,0.052421,0.029734,-0.134383,0.099099,-0.028517,0.158913,-0.022754,0.005570,-0.013588,0.252767,-0.069724,0.206783,0.202971,-0.085160,0.031954,0.133601,-0.053713,0.065260,0.057266,0.063846,0.012213,0.011058,0.125852,-0.011358,-0.023793,0.025719,0.005798,0.107746,0.094718,-0.037381,0.121461,0.156746,0.181150,-0.033000,0.010070,0.189822,0.126044,0.071604,0.166521,0.043154,0.139497,-0.012833,0.006773,0.076055,0.071186,-0.045431,0.220737,0.107260,-0.031272,0.038716,0.004010,0.151817,0.223239,0.036126,0.133463,-0.040597,-0.064182,0.004723,0.110956,0.153254,-0.001552,-0.074835,0.046115,0.171843,0.036364,0.018505,0.055867,0.153968,0.186651,0.075067,0.027993,0.020857,0.076240,-0.086252,0.052651,0.105793,-0.112362,0.044748,-0.089809,0.011897,0.104486,0.118703,0.085005,-0.085784,0.146463,-0.030741,0.273254,0.092244,-0.181190,-0.117340,-0.050721,0.089518,0.045283,0.105503,0.059906,0.156479,0.061173,0.058778,0.028168,0.096230,0.052969,0.142747,0.039478,0.019733,0.034082,#
4,0.143115,-0.017101,0.250014,0.090930,1.000000,0.115770,-0.048985,0.134571,0.163171,0.157435,-0.101181,0.107486,0.126905,0.078605,0.084355,0.162521,-0.020833,0.127688,0.121761,0.295968,0.326225,0.068023,0.186116,0.192743,-0.004177,0.215866,0.040516,-0.145493,0.114849,0.066602,0.067010,0.073579,0.112109,0.091068,0.048509,0.137596,0.281351,-0.035371,0.180906,0.103665,0.048592,0.201449,0.174666,0.041181,0.214174,0.168829,0.300107,0.118084,0.000897,0.042349,0.026616,0.131522,0.142858,0.188295,0.344416,0.189426,0.109162,0.079204,0.170619,0.153697,0.165538,0.191621,0.034401,-0.071821,0.049014,0.007390,0.052825,0.108580,-0.009586,0.131532,0.222076,0.120695,0.132944,0.143501,0.122383,-0.071263,0.052813,0.150103,0.101713,0.200626,0.151529,0.200839,0.010256,0.012976,0.367750,0.050848,0.114629,0.113626,0.117317,0.087339,0.232640,-0.058405,0.182918,0.005473,0.173624,0.149351,0.059993,0.034528,-0.055950,0.066671,0.121647,0.040667,0.126704,0.120612,0.039151,0.189787,0.047632,0.148298,0.147654,0.195434,0.137430,0.209345,0.244425,0.226293,0.041982,-0.012657,0.197859,0.053303,-0.074270,0.057284,-0.080452,0.028554,0.082599,0.030755,0.232150,-0.088280,0.222604,0.065974,0.235597,0.130325,0.160839,0.049700,0.140281,0.222726,0.152708,0.130750,0.037740,-0.052156,0.107130,0.031301,0.098097,0.103968,0.196330,0.024805,0.217320,0.186500,0.101378,0.167510,0.060525,0.110898,0.014207,0.169285,0.172001,0.302370,0.232437,0.079786,0.212352,0.084656,-0.106682,0.110610,0.147946,0.050446,0.042895,-0.103358,-0.130218,0.098716,-0.051917,0.091212,-0.025995,0.058376,-0.089152,0.057053,0.392621,0.139877,0.185285,0.196833,0.206929,0.218328,0.041756,0.166320,0.005290,0.002739,0.100063,0.117311,0.124533,0.107293,-0.148272,0.159338,0.155790,0.214862,-0.079323,0.190800,-0.014697,0.032083,0.104263,0.161705,0.111270,0.066638,0.186252,0.339453,#
5,0.098946,0.047879,0.007263,-0.015668,0.115770,1.000000,-0.013976,0.151390,0.087859,0.159128,0.175659,0.035862,0.160761,-0.061677,0.068856,0.139820,-0.013059,0.137427,-0.172245,0.245694,-0.035603,-0.051288,0.198952,0.102865,0.122440,0.021522,0.090474,0.078264,0.177244,0.076979,0.248166,0.174027,0.178434,0.193578,-0.088831,0.145550,0.125068,-0.023058,0.152552,0.029163,0.185705,0.042064,-0.035978,0.162006,0.056006,0.084631,0.203799,0.002144,0.141125,-0.034151,0.092029,0.118732,-0.038935,-0.006572,0.121844,0.193879,0.119330,-0.115234,0.325811,0.113014,0.031815,0.164468,0.075699,0.055338,0.206613,0.088018,-0.007239,0.111138,0.135135,-0.187740,0.126487,0.047573,0.169896,0.094551,0.053496,0.106359,0.154295,0.084357,0.107787,0.094664,0.166474,0.033879,0.149232,0.003143,0.033767,0.023942,0.077951,0.120671,0.109078,-0.126991,-0.092830,0.061768,0.275744,0.250449,0.019159,0.120119,-0.054740,0.118960,0.131154,0.138911,0.067983,0.111121,-0.131678,0.093445,0.034113,0.230694,0.135281,0.193191,0.099394,0.007034,-0.013494,0.197982,-0.042315,0.046164,0.093734,-0.047816,0.083432,0.055803,-0.091200,-0.013208,-0.106701,0.123854,0.041088,0.136032,-0.104762,-0.059435,0.127298,-0.061410,0.061345,0.120837,0.235310,0.080117,0.187656,0.210458,0.088342,0.186819,0.091291,0.095917,0.013357,-0.095805,0.063530,0.081951,0.158580,0.157795,0.161697,-0.006866,0.012257,-0.016207,0.066313,-0.011977,0.153368,0.020665,0.197216,0.078443,-0.018568,0.121678,0.160232,0.020780,0.083200,-0.039838,0.156648,0.006030,0.230322,0.103718,0.058518,0.129784,-0.134648,0.270347,0.170925,0.074393,0.303469,0.072591,0.175453,0.035693,-0.019325,0.079650,0.122409,0.151123,0.078477,0.127519,0.204441,0.007719,0.284250,0.104653,0.084067,0.085327,0.110921,0.066676,-0.008700,-0.085535,-0.032327,0.192345,-0.020836,0.043266,0.135118,-0.032001,0.024219,0.144005,0.093631,0.225929,#
6,0.037459,0.137866,0.072378,0.027633,-0.048985,-0.013976,1.000000,-0.049471,0.126801,-0.035476,-0.028185,0.026267,0.070566,0.032058,-0.051561,0.081150,0.006022,0.054016,0.019546,-0.108783,0.110887,0.067262,-0.105827,-0.038788,-0.020348,0.034697,-0.001157,-0.010378,-0.022499,0.153073,0.039598,0.028754,-0.049495,0.053233,-0.021614,0.051614,-0.209950,0.121183,-0.048750,-0.025001,-0.115518,-0.141617,0.076187,0.015280,0.115859,-0.055490,0.028811,-0.171525,0.038621,-0.012327,-0.012156,0.014986,0.051623,0.052863,0.046614,0.052480,-0.086952,-0.054121,0.051271,0.090036,0.176615,-0.096332,0.103244,-0.099485,0.106242,0.146920,0.069309,0.031405,-0.072620,0.016537,0.034245,0.009501,-0.110583,0.197015,0.161739,0.022271,0.115366,0.016677,0.025393,-0.042231,0.007340,-0.079978,0.060329,-0.075599,-0.054311,0.105662,0.009731,0.006908,-0.106048,-0.060112,0.006930,-0.150521,-0.097528,-0.111592,-0.051765,-0.076359,0.141928,0.007661,-0.019253,0.257753,0.012567,0.129088,0.110373,0.004496,-0.193235,0.014572,0.102926,-0.049415,0.011814,-0.069344,0.033924,0.096913,-0.073436,-0.279509,0.068612,-0.059539,0.175445,-0.074695,0.024743,-0.063225,0.101766,-0.028289,-0.081093,0.135066,-0.004423,0.118654,-0.117101,-0.017712,-0.081241,0.006730,0.027747,-0.014032,0.018809,-0.010485,-0.017476,0.048709,0.023971,-0.119857,0.087924,0.095808,-0.026239,0.106428,-0.153115,-0.073263,-0.036088,0.019698,0.032841,-0.021642,0.021339,-0.187299,0.244714,-0.114530,0.058404,-0.170457,0.022848,-0.005310,-0.059656,0.250162,-0.027279,-0.074833,-0.166480,0.078786,0.114183,0.187870,0.011192,0.113400,-0.072272,-0.016074,-0.086612,-0.094707,0.010860,0.007465,-0.041058,-0.091348,0.134297,0.010807,-0.043314,-0.001187,0.022951,-0.094856,0.050340,-0.093823,0.146774,-0.025592,0.100978,0.011146,-0.040306,0.028430,-0.146305,0.008919,-0.052496,0.066737,-0.179944,0.123111,-0.091048,-0.119181,0.085571,-0.002431,0.019061,0.077984,#
7,-0.083134,0.077204,0.054925,-0.012135,0.134571,0.151390,-0.049471,1.000000,0.287272,0.052733,0.123311,0.212259,0.049432,-0.039409,0.152826,0.004304,0.099035,0.148690,-0.050755,-0.034084,0.023351,0.086832,0.153006,0.086587,0.198271,0.083725,0.000135,0.097766,-0.063327,0.018801,-0.005598,-0.021998,0.124687,0.073508,-0.065274,0.072196,-0.023964,-0.085518,0.204836,0.119596,-0.045918,-0.050008,0.045408,0.178041,0.171701,0.092464,0.137297,0.033977,-0.037364,0.005689,0.115663,-0.005788,-0.042014,0.099777,0.042308,-0.011960,0.053914,0.163620,0.108340,0.048486,0.046697,0.122139,0.059419,-0.031977,0.047816,0.164274,0.040488,-0.043807,0.070367,0.251083,0.090570,-0.027246,0.313441,0.033613,0.028587,0.026422,-0.048645,0.003689,0.066840,0.278741,0.123553,0.042117,0.039527,-0.001783,0.067189,0.056166,0.072429,0.036185,0.022731,0.080497,-0.061705,-0.010644,0.062129,0.071674,-0.020895,-0.143262,-0.027846,0.121867,-0.016909,0.130810,0.099573,0.019900,-0.041940,0.046043,-0.068112,0.091921,0.135593,0.071027,0.017674,0.087545,0.041573,0.001585,0.063683,0.022399,0.288118,0.064127,0.038524,-0.139023,-0.124697,0.177879,-0.005419,0.105219,-0.013588,0.083269,0.118701,0.012689,0.202755,0.106193,0.021484,-0.036890,0.045268,0.057566,0.261137,0.025427,0.235821,0.175122,-0.192125,0.178833,-0.034272,-0.028875,0.170483,0.007849,0.045292,-0.049454,0.090681,0.000294,0.093511,-0.012459,-0.000568,0.115771,0.027097,0.094315,0.139819,0.097744,-0.090119,0.126083,0.098797,0.061790,0.027174,0.115966,0.075798,-0.106102,0.248744,-0.051500,-0.177582,0.219277,0.125165,-0.093770,-0.052808,-0.037854,0.106264,0.040942,0.168368,0.088624,0.152886,0.038613,-0.018018,0.030872,-0.175568,0.200672,0.264187,0.049083,0.046972,0.054355,-0.116050,0.103526,-0.137815,-0.152549,0.038473,0.235440,0.106247,-0.028035,-0.017188,-0.076039,0.058504,-0.020686,-0.047089,0.060990,0.101090,0.109103,#
8,0.022418,0.220048,0.024909,0.258106,0.163171,0.087859,0.126801,0.287272,1.000000,0.151603,0.134791,0.156476,0.056671,-0.027868,0.164537,0.238438,-0.087992,0.134223,0.045838,0.042135,-0.136898,0.182918,0.211403,0.173182,-0.060742,0.140394,0.004703,0.154020,-0.028522,0.208452,-0.020228,0.090148,0.018278,0.078720,-0.064831,0.095223,0.120651,-0.003761,0.097915,0.125200,0.010848,0.147599,0.117787,0.077332,0.129947,0.075409,0.002434,0.026150,0.104507,0.079864,0.151293,0.267472,-0.013308,0.202678,0.088654,0.244184,0.152879,0.185315,-0.034570,0.278419,0.205141,0.048525,0.178794,-0.133219,0.147183,0.261362,0.100281,0.002747,0.192644,0.172327,0.182949,-0.000481,0.128365,0.134879,0.136851,0.115031,-0.021251,0.036196,0.084276,0.158618,0.169398,0.161921,0.058543,0.010051,0.192940,0.061229,0.045587,0.013113,-0.027858,0.228157,0.092766,0.130349,0.070932,0.020551,0.238989,0.132312,0.105097,-0.022548,0.075137,0.089309,0.154078,0.021902,0.048614,0.081494,0.135105,0.082163,0.161206,0.175090,0.047420,0.166859,0.012234,0.081693,0.002155,-0.008897,0.238954,0.241462,0.133437,-0.036357,-0.001243,0.193615,0.063996,0.081540,0.122289,0.105274,0.101278,0.150000,0.160344,0.281989,0.002032,0.132481,0.016430,-0.038884,0.182740,0.181884,0.217127,0.192091,-0.071381,0.032988,-0.032858,-0.015671,0.082555,0.153414,0.200526,0.017577,0.056208,0.002433,0.267267,0.063270,0.082508,-0.018825,0.138628,-0.031960,0.105171,0.192030,0.236342,0.289227,0.118900,0.257279,0.005378,0.121770,0.029455,-0.011500,0.157216,0.087446,0.123927,0.170376,0.107165,-0.079796,0.075907,0.115364,0.023093,0.123158,0.187481,-0.007982,0.277979,0.040451,0.035580,0.118677,0.062609,0.163229,0.126834,0.058916,-0.009170,0.106048,0.069889,0.179634,-0.063132,-0.019376,0.152800,0.118269,0.098156,0.116172,0.064321,-0.013544,0.194140,0.040449,0.076025,0.081116,0.061442,0.052017,#
9,-0.025520,0.032338,0.071525,0.072040,0.157435,0.159128,-0.035476,0.052733,0.151603,1.000000,0.201712,-0.019076,0.056864,0.005501,0.075567,0.181411,-0.002643,-0.046632,-0.027901,0.212862,0.081635,0.023261,0.155394,0.138662,-0.087696,0.004407,0.111876,0.061199,0.106125,0.077361,0.219454,0.050271,-0.060693,0.244491,0.209377,0.088320,-0.044366,0.066447,0.110548,-0.075557,0.155272,-0.053926,0.077532,-0.072121,0.037393,0.118428,0.069170,-0.032379,-0.136118,0.013340,-0.047456,0.060116,-0.079373,0.096801,-0.056435,0.097140,-0.002321,-0.009278,0.207968,0.070559,0.131685,0.108955,0.241216,0.129755,0.069389,0.161080,0.001080,-0.022282,0.094061,-0.080369,0.312872,0.048598,0.087576,0.082019,0.034287,0.001376,-0.199235,-0.041131,0.150648,0.219355,-0.001804,0.158404,-0.092026,-0.135758,0.273271,-0.055234,0.047926,0.192433,-0.182924,-0.163166,-0.007254,0.199120,0.124391,-0.042821,0.043211,0.032848,0.090663,0.182375,0.151686,-0.186672,0.021736,0.099082,0.167238,-0.011603,0.260592,0.098631,0.077794,-0.146954,0.117603,0.058625,0.013680,0.103836,0.180742,0.295228,-0.129068,0.109373,0.002527,-0.020856,0.018581,-0.136571,-0.023706,0.146166,-0.032147,0.087896,-0.035055,0.001304,-0.076004,0.158698,0.112444,0.164466,0.024070,-0.101559,0.133132,0.235698,0.124405,0.108672,0.077220,0.077864,-0.046042,-0.098942,-0.116234,0.132837,0.136790,0.076580,-0.124414,0.011023,0.108837,0.027510,-0.004089,0.143168,-0.011376,-0.115150,0.273679,0.191906,0.198784,0.044296,0.033779,0.085099,0.169498,-0.054685,0.105821,-0.055151,0.066726,0.176217,0.076645,0.005025,0.039661,0.026996,0.268050,-0.101704,0.038036,0.042611,0.023745,0.091270,0.088460,0.175839,-0.001232,0.112158,0.104142,0.044072,0.014333,-0.057712,0.107436,0.118553,0.004362,0.106213,-0.096577,-0.038892,0.278964,0.133519,0.081530,0.095140,-0.026136,0.023541,-0.040884,-0.005127,0.003383,0.068399,-0.029891,0.133183,#
10,0.126551,0.173263,0.170839,0.093719,-0.101181,0.175659,-0.028185,0.123311,0.134791,0.201712,1.000000,0.011869,-0.178229,-0.134979,0.055802,0.124329,0.002350,0.085362,-0.033473,0.095809,-0.059497,-0.073334,-0.037010,0.131155,-0.010716,-0.096631,-0.064318,0.229106,-0.094687,0.112394,0.038320,0.062928,0.088366,0.075453,0.081139,-0.007970,-0.017985,-0.023790,0.195973,-0.000723,0.222202,-0.068044,-0.074976,-0.105173,-0.013887,0.001299,0.065975,0.031471,0.097126,0.283747,-0.088970,0.063843,-0.046170,0.098481,-0.050855,0.112088,-0.053411,-0.154906,-0.076665,0.137584,0.046600,0.108195,0.049092,0.254373,0.140513,0.072367,0.138302,-0.062164,-0.091649,0.034525,0.022363,0.134200,0.034563,0.080256,-0.000364,0.039529,-0.049855,-0.039650,-0.044842,0.059652,0.195234,0.024891,0.103035,0.017286,0.207921,-0.059057,0.033823,0.171591,-0.057474,0.143770,-0.047477,0.155114,0.127514,0.082468,0.093546,0.157754,-0.082823,-0.110406,0.220393,0.059520,-0.027553,-0.002323,0.016653,-0.019487,0.159379,-0.196808,0.108201,0.182118,-0.001579,-0.043365,-0.029152,0.146727,-0.096464,0.008349,0.195131,0.241315,0.023939,-0.041404,-0.010463,-0.014233,0.016767,0.151030,-0.060616,0.079011,-0.155587,0.010569,0.196661,0.192374,0.056898,-0.015438,0.022160,0.019079,0.029972,0.056618,0.105749,-0.008230,-0.088669,0.282377,-0.136149,0.003048,0.215575,-0.010539,-0.027602,0.029598,0.056708,-0.169791,-0.051770,-0.103726,0.040735,0.006783,0.098623,0.068258,0.210919,0.020202,0.066436,0.026633,0.098272,-0.110814,0.127878,-0.063184,0.107335,-0.129961,0.265860,0.091867,0.085739,0.096023,0.163922,-0.009276,0.123082,0.135060,0.044534,-0.002810,-0.027176,0.081507,0.147340,-0.021914,0.120846,0.197529,-0.114192,0.124275,0.030772,0.021635,0.166338,-0.036758,0.044818,0.092186,-0.036928,-0.225252,0.061063,0.064675,0.138211,0.026595,0.009980,-0.004159,0.181352,-0.062908,-0.190550,0.147858,-0.035405,0.242106,#
11,-0.044262,0.230735,0.193177,0.058771,0.107486,0.035862,0.026267,0.212259,0.156476,-0.019076,0.011869,1.000000,0.019799,0.017774,-0.134744,-0.076443,-0.008582,0.121186,0.035079,-0.169735,-0.041109,0.192501,-0.089665,-0.121682,0.133585,0.145781,-0.192403,0.209151,-0.135102,0.082769,0.162933,0.058285,0.004812,0.089348,0.008667,0.041494,0.134821,-0.124548,0.031840,0.155289,-0.008283,0.146283,0.198673,0.014314,0.027887,0.049322,0.089601,-0.029581,0.126818,-0.036884,-0.005722,0.153404,-0.009636,0.239634,0.022982,-0.097349,-0.128078,0.273012,0.074466,0.012444,0.074561,-0.043949,0.050204,-0.123281,0.047826,0.133456,0.116535,0.100754,0.127426,0.076086,0.012748,0.008580,0.149210,-0.058577,-0.059023,-0.130765,0.045041,-0.061362,-0.057999,-0.060527,0.123918,0.090184,0.078023,-0.022917,0.168366,-0.104191,0.021150,0.025927,0.231651,-0.035155,-0.204950,0.124008,0.143012,0.150838,0.080790,0.116321,-0.093103,-0.086800,0.114109,0.139669,0.074293,0.109482,-0.061393,0.073223,-0.026660,0.172531,0.102213,0.163019,0.102206,0.192454,0.176368,0.101442,0.044993,0.057283,-0.114474,0.217129,-0.001724,0.123452,-0.246166,0.041656,-0.044270,0.062378,0.073001,-0.042975,0.075105,-0.073269,-0.046652,0.002269,0.077166,0.015349,0.039325,0.144210,0.206120,0.127273,0.081524,0.060328,-0.140234,0.226186,-0.057892,0.167017,0.093534,-0.099529,0.077782,0.066820,0.241377,-0.085328,0.075063,-0.015574,-0.078728,-0.038829,0.027416,0.180746,0.112761,0.100786,0.131711,0.115745,0.041245,-0.082757,0.065863,-0.056677,-0.041247,0.088905,-0.092898,-0.044384,-0.054466,-0.014740,0.149390,-0.006493,-0.007969,0.109014,-0.024743,0.013060,0.014220,-0.107821,0.064658,0.047533,-0.033047,0.046732,-0.118651,0.119287,0.137158,-0.006403,0.047815,-0.105985,-0.092845,0.060923,-0.063787,0.005089,0.134741,0.159194,0.159042,-0.081304,0.216421,0.137201,0.243708,0.001695,0.028174,0.004875,0.012401,0.132313,#
12,-0.005699,0.014710,0.046480,0.050550,0.126905,0.160761,0.070566,0.049432,0.056671,0.056864,-0.178229,0.019799,1.000000,0.044562,0.204869,0.096233,0.280512,0.116570,0.040069,0.196226,0.017620,0.197183,0.100427,0.139778,-0.123755,0.134286,0.113285,0.084176,0.120273,0.032474,-0.046768,0.184695,0.177537,0.098237,0.083378,0.167226,0.046235,0.047945,0.032274,0.112308,0.028313,-0.072540,0.143075,0.277934,0.170567,0.177365,0.168094,-0.025405,0.142940,-0.035219,0.216890,0.056365,-0.005704,0.151544,0.213093,0.055502,-0.013832,0.096634,0.050193,-0.087175,0.004758,0.295160,-0.109324,0.126012,0.323929,0.075551,0.023600,0.048948,0.201329,0.021605,0.167562,0.052462,0.196717,0.066985,0.232192,0.196377,0.111999,-0.085964,0.008446,0.032736,0.236957,0.059529,-0.075412,0.025691,0.058366,0.087617,0.053561,0.126831,0.194800,0.011971,0.012030,-0.027950,0.033883,0.028035,0.081058,0.145791,0.318864,0.078759,-0.010577,0.085889,0.077330,0.135817,0.033573,0.116003,0.066200,0.041764,0.077406,-0.024045,-0.054728,0.003306,0.203941,0.031993,0.082326,-0.017299,0.088176,-0.024877,0.258405,-0.143760,0.143663,-0.102953,0.118731,0.083336,0.156497,0.258221,0.143916,-0.187300,0.041680,-0.056831,-0.094837,0.052643,0.089938,0.021711,0.031931,0.153239,0.086588,-0.072091,0.209301,0.076020,0.254507,0.066505,0.084143,0.121369,0.115497,-0.019495,0.047159,0.193080,0.015563,0.134673,0.037941,0.113562,0.019390,0.176812,0.103385,0.039092,-0.044799,0.244260,0.004802,-0.074696,-0.015566,0.036303,0.003641,0.339192,0.156989,0.130991,0.162750,-0.027502,0.131683,0.159825,0.004918,-0.007571,0.126051,0.119856,0.047595,0.135806,0.154411,0.068711,0.141380,0.151362,0.067502,-0.012113,0.106185,0.140679,0.105548,0.055675,0.023749,0.054476,0.125654,0.244299,0.041962,-0.092883,0.030676,-0.098845,0.112867,0.129402,-0.086657,0.105374,0.142641,0.071383,0.124481,-0.050584,#
13,-0.085881,-0.183071,0.196273,-0.050249,0.078605,-0.061677,0.032058,-0.039409,-0.027868,0.005501,-0.134979,0.017774,0.044562,1.000000,0.186747,0.024272,0.180358,-0.025128,0.081225,0.162699,0.107538,0.010749,-0.021542,0.099060,-0.224805,0.185752,0.180514,0.071625,-0.013566,0.055404,-0.017767,0.037732,0.128928,0.021849,0.181635,0.097277,-0.042273,0.064639,-0.166985,0.094604,-0.095205,0.084707,0.106730,0.067408,0.115845,0.131353,0.042767,-0.000745,0.054764,-0.087383,0.070674,-0.029525,0.004782,0.306256,0.046751,0.036402,-0.088555,0.092149,-0.012326,0.174214,0.152417,0.194309,0.116455,0.088306,0.058008,-0.018659,0.218771,0.107134,0.113329,0.038727,0.034244,-0.019030,-0.073211,0.039940,0.171431,0.163008,0.104453,0.116714,0.110206,0.200613,0.054187,0.218571,0.064288,0.122887,0.051044,0.019303,0.085843,0.053598,0.035400,-0.070140,0.057100,0.014848,0.060923,0.180240,-0.001928,-0.129790,0.036280,-0.008790,0.038995,0.260039,0.009297,0.220464,0.051939,0.312633,0.025965,0.090677,0.122974,0.014274,0.144438,0.145405,-0.001194,0.108818,0.318239,0.012833,0.158094,0.154851,0.201797,0.170833,-0.082929,0.166153,0.020219,-0.029506,0.160543,0.040080,0.075235,-0.159079,0.020545,-0.153619,0.105134,0.052893,-0.142733,0.050881,0.014548,0.064969,0.211950,-0.063274,0.044021,-0.017455,0.001983,0.169644,-0.294137,0.123866,0.256148,0.149218,0.058291,0.125036,0.145450,0.074729,0.004782,0.065088,-0.018128,0.114068,0.097177,0.222548,0.086614,0.182514,-0.154633,0.077501,0.116951,0.134692,-0.044349,0.151121,0.061741,0.153498,0.030486,0.065866,-0.053399,-0.073104,0.050052,-0.060346,0.031359,0.252890,0.121921,0.063867,0.203294,0.051769,0.074200,0.155195,0.131363,-0.072821,-0.006612,0.272535,0.004080,0.062268,0.250348,0.189499,0.203100,-0.004847,-0.150833,0.064276,0.103326,0.071372,0.048587,0.192803,-0.036299,0.162318,-0.021778,-0.148911,0.099391,0.053337,#
14,0.163455,-0.100323,-0.062635,0.093611,0.084355,0.068856,-0.051561,0.152826,0.164537,0.075567,0.055802,-0.134744,0.204869,0.186747,1.000000,0.249282,0.108860,0.071903,0.168150,0.199296,0.083044,0.009692,0.095321,0.252024,-0.028410,-0.035375,0.149274,0.043946,0.168804,0.094094,-0.047453,0.257261,0.021948,0.083129,0.195022,0.113512,0.061312,0.076171,0.057112,0.192045,-0.141682,-0.088346,0.129046,-0.028791,0.236848,0.285879,0.127644,-0.124930,-0.027967,0.160800,0.152563,0.006723,0.165144,0.184562,0.309684,0.103856,0.139365,0.053837,0.076364,0.128677,0.132798,0.191010,0.121109,0.092346,-0.026162,-0.124181,0.101763,0.127565,-0.039616,0.145431,0.232116,0.032095,0.074635,0.168368,0.276457,0.055711,0.240443,0.121539,0.059524,0.024227,0.190305,0.209831,0.074795,0.158492,0.127964,0.050006,-0.067225,0.136675,-0.000717,-0.019029,-0.068341,0.114124,0.141118,0.047087,0.098398,0.044047,0.279376,0.024768,-0.059495,0.033391,0.144623,0.220185,0.147801,0.153149,0.200334,-0.086940,0.107759,-0.006603,-0.162119,0.087673,-0.010643,-0.160799,0.120450,0.162411,0.091599,0.072369,0.161457,-0.080517,0.063550,0.067605,0.142955,0.181619,-0.053026,0.011887,0.135695,-0.076056,0.038983,0.152626,0.008378,0.229096,-0.013617,-0.065756,-0.038517,0.064838,0.100105,0.089618,-0.181239,0.107799,0.022759,-0.007761,0.105414,0.124707,0.163795,0.123567,-0.103654,0.230463,0.118323,0.028291,-0.079078,-0.006032,0.195331,0.045305,0.046963,0.106464,0.093448,0.250400,0.123119,0.055682,-0.028202,0.116634,-0.005165,0.025682,0.182469,0.031213,0.103683,0.046084,0.069634,-0.034441,0.063397,0.199516,0.125843,-0.028253,0.156373,0.024808,0.019086,0.024039,0.163073,0.128172,0.198768,0.004263,0.189753,0.224888,0.078547,0.046154,0.075519,-0.037161,0.085905,-0.196263,-0.045223,0.206228,-0.064872,0.045922,0.059031,0.135495,0.147394,0.073010,-0.050304,-0.000606,0.105631,-0.098773,#
15,0.359962,-0.078862,0.201046,0.023157,0.162521,0.139820,0.081150,0.004304,0.238438,0.181411,0.124329,-0.076443,0.096233,0.024272,0.249282,1.000000,0.206900,0.251496,0.110426,0.160841,0.077304,0.074745,0.135170,0.322812,0.109384,0.228192,0.117505,0.003494,0.124224,0.238093,-0.010712,0.210501,0.005602,0.175673,0.088471,0.248758,0.099332,-0.119340,0.251248,-0.037138,0.094534,0.052957,0.158363,0.011342,0.226374,0.081482,-0.111362,0.118244,0.098337,0.198684,-0.112672,0.320485,0.057850,0.134683,0.181391,0.154089,0.133276,0.093268,0.194821,0.230008,0.210583,0.044818,0.234808,0.015086,0.019713,0.245341,0.059550,0.113866,0.034853,-0.115707,0.219267,0.079214,0.050543,0.077679,0.055610,0.051431,0.068149,0.121343,-0.013705,0.056375,0.310635,0.116381,-0.143314,0.220583,0.227966,0.080844,0.047125,0.371898,0.029573,0.075636,0.021604,0.017264,0.068186,0.033464,0.118504,-0.009811,0.308679,-0.014055,0.070682,0.041638,0.199343,0.139404,0.073002,0.096606,-0.011779,0.053813,0.175415,0.061988,-0.014746,0.123124,-0.031537,0.230937,0.070301,0.097176,0.073471,0.111839,-0.010265,-0.079405,0.026509,-0.053603,0.136707,0.066630,0.177755,0.111620,0.053097,0.050147,0.143215,0.178971,0.047898,0.247829,0.005802,0.034057,0.088434,0.134632,0.069063,0.117310,-0.083543,-0.051017,0.023181,-0.026349,-0.028251,0.148138,0.133343,0.071708,0.121405,-0.011548,0.079814,0.124641,0.243055,-0.055940,0.079336,-0.087767,0.186385,0.142769,-0.007100,0.288317,0.171036,0.179853,0.003845,0.212519,0.035974,0.052312,0.259918,0.020902,0.085151,0.182988,0.133762,0.123392,0.197965,-0.014376,-0.055834,0.086977,-0.062402,0.068112,0.134782,0.088834,0.241047,0.184144,0.078102,0.121310,0.223416,0.108439,0.078300,0.297035,0.022501,0.046233,-0.041993,0.200773,-0.024815,0.076612,-0.185734,0.081545,0.124711,0.069851,-0.039016,0.150786,0.145411,0.175763,0.073682,0.000000,#
16,0.196848,-0.029192,-0.011435,0.024035,-0.020833,-0.013059,0.006022,0.099035,-0.087992,-0.002643,0.002350,-0.008582,0.280512,0.180358,0.108860,0.206900,1.000000,-0.000181,-0.076475,0.294708,0.070421,0.036265,0.038652,0.106965,-0.117566,0.112225,0.124708,-0.121370,0.003350,0.262841,-0.128417,0.152495,0.024296,0.203596,0.113971,0.069940,0.033614,0.017113,0.102059,-0.082683,-0.056144,-0.081071,0.163495,0.126484,0.025348,0.145032,-0.036613,0.025675,-0.040499,0.012570,0.006331,0.101734,0.137236,0.155751,0.133729,-0.019639,-0.013034,-0.022234,0.008136,-0.062560,-0.086362,0.224585,0.202242,0.117809,0.089007,0.024060,-0.061749,0.241528,0.127194,0.113696,-0.084659,0.097634,0.239984,-0.035694,0.035735,0.100232,-0.093273,0.174739,-0.005352,0.099897,0.047426,0.007699,-0.115349,0.206722,0.101999,0.175164,0.143252,0.123903,0.086653,0.016442,0.008442,0.086122,0.114458,-0.117206,0.073892,-0.040604,0.174964,-0.043427,0.020126,0.213518,-0.106383,0.044739,-0.093893,0.087374,0.036315,0.043535,0.127877,0.048617,-0.025018,0.058151,0.024062,0.040732,0.113996,-0.066347,0.206949,0.094647,0.124762,0.067856,0.035689,0.020880,0.233580,0.198954,0.099130,0.159984,0.191470,-0.095234,0.079479,-0.131009,-0.043175,0.182614,0.033439,-0.143068,0.207744,-0.262168,0.208019,0.145410,-0.031816,0.002071,-0.054810,0.063805,-0.038332,0.134479,0.084546,0.027987,0.158772,-0.011766,0.063309,0.143089,0.173612,0.281754,-0.230057,0.251888,0.007119,0.047397,0.044619,0.115140,0.009074,-0.000046,0.031651,0.100734,-0.001388,0.125151,0.100523,0.085905,0.053934,-0.037848,0.125854,0.107531,-0.001735,-0.121957,0.076155,0.164595,-0.086640,-0.016563,0.040998,0.087039,0.028982,0.055133,0.101276,-0.028222,0.066698,0.056953,0.020604,-0.023342,0.058547,0.154553,0.098118,0.123949,0.042894,0.080380,0.180439,-0.187776,-0.170235,0.015759,-0.043112,0.251608,0.055762,-0.110027,-0.089182,-0.007098,#
17,0.148235,0.053455,-0.034027,0.124803,0.127688,0.137427,0.054016,0.148690,0.134223,-0.046632,0.085362,0.121186,0.116570,-0.025128,0.071903,0.251496,-0.000181,1.000000,-0.020293,0.033428,0.128566,-0.043817,-0.020094,0.117908,-0.016062,0.159223,0.042228,-0.033903,-0.007153,-0.000056,0.144711,0.042013,0.227530,-0.014620,0.025702,0.212881,-0.182932,0.041919,0.230359,0.038491,0.147621,0.122287,0.034841,0.130562,0.041567,0.049082,0.075928,0.081648,-0.031215,0.027495,0.101661,0.115171,-0.047668,0.006266,0.099219,0.177557,0.165818,0.036350,0.063661,0.070949,0.084718,0.162029,-0.007435,-0.008499,0.055840,0.250357,0.158394,0.179167,0.063171,-0.037917,0.007141,0.181045,0.058367,-0.094652,0.013699,0.173387,-0.036439,-0.061879,-0.118956,0.149037,0.163440,0.104558,0.103830,0.071226,0.000000,-0.068694,0.180673,0.052971,0.153688,0.055501,-0.051316,-0.106912,0.147784,0.038211,-0.074095,0.138849,0.049554,0.026051,0.060527,0.067532,0.083074,-0.130681,0.000704,0.030607,0.000599,0.016106,0.123097,0.131553,0.115594,0.029595,0.078130,0.166537,0.036173,0.033603,0.129328,-0.007109,0.016641,-0.008332,0.000651,0.041121,-0.022678,0.111468,0.044197,0.022965,0.200274,0.084303,0.065563,-0.050838,-0.085969,0.070359,0.234016,0.091980,0.119177,-0.007708,-0.007878,0.082905,0.064245,0.155743,0.082537,0.066087,0.169717,0.065289,0.142884,0.084529,0.111269,0.052981,-0.000053,0.105237,-0.108855,-0.094653,0.073045,-0.079845,0.078219,0.070025,0.188339,0.198454,0.123956,0.088660,0.053135,0.032808,0.007624,0.023327,0.160939,0.151401,-0.026934,0.083156,-0.007810,0.057916,0.079280,-0.064056,0.069538,-0.094248,0.088026,0.028102,0.076004,0.007268,0.086419,0.007386,-0.092388,0.245487,0.191130,0.114022,0.102943,0.138989,-0.034893,0.040238,0.012934,0.110030,0.036222,0.023115,0.029315,0.038473,0.163651,0.103469,0.165752,0.100702,0.037289,0.038880,-0.029091,0.114825,#
18,0.139325,-0.081769,0.122250,0.171594,0.121761,-0.172245,0.019546,-0.050755,0.045838,-0.027901,-0.033473,0.035079,0.040069,0.081225,0.168150,0.110426,-0.076475,-0.020293,1.000000,0.058447,0.058159,0.084430,0.124282,0.231083,0.018683,-0.028184,-0.111391,0.115854,-0.009883,-0.079500,-0.125269,-0.156500,0.063836,0.038477,0.142971,0.094147,0.054124,0.074198,0.011674,0.300295,0.074516,-0.003375,0.084356,-0.043238,0.154754,0.003362,0.014778,0.073170,-0.087358,0.109116,-0.043778,0.002799,0.152578,0.068581,0.144541,0.144439,0.044468,0.012909,-0.091330,0.051221,0.158835,0.001603,0.081746,-0.045367,0.117948,0.009045,0.091730,0.017788,-0.138037,0.088008,-0.019151,0.003971,-0.053346,-0.103259,0.044361,0.077705,0.103361,0.126812,-0.001795,0.027116,-0.017884,-0.019421,0.076021,0.130093,-0.035994,-0.093929,0.062346,-0.012658,0.001540,0.046073,0.133241,-0.077331,-0.029469,-0.034266,0.072023,0.145086,0.186251,0.001151,-0.011319,0.054935,0.095151,0.080857,0.112267,0.018942,0.159045,0.057887,0.031059,-0.077564,-0.024458,-0.002120,0.125244,0.070440,0.209190,-0.036766,-0.002037,0.027880,-0.053814,-0.168782,-0.052060,0.066148,0.017994,0.014383,0.071608,-0.169430,0.022015,-0.189630,-0.038953,0.107917,0.209472,-0.033568,-0.078185,0.230835,-0.127551,0.197613,0.115698,-0.041627,0.007312,0.105355,-0.103429,0.019720,-0.103200,0.027451,0.038546,0.099102,0.088985,0.119983,0.031267,0.025617,-0.081931,0.017543,0.004924,0.067053,-0.044202,0.035756,0.058007,0.156182,0.109478,0.105696,-0.065331,0.241037,0.067020,0.016879,0.061753,0.100672,0.012766,0.242430,0.092277,0.030627,-0.015186,0.205293,-0.156480,-0.006839,0.126543,0.047903,-0.009968,0.210320,0.095916,0.000178,-0.019933,-0.032782,0.006520,0.024858,0.106869,-0.056370,0.053652,-0.118040,0.299100,-0.109182,-0.015965,-0.026271,0.005492,0.127508,0.133347,0.096264,0.080994,0.027039,-0.027318,0.002361,0.198418,-0.036561,#
19,0.188449,0.053941,0.105809,0.144005,0.295968,0.245694,-0.108783,-0.034084,0.042135,0.212862,0.095809,-0.169735,0.196226,0.162699,0.199296,0.160841,0.294708,0.033428,0.058447,1.000000,0.027836,-0.045989,0.110688,0.138071,-0.072711,0.184018,0.111686,-0.033211,-0.002321,0.163169,0.162143,0.128280,0.029330,0.117811,0.055077,0.071472,0.051760,-0.013095,0.196625,0.098193,0.147328,0.017432,-0.007835,-0.045678,0.005756,0.100266,0.244649,0.119846,0.019963,0.168326,-0.014183,0.140506,-0.010709,0.154443,0.134452,0.177402,0.100168,-0.071485,0.150882,0.120082,0.203275,0.356073,0.175483,0.167688,0.237398,-0.013294,0.059843,0.170259,-0.064011,0.000370,0.181985,0.127762,0.135648,0.105564,0.184458,0.322074,0.035117,0.121486,0.273613,0.105407,0.158431,0.120982,0.118469,0.123221,0.136174,0.071279,0.037123,0.272929,0.117750,-0.151489,0.031500,0.050150,0.190579,-0.012852,0.002860,0.112913,0.121988,0.068470,-0.108669,0.081909,0.166975,0.134993,0.084885,0.159975,0.249136,0.270927,0.063400,0.204486,0.016859,-0.118460,-0.035958,0.018182,0.240135,0.148077,0.084382,-0.009835,0.302027,0.121592,0.095131,-0.302796,0.050082,0.174051,0.181221,0.158835,0.245756,-0.053156,0.253097,0.045381,0.009939,0.149200,-0.027664,0.006617,0.053109,0.066188,0.219545,0.047689,0.067088,0.152203,-0.016488,-0.058010,-0.060272,0.122453,0.170940,0.075774,0.081169,0.111863,-0.004409,0.053779,0.086497,0.063894,0.049809,0.258471,0.132109,0.194098,0.190212,0.124448,0.019071,0.061856,0.094825,0.206608,0.234120,0.058121,0.097265,0.041886,0.169526,0.097423,-0.000066,0.157542,0.190805,-0.081938,0.005084,0.123786,0.251891,0.230027,0.115725,0.069904,0.154714,0.238027,0.144121,0.040628,-0.085568,0.191677,0.153290,0.200066,0.192010,0.092921,0.079378,0.041330,0.121808,-0.009502,0.275307,0.192869,-0.055549,0.044516,-0.040212,0.186574,-0.044813,0.120493,0.166400,0.165390,#
20,-0.051420,-0.178700,0.193708,0.142059,0.326225,-0.035603,0.110887,0.023351,-0.136898,0.081635,-0.059497,-0.041109,0.017620,0.107538,0.083044,0.077304,0.070421,0.128566,0.058159,0.027836,1.000000,0.090379,0.012055,0.036677,0.130832,0.233617,0.098819,-0.137736,0.017412,-0.058122,-0.064121,-0.075348,0.025805,0.030831,0.079920,0.169105,0.121319,0.026381,0.161359,0.081075,-0.007001,0.161519,0.032276,-0.115116,0.304979,0.056328,0.239431,-0.094351,-0.172136,-0.006972,-0.223912,0.051015,-0.028111,0.063003,0.274428,0.129673,0.191261,0.093034,0.084459,-0.051724,0.197537,0.079914,0.119490,0.012690,-0.003879,-0.101820,0.027300,0.072378,0.041510,0.131705,0.212444,0.104350,-0.029025,0.005506,0.062110,-0.090545,-0.023094,0.156311,0.003669,-0.014516,0.073037,0.142693,-0.010995,-0.057208,0.060700,0.086774,0.072487,0.005557,0.070112,-0.082225,0.067318,-0.059679,0.113825,0.059413,0.108361,-0.070972,0.112041,0.184202,0.081271,-0.062600,0.060184,-0.001795,0.232680,-0.058530,0.111929,-0.025769,0.115016,0.020245,-0.048059,0.129084,0.205356,0.204582,0.081976,-0.154223,0.114359,0.050209,0.211794,0.053671,-0.007531,0.127659,0.066122,0.094918,-0.026787,-0.000715,0.051643,-0.057165,0.143770,-0.004700,0.190703,0.094209,0.146154,-0.024553,0.036908,0.059013,0.018734,-0.079375,0.084802,-0.172605,0.029127,-0.025046,0.069166,0.169808,0.160580,0.035779,0.014741,0.029715,0.001918,0.107732,0.060816,0.179001,0.133521,0.061666,-0.084307,0.167689,-0.081872,0.031733,0.049973,-0.062903,-0.064148,0.227609,-0.000409,0.047060,0.085943,0.112916,0.070258,-0.055281,-0.110818,0.122316,0.005032,-0.060913,0.103426,-0.135025,0.002069,-0.050419,-0.062982,0.053275,-0.096762,-0.009442,0.177361,0.090564,0.081163,0.037521,-0.035795,0.057718,0.052264,-0.219397,0.012374,0.101219,-0.016626,0.278302,-0.126678,0.070001,-0.001433,0.091684,0.016586,0.025945,0.046210,0.092687,0.176327,0.189163,#
