0,1.000000,0.029779,-0.077626,-0.017074,0.088018,0.123163,0.078232,-0.089083,0.019313,-0.043457,0.126120,-0.080195,-0.036260,-0.143125,0.153458,0.329799,0.156906,0.215900,0.110944,0.135906,-0.054497,-0.069327,0.189501,0.298775,-0.015243,-0.067406,0.056205,-0.170668,-0.045409,0.088672,-0.022172,0.226441,0.025241,0.166227,0.268116,0.030317,-0.066648,0.057474,0.152837,0.089604,0.070662,0.009593,0.159346,-0.141895,0.093836,-0.002728,-0.015014,0.211332,0.139379,0.217047,-0.036616,0.044291,0.032027,0.088048,0.235338,0.071870,0.189513,0.102989,0.025107,0.001571,0.116150,0.177248,0.154728,-0.001519,-0.040289,-0.022023,0.066830,0.084909,-0.025382,0.028532,0.053155,-0.042977,0.041072,0.208238,-0.000174,-0.143226,0.225394,0.089587,-0.020684,0.083409,-0.032195,-0.010639,0.018362,0.133551,0.181778,0.049530,0.173528,0.122559,0.208477,0.205211,0.001214,-0.052127,0.131273,-0.074794,-0.111783,0.104460,0.052982,-0.073007,0.014518,0.188138,0.122490,0.051420,0.018444,0.067490,0.018641,0.108406,0.196702,0.118805,0.171005,-0.102734,-0.076898,0.118962,-0.083055,0.034988,0.129685,0.050094,0.032482,-0.123667,0.113627,0.084410,0.030475,0.010442,0.141167,0.069864,0.136589,0.145083,0.111330,-0.091867,0.018811,0.163323,0.077113,0.029886,-0.127462,-0.060096,0.024043,0.118826,0.022958,-0.037697,-0.190424,0.075488,0.216350,-0.002016,-0.046499,0.093483,-0.006752,-0.144846,0.097904,-0.025100,0.049523,-0.069005,-0.092487,0.029360,0.034885,-0.078480,-0.046183,0.216546,0.191289,0.118926,0.086818,0.041203,0.161717,0.097362,0.086351,-0.102178,0.051048,0.279631,-0.053963,0.241600,0.182080,0.012855,-0.092580,-0.121105,0.108951,0.023569,-0.028265,0.135325,0.238336,0.106641,0.070189,0.009860,0.130520,0.082158,0.138421,0.006902,0.092469,-0.133884,0.015535,0.228970,0.098572,-0.107040,-0.156853,0.106518,-0.093901,0.091788,0.105121,0.158906,-0.019993,0.123772,0.030173,0.093828,#
1,0.029779,1.000000,0.023850,0.038895,-0.026385,0.022584,0.166538,0.082931,0.198524,0.037479,0.137231,0.207166,0.035354,-0.159713,-0.093379,-0.071462,-0.004324,0.086980,-0.095246,0.042686,-0.154054,0.133396,0.022954,-0.128914,0.093582,0.009635,-0.028086,0.089007,-0.223706,0.001496,0.089805,0.020616,-0.104538,0.082775,-0.081173,0.089851,0.079829,-0.040725,0.148072,0.005293,-0.013548,-0.088606,0.133081,0.004194,-0.043381,-0.024942,0.281581,0.027303,0.080897,-0.037327,0.073122,-0.028162,0.116330,0.081313,0.077025,0.071391,0.017509,-0.110951,-0.143655,0.038870,-0.010194,0.011268,0.098827,-0.041352,-0.114379,0.145024,0.072273,0.147727,0.082866,0.069835,0.101800,0.087660,0.176748,-0.057034,0.122934,0.018525,0.026723,-0.009759,0.173190,0.018060,0.078526,0.076324,-0.103734,0.050957,0.174760,-0.080920,0.088258,0.141761,0.045836,-0.040439,-0.011940,-0.000798,-0.136235,0.024919,-0.000362,0.030679,-0.054655,-0.043583,-0.045806,0.051959,0.145177,0.074277,-0.002619,-0.085506,-0.092419,0.030167,0.099647,0.116814,0.120380,0.015334,-0.063420,0.074776,-0.034961,0.033870,0.051193,0.198512,0.085307,-0.069123,0.000126,-0.084975,-0.159846,0.086202,0.106477,0.132333,0.052562,0.042034,0.052633,0.078944,0.103397,0.112302,-0.033364,0.118171,0.009183,-0.004403,0.029180,0.079811,0.169654,0.147006,0.092622,0.206574,0.129545,-0.021955,0.053635,0.241745,0.241270,-0.048980,-0.041492,-0.027328,0.003669,-0.142603,0.081209,0.029346,-0.044722,-0.154154,0.175704,0.110707,-0.082046,0.052856,-0.272511,-0.184021,-0.093624,0.126861,0.105608,0.155959,0.064266,-0.064671,-0.062899,-0.132010,-0.053683,0.151318,0.068392,0.087669,0.048690,0.011228,0.011544,0.105589,0.033113,0.089745,0.047012,-0.018893,0.043583,-0.076535,0.078647,-0.015057,0.116582,0.062899,0.004888,-0.135870,0.179490,0.122465,0.143647,0.092211,-0.199896,0.062670,0.013015,-0.015996,-0.037837,0.139929,-0.099811,0.219775,#
2,-0.077626,0.023850,1.000000,0.018962,0.220239,0.053766,0.118096,0.028877,0.045491,0.076356,0.185424,0.167696,0.014799,0.131474,-0.067548,0.136260,-0.062355,-0.029243,0.092740,0.050108,0.188612,0.102963,-0.074261,-0.035490,-0.046882,0.144917,0.129660,-0.052752,-0.151478,0.016471,-0.021297,0.016425,0.068124,-0.025154,0.070180,0.048639,0.076651,0.021476,0.049613,-0.173622,-0.024300,-0.027920,0.084081,0.022578,0.102465,0.022877,0.065605,-0.056487,-0.064714,-0.009685,-0.000405,0.157096,0.069611,-0.047178,0.098775,-0.017302,0.116596,-0.085165,0.227544,0.139602,0.315624,0.079492,-0.036191,0.097849,0.084524,0.096036,-0.012616,0.063768,0.057287,-0.033039,0.035731,0.191232,-0.097069,0.065130,0.188183,0.038682,0.070068,0.067076,0.008379,0.057978,0.070533,-0.084326,0.054435,-0.125903,0.115468,0.079921,0.046599,0.127765,-0.017008,-0.083614,0.033859,0.122167,0.047902,0.144741,-0.048426,0.145956,0.032626,0.018016,0.099784,0.033279,0.092169,0.086297,-0.054933,0.147867,-0.033568,0.182018,0.110946,0.155454,0.117499,0.074171,0.148488,0.064657,0.179953,0.027525,-0.019690,0.133765,0.076938,-0.059400,-0.163707,0.094198,-0.087142,-0.139716,-0.020169,0.041055,0.018631,-0.057664,0.156404,0.032389,0.132237,0.070699,-0.118889,0.126641,0.011586,0.158479,0.107958,-0.140780,0.093697,0.045644,0.084183,-0.054991,0.095666,0.121237,-0.035769,-0.008555,0.207713,-0.119078,-0.159664,-0.104593,0.081560,0.003738,0.069173,0.077422,0.199536,0.126556,-0.150998,0.024082,0.069623,-0.081334,0.042244,0.070106,-0.127700,0.095804,0.152847,0.201978,-0.019321,0.224703,-0.030590,-0.063810,-0.039982,0.076346,-0.112556,0.240323,0.134905,-0.056913,0.047560,-0.016189,0.046289,-0.000176,-0.125396,-0.017933,0.108832,0.204303,-0.131566,0.095522,0.054583,0.094077,0.087422,-0.020900,0.004973,-0.043832,0.026617,0.052085,0.167792,0.126849,0.106764,0.027377,-0.107744,-0.013591,0.082031,0.101673,#
3,-0.017074,0.038895,0.018962,1.000000,0.092554,-0.012611,0.065616,-0.009303,0.258498,0.088561,0.112222,0.046155,0.021155,-0.030284,0.093066,0.004203,0.013222,0.114835,0.178062,0.136482,0.097169,0.092055,0.207188,0.206666,0.058678,0.160865,0.127022,0.023576,0.117025,0.135307,0.089247,0.097577,0.287624,0.183428,-0.071029,0.117911,0.071549,0.227944,0.255442,0.045849,-0.036318,0.207457,0.144757,0.157995,-0.034803,0.124833,-0.027136,0.156957,-0.088655,0.000993,0.062056,0.076002,0.186682,-0.032947,0.081037,0.143903,0.122583,-0.007272,0.019853,0.149738,0.193885,-0.003509,0.003088,-0.050786,0.278887,-0.010051,0.005073,-0.151419,-0.086276,0.190949,0.015429,0.103932,0.169979,-0.052130,0.069827,0.066999,0.006678,0.086818,-0.029604,-0.141541,0.160642,0.153674,0.194131,0.018071,0.193693,-0.019961,-0.015783,0.025177,0.110422,0.029176,0.211160,0.131943,0.001971,0.069007,0.036145,0.072591,0.031456,-0.122147,0.144143,-0.013189,0.139394,0.052033,-0.002139,-0.045596,0.277454,-0.033013,0.209980,0.177717,-0.034112,0.021702,0.107190,-0.050077,0.084826,0.012785,0.033741,0.038278,0.014162,0.140051,0.027663,0.000607,0.019018,-0.004817,0.084868,0.076519,-0.035138,0.112162,0.135955,0.208087,-0.012057,-0.034963,0.180969,0.098205,0.059408,0.115893,0.021910,0.140118,0.010886,0.021463,0.091554,0.070906,-0.038004,0.237542,0.122004,-0.056135,0.032756,0.010934,0.166695,0.276414,0.018310,0.136459,-0.028631,-0.052316,0.007824,0.084736,0.171808,-0.013570,-0.058015,0.079044,0.194752,0.037214,0.017604,0.044222,0.082975,0.230311,0.028770,0.047192,0.028946,0.069592,-0.058130,0.087912,0.093799,-0.124259,0.016237,-0.093711,0.012864,0.134088,0.123384,0.060709,-0.076077,0.141662,-0.040428,0.267260,0.116121,-0.192534,-0.116533,-0.055372,0.074730,0.033538,0.100456,0.120131,0.156663,0.071521,0.066969,0.007298,0.090890,0.059285,0.174818,-0.014766,0.000555,0.003256,#
4,0.088018,-0.026385,0.220239,0.092554,1.000000,0.188619,-0.005675,0.088650,0.189099,0.169884,-0.033701,0.094810,0.100017,0.054472,0.102222,0.137232,-0.012922,0.111051,0.084243,0.295990,0.320266,0.047398,0.181550,0.203902,-0.092027,0.172727,0.071372,-0.127103,0.149235,0.049317,0.112283,0.108708,0.199733,0.145254,0.022424,0.141722,0.312288,0.041159,0.206633,0.081284,0.041568,0.220510,0.082756,0.065819,0.186822,0.158372,0.247428,0.155966,0.019221,0.025490,0.004363,0.134050,0.146535,0.168809,0.340618,0.205150,0.117707,0.097713,0.221434,0.166544,0.134125,0.191985,0.084311,-0.047329,0.070219,0.013874,-0.005303,0.137298,-0.010664,0.120828,0.219415,0.179477,0.162897,0.134941,0.115463,0.009509,0.056532,0.188483,0.100435,0.189686,0.135464,0.194873,0.061530,0.012362,0.333796,0.116936,0.093672,0.123157,0.105021,0.067314,0.279763,-0.053793,0.172132,0.053810,0.175729,0.163905,0.040759,0.048135,0.012795,0.086629,0.096449,0.097983,0.138063,0.109960,0.047032,0.245680,0.023642,0.151177,0.198197,0.219902,0.118161,0.228874,0.260936,0.209235,0.095556,0.020864,0.210421,0.081361,0.008869,0.103371,-0.081325,0.055903,0.112203,0.030342,0.184607,-0.048716,0.203747,0.146372,0.274892,0.144684,0.176598,0.007631,0.130364,0.276318,0.173514,0.091094,0.034633,-0.008306,0.148725,0.022531,0.084294,0.087580,0.157532,-0.008800,0.197603,0.138396,0.115073,0.165419,0.023619,0.117097,0.019326,0.178400,0.140204,0.300763,0.250068,0.064416,0.247905,0.073418,-0.077103,0.134976,0.143080,0.064936,0.067314,-0.044592,-0.166406,0.102254,-0.056695,0.105570,0.015660,0.145838,-0.073491,0.054443,0.383206,0.155234,0.220953,0.174894,0.185403,0.171330,0.079016,0.195237,-0.008217,0.037729,0.136493,0.027174,0.202959,0.147854,-0.157498,0.188808,0.139536,0.274238,-0.095567,0.148818,0.004014,0.104358,0.115934,0.156104,0.213144,-0.021908,0.178184,0.319306,#
5,0.123163,0.022584,0.053766,-0.012611,0.188619,1.000000,-0.012803,0.166387,0.116289,0.173686,0.194220,0.096780,0.120970,-0.040571,0.065432,0.160135,-0.020388,0.134666,-0.186431,0.276587,-0.019701,-0.042786,0.191212,0.139687,0.112800,0.044338,0.160522,0.098737,0.144726,0.096522,0.251041,0.169561,0.216663,0.227318,-0.007732,0.191439,0.103786,0.033856,0.136986,0.047840,0.207851,0.058316,0.009594,0.145209,0.121240,0.139415,0.224028,0.116346,0.186915,-0.005599,0.115264,0.143883,0.024623,0.042220,0.074167,0.209238,0.162343,-0.032742,0.368060,0.143394,0.068791,0.209038,0.148529,0.083936,0.250654,0.105616,-0.017696,0.119825,0.160724,-0.215669,0.148424,0.092560,0.218420,0.149751,0.091884,0.168145,0.159082,0.180121,0.136866,0.082628,0.228757,0.087196,0.171169,0.045944,0.038463,0.032444,0.124331,0.195830,0.128184,-0.136323,-0.014605,0.123060,0.269250,0.296865,0.013731,0.179800,-0.064301,0.161304,0.200846,0.197958,0.098112,0.177840,-0.084857,0.146996,0.066287,0.273183,0.229527,0.214369,0.141603,0.067353,-0.031330,0.227742,0.018894,0.039175,0.111228,0.027745,0.112555,0.097042,-0.035659,0.067371,-0.110812,0.118332,0.079821,0.108272,-0.098231,0.007751,0.186886,-0.037715,0.108946,0.082133,0.242041,0.090223,0.222229,0.260896,0.169376,0.196862,0.120836,0.141186,0.056798,-0.118978,0.062979,0.055596,0.147377,0.126501,0.167202,-0.016507,0.040083,0.053098,0.057113,-0.016359,0.189823,0.050552,0.216611,0.133321,-0.003123,0.133772,0.198639,0.095695,0.105724,0.028896,0.179776,0.051485,0.181779,0.143568,0.041995,0.146131,-0.113720,0.278747,0.219931,0.142306,0.303233,0.071174,0.196588,0.080996,0.039450,0.121770,0.167388,0.159804,0.094765,0.177871,0.215508,0.044798,0.277681,0.085806,0.077628,0.080337,0.102810,0.123011,0.038294,-0.009988,0.001830,0.158559,0.010896,0.045911,0.104010,0.013178,0.049744,0.101832,0.154212,0.277220,#
6,0.078232,0.166538,0.118096,0.065616,-0.005675,-0.012803,1.000000,-0.029627,0.122238,-0.033916,0.014741,0.028858,0.090445,0.075130,-0.047053,0.083152,0.001704,0.044425,0.025055,-0.064407,0.091328,0.177107,-0.090061,0.022260,0.007417,-0.002442,0.019662,-0.008651,-0.025779,0.155785,0.102943,0.018204,-0.041131,0.059541,0.004713,0.056918,-0.151582,0.083264,0.006142,-0.039107,-0.107617,-0.105511,0.099329,-0.002711,0.162433,-0.039935,0.021116,-0.085283,0.110123,-0.003869,-0.021058,0.017384,0.060773,0.029236,0.025027,0.041914,0.000101,-0.051255,0.089769,0.066438,0.209935,-0.117881,0.103046,-0.049726,0.162352,0.148905,0.045844,0.021075,-0.073882,-0.003041,0.042466,0.053774,-0.081209,0.214264,0.169083,0.068223,0.099334,0.004358,0.020522,-0.036131,0.057218,-0.088895,0.065877,-0.075192,-0.036327,0.115801,0.082960,0.031490,-0.049816,-0.070926,-0.020962,-0.189978,-0.098614,-0.068064,-0.066587,-0.043617,0.212941,0.024808,-0.006628,0.248311,0.059099,0.175841,0.182507,0.025896,-0.196539,0.021401,0.155928,-0.054797,0.057021,-0.027820,0.022579,0.067824,-0.112780,-0.157680,0.108326,-0.047152,0.251520,-0.046230,0.027258,-0.089067,0.133503,0.014837,-0.037193,0.128367,0.034371,0.146033,-0.077989,0.041457,-0.084172,0.036052,-0.015688,0.007619,0.074273,-0.019840,0.002876,0.079370,0.001543,-0.111297,0.106504,0.071778,0.017450,0.098322,-0.136559,-0.105226,-0.039076,0.032816,0.033448,0.005940,0.048000,-0.211977,0.210611,-0.103724,0.048797,-0.178015,0.083290,0.022797,-0.042374,0.246195,0.000422,-0.084370,-0.146961,0.100885,0.133211,0.198513,-0.006749,0.142092,-0.071067,0.004667,-0.081574,-0.056776,0.026781,-0.046860,-0.094333,-0.050628,0.139822,0.053248,-0.024225,0.031348,0.015492,-0.084420,0.042865,-0.066513,0.153897,-0.043812,0.081392,0.027230,-0.064051,0.034943,-0.149826,0.059449,-0.027502,0.129946,-0.178528,0.138131,-0.036513,-0.098693,0.137588,0.044681,0.088119,0.106928,#
7,-0.089083,0.082931,0.028877,-0.009303,0.088650,0.166387,-0.029627,1.000000,0.303508,0.078165,0.137050,0.187627,0.035919,-0.020348,0.189946,-0.010254,0.116706,0.162265,-0.028567,-0.042872,-0.025472,0.056799,0.143915,0.106623,0.205196,0.084949,-0.013903,0.126181,-0.012761,0.019916,-0.057304,0.001512,0.092851,0.024831,-0.078952,0.063927,-0.035036,-0.055975,0.207529,0.099922,-0.055588,-0.061612,0.031568,0.195162,0.145924,0.082931,0.103950,-0.028168,-0.071819,-0.014830,0.118290,-0.025165,-0.053419,0.105438,0.083220,0.013389,0.026377,0.138204,0.076250,0.041135,0.036788,0.135100,0.015792,-0.075552,0.018412,0.150511,0.079730,0.024984,0.051162,0.279712,0.048816,-0.037468,0.351385,-0.011695,0.021324,0.031498,-0.064052,-0.018232,0.064829,0.269223,0.054966,0.049906,0.022758,-0.017719,0.063215,0.054407,0.089506,0.043029,-0.005568,0.053298,-0.077948,-0.005816,0.078564,0.023108,-0.002265,-0.148582,-0.027863,0.117697,-0.012745,0.096523,0.073150,0.019602,-0.095292,0.024958,-0.050141,0.107754,0.066823,0.060174,0.006892,0.034834,0.074529,0.026316,0.053414,-0.003429,0.272617,0.053730,0.037624,-0.170014,-0.100747,0.128990,-0.030833,0.102937,-0.003752,0.084469,0.136713,-0.016806,0.194951,0.077474,0.047416,-0.026974,0.059268,0.058036,0.253582,0.016306,0.201898,0.182861,-0.196542,0.143476,-0.070450,0.001873,0.171442,0.064398,0.108249,-0.021710,0.093527,0.011927,0.105135,-0.014078,0.015575,0.138951,0.024635,0.114370,0.121343,0.054591,-0.052198,0.148432,0.092896,0.049105,0.040147,0.099296,0.105796,-0.124749,0.196505,-0.028371,-0.170655,0.231091,0.127507,-0.104514,-0.048129,-0.017576,0.127202,0.092355,0.155858,0.063946,0.164875,0.051047,-0.016849,0.007790,-0.172462,0.173211,0.261963,0.051092,0.066641,0.030498,-0.090968,0.139453,-0.125115,-0.189022,0.017142,0.231237,0.089322,0.007154,-0.019234,-0.085416,0.064733,-0.035600,-0.053420,0.055843,0.018893,0.089965,#
8,0.019313,0.198524,0.045491,0.258498,0.189099,0.116289,0.122238,0.303508,1.000000,0.188279,0.120857,0.170498,0.102625,-0.050376,0.220742,0.254162,-0.076816,0.157600,0.016907,0.054620,-0.099141,0.178280,0.205618,0.198388,-0.058058,0.183544,0.048430,0.158581,-0.029443,0.179098,-0.049555,0.101042,0.068673,0.099409,-0.052664,0.082823,0.121957,-0.001104,0.108849,0.123680,0.059842,0.135841,0.165998,0.091068,0.177527,0.034603,-0.011340,0.034515,0.099778,0.104008,0.125065,0.263367,-0.001835,0.202285,0.083839,0.250937,0.146480,0.224837,-0.002735,0.301698,0.190451,0.027983,0.207527,-0.089153,0.156156,0.261054,0.093843,0.035634,0.220485,0.211261,0.191494,0.029806,0.132517,0.182713,0.177942,0.126692,0.006416,0.072430,0.094583,0.181566,0.182534,0.160527,0.058111,0.000760,0.152939,0.127511,0.012853,0.031819,-0.052821,0.223034,0.126683,0.143076,0.086984,0.033857,0.283536,0.155223,0.133374,0.004787,0.120458,0.076868,0.149414,0.037380,0.024137,0.111664,0.103715,0.078287,0.224498,0.163999,0.065331,0.149761,0.068026,0.111684,0.033287,0.015775,0.293817,0.236033,0.138364,-0.081604,0.039828,0.214367,0.056353,0.055785,0.163759,0.130899,0.088386,0.172858,0.169344,0.253909,0.019685,0.147004,0.072209,-0.032124,0.225639,0.212871,0.231688,0.202444,-0.037912,0.050741,-0.034339,0.008659,0.061916,0.153662,0.219633,0.041456,0.046257,0.020004,0.256617,0.102862,0.118564,-0.022185,0.111877,-0.042783,0.066596,0.202675,0.245161,0.266374,0.110464,0.277946,0.022761,0.131104,0.011741,0.026996,0.165154,0.132002,0.103595,0.161775,0.100341,-0.073062,0.077374,0.194145,0.094030,0.139869,0.170643,0.041402,0.296123,0.023823,0.047733,0.137002,0.065455,0.205735,0.153189,0.096344,-0.016870,0.095494,0.115365,0.178166,-0.075702,0.013661,0.183274,0.128864,0.072166,0.071329,0.095238,0.015934,0.140838,0.063536,0.102506,0.072185,0.071763,0.066939,#
9,-0.043457,0.037479,0.076356,0.088561,0.169884,0.173686,-0.033916,0.078165,0.188279,1.000000,0.181139,-0.011166,0.075064,-0.018692,0.129136,0.160141,-0.018530,-0.025061,-0.034147,0.224021,0.086241,0.037710,0.155236,0.178272,-0.081521,0.013550,0.125039,0.082591,0.085663,0.057439,0.175388,0.055919,-0.049997,0.231641,0.225301,0.063085,-0.024944,0.058273,0.108675,-0.068539,0.190409,-0.053778,0.093957,-0.042033,0.054546,0.072817,0.052503,-0.029234,-0.132937,0.037661,-0.033145,0.050403,-0.073265,0.093840,-0.062776,0.084630,-0.003898,0.008130,0.228826,0.093088,0.131373,0.090077,0.218676,0.149799,0.064530,0.174633,0.003390,0.021031,0.067594,-0.034980,0.289909,0.073459,0.099401,0.098881,0.050296,0.025641,-0.200889,-0.042040,0.150713,0.213882,0.008902,0.163539,-0.093953,-0.145543,0.243494,-0.045164,0.033234,0.179529,-0.198263,-0.144904,0.021305,0.226340,0.130401,-0.053508,0.072398,0.073663,0.084829,0.185018,0.161939,-0.201828,0.016797,0.087316,0.150784,-0.006187,0.243560,0.109704,0.094973,-0.139601,0.127622,0.040359,0.077449,0.111946,0.176242,0.306887,-0.062240,0.107553,-0.001294,-0.055803,0.042191,-0.126577,-0.030006,0.106602,0.002914,0.106783,-0.036875,0.024184,-0.071658,0.142873,0.123284,0.172697,0.058607,-0.058937,0.166843,0.260236,0.123649,0.108912,0.076386,0.062828,-0.062202,-0.118270,-0.104456,0.144785,0.144675,0.092721,-0.120491,0.034160,0.100472,0.016894,0.009723,0.138573,-0.035034,-0.132016,0.225273,0.169446,0.212839,0.039419,0.035821,0.098746,0.168487,-0.060606,0.125179,-0.041953,0.058451,0.206004,0.057344,0.029591,0.022675,0.008175,0.273964,-0.003406,0.096609,0.064425,0.015113,0.110726,0.106975,0.185900,0.013339,0.120183,0.104557,0.074792,0.030041,-0.014680,0.096643,0.100478,0.043589,0.100177,-0.094823,-0.005555,0.292689,0.124109,0.078429,0.080749,0.003903,0.023614,-0.068389,-0.000247,0.030649,0.075074,-0.045292,0.157031,#
10,0.126120,0.137231,0.185424,0.112222,-0.033701,0.194220,0.014741,0.137050,0.120857,0.181139,1.000000,0.029864,-0.210616,-0.116877,0.033958,0.149972,-0.030958,0.088991,-0.059588,0.097986,-0.064277,-0.054611,-0.046482,0.150014,-0.015794,-0.116895,-0.006822,0.238774,-0.097012,0.157961,0.080613,0.055010,0.118162,0.102812,0.165202,0.064903,-0.050665,0.047944,0.174558,-0.037337,0.206266,-0.059860,-0.035515,-0.143454,0.112548,0.092097,0.101307,0.126495,0.145813,0.284257,-0.071870,0.080549,0.015523,0.080534,-0.080060,0.139809,0.044262,-0.085893,-0.007926,0.159000,0.097200,0.156948,0.123881,0.270537,0.202016,0.054865,0.123230,-0.100575,-0.085749,-0.051236,0.026014,0.176799,0.071170,0.116799,0.033918,0.113604,-0.042567,0.032686,-0.028172,0.069174,0.258885,0.058405,0.128795,0.028133,0.213022,-0.030274,0.045981,0.264016,-0.029350,0.095924,0.007122,0.170144,0.082231,0.108740,0.048989,0.197913,-0.047375,-0.067946,0.277084,0.127581,-0.020587,0.094622,0.086866,-0.014312,0.173615,-0.182687,0.193440,0.165709,0.041970,-0.000021,-0.103533,0.158578,-0.055559,0.030989,0.173802,0.287095,0.057061,-0.030559,0.052342,0.062697,-0.007585,0.156355,-0.072932,0.014935,-0.135065,0.039759,0.220255,0.222209,0.069918,-0.060633,0.006649,0.008203,0.039291,0.044763,0.171627,0.036338,-0.062371,0.285320,-0.071637,-0.049479,0.228574,-0.085452,0.000189,0.007069,-0.000087,-0.164658,-0.040771,-0.021962,0.047941,-0.013294,0.129816,0.056879,0.195682,0.048415,0.039706,0.015637,0.162545,-0.050862,0.178379,-0.025270,0.134901,-0.083960,0.191974,0.150143,0.019635,0.125159,0.160428,0.053010,0.144977,0.180508,0.044168,-0.074243,-0.036157,0.115181,0.172546,-0.000113,0.151530,0.225122,-0.111410,0.161355,0.028854,0.013396,0.184828,-0.046005,0.020557,0.057548,-0.073286,-0.204054,0.050941,0.162236,0.155395,0.029246,0.042322,-0.007011,0.159236,-0.006893,-0.141124,0.107003,0.035985,0.252039,#
11,-0.080195,0.207166,0.167696,0.046155,0.094810,0.096780,0.028858,0.187627,0.170498,-0.011166,0.029864,1.000000,0.024507,-0.028077,-0.091104,-0.055058,-0.011421,0.150314,0.012306,-0.208601,-0.025406,0.114217,-0.104455,-0.130540,0.105293,0.168469,-0.199492,0.216942,-0.119325,0.089157,0.117318,0.068359,0.029978,0.098356,-0.002919,0.034828,0.113444,-0.099960,0.024693,0.154143,0.009935,0.119014,0.228849,0.009166,0.032482,0.033587,0.088969,-0.062617,0.068995,-0.012291,-0.034931,0.133285,0.006217,0.234031,0.059782,-0.074251,-0.145088,0.269355,0.064968,0.047638,0.042907,-0.018660,0.067525,-0.130535,0.019026,0.105853,0.134406,0.107830,0.137671,0.127702,0.017794,0.008985,0.124679,-0.032891,-0.054809,-0.126115,0.087311,-0.046839,-0.050063,-0.032075,0.103415,0.070577,0.088136,-0.046825,0.138172,-0.059154,-0.048745,0.027879,0.182215,-0.034335,-0.149747,0.144411,0.161770,0.121822,0.116226,0.111126,-0.102564,-0.073718,0.132782,0.127747,0.033831,0.076273,-0.098634,0.071061,-0.038379,0.152005,0.089053,0.156441,0.072017,0.155861,0.176063,0.146438,0.079632,0.040440,-0.068719,0.204490,-0.042111,0.060063,-0.199484,0.055599,-0.091261,0.047089,0.075133,-0.057374,0.040250,-0.090710,-0.085882,-0.039686,0.089948,0.031214,0.085285,0.106484,0.180618,0.167544,0.104049,0.067439,-0.129502,0.212608,-0.069269,0.172461,0.056359,-0.128059,0.110937,0.123941,0.196143,-0.099957,0.069057,-0.025121,-0.058921,-0.020350,0.026901,0.141559,0.054991,0.105997,0.096588,0.092419,0.058653,-0.093802,0.075957,-0.049908,-0.038312,0.106841,-0.083101,-0.011599,-0.066460,-0.025009,0.130619,0.017080,-0.019047,0.148938,0.022373,0.043076,0.040940,-0.106993,0.080309,-0.006199,-0.040807,0.046567,-0.118511,0.138987,0.145036,-0.017761,0.063135,-0.131204,-0.033939,0.049026,-0.072178,0.001942,0.102892,0.162234,0.127062,-0.125906,0.241407,0.160281,0.206022,0.009449,0.007061,-0.028367,-0.016552,0.122470,#
12,-0.036260,0.035354,0.014799,0.021155,0.100017,0.120970,0.090445,0.035919,0.102625,0.075064,-0.210616,0.024507,1.000000,0.085430,0.229464,0.074857,0.260809,0.147477,0.108411,0.192849,-0.027080,0.162832,0.081177,0.158960,-0.110624,0.118928,0.025992,0.109400,0.064421,-0.029029,-0.038434,0.132983,0.140725,0.073320,0.094618,0.113941,0.114125,-0.039818,0.026475,0.143888,-0.021001,-0.064469,0.119818,0.248859,0.099899,0.144293,0.094797,-0.040168,0.089869,-0.021359,0.153034,0.015967,-0.022133,0.168913,0.207431,0.030240,-0.038574,0.040585,0.041347,-0.098393,0.042998,0.262429,-0.177319,0.101748,0.258274,0.106003,0.056994,0.088809,0.131713,0.039521,0.116069,-0.011303,0.142119,0.019464,0.161565,0.163560,0.059982,-0.161955,-0.010424,-0.020606,0.212854,0.074140,-0.079518,0.064272,0.059202,0.040852,0.087160,0.085425,0.166022,0.018789,-0.066917,-0.054268,-0.007934,-0.002425,0.013412,0.163362,0.303707,0.101282,-0.047957,-0.005446,0.072571,0.063639,0.042966,0.125909,0.060438,0.031131,0.032318,-0.029418,-0.038257,0.005429,0.229730,0.017588,0.067878,0.026077,0.115899,-0.039452,0.201373,-0.105550,0.078294,-0.150358,0.129730,0.050809,0.168564,0.219050,0.165780,-0.201077,-0.000280,-0.116237,-0.092499,0.060347,0.062196,-0.033315,-0.031657,0.123000,0.038254,-0.075683,0.134758,0.102059,0.212855,0.042249,0.045704,0.162210,0.088947,-0.030956,0.064445,0.142288,0.056305,0.072919,0.000363,0.105155,-0.034867,0.176107,0.073546,-0.021280,0.030478,0.301834,0.020285,-0.066636,-0.039771,-0.006430,-0.003476,0.283567,0.193255,0.128554,0.188327,0.022055,0.136556,0.148711,-0.018191,0.003308,0.117772,0.154047,0.025615,0.107922,0.139902,0.099017,0.128276,0.137695,0.053774,-0.052021,0.081864,0.124371,0.122307,0.051440,0.018991,0.037397,0.114359,0.256860,-0.004911,-0.066991,0.073984,-0.064620,0.103326,0.099950,-0.052654,0.080092,0.063650,0.075284,0.075433,-0.059132,#
13,-0.143125,-0.159713,0.131474,-0.030284,0.054472,-0.040571,0.075130,-0.020348,-0.050376,-0.018692,-0.116877,-0.028077,0.085430,1.000000,0.187159,-0.032712,0.153083,-0.008379,0.028670,0.159411,0.099881,0.064802,0.003982,0.077684,-0.281295,0.094652,0.140327,0.044455,-0.021838,0.058726,0.021458,0.054282,0.143584,0.037890,0.165605,0.098949,-0.034897,0.070606,-0.138589,0.057175,-0.109252,0.093576,0.057478,0.045946,0.165183,0.115479,0.035068,-0.014363,0.075627,-0.113713,0.041105,-0.034326,-0.029089,0.218932,0.077500,0.001755,-0.064019,0.058548,0.034757,0.154646,0.134955,0.166898,0.096360,0.137583,0.055817,-0.025101,0.182488,0.050121,0.080049,0.012568,0.015098,0.019954,-0.136080,0.020135,0.191815,0.174768,0.093744,0.021993,0.087117,0.236472,0.057592,0.172621,0.072277,0.078082,0.025019,0.045820,0.019247,0.019098,0.048578,-0.034254,0.047191,-0.048748,0.028201,0.164813,-0.051557,-0.151359,0.065346,-0.039435,0.007550,0.259968,-0.011586,0.206174,0.103983,0.256562,-0.021669,0.102976,0.116731,-0.000298,0.129315,0.130069,-0.013332,0.061087,0.238710,0.106855,0.168103,0.101358,0.217912,0.122562,-0.069692,0.178247,0.008313,-0.024926,0.135665,0.035204,0.081799,-0.166910,-0.002954,-0.089735,0.026000,0.091462,-0.172567,0.059531,0.004426,0.049826,0.190018,-0.064789,-0.014164,-0.057568,0.020500,0.131261,-0.253198,0.055444,0.250865,0.140113,-0.020465,0.116461,0.116569,0.017188,-0.015351,0.022963,-0.068840,0.076801,0.040715,0.185873,0.028661,0.145072,-0.134260,0.014508,0.155715,0.067441,-0.027342,0.151377,0.114942,0.165283,-0.018612,0.096609,-0.102533,-0.017248,0.028063,-0.038659,0.054180,0.167101,0.049300,0.077564,0.184311,-0.010282,0.037035,0.182336,0.126231,-0.050919,-0.016109,0.249722,0.028776,0.020017,0.262070,0.194692,0.168827,-0.013313,-0.222870,0.062654,0.091202,0.085813,0.065638,0.236635,-0.024950,0.143939,0.040747,-0.124581,0.087964,0.002818,#
14,0.153458,-0.093379,-0.067548,0.093066,0.102222,0.065432,-0.047053,0.189946,0.220742,0.129136,0.033958,-0.091104,0.229464,0.187159,1.000000,0.210822,0.090241,0.090732,0.171086,0.222537,0.078531,0.047434,0.082917,0.277529,-0.009696,-0.020772,0.169898,0.068192,0.135498,0.036596,-0.061979,0.242951,0.056659,0.100127,0.213026,0.080618,0.088274,0.070889,0.069110,0.200038,-0.105702,-0.048862,0.116017,0.008128,0.262233,0.230387,0.084422,-0.073918,-0.001436,0.168177,0.119489,-0.009685,0.146351,0.204097,0.278689,0.081309,0.138074,0.089519,0.123212,0.101830,0.128114,0.165397,0.118260,0.136542,-0.013471,-0.088729,0.073574,0.164458,-0.061578,0.176124,0.219586,0.068723,0.089384,0.171070,0.267775,0.077918,0.216039,0.109739,0.074345,-0.012676,0.191822,0.221972,0.075704,0.169921,0.106423,0.074741,-0.042899,0.130462,-0.006755,0.005137,-0.064467,0.090491,0.118857,0.073876,0.075478,0.089831,0.284464,0.048081,-0.048721,0.002521,0.154854,0.224922,0.138620,0.171701,0.186655,-0.044875,0.169587,-0.004326,-0.111981,0.098025,0.073565,-0.146681,0.110296,0.202111,0.149847,0.078698,0.179777,-0.089032,0.082946,0.088488,0.167008,0.135628,-0.017361,0.044308,0.128347,-0.036405,0.052635,0.133814,0.017359,0.237985,-0.000383,-0.032026,0.006161,0.096917,0.082425,0.084265,-0.192376,0.151652,0.021846,0.022714,0.107898,0.167887,0.131824,0.097425,-0.077237,0.221912,0.128292,0.031662,-0.105805,-0.016029,0.154033,0.064401,0.022658,0.102531,0.153135,0.256136,0.102101,0.080524,-0.010568,0.110920,-0.009925,0.007885,0.206179,0.063949,0.102156,0.067257,0.086509,-0.018965,0.101525,0.256776,0.159983,-0.022511,0.118679,0.066719,0.039070,0.028933,0.178370,0.127268,0.197397,0.043385,0.217855,0.270038,0.068286,0.019420,0.107751,-0.036550,0.066285,-0.126727,-0.023417,0.201742,-0.053775,0.032870,0.096929,0.143293,0.115962,0.084718,-0.001413,0.006561,0.090803,-0.092057,#
15,0.329799,-0.071462,0.136260,0.004203,0.137232,0.160135,0.083152,-0.010254,0.254162,0.160141,0.149972,-0.055058,0.074857,-0.032712,0.210822,1.000000,0.174799,0.247755,0.090015,0.155017,0.041033,0.024750,0.150198,0.281876,0.014527,0.188735,0.056858,0.020180,0.078130,0.249182,0.016621,0.208094,0.023094,0.218285,0.068024,0.254716,0.085303,-0.072376,0.262464,-0.000563,0.058191,0.069728,0.088664,0.000562,0.192459,0.109143,-0.126050,0.140522,0.085172,0.201883,-0.154045,0.363542,0.046534,0.125307,0.193473,0.141849,0.108823,0.089469,0.211300,0.216821,0.187636,0.079419,0.244511,0.035585,-0.032962,0.252770,0.013492,0.075821,-0.009491,-0.117800,0.228462,0.105807,0.008444,0.051742,0.027064,0.076899,0.061028,0.070403,-0.006227,0.019772,0.291103,0.116582,-0.109583,0.236591,0.232624,0.068942,0.022561,0.356285,0.033512,0.104513,0.041608,0.027518,0.025952,0.031375,0.079506,-0.005047,0.249879,-0.023004,0.053026,0.064008,0.213912,0.098207,0.103463,0.082985,0.021486,0.120603,0.162282,0.087343,-0.048565,0.145768,-0.051089,0.195019,0.037127,0.087313,0.057275,0.098373,-0.031608,-0.062003,0.043502,-0.012485,0.123811,0.057307,0.173811,0.063157,0.011801,0.063103,0.149920,0.215897,0.002678,0.255979,-0.057557,0.004329,0.026180,0.217700,0.086998,0.065772,-0.148184,-0.011185,0.046473,-0.085718,-0.011651,0.109060,0.068994,-0.008195,0.075527,-0.101895,0.103644,0.058472,0.175273,-0.056403,0.070649,-0.093193,0.197330,0.157350,-0.025087,0.265426,0.195892,0.157524,0.015509,0.206911,0.053855,0.007995,0.296872,-0.010322,0.101401,0.207426,0.145380,0.185826,0.244689,-0.018775,-0.085442,0.085252,-0.083954,0.091651,0.144421,0.036770,0.223751,0.139144,0.092479,0.156607,0.211042,0.082468,0.097711,0.235941,0.016496,0.077238,-0.061819,0.248014,-0.058197,0.088579,-0.162259,0.049390,0.144925,0.095924,-0.035200,0.126021,0.148184,0.156747,0.065168,-0.044843,#
16,0.156906,-0.004324,-0.062355,0.013222,-0.012922,-0.020388,0.001704,0.116706,-0.076816,-0.018530,-0.030958,-0.011421,0.260809,0.153083,0.090241,0.174799,1.000000,0.008574,-0.071759,0.281452,0.112437,0.066171,0.037955,0.105503,-0.107018,0.036930,0.095857,-0.155931,-0.070914,0.229259,-0.084772,0.127124,0.013095,0.215179,0.132851,0.038944,0.073700,-0.024175,0.085458,-0.078153,-0.049926,-0.045253,0.117695,0.121945,0.008935,0.106572,-0.022113,0.054144,-0.033148,0.035345,0.021789,0.053162,0.132771,0.157831,0.121308,-0.093978,-0.000275,-0.063109,0.045108,-0.068998,-0.078209,0.224063,0.168966,0.129187,0.089327,0.056089,-0.083175,0.197203,0.073580,0.123840,-0.096779,0.093124,0.173264,-0.043935,-0.016174,0.077419,-0.126829,0.121137,-0.017341,0.090650,0.112706,-0.021574,-0.107493,0.222947,0.100095,0.139984,0.146067,0.052132,0.086140,0.077836,0.009919,0.055415,0.084385,-0.115270,0.005922,-0.032606,0.129640,-0.064039,-0.054807,0.191920,-0.129023,-0.011422,-0.043459,0.048034,0.007663,0.029706,0.137294,0.073450,-0.014723,0.090288,0.022962,0.032432,0.087631,0.008326,0.201820,0.100383,0.081823,0.076047,-0.002155,0.057567,0.265357,0.173176,0.064739,0.167645,0.172576,-0.089584,0.050984,-0.142722,-0.064176,0.194342,0.036658,-0.103580,0.200957,-0.274221,0.181765,0.134655,-0.098491,-0.017614,-0.044959,0.011891,-0.032887,0.111931,-0.007992,0.038603,0.174610,-0.023863,0.051907,0.050338,0.131428,0.267656,-0.241111,0.210348,-0.043436,0.029735,-0.006019,0.149150,0.041418,0.003006,0.003990,0.076504,0.024299,0.095001,0.149345,0.080215,0.040288,0.003589,0.103560,0.110213,-0.009680,-0.111786,0.052188,0.113069,-0.042980,-0.068599,0.017584,0.077325,0.013367,0.080917,0.093561,-0.028794,0.067965,0.059592,0.017129,-0.014402,0.086209,0.105551,0.103844,0.164574,-0.005475,0.023948,0.215978,-0.201849,-0.157440,0.007979,-0.038986,0.246143,0.053441,-0.102995,-0.114785,0.005641,#
17,0.215900,0.086980,-0.029243,0.114835,0.111051,0.134666,0.044425,0.162265,0.157600,-0.025061,0.088991,0.150314,0.147477,-0.008379,0.090732,0.247755,0.008574,1.000000,-0.013243,0.066435,0.114925,0.021126,-0.013451,0.146103,-0.016209,0.161802,0.033316,-0.039547,-0.023076,-0.006541,0.107835,0.035258,0.206144,-0.021172,0.038765,0.192036,-0.170295,0.016508,0.285442,0.068220,0.177181,0.157161,0.079623,0.110905,0.057330,0.030833,0.066921,0.113753,-0.007401,0.053750,0.066812,0.090501,-0.046939,0.038150,0.135260,0.150804,0.166079,0.017923,0.045963,0.014139,0.059545,0.168143,-0.029644,0.033436,0.045645,0.244972,0.165678,0.183330,0.079851,0.037788,0.033310,0.199260,0.048444,-0.066424,0.013832,0.156628,-0.029243,-0.106017,-0.093812,0.157943,0.149343,0.074669,0.085207,0.071443,0.000229,-0.069448,0.258249,0.044862,0.167371,0.098006,-0.068190,-0.149456,0.184117,0.044507,-0.075920,0.134670,0.088711,0.037694,0.030253,0.039072,0.113293,-0.152034,0.008286,0.067305,-0.019142,0.024265,0.151699,0.145311,0.079482,0.034453,0.128950,0.175492,-0.014003,0.116571,0.178256,-0.027305,0.066952,-0.038921,-0.000567,-0.000679,-0.015303,0.123354,0.097227,0.037987,0.229795,0.102722,0.119829,-0.082112,-0.098110,0.133254,0.212764,0.130942,0.159577,0.053236,0.008144,0.103722,0.021276,0.152849,0.065005,0.118413,0.183709,0.094335,0.161722,0.086281,0.109651,0.039288,0.007003,0.101567,-0.098753,-0.106328,0.048884,-0.058148,0.063870,0.079968,0.259932,0.232288,0.101216,0.059870,0.072917,0.025469,0.036666,0.023336,0.211703,0.132604,0.026530,0.083258,0.007323,0.101855,0.085785,-0.056300,0.098138,-0.084280,0.066742,0.062311,0.102886,-0.007549,0.100999,0.032009,-0.099060,0.255125,0.216300,0.130269,0.094744,0.101725,-0.027676,0.075589,0.006360,0.128322,0.044570,0.000495,0.038082,0.067005,0.173904,0.136087,0.170747,0.105984,0.027674,0.108963,-0.043334,0.132646,#
18,0.110944,-0.095246,0.092740,0.178062,0.084243,-0.186431,0.025055,-0.028567,0.016907,-0.034147,-0.059588,0.012306,0.108411,0.028670,0.171086,0.090015,-0.071759,-0.013243,1.000000,0.051998,0.044287,0.059645,0.150676,0.171551,-0.013221,-0.017004,-0.134597,0.108771,0.006669,-0.081788,-0.151571,-0.132896,0.086153,0.051855,0.100416,0.102596,0.013347,0.098727,0.014832,0.286923,0.058540,-0.050268,0.074193,-0.039420,0.191195,-0.010833,0.000198,-0.006825,-0.110220,0.067885,-0.075763,0.053475,0.110798,-0.001613,0.166306,0.161663,-0.001638,0.027629,-0.088657,0.044445,0.128479,-0.043058,0.091423,-0.024317,0.085743,-0.001782,0.066884,-0.003129,-0.137263,0.057300,-0.034995,0.005227,-0.090955,-0.128826,0.094899,0.058024,0.114865,0.087940,-0.017825,0.049769,-0.073125,-0.031357,0.065680,0.095989,-0.067040,-0.053387,-0.034575,-0.018397,-0.010375,0.052580,0.119690,-0.094922,-0.052002,-0.064670,0.085157,0.109952,0.209496,-0.024007,-0.000112,0.063924,0.082356,0.072830,0.077613,-0.017028,0.134929,0.076366,0.032406,-0.108046,-0.057931,-0.055233,0.132135,0.023176,0.184170,-0.067367,-0.026300,-0.037377,-0.070163,-0.225345,-0.045640,0.074109,-0.003314,-0.006390,0.039910,-0.160183,0.014036,-0.214362,-0.060057,0.140386,0.141419,-0.038363,-0.084682,0.199847,-0.149910,0.175079,0.083822,-0.059248,0.023492,0.109309,-0.109034,0.031853,-0.092664,-0.008219,0.056777,0.079006,0.036441,0.122510,0.006147,0.031942,-0.094946,-0.001359,-0.034463,0.075915,-0.035526,0.025944,0.005527,0.071824,0.082514,0.067611,-0.045354,0.201585,0.023050,0.015716,0.069106,0.090592,-0.010741,0.226386,0.083571,0.044025,-0.036278,0.178119,-0.137261,-0.026182,0.046546,0.085367,-0.041205,0.158842,0.062626,-0.012190,-0.024024,-0.011520,0.006709,-0.004608,0.109031,-0.065001,0.026468,-0.119658,0.279115,-0.131372,-0.001430,-0.035118,-0.033499,0.096535,0.136292,0.112566,0.046634,0.003229,-0.007851,0.005387,0.192613,-0.105089,#
19,0.135906,0.042686,0.050108,0.136482,0.295990,0.276587,-0.064407,-0.042872,0.054620,0.224021,0.097986,-0.208601,0.192849,0.159411,0.222537,0.155017,0.281452,0.066435,0.051998,1.000000,0.039865,-0.055450,0.089810,0.138853,-0.066563,0.134367,0.108730,-0.037861,0.012977,0.129570,0.165988,0.129821,0.058966,0.126776,0.070141,0.068288,0.075390,-0.000859,0.189223,0.048333,0.135229,0.027831,-0.060080,-0.055445,0.042090,0.080456,0.223886,0.111868,0.010320,0.160788,-0.036295,0.090017,-0.016360,0.127454,0.149395,0.172923,0.121728,-0.090655,0.195686,0.124378,0.219056,0.355667,0.178410,0.166656,0.253232,-0.013616,0.056878,0.166087,-0.097219,-0.030151,0.153710,0.127519,0.110262,0.088626,0.165610,0.318861,0.021233,0.106214,0.263321,0.113984,0.169823,0.105598,0.131338,0.116619,0.111856,0.110517,-0.004113,0.272097,0.086718,-0.144513,0.029206,-0.004912,0.154671,-0.017473,-0.068134,0.111917,0.137409,0.078946,-0.112232,0.055796,0.118662,0.148035,0.092928,0.115496,0.213747,0.265756,0.057922,0.184632,0.050945,-0.124492,-0.043110,0.049996,0.249407,0.186033,0.107481,-0.007669,0.276990,0.093080,0.114201,-0.286190,0.042574,0.159485,0.146978,0.153508,0.242910,-0.068916,0.200349,0.031024,0.016714,0.153357,0.006470,-0.018151,0.028515,0.017404,0.188928,0.067160,0.048582,0.143528,-0.000816,-0.064551,-0.085874,0.108192,0.164058,0.117010,0.054434,0.107588,-0.011394,0.039725,0.074840,0.048790,0.037663,0.220237,0.066466,0.162408,0.168785,0.135878,0.058795,0.074905,0.115637,0.185446,0.236179,0.050296,0.111743,0.102796,0.122084,0.126382,-0.026455,0.181916,0.176434,-0.022662,0.014994,0.073167,0.254124,0.202023,0.108333,0.046697,0.139594,0.262951,0.141417,0.037954,-0.084322,0.184892,0.188282,0.204975,0.244321,0.047368,0.056035,0.037146,0.062565,0.018324,0.262758,0.183616,-0.031344,0.058945,-0.052552,0.197797,-0.019908,0.086943,0.121603,0.140370,#
20,-0.054497,-0.154054,0.188612,0.097169,0.320266,-0.019701,0.091328,-0.025472,-0.099141,0.086241,-0.064277,-0.025406,-0.027080,0.099881,0.078531,0.041033,0.112437,0.114925,0.044287,0.039865,1.000000,0.081543,0.018427,0.041108,0.046851,0.196246,0.122845,-0.183879,-0.012826,-0.088238,-0.043302,-0.036167,0.065492,0.057588,0.074171,0.161278,0.151080,0.063432,0.174168,0.119038,0.015864,0.181643,-0.034868,-0.097674,0.204838,0.030017,0.210808,-0.030524,-0.149624,-0.001732,-0.173433,0.036145,-0.009180,0.124079,0.280272,0.089879,0.129454,0.081002,0.083516,-0.050489,0.161050,0.109842,0.127035,0.017812,-0.016788,-0.052788,0.008820,0.108070,0.063008,0.163793,0.225690,0.117523,-0.020430,0.010739,0.063276,-0.070850,-0.032992,0.181772,0.011614,-0.028414,0.067131,0.132995,0.006888,-0.017318,0.032492,0.067296,0.078352,-0.032917,0.059900,-0.022537,0.131720,-0.022132,0.144897,0.100746,0.112284,-0.081994,0.027602,0.169180,0.096427,-0.040769,0.050287,-0.016918,0.224591,-0.040559,0.097890,0.006523,0.065187,0.078908,-0.023275,0.176883,0.204859,0.235544,0.092924,-0.152548,0.138992,0.090769,0.194504,0.113940,0.009641,0.161578,0.077639,0.117757,0.017687,0.032287,0.045932,0.009383,0.168547,0.027659,0.236171,0.118437,0.189120,-0.003738,0.030367,0.146291,0.048751,-0.135329,0.049894,-0.148372,0.049813,0.005338,0.039937,0.174666,0.074513,0.016098,0.063714,-0.021696,0.022634,0.048119,-0.007655,0.174516,0.157549,0.098867,-0.073348,0.194586,-0.075737,0.070204,0.068961,-0.076138,-0.087722,0.268385,0.025516,0.067546,0.125781,0.102711,0.103126,-0.069921,-0.103436,0.092514,0.029297,-0.029564,0.072473,-0.089301,0.112449,-0.081154,-0.004412,0.043139,-0.116466,-0.049808,0.216546,0.095549,0.074016,0.083251,-0.038152,-0.021171,0.108864,-0.193335,0.056157,0.146662,0.011882,0.228603,-0.117244,0.014128,-0.007617,0.154983,0.023849,-0.003660,0.085609,0.033578,0.120342,0.202730,#
