0,1.000000,0.044336,-0.010091,0.004249,0.095723,0.108243,0.148930,-0.098272,0.038269,-0.014143,0.121764,-0.071720,-0.001637,-0.015961,0.161521,0.299176,0.194105,0.202327,0.132106,0.156014,0.016596,-0.043889,0.223830,0.328942,0.008862,-0.031027,0.042048,-0.137305,-0.021906,0.088915,-0.001694,0.246895,0.086144,0.197788,0.256543,0.011788,-0.030987,0.057488,0.198751,0.128659,0.092422,0.049388,0.203964,-0.165171,0.149192,0.014788,-0.003153,0.195021,0.151531,0.260996,-0.006714,0.145443,0.057188,0.101550,0.241776,0.120798,0.183170,0.137542,0.068666,0.048390,0.115281,0.217132,0.210662,0.011189,0.007994,0.004002,0.096253,0.100100,0.037634,0.074167,0.071985,0.065022,0.013291,0.213918,0.077782,-0.077887,0.238116,0.121439,0.041645,0.060764,-0.043085,-0.006312,0.065656,0.152049,0.190702,0.094529,0.197356,0.160880,0.215785,0.229168,0.003091,-0.008875,0.136579,-0.045897,-0.052943,0.110864,0.078931,-0.031176,0.047738,0.181186,0.123793,0.074621,0.022019,0.114488,0.049791,0.188251,0.143152,0.141901,0.189160,-0.107257,-0.028274,0.125213,-0.062260,0.070622,0.183343,0.116466,0.049098,-0.089388,0.173982,0.170507,0.061032,0.014170,0.184871,0.082490,0.197325,0.143246,0.115297,-0.118881,0.037016,0.186196,0.058448,0.060919,-0.091511,-0.007398,0.061680,0.128203,0.025605,-0.003678,-0.142473,0.093335,0.209670,0.030092,-0.031267,0.132402,0.012759,-0.104435,0.108602,0.014174,0.080333,-0.034362,-0.064200,0.078760,0.036344,-0.056508,-0.009028,0.183219,0.183086,0.151037,0.103338,0.074015,0.184797,0.145924,0.072114,-0.032807,0.069287,0.283236,-0.013296,0.199468,0.237458,0.081993,-0.092005,-0.124367,0.144150,0.089140,0.002672,0.147808,0.258867,0.118265,0.137319,-0.002843,0.171723,0.070158,0.150647,0.017033,0.049478,-0.150807,0.052369,0.298427,0.160431,-0.096555,-0.148261,0.144047,-0.027467,0.132448,0.127148,0.114228,-0.004702,0.195224,0.017994,0.125154,#
1,0.044336,1.000000,0.037794,0.023085,-0.016557,-0.033538,0.156887,0.090270,0.183184,0.050178,0.119880,0.194206,0.078192,-0.101122,-0.026044,-0.014634,0.077099,0.032008,-0.072232,0.022933,-0.034190,0.122128,0.064518,-0.145603,0.065995,-0.007164,-0.084395,0.081807,-0.197134,0.004832,0.106625,0.004449,-0.089135,0.057396,-0.111607,0.048376,0.079665,-0.024663,0.146526,0.018078,-0.025852,-0.053282,0.131084,0.016492,0.009897,-0.079925,0.282416,-0.024259,0.081290,-0.053019,0.039232,-0.004667,0.148951,0.046536,0.091282,0.028865,0.032225,-0.098912,-0.105665,-0.009402,0.023746,0.075372,0.114817,-0.062209,-0.110032,0.132723,0.065273,0.155930,0.100881,0.110388,0.081221,0.151081,0.202099,-0.085236,0.104565,0.047716,0.082443,0.000657,0.194007,-0.031505,0.018251,0.069301,-0.093800,0.094274,0.146754,-0.037168,0.130758,0.197729,0.108797,-0.022742,0.008028,0.025691,-0.146049,0.029121,0.003775,0.056605,-0.005139,-0.007398,-0.009865,0.002088,0.115853,0.026874,0.007464,-0.034347,-0.046373,0.127371,0.048374,0.140612,0.144630,0.046235,-0.039314,0.036902,-0.050032,0.022952,0.068617,0.254944,0.153973,-0.080298,0.016424,-0.083134,-0.131846,0.065101,0.112658,0.044846,0.083428,0.007016,0.063094,0.060509,0.111295,0.146340,-0.100196,0.160488,-0.019712,0.003054,0.043957,0.072061,0.164117,0.116611,0.079469,0.159431,0.158241,-0.005299,0.080159,0.235109,0.238060,-0.051547,-0.075703,0.007273,0.045691,-0.070561,0.095562,0.070355,-0.094069,-0.135663,0.178677,0.079497,-0.061752,0.070428,-0.263239,-0.132385,-0.073567,0.123968,0.054882,0.195498,0.084846,-0.037889,-0.032447,-0.106761,-0.048232,0.125456,0.032518,0.094118,0.051598,-0.009121,0.006345,0.102366,0.054095,0.025512,0.043952,-0.055175,0.107806,-0.088545,0.053524,-0.047922,0.051527,0.024185,-0.002983,-0.108532,0.168157,0.117805,0.141722,0.115465,-0.084902,0.037152,0.054840,-0.050849,-0.020384,0.211692,-0.124465,0.222628,#
2,-0.010091,0.037794,1.000000,-0.027635,0.188979,0.059992,0.169946,0.076480,0.071701,0.121666,0.199542,0.154620,-0.030167,0.211280,-0.102266,0.073801,-0.088129,0.011007,0.099969,0.063671,0.195581,0.134022,-0.059884,0.005498,0.000057,0.196047,0.123944,-0.021100,-0.096827,-0.016172,-0.009365,0.010435,0.109980,0.024988,0.083882,0.029794,0.116848,-0.014627,0.119351,-0.122397,0.011148,-0.021379,0.087161,-0.060634,0.123258,0.023655,0.072037,-0.071650,-0.021312,0.054131,0.017565,0.219044,0.058674,0.034783,0.088507,0.042256,0.102680,-0.015038,0.185475,0.216814,0.318741,0.075294,0.012633,0.089701,0.124256,0.105367,0.025669,0.100302,0.103256,-0.017827,0.106210,0.199976,-0.130787,0.146421,0.265464,0.051737,0.036025,0.008930,0.073574,0.074340,0.058454,-0.065845,0.108181,-0.147130,0.161694,0.025198,0.057660,0.120016,-0.014728,-0.035503,0.018375,0.088652,0.104856,0.169388,0.049451,0.100689,0.061698,0.010744,0.131414,0.069058,0.128427,0.126562,-0.051406,0.159736,-0.102247,0.190880,0.148347,0.188437,0.139371,0.039328,0.189221,0.128533,0.174753,0.039660,0.021502,0.147376,0.041432,-0.015563,-0.118465,0.137821,-0.093626,-0.125824,-0.009413,0.103076,0.063361,-0.043244,0.161309,0.035263,0.140875,0.090136,-0.092326,0.103342,0.043761,0.168226,0.131215,-0.075300,0.108812,0.120229,0.140057,-0.017582,0.081993,0.138968,-0.058355,-0.002153,0.181104,-0.080327,-0.128053,-0.139005,0.066060,0.002986,0.064103,0.089131,0.255081,0.124990,-0.090768,0.047414,0.029781,-0.085086,0.074880,0.055246,-0.090467,0.120861,0.159855,0.172477,-0.010227,0.228475,-0.019233,-0.058849,0.025990,0.125513,-0.077491,0.253485,0.166461,0.010060,0.100816,0.012781,0.057026,0.048339,-0.065843,-0.028168,0.096633,0.182249,-0.122795,0.137041,0.016708,0.115397,0.092366,0.015368,0.074322,-0.049970,0.041822,0.053790,0.160855,0.212010,0.090405,-0.031964,-0.107446,-0.011225,0.089634,0.121942,#
3,0.004249,0.023085,-0.027635,1.000000,0.066117,-0.046994,0.050558,0.003010,0.271057,0.105781,0.181917,0.052973,-0.018639,-0.063278,0.112888,0.020976,0.020931,0.150938,0.168933,0.087709,0.111370,0.104968,0.192267,0.177929,0.054392,0.102682,0.152424,0.030976,0.090640,0.135774,0.104774,0.091169,0.292812,0.174778,-0.053879,0.058749,0.013247,0.225497,0.237614,0.095411,-0.036406,0.207560,0.189018,0.108128,-0.013792,0.114544,-0.109037,0.122685,-0.105656,-0.037861,0.008549,0.092377,0.130304,-0.112467,0.063765,0.160147,0.142280,-0.014129,0.038793,0.139344,0.180619,0.012699,0.031838,-0.003525,0.255542,-0.017460,-0.056801,-0.196778,-0.111006,0.171679,0.001109,0.162073,0.192033,-0.078850,0.059283,0.075375,0.026918,0.088000,-0.065586,-0.083827,0.118967,0.093701,0.216118,-0.009047,0.126947,0.010882,0.000469,0.033950,0.073691,0.067472,0.169917,0.117686,-0.037133,-0.015759,0.012644,0.070521,-0.003034,-0.083520,0.102203,-0.075387,0.063124,0.043129,0.030966,-0.090962,0.263377,-0.016611,0.204112,0.193559,0.005587,0.072135,0.042271,-0.080451,0.027946,0.004653,0.025645,0.115412,-0.002614,0.145762,0.005675,0.065246,-0.022385,0.024300,0.068710,0.012931,-0.031729,0.113295,0.150358,0.235041,-0.047177,-0.030717,0.158409,0.155517,0.052700,0.122380,-0.007001,0.148607,-0.029499,0.019884,0.024474,-0.026705,0.013148,0.267660,0.138373,-0.030151,0.068111,0.012941,0.194236,0.317356,0.004664,0.167533,0.009598,-0.044856,0.032420,0.053538,0.173957,-0.050011,-0.081489,0.025667,0.223319,0.051925,0.032994,-0.021687,0.064312,0.200247,0.029001,0.045769,0.044900,0.031719,-0.030760,0.070953,0.047181,-0.167151,0.000870,-0.050030,-0.000715,0.099461,0.119829,-0.000048,-0.066271,0.136410,-0.009997,0.234416,0.073677,-0.196593,-0.125399,-0.054495,0.034918,0.032855,0.140568,0.172780,0.159831,0.112312,0.088367,-0.008551,0.135612,0.080932,0.123847,0.008745,-0.062347,0.010682,#
4,0.095723,-0.016557,0.188979,0.066117,1.000000,0.175086,-0.018389,0.098434,0.183923,0.167465,0.004334,0.103339,0.064687,0.027816,0.118870,0.142131,-0.023480,0.100827,0.093120,0.269726,0.315649,0.066440,0.185248,0.194202,-0.108194,0.125399,0.071231,-0.114120,0.143513,0.052221,0.112681,0.086678,0.182299,0.130018,0.029704,0.123653,0.312450,0.065848,0.202141,0.098215,0.022330,0.209179,0.104094,0.050846,0.164798,0.147305,0.228324,0.158243,0.039636,0.014852,-0.019683,0.121226,0.133584,0.134565,0.324814,0.199962,0.114436,0.082600,0.170332,0.157420,0.112625,0.185595,0.112611,-0.000849,0.059749,0.008523,-0.028914,0.129783,-0.022280,0.093317,0.201151,0.190666,0.165657,0.124097,0.111954,0.017423,0.072471,0.189999,0.082863,0.224786,0.110103,0.157445,0.058401,-0.000919,0.291717,0.109299,0.085865,0.095340,0.085012,0.034075,0.256072,-0.069375,0.158110,0.029830,0.182879,0.146995,0.028387,0.068595,-0.045205,0.065463,0.053111,0.123122,0.157170,0.095231,0.005781,0.219202,0.060112,0.157324,0.199678,0.250815,0.089236,0.210769,0.222744,0.188925,0.091327,0.045168,0.184318,0.106042,-0.027562,0.151930,-0.098962,0.078585,0.083307,-0.002356,0.142619,-0.036222,0.219788,0.148934,0.272413,0.160820,0.179310,0.015667,0.118682,0.258394,0.158933,0.094117,-0.017262,0.009331,0.127572,-0.003697,0.104414,0.067513,0.148036,0.008181,0.215414,0.143516,0.145250,0.190847,0.005126,0.112245,0.038814,0.218905,0.177538,0.269746,0.274810,0.035711,0.252256,0.049923,-0.084110,0.129744,0.138318,0.028862,0.078229,-0.076958,-0.171864,0.077443,-0.065559,0.076857,0.007853,0.162399,-0.056057,0.054643,0.356250,0.209596,0.183476,0.203709,0.180451,0.170474,0.070192,0.182994,0.022434,-0.003634,0.121940,0.006789,0.196245,0.167280,-0.167343,0.151958,0.142517,0.284417,-0.092145,0.128327,-0.010463,0.122980,0.120809,0.151590,0.171458,-0.029052,0.195869,0.321869,#
5,0.108243,-0.033538,0.059992,-0.046994,0.175086,1.000000,-0.029452,0.157647,0.086463,0.136607,0.186503,0.075449,0.084888,-0.057425,0.057668,0.155065,0.003681,0.124936,-0.189368,0.263928,0.001582,-0.042029,0.196009,0.114897,0.124013,0.004043,0.168545,0.055616,0.119609,0.074625,0.249161,0.132705,0.178761,0.196361,-0.014004,0.142512,0.099184,-0.001486,0.101871,0.058034,0.191428,0.059704,0.029053,0.115287,0.125174,0.137838,0.186647,0.099422,0.207732,-0.066296,0.100292,0.144673,0.019489,-0.025401,0.088963,0.180062,0.177609,-0.055620,0.377009,0.116741,0.054365,0.198168,0.153451,0.137811,0.239104,0.081669,-0.043478,0.128689,0.129056,-0.218396,0.124795,0.125850,0.200666,0.146039,0.038707,0.140480,0.165265,0.193551,0.112734,0.061753,0.196581,0.023424,0.159034,0.033596,-0.006968,0.059843,0.143317,0.190699,0.112843,-0.128959,-0.021251,0.133237,0.256716,0.267655,-0.025028,0.140182,-0.058838,0.168958,0.157401,0.164745,0.031509,0.167568,-0.070724,0.130862,0.037635,0.258064,0.206024,0.192356,0.120371,0.084563,-0.044359,0.193997,-0.042751,0.015324,0.103353,0.064839,0.092146,0.088707,-0.058738,0.123592,-0.132987,0.117246,0.024623,0.044590,-0.114715,-0.018557,0.192234,-0.049928,0.101424,0.077863,0.219678,0.108920,0.203618,0.221530,0.114306,0.177377,0.093892,0.099142,0.017526,-0.183098,0.091916,0.056271,0.144857,0.120882,0.205424,-0.027621,0.031010,0.096540,0.088551,-0.006306,0.207913,0.064132,0.183406,0.102860,-0.043577,0.115298,0.197810,0.091482,0.091831,0.051218,0.190585,0.011163,0.155638,0.117426,0.068176,0.126752,-0.139664,0.256060,0.178021,0.144693,0.295535,0.053461,0.156135,0.071818,0.029993,0.093003,0.164804,0.082743,0.094684,0.207872,0.247980,0.030067,0.254519,0.099233,0.087172,0.056871,0.102733,0.122211,0.050748,0.018625,-0.005679,0.171947,0.016793,0.031133,0.089527,0.065630,0.005347,0.112807,0.120277,0.273365,#
6,0.148930,0.156887,0.169946,0.050558,-0.018389,-0.029452,1.000000,-0.006249,0.119759,-0.025995,0.028899,0.041919,0.085390,0.167516,-0.036571,0.047431,0.024305,0.057972,0.044127,-0.082722,0.159063,0.181917,-0.037965,0.018488,0.056726,-0.006956,0.033467,0.002416,0.005744,0.128688,0.113774,0.028427,0.030889,0.063287,0.025572,0.002850,-0.136680,0.045872,0.050271,0.070910,-0.092327,-0.066832,0.154113,-0.055162,0.236747,0.001823,0.007115,-0.135617,0.145751,0.041984,-0.017196,0.097279,0.054654,0.026862,0.053791,0.093330,0.032974,-0.018105,0.091978,0.112730,0.220793,-0.085667,0.141248,-0.011966,0.176425,0.123112,0.065530,0.012770,-0.013177,0.057202,0.085820,0.132445,-0.110060,0.249518,0.237123,0.069610,0.132087,-0.003645,0.072513,-0.040335,0.035738,-0.104767,0.103031,-0.120413,-0.066408,0.157991,0.090640,0.064136,-0.017645,-0.002043,-0.016347,-0.161244,-0.071942,-0.089668,-0.056484,-0.036658,0.239420,0.031275,0.020924,0.210064,0.052486,0.180195,0.174273,0.052704,-0.185766,0.089023,0.129368,-0.044196,0.100384,-0.016648,0.017730,0.070996,-0.113148,-0.158431,0.144950,0.018160,0.253715,-0.019018,0.073194,0.018001,0.094046,0.043489,-0.041583,0.092435,0.114753,0.125840,-0.054114,0.034007,-0.066454,0.065835,-0.020904,0.099614,0.094487,0.007523,0.028046,0.081982,0.001834,-0.097516,0.126439,0.050752,0.075914,0.132832,-0.113158,-0.071204,-0.030296,0.031184,0.039090,0.044899,0.067573,-0.127704,0.204261,-0.069548,0.059510,-0.193129,0.092148,-0.012840,-0.067421,0.243126,0.039949,-0.026228,-0.110585,0.124937,0.075525,0.210976,0.027582,0.165033,0.000619,-0.030895,-0.024151,-0.015146,0.008126,-0.052092,-0.068454,0.004311,0.170058,0.041551,0.002808,0.016171,0.065233,-0.081870,0.090712,-0.077621,0.165427,-0.010509,0.043194,0.018558,-0.069032,0.095440,-0.069471,0.089096,-0.042000,0.177893,-0.113857,0.168288,0.003564,-0.105367,0.112731,0.104449,0.125851,0.107910,#
7,-0.098272,0.090270,0.076480,0.003010,0.098434,0.157647,-0.006249,1.000000,0.333339,0.062688,0.101704,0.128226,0.054198,0.038358,0.198192,-0.023330,0.179105,0.126397,-0.018627,-0.013676,-0.031804,0.099543,0.136056,0.166044,0.206917,0.139896,-0.025207,0.111232,-0.002663,0.012069,-0.074915,-0.012818,0.089035,0.065246,-0.118957,0.074194,0.036762,-0.049351,0.236602,0.037730,-0.050815,-0.081734,0.035089,0.194026,0.145813,0.080726,0.139677,-0.018935,-0.070995,-0.006641,0.168181,0.026316,-0.019504,0.151115,0.116851,-0.003667,0.005699,0.147832,0.113166,0.076374,0.013169,0.133116,0.025500,-0.098720,0.039657,0.162194,0.100160,0.082684,0.070128,0.306583,0.056905,-0.002358,0.311755,0.000527,0.020332,0.070817,-0.074824,0.014805,0.080479,0.219373,0.070583,0.080858,0.064559,0.046391,0.145899,0.058286,0.120857,0.077338,0.011326,0.076048,-0.035336,0.026241,0.066279,0.066025,0.075045,-0.192713,-0.009010,0.108742,0.007988,0.163954,0.078426,0.045502,-0.122231,0.052046,-0.045618,0.141357,0.039550,0.045571,-0.046680,0.017580,0.151738,0.024543,0.076225,0.027371,0.297643,0.082057,0.052792,-0.152932,-0.073575,0.163442,0.021932,0.076707,-0.015718,0.177928,0.131317,-0.020451,0.171438,0.048748,0.050962,-0.046325,0.052188,0.002075,0.236936,0.006204,0.197435,0.184137,-0.202389,0.131140,-0.032492,0.055246,0.129373,0.062963,0.096768,-0.026917,0.128689,0.064466,0.083113,0.002240,0.035486,0.091925,0.044777,0.113099,0.081720,0.091479,-0.027990,0.188738,0.086836,0.119204,0.015865,0.085539,0.099274,-0.087266,0.207719,0.019690,-0.161381,0.205819,0.086262,-0.081269,-0.095536,0.029033,0.139458,0.122041,0.173868,0.085461,0.185013,0.053601,0.002566,0.025557,-0.127298,0.197403,0.266629,0.064938,0.078206,0.049482,-0.094569,0.179207,-0.076293,-0.188648,0.022562,0.202799,0.123487,0.005005,-0.005263,-0.055297,0.025339,-0.047365,-0.036284,0.076924,-0.043351,0.116797,#
8,0.038269,0.183184,0.071701,0.271057,0.183923,0.086463,0.119759,0.333339,1.000000,0.189806,0.101008,0.178953,0.092704,-0.035779,0.226110,0.243964,-0.046781,0.118421,0.069375,0.030070,-0.030296,0.187244,0.249332,0.206483,-0.049722,0.162806,-0.005507,0.188962,-0.074012,0.195458,-0.046043,0.077427,0.052398,0.086291,-0.055308,0.078074,0.144946,0.020491,0.100205,0.112471,0.069768,0.200761,0.200643,0.077562,0.168750,0.010033,-0.027628,0.056513,0.124539,0.076778,0.130893,0.252556,0.041424,0.160543,0.064299,0.253274,0.110014,0.244314,0.030387,0.269718,0.219028,0.046075,0.242109,-0.077775,0.164811,0.273802,0.109582,0.072104,0.208611,0.185920,0.140143,0.058335,0.136879,0.168627,0.152579,0.136410,0.039657,0.111610,0.113688,0.174975,0.151565,0.119799,0.022875,0.033390,0.126288,0.162592,0.012968,0.002486,-0.061422,0.162945,0.080092,0.143812,0.094212,0.080933,0.267590,0.129044,0.146706,0.053663,0.089506,0.051168,0.124112,0.043117,0.076228,0.150641,0.100697,0.097804,0.195531,0.182157,0.061849,0.149560,0.097335,0.098790,0.009046,-0.004528,0.323619,0.261728,0.118507,-0.098458,0.031027,0.254417,0.099974,0.042763,0.181755,0.058680,0.071633,0.189301,0.209507,0.219706,0.036987,0.175745,0.050346,-0.039626,0.219723,0.226974,0.255913,0.194376,-0.092913,0.072315,-0.040234,0.014584,0.040704,0.143336,0.226792,0.058861,0.057540,0.026120,0.265597,0.144403,0.156166,-0.005092,0.147373,0.043169,0.050764,0.190877,0.244817,0.227137,0.156412,0.274716,0.017668,0.172625,0.002253,0.008637,0.169923,0.149682,0.117231,0.151276,0.086819,-0.075437,0.062392,0.241755,0.145680,0.138917,0.160714,0.043787,0.274438,0.058083,0.039062,0.087373,0.087799,0.176352,0.201929,0.071739,-0.038017,0.041803,0.075787,0.131305,-0.025228,0.007372,0.199171,0.130942,0.062792,0.070251,0.139499,0.035297,0.146787,0.060118,0.072911,0.092436,0.085371,0.072128,#
9,-0.014143,0.050178,0.121666,0.105781,0.167465,0.136607,-0.025995,0.062688,0.189806,1.000000,0.160397,-0.040858,0.079280,0.044223,0.187979,0.150460,0.042899,-0.105154,0.036910,0.192947,0.132861,0.086901,0.198891,0.211401,-0.099011,-0.014678,0.080405,0.119950,0.052536,0.075636,0.147859,0.020719,-0.009937,0.216102,0.221817,0.089197,0.059972,0.120081,0.106109,-0.075295,0.191307,-0.035184,0.165165,-0.023415,0.066924,0.070013,0.078606,-0.033111,-0.091077,0.052990,-0.010351,0.068936,-0.018343,0.061544,-0.050914,0.077101,-0.015037,0.010353,0.235750,0.086241,0.147159,0.113915,0.255057,0.113338,0.061644,0.184085,0.010206,0.078907,0.081678,-0.016852,0.267143,0.108897,0.050728,0.090685,0.043813,0.051288,-0.131776,0.030284,0.173734,0.174833,-0.017388,0.161161,-0.091105,-0.090715,0.251591,0.031244,0.012767,0.196747,-0.180562,-0.184533,0.031570,0.271831,0.114042,-0.019307,0.125669,0.060644,0.140895,0.203109,0.167947,-0.166756,-0.019013,0.108810,0.176059,0.069724,0.255183,0.171084,0.094189,-0.143180,0.117516,0.073031,0.117418,0.076046,0.197101,0.316958,-0.045256,0.148571,0.025922,-0.029162,0.030393,-0.034522,0.031326,0.110010,0.002511,0.085730,-0.056411,0.039913,-0.032486,0.091302,0.150376,0.205220,0.041239,-0.051189,0.131425,0.279649,0.167783,0.071408,0.026106,0.066214,-0.042892,-0.038205,-0.125554,0.138367,0.154665,0.106155,-0.078756,0.078908,0.103020,0.084005,0.018466,0.156009,0.002386,-0.066854,0.194080,0.170033,0.250118,-0.006875,0.056644,0.137775,0.185480,-0.025636,0.088618,-0.006671,0.045349,0.287136,0.105897,-0.001967,0.017526,0.010597,0.234860,0.071735,0.145458,0.109443,0.025538,0.144013,0.079199,0.221735,0.014011,0.103372,0.168610,0.051941,0.108467,-0.023240,0.101981,0.064446,0.022072,0.116049,-0.027078,-0.046753,0.302095,0.101489,0.084978,0.094232,0.099517,0.051948,-0.054492,-0.004121,-0.010913,0.117434,-0.020078,0.159908,#
10,0.121764,0.119880,0.199542,0.181917,0.004334,0.186503,0.028899,0.101704,0.101008,0.160397,1.000000,0.029398,-0.143479,-0.083217,0.065329,0.172541,0.043422,0.038546,-0.036676,0.123707,0.015689,-0.080248,-0.006341,0.157073,-0.010993,-0.116424,-0.035957,0.224808,-0.119730,0.183513,0.087986,0.076341,0.132298,0.092577,0.146328,0.074549,-0.042753,0.058553,0.156723,-0.049399,0.205771,-0.008945,-0.013607,-0.096380,0.148743,0.105041,0.120432,0.140260,0.138064,0.274848,-0.051419,0.094802,0.076961,0.044853,-0.050949,0.122112,0.047746,-0.098812,0.071431,0.121343,0.119029,0.193745,0.120941,0.261609,0.215202,0.055371,0.147129,-0.094525,-0.074779,-0.010647,-0.015673,0.229216,0.076807,0.075369,0.005020,0.128688,-0.001233,0.105392,-0.015708,0.004278,0.276782,0.061494,0.108835,0.079521,0.206117,0.052890,0.063703,0.310673,0.006774,0.086864,0.034787,0.239250,0.061247,0.149008,-0.004724,0.236538,-0.029143,-0.045621,0.312001,0.107248,-0.028258,0.070172,0.089008,0.030471,0.272284,-0.120776,0.104052,0.148369,0.029277,0.000133,-0.075879,0.125592,-0.024097,0.042330,0.199132,0.312188,0.109812,-0.062690,0.089060,0.071229,0.043843,0.136731,-0.042991,-0.039293,-0.109519,0.020256,0.229936,0.191725,0.089222,-0.057386,-0.029299,0.039375,0.034104,0.060734,0.190018,-0.013782,-0.060898,0.234244,-0.072571,-0.048977,0.227614,-0.080456,0.033240,0.020094,0.019160,-0.179135,-0.074206,0.035947,0.114880,0.028198,0.141955,0.090001,0.135119,0.075633,0.001755,-0.011102,0.211763,-0.007107,0.167523,0.030494,0.134904,-0.055037,0.161576,0.237366,0.038110,0.141193,0.179546,0.054466,0.125047,0.192455,0.025825,-0.093785,-0.033505,0.073999,0.171095,-0.014583,0.169548,0.199438,-0.094016,0.168696,0.065949,0.040177,0.208418,-0.076856,0.010995,0.004738,-0.035765,-0.167252,0.037508,0.167686,0.142072,0.060613,0.106070,-0.050060,0.177906,0.016903,-0.121539,0.169480,0.043221,0.260274,#
11,-0.071720,0.194206,0.154620,0.052973,0.103339,0.075449,0.041919,0.128226,0.178953,-0.040858,0.029398,1.000000,0.036387,-0.011035,-0.065027,-0.019115,-0.006296,0.126399,0.000060,-0.200515,-0.042499,0.128696,-0.094102,-0.132456,0.057331,0.156912,-0.175716,0.170073,-0.089891,0.087480,0.107259,0.066005,0.021044,0.066348,-0.018549,0.017128,0.120370,-0.093243,0.005000,0.173267,-0.016818,0.080807,0.253406,0.030254,0.038954,0.055961,0.094869,-0.068789,0.087695,-0.011586,-0.029890,0.187683,0.009435,0.173520,0.072494,-0.086786,-0.115820,0.214606,0.037701,0.034468,-0.018370,0.007561,0.117829,-0.050071,0.038856,0.116053,0.115071,0.102762,0.143912,0.127045,0.002572,0.090412,0.086531,-0.052875,-0.048764,-0.097369,0.078709,0.008383,-0.057629,-0.070386,0.078492,0.029139,0.099562,-0.031676,0.094771,-0.014054,-0.046017,0.036072,0.173297,-0.049963,-0.124819,0.207189,0.147021,0.080517,0.121761,0.121119,-0.082866,-0.053730,0.091124,0.110207,-0.029995,0.089280,-0.107903,0.075845,-0.035573,0.157705,0.079221,0.143439,0.035305,0.181955,0.166710,0.096322,0.042192,0.068140,-0.069100,0.244363,-0.042641,0.102696,-0.201635,0.150269,-0.089862,0.060333,0.072391,-0.072362,0.029809,-0.105098,-0.104884,-0.063390,0.096067,0.052267,0.056283,0.122879,0.190964,0.145801,0.053529,0.043623,-0.155728,0.191334,-0.085863,0.169917,0.083328,-0.127932,0.098563,0.151459,0.245050,-0.090533,0.098421,0.031185,-0.040361,-0.030304,0.037183,0.159035,0.028293,0.092133,0.091673,0.046196,0.043063,-0.052550,0.053298,-0.057525,-0.027106,0.122069,-0.076618,0.016885,-0.042282,-0.064796,0.115200,-0.044440,-0.029675,0.186246,0.005081,0.016058,0.008375,-0.061638,0.051499,0.019646,-0.028592,0.024297,-0.086734,0.168275,0.199696,-0.032118,0.061192,-0.107150,0.009754,0.037585,-0.075624,0.020010,0.120332,0.173034,0.132002,-0.124478,0.237722,0.146762,0.196547,0.049063,0.004224,0.018181,-0.065405,0.129734,#
12,-0.001637,0.078192,-0.030167,-0.018639,0.064687,0.084888,0.085390,0.054198,0.092704,0.079280,-0.143479,0.036387,1.000000,0.081197,0.296146,0.110218,0.289105,0.121767,0.115817,0.127333,-0.000471,0.176826,0.100772,0.125471,-0.129381,0.038000,0.021441,0.131363,0.095569,-0.022802,-0.026051,0.120184,0.153368,0.051555,0.098968,0.056338,0.087336,0.007244,0.045570,0.206361,-0.059675,-0.078225,0.148408,0.237776,0.119413,0.121026,0.068890,-0.093019,0.105106,-0.014351,0.099814,0.016672,-0.056623,0.128650,0.204935,0.022259,-0.018638,0.026562,-0.015963,-0.109169,0.029968,0.280196,-0.138316,0.143213,0.233843,0.073199,0.022053,0.046011,0.143602,0.060271,0.103325,0.037969,0.168525,-0.001290,0.183533,0.191646,0.127874,-0.178073,-0.019759,0.011069,0.170293,0.039979,-0.056586,0.038559,-0.017808,0.045480,0.093095,0.100011,0.190449,0.024135,-0.081135,-0.059232,-0.046449,-0.055960,0.021912,0.180587,0.296636,0.128668,-0.080617,-0.068142,0.018799,0.068509,0.046953,0.116315,0.051044,0.067007,0.066384,-0.017761,-0.006957,0.065870,0.171339,-0.027002,0.021858,-0.018387,0.118531,0.025999,0.222624,-0.074263,0.055044,-0.094741,0.088054,0.088625,0.120372,0.165107,0.149087,-0.203511,0.009651,-0.106236,-0.105020,0.090968,0.042931,0.043756,-0.062291,0.110808,0.040937,-0.077710,0.082024,0.098652,0.182794,-0.040628,0.120352,0.151559,0.103394,-0.004622,0.067558,0.136818,0.071512,0.115048,-0.021914,0.157276,-0.014356,0.220724,0.119414,-0.061927,0.077245,0.253581,0.012385,-0.099207,-0.022413,0.014625,0.000522,0.246431,0.158869,0.110674,0.194454,0.022648,0.181739,0.119250,0.000195,-0.012335,0.104549,0.158332,0.003466,0.180922,0.094458,0.119648,0.143663,0.128383,0.028342,-0.088540,0.142134,0.072552,0.109435,0.017862,-0.025352,0.067490,0.085758,0.227287,-0.005377,-0.049425,0.079255,-0.065840,0.138178,0.106636,0.000475,0.040100,0.008095,0.106068,0.105263,-0.067150,#
13,-0.015961,-0.101122,0.211280,-0.063278,0.027816,-0.057425,0.167516,0.038358,-0.035779,0.044223,-0.083217,-0.011035,0.081197,1.000000,0.181084,-0.056410,0.168521,-0.010655,0.063927,0.146560,0.201359,0.088605,0.071828,0.106243,-0.196645,0.122145,0.095064,0.093227,0.050688,0.035367,0.057388,0.059467,0.215160,0.083833,0.160499,0.039991,0.010768,0.056534,-0.014915,0.144088,-0.075033,0.141792,0.090160,-0.035962,0.226017,0.095798,0.049732,-0.059145,0.123896,-0.013683,0.046713,0.080874,-0.010862,0.270467,0.079606,0.072145,-0.063094,0.136582,0.016749,0.219198,0.156831,0.199045,0.170151,0.137467,0.111036,-0.016422,0.224107,0.075864,0.169591,0.076056,0.074051,0.115390,-0.142707,0.096034,0.307176,0.216688,0.118785,-0.020004,0.184627,0.217532,0.016422,0.173080,0.137991,0.054191,0.036752,0.025784,0.048781,0.049304,0.099621,0.017021,0.032007,-0.044459,0.077185,0.199847,0.049210,-0.147267,0.113527,-0.002803,0.061488,0.223385,0.017946,0.228895,0.099146,0.295387,-0.041694,0.195184,0.112576,0.060240,0.174332,0.106027,0.042891,0.099937,0.226360,0.094938,0.235514,0.166209,0.210212,0.162614,0.008942,0.248165,0.007523,-0.006561,0.146753,0.023674,0.158261,-0.150023,0.020018,-0.097652,0.054666,0.145724,-0.164592,0.103676,0.035597,0.089413,0.240546,-0.003094,-0.015597,0.025896,0.092924,0.122594,-0.191870,0.078921,0.229603,0.162537,-0.045951,0.134507,0.121746,0.023296,0.000682,0.093255,-0.050480,0.148089,0.094979,0.175034,0.105881,0.115569,-0.141881,0.020007,0.191851,0.103142,0.026692,0.179754,0.080683,0.172870,0.001031,0.122172,-0.022534,-0.025558,0.127782,0.034547,0.078996,0.176764,0.093686,0.171597,0.213062,0.045040,0.076299,0.211886,0.168927,-0.094840,0.039426,0.193742,0.042360,0.027019,0.138387,0.180557,0.177711,0.061130,-0.110992,0.053141,0.092206,0.100442,0.132226,0.317282,0.013932,0.022485,0.039034,-0.039322,0.127003,0.034384,#
14,0.161521,-0.026044,-0.102266,0.112888,0.118870,0.057668,-0.036571,0.198192,0.226110,0.187979,0.065329,-0.065027,0.296146,0.181084,1.000000,0.263423,0.133110,0.056660,0.166263,0.229624,0.146201,0.030065,0.099357,0.277671,-0.048196,-0.015236,0.112765,0.106949,0.153698,0.072302,-0.018666,0.273337,0.068591,0.125502,0.182153,0.078388,0.055955,0.130285,0.104279,0.174450,-0.105081,-0.019884,0.086144,0.041147,0.266133,0.161611,0.096809,-0.075597,-0.039974,0.185025,0.091959,-0.001351,0.156460,0.218973,0.247520,0.071837,0.114441,0.107904,0.127992,0.073131,0.141206,0.217367,0.130226,0.100893,0.001883,-0.064773,0.074032,0.131257,-0.025946,0.184925,0.189321,0.106699,0.159399,0.104468,0.282050,0.152995,0.244047,0.106839,0.088607,-0.000202,0.174847,0.251360,0.093794,0.217831,0.100795,0.060812,-0.007708,0.164672,0.044350,-0.013392,-0.073616,0.090754,0.086833,0.112188,0.095656,0.144421,0.256765,0.102565,-0.014266,-0.036878,0.172446,0.214627,0.134958,0.188092,0.247299,0.026581,0.143778,0.044181,-0.076027,0.106662,0.083949,-0.147200,0.129841,0.203222,0.173017,0.104564,0.227607,-0.089370,0.109389,0.027340,0.198796,0.121131,0.043876,0.030963,0.132173,-0.026793,0.040301,0.130883,0.015511,0.249018,-0.029671,-0.023239,0.003681,0.126332,0.127259,0.107452,-0.193469,0.169407,0.025676,-0.024005,0.104660,0.161451,0.150853,0.118463,-0.109039,0.218606,0.118834,0.027742,-0.099836,0.010499,0.162574,0.102659,0.058673,0.140624,0.195753,0.236993,0.135110,0.081264,-0.006575,0.116154,0.005413,0.004824,0.203845,0.101715,0.064067,0.098084,0.120126,0.000346,0.159567,0.217648,0.146686,-0.025933,0.138543,0.088538,0.016362,0.064996,0.194496,0.159248,0.154648,-0.023065,0.227276,0.242698,0.065533,-0.045418,0.031853,-0.048897,0.064217,-0.098763,-0.042698,0.172114,-0.040567,0.022647,0.140635,0.130379,0.160353,-0.006400,0.047385,0.052262,0.096193,-0.065714,#
15,0.299176,-0.014634,0.073801,0.020976,0.142131,0.155065,0.047431,-0.023330,0.243964,0.150460,0.172541,-0.019115,0.110218,-0.056410,0.263423,1.000000,0.157099,0.182871,0.098567,0.139358,0.026454,0.018126,0.170693,0.259004,-0.071877,0.143728,0.023989,0.035449,0.100289,0.272902,0.009054,0.201882,0.018941,0.170011,0.052897,0.287772,0.085175,0.012443,0.235424,-0.007097,0.011893,0.041838,0.071941,0.087157,0.154774,0.081237,-0.077149,0.151274,0.095318,0.216844,-0.169089,0.300530,0.070004,0.096358,0.166993,0.090886,0.115880,0.042651,0.109834,0.154568,0.169165,0.101364,0.244436,0.041035,-0.037087,0.246484,0.003746,0.057540,-0.001197,-0.122360,0.183509,0.085812,0.036367,-0.001524,0.023358,0.103232,0.095364,0.090962,-0.015284,0.010366,0.272342,0.121125,-0.128542,0.253112,0.179777,0.066819,-0.006083,0.330837,0.061717,0.010009,0.054143,0.050522,0.011020,0.042454,0.086687,0.046042,0.254297,-0.005515,0.029146,0.051060,0.205698,0.102761,0.093715,0.106734,0.040282,0.108759,0.220373,0.092907,-0.060836,0.178078,-0.071013,0.147673,0.030527,0.072218,0.038175,0.071078,0.002725,-0.030548,0.002992,-0.028311,0.135385,0.070067,0.175894,0.043692,-0.047511,0.074250,0.155813,0.199496,0.021570,0.280689,-0.063426,0.007898,0.009623,0.194921,0.099960,0.048052,-0.183605,-0.002473,0.040676,-0.063853,0.000794,0.065249,0.065132,0.006114,0.060081,-0.108652,0.120831,0.074064,0.155764,-0.053083,0.059931,-0.052850,0.220544,0.146361,0.011103,0.210429,0.222279,0.171479,0.002543,0.189958,0.030280,0.011693,0.307216,0.014216,0.094233,0.193334,0.146992,0.161499,0.229802,-0.022673,-0.050351,0.103387,-0.106055,0.107554,0.066204,0.111711,0.214372,0.174062,0.046509,0.113264,0.248361,0.064347,0.107138,0.172898,0.020414,0.083803,-0.062910,0.187913,-0.107710,0.054534,-0.155780,-0.006321,0.146404,0.074785,-0.013709,0.091746,0.156699,0.152866,0.133557,-0.058927,#
16,0.194105,0.077099,-0.088129,0.020931,-0.023480,0.003681,0.024305,0.179105,-0.046781,0.042899,0.043422,-0.006296,0.289105,0.168521,0.133110,0.157099,1.000000,0.039397,-0.068258,0.245541,0.135911,0.068128,0.031354,0.110379,-0.068684,0.033975,0.093962,-0.066823,-0.051162,0.243410,-0.055831,0.171123,0.096587,0.276489,0.154039,0.039531,0.045948,0.021504,0.149429,-0.036557,-0.029378,-0.017022,0.124436,0.102000,0.055672,0.096300,-0.032557,0.016400,-0.070732,0.092753,-0.001237,0.038171,0.093804,0.229499,0.118964,-0.039355,-0.003984,-0.007263,0.060791,-0.016285,-0.028035,0.225510,0.127987,0.039938,0.060179,0.032248,-0.082881,0.135286,0.105555,0.169658,-0.051127,0.067777,0.228512,-0.039410,0.056448,0.105815,-0.058152,0.065997,-0.000786,0.170505,0.148057,0.049298,-0.053916,0.192436,0.124903,0.122175,0.150463,0.106249,0.114014,0.150329,-0.002567,0.012304,0.043749,-0.109401,0.029025,0.015262,0.089779,-0.066880,0.023899,0.197123,-0.067246,-0.007799,-0.055757,0.039964,0.056043,0.084645,0.155029,0.095203,0.078276,0.111045,-0.011384,0.071937,0.159380,-0.008072,0.214975,0.120174,0.135827,0.067400,0.034823,0.000728,0.239930,0.198103,0.075265,0.213448,0.219017,-0.064230,0.063849,-0.101476,-0.084287,0.173572,0.067228,-0.040311,0.181028,-0.208637,0.268742,0.164754,-0.079784,0.004351,-0.022849,-0.013352,-0.010158,0.131992,0.034822,0.047551,0.131013,-0.012968,0.031418,0.019850,0.081191,0.318420,-0.231587,0.192126,0.036461,0.053556,0.058832,0.170686,0.035922,-0.039531,0.063379,0.096343,0.016356,0.100969,0.111812,0.093435,0.009668,0.067235,0.187553,0.146007,0.066056,-0.157015,0.026225,0.133901,0.026074,-0.033504,0.042945,0.043905,0.029872,0.159920,0.075570,-0.088590,0.037194,0.054530,0.041575,-0.043848,0.005673,0.182111,0.083208,0.161464,-0.011625,0.020508,0.218839,-0.159004,-0.108800,0.025936,0.037154,0.144325,0.052313,-0.093974,-0.056715,0.012729,#
17,0.202327,0.032008,0.011007,0.150938,0.100827,0.124936,0.057972,0.126397,0.118421,-0.105154,0.038546,0.126399,0.121767,-0.010655,0.056660,0.182871,0.039397,1.000000,0.022655,0.059339,0.116312,0.038600,-0.000077,0.160377,0.039222,0.147358,0.042850,-0.058137,-0.086173,-0.012073,0.085880,0.009893,0.170922,-0.030555,0.042743,0.192030,-0.132177,-0.004746,0.258066,0.049735,0.177677,0.194104,0.137359,0.092026,0.032850,0.085910,0.047894,0.157255,0.020731,0.010313,0.117810,0.085109,-0.009440,-0.007155,0.161202,0.159565,0.142312,0.001410,0.098652,0.017035,0.042867,0.120458,-0.025563,0.081845,0.038538,0.229824,0.188162,0.217006,0.053012,0.030171,-0.011435,0.210995,-0.010679,-0.048678,-0.030833,0.123404,-0.017346,-0.041937,-0.103628,0.122147,0.174248,0.022535,0.043923,0.072736,-0.009978,-0.021902,0.249827,0.007462,0.122810,0.067542,-0.084943,-0.129159,0.172544,0.066704,-0.125683,0.069957,0.077740,0.033743,-0.033369,0.046961,0.084393,-0.133058,0.025449,0.068808,-0.027271,-0.010513,0.098978,0.087597,0.021635,0.014342,0.148465,0.152770,-0.026371,0.101460,0.191711,-0.021519,0.016331,-0.056478,-0.005535,0.085954,0.003589,0.118486,0.055026,0.013047,0.205793,0.110149,0.130944,-0.128870,-0.091488,0.106620,0.229273,0.122112,0.148738,0.032771,-0.017854,0.047862,-0.019778,0.115186,0.065998,0.156340,0.159923,0.075740,0.158204,0.096637,0.165125,0.044172,0.002096,0.169151,-0.064031,-0.136308,0.073859,-0.023634,0.003577,0.044080,0.214918,0.219016,0.120494,0.077728,0.036393,0.054335,0.003424,0.025259,0.203752,0.149741,0.055734,0.031989,-0.031772,0.075885,0.001819,0.012681,0.137773,-0.097064,0.036009,0.055586,0.092236,-0.023132,0.091287,-0.023088,-0.057023,0.301771,0.231244,0.137579,0.106690,0.099091,-0.000162,0.052936,0.083902,0.119127,0.060822,0.019073,0.022999,0.077037,0.148493,0.151530,0.127214,0.179580,-0.034511,0.101804,-0.059657,0.126821,#
18,0.132106,-0.072232,0.099969,0.168933,0.093120,-0.189368,0.044127,-0.018627,0.069375,0.036910,-0.036676,0.000060,0.115817,0.063927,0.166263,0.098567,-0.068258,0.022655,1.000000,0.082783,0.052395,0.082581,0.125138,0.212222,-0.020717,0.036977,-0.139477,0.135510,0.019954,-0.078777,-0.133587,-0.114419,0.116878,0.108011,0.095429,0.108193,0.012098,0.102244,0.053004,0.263164,0.095955,-0.059087,0.065677,-0.075840,0.211533,-0.043920,-0.006729,-0.013907,-0.141539,0.095238,-0.081331,0.112890,0.090568,0.042419,0.145637,0.189180,-0.017773,0.071660,-0.049643,0.082369,0.129498,-0.006114,0.117817,-0.062383,0.112671,0.039590,0.059836,0.006551,-0.114152,0.054474,-0.002312,0.043906,-0.083082,-0.124680,0.134442,0.113530,0.084877,0.075030,0.003175,0.083273,-0.084002,-0.001242,0.126038,0.133076,-0.009460,-0.074527,0.001785,0.017943,-0.017935,0.097892,0.108914,-0.111164,-0.047779,-0.059059,0.162988,0.117208,0.202280,0.003947,0.042645,0.093688,0.096935,0.086233,0.083380,-0.014091,0.134488,0.120452,0.025364,-0.056372,-0.027438,-0.063676,0.166205,0.063220,0.204121,-0.016384,-0.006374,-0.000022,-0.062539,-0.210533,-0.011563,0.066258,0.023115,-0.015041,0.099549,-0.109925,0.047156,-0.204414,-0.075470,0.154413,0.128645,-0.035004,-0.099221,0.162970,-0.129496,0.212491,0.104091,-0.008212,0.051564,0.161981,-0.097473,0.033794,-0.119760,0.025662,0.054238,0.090178,0.035887,0.166586,0.021241,-0.002679,-0.113714,-0.025144,-0.013746,0.063478,-0.002768,0.072527,0.051515,0.098732,0.065432,0.069540,-0.023732,0.178377,0.049956,0.027680,0.097765,0.106940,-0.028742,0.246854,0.079028,0.055661,0.031770,0.183188,-0.163754,-0.031280,0.094450,0.127680,-0.004712,0.155096,0.072184,0.021350,0.011916,-0.032509,-0.010743,-0.013924,0.092748,-0.047488,-0.000637,-0.104400,0.280527,-0.093603,0.041439,-0.044825,-0.006589,0.116728,0.160831,0.139307,0.061115,-0.046812,0.032924,0.026242,0.140162,-0.063468,#
19,0.156014,0.022933,0.063671,0.087709,0.269726,0.263928,-0.082722,-0.013676,0.030070,0.192947,0.123707,-0.200515,0.127333,0.146560,0.229624,0.139358,0.245541,0.059339,0.082783,1.000000,0.030839,-0.042193,0.120775,0.101627,-0.077095,0.064664,0.119681,-0.043254,0.015731,0.110783,0.143494,0.079206,0.068255,0.059658,0.101680,0.048665,0.094615,-0.007017,0.162617,0.120823,0.110139,0.008402,-0.021237,-0.071938,0.043044,0.096651,0.217862,0.084481,0.082272,0.161923,-0.065632,0.067934,-0.028350,0.070096,0.150694,0.161326,0.164519,-0.119523,0.103177,0.110610,0.229105,0.342735,0.202459,0.215107,0.237276,-0.042062,0.040830,0.175040,-0.108928,-0.048494,0.161688,0.112487,0.077899,0.122020,0.158842,0.272310,0.049796,0.093086,0.261008,0.125888,0.130352,0.050889,0.114047,0.055062,0.037671,0.131887,-0.049067,0.238176,0.074519,-0.177338,0.019537,-0.012079,0.178604,-0.070804,-0.078134,0.091134,0.186455,0.063329,-0.170121,0.040848,0.074546,0.159254,0.115851,0.125190,0.140681,0.234050,0.136919,0.177777,0.055624,-0.090507,-0.091051,0.022225,0.204176,0.146620,0.085613,-0.006314,0.257292,0.128000,0.056372,-0.207358,-0.008976,0.204992,0.082890,0.089745,0.222492,-0.076648,0.256264,0.028800,0.033308,0.195142,0.010434,0.031687,0.014038,-0.012820,0.174115,0.052915,-0.001658,0.148814,-0.019941,-0.061021,-0.035998,0.097531,0.153060,0.112883,0.068821,0.091236,0.015428,0.070495,0.060556,0.089957,0.031165,0.263550,0.077637,0.099137,0.170833,0.083294,0.044067,0.049225,0.142372,0.213175,0.235590,0.025939,0.094982,0.060113,0.170823,0.114385,-0.021547,0.147073,0.154860,-0.003521,0.048434,0.098121,0.216858,0.232657,0.080408,0.074380,0.124834,0.246686,0.143684,0.041835,-0.028007,0.170328,0.183188,0.221593,0.266001,0.053697,0.038051,-0.021544,0.075378,0.036750,0.256696,0.175005,-0.021173,0.075960,-0.048919,0.231164,-0.103361,0.073021,0.203687,0.108452,#
20,0.016596,-0.034190,0.195581,0.111370,0.315649,0.001582,0.159063,-0.031804,-0.030296,0.132861,0.015689,-0.042499,-0.000471,0.201359,0.146201,0.026454,0.135911,0.116312,0.052395,0.030839,1.000000,0.156110,0.013802,0.108149,0.036340,0.233218,0.146715,-0.107323,0.059277,-0.075603,-0.045314,-0.001196,0.174033,0.141169,0.082035,0.192614,0.216438,0.144189,0.283686,0.155853,0.020176,0.144765,0.008613,-0.108523,0.241016,0.056178,0.264477,-0.056400,-0.144575,0.127452,-0.155128,0.113226,-0.032306,0.235027,0.302960,0.149855,0.139559,0.114427,0.028497,0.063357,0.142590,0.123155,0.163285,-0.025888,-0.002945,-0.044682,0.021635,0.099485,0.146767,0.226447,0.308529,0.153500,-0.049957,0.042244,0.201298,0.017466,0.011383,0.174565,0.051640,0.008226,0.110699,0.224438,0.120217,-0.012102,0.104298,0.047753,0.072064,0.023719,0.093322,0.032611,0.170773,-0.011535,0.117342,0.121963,0.261852,-0.057892,0.028514,0.158054,0.161231,0.039413,0.101608,0.059972,0.181483,-0.016612,0.107242,0.075988,0.147186,0.100438,0.011440,0.209922,0.217994,0.272511,0.162188,-0.127179,0.175762,0.142008,0.241853,0.205949,0.053184,0.226243,0.083698,0.168133,0.025407,0.186298,0.066206,0.053282,0.165412,0.038745,0.241175,0.128495,0.243736,0.016422,0.026570,0.189783,0.127139,-0.105584,0.054864,-0.091084,0.125396,0.076370,0.046641,0.184616,0.078915,0.054574,0.069128,0.050125,0.050945,0.047031,-0.079948,0.161704,0.174600,0.098025,0.009430,0.226802,0.058810,0.090603,0.025961,-0.046987,-0.050559,0.247048,0.010993,0.142310,0.137107,0.166145,0.104758,-0.076047,-0.047986,0.089766,0.097316,0.021849,0.093496,-0.034464,0.182780,0.060758,0.006087,0.087637,-0.080835,0.094269,0.263161,0.060113,0.083932,0.068095,0.011790,-0.011144,0.068941,-0.072521,0.077808,0.135073,0.038451,0.196396,-0.078927,0.019270,0.013703,0.244873,0.062743,-0.107137,0.088615,0.058955,0.182106,0.240428,#
