0,1.000000,0.810200,0.820550,0.782403,0.723395,0.805204,0.785822,0.813237,0.799782,0.776918,0.772652,0.828309,0.795587,0.766510,0.798492,0.755044,0.790160,0.832755,0.810388,0.791035,0.817933,0.778861,0.801791,0.813784,0.727555,0.783340,0.776116,0.801423,0.754974,0.801429,0.776791,0.796068,0.771546,0.739505,0.794587,0.802332,0.777913,0.799576,0.798325,0.822274,0.804235,0.776424,0.820909,0.798742,0.787788,0.743336,0.815192,0.820226,0.786824,0.822772,0.795579,0.788189,0.816082,0.820511,0.808855,0.816973,0.775440,0.816948,0.778824,0.796977,0.829234,0.753175,0.808568,0.797260,0.786235,0.799673,0.837227,0.807053,0.790011,0.752371,0.806600,0.790490,0.845384,0.804603,0.800743,0.776003,0.806414,0.792544,0.822943,0.791279,0.821565,0.800444,0.815181,0.824547,0.798723,0.828820,0.781874,0.788514,0.743817,0.797508,0.776471,0.789378,0.785917,0.815220,0.792439,0.785220,0.764955,0.777086,0.788557,0.802475,0.806144,0.795056,0.768753,0.777317,0.770459,0.785890,0.767780,0.821560,0.781215,0.766208,0.805504,0.792675,0.804374,0.743116,0.771329,0.849022,0.759220,0.769708,0.771937,0.740065,0.748053,0.870158,0.777645,0.844645,0.806550,0.781668,0.779433,0.755519,0.748459,0.784687,0.777315,0.820219,0.807156,0.752728,0.807679,0.779067,0.771412,0.815554,0.782447,0.816680,0.780985,0.794841,0.741093,0.832154,0.827134,0.730530,0.797782,0.739811,0.821943,0.815620,0.816442,0.778637,0.794630,0.799318,0.784071,0.763014,0.782952,0.796426,0.821430,0.811884,0.817238,0.812317,0.766822,0.807766,0.800074,0.799275,0.814135,0.767891,0.780899,0.793745,0.814938,0.769750,0.799988,0.825013,0.846752,0.751046,0.780863,0.818440,0.781946,0.793646,0.781948,0.818721,0.738028,0.778429,0.774768,0.766567,0.812668,0.785579,0.781454,0.806224,0.783933,0.820325,0.798343,0.794992,0.769576,0.772681,0.761966,0.833855,0.802627,0.782357,#
1,0.810200,1.000000,0.790186,0.804709,0.791113,0.844027,0.744359,0.790910,0.810742,0.797756,0.798750,0.785464,0.807047,0.801137,0.820518,0.791837,0.782299,0.786402,0.809854,0.832644,0.835042,0.850525,0.829893,0.827469,0.751878,0.742984,0.840965,0.821675,0.764421,0.771966,0.830397,0.832895,0.813329,0.818633,0.799723,0.819036,0.747578,0.831505,0.837039,0.794482,0.783492,0.776766,0.763696,0.786039,0.775792,0.782709,0.837014,0.795482,0.836838,0.816869,0.791829,0.833625,0.817061,0.786663,0.848326,0.801510,0.782444,0.821572,0.802430,0.779816,0.795681,0.791832,0.735674,0.759114,0.805526,0.796788,0.845254,0.820143,0.817185,0.812997,0.793345,0.803187,0.863886,0.766501,0.809178,0.811788,0.781837,0.795379,0.811369,0.794601,0.830948,0.801404,0.867832,0.833838,0.820246,0.790320,0.777853,0.803741,0.828850,0.809186,0.781662,0.767103,0.819897,0.821148,0.755546,0.745669,0.791016,0.797174,0.782788,0.815542,0.819251,0.821848,0.768412,0.801330,0.771781,0.793520,0.782335,0.826703,0.775719,0.766597,0.803723,0.783247,0.781598,0.777173,0.765259,0.803129,0.806223,0.816072,0.776390,0.727321,0.825578,0.828332,0.753849,0.817851,0.762294,0.769813,0.803049,0.780678,0.810586,0.827429,0.767449,0.839678,0.767482,0.776748,0.849998,0.777138,0.761495,0.779459,0.804963,0.748127,0.815681,0.801898,0.803239,0.816675,0.787297,0.786993,0.809016,0.737353,0.831309,0.805337,0.843214,0.826947,0.819157,0.776908,0.826497,0.771054,0.813763,0.806912,0.779016,0.790283,0.792932,0.827688,0.801835,0.835621,0.820949,0.767414,0.798469,0.791017,0.753166,0.780757,0.800576,0.775283,0.798728,0.813995,0.812451,0.766642,0.790540,0.856158,0.759241,0.803345,0.788999,0.811549,0.763369,0.764285,0.781561,0.832300,0.814608,0.725124,0.777074,0.784525,0.810609,0.781925,0.778656,0.805535,0.842019,0.737749,0.755699,0.818912,0.781764,0.785809,#
2,0.820550,0.790186,1.000000,0.767733,0.726773,0.797142,0.750641,0.792428,0.805801,0.771157,0.754119,0.747091,0.735214,0.759264,0.770690,0.742283,0.751233,0.794310,0.741792,0.787069,0.756410,0.765750,0.744034,0.825529,0.733565,0.721880,0.818709,0.825552,0.809921,0.771607,0.806278,0.781411,0.761424,0.738742,0.749293,0.781364,0.783123,0.768713,0.822497,0.775323,0.769147,0.788102,0.789525,0.746266,0.721766,0.725703,0.846995,0.738747,0.771586,0.828568,0.798814,0.787156,0.787107,0.821732,0.836004,0.788369,0.773657,0.790805,0.746999,0.769509,0.840901,0.772196,0.756507,0.794855,0.783429,0.800897,0.829875,0.788771,0.785665,0.782494,0.787209,0.761844,0.827653,0.776911,0.790442,0.771002,0.776134,0.780792,0.786007,0.799969,0.807881,0.805889,0.813034,0.817035,0.826798,0.816027,0.768845,0.827658,0.773532,0.778203,0.776562,0.800709,0.812584,0.773457,0.801304,0.751974,0.759222,0.744320,0.845922,0.798860,0.791894,0.762060,0.735218,0.745996,0.723911,0.815029,0.787163,0.781875,0.791190,0.744361,0.794893,0.749357,0.811270,0.730361,0.741905,0.762211,0.753278,0.786604,0.800421,0.680360,0.768844,0.778171,0.726332,0.818753,0.789510,0.746580,0.755243,0.769292,0.773256,0.803899,0.831405,0.818754,0.819926,0.794930,0.805959,0.786679,0.768634,0.781022,0.781835,0.745442,0.788003,0.792987,0.719403,0.755359,0.778514,0.808532,0.762672,0.747216,0.776489,0.779473,0.804400,0.770734,0.771762,0.787297,0.773984,0.774375,0.778586,0.738453,0.750188,0.753039,0.755758,0.726611,0.750770,0.788506,0.755406,0.771751,0.828802,0.728079,0.751663,0.756103,0.782531,0.763401,0.774252,0.751362,0.814660,0.748044,0.741804,0.815443,0.768455,0.759794,0.753555,0.824574,0.709304,0.819175,0.760258,0.760739,0.763919,0.738061,0.801962,0.767164,0.768904,0.778181,0.817693,0.763853,0.753275,0.789892,0.755227,0.805200,0.727584,0.795092,#
3,0.782403,0.804709,0.767733,1.000000,0.764308,0.797288,0.751631,0.769936,0.779671,0.768864,0.770420,0.765415,0.782991,0.723271,0.762797,0.784273,0.758074,0.760398,0.789331,0.759153,0.758948,0.799078,0.739212,0.762582,0.763135,0.760520,0.782937,0.791882,0.747226,0.744287,0.785179,0.828563,0.755054,0.792387,0.794917,0.772216,0.733372,0.793556,0.730751,0.790274,0.774926,0.758235,0.748685,0.774213,0.748699,0.802103,0.838653,0.760650,0.814520,0.777259,0.801407,0.749216,0.797015,0.741470,0.791394,0.793948,0.708102,0.780058,0.831674,0.786682,0.768768,0.770541,0.715234,0.776408,0.814988,0.781208,0.771880,0.770338,0.728641,0.752601,0.749091,0.805306,0.826427,0.775356,0.755220,0.749861,0.750740,0.773535,0.769435,0.810311,0.813709,0.734818,0.790901,0.815664,0.784810,0.805437,0.775799,0.761045,0.764812,0.777974,0.728401,0.769358,0.812335,0.798583,0.758115,0.763269,0.719992,0.724787,0.749416,0.775904,0.752395,0.755503,0.706305,0.733252,0.783919,0.776328,0.755512,0.788455,0.753598,0.750117,0.749980,0.744328,0.744776,0.740402,0.743760,0.785495,0.746619,0.734221,0.777335,0.676358,0.730569,0.791030,0.703799,0.771634,0.742324,0.750828,0.774190,0.765143,0.743402,0.777875,0.738445,0.809006,0.728809,0.782951,0.825388,0.785119,0.810499,0.733972,0.721368,0.718784,0.769492,0.772784,0.762401,0.760959,0.758739,0.807473,0.734692,0.747230,0.772243,0.756124,0.787644,0.770735,0.776204,0.764455,0.755904,0.720403,0.799243,0.762538,0.724488,0.778946,0.781094,0.761615,0.734052,0.801931,0.767443,0.769919,0.768164,0.712072,0.762805,0.741072,0.780932,0.780627,0.760712,0.771792,0.732365,0.748384,0.755353,0.781632,0.775376,0.752851,0.725191,0.807695,0.715388,0.764670,0.729600,0.776672,0.762600,0.696416,0.793587,0.804759,0.727360,0.741931,0.737064,0.733399,0.761627,0.769388,0.769129,0.783286,0.737468,0.786534,#
4,0.723395,0.791113,0.726773,0.764308,1.000000,0.796301,0.771667,0.739000,0.718853,0.730097,0.737531,0.765400,0.720811,0.733714,0.727732,0.784353,0.758053,0.802215,0.745593,0.810732,0.777600,0.755758,0.735794,0.791417,0.710595,0.705394,0.774232,0.755182,0.727663,0.732953,0.848987,0.758457,0.791750,0.710242,0.735213,0.758680,0.733250,0.775004,0.735358,0.785841,0.768343,0.736348,0.710685,0.778033,0.729546,0.749893,0.787879,0.735934,0.802442,0.783410,0.767119,0.748014,0.773805,0.712879,0.777251,0.771181,0.724682,0.755208,0.805366,0.767789,0.736088,0.761726,0.741713,0.741340,0.785374,0.784743,0.796839,0.748375,0.733957,0.736625,0.770898,0.804213,0.780418,0.752924,0.724948,0.749957,0.745034,0.776617,0.783806,0.764489,0.749308,0.742023,0.803609,0.758507,0.782012,0.726847,0.719707,0.715887,0.768273,0.793846,0.719563,0.745501,0.732875,0.776908,0.717001,0.750940,0.742858,0.710285,0.711733,0.762466,0.806382,0.777647,0.747298,0.734702,0.751273,0.742225,0.774429,0.760028,0.770990,0.745019,0.731442,0.727134,0.764816,0.793043,0.746411,0.756444,0.748840,0.794666,0.723338,0.656280,0.760477,0.773444,0.784483,0.777748,0.728510,0.787446,0.727586,0.744332,0.805745,0.774561,0.810730,0.790543,0.712702,0.736578,0.814616,0.778463,0.781329,0.767376,0.725395,0.698314,0.725785,0.789998,0.753693,0.770989,0.746886,0.731607,0.778407,0.678397,0.749695,0.784541,0.787503,0.828702,0.721349,0.718472,0.788436,0.748136,0.804702,0.731839,0.761458,0.741889,0.707118,0.747682,0.794652,0.774242,0.768600,0.735231,0.738010,0.714590,0.732743,0.764480,0.739648,0.752697,0.756647,0.739834,0.805032,0.750060,0.744656,0.790013,0.736678,0.745223,0.791701,0.781774,0.766796,0.736843,0.810503,0.759746,0.749884,0.781713,0.723480,0.718838,0.720298,0.703617,0.711503,0.748039,0.766200,0.704846,0.752811,0.768815,0.768542,0.710534,#
5,0.805204,0.844027,0.797142,0.797288,0.796301,1.000000,0.729256,0.796724,0.795902,0.765713,0.758509,0.770560,0.763610,0.745614,0.774576,0.763220,0.773898,0.787688,0.780384,0.816652,0.789334,0.769895,0.742772,0.792912,0.743577,0.794903,0.836008,0.825036,0.718686,0.770900,0.810295,0.814612,0.790221,0.784221,0.780691,0.815252,0.761586,0.767486,0.781752,0.790980,0.777087,0.762128,0.730802,0.774402,0.770450,0.782020,0.823704,0.811708,0.820636,0.797829,0.812413,0.743156,0.795549,0.811767,0.788444,0.864058,0.776180,0.800430,0.824351,0.809180,0.755349,0.759835,0.773003,0.805663,0.773733,0.760698,0.812426,0.791953,0.775783,0.806511,0.811240,0.797392,0.859441,0.771547,0.759597,0.753199,0.784401,0.799721,0.776247,0.796951,0.830062,0.795909,0.836038,0.803048,0.783704,0.813510,0.778624,0.779639,0.796893,0.786223,0.770004,0.744827,0.789021,0.808578,0.741341,0.698683,0.779480,0.750758,0.815774,0.748496,0.831649,0.795019,0.823181,0.776472,0.772894,0.778361,0.786725,0.808656,0.749434,0.782326,0.774071,0.801932,0.780917,0.722359,0.715124,0.772660,0.804460,0.800543,0.776369,0.682867,0.756306,0.825577,0.772307,0.837965,0.757627,0.788304,0.803291,0.752730,0.801406,0.783171,0.794905,0.838110,0.810327,0.812504,0.812023,0.750159,0.769741,0.800471,0.743257,0.737818,0.784661,0.767559,0.778148,0.797640,0.842778,0.749164,0.777860,0.769926,0.793973,0.841759,0.827332,0.800401,0.766814,0.775748,0.797047,0.736299,0.815675,0.783069,0.779634,0.777238,0.775656,0.811365,0.783288,0.793425,0.800915,0.752669,0.743453,0.794619,0.766131,0.764431,0.834517,0.775298,0.789528,0.768688,0.815116,0.757923,0.761651,0.819005,0.784854,0.796451,0.781802,0.809961,0.712300,0.753500,0.784845,0.795268,0.773349,0.742304,0.811359,0.833047,0.753355,0.803116,0.740167,0.795050,0.737536,0.763496,0.741646,0.789528,0.785167,0.777049,#
6,0.785822,0.744359,0.750641,0.751631,0.771667,0.729256,1.000000,0.724958,0.771054,0.768331,0.745356,0.754308,0.758628,0.774750,0.695592,0.782161,0.758519,0.806034,0.754458,0.746556,0.804124,0.758428,0.721053,0.768072,0.746132,0.747138,0.764886,0.755386,0.741634,0.765353,0.780731,0.804191,0.781582,0.757665,0.742511,0.780966,0.772819,0.745816,0.748528,0.783399,0.766551,0.787155,0.773826,0.780385,0.765014,0.687488,0.805999,0.748871,0.829614,0.805229,0.804857,0.781020,0.793034,0.693450,0.808095,0.762766,0.768443,0.799733,0.819598,0.733612,0.797250,0.759210,0.738672,0.732968,0.804474,0.768116,0.827221,0.783057,0.785299,0.722706,0.766269,0.814569,0.788266,0.770172,0.726509,0.754044,0.768787,0.784431,0.793526,0.738020,0.786076,0.786154,0.756003,0.835323,0.773815,0.740078,0.737819,0.763603,0.793228,0.794781,0.739902,0.760253,0.735424,0.800619,0.733188,0.738527,0.749298,0.744324,0.755346,0.743482,0.789763,0.791632,0.752990,0.748266,0.772703,0.711998,0.772050,0.764541,0.773722,0.732031,0.705112,0.731584,0.737026,0.744170,0.700086,0.763862,0.719245,0.772234,0.712485,0.725082,0.735687,0.795233,0.706412,0.813511,0.775313,0.768762,0.735860,0.749543,0.709571,0.753283,0.781567,0.783936,0.726873,0.700660,0.779161,0.760163,0.786625,0.754115,0.780480,0.775016,0.765618,0.787566,0.721662,0.783370,0.758161,0.774465,0.770435,0.714023,0.750520,0.754087,0.767896,0.804024,0.720582,0.730073,0.729538,0.728818,0.782726,0.682761,0.763246,0.799818,0.778598,0.772228,0.719605,0.768636,0.784230,0.766435,0.802116,0.669614,0.746222,0.775962,0.774610,0.748485,0.728815,0.704222,0.763524,0.770209,0.745113,0.789335,0.758245,0.764470,0.760987,0.790949,0.765586,0.785806,0.741913,0.758309,0.761063,0.755687,0.747502,0.753339,0.722260,0.761626,0.739680,0.736367,0.775706,0.781008,0.765776,0.794642,0.745334,0.758298,#
7,0.813237,0.790910,0.792428,0.769936,0.739000,0.796724,0.724958,1.000000,0.817325,0.750695,0.768800,0.765276,0.762326,0.769562,0.783612,0.741981,0.767332,0.799941,0.800071,0.797165,0.804991,0.749392,0.809228,0.766499,0.759075,0.792512,0.791108,0.804781,0.760499,0.819087,0.750174,0.786334,0.741186,0.759774,0.779343,0.790363,0.777850,0.776609,0.765606,0.766431,0.800458,0.791392,0.756586,0.770750,0.751279,0.744970,0.811233,0.789843,0.806367,0.769085,0.803705,0.779922,0.811980,0.824678,0.818926,0.776738,0.765159,0.795071,0.783212,0.814589,0.750433,0.779237,0.781826,0.790520,0.805277,0.802849,0.860959,0.773548,0.790726,0.734131,0.808924,0.726773,0.822999,0.804545,0.783432,0.747438,0.796205,0.768327,0.765054,0.758703,0.830857,0.776764,0.822225,0.799613,0.799040,0.784891,0.816290,0.769045,0.775926,0.796616,0.759029,0.805053,0.790128,0.775556,0.777177,0.760255,0.788582,0.803231,0.796250,0.787418,0.809323,0.744489,0.755710,0.756317,0.763839,0.758722,0.784685,0.816429,0.770126,0.748662,0.832310,0.778407,0.791217,0.761563,0.716628,0.790077,0.747820,0.758721,0.757630,0.731839,0.781548,0.784179,0.726531,0.812866,0.812132,0.788738,0.763979,0.764390,0.736832,0.755621,0.792592,0.816989,0.787686,0.723915,0.817918,0.815267,0.803993,0.805621,0.734185,0.768071,0.766079,0.783181,0.790885,0.780071,0.802778,0.768849,0.796510,0.693823,0.795237,0.769555,0.793693,0.790001,0.795145,0.741583,0.773914,0.792485,0.801499,0.780946,0.800913,0.774801,0.794617,0.747758,0.810467,0.754809,0.805037,0.756177,0.805548,0.773726,0.723050,0.731171,0.814807,0.784557,0.760676,0.776997,0.780204,0.745761,0.751245,0.783515,0.786290,0.789518,0.766030,0.787604,0.763305,0.788361,0.743631,0.783066,0.806400,0.730595,0.788492,0.797197,0.793334,0.783725,0.766607,0.757493,0.789903,0.764485,0.756045,0.832348,0.800556,0.773108,#
8,0.799782,0.810742,0.805801,0.779671,0.718853,0.795902,0.771054,0.817325,1.000000,0.798074,0.757953,0.781173,0.796600,0.771545,0.766151,0.802261,0.748177,0.823638,0.749181,0.818532,0.808161,0.786294,0.750983,0.774352,0.751970,0.774443,0.794993,0.787863,0.761040,0.770161,0.784797,0.810014,0.768392,0.760317,0.767339,0.813741,0.766692,0.797093,0.755082,0.776754,0.771080,0.760399,0.841493,0.755685,0.754835,0.731201,0.817586,0.769832,0.807499,0.794185,0.822619,0.781074,0.758884,0.830010,0.801291,0.796518,0.778357,0.789129,0.784287,0.750076,0.799903,0.794652,0.809256,0.786600,0.809231,0.815139,0.828628,0.826086,0.817021,0.755381,0.784927,0.789976,0.828782,0.795400,0.771538,0.751086,0.789165,0.801845,0.771810,0.774179,0.825473,0.776185,0.792145,0.817275,0.821447,0.798559,0.776477,0.818693,0.771336,0.760666,0.772612,0.792955,0.803807,0.766809,0.781860,0.752679,0.766620,0.789863,0.835422,0.803334,0.803338,0.743622,0.778999,0.801232,0.745680,0.779720,0.785708,0.799379,0.734974,0.777568,0.771044,0.773725,0.802158,0.744448,0.713624,0.796576,0.733159,0.760558,0.785122,0.765198,0.756009,0.783862,0.744129,0.810866,0.754276,0.799362,0.740394,0.747565,0.773299,0.796551,0.755905,0.803251,0.781546,0.768142,0.830201,0.778613,0.790234,0.781520,0.770511,0.781678,0.773087,0.806906,0.784979,0.754716,0.801195,0.745804,0.753970,0.720100,0.792873,0.804488,0.790849,0.805919,0.757490,0.818517,0.756358,0.758264,0.801450,0.787314,0.818690,0.810741,0.770812,0.749253,0.808372,0.810102,0.774595,0.751923,0.778403,0.776221,0.768785,0.746527,0.806915,0.789582,0.749048,0.769462,0.799151,0.764735,0.768922,0.810986,0.764121,0.736542,0.773757,0.823335,0.746846,0.799363,0.782961,0.763973,0.837572,0.740052,0.780929,0.816324,0.803168,0.792676,0.809108,0.775966,0.768371,0.749329,0.743203,0.777301,0.762018,0.828659,#
9,0.776918,0.797756,0.771157,0.768864,0.730097,0.765713,0.768331,0.750695,0.798074,1.000000,0.741700,0.748513,0.799994,0.773790,0.792383,0.792671,0.770286,0.802473,0.776684,0.756333,0.817377,0.752529,0.738094,0.791025,0.741553,0.724903,0.765166,0.842952,0.714678,0.810248,0.749460,0.805872,0.794440,0.768425,0.758499,0.790008,0.764970,0.773547,0.761839,0.807846,0.782096,0.793516,0.749998,0.756062,0.776929,0.723905,0.793726,0.765386,0.787037,0.785299,0.795775,0.745361,0.737839,0.764489,0.795431,0.786875,0.769209,0.850191,0.752482,0.759492,0.800584,0.779407,0.760993,0.745471,0.762082,0.822387,0.825824,0.816244,0.810633,0.742708,0.770519,0.766048,0.793642,0.766435,0.763310,0.769052,0.809507,0.826978,0.790976,0.832253,0.798565,0.790994,0.792748,0.862911,0.793150,0.775879,0.773139,0.822957,0.787384,0.745885,0.767913,0.753059,0.800256,0.769323,0.785388,0.729918,0.742744,0.749196,0.764295,0.778550,0.823898,0.782901,0.787802,0.789371,0.775677,0.794144,0.763917,0.818269,0.807089,0.793555,0.795623,0.767349,0.785155,0.746638,0.723883,0.809397,0.678694,0.758726,0.723801,0.730290,0.744086,0.799339,0.746860,0.812828,0.773445,0.794427,0.774939,0.730743,0.795732,0.769230,0.760083,0.811798,0.759278,0.759936,0.808689,0.737354,0.773035,0.776398,0.748503,0.749560,0.800976,0.824311,0.785594,0.804876,0.801836,0.823810,0.787657,0.762710,0.797251,0.787040,0.766214,0.768424,0.776664,0.789496,0.773674,0.770282,0.758655,0.783352,0.755617,0.803849,0.791361,0.808402,0.785658,0.788684,0.790764,0.804372,0.744330,0.730761,0.810556,0.744524,0.807872,0.797694,0.769041,0.731365,0.783533,0.804956,0.771514,0.817908,0.732528,0.784175,0.804678,0.805314,0.769358,0.762532,0.770079,0.804702,0.766986,0.742739,0.803318,0.723837,0.772215,0.774966,0.726648,0.740998,0.753926,0.760246,0.786745,0.778370,0.745054,0.748379,#
10,0.772652,0.798750,0.754119,0.770420,0.737531,0.758509,0.745356,0.768800,0.757953,0.741700,1.000000,0.767876,0.761824,0.737885,0.723493,0.754185,0.770089,0.745925,0.773864,0.767070,0.767812,0.743504,0.769675,0.819957,0.695097,0.735411,0.776683,0.799877,0.740512,0.785724,0.774502,0.764363,0.762736,0.768456,0.773687,0.792677,0.764301,0.788180,0.774531,0.748039,0.762392,0.744049,0.757246,0.729698,0.748224,0.771766,0.840198,0.764915,0.793007,0.815501,0.769869,0.785405,0.761972,0.707423,0.802016,0.795115,0.779297,0.814570,0.743496,0.766857,0.793404,0.783372,0.795786,0.766856,0.803089,0.729047,0.808872,0.753170,0.804896,0.744863,0.818881,0.788172,0.848713,0.699479,0.751798,0.813544,0.754848,0.812537,0.773099,0.751617,0.828918,0.762679,0.766874,0.772033,0.778154,0.741456,0.778938,0.737786,0.773888,0.799652,0.720992,0.778919,0.808149,0.733680,0.718463,0.748252,0.715092,0.793186,0.751898,0.792597,0.759749,0.745074,0.744953,0.781906,0.786964,0.765015,0.757482,0.747833,0.747228,0.745899,0.743552,0.738190,0.811413,0.740355,0.703798,0.783540,0.721101,0.760431,0.760615,0.707552,0.742322,0.804197,0.697324,0.799823,0.712075,0.759701,0.759484,0.742406,0.787448,0.788536,0.729396,0.782209,0.725499,0.745257,0.809486,0.825587,0.745841,0.727078,0.774544,0.764139,0.806494,0.781437,0.718614,0.763415,0.734520,0.762391,0.793702,0.728760,0.782768,0.765225,0.754924,0.753676,0.751482,0.740916,0.790021,0.727329,0.820418,0.793606,0.734149,0.740377,0.806683,0.732756,0.746069,0.794144,0.775540,0.730715,0.768441,0.720997,0.751448,0.788985,0.771963,0.765659,0.699906,0.731623,0.795992,0.748961,0.731272,0.776399,0.707700,0.769733,0.739806,0.750555,0.748967,0.740770,0.707598,0.787837,0.758407,0.743613,0.700698,0.789404,0.770525,0.714007,0.742410,0.781182,0.774737,0.769639,0.777082,0.776324,0.761507,0.774309,#
11,0.828309,0.785464,0.747091,0.765415,0.765400,0.770560,0.754308,0.765276,0.781173,0.748513,0.767876,1.000000,0.806390,0.754790,0.778843,0.779798,0.775175,0.825211,0.817405,0.788382,0.770290,0.740591,0.805061,0.802007,0.741591,0.755052,0.781077,0.755748,0.768737,0.735463,0.763694,0.799783,0.791030,0.755964,0.746700,0.795885,0.788902,0.817930,0.746119,0.779537,0.786911,0.736158,0.761909,0.769368,0.745158,0.719300,0.842495,0.809766,0.769837,0.822585,0.775717,0.754239,0.815128,0.745533,0.810801,0.790504,0.733076,0.808453,0.771985,0.778922,0.756415,0.753131,0.815417,0.769210,0.791733,0.793681,0.807859,0.777256,0.807389,0.774891,0.799266,0.761729,0.810414,0.796768,0.805482,0.745523,0.803704,0.800356,0.764132,0.728722,0.785586,0.766262,0.793709,0.789883,0.812950,0.774166,0.714514,0.748161,0.717352,0.734870,0.788887,0.788400,0.779211,0.761116,0.722511,0.780930,0.743433,0.780994,0.748365,0.774933,0.765207,0.776727,0.784493,0.767278,0.783274,0.757908,0.776904,0.800427,0.802328,0.735496,0.793443,0.796753,0.800303,0.710711,0.703829,0.768432,0.756454,0.738150,0.767300,0.759106,0.717546,0.793660,0.751456,0.816109,0.748113,0.799602,0.807631,0.754689,0.779479,0.805747,0.782033,0.776946,0.785958,0.768476,0.817615,0.764638,0.793180,0.761959,0.775709,0.756139,0.762644,0.784994,0.754744,0.797454,0.788892,0.744892,0.810037,0.738409,0.778633,0.796895,0.780601,0.752406,0.771630,0.803062,0.791779,0.732835,0.818487,0.760478,0.749654,0.771909,0.801250,0.787734,0.833059,0.785694,0.815277,0.746503,0.808831,0.717656,0.763945,0.819916,0.809883,0.751006,0.799640,0.824404,0.786645,0.766266,0.780702,0.780746,0.745896,0.795264,0.783432,0.762106,0.786989,0.751173,0.786774,0.740776,0.776249,0.803059,0.742023,0.751257,0.770355,0.774274,0.742124,0.755922,0.750689,0.763616,0.768556,0.789722,0.760185,0.718725,#
12,0.795587,0.807047,0.735214,0.782991,0.720811,0.763610,0.758628,0.762326,0.796600,0.799994,0.761824,0.806390,1.000000,0.772757,0.790090,0.753254,0.760388,0.799166,0.817697,0.796019,0.808892,0.717720,0.790931,0.810179,0.749837,0.772516,0.761285,0.784711,0.756798,0.761532,0.755045,0.807243,0.762879,0.798344,0.777601,0.807470,0.769636,0.795817,0.785604,0.772160,0.722212,0.733620,0.730625,0.764300,0.772901,0.747462,0.823387,0.756856,0.799301,0.801340,0.840113,0.742081,0.767394,0.775452,0.824593,0.797131,0.741664,0.788310,0.761098,0.763380,0.755327,0.752196,0.778071,0.751904,0.795718,0.809589,0.799116,0.762936,0.816409,0.778173,0.784925,0.777988,0.811574,0.769138,0.793346,0.749845,0.785896,0.797441,0.796629,0.796430,0.790420,0.770663,0.808314,0.826659,0.748019,0.784994,0.714023,0.780996,0.759570,0.747261,0.795565,0.767117,0.803929,0.747711,0.721254,0.760765,0.792700,0.765113,0.761179,0.746848,0.743579,0.797177,0.782296,0.783447,0.738961,0.746035,0.752120,0.773263,0.793345,0.774283,0.765915,0.777348,0.767621,0.722262,0.795791,0.805075,0.713667,0.746510,0.774126,0.745280,0.739834,0.803671,0.727364,0.816006,0.775431,0.817630,0.804724,0.726974,0.770724,0.763285,0.730858,0.767068,0.735012,0.747879,0.779816,0.768388,0.743692,0.775040,0.732947,0.722084,0.812445,0.803047,0.743290,0.806881,0.754532,0.732806,0.786274,0.710703,0.791451,0.815458,0.796100,0.752264,0.792399,0.756885,0.766454,0.796254,0.822024,0.806772,0.806598,0.778230,0.772896,0.785360,0.783717,0.786032,0.834778,0.697757,0.756963,0.780907,0.727983,0.758166,0.795432,0.751895,0.787740,0.757891,0.759560,0.730119,0.815436,0.836271,0.738028,0.753405,0.767346,0.805237,0.764316,0.733832,0.707184,0.757750,0.751352,0.769422,0.806421,0.767722,0.735937,0.773014,0.718405,0.771214,0.754651,0.786536,0.746587,0.811584,0.790659,0.729409,#
13,0.766510,0.801137,0.759264,0.723271,0.733714,0.745614,0.774750,0.769562,0.771545,0.773790,0.737885,0.754790,0.772757,1.000000,0.721985,0.731288,0.711238,0.830926,0.790079,0.773972,0.770619,0.743931,0.792080,0.759210,0.753073,0.745493,0.727419,0.785428,0.763572,0.801606,0.720591,0.772696,0.787850,0.790532,0.680328,0.749702,0.763655,0.794863,0.787316,0.789055,0.820887,0.745145,0.753049,0.731907,0.780076,0.752283,0.803108,0.770478,0.816086,0.819693,0.793989,0.801936,0.746151,0.735455,0.826902,0.807480,0.773184,0.796592,0.771758,0.765795,0.782743,0.745850,0.731287,0.764899,0.811732,0.797717,0.815597,0.778101,0.812887,0.726667,0.741681,0.783772,0.771281,0.790670,0.791862,0.739610,0.771973,0.782638,0.817174,0.753282,0.786508,0.757723,0.800345,0.810895,0.775915,0.788405,0.708931,0.737684,0.810041,0.769077,0.721749,0.767484,0.770447,0.769616,0.745995,0.715229,0.760879,0.736109,0.743293,0.795060,0.789095,0.758346,0.772898,0.782854,0.765967,0.807609,0.748067,0.798891,0.751473,0.734055,0.780215,0.765835,0.765943,0.765026,0.734549,0.781006,0.698679,0.775464,0.793557,0.694914,0.769549,0.795856,0.700993,0.749409,0.749680,0.769332,0.785105,0.727320,0.762564,0.745341,0.776341,0.758449,0.748586,0.728331,0.795406,0.768494,0.737470,0.783578,0.825938,0.723792,0.777614,0.811361,0.796540,0.750115,0.738826,0.757010,0.767156,0.730472,0.781695,0.738912,0.810656,0.791188,0.740106,0.759237,0.757275,0.747276,0.814952,0.750947,0.782005,0.744395,0.779122,0.771008,0.755801,0.801753,0.793391,0.743738,0.798477,0.736924,0.781436,0.733645,0.777397,0.763661,0.799174,0.766468,0.806277,0.785859,0.777875,0.818208,0.749932,0.780356,0.755854,0.769503,0.805305,0.747663,0.766286,0.774988,0.739649,0.761790,0.732926,0.752251,0.782652,0.770761,0.761861,0.772251,0.790712,0.709754,0.763005,0.810423,0.758459,0.718736,#
14,0.798492,0.820518,0.770690,0.762797,0.727732,0.774576,0.695592,0.783612,0.766151,0.792383,0.723493,0.778843,0.790090,0.721985,1.000000,0.751918,0.755815,0.743047,0.728292,0.777687,0.777502,0.749529,0.761874,0.811192,0.723200,0.691719,0.783899,0.768574,0.720443,0.772472,0.785712,0.749032,0.748121,0.710917,0.759183,0.768410,0.711568,0.782207,0.783377,0.725239,0.767973,0.736690,0.766151,0.746170,0.726210,0.736966,0.792552,0.739301,0.727296,0.742653,0.741618,0.746417,0.736698,0.812178,0.773414,0.757506,0.712323,0.744850,0.757192,0.715610,0.765084,0.796935,0.752143,0.748928,0.761788,0.765173,0.790584,0.764395,0.793559,0.751992,0.733459,0.721397,0.800037,0.743884,0.773343,0.734904,0.762268,0.773595,0.755111,0.743759,0.780017,0.759529,0.805520,0.813196,0.780266,0.788052,0.725271,0.754937,0.773985,0.696735,0.728006,0.727080,0.783486,0.804488,0.780178,0.754764,0.767679,0.761917,0.745488,0.728957,0.787647,0.751162,0.758247,0.711329,0.753730,0.765641,0.745047,0.755156,0.785092,0.747722,0.774994,0.788824,0.787055,0.718802,0.676262,0.777904,0.701290,0.712619,0.724739,0.697443,0.764657,0.801368,0.714960,0.785457,0.777896,0.702143,0.776930,0.762686,0.713006,0.761099,0.744045,0.804955,0.736196,0.735400,0.786334,0.759442,0.791180,0.759769,0.742688,0.743087,0.748331,0.789711,0.684217,0.794259,0.757408,0.780847,0.806421,0.706120,0.763171,0.737488,0.782135,0.757551,0.723933,0.761047,0.799520,0.733963,0.765687,0.749812,0.726952,0.746475,0.758010,0.749161,0.759581,0.766463,0.768906,0.714111,0.725916,0.722503,0.696608,0.764646,0.758027,0.751315,0.779453,0.774516,0.802406,0.763984,0.745852,0.770221,0.718170,0.731281,0.743845,0.787856,0.752968,0.744580,0.757650,0.765093,0.791637,0.704424,0.764999,0.725880,0.732728,0.733413,0.771114,0.759347,0.707716,0.716155,0.735989,0.755936,0.713084,0.715904,#
15,0.755044,0.791837,0.742283,0.784273,0.784353,0.763220,0.782161,0.741981,0.802261,0.792671,0.754185,0.779798,0.753254,0.731288,0.751918,1.000000,0.739394,0.784455,0.760689,0.765306,0.756188,0.794509,0.763860,0.776490,0.736869,0.716671,0.753623,0.765408,0.761250,0.750426,0.810959,0.797834,0.790458,0.792564,0.713156,0.798899,0.769834,0.815936,0.759175,0.730853,0.737011,0.726058,0.773791,0.773982,0.787796,0.728376,0.815373,0.761351,0.799938,0.803406,0.788480,0.767111,0.738501,0.762440,0.771533,0.746647,0.771846,0.766489,0.768551,0.722164,0.785411,0.791751,0.757585,0.781136,0.786986,0.786142,0.788601,0.787677,0.761336,0.714802,0.776508,0.755511,0.761663,0.736795,0.780794,0.764336,0.791557,0.776129,0.799204,0.760755,0.777441,0.746933,0.766903,0.802051,0.810920,0.764252,0.710693,0.774104,0.767204,0.732362,0.729053,0.769093,0.789764,0.793602,0.714882,0.768930,0.728381,0.763742,0.751165,0.762967,0.786894,0.767976,0.781999,0.774684,0.750095,0.751561,0.745506,0.787573,0.745625,0.780975,0.729938,0.716618,0.786962,0.740515,0.708784,0.751889,0.720861,0.752361,0.747748,0.772409,0.731706,0.781770,0.718551,0.809413,0.739823,0.759448,0.768672,0.703376,0.782467,0.804723,0.776098,0.757328,0.736637,0.688871,0.795020,0.768550,0.784319,0.725288,0.744467,0.754882,0.747276,0.778727,0.726949,0.769352,0.776197,0.784135,0.728169,0.734802,0.768599,0.783389,0.788517,0.785732,0.759572,0.779684,0.769148,0.716523,0.806884,0.740082,0.776778,0.772074,0.740672,0.778078,0.776055,0.769882,0.765005,0.735222,0.776137,0.733611,0.758557,0.758595,0.741575,0.773616,0.707173,0.772106,0.769722,0.812413,0.764537,0.785431,0.727930,0.770877,0.774665,0.796874,0.741141,0.756993,0.783062,0.737796,0.723469,0.697497,0.711852,0.768483,0.756793,0.773182,0.736565,0.708984,0.745127,0.720074,0.774193,0.756964,0.778101,0.777507,#
16,0.790160,0.782299,0.751233,0.758074,0.758053,0.773898,0.758519,0.767332,0.748177,0.770286,0.770089,0.775175,0.760388,0.711238,0.755815,0.739394,1.000000,0.788528,0.807528,0.775436,0.851959,0.756642,0.717102,0.777918,0.752257,0.770450,0.778113,0.726342,0.702658,0.747946,0.783987,0.791698,0.787010,0.747720,0.737510,0.780801,0.805967,0.774393,0.764677,0.773846,0.762360,0.756951,0.729857,0.746717,0.761587,0.754393,0.789477,0.753201,0.781796,0.792756,0.740559,0.753651,0.781701,0.783093,0.796198,0.804806,0.678468,0.787858,0.774168,0.723496,0.802388,0.775693,0.746543,0.734240,0.760795,0.746818,0.829110,0.755120,0.787349,0.776565,0.778529,0.758326,0.795282,0.736192,0.754787,0.726512,0.763268,0.777650,0.750214,0.791320,0.826348,0.797799,0.809129,0.796017,0.771692,0.753658,0.764832,0.727059,0.764800,0.775083,0.718725,0.745677,0.788581,0.766417,0.752360,0.783424,0.767775,0.763265,0.790976,0.747638,0.800607,0.754415,0.741052,0.782521,0.727726,0.796354,0.795846,0.768295,0.801937,0.763455,0.770453,0.783048,0.783956,0.732950,0.748889,0.821979,0.787225,0.782803,0.723161,0.630089,0.722215,0.775559,0.737057,0.800294,0.769317,0.762598,0.738904,0.704626,0.782260,0.743012,0.796716,0.780315,0.753640,0.703643,0.796729,0.808642,0.750401,0.751996,0.724378,0.737339,0.754795,0.770515,0.799320,0.784678,0.724400,0.746092,0.796565,0.741403,0.775165,0.746213,0.751964,0.782148,0.711848,0.744124,0.838650,0.736342,0.790089,0.759757,0.744800,0.757398,0.746086,0.743649,0.809487,0.766581,0.797248,0.783937,0.771712,0.746765,0.739489,0.763110,0.766620,0.769082,0.764485,0.755715,0.771615,0.776421,0.722785,0.821658,0.740705,0.769930,0.751770,0.742935,0.760590,0.737929,0.725316,0.766401,0.799096,0.751442,0.756528,0.768645,0.769507,0.751895,0.774684,0.765881,0.780345,0.749874,0.757682,0.816655,0.763746,0.759177,#
17,0.832755,0.786402,0.794310,0.760398,0.802215,0.787688,0.806034,0.799941,0.823638,0.802473,0.745925,0.825211,0.799166,0.830926,0.743047,0.784455,0.788528,1.000000,0.812117,0.839912,0.812219,0.785524,0.806618,0.803848,0.810850,0.802258,0.812671,0.803044,0.770381,0.818487,0.780809,0.824871,0.774198,0.763184,0.755897,0.832236,0.791547,0.820057,0.783108,0.836668,0.804063,0.787367,0.799691,0.771390,0.779795,0.758475,0.828315,0.833467,0.822311,0.832871,0.817491,0.751704,0.803767,0.783676,0.839454,0.798982,0.774014,0.798859,0.793738,0.754272,0.787314,0.787565,0.784431,0.791323,0.819299,0.836879,0.876851,0.811671,0.789788,0.775617,0.799518,0.778662,0.800178,0.797914,0.808129,0.721274,0.825335,0.827081,0.827247,0.830087,0.809362,0.799494,0.849336,0.830464,0.810842,0.792166,0.766236,0.811458,0.786247,0.795929,0.791160,0.767323,0.815990,0.796046,0.767507,0.804623,0.790983,0.770987,0.778699,0.821366,0.820806,0.768039,0.786541,0.785379,0.751133,0.789227,0.775544,0.793132,0.756867,0.799905,0.812092,0.786095,0.813483,0.775825,0.784392,0.786078,0.726790,0.769705,0.777706,0.746951,0.789041,0.830778,0.784407,0.817533,0.779028,0.786602,0.787932,0.754629,0.800116,0.783383,0.818620,0.837550,0.816786,0.754314,0.831694,0.821747,0.802340,0.802719,0.789533,0.823821,0.804446,0.824417,0.836057,0.807375,0.820437,0.786998,0.813685,0.753457,0.837000,0.784180,0.812258,0.802985,0.777054,0.809896,0.796356,0.814138,0.859422,0.781341,0.809141,0.809491,0.802928,0.795735,0.840143,0.773877,0.832109,0.779988,0.776393,0.737241,0.792939,0.757414,0.826504,0.789496,0.820327,0.781572,0.854268,0.756284,0.784730,0.848007,0.771883,0.829626,0.793732,0.841453,0.788152,0.819738,0.822944,0.780063,0.800878,0.814671,0.755361,0.783322,0.825574,0.815389,0.778381,0.798040,0.796609,0.815927,0.760975,0.833757,0.788734,0.739281,#
18,0.810388,0.809854,0.741792,0.789331,0.745593,0.780384,0.754458,0.800071,0.749181,0.776684,0.773864,0.817405,0.817697,0.790079,0.728292,0.760689,0.807528,0.812117,1.000000,0.792946,0.790210,0.790613,0.792607,0.749694,0.744269,0.810943,0.799116,0.784171,0.745941,0.814846,0.718873,0.827785,0.788790,0.795662,0.786207,0.839661,0.786047,0.798147,0.786607,0.790776,0.792544,0.761955,0.756466,0.757187,0.792446,0.742165,0.814705,0.800214,0.818716,0.785494,0.784309,0.761420,0.798857,0.726038,0.813828,0.789247,0.742991,0.803234,0.777710,0.814484,0.785591,0.753274,0.763912,0.752231,0.817646,0.757923,0.815929,0.773697,0.746574,0.761575,0.788119,0.740758,0.817746,0.750991,0.826950,0.733813,0.797460,0.775457,0.785225,0.767715,0.798217,0.771639,0.805446,0.820186,0.810189,0.803851,0.754129,0.762047,0.804680,0.753822,0.770551,0.741734,0.814301,0.800050,0.766662,0.747646,0.773518,0.799580,0.782662,0.801342,0.788202,0.738425,0.773214,0.793028,0.768533,0.788709,0.768041,0.792596,0.803546,0.790823,0.823448,0.760976,0.796105,0.760969,0.719886,0.783494,0.766667,0.759493,0.788202,0.722172,0.779796,0.833068,0.726179,0.817128,0.788228,0.764563,0.837910,0.718267,0.817222,0.748432,0.792153,0.796483,0.781645,0.726179,0.794893,0.786198,0.812741,0.778501,0.731960,0.777488,0.783713,0.828949,0.773793,0.824796,0.788847,0.778945,0.786237,0.721375,0.823059,0.760120,0.802074,0.794121,0.804231,0.753879,0.800159,0.796939,0.816349,0.818835,0.759518,0.767408,0.810144,0.787781,0.841407,0.781998,0.804960,0.744986,0.855917,0.750940,0.742904,0.757788,0.788029,0.801588,0.801106,0.783632,0.761192,0.772958,0.788353,0.835832,0.768806,0.819763,0.780359,0.804276,0.772284,0.770179,0.759668,0.811424,0.776467,0.774495,0.760796,0.795627,0.783688,0.782246,0.719821,0.808175,0.793724,0.773728,0.750650,0.846174,0.764242,0.765368,#
19,0.791035,0.832644,0.787069,0.759153,0.810732,0.816652,0.746556,0.797165,0.818532,0.756333,0.767070,0.788382,0.796019,0.773972,0.777687,0.765306,0.775436,0.839912,0.792946,1.000000,0.824461,0.771442,0.766729,0.793972,0.760925,0.754708,0.792123,0.750706,0.764679,0.792372,0.813346,0.837451,0.789152,0.748976,0.744869,0.850899,0.743435,0.781224,0.770897,0.772979,0.794972,0.763570,0.771637,0.787524,0.753294,0.773808,0.857038,0.788250,0.806793,0.771560,0.779805,0.761502,0.790785,0.766032,0.811501,0.766362,0.793179,0.784651,0.763945,0.730067,0.784819,0.736732,0.813948,0.774410,0.797230,0.806942,0.833720,0.774511,0.798994,0.767735,0.794588,0.768433,0.820864,0.759115,0.773138,0.719295,0.744705,0.773403,0.770190,0.765059,0.820559,0.758316,0.833559,0.776889,0.780299,0.757177,0.772142,0.776993,0.819672,0.762669,0.761078,0.762771,0.787739,0.815793,0.748907,0.746912,0.795620,0.773823,0.770251,0.795524,0.799303,0.755486,0.762743,0.771387,0.757571,0.737026,0.802653,0.778639,0.762633,0.753971,0.787567,0.755754,0.781613,0.762861,0.762600,0.781698,0.770195,0.785919,0.750961,0.675260,0.810479,0.813388,0.730762,0.855908,0.794692,0.781336,0.786408,0.755925,0.835933,0.841814,0.791248,0.834493,0.792886,0.758492,0.803258,0.807732,0.764509,0.789103,0.771437,0.765558,0.796979,0.802905,0.770581,0.792922,0.771121,0.751335,0.767833,0.698133,0.808955,0.779864,0.777048,0.800661,0.763927,0.784007,0.819281,0.757356,0.832934,0.783721,0.779467,0.770763,0.764447,0.797833,0.803951,0.770447,0.800403,0.746439,0.749603,0.795317,0.744875,0.753366,0.789613,0.794916,0.781971,0.758389,0.833944,0.748375,0.785121,0.827449,0.750792,0.755275,0.747828,0.812268,0.795369,0.795758,0.779502,0.766002,0.772472,0.784414,0.776741,0.800750,0.784725,0.772112,0.744437,0.800999,0.806799,0.764524,0.747295,0.778011,0.755077,0.753605,#
20,0.817933,0.835042,0.756410,0.758948,0.777600,0.789334,0.804124,0.804991,0.808161,0.817377,0.767812,0.770290,0.808892,0.770619,0.777502,0.756188,0.851959,0.812219,0.790210,0.824461,1.000000,0.785622,0.750269,0.818416,0.771494,0.784582,0.798676,0.801786,0.741072,0.787741,0.799699,0.804983,0.787872,0.807172,0.785776,0.795979,0.805065,0.782446,0.802420,0.808796,0.808694,0.828644,0.754081,0.819066,0.792450,0.749082,0.828061,0.777778,0.810926,0.787723,0.798571,0.810152,0.778906,0.791248,0.808636,0.795910,0.741005,0.818289,0.803731,0.775216,0.818902,0.776632,0.814583,0.758423,0.815704,0.823094,0.863688,0.788343,0.815161,0.756868,0.783404,0.803131,0.793746,0.788895,0.769114,0.730101,0.771749,0.800242,0.814803,0.827137,0.815429,0.821552,0.819800,0.855529,0.764649,0.773337,0.793514,0.777408,0.825161,0.834090,0.772324,0.785647,0.801655,0.830057,0.783228,0.776531,0.755181,0.753315,0.791600,0.791057,0.849923,0.796116,0.779807,0.822674,0.787716,0.764415,0.816584,0.810253,0.807000,0.812651,0.791137,0.805960,0.780818,0.724922,0.805744,0.807977,0.786175,0.811836,0.736281,0.695423,0.808236,0.816227,0.752967,0.835664,0.772770,0.805672,0.745425,0.738181,0.782554,0.795605,0.802991,0.803790,0.806242,0.779786,0.827974,0.786253,0.764786,0.823176,0.788903,0.798826,0.785470,0.772954,0.792454,0.822873,0.808549,0.761047,0.808081,0.746473,0.783712,0.821986,0.801817,0.818673,0.768434,0.763594,0.834529,0.776219,0.798807,0.813865,0.792086,0.795346,0.784807,0.792979,0.787970,0.803171,0.848603,0.745827,0.751290,0.762769,0.745433,0.785210,0.801294,0.793671,0.816250,0.785320,0.799028,0.774632,0.772175,0.841918,0.770350,0.806280,0.779935,0.791862,0.784362,0.753557,0.753783,0.814194,0.795612,0.796102,0.777794,0.771155,0.747246,0.775524,0.788352,0.801565,0.805648,0.753596,0.788208,0.817584,0.795715,0.770518,#
21,0.778861,0.850525,0.765750,0.799078,0.755758,0.769895,0.758428,0.749392,0.786294,0.752529,0.743504,0.740591,0.717720,0.743931,0.749529,0.794509,0.756642,0.785524,0.790613,0.771442,0.785622,1.000000,0.790694,0.793617,0.695040,0.724660,0.804789,0.753573,0.759963,0.753236,0.775810,0.756015,0.793667,0.780517,0.770768,0.814338,0.763213,0.773494,0.784888,0.749083,0.770445,0.799478,0.759045,0.744874,0.773506,0.769111,0.777212,0.776754,0.802395,0.781973,0.751709,0.785086,0.781913,0.737548,0.807334,0.767543,0.749317,0.753940,0.815940,0.736745,0.785939,0.777611,0.710828,0.747093,0.811707,0.769707,0.800940,0.774212,0.753230,0.763533,0.759876,0.801120,0.791462,0.787733,0.811440,0.760603,0.783070,0.765698,0.800685,0.792356,0.768418,0.729402,0.821746,0.807191,0.829308,0.759377,0.725277,0.787621,0.811503,0.777175,0.687364,0.729428,0.801698,0.788016,0.761592,0.769459,0.769007,0.718594,0.759425,0.808809,0.780423,0.768073,0.720481,0.772557,0.718916,0.788251,0.740810,0.781729,0.746750,0.798568,0.794990,0.733751,0.769372,0.770560,0.680778,0.731648,0.761046,0.802158,0.734963,0.725647,0.765250,0.774087,0.721785,0.763121,0.750483,0.720557,0.771891,0.755243,0.757849,0.792878,0.773436,0.803076,0.749532,0.743295,0.841998,0.743159,0.738495,0.718069,0.751996,0.775415,0.783597,0.780221,0.722071,0.775321,0.753501,0.747337,0.755651,0.693435,0.756670,0.770356,0.785199,0.812678,0.757847,0.759016,0.743010,0.769820,0.803584,0.754017,0.733324,0.783756,0.772982,0.785792,0.787632,0.787946,0.815610,0.761241,0.782407,0.743150,0.707464,0.753031,0.775928,0.765741,0.763640,0.740746,0.754526,0.743223,0.686161,0.787925,0.760045,0.757887,0.746410,0.819467,0.764506,0.763834,0.753861,0.785268,0.773227,0.700224,0.714342,0.781755,0.773812,0.758225,0.745983,0.751365,0.780211,0.743669,0.767574,0.794224,0.701706,0.772380,#
