0,1.000000,0.043180,0.163853,0.042561,0.181514,0.080871,-0.006825,-0.085509,0.099679,0.069932,0.139270,-0.113981,-0.000958,-0.005586,0.151354,0.322693,0.186324,0.156255,0.166285,0.194457,0.054100,-0.009942,0.198051,0.358343,0.034808,0.103178,0.166964,-0.145780,0.011332,0.175013,-0.020644,0.207850,0.066429,0.141726,0.234433,0.037580,-0.014533,-0.027885,0.171402,0.093365,0.072110,-0.018318,0.226199,-0.027208,0.009286,0.010340,-0.015094,0.276821,0.126177,0.288478,0.025879,0.090653,0.046327,0.159095,0.155439,0.131251,0.154996,0.061344,0.000391,0.057639,0.128924,0.115957,0.225067,-0.001483,-0.068531,-0.021831,-0.008741,0.139995,0.093469,0.122428,0.107071,-0.037343,0.165573,0.223066,0.061107,-0.208169,0.230906,0.188981,0.042714,0.038255,0.014503,0.022383,0.039970,0.179869,0.256553,0.056396,0.267524,0.178995,0.120380,0.135760,0.055052,0.014890,0.222833,-0.008641,0.112645,0.231485,0.116315,-0.028001,0.114067,0.162181,0.232109,0.110532,-0.032936,0.200620,0.086721,0.056170,0.230644,0.137735,0.188138,-0.073431,-0.065823,0.106458,-0.009900,0.108679,0.141637,0.075737,0.085325,-0.044168,0.006986,-0.004657,0.118940,0.113865,0.236849,0.083709,0.122940,0.164373,0.135918,-0.131130,0.079988,0.165527,0.135492,-0.009011,0.033770,0.055732,0.100279,0.128339,0.153519,0.013047,-0.086349,0.064281,0.207039,0.122184,-0.013588,0.082096,0.039208,-0.042863,0.116827,0.069381,0.199493,0.040220,-0.112684,0.102110,0.166634,-0.065320,0.113553,0.208671,0.112715,0.120383,0.090499,0.062987,0.120261,0.145136,0.062579,-0.051700,0.014987,0.238231,-0.052924,0.149573,0.236123,0.040768,0.003925,-0.003213,0.093982,0.088654,-0.077230,0.221375,0.254421,0.077730,0.088651,-0.042389,0.127345,0.148544,0.047097,0.074010,0.050913,-0.050518,0.119726,0.267674,0.191361,-0.036115,-0.030825,0.198089,-0.078022,0.057990,0.199399,0.129746,0.000400,0.081792,0.164495,0.154207,#
1,0.043180,1.000000,0.064810,0.055331,0.019855,0.068955,0.128068,0.082715,0.225523,0.117044,0.221366,0.233601,0.014297,-0.110170,-0.077917,-0.055404,-0.019359,0.076316,-0.101749,0.091084,-0.141945,0.134384,0.050620,-0.083971,0.039747,0.069000,-0.017570,0.200481,-0.222688,0.055148,0.114613,0.021038,-0.106030,0.099192,-0.076128,0.090571,0.061139,-0.040503,0.168497,0.037789,0.032429,-0.056153,0.153700,0.027639,-0.069408,0.011656,0.318032,0.088279,0.123195,0.001084,0.078043,0.011164,0.144124,0.149130,0.095582,0.091351,0.028739,-0.086859,-0.138251,0.101283,-0.006393,-0.018762,0.124960,-0.041910,-0.095044,0.163028,0.103450,0.095611,0.106722,0.183374,0.163757,0.141033,0.204434,-0.014172,0.104330,0.021087,0.023306,0.033798,0.211156,-0.022647,0.112354,0.099615,-0.037310,0.083592,0.208078,-0.095663,0.089358,0.132488,0.058811,-0.027119,-0.027623,0.074688,-0.097908,0.006235,0.023312,0.058856,-0.088543,-0.061512,-0.018687,0.032054,0.151518,0.065567,0.062187,-0.022890,0.007551,0.078250,0.116286,0.154896,0.115331,0.099188,-0.052420,0.079157,-0.001176,0.025858,0.111772,0.268968,0.106453,-0.034804,0.028335,-0.096453,-0.126938,0.109332,0.146111,0.140747,0.037859,0.046223,0.063101,0.122804,0.117695,0.138449,-0.029717,0.090138,-0.022836,0.161093,0.098356,0.086714,0.185640,0.193069,0.120991,0.164373,0.143520,-0.011364,0.036857,0.188110,0.239553,-0.025357,0.022240,-0.051693,0.020582,-0.075370,0.108355,0.009555,-0.004428,-0.134709,0.216373,0.152402,-0.051380,0.054330,-0.225207,-0.155733,-0.094562,0.140185,0.097935,0.123259,0.092634,-0.047640,-0.075808,-0.091975,0.048214,0.227438,0.096799,0.187180,-0.017867,0.081290,0.055350,0.135319,0.084827,0.039283,0.088154,0.012542,0.039788,-0.063345,0.076757,-0.010706,0.109477,0.127551,0.042579,-0.102792,0.219329,0.130678,0.204678,0.139760,-0.186102,0.059884,0.051941,0.020658,-0.034935,0.148484,-0.046126,0.263971,#
2,0.163853,0.064810,1.000000,0.004060,0.226522,0.035306,0.092418,0.039211,0.041862,0.070107,0.214247,0.214396,0.032258,0.170211,-0.096723,0.175442,-0.001308,-0.040428,0.057212,0.106893,0.188879,0.178916,-0.053676,0.036538,0.044193,0.206224,0.148507,-0.029109,-0.148198,0.086140,-0.044898,-0.018022,0.044703,-0.023034,0.140317,0.070442,0.033444,-0.071048,0.078505,-0.092975,0.078750,-0.051787,0.238629,-0.076157,0.156395,0.044072,0.126287,0.019698,0.064558,0.050236,0.036477,0.149234,0.118407,0.033603,0.091816,-0.007942,0.137129,-0.055541,0.163145,0.103553,0.320218,0.057746,-0.048528,0.103297,0.176078,0.070277,0.106664,0.004956,0.079399,0.073901,0.068486,0.170894,-0.067789,0.116227,0.176777,0.031685,0.115763,0.075744,-0.004201,0.039141,0.111986,-0.072506,0.020860,-0.102789,0.154101,0.056816,0.150609,0.160404,0.053063,-0.053606,-0.012956,0.134639,0.111584,0.083612,0.063450,0.133880,0.099330,0.037472,0.146848,0.037784,0.136551,0.081291,-0.048940,0.267404,0.013520,0.082012,0.167696,0.174949,0.111169,0.036778,0.152974,0.134450,0.166203,0.033056,0.023387,0.177642,0.180477,0.016364,-0.180895,0.040465,-0.014743,-0.070914,0.033260,0.080169,0.057903,-0.013167,0.179570,-0.000696,0.156254,0.033993,-0.085717,0.130665,0.083993,0.139143,0.178082,0.018070,0.154861,0.006774,0.012130,-0.049258,0.085439,0.087755,0.054286,0.024811,0.287804,-0.086266,-0.158659,0.005247,0.148517,0.003712,0.078322,0.119989,0.223769,0.109998,-0.037400,0.015151,0.023158,-0.050878,0.080562,0.059914,-0.064221,0.189080,0.130693,0.110169,0.067273,0.164259,0.000625,-0.062012,-0.035440,0.008257,-0.066945,0.257353,0.061162,0.025434,0.107615,0.087696,0.175983,0.087709,-0.180278,-0.048346,0.118291,0.194265,-0.124493,0.144040,0.012716,0.100704,0.084487,-0.078208,0.123564,-0.095820,0.044280,0.133364,0.065205,0.055937,0.113957,0.065913,-0.195262,0.071592,0.146808,0.202226,#
3,0.042561,0.055331,0.004060,1.000000,0.096641,0.021915,0.084008,-0.036517,0.267565,0.021334,0.067066,0.105598,0.096958,-0.078493,0.104024,-0.007990,-0.008607,0.139762,0.194082,0.100637,0.115735,0.075080,0.190969,0.225724,0.100889,0.137495,0.075925,-0.008554,0.097441,0.108080,0.122530,0.113572,0.303897,0.161971,-0.082612,0.094356,0.094422,0.195257,0.270616,0.035315,0.016470,0.232352,0.171214,0.173899,-0.055563,0.039104,0.013927,0.123570,-0.076676,0.089494,0.086624,0.103289,0.197521,-0.051627,0.080574,0.146219,0.131713,-0.016417,-0.024170,0.142686,0.133502,0.010170,-0.007414,-0.082403,0.246067,-0.025382,0.034615,-0.155973,-0.063663,0.196609,0.063980,0.111401,0.118300,0.007910,0.061149,0.041072,0.097407,0.061114,0.019167,-0.071840,0.212123,0.122805,0.152211,0.005645,0.174256,0.015509,0.012728,-0.036922,0.191255,0.103309,0.204007,0.128152,0.023004,0.070792,0.118438,0.092332,0.073807,-0.142086,0.061789,-0.015973,0.175592,0.023027,0.027177,0.030655,0.266717,-0.063699,0.205365,0.207921,-0.081818,0.014045,0.154624,-0.071691,0.066610,0.076555,0.027832,-0.052167,0.007553,0.139882,0.019988,-0.033640,0.069728,-0.001009,0.104477,0.099741,-0.040849,0.115331,0.120554,0.159879,-0.013389,0.083945,0.187458,0.183529,0.096766,0.166521,0.021920,0.120898,-0.020478,0.025246,0.103120,0.085081,0.045119,0.221671,0.122326,0.025964,0.075164,0.023337,0.161998,0.262578,0.026426,0.122712,-0.007659,-0.079344,-0.007080,0.139864,0.129246,0.028991,-0.059885,0.057231,0.134111,0.080729,0.023452,0.023601,0.079006,0.190220,0.077022,0.006101,0.045497,0.013485,-0.078991,0.016652,0.132670,-0.103971,-0.008783,-0.093657,-0.053671,0.118169,0.113197,0.117467,-0.099120,0.116533,0.000454,0.266499,0.097706,-0.172279,-0.101772,-0.060531,0.116643,0.043683,0.041688,0.059451,0.119919,0.018689,0.093374,0.038595,0.092684,0.055012,0.164008,0.069024,0.031118,0.005394,#
4,0.181514,0.019855,0.226522,0.096641,1.000000,0.188461,-0.019918,0.118905,0.231023,0.167213,-0.036370,0.106523,0.149950,0.078496,0.065213,0.108189,-0.054928,0.112022,0.119624,0.296856,0.312447,0.007935,0.202960,0.207078,0.070113,0.206899,0.020985,-0.068059,0.091122,0.043122,0.056899,0.082843,0.150940,0.043411,0.040378,0.127303,0.321980,-0.033112,0.183571,0.041402,0.138389,0.198924,0.148117,0.026913,0.284126,0.138016,0.330000,0.131419,0.037006,0.068324,-0.003790,0.154491,0.118082,0.200956,0.320407,0.251981,0.156973,0.099853,0.137876,0.096317,0.185943,0.170196,0.004336,-0.106430,0.071094,0.007703,0.036843,0.067485,-0.029727,0.084703,0.245070,0.173479,0.147292,0.076385,0.115062,-0.095188,0.106203,0.143482,0.166610,0.138924,0.212292,0.237068,0.028074,-0.000961,0.382878,0.076382,0.144928,0.149907,0.123357,0.096530,0.210673,-0.004844,0.150324,-0.056090,0.215100,0.173504,0.085982,0.049360,-0.019234,0.068177,0.115091,0.081316,0.167782,0.141047,0.102486,0.158501,0.013536,0.175234,0.130598,0.191245,0.170493,0.188513,0.204927,0.214755,0.059218,-0.105635,0.169505,0.077702,-0.079419,0.013220,-0.014771,0.023442,0.103669,0.006851,0.174186,-0.070130,0.194543,0.059262,0.229273,0.099685,0.198584,0.023975,0.103090,0.228068,0.195775,0.145495,0.069993,-0.020650,0.150135,-0.006105,0.159286,0.032450,0.236034,0.083297,0.218140,0.146625,0.120201,0.204536,0.056692,0.128626,0.025787,0.143836,0.219834,0.308253,0.222386,0.046980,0.249284,0.092755,-0.050550,0.128598,0.120815,0.029839,-0.010081,-0.041581,-0.150786,0.096748,-0.055857,0.083495,0.017396,0.057756,-0.075556,0.082890,0.375832,0.159339,0.158553,0.205064,0.205908,0.204192,0.031839,0.144347,0.016098,-0.036874,0.124873,0.141744,0.101599,0.110420,-0.127756,0.140492,0.125774,0.233633,-0.054642,0.135184,-0.061243,0.049196,0.121604,0.181372,0.091051,0.092797,0.153467,0.338178,#
5,0.080871,0.068955,0.035306,0.021915,0.188461,1.000000,-0.000770,0.174221,0.198374,0.269083,0.194524,0.054306,0.237209,-0.003141,0.065303,0.003649,0.015685,0.110116,-0.167171,0.227599,-0.001514,-0.115311,0.188606,0.166019,0.139495,0.066983,0.175495,0.113224,0.150252,0.128156,0.183740,0.168349,0.208616,0.137737,-0.020829,0.163276,0.139169,-0.015052,0.179383,-0.044463,0.267055,0.061781,0.043033,0.217220,0.061264,0.099815,0.244891,-0.022156,0.198652,0.069027,0.133596,0.141470,0.033500,0.060723,0.119492,0.295598,0.132821,-0.108153,0.282432,0.113429,0.045807,0.167270,0.103882,-0.011425,0.229347,0.094221,0.077540,0.078050,0.156403,-0.049215,0.100230,0.109849,0.172637,0.122467,0.089816,0.071838,0.180448,0.125049,0.175704,0.101041,0.132016,0.087936,0.144054,-0.001758,0.051264,0.102921,0.102327,0.114544,0.051894,-0.108165,-0.022387,0.149298,0.308227,0.254101,0.138837,0.186566,-0.035101,0.167045,0.185295,0.111428,0.089040,0.155983,-0.125656,0.109290,0.099107,0.163609,0.161635,0.198483,0.120904,0.010417,0.080340,0.223138,0.034040,0.093381,0.153051,-0.040997,0.041344,0.094228,-0.058862,-0.021832,-0.039796,0.179695,0.071956,0.162080,-0.087506,-0.000420,0.065057,-0.055958,0.135327,0.127749,0.293132,0.062276,0.200678,0.206345,0.169817,0.267959,0.103496,0.114455,0.093387,-0.112281,0.143508,0.120486,0.150554,0.259548,0.207749,0.098993,0.070937,0.044425,0.043434,0.079018,0.156272,0.002195,0.189753,0.077544,0.085614,0.141937,0.193606,0.067734,0.119883,-0.040492,0.165469,0.051338,0.122831,0.151965,0.056582,0.125381,-0.118871,0.171989,0.220886,0.159542,0.344228,0.159490,0.081117,0.087528,0.028920,0.106916,0.213647,0.186705,0.107793,0.053639,0.207407,-0.048718,0.322403,0.115209,0.050156,0.200799,0.166560,0.015245,0.027491,-0.059612,0.055444,0.225191,-0.035413,0.018365,0.086712,-0.020291,0.030415,0.185822,0.108527,0.282654,#
6,-0.006825,0.128068,0.092418,0.084008,-0.019918,-0.000770,1.000000,-0.021112,0.149607,0.028840,-0.010361,-0.036645,0.059587,0.072792,-0.037193,0.125499,0.017275,0.039836,0.020348,-0.047704,0.147626,0.076556,-0.055009,-0.033653,-0.043986,0.085254,0.049928,-0.013690,-0.059615,0.181641,-0.021255,0.003928,-0.096132,0.037568,-0.036197,0.039818,-0.145617,0.096735,-0.012124,-0.019373,-0.086476,-0.149112,0.078206,0.041469,0.126340,-0.033221,-0.007935,-0.138717,0.026328,-0.042617,-0.060165,0.004786,0.011529,0.112902,0.043491,0.072261,-0.086930,-0.038671,0.045006,0.092051,0.242649,-0.092221,0.087086,-0.043190,0.105388,0.155924,0.025568,0.034592,-0.065982,0.013925,0.042657,0.037203,-0.128764,0.188057,0.204565,0.011692,0.095302,0.044114,0.044338,-0.075508,-0.004261,-0.032032,0.075791,-0.090038,-0.017821,0.078697,-0.014495,0.072348,-0.155890,-0.111701,0.069250,-0.119676,-0.054705,-0.077628,-0.060350,-0.097585,0.111273,0.034520,0.018845,0.269837,0.019531,0.144696,0.100323,-0.057052,-0.208761,0.007512,0.088561,-0.072738,0.001453,-0.003521,0.011864,0.084249,-0.090694,-0.259342,0.056792,-0.040320,0.146516,-0.095338,-0.013694,-0.046718,0.049991,-0.040823,-0.020552,0.105508,-0.046423,0.145081,-0.050656,0.003759,-0.082815,-0.026967,0.013739,-0.038345,0.013523,-0.019047,0.004604,0.006335,0.021471,-0.126001,0.081639,0.124360,-0.057256,0.134946,-0.144303,-0.105327,-0.095366,0.004404,0.037874,-0.029959,0.048897,-0.183617,0.259964,-0.130651,0.092118,-0.139205,0.054035,0.009196,-0.062835,0.246950,0.007276,-0.075153,-0.191819,0.094699,0.151923,0.220699,0.012314,0.152787,-0.090986,-0.006796,-0.072993,-0.043713,-0.028184,0.009690,0.030711,-0.083093,0.194641,0.004161,-0.088972,-0.017914,0.094696,-0.049062,0.024647,-0.060992,0.139656,-0.027241,0.086599,0.047620,-0.042866,0.043999,-0.109004,0.044353,-0.013115,0.101902,-0.187138,0.187477,-0.076476,-0.096566,0.085093,0.021387,-0.007029,0.102727,#
7,-0.085509,0.082715,0.039211,-0.036517,0.118905,0.174221,-0.021112,1.000000,0.265345,0.108132,0.196484,0.236130,0.008666,0.010696,0.219257,0.046010,0.140887,0.211206,-0.092238,0.026809,0.025976,0.054471,0.179457,0.068808,0.132577,0.091331,0.058501,0.153617,-0.102878,0.012102,0.048490,-0.001004,0.049253,0.077793,-0.048170,0.029258,-0.096262,-0.118940,0.201746,0.117308,0.055080,0.022836,0.057532,0.162505,0.220219,0.124014,0.134494,0.059379,0.087003,0.046550,0.107360,0.051026,0.017467,0.160646,0.091406,0.063136,0.069536,0.216652,0.121331,0.052535,0.127846,0.132791,0.080214,-0.050635,0.127699,0.145002,0.089441,-0.048329,0.097325,0.264988,0.115284,0.044083,0.259982,0.111047,0.069584,0.014546,-0.046095,0.114252,0.111555,0.285563,0.147436,0.038449,0.066783,0.028322,0.029893,0.099542,0.048421,-0.019195,0.120276,0.084119,-0.158380,0.049262,0.072406,0.090122,-0.029263,-0.139158,-0.031593,0.099500,-0.004208,0.125019,0.109813,0.028000,0.008117,0.005556,-0.055170,0.102476,0.164041,0.061145,0.060253,0.188683,-0.010718,0.022621,0.039838,-0.004299,0.360523,0.119525,-0.020634,-0.120542,-0.089755,0.233173,0.007480,0.116362,-0.033761,0.134663,0.145149,0.065971,0.223076,0.178024,0.021400,-0.057886,0.044184,0.050709,0.212856,0.004726,0.273436,0.200742,-0.160364,0.249808,0.015993,0.003002,0.179280,0.001949,-0.013691,-0.023466,0.165298,0.015143,0.141096,-0.009628,0.015937,0.097845,0.131920,0.041540,0.130715,0.133794,-0.020148,0.218100,0.165590,0.161541,0.046244,0.122790,-0.012586,-0.089892,0.232330,-0.029897,-0.161238,0.272441,0.098078,-0.104551,0.021404,0.072320,0.106462,0.088058,0.167729,0.098164,0.230440,0.052780,-0.007212,-0.013850,-0.122122,0.273290,0.265753,0.072097,0.054470,0.030164,-0.126785,0.134341,-0.110144,-0.182358,0.094389,0.211188,0.123794,-0.045412,-0.041195,-0.006104,0.098950,0.084691,-0.075100,0.124755,0.141790,0.106937,#
8,0.099679,0.225523,0.041862,0.267565,0.231023,0.198374,0.149607,0.265345,1.000000,0.235932,0.179330,0.140133,0.117829,0.055735,0.194321,0.193003,-0.070272,0.166134,0.039855,0.105145,-0.032950,0.148683,0.186215,0.219792,-0.001284,0.166741,0.052834,0.183973,-0.003422,0.223791,-0.011992,0.150427,0.031445,0.043796,-0.023509,0.117141,0.181806,-0.032166,0.134126,0.022709,0.111155,0.215081,0.108263,0.092203,0.184423,0.057189,0.055545,0.072238,0.187541,0.156317,0.164586,0.358288,-0.037293,0.238567,0.129830,0.351599,0.165864,0.221506,-0.032110,0.264973,0.250420,0.093712,0.216337,-0.194920,0.156542,0.227317,0.115185,0.005070,0.241298,0.136929,0.216508,0.085941,0.146174,0.103563,0.192775,0.087749,0.057373,0.131381,0.183483,0.091914,0.249879,0.245652,0.049401,0.033926,0.232297,0.146334,0.094975,0.063647,0.022555,0.215315,0.060867,0.168763,0.085366,-0.030832,0.344752,0.220469,0.175186,0.016156,0.109891,0.098334,0.209557,0.117047,0.088156,0.135987,0.220451,0.060189,0.159437,0.158280,0.052675,0.205388,0.017478,0.073040,0.008289,0.111312,0.254891,0.217872,0.090032,0.035291,-0.013745,0.188940,0.126716,0.172940,0.161856,0.112313,0.064617,0.177765,0.109481,0.246880,0.042276,0.208041,0.117173,-0.042596,0.193972,0.213140,0.270658,0.224510,-0.008438,0.092484,0.092106,-0.004559,0.190300,0.157358,0.236679,0.085022,0.133276,0.025549,0.311422,0.189044,0.112090,0.052488,0.227829,-0.087089,0.189879,0.219294,0.306239,0.365541,0.180217,0.272432,0.097302,0.165162,-0.004624,0.025147,0.083099,0.194227,0.115374,0.166257,0.093058,-0.113276,0.179221,0.152061,0.092894,0.193310,0.127443,0.053820,0.203151,0.086474,0.049304,0.127277,0.142611,0.130979,0.154351,0.086372,0.034088,0.155010,0.091417,0.192815,0.022288,-0.009344,0.145010,0.178267,0.162073,0.090575,0.126293,0.086843,0.248198,0.119449,0.106240,0.116887,0.090032,0.081019,#
9,0.069932,0.117044,0.070107,0.021334,0.167213,0.269083,0.028840,0.108132,0.235932,1.000000,0.289863,-0.014298,0.068739,0.060657,0.098976,0.156290,0.013421,0.025603,-0.037461,0.268970,0.079697,-0.001525,0.137440,0.142423,0.004526,0.027294,0.134966,0.069408,0.067729,0.065872,0.267672,0.118598,-0.066106,0.224472,0.218434,0.089134,-0.080981,0.062861,0.145808,-0.096552,0.248954,-0.011247,0.082861,-0.115588,0.100375,0.140762,0.151577,0.048966,0.009386,0.048962,-0.030697,0.186396,-0.030700,0.101321,-0.011363,0.225424,0.063050,0.037677,0.229171,0.001666,0.210451,0.162313,0.215778,-0.008081,0.165696,0.211841,0.020159,0.013731,0.132991,-0.083990,0.333833,0.175694,0.159809,0.049441,0.054563,0.038880,-0.081639,0.041760,0.236266,0.158164,0.100253,0.173491,-0.039897,-0.107975,0.295182,0.033856,0.095632,0.171769,-0.110017,-0.201546,-0.091612,0.212304,0.116804,-0.100433,0.115075,0.083779,0.142546,0.203494,0.153545,-0.193507,0.084070,0.114362,0.231557,0.015209,0.286281,0.108157,0.079288,-0.085376,0.164459,0.017504,-0.026814,0.065487,0.136387,0.325544,0.036090,0.029181,-0.060884,0.013601,0.031424,-0.037695,0.051798,0.196981,-0.015361,0.135827,-0.061441,0.051037,-0.152384,0.176502,0.144809,0.181829,0.125405,-0.073873,0.076745,0.226369,0.174928,0.219582,0.137060,0.193477,0.118754,-0.181885,-0.042711,0.084376,0.164096,0.163274,0.027009,0.011458,0.120294,0.092320,0.004161,0.158485,0.107948,-0.149674,0.311792,0.166729,0.255884,0.099470,0.116644,0.207257,0.205804,-0.031542,0.073553,0.006550,0.055181,0.271369,0.050854,0.039912,0.036838,-0.013117,0.309736,-0.014209,0.112151,0.103424,-0.024326,0.143757,0.066935,0.216230,0.040213,0.026616,0.076551,-0.004928,0.063873,-0.048411,0.165446,0.111066,-0.018952,0.095271,-0.049831,-0.069297,0.271685,0.126109,0.115564,0.026944,-0.112931,0.094885,0.019138,0.105016,0.014875,0.116745,0.019929,0.143605,#
10,0.139270,0.221366,0.214247,0.067066,-0.036370,0.194524,-0.010361,0.196484,0.179330,0.289863,1.000000,-0.028275,-0.120753,-0.016844,0.069624,0.133610,0.043618,0.119445,0.007711,0.139415,-0.019225,-0.005557,-0.080561,0.135497,0.029498,-0.015004,-0.009426,0.164718,-0.054015,0.127362,0.082798,0.142503,0.103925,0.083578,0.096555,0.040100,-0.058977,0.021036,0.250267,-0.019555,0.172067,-0.038881,-0.011099,-0.091320,-0.019683,0.065211,0.150590,0.087737,0.111238,0.254782,-0.052892,0.151989,0.014253,0.080997,0.034464,0.155880,-0.007942,-0.145725,-0.039373,0.184563,0.038304,0.101868,0.069939,0.144294,0.196431,0.182567,0.195390,-0.016602,0.050648,0.061490,0.047970,0.191198,0.164649,0.085301,0.025214,0.052387,-0.010818,0.020801,0.004845,0.062865,0.259873,0.043959,0.160838,0.069265,0.261282,-0.016567,0.054792,0.155459,-0.071199,0.124288,-0.073999,0.104316,0.129283,0.066660,0.056860,0.174178,-0.033305,-0.090312,0.199683,0.030349,0.021614,-0.002367,0.079673,-0.024353,0.142159,-0.129349,0.148684,0.181107,0.044279,-0.061610,-0.045857,0.090278,-0.021078,0.080624,0.304114,0.236039,0.025292,-0.071314,0.000243,0.024488,0.037964,0.223929,-0.030834,0.119992,-0.084050,-0.013597,0.129933,0.180500,0.104712,0.101779,0.108875,0.029394,-0.026497,0.148957,0.128145,0.067740,-0.071362,0.374064,0.046753,-0.034174,0.218545,0.042702,-0.008928,0.048546,0.131359,-0.074442,-0.017349,-0.072180,0.030611,0.072988,0.135787,0.077079,0.245464,-0.018637,0.100344,0.128936,0.135317,-0.052833,0.135187,-0.027757,0.100344,-0.050695,0.283096,0.176677,0.052581,0.098302,0.169333,-0.000055,0.117743,0.186198,0.119815,0.071829,-0.084243,0.120969,0.114065,-0.003302,0.167380,0.119972,-0.116956,0.030727,0.069464,0.027173,0.199529,-0.008438,0.008854,0.116216,-0.001270,-0.197535,0.060631,0.082508,0.195511,0.035088,0.006761,0.000566,0.179747,-0.012060,-0.119922,0.122072,0.042929,0.271422,#
11,-0.113981,0.233601,0.214396,0.105598,0.106523,0.054306,-0.036645,0.236130,0.140133,-0.014298,-0.028275,1.000000,0.040088,-0.002195,-0.147535,-0.106109,-0.041452,0.106247,0.061805,-0.205949,-0.096982,0.185824,-0.075328,-0.068351,0.181259,0.161173,-0.151436,0.168573,-0.180714,0.093706,0.122556,0.035034,0.009614,0.055347,0.021332,0.077877,0.134921,-0.070792,0.068816,0.169149,-0.041440,0.109095,0.271489,0.074645,-0.056931,0.070040,0.094849,-0.065269,0.099497,-0.052607,0.013542,0.095274,0.035745,0.247861,-0.048390,-0.089786,-0.122540,0.269897,0.103368,0.022622,0.050448,-0.023391,0.058541,-0.151878,0.028449,0.215940,0.136929,0.139769,0.128201,0.148964,-0.009801,0.024572,0.175320,-0.015304,-0.099138,-0.083005,0.046030,-0.108846,-0.063501,0.004158,0.057633,0.084787,0.089096,-0.044456,0.172458,-0.102213,0.003084,0.056454,0.172536,-0.076730,-0.097694,0.152788,0.232599,0.272334,0.067258,0.100743,-0.133890,-0.047304,0.094145,0.094653,0.058107,0.098179,-0.082621,0.071831,-0.061117,0.188139,0.129712,0.231081,0.124079,0.159677,0.176093,0.096395,0.115699,0.058162,-0.109935,0.224516,-0.028381,0.071513,-0.199937,0.018962,-0.062056,0.024467,0.121577,-0.009435,0.084128,-0.083226,-0.041901,0.017734,0.137763,0.026965,0.033891,0.205638,0.182637,0.122703,0.040982,0.065506,-0.156317,0.200957,-0.068325,0.159195,0.078595,-0.030105,0.093619,0.096075,0.204736,0.002575,0.059580,-0.051758,-0.091888,-0.037971,-0.004346,0.197270,0.063327,0.105979,0.128070,0.094899,0.003590,-0.054264,0.029497,-0.047222,0.040876,0.119767,-0.119304,-0.092262,-0.058522,-0.030362,0.188843,-0.049485,-0.059554,0.163390,-0.007060,0.024805,-0.050889,-0.094187,0.110495,0.060633,-0.016793,0.037637,-0.160655,0.106345,0.143846,-0.006765,0.053376,-0.136931,-0.143840,0.091567,-0.061595,-0.010152,0.144804,0.156193,0.159519,-0.006046,0.206023,0.105109,0.189192,-0.044324,0.054744,0.034886,0.012205,0.151221,#
12,-0.000958,0.014297,0.032258,0.096958,0.149950,0.237209,0.059587,0.008666,0.117829,0.068739,-0.120753,0.040088,1.000000,0.040471,0.180418,0.012653,0.252697,0.090890,0.041387,0.180046,-0.009624,0.109803,0.124554,0.150080,-0.077836,0.113437,0.139927,0.136966,0.063459,0.036917,-0.081019,0.149281,0.185684,0.042073,0.101162,0.125852,0.119302,0.010603,0.043840,0.054839,0.128780,-0.063825,0.154438,0.280364,0.197249,0.134081,0.171031,-0.069922,0.177373,0.034235,0.229429,0.043148,-0.008594,0.187407,0.138866,0.137252,0.013523,0.116678,0.005715,-0.143558,0.033727,0.299907,-0.110445,0.142218,0.301539,0.030435,0.011986,0.048341,0.109003,-0.008336,0.125514,0.109007,0.144972,0.039285,0.235979,0.170007,0.132986,-0.097178,0.041955,0.001889,0.220559,0.103128,-0.099121,0.011968,0.073770,0.108631,0.079874,0.170920,0.192825,-0.004845,0.065590,0.048571,0.065162,0.051630,0.147758,0.177703,0.304098,0.087338,0.030392,0.096564,0.077256,0.179029,0.025935,0.086432,0.130820,-0.049046,0.042626,-0.004957,-0.058879,-0.015895,0.261801,0.038065,0.058817,-0.004595,0.061494,-0.072853,0.199542,-0.103179,0.135243,-0.102968,0.132013,0.080035,0.194850,0.216009,0.061139,-0.122303,0.049729,-0.055943,-0.084979,-0.033332,0.107410,0.010666,0.048013,0.091113,0.140195,-0.075564,0.208655,0.059975,0.230069,0.048739,0.127868,0.063039,0.146377,0.054526,0.011499,0.157358,0.021128,0.134708,0.009455,0.129012,0.018303,0.144135,0.124880,0.073179,0.002856,0.179453,0.008060,-0.046519,0.001822,0.027251,-0.003572,0.313292,0.080282,0.149570,0.159046,-0.022927,0.115988,0.114036,0.015139,0.040636,0.099169,0.106145,0.079423,0.142062,0.188471,0.086967,0.147377,0.180736,0.095807,0.005801,0.081378,0.119307,0.122020,0.040093,0.001812,0.082576,0.151199,0.214361,0.047143,-0.113560,0.053887,-0.121794,0.086061,0.129482,-0.092247,0.084557,0.099598,0.133686,0.077148,-0.012108,#
13,-0.005586,-0.110170,0.170211,-0.078493,0.078496,-0.003141,0.072792,0.010696,0.055735,0.060657,-0.016844,-0.002195,0.040471,1.000000,0.156994,-0.026620,0.225698,-0.004902,0.111497,0.178382,0.127178,0.031158,-0.049952,0.072661,-0.159529,0.178268,0.213877,0.060752,-0.030095,0.054638,0.091077,0.129461,0.123595,0.031798,0.192707,0.073789,-0.065018,0.034186,-0.122268,0.075492,-0.046235,0.130560,0.102435,-0.002586,0.157214,0.153224,0.114618,0.033890,0.135885,-0.044477,0.060181,0.078292,0.053737,0.259987,0.091990,0.129226,-0.045897,0.127971,-0.008482,0.110743,0.167908,0.189506,0.123806,-0.000673,0.127573,0.013638,0.230839,0.171389,0.164177,-0.023547,0.045224,0.061975,0.039815,-0.014647,0.174412,0.129059,0.184269,0.140462,0.150296,0.149685,0.118057,0.216260,0.084110,0.173848,0.110965,0.079913,0.145115,0.046166,0.071862,-0.093593,-0.001360,0.017489,0.060409,0.133611,0.062172,-0.075367,0.084448,0.023458,0.045228,0.271731,0.087211,0.237111,0.076916,0.265622,0.070808,0.069858,0.103067,0.008507,0.195702,0.055146,-0.034356,0.070031,0.279794,0.084485,0.258064,0.089587,0.153567,0.132673,-0.094567,0.237524,0.076921,0.041067,0.188071,0.076189,0.070494,-0.140029,-0.045245,-0.155165,0.118951,0.060225,-0.027589,0.057309,-0.014468,0.075644,0.265900,0.002804,0.088191,0.064496,0.156841,0.122396,-0.234685,0.072482,0.278730,0.202446,0.133200,0.103784,0.150722,0.121175,0.012656,0.093290,0.019171,0.100423,0.145085,0.175376,0.121251,0.229586,-0.121132,0.169437,0.143148,0.165851,-0.070858,0.178333,0.045249,0.258351,-0.021248,0.067445,-0.058731,-0.075982,0.056810,-0.032815,0.098852,0.277501,0.114643,0.056521,0.133751,0.072583,0.063767,0.090311,0.114356,-0.122753,0.027336,0.258840,0.032472,0.049559,0.195755,0.116862,0.213054,0.017890,-0.127351,0.069431,0.148177,0.003876,-0.013437,0.180424,-0.000059,0.190965,-0.025041,-0.115617,0.136837,0.066546,#
14,0.151354,-0.077917,-0.096723,0.104024,0.065213,0.065303,-0.037193,0.219257,0.194321,0.098976,0.069624,-0.147535,0.180418,0.156994,1.000000,0.204424,0.131026,0.040922,0.120989,0.209499,0.065889,-0.028821,0.140348,0.269402,-0.063245,-0.033506,0.196649,0.077359,0.105425,0.105942,-0.071220,0.235204,-0.004007,0.076516,0.184283,0.088416,0.028905,0.075845,0.050535,0.225189,-0.066508,-0.100033,0.134388,-0.012974,0.221338,0.294045,0.086996,-0.105046,0.027655,0.179724,0.124107,0.001808,0.207845,0.221715,0.318014,0.135572,0.112744,0.065836,0.072552,0.085446,0.179794,0.201963,0.084615,0.075197,0.045811,-0.123184,0.150686,0.115403,-0.028149,0.224455,0.213863,0.055603,0.072218,0.190153,0.279748,0.080306,0.260187,0.134365,0.076969,0.054657,0.133532,0.197789,0.070447,0.103299,0.108404,0.095882,-0.086765,0.111194,-0.002416,-0.011468,-0.039804,0.188033,0.167276,0.076501,0.164722,0.054369,0.244377,0.079247,-0.021063,0.050990,0.152544,0.194692,0.087284,0.140100,0.178870,-0.124775,0.108871,0.010762,-0.122568,0.080212,-0.043676,-0.129376,0.101557,0.122465,0.135165,0.086302,0.135150,-0.104103,0.073556,0.100749,0.157348,0.179730,-0.042327,0.044590,0.133274,-0.027699,0.034340,0.187155,0.048148,0.197540,-0.022600,-0.047008,-0.022891,0.000703,0.121862,0.147039,-0.159346,0.090411,0.008366,-0.011172,0.108136,0.162476,0.124549,0.155699,-0.041357,0.254289,0.099510,0.061287,-0.053878,-0.016388,0.209733,0.056564,-0.005497,0.087576,0.127123,0.229800,0.129442,0.102985,-0.015293,0.086627,0.015079,0.053487,0.164198,0.037249,0.106728,0.085076,0.090509,-0.104307,0.079800,0.228303,0.151404,0.025418,0.138645,0.021402,0.101585,0.021536,0.190949,0.126789,0.178192,-0.012467,0.191613,0.201225,0.085592,0.004629,0.074955,0.011202,0.067460,-0.259181,0.009502,0.235466,-0.038673,0.053240,-0.026940,0.137778,0.118765,0.108318,-0.075417,0.020629,0.112762,-0.104827,#
15,0.322693,-0.055404,0.175442,-0.007990,0.108189,0.003649,0.125499,0.046010,0.193003,0.156290,0.133610,-0.106109,0.012653,-0.026620,0.204424,1.000000,0.243291,0.204452,0.089781,0.121003,0.037892,0.059919,0.176129,0.276641,0.031072,0.207627,0.157224,0.015561,0.101317,0.201683,0.009170,0.193418,-0.010825,0.187165,0.036108,0.180077,-0.025603,-0.135537,0.166660,0.028252,0.078670,0.034197,0.149933,0.016837,0.177001,0.093235,-0.163083,0.103221,0.032202,0.226305,-0.141512,0.250503,0.142816,0.115623,0.191250,0.107630,0.070146,0.016004,0.184669,0.207961,0.183186,-0.001348,0.237554,0.011157,0.052034,0.222281,0.058310,0.122648,0.053084,-0.056404,0.185305,0.029941,0.079293,0.085334,0.053320,0.006258,-0.002446,0.087195,-0.052755,0.152573,0.240044,-0.007823,-0.171112,0.200795,0.167301,0.110669,0.048845,0.286657,-0.028782,0.126685,0.004875,0.061905,0.045881,0.072562,0.139694,0.019164,0.285774,0.000619,0.083379,0.074107,0.187707,0.031392,-0.028988,0.058040,-0.078562,-0.005703,0.172179,0.071247,0.005210,0.061811,-0.076830,0.268906,0.035433,0.027055,0.126422,0.103020,-0.019298,-0.183095,-0.009276,-0.069888,0.159739,0.084067,0.104195,0.104378,0.100215,0.084949,0.154496,0.182991,0.009476,0.161734,-0.039761,0.020361,0.094557,0.062288,0.096158,0.144712,-0.061115,-0.108415,-0.000625,-0.063206,-0.088357,0.177216,0.033663,0.085333,0.170973,-0.027404,0.026328,0.107787,0.263753,-0.074038,0.007223,-0.037667,0.127552,0.067997,-0.023579,0.195066,0.168981,0.181079,-0.043356,0.124840,-0.008528,0.010992,0.258614,0.041013,0.019069,0.233964,0.123336,0.089223,0.156751,-0.036968,-0.034748,0.108359,0.031646,-0.022587,0.185155,0.031190,0.261686,0.140765,-0.021017,0.090774,0.208686,0.034435,0.022937,0.247272,0.016181,0.033133,-0.087831,0.146291,-0.000683,0.086961,-0.161506,0.025852,0.026510,-0.024180,-0.080675,0.144079,0.100615,0.092226,0.112823,-0.071759,#
16,0.186324,-0.019359,-0.001308,-0.008607,-0.054928,0.015685,0.017275,0.140887,-0.070272,0.013421,0.043618,-0.041452,0.252697,0.225698,0.131026,0.243291,1.000000,0.051369,-0.050408,0.308378,0.061535,0.028671,0.020843,0.050170,-0.130540,0.131166,0.161409,-0.157427,-0.044322,0.293271,-0.077418,0.146305,-0.028279,0.204456,0.126851,0.035050,-0.001888,-0.015012,0.133897,-0.063900,-0.021795,-0.077722,0.175020,0.107832,0.053416,0.172113,-0.040305,0.036171,0.050441,0.027629,0.026387,0.163904,0.187700,0.144750,0.136133,0.039878,0.021213,-0.001458,0.005274,-0.099368,-0.020766,0.268273,0.150661,0.109583,0.123762,0.024926,-0.081359,0.296018,0.091259,0.078092,-0.116690,0.163554,0.223535,-0.010871,0.062222,0.113380,-0.035627,0.219256,0.025672,0.060538,0.053864,0.000560,-0.079085,0.221751,0.110656,0.166379,0.139312,0.093701,0.123810,-0.050699,0.015422,0.052790,0.117619,-0.086430,0.057376,-0.049381,0.165334,-0.055177,0.011281,0.202050,-0.040082,0.051543,-0.085212,-0.008326,-0.010303,0.036112,0.112608,0.006169,0.010557,0.037331,-0.012164,0.013602,0.070557,-0.039483,0.234300,0.072240,0.067901,0.065640,0.021627,0.145871,0.196342,0.178200,0.128838,0.174406,0.175313,-0.057858,0.075083,-0.123461,-0.021948,0.160468,0.045307,-0.102038,0.203337,-0.290280,0.217502,0.141979,-0.037884,0.076318,0.040946,0.042165,-0.048554,0.109975,0.070961,0.055726,0.185777,-0.009823,0.049039,0.083240,0.178479,0.248419,-0.159894,0.240175,-0.017648,0.055466,0.083375,0.145264,-0.007066,0.108239,-0.014981,0.103887,-0.006041,0.155106,0.148399,0.115286,0.046083,0.000572,0.108397,0.073347,-0.018944,-0.042485,0.074047,0.115918,-0.050720,-0.014389,0.081558,0.093394,0.005767,0.018873,0.119116,-0.008938,0.072135,0.091858,0.015941,-0.075099,0.010630,0.145670,0.114422,0.132504,0.060627,0.021824,0.168784,-0.186907,-0.229451,0.042058,-0.022400,0.244673,0.031001,-0.038533,-0.081551,0.000194,#
17,0.156255,0.076316,-0.040428,0.139762,0.112022,0.110116,0.039836,0.211206,0.166134,0.025603,0.119445,0.106247,0.090890,-0.004902,0.040922,0.204452,0.051369,1.000000,-0.063343,0.032388,0.155410,-0.041057,0.013004,0.148713,-0.068356,0.180887,0.107905,-0.010257,-0.049116,0.061765,0.124010,0.032535,0.231276,0.013663,0.054231,0.228002,-0.224347,0.035123,0.246769,0.094961,0.193412,0.101959,0.065483,0.130206,0.007258,0.093526,0.055278,0.094497,0.019920,0.051609,0.076676,0.087648,0.004638,0.054616,0.121024,0.175936,0.113174,0.033704,0.067203,0.054157,0.102539,0.152921,-0.004325,-0.002395,0.121793,0.264238,0.241574,0.155388,0.094993,0.100705,-0.008675,0.173888,0.079492,-0.078176,-0.002569,0.175670,-0.046291,-0.069047,-0.135220,0.168935,0.086753,0.093294,0.111246,0.051707,0.012897,-0.041109,0.171913,0.047666,0.107933,0.088514,0.006868,-0.045622,0.204126,0.064788,0.005244,0.147730,0.011168,0.092906,0.132832,0.082168,0.091840,-0.149130,-0.077002,0.057873,0.013281,-0.033396,0.142734,0.141890,0.162152,-0.000454,0.046003,0.251064,0.059577,0.027231,0.173368,0.063082,0.025413,-0.031594,0.006429,0.073714,-0.000308,0.142257,0.064743,0.073424,0.231552,0.108620,0.045031,-0.033061,-0.034776,0.028476,0.244701,0.077907,0.140284,-0.021970,0.031133,0.162545,0.091813,0.117355,0.059905,0.079831,0.140485,0.113398,0.121774,0.098954,0.144449,0.093337,-0.005443,0.129473,-0.076720,-0.075551,0.039727,-0.052973,0.035283,0.026786,0.235486,0.185821,0.098256,0.115630,0.102646,0.003923,0.072804,0.081753,0.154467,0.139550,-0.023407,0.093030,0.011749,0.029150,0.101346,-0.047643,0.117129,-0.024838,0.035510,0.030390,0.162812,0.016521,0.136495,0.036267,-0.121724,0.242878,0.193991,0.087395,0.114419,0.114744,-0.041157,0.076829,-0.010036,0.072448,0.138492,0.058552,0.082391,0.108211,0.103597,0.051655,0.132259,0.093844,0.014518,0.031850,-0.027877,0.137965,#
18,0.166285,-0.101749,0.057212,0.194082,0.119624,-0.167171,0.020348,-0.092238,0.039855,-0.037461,0.007711,0.061805,0.041387,0.111497,0.120989,0.089781,-0.050408,-0.063343,1.000000,0.023208,0.022028,0.094838,0.107751,0.199323,0.021049,-0.083218,-0.100323,0.086653,-0.004086,-0.101163,-0.052277,-0.106894,0.078467,0.052304,0.150522,0.045407,0.078989,0.054193,0.018067,0.273280,0.071311,0.045109,0.095610,-0.098683,0.141435,-0.043248,0.026538,0.001393,-0.078386,0.116465,-0.051145,0.002645,0.160414,0.029834,0.125186,0.136590,0.046365,0.073420,-0.111758,0.059033,0.092214,-0.043467,0.124013,-0.019709,0.122835,-0.010455,0.145019,0.065963,-0.136305,-0.017136,-0.053296,0.008499,-0.035347,-0.109041,-0.005185,0.041967,0.099523,0.064188,-0.039296,0.054648,-0.043287,-0.001330,0.028311,0.164596,0.002452,-0.076874,0.077876,0.005823,0.060253,0.067634,0.119091,-0.075298,-0.022871,0.001786,0.040321,0.126904,0.179638,-0.013144,-0.022074,0.108859,0.098356,0.114568,0.115348,-0.012170,0.204800,0.031362,0.010494,-0.100651,0.008880,-0.057114,0.135382,0.066943,0.226575,-0.028741,-0.025997,0.029998,-0.044156,-0.203764,-0.030795,0.080540,0.010714,0.033212,0.101720,-0.164735,0.015954,-0.199536,-0.050133,0.098002,0.201723,-0.020534,-0.071762,0.234958,-0.138069,0.189341,0.124453,-0.101325,-0.013333,0.074920,-0.120025,0.071729,-0.101231,-0.015285,0.072620,0.098130,0.033322,0.079951,0.034113,0.025701,-0.128725,0.013264,-0.030233,0.059550,-0.030978,0.044411,0.035566,0.171427,0.056616,0.093524,-0.077890,0.274924,0.067233,-0.004079,0.007984,0.089195,0.009126,0.198350,0.087235,0.041235,-0.067065,0.154277,-0.160679,-0.010904,0.142085,0.004187,-0.032861,0.218194,0.075006,0.028038,0.003178,-0.028827,-0.015198,0.016232,0.100412,-0.068148,0.052224,-0.167693,0.275110,-0.074657,0.001952,-0.058795,-0.015326,0.098018,0.148980,0.039203,0.044340,-0.000227,-0.039115,0.012217,0.186270,-0.024134,#
19,0.194457,0.091084,0.106893,0.100637,0.296856,0.227599,-0.047704,0.026809,0.105145,0.268970,0.139415,-0.205949,0.180046,0.178382,0.209499,0.121003,0.308378,0.032388,0.023208,1.000000,0.075889,-0.082942,0.131203,0.134062,-0.111427,0.215122,0.127759,0.087852,-0.007792,0.178848,0.155902,0.129762,0.038356,0.107452,0.040897,0.059045,-0.005893,-0.016140,0.165449,0.079577,0.225262,0.009002,-0.038188,-0.031542,0.072762,0.127861,0.236713,0.183244,0.077057,0.203040,-0.047518,0.178867,0.020470,0.187851,0.188892,0.222803,0.103858,-0.095913,0.127011,0.081772,0.247963,0.331640,0.131124,0.129097,0.298217,-0.033058,0.067267,0.098684,-0.018456,0.068861,0.218147,0.150863,0.149549,0.096108,0.224192,0.284999,0.062696,0.192069,0.344966,0.073861,0.194239,0.103833,0.158364,0.101781,0.118371,0.106477,0.039624,0.224176,0.104193,-0.118814,-0.018563,0.092145,0.131269,-0.090636,0.073480,0.148988,0.146096,0.090098,-0.051910,0.079761,0.179300,0.129659,0.086069,0.168337,0.253640,0.253402,0.059361,0.185067,0.019362,-0.074014,-0.049919,0.037507,0.198200,0.130576,0.155073,-0.040805,0.291505,0.130095,0.065070,-0.270362,0.117016,0.187293,0.150777,0.163399,0.266220,-0.028337,0.217803,0.043111,0.014163,0.126220,0.010913,-0.037029,0.063208,0.089819,0.276877,0.127515,0.113517,0.200153,0.076440,-0.079580,-0.022135,0.116390,0.121502,0.110594,0.151966,0.126225,0.021138,0.098579,0.143845,0.085414,0.079727,0.259424,0.131595,0.170246,0.211335,0.128493,0.080291,0.100374,0.138362,0.185473,0.185959,0.061073,0.097646,0.112968,0.139937,0.140675,-0.014133,0.131894,0.268657,-0.063147,0.053261,0.177812,0.236207,0.234338,0.133409,0.055265,0.172599,0.211949,0.130169,-0.001198,-0.062340,0.142757,0.146112,0.210475,0.178871,0.137232,0.098568,0.006065,0.133712,0.032282,0.324330,0.166575,-0.123453,0.056022,-0.013069,0.236081,-0.076369,0.108385,0.180415,0.137611,#
20,0.054100,-0.141945,0.188879,0.115735,0.312447,-0.001514,0.147626,0.025976,-0.032950,0.079697,-0.019225,-0.096982,-0.009624,0.127178,0.065889,0.037892,0.061535,0.155410,0.022028,0.075889,1.000000,0.064150,0.019373,0.027478,0.139548,0.259654,0.133874,-0.171780,0.005877,-0.006437,-0.065054,-0.067112,0.037889,0.020010,0.063875,0.128295,0.078261,0.009232,0.144598,0.075910,0.077771,0.152579,0.038646,-0.134621,0.291527,0.010772,0.202469,0.006246,-0.052362,0.019444,-0.172145,0.097390,0.005954,0.083161,0.260340,0.205555,0.174963,0.103626,0.087427,-0.095985,0.244318,0.134322,0.088024,-0.033264,0.055181,-0.125209,0.042353,0.089273,0.048347,0.134984,0.170659,0.191878,-0.009285,-0.003690,0.037607,-0.066442,0.045399,0.186399,0.059754,-0.058985,0.077804,0.126238,-0.001399,-0.064088,0.096528,0.153024,0.079726,-0.012207,0.137117,-0.090336,0.062777,-0.084543,0.101046,0.051930,0.190374,-0.034864,0.112103,0.180561,0.122807,-0.037001,0.119240,-0.002137,0.202604,-0.014745,0.087144,-0.083954,0.083558,0.067016,-0.022061,0.085860,0.100198,0.227128,0.026737,-0.082035,0.142782,0.006334,0.200816,0.067024,-0.034527,0.195732,0.099358,0.150682,-0.008590,-0.002160,-0.010838,0.007174,0.064981,-0.031859,0.227112,0.086595,0.196371,-0.010233,0.069949,0.054466,0.056989,0.002302,0.152128,-0.156570,0.117117,-0.049250,0.060866,0.150797,0.181118,0.072903,0.078474,0.004698,-0.050605,0.144152,0.120795,0.173219,0.227569,0.055756,-0.076862,0.146296,-0.008664,0.018496,0.039326,0.007885,-0.047068,0.196516,0.040912,0.115168,0.093936,0.151529,0.040992,-0.017008,-0.148680,0.078750,0.008622,-0.025925,0.176223,-0.104277,-0.004683,-0.018807,-0.024020,0.100778,-0.060301,-0.044083,0.152245,0.040074,0.082222,0.067740,-0.064639,0.016103,0.093855,-0.217910,0.065904,0.063990,-0.006475,0.247820,-0.120202,0.071218,-0.069195,0.128509,0.067025,0.094528,0.029571,0.074681,0.185418,0.145307,#
