0,1.000000,-0.099037,0.177489,0.179858,0.195426,0.052041,-0.035881,-0.054161,0.127538,0.087241,0.122864,-0.041878,0.072975,0.025298,0.274847,0.152653,0.111137,0.217447,0.261325,0.238355,0.148015,0.184773,0.206271,0.289919,0.134738,0.089716,0.251826,0.027426,0.196937,0.235925,-0.003033,0.139288,0.123308,0.155893,0.133733,0.140061,0.122924,0.114053,0.208416,0.204184,0.117949,0.124905,0.158117,0.128441,-0.022268,0.107894,-0.000322,0.211750,0.072630,0.259758,0.134221,-0.047517,0.101837,0.213173,0.208455,0.195070,0.252406,0.162652,-0.086819,0.011708,0.177564,0.053114,0.232915,0.020846,0.027584,0.016217,0.021176,0.104887,0.092316,0.135583,0.115082,0.056785,0.169048,0.155689,0.059351,-0.139339,0.219412,0.178367,0.055473,0.062496,0.076182,0.025960,0.068831,0.182301,0.267453,-0.013352,0.172772,0.130070,0.171691,0.189604,0.073926,0.042143,0.217448,0.156020,0.254725,0.242182,0.237367,0.001578,0.084902,0.161353,0.258637,0.189638,0.015773,0.185020,0.215429,0.193383,0.278875,0.154643,0.132376,-0.035147,0.016324,0.074402,-0.032477,0.198065,0.022168,0.025348,0.077291,0.098942,0.098056,-0.000337,0.279836,0.164907,0.126265,0.156827,0.086372,0.200464,0.139839,-0.032128,0.103598,0.204304,0.309391,0.011440,0.112418,0.038162,0.072673,0.105671,0.198669,0.113030,0.045217,0.136772,0.256943,0.173323,0.121861,0.072418,0.046622,0.166371,0.112794,0.103186,0.125307,0.117155,-0.052618,0.048775,0.176725,0.075680,0.163271,0.212170,0.149719,0.026598,0.131746,0.147670,0.127458,0.214752,-0.025460,-0.003074,0.118119,0.135675,0.034322,0.191221,0.172338,0.111568,0.133270,-0.062820,0.190167,0.163471,-0.125550,0.211170,0.281604,0.150809,0.085643,0.019135,0.143839,0.220204,0.060156,0.098222,0.080732,0.023976,0.271879,0.320326,0.183574,0.021889,0.101363,0.189174,0.086602,0.151075,0.270276,0.004778,-0.039307,0.163656,0.325002,0.185377,#
1,-0.099037,1.000000,0.168244,0.118686,0.102442,0.156720,0.288815,0.132596,0.282077,0.001716,0.267086,0.251559,0.107492,0.170776,0.008763,-0.016209,0.112948,0.166928,-0.051800,0.090782,0.077292,0.212085,0.027948,-0.009319,0.065670,0.159112,0.165094,0.253763,-0.149774,0.179637,0.173579,0.097605,0.037378,0.183559,0.017341,0.215550,0.092337,0.035401,0.260989,0.136826,0.026300,0.019455,0.206019,0.143219,0.096799,0.174383,0.381217,0.143532,0.084024,-0.068262,0.189025,0.123144,0.278353,0.238807,0.000785,0.210649,0.095177,-0.087930,0.018183,0.031102,0.034523,0.080306,0.220339,0.041997,0.073595,0.192215,0.018358,0.233298,0.190786,0.253890,0.122118,0.150695,0.256064,0.028424,0.214082,0.150230,0.084471,0.113346,0.290087,0.137316,0.100081,0.260969,0.135895,0.060486,0.168897,-0.157828,0.188947,0.114939,0.136782,0.076450,0.134932,0.113411,0.034591,0.148056,0.046479,0.149976,0.022684,0.000959,0.021726,0.128744,0.181087,0.068316,0.121334,0.133356,0.049499,0.143452,0.222835,0.234119,0.097850,0.077303,0.157142,0.148987,0.002499,0.064722,0.268223,0.297978,0.177193,0.050702,-0.017822,0.155190,-0.012230,0.129805,0.176070,0.166962,0.079972,0.082202,0.171930,0.111460,0.173771,0.189860,0.076631,0.155561,0.116207,0.231523,0.301869,0.180728,0.153218,0.246700,0.264546,0.158944,0.098152,0.062188,0.169155,0.194834,0.193521,0.155481,0.109096,0.010353,0.170952,0.073570,0.193447,0.073458,-0.047999,-0.098471,0.310696,0.207583,-0.024845,0.032475,-0.070418,-0.071402,-0.050568,0.183735,0.207672,0.216043,0.214558,0.023884,0.043220,0.004482,0.125026,0.210253,0.187502,0.223678,0.083309,0.039375,0.023071,0.149348,0.019351,0.240263,0.145991,0.025752,0.117405,0.048448,0.176808,0.014323,0.239802,0.173456,0.112003,-0.048449,0.068280,0.230121,0.194384,0.108339,-0.044274,0.122883,0.169976,0.066614,-0.077616,0.179597,0.043258,0.241074,#
2,0.177489,0.168244,1.000000,0.160849,0.176876,0.130742,0.210295,0.181560,0.125626,0.088523,0.305481,0.276752,0.114433,0.254847,0.043862,0.233660,0.098758,0.092236,0.064736,0.139772,0.280321,0.288325,-0.047465,0.100921,0.249797,0.287964,0.287585,0.183048,0.059587,0.287464,0.010778,-0.022282,0.072302,0.042847,0.071831,0.186960,0.139628,-0.107219,0.101408,0.070420,0.205069,0.156176,0.345889,0.068670,0.019043,0.108891,0.148288,0.178351,0.059560,0.157615,0.238254,0.184172,0.146546,0.120482,0.033543,0.109559,0.053432,0.050331,0.135597,0.220957,0.230742,-0.006649,0.037849,0.182108,0.196785,0.209048,0.185315,0.100615,0.253968,0.228843,0.071077,0.199733,0.107597,0.204873,0.179606,0.117650,0.134266,0.151215,0.106617,0.054474,0.225764,0.032717,0.014868,0.035169,0.212230,0.053777,0.170071,0.208322,0.110886,0.094971,0.017057,0.266049,0.235113,0.248606,0.030819,0.250793,0.243845,0.079955,0.229676,0.112566,0.147283,0.106458,-0.021041,0.222357,0.035210,0.080814,0.158018,0.229463,0.218392,0.257167,0.147829,0.168601,0.163839,0.147710,0.150975,0.309094,0.216740,0.132708,-0.231111,0.057946,0.213856,0.057608,0.039057,0.075342,0.106716,0.078481,0.282293,0.096721,0.138478,0.166238,0.112426,0.193643,0.134423,0.044849,0.263756,0.224413,0.143952,0.140121,0.114456,-0.016367,0.167792,0.099141,0.202594,0.078172,0.328561,0.166929,-0.055793,0.092428,0.264183,-0.072900,0.135189,0.235262,0.219803,0.055146,0.141500,0.061640,0.069005,-0.076485,0.067460,0.134036,0.086163,0.370773,0.159284,0.192896,0.176567,0.144596,0.164820,0.086260,-0.116696,0.087896,0.065657,0.351130,0.090935,0.004769,0.165956,0.068411,0.240795,0.204603,-0.069279,0.108244,0.260932,0.103396,0.034603,0.305093,0.081614,0.142136,0.097311,0.026273,0.177392,-0.019505,0.035289,0.227090,0.266853,0.100558,0.188202,0.029517,-0.073620,0.213382,0.275780,0.277952,#
3,0.179858,0.118686,0.160849,1.000000,0.181989,0.254702,0.309901,0.081554,0.274723,0.120774,0.277264,0.198694,0.216224,0.081662,0.145334,0.203580,0.200797,0.279970,0.265280,0.184457,0.233421,0.128436,0.158159,0.388574,0.161087,0.239921,0.205185,0.191377,0.200516,0.300070,0.158107,0.249264,0.431423,0.207452,-0.024743,0.170090,0.273925,0.178026,0.318370,0.150093,0.179953,0.262338,0.225870,0.312198,0.016051,0.193782,0.162889,0.228214,0.045394,0.215172,0.177969,0.254284,0.211910,0.083119,0.069233,0.263556,0.088963,0.098589,0.111367,0.143312,0.192239,0.056077,0.196893,0.082006,0.335827,0.215226,0.173339,0.086457,0.079260,0.262235,0.121236,0.166088,0.277027,0.107372,0.200214,0.272933,0.193446,0.148833,0.189038,0.062835,0.317046,0.212927,0.150011,0.014228,0.274894,0.053700,0.153076,0.123734,0.255515,0.205751,0.167361,0.213427,0.176015,0.225860,0.110182,0.251561,0.274996,-0.032651,0.262810,0.241917,0.304007,0.100031,0.154007,0.225424,0.270124,0.076550,0.224505,0.213855,0.095518,0.171641,0.187655,0.105664,0.142504,0.092286,0.114229,0.125066,0.263295,0.108961,-0.029387,0.097293,0.195481,0.107323,0.119232,0.324125,0.103270,0.127781,0.271596,0.200606,0.044493,0.300930,0.278470,0.292677,0.242621,0.239626,0.236186,0.208930,-0.029136,0.171360,0.249129,0.118257,0.262441,0.243165,0.162610,0.181458,0.113784,0.129454,0.286549,0.229703,0.123923,0.110428,-0.008370,0.075141,0.100258,0.125433,0.256195,0.145046,0.103212,0.082368,0.179795,0.228349,0.197908,0.292278,0.263253,0.202203,0.144319,0.104923,0.136311,0.181945,0.050462,0.091795,0.166655,0.042092,0.072866,-0.026899,0.038950,0.215773,0.235210,0.253286,0.066772,0.141619,0.054299,0.291983,0.302428,0.064685,0.025967,0.122550,0.157546,0.181449,0.036034,0.082983,0.060630,0.212703,0.329488,0.121015,0.241571,0.201394,0.235902,0.247870,0.170264,0.102365,#
4,0.195426,0.102442,0.176876,0.181989,1.000000,0.277766,0.005675,0.078933,0.241256,0.069321,0.074896,0.054021,0.086708,0.084006,0.040378,0.069410,0.024013,0.201042,0.136239,0.300122,0.319648,0.137979,0.120676,0.238484,0.168796,0.273360,0.111631,0.148964,0.119979,0.108105,0.022254,0.098473,0.117102,0.076136,0.042826,0.256253,0.359961,0.074143,0.061302,0.048639,0.104145,0.416370,0.156802,0.055491,0.191937,0.067000,0.291582,0.136519,0.148643,0.175255,0.096422,0.090203,0.060610,0.242404,0.224611,0.301079,0.138014,0.040893,0.064766,0.007332,0.117075,0.132563,0.054764,-0.019841,0.109852,-0.027382,0.141148,0.098968,0.022914,0.171454,0.144583,0.136169,0.204434,0.243129,0.038530,-0.019204,0.137659,0.284986,0.173966,0.067759,0.283648,0.177897,0.039748,-0.035901,0.323736,-0.036162,0.145657,0.135069,0.110958,0.208542,0.216553,0.108784,0.099343,0.129058,0.072626,0.272295,0.133593,0.101991,0.071851,0.121434,0.089488,-0.002202,0.152525,0.169122,0.124168,0.129243,0.035244,0.252257,0.087358,0.188652,0.326835,0.211126,0.217526,0.310919,0.140716,-0.013996,0.169456,-0.007196,-0.065211,0.039643,0.094563,0.072319,0.128402,0.036887,0.322637,-0.007927,0.235149,-0.017828,0.151917,0.026722,0.270523,0.036836,0.187088,0.107546,0.175381,0.172321,0.099976,0.122442,0.184476,0.186776,0.312574,0.033090,0.155244,0.003073,0.212138,0.225967,0.111272,0.209425,0.179950,-0.050058,0.064189,0.107041,0.115790,0.277684,0.236031,0.055402,0.296606,0.089898,0.044739,0.138384,0.150998,0.163218,-0.035763,0.090828,-0.055851,0.191474,-0.033429,0.038899,0.026419,0.122719,-0.030703,0.011522,0.260523,0.185961,0.108853,0.122617,0.225540,0.243490,0.131753,0.123159,-0.004822,0.050583,0.281470,0.042542,0.118772,0.084962,-0.012539,0.258692,0.145240,0.191855,0.110312,0.160585,0.090896,0.036383,0.266221,0.184051,0.083019,0.264156,0.157128,0.375106,#
5,0.052041,0.156720,0.130742,0.254702,0.277766,1.000000,0.209972,0.163114,0.300229,0.226059,0.199624,0.146715,0.231188,0.199027,0.193236,0.067257,0.044603,0.182491,0.040601,0.160091,0.175141,0.103595,0.065003,0.074492,0.175856,0.171412,0.153228,0.271837,0.192023,0.226541,0.165411,0.199229,0.286828,0.160692,0.063756,0.198937,0.321039,0.138705,0.178604,0.129963,0.197227,0.207002,0.147700,0.239601,0.031979,0.124890,0.230140,0.014752,0.174516,0.186380,0.150982,0.192642,0.141230,0.068275,0.125087,0.310474,0.018058,-0.028530,0.142367,0.063913,0.143934,0.104104,0.197455,0.027938,0.203563,0.182335,0.255262,0.084265,0.225226,0.134574,0.184380,0.162669,0.278108,0.329442,0.091558,0.100075,0.239780,0.140290,0.206869,0.147183,0.129411,0.243218,0.263717,-0.111535,0.169504,0.029294,0.096942,0.007910,0.173263,0.009646,0.016641,0.195197,0.236312,0.311739,0.069496,0.320016,0.097909,0.078129,0.179736,-0.038637,0.139355,0.167235,0.089406,0.155830,0.060008,0.139783,0.085794,0.254277,0.062811,0.110891,0.244341,0.111131,0.116660,0.141572,0.159299,0.119556,0.249806,0.126356,-0.000083,0.054075,0.070067,0.221587,0.041244,0.246221,0.050991,0.047395,0.047311,-0.061176,0.291685,0.178455,0.322403,0.130459,0.234440,0.206020,0.332618,0.303718,0.115680,0.174582,0.079326,-0.044525,0.246907,0.149724,0.190095,0.239075,0.202200,0.177788,0.226050,0.093574,0.008084,0.162284,0.255350,-0.016585,0.214758,0.203729,0.236217,0.195435,0.118725,0.067874,0.231052,0.055302,0.161175,0.149260,0.229214,0.172909,0.125670,0.093959,0.094574,0.149615,0.191692,0.285017,0.235360,0.167335,0.202330,0.085587,-0.006559,0.164811,0.194706,0.162028,0.253112,0.002955,0.098396,0.062735,0.375001,0.153669,-0.005437,0.257638,0.199483,0.045190,0.087379,0.086303,0.061040,0.219952,0.231518,0.141574,0.353606,-0.025379,-0.022503,0.358761,0.114694,0.314385,#
6,-0.035881,0.288815,0.210295,0.309901,0.005675,0.209972,1.000000,0.139068,0.295049,0.095537,0.126383,0.150780,0.044106,0.231158,0.033485,0.163264,0.091712,0.090535,0.131036,0.016565,0.202030,0.190238,-0.061504,-0.000232,0.058827,0.167404,0.126306,0.191492,0.116556,0.262025,0.095359,0.141640,0.099774,0.198763,-0.097107,0.033315,0.086427,0.184739,0.081134,0.167725,-0.005317,0.107588,-0.019597,0.171727,0.061465,0.147122,0.141480,0.078170,0.041756,-0.035841,0.055512,0.091763,0.194473,0.164797,-0.030421,0.127677,0.050792,0.094930,0.117446,0.249526,0.167525,-0.055305,0.174955,0.126000,0.195363,0.363510,0.136077,0.204543,0.160480,0.100427,0.064369,0.159289,0.196946,0.128389,0.257366,0.179456,0.228476,0.211987,0.290968,0.096760,0.092131,0.085732,0.224834,-0.014493,0.161827,0.067837,0.129434,0.199043,0.027072,0.106699,0.080285,0.201318,0.094295,0.157893,0.074797,0.098533,0.171032,0.051483,0.167874,0.222147,0.157313,0.224755,0.110174,0.055861,-0.163244,0.268864,0.083213,0.072267,0.210056,0.170947,0.191812,0.208858,0.092712,-0.129995,0.028092,0.256927,0.281178,0.000175,0.051975,0.098854,0.148006,0.194428,-0.051241,0.219538,0.032385,0.100339,0.074181,0.197718,0.073726,0.197314,0.103990,0.068166,0.166547,0.015078,0.262288,0.228665,0.035990,0.210599,0.237756,0.160290,0.079689,0.160840,0.040602,0.149291,0.033307,0.087978,0.210167,0.069334,0.130329,-0.188079,0.194402,-0.070636,0.141851,0.040525,0.308738,0.066438,-0.004524,0.161817,0.126735,0.009043,-0.019577,0.260283,0.300318,0.149065,0.203642,0.180974,-0.034836,0.107455,0.093989,0.149934,-0.033328,0.110212,0.128653,0.032070,0.053662,0.196840,0.028274,0.242633,0.234205,-0.076724,0.048317,0.085711,0.232967,0.252152,0.209546,0.183598,0.121697,0.088286,0.074059,0.223334,0.034706,0.129711,0.143526,0.172690,0.068871,0.034281,0.121407,0.192365,0.106358,0.240873,#
7,-0.054161,0.132596,0.181560,0.081554,0.078933,0.163114,0.139068,1.000000,0.224663,0.125298,0.222066,0.372190,-0.060490,0.161313,0.253091,0.159679,0.078190,0.301591,-0.012024,0.104146,0.089731,0.174010,0.203355,0.013527,0.168247,0.095757,0.165327,0.346272,0.013166,0.254915,0.037163,-0.000289,0.119103,0.091295,-0.058036,0.097491,-0.000536,-0.069643,0.197299,0.171107,0.146991,0.165080,0.104350,0.123918,0.183598,0.162392,0.089972,0.162491,0.185787,0.096530,0.184061,0.153173,0.021185,0.159708,0.109056,0.066714,0.160987,0.185103,0.188829,0.023881,0.194458,0.044369,0.167208,0.082924,0.241418,0.155331,0.187543,-0.012646,0.161818,0.313144,0.059440,0.030670,0.231072,0.181356,0.012256,0.074645,-0.049620,0.194006,0.131630,0.287232,0.225051,0.123414,0.190064,0.019782,0.244083,-0.058206,0.027780,0.006720,0.077140,0.151130,-0.006518,0.121805,0.151944,0.235269,-0.056265,0.025678,-0.052299,0.069213,0.014864,0.112754,0.163800,0.039250,0.049424,0.037906,-0.080493,0.205562,0.263056,0.102608,0.105625,0.167765,-0.026455,0.074402,-0.020970,0.080647,0.368340,0.164085,-0.074677,-0.006715,-0.055324,0.323913,0.129566,0.135971,0.027569,0.179972,0.154647,0.085583,0.205514,0.141440,0.084733,0.120204,0.087358,0.061293,0.244981,0.111588,0.356138,0.174695,-0.116263,0.303824,0.043549,0.066570,0.247353,-0.026053,0.076976,-0.034515,0.107455,0.109719,0.192100,0.062341,0.095175,0.013181,0.183518,0.142437,0.019542,0.081853,0.020222,0.138760,0.174662,0.132937,0.180901,0.175219,0.078951,0.160611,0.168575,0.050003,-0.043422,0.231524,0.180225,0.043262,0.033936,0.051403,0.132622,0.147486,0.195889,0.000262,0.192678,-0.000295,0.085799,0.125496,-0.091777,0.144182,0.154031,0.080941,0.180114,0.212889,-0.179121,0.155802,-0.049677,-0.083973,0.043036,0.275768,0.196038,0.028604,0.218044,0.055080,0.185762,0.026817,0.007509,0.145670,0.181915,0.161656,#
8,0.127538,0.282077,0.125626,0.274723,0.241256,0.300229,0.295049,0.224663,1.000000,0.228864,0.271404,0.170214,0.198510,0.135518,0.338859,0.192278,-0.034677,0.197188,0.096778,0.176634,0.185584,0.180772,0.184155,0.298091,0.075359,0.210187,0.124238,0.266391,0.082142,0.307033,0.028637,0.185421,0.137883,0.105094,0.127948,0.217115,0.249129,0.053497,0.201199,0.141527,0.170008,0.224795,0.120504,0.104472,0.298045,0.242048,0.171376,0.160339,0.179520,0.157284,0.223668,0.430657,0.051446,0.360877,0.131111,0.341752,0.221249,0.261134,0.130551,0.252119,0.198065,0.171902,0.304806,-0.077498,0.299646,0.327978,0.175057,0.089754,0.390568,0.155323,0.156617,0.093114,0.278979,0.070286,0.168644,0.189180,0.138215,0.162752,0.151327,0.166829,0.234065,0.380416,0.220621,-0.009204,0.364680,0.147939,0.118122,0.090863,0.108862,0.287341,0.123213,0.260710,0.178800,0.091559,0.364966,0.326362,0.268772,0.097959,0.196942,0.107451,0.184127,0.114155,0.136610,0.210329,0.185018,0.121127,0.206355,0.244599,0.039532,0.258787,0.124523,0.170329,-0.016720,0.188697,0.254037,0.281509,0.119569,0.105772,0.045041,0.257793,0.242074,0.182585,0.159125,0.186615,0.164901,0.207188,0.167146,0.313278,-0.017880,0.312409,0.179216,-0.013913,0.309930,0.163257,0.310424,0.238347,0.069958,0.283384,0.260143,0.049641,0.238847,0.216041,0.325251,0.064979,0.041106,0.132840,0.250390,0.199485,0.172080,0.058898,0.340156,0.008687,0.164277,0.204658,0.398477,0.339602,0.188333,0.256715,0.140278,0.170011,0.048226,0.186028,0.078010,0.108927,0.233916,0.169073,0.189835,0.030097,0.199461,0.141859,0.137359,0.203046,0.130727,0.103109,0.142217,0.172184,0.093333,0.288893,0.194689,0.139401,0.177207,0.156646,0.197478,0.236896,0.115775,0.205804,0.039159,0.029653,0.103264,0.228990,0.237363,0.168537,0.224518,0.142343,0.395364,0.004905,0.067606,0.120064,0.104755,0.115425,#
9,0.087241,0.001716,0.088523,0.120774,0.069321,0.226059,0.095537,0.125298,0.228864,1.000000,0.380841,0.002281,0.089407,0.228727,0.224299,0.232887,0.001179,0.088215,-0.070143,0.293603,0.069512,0.026901,0.021826,0.067086,0.028891,-0.000410,0.242630,0.173154,0.095675,0.191657,0.171604,0.091907,0.044492,0.150629,0.198666,0.100109,-0.050257,0.201324,0.087371,-0.034748,0.303440,0.142729,0.110165,-0.065694,0.046112,0.174349,0.130115,0.079727,0.131700,0.104741,0.087666,0.235167,0.008171,0.130869,0.059181,0.285562,0.110755,0.163859,0.142219,-0.071792,0.226054,0.033478,0.208582,0.002119,0.216915,0.191057,0.035038,-0.036932,0.157653,-0.003164,0.167469,0.215600,0.115180,0.127791,0.115476,0.162401,0.007153,0.059141,0.196212,0.165811,0.154916,0.281610,0.009181,-0.047366,0.256897,0.044957,0.086558,0.109871,-0.094026,-0.045736,-0.020054,0.144996,0.201534,0.021214,0.107041,0.188312,0.179265,0.172613,0.162859,-0.051823,0.067892,0.138041,0.314073,0.080492,0.288692,0.067796,0.137582,0.054140,0.205685,-0.019064,0.070239,0.045796,0.105395,0.235553,0.110132,0.122018,-0.016902,0.158899,0.161158,-0.042360,0.182185,0.347609,0.012156,0.188359,-0.005183,0.145502,-0.116551,0.180062,0.124642,0.266902,0.144313,-0.000102,0.076070,0.142291,0.123797,0.148318,0.145039,0.305854,0.133599,-0.167750,0.058912,0.154679,0.210033,0.041050,0.052806,0.201027,0.159787,0.191763,0.046623,0.354135,0.075198,-0.132258,0.323356,0.251263,0.186602,0.189957,0.140535,0.149457,0.271299,0.053616,0.151689,0.126295,-0.001111,0.297929,0.114312,0.079753,0.102993,0.064096,0.280929,0.084064,0.172595,0.202594,0.067520,0.128892,0.043989,0.148769,0.186111,0.101325,0.007942,0.043019,-0.034583,0.049218,0.234802,0.177535,0.008929,0.127712,0.094668,0.081337,0.227894,0.034848,0.114595,0.119790,0.081638,0.169071,0.106293,0.111315,0.116711,0.014349,0.135544,0.197839,#
10,0.122864,0.267086,0.305481,0.277264,0.074896,0.199624,0.126383,0.222066,0.271404,0.380841,1.000000,0.156469,0.032170,0.191261,0.217483,0.108655,0.084916,0.175684,0.151105,0.192658,0.081076,0.100153,-0.097837,0.169445,0.094965,0.041175,0.153547,0.265875,0.046247,0.272387,0.180159,0.144061,0.199044,0.134655,0.142936,0.185715,0.094069,0.059752,0.338509,0.166956,0.246743,0.061283,0.139604,-0.009353,-0.082858,0.200629,0.176026,0.122076,0.128409,0.180867,0.142431,0.216676,0.046402,0.233083,-0.026582,0.261999,0.096949,-0.001812,0.104505,0.114466,0.079235,0.129205,0.119821,0.126186,0.367296,0.241050,0.173127,0.080288,0.160462,0.166334,0.138080,0.215724,0.223484,0.152590,0.103247,0.121306,0.078524,0.037576,0.080723,0.156281,0.270575,0.102026,0.249038,0.098652,0.386096,-0.062457,0.180844,0.121265,0.060593,0.112050,-0.008688,0.149988,0.190472,0.145196,0.094230,0.284916,0.199705,-0.019439,0.195798,0.116916,0.048440,0.020337,0.163390,0.001505,0.187528,0.014691,0.176298,0.298276,0.138538,0.048094,0.089203,0.185085,0.084382,0.160479,0.369105,0.292035,0.088575,0.047178,0.012675,0.097351,0.167340,0.251561,0.006006,0.105349,0.044513,0.008136,0.139597,0.164037,0.136476,0.229943,0.290378,0.091381,0.087832,0.109741,0.175709,0.118212,-0.046769,0.390944,0.147034,-0.054532,0.241998,0.077634,0.216293,0.130636,0.139626,0.082925,0.018692,0.011426,0.048418,0.120195,0.119419,0.175139,0.189354,-0.012514,0.293128,0.130478,0.205000,-0.118633,0.214087,0.104557,0.178209,0.054382,0.314479,0.206543,0.199206,0.120603,0.211540,0.095886,0.126148,0.192709,0.222307,0.204735,0.054792,0.147651,0.040679,0.100731,0.124816,0.266607,-0.016712,0.074706,0.103829,0.086753,0.273346,0.076787,0.140081,0.190541,0.009819,-0.153138,0.139942,0.220228,0.218035,0.100651,0.146992,0.062703,0.233451,0.000788,-0.060370,0.176971,0.230921,0.367868,#
11,-0.041878,0.251559,0.276752,0.198694,0.054021,0.146715,0.150780,0.372190,0.170214,0.002281,0.156469,1.000000,0.068662,0.123490,-0.054531,0.073984,0.076692,0.285162,0.095333,-0.081310,0.103728,0.145872,-0.045282,0.132946,0.278956,0.295727,-0.000194,0.343539,-0.152000,0.264604,0.226111,0.136659,0.155553,0.125754,0.112671,0.147084,0.183776,-0.053476,0.135869,0.191603,0.047513,0.253526,0.301456,0.245261,0.004013,0.200458,0.124140,0.074122,0.211478,0.016644,0.178735,0.230612,0.058328,0.327611,-0.064163,-0.009324,0.103898,0.227476,0.173036,-0.035542,0.019007,0.014420,0.268271,0.077620,0.109342,0.261208,0.225248,0.251756,0.162782,0.203406,0.040214,0.042278,0.297824,0.074387,-0.005920,0.129769,0.035964,0.073733,0.193691,0.153044,0.202101,0.143131,0.249527,0.083531,0.227021,-0.112825,0.099796,0.293397,0.142838,0.006623,0.063308,0.240282,0.299427,0.459668,0.098415,0.201842,-0.019088,0.059169,0.206440,0.233989,0.170127,0.112818,-0.050992,0.177897,-0.009963,0.285601,0.265359,0.303775,0.258134,0.100102,0.206490,0.119818,0.127698,0.148258,0.017069,0.362271,0.068829,0.152150,-0.088337,0.144767,0.032263,0.128739,0.211370,0.159854,0.135482,0.024875,0.180215,0.160815,0.212529,0.096592,0.059997,0.256180,0.266023,0.225212,0.159313,0.153002,-0.221102,0.421408,0.008247,0.228898,0.171966,0.077669,0.093122,0.103651,0.183889,0.122212,0.160163,0.040932,0.097084,-0.022490,0.115143,0.292211,0.068259,0.102925,0.207308,0.216106,0.113733,-0.116968,0.173205,0.130260,0.137043,0.271854,0.012596,0.053438,0.132958,0.107334,0.292103,0.111356,0.143184,0.125615,0.178790,0.074940,-0.010436,-0.066502,0.189434,0.165489,0.180959,0.201898,0.006526,0.042263,0.179671,0.115567,0.208276,0.027686,-0.066054,0.178426,0.015056,0.066435,0.028665,0.229228,0.075696,0.091937,0.235464,0.215566,0.335857,0.131325,0.134069,0.188540,0.097548,0.151240,#
12,0.072975,0.107492,0.114433,0.216224,0.086708,0.231188,0.044106,-0.060490,0.198510,0.089407,0.032170,0.068662,1.000000,-0.029058,0.171382,0.108719,0.308206,0.149833,0.197661,0.295193,0.090776,0.097176,0.161843,0.182670,0.004546,0.160107,0.171252,0.213092,0.006391,0.215242,-0.017690,0.214872,0.135982,0.160203,0.151922,0.323098,0.174832,0.030901,0.145466,0.088421,0.181239,0.069226,0.167596,0.221158,0.288459,0.115325,0.222147,-0.121999,0.183545,0.048804,0.248212,0.124491,0.085510,0.198781,0.150530,0.183836,0.015439,0.147849,-0.052885,-0.082336,0.039788,0.178176,0.080499,0.194235,0.295579,0.193575,0.162097,0.101783,0.075204,0.063448,0.060870,0.156962,0.113583,0.068824,0.229850,0.230649,0.144150,-0.016203,0.174157,0.039117,0.193549,0.187109,-0.014885,0.011580,0.116036,0.187599,0.104373,0.293175,0.126375,-0.020926,0.088976,0.080441,0.010239,0.187168,0.211220,0.167068,0.274739,0.129777,0.151616,0.004367,0.186927,0.145903,0.092443,0.096287,0.277660,0.015649,0.233115,0.073286,-0.023284,0.044289,0.251413,0.059008,0.114698,0.148517,0.088435,0.060508,0.142010,0.045867,0.120861,0.006136,0.162267,0.197107,0.292485,0.173474,0.153968,-0.050514,0.246392,0.036165,0.030543,0.066749,0.142543,0.089037,0.120015,0.103790,0.135041,0.088778,0.199677,0.117164,0.159936,0.100403,0.141087,0.105516,0.115911,0.093074,-0.010583,0.132911,0.026624,0.213866,0.042144,-0.007989,0.066847,0.162328,0.103494,0.138369,0.021354,0.212666,0.037704,-0.086713,0.042168,0.092495,-0.005361,0.298989,0.172150,0.294942,0.123700,0.018846,0.290981,0.004561,0.083827,0.079369,0.164116,0.108520,0.100915,0.103948,0.160932,0.091820,0.226013,0.217879,0.014862,0.184199,0.160371,0.114038,0.256190,0.074038,0.147602,0.063182,0.164732,0.177670,0.081554,-0.015469,0.204368,0.063058,0.092711,0.147081,0.139912,0.060861,0.158247,0.212909,0.166115,0.058509,#
13,0.025298,0.170776,0.254847,0.081662,0.084006,0.199027,0.231158,0.161313,0.135518,0.228727,0.191261,0.123490,-0.029058,1.000000,0.270385,0.091281,0.209176,0.056892,0.138708,0.263185,0.211608,0.121485,-0.096529,0.143543,0.005893,0.322760,0.271266,0.238910,0.087066,0.155312,0.217304,0.177860,0.208449,0.175355,0.142530,0.044631,0.064365,0.080845,-0.007601,0.190234,-0.048040,0.201337,0.198351,0.147884,0.025600,0.197386,0.258285,0.126040,0.178181,0.101491,0.192061,0.186108,0.131875,0.258286,0.048867,0.246601,0.078019,0.198524,0.027192,0.237497,0.193517,0.125906,0.291609,0.075114,0.182243,0.173645,0.404382,0.169506,0.325033,0.158206,0.074691,0.087650,0.171605,0.081646,0.255377,0.146256,0.296286,0.291282,0.346276,0.141634,0.196908,0.334361,0.071574,0.305480,0.267447,0.042058,0.179936,0.184905,0.234607,-0.005694,0.014799,0.123263,0.150924,0.256963,0.022096,0.091749,0.231793,0.030243,0.199915,0.249340,0.208449,0.261297,0.210241,0.207291,0.020007,0.191773,0.180854,0.239666,0.301134,0.173539,0.063516,0.091977,0.348535,0.136893,0.273398,0.260685,0.353325,0.181499,-0.024149,0.128746,0.287129,0.236387,0.143957,0.234118,0.236169,0.005823,0.078156,-0.042556,0.283023,0.234593,0.088894,0.113755,0.133632,0.088093,0.329867,0.171490,0.115593,0.202077,0.239629,0.159304,0.023895,0.079370,0.363730,0.218708,0.192052,0.260190,0.182861,0.212610,0.079278,0.083214,0.171497,0.107997,0.128406,0.291365,0.236571,0.290221,-0.013490,0.212162,0.264278,0.216613,0.037720,0.371176,0.064600,0.306584,0.213382,0.089001,0.064662,0.029542,0.143514,0.164999,0.164923,0.286750,0.185818,0.086192,0.132501,0.158001,0.154879,0.136125,0.227890,-0.107580,0.104814,0.212746,0.223012,0.180433,0.208299,0.236128,0.238415,0.125910,0.009818,0.213080,0.107163,0.212100,0.191708,0.136877,0.199186,0.180032,0.061895,0.144662,0.250851,0.209613,#
14,0.274847,0.008763,0.043862,0.145334,0.040378,0.193236,0.033485,0.253091,0.338859,0.224299,0.217483,-0.054531,0.171382,0.270385,1.000000,0.241245,0.121909,0.105648,0.196917,0.383296,0.167599,0.005634,0.186466,0.311108,0.073863,0.039172,0.274082,0.247393,0.141892,0.204692,-0.005338,0.151677,0.113106,0.048663,0.203176,0.157994,0.086728,0.146232,0.097967,0.283097,0.169287,0.066761,0.219264,-0.065879,0.147491,0.307595,0.151059,0.017282,0.090094,0.188970,0.245500,0.125375,0.198999,0.290219,0.296195,0.249941,0.231662,0.087667,0.039974,0.041088,0.249618,0.254279,0.135239,0.069454,0.229132,0.016133,0.257843,0.092576,0.136053,0.178186,0.026291,0.045481,0.116509,0.243630,0.165867,0.161073,0.155943,0.136926,0.109190,0.187009,0.238077,0.174415,0.138776,0.159975,0.186049,0.215490,-0.021653,0.069477,0.098158,0.069871,0.125581,0.151097,0.184180,0.133794,0.239614,0.087101,0.199559,0.057477,0.079965,0.066105,0.197515,0.175651,0.102297,0.246943,0.155054,0.128560,0.313799,0.269232,0.058292,0.168601,0.003052,-0.041377,0.134409,0.100319,0.188625,0.128358,0.095751,0.134757,0.167158,0.154424,0.412615,0.277447,-0.006053,0.100258,0.180595,0.078114,0.155151,0.117835,-0.016803,0.279154,0.141966,0.053781,0.124297,-0.042292,0.138039,0.043280,0.045069,0.179493,-0.025720,-0.006167,0.245149,0.230917,0.257715,0.068855,0.018680,0.276404,0.123309,0.144931,-0.036741,0.052980,0.164288,0.106805,-0.033248,0.178451,0.163811,0.204919,0.258846,0.075502,0.121992,0.137499,0.034261,0.182210,0.049641,0.102131,0.188249,0.033455,0.130405,0.049251,0.092809,0.180357,0.217903,0.255031,0.224348,0.118329,0.019160,0.069461,0.316338,0.265823,0.258220,0.088611,0.050944,0.166022,0.193952,0.177488,0.158816,0.134016,0.158086,-0.051113,0.015354,0.181405,0.096240,0.157384,0.157477,0.190254,0.198574,-0.062765,-0.097358,0.088408,0.238881,0.127507,#
15,0.152653,-0.016209,0.233660,0.203580,0.069410,0.067257,0.163264,0.159679,0.192278,0.232887,0.108655,0.073984,0.108719,0.091281,0.241245,1.000000,0.228884,0.268149,0.148236,0.150019,0.106496,0.124567,0.185660,0.265901,0.085493,0.291851,0.219994,0.164597,0.159482,0.247472,0.058059,0.212690,0.118537,0.197025,0.155679,0.008142,0.050008,0.081867,0.157441,0.068108,0.125995,0.196428,0.154238,0.148507,0.158027,0.167620,-0.084878,0.087102,0.009559,0.296213,-0.037637,0.225542,0.153611,0.158523,0.122716,0.187840,0.139204,0.136618,0.186582,0.194222,0.149487,-0.046116,0.236069,-0.043582,0.170773,0.163483,0.135563,0.169625,0.105388,0.043914,0.251493,0.151075,0.118487,0.152120,0.171962,0.180971,0.013144,0.192824,0.032662,0.210582,0.228219,0.106115,0.000496,0.197263,0.195725,0.120954,0.073641,0.191571,0.214456,0.228941,0.018144,0.185341,0.124178,0.214251,0.066269,0.107958,0.329139,0.033508,0.065864,0.018323,0.231962,0.106701,0.061154,0.160589,0.006924,0.083317,0.175057,0.141187,0.014673,0.181458,0.072316,0.170583,0.089639,0.011144,0.106041,0.269927,0.108775,-0.099048,0.072854,0.010519,0.284987,0.260992,0.101538,0.255468,0.201476,0.060587,0.096554,0.187260,0.068652,0.180745,0.080982,0.231200,0.130144,0.119360,0.153370,0.205887,-0.003682,0.080394,0.015085,-0.056301,0.055142,0.276639,0.150191,0.060806,0.174589,0.046659,0.083749,0.237288,0.276003,0.121178,0.125279,-0.069831,0.077963,0.353137,0.051697,0.343431,0.129040,0.084889,0.193989,0.155670,-0.004244,0.096876,0.241608,0.101174,0.159566,0.192986,0.178399,0.089968,0.135320,0.051362,-0.010998,0.112214,0.125013,-0.059292,0.151302,0.095272,0.278715,0.080660,-0.091573,0.116176,0.234732,0.118743,0.153694,0.278689,0.007640,0.135285,0.046149,0.101556,0.022379,0.068110,-0.017886,0.099120,0.183369,0.101701,0.128931,0.043272,0.053196,0.190698,0.093450,-0.123213,#
16,0.111137,0.112948,0.098758,0.200797,0.024013,0.044603,0.091712,0.078190,-0.034677,0.001179,0.084916,0.076692,0.308206,0.209176,0.121909,0.228884,1.000000,0.147741,0.135727,0.326690,0.190425,0.166652,0.114648,0.072433,-0.103144,0.198070,0.119523,0.043878,0.030742,0.297394,0.060132,0.233330,0.006739,0.303413,0.113981,0.163612,0.154379,0.035785,0.140585,0.047712,-0.006366,0.115661,0.117075,0.130182,0.114566,0.305489,0.043373,0.038316,0.092252,0.047827,0.085119,0.147205,0.274146,0.149308,0.094282,0.062938,0.006421,0.055036,0.055172,-0.084840,0.039594,0.245334,0.281970,0.246371,0.263469,0.071854,0.130331,0.315326,0.021631,0.203392,-0.043650,0.269232,0.267079,-0.022494,0.065138,0.163460,0.056856,0.213969,0.109871,0.051485,0.044980,0.085115,0.005059,0.125388,0.151992,0.102776,0.161506,0.144522,0.151873,-0.004416,0.042497,0.210049,0.077230,0.090863,0.053980,0.035798,0.205461,-0.042798,0.067899,0.149168,0.136229,-0.007999,-0.083852,0.037443,0.092422,0.081322,0.191620,0.043425,-0.044694,0.154418,0.123414,0.087203,0.114254,0.090266,0.121181,0.228472,0.092395,0.044635,-0.070342,0.271378,0.178791,0.164949,0.112694,0.233620,0.203654,-0.135114,0.128906,-0.060021,0.073865,0.178716,0.050106,0.011628,0.257957,-0.128541,0.300208,0.231083,-0.081743,0.248152,0.097075,0.176076,0.007922,0.082711,0.071208,0.102042,0.167830,0.079719,0.044489,0.167436,0.197916,0.036496,-0.126411,0.188953,-0.013055,0.043612,0.186799,0.144621,0.006971,0.030669,0.096559,0.137824,-0.012774,0.269321,0.191959,0.228584,0.093354,0.065022,0.168807,0.009622,-0.001629,0.072554,0.015289,0.038739,0.052924,0.002934,0.097924,0.176328,0.010137,0.081223,0.119341,0.032558,0.042293,0.138624,0.184506,-0.027852,-0.017479,0.164589,0.200135,0.123071,0.040365,0.076895,0.237904,-0.084330,-0.024023,0.061876,0.177351,0.242870,-0.072797,0.160453,-0.017242,0.035687,#
17,0.217447,0.166928,0.092236,0.279970,0.201042,0.182491,0.090535,0.301591,0.197188,0.088215,0.175684,0.285162,0.149833,0.056892,0.105648,0.268149,0.147741,1.000000,0.091836,0.192917,0.283192,0.122551,0.062784,0.257238,0.010225,0.156970,0.112821,0.114019,0.019348,0.231084,0.148747,0.117640,0.351705,0.167713,0.074300,0.199928,0.016878,0.176039,0.241200,0.066969,0.223229,0.159987,0.042211,0.240795,0.059371,0.245141,0.215240,0.019459,0.138669,0.094721,0.158487,0.141982,0.039137,0.218232,0.101551,0.184834,0.244440,0.142411,0.005843,-0.008449,0.194013,0.091992,0.175775,0.035729,0.198832,0.256902,0.269989,0.215592,0.155129,0.254609,0.086219,0.224838,0.221537,0.083898,0.142011,0.271009,0.079053,0.178467,0.055822,0.252327,0.108801,0.200916,0.295308,0.049166,0.134029,-0.114287,0.198928,0.193546,0.178126,0.163166,0.028264,0.081686,0.192671,0.195487,0.040416,0.215034,0.150070,0.227151,0.208142,0.154993,0.168008,-0.009904,0.096932,0.201593,0.047973,0.213623,0.188976,0.196935,0.137325,-0.014041,0.200599,0.144514,0.127342,0.305293,0.117270,0.241668,0.058197,0.051531,0.011430,0.075079,0.046434,0.270130,0.154442,0.273120,0.399398,0.067745,0.115044,0.152199,0.110569,0.143803,0.143089,0.200279,0.263090,0.101567,0.180119,0.328392,0.150186,0.247558,0.086121,0.215737,0.181228,0.192826,0.064525,0.176613,0.217963,0.219575,0.031880,0.075462,0.041033,0.010841,0.148438,-0.038896,-0.020837,0.237485,0.265961,0.298504,0.139949,0.047403,0.329077,0.224206,0.093357,0.253748,0.228281,0.206277,0.142995,0.222630,0.143059,0.163211,0.172641,0.026537,0.265315,0.077946,0.056373,0.020484,0.176355,0.071809,0.258005,0.134250,-0.152836,0.237066,0.064740,0.236926,0.259073,0.144997,-0.029667,0.122255,0.155633,0.063244,0.168591,0.193602,0.177029,0.258830,0.242929,0.114608,0.366832,0.143510,0.099759,0.168198,0.045133,0.158445,#
18,0.261325,-0.051800,0.064736,0.265280,0.136239,0.040601,0.131036,-0.012024,0.096778,-0.070143,0.151105,0.095333,0.197661,0.138708,0.196917,0.148236,0.135727,0.091836,1.000000,0.116597,0.210657,0.134602,-0.017877,0.358856,0.154195,0.116026,0.139376,0.273698,0.124588,0.107602,0.062627,-0.018897,0.204506,0.084386,0.228401,0.258027,0.207426,0.069681,0.106729,0.325668,0.104698,0.190063,0.162887,0.181422,0.106369,0.088103,0.048557,0.003086,-0.036705,0.269120,0.208823,-0.008217,0.168877,0.165525,0.093398,0.165106,0.165710,0.085838,-0.022439,-0.028754,0.062336,0.068717,0.216758,0.110121,0.148770,0.112506,0.297411,0.194754,-0.013703,-0.013350,-0.019849,0.018611,0.063522,-0.040381,0.058644,0.161930,0.080986,0.183146,0.142572,0.110648,0.235509,0.005205,0.128650,0.210110,0.107035,-0.058931,0.224715,0.034833,0.196335,0.105501,0.221508,0.042135,0.089647,0.190499,0.077351,0.280252,0.330007,0.085891,0.147384,0.235994,0.042290,0.192324,0.187787,0.163567,0.274876,0.140443,0.143223,0.112209,0.135809,0.148479,0.249370,0.239326,0.162872,0.074203,0.054043,0.092082,0.086946,-0.164766,0.080004,0.147372,0.151174,0.171037,0.106551,0.011144,0.119793,0.001845,0.214896,0.098411,0.188430,0.138971,0.174673,0.221127,0.084979,0.133126,0.157368,-0.070253,0.018664,0.221683,0.037728,0.150279,0.152812,0.054335,0.159562,0.089413,0.154786,0.186023,0.040793,0.066381,0.012912,0.022975,0.038073,0.147781,0.062664,0.105679,0.139388,0.218999,0.238025,0.058466,-0.021085,0.324530,0.180848,0.170918,0.178658,0.130528,0.104579,0.201460,0.183792,0.111087,0.035280,0.205013,-0.053173,0.090952,0.183607,0.100714,-0.031915,0.274853,0.258498,0.194286,0.244438,-0.075050,0.103269,0.093415,0.235295,0.023198,0.141280,0.025744,0.285849,0.167025,0.057951,0.090190,0.103471,0.215024,0.224817,0.055014,0.144975,0.008303,0.078161,0.226481,0.261001,0.047807,#
19,0.238355,0.090782,0.139772,0.184457,0.300122,0.160091,0.016565,0.104146,0.176634,0.293603,0.192658,-0.081310,0.295193,0.263185,0.383296,0.150019,0.326690,0.192917,0.116597,1.000000,0.232479,0.119028,0.168755,0.174280,0.021095,0.343039,0.293656,0.179450,0.155137,0.288593,0.067806,0.236546,0.169760,0.155723,0.195901,0.323074,0.036541,0.004683,0.258346,0.159928,0.172278,0.241364,0.041998,0.049578,0.121156,0.309129,0.244861,0.273005,0.044248,0.270319,0.240459,0.148648,0.091515,0.338223,0.206061,0.337833,0.205649,0.141599,0.129712,0.088434,0.182160,0.255447,0.214507,0.256625,0.308461,0.081733,0.159735,0.229460,0.086873,0.243307,0.174674,0.182843,0.180356,0.084143,0.243451,0.404309,0.130481,0.306520,0.315462,0.146867,0.288834,0.287334,0.197516,0.158811,0.344600,0.044817,0.130176,0.187158,0.191539,0.045811,0.017767,0.193681,0.258540,0.156996,0.074578,0.277763,0.289589,0.207092,-0.009656,0.099497,0.132563,0.160260,0.252650,0.224430,0.320463,0.294158,0.123962,0.376419,0.026303,0.068908,0.144662,0.155913,0.179061,0.270530,0.239135,0.150150,0.240769,0.257383,0.194118,-0.030420,0.412994,0.360042,0.229940,0.291634,0.352597,0.055136,0.260449,0.173991,0.017217,0.298668,0.118050,-0.016044,0.224271,0.086032,0.239841,0.188217,0.100300,0.381979,0.190624,0.079752,0.090497,0.303474,0.288400,0.124412,0.109404,0.233898,0.086203,0.230274,0.177224,0.006279,0.169742,0.244539,0.132690,0.299053,0.287428,0.165228,0.202743,-0.006164,0.160043,0.107455,0.294107,0.257809,0.241223,0.244844,0.240976,0.140552,0.101793,0.110585,0.228891,0.121895,0.167832,0.221678,0.300620,0.166170,0.062901,0.126938,0.294663,0.216147,0.161470,0.051281,0.054703,0.216218,0.320402,0.199145,0.159458,0.176534,0.197247,0.182889,0.152551,0.165433,0.389121,0.211184,-0.008274,0.160251,0.267017,0.116405,0.088188,0.168050,0.251704,0.325539,#
20,0.148015,0.077292,0.280321,0.233421,0.319648,0.175141,0.202030,0.089731,0.185584,0.069512,0.081076,0.103728,0.090776,0.211608,0.167599,0.106496,0.190425,0.283192,0.210657,0.232479,1.000000,0.170271,0.062878,0.231894,0.233366,0.282818,0.135785,0.190269,0.075065,0.215422,0.036537,0.011893,0.170949,0.165437,0.073724,0.123297,0.233058,0.116180,0.122735,0.193934,0.224244,0.330831,0.045106,-0.027344,0.213577,0.244609,0.328778,0.077422,0.094817,0.119555,0.004696,0.195667,0.073782,0.305151,0.192873,0.137937,0.196991,0.192578,0.110814,-0.037841,0.152290,0.161934,0.263977,0.103703,0.153504,0.107593,0.189545,0.186097,0.317416,0.208813,0.175406,0.263041,0.293748,0.138267,0.010760,0.025738,0.120160,0.334921,0.187935,0.103577,0.206435,0.161489,0.264044,-0.008433,0.240769,0.126979,0.154386,0.147831,0.299754,0.114904,0.127183,0.253199,0.186746,0.251343,0.214201,0.175003,0.216359,0.269702,0.180972,0.025652,0.191440,0.066628,0.164535,0.141094,0.094563,0.180575,0.104101,0.193769,0.099163,0.221638,0.277260,0.298051,0.136334,0.203779,0.112204,0.328009,0.254402,0.086878,-0.062530,0.183003,0.079151,0.250785,0.055635,0.059602,0.222572,0.009734,0.231438,0.162646,0.210941,0.180673,0.158488,0.138618,0.206725,0.022877,0.260537,0.134967,0.217437,0.233252,0.131793,0.101428,0.241150,0.145166,0.152995,0.197709,0.241794,0.156309,-0.007213,0.177369,0.216653,0.113862,0.193188,0.140484,-0.010433,0.170163,0.220712,0.141388,0.098093,0.004201,0.088552,0.337648,0.176221,0.294252,0.196498,0.153871,0.225471,0.119764,-0.044717,0.235437,0.064717,0.051892,0.183076,0.079991,0.037631,0.066948,0.088945,0.182718,0.106554,0.149148,0.252383,0.156015,0.027873,0.164013,0.126709,0.168743,0.155324,-0.072391,0.224022,0.115703,0.140961,0.328601,0.069306,0.252224,0.167176,0.146970,0.263912,0.203044,0.067764,0.221525,0.172480,0.252838,#
