0,1.000000,0.047991,0.134217,0.162262,0.186980,0.001639,-0.029782,-0.092605,0.119826,0.047800,0.088635,-0.016550,0.061450,-0.071956,0.163552,0.218984,0.176018,0.188222,0.234980,0.232572,0.086277,0.064099,0.169838,0.274032,0.100297,0.080862,0.135673,-0.015723,0.017238,0.192574,0.044468,0.122174,0.014652,0.114600,0.141948,0.096398,0.149274,-0.032046,0.175769,0.154750,0.138155,0.108256,0.251139,-0.003259,0.009351,0.022539,0.001876,0.245560,0.201069,0.276064,0.110072,0.024256,0.078758,0.201711,0.191382,0.111025,0.182797,0.073136,-0.028941,-0.007506,0.130879,0.044582,0.239025,-0.000880,0.000669,-0.049252,-0.010505,0.133747,0.083613,0.140438,0.127120,-0.030346,0.192084,0.205658,0.025994,-0.197071,0.221396,0.156256,0.109410,-0.010767,0.015477,-0.051222,0.056190,0.174328,0.288021,0.010422,0.245770,0.224853,0.141036,0.128249,0.171169,0.021998,0.157415,0.100587,0.162489,0.277631,0.203493,-0.042966,0.023012,0.182081,0.189883,0.138485,-0.042021,0.168443,0.144770,0.111222,0.260234,0.090205,0.197648,-0.041323,-0.024362,0.074355,-0.050746,0.183337,0.094221,0.023908,-0.003869,0.014170,0.020455,-0.060843,0.146262,0.134732,0.233423,0.062779,0.152012,0.168991,0.130528,-0.076052,0.116953,0.166071,0.214230,0.003034,0.067599,0.058075,0.082333,0.087465,0.153804,0.110023,-0.081824,0.123036,0.210011,0.080161,0.040539,-0.003685,0.068542,0.103660,0.074707,0.094736,0.235342,0.060054,-0.132754,0.114349,0.160152,-0.084159,0.183075,0.176673,0.151254,0.100337,0.044769,0.196089,0.131749,0.208578,-0.057579,-0.039507,0.070698,0.212041,0.016868,0.188053,0.199069,0.045449,0.030092,-0.066990,0.096673,0.160373,-0.057492,0.178864,0.252027,0.154480,0.060043,-0.007749,0.046242,0.171021,0.034125,0.067320,0.096037,-0.066907,0.153053,0.265295,0.241221,-0.003592,0.064688,0.194601,0.014640,0.132055,0.220698,0.148856,-0.054871,0.094054,0.239004,0.146206,#
1,0.047991,1.000000,0.191260,0.118642,0.111311,0.094527,0.257931,0.145248,0.284082,0.073853,0.260591,0.220143,0.048427,0.080336,-0.022448,0.001126,0.083053,0.149421,-0.019118,0.210608,-0.015166,0.174463,0.074168,-0.034651,0.061168,0.143538,0.131985,0.218840,-0.217426,0.166089,0.130409,0.046367,-0.053197,0.108711,-0.027797,0.242744,0.040590,-0.041547,0.237022,0.108377,-0.031956,0.093614,0.248665,0.079270,0.013801,0.134138,0.327542,0.144418,0.167296,0.024863,0.152810,0.072245,0.264284,0.211665,0.091194,0.203640,0.029711,-0.057623,-0.079300,0.105813,0.073952,0.055789,0.210668,-0.002229,-0.026226,0.152278,0.069472,0.148303,0.128823,0.274366,0.174528,0.118267,0.240617,0.063874,0.146846,0.101879,0.081760,0.127455,0.288157,0.116255,0.096556,0.201086,0.082218,0.099023,0.197314,-0.180223,0.142640,0.154554,0.115340,-0.018457,0.083363,0.149528,-0.064774,0.085806,-0.034684,0.090362,0.044810,-0.002808,-0.011833,0.091528,0.213602,0.040309,0.122606,0.041720,0.017154,0.071593,0.200122,0.258985,0.108403,0.094419,0.112098,0.122080,0.004624,0.088277,0.229539,0.289210,0.114936,0.043622,0.019727,0.033130,-0.092038,0.138618,0.169888,0.144584,0.105624,0.112854,0.123969,0.137239,0.161014,0.135437,-0.000679,0.092181,0.051999,0.189552,0.244863,0.113471,0.159165,0.213123,0.138176,0.184397,0.081474,0.030471,0.114261,0.181566,0.237702,0.054426,0.095481,0.000255,0.093555,-0.030258,0.168589,0.091351,-0.025032,-0.070107,0.213949,0.236590,-0.049801,0.073103,-0.081508,-0.104501,-0.029892,0.166634,0.207561,0.215085,0.165106,0.083541,0.021924,-0.082663,0.101446,0.293806,0.175195,0.210313,0.064838,0.054018,0.088238,0.124033,0.096451,0.127087,0.119731,0.019798,0.100566,0.046566,0.166356,-0.050723,0.228168,0.072062,0.079245,-0.113002,0.149715,0.231172,0.207029,0.147539,-0.137861,0.146040,0.155541,0.076108,-0.116258,0.181650,0.036170,0.307575,#
2,0.134217,0.191260,1.000000,0.152991,0.197580,0.068562,0.188963,0.170810,0.101760,0.095061,0.275563,0.285380,0.040838,0.218253,-0.051481,0.186862,0.045567,0.052042,0.049871,0.125816,0.241231,0.210503,-0.008304,0.034249,0.145312,0.265038,0.228234,0.134473,-0.029342,0.204792,0.014690,-0.062658,-0.010976,0.023410,0.047651,0.106211,0.136808,-0.103357,0.142026,-0.010438,0.189947,0.131543,0.324907,-0.006516,0.055515,0.048339,0.117357,0.111245,0.094006,0.106436,0.165105,0.205476,0.111507,0.071553,0.023657,0.076680,0.100690,-0.008095,0.132627,0.190849,0.286581,-0.072893,-0.016067,0.194295,0.260976,0.132681,0.135070,0.071282,0.188624,0.189290,0.092271,0.192232,0.020908,0.122310,0.205359,0.084433,0.097167,0.118671,0.165420,-0.004377,0.173584,-0.063538,-0.009043,-0.014725,0.161405,0.044617,0.224739,0.221127,0.136878,-0.013489,0.068074,0.211379,0.182482,0.230454,0.025114,0.196056,0.221108,-0.012708,0.157473,0.087300,0.155621,0.076360,-0.025709,0.216106,0.042106,0.146670,0.200132,0.208875,0.199751,0.184478,0.133328,0.150811,0.172308,0.072323,0.139578,0.235218,0.156480,0.102003,-0.222932,0.059255,0.161559,0.040816,0.033113,0.073149,0.101237,0.026367,0.189765,0.062934,0.191823,0.173797,0.059030,0.194430,0.147348,0.116848,0.297466,0.164232,0.176320,0.088673,0.040824,-0.008300,0.151674,0.079200,0.203303,0.046249,0.325318,0.094607,-0.074808,0.087004,0.174727,0.008991,0.078418,0.149152,0.194034,0.122070,0.108247,0.021675,0.080831,-0.038494,0.090877,0.123238,0.031385,0.282821,0.159427,0.193546,0.111883,0.125722,0.107800,-0.036014,-0.002175,0.073951,-0.019459,0.285484,0.084599,0.049485,0.095909,0.045856,0.189832,0.139476,-0.128092,0.047372,0.172281,0.105193,-0.017639,0.268674,0.075384,0.132656,0.083217,-0.052516,0.200888,0.025388,0.035307,0.165154,0.229972,0.083879,0.173794,0.053921,-0.136686,0.201912,0.260443,0.246795,#
3,0.162262,0.118642,0.152991,1.000000,0.138877,0.116944,0.229941,0.120752,0.294420,0.119266,0.257837,0.178355,0.083138,0.018960,0.191615,0.080382,0.078207,0.160535,0.242998,0.193068,0.162326,0.118858,0.158528,0.334404,0.162522,0.239794,0.188071,0.145384,0.158702,0.247802,0.135700,0.168855,0.332955,0.206421,-0.011385,0.141071,0.136898,0.182589,0.353714,0.117242,0.068817,0.305716,0.218336,0.256857,-0.022072,0.082334,0.082120,0.191182,0.018747,0.178224,0.158980,0.177273,0.187264,0.027871,0.106985,0.242946,0.193636,0.038425,0.072857,0.163445,0.147314,0.001934,0.106016,0.065714,0.308396,0.097911,0.057964,0.026343,-0.004581,0.261681,0.113700,0.129662,0.217732,0.093048,0.136487,0.137737,0.160148,0.142455,0.189816,0.049980,0.321251,0.128761,0.143838,0.087405,0.304730,0.043919,0.124122,0.127258,0.198434,0.147961,0.248626,0.194477,0.149792,0.187556,0.080059,0.148652,0.209289,-0.091137,0.174051,0.171389,0.280396,0.053875,0.049837,0.072435,0.332242,0.064379,0.239231,0.247080,0.073951,0.102546,0.140273,0.022766,0.107319,0.125878,0.086711,0.063460,0.115213,0.119655,0.048510,0.078370,0.172928,0.132962,0.097105,0.217837,0.046459,0.119204,0.217023,0.281707,-0.000129,0.255201,0.264340,0.197269,0.232439,0.164099,0.176986,0.193392,-0.053083,0.165944,0.175940,0.136795,0.203594,0.252438,0.191071,0.155007,0.102169,0.090577,0.271010,0.285197,0.105221,0.097740,-0.015054,0.004187,0.051214,0.163818,0.214274,0.109041,0.100015,0.087852,0.175371,0.153508,0.177888,0.205907,0.234332,0.264487,0.131605,0.073503,0.105842,0.084259,0.065377,0.066584,0.157486,-0.021036,0.021290,-0.004151,-0.019337,0.196379,0.246085,0.201648,0.047068,0.097334,0.090347,0.280683,0.183735,-0.028622,0.039697,0.016434,0.172487,0.125493,0.060089,0.145048,0.106716,0.110160,0.238161,0.138444,0.184820,0.135273,0.213713,0.208508,0.172241,0.098266,#
4,0.186980,0.111311,0.197580,0.138877,1.000000,0.258305,0.014794,0.138857,0.283151,0.119307,0.023029,0.087866,0.157397,0.065429,0.123216,0.138458,0.039732,0.165660,0.149063,0.373844,0.350770,0.063862,0.146618,0.211097,0.111200,0.289861,0.101700,0.054792,0.154276,0.091922,0.086748,0.104582,0.116036,0.076333,0.050594,0.232178,0.384712,0.007498,0.196063,0.152208,0.045803,0.348459,0.145290,0.082628,0.331051,0.155535,0.336635,0.149418,0.124847,0.120640,0.056628,0.141681,0.116402,0.238206,0.275462,0.319147,0.149153,0.107466,0.140980,0.059105,0.238109,0.172017,0.088967,-0.039646,0.120649,0.011762,0.062432,0.134607,0.000766,0.153715,0.234693,0.198932,0.184541,0.126713,0.081127,-0.029024,0.122908,0.183546,0.257276,0.081817,0.249182,0.163802,-0.005499,0.035294,0.415384,0.076671,0.164459,0.196031,0.129822,0.175998,0.280595,0.050704,0.147347,0.113041,0.122414,0.275519,0.128591,0.058132,-0.018952,0.090491,0.143174,0.014340,0.178427,0.188853,0.135193,0.136495,0.077879,0.242561,0.095340,0.199677,0.235282,0.217753,0.182223,0.242925,0.097444,-0.011515,0.171997,0.010854,-0.039409,0.032968,0.084609,0.064410,0.145814,0.011342,0.290487,0.017305,0.288022,0.072877,0.246467,0.130887,0.262956,-0.005236,0.195421,0.221293,0.284057,0.168727,0.021516,0.075119,0.212860,0.121450,0.276157,-0.000788,0.244939,0.053918,0.207010,0.250113,0.098879,0.291336,0.137004,0.059060,0.084432,0.124024,0.218664,0.321093,0.222879,0.078831,0.298878,0.157780,-0.034156,0.161714,0.168854,0.098903,-0.053577,0.071909,-0.118522,0.133476,-0.008322,0.066550,0.068523,0.082499,-0.100346,0.028645,0.399561,0.231145,0.143659,0.177468,0.264779,0.257559,0.109953,0.137683,0.091026,-0.004426,0.167731,0.105909,0.127892,0.094814,-0.085363,0.191504,0.181852,0.287307,0.003329,0.124639,0.000886,0.073355,0.219974,0.249043,0.011687,0.227441,0.201832,0.345947,#
5,0.001639,0.094527,0.068562,0.116944,0.258305,1.000000,0.046587,0.179263,0.242972,0.167843,0.153230,0.073944,0.272340,0.142159,0.149905,0.023245,0.070701,0.085805,-0.055091,0.225202,0.065776,-0.086544,0.133120,0.125662,0.150125,0.125109,0.171979,0.203216,0.176319,0.127506,0.173456,0.162712,0.281767,0.134361,0.001642,0.191181,0.204476,-0.041403,0.137270,0.051213,0.206456,0.188917,0.121841,0.263932,0.087948,0.099892,0.193967,0.000151,0.212534,0.073968,0.154952,0.149129,0.062351,0.079764,0.067262,0.302656,0.047533,-0.105769,0.242723,0.079068,0.049565,0.155257,0.094320,0.013602,0.220716,0.065398,0.091656,0.056888,0.173690,-0.022428,0.100920,0.140437,0.201571,0.155565,0.043821,0.056689,0.148567,0.122627,0.252146,0.131464,0.163391,0.089298,0.183777,0.038272,0.065909,0.064078,0.134689,0.049385,0.120765,-0.065682,0.118142,0.161683,0.267409,0.236724,0.056220,0.254741,0.013494,0.102308,0.226826,0.074423,0.062445,0.128544,-0.138636,0.140118,0.062776,0.130053,0.146487,0.277854,0.097250,0.064724,0.151987,0.215990,0.049131,0.083024,0.222112,0.030662,0.083070,0.114068,0.016053,0.014887,0.016080,0.197329,0.030940,0.107851,-0.077743,-0.028954,0.091944,-0.090510,0.149774,0.100594,0.287878,0.119911,0.180100,0.178337,0.328390,0.288157,0.090786,0.136712,0.100383,-0.095491,0.140442,0.127658,0.168876,0.208323,0.272098,0.187662,0.138502,0.090967,0.068185,0.161465,0.146777,-0.006795,0.135491,0.131160,0.148218,0.160664,0.168031,0.079719,0.136482,-0.079893,0.148017,0.027763,0.159498,0.165152,0.074212,0.106211,-0.058780,0.143307,0.209648,0.194051,0.254413,0.207516,0.165660,0.110924,0.017529,0.116403,0.202347,0.202706,0.217085,-0.008191,0.180133,-0.028519,0.315856,0.105630,-0.001381,0.201679,0.144256,0.000749,0.042469,0.053272,0.037274,0.146587,0.030889,0.070694,0.126611,0.015664,-0.082854,0.271026,0.072230,0.276835,#
6,-0.029782,0.257931,0.188963,0.229941,0.014794,0.046587,1.000000,0.094866,0.217193,0.029912,0.070887,0.160628,0.091027,0.115216,-0.063022,0.095792,0.085002,0.060218,0.074228,0.030213,0.130406,0.174056,-0.043302,-0.073269,0.029822,0.182420,0.090976,0.123316,0.028843,0.268726,-0.002477,0.069767,-0.016872,0.107408,-0.108363,0.000564,0.027463,0.066105,0.089737,0.126711,-0.049491,0.009734,0.073954,0.085275,0.000323,0.035192,0.024000,0.003652,0.074463,-0.012395,-0.011321,0.056783,0.042783,0.131079,-0.004682,0.092016,-0.093241,-0.014371,0.099778,0.154334,0.156270,-0.057352,0.115725,0.053986,0.104205,0.325924,0.023644,0.187171,0.060696,0.072392,0.098005,0.094763,0.016025,0.121741,0.195825,0.083109,0.121148,0.118870,0.232934,-0.028880,0.087555,-0.027206,0.129099,-0.040971,0.164089,-0.006684,0.040623,0.167776,-0.087919,-0.040181,0.055438,0.067892,0.002988,0.009734,-0.007377,0.063256,0.142266,0.001100,0.065339,0.198516,0.083417,0.171473,0.006985,-0.042318,-0.155448,0.197951,0.050505,-0.007697,0.170160,0.140704,0.036159,0.135095,0.001928,-0.215785,0.057942,0.149706,0.232450,-0.092884,-0.011191,0.034801,0.090644,0.063583,-0.072312,0.142532,0.018762,0.092448,0.001526,0.066554,-0.051353,0.086534,0.104448,-0.039267,0.041677,-0.013493,0.175886,0.087902,0.009579,0.029090,0.137567,0.155877,0.030180,0.131570,-0.023680,0.095044,-0.027024,0.017677,0.170952,-0.026759,0.096456,-0.226005,0.212813,-0.018941,0.079465,-0.064049,0.236629,0.025258,0.017184,0.149910,-0.001597,-0.048904,-0.066167,0.225555,0.291673,0.168802,0.099946,0.105409,-0.037682,0.056255,0.039554,0.006197,-0.058402,0.021945,0.051628,-0.035670,0.114986,0.068800,-0.032540,0.088145,0.235506,-0.154802,0.024612,-0.020768,0.163477,0.152465,0.177734,0.153981,0.028439,0.066955,-0.002375,0.178914,0.014733,0.063764,0.065706,0.169313,-0.049156,-0.030871,0.086446,0.174296,0.037247,0.199643,#
7,-0.092605,0.145248,0.170810,0.120752,0.138857,0.179263,0.094866,1.000000,0.295164,0.083737,0.217670,0.329365,0.035983,0.084510,0.225322,0.064098,0.154162,0.281770,-0.007062,0.148087,0.117487,0.145010,0.163228,0.074255,0.144838,0.127422,0.164970,0.214772,-0.007753,0.147216,0.083166,-0.035489,0.098292,0.105394,-0.079390,0.110118,0.000106,-0.120962,0.224044,0.143620,0.057724,0.164999,0.047573,0.194654,0.223084,0.228235,0.149442,0.133315,0.132042,0.111538,0.233359,0.055836,0.000011,0.191968,0.059864,0.125096,0.166285,0.231080,0.152648,0.044788,0.232284,0.077027,0.080128,0.032545,0.259330,0.071092,0.103186,-0.038889,0.121670,0.347421,0.123133,0.033385,0.287226,0.127022,0.094844,0.095674,-0.031473,0.155088,0.184890,0.286356,0.270213,0.098781,0.144738,0.079815,0.114601,0.039299,0.092510,-0.032879,0.109527,0.166642,-0.002676,0.106650,0.144630,0.216403,-0.068914,-0.039208,-0.012161,0.102061,-0.016639,0.169709,0.130814,0.053178,0.037861,0.122288,-0.026633,0.189217,0.261683,0.137396,0.115243,0.225268,0.014056,0.063643,-0.037388,0.065248,0.406437,0.159982,-0.086444,-0.068466,-0.083293,0.265621,0.102017,0.183410,0.001778,0.174864,0.168208,0.088298,0.224177,0.206621,0.067240,0.052585,0.096561,0.065197,0.253873,0.048340,0.381530,0.228330,-0.156165,0.337405,0.111809,0.086416,0.180253,0.008462,0.084093,0.024440,0.189604,0.173030,0.171336,0.129501,0.131405,0.063348,0.143315,0.129843,0.073753,0.163214,0.000062,0.224245,0.151266,0.130481,0.129636,0.157499,0.028531,0.080140,0.207495,0.045303,-0.055520,0.270469,0.119281,-0.032331,0.037271,0.084496,0.112541,0.118045,0.225165,0.057542,0.190733,0.044367,0.063235,0.117938,-0.123596,0.216292,0.266979,0.090395,0.135679,0.170773,-0.126187,0.095559,-0.016140,-0.150155,0.088207,0.288761,0.181858,0.034008,0.125987,0.024254,0.109466,0.071521,-0.062510,0.190522,0.190307,0.160916,#
8,0.119826,0.284082,0.101760,0.294420,0.283151,0.242972,0.217193,0.295164,1.000000,0.211380,0.212798,0.201632,0.195635,0.093922,0.305374,0.141674,-0.008331,0.177140,0.121731,0.182242,0.068142,0.164242,0.181845,0.250025,0.062421,0.186749,0.083183,0.187518,0.055340,0.248093,0.028206,0.174801,0.057024,0.077898,0.066367,0.209495,0.210687,-0.052859,0.170399,0.074199,0.065737,0.222524,0.150877,0.155045,0.233007,0.138582,0.118227,0.101609,0.243704,0.161392,0.231859,0.333609,0.037936,0.346736,0.103951,0.375274,0.240527,0.233259,0.067861,0.216406,0.264599,0.142090,0.266296,-0.149070,0.198865,0.236726,0.141347,0.049180,0.268076,0.210804,0.236716,0.059010,0.214660,0.094452,0.218763,0.128720,0.174931,0.185876,0.228045,0.081730,0.279434,0.277375,0.131535,0.040679,0.315395,0.101921,0.160225,0.129699,0.088408,0.181192,0.126480,0.203058,0.124285,0.033211,0.297144,0.247638,0.257876,0.052877,0.179278,0.140394,0.191328,0.136200,0.128887,0.178064,0.203331,0.087768,0.182160,0.218593,0.036232,0.257441,0.061556,0.090739,-0.027540,0.168235,0.285795,0.240333,0.068983,0.059549,0.018977,0.217834,0.165495,0.194041,0.186685,0.147581,0.122230,0.198050,0.122376,0.261548,0.025313,0.284086,0.141399,-0.051740,0.276580,0.244259,0.301170,0.253982,0.012602,0.170662,0.223939,0.086712,0.222388,0.183891,0.307515,0.078793,0.090042,0.140258,0.271636,0.195398,0.190321,0.043312,0.281842,-0.015048,0.148708,0.204581,0.331059,0.379939,0.203823,0.274044,0.135905,0.160776,0.016396,0.124036,0.108926,0.205805,0.166167,0.212978,0.154502,-0.087067,0.211959,0.188064,0.132511,0.181945,0.126773,0.062316,0.192473,0.128225,0.094183,0.224029,0.172317,0.091014,0.204114,0.178619,0.109356,0.121775,0.094736,0.168393,0.025493,-0.013436,0.121830,0.259033,0.212469,0.083346,0.162123,0.109586,0.345025,0.062251,0.072158,0.151961,0.125712,0.103014,#
9,0.047800,0.073853,0.095061,0.119266,0.119307,0.167843,0.029912,0.083737,0.211380,1.000000,0.334302,-0.043073,0.065163,0.142545,0.118436,0.179918,-0.052451,0.051582,-0.082714,0.288957,0.017698,-0.039756,0.067821,0.104454,-0.060513,-0.006495,0.192820,0.133831,0.030645,0.091403,0.265836,0.016647,-0.037094,0.123101,0.214359,0.112825,-0.100960,0.101546,0.125907,-0.108124,0.304312,0.092820,0.127560,-0.083601,0.068962,0.132345,0.067512,0.065834,0.120028,0.099119,0.052729,0.229171,-0.091835,0.046306,0.048074,0.243178,0.086472,0.121956,0.160960,-0.038369,0.231548,0.050174,0.200675,-0.002788,0.243717,0.109300,0.015417,-0.048816,0.040386,-0.045780,0.278204,0.174064,0.068191,0.075696,0.084204,0.087970,-0.061606,-0.038237,0.229828,0.170964,0.126210,0.206539,-0.037331,-0.059822,0.208176,0.036720,0.114190,0.089499,-0.128048,-0.153376,0.024932,0.141247,0.131727,-0.079605,0.029832,0.115099,0.188271,0.158183,0.089465,-0.069774,0.114579,0.074450,0.252816,0.040088,0.320246,0.014749,0.147330,-0.028177,0.219378,-0.032655,-0.016243,0.081848,0.017537,0.254845,0.073774,0.049484,-0.100676,0.104223,0.083360,-0.073611,0.027308,0.218581,-0.013538,0.120379,-0.071244,0.095244,-0.132539,0.172395,0.117126,0.228792,0.102518,-0.040208,0.039143,0.182908,0.135688,0.128489,0.077329,0.243634,0.100313,-0.183052,-0.033049,0.103310,0.196393,0.059777,0.091441,0.129571,0.123553,0.197812,0.007275,0.261935,0.072622,-0.146645,0.285781,0.140047,0.209262,0.175023,0.130947,0.197604,0.218277,0.027774,0.114470,0.046666,0.000965,0.307209,0.063126,0.070775,0.035408,0.001696,0.289143,0.015500,0.106222,0.149877,0.032215,0.169529,0.114573,0.156528,0.131496,0.054762,-0.028074,0.031220,0.030430,-0.019673,0.179759,0.148965,0.001158,0.048647,-0.028283,-0.001087,0.277687,0.072371,0.105810,0.104117,-0.042768,0.138940,-0.016808,0.163807,0.033611,0.037351,0.111909,0.138717,#
10,0.088635,0.260591,0.275563,0.257837,0.023029,0.153230,0.070887,0.217670,0.212798,0.334302,1.000000,0.113227,-0.039845,0.095366,0.124626,0.070592,0.036727,0.111157,0.122545,0.172402,0.010461,0.014427,-0.106374,0.080054,0.061099,0.043168,0.117298,0.210766,-0.053214,0.177404,0.148764,0.105023,0.138551,0.066017,0.081139,0.142176,0.052159,-0.007013,0.291282,0.080519,0.178381,0.080573,0.070611,-0.061327,-0.059466,0.121568,0.176024,0.126771,0.135311,0.239279,0.103666,0.128624,0.065064,0.173542,-0.011143,0.250909,0.026040,-0.019128,0.019616,0.193438,0.033753,0.089375,0.114205,0.118124,0.305444,0.203869,0.186733,0.003885,0.096008,0.131459,0.100308,0.197377,0.171530,0.090376,0.080005,0.091718,0.075689,0.026297,0.116655,0.116368,0.256258,0.104219,0.204500,0.101563,0.345523,-0.105812,0.122362,0.119861,-0.002274,0.104165,0.006393,0.152493,0.123979,0.083232,0.055548,0.263986,0.112088,-0.055475,0.181758,0.049420,0.031408,0.051616,0.106335,-0.047727,0.173944,-0.091511,0.187046,0.292166,0.110618,0.042936,0.066448,0.127167,0.003274,0.096580,0.340203,0.294325,0.014707,0.033219,0.012705,0.071117,0.095854,0.280652,-0.048278,0.111501,-0.016694,0.014614,0.124558,0.175095,0.151433,0.181289,0.225837,0.049279,0.043376,0.086788,0.111465,0.105008,-0.055307,0.402046,0.073807,-0.097271,0.237793,0.058118,0.146380,0.056788,0.118007,0.049229,0.006057,-0.013149,0.022380,0.098536,0.079043,0.186959,0.190714,0.034640,0.196706,0.109909,0.228608,-0.133305,0.171968,0.048712,0.180432,0.027546,0.329011,0.192529,0.160269,0.134880,0.173253,0.045726,0.144347,0.253620,0.211000,0.165133,-0.025825,0.132359,0.088374,0.024130,0.120440,0.184892,-0.090076,0.063198,0.065102,0.048575,0.269599,0.006561,0.114049,0.117585,-0.004326,-0.196983,0.131462,0.178357,0.226036,0.093023,0.079850,0.049308,0.227694,-0.030075,-0.080291,0.162048,0.188524,0.345603,#
11,-0.016550,0.220143,0.285380,0.178355,0.087866,0.073944,0.160628,0.329365,0.201632,-0.043073,0.113227,1.000000,0.040934,0.088644,-0.083204,0.022723,0.051256,0.256595,0.119300,-0.092963,0.082267,0.181055,-0.083756,0.048930,0.204437,0.295667,-0.007014,0.243483,-0.182672,0.238912,0.123420,0.060821,0.058468,0.076533,0.111152,0.164099,0.194218,-0.055839,0.175050,0.230720,-0.084295,0.179135,0.291424,0.216381,0.057605,0.149837,0.100327,0.026119,0.143780,0.031080,0.083617,0.194045,0.028704,0.297896,-0.003642,-0.027754,0.022727,0.274732,0.110129,-0.037610,0.103692,-0.067056,0.218295,0.012080,0.071422,0.234158,0.128761,0.239302,0.134012,0.198437,0.041557,0.029758,0.253275,0.053397,-0.019589,0.077721,-0.006881,-0.018649,0.084465,0.110457,0.147393,0.086680,0.180141,0.061189,0.237658,-0.146203,0.053990,0.214431,0.122447,-0.014051,0.051423,0.189791,0.238753,0.413074,0.038155,0.131253,0.007820,0.019622,0.116689,0.206645,0.128341,0.113882,-0.046914,0.171755,-0.012835,0.256672,0.217821,0.233231,0.169555,0.083465,0.158407,0.089002,0.070915,0.127426,-0.013921,0.275158,0.055528,0.092081,-0.108154,0.115756,0.013980,0.098192,0.165730,0.115670,0.109343,0.014392,0.071198,0.198346,0.228171,0.082400,0.029018,0.179012,0.253031,0.181216,0.195563,0.082184,-0.262339,0.339304,0.024056,0.229597,0.106717,0.037124,0.119484,0.157105,0.190825,0.102316,0.157090,0.013650,-0.017443,0.004013,0.091799,0.263938,0.045235,0.128118,0.173210,0.197269,0.060133,-0.054832,0.119467,0.102710,0.112672,0.264231,0.024811,-0.008205,0.032257,0.060446,0.288878,0.055315,0.135074,0.137176,0.071550,-0.004678,-0.063789,-0.043589,0.113696,0.074658,0.113278,0.134808,-0.008489,0.049791,0.227007,0.090750,0.081915,-0.028904,-0.046875,0.081837,-0.030273,0.020084,0.052267,0.315749,0.071635,0.074772,0.228360,0.225313,0.303175,0.094207,0.073321,0.164452,0.095992,0.151437,#
12,0.061450,0.048427,0.040838,0.083138,0.157397,0.272340,0.091027,0.035983,0.195635,0.065163,-0.039845,0.040934,1.000000,0.061447,0.168215,0.049001,0.324754,0.200847,0.120040,0.254973,0.123794,0.117973,0.147569,0.249159,-0.006648,0.150579,0.189881,0.202620,0.040239,0.154117,-0.023178,0.196725,0.097922,0.074904,0.070215,0.308589,0.128487,-0.009698,0.102516,0.108983,0.146302,0.024514,0.184611,0.294228,0.286452,0.160160,0.238856,-0.091981,0.215482,0.071495,0.252137,0.090739,0.055175,0.249275,0.121751,0.203148,0.022557,0.132372,0.013491,-0.137709,0.088503,0.278248,0.013676,0.194483,0.305827,0.140111,0.046353,0.131924,0.173523,0.073670,0.078467,0.129583,0.178964,0.025119,0.235097,0.248552,0.131387,-0.022141,0.170812,0.052127,0.206926,0.101942,-0.065497,0.033565,0.103693,0.127072,0.109244,0.306926,0.228233,-0.012646,0.099774,0.105168,0.078148,0.214436,0.184981,0.183397,0.344592,0.177306,0.033321,0.097110,0.116094,0.158876,0.107711,0.132624,0.179249,0.036269,0.121393,0.006739,-0.017945,0.043861,0.302913,0.076536,0.093139,0.127186,0.116322,-0.050642,0.207468,-0.085984,0.087460,-0.063260,0.184863,0.104314,0.230971,0.197562,0.150254,-0.033721,0.191001,-0.038500,-0.029509,0.002837,0.187984,0.015016,0.150227,0.103054,0.217101,0.008952,0.190689,0.076006,0.263926,0.081316,0.126680,0.059848,0.160888,0.074979,0.024010,0.195613,-0.003727,0.180554,0.046056,0.090410,0.026085,0.190663,0.149687,0.118385,0.036151,0.218110,0.045971,-0.014321,0.033289,0.105754,0.068325,0.283549,0.161279,0.264697,0.169905,0.002994,0.222410,0.118858,0.075544,0.045377,0.151029,0.120491,0.077215,0.157240,0.220412,0.078003,0.177280,0.189701,0.139903,0.170731,0.136327,0.143052,0.159404,-0.002733,0.103460,0.080999,0.163494,0.214771,0.094125,0.000486,0.100091,-0.081779,0.059287,0.114546,0.006131,0.126928,0.095673,0.226318,0.180902,0.039750,#
13,-0.071956,0.080336,0.218253,0.018960,0.065429,0.142159,0.115216,0.084510,0.093922,0.142545,0.095366,0.088644,0.061447,1.000000,0.264478,0.031035,0.210631,-0.015364,0.139852,0.244652,0.153095,0.073311,-0.039409,0.117003,-0.041550,0.297047,0.273533,0.183331,0.078603,0.088505,0.170495,0.167842,0.176695,0.117951,0.233519,0.107997,0.042482,0.023372,-0.050008,0.139297,-0.045225,0.171822,0.154330,0.107768,0.114023,0.176976,0.185056,0.119215,0.113818,0.027477,0.169779,0.152338,0.029635,0.259164,-0.009048,0.222809,0.006901,0.132687,0.081550,0.170509,0.143579,0.103054,0.168289,0.074321,0.182331,0.072484,0.280787,0.224986,0.276482,0.090037,0.095355,0.065716,0.084515,-0.007327,0.248955,0.149704,0.228567,0.223675,0.254370,0.079453,0.176685,0.247619,0.034208,0.304409,0.182280,0.084494,0.214561,0.114359,0.172077,-0.041737,0.030893,0.061319,0.153148,0.255038,-0.038550,0.005466,0.210802,0.004335,0.162646,0.310871,0.132141,0.278733,0.147654,0.260649,0.076475,0.133867,0.118482,0.172391,0.265624,0.207301,-0.048999,0.140057,0.351590,0.095258,0.328122,0.175594,0.237473,0.107580,-0.094758,0.171913,0.256632,0.207825,0.180433,0.132112,0.195435,-0.122411,0.010144,-0.120595,0.155842,0.188751,0.078303,0.143825,0.073393,0.104150,0.285452,0.103116,0.074067,0.163148,0.237402,0.088026,-0.136921,0.079225,0.408249,0.257720,0.192098,0.249663,0.119722,0.173249,0.063958,0.063490,0.125722,0.129254,0.075277,0.222861,0.213732,0.273655,-0.003291,0.210706,0.164282,0.151958,-0.024474,0.324975,0.075164,0.313291,0.089516,0.043597,-0.000070,-0.061529,0.104547,0.055646,0.087256,0.299777,0.123119,0.071986,0.071373,0.113679,0.096380,0.131896,0.175861,-0.116221,0.177227,0.184776,0.161529,0.153172,0.185767,0.183662,0.189948,0.044814,-0.065375,0.161457,0.093699,0.138964,0.121422,0.136593,0.057411,0.122694,0.043832,0.055936,0.210444,0.110480,#
14,0.163552,-0.022448,-0.051481,0.191615,0.123216,0.149905,-0.063022,0.225322,0.305374,0.118436,0.124626,-0.083204,0.168215,0.264478,1.000000,0.227619,0.128595,0.113879,0.250645,0.267487,0.139545,0.003602,0.121014,0.304197,-0.018377,-0.005623,0.206413,0.211131,0.119745,0.107830,-0.040042,0.140745,0.048238,0.042474,0.215458,0.139676,0.056821,0.082521,0.050735,0.226014,0.078133,-0.035344,0.190708,0.025990,0.235876,0.213432,0.059858,0.003473,0.073853,0.211910,0.212632,0.022919,0.194717,0.248870,0.252091,0.251846,0.165193,0.024116,0.017202,0.077014,0.307823,0.136741,0.105591,-0.002871,0.118514,-0.046662,0.217255,0.102481,-0.006028,0.216735,0.126048,-0.016505,0.082689,0.247556,0.266451,0.094391,0.213995,0.108383,0.110161,0.115672,0.239251,0.143137,0.019791,0.175607,0.094776,0.144480,-0.005492,-0.000048,0.038714,0.047501,0.146330,0.123891,0.155929,0.129933,0.134719,0.065694,0.213678,0.033914,-0.010617,0.077874,0.192565,0.216074,0.089069,0.275464,0.173360,-0.041978,0.204350,0.101049,-0.056075,0.171406,-0.081328,-0.113016,-0.004490,0.167932,0.202222,0.055477,0.074112,-0.011893,0.052319,0.137156,0.274093,0.236564,-0.058325,0.004774,0.114283,0.018792,0.110123,0.115677,0.097492,0.284784,0.075190,0.037962,0.104199,0.019561,0.147267,0.132808,-0.131326,0.050565,0.062784,-0.012053,0.185163,0.171332,0.256307,0.150409,0.013887,0.351931,0.150506,0.157236,-0.069228,0.055437,0.138641,0.112536,-0.038915,0.096907,0.179614,0.229582,0.245501,0.119862,0.010485,0.170702,0.001365,0.132486,0.147775,0.148581,0.136521,0.044202,0.087107,-0.051601,0.071688,0.251476,0.146764,0.152519,0.160576,0.060634,0.109050,-0.023316,0.201459,0.241122,0.228532,0.099116,0.164347,0.134330,0.085721,0.111738,0.085611,0.040844,0.073082,-0.167296,0.017546,0.251537,0.034662,0.050463,0.080429,0.149366,0.076629,0.036832,-0.103179,0.084001,0.247167,0.045625,#
15,0.218984,0.001126,0.186862,0.080382,0.138458,0.023245,0.095792,0.064098,0.141674,0.179918,0.070592,0.022723,0.049001,0.031035,0.227619,1.000000,0.193254,0.206754,0.157241,0.167281,0.011531,0.048093,0.150472,0.236926,0.053845,0.232171,0.162857,0.078922,0.105779,0.164805,0.000218,0.132561,0.048682,0.163540,0.087767,0.018715,0.013906,-0.071895,0.136772,0.033064,0.085697,0.096096,0.190959,0.101157,0.139144,0.048486,-0.152053,0.072358,0.020063,0.215349,-0.121318,0.243648,0.091871,0.124298,0.135813,0.115831,0.092591,0.063684,0.187637,0.166638,0.144340,-0.089872,0.184764,-0.057108,0.101455,0.118275,0.055422,0.122178,0.054776,-0.052851,0.215569,0.060841,0.022765,0.110845,0.101986,0.023976,-0.047915,0.113979,-0.008691,0.110546,0.212819,-0.040894,-0.111397,0.249580,0.176137,0.069970,0.074296,0.194335,0.073989,0.130577,0.089067,0.109175,0.073430,0.064619,-0.024481,0.051587,0.306427,-0.010143,0.068843,0.113925,0.172544,0.069655,-0.064254,0.074830,-0.058710,0.001076,0.109519,0.090384,0.026373,0.115932,-0.036257,0.241941,0.026685,0.006426,0.070993,0.179236,-0.042695,-0.150540,-0.039851,-0.090834,0.182052,0.165805,0.105010,0.058221,0.134008,0.019967,0.053326,0.205345,0.007619,0.168401,-0.014030,0.079993,0.031666,0.087994,0.153259,0.144311,-0.062341,-0.061026,0.006022,-0.089483,-0.043144,0.159498,0.105205,0.056283,0.235460,0.055187,0.016586,0.147149,0.284753,0.020321,0.026566,-0.068594,0.022878,0.143453,0.009498,0.236394,0.116621,0.128273,0.073714,0.104370,0.004821,0.034960,0.207071,0.082880,0.076056,0.235924,0.114647,0.092127,0.155978,-0.005016,-0.068040,0.107682,0.041508,-0.039997,0.134610,-0.014466,0.291825,0.112669,-0.052536,0.103237,0.213876,-0.003360,0.072373,0.258250,0.010567,0.034261,-0.053412,0.112292,-0.011953,0.089078,-0.121193,0.070774,0.095027,0.018536,-0.039524,0.113320,0.029731,0.098649,0.072439,-0.122809,#
16,0.176018,0.083053,0.045567,0.078207,0.039732,0.070701,0.085002,0.154162,-0.008331,-0.052451,0.036727,0.051256,0.324754,0.210631,0.128595,0.193254,1.000000,0.091332,0.061891,0.413253,0.154285,0.144167,0.023452,0.073633,-0.059374,0.200785,0.186747,-0.029569,0.025223,0.350695,-0.005876,0.201421,-0.023950,0.258810,0.090064,0.159511,0.106645,-0.050672,0.165096,0.082067,-0.097210,0.077996,0.180971,0.159127,0.116056,0.289947,0.048537,0.018870,0.136533,0.062016,0.093570,0.119737,0.268496,0.231891,0.105342,0.071417,0.032032,0.013018,0.080888,-0.114823,0.033692,0.302967,0.201481,0.162942,0.173035,0.037756,-0.056133,0.348190,0.124594,0.191962,-0.067479,0.172235,0.280060,-0.000066,0.034150,0.121564,0.038935,0.278412,0.137079,0.058466,0.077940,-0.005498,-0.013963,0.209158,0.219188,0.105680,0.141928,0.184049,0.171598,-0.004443,0.105490,0.159856,0.132741,0.046828,0.050295,0.059225,0.219154,-0.006763,0.002423,0.205112,-0.017558,0.026909,-0.082900,0.024028,0.036518,0.130614,0.163355,0.083763,0.004018,0.117229,0.129275,0.066751,0.104608,0.085531,0.213403,0.154634,0.056581,0.023743,0.009312,0.173104,0.232493,0.211887,0.148148,0.175182,0.284770,-0.051176,0.156371,-0.071804,-0.003886,0.160888,0.097115,-0.080399,0.292243,-0.217292,0.318575,0.210131,-0.036323,0.205843,0.093495,0.176569,-0.028467,0.083274,0.085750,0.048572,0.216588,0.100121,0.019227,0.146487,0.271796,0.151749,-0.116732,0.250310,0.001453,0.096749,0.152372,0.140021,0.028926,0.128778,0.043144,0.122101,0.055499,0.242606,0.144681,0.183513,0.100496,0.043058,0.177952,0.071983,0.005325,0.005853,0.033156,0.073299,0.024526,0.028130,0.107742,0.117337,0.015083,0.092296,0.162756,-0.017531,0.072967,0.136677,0.084122,-0.091829,0.047092,0.141318,0.189673,0.163496,0.081978,0.124695,0.261880,-0.146193,-0.092964,0.073518,0.085742,0.261929,-0.049342,0.097470,-0.025602,0.071316,#
17,0.188222,0.149421,0.052042,0.160535,0.165660,0.085805,0.060218,0.281770,0.177140,0.051582,0.111157,0.256595,0.200847,-0.015364,0.113879,0.206754,0.091332,1.000000,0.060363,0.186390,0.233129,0.011849,0.075833,0.231709,-0.050244,0.159148,0.132005,0.008257,-0.004706,0.159430,0.143106,0.041886,0.238686,0.053543,0.087598,0.179510,-0.116568,0.036726,0.259435,0.097508,0.166326,0.092508,0.052973,0.195375,0.119542,0.220399,0.211329,0.029570,0.042379,0.058255,0.121268,0.101114,-0.021896,0.176018,0.115841,0.181217,0.236485,0.127438,0.059367,-0.038578,0.175689,0.137190,0.098854,0.054974,0.170134,0.197971,0.147194,0.229300,0.095001,0.152009,0.056630,0.256383,0.168217,-0.027714,0.069970,0.205729,-0.023524,0.044212,0.013509,0.235549,0.083692,0.091980,0.282877,0.103958,0.129543,-0.094281,0.203638,0.184976,0.114894,0.122681,0.116989,0.057521,0.210842,0.124250,-0.015537,0.147848,0.096011,0.182880,0.096114,0.138425,0.081590,-0.047115,-0.016607,0.165433,0.064072,0.143749,0.178965,0.116582,0.147690,-0.023145,0.096199,0.201948,0.029692,0.226959,0.096845,0.153435,-0.033996,-0.013065,-0.010640,0.103457,0.012867,0.217870,0.113017,0.156501,0.268803,0.036148,0.040417,0.134340,0.034083,0.071752,0.162704,0.112111,0.175013,0.091540,0.197708,0.202586,0.094083,0.249595,0.110258,0.148878,0.106197,0.136718,0.109740,0.151083,0.177379,0.250784,-0.012725,0.126702,0.017501,-0.011090,0.125697,-0.028654,-0.021050,0.140109,0.249037,0.279462,0.138825,0.088638,0.253242,0.127392,0.110166,0.197691,0.191780,0.203017,0.080524,0.192636,0.115524,0.169086,0.151740,-0.074471,0.162196,0.060870,0.029186,0.041365,0.176848,0.025134,0.223380,0.113174,-0.161686,0.232241,0.134393,0.177594,0.143901,0.095095,-0.027808,0.026062,0.064740,0.021453,0.138950,0.199774,0.119869,0.206607,0.098197,0.098630,0.228482,0.107767,0.005206,0.108885,0.005183,0.087900,#
18,0.234980,-0.019118,0.049871,0.242998,0.149063,-0.055091,0.074228,-0.007062,0.121731,-0.082714,0.122545,0.119300,0.120040,0.139852,0.250645,0.157241,0.061891,0.060363,1.000000,0.026162,0.181022,0.119087,0.053218,0.287954,0.119223,0.091547,0.005557,0.279571,0.038672,0.008726,0.008846,-0.049557,0.113553,0.079669,0.226485,0.204063,0.196731,0.053321,0.073785,0.335656,0.050701,0.185286,0.160613,0.083957,0.171552,0.009669,-0.002665,0.032551,0.009696,0.229798,0.151819,0.029267,0.157022,0.123481,0.157550,0.129828,0.110311,0.066348,-0.026550,0.006530,0.080496,-0.071553,0.214070,0.076238,0.179568,0.052045,0.263377,0.127509,-0.072618,0.020628,-0.060926,-0.002194,0.016449,-0.043834,0.026040,0.089020,0.039125,0.108825,0.050138,0.037033,0.156607,-0.016754,0.047625,0.236899,0.146731,-0.086885,0.180259,0.054515,0.160342,0.095938,0.234886,-0.008312,0.005700,0.202526,0.026147,0.259787,0.280064,0.015586,0.075039,0.176852,0.099207,0.120208,0.087707,0.088700,0.249999,0.056303,0.115335,-0.001939,0.058566,0.108404,0.179637,0.151544,0.138615,0.077871,0.039073,0.105307,0.005963,-0.243031,0.050985,0.154278,0.093838,0.117236,0.111614,-0.075152,0.087699,-0.083394,0.093267,0.145518,0.216597,0.060540,0.056282,0.185631,0.026468,0.129566,0.153186,-0.101476,-0.075646,0.193033,-0.021332,0.152701,0.109505,-0.003851,0.146568,0.107275,0.096314,0.156770,0.008114,0.104994,-0.041201,-0.020711,-0.076597,0.122798,0.026301,0.036176,0.101534,0.184309,0.208426,0.050766,-0.114155,0.321442,0.142878,0.149555,0.137154,0.126516,0.035975,0.189193,0.125230,0.058788,0.021775,0.223132,-0.148761,0.002478,0.145535,0.096907,-0.046956,0.239987,0.222184,0.109379,0.232983,-0.056099,0.054168,0.038281,0.145046,-0.020513,0.070378,-0.065755,0.259561,0.052736,0.050137,0.109627,0.009928,0.143328,0.195094,0.047015,0.134653,0.040890,0.001125,0.166785,0.225785,0.018596,#
19,0.232572,0.210608,0.125816,0.193068,0.373844,0.225202,0.030213,0.148087,0.182242,0.288957,0.172402,-0.092963,0.254973,0.244652,0.267487,0.167281,0.413253,0.186390,0.026162,1.000000,0.213818,0.007837,0.150639,0.238478,-0.028150,0.359064,0.241174,0.103422,0.054018,0.246678,0.227973,0.207088,0.097207,0.137629,0.094035,0.283664,0.081851,-0.124210,0.305104,0.112388,0.131732,0.180642,0.124584,0.071203,0.134984,0.259823,0.279558,0.239552,0.156370,0.281088,0.197188,0.205505,0.029564,0.289268,0.224275,0.315811,0.202039,0.086226,0.210613,0.066010,0.247802,0.304685,0.245388,0.228092,0.381495,-0.012588,0.134405,0.254587,0.032652,0.226703,0.242236,0.124639,0.206505,0.096441,0.249452,0.357647,0.101630,0.282961,0.457728,0.134498,0.257890,0.183944,0.146151,0.171791,0.313040,0.050889,0.196705,0.283573,0.198638,-0.040228,0.127631,0.177680,0.212253,0.039822,0.010896,0.272289,0.273443,0.226422,-0.015823,0.139562,0.131590,0.096067,0.189068,0.222969,0.256153,0.300375,0.194892,0.318780,0.100988,0.037444,0.118671,0.188647,0.128105,0.236999,0.279564,0.088100,0.227514,0.193559,0.114260,-0.112542,0.301747,0.258451,0.266251,0.291634,0.344553,0.052831,0.297758,0.123841,0.061064,0.287823,0.087974,-0.068263,0.254294,0.134277,0.375860,0.209327,0.047415,0.284331,0.170848,0.076925,0.045398,0.220829,0.203648,0.120635,0.210247,0.178739,0.058666,0.223232,0.255616,0.022675,0.090544,0.240103,0.099340,0.200066,0.324974,0.151457,0.210505,0.085375,0.151010,0.155461,0.275180,0.213326,0.225538,0.202784,0.203765,0.190124,0.065279,0.183891,0.314066,0.031233,0.127270,0.228889,0.259382,0.258840,0.154645,0.125392,0.261470,0.237210,0.197699,0.007015,0.007745,0.176854,0.241181,0.164801,0.201832,0.154058,0.082476,0.176069,0.208720,0.220553,0.322036,0.224218,-0.064974,0.064937,0.159894,0.301070,0.015153,0.193458,0.220673,0.289604,#
20,0.086277,-0.015166,0.241231,0.162326,0.350770,0.065776,0.130406,0.117487,0.068142,0.017698,0.010461,0.082267,0.123794,0.153095,0.139545,0.011531,0.154285,0.233129,0.181022,0.213818,1.000000,0.132570,0.076873,0.113017,0.167515,0.293271,0.133928,0.005872,0.084027,0.130308,-0.023240,-0.068285,0.066666,0.089366,0.016723,0.052331,0.178436,0.022410,0.169193,0.179358,0.109189,0.220253,0.022358,-0.015056,0.267429,0.111782,0.301198,-0.029289,0.042633,0.079972,-0.090008,0.082029,0.021976,0.234170,0.203158,0.166077,0.163155,0.155036,0.084501,-0.120410,0.230323,0.141768,0.179949,0.060112,0.068636,-0.009147,0.042973,0.182289,0.165844,0.183538,0.187640,0.283076,0.107280,0.025330,0.025198,-0.067517,0.061728,0.258167,0.211239,-0.017107,0.201070,0.061880,0.148807,0.005344,0.204399,0.090634,0.124065,0.098916,0.245688,-0.009171,0.157156,0.076371,0.136334,0.152155,0.176559,0.070880,0.154365,0.184107,0.107022,-0.014567,0.161299,0.077425,0.138501,0.113792,0.153401,0.148600,0.108154,0.102525,0.037419,0.181092,0.122056,0.224976,0.047342,0.063538,0.083762,0.213792,0.226563,0.033957,-0.062758,0.236580,0.077644,0.218339,-0.012081,-0.001832,0.081564,-0.019890,0.147182,0.079689,0.216229,0.143741,0.187475,0.051669,0.137830,0.081805,0.255706,0.046407,0.178054,0.054892,0.148892,0.067689,0.198562,0.129060,0.193393,0.188816,0.194653,0.168970,-0.020446,0.181090,0.149554,0.174090,0.183774,0.067366,-0.053852,0.216202,0.114805,0.096994,0.148600,-0.017684,0.036812,0.292750,0.145888,0.208622,0.220533,0.213442,0.109998,0.032805,-0.052114,0.181046,0.092689,-0.001605,0.120239,-0.001004,0.032500,0.028499,0.046064,0.071739,0.040354,0.046056,0.218524,0.083017,0.044519,0.112342,-0.053299,0.061410,0.142374,-0.117816,0.182948,0.125084,0.052297,0.374862,-0.002298,0.137676,0.067736,0.126157,0.200332,0.146177,0.014381,0.232022,0.194952,0.174632,#
