0,1.000000,0.067466,0.204685,0.107246,0.290937,0.081241,0.090908,-0.026048,0.209155,0.175779,0.201924,0.072798,0.097478,0.065483,0.260481,0.091674,0.127230,0.262938,0.266192,0.322505,0.261881,0.233251,0.186352,0.269886,0.197651,0.121234,0.166552,0.043620,0.270433,0.286311,0.034437,0.133871,0.145910,0.182554,0.037675,0.124036,0.124800,0.169655,0.311143,0.272213,0.212041,0.120856,0.192667,0.156897,-0.001034,0.197332,0.196548,0.269988,0.212710,0.231567,0.162703,-0.005886,0.106868,0.180797,0.184252,0.295565,0.277741,0.195891,0.019437,0.104210,0.241844,0.026595,0.179665,0.037308,0.092366,0.117138,0.103362,0.161200,0.240418,0.158324,0.258887,0.113819,0.274783,0.206897,0.094073,-0.012504,0.196983,0.237949,0.089919,0.069779,0.138422,0.172070,0.159236,0.201929,0.345048,0.040907,0.176709,0.159230,0.279090,0.101591,0.144044,0.093420,0.108172,0.223379,0.305059,0.179234,0.329309,0.090143,0.175859,0.268231,0.224650,0.243899,0.108773,0.196620,0.229056,0.228436,0.239800,0.112792,0.103034,-0.076956,0.033187,0.190212,0.115604,0.233165,0.026457,0.110775,0.216365,0.157263,0.184405,0.103429,0.306096,0.236128,0.154993,0.167149,0.125884,0.253599,0.124445,0.043211,0.132902,0.245578,0.276758,0.172146,0.290613,0.096919,0.138862,0.044978,0.351003,0.100233,0.083692,0.286658,0.278633,0.140781,0.133746,0.208135,0.149928,0.259818,0.180762,0.129502,0.282622,0.122415,0.050240,0.053971,0.263201,0.152053,0.239420,0.157196,0.038136,0.072056,0.151497,0.263365,0.143911,0.260490,0.057901,0.050916,0.219743,0.061016,0.113092,0.222969,0.162795,0.111502,0.325763,-0.090498,0.222292,0.154817,0.023449,0.259472,0.322660,0.190587,0.192678,0.061393,0.142339,0.212793,0.095195,0.057575,0.155227,0.123501,0.359697,0.305927,0.276725,0.129018,0.102605,0.183048,0.123176,0.103725,0.289014,0.040706,0.055036,0.211470,0.389515,0.265626,#
1,0.067466,1.000000,0.205943,0.196833,0.229888,0.140717,0.296322,0.090775,0.248169,0.058908,0.342517,0.261269,0.181255,0.233481,0.091634,-0.010654,0.165453,0.177663,0.111107,0.185867,0.184885,0.255415,0.050237,0.215988,0.205028,0.227932,0.273687,0.288243,-0.027661,0.230066,0.207867,0.193722,0.091198,0.186141,-0.043417,0.146388,0.163525,0.136307,0.329721,0.101070,0.036775,0.084373,0.298677,0.180939,0.204755,0.261042,0.377754,0.275974,0.057004,0.022981,0.194708,0.139583,0.333487,0.158349,0.036817,0.203379,0.238347,0.146879,0.185917,0.112227,0.184927,0.176881,0.248823,0.064955,0.106270,0.180658,-0.004652,0.175193,0.242900,0.285909,0.070029,0.114928,0.294847,0.088432,0.213745,0.116391,0.157664,0.217200,0.283750,0.117771,0.234400,0.280068,0.175568,0.214677,0.265708,-0.161271,0.246885,0.147696,0.195348,0.245706,0.213517,0.187807,0.114998,0.229588,0.137155,0.171192,0.118898,0.049433,0.104814,0.120197,0.232998,0.109354,0.169430,0.206661,0.131812,0.238252,0.323396,0.300044,0.093400,0.207411,0.328982,0.190269,0.085370,0.171589,0.230146,0.274804,0.199688,0.195705,0.138542,0.168489,0.077898,0.192353,0.236205,0.202381,0.152116,0.152598,0.135850,0.149671,0.110310,0.190346,0.187862,0.208969,0.161841,0.216753,0.323425,0.330225,0.189022,0.312158,0.167648,0.293049,0.172765,0.062894,0.233185,0.187946,0.229348,0.194370,0.114916,0.076540,0.229371,0.130941,0.064926,0.116992,0.082423,-0.008606,0.338533,0.168674,0.095472,0.057961,0.027398,0.038968,0.060900,0.302014,0.204743,0.202495,0.238765,0.089841,0.058390,0.148729,0.195390,0.304809,0.167953,0.171182,0.159999,0.111244,0.093527,0.184817,0.049786,0.313359,0.257513,0.108109,0.117904,0.172156,0.214066,0.059267,0.155354,0.159868,0.137714,0.152667,0.151301,0.214064,0.306283,0.106768,0.063184,0.202277,0.197817,0.210373,-0.005399,0.167783,0.119712,0.185485,#
2,0.204685,0.205943,1.000000,0.229305,0.207556,0.031504,0.225573,0.220934,0.127483,0.108457,0.252735,0.332003,0.198631,0.360490,0.059246,0.213164,0.130894,0.079518,0.215060,0.230106,0.301740,0.370273,0.000728,0.133418,0.283541,0.303352,0.254418,0.212107,0.127244,0.289153,0.030817,0.093953,0.094346,0.071251,0.013130,0.234563,0.162917,0.024294,0.091209,0.145141,0.253946,0.204916,0.332751,0.075741,0.049000,0.248929,0.176042,0.228863,0.051889,0.194665,0.325132,0.219932,0.247294,0.156874,0.000548,0.203412,0.117191,0.161313,0.164783,0.231535,0.179789,0.120042,0.205402,0.242979,0.261379,0.227617,0.153274,0.056985,0.293342,0.314112,0.060742,0.095449,0.144876,0.163582,0.243663,0.186804,0.216620,0.245708,0.202222,0.024830,0.334758,0.077730,0.038367,0.200978,0.218439,0.032906,0.308673,0.269265,0.085364,0.152679,0.064107,0.227985,0.261400,0.193967,0.162437,0.285829,0.300620,0.120712,0.241985,0.160910,0.259203,0.140074,0.132162,0.228415,0.153760,0.189843,0.169822,0.105260,0.138862,0.278976,0.147505,0.221764,0.176871,0.152599,0.157940,0.318082,0.218169,0.201450,-0.027091,0.033378,0.176309,0.239852,0.151084,0.129118,0.229041,0.125863,0.286368,0.199531,0.159352,0.116357,0.235444,0.163937,0.159199,0.144479,0.332169,0.249224,0.264137,0.209411,0.056046,0.139104,0.075125,0.103495,0.273198,0.163486,0.278964,0.237157,-0.026986,0.151621,0.317943,0.064640,0.124199,0.305168,0.196086,0.159934,0.168512,0.088743,0.097351,0.081641,0.144748,0.259832,0.233862,0.363959,0.102813,0.342154,0.135655,0.127023,0.161048,0.164109,0.050752,0.155413,0.049545,0.280208,0.115422,0.104590,0.217152,0.078666,0.306721,0.163805,0.115000,0.216366,0.291445,0.113820,-0.002656,0.387418,0.030471,0.173981,0.145290,0.126534,0.255941,0.046588,0.078077,0.239933,0.365425,0.006510,0.174410,0.060971,0.013441,0.154055,0.322468,0.239220,#
3,0.107246,0.196833,0.229305,1.000000,0.281872,0.152157,0.301939,0.112050,0.224059,0.104804,0.242950,0.282865,0.134464,0.212354,0.095021,0.106046,0.202361,0.248922,0.176658,0.198094,0.287573,0.232933,0.071895,0.334728,0.220401,0.178427,0.145229,0.127162,0.195459,0.258649,0.197356,0.232161,0.352264,0.281744,-0.067074,0.202187,0.355873,0.363431,0.356710,0.073309,0.259800,0.315402,0.227207,0.413546,0.089616,0.284625,0.306216,0.292863,0.057935,0.233544,0.273792,0.222748,0.313820,0.014901,0.013811,0.338095,0.169693,0.112955,0.098433,0.250883,0.211051,0.082192,0.237634,0.126851,0.295001,0.297279,0.173589,0.201010,0.137328,0.296188,0.152034,0.114640,0.300104,0.143808,0.243537,0.395755,0.222797,0.220658,0.280802,0.066113,0.360340,0.296157,0.143555,0.146181,0.328357,0.114398,0.230886,0.134289,0.253796,0.213639,0.224151,0.218372,0.240136,0.309204,0.176545,0.267629,0.278420,0.107003,0.294229,0.252238,0.286373,0.082474,0.276282,0.208443,0.271129,0.214533,0.216912,0.119133,0.129462,0.182238,0.133073,0.239910,0.245632,0.196317,0.061362,0.106242,0.321089,0.124378,0.105969,0.181182,0.270167,0.156962,0.183983,0.377645,0.197424,0.082733,0.263564,0.220873,0.142785,0.279274,0.319233,0.301289,0.282831,0.309529,0.279823,0.194205,0.219495,0.221673,0.316895,0.191257,0.214802,0.249781,0.265350,0.205455,0.165621,0.178184,0.238044,0.312395,0.228311,0.225236,0.075138,0.174829,0.155120,0.204551,0.295441,0.067597,0.012266,0.219442,0.161322,0.346650,0.258966,0.286804,0.317106,0.325837,0.179543,0.142366,0.135549,0.208660,0.041428,0.159187,0.230502,0.097644,0.140158,0.020708,0.053127,0.293630,0.247279,0.267259,0.167566,0.157512,0.158495,0.301829,0.316177,0.150865,-0.025764,0.177302,0.189892,0.163860,0.128267,0.157562,0.075889,0.234791,0.331665,0.020108,0.145312,0.295505,0.278868,0.222182,0.222216,0.160951,#
4,0.290937,0.229888,0.207556,0.281872,1.000000,0.254180,0.127343,0.059754,0.329831,0.114854,0.175643,0.074065,0.243358,0.203870,0.142866,0.202416,0.140210,0.284549,0.258805,0.405766,0.348526,0.196451,0.196242,0.343291,0.156516,0.323502,0.081842,0.122698,0.215283,0.112606,0.065530,0.146676,0.190048,0.126358,0.077991,0.293141,0.329255,0.199842,0.116121,0.109626,0.322165,0.409769,0.233133,0.083326,0.311787,0.157790,0.398075,0.220516,0.237627,0.292127,0.153417,0.153698,0.185647,0.172573,0.230213,0.400576,0.250125,0.172399,0.287318,0.167585,0.287489,0.245665,0.118818,0.035108,0.188618,0.115691,0.323367,0.143188,0.181349,0.201474,0.172998,0.214001,0.299795,0.248810,0.142460,0.061427,0.119190,0.343093,0.294246,0.031122,0.410760,0.271574,0.079909,0.076789,0.423106,0.065599,0.198644,0.237819,0.269996,0.304627,0.263009,0.131629,0.140031,0.240162,0.161390,0.376355,0.222834,0.218535,0.203521,0.155275,0.167845,-0.000721,0.284966,0.296230,0.234438,0.165145,0.102964,0.237887,0.099255,0.178423,0.378303,0.218293,0.307899,0.455268,0.263028,0.082171,0.224408,0.020446,0.110744,-0.007981,0.195640,0.267584,0.239511,0.138117,0.331396,0.112027,0.306572,0.132636,0.158514,0.131550,0.299051,0.144814,0.291048,0.199222,0.290209,0.263257,0.321590,0.126689,0.174720,0.228693,0.311896,0.047107,0.268734,0.213663,0.236607,0.370597,0.102492,0.233684,0.279391,0.127825,0.183360,0.085390,0.216016,0.347309,0.288018,0.129151,0.304065,0.168813,0.100729,0.257252,0.252390,0.192857,0.110778,0.275740,0.105358,0.300351,0.084337,0.105077,0.095284,0.196628,0.160537,0.116886,0.259915,0.166366,0.216066,0.255656,0.272572,0.268783,0.208192,0.125813,0.075746,0.068225,0.300423,0.168829,0.077984,0.143949,0.133912,0.338856,0.264720,0.197648,0.184946,0.181018,0.204310,0.044245,0.175608,0.219632,0.179945,0.341360,0.263502,0.289559,#
5,0.081241,0.140717,0.031504,0.152157,0.254180,1.000000,0.158972,0.060182,0.227185,0.296731,0.208244,0.082283,0.215051,0.123979,0.166500,0.003273,0.103279,0.130317,0.134576,0.063721,0.271079,0.129506,0.068629,0.211517,0.150397,0.134558,0.097238,0.154482,0.181313,0.168255,0.039715,0.178761,0.238391,0.122455,0.001724,0.061677,0.285627,0.023087,0.161684,0.251423,0.136912,0.285858,0.074376,0.143806,-0.031075,0.181025,0.090617,0.041721,0.110043,0.263462,0.085803,0.152353,0.054263,-0.042854,0.089440,0.196278,0.002616,0.078096,0.233049,0.009406,0.147992,0.050495,0.191295,-0.034837,0.154564,0.188211,0.167892,0.057830,0.174280,0.107809,0.143429,0.148990,0.181300,0.326457,0.032047,-0.004689,0.155661,0.096213,0.143898,0.145691,0.086203,0.206003,0.256802,-0.098153,0.134925,-0.007184,0.019567,0.107537,0.174741,0.082703,0.020234,0.251198,0.138680,0.219548,0.128459,0.204232,0.117525,0.067403,0.102162,-0.070707,0.151946,0.149967,0.098280,0.077553,0.112404,0.118563,0.067068,0.155578,0.075926,0.034231,0.298881,0.107882,0.185517,0.155239,0.089239,0.059027,0.167028,0.212549,0.096084,0.031303,-0.020240,0.179755,0.080759,0.130219,0.057720,0.070315,-0.138469,0.026314,0.375581,0.241983,0.219793,0.179600,0.216046,0.089201,0.321915,0.242766,0.117156,0.119375,-0.027537,0.073190,0.252885,0.107823,0.127897,0.216469,0.100452,0.133642,0.071984,0.138416,-0.048064,0.144256,0.174396,-0.060431,0.148023,0.298416,0.245710,0.164511,0.171171,0.052417,0.232379,0.109516,0.145051,0.183067,0.117886,0.116024,0.042557,-0.000047,0.047071,0.133161,0.230347,0.239713,0.138239,0.124002,0.185101,0.037999,-0.025157,0.207847,0.213156,0.171558,0.258687,0.006235,0.068191,0.084312,0.346001,0.129927,0.056520,0.226845,0.230181,0.097055,0.175305,0.153960,0.109826,0.075638,0.207297,0.093799,0.295579,0.064804,0.039376,0.271517,0.077692,0.239628,#
6,0.090908,0.296322,0.225573,0.301939,0.127343,0.158972,1.000000,0.140617,0.224600,0.081376,0.233175,0.204823,0.001808,0.206773,0.060794,0.139788,0.172158,0.173772,0.228826,0.142636,0.210390,0.141563,-0.047686,0.084199,0.068237,0.197347,0.094052,0.149116,0.168948,0.168018,0.060223,0.231829,0.144264,0.205031,-0.082483,0.034272,0.067705,0.187146,0.156024,0.184577,0.151266,0.080001,0.048190,0.193067,0.071132,0.168462,0.219467,0.291721,0.130142,0.181829,0.116344,0.121551,0.263547,0.149953,-0.117194,0.143793,0.094169,0.181267,0.304216,0.311102,0.210220,0.126247,0.107478,0.147155,0.154801,0.409728,0.196927,0.266142,0.184522,0.160764,0.067884,0.172693,0.260636,0.125498,0.252754,0.215584,0.188827,0.268184,0.294063,0.078805,0.172798,0.118019,0.296800,0.096633,0.262847,0.045185,0.120536,0.214425,0.156171,0.196811,0.190045,0.103851,0.115675,0.199699,0.118480,0.166940,0.159783,0.083288,0.256591,0.200795,0.242656,0.250490,0.217580,0.080227,-0.147594,0.257207,0.131600,0.106008,0.186567,0.166244,0.202146,0.210775,0.132274,0.016302,0.086089,0.244657,0.305518,0.072769,0.205423,0.123772,0.180620,0.242245,0.029803,0.119386,0.142506,0.035139,0.016935,0.263226,0.083680,0.251997,0.185303,0.108598,0.230668,0.052455,0.272755,0.227589,0.113021,0.321971,0.131632,0.194352,0.131265,0.019478,0.065099,0.329492,0.031129,0.174764,0.149153,0.005154,0.208279,-0.126517,0.215320,-0.020651,0.207201,0.023659,0.334767,0.063004,0.028352,0.205199,0.191115,0.068009,0.079302,0.316462,0.196476,0.253610,0.235024,0.184787,0.070596,0.189826,0.138778,0.243839,-0.040372,-0.002296,0.184294,0.092366,0.098310,0.205914,0.094612,0.253899,0.302394,-0.019812,0.022509,0.125618,0.206671,0.305877,0.233597,0.195267,0.122471,0.188141,0.211529,0.313946,0.093620,0.127824,0.209819,0.166597,0.057377,0.092885,0.107419,0.179839,0.117865,0.280471,#
7,-0.026048,0.090775,0.220934,0.112050,0.059754,0.060182,0.140617,1.000000,0.112253,0.179098,0.249933,0.373540,0.004824,0.210281,0.190918,0.100428,0.091834,0.329641,0.058166,0.197431,0.200400,0.253782,0.104444,0.039919,0.208711,0.053383,0.219087,0.297604,0.029358,0.253841,0.143087,0.036603,0.175250,0.056088,-0.017799,0.157144,-0.065799,0.030689,0.155641,0.095987,0.141549,0.185068,0.134941,0.155415,0.148112,0.231858,0.078802,0.207520,0.190855,0.139898,0.143092,0.066495,0.110454,0.182067,0.053250,0.137208,0.220065,0.210689,0.132209,0.109498,0.233160,0.067621,0.200274,0.153214,0.238416,0.186899,0.176466,-0.039625,0.151053,0.244841,0.177887,0.018175,0.268616,0.159171,0.028331,0.176114,0.061562,0.249946,0.178098,0.252502,0.239878,0.099174,0.214923,0.106090,0.247643,0.032712,0.109131,0.044619,0.208845,0.209020,0.106671,0.095156,0.158945,0.237396,0.023468,0.064780,0.049340,0.190433,0.031392,0.082171,0.168248,0.056755,0.177731,0.069027,-0.038590,0.245621,0.374869,0.070130,0.083820,0.177801,-0.021148,0.061358,0.100165,0.165381,0.263630,0.246984,-0.004357,0.057634,0.081786,0.229874,0.140865,0.206683,0.111413,0.163961,0.235813,0.098668,0.126129,0.178677,0.098635,0.067472,0.151105,0.160062,0.223151,0.109462,0.345954,0.184942,0.057600,0.413732,0.021824,0.212019,0.274554,0.060539,0.021385,0.095427,0.154564,0.068939,0.205818,0.202017,0.118458,0.124372,0.162523,0.218060,0.084453,0.047844,0.006251,0.118471,0.194075,0.118974,0.215894,0.209502,0.094366,0.229875,0.175938,0.118941,0.050635,0.183336,0.252858,0.168698,0.095876,0.124784,0.124833,0.076501,0.146298,0.077274,0.115518,0.100483,0.101418,0.147697,0.037371,0.161642,0.136858,0.117789,0.149009,0.255629,-0.256817,0.112734,0.054511,0.023146,0.173370,0.264707,0.233894,0.014680,0.287644,0.103566,0.106641,0.139753,0.043471,0.064440,0.220869,0.092458,#
8,0.209155,0.248169,0.127483,0.224059,0.329831,0.227185,0.224600,0.112253,1.000000,0.160820,0.235168,0.206877,0.152509,0.134563,0.262481,0.097395,0.073826,0.160352,0.133572,0.224166,0.261780,0.170501,0.058803,0.334510,0.131759,0.168132,0.088864,0.163896,0.010799,0.150509,0.027726,0.215640,0.065879,0.144678,0.034069,0.213429,0.276551,0.104194,0.165563,0.181531,0.177913,0.181969,0.033168,0.122955,0.290208,0.256386,0.141008,0.179401,0.102280,0.127314,0.073434,0.281961,0.111817,0.327840,0.108763,0.309245,0.115928,0.266500,0.104738,0.268846,0.186087,0.091274,0.279424,-0.072689,0.281958,0.337741,0.166528,0.115605,0.369455,0.192824,0.046952,0.115108,0.310639,0.068873,0.114288,0.092956,0.109243,0.212568,0.150257,0.064195,0.219448,0.285534,0.249036,0.087551,0.355288,0.083791,0.157078,0.184683,0.246610,0.279896,0.166827,0.277528,0.187701,0.095030,0.383677,0.330797,0.181939,0.118040,0.226386,0.083535,0.182203,0.065928,0.176936,0.136617,0.264779,0.222860,0.308025,0.129865,0.000270,0.169031,0.120566,0.179248,-0.019673,0.262827,0.103323,0.287350,0.192820,0.141035,0.092721,0.258843,0.260564,0.175230,0.147544,0.152362,0.226312,0.238474,0.131967,0.286624,0.054800,0.195595,0.194961,0.048415,0.241616,0.124403,0.278551,0.218187,0.169518,0.281921,0.293819,0.152872,0.249968,0.131198,0.153967,0.083894,0.085353,0.121576,0.146556,0.275865,0.092796,0.178439,0.252797,0.013830,0.194870,0.189966,0.347734,0.239373,0.145042,0.231929,0.109819,0.224455,0.065484,0.193851,0.051171,0.162917,0.206098,0.106461,0.226618,0.163405,0.146892,0.136414,0.210947,0.047060,0.076629,0.105163,0.024078,0.269541,0.119928,0.289501,0.273049,0.108189,0.145645,0.172568,0.067935,0.163490,0.046924,0.195104,-0.046761,0.027054,0.323929,0.299875,0.188017,0.131853,0.196361,0.065721,0.243740,0.039179,0.161602,-0.032232,0.083238,0.145172,#
9,0.175779,0.058908,0.108457,0.104804,0.114854,0.296731,0.081376,0.179098,0.160820,1.000000,0.317164,0.044414,0.011270,0.151409,0.158600,0.129969,0.090055,0.048247,-0.070537,0.276911,0.075514,0.105373,0.088782,0.013479,0.003612,0.015439,0.259260,0.111845,0.079986,0.118651,0.254144,0.149329,0.050912,0.161406,0.137521,0.164175,0.050682,0.203212,0.110729,0.016139,0.187743,0.250946,0.116939,-0.067850,0.032273,0.189795,0.079004,0.127577,0.016635,0.051472,0.091577,0.239340,0.137479,0.103310,0.083667,0.211359,0.182969,0.187595,0.103165,-0.003212,0.159198,0.064831,0.322556,0.076578,0.235887,0.157440,-0.038232,-0.042574,0.124437,0.037680,0.158924,0.157119,0.140090,0.135652,0.113608,0.118826,0.075616,0.129922,0.303999,0.144584,0.048586,0.276316,-0.043535,0.046459,0.249151,0.161054,0.201161,0.128445,-0.077930,-0.018393,0.000963,0.134498,0.119283,0.015997,0.123350,0.198102,0.185411,0.093101,0.057872,-0.009505,0.107973,0.208045,0.254493,0.106746,0.274947,0.186127,0.114861,0.056381,0.155448,0.050483,0.041335,0.123263,0.073367,0.235597,0.048515,0.155376,0.090753,0.203745,0.229135,-0.052168,0.166985,0.218445,0.046340,0.209699,0.140587,0.149139,-0.089928,0.145044,0.145504,0.198776,0.222685,0.024979,0.047078,0.125346,0.151619,0.154044,0.200845,0.302041,0.065762,-0.041288,0.063392,0.247674,0.146199,0.026672,0.042756,0.053726,0.133052,0.219180,0.141790,0.344060,0.084027,-0.080506,0.334621,0.275319,0.173815,0.233653,0.164439,0.197207,0.344114,0.091295,0.184548,0.087271,-0.009367,0.270372,0.063105,0.012360,0.069102,0.150017,0.345360,0.063569,0.095225,0.108797,0.205628,0.097039,-0.064436,0.176362,0.262287,0.021452,0.059138,0.139976,0.022421,0.106915,0.313307,0.166530,-0.042060,0.180036,0.147341,0.172466,0.265809,0.133727,0.149130,0.166674,0.028733,0.116472,0.142745,0.116492,0.055246,-0.009862,0.123892,0.230181,#
10,0.201924,0.342517,0.252735,0.242950,0.175643,0.208244,0.233175,0.249933,0.235168,0.317164,1.000000,0.119388,0.087961,0.237233,0.222219,0.053925,0.177482,0.245996,0.311149,0.293790,0.131943,0.166054,-0.063650,0.199347,0.134150,0.115500,0.204014,0.256869,0.133615,0.243546,0.232158,0.224992,0.200210,0.099358,0.059101,0.231591,0.049146,0.200479,0.339525,0.134596,0.177512,0.136095,0.212044,0.041616,-0.069028,0.221948,0.217196,0.251038,0.218617,0.166497,0.204244,0.229009,0.126758,0.145403,0.051699,0.304525,0.125090,0.179546,0.141683,0.204065,0.110124,0.240904,0.169107,0.211623,0.361125,0.328113,0.166711,0.045741,0.207803,0.171288,0.163398,0.156040,0.294270,0.219197,0.116988,0.265358,0.204223,0.125424,0.218653,0.143841,0.201088,0.165200,0.247734,0.234356,0.322023,0.016157,0.317537,0.149464,0.116903,0.204607,0.066129,0.075399,0.222988,0.099628,0.250662,0.275526,0.289760,0.021938,0.201253,0.169457,0.127294,0.142230,0.260810,0.118159,0.258788,0.171050,0.221185,0.232848,0.112396,0.148891,0.108928,0.272820,0.157628,0.175744,0.356670,0.284493,0.144823,0.135243,0.232168,0.001551,0.096833,0.241126,0.157508,0.211492,0.211343,0.091167,0.076437,0.218606,0.133283,0.280021,0.404103,0.163047,0.230507,0.093427,0.246736,0.235626,0.207058,0.384933,0.146847,0.158020,0.292322,0.108241,0.216599,0.169969,0.122368,0.107331,-0.020981,0.122122,0.146219,0.177842,0.149384,0.165035,0.310531,0.063101,0.296043,0.177224,0.199507,0.034916,0.264458,0.225964,0.211225,0.172669,0.300040,0.241859,0.191734,0.113457,0.263153,0.235271,0.235987,0.128379,0.187376,0.165831,0.118964,0.139045,0.064222,0.111149,0.212610,0.208706,0.182518,0.248590,0.243274,0.172595,0.306407,0.110174,0.107776,0.233806,0.121676,0.054722,0.228292,0.186598,0.274486,0.142657,0.187242,0.086384,0.272926,0.112056,0.071366,0.238993,0.363163,0.402078,#
11,0.072798,0.261269,0.332003,0.282865,0.074065,0.082283,0.204823,0.373540,0.206877,0.044414,0.119388,1.000000,0.110411,0.158141,-0.033677,0.073977,0.091981,0.274705,0.157321,0.028360,0.105255,0.253828,-0.006446,0.177172,0.317835,0.210788,0.040009,0.276851,-0.113393,0.239332,0.234822,0.227661,0.161086,0.151380,0.023642,0.181407,0.214725,0.093264,0.159346,0.135560,0.149748,0.273749,0.286297,0.319619,0.022865,0.323345,0.136491,0.159784,0.170509,0.016365,0.269437,0.158637,0.195856,0.261962,-0.090544,0.124200,0.287797,0.210305,0.202736,0.106999,0.068922,0.063605,0.305734,0.174206,0.222004,0.331612,0.165750,0.219699,0.175392,0.262251,0.038794,-0.057564,0.275906,0.107122,0.112039,0.176691,0.159058,0.159228,0.267535,0.152317,0.268989,0.056782,0.211040,0.151131,0.279980,-0.062343,0.226113,0.275911,0.261248,0.128722,0.165301,0.191095,0.324511,0.454397,0.105406,0.223987,0.069186,0.128169,0.199823,0.269398,0.252406,0.073012,0.116794,0.141802,0.073873,0.318194,0.317356,0.209388,0.193385,0.142352,0.184110,0.163586,0.183047,0.162104,-0.053113,0.401394,0.165587,0.109906,0.093841,0.170759,0.128830,0.212354,0.294763,0.176445,0.222929,0.159383,0.190119,0.275765,0.200211,0.151675,0.124509,0.280726,0.269570,0.283809,0.181428,0.175655,0.029163,0.368932,-0.043857,0.291967,0.114722,0.122474,0.138469,0.163020,0.124336,0.121726,0.145470,0.154989,0.215039,0.080451,0.064149,0.279945,0.189458,0.162748,0.239881,0.137469,0.101807,0.027376,0.180755,0.291983,0.150001,0.298869,0.060327,0.121604,0.176711,0.129636,0.320090,0.201284,0.232664,0.225252,0.205130,0.047133,0.120455,0.007464,0.147140,0.287869,0.304073,0.180961,0.143542,0.112554,0.195006,0.151770,0.116529,0.119134,-0.188528,0.274825,0.116044,0.155133,0.153042,0.165542,0.115370,0.063653,0.325866,-0.005974,0.247583,0.140034,0.136672,0.126594,0.151367,0.152652,#
12,0.097478,0.181255,0.198631,0.134464,0.243358,0.215051,0.001808,0.004824,0.152509,0.011270,0.087961,0.110411,1.000000,0.032494,0.144837,0.059061,0.198319,0.089459,0.208926,0.351578,0.206485,0.085890,0.103683,0.241869,0.105996,0.140346,0.146360,0.147434,0.112765,0.277889,-0.091592,0.251511,0.233066,0.138923,0.100054,0.282551,0.255100,-0.001448,0.218940,0.078094,0.248706,0.115885,0.195290,0.184493,0.198454,0.246330,0.105851,0.002342,0.151803,0.123910,0.223202,0.164706,0.166106,0.126980,0.084695,0.154937,0.043907,0.175531,0.247998,0.043054,0.170932,0.131493,0.153140,0.161100,0.268935,0.128077,0.155921,0.091540,0.227835,0.074391,-0.019082,0.181217,0.102791,0.057097,0.213823,0.128499,0.157764,0.079062,0.052346,-0.015421,0.129895,0.147102,0.098314,0.131433,0.265136,0.191900,0.098777,0.271901,0.203911,0.146141,0.200721,0.226290,-0.008261,0.236376,0.196052,0.163435,0.262401,0.133985,0.136828,-0.055049,0.251173,0.176195,0.097803,0.100019,0.278586,0.183430,0.213220,0.088215,0.061569,0.162306,0.217081,-0.023087,0.137706,0.243281,0.057887,0.038249,0.129316,0.217536,0.190882,0.145044,0.152899,0.161983,0.253937,0.136338,0.162017,0.054215,0.257901,0.159579,0.157941,0.069779,0.168159,0.108265,0.088900,0.143640,0.149340,0.121676,0.173972,0.130535,0.087837,0.173911,0.237511,-0.010861,0.058639,0.117195,-0.025072,0.114075,0.035064,0.178340,0.139169,0.065806,0.047437,0.299078,0.045579,0.138827,0.066702,0.078815,0.099588,-0.056219,0.106556,0.132720,0.069798,0.290454,0.147567,0.224816,0.062848,-0.045053,0.231616,-0.074883,0.107743,0.222505,0.118472,0.119636,0.122602,0.128569,0.135932,0.062574,0.187856,0.300867,0.037161,0.256388,0.146236,0.120565,0.242525,0.189086,0.114066,0.132706,0.091833,0.214974,0.122237,0.011921,0.216002,0.164764,0.174136,0.059776,0.061119,0.142026,0.137034,0.196480,0.220376,0.089051,#
13,0.065483,0.233481,0.360490,0.212354,0.203870,0.123979,0.206773,0.210281,0.134563,0.151409,0.237233,0.158141,0.032494,1.000000,0.285178,0.182523,0.225552,0.101981,0.202098,0.302405,0.244600,0.183763,-0.044861,0.208427,0.209464,0.331512,0.352379,0.213502,0.149308,0.192825,0.215868,0.248154,0.242083,0.179036,0.142842,0.138841,0.076097,0.182699,0.071033,0.132896,0.149662,0.231857,0.222016,0.206721,0.147456,0.241422,0.199070,0.214362,0.139898,0.188883,0.159454,0.234246,0.331465,0.217447,0.152325,0.315246,0.119015,0.262125,0.251912,0.273508,0.294581,0.111601,0.340740,0.104107,0.178305,0.214867,0.452892,0.154321,0.369470,0.207840,-0.046717,0.095050,0.231267,0.144811,0.301357,0.175577,0.317168,0.347574,0.305277,0.117932,0.227487,0.326992,0.109596,0.402874,0.343780,0.025428,0.322294,0.296159,0.250974,0.258959,0.105704,0.232772,0.288616,0.304703,0.116600,0.249906,0.217987,0.080624,0.198217,0.217536,0.312647,0.205782,0.286355,0.288027,0.132833,0.278534,0.301872,0.229907,0.333094,0.222497,0.110716,0.128346,0.329865,0.221222,0.260606,0.242510,0.319389,0.229659,0.081284,0.138405,0.356807,0.293780,0.165617,0.359204,0.306261,0.189061,0.136158,0.124788,0.330883,0.229691,0.208841,0.145822,0.126727,0.160661,0.374242,0.329283,0.281664,0.261353,0.337428,0.206367,0.054673,0.113749,0.363153,0.190715,0.264186,0.374004,0.165809,0.269384,0.038629,0.250849,0.135850,0.184284,0.182594,0.295694,0.266085,0.232123,0.089621,0.313133,0.261936,0.304258,0.128331,0.363111,0.134747,0.383662,0.196362,0.196924,0.107540,0.142424,0.196539,0.279327,0.208252,0.303345,0.133963,0.123625,0.142148,0.263878,0.138495,0.153088,0.292848,-0.001349,0.185446,0.203239,0.186655,0.315082,0.094721,0.258902,0.217490,0.215874,0.147178,0.219158,0.138418,0.293445,0.238208,0.099750,0.132045,0.220471,0.192247,0.229586,0.300321,0.179476,#
14,0.260481,0.091634,0.059246,0.095021,0.142866,0.166500,0.060794,0.190918,0.262481,0.158600,0.222219,-0.033677,0.144837,0.285178,1.000000,0.235766,0.107401,0.212293,0.207257,0.389369,0.198434,0.091343,0.123403,0.312261,0.146927,0.085506,0.245256,0.215082,0.206305,0.211707,0.037386,0.149309,0.108695,0.023841,0.111516,0.159309,0.136243,0.222555,0.141001,0.226150,0.236452,0.099769,0.238012,0.012133,0.163432,0.344781,0.168947,0.116261,0.129600,0.108309,0.281841,0.070058,0.210785,0.218010,0.374530,0.266903,0.220629,0.090047,0.101241,0.089477,0.321893,0.207450,0.110588,0.099356,0.202934,0.122331,0.276205,0.190766,0.279964,0.163540,0.044080,0.197323,0.107518,0.318184,0.110747,0.121422,0.115472,0.192293,0.122723,0.214332,0.247030,0.191625,0.193529,0.280156,0.293518,0.218042,0.007608,0.093373,0.150110,0.150733,0.245917,0.204270,0.250244,0.166620,0.329126,0.083817,0.213499,0.120844,0.082039,0.104661,0.186296,0.203791,0.151982,0.232491,0.182592,0.256524,0.371174,0.321432,0.138478,0.179475,-0.047360,-0.031163,0.182365,0.133544,0.165668,0.152172,0.107897,0.229496,0.233856,0.198832,0.401084,0.246410,-0.003627,0.124387,0.238239,0.089338,0.131144,0.158142,-0.026608,0.299941,0.135264,0.206655,0.178791,-0.004764,0.155678,0.070159,0.216813,0.163410,0.080870,0.128832,0.345973,0.268100,0.238857,0.090513,0.083613,0.249234,0.072115,0.161963,-0.030307,0.057146,0.171895,0.028280,0.014794,0.247393,0.207278,0.103326,0.194740,0.187356,0.120387,0.121950,0.092454,0.187808,0.082812,0.128044,0.189629,-0.044259,0.167036,0.156404,0.065582,0.200316,0.311166,0.266498,0.178822,0.130058,0.123858,0.065035,0.337547,0.315084,0.292658,0.202678,0.065162,0.220299,0.170648,0.208772,0.228363,0.199975,0.179207,0.025692,0.141112,0.237182,0.066098,0.215143,0.193234,0.221003,0.170380,0.040574,0.031025,0.181324,0.285246,0.160176,#
15,0.091674,-0.010654,0.213164,0.106046,0.202416,0.003273,0.139788,0.100428,0.097395,0.129969,0.053925,0.073977,0.059061,0.182523,0.235766,1.000000,0.242607,0.217784,0.187148,0.210199,0.073904,0.080619,0.058993,0.184483,0.071730,0.293978,0.181591,0.142819,0.182064,0.092891,0.097627,0.212888,0.035132,0.250104,0.039181,0.021361,0.104785,0.149367,0.155754,-0.007364,0.197999,0.148994,0.148899,0.135525,0.187290,0.169460,-0.015251,0.102916,-0.027124,0.149803,-0.021210,0.110627,0.219742,0.121103,0.105771,0.167248,0.045021,0.140041,0.135956,0.216895,0.119224,0.024280,0.236269,-0.003261,0.080332,0.176860,0.146401,0.208701,0.186570,0.030160,0.156158,0.206786,0.116461,0.127913,0.112643,0.174799,-0.015388,0.309464,0.096861,0.153970,0.250655,0.122317,0.019017,0.305910,0.165138,0.044383,0.095054,0.175015,0.212492,0.141298,0.039907,0.115782,0.175049,0.245154,0.104771,0.106701,0.239737,0.064976,0.131377,-0.022554,0.181026,0.109676,0.147597,0.127708,-0.001474,0.223848,0.174067,0.114833,0.069705,0.252635,0.006493,0.190046,0.039847,0.067807,0.131006,0.261767,0.123318,-0.028331,0.146534,0.029170,0.286093,0.256071,0.087589,0.280153,0.226871,-0.089898,0.074323,0.073650,0.109227,0.074800,0.097881,0.254571,0.101841,0.148559,0.162737,0.198577,0.095060,0.062531,0.067561,-0.063688,-0.029686,0.166384,0.150809,0.060226,0.224474,0.087171,0.068437,0.219348,0.282745,0.162892,0.143886,-0.091782,0.158185,0.408001,0.007622,0.321134,0.046825,0.191304,0.135110,0.103093,0.049606,0.060624,0.170485,0.209172,0.104784,0.133008,0.221928,0.113983,0.131060,0.038433,-0.024631,0.037333,0.163258,-0.051206,0.191348,-0.024532,0.263895,0.061023,-0.056865,0.089635,0.183206,0.170119,0.128530,0.287705,-0.009384,0.150787,-0.002430,0.103715,0.100223,0.119477,-0.093224,0.178362,0.166965,0.109785,0.054722,0.102842,0.053360,0.129708,0.094531,-0.013191,#
16,0.127230,0.165453,0.130894,0.202361,0.140210,0.103279,0.172158,0.091834,0.073826,0.090055,0.177482,0.091981,0.198319,0.225552,0.107401,0.242607,1.000000,0.172387,0.187151,0.261492,0.259812,0.173945,0.226830,0.111024,-0.054806,0.316486,0.146975,-0.015490,0.069891,0.183943,0.117529,0.258611,0.007494,0.313197,0.018122,0.220635,0.133885,0.094009,0.179530,0.164212,0.078315,0.172442,0.124503,0.103474,0.182778,0.344424,0.101714,0.146976,0.113584,0.012622,0.079544,0.215636,0.341667,0.063731,0.149385,0.144116,0.052541,0.113189,0.180968,0.079783,0.105397,0.261114,0.274106,0.234197,0.228762,0.167268,0.192107,0.324234,0.093807,0.200023,0.020265,0.246639,0.295239,0.008967,0.101763,0.302231,0.089041,0.314780,0.183139,0.123131,0.065160,0.228741,0.047612,0.105326,0.153099,0.099054,0.269778,0.190214,0.209242,0.050148,0.152085,0.172223,0.042638,0.145158,0.136243,0.092210,0.286910,-0.028247,0.109340,0.194077,0.155890,0.088248,-0.015317,0.092314,0.180206,0.102126,0.184076,0.004095,-0.052914,0.219550,0.130159,0.167023,0.168016,0.161464,0.205217,0.284999,0.140928,0.097451,0.024925,0.190626,0.166621,0.120765,0.221139,0.234127,0.258223,-0.053174,0.066876,0.046759,0.103114,0.218987,0.096475,0.160700,0.382124,-0.081450,0.354493,0.263922,0.078681,0.242816,0.111816,0.241605,-0.036581,0.096561,0.125036,0.206146,0.265843,0.171508,-0.053348,0.165223,0.225088,0.094330,0.059538,0.124343,0.111419,0.163342,0.164700,0.198401,-0.001909,0.108231,0.175594,0.234867,0.034150,0.299705,0.218459,0.323657,0.124195,0.086032,0.298647,0.130643,0.063842,0.037775,0.017627,0.007426,0.065967,-0.033100,0.164045,0.260893,0.127378,0.065924,0.146367,0.090983,0.069313,0.125579,0.247936,0.009202,0.003996,0.173050,0.307052,0.168564,0.129159,0.129774,0.209926,-0.073238,-0.018393,0.100521,0.215058,0.258806,0.035650,0.199527,0.051211,0.042987,#
17,0.262938,0.177663,0.079518,0.248922,0.284549,0.130317,0.173772,0.329641,0.160352,0.048247,0.245996,0.274705,0.089459,0.101981,0.212293,0.217784,0.172387,1.000000,0.188549,0.361458,0.383455,0.128350,0.097745,0.266031,0.140889,0.201294,0.067294,0.142251,0.115938,0.233415,0.096560,0.148715,0.353401,0.139632,0.006210,0.203373,0.044797,0.268489,0.278370,0.066792,0.294579,0.180158,0.102578,0.271507,0.134467,0.225898,0.218631,0.131956,0.227747,0.170198,0.207763,0.058061,0.074337,0.126585,0.144260,0.281899,0.342393,0.229286,0.192376,0.223954,0.250527,0.117841,0.155748,0.101812,0.167620,0.249309,0.289976,0.254685,0.195443,0.281553,0.117192,0.206097,0.280940,0.162100,0.149048,0.274258,0.107722,0.292549,0.100785,0.284112,0.201030,0.194250,0.421628,0.155709,0.257571,-0.092136,0.178655,0.180975,0.300360,0.193174,0.113130,0.112197,0.221406,0.286337,0.068787,0.188374,0.292907,0.384463,0.225421,0.217181,0.137896,0.019898,0.196753,0.191973,0.117099,0.325808,0.218730,0.187760,0.046811,0.001565,0.197974,0.183173,0.174391,0.331179,0.096244,0.283083,0.166839,0.062812,0.104042,0.200303,0.131169,0.271318,0.150396,0.280200,0.419217,0.049037,0.163861,0.255493,0.065849,0.138495,0.118414,0.264343,0.343402,0.202499,0.224338,0.295740,0.273548,0.287371,0.110639,0.335401,0.218065,0.146901,0.139324,0.210862,0.250468,0.233049,-0.024906,0.049928,0.107712,-0.006992,0.167182,-0.045326,0.037197,0.303293,0.230786,0.176051,0.105842,0.120991,0.347714,0.349611,0.241015,0.329060,0.209949,0.172518,0.166730,0.214709,0.234513,0.295302,0.111461,0.147242,0.329380,0.014474,0.089208,0.112013,0.209081,0.055909,0.266301,0.166943,-0.014466,0.296177,0.002025,0.271988,0.255318,0.189065,0.009788,0.136336,0.160108,0.178815,0.289781,0.209168,0.177601,0.247352,0.260021,0.078735,0.340958,0.187626,0.201285,0.124731,0.193283,0.219591,#
18,0.266192,0.111107,0.215060,0.176658,0.258805,0.134576,0.228826,0.058166,0.133572,-0.070537,0.311149,0.157321,0.208926,0.202098,0.207257,0.187148,0.187151,0.188549,1.000000,0.214613,0.246721,0.170729,-0.008675,0.355143,0.275347,0.135670,0.211818,0.252404,0.140560,0.180555,0.102046,0.078711,0.242678,0.105548,0.145004,0.253809,0.244823,0.085419,0.179068,0.260938,0.167039,0.311207,0.181271,0.226744,0.135824,0.193916,0.114218,0.165402,0.110632,0.225652,0.218460,0.051344,0.254229,0.175284,0.086363,0.170628,0.165456,0.153603,0.199583,0.021851,0.172362,0.130732,0.185626,0.149636,0.100091,0.283965,0.300506,0.294616,0.198299,0.008327,-0.010367,0.151450,0.108586,0.051458,0.078130,0.203903,0.088148,0.247378,0.241143,0.123986,0.236936,0.071278,0.214381,0.265062,0.241538,-0.070931,0.237772,0.058800,0.205021,0.162954,0.246309,0.127032,0.191705,0.265099,0.208695,0.285533,0.294976,0.130184,0.224472,0.258092,0.123138,0.249046,0.252605,0.180335,0.250694,0.284770,0.195159,0.208748,0.221067,0.246018,0.194761,0.347015,0.163088,0.109714,0.149868,0.184772,0.120448,0.034025,0.213496,0.205969,0.100916,0.181740,0.145232,0.079206,0.234199,0.030751,0.144124,0.134751,0.279908,0.232875,0.233391,0.264189,0.180452,0.118773,0.282248,-0.029386,0.188594,0.288188,0.041445,0.252166,0.273817,0.003161,0.158582,0.128117,0.178278,0.200268,-0.028063,0.081452,0.128666,0.023855,0.080753,0.208539,0.182378,0.176612,0.214998,0.271992,0.275871,0.194298,0.042434,0.327078,0.149590,0.215386,0.141994,0.198420,0.149769,0.133309,0.204151,0.194132,0.104758,0.185337,-0.027833,0.068750,0.205297,0.037552,0.057588,0.149579,0.211054,0.274432,0.315867,0.103361,0.141694,0.189407,0.267542,0.087014,0.176549,0.148176,0.271747,0.262469,0.183890,0.188859,0.139778,0.286480,0.246302,0.055011,0.191402,0.086878,0.074524,0.283583,0.344114,0.201929,#
19,0.322505,0.185867,0.230106,0.198094,0.405766,0.063721,0.142636,0.197431,0.224166,0.276911,0.293790,0.028360,0.351578,0.302405,0.389369,0.210199,0.261492,0.361458,0.214613,1.000000,0.276122,0.254095,0.161305,0.255872,0.069003,0.337635,0.324808,0.154343,0.230940,0.364051,0.067814,0.295479,0.235419,0.150233,0.209390,0.324078,0.051959,0.165340,0.371231,0.110682,0.262979,0.276251,0.116235,0.088009,0.166530,0.322857,0.332942,0.384995,0.162430,0.280520,0.231440,0.203157,0.168965,0.348948,0.228585,0.284849,0.237256,0.210586,0.214945,0.179906,0.354735,0.211861,0.216246,0.218112,0.321319,0.242153,0.252925,0.283453,0.274462,0.282203,0.200272,0.336534,0.295087,0.110033,0.257024,0.384398,0.148241,0.371834,0.347511,0.073816,0.313236,0.319756,0.202751,0.195798,0.414992,0.048971,0.244314,0.182665,0.277512,0.205669,0.129515,0.249687,0.263854,0.196141,0.230293,0.197350,0.306728,0.249959,0.075067,0.178151,0.225093,0.205827,0.301093,0.326883,0.339075,0.300080,0.232884,0.416816,0.113925,0.109857,0.166227,0.224807,0.275006,0.364452,0.281366,0.266366,0.279268,0.296202,0.272090,0.047942,0.406279,0.382109,0.242105,0.349746,0.484759,0.205172,0.265795,0.251883,0.006731,0.213896,0.172784,0.079982,0.374536,0.131723,0.200643,0.254356,0.297132,0.343723,0.204155,0.284831,0.278620,0.266460,0.251410,0.230691,0.228536,0.234839,0.045077,0.310115,0.274887,0.066057,0.159929,0.187964,0.193294,0.402783,0.296476,0.104134,0.176722,0.173967,0.237172,0.187144,0.282385,0.338715,0.274070,0.284490,0.206089,0.175598,0.151491,0.191656,0.232944,0.105672,0.270819,0.141243,0.248169,0.154822,0.173681,0.111847,0.325392,0.330101,0.167329,0.217172,0.119293,0.350773,0.200165,0.240680,0.183090,0.257856,0.205039,0.284756,0.334297,0.218197,0.308597,0.293155,0.166148,0.185011,0.217222,0.199291,0.207714,0.188694,0.342489,0.381335,#
20,0.261881,0.184885,0.301740,0.287573,0.348526,0.271079,0.210390,0.200400,0.261780,0.075514,0.131943,0.105255,0.206485,0.244600,0.198434,0.073904,0.259812,0.383455,0.246721,0.276122,1.000000,0.199031,0.162404,0.266223,0.310330,0.296288,0.187162,0.205332,0.155712,0.223889,0.147123,0.140777,0.280682,0.112778,0.027463,0.200516,0.216605,0.188099,0.134849,0.242394,0.243829,0.381918,0.125044,0.072964,0.296667,0.313541,0.319529,0.191560,0.181303,0.197510,0.038756,0.250741,0.244081,0.219307,0.212334,0.194573,0.285577,0.242380,0.272038,0.139753,0.293349,0.106080,0.326125,0.199763,0.228724,0.144226,0.285176,0.176451,0.408149,0.260833,0.165799,0.222742,0.388946,0.213766,0.072596,0.107362,0.235660,0.386247,0.227090,0.147214,0.101060,0.216494,0.330839,0.142590,0.299989,0.190940,0.280407,0.208775,0.378760,0.271362,0.188834,0.278263,0.205697,0.322042,0.216638,0.270750,0.313303,0.254918,0.138578,0.045939,0.228380,0.123353,0.174375,0.250706,0.188758,0.275079,0.195339,0.199245,0.091148,0.252502,0.284851,0.233896,0.157689,0.293717,0.144094,0.321639,0.330937,0.115006,0.025121,0.157921,0.116948,0.253258,0.109008,0.183705,0.324420,0.175764,0.279568,0.315080,0.225865,0.214519,0.209423,0.262668,0.272100,0.058586,0.344532,0.273943,0.388841,0.278745,0.209906,0.182012,0.265933,0.206254,0.105291,0.269430,0.326579,0.182416,-0.055171,0.210993,0.243765,0.219795,0.272012,0.213501,0.035516,0.153189,0.223659,0.201821,0.164372,0.043724,0.160814,0.441622,0.249568,0.324057,0.225794,0.243470,0.283685,0.157443,0.011524,0.283039,0.118819,0.107417,0.293877,0.093397,0.098524,0.068250,0.080591,0.362343,0.173874,0.135583,0.314238,0.267243,0.158024,0.170944,0.193573,0.286738,0.095530,-0.020248,0.292415,0.205560,0.248307,0.328535,0.192531,0.337186,0.207307,0.092128,0.305767,0.255887,0.215487,0.283873,0.221429,0.165660,#
21,0.233251,0.255415,0.370273,0.232933,0.196451,0.129506,0.141563,0.253782,0.170501,0.105373,0.166054,0.253828,0.085890,0.183763,0.091343,0.080619,0.173945,0.128350,0.170729,0.254095,0.199031,1.000000,0.109641,0.148813,0.213648,0.085654,0.219809,0.267090,0.213383,0.260796,0.151847,0.237096,0.144458,0.261819,-0.043452,0.270602,0.313614,0.216925,0.342027,0.121307,0.140382,0.253305,0.092130,0.260755,0.156974,0.235520,0.258181,0.302329,0.027335,0.155361,0.216543,0.093452,0.202862,0.161445,0.142294,0.189736,0.215147,0.136015,0.014494,0.110955,0.142129,0.005060,0.281266,0.194855,0.298106,0.228899,0.061334,0.159691,0.301104,0.368456,0.242035,0.106847,0.388031,0.311042,0.070748,0.168716,0.165399,0.201289,0.132270,0.142180,0.278692,0.195926,0.149006,-0.027402,0.298666,-0.087144,0.256620,0.102673,0.230377,0.300232,0.066302,0.122147,0.141204,0.152123,0.196990,0.196417,0.266513,0.206204,0.012182,0.234019,0.386146,0.118511,0.108898,0.137848,0.204648,0.250699,0.290526,0.211511,0.161583,0.095750,0.192018,0.215039,0.108551,0.232853,0.115574,0.317762,0.287468,0.127403,0.156835,0.212878,0.162464,0.282862,0.055937,0.329928,0.197753,0.016897,0.187200,0.182969,0.068659,0.048490,0.135128,0.143549,0.294678,0.149236,0.208054,0.123630,0.333163,0.216070,0.058822,0.316389,0.151873,0.288173,0.183654,0.097472,0.220363,0.219450,0.107917,0.204127,0.206669,0.058229,0.038726,0.143805,0.133189,0.064046,0.271218,0.080841,0.032506,0.174311,0.113414,0.180870,0.316654,0.287673,0.138946,0.098788,0.233335,0.090801,0.022457,0.272191,0.093702,0.321261,0.125182,0.090364,0.291998,0.160668,0.034963,0.265725,0.292761,0.214971,0.133603,0.197579,0.130322,0.223484,0.073544,0.216115,-0.043820,0.118440,0.168312,0.252915,0.321481,0.246150,0.281301,0.093521,0.285512,0.057675,0.283727,0.247394,0.137539,0.214173,0.225592,0.226551,#
