0,1.000000,0.112490,0.187624,0.234478,0.214634,0.215518,0.291940,0.164895,0.234198,0.127346,0.248256,0.219904,0.173918,0.170355,0.311543,0.261215,0.392998,0.387572,0.306788,0.345494,0.173995,0.165478,0.337213,0.415666,0.074617,0.082723,0.184045,0.032984,0.174505,0.227990,0.075006,0.334045,0.207448,0.211632,0.365997,0.173958,0.154182,0.109791,0.254620,0.198879,0.208424,0.183805,0.367290,0.058442,0.213068,0.158368,0.155948,0.276186,0.252938,0.324361,0.218405,0.302076,0.236423,0.253034,0.287445,0.238451,0.267702,0.234698,0.212897,0.186560,0.184331,0.363909,0.305796,0.203725,0.285605,0.110425,0.258639,0.218033,0.113847,0.232464,0.127591,0.212598,0.196935,0.341893,0.212349,0.115263,0.401898,0.283469,0.262341,0.095386,0.111338,0.170147,0.269262,0.201861,0.267888,0.274081,0.335143,0.293470,0.271751,0.263874,0.155727,0.098119,0.260877,0.102210,0.191944,0.332185,0.279580,0.100695,0.256343,0.277324,0.209906,0.218431,0.195565,0.294206,0.201725,0.275456,0.269655,0.231421,0.304123,0.005426,0.147905,0.292948,0.128967,0.285697,0.315745,0.312079,0.248936,0.114931,0.168365,0.292631,0.132253,0.212675,0.325772,0.209718,0.358204,0.288008,0.203551,0.148408,0.128456,0.297996,0.196657,0.112926,0.160277,0.116147,0.248199,0.367090,0.222679,0.221232,0.010830,0.199479,0.226596,0.172569,0.128358,0.212792,0.127288,0.002916,0.240728,0.108482,0.188443,0.129908,0.146744,0.299321,0.136173,0.166707,0.215324,0.218664,0.366062,0.304926,0.326784,0.203856,0.328306,0.225063,0.270886,0.134093,0.118504,0.311127,0.149677,0.265698,0.312895,0.225074,0.097263,0.120375,0.301381,0.183132,0.100601,0.279284,0.371003,0.256543,0.241562,0.083118,0.221492,0.299673,0.227159,0.156787,0.121123,0.060231,0.148396,0.349213,0.248842,0.040508,0.112657,0.269785,0.163377,0.253388,0.298156,0.324581,0.177195,0.249165,0.116475,0.254321,#
1,0.112490,1.000000,0.170632,0.122790,0.043990,0.168457,0.199123,0.253777,0.357285,0.229611,0.282118,0.223414,0.193145,0.077762,0.107960,0.115295,0.090090,0.118545,0.124852,0.172129,0.033595,0.272575,0.165320,-0.019203,0.179715,0.033774,0.006806,0.243657,0.074205,0.105600,0.181170,0.125864,0.130836,0.264021,0.009465,0.093988,0.169630,0.112194,0.296656,0.205410,0.241297,0.026684,0.249828,0.058269,0.067583,0.083418,0.272432,0.100524,0.263329,0.112088,0.094143,0.191417,0.129614,0.123789,0.178360,0.121988,0.108369,-0.022362,0.031151,0.116932,0.153386,0.171299,0.119508,0.104742,0.093195,0.332839,0.247248,0.251892,0.148106,0.236918,0.290208,0.224365,0.274458,0.155400,0.220400,0.154481,0.202297,0.112148,0.205467,-0.021001,0.144520,0.094203,0.083144,0.196431,0.293059,0.124871,0.212540,0.344245,0.185619,0.106530,0.130832,0.203471,0.080993,0.209095,0.246101,0.212072,0.092083,0.185414,0.195071,0.156413,0.202950,0.102361,0.113081,0.063224,0.065376,0.236769,0.119092,0.221745,0.228480,0.072920,0.042147,0.185825,0.046900,0.140167,0.144395,0.340711,0.199172,0.010615,0.147213,0.078632,0.028165,0.229320,0.165804,0.150162,0.213615,0.112244,0.143867,0.114669,0.300446,0.184428,0.029024,0.296925,0.043638,0.127918,0.221314,0.135686,0.239353,0.196992,0.123967,0.153001,0.266624,0.161775,0.131049,0.271473,0.277413,0.079959,0.068541,0.051842,0.228648,-0.016266,0.326292,0.244912,0.079381,0.020316,0.223599,0.199225,0.142175,0.193176,-0.003649,0.040528,0.170454,0.208820,0.129922,0.285193,0.116520,0.102626,0.167257,0.044404,0.147620,0.189701,0.134090,0.168008,0.137878,0.069575,0.201244,0.260580,0.127310,0.219058,0.081675,0.072910,0.222576,0.096001,0.246083,0.188528,0.154642,0.164546,0.148070,-0.004522,0.292817,0.279097,0.257647,0.350114,0.076767,0.088151,0.165113,0.004243,0.110757,0.311202,0.008104,0.317213,#
2,0.187624,0.170632,1.000000,0.239880,0.303977,0.234043,0.286641,0.248386,0.309372,0.250897,0.263931,0.219496,0.109294,0.351081,0.253146,0.230089,0.009147,0.218738,0.145555,0.261949,0.241562,0.212502,0.198088,0.239163,0.140889,0.188680,0.335737,0.208896,0.210984,0.210030,0.195306,0.211375,0.253101,0.217456,0.235158,0.102335,0.222711,0.183889,0.320752,0.144616,0.201213,0.146099,0.334750,0.133950,0.169080,0.215628,0.314482,0.086173,0.078909,0.177955,0.186336,0.307992,0.294600,0.212164,0.263886,0.257803,0.286552,-0.007682,0.308887,0.272184,0.453125,0.237520,0.088272,0.229177,0.212400,0.220244,0.101507,0.312274,0.162650,0.193094,0.333392,0.259506,0.132771,0.340221,0.281157,0.132170,0.193666,0.151531,0.209994,0.140028,0.269201,0.179173,0.285569,0.048043,0.395278,0.263108,0.175906,0.369458,0.108265,0.132850,0.252648,0.213907,0.353231,0.321782,0.251493,0.269861,0.211234,0.162325,0.292521,0.151493,0.229032,0.241511,0.122525,0.234505,0.099435,0.285002,0.334255,0.332919,0.171180,0.062568,0.254715,0.218543,0.316381,0.198900,0.150572,0.268010,0.183823,0.240652,0.093693,0.222983,0.134827,0.080189,0.126841,0.285914,0.228255,0.080371,0.216634,0.189404,0.241086,0.286718,0.176994,0.264062,0.241465,0.284829,0.294626,0.140597,0.285109,0.277767,0.302570,0.168143,0.101267,0.351110,0.078431,0.116128,0.309939,0.162259,0.089937,0.146975,0.186585,0.186463,0.284132,0.278393,0.272742,0.314660,0.134261,0.160522,0.161226,-0.008682,0.288520,0.132357,0.082638,0.157753,0.287033,0.222449,0.147881,0.284010,0.135061,0.041306,0.218342,0.227141,0.222450,0.253428,0.319787,0.107219,0.238759,0.247414,0.156361,0.289005,0.139273,0.056111,0.158001,0.426205,0.171759,0.336288,0.185950,0.208829,0.181689,0.109967,0.212875,0.233951,0.230152,0.228487,0.353116,0.291633,0.233251,0.143932,0.090342,0.150678,0.188545,0.383219,#
3,0.234478,0.122790,0.239880,1.000000,0.275165,0.209674,0.279473,0.271217,0.476480,0.319564,0.274272,0.243561,0.181816,0.205416,0.296382,0.164790,0.172477,0.309969,0.406608,0.277337,0.206532,0.311239,0.339514,0.269816,0.155048,0.223431,0.331852,0.265844,0.220731,0.341291,0.244217,0.244696,0.360490,0.403231,0.224991,0.256718,0.154078,0.301278,0.335908,0.325022,0.207625,0.331947,0.392423,0.296532,0.235704,0.234919,0.158291,0.198235,0.143050,0.155866,0.305653,0.220579,0.314350,0.109646,0.191156,0.341982,0.331803,0.172197,0.317229,0.276744,0.222136,0.250502,0.205134,0.242618,0.433834,0.097918,0.145637,0.161345,-0.058739,0.329239,0.198613,0.303550,0.334265,0.199507,0.193551,0.163103,0.240130,0.235446,0.148565,0.151133,0.261627,0.209401,0.382266,0.042037,0.329587,0.256792,0.282220,0.317668,0.225445,0.243038,0.447706,0.305318,0.223080,0.281773,0.337725,0.317413,0.116430,0.218488,0.321147,0.092988,0.173372,0.207888,0.182760,0.047000,0.415604,0.118208,0.340243,0.281841,0.220479,0.124256,0.192622,0.128890,0.204424,0.255629,0.162166,0.281769,0.131223,0.197216,0.182316,0.202818,0.149151,0.311839,0.262143,0.139360,0.227405,0.250492,0.252676,0.409626,0.190749,0.181494,0.319723,0.301673,0.159145,0.269792,0.222916,0.362238,0.217623,0.194327,0.100832,0.245350,0.088707,0.409259,0.332959,0.060132,0.194989,0.376974,0.265360,0.326477,0.167771,0.268225,0.265752,0.162813,0.197933,0.318325,0.225466,0.137038,0.191665,0.136864,0.411826,0.197455,0.197716,0.211939,0.136970,0.165239,0.152491,0.304157,0.307758,0.233046,0.310155,0.259451,0.200562,0.117426,0.232365,0.217439,0.163364,0.316824,0.322359,0.313937,0.144556,0.210088,0.094843,0.374796,0.204956,0.212658,0.190731,0.116037,0.272627,0.181772,0.218790,0.310415,0.400510,0.250221,0.254147,0.255937,0.320334,0.287250,0.260858,0.199826,0.080020,0.265492,#
4,0.214634,0.043990,0.303977,0.275165,1.000000,0.313017,0.263338,0.339430,0.342459,0.355208,0.101915,0.344492,0.241577,0.259544,0.294183,0.227509,0.296536,0.300545,0.253777,0.474481,0.391424,0.289065,0.326931,0.384617,0.106106,0.279978,0.290869,0.087084,0.352128,0.246906,0.268080,0.348292,0.343669,0.400730,0.206219,0.219961,0.346650,0.215787,0.391897,0.269048,0.304572,0.279698,0.313148,0.257634,0.240580,0.304158,0.354164,0.342048,0.164235,0.151541,0.260558,0.304858,0.303058,0.218755,0.294948,0.366693,0.231757,0.184996,0.356548,0.327667,0.228817,0.350235,0.279335,0.158982,0.337307,0.262192,0.142289,0.273485,0.153850,0.263360,0.245126,0.318194,0.336255,0.350445,0.343227,0.117605,0.260341,0.351587,0.264918,0.279669,0.209264,0.305857,0.306411,0.147395,0.353785,0.292848,0.236976,0.268185,0.197394,0.198172,0.391075,0.274095,0.275874,0.199463,0.363547,0.345109,0.302613,0.235373,0.163711,0.237537,0.229059,0.286885,0.292423,0.233557,0.177734,0.302875,0.316107,0.268644,0.333770,0.361303,0.171288,0.294846,0.296395,0.381356,0.226292,0.228272,0.336031,0.311688,0.131845,0.260299,0.052424,0.251916,0.353303,0.222906,0.374396,0.189457,0.213408,0.343422,0.379516,0.335547,0.356467,0.173988,0.295874,0.337906,0.381159,0.288389,0.173283,0.208041,0.301636,0.100819,0.144688,0.288521,0.367350,0.131183,0.313808,0.247057,0.300798,0.257049,0.157309,0.351184,0.250688,0.368348,0.303993,0.448265,0.417911,0.266495,0.356296,0.142414,0.219691,0.269845,0.307508,0.203064,0.331119,0.062947,0.016259,0.307485,0.082040,0.220777,0.296948,0.308251,0.089807,0.236109,0.408245,0.178888,0.285589,0.308282,0.409152,0.378777,0.221009,0.199145,0.171601,0.253969,0.294891,0.215088,0.284141,0.364917,0.122474,0.297334,0.341524,0.421167,0.120457,0.273189,0.187496,0.226870,0.270162,0.356256,0.325154,0.123444,0.374244,0.382892,#
5,0.215518,0.168457,0.234043,0.209674,0.313017,1.000000,0.127774,0.323155,0.322540,0.185885,0.254620,0.203250,0.147983,0.072303,0.293676,0.286996,0.218819,0.315703,0.042296,0.457980,0.197527,0.190900,0.259670,0.228408,0.173993,0.201175,0.365941,0.228368,0.278291,0.163484,0.370255,0.294745,0.336020,0.262881,0.105104,0.273132,0.243648,0.115930,0.288921,0.152316,0.375466,0.174393,0.246096,0.271155,0.247475,0.329314,0.368199,0.225698,0.310735,-0.011038,0.263896,0.238183,0.195994,0.233132,0.012398,0.420668,0.282885,0.072662,0.452711,0.280476,0.176234,0.355076,0.293562,0.325010,0.375794,0.243613,0.059730,0.276087,0.163392,0.081390,0.240998,0.195156,0.305260,0.221281,0.193633,0.289579,0.320430,0.350603,0.252831,0.249101,0.333761,0.161726,0.322084,0.147510,0.113717,0.293776,0.344235,0.385582,0.254762,0.053157,0.143188,0.263100,0.439233,0.415327,0.258487,0.232750,0.209933,0.287786,0.357669,0.256509,0.199176,0.249562,0.282720,0.216137,0.206587,0.335651,0.261748,0.275977,0.141428,0.240067,0.128293,0.397142,0.177491,0.177225,0.177082,0.214676,0.310042,0.138290,0.061091,0.287528,0.046941,0.273677,0.243104,0.296014,0.166881,0.131238,0.330726,0.181356,0.173438,0.298027,0.382123,0.317723,0.309423,0.346983,0.281674,0.238017,0.319184,0.234354,0.174131,0.133344,0.162846,0.143800,0.236968,0.229087,0.390742,0.175431,0.144428,0.160745,0.266428,0.183896,0.281167,0.203391,0.197092,0.226731,0.215298,0.138909,0.397568,0.174372,0.236073,0.217321,0.292877,0.211930,0.274988,0.148134,0.256879,0.221459,-0.006467,0.375340,0.312179,0.308972,0.320058,0.272002,0.239710,0.202020,0.240891,0.191411,0.220507,0.289173,0.247630,0.237474,0.328218,0.292836,0.424758,0.214413,0.262886,0.248929,0.278149,0.220177,0.157950,0.263119,0.185879,0.331900,0.120309,0.178351,0.118286,0.191807,0.179884,0.162904,0.204248,0.305653,#
6,0.291940,0.199123,0.286641,0.279473,0.263338,0.127774,1.000000,0.174004,0.334103,0.134128,0.154283,0.197022,0.310790,0.327349,0.136190,0.160146,0.178040,0.317540,0.201078,0.170650,0.365372,0.260022,0.106467,0.289472,0.194206,0.181673,0.138186,0.218146,0.206515,0.343957,0.181453,0.190032,0.162080,0.250640,0.294362,0.201038,0.121616,0.124488,0.208973,0.288865,0.178540,0.261928,0.338425,0.186230,0.363362,0.084768,0.251958,-0.000646,0.349898,0.202083,0.214531,0.315111,0.235237,0.128883,0.304017,0.236705,0.246331,0.239066,0.324432,0.197133,0.231597,0.186481,0.180232,0.085710,0.392879,0.283937,0.318256,0.142250,0.153824,0.185763,0.194388,0.220694,0.176641,0.432762,0.233387,0.139750,0.306976,0.106429,0.232026,0.083242,0.199699,0.173526,0.257221,0.070817,0.149347,0.247907,0.219754,0.244812,0.252284,0.218255,0.183671,0.196062,0.124034,0.161923,0.197444,0.189112,0.302609,0.238219,0.219238,0.290550,0.174498,0.222607,0.312965,0.131226,0.063473,0.087921,0.282390,0.140853,0.176053,0.091598,0.156480,0.192272,0.024429,0.157234,0.284305,0.146003,0.404677,0.162840,0.214441,0.198099,0.243671,0.207502,0.266207,0.288413,0.309638,0.328250,0.208744,0.234392,0.068849,0.200641,0.157402,0.245357,0.263130,0.161194,0.191415,0.252654,0.255153,0.143461,0.296378,0.253472,0.256544,0.287993,0.143254,0.071797,0.202153,0.266109,0.138515,0.152511,0.178977,0.067530,0.360707,0.256596,0.203632,0.170022,0.155961,0.187083,0.244882,0.228824,0.269589,0.093152,0.192973,0.258041,0.234092,0.212579,0.171960,0.323769,0.197928,0.167457,0.232621,0.139506,0.227480,0.190499,0.155476,0.108951,0.225253,0.238575,0.261056,0.261368,0.227744,0.110021,0.243387,0.206193,0.321402,0.266058,0.159434,0.133588,0.085742,0.271783,0.094608,0.213003,0.105776,0.238463,0.159975,0.305656,0.221987,0.161776,0.205611,0.266235,0.261214,0.287257,#
7,0.164895,0.253777,0.248386,0.271217,0.339430,0.323155,0.174004,1.000000,0.495528,0.279185,0.255520,0.342219,0.247063,0.287733,0.446477,0.134389,0.346603,0.264838,0.270942,0.290117,0.213084,0.301016,0.441036,0.331670,0.335472,0.296965,0.296781,0.323339,0.303728,0.267440,0.107836,0.322496,0.294690,0.299928,0.167148,0.150057,0.314538,0.131096,0.384980,0.222825,0.290821,0.186457,0.337996,0.334929,0.280967,0.347421,0.330918,0.331602,0.154661,0.184048,0.330683,0.243371,0.244575,0.320939,0.216361,0.265092,0.154753,0.279388,0.271817,0.268829,0.156527,0.333541,0.248411,0.113139,0.311386,0.288810,0.181159,0.330540,0.250967,0.491738,0.252608,0.076557,0.449583,0.281630,0.386744,0.159573,0.287268,0.233339,0.363812,0.231451,0.302779,0.291599,0.291565,0.158728,0.304556,0.257201,0.330550,0.382512,0.253257,0.249703,0.181196,0.270913,0.336833,0.331272,0.400331,0.165011,0.275939,0.362876,0.310157,0.262374,0.336560,0.213218,0.251819,0.270852,0.227028,0.355822,0.250232,0.282784,0.225108,0.157024,0.360354,0.199068,0.294503,0.352118,0.347312,0.219180,0.282899,0.111998,0.145503,0.424863,0.220728,0.335849,0.288743,0.424050,0.381271,0.219562,0.379336,0.390731,0.259675,0.148456,0.269571,0.139775,0.351269,0.246325,0.408928,0.411194,0.280139,0.232472,0.231774,0.246471,0.253757,0.311735,0.310972,0.077982,0.286909,0.259122,0.278165,0.161181,0.309454,0.261218,0.255289,0.347483,0.282097,0.319820,0.225225,0.393005,0.242627,0.259980,0.315001,0.259139,0.341214,0.115956,0.435282,0.135124,0.153362,0.313927,0.264486,0.169897,0.200008,0.205035,0.354240,0.407562,0.340167,0.257185,0.285187,0.328184,0.271901,0.298557,0.181338,0.291776,0.401002,0.250185,0.266012,0.230236,0.238194,0.329999,0.179494,0.172564,0.269154,0.326986,0.306447,0.301039,0.215139,0.143921,0.237669,0.226403,0.248373,0.305176,0.224888,0.331416,#
8,0.234198,0.357285,0.309372,0.476480,0.342459,0.322540,0.334103,0.495528,1.000000,0.416788,0.202757,0.302219,0.259301,0.341711,0.407698,0.342813,0.201742,0.344419,0.252157,0.368155,0.180603,0.476614,0.413412,0.275211,0.070957,0.370425,0.294850,0.439092,0.279364,0.378515,0.233974,0.299342,0.304394,0.382148,0.212060,0.236055,0.333742,0.254864,0.302861,0.345020,0.307431,0.411017,0.416198,0.285897,0.246507,0.240389,0.225441,0.261283,0.340527,0.328157,0.353699,0.392842,0.190706,0.312022,0.237783,0.480815,0.254658,0.306039,0.276989,0.390104,0.332384,0.321081,0.419518,0.209057,0.364261,0.425221,0.267885,0.348974,0.266661,0.426780,0.310444,0.273376,0.400026,0.486561,0.308388,0.288586,0.326538,0.319551,0.288992,0.319912,0.313215,0.309595,0.276775,0.176912,0.339352,0.329497,0.248969,0.325959,0.142217,0.306540,0.321318,0.291335,0.337242,0.380241,0.458453,0.296972,0.315031,0.285647,0.350180,0.221038,0.284099,0.328679,0.327330,0.327599,0.332748,0.313376,0.377458,0.341884,0.264156,0.199424,0.260087,0.328891,0.260013,0.308373,0.427639,0.404256,0.326090,0.147909,0.213282,0.388447,0.220699,0.291936,0.402027,0.344755,0.351313,0.378385,0.325833,0.378357,0.260961,0.310498,0.258454,0.186454,0.390821,0.410762,0.500375,0.325388,0.281067,0.272430,0.128489,0.288919,0.156071,0.417832,0.455699,0.228423,0.319766,0.338932,0.376940,0.251493,0.344835,0.248406,0.339449,0.308825,0.251932,0.482534,0.376284,0.333815,0.312720,0.331740,0.326123,0.342020,0.302648,0.214738,0.362133,0.297404,0.250961,0.291265,0.261062,0.195047,0.388814,0.406592,0.295375,0.341058,0.349015,0.249198,0.427308,0.358540,0.241177,0.373751,0.308476,0.190335,0.362839,0.355332,0.202439,0.435424,0.335544,0.359842,0.290358,0.242319,0.304635,0.330277,0.352295,0.324332,0.355133,0.245177,0.319413,0.311467,0.286512,0.287456,0.283318,0.346758,#
9,0.127346,0.229611,0.250897,0.319564,0.355208,0.185885,0.134128,0.279185,0.416788,1.000000,0.263886,0.143396,0.237451,0.232075,0.355594,0.268859,0.200986,0.260802,0.369936,0.413135,0.397482,0.323929,0.340186,0.356765,0.135303,0.111809,0.247664,0.353509,0.197086,0.387086,0.193251,0.162982,0.247155,0.382044,0.318658,0.282736,0.186317,0.162859,0.373775,0.192572,0.385053,0.231943,0.288445,0.149334,0.326679,0.194355,0.262511,0.201470,0.125233,0.174798,0.132916,0.270422,0.177440,0.181263,0.154712,0.376716,0.207617,0.237927,0.305322,0.254384,0.243387,0.279867,0.318574,0.273854,0.335178,0.436443,0.268063,0.326614,0.227217,0.207645,0.398250,0.265113,0.196697,0.279170,0.251535,0.181458,0.128411,0.317514,0.285230,0.360563,0.203193,0.214931,0.214528,0.134697,0.434428,0.163164,0.189530,0.414294,0.178547,-0.035454,0.271844,0.372681,0.349088,0.221719,0.377832,0.229685,0.250100,0.441342,0.344521,0.046920,0.161533,0.186956,0.406162,0.162157,0.362090,0.278714,0.284398,0.153756,0.305540,0.231832,0.314276,0.356899,0.467650,0.361371,0.176342,0.287975,0.203130,0.100227,0.141019,0.205273,0.262619,0.293358,0.332790,0.277370,0.278105,0.110208,0.233260,0.231786,0.363184,0.257040,0.251010,0.248472,0.323160,0.427266,0.337902,0.205247,0.194508,0.234417,0.138908,0.249951,0.034813,0.399128,0.374348,0.263876,0.257206,0.266919,0.251965,0.240224,0.136766,0.243966,0.167066,0.150265,0.289911,0.362068,0.290150,0.315608,0.270823,0.306032,0.281534,0.265198,0.246110,0.209986,0.313783,0.368408,0.287373,0.218963,0.195752,0.173773,0.417552,0.227297,0.362243,0.402487,0.227056,0.276543,0.320002,0.451902,0.161874,0.354505,0.324638,0.261821,0.177088,0.211307,0.245276,0.240448,0.235732,0.372587,0.089200,0.114388,0.459219,0.238856,0.276121,0.268589,0.257456,0.184967,0.243748,0.191142,0.152366,0.235397,0.133285,0.196810,#
10,0.248256,0.282118,0.263931,0.274272,0.101915,0.254620,0.154283,0.255520,0.202757,0.263886,1.000000,0.175367,-0.029617,0.137626,0.167594,0.234156,0.144944,0.113191,0.192571,0.254798,0.180942,0.088769,0.198788,0.206273,0.050989,0.036205,0.178620,0.337823,0.027125,0.253659,0.097564,0.181012,0.155173,0.273841,0.236662,0.175025,0.142140,0.157399,0.212683,0.037864,0.306552,0.122798,0.145234,0.070678,0.229442,0.275572,0.282964,0.185029,0.251298,0.353858,-0.021489,0.179634,0.331388,0.102139,0.093788,0.225091,0.183206,0.059070,0.172706,0.181607,0.166940,0.286220,0.289451,0.306916,0.259129,0.093127,0.154634,0.155315,0.052356,0.177116,0.141285,0.320639,0.227897,0.172490,0.086160,0.206012,0.141602,0.258679,0.160549,0.035877,0.362211,0.170411,0.193986,0.142063,0.267750,0.092092,0.228334,0.385005,0.143093,0.207298,0.188781,0.380017,0.223321,0.336718,0.282571,0.326352,0.042361,0.180267,0.376646,0.243242,0.153296,0.166816,0.169929,0.239514,0.396135,0.012994,0.138917,0.239717,0.150379,0.090503,0.095198,0.163590,0.180555,0.173975,0.175269,0.324047,0.171262,0.065732,0.193214,0.232814,0.194143,0.352344,0.039859,0.130294,-0.008079,0.151018,0.328497,0.234038,0.221709,0.067064,0.056769,0.136218,0.140198,0.179827,0.302322,0.184769,0.139300,0.255586,0.064021,0.125154,0.268922,0.073537,0.135588,0.147954,0.125205,0.036233,0.008083,0.086616,0.213233,0.103108,0.286776,0.197887,0.303449,0.225032,0.118915,0.175825,0.302168,0.133078,0.227478,0.118548,0.304773,0.129166,0.284452,0.261122,0.163578,0.202992,0.314733,0.148656,0.287184,0.259425,0.264910,0.135013,0.061154,0.135391,0.174628,0.148971,0.212597,0.350616,0.103525,0.277077,0.135967,0.099988,0.303706,0.128910,0.172012,0.051079,0.053277,0.085606,0.125854,0.280291,0.267627,0.144344,0.184609,0.114979,0.263126,0.131898,-0.009930,0.272649,0.162343,0.346159,#
11,0.219904,0.223414,0.219496,0.243561,0.344492,0.203250,0.197022,0.342219,0.302219,0.143396,0.175367,1.000000,0.226743,0.213758,0.241741,0.091703,0.182322,0.322600,0.216284,0.138219,0.194919,0.306837,0.241924,0.149129,0.172304,0.298890,0.086944,0.318125,0.246859,0.250489,0.264664,0.273594,0.256599,0.276844,0.215398,0.096593,0.404486,0.148987,0.158878,0.367493,0.246484,0.310996,0.312097,0.185107,0.140359,0.306684,0.387342,0.211584,0.200476,0.213086,0.210275,0.307314,0.247923,0.338848,0.249011,0.210970,0.007072,0.274716,0.223275,0.216469,0.135316,0.191947,0.370952,0.113921,0.305169,0.285038,0.243086,0.285170,0.247454,0.363012,0.262109,0.232965,0.254796,0.258228,0.208191,0.040607,0.287273,0.263796,0.195807,-0.023279,0.262632,0.267347,0.246343,0.025201,0.244103,0.179163,0.113168,0.237662,0.210358,0.101195,0.182463,0.371393,0.274975,0.245055,0.329180,0.390418,0.185706,0.199184,0.234949,0.163248,0.163892,0.281242,0.210594,0.195115,0.256158,0.377588,0.220109,0.350177,0.349719,0.213483,0.375941,0.228644,0.292802,0.281615,0.026342,0.354075,0.210791,0.302498,0.047743,0.357724,0.077815,0.278349,0.311694,0.157702,0.268450,0.201803,0.224045,0.233800,0.285947,0.210745,0.197856,0.288244,0.356684,0.329529,0.253283,0.207479,0.246634,0.263008,0.131615,0.279749,0.217960,0.145428,0.187165,0.200941,0.386975,0.143334,0.358600,0.209427,0.149627,0.206915,0.266603,0.244186,0.187239,0.245631,0.328799,0.206320,0.294377,0.133114,0.330751,0.144814,0.159705,0.257072,0.270437,0.122922,0.267693,0.062221,0.214937,0.140915,0.279623,0.368942,0.217952,0.202468,0.232803,0.288051,0.158913,0.259481,0.104679,0.241137,0.142675,0.330686,0.314370,0.151650,0.342769,0.172730,0.298230,0.158300,0.102298,0.280144,0.293641,0.355455,0.314713,0.183379,0.354643,0.289347,0.303727,0.238023,0.226328,0.292462,0.171231,0.267672,#
12,0.173918,0.193145,0.109294,0.181816,0.241577,0.147983,0.310790,0.247063,0.259301,0.237451,-0.029617,0.226743,1.000000,0.216279,0.333836,0.111703,0.361302,0.332204,0.306526,0.290606,0.210074,0.274100,0.255497,0.241707,0.046612,0.130385,0.185931,0.252099,0.289236,0.118611,0.111611,0.224551,0.281375,0.222282,0.225510,0.190311,0.212341,0.103442,0.159927,0.317347,0.066395,0.105507,0.216059,0.390356,0.172853,0.211078,0.264346,0.062089,0.193536,0.096570,0.295698,0.137844,0.209505,0.213365,0.270837,0.176471,0.057927,0.213599,0.199141,0.068831,0.060539,0.328760,0.050776,0.216348,0.350744,0.240023,0.150946,0.193938,0.193420,0.199498,0.207602,0.155903,0.325041,0.227228,0.317431,0.251771,0.236812,0.073011,0.156483,0.096534,0.195493,0.177705,0.163382,0.167549,0.066553,0.212069,0.198897,0.244885,0.291211,0.137791,0.151648,0.096296,0.125208,0.108267,0.215144,0.295207,0.405939,0.353958,0.167642,0.037811,0.098371,0.274334,0.277320,0.294223,0.199827,0.132194,0.246032,0.140554,0.155938,0.144855,0.247177,0.118417,0.171093,0.192557,0.322308,0.160469,0.391795,0.076587,0.176273,0.087129,0.183718,0.243669,0.303900,0.305586,0.290976,0.134691,0.093837,0.058845,0.045713,0.159617,0.176129,0.171855,0.074000,0.234211,0.252180,0.110448,0.275642,0.235615,0.269675,0.062801,0.178938,0.342484,0.276395,0.071441,0.249008,0.173138,0.223489,0.203684,0.118415,0.353668,0.171838,0.320247,0.225097,0.137033,0.146222,0.419276,0.186492,0.110751,0.238782,0.184981,0.226750,0.314452,0.329341,0.169289,0.370162,0.154636,0.274712,0.243821,0.114845,0.141629,0.267933,0.260861,0.163350,0.211452,0.155598,0.207039,0.233493,0.332372,0.258861,0.024765,0.227308,0.249197,0.284392,0.214640,0.035057,0.223159,0.183259,0.366336,0.202042,0.080077,0.197970,0.141558,0.218659,0.268086,0.190656,0.204729,0.149951,0.201836,0.216799,0.098349,#
13,0.170355,0.077762,0.351081,0.205416,0.259544,0.072303,0.327349,0.287733,0.341711,0.232075,0.137626,0.213758,0.216279,1.000000,0.253944,0.180764,0.274945,0.318113,0.323218,0.250898,0.343832,0.312322,0.387055,0.299064,0.064825,0.293081,0.207266,0.381905,0.354105,0.373653,0.085003,0.275458,0.349431,0.288715,0.258622,0.099578,0.255057,0.215017,0.234866,0.290711,0.352266,0.342873,0.343363,0.191473,0.424591,0.231641,0.220237,0.245595,0.340098,0.182799,0.172956,0.424891,0.200201,0.305399,0.284196,0.267191,0.141519,0.242147,0.228516,0.221722,0.254210,0.324896,0.230835,0.237828,0.325624,0.245734,0.292441,0.199870,0.308049,0.241492,0.202195,0.230195,0.023560,0.357704,0.383960,0.262778,0.237441,0.270963,0.289459,0.271334,0.245609,0.236298,0.391113,0.131761,0.263758,0.221708,0.127530,0.238206,0.332563,0.234340,0.274548,0.229989,0.391073,0.339173,0.400853,0.168967,0.261146,0.266600,0.269647,0.385703,0.233464,0.242597,0.181427,0.414393,0.214765,0.349843,0.235591,0.279532,0.239191,0.221861,0.310744,0.274406,0.383903,0.350413,0.296056,0.308694,0.187580,0.376214,0.226502,0.416991,0.244428,0.270815,0.215746,0.151832,0.276093,0.073131,0.170799,0.113667,0.235131,0.192788,0.102738,0.306807,0.275377,0.216896,0.434956,0.213370,0.216354,0.189248,0.306549,0.234014,-0.066246,0.294263,0.442712,0.157627,0.125273,0.282887,0.300088,0.247501,0.221468,0.201425,0.214382,0.320587,0.249679,0.408344,0.190497,0.381512,0.198365,0.115178,0.308301,0.304778,0.306787,0.245807,0.289351,0.274336,0.227783,0.307098,0.282616,0.203229,0.329813,0.163566,0.241526,0.280057,0.251836,0.221512,0.334510,0.253988,0.194309,0.452435,0.299301,0.177120,0.203112,0.355164,0.288449,0.293005,0.287746,0.283082,0.214928,0.237831,0.055162,0.194556,0.347342,0.253526,0.329536,0.365311,0.353537,0.209202,0.285243,0.166926,0.312318,0.264674,#
14,0.311543,0.107960,0.253146,0.296382,0.294183,0.293676,0.136190,0.446477,0.407698,0.355594,0.167594,0.241741,0.333836,0.253944,1.000000,0.368758,0.326627,0.273566,0.380871,0.382437,0.289307,0.198549,0.313721,0.329718,0.194685,0.146464,0.330579,0.292369,0.413793,0.277676,0.222420,0.402211,0.313179,0.273509,0.321667,0.210655,0.266132,0.216988,0.305916,0.282953,0.213191,0.190047,0.400071,0.242340,0.275718,0.304717,0.218479,0.171530,0.072868,0.218464,0.245626,0.235425,0.170584,0.377132,0.246581,0.291466,0.260088,0.249208,0.353677,0.244161,0.256209,0.370307,0.289293,0.397527,0.258983,0.179448,0.205664,0.299221,0.168585,0.383483,0.302782,0.202387,0.294299,0.205479,0.374989,0.242269,0.451914,0.274854,0.196921,0.097761,0.343269,0.359323,0.366934,0.337361,0.270691,0.278962,0.248734,0.419881,0.231177,0.112373,0.144989,0.168873,0.391753,0.394115,0.326214,0.421220,0.542098,0.343317,0.387092,0.078889,0.236427,0.249855,0.364083,0.194813,0.382665,0.247257,0.247281,0.195906,0.094380,0.111180,0.277600,0.234917,0.331364,0.311734,0.277283,0.345244,0.357602,0.116319,0.206008,0.269137,0.332666,0.327789,0.356509,0.321741,0.409317,0.117093,0.197845,0.424333,0.195116,0.377087,0.212240,0.215621,0.310529,0.356609,0.401397,0.305956,0.235230,0.343540,0.201305,0.197069,0.079125,0.310656,0.296974,0.250180,0.237037,0.384103,0.273389,0.218548,0.210651,0.160066,0.288637,0.286513,0.212481,0.311260,0.381391,0.340845,0.373700,0.177974,0.238952,0.249826,0.274013,0.189931,0.373562,0.220919,0.202252,0.288673,0.263071,0.177824,0.326613,0.345722,0.230541,0.278752,0.311984,0.348999,0.226442,0.398843,0.270035,0.329190,0.274375,0.077483,0.370855,0.403686,0.292797,0.208183,0.251900,0.190556,0.246447,0.137492,0.162071,0.239305,0.106327,0.273100,0.392198,0.282671,0.302405,0.207400,0.249311,0.149060,0.294028,0.174687,#
15,0.261215,0.115295,0.230089,0.164790,0.227509,0.286996,0.160146,0.134389,0.342813,0.268859,0.234156,0.091703,0.111703,0.180764,0.368758,1.000000,0.221918,0.284926,0.151568,0.277731,0.100756,0.217751,0.270231,0.311442,0.103816,0.171027,0.172393,0.202077,0.168383,0.379194,0.110923,0.314371,0.141649,0.227406,0.206182,0.291219,0.293687,0.114275,0.303793,0.145517,0.162060,0.210292,0.235014,0.190602,0.287114,0.182316,0.190476,0.339129,0.177651,0.265793,0.037509,0.367991,0.171476,0.192623,0.179210,0.204348,0.218432,0.058161,0.223380,0.212866,0.272537,0.258560,0.255713,0.307192,0.212107,0.281512,0.178726,0.177934,0.052306,0.013971,0.248439,0.101251,0.060615,0.217444,0.248766,0.155065,0.262978,0.237702,0.184775,0.098087,0.399683,0.211070,-0.015577,0.204796,0.333014,0.279683,0.117094,0.443911,0.115980,0.111876,0.174040,0.121005,0.178217,0.169687,0.190539,0.267257,0.278063,0.163900,0.136108,0.074634,0.305310,0.133091,0.304467,0.289335,0.175179,0.202688,0.321760,0.214800,0.069120,0.232678,0.041861,0.212755,0.189738,0.239577,0.063313,0.211175,0.175843,0.151422,0.111930,0.152777,0.214451,0.144227,0.201218,0.141994,0.119954,0.190470,0.323463,0.271213,0.133334,0.426419,-0.037480,0.052900,0.175605,0.171606,0.244269,0.122139,0.054535,0.011328,0.165327,0.144771,0.046422,0.133522,0.245842,0.042332,0.164582,0.146014,0.137001,0.184961,0.173671,0.077609,0.241854,0.102100,0.284279,0.300813,0.156361,0.169801,0.364801,0.184245,0.154553,0.241392,0.171465,0.135103,0.327578,-0.041107,0.220857,0.271423,0.234196,0.296938,0.381986,0.102106,0.036892,0.342493,0.000261,0.210441,0.157738,0.298450,0.233000,0.260234,0.158855,0.179369,0.223882,0.203053,0.218094,0.272383,0.197676,0.246467,-0.009582,0.193093,0.005841,0.177895,0.125070,0.245109,0.235537,0.147305,0.134618,0.183944,0.259944,0.251424,0.196008,0.190086,#
16,0.392998,0.090090,0.009147,0.172477,0.296536,0.218819,0.178040,0.346603,0.201742,0.200986,0.144944,0.182322,0.361302,0.274945,0.326627,0.221918,1.000000,0.296803,0.148829,0.357302,0.325879,0.206264,0.158213,0.248002,0.112822,0.256067,0.261279,0.044471,0.159157,0.280949,0.072525,0.320500,0.328604,0.382992,0.236348,0.179520,0.354444,0.107806,0.314328,0.255849,0.211659,0.199698,0.302488,0.202524,0.201226,0.254632,0.132196,0.136635,0.217583,0.275312,0.155003,0.162752,0.259132,0.460614,0.251495,0.256348,0.055066,0.238089,0.302432,0.138819,0.033713,0.382906,0.193669,0.204647,0.283311,0.193025,0.115899,0.252476,0.250137,0.287164,0.092509,0.125053,0.292325,0.287856,0.260074,0.150275,0.217181,0.264644,0.248837,0.240082,0.268455,0.225869,0.194515,0.300766,0.253779,0.298735,0.290961,0.283176,0.283765,0.187337,0.183495,0.180477,0.271193,0.148475,0.338732,0.328037,0.303825,0.261100,0.263813,0.199481,0.027346,0.139898,0.270780,0.293908,0.149500,0.366254,0.290742,0.174043,0.217795,0.139984,0.257829,0.307555,0.328327,0.230085,0.340273,0.314112,0.408087,0.182112,0.197503,0.218049,0.318113,0.385752,0.328219,0.283268,0.415539,0.258411,0.259656,0.231420,0.180527,0.213891,0.227119,0.145535,0.239496,0.056330,0.345222,0.264231,0.177398,0.147357,0.127590,0.200608,0.110964,0.174163,0.250898,0.163316,0.202910,0.125210,0.268465,0.127771,0.283369,0.381674,0.097863,0.330962,0.163272,0.219931,0.232040,0.363201,0.350946,0.215571,0.288665,0.359183,0.206844,0.221324,0.305105,0.145569,0.172317,0.240374,0.219747,0.323228,0.261818,0.064255,0.280993,0.374363,0.182050,0.164870,0.198708,0.181059,0.200383,0.258094,0.324372,0.086220,0.073341,0.235052,0.272544,0.057148,0.311062,0.358224,0.205796,0.314073,0.188576,0.195272,0.302837,0.192775,0.185539,0.184728,0.206794,0.193875,0.245721,0.063244,0.143267,0.185966,#
17,0.387572,0.118545,0.218738,0.309969,0.300545,0.315703,0.317540,0.264838,0.344419,0.260802,0.113191,0.322600,0.332204,0.318113,0.273566,0.284926,0.296803,1.000000,0.225886,0.307229,0.318121,0.295383,0.289733,0.451296,0.236135,0.287607,0.330767,0.221935,0.234784,0.276676,0.236114,0.232969,0.260796,0.308374,0.291686,0.349466,0.194558,0.253631,0.396843,0.298153,0.419886,0.382947,0.413308,0.272900,0.262439,0.245836,0.244650,0.388323,0.312826,0.258015,0.299830,0.365691,0.260756,0.219216,0.248419,0.342682,0.211128,0.129249,0.350901,0.084400,0.237753,0.326314,0.135560,0.261514,0.301986,0.430223,0.291685,0.362419,0.234687,0.261140,0.203771,0.323725,0.134858,0.231573,0.218360,0.205820,0.310624,0.238934,0.274942,0.222588,0.263853,0.259619,0.276941,0.164174,0.195719,0.245281,0.361159,0.223839,0.295779,0.200110,0.285401,0.199506,0.385989,0.271010,0.299137,0.435596,0.317902,0.189199,0.164086,0.212076,0.286592,0.057489,0.238687,0.302597,0.222174,0.215389,0.365491,0.249762,0.247634,0.174285,0.268620,0.260066,0.164138,0.366459,0.273935,0.165837,0.171910,0.267702,0.144177,0.289970,0.188131,0.307366,0.315008,0.254815,0.422659,0.374401,0.281601,0.187054,0.174415,0.304432,0.392542,0.280555,0.341497,0.209494,0.176151,0.293828,0.274660,0.254124,0.348461,0.335045,0.232342,0.343465,0.438991,0.231777,0.281922,0.275277,0.270905,0.317917,0.209745,0.152637,0.316045,0.150742,0.180170,0.322005,0.339515,0.421273,0.432301,0.257625,0.314087,0.222241,0.215250,0.258148,0.406554,0.269696,0.216276,0.314057,0.117173,0.267338,0.434564,0.189848,0.356517,0.174548,0.239460,0.182495,0.269426,0.235861,0.351709,0.298216,0.260569,0.327709,0.228265,0.465920,0.293285,0.312007,0.307305,0.257996,0.256832,0.382002,0.233581,0.141659,0.188294,0.306846,0.334365,0.295076,0.391831,0.405427,0.189462,0.384272,0.176543,0.280473,#
18,0.306788,0.124852,0.145555,0.406608,0.253777,0.042296,0.201078,0.270942,0.252157,0.369936,0.192571,0.216284,0.306526,0.323218,0.380871,0.151568,0.148829,0.225886,1.000000,0.393804,0.249679,0.252228,0.351418,0.276575,0.156011,0.193059,0.117368,0.292112,0.225864,0.191264,-0.035288,0.229927,0.268970,0.352854,0.341237,0.257850,0.219450,0.181364,0.213195,0.304715,0.317723,0.085132,0.275111,0.158818,0.357922,0.163055,0.235206,0.162758,0.064977,0.191760,0.107081,0.229129,0.311535,0.132987,0.271501,0.253698,0.172533,0.240610,0.205045,0.250079,0.214413,0.223096,0.311340,0.155185,0.415112,0.164969,0.220177,0.227626,-0.039137,0.205266,0.248152,0.086191,0.194460,0.193540,0.322127,0.207982,0.343943,0.225847,0.250537,0.146695,0.164336,0.148455,0.306265,0.205821,0.213846,0.156028,0.240534,0.242773,0.197267,0.128516,0.302762,0.186912,0.212182,0.198886,0.427249,0.304675,0.315442,0.258825,0.249346,0.227530,0.287785,0.256412,0.250851,0.265089,0.433586,0.258120,0.192821,0.097411,0.193219,0.029413,0.304170,0.116237,0.378077,0.305584,0.100023,0.166272,0.156558,0.011552,0.152536,0.266146,0.256080,0.341296,0.206767,0.014345,0.213414,0.061789,0.141290,0.260829,0.286621,0.156750,0.089059,0.282192,0.107319,0.257281,0.267728,0.317046,0.280558,0.266684,0.090502,0.148302,0.060307,0.318660,0.313244,0.266395,0.145573,0.363171,0.262166,0.136099,0.112976,0.209181,0.179339,0.336152,0.230273,0.287655,0.155501,0.300461,0.224353,0.254467,0.233907,0.256161,0.300062,0.157125,0.305570,0.212681,0.232127,0.356875,0.292448,0.195952,0.241542,0.268637,0.176717,0.295371,0.243754,0.201801,0.074566,0.314618,0.262813,0.353438,0.169209,0.210216,0.179047,0.226980,0.256410,0.200956,0.222927,0.125470,0.348196,0.150313,0.163435,0.149036,0.323078,0.204473,0.192203,0.342036,0.342788,0.259116,0.131854,0.164026,0.258687,0.211338,#
19,0.345494,0.172129,0.261949,0.277337,0.474481,0.457980,0.170650,0.290117,0.368155,0.413135,0.254798,0.138219,0.290606,0.250898,0.382437,0.277731,0.357302,0.307229,0.393804,1.000000,0.284900,0.196079,0.345323,0.331945,0.171054,0.168685,0.350179,0.220579,0.293552,0.360928,0.269747,0.280970,0.219264,0.285414,0.207591,0.246534,0.345294,0.115191,0.329293,0.293916,0.367802,0.183878,0.290876,0.205899,0.265822,0.293039,0.346912,0.193799,0.318767,0.209746,0.133602,0.297718,0.213122,0.284842,0.195418,0.330212,0.288613,0.158114,0.377550,0.198431,0.259541,0.484830,0.366036,0.317772,0.402914,0.210570,0.210302,0.298203,0.093251,0.173679,0.327437,0.174842,0.252840,0.308179,0.287511,0.263932,0.292538,0.308010,0.404540,0.243395,0.263678,0.157890,0.350187,0.250109,0.228106,0.362558,0.243758,0.427101,0.301852,0.038723,0.254553,0.275757,0.418943,0.268387,0.337185,0.379350,0.407001,0.295871,0.205428,0.224891,0.232647,0.194586,0.312530,0.317658,0.298909,0.364420,0.307376,0.301108,0.186197,0.065435,0.123801,0.273367,0.341658,0.338417,0.285242,0.180562,0.360015,0.274724,0.174735,0.144638,0.150592,0.380984,0.354800,0.276144,0.406489,0.157474,0.362111,0.237308,0.311941,0.362335,0.276083,0.258367,0.242809,0.290034,0.441747,0.226269,0.276892,0.302101,0.153660,0.164493,0.058573,0.253195,0.343282,0.182180,0.295334,0.274353,0.241891,0.150111,0.318606,0.291873,0.304962,0.452344,0.268064,0.320412,0.293507,0.374096,0.398785,0.231960,0.327371,0.375576,0.432079,0.191093,0.318173,0.143061,0.323247,0.325311,0.153228,0.277133,0.377843,0.255665,0.255099,0.356520,0.365974,0.252029,0.264592,0.266133,0.287933,0.436108,0.336370,0.188144,0.110054,0.405869,0.368782,0.386503,0.403209,0.227889,0.221544,0.258279,0.271849,0.241410,0.329696,0.356385,0.219116,0.327495,0.242743,0.353962,0.140062,0.172126,0.356131,0.277922,#
20,0.173995,0.033595,0.241562,0.206532,0.391424,0.197527,0.365372,0.213084,0.180603,0.397482,0.180942,0.194919,0.210074,0.343832,0.289307,0.100756,0.325879,0.318121,0.249679,0.284900,1.000000,0.349220,0.169380,0.258746,0.139525,0.299590,0.289410,0.154292,0.247537,0.302080,0.033399,0.158666,0.261593,0.349759,0.297550,0.377447,0.325963,0.141376,0.386983,0.312753,0.271458,0.375868,0.179879,0.146393,0.384367,0.263516,0.344408,0.093079,0.128452,0.166450,0.114085,0.304512,0.159043,0.315636,0.299746,0.255609,0.244153,0.298601,0.286174,0.144845,0.268277,0.294244,0.342710,0.114176,0.278973,0.252483,0.199674,0.182454,0.255584,0.324652,0.377006,0.221294,0.064448,0.279793,0.302140,0.103054,0.222077,0.268936,0.158468,0.208475,0.160075,0.335828,0.392030,0.149538,0.213654,0.178579,0.313147,0.220308,0.314729,0.197156,0.304896,0.315115,0.293180,0.335959,0.449851,0.212651,0.209089,0.306307,0.286102,0.175215,0.282202,0.182063,0.395048,0.178616,0.271373,0.146600,0.264924,0.229318,0.134701,0.363145,0.274257,0.350370,0.257621,0.156672,0.305443,0.253699,0.364270,0.350780,0.110129,0.357399,0.241991,0.277690,0.242471,0.344106,0.246192,0.245742,0.259420,0.153086,0.435617,0.301646,0.352900,0.225753,0.201723,0.359133,0.316926,0.135499,0.216685,0.147435,0.243583,0.250849,0.163380,0.252614,0.259065,0.196123,0.262481,0.234541,0.203620,0.119376,0.105991,0.397608,0.312903,0.275401,0.210915,0.423541,0.239282,0.284833,0.255425,0.133269,0.240028,0.336905,0.192885,0.321196,0.301671,0.240268,0.285692,0.081864,0.086605,0.246311,0.387063,0.215824,0.294653,0.193851,0.344430,0.071431,0.142947,0.268562,0.082418,0.306009,0.396052,0.120964,0.204344,0.244914,0.250205,0.213798,0.176765,0.150968,0.225565,0.344126,0.165949,0.261483,0.075839,0.197004,0.179782,0.421066,0.206689,0.154424,0.217337,0.167182,0.310284,0.287300,#
21,0.165478,0.272575,0.212502,0.311239,0.289065,0.190900,0.260022,0.301016,0.476614,0.323929,0.088769,0.306837,0.274100,0.312322,0.198549,0.217751,0.206264,0.295383,0.252228,0.196079,0.349220,1.000000,0.217012,0.262271,0.123073,0.244644,0.232546,0.205468,0.230995,0.258720,0.174003,0.269612,0.301210,0.281136,0.308171,0.296568,0.415870,0.314833,0.358621,0.228645,0.272829,0.323838,0.227720,0.261991,0.241949,0.249171,0.226507,0.260907,0.243522,0.072182,0.197758,0.333612,0.060164,0.173917,0.296086,0.277958,0.229071,0.236960,0.241548,0.102080,0.323727,0.183874,0.332714,0.110299,0.406756,0.345139,0.230413,0.306392,0.223824,0.217644,0.336007,0.233856,0.249173,0.410138,0.350727,0.155597,0.211744,0.241939,0.212819,0.272141,0.166437,0.215546,0.255844,0.003196,0.340816,0.195306,0.307985,0.281840,0.218643,0.291648,0.200881,0.117450,0.213017,0.257131,0.382273,0.233133,0.305433,0.181146,0.149044,0.213615,0.301530,0.324423,0.389916,0.167064,0.205324,0.345417,0.160890,0.110732,0.243202,0.304664,0.333931,0.315686,0.190487,0.264733,0.176315,0.366035,0.412552,0.162433,0.067809,0.260063,0.183170,0.350573,0.295880,0.241058,0.289868,0.170993,0.243749,0.328365,0.273184,0.240003,0.322887,0.292778,0.365583,0.244879,0.246180,0.224311,0.124493,0.110364,0.189574,0.296066,0.201794,0.304797,0.285659,0.270243,0.294554,0.322552,0.310109,0.256511,0.198863,0.330632,0.313844,0.217242,0.130694,0.360820,0.356656,0.404891,0.247473,0.162526,0.227146,0.288031,0.252945,0.313969,0.342082,0.294770,0.354264,0.155846,0.211318,0.285642,0.263095,0.369911,0.265635,0.186145,0.194679,0.056017,0.251351,0.388039,0.084540,0.392095,0.181778,0.158045,0.247845,0.308052,0.241761,0.280352,0.213655,0.294789,0.191942,0.222907,0.152502,0.358531,0.307017,0.206210,0.240825,0.363258,0.347476,0.203320,0.303577,0.326654,0.248302,0.210426,#
