0,1.000000,0.226649,0.297805,0.315095,0.281027,0.293629,0.327599,0.306213,0.340612,0.188052,0.315161,0.341673,0.279029,0.296330,0.291024,0.424740,0.446698,0.445601,0.372593,0.411459,0.227003,0.234843,0.386964,0.428676,0.117242,0.240916,0.252937,0.223649,0.280494,0.304504,0.199608,0.446346,0.259943,0.322553,0.412488,0.230315,0.271365,0.204938,0.354845,0.307300,0.305392,0.237024,0.468725,0.178243,0.310669,0.220685,0.196655,0.335071,0.329672,0.351020,0.307098,0.416805,0.327806,0.401286,0.394201,0.293037,0.368992,0.382695,0.304482,0.312500,0.310548,0.360085,0.378015,0.314592,0.401226,0.209824,0.346580,0.261984,0.187434,0.236707,0.212402,0.287919,0.365678,0.430608,0.260333,0.194211,0.449202,0.299993,0.372574,0.241673,0.260802,0.238357,0.372142,0.295006,0.334488,0.397503,0.395333,0.384121,0.291108,0.388362,0.239822,0.229810,0.354785,0.137830,0.254226,0.358854,0.307569,0.259696,0.300778,0.392503,0.349220,0.259553,0.295484,0.393307,0.260870,0.395164,0.259716,0.365931,0.310810,0.047540,0.249309,0.303323,0.259788,0.374891,0.433360,0.420812,0.336091,0.227447,0.292301,0.342872,0.248510,0.337568,0.475303,0.320245,0.466305,0.374879,0.238439,0.241980,0.244165,0.380056,0.299386,0.200693,0.267860,0.232786,0.325540,0.427156,0.262071,0.362518,0.170574,0.318660,0.272706,0.249072,0.174565,0.301265,0.230412,0.054618,0.287182,0.169405,0.292339,0.269585,0.223582,0.387943,0.310207,0.263371,0.288479,0.317484,0.474154,0.372017,0.493219,0.297252,0.392601,0.402704,0.370630,0.258546,0.265446,0.346734,0.308732,0.371681,0.435225,0.259734,0.189581,0.292531,0.372326,0.370229,0.237783,0.401306,0.441779,0.356240,0.274578,0.123986,0.295624,0.364339,0.285690,0.274087,0.233363,0.178908,0.168631,0.357904,0.315528,0.143476,0.263044,0.361841,0.272954,0.341994,0.384894,0.384893,0.246725,0.301275,0.299755,0.336257,#
1,0.226649,1.000000,0.306869,0.249306,0.287493,0.310160,0.257317,0.368246,0.483988,0.331036,0.401403,0.335793,0.359478,0.221067,0.253549,0.323978,0.276513,0.319672,0.297363,0.381133,0.155855,0.340919,0.319931,0.163017,0.241459,0.197549,0.156091,0.394601,0.284575,0.233641,0.354304,0.319856,0.272961,0.375510,0.241728,0.284160,0.299978,0.245999,0.444139,0.263552,0.336974,0.167725,0.378772,0.163715,0.243787,0.262072,0.334137,0.183129,0.417875,0.275064,0.244105,0.374237,0.281630,0.272533,0.384878,0.236062,0.260173,0.167428,0.173994,0.194096,0.273852,0.264051,0.193912,0.259217,0.301763,0.445958,0.355948,0.354692,0.268365,0.335113,0.374484,0.404858,0.413088,0.265436,0.385079,0.301885,0.260451,0.260522,0.380672,0.204407,0.296192,0.207436,0.292492,0.309409,0.405999,0.309333,0.281065,0.438643,0.276096,0.210696,0.257200,0.311620,0.315351,0.279448,0.335896,0.309432,0.251435,0.319902,0.270171,0.283295,0.358820,0.192690,0.251734,0.210951,0.184884,0.405107,0.148837,0.320976,0.345676,0.165184,0.201095,0.248944,0.252768,0.366937,0.288729,0.384239,0.284097,0.211417,0.308342,0.206021,0.221375,0.288465,0.343457,0.280718,0.381021,0.257521,0.217428,0.233157,0.443719,0.367373,0.181956,0.380424,0.208305,0.248748,0.374234,0.325963,0.330389,0.337715,0.283623,0.291071,0.377761,0.291899,0.281184,0.420888,0.328508,0.168882,0.174868,0.230216,0.351719,0.187189,0.420773,0.347479,0.272712,0.197198,0.396855,0.365627,0.340901,0.301062,0.260887,0.223850,0.259191,0.351918,0.309533,0.410451,0.232193,0.172506,0.381102,0.203637,0.340980,0.243826,0.266763,0.332176,0.298078,0.258529,0.326873,0.403699,0.353497,0.391549,0.125382,0.124077,0.321111,0.239842,0.383115,0.352200,0.298111,0.327036,0.250839,0.086742,0.451432,0.376121,0.389665,0.451116,0.281252,0.259096,0.297573,0.147168,0.188789,0.424337,0.242579,0.411389,#
2,0.297805,0.306869,1.000000,0.347864,0.429168,0.365568,0.371833,0.358515,0.448438,0.329685,0.345823,0.328577,0.241141,0.376983,0.277605,0.385319,0.182057,0.359734,0.284591,0.388262,0.315826,0.312038,0.312180,0.334482,0.224109,0.313607,0.433914,0.341222,0.348053,0.326882,0.376294,0.323103,0.354093,0.345033,0.365615,0.256119,0.306094,0.296130,0.447083,0.213817,0.297470,0.242124,0.445974,0.222505,0.286897,0.294178,0.353220,0.183438,0.241073,0.289419,0.298074,0.439237,0.411196,0.338884,0.412550,0.358139,0.371643,0.174865,0.376607,0.353342,0.509196,0.313665,0.186002,0.335728,0.355221,0.368809,0.178850,0.370143,0.237357,0.344613,0.408426,0.389201,0.287941,0.413819,0.369493,0.203778,0.307427,0.245843,0.350860,0.340593,0.348777,0.258830,0.435505,0.110833,0.486029,0.345707,0.247081,0.477624,0.207271,0.222876,0.359517,0.318832,0.498463,0.358779,0.323022,0.345895,0.279525,0.295607,0.390141,0.260404,0.369601,0.302325,0.265746,0.303685,0.203508,0.396670,0.393049,0.393889,0.301872,0.128377,0.382639,0.256390,0.396114,0.355750,0.271878,0.328536,0.314953,0.344166,0.247823,0.308103,0.246574,0.191002,0.298850,0.399201,0.339783,0.219310,0.275089,0.283426,0.380750,0.438507,0.297781,0.327772,0.375041,0.395646,0.386737,0.296477,0.351628,0.392230,0.372398,0.277883,0.204898,0.412531,0.199933,0.263914,0.363056,0.248544,0.189700,0.242637,0.311452,0.341320,0.354668,0.352138,0.410294,0.391870,0.311196,0.303562,0.308142,0.129758,0.430800,0.217525,0.150682,0.316425,0.424525,0.356741,0.261547,0.347637,0.323870,0.188527,0.355578,0.291729,0.344912,0.346782,0.418508,0.267893,0.328415,0.383746,0.304504,0.404018,0.181771,0.135845,0.258680,0.500439,0.266885,0.410402,0.275541,0.295389,0.267907,0.169253,0.359890,0.322852,0.365561,0.333684,0.474794,0.405475,0.333253,0.268233,0.128527,0.282838,0.336353,0.467214,#
3,0.315095,0.249306,0.347864,1.000000,0.410398,0.317924,0.354017,0.410049,0.548258,0.357408,0.374208,0.406864,0.335013,0.425982,0.338470,0.352182,0.302679,0.423390,0.497081,0.406295,0.290117,0.361777,0.458173,0.330822,0.287557,0.385157,0.399915,0.420239,0.375607,0.449364,0.372374,0.441588,0.431752,0.448646,0.356019,0.366601,0.345263,0.377732,0.433194,0.424818,0.341034,0.342802,0.449237,0.401755,0.358042,0.398488,0.267722,0.283387,0.302458,0.246562,0.447853,0.355448,0.425800,0.307353,0.370485,0.420071,0.437549,0.378640,0.412366,0.393709,0.351071,0.279524,0.311084,0.377048,0.570136,0.280028,0.257278,0.228025,0.071559,0.346966,0.307775,0.379380,0.432749,0.334993,0.297636,0.250832,0.339002,0.318375,0.298323,0.304563,0.416740,0.294385,0.484104,0.195951,0.383178,0.417689,0.393649,0.390292,0.316527,0.348055,0.482304,0.413210,0.389813,0.389824,0.370827,0.387195,0.240206,0.313582,0.379954,0.240642,0.326735,0.326440,0.308665,0.196078,0.473315,0.309320,0.328258,0.415072,0.299710,0.201751,0.316536,0.188666,0.322355,0.370329,0.324601,0.452112,0.249880,0.328308,0.333445,0.285939,0.310441,0.404103,0.427901,0.255839,0.341212,0.412773,0.353854,0.493079,0.342394,0.277824,0.399725,0.400739,0.316119,0.337453,0.337022,0.489484,0.319466,0.349744,0.244686,0.346359,0.157274,0.520380,0.412538,0.212717,0.348179,0.407775,0.328512,0.437919,0.321681,0.392546,0.369524,0.294497,0.289012,0.403057,0.297859,0.268361,0.414470,0.254589,0.583342,0.316379,0.302343,0.381217,0.278114,0.303012,0.303378,0.338915,0.462639,0.336398,0.479629,0.311052,0.328163,0.338625,0.386900,0.366243,0.346868,0.407696,0.458010,0.416969,0.255949,0.270255,0.214980,0.439766,0.300539,0.335812,0.338559,0.305161,0.298725,0.279215,0.326170,0.438879,0.473478,0.339722,0.372494,0.396592,0.399454,0.343293,0.355940,0.339747,0.301329,0.324647,#
4,0.281027,0.287493,0.429168,0.410398,1.000000,0.458504,0.389656,0.491161,0.455803,0.372386,0.234032,0.525297,0.423029,0.420911,0.328366,0.392438,0.407624,0.462784,0.387586,0.533764,0.485013,0.397295,0.447894,0.444731,0.329060,0.414790,0.409883,0.306398,0.508115,0.372795,0.451235,0.531244,0.463038,0.424213,0.370696,0.369101,0.514625,0.357763,0.507902,0.377810,0.421800,0.233192,0.409124,0.379259,0.349375,0.477579,0.439500,0.421801,0.405813,0.284765,0.432215,0.425691,0.469773,0.422128,0.539535,0.457291,0.366331,0.397968,0.392518,0.396634,0.339645,0.397482,0.363346,0.272867,0.471128,0.475290,0.260075,0.363416,0.294558,0.386411,0.382276,0.405705,0.448794,0.473802,0.416647,0.233182,0.375432,0.436115,0.403953,0.471926,0.335258,0.364714,0.470189,0.270444,0.430146,0.429793,0.341539,0.353607,0.352389,0.305873,0.451320,0.401970,0.465310,0.333688,0.397364,0.383898,0.400545,0.349575,0.309717,0.405272,0.433819,0.439382,0.418767,0.342937,0.284970,0.475546,0.340592,0.395251,0.463800,0.385249,0.356011,0.365755,0.333952,0.506986,0.393104,0.396915,0.449814,0.416019,0.337976,0.339687,0.217619,0.328165,0.508035,0.313806,0.420613,0.374331,0.320899,0.431455,0.503321,0.453305,0.455087,0.334969,0.398436,0.434582,0.484045,0.459064,0.345898,0.345394,0.380848,0.237291,0.281410,0.437176,0.455481,0.339823,0.439353,0.314303,0.419681,0.390184,0.327041,0.492286,0.381525,0.461713,0.375129,0.455803,0.495457,0.432107,0.541458,0.300477,0.426081,0.363340,0.370268,0.388771,0.491310,0.254862,0.200226,0.325019,0.308765,0.335468,0.491581,0.377110,0.285213,0.419571,0.565677,0.335735,0.440130,0.411629,0.580428,0.520961,0.329709,0.277722,0.314183,0.382742,0.396637,0.355020,0.401037,0.453237,0.235102,0.413780,0.445407,0.508769,0.258733,0.371258,0.345381,0.417250,0.329534,0.410037,0.348936,0.372071,0.513721,0.425216,#
5,0.293629,0.310160,0.365568,0.317924,0.458504,1.000000,0.229862,0.439297,0.425994,0.231532,0.355233,0.340407,0.281938,0.234184,0.328173,0.450014,0.356746,0.415311,0.181511,0.564665,0.264683,0.268457,0.371389,0.292318,0.273204,0.315425,0.448663,0.355701,0.400997,0.293950,0.496496,0.484782,0.416112,0.333379,0.238135,0.381089,0.368364,0.219543,0.398805,0.228080,0.445128,0.206211,0.327734,0.333088,0.362363,0.433878,0.455432,0.296382,0.424211,0.125151,0.394040,0.366296,0.344090,0.393187,0.229349,0.501151,0.384444,0.253069,0.495185,0.368448,0.308055,0.421304,0.360929,0.420711,0.475822,0.360082,0.181333,0.331215,0.246702,0.200589,0.356317,0.312690,0.390849,0.336526,0.304636,0.346935,0.406430,0.427173,0.389004,0.365769,0.451748,0.229904,0.425740,0.267675,0.267603,0.430875,0.407917,0.465231,0.330530,0.163702,0.237328,0.362399,0.533884,0.487327,0.305394,0.315619,0.311543,0.381593,0.412168,0.368205,0.334191,0.344225,0.383535,0.330790,0.275332,0.459720,0.290497,0.368286,0.256968,0.293170,0.250242,0.436407,0.277420,0.317907,0.325398,0.332365,0.414848,0.258129,0.200177,0.346798,0.191289,0.329998,0.365347,0.393832,0.269827,0.281886,0.411080,0.264722,0.321603,0.398663,0.466329,0.418194,0.419865,0.416809,0.398654,0.394595,0.400495,0.357133,0.316360,0.239915,0.256359,0.291052,0.337583,0.354772,0.473195,0.231241,0.236808,0.251191,0.388547,0.325536,0.376956,0.311661,0.294587,0.323947,0.327328,0.280242,0.528352,0.262909,0.397665,0.277105,0.353725,0.328174,0.414842,0.298067,0.364648,0.288478,0.183948,0.456446,0.445836,0.346025,0.414064,0.420047,0.370823,0.324224,0.381878,0.280259,0.374093,0.411036,0.321371,0.279857,0.416222,0.370936,0.482533,0.321694,0.390314,0.353010,0.322797,0.299103,0.256974,0.372016,0.295710,0.401714,0.246500,0.300252,0.203082,0.278216,0.217168,0.306989,0.356608,0.373875,#
6,0.327599,0.257317,0.371833,0.354017,0.389656,0.229862,1.000000,0.276055,0.398759,0.181724,0.239088,0.286918,0.409858,0.397426,0.215057,0.279012,0.287711,0.433183,0.319037,0.308288,0.409978,0.289282,0.211552,0.374884,0.255936,0.268011,0.254658,0.325474,0.347644,0.408499,0.304835,0.331059,0.267262,0.316047,0.415511,0.311244,0.217278,0.190555,0.285862,0.366669,0.260914,0.322236,0.423947,0.236071,0.447827,0.212794,0.307005,0.051155,0.452597,0.303187,0.312225,0.421922,0.350421,0.234280,0.452649,0.310456,0.328196,0.330302,0.388555,0.238102,0.323262,0.261767,0.216656,0.204934,0.518586,0.355862,0.416978,0.232989,0.224854,0.264487,0.262419,0.326093,0.258339,0.470006,0.323442,0.229447,0.338164,0.174162,0.330157,0.216809,0.315802,0.220216,0.362452,0.160492,0.238006,0.380896,0.259343,0.314513,0.308304,0.268275,0.270705,0.293400,0.271022,0.227295,0.265741,0.271249,0.395958,0.343111,0.287909,0.377142,0.280753,0.280094,0.383983,0.250358,0.153460,0.206271,0.298562,0.225086,0.252693,0.144337,0.253066,0.215805,0.143426,0.307083,0.351944,0.190901,0.453966,0.269552,0.308973,0.279689,0.353916,0.254503,0.362475,0.352328,0.414556,0.428508,0.253000,0.302504,0.181488,0.311493,0.259962,0.321363,0.367730,0.247392,0.314453,0.355893,0.339182,0.242098,0.397210,0.348575,0.340037,0.352579,0.238497,0.182981,0.269026,0.310126,0.197045,0.273700,0.245665,0.187534,0.429745,0.334309,0.312873,0.279426,0.266844,0.301403,0.365018,0.296927,0.420108,0.197954,0.259308,0.360965,0.353714,0.306451,0.253126,0.367715,0.367401,0.261179,0.358739,0.189587,0.310774,0.320004,0.251816,0.229919,0.321962,0.301792,0.385462,0.383095,0.283805,0.149250,0.303337,0.284194,0.419857,0.351535,0.270972,0.232555,0.143247,0.333928,0.204543,0.275298,0.192361,0.307665,0.301086,0.372158,0.306621,0.225255,0.222447,0.359765,0.390467,0.342003,#
7,0.306213,0.368246,0.358515,0.410049,0.491161,0.439297,0.276055,1.000000,0.579475,0.347075,0.354625,0.430342,0.365457,0.414803,0.447667,0.316054,0.445858,0.396454,0.413761,0.419084,0.307882,0.372404,0.531718,0.396392,0.390279,0.397661,0.352392,0.415547,0.405505,0.354417,0.216385,0.468638,0.379669,0.406067,0.277672,0.272028,0.441267,0.280056,0.487898,0.301496,0.400152,0.240911,0.401508,0.405432,0.394483,0.448126,0.409531,0.403572,0.289340,0.283585,0.455477,0.380969,0.370502,0.416747,0.373430,0.386164,0.306823,0.410931,0.355991,0.382870,0.293259,0.384097,0.347201,0.252342,0.442976,0.418343,0.267707,0.395609,0.352833,0.489037,0.360591,0.209939,0.534430,0.416865,0.443488,0.275304,0.384008,0.310173,0.462880,0.342300,0.408513,0.344247,0.421750,0.281349,0.429127,0.368636,0.436855,0.428857,0.324577,0.363973,0.295842,0.380972,0.433003,0.424919,0.443531,0.276876,0.351789,0.435833,0.378780,0.349026,0.441421,0.321786,0.354452,0.327463,0.310806,0.474487,0.265247,0.376898,0.321580,0.186021,0.431023,0.284546,0.399709,0.449598,0.481937,0.364344,0.400992,0.245641,0.289772,0.490027,0.328038,0.391895,0.418121,0.508553,0.473136,0.339704,0.444425,0.458262,0.384914,0.271575,0.410933,0.252074,0.430874,0.324772,0.499324,0.530278,0.386231,0.377067,0.344728,0.319237,0.327062,0.402684,0.421475,0.209585,0.382657,0.325424,0.342957,0.251248,0.417471,0.420564,0.358801,0.432391,0.376086,0.437590,0.329925,0.472900,0.392141,0.367318,0.457311,0.307383,0.401448,0.268312,0.534343,0.280319,0.285580,0.388967,0.395365,0.288647,0.381537,0.251894,0.445605,0.512865,0.448111,0.386497,0.403816,0.449462,0.418531,0.404013,0.285340,0.322581,0.459868,0.333127,0.354548,0.321758,0.351518,0.412699,0.254798,0.261218,0.379328,0.418964,0.399032,0.402209,0.300038,0.265509,0.331528,0.308776,0.296423,0.404562,0.395550,0.403663,#
8,0.340612,0.483988,0.448438,0.548258,0.455803,0.425994,0.398759,0.579475,1.000000,0.438375,0.335011,0.435223,0.417236,0.452495,0.471102,0.491614,0.328898,0.465982,0.400918,0.501650,0.314610,0.554088,0.493320,0.370457,0.183821,0.488501,0.414572,0.571015,0.445194,0.451075,0.381480,0.492910,0.418295,0.463441,0.357385,0.378526,0.439650,0.342945,0.455564,0.407241,0.389835,0.453647,0.516110,0.362311,0.389675,0.367126,0.351805,0.341261,0.462835,0.416344,0.467674,0.515274,0.329123,0.477541,0.449519,0.528042,0.389845,0.462963,0.362979,0.431637,0.472747,0.396735,0.461291,0.343344,0.481635,0.497633,0.380977,0.410019,0.392066,0.497135,0.404835,0.402273,0.514339,0.558860,0.444395,0.372165,0.406724,0.413242,0.448372,0.438597,0.423897,0.392916,0.450330,0.306060,0.448976,0.485201,0.330393,0.420091,0.247963,0.400361,0.408173,0.377509,0.490781,0.452861,0.499545,0.387902,0.416680,0.415625,0.436089,0.364876,0.446878,0.411063,0.430109,0.465607,0.410155,0.471678,0.391186,0.442849,0.365025,0.291712,0.392555,0.380769,0.400039,0.436222,0.541535,0.509137,0.425365,0.290504,0.369788,0.476604,0.346266,0.376161,0.514387,0.442491,0.458387,0.509131,0.402370,0.442239,0.427797,0.434508,0.362983,0.294761,0.484758,0.504786,0.598221,0.458309,0.382135,0.389579,0.309561,0.413528,0.316164,0.525106,0.509814,0.395641,0.390146,0.374371,0.443874,0.333392,0.445663,0.398015,0.440290,0.422823,0.370825,0.562592,0.487508,0.469777,0.471246,0.401415,0.493202,0.459345,0.383596,0.373101,0.500944,0.433439,0.367298,0.345326,0.411497,0.356621,0.514859,0.464187,0.402715,0.484006,0.465154,0.387982,0.523360,0.459712,0.415262,0.533050,0.352729,0.218361,0.457894,0.447926,0.277859,0.553051,0.455802,0.460249,0.360950,0.325715,0.424181,0.438452,0.454685,0.410601,0.499548,0.393833,0.410367,0.411945,0.347399,0.410054,0.482114,0.451225,#
9,0.188052,0.331036,0.329685,0.357408,0.372386,0.231532,0.181724,0.347075,0.438375,1.000000,0.328744,0.226024,0.315852,0.334854,0.401917,0.335241,0.253130,0.338216,0.401741,0.445137,0.473794,0.379284,0.410202,0.404487,0.215052,0.246471,0.315407,0.458318,0.277376,0.441812,0.285684,0.310465,0.298227,0.375045,0.401065,0.328294,0.285495,0.202317,0.431841,0.274673,0.440575,0.268916,0.346549,0.205648,0.358586,0.310805,0.327260,0.256969,0.216616,0.205067,0.226221,0.312281,0.243037,0.308483,0.277733,0.381337,0.292743,0.374232,0.336105,0.279046,0.307194,0.282770,0.328361,0.342822,0.376886,0.489946,0.357689,0.363210,0.343007,0.221887,0.424519,0.307928,0.288008,0.314386,0.325161,0.281761,0.154620,0.394984,0.327038,0.424495,0.280887,0.309915,0.320128,0.250976,0.406563,0.235570,0.256456,0.441192,0.226502,0.078092,0.289907,0.361607,0.455222,0.295121,0.368813,0.283721,0.320437,0.467204,0.349547,0.183956,0.308473,0.271028,0.394103,0.255298,0.398680,0.369712,0.281756,0.238317,0.341286,0.267729,0.382076,0.357331,0.517016,0.399567,0.259966,0.406824,0.203438,0.228841,0.243306,0.245634,0.283923,0.351724,0.425208,0.325201,0.328736,0.231441,0.284871,0.296415,0.429906,0.307000,0.264054,0.354687,0.378426,0.454396,0.374245,0.262411,0.274441,0.311977,0.213791,0.320724,0.137322,0.486457,0.401843,0.338634,0.325920,0.267072,0.288359,0.313185,0.221033,0.267750,0.277148,0.259652,0.321398,0.384525,0.308772,0.358220,0.368711,0.332775,0.362087,0.366957,0.301462,0.298218,0.371457,0.420632,0.353685,0.229782,0.235091,0.259067,0.462653,0.250436,0.421469,0.456435,0.295565,0.341728,0.400197,0.492894,0.246258,0.426186,0.319104,0.279854,0.300501,0.242085,0.287897,0.367903,0.302197,0.488284,0.162167,0.152227,0.498634,0.316888,0.349260,0.324867,0.334549,0.282894,0.286198,0.249301,0.242331,0.297690,0.283760,0.263318,#
10,0.315161,0.401403,0.345823,0.374208,0.234032,0.355233,0.239088,0.354625,0.335011,0.328744,1.000000,0.318874,0.172919,0.286301,0.251600,0.375004,0.255168,0.253957,0.313364,0.373802,0.305834,0.191015,0.309110,0.302689,0.194160,0.200883,0.264536,0.475274,0.214939,0.357054,0.272408,0.306688,0.265829,0.378968,0.352992,0.318453,0.263757,0.255570,0.374542,0.110306,0.392952,0.178854,0.260504,0.210295,0.339874,0.381356,0.378996,0.275535,0.387321,0.404501,0.154286,0.313092,0.405620,0.286150,0.274488,0.286443,0.293269,0.255329,0.277201,0.251703,0.281164,0.324700,0.373096,0.396764,0.387711,0.256979,0.221497,0.199541,0.168840,0.294722,0.223917,0.417609,0.359308,0.282430,0.223279,0.250353,0.247636,0.343987,0.317942,0.229925,0.442147,0.270878,0.370120,0.221519,0.305383,0.236477,0.326691,0.447905,0.267388,0.277377,0.255147,0.434364,0.407562,0.388084,0.313191,0.368597,0.152876,0.291399,0.452191,0.369101,0.308225,0.259042,0.312395,0.341541,0.467625,0.217756,0.168633,0.339348,0.272672,0.192910,0.262931,0.227666,0.284552,0.281011,0.298897,0.432097,0.246225,0.191241,0.341252,0.323130,0.313262,0.452555,0.208353,0.232148,0.122110,0.287466,0.412354,0.324772,0.385351,0.213416,0.145013,0.208260,0.267035,0.281629,0.366759,0.320445,0.219946,0.360365,0.196378,0.240780,0.378387,0.267777,0.196854,0.308494,0.231827,0.104963,0.124009,0.202407,0.350695,0.251933,0.354646,0.295414,0.369279,0.274371,0.251421,0.300802,0.458899,0.267248,0.380986,0.259433,0.389371,0.302243,0.382376,0.370191,0.274049,0.218438,0.420271,0.281531,0.409375,0.336644,0.382130,0.295713,0.238777,0.280100,0.298960,0.277832,0.366884,0.466365,0.157788,0.313218,0.236821,0.212181,0.390034,0.271892,0.272788,0.214601,0.119442,0.167007,0.282314,0.398828,0.357125,0.239142,0.313390,0.291874,0.342793,0.244077,0.108657,0.394449,0.335816,0.418023,#
11,0.341673,0.335793,0.328577,0.406864,0.525297,0.340407,0.286918,0.430342,0.435223,0.226024,0.318874,1.000000,0.375837,0.322414,0.319023,0.280033,0.298901,0.452600,0.399183,0.322491,0.325140,0.368266,0.339009,0.255034,0.251807,0.358981,0.173390,0.395616,0.405117,0.340560,0.352707,0.380946,0.385679,0.427796,0.312174,0.245486,0.481256,0.309272,0.325237,0.388833,0.329818,0.342113,0.415860,0.281427,0.289053,0.396194,0.503658,0.298735,0.326453,0.352792,0.355461,0.440523,0.368472,0.426224,0.400505,0.359502,0.187464,0.352424,0.329134,0.305031,0.284030,0.303786,0.450108,0.235755,0.443402,0.377483,0.321746,0.350477,0.319331,0.421536,0.373953,0.390539,0.365697,0.392764,0.323822,0.142201,0.385023,0.354769,0.371994,0.134275,0.369738,0.321585,0.410890,0.137444,0.419925,0.352150,0.214260,0.308526,0.294911,0.204626,0.312707,0.480730,0.382118,0.310293,0.404104,0.479191,0.286584,0.323263,0.334826,0.246807,0.242314,0.359731,0.356795,0.299891,0.350102,0.497658,0.249757,0.434303,0.447937,0.269612,0.456168,0.359060,0.420400,0.405852,0.214998,0.416215,0.335191,0.371064,0.211555,0.443303,0.239254,0.331908,0.389479,0.267306,0.385835,0.295080,0.319211,0.307308,0.416698,0.356884,0.362466,0.341720,0.426486,0.421999,0.382355,0.376559,0.340817,0.384872,0.303192,0.351658,0.346623,0.287794,0.305921,0.345001,0.442758,0.240048,0.447144,0.282088,0.273366,0.405563,0.350021,0.331664,0.309969,0.387134,0.472658,0.351411,0.425456,0.252345,0.461338,0.214250,0.259691,0.358049,0.397445,0.268020,0.353520,0.162287,0.348219,0.257748,0.428482,0.412877,0.306721,0.350335,0.369245,0.397111,0.282770,0.384256,0.333793,0.405347,0.238539,0.341943,0.353698,0.281237,0.433288,0.258076,0.417563,0.229403,0.177163,0.368355,0.415540,0.435618,0.380945,0.287484,0.427813,0.383111,0.381427,0.318221,0.276614,0.395634,0.318972,0.369498,#
12,0.279029,0.359478,0.241141,0.335013,0.423029,0.281938,0.409858,0.365457,0.417236,0.315852,0.172919,0.375837,1.000000,0.391874,0.422883,0.316289,0.474566,0.461010,0.437036,0.457534,0.356373,0.323174,0.379414,0.335544,0.220378,0.268497,0.277178,0.369428,0.476323,0.289906,0.317633,0.341713,0.426211,0.359814,0.348183,0.345977,0.331573,0.240500,0.355913,0.351584,0.204085,0.131958,0.349813,0.462962,0.326713,0.351004,0.430625,0.180922,0.341621,0.242196,0.461240,0.301109,0.329307,0.416714,0.422381,0.320350,0.255063,0.389024,0.321584,0.196708,0.221348,0.394584,0.170017,0.321945,0.450113,0.401557,0.240539,0.213813,0.279935,0.318712,0.329817,0.334982,0.410505,0.342267,0.455961,0.295168,0.355479,0.252826,0.360843,0.307290,0.332550,0.307788,0.370340,0.314456,0.224990,0.386903,0.276861,0.348021,0.400419,0.218818,0.229231,0.228206,0.362747,0.191321,0.249242,0.368390,0.494150,0.429539,0.258269,0.240397,0.209214,0.372682,0.438600,0.442281,0.289624,0.353055,0.281938,0.276538,0.326394,0.255780,0.381749,0.236542,0.295746,0.340817,0.466332,0.282514,0.422303,0.192260,0.348804,0.192829,0.334857,0.364221,0.419807,0.430574,0.403346,0.310118,0.252432,0.177034,0.286707,0.327247,0.280520,0.263745,0.257421,0.331367,0.359013,0.321174,0.330863,0.394400,0.424951,0.188556,0.311936,0.534472,0.375843,0.294327,0.371866,0.260620,0.332870,0.280397,0.326462,0.461344,0.296054,0.421133,0.297428,0.229028,0.316890,0.502829,0.422096,0.251077,0.396847,0.291068,0.334036,0.414689,0.427349,0.336592,0.430158,0.208060,0.384204,0.347991,0.288914,0.192647,0.394696,0.432980,0.358253,0.323738,0.342703,0.316076,0.432762,0.465255,0.308318,0.086912,0.313034,0.369713,0.332581,0.331763,0.203432,0.384468,0.269749,0.414774,0.344931,0.257012,0.293875,0.242156,0.305088,0.418145,0.266223,0.302568,0.274263,0.342054,0.366126,0.229544,#
13,0.296330,0.221067,0.376983,0.425982,0.420911,0.234184,0.397426,0.414803,0.452495,0.334854,0.286301,0.322414,0.391874,1.000000,0.295948,0.340015,0.322273,0.436403,0.454087,0.371752,0.429981,0.353193,0.465090,0.355058,0.217037,0.327949,0.221789,0.471962,0.445457,0.452493,0.211161,0.344152,0.450608,0.476319,0.269440,0.221494,0.367264,0.377491,0.382241,0.360860,0.461426,0.303008,0.425189,0.344260,0.488242,0.340151,0.347110,0.324637,0.449892,0.244482,0.379722,0.520013,0.330187,0.423349,0.415843,0.393016,0.314739,0.354106,0.331900,0.326667,0.372798,0.362273,0.347844,0.326106,0.438465,0.372752,0.340522,0.248141,0.358825,0.288253,0.285053,0.333078,0.189671,0.493485,0.388503,0.305958,0.323290,0.286262,0.383329,0.383316,0.371888,0.264785,0.520345,0.221017,0.336292,0.362576,0.275914,0.251267,0.425990,0.314134,0.372320,0.367564,0.467326,0.383866,0.401213,0.222377,0.312328,0.372384,0.341394,0.461675,0.321502,0.343903,0.347609,0.434739,0.333979,0.487096,0.209509,0.384919,0.352659,0.210272,0.415321,0.377660,0.431250,0.389614,0.431775,0.432962,0.264868,0.415745,0.344976,0.473862,0.329451,0.375949,0.306247,0.222748,0.386194,0.171134,0.304430,0.232431,0.355196,0.302765,0.273010,0.373573,0.313110,0.309383,0.466542,0.355125,0.308837,0.344035,0.436454,0.300533,0.094688,0.475085,0.462773,0.267159,0.289538,0.336305,0.409435,0.341964,0.351497,0.376212,0.289076,0.397025,0.296760,0.469358,0.283964,0.430268,0.373581,0.323667,0.439152,0.328935,0.436125,0.396880,0.381813,0.373651,0.332575,0.312527,0.355671,0.312387,0.484339,0.233521,0.340357,0.456937,0.411509,0.373973,0.468337,0.369671,0.416862,0.546947,0.408997,0.194133,0.248911,0.408659,0.400813,0.367889,0.375163,0.359905,0.249186,0.312509,0.203878,0.298862,0.377560,0.344660,0.339060,0.431148,0.405245,0.283302,0.319438,0.304402,0.404938,0.315353,#
14,0.291024,0.253549,0.277605,0.338470,0.328366,0.328173,0.215057,0.447667,0.471102,0.401917,0.251600,0.319023,0.422883,0.295948,1.000000,0.429463,0.364666,0.303457,0.383856,0.411291,0.344905,0.302685,0.334836,0.385035,0.248167,0.141962,0.311722,0.377074,0.391236,0.369614,0.325270,0.451585,0.360708,0.362021,0.355540,0.299620,0.302239,0.286939,0.410217,0.226589,0.216384,0.183054,0.412838,0.328629,0.310736,0.330735,0.271824,0.209312,0.160487,0.229256,0.299409,0.280640,0.212835,0.477392,0.296359,0.327508,0.310535,0.313083,0.378608,0.231724,0.265620,0.395096,0.345726,0.356106,0.312744,0.235157,0.212601,0.293098,0.231549,0.425917,0.315351,0.274862,0.341201,0.274387,0.431857,0.233510,0.432539,0.343480,0.263398,0.169534,0.367529,0.385894,0.423969,0.351646,0.301426,0.314929,0.279932,0.414173,0.329599,0.130596,0.174087,0.158457,0.441773,0.384246,0.314098,0.375446,0.566992,0.359389,0.376025,0.169220,0.320744,0.302899,0.429210,0.209726,0.406399,0.349052,0.248411,0.215275,0.217331,0.160844,0.367968,0.298055,0.359669,0.344145,0.326646,0.370969,0.292531,0.168183,0.234186,0.301974,0.357312,0.362937,0.331817,0.343924,0.418837,0.123224,0.278463,0.466594,0.276664,0.408688,0.215425,0.248241,0.289768,0.385305,0.393570,0.360154,0.240195,0.336908,0.273361,0.255647,0.188398,0.399032,0.290205,0.337102,0.237418,0.393946,0.380273,0.273621,0.319847,0.222895,0.305854,0.295697,0.188993,0.298943,0.403239,0.369662,0.416973,0.297965,0.297475,0.316077,0.325312,0.237754,0.387838,0.271931,0.241646,0.208348,0.261011,0.243054,0.319414,0.393997,0.294120,0.325126,0.401710,0.391861,0.271560,0.451947,0.353066,0.383452,0.235471,0.080248,0.388704,0.432369,0.360057,0.313166,0.261693,0.252186,0.296483,0.164823,0.223399,0.304665,0.175795,0.286593,0.427557,0.404121,0.316601,0.295596,0.268257,0.235854,0.287476,0.202745,#
15,0.424740,0.323978,0.385319,0.352182,0.392438,0.450014,0.279012,0.316054,0.491614,0.335241,0.375004,0.280033,0.316289,0.340015,0.429463,1.000000,0.344640,0.472987,0.371134,0.431629,0.302367,0.341050,0.394831,0.424382,0.258578,0.341141,0.320768,0.374577,0.387093,0.438171,0.301678,0.456035,0.333714,0.402216,0.351216,0.448417,0.419376,0.281544,0.505336,0.276359,0.331206,0.276623,0.401637,0.289359,0.451982,0.330678,0.343222,0.437830,0.367528,0.361295,0.273066,0.534058,0.335757,0.387923,0.439848,0.331607,0.425816,0.294099,0.341240,0.314528,0.445677,0.344022,0.354061,0.436200,0.364117,0.444093,0.282943,0.270319,0.236174,0.209827,0.365992,0.279459,0.272379,0.354583,0.380699,0.280937,0.395438,0.345166,0.364520,0.311972,0.484117,0.330665,0.282338,0.347797,0.459291,0.416690,0.246466,0.510469,0.274434,0.256185,0.313638,0.276750,0.414128,0.291499,0.272354,0.387196,0.360746,0.326119,0.308810,0.287596,0.484009,0.275441,0.456545,0.402637,0.312971,0.422432,0.359962,0.353765,0.260939,0.300106,0.239448,0.303323,0.334712,0.392118,0.282935,0.384748,0.339373,0.296943,0.348732,0.315728,0.315775,0.311540,0.398272,0.303402,0.288301,0.380234,0.417206,0.370396,0.367852,0.563182,0.174181,0.193681,0.313938,0.336008,0.377542,0.325314,0.219498,0.227667,0.331583,0.308087,0.255347,0.330328,0.350277,0.274778,0.288967,0.240146,0.249284,0.269921,0.330955,0.287112,0.385800,0.262189,0.402496,0.393946,0.334516,0.339391,0.541402,0.342759,0.370531,0.366330,0.290052,0.366560,0.497179,0.192457,0.359027,0.345118,0.397100,0.471795,0.545286,0.219737,0.238344,0.496248,0.223183,0.386264,0.317387,0.460898,0.445617,0.450196,0.264402,0.221160,0.339691,0.351489,0.298117,0.417685,0.326365,0.364459,0.162727,0.292975,0.224046,0.325936,0.287631,0.381310,0.381373,0.340636,0.282417,0.338642,0.335617,0.406046,0.431842,0.348881,#
16,0.446698,0.276513,0.182057,0.302679,0.407624,0.356746,0.287711,0.445858,0.328898,0.253130,0.255168,0.298901,0.474566,0.322273,0.364666,0.344640,1.000000,0.424161,0.298045,0.457155,0.433172,0.342630,0.282711,0.342697,0.238674,0.363922,0.395359,0.198193,0.306813,0.355693,0.269272,0.485718,0.439806,0.455755,0.353106,0.324730,0.410653,0.218894,0.463343,0.307080,0.292857,0.262607,0.395390,0.269432,0.323231,0.347716,0.258208,0.228072,0.363903,0.344862,0.299157,0.305840,0.392929,0.566906,0.456726,0.301276,0.182834,0.396395,0.336326,0.185475,0.190758,0.462030,0.236223,0.304196,0.351776,0.311041,0.208795,0.318039,0.367639,0.462078,0.210990,0.259741,0.409195,0.373796,0.376703,0.224464,0.326082,0.345489,0.377671,0.370897,0.318566,0.293220,0.386951,0.354679,0.363802,0.380455,0.370831,0.373832,0.393848,0.260154,0.299185,0.256996,0.416600,0.248683,0.367440,0.411751,0.373238,0.375044,0.384955,0.317739,0.243584,0.247409,0.360129,0.355261,0.250738,0.477237,0.344310,0.234363,0.363472,0.212304,0.402286,0.348984,0.380683,0.338358,0.430856,0.417988,0.503493,0.310639,0.326310,0.313637,0.351356,0.435612,0.420887,0.364379,0.469053,0.397588,0.345393,0.292039,0.359760,0.356803,0.327403,0.267412,0.317017,0.191664,0.426042,0.399147,0.301157,0.249676,0.250056,0.310451,0.296120,0.337224,0.323941,0.321199,0.273767,0.186524,0.364585,0.206889,0.368160,0.498265,0.214329,0.415112,0.257392,0.279352,0.376189,0.469116,0.443917,0.304559,0.389761,0.407921,0.261099,0.352598,0.464682,0.294356,0.267015,0.312694,0.335934,0.463445,0.385288,0.158827,0.401581,0.446577,0.317572,0.275870,0.291334,0.284193,0.347771,0.416542,0.361358,0.128071,0.227144,0.324250,0.324865,0.218323,0.390075,0.407889,0.309881,0.378242,0.336686,0.306579,0.400089,0.292385,0.330687,0.325256,0.290173,0.321952,0.243831,0.248566,0.319016,0.307108,#
17,0.445601,0.319672,0.359734,0.423390,0.462784,0.415311,0.433183,0.396454,0.465982,0.338216,0.253957,0.452600,0.461010,0.436403,0.303457,0.472987,0.424161,1.000000,0.325612,0.410896,0.390028,0.401050,0.402858,0.486893,0.346980,0.403998,0.406727,0.390506,0.346105,0.442321,0.388591,0.437972,0.328905,0.378186,0.395007,0.441836,0.356885,0.370765,0.509375,0.363426,0.478390,0.379907,0.487294,0.379314,0.334574,0.383096,0.343862,0.468310,0.444360,0.365941,0.428023,0.447362,0.411580,0.407612,0.414458,0.444784,0.324388,0.310539,0.390165,0.205849,0.342843,0.392487,0.234593,0.360837,0.416662,0.548945,0.405300,0.413468,0.317844,0.330895,0.325216,0.420509,0.286430,0.365062,0.311513,0.292121,0.397060,0.357236,0.399977,0.369926,0.395844,0.341384,0.389247,0.288171,0.326933,0.373716,0.449005,0.341929,0.366124,0.337031,0.363956,0.297841,0.491417,0.346968,0.342019,0.487986,0.411276,0.296568,0.224663,0.331075,0.440610,0.202205,0.344035,0.397542,0.292298,0.383860,0.400910,0.382791,0.355501,0.219987,0.386939,0.337295,0.243658,0.466462,0.429306,0.313986,0.289504,0.376395,0.284783,0.320379,0.308453,0.367306,0.441877,0.351189,0.472246,0.472067,0.382061,0.302018,0.322110,0.412505,0.469667,0.418715,0.434432,0.305515,0.292178,0.435597,0.378094,0.386632,0.452019,0.405294,0.331761,0.475839,0.517788,0.370254,0.411830,0.326935,0.383485,0.411700,0.373630,0.309596,0.428529,0.287678,0.292125,0.382530,0.429743,0.535657,0.560066,0.358335,0.456903,0.283240,0.302014,0.373996,0.525340,0.409264,0.355696,0.349097,0.266697,0.354714,0.546222,0.235603,0.443134,0.335846,0.382856,0.324623,0.418697,0.358651,0.494248,0.439365,0.318230,0.384675,0.372830,0.517901,0.394211,0.422788,0.420487,0.373628,0.310186,0.450157,0.307449,0.275118,0.331587,0.391101,0.417920,0.420644,0.428710,0.468883,0.251166,0.501749,0.323548,0.363043,#
18,0.372593,0.297363,0.284591,0.497081,0.387586,0.181511,0.319037,0.413761,0.400918,0.401741,0.313364,0.399183,0.437036,0.454087,0.383856,0.371134,0.298045,0.325612,1.000000,0.505650,0.316573,0.343459,0.449549,0.322399,0.302921,0.338616,0.233591,0.453202,0.388389,0.365704,0.211372,0.400192,0.356917,0.436460,0.431121,0.367403,0.339467,0.275967,0.362702,0.359997,0.398426,0.099274,0.386657,0.297470,0.457396,0.268929,0.356134,0.262516,0.237834,0.292595,0.273821,0.366948,0.439148,0.368254,0.430099,0.328284,0.269951,0.436083,0.294289,0.370999,0.345001,0.290741,0.407712,0.268820,0.510742,0.326192,0.311632,0.246279,0.022003,0.348081,0.375780,0.223605,0.332476,0.334297,0.422838,0.202672,0.476278,0.314447,0.441731,0.341462,0.310414,0.229357,0.438382,0.280829,0.324974,0.341496,0.328303,0.385083,0.307425,0.216587,0.366145,0.320811,0.375642,0.254115,0.449190,0.335877,0.393065,0.395606,0.344280,0.368135,0.420386,0.338194,0.409120,0.405296,0.484872,0.420967,0.240637,0.241834,0.312557,0.141635,0.454535,0.189475,0.433808,0.415383,0.267876,0.301125,0.296001,0.127904,0.292011,0.318708,0.406568,0.446335,0.358476,0.154144,0.310663,0.238309,0.268333,0.347290,0.446236,0.303001,0.184201,0.365043,0.276080,0.363721,0.360534,0.469208,0.328307,0.397296,0.255890,0.271425,0.164743,0.480738,0.365061,0.422999,0.294499,0.411642,0.380351,0.220636,0.294645,0.365753,0.256156,0.430155,0.336606,0.338474,0.303204,0.427887,0.424466,0.362528,0.407584,0.325462,0.379925,0.319712,0.432211,0.363269,0.354440,0.396362,0.452096,0.317904,0.395395,0.325967,0.304296,0.467497,0.410821,0.348606,0.261992,0.393133,0.414032,0.476851,0.240678,0.275618,0.291941,0.335876,0.313483,0.315838,0.363739,0.261239,0.344803,0.230731,0.281011,0.301223,0.419195,0.291745,0.320579,0.478243,0.397041,0.343902,0.200259,0.336564,0.397632,0.303277,#
19,0.411459,0.381133,0.388262,0.406295,0.533764,0.564665,0.308288,0.419084,0.501650,0.445137,0.373802,0.322491,0.457534,0.371752,0.411291,0.431629,0.457155,0.410896,0.505650,1.000000,0.396992,0.356937,0.435892,0.399611,0.321524,0.292900,0.440353,0.392392,0.404192,0.466685,0.449965,0.453481,0.334675,0.425337,0.304126,0.406465,0.447992,0.236621,0.506361,0.346878,0.451927,0.218239,0.381128,0.318515,0.390442,0.384097,0.466524,0.298222,0.459173,0.266108,0.317842,0.431412,0.356758,0.484280,0.404852,0.396125,0.397370,0.366169,0.431154,0.277738,0.400406,0.543712,0.464508,0.404798,0.496492,0.365192,0.279536,0.336480,0.226283,0.365287,0.416776,0.289297,0.388078,0.431013,0.391687,0.278738,0.421607,0.374083,0.516692,0.377652,0.344775,0.241534,0.502681,0.322027,0.339492,0.447914,0.358621,0.500822,0.447686,0.145492,0.347848,0.355618,0.549886,0.358244,0.362711,0.436635,0.462842,0.409372,0.338149,0.362436,0.428792,0.321222,0.460210,0.377744,0.391727,0.516183,0.358715,0.385478,0.356219,0.160896,0.313653,0.336564,0.393331,0.411036,0.419820,0.353394,0.470456,0.362693,0.321254,0.258880,0.234987,0.493536,0.447920,0.377812,0.466956,0.303816,0.481824,0.331869,0.483198,0.463109,0.366294,0.353262,0.337812,0.406127,0.500283,0.382530,0.377347,0.400305,0.292655,0.294074,0.235772,0.432702,0.381517,0.349248,0.393335,0.323836,0.364596,0.230547,0.461171,0.435442,0.390276,0.524923,0.314873,0.344176,0.402334,0.479931,0.534605,0.392909,0.456081,0.434474,0.503117,0.377123,0.466991,0.314414,0.449260,0.343241,0.287795,0.436852,0.486349,0.373062,0.403526,0.487406,0.510990,0.389053,0.387053,0.389085,0.432870,0.557321,0.402504,0.237972,0.246962,0.477043,0.439863,0.499685,0.472392,0.328179,0.300509,0.345663,0.406495,0.388037,0.437785,0.430226,0.346560,0.492523,0.332560,0.482763,0.185061,0.355583,0.489705,0.375017,#
20,0.227003,0.155855,0.315826,0.290117,0.485013,0.264683,0.409978,0.307882,0.314610,0.473794,0.305834,0.325140,0.356373,0.429981,0.344905,0.302367,0.433172,0.390028,0.316573,0.396992,1.000000,0.388941,0.247989,0.316808,0.228160,0.387662,0.350919,0.332685,0.379293,0.471130,0.214023,0.256801,0.324173,0.451057,0.387816,0.461253,0.423952,0.220129,0.465941,0.361274,0.321740,0.394865,0.320683,0.286361,0.420429,0.350746,0.396152,0.175007,0.261877,0.288711,0.222239,0.387417,0.270226,0.483414,0.392847,0.354231,0.309718,0.395390,0.369835,0.227598,0.334452,0.350137,0.428743,0.219274,0.432243,0.356870,0.298808,0.218381,0.264901,0.363056,0.422460,0.338516,0.205629,0.348670,0.378818,0.132248,0.279279,0.356472,0.308026,0.389566,0.316910,0.410062,0.465427,0.228328,0.276219,0.344599,0.352089,0.346048,0.357151,0.281172,0.351398,0.400475,0.434778,0.314472,0.501107,0.231754,0.303929,0.427469,0.314738,0.279584,0.361716,0.231193,0.510132,0.334707,0.339688,0.288249,0.300992,0.376555,0.213048,0.420847,0.391293,0.393174,0.350749,0.289540,0.398458,0.284470,0.375034,0.398337,0.235623,0.377074,0.407090,0.379149,0.357472,0.415454,0.345791,0.312367,0.326624,0.273616,0.499305,0.419517,0.394851,0.281480,0.343710,0.448426,0.398010,0.250797,0.240459,0.274473,0.365151,0.342031,0.234571,0.370440,0.308743,0.325810,0.366439,0.285604,0.308097,0.245065,0.265172,0.491600,0.360937,0.363741,0.346408,0.471195,0.355205,0.414481,0.413020,0.246745,0.408477,0.449878,0.302760,0.433180,0.375773,0.346204,0.389705,0.079147,0.255461,0.297456,0.467042,0.260559,0.353950,0.348197,0.441859,0.237820,0.284313,0.371549,0.264761,0.436796,0.388020,0.194990,0.277778,0.328767,0.379753,0.303291,0.287761,0.286557,0.221146,0.381881,0.243823,0.344589,0.203798,0.260198,0.286132,0.507096,0.262023,0.227714,0.300727,0.260862,0.389526,0.351485,#
21,0.234843,0.340919,0.312038,0.361777,0.397295,0.268457,0.289282,0.372404,0.554088,0.379284,0.191015,0.368266,0.323174,0.353193,0.302685,0.341050,0.342630,0.401050,0.343459,0.356937,0.388941,1.000000,0.302351,0.359017,0.147347,0.293186,0.339941,0.279114,0.359408,0.357958,0.339823,0.368163,0.421378,0.378185,0.429897,0.395504,0.433162,0.351678,0.430659,0.268588,0.333431,0.405596,0.347928,0.250428,0.360103,0.312315,0.291553,0.283228,0.313238,0.187227,0.286011,0.449996,0.169671,0.297372,0.402399,0.374016,0.340399,0.326206,0.323095,0.153455,0.399085,0.272347,0.355000,0.201070,0.488944,0.382300,0.323559,0.348976,0.268272,0.312705,0.393240,0.385029,0.300277,0.413293,0.469553,0.224138,0.241684,0.350793,0.328712,0.390976,0.282067,0.293112,0.369495,0.112397,0.462824,0.318266,0.281696,0.380466,0.263948,0.308680,0.275492,0.189559,0.375478,0.278101,0.430860,0.315057,0.390066,0.274266,0.182353,0.355763,0.356200,0.342151,0.463708,0.305199,0.269593,0.429406,0.203504,0.165552,0.345114,0.359831,0.401245,0.324655,0.324133,0.438035,0.253546,0.346283,0.415939,0.260369,0.157172,0.336166,0.277295,0.416673,0.372652,0.360085,0.421442,0.283429,0.285502,0.384513,0.373681,0.372956,0.392856,0.353951,0.490833,0.325169,0.360604,0.341009,0.140573,0.225300,0.326314,0.406278,0.291463,0.374668,0.386761,0.373670,0.316119,0.374792,0.357068,0.318628,0.294144,0.372494,0.391912,0.287895,0.244687,0.478965,0.476324,0.461386,0.367137,0.217173,0.364165,0.376496,0.300375,0.362695,0.432031,0.396689,0.377410,0.213210,0.349513,0.369633,0.327439,0.383366,0.344989,0.291979,0.273279,0.159933,0.345773,0.431674,0.216663,0.475528,0.178198,0.173594,0.297168,0.387063,0.278365,0.369327,0.316058,0.392355,0.285396,0.225431,0.251386,0.411755,0.390434,0.268378,0.357509,0.420390,0.428801,0.290478,0.320818,0.370225,0.338387,0.294832,#
