0,1.000000,0.468416,0.489437,0.492424,0.432311,0.467325,0.493810,0.508789,0.482225,0.383616,0.499849,0.499566,0.414834,0.434186,0.430333,0.546629,0.567391,0.560846,0.520451,0.563093,0.457366,0.399034,0.475238,0.579104,0.356294,0.450679,0.413452,0.434449,0.444620,0.491730,0.402204,0.598315,0.457864,0.497391,0.557306,0.418044,0.355239,0.434176,0.520706,0.462440,0.482805,0.386866,0.566921,0.373075,0.485641,0.400846,0.406070,0.514084,0.454566,0.469552,0.489348,0.583229,0.493954,0.527626,0.521312,0.479067,0.498766,0.556643,0.445651,0.478368,0.494674,0.455291,0.550398,0.458847,0.563922,0.383969,0.538440,0.391726,0.342152,0.409788,0.381434,0.430632,0.531743,0.574569,0.411956,0.441803,0.555662,0.391419,0.544735,0.441465,0.468033,0.473520,0.516263,0.491117,0.483873,0.532055,0.567076,0.586330,0.462877,0.522200,0.448658,0.371369,0.500013,0.410100,0.427332,0.503342,0.430632,0.454824,0.481359,0.549919,0.493829,0.462729,0.433649,0.525368,0.436480,0.546223,0.408391,0.491075,0.470057,0.298248,0.444819,0.465436,0.453069,0.561502,0.538041,0.523282,0.479834,0.467093,0.456883,0.462070,0.473505,0.541457,0.582920,0.529981,0.596876,0.517331,0.454287,0.469891,0.392358,0.488897,0.470670,0.484017,0.491681,0.439126,0.483970,0.546375,0.413969,0.520929,0.374103,0.537791,0.441780,0.388511,0.344154,0.436850,0.418918,0.292257,0.467773,0.378605,0.497992,0.398543,0.419182,0.593100,0.512993,0.385858,0.482706,0.433048,0.588012,0.508714,0.583013,0.415539,0.558880,0.517447,0.527869,0.420178,0.442339,0.500545,0.483979,0.457251,0.514444,0.415038,0.440418,0.473671,0.506963,0.588235,0.423577,0.530206,0.582994,0.541346,0.474360,0.346332,0.453587,0.516073,0.410098,0.464177,0.448726,0.379969,0.325269,0.463117,0.473715,0.340529,0.380854,0.481294,0.431362,0.541153,0.559367,0.523754,0.393680,0.464925,0.390945,0.469504,#
1,0.468416,1.000000,0.497796,0.467260,0.445990,0.494531,0.390510,0.540523,0.618279,0.483278,0.534070,0.487016,0.462066,0.374435,0.433120,0.482040,0.469732,0.486774,0.459397,0.537464,0.431126,0.533442,0.498914,0.397851,0.447334,0.379013,0.415948,0.538152,0.464154,0.442810,0.526707,0.516727,0.455166,0.567448,0.472318,0.472340,0.397249,0.482823,0.603642,0.469222,0.493233,0.380646,0.505987,0.416717,0.451986,0.440831,0.517606,0.454784,0.535722,0.394868,0.465575,0.585648,0.487882,0.494559,0.556296,0.471814,0.479496,0.395965,0.346410,0.379663,0.474343,0.411620,0.445044,0.425510,0.501906,0.549369,0.572399,0.474764,0.469860,0.531486,0.492385,0.509215,0.598308,0.476270,0.551578,0.522692,0.398446,0.386061,0.528367,0.422289,0.485757,0.496441,0.489095,0.505416,0.540006,0.502821,0.510495,0.593142,0.485498,0.435770,0.472746,0.474412,0.478610,0.504642,0.548189,0.481428,0.399977,0.490653,0.482513,0.492474,0.553705,0.429941,0.407329,0.428396,0.396477,0.551142,0.367038,0.498832,0.504302,0.406576,0.377309,0.432479,0.450178,0.536453,0.457423,0.508063,0.476108,0.457939,0.454420,0.402983,0.460977,0.503688,0.450161,0.514798,0.535404,0.449078,0.421427,0.491865,0.534632,0.523193,0.411875,0.601656,0.465478,0.440926,0.532059,0.466841,0.498942,0.505691,0.448379,0.518551,0.571052,0.455624,0.450126,0.566495,0.493924,0.411997,0.412232,0.442957,0.538180,0.354382,0.553578,0.576421,0.468045,0.365737,0.586562,0.497574,0.504150,0.513292,0.413451,0.424924,0.467313,0.492294,0.495341,0.524667,0.443585,0.361666,0.513144,0.361761,0.452187,0.429697,0.491454,0.467439,0.467172,0.466860,0.480177,0.528174,0.531409,0.566282,0.376110,0.371713,0.471736,0.403651,0.464246,0.533993,0.495254,0.569196,0.417844,0.310441,0.577657,0.521354,0.495597,0.569505,0.432362,0.446858,0.490725,0.361771,0.366988,0.594326,0.364779,0.498783,#
2,0.489437,0.497796,1.000000,0.515534,0.532488,0.517656,0.485634,0.513375,0.574444,0.430053,0.457577,0.435442,0.345490,0.499682,0.411266,0.503797,0.356185,0.501232,0.428250,0.527161,0.470702,0.445095,0.501782,0.531667,0.427296,0.456749,0.575592,0.490901,0.495431,0.486874,0.497452,0.504822,0.495097,0.543306,0.500817,0.426694,0.405228,0.483130,0.592512,0.429205,0.402542,0.406747,0.526575,0.411374,0.428749,0.443290,0.495292,0.415327,0.398719,0.384865,0.477977,0.602982,0.554988,0.512117,0.580109,0.514518,0.538463,0.378891,0.495310,0.470387,0.637728,0.453432,0.408333,0.450712,0.496393,0.465138,0.411243,0.427393,0.372302,0.506639,0.506388,0.467973,0.478247,0.517611,0.535164,0.456006,0.446992,0.360008,0.492046,0.493734,0.476925,0.515323,0.609912,0.350309,0.584158,0.507663,0.464812,0.611821,0.419655,0.440709,0.551875,0.424411,0.578612,0.509464,0.495679,0.457890,0.393577,0.454466,0.562672,0.505820,0.534064,0.471878,0.398018,0.482021,0.402647,0.550550,0.556497,0.542624,0.448871,0.373404,0.461163,0.402976,0.532848,0.481489,0.415828,0.419051,0.470145,0.548569,0.432341,0.449195,0.474112,0.401570,0.432523,0.595457,0.499771,0.387427,0.458321,0.515617,0.478966,0.570709,0.483612,0.562682,0.555470,0.558973,0.524446,0.452866,0.499813,0.486055,0.504007,0.480020,0.406388,0.538900,0.366386,0.398034,0.473819,0.452698,0.375836,0.432092,0.452703,0.455848,0.507955,0.540730,0.545571,0.491545,0.482529,0.418660,0.463058,0.348758,0.528306,0.400489,0.376674,0.438279,0.532370,0.432535,0.408682,0.488450,0.471059,0.339912,0.437264,0.417445,0.491929,0.454941,0.546821,0.470525,0.467293,0.501790,0.477535,0.553832,0.393763,0.328852,0.432695,0.581086,0.338191,0.539057,0.458968,0.499566,0.397815,0.346840,0.470848,0.471098,0.441611,0.516402,0.606622,0.547896,0.479224,0.427820,0.329484,0.478216,0.401294,0.543359,#
3,0.492424,0.467260,0.515534,1.000000,0.575589,0.465541,0.488512,0.556146,0.649859,0.542620,0.533832,0.533741,0.451315,0.512553,0.486327,0.527074,0.447702,0.558583,0.619972,0.571891,0.517613,0.507104,0.541448,0.496297,0.487725,0.557895,0.554587,0.584422,0.513495,0.576757,0.564183,0.629953,0.520160,0.578337,0.554152,0.521752,0.426776,0.535998,0.557164,0.569776,0.502271,0.501408,0.562579,0.570479,0.495615,0.553640,0.463396,0.460125,0.449682,0.379570,0.574299,0.514702,0.558370,0.486661,0.498815,0.596149,0.558186,0.559755,0.512851,0.538443,0.510790,0.397061,0.501258,0.522641,0.682013,0.428207,0.466996,0.406831,0.257183,0.481452,0.471066,0.519668,0.555705,0.515409,0.466818,0.461590,0.471678,0.436225,0.477803,0.486656,0.575919,0.500772,0.592548,0.423294,0.537895,0.552660,0.572028,0.578911,0.454136,0.491475,0.645333,0.514047,0.516725,0.573587,0.538584,0.557823,0.409750,0.470016,0.518883,0.444341,0.509149,0.533893,0.445154,0.413300,0.690667,0.476323,0.453185,0.494371,0.472589,0.390167,0.508889,0.357300,0.458815,0.563786,0.470206,0.604742,0.382041,0.490780,0.488604,0.418265,0.498672,0.609554,0.530106,0.462465,0.517938,0.567033,0.470648,0.624284,0.462696,0.444940,0.514682,0.587333,0.520276,0.495855,0.486941,0.587519,0.454133,0.521080,0.409023,0.561173,0.346221,0.605838,0.548911,0.410203,0.494331,0.584851,0.487967,0.593176,0.526469,0.497155,0.503808,0.509959,0.440307,0.529219,0.569779,0.411909,0.568814,0.416743,0.644550,0.441825,0.515603,0.477205,0.441751,0.452442,0.443085,0.482924,0.581441,0.429446,0.600842,0.465264,0.531033,0.487875,0.516904,0.577443,0.510528,0.532526,0.596372,0.582634,0.427199,0.441424,0.424871,0.569337,0.425080,0.522851,0.507260,0.500229,0.419461,0.416468,0.511913,0.594644,0.564296,0.485359,0.513805,0.553519,0.590732,0.502133,0.450842,0.517381,0.420742,0.446649,#
4,0.432311,0.445990,0.532488,0.575589,1.000000,0.574002,0.500363,0.609457,0.539716,0.484373,0.375901,0.588564,0.489416,0.521669,0.448460,0.509959,0.580447,0.568142,0.510914,0.621423,0.629680,0.451963,0.500323,0.546386,0.461092,0.540251,0.532767,0.442747,0.564656,0.500589,0.562558,0.617966,0.571462,0.555607,0.497470,0.441298,0.542150,0.496759,0.582457,0.505666,0.524022,0.381292,0.493790,0.524616,0.501086,0.565724,0.517928,0.543082,0.510329,0.361240,0.532502,0.543447,0.589463,0.539579,0.589711,0.536359,0.472605,0.525872,0.507179,0.522461,0.485884,0.506145,0.485019,0.450354,0.576776,0.549358,0.437173,0.450883,0.369447,0.492601,0.467714,0.526765,0.540988,0.542217,0.543161,0.378240,0.455888,0.495809,0.509217,0.578000,0.437674,0.500038,0.532006,0.437533,0.509576,0.529090,0.498788,0.477978,0.479160,0.437501,0.544470,0.465716,0.502144,0.500294,0.506536,0.481558,0.422982,0.407627,0.448996,0.522502,0.582660,0.575234,0.531479,0.461462,0.458217,0.550895,0.509425,0.533471,0.570849,0.512971,0.471081,0.468876,0.443413,0.603479,0.463719,0.481724,0.557496,0.543343,0.420365,0.415103,0.444520,0.465570,0.584754,0.476205,0.547758,0.498750,0.443405,0.563369,0.589390,0.545279,0.522486,0.491951,0.535942,0.568865,0.614600,0.561963,0.461811,0.467624,0.506314,0.429835,0.381201,0.507594,0.560250,0.423928,0.539253,0.444452,0.514623,0.494375,0.467461,0.556388,0.494595,0.580240,0.486388,0.507915,0.623989,0.531330,0.589053,0.399157,0.510716,0.454246,0.491024,0.450860,0.590714,0.374448,0.351340,0.462663,0.443306,0.391116,0.574686,0.474363,0.455119,0.536833,0.615490,0.505632,0.567159,0.523202,0.646241,0.594117,0.431126,0.427495,0.444121,0.509249,0.471500,0.458287,0.556590,0.587394,0.374593,0.527471,0.512970,0.546601,0.341055,0.458223,0.431417,0.572488,0.469239,0.513400,0.442283,0.488249,0.560303,0.513487,#
5,0.467325,0.494531,0.517656,0.465541,0.574002,1.000000,0.362586,0.563053,0.555363,0.386383,0.478072,0.453906,0.357376,0.376116,0.453252,0.589766,0.508134,0.536907,0.331145,0.649901,0.468544,0.406747,0.503770,0.505183,0.467441,0.471641,0.593611,0.497887,0.516047,0.464553,0.601417,0.614349,0.533766,0.528578,0.442719,0.495540,0.437616,0.414077,0.548701,0.390456,0.565202,0.391390,0.410065,0.530092,0.527297,0.586492,0.556834,0.520307,0.547170,0.274647,0.526328,0.554135,0.509445,0.568333,0.389086,0.647510,0.541105,0.451278,0.623002,0.490013,0.511617,0.540151,0.517862,0.538759,0.572308,0.486318,0.409003,0.470344,0.396373,0.383049,0.469327,0.447801,0.552613,0.478069,0.484937,0.549835,0.521660,0.500313,0.483044,0.524523,0.568494,0.476810,0.542962,0.482348,0.400108,0.564514,0.552463,0.606677,0.505632,0.367213,0.412991,0.493373,0.592963,0.610018,0.507964,0.451594,0.432288,0.509472,0.598698,0.515216,0.526138,0.531430,0.510419,0.511944,0.455828,0.594490,0.455083,0.515058,0.443259,0.442405,0.366950,0.516043,0.425234,0.491858,0.439835,0.431043,0.543676,0.476344,0.388465,0.452325,0.447579,0.490405,0.471558,0.554251,0.441903,0.456302,0.535817,0.513128,0.448931,0.541174,0.568617,0.589904,0.584963,0.571413,0.534285,0.516457,0.530061,0.509000,0.473705,0.452253,0.452394,0.430523,0.475449,0.507273,0.571329,0.417202,0.390991,0.433521,0.549748,0.436424,0.514595,0.530814,0.407622,0.443941,0.537640,0.398808,0.639600,0.435665,0.535224,0.400650,0.515280,0.428065,0.527814,0.394495,0.492346,0.442580,0.345784,0.529393,0.533594,0.470878,0.565296,0.542904,0.471826,0.502570,0.533835,0.433751,0.507490,0.562217,0.464941,0.460523,0.559034,0.471083,0.505814,0.473626,0.557551,0.552945,0.459065,0.444736,0.405966,0.510689,0.369679,0.516836,0.395743,0.459493,0.354935,0.457228,0.375994,0.489736,0.439750,0.455413,#
6,0.493810,0.390510,0.485634,0.488512,0.500363,0.362586,1.000000,0.442540,0.516380,0.341406,0.370200,0.402577,0.474594,0.516602,0.332218,0.447804,0.478271,0.563623,0.446427,0.472105,0.573415,0.400470,0.347611,0.445177,0.411454,0.420703,0.456728,0.413783,0.468543,0.554704,0.435017,0.534666,0.433195,0.487089,0.534994,0.482690,0.336735,0.354578,0.451896,0.506917,0.427562,0.460388,0.507085,0.368032,0.544983,0.378636,0.476788,0.312917,0.564805,0.393433,0.501318,0.599898,0.515780,0.412812,0.561294,0.500441,0.492664,0.526683,0.470242,0.373490,0.449430,0.388758,0.367999,0.428688,0.607990,0.451357,0.567604,0.351589,0.399644,0.430196,0.390486,0.450307,0.445028,0.573926,0.469634,0.386207,0.420429,0.328093,0.431893,0.407759,0.433266,0.501305,0.473605,0.383454,0.377639,0.516928,0.451188,0.447993,0.485321,0.412919,0.421578,0.400762,0.388759,0.396928,0.464934,0.400833,0.497452,0.456423,0.421870,0.518351,0.480447,0.415479,0.512332,0.424241,0.400842,0.354260,0.492257,0.389873,0.352894,0.374048,0.353687,0.386765,0.326780,0.479341,0.476925,0.315104,0.576074,0.458608,0.454043,0.390108,0.501894,0.458992,0.470173,0.547940,0.582702,0.569554,0.398451,0.514531,0.327264,0.450350,0.432710,0.487579,0.543462,0.410029,0.468433,0.465644,0.486608,0.397984,0.549533,0.471966,0.497695,0.466294,0.431352,0.348956,0.406646,0.476615,0.350607,0.420372,0.416406,0.369895,0.503395,0.522854,0.379898,0.409893,0.473438,0.426406,0.442363,0.456089,0.536256,0.418886,0.436574,0.467849,0.457520,0.412355,0.394723,0.476617,0.527454,0.331182,0.517777,0.357815,0.501945,0.449433,0.366498,0.371132,0.449648,0.485083,0.507352,0.477300,0.443001,0.332355,0.424042,0.393811,0.476796,0.516111,0.434452,0.436359,0.303762,0.485353,0.330995,0.434846,0.309204,0.488178,0.426152,0.545368,0.491920,0.377206,0.394686,0.509378,0.454666,0.437638,#
7,0.508789,0.540523,0.513375,0.556146,0.609457,0.563053,0.442540,1.000000,0.690673,0.482266,0.490211,0.556648,0.461508,0.517456,0.558122,0.496975,0.581370,0.564380,0.556197,0.570787,0.513964,0.504030,0.646388,0.541429,0.571309,0.529957,0.543856,0.534849,0.529267,0.500086,0.441970,0.646049,0.505028,0.573879,0.473595,0.456222,0.518655,0.453682,0.596069,0.490363,0.510516,0.432094,0.509622,0.570390,0.530887,0.564944,0.554994,0.585389,0.453611,0.391882,0.595036,0.551550,0.545419,0.573011,0.512216,0.550082,0.479445,0.565667,0.485228,0.494532,0.467056,0.496809,0.529521,0.436861,0.591197,0.533188,0.497917,0.541764,0.497371,0.609554,0.498424,0.358305,0.645144,0.554660,0.603132,0.457701,0.520774,0.434051,0.580718,0.509150,0.535580,0.544707,0.581434,0.489466,0.553225,0.524551,0.617689,0.581980,0.474753,0.519998,0.498690,0.508732,0.547058,0.568149,0.604088,0.464099,0.477488,0.559130,0.538627,0.538884,0.609232,0.507325,0.494046,0.514742,0.521617,0.595102,0.464028,0.506223,0.475698,0.391863,0.541256,0.427118,0.550346,0.578985,0.583653,0.497128,0.534110,0.407001,0.430675,0.584656,0.535721,0.556338,0.501311,0.646055,0.613159,0.497151,0.553286,0.626856,0.479831,0.432699,0.548581,0.493438,0.604647,0.478254,0.615686,0.633825,0.522971,0.529356,0.489194,0.537565,0.509637,0.537469,0.555289,0.403396,0.513107,0.522462,0.500802,0.433463,0.568306,0.511759,0.491467,0.601702,0.508040,0.557384,0.571892,0.584359,0.551230,0.525706,0.550010,0.479080,0.576652,0.410023,0.636785,0.395710,0.444977,0.529408,0.512999,0.396552,0.510570,0.436741,0.594670,0.594710,0.544641,0.577674,0.537810,0.575168,0.540411,0.542042,0.463305,0.471144,0.591077,0.463170,0.468739,0.506947,0.507218,0.602265,0.387208,0.426801,0.504971,0.567107,0.497652,0.562107,0.451019,0.439835,0.517661,0.480260,0.438278,0.574330,0.494814,0.501795,#
8,0.482225,0.618279,0.574444,0.649859,0.539716,0.555363,0.516380,0.690673,1.000000,0.537207,0.464001,0.544064,0.497962,0.548123,0.561442,0.595353,0.494065,0.588675,0.520895,0.608570,0.501340,0.638667,0.589480,0.496893,0.376716,0.582468,0.558064,0.622939,0.539434,0.575021,0.522986,0.585555,0.540968,0.589785,0.490242,0.521745,0.493935,0.504255,0.577400,0.524030,0.504611,0.547202,0.580765,0.505050,0.533696,0.475821,0.487559,0.524585,0.532911,0.493158,0.601242,0.630304,0.517627,0.599776,0.549572,0.640792,0.510753,0.588396,0.496299,0.506747,0.587645,0.497020,0.596303,0.483163,0.595141,0.577787,0.548118,0.522726,0.512917,0.619594,0.518785,0.497460,0.627050,0.645579,0.542809,0.502474,0.494956,0.495527,0.547547,0.572801,0.536797,0.551519,0.578679,0.482161,0.536564,0.584911,0.511837,0.558695,0.416921,0.507738,0.550228,0.499621,0.585619,0.574684,0.618422,0.524049,0.496157,0.546956,0.569325,0.488934,0.587220,0.544442,0.542174,0.560971,0.537195,0.576573,0.529490,0.563474,0.479211,0.469223,0.499624,0.498301,0.564868,0.551692,0.603381,0.551882,0.554683,0.467980,0.495713,0.568536,0.529130,0.517219,0.579538,0.575097,0.575908,0.600103,0.534328,0.615024,0.523908,0.511930,0.532167,0.507988,0.616485,0.605567,0.683245,0.542684,0.505687,0.510436,0.446141,0.558729,0.466439,0.615440,0.610755,0.499383,0.524082,0.516365,0.552383,0.464519,0.565779,0.506532,0.562785,0.575218,0.512070,0.644103,0.585087,0.559185,0.565964,0.549093,0.582826,0.597896,0.525769,0.489962,0.618957,0.545950,0.512827,0.470115,0.525890,0.440518,0.591031,0.574500,0.576888,0.564375,0.544991,0.553601,0.607868,0.548060,0.517889,0.627110,0.511934,0.396570,0.545963,0.563779,0.376191,0.667103,0.586735,0.599898,0.482119,0.433733,0.496854,0.533030,0.538047,0.516927,0.583163,0.537909,0.529950,0.529495,0.487363,0.535570,0.546388,0.541703,#
9,0.383616,0.483278,0.430053,0.542620,0.484373,0.386383,0.341406,0.482266,0.537207,1.000000,0.430463,0.332853,0.423944,0.448014,0.513692,0.445967,0.416733,0.448625,0.528497,0.540696,0.581309,0.446816,0.539536,0.527750,0.379317,0.397573,0.469754,0.570313,0.395078,0.531893,0.407401,0.493993,0.473779,0.536085,0.522724,0.412515,0.345006,0.363321,0.517125,0.457742,0.519430,0.435218,0.456264,0.404152,0.492005,0.422508,0.427528,0.400972,0.372246,0.269116,0.379122,0.458652,0.376549,0.453316,0.432264,0.486283,0.433143,0.481632,0.431318,0.438664,0.445293,0.403469,0.440561,0.452166,0.521484,0.569490,0.505048,0.430567,0.418009,0.370143,0.484009,0.417081,0.428545,0.444105,0.522381,0.443893,0.300574,0.464578,0.466335,0.522274,0.422416,0.454190,0.433976,0.426961,0.495001,0.391325,0.421833,0.548134,0.392223,0.304814,0.439469,0.438184,0.520818,0.461209,0.507239,0.392017,0.385257,0.514865,0.489984,0.388008,0.469465,0.432294,0.458069,0.413729,0.532190,0.480941,0.445683,0.381588,0.459335,0.417746,0.479569,0.478124,0.577642,0.502732,0.384159,0.517998,0.344407,0.384886,0.337192,0.325308,0.449413,0.483030,0.528892,0.498834,0.453344,0.380772,0.434887,0.428324,0.497208,0.427382,0.377936,0.508639,0.518241,0.577025,0.499383,0.417623,0.389425,0.435461,0.349086,0.493529,0.306921,0.575977,0.493197,0.449729,0.417972,0.402754,0.416432,0.454204,0.383452,0.344289,0.388077,0.399595,0.434085,0.456403,0.483693,0.447575,0.460230,0.439416,0.452588,0.463024,0.433320,0.401879,0.473754,0.490763,0.442919,0.391147,0.382814,0.383614,0.533536,0.358676,0.512665,0.544073,0.428075,0.499876,0.511674,0.583337,0.417242,0.520903,0.426635,0.427321,0.417924,0.368020,0.389499,0.458221,0.447729,0.609788,0.282207,0.317114,0.589794,0.415089,0.428094,0.467544,0.428009,0.410981,0.415362,0.371530,0.344712,0.438492,0.360553,0.360996,#
10,0.499849,0.534070,0.457577,0.533832,0.375901,0.478072,0.370200,0.490211,0.464001,0.430463,1.000000,0.436822,0.272835,0.399625,0.378286,0.494045,0.413227,0.403895,0.468321,0.508816,0.457038,0.331359,0.457591,0.484289,0.376099,0.368569,0.426729,0.570811,0.379189,0.492821,0.420656,0.496781,0.425479,0.535130,0.491218,0.458587,0.360171,0.425673,0.507683,0.361212,0.475329,0.364328,0.379524,0.380448,0.439638,0.516216,0.496415,0.481608,0.518915,0.461039,0.328841,0.472327,0.523567,0.423205,0.445666,0.417859,0.456636,0.420397,0.384865,0.393142,0.437425,0.436021,0.528181,0.475664,0.518912,0.357947,0.416883,0.292545,0.323173,0.441613,0.342774,0.489487,0.499074,0.385045,0.403899,0.459437,0.395252,0.439991,0.464368,0.376922,0.537776,0.489759,0.518824,0.415602,0.446070,0.395631,0.514868,0.579087,0.433298,0.483103,0.449313,0.478448,0.519374,0.535194,0.473548,0.462583,0.253872,0.420107,0.602843,0.566148,0.475755,0.414679,0.407396,0.481113,0.610271,0.393558,0.365077,0.471853,0.414657,0.376897,0.366640,0.367825,0.430181,0.420872,0.426652,0.519538,0.375706,0.375256,0.469592,0.428905,0.475216,0.587710,0.348310,0.449179,0.318589,0.428009,0.542375,0.516338,0.472174,0.378352,0.315344,0.442043,0.446520,0.434688,0.502746,0.459305,0.372647,0.460997,0.350457,0.463745,0.518540,0.401089,0.338824,0.428457,0.345985,0.326081,0.309888,0.365554,0.447348,0.342615,0.461180,0.496880,0.493378,0.386318,0.454745,0.394222,0.581013,0.435911,0.462788,0.403518,0.554971,0.395542,0.481946,0.410539,0.406667,0.379504,0.534341,0.386884,0.500245,0.441659,0.482316,0.408015,0.365221,0.461965,0.435241,0.436123,0.514585,0.564834,0.345202,0.443189,0.395056,0.321107,0.464329,0.413119,0.425491,0.420633,0.249979,0.346322,0.389603,0.524877,0.417698,0.436368,0.439110,0.443444,0.493455,0.416880,0.290699,0.548733,0.402239,0.488667,#
11,0.499566,0.487016,0.435442,0.533741,0.588564,0.453906,0.402577,0.556648,0.544064,0.332853,0.436822,1.000000,0.491876,0.410848,0.431948,0.437346,0.453182,0.564910,0.528204,0.465036,0.460936,0.442752,0.484272,0.394396,0.395466,0.495961,0.372337,0.481645,0.491787,0.437219,0.466484,0.536731,0.503349,0.550820,0.436234,0.418417,0.531325,0.440094,0.447069,0.537020,0.427707,0.448483,0.500268,0.434084,0.411365,0.471667,0.598602,0.452096,0.426875,0.402071,0.482805,0.514847,0.519741,0.548908,0.526633,0.486656,0.359282,0.498653,0.424367,0.404476,0.388142,0.410587,0.540604,0.376942,0.557638,0.444655,0.459647,0.444587,0.431473,0.536890,0.471312,0.481534,0.499320,0.490535,0.483096,0.302556,0.492296,0.442011,0.467116,0.294780,0.485791,0.464783,0.503616,0.380826,0.519246,0.477909,0.415633,0.467903,0.441802,0.366025,0.482612,0.505033,0.477464,0.437602,0.521472,0.564303,0.391637,0.423157,0.457637,0.417692,0.433142,0.489849,0.419505,0.438079,0.524811,0.591230,0.411109,0.521008,0.507440,0.434025,0.536611,0.460304,0.520902,0.503673,0.341226,0.498325,0.423830,0.492920,0.356081,0.502284,0.397100,0.476457,0.497157,0.447794,0.540512,0.419994,0.461538,0.461952,0.496549,0.459254,0.493172,0.483981,0.525718,0.523025,0.504964,0.470978,0.435382,0.461365,0.433956,0.500097,0.471023,0.411315,0.428877,0.444971,0.526749,0.338791,0.510978,0.400031,0.402479,0.497521,0.437076,0.466573,0.391198,0.479472,0.561551,0.428769,0.508590,0.405340,0.543927,0.379068,0.424239,0.436310,0.500763,0.359308,0.458545,0.307335,0.500305,0.348690,0.549565,0.482644,0.461832,0.440236,0.457037,0.545918,0.401419,0.475070,0.479346,0.477122,0.360490,0.461912,0.465661,0.405111,0.492348,0.418505,0.530198,0.393645,0.295686,0.458376,0.480732,0.515974,0.463257,0.470612,0.514636,0.489152,0.492089,0.437001,0.402900,0.523825,0.399210,0.462875,#
12,0.414834,0.462066,0.345490,0.451315,0.489416,0.357376,0.474594,0.461508,0.497962,0.423944,0.272835,0.491876,1.000000,0.456835,0.503221,0.407172,0.518202,0.536788,0.509038,0.513740,0.463274,0.422628,0.500106,0.466407,0.396726,0.380043,0.401635,0.449695,0.548066,0.389192,0.421445,0.458218,0.506045,0.488381,0.465795,0.439963,0.387322,0.369413,0.453574,0.467425,0.303181,0.281768,0.416916,0.567959,0.395765,0.451010,0.525989,0.342751,0.431090,0.330645,0.551126,0.453648,0.434990,0.508210,0.497930,0.430962,0.338891,0.463451,0.376948,0.296463,0.340587,0.448710,0.331546,0.372474,0.550060,0.487587,0.396333,0.327755,0.404555,0.435274,0.421921,0.400547,0.472418,0.456883,0.541952,0.453320,0.459938,0.349358,0.463318,0.424218,0.435433,0.427861,0.505265,0.417553,0.365263,0.494027,0.414902,0.462503,0.489233,0.370253,0.406689,0.370077,0.487351,0.326153,0.414454,0.488725,0.584314,0.549674,0.397910,0.370295,0.327356,0.458444,0.465211,0.510287,0.398151,0.442460,0.332379,0.317250,0.429829,0.353698,0.464142,0.351026,0.442061,0.465338,0.559027,0.390322,0.435760,0.314288,0.426623,0.322754,0.436655,0.479761,0.474365,0.520596,0.485208,0.427530,0.347165,0.338130,0.354606,0.409244,0.378327,0.437923,0.402748,0.408643,0.431900,0.416387,0.417215,0.493638,0.468421,0.351812,0.454620,0.584249,0.443271,0.413950,0.434142,0.433756,0.478638,0.404779,0.444133,0.550626,0.370011,0.522458,0.396389,0.359137,0.445269,0.552704,0.531384,0.395886,0.464358,0.419431,0.462054,0.502262,0.500396,0.402279,0.496278,0.301452,0.437110,0.461765,0.341327,0.296280,0.479745,0.465940,0.423124,0.486342,0.411588,0.399022,0.513257,0.546198,0.434781,0.251669,0.391728,0.454260,0.407495,0.430806,0.301468,0.479088,0.356591,0.482522,0.441855,0.396445,0.378968,0.367332,0.380902,0.480824,0.373175,0.444794,0.371951,0.447796,0.427789,0.273238,#
13,0.434186,0.374435,0.499682,0.512553,0.521669,0.376116,0.516602,0.517456,0.548123,0.448014,0.399625,0.410848,0.456835,1.000000,0.387761,0.456699,0.421873,0.522536,0.518959,0.482735,0.524569,0.445165,0.566783,0.440976,0.370917,0.435646,0.394024,0.568194,0.533816,0.551425,0.333693,0.508439,0.544067,0.588034,0.402459,0.358706,0.441555,0.472051,0.491085,0.450624,0.561894,0.437629,0.501045,0.460958,0.591882,0.456477,0.473073,0.447975,0.555143,0.344475,0.512597,0.635971,0.433484,0.544492,0.526898,0.544958,0.463091,0.492329,0.431935,0.443707,0.498960,0.457950,0.440368,0.475687,0.525461,0.485568,0.474989,0.346939,0.444150,0.407303,0.374135,0.442107,0.376448,0.610117,0.550811,0.438118,0.418314,0.388164,0.481536,0.497544,0.490759,0.461572,0.581623,0.398752,0.415766,0.479648,0.399903,0.389514,0.538661,0.446481,0.463773,0.466719,0.512252,0.497229,0.526165,0.352954,0.438169,0.459747,0.443871,0.571891,0.454482,0.471201,0.451989,0.596777,0.489156,0.574093,0.379664,0.488063,0.445595,0.390330,0.500184,0.485086,0.488748,0.505096,0.522561,0.522947,0.418898,0.553995,0.468733,0.517812,0.469361,0.517405,0.403897,0.409106,0.494332,0.324094,0.440181,0.385916,0.442838,0.420918,0.415447,0.492654,0.476652,0.454429,0.545411,0.468803,0.426688,0.473662,0.556539,0.411990,0.303065,0.568029,0.566524,0.420353,0.409894,0.453899,0.487946,0.488331,0.513527,0.482805,0.407457,0.501633,0.381987,0.538565,0.470583,0.515628,0.455052,0.417098,0.534098,0.444250,0.531233,0.490717,0.460806,0.481049,0.412463,0.437362,0.491673,0.397257,0.561405,0.377308,0.478493,0.553979,0.532703,0.458945,0.552943,0.479638,0.511513,0.636825,0.498888,0.355594,0.383870,0.483160,0.463553,0.487266,0.493747,0.502221,0.353521,0.445136,0.379133,0.439390,0.460626,0.474465,0.470028,0.529086,0.525900,0.366720,0.408846,0.445299,0.473496,0.423697,#
14,0.430333,0.433120,0.411266,0.486327,0.448460,0.453252,0.332218,0.558122,0.561442,0.513692,0.378286,0.431948,0.503221,0.387761,1.000000,0.513707,0.462091,0.406544,0.467050,0.505154,0.488999,0.429715,0.453716,0.523181,0.406012,0.306221,0.446018,0.497608,0.494723,0.495914,0.438650,0.546431,0.472464,0.498008,0.488249,0.412484,0.361067,0.443442,0.522933,0.370695,0.348767,0.336798,0.488424,0.475513,0.449494,0.456888,0.412903,0.375657,0.291087,0.326412,0.438270,0.438610,0.354669,0.582219,0.418343,0.477206,0.431007,0.433464,0.469843,0.376715,0.426756,0.473723,0.473546,0.436648,0.447069,0.363691,0.384800,0.383703,0.359236,0.531521,0.416105,0.386616,0.472455,0.435138,0.546436,0.411526,0.512142,0.419801,0.394580,0.331363,0.508678,0.520367,0.529264,0.473245,0.429749,0.442829,0.425886,0.540339,0.461289,0.322275,0.361103,0.295536,0.517251,0.536353,0.460829,0.476555,0.627745,0.470338,0.498382,0.337631,0.451325,0.449097,0.495914,0.349889,0.511595,0.455179,0.347934,0.342908,0.358165,0.323461,0.476422,0.417575,0.476576,0.484873,0.449172,0.475131,0.404895,0.378209,0.360147,0.402386,0.481908,0.504333,0.434440,0.501763,0.517495,0.296390,0.425897,0.573028,0.381964,0.492863,0.369269,0.427544,0.454447,0.503633,0.494440,0.472739,0.364595,0.460495,0.396731,0.432576,0.357751,0.481112,0.396583,0.452188,0.366344,0.520553,0.508206,0.430937,0.485608,0.342983,0.434551,0.450473,0.347573,0.395543,0.520903,0.455715,0.512496,0.433713,0.409657,0.412680,0.454941,0.358581,0.499309,0.375496,0.370980,0.340432,0.387080,0.365239,0.383604,0.482066,0.444043,0.440914,0.511211,0.527524,0.402664,0.523638,0.480698,0.532772,0.374630,0.289389,0.486023,0.531875,0.427873,0.437066,0.405138,0.414022,0.397387,0.298934,0.383176,0.426540,0.282405,0.380204,0.513448,0.512239,0.431336,0.411351,0.376371,0.379132,0.372612,0.297625,#
15,0.546629,0.482040,0.503797,0.527074,0.509959,0.589766,0.447804,0.496975,0.595353,0.445967,0.494045,0.437346,0.407172,0.456699,0.513707,1.000000,0.470673,0.586872,0.498585,0.571898,0.474660,0.457059,0.502872,0.511751,0.428373,0.483029,0.472270,0.477800,0.511218,0.577308,0.477178,0.606303,0.492884,0.548085,0.466679,0.569995,0.500615,0.441221,0.604018,0.450053,0.454211,0.434082,0.505797,0.417999,0.568838,0.461842,0.510976,0.579599,0.500398,0.430775,0.453870,0.643479,0.478602,0.481255,0.520851,0.476745,0.544249,0.450688,0.457854,0.445623,0.574980,0.423476,0.492730,0.556360,0.519493,0.566382,0.464223,0.393594,0.374900,0.365319,0.491869,0.392548,0.427903,0.483201,0.517599,0.423419,0.487745,0.440699,0.504164,0.469830,0.605380,0.520262,0.460819,0.467770,0.564761,0.535220,0.447407,0.614525,0.424077,0.402009,0.485557,0.397274,0.506833,0.479053,0.428670,0.481817,0.436660,0.463887,0.440502,0.468451,0.592785,0.429341,0.560788,0.508123,0.463389,0.514823,0.512359,0.492928,0.399819,0.467426,0.369701,0.437603,0.501484,0.517121,0.413467,0.492541,0.490308,0.474170,0.450079,0.429870,0.485560,0.464895,0.481056,0.499139,0.439058,0.510930,0.567846,0.529969,0.477655,0.624548,0.376540,0.431523,0.496653,0.479580,0.499286,0.468078,0.394457,0.383911,0.478226,0.506703,0.416122,0.445086,0.478439,0.411084,0.442459,0.435165,0.445072,0.415401,0.486196,0.397599,0.508954,0.446168,0.565820,0.476783,0.500028,0.464852,0.634819,0.481673,0.474874,0.491088,0.438791,0.500017,0.591156,0.296690,0.494017,0.482776,0.506733,0.541878,0.601296,0.395023,0.426835,0.614610,0.371927,0.542015,0.464886,0.585623,0.548217,0.579889,0.465937,0.382324,0.453677,0.465068,0.436230,0.551393,0.478248,0.512085,0.302694,0.428432,0.372987,0.484916,0.393218,0.487860,0.502730,0.515880,0.467094,0.464813,0.474758,0.519521,0.493192,0.454079,#
16,0.567391,0.469732,0.356185,0.447702,0.580447,0.508134,0.478271,0.581370,0.494065,0.416733,0.413227,0.453182,0.518202,0.421873,0.462091,0.470673,1.000000,0.535770,0.454502,0.581114,0.611222,0.485276,0.380490,0.473449,0.432351,0.496646,0.513739,0.369188,0.448749,0.494614,0.472008,0.633725,0.546409,0.550611,0.512549,0.455953,0.453897,0.389067,0.536206,0.475152,0.415392,0.430189,0.488207,0.433683,0.476013,0.495369,0.404315,0.430992,0.472669,0.415795,0.455853,0.447795,0.522695,0.664552,0.552395,0.495307,0.341883,0.512178,0.469779,0.369592,0.387164,0.551338,0.423751,0.427565,0.494207,0.439082,0.437970,0.449278,0.492573,0.570404,0.377848,0.393321,0.557845,0.534045,0.504709,0.386864,0.468706,0.445313,0.519218,0.494779,0.476079,0.465000,0.511650,0.519156,0.481826,0.468091,0.528258,0.537890,0.487689,0.447272,0.469398,0.389925,0.517748,0.480136,0.523826,0.568182,0.438541,0.467043,0.529141,0.470574,0.433538,0.443815,0.515585,0.498437,0.427510,0.606609,0.490622,0.397291,0.500220,0.400523,0.519934,0.499451,0.528792,0.494108,0.508030,0.524316,0.626976,0.455377,0.459751,0.366329,0.486944,0.582046,0.531193,0.522819,0.563693,0.513536,0.467426,0.455907,0.450353,0.416623,0.505435,0.485088,0.542655,0.377233,0.546746,0.526095,0.405811,0.449221,0.414831,0.541203,0.443235,0.478858,0.458157,0.472432,0.431232,0.378013,0.454011,0.404790,0.532599,0.539051,0.399861,0.575598,0.429524,0.414295,0.602553,0.543244,0.545499,0.434760,0.472688,0.495544,0.452845,0.466376,0.587046,0.404469,0.415169,0.480413,0.475124,0.511900,0.521741,0.370565,0.515552,0.545777,0.442326,0.460460,0.444955,0.455565,0.456480,0.565620,0.475070,0.319603,0.396053,0.445546,0.482383,0.412676,0.517991,0.578787,0.360225,0.521906,0.468751,0.448451,0.491552,0.425462,0.455179,0.484151,0.457743,0.428013,0.378327,0.429851,0.448332,0.447914,#
17,0.560846,0.486774,0.501232,0.558583,0.568142,0.536907,0.563623,0.564380,0.588675,0.448625,0.403895,0.564910,0.536788,0.522536,0.406544,0.586872,0.535770,1.000000,0.452374,0.548266,0.530384,0.493388,0.513975,0.599673,0.534978,0.538218,0.540264,0.504201,0.470875,0.574041,0.543130,0.604163,0.456161,0.546292,0.510419,0.565328,0.447870,0.507966,0.603915,0.508400,0.550570,0.498833,0.543685,0.496251,0.465835,0.495426,0.510855,0.601691,0.565347,0.458355,0.563757,0.583446,0.549847,0.524928,0.511288,0.565678,0.459439,0.467738,0.497373,0.354934,0.497854,0.482262,0.416513,0.498016,0.549728,0.646234,0.573660,0.496420,0.434708,0.454801,0.464226,0.508143,0.456887,0.478550,0.471867,0.475142,0.523497,0.448625,0.509933,0.519950,0.506524,0.543384,0.552884,0.466583,0.471967,0.508579,0.600883,0.508183,0.488861,0.486748,0.545319,0.404168,0.545638,0.512710,0.472512,0.575560,0.500934,0.433281,0.393923,0.533471,0.561297,0.391873,0.479835,0.535939,0.473971,0.496386,0.539107,0.503033,0.476419,0.420207,0.471572,0.452922,0.422898,0.576170,0.526958,0.426469,0.453642,0.520941,0.430436,0.431408,0.514014,0.523530,0.522679,0.545505,0.598203,0.578129,0.538937,0.497696,0.425039,0.510307,0.587791,0.609972,0.598374,0.464261,0.446746,0.573358,0.499558,0.502352,0.595220,0.577044,0.485953,0.562150,0.624833,0.478334,0.532077,0.515112,0.527983,0.542889,0.532415,0.419876,0.553442,0.483001,0.458078,0.467632,0.581324,0.621869,0.651869,0.476539,0.539738,0.420407,0.473552,0.477680,0.612491,0.478361,0.497938,0.484918,0.422444,0.419891,0.598643,0.399707,0.590608,0.476575,0.479208,0.522257,0.549876,0.496523,0.572864,0.577347,0.472651,0.510592,0.516666,0.598015,0.486285,0.556147,0.552947,0.521098,0.407506,0.553704,0.428494,0.443044,0.422083,0.521748,0.542106,0.580712,0.581996,0.578293,0.401225,0.622768,0.408249,0.464399,#
18,0.520451,0.459397,0.428250,0.619972,0.510914,0.331145,0.446427,0.556197,0.520895,0.528497,0.468321,0.528204,0.509038,0.518959,0.467050,0.498585,0.454502,0.452374,1.000000,0.611903,0.492750,0.484187,0.549151,0.451397,0.436155,0.484902,0.431869,0.529264,0.513209,0.519858,0.361053,0.553687,0.514364,0.538527,0.552314,0.531487,0.420502,0.432063,0.510005,0.508186,0.533360,0.301103,0.484028,0.420646,0.574860,0.429537,0.502611,0.489775,0.375460,0.367724,0.443692,0.512216,0.556069,0.485786,0.537876,0.495698,0.441631,0.569102,0.406763,0.494870,0.503000,0.387026,0.516778,0.405893,0.615020,0.446116,0.465089,0.372521,0.258311,0.488243,0.477299,0.362989,0.510063,0.491933,0.545810,0.350396,0.548911,0.431340,0.543218,0.473135,0.488738,0.437259,0.516600,0.448524,0.471457,0.460261,0.502733,0.540869,0.460900,0.413950,0.505259,0.403167,0.507980,0.473357,0.590687,0.448498,0.480251,0.504238,0.476178,0.493746,0.564015,0.448470,0.497131,0.511459,0.579897,0.529248,0.379569,0.394513,0.406042,0.339401,0.553697,0.354806,0.570564,0.567895,0.411718,0.419846,0.433511,0.362481,0.409015,0.389626,0.486914,0.587336,0.481097,0.398328,0.470969,0.400685,0.451149,0.512877,0.553050,0.400161,0.403662,0.507487,0.456941,0.475811,0.494087,0.556907,0.459927,0.532040,0.431070,0.462923,0.389138,0.568347,0.479450,0.549550,0.439170,0.528444,0.489656,0.379943,0.465798,0.491127,0.374763,0.589258,0.455299,0.451696,0.477672,0.500720,0.511864,0.514279,0.521966,0.465063,0.521537,0.432078,0.541499,0.443684,0.486400,0.517530,0.590810,0.404019,0.512394,0.454207,0.462670,0.580468,0.507573,0.461409,0.400964,0.537006,0.531717,0.579459,0.384681,0.475755,0.400629,0.440905,0.390466,0.483316,0.478562,0.452362,0.445607,0.401756,0.431068,0.452995,0.502061,0.438584,0.427107,0.586519,0.529778,0.461192,0.363362,0.477906,0.489717,0.407976,#
19,0.563093,0.537464,0.527161,0.571891,0.621423,0.649901,0.472105,0.570787,0.608570,0.540696,0.508816,0.465036,0.513740,0.482735,0.505154,0.571898,0.581114,0.548266,0.611903,1.000000,0.553493,0.472306,0.549910,0.536797,0.483307,0.454493,0.601469,0.502880,0.520526,0.604892,0.584464,0.613578,0.504608,0.581561,0.466481,0.538538,0.519434,0.416321,0.618548,0.509100,0.564648,0.421634,0.485344,0.480207,0.550948,0.518491,0.584350,0.518159,0.592492,0.363876,0.476305,0.580607,0.509659,0.575199,0.506698,0.527152,0.558703,0.529925,0.555549,0.419294,0.573844,0.601489,0.573864,0.545189,0.617235,0.504434,0.472881,0.479166,0.390140,0.497341,0.514625,0.424648,0.540786,0.542305,0.567196,0.435297,0.518585,0.455123,0.602836,0.520559,0.503071,0.467494,0.600969,0.489959,0.466532,0.570970,0.539926,0.621561,0.578480,0.341577,0.493801,0.458203,0.611122,0.533001,0.522368,0.523489,0.528214,0.519366,0.500499,0.525193,0.584491,0.481881,0.559530,0.522447,0.523745,0.600604,0.527634,0.538592,0.494101,0.348434,0.430916,0.437870,0.529634,0.542862,0.522891,0.464596,0.591374,0.536120,0.431296,0.371295,0.459151,0.595712,0.522956,0.559798,0.599947,0.464598,0.623563,0.536220,0.579820,0.572712,0.509742,0.532726,0.508008,0.538427,0.612402,0.510747,0.528708,0.535640,0.470584,0.511099,0.445262,0.539510,0.500594,0.493536,0.521460,0.489473,0.518247,0.389764,0.592666,0.515113,0.503122,0.667563,0.460499,0.437114,0.581694,0.573852,0.636901,0.529292,0.569511,0.534959,0.607410,0.484292,0.566181,0.391387,0.569832,0.500135,0.433790,0.497552,0.562590,0.510333,0.555390,0.614839,0.586736,0.538049,0.535989,0.541133,0.545419,0.651203,0.547068,0.413519,0.398283,0.555041,0.510022,0.615937,0.602117,0.523885,0.440308,0.495636,0.527555,0.532211,0.499596,0.542909,0.469159,0.619624,0.495567,0.608931,0.352443,0.506622,0.550052,0.468694,#
20,0.457366,0.431126,0.470702,0.517613,0.629680,0.468544,0.573415,0.513964,0.501340,0.581309,0.457038,0.460936,0.463274,0.524569,0.488999,0.474660,0.611222,0.530384,0.492750,0.553493,1.000000,0.505490,0.408861,0.469158,0.446475,0.537450,0.542527,0.496454,0.503715,0.585048,0.449552,0.534796,0.505282,0.610268,0.565319,0.551094,0.461942,0.426587,0.549425,0.549502,0.456995,0.560901,0.456753,0.513587,0.597156,0.484879,0.532096,0.400344,0.438405,0.363744,0.431709,0.539160,0.462371,0.633481,0.527052,0.542931,0.488185,0.531351,0.500061,0.444903,0.512161,0.479315,0.555839,0.424105,0.599745,0.490395,0.533391,0.372932,0.409235,0.515464,0.527999,0.480146,0.440822,0.537758,0.588080,0.350040,0.433702,0.441072,0.471486,0.536914,0.501533,0.574374,0.572446,0.460561,0.425817,0.500028,0.546190,0.518408,0.506534,0.500416,0.527695,0.506020,0.501862,0.549590,0.638819,0.416355,0.391584,0.482513,0.486645,0.492025,0.571098,0.483529,0.610667,0.523386,0.536834,0.447159,0.513535,0.540507,0.400281,0.573231,0.515088,0.534119,0.484275,0.458666,0.513181,0.460653,0.558890,0.541453,0.367228,0.440822,0.584724,0.546482,0.474406,0.602690,0.500636,0.487494,0.492620,0.456098,0.558714,0.517547,0.534920,0.504913,0.568941,0.594464,0.554272,0.445351,0.394460,0.477271,0.524539,0.588180,0.423297,0.511263,0.468335,0.488811,0.512696,0.454415,0.458168,0.452680,0.502510,0.535552,0.507635,0.540587,0.505406,0.542234,0.606582,0.532811,0.518300,0.404480,0.511630,0.537717,0.477653,0.540065,0.534593,0.454881,0.527892,0.333020,0.437736,0.403069,0.577415,0.454446,0.523279,0.500249,0.566684,0.465901,0.475047,0.528030,0.452166,0.582854,0.504614,0.399339,0.448792,0.476309,0.515796,0.481772,0.489406,0.534242,0.344288,0.539804,0.425179,0.469573,0.349744,0.426951,0.422036,0.635744,0.463508,0.377000,0.412214,0.462055,0.495687,0.478489,#
21,0.399034,0.533442,0.445095,0.507104,0.451963,0.406747,0.400470,0.504030,0.638667,0.446816,0.331359,0.442752,0.422628,0.445165,0.429715,0.457059,0.485276,0.493388,0.484187,0.472306,0.505490,1.000000,0.452777,0.521477,0.302049,0.427581,0.487303,0.403882,0.466198,0.471821,0.448620,0.470095,0.551359,0.524937,0.545962,0.516040,0.456960,0.519790,0.554406,0.432247,0.433946,0.490387,0.438117,0.438568,0.512101,0.406477,0.401001,0.465797,0.393020,0.266110,0.418445,0.532203,0.366630,0.444986,0.538152,0.490896,0.496191,0.464111,0.452780,0.282099,0.515368,0.382015,0.487892,0.302263,0.588993,0.450497,0.475141,0.427795,0.393868,0.470126,0.468951,0.453570,0.473480,0.498200,0.595243,0.418671,0.356959,0.382730,0.431158,0.501716,0.430575,0.460747,0.480658,0.354624,0.524469,0.450335,0.450869,0.529388,0.444328,0.467854,0.437422,0.285371,0.474218,0.427781,0.542841,0.403386,0.445921,0.408771,0.388237,0.486625,0.515177,0.503522,0.494990,0.426239,0.382349,0.548935,0.368508,0.350197,0.456963,0.495976,0.488594,0.415407,0.452976,0.518773,0.356453,0.393284,0.515447,0.451640,0.324403,0.430053,0.461222,0.516170,0.466077,0.508136,0.531682,0.395362,0.468398,0.560236,0.453899,0.471567,0.529402,0.529754,0.565757,0.461096,0.481887,0.433922,0.279984,0.326849,0.449547,0.560689,0.432658,0.492481,0.472275,0.450905,0.430746,0.465960,0.458140,0.430847,0.404641,0.435938,0.506651,0.471270,0.398927,0.537117,0.516186,0.499709,0.466941,0.402454,0.465526,0.477853,0.433978,0.446902,0.547549,0.473204,0.511262,0.362444,0.483075,0.453717,0.403022,0.450448,0.497258,0.400155,0.388668,0.360557,0.459324,0.489901,0.398797,0.563098,0.350772,0.329310,0.405135,0.486041,0.328686,0.495566,0.480364,0.533683,0.411577,0.322548,0.329214,0.467328,0.446723,0.404296,0.445469,0.521751,0.496616,0.426323,0.453650,0.499491,0.397244,0.389735,#
