0,1.000000,0.104395,0.214617,0.229699,0.224366,0.230305,0.289080,0.178141,0.259083,0.111718,0.263878,0.254514,0.208143,0.190647,0.304083,0.305676,0.429270,0.396478,0.337383,0.385730,0.186827,0.173737,0.342842,0.421441,0.082436,0.144810,0.220250,0.071640,0.231863,0.236188,0.099372,0.355715,0.211968,0.229549,0.407465,0.214845,0.176663,0.100966,0.273947,0.211498,0.219250,0.224737,0.387853,0.081491,0.249234,0.165240,0.169777,0.293276,0.276630,0.356055,0.222933,0.339075,0.250416,0.276533,0.315747,0.241788,0.261583,0.262045,0.246417,0.211354,0.223572,0.377720,0.327426,0.256003,0.345834,0.134106,0.270352,0.226052,0.116545,0.261283,0.144196,0.234590,0.227645,0.351719,0.246911,0.097805,0.429727,0.284596,0.313615,0.137532,0.137244,0.186359,0.286257,0.203699,0.287169,0.322075,0.346288,0.336318,0.273578,0.279458,0.170612,0.141729,0.296377,0.103746,0.227323,0.352715,0.298910,0.147789,0.291762,0.269438,0.224163,0.208879,0.236244,0.337965,0.214493,0.289688,0.288559,0.268761,0.298342,0.060596,0.175094,0.290047,0.175446,0.318348,0.331484,0.316724,0.298104,0.120379,0.209747,0.314607,0.206862,0.239673,0.368238,0.239196,0.388583,0.320108,0.208970,0.157881,0.168147,0.324232,0.212554,0.084855,0.226408,0.146610,0.282614,0.388726,0.227633,0.244297,0.041929,0.227447,0.228544,0.166331,0.138385,0.243059,0.143800,0.017950,0.231316,0.121884,0.203124,0.178746,0.140203,0.315067,0.199565,0.193129,0.255978,0.265544,0.402893,0.302786,0.387431,0.247634,0.339777,0.273974,0.296230,0.164095,0.157625,0.332815,0.231943,0.290463,0.348743,0.250168,0.111832,0.160281,0.311789,0.222601,0.114296,0.302416,0.383705,0.284639,0.257096,0.111504,0.224716,0.322761,0.246379,0.152491,0.156488,0.084854,0.121360,0.368669,0.281653,0.071573,0.140877,0.281849,0.221456,0.276775,0.329677,0.338903,0.202342,0.263019,0.179544,0.281542,#
1,0.104395,1.000000,0.175989,0.094829,0.058823,0.173352,0.173849,0.267462,0.370148,0.228623,0.285904,0.250776,0.219811,0.114915,0.118375,0.164899,0.139540,0.133532,0.138049,0.227064,0.003592,0.259647,0.191843,-0.002205,0.166658,0.087628,0.028404,0.280976,0.120284,0.119899,0.205891,0.161924,0.120285,0.262458,0.071535,0.128001,0.201333,0.090478,0.288307,0.217136,0.256027,0.080911,0.255539,0.085464,0.103049,0.107099,0.247875,0.097026,0.290085,0.141796,0.082227,0.234596,0.136040,0.132188,0.192554,0.112794,0.078960,0.003916,0.074911,0.140155,0.164054,0.167935,0.139373,0.158442,0.175704,0.358765,0.263304,0.274729,0.144712,0.235928,0.294439,0.244422,0.294760,0.162919,0.256474,0.152075,0.207416,0.106590,0.248517,0.017409,0.193104,0.095801,0.077585,0.192725,0.280929,0.182134,0.222497,0.377611,0.181097,0.104510,0.134570,0.240895,0.120775,0.208938,0.280674,0.220465,0.129005,0.216301,0.201381,0.137652,0.215341,0.078399,0.137935,0.106960,0.072090,0.243634,0.109112,0.245611,0.205389,0.114564,0.059607,0.161423,0.108906,0.195925,0.138723,0.332838,0.216472,0.040993,0.162064,0.098090,0.121456,0.237024,0.218383,0.170214,0.266202,0.139610,0.131973,0.129688,0.312357,0.202571,0.028317,0.272406,0.114802,0.132658,0.257761,0.158399,0.231248,0.215742,0.140629,0.182258,0.231535,0.135960,0.149235,0.277202,0.285074,0.084516,0.048933,0.108600,0.236819,0.018286,0.309745,0.250851,0.144090,0.064595,0.246337,0.230342,0.188281,0.195472,0.076995,0.104832,0.181061,0.253834,0.140980,0.290488,0.148702,0.111905,0.272183,0.053351,0.192738,0.202308,0.145175,0.215216,0.149917,0.118399,0.218570,0.276413,0.135584,0.222041,0.085082,0.098275,0.216371,0.111107,0.294209,0.198207,0.193529,0.223763,0.104378,0.005693,0.332300,0.299846,0.278843,0.366015,0.151970,0.109036,0.207438,0.001220,0.132873,0.324324,0.068516,0.314471,#
2,0.214617,0.175989,1.000000,0.241176,0.308405,0.250311,0.289668,0.259381,0.334928,0.230072,0.283058,0.254488,0.146910,0.362539,0.241060,0.271659,0.046006,0.227741,0.188851,0.298042,0.263450,0.227010,0.198956,0.241315,0.153975,0.244412,0.367769,0.241129,0.267377,0.215945,0.215852,0.229426,0.260416,0.240119,0.266760,0.145572,0.239941,0.178169,0.344385,0.158734,0.211383,0.180783,0.360085,0.152830,0.205261,0.216299,0.336341,0.114175,0.105757,0.214075,0.195244,0.340876,0.308278,0.239882,0.295498,0.263531,0.285241,0.024940,0.334356,0.293257,0.482788,0.258970,0.115073,0.277592,0.263373,0.240683,0.116240,0.314107,0.165797,0.231438,0.348377,0.280130,0.167276,0.349424,0.311720,0.110990,0.241612,0.155924,0.265803,0.178796,0.286058,0.198072,0.307555,0.054999,0.418990,0.306005,0.190511,0.408317,0.114531,0.155527,0.267478,0.252739,0.383267,0.319925,0.284089,0.295857,0.224981,0.208598,0.332350,0.148050,0.242937,0.235245,0.169774,0.279110,0.114817,0.300646,0.357798,0.367704,0.171668,0.116115,0.279471,0.222355,0.353099,0.223842,0.176081,0.277656,0.246188,0.236801,0.144414,0.245016,0.199842,0.117083,0.171127,0.313444,0.252397,0.120462,0.225654,0.195781,0.280798,0.314198,0.196288,0.234714,0.299632,0.314272,0.325382,0.166392,0.292467,0.299568,0.326102,0.194290,0.114533,0.349183,0.087246,0.156621,0.325017,0.175717,0.084803,0.146613,0.202449,0.234291,0.280681,0.296405,0.325977,0.331086,0.182036,0.213360,0.199367,-0.006041,0.336914,0.167069,0.098445,0.209162,0.315037,0.254950,0.186326,0.309347,0.208044,0.077086,0.251897,0.254601,0.235447,0.285891,0.328608,0.142659,0.248574,0.272944,0.173882,0.321944,0.159677,0.085032,0.165745,0.445642,0.182697,0.325242,0.217325,0.222636,0.160574,0.138094,0.244350,0.260947,0.256149,0.240825,0.399827,0.312584,0.261472,0.166437,0.117409,0.167441,0.246106,0.412320,#
3,0.229699,0.094829,0.241176,1.000000,0.286062,0.212141,0.266447,0.277139,0.479184,0.317191,0.274504,0.257070,0.195304,0.228693,0.302745,0.192165,0.201655,0.319741,0.407214,0.308443,0.192945,0.303414,0.355783,0.283253,0.146827,0.250042,0.339806,0.285087,0.241480,0.350134,0.257748,0.266450,0.357006,0.400781,0.265993,0.273974,0.171485,0.291855,0.329284,0.331051,0.214030,0.367434,0.391617,0.314050,0.255226,0.249674,0.143474,0.195979,0.156831,0.172162,0.300942,0.243535,0.318003,0.114244,0.197673,0.338569,0.319554,0.187805,0.345305,0.289578,0.224298,0.248018,0.216636,0.270804,0.487545,0.109545,0.153207,0.172260,-0.062884,0.324055,0.198933,0.313418,0.342988,0.202818,0.212775,0.159575,0.238732,0.232774,0.171598,0.173482,0.290897,0.210964,0.378590,0.037938,0.320524,0.289036,0.287252,0.331467,0.222113,0.242043,0.450444,0.323716,0.245669,0.281418,0.354384,0.320018,0.137675,0.233344,0.317712,0.080961,0.179118,0.195760,0.194808,0.072444,0.420974,0.119816,0.334003,0.291063,0.206713,0.147246,0.202824,0.114393,0.242066,0.289112,0.158771,0.275524,0.140860,0.216966,0.188392,0.213836,0.204600,0.313266,0.290610,0.149798,0.256842,0.264331,0.247371,0.420349,0.195847,0.190621,0.320123,0.285759,0.198620,0.269826,0.242488,0.374722,0.212179,0.203734,0.110348,0.260984,0.065500,0.399057,0.344324,0.064003,0.197921,0.380833,0.256999,0.367234,0.170857,0.282618,0.254411,0.165290,0.232896,0.348956,0.236075,0.154291,0.217335,0.135747,0.469745,0.237557,0.203321,0.234346,0.143069,0.166633,0.170081,0.307579,0.369258,0.237347,0.336074,0.265175,0.206329,0.143404,0.239458,0.246518,0.171999,0.323445,0.327262,0.311469,0.146807,0.225081,0.088927,0.382203,0.230552,0.216404,0.211850,0.148098,0.250327,0.188092,0.239269,0.319572,0.410266,0.256533,0.300509,0.267618,0.344506,0.286875,0.273440,0.204391,0.114195,0.261288,#
4,0.224366,0.058823,0.308405,0.286062,1.000000,0.317139,0.274413,0.341827,0.345376,0.351576,0.109333,0.344729,0.243940,0.259037,0.290059,0.228276,0.296984,0.301474,0.257626,0.473654,0.406381,0.298930,0.324984,0.383181,0.114541,0.278321,0.292520,0.090563,0.345198,0.246881,0.269978,0.347975,0.350384,0.406811,0.206136,0.221871,0.347074,0.221804,0.399225,0.271789,0.306064,0.280187,0.317646,0.258399,0.242537,0.301729,0.369288,0.348620,0.167092,0.155149,0.266867,0.305170,0.306296,0.224721,0.298603,0.372622,0.241344,0.186863,0.356644,0.329183,0.233422,0.356694,0.282321,0.161166,0.339430,0.264100,0.144817,0.272840,0.157764,0.269463,0.250953,0.320681,0.338183,0.353115,0.343681,0.113946,0.263917,0.355923,0.262994,0.280423,0.208320,0.310620,0.313756,0.151540,0.363775,0.292537,0.240820,0.268341,0.201774,0.205273,0.395299,0.275186,0.277027,0.202086,0.363406,0.348233,0.301955,0.237441,0.171886,0.243723,0.232766,0.293166,0.292874,0.234433,0.181395,0.307072,0.323858,0.270172,0.343830,0.358581,0.175180,0.306250,0.297514,0.382278,0.234321,0.236430,0.325855,0.307312,0.139977,0.262319,0.052712,0.257751,0.352930,0.226675,0.374535,0.193132,0.220441,0.343303,0.378351,0.337332,0.361527,0.174454,0.293317,0.341264,0.381318,0.290979,0.180169,0.211472,0.304671,0.103951,0.162497,0.298458,0.367620,0.140636,0.318163,0.250816,0.305676,0.252216,0.162064,0.348017,0.258619,0.372794,0.301619,0.449307,0.413906,0.266072,0.356304,0.143944,0.220640,0.270267,0.309957,0.204575,0.334513,0.073287,0.022917,0.311043,0.083074,0.226607,0.297999,0.311981,0.093351,0.236878,0.410181,0.180077,0.286887,0.311233,0.411956,0.380905,0.226152,0.202204,0.177316,0.257216,0.293180,0.213253,0.284721,0.365245,0.129022,0.300388,0.341826,0.421933,0.125287,0.276219,0.188048,0.229528,0.270565,0.362177,0.326949,0.127722,0.368521,0.387065,#
5,0.230305,0.173352,0.250311,0.212141,0.317139,1.000000,0.131043,0.329603,0.335906,0.176199,0.265567,0.223398,0.168480,0.082309,0.288180,0.309570,0.238930,0.321510,0.069536,0.478276,0.211154,0.200479,0.261863,0.231736,0.182143,0.231201,0.381049,0.246574,0.303664,0.168381,0.380921,0.306138,0.340881,0.274964,0.126089,0.293338,0.255095,0.114506,0.303055,0.161383,0.380444,0.195936,0.261702,0.282037,0.267304,0.330892,0.381477,0.239639,0.323916,0.013500,0.268771,0.259110,0.205163,0.248074,0.037271,0.424180,0.284728,0.090129,0.468985,0.292872,0.200485,0.365735,0.306205,0.349170,0.408873,0.256256,0.069308,0.279785,0.165814,0.105891,0.251835,0.208652,0.320923,0.229189,0.213321,0.276671,0.338151,0.352932,0.279588,0.269240,0.346951,0.173298,0.334339,0.151496,0.132170,0.318817,0.351523,0.403732,0.258270,0.067859,0.153824,0.283052,0.455007,0.415397,0.276707,0.247911,0.219818,0.307965,0.373017,0.255687,0.207867,0.247608,0.302593,0.241317,0.214573,0.345205,0.275769,0.295688,0.142520,0.264632,0.144940,0.401186,0.202208,0.194390,0.190745,0.221752,0.328790,0.138210,0.090546,0.299719,0.086368,0.289469,0.266665,0.311485,0.183164,0.152879,0.335879,0.186219,0.196797,0.312687,0.390300,0.302075,0.339387,0.360481,0.299923,0.251700,0.324776,0.248093,0.190575,0.149741,0.172377,0.145354,0.241577,0.247992,0.399131,0.183951,0.142296,0.164321,0.275558,0.209816,0.281179,0.215079,0.229468,0.239669,0.238393,0.168356,0.416184,0.174871,0.268226,0.239813,0.300296,0.238482,0.290430,0.168003,0.276082,0.237095,0.037814,0.388161,0.331295,0.322773,0.326935,0.291795,0.247333,0.222931,0.247851,0.206998,0.230758,0.305565,0.257682,0.251757,0.332606,0.306111,0.434517,0.210671,0.280659,0.261477,0.268306,0.234014,0.177188,0.277863,0.201376,0.338955,0.151131,0.192386,0.136442,0.204258,0.194587,0.172794,0.235081,0.322551,#
6,0.289080,0.173849,0.289668,0.266447,0.274413,0.131043,1.000000,0.180621,0.340499,0.129475,0.156267,0.214288,0.326076,0.353216,0.140718,0.191389,0.210239,0.328377,0.210077,0.204665,0.354744,0.252787,0.119870,0.303768,0.187839,0.214402,0.153032,0.239954,0.232521,0.354191,0.196657,0.212414,0.156952,0.250247,0.339260,0.222616,0.139997,0.111566,0.204660,0.296516,0.186443,0.299539,0.341319,0.204620,0.385244,0.097614,0.239608,0.000184,0.365381,0.221158,0.209735,0.341663,0.240729,0.135796,0.311929,0.232977,0.232419,0.257238,0.354626,0.212077,0.237442,0.185867,0.193354,0.120840,0.450176,0.298024,0.327993,0.153122,0.151385,0.186805,0.196835,0.232085,0.189057,0.438533,0.255373,0.134786,0.307249,0.103072,0.256916,0.109263,0.229545,0.176612,0.256435,0.067424,0.144168,0.283556,0.225827,0.265098,0.250253,0.219539,0.186557,0.219265,0.149954,0.160764,0.218686,0.195105,0.327815,0.256603,0.223317,0.281337,0.181624,0.210298,0.325758,0.159936,0.068396,0.091707,0.278096,0.157069,0.161478,0.119542,0.169234,0.178941,0.063049,0.191187,0.282726,0.139413,0.399813,0.182221,0.223512,0.211824,0.305978,0.212855,0.298413,0.300591,0.342557,0.344440,0.203243,0.244362,0.080866,0.212358,0.159250,0.226246,0.306383,0.165618,0.214142,0.267806,0.250274,0.155076,0.307348,0.271464,0.238168,0.275487,0.153692,0.078589,0.206069,0.270604,0.128079,0.187907,0.184072,0.091596,0.350637,0.260236,0.243559,0.199704,0.171821,0.207160,0.273823,0.229328,0.327701,0.134011,0.199805,0.284452,0.241909,0.216287,0.192599,0.329585,0.264431,0.174943,0.261447,0.148508,0.234667,0.220272,0.162696,0.140386,0.234782,0.248024,0.267909,0.263705,0.231770,0.126573,0.240018,0.216251,0.350348,0.270590,0.183434,0.167560,0.057290,0.280578,0.117633,0.225170,0.119115,0.245969,0.209279,0.319582,0.248341,0.163116,0.220352,0.272580,0.296218,0.285733,#
7,0.178141,0.267462,0.259381,0.277139,0.341827,0.329603,0.180621,1.000000,0.500658,0.271911,0.264258,0.350444,0.257597,0.292665,0.440939,0.149318,0.356607,0.268516,0.281873,0.301845,0.226836,0.309932,0.441415,0.332475,0.343318,0.308869,0.306347,0.332580,0.313751,0.269579,0.116582,0.328479,0.300516,0.308906,0.177472,0.163545,0.320686,0.132717,0.394123,0.228494,0.294771,0.197682,0.346416,0.340315,0.291135,0.347471,0.345002,0.340324,0.164008,0.195676,0.336522,0.254895,0.250978,0.329611,0.228292,0.270250,0.160037,0.287594,0.281120,0.276245,0.173223,0.342286,0.256843,0.130511,0.329262,0.295815,0.186618,0.332028,0.254059,0.496374,0.260801,0.086900,0.455339,0.286768,0.395122,0.151855,0.298456,0.237014,0.370781,0.242662,0.309215,0.298930,0.301650,0.162372,0.317026,0.270776,0.336253,0.389266,0.256828,0.258833,0.188797,0.281911,0.346388,0.332817,0.407736,0.176869,0.280398,0.370978,0.320481,0.264659,0.341788,0.215307,0.263117,0.282765,0.232399,0.362044,0.262146,0.292905,0.230111,0.172798,0.367711,0.206123,0.307702,0.361379,0.356264,0.226652,0.291371,0.109571,0.162171,0.430598,0.241825,0.345232,0.300383,0.430347,0.389958,0.230940,0.385113,0.392516,0.271686,0.160389,0.277272,0.132171,0.364440,0.256931,0.416854,0.417605,0.286101,0.241031,0.241790,0.255273,0.267757,0.317814,0.313014,0.095066,0.294064,0.264801,0.278854,0.159821,0.315682,0.272552,0.259075,0.354890,0.296401,0.326675,0.237866,0.399104,0.254123,0.260659,0.333438,0.271622,0.345857,0.133507,0.442043,0.149330,0.166481,0.322482,0.287629,0.181942,0.211573,0.215572,0.359022,0.416913,0.344084,0.268193,0.289191,0.336263,0.278578,0.309072,0.189850,0.299808,0.405368,0.258707,0.269948,0.227154,0.247743,0.337288,0.177263,0.182543,0.279142,0.335164,0.314340,0.305937,0.231265,0.153586,0.247186,0.235599,0.256858,0.310649,0.240220,0.342175,#
8,0.259083,0.370148,0.334928,0.479184,0.345376,0.335906,0.340499,0.500658,1.000000,0.395237,0.222133,0.329229,0.286655,0.349957,0.393738,0.373160,0.229112,0.349971,0.285682,0.395235,0.205609,0.487934,0.409919,0.275102,0.086106,0.407245,0.324191,0.459566,0.322232,0.380554,0.250398,0.311977,0.312050,0.399213,0.237148,0.268413,0.345977,0.251259,0.327248,0.353682,0.314495,0.435177,0.436879,0.298329,0.274624,0.239359,0.250599,0.282533,0.357347,0.353434,0.360786,0.417469,0.205316,0.334287,0.267307,0.483998,0.257720,0.325666,0.298229,0.405495,0.364476,0.339835,0.434581,0.250048,0.403662,0.438311,0.277161,0.349958,0.269365,0.451412,0.325626,0.291384,0.421549,0.492379,0.333226,0.266371,0.360889,0.322397,0.331173,0.346987,0.325125,0.323898,0.298482,0.181498,0.364946,0.362758,0.260902,0.360697,0.148508,0.323809,0.333969,0.321222,0.362338,0.378648,0.479855,0.319593,0.323827,0.319324,0.382379,0.219340,0.295115,0.324714,0.358577,0.361045,0.341522,0.327586,0.398892,0.371755,0.266827,0.239511,0.281291,0.334629,0.290641,0.327181,0.444257,0.413462,0.367236,0.142713,0.251880,0.403569,0.272334,0.318183,0.430854,0.366545,0.369179,0.402895,0.334679,0.380488,0.295720,0.333638,0.274811,0.163713,0.431933,0.432597,0.520371,0.342816,0.290319,0.291587,0.154745,0.308397,0.173400,0.419661,0.456142,0.260473,0.333426,0.347939,0.370835,0.247902,0.356157,0.286336,0.338664,0.325162,0.296553,0.493767,0.406157,0.369634,0.340151,0.329321,0.364870,0.368137,0.312432,0.255531,0.384569,0.324566,0.280254,0.313753,0.318446,0.222483,0.412775,0.425326,0.305261,0.365463,0.356581,0.275710,0.431836,0.378186,0.255959,0.399918,0.322974,0.210983,0.367993,0.374362,0.209123,0.423787,0.358206,0.369204,0.275067,0.263483,0.328409,0.350822,0.371169,0.333648,0.392843,0.264626,0.340610,0.328190,0.304661,0.299810,0.326585,0.374876,#
9,0.111718,0.228623,0.230072,0.317191,0.351576,0.176199,0.129475,0.271911,0.395237,1.000000,0.250948,0.125434,0.218665,0.230291,0.358693,0.249655,0.189945,0.255703,0.338542,0.398787,0.383286,0.314145,0.341326,0.356108,0.127523,0.086830,0.224044,0.336277,0.164069,0.382426,0.184163,0.157034,0.240507,0.365461,0.315740,0.260010,0.179876,0.162682,0.353252,0.185442,0.378043,0.222916,0.267610,0.142674,0.308063,0.194628,0.247981,0.187188,0.115200,0.157106,0.126492,0.253623,0.167489,0.165040,0.135625,0.370447,0.205232,0.224710,0.296515,0.242238,0.212126,0.265385,0.305037,0.248829,0.324226,0.423862,0.261427,0.324780,0.223337,0.182028,0.385013,0.253049,0.178488,0.270661,0.235590,0.187580,0.099607,0.313383,0.247848,0.341589,0.201394,0.203730,0.199178,0.130928,0.411322,0.146531,0.181383,0.377939,0.173802,-0.045306,0.261331,0.349444,0.331890,0.219000,0.357856,0.212025,0.247958,0.408102,0.307280,0.045868,0.154165,0.185867,0.373542,0.140235,0.353498,0.267007,0.265102,0.130742,0.303818,0.206715,0.298391,0.353959,0.457870,0.358273,0.161246,0.279383,0.157019,0.104051,0.114518,0.193125,0.245839,0.271967,0.313599,0.258747,0.272727,0.093713,0.226460,0.228399,0.330219,0.238395,0.238740,0.254822,0.293774,0.400307,0.320539,0.193505,0.187411,0.221522,0.125255,0.238372,0.025801,0.397635,0.371437,0.239372,0.245901,0.258487,0.252141,0.251344,0.127800,0.215428,0.164695,0.139101,0.262124,0.361093,0.260017,0.279874,0.254476,0.304173,0.273793,0.260272,0.238286,0.184119,0.293616,0.343431,0.267740,0.202004,0.175476,0.156783,0.402223,0.210784,0.353983,0.388019,0.220660,0.264386,0.314186,0.432282,0.152486,0.325521,0.312792,0.250212,0.171113,0.195756,0.246425,0.241853,0.221618,0.377739,0.093362,0.101054,0.441713,0.223693,0.260071,0.260683,0.244534,0.172937,0.232348,0.178973,0.141473,0.226071,0.107728,0.172995,#
10,0.263878,0.285904,0.283058,0.274504,0.109333,0.265567,0.156267,0.264258,0.222133,0.250948,1.000000,0.200894,0.000129,0.150674,0.162426,0.264396,0.171648,0.121931,0.219041,0.283407,0.194887,0.098673,0.202696,0.210618,0.059597,0.081681,0.205103,0.358240,0.074892,0.258696,0.114710,0.196315,0.160584,0.287586,0.264534,0.203383,0.157522,0.153574,0.229914,0.049721,0.313564,0.150517,0.166582,0.086420,0.254453,0.278027,0.296823,0.201325,0.268617,0.374494,-0.014435,0.206948,0.340585,0.123718,0.120533,0.229656,0.183091,0.080943,0.195262,0.198707,0.196597,0.299143,0.305685,0.339074,0.299982,0.110893,0.165320,0.160692,0.056157,0.201377,0.154922,0.334832,0.249441,0.182030,0.112737,0.191383,0.173933,0.261246,0.200499,0.066439,0.378849,0.183262,0.210080,0.145328,0.285008,0.127591,0.238669,0.409074,0.146627,0.221023,0.200611,0.403182,0.248351,0.336699,0.305330,0.342177,0.055810,0.211126,0.396081,0.240225,0.164575,0.163141,0.200275,0.270712,0.403368,0.028867,0.157025,0.266494,0.149935,0.127577,0.116092,0.165577,0.211336,0.195693,0.191025,0.330626,0.211186,0.067406,0.221708,0.248874,0.244048,0.369050,0.074148,0.152899,0.013103,0.177353,0.333871,0.239417,0.247682,0.091062,0.071604,0.117406,0.185314,0.201492,0.325217,0.202563,0.145527,0.271331,0.086348,0.145570,0.277087,0.072868,0.142536,0.173419,0.138653,0.047538,0.004582,0.091776,0.224838,0.139160,0.284369,0.211207,0.340713,0.241954,0.151671,0.211047,0.327609,0.133630,0.267624,0.146832,0.313652,0.166320,0.303520,0.281069,0.189997,0.221603,0.369609,0.170356,0.311560,0.277417,0.274074,0.161900,0.071913,0.162964,0.183453,0.168742,0.224388,0.369019,0.117824,0.294153,0.140972,0.121116,0.315813,0.125949,0.195788,0.065574,0.036764,0.105109,0.150868,0.298670,0.285513,0.154725,0.223290,0.133977,0.284578,0.147384,0.011447,0.283166,0.204074,0.364285,#
11,0.254514,0.250776,0.254488,0.257070,0.344729,0.223398,0.214288,0.350444,0.329229,0.125434,0.200894,1.000000,0.256827,0.216909,0.225779,0.128122,0.203964,0.326852,0.257667,0.165174,0.232785,0.329304,0.235414,0.146944,0.193166,0.338276,0.129456,0.340135,0.293312,0.253308,0.279529,0.281511,0.270591,0.304314,0.229873,0.135280,0.411265,0.152837,0.197269,0.376279,0.254148,0.328699,0.342154,0.196669,0.170782,0.298541,0.422838,0.240970,0.220538,0.242984,0.225050,0.331365,0.263821,0.364544,0.282651,0.223640,0.021147,0.294512,0.239948,0.235670,0.186982,0.221070,0.387420,0.156503,0.334014,0.301051,0.253481,0.283198,0.252728,0.399924,0.283140,0.252758,0.283351,0.270131,0.235008,0.021705,0.333555,0.270278,0.245186,0.012767,0.267095,0.286565,0.276053,0.036831,0.283491,0.211818,0.130638,0.278675,0.218937,0.129540,0.201839,0.397510,0.298635,0.247859,0.353656,0.414708,0.189482,0.239349,0.282657,0.168302,0.178926,0.283660,0.251438,0.233364,0.268136,0.393791,0.255986,0.382514,0.359741,0.252510,0.395079,0.244353,0.313723,0.291059,0.062467,0.371096,0.271492,0.286465,0.103503,0.373489,0.119835,0.310316,0.338549,0.188663,0.279519,0.233559,0.241047,0.235734,0.325290,0.240234,0.220548,0.267079,0.393789,0.360689,0.278985,0.228000,0.262118,0.283620,0.160267,0.298207,0.249952,0.158004,0.190084,0.241577,0.402057,0.158986,0.356347,0.190350,0.168931,0.249291,0.273354,0.265903,0.230634,0.250740,0.364663,0.252988,0.318752,0.134999,0.356882,0.162270,0.173700,0.295208,0.300262,0.164194,0.296281,0.097778,0.261091,0.175280,0.301706,0.392480,0.230521,0.226572,0.243118,0.308385,0.168070,0.284773,0.124791,0.281219,0.165242,0.347382,0.325152,0.179727,0.339428,0.163133,0.318726,0.156177,0.096747,0.303026,0.315319,0.377324,0.336483,0.196556,0.382718,0.307588,0.321103,0.262632,0.246868,0.305722,0.217419,0.309600,#
12,0.208143,0.219811,0.146910,0.195304,0.243940,0.168480,0.326076,0.257597,0.286655,0.218665,0.000129,0.256827,1.000000,0.219651,0.317201,0.145420,0.378304,0.336179,0.341145,0.312576,0.245448,0.296394,0.249200,0.238603,0.068971,0.176324,0.221841,0.274616,0.329771,0.123889,0.129759,0.233337,0.293987,0.249924,0.239363,0.222688,0.222544,0.107609,0.196245,0.327471,0.077938,0.125621,0.248322,0.397477,0.200681,0.204949,0.300795,0.094341,0.213052,0.129137,0.308375,0.166497,0.225523,0.242282,0.301455,0.189383,0.071042,0.233771,0.215093,0.091205,0.113830,0.352589,0.075164,0.252136,0.377784,0.256218,0.162837,0.193822,0.199704,0.241755,0.229004,0.177072,0.349811,0.239738,0.339041,0.228690,0.283616,0.083009,0.205337,0.126915,0.200334,0.198763,0.194543,0.175978,0.110677,0.242452,0.213422,0.283520,0.298083,0.163623,0.171254,0.131053,0.152662,0.113743,0.241782,0.321306,0.406842,0.384134,0.216736,0.044344,0.114100,0.277315,0.312005,0.326359,0.212531,0.154029,0.279211,0.181401,0.167705,0.184883,0.269564,0.135096,0.193326,0.202684,0.347933,0.180147,0.431118,0.064094,0.221768,0.109728,0.222205,0.275526,0.329548,0.330101,0.301487,0.167358,0.112142,0.064438,0.095568,0.189049,0.198196,0.154596,0.120657,0.268228,0.276679,0.132328,0.290084,0.255793,0.292656,0.085859,0.210096,0.352871,0.277529,0.115918,0.266916,0.187315,0.223580,0.185613,0.136944,0.385688,0.179979,0.339374,0.264111,0.142847,0.189196,0.450008,0.212825,0.112545,0.263836,0.201317,0.238999,0.347435,0.355693,0.206270,0.393548,0.184959,0.317421,0.272926,0.140283,0.171473,0.278751,0.282375,0.174166,0.231996,0.164322,0.232972,0.249887,0.366356,0.277760,0.048567,0.239514,0.272968,0.282415,0.204416,0.061873,0.221520,0.177871,0.385241,0.225368,0.109517,0.222547,0.155511,0.247311,0.286299,0.209433,0.228478,0.171337,0.217159,0.257803,0.145458,#
13,0.190647,0.114915,0.362539,0.228693,0.259037,0.082309,0.353216,0.292665,0.349957,0.230291,0.150674,0.216909,0.219651,1.000000,0.247733,0.175937,0.267618,0.319536,0.330810,0.243476,0.375914,0.334382,0.380781,0.294223,0.083028,0.285021,0.213789,0.379036,0.345267,0.374465,0.086015,0.269765,0.364780,0.305116,0.245388,0.102047,0.251420,0.230620,0.256031,0.295830,0.355330,0.333765,0.354751,0.188620,0.421879,0.224030,0.252565,0.262009,0.341027,0.184368,0.187596,0.419996,0.208127,0.315315,0.292404,0.280447,0.163353,0.241931,0.221244,0.223535,0.264704,0.340600,0.234631,0.231515,0.311441,0.247433,0.296314,0.196515,0.317838,0.258396,0.214382,0.234634,0.031947,0.364292,0.381749,0.258434,0.250658,0.281614,0.283684,0.268141,0.235525,0.246919,0.407653,0.141681,0.288064,0.213484,0.134597,0.238415,0.344058,0.248460,0.284491,0.229089,0.386393,0.346551,0.399011,0.180118,0.253257,0.268015,0.281730,0.402847,0.238638,0.259296,0.187593,0.407443,0.221025,0.359646,0.256451,0.283521,0.261189,0.219855,0.314664,0.298934,0.374132,0.340738,0.313169,0.327197,0.195904,0.364059,0.235975,0.419206,0.227262,0.282487,0.209635,0.157640,0.267066,0.077831,0.187421,0.112214,0.245020,0.199114,0.114487,0.316523,0.262421,0.229535,0.432291,0.215455,0.232244,0.194293,0.312231,0.233909,-0.034308,0.317491,0.442288,0.173710,0.135731,0.290426,0.313658,0.225485,0.230288,0.203769,0.232805,0.331473,0.240238,0.400309,0.197427,0.377284,0.193584,0.119682,0.293558,0.292697,0.312217,0.242187,0.298604,0.287220,0.228968,0.316264,0.264317,0.213927,0.324713,0.173329,0.246446,0.274993,0.255868,0.214267,0.336881,0.261486,0.202183,0.462445,0.309099,0.178534,0.216601,0.360679,0.277822,0.290518,0.284184,0.269116,0.237997,0.245199,0.053869,0.200472,0.350863,0.258480,0.317550,0.367089,0.348797,0.222670,0.287497,0.173332,0.301427,0.282815,#
14,0.304083,0.118375,0.241060,0.302745,0.290059,0.288180,0.140718,0.440939,0.393738,0.358693,0.162426,0.225779,0.317201,0.247733,1.000000,0.348324,0.312938,0.269535,0.358270,0.366593,0.289307,0.198549,0.311141,0.326500,0.194685,0.123158,0.311372,0.277697,0.375590,0.273952,0.214171,0.394764,0.313179,0.266767,0.312213,0.193265,0.257939,0.222359,0.297653,0.278196,0.208778,0.177084,0.385475,0.234786,0.260873,0.301780,0.218479,0.165771,0.065011,0.203440,0.245626,0.220245,0.165355,0.364565,0.232167,0.291466,0.266438,0.237440,0.342285,0.234118,0.235182,0.363554,0.279832,0.370832,0.241666,0.170897,0.201216,0.296221,0.168585,0.364724,0.297183,0.194432,0.280043,0.201038,0.359937,0.245284,0.419623,0.274854,0.169634,0.083658,0.337704,0.353284,0.359115,0.337361,0.263402,0.259600,0.244054,0.389474,0.231177,0.107459,0.140392,0.152464,0.375246,0.394115,0.309810,0.407563,0.537776,0.319309,0.359804,0.083053,0.231490,0.255287,0.339611,0.174543,0.377788,0.241157,0.239907,0.178195,0.098852,0.092806,0.266000,0.240348,0.317601,0.303043,0.270418,0.345244,0.311131,0.113318,0.186698,0.259099,0.310023,0.314463,0.337298,0.307782,0.400428,0.103861,0.197845,0.420700,0.178125,0.362478,0.206674,0.224366,0.281602,0.340526,0.384850,0.295752,0.235230,0.333166,0.190980,0.187400,0.085382,0.317225,0.293600,0.236147,0.231236,0.379683,0.278201,0.216677,0.205957,0.140195,0.294572,0.280085,0.186735,0.304888,0.355170,0.310889,0.356465,0.177974,0.223644,0.238358,0.269359,0.167911,0.359659,0.208732,0.187396,0.276859,0.236645,0.167512,0.312568,0.333215,0.225450,0.264658,0.307582,0.334981,0.222150,0.385654,0.264391,0.312170,0.268557,0.068675,0.370855,0.390465,0.288499,0.208183,0.238346,0.184260,0.259978,0.128744,0.149195,0.228530,0.096527,0.268359,0.375324,0.272174,0.290013,0.202085,0.239979,0.143783,0.264042,0.162954,#
15,0.305676,0.164899,0.271659,0.192165,0.228276,0.309570,0.191389,0.149318,0.373160,0.249655,0.264396,0.128122,0.145420,0.175937,0.348324,1.000000,0.233692,0.289274,0.200846,0.291514,0.156380,0.254148,0.257332,0.302384,0.136475,0.209969,0.212093,0.223622,0.215991,0.379228,0.127344,0.315367,0.165732,0.265210,0.205239,0.319561,0.298505,0.127744,0.349447,0.161160,0.172361,0.218068,0.275124,0.197989,0.308617,0.170326,0.247738,0.374269,0.196919,0.292261,0.063690,0.385303,0.192995,0.228992,0.219742,0.224901,0.243634,0.079465,0.230771,0.230806,0.322397,0.293831,0.275470,0.333967,0.223308,0.296816,0.190897,0.174763,0.066219,0.076826,0.276051,0.124811,0.097563,0.233687,0.270323,0.132836,0.319662,0.250889,0.230776,0.123797,0.391944,0.237446,0.030459,0.218405,0.383994,0.299531,0.136307,0.472498,0.132024,0.146556,0.198917,0.152624,0.199079,0.177387,0.216646,0.301388,0.272352,0.204647,0.197295,0.090332,0.318941,0.147742,0.342156,0.318671,0.191445,0.228179,0.366280,0.255698,0.094569,0.266557,0.071445,0.242325,0.199267,0.236972,0.106888,0.240799,0.245285,0.127522,0.168356,0.173871,0.233666,0.187416,0.223148,0.173697,0.122363,0.221714,0.347968,0.271365,0.185926,0.450102,-0.003237,0.045120,0.207167,0.216484,0.266624,0.143369,0.082428,0.039610,0.194750,0.163697,0.100026,0.158704,0.245220,0.096841,0.189978,0.165038,0.146377,0.146936,0.195790,0.125035,0.260983,0.132535,0.312785,0.294117,0.202922,0.217830,0.380726,0.187811,0.160540,0.242360,0.187062,0.173808,0.360027,0.012486,0.249337,0.303928,0.257376,0.330584,0.395440,0.138254,0.054517,0.355046,0.015357,0.222745,0.166089,0.325883,0.252664,0.307941,0.185262,0.197833,0.244660,0.231631,0.205733,0.259724,0.215921,0.229396,0.000775,0.221659,0.030426,0.206516,0.153496,0.258784,0.249258,0.168700,0.148958,0.216734,0.278200,0.268847,0.231148,0.245931,#
16,0.429270,0.139540,0.046006,0.201655,0.296984,0.238930,0.210239,0.356607,0.229112,0.189945,0.171648,0.203964,0.378304,0.267618,0.312938,0.233692,1.000000,0.301115,0.184763,0.360995,0.374639,0.239681,0.147746,0.240814,0.142452,0.274393,0.286883,0.059381,0.187608,0.282282,0.083248,0.318693,0.350429,0.412881,0.227982,0.199211,0.356165,0.124263,0.353501,0.266963,0.218776,0.198282,0.333165,0.206102,0.215752,0.243548,0.183937,0.169251,0.229864,0.291592,0.177568,0.173826,0.275430,0.483929,0.279897,0.276227,0.082025,0.248117,0.302802,0.150860,0.080861,0.412168,0.209066,0.219731,0.281539,0.204470,0.125319,0.249241,0.262097,0.326938,0.117883,0.141543,0.313369,0.300746,0.272918,0.135426,0.261463,0.278424,0.272809,0.252097,0.259962,0.248263,0.229197,0.314722,0.299752,0.306678,0.305384,0.306070,0.298692,0.214958,0.203591,0.198040,0.280819,0.157616,0.352029,0.353625,0.297055,0.284245,0.304221,0.216225,0.040566,0.157261,0.296923,0.310204,0.162980,0.386425,0.329731,0.203440,0.244140,0.162444,0.274566,0.338953,0.327630,0.221846,0.372313,0.342624,0.435862,0.160016,0.234604,0.231588,0.319629,0.413845,0.335919,0.302729,0.412147,0.277788,0.284370,0.232255,0.217688,0.236053,0.250688,0.145233,0.250352,0.093223,0.357202,0.277185,0.201669,0.164745,0.149245,0.211255,0.161711,0.201242,0.250286,0.201636,0.223519,0.140272,0.281479,0.090465,0.300414,0.401231,0.118984,0.352809,0.178602,0.210714,0.261741,0.385734,0.358123,0.220018,0.283810,0.354435,0.218996,0.241560,0.331220,0.182175,0.191367,0.266285,0.222734,0.349262,0.269144,0.092125,0.292486,0.379519,0.191464,0.169089,0.204679,0.203742,0.217084,0.295291,0.344484,0.099350,0.093865,0.255572,0.259994,0.049222,0.319345,0.341617,0.224582,0.333879,0.199188,0.215499,0.320138,0.204487,0.185549,0.198703,0.211589,0.220885,0.258954,0.079340,0.162361,0.230500,#
17,0.396478,0.133532,0.227741,0.319741,0.301474,0.321510,0.328377,0.268516,0.349971,0.255703,0.121931,0.326852,0.336179,0.319536,0.269535,0.289274,0.301115,1.000000,0.234345,0.311357,0.333076,0.305573,0.288304,0.450506,0.244793,0.291298,0.334999,0.227260,0.239982,0.277832,0.240603,0.234428,0.267152,0.317331,0.296643,0.352537,0.197631,0.258806,0.405548,0.301757,0.421867,0.387530,0.418434,0.275369,0.267215,0.244436,0.260494,0.395731,0.317017,0.263309,0.306866,0.368508,0.266015,0.227273,0.255869,0.348695,0.219677,0.134804,0.354291,0.090088,0.246015,0.334241,0.141512,0.266391,0.309274,0.433217,0.294699,0.362945,0.238599,0.270489,0.211708,0.327955,0.143229,0.236251,0.224042,0.200387,0.315958,0.243391,0.278218,0.227517,0.265435,0.265915,0.286065,0.168416,0.209711,0.250404,0.365361,0.230543,0.300730,0.208510,0.291378,0.205715,0.389028,0.273535,0.303614,0.440166,0.319486,0.197124,0.176314,0.217343,0.291155,0.062278,0.245180,0.306357,0.226644,0.222151,0.374623,0.255993,0.256213,0.182097,0.273489,0.270103,0.168612,0.370439,0.282809,0.174925,0.181994,0.263526,0.155463,0.294232,0.195877,0.314309,0.319020,0.260594,0.426044,0.377338,0.289384,0.188296,0.184891,0.309143,0.398459,0.278557,0.344057,0.218674,0.182968,0.297842,0.282218,0.259525,0.353543,0.339078,0.250331,0.352910,0.439861,0.241785,0.288304,0.279789,0.274738,0.315640,0.215330,0.161887,0.323475,0.159226,0.187823,0.324025,0.342605,0.418844,0.434840,0.258983,0.322676,0.226170,0.219752,0.262976,0.411305,0.277735,0.222952,0.320076,0.125725,0.274548,0.438210,0.198245,0.360468,0.180336,0.242944,0.187031,0.271736,0.242539,0.356715,0.305803,0.267294,0.331830,0.234704,0.468770,0.293656,0.309780,0.311092,0.258497,0.262132,0.386339,0.238543,0.149461,0.194536,0.310758,0.341317,0.299136,0.394908,0.412096,0.194672,0.387540,0.183428,0.290472,#
18,0.337383,0.138049,0.188851,0.407214,0.257626,0.069536,0.210077,0.281873,0.285682,0.338542,0.219041,0.257667,0.341145,0.330810,0.358270,0.200846,0.184763,0.234345,1.000000,0.426649,0.281194,0.271314,0.343656,0.273919,0.174050,0.257184,0.168509,0.324089,0.291071,0.197238,-0.003947,0.246405,0.278038,0.376982,0.368512,0.300757,0.236913,0.176184,0.250182,0.315735,0.324412,0.122829,0.310592,0.177887,0.390242,0.160797,0.268713,0.195374,0.097220,0.232448,0.121693,0.268212,0.326380,0.171391,0.310385,0.261615,0.176733,0.268715,0.233787,0.273899,0.269714,0.251123,0.334285,0.213767,0.462339,0.189914,0.232659,0.228233,-0.028058,0.254856,0.270031,0.116733,0.233062,0.208402,0.353830,0.178377,0.393876,0.229853,0.313594,0.189703,0.179476,0.173374,0.333764,0.210110,0.254597,0.206597,0.255492,0.297708,0.203127,0.157827,0.319330,0.232674,0.249837,0.199923,0.455395,0.334928,0.323180,0.307543,0.304201,0.223628,0.300406,0.250183,0.299836,0.314351,0.439991,0.278077,0.230313,0.154783,0.196320,0.094310,0.330404,0.126433,0.411889,0.325588,0.135705,0.183911,0.239443,0.005526,0.211947,0.289902,0.321721,0.374058,0.252129,0.059574,0.236228,0.110159,0.156652,0.263553,0.333220,0.195115,0.117292,0.247150,0.178710,0.295964,0.302604,0.339519,0.290963,0.291365,0.127865,0.179007,0.084182,0.319037,0.313991,0.308926,0.169462,0.371995,0.253388,0.126059,0.135232,0.264721,0.179549,0.355622,0.292218,0.300748,0.212420,0.353716,0.263590,0.250657,0.281803,0.287909,0.311312,0.216837,0.338457,0.254990,0.272122,0.384420,0.365448,0.233431,0.276873,0.300265,0.192570,0.328169,0.254719,0.237136,0.089522,0.342301,0.280227,0.391539,0.193133,0.237525,0.189607,0.258010,0.261246,0.188805,0.256358,0.135088,0.324024,0.182881,0.199843,0.184595,0.349790,0.219100,0.243189,0.363528,0.368613,0.283006,0.161870,0.183268,0.319560,0.259450,#
19,0.385730,0.227064,0.298042,0.308443,0.473654,0.478276,0.204665,0.301845,0.395235,0.398787,0.283407,0.165174,0.312576,0.243476,0.366593,0.291514,0.360995,0.311357,0.426649,1.000000,0.338712,0.233095,0.333559,0.324357,0.202950,0.195666,0.377110,0.235647,0.321465,0.362529,0.280016,0.280061,0.243313,0.319688,0.199662,0.268646,0.347370,0.132051,0.373057,0.306845,0.374788,0.184503,0.325338,0.209788,0.281899,0.280741,0.402747,0.229359,0.331649,0.231049,0.158520,0.310109,0.232128,0.314850,0.229147,0.350718,0.318237,0.172046,0.378899,0.212456,0.302791,0.515357,0.381260,0.333924,0.404363,0.223862,0.220599,0.294103,0.106865,0.223131,0.352728,0.192708,0.278727,0.322217,0.302635,0.246449,0.339435,0.322664,0.426164,0.258138,0.254153,0.183070,0.385439,0.264949,0.279256,0.372180,0.259447,0.448849,0.318019,0.071786,0.276701,0.294952,0.429067,0.277517,0.353199,0.407528,0.399797,0.322664,0.254734,0.243076,0.246410,0.212968,0.342192,0.336754,0.312613,0.385982,0.350384,0.331163,0.214379,0.094968,0.145678,0.306356,0.342100,0.331526,0.322043,0.211597,0.399469,0.250415,0.218773,0.161782,0.155032,0.413139,0.365247,0.299450,0.403234,0.182346,0.388570,0.238404,0.349430,0.385526,0.302100,0.256040,0.258439,0.326186,0.454429,0.241580,0.302546,0.320139,0.178222,0.178276,0.113564,0.282575,0.342703,0.225254,0.316943,0.290683,0.254648,0.109993,0.337317,0.319823,0.327977,0.474855,0.284492,0.311620,0.325675,0.401458,0.407822,0.237000,0.324229,0.371034,0.443774,0.216561,0.347601,0.184376,0.342156,0.352990,0.160735,0.307883,0.385842,0.283553,0.267701,0.363554,0.375584,0.256609,0.271148,0.290654,0.305984,0.472151,0.358723,0.202251,0.132104,0.426311,0.354771,0.376648,0.412065,0.208045,0.240217,0.282117,0.284321,0.263667,0.348973,0.368171,0.222099,0.341708,0.249238,0.382151,0.157370,0.189038,0.372283,0.325675,#
20,0.186827,0.003592,0.263450,0.192945,0.406381,0.211154,0.354744,0.226836,0.205609,0.383286,0.194887,0.232785,0.245448,0.375914,0.289307,0.156380,0.374639,0.333076,0.281194,0.338712,1.000000,0.349220,0.185317,0.273549,0.139525,0.359845,0.323674,0.194601,0.305159,0.315186,0.060550,0.190596,0.261593,0.360732,0.356839,0.417438,0.354390,0.126626,0.396617,0.326413,0.284930,0.430373,0.202130,0.174009,0.424438,0.279472,0.344408,0.108812,0.158329,0.205758,0.114085,0.349450,0.173289,0.336362,0.326884,0.255609,0.229871,0.331545,0.330536,0.173153,0.299206,0.305409,0.367887,0.177559,0.358653,0.277508,0.215028,0.196304,0.255584,0.345093,0.388369,0.245755,0.097623,0.291563,0.340863,0.088240,0.254194,0.268936,0.220789,0.254031,0.198281,0.348299,0.403509,0.149538,0.224884,0.238522,0.326455,0.269412,0.314729,0.209883,0.316793,0.358555,0.336560,0.335959,0.485934,0.235146,0.239816,0.348199,0.315380,0.162470,0.297189,0.165995,0.429322,0.232430,0.284151,0.161082,0.276356,0.268350,0.120342,0.410623,0.300844,0.340176,0.318490,0.202810,0.316336,0.253699,0.400114,0.370375,0.149720,0.382956,0.336290,0.299906,0.297444,0.372966,0.289605,0.282289,0.259420,0.166843,0.460489,0.328792,0.364655,0.192148,0.278271,0.378922,0.356341,0.164606,0.216685,0.172808,0.269764,0.282598,0.148779,0.238619,0.273835,0.222016,0.276064,0.245822,0.190399,0.152486,0.120739,0.438832,0.300078,0.290049,0.282360,0.464623,0.279417,0.331005,0.303525,0.133269,0.320167,0.398388,0.207024,0.372917,0.326057,0.263514,0.325452,0.106800,0.189267,0.269896,0.432820,0.240200,0.308848,0.241924,0.358180,0.121781,0.158346,0.292610,0.098709,0.328124,0.409138,0.151930,0.204344,0.270481,0.282085,0.213798,0.217790,0.191296,0.189162,0.365424,0.206556,0.288831,0.105268,0.211580,0.254041,0.446362,0.247990,0.168533,0.245567,0.182298,0.375838,0.306707,#
21,0.173737,0.259647,0.227010,0.303414,0.298930,0.200479,0.252787,0.309932,0.487934,0.314145,0.098673,0.329304,0.296394,0.334382,0.198549,0.254148,0.239681,0.305573,0.271314,0.233095,0.349220,1.000000,0.227863,0.272517,0.123073,0.284689,0.254704,0.231873,0.268038,0.267210,0.191837,0.292352,0.301210,0.288274,0.349922,0.323116,0.435131,0.305850,0.364451,0.237986,0.282331,0.361555,0.240960,0.280713,0.269418,0.259831,0.226507,0.269085,0.262933,0.100369,0.197758,0.363487,0.070086,0.189348,0.312682,0.277958,0.219808,0.258683,0.271527,0.121958,0.339209,0.192253,0.349137,0.153119,0.463679,0.361131,0.240692,0.316086,0.223824,0.231867,0.343796,0.250092,0.268138,0.417260,0.376056,0.145182,0.231498,0.241939,0.250630,0.301614,0.192710,0.224793,0.263463,0.003196,0.346311,0.236123,0.317270,0.311190,0.218643,0.299054,0.209636,0.149329,0.243183,0.257131,0.405838,0.246753,0.326944,0.210894,0.171213,0.204853,0.311977,0.315026,0.410066,0.203336,0.214039,0.353554,0.168880,0.138474,0.234557,0.336110,0.350924,0.308864,0.232418,0.298469,0.184019,0.366035,0.423713,0.174849,0.095219,0.276982,0.247981,0.362615,0.332108,0.260188,0.320262,0.195964,0.243749,0.337357,0.291603,0.257984,0.330257,0.270382,0.413082,0.258263,0.272906,0.243357,0.124493,0.127729,0.207283,0.317552,0.193435,0.296307,0.295423,0.284486,0.303127,0.329683,0.301700,0.283034,0.207890,0.356955,0.305100,0.227089,0.180230,0.389365,0.377457,0.427489,0.279670,0.162526,0.283282,0.331038,0.262195,0.347044,0.355962,0.307353,0.378850,0.171818,0.281925,0.300336,0.294142,0.383224,0.275735,0.219012,0.204257,0.089998,0.262183,0.401655,0.095580,0.402164,0.191441,0.179349,0.247845,0.323780,0.264352,0.280352,0.241458,0.326608,0.167433,0.238092,0.179907,0.374841,0.324467,0.215961,0.292410,0.379880,0.374921,0.211776,0.321185,0.335821,0.292102,0.223429,#
