0,1.000000,-0.098534,0.157441,0.161898,0.183931,0.072710,-0.048340,-0.073811,0.115405,0.065064,0.124100,-0.040828,0.065324,0.049577,0.266814,0.202328,0.125148,0.236611,0.271733,0.222332,0.130166,0.170512,0.191545,0.278060,0.133006,0.066826,0.222199,0.049147,0.177866,0.219916,-0.040257,0.158099,0.148008,0.167013,0.116405,0.131568,0.141624,0.082064,0.161856,0.191874,0.147693,0.110156,0.165336,0.119769,-0.010401,0.092637,0.004784,0.233588,0.130716,0.242329,0.137263,-0.018022,0.128980,0.230228,0.193062,0.171377,0.220950,0.154919,-0.087723,0.021464,0.155534,0.024330,0.260225,0.003020,0.003626,0.036101,0.026566,0.094405,0.136565,0.138172,0.066979,0.002646,0.176820,0.157078,0.060754,-0.137089,0.245194,0.203844,0.041111,0.040488,0.064249,0.032834,0.052937,0.186612,0.304264,-0.023670,0.173761,0.146788,0.175697,0.205420,0.074076,0.025070,0.216036,0.168452,0.244364,0.287603,0.235233,-0.010598,0.099095,0.184823,0.232017,0.203104,0.030177,0.203435,0.166611,0.176082,0.246908,0.149127,0.148799,-0.045249,0.017409,0.067199,-0.013858,0.215959,0.036466,0.049807,0.045850,0.093029,0.078830,-0.011395,0.265997,0.164564,0.149009,0.142157,0.122525,0.178758,0.134953,-0.033428,0.108583,0.213209,0.250787,0.013102,0.110907,0.047032,0.061392,0.116238,0.195656,0.114994,0.028479,0.139688,0.268828,0.154843,0.108526,0.050487,0.048527,0.167475,0.107339,0.076946,0.150248,0.104289,-0.092141,0.080162,0.174385,0.042719,0.164569,0.183131,0.149021,0.037597,0.103062,0.173688,0.162732,0.240662,-0.042864,-0.016392,0.117697,0.151169,0.019214,0.206708,0.170915,0.130228,0.130354,-0.052167,0.176737,0.134344,-0.123573,0.189285,0.278935,0.168246,0.074109,0.014836,0.092918,0.207062,0.085926,0.100542,0.059737,0.028790,0.262926,0.337819,0.185197,0.000591,0.074349,0.188852,0.098340,0.142102,0.302861,0.054757,-0.008496,0.114871,0.307854,0.193234,#
1,-0.098534,1.000000,0.159581,0.077942,0.115364,0.145549,0.240404,0.101803,0.243908,-0.020179,0.265470,0.215786,0.070613,0.116169,-0.051781,-0.059120,0.085488,0.154257,-0.069385,0.134169,0.048784,0.206262,0.028899,-0.043832,0.049783,0.144224,0.156519,0.243386,-0.187358,0.141658,0.096120,0.056418,0.026233,0.163173,-0.034499,0.249612,0.042108,0.035200,0.198532,0.064156,0.006772,0.050308,0.182852,0.122708,0.055581,0.133381,0.338255,0.118128,0.113353,-0.051184,0.160865,0.027048,0.264541,0.231457,-0.003053,0.192905,0.056813,-0.115402,-0.034924,0.081300,-0.017409,0.053071,0.183794,0.023413,-0.002971,0.155367,-0.008345,0.182577,0.160313,0.230938,0.122046,0.128286,0.205575,-0.006052,0.208227,0.130417,0.085336,0.126758,0.278083,0.101735,0.124330,0.213247,0.076761,0.055956,0.113864,-0.208140,0.154127,0.090981,0.095859,0.020510,0.105068,0.139057,0.005236,0.102989,-0.005845,0.113297,-0.000073,0.003894,0.020612,0.145670,0.167256,0.071402,0.071974,0.072186,0.048017,0.071066,0.172610,0.257049,0.033174,0.069717,0.137746,0.151313,-0.042445,0.087569,0.235122,0.244613,0.133329,0.026127,-0.034767,0.067365,-0.077716,0.135423,0.127597,0.133462,0.053198,0.065797,0.184050,0.127821,0.137446,0.181016,0.047421,0.114072,0.072904,0.190300,0.245498,0.162679,0.161476,0.191464,0.251121,0.140088,0.048647,0.034352,0.142148,0.191474,0.224708,0.138073,0.084330,-0.082696,0.137665,0.038789,0.190190,0.072849,-0.071448,-0.079858,0.242408,0.186677,-0.029170,0.009954,-0.101235,-0.136933,-0.050578,0.163782,0.244809,0.241474,0.186579,0.034826,-0.033608,-0.050821,0.114382,0.258245,0.232333,0.220170,0.008620,0.020224,0.046232,0.064412,0.039130,0.198050,0.119565,0.027239,0.124815,0.009899,0.160061,-0.041755,0.213072,0.112134,0.101489,-0.069410,0.061445,0.210435,0.203833,0.054856,-0.127627,0.115438,0.102285,0.026992,-0.068727,0.159487,0.046887,0.261343,#
2,0.157441,0.159581,1.000000,0.199413,0.205935,0.126340,0.194995,0.189984,0.111668,0.133726,0.284461,0.276392,0.083590,0.239828,0.041172,0.221272,0.078939,0.101956,0.060251,0.153200,0.273414,0.277618,0.015517,0.095019,0.221578,0.285424,0.262206,0.148015,0.061260,0.242472,0.057500,-0.037638,0.062628,0.060661,0.044278,0.168281,0.155398,-0.056815,0.134687,0.037922,0.210001,0.163002,0.318269,0.068789,-0.008836,0.080765,0.134308,0.129616,0.080930,0.104301,0.207549,0.188146,0.110135,0.075698,0.022137,0.112010,0.092122,0.034700,0.148316,0.178067,0.272987,-0.038360,-0.006382,0.203985,0.242733,0.158109,0.193137,0.089924,0.186204,0.245095,0.120790,0.188494,0.079823,0.161865,0.220734,0.120031,0.136107,0.138018,0.146596,0.029002,0.209443,-0.012086,0.024961,0.007007,0.171802,0.110585,0.220691,0.202603,0.119307,0.022271,0.004184,0.246674,0.215739,0.249283,0.043145,0.183780,0.217312,0.053259,0.210803,0.098916,0.199896,0.079889,0.001790,0.223178,0.074343,0.120773,0.175923,0.237089,0.230982,0.240891,0.126367,0.163816,0.211041,0.130498,0.113656,0.290949,0.183936,0.132622,-0.215247,0.073984,0.200633,0.063410,0.030006,0.095212,0.100596,0.034850,0.261509,0.099077,0.134560,0.191820,0.100393,0.198790,0.143875,0.094058,0.271254,0.203020,0.161584,0.095533,0.105390,-0.021331,0.143195,0.111080,0.222193,0.106614,0.340174,0.136213,-0.060706,0.113868,0.223836,-0.077136,0.121582,0.137719,0.209664,0.108555,0.136604,0.042838,0.074238,-0.116460,0.136531,0.149945,0.051412,0.311860,0.185218,0.229369,0.139234,0.154357,0.160475,0.026333,-0.054621,0.069284,0.051353,0.351732,0.122393,0.045428,0.092596,0.100799,0.249023,0.201057,-0.099589,0.075162,0.196583,0.118546,0.020259,0.315011,0.064316,0.173899,0.108397,0.036893,0.157560,-0.011460,0.000358,0.200151,0.272140,0.078362,0.218356,0.046568,-0.089516,0.205552,0.301134,0.241293,#
3,0.161898,0.077942,0.199413,1.000000,0.145004,0.186693,0.216068,0.098074,0.254873,0.112174,0.265625,0.161753,0.172766,0.024160,0.131636,0.075789,0.142264,0.202644,0.238084,0.209167,0.176347,0.119276,0.177144,0.377873,0.145198,0.253023,0.227263,0.142736,0.192663,0.259273,0.169282,0.183207,0.395826,0.195996,-0.029318,0.184341,0.172828,0.157545,0.310382,0.091835,0.134447,0.264824,0.223896,0.295282,-0.069656,0.142997,0.110815,0.164782,-0.008732,0.182499,0.192088,0.161279,0.141890,0.026625,0.064760,0.252557,0.125773,0.083543,0.080123,0.136193,0.136167,0.074605,0.139676,0.047085,0.317739,0.101498,0.107428,0.020192,-0.002082,0.237503,0.125874,0.124006,0.197795,0.078142,0.158437,0.212851,0.138104,0.109626,0.168912,0.063043,0.336479,0.116056,0.135484,0.025728,0.246146,0.075351,0.143081,0.084591,0.217269,0.134740,0.181318,0.192816,0.142580,0.139285,0.074907,0.142173,0.227285,-0.055185,0.230094,0.199022,0.277443,0.049405,0.063104,0.148289,0.344630,0.082883,0.247548,0.240253,0.111272,0.153315,0.125013,0.055716,0.121775,0.098511,0.090138,0.049842,0.148252,0.124550,-0.011421,0.079996,0.152501,0.070285,0.081032,0.268373,0.029787,0.085657,0.267268,0.214065,-0.062038,0.260823,0.287787,0.234006,0.197552,0.185970,0.169357,0.176400,-0.033243,0.139421,0.199772,0.118414,0.199798,0.248830,0.176201,0.175076,0.125214,0.088470,0.266546,0.220492,0.115866,0.062129,-0.003742,0.051386,0.046015,0.137386,0.202826,0.130006,0.086695,0.056956,0.177269,0.155758,0.173155,0.244078,0.226008,0.247270,0.089286,0.070881,0.076702,0.109143,0.017232,0.015818,0.188125,0.023469,0.053087,-0.030233,0.003559,0.194459,0.241940,0.204782,0.025534,0.099544,0.107368,0.263166,0.234555,-0.026942,0.029248,0.061959,0.151684,0.171942,0.024644,0.072707,0.115904,0.170711,0.251459,0.099626,0.187989,0.133149,0.228841,0.227698,0.167961,0.083561,#
4,0.183931,0.115364,0.205935,0.145004,1.000000,0.261179,0.019465,0.100700,0.264392,0.114002,0.081726,0.059464,0.120753,0.049008,0.111041,0.099451,-0.003931,0.195150,0.156641,0.337067,0.368531,0.102799,0.128410,0.234236,0.107276,0.315779,0.107514,0.073947,0.140934,0.081493,0.071154,0.081961,0.136398,0.086586,0.061344,0.247235,0.365346,0.066185,0.185244,0.112928,0.091039,0.349837,0.120475,0.061739,0.289215,0.146908,0.359758,0.158810,0.085624,0.141153,0.070555,0.123680,0.092665,0.206119,0.267422,0.302818,0.126609,0.104345,0.104369,0.071209,0.206017,0.182342,0.089605,0.005988,0.133062,0.027473,0.100048,0.110289,0.022801,0.167424,0.205792,0.202969,0.199014,0.122995,0.061616,-0.030652,0.128035,0.170151,0.201335,0.096158,0.245228,0.216599,0.008222,-0.009801,0.364820,0.052447,0.153839,0.136668,0.108968,0.213023,0.259387,0.051528,0.124214,0.100142,0.121120,0.255812,0.141955,0.073580,0.014319,0.080576,0.149653,-0.015873,0.163596,0.189581,0.147142,0.119279,0.043358,0.246418,0.117063,0.208414,0.254281,0.213415,0.175848,0.275511,0.074012,-0.000956,0.158032,0.007259,-0.041572,0.041620,0.065984,0.041599,0.090398,0.016948,0.274622,0.002032,0.284212,0.097961,0.179654,0.112751,0.271268,-0.017992,0.192703,0.164245,0.233465,0.171216,0.056449,0.111422,0.231518,0.123084,0.282762,0.026662,0.233583,0.034172,0.200656,0.251600,0.094395,0.267422,0.124932,0.013334,0.103355,0.107951,0.214952,0.297420,0.248037,0.055250,0.312724,0.103778,-0.015287,0.159985,0.167186,0.126592,-0.051261,0.066305,-0.086268,0.160051,-0.017057,0.087118,0.048713,0.093592,-0.070200,0.019697,0.333649,0.230045,0.105495,0.172337,0.274228,0.272524,0.128606,0.173432,0.077121,-0.027516,0.235389,0.087372,0.122751,0.113999,-0.023523,0.254011,0.159729,0.245446,0.002355,0.183439,0.040080,0.064323,0.244235,0.206764,0.034252,0.257030,0.194694,0.353812,#
5,0.072710,0.145549,0.126340,0.186693,0.261179,1.000000,0.054228,0.226574,0.296555,0.197729,0.237927,0.096930,0.209221,0.121351,0.227793,0.021963,0.040364,0.107911,0.005579,0.228194,0.088369,-0.005024,0.124377,0.084792,0.196553,0.182495,0.181751,0.205480,0.163146,0.193068,0.141279,0.163461,0.276351,0.155960,0.028324,0.207109,0.228372,0.040520,0.188723,0.085528,0.149295,0.235942,0.119775,0.246460,0.044170,0.091467,0.237885,0.021219,0.181564,0.137375,0.167387,0.144320,0.090346,0.059232,0.158550,0.336924,0.020549,-0.050735,0.144956,0.128652,0.110255,0.106785,0.129610,0.015762,0.192421,0.113776,0.163965,0.005345,0.170713,0.077618,0.108412,0.169292,0.236719,0.227559,0.031895,0.040144,0.183107,0.127201,0.189754,0.143790,0.158740,0.187214,0.200649,0.045355,0.105807,0.064815,0.089332,0.029042,0.090094,0.002395,0.072873,0.137443,0.216491,0.243186,0.085399,0.227979,0.019427,0.099194,0.254977,-0.001332,0.113381,0.122971,-0.090806,0.114517,0.088389,0.120363,0.141566,0.287334,0.122886,0.098091,0.165459,0.125177,0.096754,0.114894,0.223483,0.118503,0.074123,0.149687,0.061357,0.022627,0.032019,0.242888,0.017039,0.144435,-0.051518,0.006501,0.070760,0.001244,0.147591,0.102177,0.281272,0.087821,0.183430,0.132246,0.295681,0.320928,0.117106,0.190502,0.067881,-0.065731,0.196135,0.179780,0.161920,0.237339,0.268910,0.186184,0.170365,0.127627,0.031512,0.131836,0.163882,-0.015961,0.176864,0.192623,0.137951,0.198033,0.174014,0.025609,0.156280,-0.060445,0.137066,0.077648,0.167130,0.170321,0.060723,0.152904,0.008474,0.126271,0.180343,0.274623,0.277408,0.189508,0.169363,0.120926,-0.037087,0.143260,0.276510,0.179061,0.231750,0.037931,0.187574,-0.015457,0.359962,0.087753,0.008059,0.211308,0.255704,0.032837,0.044605,0.060968,0.045370,0.263849,0.119563,0.100734,0.243723,-0.040004,-0.060470,0.312490,0.080535,0.337030,#
6,-0.048340,0.240404,0.194995,0.216068,0.019465,0.054228,1.000000,0.119643,0.244092,0.058791,0.106689,0.176630,0.068054,0.182862,0.046007,0.067225,0.035911,0.071257,0.107216,0.002653,0.186710,0.221799,-0.055825,-0.047457,0.066779,0.178013,0.078962,0.181740,0.086768,0.229035,-0.004822,0.088262,0.043740,0.157137,-0.114547,0.016121,-0.001368,0.147237,0.033417,0.138601,-0.020651,0.075180,0.017324,0.096377,-0.032387,0.102468,0.064546,0.028230,0.050048,-0.039762,0.047926,0.019560,0.117630,0.154181,-0.022773,0.100759,-0.003514,0.049772,0.076989,0.192948,0.120514,-0.050704,0.137748,0.099129,0.138100,0.324773,0.067407,0.144592,0.109426,0.102955,0.051848,0.136737,0.062345,0.121982,0.213986,0.101272,0.172538,0.131944,0.223041,0.004622,0.120642,0.024648,0.138745,-0.029061,0.159923,-0.006593,0.040511,0.171304,-0.055859,0.019225,0.041497,0.133277,0.058064,0.078954,0.018506,0.071147,0.148931,0.002160,0.088141,0.213779,0.127695,0.174916,-0.001550,-0.055798,-0.147605,0.204441,0.022642,0.066122,0.149663,0.152696,0.107426,0.132689,0.030676,-0.171554,-0.006953,0.197183,0.254518,-0.055574,0.001821,0.042860,0.129244,0.097034,-0.101497,0.147279,-0.009185,0.085539,0.027936,0.149883,-0.025169,0.102543,0.114607,-0.036328,0.055021,-0.052761,0.170199,0.122288,-0.004155,0.111873,0.188970,0.166175,0.054968,0.129193,0.016907,0.098634,-0.046895,0.081513,0.177326,-0.015562,0.112117,-0.242535,0.207059,-0.038076,0.112141,-0.032464,0.246448,0.031487,0.001947,0.098712,0.041303,-0.049454,-0.045012,0.245094,0.274561,0.207939,0.172847,0.117468,-0.075004,0.077118,0.021816,0.081559,-0.000415,0.041333,0.085028,-0.043178,0.098280,0.113290,0.022464,0.127391,0.261887,-0.090008,0.032863,0.001896,0.180814,0.167020,0.160330,0.165887,0.104849,0.080991,-0.002332,0.166673,-0.013732,0.024818,0.078781,0.173732,-0.010012,-0.068130,0.109802,0.197051,0.093897,0.237597,#
7,-0.073811,0.101803,0.189984,0.098074,0.100700,0.226574,0.119643,1.000000,0.260815,0.140800,0.206455,0.324216,-0.019310,0.119683,0.251683,0.126207,0.090581,0.312649,-0.026412,0.167678,0.109584,0.137380,0.247998,0.032075,0.130636,0.122121,0.227229,0.285136,0.018358,0.253137,0.026681,-0.029461,0.088659,0.101851,-0.061259,0.109441,-0.040943,-0.036686,0.236691,0.193185,0.096014,0.206353,0.073208,0.155241,0.226955,0.174038,0.135513,0.158652,0.152885,0.103910,0.170066,0.100257,-0.011867,0.146919,0.117992,0.115642,0.148796,0.203733,0.208855,0.073195,0.225585,0.034264,0.101620,0.094523,0.266260,0.133697,0.130823,-0.022094,0.129395,0.303041,0.074945,0.105291,0.283066,0.104730,0.035234,0.110522,-0.039219,0.191705,0.111760,0.320056,0.229367,0.104720,0.178208,0.055389,0.169570,0.011248,0.073707,-0.009741,0.106377,0.148989,-0.015137,0.154739,0.144681,0.244467,-0.035563,-0.069118,-0.049282,0.123853,0.023720,0.107613,0.166950,0.018835,0.034284,0.058193,-0.026752,0.200047,0.267593,0.109360,0.094182,0.192756,-0.040402,0.103688,-0.026678,0.079413,0.382343,0.142615,-0.064116,-0.023449,0.005150,0.311263,0.131600,0.201143,-0.042287,0.184581,0.097898,0.070819,0.204827,0.194125,0.027553,0.089063,0.102873,0.093034,0.245544,0.077388,0.383364,0.186197,-0.080562,0.319071,0.109578,0.042680,0.215997,0.006017,0.108203,0.030553,0.172530,0.137796,0.188445,0.132293,0.055471,0.034826,0.171584,0.081238,0.025915,0.141434,-0.012228,0.180124,0.182611,0.126392,0.204459,0.116324,0.053890,0.117385,0.203659,0.045997,-0.058635,0.278334,0.121772,0.008504,0.033229,0.095869,0.113164,0.162273,0.184809,0.063763,0.149811,0.003714,0.106105,0.127638,-0.100215,0.192766,0.255507,0.083982,0.169034,0.197464,-0.155558,0.119088,-0.003010,-0.087574,0.070441,0.302587,0.185666,0.067742,0.150885,0.056313,0.114461,0.030023,-0.058277,0.160188,0.180411,0.169877,#
8,0.115405,0.243908,0.111668,0.254873,0.264392,0.296555,0.244092,0.260815,1.000000,0.235762,0.257902,0.174286,0.183097,0.117685,0.316184,0.133502,-0.069563,0.220870,0.100862,0.191136,0.110882,0.192393,0.207418,0.268558,0.060957,0.202997,0.135838,0.245618,0.079253,0.278161,-0.015468,0.171845,0.109709,0.092946,0.071138,0.228651,0.185194,0.038246,0.158754,0.067743,0.153813,0.253430,0.128490,0.129654,0.214137,0.151808,0.153497,0.118615,0.234344,0.161139,0.240304,0.347974,0.031369,0.345496,0.090030,0.365567,0.245215,0.221314,0.079961,0.234646,0.208634,0.180593,0.271818,-0.076451,0.235218,0.275977,0.162530,0.047798,0.336248,0.181681,0.178907,0.094370,0.227672,0.049554,0.196914,0.170584,0.185392,0.211795,0.180500,0.119080,0.287142,0.323089,0.168795,-0.013657,0.307727,0.084583,0.152384,0.103850,0.106639,0.207038,0.108857,0.236068,0.149831,0.052183,0.337140,0.249207,0.262099,0.082543,0.222417,0.139030,0.198049,0.127599,0.132641,0.173668,0.212855,0.115547,0.160901,0.264793,0.042099,0.249518,0.092371,0.120475,-0.008708,0.186981,0.258320,0.236968,0.089497,0.088233,0.057314,0.240407,0.204121,0.200247,0.126884,0.180575,0.102791,0.191302,0.146709,0.271090,-0.071053,0.304914,0.179473,-0.040773,0.290035,0.213418,0.260913,0.234772,0.105706,0.207480,0.253859,0.060905,0.251576,0.212021,0.337052,0.040484,0.079926,0.146142,0.267543,0.156437,0.170803,0.036406,0.321062,-0.041055,0.138091,0.215228,0.348137,0.339422,0.248484,0.233283,0.192748,0.139829,0.049550,0.162449,0.105070,0.209796,0.217263,0.219108,0.134426,-0.029868,0.211000,0.193591,0.186095,0.220960,0.091471,0.067308,0.150753,0.112071,0.137710,0.256205,0.202360,0.108850,0.175657,0.169592,0.194780,0.137196,0.083727,0.223029,0.091008,0.087819,0.092244,0.215430,0.220883,0.106086,0.193308,0.127292,0.370433,-0.004495,0.102236,0.159770,0.133679,0.126173,#
9,0.065064,-0.020179,0.133726,0.112174,0.114002,0.197729,0.058791,0.140800,0.235762,1.000000,0.373019,-0.010322,0.069370,0.190616,0.227802,0.189745,-0.050370,0.067699,-0.079747,0.327165,0.093021,0.028386,0.052921,0.060685,0.001354,0.028655,0.245064,0.147615,0.091295,0.156505,0.198644,0.050283,0.039943,0.168673,0.188537,0.106265,-0.075604,0.213143,0.134939,-0.041560,0.283399,0.138229,0.093131,-0.078125,0.033517,0.179656,0.122427,0.055910,0.108115,0.091334,0.074772,0.214811,-0.025148,0.098321,0.072452,0.280036,0.126428,0.168209,0.139268,-0.033315,0.229766,0.047087,0.213974,-0.001510,0.231767,0.171506,0.017583,-0.074563,0.116900,-0.014711,0.222203,0.215606,0.075129,0.078898,0.116922,0.132350,-0.014449,0.012736,0.214748,0.179166,0.165804,0.258128,-0.004954,-0.057735,0.255429,0.073607,0.079546,0.098613,-0.114663,-0.094036,-0.019130,0.139276,0.190434,-0.033263,0.120286,0.141307,0.157327,0.160474,0.121009,-0.090397,0.109584,0.119457,0.291415,0.031517,0.331920,0.068555,0.155080,0.083941,0.197895,-0.023721,0.034344,0.025971,0.078217,0.245644,0.065645,0.098402,-0.045922,0.172843,0.135717,-0.073976,0.145352,0.314198,-0.032799,0.180832,-0.031472,0.139164,-0.069664,0.232965,0.114701,0.283932,0.149700,-0.048072,0.061476,0.148570,0.112828,0.142774,0.136482,0.272528,0.121816,-0.186703,0.030615,0.146695,0.232450,0.052511,0.067561,0.188702,0.145097,0.194168,0.014540,0.339547,0.104819,-0.153875,0.326216,0.270021,0.168636,0.176919,0.139058,0.134862,0.262037,0.034104,0.140270,0.087152,-0.003765,0.324778,0.093722,0.058366,0.069638,0.033980,0.282491,0.047290,0.190252,0.189002,0.088108,0.153200,0.057561,0.156195,0.201554,0.069600,-0.010421,0.043398,0.008930,0.005642,0.202399,0.176318,0.000939,0.114120,0.072181,0.075614,0.246766,0.062850,0.106686,0.095032,0.028772,0.168767,0.080404,0.098298,0.086819,0.026042,0.156117,0.187666,#
10,0.124100,0.265470,0.284461,0.265625,0.081726,0.237927,0.106689,0.206455,0.257902,0.373019,1.000000,0.124150,-0.007910,0.155346,0.188136,0.116304,0.069725,0.163085,0.152079,0.227028,0.064112,0.072957,-0.102811,0.150988,0.096222,0.024098,0.160163,0.261066,0.041831,0.249260,0.171982,0.133565,0.209024,0.138810,0.093598,0.216504,0.099628,0.043196,0.309918,0.134073,0.232190,0.085919,0.096932,0.002833,-0.068952,0.179293,0.177545,0.122992,0.145436,0.204955,0.121946,0.178355,0.078266,0.225042,-0.023174,0.253311,0.084439,-0.002699,0.066584,0.179841,0.061824,0.131686,0.132292,0.140810,0.357820,0.249430,0.199725,0.060788,0.141900,0.134406,0.137956,0.220433,0.215605,0.123486,0.100689,0.117282,0.113718,0.068670,0.122973,0.160825,0.292039,0.109427,0.215419,0.109331,0.346021,-0.103140,0.150444,0.133896,0.034352,0.103767,-0.004435,0.184087,0.179869,0.110366,0.082077,0.273864,0.182171,0.002016,0.239321,0.136576,0.068176,0.068104,0.141525,-0.026772,0.169581,-0.025051,0.180645,0.316997,0.110995,0.042481,0.101856,0.229271,0.041343,0.166448,0.325012,0.295628,0.076600,0.069882,0.008217,0.051395,0.138158,0.278825,-0.016014,0.111979,0.018122,0.035134,0.174250,0.197129,0.171678,0.254709,0.261782,0.082995,0.090801,0.103152,0.176254,0.156368,-0.037172,0.378066,0.142977,-0.076476,0.242643,0.060342,0.179292,0.124961,0.185858,0.076159,0.010205,-0.036895,0.044538,0.100078,0.110272,0.174610,0.173174,0.004505,0.257060,0.114198,0.223487,-0.118537,0.212372,0.072014,0.186321,0.044589,0.353081,0.211152,0.204767,0.141915,0.183853,0.094438,0.148521,0.260813,0.260334,0.222202,0.013460,0.154971,0.084043,0.066277,0.149694,0.275956,-0.030701,0.091427,0.121966,0.074204,0.281816,0.085734,0.155783,0.157870,-0.005004,-0.148336,0.169411,0.234426,0.222197,0.106224,0.128384,0.059733,0.199751,-0.001967,-0.053818,0.185840,0.242408,0.380520,#
11,-0.040828,0.215786,0.276392,0.161753,0.059464,0.096930,0.176630,0.324216,0.174286,-0.010322,0.124150,1.000000,0.103080,0.077917,-0.060437,0.033181,0.053179,0.270486,0.105441,-0.058167,0.101509,0.154390,-0.061589,0.098331,0.233402,0.301968,0.005591,0.278712,-0.160278,0.222360,0.167304,0.076835,0.102975,0.080093,0.117122,0.172010,0.157787,-0.061767,0.126568,0.220613,0.011694,0.225405,0.290771,0.207642,0.026394,0.197232,0.130363,0.053918,0.156227,0.018851,0.141136,0.181026,0.039080,0.310133,-0.064196,-0.027644,0.041051,0.272904,0.155995,-0.045656,0.014208,0.006775,0.218069,0.066849,0.075166,0.235664,0.166780,0.252589,0.151303,0.188171,0.028296,0.049830,0.283532,0.026808,-0.020737,0.128317,0.017873,-0.006518,0.119993,0.132021,0.181305,0.105856,0.223892,0.053766,0.219365,-0.085372,0.091145,0.228984,0.137628,-0.022582,0.041159,0.251623,0.288225,0.440579,0.047458,0.146241,-0.003571,0.039563,0.130659,0.226269,0.132208,0.107612,-0.047855,0.181539,0.006520,0.234319,0.209334,0.281893,0.215074,0.125794,0.169652,0.136957,0.087120,0.133690,-0.036942,0.308785,0.067243,0.109186,-0.101951,0.133015,0.036542,0.121504,0.160697,0.116418,0.095362,0.004893,0.141217,0.191185,0.180489,0.077799,0.064196,0.217285,0.221889,0.177841,0.150224,0.074675,-0.242788,0.415051,0.035752,0.197229,0.104167,0.045380,0.136088,0.121587,0.173739,0.130744,0.150530,0.025814,0.043311,-0.050732,0.128263,0.283170,0.071695,0.101075,0.187241,0.197555,0.077245,-0.114725,0.146800,0.094413,0.147553,0.269139,0.024318,0.030566,0.091286,0.087827,0.287779,0.085939,0.110283,0.125749,0.109053,0.059461,-0.034360,-0.067195,0.143229,0.115965,0.152055,0.180040,-0.016460,0.067233,0.216098,0.086157,0.148159,0.004796,-0.061119,0.111807,-0.028903,0.062990,0.027627,0.241890,0.055489,0.067313,0.181249,0.229829,0.308221,0.080820,0.096995,0.160129,0.107739,0.137635,#
12,0.065324,0.070613,0.083590,0.172766,0.120753,0.209221,0.068054,-0.019310,0.183097,0.069370,-0.007910,0.103080,1.000000,-0.010734,0.190825,0.092631,0.314869,0.206055,0.218437,0.266959,0.121911,0.107004,0.140295,0.180050,-0.000485,0.174437,0.209912,0.227804,0.034156,0.273839,-0.080752,0.240458,0.104624,0.116163,0.169219,0.304300,0.127291,0.035271,0.146848,0.129214,0.152998,0.072143,0.194490,0.253684,0.279228,0.149466,0.242457,-0.084417,0.160325,0.081550,0.254928,0.097524,0.082767,0.220318,0.151136,0.218852,-0.005489,0.140641,-0.038553,-0.096475,0.105603,0.202849,0.060101,0.220460,0.238625,0.242195,0.119594,0.128668,0.091488,0.089381,0.090263,0.222607,0.151709,0.050313,0.246374,0.247378,0.164752,-0.019973,0.130373,0.029441,0.208557,0.185250,-0.035063,0.024265,0.105176,0.147208,0.114486,0.294677,0.151122,0.005220,0.078268,0.079097,0.056722,0.239283,0.221225,0.167001,0.306924,0.137966,0.089107,0.023555,0.140481,0.155392,0.138517,0.123289,0.245924,-0.000845,0.139972,0.032487,-0.025729,0.077906,0.255613,0.045302,0.106447,0.127809,0.126144,0.036329,0.203154,-0.015964,0.128044,-0.006667,0.161380,0.191396,0.250359,0.175150,0.122081,-0.029171,0.194134,-0.006300,0.011325,0.048316,0.178491,0.091326,0.103131,0.152895,0.145002,0.047605,0.197042,0.107898,0.228462,0.089263,0.190641,0.104329,0.144599,0.098220,-0.029405,0.199887,0.044912,0.225682,0.012956,0.054518,0.081791,0.208215,0.173881,0.119138,0.020455,0.255336,0.072106,-0.083169,0.023920,0.086548,0.018079,0.302550,0.183155,0.303483,0.123716,0.044583,0.302356,0.024495,0.036794,0.106850,0.151075,0.102391,0.104280,0.087951,0.186548,0.088553,0.234813,0.197825,0.085904,0.205535,0.212646,0.128648,0.265247,0.023872,0.114133,0.102630,0.217268,0.197621,0.069310,-0.023367,0.128476,0.054863,0.089578,0.159269,0.071971,0.058338,0.152101,0.233961,0.159018,0.076640,#
13,0.049577,0.116169,0.239828,0.024160,0.049008,0.121351,0.182862,0.119683,0.117685,0.190616,0.155346,0.077917,-0.010734,1.000000,0.294751,0.027342,0.209994,0.000633,0.127233,0.268377,0.155891,0.094380,-0.082418,0.124240,-0.011743,0.315635,0.260997,0.182053,0.070049,0.120108,0.128507,0.135041,0.153045,0.105447,0.143512,0.041365,-0.009163,0.059794,-0.060816,0.158102,-0.078464,0.194327,0.197110,0.090732,-0.010109,0.168297,0.205226,0.089505,0.169620,0.056230,0.164891,0.139767,0.053258,0.243035,0.058642,0.230516,0.033916,0.194498,0.016758,0.178177,0.164069,0.084006,0.180029,0.049666,0.144787,0.084475,0.322591,0.132956,0.297789,0.128998,0.012932,0.047021,0.109939,0.038899,0.220721,0.116874,0.234217,0.236532,0.243181,0.075106,0.174474,0.243662,0.038181,0.328315,0.235889,0.081986,0.172704,0.119471,0.184392,-0.050082,-0.005379,0.086259,0.133180,0.236354,-0.032209,0.018771,0.210498,-0.005170,0.146552,0.268084,0.124624,0.212219,0.173708,0.199297,0.023593,0.148466,0.127135,0.211795,0.290013,0.182978,-0.014157,0.092550,0.357756,0.108719,0.265534,0.183828,0.257854,0.123795,-0.028254,0.117887,0.292192,0.220219,0.126173,0.144421,0.202183,-0.069626,-0.005143,-0.069857,0.154495,0.164831,0.067831,0.054475,0.055066,-0.005850,0.281638,0.056512,0.104980,0.184432,0.235523,0.139433,-0.072390,0.075522,0.369600,0.229484,0.170335,0.239920,0.145415,0.190208,0.036136,0.039775,0.126448,0.084258,0.106740,0.274146,0.186437,0.270181,-0.048236,0.192674,0.229183,0.157435,0.014441,0.338356,0.032755,0.294259,0.129677,0.079064,0.038468,-0.037267,0.104359,0.118034,0.114349,0.271421,0.145484,0.083543,0.027109,0.108493,0.142470,0.104941,0.209179,-0.119363,0.085369,0.191533,0.169400,0.117922,0.191390,0.185153,0.247398,0.096266,-0.074940,0.154278,0.077642,0.179326,0.130023,0.109601,0.144778,0.108649,0.039996,0.063809,0.224801,0.189016,#
14,0.266814,-0.051781,0.041172,0.131636,0.111041,0.227793,0.046007,0.251683,0.316184,0.227802,0.188136,-0.060437,0.190825,0.294751,1.000000,0.264720,0.115421,0.179513,0.225858,0.410154,0.210254,0.038998,0.175626,0.296107,0.026671,0.041249,0.292883,0.270677,0.142390,0.200652,-0.078226,0.156086,0.122558,0.057976,0.182046,0.170201,0.072028,0.181433,0.073893,0.288638,0.176425,0.079242,0.230589,-0.052036,0.146802,0.311641,0.173833,0.032192,0.124164,0.237933,0.243069,0.076845,0.233644,0.308658,0.277380,0.256380,0.193489,0.090084,0.019254,0.088163,0.275398,0.249956,0.152206,0.068704,0.167569,0.053478,0.269438,0.084338,0.165985,0.212849,0.068603,0.058778,0.138098,0.229460,0.221468,0.198172,0.240701,0.176323,0.104644,0.184559,0.262202,0.180522,0.099474,0.116032,0.189383,0.175060,0.000659,0.073405,0.151085,0.048299,0.087040,0.186940,0.192695,0.156279,0.225086,0.091808,0.244732,0.072763,0.043290,0.073730,0.211928,0.215167,0.175396,0.257022,0.144527,0.090461,0.223840,0.273721,0.016524,0.182933,0.011779,-0.084222,0.117128,0.145441,0.178063,0.105031,0.157820,0.095264,0.150591,0.093943,0.380651,0.301381,-0.067439,0.123337,0.201050,0.084151,0.178819,0.130478,0.009566,0.322384,0.132302,0.059028,0.125212,-0.011473,0.122745,0.056296,0.066491,0.130509,0.007407,-0.017438,0.275023,0.202869,0.290220,0.071584,0.043588,0.321774,0.145511,0.109681,-0.073690,0.078580,0.183862,0.130413,0.008162,0.195819,0.147510,0.213924,0.278854,0.093050,0.129499,0.163542,0.086390,0.212967,0.099470,0.137450,0.208569,0.071221,0.077166,0.042921,0.079031,0.263186,0.237250,0.263341,0.207601,0.090175,0.077264,0.008244,0.334447,0.241374,0.269617,0.109507,0.076561,0.165070,0.218185,0.151226,0.115172,0.139240,0.168908,-0.019235,0.059346,0.199004,0.067054,0.119924,0.139433,0.216750,0.182675,-0.017174,-0.076991,0.107696,0.271055,0.156478,#
15,0.202328,-0.059120,0.221272,0.075789,0.099451,0.021963,0.067225,0.126207,0.133502,0.189745,0.116304,0.033181,0.092631,0.027342,0.264720,1.000000,0.168916,0.206088,0.175583,0.183235,0.023347,0.062695,0.194206,0.201062,0.078801,0.261753,0.195454,0.092562,0.129954,0.148669,-0.030143,0.160511,0.100804,0.148856,0.097595,0.021341,0.007375,-0.050376,0.127188,0.040188,0.098439,0.138504,0.133767,0.098979,0.144116,0.106125,-0.104617,0.105308,-0.021995,0.244167,-0.070517,0.208172,0.138881,0.151498,0.130683,0.161522,0.079845,0.110533,0.145813,0.208230,0.123214,-0.066149,0.201711,-0.045211,0.087568,0.141510,0.082075,0.087069,0.083645,-0.032020,0.194393,0.095909,0.012341,0.062329,0.120919,0.093914,-0.033858,0.124221,-0.013027,0.132685,0.241584,0.030487,-0.083056,0.252695,0.195200,0.100966,0.042556,0.182494,0.102228,0.192886,0.040098,0.106041,0.094422,0.108814,0.037273,0.066318,0.276357,-0.024657,0.074676,0.066285,0.192223,0.130875,-0.026528,0.108209,-0.017167,0.010750,0.124638,0.146799,0.041410,0.155965,-0.013867,0.194229,0.062497,-0.039573,0.078464,0.246730,-0.048433,-0.096694,0.004217,-0.043832,0.234163,0.219938,0.080066,0.137380,0.150072,0.030983,0.074285,0.226853,-0.023433,0.164917,0.010407,0.104348,0.027651,0.103910,0.093912,0.136736,-0.017129,0.025352,-0.015871,-0.111319,0.002611,0.219800,0.147341,0.017312,0.194439,0.083900,0.025822,0.168683,0.268972,0.052445,0.044564,-0.027727,0.083213,0.260764,-0.045454,0.270255,0.148905,0.067836,0.074982,0.090604,0.036255,0.059943,0.205323,0.104156,0.082245,0.215728,0.124510,0.076624,0.132923,0.032934,-0.023710,0.124944,0.097982,-0.069658,0.141757,0.005089,0.323215,0.071253,-0.094936,0.115766,0.214847,0.017388,0.127253,0.251739,-0.023235,0.079168,0.020363,0.127192,-0.043004,0.034204,-0.099573,0.071047,0.102165,0.065008,0.055639,0.039896,0.046349,0.106484,0.085847,-0.114324,#
16,0.125148,0.085488,0.078939,0.142264,-0.003931,0.040364,0.035911,0.090581,-0.069563,-0.050370,0.069725,0.053179,0.314869,0.209994,0.115421,0.168916,1.000000,0.108084,0.138363,0.322969,0.140930,0.143349,0.062994,0.070104,-0.108809,0.201107,0.170346,0.029103,0.035266,0.328809,0.004196,0.227784,-0.004592,0.268886,0.134074,0.183602,0.054982,-0.028024,0.098280,0.033081,-0.047469,0.116008,0.135069,0.150179,0.102132,0.306004,0.050572,0.055661,0.053098,0.063065,0.126049,0.071470,0.287308,0.155347,0.093141,0.073215,-0.005127,0.064330,0.032707,-0.052769,-0.000019,0.288933,0.269478,0.219487,0.177340,0.050122,0.057868,0.306632,0.041730,0.185954,-0.089978,0.251402,0.275147,-0.030458,0.021702,0.142780,0.042949,0.227832,0.056139,0.073150,0.059881,0.051438,-0.024638,0.181187,0.158857,0.076984,0.150594,0.137655,0.144029,0.026900,0.077493,0.212684,0.094660,0.071389,0.020284,0.010767,0.209067,-0.031862,0.061084,0.154502,0.047919,-0.013878,-0.135331,0.031319,0.088491,0.054169,0.144654,0.032429,-0.011861,0.168070,0.099808,0.061241,0.083363,0.109296,0.159313,0.198994,0.034254,0.030277,-0.012126,0.259837,0.145724,0.162167,0.096570,0.169685,0.146813,-0.144517,0.123984,-0.066038,0.003988,0.147503,0.060571,-0.018824,0.236086,-0.191686,0.272478,0.231019,-0.088072,0.278907,0.109817,0.174898,-0.014057,0.081347,0.084844,0.079772,0.168589,0.104658,0.041199,0.164141,0.224234,0.046170,-0.133521,0.268477,-0.003430,0.024164,0.154342,0.168170,0.015666,0.061729,0.040525,0.085041,0.025255,0.289156,0.142017,0.221026,0.070995,0.069794,0.133307,0.021506,-0.074313,0.074836,0.015287,0.046606,0.018625,-0.032661,0.114413,0.138108,0.034400,0.082727,0.128813,0.040591,0.140199,0.117508,0.162949,-0.127274,-0.011422,0.128454,0.230057,0.128519,0.055668,0.057746,0.260541,-0.077144,-0.092766,0.064329,0.102674,0.219544,-0.042376,0.137925,-0.041726,0.063354,#
17,0.236611,0.154257,0.101956,0.202644,0.195150,0.107911,0.071257,0.312649,0.220870,0.067699,0.163085,0.270486,0.206055,0.000633,0.179513,0.206088,0.108084,1.000000,0.114833,0.218723,0.275488,0.096912,0.057104,0.239139,-0.006722,0.186505,0.168252,0.019896,0.040101,0.218399,0.121863,0.061686,0.294358,0.104659,0.102678,0.228551,-0.056861,0.102526,0.290886,0.128675,0.159602,0.107316,0.040263,0.227283,0.079704,0.271091,0.247431,0.026890,0.002975,0.077569,0.156341,0.103898,0.004946,0.207547,0.139125,0.207045,0.230159,0.176718,-0.002623,-0.030173,0.223979,0.147465,0.128465,0.051651,0.175215,0.246789,0.188058,0.212673,0.130986,0.214352,0.078320,0.270305,0.192527,0.012476,0.094991,0.228799,0.015989,0.063989,-0.015736,0.256779,0.117701,0.160235,0.283928,0.095244,0.136955,-0.082104,0.182352,0.152805,0.125480,0.175030,0.064809,0.035270,0.208597,0.130200,0.033881,0.144731,0.146684,0.202848,0.147262,0.150907,0.112668,-0.016451,0.050186,0.194189,0.083164,0.190102,0.174923,0.176552,0.166359,0.010524,0.139654,0.183055,0.083865,0.255029,0.099494,0.206091,-0.000688,0.037954,0.001897,0.095635,0.060783,0.240050,0.118014,0.201227,0.326270,0.073787,0.069142,0.190290,0.026484,0.107911,0.181475,0.113067,0.199079,0.068021,0.194233,0.243901,0.127785,0.267968,0.126185,0.176496,0.149139,0.182772,0.120012,0.186151,0.204450,0.271150,0.006925,0.111287,0.011937,-0.005895,0.151038,-0.015914,0.007160,0.192977,0.253555,0.307765,0.142237,0.056403,0.261975,0.154477,0.100405,0.231492,0.202351,0.202759,0.091569,0.203804,0.155215,0.168522,0.129020,-0.033325,0.216596,0.076126,0.074366,0.046361,0.143896,0.059160,0.270940,0.131776,-0.128113,0.270268,0.168476,0.196655,0.199855,0.117614,0.002512,0.075046,0.142943,0.070319,0.149879,0.212296,0.135183,0.279730,0.180566,0.116537,0.292897,0.076073,0.042511,0.153529,0.040916,0.150377,#
18,0.271733,-0.069385,0.060251,0.238084,0.156641,0.005579,0.107216,-0.026412,0.100862,-0.079747,0.152079,0.105441,0.218437,0.127233,0.225858,0.175583,0.138363,0.114833,1.000000,0.121648,0.222753,0.128488,0.030483,0.354611,0.151521,0.116197,0.077866,0.283375,0.082187,0.059357,0.003311,-0.039205,0.202884,0.101603,0.214805,0.231236,0.222788,0.052581,0.090963,0.334215,0.141051,0.168963,0.182395,0.123905,0.118064,0.074897,0.033678,-0.000715,0.022432,0.232432,0.195857,0.038054,0.127085,0.177725,0.101413,0.143568,0.108439,0.068830,-0.001940,-0.051026,0.042502,0.013952,0.205511,0.082445,0.180104,0.103657,0.268804,0.159183,-0.006894,-0.002527,-0.068524,-0.025020,0.021637,-0.062949,0.051382,0.153645,0.048861,0.140967,0.086685,0.051126,0.218928,-0.003403,0.086192,0.212908,0.134133,-0.032808,0.205162,0.026085,0.180004,0.076942,0.195369,-0.020129,0.057133,0.184195,0.072234,0.303576,0.315043,0.061720,0.118990,0.245168,0.048707,0.138743,0.153740,0.153429,0.260150,0.113270,0.130481,0.113372,0.116140,0.132380,0.209325,0.216128,0.167215,0.066846,0.059129,0.106256,0.050368,-0.198549,0.044382,0.137560,0.160470,0.141326,0.103699,-0.035260,0.159323,-0.044716,0.189342,0.105809,0.134896,0.086752,0.126227,0.207277,0.036180,0.104114,0.129607,-0.113108,0.003041,0.193549,0.008939,0.153395,0.132381,0.045374,0.146693,0.080763,0.124110,0.182023,0.007532,0.056442,0.009587,-0.009067,-0.004420,0.150324,0.042205,0.064112,0.120931,0.183537,0.236204,0.015020,-0.081356,0.341477,0.173812,0.164103,0.153873,0.128386,0.083803,0.196582,0.163734,0.103124,0.025434,0.174438,-0.064896,0.061979,0.180464,0.083391,-0.057334,0.252909,0.250563,0.162893,0.230455,-0.061484,0.039982,0.033156,0.239876,0.026399,0.102682,0.023443,0.274342,0.161338,0.006259,0.052179,0.034374,0.191885,0.210943,0.045788,0.164083,0.023319,0.047705,0.176158,0.242299,0.043592,#
19,0.222332,0.134169,0.153200,0.209167,0.337067,0.228194,0.002653,0.167678,0.191136,0.327165,0.227028,-0.058167,0.266959,0.268377,0.410154,0.183235,0.322969,0.218723,0.121648,1.000000,0.252758,0.087083,0.194695,0.196266,0.031994,0.356245,0.309709,0.194391,0.172135,0.303219,0.147761,0.271271,0.208167,0.208729,0.175957,0.321206,0.065459,0.002275,0.321583,0.168519,0.174904,0.262159,0.024357,0.108403,0.160589,0.337012,0.301538,0.290577,0.067027,0.262866,0.257213,0.182798,0.131626,0.331236,0.220790,0.367691,0.253408,0.143659,0.150721,0.141329,0.236819,0.290548,0.276026,0.295935,0.363020,0.122085,0.197273,0.244330,0.072480,0.257229,0.216496,0.232738,0.214788,0.049498,0.274640,0.417335,0.172592,0.338478,0.412359,0.188481,0.309699,0.337068,0.196659,0.194054,0.342729,0.054352,0.153208,0.253525,0.208707,0.057482,0.062050,0.189565,0.280361,0.167793,0.133769,0.281211,0.274731,0.223226,0.055611,0.102015,0.202063,0.185001,0.256343,0.236954,0.324169,0.329546,0.186339,0.402365,0.076753,0.067498,0.159589,0.174088,0.181958,0.268379,0.241288,0.211679,0.242594,0.301203,0.211998,-0.019976,0.398267,0.380925,0.234734,0.342499,0.343022,0.082917,0.314855,0.214375,0.072491,0.349769,0.125158,0.011971,0.277283,0.166803,0.299906,0.269303,0.109947,0.397897,0.206872,0.078680,0.137504,0.321711,0.286381,0.135460,0.155674,0.245957,0.096284,0.273337,0.196333,0.045893,0.165110,0.238420,0.159057,0.321762,0.305626,0.181858,0.264217,-0.012275,0.183944,0.124928,0.292130,0.239329,0.252403,0.270079,0.264327,0.171951,0.106644,0.142775,0.276514,0.157194,0.214204,0.250884,0.339408,0.203473,0.102856,0.189644,0.350240,0.263192,0.172552,0.072356,0.092188,0.217006,0.356996,0.232105,0.180270,0.238828,0.226523,0.210816,0.184428,0.208650,0.343491,0.255983,0.002042,0.161338,0.276439,0.171764,0.081975,0.215838,0.275695,0.339409,#
20,0.130166,0.048784,0.273414,0.176347,0.368531,0.088369,0.186710,0.109584,0.110882,0.093021,0.064112,0.101509,0.121911,0.155891,0.210254,0.023347,0.140930,0.275488,0.222753,0.252758,1.000000,0.175314,0.080976,0.182716,0.206338,0.308350,0.130048,0.064554,0.092645,0.141384,0.029871,-0.054866,0.106761,0.135332,0.042981,0.125790,0.184554,0.081644,0.154885,0.194878,0.192668,0.292371,0.039171,-0.052980,0.188020,0.187551,0.360239,0.017498,0.046510,0.095995,-0.018477,0.102817,0.055396,0.250292,0.195880,0.149599,0.194914,0.193864,0.074913,-0.099625,0.204775,0.216750,0.216203,0.134209,0.122355,0.026993,0.133286,0.177164,0.219452,0.234774,0.204845,0.318540,0.199350,0.075189,0.007638,-0.034058,0.117576,0.259405,0.202970,0.041681,0.221737,0.116111,0.187965,-0.016967,0.199018,0.112064,0.161658,0.129978,0.286110,0.013429,0.140038,0.150373,0.145474,0.174334,0.172619,0.058621,0.209758,0.216623,0.149660,0.024212,0.224238,0.045717,0.144999,0.105872,0.148835,0.166130,0.082807,0.189343,0.099182,0.225282,0.188787,0.268771,0.110840,0.130137,0.047728,0.276725,0.250180,0.065792,-0.055601,0.205610,0.078577,0.219060,0.008690,0.011669,0.114418,-0.003969,0.192710,0.146192,0.187138,0.155895,0.196664,0.074160,0.143742,0.042450,0.246090,0.066292,0.204510,0.144222,0.138805,0.086965,0.215512,0.125749,0.200746,0.184557,0.230417,0.172553,-0.022091,0.177880,0.189781,0.090782,0.200846,0.075084,-0.024972,0.162305,0.166697,0.112092,0.151914,-0.049083,0.090770,0.312057,0.157490,0.251605,0.204981,0.232086,0.179778,0.107622,-0.064256,0.219276,0.064025,0.036509,0.164186,0.066048,0.047717,0.052800,0.049992,0.151167,0.139954,0.109372,0.267075,0.158782,0.048108,0.125351,0.050869,0.097817,0.172493,-0.086781,0.231180,0.174604,0.110007,0.346323,-0.013799,0.204779,0.104057,0.149244,0.223925,0.149202,0.033274,0.283389,0.223430,0.238228,#
