0,1.000000,0.786588,0.790203,0.727563,0.743614,0.798320,0.790569,0.788797,0.792604,0.748414,0.799822,0.793692,0.727697,0.764004,0.731238,0.786775,0.812488,0.821087,0.770465,0.774830,0.797621,0.711289,0.788489,0.816601,0.712708,0.737380,0.739101,0.751337,0.726425,0.795832,0.766697,0.793924,0.764723,0.765557,0.782086,0.741445,0.722046,0.773371,0.811496,0.811544,0.795152,0.744742,0.805464,0.744824,0.774673,0.712334,0.795595,0.801963,0.790911,0.808465,0.767660,0.813131,0.779529,0.792825,0.801295,0.813177,0.771865,0.820055,0.771594,0.769331,0.792994,0.750854,0.812622,0.776005,0.794717,0.768789,0.830604,0.778533,0.781968,0.728866,0.775995,0.761500,0.823741,0.809285,0.755181,0.772867,0.811951,0.778969,0.805025,0.749689,0.808713,0.777588,0.799854,0.789121,0.801122,0.822476,0.824673,0.809561,0.750861,0.778336,0.727024,0.766529,0.772074,0.759364,0.781194,0.758792,0.776825,0.756643,0.790534,0.816332,0.788708,0.759856,0.813764,0.801547,0.754228,0.780872,0.744312,0.796980,0.779874,0.713006,0.771072,0.800376,0.791148,0.780122,0.790102,0.819031,0.762243,0.766519,0.754019,0.750803,0.698081,0.826291,0.817109,0.837269,0.813902,0.780261,0.738811,0.731164,0.727129,0.753981,0.782483,0.778014,0.784389,0.733507,0.789521,0.787151,0.768438,0.796261,0.762434,0.810698,0.766019,0.744963,0.730052,0.784263,0.781179,0.644500,0.780108,0.719969,0.791125,0.771892,0.789078,0.826212,0.796458,0.732111,0.772965,0.756035,0.791976,0.808523,0.831440,0.764278,0.804756,0.788270,0.781600,0.774648,0.771595,0.779374,0.793045,0.752147,0.787114,0.761868,0.787407,0.782599,0.785188,0.810783,0.823427,0.760871,0.793356,0.816511,0.771762,0.733211,0.742391,0.772345,0.748718,0.756464,0.769681,0.743784,0.739785,0.768994,0.765479,0.758607,0.744677,0.776976,0.773419,0.783415,0.774837,0.794524,0.764415,0.805784,0.796149,0.764046,#
1,0.786588,1.000000,0.736626,0.769657,0.754196,0.771236,0.697690,0.759097,0.823296,0.755213,0.757887,0.747615,0.719272,0.707540,0.745691,0.766474,0.751641,0.761910,0.755147,0.779883,0.757807,0.779676,0.786853,0.763804,0.751561,0.685694,0.760155,0.772901,0.709607,0.714585,0.797197,0.800402,0.727993,0.777593,0.726031,0.753744,0.700126,0.774605,0.802122,0.772791,0.740106,0.695330,0.750542,0.739270,0.727850,0.727199,0.781220,0.772775,0.776550,0.765498,0.727507,0.796327,0.768982,0.738020,0.795460,0.749577,0.738395,0.776637,0.736768,0.694130,0.761036,0.731479,0.729261,0.719725,0.768706,0.778489,0.777591,0.762209,0.762529,0.781877,0.731847,0.764366,0.825831,0.729939,0.740562,0.735574,0.746840,0.732513,0.784655,0.699691,0.772385,0.741564,0.775110,0.791916,0.795617,0.764144,0.774927,0.795347,0.775528,0.738854,0.695831,0.724884,0.766690,0.782605,0.780480,0.747752,0.751411,0.746722,0.751977,0.741826,0.781563,0.724312,0.720791,0.748764,0.719462,0.768859,0.722448,0.783902,0.766223,0.721363,0.754057,0.746887,0.724117,0.794247,0.719210,0.758027,0.729906,0.737983,0.716617,0.669904,0.752344,0.764384,0.741320,0.772009,0.758936,0.733249,0.721844,0.739217,0.743838,0.765211,0.729770,0.801712,0.716776,0.723578,0.784069,0.769236,0.754663,0.778774,0.737791,0.751382,0.800090,0.750778,0.783476,0.778078,0.742334,0.702619,0.725115,0.715224,0.769520,0.695407,0.771438,0.825556,0.784531,0.677131,0.793333,0.725979,0.780689,0.766951,0.732434,0.719923,0.758913,0.801354,0.746306,0.780600,0.743382,0.724177,0.769039,0.693434,0.720176,0.739637,0.746183,0.725506,0.763024,0.799673,0.754778,0.758413,0.775265,0.815760,0.710548,0.750737,0.727791,0.732896,0.734787,0.769470,0.745316,0.771644,0.744088,0.665870,0.794844,0.759767,0.762519,0.740052,0.737752,0.752096,0.786327,0.686756,0.719238,0.792177,0.731470,0.753035,#
2,0.790203,0.736626,1.000000,0.728640,0.737709,0.752045,0.743586,0.758696,0.786641,0.697810,0.733244,0.703093,0.697294,0.751360,0.723777,0.737781,0.740396,0.760453,0.737761,0.761293,0.738527,0.704454,0.733544,0.798751,0.695049,0.710514,0.780914,0.760706,0.766564,0.770842,0.760263,0.752935,0.744746,0.728309,0.728945,0.719630,0.723411,0.749938,0.797133,0.747545,0.701375,0.721175,0.775399,0.725680,0.708315,0.711580,0.804202,0.718768,0.728355,0.780095,0.736342,0.786071,0.783942,0.777682,0.810242,0.764405,0.760149,0.722208,0.732110,0.718935,0.822799,0.752144,0.751019,0.765374,0.760238,0.756186,0.733373,0.741092,0.743890,0.755138,0.739387,0.736975,0.776343,0.766535,0.776723,0.745141,0.744499,0.735329,0.741016,0.753653,0.784034,0.762429,0.791263,0.737707,0.811578,0.760605,0.736281,0.804944,0.713193,0.717032,0.731278,0.744369,0.798821,0.742512,0.772897,0.747689,0.745733,0.713963,0.815029,0.774780,0.747037,0.740071,0.731559,0.745431,0.656531,0.779474,0.763962,0.744592,0.725549,0.675436,0.771790,0.697743,0.769758,0.732621,0.727653,0.710317,0.725508,0.772530,0.743584,0.681384,0.707963,0.722621,0.711176,0.813546,0.759870,0.692283,0.719726,0.715718,0.720749,0.768696,0.762518,0.786748,0.786940,0.756549,0.778491,0.767010,0.778701,0.769562,0.772502,0.740979,0.718881,0.771620,0.671044,0.707484,0.717147,0.742023,0.720213,0.684306,0.736896,0.762619,0.752765,0.800287,0.759109,0.744958,0.729447,0.737066,0.755147,0.705235,0.747976,0.700040,0.704265,0.722408,0.727333,0.735094,0.689954,0.751835,0.763103,0.688375,0.728829,0.723684,0.748837,0.735665,0.776351,0.728764,0.788859,0.718581,0.712473,0.776616,0.718993,0.679389,0.699617,0.788103,0.677269,0.797114,0.711195,0.740214,0.742832,0.704306,0.751918,0.749124,0.741430,0.736097,0.828582,0.751771,0.723265,0.753832,0.705134,0.770906,0.722553,0.754003,#
3,0.727563,0.769657,0.728640,1.000000,0.783386,0.730696,0.731087,0.716191,0.803209,0.728190,0.752473,0.755058,0.722033,0.742186,0.700570,0.778483,0.773386,0.751676,0.807864,0.757903,0.755102,0.757946,0.744207,0.740856,0.766152,0.728857,0.769563,0.739709,0.710249,0.748812,0.758719,0.810065,0.738173,0.774501,0.734719,0.744464,0.724830,0.781698,0.728645,0.798759,0.725837,0.715345,0.766275,0.779912,0.739239,0.791755,0.788885,0.721467,0.765094,0.721001,0.759769,0.718155,0.780482,0.722191,0.726866,0.799579,0.719182,0.766062,0.772225,0.736055,0.762994,0.692369,0.725039,0.756816,0.813386,0.741617,0.715918,0.744642,0.677558,0.756955,0.721977,0.756779,0.787871,0.733600,0.719526,0.720767,0.740073,0.724456,0.742830,0.742156,0.779797,0.726880,0.758920,0.759146,0.795481,0.784198,0.765493,0.742308,0.721636,0.737074,0.736576,0.736948,0.783220,0.770763,0.759077,0.762279,0.702923,0.731535,0.762004,0.751372,0.702916,0.738786,0.708877,0.708831,0.760029,0.723558,0.716528,0.731653,0.718262,0.703137,0.750326,0.706286,0.699201,0.773149,0.741361,0.792245,0.702153,0.733804,0.748203,0.662877,0.717720,0.762381,0.750090,0.734715,0.737058,0.749397,0.733495,0.752156,0.752406,0.737934,0.731917,0.769972,0.704788,0.745907,0.782330,0.808755,0.795884,0.727630,0.728124,0.746462,0.699614,0.775905,0.773642,0.679608,0.700100,0.788115,0.703692,0.787920,0.774719,0.728170,0.748283,0.786685,0.703909,0.725685,0.781500,0.686893,0.758697,0.720637,0.742666,0.691305,0.738468,0.748559,0.718327,0.753564,0.726682,0.743469,0.778332,0.676219,0.751810,0.727419,0.739045,0.769122,0.774412,0.781456,0.748977,0.759850,0.765101,0.790805,0.741163,0.745302,0.685724,0.769137,0.696550,0.760934,0.728233,0.751082,0.738079,0.653733,0.763137,0.822242,0.739332,0.723880,0.734020,0.735321,0.747970,0.740498,0.705866,0.748398,0.710605,0.763422,#
4,0.743614,0.754196,0.737709,0.783386,1.000000,0.815956,0.756866,0.752509,0.763903,0.740396,0.688791,0.780451,0.725494,0.776936,0.723739,0.766538,0.800218,0.812426,0.775478,0.825627,0.788181,0.738256,0.729096,0.793484,0.740320,0.726135,0.768583,0.721698,0.738702,0.753483,0.824798,0.797511,0.815193,0.730636,0.728082,0.739491,0.739232,0.763723,0.751090,0.779532,0.769956,0.699034,0.745202,0.792177,0.744118,0.790606,0.779276,0.777476,0.794014,0.747228,0.751297,0.731727,0.828427,0.743143,0.794948,0.786147,0.744307,0.769387,0.799454,0.770141,0.738671,0.751737,0.763204,0.732664,0.801290,0.785513,0.752406,0.758865,0.732245,0.754469,0.753571,0.798015,0.773031,0.783533,0.746571,0.695413,0.738889,0.787916,0.788936,0.777706,0.751853,0.746406,0.789040,0.749676,0.784174,0.754131,0.733963,0.742992,0.758583,0.748348,0.733007,0.726878,0.752622,0.768030,0.751133,0.770214,0.754575,0.714256,0.746553,0.759947,0.787913,0.785258,0.762438,0.743670,0.734170,0.764989,0.752691,0.764319,0.767606,0.732503,0.740967,0.753693,0.749641,0.818290,0.735808,0.744937,0.758964,0.791097,0.735439,0.662808,0.701094,0.776389,0.819009,0.765301,0.739926,0.756797,0.716655,0.772150,0.802201,0.768255,0.794934,0.773795,0.752474,0.759639,0.823742,0.794044,0.775018,0.762484,0.735206,0.710083,0.694096,0.784700,0.778853,0.736678,0.735854,0.686592,0.767315,0.689176,0.762654,0.786121,0.775973,0.841947,0.731785,0.712594,0.802093,0.761559,0.812448,0.707584,0.768035,0.732740,0.734389,0.747935,0.790648,0.724736,0.730891,0.735265,0.729155,0.702131,0.770795,0.745678,0.763016,0.785572,0.791430,0.763819,0.806627,0.780579,0.798310,0.807694,0.742975,0.728034,0.742584,0.747774,0.744282,0.750646,0.808843,0.770599,0.731426,0.767742,0.752982,0.758735,0.721355,0.692171,0.738460,0.786884,0.729101,0.738163,0.753426,0.748081,0.780952,0.720181,#
5,0.798320,0.771236,0.752045,0.730696,0.815956,1.000000,0.733523,0.769323,0.799836,0.723775,0.755732,0.759039,0.692542,0.705518,0.733884,0.811367,0.773016,0.816095,0.716373,0.810413,0.776985,0.735967,0.770031,0.800061,0.746211,0.739525,0.824832,0.765750,0.729708,0.760794,0.825232,0.810479,0.794052,0.764778,0.744058,0.770681,0.724976,0.778493,0.786285,0.772863,0.807690,0.693197,0.718750,0.767907,0.771674,0.785270,0.817788,0.779381,0.788203,0.743302,0.747535,0.763637,0.770738,0.811364,0.735026,0.835474,0.774640,0.780892,0.837709,0.771695,0.769478,0.776947,0.788378,0.792317,0.788074,0.784145,0.754826,0.787422,0.740166,0.733745,0.781037,0.778414,0.807932,0.749085,0.735291,0.768802,0.802462,0.770076,0.759052,0.745493,0.824145,0.749614,0.772843,0.758398,0.774548,0.791287,0.788027,0.809754,0.784050,0.733676,0.699562,0.761590,0.802803,0.809065,0.765053,0.732488,0.773416,0.760074,0.810354,0.777971,0.809524,0.768807,0.811644,0.784135,0.769053,0.764535,0.761233,0.769334,0.720770,0.759679,0.736235,0.816089,0.739516,0.755775,0.685526,0.742098,0.794067,0.753099,0.694275,0.733557,0.725842,0.777845,0.771905,0.837370,0.726757,0.769186,0.771077,0.749940,0.751544,0.778288,0.821019,0.825840,0.804393,0.785252,0.787845,0.769039,0.802399,0.750189,0.774088,0.761285,0.758325,0.736117,0.787980,0.785412,0.795393,0.684598,0.711739,0.725718,0.798433,0.770122,0.802597,0.806391,0.726945,0.731707,0.768129,0.723644,0.822614,0.757407,0.791951,0.749607,0.767810,0.790985,0.773599,0.744029,0.765426,0.744488,0.713990,0.770668,0.766234,0.750404,0.808194,0.774958,0.763300,0.766667,0.826026,0.733773,0.751963,0.805720,0.760938,0.762247,0.799676,0.763448,0.736582,0.764134,0.807976,0.800805,0.759063,0.748274,0.734685,0.786358,0.716477,0.757950,0.742652,0.761078,0.687070,0.724722,0.726837,0.777701,0.781034,0.725283,#
6,0.790569,0.697690,0.743586,0.731087,0.756866,0.733523,1.000000,0.715075,0.748418,0.693092,0.730696,0.726818,0.720516,0.777299,0.664678,0.728123,0.783970,0.798797,0.747803,0.732128,0.805192,0.686980,0.687994,0.768684,0.722291,0.726210,0.758711,0.730540,0.692612,0.771858,0.762803,0.769624,0.745194,0.753830,0.748699,0.753249,0.718487,0.703520,0.748923,0.763386,0.734209,0.765963,0.754690,0.737571,0.785577,0.694161,0.776858,0.716874,0.806889,0.787517,0.760785,0.783526,0.790393,0.684093,0.776065,0.778039,0.776787,0.791603,0.802180,0.693488,0.762971,0.712600,0.719155,0.734640,0.809889,0.719236,0.797227,0.710840,0.746449,0.711986,0.730328,0.754551,0.770438,0.793824,0.705880,0.706280,0.750681,0.762551,0.760234,0.713668,0.767811,0.749426,0.771488,0.784602,0.730065,0.780280,0.747250,0.732420,0.765674,0.745872,0.712104,0.705566,0.691350,0.736911,0.731680,0.733997,0.764354,0.737810,0.751678,0.769837,0.760114,0.744946,0.762734,0.749401,0.742305,0.695618,0.776027,0.728764,0.742156,0.666419,0.695822,0.730923,0.700853,0.735876,0.732775,0.701503,0.740297,0.775157,0.721703,0.689337,0.732514,0.748206,0.739936,0.794884,0.797217,0.757360,0.713424,0.752778,0.664405,0.726772,0.757597,0.763760,0.728907,0.689265,0.762128,0.770893,0.778614,0.751648,0.796473,0.749332,0.751904,0.763708,0.718054,0.724506,0.719419,0.739609,0.735393,0.711688,0.741850,0.736272,0.752904,0.810449,0.694959,0.666227,0.721534,0.707390,0.761206,0.699250,0.784284,0.728978,0.769462,0.752601,0.714409,0.747481,0.756533,0.763759,0.785862,0.652802,0.750791,0.723696,0.793453,0.746189,0.734133,0.709752,0.751334,0.758404,0.763474,0.769515,0.742173,0.716667,0.744125,0.705606,0.777401,0.769891,0.720548,0.733714,0.702331,0.752933,0.697630,0.743088,0.702588,0.729364,0.720881,0.763488,0.765797,0.752425,0.734999,0.772157,0.740121,0.730920,#
7,0.788797,0.759097,0.758696,0.716191,0.752509,0.769323,0.715075,1.000000,0.839826,0.732703,0.756053,0.741913,0.733969,0.748091,0.756438,0.711809,0.777370,0.769331,0.778183,0.764299,0.778364,0.728809,0.817677,0.784545,0.746728,0.784119,0.771890,0.753546,0.749338,0.761882,0.723719,0.791867,0.728366,0.758680,0.723587,0.745347,0.759855,0.720858,0.790783,0.759384,0.749530,0.713996,0.756957,0.773877,0.742173,0.726907,0.785471,0.779619,0.741879,0.735126,0.770286,0.751783,0.796899,0.811336,0.770964,0.783380,0.741456,0.797545,0.730560,0.755705,0.730449,0.742152,0.770208,0.751623,0.784916,0.786026,0.780688,0.770744,0.779945,0.745193,0.772945,0.690600,0.818618,0.778250,0.793123,0.738223,0.792809,0.738134,0.769562,0.728874,0.793308,0.765907,0.778049,0.753914,0.781739,0.763812,0.806968,0.777833,0.752127,0.741374,0.744171,0.780433,0.759072,0.747411,0.793876,0.736679,0.785215,0.791018,0.777370,0.766131,0.770846,0.752030,0.757065,0.755766,0.750409,0.748037,0.756014,0.771222,0.738595,0.686907,0.824754,0.727484,0.766269,0.771404,0.718053,0.780412,0.747742,0.730165,0.695341,0.740152,0.757966,0.762209,0.730345,0.827450,0.823973,0.763927,0.726933,0.776838,0.706710,0.728106,0.773427,0.764865,0.787075,0.687123,0.803129,0.819463,0.775096,0.776340,0.737400,0.775059,0.752528,0.789267,0.769358,0.743180,0.765375,0.737042,0.770732,0.681008,0.795786,0.770545,0.742718,0.782156,0.786205,0.736589,0.755372,0.785972,0.774252,0.750740,0.774236,0.730125,0.789454,0.722304,0.815648,0.712989,0.759326,0.745323,0.799523,0.739591,0.745429,0.710172,0.820321,0.779208,0.754453,0.783773,0.779774,0.733831,0.753307,0.771602,0.746338,0.734461,0.751400,0.745492,0.732538,0.756905,0.754892,0.795838,0.749108,0.704995,0.765105,0.797379,0.775882,0.738905,0.723477,0.735944,0.751596,0.749337,0.718671,0.806249,0.768604,0.721299,#
8,0.792604,0.823296,0.786641,0.803209,0.763903,0.799836,0.748418,0.839826,1.000000,0.786763,0.762000,0.787826,0.762189,0.771007,0.747101,0.788966,0.793843,0.818481,0.775234,0.795256,0.781487,0.803437,0.799937,0.775522,0.724213,0.772967,0.796459,0.809344,0.751363,0.785187,0.763998,0.801823,0.765122,0.795849,0.726791,0.785794,0.770859,0.769262,0.805867,0.801558,0.747149,0.749337,0.815239,0.762775,0.765003,0.727212,0.768596,0.792764,0.786115,0.788502,0.780525,0.783863,0.784933,0.823298,0.789329,0.824277,0.752590,0.808634,0.767263,0.738476,0.794590,0.752311,0.774881,0.782930,0.782001,0.823842,0.774861,0.800279,0.786971,0.805619,0.758087,0.775427,0.856864,0.827297,0.768002,0.736930,0.792489,0.785760,0.769646,0.781619,0.792614,0.757234,0.794756,0.831887,0.811895,0.811369,0.770843,0.817526,0.750395,0.765711,0.769438,0.772427,0.799169,0.760065,0.824578,0.774636,0.755357,0.776600,0.828318,0.779260,0.797187,0.766547,0.790480,0.811750,0.752920,0.774256,0.807468,0.823499,0.737401,0.745321,0.806355,0.770302,0.806283,0.787541,0.755878,0.804603,0.752092,0.764636,0.767744,0.773025,0.763331,0.761944,0.794917,0.811840,0.790872,0.810042,0.753406,0.772612,0.787488,0.757712,0.760201,0.782167,0.786325,0.777487,0.856453,0.780321,0.779691,0.786447,0.744237,0.808800,0.783342,0.810296,0.788471,0.791939,0.799325,0.730131,0.781242,0.722760,0.794649,0.797365,0.760034,0.820840,0.758301,0.799621,0.776288,0.781129,0.802222,0.784362,0.790610,0.776383,0.801399,0.780852,0.825108,0.792625,0.781292,0.754299,0.781627,0.743354,0.775922,0.778608,0.824146,0.799460,0.796037,0.778441,0.829883,0.779396,0.762652,0.836794,0.760977,0.714916,0.758557,0.792881,0.703591,0.821332,0.790479,0.799402,0.790927,0.731120,0.806376,0.826228,0.779150,0.779191,0.796913,0.771274,0.733229,0.776537,0.756638,0.787781,0.757828,0.818038,#
9,0.748414,0.755213,0.697810,0.728190,0.740396,0.723775,0.693092,0.732703,0.786763,1.000000,0.696337,0.700357,0.722198,0.734340,0.744634,0.731120,0.764407,0.753144,0.755372,0.747876,0.799016,0.703143,0.756737,0.795520,0.696824,0.711404,0.739411,0.790909,0.675618,0.782910,0.711379,0.759452,0.747303,0.762304,0.761654,0.739086,0.723183,0.710854,0.763495,0.754504,0.746107,0.745805,0.739199,0.724380,0.768122,0.688656,0.735120,0.751031,0.700612,0.699786,0.696480,0.701596,0.702587,0.729244,0.752525,0.757429,0.727884,0.797411,0.729524,0.722206,0.753304,0.702946,0.772080,0.739508,0.739031,0.807638,0.754569,0.773220,0.763357,0.700356,0.728701,0.723794,0.754407,0.720087,0.739695,0.698109,0.716863,0.790415,0.749595,0.766114,0.730915,0.735679,0.713682,0.805512,0.782414,0.736216,0.713613,0.796123,0.720150,0.664129,0.700451,0.713942,0.762742,0.737736,0.754854,0.720025,0.715443,0.762704,0.782680,0.732662,0.761601,0.748321,0.744664,0.756653,0.734293,0.748193,0.733649,0.738297,0.771612,0.762679,0.770967,0.763670,0.771022,0.750564,0.698248,0.792441,0.654823,0.707311,0.674622,0.701262,0.722413,0.743771,0.768168,0.783022,0.750412,0.713881,0.738025,0.684733,0.772879,0.709622,0.717684,0.762786,0.746816,0.744025,0.774458,0.732694,0.740673,0.725650,0.719085,0.752928,0.705623,0.793989,0.764909,0.752177,0.711389,0.715528,0.747468,0.694782,0.750356,0.705451,0.698086,0.754151,0.698849,0.718143,0.753158,0.727982,0.732230,0.744279,0.752989,0.735726,0.751323,0.778804,0.740284,0.735452,0.755370,0.749161,0.684195,0.708408,0.755862,0.712373,0.779341,0.767830,0.750597,0.716626,0.764420,0.798002,0.724346,0.795431,0.727247,0.745961,0.754455,0.705077,0.754948,0.726951,0.727137,0.785732,0.678763,0.696525,0.803871,0.723414,0.750064,0.758774,0.703562,0.700344,0.710011,0.690608,0.721601,0.751710,0.724876,0.713147,#
10,0.799822,0.757887,0.733244,0.752473,0.688791,0.755732,0.730696,0.756053,0.762000,0.696337,1.000000,0.716592,0.693683,0.710093,0.662341,0.738539,0.773110,0.740801,0.751679,0.721197,0.758881,0.696720,0.771419,0.790621,0.671901,0.725010,0.748972,0.796351,0.719149,0.771642,0.733734,0.774028,0.722200,0.765599,0.763278,0.752701,0.705801,0.770946,0.764970,0.739892,0.741281,0.704136,0.725714,0.739324,0.755349,0.761169,0.796962,0.768221,0.780443,0.804079,0.701613,0.743181,0.767865,0.718400,0.761271,0.779132,0.751451,0.788029,0.718316,0.731512,0.789106,0.745147,0.806318,0.778293,0.778382,0.720233,0.750838,0.687011,0.757619,0.756332,0.745762,0.754129,0.818402,0.710420,0.723527,0.763708,0.764841,0.795377,0.764773,0.712544,0.818332,0.741589,0.730134,0.773989,0.753470,0.747556,0.783532,0.774650,0.725728,0.770524,0.673279,0.767729,0.801013,0.742205,0.779758,0.775436,0.721045,0.736551,0.789669,0.804147,0.748325,0.726012,0.734653,0.813437,0.792647,0.746969,0.724135,0.743099,0.743595,0.723848,0.737168,0.725016,0.731662,0.739661,0.697999,0.783962,0.706427,0.717319,0.737969,0.701615,0.713462,0.769171,0.675276,0.793887,0.705860,0.728700,0.768459,0.746561,0.712873,0.713453,0.720174,0.736379,0.735131,0.717593,0.788458,0.807885,0.758028,0.713230,0.744724,0.806137,0.808178,0.747334,0.708125,0.736873,0.676914,0.658886,0.728319,0.709366,0.776132,0.728264,0.755638,0.767402,0.772208,0.708761,0.757205,0.753244,0.781385,0.798023,0.748336,0.722093,0.814244,0.726646,0.720043,0.746160,0.726669,0.702993,0.772615,0.698937,0.777319,0.745545,0.768837,0.765334,0.711493,0.734955,0.757291,0.743247,0.765059,0.794705,0.714699,0.771711,0.722007,0.699508,0.747977,0.731579,0.706820,0.753693,0.713339,0.726952,0.723762,0.789585,0.742247,0.713915,0.732046,0.749485,0.750983,0.766885,0.718152,0.788000,0.748625,0.747375,#
11,0.793692,0.747615,0.703093,0.755058,0.780451,0.759039,0.726818,0.741913,0.787826,0.700357,0.716592,1.000000,0.765905,0.718786,0.713330,0.759120,0.767356,0.804201,0.797483,0.754571,0.749370,0.710979,0.763050,0.744806,0.719978,0.715861,0.714383,0.720491,0.737264,0.727465,0.748991,0.773304,0.772955,0.763544,0.704363,0.731446,0.772362,0.768714,0.740763,0.769143,0.741482,0.724292,0.735589,0.739067,0.740778,0.718818,0.823758,0.767041,0.747958,0.786940,0.744629,0.712498,0.781275,0.742667,0.778450,0.782651,0.718133,0.772635,0.738843,0.714763,0.725137,0.698599,0.798245,0.732967,0.774986,0.761678,0.765594,0.748157,0.758829,0.771039,0.777295,0.746058,0.769167,0.770053,0.753386,0.680340,0.808368,0.779305,0.749884,0.679884,0.774098,0.721972,0.762958,0.751242,0.786353,0.754727,0.724395,0.733061,0.723832,0.702300,0.720999,0.757030,0.752691,0.727262,0.750529,0.772412,0.753955,0.746698,0.764951,0.740814,0.723202,0.755636,0.766575,0.756144,0.789177,0.742283,0.730684,0.790792,0.757305,0.758509,0.805577,0.770615,0.765543,0.753146,0.667481,0.763853,0.730037,0.753123,0.717846,0.727925,0.671649,0.765122,0.761857,0.793786,0.768301,0.753186,0.746701,0.724536,0.748337,0.747227,0.777071,0.746966,0.749168,0.746228,0.782259,0.772103,0.797359,0.735300,0.729615,0.720170,0.759655,0.734546,0.755872,0.772987,0.772530,0.667742,0.753076,0.724979,0.753040,0.769183,0.723313,0.760530,0.749913,0.742144,0.769979,0.724793,0.804181,0.722069,0.774517,0.710196,0.729565,0.762270,0.780856,0.733942,0.794276,0.674920,0.762184,0.673857,0.759338,0.775868,0.760101,0.747981,0.780181,0.786340,0.743799,0.754591,0.751288,0.778151,0.708315,0.757807,0.738293,0.720155,0.757448,0.737616,0.770865,0.693127,0.721501,0.770761,0.758604,0.762414,0.767635,0.734564,0.761382,0.729964,0.725575,0.742968,0.739968,0.757595,0.752280,0.731865,#
12,0.727697,0.719272,0.697294,0.722033,0.725494,0.692542,0.720516,0.733969,0.762189,0.722198,0.693683,0.765905,1.000000,0.740458,0.734007,0.701997,0.751473,0.773954,0.755882,0.753712,0.756030,0.672675,0.777392,0.774517,0.704245,0.712953,0.707891,0.728394,0.750062,0.694120,0.722734,0.749233,0.754004,0.773596,0.717134,0.746194,0.747977,0.727127,0.759570,0.742194,0.653799,0.654616,0.711535,0.761954,0.725768,0.732009,0.766854,0.691216,0.716277,0.725238,0.797666,0.706987,0.723053,0.723782,0.774551,0.741484,0.707405,0.753878,0.721675,0.681801,0.693427,0.727394,0.739221,0.713368,0.783482,0.748819,0.720657,0.683244,0.764203,0.728084,0.738177,0.698102,0.756959,0.726243,0.770293,0.707850,0.762497,0.740999,0.744629,0.734580,0.747135,0.707637,0.766556,0.761456,0.711731,0.753425,0.695130,0.737686,0.742473,0.676966,0.720698,0.726972,0.745363,0.664747,0.708777,0.779785,0.789722,0.749766,0.733725,0.708505,0.679765,0.764065,0.742109,0.774016,0.697757,0.717645,0.714368,0.700569,0.755589,0.718125,0.751883,0.716495,0.719436,0.724117,0.779091,0.747477,0.674854,0.694110,0.724699,0.716436,0.691166,0.727112,0.722807,0.793217,0.770530,0.748616,0.717647,0.667639,0.699656,0.720236,0.703917,0.710947,0.688780,0.706809,0.720925,0.740674,0.723375,0.764534,0.715483,0.703268,0.763701,0.768371,0.723791,0.734015,0.706608,0.696598,0.731872,0.660840,0.763307,0.775307,0.719138,0.763928,0.710666,0.665868,0.727482,0.763871,0.791556,0.753002,0.770065,0.704253,0.743064,0.759334,0.761190,0.713124,0.795084,0.651754,0.715381,0.740686,0.670681,0.709373,0.752301,0.740091,0.740556,0.738080,0.726175,0.696809,0.776331,0.808546,0.693358,0.640710,0.697611,0.739622,0.747350,0.729652,0.657363,0.733672,0.659599,0.751434,0.725984,0.725220,0.700449,0.695444,0.697284,0.726286,0.688464,0.736739,0.711292,0.749514,0.751728,0.647406,#
13,0.764004,0.707540,0.751360,0.742186,0.776936,0.705518,0.777299,0.748091,0.771007,0.734340,0.710093,0.718786,0.740458,1.000000,0.690066,0.738128,0.734087,0.803593,0.774954,0.737214,0.774728,0.714500,0.797029,0.762806,0.714684,0.706858,0.706207,0.775102,0.755865,0.785970,0.695107,0.755820,0.780560,0.774789,0.668824,0.716116,0.728405,0.772036,0.788941,0.768022,0.810506,0.707286,0.759687,0.745500,0.790873,0.737929,0.742105,0.753230,0.786141,0.745204,0.736198,0.800427,0.759191,0.741271,0.793300,0.798545,0.744967,0.774405,0.764267,0.717157,0.782448,0.729206,0.733960,0.782725,0.800533,0.778199,0.757268,0.725875,0.768901,0.731484,0.698313,0.751462,0.729622,0.797255,0.762025,0.721191,0.745182,0.746948,0.789619,0.760699,0.758329,0.726099,0.787118,0.769579,0.758176,0.757540,0.703144,0.723471,0.782780,0.742565,0.711113,0.757473,0.759409,0.743450,0.770323,0.717269,0.739024,0.716131,0.742461,0.791134,0.769366,0.753136,0.742561,0.814684,0.748970,0.775994,0.735370,0.766824,0.743293,0.697217,0.765741,0.761308,0.748290,0.771676,0.743431,0.778633,0.692830,0.786157,0.748992,0.737289,0.733900,0.754777,0.705232,0.753646,0.743874,0.726095,0.742387,0.702819,0.716182,0.727072,0.748870,0.747500,0.718942,0.723486,0.798173,0.759312,0.742753,0.751984,0.787556,0.731286,0.732960,0.810507,0.787954,0.747029,0.689474,0.711975,0.777147,0.691082,0.765819,0.760502,0.737064,0.804294,0.720858,0.713182,0.730896,0.736302,0.776153,0.736582,0.802952,0.723405,0.778577,0.760932,0.747773,0.768560,0.751951,0.734929,0.756852,0.724519,0.782584,0.705275,0.761237,0.785483,0.792510,0.744185,0.814006,0.773278,0.766284,0.838797,0.742031,0.721546,0.721358,0.743396,0.764676,0.763717,0.760176,0.768665,0.699918,0.755681,0.708856,0.742010,0.735078,0.713113,0.758873,0.773099,0.767132,0.699474,0.739618,0.768213,0.751096,0.704825,#
14,0.731238,0.745691,0.723777,0.700570,0.723739,0.733884,0.664678,0.756438,0.747101,0.744634,0.662341,0.713330,0.734007,0.690066,1.000000,0.736660,0.737290,0.699440,0.693776,0.711343,0.751741,0.695826,0.708221,0.773400,0.698515,0.622068,0.711941,0.720069,0.715929,0.732825,0.745388,0.754567,0.723966,0.730756,0.712301,0.691506,0.691638,0.737172,0.770749,0.699079,0.671188,0.683462,0.732449,0.762697,0.713840,0.703251,0.727609,0.693361,0.657557,0.671712,0.690750,0.685296,0.694430,0.769863,0.731650,0.722989,0.705510,0.716337,0.727821,0.662823,0.733303,0.737510,0.724595,0.707375,0.719374,0.708590,0.697965,0.728940,0.721798,0.739836,0.706769,0.711758,0.751774,0.697123,0.749511,0.683714,0.752751,0.737740,0.722174,0.658744,0.746868,0.740655,0.754550,0.788236,0.739529,0.744525,0.712636,0.770526,0.739459,0.640365,0.648083,0.663509,0.736999,0.760877,0.754265,0.712038,0.791001,0.715412,0.757115,0.680949,0.736193,0.743752,0.748584,0.669031,0.708526,0.721842,0.683427,0.689709,0.706354,0.677402,0.753188,0.717697,0.750803,0.729038,0.690709,0.739043,0.690982,0.689454,0.679825,0.665265,0.705116,0.746057,0.721912,0.750527,0.760284,0.641653,0.698964,0.758891,0.683464,0.723132,0.698203,0.734199,0.697699,0.696652,0.734736,0.755125,0.707812,0.734898,0.712536,0.721642,0.713955,0.736867,0.670705,0.747442,0.690567,0.731466,0.756818,0.657596,0.746291,0.676924,0.726999,0.722057,0.672429,0.666936,0.751954,0.710635,0.716467,0.715544,0.706078,0.688472,0.699054,0.690907,0.730933,0.703791,0.686881,0.667080,0.692141,0.684546,0.657778,0.743345,0.723712,0.723553,0.735696,0.763780,0.745655,0.750495,0.727816,0.778267,0.664106,0.653369,0.718154,0.759592,0.725993,0.701297,0.704390,0.698774,0.710207,0.641638,0.710181,0.722004,0.644879,0.665594,0.741994,0.727881,0.691208,0.704027,0.712145,0.717645,0.697498,0.623162,#
15,0.786775,0.766474,0.737781,0.778483,0.766538,0.811367,0.728123,0.711809,0.788966,0.731120,0.738539,0.759120,0.701997,0.738128,0.736660,1.000000,0.775847,0.801183,0.754095,0.761857,0.765176,0.741975,0.735347,0.791549,0.734831,0.716061,0.736232,0.732738,0.718514,0.785085,0.786860,0.807040,0.752969,0.792802,0.722529,0.803308,0.778406,0.762083,0.805976,0.739463,0.717326,0.711864,0.762591,0.730936,0.799566,0.734264,0.795640,0.804229,0.780471,0.759487,0.734418,0.776945,0.748784,0.723621,0.762697,0.752814,0.764121,0.750932,0.743550,0.706717,0.791639,0.733644,0.757424,0.789504,0.753526,0.786207,0.730954,0.757388,0.724540,0.701928,0.764178,0.714540,0.735868,0.739196,0.742823,0.703324,0.774302,0.777335,0.773171,0.734516,0.788897,0.753693,0.758020,0.790172,0.807345,0.798385,0.721206,0.784531,0.729412,0.691777,0.692952,0.688162,0.769623,0.758671,0.718781,0.737409,0.736113,0.724466,0.744204,0.738532,0.781541,0.717946,0.797517,0.774314,0.720693,0.755840,0.771991,0.781858,0.716265,0.765430,0.701862,0.723465,0.757486,0.757636,0.695839,0.739292,0.738713,0.769681,0.742745,0.724200,0.702935,0.733004,0.753937,0.779508,0.728706,0.720499,0.786632,0.716003,0.781283,0.790476,0.723657,0.723319,0.721347,0.706250,0.774945,0.740466,0.743415,0.715184,0.763156,0.754058,0.712363,0.732546,0.744432,0.724779,0.728694,0.702298,0.733692,0.706806,0.769759,0.734119,0.789908,0.754143,0.774791,0.744835,0.764014,0.735380,0.801763,0.739500,0.764076,0.723721,0.749352,0.788487,0.792293,0.704176,0.771433,0.727229,0.770864,0.760328,0.776898,0.702753,0.721778,0.792551,0.737783,0.774300,0.749981,0.788861,0.763123,0.794504,0.746815,0.726081,0.735977,0.744979,0.727862,0.781211,0.740706,0.730500,0.676791,0.706571,0.711038,0.783357,0.707673,0.753346,0.748734,0.750533,0.743422,0.726241,0.762587,0.779787,0.772676,0.771624,#
16,0.812488,0.751641,0.740396,0.773386,0.800218,0.773016,0.783970,0.777370,0.793843,0.764407,0.773110,0.767356,0.751473,0.734087,0.737290,0.775847,1.000000,0.807579,0.769751,0.773938,0.849596,0.782669,0.719897,0.795467,0.732249,0.780467,0.786669,0.691114,0.731823,0.746470,0.789675,0.819801,0.802114,0.775660,0.731175,0.771835,0.796941,0.752377,0.799715,0.793325,0.743132,0.754025,0.765996,0.757114,0.748058,0.774070,0.765076,0.768247,0.780746,0.790480,0.730582,0.755845,0.778308,0.807039,0.803550,0.801977,0.687267,0.785921,0.786848,0.705106,0.773566,0.768420,0.771912,0.739492,0.781835,0.760722,0.781638,0.777291,0.816865,0.788227,0.768470,0.739186,0.800804,0.770764,0.787791,0.728964,0.778111,0.793873,0.783072,0.788328,0.822987,0.771832,0.793599,0.792375,0.794915,0.789811,0.802118,0.761044,0.758918,0.764276,0.704276,0.744574,0.799654,0.759639,0.800406,0.815730,0.781467,0.747399,0.801654,0.774346,0.762550,0.749818,0.769232,0.790938,0.749494,0.832104,0.797924,0.764346,0.801826,0.742043,0.811224,0.783349,0.780464,0.793001,0.786589,0.812512,0.789499,0.777692,0.718066,0.671646,0.726851,0.785877,0.756863,0.807644,0.810438,0.774389,0.773735,0.717214,0.748897,0.755095,0.798529,0.752635,0.788892,0.717194,0.827512,0.825906,0.779257,0.728714,0.761921,0.774043,0.758801,0.783996,0.784123,0.770084,0.737983,0.716153,0.773125,0.731832,0.776512,0.784526,0.750147,0.815463,0.732454,0.739866,0.835241,0.761454,0.787282,0.761975,0.775692,0.769225,0.747492,0.762879,0.816864,0.759268,0.774244,0.775420,0.779192,0.755379,0.793165,0.727053,0.781652,0.791374,0.787144,0.769708,0.778571,0.764461,0.737832,0.826258,0.759266,0.727673,0.731047,0.745214,0.779622,0.752970,0.762451,0.783947,0.761687,0.781009,0.760748,0.776795,0.786747,0.713590,0.800320,0.765875,0.746131,0.769065,0.756750,0.783843,0.786899,0.763985,#
17,0.821087,0.761910,0.760453,0.751676,0.812426,0.816095,0.798797,0.769331,0.818481,0.753144,0.740801,0.804201,0.773954,0.803593,0.699440,0.801183,0.807579,1.000000,0.749087,0.812627,0.809707,0.727447,0.790549,0.833525,0.818906,0.770108,0.792344,0.769069,0.737951,0.800129,0.797191,0.808476,0.739662,0.763776,0.744926,0.816291,0.759161,0.784360,0.819309,0.810709,0.787556,0.771836,0.801969,0.776150,0.775068,0.736330,0.789103,0.831673,0.818854,0.812115,0.789356,0.776120,0.796450,0.759144,0.803931,0.831571,0.773304,0.783396,0.798510,0.722054,0.777483,0.769512,0.761667,0.783166,0.790398,0.841237,0.818782,0.800693,0.777536,0.758264,0.775537,0.763276,0.780468,0.773609,0.762012,0.740455,0.809531,0.812467,0.798254,0.791032,0.816884,0.771882,0.813619,0.810226,0.785779,0.790700,0.793034,0.783312,0.773788,0.762230,0.755233,0.756891,0.794346,0.771385,0.757888,0.807976,0.793249,0.747824,0.751905,0.810680,0.807759,0.737538,0.793097,0.806913,0.737359,0.748583,0.799371,0.801363,0.741683,0.770030,0.781603,0.790161,0.744765,0.810947,0.770285,0.762175,0.733109,0.790932,0.735344,0.739423,0.755017,0.781685,0.773295,0.826778,0.793024,0.817740,0.788231,0.738909,0.751352,0.777943,0.833411,0.813926,0.795699,0.734345,0.773110,0.808009,0.782754,0.786274,0.813334,0.807759,0.793531,0.808063,0.839115,0.781034,0.784871,0.724026,0.792715,0.741660,0.811775,0.745317,0.801973,0.810347,0.759489,0.745246,0.801834,0.814399,0.858501,0.766379,0.809650,0.742166,0.792383,0.777094,0.835627,0.750989,0.812754,0.775311,0.731212,0.743082,0.794617,0.750617,0.834324,0.780274,0.781467,0.783274,0.832047,0.756833,0.783280,0.833848,0.768412,0.778018,0.770333,0.805387,0.791130,0.809158,0.818130,0.768306,0.755713,0.831747,0.744970,0.760442,0.764658,0.768164,0.791993,0.788146,0.776934,0.798117,0.755645,0.826392,0.776441,0.761157,#
18,0.770465,0.755147,0.737761,0.807864,0.775478,0.716373,0.747803,0.778183,0.775234,0.755372,0.751679,0.797483,0.755882,0.774954,0.693776,0.754095,0.769751,0.749087,1.000000,0.768746,0.767255,0.762343,0.763535,0.741170,0.734385,0.758181,0.745462,0.755020,0.723600,0.780400,0.713555,0.785077,0.766326,0.797301,0.761464,0.791168,0.744023,0.768401,0.770429,0.756770,0.767686,0.677265,0.734577,0.720971,0.800567,0.728821,0.805897,0.768378,0.752330,0.711163,0.723914,0.727905,0.793372,0.736250,0.782968,0.787735,0.732062,0.788740,0.750452,0.763466,0.786069,0.699917,0.753412,0.740290,0.801848,0.750006,0.747912,0.754510,0.722707,0.771533,0.785856,0.735179,0.788203,0.762649,0.783318,0.694466,0.800949,0.741676,0.793466,0.745532,0.748733,0.723032,0.771120,0.782581,0.804976,0.765836,0.756718,0.758428,0.757939,0.721268,0.739313,0.722014,0.789296,0.757618,0.789540,0.720345,0.756669,0.766749,0.771007,0.775377,0.780432,0.720029,0.760425,0.786448,0.762571,0.786104,0.726376,0.740079,0.756944,0.737034,0.784834,0.730630,0.800228,0.802433,0.688104,0.734887,0.735122,0.745288,0.725225,0.719164,0.708974,0.790571,0.747900,0.765245,0.761218,0.718810,0.757409,0.710342,0.801716,0.716937,0.755871,0.774841,0.752235,0.733112,0.782155,0.796957,0.801985,0.761834,0.745650,0.751750,0.738135,0.794292,0.757584,0.795416,0.715399,0.749946,0.753703,0.689079,0.780999,0.745409,0.728885,0.827960,0.757043,0.713196,0.762663,0.774827,0.764462,0.799403,0.781723,0.729600,0.771002,0.739053,0.794850,0.756490,0.776571,0.759615,0.807388,0.708183,0.720386,0.726413,0.753792,0.799290,0.793499,0.735007,0.731841,0.773136,0.752880,0.817816,0.718861,0.770095,0.750731,0.750366,0.733010,0.750423,0.741268,0.769861,0.744338,0.702338,0.735323,0.778150,0.759553,0.744811,0.714582,0.803133,0.783480,0.741484,0.710988,0.787154,0.772199,0.739076,#
19,0.774830,0.779883,0.761293,0.757903,0.825627,0.810413,0.732128,0.764299,0.795256,0.747876,0.721197,0.754571,0.753712,0.737214,0.711343,0.761857,0.773938,0.812627,0.768746,1.000000,0.764736,0.732292,0.747256,0.776520,0.715980,0.697248,0.785905,0.720878,0.750432,0.772580,0.785590,0.816323,0.745908,0.745397,0.678648,0.772843,0.724691,0.733725,0.790490,0.774427,0.765717,0.695465,0.744329,0.759089,0.746206,0.749449,0.828401,0.769391,0.790276,0.691275,0.687406,0.733126,0.764731,0.762945,0.767747,0.735841,0.765298,0.765590,0.772436,0.677606,0.770995,0.754184,0.779930,0.752038,0.785319,0.795862,0.722954,0.751344,0.751095,0.752594,0.748389,0.738167,0.786235,0.765722,0.757384,0.692471,0.751954,0.746424,0.770121,0.737188,0.764487,0.708196,0.802432,0.755026,0.753501,0.745120,0.755663,0.813157,0.774488,0.680861,0.734241,0.730295,0.783316,0.744093,0.759508,0.742229,0.762914,0.720599,0.742816,0.783801,0.775373,0.754406,0.762262,0.757401,0.718770,0.751839,0.750171,0.762565,0.742305,0.684181,0.736353,0.740924,0.760811,0.776441,0.749984,0.728705,0.765613,0.745686,0.706540,0.656740,0.704642,0.774789,0.758691,0.809965,0.789809,0.749611,0.778575,0.730685,0.788786,0.788923,0.770342,0.786306,0.760459,0.756414,0.794967,0.774951,0.767755,0.752810,0.739366,0.752601,0.726117,0.741030,0.749680,0.737895,0.741453,0.708680,0.718649,0.649424,0.783056,0.754085,0.761085,0.821773,0.731681,0.703030,0.770062,0.760745,0.799703,0.781450,0.775953,0.755717,0.752959,0.768603,0.748768,0.713022,0.765522,0.742385,0.718461,0.754173,0.751189,0.714682,0.769139,0.796817,0.785893,0.746287,0.799220,0.735927,0.766089,0.834891,0.724368,0.710921,0.690803,0.771358,0.747088,0.806994,0.788354,0.734565,0.712820,0.748214,0.771443,0.761233,0.746025,0.736032,0.741868,0.793893,0.724878,0.791611,0.702289,0.743685,0.753847,0.719134,#
20,0.797621,0.757807,0.738527,0.755102,0.788181,0.776985,0.805192,0.778364,0.781487,0.799016,0.758881,0.749370,0.756030,0.774728,0.751741,0.765176,0.849596,0.809707,0.767255,0.764736,1.000000,0.751767,0.736156,0.793963,0.741008,0.772503,0.797539,0.753220,0.723145,0.793758,0.762152,0.803626,0.764883,0.814250,0.764372,0.812657,0.768839,0.747241,0.806921,0.804484,0.752472,0.800397,0.745870,0.796619,0.793936,0.750414,0.801041,0.769075,0.763487,0.765025,0.752166,0.789427,0.777419,0.788751,0.784082,0.803329,0.755489,0.800576,0.789178,0.734388,0.798318,0.741400,0.817874,0.742179,0.811738,0.797252,0.802010,0.752318,0.800640,0.751893,0.766667,0.754689,0.766937,0.778838,0.787034,0.699011,0.765213,0.802087,0.780251,0.780479,0.784779,0.822894,0.788658,0.822264,0.755066,0.779604,0.800034,0.772013,0.758751,0.777329,0.757241,0.771185,0.785744,0.794399,0.826301,0.756685,0.742084,0.742799,0.786090,0.785001,0.784858,0.770389,0.800892,0.803482,0.790038,0.737382,0.792333,0.797581,0.763096,0.790185,0.794329,0.787735,0.743480,0.750839,0.780867,0.755564,0.748803,0.793540,0.709341,0.707107,0.790721,0.788681,0.753611,0.840839,0.781861,0.794576,0.764579,0.723879,0.767445,0.765849,0.796283,0.761446,0.797149,0.785580,0.816133,0.782111,0.755029,0.783893,0.801594,0.803985,0.755524,0.774665,0.758309,0.787604,0.760654,0.741096,0.774938,0.727470,0.787918,0.810720,0.791410,0.808751,0.776305,0.755177,0.811784,0.776549,0.788341,0.773301,0.785860,0.755923,0.762057,0.793617,0.784500,0.765075,0.820936,0.697048,0.740323,0.718685,0.778471,0.763720,0.805940,0.771040,0.819058,0.762601,0.779657,0.768184,0.756934,0.824682,0.780187,0.781277,0.746920,0.750433,0.769326,0.768868,0.737269,0.788190,0.749935,0.789680,0.742121,0.755646,0.713496,0.719703,0.773088,0.811304,0.744941,0.719725,0.763175,0.783791,0.782029,0.761853,#
21,0.711289,0.779676,0.704454,0.757946,0.738256,0.735967,0.686980,0.728809,0.803437,0.703143,0.696720,0.710979,0.672675,0.714500,0.695826,0.741975,0.782669,0.727447,0.762343,0.732292,0.751767,1.000000,0.734983,0.770811,0.708344,0.662216,0.769324,0.672908,0.699301,0.707162,0.727930,0.736553,0.751492,0.762987,0.721648,0.778138,0.744268,0.743520,0.759293,0.718733,0.696577,0.729328,0.718102,0.734751,0.764122,0.709984,0.730098,0.760533,0.740881,0.680932,0.690980,0.744285,0.727138,0.698879,0.746623,0.753906,0.730495,0.722563,0.790942,0.636826,0.755243,0.715141,0.703139,0.691106,0.793154,0.720303,0.721782,0.737624,0.727455,0.739937,0.715814,0.737683,0.755445,0.747234,0.778475,0.702174,0.711693,0.734892,0.734080,0.727794,0.715757,0.699078,0.755147,0.755736,0.798459,0.726984,0.711069,0.748619,0.761344,0.744482,0.635962,0.650918,0.759698,0.706326,0.762624,0.709853,0.727947,0.692060,0.721047,0.757286,0.724818,0.745702,0.715190,0.743241,0.652097,0.778275,0.700090,0.705153,0.710481,0.742720,0.758979,0.714974,0.745444,0.772110,0.646557,0.697040,0.727939,0.769193,0.664641,0.675577,0.719904,0.731350,0.723825,0.749559,0.748654,0.663621,0.720828,0.741279,0.727055,0.741861,0.753045,0.767389,0.724824,0.700945,0.777188,0.735651,0.668690,0.685601,0.715716,0.742560,0.733690,0.753141,0.721641,0.716302,0.694461,0.710711,0.727822,0.668647,0.713385,0.712444,0.717971,0.787299,0.705861,0.702394,0.742604,0.740126,0.766510,0.693552,0.699466,0.708559,0.752202,0.735835,0.774130,0.749692,0.776390,0.691959,0.756082,0.720200,0.661872,0.707425,0.749691,0.724335,0.737376,0.721644,0.724068,0.730056,0.658842,0.785932,0.712917,0.703200,0.683591,0.743671,0.687656,0.758140,0.713432,0.760467,0.739129,0.635179,0.687165,0.758680,0.709414,0.676450,0.713079,0.725729,0.733780,0.709476,0.731182,0.742579,0.668636,0.740752,#
