0,1.000000,0.170110,0.247717,0.223958,0.211821,0.250007,0.313587,0.210240,0.290567,0.123332,0.272294,0.300836,0.226616,0.188623,0.314304,0.338098,0.454428,0.399556,0.342142,0.393437,0.185288,0.228449,0.346448,0.434807,0.092942,0.150666,0.253704,0.130973,0.225565,0.272772,0.177089,0.395502,0.236666,0.258832,0.418678,0.255545,0.190861,0.107951,0.303263,0.221920,0.231449,0.241058,0.417028,0.084481,0.272426,0.165902,0.164432,0.297901,0.292993,0.341606,0.237333,0.367892,0.276914,0.343234,0.343375,0.251738,0.277687,0.309056,0.249335,0.215190,0.241432,0.397576,0.347446,0.259509,0.364361,0.152859,0.285852,0.237355,0.146652,0.314106,0.152577,0.255724,0.256710,0.358294,0.269114,0.100611,0.437783,0.300046,0.323530,0.170970,0.158440,0.205893,0.303008,0.222490,0.313536,0.310886,0.341067,0.370261,0.308394,0.290000,0.187604,0.137113,0.328762,0.108354,0.239776,0.359621,0.304914,0.175850,0.307687,0.328842,0.286622,0.224166,0.266840,0.347786,0.230680,0.314063,0.315216,0.274844,0.333643,0.078073,0.219924,0.269723,0.191015,0.348251,0.343837,0.334501,0.312857,0.147122,0.216940,0.337608,0.199176,0.283575,0.383432,0.275302,0.408164,0.331662,0.224396,0.188277,0.198758,0.342238,0.217882,0.116815,0.247659,0.184914,0.298273,0.397106,0.227598,0.256704,0.068902,0.277171,0.254217,0.175401,0.145580,0.267512,0.140964,0.026154,0.257387,0.135994,0.242498,0.183733,0.160999,0.321471,0.211402,0.190947,0.270861,0.280988,0.413330,0.338026,0.415821,0.273023,0.341769,0.322955,0.327418,0.204944,0.192133,0.313628,0.268084,0.327910,0.338998,0.289323,0.157473,0.183537,0.327542,0.265244,0.136475,0.331569,0.361948,0.294917,0.241137,0.122327,0.247610,0.334705,0.260123,0.200162,0.159205,0.109891,0.163190,0.361670,0.298629,0.099310,0.198609,0.292650,0.267264,0.320774,0.357021,0.381969,0.185191,0.286650,0.190987,0.297032,#
1,0.170110,1.000000,0.277644,0.211141,0.259862,0.289252,0.242583,0.335059,0.463351,0.308192,0.383231,0.309131,0.338060,0.164366,0.253706,0.287193,0.266674,0.289384,0.275338,0.367848,0.128137,0.336304,0.295871,0.150729,0.229018,0.150138,0.145226,0.363620,0.251666,0.217733,0.346676,0.280505,0.255047,0.347127,0.226844,0.290118,0.263716,0.209792,0.423509,0.221768,0.302343,0.164173,0.355607,0.128320,0.214544,0.233210,0.314745,0.158258,0.401268,0.263997,0.211118,0.350651,0.257303,0.238134,0.356249,0.211899,0.211706,0.116731,0.139675,0.144654,0.236714,0.271765,0.170204,0.229245,0.278964,0.416988,0.323694,0.341827,0.238170,0.368880,0.349120,0.390682,0.380516,0.225881,0.377271,0.265637,0.239069,0.250437,0.353677,0.174632,0.256923,0.186750,0.255772,0.266689,0.393639,0.261723,0.250403,0.428912,0.274632,0.162627,0.234907,0.279454,0.292441,0.257504,0.327785,0.295568,0.239916,0.286266,0.262333,0.241138,0.328539,0.167811,0.234896,0.175383,0.167622,0.372476,0.165593,0.283988,0.348530,0.171471,0.184446,0.228640,0.216973,0.349087,0.242881,0.341048,0.266501,0.172383,0.272101,0.187775,0.195482,0.259923,0.298401,0.251202,0.351684,0.218242,0.205423,0.210321,0.425443,0.348276,0.141381,0.349528,0.188102,0.228192,0.355499,0.304188,0.310717,0.297323,0.242851,0.265920,0.364990,0.262350,0.263106,0.401706,0.297996,0.157270,0.159173,0.217219,0.327693,0.148909,0.393290,0.313363,0.236264,0.160134,0.387820,0.347459,0.304541,0.280614,0.213734,0.203555,0.230904,0.317860,0.285596,0.390894,0.198905,0.143091,0.364235,0.171618,0.300668,0.249388,0.247018,0.294082,0.272249,0.213939,0.291267,0.375299,0.318608,0.361869,0.096537,0.121119,0.296882,0.215701,0.369889,0.318267,0.263176,0.297425,0.239416,0.071076,0.441367,0.359694,0.367789,0.425751,0.269338,0.236797,0.275510,0.134086,0.154137,0.419374,0.185053,0.392467,#
2,0.247717,0.277644,1.000000,0.289738,0.383359,0.325358,0.340238,0.321150,0.397117,0.276677,0.316682,0.304949,0.207935,0.343158,0.282754,0.337531,0.146459,0.321683,0.248397,0.359346,0.302447,0.298709,0.273340,0.316541,0.204370,0.288214,0.436931,0.313541,0.328838,0.284271,0.349817,0.308052,0.333101,0.269849,0.355910,0.234741,0.267744,0.239697,0.410019,0.179581,0.247797,0.224636,0.427713,0.180183,0.257986,0.269529,0.342516,0.152484,0.207879,0.272804,0.252909,0.404828,0.379247,0.313037,0.394894,0.296799,0.331759,0.128964,0.340598,0.298142,0.493466,0.309211,0.128076,0.304925,0.307705,0.306593,0.163348,0.356160,0.220965,0.350525,0.386978,0.359745,0.246435,0.375544,0.370614,0.177344,0.272148,0.237819,0.328378,0.294907,0.312775,0.244722,0.406160,0.081232,0.462498,0.323258,0.202779,0.461989,0.186248,0.185816,0.323331,0.274568,0.467705,0.342678,0.308110,0.325695,0.271933,0.263857,0.377574,0.235044,0.346728,0.275966,0.218440,0.303782,0.169097,0.361687,0.394169,0.368914,0.271018,0.145414,0.359479,0.230908,0.374241,0.328039,0.226256,0.290506,0.289100,0.318254,0.211805,0.285194,0.220238,0.144734,0.255259,0.360351,0.298903,0.192966,0.248565,0.242034,0.352807,0.406492,0.245857,0.302398,0.343333,0.372970,0.371515,0.256019,0.335306,0.343095,0.347584,0.259542,0.199929,0.384323,0.161448,0.249331,0.323733,0.216696,0.160054,0.212841,0.261705,0.294304,0.332824,0.329298,0.384924,0.361845,0.283330,0.286467,0.264204,0.059525,0.397769,0.217885,0.111262,0.269840,0.399600,0.323357,0.220898,0.326512,0.290529,0.157699,0.313204,0.284504,0.311270,0.312076,0.385357,0.210000,0.289131,0.331143,0.259054,0.384624,0.144776,0.115722,0.242642,0.483129,0.224138,0.394494,0.251015,0.262446,0.249184,0.157177,0.324490,0.295859,0.331354,0.295727,0.475813,0.383290,0.300381,0.239790,0.107381,0.261748,0.306027,0.452705,#
3,0.223958,0.211141,0.289738,1.000000,0.355713,0.262431,0.327228,0.327206,0.525915,0.354615,0.343097,0.344210,0.296821,0.297730,0.342456,0.282054,0.273569,0.367183,0.450031,0.354444,0.249090,0.364264,0.400152,0.318450,0.247085,0.306552,0.380844,0.384494,0.307129,0.448614,0.356548,0.339051,0.394011,0.419002,0.325193,0.362403,0.265454,0.332017,0.393077,0.355591,0.250661,0.351270,0.440029,0.378798,0.270180,0.335525,0.201913,0.251212,0.258044,0.237863,0.371869,0.277634,0.379990,0.239100,0.286674,0.392387,0.353511,0.274190,0.359002,0.309824,0.258050,0.292015,0.270843,0.313621,0.550667,0.215557,0.202468,0.200914,-0.007669,0.382617,0.235926,0.358942,0.392867,0.249598,0.267923,0.186404,0.280484,0.312042,0.233879,0.277132,0.348169,0.275191,0.427250,0.097162,0.341797,0.329111,0.331308,0.385086,0.289858,0.292810,0.457582,0.345262,0.345745,0.312038,0.371089,0.345811,0.208882,0.267587,0.352651,0.154724,0.264732,0.272230,0.270404,0.134970,0.457547,0.217448,0.375844,0.367761,0.287507,0.199045,0.290210,0.155101,0.256609,0.335960,0.229318,0.333788,0.174782,0.254430,0.268673,0.232430,0.264151,0.362569,0.346657,0.190403,0.271770,0.311195,0.316599,0.481766,0.274217,0.254783,0.334474,0.340474,0.269719,0.318190,0.285962,0.428600,0.269060,0.261253,0.152969,0.297194,0.136628,0.467217,0.376904,0.167394,0.276643,0.401043,0.322696,0.430574,0.277765,0.335556,0.311778,0.227211,0.254693,0.336389,0.289070,0.244420,0.320599,0.217551,0.518060,0.297003,0.257836,0.305513,0.212133,0.245453,0.244668,0.276007,0.418843,0.265416,0.386836,0.315828,0.271342,0.225079,0.322862,0.304371,0.256316,0.381874,0.398475,0.382090,0.169130,0.278255,0.171466,0.409032,0.308456,0.275311,0.256647,0.235611,0.283640,0.241555,0.284263,0.385729,0.458990,0.282228,0.345421,0.355272,0.353183,0.328289,0.315670,0.293437,0.170086,0.295787,#
4,0.211821,0.259862,0.383359,0.355713,1.000000,0.418543,0.369055,0.427816,0.433796,0.372089,0.197890,0.479616,0.388107,0.314823,0.332584,0.334747,0.384602,0.422058,0.338761,0.495605,0.469528,0.399732,0.396440,0.441258,0.294539,0.358971,0.390233,0.267832,0.459848,0.366192,0.435036,0.436676,0.433509,0.393353,0.349748,0.360938,0.465029,0.321327,0.480719,0.319549,0.356554,0.236670,0.405666,0.357534,0.272522,0.429276,0.388817,0.406459,0.371325,0.281002,0.362707,0.364191,0.424900,0.370397,0.473473,0.438682,0.297558,0.313555,0.349915,0.332573,0.254087,0.405896,0.333100,0.209474,0.451861,0.432903,0.210463,0.345482,0.240502,0.407516,0.326152,0.389322,0.424077,0.414740,0.395898,0.188446,0.328253,0.446373,0.355948,0.465089,0.267164,0.365287,0.427090,0.199604,0.394911,0.349533,0.283394,0.348999,0.327613,0.265170,0.423115,0.341260,0.437059,0.263094,0.402278,0.348687,0.378841,0.307056,0.281277,0.351975,0.384590,0.400058,0.388822,0.298264,0.258691,0.416387,0.384462,0.361756,0.456766,0.390244,0.330785,0.350109,0.283525,0.487389,0.325908,0.294986,0.396531,0.359656,0.293514,0.297433,0.173084,0.294747,0.463177,0.268078,0.370054,0.287194,0.280962,0.420658,0.456566,0.444051,0.404273,0.276024,0.365558,0.423399,0.447131,0.402369,0.302138,0.277000,0.303255,0.189096,0.261334,0.377419,0.430187,0.311514,0.385018,0.308618,0.412653,0.375829,0.293443,0.447722,0.339295,0.417954,0.360885,0.402830,0.495430,0.418402,0.478490,0.265975,0.356264,0.358646,0.332567,0.328244,0.444151,0.202271,0.142171,0.271314,0.256083,0.269725,0.416484,0.379821,0.234926,0.327980,0.524382,0.280161,0.372168,0.400282,0.539008,0.489955,0.256238,0.286414,0.281804,0.359071,0.399181,0.303634,0.332527,0.408378,0.230201,0.384818,0.415673,0.467228,0.238318,0.329529,0.317429,0.388186,0.286784,0.398541,0.331732,0.325986,0.425413,0.412428,#
5,0.250007,0.289252,0.325358,0.262431,0.418543,1.000000,0.206398,0.384226,0.405504,0.224501,0.328811,0.295720,0.240525,0.135088,0.332018,0.406370,0.332990,0.382950,0.129762,0.533833,0.252664,0.263582,0.324678,0.284271,0.241060,0.273256,0.432024,0.324712,0.360070,0.280120,0.478010,0.399083,0.391906,0.298021,0.221697,0.371161,0.323251,0.182595,0.371464,0.175206,0.400431,0.207902,0.323038,0.309352,0.302918,0.394112,0.413585,0.280564,0.394663,0.116291,0.334110,0.311545,0.293354,0.349394,0.152885,0.486608,0.339340,0.177871,0.470218,0.320800,0.235795,0.421198,0.335959,0.378396,0.459208,0.326615,0.135540,0.313220,0.207843,0.198019,0.311013,0.294420,0.369590,0.277763,0.286215,0.326186,0.371144,0.441985,0.350344,0.358029,0.404555,0.234173,0.393684,0.218489,0.228398,0.362027,0.365014,0.465024,0.307907,0.124526,0.199021,0.309639,0.517834,0.439470,0.306154,0.285955,0.289199,0.341695,0.393142,0.332872,0.286980,0.309732,0.354304,0.296837,0.249553,0.415081,0.323906,0.345008,0.240283,0.296343,0.220711,0.427713,0.239011,0.295222,0.270905,0.252114,0.367532,0.204685,0.164658,0.314125,0.154042,0.307935,0.328885,0.365312,0.219413,0.212522,0.379906,0.247964,0.275965,0.387860,0.426560,0.372779,0.396426,0.404622,0.364668,0.343916,0.367127,0.310498,0.244337,0.200774,0.233849,0.227325,0.316119,0.336206,0.430800,0.225134,0.218086,0.227285,0.365710,0.273073,0.347623,0.269356,0.280268,0.272653,0.318628,0.260486,0.483676,0.227020,0.342001,0.277488,0.319016,0.276125,0.367242,0.257606,0.327497,0.245185,0.130753,0.408378,0.384302,0.343153,0.381226,0.346241,0.323971,0.276818,0.323234,0.269131,0.322501,0.375567,0.258714,0.286556,0.393302,0.355153,0.475398,0.277725,0.334057,0.316680,0.327022,0.268783,0.223664,0.332278,0.282664,0.373026,0.218001,0.276678,0.162825,0.260494,0.210809,0.260447,0.280661,0.364446,#
6,0.313587,0.242583,0.340238,0.327228,0.369055,0.206398,1.000000,0.234723,0.389220,0.178158,0.217499,0.257744,0.380508,0.359311,0.212366,0.244482,0.276921,0.418489,0.298016,0.284068,0.403897,0.283593,0.181566,0.371045,0.238289,0.240249,0.233618,0.295753,0.318145,0.398084,0.287836,0.260865,0.250524,0.298067,0.406613,0.310206,0.187439,0.172135,0.268933,0.338547,0.235305,0.325375,0.420200,0.212924,0.421825,0.182043,0.274572,0.037876,0.434673,0.298888,0.280271,0.400282,0.316818,0.197425,0.408996,0.308439,0.305870,0.294398,0.374082,0.213074,0.277736,0.255070,0.208569,0.172072,0.512076,0.347373,0.377895,0.216002,0.201145,0.269688,0.232015,0.315341,0.234942,0.448789,0.308864,0.210962,0.321506,0.181334,0.302030,0.211730,0.277367,0.224933,0.342306,0.128686,0.216958,0.322720,0.230270,0.308050,0.299326,0.250133,0.246648,0.261693,0.261749,0.195707,0.264515,0.256159,0.378457,0.304740,0.275286,0.355273,0.242951,0.259304,0.371683,0.214324,0.135966,0.167964,0.321310,0.200564,0.250471,0.143780,0.232562,0.205022,0.115393,0.294453,0.325944,0.139081,0.432399,0.234443,0.295176,0.263013,0.333631,0.244238,0.348507,0.340678,0.394373,0.390260,0.232449,0.294361,0.153575,0.302093,0.231068,0.282929,0.358397,0.231859,0.288866,0.332542,0.314241,0.214856,0.344847,0.322254,0.313619,0.313612,0.232074,0.165749,0.235977,0.311646,0.179479,0.256090,0.236102,0.149677,0.412334,0.304050,0.299360,0.247829,0.260405,0.281643,0.337396,0.283799,0.392621,0.191762,0.231618,0.336928,0.320116,0.285294,0.227091,0.343258,0.344707,0.221861,0.323294,0.185824,0.296135,0.270030,0.223142,0.196352,0.286664,0.301949,0.353653,0.344871,0.251141,0.155592,0.277980,0.272316,0.407535,0.314934,0.227209,0.210851,0.152392,0.313107,0.190616,0.252723,0.181720,0.288641,0.276121,0.360842,0.289181,0.215579,0.220760,0.333648,0.345574,0.332468,#
7,0.210240,0.335059,0.321150,0.327206,0.427816,0.384226,0.234723,1.000000,0.536973,0.308295,0.317423,0.385696,0.323978,0.311886,0.471870,0.228251,0.414430,0.337161,0.360162,0.367941,0.285394,0.371476,0.481171,0.386481,0.363773,0.344247,0.352251,0.381060,0.361951,0.322677,0.177920,0.408495,0.346699,0.330698,0.258570,0.250862,0.378830,0.202882,0.443242,0.234481,0.316492,0.233836,0.383737,0.368036,0.327857,0.404598,0.376597,0.376292,0.239149,0.272331,0.379661,0.303015,0.314071,0.368847,0.311905,0.327583,0.216025,0.328285,0.297576,0.288583,0.214943,0.397873,0.282933,0.181835,0.396625,0.341879,0.232280,0.382387,0.313066,0.526497,0.307492,0.167648,0.500015,0.338525,0.444649,0.227628,0.329199,0.311774,0.424762,0.295861,0.342453,0.336386,0.367029,0.215691,0.390193,0.305236,0.376509,0.422852,0.297276,0.314327,0.245131,0.304677,0.392485,0.377289,0.446129,0.236286,0.340703,0.398480,0.359415,0.295181,0.400468,0.273799,0.297998,0.309581,0.272959,0.408098,0.298128,0.330145,0.292717,0.205816,0.408513,0.254199,0.355144,0.419412,0.413742,0.261205,0.347114,0.177707,0.228292,0.459865,0.286955,0.341375,0.344414,0.460332,0.414881,0.266725,0.413300,0.426737,0.328946,0.232907,0.335526,0.191672,0.391274,0.299442,0.474472,0.475289,0.353749,0.283944,0.278394,0.282876,0.324384,0.341693,0.380282,0.176524,0.310714,0.300861,0.322995,0.219606,0.362698,0.353450,0.316656,0.390774,0.343889,0.380812,0.309649,0.464819,0.303685,0.295048,0.382515,0.309209,0.358540,0.174764,0.496042,0.218319,0.220013,0.345220,0.343445,0.224714,0.278093,0.249702,0.397984,0.438529,0.389071,0.309478,0.325388,0.401721,0.349312,0.377466,0.208130,0.320027,0.444052,0.302750,0.331265,0.278406,0.291548,0.359919,0.239401,0.234400,0.332895,0.373450,0.367125,0.347796,0.289769,0.224663,0.279094,0.280450,0.268903,0.368305,0.308505,0.386341,#
8,0.290567,0.463351,0.397117,0.525915,0.433796,0.405504,0.389220,0.536973,1.000000,0.440410,0.308859,0.390499,0.385139,0.377818,0.465008,0.456226,0.321477,0.435644,0.372084,0.479012,0.283002,0.551908,0.464267,0.363171,0.157924,0.431044,0.385359,0.532594,0.391791,0.449971,0.371258,0.400113,0.392358,0.457010,0.333449,0.388244,0.395029,0.320480,0.434292,0.352476,0.347946,0.461360,0.500325,0.335478,0.340138,0.320350,0.302733,0.322092,0.438414,0.409876,0.433235,0.485057,0.291202,0.429004,0.384447,0.526218,0.336602,0.402801,0.331136,0.396333,0.409245,0.402438,0.455588,0.299192,0.473002,0.481190,0.321280,0.388652,0.341063,0.534813,0.357979,0.389333,0.485013,0.524534,0.417484,0.327259,0.381711,0.408170,0.402811,0.431169,0.370991,0.380423,0.409050,0.239614,0.428276,0.400366,0.290527,0.410174,0.238981,0.359674,0.386434,0.335257,0.469713,0.403389,0.496871,0.364275,0.390892,0.367815,0.420506,0.305751,0.394853,0.379861,0.422947,0.397635,0.397695,0.423871,0.427194,0.403868,0.375186,0.284470,0.373524,0.363397,0.353155,0.416312,0.497895,0.437544,0.392555,0.232323,0.329927,0.452132,0.312542,0.355103,0.472540,0.415097,0.422127,0.439130,0.386494,0.434024,0.391842,0.423529,0.327506,0.235987,0.467055,0.487115,0.563369,0.428353,0.343606,0.347767,0.232624,0.371524,0.284793,0.482711,0.498272,0.362450,0.349139,0.376758,0.432813,0.322204,0.432821,0.362433,0.397701,0.370889,0.341214,0.525824,0.485093,0.444500,0.422680,0.401648,0.443517,0.433335,0.351189,0.328352,0.463076,0.404909,0.331785,0.301801,0.383384,0.304725,0.464942,0.471281,0.379911,0.421549,0.434287,0.349132,0.478688,0.454270,0.369394,0.484035,0.314263,0.229780,0.419941,0.422565,0.284091,0.497994,0.394114,0.423012,0.357396,0.297218,0.411857,0.407410,0.441691,0.377717,0.465190,0.366643,0.385063,0.406669,0.315400,0.382551,0.396989,0.428460,#
9,0.123332,0.308192,0.276677,0.354615,0.372089,0.224501,0.178158,0.308295,0.440410,1.000000,0.312534,0.180497,0.302547,0.261421,0.384296,0.314542,0.260720,0.307206,0.384779,0.438591,0.418419,0.377298,0.393003,0.394831,0.198996,0.167569,0.284125,0.421227,0.216815,0.454879,0.293690,0.235031,0.271941,0.398394,0.363651,0.351319,0.237229,0.188253,0.417454,0.213747,0.406903,0.275872,0.317276,0.188436,0.318957,0.266553,0.283316,0.234723,0.200795,0.194711,0.202653,0.291315,0.231377,0.262457,0.224464,0.386258,0.231446,0.315763,0.305240,0.244342,0.251372,0.301016,0.334048,0.310832,0.375527,0.475747,0.299118,0.342953,0.276658,0.276727,0.381461,0.300486,0.247630,0.283474,0.289123,0.217378,0.134221,0.365229,0.280679,0.415272,0.239053,0.270675,0.271753,0.167600,0.396761,0.156474,0.231048,0.428845,0.231565,0.009400,0.286016,0.338644,0.425498,0.244961,0.358656,0.261086,0.295110,0.432954,0.335879,0.104070,0.262582,0.240976,0.406253,0.170764,0.399338,0.325231,0.310549,0.184409,0.367277,0.246839,0.375923,0.337222,0.463325,0.379467,0.201698,0.332150,0.183057,0.175069,0.188141,0.221552,0.252629,0.328410,0.364352,0.291814,0.296792,0.155446,0.285775,0.293327,0.399589,0.298677,0.245358,0.307734,0.358358,0.438070,0.337804,0.242769,0.238578,0.274493,0.155732,0.277458,0.114032,0.465974,0.388821,0.294605,0.301353,0.269493,0.292361,0.319903,0.212191,0.253024,0.222133,0.203322,0.286645,0.350318,0.312527,0.333979,0.322912,0.362617,0.316461,0.312632,0.281774,0.263166,0.349229,0.401190,0.328836,0.186600,0.220505,0.220817,0.429306,0.263908,0.404144,0.417561,0.274483,0.320399,0.363461,0.483313,0.213774,0.383828,0.306402,0.290541,0.259338,0.206870,0.313996,0.309431,0.244907,0.446700,0.144286,0.129254,0.496727,0.290644,0.332812,0.291591,0.299861,0.248113,0.264787,0.253352,0.175974,0.288722,0.187654,0.228248,#
10,0.272294,0.383231,0.316682,0.343097,0.197890,0.328811,0.217499,0.317423,0.308859,0.312534,1.000000,0.285865,0.147991,0.223962,0.250074,0.343845,0.237072,0.216631,0.283377,0.350655,0.280089,0.184868,0.276184,0.291135,0.172244,0.152623,0.252717,0.456482,0.175935,0.344165,0.259420,0.261031,0.240240,0.349234,0.333388,0.314143,0.220269,0.221463,0.348781,0.061603,0.351757,0.174263,0.242808,0.186997,0.301888,0.350934,0.353153,0.253849,0.367017,0.397713,0.102920,0.276750,0.385192,0.252625,0.235346,0.257040,0.243530,0.201995,0.242382,0.200814,0.238348,0.331159,0.344197,0.368721,0.364920,0.214504,0.192981,0.183231,0.130530,0.315426,0.186572,0.402349,0.334598,0.240907,0.207330,0.215258,0.214970,0.333948,0.286995,0.204125,0.413759,0.252984,0.336075,0.171358,0.282030,0.190012,0.294251,0.440232,0.253854,0.244922,0.233316,0.407065,0.379130,0.352779,0.306121,0.345903,0.136005,0.265019,0.439995,0.327348,0.277651,0.229162,0.290003,0.311464,0.455446,0.168935,0.183795,0.311505,0.262261,0.193210,0.246456,0.207533,0.248762,0.257124,0.253645,0.382612,0.214938,0.150158,0.305242,0.297399,0.288649,0.427216,0.152152,0.193900,0.075375,0.235989,0.399160,0.306303,0.354398,0.193681,0.098077,0.172018,0.238598,0.266336,0.342658,0.286720,0.192533,0.320415,0.153488,0.213164,0.369288,0.233916,0.168463,0.286460,0.192420,0.089044,0.112755,0.190031,0.321237,0.217290,0.323173,0.261867,0.353243,0.237495,0.240263,0.286675,0.422574,0.239740,0.343668,0.244263,0.367550,0.262217,0.357968,0.343729,0.242494,0.183806,0.399293,0.247954,0.373497,0.338309,0.353532,0.248347,0.201995,0.242890,0.257160,0.249016,0.335658,0.446063,0.117312,0.310392,0.214539,0.186179,0.381300,0.239708,0.233912,0.175116,0.102728,0.147770,0.257734,0.372104,0.338355,0.203109,0.299452,0.263961,0.315501,0.229904,0.073931,0.379605,0.278425,0.402021,#
11,0.300836,0.309131,0.304949,0.344210,0.479616,0.295720,0.257744,0.385696,0.390499,0.180497,0.285865,1.000000,0.335019,0.270452,0.327966,0.214502,0.265505,0.420903,0.365256,0.281990,0.322526,0.356855,0.295558,0.239870,0.228812,0.337467,0.166270,0.362933,0.384123,0.300478,0.320283,0.337055,0.366205,0.355828,0.307879,0.224429,0.452098,0.256930,0.284714,0.359069,0.283067,0.332539,0.401080,0.236803,0.250554,0.370328,0.487938,0.275292,0.290635,0.341705,0.302157,0.398161,0.320371,0.395296,0.363213,0.312692,0.136686,0.309695,0.294390,0.248182,0.238463,0.294298,0.405439,0.192191,0.404423,0.329500,0.295313,0.333262,0.306040,0.424849,0.345890,0.364040,0.328540,0.343310,0.324446,0.116174,0.353100,0.363006,0.344644,0.091392,0.321922,0.324649,0.382372,0.108924,0.390830,0.308753,0.161017,0.292721,0.274154,0.166747,0.268430,0.439441,0.359433,0.287424,0.397267,0.464265,0.274026,0.279573,0.320436,0.224852,0.202539,0.334021,0.312526,0.293282,0.316833,0.464708,0.262685,0.412796,0.423729,0.289433,0.429541,0.340362,0.400651,0.382502,0.159098,0.376800,0.297963,0.338572,0.180962,0.424921,0.208792,0.298232,0.359754,0.233765,0.344326,0.263578,0.287329,0.271340,0.387893,0.326899,0.309076,0.304760,0.403579,0.400055,0.361393,0.333527,0.318351,0.336144,0.252923,0.329294,0.331942,0.234473,0.277300,0.334160,0.399777,0.217789,0.415917,0.247027,0.230785,0.351941,0.330734,0.301621,0.280161,0.349315,0.451111,0.330804,0.385093,0.184993,0.421554,0.221575,0.215841,0.309555,0.357875,0.227659,0.313098,0.129776,0.308507,0.215260,0.379769,0.408066,0.274804,0.292808,0.326989,0.342073,0.228205,0.346723,0.277616,0.373938,0.189313,0.332673,0.334332,0.263470,0.390810,0.227001,0.386138,0.195328,0.174729,0.353970,0.384891,0.410312,0.353419,0.247578,0.420970,0.367032,0.350739,0.291245,0.276730,0.366206,0.276910,0.357532,#
12,0.226616,0.338060,0.207935,0.296821,0.388107,0.240525,0.380508,0.323978,0.385139,0.302547,0.147991,0.335019,1.000000,0.320041,0.419991,0.281094,0.449054,0.422012,0.398282,0.426280,0.324166,0.318221,0.336481,0.318539,0.188394,0.216411,0.263709,0.357435,0.437032,0.277291,0.302291,0.295419,0.392945,0.323562,0.317517,0.326637,0.280784,0.200749,0.322110,0.311668,0.132733,0.122891,0.345301,0.456390,0.267917,0.309166,0.396768,0.152991,0.314974,0.232810,0.421950,0.250542,0.303362,0.388005,0.385595,0.275402,0.190363,0.328958,0.276346,0.126085,0.168076,0.401200,0.122678,0.282450,0.419875,0.337074,0.221868,0.197890,0.227865,0.330506,0.287338,0.314247,0.399217,0.297654,0.433090,0.261512,0.308927,0.233783,0.327673,0.280895,0.298810,0.285474,0.328921,0.255015,0.187912,0.351117,0.233334,0.339731,0.374565,0.187584,0.205434,0.178867,0.317961,0.128925,0.240131,0.329155,0.479522,0.418439,0.228755,0.185463,0.177452,0.334548,0.406682,0.417659,0.269326,0.306734,0.292988,0.249633,0.300323,0.247722,0.366886,0.213761,0.253809,0.310762,0.427381,0.203112,0.387059,0.147308,0.303652,0.146565,0.306775,0.325925,0.373189,0.379714,0.366289,0.239957,0.220082,0.153627,0.236317,0.310073,0.233367,0.232719,0.210485,0.320396,0.328010,0.270232,0.300490,0.346783,0.395135,0.157861,0.311636,0.512933,0.331920,0.267722,0.335141,0.235784,0.329877,0.270069,0.284043,0.436618,0.254708,0.393650,0.289599,0.182181,0.304324,0.498899,0.366259,0.210284,0.355135,0.277065,0.312741,0.375594,0.401332,0.299384,0.401675,0.162852,0.352642,0.311927,0.229514,0.184703,0.346354,0.392761,0.315853,0.292440,0.295827,0.284588,0.406947,0.457357,0.261870,0.075751,0.297123,0.341260,0.329129,0.306309,0.157049,0.338003,0.238177,0.393471,0.306204,0.209562,0.273742,0.201563,0.289715,0.380313,0.224895,0.283468,0.237910,0.316251,0.298997,0.207488,#
13,0.188623,0.164366,0.343158,0.297730,0.314823,0.135088,0.359311,0.311886,0.377818,0.261421,0.223962,0.270452,0.320041,1.000000,0.325467,0.211389,0.266576,0.376841,0.396558,0.296891,0.447935,0.342950,0.393705,0.343651,0.174134,0.287863,0.218669,0.419409,0.418926,0.393778,0.142750,0.259524,0.431045,0.354415,0.272849,0.184704,0.296176,0.283137,0.312543,0.298893,0.385319,0.296388,0.399540,0.265866,0.437591,0.290116,0.315610,0.289025,0.396946,0.225814,0.263841,0.439839,0.230304,0.365247,0.344683,0.322451,0.229241,0.265619,0.270447,0.210993,0.291960,0.358568,0.267923,0.250193,0.373293,0.293081,0.300376,0.216419,0.352470,0.285901,0.224972,0.286051,0.080689,0.400029,0.410121,0.274822,0.261279,0.315561,0.336496,0.325847,0.272700,0.278902,0.478999,0.178124,0.276453,0.283613,0.175934,0.225027,0.404865,0.250167,0.295481,0.262003,0.444444,0.355805,0.401520,0.185457,0.300813,0.296041,0.324618,0.448753,0.253957,0.299719,0.265260,0.447071,0.275380,0.411111,0.244337,0.330350,0.312901,0.260111,0.371481,0.351846,0.400880,0.353398,0.347412,0.347980,0.178728,0.359787,0.303313,0.454325,0.283104,0.321520,0.223191,0.161282,0.301267,0.106490,0.242449,0.161377,0.297680,0.247449,0.149556,0.307523,0.274771,0.266594,0.442694,0.262434,0.269464,0.226749,0.353751,0.260307,0.061954,0.390601,0.432156,0.249581,0.176986,0.311038,0.362253,0.285601,0.281679,0.263966,0.254625,0.348326,0.232499,0.404487,0.242614,0.407653,0.277541,0.204966,0.341408,0.362943,0.370208,0.299283,0.302565,0.308239,0.250829,0.267673,0.278896,0.235136,0.371452,0.222284,0.288405,0.344410,0.331937,0.252357,0.379466,0.300590,0.310717,0.509172,0.329328,0.180558,0.209998,0.394789,0.338202,0.322142,0.312160,0.310734,0.261333,0.289712,0.132101,0.243464,0.330224,0.273300,0.335958,0.418641,0.355160,0.237216,0.333144,0.237943,0.332239,0.295501,#
14,0.314304,0.253706,0.282754,0.342456,0.332584,0.332018,0.212366,0.471870,0.465008,0.384296,0.250074,0.327966,0.419991,0.325467,1.000000,0.441742,0.363687,0.310574,0.392481,0.422384,0.351692,0.299397,0.345279,0.384034,0.251778,0.151644,0.313859,0.378214,0.400630,0.354762,0.320146,0.463046,0.365337,0.341631,0.358963,0.298688,0.313786,0.285758,0.414025,0.235591,0.225618,0.178305,0.419732,0.322685,0.326210,0.339998,0.279309,0.209895,0.158646,0.226784,0.317433,0.292155,0.211469,0.488510,0.306620,0.314544,0.328141,0.332816,0.385637,0.241049,0.277698,0.390552,0.337688,0.366389,0.307075,0.230539,0.212870,0.292709,0.238704,0.430495,0.324636,0.272006,0.352754,0.286270,0.435557,0.244104,0.440694,0.346174,0.269754,0.163872,0.378850,0.391644,0.438287,0.363739,0.304760,0.320484,0.286699,0.412239,0.333739,0.136262,0.168147,0.161600,0.443970,0.396923,0.312199,0.380478,0.569865,0.354651,0.380337,0.179107,0.325648,0.308240,0.426946,0.215376,0.403144,0.366821,0.243634,0.222709,0.212650,0.167313,0.365652,0.298604,0.370023,0.345991,0.347122,0.400801,0.304235,0.173896,0.242502,0.307232,0.361481,0.365906,0.356171,0.347689,0.432695,0.134570,0.281988,0.461250,0.284496,0.405677,0.218654,0.251884,0.291246,0.383376,0.399769,0.375662,0.244215,0.356689,0.277883,0.259474,0.184900,0.408800,0.288726,0.342451,0.242869,0.387252,0.368207,0.264861,0.317349,0.221929,0.314242,0.303496,0.189631,0.308551,0.396091,0.367221,0.442059,0.281619,0.315186,0.323887,0.324729,0.246730,0.395907,0.276018,0.244327,0.214829,0.264679,0.249913,0.347742,0.392539,0.298689,0.350214,0.414722,0.402153,0.285183,0.452808,0.361826,0.378691,0.249396,0.075514,0.391074,0.437321,0.337229,0.318087,0.270749,0.258972,0.295077,0.167751,0.223201,0.312108,0.172687,0.292805,0.429439,0.407839,0.320695,0.291565,0.279588,0.240139,0.307416,0.205283,#
15,0.338098,0.287193,0.337531,0.282054,0.334747,0.406370,0.244482,0.228251,0.456226,0.314542,0.343845,0.214502,0.281094,0.211389,0.441742,1.000000,0.317209,0.417614,0.316493,0.388724,0.258104,0.341365,0.334760,0.415012,0.222486,0.259105,0.308777,0.334951,0.326250,0.429149,0.284360,0.383641,0.292749,0.357395,0.322415,0.451908,0.346819,0.215833,0.466064,0.195898,0.237945,0.277081,0.379008,0.251580,0.384612,0.269310,0.295792,0.409925,0.329559,0.354651,0.181106,0.480246,0.289121,0.332337,0.379027,0.284816,0.336737,0.188034,0.279029,0.214282,0.375800,0.365351,0.305249,0.383057,0.323977,0.375429,0.238293,0.247727,0.168704,0.244356,0.305358,0.248554,0.204735,0.273066,0.363477,0.214312,0.343255,0.333047,0.309813,0.269658,0.426780,0.303995,0.205080,0.261476,0.427281,0.344158,0.171730,0.509041,0.250328,0.180223,0.277643,0.195606,0.366634,0.220684,0.262583,0.349820,0.344163,0.284747,0.282481,0.203607,0.440791,0.221407,0.425126,0.359520,0.286718,0.345088,0.403224,0.294846,0.245301,0.310575,0.211352,0.272848,0.270332,0.356255,0.181040,0.266751,0.283850,0.225864,0.278405,0.268655,0.271247,0.253629,0.304509,0.234870,0.211912,0.289592,0.392264,0.342515,0.306697,0.550504,0.083114,0.125214,0.264759,0.314028,0.336405,0.252759,0.169260,0.115320,0.260912,0.263079,0.247066,0.269308,0.306317,0.233791,0.213733,0.216888,0.238703,0.254364,0.277653,0.220851,0.329854,0.194917,0.369564,0.331177,0.323503,0.320993,0.465411,0.299592,0.281255,0.347951,0.244682,0.288009,0.459228,0.126629,0.303480,0.289239,0.353013,0.423503,0.469031,0.223210,0.176103,0.418896,0.146608,0.319468,0.228352,0.418990,0.386433,0.423380,0.192741,0.219519,0.307341,0.312991,0.297373,0.370103,0.255009,0.298846,0.134063,0.265419,0.174234,0.270256,0.248987,0.322317,0.366793,0.295455,0.227277,0.321221,0.283692,0.377358,0.324573,0.318186,#
16,0.454428,0.266674,0.146459,0.273569,0.384602,0.332990,0.276921,0.414430,0.321477,0.260720,0.237072,0.265505,0.449054,0.266576,0.363687,0.317209,1.000000,0.409832,0.269527,0.431364,0.432298,0.340271,0.249135,0.339680,0.212929,0.342062,0.372988,0.174423,0.273776,0.351062,0.249201,0.408760,0.422890,0.440886,0.342350,0.314492,0.388450,0.207394,0.454026,0.279229,0.263215,0.267409,0.406036,0.258472,0.279122,0.316121,0.216184,0.222139,0.342535,0.346503,0.255495,0.269831,0.358519,0.543490,0.406691,0.301099,0.150929,0.358207,0.319629,0.155222,0.130440,0.455555,0.226259,0.271690,0.345062,0.297482,0.173519,0.303833,0.339995,0.462636,0.173507,0.250055,0.411670,0.343566,0.357675,0.214303,0.301044,0.358896,0.350704,0.378986,0.282917,0.306752,0.370865,0.325829,0.340731,0.323948,0.344926,0.373913,0.377119,0.255055,0.276486,0.220723,0.407077,0.202445,0.372447,0.391508,0.352815,0.345373,0.367518,0.296891,0.205626,0.221288,0.343778,0.324637,0.234249,0.456500,0.370017,0.221340,0.354317,0.206290,0.384253,0.344841,0.361681,0.327502,0.413662,0.375029,0.474029,0.276857,0.316801,0.289276,0.331950,0.433908,0.418860,0.351438,0.453530,0.347183,0.319306,0.289944,0.330852,0.355214,0.300812,0.228540,0.302067,0.180972,0.399208,0.368037,0.271747,0.225271,0.191261,0.283127,0.273169,0.293795,0.313667,0.308248,0.238247,0.188563,0.353224,0.189667,0.361697,0.476349,0.192691,0.392504,0.258333,0.244463,0.373834,0.458633,0.416670,0.288071,0.360376,0.413198,0.235886,0.328951,0.432043,0.270222,0.243163,0.282593,0.307027,0.427846,0.349477,0.149791,0.380414,0.401978,0.285818,0.252244,0.250407,0.295210,0.317646,0.386539,0.319232,0.135780,0.205430,0.315843,0.321434,0.182575,0.347345,0.388899,0.317724,0.353384,0.319075,0.276659,0.404685,0.277318,0.303291,0.311610,0.268542,0.312076,0.252169,0.208539,0.266118,0.303459,#
17,0.399556,0.289384,0.321683,0.367183,0.422058,0.382950,0.418489,0.337161,0.435644,0.307206,0.216631,0.420903,0.422012,0.376841,0.310574,0.417614,0.409832,1.000000,0.290529,0.380222,0.378101,0.395654,0.364942,0.483462,0.330266,0.363057,0.397335,0.342428,0.307654,0.417444,0.366855,0.370699,0.307789,0.329060,0.389062,0.447388,0.311117,0.325640,0.480636,0.314245,0.441000,0.382116,0.465630,0.333672,0.294317,0.348158,0.313317,0.451294,0.415217,0.356979,0.382620,0.405825,0.365453,0.362225,0.361987,0.420027,0.269749,0.250225,0.358247,0.138296,0.284684,0.395920,0.202787,0.318320,0.387774,0.521642,0.359609,0.396199,0.291959,0.355958,0.285222,0.399963,0.225355,0.306870,0.305826,0.254274,0.372111,0.364667,0.362467,0.340695,0.336808,0.338530,0.348703,0.244019,0.298061,0.302511,0.409147,0.327434,0.361174,0.288601,0.325908,0.238380,0.475628,0.319928,0.335609,0.477802,0.399031,0.238113,0.210697,0.292278,0.395442,0.167720,0.314968,0.362111,0.264280,0.329034,0.434314,0.338876,0.352216,0.236833,0.361308,0.316818,0.200610,0.447349,0.377128,0.243707,0.249566,0.329996,0.245831,0.300810,0.274749,0.337561,0.398102,0.322892,0.431516,0.431621,0.361771,0.271851,0.286677,0.387851,0.426461,0.370112,0.419351,0.277152,0.260530,0.400524,0.350112,0.330980,0.388951,0.373826,0.307525,0.428579,0.505904,0.349563,0.362322,0.318656,0.356556,0.387959,0.344096,0.249391,0.400569,0.237160,0.244704,0.337177,0.416436,0.514672,0.524180,0.320267,0.402384,0.275244,0.256041,0.319845,0.489653,0.376787,0.311453,0.316880,0.223987,0.308115,0.498213,0.236897,0.424117,0.259248,0.342106,0.257492,0.365047,0.325291,0.441233,0.392610,0.277713,0.389760,0.340854,0.504128,0.368901,0.377648,0.372136,0.340210,0.314433,0.437211,0.283500,0.243363,0.301301,0.351214,0.402387,0.404170,0.402604,0.456776,0.233338,0.481749,0.253013,0.342819,#
18,0.342142,0.275338,0.248397,0.450031,0.338761,0.129762,0.298016,0.360162,0.372084,0.384779,0.283377,0.365256,0.398282,0.396558,0.392481,0.316493,0.269527,0.290529,1.000000,0.472493,0.314460,0.337666,0.411540,0.314789,0.276863,0.308844,0.216691,0.424422,0.356365,0.342130,0.177416,0.324204,0.334761,0.388437,0.426828,0.355012,0.298859,0.236314,0.331367,0.322290,0.356319,0.094331,0.381540,0.264412,0.416117,0.228677,0.320355,0.245349,0.197995,0.287294,0.204407,0.315391,0.391582,0.326592,0.375023,0.303975,0.223411,0.388646,0.261506,0.325945,0.284730,0.282237,0.379262,0.220945,0.489657,0.291694,0.274478,0.225753,-0.007104,0.348686,0.338780,0.198384,0.301825,0.276952,0.416241,0.179507,0.449127,0.330327,0.411579,0.326044,0.252821,0.238043,0.412121,0.246441,0.290664,0.277117,0.281163,0.378865,0.285525,0.184481,0.328885,0.265529,0.358097,0.210850,0.452727,0.313055,0.377482,0.352139,0.326736,0.345594,0.380775,0.308362,0.375916,0.384636,0.462879,0.377703,0.267603,0.208735,0.293925,0.150306,0.430634,0.170026,0.410689,0.397744,0.213621,0.234036,0.245405,0.072878,0.268275,0.291859,0.382336,0.429206,0.328681,0.121235,0.265022,0.184308,0.230447,0.327040,0.413948,0.283561,0.120048,0.320539,0.253007,0.345899,0.330541,0.429259,0.297550,0.355749,0.185671,0.238972,0.140342,0.431398,0.345767,0.412476,0.238243,0.406605,0.356853,0.189666,0.265874,0.312190,0.229212,0.399734,0.320168,0.292191,0.288156,0.411792,0.378444,0.317890,0.357533,0.335001,0.343290,0.269030,0.387554,0.328383,0.316165,0.365861,0.415996,0.266502,0.333196,0.321064,0.271898,0.406559,0.369161,0.298006,0.196893,0.380617,0.363854,0.441975,0.176997,0.278404,0.266800,0.322142,0.290331,0.277290,0.314062,0.226419,0.353248,0.202961,0.249386,0.264474,0.407821,0.256721,0.299932,0.466220,0.368947,0.324892,0.201892,0.294977,0.341303,0.292516,#
19,0.393437,0.367848,0.359346,0.354444,0.495605,0.533833,0.284068,0.367941,0.479012,0.438591,0.350655,0.281990,0.426280,0.296891,0.422384,0.388724,0.431364,0.380222,0.472493,1.000000,0.399770,0.355786,0.392672,0.395804,0.291223,0.263010,0.430462,0.373811,0.373305,0.451921,0.426637,0.379456,0.307835,0.379387,0.293668,0.387928,0.414143,0.198901,0.485448,0.312936,0.408015,0.217151,0.390144,0.299151,0.334899,0.346721,0.431872,0.285517,0.432132,0.264418,0.246814,0.381799,0.306380,0.454759,0.348244,0.370265,0.361921,0.307398,0.404409,0.220861,0.342652,0.545574,0.433660,0.365343,0.476466,0.323238,0.250986,0.322624,0.195052,0.359319,0.380160,0.268909,0.378211,0.383641,0.381471,0.267331,0.384349,0.393303,0.493817,0.370427,0.296040,0.254200,0.483626,0.287275,0.302243,0.396484,0.313016,0.505832,0.424183,0.118235,0.313070,0.302971,0.535406,0.307322,0.368377,0.411015,0.450704,0.379349,0.314939,0.340475,0.396102,0.287046,0.425854,0.365054,0.368231,0.483964,0.389169,0.376239,0.331192,0.164988,0.286799,0.327021,0.370686,0.393768,0.383793,0.285226,0.426240,0.324301,0.300608,0.221183,0.203952,0.480639,0.432035,0.348565,0.435608,0.243033,0.451076,0.316003,0.447728,0.456530,0.316575,0.313763,0.309084,0.397803,0.476502,0.328214,0.347905,0.361318,0.229837,0.264992,0.220135,0.382228,0.356668,0.338559,0.346402,0.315378,0.348544,0.202499,0.437941,0.391519,0.370652,0.507761,0.313460,0.297913,0.394173,0.475384,0.494785,0.344959,0.414287,0.455207,0.479598,0.333269,0.425919,0.275003,0.420708,0.307425,0.239636,0.392596,0.437926,0.367647,0.366448,0.429076,0.473979,0.350996,0.333958,0.383371,0.391073,0.539297,0.344127,0.239266,0.226626,0.471816,0.425937,0.477765,0.430828,0.293956,0.304578,0.319826,0.374119,0.348705,0.435413,0.408485,0.328029,0.479003,0.298311,0.469745,0.189743,0.310155,0.440081,0.373678,#
20,0.185288,0.128137,0.302447,0.249090,0.469528,0.252664,0.403897,0.285394,0.283002,0.418419,0.280089,0.322526,0.324166,0.447935,0.351692,0.258104,0.432298,0.378101,0.314460,0.399770,1.000000,0.375756,0.239458,0.309888,0.233619,0.376494,0.353868,0.284566,0.374551,0.431446,0.196721,0.247522,0.326161,0.398906,0.395791,0.477842,0.416635,0.176708,0.447246,0.341273,0.318782,0.385937,0.276474,0.229678,0.441418,0.348961,0.404804,0.153190,0.243544,0.271146,0.212290,0.384699,0.243213,0.465724,0.386352,0.328080,0.294394,0.398955,0.359116,0.203718,0.328932,0.348351,0.411111,0.204091,0.406434,0.346902,0.264769,0.202152,0.273246,0.393114,0.421206,0.317976,0.142145,0.328933,0.393179,0.103014,0.282554,0.356997,0.292906,0.352898,0.282525,0.403302,0.452968,0.222425,0.271678,0.310988,0.336065,0.325389,0.375052,0.236747,0.322444,0.383758,0.433042,0.342200,0.486982,0.242797,0.303571,0.377606,0.326685,0.270307,0.336110,0.228747,0.500789,0.315902,0.319917,0.266536,0.307594,0.339958,0.219560,0.448121,0.373665,0.375532,0.338671,0.277398,0.380992,0.284129,0.387286,0.383630,0.217455,0.390410,0.393611,0.359822,0.337302,0.412328,0.323922,0.327094,0.332438,0.238575,0.508662,0.388135,0.375907,0.252547,0.348262,0.419100,0.395929,0.250240,0.234846,0.243988,0.334751,0.328732,0.211244,0.350746,0.309310,0.316508,0.346029,0.274915,0.270074,0.217881,0.244552,0.463235,0.352328,0.339317,0.291449,0.463432,0.333278,0.385368,0.415063,0.214914,0.390196,0.443652,0.268928,0.415562,0.361293,0.335038,0.366513,0.074151,0.243810,0.287754,0.464498,0.267775,0.363983,0.336221,0.440107,0.181019,0.265808,0.329214,0.221582,0.391924,0.410292,0.188007,0.252085,0.317983,0.330842,0.274624,0.275046,0.280419,0.227983,0.388288,0.242538,0.352882,0.165403,0.231437,0.285207,0.508813,0.253740,0.214360,0.290707,0.261304,0.385950,0.331971,#
21,0.228449,0.336304,0.298709,0.364264,0.399732,0.263582,0.283593,0.371476,0.551908,0.377298,0.184868,0.356855,0.318221,0.342950,0.299397,0.341365,0.340271,0.395654,0.337666,0.355786,0.375756,1.000000,0.296487,0.355224,0.138478,0.275498,0.330847,0.272431,0.343503,0.356102,0.339310,0.346857,0.412869,0.372805,0.416890,0.397760,0.427285,0.350760,0.428650,0.255928,0.323929,0.405103,0.350117,0.247519,0.350033,0.300102,0.277943,0.277902,0.308360,0.184242,0.284347,0.454203,0.162737,0.287300,0.392563,0.363900,0.330500,0.313340,0.313828,0.138118,0.390373,0.276076,0.348059,0.189968,0.485578,0.367886,0.309904,0.344415,0.246305,0.327880,0.383097,0.382112,0.301105,0.416467,0.457034,0.211510,0.231642,0.343428,0.318171,0.389198,0.274537,0.285358,0.361361,0.086868,0.460873,0.298714,0.275336,0.378850,0.261160,0.307990,0.272485,0.179781,0.363827,0.259323,0.429935,0.304977,0.382773,0.265840,0.174654,0.336324,0.346646,0.333089,0.463451,0.283999,0.267198,0.428882,0.210884,0.154759,0.344864,0.353264,0.398865,0.319988,0.311364,0.432851,0.243526,0.331876,0.416682,0.247138,0.141330,0.325312,0.268937,0.410964,0.369694,0.346847,0.421012,0.257729,0.283269,0.383057,0.364618,0.371464,0.394503,0.343928,0.479766,0.322350,0.350392,0.338014,0.128036,0.216600,0.312634,0.396758,0.285118,0.371656,0.376560,0.363731,0.312762,0.369925,0.355031,0.317008,0.286539,0.373077,0.379220,0.276516,0.243579,0.477793,0.474873,0.457146,0.360952,0.213139,0.362951,0.367210,0.296008,0.361531,0.430088,0.392985,0.374882,0.199241,0.347119,0.362613,0.328504,0.385517,0.335558,0.286295,0.266414,0.151933,0.342374,0.432128,0.209055,0.464814,0.169032,0.173434,0.288246,0.378495,0.278441,0.356975,0.302365,0.381838,0.274842,0.217024,0.245164,0.403922,0.389933,0.260813,0.347275,0.408258,0.423379,0.288171,0.308581,0.369882,0.317064,0.288447,#
