0,1.000000,0.330722,0.337447,0.318285,0.232962,0.387106,0.286121,0.361131,0.358465,0.346130,0.315565,0.406088,0.442329,0.111141,0.532195,0.295295,0.326363,0.306652,0.261309,0.334190,0.263827,0.279861,0.400797,0.346901,0.319923,0.317245,0.435315,0.385761,0.235159,0.415537,0.337148,0.201440,0.238848,0.206276,0.459694,0.362013,0.406833,0.281344,0.385947,0.416391,0.306536,0.295534,0.432592,0.403853,0.275880,0.256350,0.446654,0.380052,0.283851,0.489896,0.360265,0.183921,0.422082,0.393025,0.231549,0.359975,0.261498,0.341094,0.293808,0.273105,0.445142,0.322590,0.323386,0.330406,0.295422,0.480074,0.301453,0.511400,0.320957,0.291691,0.391798,0.300027,0.390082,0.245244,0.417396,0.281458,0.311760,0.394923,0.266890,0.335344,0.491541,0.300895,0.286089,0.294414,0.401062,0.482934,0.248201,0.191750,0.180563,0.317573,0.304851,0.342682,0.286635,0.328871,0.384611,0.364596,0.285457,0.300885,0.374210,0.268136,0.310887,0.368320,0.231901,0.290777,0.380670,0.173870,0.173865,0.364439,0.382575,0.325771,0.466678,0.242945,0.379287,0.196408,0.294985,0.452604,0.195991,0.225505,0.400866,0.350493,0.209934,0.549377,0.413522,0.357064,0.286786,0.246605,0.313430,0.274671,0.288513,0.286119,0.218009,0.313245,0.224013,0.210114,0.340847,0.209940,0.345082,0.346708,0.274026,0.234313,0.185028,0.349496,0.223637,0.447413,0.461788,0.276380,0.303503,0.265664,0.354710,0.389515,0.266724,0.180896,0.327678,0.277207,0.232231,0.331802,0.232905,0.350702,0.414288,0.435394,0.405938,0.458497,0.209778,0.320564,0.300348,0.347311,0.410315,0.299729,0.358943,0.406326,0.310492,0.269191,0.411054,0.354155,0.468246,0.098605,0.301889,0.411004,0.333173,0.425671,0.231260,0.415934,0.302094,0.319747,0.288976,0.257058,0.396787,0.410419,0.325769,0.425737,0.366444,0.326007,0.323751,0.296744,0.201529,0.273175,0.263500,0.262199,0.418126,0.329118,#
1,0.330722,1.000000,0.297638,0.455443,0.257383,0.452334,0.273096,0.300119,0.298420,0.357586,0.335078,0.343432,0.371081,0.331098,0.402434,0.269580,0.294762,0.240219,0.311764,0.320668,0.471935,0.561858,0.469286,0.489722,0.316870,0.341769,0.464496,0.304656,0.275691,0.243980,0.361729,0.310460,0.309741,0.398625,0.427237,0.444491,0.264116,0.404097,0.362793,0.424342,0.301119,0.348278,0.343676,0.395118,0.227762,0.386582,0.430867,0.422568,0.401885,0.451595,0.293097,0.413828,0.442404,0.298890,0.345883,0.349018,0.207185,0.323774,0.470550,0.347571,0.190244,0.393585,0.171488,0.159078,0.292618,0.353179,0.422988,0.474954,0.423969,0.451388,0.321530,0.370216,0.531023,0.214355,0.334658,0.353213,0.401466,0.438696,0.381918,0.313660,0.375275,0.379697,0.543714,0.342094,0.381202,0.394020,0.221887,0.260993,0.384811,0.421413,0.358107,0.322327,0.326128,0.267161,0.274056,0.256547,0.371649,0.346784,0.269788,0.344352,0.344074,0.476100,0.280084,0.361695,0.350927,0.214998,0.238376,0.460100,0.295206,0.234788,0.427668,0.379062,0.352384,0.276875,0.328599,0.326073,0.456704,0.477816,0.362475,0.284500,0.464315,0.375840,0.358626,0.342184,0.212084,0.234477,0.407849,0.387299,0.351414,0.417555,0.217378,0.322329,0.228600,0.409648,0.347216,0.206150,0.293666,0.292880,0.404514,0.195634,0.303078,0.278786,0.247560,0.223423,0.297506,0.341498,0.386791,0.276895,0.340342,0.373936,0.397093,0.331036,0.363773,0.351427,0.295588,0.287472,0.319915,0.376677,0.263876,0.361486,0.229413,0.454884,0.416481,0.404740,0.352998,0.247346,0.274502,0.453459,0.158279,0.354609,0.369451,0.208995,0.342764,0.428866,0.353195,0.224100,0.322635,0.418279,0.343120,0.351771,0.297375,0.349970,0.308414,0.225654,0.218263,0.398483,0.363505,0.107446,0.309066,0.273845,0.376769,0.266320,0.309421,0.338788,0.430647,0.256272,0.391580,0.265560,0.388201,0.410834,#
2,0.337447,0.297638,1.000000,0.317816,0.148415,0.348042,0.296141,0.384797,0.264079,0.340486,0.392759,0.301121,0.267769,0.222919,0.415636,0.229533,0.304069,0.325961,0.278171,0.355759,0.265981,0.394726,0.194538,0.359017,0.263372,0.208025,0.349862,0.401243,0.375835,0.390719,0.304757,0.257964,0.358766,0.355121,0.357872,0.358654,0.467905,0.283613,0.469266,0.358671,0.449551,0.389080,0.281429,0.300532,0.207248,0.383323,0.516518,0.276002,0.338898,0.567349,0.176114,0.192114,0.267124,0.436751,0.424840,0.302868,0.364063,0.326690,0.277678,0.258720,0.294083,0.403603,0.340405,0.376714,0.306734,0.334609,0.543553,0.251477,0.450616,0.347617,0.391211,0.269706,0.381042,0.304399,0.401246,0.401782,0.405699,0.498977,0.337057,0.509078,0.343653,0.383091,0.463020,0.412929,0.348000,0.494243,0.370045,0.433557,0.401648,0.333826,0.410494,0.405948,0.336378,0.189627,0.478945,0.258928,0.305528,0.352898,0.384734,0.316209,0.307181,0.236451,0.216287,0.324841,0.308479,0.462622,0.330156,0.263673,0.465280,0.335445,0.398217,0.253848,0.478758,0.212835,0.389066,0.212970,0.201563,0.258314,0.397778,0.269224,0.374875,0.399680,0.315187,0.268024,0.311455,0.254133,0.357443,0.304673,0.333527,0.419341,0.305544,0.472156,0.369858,0.454040,0.303762,0.292245,0.213263,0.218020,0.308019,0.215982,0.391316,0.270737,0.224981,0.243778,0.362914,0.431614,0.366877,0.302172,0.342386,0.311131,0.388472,0.235366,0.313030,0.402688,0.097990,0.420727,0.308391,0.268147,0.187768,0.327706,0.237736,0.183763,0.298535,0.325951,0.212322,0.374088,0.473480,0.356836,0.187291,0.284097,0.274887,0.258694,0.272936,0.277321,0.362596,0.288246,0.312110,0.397780,0.327636,0.297832,0.267440,0.411852,0.346637,0.446752,0.156829,0.273144,0.346915,0.317828,0.353749,0.249010,0.294824,0.348356,0.368796,0.350546,0.327234,0.427580,0.410790,0.348642,0.306883,0.345309,#
3,0.318285,0.455443,0.317816,1.000000,0.296125,0.317246,0.208421,0.299457,0.285900,0.368883,0.262148,0.373039,0.424682,0.200793,0.343909,0.325036,0.309366,0.213366,0.266925,0.245857,0.353803,0.502058,0.268462,0.271131,0.412397,0.397769,0.390446,0.350804,0.336222,0.247537,0.291699,0.373709,0.318474,0.427049,0.369265,0.326611,0.280646,0.287576,0.208809,0.380680,0.356787,0.360048,0.282159,0.258253,0.298493,0.393643,0.404624,0.419515,0.449251,0.409364,0.255559,0.202830,0.365556,0.314531,0.389156,0.271470,0.098180,0.303591,0.476976,0.301063,0.321348,0.374022,0.179136,0.273758,0.352650,0.431823,0.267657,0.341347,0.319013,0.431554,0.278938,0.397703,0.448851,0.324915,0.364013,0.271127,0.327089,0.375677,0.357671,0.404405,0.380072,0.258694,0.378459,0.306123,0.381873,0.366718,0.237767,0.272197,0.289006,0.397068,0.212070,0.351348,0.370334,0.306463,0.355895,0.350088,0.291543,0.271069,0.171238,0.325910,0.352865,0.256149,0.160045,0.279047,0.329591,0.302323,0.330255,0.469682,0.284119,0.256721,0.319431,0.360893,0.349303,0.327206,0.368901,0.354053,0.337582,0.327682,0.354863,0.284777,0.206566,0.336065,0.268025,0.348117,0.261512,0.260923,0.407468,0.300574,0.337372,0.410242,0.213191,0.359872,0.240810,0.451483,0.422314,0.301071,0.411037,0.226212,0.314937,0.242840,0.300845,0.229559,0.182171,0.265595,0.189411,0.379292,0.318979,0.278700,0.289608,0.231761,0.220525,0.199949,0.298934,0.324136,0.240045,0.266684,0.417930,0.373316,0.244014,0.408204,0.370858,0.420866,0.331596,0.550154,0.306091,0.307512,0.300291,0.316359,0.271388,0.313222,0.360170,0.282841,0.283095,0.342085,0.224018,0.340657,0.235104,0.314414,0.365670,0.295459,0.219964,0.463968,0.305398,0.318755,0.185266,0.266991,0.259543,0.108826,0.447290,0.336809,0.270038,0.273171,0.352615,0.313062,0.352002,0.376559,0.326764,0.278547,0.338804,0.398184,#
4,0.232962,0.257383,0.148415,0.296125,1.000000,0.373214,0.333108,0.148151,0.165173,0.282553,0.293300,0.259080,0.164164,0.162494,0.318127,0.327080,0.142098,0.217897,0.101651,0.294432,0.285615,0.394222,0.239641,0.289745,0.233037,0.139117,0.196754,0.252041,0.282086,0.216464,0.355386,0.120538,0.251236,0.207152,0.233010,0.312907,0.146077,0.126490,0.177524,0.383516,0.185276,0.262239,0.302106,0.330215,0.331678,0.207111,0.418770,0.220942,0.197472,0.309944,0.201413,0.174531,0.254795,0.012328,0.252876,0.238612,0.119073,0.273862,0.439661,0.268596,0.213485,0.350560,0.265030,0.206951,0.273267,0.406332,0.274126,0.187003,0.229949,0.284065,0.375769,0.381048,0.223306,0.095133,0.218188,0.276635,0.268108,0.335380,0.296121,0.230402,0.153393,0.252732,0.348633,0.123363,0.365552,0.120989,0.216920,0.216629,0.295892,0.380585,0.197807,0.118690,0.183326,0.236292,0.255681,0.268751,0.309680,0.189115,0.132595,0.128578,0.301360,0.396903,0.207016,0.271904,0.284218,0.091196,0.303905,0.228283,0.259779,0.325156,0.178020,0.221785,0.431822,0.392086,0.224157,0.246310,0.164728,0.423978,0.190758,0.239907,0.258392,0.312015,0.342738,0.278639,0.194600,0.190296,0.222935,0.065658,0.478299,0.337359,0.413550,0.325907,0.150175,0.294603,0.344490,0.225085,0.222081,0.326405,0.265488,0.197791,0.130878,0.338138,0.159879,0.284125,0.174870,0.311415,0.258457,0.102834,0.247472,0.330024,0.217376,0.367120,0.242708,0.118782,0.315471,0.184360,0.304643,0.361482,0.348291,0.230811,0.101539,0.369333,0.253522,0.370086,0.272783,0.161459,0.293666,0.281009,0.136887,0.247477,0.196434,0.229111,0.223210,0.212824,0.309058,0.258408,0.143536,0.307653,0.244233,0.309936,0.373423,0.258482,0.323226,0.219192,0.341778,0.313977,0.189528,0.293620,0.194463,0.177794,0.293669,0.110962,0.281728,0.259503,0.292119,0.066631,0.227394,0.171678,0.285325,0.320790,#
5,0.387106,0.452334,0.348042,0.317246,0.373214,1.000000,0.270499,0.354180,0.293059,0.361902,0.259697,0.326866,0.367952,0.246866,0.405503,0.236538,0.214238,0.280304,0.331978,0.402777,0.274710,0.318392,0.272857,0.325947,0.396045,0.355280,0.363914,0.454486,0.231496,0.412153,0.352676,0.306807,0.309685,0.491318,0.345937,0.398198,0.354140,0.208082,0.304389,0.367740,0.296627,0.356342,0.265362,0.336567,0.343403,0.349654,0.376524,0.474475,0.294105,0.460718,0.338126,0.126592,0.356652,0.298995,0.385900,0.439899,0.242801,0.300348,0.447790,0.408594,0.164884,0.286432,0.309073,0.368148,0.265862,0.309798,0.307779,0.343104,0.355281,0.402747,0.479453,0.382170,0.452529,0.299142,0.397581,0.229287,0.322913,0.515222,0.342111,0.302419,0.339914,0.387598,0.449727,0.318263,0.358921,0.265498,0.182021,0.283589,0.382344,0.416175,0.407088,0.200211,0.271789,0.291612,0.288580,0.082820,0.412261,0.352023,0.391731,0.104705,0.432509,0.381356,0.420647,0.377607,0.319920,0.300925,0.370840,0.377615,0.257125,0.356034,0.310654,0.328862,0.393778,0.248745,0.244758,0.221724,0.407719,0.468653,0.398467,0.308840,0.275892,0.412575,0.368746,0.463919,0.244493,0.253559,0.431635,0.197554,0.443064,0.231754,0.290385,0.451585,0.342661,0.472491,0.413781,0.184661,0.167443,0.369201,0.266835,0.174437,0.230069,0.209435,0.293697,0.329621,0.521981,0.249433,0.269876,0.296024,0.286802,0.470851,0.460555,0.311391,0.441444,0.304196,0.265253,0.287675,0.364736,0.366908,0.356022,0.369334,0.299329,0.477398,0.301075,0.408809,0.350862,0.228341,0.241279,0.397326,0.258495,0.217920,0.443921,0.313601,0.333392,0.265632,0.242646,0.346525,0.345254,0.467764,0.425537,0.433121,0.339036,0.324835,0.193237,0.249151,0.230644,0.400258,0.282388,0.281371,0.478616,0.352353,0.308004,0.388352,0.336250,0.435383,0.335827,0.314463,0.278061,0.362397,0.398353,0.399061,#
6,0.286121,0.273096,0.296141,0.208421,0.333108,0.270499,1.000000,0.226868,0.322959,0.420339,0.397885,0.377912,0.262052,0.256616,0.246268,0.526542,0.407521,0.389817,0.318429,0.255958,0.301653,0.308846,0.217544,0.221457,0.363854,0.374899,0.295261,0.314142,0.290673,0.280717,0.357354,0.352247,0.355462,0.343542,0.281667,0.359065,0.415714,0.318600,0.306890,0.339221,0.362281,0.344798,0.461048,0.356465,0.250359,0.242131,0.378493,0.399188,0.333640,0.458809,0.224231,0.222315,0.309358,0.053557,0.286781,0.264252,0.269238,0.360151,0.385904,0.232923,0.345792,0.405647,0.262692,0.246541,0.408374,0.369497,0.393218,0.425008,0.346766,0.227619,0.461691,0.502400,0.282126,0.211235,0.296385,0.364763,0.481611,0.505288,0.440579,0.321137,0.326848,0.334936,0.323551,0.474746,0.372328,0.222192,0.292760,0.338900,0.257504,0.311537,0.242925,0.264151,0.256124,0.266397,0.337904,0.288129,0.395774,0.358372,0.227117,0.226227,0.321937,0.388029,0.300234,0.325068,0.417868,0.181235,0.330750,0.322592,0.442695,0.211248,0.246354,0.242559,0.395011,0.353810,0.267418,0.351500,0.180645,0.308159,0.225441,0.338482,0.190682,0.323331,0.208095,0.274792,0.297110,0.201551,0.182842,0.243041,0.390480,0.279493,0.412603,0.342080,0.228374,0.258346,0.361334,0.273355,0.364477,0.239170,0.393409,0.332665,0.290815,0.298860,0.151685,0.296381,0.299246,0.380799,0.395239,0.376245,0.294869,0.327040,0.298855,0.322394,0.189974,0.256106,0.196632,0.267008,0.210171,0.119739,0.196551,0.421429,0.241338,0.347124,0.199720,0.300975,0.269431,0.330348,0.420598,0.222616,0.240499,0.315661,0.246997,0.417025,0.100371,0.229685,0.366034,0.404109,0.269256,0.370433,0.312981,0.320316,0.362523,0.367542,0.366625,0.305412,0.239263,0.251021,0.384471,0.152471,0.322301,0.307277,0.324487,0.352750,0.237597,0.293270,0.317885,0.368607,0.430642,0.232676,0.339371,0.362146,#
7,0.361131,0.300119,0.384797,0.299457,0.148151,0.354180,0.226868,1.000000,0.372910,0.208548,0.253307,0.215546,0.365781,0.224312,0.343481,0.255015,0.232364,0.318302,0.289399,0.305527,0.359615,0.275696,0.365190,0.213962,0.273989,0.379234,0.283299,0.244479,0.312803,0.399566,0.244632,0.258426,0.209721,0.348333,0.363126,0.389169,0.235393,0.293872,0.425776,0.307545,0.283255,0.435710,0.239375,0.243764,0.265947,0.290702,0.389029,0.350010,0.441810,0.399408,0.302860,0.220698,0.329366,0.328725,0.326034,0.225306,0.269578,0.205051,0.411341,0.418396,0.215030,0.357140,0.307040,0.271795,0.347164,0.381017,0.410669,0.251310,0.253606,0.167011,0.408076,0.254786,0.355357,0.250890,0.326710,0.236438,0.310699,0.343505,0.169286,0.251444,0.407720,0.194473,0.425834,0.300855,0.285492,0.366318,0.259226,0.247301,0.253246,0.303097,0.328050,0.317443,0.288579,0.125073,0.383534,0.321291,0.374156,0.382429,0.396032,0.281478,0.284252,0.258615,0.164856,0.182769,0.353317,0.181586,0.219534,0.345123,0.356638,0.209882,0.391664,0.256077,0.431619,0.221843,0.337343,0.324770,0.237107,0.240572,0.360167,0.379623,0.293452,0.290073,0.311101,0.290822,0.316436,0.282901,0.273107,0.284267,0.309251,0.331931,0.224045,0.364659,0.296519,0.200053,0.241560,0.308234,0.232786,0.442970,0.232188,0.212847,0.161319,0.233081,0.325391,0.284701,0.412505,0.363812,0.295884,0.122033,0.223252,0.286186,0.187533,0.233312,0.318040,0.158796,0.142708,0.402440,0.330171,0.362916,0.249335,0.353653,0.293919,0.297643,0.381258,0.320226,0.261593,0.246901,0.297902,0.271342,0.131856,0.197507,0.351015,0.244295,0.283458,0.332919,0.301044,0.086448,0.220631,0.211474,0.320525,0.298633,0.230174,0.361925,0.259029,0.330385,0.222995,0.271390,0.367134,0.189605,0.373352,0.433782,0.352211,0.276607,0.272868,0.303655,0.386462,0.297945,0.338311,0.414917,0.372712,0.354663,#
8,0.358465,0.298420,0.264079,0.285900,0.165173,0.293059,0.322959,0.372910,1.000000,0.360310,0.311154,0.419500,0.378323,0.353430,0.377663,0.381682,0.243819,0.304377,0.142728,0.350471,0.375356,0.360087,0.313414,0.285764,0.437521,0.306572,0.350605,0.177026,0.349136,0.286704,0.359142,0.254300,0.260838,0.284433,0.340602,0.560632,0.376459,0.307938,0.226288,0.278301,0.290095,0.258310,0.513081,0.345418,0.279231,0.226825,0.353805,0.274151,0.355403,0.401008,0.365383,0.231857,0.351474,0.317394,0.190349,0.326881,0.316564,0.297509,0.301349,0.199042,0.279465,0.388654,0.433700,0.368064,0.386930,0.454354,0.412122,0.481641,0.474558,0.261325,0.453614,0.417826,0.437926,0.191470,0.370320,0.213713,0.405914,0.406129,0.334886,0.354992,0.384184,0.310298,0.323865,0.334632,0.372374,0.274740,0.257144,0.344205,0.253129,0.272864,0.317272,0.299304,0.187807,0.201500,0.193680,0.289851,0.441773,0.428942,0.499354,0.390686,0.319789,0.147414,0.385206,0.454819,0.178665,0.297159,0.291843,0.381453,0.237654,0.420341,0.214260,0.268521,0.363469,0.217721,0.201892,0.357198,0.312089,0.277148,0.294526,0.417219,0.266460,0.281480,0.336355,0.434219,0.267592,0.332074,0.193012,0.250428,0.432301,0.402159,0.174156,0.455332,0.344634,0.200965,0.255798,0.386936,0.364019,0.273699,0.365878,0.255494,0.240167,0.230780,0.301126,0.152801,0.365782,0.306943,0.284253,0.361861,0.298755,0.359040,0.231734,0.365919,0.222945,0.408197,0.252929,0.278811,0.351904,0.452952,0.454124,0.292905,0.334137,0.262334,0.304989,0.241511,0.268233,0.333719,0.322331,0.397711,0.345420,0.155536,0.295602,0.423872,0.161644,0.309423,0.358792,0.244407,0.315365,0.379611,0.342806,0.360373,0.331335,0.363375,0.401283,0.239516,0.211625,0.161020,0.440835,0.292432,0.242863,0.376432,0.449662,0.348435,0.361781,0.317463,0.292469,0.188960,0.175222,0.334201,0.349658,0.469482,#
9,0.346130,0.357586,0.340486,0.368883,0.282553,0.361902,0.420339,0.208548,0.360310,1.000000,0.364426,0.340669,0.431491,0.300013,0.492041,0.387703,0.318486,0.384008,0.206301,0.203889,0.376870,0.330614,0.190509,0.350990,0.397910,0.248435,0.348588,0.478584,0.310045,0.228466,0.248115,0.390215,0.337469,0.277833,0.301594,0.364414,0.370096,0.297818,0.318627,0.349076,0.325177,0.343556,0.311072,0.343371,0.345187,0.314015,0.396060,0.348046,0.394628,0.500634,0.355610,0.209486,0.240925,0.236387,0.265514,0.342825,0.339743,0.443047,0.241253,0.369213,0.352943,0.439063,0.350022,0.214294,0.215882,0.423299,0.395207,0.382290,0.449729,0.341465,0.431181,0.373439,0.422714,0.263959,0.319621,0.341212,0.507074,0.480869,0.379340,0.482368,0.406912,0.420936,0.355168,0.415723,0.397271,0.354168,0.367622,0.472324,0.363821,0.438633,0.376898,0.307676,0.372797,0.223765,0.427860,0.224856,0.342723,0.273767,0.392300,0.428749,0.431148,0.418525,0.430127,0.346914,0.346508,0.320130,0.286060,0.445953,0.400093,0.347612,0.364953,0.416795,0.422190,0.346214,0.357303,0.415791,0.189365,0.327495,0.376707,0.389144,0.173314,0.434827,0.345051,0.381801,0.352681,0.313074,0.326739,0.309592,0.436248,0.310303,0.252760,0.382094,0.262385,0.370448,0.397965,0.176491,0.390529,0.304248,0.324741,0.261204,0.471389,0.378352,0.350215,0.490593,0.357914,0.519957,0.339581,0.375829,0.342377,0.405685,0.271792,0.270972,0.348685,0.343573,0.279788,0.333508,0.261414,0.345867,0.383991,0.434734,0.320596,0.488226,0.426846,0.382916,0.280127,0.433834,0.275716,0.450830,0.340498,0.342940,0.305084,0.258655,0.260070,0.148892,0.312716,0.374432,0.464217,0.453065,0.268245,0.404285,0.365426,0.453219,0.422077,0.220036,0.254294,0.236764,0.402620,0.286582,0.432558,0.262823,0.296873,0.283974,0.303935,0.297912,0.165965,0.294015,0.428541,0.327578,0.306609,0.371713,#
10,0.315565,0.335078,0.392759,0.262148,0.293300,0.259697,0.397885,0.253307,0.311154,0.364426,1.000000,0.401757,0.342051,0.231404,0.315665,0.348509,0.387781,0.308634,0.341895,0.293548,0.316853,0.357693,0.246629,0.470972,0.295731,0.367177,0.308522,0.404041,0.388255,0.357897,0.316733,0.254411,0.321985,0.328127,0.385943,0.340763,0.466442,0.337529,0.292313,0.378276,0.402600,0.242457,0.399238,0.209771,0.279397,0.325207,0.541084,0.366292,0.326253,0.536002,0.254153,0.367414,0.312623,0.163377,0.369610,0.462004,0.315271,0.437410,0.262918,0.372982,0.285531,0.421660,0.433140,0.353928,0.325639,0.330640,0.500196,0.336151,0.488862,0.243178,0.538168,0.415721,0.398574,0.148436,0.380541,0.476098,0.327104,0.480961,0.409035,0.269778,0.409424,0.258061,0.383346,0.308605,0.367408,0.362036,0.312877,0.288303,0.279108,0.529113,0.267976,0.381714,0.386857,0.113881,0.253864,0.323256,0.371180,0.472059,0.305050,0.286859,0.289214,0.298353,0.297803,0.367046,0.256155,0.293084,0.450320,0.244546,0.314372,0.305025,0.363720,0.280931,0.463984,0.398093,0.331819,0.371343,0.183896,0.346270,0.317628,0.285130,0.241653,0.305422,0.316911,0.327237,0.286723,0.274370,0.327318,0.334015,0.417024,0.377152,0.283195,0.429354,0.252414,0.331094,0.407081,0.460947,0.291469,0.268444,0.422089,0.398085,0.373126,0.373786,0.309890,0.341186,0.313925,0.441811,0.444307,0.314070,0.293635,0.444956,0.272241,0.232425,0.284212,0.405275,0.303321,0.279932,0.344954,0.359917,0.295022,0.291047,0.334015,0.266424,0.281537,0.369192,0.293883,0.364958,0.358836,0.352510,0.351985,0.367811,0.171878,0.411027,0.161830,0.283291,0.460061,0.331235,0.252251,0.333072,0.256882,0.383382,0.213296,0.342443,0.359672,0.299869,0.112624,0.313162,0.507076,0.297753,0.221161,0.309277,0.327702,0.294620,0.342553,0.431745,0.323062,0.305761,0.388683,0.259924,0.374187,0.472596,#
11,0.406088,0.343432,0.301121,0.373039,0.259080,0.326866,0.377912,0.215546,0.419500,0.340669,0.401757,1.000000,0.429750,0.376260,0.437604,0.390933,0.340016,0.408904,0.488372,0.370410,0.303447,0.349986,0.383539,0.339061,0.401871,0.355766,0.307595,0.341521,0.361003,0.283885,0.465454,0.381859,0.426071,0.353547,0.313171,0.432409,0.437241,0.407940,0.285969,0.331570,0.467373,0.234455,0.440411,0.261517,0.354991,0.187766,0.443137,0.468589,0.375000,0.454577,0.143860,0.178293,0.481504,0.217920,0.350023,0.318460,0.254270,0.542723,0.386200,0.405848,0.239633,0.348525,0.411806,0.348099,0.323803,0.409702,0.413182,0.441061,0.468883,0.314847,0.405450,0.303657,0.402099,0.321741,0.520661,0.410436,0.415658,0.539950,0.347439,0.348460,0.307164,0.273626,0.484191,0.362822,0.452141,0.284531,0.218850,0.342995,0.289701,0.334069,0.326524,0.299510,0.329822,0.307818,0.185902,0.358346,0.340203,0.456829,0.333227,0.386614,0.341359,0.346196,0.352475,0.408400,0.335013,0.223999,0.358207,0.424749,0.349186,0.301662,0.341925,0.432547,0.398698,0.233517,0.330149,0.324896,0.301056,0.311869,0.315706,0.483901,0.259437,0.309186,0.389463,0.520531,0.317045,0.283371,0.390938,0.417758,0.487829,0.456108,0.345224,0.411366,0.422671,0.306652,0.353147,0.361186,0.396644,0.384339,0.392826,0.383495,0.235221,0.233034,0.365919,0.442999,0.373980,0.406031,0.410238,0.346030,0.292057,0.310852,0.296742,0.313113,0.330665,0.530292,0.274453,0.331860,0.365267,0.301721,0.303846,0.340013,0.460928,0.439312,0.339155,0.437915,0.387020,0.427255,0.448522,0.359135,0.325853,0.409200,0.404224,0.387946,0.369719,0.441416,0.408340,0.345071,0.423252,0.357502,0.335183,0.404299,0.357210,0.303397,0.471434,0.360938,0.258162,0.179545,0.451311,0.363108,0.181876,0.246581,0.458649,0.459938,0.318088,0.355712,0.336934,0.349571,0.336009,0.292316,0.385862,0.396462,#
12,0.442329,0.371081,0.267769,0.424682,0.164164,0.367952,0.262052,0.365781,0.378323,0.431491,0.342051,0.429750,1.000000,0.330645,0.453314,0.306070,0.257749,0.309264,0.354635,0.259350,0.353014,0.306682,0.404373,0.378930,0.420821,0.463029,0.358314,0.366441,0.266907,0.351196,0.309341,0.268637,0.284084,0.426361,0.484639,0.392155,0.400633,0.400386,0.313121,0.349052,0.272906,0.211943,0.349420,0.321082,0.414253,0.326907,0.496379,0.383939,0.446505,0.505610,0.414413,0.146508,0.256459,0.290803,0.330642,0.402267,0.300490,0.275937,0.360390,0.340456,0.241269,0.386084,0.428465,0.264208,0.368286,0.408392,0.323002,0.455059,0.521418,0.378007,0.422724,0.356698,0.461162,0.270939,0.403492,0.457447,0.438613,0.447946,0.328259,0.420006,0.491554,0.309445,0.428310,0.321170,0.372808,0.373720,0.225003,0.421456,0.249927,0.337685,0.462316,0.304866,0.397635,0.342567,0.298762,0.377462,0.401851,0.313011,0.268216,0.256118,0.271857,0.369541,0.279346,0.347099,0.252688,0.229270,0.240242,0.358378,0.348787,0.342912,0.370959,0.379621,0.455214,0.200571,0.375936,0.395883,0.133096,0.305677,0.380888,0.433635,0.270406,0.437298,0.338253,0.430519,0.342473,0.462887,0.405756,0.264640,0.285413,0.347325,0.108220,0.273317,0.264082,0.297188,0.274514,0.326566,0.249631,0.317007,0.281349,0.194537,0.281888,0.159357,0.259002,0.414650,0.203904,0.444878,0.416221,0.272178,0.278978,0.393015,0.385429,0.167978,0.445109,0.282680,0.265902,0.348110,0.373942,0.460941,0.442342,0.285435,0.279454,0.486553,0.378207,0.361290,0.464510,0.296745,0.256581,0.462893,0.319667,0.342122,0.389387,0.223295,0.331361,0.358118,0.329709,0.282525,0.417204,0.378885,0.142736,0.343726,0.314380,0.472778,0.372363,0.246072,0.170887,0.207652,0.361484,0.297411,0.396121,0.309816,0.298873,0.357922,0.203929,0.246757,0.254423,0.355887,0.312635,0.329780,0.434429,0.341007,#
13,0.111141,0.331098,0.222919,0.200793,0.162494,0.246866,0.256616,0.224312,0.353430,0.300013,0.231404,0.376260,0.330645,1.000000,0.313709,0.274475,0.168161,0.325533,0.326677,0.227532,0.229743,0.276154,0.392410,0.274994,0.277604,0.396628,0.233239,0.266555,0.235045,0.348172,0.239355,0.225662,0.310852,0.345213,0.127042,0.392687,0.309833,0.347652,0.207084,0.271338,0.452378,0.272852,0.373607,0.117506,0.327862,0.372913,0.283069,0.316910,0.447493,0.434313,0.216110,0.236468,0.308934,0.194701,0.362364,0.399156,0.346382,0.431666,0.325491,0.343106,0.220372,0.407771,0.196361,0.285728,0.363398,0.377195,0.367932,0.463062,0.420501,0.350184,0.287958,0.319383,0.438532,0.231136,0.339308,0.261916,0.384807,0.450037,0.400002,0.301906,0.261137,0.282572,0.374000,0.386422,0.265028,0.414382,0.072769,0.292727,0.397433,0.251242,0.234615,0.377468,0.298401,0.201949,0.228294,0.215840,0.322995,0.311673,0.315452,0.260657,0.330737,0.351154,0.415213,0.298103,0.300153,0.257284,0.296659,0.352704,0.248496,0.251789,0.198648,0.288142,0.281618,0.245729,0.360926,0.312895,0.207479,0.260688,0.356950,0.262007,0.313944,0.224852,0.411574,0.237005,0.213260,0.289515,0.295581,0.271344,0.407605,0.366649,0.220238,0.181897,0.243098,0.340298,0.227204,0.311215,0.296416,0.339997,0.443194,0.218018,0.370530,0.282371,0.316324,0.253805,0.210951,0.311068,0.370358,0.230192,0.325898,0.290249,0.343410,0.302849,0.243319,0.334082,0.174793,0.260016,0.317426,0.196468,0.425710,0.238535,0.267678,0.320209,0.369791,0.385741,0.326069,0.268064,0.316743,0.392264,0.261523,0.309219,0.300922,0.333537,0.301597,0.409404,0.387326,0.329337,0.316274,0.300516,0.276367,0.300360,0.310077,0.287637,0.443648,0.178101,0.194552,0.238433,0.315357,0.183457,0.216470,0.326182,0.417191,0.271637,0.364198,0.327830,0.296231,0.369548,0.277257,0.417221,0.360862,0.299543,#
14,0.532195,0.402434,0.415636,0.343909,0.318127,0.405503,0.246268,0.343481,0.377663,0.492041,0.315665,0.437604,0.453314,0.313709,1.000000,0.308934,0.304147,0.399747,0.237268,0.314947,0.280623,0.387861,0.443637,0.477610,0.363847,0.303814,0.419211,0.411603,0.323810,0.424712,0.564903,0.207030,0.266767,0.280740,0.491214,0.429045,0.353887,0.388099,0.458528,0.358892,0.411207,0.344651,0.368180,0.372692,0.380192,0.382338,0.459358,0.343737,0.400761,0.467635,0.257574,0.295370,0.417728,0.282230,0.366546,0.403470,0.388827,0.376859,0.429621,0.266111,0.345209,0.421953,0.422857,0.328658,0.354138,0.443790,0.387210,0.355770,0.468487,0.297185,0.431844,0.331394,0.499701,0.424075,0.459178,0.411108,0.327041,0.531510,0.334631,0.454220,0.378882,0.341455,0.476125,0.434919,0.420385,0.371278,0.231583,0.350328,0.360115,0.418579,0.429444,0.332105,0.422944,0.442178,0.453984,0.318030,0.264486,0.380395,0.336400,0.345964,0.340612,0.401992,0.367447,0.354578,0.343949,0.262688,0.352735,0.325512,0.445103,0.431221,0.360834,0.400855,0.490930,0.303261,0.300904,0.328633,0.279654,0.229784,0.402896,0.404048,0.376534,0.387456,0.415260,0.388389,0.341067,0.223422,0.316862,0.345966,0.362281,0.361641,0.190637,0.425484,0.293124,0.345781,0.346895,0.225710,0.426868,0.365151,0.349189,0.278468,0.325336,0.342771,0.332287,0.508678,0.398708,0.479314,0.412769,0.217889,0.354227,0.341682,0.488823,0.319488,0.507116,0.373653,0.315991,0.366901,0.329252,0.316172,0.316936,0.408971,0.338998,0.366957,0.394469,0.331162,0.500693,0.411616,0.347323,0.403810,0.290138,0.390006,0.300708,0.167930,0.318714,0.360251,0.425519,0.291424,0.335261,0.435225,0.358666,0.494340,0.333889,0.402057,0.344128,0.306010,0.282115,0.335384,0.472764,0.327196,0.343838,0.312704,0.424422,0.303395,0.366038,0.360979,0.251465,0.282799,0.351939,0.412637,0.332034,0.310260,#
15,0.295295,0.269580,0.229533,0.325036,0.327080,0.236538,0.526542,0.255015,0.381682,0.387703,0.348509,0.390933,0.306070,0.274475,0.308934,1.000000,0.306890,0.363100,0.362563,0.284046,0.225005,0.365873,0.302573,0.346029,0.370334,0.291072,0.202191,0.239043,0.318924,0.195602,0.408731,0.384231,0.313884,0.453708,0.247388,0.388092,0.371259,0.427185,0.211364,0.271242,0.282933,0.204540,0.375766,0.292036,0.297500,0.302977,0.386486,0.264808,0.383376,0.420918,0.255376,0.228529,0.249568,0.186567,0.284675,0.273771,0.319577,0.338646,0.351259,0.349156,0.306605,0.447418,0.324243,0.267019,0.370842,0.345480,0.357433,0.472500,0.323455,0.259580,0.382138,0.316167,0.219785,0.261250,0.374023,0.307357,0.348573,0.373647,0.400161,0.273959,0.217399,0.253812,0.375003,0.400144,0.400810,0.282078,0.091766,0.266976,0.283542,0.175661,0.225988,0.335207,0.318368,0.296284,0.201613,0.299097,0.338507,0.413221,0.346823,0.364757,0.296565,0.356847,0.318564,0.338471,0.357702,0.142758,0.234275,0.311520,0.305662,0.340467,0.275558,0.144372,0.434687,0.278019,0.430182,0.284702,0.122139,0.215603,0.254590,0.502482,0.145797,0.383482,0.338130,0.320725,0.260894,0.255819,0.255308,0.258160,0.404571,0.383063,0.377879,0.304451,0.153609,0.176457,0.353562,0.390441,0.466655,0.249956,0.226492,0.286784,0.237123,0.263783,0.266132,0.297492,0.355039,0.399613,0.287708,0.284640,0.317744,0.306885,0.339649,0.394047,0.300093,0.378264,0.219757,0.313953,0.249989,0.224508,0.326369,0.354016,0.285082,0.356355,0.358213,0.392913,0.288729,0.293911,0.321958,0.219681,0.311723,0.330517,0.154420,0.370658,0.133422,0.403202,0.365976,0.360916,0.303288,0.290337,0.393197,0.362283,0.307791,0.346597,0.297225,0.332662,0.353741,0.145952,0.292275,0.174447,0.235322,0.298901,0.266959,0.365913,0.283399,0.268654,0.237272,0.285011,0.319909,0.232008,0.438477,0.396455,#
16,0.326363,0.294762,0.304069,0.309366,0.142098,0.214238,0.407521,0.232364,0.243819,0.318486,0.387781,0.340016,0.257749,0.168161,0.304147,0.306890,1.000000,0.279528,0.423716,0.321310,0.448879,0.160946,0.150927,0.303807,0.280712,0.349811,0.271246,0.239381,0.189448,0.271972,0.345685,0.260370,0.232422,0.185153,0.315611,0.309595,0.434580,0.408612,0.253230,0.381972,0.265981,0.235947,0.301085,0.274540,0.212753,0.268622,0.345002,0.250852,0.318298,0.442927,0.097877,0.218760,0.273763,0.185565,0.212904,0.336650,0.103089,0.224049,0.270564,0.228725,0.346921,0.396048,0.248580,0.164347,0.261917,0.257475,0.377980,0.384769,0.360150,0.309668,0.381106,0.350064,0.332648,0.178379,0.284576,0.226331,0.297994,0.362357,0.181814,0.348353,0.445427,0.237070,0.382314,0.290857,0.365208,0.309193,0.203925,0.133788,0.170363,0.365109,0.108483,0.310572,0.352437,0.119763,0.286112,0.307541,0.245502,0.320085,0.305209,0.254110,0.330929,0.322063,0.242556,0.327723,0.300419,0.272575,0.283883,0.313621,0.493552,0.251753,0.329755,0.266280,0.390544,0.297386,0.353270,0.350996,0.367416,0.270853,0.266359,0.127142,0.096881,0.232058,0.321551,0.228714,0.323283,0.156623,0.110233,0.096584,0.358808,0.234005,0.361901,0.239065,0.239035,0.283415,0.316996,0.395382,0.316772,0.225650,0.246669,0.102687,0.199681,0.246270,0.294883,0.203617,0.191303,0.247583,0.384525,0.359440,0.264029,0.250785,0.223936,0.228732,0.125930,0.315772,0.301932,0.233610,0.260672,0.226791,0.167971,0.288301,0.316843,0.206954,0.356649,0.231979,0.390371,0.318599,0.296708,0.291227,0.268951,0.287296,0.066203,0.304116,0.237103,0.361332,0.339669,0.304723,0.182410,0.492790,0.263891,0.325954,0.293182,0.278847,0.282769,0.328550,0.062263,0.131240,0.302027,0.223439,0.291008,0.259392,0.366077,0.301489,0.248960,0.335289,0.312328,0.335472,0.391359,0.283082,0.351910,0.347085,#
17,0.306652,0.240219,0.325961,0.213366,0.217897,0.280304,0.389817,0.318302,0.304377,0.384008,0.308634,0.408904,0.309264,0.325533,0.399747,0.363100,0.279528,1.000000,0.299589,0.366736,0.239740,0.326525,0.306010,0.180883,0.384177,0.316279,0.216569,0.338952,0.269404,0.261968,0.324389,0.352779,0.174837,0.218169,0.169360,0.230335,0.303095,0.389125,0.382910,0.375376,0.270124,0.347792,0.299696,0.283206,0.305651,0.377944,0.380485,0.416524,0.339590,0.435321,0.231009,0.076342,0.307847,0.198333,0.306987,0.295740,0.330294,0.259502,0.316102,0.304986,0.267959,0.284032,0.475796,0.230367,0.235359,0.352983,0.501472,0.352949,0.327948,0.205691,0.461708,0.289529,0.279096,0.340596,0.461686,0.232664,0.322171,0.453318,0.359302,0.338155,0.287777,0.287821,0.442633,0.454443,0.331456,0.249579,0.332279,0.344888,0.198360,0.263848,0.293183,0.250742,0.346849,0.263799,0.410194,0.324894,0.282180,0.291076,0.362010,0.388716,0.318377,0.307166,0.315211,0.219410,0.258295,0.317908,0.218691,0.273390,0.276598,0.364191,0.327303,0.159857,0.504482,0.293541,0.454883,0.272431,0.162296,0.233958,0.386642,0.442914,0.278824,0.329148,0.309503,0.216000,0.205785,0.181366,0.201373,0.300055,0.410664,0.293870,0.300170,0.368808,0.318173,0.267433,0.342274,0.305174,0.461400,0.265398,0.215948,0.344782,0.361995,0.290072,0.429537,0.349114,0.394926,0.308023,0.197741,0.138152,0.328075,0.302999,0.355777,0.295738,0.311298,0.371709,0.161140,0.365358,0.383978,0.238096,0.332827,0.374409,0.290184,0.347394,0.442027,0.266765,0.286938,0.155103,0.172244,0.233098,0.261519,0.267081,0.235045,0.267656,0.267346,0.248437,0.399647,0.278444,0.289425,0.375158,0.306893,0.416638,0.328772,0.390924,0.348692,0.389064,0.213553,0.110053,0.406513,0.341485,0.240441,0.243720,0.394544,0.358175,0.245495,0.322017,0.190080,0.375601,0.358935,0.200071,0.353512,0.188008,#
18,0.261309,0.311764,0.278171,0.266925,0.101651,0.331978,0.318429,0.289399,0.142728,0.206301,0.341895,0.488372,0.354635,0.326677,0.237268,0.362563,0.423716,0.299589,1.000000,0.237456,0.266813,0.429348,0.236150,0.242902,0.162753,0.399424,0.262952,0.224839,0.247740,0.320020,0.218997,0.345126,0.315399,0.411497,0.289335,0.373538,0.327236,0.443792,0.302065,0.406864,0.376337,0.290460,0.403049,0.114774,0.257106,0.288921,0.393909,0.442114,0.394846,0.352384,0.070535,0.160008,0.301717,0.117453,0.282861,0.298379,0.255961,0.240783,0.334195,0.429589,0.230961,0.311948,0.229543,0.187771,0.332055,0.190271,0.353884,0.271520,0.278897,0.313314,0.274113,0.271393,0.313083,0.167088,0.393981,0.205162,0.304887,0.332770,0.229724,0.213863,0.307530,0.148738,0.383889,0.317508,0.414780,0.412458,0.025657,0.308475,0.290996,0.251832,0.268366,0.213934,0.373638,0.291423,0.261843,0.238209,0.304547,0.313704,0.295069,0.209009,0.307851,0.250842,0.245363,0.208058,0.273971,0.351610,0.250130,0.354213,0.335255,0.302297,0.388259,0.231549,0.360541,0.208974,0.308232,0.303488,0.188033,0.285605,0.350922,0.314743,0.201060,0.197068,0.310676,0.288765,0.358036,0.146117,0.376601,0.180160,0.404872,0.257097,0.266152,0.342845,0.214938,0.218355,0.286377,0.317996,0.309565,0.261634,0.282773,0.227228,0.140036,0.246371,0.248085,0.318499,0.305394,0.238538,0.274065,0.241529,0.294054,0.259995,0.272071,0.151651,0.388194,0.336229,0.262064,0.369921,0.226166,0.244863,0.141412,0.243059,0.287650,0.317936,0.430905,0.254040,0.277058,0.244575,0.415465,0.230541,0.179544,0.317759,0.228961,0.254680,0.309871,0.446455,0.339614,0.290947,0.188763,0.310409,0.326279,0.353288,0.284654,0.313933,0.292378,0.269842,0.145658,0.186338,0.306734,0.208115,0.147957,0.316329,0.311477,0.423892,0.227225,0.374665,0.299207,0.296353,0.285177,0.413222,0.357809,0.354248,#
19,0.334190,0.320668,0.355759,0.245857,0.294432,0.402777,0.255958,0.305527,0.350471,0.203889,0.293548,0.370410,0.259350,0.227532,0.314947,0.284046,0.321310,0.366736,0.237456,1.000000,0.250341,0.204443,0.225259,0.209112,0.342034,0.262824,0.255605,0.246147,0.187156,0.270136,0.335176,0.360232,0.357326,0.235189,0.280043,0.416668,0.287435,0.363188,0.269700,0.353124,0.368057,0.345684,0.348738,0.286594,0.166141,0.372949,0.444837,0.329955,0.343330,0.458163,0.215622,0.061080,0.318434,0.265076,0.222956,0.281365,0.358486,0.266322,0.252956,0.279483,0.197740,0.196497,0.368719,0.289665,0.275440,0.318482,0.385862,0.349908,0.440604,0.243985,0.424958,0.302470,0.356972,0.213425,0.263838,0.260300,0.237333,0.383481,0.257206,0.299443,0.476532,0.174207,0.432270,0.269008,0.392553,0.181660,0.222728,0.249935,0.323442,0.276469,0.221737,0.291489,0.181557,0.227648,0.253545,0.170160,0.313676,0.423669,0.332635,0.335714,0.304235,0.291777,0.295274,0.290130,0.336251,0.196296,0.351839,0.196407,0.241631,0.157985,0.393424,0.207776,0.337418,0.239303,0.303822,0.328123,0.327969,0.276484,0.417147,0.215832,0.403886,0.246112,0.239172,0.379940,0.260605,0.289184,0.205139,0.320012,0.486144,0.385169,0.333062,0.407242,0.291168,0.370680,0.303298,0.409696,0.250994,0.265051,0.317485,0.101020,0.205501,0.228523,0.218343,0.215329,0.322832,0.184890,0.178645,0.142596,0.304470,0.363209,0.216258,0.297495,0.300875,0.334034,0.320168,0.241401,0.393470,0.279354,0.378809,0.326140,0.252945,0.373537,0.254085,0.362430,0.361869,0.313273,0.262502,0.348268,0.236092,0.234350,0.112852,0.363105,0.380868,0.332266,0.422359,0.176597,0.300200,0.372855,0.322383,0.258292,0.233882,0.369348,0.401718,0.359752,0.175556,0.161394,0.215533,0.266984,0.289543,0.317961,0.354342,0.266687,0.222821,0.325062,0.373631,0.266193,0.345170,0.138245,0.323711,0.262755,#
20,0.263827,0.471935,0.265981,0.353803,0.285615,0.274710,0.301653,0.359615,0.375356,0.376870,0.316853,0.303447,0.353014,0.229743,0.280623,0.225005,0.448879,0.239740,0.266813,0.250341,1.000000,0.341914,0.251902,0.413078,0.363153,0.432827,0.255532,0.339640,0.274620,0.225404,0.362079,0.274019,0.343552,0.403384,0.335623,0.338603,0.270892,0.293662,0.294486,0.411498,0.356369,0.363004,0.354411,0.223500,0.345366,0.220531,0.349051,0.344507,0.320606,0.423254,0.189259,0.296917,0.283425,0.295642,0.307947,0.179980,0.043233,0.225133,0.291967,0.258644,0.300395,0.327805,0.303079,0.286769,0.271001,0.370466,0.423407,0.341614,0.327219,0.257251,0.336419,0.389134,0.410122,0.214484,0.225365,0.173285,0.283650,0.397972,0.464731,0.335050,0.350839,0.338479,0.358265,0.203173,0.234633,0.300972,0.213462,0.327850,0.289152,0.475981,0.333778,0.253186,0.251646,0.244961,0.301061,0.354213,0.295933,0.221023,0.349090,0.305997,0.410698,0.339402,0.244986,0.367712,0.316419,0.281468,0.457475,0.296760,0.360783,0.391433,0.272076,0.406317,0.295071,0.173900,0.349403,0.325140,0.262067,0.292286,0.218962,0.202670,0.301443,0.339854,0.315002,0.373197,0.240840,0.315905,0.181606,0.164985,0.304788,0.357785,0.260065,0.317160,0.390162,0.322947,0.273963,0.304388,0.227860,0.433142,0.288055,0.340508,0.243652,0.214544,0.328421,0.273077,0.271088,0.223289,0.327159,0.341498,0.249318,0.312681,0.300867,0.276965,0.277452,0.285080,0.277411,0.312387,0.252686,0.362950,0.318079,0.269812,0.305653,0.318417,0.312575,0.316104,0.300441,0.267197,0.210198,0.351939,0.162908,0.155105,0.294038,0.195530,0.245299,0.366287,0.310852,0.270557,0.233458,0.450008,0.204383,0.372533,0.326239,0.309319,0.328914,0.285294,0.186855,0.300128,0.349862,0.219652,0.279365,0.285965,0.364005,0.328399,0.447886,0.342683,0.411430,0.340355,0.348515,0.333136,0.361203,0.380982,#
21,0.279861,0.561858,0.394726,0.502058,0.394222,0.318392,0.308846,0.275696,0.360087,0.330614,0.357693,0.349986,0.306682,0.276154,0.387861,0.365873,0.160946,0.326525,0.429348,0.204443,0.341914,1.000000,0.384950,0.345267,0.294618,0.291568,0.353331,0.266529,0.436005,0.298513,0.233769,0.183221,0.323214,0.473297,0.386087,0.475490,0.363510,0.340305,0.330083,0.353006,0.313214,0.336416,0.407215,0.351877,0.310731,0.410466,0.392340,0.437580,0.336217,0.471689,0.197009,0.270068,0.402819,0.290675,0.399032,0.359449,0.273355,0.279270,0.513050,0.309028,0.244213,0.421151,0.168287,0.236027,0.330335,0.405006,0.416842,0.326383,0.368413,0.423446,0.357495,0.414760,0.435202,0.365076,0.404922,0.390053,0.366303,0.434542,0.366423,0.318075,0.340388,0.287318,0.487628,0.416624,0.436102,0.429290,0.170880,0.441520,0.416824,0.431369,0.266985,0.251985,0.393621,0.363793,0.392339,0.375775,0.397431,0.355411,0.355405,0.360590,0.352687,0.400843,0.139425,0.363583,0.294722,0.375565,0.255421,0.503748,0.227408,0.401096,0.387694,0.279672,0.368046,0.353750,0.271111,0.190211,0.272532,0.482929,0.460365,0.416886,0.376798,0.266639,0.319381,0.280807,0.237076,0.197948,0.392160,0.304280,0.344799,0.432375,0.359776,0.409180,0.182286,0.327602,0.391749,0.227896,0.305845,0.231571,0.335443,0.337735,0.301179,0.365073,0.186298,0.368138,0.328372,0.388455,0.302634,0.226165,0.328551,0.337132,0.348585,0.384612,0.344630,0.350231,0.215014,0.347844,0.358415,0.338124,0.325434,0.323071,0.263548,0.483701,0.370755,0.408806,0.389669,0.288353,0.380803,0.214600,0.147114,0.315673,0.367767,0.299390,0.378752,0.308661,0.267310,0.339365,0.209046,0.351870,0.382103,0.430532,0.295589,0.438631,0.391654,0.361337,0.261350,0.372307,0.361785,0.228442,0.201144,0.276507,0.301470,0.267185,0.367370,0.306057,0.352737,0.249959,0.390223,0.321830,0.257911,0.501291,#
