0,1.000000,0.153095,0.319765,0.193523,0.248183,0.228083,0.172891,0.116397,0.242862,0.189377,0.399938,0.174495,0.093748,0.088874,0.370943,0.263638,0.214721,0.325396,0.294648,0.299397,0.289109,0.359619,0.202078,0.332033,0.194388,0.186360,0.331419,0.218782,0.369380,0.279648,0.168528,0.175579,0.236114,0.196538,0.086448,0.347918,0.227958,0.219471,0.432765,0.431892,0.208725,0.254698,0.108875,0.302604,0.198832,0.321174,0.265731,0.320030,0.244576,0.359739,0.331069,0.156627,0.277313,0.201862,0.313753,0.292327,0.225341,0.243404,0.207429,0.259311,0.359601,0.165315,0.226849,0.226964,0.310663,0.217262,0.283860,0.261354,0.259877,0.219890,0.301877,0.273486,0.314051,0.218489,0.131600,0.023348,0.296763,0.275163,0.226295,0.070633,0.316347,0.134099,0.199623,0.299755,0.287129,0.213251,0.301120,0.244420,0.424758,0.103915,0.212568,0.098526,0.152840,0.286841,0.321160,0.230478,0.422397,0.218649,0.300295,0.351312,0.315645,0.340250,0.214071,0.335726,0.231852,0.198857,0.305172,0.232313,0.146141,0.094335,0.125720,0.224582,0.193991,0.266385,0.164452,0.150434,0.330582,0.176191,0.209164,0.235031,0.372666,0.266378,0.254253,0.252947,0.199429,0.355285,0.233661,0.107891,0.176081,0.298897,0.270119,0.310558,0.327406,0.260766,0.171752,0.091920,0.284430,0.189928,0.205184,0.412522,0.217438,0.203414,0.237868,0.197336,0.287305,0.245604,0.206283,0.203563,0.310974,0.204544,0.239605,0.239081,0.316389,0.208598,0.186658,0.174414,0.081562,0.217503,0.312953,0.358410,0.213772,0.361709,0.130660,0.148039,0.354034,0.002373,0.198331,0.208440,0.161321,0.239640,0.367283,-0.019561,0.340443,0.293133,0.158831,0.218941,0.370855,0.253024,0.260271,0.246908,0.254499,0.421276,0.039135,0.086093,0.247432,0.244975,0.300878,0.403176,0.297593,0.130839,0.270944,0.271431,0.163368,0.158799,0.333629,0.093143,0.090142,0.304672,0.440529,0.296254,#
1,0.153095,1.000000,0.158360,0.357031,0.366394,0.201189,0.292655,0.191053,0.232217,0.069423,0.450569,0.299071,0.187901,0.234462,0.147731,0.081134,0.171862,0.276526,0.228991,0.243523,0.135314,0.297527,0.170024,0.266567,0.301031,0.312275,0.337610,0.413405,0.292125,0.262018,0.296338,0.302715,0.354008,0.216033,0.090063,0.126102,0.150027,0.275991,0.444179,0.213461,0.169448,0.231606,0.298186,0.265063,0.175285,0.342436,0.322441,0.347555,0.101058,0.187479,0.389455,0.209155,0.346869,0.148179,0.213809,0.328590,0.269955,0.239186,0.338912,0.339991,0.257244,0.268640,0.197841,0.337490,0.250807,0.306394,0.033333,0.268736,0.357555,0.204590,0.197948,0.221350,0.389917,0.146892,0.288552,0.120688,0.265471,0.254039,0.313012,0.128504,0.247391,0.371510,0.348176,0.365514,0.150895,0.040477,0.348171,0.211543,0.325556,0.398346,0.262792,0.338383,0.151429,0.278128,0.156178,0.178360,0.219247,0.214290,0.197017,0.171377,0.254591,0.201759,0.238279,0.278657,0.218101,0.224958,0.183279,0.339937,0.103353,0.288853,0.368731,0.239580,0.163582,0.281924,0.274282,0.286575,0.258292,0.191863,0.280359,0.318039,0.231919,0.204344,0.328385,0.290844,0.269635,0.364614,0.168129,0.204164,0.097185,0.271431,0.236196,0.296632,0.214277,0.282022,0.395874,0.367888,0.162071,0.270751,0.204169,0.339330,0.255658,0.088424,0.192674,0.233268,0.313339,0.235634,0.263085,0.133693,0.232936,0.299900,0.157242,0.282374,0.222716,0.098837,0.310548,0.234957,0.222027,0.164976,0.222381,0.089525,0.101680,0.370154,0.233070,0.226768,0.282373,0.178075,0.109976,0.205462,0.224952,0.385078,0.256178,0.290651,0.236423,0.136871,0.298240,0.148634,0.095179,0.314023,0.287895,0.165338,0.175156,0.266241,0.224417,0.100521,0.273435,0.278484,0.186165,0.257609,0.231409,0.268780,0.422954,0.229234,0.218903,0.143687,0.284721,0.289157,0.087326,0.231855,0.155596,0.104756,#
2,0.319765,0.158360,1.000000,0.289612,0.171193,0.118569,0.271140,0.182520,0.027610,0.051133,0.133861,0.302524,0.144223,0.239435,0.145923,0.219488,0.216267,0.119739,0.253162,0.204217,0.330007,0.376732,0.167094,0.239996,0.296398,0.298808,0.348245,0.190027,0.213763,0.283832,0.149605,0.085274,0.125063,0.173758,0.025585,0.226061,0.172381,0.158153,0.222702,0.193807,0.273054,0.299568,0.207882,0.167003,0.152526,0.327498,0.154111,0.316877,0.134493,0.248074,0.298055,0.355550,0.290664,0.144394,0.022699,0.222044,0.164410,0.190873,0.168255,0.278649,0.012492,0.238633,0.269374,0.236042,0.285031,0.310442,0.083500,0.139010,0.224115,0.385190,0.126335,0.173111,0.155661,0.144705,0.265931,0.165356,0.240641,0.296797,0.221269,0.173528,0.319841,0.042214,0.110637,0.245649,0.138640,0.154035,0.351696,0.225362,0.251916,0.174545,0.183534,0.211947,0.273868,0.150985,0.192506,0.085037,0.263882,0.224898,0.265334,0.210851,0.321593,0.229652,0.138695,0.231251,0.140755,0.186022,0.174287,0.236715,0.136803,0.234635,0.239791,0.206506,0.287173,0.182807,0.218550,0.262771,0.187471,0.234479,0.045214,0.130306,0.224773,0.312610,0.207069,0.170568,0.214743,0.214205,0.250337,0.146719,0.089029,0.238779,0.215814,0.312117,0.212887,0.093235,0.219889,0.303355,0.139945,0.201318,0.055599,0.139641,-0.007332,0.118940,0.249168,0.145098,0.354760,0.182541,0.156823,0.211684,0.313023,0.174555,0.175235,0.367052,0.239582,0.218431,0.102114,0.131074,0.031715,0.112778,0.174788,0.143514,0.277650,0.311982,0.225352,0.257676,0.291991,0.117912,0.155853,0.296983,0.009492,0.205419,0.068149,0.236996,0.138420,0.054675,0.246610,0.111279,0.355950,0.189787,0.251737,0.237607,0.305442,0.188424,0.004118,0.280251,0.054764,0.217419,0.173466,0.152829,0.307096,0.013941,0.146164,0.219027,0.386363,0.118992,0.229208,0.077266,0.076353,0.220783,0.288114,0.192871,#
3,0.193523,0.357031,0.289612,1.000000,0.320430,0.113097,0.301472,0.216649,0.208108,0.087920,0.289931,0.353204,0.159975,0.304089,0.186042,0.244633,0.261418,0.287361,0.227347,0.245771,0.277397,0.284294,0.275814,0.367037,0.376791,0.228112,0.284699,0.157666,0.249689,0.253978,0.293679,0.440704,0.353392,0.331914,0.022106,0.320894,0.381643,0.412564,0.394768,0.180136,0.319460,0.372121,0.268290,0.397263,0.194337,0.389795,0.405935,0.398926,0.103612,0.291302,0.342873,0.201908,0.347805,0.184795,0.116390,0.361809,0.292442,0.289075,0.238903,0.370268,0.170540,0.136271,0.218813,0.275849,0.302584,0.349527,0.189822,0.366212,0.233943,0.315323,0.314947,0.120329,0.320161,0.156159,0.365953,0.336257,0.300667,0.343106,0.395543,0.125682,0.372105,0.336038,0.209804,0.309475,0.343709,0.251996,0.370641,0.167650,0.365249,0.400276,0.291688,0.310570,0.312857,0.346653,0.189370,0.247624,0.385814,0.171414,0.341562,0.303463,0.415650,0.227700,0.327369,0.301000,0.348426,0.265163,0.208023,0.232129,0.098678,0.225612,0.315911,0.191079,0.271255,0.262877,0.118339,0.225226,0.371192,0.129290,0.236540,0.249806,0.411087,0.239372,0.291796,0.456043,0.236368,0.197520,0.310316,0.213501,0.127622,0.352578,0.246901,0.334860,0.324271,0.265240,0.299443,0.231590,0.138837,0.136494,0.408686,0.308579,0.328507,0.302559,0.226905,0.321275,0.337179,0.159151,0.327655,0.319340,0.245949,0.244461,0.161323,0.220256,0.142655,0.194754,0.191031,0.194240,0.197846,0.283933,0.175528,0.306920,0.268334,0.348415,0.352557,0.400125,0.381638,0.222209,0.296637,0.263384,0.151503,0.285275,0.338941,0.227568,0.253738,0.112594,0.212089,0.198330,0.233835,0.352215,0.253934,0.256210,0.296965,0.380974,0.349869,0.234706,0.159086,0.199817,0.201777,0.324039,0.090593,0.230987,0.195869,0.336130,0.350116,0.181381,0.189935,0.316579,0.207842,0.331819,0.283875,0.248799,#
4,0.248183,0.366394,0.171193,0.320430,1.000000,0.134780,0.305331,0.188178,0.234693,-0.026456,0.192455,0.147123,0.216740,0.173612,0.083934,0.148837,0.093780,0.146338,0.298539,0.271842,0.209554,0.250500,0.249993,0.280582,0.188089,0.370585,0.116217,0.274869,0.292398,0.051315,0.080178,0.142593,0.304630,0.103758,0.055642,0.167188,0.233420,0.250086,0.183329,0.162359,0.313844,0.311255,0.171576,0.142910,0.376063,0.145712,0.254972,0.322733,0.195105,0.242071,0.224877,0.112668,0.237981,0.149292,0.226797,0.349968,0.172955,0.188838,0.274960,0.263302,0.323313,0.189071,0.071592,0.074012,0.154259,0.133426,0.212762,0.146470,0.204430,0.154877,0.191476,0.169865,0.264916,0.181311,0.087531,-0.130570,0.181438,0.267741,0.161547,0.042342,0.285538,0.224683,0.085416,0.173017,0.208839,0.165671,0.239564,0.249166,0.349972,0.378649,0.205026,0.197615,0.029104,0.263390,0.026222,0.226334,0.231198,0.295915,0.316167,0.202553,0.223379,0.065700,0.237995,0.283959,0.224174,0.184129,0.026449,0.239442,0.059226,0.197812,0.396041,0.113670,0.171077,0.422324,0.216007,0.054597,0.142904,-0.136729,0.229079,0.039536,0.273222,0.221651,0.293063,0.096342,0.261850,0.177510,0.269307,0.141557,0.069693,0.185287,0.149120,0.185184,0.175292,0.137932,0.234402,0.149139,0.220805,-0.047038,0.076204,0.276824,0.281340,-0.057090,0.061959,0.226487,0.221443,0.177471,0.224593,0.073876,0.237563,0.253910,0.235088,0.115294,0.144311,0.194292,0.040935,0.121018,0.272390,0.214434,0.214873,0.266765,0.129080,0.193490,0.109601,0.269818,0.159706,0.258249,0.046807,0.112483,0.002554,0.263413,0.179997,0.121832,0.126143,0.026971,0.329205,0.141931,0.265178,0.195752,0.227541,0.113943,0.031793,0.108361,0.216948,0.185103,0.056756,0.121305,0.136277,0.393292,0.182785,0.155031,0.192832,0.133887,0.256552,0.054113,0.030064,0.286135,0.202378,0.415882,0.154944,0.141991,#
5,0.228083,0.201189,0.118569,0.113097,0.134780,1.000000,0.180936,0.051778,0.118918,0.209164,0.203820,0.108944,0.138413,0.023345,0.239592,0.116509,0.238575,0.150983,0.143496,-0.053894,0.243420,0.220374,0.142083,0.297435,0.123654,0.123426,0.212926,0.204251,0.162693,0.194669,0.092861,0.259827,0.250535,0.157913,0.045748,0.037788,0.260263,0.028627,0.195560,0.256458,0.109433,0.241788,-0.017873,0.341604,0.113689,0.220243,0.135405,0.113301,0.090472,0.309088,0.210148,0.128237,0.207162,-0.012326,0.084300,0.124995,-0.008310,0.190578,0.272613,0.134155,0.158323,0.188072,0.144146,0.073903,0.207149,0.178823,0.228779,0.141360,0.093219,0.130738,0.229322,0.196023,0.141113,0.289624,0.157930,0.042578,0.245038,0.147333,0.186713,0.185320,0.090120,0.124732,0.252842,0.052113,0.039200,0.203702,0.073431,0.115039,0.246877,0.144582,0.103628,0.249618,0.011612,0.171178,0.104436,0.045422,0.111095,0.043163,0.199306,0.039740,0.197908,0.251278,0.156884,0.171636,0.070466,0.099126,0.017216,0.279676,0.107147,0.087685,0.272953,0.072431,0.247983,0.089311,0.184343,0.042229,0.260862,0.137469,0.116739,0.111566,0.108458,0.160126,0.069544,0.156315,0.087604,0.060918,-0.072161,-0.035255,0.333786,0.336709,0.110058,0.279039,0.163190,0.094456,0.260458,0.215311,-0.013403,0.042523,0.037648,0.109642,0.200100,0.099636,0.104529,0.195301,0.112796,0.043129,0.147232,0.068345,-0.067321,0.170351,0.196608,0.031515,0.089615,0.255189,0.077490,0.114269,0.211544,0.056339,0.354256,-0.006096,0.062097,0.150113,0.138905,0.068984,0.164700,-0.073278,-0.011604,0.158821,0.196820,0.310094,0.081995,0.092904,0.158531,0.078997,0.048096,0.114445,0.159138,0.192971,0.281285,0.041134,0.167885,0.156847,0.246454,0.098186,0.243296,0.215879,0.223657,0.130962,0.064608,0.131373,0.177951,0.043247,0.136730,0.125520,0.299798,0.120167,-0.033431,0.302040,0.035149,0.180880,#
6,0.172891,0.292655,0.271140,0.301472,0.305331,0.180936,1.000000,0.200416,0.103038,0.000054,0.190738,0.131442,0.033749,0.216047,0.104788,0.138090,0.204040,0.232680,0.281800,0.256899,0.233966,0.193458,0.121952,0.185503,0.116407,0.195889,0.195496,0.258096,0.362127,0.198956,0.119042,0.255304,0.222552,0.179060,0.062115,0.073281,0.160126,0.227926,0.272663,0.243416,0.265458,0.216762,0.025287,0.249027,0.104318,0.230919,0.225708,0.406151,0.116777,0.348280,0.165890,0.261759,0.317905,0.152502,0.066739,0.260085,0.172535,0.274248,0.279065,0.378431,0.124637,0.196684,0.106093,0.215335,0.142069,0.375194,0.216404,0.256015,0.259958,0.209033,0.200321,0.223382,0.331073,0.007639,0.285604,0.127392,0.206297,0.293735,0.277050,0.133728,0.224393,0.292067,0.274206,0.228467,0.227649,0.221046,0.152455,0.250232,0.267322,0.335038,0.304012,0.155902,0.130363,0.277886,0.135220,0.305275,0.205513,0.215526,0.289301,0.249204,0.336532,0.235169,0.159392,0.202657,0.049490,0.348270,0.027324,0.181608,0.171370,0.202846,0.244643,0.216578,0.246443,0.168165,0.210552,0.154104,0.245132,0.120531,0.214327,0.196201,0.230779,0.284439,0.173861,0.142670,0.240433,0.118264,0.157255,0.277198,0.120018,0.356421,0.250735,0.174800,0.301246,0.070480,0.397453,0.178806,0.188067,0.274223,0.202011,0.183595,0.095478,-0.062106,0.004457,0.349637,0.095481,0.271135,0.248725,0.093885,0.205414,0.089765,0.286052,0.165601,0.236084,0.165542,0.199313,0.184137,0.094460,0.216989,0.272095,0.151460,0.135558,0.269831,0.247008,0.194806,0.264749,0.089627,0.132455,0.242827,0.262697,0.305500,0.065100,0.133432,0.194508,0.136094,0.201442,0.263059,0.146977,0.265434,0.336130,0.092771,-0.002907,0.173589,0.217371,0.354369,0.317715,0.208750,0.195279,0.234766,0.275935,0.254336,0.110446,0.128260,0.292389,0.156527,0.136071,0.118149,0.146602,0.269768,0.103731,0.268939,#
7,0.116397,0.191053,0.182520,0.216649,0.188178,0.051778,0.200416,1.000000,0.061790,0.240860,0.196282,0.345360,0.018186,0.244881,0.169366,0.218484,0.105408,0.295365,0.233665,0.250907,0.211339,0.253494,0.317158,0.112249,0.302790,0.138958,0.295621,0.363475,0.213118,0.130800,0.242884,0.197580,0.302707,0.152685,0.044133,0.260301,0.033137,0.139256,0.250687,0.218751,0.180905,0.252203,0.223898,0.143541,0.207372,0.265861,0.150971,0.266329,0.213134,0.232005,0.299172,0.215132,0.143889,0.093190,0.151556,0.250805,0.230047,0.249758,0.218949,0.267518,0.219688,0.058844,0.248829,0.198786,0.324072,0.203920,0.203129,0.164825,0.174580,0.290831,0.213640,0.100864,0.349537,0.195576,0.134066,0.111832,0.199756,0.282496,0.249952,0.334249,0.197483,0.246903,0.311340,0.223731,0.228832,0.139778,0.276394,0.020765,0.240721,0.325689,0.209047,0.182024,0.172675,0.199541,0.058437,0.242289,0.145686,0.206750,0.108430,0.028404,0.275442,0.122271,0.180655,0.160403,0.033652,0.342367,0.363257,0.078373,0.215978,0.163544,0.184188,0.199457,0.027404,0.186871,0.327673,0.169680,0.059088,0.120279,0.233147,0.252987,0.258052,0.238647,0.134263,0.209716,0.268735,0.101470,0.231338,0.266703,0.147556,0.179764,0.050039,0.251452,0.250652,0.167597,0.421063,0.164695,0.037770,0.432040,0.222239,0.272577,0.315788,0.185092,-0.036958,0.234980,0.229782,0.124277,0.266658,0.118837,0.077191,0.199231,0.198294,0.324859,0.056240,0.010547,-0.040457,0.265491,0.226739,0.258501,0.238243,0.258769,0.109010,0.297323,0.173371,0.157372,0.154119,0.145711,0.370758,0.196281,0.289940,0.239625,0.183669,0.142674,0.157937,0.044307,0.211886,0.143965,0.160117,0.153225,0.058823,0.273207,0.128615,0.180600,0.095423,0.213331,-0.047777,0.168637,0.177312,0.233065,0.120548,0.305359,0.206456,0.138061,0.302271,0.213785,0.080802,0.188625,0.095829,0.242235,0.283733,0.128647,#
8,0.242862,0.232217,0.027610,0.208108,0.234693,0.118918,0.103038,0.061790,1.000000,-0.009691,0.283415,0.163606,0.159657,0.178296,0.296180,0.136947,0.058431,0.054567,0.151056,0.191491,0.277503,0.171255,0.010104,0.236697,0.108456,0.126810,0.169564,0.212513,0.088849,0.142124,0.052276,0.180490,0.187295,0.181504,0.044750,0.247939,0.272725,0.142754,0.232017,0.284079,0.163119,0.192217,-0.048347,0.170292,0.354851,0.238479,0.189125,0.287760,0.070720,0.177398,0.048797,0.263687,0.108016,0.367511,0.216050,0.215030,0.184848,0.143463,0.100205,0.273071,0.197458,0.060041,0.196265,0.074864,0.239038,0.254521,0.174930,0.203346,0.287542,0.218701,0.063362,0.209767,0.271651,0.042129,0.058782,-0.015452,0.160438,0.154873,0.230107,-0.058547,0.202918,0.202441,0.238868,0.085015,0.246309,0.139878,0.117454,0.144966,0.350442,0.284522,0.181861,0.166640,0.141165,0.121426,0.288034,0.282319,0.228766,0.146112,0.165432,0.122567,0.212907,0.068999,0.150438,0.162034,0.205886,0.063239,0.229881,0.153546,-0.017344,0.209088,0.079167,0.139565,0.026430,0.177470,0.110237,0.247722,0.237476,0.116377,0.050623,0.228039,0.285260,0.106817,0.178101,0.214767,0.227710,0.330093,0.099676,0.259188,0.079183,0.164003,0.188438,0.148611,0.120226,0.107700,0.228188,0.141965,0.107382,0.199796,0.362812,0.287078,0.289816,0.177494,0.230157,0.109199,0.188929,0.101709,0.211554,0.244142,0.078275,0.135923,0.262857,0.113152,0.101683,0.170771,0.315807,0.217916,0.118173,0.136559,0.118002,0.256074,0.004047,0.203487,0.022681,0.227149,0.204594,0.143982,0.201747,0.210251,0.109363,0.160217,0.204025,-0.034078,0.124115,0.226817,0.105805,0.115188,0.098287,0.240053,0.302698,0.111424,0.145658,0.194981,-0.000952,0.212743,0.200089,0.177569,0.014939,0.058513,0.224670,0.169311,0.179958,0.152639,0.184518,0.105404,0.184943,0.111267,0.105157,0.000761,0.080182,0.093333,#
9,0.189377,0.069423,0.051133,0.087920,-0.026456,0.209164,0.000054,0.240860,-0.009691,1.000000,0.249335,0.139357,-0.067180,0.061020,0.156497,0.116373,0.125284,-0.037845,-0.037924,0.163896,0.111815,0.140210,0.180092,0.130913,0.013472,0.053720,0.286232,0.155116,0.167098,0.035246,0.304587,0.234707,0.113669,0.073432,0.159144,0.145797,-0.055998,0.193482,0.143927,0.116380,0.156629,0.256912,0.021735,-0.048615,0.089050,0.219450,0.052997,0.162966,0.022168,0.045202,0.185807,0.208951,0.116497,0.049728,0.159409,0.179316,0.170888,0.121779,0.074753,0.047896,0.080363,0.086927,0.187546,0.100547,0.239692,0.154698,-0.061272,0.121223,0.134523,0.018299,0.156088,0.146166,0.140946,0.146389,0.136446,0.094168,0.261271,0.086178,0.308998,0.077994,-0.092254,0.123748,-0.009645,0.153611,0.096191,0.240715,0.253523,0.087915,-0.025018,0.051513,-0.025369,0.203563,0.002672,0.114809,0.072580,0.094519,0.233842,0.044892,0.097131,0.048216,0.244643,0.207189,0.229971,0.061197,0.128904,0.130865,0.099616,0.116797,0.156834,0.036469,0.063312,0.081719,0.050488,0.162721,0.076847,0.144240,0.190294,0.170184,0.348232,-0.058892,0.323514,0.203596,0.086267,0.288759,0.138401,0.142652,-0.050516,0.167882,0.110588,0.173718,0.141173,0.210105,0.002629,0.122878,0.111578,0.024048,0.117294,0.199523,0.089534,0.075476,0.077468,0.289959,-0.008302,0.069630,0.129645,-0.051291,0.231360,0.062464,0.061499,0.328708,0.109219,0.016857,0.238209,0.069925,-0.054521,0.177323,0.192657,0.177552,0.370042,0.039438,0.077454,0.036305,0.010432,0.258674,0.163539,-0.013237,0.081603,0.146457,0.361287,0.142331,0.083325,0.124184,0.148438,0.067369,0.034317,0.116255,0.193149,-0.086957,0.003824,0.263977,0.035169,0.193182,0.231525,0.109711,0.078270,0.088491,0.201195,0.240510,0.153527,0.129633,0.165318,0.052290,0.063254,0.128614,0.100619,0.110507,0.090761,0.043023,0.099019,0.094075,#
10,0.399938,0.450569,0.133861,0.289931,0.192455,0.203820,0.190738,0.196282,0.283415,0.249335,1.000000,0.135246,-0.007102,0.270482,0.271356,0.140005,0.125558,0.231829,0.350565,0.180366,0.120310,0.271449,0.136081,0.208200,0.194843,0.089612,0.355645,0.244040,0.241736,0.233787,0.326639,0.292796,0.223510,0.208744,0.071876,0.319547,0.064848,0.294149,0.348645,0.263199,0.099984,0.187735,0.179777,0.091027,0.136282,0.291313,0.242927,0.337572,0.258008,0.208069,0.183042,0.225977,0.225631,0.191428,0.183396,0.246662,0.172470,0.231080,0.199131,0.230416,0.090432,0.198989,0.234019,0.273145,0.263469,0.297609,0.179774,0.151896,0.277627,0.194662,0.299295,0.183179,0.312858,0.142239,0.114679,0.115136,0.317801,0.069038,0.294396,0.123881,0.176554,0.238151,0.238751,0.260237,0.226925,0.072835,0.328346,0.122904,0.291911,0.274029,0.082811,0.146568,0.243156,0.153151,0.188282,0.160839,0.311737,0.054003,0.226110,0.237512,0.283689,0.205865,0.193016,0.241441,0.257927,0.107024,0.256397,0.298437,0.076147,0.196725,0.132230,0.228147,0.063574,0.193551,0.252260,0.333648,0.214345,0.036069,0.223810,0.142749,0.173907,0.142363,0.211619,0.259798,0.189405,0.245593,0.018644,0.213203,0.151681,0.383269,0.326076,0.201883,0.192590,0.118612,0.243303,0.234256,0.140862,0.294497,0.121894,0.301184,0.306394,0.173077,0.288485,0.220163,0.195792,0.146228,0.120040,0.162568,0.100148,0.284609,0.181610,0.232634,0.295108,0.135996,0.209157,0.235352,0.228383,0.128129,0.284194,0.275532,0.172120,0.211250,0.211114,0.218549,0.259154,0.063758,0.171958,0.192336,0.191498,0.223808,0.260035,0.186611,0.215797,0.188415,0.208744,0.049374,0.144792,0.204094,0.346731,0.311994,0.299607,0.196209,0.271659,0.068557,0.229744,0.186784,0.097845,0.229884,0.263070,0.213470,0.248645,0.200853,0.121028,0.132714,0.274095,0.222948,0.100236,0.280010,0.320602,0.291442,#
11,0.174495,0.299071,0.302524,0.353204,0.147123,0.108944,0.131442,0.345360,0.163606,0.139357,0.135246,1.000000,0.151579,0.118466,0.059837,0.215499,0.202535,0.258159,0.203660,0.037186,0.191097,0.284032,0.128485,0.260791,0.350638,0.231871,0.147253,0.313771,-0.067148,0.242711,0.270138,0.233434,0.211981,0.236006,0.029166,0.179395,0.124252,0.183196,0.255905,0.178821,0.246001,0.357402,0.287564,0.385230,0.081668,0.358345,0.197011,0.275312,0.125983,0.148911,0.417479,0.153207,0.251015,0.259517,0.012267,0.214287,0.397992,0.175908,0.237066,0.209606,0.052481,0.238919,0.265219,0.306960,0.282658,0.303482,0.196718,0.326578,0.178484,0.302197,0.126781,0.079516,0.277216,0.151242,0.198043,0.135508,0.232916,0.209831,0.367005,0.171748,0.265427,-0.042168,0.253797,0.336831,0.287917,0.087173,0.360881,0.219896,0.260957,0.210720,0.314413,0.280294,0.262995,0.458379,0.107676,0.177583,0.138020,0.177481,0.236247,0.280911,0.304949,0.185769,0.202228,0.171051,0.157424,0.312996,0.274046,0.187074,0.259785,0.191172,0.271195,0.219331,0.312953,0.182020,-0.032296,0.393518,0.244185,0.116607,0.219621,0.193508,0.208441,0.301680,0.310562,0.268744,0.252002,0.185387,0.271151,0.334811,0.237072,0.219363,0.138177,0.399921,0.166522,0.241640,0.171324,0.149120,-0.085753,0.316024,0.072693,0.287791,0.205140,0.202160,0.148110,0.269084,0.236220,0.068018,0.353102,0.065652,0.160567,0.154643,0.109874,0.371271,0.183479,0.187110,0.162727,0.128883,0.115048,0.042267,0.143558,0.205701,0.104496,0.236276,0.113724,0.225962,0.282280,0.149456,0.333990,0.269549,0.358679,0.254468,0.255870,0.009558,0.151917,0.050058,0.199926,0.299894,0.342420,0.117388,0.117584,0.143416,0.280875,0.248477,0.095272,0.175571,0.027330,0.251951,0.249307,0.172080,0.144221,0.163134,0.150901,0.096903,0.368383,-0.041679,0.259939,0.158337,0.084649,0.200620,0.144802,0.216850,#
12,0.093748,0.187901,0.144223,0.159975,0.216740,0.138413,0.033749,0.018186,0.159657,-0.067180,-0.007102,0.151579,1.000000,0.034903,0.192228,0.095816,0.190996,0.038620,0.201224,0.304771,0.228440,-0.001727,0.143879,0.137687,0.161999,0.117604,0.148623,0.145460,0.200527,0.308509,-0.006412,0.234708,0.254449,0.191484,0.047671,0.112060,0.194834,0.039186,0.179158,0.123200,0.370119,0.143137,0.213743,0.216321,0.195809,0.274582,0.105701,0.033121,0.138872,0.102002,0.270839,0.158811,0.160332,0.205284,0.064201,0.135760,0.153129,0.159506,0.178840,0.172246,0.139148,0.139233,0.137639,0.134587,0.193646,0.158858,0.087370,0.021613,0.092398,0.033144,0.014290,0.188273,0.085698,-0.000177,0.232744,0.101567,0.204562,0.150337,0.136581,0.048530,0.130385,0.101439,0.123276,0.183161,0.222166,0.283935,0.068650,0.202405,0.265560,0.169957,0.194126,0.238896,0.075471,0.202366,0.097689,-0.057890,0.258039,0.165146,0.015099,0.069249,0.165005,0.223036,0.156828,0.142289,0.302291,0.152921,0.136585,0.037399,0.053621,0.214450,0.240249,-0.085973,0.176761,0.258686,0.061507,0.085330,0.111971,0.194446,0.158531,0.164564,0.127128,0.229227,0.279251,0.170893,0.017584,0.212782,0.176456,0.098608,0.085273,0.089044,0.141996,0.185607,0.102456,0.016621,0.027011,0.096615,0.014884,0.120920,0.141811,0.218847,0.233544,0.045829,0.019885,0.156256,-0.006560,0.150435,0.191349,0.057037,0.154526,0.036287,0.075803,0.346243,0.005673,0.113626,0.138603,0.039377,0.094597,-0.109852,0.068395,0.002419,-0.009197,0.243735,0.119295,0.230772,0.041534,0.046009,0.172751,0.022378,0.092379,0.243586,0.074020,0.087102,0.144859,0.053901,0.154589,-0.061935,0.196987,0.220806,0.042488,0.167220,0.141895,0.135569,0.220120,0.127399,0.189901,0.228085,0.107638,0.177367,0.083961,0.048324,0.233760,0.168842,0.185970,0.096505,0.053407,0.107570,0.117702,0.160999,0.165333,0.100677,#
13,0.088874,0.234462,0.239435,0.304089,0.173612,0.023345,0.216047,0.244881,0.178296,0.061020,0.270482,0.118466,0.034903,1.000000,0.237018,0.188227,0.130082,0.039380,0.184228,0.263809,0.078784,0.195642,0.099241,0.119347,0.351684,0.240626,0.302606,0.169473,0.154340,0.127493,0.255563,0.232709,0.282372,0.246320,-0.000813,0.149652,0.002702,0.251125,0.150878,0.149930,0.091299,0.185669,0.304312,0.100855,0.119861,0.240957,0.248730,0.231500,0.161319,0.193787,0.229491,0.242091,0.242450,0.131644,0.204093,0.374295,0.143426,0.155295,0.253096,0.322396,0.258675,0.090231,0.335051,0.078874,0.147640,0.259350,0.391210,0.154723,0.404498,0.217822,0.020979,0.089829,0.231618,0.073086,0.269640,0.064101,0.256076,0.306640,0.279901,0.024676,0.254599,0.313065,0.186918,0.428782,0.354528,0.052782,0.349806,0.294354,0.251735,0.354398,0.201385,0.219080,0.248499,0.207228,0.056601,0.213449,0.170741,0.116725,0.191421,0.224163,0.360581,0.255235,0.175589,0.244380,0.211426,0.259215,0.233045,0.140064,0.242056,0.133079,0.195592,0.120208,0.208667,0.211319,0.142345,0.183505,0.261959,0.170724,0.143678,0.151448,0.295964,0.263604,0.114238,0.342205,0.204308,0.161761,0.109962,0.120494,0.305978,0.305916,0.154925,0.136980,0.090669,0.106366,0.267821,0.306133,0.149650,0.169304,0.409727,0.222639,0.164570,0.183352,0.266465,0.241851,0.321218,0.346092,0.261752,0.236891,0.019817,0.311247,0.198379,0.208157,0.192362,0.250276,0.256337,0.275454,-0.004558,0.330563,0.180657,0.187935,0.105137,0.349768,0.140114,0.378957,0.261512,0.198290,0.090031,0.112111,0.208692,0.278071,0.267512,0.328138,0.184477,-0.011246,0.218347,0.176367,0.106475,0.145022,0.244249,-0.026634,0.251820,0.222320,0.161025,0.287690,0.042745,0.208636,0.286063,0.261301,0.189042,0.244053,0.053866,0.270232,0.259092,0.077676,0.033304,0.197786,0.167641,0.267193,0.242746,0.164893,#
14,0.370943,0.147731,0.145923,0.186042,0.083934,0.239592,0.104788,0.169366,0.296180,0.156497,0.271356,0.059837,0.192228,0.237018,1.000000,0.345438,0.231052,0.201245,0.226271,0.341179,0.225953,0.165159,0.267929,0.299348,0.223127,0.100730,0.340747,0.242123,0.226797,0.287336,0.082758,0.181797,0.156961,0.109641,0.189972,0.231174,0.275146,0.303787,0.325747,0.344939,0.341029,0.226797,0.221386,0.176148,0.248499,0.391799,0.228664,0.323447,0.155744,0.186452,0.368836,0.167352,0.262099,0.209900,0.395211,0.256976,0.308708,0.157747,0.137534,0.225384,0.339298,0.237931,0.167735,0.203866,0.315896,0.202894,0.215298,0.261194,0.278807,0.197223,0.096444,0.306054,0.115036,0.340842,0.103519,0.109961,0.186295,0.253552,0.212039,0.142306,0.284633,0.091933,0.323472,0.286242,0.256980,0.264345,0.129127,0.085168,0.319215,0.266309,0.331933,0.222839,0.250638,0.241219,0.242277,0.008576,0.257066,0.205987,0.208738,0.180609,0.224380,0.325222,0.222077,0.243342,0.206212,0.236797,0.383932,0.412807,0.173152,0.235245,-0.019842,0.055789,0.204964,0.107205,0.213090,0.280120,0.137570,0.283646,0.282708,0.247963,0.429120,0.266719,0.132764,0.236289,0.221314,0.144624,0.226760,0.123262,0.030700,0.348901,0.060257,0.328067,0.225352,-0.011920,0.089037,0.142068,0.131364,0.172587,0.162708,0.214744,0.365019,0.299353,0.284718,0.155753,0.181148,0.247068,0.237397,0.114704,0.057814,0.134023,0.225746,0.144766,0.036611,0.188058,0.207213,0.116582,0.209352,0.189690,0.205213,0.017605,0.075873,0.288197,0.139127,0.149144,0.322572,0.005251,0.179774,0.241690,0.094412,0.272234,0.324824,0.267532,0.245545,0.241454,0.154418,0.077956,0.363248,0.325456,0.354745,0.261534,0.198263,0.371190,0.190246,0.266666,0.190305,0.201847,0.172806,0.118524,0.130137,0.227609,0.150885,0.290445,0.213574,0.311855,0.159235,0.095106,-0.045561,0.294152,0.229241,0.215311,#
15,0.263638,0.081134,0.219488,0.244633,0.148837,0.116509,0.138090,0.218484,0.136947,0.116373,0.140005,0.215499,0.095816,0.188227,0.345438,1.000000,0.225413,0.324305,0.285081,0.149401,0.253710,0.156003,0.151379,0.295077,0.220779,0.336911,0.334874,0.222652,0.277464,0.089841,0.199848,0.216096,0.225122,0.348986,0.082200,0.092258,0.144012,0.194370,0.293070,0.230917,0.351967,0.275596,0.270363,0.203157,0.310520,0.288938,0.107402,0.216907,0.048619,0.223958,0.299420,0.270068,0.301275,0.194501,0.294524,0.161899,0.184678,0.224314,0.168321,0.386373,0.227630,0.086426,0.241812,0.130850,0.152864,0.227553,0.249439,0.300671,0.223393,0.194914,0.206894,0.253195,0.181017,0.126639,0.204267,0.162136,0.121888,0.364559,0.226734,0.137316,0.332441,0.106708,0.223073,0.347644,0.200995,0.126772,0.225118,0.132207,0.348714,0.286350,0.191575,0.138533,0.261916,0.351301,0.133169,0.060634,0.269076,0.117709,0.280672,0.174742,0.263683,0.212337,0.286060,0.237819,0.025504,0.195970,0.198729,0.169664,0.173345,0.363706,0.112447,0.278958,0.194794,0.087406,0.198891,0.362749,0.259390,0.030425,0.186670,0.205514,0.291615,0.341528,0.144980,0.361564,0.195566,0.054229,0.197106,0.130503,0.183355,0.185030,0.095502,0.386348,0.145814,0.203715,0.208340,0.249123,0.123048,0.097279,0.201028,0.107687,0.136951,0.267630,0.216423,0.141769,0.305459,0.237135,0.319697,0.146895,0.274996,0.185743,0.267981,0.090677,0.173612,0.377737,-0.026107,0.353594,0.050199,0.253414,0.189878,0.146398,-0.003754,0.211726,0.226474,0.259365,0.228110,0.146714,0.208419,0.214142,0.172186,0.250820,0.073325,0.068054,0.269503,0.087005,0.257948,-0.019227,0.301868,0.135993,0.065230,0.281346,0.261350,0.316362,0.095587,0.297426,0.146436,0.205700,0.106485,0.254710,0.172189,0.165310,-0.025628,0.275490,0.201247,0.252141,0.102989,0.115557,0.048108,0.236508,0.116178,0.100538,#
16,0.214721,0.171862,0.216267,0.261418,0.093780,0.238575,0.204040,0.105408,0.058431,0.125284,0.125558,0.202535,0.190996,0.130082,0.231052,0.225413,1.000000,0.236098,0.107077,0.184854,0.389824,0.265962,0.294453,0.199537,0.101995,0.315968,0.287484,0.046595,0.148795,0.082346,0.159955,0.374166,0.016905,0.298419,0.000430,0.211910,0.190676,0.112274,0.233533,0.244716,0.143131,0.293127,0.170344,0.223029,0.204690,0.352574,0.225629,0.194362,0.193800,0.085507,0.132489,0.255312,0.360253,0.047014,0.217069,0.109828,0.105421,0.173983,0.257110,0.107288,0.079941,0.380622,0.262460,0.246292,0.273825,0.201856,0.234329,0.400550,0.106886,0.235180,0.081914,0.303103,0.331024,0.060589,0.194708,0.368911,0.176243,0.303655,0.294810,0.088019,0.095171,0.090994,0.157973,0.171209,0.151603,0.230828,0.345959,0.134884,0.298242,0.081629,0.237284,0.262396,0.081904,0.182331,0.133550,0.077788,0.208637,0.131393,0.283978,0.173138,0.263406,0.189052,0.056546,0.195699,0.189277,0.194876,0.175970,0.001264,0.022276,0.252780,0.257715,0.190893,0.197278,0.158427,0.223279,0.431164,0.224565,0.152365,0.111886,0.204408,0.150776,0.201708,0.225352,0.230984,0.211921,0.072904,0.156008,0.004060,0.127358,0.218045,0.090568,0.287614,0.385533,0.038208,0.265008,0.307854,-0.036841,0.228994,0.234881,0.298741,0.060242,0.173408,0.048641,0.264726,0.233113,0.132282,0.119737,0.153390,0.185991,0.063419,0.154252,0.219287,0.174252,0.124108,0.198208,0.197616,0.066541,0.089855,0.157046,0.113142,0.070215,0.303219,0.268771,0.315771,0.221750,0.040497,0.270054,0.209094,0.099712,0.105120,0.050372,-0.018322,0.193098,-0.005092,0.109485,0.220429,0.108169,0.055190,0.219452,0.124258,0.194143,0.300404,0.226172,0.007933,0.005367,0.116108,0.292033,0.176464,0.160491,0.144510,0.256418,-0.034397,0.058736,0.106020,0.237819,0.223034,-0.064300,0.241235,0.064215,0.213060,#
17,0.325396,0.276526,0.119739,0.287361,0.146338,0.150983,0.232680,0.295365,0.054567,-0.037845,0.231829,0.258159,0.038620,0.039380,0.201245,0.324305,0.236098,1.000000,0.174203,0.272263,0.352643,0.265668,0.287266,0.280790,0.300619,0.208209,0.195134,0.150817,0.236334,0.256528,0.157548,0.350695,0.370497,0.217303,-0.028506,0.199342,0.089612,0.367898,0.342126,0.042203,0.210133,0.165239,0.119011,0.327829,0.151346,0.292083,0.281219,0.193962,0.252611,0.255017,0.211459,0.086658,0.178914,0.155800,0.152293,0.245312,0.305571,0.403415,0.202963,0.367784,0.231016,0.195236,0.205734,0.207237,0.153169,0.300902,0.258371,0.257161,0.221276,0.315434,0.285890,0.187939,0.341844,0.125591,0.155100,0.284791,0.226418,0.346698,0.114019,0.249934,0.220328,0.244713,0.491602,0.283315,0.256571,0.090139,0.240081,0.191749,0.426909,0.275020,0.237230,0.143641,0.202520,0.234856,0.057316,0.060088,0.252732,0.315879,0.250988,0.238660,0.223943,0.183890,0.127783,0.273160,0.080695,0.316989,0.273053,0.374165,-0.019515,0.071847,0.178059,0.203299,0.179652,0.253759,0.120485,0.304871,0.208940,0.152842,0.161101,0.308945,0.153922,0.224337,0.183266,0.275814,0.367029,0.107326,0.224036,0.163061,0.050517,0.153520,0.005564,0.308782,0.373457,0.296584,0.243236,0.228850,0.265171,0.169210,0.219641,0.299636,0.228446,0.204418,0.117668,0.195784,0.321323,0.183530,0.096797,0.142534,0.182135,0.102404,0.239612,0.069927,0.119899,0.242738,0.097711,0.273649,0.111359,0.198581,0.353433,0.215092,0.242897,0.281783,0.254859,0.125861,0.282422,0.193500,0.124198,0.277755,0.080171,0.248412,0.334662,0.142882,0.130623,0.178750,0.318139,0.037917,0.250396,0.185525,0.099210,0.293938,0.174393,0.432780,0.164827,0.016459,0.044149,0.135984,0.165900,0.269162,0.260067,0.296343,0.178997,0.269540,0.209088,0.122419,0.380622,0.218122,0.218074,0.150701,0.168360,0.152160,#
18,0.294648,0.228991,0.253162,0.227347,0.298539,0.143496,0.281800,0.233665,0.151056,-0.037924,0.350565,0.203660,0.201224,0.184228,0.226271,0.285081,0.107077,0.174203,1.000000,0.166616,0.250570,0.184847,0.040364,0.334836,0.348249,0.202589,0.295506,0.345964,0.288704,0.159587,0.212153,0.212757,0.295971,0.080769,0.095616,0.283336,0.270816,0.180548,0.226230,0.313826,0.216451,0.280831,0.190433,0.204356,0.159657,0.267480,0.125092,0.211000,0.164337,0.217025,0.317437,0.069531,0.375757,0.336392,0.184433,0.205734,0.215601,0.314313,0.191952,0.191168,0.133174,0.160317,0.225972,0.239450,0.034298,0.347019,0.289370,0.316089,0.193851,0.046567,0.075661,0.185758,0.219256,0.168303,0.112329,0.072368,0.140703,0.288532,0.319390,0.265726,0.315660,0.117705,0.203252,0.355262,0.199868,0.046935,0.322945,0.109168,0.329673,0.219304,0.288197,0.186551,0.222739,0.270871,0.197168,0.131756,0.377867,0.303312,0.123881,0.305661,0.221614,0.293713,0.332677,0.300995,0.210386,0.281253,0.160949,0.223922,0.181908,0.351988,0.321092,0.368105,0.159166,0.249203,0.155652,0.189528,0.175383,0.112426,0.267405,0.269409,0.178369,0.273807,0.175434,0.153924,0.247677,0.225509,0.203170,0.164246,0.273252,0.246438,0.210903,0.363379,0.205154,0.162057,0.309170,0.010722,0.101265,0.287422,0.185284,0.335080,0.313109,0.116346,0.088800,0.140785,0.269146,0.166849,0.128612,0.083128,0.138593,0.169175,0.166409,0.303467,0.262522,0.128623,0.152485,0.348861,0.277365,0.266800,0.127930,0.342536,0.197017,0.240264,0.168266,0.228083,0.237801,0.105805,0.316691,0.216156,0.113210,0.277330,0.052965,0.173399,0.312984,0.045998,0.191894,0.107931,0.205765,0.337673,0.438444,0.289994,0.174826,0.277827,0.236376,0.071797,0.323041,0.219437,0.198594,0.359446,0.234420,0.261372,0.229180,0.352602,0.335709,0.177524,0.159836,0.130336,0.161971,0.301512,0.332646,0.213714,#
19,0.299397,0.243523,0.204217,0.245771,0.271842,-0.053894,0.256899,0.250907,0.191491,0.163896,0.180366,0.037186,0.304771,0.263809,0.341179,0.149401,0.184854,0.272263,0.166616,1.000000,0.161846,0.284688,0.250023,0.230428,0.162941,0.329677,0.308785,0.182135,0.212112,0.299657,0.113214,0.304157,0.240758,0.150475,0.128940,0.232533,0.016697,0.195362,0.449003,0.141727,0.164297,0.190515,0.080549,0.100323,0.202988,0.306883,0.296576,0.410449,0.166324,0.239961,0.215240,0.235064,0.143144,0.337702,0.240112,0.214212,0.167834,0.187980,0.211719,0.235581,0.249696,0.154164,0.222906,0.143737,0.203703,0.290691,0.123165,0.247123,0.289684,0.279054,0.224728,0.287815,0.289546,0.021873,0.228636,0.269012,0.195847,0.306171,0.272971,-0.014008,0.249620,0.281525,0.270091,0.196647,0.354987,0.074049,0.274865,0.165485,0.336558,0.240392,0.144859,0.267832,0.193051,0.133602,0.203220,0.118743,0.211957,0.318671,0.075318,0.158578,0.296718,0.242505,0.184252,0.252971,0.283102,0.289499,0.252015,0.386076,0.047546,0.077005,0.214882,0.115087,0.194349,0.301599,0.260615,0.194120,0.241767,0.240053,0.317425,0.074249,0.382712,0.309694,0.197864,0.273815,0.358442,0.237867,0.268471,0.216525,-0.054053,0.213052,0.007971,0.100338,0.362090,0.160633,0.093965,0.199263,0.212407,0.236838,0.248970,0.310571,0.267896,0.267167,0.060032,0.167593,0.248337,0.171888,0.174770,0.272974,0.288307,0.112608,0.215148,0.212592,0.181898,0.251261,0.142482,0.176988,0.124248,0.174516,0.172434,0.000683,0.190730,0.294460,0.305046,0.208477,0.275555,0.143598,0.069467,0.147117,0.174450,0.134535,0.322680,0.121616,0.208328,0.041597,0.225224,0.011620,0.310287,0.272733,0.138111,0.252664,0.097695,0.417788,0.089597,0.171136,0.134335,0.189506,0.218167,0.328114,0.298797,0.201507,0.215944,0.228560,0.186947,0.277213,0.123173,0.178108,0.237579,0.247161,0.255121,0.303688,#
20,0.289109,0.135314,0.330007,0.277397,0.209554,0.243420,0.233966,0.211339,0.277503,0.111815,0.120310,0.191097,0.228440,0.078784,0.225953,0.253710,0.389824,0.352643,0.250570,0.161846,1.000000,0.235416,0.250716,0.372986,0.345270,0.266896,0.276825,0.325486,0.239806,0.308770,0.185909,0.285525,0.243432,0.207563,0.093449,0.154122,0.195884,0.182473,0.174012,0.240494,0.320770,0.473653,0.133112,0.183176,0.305654,0.378356,0.218548,0.284217,0.240866,0.193011,0.135158,0.305611,0.385756,0.179147,0.145303,0.127605,0.268497,0.241912,0.277990,0.295782,0.259211,0.090524,0.316884,0.300500,0.365049,0.219018,0.301848,0.232491,0.336061,0.259943,0.157277,0.306611,0.426487,0.212339,0.178698,0.180100,0.318743,0.400241,0.178987,0.204153,0.138412,0.027843,0.360908,0.269833,0.154036,0.344030,0.332252,0.237891,0.396607,0.347974,0.253585,0.343084,0.238880,0.281238,0.183986,0.107291,0.428554,0.257379,0.182602,0.100381,0.237350,0.158001,0.253080,0.361057,0.176765,0.213445,0.174425,0.208396,0.053454,0.296954,0.280308,0.146572,0.183826,0.330770,0.136788,0.346146,0.338924,0.136100,0.070609,0.231653,0.274955,0.207893,0.176361,0.234408,0.285923,0.204914,0.346664,0.339387,0.103131,0.308652,0.129655,0.402796,0.293979,0.063051,0.300104,0.257946,0.262630,0.306195,0.338801,0.276430,0.202804,0.204923,0.022325,0.189561,0.327994,0.086549,0.160715,0.189872,0.278993,0.268394,0.276612,0.256962,0.091721,0.055251,0.210544,0.288328,0.208149,0.087896,0.264372,0.412497,0.223879,0.252838,0.215359,0.209934,0.389894,0.144559,0.100459,0.297998,0.148200,0.158222,0.208536,0.158787,0.099750,0.158782,0.172253,0.252120,0.166797,0.055730,0.368492,0.325542,0.229961,0.291477,0.174543,0.203165,0.156213,0.029981,0.211612,0.181337,0.263281,0.241093,0.217491,0.316064,0.269894,0.070780,0.338411,0.212534,0.158345,0.293426,0.160861,0.131995,#
21,0.359619,0.297527,0.376732,0.284294,0.250500,0.220374,0.193458,0.253494,0.171255,0.140210,0.271449,0.284032,-0.001727,0.195642,0.165159,0.156003,0.265962,0.265668,0.184847,0.284688,0.235416,1.000000,0.212710,0.336576,0.299144,0.150892,0.375598,0.330392,0.262859,0.327773,0.251106,0.261879,0.209006,0.318557,0.049800,0.280124,0.277126,0.249513,0.382733,0.165779,0.217151,0.352317,0.128253,0.280829,0.303162,0.329495,0.343369,0.389765,0.035966,0.349715,0.288806,0.176138,0.330685,0.208506,0.187976,0.195814,0.265373,0.249064,0.225444,0.188403,0.154029,0.128665,0.353635,0.311932,0.354676,0.274476,0.154970,0.263380,0.339015,0.386636,0.434162,0.173779,0.395846,0.231967,0.177117,0.205343,0.222407,0.250450,0.227240,0.192495,0.369613,0.212213,0.198521,0.186283,0.349167,0.114288,0.309966,0.140708,0.292894,0.374318,0.175824,0.275597,0.288136,0.178179,0.271724,0.234954,0.282080,0.269026,0.146652,0.275001,0.428440,0.177218,0.144160,0.293432,0.266084,0.334731,0.171860,0.255134,0.139976,0.193891,0.284806,0.149629,0.254048,0.349798,0.153963,0.299326,0.351037,0.110477,0.251851,0.314709,0.289199,0.316251,0.082433,0.395242,0.208855,0.256071,0.198187,0.236903,0.130725,0.214549,0.212282,0.216259,0.346216,0.213465,0.273070,0.164973,0.264378,0.237518,0.151068,0.369621,0.168017,0.240208,0.206428,0.089623,0.278738,0.220387,0.201898,0.328513,0.219770,0.161682,0.200397,0.219837,0.220204,0.309312,0.204656,0.191831,0.163465,0.205960,0.202345,0.174860,0.360508,0.172729,0.175295,0.148720,0.301979,0.029446,0.011255,0.329383,0.079112,0.303950,0.177800,0.126339,0.326768,0.182695,0.176291,0.156665,0.204429,0.159154,0.257331,0.278492,0.214455,0.333252,0.088517,0.194709,0.144521,0.159315,0.275290,0.221455,0.457195,0.217013,0.268447,0.117623,0.301530,0.020793,0.348207,0.290376,0.168503,0.198913,0.228039,0.300944,#
