0,1.000000,0.786406,0.809270,0.767486,0.704276,0.792918,0.759860,0.792276,0.763297,0.739148,0.762011,0.802369,0.774711,0.732837,0.775208,0.741035,0.761828,0.803922,0.784320,0.745676,0.793540,0.751780,0.779729,0.799866,0.706084,0.775325,0.762152,0.788409,0.717678,0.779440,0.775506,0.763808,0.757242,0.715119,0.770245,0.768444,0.766669,0.789432,0.770935,0.798146,0.770250,0.750998,0.790798,0.785913,0.763290,0.715169,0.798805,0.808032,0.765790,0.806406,0.778883,0.753419,0.792120,0.801851,0.775766,0.795614,0.770542,0.797522,0.767635,0.790545,0.818589,0.721024,0.784683,0.765370,0.767796,0.768771,0.810921,0.793204,0.762152,0.725383,0.778833,0.776491,0.837533,0.793653,0.767903,0.779147,0.791725,0.784513,0.797376,0.761793,0.813660,0.784333,0.787312,0.800838,0.773021,0.819467,0.755056,0.762222,0.704309,0.762425,0.759324,0.774299,0.755548,0.802175,0.786926,0.765990,0.723914,0.738307,0.767111,0.788103,0.785709,0.787301,0.728621,0.757807,0.767936,0.753922,0.740480,0.799381,0.776272,0.748219,0.784631,0.756584,0.804702,0.714182,0.759133,0.827858,0.722291,0.753050,0.749478,0.719147,0.726884,0.861514,0.759325,0.820235,0.761853,0.762094,0.745572,0.759949,0.725966,0.753470,0.746230,0.779705,0.781077,0.737481,0.783523,0.745931,0.757412,0.808003,0.755266,0.784757,0.755710,0.761102,0.706400,0.804111,0.802590,0.710539,0.772770,0.709236,0.798320,0.786852,0.789145,0.744002,0.766840,0.762181,0.758535,0.733305,0.755582,0.778525,0.795897,0.790160,0.792853,0.793523,0.739273,0.790654,0.765064,0.779761,0.785688,0.743154,0.766012,0.795541,0.793325,0.745936,0.774890,0.812000,0.832639,0.734664,0.759229,0.781705,0.758704,0.774899,0.756558,0.806426,0.706104,0.752777,0.761296,0.734906,0.790577,0.761350,0.766606,0.809571,0.758882,0.791734,0.758579,0.759018,0.745015,0.746141,0.760571,0.803422,0.803644,0.759874,#
1,0.786406,1.000000,0.778569,0.796442,0.775889,0.833225,0.722596,0.768851,0.798348,0.768158,0.784035,0.773166,0.770152,0.786563,0.793542,0.770124,0.752433,0.776213,0.782152,0.800512,0.817423,0.840655,0.812690,0.817783,0.747451,0.747927,0.837781,0.807036,0.730479,0.742249,0.824962,0.807327,0.797119,0.797888,0.790567,0.807156,0.723219,0.823977,0.814800,0.794146,0.760447,0.758483,0.754014,0.760184,0.758328,0.758689,0.813400,0.793672,0.831481,0.803120,0.779639,0.825030,0.795743,0.761363,0.830894,0.794810,0.778946,0.820849,0.795318,0.775722,0.775340,0.777281,0.721515,0.716570,0.783799,0.776455,0.832825,0.805959,0.803681,0.806557,0.776277,0.789281,0.861414,0.766573,0.789448,0.814911,0.760242,0.799661,0.792392,0.776983,0.822503,0.782923,0.848674,0.818006,0.803266,0.782650,0.744058,0.771625,0.786561,0.784011,0.751891,0.740936,0.786638,0.804218,0.733524,0.714387,0.760285,0.769147,0.765013,0.817970,0.803863,0.820708,0.748798,0.793569,0.765035,0.762808,0.758549,0.811090,0.760808,0.745985,0.790997,0.778483,0.773372,0.757192,0.753335,0.785557,0.783239,0.809508,0.769744,0.725831,0.804759,0.791008,0.733469,0.802423,0.735157,0.752998,0.774813,0.777238,0.800164,0.815705,0.757534,0.799570,0.754298,0.777342,0.817950,0.750665,0.757562,0.774520,0.791856,0.728766,0.803702,0.782277,0.775096,0.786793,0.754380,0.765367,0.796999,0.717647,0.817330,0.776579,0.819689,0.811807,0.790351,0.752911,0.802867,0.744939,0.786201,0.797499,0.754289,0.775515,0.784297,0.812248,0.787084,0.819826,0.809721,0.744628,0.769561,0.775912,0.741745,0.787301,0.791018,0.749244,0.787167,0.802730,0.816383,0.742495,0.766007,0.830629,0.757838,0.791155,0.773365,0.789575,0.740610,0.747157,0.774385,0.796200,0.793638,0.699371,0.777317,0.783072,0.792713,0.770740,0.751487,0.783955,0.820687,0.721496,0.749998,0.790996,0.773341,0.765780,#
2,0.809270,0.778569,1.000000,0.746086,0.704380,0.792315,0.731696,0.775817,0.785604,0.747926,0.761026,0.724511,0.702606,0.740479,0.768199,0.741318,0.728810,0.781521,0.713599,0.760078,0.730380,0.759547,0.716431,0.813894,0.717677,0.707155,0.802399,0.814964,0.789070,0.768902,0.802324,0.767913,0.753320,0.719033,0.731949,0.770179,0.772129,0.774021,0.820476,0.752128,0.744836,0.774984,0.772571,0.735537,0.713279,0.714461,0.839119,0.734781,0.758968,0.822756,0.778427,0.761292,0.777387,0.814641,0.833492,0.774277,0.776970,0.771042,0.715199,0.752054,0.825733,0.780685,0.746067,0.779745,0.763512,0.775239,0.819682,0.761434,0.772125,0.775715,0.776081,0.751967,0.819478,0.769927,0.777116,0.782004,0.770964,0.762587,0.775471,0.787048,0.787391,0.796932,0.801247,0.807700,0.812469,0.798325,0.752651,0.828297,0.762231,0.760518,0.772221,0.775236,0.791404,0.755557,0.789970,0.728694,0.747500,0.737604,0.837757,0.789213,0.776925,0.743946,0.720213,0.736635,0.713366,0.803254,0.776639,0.762007,0.772772,0.735148,0.782423,0.723533,0.796473,0.726827,0.729693,0.742503,0.744729,0.766306,0.785828,0.664221,0.750023,0.762466,0.710156,0.797516,0.765669,0.734670,0.742646,0.767938,0.754034,0.795910,0.801055,0.798800,0.800197,0.796382,0.796617,0.777234,0.742516,0.767506,0.762493,0.729449,0.781079,0.762076,0.710473,0.727823,0.752114,0.794323,0.734226,0.733523,0.761362,0.760644,0.799532,0.754566,0.747380,0.780683,0.761584,0.753851,0.771378,0.720382,0.735322,0.731117,0.746843,0.707950,0.741632,0.769349,0.731031,0.755028,0.803079,0.732930,0.735957,0.747625,0.759990,0.738014,0.754965,0.738213,0.797174,0.738894,0.733455,0.807341,0.753483,0.751141,0.742846,0.807471,0.687072,0.796798,0.737017,0.750188,0.741587,0.715790,0.779305,0.760222,0.741825,0.763848,0.808665,0.755276,0.743672,0.763336,0.748006,0.800873,0.709233,0.774570,#
3,0.767486,0.796442,0.746086,1.000000,0.756085,0.779467,0.736920,0.746529,0.768321,0.748672,0.754592,0.755805,0.762814,0.709701,0.746324,0.771999,0.737379,0.749149,0.768536,0.729492,0.750067,0.793043,0.720202,0.750589,0.748433,0.759174,0.770509,0.772471,0.721630,0.717351,0.776658,0.803692,0.739506,0.772633,0.788300,0.763522,0.711157,0.787928,0.706763,0.792106,0.757399,0.740037,0.750532,0.739364,0.733216,0.768265,0.821526,0.768516,0.807580,0.764323,0.786902,0.729519,0.781865,0.715823,0.772694,0.771129,0.699459,0.771776,0.818652,0.764168,0.747624,0.772349,0.702522,0.735026,0.801130,0.777765,0.755488,0.755193,0.713275,0.745266,0.727654,0.795278,0.820573,0.771428,0.733626,0.751459,0.735639,0.771032,0.753584,0.802965,0.799897,0.711547,0.769843,0.812181,0.761762,0.802662,0.746897,0.730056,0.722707,0.760858,0.693935,0.746346,0.777526,0.786954,0.745461,0.747818,0.699567,0.702735,0.730913,0.772397,0.728885,0.750001,0.689326,0.730021,0.772395,0.745246,0.735877,0.781501,0.737588,0.739531,0.733872,0.743899,0.728807,0.736969,0.741686,0.771676,0.724801,0.731277,0.760961,0.669226,0.712632,0.761015,0.697729,0.757512,0.726506,0.739249,0.751271,0.755767,0.732757,0.778562,0.732423,0.762749,0.714131,0.792909,0.804665,0.768283,0.800241,0.731444,0.710772,0.709789,0.748737,0.753444,0.729721,0.730768,0.724062,0.791695,0.729239,0.725670,0.748781,0.715798,0.755526,0.754050,0.745461,0.744076,0.742431,0.693225,0.782239,0.750745,0.709421,0.766258,0.776255,0.754365,0.734955,0.796391,0.761155,0.751384,0.749350,0.706624,0.749856,0.742025,0.775346,0.764658,0.758145,0.764159,0.732573,0.731781,0.725010,0.762478,0.775145,0.725431,0.715219,0.786726,0.689026,0.731476,0.715948,0.732905,0.735265,0.666740,0.795421,0.801361,0.709365,0.731538,0.717506,0.722641,0.747902,0.750444,0.763966,0.763626,0.720228,0.772901,#
4,0.704276,0.775889,0.704380,0.756085,1.000000,0.774667,0.759370,0.717490,0.706179,0.712627,0.728466,0.749251,0.689458,0.725933,0.705453,0.767204,0.722410,0.787874,0.729996,0.768851,0.767429,0.752357,0.713960,0.773365,0.712810,0.695488,0.757052,0.731278,0.721244,0.710510,0.825832,0.734967,0.764743,0.688292,0.718965,0.756273,0.690473,0.762674,0.701079,0.782616,0.745175,0.715547,0.712489,0.753652,0.719726,0.716365,0.768917,0.730435,0.788453,0.754409,0.765096,0.736732,0.762858,0.674320,0.762830,0.757559,0.715434,0.741675,0.771525,0.736442,0.716704,0.762469,0.723790,0.691999,0.772834,0.780578,0.794655,0.723217,0.708482,0.733921,0.744096,0.788754,0.777107,0.734978,0.699044,0.734975,0.721822,0.747867,0.775615,0.755199,0.716893,0.729543,0.781673,0.730589,0.763973,0.709459,0.675790,0.682950,0.727452,0.783869,0.684270,0.710309,0.690980,0.751471,0.695227,0.728281,0.735718,0.679136,0.680183,0.757006,0.780987,0.763381,0.720926,0.723782,0.732177,0.707489,0.753400,0.752180,0.733611,0.731277,0.709089,0.722988,0.735552,0.783100,0.718861,0.737603,0.716436,0.790236,0.683162,0.652157,0.738976,0.744461,0.771399,0.763887,0.710374,0.759924,0.712862,0.726355,0.784314,0.768466,0.793342,0.754773,0.695474,0.728986,0.785996,0.760559,0.767327,0.756903,0.707632,0.691073,0.716171,0.777925,0.737976,0.739043,0.709744,0.726379,0.773577,0.663309,0.725649,0.748069,0.759288,0.813980,0.693394,0.690117,0.772522,0.710390,0.782074,0.715672,0.755117,0.717968,0.702946,0.736795,0.785371,0.750465,0.760779,0.715206,0.724075,0.713758,0.712998,0.750472,0.729492,0.721625,0.739118,0.720360,0.802040,0.736591,0.717801,0.772836,0.733703,0.726603,0.782554,0.745960,0.739498,0.696280,0.784511,0.722985,0.731077,0.754028,0.715253,0.706749,0.696341,0.707676,0.699643,0.729620,0.756355,0.670785,0.723013,0.765394,0.741271,0.690830,#
5,0.792918,0.833225,0.792315,0.779467,0.774667,1.000000,0.716121,0.787346,0.772245,0.753627,0.749307,0.757115,0.734409,0.737537,0.767461,0.748644,0.751365,0.777357,0.774602,0.803949,0.778541,0.761270,0.723571,0.774803,0.740730,0.790204,0.823644,0.821144,0.693700,0.766095,0.808479,0.809159,0.789754,0.771459,0.751929,0.803835,0.758383,0.760506,0.766948,0.778620,0.770140,0.748246,0.718594,0.758955,0.763595,0.768867,0.811615,0.804596,0.812310,0.788350,0.803503,0.726448,0.782855,0.802238,0.781724,0.853510,0.764034,0.788509,0.797284,0.798107,0.735494,0.763233,0.768792,0.791292,0.752325,0.751565,0.803333,0.780466,0.760200,0.795606,0.799626,0.784346,0.845291,0.759633,0.750266,0.748214,0.765728,0.784422,0.769623,0.785039,0.809105,0.787025,0.822821,0.796226,0.766096,0.792116,0.754652,0.768396,0.787828,0.784406,0.748324,0.726226,0.772105,0.796376,0.736471,0.679412,0.777497,0.737936,0.805704,0.731917,0.819616,0.782051,0.815461,0.767175,0.757564,0.766476,0.777711,0.798020,0.734797,0.768524,0.769857,0.781314,0.761701,0.715148,0.695021,0.760358,0.786244,0.791955,0.750606,0.678861,0.750833,0.805708,0.774233,0.835622,0.741675,0.773571,0.796271,0.748996,0.791261,0.776592,0.773755,0.823788,0.804985,0.814117,0.797629,0.739599,0.753576,0.798292,0.725216,0.741918,0.771411,0.759403,0.767957,0.782405,0.845443,0.741279,0.762080,0.747783,0.773229,0.835725,0.816971,0.792701,0.760826,0.760338,0.786822,0.709611,0.799303,0.765351,0.770224,0.764277,0.766223,0.803077,0.786839,0.780246,0.797532,0.736452,0.719487,0.784260,0.748977,0.760796,0.817844,0.766816,0.778814,0.759553,0.791901,0.754309,0.746470,0.811688,0.788209,0.779698,0.776511,0.792720,0.688439,0.741696,0.763906,0.774306,0.766311,0.728992,0.811973,0.822765,0.729264,0.802817,0.729814,0.794294,0.731335,0.744256,0.729142,0.793818,0.763496,0.765514,#
6,0.759860,0.722596,0.731696,0.736920,0.759370,0.716121,1.000000,0.697212,0.758508,0.760053,0.737991,0.740367,0.722413,0.750074,0.674653,0.772802,0.739957,0.782753,0.733653,0.719403,0.789265,0.731277,0.685139,0.754622,0.733954,0.748666,0.747772,0.747579,0.710858,0.747670,0.758713,0.781067,0.770981,0.734128,0.721090,0.770364,0.752035,0.750445,0.718001,0.777033,0.753820,0.773144,0.764530,0.766028,0.746079,0.648378,0.789774,0.744445,0.813040,0.796500,0.786242,0.766194,0.772687,0.665362,0.783334,0.736110,0.759099,0.796220,0.791908,0.713472,0.778990,0.764875,0.720137,0.695418,0.786882,0.761368,0.818472,0.765822,0.764865,0.710784,0.748421,0.810989,0.788354,0.758954,0.697806,0.760868,0.763467,0.782573,0.785929,0.720483,0.763382,0.776524,0.736223,0.834110,0.759580,0.722590,0.709722,0.741561,0.757480,0.774527,0.714061,0.752647,0.688987,0.778623,0.732272,0.727804,0.727080,0.731796,0.741892,0.736007,0.773930,0.785017,0.733554,0.740955,0.779753,0.690316,0.762296,0.744018,0.757144,0.708014,0.689534,0.718068,0.722153,0.724927,0.682656,0.749910,0.703940,0.760652,0.700619,0.716920,0.714634,0.754707,0.694983,0.804288,0.743363,0.753109,0.713420,0.731800,0.698947,0.738577,0.766145,0.750158,0.706939,0.710156,0.765544,0.736831,0.776955,0.751096,0.767450,0.763379,0.755499,0.783685,0.686982,0.752132,0.740878,0.761133,0.751351,0.700749,0.732301,0.738202,0.744549,0.784630,0.692060,0.717394,0.717739,0.693341,0.768730,0.676055,0.745720,0.790667,0.764626,0.758408,0.697354,0.758996,0.770818,0.745482,0.789566,0.658122,0.741554,0.772775,0.758451,0.742670,0.713826,0.698074,0.747097,0.764090,0.725837,0.771992,0.753249,0.749401,0.759187,0.777002,0.737475,0.761405,0.721957,0.727458,0.732683,0.731503,0.743714,0.738385,0.694201,0.741575,0.728854,0.718905,0.761945,0.757674,0.758031,0.776961,0.724445,0.741231,#
7,0.792276,0.768851,0.775817,0.746529,0.717490,0.787346,0.697212,1.000000,0.784235,0.699614,0.757718,0.737835,0.725919,0.745349,0.752934,0.728689,0.733125,0.779157,0.757988,0.763730,0.780831,0.729716,0.792326,0.748402,0.729052,0.785519,0.771291,0.780324,0.712250,0.798728,0.757200,0.753362,0.731200,0.736265,0.765861,0.768403,0.775498,0.768511,0.743222,0.745168,0.771830,0.773106,0.726702,0.730895,0.729703,0.718145,0.784759,0.796812,0.797985,0.754710,0.774549,0.739867,0.796088,0.806033,0.800231,0.758543,0.764904,0.775868,0.773437,0.802659,0.719747,0.764283,0.775227,0.760654,0.780894,0.770798,0.833566,0.753937,0.773321,0.703371,0.788524,0.706602,0.807019,0.806815,0.758186,0.762134,0.776690,0.764023,0.734895,0.734863,0.820068,0.746286,0.806436,0.789554,0.762538,0.776045,0.792983,0.737682,0.749064,0.763323,0.731263,0.781159,0.759241,0.760518,0.759323,0.731499,0.760810,0.785691,0.780994,0.776882,0.786973,0.738007,0.736635,0.743078,0.745471,0.715890,0.761032,0.798967,0.763921,0.738631,0.815993,0.750371,0.779999,0.755150,0.708773,0.769288,0.718848,0.745537,0.744330,0.719217,0.770570,0.761486,0.711750,0.783068,0.771000,0.784174,0.729516,0.773278,0.716150,0.744334,0.764708,0.758703,0.769340,0.717227,0.793710,0.793053,0.782950,0.797018,0.711166,0.738729,0.732542,0.733409,0.757270,0.739749,0.767955,0.736524,0.773874,0.653279,0.763178,0.724046,0.769474,0.767979,0.755337,0.709091,0.744183,0.766940,0.785976,0.757968,0.777993,0.756045,0.778163,0.732048,0.812640,0.742507,0.775632,0.729641,0.761780,0.753853,0.695076,0.735798,0.793551,0.753447,0.744078,0.764997,0.764682,0.722602,0.718404,0.741021,0.776109,0.763070,0.743633,0.763498,0.733674,0.759641,0.723900,0.746998,0.777151,0.697575,0.774056,0.804063,0.768137,0.762541,0.725444,0.742642,0.771119,0.748779,0.766188,0.799811,0.793667,0.749923,#
8,0.763297,0.798348,0.785604,0.768321,0.706179,0.772245,0.758508,0.784235,1.000000,0.775879,0.756451,0.755758,0.748169,0.762218,0.750063,0.782357,0.722212,0.809463,0.714486,0.776971,0.787589,0.797793,0.718242,0.759007,0.752035,0.753810,0.780630,0.750956,0.754352,0.744060,0.777387,0.795334,0.743222,0.736138,0.742682,0.817309,0.738168,0.784943,0.734758,0.760289,0.731819,0.735887,0.824868,0.747524,0.735206,0.700579,0.782302,0.763295,0.804119,0.759087,0.815912,0.786570,0.735774,0.787415,0.778521,0.785817,0.781560,0.776225,0.752081,0.734927,0.780033,0.782025,0.795122,0.742591,0.795586,0.802162,0.816123,0.780667,0.803608,0.738803,0.766868,0.771678,0.827503,0.776936,0.750594,0.748033,0.765835,0.789121,0.744928,0.761122,0.804884,0.761346,0.772508,0.791312,0.812267,0.776093,0.732824,0.794584,0.730841,0.727434,0.750200,0.739795,0.753921,0.744559,0.740737,0.709350,0.752055,0.766041,0.825236,0.807797,0.782843,0.732095,0.776204,0.787965,0.724250,0.757225,0.759369,0.774682,0.706379,0.767974,0.735282,0.767450,0.772370,0.724528,0.680018,0.779045,0.724788,0.758381,0.761753,0.757793,0.716729,0.745439,0.707781,0.795481,0.746854,0.777070,0.713943,0.751171,0.751094,0.781612,0.734401,0.771932,0.758128,0.744719,0.789873,0.754015,0.775242,0.766247,0.760409,0.764189,0.778807,0.779341,0.764527,0.711413,0.759317,0.718569,0.729429,0.718614,0.781452,0.773569,0.768286,0.791410,0.724484,0.807167,0.728451,0.729085,0.782623,0.771600,0.795443,0.779713,0.760530,0.724054,0.788508,0.771526,0.745694,0.727742,0.745963,0.773465,0.748691,0.726852,0.787343,0.736011,0.722462,0.735284,0.794878,0.748515,0.743679,0.798507,0.759557,0.725391,0.748269,0.785314,0.733063,0.767087,0.760317,0.736286,0.813594,0.706927,0.755413,0.805844,0.776391,0.791499,0.799971,0.759971,0.762339,0.702140,0.733088,0.756268,0.749068,0.797917,#
9,0.739148,0.768158,0.747926,0.748672,0.712627,0.753627,0.760053,0.699614,0.775879,1.000000,0.744512,0.718049,0.740584,0.753271,0.764165,0.759652,0.739501,0.774487,0.747273,0.711779,0.795384,0.743747,0.691509,0.776694,0.736723,0.688234,0.755493,0.816580,0.694240,0.789247,0.741083,0.785490,0.774730,0.753131,0.723414,0.780636,0.731987,0.753483,0.733919,0.783855,0.755552,0.771809,0.726640,0.722740,0.759900,0.695269,0.760383,0.765341,0.778365,0.751589,0.778853,0.735995,0.708486,0.718713,0.770598,0.756952,0.769488,0.838020,0.718627,0.742560,0.783881,0.764393,0.736945,0.711825,0.745450,0.805282,0.809582,0.773355,0.788047,0.712457,0.753019,0.755848,0.782221,0.747154,0.729148,0.754642,0.779714,0.810954,0.764471,0.820642,0.780623,0.766262,0.757189,0.829410,0.781775,0.742664,0.729444,0.806175,0.743921,0.725149,0.744863,0.710677,0.752106,0.745841,0.748799,0.689417,0.726291,0.707129,0.747563,0.773519,0.808051,0.779019,0.782347,0.764860,0.749143,0.769930,0.745747,0.787551,0.788104,0.778426,0.752875,0.758353,0.751920,0.724637,0.694955,0.795332,0.655928,0.745523,0.701443,0.714564,0.694767,0.763474,0.720806,0.791958,0.764264,0.763214,0.757269,0.722003,0.777081,0.737267,0.733150,0.795506,0.734142,0.744165,0.791430,0.708670,0.750055,0.757262,0.736617,0.725548,0.802924,0.808219,0.762690,0.771411,0.772772,0.794173,0.761866,0.756948,0.778611,0.763309,0.729809,0.730945,0.748799,0.768536,0.743635,0.744957,0.732339,0.758880,0.732767,0.786158,0.778755,0.791740,0.753777,0.757418,0.763986,0.783883,0.716857,0.733673,0.786770,0.727904,0.781557,0.753293,0.735590,0.701847,0.779697,0.779286,0.742890,0.805884,0.718461,0.782131,0.777551,0.774042,0.756255,0.716839,0.751633,0.770720,0.734344,0.714776,0.776231,0.717378,0.738746,0.764429,0.708766,0.725114,0.738146,0.724476,0.768229,0.753822,0.731410,0.716399,#
10,0.762011,0.784035,0.761026,0.754592,0.728466,0.749307,0.737991,0.757718,0.756451,0.744512,1.000000,0.762879,0.741848,0.736327,0.718999,0.738569,0.753792,0.743472,0.775687,0.747293,0.769279,0.738394,0.753483,0.811332,0.704881,0.743642,0.770956,0.792038,0.722125,0.768153,0.761737,0.760875,0.770231,0.767934,0.750004,0.785089,0.766115,0.772680,0.762348,0.751930,0.760109,0.732376,0.758088,0.724864,0.735720,0.754669,0.825895,0.758030,0.783543,0.810432,0.770094,0.787894,0.752412,0.693020,0.797085,0.793550,0.763503,0.811393,0.715942,0.767213,0.782088,0.782310,0.795745,0.753232,0.791705,0.736008,0.813936,0.744590,0.798756,0.749336,0.818871,0.777238,0.835381,0.695727,0.745324,0.799162,0.738932,0.803022,0.775186,0.744581,0.811699,0.759454,0.753461,0.760139,0.767674,0.729393,0.746715,0.716123,0.745617,0.811743,0.705813,0.762591,0.799546,0.723407,0.712807,0.727622,0.711386,0.785316,0.742803,0.782818,0.746818,0.724289,0.732012,0.787222,0.767533,0.754637,0.749472,0.740906,0.731851,0.736742,0.747491,0.734177,0.806171,0.734243,0.694496,0.774390,0.690373,0.760531,0.730960,0.719310,0.733894,0.784479,0.699423,0.807360,0.703124,0.749078,0.757650,0.730181,0.783535,0.785815,0.721792,0.769738,0.719306,0.753203,0.797399,0.817425,0.736558,0.737702,0.761722,0.783445,0.797756,0.788264,0.701776,0.750881,0.735995,0.759865,0.790591,0.716413,0.770134,0.758240,0.740500,0.748017,0.747657,0.733550,0.784057,0.701707,0.802693,0.785471,0.720234,0.730413,0.796034,0.726050,0.755613,0.774781,0.781622,0.711707,0.758323,0.706930,0.740524,0.797457,0.765502,0.759403,0.692905,0.721771,0.791289,0.744840,0.716366,0.769319,0.720807,0.772260,0.735761,0.737580,0.731181,0.730126,0.698643,0.773208,0.762206,0.749924,0.710869,0.778876,0.749356,0.706091,0.742122,0.787811,0.769681,0.745939,0.756285,0.781858,0.743094,0.768173,#
11,0.802369,0.773166,0.724511,0.755805,0.749251,0.757115,0.740367,0.737835,0.755758,0.718049,0.762879,1.000000,0.769557,0.747192,0.762466,0.759598,0.749360,0.812736,0.799686,0.761064,0.755447,0.736297,0.790791,0.786494,0.732200,0.735878,0.774364,0.735327,0.759891,0.722995,0.782393,0.783900,0.776316,0.739889,0.713862,0.787548,0.776826,0.809536,0.723490,0.763723,0.764934,0.712164,0.745543,0.744688,0.733189,0.691816,0.824370,0.813601,0.770592,0.802760,0.763201,0.740635,0.798503,0.711236,0.797778,0.773843,0.733744,0.802206,0.758165,0.768798,0.736215,0.740519,0.812762,0.735731,0.773283,0.773341,0.781117,0.753202,0.795558,0.752134,0.781310,0.744867,0.806756,0.782997,0.789769,0.748032,0.777523,0.801369,0.735406,0.710073,0.777352,0.747594,0.773384,0.774246,0.795592,0.750991,0.677757,0.729469,0.696985,0.710938,0.766911,0.758276,0.743383,0.752712,0.695582,0.767141,0.728394,0.748321,0.739429,0.770900,0.748352,0.781877,0.784421,0.749411,0.770187,0.734411,0.762473,0.786818,0.798717,0.728449,0.765837,0.785920,0.782876,0.690436,0.677879,0.761998,0.744569,0.737889,0.751308,0.749619,0.695242,0.761886,0.738050,0.804261,0.734732,0.780177,0.783625,0.773333,0.769484,0.793595,0.769186,0.744801,0.778586,0.752606,0.787368,0.749999,0.789958,0.749646,0.768226,0.741092,0.752886,0.761445,0.734035,0.772358,0.762032,0.719479,0.797633,0.717159,0.754105,0.774188,0.753915,0.735545,0.755456,0.781606,0.768392,0.713983,0.794189,0.736991,0.731272,0.759537,0.798401,0.772185,0.828772,0.769805,0.802734,0.732146,0.783878,0.701407,0.740434,0.816690,0.794280,0.720470,0.784209,0.807923,0.777587,0.749586,0.756152,0.761361,0.739598,0.770313,0.760611,0.727684,0.779081,0.727656,0.773210,0.697866,0.755715,0.781307,0.719545,0.751347,0.757276,0.775957,0.721518,0.739039,0.742318,0.746616,0.773464,0.772534,0.759763,0.699394,#
12,0.774711,0.770152,0.702606,0.762814,0.689458,0.734409,0.722413,0.725919,0.748169,0.740584,0.741848,0.769557,1.000000,0.738895,0.729886,0.723538,0.693909,0.764103,0.774424,0.724922,0.763254,0.682425,0.766139,0.790413,0.719576,0.756152,0.728391,0.754211,0.706147,0.723943,0.733387,0.756290,0.724042,0.760307,0.764812,0.774118,0.728170,0.776275,0.737952,0.736649,0.663171,0.695298,0.695121,0.713206,0.751501,0.716159,0.801988,0.736932,0.777673,0.771763,0.825882,0.693976,0.734067,0.727088,0.789223,0.778871,0.734295,0.756370,0.746503,0.736193,0.726690,0.716389,0.747326,0.690792,0.770896,0.761701,0.763184,0.734253,0.781223,0.739895,0.739147,0.758615,0.788814,0.751601,0.751431,0.743003,0.744653,0.774416,0.759826,0.760576,0.765203,0.729723,0.762436,0.782643,0.703160,0.771670,0.661725,0.734036,0.697308,0.684485,0.753756,0.727209,0.768186,0.706802,0.685093,0.714867,0.747767,0.704968,0.709821,0.732262,0.698022,0.787380,0.730653,0.755486,0.713688,0.684365,0.705203,0.744491,0.769435,0.746176,0.724043,0.738983,0.743932,0.690634,0.774052,0.763760,0.650555,0.713533,0.744130,0.723274,0.702588,0.779992,0.692685,0.764716,0.718941,0.788870,0.768951,0.707780,0.728703,0.728522,0.673059,0.696638,0.697360,0.723012,0.735062,0.728122,0.711865,0.749268,0.688530,0.671162,0.779435,0.748288,0.705865,0.765960,0.686782,0.704686,0.763319,0.665269,0.751043,0.755432,0.755019,0.706195,0.739943,0.692226,0.715784,0.754353,0.783198,0.774667,0.780729,0.735947,0.752078,0.758996,0.743748,0.760076,0.797189,0.655563,0.702666,0.755057,0.699081,0.755869,0.770230,0.691440,0.748515,0.729492,0.744658,0.691310,0.781280,0.781585,0.707624,0.718300,0.731648,0.765451,0.722142,0.685551,0.671940,0.701277,0.708794,0.723831,0.789301,0.766672,0.696288,0.746981,0.656191,0.715100,0.706642,0.760038,0.728156,0.770911,0.776037,0.687405,#
13,0.732837,0.786563,0.740479,0.709701,0.725933,0.737537,0.750074,0.745349,0.762218,0.753271,0.736327,0.747192,0.738895,1.000000,0.711361,0.721555,0.676784,0.817667,0.767241,0.735478,0.757399,0.724664,0.771366,0.741892,0.747541,0.746826,0.715734,0.774103,0.752385,0.790695,0.715653,0.751498,0.776135,0.783379,0.647774,0.738329,0.742397,0.792165,0.763585,0.784856,0.801631,0.722026,0.738662,0.724373,0.767773,0.722870,0.783272,0.771504,0.805823,0.807791,0.779704,0.788825,0.733018,0.713917,0.815161,0.799862,0.772108,0.795166,0.750176,0.758333,0.760361,0.737027,0.728633,0.731203,0.789999,0.774612,0.795872,0.756073,0.801392,0.727181,0.725674,0.768453,0.774635,0.785932,0.770547,0.745377,0.760132,0.785931,0.803107,0.734443,0.772211,0.749684,0.788862,0.797632,0.755238,0.772940,0.670517,0.718159,0.790693,0.747180,0.712565,0.741962,0.734622,0.758746,0.730005,0.702257,0.739204,0.713653,0.734838,0.791108,0.773753,0.749405,0.755145,0.779094,0.764346,0.788376,0.739235,0.787863,0.732597,0.730149,0.763747,0.758731,0.760376,0.738314,0.716577,0.774580,0.678736,0.771097,0.779530,0.688562,0.748830,0.758947,0.682444,0.730565,0.712322,0.752111,0.762493,0.728134,0.754237,0.729929,0.762813,0.721449,0.733553,0.727191,0.768870,0.746948,0.735936,0.780053,0.813334,0.702338,0.768256,0.791411,0.782678,0.716472,0.705411,0.733938,0.751639,0.716497,0.761757,0.718428,0.793138,0.777377,0.715117,0.750034,0.735683,0.721154,0.791355,0.739341,0.762007,0.735426,0.770557,0.751920,0.741993,0.781600,0.780340,0.724731,0.777996,0.728547,0.768166,0.731574,0.767234,0.745852,0.786320,0.753527,0.801917,0.770626,0.764916,0.796801,0.739805,0.771639,0.739074,0.741838,0.790050,0.718812,0.756187,0.747759,0.717316,0.747183,0.710864,0.750485,0.768527,0.756203,0.751069,0.751837,0.773711,0.686194,0.757232,0.792382,0.757833,0.703045,#
14,0.775208,0.793542,0.768199,0.746324,0.705453,0.767461,0.674653,0.752934,0.750063,0.764165,0.718999,0.762466,0.729886,0.711361,1.000000,0.717689,0.704718,0.728441,0.687888,0.729498,0.747800,0.746861,0.736118,0.803474,0.725201,0.676212,0.776374,0.741457,0.691190,0.750103,0.787901,0.726332,0.731898,0.690703,0.736659,0.762662,0.683289,0.761380,0.757606,0.706914,0.742027,0.714356,0.751640,0.719584,0.713974,0.725525,0.761189,0.734339,0.722682,0.716207,0.730304,0.747678,0.714655,0.780220,0.757444,0.764795,0.710976,0.736039,0.741491,0.716131,0.744988,0.780573,0.752958,0.718479,0.739155,0.733398,0.774693,0.732432,0.781788,0.729470,0.718671,0.704478,0.784936,0.740993,0.757016,0.725219,0.717393,0.768784,0.730165,0.722937,0.763720,0.733885,0.780016,0.777576,0.765734,0.770950,0.671491,0.725152,0.733408,0.660093,0.700056,0.676708,0.758174,0.789705,0.744507,0.706587,0.752054,0.724781,0.726310,0.731504,0.771116,0.745508,0.751923,0.690140,0.722591,0.738541,0.723398,0.732214,0.769251,0.734153,0.747844,0.785090,0.767767,0.694296,0.640555,0.761890,0.665996,0.697874,0.707925,0.701783,0.729403,0.768811,0.689521,0.762031,0.764653,0.669958,0.763128,0.764180,0.686351,0.739351,0.713756,0.783696,0.724561,0.720295,0.751899,0.737069,0.783489,0.750691,0.723328,0.731477,0.740130,0.764309,0.659597,0.769581,0.722592,0.755528,0.795469,0.691318,0.742732,0.707862,0.762927,0.738929,0.689883,0.738577,0.760432,0.701618,0.727595,0.721677,0.698447,0.724045,0.751546,0.727333,0.734001,0.731958,0.747595,0.685155,0.678433,0.701645,0.669821,0.774344,0.739573,0.693633,0.752722,0.751872,0.811320,0.734622,0.718729,0.735397,0.720778,0.731788,0.713532,0.750987,0.740076,0.723236,0.748490,0.731122,0.780853,0.686422,0.751926,0.726121,0.700671,0.729627,0.755504,0.740736,0.671613,0.692098,0.720158,0.731633,0.702501,0.685246,#
15,0.741035,0.770124,0.741318,0.771999,0.767204,0.748644,0.772802,0.728689,0.782357,0.759652,0.738569,0.759598,0.723538,0.721555,0.717689,1.000000,0.704725,0.786671,0.736572,0.730226,0.733854,0.794761,0.750218,0.760712,0.749075,0.716900,0.742034,0.739963,0.730542,0.723258,0.806368,0.784152,0.779500,0.778234,0.703200,0.784930,0.761404,0.797652,0.740445,0.723187,0.710815,0.711380,0.764966,0.751751,0.780777,0.720152,0.793318,0.751947,0.794155,0.786466,0.788972,0.751740,0.721281,0.741893,0.764396,0.751991,0.767797,0.751524,0.757303,0.716500,0.770463,0.773544,0.745283,0.758206,0.768844,0.765396,0.783351,0.773933,0.744424,0.702329,0.762030,0.733706,0.741061,0.740132,0.769405,0.752879,0.769402,0.755958,0.787685,0.746268,0.761262,0.728831,0.747865,0.775923,0.792879,0.754670,0.673963,0.743906,0.734942,0.715541,0.700176,0.736956,0.774935,0.776046,0.685118,0.727779,0.706622,0.737877,0.726196,0.755435,0.769791,0.753487,0.760904,0.763286,0.727724,0.715557,0.714514,0.771677,0.724473,0.765809,0.717142,0.697992,0.774760,0.730823,0.691344,0.725331,0.680748,0.739318,0.723483,0.778786,0.713019,0.766172,0.694572,0.797092,0.719094,0.745751,0.750683,0.700674,0.760653,0.796277,0.758455,0.719259,0.723617,0.671720,0.758835,0.748630,0.773056,0.711897,0.722625,0.746885,0.731253,0.754055,0.708358,0.741673,0.752467,0.776538,0.708511,0.712516,0.751669,0.752189,0.773058,0.774763,0.732704,0.750354,0.738280,0.687572,0.786233,0.718814,0.759021,0.749556,0.729494,0.764978,0.771906,0.741173,0.750048,0.713547,0.744030,0.711211,0.739692,0.761237,0.723978,0.741322,0.686825,0.751860,0.765625,0.799848,0.745301,0.757037,0.728381,0.765999,0.756753,0.777682,0.718830,0.749993,0.770477,0.712315,0.710728,0.678993,0.710766,0.769032,0.729503,0.774504,0.702376,0.692061,0.724038,0.702656,0.761301,0.739937,0.761212,0.757187,#
16,0.761828,0.752433,0.728810,0.737379,0.722410,0.751365,0.739957,0.733125,0.722212,0.739501,0.753792,0.749360,0.693909,0.676784,0.704718,0.704725,1.000000,0.764316,0.773289,0.741099,0.816252,0.731785,0.672588,0.764980,0.728906,0.764865,0.749937,0.702086,0.641521,0.717991,0.758504,0.753838,0.764080,0.696595,0.723365,0.769654,0.781633,0.775514,0.727172,0.753789,0.736412,0.736167,0.707913,0.704324,0.739621,0.726743,0.759409,0.740697,0.768785,0.777291,0.708442,0.741135,0.742638,0.741593,0.757601,0.783431,0.663976,0.778474,0.751750,0.702579,0.780127,0.773214,0.722497,0.682665,0.732506,0.722022,0.813693,0.723589,0.762872,0.737271,0.753560,0.751113,0.779811,0.719244,0.726750,0.732147,0.733203,0.777691,0.722543,0.768262,0.804998,0.766715,0.774177,0.780341,0.755018,0.733392,0.731837,0.683045,0.703156,0.725420,0.660755,0.719928,0.739453,0.724567,0.732950,0.746122,0.733593,0.737953,0.767634,0.748600,0.779214,0.751566,0.726466,0.764694,0.718294,0.774705,0.769538,0.733278,0.788057,0.721403,0.747639,0.765338,0.758361,0.713563,0.725399,0.796717,0.774612,0.759969,0.722239,0.612015,0.682287,0.720066,0.713443,0.772767,0.741825,0.739887,0.704597,0.674571,0.762929,0.718344,0.769110,0.734191,0.731807,0.698790,0.767480,0.785942,0.726763,0.737729,0.701840,0.713563,0.739241,0.749117,0.763079,0.746643,0.683796,0.716162,0.772116,0.723172,0.756176,0.711629,0.719893,0.755602,0.660955,0.715425,0.818725,0.693561,0.766020,0.745091,0.714513,0.726463,0.729258,0.715983,0.777769,0.751268,0.770595,0.755769,0.729069,0.726979,0.734084,0.761923,0.739240,0.733981,0.739055,0.742454,0.756829,0.758720,0.684134,0.793866,0.737321,0.745281,0.738801,0.707039,0.730133,0.714108,0.697145,0.717970,0.761261,0.710101,0.752088,0.749853,0.733394,0.731949,0.750514,0.736773,0.751720,0.724339,0.753664,0.787205,0.737010,0.722589,#
17,0.803922,0.776213,0.781521,0.749149,0.787874,0.777357,0.782753,0.779157,0.809463,0.774487,0.743472,0.812736,0.764103,0.817667,0.728441,0.786671,0.764316,1.000000,0.782015,0.812638,0.788270,0.774585,0.791314,0.795250,0.790768,0.804268,0.796737,0.798230,0.743010,0.814959,0.796600,0.806860,0.770034,0.736773,0.727257,0.824799,0.793233,0.835398,0.761863,0.819267,0.774219,0.766020,0.767710,0.775618,0.761310,0.732009,0.812711,0.831550,0.820830,0.828981,0.799838,0.737828,0.784370,0.755252,0.813533,0.792396,0.780858,0.794702,0.783704,0.753239,0.767941,0.780304,0.789433,0.756461,0.801456,0.815364,0.851080,0.795190,0.779146,0.749900,0.781341,0.770099,0.802751,0.786232,0.794005,0.752046,0.817274,0.849926,0.804818,0.809529,0.800319,0.790239,0.843064,0.834239,0.794430,0.781834,0.740302,0.798646,0.769640,0.745048,0.779375,0.745946,0.785624,0.788056,0.762585,0.795190,0.763864,0.758125,0.778207,0.827454,0.808778,0.770260,0.779791,0.780745,0.757660,0.779097,0.761404,0.776938,0.758773,0.796883,0.797922,0.758094,0.815345,0.756275,0.769545,0.775674,0.719741,0.767533,0.775924,0.738536,0.781041,0.801001,0.773668,0.797722,0.735395,0.779912,0.755619,0.773932,0.794902,0.770799,0.793923,0.799255,0.804597,0.746952,0.805060,0.804334,0.801386,0.804485,0.774513,0.803885,0.794293,0.793371,0.818636,0.777572,0.795746,0.770625,0.794241,0.735684,0.823074,0.764972,0.803387,0.795133,0.752350,0.800872,0.778307,0.792629,0.847093,0.772292,0.782715,0.791567,0.789042,0.774419,0.831151,0.762239,0.803744,0.762357,0.732015,0.706513,0.791310,0.763429,0.811328,0.766401,0.806086,0.771385,0.838808,0.754230,0.769856,0.823694,0.765448,0.809395,0.780920,0.822659,0.771421,0.811189,0.814873,0.754636,0.778466,0.792929,0.734827,0.780504,0.813443,0.797750,0.761237,0.771598,0.786938,0.793592,0.785843,0.808990,0.797783,0.716071,#
18,0.784320,0.782152,0.713599,0.768536,0.729996,0.774602,0.733653,0.757988,0.714486,0.747273,0.775687,0.799686,0.774424,0.767241,0.687888,0.736572,0.773289,0.782015,1.000000,0.748932,0.766317,0.772953,0.761026,0.732803,0.716742,0.793126,0.788666,0.761009,0.712487,0.797618,0.715390,0.799331,0.778391,0.784423,0.758495,0.824647,0.764721,0.787373,0.757470,0.767424,0.768599,0.735691,0.732889,0.713775,0.778255,0.709176,0.792036,0.811217,0.811379,0.766591,0.755576,0.732720,0.779821,0.682490,0.789041,0.759369,0.741363,0.789674,0.758372,0.801982,0.763944,0.738460,0.751096,0.717032,0.801819,0.725610,0.785754,0.743816,0.719543,0.732324,0.767925,0.731568,0.805828,0.737473,0.797701,0.732798,0.769184,0.770496,0.757269,0.745343,0.783917,0.739431,0.772781,0.795802,0.786459,0.785640,0.712097,0.736414,0.768510,0.723218,0.748868,0.709399,0.778049,0.787692,0.743978,0.722438,0.751429,0.763806,0.766193,0.795397,0.765252,0.735606,0.757513,0.778382,0.745744,0.757070,0.754642,0.771154,0.796199,0.784156,0.791762,0.744904,0.778853,0.745010,0.703585,0.769185,0.740317,0.745975,0.774439,0.705323,0.749176,0.807706,0.714803,0.787969,0.757097,0.739796,0.822878,0.707568,0.806705,0.721545,0.764857,0.759244,0.761535,0.721317,0.783126,0.762158,0.794912,0.768382,0.712113,0.753210,0.763101,0.801731,0.743932,0.797245,0.754045,0.743083,0.769052,0.695413,0.795056,0.724449,0.767434,0.758807,0.774338,0.724370,0.774558,0.773067,0.792244,0.796662,0.737212,0.753950,0.798969,0.775702,0.830098,0.767899,0.780661,0.718038,0.835713,0.747132,0.716099,0.760583,0.766281,0.769664,0.778666,0.771990,0.754909,0.744451,0.759092,0.811212,0.754165,0.809583,0.756071,0.776801,0.750993,0.721370,0.746622,0.770622,0.742485,0.751558,0.733390,0.803519,0.758390,0.760209,0.691213,0.794250,0.772805,0.751961,0.742338,0.822856,0.759546,0.743109,#
19,0.745676,0.800512,0.760078,0.729492,0.768851,0.803949,0.719403,0.763730,0.776971,0.711779,0.747293,0.761064,0.724922,0.735478,0.729498,0.730226,0.741099,0.812638,0.748932,1.000000,0.783121,0.730097,0.721877,0.766908,0.734570,0.740241,0.764439,0.729148,0.703842,0.771896,0.802348,0.804219,0.766149,0.702918,0.713636,0.831071,0.717309,0.779163,0.731531,0.747165,0.776341,0.741197,0.740653,0.739016,0.726212,0.747692,0.826584,0.779567,0.788538,0.750483,0.736120,0.727654,0.750794,0.730614,0.781133,0.732899,0.781138,0.771947,0.733314,0.705828,0.747090,0.724350,0.793265,0.737300,0.754151,0.770275,0.801672,0.742809,0.768430,0.724308,0.769749,0.748282,0.804166,0.743024,0.741171,0.724234,0.711246,0.769198,0.738663,0.733253,0.795609,0.719390,0.806867,0.763112,0.750523,0.719839,0.742616,0.745472,0.788534,0.718539,0.711167,0.743773,0.733151,0.778409,0.726690,0.715161,0.760040,0.750796,0.750429,0.780795,0.777108,0.751484,0.751691,0.739643,0.751343,0.702100,0.780433,0.734450,0.744490,0.709306,0.763011,0.722801,0.751879,0.734875,0.735420,0.757759,0.757303,0.755677,0.752719,0.652912,0.783119,0.753314,0.702039,0.832629,0.749566,0.757909,0.746594,0.743327,0.822149,0.818622,0.759272,0.789012,0.774543,0.754495,0.770945,0.780990,0.741558,0.764005,0.749854,0.732638,0.777229,0.778623,0.724301,0.746094,0.745227,0.707536,0.723242,0.662753,0.781661,0.757143,0.747296,0.770965,0.722513,0.757736,0.788765,0.718994,0.811363,0.763579,0.746720,0.752718,0.742354,0.769565,0.772220,0.754448,0.769449,0.712264,0.698266,0.771809,0.722724,0.740914,0.749537,0.775924,0.755887,0.744273,0.802386,0.718154,0.753725,0.793026,0.737538,0.720224,0.726093,0.785288,0.762765,0.780506,0.747338,0.715540,0.725338,0.743951,0.759675,0.784150,0.745709,0.750238,0.705925,0.780357,0.779184,0.752237,0.746346,0.733920,0.724072,0.718246,#
20,0.793540,0.817423,0.730380,0.750067,0.767429,0.778541,0.789265,0.780831,0.787589,0.795384,0.769279,0.755447,0.763254,0.757399,0.747800,0.733854,0.816252,0.788270,0.766317,0.783121,1.000000,0.773212,0.723403,0.802572,0.768377,0.775532,0.784804,0.788621,0.728715,0.778320,0.791758,0.779527,0.760597,0.789526,0.762742,0.793545,0.767327,0.778963,0.765885,0.798690,0.788094,0.812027,0.745645,0.794450,0.788815,0.718890,0.812599,0.778955,0.803254,0.761995,0.788511,0.798327,0.764458,0.755036,0.792833,0.784185,0.740688,0.814981,0.778115,0.752870,0.801963,0.776689,0.808035,0.710871,0.797725,0.802176,0.852062,0.762292,0.793082,0.740886,0.757798,0.793366,0.796445,0.773084,0.740463,0.729271,0.741737,0.790004,0.800339,0.814780,0.793755,0.809825,0.798300,0.834566,0.743563,0.749865,0.756390,0.754630,0.798484,0.815972,0.741984,0.756671,0.759236,0.809491,0.765031,0.761411,0.740541,0.716868,0.770883,0.792028,0.833014,0.798531,0.763321,0.809815,0.780701,0.733036,0.806593,0.799099,0.782521,0.802700,0.763217,0.799591,0.754870,0.696418,0.777392,0.798585,0.765317,0.806198,0.713629,0.687372,0.785944,0.778083,0.735977,0.817283,0.741360,0.776826,0.723178,0.730509,0.764455,0.781738,0.777180,0.768630,0.796902,0.774902,0.801635,0.768345,0.756606,0.812381,0.774544,0.785690,0.780346,0.751431,0.779212,0.792397,0.773797,0.744477,0.798567,0.731130,0.757351,0.797530,0.776131,0.800945,0.741777,0.736471,0.813085,0.741275,0.770377,0.799034,0.782703,0.781804,0.786103,0.778387,0.762168,0.786507,0.839093,0.726317,0.725122,0.759906,0.725443,0.779054,0.788088,0.763743,0.794774,0.771952,0.792995,0.755442,0.747143,0.819802,0.764617,0.789785,0.764267,0.751315,0.761785,0.715999,0.726607,0.774824,0.772487,0.766832,0.759691,0.769786,0.724968,0.779474,0.776726,0.777520,0.791039,0.732896,0.775408,0.806309,0.784277,0.753148,#
21,0.751780,0.840655,0.759547,0.793043,0.752357,0.761270,0.731277,0.729716,0.797793,0.743747,0.738394,0.736297,0.682425,0.724664,0.746861,0.794761,0.731785,0.774585,0.772953,0.730097,0.773212,1.000000,0.767940,0.785706,0.691262,0.745646,0.799118,0.746404,0.741320,0.729910,0.752515,0.733675,0.787211,0.769245,0.753927,0.808498,0.742107,0.774485,0.759713,0.753538,0.750510,0.783849,0.751424,0.758092,0.756455,0.741291,0.756321,0.769173,0.786096,0.775149,0.740561,0.787028,0.769469,0.721512,0.787552,0.769163,0.742044,0.757069,0.796625,0.737586,0.767688,0.774192,0.705496,0.710187,0.794137,0.756862,0.794847,0.757359,0.740775,0.780593,0.750660,0.792197,0.798241,0.790113,0.796135,0.766994,0.783315,0.774290,0.796210,0.777018,0.749223,0.726969,0.813036,0.796665,0.822687,0.753988,0.687875,0.766772,0.773371,0.751224,0.677900,0.707927,0.773034,0.773399,0.757222,0.755654,0.741777,0.705285,0.751120,0.812897,0.766956,0.750489,0.691498,0.780733,0.723640,0.776007,0.730065,0.771202,0.723777,0.791428,0.796789,0.731382,0.775329,0.742709,0.662386,0.716986,0.742277,0.797666,0.723101,0.731312,0.742710,0.730582,0.704642,0.751061,0.712751,0.704962,0.753014,0.741365,0.751478,0.781814,0.764872,0.774062,0.732886,0.755601,0.821139,0.714865,0.741635,0.723176,0.731905,0.767115,0.778969,0.770408,0.699584,0.747394,0.726758,0.733320,0.743415,0.688571,0.746603,0.759344,0.772851,0.805630,0.733407,0.759481,0.726178,0.740242,0.780135,0.756632,0.705261,0.772958,0.760130,0.766313,0.774357,0.763786,0.809664,0.739901,0.764765,0.733263,0.707057,0.760364,0.774064,0.754930,0.752656,0.730937,0.754298,0.731604,0.671127,0.763760,0.759475,0.762166,0.740102,0.806159,0.742410,0.746267,0.750284,0.769090,0.759775,0.689360,0.708952,0.773751,0.756342,0.734361,0.743349,0.725512,0.755580,0.714668,0.755826,0.776247,0.693430,0.759789,#
