0,1.000000,0.090625,0.123300,0.064160,0.212584,0.067784,-0.069662,-0.072671,0.114818,0.085326,0.114788,-0.042413,0.017596,-0.026954,0.142303,0.273902,0.186692,0.139626,0.214274,0.228169,0.010250,0.041445,0.193773,0.329120,0.077825,0.099926,0.150722,-0.106596,0.020867,0.131337,-0.000117,0.218521,0.055692,0.135222,0.199988,0.031534,0.035141,-0.038662,0.189762,0.108109,0.110687,0.002830,0.253797,-0.031627,-0.004165,-0.003966,0.011643,0.295409,0.135666,0.270798,0.033770,0.068560,0.034767,0.195392,0.162408,0.121150,0.132164,0.085115,0.008457,0.059588,0.084238,0.103075,0.229368,-0.045913,-0.069868,-0.016313,-0.016120,0.186872,0.113588,0.115870,0.106833,-0.041143,0.182193,0.196559,0.080164,-0.208197,0.221615,0.199355,0.090561,0.021550,-0.031897,-0.012546,0.034358,0.181058,0.291059,0.030813,0.277506,0.168623,0.206492,0.117114,0.045264,0.037198,0.231751,-0.025521,0.148744,0.248999,0.113156,-0.032894,0.092390,0.145417,0.204937,0.130951,-0.074903,0.174510,0.111530,0.090029,0.212925,0.145604,0.189613,-0.025021,-0.022065,0.125902,0.025400,0.129451,0.115980,0.095229,0.070166,-0.006352,-0.007187,-0.012020,0.128427,0.133256,0.241397,0.054640,0.153116,0.128533,0.109280,-0.123082,0.081183,0.171452,0.178931,-0.027352,0.058052,0.061025,0.088574,0.147249,0.168081,0.011909,-0.099350,0.077307,0.239252,0.107019,0.053795,0.078050,0.041555,-0.037111,0.108447,0.048159,0.204905,0.055242,-0.155637,0.100225,0.159473,-0.063060,0.170849,0.207462,0.120212,0.109000,0.046233,0.068902,0.131806,0.130674,0.029051,-0.086625,0.017820,0.216972,-0.051977,0.131824,0.227783,0.050039,0.006153,-0.005458,0.118586,0.116283,-0.106734,0.219906,0.240074,0.108703,0.073624,-0.025185,0.098317,0.147357,0.041912,0.050472,0.081450,-0.037676,0.124619,0.239064,0.262506,-0.029502,0.039264,0.178173,-0.066570,0.037906,0.228064,0.118418,-0.006390,0.078733,0.166475,0.172333,#
1,0.090625,1.000000,0.107513,0.039460,0.051941,0.076826,0.153032,0.135565,0.262977,0.103823,0.261123,0.211796,0.023492,-0.076080,-0.016693,0.003857,0.024199,0.135262,-0.085158,0.111026,-0.075070,0.160036,0.062928,-0.032713,0.046361,0.081601,0.057105,0.206459,-0.195882,0.110513,0.123239,0.069873,-0.099307,0.105093,-0.063238,0.196181,0.077782,-0.035181,0.200856,0.035954,0.019260,0.010268,0.166504,0.019162,-0.010210,0.093725,0.306023,0.114065,0.131284,0.027110,0.137282,0.043401,0.147910,0.169850,0.140266,0.123346,0.041256,-0.084436,-0.139292,0.104957,0.061412,0.020455,0.163114,-0.001947,-0.069304,0.153528,0.078348,0.115893,0.102097,0.190712,0.136146,0.150626,0.236874,0.040560,0.117185,0.049630,0.010396,0.065675,0.236856,0.029799,0.163617,0.161246,0.014378,0.084520,0.220675,-0.116406,0.114704,0.134566,0.054402,-0.012310,-0.004786,0.097024,-0.083591,0.071435,0.041774,0.083364,-0.062626,-0.035898,0.002280,0.042174,0.163955,0.055228,0.083374,0.044330,0.018047,0.066862,0.195356,0.201763,0.093845,0.101006,0.017670,0.116793,-0.037968,0.109458,0.162246,0.265310,0.087361,-0.039619,0.044086,-0.018285,-0.107632,0.112246,0.152710,0.187036,0.048416,0.096083,0.111051,0.126408,0.155959,0.131776,-0.021670,0.046630,0.017383,0.141671,0.155588,0.080817,0.169870,0.186700,0.122248,0.198266,0.144658,0.000285,0.053105,0.207475,0.232395,-0.007915,0.038293,-0.039073,0.064926,-0.072911,0.109748,0.046977,0.031914,-0.111604,0.166228,0.195734,0.004372,0.051364,-0.216797,-0.108867,-0.076701,0.166927,0.163169,0.130525,0.099717,0.008522,-0.060077,-0.081813,0.049288,0.244542,0.147611,0.242693,0.027468,0.091180,0.042587,0.142999,0.143713,0.096758,0.120985,-0.029167,0.039547,0.009811,0.096606,-0.042752,0.119810,0.095859,0.046307,-0.106204,0.245608,0.202817,0.195556,0.144064,-0.215895,0.049962,0.055110,0.051584,-0.020066,0.182352,-0.025624,0.249035,#
2,0.123300,0.107513,1.000000,0.007453,0.241646,0.022437,0.045332,0.066951,0.044176,0.078257,0.179091,0.293845,0.054837,0.149962,-0.098461,0.132787,-0.002309,-0.041100,0.068780,0.100068,0.145590,0.209539,-0.054142,0.004012,0.078449,0.216302,0.130340,-0.005554,-0.142976,0.032553,-0.035742,-0.033770,0.020606,-0.039396,0.107804,0.029847,0.059137,-0.086552,0.086080,-0.099506,0.104419,-0.039279,0.288007,-0.058185,0.121637,0.020856,0.145480,0.020524,0.069964,0.036918,0.055697,0.118180,0.093108,0.079655,0.086233,-0.045432,0.093459,-0.017762,0.170199,0.105530,0.259421,0.024932,-0.050054,0.075462,0.172672,0.055165,0.113688,0.040006,0.103810,0.061620,0.079391,0.177921,-0.065469,0.106421,0.182414,0.012951,0.086282,0.083851,0.022640,0.004212,0.074329,-0.127978,0.004252,-0.103904,0.165584,0.038812,0.177308,0.144807,0.146024,-0.072152,-0.025500,0.162798,0.120673,0.065294,0.062260,0.143615,0.116164,0.030200,0.123235,0.032105,0.088849,0.095830,-0.085290,0.223727,0.031509,0.087528,0.137669,0.165148,0.093020,0.089210,0.189721,0.146997,0.183072,0.030850,-0.003354,0.209425,0.163371,0.043136,-0.200088,0.034229,0.001879,-0.063219,0.047305,0.053568,0.076562,-0.055208,0.135608,0.038564,0.131838,0.036464,-0.051350,0.116825,0.104517,0.142400,0.167304,0.032889,0.168996,0.009397,-0.012803,-0.031954,0.152226,0.078678,0.096649,0.000709,0.300941,-0.082872,-0.173888,-0.021691,0.137964,0.014581,0.045283,0.069788,0.217420,0.103727,0.018566,0.002778,0.023462,-0.062989,0.042553,0.047741,-0.046444,0.159076,0.110725,0.087858,0.061216,0.147053,0.005650,-0.081696,-0.049156,0.020641,-0.063554,0.250572,0.066081,0.048783,0.104934,0.064106,0.160669,0.076641,-0.207044,-0.015535,0.111102,0.167532,-0.136771,0.109751,0.034250,0.121014,0.079201,-0.098060,0.172655,-0.098715,0.101638,0.121432,0.058051,0.043888,0.172653,0.055459,-0.200943,0.061001,0.129806,0.207227,#
3,0.064160,0.039460,0.007453,1.000000,0.095403,0.016490,0.121242,-0.031947,0.237689,0.041620,0.097590,0.074837,0.087437,-0.060585,0.115827,0.004534,0.000574,0.090070,0.184717,0.080948,0.087768,0.078145,0.154520,0.228699,0.096994,0.177082,0.121619,0.026848,0.098055,0.109971,0.119563,0.126962,0.303924,0.168806,-0.050657,0.118677,0.088443,0.219917,0.272966,0.058498,-0.001346,0.248683,0.192336,0.198731,-0.044122,0.015911,-0.011049,0.126568,-0.067950,0.099481,0.113800,0.103682,0.184033,-0.062472,0.123925,0.163523,0.118744,0.002293,0.005213,0.144052,0.118846,0.008144,0.006599,-0.060011,0.272123,-0.036348,0.044869,-0.147094,-0.065453,0.203161,0.092814,0.099613,0.100446,0.043908,0.097364,0.057625,0.097915,0.050833,0.017740,-0.078284,0.219707,0.126056,0.107043,0.005962,0.181798,0.021169,0.011660,-0.036329,0.206668,0.089696,0.198279,0.110673,0.040869,0.061754,0.106382,0.112897,0.111169,-0.128101,0.075980,0.049527,0.193928,0.023911,0.010431,0.000906,0.283633,-0.119699,0.202650,0.212343,-0.071357,0.009517,0.167539,-0.043799,0.101688,0.037149,0.049364,-0.038944,0.039947,0.131085,0.059232,-0.015280,0.087673,0.003747,0.105362,0.127064,-0.025211,0.144822,0.124158,0.169393,-0.022699,0.089084,0.218926,0.171168,0.117333,0.126015,-0.011719,0.122690,-0.034159,0.030550,0.099392,0.071950,0.083429,0.209053,0.124358,0.012990,0.051612,0.009143,0.173749,0.278322,0.032655,0.113932,-0.019851,-0.059426,0.036371,0.120494,0.113439,0.021862,-0.048275,0.071980,0.104138,0.082698,0.063407,0.033973,0.090244,0.200171,0.061676,0.020459,0.024551,-0.018982,-0.069413,0.036276,0.132060,-0.115303,0.027569,-0.071711,-0.049714,0.131942,0.117238,0.100451,-0.072934,0.114813,0.029689,0.249942,0.114187,-0.182101,-0.072187,-0.036595,0.113325,0.062601,0.058874,0.031748,0.106268,0.029971,0.090594,0.055197,0.112667,0.098696,0.190560,0.066113,0.046154,-0.009418,#
4,0.212584,0.051941,0.241646,0.095403,1.000000,0.204628,-0.003330,0.161520,0.224286,0.180355,-0.001738,0.096203,0.175218,0.078942,0.095180,0.137567,-0.011005,0.138779,0.136462,0.327102,0.322792,0.037650,0.197223,0.249472,0.065411,0.234129,0.109956,-0.026504,0.126726,0.064317,0.057462,0.106122,0.140852,0.061223,0.092646,0.158652,0.318933,0.010648,0.188314,0.048714,0.119423,0.234642,0.150757,0.071596,0.324173,0.147750,0.332822,0.123096,0.053249,0.077942,0.054919,0.153560,0.076452,0.240858,0.348142,0.280182,0.183307,0.139749,0.152445,0.070513,0.220637,0.176519,0.047828,-0.093726,0.140443,-0.034414,0.023443,0.092109,-0.037011,0.102184,0.257853,0.181902,0.146053,0.154080,0.173962,-0.065283,0.077138,0.169590,0.179819,0.128368,0.229664,0.225939,0.032052,0.008764,0.394935,0.073968,0.174625,0.142029,0.148809,0.104908,0.234284,0.021133,0.173556,-0.031543,0.181236,0.201811,0.108341,0.083769,-0.025436,0.129552,0.123416,0.093611,0.147229,0.176383,0.135133,0.130746,0.059723,0.179049,0.093983,0.192473,0.219270,0.209670,0.179100,0.246923,0.067481,-0.064434,0.129052,0.057599,-0.059512,0.065419,0.030831,0.047366,0.131249,0.055743,0.193247,-0.036028,0.195870,0.093595,0.243658,0.108947,0.229664,-0.006000,0.169972,0.211030,0.201581,0.167510,0.069167,-0.001911,0.168537,0.037954,0.228786,0.021832,0.248319,0.076783,0.186557,0.180638,0.117958,0.231970,0.089123,0.123231,0.031431,0.153714,0.249720,0.311718,0.181515,0.061380,0.278277,0.092399,-0.021325,0.170563,0.166146,0.072912,0.003973,0.007978,-0.153416,0.145066,-0.072168,0.074322,0.014001,0.065577,-0.043524,0.106378,0.404759,0.178791,0.142997,0.192991,0.241597,0.224127,0.024529,0.171747,0.025627,-0.027315,0.152571,0.122059,0.111149,0.108838,-0.098339,0.152293,0.158317,0.243940,-0.028281,0.154220,-0.087743,0.030545,0.165560,0.197336,0.104143,0.114891,0.173136,0.310449,#
5,0.067784,0.076826,0.022437,0.016490,0.204628,1.000000,-0.034285,0.199523,0.207809,0.266283,0.173781,0.077469,0.240036,-0.001770,0.084249,0.013717,0.023640,0.132533,-0.159615,0.232091,0.005659,-0.096454,0.198338,0.168165,0.158806,0.059744,0.167086,0.115054,0.153148,0.126253,0.191388,0.181120,0.208559,0.124060,-0.053472,0.166446,0.154497,-0.032151,0.193561,-0.060924,0.284446,0.101757,0.065687,0.213925,0.063737,0.126456,0.252152,-0.022772,0.194718,0.074973,0.140811,0.142941,0.023031,0.072794,0.125996,0.280996,0.117469,-0.100514,0.271085,0.123980,0.041111,0.155846,0.098766,-0.020827,0.214825,0.081316,0.065094,0.097083,0.153677,-0.062909,0.079338,0.122429,0.173334,0.122982,0.075646,0.065211,0.152782,0.136913,0.198645,0.120496,0.128324,0.102502,0.152611,0.001609,0.054162,0.088210,0.114593,0.101920,0.083672,-0.104581,-0.021710,0.166046,0.311734,0.271449,0.131195,0.186902,-0.029062,0.166760,0.181769,0.092160,0.068579,0.150710,-0.121377,0.111597,0.104623,0.175956,0.169000,0.206004,0.114159,0.037185,0.119738,0.241427,0.023359,0.123731,0.151925,-0.041869,0.022725,0.102735,-0.077454,-0.002344,-0.034820,0.188455,0.074598,0.152595,-0.078446,-0.016812,0.060492,-0.047827,0.147151,0.116755,0.285062,0.047984,0.188277,0.207082,0.199951,0.267664,0.097632,0.107398,0.067011,-0.101841,0.153166,0.123859,0.156960,0.254517,0.233893,0.093334,0.076665,0.032308,0.053654,0.093534,0.144930,-0.024195,0.181399,0.091862,0.094649,0.157554,0.203274,0.057021,0.112209,-0.039420,0.165719,0.031601,0.134305,0.138893,0.057620,0.130618,-0.109318,0.169436,0.202748,0.169467,0.350858,0.176544,0.088814,0.091743,0.023680,0.098101,0.225056,0.172602,0.101490,0.052475,0.193982,-0.039372,0.321017,0.091002,0.055549,0.187502,0.164644,0.004291,0.051172,-0.034822,0.068295,0.223635,-0.042418,0.014406,0.096269,-0.018975,0.024752,0.188797,0.097682,0.279438,#
6,-0.069662,0.153032,0.045332,0.121242,-0.003330,-0.034285,1.000000,-0.040894,0.165177,0.041201,-0.046018,0.048183,0.056387,0.064636,-0.077113,0.048651,-0.011090,-0.015780,0.065191,-0.038801,0.086261,0.121694,-0.076732,-0.104689,0.004713,0.071967,-0.007023,0.017545,-0.076593,0.126427,0.002949,0.009269,-0.101735,0.017894,-0.119484,0.036301,-0.089260,0.068323,0.004569,0.005927,-0.040180,-0.144941,0.102679,0.006373,0.092409,-0.058866,0.011066,-0.101295,0.025739,-0.079217,-0.086317,-0.015671,0.030709,0.109395,0.047402,0.054122,-0.146710,-0.046172,0.052615,0.117315,0.188646,-0.109748,0.069295,-0.095881,0.066372,0.197645,0.027686,0.070438,-0.043208,-0.006036,0.035942,0.017627,-0.109907,0.111039,0.196138,0.009737,0.111754,0.029693,0.092817,-0.082860,-0.064729,-0.051184,0.056152,-0.103878,0.012003,0.051363,-0.040698,0.066180,-0.099757,-0.150640,0.037760,-0.123686,-0.062137,-0.113652,0.011393,-0.092400,0.101430,0.011228,0.005262,0.227046,-0.011808,0.160871,0.066239,-0.120937,-0.198449,0.051819,0.041620,-0.062272,0.034300,0.051404,0.031700,0.103098,-0.020134,-0.261412,0.030783,-0.051938,0.170097,-0.040240,-0.024394,-0.084230,0.030221,-0.033951,-0.049049,0.050294,-0.023326,0.093078,-0.078576,-0.014939,-0.091613,-0.032376,0.052056,-0.042248,-0.002168,-0.021008,-0.027906,0.007042,0.026697,-0.146805,0.065128,0.101444,-0.094124,0.122086,-0.077774,-0.109089,-0.086591,-0.022059,0.032636,-0.071197,0.038175,-0.173464,0.217430,-0.119341,0.076775,-0.147080,0.133423,-0.006789,-0.076238,0.242695,-0.075901,-0.095072,-0.205318,0.056146,0.116287,0.158103,0.017303,0.098173,-0.085618,-0.036420,-0.082408,-0.034298,-0.044769,-0.010651,0.043389,-0.063779,0.173338,0.017585,-0.136204,0.006448,0.099214,-0.061813,-0.014448,-0.061786,0.122126,-0.043504,0.126350,0.070338,-0.060227,-0.002389,-0.042011,0.031579,0.042361,0.066340,-0.153550,0.187160,-0.101169,-0.108745,0.080265,0.003121,-0.011626,0.138276,#
7,-0.072671,0.135565,0.066951,-0.031947,0.161520,0.199523,-0.040894,1.000000,0.275012,0.122945,0.214050,0.277599,0.040366,-0.004122,0.209351,0.057660,0.167691,0.249176,-0.032932,0.119390,0.059841,0.094282,0.193807,0.111557,0.133089,0.078666,0.107846,0.172578,-0.062465,0.039277,0.057046,0.028122,0.052975,0.098003,-0.020802,0.053395,-0.075434,-0.082984,0.203598,0.121756,0.061781,0.043732,0.018608,0.173962,0.279798,0.145243,0.179515,0.054136,0.099866,0.036179,0.117576,0.059015,-0.010462,0.198357,0.103907,0.105991,0.141642,0.225216,0.120066,0.023394,0.213396,0.154043,0.110591,-0.075578,0.181248,0.118236,0.058348,-0.022993,0.077205,0.283963,0.102959,0.059252,0.266969,0.146679,0.121435,0.048176,-0.052786,0.147334,0.140276,0.288642,0.152565,0.020554,0.100792,0.035424,0.065345,0.095677,0.058626,-0.018609,0.119506,0.104293,-0.120777,0.078500,0.085258,0.114801,-0.022586,-0.114384,-0.068561,0.131001,-0.022783,0.132728,0.130305,0.049179,-0.006540,0.088415,-0.027591,0.150752,0.209702,0.068230,0.038791,0.189251,0.026733,0.026945,0.010101,0.089507,0.338298,0.147961,-0.080341,-0.130912,-0.104127,0.255712,0.030499,0.149837,-0.016934,0.159086,0.163618,0.070235,0.238612,0.181823,0.075016,-0.047793,0.062544,0.035697,0.254568,0.033438,0.298461,0.228455,-0.143059,0.264504,0.059317,0.046570,0.184157,-0.010258,0.018558,-0.003586,0.147679,0.065484,0.122031,0.017805,0.058001,0.101331,0.153645,0.085781,0.125408,0.168458,-0.058210,0.237824,0.187120,0.145783,0.106418,0.179510,-0.000741,-0.028359,0.221411,0.021215,-0.144806,0.301617,0.079767,-0.084850,0.009155,0.054459,0.116600,0.124878,0.199925,0.104399,0.191707,0.049128,0.026252,0.061139,-0.155751,0.305335,0.232634,0.097588,0.075928,0.044332,-0.132901,0.114626,-0.060683,-0.193251,0.127362,0.234529,0.178712,-0.027279,-0.038171,-0.044184,0.092817,0.059991,-0.095445,0.153616,0.170189,0.109389,#
8,0.114818,0.262977,0.044176,0.237689,0.224286,0.207809,0.165177,0.275012,1.000000,0.194575,0.200829,0.161197,0.152361,0.040887,0.216252,0.153670,-0.048028,0.185217,0.063029,0.131889,-0.008529,0.164661,0.189681,0.216184,0.001996,0.159037,0.069314,0.170733,0.020936,0.229914,-0.005559,0.138473,0.012295,0.063078,-0.005310,0.148271,0.194537,-0.017962,0.134531,0.039075,0.104581,0.174659,0.082411,0.110691,0.185725,0.078900,0.068402,0.103184,0.199245,0.140630,0.202165,0.350247,-0.026110,0.291576,0.097034,0.360086,0.191462,0.227765,-0.034691,0.233036,0.271389,0.127757,0.252287,-0.188298,0.168542,0.235798,0.109037,0.014958,0.267102,0.154133,0.218453,0.069759,0.188655,0.105343,0.205736,0.096710,0.072091,0.147498,0.186114,0.073865,0.266694,0.230511,0.093155,0.025628,0.235602,0.123922,0.115233,0.074784,0.034145,0.205169,0.071617,0.186283,0.070690,-0.017357,0.363849,0.222153,0.164076,0.024129,0.096175,0.078848,0.198574,0.134831,0.068882,0.175747,0.200813,0.080978,0.184378,0.167334,0.007849,0.198070,0.010915,0.046938,-0.026112,0.140557,0.266659,0.229255,0.060131,0.047677,0.001780,0.195401,0.133046,0.147200,0.171931,0.132324,0.060901,0.202353,0.114466,0.257433,0.032321,0.225421,0.117365,-0.070906,0.246759,0.222650,0.251768,0.231706,0.013212,0.101614,0.145128,0.055505,0.213816,0.152605,0.266176,0.105670,0.071069,0.080850,0.284724,0.183867,0.110633,0.037114,0.227979,-0.035444,0.188107,0.206961,0.309467,0.357479,0.197238,0.264515,0.088493,0.190993,-0.014918,0.054880,0.089047,0.194502,0.125936,0.171833,0.109587,-0.087163,0.198186,0.139321,0.128504,0.204496,0.114690,0.060893,0.184725,0.071243,0.052849,0.192050,0.145729,0.127117,0.152061,0.122355,0.025350,0.147168,0.086591,0.183979,0.025146,-0.027188,0.153676,0.221262,0.198929,0.054272,0.102570,0.046815,0.277428,0.089299,0.109546,0.131956,0.101121,0.086929,#
9,0.085326,0.103823,0.078257,0.041620,0.180355,0.266283,0.041201,0.122945,0.194575,1.000000,0.297360,-0.043565,0.057924,0.075796,0.105796,0.201765,0.028647,0.012201,-0.041514,0.262797,0.064217,0.004697,0.116714,0.168867,-0.002256,0.060711,0.183196,0.103130,0.074494,0.076236,0.258430,0.141147,-0.057847,0.221063,0.253400,0.091592,-0.090615,0.088685,0.147394,-0.091060,0.234916,0.042339,0.106691,-0.092699,0.126290,0.123759,0.137301,0.023975,0.011367,0.066903,-0.012961,0.187637,-0.062992,0.082220,0.047045,0.236572,0.059708,0.061978,0.244142,0.005342,0.219298,0.138970,0.208176,0.001629,0.202650,0.159439,0.017292,0.024770,0.100733,-0.081544,0.344805,0.184875,0.117758,0.104903,0.089580,0.052396,-0.104804,0.043610,0.237041,0.163479,0.101126,0.179209,-0.076222,-0.094091,0.296221,0.046449,0.098772,0.156326,-0.102451,-0.190072,-0.080091,0.201364,0.144510,-0.095112,0.065700,0.102388,0.174308,0.218309,0.160098,-0.113981,0.101361,0.108674,0.221780,0.002443,0.311229,0.060776,0.086953,-0.086039,0.170166,0.021067,0.018793,0.103196,0.152462,0.294225,0.038471,0.047864,-0.052435,-0.009466,0.043265,-0.007056,0.078114,0.220454,-0.004815,0.159864,-0.039175,0.063722,-0.155469,0.191237,0.157177,0.174193,0.152134,-0.073603,0.082775,0.192329,0.171694,0.224415,0.117003,0.197034,0.093495,-0.187138,-0.004385,0.074645,0.145162,0.138075,0.041832,-0.005808,0.135791,0.117002,0.026139,0.160160,0.105429,-0.158345,0.334309,0.167929,0.221404,0.105447,0.123516,0.209660,0.212333,-0.020671,0.120345,0.017530,0.063364,0.301880,0.033770,0.068699,0.005930,-0.041282,0.285336,0.003840,0.102452,0.099889,0.023954,0.154561,0.067543,0.219374,0.062761,-0.003358,0.073617,0.014879,0.079206,-0.070629,0.190714,0.101234,-0.001289,0.102913,-0.033581,-0.041750,0.277791,0.090261,0.102238,0.065779,-0.114097,0.110573,0.033613,0.145771,0.028036,0.116190,0.030128,0.116443,#
10,0.114788,0.261123,0.179091,0.097590,-0.001738,0.173781,-0.046018,0.214050,0.200829,0.297360,1.000000,0.034496,-0.100660,-0.020296,0.072768,0.071174,0.051226,0.081966,0.062810,0.162828,-0.069848,0.062789,-0.104203,0.097656,0.077988,0.003118,0.014634,0.217433,-0.038570,0.083279,0.109329,0.164881,0.092325,0.081241,0.065591,0.089074,0.004819,0.022630,0.277678,0.023606,0.202637,-0.007345,0.013353,-0.092696,-0.022787,0.057717,0.162744,0.138580,0.126042,0.232195,-0.011439,0.134075,0.016733,0.117711,0.071690,0.163185,-0.051186,-0.118976,-0.013580,0.185919,-0.018320,0.106611,0.095199,0.126803,0.206027,0.197572,0.191956,0.038034,0.081774,0.059715,0.057284,0.169144,0.196559,0.067037,0.068576,0.074014,-0.005114,0.027832,0.060548,0.056186,0.229865,0.021788,0.146613,0.060899,0.303937,-0.051960,0.058403,0.148018,0.012079,0.089508,-0.087069,0.120100,0.139706,0.055166,0.125090,0.207632,-0.020181,-0.087577,0.189738,0.037543,-0.005564,0.018326,0.027474,-0.057019,0.173477,-0.123215,0.141882,0.208983,0.044502,-0.012506,0.014202,0.124180,0.037270,0.095500,0.305260,0.253216,0.036036,-0.021689,0.021817,0.035970,0.052621,0.232025,-0.036078,0.109871,-0.044549,-0.028459,0.116213,0.191653,0.100314,0.109747,0.177801,-0.006560,0.028925,0.127417,0.093170,0.081432,-0.067513,0.372211,0.048641,-0.014706,0.252738,0.020556,0.084013,0.049226,0.100810,-0.066534,-0.022786,-0.090882,0.041366,0.079801,0.082568,0.114024,0.265612,-0.026265,0.147773,0.122810,0.157939,-0.057471,0.050035,-0.008160,0.124856,-0.059299,0.270191,0.134067,0.052722,0.080472,0.170311,-0.034628,0.120559,0.209381,0.138750,0.070347,-0.027724,0.162217,0.079643,0.005967,0.153445,0.178339,-0.099064,0.025086,0.050267,0.048750,0.197105,-0.044461,0.062774,0.141344,-0.006524,-0.234673,0.156542,0.096478,0.267289,0.003663,0.019924,-0.017172,0.207512,0.000881,-0.103982,0.122237,0.060066,0.284412,#
11,-0.042413,0.211796,0.293845,0.074837,0.096203,0.077469,0.048183,0.277599,0.161197,-0.043565,0.034496,1.000000,0.044432,0.035470,-0.085964,-0.036260,-0.004467,0.151624,0.029213,-0.243012,-0.026927,0.165503,-0.070066,-0.009609,0.156831,0.197966,-0.074190,0.151502,-0.171700,0.174767,0.113929,0.052617,0.013223,0.079379,0.096481,0.161120,0.105180,-0.048727,0.079098,0.170011,-0.096848,0.122382,0.286663,0.102740,-0.016584,0.131631,0.057279,-0.055616,0.110901,-0.015091,0.076140,0.135404,0.048100,0.263614,-0.028905,-0.060913,-0.106320,0.284525,0.106715,0.014143,0.125133,0.018152,0.102719,-0.084294,0.061814,0.211093,0.141233,0.121628,0.130578,0.177757,-0.007413,0.027807,0.195994,0.059425,-0.089582,-0.068253,0.051854,-0.096618,-0.097594,0.035892,0.141239,0.143544,0.126485,-0.045755,0.159568,-0.101144,0.030878,0.075660,0.130876,-0.060424,-0.075775,0.157645,0.244043,0.337610,0.050115,0.114460,-0.102664,-0.026005,0.132534,0.136801,0.093031,0.088503,-0.050624,0.135256,-0.075606,0.143656,0.206947,0.266963,0.097342,0.121864,0.183084,0.103776,0.059889,0.076804,-0.045825,0.231726,-0.022274,0.039100,-0.163515,0.082789,-0.045884,-0.000477,0.143366,0.062878,0.069978,-0.000846,0.004994,0.027019,0.148798,0.033849,0.012614,0.188953,0.220293,0.101426,0.069888,0.055320,-0.181365,0.215973,-0.051740,0.196848,0.105390,-0.010893,0.060104,0.115633,0.176290,0.024495,0.078602,-0.024178,-0.075793,-0.060011,0.026043,0.233306,0.111977,0.104770,0.059774,0.123544,0.042126,-0.040271,0.058515,-0.020473,0.054159,0.166507,-0.052290,-0.061459,-0.063775,0.032800,0.207917,-0.030757,-0.036398,0.179821,0.039772,0.059313,-0.044984,-0.104175,0.137382,0.066487,0.035097,0.056159,-0.122136,0.074348,0.201058,0.041298,0.073849,-0.155069,-0.160426,0.073938,-0.068746,0.023389,0.108642,0.207028,0.104555,0.005854,0.170177,0.116329,0.223635,-0.009901,0.088939,0.064515,0.028477,0.130280,#
12,0.017596,0.023492,0.054837,0.087437,0.175218,0.240036,0.056387,0.040366,0.152361,0.057924,-0.100660,0.044432,1.000000,0.057979,0.215529,0.035493,0.273803,0.130271,0.067711,0.209173,0.032749,0.136590,0.134869,0.172548,-0.064600,0.108553,0.167510,0.140464,0.079468,0.065495,-0.069106,0.181491,0.191896,0.043727,0.099763,0.192657,0.143306,0.008470,0.067212,0.054872,0.133032,-0.022576,0.157135,0.269390,0.232123,0.191770,0.173653,-0.041516,0.180869,0.042178,0.256482,0.062841,-0.000135,0.204528,0.157290,0.156534,0.024724,0.113343,0.000240,-0.142402,0.081013,0.324869,-0.081717,0.157657,0.302091,0.035258,-0.009279,0.067877,0.109120,-0.006011,0.098604,0.113405,0.174869,0.056558,0.234072,0.186647,0.126122,-0.071225,0.069326,0.038109,0.246759,0.140574,-0.052486,0.011277,0.088975,0.087929,0.093155,0.171431,0.202396,0.002967,0.078620,0.068839,0.068584,0.093717,0.170122,0.189334,0.313543,0.099655,0.037918,0.080513,0.078617,0.176174,0.035364,0.134123,0.133442,-0.035104,0.092482,0.029445,-0.071095,-0.007150,0.299935,0.058962,0.033286,0.066545,0.083606,-0.077227,0.174071,-0.094343,0.133982,-0.057380,0.137213,0.083834,0.194581,0.234635,0.070309,-0.105338,0.079474,-0.061048,-0.054170,-0.037326,0.107896,-0.018207,0.070842,0.088118,0.178750,-0.076647,0.203693,0.053056,0.236878,0.076338,0.114240,0.068333,0.166715,0.073591,0.010438,0.171147,0.025538,0.136041,0.040237,0.134796,0.014262,0.172084,0.135538,0.093947,-0.020713,0.207632,0.043084,-0.053896,0.001665,0.058279,-0.003164,0.331465,0.111703,0.144438,0.169186,0.004392,0.129316,0.122436,0.012982,0.046566,0.130526,0.145551,0.103173,0.147655,0.169954,0.091697,0.178935,0.221138,0.110450,-0.021256,0.066171,0.172272,0.128641,0.021993,0.009484,0.058368,0.155114,0.198308,0.078274,-0.050446,0.064678,-0.122384,0.077672,0.113230,-0.102557,0.091177,0.100558,0.155211,0.090142,-0.012776,#
13,-0.026954,-0.076080,0.149962,-0.060585,0.078942,-0.001770,0.064636,-0.004122,0.040887,0.075796,-0.020296,0.035470,0.057979,1.000000,0.130540,-0.079485,0.218130,-0.038275,0.132894,0.201528,0.081203,0.046261,-0.063919,0.049935,-0.157152,0.186093,0.202081,0.083881,-0.022253,0.020363,0.095955,0.113567,0.113223,0.043085,0.211632,0.035151,-0.055600,0.055570,-0.135886,0.097496,-0.039450,0.100886,0.096170,0.023203,0.142459,0.104565,0.139311,0.034018,0.146996,-0.068996,0.057788,0.055522,0.038546,0.280466,0.080634,0.133525,-0.045738,0.150439,0.007971,0.095640,0.139585,0.179690,0.129523,-0.029456,0.150044,0.011939,0.243220,0.182943,0.176029,-0.014602,0.075936,0.051571,0.034715,-0.024185,0.205983,0.132982,0.192258,0.135992,0.157079,0.109630,0.090816,0.172648,0.057739,0.175458,0.127586,0.083677,0.143260,0.046343,0.108319,-0.107997,-0.004743,0.018908,0.063193,0.099149,0.067929,-0.066499,0.073052,0.024921,0.024379,0.287054,0.084856,0.264859,0.038586,0.240934,0.086126,0.081517,0.072961,-0.010115,0.194195,0.065894,-0.047390,0.057870,0.302648,0.055728,0.236560,0.118541,0.146687,0.144123,-0.088397,0.208823,0.087133,0.049152,0.198610,0.070212,0.083303,-0.161527,-0.078475,-0.145082,0.105179,0.078254,0.006623,0.061706,0.016657,0.084011,0.216760,0.023979,0.108040,0.081262,0.186392,0.128138,-0.214724,0.055193,0.303979,0.197798,0.104110,0.121642,0.134949,0.124860,0.000804,0.089478,0.012865,0.108455,0.142414,0.162908,0.155293,0.208040,-0.133926,0.173367,0.133025,0.168145,-0.057158,0.194081,0.003899,0.273735,-0.024276,0.047884,-0.074921,-0.088707,0.062544,-0.038407,0.085999,0.252421,0.116286,0.071598,0.125585,0.067599,0.037301,0.096342,0.094951,-0.086360,0.025871,0.227729,0.030629,0.061149,0.205898,0.145961,0.226736,0.012828,-0.103918,0.038021,0.198267,-0.004381,-0.002862,0.167975,0.020535,0.177284,-0.025497,-0.123717,0.145010,0.076358,#
14,0.142303,-0.016693,-0.098461,0.115827,0.095180,0.084249,-0.077113,0.209351,0.216252,0.105796,0.072768,-0.085964,0.215529,0.130540,1.000000,0.161710,0.136198,0.057319,0.189690,0.307507,0.070802,0.011657,0.153503,0.271678,-0.052929,-0.064462,0.186314,0.091955,0.129676,0.104172,-0.058414,0.243783,-0.005058,0.097473,0.194929,0.083406,0.064382,0.096173,0.047998,0.245989,-0.042349,-0.128489,0.089362,-0.018909,0.251377,0.296249,0.148987,-0.090934,0.040776,0.150034,0.108953,-0.003984,0.204026,0.261084,0.292661,0.166697,0.179002,0.064415,0.070968,0.061310,0.235967,0.227121,0.103674,0.030108,0.071161,-0.108779,0.136180,0.136958,-0.025591,0.247966,0.214205,0.053868,0.099752,0.169346,0.312961,0.103476,0.281742,0.154811,0.107688,0.034237,0.116965,0.171253,0.101768,0.104567,0.144658,0.090947,-0.096251,0.120663,0.003424,-0.006657,-0.024263,0.210684,0.163747,0.072668,0.201231,0.061073,0.194680,0.092014,-0.050619,0.024778,0.166937,0.230927,0.060486,0.195100,0.187964,-0.050668,0.119486,0.011341,-0.132716,0.090175,-0.048019,-0.153119,0.094989,0.177199,0.098040,0.108560,0.088384,-0.091939,0.052966,0.082675,0.159312,0.201741,-0.040528,0.037436,0.149554,-0.052457,0.033329,0.182947,0.083738,0.219417,-0.005722,-0.047653,0.015940,0.047294,0.120771,0.179431,-0.131530,0.106994,0.065209,0.021605,0.091192,0.150307,0.172526,0.185479,-0.066298,0.306701,0.069788,0.068784,-0.037845,-0.014266,0.228001,0.112056,-0.032420,0.111719,0.142819,0.234745,0.131729,0.090194,0.015831,0.127912,-0.001627,0.101401,0.125064,0.057374,0.130812,0.075969,0.084934,-0.085070,0.080503,0.207526,0.149889,0.039381,0.147167,0.026388,0.065636,0.021241,0.186080,0.196554,0.143275,0.017614,0.153876,0.220931,0.085888,0.034670,0.067093,0.008294,0.105819,-0.298356,0.042692,0.249869,0.035279,0.039847,-0.002514,0.096402,0.105225,0.059750,-0.105953,0.036678,0.138811,-0.078433,#
15,0.273902,0.003857,0.132787,0.004534,0.137567,0.013717,0.048651,0.057660,0.153670,0.201765,0.071174,-0.036260,0.035493,-0.079485,0.161710,1.000000,0.238515,0.213158,0.112106,0.168813,-0.004486,0.076996,0.194089,0.279605,0.040737,0.191697,0.135923,0.038959,0.118682,0.164643,0.009236,0.179780,-0.024263,0.179172,0.018715,0.060603,-0.025788,-0.125108,0.148766,-0.002848,0.107188,0.054313,0.157313,0.048816,0.171635,0.042163,-0.112017,0.036039,0.030300,0.210589,-0.175430,0.217635,0.068945,0.145471,0.175927,0.082843,0.083925,0.057281,0.181703,0.193411,0.163981,-0.061270,0.207837,-0.063433,0.080086,0.154180,0.044995,0.148897,0.024765,-0.067132,0.191997,0.065294,0.030323,0.097161,0.075976,-0.011220,-0.058599,0.102849,-0.032237,0.101752,0.185686,-0.087326,-0.197039,0.221788,0.176842,0.124863,0.061128,0.258007,0.027486,0.141574,0.017176,0.091125,0.066408,0.043518,0.066442,0.015847,0.261641,0.009593,0.034064,0.085397,0.164415,0.049765,-0.058292,0.046855,-0.042400,0.027063,0.133359,0.019126,-0.006410,0.102514,-0.046603,0.269319,0.035720,0.050248,0.043809,0.150099,-0.085557,-0.197882,-0.070806,-0.094421,0.184723,0.138468,0.130968,0.072462,0.121539,0.014589,0.092874,0.225723,0.021113,0.160960,-0.018067,0.038784,0.090814,0.099042,0.111382,0.183093,-0.043834,-0.091186,-0.020674,-0.057844,-0.040871,0.159390,0.036246,0.051554,0.216574,-0.013640,0.007689,0.111775,0.266140,-0.053531,0.013044,-0.115370,0.084260,0.091655,0.001366,0.189223,0.145005,0.161726,0.016770,0.123747,0.015849,0.004870,0.200210,0.083451,0.012028,0.224334,0.089710,0.081681,0.111395,-0.051769,-0.071670,0.098605,0.040790,-0.017237,0.173245,-0.003931,0.252023,0.088903,-0.109728,0.191021,0.175521,-0.042765,0.033437,0.253043,0.002820,0.039180,-0.047970,0.147267,0.024003,0.039977,-0.096050,0.061258,0.035810,-0.042585,-0.056978,0.106412,0.064272,0.083903,0.095364,-0.078627,#
16,0.186692,0.024199,-0.002309,0.000574,-0.011005,0.023640,-0.011090,0.167691,-0.048028,0.028647,0.051226,-0.004467,0.273803,0.218130,0.136198,0.238515,1.000000,0.080061,-0.001027,0.364181,0.069482,0.075781,0.027617,0.068454,-0.112168,0.129322,0.194875,-0.115684,-0.013668,0.298810,-0.062412,0.172047,-0.030863,0.209878,0.131325,0.066390,0.030250,0.002393,0.147392,-0.050848,-0.009543,-0.038440,0.171143,0.115792,0.090638,0.190056,-0.013346,0.046623,0.061891,0.019199,0.052477,0.162644,0.161454,0.181899,0.157536,0.061790,0.041279,0.017937,0.011566,-0.112748,0.005328,0.274198,0.173160,0.091448,0.157096,0.009409,-0.101413,0.326556,0.086429,0.084901,-0.125387,0.168971,0.234964,0.014390,0.102265,0.134631,-0.049372,0.241946,0.065041,0.060466,0.046759,-0.013912,-0.054641,0.222363,0.142124,0.148717,0.152831,0.085669,0.160110,-0.045020,0.032598,0.080788,0.130546,-0.066341,0.071836,-0.023087,0.157068,-0.032110,-0.003786,0.204649,-0.044484,0.066444,-0.104941,0.031129,0.019349,0.061625,0.142328,0.020410,-0.005920,0.059333,0.042998,0.034807,0.063033,0.034352,0.221185,0.095427,0.027674,0.073041,0.013868,0.172421,0.214565,0.201869,0.138883,0.185522,0.197368,-0.061241,0.075784,-0.111761,0.009402,0.163384,0.078544,-0.123608,0.240591,-0.279306,0.231826,0.161002,-0.030493,0.082828,0.055899,0.074392,-0.035614,0.096650,0.114651,0.062421,0.173538,0.020387,0.040182,0.090619,0.206581,0.253987,-0.165946,0.256331,-0.009960,0.077368,0.074443,0.160160,0.021091,0.094832,-0.003595,0.141633,0.014249,0.182140,0.142305,0.130022,0.052293,0.021102,0.100081,0.070400,-0.029965,-0.040856,0.091263,0.141548,-0.003051,0.005472,0.050144,0.088774,0.028255,0.076862,0.100905,0.008039,0.045159,0.112753,0.030950,-0.090140,0.023442,0.136556,0.137839,0.112922,0.115173,0.052999,0.222151,-0.176212,-0.229994,0.014202,-0.014089,0.235144,0.024265,-0.018279,-0.060783,0.001038,#
17,0.139626,0.135262,-0.041100,0.090070,0.138779,0.132533,-0.015780,0.249176,0.185217,0.012201,0.081966,0.151624,0.130271,-0.038275,0.057319,0.213158,0.080061,1.000000,-0.031414,0.095363,0.206890,-0.013647,0.070580,0.183339,-0.061706,0.132229,0.109590,-0.025979,-0.006645,0.078363,0.119930,0.032392,0.203545,0.014112,0.044787,0.186503,-0.205020,0.033110,0.231794,0.042320,0.194379,0.117534,0.041478,0.138774,0.040792,0.139284,0.099545,0.057013,0.021868,0.046293,0.084767,0.078370,-0.037658,0.126211,0.079781,0.158662,0.155969,0.052662,0.029115,0.021837,0.159309,0.143801,0.014308,-0.033690,0.132580,0.200662,0.190165,0.166503,0.078140,0.096669,-0.046204,0.199738,0.091988,-0.038957,0.000434,0.156674,-0.091488,-0.012569,-0.104956,0.153766,0.087071,0.067138,0.169318,0.061207,0.014557,-0.050192,0.203582,0.029711,0.123003,0.117862,0.043449,0.015258,0.192061,0.101923,-0.027718,0.132522,-0.024701,0.107200,0.088559,0.037437,0.059243,-0.131625,-0.064289,0.143770,0.012748,0.024451,0.178392,0.121098,0.093416,0.014667,0.083647,0.220639,-0.034554,0.141585,0.130033,0.086865,-0.078681,-0.044582,-0.053742,0.100553,0.021679,0.156195,0.093939,0.072710,0.218074,0.082872,0.029725,0.000419,0.000584,0.024241,0.197729,0.050840,0.158559,0.029367,0.110856,0.176527,0.107361,0.121644,0.070784,0.140519,0.157946,0.112356,0.118952,0.099892,0.156788,0.147974,-0.027654,0.123481,-0.044494,-0.058134,0.064042,-0.082126,-0.006626,0.067648,0.207734,0.205588,0.114568,0.080200,0.176327,0.043349,0.056483,0.098147,0.146374,0.171050,-0.006573,0.120749,0.021408,0.072179,0.066786,-0.068613,0.134643,0.030761,0.029530,0.019560,0.135116,-0.028352,0.165073,0.069736,-0.174138,0.275134,0.142627,0.097035,0.111171,0.091460,-0.074463,0.029060,0.025235,0.053352,0.137509,0.117270,0.132223,0.112583,0.067096,-0.000270,0.151046,0.032898,-0.022052,0.057770,-0.036129,0.121934,#
18,0.214274,-0.085158,0.068780,0.184717,0.136462,-0.159615,0.065191,-0.032932,0.063029,-0.041514,0.062810,0.029213,0.067711,0.132894,0.189690,0.112106,-0.001027,-0.031414,1.000000,0.020938,0.041075,0.125401,0.095694,0.231779,0.025773,-0.034528,0.005982,0.119892,0.031007,-0.080489,-0.046285,-0.077913,0.064018,0.070281,0.203769,0.133875,0.089585,0.088521,0.039481,0.287892,0.044041,0.084392,0.116921,-0.058722,0.175740,-0.010535,0.001487,0.036883,-0.056813,0.135055,0.045243,0.006658,0.145542,0.083536,0.171243,0.166598,0.038925,0.113718,-0.086691,0.041802,0.101926,-0.013814,0.182267,0.027503,0.177949,-0.026965,0.140645,0.093646,-0.115625,0.001127,-0.035761,0.005135,-0.000501,-0.029889,0.053288,0.071151,0.085652,0.090578,-0.023012,0.058651,-0.007207,0.003524,0.043385,0.164052,0.022945,-0.094505,0.117748,0.007138,0.095156,0.062483,0.135714,-0.050809,-0.001757,0.035928,0.052319,0.166411,0.234946,0.016381,-0.011364,0.167215,0.097457,0.122230,0.097856,0.014454,0.226837,-0.023673,0.068763,-0.068812,-0.032527,-0.057516,0.191821,0.098437,0.206197,0.010764,0.023241,0.058328,-0.045290,-0.205137,0.019146,0.149492,0.054250,0.029582,0.125402,-0.104532,0.034899,-0.139661,-0.036997,0.134217,0.196317,-0.007275,-0.020700,0.179580,-0.042097,0.148988,0.121940,-0.091133,-0.021561,0.084858,-0.104024,0.123670,-0.035953,-0.018790,0.110263,0.098853,-0.017416,0.113273,0.041750,0.043355,-0.098553,0.000880,-0.043168,0.094002,0.030515,0.033857,0.001727,0.185780,0.110244,0.102896,-0.099678,0.311145,0.114974,0.026352,0.053505,0.105539,0.002349,0.248453,0.089987,0.028298,-0.048455,0.178585,-0.100017,0.016804,0.186954,0.036683,-0.039722,0.214931,0.116139,0.086817,0.039664,-0.041515,0.014982,0.055510,0.122354,-0.112695,0.082086,-0.161035,0.274303,-0.064961,0.048911,-0.006843,-0.004406,0.094536,0.107750,0.026210,0.102128,0.039550,0.000449,0.037518,0.208196,-0.050225,#
19,0.228169,0.111026,0.100068,0.080948,0.327102,0.232091,-0.038801,0.119390,0.131889,0.262797,0.162828,-0.243012,0.209173,0.201528,0.307507,0.168813,0.364181,0.095363,0.020938,1.000000,0.103541,-0.043770,0.137783,0.177226,-0.096694,0.260340,0.221157,0.120276,0.030422,0.200763,0.164610,0.162657,0.018679,0.107552,0.059680,0.134187,0.007047,-0.003158,0.197741,0.068979,0.210324,0.092773,0.011831,0.009794,0.102531,0.184683,0.213594,0.196773,0.091467,0.236337,0.058230,0.181041,-0.011995,0.254042,0.241914,0.227490,0.069130,-0.040150,0.137506,0.076016,0.248640,0.337620,0.180490,0.175511,0.339524,-0.076844,0.053849,0.142255,-0.005084,0.068971,0.219144,0.168569,0.172419,0.185662,0.254791,0.296655,0.008818,0.231189,0.377236,0.088954,0.230739,0.121607,0.176904,0.110187,0.130273,0.079515,0.101424,0.208715,0.175520,-0.115359,-0.000090,0.135004,0.160621,-0.040453,0.056385,0.187321,0.220095,0.118672,-0.048846,0.129555,0.150675,0.126656,0.081155,0.187683,0.282920,0.199557,0.121504,0.214193,-0.035516,-0.048224,0.055061,0.088812,0.162431,0.187719,0.202478,-0.011710,0.259722,0.129320,0.087667,-0.177540,0.170579,0.194929,0.185087,0.214829,0.289516,0.014775,0.222034,0.100879,0.007907,0.124610,0.052380,-0.099969,0.137506,0.048995,0.314563,0.135603,0.096628,0.205412,0.052736,-0.018813,0.068094,0.120753,0.152841,0.096331,0.142851,0.151184,0.039042,0.104563,0.176409,0.088758,0.057057,0.232449,0.182733,0.173533,0.189547,0.160139,0.143433,0.100716,0.115674,0.217235,0.241590,0.060595,0.160116,0.121522,0.129067,0.202649,-0.001731,0.118155,0.264247,-0.029734,0.119213,0.220669,0.282311,0.268028,0.132774,0.034507,0.230063,0.230436,0.155331,-0.005308,-0.044004,0.175041,0.170348,0.138557,0.209223,0.129185,0.094176,0.015340,0.190758,0.096885,0.343025,0.175269,-0.186876,0.045177,0.062957,0.280659,-0.042800,0.133119,0.182862,0.098461,#
20,0.010250,-0.075070,0.145590,0.087768,0.322792,0.005659,0.086261,0.059841,-0.008529,0.064217,-0.069848,-0.026927,0.032749,0.081203,0.070802,-0.004486,0.069482,0.206890,0.041075,0.103541,1.000000,0.086373,0.055675,0.017620,0.161190,0.229009,0.100667,-0.175053,0.028295,-0.041042,-0.057326,-0.091295,0.007949,0.012022,0.028880,0.069530,0.096019,-0.004624,0.139785,0.044243,0.101087,0.144363,0.039833,-0.118561,0.267528,0.017580,0.246382,-0.007908,-0.049635,-0.000059,-0.160475,0.066719,-0.026597,0.157501,0.204463,0.170153,0.176731,0.135141,0.064180,-0.118720,0.225021,0.113681,0.092617,-0.078667,0.049412,-0.143017,0.029658,0.115074,0.066320,0.127617,0.156863,0.208000,0.008062,-0.013688,0.030581,-0.089774,0.007956,0.212100,0.081980,-0.102763,0.049382,0.077206,0.032345,-0.058214,0.095683,0.133370,0.114280,-0.029928,0.205128,-0.083125,0.070992,-0.035414,0.094082,0.051930,0.171622,-0.041809,0.088471,0.177119,0.078444,-0.080728,0.064806,0.013868,0.184099,0.003575,0.083246,-0.040037,0.074628,0.042817,-0.071685,0.124606,0.118543,0.203417,-0.019115,-0.021927,0.101201,0.035197,0.125133,0.081024,-0.082089,0.188319,0.112351,0.156849,0.016114,-0.029454,-0.007180,-0.037400,0.018469,0.007359,0.218006,0.091310,0.184621,-0.026795,0.094168,0.094086,0.084012,0.023684,0.178586,-0.148846,0.121950,0.003310,0.105488,0.148158,0.205208,0.065455,0.087377,0.049499,-0.077527,0.120297,0.111974,0.183347,0.224820,0.003670,-0.119403,0.157413,0.032085,0.018496,0.041093,-0.014631,-0.026674,0.199142,0.029120,0.100323,0.066590,0.150432,0.048340,-0.025516,-0.131275,0.100496,-0.008145,-0.040126,0.187815,-0.088655,-0.023142,-0.015642,-0.034934,0.055045,-0.066393,-0.021878,0.099730,0.089483,0.049167,0.053368,-0.078124,-0.012864,0.077717,-0.228827,0.076031,0.039467,0.017232,0.272022,-0.052256,0.055619,-0.092888,0.087507,0.112128,0.037510,0.005021,0.078325,0.160021,0.147635,#
