0,1.000000,-0.102026,0.167753,0.176907,0.211625,0.068869,-0.017019,-0.054059,0.130851,0.091224,0.121152,-0.040163,0.087921,0.032469,0.280474,0.178321,0.116474,0.245409,0.271089,0.239906,0.158829,0.189757,0.209453,0.279750,0.124585,0.086692,0.251952,0.018799,0.196170,0.220743,-0.018326,0.142191,0.123556,0.166709,0.124519,0.136432,0.141074,0.113340,0.212509,0.227569,0.126421,0.115296,0.159083,0.130357,-0.001470,0.105147,0.022499,0.222494,0.087278,0.263961,0.126845,-0.037464,0.121099,0.219548,0.204029,0.195389,0.229272,0.168456,-0.083386,0.013485,0.189795,0.043632,0.247804,0.025131,0.031613,0.034827,0.024679,0.110793,0.105692,0.147926,0.112619,0.063444,0.184800,0.146092,0.076522,-0.127042,0.257522,0.183319,0.052943,0.054619,0.073801,0.042948,0.057257,0.174305,0.277235,-0.014830,0.178361,0.134767,0.193329,0.195322,0.064469,0.035643,0.212823,0.159999,0.252516,0.248207,0.249121,0.003048,0.085049,0.171522,0.266548,0.205076,0.041537,0.201164,0.203345,0.183844,0.266353,0.148427,0.126090,-0.032513,0.018227,0.075436,-0.029594,0.192706,0.022766,0.037727,0.104196,0.088767,0.085554,-0.001154,0.294779,0.177165,0.120747,0.170619,0.095599,0.204910,0.135694,-0.026061,0.124797,0.215294,0.297916,0.022379,0.112875,0.052721,0.086463,0.110505,0.203097,0.108459,0.057128,0.133426,0.271898,0.163183,0.127930,0.073816,0.050697,0.179857,0.118764,0.106006,0.126017,0.117052,-0.060802,0.043460,0.181271,0.065895,0.171706,0.204861,0.155291,0.028728,0.132029,0.164443,0.139854,0.226964,-0.012113,-0.001766,0.129724,0.150943,0.028837,0.204791,0.174034,0.141990,0.120784,-0.059168,0.194074,0.158064,-0.124095,0.205497,0.279403,0.156477,0.088799,0.034556,0.135479,0.219950,0.070459,0.109894,0.080176,0.028541,0.260519,0.341467,0.197883,0.028366,0.071102,0.197157,0.091198,0.156911,0.290614,0.029604,-0.048372,0.170358,0.332747,0.189553,#
1,-0.102026,1.000000,0.159487,0.089703,0.123547,0.124095,0.239622,0.104555,0.232360,-0.011876,0.258350,0.237847,0.069989,0.130699,-0.042055,-0.054295,0.090033,0.169007,-0.071170,0.109683,0.045831,0.219254,0.047450,-0.039699,0.060342,0.142841,0.132660,0.246252,-0.186840,0.142116,0.107372,0.071325,0.024000,0.160944,-0.032493,0.223460,0.053589,0.052885,0.204868,0.054013,0.026922,0.047117,0.195208,0.117139,0.025261,0.124455,0.324004,0.103112,0.136831,-0.073644,0.158422,0.054512,0.249380,0.227707,-0.010161,0.192605,0.073907,-0.136655,-0.021710,0.031642,-0.001420,0.037270,0.173264,0.029274,0.015018,0.141995,0.003418,0.184601,0.145269,0.249679,0.135848,0.119909,0.189972,0.009202,0.219552,0.127374,0.075130,0.126786,0.284541,0.075598,0.118447,0.205623,0.088563,0.042926,0.114966,-0.205596,0.166143,0.096231,0.097161,-0.000105,0.095901,0.108866,0.007387,0.118205,0.002993,0.117665,-0.004970,-0.015411,0.010559,0.147638,0.180540,0.051701,0.086989,0.074524,0.046762,0.094231,0.174645,0.248456,0.041768,0.058944,0.132907,0.125916,-0.006324,0.073046,0.241724,0.243611,0.138613,0.016894,-0.046644,0.086283,-0.069756,0.121444,0.148495,0.143299,0.072130,0.049561,0.163259,0.088940,0.133745,0.179168,0.046897,0.121509,0.073909,0.216212,0.237819,0.144447,0.165106,0.176725,0.234419,0.152285,0.061991,0.042536,0.138813,0.186735,0.204113,0.126818,0.084894,-0.080124,0.134590,0.040373,0.186712,0.052746,-0.073256,-0.084539,0.253119,0.181772,-0.026316,-0.013116,-0.077600,-0.111622,-0.066848,0.153914,0.236735,0.256850,0.181181,0.029019,-0.010775,-0.065523,0.125193,0.238645,0.228887,0.211479,0.025334,0.015283,0.023846,0.083487,0.034979,0.190201,0.126895,0.001749,0.070016,0.026675,0.165144,-0.039978,0.189745,0.145077,0.114880,-0.067494,0.027406,0.193063,0.178336,0.035332,-0.092496,0.106235,0.132213,0.030463,-0.062966,0.165546,0.046110,0.248199,#
2,0.167753,0.159487,1.000000,0.187814,0.193157,0.178386,0.166054,0.199950,0.127143,0.109902,0.304246,0.258664,0.073472,0.252096,0.015832,0.239156,0.085592,0.097926,0.054206,0.166926,0.274036,0.271445,0.005570,0.104025,0.233443,0.280940,0.285266,0.179732,0.040629,0.248896,0.034859,-0.030951,0.089761,0.082883,0.043805,0.176813,0.139987,-0.082836,0.115152,0.037823,0.209269,0.176901,0.323058,0.078394,-0.000439,0.083977,0.141839,0.164711,0.094805,0.127487,0.229128,0.190344,0.125064,0.106174,0.016591,0.110792,0.076750,0.031698,0.144743,0.244666,0.221034,-0.048308,0.026852,0.173865,0.224066,0.183674,0.193518,0.065497,0.233765,0.224113,0.091036,0.164052,0.109684,0.176409,0.203059,0.122421,0.148999,0.182081,0.133318,0.060791,0.228728,0.002349,0.028458,0.036400,0.191573,0.093653,0.204273,0.217765,0.121156,0.061560,0.006489,0.268217,0.216224,0.236504,0.049443,0.212081,0.213331,0.087814,0.249893,0.104992,0.182094,0.095646,-0.028334,0.209226,0.059770,0.107594,0.181884,0.254651,0.235753,0.232960,0.151316,0.157486,0.192669,0.168858,0.157773,0.318452,0.166664,0.149977,-0.215707,0.043456,0.183613,0.080867,0.027155,0.086121,0.122386,0.045844,0.303728,0.126466,0.127026,0.185423,0.076422,0.208062,0.147425,0.060041,0.257624,0.258309,0.171685,0.129305,0.092801,-0.014104,0.153900,0.108388,0.201755,0.096312,0.369060,0.150395,-0.062443,0.105466,0.257616,-0.081903,0.107932,0.194632,0.199655,0.089112,0.129216,0.053274,0.067214,-0.092852,0.101013,0.137226,0.079739,0.339949,0.168402,0.213523,0.166542,0.178504,0.115185,0.041492,-0.075517,0.091624,0.083678,0.362691,0.098900,0.033164,0.144080,0.076050,0.256107,0.205219,-0.102746,0.089507,0.239419,0.102306,0.050426,0.305589,0.062550,0.139595,0.106038,0.030248,0.189645,-0.010699,0.043848,0.226646,0.250777,0.079982,0.206799,0.076256,-0.076770,0.192323,0.278977,0.271689,#
3,0.176907,0.089703,0.187814,1.000000,0.157251,0.232287,0.221069,0.092697,0.270273,0.114496,0.272242,0.180947,0.150961,0.051141,0.125947,0.132473,0.177298,0.231251,0.236790,0.196862,0.201424,0.106451,0.182410,0.400788,0.174704,0.242779,0.208372,0.202876,0.191120,0.302402,0.174567,0.233990,0.432488,0.193498,-0.026741,0.169370,0.212130,0.194897,0.306766,0.070558,0.166003,0.301363,0.211958,0.315110,-0.061719,0.180738,0.087853,0.186061,0.053770,0.182711,0.180449,0.215573,0.150759,0.056051,0.078781,0.257510,0.143065,0.067960,0.105841,0.148056,0.151246,0.044533,0.155950,0.062831,0.334560,0.143939,0.150464,0.040065,0.028739,0.235040,0.142279,0.126139,0.236779,0.095308,0.176408,0.238063,0.142438,0.162866,0.193803,0.065532,0.330397,0.141577,0.167493,0.037947,0.241321,0.075739,0.145636,0.112551,0.216683,0.171235,0.178139,0.220864,0.181911,0.200151,0.114091,0.204874,0.225185,-0.035672,0.260429,0.218348,0.282347,0.056907,0.089817,0.173167,0.301645,0.092743,0.247297,0.234589,0.109943,0.153557,0.169350,0.086151,0.157681,0.113521,0.118988,0.079003,0.161884,0.120654,-0.012169,0.069473,0.145483,0.091092,0.116772,0.298194,0.085249,0.086406,0.280314,0.193003,-0.031883,0.298256,0.272563,0.268047,0.238408,0.213072,0.186647,0.202230,-0.022120,0.165067,0.204265,0.118738,0.229976,0.264406,0.141688,0.185642,0.127123,0.076630,0.264606,0.211927,0.109351,0.096423,-0.010774,0.064215,0.080076,0.164349,0.226170,0.146686,0.091431,0.055111,0.191947,0.189044,0.168461,0.242022,0.235567,0.217661,0.099431,0.088105,0.105573,0.114669,0.048586,0.036779,0.207520,0.033840,0.057093,-0.010350,0.014159,0.230082,0.258500,0.235288,0.038352,0.095354,0.055384,0.291591,0.280061,0.016533,-0.002294,0.103321,0.176571,0.140738,0.004349,0.053596,0.104046,0.189533,0.298864,0.090742,0.210932,0.157792,0.259099,0.215745,0.155594,0.092427,#
4,0.211625,0.123547,0.193157,0.157251,1.000000,0.300434,0.005595,0.114956,0.287850,0.076233,0.081059,0.070083,0.124519,0.095932,0.098197,0.120632,0.023892,0.211861,0.161564,0.308655,0.342189,0.107216,0.155851,0.240604,0.170754,0.284909,0.135113,0.141570,0.124231,0.106382,0.030419,0.107453,0.119356,0.085383,0.054081,0.239899,0.374729,0.033529,0.130503,0.116586,0.095486,0.378222,0.161447,0.067096,0.246094,0.103384,0.346165,0.187275,0.119894,0.143173,0.098838,0.165889,0.057850,0.261291,0.242236,0.324258,0.131398,0.047071,0.107891,0.011564,0.169124,0.131311,0.066743,0.008861,0.143525,0.026047,0.126087,0.098689,0.051984,0.156028,0.148991,0.157742,0.240261,0.188740,0.045851,-0.021631,0.131872,0.249270,0.162208,0.074787,0.284751,0.192563,0.055247,0.012073,0.357271,0.021439,0.170188,0.155316,0.103334,0.247608,0.243115,0.082263,0.122295,0.134693,0.131727,0.273065,0.128614,0.097936,0.067531,0.132784,0.096865,0.009582,0.166643,0.199971,0.119069,0.148368,0.048946,0.242015,0.144204,0.192715,0.322680,0.239476,0.233734,0.274921,0.171366,0.033789,0.140896,0.002579,-0.078103,0.069069,0.111496,0.072959,0.129766,0.022949,0.321837,-0.004017,0.223519,0.026238,0.137209,0.035863,0.254763,0.022079,0.178107,0.157354,0.225593,0.162525,0.105574,0.156930,0.213743,0.161716,0.340888,0.039931,0.186922,0.021735,0.220180,0.279055,0.104420,0.271348,0.181276,-0.030866,0.032024,0.134581,0.163584,0.235776,0.262572,0.065906,0.308720,0.094819,0.002471,0.144098,0.168482,0.153117,-0.049797,0.078924,-0.061799,0.223630,-0.024090,0.064059,0.041028,0.104595,-0.056022,0.034132,0.314340,0.224819,0.093844,0.163390,0.248390,0.280121,0.164362,0.150384,0.021682,0.030086,0.301912,0.086427,0.121369,0.112348,0.006143,0.276232,0.130999,0.211586,0.038806,0.207695,0.091314,0.029253,0.265807,0.231598,0.045227,0.239557,0.149959,0.372431,#
5,0.068869,0.124095,0.178386,0.232287,0.300434,1.000000,0.094308,0.200481,0.328284,0.225452,0.200230,0.134606,0.207161,0.159076,0.224840,0.035450,0.022356,0.145047,0.018245,0.202440,0.163585,0.050588,0.151182,0.095858,0.189886,0.193561,0.153211,0.262505,0.168557,0.211102,0.155805,0.178122,0.287372,0.153020,0.060376,0.182845,0.269062,0.131144,0.214071,0.090144,0.184191,0.233428,0.140338,0.226291,-0.010426,0.131520,0.180060,0.004389,0.185884,0.116770,0.142655,0.210869,0.036969,0.060081,0.159186,0.327240,0.046084,-0.066181,0.180409,0.070820,0.138627,0.062014,0.131980,0.018042,0.225181,0.131535,0.198243,0.012038,0.186941,0.096008,0.197256,0.132371,0.241835,0.260991,0.067627,0.051863,0.159377,0.105154,0.175178,0.128352,0.141511,0.162422,0.276826,-0.043229,0.147786,0.114120,0.111638,-0.000292,0.107280,-0.024209,0.026020,0.167871,0.247935,0.287245,0.116250,0.266373,0.033581,0.069543,0.166546,-0.043802,0.128821,0.101941,-0.007628,0.116994,0.098420,0.156140,0.110126,0.279389,0.104225,0.098029,0.195905,0.109454,0.155944,0.138557,0.197941,0.095814,0.099633,0.127118,-0.005561,0.026124,0.025670,0.204333,0.026290,0.182817,0.038442,-0.019974,0.044327,-0.023867,0.166941,0.150587,0.295038,0.077735,0.199757,0.185737,0.300153,0.267662,0.126727,0.174676,0.058289,-0.065638,0.208833,0.180953,0.193799,0.266337,0.228782,0.169844,0.180595,0.123902,-0.023810,0.149517,0.213351,-0.024337,0.226850,0.221313,0.198526,0.198067,0.119295,0.018462,0.194465,0.002735,0.133782,0.071612,0.186879,0.178804,0.051986,0.115849,0.047452,0.079008,0.197377,0.211873,0.257842,0.166404,0.222531,0.138860,-0.064819,0.189551,0.246005,0.148942,0.241659,-0.013019,0.104616,0.018200,0.368983,0.131621,-0.057353,0.249590,0.237052,0.003138,0.014793,0.050983,0.032603,0.218808,0.173649,0.099410,0.312576,-0.032817,-0.052693,0.291041,0.088033,0.308728,#
6,-0.017019,0.239622,0.166054,0.221069,0.005595,0.094308,1.000000,0.081818,0.252252,0.051008,0.109844,0.146319,0.050555,0.171644,0.042322,0.109184,0.066284,0.060960,0.126982,0.007480,0.176986,0.189192,-0.077769,-0.036780,0.079937,0.155460,0.086117,0.171613,0.105257,0.250093,-0.018409,0.114275,0.056921,0.111518,-0.118880,0.038465,0.034199,0.159404,0.012933,0.126063,-0.021072,0.100837,-0.021368,0.113524,0.005215,0.128145,0.056619,0.050255,0.039471,-0.028754,0.014087,0.029977,0.150870,0.165105,-0.002580,0.103150,-0.006501,0.065177,0.073900,0.213498,0.136750,-0.066470,0.116318,0.125657,0.126653,0.338052,0.090219,0.170151,0.120611,0.067613,0.046335,0.161451,0.097920,0.109707,0.213475,0.124633,0.178577,0.157461,0.228659,0.005500,0.106440,0.031292,0.157226,-0.010985,0.127723,-0.005019,0.039676,0.160888,-0.073508,0.065114,0.053187,0.173941,0.093426,0.111401,0.025820,0.094651,0.155324,0.014817,0.119179,0.249806,0.099802,0.215446,0.037909,-0.013195,-0.195184,0.176772,0.004002,0.047265,0.136166,0.171343,0.141133,0.206839,0.040886,-0.171963,-0.010942,0.184512,0.257245,-0.060704,0.001002,0.034288,0.131827,0.138795,-0.078466,0.153403,-0.004795,0.095543,0.017560,0.149245,-0.002441,0.147536,0.105042,-0.022977,0.081623,-0.050951,0.196965,0.118931,0.001330,0.146658,0.220234,0.132852,0.049031,0.128996,-0.002691,0.117796,-0.025449,0.074539,0.172945,-0.037896,0.085128,-0.221962,0.198669,-0.038499,0.145578,-0.004451,0.246707,0.037398,-0.004042,0.122249,0.050455,-0.053056,-0.036463,0.237943,0.300512,0.153004,0.155088,0.138972,-0.035872,0.082182,0.049807,0.133964,-0.020975,0.067983,0.066100,-0.009105,0.067986,0.125265,0.031471,0.181928,0.263908,-0.079002,0.014738,0.039340,0.193790,0.198279,0.166072,0.146015,0.105976,0.055949,-0.014860,0.159856,-0.016702,0.057785,0.106716,0.164532,-0.020180,-0.074362,0.128684,0.173954,0.090965,0.241899,#
7,-0.054059,0.104555,0.199950,0.092697,0.114956,0.200481,0.081818,1.000000,0.231372,0.131497,0.202850,0.357898,-0.046706,0.160272,0.246992,0.156369,0.092823,0.320120,-0.027825,0.130740,0.086554,0.150912,0.255199,0.035340,0.142649,0.112142,0.165219,0.328095,-0.006727,0.239607,0.020528,-0.002399,0.126634,0.113719,-0.059556,0.073637,-0.031009,-0.042865,0.209191,0.149418,0.152289,0.188559,0.105382,0.131663,0.183566,0.158420,0.090983,0.155808,0.226917,0.057063,0.184542,0.156074,-0.027083,0.153754,0.103339,0.084083,0.162680,0.171556,0.221962,0.034491,0.199272,-0.000213,0.121327,0.061596,0.255036,0.122681,0.140035,-0.044032,0.154545,0.326115,0.057040,0.012582,0.245736,0.137497,0.034622,0.087813,-0.066773,0.208155,0.106085,0.283463,0.213324,0.084290,0.187723,0.049141,0.229324,0.014798,0.083995,0.008749,0.098242,0.132741,-0.015554,0.101560,0.146318,0.251511,-0.036876,-0.013147,-0.065515,0.079520,0.009108,0.109186,0.165615,-0.019006,0.039908,0.053540,-0.053210,0.223568,0.253352,0.112245,0.131663,0.163339,-0.054895,0.041543,0.029732,0.102062,0.399558,0.155089,-0.132754,-0.026153,-0.017802,0.314868,0.102503,0.157122,0.009649,0.160682,0.158613,0.021493,0.207547,0.156242,0.009804,0.104888,0.060347,0.079798,0.243816,0.106822,0.340722,0.182155,-0.090382,0.304011,0.050667,0.068884,0.219247,0.002952,0.100690,-0.003401,0.138294,0.112681,0.179252,0.109643,0.079261,0.028112,0.144870,0.109456,0.027479,0.120946,0.000233,0.149918,0.176977,0.111027,0.188566,0.174103,0.071997,0.128621,0.150664,0.055314,-0.078695,0.267761,0.124502,0.000225,0.036403,0.039275,0.126160,0.150792,0.207192,0.022994,0.137546,0.006297,0.114211,0.123034,-0.116617,0.143682,0.157460,0.068715,0.185918,0.178792,-0.219416,0.161133,0.005138,-0.091089,0.027893,0.261681,0.162292,0.028605,0.177588,0.038814,0.181515,0.070225,-0.002772,0.109233,0.169519,0.163319,#
8,0.130851,0.232360,0.127143,0.270273,0.287850,0.328284,0.252252,0.231372,1.000000,0.233262,0.252004,0.169164,0.159244,0.133426,0.290678,0.175953,-0.057392,0.227892,0.111541,0.195798,0.159369,0.194481,0.194126,0.284037,0.061278,0.199379,0.128786,0.283815,0.078355,0.301975,-0.021807,0.192260,0.148115,0.089908,0.084086,0.230434,0.210881,0.080051,0.155605,0.059258,0.171872,0.271864,0.114747,0.133386,0.232655,0.199053,0.128582,0.144040,0.234995,0.170244,0.218855,0.373223,0.039545,0.361842,0.104439,0.353843,0.243271,0.228234,0.096183,0.277993,0.202252,0.154753,0.289829,-0.076405,0.230371,0.313738,0.188771,0.052848,0.373234,0.163384,0.211516,0.074889,0.259597,0.056440,0.206546,0.188822,0.183510,0.234463,0.178889,0.138245,0.275420,0.336938,0.203515,-0.028982,0.327789,0.101188,0.146502,0.101294,0.108546,0.242272,0.101217,0.281988,0.186193,0.092013,0.351969,0.301154,0.270052,0.096304,0.206722,0.132229,0.191869,0.139462,0.167968,0.183903,0.185427,0.106632,0.138185,0.262739,0.027543,0.254467,0.132324,0.143263,0.004247,0.221049,0.254871,0.235875,0.092632,0.086113,0.036564,0.204326,0.177045,0.204226,0.134581,0.195002,0.158521,0.192386,0.177879,0.290490,-0.040894,0.364397,0.162663,-0.033778,0.316333,0.215934,0.267672,0.249218,0.107933,0.230081,0.257435,0.046109,0.251138,0.206913,0.330971,0.057841,0.082933,0.137083,0.263798,0.137374,0.144771,0.062064,0.342944,-0.002839,0.185159,0.244924,0.368425,0.344457,0.217394,0.254369,0.182097,0.168409,0.071302,0.171786,0.116004,0.169212,0.218087,0.214725,0.139335,-0.032147,0.214709,0.200542,0.186115,0.222888,0.096577,0.084421,0.165528,0.129874,0.138369,0.271827,0.195378,0.108076,0.159193,0.178130,0.215932,0.175463,0.052314,0.213904,0.078278,0.050815,0.100690,0.214950,0.228956,0.112154,0.212333,0.129763,0.382654,0.019165,0.130173,0.122425,0.127799,0.132104,#
9,0.091224,-0.011876,0.109902,0.114496,0.076233,0.225452,0.051008,0.131497,0.233262,1.000000,0.385256,-0.006387,0.056139,0.212241,0.223614,0.222406,-0.021915,0.069894,-0.074890,0.308730,0.060960,0.009979,0.052748,0.064094,0.035421,-0.002787,0.243940,0.175032,0.085720,0.171622,0.180844,0.079737,0.046826,0.152696,0.180924,0.099461,-0.059628,0.196305,0.095742,-0.064015,0.297973,0.152135,0.097375,-0.073447,0.017288,0.163161,0.102376,0.071710,0.139206,0.082215,0.077587,0.239964,-0.025961,0.121710,0.063552,0.282986,0.128924,0.143457,0.140286,-0.059944,0.216292,0.014691,0.200209,0.006068,0.228254,0.173482,0.037401,-0.071862,0.134504,-0.027436,0.187482,0.194464,0.091233,0.103497,0.110434,0.140329,-0.017291,0.056590,0.208156,0.159431,0.168452,0.253757,0.014495,-0.034094,0.244087,0.058178,0.085471,0.112416,-0.132343,-0.072440,-0.020865,0.143726,0.200179,-0.000967,0.122052,0.165246,0.147961,0.166265,0.170029,-0.052522,0.077940,0.137638,0.299363,0.050239,0.298276,0.073103,0.152926,0.072428,0.217172,-0.033069,0.062483,0.053584,0.113970,0.233719,0.106203,0.116122,-0.077795,0.173317,0.132516,-0.063557,0.159545,0.343284,0.005691,0.178372,-0.007306,0.132477,-0.107868,0.194361,0.100802,0.279655,0.125500,-0.027128,0.065261,0.150872,0.108520,0.143098,0.154953,0.301441,0.111902,-0.177397,0.048962,0.155181,0.199692,0.044633,0.074352,0.187619,0.143958,0.180078,0.035474,0.332184,0.060303,-0.141223,0.317344,0.251292,0.170424,0.177475,0.139711,0.133779,0.269275,0.034533,0.144269,0.095462,-0.003758,0.313353,0.094566,0.088318,0.082553,0.031072,0.292356,0.064773,0.193449,0.207544,0.068925,0.148532,0.037664,0.154509,0.203930,0.094129,-0.000737,0.026444,-0.045837,0.037687,0.235290,0.178492,-0.008613,0.120348,0.093784,0.073759,0.216036,0.028960,0.108551,0.110848,0.066310,0.148495,0.093147,0.110446,0.115285,-0.008237,0.134413,0.192888,#
10,0.121152,0.258350,0.304246,0.272242,0.081059,0.200230,0.109844,0.202850,0.252004,0.385256,1.000000,0.145594,-0.008204,0.175324,0.189833,0.108980,0.056194,0.173676,0.153435,0.202557,0.070630,0.103245,-0.086223,0.145409,0.095716,0.021484,0.139818,0.267660,0.034562,0.235689,0.177122,0.129605,0.199786,0.138613,0.103822,0.193003,0.102100,0.062029,0.321453,0.133486,0.248540,0.067335,0.120321,-0.019430,-0.121524,0.166462,0.149028,0.105561,0.151534,0.182972,0.120946,0.199814,0.042860,0.220900,-0.040409,0.244410,0.096253,-0.024336,0.075803,0.126786,0.063243,0.111322,0.123114,0.133832,0.369678,0.230504,0.202219,0.053361,0.135589,0.150569,0.160590,0.193032,0.193264,0.145154,0.109759,0.107482,0.095772,0.053080,0.107383,0.136254,0.288427,0.081923,0.238772,0.076659,0.365353,-0.091962,0.164441,0.122944,0.037433,0.074005,-0.028218,0.158151,0.173335,0.113890,0.082313,0.270639,0.180764,-0.027181,0.210208,0.123200,0.071708,0.045684,0.165770,-0.035796,0.182751,-0.000764,0.172017,0.310553,0.115887,0.028881,0.097344,0.190231,0.075779,0.161747,0.326267,0.285979,0.073187,0.058270,-0.023518,0.067119,0.144980,0.252116,-0.006133,0.115551,0.049416,0.012733,0.147120,0.164945,0.159602,0.253497,0.266080,0.074532,0.078162,0.124461,0.159045,0.119899,-0.034383,0.362109,0.118691,-0.062521,0.245515,0.058220,0.191790,0.120674,0.157462,0.066646,0.010640,-0.039775,0.036998,0.090048,0.113866,0.162562,0.169704,-0.011779,0.275043,0.103054,0.204411,-0.136093,0.228655,0.097699,0.179141,0.039997,0.343355,0.233456,0.200551,0.126760,0.190768,0.068187,0.147520,0.219312,0.248873,0.207428,0.032925,0.143609,0.060239,0.074810,0.129020,0.251450,-0.029299,0.056521,0.068376,0.083809,0.276276,0.082386,0.126523,0.175211,-0.009054,-0.147915,0.142059,0.222405,0.210992,0.071486,0.145723,0.050834,0.236301,0.000306,-0.051651,0.177955,0.244363,0.364148,#
11,-0.040163,0.237847,0.258664,0.180947,0.070083,0.134606,0.146319,0.357898,0.169164,-0.006387,0.145594,1.000000,0.091300,0.111734,-0.052487,0.071643,0.088268,0.304144,0.085237,-0.075596,0.104345,0.144112,-0.030446,0.129052,0.270015,0.298997,-0.021041,0.327047,-0.168861,0.251545,0.182414,0.128352,0.144520,0.117668,0.108232,0.136015,0.171204,-0.048510,0.121167,0.193019,0.055326,0.252970,0.305385,0.228644,0.012348,0.198452,0.122863,0.067545,0.241695,0.010979,0.166488,0.229462,0.037853,0.330286,-0.062135,-0.012372,0.067225,0.228064,0.178772,-0.047050,0.015741,-0.009443,0.245147,0.062991,0.106903,0.249659,0.191340,0.243851,0.163391,0.216238,0.017889,0.041405,0.292927,0.057493,-0.005713,0.136539,0.025585,0.057229,0.155231,0.125881,0.191760,0.139497,0.223105,0.087376,0.223106,-0.102610,0.094403,0.280280,0.145527,-0.007467,0.044214,0.219592,0.292243,0.457711,0.083127,0.196091,-0.016957,0.056467,0.184181,0.240876,0.156926,0.082128,-0.067868,0.181479,-0.016126,0.259356,0.238410,0.290022,0.235296,0.103880,0.183498,0.102132,0.123609,0.143274,0.023833,0.355620,0.069009,0.116331,-0.080378,0.133849,0.034310,0.127966,0.198234,0.142209,0.135387,-0.000504,0.160887,0.152288,0.184386,0.067231,0.049012,0.260575,0.246365,0.205529,0.144850,0.127722,-0.227646,0.417926,0.014386,0.225159,0.154886,0.076115,0.092614,0.106579,0.167856,0.122227,0.149589,0.036702,0.081927,-0.024655,0.101711,0.288132,0.065876,0.098993,0.194183,0.209594,0.114032,-0.139371,0.154249,0.126996,0.132399,0.268434,0.007779,0.046093,0.117712,0.110638,0.279859,0.102916,0.123597,0.132370,0.165263,0.059912,-0.025591,-0.077093,0.170287,0.143504,0.179473,0.186852,0.000518,0.058326,0.169354,0.096456,0.200056,0.008765,-0.090331,0.170591,0.024366,0.058575,0.004962,0.211889,0.040555,0.078372,0.216832,0.216528,0.334239,0.122467,0.123519,0.177291,0.089335,0.153473,#
12,0.087921,0.069989,0.073472,0.150961,0.124519,0.207161,0.050555,-0.046706,0.159244,0.056139,-0.008204,0.091300,1.000000,-0.011238,0.187986,0.103415,0.316066,0.181968,0.226140,0.263985,0.083138,0.095154,0.122133,0.168144,-0.002692,0.164669,0.192365,0.205156,0.029051,0.249944,-0.096303,0.235442,0.115993,0.098788,0.163668,0.305490,0.122793,0.008993,0.125668,0.107153,0.162408,0.056355,0.189230,0.244116,0.287894,0.132781,0.240545,-0.084331,0.163070,0.064278,0.249797,0.093494,0.101029,0.216461,0.149471,0.203899,-0.013144,0.142808,-0.049115,-0.104094,0.088140,0.201839,0.054627,0.205801,0.210838,0.223820,0.110438,0.120211,0.097768,0.079321,0.063785,0.197341,0.126963,0.047869,0.234083,0.230247,0.157715,-0.022571,0.123566,0.011098,0.196432,0.175821,-0.047057,0.036510,0.119166,0.146945,0.114347,0.289106,0.133873,0.005741,0.095405,0.051797,0.053332,0.216446,0.197198,0.173390,0.302036,0.116423,0.100617,0.036013,0.123867,0.155354,0.137071,0.127701,0.230907,-0.012951,0.124395,0.027639,-0.009554,0.072184,0.233457,0.039276,0.115587,0.122807,0.117819,0.027537,0.164810,-0.015291,0.128608,-0.008839,0.146888,0.185459,0.271958,0.142560,0.116645,-0.049852,0.196835,-0.011510,0.000386,0.062520,0.159546,0.070546,0.094145,0.144771,0.126210,0.041142,0.190022,0.106379,0.211130,0.084059,0.167579,0.093089,0.145401,0.080702,-0.034176,0.191590,0.034767,0.208577,0.020459,0.043612,0.061326,0.216164,0.176345,0.110881,0.008833,0.234629,0.070187,-0.074784,0.003337,0.092073,0.035641,0.307236,0.159289,0.290465,0.100812,0.041085,0.295667,0.028596,0.036397,0.104187,0.135322,0.108616,0.099154,0.071104,0.164729,0.069371,0.249719,0.215545,0.071612,0.197934,0.191166,0.114044,0.254103,0.010414,0.107109,0.091308,0.208868,0.198123,0.054177,-0.041718,0.118546,0.050183,0.082088,0.152493,0.082117,0.060843,0.183426,0.212653,0.158236,0.077023,#
13,0.032469,0.130699,0.252096,0.051141,0.095932,0.159076,0.171644,0.160272,0.133426,0.212241,0.175324,0.111734,-0.011238,1.000000,0.293461,0.047361,0.220282,0.044278,0.109024,0.281283,0.200194,0.101618,-0.058883,0.156322,0.000862,0.343152,0.253979,0.217814,0.063134,0.150592,0.158879,0.160371,0.193331,0.149576,0.149198,0.026480,0.005747,0.091838,-0.031487,0.159215,-0.050541,0.223074,0.206507,0.113679,0.002178,0.201603,0.220221,0.101175,0.212171,0.070138,0.182687,0.167653,0.056643,0.256295,0.071747,0.248800,0.054471,0.186749,0.044072,0.221138,0.172972,0.093992,0.225451,0.043267,0.178015,0.119490,0.334819,0.131780,0.306316,0.158650,0.047040,0.071789,0.133213,0.048248,0.239558,0.129651,0.248422,0.266668,0.284176,0.102998,0.188423,0.295044,0.039540,0.345752,0.252331,0.081304,0.168769,0.158019,0.209478,-0.037833,-0.003010,0.090571,0.147447,0.253510,0.009595,0.060451,0.210696,0.022990,0.163577,0.252050,0.173158,0.187798,0.153937,0.190328,0.032355,0.166020,0.157726,0.235221,0.287130,0.177730,0.001317,0.060019,0.354835,0.136451,0.293589,0.220854,0.297220,0.135014,-0.006543,0.101094,0.279013,0.222236,0.127499,0.178684,0.226351,-0.058137,0.051524,-0.053181,0.181845,0.181375,0.078152,0.088408,0.090531,0.019376,0.288947,0.117799,0.105340,0.188125,0.231407,0.154201,-0.032879,0.097230,0.360669,0.231975,0.172544,0.241037,0.150666,0.214534,0.049077,0.077893,0.151348,0.099893,0.124743,0.304192,0.200260,0.294121,-0.020352,0.175276,0.230275,0.186417,0.008466,0.339605,0.028694,0.303629,0.161233,0.082138,0.031564,-0.017153,0.109222,0.125942,0.164365,0.263306,0.167740,0.084523,0.083345,0.138349,0.171663,0.101752,0.216536,-0.106266,0.101304,0.180645,0.198089,0.127850,0.170177,0.219428,0.267161,0.085174,-0.056895,0.166059,0.075040,0.191225,0.139572,0.122941,0.159417,0.139306,0.044670,0.101894,0.228155,0.209977,#
14,0.280474,-0.042055,0.015832,0.125947,0.098197,0.224840,0.042322,0.246992,0.290678,0.223614,0.189833,-0.052487,0.187986,0.293461,1.000000,0.268780,0.129953,0.171369,0.226274,0.390650,0.162868,0.024821,0.177209,0.284821,0.044970,0.024376,0.278762,0.243274,0.143844,0.191263,-0.080388,0.165379,0.113864,0.038433,0.169735,0.157644,0.077018,0.163959,0.055137,0.272690,0.181225,0.075509,0.226772,-0.052046,0.136262,0.281457,0.168051,0.023791,0.135228,0.217935,0.235419,0.080461,0.239035,0.303354,0.270679,0.257835,0.196972,0.072763,0.015967,0.044919,0.278937,0.242724,0.125132,0.080346,0.166175,0.032812,0.264921,0.091416,0.145167,0.212385,0.042699,0.056189,0.122005,0.233918,0.216932,0.190696,0.235543,0.185171,0.108624,0.151789,0.255245,0.170154,0.095338,0.135095,0.166175,0.165787,0.009290,0.078707,0.135853,0.041745,0.093896,0.147561,0.184985,0.156924,0.210480,0.082761,0.232801,0.056964,0.072265,0.101773,0.203376,0.212486,0.177095,0.266401,0.126311,0.095646,0.224365,0.257312,0.032684,0.175009,0.005503,-0.070669,0.143571,0.109874,0.189536,0.103228,0.144627,0.089522,0.156136,0.115801,0.397624,0.310509,-0.038527,0.114920,0.182613,0.071998,0.145785,0.088041,-0.002591,0.314176,0.125687,0.066453,0.117418,0.000259,0.118296,0.038920,0.069623,0.127795,0.000989,-0.010711,0.272099,0.206488,0.274298,0.061297,0.037782,0.312955,0.141570,0.104497,-0.064699,0.069540,0.154309,0.105523,-0.005489,0.184297,0.139390,0.203827,0.291508,0.076736,0.142576,0.162558,0.073628,0.202263,0.094579,0.138371,0.193701,0.083724,0.096317,0.039906,0.092089,0.273081,0.222204,0.269960,0.203141,0.083518,0.038301,0.011393,0.343561,0.256991,0.274757,0.095944,0.030722,0.180706,0.218822,0.137127,0.114502,0.149291,0.184900,-0.010051,0.021600,0.175326,0.043674,0.122459,0.155304,0.200218,0.192184,-0.023211,-0.067212,0.106156,0.266446,0.148994,#
15,0.178321,-0.054295,0.239156,0.132473,0.120632,0.035450,0.109184,0.156369,0.175953,0.222406,0.108980,0.071643,0.103415,0.047361,0.268780,1.000000,0.182265,0.258162,0.168856,0.177271,0.103108,0.090717,0.233036,0.231124,0.096574,0.279535,0.206109,0.142379,0.141322,0.198333,0.002635,0.189172,0.102737,0.166376,0.113682,0.003747,0.046204,0.033517,0.172205,0.064300,0.109439,0.175575,0.139985,0.121004,0.137864,0.152027,-0.120490,0.105091,-0.000829,0.260597,-0.075546,0.247537,0.108902,0.166675,0.141649,0.189225,0.111407,0.097124,0.180629,0.193272,0.169300,-0.082970,0.209423,-0.012231,0.150980,0.177115,0.122117,0.111817,0.080293,-0.005316,0.271360,0.145508,0.062135,0.080456,0.160161,0.130907,-0.026090,0.143573,0.012046,0.148374,0.254956,0.054697,-0.031771,0.227183,0.177174,0.117102,0.053786,0.192375,0.131895,0.198227,0.007179,0.150821,0.124285,0.166495,0.092676,0.087109,0.287391,0.005292,0.054608,0.050883,0.233647,0.125613,0.013557,0.116125,-0.004811,0.046366,0.144098,0.145375,0.015149,0.164243,0.038010,0.200610,0.088290,-0.029908,0.097722,0.260525,0.029388,-0.105970,-0.007400,-0.035673,0.258684,0.232805,0.075592,0.209226,0.190709,0.052406,0.073416,0.209224,0.010124,0.176444,0.040943,0.150994,0.065326,0.146538,0.130345,0.139527,0.002902,0.032974,0.011350,-0.099222,0.053785,0.245756,0.141526,0.056010,0.186884,0.086682,0.043375,0.198807,0.237786,0.089811,0.083654,-0.047717,0.109719,0.298122,-0.000949,0.307563,0.146023,0.047118,0.128199,0.119263,0.002555,0.048714,0.247307,0.117056,0.114768,0.221695,0.153355,0.059959,0.153283,0.031176,0.000318,0.114948,0.126980,-0.030759,0.153816,0.067984,0.315189,0.057727,-0.063377,0.119808,0.205044,0.067943,0.159881,0.290686,-0.042562,0.125867,0.042528,0.106794,-0.046704,0.046647,-0.100215,0.072945,0.152031,0.071365,0.073225,0.045762,0.025566,0.146848,0.090230,-0.123077,#
16,0.116474,0.090033,0.085592,0.177298,0.023892,0.022356,0.066284,0.092823,-0.057392,-0.021915,0.056194,0.088268,0.316066,0.220282,0.129953,0.182265,1.000000,0.142766,0.139268,0.305797,0.172768,0.160452,0.088833,0.086503,-0.099761,0.211444,0.145512,0.054319,0.048833,0.344865,0.033622,0.250958,0.000112,0.260736,0.142608,0.158058,0.090486,0.035721,0.126461,0.029697,-0.022637,0.129189,0.134919,0.155154,0.088723,0.327252,0.027750,0.039683,0.076648,0.048581,0.106755,0.110061,0.271046,0.150367,0.102726,0.081438,0.025262,0.051246,0.059067,-0.101433,0.050357,0.276871,0.259426,0.240985,0.216742,0.059908,0.085330,0.327007,0.021930,0.210424,-0.038490,0.282939,0.276188,-0.022143,0.055163,0.158023,0.035455,0.224186,0.081717,0.056166,0.048993,0.056859,0.004903,0.154190,0.149480,0.096153,0.166437,0.140863,0.155001,0.011851,0.062436,0.202089,0.116539,0.115006,0.050120,0.029113,0.214253,-0.043366,0.035998,0.147534,0.079563,-0.031003,-0.089994,0.047551,0.088995,0.082160,0.147331,0.021845,-0.020622,0.170162,0.110575,0.060897,0.123854,0.093358,0.148900,0.194081,0.073749,0.014255,-0.024593,0.273843,0.158488,0.154445,0.113647,0.209418,0.171528,-0.151396,0.108907,-0.097152,0.028333,0.175608,0.078239,0.002048,0.257828,-0.135157,0.289664,0.210997,-0.085478,0.264818,0.118475,0.176348,0.009108,0.097850,0.087436,0.099581,0.144163,0.088956,0.046842,0.177474,0.189837,0.075327,-0.115471,0.225560,0.025710,0.057224,0.184414,0.176520,0.018749,0.036542,0.085340,0.125177,-0.003337,0.265945,0.161572,0.228106,0.067463,0.057700,0.176006,0.005166,-0.040856,0.056799,0.013888,0.035550,0.051061,-0.011073,0.087930,0.187038,0.033129,0.082194,0.142795,0.023577,0.082840,0.150954,0.172301,-0.093550,-0.039854,0.179022,0.243008,0.113371,0.020295,0.050977,0.221437,-0.095798,-0.039271,0.061834,0.136162,0.213168,-0.043209,0.156866,-0.029805,0.043653,#
17,0.245409,0.169007,0.097926,0.231251,0.211861,0.145047,0.060960,0.320120,0.227892,0.069894,0.173676,0.304144,0.181968,0.044278,0.171369,0.258162,0.142766,1.000000,0.105643,0.194852,0.291094,0.091909,0.077331,0.269497,0.032899,0.179640,0.134485,0.113970,0.029204,0.259692,0.131549,0.123439,0.341222,0.128131,0.103516,0.195464,-0.014739,0.133860,0.282070,0.098997,0.206118,0.144483,0.055456,0.243617,0.067065,0.292535,0.219344,0.048363,0.097429,0.068692,0.165355,0.175731,0.002956,0.236674,0.142757,0.209247,0.250947,0.141697,0.032838,-0.027489,0.222615,0.113047,0.160330,0.052302,0.199973,0.277528,0.226444,0.212249,0.162075,0.230187,0.086470,0.249997,0.220290,0.046174,0.113761,0.243913,0.018202,0.126924,0.014040,0.249779,0.118573,0.186233,0.306237,0.111597,0.154815,-0.085039,0.185285,0.194993,0.132280,0.198907,0.060263,0.052915,0.236415,0.191125,0.078669,0.217834,0.137252,0.215246,0.178108,0.164337,0.126371,-0.027252,0.059303,0.204476,0.046397,0.212171,0.184137,0.181634,0.177932,-0.000395,0.175623,0.166649,0.132143,0.271424,0.144812,0.246771,-0.000641,0.040542,0.003019,0.087125,0.048981,0.242649,0.161692,0.229856,0.380973,0.063994,0.087549,0.157805,0.045319,0.128897,0.157475,0.155001,0.236551,0.107542,0.193026,0.281914,0.136539,0.281833,0.108364,0.194369,0.193592,0.204478,0.080664,0.181073,0.194891,0.253090,0.009133,0.107506,0.029823,0.027046,0.134793,0.012396,0.028846,0.203439,0.274881,0.316962,0.153116,0.040885,0.267808,0.200764,0.096951,0.234499,0.190152,0.192757,0.109919,0.218261,0.168532,0.175402,0.149414,-0.032824,0.255643,0.076742,0.085809,0.044938,0.164035,0.099789,0.289440,0.147608,-0.112258,0.253226,0.100487,0.215604,0.255148,0.139148,-0.043407,0.134982,0.177377,0.048621,0.121073,0.180775,0.120650,0.285903,0.232665,0.104590,0.329846,0.121336,0.081424,0.140011,0.023217,0.160508,#
18,0.271089,-0.071170,0.054206,0.236790,0.161564,0.018245,0.126982,-0.027825,0.111541,-0.074890,0.153435,0.085237,0.226140,0.109024,0.226274,0.168856,0.139268,0.105643,1.000000,0.136066,0.223800,0.123366,0.025177,0.348098,0.146907,0.118566,0.101872,0.238759,0.095478,0.064008,0.004997,-0.044924,0.188464,0.084400,0.213309,0.243865,0.220404,0.060763,0.106521,0.352792,0.119075,0.174355,0.161733,0.133918,0.143364,0.083878,0.047861,0.001408,-0.012992,0.250118,0.178731,0.017357,0.137616,0.173514,0.110540,0.155193,0.102665,0.084086,-0.006798,-0.041044,0.057574,0.022956,0.188477,0.098075,0.182141,0.105781,0.262209,0.170489,-0.016841,-0.014884,-0.059173,0.012482,0.036837,-0.076822,0.053279,0.161916,0.056898,0.134848,0.089121,0.062485,0.222623,0.001395,0.088032,0.219673,0.105844,-0.030829,0.202326,0.013518,0.179658,0.087389,0.197315,0.004396,0.061665,0.173415,0.071524,0.276370,0.321966,0.077575,0.127170,0.250356,0.047527,0.157258,0.162499,0.159872,0.266862,0.100459,0.132513,0.106600,0.098429,0.146417,0.213744,0.239434,0.150350,0.051591,0.051025,0.093321,0.076476,-0.200608,0.049153,0.135903,0.174400,0.164394,0.087664,-0.023358,0.131268,-0.027048,0.190007,0.116850,0.145222,0.093871,0.144670,0.209405,0.039192,0.093003,0.148227,-0.121239,0.006540,0.203600,0.036510,0.135721,0.124455,0.045403,0.151242,0.096565,0.139160,0.189274,0.010720,0.062926,-0.008433,-0.003741,0.008368,0.131473,0.049619,0.079732,0.117739,0.194714,0.234796,0.023900,-0.069925,0.321331,0.166685,0.155938,0.176740,0.116030,0.083894,0.206553,0.165662,0.104097,0.029278,0.204233,-0.076556,0.069510,0.175679,0.103350,-0.062177,0.249226,0.252372,0.173067,0.236280,-0.042977,0.071857,0.046103,0.227610,0.038886,0.123759,0.004693,0.264537,0.156428,0.016453,0.069112,0.038510,0.211306,0.198515,0.050215,0.141341,0.003149,0.029739,0.199904,0.251402,0.044408,#
19,0.239906,0.109683,0.166926,0.196862,0.308655,0.202440,0.007480,0.130740,0.195798,0.308730,0.202557,-0.075596,0.263985,0.281283,0.390650,0.177271,0.305797,0.194852,0.136066,1.000000,0.241019,0.107033,0.185658,0.173656,0.024142,0.339428,0.321365,0.194303,0.162962,0.279495,0.113572,0.245296,0.185464,0.180595,0.185495,0.324111,0.056988,-0.006550,0.299867,0.174863,0.165880,0.236537,0.033765,0.079819,0.125971,0.313664,0.271309,0.293461,0.031980,0.255151,0.245721,0.182973,0.106759,0.337328,0.200650,0.348324,0.238484,0.136192,0.138808,0.110366,0.204369,0.261064,0.249538,0.279931,0.338433,0.107813,0.190520,0.226077,0.091585,0.229445,0.209323,0.179967,0.206638,0.066713,0.261801,0.407352,0.155895,0.329772,0.361105,0.173605,0.306022,0.294316,0.229976,0.169260,0.356913,0.063655,0.157339,0.214204,0.198098,0.054227,0.036295,0.203386,0.271497,0.151871,0.113530,0.270373,0.276960,0.209144,0.016537,0.099661,0.159183,0.200239,0.287161,0.228711,0.323839,0.325717,0.152293,0.387279,0.072698,0.059973,0.171982,0.178176,0.197649,0.269115,0.239965,0.185105,0.219058,0.292490,0.167343,-0.019358,0.407303,0.374051,0.235727,0.318428,0.359988,0.067973,0.279992,0.201499,0.043272,0.349466,0.105703,-0.015397,0.246929,0.145987,0.278026,0.221858,0.122033,0.407624,0.189284,0.072536,0.118212,0.300914,0.298231,0.132170,0.146410,0.248734,0.093360,0.253023,0.187288,0.010308,0.156009,0.252299,0.149507,0.291745,0.312511,0.165643,0.211529,0.004387,0.176729,0.118610,0.310881,0.250947,0.250694,0.261425,0.254243,0.168450,0.097399,0.110447,0.257499,0.129100,0.177899,0.250288,0.334272,0.196235,0.072216,0.161769,0.313671,0.247145,0.168396,0.041800,0.063149,0.228102,0.344712,0.229758,0.168827,0.194713,0.194229,0.206353,0.175404,0.197245,0.366298,0.238895,0.004958,0.149222,0.287357,0.162694,0.090028,0.166732,0.263079,0.324414,#
20,0.158829,0.045831,0.274036,0.201424,0.342189,0.163585,0.176986,0.086554,0.159369,0.060960,0.070630,0.104345,0.083138,0.200194,0.162868,0.103108,0.172768,0.291094,0.223800,0.241019,1.000000,0.164740,0.072011,0.214169,0.236967,0.276001,0.134245,0.187971,0.071087,0.202905,-0.003803,0.005857,0.164748,0.143693,0.052083,0.124925,0.215168,0.107089,0.108687,0.174716,0.218919,0.333900,0.041874,-0.032026,0.190013,0.231729,0.315252,0.078277,0.103682,0.116467,-0.010789,0.177710,0.059390,0.306769,0.194899,0.138912,0.189061,0.172515,0.097098,-0.037302,0.159557,0.153587,0.252132,0.116256,0.117908,0.106698,0.183491,0.164017,0.305766,0.197180,0.195372,0.261521,0.273520,0.113402,0.011706,0.005552,0.122370,0.343233,0.183394,0.072534,0.226038,0.131605,0.246551,-0.002748,0.224871,0.105068,0.148646,0.149969,0.281047,0.093006,0.119747,0.245124,0.193781,0.237373,0.211519,0.162285,0.207479,0.259262,0.172600,0.043739,0.183630,0.079369,0.166455,0.120615,0.085215,0.157537,0.064874,0.191889,0.093216,0.216782,0.272875,0.297914,0.135977,0.195036,0.107573,0.311872,0.232923,0.071287,-0.083053,0.155493,0.051479,0.245766,0.038713,0.040420,0.212954,0.002363,0.219338,0.153674,0.198675,0.189308,0.145629,0.109308,0.184033,0.039077,0.244158,0.107700,0.226393,0.205679,0.130667,0.086118,0.248879,0.131399,0.149268,0.190680,0.247425,0.168943,-0.020403,0.143934,0.197629,0.108436,0.180817,0.155079,0.008344,0.159893,0.195104,0.133189,0.111258,-0.012002,0.073186,0.330049,0.188369,0.280450,0.208700,0.174857,0.208018,0.136180,-0.065937,0.217518,0.066233,0.061247,0.197313,0.081985,0.025049,0.063516,0.098182,0.161476,0.130465,0.134016,0.266859,0.150623,0.015196,0.155337,0.130224,0.147601,0.124356,-0.075751,0.229927,0.125075,0.118159,0.318268,0.034783,0.231061,0.154277,0.135910,0.238379,0.199099,0.080040,0.212958,0.177262,0.258346,#
