0,1.000000,0.659417,0.700530,0.644934,0.527979,0.673249,0.642919,0.667655,0.623348,0.630308,0.659389,0.708266,0.652923,0.538354,0.680903,0.620696,0.650555,0.684994,0.641767,0.621840,0.621383,0.596603,0.641524,0.655554,0.619237,0.616874,0.662047,0.683907,0.562776,0.623719,0.670200,0.586503,0.594934,0.555696,0.673532,0.640743,0.672901,0.660816,0.649955,0.725281,0.618867,0.615066,0.668290,0.698408,0.634009,0.578145,0.719976,0.684852,0.593766,0.707789,0.677144,0.565102,0.721162,0.684950,0.609196,0.687597,0.667473,0.702181,0.639301,0.692541,0.725036,0.573025,0.670522,0.648605,0.633740,0.691939,0.664902,0.732739,0.665168,0.582010,0.698745,0.664720,0.743066,0.660459,0.669676,0.653331,0.643172,0.669859,0.655643,0.632167,0.764534,0.674546,0.649167,0.687547,0.658380,0.720979,0.663403,0.578364,0.551422,0.668532,0.633298,0.641034,0.612504,0.682879,0.615689,0.677604,0.564494,0.600344,0.685483,0.670220,0.643353,0.672499,0.571259,0.613582,0.651055,0.575845,0.581277,0.684613,0.680535,0.651860,0.698436,0.612619,0.699946,0.550228,0.635364,0.733145,0.565935,0.618891,0.628309,0.624580,0.577377,0.771277,0.638435,0.721813,0.617533,0.633196,0.613047,0.634344,0.588094,0.614163,0.612905,0.659855,0.637473,0.638765,0.656422,0.607089,0.622433,0.708437,0.634329,0.638128,0.591946,0.631465,0.578146,0.741519,0.710463,0.591427,0.628556,0.595205,0.674910,0.640030,0.651612,0.589393,0.645100,0.578615,0.617943,0.576376,0.593960,0.672762,0.703764,0.675751,0.665852,0.714111,0.597221,0.644664,0.652176,0.694595,0.707801,0.609925,0.619941,0.683765,0.668721,0.628386,0.672799,0.701744,0.733873,0.538160,0.613112,0.650945,0.673253,0.682025,0.593267,0.708276,0.555210,0.611784,0.622272,0.585015,0.665571,0.663124,0.647202,0.698284,0.662535,0.677480,0.631982,0.631044,0.594150,0.629239,0.606091,0.680077,0.696998,0.654949,#
1,0.659417,1.000000,0.648755,0.694577,0.563311,0.707378,0.591993,0.596089,0.615142,0.608752,0.642346,0.631470,0.613460,0.621387,0.685802,0.592330,0.620115,0.585228,0.618867,0.651370,0.672364,0.722374,0.704109,0.700986,0.609893,0.592673,0.708237,0.639408,0.546311,0.541533,0.698937,0.644067,0.621561,0.656377,0.667857,0.730672,0.580128,0.696654,0.661496,0.670193,0.578630,0.589934,0.598349,0.668613,0.607350,0.646451,0.705352,0.653682,0.691609,0.690625,0.612092,0.643827,0.720984,0.628500,0.652283,0.655923,0.626987,0.680851,0.709152,0.648361,0.577050,0.671807,0.545379,0.531799,0.640123,0.610070,0.687421,0.727175,0.701095,0.685632,0.666581,0.659287,0.777725,0.546685,0.623956,0.684194,0.617185,0.687792,0.631088,0.620697,0.701929,0.678282,0.742824,0.700648,0.629026,0.652219,0.635355,0.586357,0.680350,0.643237,0.651271,0.604770,0.632079,0.658818,0.526077,0.592049,0.644224,0.612470,0.614982,0.691308,0.623550,0.712443,0.579958,0.644179,0.635970,0.565555,0.562395,0.672161,0.627079,0.578495,0.643974,0.652202,0.644961,0.557476,0.608049,0.626026,0.678839,0.721661,0.600927,0.561675,0.701135,0.681322,0.570362,0.687178,0.539221,0.541282,0.649677,0.665083,0.648219,0.701263,0.596341,0.662484,0.590378,0.686434,0.622683,0.577295,0.596901,0.622972,0.669699,0.590717,0.652821,0.580904,0.569632,0.631364,0.595843,0.672676,0.677989,0.577095,0.683741,0.605551,0.696382,0.635662,0.643919,0.562060,0.654228,0.534315,0.614782,0.689180,0.625986,0.614252,0.602895,0.697872,0.644718,0.687877,0.664262,0.604441,0.624310,0.677966,0.491747,0.647847,0.683607,0.581715,0.646036,0.697466,0.661405,0.523541,0.616124,0.680689,0.624105,0.636485,0.592122,0.654167,0.587288,0.562367,0.551914,0.661353,0.650653,0.521419,0.604748,0.630493,0.685404,0.576971,0.607389,0.655909,0.692201,0.586992,0.614573,0.675032,0.602311,0.662591,#
2,0.700530,0.648755,1.000000,0.642407,0.512913,0.676330,0.617846,0.660897,0.605173,0.606826,0.652838,0.617454,0.565991,0.532703,0.640876,0.552198,0.627709,0.652507,0.585745,0.631140,0.574475,0.626315,0.559827,0.651815,0.620303,0.574235,0.687133,0.672382,0.648758,0.613614,0.672204,0.608485,0.649436,0.626904,0.610888,0.672329,0.689941,0.652006,0.721135,0.659459,0.642704,0.642789,0.586532,0.631720,0.573232,0.630650,0.742949,0.606684,0.622648,0.765636,0.583251,0.566046,0.658769,0.708771,0.720980,0.611625,0.648543,0.673732,0.595009,0.635351,0.670722,0.656725,0.623901,0.684334,0.633231,0.635151,0.740105,0.617808,0.677041,0.648921,0.725609,0.611274,0.751013,0.601182,0.664777,0.693729,0.661999,0.704748,0.637276,0.711004,0.675391,0.715563,0.683546,0.699278,0.636490,0.678428,0.694871,0.692110,0.649301,0.612350,0.703911,0.662774,0.605352,0.600548,0.653701,0.628899,0.606731,0.616703,0.727846,0.674940,0.617590,0.573498,0.551684,0.617502,0.620136,0.698790,0.642015,0.588304,0.720189,0.633535,0.672096,0.568170,0.716430,0.552209,0.628264,0.611572,0.603380,0.617666,0.673228,0.555175,0.636669,0.692222,0.581599,0.664545,0.607421,0.609876,0.640118,0.625898,0.638566,0.675392,0.664062,0.730005,0.681843,0.710268,0.621585,0.614809,0.574463,0.610965,0.610550,0.599815,0.691216,0.586214,0.546057,0.613585,0.609152,0.701712,0.652654,0.597810,0.673586,0.584457,0.689225,0.583595,0.642714,0.600237,0.588422,0.635658,0.624003,0.622990,0.576847,0.607532,0.608574,0.580042,0.623714,0.645463,0.570392,0.675284,0.738472,0.617258,0.535285,0.607434,0.678397,0.581858,0.610768,0.611445,0.647733,0.552695,0.585109,0.678282,0.642898,0.639856,0.596527,0.711271,0.570022,0.655510,0.554810,0.612072,0.629389,0.603149,0.661332,0.620584,0.651172,0.622311,0.688508,0.638978,0.643048,0.677182,0.627771,0.726109,0.586651,0.655970,#
3,0.644934,0.694577,0.642407,1.000000,0.585250,0.633767,0.600902,0.630252,0.594146,0.628301,0.595514,0.632523,0.644042,0.546335,0.626056,0.619798,0.616894,0.610037,0.610628,0.586767,0.620953,0.663056,0.575543,0.597163,0.681488,0.632075,0.633782,0.627746,0.618996,0.512301,0.628402,0.661734,0.605489,0.656857,0.603597,0.624673,0.580498,0.641275,0.563293,0.681104,0.627480,0.602241,0.578510,0.591998,0.589234,0.664739,0.705401,0.659949,0.713844,0.665856,0.628618,0.504747,0.659828,0.622541,0.655401,0.616047,0.529079,0.637561,0.733435,0.641201,0.618582,0.634177,0.550159,0.586300,0.659606,0.670400,0.622947,0.623407,0.624853,0.620191,0.645686,0.674274,0.720749,0.641033,0.621264,0.594400,0.594836,0.648162,0.642329,0.653134,0.694383,0.602392,0.636434,0.703246,0.608521,0.652029,0.633107,0.561318,0.589550,0.623891,0.570666,0.618405,0.635279,0.655597,0.591413,0.649367,0.608665,0.549543,0.594774,0.655855,0.596276,0.593608,0.506711,0.583649,0.630493,0.624123,0.620655,0.684440,0.600042,0.581735,0.576569,0.631999,0.624375,0.582815,0.641182,0.659496,0.598126,0.624595,0.605189,0.539511,0.539556,0.649291,0.525262,0.650813,0.568448,0.572634,0.657653,0.631289,0.602792,0.664634,0.569293,0.663549,0.580334,0.692838,0.683107,0.630553,0.690727,0.595223,0.598310,0.553589,0.614436,0.583460,0.547958,0.611450,0.575642,0.675058,0.594487,0.582759,0.630198,0.520997,0.585327,0.584264,0.607452,0.543966,0.601875,0.531312,0.662317,0.661224,0.568921,0.631613,0.664453,0.656694,0.595366,0.715241,0.601184,0.629773,0.600932,0.564991,0.572038,0.602555,0.664812,0.629143,0.599878,0.648061,0.611656,0.598301,0.577410,0.606577,0.675894,0.587080,0.551687,0.679001,0.565355,0.573465,0.536599,0.580815,0.591464,0.530045,0.705714,0.666613,0.573588,0.593801,0.614151,0.608887,0.618888,0.616373,0.636595,0.648739,0.579183,0.629564,#
4,0.527979,0.563311,0.512913,0.585250,1.000000,0.612053,0.628251,0.481875,0.442429,0.525673,0.546733,0.550915,0.483662,0.456021,0.522597,0.559720,0.505080,0.590957,0.463894,0.579171,0.564238,0.580525,0.498040,0.572916,0.576884,0.435141,0.511872,0.509395,0.538022,0.494324,0.643117,0.494371,0.555736,0.443834,0.536010,0.571522,0.481495,0.550655,0.489886,0.633378,0.474024,0.478499,0.523723,0.624685,0.534961,0.510063,0.650538,0.523098,0.549434,0.614264,0.592011,0.478178,0.569254,0.463432,0.574809,0.589418,0.468539,0.561324,0.626906,0.561968,0.500265,0.592076,0.534436,0.492679,0.574228,0.636897,0.599046,0.499635,0.568060,0.558808,0.631408,0.623336,0.567310,0.462531,0.481603,0.571547,0.522184,0.595679,0.598165,0.548314,0.530740,0.568029,0.581159,0.508436,0.602056,0.507899,0.546062,0.460687,0.553587,0.613978,0.494102,0.446131,0.452750,0.577217,0.459070,0.554678,0.587455,0.439031,0.486002,0.516511,0.566476,0.636005,0.486649,0.515983,0.551716,0.478849,0.569630,0.541306,0.547921,0.555697,0.507054,0.557874,0.599996,0.605817,0.502107,0.541178,0.471278,0.675588,0.492680,0.477561,0.539338,0.529763,0.578335,0.579801,0.496180,0.550748,0.539459,0.486062,0.604109,0.607813,0.640175,0.588000,0.497806,0.557615,0.595663,0.556004,0.523541,0.579979,0.518924,0.479133,0.474100,0.584595,0.504821,0.565184,0.490779,0.545031,0.547298,0.467219,0.527794,0.562632,0.545625,0.617837,0.479356,0.409590,0.585557,0.470972,0.596911,0.585766,0.597151,0.499171,0.428061,0.581279,0.579574,0.587070,0.563035,0.526686,0.559864,0.481866,0.434528,0.547736,0.532838,0.513205,0.571084,0.506446,0.603171,0.480426,0.533051,0.569214,0.564677,0.565181,0.597639,0.566216,0.563440,0.517587,0.584373,0.550155,0.508361,0.623003,0.527340,0.465997,0.500562,0.467054,0.535096,0.541047,0.532937,0.414638,0.499871,0.563290,0.544604,0.522096,#
5,0.673249,0.707378,0.676330,0.633767,0.612053,1.000000,0.585101,0.633167,0.589953,0.572434,0.572807,0.633414,0.588812,0.548795,0.637165,0.560002,0.591650,0.611226,0.632522,0.680730,0.592633,0.579043,0.560541,0.629745,0.646450,0.626469,0.665377,0.679611,0.523173,0.610496,0.680862,0.639106,0.633142,0.652968,0.614158,0.692603,0.638108,0.605761,0.615972,0.659121,0.599289,0.588701,0.535610,0.652975,0.622280,0.619346,0.697817,0.688160,0.635634,0.687446,0.651363,0.500618,0.661647,0.659263,0.657697,0.733783,0.594826,0.650436,0.696887,0.672222,0.549559,0.594155,0.619126,0.652584,0.605924,0.585787,0.652857,0.632652,0.657960,0.686037,0.735825,0.639040,0.731397,0.585592,0.647448,0.588247,0.601195,0.691355,0.622822,0.608622,0.661194,0.678335,0.681431,0.645247,0.592076,0.626971,0.613122,0.575545,0.655122,0.659303,0.627431,0.551975,0.562138,0.674709,0.532711,0.496641,0.661611,0.576030,0.668150,0.540756,0.669950,0.642330,0.674363,0.635025,0.623774,0.607560,0.627813,0.649290,0.608366,0.637813,0.607463,0.652627,0.637300,0.516017,0.528668,0.597064,0.661530,0.705537,0.584036,0.555119,0.577220,0.680103,0.599684,0.728171,0.580612,0.610501,0.687548,0.564216,0.662054,0.628750,0.609698,0.719670,0.656008,0.709067,0.648466,0.553996,0.537323,0.656741,0.572655,0.550124,0.586723,0.550004,0.585405,0.626185,0.725491,0.591567,0.600891,0.574623,0.637811,0.674059,0.712041,0.635747,0.625321,0.566603,0.631579,0.523604,0.654424,0.642140,0.637180,0.599984,0.613515,0.674056,0.600831,0.629906,0.667364,0.587457,0.576559,0.630398,0.518589,0.596327,0.708304,0.600807,0.636225,0.591039,0.613730,0.546048,0.595689,0.685248,0.669632,0.664166,0.617549,0.656402,0.515902,0.582668,0.546263,0.623003,0.591066,0.628886,0.698423,0.640561,0.607384,0.679444,0.593607,0.671539,0.602076,0.606295,0.560534,0.697806,0.603750,0.609647,#
6,0.642919,0.591993,0.617846,0.600902,0.628251,0.585101,1.000000,0.566227,0.618506,0.667469,0.623745,0.680334,0.569234,0.611488,0.561957,0.693503,0.672260,0.699056,0.616138,0.609025,0.642409,0.599571,0.559371,0.591110,0.712300,0.652244,0.645625,0.646534,0.572147,0.627273,0.697635,0.665803,0.673863,0.623141,0.562249,0.670004,0.678216,0.671667,0.606697,0.661301,0.655797,0.617093,0.688834,0.672518,0.629472,0.541849,0.673039,0.701079,0.665886,0.707869,0.624417,0.584695,0.675957,0.548083,0.646127,0.622341,0.629539,0.719823,0.692054,0.576226,0.692611,0.690833,0.593499,0.591791,0.691111,0.682312,0.740961,0.686212,0.710844,0.594017,0.715341,0.718645,0.681166,0.591801,0.602141,0.662930,0.683839,0.741769,0.707700,0.641218,0.683385,0.670158,0.616181,0.746948,0.670894,0.595430,0.650336,0.604460,0.629165,0.622371,0.596082,0.624338,0.514481,0.663437,0.547020,0.641862,0.652913,0.645907,0.617302,0.625811,0.665307,0.678461,0.606489,0.618577,0.691629,0.557576,0.668380,0.662485,0.698001,0.586886,0.579921,0.609522,0.633563,0.620295,0.559278,0.649925,0.551362,0.674998,0.559186,0.625679,0.590049,0.603317,0.583222,0.704052,0.627184,0.572919,0.578975,0.646372,0.625927,0.608522,0.681448,0.660658,0.591973,0.597600,0.641053,0.605983,0.647900,0.623083,0.679946,0.666244,0.639787,0.610934,0.513557,0.636342,0.607983,0.667269,0.697282,0.638885,0.613152,0.578739,0.615587,0.649698,0.554317,0.564184,0.582340,0.567516,0.608891,0.533919,0.606294,0.689378,0.626198,0.663920,0.588477,0.646771,0.646060,0.680933,0.692348,0.522992,0.568783,0.650630,0.640163,0.670742,0.563404,0.592636,0.652982,0.634200,0.592370,0.665314,0.641130,0.676810,0.644820,0.666737,0.629598,0.644519,0.576228,0.583951,0.654999,0.608415,0.628039,0.607466,0.629661,0.643493,0.611812,0.602824,0.654741,0.671056,0.670304,0.677396,0.640805,0.651047,#
7,0.667655,0.596089,0.660897,0.630252,0.481875,0.633167,0.566227,1.000000,0.586623,0.533431,0.578201,0.555783,0.592985,0.552592,0.637764,0.536726,0.566825,0.631169,0.559978,0.588554,0.598156,0.537814,0.634209,0.563118,0.620181,0.615412,0.619562,0.578071,0.529233,0.631266,0.584229,0.569595,0.552833,0.569750,0.615619,0.638428,0.590225,0.615015,0.609956,0.642162,0.591842,0.647757,0.536115,0.627925,0.565512,0.578908,0.662049,0.651028,0.679621,0.618984,0.617301,0.536388,0.656242,0.626319,0.643747,0.611302,0.653195,0.603095,0.669388,0.709947,0.529294,0.611780,0.640416,0.575293,0.623456,0.634157,0.701557,0.599843,0.639383,0.516216,0.694240,0.553112,0.680920,0.614295,0.621561,0.639997,0.617950,0.631312,0.517869,0.569587,0.709949,0.595714,0.685182,0.664722,0.590820,0.617979,0.663979,0.563586,0.609892,0.609441,0.597038,0.641267,0.556711,0.596527,0.610242,0.619237,0.588594,0.620340,0.653951,0.600046,0.614640,0.576900,0.532090,0.521552,0.642903,0.509965,0.585728,0.647896,0.653145,0.551454,0.668767,0.599761,0.674760,0.525596,0.575211,0.641985,0.558034,0.610011,0.573747,0.591605,0.631690,0.605862,0.561785,0.636957,0.608343,0.614518,0.571269,0.621442,0.524841,0.621876,0.575918,0.661929,0.627101,0.571597,0.626960,0.643760,0.595008,0.685580,0.558578,0.583767,0.562283,0.551259,0.603703,0.616700,0.645846,0.610316,0.643567,0.490014,0.594898,0.553343,0.580591,0.596382,0.600828,0.462518,0.546800,0.591049,0.621074,0.652860,0.612346,0.606324,0.615463,0.590573,0.678029,0.590846,0.623857,0.599238,0.643207,0.535175,0.463928,0.583330,0.691543,0.546974,0.589183,0.643621,0.603666,0.482278,0.546601,0.503681,0.636780,0.613367,0.540214,0.657908,0.559795,0.608103,0.528579,0.577063,0.645508,0.549745,0.651687,0.642396,0.605440,0.567630,0.582683,0.572394,0.612661,0.590931,0.615171,0.710186,0.628756,0.591565,#
8,0.623348,0.615142,0.605173,0.594146,0.442429,0.589953,0.618506,0.586623,1.000000,0.591829,0.596457,0.619442,0.601733,0.570783,0.608567,0.614037,0.560091,0.612835,0.477760,0.603482,0.596782,0.601911,0.546807,0.565487,0.677284,0.555365,0.596177,0.489817,0.615076,0.534308,0.633043,0.598509,0.545051,0.545339,0.569531,0.720272,0.613773,0.607691,0.547507,0.605770,0.518958,0.507587,0.695288,0.606082,0.554666,0.520361,0.622462,0.582470,0.596928,0.604932,0.646197,0.532082,0.604219,0.622542,0.562500,0.627415,0.611116,0.625806,0.590260,0.544461,0.586176,0.594752,0.645597,0.603957,0.668144,0.645409,0.629211,0.661071,0.721691,0.545230,0.665645,0.642118,0.685131,0.552758,0.634020,0.557801,0.614932,0.670059,0.608319,0.572379,0.658160,0.617941,0.608857,0.628889,0.627021,0.588240,0.586042,0.615805,0.540578,0.549103,0.606662,0.560036,0.469133,0.559924,0.477083,0.567218,0.656591,0.662264,0.694432,0.653366,0.612638,0.512587,0.626997,0.646745,0.522718,0.568809,0.585465,0.588638,0.547470,0.640292,0.528872,0.597603,0.616151,0.515562,0.504581,0.623839,0.579455,0.578633,0.558310,0.621293,0.535252,0.584288,0.519491,0.677167,0.573980,0.601107,0.517425,0.551035,0.619841,0.616578,0.518856,0.649610,0.604381,0.549197,0.572703,0.591459,0.572814,0.577131,0.601793,0.570184,0.572090,0.544287,0.586315,0.528542,0.602857,0.561475,0.568703,0.594158,0.636759,0.574005,0.560977,0.642828,0.499036,0.624393,0.554153,0.464537,0.594854,0.673764,0.674648,0.586207,0.596862,0.544006,0.575721,0.543877,0.544344,0.597439,0.604230,0.608596,0.575643,0.516430,0.626984,0.617908,0.502423,0.571540,0.634584,0.510516,0.578617,0.644022,0.589217,0.588674,0.551875,0.609238,0.600937,0.540242,0.538539,0.511540,0.695458,0.559832,0.576202,0.615543,0.656876,0.616280,0.635212,0.625682,0.589340,0.523868,0.521288,0.634771,0.578542,0.654073,#
9,0.630308,0.608752,0.606826,0.628301,0.525673,0.572434,0.667469,0.533431,0.591829,1.000000,0.610263,0.546023,0.596511,0.602674,0.663601,0.595041,0.613504,0.628872,0.544408,0.534018,0.648656,0.545454,0.538775,0.605006,0.630668,0.504168,0.590792,0.704502,0.552849,0.603787,0.567530,0.655033,0.586297,0.591181,0.528571,0.634833,0.593138,0.580164,0.593460,0.673114,0.594454,0.603882,0.570411,0.611769,0.642705,0.562653,0.637096,0.600141,0.638903,0.666473,0.633000,0.490802,0.560038,0.560932,0.579553,0.595378,0.643468,0.719346,0.549761,0.605355,0.621143,0.644481,0.595085,0.520651,0.553550,0.652160,0.662751,0.642268,0.719612,0.572023,0.636682,0.637330,0.664349,0.548788,0.568323,0.611065,0.649753,0.688640,0.589734,0.678802,0.695438,0.672794,0.619693,0.711381,0.588784,0.590665,0.646986,0.656230,0.638426,0.615457,0.602700,0.567065,0.591053,0.586337,0.582543,0.578272,0.583946,0.535363,0.601670,0.656453,0.663434,0.649784,0.617651,0.612603,0.633377,0.589157,0.567108,0.673337,0.676098,0.632329,0.593493,0.621436,0.617050,0.598304,0.570400,0.667662,0.468670,0.638823,0.541396,0.582521,0.501732,0.668947,0.548860,0.656447,0.603808,0.558662,0.591725,0.591597,0.613398,0.585961,0.547830,0.673065,0.557797,0.604017,0.630463,0.532404,0.629224,0.625304,0.601880,0.537293,0.673482,0.648010,0.612543,0.668762,0.620861,0.685214,0.607921,0.645254,0.656661,0.575456,0.565337,0.578784,0.605496,0.578278,0.565356,0.546138,0.549017,0.642872,0.599083,0.631052,0.622588,0.664241,0.635096,0.617816,0.598267,0.656047,0.568964,0.609477,0.572015,0.582684,0.619768,0.550483,0.578546,0.523173,0.625391,0.600932,0.622416,0.670724,0.562305,0.647436,0.640821,0.613035,0.618683,0.531740,0.559076,0.562016,0.603828,0.600626,0.627771,0.550990,0.608853,0.585329,0.564975,0.575422,0.556744,0.569935,0.663085,0.606730,0.564862,0.597321,#
10,0.659389,0.642346,0.652838,0.595514,0.546733,0.572807,0.623745,0.578201,0.596457,0.610263,1.000000,0.644713,0.623324,0.569308,0.580401,0.591868,0.637152,0.582031,0.651039,0.615086,0.618573,0.594005,0.591932,0.675092,0.612319,0.593664,0.637042,0.665131,0.611611,0.623705,0.631024,0.556017,0.597028,0.618541,0.623934,0.663356,0.667709,0.645443,0.618266,0.634509,0.613779,0.544634,0.626699,0.586671,0.579258,0.612157,0.746051,0.644647,0.617388,0.722326,0.606370,0.620011,0.647041,0.563583,0.647006,0.679321,0.639501,0.724452,0.571445,0.645599,0.640694,0.657514,0.676287,0.625910,0.638303,0.584090,0.697586,0.644427,0.711751,0.594816,0.758867,0.677241,0.719157,0.467694,0.627639,0.702846,0.579614,0.680360,0.654230,0.591504,0.702312,0.631416,0.642906,0.628668,0.610606,0.607891,0.673534,0.570832,0.614844,0.697293,0.558632,0.621846,0.649204,0.554849,0.488871,0.628816,0.618237,0.663975,0.626215,0.643472,0.587298,0.574323,0.585146,0.640732,0.618814,0.607546,0.624009,0.599297,0.611930,0.606700,0.653488,0.568419,0.694869,0.592390,0.568546,0.651174,0.524553,0.642232,0.583754,0.563362,0.585601,0.635600,0.550455,0.672292,0.545120,0.568664,0.625321,0.598725,0.669013,0.640564,0.613234,0.678379,0.585293,0.629310,0.652691,0.728439,0.579230,0.610427,0.663620,0.654000,0.650668,0.628494,0.523353,0.641486,0.575120,0.648079,0.672898,0.607016,0.639878,0.641265,0.558111,0.580047,0.570886,0.562807,0.654239,0.541788,0.641190,0.678411,0.597826,0.565900,0.668975,0.602138,0.573896,0.630804,0.628895,0.596716,0.653577,0.555148,0.570472,0.668674,0.617347,0.676137,0.546807,0.595776,0.683123,0.567732,0.541518,0.638675,0.583176,0.666401,0.558504,0.617820,0.610776,0.569599,0.483899,0.610097,0.645590,0.621328,0.557827,0.631114,0.624728,0.553020,0.603427,0.671024,0.612717,0.597200,0.600964,0.643716,0.613278,0.690843,#
11,0.708266,0.631470,0.617454,0.632523,0.550915,0.633414,0.680334,0.555783,0.619442,0.546023,0.644713,1.000000,0.630726,0.592979,0.661942,0.637316,0.634190,0.690077,0.700490,0.622587,0.581962,0.577070,0.631567,0.634146,0.686991,0.593005,0.637038,0.593819,0.643914,0.555055,0.663377,0.642191,0.681880,0.602918,0.557308,0.660500,0.681070,0.694994,0.582859,0.645665,0.638885,0.548211,0.651717,0.610011,0.590291,0.520642,0.711925,0.705462,0.612307,0.691650,0.591107,0.526178,0.722607,0.597298,0.640220,0.671096,0.579802,0.727228,0.662864,0.679503,0.588387,0.579879,0.685705,0.606987,0.649251,0.633607,0.649234,0.668485,0.702018,0.591620,0.726105,0.625907,0.675741,0.628196,0.725085,0.643957,0.689798,0.709424,0.648011,0.577582,0.635611,0.633610,0.692803,0.664687,0.704959,0.593855,0.582367,0.592926,0.571305,0.586083,0.612987,0.580853,0.531990,0.629814,0.476778,0.646737,0.610997,0.642425,0.632999,0.642126,0.613065,0.626450,0.654186,0.629509,0.637679,0.585376,0.635467,0.662789,0.689172,0.616122,0.677028,0.673762,0.656457,0.551670,0.548118,0.658473,0.613589,0.593664,0.574774,0.673724,0.550932,0.610213,0.585752,0.699550,0.624952,0.606669,0.662998,0.669244,0.653105,0.677858,0.663292,0.641486,0.679667,0.633453,0.655321,0.641948,0.650295,0.656783,0.664457,0.625210,0.559899,0.539057,0.585470,0.665233,0.618243,0.635591,0.696779,0.609670,0.632611,0.599721,0.603842,0.599122,0.587674,0.686274,0.652203,0.542141,0.642352,0.606519,0.604249,0.606807,0.706323,0.677597,0.639428,0.636328,0.667184,0.635487,0.721595,0.548091,0.593114,0.691324,0.690796,0.649017,0.677281,0.705138,0.673266,0.573554,0.644999,0.615105,0.630335,0.648013,0.613675,0.619139,0.650802,0.559762,0.593120,0.519732,0.668482,0.649936,0.553366,0.559496,0.677189,0.675427,0.606183,0.606903,0.589380,0.601327,0.613507,0.645994,0.641099,0.613155,#
12,0.652923,0.613460,0.565991,0.644042,0.483662,0.588812,0.569234,0.592985,0.601733,0.596511,0.623324,0.630726,1.000000,0.563947,0.642267,0.566114,0.561499,0.610657,0.632011,0.556079,0.613404,0.523422,0.599959,0.638486,0.642053,0.639040,0.564154,0.602000,0.562173,0.547515,0.615050,0.555688,0.569543,0.616363,0.638881,0.646984,0.613854,0.644586,0.608844,0.603204,0.485461,0.481419,0.558054,0.594843,0.620975,0.590344,0.723941,0.609571,0.656900,0.685629,0.685332,0.461428,0.573571,0.591577,0.621696,0.658141,0.602762,0.603095,0.613089,0.581331,0.561839,0.574091,0.645044,0.536492,0.638524,0.626004,0.587996,0.627319,0.712109,0.589501,0.648511,0.644340,0.671782,0.576810,0.640507,0.618481,0.612045,0.669004,0.626624,0.625108,0.668341,0.603035,0.656167,0.632214,0.581383,0.625455,0.573675,0.618655,0.533068,0.576800,0.650542,0.554399,0.631402,0.577966,0.491737,0.611570,0.614113,0.532664,0.558172,0.569343,0.530057,0.643059,0.572170,0.580794,0.546820,0.542726,0.545535,0.593080,0.662999,0.617694,0.598408,0.624057,0.646032,0.484313,0.646036,0.630193,0.451109,0.540716,0.587216,0.599938,0.544084,0.645898,0.534779,0.651842,0.573328,0.672813,0.621920,0.556116,0.554583,0.595074,0.468701,0.537107,0.549248,0.582811,0.544692,0.584495,0.508763,0.624544,0.558757,0.510141,0.604710,0.551338,0.528968,0.656472,0.506754,0.612254,0.624600,0.533459,0.601707,0.606874,0.631684,0.499518,0.612927,0.485749,0.578975,0.578139,0.628820,0.695301,0.659529,0.562944,0.592653,0.650759,0.595463,0.591953,0.662877,0.539005,0.558668,0.636020,0.532837,0.604836,0.655920,0.519395,0.604904,0.604715,0.598836,0.500774,0.663562,0.622175,0.520793,0.562682,0.553921,0.669346,0.570912,0.509321,0.460950,0.503025,0.604664,0.592128,0.657380,0.606147,0.580058,0.576292,0.510493,0.569200,0.517549,0.618388,0.585270,0.669334,0.637914,0.580344,#
13,0.538354,0.621387,0.532703,0.546335,0.456021,0.548795,0.611488,0.552592,0.570783,0.602674,0.569308,0.592979,0.563947,1.000000,0.563870,0.532316,0.503568,0.645418,0.609776,0.569095,0.584156,0.501371,0.629455,0.564185,0.621725,0.576871,0.543021,0.583012,0.555778,0.646681,0.523978,0.546165,0.591246,0.645317,0.400316,0.608308,0.598340,0.669024,0.539648,0.633410,0.676007,0.548939,0.611848,0.565780,0.609245,0.596077,0.610189,0.623000,0.648461,0.647854,0.601514,0.564392,0.589977,0.552146,0.624269,0.665598,0.642879,0.655978,0.616704,0.635772,0.585333,0.613831,0.561262,0.573708,0.661620,0.628899,0.631285,0.668000,0.695040,0.556456,0.617206,0.602850,0.683048,0.577390,0.563008,0.553513,0.640454,0.658895,0.642858,0.553822,0.639948,0.619028,0.618268,0.707648,0.567699,0.661109,0.535481,0.507277,0.653080,0.540862,0.541337,0.638514,0.519940,0.587826,0.500311,0.554776,0.598390,0.555678,0.592617,0.633350,0.581555,0.600943,0.650912,0.601710,0.620972,0.601709,0.568000,0.655640,0.565483,0.577437,0.573436,0.587875,0.614407,0.523408,0.569732,0.640380,0.516837,0.602048,0.605091,0.536604,0.599255,0.590993,0.555521,0.568667,0.548037,0.560165,0.628949,0.580498,0.571211,0.578961,0.586052,0.549051,0.567169,0.614470,0.551494,0.581315,0.574040,0.622230,0.691398,0.535062,0.637486,0.591066,0.586700,0.535006,0.543601,0.593250,0.639837,0.565722,0.634564,0.550281,0.640071,0.596839,0.530301,0.583944,0.532421,0.497191,0.631149,0.576155,0.636970,0.564577,0.631070,0.610410,0.600723,0.626821,0.618808,0.574371,0.590280,0.564067,0.562973,0.593850,0.633831,0.639641,0.635898,0.634066,0.668314,0.585913,0.587413,0.598011,0.621805,0.604367,0.572316,0.595296,0.657221,0.476774,0.556860,0.582497,0.541692,0.578824,0.538822,0.598609,0.620908,0.571435,0.586171,0.608094,0.603541,0.583189,0.607204,0.660389,0.613917,0.551141,#
14,0.680903,0.685802,0.640876,0.626056,0.522597,0.637165,0.561957,0.637764,0.608567,0.663601,0.580401,0.661942,0.642267,0.563870,1.000000,0.561576,0.607027,0.602810,0.566754,0.594443,0.594097,0.580007,0.620989,0.681241,0.631377,0.512805,0.643637,0.601470,0.552914,0.594300,0.699753,0.542134,0.594049,0.558625,0.673980,0.677860,0.565495,0.640487,0.661847,0.622744,0.609406,0.577878,0.582415,0.617108,0.589420,0.597131,0.691735,0.573292,0.634587,0.635925,0.585335,0.583058,0.608618,0.638607,0.629610,0.631323,0.583766,0.599245,0.644482,0.592232,0.594484,0.647927,0.638955,0.570633,0.622518,0.612827,0.619694,0.626164,0.696178,0.605003,0.655232,0.576561,0.702083,0.624367,0.685870,0.629442,0.580785,0.690725,0.585248,0.583092,0.668457,0.600697,0.671087,0.631535,0.634427,0.655106,0.550162,0.533553,0.632208,0.543605,0.607701,0.536569,0.587864,0.711527,0.625413,0.590509,0.580339,0.565807,0.600956,0.608587,0.624210,0.624683,0.614388,0.543074,0.646499,0.610530,0.552658,0.578501,0.724584,0.630641,0.642806,0.646738,0.688641,0.546978,0.485750,0.626639,0.508647,0.551069,0.586796,0.647770,0.582444,0.657477,0.545826,0.638129,0.611848,0.517178,0.650534,0.627989,0.546591,0.618116,0.511227,0.671010,0.550221,0.566168,0.624064,0.589766,0.650754,0.612696,0.612552,0.551959,0.596677,0.630504,0.539417,0.647260,0.588336,0.666032,0.684208,0.531862,0.608175,0.520311,0.654439,0.601847,0.585227,0.586423,0.599199,0.554614,0.576389,0.628361,0.535268,0.599810,0.639871,0.586295,0.630889,0.538961,0.654962,0.579157,0.572548,0.581170,0.489312,0.635386,0.614696,0.529022,0.626961,0.628717,0.691329,0.539218,0.586308,0.619807,0.578305,0.640830,0.567023,0.635983,0.588516,0.580445,0.591968,0.578676,0.676066,0.598647,0.627745,0.549208,0.635191,0.593868,0.616771,0.606362,0.543312,0.562601,0.582403,0.654461,0.537725,0.511376,#
15,0.620696,0.592330,0.552198,0.619798,0.559720,0.560002,0.693503,0.536726,0.614037,0.595041,0.591868,0.637316,0.566114,0.532316,0.561576,1.000000,0.577798,0.653164,0.616981,0.575237,0.542774,0.605620,0.576652,0.614551,0.640629,0.550017,0.536599,0.552945,0.546551,0.500363,0.672498,0.627391,0.570029,0.665968,0.513616,0.654536,0.627407,0.702427,0.562071,0.558057,0.523759,0.498131,0.615046,0.600764,0.593883,0.554196,0.636996,0.568666,0.616170,0.648660,0.604206,0.540500,0.593538,0.587355,0.587724,0.581852,0.623940,0.633796,0.622114,0.600138,0.636458,0.641142,0.590611,0.555978,0.637857,0.595028,0.622312,0.657574,0.611147,0.558438,0.649831,0.601951,0.625166,0.536213,0.606245,0.602247,0.586819,0.596083,0.643251,0.556633,0.580457,0.609678,0.631949,0.667930,0.623282,0.576460,0.508178,0.516814,0.557382,0.508105,0.532095,0.600158,0.552182,0.616151,0.437649,0.596111,0.587497,0.611884,0.617324,0.657607,0.589922,0.589231,0.591085,0.585338,0.605885,0.527367,0.520297,0.621869,0.568369,0.608502,0.570805,0.500464,0.640832,0.533195,0.610451,0.584121,0.479056,0.568762,0.540847,0.672912,0.500643,0.618527,0.561121,0.653091,0.560850,0.564128,0.567901,0.563486,0.640393,0.653446,0.634705,0.587779,0.510533,0.517840,0.593556,0.649261,0.664096,0.569494,0.538289,0.590482,0.565012,0.526487,0.512537,0.610786,0.590287,0.611736,0.560095,0.551712,0.617074,0.562472,0.614729,0.641816,0.568838,0.587236,0.582809,0.537396,0.592695,0.530519,0.635682,0.596851,0.568247,0.642748,0.628310,0.636310,0.597589,0.571779,0.585397,0.488812,0.556598,0.616325,0.553068,0.615274,0.516015,0.645314,0.617911,0.589971,0.539692,0.584851,0.611914,0.623888,0.573624,0.626178,0.527318,0.589647,0.601452,0.475675,0.553079,0.518906,0.533723,0.562092,0.538649,0.616806,0.562362,0.550569,0.541021,0.577976,0.576635,0.578745,0.638737,0.610148,#
16,0.650555,0.620115,0.627709,0.616894,0.505080,0.591650,0.672260,0.566825,0.560091,0.613504,0.637152,0.634190,0.561499,0.503568,0.607027,0.577798,1.000000,0.653670,0.670922,0.628607,0.677333,0.508607,0.527134,0.643706,0.658778,0.615558,0.631438,0.576063,0.472926,0.546049,0.692757,0.592330,0.577932,0.500547,0.609227,0.646804,0.655949,0.699642,0.596521,0.658234,0.559861,0.578688,0.584273,0.589358,0.579741,0.585232,0.648726,0.603911,0.642680,0.696454,0.566824,0.557908,0.645265,0.594125,0.589550,0.655881,0.534157,0.622570,0.611237,0.574031,0.659436,0.681099,0.579681,0.532513,0.598073,0.578313,0.701680,0.648992,0.668380,0.624649,0.687125,0.643077,0.703554,0.553117,0.614572,0.600779,0.582361,0.653178,0.561844,0.643701,0.727378,0.630067,0.646726,0.654088,0.639273,0.610405,0.630297,0.480534,0.551887,0.631466,0.532121,0.613144,0.597898,0.584062,0.528946,0.653826,0.563371,0.579171,0.673709,0.621076,0.652654,0.636876,0.573617,0.594478,0.608931,0.613741,0.625707,0.607880,0.698711,0.597269,0.608988,0.585117,0.628404,0.578302,0.605492,0.646141,0.651457,0.639430,0.573350,0.462777,0.498545,0.556443,0.572071,0.644970,0.619297,0.546920,0.528625,0.545056,0.637846,0.568702,0.651357,0.596651,0.585766,0.604701,0.634017,0.688100,0.621706,0.593458,0.569518,0.519754,0.603994,0.567622,0.599450,0.597035,0.534305,0.584495,0.644436,0.632414,0.597136,0.533509,0.578725,0.606471,0.505876,0.564403,0.660762,0.531106,0.598061,0.584863,0.581991,0.580316,0.622923,0.564635,0.662754,0.569936,0.658259,0.653295,0.616389,0.580730,0.565352,0.633020,0.557687,0.609249,0.603826,0.650563,0.625948,0.586669,0.523929,0.711058,0.599722,0.643813,0.606441,0.587057,0.553602,0.608121,0.456590,0.519702,0.634615,0.585899,0.639454,0.587411,0.633977,0.584061,0.608628,0.604781,0.622607,0.642133,0.646445,0.695632,0.596091,0.622470,#
17,0.684994,0.585228,0.652507,0.610037,0.590957,0.611226,0.699056,0.631169,0.612835,0.628872,0.582031,0.690077,0.610657,0.645418,0.602810,0.653164,0.653670,1.000000,0.617500,0.684352,0.609489,0.583337,0.645574,0.567451,0.719151,0.646479,0.629511,0.639509,0.583037,0.615121,0.670158,0.669372,0.590698,0.576394,0.530557,0.627037,0.624247,0.716487,0.659694,0.743413,0.595943,0.613026,0.613002,0.651055,0.630118,0.606673,0.681356,0.693212,0.689898,0.734235,0.644224,0.468627,0.614675,0.635990,0.670842,0.633205,0.659786,0.659056,0.632401,0.662007,0.595443,0.638841,0.694623,0.574719,0.634536,0.662085,0.760824,0.685227,0.682782,0.587592,0.700697,0.608608,0.669182,0.635617,0.696866,0.603359,0.632670,0.705700,0.651776,0.677765,0.692748,0.667547,0.690477,0.716033,0.637585,0.609892,0.641383,0.625134,0.610277,0.578257,0.602864,0.574590,0.586321,0.661490,0.564350,0.665778,0.613385,0.569804,0.657273,0.672625,0.655917,0.631732,0.603444,0.589100,0.638108,0.617825,0.584232,0.630959,0.623747,0.675135,0.652489,0.541112,0.710051,0.597648,0.665279,0.644189,0.535768,0.621491,0.658072,0.658952,0.578830,0.663210,0.625923,0.625957,0.553207,0.562176,0.589309,0.655085,0.654055,0.627978,0.656715,0.692877,0.652370,0.623550,0.663540,0.641787,0.707855,0.628930,0.604491,0.637125,0.650005,0.591965,0.667438,0.645214,0.647052,0.613753,0.606744,0.558513,0.684042,0.587196,0.637403,0.636441,0.619186,0.616189,0.577076,0.614918,0.698277,0.623159,0.636335,0.645250,0.653287,0.648583,0.697971,0.593809,0.667454,0.604180,0.567573,0.508661,0.572511,0.642682,0.609643,0.611387,0.658334,0.634005,0.724619,0.513565,0.637897,0.656536,0.639048,0.703536,0.658564,0.697218,0.626738,0.679440,0.592299,0.531227,0.634268,0.664983,0.583389,0.591907,0.705818,0.642608,0.603939,0.632335,0.632270,0.648453,0.642547,0.661561,0.670647,0.554887,#
18,0.641767,0.618867,0.585745,0.610628,0.463894,0.632522,0.616138,0.559978,0.477760,0.544408,0.651039,0.700490,0.632011,0.609776,0.566754,0.616981,0.670922,0.617500,1.000000,0.577515,0.568992,0.618710,0.565795,0.547692,0.600935,0.648555,0.646234,0.597478,0.546055,0.617163,0.588655,0.610900,0.613155,0.653961,0.566838,0.675118,0.617896,0.697882,0.587264,0.671437,0.599212,0.584499,0.636333,0.557633,0.602070,0.587482,0.689357,0.720121,0.656618,0.651272,0.512734,0.519045,0.655447,0.514799,0.640110,0.624087,0.613163,0.611540,0.607048,0.695968,0.626888,0.628303,0.590264,0.561246,0.661953,0.543285,0.628162,0.620510,0.623782,0.615184,0.660849,0.587147,0.677587,0.505115,0.676569,0.596565,0.610153,0.625149,0.563752,0.570824,0.654403,0.605334,0.645349,0.676938,0.669984,0.634317,0.568592,0.601876,0.624499,0.567009,0.593693,0.567190,0.630319,0.654959,0.521893,0.608136,0.581398,0.592446,0.619823,0.597495,0.614942,0.577670,0.584430,0.574353,0.593371,0.636832,0.588225,0.665369,0.643946,0.630930,0.673871,0.556946,0.652420,0.514156,0.575842,0.646859,0.576176,0.628736,0.653630,0.576612,0.570981,0.591188,0.537549,0.652718,0.632259,0.529158,0.658094,0.547853,0.656395,0.578474,0.640685,0.637963,0.596702,0.567404,0.625627,0.628660,0.627325,0.597198,0.608187,0.604981,0.579720,0.571052,0.534436,0.665175,0.573986,0.590108,0.617797,0.555978,0.646865,0.562517,0.632744,0.522810,0.671141,0.542738,0.657322,0.613087,0.572718,0.629858,0.562837,0.571148,0.666515,0.671334,0.686709,0.623791,0.629633,0.582806,0.729328,0.527053,0.534497,0.639822,0.639808,0.595783,0.646838,0.690501,0.613093,0.595275,0.538692,0.623636,0.641376,0.670581,0.565333,0.641784,0.579437,0.522744,0.519340,0.565487,0.573313,0.574299,0.539116,0.613931,0.622236,0.627973,0.563995,0.644791,0.588041,0.587964,0.563976,0.732189,0.623035,0.645101,#
19,0.621840,0.651370,0.631140,0.586767,0.579171,0.680730,0.609025,0.588554,0.603482,0.534018,0.615086,0.622587,0.556079,0.569095,0.594443,0.575237,0.628607,0.684352,0.577515,1.000000,0.624570,0.527967,0.532745,0.595104,0.654322,0.579604,0.590671,0.596109,0.509538,0.586606,0.683954,0.667615,0.606741,0.545061,0.549970,0.700127,0.576068,0.651623,0.599719,0.628905,0.618416,0.615683,0.589092,0.594170,0.572729,0.621116,0.716311,0.641682,0.614650,0.646387,0.562687,0.496449,0.623340,0.579766,0.621554,0.574595,0.613158,0.658137,0.585181,0.575594,0.591063,0.562961,0.656899,0.580175,0.602048,0.644001,0.665090,0.606994,0.695952,0.589442,0.659622,0.596989,0.681799,0.535639,0.619178,0.584334,0.534505,0.654019,0.571730,0.581132,0.683429,0.582682,0.679912,0.617136,0.589786,0.525459,0.618104,0.567169,0.652842,0.582994,0.546122,0.588613,0.524273,0.624965,0.523140,0.562780,0.609264,0.602647,0.607766,0.652257,0.628398,0.604203,0.585787,0.619462,0.637677,0.529969,0.630119,0.559790,0.608966,0.563907,0.631991,0.551681,0.633246,0.568505,0.602247,0.633077,0.608084,0.614978,0.616931,0.510549,0.658738,0.601640,0.482008,0.731556,0.591273,0.614012,0.590129,0.590362,0.700102,0.677498,0.627792,0.688529,0.623723,0.650769,0.625271,0.653713,0.579180,0.584891,0.611696,0.549863,0.597745,0.591675,0.551492,0.606334,0.585632,0.545216,0.521508,0.514927,0.665849,0.588725,0.573998,0.605263,0.566265,0.573375,0.642778,0.529309,0.663337,0.619864,0.620416,0.606648,0.583225,0.656140,0.593854,0.629078,0.640478,0.583839,0.554008,0.633071,0.525436,0.584987,0.562735,0.627218,0.629307,0.607257,0.673007,0.497009,0.592314,0.653698,0.633201,0.576608,0.540493,0.636025,0.631604,0.634642,0.514675,0.533277,0.547002,0.593430,0.594127,0.614194,0.637784,0.595998,0.566476,0.664763,0.632382,0.594070,0.592096,0.580414,0.568612,0.555792,#
20,0.621383,0.672364,0.574475,0.620953,0.564238,0.592633,0.642409,0.598156,0.596782,0.648656,0.618573,0.581962,0.613404,0.584156,0.594097,0.542774,0.677333,0.609489,0.568992,0.624570,1.000000,0.583830,0.554275,0.653426,0.678330,0.628816,0.598460,0.666141,0.539318,0.599767,0.644115,0.580892,0.605880,0.634172,0.583552,0.643179,0.598101,0.620842,0.571097,0.675954,0.629470,0.634914,0.569674,0.629257,0.666489,0.555200,0.669792,0.658908,0.633157,0.669424,0.583345,0.578564,0.589584,0.622015,0.605610,0.589354,0.529834,0.609823,0.614245,0.570945,0.618093,0.634205,0.666538,0.571938,0.632627,0.639171,0.704220,0.592302,0.687344,0.549577,0.660789,0.650267,0.660848,0.569818,0.568615,0.546949,0.591293,0.663915,0.673084,0.657701,0.657574,0.677870,0.631999,0.644659,0.539460,0.600009,0.656613,0.593347,0.659285,0.715050,0.628602,0.583381,0.562980,0.649004,0.528863,0.637399,0.574748,0.510618,0.600704,0.640191,0.677070,0.636997,0.585506,0.671468,0.621023,0.576267,0.697920,0.633161,0.634126,0.694831,0.574607,0.675732,0.605892,0.466462,0.611870,0.615555,0.562749,0.636215,0.501183,0.490124,0.611024,0.635404,0.532784,0.685035,0.562865,0.606703,0.547492,0.527537,0.566514,0.632917,0.595119,0.611246,0.673768,0.660646,0.602567,0.596688,0.549908,0.651094,0.622625,0.644037,0.614636,0.517512,0.593014,0.637905,0.607766,0.561937,0.635019,0.608191,0.615869,0.601684,0.640082,0.608138,0.593737,0.528231,0.619595,0.539993,0.590808,0.667473,0.642772,0.580229,0.627742,0.643781,0.598598,0.622561,0.673343,0.587529,0.572063,0.611117,0.508296,0.578656,0.613586,0.566157,0.617944,0.651847,0.622981,0.572285,0.571236,0.685762,0.596291,0.639639,0.593735,0.601964,0.615913,0.553903,0.496582,0.602641,0.602422,0.622552,0.580854,0.586070,0.590551,0.609342,0.626712,0.637329,0.633156,0.609598,0.635568,0.672013,0.623223,0.599418,#
21,0.596603,0.722374,0.626315,0.663056,0.580525,0.579043,0.599571,0.537814,0.601911,0.545454,0.594005,0.577070,0.523422,0.501371,0.580007,0.605620,0.508607,0.583337,0.618710,0.527967,0.583830,1.000000,0.615926,0.610950,0.543607,0.521013,0.624310,0.532658,0.622695,0.520046,0.560078,0.502366,0.590683,0.628076,0.588863,0.665680,0.566471,0.605077,0.567348,0.599027,0.542431,0.605920,0.574410,0.644178,0.589493,0.585917,0.635173,0.638966,0.585347,0.648843,0.519005,0.551300,0.632153,0.558883,0.631810,0.601376,0.556637,0.584385,0.677632,0.575423,0.533674,0.648016,0.514374,0.513977,0.599039,0.572331,0.642238,0.588441,0.615201,0.654397,0.633033,0.640591,0.641869,0.598319,0.643703,0.608353,0.619149,0.614624,0.603200,0.583143,0.590609,0.586809,0.665690,0.668756,0.637858,0.595107,0.557612,0.648517,0.653981,0.619162,0.514840,0.517597,0.598013,0.625167,0.561407,0.609716,0.597987,0.524502,0.595741,0.629138,0.592272,0.621221,0.473101,0.617945,0.570878,0.589982,0.547717,0.653534,0.541591,0.653375,0.643208,0.523328,0.621044,0.569236,0.517133,0.511997,0.555497,0.690547,0.581999,0.593683,0.562545,0.566847,0.494763,0.573040,0.525730,0.518472,0.599875,0.560808,0.556687,0.650566,0.623315,0.638472,0.493252,0.595731,0.655271,0.530695,0.568253,0.498324,0.578756,0.605426,0.607977,0.585123,0.468235,0.582337,0.514973,0.577401,0.569656,0.492369,0.596900,0.589218,0.603991,0.622253,0.554839,0.555637,0.547787,0.547369,0.588998,0.626437,0.565411,0.562851,0.567551,0.644071,0.582532,0.593188,0.639110,0.559443,0.634928,0.512874,0.418650,0.613757,0.649562,0.545084,0.623108,0.560835,0.550600,0.536706,0.477205,0.569042,0.643158,0.605007,0.560343,0.673365,0.582398,0.571573,0.486035,0.582264,0.587259,0.533404,0.520547,0.569508,0.593581,0.525832,0.582683,0.560587,0.571596,0.540208,0.582764,0.614925,0.494807,0.665514,#
