0,1.000000,0.096232,0.112572,0.097187,0.025999,0.203402,0.019196,0.169563,0.127504,0.052587,0.002445,0.122189,0.200313,-0.224006,0.337594,0.023587,0.062151,0.066331,0.031945,0.191406,-0.020320,0.019256,0.146130,0.131452,0.144838,0.040131,0.229203,0.134566,-0.011999,0.138139,0.014179,-0.002870,0.019485,-0.050679,0.290574,0.105696,0.163159,-0.005844,0.186542,0.104153,0.057331,0.029496,0.189531,0.170598,0.048457,0.010971,0.153260,0.086597,-0.011838,0.195719,0.189575,0.022286,0.239823,0.278049,0.015466,0.120652,-0.002015,0.109151,0.007050,-0.023740,0.292576,-0.004523,0.052285,0.128002,-0.044707,0.272139,0.003408,0.208633,0.002753,0.080198,0.066890,0.028411,0.128996,-0.014625,0.142524,-0.002656,-0.048695,0.033863,-0.020537,-0.022408,0.219324,0.098262,-0.033146,0.025911,0.026299,0.220850,0.062220,-0.144502,-0.148108,0.040043,0.100248,0.089130,-0.045133,0.109717,0.146873,0.145222,-0.010962,0.046126,0.107526,0.140334,0.040898,0.102930,-0.014239,0.044890,0.160560,-0.086551,-0.119923,0.147140,0.118868,0.117686,0.215052,-0.064622,0.103150,-0.060619,-0.010267,0.159340,0.029863,-0.098994,0.204027,0.130504,0.036738,0.292344,0.196311,0.161490,0.066224,0.048509,0.050207,0.103606,0.050256,-0.056095,0.021797,0.126675,0.020489,-0.065403,-0.014719,-0.084743,0.158161,0.192523,-0.005764,0.035530,-0.067647,0.174494,-0.120145,0.173326,0.213301,0.047399,0.035121,0.050829,0.222413,0.113292,0.059319,-0.212392,0.069629,0.023652,0.009216,0.071016,-0.037209,0.062040,0.136442,0.184673,0.196262,0.280673,-0.042594,0.019979,0.038570,0.126556,0.153951,0.005714,0.207332,0.191519,0.141520,0.036205,0.204799,0.117958,0.249955,-0.197693,0.059654,0.082925,0.142716,0.083512,-0.116672,0.159652,-0.069771,0.095556,0.096227,0.024676,0.043697,0.240244,0.062426,0.199299,0.030834,0.151319,0.098618,0.028661,-0.008828,-0.018933,-0.049521,-0.022515,0.117818,0.110381,#
1,0.096232,1.000000,0.051207,0.326260,0.163155,0.291917,0.111694,0.112713,0.087650,0.092859,0.138266,0.077706,0.114818,0.160121,0.094486,0.133647,0.138835,0.033204,0.179400,0.179347,0.307277,0.352090,0.292351,0.333916,0.187824,0.086551,0.234495,0.103390,-0.012251,-0.021583,0.126299,0.297349,0.172765,0.206061,0.228587,0.228320,0.008923,0.179259,0.164887,0.135643,0.141316,0.109848,0.057216,0.187393,0.071642,0.226072,0.229066,0.198294,0.194332,0.189342,0.220080,0.295044,0.309719,0.144443,0.103039,0.165065,-0.038841,0.200020,0.274052,0.175091,0.111090,0.155592,-0.051100,0.009433,0.031310,0.173379,0.227349,0.215148,0.232556,0.240844,0.094673,0.152378,0.298873,0.019132,0.075731,0.028754,0.161939,0.190139,0.216607,-0.022435,0.111357,0.195801,0.349149,0.109663,0.152033,0.165111,0.076549,-0.005625,0.181346,0.216488,0.155119,0.126294,0.095841,0.053505,0.045243,0.040308,0.090291,0.096372,0.002523,0.190255,0.088437,0.317636,0.115898,0.201326,0.196156,0.019641,0.016894,0.247387,0.053704,0.062847,0.180863,0.146972,0.126264,0.070939,0.066397,0.131141,0.370684,0.290318,0.142310,0.042662,0.389082,0.215939,0.133380,0.166392,0.065288,0.072947,0.261529,0.250325,0.212241,0.173155,-0.010163,0.146691,0.068189,0.242325,0.110023,0.005327,0.066753,0.145729,0.219344,0.015125,0.044487,0.075609,-0.017079,-0.065205,0.100906,0.128970,0.152668,0.035332,0.126496,0.176083,0.180145,0.093983,0.083073,0.150094,0.182816,0.056735,0.122635,0.093861,0.037618,0.075844,0.040188,0.319852,0.235172,0.266482,0.075647,0.035298,0.103782,0.231062,-0.011220,0.158093,0.185862,0.049303,0.159214,0.275501,0.189671,0.011234,0.159641,0.158049,0.194284,0.090455,0.004628,0.023221,0.045524,0.031673,0.015144,0.214191,0.089077,-0.064091,0.150942,0.102179,0.078075,0.141152,0.091411,0.192601,0.325313,0.040994,0.147725,0.003289,0.150394,0.208968,#
2,0.112572,0.051207,1.000000,0.171243,0.007263,0.131152,0.082041,0.285177,0.032284,0.158300,0.154839,0.025049,0.006840,-0.076953,0.196455,0.046682,0.123873,0.118981,0.115330,0.241651,0.091628,0.147687,-0.069948,0.056891,0.073617,-0.034871,0.136700,0.131627,0.156032,0.164075,0.123385,0.192936,0.237789,0.174322,0.192262,0.151501,0.245521,0.030290,0.278715,0.135053,0.340763,0.211638,-0.000109,0.102513,-0.011220,0.190270,0.333357,0.073986,0.108862,0.316169,-0.004147,0.013506,0.121528,0.339321,0.219955,0.052984,0.188119,0.101664,-0.014671,0.084526,0.117549,0.183569,0.101632,0.248362,0.094236,0.106823,0.363117,-0.072620,0.225866,0.137146,0.186128,0.013333,0.078425,0.207117,0.158723,0.066512,0.140234,0.281530,0.142168,0.319478,0.095251,0.148197,0.218854,0.181785,0.138145,0.323153,0.206846,0.226823,0.174804,0.129984,0.287139,0.215605,0.111850,0.031940,0.372951,0.060781,-0.026914,0.109939,0.147688,0.057659,0.122064,0.038965,-0.043225,0.044079,0.149039,0.285767,0.112476,0.015418,0.299761,0.102731,0.188623,0.053508,0.293923,-0.006628,0.187046,0.016320,-0.013425,-0.048409,0.171644,0.011195,0.221452,0.204282,0.108538,0.007610,0.183649,0.126695,0.093671,0.108787,0.135838,0.164376,0.078095,0.323766,0.258892,0.247616,0.023642,0.018847,-0.084624,0.097081,0.076811,0.077058,0.150786,0.049598,-0.035962,-0.034381,0.169245,0.224122,0.149086,0.126823,0.199626,0.065498,0.142634,-0.012008,-0.000389,0.261373,-0.049414,0.240716,0.058718,0.021157,-0.038410,0.029793,0.040187,-0.080281,0.063495,0.108455,-0.101386,0.173452,0.288060,0.128316,0.058462,0.068723,0.076025,0.088420,0.073034,0.079679,0.162698,0.092514,0.150992,0.139915,0.160964,0.043812,-0.078268,0.212542,0.142780,0.314053,-0.038997,0.099855,0.017327,0.171509,0.160832,0.023421,0.024221,0.140866,0.099082,0.126055,0.153379,0.241430,0.135884,0.044054,0.037923,0.062725,#
3,0.097187,0.326260,0.171243,1.000000,0.142000,0.197652,0.000431,0.161311,0.152397,0.153012,0.053082,0.106574,0.227875,-0.025261,0.103516,0.143646,0.173114,-0.006442,0.073875,0.081442,0.210953,0.359689,0.088785,0.052181,0.280406,0.215772,0.219107,0.188796,0.161820,0.030287,0.067548,0.245370,0.174260,0.271242,0.197625,0.128628,0.032143,0.078737,0.029640,0.170430,0.156130,0.165316,0.089442,0.045644,0.150638,0.229893,0.191129,0.317779,0.235509,0.194613,0.118613,0.108247,0.225322,0.200142,0.273603,0.062833,-0.076465,0.125057,0.362055,0.081455,0.166199,0.187384,-0.014269,0.118235,0.121574,0.292767,0.052392,0.083388,0.082978,0.249511,0.003299,0.170625,0.318651,0.213259,0.122139,0.085050,0.055433,0.126232,0.200377,0.220698,0.158133,0.153284,0.177606,0.147407,0.106052,0.179287,0.093670,0.131379,0.085350,0.159557,-0.006047,0.191636,0.215229,0.111800,0.228564,0.191262,0.060045,0.101849,-0.068748,0.191785,0.160588,0.042777,-0.041267,0.118356,0.115016,0.127249,0.202517,0.345896,0.027996,0.120185,0.083628,0.194500,0.169575,0.149246,0.173747,0.091591,0.303799,0.136040,0.199776,0.068201,0.065429,0.141121,0.058703,0.141647,0.078800,0.070947,0.291178,0.209699,0.103429,0.235175,0.051793,0.227457,0.098966,0.326312,0.210870,0.052099,0.229753,0.032969,0.180240,0.068163,0.122264,0.059232,-0.070336,0.014998,-0.031834,0.247645,0.089639,0.148891,0.145798,-0.021330,0.040724,-0.003478,0.121683,0.148941,0.135246,0.070931,0.206649,0.164636,0.002782,0.236852,0.233320,0.257658,0.162205,0.407712,0.081867,0.101273,0.123733,0.091178,0.097553,0.199855,0.179682,0.100838,0.097107,0.150200,-0.026395,0.199337,0.064181,0.037531,0.226980,0.095475,0.000441,0.244313,0.034504,0.260545,-0.006595,0.141925,0.000126,-0.070794,0.311373,0.174070,0.019713,0.133865,0.192270,0.116163,0.192911,0.177716,0.122558,0.068260,0.073059,0.267673,#
4,0.025999,0.163155,0.007263,0.142000,1.000000,0.225610,0.196536,0.017155,-0.008824,0.088761,0.135071,0.030302,-0.033137,-0.076238,0.141459,0.187557,-0.072595,0.059326,-0.106338,0.161072,0.092867,0.278401,0.145537,0.132139,0.114786,-0.107293,0.070433,0.132817,0.123897,0.039161,0.185620,0.020490,0.158456,0.067442,0.097678,0.160738,-0.089789,-0.056618,0.075896,0.213862,0.013350,0.067787,0.137453,0.191702,0.206878,-0.024955,0.310707,0.099595,-0.057800,0.094255,0.098916,0.088955,0.123110,-0.148989,0.109943,0.029146,-0.009378,0.124887,0.293171,0.052299,0.035963,0.154826,0.130155,0.042048,0.140559,0.272455,0.137985,-0.087296,0.057998,0.137155,0.192532,0.138103,0.025539,-0.015840,0.024547,0.143758,0.067815,0.104004,0.183192,0.007522,-0.091675,0.207024,0.198540,-0.035694,0.166145,-0.075974,0.087152,0.120518,0.160850,0.264235,0.039763,-0.087188,0.074120,0.037394,0.117263,0.153819,0.157952,0.097910,-0.060140,-0.007935,0.069614,0.244651,-0.058585,0.142905,0.050496,-0.092678,0.125828,0.012380,0.023586,0.251436,-0.065474,0.068461,0.356928,0.263275,0.051501,0.020097,0.007462,0.305734,0.001373,0.104728,0.164841,0.176600,0.147294,0.132653,0.049497,0.016296,0.143501,-0.023276,0.297480,0.178533,0.288857,0.251783,-0.006693,0.128661,0.150969,-0.031860,0.028054,0.177810,0.096762,0.076904,-0.033758,0.217804,-0.075947,0.128542,-0.017152,0.173160,0.091827,-0.055897,0.094465,0.152865,-0.006720,0.249672,0.069934,-0.089586,0.207775,-0.033283,0.133453,0.190536,0.166191,0.064425,-0.076107,0.234807,0.059657,0.238854,0.075750,-0.051646,0.165688,0.100030,-0.116428,0.086825,0.044956,0.064670,0.069956,0.050498,0.090954,0.070783,0.012206,0.132975,0.140432,0.155928,0.196630,0.002501,0.119260,0.163878,0.191090,0.195810,-0.016154,0.155539,0.039751,0.036358,0.120402,-0.001346,0.130445,0.034884,0.131792,-0.120161,-0.020492,-0.053964,0.038769,0.104534,#
5,0.203402,0.291917,0.131152,0.197652,0.225610,1.000000,0.061731,0.210624,0.141591,0.141032,0.031266,0.042724,0.171890,-0.005378,0.148818,0.035690,0.039823,0.082864,0.173865,0.260144,0.097764,0.053148,0.064860,0.122519,0.270930,0.207857,0.200870,0.256196,0.005120,0.191395,0.125750,0.205577,0.146782,0.320397,0.138371,0.199161,0.085041,-0.014125,0.092318,0.189064,0.053144,0.148927,0.099495,0.155563,0.159120,0.151616,0.116499,0.307997,0.034709,0.216582,0.174425,-0.018765,0.161891,0.116689,0.223940,0.238967,0.042277,0.106866,0.235130,0.207110,0.010701,-0.020942,0.077994,0.184879,0.014667,0.140198,0.047278,0.084206,0.088426,0.165492,0.266045,0.164259,0.217852,0.142075,0.146927,0.001132,-0.012920,0.322931,0.170103,0.066933,0.089189,0.242227,0.247379,0.134065,0.086221,0.032573,0.101562,0.088401,0.156017,0.135415,0.304222,-0.044560,0.073112,0.102734,0.132504,-0.175990,0.215900,0.187968,0.173555,-0.052523,0.237566,0.149094,0.244064,0.168596,0.106323,0.058752,0.184857,0.145072,-0.040510,0.186001,0.108865,0.106658,0.219390,0.032512,0.042329,-0.039217,0.334056,0.260978,0.199039,0.064019,0.115510,0.204950,0.132158,0.277515,0.062301,0.097411,0.268947,0.013856,0.229567,-0.029707,0.092053,0.297214,0.179162,0.287485,0.139598,-0.074130,-0.097896,0.188740,0.069051,0.018734,-0.019216,-0.039706,0.029520,0.069819,0.345846,0.089378,0.052262,0.126585,0.148663,0.277803,0.288986,0.056622,0.298359,0.100407,0.157680,0.073492,0.134005,0.102634,0.111745,0.139100,0.119345,0.294842,0.137845,0.142791,0.100380,-0.050033,0.008018,0.212529,0.068931,0.048206,0.264170,0.116784,0.095911,0.115600,-0.017798,0.204668,0.219778,0.176962,0.282861,0.232420,0.131441,0.070532,-0.147710,0.159508,0.015724,0.239877,0.014017,0.116355,0.327799,0.183201,0.010224,0.238767,0.105028,0.250991,0.213006,0.100206,0.002719,0.159718,0.129726,0.255342,#
6,0.019196,0.111694,0.082041,0.000431,0.196536,0.061731,1.000000,0.010322,0.109958,0.199978,0.223379,0.094690,-0.004721,-0.069731,-0.049594,0.384629,0.207690,0.178718,0.099339,0.022014,0.077657,0.095815,0.006131,-0.018169,0.208178,0.122463,0.041151,0.103107,0.071655,0.043713,0.144937,0.204417,0.108012,0.159575,0.118279,0.092160,0.130659,0.121537,0.067153,0.014545,0.169148,0.089058,0.253043,0.226415,0.090965,-0.038651,0.092765,0.171134,0.021445,0.153675,0.026693,0.019631,0.135999,-0.137147,0.061090,-0.040323,0.061117,0.112263,0.108552,-0.007140,0.245275,0.183039,0.081746,-0.034127,0.223595,0.095141,0.171949,0.082445,0.067380,-0.038612,0.228188,0.275740,-0.044103,0.041245,0.003870,0.159663,0.248482,0.220712,0.273109,0.017897,0.021861,0.121674,0.028258,0.219932,0.154863,-0.055679,0.132833,0.109696,0.013174,0.099591,0.080061,0.030700,0.039142,0.092953,0.140520,0.066600,0.148139,0.156875,-0.002617,0.031210,0.087695,0.232988,0.039834,0.064329,0.212425,-0.004444,0.041876,0.067025,0.266908,-0.013827,0.000020,0.001818,0.141322,0.121482,0.018508,0.159951,0.001010,0.091044,-0.049892,0.167203,0.050674,0.145635,-0.103232,0.015617,0.108985,-0.022842,-0.063541,0.018072,0.182502,0.022216,0.193525,0.157300,0.035069,0.012160,0.123854,0.001656,0.137440,0.016240,0.161467,0.199431,0.007426,0.013025,-0.134596,-0.008453,0.094109,0.197110,0.146293,0.227917,0.102496,0.081030,0.077143,0.084819,-0.059933,0.029147,0.009259,0.004229,-0.044827,-0.233570,-0.115731,0.154739,0.045233,0.101550,-0.013860,0.087015,0.010679,0.069431,0.198386,-0.024841,-0.012532,0.054213,-0.013975,0.234344,-0.154995,0.016886,0.126985,0.156464,0.126171,0.149606,0.109366,0.080278,0.104982,0.095305,0.062016,0.110682,0.049307,0.062338,0.104660,-0.073624,0.145295,0.039499,0.028641,0.111216,-0.054460,0.035894,0.138011,0.125471,0.146054,-0.015362,0.054689,0.090449,#
7,0.169563,0.112713,0.285177,0.161311,0.017155,0.210624,0.010322,1.000000,0.208006,0.077716,0.035626,-0.072965,0.216101,0.012967,0.198613,0.068587,0.037736,0.146597,0.122510,0.197876,0.243559,0.112176,0.216583,-0.008548,0.094540,0.257200,0.117562,0.108529,0.191620,0.239460,0.075613,0.105502,0.093330,0.206070,0.249048,0.227768,0.018552,0.147287,0.334832,0.161389,0.136575,0.323083,0.070173,0.060723,0.094158,0.144110,0.220881,0.268690,0.314518,0.216418,0.148504,0.171887,0.200426,0.210710,0.250827,-0.028409,0.155931,-0.038357,0.278151,0.307869,0.036873,0.226234,0.142809,0.129548,0.184885,0.228825,0.209287,-0.017271,-0.028736,-0.036578,0.221388,0.036388,0.173959,0.185839,0.091664,0.050555,0.053819,0.170934,0.033191,0.085375,0.233876,0.075661,0.235675,0.139642,0.089340,0.249769,0.039570,0.152055,0.047478,0.162743,0.172284,0.127101,0.167478,0.035218,0.283569,0.201646,0.165762,0.282034,0.233334,0.077488,0.103258,0.098280,-0.084870,-0.007389,0.188443,0.005572,0.016432,0.260399,0.198863,0.024158,0.243283,0.131755,0.244521,0.056372,0.184349,0.170572,0.062755,0.067336,0.191315,0.238367,0.170321,0.130550,0.180396,0.093108,0.196374,0.183988,0.052993,0.207030,0.097905,0.177935,-0.004384,0.244483,0.217518,-0.014076,0.002035,0.022322,-0.000383,0.326897,0.068271,0.095955,-0.034982,0.059669,0.098388,0.094471,0.255963,0.240364,0.133699,0.038579,0.097705,0.104292,-0.009144,0.099704,0.102770,-0.021466,0.090576,0.271948,0.168187,0.208641,0.085863,0.120774,0.186725,0.065860,0.198103,0.156738,0.028232,0.066606,0.149792,0.097595,-0.056605,0.003974,0.223161,0.093340,0.176183,0.167869,0.125653,-0.126438,0.102839,0.034414,0.160521,0.165455,0.058764,0.201914,0.037221,0.233651,0.124747,0.210275,0.178786,0.087954,0.231956,0.306616,0.197052,0.106549,0.092578,0.053359,0.237323,0.101560,0.104087,0.214286,0.173036,0.150598,#
8,0.127504,0.087650,0.032284,0.152397,-0.008824,0.141591,0.109958,0.208006,1.000000,0.174420,0.106767,0.174504,0.148371,0.148043,0.126043,0.233246,0.051107,0.059932,-0.081921,0.187594,0.251621,0.101540,0.105738,0.063868,0.295866,0.140908,0.115671,-0.047326,0.134879,0.047347,0.146022,0.161298,0.089189,0.082941,0.132622,0.422729,0.099004,0.111558,0.011358,0.038183,0.077081,0.044608,0.389195,0.185013,0.082162,0.004908,0.100261,0.091779,0.145394,0.132483,0.229566,0.118798,0.155916,0.136034,-0.010946,0.106645,0.162663,0.125488,0.042909,0.022226,0.167619,0.173868,0.275863,0.211143,0.165648,0.309590,0.168640,0.261324,0.218182,-0.020246,0.216182,0.248684,0.200229,0.034639,0.139074,-0.027986,0.115837,0.168381,0.181240,0.133292,0.162101,0.102473,0.039434,0.113081,0.165458,0.082684,0.157237,0.184004,0.010538,-0.037229,0.144286,0.090842,-0.039207,0.041917,0.024610,0.049575,0.238495,0.277446,0.310844,0.243932,0.122426,-0.065335,0.215022,0.305244,-0.020158,0.105591,0.108773,0.146293,-0.030930,0.271066,0.003808,0.049047,0.086060,0.022590,-0.016194,0.180266,0.198916,0.053841,0.055514,0.217816,0.108033,0.104610,0.137514,0.227936,0.113831,0.179774,-0.062745,0.071903,0.265606,0.234746,-0.062103,0.292164,0.193948,-0.012578,-0.008239,0.189742,0.143876,0.098440,0.201529,0.069001,-0.003993,-0.026377,0.067540,-0.156980,0.176829,0.144168,0.075704,0.224147,0.133640,0.155138,-0.001911,0.188263,-0.022837,0.248660,0.169823,0.072586,0.106652,0.251956,0.291156,0.015475,0.182107,0.015169,0.112616,0.007334,-0.035963,0.102205,0.111365,0.234074,0.200919,-0.051918,0.077000,0.272734,-0.055449,0.133682,0.149105,0.042289,0.216494,0.097276,0.186385,0.198867,0.122136,0.151372,0.157960,0.098521,0.034528,-0.027214,0.257592,0.146535,0.112607,0.231164,0.199590,0.183072,0.153701,0.132803,0.171520,-0.070476,-0.156173,0.098198,0.056625,0.320621,#
9,0.052587,0.092859,0.158300,0.153012,0.088761,0.141032,0.199978,0.077716,0.174420,1.000000,0.099710,0.076420,0.188355,0.003594,0.237833,0.216106,0.032943,0.212471,-0.086752,0.014747,0.091795,0.063881,-0.021453,0.070755,0.236455,-0.026275,0.159209,0.172608,0.086451,-0.029084,0.020268,0.272059,0.081044,0.088356,0.055806,0.193998,0.118470,0.087146,0.142931,0.096346,0.080653,0.044928,0.006494,0.108471,0.122147,-0.005039,0.121726,0.189150,0.185221,0.241151,0.155316,0.047851,0.045484,0.028245,0.045481,0.002959,0.205641,0.230335,-0.065818,0.129432,0.184678,0.200314,0.118068,-0.053177,-0.072154,0.200706,0.108113,0.091632,0.142156,0.102573,0.183689,0.067207,0.169948,0.080574,0.008239,0.042759,0.283039,0.204264,0.120819,0.261705,0.095693,0.235174,0.104849,0.218191,0.160849,0.127707,0.242011,0.288066,0.092284,0.181499,0.244439,0.047901,0.153881,0.023341,0.218300,-0.014090,0.044652,0.102545,0.180428,0.241311,0.212098,0.231152,0.211031,0.040201,0.090936,0.115384,0.000507,0.294377,0.146310,0.124194,0.109301,0.193217,0.184212,0.071372,0.155459,0.207372,0.011904,0.052862,0.185423,0.211220,-0.002473,0.188878,0.070503,0.116335,0.217078,0.113550,0.063769,0.168138,0.206102,0.030968,0.029338,0.195332,0.063373,0.077013,0.123341,-0.152885,0.149548,0.110635,0.141467,0.085411,0.268804,0.162286,0.145086,0.273790,0.186590,0.337438,0.055797,0.212571,0.147910,0.187070,0.006017,0.048244,0.100307,0.151997,0.069790,0.073986,-0.000051,0.109979,0.230936,0.175523,0.093793,0.257997,0.229399,0.118223,0.027511,0.192933,0.023293,0.241803,0.169382,0.139269,0.119039,0.048839,0.025346,-0.127569,0.015093,0.132246,0.290943,0.232593,0.100898,0.171571,0.104322,0.234793,0.152174,0.061715,0.085871,0.049661,0.090642,0.111305,0.204171,0.045239,-0.022307,0.010659,0.045805,-0.017119,-0.058453,0.012234,0.111857,0.071827,0.029355,0.075217,#
10,0.002445,0.138266,0.154839,0.053082,0.135071,0.031266,0.223379,0.035626,0.106767,0.099710,1.000000,0.127937,0.066587,-0.037216,-0.008165,0.190732,0.204513,0.060176,0.117952,0.066701,0.122820,0.083496,0.045935,0.210657,0.113750,0.103616,0.047326,0.153945,0.150094,0.125492,0.103497,0.164255,0.092271,0.160230,0.197292,0.062986,0.188195,0.080662,-0.003229,0.026026,0.227426,-0.056965,0.133725,0.015820,0.145467,0.056512,0.321315,0.126764,0.007191,0.245303,0.120916,0.208411,0.145169,0.006376,0.110165,0.279907,0.133789,0.242380,-0.058138,0.179794,0.143857,0.194262,0.246828,0.182686,0.090458,0.067899,0.325928,0.012487,0.249429,-0.038153,0.351202,0.154346,0.118074,0.002667,0.152410,0.234066,0.023486,0.167797,0.188386,-0.026027,0.155009,0.009826,0.104329,0.001200,0.096588,0.125065,0.143402,0.009483,0.058370,0.290615,0.065726,0.248332,0.176974,-0.155515,0.066750,0.096192,0.116010,0.281597,0.054970,0.041037,0.067806,0.120531,0.096186,0.132629,0.031807,0.112788,0.293897,-0.068767,0.053892,0.114292,0.110247,0.057764,0.246751,0.172068,0.088524,0.183132,0.068960,0.125372,0.070166,0.028552,0.115025,0.105403,0.017159,0.046384,0.081018,0.064927,0.114598,0.104987,0.219081,0.135291,0.048949,0.235108,0.077277,0.138432,0.173072,0.269107,0.036643,0.094528,0.221950,0.229319,0.107030,0.122778,0.121135,0.089077,0.115750,0.243627,0.178087,0.133151,0.114561,0.256869,0.012068,-0.061149,0.010537,0.234077,0.188253,0.033572,0.065933,0.085775,0.043140,0.009126,0.119741,0.037683,0.043307,0.184522,-0.005220,0.118448,0.113950,0.136861,0.176003,0.185500,-0.121778,0.229134,-0.076763,0.059769,0.244438,0.105701,0.065299,0.027211,0.064162,0.153050,-0.155374,0.032066,0.093704,0.129054,-0.124002,0.124247,0.280160,0.079287,0.030919,0.077318,0.046469,0.038600,0.088826,0.252920,0.138567,0.002135,0.090635,-0.011755,0.085874,0.241966,#
11,0.122189,0.077706,0.025049,0.106574,0.030302,0.042724,0.094690,-0.072965,0.174504,0.076420,0.127937,1.000000,0.072259,0.104647,0.227451,0.157124,-0.004061,0.124725,0.197315,0.145810,0.069312,0.102827,0.123549,0.082711,0.189141,0.072159,0.012535,0.086618,0.112128,-0.019723,0.252085,0.261797,0.174823,0.180587,0.100209,0.151958,0.122582,0.198247,0.048234,-0.035445,0.194664,-0.070147,0.144384,0.054638,0.128572,-0.197420,0.110191,0.213993,0.100307,0.117790,-0.088748,-0.062955,0.227226,0.038342,0.097544,-0.016089,0.020353,0.356944,0.072433,0.210817,0.044461,0.058930,0.218619,0.088193,-0.008568,0.084894,0.171127,0.172444,0.115767,0.095767,0.016333,0.019662,0.147409,0.065889,0.350938,0.220605,0.156961,0.201721,0.012069,-0.018418,-0.116531,0.001149,0.217233,0.098901,0.138752,-0.047091,0.085282,0.096487,0.016522,0.003387,0.102423,0.056877,0.054928,0.138710,-0.108520,0.110520,-0.009199,0.266925,0.038619,0.191815,0.087790,0.152834,0.137311,0.169380,0.121927,0.040919,0.146579,0.160895,0.037268,0.102687,0.067756,0.171458,0.059116,-0.032804,0.079131,-0.002990,0.158794,0.080431,0.044667,0.269273,0.095670,0.071429,0.131921,0.313029,0.098390,-0.035422,0.057909,0.225156,0.289865,0.241451,0.155479,0.160651,0.220262,0.119869,0.121517,0.144105,0.204765,0.207616,0.138455,0.195902,-0.054301,-0.130838,0.165654,0.244030,0.145712,0.156591,0.077813,0.138443,0.059825,-0.021484,0.064151,-0.006289,0.093154,0.338025,0.098281,0.016099,0.019209,-0.011444,0.001641,0.116399,0.221167,0.176989,0.088310,0.194353,0.122285,0.230710,0.222093,0.109447,0.095805,0.191556,0.175080,0.102736,0.163856,0.171643,0.103376,0.090303,0.217126,0.041888,0.131195,0.183460,0.042988,0.051941,0.198356,0.120072,0.058569,-0.046261,0.155760,0.159310,-0.047581,-0.066286,0.165032,0.234945,0.108949,0.116747,0.161722,-0.040950,-0.040248,0.039083,0.075970,0.116967,#
12,0.200313,0.114818,0.006840,0.227875,-0.033137,0.171890,-0.004721,0.216101,0.148371,0.188355,0.066587,0.072259,1.000000,0.043779,0.166324,0.043771,-0.026069,0.030767,0.154019,0.072005,0.184076,0.064788,0.144839,0.065456,0.195416,0.251451,0.080762,0.077672,0.061526,0.109429,0.068434,0.051284,0.043037,0.191431,0.334253,0.159768,0.097108,0.145352,0.053291,0.006563,0.023743,-0.073615,0.082006,0.049241,0.289175,0.110918,0.227437,0.199143,0.220365,0.175640,0.243320,-0.079116,0.058826,0.061129,0.137457,0.119983,0.105780,-0.026275,0.161853,0.101237,0.078762,0.165657,0.215605,0.058915,0.027813,0.191675,-0.025389,0.116842,0.261092,0.115912,0.136248,0.089950,0.240090,0.038185,0.085212,0.185266,0.064734,0.155123,0.070306,0.187080,0.199839,0.150039,0.094878,-0.017193,0.040368,0.090541,-0.068584,0.191895,-0.085588,0.031920,0.268130,0.015094,0.156279,0.189922,0.092175,0.143287,0.069566,0.035932,-0.038349,0.025838,0.074228,0.140966,0.062806,0.094944,0.016273,0.039998,0.033453,0.244688,0.087239,0.106997,0.145136,0.114313,0.155467,-0.089652,0.065369,0.111939,-0.024136,0.063054,0.140521,0.218351,0.146451,0.216665,0.079279,0.191905,0.185012,0.313440,0.131683,0.138333,0.041698,0.077506,-0.233993,0.016157,0.124462,0.046372,-0.085702,-0.044187,-0.019172,0.096290,0.054222,-0.013555,-0.023192,-0.154111,-0.067220,0.129353,-0.084210,0.268277,0.113672,0.116463,0.089679,0.099335,0.210160,-0.142336,0.195154,0.027105,0.196866,0.127950,0.134453,0.240614,0.172271,-0.099102,0.115031,0.247352,0.135627,0.067708,0.219327,0.048659,-0.036294,0.185478,0.158835,0.126095,0.151110,-0.022397,0.126232,0.028599,0.125261,0.071051,0.249990,0.091075,-0.184662,0.036259,0.024553,0.200534,0.007581,0.063968,-0.010952,0.058676,0.027424,0.153268,0.166083,0.019272,-0.047216,0.110003,-0.051525,-0.056147,0.078649,0.034813,0.022390,0.050420,0.100759,0.132121,#
13,-0.224006,0.160121,-0.076953,-0.025261,-0.076238,-0.005378,-0.069731,0.012967,0.148043,0.003594,-0.037216,0.104647,0.043779,1.000000,0.098873,-0.005042,-0.123022,0.080416,0.052331,-0.008028,0.051843,0.054931,0.171734,0.064873,0.049048,0.198684,-0.021643,0.047899,0.000401,0.083071,0.010140,0.023197,0.033157,0.120579,-0.087153,0.085433,-0.044424,0.134945,-0.053155,0.031197,0.134619,0.031716,0.176609,-0.156389,0.108498,0.094001,-0.086586,0.121183,0.141689,0.075711,-0.048722,-0.013789,0.056020,-0.016389,0.126168,0.043784,0.145802,0.172110,0.044004,0.072873,-0.058665,0.124131,-0.008286,-0.029217,0.117491,0.073640,0.173402,0.242035,0.179608,0.120217,-0.109913,-0.025448,0.213357,-0.038684,0.023450,0.087537,0.125438,0.092420,0.186079,-0.036282,-0.147183,0.088522,0.076963,0.192221,-0.096437,0.125743,-0.051605,0.183118,0.152622,-0.022162,0.073221,0.114371,0.141300,0.022458,-0.032807,-0.025231,-0.043934,0.082803,0.047299,0.113558,0.081159,0.094891,0.189671,-0.011319,-0.008303,0.018991,0.012245,0.056424,-0.142591,0.031378,-0.125214,0.016196,0.051102,0.009011,0.168553,-0.025707,0.031230,-0.031531,0.068874,-0.033001,0.134504,-0.045722,0.186341,-0.034322,-0.029957,0.002452,0.057275,0.082820,0.091539,0.137685,-0.041231,-0.084181,-0.007895,0.121525,-0.033553,-0.004550,0.045593,0.064799,0.243480,0.128686,0.125540,-0.071715,0.017174,-0.054529,-0.115112,0.119205,0.068723,0.014312,0.129871,-0.111292,0.116994,0.023025,0.077573,0.070669,0.048988,-0.059713,-0.004746,-0.167015,0.033425,-0.010651,0.073168,-0.022536,0.193474,0.023774,0.083385,0.010030,0.066570,0.145143,-0.051655,0.084569,0.009390,0.034490,-0.014850,0.236860,0.113610,0.134839,0.135624,-0.066635,-0.008207,0.060547,0.059116,-0.011413,0.162552,0.042986,-0.119675,0.085087,-0.025171,-0.065490,-0.048961,0.030525,0.177991,0.034475,0.147392,0.052782,0.099111,0.089437,-0.079623,0.242445,0.035074,0.008657,#
14,0.337594,0.094486,0.196455,0.103516,0.141459,0.148818,-0.049594,0.198613,0.126043,0.237833,-0.008165,0.227451,0.166324,0.098873,1.000000,0.098864,-0.012955,0.179079,-0.057164,0.215660,-0.025251,0.130048,0.203702,0.267792,0.152930,0.033270,0.141587,0.180676,0.084949,0.110515,0.404228,0.058247,0.040032,0.091099,0.312695,0.187753,0.153686,0.088048,0.301941,0.058341,0.147576,0.100059,0.013155,0.073121,0.134146,0.154199,0.206097,0.105726,0.173326,0.135303,0.101190,0.166066,0.237143,0.088704,0.158208,0.092361,0.204237,0.132136,0.188369,-0.003930,0.108160,0.130977,0.217527,0.144370,0.041938,0.184545,0.106260,0.052825,0.164342,0.068120,0.127165,0.016689,0.277040,0.216878,0.191285,0.147954,0.093648,0.160323,0.012999,0.096604,0.037074,0.095539,0.236242,0.231705,0.102801,0.103849,0.053773,0.143173,0.095266,0.157245,0.226856,0.068075,0.178891,0.316459,0.176536,0.067929,-0.114915,0.155935,0.006326,0.115442,0.032264,0.180788,0.174870,0.100079,0.100791,0.015601,0.090298,0.040522,0.189789,0.217044,-0.005566,0.140708,0.262598,0.057226,0.039770,0.018773,0.098943,-0.109735,0.183469,0.159481,0.185434,0.086796,0.265492,0.169893,0.138812,-0.026837,0.038008,0.168365,0.133288,0.059858,0.014539,0.239307,0.058117,0.082727,0.074562,-0.053318,0.249236,0.222192,0.149588,0.090864,0.120779,0.138962,0.046350,0.290488,0.144742,0.286485,0.134898,-0.047787,0.154725,0.054184,0.310332,-0.009887,0.263914,0.151829,0.136645,0.075160,0.081617,0.059657,0.055109,0.159133,0.104027,0.129679,0.119739,0.019894,0.327751,0.290772,0.133765,0.146047,0.134824,0.154468,0.129366,-0.088148,0.093050,0.118986,0.182784,0.064983,0.057599,0.071182,0.216679,0.194548,0.038346,0.133639,0.060094,0.059185,0.071245,0.151016,0.077963,0.113089,0.115897,0.100011,0.144113,0.148996,0.146379,0.086659,0.027691,-0.071923,0.020926,0.177060,0.055083,-0.029609,#
15,0.023587,0.133647,0.046682,0.143646,0.187557,0.035690,0.384629,0.068587,0.233246,0.216106,0.190732,0.157124,0.043771,-0.005042,0.098864,1.000000,0.145315,0.151745,0.182918,0.097723,0.062355,0.179797,0.097584,0.200133,0.227541,0.065105,-0.071782,0.109078,0.087609,-0.050429,0.244345,0.320128,0.169881,0.320433,0.081527,0.180612,0.111007,0.267030,0.008273,-0.033491,0.071302,-0.048424,0.160630,0.146929,0.122531,0.103173,0.170732,0.107102,0.133942,0.196761,0.122879,0.106161,0.089880,0.078855,0.094776,0.085480,0.164245,0.128741,0.085276,0.193681,0.204761,0.292663,0.196876,0.073367,0.206006,0.080532,0.189674,0.225405,0.071324,0.032162,0.141191,0.058863,-0.035770,0.161338,0.161079,0.102504,0.111686,0.116641,0.246490,-0.014509,-0.073851,0.087393,0.142100,0.218557,0.221162,0.113270,-0.061220,0.138311,0.095474,-0.034812,0.009455,0.157417,0.171266,0.170812,0.035271,0.094734,0.088228,0.264008,0.164559,0.155531,0.040189,0.259076,0.119846,0.226327,0.161690,-0.046861,0.018533,0.086469,0.092005,0.256289,0.008597,-0.020897,0.238723,0.063790,0.232132,0.064141,-0.034415,-0.015720,0.045610,0.322435,-0.011660,0.278587,0.154837,0.103560,0.065579,0.055125,0.056717,0.098203,0.201954,0.187412,0.206036,0.161855,-0.000102,-0.027385,0.170993,0.182874,0.240314,0.097313,0.011608,0.134904,0.044995,0.023585,0.053439,0.073166,0.188739,0.264811,0.063402,0.111271,0.115680,0.104190,0.165386,0.269746,0.101399,0.201410,0.117961,0.120414,0.003894,-0.054123,0.156903,0.133320,0.121518,0.157522,0.186017,0.291156,0.056960,0.104190,0.148767,-0.021466,0.113057,0.141715,-0.056482,0.167444,-0.069395,0.279962,0.108727,0.167855,0.162687,0.062980,0.222871,0.221154,0.102105,0.104708,0.087992,0.171703,0.213300,-0.019441,0.005274,0.003446,0.088435,0.111963,-0.001830,0.239957,0.027532,0.085100,0.069689,0.036072,0.068032,-0.000692,0.245203,0.184290,#
16,0.062151,0.138835,0.123873,0.173114,-0.072595,0.039823,0.207690,0.037736,0.051107,0.032943,0.204513,-0.004061,-0.026069,-0.123022,-0.012955,0.145315,1.000000,0.053026,0.244942,0.147223,0.260569,-0.199219,-0.033720,0.085055,0.115879,0.113823,0.028497,0.076559,-0.101110,0.053243,0.088230,0.155446,0.014057,-0.040885,0.087970,0.075904,0.205756,0.202415,0.080488,0.127043,0.050964,-0.028800,0.074012,0.054637,0.016515,0.020805,0.117216,0.071415,0.027723,0.177487,-0.068690,0.125080,0.087409,-0.008817,-0.034805,0.109694,-0.060742,0.061830,0.006076,-0.028300,0.212454,0.134598,0.069340,-0.028715,0.009017,0.065770,0.142889,0.066030,0.085804,0.001376,0.106684,0.045361,0.009487,0.046651,0.002015,-0.025132,-0.045972,0.017526,0.016198,0.097902,0.267355,0.066579,0.159656,0.041255,0.106484,0.126047,0.079910,-0.058699,-0.086874,0.076220,-0.139430,0.091692,0.146579,-0.186279,0.098824,0.061696,-0.021486,0.156647,0.048425,0.124709,0.061882,0.111437,-0.023867,0.153934,0.067539,0.025379,0.059491,0.009294,0.299344,0.074993,0.058490,0.014472,0.141174,0.095427,0.158937,0.125939,0.251269,0.034095,0.018966,-0.107242,-0.069578,0.014425,0.052890,-0.035026,0.172648,-0.036797,-0.048065,-0.073347,0.113754,0.004632,0.163786,0.067668,0.025668,0.085924,0.036851,0.142924,0.094820,-0.019926,0.030749,-0.140923,-0.066734,0.024818,0.025173,-0.127029,-0.068969,0.060744,0.237090,0.201008,0.069609,-0.019946,-0.046937,0.028830,-0.153395,0.088735,0.179659,0.011658,0.001551,-0.073635,-0.101165,-0.008750,0.145661,-0.042291,0.124978,-0.007035,0.109828,0.037620,0.042624,0.054945,0.015601,0.104096,-0.200984,0.157386,0.051870,0.209786,0.102963,0.056290,0.053311,0.264860,0.132919,0.106324,0.055966,-0.063787,-0.064808,0.256911,-0.197749,-0.097907,0.086815,0.017959,0.186541,0.114544,0.071937,0.153706,0.011964,0.129421,0.125985,0.185795,0.120466,-0.017686,-0.011877,0.093472,#
17,0.066331,0.033204,0.118981,-0.006442,0.059326,0.082864,0.178718,0.146597,0.059932,0.212471,0.060176,0.124725,0.030767,0.080416,0.179079,0.151745,0.053026,1.000000,0.101838,0.208635,-0.021922,0.105644,0.100559,-0.137771,0.197903,0.068511,-0.024887,0.146449,0.058568,0.025626,0.049694,0.235367,-0.027499,-0.021613,-0.025995,-0.085726,0.000079,0.216814,0.221544,0.138427,0.112314,0.116629,0.076047,0.083446,0.122824,0.197489,0.090408,0.232368,0.049178,0.126214,0.024660,-0.102892,0.105124,0.049555,0.125589,0.024822,0.177387,0.013342,0.016951,0.105469,0.094578,-0.007644,0.281546,-0.021871,-0.016307,0.081841,0.301134,0.001524,0.035490,-0.037573,0.213449,-0.028562,-0.038247,0.252377,0.232423,-0.054220,-0.013317,0.173092,0.217419,0.034311,0.010067,0.137431,0.147985,0.275223,0.013766,-0.036076,0.123885,0.120062,-0.058080,0.073225,0.077983,-0.021350,0.170978,0.090606,0.259631,0.144970,-0.051501,0.081814,0.172353,0.195756,0.048712,0.095206,0.020642,-0.066525,-0.029561,0.141496,-0.106843,0.049505,0.021701,0.196144,0.107742,-0.043276,0.303527,0.071929,0.268639,0.036633,-0.051870,-0.004344,0.200037,0.259517,0.098622,0.133441,0.072104,-0.045252,-0.014011,-0.001330,-0.045021,0.118238,0.189924,0.020442,0.067413,0.209495,0.163444,0.016745,0.047398,-0.009295,0.249928,0.111719,-0.076095,0.225378,0.111584,0.062334,0.200511,0.120235,0.201676,0.071287,-0.124557,-0.059861,0.144004,0.030746,0.108140,0.064129,0.045996,0.168169,0.005767,0.096615,0.155168,-0.078232,0.099455,0.072389,0.073385,0.104383,0.237813,0.040148,-0.016208,-0.134032,-0.077287,-0.030537,0.050035,0.010578,0.009850,0.080279,0.101448,0.007335,0.150550,0.039932,0.156797,0.149900,0.133439,0.206495,0.034944,0.105114,0.073056,0.243810,0.029668,-0.096948,0.137275,0.214629,0.027536,-0.004666,0.136771,0.145971,-0.050030,0.038027,-0.047429,0.148177,0.015186,-0.106649,0.070248,-0.146350,#
18,0.031945,0.179400,0.115330,0.073875,-0.106338,0.173865,0.099339,0.122510,-0.081921,-0.086752,0.117952,0.197315,0.154019,0.052331,-0.057164,0.182918,0.244942,0.101838,1.000000,0.029270,0.080550,0.251189,0.011296,0.056119,0.014586,0.158927,0.025139,0.023739,-0.007639,0.089526,-0.058211,0.200075,0.116568,0.251805,0.103585,0.155881,0.032868,0.271307,0.096504,0.061065,0.174901,0.030667,0.177109,-0.106925,0.109348,0.053913,0.169529,0.225825,0.171887,0.079929,-0.099008,0.026019,0.170427,-0.012422,0.089179,0.098024,0.013936,-0.012137,0.107893,0.223810,0.158658,0.102006,0.038771,-0.000712,0.083942,-0.038851,0.144112,-0.144171,-0.034393,0.078263,-0.021577,0.020788,0.039401,-0.017858,0.156037,-0.073732,-0.053701,0.073120,-0.002482,-0.067657,-0.036049,-0.064108,0.192881,0.033865,0.189734,0.256511,-0.196304,0.076810,0.032041,-0.003164,0.098266,0.001272,0.131512,0.082176,0.083537,0.032684,0.073633,0.117973,0.059587,0.072734,0.081284,0.060397,0.036910,0.040461,0.081541,0.161067,0.044649,0.187175,0.119364,0.166846,0.166983,-0.041867,0.102029,-0.045079,0.025268,0.036138,0.049953,0.041548,0.139935,0.161783,0.159588,-0.020337,0.032419,0.072146,0.213414,-0.041049,0.165629,0.057358,0.224912,-0.011288,-0.004371,0.205242,0.103871,0.003056,-0.018699,0.070424,0.085076,0.055811,0.031189,0.034058,-0.118465,0.008738,-0.043002,0.026615,0.093288,0.070719,0.066641,0.090208,0.164669,0.025215,0.114387,-0.131648,0.192175,0.125056,0.130486,0.254485,0.012381,-0.069234,-0.138732,-0.056395,0.141918,0.107205,0.303086,0.066057,0.004657,-0.030715,0.191025,-0.039479,-0.087839,0.107778,0.051035,0.017326,0.125865,0.316249,0.138568,0.023304,-0.013571,0.108352,0.103444,0.130368,0.047098,0.066308,-0.055101,0.094214,-0.021258,0.003122,0.049291,0.035929,-0.087067,0.088190,0.014092,0.280948,0.009786,0.192607,0.158494,0.062842,0.021304,0.197533,0.048015,0.177743,#
19,0.191406,0.179347,0.241651,0.081442,0.161072,0.260144,0.022014,0.197876,0.187594,0.014747,0.066701,0.145810,0.072005,-0.008028,0.215660,0.097723,0.147223,0.208635,0.029270,1.000000,0.083070,0.008054,0.013748,0.066689,0.237465,0.066038,0.061245,0.152060,-0.018505,0.023335,0.129909,0.228719,0.259156,0.088994,0.167909,0.207753,0.088788,0.190887,0.137864,0.141286,0.179391,0.179971,0.156601,0.122569,-0.052671,0.229237,0.274415,0.158812,0.132408,0.309375,0.075224,-0.017218,0.190165,0.232384,0.086434,0.085383,0.186895,0.021131,0.018489,0.089779,0.016175,-0.026168,0.229961,0.133157,0.085509,0.099270,0.241034,0.083418,0.241871,0.085929,0.211695,0.079633,0.176758,0.103803,0.012142,0.101073,-0.004371,0.154784,0.085848,0.042112,0.306341,0.008544,0.286975,0.106746,0.169418,-0.003048,0.055122,0.118802,0.132409,0.147791,0.053771,0.108355,-0.023218,0.102452,0.077078,0.020599,0.106141,0.298462,0.137693,0.188336,0.052168,0.132830,0.094460,0.161987,0.138017,-0.029778,0.145949,-0.015371,0.027378,0.006715,0.159411,0.064300,0.155334,0.061288,0.111863,0.112575,0.166338,0.049939,0.275826,0.022736,0.300342,0.050453,0.097935,0.236417,0.068535,0.163696,-0.015033,0.199297,0.306625,0.186986,0.176975,0.330132,0.181418,0.212371,0.076623,0.209290,0.031483,0.150099,0.112631,-0.052223,0.054530,0.059824,-0.049350,-0.021043,0.106029,0.035674,-0.012426,-0.003992,0.199964,0.192406,0.053508,0.079138,0.113999,0.158950,0.225562,0.055234,0.236972,0.054162,0.200802,0.134975,0.095363,0.211566,0.072047,0.219995,0.197542,0.162166,0.075350,0.190980,0.040713,0.023419,-0.016025,0.182353,0.255989,0.226233,0.219700,-0.054020,0.135262,0.191316,0.144829,0.061398,0.037012,0.213071,0.225684,0.199139,0.015316,0.017941,-0.107594,0.123800,0.120432,0.136606,0.168231,0.149783,-0.002954,0.108360,0.195497,0.046410,0.112986,-0.105691,0.118984,0.029678,#
20,-0.020320,0.307277,0.091628,0.210953,0.092867,0.097764,0.077657,0.243559,0.251621,0.091795,0.122820,0.069312,0.184076,0.051843,-0.025251,0.062355,0.260569,-0.021922,0.080550,0.083070,1.000000,0.132011,0.112086,0.271318,0.214287,0.245257,-0.055345,0.160150,0.062520,-0.088947,0.171150,0.153381,0.201247,0.288771,0.090155,0.210884,0.027031,0.087874,0.158988,0.154840,0.141004,0.115039,0.069668,-0.026936,0.225552,-0.055385,0.183228,0.193328,0.100050,0.202439,0.142593,0.235075,0.136305,0.084595,0.211080,-0.121650,-0.173578,0.036962,0.100894,0.070212,0.184757,0.105511,0.204694,0.111368,-0.005757,0.269228,0.200790,0.055920,0.079541,0.013519,0.075105,0.148589,0.231836,0.052729,-0.068551,-0.044360,0.082089,0.093288,0.289999,0.084337,0.076876,0.098732,0.176316,-0.040575,0.026390,0.166757,0.097692,0.221355,0.084344,0.198747,0.164693,0.105650,0.105894,0.075773,0.093926,0.162117,0.081259,0.073774,0.130722,0.130890,0.213121,0.174854,0.040805,0.213130,0.110028,0.153476,0.293181,-0.008656,0.108869,0.219067,0.017889,0.146728,0.030258,-0.046714,0.187796,0.103941,0.177533,0.075007,-0.048963,0.018868,0.173482,0.158697,0.116410,0.158021,0.104035,0.098494,0.008171,0.047863,0.106453,0.168416,0.105596,0.141383,0.228977,0.097863,0.042346,0.140691,-0.021819,0.254679,0.168669,0.120669,0.072101,0.025765,0.076808,-0.022899,0.095705,0.028288,0.116648,0.186803,0.041478,0.151338,0.105821,0.096809,0.038588,0.143812,0.048702,0.103498,0.058040,0.228179,0.138876,0.012248,0.179707,0.134791,0.166540,0.141645,0.083802,0.055352,0.040202,0.207156,-0.034830,-0.076357,0.111048,-0.017090,0.072744,0.167459,0.122604,0.001378,0.100620,0.172285,0.069572,0.192702,0.080255,0.057805,0.028886,0.159033,-0.010043,0.154089,0.113404,0.004708,0.152126,0.141341,0.118847,0.254860,0.327452,0.121927,0.315111,0.123851,0.111980,0.160350,0.122793,0.184968,#
