0,1.000000,0.789797,0.812345,0.772206,0.707451,0.793830,0.762462,0.793683,0.765102,0.740548,0.764203,0.807998,0.776161,0.735458,0.777119,0.743895,0.761697,0.804196,0.787656,0.749493,0.797587,0.754122,0.783042,0.801847,0.704063,0.777511,0.761389,0.792206,0.721819,0.782366,0.779089,0.765524,0.759517,0.716885,0.772111,0.770433,0.769665,0.791520,0.772003,0.802090,0.774402,0.753107,0.797328,0.791075,0.765803,0.717743,0.801464,0.812102,0.769275,0.807619,0.780777,0.754672,0.793959,0.799804,0.774500,0.798980,0.772353,0.803074,0.771634,0.792182,0.820196,0.722316,0.784011,0.767182,0.770092,0.769479,0.812173,0.796735,0.764365,0.724967,0.780378,0.777798,0.840959,0.794200,0.769873,0.780316,0.791188,0.790632,0.799260,0.764264,0.814636,0.785315,0.788774,0.803930,0.774906,0.821002,0.755812,0.763137,0.705485,0.760664,0.760007,0.779273,0.759217,0.804500,0.787748,0.777474,0.725874,0.741645,0.769488,0.790435,0.786462,0.797428,0.732345,0.758581,0.771345,0.755800,0.743565,0.801513,0.780018,0.750693,0.786615,0.762828,0.805835,0.715710,0.761372,0.832816,0.726126,0.757397,0.753436,0.720260,0.728248,0.863241,0.756705,0.823355,0.766465,0.764419,0.748110,0.759774,0.731072,0.754345,0.754138,0.780132,0.785635,0.738641,0.785411,0.749042,0.764219,0.806911,0.760384,0.783911,0.756163,0.767196,0.709058,0.806139,0.804367,0.712701,0.776460,0.711977,0.798223,0.788097,0.793074,0.745808,0.770074,0.764532,0.761256,0.733339,0.757620,0.780984,0.799458,0.794624,0.797621,0.795638,0.741198,0.796402,0.770936,0.782570,0.790242,0.743728,0.767505,0.795209,0.796986,0.752515,0.778769,0.814496,0.834932,0.735532,0.760274,0.783260,0.757866,0.778504,0.757525,0.806305,0.708519,0.754568,0.763876,0.743341,0.792647,0.764107,0.768003,0.809477,0.765952,0.796553,0.758412,0.761298,0.747711,0.752053,0.764625,0.805174,0.805784,0.764095,#
1,0.789797,1.000000,0.788250,0.798132,0.778568,0.837092,0.725943,0.772763,0.801302,0.767912,0.790907,0.774112,0.774433,0.786902,0.798460,0.777045,0.754941,0.780407,0.783949,0.802228,0.819003,0.844995,0.813649,0.819812,0.750755,0.751051,0.836490,0.807513,0.732943,0.744617,0.826380,0.814106,0.803065,0.802789,0.794735,0.807164,0.731298,0.824140,0.821839,0.795801,0.761380,0.763211,0.754993,0.775084,0.761432,0.769980,0.815084,0.795365,0.832674,0.804672,0.782899,0.824703,0.800565,0.765965,0.833776,0.805037,0.782506,0.822029,0.797102,0.782664,0.778571,0.774468,0.719382,0.728822,0.786463,0.772087,0.838724,0.805600,0.806377,0.810120,0.783029,0.789220,0.862288,0.772933,0.793027,0.813875,0.765115,0.798544,0.796767,0.779783,0.822846,0.787609,0.853377,0.816233,0.806305,0.784288,0.747431,0.775684,0.789744,0.785310,0.763467,0.742358,0.796550,0.806303,0.730039,0.717283,0.762140,0.777381,0.768086,0.817849,0.806530,0.823213,0.749414,0.794758,0.767154,0.765161,0.760226,0.809148,0.761754,0.750305,0.795206,0.780271,0.777058,0.759840,0.757824,0.787075,0.785375,0.808932,0.771923,0.727465,0.803523,0.803131,0.724300,0.804276,0.737351,0.758779,0.781131,0.778584,0.801155,0.814140,0.760415,0.805401,0.754598,0.775948,0.821829,0.752856,0.760208,0.770931,0.793460,0.725293,0.806471,0.783513,0.783384,0.788452,0.758254,0.767246,0.793562,0.724144,0.821998,0.780772,0.831088,0.813283,0.792244,0.759251,0.804388,0.746244,0.792945,0.799972,0.755696,0.777566,0.785953,0.813123,0.789008,0.817434,0.811023,0.747208,0.771668,0.778812,0.742176,0.785856,0.791616,0.751632,0.788166,0.801797,0.818077,0.743770,0.774417,0.832951,0.753831,0.806716,0.772274,0.794160,0.743926,0.751535,0.777160,0.818092,0.799408,0.708766,0.775113,0.785511,0.794708,0.772485,0.749958,0.789680,0.823028,0.724112,0.750765,0.794248,0.775651,0.767002,#
2,0.812345,0.788250,1.000000,0.759349,0.712495,0.796670,0.739606,0.781695,0.789069,0.752563,0.764762,0.738073,0.709252,0.747296,0.772815,0.744913,0.735833,0.786371,0.723543,0.771088,0.742168,0.763482,0.725935,0.818784,0.720061,0.712998,0.809080,0.824948,0.800785,0.777573,0.813620,0.771475,0.754231,0.724199,0.737596,0.776187,0.774674,0.780415,0.822329,0.763733,0.755705,0.780266,0.787686,0.739093,0.721092,0.717390,0.846635,0.746610,0.768306,0.826266,0.785110,0.765236,0.781720,0.816539,0.835037,0.777033,0.783215,0.784765,0.727827,0.756123,0.831545,0.785998,0.747306,0.781404,0.769476,0.780424,0.822674,0.770965,0.777736,0.777885,0.779731,0.756455,0.831980,0.773660,0.781071,0.786591,0.774667,0.776863,0.779181,0.793916,0.797363,0.801273,0.805024,0.816390,0.818171,0.802656,0.759202,0.832213,0.767171,0.765089,0.772722,0.787626,0.793700,0.763937,0.795200,0.751440,0.751729,0.739147,0.844144,0.795909,0.783362,0.764585,0.729634,0.738510,0.726043,0.806773,0.784343,0.769267,0.782735,0.740600,0.785915,0.738851,0.802379,0.728943,0.735415,0.755896,0.755055,0.777227,0.796735,0.667120,0.754863,0.765227,0.711249,0.807412,0.777893,0.738762,0.745286,0.774694,0.766035,0.800020,0.820377,0.801461,0.811703,0.800931,0.800206,0.785378,0.759893,0.768632,0.775825,0.731205,0.785900,0.776378,0.714708,0.734433,0.757523,0.798759,0.744348,0.738431,0.765243,0.766351,0.801999,0.758595,0.756273,0.784182,0.768777,0.761544,0.775135,0.728280,0.745476,0.745409,0.759333,0.714856,0.746292,0.782986,0.745325,0.765316,0.816352,0.739501,0.740848,0.749246,0.770036,0.754503,0.765024,0.745772,0.806598,0.740930,0.736820,0.813718,0.755096,0.753532,0.747175,0.810769,0.696037,0.802183,0.745044,0.754484,0.745601,0.719746,0.784713,0.767267,0.758612,0.776915,0.809933,0.759349,0.750837,0.779480,0.758511,0.804599,0.719534,0.785364,#
3,0.772206,0.798132,0.759349,1.000000,0.759913,0.787449,0.741296,0.752838,0.772700,0.748003,0.765257,0.755570,0.769624,0.710131,0.754468,0.781447,0.743132,0.756919,0.770602,0.732422,0.752085,0.799870,0.721576,0.754056,0.756585,0.763303,0.773356,0.772362,0.725046,0.720772,0.779114,0.813984,0.747774,0.781298,0.794633,0.763400,0.721932,0.788153,0.720222,0.793733,0.757722,0.747250,0.749871,0.759747,0.737820,0.785199,0.823670,0.770169,0.808981,0.766818,0.791823,0.729442,0.789215,0.725520,0.780868,0.785177,0.706199,0.772014,0.820486,0.774520,0.752778,0.768031,0.699650,0.752474,0.804708,0.771172,0.765712,0.754004,0.718124,0.754775,0.738475,0.795010,0.822419,0.781321,0.739083,0.750241,0.744889,0.766891,0.760042,0.806829,0.802089,0.720340,0.778583,0.808528,0.766944,0.804549,0.752814,0.737802,0.730681,0.766344,0.713375,0.746960,0.790701,0.790105,0.740301,0.748175,0.702536,0.714276,0.735796,0.771914,0.735177,0.749746,0.689562,0.732157,0.775043,0.748646,0.738096,0.778049,0.737941,0.745658,0.740449,0.744962,0.735071,0.740525,0.748241,0.772524,0.728080,0.728981,0.763406,0.671946,0.711252,0.778727,0.685491,0.760213,0.728725,0.747404,0.760064,0.760150,0.733118,0.776282,0.735150,0.773189,0.713287,0.790663,0.810112,0.770815,0.801979,0.726930,0.712467,0.705184,0.755774,0.753253,0.743138,0.733558,0.729855,0.793937,0.722485,0.734964,0.758439,0.723588,0.771979,0.756569,0.748374,0.753358,0.744735,0.698300,0.792333,0.754758,0.710930,0.768481,0.777739,0.755583,0.737994,0.790545,0.761491,0.754821,0.751693,0.713708,0.749994,0.740287,0.775429,0.766536,0.758703,0.762279,0.735974,0.733474,0.738804,0.767716,0.769652,0.749141,0.713755,0.794818,0.695297,0.738250,0.720696,0.763391,0.744224,0.680143,0.792031,0.805776,0.710377,0.733281,0.715590,0.731447,0.751988,0.752698,0.763870,0.768464,0.724443,0.773645,#
4,0.707451,0.778568,0.712495,0.759913,1.000000,0.779249,0.762673,0.722173,0.709007,0.712508,0.735087,0.752157,0.695037,0.726966,0.711129,0.772552,0.726635,0.791812,0.733117,0.772200,0.770666,0.756642,0.716423,0.775437,0.717347,0.698873,0.759445,0.733099,0.725887,0.714090,0.828518,0.741685,0.768526,0.695018,0.723798,0.756544,0.697176,0.763222,0.709264,0.785632,0.747395,0.720648,0.715692,0.765748,0.723541,0.726799,0.771510,0.733958,0.790617,0.755682,0.768969,0.736514,0.767386,0.681033,0.767137,0.765888,0.720163,0.744779,0.775150,0.742926,0.720992,0.760156,0.720926,0.702957,0.775385,0.776520,0.799870,0.724071,0.712024,0.739242,0.750226,0.788268,0.780980,0.741195,0.702683,0.734205,0.727362,0.748534,0.779085,0.758620,0.721154,0.734871,0.786592,0.729834,0.767614,0.711396,0.681193,0.688823,0.732269,0.785810,0.695757,0.713472,0.699496,0.754603,0.692381,0.734512,0.737219,0.685749,0.684857,0.757567,0.784464,0.768715,0.722453,0.724316,0.736537,0.709720,0.755666,0.750892,0.735808,0.735509,0.713261,0.727176,0.740069,0.784162,0.723317,0.741137,0.720410,0.790798,0.687788,0.653566,0.738100,0.755007,0.762561,0.767211,0.714525,0.764482,0.718085,0.730121,0.786749,0.766981,0.799275,0.760669,0.697502,0.727992,0.789087,0.763321,0.772581,0.752884,0.711606,0.687378,0.721152,0.780965,0.745502,0.741292,0.713754,0.728148,0.771518,0.670218,0.731724,0.752571,0.768886,0.814728,0.697167,0.696272,0.774487,0.714248,0.787669,0.719351,0.757525,0.722684,0.706878,0.738221,0.786844,0.749892,0.763948,0.719539,0.728837,0.718469,0.713379,0.748256,0.731475,0.726886,0.741451,0.720367,0.804779,0.736738,0.725808,0.776574,0.729471,0.740803,0.781161,0.751059,0.743579,0.701619,0.787604,0.742229,0.736470,0.761194,0.713782,0.711380,0.701239,0.711719,0.697740,0.734962,0.759569,0.676918,0.725059,0.768169,0.745061,0.693638,#
5,0.793830,0.837092,0.796670,0.787449,0.779249,1.000000,0.722181,0.792557,0.773031,0.752165,0.755746,0.763192,0.741063,0.738926,0.772922,0.752899,0.759443,0.783711,0.779476,0.810582,0.785144,0.764347,0.727968,0.776635,0.748762,0.792477,0.830131,0.823901,0.704603,0.771326,0.815805,0.814471,0.789204,0.777980,0.757045,0.803530,0.761888,0.761422,0.774470,0.785029,0.774391,0.753970,0.725440,0.768343,0.768513,0.778249,0.815162,0.810407,0.816144,0.787987,0.808378,0.725311,0.787035,0.808236,0.788502,0.857238,0.769929,0.794848,0.804672,0.803462,0.741258,0.760086,0.762971,0.799879,0.755706,0.746849,0.808301,0.782410,0.763518,0.801799,0.805157,0.782716,0.853011,0.766737,0.752463,0.746535,0.772748,0.787313,0.772109,0.789654,0.817096,0.792724,0.827255,0.795730,0.771230,0.792232,0.762219,0.774844,0.794331,0.791249,0.758778,0.732612,0.777210,0.801092,0.732880,0.692139,0.777440,0.740318,0.810239,0.733195,0.825137,0.792406,0.817547,0.764763,0.766528,0.766995,0.780870,0.796414,0.738931,0.772313,0.771958,0.789361,0.767951,0.714466,0.701180,0.767385,0.792495,0.794201,0.758053,0.678452,0.749088,0.813830,0.762999,0.840773,0.749581,0.776999,0.797894,0.757438,0.796072,0.773640,0.787737,0.829162,0.808487,0.811211,0.799333,0.744668,0.765439,0.791275,0.733455,0.735813,0.778274,0.766053,0.775228,0.784570,0.847425,0.742341,0.760876,0.753958,0.779885,0.839968,0.822962,0.792404,0.765832,0.764438,0.789358,0.719950,0.804646,0.770216,0.774588,0.773711,0.773199,0.803943,0.787384,0.781325,0.804077,0.744327,0.730039,0.790847,0.748395,0.755982,0.820737,0.777035,0.782590,0.759774,0.798047,0.752184,0.754979,0.816899,0.781419,0.791556,0.773947,0.798888,0.697752,0.748374,0.769552,0.789852,0.770335,0.735920,0.809043,0.828247,0.739097,0.809610,0.725538,0.797863,0.736167,0.755863,0.733624,0.795190,0.770728,0.770395,#
6,0.762462,0.725943,0.739606,0.741296,0.762673,0.722181,1.000000,0.702503,0.760802,0.759340,0.744679,0.743189,0.727817,0.750896,0.681109,0.778172,0.744299,0.787091,0.736864,0.723812,0.792570,0.735760,0.687934,0.756912,0.738438,0.751668,0.751073,0.749489,0.715986,0.751134,0.762725,0.787140,0.774487,0.740169,0.726091,0.770622,0.757930,0.751225,0.726179,0.780407,0.756210,0.777453,0.767605,0.778182,0.749681,0.661139,0.792212,0.748137,0.815197,0.797341,0.789785,0.765493,0.777210,0.672801,0.787468,0.744705,0.763301,0.799226,0.795610,0.720647,0.782509,0.762213,0.717126,0.706895,0.789336,0.757150,0.823451,0.766556,0.767809,0.717078,0.754738,0.810232,0.792448,0.764946,0.701365,0.760012,0.768543,0.783165,0.789332,0.724565,0.767161,0.781178,0.742011,0.832886,0.763455,0.724244,0.714902,0.746688,0.761911,0.777378,0.725383,0.755754,0.697703,0.781723,0.728945,0.734299,0.728658,0.737779,0.745842,0.736510,0.778019,0.790582,0.734992,0.741096,0.783607,0.692749,0.764515,0.742637,0.759022,0.712716,0.693857,0.722587,0.727175,0.726282,0.687859,0.753457,0.708289,0.761242,0.705247,0.717565,0.713837,0.765376,0.685834,0.807243,0.747518,0.757882,0.718529,0.736033,0.702061,0.736990,0.772673,0.756500,0.708942,0.709020,0.768750,0.739981,0.782512,0.746729,0.771211,0.759097,0.760062,0.786907,0.695980,0.754297,0.744599,0.762582,0.749099,0.707078,0.738568,0.743158,0.754375,0.785604,0.695831,0.723150,0.720135,0.698147,0.774818,0.680439,0.748470,0.794845,0.768115,0.759643,0.699553,0.758262,0.774175,0.749784,0.793876,0.664791,0.741676,0.770066,0.760428,0.748143,0.716243,0.697983,0.750969,0.763932,0.734050,0.775997,0.748523,0.763515,0.757828,0.781897,0.741916,0.765795,0.726172,0.746901,0.738207,0.739270,0.741800,0.742850,0.699442,0.745644,0.726441,0.724382,0.765233,0.763159,0.760048,0.779465,0.728957,0.743915,#
7,0.793683,0.772763,0.781695,0.752838,0.722173,0.792557,0.702503,1.000000,0.785429,0.698918,0.764083,0.742312,0.732108,0.746179,0.758313,0.734064,0.739799,0.784538,0.761823,0.769330,0.785558,0.733814,0.794619,0.750589,0.736114,0.787856,0.776983,0.782597,0.720035,0.802335,0.763356,0.760195,0.733257,0.743203,0.770382,0.768225,0.779876,0.768976,0.751330,0.750538,0.774671,0.777876,0.731354,0.742386,0.734493,0.729474,0.788004,0.801167,0.800939,0.755279,0.779123,0.738655,0.800093,0.810941,0.805229,0.765677,0.770015,0.780332,0.779176,0.808096,0.724929,0.761022,0.769994,0.770491,0.783455,0.765626,0.838091,0.755138,0.776162,0.711750,0.794205,0.706168,0.813171,0.812210,0.760666,0.760410,0.782580,0.765307,0.738464,0.739705,0.825256,0.752346,0.811050,0.788403,0.767154,0.776642,0.797961,0.744076,0.755515,0.768787,0.742495,0.784994,0.765875,0.764768,0.755215,0.740686,0.761403,0.789012,0.785087,0.776933,0.791966,0.745835,0.738715,0.741737,0.752383,0.717377,0.763662,0.796967,0.766578,0.742825,0.817939,0.756650,0.784829,0.754759,0.714185,0.774299,0.724727,0.746925,0.750013,0.718603,0.768533,0.771615,0.701270,0.787724,0.776254,0.787780,0.733141,0.778710,0.720568,0.741993,0.775050,0.765752,0.771788,0.715367,0.795891,0.796143,0.791301,0.790630,0.717471,0.733327,0.739265,0.738337,0.764951,0.742169,0.771322,0.737618,0.771414,0.661114,0.769699,0.730418,0.777816,0.768447,0.759381,0.714671,0.746791,0.772761,0.791787,0.762055,0.780984,0.763190,0.783127,0.733577,0.812958,0.742270,0.780533,0.735753,0.768809,0.759860,0.695236,0.732036,0.795811,0.761198,0.747215,0.764599,0.769674,0.721666,0.727620,0.746829,0.769849,0.776410,0.741702,0.769701,0.740095,0.764933,0.729320,0.765131,0.781329,0.705547,0.771175,0.808787,0.774904,0.768014,0.721831,0.747475,0.774699,0.757390,0.768845,0.801392,0.798546,0.753492,#
8,0.765102,0.801302,0.789069,0.772700,0.709007,0.773031,0.760802,0.785429,1.000000,0.777040,0.758508,0.761109,0.749703,0.764347,0.751899,0.784693,0.722431,0.809450,0.718025,0.780171,0.791265,0.799568,0.721612,0.760990,0.747873,0.756003,0.778699,0.754601,0.757399,0.746969,0.780597,0.796454,0.745685,0.737129,0.744821,0.818928,0.741225,0.786890,0.736260,0.764094,0.735976,0.737761,0.831010,0.752962,0.737550,0.703207,0.784802,0.767278,0.807017,0.760687,0.816964,0.787609,0.738097,0.785284,0.776895,0.789444,0.782869,0.781603,0.755897,0.737207,0.781970,0.782953,0.794475,0.744651,0.797419,0.802638,0.817091,0.783986,0.805233,0.737721,0.768361,0.772930,0.830482,0.777335,0.752601,0.749237,0.765464,0.795145,0.747010,0.763118,0.805225,0.762391,0.773944,0.794227,0.813527,0.777620,0.733536,0.794685,0.730926,0.726042,0.750632,0.744678,0.757756,0.747144,0.741701,0.719909,0.753738,0.769296,0.826587,0.809880,0.783209,0.741450,0.779325,0.788613,0.727666,0.758823,0.762051,0.776705,0.710134,0.769858,0.737601,0.773160,0.773638,0.725830,0.682957,0.783988,0.728152,0.762450,0.765126,0.758684,0.718031,0.749178,0.705015,0.798434,0.750940,0.779113,0.716717,0.750601,0.755534,0.782332,0.741632,0.772189,0.762411,0.745762,0.791777,0.756736,0.781266,0.765330,0.765210,0.763432,0.778309,0.784991,0.765985,0.713911,0.761337,0.720547,0.732602,0.720945,0.781524,0.774520,0.772419,0.792834,0.727572,0.809069,0.731143,0.728547,0.783994,0.773828,0.798692,0.783891,0.764895,0.726552,0.789974,0.777076,0.751191,0.730715,0.750350,0.773070,0.750167,0.726666,0.790907,0.742239,0.726110,0.737638,0.797350,0.749319,0.744757,0.799428,0.758750,0.729710,0.749197,0.785077,0.734510,0.768304,0.762553,0.744618,0.815469,0.710268,0.756738,0.805525,0.782891,0.795868,0.799511,0.762092,0.764583,0.707811,0.737104,0.758305,0.751475,0.801789,#
9,0.740548,0.767912,0.752563,0.748003,0.712508,0.752165,0.759340,0.698918,0.777040,1.000000,0.745230,0.718776,0.739478,0.753619,0.763941,0.762034,0.734408,0.772057,0.746823,0.710818,0.794708,0.745297,0.691856,0.777268,0.728612,0.689030,0.747817,0.816785,0.692086,0.788346,0.739231,0.785214,0.778556,0.751080,0.723703,0.780786,0.735604,0.753666,0.733587,0.783280,0.755815,0.770861,0.727866,0.729666,0.759076,0.696682,0.760193,0.764976,0.778158,0.752481,0.777359,0.736252,0.709523,0.714578,0.765630,0.761691,0.767999,0.838653,0.717562,0.743075,0.783140,0.764088,0.736667,0.713430,0.745534,0.804670,0.809587,0.773778,0.788235,0.708433,0.753076,0.756208,0.779868,0.745980,0.730474,0.754723,0.775885,0.813266,0.765897,0.819414,0.775229,0.764628,0.757022,0.830010,0.780792,0.743212,0.725663,0.802804,0.739762,0.718487,0.744214,0.711078,0.756513,0.745019,0.748158,0.692852,0.727238,0.712298,0.746692,0.773722,0.804197,0.782503,0.782585,0.766020,0.746526,0.770927,0.745824,0.787600,0.788268,0.778578,0.754459,0.758777,0.750330,0.726198,0.695344,0.795438,0.655385,0.746215,0.700771,0.715612,0.694790,0.766837,0.717537,0.790680,0.763388,0.764714,0.760247,0.716603,0.777616,0.737120,0.732284,0.793071,0.734846,0.743975,0.792560,0.708454,0.749395,0.756453,0.736383,0.724662,0.798221,0.809298,0.762597,0.771474,0.772947,0.794703,0.762504,0.756898,0.776257,0.761764,0.735262,0.731803,0.748271,0.770278,0.743800,0.738022,0.732949,0.758343,0.732852,0.784280,0.778418,0.791839,0.754621,0.759003,0.764685,0.781805,0.715441,0.729634,0.787029,0.727822,0.781888,0.753197,0.735688,0.702065,0.778206,0.780393,0.742199,0.803270,0.717479,0.785315,0.777487,0.771153,0.753179,0.715717,0.750441,0.780039,0.736139,0.717364,0.776161,0.714053,0.739704,0.764318,0.708746,0.726850,0.737986,0.723185,0.768688,0.754842,0.729409,0.716579,#
10,0.764203,0.790907,0.764762,0.765257,0.735087,0.755746,0.744679,0.764083,0.758508,0.745230,1.000000,0.771903,0.748413,0.739704,0.725276,0.742625,0.761914,0.750514,0.782391,0.756746,0.778055,0.742263,0.759562,0.813960,0.712777,0.747622,0.779760,0.797930,0.733988,0.774972,0.771804,0.766533,0.770001,0.774069,0.755382,0.787143,0.768998,0.775434,0.768486,0.761026,0.767087,0.738712,0.768224,0.732465,0.742274,0.761814,0.830963,0.766884,0.789801,0.811229,0.776462,0.787747,0.757435,0.701663,0.802438,0.797446,0.769729,0.820492,0.726914,0.772605,0.787665,0.782197,0.791855,0.760341,0.795676,0.734810,0.818227,0.749720,0.802323,0.755966,0.823100,0.777686,0.845450,0.703731,0.748303,0.799175,0.746160,0.810161,0.778064,0.750968,0.821067,0.765660,0.759302,0.763289,0.773406,0.731833,0.754644,0.723941,0.753026,0.817176,0.714711,0.771300,0.803102,0.730919,0.712480,0.744507,0.713529,0.786420,0.749651,0.785646,0.754596,0.739185,0.737558,0.785777,0.778007,0.756576,0.754812,0.743063,0.738474,0.741692,0.750450,0.745663,0.811877,0.734313,0.700793,0.783906,0.700078,0.766280,0.740703,0.719432,0.734663,0.790885,0.692852,0.814881,0.713751,0.753060,0.759811,0.739541,0.791398,0.785299,0.739511,0.775629,0.726808,0.753527,0.799726,0.822714,0.751285,0.733912,0.771808,0.779497,0.803618,0.797906,0.709397,0.755065,0.740952,0.761847,0.793376,0.722890,0.776121,0.764661,0.746298,0.749832,0.754642,0.738188,0.788214,0.712526,0.807229,0.791066,0.727537,0.742799,0.804997,0.730007,0.757918,0.780600,0.791389,0.721495,0.770312,0.715764,0.741899,0.794139,0.771684,0.772783,0.700217,0.724988,0.799136,0.744080,0.723973,0.776395,0.717396,0.780779,0.735987,0.744670,0.739891,0.737259,0.706650,0.784413,0.766120,0.755182,0.711750,0.786224,0.762089,0.716801,0.739752,0.791553,0.774983,0.760009,0.762955,0.784251,0.752251,0.775477,#
11,0.807998,0.774112,0.738073,0.755570,0.752157,0.763192,0.743189,0.742312,0.761109,0.718776,0.771903,1.000000,0.774378,0.748264,0.768997,0.769191,0.750704,0.816958,0.800700,0.761641,0.755890,0.743701,0.791586,0.790148,0.735574,0.740228,0.772169,0.735174,0.759568,0.724765,0.782274,0.792780,0.786348,0.746528,0.719713,0.788458,0.787701,0.810554,0.733838,0.763961,0.764906,0.717886,0.744325,0.764060,0.736493,0.706878,0.826068,0.813853,0.771695,0.806340,0.766693,0.742031,0.804949,0.716648,0.801500,0.787962,0.737950,0.801626,0.758424,0.777624,0.740210,0.738381,0.812710,0.750020,0.777032,0.769479,0.789467,0.752413,0.799564,0.757398,0.789649,0.746193,0.805813,0.790278,0.795301,0.748433,0.782606,0.798723,0.742292,0.713561,0.775912,0.753466,0.780582,0.772193,0.799234,0.754064,0.681276,0.734486,0.701415,0.712649,0.780570,0.758119,0.756964,0.754906,0.692504,0.766246,0.732031,0.760872,0.742607,0.771351,0.751277,0.780924,0.784464,0.753278,0.769664,0.738684,0.764157,0.785160,0.798994,0.734097,0.772316,0.785293,0.786589,0.695706,0.683783,0.761629,0.745669,0.736283,0.751915,0.753492,0.695215,0.777733,0.729786,0.805004,0.735012,0.787992,0.793041,0.773010,0.769085,0.793450,0.767396,0.752655,0.777747,0.752194,0.793569,0.751817,0.788870,0.747950,0.768069,0.739355,0.756408,0.760589,0.744904,0.774917,0.766872,0.722783,0.793521,0.724704,0.761074,0.778868,0.769916,0.739070,0.757131,0.790073,0.770452,0.713400,0.802683,0.739824,0.731932,0.758974,0.798466,0.773901,0.832357,0.765517,0.802149,0.733304,0.783319,0.704760,0.741895,0.817599,0.794311,0.719792,0.784433,0.807312,0.778714,0.753098,0.766515,0.764355,0.737338,0.789923,0.760750,0.733865,0.780931,0.732391,0.775778,0.726134,0.763974,0.792180,0.718066,0.753457,0.756587,0.775862,0.721928,0.747106,0.745598,0.745525,0.773343,0.777891,0.760773,0.699574,#
12,0.776161,0.774433,0.709252,0.769624,0.695037,0.741063,0.727817,0.732108,0.749703,0.739478,0.748413,0.774378,1.000000,0.740049,0.735789,0.728669,0.702466,0.770120,0.778530,0.731996,0.768978,0.687180,0.769237,0.792004,0.727460,0.758827,0.736516,0.757340,0.715102,0.729309,0.740892,0.762907,0.725493,0.766747,0.769413,0.774192,0.732598,0.776837,0.746091,0.742917,0.667931,0.701907,0.701171,0.724252,0.756228,0.727212,0.805164,0.742894,0.781397,0.771819,0.829855,0.693317,0.739217,0.734878,0.795009,0.784797,0.740202,0.762080,0.753750,0.743009,0.732041,0.713776,0.742335,0.702490,0.773744,0.757014,0.769113,0.736328,0.784015,0.747315,0.745907,0.757409,0.796158,0.758651,0.753864,0.741554,0.751722,0.776505,0.762796,0.765105,0.772850,0.736533,0.767989,0.781977,0.709064,0.772302,0.670708,0.741024,0.705757,0.693379,0.763870,0.732602,0.773850,0.712488,0.681849,0.725563,0.748452,0.708635,0.715854,0.733274,0.705772,0.796168,0.733291,0.753828,0.722255,0.686416,0.709177,0.743286,0.772386,0.750274,0.727252,0.746239,0.749707,0.690949,0.778099,0.769682,0.658405,0.715825,0.750598,0.722564,0.701393,0.789093,0.682291,0.770160,0.726058,0.792142,0.771663,0.716218,0.733536,0.726408,0.686454,0.705301,0.701185,0.721223,0.738004,0.732684,0.722414,0.743195,0.695893,0.666189,0.785227,0.753992,0.714724,0.768011,0.691673,0.706241,0.761685,0.673099,0.757983,0.761311,0.762934,0.707275,0.744728,0.698095,0.719105,0.761528,0.788912,0.778615,0.784211,0.744515,0.758212,0.760382,0.744997,0.760637,0.802545,0.663933,0.711853,0.761546,0.699103,0.751648,0.773116,0.701242,0.752164,0.729794,0.750672,0.690339,0.788526,0.786921,0.701952,0.732258,0.729725,0.771779,0.729458,0.692851,0.678651,0.719438,0.714005,0.730943,0.786429,0.772942,0.704757,0.753539,0.653215,0.720469,0.711626,0.769732,0.731841,0.772792,0.781955,0.692429,#
13,0.735458,0.786902,0.747296,0.710131,0.726966,0.738926,0.750896,0.746179,0.764347,0.753619,0.739704,0.748264,0.740049,1.000000,0.713849,0.726093,0.675731,0.817027,0.767722,0.735510,0.757916,0.728032,0.771949,0.743446,0.743196,0.748569,0.711976,0.774573,0.751313,0.790944,0.715710,0.754620,0.781210,0.783590,0.650720,0.738837,0.747655,0.792638,0.766117,0.785049,0.802216,0.723795,0.739925,0.734389,0.768326,0.727922,0.783824,0.772035,0.806227,0.808959,0.780056,0.789156,0.735790,0.713331,0.812486,0.806597,0.772587,0.796197,0.750068,0.761429,0.761336,0.735963,0.727845,0.736452,0.790975,0.772654,0.798400,0.756373,0.802595,0.726341,0.728768,0.768870,0.773900,0.787031,0.772725,0.745438,0.759835,0.787085,0.805735,0.735351,0.769279,0.750812,0.790783,0.797527,0.756173,0.774195,0.670515,0.718658,0.788720,0.743379,0.717180,0.742771,0.741522,0.759159,0.728529,0.705500,0.740614,0.720195,0.735708,0.791330,0.772926,0.752392,0.755634,0.780683,0.763386,0.789891,0.740062,0.787440,0.733205,0.732208,0.766671,0.759755,0.760761,0.740549,0.718695,0.775218,0.679513,0.771505,0.779373,0.690221,0.748642,0.765913,0.677257,0.731057,0.712721,0.755301,0.767023,0.725514,0.754796,0.729555,0.763034,0.723404,0.734259,0.726902,0.771342,0.747743,0.736446,0.778490,0.813631,0.700656,0.766949,0.792584,0.785588,0.717596,0.707387,0.735236,0.750837,0.719310,0.762650,0.719708,0.800795,0.778587,0.715804,0.753686,0.736441,0.717601,0.793692,0.740278,0.762642,0.735238,0.771151,0.752686,0.743395,0.782002,0.781463,0.724694,0.777401,0.727485,0.768628,0.731405,0.767746,0.746758,0.786800,0.753546,0.801647,0.771848,0.767528,0.796347,0.738034,0.779756,0.738815,0.742505,0.788559,0.719744,0.756724,0.762205,0.721121,0.752100,0.710288,0.749190,0.769907,0.756835,0.750591,0.755079,0.774698,0.686324,0.757877,0.794444,0.757193,0.703637,#
14,0.777119,0.798460,0.772815,0.754468,0.711129,0.772922,0.681109,0.758313,0.751899,0.763941,0.725276,0.768997,0.735789,0.713849,1.000000,0.722415,0.712407,0.734835,0.694115,0.737172,0.754845,0.750361,0.740724,0.805419,0.731055,0.680538,0.782746,0.746186,0.700906,0.755559,0.795322,0.732917,0.733268,0.698148,0.741656,0.764131,0.688215,0.763174,0.763831,0.714537,0.747391,0.720254,0.759029,0.728771,0.719632,0.734150,0.765798,0.741276,0.728071,0.717729,0.736248,0.747636,0.720047,0.785186,0.763285,0.770095,0.717343,0.743516,0.749671,0.722756,0.750163,0.779159,0.749190,0.727168,0.742953,0.730895,0.779783,0.735848,0.785080,0.736046,0.725267,0.705109,0.793258,0.747502,0.759439,0.725264,0.724339,0.773590,0.733693,0.728417,0.771559,0.739913,0.784725,0.778873,0.770437,0.772258,0.679982,0.731654,0.739868,0.669116,0.709703,0.683964,0.763439,0.794531,0.742910,0.719491,0.753415,0.727781,0.732127,0.733665,0.776960,0.756897,0.755704,0.690032,0.731466,0.740222,0.727890,0.732798,0.773771,0.738738,0.750742,0.793475,0.772989,0.695094,0.647318,0.769034,0.674172,0.702154,0.715761,0.701916,0.729182,0.776572,0.681770,0.768272,0.772075,0.675306,0.765646,0.770346,0.693022,0.738402,0.727653,0.788984,0.729798,0.720074,0.754855,0.742088,0.794394,0.746244,0.731335,0.727580,0.746490,0.771522,0.668338,0.772498,0.726930,0.757047,0.796146,0.697905,0.748896,0.714468,0.769481,0.740246,0.696112,0.743049,0.763938,0.710021,0.733752,0.727086,0.704158,0.733596,0.758689,0.730182,0.735943,0.735174,0.755081,0.693418,0.689039,0.709218,0.671264,0.771186,0.744357,0.704621,0.757599,0.753535,0.816885,0.733842,0.726286,0.741789,0.716655,0.742687,0.713237,0.756904,0.746814,0.729427,0.754079,0.745568,0.784722,0.693332,0.751343,0.733132,0.710709,0.737447,0.752616,0.745158,0.677423,0.703795,0.725250,0.734370,0.710398,0.691481,#
15,0.743895,0.777045,0.744913,0.781447,0.772552,0.752899,0.778172,0.734064,0.784693,0.762034,0.742625,0.769191,0.728669,0.726093,0.722415,1.000000,0.710800,0.790368,0.743513,0.738691,0.742577,0.797534,0.756686,0.764417,0.749966,0.721374,0.747933,0.747146,0.740012,0.730166,0.814525,0.787236,0.780425,0.781564,0.708351,0.788440,0.764125,0.801442,0.744283,0.731968,0.718701,0.716497,0.775948,0.756934,0.785730,0.724220,0.798876,0.760518,0.800519,0.788773,0.793748,0.753863,0.725754,0.745166,0.767270,0.755738,0.772652,0.761501,0.766175,0.721140,0.775518,0.776055,0.744686,0.761679,0.772957,0.767340,0.786639,0.780206,0.748769,0.706334,0.765765,0.736125,0.751170,0.744143,0.772301,0.755265,0.772678,0.765486,0.790325,0.751683,0.768809,0.733590,0.751987,0.781282,0.797298,0.757694,0.680634,0.748320,0.739410,0.719996,0.704353,0.746235,0.778142,0.781673,0.687517,0.745137,0.709603,0.740125,0.732229,0.759734,0.774843,0.768965,0.767077,0.763900,0.737073,0.718715,0.720342,0.775698,0.731667,0.769722,0.720661,0.709516,0.779283,0.732234,0.696524,0.735218,0.689296,0.746754,0.732161,0.779651,0.715696,0.770202,0.692188,0.804132,0.728510,0.749269,0.753059,0.707105,0.769176,0.798005,0.773419,0.723617,0.731790,0.674517,0.761866,0.754779,0.785964,0.711222,0.732773,0.746340,0.736160,0.764441,0.712907,0.746255,0.756649,0.779386,0.714612,0.717356,0.755300,0.756947,0.777099,0.777128,0.739545,0.753972,0.743524,0.694817,0.789464,0.724872,0.766050,0.760109,0.738889,0.769172,0.774719,0.749899,0.760180,0.721694,0.754602,0.716797,0.742539,0.760983,0.731157,0.753841,0.694529,0.756436,0.772663,0.800280,0.748781,0.762482,0.727875,0.770311,0.758693,0.780981,0.725313,0.754870,0.775981,0.720704,0.714805,0.684005,0.713580,0.773985,0.742136,0.783895,0.702633,0.696616,0.729600,0.715422,0.768733,0.743313,0.768260,0.764924,#
16,0.761697,0.754941,0.735833,0.743132,0.726635,0.759443,0.744299,0.739799,0.722431,0.734408,0.761914,0.750704,0.702466,0.675731,0.712407,0.710800,1.000000,0.772192,0.775401,0.746857,0.818844,0.735239,0.674919,0.764901,0.742322,0.765767,0.760206,0.702747,0.652606,0.722249,0.764776,0.762866,0.763308,0.707770,0.729178,0.765920,0.784989,0.772368,0.739169,0.757815,0.737246,0.742584,0.709714,0.719366,0.743984,0.743350,0.761446,0.744470,0.770249,0.774334,0.715405,0.736082,0.747939,0.752892,0.768124,0.790533,0.672575,0.780351,0.757825,0.712536,0.783924,0.764398,0.712729,0.700307,0.734797,0.711174,0.819703,0.721689,0.764676,0.749233,0.762082,0.746327,0.786740,0.730047,0.728222,0.726656,0.743905,0.772978,0.725454,0.772019,0.812641,0.774148,0.780784,0.773925,0.759866,0.731927,0.741281,0.693890,0.714644,0.736945,0.681540,0.722398,0.746876,0.729178,0.723306,0.751741,0.731729,0.740755,0.771958,0.745548,0.786321,0.755445,0.725495,0.759456,0.726838,0.772823,0.769881,0.727008,0.787325,0.725869,0.749490,0.769371,0.764739,0.711174,0.730721,0.798904,0.778919,0.756948,0.728195,0.610726,0.677472,0.734876,0.694667,0.776671,0.746948,0.744214,0.707852,0.687163,0.764013,0.711780,0.779770,0.745218,0.731179,0.693129,0.768740,0.787637,0.735837,0.726263,0.707185,0.702694,0.748963,0.750979,0.773623,0.747056,0.688418,0.715284,0.763097,0.731170,0.765662,0.720038,0.730964,0.753408,0.666069,0.721385,0.817506,0.705843,0.774000,0.748859,0.716630,0.734309,0.733581,0.715111,0.775907,0.744205,0.772717,0.761772,0.737127,0.736943,0.730177,0.752864,0.739200,0.741399,0.739796,0.738093,0.761875,0.753441,0.698677,0.799207,0.725669,0.765244,0.732332,0.718076,0.738551,0.721977,0.703223,0.743088,0.765660,0.719505,0.744490,0.758149,0.738738,0.736757,0.741584,0.741836,0.754694,0.733768,0.753471,0.787014,0.743848,0.724597,#
17,0.804196,0.780407,0.786371,0.756919,0.791812,0.783711,0.787091,0.784538,0.809450,0.772057,0.750514,0.816958,0.770120,0.817027,0.734835,0.790368,0.772192,1.000000,0.785885,0.818485,0.793782,0.777365,0.793832,0.796285,0.797595,0.805938,0.804272,0.800283,0.752292,0.818678,0.803575,0.812738,0.769788,0.744943,0.732943,0.823332,0.796319,0.834353,0.770308,0.824163,0.777425,0.771566,0.772899,0.785732,0.765974,0.743999,0.815647,0.836081,0.823581,0.827595,0.804651,0.735784,0.788592,0.763586,0.819823,0.798105,0.786290,0.799839,0.790721,0.760200,0.772810,0.775875,0.782392,0.767241,0.803522,0.808489,0.855211,0.795836,0.781785,0.758725,0.787818,0.767871,0.810742,0.793105,0.795166,0.749585,0.823308,0.850652,0.806708,0.813312,0.808494,0.796096,0.847215,0.831940,0.798781,0.781750,0.748266,0.804639,0.777144,0.753649,0.790368,0.751059,0.790967,0.792308,0.757358,0.805715,0.763530,0.760409,0.783073,0.826444,0.814654,0.779045,0.781231,0.777620,0.766321,0.778979,0.764235,0.774323,0.761634,0.799942,0.799531,0.765237,0.820024,0.754752,0.774026,0.781494,0.726857,0.768741,0.782441,0.736698,0.777934,0.810345,0.760624,0.802822,0.742709,0.783276,0.757851,0.781686,0.798584,0.766948,0.806571,0.805999,0.806699,0.743935,0.806458,0.807640,0.811287,0.796273,0.781072,0.795819,0.800735,0.798397,0.825361,0.779247,0.798699,0.770678,0.790842,0.742437,0.828726,0.771180,0.810593,0.794252,0.756947,0.804253,0.780155,0.800183,0.851608,0.776669,0.786057,0.799725,0.794774,0.775030,0.830434,0.761664,0.809072,0.769396,0.741644,0.715986,0.789307,0.757916,0.813326,0.775831,0.808720,0.770184,0.843463,0.751566,0.778511,0.828664,0.757745,0.821788,0.777364,0.828331,0.778614,0.816126,0.819063,0.772715,0.782362,0.798865,0.731490,0.787439,0.821024,0.803737,0.755653,0.775762,0.790257,0.803588,0.788348,0.809814,0.803840,0.720790,#
18,0.787656,0.783949,0.723543,0.770602,0.733117,0.779476,0.736864,0.761823,0.718025,0.746823,0.782391,0.800700,0.778530,0.767722,0.694115,0.743513,0.775401,0.785885,1.000000,0.751205,0.768303,0.777670,0.762328,0.735459,0.720908,0.795737,0.788638,0.761632,0.715422,0.799484,0.718143,0.805774,0.784209,0.789163,0.763002,0.824596,0.772178,0.787755,0.765260,0.769288,0.769583,0.740583,0.733919,0.728780,0.781165,0.721245,0.793895,0.812779,0.812641,0.768272,0.759120,0.732775,0.784733,0.688801,0.792709,0.769431,0.745400,0.790926,0.760653,0.808207,0.767380,0.735652,0.748691,0.728845,0.804183,0.721144,0.792028,0.743806,0.722993,0.737595,0.774367,0.731629,0.807542,0.744116,0.801015,0.732215,0.773833,0.769453,0.761759,0.748549,0.785019,0.744701,0.778440,0.794053,0.789713,0.787026,0.716095,0.740958,0.772019,0.726135,0.760170,0.711033,0.787553,0.789999,0.740542,0.725763,0.753244,0.771728,0.769224,0.795423,0.768561,0.738179,0.758013,0.779523,0.747980,0.759374,0.756466,0.769245,0.797106,0.787899,0.795897,0.747008,0.782222,0.747449,0.708572,0.770932,0.742842,0.745639,0.776642,0.706776,0.748231,0.818998,0.705749,0.789805,0.759248,0.745482,0.828549,0.710566,0.807765,0.720363,0.768091,0.765616,0.761790,0.720044,0.786889,0.764129,0.797493,0.764606,0.714305,0.749487,0.766630,0.803236,0.752336,0.798878,0.757727,0.744986,0.765725,0.702129,0.800015,0.729298,0.778977,0.760681,0.776503,0.730968,0.776035,0.773738,0.798559,0.799002,0.738812,0.756255,0.800651,0.776667,0.831702,0.765460,0.782255,0.720831,0.837233,0.750628,0.716479,0.759169,0.767068,0.772276,0.779614,0.771209,0.757284,0.745564,0.767274,0.813717,0.750095,0.823997,0.754783,0.781583,0.754050,0.726036,0.749715,0.792195,0.748631,0.759844,0.731320,0.805569,0.760596,0.762198,0.689800,0.799628,0.775386,0.754471,0.743158,0.825783,0.761949,0.744520,#
19,0.749493,0.802228,0.771088,0.732422,0.772200,0.810582,0.723812,0.769330,0.780171,0.710818,0.756746,0.761641,0.731996,0.735510,0.737172,0.738691,0.746857,0.818485,0.751205,1.000000,0.785325,0.736269,0.723362,0.769544,0.742744,0.743793,0.768226,0.729393,0.708344,0.774594,0.805024,0.813040,0.771988,0.712217,0.720304,0.830020,0.726476,0.778865,0.743272,0.749753,0.776829,0.747661,0.740987,0.756896,0.730719,0.763259,0.828385,0.781607,0.790144,0.751950,0.741472,0.727023,0.757586,0.739400,0.788484,0.745465,0.786185,0.773074,0.736922,0.716086,0.751798,0.720010,0.788955,0.752840,0.757709,0.763470,0.809890,0.741952,0.771903,0.733848,0.778779,0.747433,0.806910,0.752404,0.745438,0.722569,0.720458,0.765819,0.744247,0.737777,0.798722,0.727394,0.813886,0.759509,0.755653,0.721619,0.748604,0.752586,0.794584,0.725335,0.728617,0.744923,0.744964,0.781559,0.721168,0.717270,0.761664,0.759582,0.754826,0.779969,0.782469,0.752931,0.751591,0.740260,0.755163,0.704973,0.781992,0.731114,0.745046,0.715011,0.768012,0.724973,0.757622,0.737122,0.741321,0.759356,0.760564,0.753975,0.755671,0.654596,0.780764,0.769110,0.689605,0.834663,0.752415,0.764512,0.753714,0.748542,0.822410,0.815461,0.763738,0.797878,0.773813,0.751983,0.775587,0.783322,0.745366,0.758290,0.752159,0.727239,0.783268,0.779426,0.736258,0.748056,0.749772,0.709600,0.717010,0.672092,0.789708,0.763587,0.761387,0.772222,0.725632,0.765268,0.790289,0.724137,0.819491,0.767220,0.748191,0.756107,0.744719,0.770114,0.774162,0.749244,0.770522,0.716701,0.702428,0.777502,0.722447,0.737918,0.749958,0.778853,0.756848,0.742372,0.805229,0.718718,0.765598,0.797474,0.731539,0.741794,0.723951,0.792536,0.767839,0.785909,0.751562,0.743293,0.732965,0.754576,0.756020,0.788689,0.748044,0.752595,0.703068,0.787324,0.782507,0.755994,0.746723,0.738104,0.728473,0.719477,#
20,0.797587,0.819003,0.742168,0.752085,0.770666,0.785144,0.792570,0.785558,0.791265,0.794708,0.778055,0.755890,0.768978,0.757916,0.754845,0.742577,0.818844,0.793782,0.768303,0.785325,1.000000,0.779100,0.724734,0.805117,0.773477,0.779125,0.786102,0.788918,0.731600,0.780766,0.793814,0.788432,0.767776,0.796241,0.768484,0.793457,0.776510,0.779226,0.775902,0.800345,0.788680,0.817099,0.745633,0.811649,0.792322,0.734306,0.814467,0.780778,0.804614,0.764155,0.792462,0.798088,0.770988,0.761735,0.798586,0.796331,0.745749,0.815527,0.780249,0.761880,0.805571,0.773145,0.805181,0.726085,0.800779,0.796564,0.859291,0.761598,0.796459,0.748288,0.766591,0.793229,0.798382,0.781134,0.745235,0.728509,0.748962,0.787336,0.805584,0.817888,0.795535,0.815424,0.805213,0.831682,0.748312,0.751838,0.760679,0.760763,0.802923,0.818121,0.757065,0.757692,0.770954,0.812091,0.760650,0.763011,0.743052,0.726790,0.774508,0.791571,0.836208,0.799841,0.763486,0.811116,0.783008,0.736075,0.808151,0.796237,0.783021,0.807440,0.768581,0.800845,0.759830,0.699853,0.782562,0.799756,0.767853,0.804913,0.716471,0.689623,0.784651,0.792939,0.725144,0.819104,0.743396,0.783360,0.731168,0.734273,0.765316,0.779961,0.779700,0.777033,0.796589,0.773161,0.806352,0.770752,0.758982,0.808035,0.775910,0.781559,0.785197,0.751940,0.789408,0.794423,0.778238,0.746650,0.793447,0.739040,0.765010,0.802574,0.790291,0.802809,0.744290,0.744518,0.814686,0.744061,0.778921,0.802142,0.783940,0.783877,0.787645,0.779487,0.764870,0.782140,0.839646,0.729637,0.727619,0.764647,0.725936,0.777383,0.788482,0.765726,0.795440,0.770564,0.795398,0.756798,0.758317,0.823128,0.760010,0.808959,0.762946,0.758507,0.765835,0.721963,0.730713,0.800931,0.779787,0.777143,0.757126,0.773716,0.726579,0.781042,0.774781,0.784410,0.794206,0.735474,0.775805,0.810335,0.786887,0.754114,#
21,0.754122,0.844995,0.763482,0.799870,0.756642,0.764347,0.735760,0.733814,0.799568,0.745297,0.742263,0.743701,0.687180,0.728032,0.750361,0.797534,0.735239,0.777365,0.777670,0.736269,0.779100,1.000000,0.772500,0.788435,0.693096,0.748751,0.801018,0.751571,0.748120,0.734968,0.758946,0.737366,0.788551,0.771875,0.757445,0.810671,0.745369,0.777209,0.762758,0.759708,0.756060,0.786772,0.759723,0.764022,0.760530,0.744985,0.760871,0.775340,0.790765,0.776777,0.744744,0.788137,0.772633,0.724176,0.788651,0.773303,0.746043,0.764461,0.802537,0.741450,0.771368,0.775393,0.704659,0.715055,0.797101,0.757400,0.797550,0.761865,0.744177,0.781415,0.754151,0.793507,0.804752,0.792350,0.798093,0.768490,0.785189,0.781419,0.798571,0.780776,0.754465,0.730769,0.815388,0.799978,0.825472,0.756204,0.692645,0.769658,0.775449,0.752909,0.683092,0.714863,0.776989,0.777601,0.757993,0.769353,0.743944,0.708385,0.755326,0.815609,0.770483,0.762508,0.696486,0.781047,0.730406,0.777844,0.734395,0.773839,0.729039,0.794394,0.798888,0.739865,0.778696,0.743728,0.667043,0.724403,0.747912,0.802814,0.729493,0.732256,0.744150,0.735994,0.701001,0.756764,0.719793,0.708695,0.755758,0.744726,0.757794,0.782524,0.776110,0.776499,0.738777,0.756982,0.823074,0.719733,0.751525,0.721805,0.739227,0.765757,0.781304,0.778109,0.704256,0.750909,0.730391,0.735796,0.747177,0.693153,0.749719,0.762660,0.777421,0.807241,0.738319,0.762780,0.730173,0.743701,0.783106,0.760764,0.710838,0.780204,0.766832,0.769446,0.776432,0.769981,0.817057,0.745645,0.772409,0.736842,0.709182,0.759528,0.779141,0.764228,0.757743,0.734241,0.759466,0.732490,0.676283,0.767522,0.757873,0.767468,0.741191,0.808027,0.746591,0.749978,0.754700,0.777869,0.763116,0.694182,0.710471,0.777001,0.765626,0.741612,0.742841,0.729053,0.759448,0.723989,0.761302,0.778527,0.699447,0.765430,#
