0,1.000000,0.468280,0.502433,0.487660,0.453228,0.465302,0.507790,0.496846,0.485017,0.408269,0.511232,0.497285,0.431697,0.469178,0.419908,0.543448,0.577130,0.561565,0.521607,0.561969,0.483730,0.404565,0.460693,0.585308,0.354202,0.448885,0.429989,0.433011,0.464445,0.491887,0.400926,0.602881,0.459095,0.499443,0.554811,0.411187,0.355571,0.467070,0.515163,0.463035,0.480479,0.397585,0.573597,0.372175,0.498889,0.418559,0.443994,0.511084,0.474489,0.461878,0.489317,0.583108,0.493919,0.547186,0.529803,0.483830,0.520349,0.554957,0.436016,0.488760,0.494303,0.465950,0.547588,0.463130,0.561003,0.403102,0.542113,0.391275,0.368185,0.423943,0.401273,0.457148,0.538210,0.591803,0.423309,0.457226,0.575479,0.391797,0.535141,0.460963,0.489479,0.485907,0.516638,0.501730,0.489638,0.525751,0.582979,0.589210,0.486668,0.537628,0.472185,0.378037,0.505562,0.405881,0.443967,0.492482,0.434781,0.465335,0.500041,0.581922,0.491198,0.479789,0.461972,0.532786,0.436199,0.542154,0.430294,0.499334,0.494156,0.343929,0.471643,0.508305,0.476388,0.556900,0.547626,0.543923,0.489390,0.487693,0.482969,0.485024,0.485441,0.567077,0.597121,0.526837,0.599807,0.522442,0.448886,0.468897,0.398208,0.507016,0.467740,0.495355,0.509310,0.440543,0.484912,0.558836,0.443914,0.512000,0.387213,0.545858,0.453765,0.389621,0.369316,0.454022,0.437539,0.288647,0.462965,0.418906,0.503430,0.393129,0.418202,0.584018,0.560706,0.421260,0.490097,0.445323,0.579055,0.528174,0.576250,0.444776,0.545039,0.544875,0.529842,0.442029,0.466009,0.501534,0.485214,0.453938,0.518584,0.412352,0.448270,0.478105,0.512646,0.605045,0.464495,0.539112,0.589854,0.569899,0.477472,0.319791,0.447811,0.542244,0.409049,0.472301,0.477300,0.390159,0.337327,0.474308,0.499635,0.356867,0.389082,0.499252,0.440134,0.544716,0.555270,0.565964,0.409523,0.459741,0.388085,0.479371,#
1,0.468280,1.000000,0.499012,0.466368,0.446661,0.493688,0.393391,0.539489,0.614873,0.488106,0.533922,0.480535,0.459830,0.380777,0.430938,0.481290,0.463957,0.475625,0.458780,0.524895,0.438324,0.533716,0.500978,0.397846,0.446628,0.377384,0.418191,0.537005,0.463992,0.442296,0.525933,0.514013,0.451789,0.566908,0.471068,0.471278,0.396980,0.485403,0.602916,0.464540,0.492435,0.382423,0.502977,0.415547,0.454420,0.437403,0.524001,0.453125,0.539187,0.394325,0.465184,0.585122,0.487598,0.498886,0.553508,0.461489,0.483689,0.395577,0.345533,0.381173,0.473940,0.413884,0.442870,0.423166,0.500592,0.552435,0.570612,0.473118,0.470915,0.521800,0.486419,0.511920,0.590608,0.473841,0.545576,0.520903,0.401331,0.385115,0.527132,0.418307,0.473507,0.495710,0.484325,0.505144,0.538500,0.501841,0.512084,0.584961,0.489987,0.437344,0.475783,0.474445,0.475275,0.504049,0.550601,0.483163,0.396265,0.491599,0.484143,0.496199,0.552033,0.433318,0.414079,0.425086,0.395617,0.549973,0.372373,0.495022,0.508746,0.419755,0.383557,0.442447,0.455251,0.521775,0.454086,0.509271,0.476576,0.459550,0.457194,0.408273,0.462432,0.506271,0.453364,0.503467,0.535148,0.444582,0.418354,0.491460,0.531754,0.512998,0.407067,0.603151,0.463888,0.435104,0.526465,0.462697,0.504693,0.506457,0.450966,0.518320,0.565330,0.455011,0.450006,0.562577,0.497467,0.411217,0.411506,0.451461,0.538130,0.353100,0.552741,0.560132,0.481336,0.374866,0.581104,0.498304,0.487318,0.508411,0.412297,0.433011,0.471649,0.499745,0.493462,0.530021,0.442808,0.361537,0.512991,0.360643,0.449454,0.429063,0.487502,0.464446,0.464718,0.470691,0.488212,0.519627,0.529840,0.566435,0.376393,0.367938,0.465555,0.410698,0.457623,0.534593,0.497717,0.570196,0.418003,0.310060,0.581602,0.521798,0.490595,0.566169,0.431601,0.444534,0.490110,0.372943,0.367514,0.594165,0.364226,0.499234,#
2,0.502433,0.499012,1.000000,0.528742,0.545445,0.527566,0.493862,0.514422,0.585754,0.443921,0.469219,0.455831,0.366279,0.517892,0.413352,0.507911,0.377865,0.516097,0.438606,0.541848,0.481755,0.450932,0.514742,0.542319,0.437270,0.473100,0.585252,0.503086,0.509820,0.496395,0.505727,0.518216,0.511110,0.536903,0.500421,0.444810,0.413670,0.501444,0.595280,0.447744,0.409580,0.418023,0.539544,0.425673,0.437652,0.460468,0.513705,0.431061,0.411605,0.399374,0.483575,0.607683,0.556786,0.521121,0.590930,0.528776,0.549242,0.391912,0.509384,0.481031,0.641533,0.457175,0.425952,0.467198,0.510839,0.475551,0.424678,0.443006,0.392274,0.520763,0.520920,0.483490,0.493541,0.532012,0.548234,0.470864,0.462407,0.373728,0.494174,0.509127,0.492753,0.527432,0.622601,0.365287,0.593784,0.512398,0.477002,0.622769,0.433885,0.453864,0.564651,0.435565,0.590606,0.518606,0.505152,0.486765,0.413517,0.464610,0.573882,0.523251,0.547931,0.482737,0.415278,0.496852,0.417935,0.565888,0.567091,0.555386,0.462583,0.395960,0.476030,0.425821,0.544367,0.499285,0.433019,0.435198,0.480761,0.560847,0.450301,0.462663,0.484607,0.420198,0.437320,0.608402,0.506207,0.406586,0.479557,0.523827,0.492752,0.581662,0.502856,0.568993,0.568142,0.573172,0.539455,0.469624,0.514477,0.500265,0.511860,0.489994,0.423910,0.548994,0.387174,0.416007,0.484571,0.461650,0.386191,0.452863,0.461040,0.461660,0.518313,0.556781,0.566068,0.508461,0.497065,0.430859,0.481351,0.371151,0.549293,0.414703,0.393157,0.450757,0.544724,0.442220,0.428629,0.498256,0.474268,0.358538,0.453201,0.428564,0.506801,0.470348,0.559027,0.476934,0.487609,0.516640,0.489267,0.568636,0.399070,0.328761,0.455478,0.590404,0.361670,0.547059,0.476216,0.506896,0.413297,0.368961,0.484595,0.483715,0.458447,0.530107,0.616270,0.560445,0.483730,0.450691,0.349359,0.488379,0.413945,0.552128,#
3,0.487660,0.466368,0.528742,1.000000,0.595838,0.465779,0.502217,0.545096,0.654810,0.566223,0.546192,0.537930,0.471229,0.547351,0.477010,0.523531,0.466002,0.565910,0.622611,0.577085,0.542399,0.512777,0.531875,0.504744,0.488583,0.560050,0.570600,0.586149,0.534519,0.579065,0.564853,0.636526,0.525411,0.576872,0.549848,0.521033,0.429114,0.568214,0.552076,0.574220,0.501341,0.512474,0.572475,0.573031,0.508860,0.570487,0.501208,0.461403,0.470107,0.375298,0.574899,0.514675,0.558154,0.505133,0.510674,0.602223,0.579466,0.560987,0.508168,0.549591,0.510678,0.406156,0.503791,0.530579,0.682839,0.447425,0.474058,0.411102,0.288463,0.498800,0.492576,0.546049,0.565929,0.537447,0.481403,0.479625,0.493815,0.440068,0.467710,0.509526,0.596178,0.515151,0.597159,0.437140,0.545547,0.547065,0.588263,0.586347,0.478196,0.508419,0.667224,0.522030,0.526043,0.572440,0.554650,0.556777,0.421018,0.481761,0.538303,0.479829,0.511011,0.550627,0.473855,0.427424,0.692988,0.476591,0.475153,0.506194,0.496877,0.434861,0.535424,0.402096,0.482346,0.566485,0.484836,0.625099,0.393888,0.512345,0.515922,0.442266,0.511850,0.634745,0.541477,0.469409,0.520961,0.575705,0.472838,0.625104,0.472068,0.470682,0.518097,0.598406,0.540190,0.502510,0.493230,0.602780,0.483678,0.515931,0.422865,0.569598,0.364967,0.609029,0.571788,0.431436,0.512710,0.585013,0.485682,0.630317,0.532527,0.493678,0.505192,0.512552,0.487115,0.563238,0.579362,0.425958,0.568959,0.442743,0.643971,0.469993,0.504642,0.503259,0.447654,0.473065,0.470703,0.485960,0.582183,0.431541,0.607521,0.465572,0.541499,0.496852,0.525997,0.591470,0.550598,0.545898,0.605137,0.611497,0.430102,0.419205,0.428143,0.593529,0.431236,0.531580,0.536196,0.510654,0.434097,0.434719,0.537467,0.609968,0.573452,0.506079,0.524509,0.560529,0.586946,0.544970,0.469108,0.515153,0.421542,0.457920,#
4,0.453228,0.446661,0.545445,0.595838,1.000000,0.588192,0.510108,0.607496,0.560710,0.500803,0.396784,0.620249,0.516845,0.548147,0.450867,0.514691,0.605271,0.598166,0.525635,0.649246,0.636582,0.458903,0.518617,0.563754,0.476055,0.566604,0.548525,0.464534,0.585866,0.515167,0.573871,0.637128,0.597796,0.540532,0.494883,0.473031,0.551618,0.524456,0.584628,0.536679,0.531558,0.398695,0.518744,0.545522,0.510099,0.590742,0.541912,0.566663,0.523448,0.385885,0.539332,0.550519,0.588609,0.548936,0.607695,0.568337,0.488470,0.544082,0.529090,0.536793,0.493881,0.506269,0.513611,0.480247,0.598681,0.560088,0.458623,0.477483,0.400372,0.524183,0.499787,0.547392,0.567197,0.567786,0.567984,0.407296,0.479169,0.515235,0.511211,0.603735,0.477472,0.521015,0.560966,0.458404,0.527620,0.534507,0.515604,0.508343,0.496216,0.457869,0.563341,0.481779,0.528194,0.514216,0.518216,0.530029,0.458316,0.423654,0.470221,0.547698,0.604704,0.585927,0.549505,0.491209,0.483036,0.576271,0.524036,0.558172,0.584977,0.536285,0.490979,0.497553,0.461423,0.635518,0.492323,0.503421,0.571032,0.562668,0.448612,0.433977,0.461118,0.490497,0.584339,0.515732,0.555282,0.528543,0.482632,0.574640,0.608966,0.574363,0.558102,0.501106,0.559779,0.599022,0.639733,0.586934,0.482445,0.490372,0.515348,0.446740,0.413632,0.524238,0.583851,0.452796,0.551118,0.458577,0.528798,0.519816,0.479204,0.562348,0.510686,0.616818,0.512140,0.529407,0.644125,0.545903,0.623331,0.434553,0.546438,0.469057,0.517994,0.464556,0.609728,0.386453,0.388659,0.479132,0.446327,0.422702,0.597759,0.491144,0.484565,0.561487,0.634996,0.509604,0.590820,0.552640,0.659936,0.615749,0.436730,0.428570,0.487684,0.519818,0.508589,0.471690,0.577991,0.594350,0.400799,0.556470,0.529814,0.563312,0.377333,0.485270,0.455158,0.594495,0.475793,0.541237,0.470096,0.504448,0.577271,0.527198,#
5,0.465302,0.493688,0.527566,0.465779,0.588192,1.000000,0.373961,0.554723,0.559530,0.406240,0.487747,0.458767,0.375019,0.405976,0.446097,0.587250,0.518852,0.540897,0.334308,0.648699,0.488223,0.411408,0.497996,0.511973,0.468223,0.474910,0.605309,0.500144,0.530930,0.466919,0.602217,0.619129,0.537805,0.526281,0.439153,0.496594,0.439947,0.441357,0.544909,0.397335,0.564898,0.400816,0.420131,0.532417,0.536564,0.596368,0.584318,0.521945,0.561872,0.272128,0.526978,0.554192,0.508589,0.582113,0.399903,0.647236,0.557094,0.452596,0.622010,0.498638,0.511548,0.546648,0.520473,0.544209,0.573635,0.500836,0.415520,0.473906,0.417770,0.399141,0.484643,0.469101,0.559188,0.495029,0.495082,0.561409,0.537295,0.503028,0.475720,0.538338,0.579610,0.488129,0.546940,0.492433,0.407715,0.560629,0.564702,0.610732,0.523903,0.381638,0.433173,0.499928,0.598137,0.609586,0.520463,0.453317,0.440551,0.517818,0.611763,0.540562,0.528201,0.544272,0.531974,0.520266,0.459753,0.595638,0.472246,0.522970,0.461889,0.477702,0.389385,0.548435,0.443446,0.494764,0.451483,0.449255,0.551382,0.492898,0.411390,0.470515,0.458053,0.511232,0.480046,0.555480,0.444512,0.464759,0.537938,0.514339,0.456230,0.554158,0.569974,0.597556,0.596972,0.574247,0.538096,0.528085,0.552185,0.506889,0.483639,0.459846,0.464314,0.434062,0.494010,0.520831,0.584857,0.417510,0.389902,0.464735,0.554406,0.433954,0.516295,0.530403,0.445392,0.471405,0.545008,0.409793,0.633339,0.454765,0.536437,0.423111,0.510629,0.448796,0.531956,0.410757,0.511041,0.445283,0.345970,0.531498,0.539338,0.471809,0.571723,0.548789,0.479519,0.513435,0.563824,0.446071,0.514629,0.583682,0.466989,0.444876,0.559680,0.490101,0.509026,0.480549,0.578271,0.560669,0.469763,0.456788,0.427119,0.523167,0.380729,0.531167,0.405786,0.466005,0.351900,0.491203,0.391808,0.488543,0.441403,0.464293,#
6,0.507790,0.393391,0.493862,0.502217,0.510108,0.373961,1.000000,0.446293,0.527618,0.353202,0.381087,0.420746,0.485503,0.527996,0.336115,0.453516,0.488847,0.569984,0.456492,0.485032,0.580595,0.406664,0.361063,0.455836,0.421404,0.436365,0.466458,0.426661,0.479264,0.563335,0.444091,0.545308,0.448428,0.482970,0.536559,0.500549,0.345428,0.370866,0.457376,0.520506,0.434747,0.468741,0.518008,0.381791,0.550781,0.393433,0.489863,0.328689,0.571817,0.408494,0.507747,0.605984,0.518761,0.421239,0.570225,0.510376,0.501366,0.537786,0.485705,0.384173,0.455957,0.392709,0.384879,0.442757,0.620885,0.459844,0.576986,0.367247,0.413456,0.442703,0.405307,0.462152,0.458107,0.580696,0.480966,0.399671,0.432523,0.340979,0.436573,0.421353,0.443374,0.511064,0.487347,0.395123,0.389798,0.523503,0.460982,0.461554,0.494949,0.423434,0.433147,0.411179,0.403136,0.407582,0.472795,0.429146,0.509787,0.464607,0.433238,0.529196,0.494566,0.424940,0.522523,0.437794,0.414903,0.370711,0.501268,0.403808,0.365002,0.390422,0.366975,0.403687,0.339203,0.492293,0.487955,0.329571,0.583212,0.469325,0.466149,0.400955,0.510196,0.470914,0.474024,0.559131,0.588817,0.578399,0.419075,0.523208,0.341998,0.461562,0.450237,0.494436,0.551696,0.426144,0.482449,0.476478,0.497179,0.413030,0.555182,0.480323,0.507926,0.476742,0.443924,0.364010,0.416105,0.485686,0.361467,0.435264,0.424703,0.376820,0.513537,0.535139,0.397285,0.423420,0.485164,0.436056,0.456711,0.467504,0.556467,0.429014,0.457748,0.476864,0.470132,0.420327,0.409058,0.486329,0.530867,0.348614,0.529192,0.369287,0.513021,0.462205,0.380419,0.377070,0.464476,0.495542,0.516992,0.489228,0.448017,0.337071,0.444467,0.403186,0.492288,0.523534,0.447143,0.443293,0.318370,0.495666,0.343704,0.445460,0.326841,0.498728,0.437879,0.555979,0.497650,0.394473,0.407726,0.520214,0.466233,0.446910,#
7,0.496846,0.539489,0.514422,0.545096,0.607496,0.554723,0.446293,1.000000,0.681009,0.491194,0.489025,0.535543,0.456562,0.525832,0.551321,0.491167,0.567863,0.540038,0.549756,0.546355,0.527505,0.504179,0.637999,0.535964,0.564412,0.516077,0.545286,0.525458,0.527324,0.493449,0.434889,0.635921,0.490719,0.578103,0.470155,0.440293,0.513930,0.461389,0.590762,0.474418,0.504864,0.431665,0.501227,0.560216,0.534944,0.554629,0.568181,0.573212,0.460748,0.377967,0.591513,0.546819,0.543940,0.580829,0.506483,0.527894,0.486851,0.556788,0.472688,0.493340,0.462115,0.502390,0.515111,0.425382,0.579278,0.539955,0.490862,0.530122,0.499146,0.592776,0.489321,0.366098,0.630689,0.548890,0.591710,0.455055,0.522801,0.424764,0.573758,0.499055,0.519358,0.541001,0.565143,0.486778,0.547433,0.517548,0.619626,0.566680,0.483562,0.520555,0.503544,0.505354,0.536013,0.560596,0.609463,0.442185,0.461873,0.559352,0.540867,0.547036,0.597590,0.511864,0.504543,0.503362,0.510434,0.582304,0.471730,0.496467,0.483836,0.415195,0.549946,0.445114,0.558447,0.549550,0.573206,0.500087,0.532141,0.409925,0.435957,0.592553,0.535943,0.561257,0.508296,0.617227,0.610150,0.483319,0.533480,0.621498,0.471403,0.424530,0.527196,0.496031,0.598720,0.460044,0.599224,0.621635,0.534057,0.516919,0.492956,0.535308,0.500797,0.530513,0.552536,0.401391,0.518987,0.515731,0.491939,0.449608,0.566182,0.505476,0.483369,0.568913,0.532309,0.571043,0.561358,0.583905,0.517806,0.519643,0.532664,0.494397,0.565763,0.423623,0.627223,0.406714,0.444168,0.523122,0.511499,0.382221,0.499431,0.427857,0.581934,0.582688,0.534897,0.586590,0.553142,0.559571,0.535250,0.547065,0.462053,0.457133,0.566185,0.476518,0.448661,0.506049,0.513406,0.604371,0.383860,0.415778,0.514204,0.566768,0.485699,0.558550,0.446025,0.429634,0.511374,0.497310,0.434275,0.565560,0.485256,0.500735,#
8,0.485017,0.614873,0.585754,0.654810,0.560710,0.559530,0.527618,0.681009,1.000000,0.556602,0.478082,0.557505,0.519187,0.578363,0.554337,0.592785,0.514946,0.601856,0.526731,0.620676,0.520264,0.641532,0.588637,0.508425,0.382703,0.591557,0.572661,0.628427,0.559933,0.579332,0.526559,0.596602,0.553155,0.581568,0.485322,0.530596,0.498210,0.534918,0.573307,0.537164,0.505766,0.557329,0.593702,0.513520,0.543802,0.499052,0.520356,0.532706,0.548922,0.497691,0.601979,0.630592,0.516237,0.612798,0.562462,0.651213,0.529028,0.593332,0.499740,0.518202,0.588078,0.501356,0.605178,0.498065,0.601726,0.591989,0.557472,0.532308,0.537086,0.634552,0.541135,0.521692,0.639214,0.663044,0.558945,0.521086,0.516005,0.503828,0.540418,0.593701,0.562272,0.565956,0.590622,0.496788,0.546572,0.581472,0.527739,0.572472,0.439129,0.523738,0.570988,0.509274,0.597647,0.576919,0.630097,0.538948,0.512402,0.556957,0.586274,0.520024,0.594710,0.558112,0.565390,0.575772,0.546165,0.584141,0.547375,0.577675,0.500180,0.506121,0.523025,0.534862,0.583038,0.565656,0.617226,0.571571,0.565152,0.489757,0.521100,0.586699,0.541154,0.541802,0.585236,0.588236,0.579024,0.613050,0.546892,0.617558,0.536362,0.536730,0.545857,0.517295,0.633463,0.617087,0.691392,0.561733,0.530453,0.513498,0.457938,0.567854,0.486019,0.621242,0.630960,0.519826,0.539363,0.519265,0.554435,0.498839,0.571591,0.505599,0.567468,0.587164,0.550380,0.669593,0.598092,0.570816,0.578244,0.571734,0.593413,0.618229,0.526834,0.510616,0.626814,0.560243,0.538085,0.477159,0.525606,0.451591,0.602630,0.578419,0.590344,0.576661,0.557812,0.562688,0.639312,0.565683,0.529370,0.650908,0.514112,0.380299,0.559634,0.581355,0.395587,0.673193,0.610640,0.607571,0.497994,0.457293,0.519061,0.548464,0.552950,0.537679,0.594610,0.549924,0.527830,0.565963,0.507357,0.537850,0.551439,0.552048,#
9,0.408269,0.488106,0.443921,0.566223,0.500803,0.406240,0.353202,0.491194,0.556602,1.000000,0.446433,0.368715,0.445685,0.465778,0.522820,0.456558,0.440618,0.475565,0.544223,0.564692,0.587731,0.455147,0.566532,0.544052,0.397348,0.426137,0.483935,0.590307,0.415290,0.547600,0.424236,0.514734,0.500070,0.529168,0.526443,0.444478,0.360071,0.384640,0.527093,0.485549,0.531535,0.449245,0.477785,0.427505,0.500719,0.445050,0.444148,0.427729,0.385497,0.296151,0.391576,0.471193,0.383971,0.462699,0.452217,0.510711,0.445832,0.502060,0.458037,0.453370,0.456769,0.407313,0.469117,0.476694,0.545489,0.578169,0.523350,0.455853,0.436902,0.397235,0.503947,0.433819,0.453064,0.464123,0.541375,0.463041,0.321496,0.484606,0.476603,0.539340,0.444510,0.471989,0.461725,0.443954,0.512043,0.404069,0.436934,0.569549,0.406620,0.323940,0.455425,0.453876,0.541547,0.478920,0.517080,0.440757,0.414828,0.526525,0.504183,0.407462,0.494582,0.444490,0.471754,0.437809,0.554739,0.508625,0.457941,0.406234,0.471946,0.433191,0.492722,0.494220,0.587352,0.531270,0.408134,0.531995,0.361566,0.403777,0.358695,0.340744,0.463205,0.498379,0.531896,0.528572,0.465436,0.408288,0.470614,0.444330,0.517242,0.450210,0.413177,0.517719,0.534732,0.601067,0.524767,0.440400,0.404697,0.462463,0.360820,0.507087,0.333669,0.592348,0.510441,0.469069,0.429945,0.419605,0.435374,0.470137,0.397151,0.357781,0.407616,0.436915,0.450275,0.470961,0.504676,0.462117,0.492015,0.460075,0.489513,0.472847,0.468559,0.412515,0.495026,0.497311,0.462412,0.409427,0.390289,0.413462,0.554628,0.378831,0.533502,0.564897,0.450424,0.504492,0.526615,0.600415,0.435656,0.536048,0.434954,0.440694,0.456432,0.377631,0.423137,0.470905,0.464578,0.617514,0.305510,0.346944,0.599153,0.431461,0.452967,0.485949,0.447215,0.434910,0.427104,0.391695,0.367846,0.458328,0.382886,0.376746,#
10,0.511232,0.533922,0.469219,0.546192,0.396784,0.487747,0.381087,0.489025,0.478082,0.446433,1.000000,0.458401,0.298797,0.424821,0.378672,0.496836,0.434440,0.426944,0.477815,0.526212,0.469906,0.338705,0.467592,0.496404,0.386229,0.386699,0.440873,0.581559,0.400321,0.501826,0.429647,0.511264,0.444037,0.527666,0.489968,0.476148,0.368679,0.449320,0.509665,0.382716,0.480659,0.376930,0.398377,0.395396,0.448948,0.532558,0.517386,0.496271,0.530224,0.473925,0.336197,0.478219,0.524787,0.434786,0.461029,0.439591,0.470602,0.432530,0.398000,0.406292,0.442733,0.439841,0.543492,0.492106,0.532385,0.371985,0.430586,0.310784,0.347376,0.461903,0.368492,0.506721,0.514747,0.407736,0.423281,0.476244,0.414009,0.452320,0.464868,0.401932,0.552893,0.504108,0.534809,0.430267,0.458999,0.399467,0.526840,0.592596,0.448970,0.496629,0.466823,0.489141,0.533859,0.543162,0.484307,0.490285,0.280415,0.431327,0.614156,0.584589,0.490405,0.427799,0.426317,0.498038,0.621860,0.409889,0.380847,0.488102,0.430871,0.402912,0.386427,0.395694,0.445570,0.443799,0.445321,0.534796,0.389109,0.394983,0.488616,0.444037,0.486605,0.602489,0.354781,0.470348,0.327370,0.447131,0.561621,0.523859,0.486989,0.404305,0.340790,0.451099,0.465099,0.454937,0.519418,0.477855,0.392667,0.474031,0.361651,0.474212,0.534002,0.413349,0.363583,0.447424,0.360533,0.335876,0.320059,0.391557,0.455958,0.348170,0.471307,0.516576,0.518132,0.408649,0.471550,0.408055,0.593905,0.457522,0.483496,0.419364,0.572411,0.410626,0.495683,0.421919,0.429320,0.390714,0.535692,0.404699,0.515384,0.451963,0.498603,0.426339,0.383326,0.468820,0.459917,0.456331,0.525960,0.582200,0.350793,0.440942,0.419979,0.336194,0.484362,0.423464,0.446339,0.430019,0.270964,0.370910,0.407544,0.537506,0.437051,0.455088,0.453838,0.459589,0.496796,0.443839,0.314016,0.557252,0.414471,0.499160,#
11,0.497285,0.480535,0.455831,0.537930,0.620249,0.458767,0.420746,0.535543,0.557505,0.368715,0.458401,1.000000,0.527382,0.466996,0.416999,0.431266,0.492558,0.595660,0.533795,0.499507,0.488640,0.448535,0.472005,0.414247,0.401007,0.510084,0.400812,0.490152,0.527962,0.443885,0.469303,0.555015,0.523144,0.534935,0.425819,0.430452,0.533122,0.493309,0.438128,0.557634,0.426503,0.465272,0.524499,0.446106,0.427875,0.511738,0.644296,0.463192,0.452891,0.404435,0.482596,0.513369,0.513519,0.567550,0.547784,0.522807,0.391266,0.504606,0.424321,0.424260,0.389107,0.416664,0.553068,0.405046,0.564832,0.468474,0.474733,0.459540,0.474642,0.572723,0.514513,0.519682,0.527717,0.531651,0.513681,0.341654,0.525614,0.453702,0.450870,0.354651,0.542877,0.490731,0.525643,0.406319,0.533831,0.468425,0.442692,0.496002,0.473734,0.395506,0.518046,0.517214,0.501620,0.439000,0.539926,0.578461,0.424695,0.440571,0.487903,0.470618,0.445587,0.511154,0.459580,0.469966,0.536231,0.597795,0.440523,0.546400,0.537412,0.490084,0.570139,0.518453,0.549204,0.535922,0.379379,0.531835,0.442338,0.525806,0.404079,0.531182,0.418629,0.517608,0.504916,0.481184,0.542111,0.452269,0.481757,0.465068,0.515542,0.510035,0.516932,0.495926,0.560568,0.548381,0.526152,0.509446,0.475808,0.459327,0.450112,0.513978,0.503069,0.422669,0.474386,0.481452,0.548620,0.343871,0.509721,0.456048,0.412785,0.491760,0.444195,0.499118,0.452579,0.524683,0.583797,0.449940,0.541807,0.454919,0.555191,0.414029,0.411696,0.466627,0.514986,0.384083,0.505447,0.319427,0.496526,0.366152,0.569437,0.486491,0.490093,0.464626,0.480527,0.556578,0.460043,0.512057,0.497434,0.524973,0.364177,0.429736,0.490492,0.434241,0.517461,0.432456,0.571333,0.408479,0.327845,0.496993,0.514424,0.539931,0.492407,0.507308,0.534574,0.509554,0.484663,0.498203,0.439634,0.522642,0.406962,0.479155,#
12,0.431697,0.459830,0.366279,0.471229,0.516845,0.375019,0.485503,0.456562,0.519187,0.445685,0.298797,0.527382,1.000000,0.492290,0.499193,0.410882,0.549691,0.570977,0.521387,0.549759,0.478004,0.429216,0.511178,0.486107,0.411051,0.410049,0.423939,0.468836,0.573071,0.404624,0.433843,0.483660,0.534121,0.472316,0.460805,0.468254,0.398944,0.410073,0.454389,0.499733,0.313652,0.303405,0.446497,0.584777,0.408804,0.486260,0.554812,0.370006,0.448908,0.352405,0.554281,0.460261,0.435089,0.519615,0.520330,0.472722,0.362604,0.480332,0.396537,0.319431,0.349837,0.449744,0.363923,0.406287,0.569722,0.501544,0.418775,0.357309,0.438453,0.474009,0.461129,0.430609,0.503507,0.491250,0.568139,0.480990,0.485912,0.372331,0.460858,0.465866,0.482936,0.453002,0.534666,0.440414,0.388370,0.495344,0.436477,0.494427,0.508084,0.395075,0.434745,0.388908,0.514241,0.341641,0.430280,0.531745,0.611548,0.560581,0.423766,0.408979,0.355131,0.474527,0.489476,0.538747,0.423492,0.467628,0.355861,0.354133,0.451983,0.389138,0.488059,0.391781,0.462715,0.507595,0.584247,0.419499,0.453599,0.347925,0.459014,0.348287,0.454227,0.507689,0.476794,0.558157,0.492637,0.462043,0.388179,0.352976,0.383576,0.453941,0.420167,0.448805,0.436901,0.447558,0.464597,0.453250,0.443890,0.510612,0.479239,0.371162,0.485688,0.596509,0.477854,0.446311,0.451267,0.445029,0.489523,0.440481,0.455599,0.552613,0.388002,0.562372,0.432704,0.392134,0.474527,0.566728,0.570829,0.435860,0.497350,0.438516,0.480284,0.516763,0.520951,0.415463,0.529235,0.321184,0.437923,0.489083,0.375407,0.315624,0.508858,0.493525,0.451200,0.491375,0.448505,0.439064,0.531199,0.574825,0.438604,0.245659,0.436430,0.468618,0.447797,0.444718,0.340282,0.488791,0.385378,0.516921,0.464632,0.420774,0.414912,0.402810,0.407242,0.506190,0.377941,0.482686,0.405813,0.461129,0.445828,0.296132,#
13,0.469178,0.380777,0.517892,0.547351,0.548147,0.405976,0.527996,0.525832,0.578363,0.465778,0.424821,0.466996,0.492290,1.000000,0.399511,0.469717,0.464919,0.568680,0.541870,0.533478,0.532045,0.456118,0.600744,0.469816,0.397980,0.478787,0.418422,0.597374,0.561072,0.572567,0.360068,0.541406,0.584101,0.570709,0.407040,0.409252,0.460921,0.501269,0.502888,0.497574,0.576061,0.457507,0.534545,0.495384,0.599464,0.494919,0.496940,0.487730,0.567149,0.384141,0.526254,0.647070,0.440550,0.553498,0.555022,0.588741,0.480056,0.522152,0.470148,0.465746,0.513072,0.459743,0.484578,0.515849,0.561563,0.498880,0.503962,0.389296,0.474818,0.453094,0.419375,0.467411,0.421247,0.636330,0.583301,0.470242,0.446183,0.421287,0.492655,0.535273,0.531916,0.489844,0.621202,0.426977,0.445173,0.494519,0.423575,0.435624,0.553502,0.470298,0.487633,0.489155,0.547913,0.521005,0.538272,0.427543,0.485393,0.478089,0.468116,0.594228,0.493224,0.487420,0.472624,0.628884,0.524691,0.612933,0.399873,0.523961,0.464623,0.412509,0.518913,0.509460,0.505494,0.559674,0.556642,0.545564,0.442405,0.575991,0.496653,0.533160,0.489276,0.540831,0.407947,0.469507,0.509456,0.374165,0.497444,0.410339,0.477652,0.465459,0.472627,0.504206,0.508789,0.504544,0.586179,0.506052,0.447824,0.511537,0.566103,0.435129,0.348122,0.591462,0.593570,0.455162,0.427794,0.476731,0.512905,0.511082,0.529284,0.498282,0.435933,0.561271,0.406276,0.556539,0.506837,0.535032,0.517225,0.456446,0.587964,0.456239,0.578036,0.500745,0.494383,0.488102,0.449978,0.463096,0.497689,0.443338,0.595560,0.406648,0.516364,0.588491,0.564801,0.463601,0.574007,0.520841,0.537213,0.656532,0.507191,0.370588,0.449559,0.491894,0.517281,0.504643,0.518634,0.514978,0.387515,0.488593,0.400753,0.464788,0.501529,0.505522,0.499478,0.563072,0.538604,0.398086,0.444558,0.473402,0.503896,0.445387,#
14,0.419908,0.430938,0.413352,0.477010,0.450867,0.446097,0.336115,0.551321,0.554337,0.522820,0.378672,0.416999,0.499193,0.399511,1.000000,0.508947,0.454787,0.392332,0.461884,0.486880,0.502001,0.430118,0.442664,0.519080,0.399760,0.295967,0.448791,0.490103,0.494906,0.490893,0.433203,0.539362,0.461459,0.500365,0.485040,0.400054,0.356657,0.452255,0.517588,0.359572,0.342889,0.337459,0.482314,0.467262,0.453828,0.451707,0.428442,0.365641,0.298819,0.314699,0.434531,0.434371,0.351933,0.589763,0.415332,0.461192,0.439053,0.425973,0.459993,0.376865,0.422500,0.478784,0.462551,0.427795,0.437354,0.370705,0.380359,0.375056,0.365119,0.520303,0.412595,0.394921,0.463640,0.434511,0.538489,0.411312,0.515152,0.413107,0.385770,0.330897,0.496527,0.518724,0.516951,0.472303,0.426063,0.435929,0.429564,0.528832,0.470243,0.325571,0.368540,0.293637,0.509160,0.530231,0.466243,0.460479,0.612443,0.471345,0.501757,0.350078,0.442026,0.454734,0.506416,0.344527,0.503418,0.444743,0.356205,0.338079,0.367407,0.346576,0.485982,0.435989,0.484994,0.463408,0.443390,0.479240,0.404667,0.383013,0.367693,0.411363,0.483107,0.510704,0.440697,0.481476,0.515130,0.290027,0.410783,0.568354,0.376351,0.484781,0.354672,0.430595,0.453340,0.488549,0.482712,0.467221,0.376713,0.449566,0.400592,0.431444,0.354667,0.475821,0.398942,0.451083,0.373028,0.515358,0.501293,0.447104,0.484401,0.336136,0.428430,0.427767,0.371528,0.410321,0.513856,0.456533,0.485746,0.432419,0.395173,0.427163,0.443261,0.372288,0.492345,0.386195,0.374121,0.335241,0.385216,0.354094,0.376724,0.475450,0.436856,0.433285,0.504199,0.535353,0.419703,0.512599,0.477405,0.538748,0.373510,0.271963,0.467190,0.544898,0.412800,0.437304,0.414027,0.415982,0.395796,0.295097,0.393473,0.428584,0.277071,0.381793,0.509410,0.504059,0.425474,0.429724,0.375455,0.370342,0.364599,0.297922,#
15,0.543448,0.481290,0.507911,0.523531,0.514691,0.587250,0.453516,0.491167,0.592785,0.456558,0.496836,0.431266,0.410882,0.469717,0.508947,1.000000,0.469558,0.573954,0.497506,0.559915,0.487595,0.459014,0.498481,0.511656,0.426242,0.479136,0.477536,0.475581,0.515132,0.575912,0.475111,0.603520,0.488935,0.548531,0.464065,0.565706,0.499602,0.453516,0.601301,0.445866,0.452262,0.437582,0.504720,0.415603,0.574110,0.462425,0.526968,0.575920,0.508767,0.426475,0.452658,0.642441,0.477777,0.489613,0.521197,0.468843,0.553040,0.448147,0.453369,0.448537,0.574040,0.428219,0.488549,0.552409,0.516219,0.573889,0.463658,0.391218,0.384561,0.366830,0.491804,0.403719,0.426549,0.486281,0.515868,0.427563,0.494220,0.438935,0.499128,0.470148,0.594199,0.522081,0.456691,0.470487,0.564272,0.531849,0.453610,0.607859,0.434969,0.407567,0.494184,0.398754,0.504659,0.476397,0.435682,0.476461,0.433151,0.467338,0.447428,0.481294,0.589317,0.436910,0.571711,0.505598,0.460630,0.510804,0.521301,0.491585,0.410761,0.490432,0.382304,0.457500,0.511239,0.504377,0.414695,0.499392,0.492777,0.480958,0.459409,0.440451,0.488979,0.474469,0.487180,0.488962,0.438596,0.506671,0.560685,0.528616,0.476775,0.616605,0.371244,0.436164,0.499230,0.473209,0.494566,0.468534,0.408157,0.377923,0.483393,0.508269,0.417662,0.443662,0.483276,0.415690,0.450547,0.432744,0.441803,0.433637,0.487078,0.394287,0.506820,0.434645,0.589259,0.492595,0.498498,0.468843,0.613001,0.484190,0.469608,0.505570,0.433558,0.513407,0.588651,0.307893,0.497944,0.481770,0.506608,0.537900,0.597256,0.392470,0.425858,0.610360,0.372327,0.549489,0.482928,0.579098,0.548320,0.587746,0.466296,0.371013,0.445541,0.477973,0.429591,0.553403,0.488825,0.515658,0.307019,0.427523,0.385250,0.489173,0.392550,0.491691,0.503436,0.513253,0.463710,0.483899,0.476800,0.516333,0.490514,0.456817,#
16,0.577130,0.463957,0.377865,0.466002,0.605271,0.518852,0.488847,0.567863,0.514946,0.440618,0.434440,0.492558,0.549691,0.464919,0.454787,0.469558,1.000000,0.573953,0.467330,0.615259,0.620006,0.488080,0.388509,0.492918,0.444171,0.521840,0.532273,0.390941,0.482459,0.504731,0.481106,0.650932,0.572685,0.528134,0.502007,0.482639,0.461786,0.433951,0.530914,0.508037,0.420091,0.446131,0.515712,0.454583,0.485457,0.531600,0.443962,0.454493,0.489507,0.432869,0.459532,0.452108,0.516977,0.669398,0.572319,0.536452,0.367441,0.525493,0.484784,0.390658,0.392915,0.546390,0.452763,0.459875,0.514000,0.455884,0.458724,0.473602,0.524900,0.603105,0.425358,0.427134,0.585484,0.567017,0.535297,0.420774,0.496542,0.464024,0.510367,0.536464,0.527494,0.489794,0.541370,0.537359,0.500060,0.466541,0.545572,0.567410,0.508332,0.469921,0.496912,0.407859,0.544240,0.488660,0.535170,0.607633,0.476809,0.481178,0.550254,0.508290,0.456575,0.460960,0.540100,0.529799,0.451542,0.624513,0.508985,0.432497,0.521148,0.438905,0.543195,0.538064,0.547195,0.537794,0.538045,0.549348,0.636018,0.484078,0.493948,0.392509,0.502922,0.607229,0.530102,0.562868,0.565926,0.545369,0.503656,0.465126,0.475889,0.466700,0.541818,0.493267,0.571533,0.420592,0.574252,0.559470,0.435929,0.464071,0.427835,0.552647,0.477641,0.493307,0.496006,0.504406,0.449211,0.389312,0.463347,0.445248,0.539203,0.537499,0.415705,0.614744,0.469569,0.448579,0.624261,0.557388,0.587520,0.477369,0.504080,0.512892,0.465694,0.483920,0.603188,0.418388,0.458750,0.492552,0.472106,0.536265,0.547989,0.386305,0.544481,0.570558,0.470868,0.465292,0.485050,0.495532,0.477038,0.596806,0.475402,0.307033,0.442358,0.461713,0.519971,0.426888,0.548761,0.583584,0.390838,0.557317,0.492254,0.472130,0.523335,0.460763,0.479451,0.510061,0.457111,0.472255,0.415017,0.441298,0.463679,0.463916,#
17,0.561565,0.475625,0.516097,0.565910,0.598166,0.540897,0.569984,0.540038,0.601856,0.475565,0.426944,0.595660,0.570977,0.568680,0.392332,0.573954,0.573953,1.000000,0.461774,0.586541,0.546819,0.493539,0.506936,0.610876,0.537161,0.556682,0.558802,0.515288,0.508330,0.576099,0.543478,0.620822,0.485409,0.519132,0.493363,0.580416,0.452348,0.554315,0.588049,0.537713,0.544238,0.511427,0.568035,0.510297,0.476163,0.537090,0.554046,0.612043,0.580190,0.466113,0.557887,0.577055,0.537458,0.537472,0.534095,0.603706,0.483264,0.478046,0.502016,0.377486,0.494685,0.478892,0.441700,0.525976,0.561451,0.654763,0.585368,0.514652,0.477311,0.501820,0.511637,0.541620,0.493007,0.521883,0.507358,0.506973,0.552318,0.463741,0.491689,0.566870,0.566145,0.565135,0.578360,0.488756,0.489597,0.497251,0.615931,0.539850,0.514170,0.509576,0.573747,0.420736,0.569922,0.513570,0.487909,0.604083,0.535404,0.448911,0.426245,0.576356,0.573579,0.414030,0.511912,0.566350,0.492014,0.511850,0.557806,0.532749,0.502672,0.468886,0.502916,0.505466,0.450545,0.614175,0.557920,0.462027,0.470910,0.550461,0.473625,0.458810,0.528684,0.558790,0.520811,0.583579,0.594633,0.606304,0.566709,0.500254,0.451223,0.561128,0.616481,0.611132,0.628136,0.502126,0.478461,0.607374,0.531114,0.505799,0.599343,0.584857,0.520322,0.569362,0.656936,0.514164,0.547537,0.515656,0.527692,0.585410,0.536390,0.416602,0.557520,0.528904,0.508071,0.507380,0.604494,0.631548,0.685341,0.523193,0.561321,0.447027,0.471402,0.499208,0.623517,0.491718,0.542846,0.492967,0.417724,0.443832,0.618836,0.409642,0.615072,0.504285,0.505754,0.524757,0.594177,0.537473,0.586609,0.615222,0.469337,0.479473,0.552186,0.610768,0.522593,0.562111,0.588518,0.527018,0.437380,0.590421,0.459849,0.469531,0.459399,0.555597,0.561159,0.599406,0.569639,0.624534,0.441105,0.619434,0.421006,0.479236,#
18,0.521607,0.458780,0.438606,0.622611,0.525635,0.334308,0.456492,0.549756,0.526731,0.544223,0.477815,0.533795,0.521387,0.541870,0.461884,0.497506,0.467330,0.461774,1.000000,0.613461,0.509025,0.488269,0.548437,0.459466,0.438731,0.490258,0.444602,0.533176,0.527303,0.523194,0.364153,0.559939,0.520399,0.535162,0.549496,0.535648,0.423923,0.456492,0.507863,0.514383,0.534067,0.311534,0.493514,0.425885,0.582805,0.444836,0.527552,0.494171,0.390493,0.369417,0.445384,0.513236,0.555614,0.498307,0.546233,0.503119,0.456993,0.572243,0.408213,0.503141,0.503818,0.393233,0.521669,0.415728,0.617973,0.459365,0.471994,0.379432,0.282649,0.499502,0.491573,0.383835,0.518582,0.506924,0.554408,0.366433,0.562364,0.436719,0.538551,0.488369,0.503191,0.449135,0.523095,0.459005,0.478508,0.458230,0.514841,0.547786,0.477591,0.426974,0.521707,0.410646,0.515896,0.474815,0.600685,0.456027,0.488339,0.512130,0.490077,0.516630,0.568077,0.460846,0.516205,0.519969,0.584119,0.533134,0.395933,0.406604,0.424028,0.371620,0.570651,0.386675,0.585000,0.569412,0.424586,0.436860,0.442778,0.380356,0.429553,0.406782,0.496329,0.603401,0.488640,0.408031,0.474044,0.412092,0.457823,0.515340,0.559509,0.419557,0.411828,0.515150,0.471821,0.483255,0.500736,0.566548,0.480350,0.533435,0.440736,0.470503,0.403209,0.572371,0.496033,0.560997,0.452536,0.530369,0.490853,0.409114,0.471192,0.490626,0.378882,0.589115,0.487802,0.475785,0.487094,0.510325,0.514712,0.529001,0.527463,0.484356,0.522753,0.450417,0.546813,0.457736,0.503281,0.521366,0.590927,0.409767,0.519722,0.457104,0.472532,0.586196,0.515391,0.471033,0.430502,0.545523,0.538844,0.597580,0.387268,0.464564,0.408452,0.457826,0.399351,0.490368,0.498764,0.460145,0.456618,0.415988,0.449596,0.465638,0.510503,0.454180,0.437142,0.591895,0.528467,0.491377,0.379385,0.479029,0.492811,0.417279,#
19,0.561969,0.524895,0.541848,0.577085,0.649246,0.648699,0.485032,0.546355,0.620676,0.564692,0.526212,0.499507,0.549759,0.533478,0.486880,0.559915,0.615259,0.586541,0.613461,1.000000,0.571479,0.474036,0.540093,0.551416,0.487270,0.475487,0.618066,0.512880,0.555167,0.605242,0.583061,0.629563,0.529085,0.555541,0.451865,0.552485,0.519935,0.470945,0.602473,0.536432,0.558076,0.438600,0.512508,0.494080,0.558595,0.558228,0.625384,0.531043,0.607864,0.372638,0.474658,0.574654,0.500146,0.587255,0.529239,0.567099,0.578673,0.536051,0.556313,0.438577,0.567292,0.594637,0.589201,0.569130,0.624140,0.521984,0.489275,0.496471,0.436349,0.540450,0.557489,0.464535,0.570100,0.581252,0.595073,0.469342,0.549131,0.469147,0.581391,0.567617,0.562829,0.493850,0.622190,0.510812,0.483802,0.557372,0.559572,0.644467,0.600336,0.372914,0.526638,0.471918,0.630818,0.532409,0.537132,0.548864,0.558856,0.531162,0.527324,0.570549,0.594170,0.500085,0.589346,0.552862,0.537800,0.609824,0.549206,0.565543,0.521356,0.403358,0.466379,0.493794,0.553346,0.580454,0.553707,0.498786,0.601512,0.565565,0.475365,0.403209,0.477457,0.627710,0.523101,0.594020,0.596603,0.499489,0.643447,0.536883,0.596830,0.617768,0.540373,0.539126,0.544626,0.568536,0.632253,0.549327,0.560960,0.535989,0.482233,0.522776,0.481791,0.547133,0.542976,0.528459,0.539070,0.490625,0.517455,0.444023,0.594202,0.507482,0.509044,0.695370,0.513989,0.480952,0.604379,0.587316,0.669122,0.572029,0.586395,0.558463,0.600374,0.507910,0.579136,0.410713,0.610014,0.507133,0.428828,0.515220,0.584260,0.514317,0.581689,0.633222,0.605746,0.542784,0.583952,0.577562,0.560734,0.686305,0.541623,0.382847,0.437441,0.572581,0.541659,0.619875,0.636413,0.530925,0.467898,0.536321,0.555253,0.554074,0.530580,0.575583,0.492421,0.636035,0.486374,0.656434,0.394897,0.507011,0.555079,0.483825,#
20,0.483730,0.438324,0.481755,0.542399,0.636582,0.488223,0.580595,0.527505,0.520264,0.587731,0.469906,0.488640,0.478004,0.532045,0.502001,0.487595,0.620006,0.546819,0.509025,0.571479,1.000000,0.513936,0.438407,0.485183,0.464584,0.562279,0.552516,0.517843,0.514894,0.601387,0.466333,0.551988,0.528411,0.606465,0.571835,0.581457,0.476160,0.437551,0.562275,0.571883,0.470905,0.571178,0.474601,0.534664,0.604104,0.498079,0.539161,0.426018,0.447549,0.391081,0.444603,0.552054,0.470855,0.638697,0.541934,0.557964,0.496559,0.551706,0.528890,0.457740,0.524737,0.482854,0.581009,0.446217,0.623457,0.498430,0.550395,0.397393,0.422110,0.528448,0.538800,0.489846,0.460244,0.548013,0.600801,0.367036,0.445688,0.460874,0.485967,0.545180,0.507352,0.586006,0.593781,0.474179,0.442494,0.515365,0.555502,0.536936,0.514685,0.511723,0.536805,0.519290,0.520268,0.568087,0.644810,0.464504,0.416092,0.493461,0.497569,0.500694,0.594376,0.492946,0.616770,0.539280,0.558746,0.474838,0.521487,0.556193,0.410327,0.579248,0.522997,0.541000,0.492980,0.483502,0.527861,0.471872,0.570353,0.551428,0.380992,0.449716,0.594523,0.554802,0.478220,0.622865,0.513163,0.506266,0.524727,0.473067,0.575505,0.525992,0.561862,0.513622,0.578591,0.614373,0.575677,0.460325,0.404266,0.506429,0.532490,0.599294,0.440735,0.528654,0.480273,0.501793,0.520678,0.471694,0.478238,0.461570,0.514435,0.549857,0.525948,0.564831,0.513261,0.549097,0.620743,0.543922,0.539631,0.419463,0.547401,0.543100,0.518482,0.545076,0.553789,0.460540,0.537049,0.351258,0.445954,0.431174,0.595068,0.474085,0.540252,0.519851,0.582297,0.470629,0.483785,0.541961,0.467869,0.589497,0.513385,0.419084,0.482966,0.481950,0.541464,0.493536,0.498738,0.542858,0.362030,0.552577,0.434590,0.481812,0.372694,0.441359,0.438766,0.652050,0.477393,0.388346,0.427696,0.482843,0.516601,0.490177,#
21,0.404565,0.533716,0.450932,0.512777,0.458903,0.411408,0.406664,0.504179,0.641532,0.455147,0.338705,0.448535,0.429216,0.456118,0.430118,0.459014,0.488080,0.493539,0.488269,0.474036,0.513936,1.000000,0.459435,0.525624,0.307150,0.433881,0.493069,0.409635,0.472347,0.475963,0.452772,0.475285,0.554972,0.522449,0.545683,0.523483,0.460415,0.527540,0.555746,0.438322,0.436487,0.495182,0.444029,0.443995,0.516626,0.413146,0.414447,0.471462,0.400890,0.271959,0.421377,0.534748,0.368319,0.452195,0.542230,0.491040,0.503594,0.469055,0.459499,0.290046,0.517957,0.385648,0.493704,0.310874,0.594235,0.457762,0.479757,0.433699,0.403441,0.473072,0.473361,0.462449,0.477756,0.502885,0.595786,0.425984,0.366958,0.388094,0.431603,0.503564,0.433503,0.466635,0.485211,0.361623,0.528560,0.452173,0.457337,0.531976,0.452987,0.473816,0.446215,0.292206,0.479277,0.431931,0.547985,0.416837,0.450894,0.414426,0.397002,0.496620,0.520824,0.509502,0.504055,0.431579,0.388610,0.555282,0.377587,0.357774,0.465298,0.511321,0.497288,0.430594,0.461724,0.517588,0.364564,0.402293,0.519947,0.459018,0.336416,0.438299,0.466588,0.523512,0.470433,0.508864,0.534593,0.401392,0.475609,0.563482,0.459161,0.473992,0.532954,0.534179,0.568315,0.465257,0.486666,0.439562,0.292745,0.332554,0.454929,0.564183,0.438312,0.496998,0.478485,0.456840,0.438246,0.469535,0.462021,0.444680,0.409034,0.438243,0.511014,0.472854,0.416544,0.547528,0.519806,0.504765,0.465976,0.410710,0.474839,0.488039,0.444108,0.456759,0.551614,0.480255,0.515830,0.367635,0.484581,0.460090,0.409433,0.455083,0.500999,0.406618,0.395200,0.366623,0.472698,0.492377,0.404583,0.569180,0.353593,0.327770,0.412725,0.494307,0.337330,0.499765,0.489105,0.537571,0.418239,0.331816,0.340329,0.473651,0.451791,0.412448,0.451178,0.525632,0.498878,0.441387,0.459207,0.504022,0.402754,0.395616,#
