0,1.000000,0.461287,0.481790,0.452756,0.265373,0.502319,0.439490,0.522468,0.475789,0.470172,0.418607,0.521267,0.460318,0.321128,0.557741,0.399851,0.447480,0.431514,0.410154,0.434773,0.438862,0.421097,0.486858,0.461902,0.401579,0.440171,0.513042,0.505690,0.337155,0.493249,0.420846,0.357145,0.388034,0.378998,0.495969,0.429958,0.491333,0.443320,0.458714,0.581644,0.486661,0.448924,0.538905,0.530998,0.452766,0.331206,0.539918,0.512189,0.363800,0.529145,0.467321,0.375255,0.507925,0.498145,0.330713,0.484722,0.427426,0.491992,0.469822,0.487753,0.572075,0.411394,0.486065,0.468592,0.427456,0.533753,0.472359,0.602718,0.466312,0.377419,0.523836,0.412864,0.567640,0.445051,0.485194,0.429416,0.482972,0.457722,0.423347,0.420311,0.619606,0.447193,0.421985,0.454891,0.503952,0.586677,0.440343,0.352532,0.335094,0.465246,0.441550,0.483639,0.352306,0.495328,0.514037,0.488109,0.385197,0.455529,0.510175,0.447396,0.434069,0.458231,0.376168,0.435437,0.494096,0.313159,0.344759,0.521507,0.465325,0.462302,0.550679,0.405028,0.531433,0.317370,0.412540,0.595790,0.368786,0.398348,0.447919,0.474038,0.366667,0.669667,0.509569,0.529456,0.449824,0.406487,0.434233,0.416786,0.364965,0.398048,0.395667,0.469043,0.391326,0.385466,0.461842,0.348877,0.445802,0.509085,0.431560,0.405721,0.310347,0.415017,0.348180,0.499039,0.548803,0.432249,0.419335,0.360646,0.454828,0.477904,0.390075,0.369075,0.459959,0.459010,0.382065,0.403275,0.370578,0.464552,0.505396,0.516020,0.519044,0.575002,0.347957,0.418574,0.461359,0.530308,0.505279,0.422648,0.448114,0.512289,0.451969,0.417475,0.489090,0.509439,0.581870,0.277114,0.331089,0.481998,0.494557,0.528390,0.378265,0.538048,0.384920,0.447506,0.451210,0.385590,0.487517,0.502753,0.432779,0.532385,0.478356,0.503547,0.429057,0.406914,0.418549,0.394710,0.416212,0.383695,0.530355,0.460601,#
1,0.461287,1.000000,0.423532,0.518488,0.347475,0.566093,0.415294,0.422645,0.419081,0.448480,0.428235,0.478001,0.433500,0.439017,0.576552,0.370816,0.418982,0.365037,0.407579,0.450533,0.540581,0.642861,0.583044,0.606548,0.417240,0.415522,0.568154,0.436039,0.351816,0.363652,0.507284,0.450698,0.440252,0.500670,0.512869,0.544891,0.373593,0.506583,0.462428,0.508614,0.419910,0.468126,0.435044,0.487508,0.418436,0.451771,0.531725,0.519336,0.481489,0.514372,0.411747,0.511810,0.535251,0.387655,0.456451,0.484751,0.411042,0.503655,0.591535,0.452258,0.360241,0.517162,0.346565,0.284136,0.446245,0.425099,0.541381,0.559652,0.544945,0.546654,0.466616,0.471345,0.636679,0.373656,0.462833,0.479112,0.503981,0.536603,0.482015,0.404313,0.500233,0.489563,0.613991,0.515299,0.504998,0.491416,0.383232,0.414803,0.516169,0.502778,0.503161,0.435142,0.400750,0.429509,0.407645,0.389422,0.483090,0.485387,0.427811,0.464051,0.442407,0.575949,0.417260,0.486340,0.463282,0.312308,0.412175,0.523908,0.425565,0.403442,0.516963,0.502874,0.474129,0.378930,0.430804,0.423837,0.566611,0.565948,0.416863,0.404788,0.582843,0.511274,0.424699,0.486321,0.356258,0.327090,0.498330,0.511227,0.457548,0.505921,0.364928,0.439779,0.380227,0.533755,0.478806,0.314373,0.413005,0.403465,0.513642,0.365965,0.453714,0.368336,0.378951,0.386208,0.401502,0.498172,0.490522,0.362591,0.456583,0.463290,0.502072,0.446538,0.470628,0.459215,0.451783,0.383543,0.432813,0.479091,0.402962,0.476319,0.388137,0.552905,0.494705,0.515043,0.497705,0.433252,0.405476,0.551199,0.274209,0.501749,0.494944,0.323075,0.440195,0.538831,0.445394,0.324827,0.390704,0.516841,0.479151,0.477343,0.398676,0.463341,0.417900,0.370369,0.331087,0.499669,0.515904,0.295455,0.429890,0.437645,0.487630,0.384428,0.440329,0.448782,0.548655,0.396655,0.469019,0.445438,0.462140,0.497755,#
2,0.481790,0.423532,1.000000,0.414229,0.250438,0.517584,0.474900,0.528895,0.409648,0.478567,0.471143,0.436519,0.339654,0.341979,0.537467,0.332309,0.441848,0.481206,0.390364,0.473689,0.394702,0.526118,0.352032,0.494302,0.400482,0.327466,0.512991,0.520761,0.428166,0.493198,0.457137,0.406311,0.471899,0.457731,0.469401,0.466256,0.538665,0.420312,0.528743,0.493405,0.552963,0.555156,0.388870,0.418457,0.403641,0.463409,0.593726,0.430735,0.424859,0.635460,0.330929,0.363842,0.408797,0.498435,0.511732,0.451931,0.494308,0.478757,0.430569,0.421511,0.448551,0.533971,0.495766,0.492142,0.448350,0.439601,0.650177,0.404438,0.555270,0.476261,0.555200,0.398895,0.535210,0.453614,0.524373,0.521907,0.554754,0.581806,0.449504,0.579145,0.481055,0.524402,0.542494,0.557709,0.488690,0.552386,0.528833,0.559832,0.520050,0.438420,0.576641,0.511684,0.424128,0.411083,0.598734,0.436259,0.440090,0.472912,0.541459,0.457834,0.434008,0.369838,0.367156,0.445917,0.435974,0.528722,0.504482,0.395910,0.565427,0.490531,0.495027,0.379149,0.587952,0.354237,0.467036,0.366590,0.392673,0.422533,0.461537,0.410171,0.484950,0.530225,0.388347,0.459882,0.440183,0.405932,0.466773,0.429732,0.431258,0.504306,0.462320,0.597136,0.511231,0.573179,0.462616,0.418664,0.377494,0.346857,0.424367,0.395552,0.518315,0.339102,0.377031,0.372941,0.467660,0.579162,0.466202,0.419952,0.433333,0.420114,0.510119,0.392498,0.445181,0.521829,0.319724,0.510503,0.413899,0.400640,0.326776,0.431974,0.373803,0.357526,0.437395,0.438356,0.368085,0.550349,0.584304,0.480590,0.310497,0.448313,0.442892,0.397552,0.374217,0.416265,0.454766,0.412492,0.344453,0.487377,0.499682,0.455875,0.417163,0.530921,0.446555,0.524408,0.312889,0.406834,0.502015,0.448703,0.483924,0.410476,0.412866,0.477335,0.498354,0.446086,0.474328,0.524509,0.477113,0.510643,0.408609,0.461870,#
3,0.452756,0.518488,0.414229,1.000000,0.396484,0.462981,0.382519,0.450104,0.406897,0.484061,0.380627,0.479011,0.480656,0.368281,0.488004,0.423695,0.421430,0.366062,0.393221,0.373488,0.481777,0.567451,0.412822,0.416630,0.531022,0.498912,0.487918,0.474349,0.446163,0.368987,0.408636,0.463311,0.433767,0.524642,0.432318,0.432459,0.401707,0.425295,0.309194,0.524244,0.486255,0.482398,0.402080,0.391914,0.445373,0.501763,0.530834,0.537306,0.519265,0.498246,0.395795,0.325552,0.469577,0.381103,0.470886,0.424658,0.286612,0.456911,0.613231,0.442225,0.460569,0.469427,0.366580,0.398270,0.498377,0.534950,0.424436,0.450416,0.433897,0.474556,0.441316,0.490573,0.556509,0.470813,0.473095,0.378964,0.472728,0.466304,0.466796,0.492987,0.506280,0.403738,0.480655,0.481928,0.460068,0.473258,0.421377,0.403169,0.419313,0.490489,0.371553,0.475550,0.455520,0.451563,0.483944,0.477202,0.423824,0.402604,0.357340,0.442995,0.426463,0.391988,0.321077,0.432647,0.459751,0.386688,0.485920,0.576842,0.418178,0.427171,0.414719,0.469211,0.481245,0.423007,0.476757,0.479434,0.460016,0.418927,0.428058,0.396704,0.356157,0.497119,0.343131,0.475598,0.381393,0.372050,0.511305,0.419802,0.439142,0.481060,0.374797,0.486735,0.395896,0.567659,0.524447,0.390716,0.523639,0.378180,0.433612,0.392194,0.428149,0.357237,0.316932,0.383124,0.369084,0.535137,0.421010,0.391586,0.418522,0.344361,0.352929,0.359178,0.421687,0.428007,0.415749,0.376346,0.523278,0.492612,0.357900,0.508092,0.517819,0.531390,0.400572,0.606921,0.438568,0.464823,0.422865,0.402723,0.387225,0.443438,0.472923,0.436992,0.375926,0.477986,0.369368,0.434142,0.298821,0.426909,0.533907,0.449814,0.352237,0.550351,0.413970,0.388583,0.340752,0.419986,0.388589,0.296194,0.551196,0.504195,0.388295,0.401789,0.449697,0.408155,0.470423,0.445153,0.460240,0.443744,0.445204,0.499835,#
4,0.265373,0.347475,0.250438,0.396484,1.000000,0.428244,0.397054,0.232365,0.233708,0.325173,0.339224,0.365647,0.240001,0.243765,0.331488,0.341529,0.233708,0.286676,0.217295,0.345798,0.378476,0.441881,0.283527,0.326722,0.334830,0.194143,0.291556,0.301153,0.366873,0.302063,0.395121,0.211248,0.343709,0.235803,0.316724,0.367131,0.239872,0.225186,0.191671,0.440590,0.280406,0.268844,0.340058,0.425239,0.374587,0.272893,0.466147,0.304027,0.305909,0.397346,0.278163,0.260809,0.337944,0.111976,0.330124,0.329367,0.173561,0.315486,0.451179,0.359984,0.280126,0.420145,0.334538,0.292832,0.339681,0.475693,0.355202,0.303761,0.305347,0.380928,0.441743,0.425122,0.311278,0.196091,0.257011,0.361360,0.369075,0.387663,0.375974,0.307584,0.269725,0.314680,0.388373,0.195287,0.431050,0.244349,0.294516,0.278094,0.368572,0.413317,0.253399,0.230178,0.233972,0.366645,0.335139,0.336808,0.374845,0.263227,0.265007,0.216515,0.343955,0.449350,0.278474,0.345545,0.350773,0.152238,0.363143,0.341495,0.312443,0.388752,0.281045,0.351531,0.438113,0.432348,0.248452,0.313021,0.273722,0.486043,0.250868,0.307862,0.374002,0.340660,0.384683,0.351643,0.240392,0.309698,0.300876,0.164904,0.470838,0.414317,0.456512,0.394476,0.261534,0.351445,0.426251,0.335599,0.327618,0.356993,0.302536,0.247156,0.187602,0.349751,0.253149,0.342321,0.248285,0.376422,0.344385,0.209366,0.286846,0.395927,0.281040,0.416251,0.272303,0.214893,0.361793,0.262167,0.382965,0.400448,0.383605,0.276366,0.165309,0.416985,0.338778,0.426737,0.358129,0.276254,0.376881,0.294155,0.201120,0.336509,0.295082,0.280546,0.318816,0.246873,0.384867,0.295365,0.207987,0.373532,0.348702,0.389158,0.411672,0.369860,0.390008,0.282912,0.428301,0.326998,0.233187,0.404195,0.249327,0.228132,0.299056,0.217307,0.335141,0.313606,0.346204,0.123358,0.272195,0.267400,0.318902,0.346308,#
5,0.502319,0.566093,0.517584,0.462981,0.428244,1.000000,0.416927,0.488041,0.416351,0.451004,0.390970,0.491260,0.438127,0.401831,0.505040,0.335104,0.390114,0.398861,0.496437,0.522099,0.441434,0.463020,0.395577,0.461858,0.508564,0.459238,0.508341,0.561554,0.373784,0.537192,0.489641,0.482466,0.480358,0.576044,0.453317,0.524028,0.467018,0.364288,0.403646,0.523726,0.471361,0.463039,0.382492,0.469977,0.507924,0.437095,0.522327,0.586758,0.436900,0.544572,0.463865,0.312016,0.487787,0.443875,0.514211,0.569292,0.408725,0.477834,0.571745,0.545575,0.356605,0.440218,0.463218,0.507348,0.417780,0.424012,0.486735,0.499244,0.514976,0.557005,0.588388,0.497505,0.588670,0.459977,0.501735,0.388299,0.480064,0.607452,0.496047,0.414128,0.512904,0.496136,0.552452,0.470202,0.500714,0.445548,0.369250,0.441979,0.528864,0.511996,0.512815,0.379575,0.351947,0.500404,0.442384,0.290590,0.514097,0.502723,0.553907,0.285183,0.544520,0.501755,0.538961,0.517418,0.465400,0.400001,0.520065,0.503616,0.412053,0.521746,0.465084,0.503486,0.501221,0.364017,0.345714,0.384246,0.548757,0.587975,0.448430,0.448144,0.455667,0.542088,0.461223,0.599670,0.393705,0.418014,0.559417,0.375424,0.517271,0.387669,0.429273,0.580607,0.506154,0.591523,0.549293,0.345633,0.333125,0.497740,0.415479,0.345073,0.372674,0.337969,0.440433,0.451458,0.608414,0.420970,0.427175,0.412599,0.418807,0.554840,0.551311,0.458869,0.520826,0.466821,0.420974,0.393945,0.493748,0.480603,0.453686,0.472668,0.442730,0.562232,0.444944,0.530265,0.522166,0.452699,0.407446,0.490471,0.362694,0.407315,0.576705,0.413330,0.465803,0.401720,0.412832,0.429939,0.410150,0.568131,0.564378,0.569376,0.461860,0.469177,0.330889,0.423063,0.402589,0.489674,0.415756,0.471937,0.571118,0.490360,0.421412,0.535530,0.475995,0.542219,0.512879,0.450398,0.401611,0.516876,0.497999,0.507332,#
6,0.439490,0.415294,0.474900,0.382519,0.397054,0.416927,1.000000,0.390838,0.458144,0.519096,0.510961,0.551791,0.361270,0.425834,0.397604,0.574016,0.529272,0.520914,0.474943,0.406103,0.470098,0.478120,0.355825,0.387271,0.509946,0.477685,0.472461,0.472291,0.404573,0.439752,0.500116,0.509702,0.525393,0.459331,0.407088,0.494179,0.531988,0.447064,0.412253,0.495340,0.538413,0.469841,0.552289,0.491936,0.462319,0.353897,0.533732,0.546276,0.478345,0.552587,0.394523,0.416970,0.470883,0.245946,0.423175,0.452927,0.450026,0.539824,0.540713,0.402561,0.524255,0.556151,0.444070,0.427262,0.532693,0.508412,0.573381,0.562420,0.513218,0.420374,0.590297,0.613199,0.489601,0.407183,0.426369,0.528397,0.605754,0.619287,0.582723,0.438592,0.513513,0.478188,0.447169,0.628376,0.517839,0.424223,0.487550,0.484496,0.438681,0.452627,0.401036,0.455109,0.329664,0.512834,0.495403,0.473668,0.501013,0.501050,0.446247,0.398102,0.456644,0.519459,0.461104,0.477634,0.534781,0.324043,0.495391,0.481987,0.548166,0.429637,0.397735,0.451207,0.488512,0.459011,0.366789,0.495444,0.381468,0.479376,0.317094,0.481830,0.419603,0.468741,0.339736,0.481666,0.458092,0.393334,0.374330,0.439616,0.486666,0.454973,0.531898,0.508336,0.432900,0.410707,0.523482,0.431939,0.511316,0.414038,0.523506,0.488661,0.452933,0.414086,0.340715,0.447583,0.445261,0.541694,0.529329,0.494002,0.416027,0.447137,0.436087,0.481286,0.325198,0.449874,0.369207,0.383756,0.389217,0.283096,0.355966,0.531274,0.408019,0.482376,0.371313,0.457702,0.469020,0.542028,0.538369,0.369102,0.373890,0.494691,0.444790,0.505309,0.286764,0.364438,0.502721,0.501977,0.344255,0.486873,0.488347,0.496133,0.487779,0.507517,0.495061,0.489438,0.392408,0.370295,0.522013,0.381698,0.438008,0.446242,0.427968,0.501824,0.403735,0.419542,0.502070,0.505643,0.537138,0.435834,0.437942,0.488141,#
7,0.522468,0.422645,0.528895,0.450104,0.232365,0.488041,0.390838,1.000000,0.471299,0.362526,0.375749,0.397822,0.443190,0.397915,0.458717,0.360683,0.379415,0.444362,0.416265,0.428737,0.483199,0.412907,0.470030,0.349767,0.430410,0.489324,0.449552,0.392025,0.421409,0.513433,0.383460,0.422410,0.384573,0.448053,0.468101,0.469351,0.368054,0.440428,0.479007,0.485775,0.464518,0.525636,0.358942,0.417938,0.434665,0.385410,0.518542,0.509775,0.550255,0.492545,0.442060,0.387322,0.436936,0.457530,0.450236,0.410335,0.441139,0.403068,0.542722,0.585483,0.390793,0.499959,0.474422,0.423695,0.493303,0.474558,0.558582,0.421806,0.431394,0.331645,0.547541,0.360909,0.527924,0.439351,0.443740,0.443242,0.471271,0.463758,0.342500,0.389366,0.571237,0.371704,0.521908,0.472517,0.438031,0.520080,0.460015,0.417372,0.418024,0.449438,0.473814,0.470270,0.360796,0.384552,0.517243,0.465682,0.476696,0.531849,0.540726,0.443292,0.425624,0.408593,0.324640,0.364145,0.488131,0.295298,0.391919,0.481779,0.440919,0.381210,0.520471,0.450728,0.548347,0.326679,0.442363,0.484541,0.412176,0.422493,0.450507,0.504400,0.455310,0.469466,0.430348,0.473426,0.480556,0.444115,0.421742,0.465696,0.380753,0.449489,0.393209,0.493193,0.463684,0.370818,0.424260,0.426930,0.383917,0.558306,0.385344,0.377813,0.318248,0.331712,0.457194,0.431857,0.516181,0.517577,0.446709,0.260798,0.356109,0.404081,0.341977,0.410115,0.442028,0.346728,0.307899,0.466806,0.449961,0.475229,0.391139,0.477934,0.444514,0.448786,0.495816,0.457433,0.449631,0.471758,0.442855,0.394014,0.287467,0.396443,0.498415,0.365440,0.425982,0.464374,0.452537,0.240327,0.330892,0.344299,0.484422,0.452920,0.355847,0.497199,0.389635,0.481286,0.398095,0.405683,0.492903,0.377918,0.497779,0.540740,0.438886,0.443888,0.402468,0.422732,0.537220,0.418176,0.462789,0.544388,0.475144,0.466144,#
8,0.475789,0.419081,0.409648,0.406897,0.233708,0.416351,0.458144,0.471299,1.000000,0.469310,0.427568,0.518668,0.454272,0.466651,0.487494,0.486011,0.384703,0.403107,0.281345,0.459137,0.478749,0.470755,0.402941,0.406890,0.551671,0.412283,0.475473,0.304026,0.459540,0.397436,0.458281,0.413432,0.407028,0.398861,0.434426,0.622785,0.444074,0.419185,0.319671,0.424546,0.432183,0.382633,0.576812,0.453866,0.413514,0.330199,0.480209,0.423046,0.467710,0.474265,0.471509,0.374206,0.427024,0.444053,0.332480,0.451293,0.437927,0.447661,0.441799,0.368227,0.405360,0.522468,0.541917,0.471122,0.507077,0.509557,0.521066,0.584446,0.600224,0.392969,0.541875,0.495629,0.528968,0.355987,0.502375,0.378278,0.511428,0.521498,0.467195,0.444708,0.508478,0.432352,0.430443,0.453562,0.483873,0.418719,0.412867,0.475802,0.406577,0.376027,0.440309,0.414084,0.268629,0.379860,0.335946,0.411253,0.525954,0.550076,0.578918,0.494310,0.459375,0.307595,0.487748,0.558156,0.336761,0.378623,0.421397,0.450395,0.365511,0.524785,0.367589,0.408288,0.501817,0.320102,0.319982,0.484813,0.428059,0.415888,0.371214,0.533431,0.373979,0.441105,0.404897,0.540249,0.426587,0.450160,0.358377,0.405535,0.496025,0.491265,0.321203,0.534377,0.452067,0.352383,0.404883,0.469225,0.442185,0.381506,0.490123,0.393106,0.368245,0.343202,0.404977,0.293312,0.448196,0.438769,0.436258,0.437536,0.431975,0.441454,0.343499,0.483627,0.325014,0.522666,0.382732,0.338740,0.428873,0.558203,0.545009,0.419158,0.460318,0.383335,0.424499,0.368305,0.406973,0.458957,0.448883,0.495431,0.443201,0.334890,0.419391,0.512235,0.304327,0.438867,0.492657,0.350801,0.427820,0.472414,0.454470,0.459034,0.411510,0.455819,0.489781,0.382678,0.378619,0.318460,0.545937,0.411899,0.395961,0.491606,0.534525,0.466713,0.474828,0.446594,0.451016,0.323651,0.308770,0.451604,0.453010,0.570132,#
9,0.470172,0.448480,0.478567,0.484061,0.325173,0.451004,0.519096,0.362526,0.469310,1.000000,0.484816,0.450000,0.467788,0.439654,0.570063,0.475861,0.463900,0.468328,0.386460,0.351571,0.523581,0.439394,0.340175,0.484336,0.470050,0.395126,0.453193,0.581292,0.441137,0.378897,0.395814,0.522542,0.464787,0.427952,0.363999,0.493667,0.467534,0.413799,0.436502,0.514707,0.484742,0.479200,0.434459,0.449486,0.485612,0.405386,0.532507,0.460526,0.477730,0.543932,0.468039,0.342398,0.372104,0.363364,0.375339,0.455422,0.490733,0.604647,0.413568,0.491653,0.504520,0.508742,0.475767,0.384910,0.356176,0.514030,0.543160,0.489405,0.568182,0.462586,0.510316,0.484595,0.547292,0.397245,0.418774,0.435704,0.602946,0.552202,0.497968,0.551923,0.542368,0.518196,0.480427,0.548526,0.462635,0.476984,0.500138,0.587516,0.474948,0.530231,0.461685,0.437893,0.454939,0.389198,0.520875,0.395949,0.441900,0.424125,0.516945,0.517688,0.524167,0.511139,0.528300,0.483607,0.484296,0.403572,0.443953,0.553186,0.545852,0.506693,0.484899,0.512662,0.524590,0.419174,0.442582,0.536041,0.335067,0.439314,0.408485,0.482820,0.326201,0.579456,0.438115,0.508423,0.465302,0.436088,0.464950,0.445089,0.540973,0.436419,0.370934,0.522644,0.438095,0.498626,0.477443,0.292925,0.486101,0.477839,0.453757,0.399104,0.562351,0.528009,0.456777,0.550334,0.507094,0.609259,0.441268,0.465463,0.478559,0.468898,0.379845,0.425588,0.445236,0.468622,0.430286,0.420346,0.398635,0.455024,0.441474,0.513648,0.476666,0.554659,0.503195,0.481015,0.445611,0.575413,0.389088,0.527562,0.410407,0.462401,0.427129,0.370457,0.352893,0.316490,0.472088,0.441148,0.468287,0.546358,0.426991,0.539206,0.505141,0.516466,0.504728,0.376702,0.401799,0.378290,0.486099,0.436787,0.527259,0.443495,0.443737,0.441758,0.419312,0.397145,0.369527,0.425098,0.548204,0.453566,0.448516,0.498497,#
10,0.418607,0.428235,0.471143,0.380627,0.339224,0.390970,0.510961,0.375749,0.427568,0.484816,1.000000,0.507950,0.443467,0.376443,0.454767,0.417498,0.483643,0.416777,0.452371,0.421552,0.443887,0.451398,0.362050,0.555292,0.415078,0.430965,0.416799,0.502558,0.454003,0.463221,0.428436,0.363732,0.430587,0.450865,0.453703,0.451765,0.538824,0.442119,0.379232,0.473767,0.500645,0.387087,0.468159,0.361943,0.422312,0.407421,0.630116,0.477505,0.401996,0.585691,0.395750,0.472970,0.404410,0.286953,0.440151,0.551988,0.438794,0.538962,0.399918,0.483046,0.428295,0.516103,0.550454,0.465526,0.448891,0.404818,0.583609,0.437170,0.572906,0.372355,0.610063,0.502434,0.519536,0.300249,0.482802,0.549422,0.460113,0.544989,0.495371,0.357116,0.528954,0.406389,0.468161,0.447359,0.449621,0.460064,0.462742,0.394960,0.414046,0.572066,0.393515,0.464249,0.476757,0.312912,0.371048,0.447490,0.484777,0.553132,0.442265,0.410149,0.373779,0.395987,0.424903,0.475620,0.388098,0.389096,0.546243,0.389058,0.419554,0.453293,0.473890,0.412971,0.564609,0.448620,0.396219,0.478099,0.316311,0.458537,0.385919,0.405329,0.374131,0.457991,0.354722,0.460650,0.399218,0.389386,0.455836,0.451619,0.498458,0.446752,0.393314,0.517812,0.402028,0.443118,0.501084,0.546398,0.408388,0.366779,0.519286,0.498015,0.486383,0.468233,0.391633,0.438434,0.424136,0.537339,0.524271,0.425597,0.392306,0.512318,0.378353,0.368513,0.352345,0.489898,0.425143,0.363172,0.459393,0.470906,0.383223,0.402053,0.467993,0.398523,0.366948,0.456560,0.418836,0.474057,0.429159,0.447915,0.419873,0.503190,0.325002,0.520036,0.286678,0.391015,0.545799,0.421152,0.312961,0.437784,0.421939,0.486272,0.330971,0.452108,0.459152,0.402709,0.260770,0.432374,0.570382,0.425326,0.355579,0.451770,0.394017,0.407288,0.423985,0.505250,0.442430,0.409582,0.478726,0.391140,0.452778,0.536925,#
11,0.521267,0.478001,0.436519,0.479011,0.365647,0.491260,0.551791,0.397822,0.518668,0.450000,0.507950,1.000000,0.497563,0.510889,0.556786,0.495315,0.473632,0.535340,0.606657,0.483258,0.463720,0.476107,0.481416,0.484396,0.537257,0.445096,0.441998,0.461233,0.485847,0.395593,0.537129,0.503861,0.557205,0.475253,0.411182,0.530287,0.521953,0.545865,0.379630,0.495534,0.581587,0.377615,0.531005,0.407042,0.508804,0.330213,0.572235,0.592059,0.483177,0.550228,0.311208,0.351299,0.566523,0.338381,0.468991,0.478283,0.403459,0.631298,0.546616,0.550260,0.393218,0.487480,0.562164,0.453215,0.484947,0.499732,0.539127,0.566348,0.582343,0.421240,0.559062,0.425107,0.507163,0.504453,0.631682,0.515450,0.564278,0.623047,0.500655,0.434764,0.462548,0.411816,0.576085,0.504537,0.569596,0.446612,0.406223,0.462936,0.458565,0.422759,0.477793,0.449094,0.407425,0.482167,0.379399,0.476177,0.473750,0.568033,0.501548,0.512704,0.449493,0.492554,0.499885,0.542043,0.480522,0.339249,0.505928,0.528693,0.499549,0.474388,0.470144,0.558034,0.555388,0.380010,0.455952,0.471788,0.450706,0.423194,0.390687,0.597292,0.409066,0.479014,0.429237,0.622046,0.452300,0.412820,0.525456,0.522113,0.545818,0.525875,0.507483,0.525775,0.518568,0.468201,0.507225,0.475654,0.503635,0.481468,0.524900,0.523938,0.372951,0.339734,0.476493,0.547589,0.485568,0.564511,0.546210,0.449055,0.433475,0.433158,0.411296,0.447855,0.435371,0.628266,0.450801,0.434945,0.464278,0.462414,0.421455,0.462667,0.575037,0.548960,0.453348,0.513819,0.502859,0.541230,0.583551,0.451658,0.434380,0.544712,0.528495,0.541273,0.488743,0.570875,0.541967,0.450806,0.509388,0.468902,0.520282,0.523223,0.444249,0.461463,0.549934,0.437662,0.446436,0.342831,0.562135,0.509055,0.348670,0.418018,0.544346,0.568325,0.453877,0.494453,0.490613,0.436471,0.457896,0.463752,0.480300,0.504880,#
12,0.460318,0.433500,0.339654,0.480656,0.240001,0.438127,0.361270,0.443190,0.454272,0.467788,0.443467,0.497563,1.000000,0.437724,0.568370,0.379645,0.354396,0.383996,0.475090,0.366368,0.468020,0.383009,0.475456,0.488517,0.493292,0.495154,0.400753,0.446575,0.379654,0.425782,0.387553,0.356954,0.392746,0.519758,0.500424,0.500344,0.463521,0.466291,0.412076,0.420970,0.366763,0.298225,0.420071,0.389276,0.508417,0.415579,0.587594,0.448345,0.504703,0.539435,0.493778,0.247891,0.342424,0.373747,0.406055,0.478571,0.414800,0.380205,0.482818,0.387499,0.356531,0.454955,0.508300,0.346721,0.463714,0.471466,0.412051,0.500814,0.580121,0.436483,0.476364,0.449013,0.494295,0.372867,0.492084,0.472665,0.498706,0.511365,0.428958,0.446386,0.545154,0.375192,0.502272,0.427158,0.420967,0.469993,0.330782,0.470008,0.371346,0.367664,0.511421,0.393470,0.455657,0.415866,0.385874,0.444824,0.484548,0.394043,0.378408,0.330101,0.324822,0.458710,0.401752,0.446047,0.361791,0.314659,0.352791,0.425639,0.490336,0.475028,0.449046,0.458350,0.529658,0.282271,0.448195,0.456269,0.229112,0.339670,0.402867,0.501451,0.382831,0.515726,0.340020,0.480318,0.410176,0.489467,0.507255,0.349446,0.386813,0.416475,0.216749,0.360295,0.352267,0.393161,0.352906,0.397449,0.326480,0.400675,0.397079,0.308350,0.384219,0.306764,0.332138,0.487421,0.322603,0.523525,0.494751,0.351774,0.398436,0.448031,0.432307,0.269720,0.464550,0.358927,0.384788,0.425088,0.465743,0.548633,0.493464,0.374653,0.410794,0.520982,0.414694,0.415833,0.527571,0.356657,0.337740,0.499672,0.369100,0.431875,0.457299,0.344772,0.410297,0.444777,0.433324,0.330118,0.467304,0.462357,0.292249,0.427543,0.376148,0.517250,0.442852,0.326409,0.287302,0.318802,0.428399,0.417156,0.469635,0.446952,0.384376,0.417836,0.304317,0.352646,0.365087,0.424308,0.411036,0.440351,0.488254,0.418565,#
13,0.321128,0.439017,0.341979,0.368281,0.243765,0.401831,0.425834,0.397915,0.466651,0.439654,0.376443,0.510889,0.437724,1.000000,0.446877,0.372803,0.308907,0.447573,0.470703,0.371500,0.428646,0.383343,0.478660,0.400653,0.427969,0.472288,0.345005,0.403648,0.369412,0.452021,0.332776,0.337044,0.448240,0.488168,0.225006,0.476738,0.436876,0.498697,0.307572,0.457924,0.576174,0.392108,0.473569,0.348363,0.475305,0.466535,0.466990,0.468540,0.509824,0.509183,0.391889,0.386073,0.400100,0.335020,0.430797,0.531734,0.491617,0.529380,0.498017,0.518689,0.398496,0.488242,0.415541,0.423642,0.509763,0.459146,0.500623,0.556576,0.526337,0.408476,0.446973,0.420393,0.565171,0.433838,0.442884,0.377723,0.538578,0.505683,0.522176,0.395230,0.457451,0.442079,0.480614,0.533769,0.381125,0.555220,0.327170,0.394203,0.518864,0.372379,0.373879,0.502380,0.389715,0.407604,0.388796,0.366901,0.453514,0.443694,0.478364,0.426519,0.396855,0.461634,0.542479,0.463789,0.449559,0.381421,0.428644,0.531030,0.368446,0.434793,0.351137,0.471137,0.460066,0.329285,0.460136,0.481321,0.354131,0.382985,0.433112,0.408057,0.471550,0.448207,0.447398,0.410610,0.367034,0.416211,0.453588,0.413854,0.465368,0.429275,0.388416,0.338333,0.404129,0.475022,0.379656,0.427466,0.424829,0.465103,0.562481,0.373719,0.469211,0.404952,0.399192,0.364980,0.387311,0.464913,0.484200,0.366056,0.444703,0.407859,0.443175,0.452738,0.342263,0.457743,0.335445,0.356941,0.458664,0.374738,0.506203,0.384471,0.456241,0.465208,0.424759,0.453942,0.465686,0.425603,0.416777,0.459443,0.369905,0.466562,0.438303,0.506242,0.431305,0.530155,0.530900,0.438755,0.398467,0.424176,0.491397,0.439850,0.401900,0.449765,0.527159,0.289974,0.389704,0.393236,0.396201,0.377263,0.362266,0.483006,0.464942,0.427093,0.431367,0.438682,0.445948,0.433081,0.447849,0.519739,0.459839,0.400526,#
14,0.557741,0.576552,0.537467,0.488004,0.331488,0.505040,0.397604,0.458717,0.487494,0.570063,0.454767,0.556786,0.568370,0.446877,1.000000,0.399488,0.461844,0.471708,0.438460,0.456373,0.475330,0.524622,0.483954,0.574356,0.466378,0.358053,0.500477,0.494099,0.443365,0.521650,0.612435,0.372929,0.432321,0.453747,0.560341,0.569346,0.420082,0.498591,0.553628,0.465426,0.521595,0.451752,0.440719,0.500884,0.514623,0.458497,0.595225,0.463007,0.499345,0.535773,0.397319,0.467489,0.501697,0.468469,0.472645,0.494399,0.446488,0.447955,0.540618,0.412253,0.472897,0.542990,0.540805,0.454447,0.460220,0.483258,0.489997,0.491938,0.590680,0.481921,0.504342,0.467414,0.577290,0.529806,0.582641,0.467276,0.480910,0.599315,0.494629,0.484415,0.515085,0.449812,0.574640,0.488927,0.537819,0.521361,0.365214,0.429538,0.516660,0.442851,0.497636,0.430894,0.509887,0.569496,0.551208,0.435405,0.399473,0.480444,0.474105,0.469480,0.459399,0.495056,0.505508,0.462484,0.486629,0.396621,0.447201,0.455684,0.596261,0.573179,0.535268,0.535028,0.627335,0.400508,0.367708,0.463166,0.391043,0.371909,0.439292,0.553826,0.483643,0.517539,0.406912,0.512268,0.458141,0.377686,0.503467,0.455775,0.444801,0.460894,0.314621,0.516766,0.407698,0.469951,0.467649,0.398020,0.493542,0.420485,0.508999,0.406122,0.427900,0.457009,0.397843,0.559420,0.457154,0.540998,0.556370,0.352294,0.468008,0.435289,0.529934,0.427287,0.491005,0.508457,0.427027,0.443413,0.441427,0.473693,0.372732,0.505492,0.455287,0.465414,0.522720,0.427930,0.579889,0.462892,0.449415,0.508466,0.327477,0.539026,0.445052,0.333084,0.467129,0.467143,0.561325,0.389062,0.416708,0.535150,0.491153,0.549722,0.419107,0.537724,0.434949,0.441689,0.459540,0.435042,0.521591,0.451160,0.473377,0.441744,0.482913,0.441472,0.479166,0.512129,0.436750,0.423722,0.444478,0.490078,0.431010,0.418183,#
15,0.399851,0.370816,0.332309,0.423695,0.341529,0.335104,0.574016,0.360683,0.486011,0.475861,0.417498,0.495315,0.379645,0.372803,0.399488,1.000000,0.378352,0.455171,0.446412,0.373845,0.344991,0.468423,0.376477,0.428790,0.433997,0.344293,0.302459,0.353172,0.350334,0.293484,0.475001,0.451698,0.405551,0.529178,0.321524,0.454243,0.445912,0.495369,0.296597,0.354418,0.390729,0.321051,0.444815,0.398741,0.428217,0.344807,0.461357,0.367056,0.435002,0.469546,0.361902,0.364474,0.352301,0.304972,0.339898,0.375142,0.430493,0.435065,0.447362,0.437606,0.430368,0.513960,0.429563,0.375467,0.439441,0.417997,0.457447,0.533586,0.417806,0.351218,0.465769,0.412814,0.386162,0.368858,0.436102,0.405037,0.444702,0.439349,0.480216,0.336920,0.348934,0.370241,0.448060,0.503230,0.476785,0.384516,0.247637,0.345500,0.376055,0.283572,0.335063,0.428411,0.373333,0.427072,0.310194,0.402517,0.409573,0.485375,0.446858,0.472124,0.374826,0.417348,0.415957,0.413800,0.423518,0.263416,0.327413,0.439112,0.364137,0.441513,0.360080,0.281236,0.501785,0.343914,0.475227,0.387059,0.244008,0.346996,0.319383,0.573083,0.288067,0.463652,0.401185,0.453067,0.371299,0.365452,0.352572,0.370513,0.470150,0.478778,0.450010,0.408104,0.283068,0.275358,0.438446,0.491139,0.534463,0.354431,0.336470,0.392154,0.343855,0.321573,0.344713,0.381047,0.418218,0.473986,0.363816,0.368023,0.373880,0.388470,0.420850,0.473164,0.369261,0.488664,0.310406,0.382847,0.370615,0.316503,0.430072,0.432233,0.377492,0.467524,0.439725,0.477658,0.401228,0.406234,0.372216,0.331885,0.382293,0.432296,0.294343,0.450073,0.242795,0.468738,0.431774,0.455032,0.335208,0.364939,0.474437,0.439425,0.391000,0.448796,0.377765,0.449654,0.420453,0.226226,0.379655,0.285675,0.311398,0.379986,0.330901,0.455832,0.364131,0.343047,0.357547,0.386656,0.394193,0.329545,0.489113,0.468475,#
16,0.447480,0.418982,0.441848,0.421430,0.233708,0.390114,0.529272,0.379415,0.384703,0.463900,0.483643,0.473632,0.354396,0.308907,0.461844,0.378352,1.000000,0.444326,0.512085,0.448321,0.546538,0.349604,0.301107,0.451829,0.447119,0.440685,0.461198,0.398037,0.264281,0.409808,0.491511,0.404435,0.380751,0.315121,0.436514,0.439440,0.510186,0.489076,0.353501,0.485368,0.417382,0.432668,0.391166,0.386179,0.410664,0.379042,0.479299,0.420885,0.430451,0.533669,0.283895,0.399466,0.423381,0.312806,0.334880,0.484791,0.265694,0.397848,0.427018,0.363830,0.499580,0.553867,0.418140,0.336650,0.395594,0.399499,0.530591,0.498970,0.489439,0.462081,0.524774,0.474935,0.501305,0.345832,0.439995,0.384075,0.447727,0.493579,0.327868,0.447927,0.557873,0.412400,0.472182,0.461653,0.489829,0.424196,0.415929,0.305617,0.348115,0.470566,0.318413,0.445332,0.426941,0.375463,0.439101,0.490198,0.380383,0.427678,0.476341,0.397196,0.461478,0.457145,0.395939,0.442060,0.420147,0.383738,0.457899,0.432981,0.578036,0.440324,0.437147,0.398452,0.486294,0.413476,0.423957,0.470860,0.508601,0.443905,0.359186,0.298618,0.278492,0.380461,0.390534,0.429569,0.464914,0.338868,0.297762,0.285367,0.467857,0.373373,0.482749,0.406079,0.414634,0.412298,0.475704,0.507828,0.459867,0.360242,0.380623,0.299291,0.384858,0.347760,0.437901,0.356847,0.334878,0.426583,0.488821,0.479069,0.363833,0.365114,0.374200,0.388938,0.267324,0.461607,0.465247,0.341290,0.389678,0.365785,0.325628,0.410104,0.442746,0.376731,0.493099,0.379774,0.515948,0.494707,0.415458,0.437356,0.391222,0.458384,0.285005,0.418143,0.365893,0.456764,0.431907,0.425903,0.245539,0.568048,0.430688,0.476928,0.429500,0.398074,0.412244,0.455110,0.213573,0.291249,0.466612,0.378815,0.428482,0.400202,0.454854,0.416875,0.404202,0.430802,0.460336,0.465759,0.471886,0.465191,0.431034,0.472155,#
17,0.431514,0.365037,0.481206,0.366062,0.286676,0.398861,0.520914,0.444362,0.403107,0.468328,0.416777,0.535340,0.383996,0.447573,0.471708,0.455171,0.444326,1.000000,0.457889,0.481670,0.389359,0.426321,0.417547,0.302840,0.480482,0.428868,0.367562,0.435310,0.416399,0.402228,0.450639,0.507599,0.342824,0.341236,0.290010,0.360544,0.417764,0.517510,0.447320,0.534652,0.427997,0.432002,0.403598,0.436589,0.430212,0.454752,0.506533,0.524019,0.461432,0.518990,0.352615,0.221734,0.411321,0.332446,0.440738,0.429430,0.462906,0.422430,0.433606,0.480194,0.404229,0.407048,0.576029,0.376365,0.389360,0.428415,0.612098,0.502717,0.475544,0.383220,0.560494,0.384552,0.417176,0.467019,0.533706,0.380470,0.474134,0.531904,0.487389,0.449040,0.461651,0.401890,0.540258,0.558414,0.454927,0.405984,0.457886,0.489117,0.359255,0.368237,0.392738,0.386983,0.433400,0.441956,0.515567,0.445227,0.402335,0.453837,0.504726,0.498296,0.432932,0.420784,0.422533,0.382367,0.417016,0.382920,0.380375,0.407032,0.414128,0.489923,0.484981,0.349557,0.599678,0.375472,0.525497,0.413267,0.334259,0.375021,0.439217,0.537282,0.418604,0.484569,0.408990,0.371622,0.333070,0.338241,0.349295,0.438278,0.466960,0.403687,0.426875,0.489034,0.474811,0.420981,0.470186,0.425340,0.560410,0.385577,0.347963,0.449443,0.447470,0.391984,0.530931,0.447154,0.499219,0.441086,0.352311,0.264641,0.451146,0.398760,0.452362,0.434262,0.402675,0.487226,0.311022,0.447097,0.486356,0.358257,0.395336,0.464144,0.421494,0.437871,0.537762,0.386383,0.454578,0.376579,0.343432,0.324668,0.347323,0.425965,0.374254,0.364135,0.387980,0.382921,0.546897,0.352902,0.366523,0.488949,0.465444,0.540085,0.441352,0.516993,0.448200,0.518112,0.394909,0.239617,0.487487,0.499619,0.372655,0.395783,0.488490,0.512839,0.366979,0.434440,0.371207,0.471270,0.457899,0.349876,0.468662,0.299866,#
18,0.410154,0.407579,0.390364,0.393221,0.217295,0.496437,0.474943,0.416265,0.281345,0.386460,0.452371,0.606657,0.475090,0.470703,0.438460,0.446412,0.512085,0.457889,1.000000,0.382606,0.384144,0.532558,0.375507,0.381073,0.376219,0.483292,0.437101,0.378786,0.333810,0.447389,0.370638,0.454006,0.446901,0.498677,0.410700,0.472083,0.440312,0.544479,0.376724,0.512070,0.502285,0.440888,0.478604,0.296947,0.425162,0.411811,0.531574,0.591530,0.502024,0.467460,0.270890,0.319794,0.409560,0.241183,0.396122,0.471216,0.421741,0.410179,0.482790,0.553045,0.396387,0.485631,0.422591,0.337606,0.491698,0.320430,0.496237,0.406478,0.423482,0.428411,0.450980,0.376483,0.473859,0.351884,0.534060,0.386206,0.456227,0.468528,0.359027,0.350793,0.466438,0.354349,0.470809,0.503634,0.521735,0.524513,0.290831,0.447495,0.452500,0.378321,0.455275,0.357537,0.463332,0.495220,0.412611,0.406970,0.448755,0.439588,0.461550,0.366935,0.418685,0.409865,0.401993,0.369785,0.414288,0.445644,0.422848,0.477544,0.420475,0.463966,0.497791,0.403031,0.489589,0.309401,0.408556,0.442511,0.354311,0.442005,0.468072,0.450298,0.366782,0.384134,0.376449,0.458154,0.502605,0.305594,0.511056,0.366020,0.494044,0.352785,0.419059,0.458361,0.390734,0.366310,0.459384,0.423531,0.457178,0.372892,0.414521,0.388983,0.331955,0.352301,0.383044,0.487893,0.435395,0.428758,0.409681,0.380141,0.406088,0.381474,0.421936,0.331329,0.486487,0.451478,0.418951,0.451270,0.360604,0.391968,0.310378,0.399216,0.451617,0.486675,0.517022,0.393006,0.428432,0.427059,0.512926,0.367341,0.333226,0.500415,0.400483,0.399492,0.443847,0.539505,0.446755,0.418202,0.312548,0.431000,0.497676,0.492626,0.388642,0.440975,0.437834,0.384596,0.298512,0.360977,0.459820,0.379075,0.326108,0.462409,0.378771,0.513371,0.354745,0.472216,0.426596,0.405401,0.410654,0.571332,0.435621,0.453786,#
19,0.434773,0.450533,0.473689,0.373488,0.345798,0.522099,0.406103,0.428737,0.459137,0.351571,0.421552,0.483258,0.366368,0.371500,0.456373,0.373845,0.448321,0.481670,0.382606,1.000000,0.403667,0.367410,0.340358,0.365617,0.478201,0.358908,0.409488,0.382478,0.295500,0.397148,0.453411,0.485653,0.485251,0.383259,0.380743,0.533840,0.370062,0.456012,0.378001,0.465805,0.490564,0.490864,0.428640,0.400381,0.357412,0.465589,0.568653,0.470657,0.444299,0.527270,0.372073,0.260463,0.429709,0.400052,0.343868,0.419151,0.461677,0.408852,0.415854,0.407111,0.366596,0.371847,0.503772,0.425631,0.406032,0.414560,0.511219,0.465919,0.555820,0.405379,0.524833,0.428452,0.479354,0.369714,0.427223,0.376365,0.394416,0.492727,0.401601,0.381091,0.577281,0.339767,0.521329,0.409448,0.495337,0.334659,0.404293,0.380546,0.472225,0.364278,0.374252,0.410106,0.284400,0.422443,0.396821,0.354196,0.435612,0.513628,0.474827,0.451233,0.430628,0.424444,0.439048,0.414247,0.465177,0.318288,0.484773,0.327136,0.389480,0.365295,0.512201,0.350892,0.472034,0.349648,0.385071,0.456778,0.445998,0.419285,0.471321,0.377376,0.506104,0.409544,0.288383,0.516355,0.406346,0.427259,0.392039,0.455183,0.568535,0.482710,0.446495,0.515507,0.428837,0.485789,0.442424,0.511609,0.371673,0.375305,0.457508,0.284519,0.365643,0.360882,0.339765,0.340142,0.429339,0.349744,0.331494,0.287234,0.420829,0.447209,0.336821,0.430794,0.375166,0.463172,0.462334,0.332282,0.489727,0.425846,0.470751,0.441642,0.401728,0.490766,0.390642,0.468358,0.474688,0.441396,0.379891,0.469333,0.330252,0.411006,0.299484,0.481790,0.489702,0.444082,0.526741,0.300532,0.367663,0.469511,0.465606,0.396412,0.358387,0.466565,0.496134,0.474804,0.335531,0.323500,0.356733,0.402178,0.433385,0.458189,0.440651,0.390176,0.368542,0.444695,0.514425,0.403475,0.446289,0.316879,0.418681,0.395035,#
20,0.438862,0.540581,0.394702,0.481777,0.378476,0.441434,0.470098,0.483199,0.478749,0.523581,0.443887,0.463720,0.468020,0.428646,0.475330,0.344991,0.546538,0.389359,0.384144,0.403667,1.000000,0.445690,0.394802,0.525777,0.534024,0.524868,0.418633,0.477583,0.391998,0.375693,0.485806,0.412299,0.485813,0.510503,0.437492,0.444127,0.406121,0.443893,0.377746,0.548128,0.506354,0.481313,0.451015,0.414731,0.499221,0.352712,0.512842,0.510702,0.441161,0.518545,0.374357,0.427302,0.381601,0.410879,0.429159,0.385072,0.271190,0.421853,0.467422,0.450130,0.462767,0.485814,0.494048,0.425173,0.463209,0.461675,0.558214,0.475953,0.482830,0.380062,0.500504,0.471061,0.553193,0.413273,0.389660,0.369285,0.448422,0.517711,0.570391,0.460890,0.525357,0.508189,0.463984,0.420026,0.380550,0.458375,0.445004,0.477100,0.462452,0.575068,0.495726,0.402812,0.355755,0.459754,0.447855,0.489076,0.443678,0.394399,0.506961,0.458129,0.505269,0.491348,0.408819,0.527889,0.472373,0.380844,0.588931,0.439099,0.456586,0.536646,0.416836,0.570143,0.461607,0.272590,0.465052,0.479643,0.416839,0.440393,0.341121,0.363988,0.461540,0.532833,0.395784,0.523226,0.416363,0.441784,0.364753,0.366196,0.399974,0.438179,0.427165,0.436505,0.536700,0.474924,0.449585,0.406022,0.385701,0.536271,0.440313,0.485249,0.412912,0.348389,0.447330,0.448087,0.424089,0.424321,0.471987,0.454659,0.395403,0.428422,0.443356,0.447118,0.398069,0.414616,0.432009,0.394327,0.391917,0.499581,0.459636,0.433819,0.493740,0.478413,0.403041,0.446634,0.471373,0.461071,0.358091,0.459464,0.320968,0.381426,0.447904,0.359697,0.396658,0.498222,0.457784,0.395242,0.369596,0.560358,0.421499,0.512362,0.419899,0.448067,0.468208,0.415018,0.365524,0.468719,0.485491,0.411089,0.445891,0.459960,0.439037,0.459367,0.532664,0.460960,0.536658,0.443928,0.489614,0.501696,0.459851,0.477423,#
21,0.421097,0.642861,0.526118,0.567451,0.441881,0.463020,0.478120,0.412907,0.470755,0.439394,0.451398,0.476107,0.383009,0.383343,0.524622,0.468423,0.349604,0.426321,0.532558,0.367410,0.445690,1.000000,0.495039,0.471048,0.390283,0.375634,0.491973,0.385588,0.502412,0.416997,0.405442,0.375316,0.455410,0.572780,0.487935,0.577712,0.438870,0.466515,0.427076,0.474607,0.431132,0.483413,0.482228,0.463345,0.473517,0.463819,0.504488,0.533116,0.423231,0.531066,0.330600,0.403834,0.486307,0.399376,0.511660,0.476221,0.425358,0.446865,0.603339,0.456862,0.398014,0.544584,0.350618,0.361578,0.476309,0.437257,0.527960,0.462630,0.508285,0.565138,0.491734,0.508644,0.541495,0.486921,0.534634,0.500908,0.503726,0.515998,0.476813,0.404321,0.480798,0.417468,0.566707,0.535836,0.562800,0.510793,0.338429,0.573583,0.549389,0.485032,0.419655,0.357259,0.480240,0.509874,0.505665,0.488785,0.514581,0.498446,0.497109,0.482753,0.474832,0.498676,0.298367,0.482152,0.441523,0.443661,0.430381,0.554424,0.391740,0.530360,0.520735,0.414862,0.521301,0.449986,0.365412,0.332889,0.426259,0.586675,0.488230,0.531847,0.469847,0.447982,0.372063,0.444265,0.378621,0.326274,0.500920,0.426890,0.436837,0.500023,0.487082,0.512163,0.351617,0.481502,0.519125,0.355218,0.417436,0.325285,0.463526,0.479374,0.431528,0.434687,0.318754,0.482814,0.409092,0.518176,0.435352,0.331802,0.446775,0.425193,0.449260,0.491814,0.433569,0.462012,0.390642,0.427219,0.441856,0.459146,0.414938,0.433488,0.403511,0.570738,0.482710,0.510202,0.516857,0.462673,0.512301,0.362554,0.239377,0.484988,0.495235,0.410124,0.471153,0.447571,0.393955,0.426733,0.278956,0.461269,0.515290,0.529890,0.411121,0.550432,0.476574,0.486349,0.409317,0.481216,0.495642,0.382198,0.367260,0.445188,0.420304,0.413564,0.494030,0.438823,0.506742,0.403539,0.450999,0.467733,0.371031,0.574164,#
