0,1.000000,0.565456,0.581405,0.537225,0.365898,0.571091,0.529230,0.579172,0.515694,0.561345,0.549201,0.565379,0.537235,0.441132,0.621167,0.482563,0.533201,0.548103,0.520073,0.532710,0.523367,0.514171,0.567455,0.541497,0.494385,0.484469,0.582211,0.600266,0.410914,0.583745,0.535759,0.464264,0.460145,0.479532,0.576428,0.528514,0.577293,0.551209,0.557317,0.642725,0.562459,0.515727,0.599392,0.609930,0.528538,0.455146,0.612599,0.599378,0.459496,0.596854,0.539516,0.465526,0.616567,0.568012,0.469701,0.568118,0.557419,0.598895,0.539756,0.550542,0.643523,0.500533,0.572674,0.532915,0.511933,0.609629,0.552359,0.660505,0.583955,0.476321,0.597391,0.531449,0.644097,0.519238,0.557694,0.529840,0.534205,0.562140,0.515746,0.520647,0.687050,0.549245,0.535036,0.569562,0.578296,0.632942,0.556087,0.449201,0.460152,0.568527,0.512361,0.568598,0.495571,0.595159,0.585151,0.569410,0.449256,0.529332,0.554522,0.573413,0.530976,0.532669,0.452399,0.535762,0.575226,0.424101,0.423921,0.609251,0.566915,0.544126,0.625287,0.482650,0.631828,0.426757,0.518534,0.653218,0.447666,0.508386,0.513496,0.540746,0.490800,0.722708,0.535266,0.619357,0.494338,0.488043,0.527965,0.471848,0.455883,0.495639,0.501674,0.562866,0.498396,0.504663,0.557259,0.465757,0.520331,0.587060,0.522266,0.521035,0.440445,0.513076,0.462616,0.619229,0.617927,0.507146,0.499363,0.474698,0.584352,0.539946,0.513658,0.463151,0.543252,0.509479,0.497424,0.489994,0.469890,0.561717,0.584613,0.587635,0.588562,0.639122,0.476554,0.528794,0.558637,0.599340,0.609218,0.485695,0.507926,0.585686,0.567286,0.508681,0.559068,0.581146,0.633633,0.412565,0.445062,0.574199,0.580558,0.621975,0.473776,0.611164,0.481050,0.535355,0.521652,0.484879,0.541823,0.591155,0.516503,0.605476,0.549389,0.565165,0.506361,0.530558,0.507715,0.494214,0.473697,0.499001,0.594832,0.545255,#
1,0.565456,1.000000,0.536020,0.602157,0.446157,0.640026,0.493752,0.521655,0.510982,0.564121,0.558818,0.512735,0.529869,0.548936,0.622464,0.472887,0.516572,0.469912,0.527980,0.573556,0.618154,0.695614,0.659134,0.640801,0.520950,0.468076,0.624670,0.552251,0.427387,0.475335,0.607410,0.551118,0.539464,0.593958,0.611349,0.662834,0.455685,0.618758,0.577378,0.594947,0.516789,0.522113,0.512890,0.577622,0.523758,0.585968,0.605931,0.589005,0.609137,0.614751,0.505548,0.568404,0.638180,0.509762,0.565551,0.554212,0.560646,0.603250,0.644134,0.541902,0.458923,0.620030,0.447783,0.397157,0.549226,0.516231,0.614932,0.659605,0.637566,0.604629,0.572680,0.582363,0.707655,0.449885,0.535096,0.603200,0.529335,0.626645,0.557378,0.545893,0.625194,0.580062,0.689399,0.622442,0.569050,0.559149,0.544873,0.486700,0.624446,0.578390,0.572858,0.527033,0.534703,0.560387,0.484957,0.485822,0.550732,0.556890,0.514924,0.612977,0.546302,0.643528,0.489358,0.588220,0.553481,0.440733,0.457354,0.594081,0.501486,0.493143,0.569480,0.569032,0.571176,0.469682,0.550163,0.516887,0.606917,0.660569,0.499168,0.484095,0.658513,0.600035,0.450637,0.593756,0.400059,0.409842,0.586383,0.577280,0.566569,0.597966,0.496767,0.565956,0.463113,0.606356,0.570885,0.470450,0.487594,0.519481,0.593654,0.484773,0.560349,0.469633,0.488464,0.523885,0.501720,0.590806,0.565898,0.479404,0.585293,0.527077,0.592652,0.551912,0.568678,0.505691,0.566508,0.477569,0.515478,0.607637,0.522392,0.539001,0.507941,0.620368,0.566466,0.612670,0.580710,0.525817,0.531513,0.602234,0.371280,0.558022,0.612132,0.471288,0.566780,0.615310,0.566322,0.441997,0.499589,0.607320,0.565163,0.572253,0.501050,0.541542,0.502905,0.479591,0.442244,0.596954,0.570876,0.423216,0.517606,0.549632,0.577882,0.465784,0.511522,0.572831,0.655284,0.487306,0.532746,0.560128,0.502404,0.582677,#
2,0.581405,0.536020,1.000000,0.497518,0.339170,0.578781,0.535473,0.617803,0.486708,0.564575,0.576707,0.483665,0.427762,0.437229,0.565187,0.430336,0.521612,0.542009,0.500245,0.561559,0.496398,0.578027,0.453401,0.548927,0.499289,0.399538,0.587957,0.588034,0.501406,0.537762,0.540171,0.490382,0.571176,0.531596,0.563119,0.576003,0.572456,0.518562,0.624611,0.572129,0.606396,0.601994,0.465748,0.504678,0.473834,0.561141,0.655526,0.510013,0.529915,0.704865,0.424524,0.451644,0.508364,0.582539,0.613110,0.509203,0.596541,0.575241,0.485479,0.515890,0.542198,0.620574,0.557930,0.563296,0.542590,0.520499,0.692436,0.513421,0.618357,0.549550,0.643423,0.494333,0.623417,0.495537,0.582091,0.599449,0.590847,0.645011,0.540713,0.652256,0.573177,0.596031,0.613909,0.630678,0.560334,0.612539,0.633904,0.607627,0.597801,0.526730,0.620013,0.576876,0.515442,0.499314,0.650761,0.518932,0.499504,0.545107,0.617638,0.588067,0.528340,0.451835,0.438375,0.536006,0.527730,0.615148,0.530453,0.482496,0.624044,0.547044,0.568168,0.447116,0.662247,0.432733,0.571781,0.476563,0.477744,0.510937,0.548511,0.484971,0.564616,0.624847,0.426487,0.544536,0.471644,0.474606,0.568496,0.506705,0.534111,0.582433,0.569252,0.659262,0.576279,0.623844,0.558503,0.525340,0.453270,0.480379,0.509210,0.493041,0.612154,0.451200,0.464502,0.476094,0.531137,0.648145,0.519160,0.492068,0.537157,0.480297,0.577714,0.486651,0.526089,0.552161,0.457992,0.602436,0.488157,0.525456,0.425869,0.499519,0.496416,0.449124,0.518273,0.540017,0.452968,0.617536,0.661909,0.538148,0.386908,0.503650,0.561217,0.505064,0.487187,0.495942,0.537855,0.496996,0.448206,0.560060,0.574444,0.546248,0.496904,0.597668,0.515466,0.589784,0.408854,0.500264,0.549162,0.532627,0.578758,0.508910,0.515240,0.532847,0.567487,0.539307,0.570990,0.590122,0.530355,0.612422,0.463824,0.548984,#
3,0.537225,0.602157,0.497518,1.000000,0.474719,0.541758,0.460253,0.533336,0.482984,0.564162,0.482109,0.513383,0.548951,0.459810,0.542242,0.497568,0.502371,0.449724,0.473260,0.472565,0.547661,0.614839,0.505421,0.484319,0.602485,0.537568,0.545880,0.550690,0.500313,0.450067,0.501129,0.541503,0.516053,0.592496,0.518010,0.522296,0.466264,0.526111,0.407807,0.598404,0.551903,0.531432,0.473097,0.473491,0.515841,0.587260,0.586377,0.585973,0.605607,0.573736,0.482436,0.399814,0.549039,0.476264,0.559568,0.487287,0.405180,0.534503,0.655387,0.520989,0.514650,0.557284,0.441334,0.467099,0.572539,0.591552,0.495816,0.548350,0.518785,0.527126,0.525721,0.575078,0.623969,0.527828,0.535619,0.496498,0.503021,0.547216,0.522475,0.576273,0.606954,0.490135,0.558458,0.571508,0.514101,0.526503,0.528055,0.461123,0.509624,0.541442,0.441247,0.536130,0.534781,0.554853,0.538714,0.551928,0.498099,0.454105,0.426302,0.545582,0.509003,0.480905,0.390797,0.514995,0.531391,0.487471,0.523913,0.614883,0.487024,0.494839,0.476937,0.526860,0.544506,0.504672,0.550418,0.553659,0.501615,0.522869,0.493050,0.456555,0.441393,0.570163,0.377852,0.552917,0.435594,0.437551,0.577248,0.497308,0.506564,0.561242,0.475060,0.580525,0.456163,0.606860,0.613376,0.505889,0.586753,0.475820,0.501155,0.473277,0.517909,0.450619,0.420538,0.473487,0.443659,0.599639,0.498149,0.492119,0.513816,0.411835,0.449343,0.458365,0.495707,0.479807,0.502645,0.448045,0.572552,0.588246,0.447986,0.558648,0.603452,0.578439,0.464862,0.648882,0.501926,0.533059,0.507195,0.455670,0.461667,0.489742,0.569585,0.531698,0.487434,0.550696,0.481201,0.515782,0.405393,0.502258,0.590059,0.516846,0.442272,0.597272,0.482536,0.468931,0.424805,0.508600,0.465822,0.392862,0.610234,0.575101,0.478605,0.469107,0.508964,0.499211,0.556169,0.507793,0.519640,0.523830,0.471554,0.557126,#
4,0.365898,0.446157,0.339170,0.474719,1.000000,0.497940,0.485715,0.337753,0.296649,0.451616,0.437243,0.414278,0.324244,0.368210,0.413800,0.412213,0.327108,0.418436,0.308049,0.458864,0.471777,0.511977,0.396661,0.431593,0.443147,0.252221,0.381673,0.411133,0.420297,0.429186,0.490394,0.329452,0.431770,0.329483,0.399647,0.438296,0.343791,0.376665,0.302553,0.518352,0.385124,0.374334,0.400334,0.513498,0.448019,0.395401,0.521228,0.408466,0.411226,0.472404,0.396628,0.366165,0.437120,0.230156,0.431143,0.424733,0.316549,0.424132,0.520674,0.424584,0.362362,0.490726,0.430061,0.357464,0.428750,0.553061,0.457881,0.389650,0.442378,0.449112,0.513849,0.519506,0.399654,0.306009,0.337305,0.454837,0.410402,0.488185,0.445011,0.417882,0.387856,0.414610,0.476480,0.331433,0.502527,0.319608,0.416891,0.332782,0.473763,0.506885,0.340263,0.328175,0.331314,0.475382,0.391829,0.414508,0.451034,0.319531,0.305060,0.381043,0.462173,0.531370,0.353315,0.422385,0.451289,0.291718,0.428249,0.424207,0.414612,0.451635,0.397714,0.421958,0.525247,0.509239,0.346478,0.385236,0.323607,0.586299,0.331717,0.387125,0.443029,0.407946,0.442563,0.449447,0.325681,0.381190,0.415586,0.281538,0.505225,0.481207,0.533672,0.503757,0.342779,0.440807,0.501580,0.418179,0.395630,0.454657,0.394005,0.357538,0.321980,0.453091,0.366605,0.418252,0.345137,0.447307,0.435745,0.347402,0.387396,0.450676,0.394761,0.502674,0.349192,0.309231,0.444658,0.341989,0.483506,0.505574,0.467185,0.385323,0.301068,0.478216,0.425025,0.502938,0.446301,0.361684,0.456349,0.351514,0.298918,0.412576,0.414751,0.379461,0.443076,0.339459,0.465896,0.391783,0.339270,0.448549,0.440480,0.479851,0.504967,0.442323,0.490618,0.400005,0.473667,0.428920,0.341098,0.507736,0.351387,0.321705,0.386694,0.308827,0.403088,0.418407,0.425263,0.245376,0.351111,0.399296,0.403980,0.417591,#
5,0.571091,0.640026,0.578781,0.541758,0.497940,1.000000,0.490535,0.555792,0.476868,0.552659,0.486039,0.519459,0.500270,0.490422,0.558702,0.414408,0.469467,0.498526,0.554713,0.597167,0.520895,0.528857,0.479345,0.526097,0.574744,0.501525,0.557617,0.621767,0.430717,0.594158,0.567873,0.557523,0.559064,0.626195,0.529655,0.601059,0.528493,0.475537,0.504687,0.594093,0.538821,0.521507,0.441650,0.546762,0.564586,0.537244,0.582976,0.642463,0.528698,0.607799,0.537993,0.402585,0.568843,0.523984,0.595965,0.630869,0.519741,0.565120,0.619843,0.593804,0.441691,0.512667,0.527428,0.562777,0.504001,0.506621,0.557965,0.560411,0.596106,0.597684,0.647847,0.567904,0.644857,0.522247,0.559126,0.484001,0.507230,0.664905,0.545264,0.504966,0.587412,0.571758,0.619076,0.555217,0.556092,0.511527,0.489333,0.487224,0.598534,0.588813,0.569651,0.459478,0.461149,0.575025,0.500917,0.369384,0.566642,0.556048,0.586820,0.439448,0.615460,0.569979,0.584947,0.574359,0.541406,0.489488,0.558219,0.565562,0.491282,0.566153,0.529711,0.570482,0.581187,0.445258,0.451352,0.472929,0.586484,0.650315,0.508642,0.504704,0.519605,0.601010,0.486191,0.652009,0.443674,0.477006,0.631223,0.450225,0.580250,0.464245,0.516927,0.645888,0.557493,0.641791,0.606784,0.426860,0.403972,0.585719,0.489639,0.445516,0.478758,0.441888,0.529506,0.532929,0.664047,0.504548,0.489561,0.494317,0.524554,0.590949,0.627568,0.535290,0.571859,0.523676,0.499744,0.463937,0.559225,0.571892,0.534329,0.546679,0.531010,0.611085,0.510558,0.602115,0.574574,0.515019,0.489410,0.547181,0.428583,0.470003,0.648819,0.496337,0.559123,0.468558,0.493336,0.503672,0.484188,0.624557,0.620394,0.628212,0.529343,0.545593,0.418916,0.513209,0.469161,0.567835,0.490401,0.541885,0.635558,0.561492,0.499940,0.594752,0.530707,0.614891,0.586371,0.523589,0.469672,0.603180,0.526275,0.555409,#
6,0.529230,0.493752,0.535473,0.460253,0.485715,0.490535,1.000000,0.482306,0.522723,0.609422,0.571099,0.594349,0.448640,0.533116,0.461500,0.623824,0.576706,0.605311,0.536677,0.542931,0.562694,0.562193,0.459869,0.473745,0.603149,0.521630,0.555268,0.564245,0.463045,0.546020,0.576687,0.579443,0.607022,0.541429,0.480467,0.566915,0.600008,0.572127,0.495197,0.559645,0.627634,0.556175,0.593175,0.581876,0.528460,0.464905,0.590037,0.624238,0.588128,0.634853,0.499006,0.501151,0.559164,0.383389,0.491648,0.535129,0.556472,0.612862,0.618242,0.462117,0.585992,0.635004,0.529811,0.487746,0.598541,0.583247,0.665898,0.606127,0.626960,0.498678,0.652807,0.683999,0.545334,0.487145,0.481725,0.570699,0.632459,0.681626,0.637276,0.556013,0.599573,0.546146,0.527271,0.681324,0.601439,0.492507,0.573588,0.519331,0.553068,0.550722,0.482203,0.535637,0.421294,0.599756,0.524091,0.533811,0.562072,0.553302,0.496470,0.543494,0.566724,0.591452,0.526133,0.545849,0.616983,0.436692,0.547391,0.557038,0.597341,0.497595,0.501098,0.502690,0.577866,0.510060,0.449484,0.536301,0.425984,0.585590,0.415246,0.565955,0.490764,0.514899,0.432137,0.576388,0.505763,0.452114,0.487155,0.526236,0.548261,0.520281,0.600695,0.589324,0.491119,0.512878,0.574305,0.502853,0.543190,0.503199,0.604139,0.564017,0.541514,0.484405,0.418200,0.516523,0.536831,0.595995,0.604383,0.567572,0.484368,0.510698,0.509487,0.568781,0.419613,0.509415,0.463373,0.457990,0.503529,0.416606,0.466574,0.610942,0.525526,0.559385,0.452890,0.549422,0.566945,0.606734,0.605203,0.425055,0.453994,0.570890,0.525112,0.599865,0.438954,0.453060,0.575868,0.559786,0.456864,0.560495,0.567828,0.589306,0.581645,0.569480,0.588504,0.579325,0.441623,0.463265,0.568075,0.514230,0.516317,0.535403,0.502805,0.551447,0.463061,0.505449,0.576295,0.580680,0.585661,0.557099,0.531879,0.569553,#
7,0.579172,0.521655,0.617803,0.533336,0.337753,0.555792,0.482306,1.000000,0.493592,0.465316,0.504620,0.458282,0.507674,0.494854,0.564055,0.429957,0.470642,0.562013,0.501642,0.505689,0.521956,0.494301,0.560748,0.449401,0.513936,0.507203,0.517891,0.485890,0.463060,0.586360,0.499174,0.516580,0.450699,0.526869,0.548633,0.521364,0.473569,0.552604,0.545583,0.557582,0.534701,0.576082,0.440359,0.503092,0.478543,0.498008,0.575956,0.585790,0.593485,0.544189,0.524785,0.459893,0.558069,0.521606,0.560332,0.514454,0.558799,0.507075,0.600904,0.639876,0.461699,0.549056,0.554467,0.478990,0.554735,0.532686,0.620398,0.519612,0.553325,0.429037,0.614057,0.483030,0.606771,0.524268,0.515217,0.554689,0.512833,0.561797,0.434203,0.465541,0.658645,0.479757,0.618140,0.578336,0.520143,0.560005,0.554631,0.502471,0.503114,0.530486,0.530912,0.541172,0.482250,0.504849,0.592162,0.545783,0.534376,0.588628,0.566960,0.550710,0.513090,0.488734,0.398593,0.441679,0.567925,0.418002,0.471441,0.552314,0.558948,0.447045,0.610760,0.520963,0.635756,0.439613,0.508270,0.545339,0.460960,0.528244,0.501298,0.567043,0.559571,0.539469,0.465392,0.554021,0.536967,0.515076,0.501607,0.529137,0.425124,0.524717,0.490926,0.583005,0.551282,0.473944,0.527003,0.539702,0.472336,0.624791,0.458539,0.483580,0.436742,0.450827,0.555380,0.534355,0.578030,0.564203,0.536766,0.404092,0.479429,0.455173,0.476014,0.499252,0.497169,0.411931,0.425586,0.519480,0.525779,0.555916,0.477219,0.549981,0.525805,0.503381,0.599544,0.528245,0.529306,0.539562,0.553139,0.424882,0.356857,0.471659,0.607309,0.448215,0.488925,0.545059,0.516089,0.386692,0.438485,0.440639,0.554748,0.552058,0.452992,0.563164,0.488394,0.564693,0.476747,0.500685,0.568734,0.476432,0.579615,0.595709,0.504771,0.507331,0.481304,0.514060,0.582434,0.507541,0.504425,0.614318,0.543112,0.528074,#
8,0.515694,0.510982,0.486708,0.482984,0.296649,0.476868,0.522723,0.493592,1.000000,0.538434,0.502703,0.519570,0.491851,0.506710,0.539421,0.527590,0.454228,0.510396,0.346247,0.511914,0.517220,0.519937,0.456700,0.456859,0.589537,0.436048,0.498124,0.387983,0.503621,0.459804,0.535475,0.481939,0.443879,0.450568,0.478452,0.649952,0.509514,0.506112,0.411902,0.500191,0.463163,0.429801,0.616810,0.515500,0.485738,0.419562,0.526236,0.489847,0.508596,0.513811,0.525872,0.436127,0.507239,0.495746,0.437396,0.521180,0.518422,0.514295,0.486656,0.411312,0.476190,0.541278,0.581797,0.516955,0.566550,0.551067,0.554618,0.602490,0.664022,0.439361,0.586139,0.557258,0.579817,0.432690,0.557632,0.456110,0.535780,0.575263,0.503969,0.496632,0.568663,0.515219,0.517301,0.533716,0.523692,0.468769,0.510758,0.518492,0.453548,0.446674,0.490442,0.486041,0.374082,0.456307,0.408830,0.462080,0.563173,0.597661,0.578206,0.578442,0.515241,0.386750,0.539480,0.594556,0.400379,0.455571,0.484518,0.501045,0.440683,0.569428,0.429217,0.486991,0.559837,0.404157,0.402667,0.541783,0.480402,0.485176,0.417585,0.550144,0.440879,0.494385,0.390738,0.582609,0.479368,0.503962,0.412721,0.434712,0.526729,0.539728,0.400704,0.585743,0.498959,0.421492,0.461892,0.503988,0.490569,0.452199,0.518008,0.478625,0.472352,0.435083,0.503870,0.381345,0.500278,0.495321,0.473635,0.499863,0.534205,0.490417,0.452180,0.543795,0.373822,0.577593,0.442268,0.384260,0.484859,0.611953,0.599212,0.496797,0.509311,0.426554,0.471581,0.443317,0.441467,0.502485,0.527198,0.539647,0.486384,0.388028,0.515438,0.544357,0.375886,0.471587,0.536703,0.441473,0.458661,0.540511,0.502375,0.506360,0.452977,0.529059,0.531005,0.438863,0.435888,0.394454,0.606247,0.469666,0.467573,0.525392,0.582734,0.526686,0.518519,0.527075,0.495926,0.400845,0.387237,0.495909,0.465566,0.580300,#
9,0.561345,0.564121,0.564575,0.564162,0.451616,0.552659,0.609422,0.465316,0.538434,1.000000,0.582320,0.490538,0.551455,0.553338,0.629769,0.551198,0.553021,0.576682,0.474797,0.488392,0.606663,0.521798,0.473020,0.573329,0.575535,0.442848,0.528235,0.669442,0.501276,0.514207,0.522167,0.614881,0.540440,0.529641,0.467740,0.575224,0.555962,0.552144,0.517828,0.606836,0.576388,0.551943,0.508308,0.545634,0.582931,0.528706,0.592130,0.541908,0.587565,0.619624,0.570109,0.436666,0.483783,0.476435,0.498241,0.531459,0.588248,0.671835,0.501016,0.562096,0.547896,0.606801,0.560270,0.456366,0.464705,0.598793,0.620467,0.588677,0.666694,0.524425,0.584832,0.605595,0.619738,0.494025,0.501745,0.566723,0.616872,0.645291,0.551958,0.650032,0.659180,0.608742,0.577648,0.656660,0.521170,0.527414,0.607086,0.625314,0.589274,0.590457,0.536355,0.519424,0.544679,0.547559,0.567092,0.501190,0.534926,0.456191,0.545160,0.623775,0.616138,0.609742,0.581084,0.580637,0.566888,0.522422,0.506613,0.605780,0.612688,0.589304,0.551603,0.570904,0.591142,0.528805,0.528335,0.592499,0.384937,0.586720,0.473875,0.535942,0.431903,0.632936,0.472861,0.607577,0.533935,0.507420,0.549978,0.531043,0.582130,0.541832,0.485682,0.646075,0.503781,0.568324,0.591087,0.446727,0.561440,0.561267,0.535896,0.497351,0.646460,0.607308,0.570937,0.629718,0.580813,0.663751,0.545764,0.600252,0.581102,0.538242,0.504914,0.534839,0.530053,0.536352,0.520897,0.484435,0.498624,0.583356,0.531595,0.582458,0.576917,0.603754,0.564841,0.554355,0.534544,0.635295,0.489753,0.568675,0.509264,0.519871,0.551393,0.491365,0.498343,0.430178,0.594103,0.544003,0.579698,0.617581,0.521775,0.601488,0.599656,0.565287,0.585238,0.483275,0.478277,0.495534,0.569202,0.542466,0.583668,0.526681,0.533923,0.520961,0.486097,0.522417,0.482643,0.506863,0.607452,0.547242,0.494539,0.562426,#
10,0.549201,0.558818,0.576707,0.482109,0.437243,0.486039,0.571099,0.504620,0.502703,0.582320,1.000000,0.558203,0.540396,0.501322,0.511177,0.515194,0.564269,0.506919,0.584006,0.557684,0.552414,0.536767,0.494937,0.609353,0.539702,0.486746,0.537239,0.602512,0.525910,0.548251,0.544741,0.477035,0.541558,0.554382,0.568128,0.582102,0.588390,0.572562,0.513527,0.559246,0.583567,0.475566,0.548706,0.485093,0.501730,0.545295,0.687046,0.571734,0.536960,0.675583,0.500702,0.549376,0.545671,0.428876,0.566614,0.608459,0.589549,0.641575,0.482073,0.578752,0.535837,0.622174,0.623978,0.545944,0.551081,0.500333,0.654007,0.571385,0.670358,0.497060,0.701032,0.616542,0.625805,0.382426,0.547480,0.641432,0.515223,0.637739,0.607521,0.510244,0.644824,0.513214,0.576782,0.568820,0.555710,0.530515,0.607376,0.482935,0.551790,0.651957,0.474391,0.554421,0.580515,0.462622,0.460934,0.547208,0.541956,0.624695,0.544205,0.583795,0.510280,0.488882,0.501766,0.583130,0.513511,0.523470,0.571450,0.503001,0.516021,0.532640,0.580371,0.475066,0.664628,0.519302,0.522320,0.558411,0.421365,0.575725,0.500109,0.508598,0.514318,0.570507,0.422127,0.581328,0.431998,0.470741,0.576439,0.537086,0.599657,0.549269,0.536356,0.617786,0.504720,0.551136,0.603490,0.666587,0.482033,0.508351,0.610139,0.596341,0.598083,0.561709,0.483287,0.561828,0.513787,0.607404,0.592959,0.524533,0.518738,0.568568,0.484208,0.492911,0.478956,0.515631,0.580831,0.494227,0.552250,0.605855,0.504701,0.484178,0.596680,0.508456,0.498302,0.580337,0.538893,0.572693,0.575819,0.498185,0.490637,0.569377,0.499436,0.635700,0.441343,0.504763,0.623863,0.532757,0.464890,0.543612,0.532708,0.608667,0.462321,0.529439,0.554354,0.504261,0.384466,0.539514,0.597655,0.556689,0.483360,0.566130,0.509837,0.469448,0.514619,0.607614,0.560593,0.512212,0.522695,0.544448,0.545183,0.643346,#
11,0.565379,0.512735,0.483665,0.513383,0.414278,0.519459,0.594349,0.458282,0.519570,0.490538,0.558203,1.000000,0.524489,0.540982,0.585894,0.525238,0.511198,0.591974,0.622018,0.526265,0.494682,0.507447,0.532124,0.535483,0.594057,0.466066,0.501269,0.497726,0.524986,0.440066,0.577515,0.539800,0.594290,0.508946,0.450582,0.526335,0.564306,0.603681,0.423948,0.536304,0.602807,0.441962,0.569541,0.461560,0.503666,0.387323,0.593190,0.634562,0.501045,0.573829,0.387473,0.413921,0.611023,0.393108,0.539688,0.529160,0.461175,0.660120,0.573250,0.585581,0.452224,0.511819,0.601579,0.478954,0.523585,0.527571,0.572609,0.587736,0.636614,0.482669,0.601188,0.489750,0.547933,0.548298,0.654061,0.536871,0.597689,0.650765,0.558220,0.467846,0.514972,0.469736,0.619524,0.549404,0.625982,0.473327,0.466258,0.502165,0.491465,0.481317,0.501800,0.492651,0.440631,0.527314,0.430448,0.529775,0.504492,0.595486,0.518406,0.568487,0.510123,0.529090,0.539221,0.558779,0.539241,0.434357,0.551675,0.562817,0.568251,0.501554,0.560574,0.575460,0.604674,0.438359,0.483580,0.507784,0.487448,0.478529,0.453947,0.635595,0.466182,0.520823,0.469748,0.640840,0.498723,0.462346,0.577422,0.564626,0.540995,0.555569,0.560232,0.558546,0.565315,0.517604,0.572592,0.526692,0.542437,0.544468,0.552549,0.568457,0.456324,0.426589,0.523033,0.565308,0.511306,0.571649,0.581043,0.503557,0.470630,0.466886,0.473903,0.502535,0.459338,0.645452,0.512720,0.489415,0.519843,0.512851,0.463804,0.521100,0.640109,0.570191,0.515632,0.545966,0.539330,0.579114,0.634910,0.452269,0.474421,0.578092,0.591833,0.570434,0.532874,0.603359,0.552321,0.522030,0.559241,0.505197,0.557669,0.577033,0.497753,0.499348,0.599312,0.479886,0.476088,0.397152,0.593196,0.576965,0.434931,0.451624,0.584060,0.585615,0.503941,0.517604,0.501082,0.496425,0.484466,0.521748,0.540163,0.543330,#
12,0.537235,0.529869,0.427762,0.548951,0.324244,0.500270,0.448640,0.507674,0.491851,0.551455,0.540396,0.524489,1.000000,0.508047,0.596253,0.453622,0.434875,0.489543,0.545334,0.459831,0.550278,0.451135,0.539684,0.551607,0.567808,0.538631,0.474510,0.528994,0.453483,0.503096,0.481627,0.442659,0.465186,0.574514,0.557987,0.568833,0.525097,0.557161,0.513079,0.503419,0.432513,0.385580,0.480153,0.477706,0.567822,0.501649,0.641046,0.533581,0.567919,0.597954,0.561213,0.353564,0.441294,0.448642,0.521792,0.541853,0.515013,0.484777,0.532156,0.452310,0.458330,0.519488,0.574075,0.415759,0.542933,0.548311,0.481417,0.547788,0.655099,0.506556,0.550454,0.533432,0.566557,0.442004,0.552455,0.533830,0.543518,0.583975,0.508624,0.526097,0.603203,0.471006,0.582144,0.521482,0.492840,0.528506,0.460154,0.522069,0.461103,0.474163,0.561427,0.477986,0.544729,0.495618,0.456444,0.514926,0.530038,0.458057,0.422597,0.469308,0.432007,0.526936,0.467617,0.524176,0.453195,0.420934,0.415102,0.507162,0.568217,0.538896,0.534180,0.521078,0.610302,0.373135,0.541713,0.531744,0.322101,0.438456,0.478629,0.548353,0.465598,0.585062,0.371543,0.553416,0.461425,0.551458,0.589152,0.409996,0.459802,0.490433,0.341335,0.455138,0.435455,0.478964,0.441909,0.465356,0.393007,0.501234,0.471200,0.418415,0.502156,0.418184,0.434550,0.566153,0.396784,0.581952,0.536169,0.435435,0.504539,0.507964,0.525204,0.364746,0.525369,0.422006,0.481956,0.507915,0.542151,0.627093,0.556921,0.466360,0.500802,0.579892,0.494853,0.513657,0.582917,0.433700,0.444852,0.553353,0.436000,0.494847,0.561020,0.424418,0.498966,0.498629,0.491063,0.428953,0.535343,0.535565,0.391559,0.510884,0.451624,0.588310,0.514038,0.410105,0.360128,0.410368,0.488853,0.508180,0.554062,0.511044,0.469101,0.482381,0.383888,0.463254,0.444445,0.508797,0.477493,0.535255,0.538507,0.487392,#
13,0.441132,0.548936,0.437229,0.459810,0.368210,0.490422,0.533116,0.494854,0.506710,0.553338,0.501322,0.540982,0.508047,1.000000,0.499549,0.457983,0.409636,0.570819,0.538155,0.499988,0.543439,0.460243,0.575468,0.510052,0.551998,0.514895,0.451364,0.519230,0.456450,0.564640,0.460289,0.449399,0.528285,0.559460,0.330604,0.538671,0.521716,0.624747,0.420883,0.558273,0.636842,0.502764,0.537131,0.466718,0.559721,0.561488,0.531348,0.567227,0.590944,0.582771,0.513923,0.495526,0.500239,0.441579,0.557039,0.598148,0.583805,0.617786,0.561682,0.578480,0.491751,0.564163,0.517316,0.483274,0.595852,0.553760,0.582232,0.611323,0.642814,0.493472,0.538636,0.544753,0.632084,0.524006,0.515678,0.486093,0.581759,0.602308,0.598745,0.511604,0.565107,0.546460,0.577006,0.635029,0.473388,0.598951,0.480423,0.448000,0.609342,0.487609,0.450218,0.580511,0.460989,0.530232,0.455409,0.469827,0.529627,0.481221,0.499889,0.570668,0.529086,0.560875,0.602407,0.552241,0.552556,0.520246,0.500263,0.598160,0.477905,0.520258,0.484375,0.529503,0.554405,0.436856,0.545514,0.545443,0.421869,0.526890,0.519006,0.475693,0.543100,0.526373,0.492010,0.518621,0.455727,0.494886,0.561346,0.501906,0.506727,0.516417,0.508422,0.482291,0.481424,0.556803,0.496367,0.518616,0.491480,0.571393,0.623692,0.483910,0.596382,0.525685,0.515347,0.449264,0.464602,0.530874,0.557707,0.495564,0.535020,0.487214,0.550867,0.553833,0.427874,0.530772,0.459119,0.454500,0.566333,0.519663,0.576057,0.498625,0.577704,0.532633,0.508166,0.547253,0.545880,0.509885,0.522612,0.503881,0.470226,0.530058,0.571332,0.584992,0.561833,0.591598,0.603749,0.542403,0.520395,0.509054,0.579462,0.532534,0.510815,0.518389,0.616082,0.400813,0.451756,0.495504,0.490156,0.515641,0.474653,0.545406,0.556469,0.499574,0.504030,0.545629,0.519337,0.529503,0.525854,0.619033,0.536528,0.484425,#
14,0.621167,0.622464,0.565187,0.542242,0.413800,0.558702,0.461500,0.564055,0.539421,0.629769,0.511177,0.585894,0.596253,0.499549,1.000000,0.455273,0.521394,0.522971,0.467575,0.508026,0.516234,0.539568,0.565431,0.625523,0.549222,0.396733,0.551466,0.522018,0.483141,0.536656,0.644994,0.444982,0.529747,0.491174,0.616508,0.584876,0.458322,0.577611,0.582573,0.541543,0.563595,0.510415,0.493301,0.547723,0.515534,0.532759,0.617305,0.502899,0.556065,0.580832,0.494050,0.520174,0.545431,0.537359,0.546119,0.542301,0.502348,0.502803,0.569427,0.500557,0.504071,0.588475,0.571395,0.494683,0.527450,0.524893,0.538979,0.574960,0.624338,0.516441,0.577465,0.525583,0.629643,0.573686,0.617900,0.555311,0.498181,0.638735,0.532371,0.525132,0.601537,0.509607,0.611826,0.547907,0.580682,0.555814,0.454874,0.452733,0.549827,0.476378,0.528606,0.463509,0.515721,0.625507,0.588217,0.502363,0.477828,0.497154,0.514157,0.548077,0.530247,0.561087,0.540096,0.488331,0.555874,0.510821,0.473864,0.475987,0.650285,0.575378,0.599257,0.569523,0.650911,0.473828,0.418218,0.545477,0.416964,0.467194,0.499874,0.595421,0.510640,0.578427,0.447351,0.542967,0.522141,0.427799,0.573645,0.559512,0.459457,0.513170,0.415878,0.594981,0.441606,0.476127,0.563061,0.495249,0.562243,0.527804,0.538659,0.455842,0.508582,0.560406,0.473344,0.553436,0.490172,0.585844,0.611012,0.451805,0.503148,0.458637,0.580504,0.508927,0.504397,0.552588,0.495782,0.496663,0.489715,0.558965,0.433385,0.554188,0.572260,0.485258,0.550507,0.456386,0.583716,0.513382,0.497868,0.512426,0.400297,0.547890,0.540989,0.414530,0.560077,0.529217,0.627704,0.456990,0.496583,0.553607,0.530982,0.583575,0.492315,0.566540,0.500997,0.511242,0.514653,0.511117,0.601415,0.507967,0.562600,0.493208,0.558542,0.492596,0.532370,0.530388,0.489346,0.474949,0.493227,0.556907,0.446277,0.455929,#
15,0.482563,0.472887,0.430336,0.497568,0.412213,0.414408,0.623824,0.429957,0.527590,0.551198,0.515194,0.525238,0.453622,0.457983,0.455273,1.000000,0.451414,0.544937,0.524338,0.482731,0.435854,0.538708,0.460115,0.489475,0.516448,0.390668,0.390450,0.456520,0.418052,0.398380,0.558119,0.523887,0.472080,0.595221,0.403036,0.531303,0.514951,0.592232,0.405109,0.438222,0.461765,0.399709,0.505743,0.487292,0.501381,0.449401,0.524138,0.459927,0.518932,0.544830,0.445945,0.440986,0.462293,0.406320,0.445791,0.454096,0.536007,0.520938,0.512266,0.494406,0.512851,0.576369,0.504586,0.443079,0.515101,0.485470,0.528445,0.584252,0.528694,0.436670,0.541939,0.510975,0.469764,0.442345,0.495943,0.482300,0.490338,0.522390,0.552098,0.447081,0.453950,0.460915,0.539041,0.583361,0.549892,0.448544,0.390294,0.411266,0.472864,0.390436,0.408843,0.512102,0.475944,0.518349,0.382611,0.474518,0.464088,0.549644,0.494069,0.585352,0.472071,0.491224,0.483665,0.495508,0.504251,0.375399,0.394506,0.514965,0.441844,0.509984,0.453253,0.356489,0.582211,0.417388,0.550559,0.445794,0.325257,0.452973,0.405178,0.622091,0.393770,0.527231,0.437540,0.539569,0.416971,0.432041,0.443358,0.430659,0.533580,0.544439,0.533576,0.493651,0.366609,0.386444,0.508312,0.558458,0.571879,0.445391,0.418975,0.486806,0.455835,0.410100,0.432805,0.478748,0.492955,0.533281,0.434057,0.448732,0.474234,0.457335,0.509864,0.551032,0.451960,0.531805,0.421119,0.457403,0.460842,0.432836,0.516912,0.510332,0.470712,0.535123,0.512151,0.564206,0.484976,0.482139,0.485022,0.390027,0.444238,0.500803,0.419350,0.530317,0.360253,0.529731,0.499658,0.538560,0.423086,0.460182,0.544273,0.527165,0.470616,0.519753,0.459862,0.515846,0.479014,0.330673,0.438612,0.405378,0.404992,0.459432,0.415181,0.507079,0.431530,0.450473,0.442001,0.472383,0.457996,0.434128,0.547012,0.540199,#
16,0.533201,0.516572,0.521612,0.502371,0.327108,0.469467,0.576706,0.470642,0.454228,0.553021,0.564269,0.511198,0.434875,0.409636,0.521394,0.451414,1.000000,0.524159,0.576306,0.549885,0.600737,0.429792,0.409739,0.509949,0.533450,0.481070,0.530777,0.487495,0.334788,0.483859,0.568713,0.487395,0.475325,0.407478,0.518713,0.528128,0.564510,0.593525,0.454615,0.558234,0.494597,0.496042,0.459724,0.477056,0.476759,0.493827,0.540678,0.499613,0.532260,0.610605,0.389034,0.468173,0.524685,0.427665,0.433527,0.555994,0.404762,0.488548,0.497017,0.446080,0.565063,0.619349,0.489077,0.415346,0.483621,0.467088,0.600147,0.577494,0.583360,0.528922,0.605303,0.559337,0.574690,0.420232,0.498388,0.484630,0.482977,0.568669,0.418713,0.544407,0.647778,0.493786,0.555662,0.546204,0.563450,0.490939,0.530232,0.367696,0.453250,0.542370,0.397871,0.520124,0.516555,0.478991,0.496777,0.550463,0.450519,0.499889,0.537334,0.533135,0.549097,0.531669,0.463793,0.510692,0.508342,0.488922,0.501976,0.500704,0.625428,0.494365,0.517806,0.464838,0.566848,0.476213,0.504654,0.536234,0.551031,0.540158,0.445776,0.385684,0.380485,0.461692,0.437513,0.517586,0.502161,0.402762,0.404484,0.382086,0.536554,0.452176,0.567841,0.503467,0.472676,0.491781,0.544022,0.587045,0.509990,0.465983,0.459200,0.401340,0.486777,0.439818,0.511076,0.445987,0.422701,0.503234,0.554711,0.547432,0.458525,0.427503,0.461980,0.487302,0.360833,0.508683,0.551639,0.420837,0.473476,0.483723,0.434791,0.485921,0.547817,0.453055,0.551289,0.475911,0.578095,0.562399,0.516615,0.481826,0.454562,0.517755,0.415453,0.517024,0.485149,0.530058,0.518209,0.504816,0.353745,0.631490,0.504007,0.560805,0.511358,0.473618,0.493376,0.533660,0.309139,0.398293,0.528021,0.480673,0.517818,0.489970,0.533085,0.475724,0.469740,0.513283,0.543270,0.537761,0.528173,0.559103,0.486844,0.542973,#
17,0.548103,0.469912,0.542009,0.449724,0.418436,0.498526,0.605311,0.562013,0.510396,0.576682,0.506919,0.591974,0.489543,0.570819,0.522971,0.544937,0.524159,1.000000,0.532938,0.609992,0.525680,0.514769,0.531849,0.424604,0.596589,0.502786,0.480159,0.544765,0.493243,0.525734,0.544496,0.593307,0.465775,0.454475,0.405783,0.480476,0.496540,0.623835,0.524996,0.613842,0.549850,0.530857,0.475251,0.536338,0.525841,0.550542,0.581154,0.596950,0.598933,0.621772,0.475236,0.343583,0.492477,0.465824,0.527638,0.495379,0.554162,0.525280,0.524256,0.558060,0.471047,0.552557,0.648969,0.453078,0.492227,0.547307,0.701284,0.592587,0.577801,0.463485,0.633952,0.507957,0.503983,0.535739,0.595488,0.485353,0.521814,0.622931,0.555626,0.580341,0.573633,0.491665,0.602501,0.642334,0.529553,0.479013,0.553696,0.533916,0.509901,0.469995,0.480816,0.469615,0.502806,0.567245,0.545821,0.540898,0.502676,0.484452,0.567897,0.611300,0.553348,0.524967,0.491239,0.501148,0.520267,0.496816,0.435210,0.494269,0.487285,0.575521,0.558062,0.412071,0.660443,0.466214,0.602017,0.494520,0.386207,0.521618,0.524432,0.612113,0.488760,0.557405,0.497498,0.497671,0.409741,0.418395,0.479766,0.546150,0.548778,0.511944,0.527328,0.606650,0.536579,0.502374,0.579829,0.540910,0.623541,0.494298,0.470748,0.525885,0.536909,0.478613,0.604453,0.527111,0.582996,0.529211,0.467619,0.411943,0.527402,0.480533,0.527972,0.536723,0.506548,0.548348,0.424449,0.532251,0.580952,0.502816,0.493584,0.540097,0.552137,0.527144,0.594780,0.483774,0.560020,0.474968,0.426530,0.407148,0.463228,0.498394,0.478275,0.501900,0.547194,0.491537,0.657932,0.436472,0.511690,0.558322,0.563313,0.613425,0.558734,0.565711,0.547233,0.612160,0.458889,0.369741,0.549263,0.605808,0.452899,0.506276,0.579859,0.578337,0.442977,0.533264,0.494684,0.543003,0.523980,0.492242,0.536283,0.421252,#
18,0.520073,0.527980,0.500245,0.473260,0.308049,0.554713,0.536677,0.501642,0.346247,0.474797,0.584006,0.622018,0.545334,0.538155,0.467575,0.524338,0.576306,0.532938,1.000000,0.497149,0.489927,0.583668,0.473038,0.451717,0.487598,0.525338,0.532734,0.489417,0.429840,0.513115,0.481557,0.527077,0.521103,0.572894,0.501000,0.568990,0.494893,0.629197,0.498976,0.581340,0.549700,0.507031,0.550223,0.411636,0.500915,0.513499,0.593954,0.655409,0.578923,0.556021,0.375712,0.414899,0.525774,0.356673,0.532218,0.522711,0.543131,0.520846,0.528203,0.616092,0.511085,0.567845,0.507762,0.425553,0.572974,0.411811,0.551635,0.509246,0.533485,0.527689,0.554050,0.498985,0.573032,0.412372,0.584286,0.487412,0.515940,0.555935,0.491177,0.474208,0.565744,0.461426,0.569676,0.596725,0.598672,0.572095,0.462604,0.519559,0.546136,0.484784,0.507064,0.460356,0.551402,0.577404,0.491783,0.503350,0.491774,0.520203,0.535687,0.519405,0.520935,0.483011,0.476874,0.488532,0.511296,0.552766,0.470612,0.560584,0.503661,0.540311,0.588199,0.456877,0.585930,0.394564,0.520379,0.514702,0.457763,0.532337,0.560398,0.516450,0.491527,0.499331,0.407804,0.556080,0.518183,0.395423,0.596584,0.429893,0.575993,0.455979,0.539122,0.543624,0.484839,0.474052,0.558851,0.537500,0.508387,0.492896,0.499065,0.499019,0.472532,0.457855,0.470168,0.586988,0.497210,0.499892,0.466437,0.460873,0.517599,0.461307,0.511039,0.439833,0.569487,0.477650,0.557744,0.556898,0.456407,0.522330,0.413459,0.476766,0.556520,0.563064,0.597384,0.517077,0.518255,0.518670,0.634261,0.424097,0.406019,0.554667,0.544430,0.503456,0.537009,0.596615,0.514273,0.525385,0.431034,0.527048,0.575706,0.587955,0.475694,0.512510,0.511740,0.451188,0.394140,0.455206,0.495003,0.502041,0.446536,0.543299,0.482701,0.546599,0.445566,0.572092,0.517601,0.498434,0.467147,0.652252,0.515071,0.556240,#
19,0.532710,0.573556,0.561559,0.472565,0.458864,0.597167,0.542931,0.505689,0.511914,0.488392,0.557684,0.526265,0.459831,0.499988,0.508026,0.482731,0.549885,0.609992,0.497149,1.000000,0.548285,0.466286,0.445171,0.492568,0.570928,0.441318,0.498386,0.518425,0.402818,0.539547,0.573019,0.587748,0.550456,0.482987,0.479437,0.631282,0.475942,0.551315,0.506860,0.565121,0.575631,0.573690,0.497767,0.509528,0.494564,0.554515,0.653071,0.573989,0.537103,0.596552,0.467139,0.405557,0.523038,0.460530,0.514832,0.493467,0.569069,0.555284,0.487797,0.480051,0.478982,0.496227,0.603082,0.496437,0.513186,0.565373,0.588377,0.533947,0.648084,0.488777,0.587923,0.549030,0.575508,0.456592,0.527277,0.488318,0.466979,0.605952,0.492275,0.498876,0.628249,0.477706,0.612880,0.553039,0.546120,0.416917,0.536108,0.472583,0.591244,0.510122,0.459317,0.507801,0.434936,0.540868,0.481245,0.472270,0.506946,0.543905,0.501919,0.578111,0.544452,0.521668,0.506178,0.553503,0.553304,0.426896,0.550035,0.462123,0.518506,0.495027,0.581975,0.445412,0.582104,0.490429,0.533395,0.561549,0.524697,0.537518,0.525581,0.436421,0.589091,0.518430,0.328417,0.615703,0.479665,0.525660,0.516188,0.501422,0.643696,0.592765,0.552363,0.623072,0.545903,0.582408,0.571196,0.586707,0.479077,0.488877,0.563380,0.430580,0.506056,0.490969,0.493314,0.496226,0.511099,0.456560,0.417060,0.440791,0.583099,0.529882,0.485900,0.509557,0.481968,0.535757,0.551994,0.453283,0.581590,0.550110,0.528671,0.539081,0.485005,0.576115,0.514155,0.580198,0.572907,0.522499,0.475579,0.569218,0.437699,0.494574,0.450554,0.559307,0.572678,0.516575,0.599623,0.432511,0.500257,0.556945,0.579769,0.495252,0.463555,0.552568,0.575826,0.570630,0.415080,0.442609,0.441205,0.502242,0.507820,0.537636,0.533393,0.494790,0.459591,0.595345,0.603882,0.506296,0.520961,0.461084,0.487171,0.484935,#
20,0.523367,0.618154,0.496398,0.547661,0.471777,0.520895,0.562694,0.521956,0.517220,0.606663,0.552414,0.494682,0.550278,0.543439,0.516234,0.435854,0.600737,0.525680,0.489927,0.548285,1.000000,0.547053,0.485141,0.594322,0.615202,0.558348,0.505169,0.603905,0.470294,0.534444,0.591702,0.509697,0.526324,0.600662,0.498510,0.541773,0.511054,0.568053,0.487280,0.608201,0.590973,0.560880,0.508179,0.525769,0.609531,0.463989,0.581181,0.607650,0.548648,0.597013,0.469682,0.519499,0.497966,0.512176,0.536115,0.470134,0.424246,0.535552,0.549961,0.485249,0.547557,0.579632,0.588596,0.486287,0.541303,0.565005,0.636385,0.520610,0.619886,0.473868,0.557897,0.592514,0.601804,0.500344,0.467049,0.453497,0.502834,0.611495,0.629536,0.589777,0.599766,0.595235,0.565775,0.544551,0.467661,0.514131,0.561059,0.535666,0.591070,0.669448,0.566884,0.513315,0.490805,0.577775,0.492987,0.562001,0.499310,0.451665,0.521772,0.591525,0.605201,0.569970,0.485296,0.630955,0.552821,0.475898,0.642822,0.546067,0.527887,0.633764,0.506214,0.609426,0.563391,0.377945,0.561621,0.508779,0.476771,0.564872,0.425243,0.437414,0.552877,0.573550,0.442927,0.633178,0.465425,0.512454,0.471519,0.415411,0.486864,0.530724,0.516743,0.541619,0.604501,0.598007,0.525300,0.485466,0.434327,0.584430,0.540942,0.584355,0.528676,0.427051,0.543177,0.573430,0.520452,0.494111,0.542748,0.551432,0.520844,0.520629,0.550564,0.531763,0.510965,0.478583,0.522406,0.474972,0.515829,0.599040,0.546168,0.530877,0.560784,0.567988,0.500725,0.566053,0.586794,0.538477,0.479381,0.527853,0.418834,0.481773,0.544689,0.468281,0.517324,0.559010,0.534298,0.499365,0.487493,0.644925,0.529610,0.599320,0.519376,0.521398,0.556376,0.501564,0.419093,0.544477,0.518898,0.546966,0.500355,0.537688,0.508702,0.520895,0.571924,0.591784,0.607843,0.536905,0.548474,0.598415,0.551819,0.565581,#
21,0.514171,0.695614,0.578027,0.614839,0.511977,0.528857,0.562193,0.494301,0.519937,0.521798,0.536767,0.507447,0.451135,0.460243,0.539568,0.538708,0.429792,0.514769,0.583668,0.466286,0.547053,1.000000,0.563217,0.546067,0.494864,0.438529,0.562877,0.478013,0.578661,0.499485,0.492305,0.456616,0.526892,0.623256,0.541732,0.625914,0.497021,0.555889,0.509440,0.556782,0.493212,0.561535,0.538900,0.540251,0.547702,0.527550,0.562401,0.601812,0.503382,0.595628,0.429353,0.495871,0.542480,0.478394,0.612107,0.521246,0.497717,0.532063,0.640861,0.519903,0.483492,0.618780,0.438372,0.424272,0.557280,0.527045,0.582869,0.519225,0.585474,0.613631,0.561022,0.589345,0.602328,0.543423,0.592523,0.553113,0.554736,0.587032,0.549143,0.496699,0.553197,0.504131,0.628065,0.612975,0.612972,0.559474,0.457490,0.608863,0.614247,0.563646,0.475657,0.437574,0.529615,0.584835,0.552756,0.567619,0.570110,0.525965,0.529992,0.579624,0.564211,0.571276,0.373340,0.564675,0.522085,0.542828,0.484502,0.610691,0.471885,0.600332,0.594095,0.467048,0.584904,0.529965,0.462087,0.416121,0.490492,0.653297,0.562873,0.572345,0.525282,0.526564,0.411159,0.523516,0.446994,0.406099,0.586219,0.491253,0.493293,0.574027,0.572487,0.590703,0.425815,0.539779,0.613769,0.439289,0.481066,0.435866,0.531161,0.553254,0.540635,0.529844,0.422640,0.542124,0.465231,0.573916,0.489424,0.430086,0.524947,0.497169,0.529080,0.565243,0.501327,0.518592,0.482166,0.514966,0.524130,0.562100,0.474988,0.516569,0.508483,0.621000,0.538320,0.580513,0.571963,0.530883,0.577769,0.426199,0.340272,0.532605,0.589316,0.488694,0.571862,0.505178,0.472968,0.508157,0.394513,0.524553,0.586593,0.584116,0.490858,0.600595,0.543259,0.542418,0.460380,0.546982,0.549294,0.484816,0.457461,0.505420,0.510245,0.477502,0.552039,0.527001,0.568514,0.482421,0.520074,0.554365,0.434598,0.625429,#
