0,1.000000,0.790863,0.801307,0.752772,0.744507,0.821899,0.804338,0.808363,0.807400,0.761028,0.786313,0.809773,0.746988,0.794563,0.764509,0.787812,0.819077,0.839797,0.792608,0.777890,0.815360,0.738532,0.816688,0.825508,0.735006,0.751890,0.772273,0.776336,0.763009,0.813483,0.780663,0.817847,0.786082,0.793768,0.812410,0.766919,0.723451,0.807657,0.819925,0.837459,0.811316,0.765291,0.814354,0.777009,0.801837,0.722193,0.813046,0.824533,0.789511,0.822125,0.782440,0.814397,0.804577,0.801443,0.816864,0.833536,0.794192,0.827396,0.798027,0.802953,0.808264,0.757494,0.829067,0.789822,0.813727,0.795595,0.846482,0.803888,0.785331,0.739246,0.786191,0.802755,0.835957,0.813470,0.771518,0.790074,0.830627,0.799885,0.806146,0.776102,0.831642,0.800509,0.807060,0.812392,0.809245,0.825908,0.833806,0.816225,0.751184,0.800659,0.742366,0.796054,0.796636,0.781521,0.800837,0.772991,0.783651,0.781432,0.820308,0.826500,0.816666,0.784872,0.823206,0.804645,0.772711,0.793862,0.758157,0.810250,0.782165,0.720374,0.789962,0.819312,0.791107,0.792685,0.797433,0.836904,0.785719,0.777643,0.780710,0.780451,0.719912,0.845595,0.826026,0.852431,0.811948,0.789623,0.764738,0.760295,0.749625,0.776457,0.796888,0.805524,0.806199,0.753242,0.804762,0.803075,0.785210,0.797938,0.804556,0.823424,0.772284,0.760664,0.750044,0.818838,0.790844,0.674706,0.793941,0.735190,0.807466,0.777420,0.806207,0.826370,0.794692,0.734931,0.789205,0.781427,0.813933,0.809139,0.836595,0.762991,0.819637,0.806499,0.802134,0.800125,0.790344,0.793475,0.803412,0.773899,0.792618,0.791351,0.804071,0.796516,0.790016,0.819899,0.835586,0.770659,0.810374,0.837903,0.794316,0.765893,0.784708,0.791332,0.752324,0.767099,0.786731,0.760890,0.767698,0.778433,0.777868,0.779829,0.761713,0.794601,0.786793,0.800422,0.773899,0.803828,0.783475,0.830156,0.811241,0.770223,#
1,0.790863,1.000000,0.753058,0.777688,0.766224,0.788891,0.709882,0.761975,0.820247,0.759827,0.762431,0.772246,0.726929,0.745342,0.767739,0.766016,0.758843,0.772537,0.782697,0.776381,0.772296,0.803022,0.810987,0.780627,0.757623,0.689645,0.788652,0.801884,0.749175,0.728605,0.804852,0.821295,0.758855,0.803450,0.760035,0.775150,0.715667,0.803507,0.812539,0.798116,0.763747,0.712508,0.764193,0.759680,0.746832,0.727986,0.796175,0.788306,0.774492,0.777170,0.743165,0.808685,0.794191,0.735462,0.809479,0.769171,0.763246,0.793000,0.759673,0.725347,0.771738,0.726846,0.749138,0.731761,0.788362,0.796158,0.794014,0.785168,0.769477,0.784266,0.746239,0.792168,0.834300,0.724598,0.764074,0.758766,0.767365,0.748104,0.775306,0.721280,0.786570,0.763327,0.789652,0.804909,0.814326,0.775390,0.787118,0.787910,0.778730,0.766719,0.723527,0.751035,0.789217,0.791696,0.780687,0.757131,0.750571,0.763209,0.775445,0.755824,0.806525,0.753932,0.740631,0.748587,0.748104,0.776125,0.740813,0.788810,0.770289,0.724708,0.764638,0.759884,0.742924,0.809713,0.727194,0.774644,0.747172,0.756366,0.741092,0.706659,0.773707,0.782491,0.758504,0.779966,0.759411,0.738422,0.741580,0.763331,0.771479,0.801447,0.742957,0.820170,0.741944,0.752270,0.788215,0.779973,0.756530,0.781970,0.781142,0.764322,0.798009,0.760782,0.800615,0.809762,0.748015,0.728371,0.751637,0.724505,0.776600,0.703632,0.782574,0.829355,0.776741,0.680150,0.810004,0.734649,0.795590,0.775089,0.731819,0.708527,0.771876,0.819870,0.769086,0.809185,0.755882,0.735173,0.783780,0.715616,0.723902,0.770213,0.756168,0.740349,0.765379,0.804672,0.767451,0.763935,0.777717,0.835085,0.728518,0.773498,0.753293,0.751114,0.749566,0.779508,0.753643,0.795444,0.767243,0.676665,0.789341,0.767110,0.779907,0.748378,0.754026,0.766135,0.795124,0.695354,0.745511,0.804793,0.741465,0.759271,#
2,0.801307,0.753058,1.000000,0.743248,0.749786,0.773846,0.758576,0.770705,0.791393,0.718160,0.736098,0.732390,0.714065,0.779276,0.748670,0.746226,0.754418,0.772142,0.756771,0.768317,0.747615,0.726143,0.752507,0.807432,0.712018,0.721224,0.807862,0.783636,0.797526,0.779974,0.773945,0.766135,0.769623,0.749420,0.751537,0.744603,0.733185,0.778946,0.808774,0.769087,0.728497,0.731773,0.787141,0.736482,0.725187,0.718934,0.824124,0.734236,0.739593,0.801495,0.751836,0.798272,0.807196,0.784584,0.824490,0.783154,0.772304,0.749998,0.757690,0.749269,0.827133,0.765977,0.766080,0.774077,0.781866,0.778385,0.754116,0.765474,0.764482,0.760979,0.759798,0.761359,0.793931,0.771513,0.794971,0.765487,0.769057,0.755916,0.745051,0.772683,0.796780,0.789822,0.806697,0.760478,0.827198,0.775038,0.758770,0.808141,0.713257,0.737642,0.754294,0.770749,0.816669,0.744908,0.781909,0.766372,0.753702,0.731085,0.826139,0.789632,0.776186,0.763986,0.754997,0.752969,0.687778,0.795435,0.782834,0.761765,0.748067,0.689660,0.780672,0.721279,0.788138,0.745579,0.736220,0.726659,0.737020,0.778823,0.761819,0.707188,0.721978,0.742884,0.737745,0.817906,0.776323,0.712963,0.752727,0.732462,0.740265,0.792535,0.781528,0.804087,0.805653,0.782887,0.783370,0.768941,0.781208,0.779040,0.803284,0.755184,0.725431,0.779104,0.680403,0.732767,0.731099,0.765867,0.742740,0.698756,0.749338,0.767148,0.772597,0.811541,0.764457,0.764454,0.750190,0.751999,0.774790,0.723740,0.747635,0.693535,0.721743,0.741756,0.749613,0.764437,0.712451,0.771568,0.783546,0.710739,0.742353,0.753230,0.770231,0.747976,0.783390,0.742882,0.806700,0.740318,0.723545,0.787954,0.745780,0.712016,0.729630,0.804542,0.691983,0.802545,0.732929,0.763204,0.756062,0.715670,0.759685,0.752026,0.762333,0.753558,0.836240,0.770152,0.739423,0.767330,0.726059,0.782608,0.731801,0.766211,#
3,0.752772,0.777688,0.743248,1.000000,0.774311,0.737341,0.745756,0.727731,0.812492,0.740603,0.728367,0.765792,0.738589,0.762608,0.723788,0.784055,0.783143,0.760679,0.816593,0.761630,0.754675,0.770031,0.756239,0.741573,0.783063,0.739338,0.778849,0.753064,0.729249,0.754611,0.765881,0.817467,0.747830,0.779056,0.752829,0.760015,0.719410,0.798782,0.724648,0.805477,0.744783,0.714373,0.778532,0.786272,0.748199,0.794834,0.794304,0.734516,0.776119,0.731704,0.765544,0.726049,0.793962,0.740051,0.739134,0.802153,0.727873,0.772459,0.789052,0.747758,0.769166,0.705001,0.728951,0.756728,0.815071,0.757268,0.733517,0.761553,0.696886,0.764411,0.729508,0.757755,0.792455,0.750939,0.725444,0.726911,0.749273,0.738103,0.744800,0.751247,0.790396,0.736513,0.767312,0.774823,0.809542,0.791612,0.779553,0.749792,0.711080,0.741589,0.740530,0.753485,0.796838,0.775240,0.771252,0.782444,0.714098,0.733028,0.769032,0.765358,0.716456,0.750631,0.731688,0.718575,0.755024,0.741910,0.717783,0.748295,0.740393,0.709224,0.761529,0.725420,0.713371,0.774723,0.739512,0.795034,0.699932,0.729469,0.750777,0.678167,0.722267,0.766456,0.772822,0.738605,0.758327,0.755798,0.752359,0.758320,0.752181,0.749955,0.736647,0.778800,0.716470,0.755828,0.785626,0.798454,0.808197,0.727185,0.744642,0.758269,0.700806,0.778252,0.777761,0.696495,0.706915,0.792648,0.707958,0.786498,0.788814,0.721204,0.758973,0.794196,0.713907,0.729503,0.791200,0.705809,0.765688,0.729633,0.740467,0.702588,0.759853,0.761385,0.726286,0.764323,0.732759,0.756124,0.792432,0.687219,0.760863,0.735015,0.748860,0.775902,0.780060,0.785718,0.753633,0.769801,0.778935,0.798692,0.758093,0.758355,0.699611,0.780898,0.691075,0.761820,0.742203,0.758518,0.743381,0.662157,0.772834,0.822153,0.749310,0.737333,0.743175,0.743408,0.758492,0.755462,0.725588,0.748461,0.717668,0.763679,#
4,0.744507,0.766224,0.749786,0.774311,1.000000,0.820295,0.763446,0.754501,0.759075,0.738015,0.701411,0.786611,0.730171,0.793812,0.722186,0.762106,0.806736,0.810347,0.784744,0.828289,0.792143,0.755438,0.744519,0.799213,0.735207,0.718037,0.790672,0.741519,0.755721,0.755902,0.823608,0.794638,0.820303,0.743407,0.739340,0.745183,0.751653,0.770672,0.760683,0.800131,0.774596,0.699650,0.755736,0.785899,0.738439,0.780950,0.784209,0.771591,0.793765,0.759710,0.761617,0.750365,0.823936,0.737390,0.793843,0.798230,0.752867,0.772205,0.796253,0.771709,0.735875,0.746437,0.762867,0.741046,0.815181,0.782141,0.759940,0.760579,0.740443,0.753090,0.761875,0.813133,0.785151,0.779506,0.760708,0.711926,0.749262,0.790421,0.779073,0.781496,0.755284,0.749266,0.811902,0.742541,0.797781,0.765618,0.744629,0.729881,0.766695,0.760362,0.737043,0.739677,0.756316,0.757178,0.735684,0.759377,0.751776,0.728037,0.750654,0.772739,0.791784,0.798969,0.772041,0.740525,0.759592,0.771422,0.768342,0.760446,0.778812,0.735317,0.747761,0.755240,0.778110,0.825009,0.757715,0.749096,0.769897,0.800400,0.732443,0.690671,0.728217,0.788271,0.824454,0.769105,0.755956,0.768285,0.709519,0.763771,0.806955,0.777181,0.804801,0.784130,0.753560,0.772539,0.818836,0.791728,0.770424,0.773846,0.749989,0.722119,0.703012,0.788344,0.780396,0.752126,0.742453,0.708365,0.786471,0.699452,0.759709,0.785738,0.774576,0.849418,0.717714,0.707479,0.812767,0.752389,0.811505,0.720318,0.773175,0.707559,0.727780,0.760408,0.809056,0.751414,0.747254,0.748204,0.737755,0.702532,0.768712,0.749448,0.761482,0.791787,0.790441,0.770723,0.813343,0.778835,0.775597,0.803123,0.749639,0.731939,0.751445,0.766331,0.761939,0.758815,0.814449,0.780130,0.733332,0.777879,0.742805,0.749286,0.743255,0.692531,0.751845,0.788413,0.745330,0.736944,0.761642,0.755109,0.774920,0.726250,#
5,0.821899,0.788891,0.773846,0.737341,0.820295,1.000000,0.749970,0.774916,0.804623,0.737805,0.752463,0.774268,0.709685,0.733291,0.747359,0.824328,0.789681,0.819355,0.734237,0.817921,0.776833,0.754471,0.781996,0.803544,0.758782,0.744480,0.835747,0.786020,0.751841,0.764929,0.831153,0.813821,0.807426,0.772295,0.759452,0.785151,0.735063,0.795208,0.788608,0.786005,0.825700,0.687880,0.737231,0.763367,0.773042,0.787005,0.824036,0.782218,0.807808,0.757455,0.759099,0.786406,0.782053,0.823340,0.746847,0.841508,0.782204,0.793759,0.846310,0.776672,0.771945,0.788366,0.789375,0.798673,0.799576,0.793128,0.773314,0.798498,0.766797,0.742717,0.793842,0.776505,0.820288,0.767739,0.749892,0.779261,0.813389,0.780495,0.761638,0.751821,0.828187,0.759141,0.798434,0.766291,0.803467,0.810741,0.809315,0.812312,0.782902,0.742960,0.710833,0.776631,0.816196,0.804456,0.767099,0.749605,0.784383,0.762736,0.811120,0.800940,0.817449,0.783651,0.834063,0.796420,0.779906,0.784603,0.769503,0.781731,0.754699,0.771606,0.746734,0.827977,0.775679,0.767000,0.697254,0.746063,0.789833,0.756687,0.690145,0.754221,0.740323,0.785402,0.801343,0.838331,0.763337,0.783372,0.781598,0.745433,0.754294,0.795011,0.830017,0.834206,0.809818,0.804017,0.787607,0.760711,0.808166,0.762606,0.784402,0.776840,0.766894,0.741730,0.792918,0.797524,0.804685,0.704402,0.728006,0.732781,0.806424,0.768983,0.811114,0.827298,0.738287,0.742844,0.787465,0.727495,0.826084,0.778538,0.796117,0.752366,0.782287,0.807792,0.788271,0.766436,0.776901,0.763579,0.738449,0.775166,0.779456,0.751867,0.815330,0.786909,0.775703,0.777508,0.833508,0.750993,0.752781,0.810019,0.776521,0.770659,0.804752,0.782469,0.744578,0.774845,0.820054,0.813360,0.756839,0.761369,0.739122,0.778274,0.737802,0.765834,0.761022,0.769738,0.718091,0.740485,0.750620,0.774597,0.784403,0.735100,#
6,0.804338,0.709882,0.758576,0.745756,0.763446,0.749970,1.000000,0.725542,0.755784,0.707250,0.723953,0.745711,0.733383,0.800840,0.692508,0.736008,0.792913,0.808927,0.767173,0.737113,0.812472,0.708129,0.709200,0.776683,0.736620,0.736433,0.777175,0.752365,0.723657,0.781732,0.773768,0.786395,0.768143,0.771315,0.771673,0.772288,0.723768,0.732590,0.755655,0.779342,0.756038,0.774580,0.765485,0.753393,0.802875,0.702412,0.789959,0.734005,0.813543,0.798246,0.771322,0.792088,0.811372,0.695518,0.790684,0.790379,0.790682,0.802615,0.818726,0.720959,0.772748,0.721809,0.734231,0.742849,0.820490,0.740850,0.811257,0.734133,0.758732,0.720765,0.743147,0.775153,0.780280,0.797440,0.722634,0.722382,0.766609,0.776830,0.763283,0.731467,0.780958,0.768014,0.781622,0.800539,0.749906,0.790384,0.762294,0.738220,0.762335,0.762482,0.730069,0.728543,0.715627,0.747316,0.743143,0.753514,0.770695,0.749268,0.768714,0.782737,0.781465,0.763577,0.779268,0.756003,0.754132,0.711876,0.783445,0.743131,0.756612,0.675935,0.708963,0.747573,0.716523,0.748102,0.735848,0.715785,0.748906,0.781118,0.738883,0.713046,0.743189,0.761230,0.760224,0.800912,0.808049,0.765258,0.739354,0.770524,0.684131,0.753581,0.767352,0.779685,0.748705,0.712636,0.769212,0.776367,0.785375,0.755155,0.821401,0.761246,0.753071,0.771688,0.731733,0.748737,0.728126,0.756004,0.748303,0.719648,0.754314,0.740885,0.767464,0.817269,0.702882,0.678490,0.738767,0.722861,0.776920,0.711250,0.783278,0.732030,0.785820,0.769030,0.730780,0.766972,0.766870,0.774791,0.799570,0.673896,0.760310,0.744398,0.803300,0.758038,0.742341,0.719369,0.762846,0.768399,0.777011,0.786777,0.758675,0.739367,0.766803,0.722308,0.778112,0.776760,0.734376,0.751411,0.718810,0.759806,0.706143,0.751208,0.718084,0.743080,0.734435,0.776847,0.776193,0.765004,0.757788,0.781896,0.751432,0.738403,#
7,0.808363,0.761975,0.770705,0.727731,0.754501,0.774916,0.725542,1.000000,0.842831,0.741062,0.736861,0.752647,0.744936,0.774953,0.777466,0.727071,0.785317,0.775514,0.797688,0.760375,0.781737,0.747571,0.830490,0.784725,0.760916,0.790235,0.775495,0.773713,0.773890,0.767237,0.728514,0.807541,0.749661,0.769840,0.747742,0.762195,0.759734,0.747957,0.783161,0.767599,0.771158,0.710757,0.762275,0.784098,0.756859,0.731495,0.784729,0.790431,0.754640,0.733151,0.774425,0.764259,0.813397,0.820791,0.782107,0.785958,0.755906,0.801642,0.749566,0.768998,0.736680,0.744435,0.774929,0.758369,0.788580,0.800251,0.796873,0.785512,0.792501,0.752487,0.776986,0.692463,0.819692,0.790495,0.800203,0.743106,0.799806,0.747189,0.768681,0.736998,0.798832,0.772778,0.788364,0.765282,0.806551,0.775350,0.819034,0.781061,0.744256,0.752869,0.750661,0.791779,0.780390,0.759390,0.802036,0.756928,0.792600,0.789354,0.788608,0.783729,0.782903,0.764646,0.774072,0.766925,0.751238,0.759777,0.749661,0.779430,0.754507,0.694597,0.830682,0.743150,0.784128,0.784545,0.713293,0.782723,0.742216,0.733926,0.695726,0.762591,0.764429,0.765177,0.755341,0.827503,0.840899,0.762512,0.740819,0.784884,0.715256,0.755039,0.774464,0.776655,0.797193,0.707790,0.805556,0.822767,0.781971,0.775809,0.756542,0.783861,0.753318,0.793840,0.787351,0.764587,0.767206,0.749477,0.774347,0.682664,0.803126,0.770409,0.751104,0.793873,0.798321,0.739054,0.771112,0.789468,0.780593,0.760191,0.775431,0.743618,0.809577,0.741265,0.822723,0.729201,0.759645,0.751383,0.811821,0.748709,0.754716,0.713447,0.823259,0.790940,0.764432,0.786116,0.779487,0.742916,0.766411,0.790139,0.755604,0.745275,0.763185,0.755700,0.726981,0.767821,0.757747,0.805635,0.754058,0.712797,0.767147,0.799572,0.781382,0.742582,0.740291,0.743155,0.769379,0.760629,0.750150,0.801811,0.780948,0.722214,#
8,0.807400,0.820247,0.791393,0.812492,0.759075,0.804623,0.755784,0.842831,1.000000,0.791951,0.735000,0.788988,0.771357,0.788558,0.766575,0.796632,0.797446,0.823385,0.787152,0.793625,0.782753,0.813520,0.809247,0.770905,0.738757,0.779860,0.796735,0.818678,0.769430,0.788683,0.767610,0.813037,0.778494,0.802774,0.745076,0.796728,0.761697,0.790007,0.795999,0.804727,0.762212,0.746424,0.812874,0.773576,0.779530,0.732272,0.767987,0.802039,0.793619,0.785231,0.780967,0.785653,0.798200,0.830217,0.796807,0.823414,0.761258,0.805918,0.780928,0.752491,0.797911,0.756505,0.777014,0.785187,0.782146,0.834810,0.786056,0.809605,0.792105,0.809780,0.758517,0.784326,0.853351,0.834939,0.769274,0.737302,0.795869,0.792049,0.770423,0.787751,0.797860,0.763128,0.796014,0.839025,0.824630,0.814172,0.778626,0.821435,0.738189,0.771103,0.768523,0.781693,0.814022,0.771496,0.832648,0.791571,0.761403,0.775855,0.836970,0.789428,0.805998,0.772706,0.798615,0.817454,0.747014,0.781867,0.795952,0.829282,0.747989,0.748400,0.810920,0.781567,0.809497,0.793444,0.747918,0.804516,0.747610,0.761221,0.768231,0.786526,0.763917,0.763222,0.808732,0.811490,0.801351,0.806957,0.768005,0.780535,0.789142,0.773567,0.759424,0.791624,0.793126,0.783940,0.858301,0.781393,0.786763,0.780994,0.759532,0.812473,0.781051,0.812164,0.799943,0.807355,0.798855,0.738243,0.776692,0.723010,0.801117,0.793535,0.767190,0.824012,0.767927,0.799532,0.784826,0.788073,0.808574,0.785916,0.789068,0.787768,0.816267,0.791291,0.826151,0.797381,0.780657,0.758001,0.788457,0.750727,0.781572,0.777034,0.825575,0.805508,0.801027,0.778837,0.826278,0.782934,0.777717,0.849963,0.768178,0.727356,0.773520,0.797203,0.692502,0.824508,0.793075,0.800972,0.792919,0.734540,0.810865,0.829712,0.779595,0.783584,0.804511,0.776261,0.741646,0.784939,0.778347,0.786246,0.767984,0.814660,#
9,0.761028,0.759827,0.718160,0.740603,0.738015,0.737805,0.707250,0.741062,0.791951,1.000000,0.682790,0.718674,0.738751,0.760005,0.766257,0.743695,0.772437,0.759479,0.766302,0.743544,0.797130,0.722009,0.769317,0.791372,0.716062,0.718034,0.758970,0.806709,0.708516,0.784460,0.718066,0.764422,0.760480,0.772788,0.775569,0.757626,0.720580,0.741379,0.761092,0.767838,0.763391,0.739042,0.744134,0.727214,0.775766,0.690630,0.745709,0.757129,0.712210,0.713117,0.705602,0.714479,0.720710,0.746554,0.762200,0.766946,0.734537,0.807160,0.750853,0.735688,0.753102,0.714568,0.771113,0.747675,0.753769,0.821830,0.771560,0.787879,0.782249,0.705404,0.740697,0.735242,0.768293,0.737921,0.751065,0.710004,0.736169,0.801890,0.747868,0.775207,0.740234,0.754335,0.732721,0.816541,0.797813,0.747019,0.736088,0.800266,0.709694,0.676753,0.707310,0.737178,0.779653,0.738772,0.768390,0.735232,0.724913,0.767731,0.787921,0.752204,0.779855,0.762698,0.761516,0.766151,0.747645,0.766563,0.739128,0.750830,0.790843,0.771688,0.776840,0.782651,0.788718,0.758576,0.700512,0.792180,0.654520,0.706502,0.674527,0.722407,0.729787,0.753025,0.788894,0.782448,0.769720,0.726720,0.756768,0.686023,0.773242,0.724082,0.734052,0.779021,0.754953,0.765256,0.774373,0.728469,0.745943,0.733122,0.741500,0.761639,0.714798,0.795802,0.767474,0.769727,0.719432,0.738685,0.756104,0.704354,0.757908,0.701256,0.714312,0.767555,0.706069,0.730012,0.769446,0.737641,0.741862,0.755419,0.755113,0.730855,0.762186,0.791736,0.755864,0.758938,0.768718,0.766372,0.704441,0.715684,0.765415,0.722581,0.795077,0.775177,0.758288,0.725503,0.773177,0.812301,0.730256,0.799065,0.750004,0.765136,0.777424,0.723098,0.750793,0.736338,0.741216,0.793653,0.682418,0.706351,0.808046,0.720116,0.764005,0.766309,0.718588,0.712827,0.725575,0.702167,0.739587,0.751097,0.730434,0.718890,#
10,0.786313,0.762431,0.736098,0.728367,0.701411,0.752463,0.723953,0.736861,0.735000,0.682790,1.000000,0.725069,0.679399,0.725119,0.654671,0.722994,0.768332,0.728446,0.759978,0.712271,0.755861,0.705395,0.773424,0.794966,0.651621,0.704360,0.759126,0.806303,0.733265,0.763448,0.726338,0.769385,0.737481,0.771329,0.767714,0.749174,0.721607,0.767760,0.770390,0.749571,0.745267,0.703390,0.728184,0.727003,0.745157,0.742495,0.794383,0.755203,0.768553,0.802571,0.705752,0.755666,0.766827,0.690245,0.756916,0.781041,0.755631,0.787593,0.711735,0.737271,0.777516,0.723992,0.806328,0.772820,0.782178,0.711049,0.747661,0.687756,0.752426,0.742184,0.747997,0.759086,0.812850,0.683204,0.736479,0.772137,0.764371,0.784357,0.742695,0.710956,0.804431,0.740705,0.742191,0.755979,0.765297,0.752253,0.778246,0.743750,0.727919,0.780428,0.690525,0.764693,0.795806,0.721003,0.742304,0.759230,0.703394,0.737458,0.785039,0.799825,0.750155,0.736991,0.738801,0.793409,0.808789,0.736281,0.735584,0.727303,0.741021,0.713410,0.727862,0.711818,0.752918,0.743594,0.705192,0.780157,0.709390,0.727979,0.739354,0.720681,0.727490,0.770957,0.681519,0.782895,0.705614,0.724495,0.758846,0.742614,0.726840,0.737708,0.719294,0.733554,0.738411,0.731383,0.770287,0.799714,0.732492,0.713663,0.758190,0.801154,0.792689,0.740205,0.706316,0.744786,0.672662,0.670049,0.746627,0.705048,0.757394,0.727145,0.745279,0.765984,0.748537,0.700557,0.759980,0.727566,0.774689,0.799142,0.733571,0.686578,0.796030,0.731375,0.730436,0.761352,0.725926,0.699751,0.771824,0.701286,0.763835,0.751136,0.752516,0.762396,0.701568,0.729510,0.757105,0.729729,0.734693,0.789244,0.706167,0.764464,0.715692,0.705110,0.762589,0.729501,0.699180,0.764966,0.713292,0.724191,0.695294,0.768325,0.750263,0.702111,0.734776,0.744826,0.759582,0.754977,0.726511,0.782684,0.735403,0.745071,#
11,0.809773,0.772246,0.732390,0.765792,0.786611,0.774268,0.745711,0.752647,0.788988,0.718674,0.725069,1.000000,0.774934,0.751626,0.736862,0.755700,0.781051,0.810662,0.813047,0.762495,0.754138,0.730701,0.778930,0.764067,0.733729,0.724047,0.752537,0.747459,0.767324,0.738828,0.763505,0.784814,0.793310,0.777992,0.733607,0.755866,0.781443,0.789273,0.757750,0.790700,0.768882,0.738056,0.765904,0.746960,0.747907,0.720653,0.845745,0.779705,0.754741,0.813829,0.762844,0.731705,0.806271,0.747311,0.795361,0.799560,0.734385,0.800655,0.766388,0.744204,0.738323,0.712594,0.811810,0.733947,0.794868,0.780285,0.782980,0.775963,0.778112,0.773608,0.795653,0.755783,0.785504,0.768248,0.774326,0.712268,0.824766,0.795783,0.746433,0.704519,0.789767,0.750795,0.780726,0.774762,0.803887,0.771364,0.749795,0.732718,0.722724,0.724253,0.753917,0.783414,0.770896,0.721997,0.752993,0.789740,0.756572,0.758584,0.774764,0.755327,0.751607,0.782773,0.795867,0.755334,0.806478,0.761926,0.759284,0.806099,0.780852,0.759830,0.812293,0.784070,0.785087,0.757645,0.680996,0.780187,0.741006,0.759741,0.744972,0.745747,0.690056,0.781953,0.787858,0.796769,0.784595,0.769609,0.778949,0.744267,0.767160,0.775207,0.790204,0.759783,0.773566,0.773257,0.782038,0.758795,0.799831,0.742721,0.767847,0.739665,0.753114,0.740523,0.753675,0.788603,0.780958,0.691936,0.776713,0.730268,0.768938,0.766618,0.743700,0.771961,0.746493,0.755511,0.785675,0.743919,0.816410,0.740569,0.761360,0.698844,0.749682,0.777560,0.795896,0.764023,0.805535,0.702649,0.788645,0.700734,0.767245,0.809084,0.775684,0.756799,0.780548,0.794485,0.765517,0.770235,0.756093,0.784745,0.738888,0.782133,0.753561,0.744636,0.770923,0.737041,0.790664,0.727234,0.741161,0.773230,0.761593,0.760019,0.789735,0.755376,0.767788,0.748205,0.740906,0.759724,0.755395,0.766828,0.751627,0.743326,#
12,0.746988,0.726929,0.714065,0.738589,0.730171,0.709685,0.733383,0.744936,0.771357,0.738751,0.679399,0.774934,1.000000,0.761664,0.758117,0.717522,0.761377,0.783797,0.768710,0.759646,0.760114,0.690304,0.787687,0.774266,0.722997,0.726289,0.721936,0.744944,0.773367,0.703547,0.734602,0.762195,0.773080,0.784659,0.735447,0.764028,0.744582,0.754676,0.760100,0.751620,0.679551,0.659240,0.718405,0.771754,0.744800,0.742595,0.777028,0.707215,0.731386,0.735942,0.801582,0.716539,0.746052,0.739536,0.787987,0.750503,0.718206,0.765664,0.743644,0.706434,0.702809,0.743006,0.748205,0.721546,0.790932,0.769263,0.738581,0.705877,0.778758,0.736790,0.748620,0.714754,0.766064,0.740722,0.777408,0.716687,0.775493,0.755804,0.753619,0.748244,0.757548,0.728462,0.774080,0.779412,0.731599,0.763281,0.714447,0.749817,0.733221,0.690186,0.730944,0.744910,0.765790,0.677271,0.727549,0.802133,0.798946,0.755751,0.746274,0.725466,0.704178,0.773906,0.757804,0.784769,0.704481,0.734330,0.717939,0.718740,0.773610,0.728572,0.759657,0.736238,0.731670,0.734823,0.774775,0.753638,0.676847,0.695916,0.733592,0.732104,0.694652,0.736159,0.745723,0.795724,0.787511,0.757409,0.746407,0.682470,0.709962,0.740934,0.715831,0.727741,0.706327,0.726153,0.728750,0.744398,0.732488,0.766943,0.737509,0.714203,0.766295,0.773885,0.734030,0.752514,0.715702,0.713111,0.736280,0.669716,0.773389,0.776751,0.736709,0.774891,0.727602,0.684757,0.742444,0.776225,0.806029,0.762270,0.770105,0.715226,0.761722,0.772288,0.770028,0.728964,0.801881,0.669343,0.732794,0.754632,0.687189,0.722084,0.767652,0.750154,0.751565,0.746361,0.736734,0.715233,0.795187,0.821980,0.713450,0.666910,0.722284,0.750713,0.740367,0.737949,0.674009,0.745146,0.669912,0.757289,0.738653,0.731541,0.711314,0.710377,0.710493,0.740812,0.703326,0.751643,0.734329,0.754320,0.764015,0.657412,#
13,0.794563,0.745342,0.779276,0.762608,0.793812,0.733291,0.800840,0.774953,0.788558,0.760005,0.725119,0.751626,0.761664,1.000000,0.717134,0.748763,0.761729,0.820965,0.792705,0.769337,0.786843,0.735434,0.812334,0.783976,0.736056,0.729482,0.744107,0.794868,0.780021,0.802036,0.724985,0.772062,0.803259,0.792423,0.697116,0.743837,0.746329,0.791952,0.813821,0.791712,0.832594,0.730156,0.790648,0.758419,0.805708,0.755513,0.778947,0.773413,0.807400,0.785507,0.761679,0.817663,0.788826,0.757328,0.816529,0.820907,0.760331,0.803075,0.788714,0.753275,0.799944,0.760456,0.759614,0.789826,0.822427,0.800186,0.779396,0.755437,0.794207,0.749813,0.730236,0.775093,0.757525,0.807151,0.783418,0.749495,0.771301,0.773351,0.809640,0.785042,0.781971,0.758626,0.807569,0.796412,0.782584,0.781784,0.734316,0.741492,0.789325,0.762089,0.744155,0.784355,0.780242,0.746715,0.781484,0.750238,0.757214,0.740586,0.759389,0.807500,0.796559,0.778442,0.776446,0.823484,0.769343,0.800628,0.767937,0.795315,0.780227,0.714972,0.784702,0.781245,0.772664,0.781566,0.763547,0.800274,0.715165,0.794948,0.779456,0.753502,0.750151,0.779103,0.740410,0.771591,0.778476,0.758062,0.784235,0.728782,0.739546,0.754346,0.772467,0.766297,0.749164,0.750101,0.811428,0.760230,0.760823,0.769518,0.813363,0.756565,0.742124,0.822106,0.789729,0.765537,0.716488,0.733554,0.796941,0.709660,0.789159,0.771972,0.765005,0.822433,0.739087,0.744955,0.753879,0.763655,0.802167,0.762743,0.802820,0.729825,0.799222,0.779813,0.768847,0.791956,0.776983,0.764758,0.787712,0.753643,0.802567,0.743471,0.784405,0.798958,0.805572,0.767762,0.839928,0.794518,0.785891,0.848675,0.771457,0.753723,0.746336,0.770529,0.781605,0.769981,0.792843,0.792977,0.723149,0.769530,0.732804,0.753427,0.764325,0.747301,0.771817,0.797166,0.787985,0.730729,0.758469,0.791695,0.761879,0.730269,#
14,0.764509,0.767739,0.748670,0.723788,0.722186,0.747359,0.692508,0.777466,0.766575,0.766257,0.654671,0.736862,0.758117,0.717134,1.000000,0.748670,0.758028,0.716671,0.710888,0.727941,0.753350,0.714349,0.724752,0.777431,0.726356,0.644216,0.737390,0.737752,0.737143,0.743350,0.761040,0.762614,0.735174,0.739247,0.731377,0.716264,0.694822,0.758955,0.775386,0.718811,0.699373,0.688184,0.757683,0.766976,0.722577,0.713757,0.749195,0.710413,0.682512,0.702051,0.708863,0.703035,0.717560,0.792251,0.749431,0.738158,0.714770,0.738328,0.753691,0.681508,0.744453,0.762470,0.732291,0.712928,0.736903,0.731492,0.722433,0.752131,0.749949,0.753356,0.726194,0.716109,0.770006,0.725699,0.759342,0.700973,0.769570,0.758717,0.733977,0.678431,0.765415,0.758352,0.773319,0.808081,0.760796,0.762073,0.740854,0.784477,0.733483,0.652930,0.666010,0.694005,0.755023,0.761290,0.771432,0.740695,0.805218,0.725035,0.763452,0.706207,0.753595,0.760916,0.777453,0.687246,0.716115,0.751267,0.700846,0.719471,0.744446,0.693048,0.770115,0.743204,0.770847,0.733757,0.701769,0.750362,0.694997,0.689502,0.690641,0.681050,0.715073,0.758780,0.754875,0.759615,0.794787,0.668996,0.729417,0.763521,0.688811,0.734077,0.716726,0.749054,0.714436,0.717395,0.744069,0.742825,0.730973,0.744693,0.732255,0.742391,0.722713,0.745087,0.674685,0.759516,0.708306,0.745925,0.764379,0.669645,0.769181,0.675493,0.747354,0.742309,0.689642,0.686840,0.768795,0.736564,0.731635,0.735035,0.710146,0.699492,0.725798,0.711028,0.744990,0.726225,0.707058,0.698350,0.722648,0.699887,0.680260,0.757265,0.745400,0.736047,0.748897,0.777957,0.762062,0.772213,0.745057,0.782977,0.699565,0.680459,0.735535,0.780875,0.727608,0.707336,0.733558,0.716820,0.718596,0.657819,0.731339,0.725653,0.672866,0.693264,0.753598,0.744048,0.712601,0.729397,0.729352,0.725873,0.705587,0.640064,#
15,0.787812,0.766016,0.746226,0.784055,0.762106,0.824328,0.736008,0.727071,0.796632,0.743695,0.722994,0.755700,0.717522,0.748763,0.748670,1.000000,0.780582,0.805064,0.752362,0.766467,0.766178,0.752382,0.743869,0.780952,0.745106,0.722679,0.751466,0.741674,0.736662,0.785701,0.790352,0.800807,0.756318,0.800297,0.724576,0.808330,0.767489,0.779494,0.805519,0.750113,0.722065,0.706178,0.753910,0.730065,0.806807,0.738291,0.799740,0.801442,0.788251,0.769187,0.737629,0.779016,0.751844,0.737830,0.765075,0.761899,0.761162,0.752210,0.750546,0.717651,0.785770,0.748804,0.752509,0.799086,0.764847,0.795295,0.740970,0.760619,0.737286,0.705955,0.769575,0.741111,0.750666,0.753798,0.746628,0.707398,0.785086,0.785909,0.781060,0.742880,0.791499,0.766964,0.769694,0.793553,0.809471,0.799961,0.733744,0.793367,0.722514,0.696335,0.686662,0.704982,0.777015,0.758950,0.732490,0.742420,0.744969,0.737807,0.749078,0.751533,0.793636,0.723519,0.795474,0.782278,0.731836,0.768251,0.772966,0.787227,0.731894,0.775617,0.708493,0.738687,0.766706,0.762648,0.704142,0.737824,0.742037,0.763054,0.735392,0.738304,0.710241,0.742734,0.761357,0.782198,0.746371,0.737039,0.796618,0.708870,0.775244,0.784031,0.740758,0.741541,0.722074,0.717699,0.778131,0.744443,0.745198,0.725798,0.769526,0.757757,0.728073,0.737854,0.743502,0.738095,0.738501,0.724336,0.735267,0.721283,0.769799,0.733015,0.798924,0.763173,0.781777,0.758278,0.772520,0.741166,0.810664,0.745873,0.773367,0.715826,0.746236,0.793240,0.803008,0.721701,0.789299,0.743985,0.772485,0.759844,0.784404,0.702571,0.738856,0.795182,0.745099,0.782810,0.759359,0.798658,0.765211,0.792147,0.760781,0.742663,0.766212,0.756570,0.722258,0.788786,0.754537,0.729600,0.673555,0.716386,0.722173,0.781585,0.719626,0.760169,0.757800,0.758852,0.750782,0.730534,0.767099,0.788716,0.776594,0.777272,#
16,0.819077,0.758843,0.754418,0.783143,0.806736,0.789681,0.792913,0.785317,0.797446,0.772437,0.768332,0.781051,0.761377,0.761729,0.758028,0.780582,1.000000,0.816698,0.787879,0.776094,0.858287,0.801066,0.741164,0.802487,0.742768,0.785962,0.806190,0.717068,0.762274,0.757007,0.798093,0.833494,0.822893,0.795600,0.755141,0.788770,0.800343,0.779062,0.806324,0.811056,0.761525,0.763424,0.772529,0.772219,0.765969,0.778553,0.777619,0.780844,0.784704,0.800214,0.742383,0.766426,0.797438,0.808477,0.814980,0.815487,0.706453,0.795833,0.802383,0.730888,0.781161,0.772179,0.784259,0.750875,0.796497,0.778343,0.796076,0.793711,0.822501,0.792624,0.778773,0.765738,0.810465,0.772656,0.801601,0.744588,0.793470,0.806004,0.783022,0.803450,0.832732,0.789401,0.804816,0.804314,0.810143,0.798339,0.812071,0.762699,0.758672,0.782534,0.720637,0.765060,0.817322,0.769113,0.805694,0.825542,0.785175,0.762156,0.818770,0.787118,0.784400,0.769004,0.781678,0.794690,0.767105,0.838517,0.806034,0.772728,0.809319,0.748527,0.819145,0.795422,0.792800,0.805333,0.791867,0.821801,0.800687,0.786703,0.733757,0.700385,0.742453,0.799548,0.771951,0.814263,0.817429,0.781854,0.791979,0.734251,0.766177,0.779760,0.808406,0.771609,0.804166,0.739450,0.832656,0.835385,0.782753,0.734957,0.791253,0.783895,0.762861,0.792566,0.797038,0.795221,0.745833,0.738092,0.786589,0.741975,0.783298,0.789903,0.763119,0.821670,0.734774,0.747155,0.846860,0.770133,0.801819,0.770045,0.778231,0.764846,0.759506,0.779308,0.831591,0.781558,0.786693,0.785669,0.790509,0.770547,0.798903,0.746945,0.791900,0.801897,0.792477,0.777190,0.789071,0.772496,0.746227,0.840911,0.773213,0.749327,0.757823,0.760457,0.783596,0.763349,0.772622,0.797804,0.775324,0.788541,0.763950,0.783635,0.798964,0.724476,0.812344,0.778642,0.756634,0.776773,0.777606,0.795703,0.796553,0.770478,#
17,0.839797,0.772537,0.772142,0.760679,0.810347,0.819355,0.808927,0.775514,0.823385,0.759479,0.728446,0.810662,0.783797,0.820965,0.716671,0.805064,0.816698,1.000000,0.765464,0.818344,0.811936,0.743325,0.802674,0.834424,0.826420,0.775821,0.800652,0.783711,0.755302,0.805455,0.803019,0.818537,0.753423,0.772363,0.763741,0.825655,0.760422,0.798686,0.817478,0.820229,0.802227,0.772763,0.813123,0.783446,0.783088,0.739634,0.793668,0.838386,0.827982,0.817487,0.796039,0.786297,0.807894,0.767098,0.812205,0.835261,0.783706,0.787594,0.809062,0.734120,0.783854,0.774505,0.767360,0.785089,0.795354,0.847631,0.829242,0.810732,0.787240,0.765403,0.780582,0.767585,0.785279,0.782516,0.768934,0.748186,0.813783,0.819192,0.799019,0.797896,0.824378,0.776186,0.822783,0.816795,0.804328,0.800852,0.803482,0.784503,0.769793,0.770549,0.761469,0.769293,0.807081,0.776038,0.761651,0.821704,0.798614,0.751385,0.761114,0.822196,0.814058,0.751356,0.808982,0.811151,0.739713,0.761015,0.799330,0.809911,0.759576,0.772794,0.791132,0.798764,0.761453,0.816150,0.773649,0.768383,0.734673,0.792218,0.740385,0.756249,0.764869,0.787072,0.792499,0.829760,0.811635,0.820962,0.798613,0.746850,0.757150,0.794442,0.832666,0.820968,0.803655,0.746227,0.776319,0.804269,0.792121,0.786630,0.824922,0.817880,0.792340,0.811850,0.846763,0.795594,0.788957,0.733475,0.796426,0.743500,0.820687,0.743480,0.807108,0.818379,0.765155,0.745542,0.812214,0.819782,0.862783,0.775364,0.808336,0.748985,0.807518,0.790570,0.840641,0.764200,0.815670,0.783563,0.747042,0.751922,0.800629,0.755827,0.833545,0.789226,0.787190,0.788071,0.833583,0.762244,0.790996,0.843499,0.777748,0.785650,0.778252,0.816191,0.788765,0.812272,0.825081,0.777828,0.762358,0.835837,0.749292,0.762499,0.774732,0.776264,0.801903,0.793834,0.790312,0.808863,0.776117,0.828600,0.781973,0.763419,#
18,0.792608,0.782697,0.756771,0.816593,0.784744,0.734237,0.767173,0.797688,0.787152,0.766302,0.759978,0.813047,0.768710,0.792705,0.710888,0.752362,0.787879,0.765464,1.000000,0.793995,0.779733,0.777884,0.781652,0.761443,0.745321,0.770141,0.773746,0.772222,0.742186,0.794748,0.734408,0.798577,0.782589,0.811496,0.780573,0.804424,0.757455,0.779554,0.790888,0.780199,0.784877,0.701095,0.764555,0.736964,0.810721,0.739311,0.828016,0.783878,0.763926,0.743151,0.745590,0.744004,0.810705,0.741329,0.799133,0.806434,0.748968,0.802115,0.766684,0.789006,0.801144,0.717360,0.773708,0.745782,0.816852,0.764392,0.763304,0.773032,0.736910,0.782890,0.800708,0.756393,0.802669,0.765384,0.797000,0.719252,0.812654,0.759931,0.803760,0.765419,0.769758,0.741293,0.786377,0.797511,0.818900,0.782106,0.771377,0.763576,0.767007,0.739763,0.761485,0.744467,0.800888,0.760551,0.788478,0.739795,0.765183,0.786791,0.786288,0.785662,0.795996,0.743910,0.783658,0.787910,0.775799,0.799652,0.752237,0.759440,0.778520,0.742234,0.801329,0.742776,0.812630,0.806774,0.710095,0.757042,0.757026,0.757361,0.754004,0.736647,0.730345,0.808411,0.767445,0.781472,0.782706,0.740255,0.781294,0.733788,0.817011,0.739632,0.768513,0.786757,0.773286,0.747179,0.793406,0.796797,0.814425,0.770979,0.771140,0.771911,0.740691,0.804773,0.763352,0.810007,0.732856,0.760837,0.771521,0.701492,0.798407,0.753318,0.745674,0.834928,0.760520,0.725054,0.776148,0.792734,0.782635,0.811709,0.781109,0.730608,0.785975,0.755381,0.808067,0.775118,0.792779,0.777525,0.823773,0.731457,0.732773,0.755000,0.763300,0.809002,0.798708,0.751631,0.753242,0.779366,0.763817,0.827540,0.739148,0.787591,0.766272,0.772218,0.750250,0.753210,0.765340,0.787099,0.764822,0.714779,0.748199,0.788091,0.780984,0.768345,0.726222,0.816769,0.794869,0.760999,0.726706,0.809447,0.777268,0.753694,#
19,0.777890,0.776381,0.768317,0.761630,0.828289,0.817921,0.737113,0.760375,0.793625,0.743544,0.712271,0.762495,0.759646,0.769337,0.727941,0.766467,0.776094,0.818344,0.793995,1.000000,0.776933,0.758640,0.772465,0.781978,0.721515,0.693170,0.798515,0.748283,0.780295,0.781117,0.784535,0.835948,0.765946,0.766686,0.709503,0.786428,0.730955,0.760010,0.786776,0.794791,0.779818,0.697657,0.746762,0.776947,0.760350,0.745684,0.823175,0.778996,0.788330,0.682819,0.694026,0.746151,0.775237,0.761905,0.772917,0.744468,0.788583,0.763140,0.783300,0.686419,0.775599,0.738114,0.785403,0.765896,0.794767,0.804935,0.737583,0.763203,0.751650,0.755148,0.748779,0.756038,0.788720,0.766657,0.770615,0.702822,0.760482,0.751399,0.755352,0.746095,0.772108,0.710400,0.816632,0.755287,0.774188,0.752359,0.762702,0.804653,0.777984,0.701535,0.737797,0.745046,0.802388,0.759859,0.758646,0.741412,0.761794,0.728247,0.763024,0.799525,0.786269,0.773014,0.770082,0.759489,0.734766,0.754777,0.747883,0.758065,0.740051,0.685365,0.745654,0.749839,0.779441,0.795455,0.755728,0.734584,0.774624,0.760910,0.706772,0.694898,0.729085,0.783789,0.769594,0.816154,0.791197,0.743036,0.772765,0.740031,0.803945,0.816349,0.772360,0.804717,0.769021,0.772896,0.797839,0.789569,0.771040,0.753281,0.767313,0.762011,0.730182,0.749305,0.776406,0.770405,0.740023,0.729516,0.733657,0.653454,0.784713,0.756573,0.761075,0.827138,0.722983,0.685447,0.786417,0.756951,0.803258,0.784733,0.784923,0.752294,0.762307,0.789386,0.766970,0.737730,0.770321,0.743831,0.723744,0.759962,0.748904,0.718730,0.766213,0.811774,0.789654,0.746248,0.796643,0.732740,0.762293,0.855840,0.728696,0.718207,0.707350,0.784504,0.751542,0.824351,0.784371,0.747400,0.725788,0.758846,0.761653,0.766845,0.756124,0.730256,0.762451,0.797075,0.736317,0.790921,0.731319,0.745735,0.764650,0.715837,#
20,0.815360,0.772296,0.747615,0.754675,0.792143,0.776833,0.812472,0.781737,0.782753,0.797130,0.755861,0.754138,0.760114,0.786843,0.753350,0.766178,0.858287,0.811936,0.779733,0.776933,1.000000,0.762964,0.746392,0.798765,0.742279,0.774197,0.800580,0.764799,0.731724,0.797922,0.767539,0.809812,0.775345,0.818507,0.775856,0.814964,0.775588,0.751592,0.809800,0.812032,0.763797,0.802405,0.760293,0.798128,0.796782,0.752422,0.802517,0.772665,0.773990,0.771600,0.760256,0.801870,0.782811,0.785992,0.789762,0.806651,0.764934,0.798028,0.789565,0.741605,0.802782,0.743855,0.822478,0.743529,0.812855,0.796538,0.807679,0.756736,0.804197,0.758278,0.770414,0.757367,0.769266,0.780009,0.791296,0.707213,0.765804,0.803331,0.783152,0.783662,0.788765,0.817202,0.799550,0.818442,0.774291,0.791292,0.804554,0.768466,0.762169,0.783650,0.762471,0.774347,0.792029,0.793673,0.813926,0.765927,0.745912,0.746759,0.790611,0.793945,0.784646,0.777911,0.812837,0.804631,0.788491,0.744326,0.794255,0.800764,0.778794,0.789774,0.801192,0.786670,0.762404,0.757171,0.790386,0.760793,0.752640,0.798331,0.713892,0.722530,0.802479,0.792529,0.768701,0.844319,0.802718,0.798283,0.767423,0.729236,0.772934,0.781967,0.793451,0.764294,0.801626,0.787769,0.817279,0.779438,0.760531,0.785816,0.805572,0.813450,0.753851,0.778576,0.766438,0.796343,0.765447,0.744086,0.780005,0.728140,0.792939,0.812159,0.791364,0.816460,0.779934,0.752995,0.818284,0.775332,0.790769,0.783042,0.785317,0.760670,0.772026,0.803202,0.789550,0.772162,0.822029,0.704183,0.751549,0.725632,0.782485,0.762140,0.797451,0.778856,0.822588,0.767411,0.781877,0.764834,0.757982,0.831832,0.778678,0.779747,0.745581,0.761361,0.773678,0.772055,0.743626,0.793805,0.754014,0.795376,0.741596,0.755064,0.724876,0.725443,0.782033,0.813061,0.761753,0.730284,0.780101,0.787827,0.784291,0.765610,#
21,0.738532,0.803022,0.726143,0.770031,0.755438,0.754471,0.708129,0.747571,0.813520,0.722009,0.705395,0.730701,0.690304,0.735434,0.714349,0.752382,0.801066,0.743325,0.777884,0.758640,0.762964,1.000000,0.749683,0.784188,0.722147,0.680787,0.786673,0.694923,0.721167,0.722709,0.748571,0.751624,0.773898,0.777520,0.739201,0.792863,0.756544,0.760155,0.777249,0.736747,0.721253,0.744665,0.739779,0.745761,0.780361,0.726360,0.753931,0.774844,0.761775,0.709478,0.710897,0.761493,0.751293,0.711108,0.766652,0.770770,0.744227,0.743144,0.803495,0.668419,0.769542,0.738170,0.724255,0.701676,0.806430,0.738986,0.739902,0.755708,0.746942,0.754155,0.736097,0.759036,0.771339,0.756387,0.792073,0.721316,0.730302,0.752804,0.753392,0.746537,0.733063,0.721984,0.771137,0.773146,0.818113,0.747497,0.731273,0.761203,0.767558,0.759626,0.664303,0.674865,0.776364,0.713181,0.768512,0.736671,0.742394,0.709825,0.735857,0.771936,0.746320,0.761990,0.740494,0.755000,0.669897,0.793674,0.721105,0.727657,0.739443,0.753916,0.772452,0.730344,0.765000,0.782902,0.663483,0.715670,0.742137,0.777668,0.689830,0.693487,0.732311,0.748903,0.748970,0.762541,0.776837,0.687131,0.752306,0.759866,0.744922,0.765836,0.766749,0.779968,0.746750,0.720665,0.788831,0.741679,0.684100,0.700795,0.737752,0.759877,0.739946,0.765138,0.730919,0.733520,0.713353,0.725186,0.742884,0.682505,0.731328,0.725264,0.738215,0.802669,0.724522,0.726507,0.758903,0.756119,0.787059,0.715484,0.704233,0.719188,0.770154,0.752256,0.786700,0.765261,0.790993,0.713026,0.776934,0.742723,0.683065,0.729486,0.763546,0.738977,0.751440,0.739387,0.745505,0.745103,0.679778,0.800434,0.731150,0.725452,0.703288,0.761643,0.702012,0.765622,0.736762,0.777087,0.752418,0.651471,0.704648,0.767876,0.729593,0.701268,0.727155,0.745364,0.754494,0.732583,0.751744,0.760632,0.683073,0.757968,#
