0,1.000000,0.524223,0.549262,0.505068,0.328255,0.539655,0.495479,0.565826,0.488569,0.514921,0.505252,0.565489,0.501224,0.394217,0.626856,0.441801,0.502109,0.508404,0.474642,0.475191,0.471113,0.476230,0.541583,0.519946,0.454113,0.453137,0.555702,0.557105,0.363019,0.549754,0.492878,0.423160,0.432963,0.435106,0.552314,0.476007,0.554530,0.500217,0.505527,0.615246,0.533411,0.487691,0.578848,0.573454,0.469048,0.408333,0.579500,0.563751,0.402998,0.559403,0.510198,0.424218,0.583638,0.523878,0.420112,0.546229,0.508669,0.555128,0.509884,0.536718,0.604278,0.449561,0.542007,0.501538,0.469570,0.567494,0.519494,0.650655,0.537667,0.440903,0.569399,0.484273,0.619954,0.492218,0.528887,0.505688,0.511082,0.523709,0.476080,0.461701,0.661519,0.511414,0.493620,0.526860,0.551050,0.606019,0.504206,0.421607,0.401660,0.521332,0.476565,0.525263,0.442047,0.555209,0.570575,0.537498,0.422971,0.499898,0.541310,0.506496,0.486856,0.495186,0.414875,0.479742,0.544625,0.384938,0.396565,0.571983,0.549626,0.494411,0.606466,0.450577,0.593276,0.392486,0.460656,0.628246,0.404184,0.459532,0.474717,0.523135,0.451837,0.703043,0.541695,0.580638,0.484265,0.457097,0.486894,0.462301,0.398428,0.449376,0.459434,0.523428,0.465201,0.457181,0.522478,0.433151,0.503273,0.556550,0.480509,0.474453,0.384287,0.489329,0.417897,0.576022,0.585328,0.467135,0.481064,0.440386,0.535835,0.496960,0.476084,0.421651,0.495775,0.483305,0.452441,0.448173,0.423987,0.514035,0.548564,0.552819,0.560139,0.605053,0.445582,0.470164,0.523083,0.569881,0.566805,0.433368,0.473126,0.556396,0.529151,0.467421,0.507453,0.562090,0.603912,0.373259,0.405244,0.532386,0.543767,0.589387,0.439129,0.575745,0.450824,0.501857,0.504529,0.447903,0.529756,0.548167,0.490060,0.574257,0.516114,0.535995,0.483784,0.473721,0.460831,0.454372,0.430891,0.447535,0.580726,0.506232,#
1,0.524223,1.000000,0.481260,0.567971,0.421230,0.605831,0.466991,0.511792,0.470299,0.517587,0.500594,0.532369,0.486141,0.518860,0.642372,0.423461,0.475830,0.430939,0.466965,0.513658,0.581936,0.681701,0.643756,0.652106,0.487108,0.439014,0.614734,0.491729,0.374515,0.434994,0.564792,0.513534,0.519516,0.552353,0.582482,0.600803,0.434064,0.570581,0.509090,0.554931,0.495407,0.515184,0.479746,0.539403,0.435036,0.532897,0.571911,0.563007,0.553839,0.568337,0.480496,0.552260,0.599933,0.450616,0.515262,0.543892,0.498941,0.563020,0.631555,0.520761,0.397469,0.574043,0.413614,0.338417,0.498627,0.476070,0.602638,0.633730,0.603961,0.585901,0.533996,0.534688,0.680431,0.423849,0.503008,0.561317,0.517344,0.596798,0.523090,0.471374,0.575228,0.540522,0.654781,0.575189,0.555145,0.525997,0.459789,0.458871,0.585203,0.548679,0.541854,0.472700,0.468187,0.504828,0.456907,0.446559,0.532680,0.520713,0.485389,0.540613,0.511056,0.613912,0.451930,0.522926,0.529419,0.399408,0.442285,0.563742,0.499795,0.427938,0.573690,0.537175,0.537907,0.438544,0.477876,0.481870,0.570270,0.625355,0.457865,0.477045,0.626683,0.560156,0.487938,0.545747,0.398759,0.374779,0.564140,0.586021,0.498942,0.550165,0.441955,0.517624,0.437149,0.577679,0.536845,0.417808,0.473771,0.481326,0.567161,0.428659,0.508950,0.448083,0.437260,0.447996,0.458836,0.544390,0.561234,0.450108,0.516143,0.476808,0.559022,0.508150,0.510049,0.487883,0.515648,0.434038,0.487254,0.548734,0.470039,0.513110,0.476222,0.586427,0.558444,0.555291,0.558792,0.486389,0.462195,0.554786,0.325257,0.540175,0.562030,0.410950,0.506134,0.602593,0.509099,0.397245,0.475621,0.555759,0.531780,0.545444,0.477666,0.500260,0.492099,0.455133,0.400529,0.563722,0.565505,0.368756,0.493413,0.507078,0.538938,0.429862,0.492393,0.502501,0.604337,0.451311,0.484447,0.526389,0.512231,0.546924,#
2,0.549262,0.481260,1.000000,0.454987,0.307250,0.546971,0.513117,0.605313,0.449602,0.516918,0.533764,0.485163,0.385343,0.396355,0.563023,0.385335,0.485695,0.511754,0.449303,0.519561,0.453104,0.549871,0.422746,0.539893,0.471720,0.365111,0.572586,0.552384,0.468342,0.517802,0.500251,0.451305,0.543477,0.495082,0.527595,0.515879,0.559229,0.472952,0.571133,0.537533,0.587924,0.598885,0.436519,0.465310,0.411666,0.512860,0.623157,0.477157,0.479164,0.677766,0.396076,0.419326,0.463623,0.543260,0.576082,0.485404,0.543719,0.530428,0.458296,0.493025,0.495952,0.582863,0.537871,0.528123,0.500524,0.479599,0.678216,0.481360,0.589901,0.526314,0.614129,0.454214,0.589516,0.475140,0.554235,0.566021,0.581852,0.619084,0.511155,0.618884,0.535760,0.563370,0.579709,0.596814,0.540397,0.579806,0.586946,0.587122,0.565152,0.485956,0.593744,0.538868,0.450248,0.456603,0.632127,0.490103,0.477666,0.506217,0.597718,0.521367,0.495731,0.412180,0.404182,0.486359,0.499293,0.594148,0.520306,0.440526,0.612962,0.509606,0.561779,0.403711,0.628520,0.399667,0.512853,0.430943,0.433997,0.472045,0.518146,0.468977,0.530274,0.589483,0.443512,0.505327,0.470502,0.447238,0.536284,0.499558,0.472800,0.543627,0.531604,0.630541,0.552222,0.599858,0.527493,0.491073,0.429304,0.437756,0.473236,0.444840,0.576283,0.421422,0.419148,0.411303,0.493286,0.609034,0.507853,0.466934,0.472233,0.441678,0.544451,0.448533,0.480097,0.533171,0.408398,0.573077,0.460763,0.474893,0.374739,0.468742,0.467089,0.402279,0.494546,0.484827,0.420528,0.592820,0.623609,0.486196,0.354029,0.476741,0.519205,0.462882,0.435731,0.473395,0.495207,0.466866,0.422985,0.517164,0.544901,0.513827,0.474827,0.556027,0.499574,0.558070,0.371236,0.459821,0.533994,0.505021,0.553281,0.466202,0.477864,0.499223,0.547728,0.484874,0.521372,0.563793,0.492752,0.574909,0.462994,0.517622,#
3,0.505068,0.567971,0.454987,1.000000,0.454802,0.504616,0.434782,0.520738,0.449314,0.540707,0.439329,0.516376,0.515135,0.434830,0.544628,0.463163,0.469308,0.427273,0.430828,0.426908,0.526947,0.598065,0.478634,0.476818,0.580069,0.516479,0.527795,0.515258,0.464381,0.427472,0.463694,0.513961,0.500923,0.558356,0.491250,0.480296,0.448394,0.486138,0.360930,0.568394,0.537966,0.525677,0.438377,0.442394,0.464027,0.558505,0.561081,0.571455,0.574345,0.540155,0.458999,0.379778,0.518574,0.429929,0.524102,0.475808,0.363577,0.508407,0.641614,0.497050,0.485303,0.514440,0.418060,0.433582,0.542355,0.573147,0.480738,0.514393,0.489041,0.504853,0.496167,0.536506,0.597046,0.509029,0.508124,0.457217,0.484227,0.520760,0.494089,0.538641,0.561641,0.455848,0.523084,0.534051,0.497892,0.503438,0.482688,0.431584,0.478177,0.529735,0.410783,0.502801,0.500136,0.507508,0.517836,0.515397,0.473150,0.427827,0.397566,0.507619,0.486441,0.444282,0.356030,0.463561,0.513446,0.454891,0.508400,0.600710,0.481151,0.445635,0.471258,0.504379,0.525820,0.474507,0.514305,0.529284,0.469972,0.484301,0.460791,0.447949,0.401419,0.537843,0.393967,0.518808,0.426000,0.409953,0.565331,0.492058,0.466117,0.517776,0.437989,0.546548,0.435076,0.592261,0.568314,0.454205,0.565482,0.450494,0.478151,0.441005,0.483247,0.434301,0.379684,0.423440,0.413796,0.572827,0.480244,0.461297,0.469800,0.362632,0.416106,0.417852,0.449367,0.463461,0.463769,0.417572,0.562257,0.552090,0.410032,0.544191,0.582043,0.555456,0.451815,0.628971,0.481965,0.502173,0.457335,0.417346,0.428227,0.473663,0.532443,0.494198,0.441414,0.528167,0.428810,0.482010,0.376028,0.460094,0.571444,0.497653,0.418332,0.576483,0.473500,0.454670,0.393581,0.480564,0.451413,0.353119,0.595229,0.549414,0.442298,0.443784,0.490340,0.455984,0.518306,0.486512,0.483867,0.507237,0.475761,0.528043,#
4,0.328255,0.421230,0.307250,0.454802,1.000000,0.476136,0.456536,0.322174,0.278657,0.412847,0.405072,0.407666,0.288141,0.329224,0.415790,0.384856,0.303613,0.371786,0.268368,0.399010,0.428627,0.481336,0.368209,0.404547,0.400751,0.222396,0.343110,0.361020,0.382442,0.379758,0.458500,0.295545,0.414378,0.289076,0.388711,0.414962,0.308518,0.315921,0.254403,0.495787,0.351864,0.329939,0.378572,0.475180,0.402787,0.365394,0.499247,0.359872,0.371721,0.439245,0.357879,0.323611,0.403724,0.170838,0.400281,0.397478,0.270075,0.386266,0.491398,0.419241,0.312823,0.460863,0.391696,0.332483,0.396909,0.521886,0.420590,0.386582,0.381702,0.414347,0.492122,0.479868,0.380439,0.266696,0.311787,0.453109,0.380787,0.456364,0.403415,0.363860,0.355517,0.381742,0.442680,0.287634,0.464980,0.288692,0.373182,0.314698,0.433112,0.460716,0.304396,0.275238,0.297806,0.439698,0.382506,0.385767,0.432622,0.292347,0.296431,0.313115,0.415113,0.503039,0.315400,0.379868,0.416003,0.247795,0.397215,0.383066,0.396469,0.407994,0.353172,0.403714,0.488059,0.492640,0.304390,0.378266,0.288923,0.551702,0.284330,0.361129,0.415767,0.392276,0.425945,0.405649,0.303848,0.353800,0.375098,0.265444,0.485660,0.455481,0.508741,0.475922,0.313525,0.391373,0.479306,0.403639,0.392470,0.429951,0.355363,0.313786,0.268120,0.435787,0.335610,0.387746,0.304945,0.427877,0.415952,0.317373,0.358839,0.408342,0.364384,0.470477,0.302993,0.276273,0.409599,0.303865,0.435141,0.470793,0.432840,0.335316,0.258730,0.442231,0.399194,0.459175,0.405283,0.325485,0.412076,0.316273,0.257593,0.373728,0.381356,0.344707,0.387679,0.317630,0.445715,0.361582,0.298086,0.410555,0.402537,0.441554,0.473761,0.410770,0.456074,0.370395,0.473584,0.404260,0.327301,0.447825,0.321278,0.289836,0.357279,0.282923,0.384378,0.376650,0.400812,0.195424,0.311890,0.350376,0.355794,0.376954,#
5,0.539655,0.605831,0.546971,0.504616,0.476136,1.000000,0.465577,0.539272,0.446606,0.502709,0.440298,0.519104,0.467373,0.454030,0.553868,0.373974,0.435802,0.459140,0.515548,0.555343,0.482229,0.494778,0.451036,0.511591,0.549941,0.475137,0.536603,0.591958,0.394218,0.577115,0.533112,0.525764,0.529553,0.600256,0.497867,0.554993,0.508156,0.421751,0.442710,0.564302,0.513372,0.502767,0.414881,0.508076,0.525431,0.489823,0.548646,0.614583,0.482243,0.573127,0.511839,0.362806,0.527729,0.477751,0.562808,0.604926,0.460693,0.520615,0.597715,0.579649,0.385353,0.474655,0.501469,0.530352,0.461685,0.466504,0.527318,0.541558,0.556876,0.573138,0.618145,0.536364,0.618085,0.498310,0.533155,0.452794,0.490473,0.640057,0.512971,0.453740,0.554986,0.539233,0.586053,0.519077,0.526704,0.472306,0.427640,0.465352,0.567214,0.546231,0.538822,0.409985,0.399049,0.543712,0.477802,0.337513,0.549560,0.515879,0.569842,0.355388,0.584658,0.540501,0.558231,0.538283,0.508989,0.457392,0.544397,0.529481,0.471526,0.535757,0.507895,0.536278,0.536919,0.419153,0.387888,0.434691,0.553098,0.624172,0.471523,0.483253,0.485178,0.571717,0.493921,0.625595,0.437096,0.451358,0.598230,0.436618,0.531962,0.425599,0.477232,0.619371,0.532908,0.612985,0.584708,0.399537,0.385968,0.548806,0.452349,0.394117,0.429464,0.411668,0.494363,0.485404,0.633275,0.460146,0.475214,0.472463,0.469548,0.562549,0.600032,0.500078,0.536649,0.499393,0.456417,0.425250,0.529685,0.530681,0.489684,0.510801,0.498832,0.578665,0.484050,0.553230,0.550845,0.483083,0.437274,0.501278,0.400470,0.435648,0.617443,0.457576,0.512479,0.446702,0.457656,0.475959,0.462132,0.589520,0.593984,0.594589,0.506409,0.499290,0.389030,0.474835,0.443145,0.534143,0.471109,0.505355,0.607009,0.524825,0.464711,0.566816,0.509102,0.578444,0.547386,0.487609,0.428870,0.558849,0.515768,0.524285,#
6,0.495479,0.466991,0.513117,0.434782,0.456536,0.465577,1.000000,0.471559,0.518289,0.570099,0.543471,0.595126,0.415033,0.496897,0.468364,0.606886,0.566033,0.558003,0.509622,0.470668,0.514553,0.526259,0.429599,0.443152,0.560213,0.501591,0.518332,0.516303,0.420415,0.492219,0.543731,0.556164,0.594452,0.509339,0.475394,0.552336,0.571670,0.506246,0.452592,0.535456,0.601663,0.510606,0.579699,0.535802,0.479650,0.432063,0.568863,0.577370,0.555460,0.605780,0.455323,0.456222,0.524492,0.317738,0.460488,0.504481,0.514877,0.579260,0.586542,0.462612,0.538575,0.613059,0.487932,0.466845,0.572280,0.547405,0.629688,0.620854,0.561176,0.457732,0.633981,0.648395,0.534208,0.447330,0.461741,0.581715,0.609369,0.657009,0.597699,0.501337,0.575712,0.516033,0.488644,0.660634,0.556629,0.463726,0.533847,0.510394,0.507234,0.491036,0.447149,0.484940,0.387619,0.567615,0.522910,0.509636,0.547951,0.529513,0.500390,0.466931,0.512160,0.560072,0.489171,0.508160,0.581206,0.389429,0.514923,0.515185,0.583937,0.448881,0.446211,0.485587,0.532809,0.496987,0.408641,0.538693,0.390908,0.538898,0.359335,0.540232,0.461214,0.507105,0.407287,0.532529,0.488197,0.424699,0.439590,0.516459,0.527777,0.496179,0.573777,0.562667,0.465307,0.452219,0.559962,0.497838,0.551134,0.475239,0.572318,0.524765,0.491092,0.466395,0.386522,0.490740,0.498598,0.584351,0.589682,0.545823,0.461298,0.462725,0.481317,0.532771,0.370701,0.479020,0.420326,0.419908,0.438247,0.359425,0.421885,0.558937,0.483279,0.519373,0.423931,0.493420,0.523894,0.579049,0.559392,0.389291,0.414888,0.530116,0.492292,0.574130,0.365555,0.434883,0.563645,0.534828,0.416218,0.521270,0.530304,0.545442,0.546818,0.536618,0.547586,0.550113,0.443038,0.436093,0.562420,0.433013,0.484396,0.511123,0.476213,0.534530,0.445282,0.461762,0.561722,0.538812,0.553717,0.503607,0.475115,0.530215,#
7,0.565826,0.511792,0.605313,0.520738,0.322174,0.539272,0.471559,1.000000,0.482467,0.447789,0.490236,0.458111,0.490150,0.484336,0.564125,0.413351,0.457208,0.549805,0.487884,0.477076,0.519765,0.479590,0.545736,0.443391,0.493170,0.496946,0.503216,0.468266,0.441709,0.591389,0.481497,0.503362,0.439889,0.508149,0.542025,0.517971,0.460401,0.519597,0.534568,0.542824,0.526430,0.568903,0.420146,0.484115,0.460786,0.481282,0.566994,0.573856,0.583928,0.526937,0.505226,0.449368,0.539124,0.485543,0.549694,0.499460,0.542160,0.495684,0.586985,0.633944,0.439877,0.534341,0.546146,0.464134,0.541332,0.527037,0.611242,0.510507,0.528651,0.408162,0.600210,0.456798,0.599581,0.505805,0.502986,0.549469,0.499216,0.551249,0.409420,0.440884,0.635122,0.463257,0.601982,0.566679,0.497575,0.547462,0.540878,0.490417,0.492399,0.520943,0.516019,0.520477,0.469550,0.478869,0.585989,0.527300,0.521530,0.571404,0.561562,0.523596,0.496277,0.467754,0.373493,0.420509,0.553466,0.389111,0.453966,0.544358,0.555273,0.422608,0.595401,0.510476,0.624186,0.426235,0.499022,0.538441,0.443945,0.506626,0.473360,0.556349,0.544513,0.530125,0.467693,0.540380,0.528629,0.502949,0.489630,0.521720,0.410649,0.507403,0.473049,0.570883,0.543999,0.455085,0.504201,0.516942,0.465360,0.613986,0.446701,0.467022,0.411359,0.441437,0.544120,0.525976,0.563940,0.556501,0.524511,0.386948,0.468735,0.428018,0.461381,0.473068,0.479274,0.396707,0.400723,0.507718,0.510204,0.540576,0.450771,0.531911,0.502502,0.489111,0.595015,0.513580,0.521001,0.521894,0.521656,0.409963,0.333697,0.456316,0.593107,0.426531,0.456913,0.532681,0.496863,0.363379,0.424708,0.414714,0.546463,0.535567,0.436451,0.547840,0.475235,0.554308,0.468657,0.487463,0.560936,0.443891,0.560999,0.586294,0.488174,0.497378,0.470744,0.508063,0.577210,0.490255,0.482732,0.604475,0.536561,0.510666,#
8,0.488569,0.470299,0.449602,0.449314,0.278657,0.446606,0.518289,0.482467,1.000000,0.504557,0.469994,0.529063,0.465816,0.492178,0.536245,0.506528,0.429187,0.487713,0.301853,0.468312,0.504418,0.498102,0.431766,0.458263,0.572143,0.420591,0.482972,0.345271,0.480681,0.449353,0.507805,0.456832,0.418964,0.418933,0.454272,0.626527,0.498634,0.455357,0.356985,0.469670,0.449731,0.418293,0.597363,0.485439,0.447576,0.368825,0.504058,0.464121,0.470100,0.477748,0.503431,0.420368,0.465118,0.443343,0.407449,0.497202,0.470106,0.489151,0.463522,0.390955,0.435235,0.522450,0.575566,0.486220,0.537113,0.544553,0.537839,0.583762,0.637699,0.412758,0.554012,0.530548,0.555502,0.408284,0.541695,0.424340,0.528500,0.558125,0.475252,0.454315,0.525878,0.489342,0.479576,0.507215,0.495401,0.436220,0.457302,0.506315,0.426406,0.419957,0.463224,0.446022,0.325817,0.421091,0.385512,0.443119,0.549648,0.557411,0.559346,0.519424,0.489750,0.350333,0.511890,0.577753,0.370433,0.420328,0.470770,0.480770,0.437418,0.552569,0.409566,0.456609,0.532224,0.391415,0.357855,0.520734,0.448033,0.451603,0.375942,0.537188,0.406613,0.468114,0.404016,0.560430,0.479514,0.490666,0.387591,0.423382,0.490814,0.517254,0.360153,0.564260,0.490756,0.388098,0.446157,0.477454,0.486385,0.418906,0.503844,0.444132,0.431206,0.416626,0.480787,0.338939,0.469362,0.462190,0.462993,0.490695,0.501117,0.460159,0.425230,0.507394,0.331308,0.564448,0.399653,0.356784,0.463186,0.582145,0.556850,0.469191,0.476704,0.394459,0.463977,0.394659,0.424671,0.475139,0.472745,0.514301,0.471168,0.362158,0.475830,0.513887,0.317599,0.455034,0.505263,0.414158,0.452242,0.502175,0.484996,0.477094,0.435555,0.493036,0.519730,0.417226,0.408767,0.360657,0.592972,0.432854,0.433501,0.496616,0.558184,0.508876,0.503968,0.499480,0.460858,0.368356,0.344231,0.468604,0.463743,0.560027,#
9,0.514921,0.517587,0.516918,0.540707,0.412847,0.502709,0.570099,0.447789,0.504557,1.000000,0.533369,0.487357,0.501085,0.518482,0.643210,0.507844,0.516096,0.545383,0.420006,0.413194,0.560827,0.485581,0.431641,0.552117,0.525073,0.406543,0.488263,0.618234,0.442020,0.462224,0.467919,0.581269,0.531417,0.471257,0.442006,0.535244,0.525559,0.493977,0.477884,0.565759,0.548220,0.522853,0.464435,0.502327,0.504996,0.496844,0.560053,0.503892,0.540021,0.575692,0.534935,0.401100,0.444708,0.413073,0.442456,0.521660,0.559211,0.645148,0.464167,0.539590,0.510120,0.544950,0.522789,0.419242,0.416515,0.559774,0.599296,0.557012,0.622797,0.486465,0.556056,0.538870,0.589952,0.458562,0.462525,0.533846,0.584088,0.609032,0.505623,0.592631,0.604759,0.568894,0.529664,0.606437,0.493899,0.504259,0.558454,0.593080,0.539120,0.566416,0.501199,0.466676,0.515009,0.473910,0.549445,0.440460,0.501271,0.438749,0.526208,0.584352,0.580599,0.564379,0.542436,0.503941,0.539321,0.475660,0.471937,0.574181,0.606393,0.512823,0.532227,0.555488,0.568770,0.487037,0.481777,0.581209,0.337017,0.526113,0.425350,0.524833,0.378777,0.601685,0.479021,0.552071,0.512859,0.468812,0.525473,0.526195,0.546831,0.478304,0.438064,0.599038,0.472758,0.527648,0.525827,0.379837,0.539581,0.541049,0.498214,0.455620,0.605449,0.597488,0.526998,0.581695,0.550431,0.642132,0.516296,0.553168,0.540228,0.469883,0.463688,0.485185,0.462908,0.512374,0.469872,0.441345,0.455240,0.526070,0.493885,0.553263,0.543347,0.566104,0.546902,0.507563,0.490254,0.594852,0.423497,0.530139,0.452889,0.491848,0.501259,0.435989,0.428629,0.391870,0.535107,0.495261,0.533373,0.568995,0.477175,0.577190,0.564963,0.545509,0.565258,0.469619,0.454378,0.462094,0.560687,0.478780,0.568567,0.493977,0.489968,0.493492,0.461229,0.458389,0.430589,0.471927,0.564459,0.522416,0.470825,0.511893,#
10,0.505252,0.500594,0.533764,0.439329,0.405072,0.440298,0.543471,0.490236,0.469994,0.533369,1.000000,0.569088,0.498844,0.459330,0.518341,0.473127,0.532486,0.460423,0.535746,0.488275,0.496219,0.497644,0.460417,0.601107,0.498600,0.456613,0.506500,0.547541,0.481595,0.505324,0.494324,0.432061,0.519060,0.509165,0.541926,0.521827,0.568898,0.511365,0.443503,0.517504,0.558864,0.444961,0.520434,0.429125,0.416662,0.494184,0.659577,0.529862,0.475529,0.636636,0.465393,0.517063,0.497600,0.360717,0.519647,0.591172,0.532980,0.601218,0.445003,0.565887,0.479206,0.578241,0.598911,0.508663,0.503269,0.450983,0.630498,0.549685,0.624900,0.459178,0.675635,0.568850,0.595277,0.342700,0.517151,0.618668,0.492251,0.603804,0.570249,0.431189,0.603544,0.466116,0.528565,0.516823,0.526128,0.493226,0.541482,0.456989,0.496368,0.613962,0.430928,0.499790,0.527024,0.399962,0.436267,0.513011,0.520979,0.594840,0.526132,0.503023,0.458071,0.440391,0.461570,0.521937,0.476244,0.484057,0.554508,0.453523,0.505278,0.472852,0.562506,0.437744,0.629314,0.492706,0.454290,0.533823,0.367255,0.524092,0.452780,0.492084,0.468989,0.536274,0.432225,0.528031,0.422638,0.438450,0.540501,0.534687,0.546863,0.501855,0.488085,0.576919,0.476348,0.502637,0.573371,0.640167,0.471214,0.468748,0.576917,0.550864,0.547193,0.543255,0.435055,0.502460,0.468572,0.569609,0.582412,0.495183,0.454551,0.519935,0.439371,0.442942,0.411986,0.490253,0.532735,0.449759,0.511024,0.549383,0.451670,0.438207,0.564857,0.456193,0.474477,0.515086,0.499213,0.536046,0.514339,0.443025,0.452145,0.539498,0.440860,0.597256,0.361293,0.480815,0.584112,0.496741,0.427196,0.485941,0.488704,0.574033,0.424926,0.485316,0.531639,0.473340,0.350118,0.501593,0.590553,0.501695,0.451604,0.527308,0.466145,0.434112,0.493186,0.548371,0.507797,0.469828,0.474164,0.496567,0.531370,0.608427,#
11,0.565489,0.532369,0.485163,0.516376,0.407666,0.519104,0.595126,0.458111,0.529063,0.487357,0.569088,1.000000,0.522813,0.542323,0.589928,0.529045,0.517021,0.585778,0.637560,0.511040,0.504716,0.502648,0.526301,0.532772,0.582426,0.465252,0.490247,0.499426,0.518038,0.436669,0.580918,0.541860,0.594817,0.505294,0.461384,0.557844,0.556972,0.580507,0.429620,0.538053,0.602217,0.425847,0.565698,0.450586,0.518234,0.387360,0.600070,0.629428,0.507096,0.576111,0.367781,0.406177,0.608709,0.365020,0.547867,0.516128,0.459142,0.669706,0.563406,0.593641,0.442625,0.515697,0.600148,0.482160,0.526603,0.533055,0.564261,0.604498,0.620318,0.470103,0.601444,0.478445,0.559381,0.532890,0.659236,0.558639,0.589631,0.656809,0.546374,0.465330,0.506063,0.468711,0.619113,0.556436,0.603661,0.471355,0.472323,0.503474,0.496058,0.473903,0.497165,0.482363,0.451639,0.520645,0.436084,0.523451,0.500484,0.590762,0.530172,0.558445,0.499146,0.522792,0.527159,0.572594,0.528937,0.412775,0.536385,0.565538,0.566514,0.498600,0.535251,0.581216,0.599078,0.438256,0.500115,0.520143,0.487627,0.466601,0.431166,0.625212,0.464426,0.533173,0.457973,0.648842,0.488824,0.458213,0.573806,0.559107,0.563332,0.559808,0.562335,0.563003,0.566044,0.507293,0.564238,0.525703,0.547282,0.544544,0.555090,0.570500,0.446263,0.425521,0.528387,0.587873,0.505497,0.586259,0.573654,0.498258,0.490626,0.453257,0.474345,0.488997,0.460189,0.639855,0.509847,0.488479,0.504074,0.516049,0.451149,0.502773,0.624178,0.572475,0.513820,0.550952,0.537599,0.574699,0.623661,0.459122,0.464016,0.569076,0.596553,0.572720,0.516365,0.602163,0.559209,0.515290,0.557021,0.502356,0.559918,0.566042,0.487563,0.494783,0.587472,0.474350,0.489228,0.396538,0.592637,0.549843,0.420707,0.453434,0.587062,0.589761,0.502656,0.539757,0.518401,0.484586,0.476299,0.514372,0.521134,0.537926,#
12,0.501224,0.486141,0.385343,0.515135,0.288141,0.467373,0.415033,0.490150,0.465816,0.501085,0.498844,0.522813,1.000000,0.468686,0.596712,0.414888,0.400953,0.442908,0.505270,0.394733,0.506721,0.408762,0.513060,0.532880,0.535519,0.512982,0.441368,0.480961,0.413120,0.462179,0.437089,0.401992,0.435084,0.541963,0.533084,0.523627,0.499563,0.503384,0.454460,0.466956,0.396015,0.347006,0.454922,0.428900,0.522955,0.455533,0.610757,0.490228,0.524681,0.561241,0.531661,0.304336,0.392682,0.394428,0.481454,0.512810,0.457740,0.433246,0.501100,0.435218,0.401014,0.478578,0.545109,0.376048,0.503727,0.506057,0.441555,0.534035,0.612371,0.472639,0.516501,0.491580,0.537925,0.409463,0.526245,0.512975,0.523628,0.549830,0.468569,0.471604,0.572813,0.429144,0.544611,0.479405,0.456694,0.491984,0.394992,0.501838,0.407265,0.415962,0.528390,0.425863,0.493834,0.453922,0.434987,0.486860,0.510273,0.417639,0.401457,0.385892,0.378213,0.490980,0.430698,0.477091,0.412509,0.381391,0.388009,0.461899,0.550125,0.498104,0.504611,0.488564,0.566199,0.343084,0.488554,0.502602,0.270173,0.386342,0.435639,0.527184,0.426616,0.558870,0.365791,0.510747,0.450941,0.527263,0.550226,0.395360,0.404433,0.452002,0.287382,0.410853,0.401916,0.428045,0.413697,0.441216,0.377833,0.462607,0.427980,0.362978,0.451251,0.388367,0.392440,0.522735,0.347033,0.547389,0.521128,0.406321,0.452436,0.466735,0.490272,0.316965,0.481618,0.389861,0.436069,0.469519,0.501933,0.589034,0.514341,0.419063,0.464385,0.541050,0.465124,0.451991,0.551911,0.393932,0.387921,0.508863,0.401904,0.457132,0.522970,0.378839,0.441178,0.477139,0.456165,0.394360,0.509476,0.490842,0.340656,0.467220,0.417477,0.546597,0.483516,0.368245,0.333425,0.368149,0.471724,0.456451,0.523353,0.472707,0.431745,0.449636,0.355668,0.402324,0.394654,0.468037,0.435545,0.482897,0.516719,0.445619,#
13,0.394217,0.518860,0.396355,0.434830,0.329224,0.454030,0.496897,0.484336,0.492178,0.518482,0.459330,0.542323,0.468686,1.000000,0.511584,0.422937,0.381591,0.528008,0.503474,0.420040,0.489816,0.418782,0.547597,0.483748,0.501000,0.491944,0.405545,0.457371,0.403893,0.513390,0.410484,0.413119,0.518531,0.518319,0.313258,0.514175,0.488279,0.563271,0.373416,0.526476,0.613243,0.457915,0.510562,0.412657,0.498509,0.536897,0.504915,0.521073,0.553466,0.543617,0.471728,0.456102,0.462516,0.374930,0.522422,0.580126,0.550372,0.589285,0.527294,0.576193,0.442613,0.522844,0.474417,0.457867,0.565944,0.516127,0.548627,0.611683,0.582561,0.452062,0.511589,0.484493,0.620534,0.486693,0.491570,0.476219,0.551856,0.569017,0.554896,0.442259,0.523753,0.511554,0.536518,0.599933,0.430098,0.580282,0.422410,0.426695,0.566525,0.436360,0.411835,0.532422,0.432976,0.475900,0.446199,0.428231,0.507354,0.460655,0.496873,0.508715,0.475653,0.520704,0.567249,0.497203,0.517845,0.474016,0.463890,0.563388,0.466335,0.456569,0.439754,0.516355,0.518903,0.411679,0.512146,0.548887,0.383499,0.466819,0.468883,0.453228,0.510104,0.510548,0.481281,0.460730,0.433691,0.464987,0.527953,0.494811,0.479248,0.476623,0.470453,0.437271,0.455336,0.504808,0.460472,0.491181,0.490763,0.552177,0.594548,0.440367,0.550269,0.513797,0.483063,0.405744,0.424439,0.512332,0.536712,0.459960,0.510307,0.425812,0.521608,0.510888,0.366855,0.504299,0.410324,0.414522,0.513152,0.465421,0.539336,0.448133,0.539401,0.489645,0.486716,0.494078,0.500578,0.469707,0.463564,0.471570,0.422403,0.493075,0.534532,0.549636,0.495359,0.573548,0.574854,0.506708,0.477820,0.459111,0.541997,0.493284,0.469874,0.491215,0.585564,0.375867,0.445923,0.469166,0.482009,0.434991,0.447578,0.521179,0.526652,0.479537,0.486866,0.498952,0.490407,0.488839,0.483979,0.583668,0.491364,0.432527,#
14,0.626856,0.642372,0.563023,0.544628,0.415790,0.553868,0.468364,0.564125,0.536245,0.643210,0.518341,0.589928,0.596712,0.511584,1.000000,0.455254,0.520045,0.535942,0.472079,0.513183,0.550090,0.547001,0.563049,0.641418,0.550678,0.396837,0.556606,0.537921,0.480409,0.571591,0.655847,0.446321,0.531265,0.487610,0.618959,0.611780,0.461379,0.571200,0.601590,0.541601,0.574013,0.523180,0.482118,0.556250,0.536134,0.536992,0.625493,0.514196,0.568417,0.586021,0.490888,0.537008,0.544477,0.521316,0.552795,0.541095,0.508981,0.516002,0.571015,0.494548,0.511437,0.592208,0.586217,0.493971,0.532133,0.544763,0.549624,0.568388,0.634842,0.516170,0.576214,0.523795,0.634463,0.571256,0.619082,0.554855,0.497625,0.652299,0.533466,0.539671,0.585528,0.512905,0.613701,0.555319,0.576764,0.558330,0.462054,0.446027,0.573876,0.498434,0.531044,0.463605,0.525896,0.620598,0.586805,0.492669,0.471580,0.491559,0.510333,0.558397,0.543744,0.559751,0.535090,0.496952,0.560632,0.499119,0.469893,0.490425,0.657386,0.582298,0.603930,0.572233,0.663969,0.468467,0.430800,0.544284,0.415920,0.466123,0.490626,0.597315,0.508570,0.579590,0.461181,0.555354,0.521063,0.426346,0.588862,0.558101,0.470244,0.508392,0.413872,0.600979,0.447173,0.487559,0.542646,0.471757,0.553412,0.530614,0.553304,0.462942,0.513158,0.563468,0.474892,0.568376,0.493293,0.594205,0.607091,0.447082,0.515038,0.452704,0.586282,0.498815,0.509531,0.555321,0.494611,0.503311,0.502929,0.570176,0.424318,0.561794,0.565983,0.495075,0.559862,0.471381,0.604450,0.510197,0.484274,0.521708,0.394632,0.556657,0.540862,0.408918,0.560154,0.524346,0.622190,0.448382,0.504262,0.556349,0.545421,0.590654,0.495943,0.570312,0.509498,0.517685,0.512010,0.513786,0.599183,0.508949,0.556751,0.496142,0.558534,0.495111,0.532109,0.558643,0.497240,0.478311,0.488288,0.573696,0.462539,0.456635,#
15,0.441801,0.423461,0.385335,0.463163,0.384856,0.373974,0.606886,0.413351,0.506528,0.507844,0.473127,0.529045,0.414888,0.422937,0.455254,1.000000,0.422251,0.505295,0.485126,0.411956,0.381820,0.504839,0.427120,0.473589,0.475465,0.363232,0.351347,0.398069,0.373562,0.346318,0.519960,0.492076,0.448166,0.562019,0.377359,0.490292,0.489419,0.532249,0.342058,0.396223,0.432959,0.362205,0.478403,0.438847,0.442061,0.400034,0.493912,0.411877,0.470848,0.501159,0.405857,0.405121,0.413084,0.339384,0.404141,0.423727,0.484472,0.482683,0.478645,0.480224,0.461475,0.544351,0.472163,0.406398,0.474422,0.452066,0.494807,0.571927,0.468828,0.396550,0.505899,0.461624,0.437664,0.406126,0.470546,0.458686,0.466324,0.486559,0.511128,0.377080,0.402790,0.420340,0.494454,0.547462,0.511937,0.411082,0.312689,0.390042,0.423856,0.335207,0.367320,0.460213,0.431291,0.473125,0.360222,0.443954,0.440762,0.513054,0.477785,0.513782,0.421651,0.449927,0.443602,0.446709,0.467425,0.325933,0.362927,0.477311,0.429218,0.464640,0.416441,0.320533,0.543651,0.396167,0.508495,0.428558,0.276017,0.397429,0.351720,0.604849,0.349078,0.502813,0.436085,0.493462,0.403559,0.404241,0.403237,0.417022,0.494302,0.512196,0.493970,0.453656,0.339164,0.327319,0.484589,0.534280,0.569378,0.408142,0.379749,0.440452,0.398454,0.386409,0.395294,0.434589,0.451612,0.501606,0.413138,0.423010,0.431462,0.406806,0.476855,0.507742,0.400226,0.507151,0.367869,0.420774,0.411240,0.370467,0.467324,0.465472,0.427555,0.495246,0.493320,0.510602,0.447340,0.443365,0.420371,0.345554,0.409304,0.466154,0.365579,0.490972,0.282052,0.509914,0.462541,0.507482,0.391724,0.405094,0.511216,0.486349,0.437127,0.480063,0.426978,0.488574,0.460697,0.287615,0.420679,0.335324,0.366363,0.422110,0.373781,0.482903,0.408579,0.393170,0.397106,0.430036,0.410636,0.385111,0.522931,0.501056,#
16,0.502109,0.475830,0.485695,0.469308,0.303613,0.435802,0.566033,0.457208,0.429187,0.516096,0.532486,0.517021,0.400953,0.381591,0.520045,0.422251,1.000000,0.493324,0.546791,0.498901,0.585342,0.396433,0.378679,0.504692,0.503106,0.463170,0.509127,0.445798,0.293421,0.461125,0.538232,0.458700,0.451657,0.367602,0.497855,0.491235,0.549104,0.540828,0.401810,0.528232,0.475702,0.477422,0.431701,0.436704,0.427486,0.448882,0.515847,0.465342,0.491848,0.577510,0.353076,0.445373,0.481954,0.367772,0.398315,0.530826,0.347928,0.456156,0.468828,0.428546,0.524862,0.598423,0.466304,0.378381,0.445141,0.444782,0.578668,0.560807,0.539887,0.500758,0.573756,0.524162,0.550297,0.389010,0.476523,0.458573,0.465656,0.544289,0.377099,0.498931,0.608534,0.461745,0.516570,0.514694,0.531129,0.458221,0.476031,0.348178,0.415533,0.512096,0.361189,0.476457,0.477607,0.438679,0.478449,0.529362,0.429627,0.459067,0.519867,0.465264,0.516550,0.499106,0.427779,0.476083,0.478001,0.450199,0.482182,0.472105,0.622154,0.460202,0.492660,0.434661,0.534240,0.461544,0.465411,0.518221,0.520268,0.502302,0.400227,0.362986,0.339681,0.434286,0.443877,0.480234,0.497000,0.379907,0.371641,0.367787,0.501124,0.419934,0.535228,0.471125,0.457313,0.454080,0.525045,0.562735,0.506079,0.432142,0.432940,0.356005,0.440492,0.419662,0.484278,0.405898,0.383180,0.470808,0.542419,0.533030,0.418945,0.384513,0.431808,0.444267,0.310027,0.487472,0.512887,0.389427,0.438374,0.435330,0.383047,0.448845,0.513008,0.415971,0.540490,0.423444,0.561217,0.533562,0.458357,0.449545,0.429099,0.491881,0.365446,0.480811,0.427468,0.512625,0.484298,0.476296,0.329998,0.596020,0.477949,0.528379,0.488744,0.434282,0.471386,0.511169,0.278869,0.362695,0.512560,0.431366,0.484461,0.457625,0.502846,0.453262,0.450930,0.476351,0.510956,0.506080,0.490039,0.527378,0.472014,0.512431,#
17,0.508404,0.430939,0.511754,0.427273,0.371786,0.459140,0.558003,0.549805,0.487713,0.545383,0.460423,0.585778,0.442908,0.528008,0.535942,0.505295,0.493324,1.000000,0.492471,0.557791,0.458651,0.476381,0.502026,0.378727,0.552411,0.466263,0.435082,0.484671,0.438797,0.462183,0.499761,0.562241,0.454432,0.400454,0.383144,0.439273,0.459170,0.584044,0.492594,0.586377,0.512866,0.490613,0.444061,0.494086,0.453752,0.535788,0.548134,0.559281,0.564695,0.591185,0.438180,0.285060,0.466744,0.420866,0.477909,0.484218,0.529585,0.479157,0.491454,0.549667,0.428116,0.488476,0.612808,0.427349,0.454855,0.485380,0.679991,0.585387,0.528723,0.424302,0.623467,0.443325,0.478273,0.506864,0.565637,0.469096,0.483834,0.585680,0.514997,0.527171,0.545105,0.447783,0.571807,0.600379,0.505158,0.456979,0.519930,0.502942,0.447163,0.415474,0.445829,0.420468,0.471006,0.511074,0.538237,0.489151,0.474606,0.481878,0.568996,0.575049,0.508508,0.483958,0.456418,0.421393,0.489029,0.461119,0.397757,0.443754,0.463491,0.503683,0.533117,0.393401,0.635092,0.419926,0.563909,0.479938,0.344788,0.464221,0.489681,0.603080,0.450890,0.532304,0.490135,0.435903,0.381012,0.373954,0.437694,0.545964,0.517034,0.454263,0.493273,0.565493,0.496741,0.451549,0.521020,0.501291,0.602549,0.473326,0.417433,0.487737,0.494112,0.460323,0.567144,0.474530,0.555689,0.506457,0.438050,0.353325,0.485338,0.417829,0.491660,0.503805,0.446858,0.524841,0.377839,0.490072,0.537991,0.450770,0.469067,0.503680,0.526520,0.481879,0.565105,0.430027,0.510579,0.433011,0.378888,0.351810,0.405222,0.462879,0.439090,0.460428,0.495122,0.462720,0.627001,0.391221,0.452608,0.520245,0.516294,0.588114,0.519904,0.547519,0.517074,0.591125,0.451815,0.332757,0.547694,0.551211,0.439717,0.476994,0.551300,0.553088,0.417322,0.474702,0.454902,0.509960,0.489242,0.447457,0.500801,0.362887,#
18,0.474642,0.466965,0.449303,0.430828,0.268368,0.515548,0.509622,0.487884,0.301853,0.420006,0.535746,0.637560,0.505270,0.503474,0.472079,0.485126,0.546791,0.492471,1.000000,0.421222,0.429388,0.551114,0.437287,0.433858,0.442275,0.500539,0.503307,0.421344,0.377688,0.470004,0.426588,0.489004,0.498612,0.529956,0.471196,0.510726,0.468841,0.572721,0.430219,0.542630,0.525200,0.482047,0.521118,0.350328,0.419012,0.460051,0.560738,0.625037,0.524652,0.504773,0.330974,0.373953,0.475887,0.281596,0.484498,0.500362,0.484018,0.472963,0.496183,0.604860,0.454367,0.521637,0.473328,0.378063,0.529016,0.360257,0.521562,0.481075,0.474108,0.493275,0.515051,0.439648,0.538444,0.375543,0.558446,0.448957,0.494236,0.516317,0.443405,0.392186,0.514325,0.411350,0.521277,0.550241,0.571967,0.539247,0.375736,0.497659,0.494379,0.434288,0.467530,0.396463,0.498690,0.526833,0.469739,0.467050,0.467051,0.481690,0.515938,0.434420,0.473292,0.434746,0.434354,0.418398,0.475609,0.514496,0.446236,0.521650,0.495281,0.483981,0.571418,0.419743,0.547512,0.362800,0.457197,0.490625,0.408916,0.476671,0.517015,0.501072,0.444748,0.460584,0.418650,0.502026,0.515225,0.359201,0.566236,0.420554,0.523724,0.402856,0.492679,0.496883,0.458888,0.419393,0.527881,0.501096,0.500400,0.454154,0.458988,0.446158,0.409218,0.435082,0.423857,0.534862,0.452518,0.453679,0.447630,0.429255,0.457815,0.402233,0.471125,0.384655,0.515995,0.451226,0.507211,0.520935,0.407502,0.455979,0.352414,0.432162,0.520799,0.519654,0.583880,0.446885,0.479886,0.477236,0.576869,0.366830,0.362271,0.525433,0.491134,0.451924,0.468601,0.579198,0.463830,0.488875,0.393755,0.467958,0.540301,0.553383,0.441146,0.469135,0.486987,0.420507,0.360319,0.411463,0.480950,0.441483,0.411744,0.503961,0.437141,0.519345,0.420029,0.511846,0.462343,0.456855,0.413494,0.618111,0.500308,0.513344,#
19,0.475191,0.513658,0.519561,0.426908,0.399010,0.555343,0.470668,0.477076,0.468312,0.413194,0.488275,0.511040,0.394733,0.420040,0.513183,0.411956,0.498901,0.557791,0.421222,1.000000,0.447058,0.403070,0.399913,0.433239,0.524109,0.377287,0.446902,0.430798,0.328191,0.454308,0.512013,0.534757,0.521841,0.417145,0.430089,0.556239,0.427192,0.505891,0.426987,0.517996,0.520989,0.534243,0.465664,0.447127,0.386500,0.514165,0.596856,0.518831,0.468038,0.547576,0.428245,0.323627,0.484204,0.418639,0.433192,0.472094,0.512241,0.469671,0.444930,0.454809,0.409881,0.396688,0.548892,0.453147,0.453769,0.461204,0.542994,0.508139,0.603932,0.444621,0.562097,0.482488,0.530378,0.421555,0.473101,0.447458,0.421552,0.545006,0.439717,0.412051,0.610129,0.409431,0.573670,0.477818,0.525995,0.364611,0.470444,0.422144,0.508830,0.421003,0.404726,0.447229,0.342678,0.474706,0.452669,0.405975,0.472966,0.531109,0.483353,0.504349,0.483325,0.470617,0.469514,0.448753,0.512680,0.390344,0.526616,0.374499,0.473783,0.395559,0.566497,0.400356,0.521355,0.423112,0.433652,0.508039,0.473234,0.473143,0.493589,0.410434,0.545838,0.460391,0.313586,0.550566,0.459401,0.474229,0.446715,0.497432,0.574964,0.519523,0.501570,0.564208,0.480338,0.524015,0.501418,0.546704,0.431077,0.441461,0.488238,0.352029,0.442074,0.451026,0.418477,0.392212,0.457498,0.389469,0.381421,0.368939,0.491274,0.466540,0.421368,0.473618,0.395047,0.501867,0.503714,0.376902,0.531787,0.482112,0.497419,0.492941,0.454609,0.511305,0.452934,0.503741,0.506270,0.474952,0.428906,0.483282,0.370065,0.443496,0.391443,0.508811,0.518756,0.481395,0.551002,0.379214,0.425702,0.504220,0.509312,0.443679,0.408703,0.505755,0.542291,0.518017,0.384521,0.384583,0.423937,0.444385,0.491748,0.484358,0.485692,0.436162,0.419427,0.502096,0.538933,0.455815,0.476606,0.375493,0.452040,0.418513,#
20,0.471113,0.581936,0.453104,0.526947,0.428627,0.482229,0.514553,0.519765,0.504418,0.560827,0.496219,0.504716,0.506721,0.489816,0.550090,0.381820,0.585342,0.458651,0.429388,0.447058,1.000000,0.500295,0.448449,0.567593,0.563354,0.534173,0.453047,0.525180,0.402785,0.439545,0.540919,0.466282,0.520396,0.556273,0.488857,0.486890,0.470161,0.493473,0.417271,0.578567,0.556365,0.510388,0.485655,0.458957,0.519002,0.418678,0.548136,0.550126,0.484956,0.550025,0.418560,0.461287,0.452631,0.446369,0.480968,0.449587,0.353613,0.475066,0.512124,0.487424,0.484615,0.520875,0.537918,0.456354,0.494959,0.496941,0.600952,0.525443,0.541872,0.422580,0.533873,0.522658,0.588463,0.461350,0.431345,0.439303,0.465073,0.566134,0.584062,0.501281,0.570939,0.555034,0.517050,0.479892,0.422655,0.485519,0.489644,0.522107,0.515123,0.610590,0.532146,0.441397,0.441207,0.518378,0.492423,0.522862,0.479170,0.432226,0.532093,0.503606,0.541801,0.525422,0.438714,0.556358,0.512319,0.426396,0.625548,0.482610,0.517698,0.560668,0.460701,0.606722,0.512917,0.337186,0.498417,0.511402,0.430268,0.491889,0.361069,0.413274,0.515671,0.559042,0.434274,0.568292,0.449722,0.477756,0.408706,0.413075,0.429310,0.478098,0.467359,0.486527,0.579176,0.530588,0.489910,0.463067,0.436369,0.564958,0.483673,0.533627,0.457343,0.406003,0.499919,0.515966,0.473014,0.460120,0.528797,0.513839,0.466679,0.446432,0.512060,0.486699,0.433444,0.445034,0.467216,0.417059,0.435461,0.534225,0.507862,0.469649,0.525810,0.509376,0.467675,0.482920,0.524938,0.495315,0.407491,0.474560,0.350781,0.428254,0.496879,0.409850,0.426890,0.545946,0.496092,0.457338,0.422861,0.600749,0.464760,0.558182,0.469721,0.486051,0.515910,0.470814,0.414436,0.516281,0.525054,0.450157,0.480863,0.504701,0.468605,0.495415,0.564041,0.513031,0.573420,0.486947,0.504199,0.540792,0.497628,0.507921,#
21,0.476230,0.681701,0.549871,0.598065,0.481336,0.494778,0.526259,0.479590,0.498102,0.485581,0.497644,0.502648,0.408762,0.418782,0.547001,0.504839,0.396433,0.476381,0.551114,0.403070,0.500295,1.000000,0.537364,0.521122,0.450828,0.406223,0.532116,0.420268,0.540147,0.450536,0.448563,0.419661,0.512904,0.589584,0.524930,0.602770,0.466554,0.508552,0.471380,0.526057,0.460192,0.533090,0.513278,0.501337,0.493111,0.502015,0.532139,0.568774,0.460362,0.563054,0.392254,0.459802,0.514080,0.430693,0.578052,0.505105,0.460999,0.492562,0.617850,0.507465,0.441261,0.574640,0.394657,0.393532,0.525950,0.480547,0.555409,0.503981,0.540188,0.587397,0.538903,0.542935,0.582465,0.516462,0.567038,0.538856,0.527577,0.553551,0.511770,0.438942,0.519005,0.466356,0.598542,0.575995,0.589756,0.537804,0.406558,0.587030,0.576360,0.524834,0.442420,0.387812,0.497219,0.539180,0.542340,0.529176,0.549139,0.511243,0.522069,0.532416,0.526352,0.537476,0.332142,0.510236,0.492010,0.509795,0.455891,0.578264,0.453124,0.548977,0.571895,0.446093,0.553758,0.498103,0.413031,0.396721,0.457391,0.616197,0.528569,0.558952,0.492159,0.500640,0.404534,0.474847,0.427823,0.369541,0.556358,0.484912,0.455549,0.532286,0.542418,0.554593,0.389820,0.498421,0.570579,0.401334,0.463489,0.407533,0.493266,0.518527,0.499307,0.513223,0.378870,0.499382,0.429210,0.551412,0.466544,0.387547,0.485866,0.445935,0.496603,0.532250,0.450754,0.495026,0.441581,0.478898,0.482831,0.520151,0.441195,0.479837,0.477315,0.589841,0.512990,0.539892,0.535649,0.496602,0.537357,0.379378,0.287481,0.502957,0.558755,0.449215,0.523959,0.480794,0.431566,0.473353,0.344324,0.483927,0.551964,0.555737,0.455199,0.577973,0.517528,0.518741,0.447848,0.522067,0.542372,0.426582,0.436098,0.476080,0.477773,0.449431,0.534176,0.478312,0.537697,0.446718,0.484606,0.517635,0.400414,0.592208,#
