0,1.000000,0.079025,0.132790,0.192168,0.162289,0.191004,0.266294,0.089722,0.165457,0.065521,0.230665,0.144925,0.128973,0.103051,0.251292,0.244507,0.371195,0.336864,0.279896,0.339945,0.153208,0.123167,0.295618,0.413042,0.058208,0.052715,0.143456,-0.022800,0.131298,0.198365,0.062467,0.315959,0.144896,0.192375,0.329130,0.180246,0.109251,0.128058,0.256450,0.151837,0.176920,0.118977,0.343368,0.031144,0.190545,0.109059,0.121263,0.241160,0.211475,0.299926,0.128605,0.276033,0.189129,0.206678,0.249702,0.183967,0.239675,0.202069,0.174564,0.123755,0.148190,0.349718,0.270128,0.145363,0.234044,0.068422,0.200957,0.187429,0.089977,0.203822,0.095751,0.165291,0.177808,0.292013,0.134103,0.071221,0.361312,0.247831,0.229355,0.068781,0.058270,0.125283,0.218876,0.182770,0.204892,0.253872,0.332563,0.234785,0.280265,0.250391,0.113880,0.072600,0.226687,0.071743,0.147695,0.275600,0.270316,0.024329,0.216135,0.284817,0.173117,0.173960,0.118242,0.274435,0.150109,0.226304,0.236584,0.210939,0.250052,-0.041827,0.071142,0.252432,0.086184,0.204250,0.322758,0.257155,0.185492,0.102754,0.153811,0.243387,0.106105,0.186043,0.307672,0.221513,0.311711,0.237944,0.172406,0.076177,0.093076,0.295756,0.170968,0.087941,0.121071,0.059122,0.186489,0.324227,0.161212,0.148657,-0.039143,0.198384,0.206684,0.131902,0.104238,0.217128,0.094578,-0.038128,0.181990,0.054640,0.174378,0.087105,0.109473,0.268972,0.095654,0.108988,0.181314,0.202943,0.303359,0.271760,0.269016,0.152535,0.304486,0.208725,0.234960,0.102956,0.079070,0.324186,0.082420,0.251144,0.267958,0.188677,0.051798,0.088603,0.248946,0.095554,0.066906,0.233025,0.361970,0.227173,0.233071,0.040437,0.167109,0.255172,0.199788,0.103767,0.054935,0.007326,0.104266,0.359456,0.213291,-0.001411,0.047219,0.214751,0.107978,0.245241,0.275288,0.285666,0.138812,0.218081,0.082314,0.209624,#
1,0.079025,1.000000,0.040828,0.020210,-0.006781,0.089957,0.191915,0.201155,0.279434,0.184872,0.209198,0.212286,0.120079,-0.029579,0.023055,0.076137,0.027587,0.052307,0.011422,0.064740,-0.006957,0.195094,0.132649,-0.006134,0.168057,-0.051255,-0.017698,0.148687,-0.088965,0.014810,0.147621,0.003169,0.015604,0.191204,-0.072920,0.017522,0.062055,0.088074,0.194949,0.142431,0.109635,-0.023257,0.180645,0.023134,0.033852,-0.009417,0.206389,0.010216,0.175447,0.080189,0.051962,0.083462,0.109518,0.086322,0.126087,0.064727,0.053361,-0.079033,-0.037860,0.003133,0.078445,0.134297,0.116583,-0.074199,-0.019416,0.267360,0.201339,0.174286,0.114968,0.160503,0.209486,0.173964,0.193041,0.045682,0.164189,0.065078,0.159901,0.018784,0.226514,-0.038538,0.022903,0.080335,-0.035905,0.164846,0.231339,0.044360,0.163379,0.252768,0.117314,0.081551,0.025944,0.140934,-0.055809,0.099005,0.121222,0.161253,-0.006781,0.048143,0.060496,0.068928,0.154015,0.050720,0.014031,0.069509,-0.040880,0.177466,0.134460,0.161158,0.181579,0.103549,-0.009800,0.047362,-0.061723,0.058062,0.110866,0.287011,0.117705,-0.051529,0.081307,-0.009007,-0.104516,0.119694,0.052827,0.053427,0.121360,0.095500,0.067213,0.048798,0.223037,0.156453,-0.051955,0.181845,-0.039478,0.087700,0.158515,0.091573,0.145990,0.118818,0.109348,0.095807,0.228998,0.041247,0.058173,0.187090,0.168284,-0.073486,-0.005584,0.018413,0.138933,-0.044574,0.267991,0.118398,-0.010227,-0.058785,0.221527,0.214881,0.034636,0.171360,-0.108805,-0.035673,0.048670,0.128286,0.113447,0.216360,0.104583,0.069010,0.082085,-0.029598,0.020979,0.160732,0.071322,0.073850,0.059959,-0.036879,0.070559,0.168782,0.113574,0.079861,0.072165,0.009934,0.173866,0.000009,0.184255,0.062214,0.035030,0.096204,0.042408,-0.041688,0.290871,0.207478,0.131532,0.254920,-0.033562,0.000163,0.088064,-0.076401,0.025858,0.285796,-0.021527,0.272525,#
2,0.132790,0.040828,1.000000,0.146410,0.248985,0.138088,0.251504,0.148169,0.180390,0.198679,0.244869,0.137177,0.058029,0.295514,0.120533,0.165183,-0.068056,0.182758,0.089214,0.216440,0.213750,0.183140,0.108305,0.224153,0.107290,0.115549,0.238289,0.128366,0.071009,0.146825,0.143261,0.104230,0.171856,0.098078,0.188100,0.051733,0.133666,0.125032,0.237254,0.070660,0.112135,0.114056,0.236491,0.115697,0.139086,0.132392,0.225149,0.070545,-0.031411,0.158415,0.160417,0.215061,0.246037,0.106580,0.173833,0.174952,0.244923,-0.055094,0.241728,0.199983,0.405116,0.193454,0.028297,0.102722,0.190398,0.160613,0.069855,0.215956,0.155018,0.102471,0.253902,0.236190,0.012795,0.263674,0.248426,0.098096,0.105963,0.066886,0.169763,0.141150,0.187551,0.146361,0.218201,-0.010600,0.319347,0.173356,0.165924,0.293538,0.064268,0.140290,0.147756,0.187693,0.219726,0.222372,0.079852,0.242280,0.126048,0.044623,0.211052,0.128273,0.168291,0.185263,0.037624,0.214970,0.017425,0.201580,0.292026,0.260131,0.076144,0.057634,0.193772,0.155058,0.234429,0.132481,0.150652,0.198355,0.158213,0.154465,-0.029190,0.141525,0.044692,-0.024610,0.031674,0.237946,0.154920,-0.012004,0.200481,0.113400,0.204790,0.212081,0.095267,0.163142,0.144640,0.267046,0.239070,0.045106,0.183834,0.210351,0.264894,0.138553,0.096444,0.231745,-0.050800,-0.003875,0.188189,0.084594,-0.046261,0.062148,0.110371,0.117731,0.197802,0.160001,0.227819,0.241910,0.104593,0.122297,0.133426,-0.026058,0.256576,0.095335,-0.022938,0.084061,0.188657,0.174107,0.066764,0.248987,0.093829,-0.031586,0.129667,0.187517,0.138720,0.220208,0.280482,0.088650,0.137516,0.129430,0.136645,0.150601,0.071974,0.032459,0.073245,0.341946,0.057590,0.284582,0.072307,0.145228,0.093765,0.070819,0.165849,0.136424,0.133997,0.136219,0.308969,0.241382,0.176985,0.119968,0.024041,0.125638,0.153085,0.340403,#
3,0.192168,0.020210,0.146410,1.000000,0.191191,0.120407,0.221212,0.173097,0.360595,0.251481,0.250777,0.184434,0.091649,0.108237,0.184932,0.106305,0.078061,0.229633,0.345549,0.193897,0.168334,0.253383,0.281967,0.265823,0.124897,0.142255,0.281042,0.175833,0.101149,0.280307,0.188780,0.120077,0.256358,0.328649,0.132888,0.210985,0.056644,0.281802,0.254749,0.236754,0.081683,0.293362,0.305366,0.276108,0.195491,0.165536,0.064193,0.137676,0.031154,0.117391,0.230918,0.098048,0.291341,0.018318,0.098896,0.258166,0.273100,0.110775,0.245966,0.180366,0.158626,0.186862,0.184393,0.095368,0.354972,-0.010647,0.042674,0.058253,-0.127608,0.272680,0.136278,0.269313,0.254076,0.051527,0.092582,0.100133,0.170652,0.146961,0.111464,0.120791,0.170041,0.173096,0.285056,-0.010540,0.234135,0.150134,0.252692,0.207433,0.183344,0.227955,0.361508,0.253088,0.072021,0.195399,0.206042,0.261351,-0.002330,0.076375,0.210433,0.042830,0.105988,0.144135,0.070144,0.035923,0.353812,0.018650,0.287996,0.202451,0.143779,0.121586,0.140756,-0.003643,0.112676,0.155686,0.108754,0.198778,0.062616,0.129996,0.078410,0.119117,0.041929,0.209145,0.145071,0.058187,0.107548,0.191778,0.210052,0.332742,0.133344,0.127296,0.253223,0.217077,0.080184,0.245100,0.121999,0.301374,0.091849,0.085650,0.056279,0.200683,0.043040,0.285646,0.237113,-0.019945,0.074913,0.290986,0.180352,0.290011,0.092008,0.223636,0.182402,0.012564,0.134777,0.233333,0.209018,0.072556,0.122409,0.111691,0.322118,0.118442,0.084608,0.139403,0.045761,0.097534,0.090794,0.253149,0.245844,0.143686,0.198110,0.215471,0.134201,0.029895,0.158346,0.132183,0.030264,0.213262,0.289256,0.173048,0.089639,0.171545,0.006307,0.294279,0.111655,0.086357,0.065528,0.020700,0.154788,0.147912,0.161163,0.244357,0.283554,0.130821,0.168123,0.191082,0.253039,0.232385,0.172090,0.168879,0.012395,0.205097,#
4,0.162289,-0.006781,0.248985,0.191191,1.000000,0.264782,0.107427,0.235505,0.198403,0.288775,0.114980,0.248907,0.147171,0.178176,0.203182,0.141162,0.119652,0.203849,0.184608,0.415659,0.385815,0.217513,0.263464,0.311697,0.029051,0.142374,0.230402,-0.003396,0.312638,0.132621,0.206906,0.250942,0.271200,0.310572,0.105992,0.214912,0.301566,0.158665,0.349364,0.195615,0.193988,0.236200,0.220447,0.195808,0.204931,0.290154,0.318110,0.240289,0.093992,0.137056,0.135100,0.167952,0.260946,0.127750,0.257385,0.268733,0.226487,0.101693,0.269704,0.266496,0.131513,0.302626,0.211194,0.078715,0.223543,0.127563,0.002454,0.253559,0.059495,0.191799,0.219407,0.293575,0.307165,0.219794,0.249214,0.061595,0.200096,0.239540,0.203809,0.213047,0.174493,0.248879,0.206024,0.084795,0.281401,0.151965,0.225789,0.174094,0.156522,0.144632,0.298182,0.202208,0.200211,0.162308,0.296997,0.282641,0.141339,0.180444,0.060904,0.189772,0.178773,0.199530,0.191704,0.236356,0.103017,0.235133,0.127605,0.155633,0.279749,0.317798,0.168415,0.208836,0.260888,0.283397,0.169115,0.132962,0.296812,0.235605,0.016133,0.164437,-0.037898,0.189077,0.149463,0.108159,0.257137,0.095922,0.197802,0.232501,0.379828,0.261794,0.345189,0.126733,0.227862,0.339624,0.285504,0.231344,0.033061,0.119616,0.260185,0.043061,0.103325,0.155195,0.256090,0.094896,0.217992,0.205871,0.234133,0.207054,0.127630,0.265471,0.187886,0.300901,0.280918,0.368489,0.401214,0.168760,0.264432,0.143302,0.111749,0.164561,0.236099,0.129629,0.212227,0.015290,-0.061281,0.188769,0.036241,0.107398,0.181903,0.247792,0.103808,0.172415,0.420688,0.122900,0.193521,0.236105,0.301001,0.267693,0.160408,0.215181,0.082858,0.173868,0.198160,0.077279,0.240155,0.238286,-0.034102,0.222829,0.242570,0.387831,0.048648,0.178145,0.103778,0.191122,0.218336,0.275852,0.239547,0.064434,0.279098,0.376924,#
5,0.191004,0.089957,0.138088,0.120407,0.264782,1.000000,0.039741,0.251229,0.192649,0.153576,0.239440,0.110244,0.092375,-0.015208,0.184294,0.228215,0.113413,0.229944,-0.020605,0.402390,0.211854,0.148671,0.264220,0.192955,0.169800,0.087436,0.336456,0.180207,0.215308,0.126559,0.317258,0.212939,0.286374,0.211504,0.053019,0.260489,0.171550,0.040911,0.236250,0.110633,0.315932,0.177131,0.157269,0.244159,0.253123,0.295929,0.303183,0.188672,0.245647,-0.025402,0.155452,0.170054,0.164127,0.114997,-0.003604,0.384289,0.303388,0.047733,0.390757,0.197155,0.089863,0.316793,0.271179,0.218592,0.309115,0.163431,-0.034180,0.254846,0.172229,-0.024317,0.194773,0.199350,0.248540,0.125004,0.109977,0.223676,0.290781,0.291595,0.234551,0.228689,0.279920,0.136373,0.259834,0.130565,0.047259,0.161550,0.344831,0.330702,0.265641,0.030424,0.042833,0.220742,0.380921,0.367100,0.164958,0.194413,0.071304,0.233545,0.272617,0.223213,0.186644,0.198240,0.163699,0.226194,0.148013,0.278813,0.211449,0.237649,0.087681,0.230202,0.095558,0.324282,0.104057,0.089040,0.173840,0.115666,0.232688,0.116203,-0.026814,0.239132,-0.017763,0.186675,0.156622,0.240183,0.028761,0.046264,0.304912,0.091874,0.148331,0.202871,0.360757,0.252096,0.266285,0.344911,0.258136,0.205076,0.249972,0.180550,0.160119,0.078968,0.132564,0.047520,0.167389,0.194119,0.315936,0.080543,0.071514,0.130907,0.219347,0.121608,0.227941,0.129445,0.184784,0.164734,0.157938,0.165453,0.304255,0.184016,0.139546,0.155214,0.250372,0.163734,0.228483,0.135561,0.219419,0.172669,-0.054955,0.321952,0.252423,0.258619,0.348643,0.239710,0.223697,0.142726,0.123051,0.168680,0.196266,0.165649,0.243601,0.244554,0.295266,0.203761,0.355408,0.108879,0.178405,0.134448,0.178873,0.205323,0.105570,0.188482,0.079957,0.232928,0.074782,0.119005,0.088298,0.143236,0.115020,0.152518,0.202780,0.292383,#
6,0.266294,0.191915,0.251504,0.221212,0.107427,0.039741,1.000000,0.080201,0.257738,0.043109,0.173811,0.147160,0.227718,0.243756,0.045769,0.106649,0.117571,0.217777,0.153361,0.079791,0.280818,0.184962,0.017731,0.196493,0.086827,0.075578,0.066038,0.105352,0.086947,0.262272,0.107778,0.077604,0.023460,0.180324,0.229057,0.191776,-0.030959,0.087042,0.133304,0.182858,0.018489,0.145694,0.270123,0.145600,0.337799,0.044818,0.187333,-0.111850,0.270169,0.147936,0.118059,0.157700,0.257425,0.087793,0.175273,0.119018,0.219586,0.129942,0.235677,0.146144,0.223816,0.100880,0.132451,-0.018619,0.321327,0.178307,0.180623,0.129864,0.015921,0.149091,0.176577,0.163218,0.119045,0.335639,0.145804,0.163313,0.211060,0.001791,0.201644,0.041248,0.157925,0.125157,0.170214,0.017624,0.004919,0.192628,0.216572,0.147540,0.162611,0.147086,0.080452,0.118341,0.048371,0.073087,0.104872,0.093960,0.237873,0.146665,0.166828,0.277491,0.064736,0.169687,0.233669,0.099385,-0.056227,0.015786,0.163433,0.031803,0.077270,0.069283,0.100969,0.089854,-0.054439,0.020712,0.218987,0.102202,0.377273,0.077244,0.148277,0.106111,0.187545,0.168138,0.057295,0.201962,0.199641,0.257046,0.104439,0.128637,0.014177,0.196682,0.081701,0.176719,0.167775,0.077438,0.064124,0.250296,0.128968,0.067046,0.251143,0.202370,0.209799,0.169456,0.037420,-0.000270,0.083876,0.197303,0.023183,0.085354,0.149649,0.001726,0.284157,0.113189,0.122239,0.055282,0.171891,0.060030,0.101452,0.247679,0.227960,0.004311,0.071297,0.197548,0.139086,0.181058,0.118603,0.247539,0.183481,0.095517,0.084985,0.061453,0.188325,0.109049,0.065204,-0.002230,0.166679,0.116688,0.140910,0.173491,0.136819,0.029947,0.161292,0.103768,0.239030,0.141089,0.103656,0.090756,-0.034918,0.195703,0.023748,0.167035,0.055152,0.149260,0.025945,0.269727,0.147918,0.097812,0.124576,0.177023,0.137814,0.223236,#
7,0.089722,0.201155,0.148169,0.173097,0.235505,0.251229,0.080201,1.000000,0.409835,0.185747,0.241191,0.234819,0.133490,0.183913,0.347405,0.063565,0.250646,0.180484,0.178916,0.228042,0.166845,0.206167,0.324487,0.301782,0.277976,0.223865,0.191512,0.260220,0.190717,0.174458,0.058619,0.178174,0.173320,0.192787,0.043462,0.122157,0.226989,0.106944,0.345861,0.101699,0.161091,0.066111,0.238892,0.305130,0.280244,0.303270,0.272906,0.244053,0.086030,0.144699,0.266175,0.092312,0.176502,0.293016,0.082823,0.102548,0.057908,0.189349,0.189820,0.161284,0.084415,0.297848,0.201280,-0.008577,0.212327,0.219127,0.053941,0.227584,0.157571,0.460736,0.188903,-0.040887,0.367043,0.129135,0.293291,0.094712,0.184191,0.162057,0.306440,0.222254,0.208482,0.217535,0.182471,0.090595,0.165147,0.185547,0.333129,0.240362,0.213371,0.225645,0.109780,0.215347,0.238517,0.265401,0.301996,0.053246,0.171712,0.244316,0.182336,0.236455,0.258363,0.137739,0.173403,0.270222,0.134997,0.235579,0.103355,0.186811,0.090318,0.143562,0.258126,0.076377,0.231180,0.255124,0.348763,0.138154,0.224521,0.002855,0.015850,0.330675,0.115081,0.239868,0.084001,0.368012,0.274613,0.176159,0.322673,0.274451,0.194205,0.126611,0.210328,0.068665,0.258537,0.177161,0.264467,0.303814,0.115175,0.083150,0.160291,0.225862,0.216979,0.113464,0.212993,0.027849,0.207624,0.189806,0.191137,0.061348,0.287156,0.232524,0.173274,0.207103,0.225049,0.215807,0.197101,0.293221,0.186911,0.255133,0.222825,0.154465,0.209014,0.034314,0.346382,0.048162,0.082093,0.256415,0.168709,0.088847,0.032079,0.165302,0.268006,0.309451,0.286090,0.132742,0.199030,0.177760,0.138468,0.206449,0.128328,0.217072,0.323679,0.204163,0.202954,0.091656,0.123150,0.262352,0.034673,0.102936,0.166734,0.278910,0.215291,0.194187,0.066734,0.115219,0.169090,0.130222,0.151890,0.252662,0.082148,0.260065,#
8,0.165457,0.279434,0.180390,0.360595,0.198403,0.192649,0.257738,0.409835,1.000000,0.333584,0.194818,0.233723,0.124715,0.193867,0.267587,0.269980,0.074895,0.221460,0.148891,0.225967,0.061878,0.370184,0.362024,0.254528,-0.022287,0.234691,0.229344,0.333894,0.033086,0.282922,0.145916,0.118876,0.120242,0.273496,0.110348,0.142736,0.185033,0.203557,0.192538,0.208935,0.102215,0.324980,0.321041,0.243871,0.188149,0.130409,0.106391,0.127660,0.182030,0.246528,0.290150,0.257546,0.147302,0.216555,0.090020,0.340454,0.170755,0.218717,0.173925,0.308309,0.262613,0.248844,0.406202,-0.006347,0.224671,0.324484,0.137301,0.253911,0.200279,0.335118,0.192833,0.192211,0.274965,0.293998,0.184847,0.218673,0.199782,0.188946,0.260409,0.271281,0.164520,0.233868,0.135585,0.066119,0.192147,0.186028,0.241313,0.175615,0.007542,0.267122,0.150539,0.221410,0.180070,0.247244,0.301747,0.216819,0.165551,0.074814,0.200749,0.148305,0.152858,0.184341,0.166365,0.320888,0.228056,0.184162,0.266418,0.209613,0.130362,0.195706,0.201048,0.129035,0.141818,0.141035,0.395841,0.302911,0.207620,-0.012382,0.079302,0.309154,0.064078,0.124079,0.205032,0.201694,0.162567,0.294159,0.233851,0.250902,0.156830,0.306171,0.145672,0.024877,0.301886,0.349201,0.402636,0.261282,0.097460,0.140495,0.035734,0.219115,0.062537,0.183298,0.314049,0.108883,0.144816,0.169815,0.260988,0.150671,0.279407,0.183410,0.225023,0.075758,0.140419,0.371649,0.405398,0.280298,0.171963,0.340255,0.196738,0.207004,0.105842,0.088105,0.299146,0.201816,0.211401,0.233560,0.163951,0.048658,0.219040,0.365225,0.219743,0.213580,0.220194,0.069490,0.266467,0.171643,0.159784,0.192493,0.232170,0.127294,0.277296,0.227538,0.100134,0.293378,0.175787,0.221591,0.101592,0.180358,0.231875,0.203755,0.175130,0.111737,0.199554,0.153956,0.211641,0.189841,0.132276,0.232739,0.198791,0.281880,#
9,0.065521,0.184872,0.198679,0.251481,0.288775,0.153576,0.043109,0.185747,0.333584,1.000000,0.235449,0.112623,0.138241,0.104909,0.317043,0.244307,0.120071,0.181552,0.285846,0.328732,0.310864,0.236966,0.267982,0.379687,0.075712,0.043459,0.216624,0.235242,0.042093,0.234488,0.164202,0.052769,0.106374,0.295101,0.222567,0.236389,0.110843,0.186644,0.303830,0.071134,0.252816,0.112137,0.226461,0.101300,0.253025,0.123672,0.207799,0.074777,-0.004861,0.115100,0.067766,0.120480,0.172726,0.148696,0.037342,0.317648,0.104260,0.149360,0.270089,0.191945,0.187063,0.216695,0.285612,0.150935,0.223189,0.339873,0.177814,0.248979,0.136059,0.157057,0.355361,0.192526,0.151701,0.108591,0.161492,0.152785,0.035552,0.174339,0.259717,0.312428,0.139940,0.176248,0.075790,0.052556,0.327199,0.085952,0.143751,0.327685,0.049778,-0.118773,0.142007,0.325682,0.215023,0.146898,0.264252,0.159122,0.199159,0.336502,0.282609,-0.026978,0.038502,0.087270,0.330702,0.142134,0.282607,0.227918,0.211896,-0.002482,0.229367,0.216176,0.299341,0.248157,0.390804,0.249038,0.064508,0.229209,0.150530,-0.015508,0.054775,0.109841,0.124849,0.211827,0.194441,0.165941,0.186905,0.050902,0.188389,0.139585,0.326748,0.273723,0.169452,0.154881,0.263738,0.405287,0.220170,0.130319,0.075666,0.130321,0.068069,0.208324,-0.031440,0.273602,0.266016,0.178151,0.134237,0.190149,0.167594,0.178664,0.065146,0.186168,0.078003,-0.001058,0.192000,0.269541,0.344133,0.220678,0.189439,0.258783,0.186704,0.158734,0.115587,0.102540,0.235237,0.274511,0.218088,0.157951,0.093727,0.054095,0.293916,0.179073,0.307429,0.331247,0.113826,0.181628,0.239248,0.302844,0.096491,0.223309,0.230182,0.219752,0.075979,0.131543,0.154175,0.118654,0.152733,0.296049,-0.040476,0.043833,0.449237,0.190343,0.140207,0.159887,0.154782,0.098264,0.129601,0.093664,0.039248,0.168855,0.015141,0.114295,#
10,0.230665,0.209198,0.244869,0.250777,0.114980,0.239440,0.173811,0.241191,0.194818,0.235449,1.000000,0.157742,-0.050331,0.082681,0.116861,0.226012,0.161298,0.152863,0.149545,0.254596,0.160431,0.063084,0.119908,0.255509,0.040098,0.044977,0.092119,0.326395,-0.072736,0.242292,0.120669,0.110841,0.157707,0.183256,0.252205,0.156966,0.110809,0.160073,0.192289,0.016445,0.292204,0.115695,0.102918,0.061815,0.257563,0.240927,0.272903,0.187310,0.248390,0.385566,0.074376,0.139437,0.252835,0.112309,0.018296,0.204337,0.142889,0.026340,0.175619,0.170018,0.128371,0.301427,0.263943,0.306388,0.307421,0.095430,0.201458,0.070368,0.021206,0.135465,0.082305,0.285756,0.164796,0.173004,0.112748,0.207265,0.100848,0.248001,0.141270,0.073904,0.334159,0.160649,0.194925,0.086013,0.225540,0.110533,0.239526,0.359710,0.097268,0.243510,0.190559,0.382524,0.161931,0.289874,0.207190,0.337232,0.029567,0.112496,0.359958,0.214981,0.114195,0.156008,0.200775,0.204393,0.364815,-0.054975,0.139458,0.212127,0.090869,0.108661,0.013227,0.176627,0.142159,0.191107,0.232428,0.351439,0.175768,-0.015986,0.122373,0.182088,0.133741,0.295437,0.001119,0.107633,0.008287,0.166631,0.322906,0.264752,0.189054,0.074642,0.016490,0.089844,0.085961,0.138991,0.276676,0.122291,0.084337,0.220891,0.022507,0.131505,0.287730,-0.035931,0.081768,0.081238,0.091995,0.002852,-0.040884,0.018908,0.191797,0.118613,0.264600,0.140308,0.268841,0.215650,0.119032,0.141016,0.343488,0.115133,0.273128,0.109494,0.242264,0.091124,0.253714,0.201613,0.131851,0.232915,0.291945,0.160267,0.274886,0.295753,0.159774,0.104811,0.064943,0.166594,0.173310,0.052334,0.191407,0.343885,0.081764,0.229712,0.104240,0.112240,0.286251,0.115090,0.130076,0.059959,0.049864,0.044378,0.112010,0.235742,0.243655,0.131043,0.141527,0.091738,0.255743,0.120367,-0.016443,0.281616,0.124524,0.314942,#
11,0.144925,0.212286,0.137177,0.184434,0.248907,0.110244,0.147160,0.234819,0.233723,0.112623,0.157742,1.000000,0.157219,0.119575,0.105651,0.019457,0.117156,0.236451,0.167812,0.081122,0.160586,0.241051,0.162750,0.056306,0.109093,0.221747,-0.023422,0.281082,0.085072,0.186138,0.233403,0.203748,0.113547,0.242641,0.139639,0.101621,0.297959,0.118453,0.129695,0.330682,0.127296,0.193240,0.254920,0.169859,0.169489,0.262637,0.312637,0.128243,0.127369,0.155407,0.078365,0.205463,0.236440,0.274363,0.178397,0.067315,-0.054950,0.252366,0.143784,0.098699,0.090233,0.164335,0.322372,-0.039249,0.237329,0.229360,0.158832,0.220136,0.260303,0.272884,0.177936,0.151558,0.160649,0.113236,0.106391,-0.027897,0.154891,0.199481,0.135716,-0.036248,0.175722,0.210067,0.157121,-0.013212,0.122709,0.106072,0.156364,0.103284,0.198641,0.045652,0.077612,0.404175,0.224908,0.158459,0.249711,0.317260,0.100402,0.110585,0.141584,0.187802,0.061727,0.211604,0.079047,0.223645,0.176988,0.273050,0.148006,0.287480,0.210680,0.208754,0.228751,0.122261,0.200011,0.162743,0.043889,0.278054,0.135077,0.248345,-0.037963,0.283264,-0.014108,0.204843,0.155911,0.121502,0.097356,0.097501,0.134448,0.091471,0.256904,0.171578,0.127335,0.207653,0.229288,0.267153,0.136896,0.108787,0.114834,0.168320,0.051099,0.284349,0.195014,-0.002563,0.133251,0.156365,0.314329,0.067506,0.226389,0.099700,0.119944,0.147794,0.195788,0.128270,0.156471,0.161697,0.305007,0.202570,0.171799,0.149484,0.261726,0.050777,0.041331,0.202648,0.176788,0.088511,0.190448,0.028300,0.146064,0.098860,0.146508,0.306362,0.176908,0.148693,0.130977,0.111559,0.051652,0.138808,0.034381,0.163972,0.096675,0.279965,0.201131,0.062837,0.272684,0.068188,0.199498,0.088911,-0.031239,0.278453,0.253203,0.296853,0.196438,0.042229,0.269364,0.316804,0.300599,0.158680,0.174181,0.216640,0.048931,0.203748,#
12,0.128973,0.120079,0.058029,0.091649,0.147171,0.092375,0.227718,0.133490,0.124715,0.138241,-0.050331,0.157219,1.000000,0.112713,0.231462,0.056033,0.292622,0.257918,0.268313,0.237448,0.148562,0.230823,0.202849,0.200445,-0.004769,0.051460,0.115068,0.169858,0.214432,0.015866,0.054864,0.148638,0.196031,0.142915,0.170094,0.172272,0.151992,0.080694,0.114989,0.241687,-0.033476,0.030226,0.126319,0.359398,0.107464,0.148223,0.209580,0.005401,0.089553,0.057139,0.211083,0.043787,0.159074,0.116264,0.185273,0.086148,0.012610,0.142044,0.128046,-0.000048,-0.002553,0.268129,-0.022495,0.127512,0.292996,0.155013,0.053111,0.136489,0.136021,0.133550,0.163407,0.125033,0.288073,0.100653,0.235558,0.230158,0.160927,-0.042770,0.092899,0.030686,0.142128,0.124880,0.080146,0.102312,-0.083505,0.119081,0.182991,0.164903,0.245944,0.106046,0.042550,0.039033,0.010217,0.042270,0.087278,0.242416,0.359098,0.262987,0.097050,0.010467,0.017781,0.194861,0.171558,0.254401,0.120128,0.059750,0.137790,0.049013,0.064955,0.094297,0.215726,0.047573,0.099415,0.062435,0.275192,0.070013,0.334382,0.010991,0.102143,-0.007403,0.112351,0.177023,0.223349,0.257791,0.211339,0.028704,0.069466,-0.057143,0.014999,0.128076,0.113471,0.113161,0.006331,0.195199,0.158647,0.025218,0.181304,0.155036,0.216176,0.015529,0.141275,0.247907,0.173937,0.018042,0.159618,0.116941,0.124801,0.133033,0.078563,0.283231,0.094930,0.235634,0.163648,0.026917,0.120072,0.366292,0.115437,0.064085,0.170341,0.109706,0.148290,0.266072,0.234230,0.118569,0.309047,0.098415,0.227775,0.175644,0.018846,0.081537,0.221707,0.223897,0.099554,0.154836,0.088887,0.087912,0.178134,0.224834,0.181578,-0.007655,0.154474,0.162621,0.196190,0.125955,-0.065303,0.119264,0.096085,0.333917,0.129407,-0.000865,0.106162,0.037475,0.150598,0.212463,0.118414,0.152322,0.078948,0.161827,0.153835,0.033192,#
13,0.103051,-0.029579,0.295514,0.108237,0.178176,-0.015208,0.243756,0.183913,0.193867,0.104909,0.082681,0.119575,0.112713,1.000000,0.167862,0.122906,0.194781,0.243801,0.218092,0.153020,0.255999,0.222964,0.264779,0.278466,-0.005439,0.229169,0.100365,0.242050,0.196051,0.172331,0.046114,0.127845,0.247911,0.131290,0.165264,0.065678,0.131834,0.218923,0.133416,0.195191,0.186375,0.235425,0.246996,0.136914,0.363178,0.171157,0.132585,0.132393,0.254675,0.178056,0.106738,0.207606,0.190524,0.276450,0.180076,0.180436,0.069957,0.152265,0.129913,0.131762,0.164505,0.273414,0.146729,0.092144,0.241903,0.081462,0.201787,0.117860,0.208815,0.180717,0.156700,0.134257,-0.059228,0.218465,0.322457,0.268554,0.134641,0.131858,0.268372,0.263496,0.198686,0.207474,0.269938,0.069032,0.104320,0.152532,0.092510,0.077353,0.240073,0.185849,0.155038,0.147701,0.232550,0.242729,0.268353,0.074062,0.171269,0.150437,0.182623,0.343410,0.121749,0.185462,0.094858,0.409862,0.082595,0.282487,0.141515,0.132654,0.126839,0.194289,0.227469,0.178243,0.287313,0.256593,0.267318,0.270674,0.180025,0.269553,0.105038,0.302341,0.125184,0.207029,-0.007995,0.039917,0.172173,0.013534,0.117975,-0.002000,0.187146,0.139110,0.026420,0.194494,0.144509,0.165972,0.322719,0.131404,0.056705,0.056906,0.242828,0.206975,-0.096303,0.151258,0.336570,0.045453,-0.048807,0.212582,0.180091,0.158359,0.136622,0.115159,0.108818,0.192126,0.143330,0.303215,0.220110,0.303431,0.100024,0.066081,0.251429,0.208931,0.188045,0.124898,0.165162,0.160473,0.104357,0.252808,0.221476,0.088265,0.130392,0.094242,0.163215,0.210831,0.167170,0.178506,0.248465,0.066835,0.090983,0.314453,0.221849,0.119205,0.062064,0.286687,0.138929,0.149464,0.217601,0.248100,0.105753,0.154617,-0.006441,0.140800,0.248478,0.147467,0.237755,0.296053,0.276275,0.131762,0.194128,0.085991,0.190730,0.179960,#
14,0.251292,0.023055,0.120533,0.184932,0.203182,0.184294,0.045769,0.347405,0.267587,0.317043,0.116861,0.105651,0.231462,0.167862,1.000000,0.298606,0.183574,0.193582,0.271018,0.314848,0.302416,0.097499,0.188372,0.286608,0.121159,-0.000854,0.257482,0.202492,0.294052,0.184566,0.160831,0.265251,0.164824,0.148827,0.185987,0.172515,0.127946,0.159864,0.192872,0.187943,0.031802,0.114823,0.285575,0.203044,0.294668,0.233482,0.122614,0.053358,-0.026217,0.193856,0.132708,0.036034,0.129217,0.331436,0.158376,0.153841,0.213433,0.177215,0.252629,0.082671,0.171801,0.345503,0.254374,0.252209,0.123442,0.052556,0.086829,0.199470,0.083163,0.307467,0.224413,0.116826,0.172309,0.048602,0.292211,0.149110,0.386233,0.172002,0.160760,0.094793,0.229955,0.324161,0.227348,0.314137,0.144211,0.168392,0.216757,0.275045,0.197956,0.072494,0.022077,0.085611,0.287863,0.305387,0.182541,0.333262,0.423875,0.238556,0.235886,0.005319,0.174880,0.199496,0.273528,0.235079,0.277335,0.127906,0.139815,0.089289,-0.041021,0.125559,0.204374,0.080103,0.253400,0.213920,0.269425,0.258168,0.314167,0.028224,0.080225,0.131655,0.221613,0.231223,0.118210,0.227201,0.284331,0.051483,0.119651,0.309280,0.120474,0.307988,0.138775,0.099706,0.173352,0.328963,0.280641,0.210822,0.043139,0.230187,0.167313,0.150204,0.045886,0.142067,0.202123,0.161540,0.087365,0.293586,0.151283,0.157141,0.128060,0.095344,0.195792,0.125273,0.149867,0.218390,0.355098,0.286118,0.264011,0.195563,0.124429,0.172142,0.132935,0.098227,0.277714,0.171628,0.149490,0.186552,0.191487,0.092177,0.158013,0.295695,0.173034,0.169815,0.272022,0.231509,0.072949,0.287097,0.168815,0.184331,0.258244,0.008898,0.280850,0.303728,0.189707,0.031340,0.126272,0.109648,0.080539,0.068276,0.053730,0.168657,-0.000848,0.158498,0.262649,0.260881,0.233272,0.118995,0.149261,0.066701,0.204414,0.112029,#
15,0.244507,0.076137,0.165183,0.106305,0.141162,0.228215,0.106649,0.063565,0.269980,0.244307,0.226012,0.019457,0.056033,0.122906,0.298606,1.000000,0.181097,0.194147,0.122711,0.225413,0.073877,0.181342,0.255478,0.276702,0.084115,0.108542,0.130279,0.156075,0.114180,0.387748,0.050814,0.255850,0.067072,0.210878,0.159647,0.291089,0.222845,0.081459,0.271697,0.085184,0.089946,0.165397,0.172597,0.174796,0.290343,0.158976,0.121784,0.313941,0.119628,0.241121,-0.070981,0.320512,0.171460,0.124400,0.130150,0.138583,0.197762,0.018866,0.154502,0.144341,0.247224,0.201661,0.247992,0.230922,0.151096,0.238872,0.083156,0.154937,0.027890,-0.035804,0.231632,0.081250,0.003018,0.137365,0.169783,0.125971,0.214757,0.206238,0.158128,0.081939,0.367530,0.188269,-0.085067,0.201211,0.290602,0.210998,0.110850,0.395532,0.111189,0.082220,0.118023,0.082321,0.116320,0.112323,0.129931,0.213776,0.220886,0.093143,0.061080,0.069537,0.276892,0.103883,0.218843,0.284458,0.125552,0.145107,0.295270,0.185262,0.004744,0.228222,-0.031652,0.139049,0.126526,0.164264,0.036636,0.152264,0.110639,0.140499,0.060706,0.110179,0.186451,0.082521,0.132349,0.113835,0.003420,0.134909,0.262987,0.198539,0.102644,0.387284,-0.082354,-0.002757,0.131316,0.131132,0.204943,0.085278,-0.031773,-0.062314,0.144276,0.107229,0.008482,0.058206,0.209719,0.029324,0.108128,0.076740,0.078688,0.158907,0.145505,0.044200,0.191049,0.018840,0.270688,0.254737,0.120381,0.163842,0.281772,0.188246,0.076508,0.191783,0.119423,0.104561,0.297035,-0.064583,0.178259,0.245514,0.206762,0.258991,0.330752,0.045836,0.013567,0.304251,-0.065569,0.122608,0.085294,0.283066,0.195282,0.196592,0.132469,0.136611,0.183355,0.141334,0.157365,0.198059,0.129084,0.187593,-0.104614,0.182352,-0.038420,0.135886,0.044139,0.165554,0.184619,0.106608,0.109503,0.148745,0.216494,0.226706,0.170413,0.139806,#
16,0.371195,0.027587,-0.068056,0.078061,0.119652,0.113413,0.117571,0.250646,0.074895,0.120071,0.161298,0.117156,0.292622,0.194781,0.183574,0.181097,1.000000,0.172484,0.138910,0.307178,0.270712,0.163932,0.116930,0.174346,0.052402,0.190546,0.186438,-0.038072,0.083484,0.305314,-0.027264,0.235319,0.202236,0.373118,0.177532,0.159494,0.247650,0.069935,0.276382,0.128385,0.134343,0.106561,0.208960,0.188710,0.172410,0.200559,0.039817,0.124836,0.110121,0.195454,0.026756,0.104041,0.237510,0.370551,0.099557,0.120143,-0.009309,0.153204,0.211386,0.059292,0.044333,0.286551,0.184611,0.102713,0.222978,0.158888,-0.042392,0.206073,0.187658,0.258026,0.061205,0.095244,0.202686,0.173464,0.137270,0.135556,0.113498,0.235182,0.189407,0.210004,0.182707,0.163844,0.132438,0.266259,0.126462,0.225480,0.286881,0.190795,0.268720,0.158598,0.112170,0.128530,0.203510,0.065275,0.251355,0.243178,0.264714,0.118180,0.185662,0.225939,-0.059099,0.085770,0.148310,0.245394,0.073725,0.286403,0.199948,0.140433,0.122192,0.127097,0.176772,0.215855,0.265381,0.090463,0.288968,0.238921,0.309456,0.151851,0.138523,0.166156,0.294940,0.309006,0.265538,0.275192,0.307950,0.155893,0.162922,0.100727,0.120599,0.212080,0.136862,0.099455,0.193547,-0.037059,0.267837,0.209829,0.056445,0.052302,0.078328,0.147297,0.041853,0.049583,0.180323,0.138696,0.137352,0.030704,0.171326,0.066291,0.268065,0.356005,0.000159,0.190367,0.109416,0.122250,0.187885,0.296632,0.259142,0.209269,0.211002,0.310337,0.109313,0.208910,0.239581,0.140342,0.134881,0.199915,0.171191,0.288701,0.190419,-0.004166,0.198775,0.306459,0.075701,0.023818,0.137172,0.087034,0.119839,0.188953,0.254216,-0.009105,0.009991,0.138422,0.223127,-0.059161,0.206800,0.284617,0.106118,0.298741,0.109319,0.118851,0.217761,0.076919,0.073367,0.139210,0.145360,0.161449,0.177769,0.018509,0.086494,0.094620,#
17,0.336864,0.052307,0.182758,0.229633,0.203849,0.229944,0.217777,0.180484,0.221460,0.181552,0.152863,0.236451,0.257918,0.243801,0.193582,0.194147,0.172484,1.000000,0.170977,0.250771,0.250835,0.218692,0.165176,0.384301,0.137009,0.157077,0.247326,0.118670,0.098809,0.152811,0.188972,0.118483,0.170273,0.172681,0.235192,0.323695,0.077577,0.195067,0.315943,0.217222,0.313065,0.323355,0.342514,0.215816,0.182663,0.188323,0.186933,0.295555,0.228227,0.228124,0.240646,0.204104,0.219511,0.143421,0.162373,0.227554,0.212667,0.038145,0.255154,0.036842,0.169234,0.297944,0.032993,0.187900,0.228541,0.327633,0.218561,0.366512,0.135508,0.209013,0.153193,0.263502,0.067621,0.103921,0.155712,0.204593,0.217702,0.127275,0.246428,0.172896,0.223981,0.187275,0.190374,0.086214,0.095257,0.154774,0.365711,0.138921,0.225051,0.157667,0.166837,0.126489,0.316779,0.197888,0.208431,0.385373,0.197362,0.130996,0.105768,0.172681,0.205218,-0.048683,0.165022,0.272651,0.130839,0.145180,0.203158,0.134637,0.171162,0.111468,0.266037,0.178022,0.133646,0.281337,0.249984,0.100995,0.171390,0.142635,0.042644,0.191993,0.139680,0.284132,0.110963,0.156385,0.346071,0.283307,0.254694,0.091738,0.122548,0.248697,0.361125,0.210935,0.235328,0.160906,0.058078,0.273223,0.142348,0.187856,0.288179,0.316337,0.224198,0.232390,0.322986,0.127469,0.137148,0.228697,0.144569,0.233095,0.158994,0.033332,0.236250,0.023737,0.100763,0.206473,0.355894,0.345825,0.330466,0.273479,0.285952,0.142125,0.122684,0.176678,0.311077,0.225155,0.158157,0.231126,0.111047,0.172201,0.310576,0.126709,0.344521,0.115448,0.189901,0.152916,0.183604,0.112074,0.264858,0.185055,0.193341,0.342882,0.127112,0.363926,0.212901,0.224312,0.272310,0.195797,0.153785,0.309120,0.156546,0.065768,0.162030,0.221752,0.249216,0.266658,0.326487,0.350079,0.080481,0.316664,0.062791,0.267387,#
18,0.279896,0.011422,0.089214,0.345549,0.184608,-0.020605,0.153361,0.178916,0.148891,0.285846,0.149545,0.167812,0.268313,0.218092,0.271018,0.122711,0.138910,0.170977,1.000000,0.350532,0.184552,0.216808,0.299463,0.283805,0.136540,0.172951,0.012211,0.217612,0.121435,0.126207,-0.079270,0.135468,0.212463,0.273816,0.328398,0.242749,0.156611,0.179179,0.182741,0.240129,0.259847,0.018549,0.193273,0.134531,0.343112,0.096718,0.173816,0.148869,-0.033856,0.178545,0.091771,0.166634,0.243691,0.059754,0.159639,0.190779,0.109506,0.179344,0.158103,0.203899,0.165144,0.158757,0.268651,0.065756,0.415442,0.112544,0.168870,0.138106,-0.096765,0.134952,0.193602,0.046685,0.120149,0.095626,0.272690,0.198982,0.274108,0.156164,0.196306,0.130548,0.095333,0.114630,0.266337,0.138479,0.079764,0.101964,0.238538,0.153084,0.138474,0.124307,0.241496,0.147895,0.089282,0.113558,0.308434,0.269981,0.298718,0.119860,0.182057,0.208345,0.215089,0.204453,0.177961,0.203505,0.366781,0.179949,0.143435,0.023949,0.092586,0.005542,0.217179,0.074531,0.292930,0.224082,0.077287,0.111348,0.097116,-0.059974,0.061999,0.193310,0.176134,0.246647,0.167632,-0.024577,0.161894,-0.005758,0.105285,0.212303,0.253671,0.149780,0.010839,0.219168,0.045850,0.193235,0.187090,0.240570,0.197364,0.185423,0.022984,0.113753,0.027736,0.194351,0.224634,0.208478,0.072940,0.309056,0.178667,0.049591,0.072715,0.181294,0.104104,0.240781,0.162206,0.218460,0.132061,0.247321,0.198192,0.208996,0.204472,0.202895,0.207368,0.100588,0.225236,0.139585,0.159153,0.367554,0.230155,0.158665,0.180951,0.246675,0.061398,0.257318,0.191964,0.167032,0.024443,0.199551,0.222199,0.264111,0.094278,0.139120,0.114248,0.179756,0.166562,0.126851,0.128895,0.056710,0.315305,0.104741,0.117404,0.062828,0.222547,0.117270,0.123267,0.277908,0.301888,0.226333,0.092956,0.149598,0.209895,0.124164,#
19,0.339945,0.064740,0.216440,0.193897,0.415659,0.402390,0.079791,0.228042,0.225967,0.328732,0.254596,0.081122,0.237448,0.153020,0.314848,0.225413,0.307178,0.250771,0.350532,1.000000,0.226219,0.152169,0.256512,0.289846,0.117358,0.081794,0.269138,0.093900,0.219365,0.278965,0.230911,0.162452,0.175457,0.157300,0.182287,0.235192,0.240532,0.071359,0.242905,0.222678,0.280355,0.151573,0.186324,0.153839,0.172639,0.247739,0.299387,0.154951,0.237916,0.233349,0.080968,0.137457,0.177205,0.225697,0.101405,0.284229,0.312542,0.064218,0.281197,0.158478,0.195433,0.436677,0.310606,0.246082,0.380295,0.092144,0.117681,0.316859,-0.036180,0.143069,0.333198,0.145086,0.224248,0.254774,0.241004,0.292457,0.243889,0.225755,0.410234,0.226726,0.243217,0.136226,0.291538,0.209881,0.125495,0.311804,0.212055,0.369361,0.248169,0.014767,0.176264,0.172047,0.328331,0.186123,0.236783,0.333912,0.339863,0.224129,0.152408,0.176551,0.184542,0.173610,0.261331,0.256298,0.189225,0.342655,0.221126,0.242869,0.142838,0.017383,0.103676,0.237287,0.304688,0.269657,0.257819,0.151461,0.365341,0.212299,0.086012,0.032674,0.120015,0.371744,0.245672,0.221779,0.385095,0.096996,0.332997,0.199592,0.270327,0.310196,0.243847,0.191614,0.171609,0.229660,0.400554,0.223869,0.165764,0.249329,0.113832,0.122850,0.059642,0.184503,0.246954,0.099488,0.179682,0.213670,0.143974,0.096241,0.261188,0.217409,0.227415,0.377419,0.181394,0.231502,0.297069,0.307870,0.308545,0.216126,0.329174,0.347969,0.385405,0.129598,0.238236,0.086429,0.273200,0.269192,0.157365,0.218886,0.279219,0.213684,0.205446,0.324603,0.359561,0.288141,0.220329,0.192314,0.201581,0.332322,0.294549,0.156345,0.032651,0.312198,0.265063,0.292620,0.387353,0.201325,0.165451,0.182243,0.235556,0.183497,0.324940,0.314462,0.147348,0.246982,0.173546,0.350652,0.067987,0.135509,0.326364,0.237024,#
20,0.153208,-0.006957,0.213750,0.168334,0.385815,0.211854,0.280818,0.166845,0.061878,0.310864,0.160431,0.160586,0.148562,0.255999,0.302416,0.073877,0.270712,0.250835,0.184552,0.226219,1.000000,0.289315,0.128526,0.243235,0.116690,0.271501,0.279195,0.025228,0.202289,0.125559,0.032608,0.097409,0.235634,0.277817,0.263629,0.400828,0.294478,0.182405,0.361570,0.279145,0.185793,0.319071,0.141371,0.077735,0.275207,0.249967,0.343597,-0.016758,0.061273,0.184372,0.022791,0.161983,0.153454,0.304129,0.298558,0.261375,0.252911,0.243269,0.237917,0.119318,0.184044,0.263394,0.275910,0.046662,0.195480,0.108252,0.110971,0.223193,0.163248,0.323404,0.412493,0.168176,0.120785,0.197917,0.237961,0.108179,0.199077,0.156309,0.157035,0.142474,0.189213,0.330428,0.319370,0.119522,0.142100,0.140745,0.283936,0.158518,0.255313,0.138707,0.234245,0.239470,0.219820,0.334735,0.459895,0.155756,0.164995,0.295782,0.293569,0.119206,0.237568,0.133030,0.347463,0.138613,0.194625,0.144740,0.203361,0.142632,0.105423,0.286774,0.286134,0.321904,0.219787,0.055390,0.257338,0.232823,0.357461,0.314226,0.080623,0.291165,0.213084,0.305916,0.140174,0.292587,0.200970,0.219807,0.256387,0.120262,0.431630,0.282827,0.371355,0.187995,0.165456,0.326677,0.259132,0.134495,0.159926,0.078407,0.198432,0.240088,0.156333,0.251011,0.200137,0.178070,0.190460,0.216844,0.159818,0.079709,0.057016,0.321944,0.287042,0.270779,0.126275,0.363955,0.276530,0.242505,0.147564,0.059470,0.188116,0.256518,0.172171,0.258118,0.258472,0.162531,0.217400,0.038807,0.040035,0.161735,0.281631,0.165762,0.318637,0.172059,0.309282,0.067506,0.108360,0.212382,0.007295,0.219154,0.370692,0.118252,0.128707,0.193337,0.162795,0.116132,0.184066,0.105696,0.195305,0.300631,0.158523,0.263417,0.026154,0.144307,0.144511,0.365204,0.143495,0.094129,0.148467,0.116912,0.265487,0.259909,#
21,0.123167,0.195094,0.183140,0.253383,0.217513,0.148671,0.184962,0.206167,0.370184,0.236966,0.063084,0.241051,0.230823,0.222964,0.097499,0.181342,0.163932,0.218692,0.216808,0.152169,0.289315,1.000000,0.156758,0.226066,0.097967,0.209129,0.155220,0.102336,0.154263,0.149253,0.140652,0.213912,0.235792,0.207324,0.267817,0.300781,0.362516,0.325971,0.322001,0.159690,0.210204,0.259124,0.146976,0.229660,0.155013,0.194177,0.157762,0.232607,0.150097,0.054506,0.100395,0.236373,0.035959,0.078706,0.227330,0.232710,0.198289,0.186346,0.169656,0.040614,0.271938,0.117463,0.263432,0.004195,0.373569,0.263715,0.154270,0.277275,0.184864,0.168915,0.319281,0.203208,0.234240,0.333253,0.278710,0.157111,0.137683,0.146861,0.167155,0.236570,0.140289,0.185848,0.181638,-0.034612,0.241892,0.129678,0.293713,0.206434,0.182824,0.267675,0.105288,0.070068,0.090209,0.202256,0.291379,0.176566,0.278178,0.092951,0.106973,0.211360,0.239278,0.276115,0.302099,0.119693,0.124848,0.305440,0.090273,0.028765,0.169628,0.247640,0.279004,0.284155,0.108713,0.159650,0.137269,0.310247,0.378947,0.121888,0.000968,0.181316,0.137729,0.321074,0.252816,0.225320,0.225399,0.076757,0.229798,0.270340,0.259863,0.188895,0.275731,0.235953,0.311312,0.202872,0.172965,0.165302,0.030665,0.022013,0.130622,0.279960,0.191349,0.259829,0.205978,0.216937,0.207696,0.296534,0.204896,0.188767,0.149338,0.243105,0.246548,0.152340,0.062429,0.278621,0.346184,0.376869,0.180171,0.107604,0.176690,0.234802,0.213035,0.262455,0.248966,0.248801,0.253821,0.127861,0.168388,0.225381,0.172671,0.309750,0.217920,0.176263,0.121279,0.031180,0.207647,0.313611,0.042992,0.292819,0.108458,0.131670,0.162249,0.229956,0.125435,0.215269,0.152070,0.235188,0.140291,0.192534,0.116483,0.307913,0.221121,0.128832,0.209112,0.302014,0.297027,0.177291,0.259668,0.288661,0.205716,0.141634,#
