0,1.000000,0.021635,0.057120,0.057634,0.015846,0.155731,-0.045903,0.094708,0.090731,-0.006500,-0.059255,0.107555,0.197743,-0.256337,0.284529,-0.050278,0.065477,0.080482,-0.011805,0.219102,-0.081845,-0.062326,0.116121,0.078769,0.101321,0.008410,0.179823,0.080813,-0.031105,0.073099,-0.046062,-0.009756,-0.009884,-0.172371,0.233100,0.077642,0.089122,-0.012830,0.130097,0.079640,-0.006051,-0.019836,0.175071,0.138365,-0.005642,0.005043,0.121708,0.049996,-0.090887,0.136538,0.145440,-0.045084,0.184795,0.244068,-0.003672,0.122915,-0.054387,0.062229,-0.045169,-0.082961,0.242455,-0.096098,0.033226,0.092296,-0.089051,0.233771,-0.052285,0.188217,-0.028842,0.088537,0.069753,-0.008882,0.102274,-0.017042,0.138846,-0.036457,-0.096250,-0.014075,-0.125697,-0.020394,0.236257,0.073080,-0.052772,-0.023296,-0.023066,0.154467,0.010498,-0.156972,-0.199334,0.007540,0.065086,0.046601,-0.070284,0.057630,0.099884,0.144307,-0.020396,-0.005352,0.066708,0.145666,-0.008744,0.066934,-0.046240,0.024099,0.131837,-0.131600,-0.190660,0.126795,0.082014,0.083799,0.174529,-0.080494,0.045214,-0.048900,-0.015504,0.116452,-0.023235,-0.146904,0.190883,0.096073,-0.010752,0.266279,0.133050,0.168109,0.018618,0.040242,0.048019,0.059583,0.032493,-0.067452,0.015999,0.070782,-0.008173,-0.060645,-0.047964,-0.097302,0.141534,0.158883,-0.057646,-0.014202,-0.097273,0.132203,-0.142810,0.159868,0.168748,-0.021821,-0.011087,0.032842,0.171352,0.049736,0.011544,-0.212424,0.021509,-0.000374,-0.006324,0.023761,-0.027898,0.043732,0.118480,0.154026,0.162841,0.243640,-0.077808,-0.053913,0.037399,0.071375,0.082269,-0.011677,0.197901,0.146125,0.125158,0.012600,0.184247,0.037262,0.196929,-0.209771,0.023550,0.050061,0.084271,0.007979,-0.127561,0.106684,-0.098915,0.050985,0.071461,-0.040341,0.020996,0.251324,0.024370,0.162547,0.010381,0.125856,0.072240,-0.013589,-0.074333,-0.030761,-0.078538,-0.094471,0.064941,0.082542,#
1,0.021635,1.000000,-0.049134,0.279204,0.162660,0.222082,0.032653,-0.019120,0.013157,-0.001589,0.035923,0.062082,0.102861,0.127858,-0.027877,0.030380,0.152832,0.044740,0.127559,0.201916,0.246575,0.246507,0.223507,0.262117,0.118928,0.048754,0.144401,0.003617,-0.075173,-0.154657,0.047383,0.277865,0.138500,0.046101,0.114256,0.172242,-0.108222,0.174353,0.061376,0.102434,0.052477,0.043441,0.008102,0.140792,-0.020038,0.246112,0.183548,0.137901,0.088434,0.098663,0.124578,0.211210,0.242972,0.062959,0.066595,0.179496,-0.133202,0.119006,0.215954,0.094130,0.028881,0.023942,-0.104075,-0.055232,-0.045307,0.087351,0.158211,0.182968,0.198351,0.274547,0.073986,0.113971,0.257023,0.015795,0.048648,-0.045597,0.088326,0.116105,0.087855,-0.037791,0.119491,0.162543,0.323134,0.031721,0.075848,0.039210,0.013433,-0.028343,0.120674,0.178048,0.110476,0.045984,0.061389,-0.008445,-0.049463,0.003520,0.073933,0.013123,-0.072600,0.213412,-0.004154,0.269484,0.055267,0.166682,0.156280,-0.035202,-0.094798,0.218947,-0.003735,0.006803,0.116261,0.111457,0.038033,0.085605,0.053631,0.046805,0.298126,0.263476,0.113110,-0.035284,0.333686,0.183909,0.027401,0.181896,-0.014764,0.058650,0.260707,0.174445,0.205938,0.150814,-0.018966,0.038123,0.017523,0.256877,0.068153,-0.017754,0.013731,0.077716,0.157126,-0.072294,-0.008397,-0.018561,-0.070510,-0.104595,-0.010412,0.017608,0.079668,0.008852,0.022960,0.073495,0.114264,0.115768,0.004501,0.105881,0.177018,-0.028014,0.143198,0.047421,-0.010388,0.016291,-0.053420,0.263441,0.202065,0.172224,0.061794,-0.065444,-0.003367,0.207920,-0.074254,0.079002,0.153275,-0.001478,0.128983,0.167049,0.119884,0.012665,0.096991,0.094883,0.116164,-0.026152,-0.023421,-0.108594,-0.006436,-0.054775,-0.036715,0.128601,0.051923,-0.061269,0.076955,0.037774,0.036692,0.104388,0.040932,0.145148,0.244240,0.018939,0.105084,-0.098023,0.077405,0.157322,#
2,0.057120,-0.049134,1.000000,0.120810,-0.001303,0.074336,0.034515,0.214307,-0.024962,0.110068,0.089776,0.012894,-0.018597,-0.112282,0.122730,-0.017885,0.112400,0.113400,0.065699,0.245148,0.028872,0.078873,-0.194651,0.005161,0.006225,-0.053242,0.076302,0.069441,0.108620,0.094533,0.062807,0.122818,0.225066,0.074667,0.109293,0.084303,0.206088,-0.001969,0.207055,0.103728,0.278454,0.172164,-0.047954,0.062780,-0.089349,0.206220,0.287914,0.018798,0.049498,0.264485,-0.112757,-0.059324,0.070271,0.282786,0.160346,0.042493,0.139564,0.025995,-0.075530,0.020364,0.073492,0.093486,0.050485,0.223946,0.026850,0.033724,0.313610,-0.143085,0.193613,0.147654,0.148022,-0.006500,0.024654,0.209458,0.110463,0.016632,0.077818,0.209694,0.069690,0.299508,0.076272,0.096982,0.174849,0.120750,0.078729,0.255896,0.187811,0.208559,0.112456,0.086616,0.275918,0.152002,0.081103,-0.003604,0.328771,0.017552,-0.052664,0.058704,0.096675,0.046456,0.061656,-0.037237,-0.125225,0.006551,0.107404,0.275862,0.036467,-0.023993,0.264427,0.067426,0.149817,0.009999,0.251824,-0.015520,0.151399,-0.042752,-0.075188,-0.075515,0.147904,-0.051011,0.160753,0.194526,0.042003,-0.001563,0.130170,0.121721,0.070968,0.029508,0.116516,0.141007,0.073443,0.255055,0.234016,0.238610,-0.004402,-0.010382,-0.160978,0.028616,0.005513,0.023303,0.106622,-0.024810,-0.084532,-0.072271,0.090204,0.165109,0.078521,0.117403,0.136317,-0.020128,0.091968,0.004520,-0.038760,0.220501,-0.070654,0.194894,0.074404,-0.023832,-0.087959,-0.039580,-0.054928,-0.154206,0.028967,0.041897,-0.144321,0.115907,0.235171,0.088583,0.003642,0.013025,0.037178,0.046323,0.041046,0.008610,0.132117,0.112815,0.104690,0.095371,0.096566,-0.047383,-0.089880,0.130501,0.112225,0.271973,-0.068674,0.041570,-0.034589,0.186282,0.099894,-0.019562,-0.012486,0.127745,0.052542,0.111342,0.062334,0.222155,0.093155,-0.018825,-0.023950,-0.013153,#
3,0.057634,0.279204,0.120810,1.000000,0.143302,0.154519,-0.042341,0.091912,0.107287,0.103067,-0.013198,0.096010,0.215740,-0.053329,0.038461,0.091255,0.178359,-0.010322,0.042561,0.078335,0.173784,0.303291,0.019450,0.000657,0.242359,0.205221,0.165929,0.135826,0.122724,-0.041338,0.022912,0.210906,0.155997,0.197741,0.133342,0.080079,-0.022757,0.065323,-0.043705,0.147026,0.105172,0.135168,0.055392,0.011896,0.101872,0.245257,0.155037,0.284696,0.182316,0.146314,0.050599,0.052117,0.189665,0.150246,0.242959,0.062921,-0.131126,0.071188,0.335667,0.026082,0.128195,0.115498,-0.049126,0.084439,0.077150,0.246281,0.000693,0.050713,0.055740,0.262601,-0.019842,0.155497,0.288300,0.214402,0.094892,0.041291,-0.002038,0.070515,0.134615,0.207946,0.150564,0.122764,0.148347,0.098883,0.058142,0.111777,0.064297,0.116235,0.040480,0.131605,-0.031967,0.143778,0.194924,0.095776,0.182864,0.165962,0.046026,0.054749,-0.118210,0.197156,0.108265,-0.008236,-0.092702,0.091245,0.085716,0.105811,0.147260,0.327027,-0.001995,0.090639,0.042659,0.167198,0.124864,0.148842,0.154060,0.038807,0.255573,0.121567,0.180726,0.020349,-0.001266,0.127313,-0.000625,0.144240,0.037040,0.058871,0.283589,0.157645,0.094385,0.214457,0.050015,0.167711,0.066268,0.326427,0.185993,0.033466,0.189029,-0.016153,0.139623,0.020847,0.087786,0.001513,-0.112522,-0.006124,-0.108939,0.191782,0.042504,0.140059,0.086938,-0.093467,-0.002252,0.007451,0.077833,0.112065,0.128446,0.020405,0.217901,0.133819,-0.033322,0.202285,0.183377,0.221155,0.141607,0.367365,0.063829,0.047947,0.074186,0.065606,0.057011,0.157667,0.152808,0.068448,0.072903,0.088231,-0.067297,0.210936,0.020574,-0.009820,0.187427,0.034810,-0.014615,0.178939,0.000137,0.219652,-0.036257,0.092065,-0.031753,-0.066476,0.272301,0.141429,-0.008891,0.114727,0.162310,0.090164,0.132939,0.164163,0.088951,0.020699,0.028615,0.229269,#
4,0.015846,0.162660,-0.001303,0.143302,1.000000,0.225367,0.181299,0.000927,-0.008823,0.078112,0.141624,0.017754,-0.029613,-0.076913,0.140219,0.174765,-0.065110,0.069644,-0.115266,0.186999,0.085385,0.273523,0.184439,0.124114,0.113620,-0.120747,0.074559,0.134710,0.151962,0.037587,0.179513,0.053706,0.149848,0.058827,0.095637,0.184571,-0.121998,-0.050148,0.074377,0.206442,0.001359,0.058109,0.150846,0.186685,0.213265,-0.035138,0.310331,0.104379,-0.078161,0.080331,0.124988,0.083238,0.102478,-0.155449,0.121014,0.027324,-0.014305,0.135248,0.293475,0.040159,0.013253,0.158567,0.145096,0.032751,0.151041,0.288554,0.134271,-0.068046,0.055078,0.127975,0.220514,0.121860,0.035913,-0.014616,0.047315,0.155787,0.080055,0.115357,0.155309,0.026226,-0.077170,0.204398,0.216695,-0.039841,0.171303,-0.088789,0.056325,0.129947,0.166800,0.263278,0.022790,-0.085178,0.074679,0.007509,0.120038,0.180211,0.166340,0.093459,-0.068862,-0.006913,0.075708,0.257157,-0.041841,0.152040,0.046422,-0.113438,0.135453,0.012519,0.016795,0.246507,-0.078022,0.086669,0.354342,0.277686,0.058251,0.021681,0.007927,0.290511,0.004336,0.115438,0.185473,0.164792,0.137459,0.134658,0.050662,0.013492,0.154236,-0.013068,0.273334,0.200320,0.288713,0.274831,-0.008001,0.143359,0.137202,-0.026938,0.056126,0.188472,0.092170,0.074136,-0.026319,0.232867,-0.059194,0.137250,-0.005106,0.169912,0.098667,-0.058339,0.098379,0.155852,-0.012707,0.244214,0.057131,-0.083143,0.198026,-0.040044,0.137305,0.207276,0.176639,0.073062,-0.064544,0.237096,0.054611,0.233655,0.092563,-0.063327,0.149894,0.111408,-0.102333,0.084767,0.051093,0.076089,0.063854,0.030897,0.063227,0.057275,0.016473,0.142163,0.128821,0.151755,0.200293,0.016889,0.124090,0.166912,0.192360,0.187579,-0.014315,0.158939,0.052364,0.034038,0.129418,-0.009486,0.136386,0.013092,0.147478,-0.115798,-0.013895,-0.079234,0.022916,0.119777,#
5,0.155731,0.222082,0.074336,0.154519,0.225367,1.000000,0.010565,0.132479,0.098368,0.099156,-0.022811,0.015342,0.148851,-0.032628,0.087358,-0.026791,0.032700,0.074061,0.132952,0.276229,0.040791,-0.004970,-0.011065,0.081931,0.218138,0.202420,0.168761,0.220897,-0.015204,0.146908,0.069361,0.160025,0.129600,0.258476,0.063003,0.156464,0.031815,-0.045439,0.008606,0.149701,-0.032314,0.109981,0.071342,0.116498,0.108838,0.158847,0.056530,0.276289,-0.021264,0.153378,0.116726,-0.081930,0.104880,0.048445,0.171646,0.219311,-0.003479,0.053731,0.197362,0.140664,-0.045645,-0.126746,0.045305,0.156969,-0.039455,0.095459,-0.022540,0.024767,0.051529,0.157028,0.263181,0.147592,0.187156,0.143359,0.116111,-0.018985,-0.069682,0.260519,0.086782,0.045273,0.073473,0.185312,0.225779,0.070932,0.036852,-0.045032,0.059078,0.070568,0.100828,0.091495,0.283832,-0.111408,0.042667,0.059693,0.086944,-0.207482,0.208246,0.148995,0.117580,-0.072529,0.204880,0.087837,0.198109,0.152146,0.060725,0.031896,0.130339,0.113421,-0.086254,0.154781,0.064342,0.091909,0.178274,0.025357,-0.002459,-0.082072,0.306587,0.240640,0.182058,0.026327,0.060273,0.198232,0.075902,0.270105,0.028991,0.087230,0.264721,-0.047456,0.185794,-0.047751,0.089683,0.241010,0.150687,0.286521,0.103184,-0.106221,-0.137086,0.140708,-0.001258,-0.027155,-0.062627,-0.083109,0.007592,0.052015,0.311828,0.035711,-0.003586,0.126251,0.107532,0.224937,0.253808,0.066428,0.267999,0.054914,0.132125,0.021676,0.152767,0.082733,0.077980,0.090700,0.054147,0.251178,0.112678,0.085694,0.075862,-0.116664,-0.074198,0.188037,0.036408,0.009211,0.238601,0.095483,0.056661,0.054192,-0.066954,0.217026,0.192003,0.148435,0.222414,0.167919,0.141313,0.012938,-0.180468,0.127168,-0.000139,0.195339,-0.039177,0.138287,0.296545,0.161418,-0.009462,0.231531,0.066287,0.225834,0.150152,0.080479,-0.039025,0.099083,0.064881,0.202895,#
6,-0.045903,0.032653,0.034515,-0.042341,0.181299,0.010565,1.000000,-0.069394,0.092617,0.164284,0.199114,0.083615,-0.009205,-0.090474,-0.134158,0.343061,0.191647,0.203947,0.042886,0.056284,0.011920,0.034017,-0.033352,-0.063080,0.172337,0.086934,-0.000645,0.060521,0.075753,-0.007824,0.082245,0.205256,0.086432,0.078076,0.051751,0.073878,0.064345,0.110293,0.007292,-0.008881,0.107473,0.032469,0.255612,0.201433,0.036785,-0.059566,0.062114,0.150223,-0.045408,0.094290,-0.027796,-0.040369,0.069996,-0.194069,0.033421,-0.048231,0.020456,0.069287,0.052454,-0.052622,0.196504,0.128805,0.062549,-0.059112,0.191102,0.052889,0.129839,0.042930,0.035580,-0.038868,0.236168,0.248982,-0.073702,0.040730,-0.004329,0.142998,0.244246,0.190432,0.202953,0.028001,0.039317,0.093734,0.009885,0.193799,0.118067,-0.139912,0.090573,0.112348,-0.033530,0.066504,0.054099,-0.007697,0.021270,0.013482,0.103662,0.074519,0.144326,0.121646,-0.039592,0.017114,0.058606,0.208285,0.007568,0.049520,0.184059,-0.043815,-0.000179,0.048635,0.222621,-0.049975,-0.042017,-0.013563,0.090508,0.151680,0.017148,0.136313,-0.032626,0.043149,-0.068468,0.147524,0.033050,0.108336,-0.187722,0.012407,0.055667,-0.021564,-0.079638,-0.022165,0.154530,0.038721,0.188196,0.120825,0.024522,0.019428,0.104496,-0.003429,0.114529,-0.030005,0.106456,0.168343,-0.008467,-0.030038,-0.141460,-0.032976,0.058404,0.155805,0.096226,0.210167,0.061357,0.017815,0.027103,0.094068,-0.089676,0.020810,-0.015854,-0.032186,-0.028513,-0.255336,-0.136883,0.109342,0.003843,0.051243,-0.057462,0.026512,0.008081,0.021050,0.119144,-0.044827,-0.020123,0.006994,-0.026920,0.224920,-0.183595,-0.062713,0.096913,0.155523,0.105270,0.143902,0.036163,-0.007722,0.104071,0.056566,0.054878,0.076585,0.035812,0.007750,0.080735,-0.068026,0.131700,-0.002840,0.013592,0.091666,-0.084082,0.004492,0.088960,0.118258,0.139651,-0.094079,-0.006786,0.058875,#
7,0.094708,-0.019120,0.214307,0.091912,0.000927,0.132479,-0.069394,1.000000,0.148301,0.000161,-0.074692,-0.084193,0.202265,-0.032281,0.085720,-0.023928,0.017875,0.153025,0.049553,0.202937,0.167511,0.001205,0.078602,-0.091876,0.006806,0.240309,0.016227,0.009712,0.120748,0.136643,-0.017316,0.011550,0.065751,0.055772,0.135531,0.143127,-0.060732,0.116715,0.245773,0.131912,0.039302,0.272852,0.008070,0.004963,-0.012541,0.160832,0.164848,0.208744,0.241042,0.136146,-0.003016,0.080101,0.137440,0.125094,0.182967,-0.036007,0.081864,-0.163944,0.210737,0.249815,-0.031705,0.106712,0.073986,0.091784,0.096241,0.127560,0.134001,-0.109814,-0.090299,-0.016140,0.162702,0.004518,0.103712,0.190853,0.024373,-0.033419,-0.043412,0.067743,-0.078295,0.050036,0.228949,0.017474,0.172302,0.058025,-0.002648,0.134724,0.011551,0.127311,-0.046451,0.110312,0.154061,0.030091,0.133526,-0.019887,0.208601,0.153415,0.139229,0.221064,0.180291,0.072427,0.009607,0.006081,-0.203691,-0.069290,0.138777,-0.026306,-0.103050,0.227084,0.139683,-0.030950,0.195616,0.065852,0.176298,0.059023,0.156617,0.092844,-0.027005,0.034611,0.159579,0.165807,0.080111,0.101177,0.088105,0.090602,0.108960,0.186999,0.013329,0.104076,0.089196,0.148659,-0.018313,0.135217,0.186141,-0.038181,-0.030759,-0.011035,-0.111429,0.249543,-0.025873,0.017969,-0.109090,-0.058924,0.039112,0.041464,0.144969,0.152574,0.028941,0.010879,-0.010711,-0.016960,-0.098503,0.130862,0.052519,-0.096410,0.074071,0.214449,0.196399,0.155399,0.030615,0.027223,0.072336,-0.026365,0.154125,0.062782,-0.019954,-0.025128,0.052845,0.041060,-0.145540,-0.089575,0.186540,0.028620,0.146813,0.067831,0.095260,-0.114306,0.030744,-0.038300,0.071880,0.046942,0.031079,0.073598,-0.012739,0.162611,0.084560,0.136170,0.128023,0.098963,0.154072,0.251181,0.152077,0.080224,0.029707,0.030131,0.116757,0.070033,0.046584,0.145596,0.104082,0.056419,#
8,0.090731,0.013157,-0.024962,0.107287,-0.008823,0.098368,0.092617,0.148301,1.000000,0.137953,0.040698,0.171243,0.122653,0.122220,0.064669,0.202601,0.042454,0.039719,-0.123025,0.164820,0.217598,0.046372,-0.016194,0.023095,0.250317,0.145476,0.058251,-0.111334,0.069023,-0.018966,0.106499,0.070030,0.079218,-0.004634,0.059909,0.366400,0.079885,0.079713,-0.074594,0.009478,0.015607,0.013824,0.353785,0.157201,0.020469,0.023972,0.048576,0.038747,0.108851,0.086620,0.130365,0.067792,0.134092,0.066904,-0.079186,0.096744,0.120418,0.055779,0.002003,-0.035865,0.149603,0.094863,0.226287,0.191177,0.105515,0.249901,0.116802,0.186888,0.191760,-0.009950,0.159177,0.254970,0.150005,0.030569,0.076630,-0.083447,0.045181,0.088199,0.143620,0.088001,0.129231,0.052475,-0.017876,0.051314,0.113187,0.008260,0.157598,0.156439,-0.054585,-0.079292,0.140239,0.017967,-0.074290,0.044098,-0.035176,-0.010729,0.218321,0.243430,0.273342,0.235432,0.062815,-0.146304,0.140715,0.274142,-0.061420,0.105498,0.034945,0.113653,-0.065955,0.251634,-0.033721,-0.002360,0.048220,-0.000254,-0.064081,0.131326,0.148939,0.055499,0.026204,0.165750,0.027664,0.107703,0.094658,0.222207,0.069722,0.172654,-0.088845,-0.011228,0.256988,0.198005,-0.067036,0.221899,0.163712,-0.040675,-0.029819,0.161476,0.061205,0.033526,0.150301,0.022378,-0.062459,-0.103270,0.011251,-0.196431,0.095604,0.090452,0.008773,0.224620,0.071842,0.090850,-0.047769,0.211804,-0.054338,0.196949,0.162908,0.021298,0.116633,0.207925,0.253017,-0.047891,0.095868,-0.040898,0.091499,-0.048325,-0.086292,0.050614,0.073742,0.194144,0.142049,-0.102324,0.033565,0.233125,-0.087546,0.091242,0.130982,0.069499,0.173449,0.044873,0.147287,0.147210,0.107999,0.061216,0.124157,0.051250,0.007424,-0.076254,0.213647,0.157011,0.041770,0.204324,0.165881,0.178108,0.109649,0.131896,0.086601,-0.102091,-0.219996,0.065415,0.014571,0.253743,#
9,-0.006500,-0.001589,0.110068,0.103067,0.078112,0.099156,0.164284,0.000161,0.137953,1.000000,0.057927,0.057798,0.157849,-0.022419,0.184021,0.178793,0.001561,0.194746,-0.147905,0.007709,0.028710,0.025297,-0.144575,0.044198,0.174981,-0.030948,0.127955,0.136945,0.055841,-0.070018,-0.045725,0.182025,0.072951,0.013611,-0.023213,0.132336,0.097943,0.038353,0.060429,0.056444,-0.008272,0.000812,-0.032489,0.070106,0.059564,-0.002750,0.055349,0.148606,0.157049,0.185914,0.062947,-0.003039,-0.005716,-0.050040,-0.039439,-0.028837,0.171891,0.171590,-0.122182,0.070373,0.152567,0.124024,0.064915,-0.069345,-0.145493,0.146246,0.039359,-0.010100,0.102021,0.089419,0.149111,0.060305,0.126421,0.076504,-0.055874,0.018623,0.241918,0.115116,0.067039,0.224365,0.063024,0.162285,0.057807,0.156694,0.110337,0.063149,0.229493,0.265088,0.020520,0.131563,0.240939,-0.021473,0.123125,-0.018509,0.177525,-0.053898,0.022138,0.067400,0.127551,0.196180,0.180136,0.157320,0.134065,0.013245,0.038940,0.109050,-0.067632,0.262420,0.097061,0.095986,0.076191,0.157389,0.150614,0.056752,0.094939,0.181352,-0.016225,0.033792,0.163317,0.173538,-0.065899,0.187596,0.020006,0.092659,0.177141,0.111111,0.035866,0.105274,0.159879,0.014677,0.021347,0.121660,0.039544,0.053819,0.098900,-0.193030,0.072415,0.041696,0.058817,0.048055,0.229943,0.111639,0.120003,0.240059,0.133754,0.309561,-0.019533,0.211813,0.109728,0.122868,-0.044775,0.062967,0.090017,0.101213,0.037482,0.030753,0.018858,0.080624,0.194882,0.100051,0.003026,0.203780,0.200049,0.072597,-0.022054,0.147795,-0.052049,0.199690,0.130020,0.105028,0.082400,0.015970,-0.014228,-0.181901,-0.000151,0.155983,0.263587,0.210936,0.025683,0.095029,0.114099,0.181757,0.135390,0.028349,0.078430,0.007005,0.024812,0.131314,0.156931,0.020016,-0.049208,0.010900,-0.002482,-0.019728,-0.159907,-0.019739,0.069150,0.014710,-0.038273,-0.011563,#
10,-0.059255,0.035923,0.089776,-0.013198,0.141624,-0.022811,0.199114,-0.074692,0.040698,0.057927,1.000000,0.100231,0.021393,-0.075384,-0.089611,0.143320,0.195001,0.026810,0.074350,0.046845,0.063080,0.030324,-0.098029,0.174827,0.031810,0.115404,0.004904,0.106629,0.103682,0.073118,0.042487,0.055449,0.080957,0.072054,0.112543,-0.029327,0.164022,0.028883,-0.124930,-0.030881,0.134996,-0.102176,0.083706,-0.036389,0.080733,0.078231,0.244554,0.068145,-0.040490,0.180337,0.019667,0.155178,0.096167,-0.101367,0.016491,0.250718,0.085834,0.174783,-0.112786,0.093717,0.104907,0.085749,0.193508,0.155119,0.015818,-0.000673,0.254763,-0.087612,0.211217,-0.051737,0.320655,0.156020,0.062004,-0.001737,0.082086,0.206688,-0.063442,0.054000,0.115901,-0.089112,0.109116,-0.080512,0.055607,-0.097362,0.032425,0.043875,0.120673,-0.030962,-0.025851,0.240813,0.051483,0.173017,0.138490,-0.194147,0.005360,0.043224,0.095763,0.244138,-0.025710,0.008501,0.010749,0.022796,0.004691,0.103134,-0.030537,0.105640,0.224189,-0.124416,0.010622,0.078858,0.062493,0.021062,0.212506,0.145022,0.006608,0.140413,0.021222,0.118971,0.038765,-0.031295,0.021300,0.118468,-0.045393,0.023755,0.048648,0.048965,0.101288,0.018787,0.171990,0.099386,0.049006,0.137863,0.031100,0.114117,0.134082,0.226979,-0.043025,0.018526,0.139232,0.187854,0.043000,0.065488,0.075833,0.060013,0.038676,0.195524,0.107224,0.146286,0.061105,0.188722,-0.041986,-0.046265,-0.024328,0.161158,0.161198,-0.035442,0.085160,0.042807,-0.018957,-0.067160,0.010788,-0.032764,0.016493,0.130170,-0.065289,0.051781,0.048638,0.088305,0.116035,0.151554,-0.188047,0.196916,-0.135060,0.004446,0.201011,0.137560,0.015907,-0.029050,-0.015914,0.075006,-0.143836,-0.059215,0.057368,0.088944,-0.147325,0.073435,0.208939,0.109253,-0.054388,0.058168,0.014907,0.038786,0.028949,0.245839,0.035052,-0.034385,0.026706,-0.080440,0.011402,0.149443,#
11,0.107555,0.062082,0.012894,0.096010,0.017754,0.015342,0.083615,-0.084193,0.171243,0.057798,0.100231,1.000000,0.081275,0.096294,0.198921,0.145601,-0.017584,0.137402,0.175871,0.137516,0.050812,0.067374,0.085898,0.064238,0.186229,0.049872,-0.037616,0.048336,0.068625,-0.065067,0.238958,0.239466,0.166105,0.149819,0.079053,0.131044,0.113442,0.196451,0.042047,-0.017961,0.201125,-0.092158,0.128087,0.052996,0.095707,-0.197695,0.122599,0.199597,0.076357,0.117527,-0.153157,-0.088126,0.231881,0.034859,0.090495,0.003205,-0.000105,0.329902,0.046111,0.228046,0.044760,0.049282,0.192287,0.087179,-0.034810,0.040744,0.174406,0.150079,0.109250,0.122731,-0.034537,0.010968,0.122958,0.061875,0.329018,0.167354,0.142095,0.200240,0.018655,-0.021445,-0.108369,0.017049,0.179767,0.101746,0.116262,-0.084959,0.103297,0.092418,0.003521,0.003218,0.104882,0.039499,0.052884,0.140254,-0.137996,0.087015,-0.025102,0.249705,0.051038,0.198243,0.054339,0.148574,0.108976,0.140916,0.122207,0.041456,0.130078,0.157528,0.018635,0.096127,0.065757,0.125627,0.037815,-0.018800,0.101525,-0.031789,0.126561,0.079404,0.033761,0.240616,0.085884,0.047545,0.109943,0.313781,0.046663,-0.025595,0.024720,0.197720,0.312409,0.230542,0.145927,0.148994,0.221920,0.110752,0.136960,0.150752,0.150434,0.182567,0.134287,0.176897,-0.063391,-0.186561,0.141781,0.211950,0.098298,0.130324,0.043911,0.108868,0.015671,-0.053488,0.042484,0.004604,0.087166,0.346084,0.108447,0.009433,0.018518,-0.040295,-0.004381,0.085623,0.199620,0.161258,0.068366,0.178967,0.112617,0.223075,0.219455,0.091405,0.075210,0.155759,0.173595,0.070293,0.174923,0.149305,0.126255,0.096526,0.193955,0.024540,0.126963,0.163121,0.005430,-0.001953,0.187037,0.088086,0.036526,-0.063852,0.161252,0.138315,-0.071107,-0.103544,0.137559,0.214124,0.099197,0.122547,0.132754,-0.047551,-0.046274,0.037778,0.081383,0.100747,#
12,0.197743,0.102861,-0.018597,0.215740,-0.029613,0.148851,-0.009205,0.202265,0.122653,0.157849,0.021393,0.081275,1.000000,0.028426,0.140031,0.022190,-0.013473,0.030644,0.152044,0.052420,0.179975,0.019715,0.107367,0.034328,0.185430,0.245606,0.031254,0.036259,0.011283,0.056962,0.060799,0.028401,0.032284,0.154841,0.321026,0.130026,0.078985,0.147060,0.030565,0.007750,0.020130,-0.084699,0.055363,0.040412,0.269888,0.125580,0.225145,0.176475,0.192796,0.169344,0.197897,-0.112656,0.058289,0.040227,0.131736,0.134324,0.078730,-0.062908,0.150891,0.089412,0.073462,0.141992,0.195096,0.039945,0.005193,0.155034,-0.037899,0.113532,0.256942,0.138465,0.095877,0.085746,0.216093,0.035211,0.066909,0.136406,0.027366,0.141647,0.055206,0.175455,0.194542,0.152993,0.067406,-0.036986,0.013554,0.052925,-0.066014,0.181797,-0.102459,0.028411,0.258755,-0.015818,0.147645,0.218940,0.060585,0.112803,0.056320,0.008203,-0.049033,0.050684,0.030258,0.128061,0.036481,0.068250,0.012769,0.035609,-0.004247,0.235586,0.086036,0.095884,0.131800,0.081615,0.135253,-0.095103,0.069304,0.071536,-0.072232,0.070058,0.126711,0.186154,0.108808,0.210401,0.056305,0.200084,0.154720,0.305328,0.119213,0.102346,0.067751,0.043316,-0.233751,-0.024293,0.105429,0.038100,-0.088646,-0.049084,-0.052770,0.074618,0.052360,-0.042268,-0.046840,-0.203362,-0.108173,0.114049,-0.146616,0.233190,0.093721,0.103989,0.041614,0.071719,0.196421,-0.133962,0.166498,0.004754,0.209715,0.104691,0.128710,0.209415,0.155546,-0.112636,0.086692,0.237616,0.130126,0.039992,0.208638,0.024837,-0.043827,0.170969,0.126692,0.095861,0.136342,-0.053164,0.125268,-0.002980,0.113466,0.077865,0.222093,0.054655,-0.193537,0.020092,-0.006686,0.146631,-0.019878,0.029495,-0.038021,0.034941,0.027222,0.142029,0.133746,-0.006941,-0.073018,0.092110,-0.070522,-0.062707,0.045169,0.027347,0.001586,0.047759,0.101942,0.115930,#
13,-0.256337,0.127858,-0.112282,-0.053329,-0.076913,-0.032628,-0.090474,-0.032281,0.122220,-0.022419,-0.075384,0.096294,0.028426,1.000000,0.067802,-0.034038,-0.122547,0.071364,0.034497,-0.018646,0.027006,0.022562,0.126956,0.041420,0.017757,0.198893,-0.050115,0.018085,-0.028467,0.050130,-0.015446,-0.015005,0.024099,0.080373,-0.138928,0.050342,-0.066175,0.119543,-0.102783,0.013628,0.103168,0.015072,0.156996,-0.179930,0.080662,0.102876,-0.117602,0.096191,0.119040,0.047701,-0.096288,-0.045943,0.035866,-0.058160,0.095719,0.037404,0.124079,0.142717,0.022643,0.039767,-0.080381,0.082483,-0.032636,-0.046943,0.089910,0.042425,0.146377,0.204742,0.165335,0.121762,-0.126461,-0.032294,0.192018,-0.041473,-0.003083,0.064502,0.094652,0.053024,0.158470,-0.057882,-0.165951,0.060661,0.054648,0.163371,-0.130920,0.091565,-0.062735,0.171356,0.125425,-0.043517,0.063480,0.082207,0.125585,0.015720,-0.064600,-0.051206,-0.054634,0.058389,0.019710,0.108505,0.051836,0.060982,0.158040,-0.029282,-0.030144,0.010542,-0.028192,0.037645,-0.162564,0.014495,-0.150856,-0.004045,0.027743,-0.001327,0.144481,-0.054720,0.002054,-0.039134,0.055252,-0.063791,0.100015,-0.048659,0.165218,-0.038670,-0.050993,-0.005617,0.050013,0.046105,0.080234,0.119805,-0.042932,-0.142042,-0.029344,0.112720,-0.050363,-0.021626,0.013355,0.033986,0.218015,0.105512,0.102336,-0.105194,-0.008048,-0.068925,-0.164138,0.090187,0.038942,0.012109,0.100124,-0.156839,0.096747,0.030284,0.057252,0.040179,0.041335,-0.092292,-0.000734,-0.194214,0.009834,-0.038489,0.032432,-0.052289,0.183650,-0.006947,0.064196,-0.021573,0.042137,0.126108,-0.085605,0.062477,-0.013309,0.013718,-0.032858,0.216601,0.091622,0.144563,0.112983,-0.097882,-0.038730,0.027828,0.053925,-0.058199,0.145365,0.018693,-0.135017,0.060569,-0.050518,-0.060557,-0.089379,0.014783,0.162938,0.027752,0.126275,0.043237,0.058921,0.077158,-0.109487,0.228177,0.009137,-0.027876,#
14,0.284529,-0.027877,0.122730,0.038461,0.140219,0.087358,-0.134158,0.085720,0.064669,0.184021,-0.089611,0.198921,0.140031,0.067802,1.000000,0.013803,-0.020555,0.177228,-0.126553,0.240152,-0.114563,0.049898,0.119112,0.218788,0.073329,0.014333,0.093662,0.125054,0.061936,0.040626,0.349947,-0.002575,0.010807,-0.040704,0.227518,0.130121,0.079676,0.053403,0.209988,0.002873,0.039611,0.042578,-0.029826,0.015837,0.063487,0.165794,0.133529,0.048491,0.101128,0.039691,0.019111,0.092147,0.163024,-0.006180,0.093793,0.069925,0.150728,0.060427,0.133050,-0.108923,0.033979,0.004654,0.183092,0.103325,-0.029251,0.126349,0.016253,-0.018409,0.119373,0.060741,0.127995,-0.015836,0.242289,0.224630,0.157815,0.122464,0.026416,0.064471,-0.121965,0.073988,0.019052,0.020485,0.212480,0.155093,0.036050,0.000897,-0.008257,0.124972,0.018213,0.101224,0.197152,-0.012775,0.145280,0.277407,0.116248,0.043351,-0.137957,0.098220,-0.079543,0.095154,-0.029738,0.103409,0.113032,0.075391,0.041276,-0.025663,0.004145,-0.006857,0.141473,0.177792,-0.075171,0.123263,0.207945,0.052965,-0.014916,-0.040081,0.045341,-0.165078,0.161609,0.113395,0.117165,0.069398,0.196382,0.163930,0.095426,-0.045470,0.032851,0.099657,0.081420,0.042569,0.009231,0.151514,0.012577,0.079118,0.023572,-0.094800,0.208796,0.162309,0.060631,0.030791,0.073480,0.086940,0.018363,0.276843,0.077506,0.225264,0.065053,-0.055703,0.095712,-0.044060,0.264120,0.001441,0.221038,0.096628,0.105492,0.002896,0.105827,0.030442,0.006893,0.097622,0.015935,0.058087,0.084370,-0.074258,0.311733,0.225931,0.032295,0.113629,0.097447,0.105555,0.089372,-0.127482,0.042421,0.028912,0.114681,0.075902,0.008476,0.023665,0.128470,0.097656,0.049239,0.058541,0.025569,0.006431,0.049329,0.080562,0.012313,0.143804,0.052047,0.065781,0.123589,0.136662,0.098462,0.046674,-0.079429,-0.104508,-0.033609,0.093085,-0.038966,-0.115284,#
15,-0.050278,0.030380,-0.017885,0.091255,0.174765,-0.026791,0.343061,-0.023928,0.202601,0.178793,0.143320,0.145601,0.022190,-0.034038,0.013803,1.000000,0.117431,0.154464,0.120655,0.110420,-0.015701,0.120447,-0.003629,0.163203,0.167963,0.041974,-0.130517,0.053697,0.058890,-0.118312,0.177974,0.261694,0.154881,0.243612,-0.012044,0.126954,0.061139,0.235225,-0.088779,-0.071381,-0.020393,-0.115185,0.131826,0.106985,0.048916,0.101564,0.116497,0.060414,0.078787,0.129510,0.024190,0.041501,0.022857,0.006328,0.026228,0.067489,0.119052,0.057940,0.019594,0.140064,0.158088,0.220718,0.152309,0.051345,0.142435,0.010934,0.125713,0.138896,0.026941,0.031768,0.113077,0.034499,-0.090000,0.162282,0.116601,0.067467,0.061820,0.032488,0.178320,-0.040967,-0.091643,0.028365,0.098422,0.163120,0.167824,0.027295,-0.091949,0.121667,0.024275,-0.090520,-0.009175,0.095957,0.144805,0.116488,-0.025364,0.070067,0.068727,0.225871,0.116500,0.126760,-0.011005,0.198325,0.048094,0.202612,0.114702,-0.073705,-0.054787,0.052478,0.030795,0.228099,-0.038479,-0.061128,0.190727,0.069364,0.199796,0.020996,-0.081047,-0.055870,0.019527,0.288229,-0.074057,0.261542,0.087504,0.090933,0.002317,0.055643,0.028239,0.028271,0.167573,0.188592,0.200138,0.085053,-0.025781,-0.042173,0.149594,0.162513,0.173117,0.026752,-0.077085,0.088905,0.003596,-0.044963,0.028872,0.035139,0.127079,0.218440,-0.019008,0.096326,0.059006,0.019849,0.110198,0.293963,0.078691,0.169136,0.090393,0.074945,0.024684,-0.090619,0.126430,0.057189,0.038195,0.092763,0.147142,0.238979,0.023256,0.044618,0.062169,-0.066384,0.079435,0.090734,-0.094110,0.135339,-0.107757,0.223285,0.085688,0.186503,0.126476,0.031917,0.144912,0.130860,0.102292,0.030542,0.068356,0.129319,0.201335,-0.084521,-0.050658,0.017632,0.035972,0.070302,-0.033115,0.232116,-0.019847,0.069910,-0.027338,0.008481,0.029468,-0.079448,0.183382,0.113766,#
16,0.065477,0.152832,0.112400,0.178359,-0.065110,0.032700,0.191647,0.017875,0.042454,0.001561,0.195001,-0.017584,-0.013473,-0.122547,-0.020555,0.117431,1.000000,0.071246,0.258685,0.171982,0.268515,-0.234301,0.033965,0.056941,0.124277,0.095948,0.020907,0.066379,-0.076877,0.031447,0.092683,0.228203,-0.004904,-0.070860,0.084580,0.107610,0.150776,0.227202,0.086822,0.121837,0.058040,-0.030815,0.087630,0.049019,0.029751,0.017380,0.127136,0.074749,-0.010510,0.165262,-0.017181,0.112008,0.064502,-0.000105,0.015998,0.123609,-0.072079,0.079087,0.011252,-0.045680,0.181890,0.132743,0.102295,-0.055849,0.035147,0.082601,0.146500,0.130116,0.091250,0.006422,0.151934,0.020390,0.026782,0.049433,0.052202,-0.019014,-0.039212,0.048696,-0.039654,0.133360,0.294571,0.087907,0.190640,0.045325,0.113792,0.120319,0.027428,-0.041994,-0.064868,0.085218,-0.170891,0.108766,0.148822,-0.209636,0.095460,0.091662,-0.005117,0.142332,0.042115,0.153292,0.056027,0.136984,0.022387,0.161822,0.075335,-0.009735,0.062387,0.013796,0.310217,0.064271,0.038953,0.046113,0.122175,0.110637,0.182351,0.112253,0.230643,0.012468,0.024250,-0.099348,-0.072270,-0.003603,0.033310,-0.014189,0.179408,-0.048980,-0.011165,-0.055714,0.109611,0.010463,0.166905,0.081432,0.013231,0.112686,0.014490,0.155085,0.154573,0.005775,0.051807,-0.151541,-0.053176,0.043956,0.040759,-0.098289,-0.059570,0.035109,0.267034,0.193370,0.060839,-0.018397,-0.045727,0.017802,-0.189461,0.104175,0.181479,-0.002340,-0.003844,-0.057734,-0.090017,0.031957,0.188802,-0.034488,0.128529,-0.031759,0.147539,0.023549,0.030229,0.080976,0.036631,0.097277,-0.192334,0.170352,0.050267,0.176122,0.043469,0.029986,0.052162,0.258699,0.137452,0.115002,0.050055,-0.054264,-0.071622,0.248737,-0.205436,-0.121723,0.109698,0.016429,0.201738,0.109605,0.081513,0.128992,0.024772,0.081827,0.158032,0.198827,0.132216,-0.037375,-0.017754,0.136893,#
17,0.080482,0.044740,0.113400,-0.010322,0.069644,0.074061,0.203947,0.153025,0.039719,0.194746,0.026810,0.137402,0.030644,0.071364,0.177228,0.154464,0.071246,1.000000,0.118571,0.183688,-0.010748,0.080450,0.077998,-0.160142,0.204848,0.072141,-0.061443,0.121032,0.010021,-0.012544,0.064823,0.221253,-0.031328,-0.047954,-0.039598,-0.115581,-0.000790,0.225170,0.231710,0.147122,0.135063,0.127767,0.054234,0.086254,0.117436,0.217794,0.100183,0.220747,0.034895,0.139123,-0.004917,-0.119585,0.128854,0.043881,0.132399,0.043609,0.165348,-0.004814,0.021508,0.107479,0.107328,-0.021203,0.270990,-0.035591,-0.023617,0.058660,0.316237,0.019140,0.040516,-0.011000,0.171737,-0.023694,-0.058119,0.250729,0.220897,-0.095207,-0.044954,0.178084,0.235239,0.020540,0.000336,0.151901,0.128308,0.280277,0.001330,-0.057327,0.137247,0.112010,-0.057564,0.083105,0.076692,-0.039275,0.169843,0.139231,0.247910,0.114912,-0.061349,0.067859,0.177597,0.223200,0.014110,0.095078,0.007713,-0.088742,-0.020632,0.147747,-0.137500,0.046144,0.036883,0.196851,0.105278,-0.068651,0.305288,0.061715,0.273301,0.004207,-0.090461,0.016221,0.192312,0.237843,0.066782,0.137661,0.071030,-0.033696,-0.026693,-0.010550,-0.048575,0.095613,0.221143,-0.019886,0.071705,0.202944,0.149517,0.008250,0.050110,-0.011086,0.224295,0.106518,-0.058815,0.214819,0.098049,0.028835,0.167822,0.113120,0.165570,0.045293,-0.129823,-0.064333,0.111829,0.021526,0.108875,0.069671,0.024540,0.156162,0.027168,0.083796,0.143270,-0.110082,0.087169,0.076911,0.059905,0.109015,0.246111,0.031077,-0.023511,-0.149140,-0.057840,-0.038511,0.017633,-0.006730,-0.002781,0.056976,0.109028,-0.003464,0.145490,0.047518,0.135659,0.119644,0.162001,0.231050,0.003730,0.061634,0.049451,0.223824,0.006107,-0.109101,0.147406,0.199023,-0.001569,-0.018596,0.117909,0.133629,-0.059027,0.037602,-0.067500,0.146719,0.000157,-0.092349,0.091320,-0.153679,#
18,-0.011805,0.127559,0.065699,0.042561,-0.115266,0.132952,0.042886,0.049553,-0.123025,-0.147905,0.074350,0.175871,0.152044,0.034497,-0.126553,0.120655,0.258685,0.118571,1.000000,0.056845,0.036626,0.187255,0.004422,0.003016,-0.025215,0.130944,-0.016214,-0.023430,-0.007682,0.031771,-0.110861,0.226728,0.088336,0.180292,0.040474,0.149065,-0.051374,0.275885,0.044514,0.036414,0.128152,-0.010025,0.171566,-0.144481,0.074604,0.048104,0.144058,0.204153,0.103780,0.018052,-0.122886,-0.031813,0.110802,-0.054371,0.088475,0.101232,-0.030128,-0.048558,0.071456,0.175754,0.099520,0.034489,0.036336,-0.041272,0.063064,-0.072454,0.104549,-0.133449,-0.060813,0.081753,0.004469,-0.017960,0.022923,-0.018142,0.171474,-0.093621,-0.087385,0.045691,-0.108879,-0.054360,-0.019791,-0.082025,0.195948,-0.005414,0.161499,0.205131,-0.260872,0.078053,0.004420,-0.029127,0.056255,-0.031788,0.116549,0.028047,0.043536,0.041041,0.074803,0.074736,0.019663,0.083192,0.044954,0.036574,0.030517,0.029375,0.056938,0.117244,0.000634,0.172340,0.092410,0.136730,0.124491,-0.038087,0.049273,-0.030399,0.027220,-0.004235,0.005926,-0.001203,0.129455,0.141064,0.133952,-0.054812,-0.034128,0.080371,0.184370,-0.054311,0.177149,0.029571,0.200932,-0.013333,-0.007352,0.172591,0.078993,0.018873,-0.055417,0.067058,0.095536,0.032592,-0.005557,-0.008746,-0.138742,-0.017857,-0.048670,0.023797,0.060094,0.009773,0.041794,0.077364,0.123382,-0.029315,0.079317,-0.133742,0.142406,0.114931,0.117288,0.219090,0.020195,-0.079238,-0.159137,-0.072149,0.127581,0.071911,0.284873,0.000989,0.016671,-0.088122,0.129954,-0.043975,-0.100181,0.069542,0.037434,0.006819,0.104491,0.250512,0.072744,0.008059,-0.042635,0.082905,0.051630,0.074539,0.042481,0.027958,-0.078586,0.058462,-0.044429,-0.057607,0.035922,0.044049,-0.121396,0.057982,0.004175,0.255800,-0.010620,0.143268,0.129006,0.060435,0.005710,0.140938,-0.004036,0.171589,#
19,0.219102,0.201916,0.245148,0.078335,0.186999,0.276229,0.056284,0.202937,0.164820,0.007709,0.046845,0.137516,0.052420,-0.018646,0.240152,0.110420,0.171982,0.183688,0.056845,1.000000,0.106028,0.008890,-0.023276,0.061969,0.238644,0.097697,0.059629,0.152165,-0.054253,0.015342,0.157423,0.195383,0.269129,0.100066,0.177401,0.188235,0.109305,0.184751,0.129648,0.129646,0.189164,0.210942,0.137505,0.121950,-0.049858,0.264313,0.261455,0.148166,0.145240,0.329652,0.069156,-0.018198,0.220550,0.220312,0.071910,0.081113,0.188019,0.014051,0.039879,0.066350,0.030971,-0.052351,0.224305,0.121442,0.084558,0.098151,0.242547,0.079938,0.250337,0.086306,0.194854,0.101103,0.168542,0.104694,-0.011144,0.090980,-0.040041,0.137025,0.094660,0.009081,0.278865,-0.009248,0.283152,0.087646,0.171294,-0.005763,0.062125,0.103038,0.130773,0.150044,0.055198,0.092456,-0.034811,0.167776,0.072901,-0.014001,0.103772,0.304195,0.120471,0.197801,0.034628,0.116839,0.079466,0.156886,0.139448,-0.018331,0.130439,-0.028595,0.054275,0.005644,0.158986,0.058121,0.171418,0.027491,0.076235,0.098845,0.152394,0.082005,0.274347,0.007274,0.274897,0.084784,0.116436,0.237064,0.092589,0.147312,-0.002131,0.189389,0.305266,0.150543,0.191287,0.329716,0.160351,0.201128,0.063503,0.192066,0.020031,0.151176,0.121866,-0.061052,0.029010,0.057585,-0.086640,-0.014490,0.088215,0.027105,-0.004841,0.017204,0.197869,0.206081,0.064632,0.084215,0.098677,0.124139,0.236150,0.035998,0.231949,0.033267,0.183212,0.146192,0.076983,0.225380,0.093495,0.234613,0.180012,0.160792,0.113995,0.186305,0.004409,0.031099,-0.041670,0.176555,0.247680,0.252078,0.196845,-0.039954,0.125337,0.166610,0.172194,0.089928,0.036649,0.201917,0.209015,0.200897,0.007206,0.020290,-0.125051,0.130161,0.093732,0.155297,0.163430,0.158801,-0.017552,0.110635,0.196087,0.041081,0.089558,-0.093921,0.130599,0.011038,#
20,-0.081845,0.246575,0.028872,0.173784,0.085385,0.040791,0.011920,0.167511,0.217598,0.028710,0.063080,0.050812,0.179975,0.027006,-0.114563,-0.015701,0.268515,-0.010748,0.036626,0.106028,1.000000,0.049117,0.074903,0.219288,0.171093,0.219986,-0.117026,0.103982,0.045024,-0.172359,0.116702,0.151770,0.174661,0.199988,0.005037,0.187158,-0.060416,0.082017,0.092336,0.128558,0.077413,0.066303,0.046969,-0.070662,0.178174,-0.063329,0.148767,0.158943,0.020205,0.137580,0.092405,0.176831,0.068592,0.031034,0.194111,-0.122928,-0.240348,-0.019762,0.050269,0.007618,0.123933,0.017291,0.190099,0.071696,-0.051774,0.227825,0.152017,0.036886,0.047458,0.021274,0.079556,0.113501,0.208649,0.052275,-0.079377,-0.082364,0.038593,0.044014,0.197469,0.090886,0.089332,0.070355,0.162116,-0.100044,-0.027419,0.088460,0.040591,0.220992,0.041010,0.168820,0.127734,0.059572,0.083803,0.017666,0.039264,0.160616,0.074916,0.018828,0.085673,0.136933,0.168314,0.138941,0.008672,0.196237,0.076448,0.113251,0.250953,-0.038649,0.069623,0.186404,-0.036404,0.134695,-0.036917,-0.035792,0.184041,0.053943,0.126072,0.032553,-0.073032,-0.024215,0.133123,0.127176,0.041704,0.164757,0.055443,0.089901,0.006320,-0.005150,0.086328,0.167280,0.102589,0.080168,0.205370,0.107920,0.006923,0.133746,-0.041230,0.220989,0.120778,0.070823,0.045822,-0.025607,0.062205,-0.040538,0.038062,-0.048824,0.070561,0.172399,-0.022871,0.085181,0.056865,0.106012,-0.015926,0.122731,0.032759,0.051911,0.070088,0.215569,0.118401,-0.025166,0.141131,0.085830,0.136894,0.069503,0.083635,-0.010409,-0.047574,0.194950,-0.062958,-0.137134,0.090641,-0.044440,0.045351,0.083214,0.062485,-0.005651,0.063006,0.140277,0.000926,0.121444,0.070259,-0.008832,-0.000267,0.112991,-0.040213,0.090972,0.089070,0.012539,0.116354,0.101159,0.099949,0.230762,0.309364,0.077185,0.272866,0.114966,0.088778,0.094090,0.065009,0.157951,#
