0,1.000000,0.060503,0.218293,0.100427,0.283598,0.097346,0.072178,-0.030157,0.211903,0.191131,0.212576,0.075408,0.097047,0.051622,0.265320,0.097772,0.117347,0.259521,0.251505,0.308648,0.260757,0.235815,0.194333,0.285084,0.204592,0.105802,0.176864,0.021987,0.263559,0.311974,0.031617,0.115629,0.132017,0.166541,0.043805,0.113304,0.135422,0.144969,0.323270,0.263882,0.220021,0.142155,0.184531,0.161481,0.001009,0.201905,0.173258,0.276562,0.215505,0.253381,0.173266,0.015630,0.087610,0.190414,0.174626,0.280539,0.280292,0.200579,0.034250,0.084592,0.255556,0.023697,0.193397,0.040622,0.104264,0.123092,0.092326,0.171557,0.258395,0.158712,0.244137,0.118718,0.265691,0.220355,0.095130,-0.054652,0.187414,0.235061,0.070786,0.074876,0.128801,0.147654,0.155843,0.190241,0.343069,0.043216,0.165013,0.152978,0.264730,0.103817,0.106632,0.132945,0.126243,0.219510,0.318018,0.172202,0.333491,0.089013,0.162253,0.244776,0.228697,0.227469,0.107990,0.193622,0.198561,0.218780,0.235258,0.120308,0.103116,-0.111579,0.019142,0.174117,0.113310,0.230945,0.036793,0.109318,0.197430,0.174948,0.148951,0.095509,0.299929,0.226741,0.132953,0.144676,0.119832,0.247780,0.106776,0.042530,0.158086,0.261343,0.267717,0.139261,0.277347,0.077708,0.150826,0.028118,0.352734,0.117684,0.092303,0.276403,0.302759,0.160620,0.116427,0.210607,0.141105,0.237218,0.163040,0.128559,0.283852,0.124678,0.030393,0.060953,0.241073,0.163280,0.260378,0.148612,0.050187,0.070564,0.157593,0.255296,0.130318,0.244529,0.090076,0.045048,0.217178,0.048930,0.097682,0.222356,0.158784,0.121073,0.320423,-0.070199,0.211823,0.136538,0.017396,0.251386,0.301198,0.206539,0.167827,0.092781,0.148412,0.214864,0.074469,0.064275,0.156489,0.146673,0.361042,0.314226,0.285931,0.139803,0.115662,0.169700,0.111133,0.073362,0.277994,0.044077,0.045409,0.214809,0.407665,0.254821,#
1,0.060503,1.000000,0.200969,0.190400,0.221388,0.161850,0.289211,0.086409,0.244082,0.061944,0.339075,0.253786,0.185338,0.227594,0.096382,-0.017542,0.155088,0.166990,0.111544,0.181901,0.179664,0.251942,0.047989,0.210546,0.204772,0.221453,0.261757,0.279428,-0.029810,0.235734,0.207606,0.186382,0.081745,0.178008,-0.052007,0.135981,0.163855,0.121734,0.327193,0.101870,0.034559,0.080464,0.295093,0.177493,0.194542,0.256476,0.371233,0.264104,0.049492,0.028607,0.202982,0.135853,0.326262,0.152746,0.031573,0.191741,0.231763,0.145833,0.184468,0.104170,0.174757,0.170428,0.257891,0.060109,0.113977,0.175228,-0.016814,0.163571,0.238961,0.281927,0.066099,0.105709,0.285258,0.087656,0.209382,0.101860,0.153295,0.208594,0.278866,0.119991,0.225746,0.270857,0.181396,0.211805,0.257238,-0.163671,0.236930,0.141455,0.184105,0.239903,0.201492,0.207212,0.118436,0.223604,0.136720,0.159459,0.111829,0.046868,0.089440,0.110619,0.228648,0.107378,0.164707,0.199594,0.125258,0.236159,0.323190,0.295808,0.090959,0.196819,0.323550,0.185852,0.082667,0.163569,0.230610,0.269530,0.188385,0.202362,0.127373,0.164114,0.070679,0.190405,0.227535,0.191030,0.142941,0.139741,0.125946,0.138860,0.119687,0.193557,0.181454,0.200455,0.151242,0.211686,0.324730,0.323697,0.180074,0.305725,0.167318,0.290914,0.165093,0.072244,0.225715,0.175893,0.220339,0.182586,0.104195,0.073706,0.220619,0.124592,0.056091,0.117175,0.076041,-0.009810,0.337652,0.156813,0.096790,0.052332,0.019509,0.027922,0.051592,0.294117,0.225302,0.199047,0.232637,0.077775,0.050955,0.146511,0.192161,0.308777,0.163993,0.182838,0.160148,0.108807,0.086448,0.173803,0.043210,0.324439,0.251327,0.110916,0.120261,0.177023,0.209536,0.059634,0.163517,0.161029,0.130338,0.143479,0.146148,0.215261,0.316261,0.097369,0.057554,0.193481,0.195041,0.206467,-0.014988,0.163925,0.124548,0.183361,#
2,0.218293,0.200969,1.000000,0.228031,0.210021,0.030085,0.214808,0.219460,0.136077,0.125194,0.267625,0.341939,0.192637,0.347843,0.059775,0.228444,0.131084,0.089719,0.192711,0.214705,0.306065,0.374449,0.017473,0.160594,0.290973,0.289941,0.277579,0.201059,0.119686,0.313626,0.027282,0.078457,0.087038,0.061663,0.033948,0.235308,0.175115,0.007760,0.111026,0.133196,0.266292,0.234296,0.325713,0.087097,0.066199,0.258277,0.160313,0.250643,0.065707,0.217175,0.327682,0.244742,0.245288,0.176112,-0.005499,0.198626,0.128927,0.168515,0.182989,0.214450,0.209901,0.124163,0.213302,0.251690,0.266402,0.239972,0.152850,0.085596,0.316506,0.317814,0.046589,0.113556,0.149527,0.181669,0.248817,0.152113,0.208726,0.253401,0.182251,0.028805,0.336620,0.060716,0.027438,0.187180,0.226988,0.038826,0.312755,0.268053,0.079073,0.161579,0.031014,0.260557,0.278156,0.195606,0.181585,0.293118,0.313800,0.122135,0.246305,0.139937,0.267551,0.119453,0.137633,0.233554,0.120502,0.178730,0.163835,0.118422,0.141436,0.250915,0.141332,0.204052,0.176943,0.159620,0.169108,0.321538,0.210257,0.215872,-0.059832,0.029407,0.175229,0.228350,0.136299,0.120812,0.232840,0.133764,0.276612,0.211985,0.181367,0.134948,0.231016,0.126649,0.154366,0.125178,0.342575,0.241300,0.276519,0.233072,0.067018,0.127675,0.122454,0.117454,0.262713,0.182904,0.281618,0.223981,-0.037711,0.152124,0.328922,0.076598,0.108702,0.311119,0.173176,0.175973,0.194014,0.094594,0.110750,0.086801,0.162859,0.259671,0.227547,0.358415,0.125900,0.336344,0.139553,0.127314,0.148848,0.165361,0.050234,0.163284,0.047804,0.294406,0.101571,0.083053,0.218247,0.082679,0.283116,0.173365,0.087237,0.247874,0.293663,0.110687,-0.024680,0.391882,0.023408,0.200300,0.157003,0.150474,0.273872,0.060568,0.086260,0.233539,0.353444,-0.022048,0.162351,0.070933,0.011972,0.163094,0.340392,0.226453,#
3,0.100427,0.190400,0.228031,1.000000,0.270075,0.178650,0.288760,0.105772,0.220331,0.111744,0.243323,0.275367,0.138332,0.202006,0.101452,0.098904,0.188218,0.235927,0.174173,0.190596,0.281884,0.229685,0.070548,0.333348,0.221738,0.167140,0.136011,0.108104,0.192111,0.272630,0.196610,0.219593,0.341590,0.268921,-0.076873,0.188189,0.360003,0.347824,0.358115,0.072613,0.259165,0.311419,0.220666,0.410950,0.076972,0.281505,0.289850,0.282528,0.050277,0.244840,0.286003,0.222374,0.297950,0.012010,0.004147,0.323003,0.162839,0.113151,0.100092,0.237436,0.204209,0.073448,0.251147,0.121666,0.308595,0.292743,0.159447,0.190495,0.140673,0.292077,0.143504,0.105220,0.284378,0.145862,0.238705,0.374023,0.215366,0.209713,0.270446,0.068929,0.349030,0.278636,0.148822,0.139123,0.317895,0.112651,0.214656,0.124978,0.237453,0.208460,0.200682,0.249326,0.248293,0.302530,0.180033,0.254221,0.271721,0.103591,0.277958,0.236839,0.282867,0.076321,0.271374,0.199783,0.256229,0.209701,0.215326,0.117320,0.126703,0.159768,0.118949,0.231179,0.242635,0.186648,0.064435,0.098962,0.305593,0.135622,0.083912,0.173869,0.262514,0.152398,0.165919,0.363421,0.185222,0.062427,0.249698,0.208891,0.159559,0.286388,0.310764,0.283571,0.269075,0.299275,0.284855,0.179260,0.210094,0.220914,0.319054,0.186018,0.214878,0.267959,0.251563,0.192108,0.150694,0.156259,0.222639,0.310166,0.218763,0.218231,0.059401,0.176256,0.142027,0.205444,0.301785,0.048937,0.016903,0.213117,0.152881,0.336554,0.247468,0.271272,0.350357,0.321196,0.171592,0.126525,0.123312,0.206484,0.035747,0.166255,0.225712,0.115249,0.137762,0.012806,0.042035,0.280563,0.235589,0.282991,0.155888,0.168492,0.163467,0.308517,0.306347,0.151836,-0.018076,0.185194,0.181805,0.156537,0.125495,0.161676,0.087618,0.222877,0.323790,0.001237,0.139499,0.292022,0.269261,0.218740,0.232431,0.155336,#
4,0.283598,0.221388,0.210021,0.270075,1.000000,0.297835,0.102085,0.051745,0.328174,0.127505,0.178423,0.062372,0.251566,0.188003,0.154307,0.194107,0.116815,0.266471,0.255972,0.397593,0.342402,0.193590,0.196668,0.346958,0.160606,0.309187,0.072084,0.091220,0.211677,0.137766,0.062998,0.125574,0.169533,0.102323,0.065618,0.273153,0.339149,0.163285,0.122250,0.108723,0.324194,0.410699,0.223758,0.079542,0.297966,0.154269,0.372959,0.208235,0.229170,0.313287,0.171751,0.159189,0.152143,0.170456,0.218468,0.375091,0.241859,0.174290,0.294036,0.145576,0.282276,0.236493,0.138749,0.028543,0.208722,0.110456,0.305053,0.132228,0.190243,0.195895,0.160861,0.202910,0.272114,0.256484,0.136052,0.015453,0.106878,0.329567,0.279394,0.036844,0.395188,0.242113,0.088315,0.066412,0.410540,0.063045,0.170395,0.226051,0.243581,0.299400,0.225636,0.179186,0.154850,0.229924,0.170698,0.357705,0.214843,0.214892,0.171618,0.128901,0.164641,-0.011020,0.278641,0.285462,0.211903,0.157992,0.100242,0.237827,0.096990,0.142641,0.362272,0.205189,0.305234,0.446631,0.271229,0.072134,0.192990,0.038996,0.076682,-0.021761,0.182614,0.262000,0.212418,0.096019,0.315755,0.083398,0.285734,0.114322,0.186321,0.144832,0.285948,0.120368,0.268559,0.183085,0.300743,0.241436,0.310740,0.131212,0.179993,0.221870,0.318114,0.072558,0.247356,0.195681,0.216605,0.341917,0.074441,0.230867,0.267576,0.118397,0.160791,0.088704,0.196954,0.352226,0.303249,0.102744,0.314917,0.160402,0.090756,0.239498,0.233623,0.163523,0.154779,0.269385,0.094398,0.280080,0.064955,0.101362,0.087351,0.209047,0.152247,0.145461,0.258319,0.154579,0.201800,0.232740,0.255038,0.293807,0.190560,0.148061,0.083192,0.077297,0.286291,0.172073,0.091229,0.159505,0.122939,0.331570,0.263982,0.205654,0.206640,0.160535,0.190784,0.014310,0.167355,0.216334,0.162859,0.339442,0.282734,0.282886,#
5,0.097346,0.161850,0.030085,0.178650,0.297835,1.000000,0.204813,0.074625,0.239854,0.287140,0.208330,0.100658,0.213478,0.152392,0.157018,0.017091,0.143166,0.169421,0.141135,0.083043,0.294185,0.141500,0.072627,0.206493,0.150945,0.165492,0.113528,0.207423,0.193731,0.139063,0.044637,0.214688,0.279609,0.164594,0.020325,0.101992,0.283323,0.085910,0.157627,0.259333,0.141295,0.276972,0.093994,0.154494,-0.005656,0.191639,0.144717,0.061779,0.128603,0.243063,0.066304,0.146076,0.113239,-0.038753,0.113177,0.268778,0.018968,0.079627,0.228966,0.043913,0.152726,0.069954,0.172783,-0.024188,0.136980,0.201334,0.210675,0.076624,0.162986,0.122752,0.166108,0.170766,0.248366,0.323270,0.045557,0.059250,0.179449,0.129098,0.172081,0.143229,0.126849,0.268293,0.252646,-0.084793,0.168139,-0.003058,0.070626,0.133252,0.230920,0.095963,0.078450,0.202683,0.123283,0.243466,0.120039,0.252904,0.134235,0.078816,0.163172,-0.033494,0.161649,0.166636,0.116531,0.101936,0.144914,0.133570,0.074056,0.161589,0.083368,0.090145,0.342967,0.131289,0.199112,0.183161,0.084179,0.077535,0.228659,0.193884,0.145160,0.049079,0.000724,0.195569,0.131134,0.207437,0.091535,0.118206,-0.105908,0.057653,0.350392,0.230690,0.251828,0.214051,0.267333,0.116236,0.318473,0.289630,0.141017,0.115699,-0.033017,0.087750,0.224493,0.078028,0.170860,0.255165,0.140701,0.201166,0.117763,0.149674,-0.027251,0.163858,0.214065,-0.062911,0.179935,0.299933,0.228266,0.214348,0.164141,0.068179,0.252119,0.144966,0.184505,0.239811,0.068670,0.133052,0.061376,0.039485,0.076417,0.143833,0.248183,0.232181,0.155779,0.092213,0.193533,0.055550,-0.000304,0.258770,0.245923,0.149808,0.286359,-0.023671,0.061219,0.076345,0.373797,0.132178,0.041918,0.208979,0.255387,0.109693,0.180669,0.149404,0.089676,0.112211,0.235862,0.136303,0.316523,0.074850,0.068863,0.285745,0.056133,0.258415,#
6,0.072178,0.289211,0.214808,0.288760,0.102085,0.204813,1.000000,0.132225,0.215388,0.085173,0.227203,0.186268,0.009592,0.194343,0.071745,0.120638,0.146783,0.145449,0.235382,0.136722,0.197548,0.132112,-0.056626,0.074240,0.065538,0.183998,0.067402,0.122486,0.167227,0.180451,0.059098,0.218148,0.123843,0.184862,-0.108539,0.004535,0.067930,0.153685,0.151727,0.189999,0.143167,0.067129,0.037064,0.183661,0.042374,0.157511,0.193694,0.264411,0.112207,0.191303,0.133132,0.111643,0.232799,0.136350,-0.132638,0.105918,0.076582,0.178296,0.300567,0.296892,0.187035,0.110693,0.124884,0.134742,0.172188,0.398207,0.173149,0.238262,0.178358,0.149316,0.059810,0.149699,0.225751,0.121884,0.242684,0.187570,0.179737,0.246261,0.286321,0.082932,0.146910,0.088280,0.314465,0.090433,0.240011,0.039635,0.085612,0.200149,0.124882,0.183674,0.163550,0.138391,0.121324,0.185913,0.116416,0.135678,0.141284,0.076751,0.222936,0.182219,0.233797,0.250125,0.205518,0.060632,-0.158553,0.255019,0.131007,0.096527,0.182764,0.140510,0.182762,0.203820,0.125472,-0.006470,0.086339,0.232302,0.279115,0.085562,0.185730,0.113157,0.166153,0.239829,0.000542,0.077308,0.118232,-0.003234,-0.009398,0.238245,0.101537,0.258052,0.169048,0.098668,0.206150,0.041491,0.275567,0.206351,0.089712,0.310654,0.130500,0.191042,0.119672,0.038920,0.040496,0.299879,0.001436,0.141752,0.124258,-0.002487,0.186790,-0.146603,0.199051,-0.023597,0.196887,0.017745,0.336290,0.028024,0.029621,0.192743,0.169601,0.042487,0.056954,0.292956,0.236522,0.246914,0.221992,0.158001,0.054313,0.185724,0.130728,0.253905,-0.051765,0.018439,0.187889,0.089266,0.079258,0.176665,0.082550,0.276048,0.296553,-0.013806,0.026849,0.137068,0.202066,0.306099,0.254268,0.196740,0.102782,0.165820,0.198935,0.317250,0.111743,0.106582,0.199864,0.150087,0.051379,0.081570,0.088165,0.170155,0.126042,0.278127,#
7,-0.030157,0.086409,0.219460,0.105772,0.051745,0.074625,0.132225,1.000000,0.109243,0.183016,0.248680,0.368819,0.006627,0.204202,0.194339,0.096350,0.082263,0.324559,0.056088,0.192920,0.196507,0.252076,0.103700,0.040797,0.209400,0.045536,0.213110,0.291052,0.027105,0.260922,0.141890,0.027840,0.167373,0.046658,-0.022996,0.149828,-0.063233,0.014611,0.156128,0.095320,0.140688,0.182515,0.130879,0.153369,0.140942,0.229390,0.065686,0.201285,0.186088,0.146435,0.149125,0.067370,0.098564,0.179865,0.047743,0.125841,0.215851,0.210590,0.132180,0.100580,0.227260,0.062418,0.208345,0.150717,0.246073,0.183886,0.169236,-0.043966,0.151679,0.241894,0.172221,0.012855,0.262273,0.160298,0.024705,0.161655,0.056964,0.244769,0.170931,0.254376,0.233578,0.086716,0.218017,0.101244,0.241566,0.031409,0.099389,0.039285,0.199743,0.205257,0.092167,0.112171,0.162858,0.233751,0.026089,0.054597,0.045477,0.188815,0.017111,0.071151,0.165916,0.052488,0.174272,0.063762,-0.046848,0.242427,0.373816,0.068502,0.082578,0.166189,-0.031038,0.055446,0.097379,0.160273,0.264998,0.243469,-0.019954,0.063993,0.068441,0.225349,0.135602,0.203112,0.100695,0.153062,0.229996,0.088469,0.116512,0.171897,0.108290,0.072604,0.145043,0.149348,0.215486,0.102163,0.347553,0.176766,0.051787,0.409001,0.023244,0.208606,0.267468,0.069966,0.010656,0.088127,0.147469,0.054387,0.198089,0.200023,0.112638,0.119769,0.154568,0.218436,0.075936,0.048704,0.011534,0.108972,0.196183,0.114734,0.210549,0.203136,0.086256,0.221844,0.193926,0.114824,0.046019,0.175877,0.246939,0.167007,0.092691,0.128653,0.121077,0.086499,0.144133,0.071935,0.109168,0.090950,0.093430,0.156281,0.029272,0.166564,0.138675,0.120462,0.142209,0.256138,-0.253459,0.116657,0.049591,0.019764,0.171041,0.266823,0.241798,0.005578,0.283226,0.092786,0.102488,0.137029,0.036760,0.061949,0.226685,0.089078,#
8,0.211903,0.244082,0.136077,0.220331,0.328174,0.239854,0.215388,0.109243,1.000000,0.169283,0.240711,0.207819,0.151928,0.126006,0.265141,0.101292,0.067336,0.158858,0.124330,0.215412,0.261562,0.172035,0.064216,0.340818,0.135823,0.159300,0.095815,0.152432,0.006983,0.166660,0.025316,0.204756,0.056892,0.135348,0.038584,0.209384,0.281704,0.089087,0.173342,0.176141,0.183288,0.192324,0.028309,0.125992,0.291792,0.258735,0.127305,0.183977,0.103949,0.141127,0.079013,0.289384,0.101489,0.331814,0.102313,0.304159,0.117345,0.268821,0.113130,0.257649,0.194152,0.089494,0.288051,-0.069918,0.289449,0.340572,0.161455,0.121965,0.376458,0.192762,0.037654,0.118217,0.310385,0.077316,0.114987,0.068542,0.103411,0.211599,0.138885,0.066513,0.215776,0.274594,0.246517,0.080225,0.355607,0.085057,0.151805,0.181482,0.239649,0.281080,0.144992,0.303799,0.197241,0.092568,0.389942,0.330273,0.184584,0.117469,0.222499,0.068193,0.184568,0.055523,0.177181,0.135433,0.245180,0.216636,0.305461,0.133709,0.000049,0.150050,0.112731,0.169099,-0.020833,0.262748,0.109241,0.286683,0.183097,0.151791,0.070935,0.254137,0.257012,0.169099,0.134960,0.140635,0.223982,0.236314,0.121908,0.287631,0.069832,0.204861,0.189439,0.028791,0.235269,0.112428,0.284561,0.210140,0.171078,0.289088,0.297440,0.146461,0.261117,0.142938,0.144648,0.086341,0.080526,0.106722,0.136142,0.274877,0.093912,0.179535,0.241860,0.018158,0.180895,0.196189,0.357537,0.236908,0.151478,0.231023,0.113416,0.220280,0.057659,0.184923,0.070394,0.159222,0.204268,0.100458,0.217677,0.163071,0.144510,0.142299,0.207494,0.059668,0.070131,0.093580,0.020243,0.267179,0.106899,0.299853,0.256297,0.125536,0.148778,0.173480,0.054818,0.166900,0.047381,0.207376,-0.045272,0.034222,0.328894,0.305620,0.196446,0.124024,0.189404,0.046984,0.236917,0.041067,0.156786,-0.029684,0.096261,0.138572,#
9,0.191131,0.061944,0.125194,0.111744,0.127505,0.287140,0.085173,0.183016,0.169283,1.000000,0.327137,0.059610,0.006378,0.151453,0.155152,0.146949,0.101575,0.065706,-0.082116,0.271192,0.085653,0.114082,0.100736,0.034520,0.010851,0.015136,0.281421,0.117288,0.077732,0.130179,0.251812,0.147815,0.055034,0.166443,0.157086,0.177129,0.058625,0.214582,0.123840,0.009506,0.199502,0.268323,0.119051,-0.055882,0.052259,0.199948,0.082114,0.151600,0.031883,0.063131,0.088658,0.254785,0.153004,0.119734,0.085272,0.229159,0.196316,0.193725,0.115258,-0.004745,0.182325,0.073695,0.321757,0.087967,0.234353,0.170567,-0.028275,-0.014224,0.141611,0.046549,0.153300,0.175782,0.161970,0.147407,0.122525,0.112613,0.077307,0.145859,0.297054,0.145121,0.061072,0.283193,-0.053729,0.042655,0.265305,0.165943,0.219941,0.136116,-0.071171,-0.007297,-0.005988,0.142308,0.128053,0.023762,0.135222,0.216939,0.201480,0.096931,0.075233,-0.012936,0.117410,0.196655,0.263234,0.118028,0.258710,0.182318,0.112956,0.067727,0.159526,0.045646,0.047233,0.117760,0.077320,0.248300,0.056044,0.164434,0.100308,0.207973,0.217013,-0.050154,0.173693,0.214783,0.049185,0.228841,0.153980,0.169485,-0.087451,0.164803,0.152647,0.207143,0.228518,0.009673,0.055675,0.118626,0.158881,0.160402,0.217691,0.316241,0.073082,-0.044201,0.091748,0.249597,0.151215,0.051819,0.055523,0.059838,0.138657,0.222423,0.158504,0.355898,0.083493,-0.072998,0.326548,0.285248,0.187332,0.252712,0.170861,0.205322,0.360271,0.100999,0.190901,0.096964,-0.009604,0.271887,0.071552,0.023946,0.068770,0.154075,0.347798,0.066289,0.097795,0.109415,0.196337,0.086166,-0.054677,0.194032,0.254393,0.021505,0.045900,0.155583,0.024305,0.101764,0.300263,0.172434,-0.051892,0.193676,0.162228,0.193053,0.280057,0.141198,0.148514,0.172912,0.029110,0.106381,0.138537,0.126082,0.062309,0.001006,0.133189,0.226233,#
10,0.212576,0.339075,0.267625,0.243323,0.178423,0.208330,0.227203,0.248680,0.240711,0.327137,1.000000,0.129363,0.084248,0.229399,0.221381,0.067895,0.179328,0.255138,0.292472,0.281872,0.137056,0.172686,-0.050116,0.218338,0.140998,0.106971,0.223803,0.250256,0.128262,0.262213,0.228297,0.213961,0.195418,0.093004,0.074764,0.234238,0.059601,0.193965,0.350635,0.125988,0.188885,0.159996,0.207891,0.050991,-0.054958,0.228953,0.207744,0.267646,0.228006,0.183629,0.206778,0.247248,0.126156,0.159636,0.047160,0.306501,0.134569,0.184450,0.156062,0.192739,0.134353,0.243895,0.175099,0.219168,0.365012,0.336982,0.167799,0.068669,0.226846,0.176296,0.152303,0.169717,0.304057,0.231759,0.122567,0.240737,0.199403,0.133396,0.203553,0.145496,0.204744,0.154964,0.237386,0.223716,0.330147,0.020444,0.323993,0.150305,0.113435,0.211476,0.041845,0.099184,0.236313,0.102558,0.263302,0.283525,0.300512,0.023896,0.206134,0.154300,0.134633,0.126530,0.264732,0.123285,0.232792,0.162946,0.216336,0.241388,0.114352,0.128626,0.105010,0.259403,0.158405,0.182251,0.362769,0.287972,0.139764,0.146716,0.205633,-0.001696,0.096723,0.232537,0.147865,0.211044,0.215687,0.098408,0.069440,0.229782,0.149544,0.291864,0.402103,0.135160,0.229602,0.079198,0.255815,0.230493,0.218560,0.398930,0.154138,0.149707,0.315235,0.118294,0.210746,0.186813,0.126411,0.097626,-0.029015,0.123415,0.156896,0.186364,0.138584,0.171754,0.293120,0.076748,0.312457,0.183460,0.208396,0.039954,0.276807,0.227049,0.207491,0.169320,0.319721,0.239206,0.194414,0.115514,0.254669,0.236353,0.234386,0.133638,0.184768,0.176476,0.108119,0.122432,0.066683,0.115607,0.195596,0.216201,0.160061,0.270174,0.245224,0.169796,0.285807,0.116322,0.101422,0.251831,0.131300,0.075042,0.242627,0.195387,0.279212,0.138692,0.180176,0.064395,0.262688,0.119191,0.070162,0.245270,0.376126,0.391703,#
11,0.075408,0.253786,0.341939,0.275367,0.062372,0.100658,0.186268,0.368819,0.207819,0.059610,0.129363,1.000000,0.110478,0.143131,-0.028442,0.078096,0.078284,0.269490,0.144177,0.014563,0.103243,0.254700,0.001938,0.192898,0.323247,0.194928,0.049631,0.256391,-0.119651,0.265063,0.230805,0.208534,0.145067,0.133941,0.027021,0.169365,0.223747,0.063120,0.171367,0.128347,0.156795,0.289349,0.277723,0.322361,0.021814,0.326218,0.109948,0.165052,0.171778,0.039273,0.280612,0.174542,0.176900,0.269373,-0.102377,0.099741,0.288364,0.214460,0.214326,0.085679,0.084205,0.058884,0.320244,0.175454,0.234423,0.335183,0.153564,0.225960,0.193603,0.261293,0.023816,-0.054723,0.263941,0.120395,0.111620,0.135561,0.149391,0.154156,0.248276,0.156954,0.259087,0.027757,0.208455,0.138522,0.275572,-0.061454,0.212700,0.269255,0.243881,0.129139,0.126922,0.232271,0.340359,0.450606,0.120025,0.215514,0.073009,0.125623,0.184370,0.244685,0.255172,0.057414,0.114401,0.137148,0.045004,0.308212,0.313278,0.215038,0.192836,0.107937,0.168927,0.147074,0.180135,0.158002,-0.043792,0.398682,0.143129,0.127633,0.057587,0.161506,0.120645,0.202166,0.273108,0.151165,0.214508,0.148003,0.172057,0.272695,0.225457,0.167261,0.113253,0.246791,0.254929,0.264422,0.192827,0.157716,0.029492,0.380190,-0.036132,0.281549,0.144149,0.142504,0.119396,0.162500,0.113719,0.092353,0.125214,0.152820,0.214127,0.080511,0.042466,0.285624,0.166943,0.172660,0.260063,0.125615,0.113085,0.024169,0.184355,0.282166,0.134704,0.281294,0.093765,0.115039,0.172563,0.116305,0.304840,0.200285,0.227513,0.234518,0.199329,0.068985,0.110875,-0.010248,0.139664,0.278368,0.282302,0.197870,0.118711,0.141603,0.200032,0.153935,0.095790,0.124303,-0.186767,0.294681,0.115861,0.163119,0.162309,0.175069,0.129238,0.048077,0.313197,-0.037176,0.235644,0.141612,0.125678,0.128900,0.172008,0.142277,#
12,0.097047,0.185338,0.192637,0.138332,0.251566,0.213478,0.009592,0.006627,0.151928,0.006378,0.084248,0.110478,1.000000,0.037592,0.142616,0.058568,0.205823,0.093915,0.210543,0.356331,0.208546,0.086127,0.101916,0.232770,0.103197,0.146694,0.142779,0.158907,0.114780,0.266401,-0.090328,0.259417,0.241206,0.148116,0.099489,0.292947,0.250906,0.010288,0.213403,0.080013,0.245402,0.106523,0.199360,0.183681,0.200735,0.245074,0.118164,0.002115,0.152312,0.116655,0.220207,0.156038,0.180931,0.124160,0.089603,0.170949,0.044869,0.174129,0.241722,0.050337,0.162963,0.133959,0.149159,0.161479,0.265848,0.127112,0.163764,0.088834,0.218112,0.075453,-0.014502,0.180832,0.114526,0.052034,0.214591,0.145830,0.162065,0.083215,0.058286,-0.016691,0.137346,0.160876,0.098260,0.135263,0.270209,0.191849,0.109400,0.276743,0.216141,0.145967,0.216370,0.216814,-0.013800,0.238994,0.189537,0.171280,0.261250,0.135985,0.150026,-0.046626,0.249348,0.180536,0.099353,0.102736,0.285255,0.186588,0.214692,0.085789,0.061821,0.176907,0.225714,-0.017812,0.138871,0.246846,0.054461,0.040599,0.141870,0.211426,0.202063,0.148705,0.156760,0.164829,0.267327,0.154669,0.168024,0.061580,0.268171,0.163981,0.149615,0.064766,0.173372,0.116193,0.097579,0.149629,0.144958,0.130114,0.175044,0.123848,0.085297,0.177212,0.215484,-0.017752,0.067019,0.120953,-0.020484,0.129243,0.043964,0.179128,0.140648,0.066594,0.055044,0.296746,0.052574,0.134848,0.059092,0.085890,0.095588,-0.055472,0.105067,0.138284,0.076518,0.305225,0.139397,0.227161,0.064553,-0.039665,0.238691,-0.073569,0.109388,0.219290,0.120797,0.112988,0.124661,0.133282,0.140715,0.069350,0.195005,0.297302,0.043703,0.241045,0.144114,0.119648,0.247573,0.187590,0.113381,0.123998,0.093134,0.210089,0.118549,0.009719,0.212976,0.173132,0.180003,0.069975,0.064255,0.141162,0.142771,0.196260,0.212760,0.092772,#
13,0.051622,0.227594,0.347843,0.202006,0.188003,0.152392,0.194343,0.204202,0.126006,0.151453,0.229399,0.143131,0.037592,1.000000,0.293158,0.167101,0.210113,0.080683,0.206174,0.299741,0.234977,0.176165,-0.052268,0.196279,0.206060,0.324503,0.329083,0.199001,0.148069,0.196437,0.215683,0.239483,0.230769,0.166761,0.124241,0.121036,0.073830,0.164303,0.065839,0.135970,0.142068,0.215246,0.215763,0.198777,0.127584,0.232834,0.183931,0.192821,0.126649,0.190635,0.169212,0.221570,0.316376,0.205746,0.145166,0.300071,0.105994,0.258178,0.245403,0.264830,0.272120,0.099865,0.352767,0.094740,0.188503,0.203856,0.442841,0.131558,0.357949,0.199555,-0.052016,0.077658,0.209427,0.138944,0.293912,0.160532,0.311724,0.333241,0.300395,0.119731,0.211545,0.315347,0.120144,0.401094,0.328304,0.020069,0.306103,0.287039,0.235039,0.248922,0.089956,0.253367,0.288876,0.295240,0.111920,0.231647,0.203754,0.075806,0.176467,0.207677,0.304164,0.206198,0.277781,0.276402,0.128260,0.276806,0.301890,0.221824,0.329760,0.209847,0.097228,0.123848,0.325799,0.207606,0.259042,0.233294,0.305080,0.236090,0.070209,0.131177,0.348260,0.292428,0.151406,0.346304,0.292252,0.167403,0.121950,0.104679,0.340546,0.229796,0.198350,0.141070,0.109664,0.155069,0.373026,0.317816,0.265392,0.249003,0.335893,0.204153,0.042824,0.125321,0.354027,0.167891,0.249135,0.363002,0.151290,0.265483,0.021552,0.238533,0.125696,0.182257,0.176687,0.289355,0.261701,0.212973,0.088743,0.304496,0.245319,0.291661,0.114830,0.351343,0.157100,0.379216,0.186092,0.180302,0.097860,0.138256,0.190857,0.283162,0.202701,0.318836,0.135918,0.122931,0.129308,0.246415,0.132223,0.164408,0.289492,-0.001550,0.187687,0.210661,0.184603,0.312289,0.106806,0.254324,0.203199,0.196755,0.134826,0.218174,0.149339,0.283083,0.232312,0.090337,0.128996,0.212148,0.180728,0.221493,0.302199,0.177332,#
14,0.265320,0.096382,0.059775,0.101452,0.154307,0.157018,0.071745,0.194339,0.265141,0.155152,0.221381,-0.028442,0.142616,0.293158,1.000000,0.239876,0.118509,0.225394,0.206115,0.394124,0.203949,0.094408,0.124961,0.307423,0.146266,0.092818,0.248879,0.231130,0.208032,0.203329,0.038118,0.157789,0.118121,0.033959,0.117562,0.172369,0.134044,0.246373,0.139751,0.225607,0.237594,0.097545,0.243844,0.014717,0.171991,0.347244,0.184824,0.122695,0.134759,0.102828,0.277123,0.068847,0.233006,0.219324,0.382420,0.293054,0.226069,0.090178,0.099750,0.097700,0.318338,0.212998,0.105222,0.102665,0.197936,0.125579,0.290206,0.195623,0.274272,0.167688,0.047846,0.203459,0.126743,0.314697,0.114457,0.138669,0.120962,0.203512,0.128503,0.213023,0.261046,0.209939,0.190204,0.283758,0.304403,0.219431,0.021877,0.100117,0.165523,0.154256,0.262538,0.193444,0.245734,0.172679,0.325132,0.096737,0.217873,0.123880,0.099580,0.114679,0.188647,0.205556,0.157415,0.239980,0.187386,0.259422,0.372789,0.322025,0.139878,0.195332,-0.039151,-0.026873,0.184778,0.141513,0.164034,0.157362,0.124113,0.223824,0.244664,0.203770,0.409677,0.249065,0.008247,0.148195,0.249820,0.103727,0.142417,0.169172,-0.034302,0.296113,0.142363,0.210819,0.193680,0.000744,0.153493,0.080829,0.224063,0.161406,0.079701,0.131612,0.327008,0.261748,0.252311,0.102022,0.095025,0.272497,0.084404,0.164453,-0.023588,0.062563,0.181931,0.028384,0.020730,0.246803,0.201418,0.117168,0.191936,0.191793,0.125634,0.131837,0.102757,0.205001,0.070667,0.131720,0.195103,-0.034099,0.174614,0.158760,0.068661,0.197782,0.315900,0.260049,0.179011,0.132796,0.132126,0.078434,0.344265,0.310729,0.295102,0.192158,0.063418,0.217856,0.174236,0.209276,0.224103,0.194104,0.186019,0.030106,0.142149,0.235744,0.059642,0.227039,0.199917,0.230328,0.173023,0.043410,0.038780,0.184423,0.279185,0.162795,#
15,0.097772,-0.017542,0.228444,0.098904,0.194107,0.017091,0.120638,0.096350,0.101292,0.146949,0.067895,0.078096,0.058568,0.167101,0.239876,1.000000,0.233025,0.215631,0.170845,0.194814,0.074898,0.084464,0.070184,0.205226,0.080631,0.277521,0.195097,0.121055,0.174348,0.123855,0.093516,0.193168,0.019411,0.233708,0.047884,0.010242,0.117149,0.122191,0.171537,-0.015055,0.207291,0.173479,0.140281,0.141779,0.191201,0.175000,-0.044303,0.114732,-0.021781,0.175146,-0.011544,0.132925,0.203001,0.134279,0.094843,0.146402,0.049120,0.145955,0.151992,0.195300,0.140493,0.022493,0.250839,0.002084,0.092529,0.183867,0.136305,0.221112,0.209323,0.031476,0.139885,0.213213,0.102406,0.144156,0.113511,0.131164,-0.025303,0.308162,0.076293,0.159003,0.242868,0.095480,0.015135,0.291472,0.163317,0.047551,0.081824,0.169059,0.195640,0.144091,-0.001843,0.158379,0.194021,0.240965,0.122529,0.100241,0.246029,0.064360,0.116586,-0.049976,0.186004,0.091827,0.147753,0.125727,-0.031651,0.212758,0.168869,0.123565,0.070372,0.217361,-0.008490,0.171946,0.038043,0.066096,0.141453,0.260850,0.100786,-0.008344,0.107365,0.021058,0.279092,0.245140,0.063368,0.260140,0.221068,-0.100397,0.055425,0.074918,0.136715,0.093599,0.088026,0.216917,0.085579,0.126989,0.176131,0.182020,0.099112,0.083869,0.077687,-0.073873,0.015980,0.187158,0.132801,0.065468,0.217193,0.057898,0.048579,0.217650,0.285242,0.166171,0.122215,-0.082425,0.134480,0.418392,0.035531,0.315369,0.060537,0.189791,0.143615,0.092951,0.035094,0.039787,0.205962,0.202797,0.102303,0.121799,0.204763,0.114004,0.126358,0.049058,-0.029623,0.059572,0.151707,-0.069475,0.186575,-0.035859,0.239893,0.078028,-0.082300,0.124080,0.189364,0.171358,0.104689,0.293304,-0.008549,0.176283,0.001094,0.117492,0.114786,0.131179,-0.079057,0.164485,0.153935,0.076172,0.043125,0.106780,0.043348,0.134169,0.117642,-0.024283,#
16,0.117347,0.155088,0.131084,0.188218,0.116815,0.143166,0.146783,0.082263,0.067336,0.101575,0.179328,0.078284,0.205823,0.210113,0.118509,0.233025,1.000000,0.149681,0.185254,0.251795,0.251347,0.169149,0.226090,0.114234,-0.054756,0.300950,0.134682,-0.051754,0.064126,0.207745,0.115932,0.239836,-0.018276,0.292708,0.002802,0.198275,0.140477,0.051219,0.184329,0.164471,0.077017,0.174326,0.113197,0.099089,0.164181,0.341736,0.066548,0.132162,0.102205,0.030567,0.095984,0.218267,0.313924,0.059534,0.136133,0.104702,0.040394,0.113677,0.185714,0.055246,0.099317,0.250438,0.296893,0.228555,0.249174,0.161206,0.169440,0.309703,0.101409,0.192800,0.006014,0.233871,0.265269,0.013328,0.093613,0.262964,0.075976,0.298769,0.167109,0.128722,0.038241,0.196513,0.056103,0.094618,0.133440,0.096237,0.242720,0.176650,0.179816,0.040855,0.112376,0.219643,0.055696,0.132912,0.143380,0.063248,0.277393,-0.035840,0.071913,0.168188,0.151268,0.078730,-0.027335,0.076427,0.158021,0.093981,0.182198,0.000348,-0.058440,0.184529,0.107380,0.153399,0.162528,0.145944,0.212252,0.276853,0.105299,0.116088,-0.009911,0.180345,0.152778,0.113238,0.192976,0.196219,0.239905,-0.089701,0.038846,0.024601,0.129789,0.232029,0.078511,0.136773,0.361475,-0.101340,0.364477,0.241425,0.062651,0.244466,0.115710,0.235000,-0.021190,0.122184,0.099250,0.185201,0.244900,0.133672,-0.087800,0.161073,0.210760,0.082540,0.034212,0.126724,0.091186,0.166419,0.178479,0.172365,0.004687,0.097101,0.164114,0.215805,0.009296,0.273640,0.265838,0.317427,0.111626,0.058260,0.282667,0.126787,0.054958,0.047387,0.006739,0.032705,0.062241,-0.045794,0.147503,0.236611,0.108132,0.087321,0.128716,0.111314,0.075976,0.134380,0.234463,0.009291,0.016439,0.187427,0.296544,0.158219,0.125867,0.136389,0.231599,-0.100814,-0.035782,0.071627,0.206585,0.254191,0.014410,0.194949,0.068030,0.033567,#
17,0.259521,0.166990,0.089719,0.235927,0.266471,0.169421,0.145449,0.324559,0.158858,0.065706,0.255138,0.269490,0.093915,0.080683,0.225394,0.215631,0.149681,1.000000,0.179703,0.347900,0.379159,0.126542,0.102395,0.279642,0.148221,0.179795,0.066371,0.107084,0.109107,0.268196,0.093130,0.123050,0.333588,0.111887,-0.000221,0.180757,0.056222,0.228278,0.291149,0.062459,0.300554,0.195420,0.089334,0.272811,0.122256,0.226276,0.182229,0.126924,0.222504,0.198461,0.228670,0.072916,0.033850,0.130987,0.128930,0.246395,0.339067,0.234419,0.204940,0.196811,0.256184,0.107430,0.179382,0.099476,0.188739,0.249538,0.269910,0.251372,0.213380,0.278109,0.100020,0.200174,0.251117,0.175434,0.144355,0.221956,0.093011,0.279874,0.077338,0.293087,0.178908,0.155067,0.429947,0.142600,0.243674,-0.094120,0.149035,0.167859,0.271791,0.190224,0.061401,0.169285,0.243271,0.278184,0.083872,0.165872,0.290544,0.383555,0.193358,0.184574,0.137462,0.003942,0.190288,0.180790,0.084765,0.317362,0.216451,0.191082,0.044530,-0.047822,0.174966,0.165137,0.170366,0.321847,0.106823,0.276716,0.129212,0.086828,0.059521,0.188898,0.117076,0.262264,0.115360,0.240983,0.406115,0.018959,0.135529,0.242352,0.100068,0.158146,0.100299,0.228607,0.319606,0.180093,0.238589,0.271158,0.266617,0.299252,0.118976,0.326471,0.243312,0.178861,0.111180,0.197320,0.230641,0.192076,-0.061418,0.045599,0.097334,-0.014399,0.139939,-0.040200,0.009436,0.313479,0.254952,0.151007,0.119068,0.113003,0.345378,0.333229,0.219457,0.301374,0.264120,0.163126,0.157274,0.191224,0.213340,0.294393,0.103945,0.161825,0.322900,0.045572,0.081441,0.093830,0.194684,0.026533,0.241777,0.193615,-0.041131,0.328347,0.010497,0.281949,0.233368,0.195492,0.020008,0.160992,0.152496,0.178757,0.295747,0.221174,0.200877,0.225851,0.243993,0.039735,0.330850,0.186462,0.183469,0.123924,0.219560,0.208965,#
18,0.251505,0.111544,0.192711,0.174173,0.255972,0.141135,0.235382,0.056088,0.124330,-0.082116,0.292472,0.144177,0.210543,0.206174,0.206115,0.170845,0.185254,0.179703,1.000000,0.220638,0.238909,0.162375,-0.020138,0.325347,0.264980,0.140761,0.185773,0.259735,0.142657,0.158793,0.102649,0.086330,0.245785,0.110229,0.127221,0.252945,0.232144,0.094943,0.161712,0.265542,0.153355,0.275329,0.182098,0.216215,0.121522,0.182572,0.123050,0.143361,0.098667,0.206555,0.215019,0.028960,0.260308,0.156691,0.089151,0.177226,0.153833,0.145562,0.181496,0.029309,0.142071,0.124650,0.180441,0.140130,0.096082,0.269094,0.300534,0.266882,0.172515,0.002026,-0.002969,0.134844,0.105724,0.035028,0.071304,0.225724,0.090515,0.239993,0.249931,0.120527,0.235184,0.081376,0.221287,0.270063,0.232961,-0.075542,0.239309,0.056392,0.209327,0.152522,0.266119,0.109080,0.175725,0.260079,0.190242,0.280850,0.278360,0.127322,0.226610,0.269301,0.112974,0.257955,0.245703,0.173211,0.265507,0.287982,0.196045,0.195373,0.216175,0.263784,0.197633,0.353027,0.159887,0.102276,0.139133,0.178481,0.125793,0.023926,0.231944,0.205876,0.098589,0.185592,0.154209,0.086195,0.229786,0.022729,0.149195,0.123205,0.264019,0.217226,0.232803,0.280421,0.183077,0.128328,0.268536,-0.026985,0.174839,0.261332,0.032664,0.255833,0.224595,-0.005435,0.164307,0.112034,0.175142,0.213074,-0.023656,0.077952,0.116009,0.013706,0.087925,0.199706,0.193286,0.161401,0.191251,0.268605,0.263135,0.187479,0.026450,0.325548,0.152312,0.221853,0.132057,0.197841,0.143539,0.131896,0.208933,0.190257,0.103071,0.178197,-0.028401,0.059902,0.210865,0.049365,0.053978,0.145836,0.220976,0.268252,0.327200,0.074678,0.136669,0.190182,0.278592,0.080079,0.181795,0.125370,0.259652,0.237193,0.164443,0.177940,0.135608,0.289880,0.250275,0.071149,0.196209,0.077477,0.074145,0.273302,0.324597,0.206573,#
19,0.308648,0.181901,0.214705,0.190596,0.397593,0.083043,0.136722,0.192920,0.215412,0.271192,0.281872,0.014563,0.356331,0.299741,0.394124,0.194814,0.251795,0.347900,0.220638,1.000000,0.267440,0.246174,0.151585,0.237417,0.063359,0.334688,0.300159,0.146586,0.230940,0.357119,0.067814,0.293358,0.229311,0.143795,0.191032,0.314959,0.047077,0.157427,0.359288,0.114974,0.252547,0.252551,0.112844,0.079855,0.148554,0.312651,0.329868,0.361465,0.149609,0.274664,0.237335,0.185768,0.157172,0.333319,0.225017,0.278384,0.225044,0.205278,0.204512,0.176770,0.326567,0.203506,0.221470,0.208403,0.326526,0.230009,0.243934,0.258816,0.258025,0.274278,0.200272,0.318857,0.283743,0.100325,0.249108,0.386033,0.145184,0.360042,0.347511,0.073816,0.304023,0.317015,0.211706,0.195798,0.402588,0.044360,0.233162,0.175294,0.270020,0.195387,0.126983,0.256798,0.257691,0.188540,0.220752,0.182728,0.290986,0.246215,0.057765,0.175662,0.215637,0.209468,0.292881,0.317210,0.340648,0.300080,0.232884,0.405918,0.109945,0.106463,0.159267,0.224807,0.271078,0.353359,0.276117,0.257985,0.272855,0.296202,0.272090,0.043145,0.400139,0.382109,0.237560,0.347375,0.476461,0.190395,0.260274,0.235995,0.006731,0.208663,0.165868,0.084638,0.369239,0.131723,0.194887,0.247893,0.281661,0.324916,0.198692,0.284831,0.246879,0.272274,0.246768,0.210582,0.217702,0.229544,0.036289,0.305796,0.259882,0.054337,0.156497,0.183093,0.193294,0.392206,0.284268,0.088291,0.171789,0.165886,0.219772,0.176827,0.277176,0.333188,0.287442,0.280604,0.197932,0.164790,0.147920,0.187691,0.228623,0.105672,0.267165,0.146980,0.251890,0.158374,0.164556,0.096880,0.325392,0.336425,0.170362,0.203164,0.119293,0.356099,0.203102,0.235721,0.192963,0.246359,0.192016,0.263034,0.318054,0.213580,0.314352,0.287549,0.163154,0.185011,0.217222,0.190185,0.200296,0.180557,0.336264,0.381335,#
20,0.260757,0.179664,0.306065,0.281884,0.342402,0.294185,0.197548,0.196507,0.261562,0.085653,0.137056,0.103243,0.208546,0.234977,0.203949,0.074898,0.251347,0.379159,0.238909,0.267440,1.000000,0.199024,0.165739,0.272097,0.314173,0.286592,0.188010,0.191030,0.151621,0.241413,0.145840,0.127478,0.270817,0.099528,0.026443,0.191585,0.223182,0.169448,0.142008,0.239516,0.246931,0.384493,0.119071,0.074348,0.294012,0.314308,0.305218,0.191185,0.179482,0.212272,0.047522,0.257025,0.231733,0.222547,0.205489,0.179008,0.284469,0.245470,0.278256,0.125457,0.295150,0.101690,0.338802,0.199898,0.239682,0.144868,0.277383,0.176351,0.414295,0.259038,0.156904,0.221750,0.383880,0.220159,0.071239,0.079009,0.229008,0.382820,0.215339,0.150834,0.090790,0.198897,0.331929,0.135218,0.295511,0.191702,0.271900,0.203285,0.369797,0.270644,0.163691,0.310534,0.216813,0.318844,0.224264,0.263477,0.312092,0.253909,0.124561,0.028115,0.229072,0.114340,0.171876,0.246764,0.169486,0.269384,0.193088,0.201259,0.090759,0.230589,0.276280,0.223573,0.155160,0.290451,0.150085,0.319108,0.319444,0.128179,0.000570,0.151804,0.110728,0.247496,0.092255,0.166182,0.319004,0.166359,0.268026,0.311261,0.243952,0.224623,0.202013,0.241003,0.261711,0.045879,0.351788,0.263075,0.386485,0.284145,0.214685,0.175849,0.274200,0.222528,0.091122,0.266689,0.320449,0.164030,-0.072490,0.209585,0.241366,0.217870,0.259237,0.217242,0.021254,0.158734,0.235603,0.192658,0.171856,0.040194,0.160471,0.436292,0.239739,0.313622,0.254826,0.239107,0.280559,0.147265,-0.000672,0.282451,0.115477,0.114430,0.289841,0.109906,0.093535,0.058213,0.073664,0.356790,0.160202,0.149066,0.298219,0.281771,0.162708,0.174799,0.180334,0.290060,0.099654,-0.004382,0.290581,0.206649,0.251880,0.334369,0.204790,0.329038,0.199175,0.071099,0.299528,0.255849,0.208155,0.284070,0.234437,0.159289,#
21,0.235815,0.251942,0.374449,0.229685,0.193590,0.141500,0.132112,0.252076,0.172035,0.114082,0.172686,0.254700,0.086127,0.176165,0.094408,0.084464,0.169149,0.126542,0.162375,0.246174,0.199024,1.000000,0.114683,0.158252,0.217699,0.076694,0.224092,0.258348,0.210091,0.274967,0.150426,0.227210,0.136858,0.254502,-0.039423,0.267168,0.319364,0.206272,0.347795,0.117541,0.145921,0.260868,0.087951,0.263392,0.158237,0.238019,0.247778,0.305072,0.029630,0.168621,0.223173,0.104085,0.195805,0.167333,0.136609,0.181630,0.216926,0.138980,0.023007,0.099778,0.150495,0.003389,0.290211,0.197036,0.306025,0.232120,0.055255,0.165294,0.309344,0.368970,0.234089,0.109720,0.390517,0.316929,0.071622,0.146958,0.160310,0.200246,0.121948,0.144897,0.275560,0.184167,0.147167,-0.034283,0.298619,-0.085272,0.254042,0.100097,0.223653,0.300952,0.044755,0.146377,0.150928,0.150122,0.204855,0.193924,0.269209,0.205444,0.001388,0.221295,0.387929,0.108929,0.109315,0.136755,0.187056,0.245298,0.288089,0.214945,0.162054,0.076706,0.185528,0.205829,0.107750,0.232231,0.121511,0.317946,0.280972,0.137672,0.136541,0.208745,0.158879,0.277401,0.042807,0.326992,0.195395,0.011186,0.178596,0.183394,0.083533,0.058696,0.130263,0.124382,0.289730,0.138311,0.214460,0.115055,0.334463,0.223906,0.063424,0.310649,0.166659,0.301512,0.175406,0.099565,0.217591,0.208360,0.097736,0.203601,0.207704,0.059960,0.027320,0.147826,0.120998,0.071151,0.281714,0.075803,0.039980,0.173626,0.117173,0.176092,0.311209,0.281926,0.159787,0.095560,0.232472,0.084957,0.013421,0.272134,0.091223,0.326709,0.122164,0.103496,0.285819,0.149881,0.032226,0.263507,0.280730,0.225309,0.118774,0.212264,0.134586,0.225126,0.061583,0.219586,-0.042485,0.131399,0.169162,0.257084,0.325580,0.251690,0.289870,0.086478,0.279451,0.039788,0.277796,0.249046,0.133055,0.216058,0.236815,0.220747,#
