0,1.000000,0.781490,0.801676,0.763587,0.694897,0.774763,0.759155,0.784835,0.754209,0.734487,0.759837,0.799574,0.771937,0.730186,0.762102,0.732853,0.759399,0.805306,0.779947,0.739359,0.784461,0.746063,0.774819,0.775226,0.697859,0.767886,0.763093,0.784925,0.714956,0.770521,0.770458,0.751105,0.726142,0.699683,0.767460,0.762122,0.760221,0.786749,0.766828,0.795852,0.762320,0.732898,0.786238,0.791111,0.755552,0.712250,0.796037,0.802630,0.756479,0.804338,0.769105,0.747592,0.788750,0.802399,0.762232,0.792284,0.767055,0.794447,0.763109,0.780591,0.804754,0.715163,0.779236,0.765701,0.754212,0.765914,0.806972,0.792696,0.756031,0.714275,0.771483,0.782642,0.832008,0.788141,0.767704,0.776808,0.782512,0.778702,0.787533,0.758307,0.813421,0.770597,0.779388,0.799436,0.765704,0.824667,0.752132,0.754967,0.693262,0.754427,0.749612,0.770536,0.753348,0.793651,0.781784,0.756873,0.715870,0.728525,0.761792,0.780504,0.781289,0.778058,0.717320,0.733724,0.768261,0.745187,0.731080,0.793213,0.773702,0.741628,0.781030,0.736589,0.795687,0.709697,0.752539,0.825374,0.707097,0.744862,0.749838,0.705511,0.720195,0.860329,0.758009,0.808420,0.751307,0.753425,0.733752,0.754789,0.720606,0.738355,0.742347,0.777033,0.777687,0.729852,0.769057,0.738541,0.749588,0.798555,0.750768,0.770149,0.753832,0.755995,0.694621,0.804490,0.792996,0.706657,0.765200,0.696355,0.773391,0.784557,0.777282,0.733239,0.752599,0.754396,0.751719,0.722309,0.742337,0.774362,0.793904,0.779086,0.783292,0.786653,0.741768,0.775750,0.747591,0.774165,0.778547,0.744971,0.753989,0.788330,0.774430,0.741742,0.763256,0.809611,0.830049,0.711338,0.752329,0.777496,0.742720,0.774127,0.748396,0.803356,0.702233,0.744379,0.745017,0.711504,0.786896,0.757203,0.757808,0.807407,0.750169,0.781635,0.743154,0.743055,0.735925,0.740615,0.747014,0.793698,0.799831,0.755456,#
1,0.781490,1.000000,0.770700,0.795343,0.770155,0.822285,0.719317,0.760921,0.794563,0.762291,0.777681,0.769302,0.764909,0.787321,0.785387,0.765366,0.748633,0.771763,0.775964,0.799094,0.809971,0.836423,0.810925,0.802140,0.738242,0.742286,0.837056,0.804658,0.732890,0.735740,0.819344,0.799380,0.771164,0.785329,0.788706,0.804952,0.717917,0.822665,0.808205,0.793957,0.755872,0.743820,0.751768,0.762641,0.749280,0.756512,0.810358,0.788324,0.829386,0.801982,0.773670,0.817603,0.790468,0.758386,0.824667,0.792980,0.773685,0.817160,0.797666,0.766600,0.767048,0.770502,0.714091,0.719916,0.774198,0.774117,0.826201,0.805423,0.802062,0.801918,0.772399,0.794972,0.860456,0.760537,0.788086,0.809826,0.754142,0.800494,0.785808,0.772629,0.819381,0.773735,0.842296,0.818688,0.800251,0.783706,0.736360,0.762985,0.781176,0.778875,0.747454,0.736099,0.787013,0.799718,0.727796,0.706060,0.757993,0.763958,0.761031,0.816605,0.797969,0.815496,0.743141,0.778933,0.767310,0.756661,0.749606,0.806345,0.755623,0.739046,0.787043,0.758449,0.767469,0.754327,0.746558,0.780573,0.773191,0.803779,0.765246,0.717126,0.803039,0.788706,0.728719,0.794202,0.720690,0.740721,0.765588,0.774500,0.799741,0.802900,0.753126,0.798755,0.747956,0.773371,0.811552,0.743549,0.749450,0.765777,0.789434,0.712152,0.797048,0.771735,0.765955,0.782857,0.748375,0.761714,0.789632,0.707020,0.800835,0.771588,0.808716,0.803825,0.774522,0.746551,0.798826,0.735400,0.778882,0.793774,0.749829,0.768682,0.777774,0.804363,0.790990,0.807473,0.799390,0.735449,0.764819,0.777603,0.732796,0.782874,0.775190,0.747312,0.775596,0.801384,0.811323,0.728868,0.760872,0.828826,0.746740,0.790628,0.769765,0.784061,0.734708,0.737027,0.765922,0.780858,0.787142,0.691846,0.772039,0.782271,0.788412,0.765386,0.740788,0.771752,0.813640,0.722276,0.735491,0.786147,0.768656,0.759134,#
2,0.801676,0.770700,1.000000,0.750263,0.691306,0.780984,0.728450,0.757235,0.769381,0.729552,0.747829,0.721608,0.699358,0.726555,0.756349,0.732301,0.713239,0.765652,0.692364,0.744892,0.714447,0.743963,0.703093,0.797931,0.704030,0.683267,0.793551,0.811907,0.775234,0.764270,0.792101,0.769756,0.740015,0.705236,0.716824,0.759737,0.746794,0.767596,0.808196,0.753415,0.729650,0.762176,0.772209,0.727083,0.700917,0.709944,0.826520,0.726958,0.740643,0.816983,0.765547,0.756487,0.761639,0.796821,0.821393,0.772271,0.761871,0.753025,0.715147,0.744467,0.808362,0.765987,0.737583,0.786320,0.747250,0.764391,0.806841,0.733398,0.759926,0.761123,0.753869,0.759725,0.812154,0.745437,0.777266,0.779810,0.765957,0.771070,0.757035,0.786567,0.777630,0.779916,0.787154,0.796885,0.798471,0.804761,0.723895,0.820716,0.747703,0.749039,0.751991,0.768909,0.775419,0.728483,0.770436,0.714483,0.720734,0.732256,0.824033,0.769881,0.760376,0.728572,0.698145,0.711530,0.723918,0.799094,0.759770,0.744902,0.765401,0.722509,0.762417,0.696717,0.790072,0.710714,0.721161,0.738367,0.722485,0.753845,0.780412,0.659563,0.736784,0.752875,0.701615,0.782986,0.751245,0.724028,0.727919,0.752254,0.736041,0.785287,0.788944,0.804600,0.796956,0.795677,0.783396,0.758904,0.714818,0.751574,0.743562,0.707833,0.778952,0.742844,0.704127,0.727201,0.746115,0.778427,0.729885,0.730714,0.742847,0.748065,0.796776,0.745823,0.735448,0.766104,0.743823,0.733621,0.756408,0.705181,0.715184,0.711052,0.722035,0.694276,0.727817,0.771061,0.710762,0.738773,0.800782,0.702151,0.726647,0.736926,0.739371,0.704244,0.742535,0.740292,0.781032,0.714003,0.718128,0.790819,0.741397,0.737001,0.731135,0.797428,0.665677,0.784445,0.729407,0.733034,0.730543,0.708667,0.769230,0.751307,0.720017,0.759279,0.800488,0.735374,0.730091,0.763414,0.727441,0.793180,0.693158,0.756631,#
3,0.763587,0.795343,0.750263,1.000000,0.742884,0.762487,0.738246,0.740857,0.757209,0.739308,0.738276,0.743758,0.754506,0.721361,0.734877,0.762177,0.730580,0.728048,0.760729,0.716724,0.747614,0.787225,0.717591,0.737366,0.741664,0.755995,0.750229,0.765541,0.731889,0.697648,0.765700,0.792440,0.725539,0.764800,0.775200,0.750396,0.708703,0.778432,0.707440,0.794903,0.747567,0.724057,0.737760,0.725126,0.726779,0.756120,0.823681,0.752168,0.810743,0.769433,0.778241,0.725534,0.775196,0.724609,0.768375,0.762885,0.683986,0.768968,0.814205,0.765862,0.741862,0.759502,0.692726,0.731162,0.796554,0.764582,0.751343,0.751813,0.715698,0.745879,0.727897,0.797610,0.810735,0.775444,0.741374,0.746074,0.729120,0.755010,0.756223,0.789836,0.786760,0.703557,0.767705,0.805667,0.763923,0.788324,0.731525,0.721951,0.727789,0.762205,0.690181,0.734605,0.779180,0.782308,0.752529,0.726866,0.698004,0.684078,0.732404,0.769204,0.723798,0.739046,0.667209,0.720659,0.764345,0.747995,0.729668,0.775197,0.727891,0.723555,0.733010,0.729203,0.719378,0.721257,0.739280,0.766261,0.712072,0.724373,0.758963,0.657984,0.700550,0.748912,0.677237,0.749042,0.714288,0.720449,0.738285,0.744885,0.727229,0.770653,0.719873,0.759795,0.699744,0.784610,0.800688,0.765515,0.789316,0.721634,0.713488,0.694434,0.742155,0.734640,0.716155,0.716271,0.707015,0.785630,0.710362,0.709727,0.731257,0.709183,0.738677,0.744675,0.730075,0.736611,0.740563,0.683394,0.766108,0.746431,0.698808,0.753181,0.766775,0.748766,0.719958,0.786990,0.752317,0.742838,0.745839,0.702724,0.742242,0.734083,0.763866,0.764002,0.749346,0.765396,0.726655,0.720770,0.719551,0.756044,0.764585,0.710729,0.707412,0.776760,0.673960,0.722098,0.690794,0.720449,0.723763,0.657574,0.788653,0.786812,0.698080,0.720098,0.714560,0.721868,0.728870,0.730779,0.752156,0.757254,0.714556,0.759244,#
4,0.694897,0.770155,0.691306,0.742884,1.000000,0.748471,0.760786,0.695104,0.681321,0.693527,0.710191,0.732427,0.678846,0.728179,0.684792,0.748779,0.711420,0.760992,0.709981,0.744229,0.759385,0.737409,0.702080,0.752352,0.701188,0.675975,0.729830,0.717698,0.713081,0.683546,0.813107,0.719315,0.751266,0.672562,0.695538,0.733587,0.670027,0.749690,0.694996,0.781611,0.724884,0.693730,0.696120,0.731767,0.708836,0.697634,0.755778,0.704434,0.774914,0.752805,0.745746,0.731715,0.745568,0.664298,0.749018,0.748115,0.690517,0.730754,0.766122,0.733792,0.696002,0.742926,0.709504,0.676814,0.753715,0.758386,0.785082,0.699785,0.701635,0.725664,0.729273,0.794798,0.756730,0.718980,0.702574,0.731100,0.711926,0.730319,0.767501,0.737764,0.695651,0.710478,0.773548,0.709874,0.754295,0.694279,0.646119,0.667124,0.720960,0.780871,0.661230,0.690645,0.666080,0.728396,0.681689,0.702022,0.716962,0.655092,0.666558,0.737830,0.770169,0.745412,0.689148,0.700490,0.727275,0.704777,0.733972,0.734966,0.722487,0.709649,0.693828,0.696886,0.721717,0.763155,0.712224,0.731447,0.693353,0.778110,0.679971,0.637238,0.721318,0.723654,0.753501,0.744747,0.692952,0.740574,0.689061,0.701207,0.768238,0.752500,0.776101,0.751829,0.674104,0.715179,0.774314,0.744359,0.740331,0.738475,0.697642,0.662647,0.707345,0.756361,0.724708,0.727252,0.686405,0.709613,0.754688,0.647120,0.694705,0.737281,0.742556,0.804090,0.671857,0.668200,0.763018,0.688882,0.755698,0.699589,0.738294,0.696177,0.675266,0.725460,0.763048,0.741785,0.740228,0.699499,0.718907,0.694782,0.699386,0.736830,0.702461,0.698437,0.725430,0.721348,0.792337,0.708691,0.702771,0.755643,0.715605,0.702766,0.769862,0.721838,0.718796,0.672889,0.754649,0.701891,0.718117,0.746044,0.698361,0.682495,0.671219,0.692817,0.689075,0.718421,0.734990,0.629497,0.696813,0.753912,0.727296,0.667855,#
5,0.774763,0.822285,0.780984,0.762487,0.748471,1.000000,0.700939,0.767333,0.747097,0.726505,0.709718,0.730010,0.708959,0.734603,0.753380,0.724581,0.732797,0.743474,0.749408,0.785152,0.763246,0.734931,0.704064,0.762005,0.715517,0.770315,0.791685,0.808395,0.676836,0.745683,0.787808,0.797812,0.773232,0.760621,0.719898,0.783375,0.739361,0.737900,0.754906,0.773661,0.750336,0.735841,0.700869,0.724669,0.748513,0.748093,0.785015,0.778238,0.800412,0.776038,0.784334,0.710892,0.754773,0.794710,0.766196,0.841770,0.738658,0.762988,0.784748,0.792236,0.717644,0.735886,0.746692,0.779678,0.731577,0.723807,0.784935,0.757326,0.751910,0.787751,0.787340,0.775090,0.829293,0.746388,0.747630,0.724816,0.751404,0.766073,0.750585,0.764567,0.779457,0.773701,0.801663,0.773808,0.749743,0.764157,0.710555,0.747836,0.775158,0.778325,0.727458,0.705117,0.750451,0.780572,0.721981,0.629121,0.754953,0.708317,0.791760,0.712948,0.798298,0.765340,0.796311,0.753583,0.749381,0.761655,0.753199,0.771207,0.712042,0.746954,0.745917,0.757373,0.747286,0.676997,0.675760,0.746456,0.772326,0.777707,0.730470,0.667180,0.725872,0.784219,0.747730,0.820316,0.720681,0.745163,0.777262,0.721510,0.766934,0.755030,0.744345,0.814947,0.777113,0.803938,0.786390,0.712320,0.726054,0.776947,0.705067,0.712786,0.749082,0.723966,0.745509,0.761591,0.830518,0.707618,0.733701,0.714941,0.754311,0.818922,0.794128,0.777259,0.735490,0.738005,0.768410,0.682299,0.781245,0.744715,0.743038,0.743406,0.745524,0.781944,0.757260,0.771053,0.780032,0.703052,0.698593,0.758626,0.726861,0.741517,0.790399,0.739765,0.763360,0.747814,0.771212,0.725946,0.727971,0.788104,0.778777,0.743505,0.758939,0.766229,0.657834,0.711462,0.725944,0.759517,0.736824,0.703410,0.795626,0.793442,0.704380,0.786108,0.720938,0.778572,0.709859,0.721430,0.705749,0.783637,0.745963,0.725873,#
6,0.759155,0.719317,0.728450,0.738246,0.760786,0.700939,1.000000,0.696193,0.755703,0.763324,0.739073,0.741207,0.722729,0.746985,0.664160,0.771727,0.740251,0.790534,0.737557,0.717975,0.787231,0.733676,0.680015,0.736740,0.734306,0.745830,0.751472,0.752448,0.707865,0.746775,0.755904,0.774319,0.750897,0.727403,0.722338,0.772375,0.750363,0.751687,0.714903,0.772880,0.755763,0.760560,0.764903,0.774595,0.741559,0.646114,0.792208,0.747479,0.809471,0.794661,0.783137,0.761958,0.775141,0.665382,0.771961,0.736172,0.755100,0.800532,0.800798,0.707183,0.772556,0.763406,0.717514,0.693684,0.780676,0.766337,0.816070,0.770202,0.756228,0.699546,0.743300,0.812363,0.786876,0.754951,0.695209,0.762438,0.761424,0.786272,0.781923,0.724001,0.766523,0.770690,0.735569,0.842944,0.764612,0.732168,0.711313,0.741485,0.751633,0.772271,0.707263,0.748299,0.689538,0.775369,0.733498,0.725121,0.724545,0.732126,0.743544,0.735606,0.774720,0.777294,0.729567,0.722535,0.783860,0.686159,0.762881,0.744449,0.759465,0.703954,0.690321,0.707995,0.718222,0.728280,0.679522,0.750610,0.689808,0.754547,0.701835,0.705599,0.717750,0.754496,0.698507,0.801022,0.736427,0.754924,0.709580,0.732669,0.698186,0.729444,0.769393,0.748527,0.707129,0.709812,0.758112,0.738352,0.772906,0.749060,0.766872,0.760381,0.753826,0.784050,0.684427,0.753155,0.737338,0.769305,0.750846,0.694879,0.712331,0.734949,0.745015,0.779697,0.682856,0.717669,0.716455,0.691772,0.762782,0.671926,0.750112,0.780143,0.753644,0.755780,0.706805,0.750058,0.761913,0.746146,0.785055,0.665564,0.735269,0.768547,0.750872,0.744976,0.709999,0.697257,0.747624,0.748645,0.720743,0.771280,0.744034,0.751868,0.752061,0.782432,0.730467,0.761112,0.717788,0.713914,0.736271,0.730363,0.739959,0.739508,0.689228,0.739882,0.722660,0.711326,0.755759,0.762440,0.748202,0.766839,0.719662,0.743459,#
7,0.784835,0.760921,0.757235,0.740857,0.695104,0.767333,0.696193,1.000000,0.759316,0.669125,0.739196,0.728945,0.721630,0.739737,0.734115,0.711073,0.713695,0.747468,0.730082,0.739368,0.767034,0.703723,0.785411,0.722188,0.711766,0.764601,0.748839,0.763856,0.699219,0.782802,0.739973,0.748340,0.715362,0.718474,0.743212,0.745621,0.747699,0.754758,0.730675,0.750629,0.746385,0.754494,0.712531,0.711150,0.717220,0.706613,0.767945,0.780919,0.782979,0.751312,0.754130,0.736897,0.776900,0.790554,0.787855,0.749708,0.745858,0.754051,0.762964,0.801284,0.686762,0.742784,0.766584,0.764528,0.762347,0.745346,0.824693,0.717836,0.767536,0.689423,0.767574,0.717348,0.789496,0.787020,0.766454,0.759078,0.767069,0.757341,0.715022,0.715778,0.805044,0.719663,0.791022,0.765267,0.736068,0.769232,0.759487,0.718622,0.738886,0.750785,0.706240,0.772564,0.734718,0.726139,0.734244,0.708277,0.733426,0.771626,0.760502,0.745924,0.769574,0.718417,0.701154,0.716294,0.750365,0.706621,0.737816,0.778668,0.750317,0.718182,0.796575,0.718440,0.765612,0.729612,0.698863,0.763344,0.691828,0.731370,0.740975,0.716464,0.747787,0.743686,0.689504,0.760477,0.755042,0.765829,0.703090,0.747698,0.689692,0.728139,0.741348,0.763287,0.758119,0.699902,0.775168,0.770591,0.751766,0.776294,0.690743,0.707870,0.730783,0.703706,0.746060,0.735118,0.751774,0.705763,0.763394,0.641573,0.738871,0.710443,0.751163,0.757018,0.739698,0.678322,0.722304,0.739743,0.760388,0.744220,0.752644,0.732923,0.753883,0.718998,0.790764,0.738870,0.754222,0.707597,0.759760,0.714843,0.680138,0.720924,0.768636,0.714330,0.723248,0.771757,0.742841,0.693217,0.700482,0.715694,0.758809,0.742309,0.731216,0.737065,0.713102,0.739462,0.697148,0.723108,0.761122,0.688970,0.758134,0.788141,0.741111,0.748522,0.706097,0.721548,0.750888,0.725745,0.744048,0.792889,0.783963,0.722325,#
8,0.754209,0.794563,0.769381,0.757209,0.681321,0.747097,0.755703,0.759316,1.000000,0.757258,0.743397,0.739472,0.737325,0.769587,0.734505,0.767691,0.712854,0.783532,0.684977,0.755295,0.771918,0.778635,0.715445,0.735949,0.733831,0.743184,0.759764,0.732031,0.761668,0.723064,0.761485,0.779859,0.710665,0.709244,0.729901,0.801228,0.727269,0.776783,0.720708,0.761593,0.712037,0.711721,0.818971,0.735761,0.718484,0.686697,0.770307,0.735653,0.795862,0.760733,0.803902,0.774573,0.714283,0.777706,0.775774,0.779469,0.766173,0.764224,0.746929,0.721595,0.767464,0.764107,0.783600,0.745841,0.775994,0.782900,0.801967,0.764709,0.810691,0.741733,0.759155,0.786058,0.815940,0.762782,0.751016,0.739886,0.756927,0.779953,0.735016,0.738157,0.790149,0.742408,0.756657,0.777536,0.797503,0.764274,0.711908,0.776182,0.725164,0.716744,0.742269,0.728015,0.736577,0.726594,0.725700,0.694714,0.745239,0.750527,0.818013,0.792685,0.767013,0.721597,0.759495,0.771119,0.720632,0.749612,0.733560,0.759473,0.690010,0.751126,0.718978,0.726467,0.760349,0.708395,0.667582,0.767539,0.709391,0.744216,0.755707,0.749562,0.697062,0.731117,0.684247,0.777092,0.721404,0.746072,0.684836,0.733170,0.738462,0.756231,0.715879,0.771452,0.739172,0.729458,0.782070,0.733286,0.754773,0.744424,0.755407,0.731648,0.765660,0.752345,0.744670,0.696627,0.744920,0.700115,0.701318,0.706701,0.754855,0.764912,0.735904,0.775156,0.691918,0.792025,0.715920,0.701713,0.761974,0.760164,0.780472,0.774093,0.749392,0.706064,0.767756,0.751593,0.722834,0.708182,0.745248,0.760653,0.737710,0.717698,0.756695,0.724427,0.692695,0.736924,0.779450,0.733082,0.734078,0.789556,0.741301,0.714409,0.745694,0.758898,0.725133,0.743513,0.731932,0.708841,0.797743,0.693623,0.745071,0.799639,0.763275,0.782807,0.786082,0.741117,0.743870,0.682175,0.703859,0.754640,0.738187,0.783280,#
9,0.734487,0.762291,0.729552,0.739308,0.693527,0.726505,0.763324,0.669125,0.757258,1.000000,0.737214,0.706838,0.737357,0.752556,0.744956,0.746127,0.730929,0.759236,0.726124,0.690703,0.781525,0.726848,0.683699,0.744326,0.722730,0.668642,0.747398,0.804088,0.689400,0.769470,0.730568,0.772313,0.742132,0.732764,0.709339,0.763403,0.713048,0.743685,0.727867,0.787752,0.732053,0.749291,0.712760,0.716149,0.750544,0.687426,0.750217,0.744571,0.764623,0.751124,0.761223,0.732138,0.691995,0.706532,0.755876,0.749124,0.762673,0.828172,0.698790,0.730740,0.757956,0.753442,0.727003,0.711004,0.723354,0.791842,0.805196,0.757983,0.785991,0.701330,0.737813,0.769978,0.765785,0.732430,0.734649,0.752081,0.765125,0.798967,0.748925,0.810567,0.772484,0.742262,0.741181,0.816701,0.760590,0.738494,0.713231,0.794316,0.732840,0.710488,0.727831,0.703084,0.738565,0.721394,0.729717,0.671399,0.708155,0.685051,0.731639,0.749372,0.799096,0.766610,0.759818,0.735090,0.748064,0.759820,0.726532,0.771730,0.780571,0.766800,0.737750,0.726595,0.733370,0.708232,0.684565,0.790311,0.632559,0.734977,0.702962,0.702168,0.671822,0.751556,0.706900,0.768978,0.750534,0.743583,0.735293,0.701915,0.765979,0.717788,0.717981,0.796803,0.723671,0.728017,0.769778,0.686606,0.731727,0.734100,0.726854,0.693312,0.806520,0.796843,0.746459,0.771529,0.753527,0.779641,0.747308,0.742938,0.746922,0.760741,0.702400,0.715832,0.729606,0.748806,0.728173,0.720460,0.705829,0.750718,0.715324,0.771681,0.764969,0.783303,0.739723,0.740988,0.738801,0.772321,0.710448,0.715844,0.772985,0.715025,0.751096,0.734505,0.712248,0.701951,0.768164,0.751463,0.732024,0.795977,0.692865,0.774846,0.769248,0.755676,0.752167,0.698091,0.720517,0.740667,0.720337,0.709312,0.761547,0.704628,0.718474,0.745503,0.682032,0.700418,0.722450,0.701007,0.750235,0.744139,0.723499,0.700401,#
10,0.759837,0.777681,0.747829,0.738276,0.710191,0.709718,0.739073,0.739196,0.743397,0.737214,1.000000,0.748894,0.737728,0.738976,0.693843,0.719697,0.751494,0.728638,0.763368,0.724501,0.755949,0.728987,0.748770,0.772887,0.696862,0.734634,0.761688,0.779989,0.724417,0.741817,0.749879,0.732857,0.729498,0.742261,0.743937,0.766765,0.759524,0.766041,0.757765,0.743102,0.742087,0.697759,0.742204,0.722115,0.721887,0.742141,0.826011,0.734660,0.768100,0.812307,0.751928,0.777919,0.744208,0.690562,0.782220,0.784773,0.750703,0.813645,0.706107,0.752750,0.761529,0.771573,0.785724,0.744306,0.767002,0.717993,0.806346,0.738405,0.794276,0.739958,0.810182,0.787846,0.818080,0.680325,0.744028,0.800265,0.725060,0.783157,0.767857,0.726221,0.807385,0.736144,0.747204,0.751319,0.756812,0.727918,0.748513,0.703657,0.738620,0.800999,0.692194,0.748465,0.792688,0.703819,0.702688,0.722612,0.705549,0.769355,0.738287,0.764967,0.741374,0.707337,0.707870,0.753591,0.756842,0.743216,0.732231,0.732776,0.725510,0.719196,0.744872,0.699137,0.789205,0.728832,0.686558,0.765647,0.665955,0.744208,0.736506,0.694223,0.722406,0.771755,0.685261,0.785803,0.682755,0.727727,0.733764,0.715472,0.777723,0.761661,0.713352,0.762856,0.708168,0.735398,0.778698,0.809196,0.718474,0.717885,0.761985,0.757151,0.792943,0.778219,0.683317,0.742746,0.712529,0.761132,0.769192,0.705346,0.726348,0.754381,0.714962,0.727945,0.721896,0.719302,0.778609,0.682071,0.774054,0.776905,0.714295,0.716706,0.778734,0.716248,0.746535,0.745643,0.754317,0.707602,0.755600,0.711698,0.726386,0.786187,0.736640,0.759223,0.668026,0.721632,0.785640,0.717427,0.705541,0.763845,0.690787,0.771714,0.725405,0.718713,0.727654,0.714434,0.661401,0.738703,0.758446,0.745178,0.696897,0.773484,0.734861,0.690286,0.719126,0.772243,0.748682,0.715993,0.727719,0.766930,0.732617,0.768338,#
11,0.799574,0.769302,0.721608,0.743758,0.732427,0.730010,0.741207,0.728945,0.739472,0.706838,0.748894,1.000000,0.763376,0.752969,0.748562,0.741503,0.744420,0.791362,0.795388,0.735949,0.754136,0.728988,0.782307,0.772213,0.729819,0.724677,0.746456,0.731829,0.753314,0.702145,0.767513,0.771258,0.772154,0.734832,0.693951,0.771776,0.769401,0.802465,0.722505,0.757065,0.755398,0.692528,0.734356,0.721894,0.725702,0.669259,0.819042,0.801403,0.757290,0.804276,0.747408,0.735789,0.788265,0.712948,0.786697,0.767871,0.706204,0.804705,0.764445,0.773110,0.726575,0.720879,0.805162,0.717199,0.756686,0.754892,0.771182,0.739450,0.789878,0.745470,0.773026,0.746046,0.791106,0.773897,0.795369,0.748903,0.778051,0.791032,0.732210,0.694517,0.762394,0.737423,0.774171,0.765351,0.802818,0.741959,0.655487,0.724684,0.693297,0.710268,0.752840,0.737720,0.727728,0.736137,0.693605,0.746313,0.714812,0.735989,0.740053,0.762925,0.741069,0.764264,0.762011,0.732351,0.766947,0.739866,0.749042,0.779634,0.796202,0.707382,0.763836,0.774516,0.778600,0.670263,0.674091,0.761283,0.723348,0.721543,0.751932,0.737814,0.683738,0.743563,0.721059,0.795635,0.721343,0.769852,0.771790,0.756540,0.755499,0.781775,0.754662,0.740091,0.764392,0.746336,0.783729,0.741065,0.765603,0.738986,0.767021,0.727473,0.742997,0.742662,0.727625,0.759884,0.746663,0.714919,0.782148,0.707387,0.727626,0.763955,0.748231,0.722534,0.741547,0.776376,0.766420,0.703580,0.770859,0.723428,0.721520,0.740076,0.773425,0.766620,0.815428,0.765306,0.790240,0.724581,0.783160,0.695027,0.732515,0.808398,0.782173,0.706041,0.782980,0.812840,0.772549,0.726285,0.745026,0.746597,0.726757,0.749883,0.746219,0.708562,0.755597,0.711551,0.746941,0.683339,0.752960,0.775658,0.707865,0.731413,0.741620,0.773543,0.723939,0.739192,0.720456,0.713900,0.750731,0.759979,0.745575,0.684539,#
12,0.771937,0.764909,0.699358,0.754506,0.678846,0.708959,0.722729,0.721630,0.737325,0.737357,0.737728,0.763376,1.000000,0.739501,0.713569,0.711864,0.689038,0.755600,0.774080,0.711767,0.760221,0.678121,0.759789,0.768741,0.718110,0.750307,0.716823,0.752159,0.704300,0.709030,0.722833,0.740897,0.705258,0.750116,0.757714,0.765176,0.722800,0.770874,0.736377,0.728984,0.651423,0.672207,0.683307,0.707890,0.744206,0.704896,0.804187,0.728388,0.769523,0.771402,0.817202,0.687721,0.729868,0.731952,0.775942,0.772954,0.719970,0.759444,0.747135,0.731918,0.714535,0.705548,0.741032,0.680593,0.758649,0.753882,0.757336,0.730764,0.772547,0.728656,0.731733,0.759291,0.777135,0.744780,0.751354,0.744013,0.738872,0.765007,0.757812,0.753911,0.759880,0.718145,0.763040,0.780522,0.703430,0.771587,0.656011,0.730576,0.693978,0.678671,0.745681,0.713095,0.767542,0.692789,0.684075,0.705949,0.744244,0.695664,0.710274,0.724300,0.694860,0.772167,0.712860,0.734665,0.706996,0.680499,0.698188,0.741220,0.766825,0.732467,0.725330,0.725412,0.734688,0.683868,0.771725,0.760581,0.628154,0.701106,0.745380,0.706680,0.697585,0.771153,0.683694,0.754714,0.706797,0.783507,0.759467,0.697930,0.723943,0.716034,0.665300,0.690923,0.690319,0.714135,0.723492,0.725352,0.695000,0.742532,0.687514,0.657692,0.775696,0.739380,0.698448,0.758552,0.670874,0.706863,0.753767,0.657233,0.724543,0.748944,0.749335,0.693689,0.727352,0.685714,0.713186,0.751918,0.764758,0.769386,0.780701,0.718221,0.733064,0.755181,0.741849,0.746922,0.784897,0.652455,0.698954,0.762265,0.689992,0.746666,0.760071,0.687233,0.741789,0.729042,0.742030,0.670785,0.773862,0.776009,0.689550,0.711761,0.719498,0.760598,0.707948,0.677380,0.651866,0.682781,0.708210,0.720649,0.781177,0.758155,0.683977,0.739900,0.646478,0.710806,0.687543,0.743803,0.709395,0.755878,0.768107,0.683796,#
13,0.730186,0.787321,0.726555,0.721361,0.728179,0.734603,0.746985,0.739737,0.769587,0.752556,0.738976,0.752969,0.739501,1.000000,0.710504,0.725050,0.678244,0.828996,0.766077,0.738808,0.748478,0.720700,0.773428,0.731764,0.741297,0.745911,0.724087,0.779898,0.754326,0.804566,0.714159,0.753337,0.750641,0.773677,0.655526,0.745579,0.740845,0.801984,0.750734,0.788642,0.811911,0.715385,0.752146,0.739554,0.761312,0.732529,0.779636,0.778759,0.805267,0.806480,0.784036,0.780358,0.729815,0.701536,0.815424,0.809162,0.773579,0.793582,0.769231,0.747708,0.759063,0.736897,0.727062,0.747662,0.785469,0.786052,0.787257,0.756778,0.802198,0.725949,0.721155,0.781319,0.783710,0.778427,0.765080,0.743840,0.762999,0.808544,0.795861,0.742232,0.778355,0.743611,0.781362,0.809453,0.751641,0.790083,0.667885,0.711099,0.782735,0.743455,0.710474,0.746701,0.734299,0.759194,0.721999,0.708248,0.738807,0.722290,0.730437,0.795557,0.767611,0.752677,0.767346,0.768969,0.782264,0.783959,0.730073,0.788553,0.733872,0.734258,0.758787,0.738177,0.764142,0.748126,0.711211,0.775324,0.674044,0.767523,0.774813,0.688292,0.755330,0.767684,0.689758,0.726097,0.699171,0.749188,0.761496,0.734031,0.757285,0.714735,0.767797,0.727166,0.734417,0.734112,0.770572,0.742653,0.734892,0.777633,0.809781,0.689077,0.761627,0.787899,0.782785,0.721392,0.714244,0.736627,0.753073,0.716925,0.752019,0.715332,0.790497,0.774467,0.700339,0.751102,0.732325,0.713597,0.799513,0.737209,0.764922,0.740089,0.771427,0.743956,0.756503,0.775234,0.774643,0.718079,0.778874,0.731998,0.766460,0.734403,0.754716,0.748634,0.778792,0.755856,0.798303,0.765274,0.764475,0.800156,0.738387,0.782503,0.743784,0.741836,0.792189,0.709945,0.765018,0.736354,0.715727,0.743713,0.713880,0.765755,0.772122,0.764086,0.743686,0.735601,0.778511,0.711424,0.746787,0.796699,0.756033,0.704224,#
14,0.762102,0.785387,0.756349,0.734877,0.684792,0.753380,0.664160,0.734115,0.734505,0.744956,0.693843,0.748562,0.713569,0.710504,1.000000,0.702949,0.689243,0.703820,0.661838,0.716046,0.732013,0.725806,0.728285,0.790039,0.703724,0.659378,0.757815,0.724715,0.689685,0.735801,0.773492,0.713015,0.705318,0.669880,0.718466,0.748099,0.668142,0.747362,0.745370,0.705315,0.726345,0.697842,0.741531,0.703833,0.698591,0.713933,0.745213,0.711951,0.713414,0.709010,0.715131,0.735345,0.693396,0.772910,0.748615,0.753876,0.695701,0.715214,0.728647,0.703539,0.730997,0.764006,0.738810,0.718922,0.724465,0.715519,0.760834,0.716031,0.781046,0.724721,0.708640,0.703947,0.773403,0.731738,0.755691,0.707670,0.702953,0.758573,0.716019,0.703115,0.743914,0.718907,0.761302,0.762460,0.750822,0.753381,0.640856,0.704723,0.724459,0.646498,0.688944,0.664083,0.748379,0.779167,0.733561,0.678958,0.741977,0.704779,0.711608,0.716926,0.754367,0.734909,0.737672,0.673964,0.716806,0.729559,0.703815,0.711760,0.753169,0.718573,0.730661,0.760023,0.755884,0.671612,0.623576,0.748708,0.651028,0.685083,0.692668,0.693793,0.710576,0.756530,0.667437,0.745908,0.746178,0.639083,0.745532,0.749795,0.669381,0.719626,0.693299,0.779028,0.704775,0.706068,0.739872,0.718430,0.769086,0.731944,0.711703,0.706017,0.725031,0.738298,0.635074,0.755796,0.707260,0.732464,0.778694,0.668115,0.724842,0.694042,0.736656,0.724042,0.663180,0.720802,0.746365,0.678903,0.711522,0.708477,0.676273,0.710950,0.741478,0.708765,0.715808,0.716142,0.731348,0.659340,0.665357,0.680315,0.651896,0.763756,0.712499,0.675497,0.732639,0.745196,0.796862,0.718220,0.707059,0.720330,0.706081,0.713605,0.704463,0.730195,0.725423,0.702217,0.726812,0.711440,0.758684,0.668734,0.738723,0.709020,0.683771,0.713545,0.743111,0.722305,0.652486,0.681143,0.701887,0.725161,0.690958,0.657319,#
15,0.732853,0.765366,0.732301,0.762177,0.748779,0.724581,0.771727,0.711073,0.767691,0.746127,0.719697,0.741503,0.711864,0.725050,0.702949,1.000000,0.696932,0.762571,0.719982,0.703038,0.724990,0.784668,0.740068,0.745570,0.739879,0.701605,0.713715,0.732273,0.721511,0.703461,0.793280,0.773284,0.768061,0.772300,0.682045,0.768750,0.750640,0.789618,0.735745,0.717791,0.694307,0.695102,0.757496,0.729219,0.773601,0.702043,0.779120,0.729829,0.782258,0.784989,0.774708,0.745015,0.700634,0.738469,0.753742,0.745348,0.745654,0.743179,0.759356,0.713341,0.760965,0.755742,0.731313,0.746159,0.750283,0.745978,0.771143,0.758914,0.740279,0.696386,0.751614,0.736889,0.722630,0.726342,0.773354,0.748241,0.766426,0.743743,0.780652,0.731730,0.743487,0.714546,0.737899,0.764291,0.790715,0.743119,0.645441,0.733757,0.727886,0.712381,0.680056,0.719439,0.758705,0.761646,0.674387,0.700656,0.687813,0.721476,0.719149,0.743331,0.757906,0.738652,0.740471,0.747772,0.725617,0.716259,0.689940,0.757580,0.714732,0.749370,0.703714,0.671252,0.768753,0.709837,0.683378,0.720450,0.661195,0.723827,0.719026,0.772008,0.697960,0.748937,0.672970,0.784316,0.702535,0.726661,0.733606,0.676875,0.742955,0.780282,0.739996,0.714186,0.701861,0.659496,0.752656,0.732652,0.749913,0.692326,0.713801,0.725759,0.717652,0.731514,0.694787,0.728837,0.737486,0.766720,0.683442,0.696947,0.726450,0.741046,0.760175,0.763141,0.712503,0.738009,0.729081,0.667219,0.766540,0.702408,0.745672,0.734862,0.706579,0.753356,0.749845,0.733714,0.731200,0.696932,0.739064,0.697677,0.728124,0.750409,0.697288,0.724550,0.672450,0.752634,0.754996,0.778038,0.733223,0.740386,0.716281,0.744088,0.744757,0.758333,0.698041,0.729346,0.739430,0.695308,0.697771,0.664246,0.697571,0.750810,0.711539,0.769150,0.698059,0.679413,0.706076,0.672587,0.738677,0.730932,0.748048,0.738542,#
16,0.759399,0.748633,0.713239,0.730580,0.711420,0.732797,0.740251,0.713695,0.712854,0.730929,0.751494,0.744420,0.689038,0.678244,0.689243,0.696932,1.000000,0.762450,0.759875,0.738369,0.802500,0.718530,0.672436,0.736096,0.714117,0.758611,0.754761,0.685553,0.648234,0.702265,0.755071,0.739113,0.720661,0.671934,0.720754,0.761708,0.777718,0.771702,0.720968,0.758182,0.721267,0.715778,0.699411,0.711127,0.729857,0.728347,0.756429,0.724116,0.764797,0.779083,0.696577,0.734593,0.736003,0.736818,0.749175,0.778867,0.665663,0.769206,0.734767,0.685643,0.762118,0.770885,0.715607,0.691492,0.717883,0.714726,0.812122,0.720475,0.766471,0.733009,0.749547,0.764526,0.773175,0.714247,0.729523,0.725762,0.717060,0.767653,0.709686,0.758218,0.804146,0.749115,0.759258,0.773980,0.736455,0.731870,0.728711,0.666301,0.693899,0.712839,0.653337,0.721906,0.738928,0.713731,0.719969,0.737376,0.730892,0.722254,0.757982,0.734406,0.772681,0.747510,0.716624,0.741784,0.716244,0.761235,0.760049,0.721700,0.781513,0.715813,0.738961,0.735296,0.743712,0.708298,0.715398,0.788971,0.765754,0.756280,0.722161,0.598554,0.667329,0.716184,0.706562,0.755031,0.728169,0.719845,0.685511,0.665495,0.762531,0.699408,0.765790,0.733258,0.726094,0.683906,0.749520,0.776806,0.723285,0.719474,0.697957,0.685212,0.739322,0.741304,0.744540,0.747135,0.667609,0.704271,0.760931,0.705924,0.729855,0.712683,0.689501,0.743862,0.637300,0.699983,0.810922,0.672761,0.754985,0.743031,0.705285,0.721535,0.729157,0.704701,0.782109,0.728086,0.751824,0.745154,0.722274,0.723417,0.719575,0.756027,0.709622,0.731912,0.714775,0.740156,0.749240,0.740437,0.678760,0.793939,0.717333,0.749010,0.737236,0.692810,0.737084,0.701730,0.672071,0.686496,0.748317,0.704635,0.742110,0.749768,0.725192,0.713759,0.724817,0.712707,0.744485,0.721854,0.742765,0.783967,0.737131,0.714650,#
17,0.805306,0.771763,0.765652,0.728048,0.760992,0.743474,0.790534,0.747468,0.783532,0.759236,0.728638,0.791362,0.755600,0.828996,0.703820,0.762571,0.762450,1.000000,0.757316,0.789626,0.773845,0.755497,0.783206,0.760168,0.777362,0.786178,0.782535,0.781761,0.732371,0.783541,0.789158,0.788571,0.733937,0.720801,0.701785,0.800741,0.776628,0.825579,0.768749,0.825681,0.742046,0.747798,0.750193,0.754508,0.755464,0.717476,0.795236,0.797809,0.803689,0.832899,0.774150,0.738639,0.765232,0.752422,0.795799,0.783762,0.772884,0.780514,0.755495,0.746096,0.735294,0.768387,0.775370,0.741031,0.774892,0.792325,0.854174,0.779514,0.780587,0.741577,0.767142,0.786196,0.778888,0.778691,0.812227,0.748318,0.800625,0.821555,0.785808,0.792894,0.786918,0.764510,0.828336,0.814941,0.769332,0.769055,0.716957,0.786477,0.755113,0.735872,0.752989,0.736775,0.764864,0.764536,0.743311,0.756533,0.737117,0.720261,0.762952,0.804278,0.798536,0.755942,0.747439,0.747401,0.753264,0.774520,0.732324,0.750116,0.750591,0.784250,0.781940,0.723240,0.797367,0.726960,0.762152,0.774206,0.701774,0.757043,0.785464,0.723300,0.754886,0.781520,0.754381,0.765694,0.724676,0.753468,0.726438,0.746155,0.772647,0.747440,0.773154,0.798221,0.785762,0.727222,0.781141,0.781709,0.784824,0.774693,0.765213,0.766588,0.798446,0.781859,0.798019,0.777351,0.764359,0.746900,0.767705,0.703140,0.784100,0.766380,0.771375,0.781340,0.729923,0.776383,0.762008,0.765106,0.822380,0.760047,0.762637,0.777386,0.774725,0.761341,0.808974,0.746044,0.771743,0.743879,0.718614,0.682974,0.768826,0.746283,0.766299,0.741767,0.789082,0.771602,0.833409,0.703442,0.757905,0.809433,0.741895,0.787459,0.766880,0.797642,0.769677,0.789406,0.751193,0.718111,0.761224,0.785813,0.711233,0.755509,0.792445,0.770602,0.738488,0.745061,0.777175,0.750511,0.768363,0.801773,0.792698,0.688468,#
18,0.779947,0.775964,0.692364,0.760729,0.709981,0.749408,0.737557,0.730082,0.684977,0.726124,0.763368,0.795388,0.774080,0.766077,0.661838,0.719982,0.759875,0.757316,1.000000,0.726256,0.752110,0.754306,0.754013,0.699330,0.700771,0.775357,0.774182,0.741724,0.705239,0.776855,0.699149,0.792171,0.757690,0.768799,0.738329,0.807591,0.740855,0.775343,0.751734,0.773680,0.741711,0.710958,0.715861,0.698212,0.770928,0.698162,0.781770,0.794671,0.799424,0.766601,0.733201,0.731258,0.764069,0.662865,0.774165,0.749323,0.726756,0.773174,0.738793,0.798572,0.733439,0.719905,0.741887,0.715939,0.785480,0.697768,0.778886,0.715324,0.712919,0.719785,0.749241,0.744348,0.787243,0.717277,0.810131,0.729817,0.755122,0.756351,0.741283,0.726728,0.770064,0.711592,0.757155,0.773887,0.763833,0.779857,0.682794,0.719016,0.761118,0.707414,0.728535,0.697821,0.761977,0.758908,0.721267,0.700261,0.728434,0.743919,0.747761,0.767784,0.751339,0.716646,0.724129,0.751033,0.745423,0.749139,0.735079,0.750817,0.786765,0.768806,0.775529,0.713717,0.761111,0.721974,0.694148,0.763217,0.716058,0.734542,0.777096,0.696336,0.724989,0.794913,0.694907,0.764259,0.743016,0.717436,0.805340,0.678705,0.793498,0.704270,0.745714,0.761745,0.752058,0.701589,0.759562,0.740624,0.770964,0.744766,0.697341,0.723732,0.767671,0.784253,0.728498,0.798022,0.731781,0.717626,0.756901,0.682237,0.768056,0.716477,0.745297,0.746409,0.760392,0.696887,0.757813,0.748727,0.765786,0.789640,0.712663,0.731326,0.780053,0.768249,0.816040,0.759551,0.757612,0.699913,0.835177,0.717107,0.700731,0.747386,0.737143,0.740135,0.759782,0.777377,0.737558,0.714649,0.746574,0.796317,0.730516,0.797091,0.744417,0.755095,0.738303,0.701466,0.716854,0.743905,0.726056,0.748888,0.713443,0.788355,0.732877,0.740587,0.664763,0.777745,0.753351,0.724450,0.721008,0.814993,0.750951,0.720469,#
19,0.739359,0.799094,0.744892,0.716724,0.744229,0.785152,0.717975,0.739368,0.755295,0.690703,0.724501,0.735949,0.711767,0.738808,0.716046,0.703038,0.738369,0.789626,0.726256,1.000000,0.775095,0.710006,0.704808,0.750659,0.720773,0.717442,0.736821,0.719304,0.678164,0.752694,0.792199,0.799141,0.753124,0.696989,0.686042,0.815882,0.693722,0.770253,0.730067,0.746113,0.759340,0.734776,0.734080,0.705511,0.718776,0.732382,0.802573,0.751269,0.767816,0.744421,0.711180,0.724158,0.724387,0.720389,0.766847,0.726956,0.761106,0.757656,0.728874,0.702773,0.728160,0.702789,0.779075,0.716778,0.727176,0.746818,0.792328,0.716390,0.765707,0.717493,0.753260,0.757180,0.788223,0.725216,0.750048,0.717757,0.702070,0.754037,0.716569,0.719058,0.778397,0.697965,0.793526,0.744574,0.733975,0.705458,0.707596,0.734000,0.775255,0.716425,0.676868,0.729139,0.699453,0.759664,0.708732,0.670527,0.728938,0.726474,0.737157,0.764857,0.760455,0.737790,0.726923,0.716939,0.758501,0.702673,0.750977,0.706663,0.738068,0.690972,0.742285,0.693349,0.743454,0.703911,0.728336,0.760650,0.745371,0.740856,0.753045,0.641313,0.767668,0.730905,0.679170,0.816303,0.739733,0.737966,0.726165,0.714599,0.798434,0.801789,0.733534,0.790338,0.749649,0.750753,0.762624,0.757337,0.713452,0.739060,0.734005,0.699088,0.768750,0.759694,0.708569,0.740127,0.725058,0.681808,0.693882,0.634766,0.754415,0.749090,0.728206,0.760387,0.701549,0.738304,0.776984,0.690750,0.793872,0.745548,0.724991,0.739526,0.718178,0.754853,0.740017,0.754606,0.744429,0.687318,0.686177,0.752924,0.703400,0.725425,0.709490,0.748258,0.747828,0.745285,0.792571,0.671462,0.739390,0.771845,0.728740,0.683326,0.708720,0.759042,0.746494,0.752937,0.690973,0.694692,0.708002,0.729153,0.746254,0.760239,0.722423,0.738934,0.699344,0.764215,0.773533,0.718578,0.722443,0.726687,0.706497,0.687214,#
20,0.784461,0.809971,0.714447,0.747614,0.759385,0.763246,0.787231,0.767034,0.771918,0.781525,0.755949,0.754136,0.760221,0.748478,0.732013,0.724990,0.802500,0.773845,0.752110,0.775095,1.000000,0.759610,0.713733,0.782853,0.757165,0.761068,0.774534,0.779338,0.722413,0.769720,0.779986,0.774797,0.742469,0.775657,0.749710,0.783993,0.748810,0.769418,0.753058,0.800522,0.775619,0.795338,0.736615,0.792546,0.778982,0.712390,0.805657,0.773691,0.794426,0.756093,0.776547,0.793174,0.752065,0.741152,0.779357,0.777216,0.726202,0.801877,0.773122,0.743549,0.783735,0.762378,0.803036,0.713934,0.787432,0.793492,0.843286,0.742813,0.783211,0.726381,0.741277,0.797113,0.785358,0.756789,0.738932,0.722627,0.730917,0.791158,0.789206,0.809829,0.783351,0.795373,0.786496,0.825038,0.727485,0.746791,0.734010,0.741439,0.791466,0.806033,0.728197,0.748217,0.749432,0.790633,0.750635,0.749549,0.724106,0.706404,0.756690,0.775726,0.823198,0.784665,0.743968,0.790899,0.783910,0.722663,0.799468,0.787253,0.772216,0.791411,0.748565,0.781252,0.742094,0.680479,0.770074,0.791937,0.744085,0.797927,0.705602,0.679341,0.775023,0.769279,0.726088,0.805454,0.724547,0.765813,0.706337,0.714908,0.754514,0.771439,0.765598,0.768468,0.793791,0.765947,0.785860,0.755143,0.734854,0.801818,0.762960,0.771638,0.777619,0.731742,0.772025,0.788955,0.764587,0.727517,0.796036,0.724198,0.737837,0.786987,0.765797,0.792525,0.727711,0.720366,0.801451,0.724520,0.753365,0.792108,0.768705,0.761800,0.767722,0.770018,0.754560,0.779997,0.828768,0.711487,0.718699,0.739712,0.714988,0.769227,0.773511,0.742329,0.782262,0.771782,0.779041,0.738142,0.734871,0.807929,0.748598,0.781301,0.754080,0.738434,0.744464,0.702458,0.719329,0.757143,0.761378,0.762145,0.746870,0.759872,0.705219,0.769957,0.763260,0.763323,0.774326,0.726626,0.759649,0.795651,0.775401,0.736364,#
21,0.746063,0.836423,0.743963,0.787225,0.737409,0.734931,0.733676,0.703723,0.778635,0.726848,0.728987,0.728988,0.678121,0.720700,0.725806,0.784668,0.718530,0.755497,0.754306,0.710006,0.759610,1.000000,0.762192,0.755595,0.676274,0.728205,0.790046,0.728733,0.738775,0.705870,0.740274,0.719873,0.762333,0.750555,0.738872,0.793194,0.721310,0.763892,0.753219,0.755925,0.726355,0.760616,0.737068,0.752082,0.746721,0.734216,0.747391,0.752154,0.773507,0.774980,0.720266,0.785719,0.756649,0.708389,0.772886,0.760292,0.730067,0.742968,0.782583,0.727769,0.740340,0.760936,0.694923,0.709827,0.777822,0.737512,0.788243,0.736844,0.734582,0.769297,0.733573,0.804462,0.781349,0.776423,0.803767,0.765584,0.770086,0.762144,0.784540,0.763318,0.737153,0.700557,0.801828,0.779831,0.806867,0.749284,0.665929,0.753200,0.766212,0.737343,0.656514,0.697573,0.761467,0.747684,0.739241,0.741155,0.723941,0.684959,0.735054,0.790914,0.755617,0.733704,0.658535,0.753024,0.720652,0.767141,0.712011,0.755258,0.711634,0.777975,0.784589,0.700337,0.758157,0.726036,0.651447,0.707692,0.718707,0.789449,0.723519,0.720872,0.722692,0.715278,0.688120,0.726948,0.695463,0.682872,0.731383,0.721264,0.738352,0.768418,0.750550,0.775247,0.723893,0.739671,0.800645,0.694027,0.717891,0.699351,0.721316,0.742064,0.782538,0.754092,0.682615,0.744957,0.705381,0.714272,0.730514,0.676818,0.715392,0.753659,0.752744,0.795280,0.715881,0.739428,0.709462,0.716922,0.755169,0.748233,0.684458,0.753205,0.741045,0.758480,0.761053,0.751025,0.789884,0.727030,0.761048,0.711284,0.692393,0.748293,0.748507,0.732337,0.731978,0.732876,0.739865,0.704397,0.655416,0.749494,0.735833,0.752245,0.728922,0.791683,0.731921,0.731669,0.726630,0.741683,0.747862,0.684177,0.690080,0.761436,0.734919,0.715398,0.720994,0.704776,0.736081,0.689024,0.736366,0.764766,0.682031,0.744254,#
