0,1.000000,0.807033,0.825351,0.769869,0.752213,0.842453,0.797753,0.825670,0.804292,0.767560,0.786347,0.823215,0.777901,0.798269,0.778607,0.789786,0.831348,0.832545,0.807713,0.785923,0.822062,0.764817,0.833627,0.842054,0.739630,0.775215,0.782849,0.786140,0.777785,0.823792,0.794587,0.827737,0.799623,0.803060,0.822067,0.781101,0.745004,0.813550,0.823339,0.831931,0.828138,0.762726,0.814909,0.801019,0.811255,0.756554,0.827011,0.825364,0.791146,0.829556,0.800190,0.817966,0.813173,0.821203,0.822757,0.854557,0.805345,0.847662,0.809411,0.811215,0.823746,0.789585,0.813038,0.801667,0.814578,0.808120,0.847277,0.804292,0.809730,0.763020,0.801177,0.805257,0.845293,0.816560,0.801980,0.806817,0.833622,0.803124,0.812957,0.788258,0.839080,0.813794,0.817794,0.826168,0.815337,0.839020,0.819870,0.815882,0.766589,0.805962,0.766402,0.810831,0.796810,0.795522,0.801092,0.785817,0.786262,0.794366,0.830223,0.848001,0.826673,0.806580,0.818941,0.833369,0.781422,0.811258,0.774746,0.822978,0.800457,0.737022,0.805942,0.835446,0.797722,0.784849,0.801744,0.848909,0.799689,0.787824,0.792978,0.794247,0.741728,0.859912,0.819016,0.875112,0.825916,0.798423,0.777840,0.785411,0.761299,0.792812,0.812625,0.815192,0.820512,0.768752,0.817774,0.799510,0.797912,0.815142,0.796072,0.823524,0.780103,0.780613,0.759180,0.835044,0.796672,0.686612,0.804403,0.761729,0.822024,0.817796,0.822288,0.826626,0.808152,0.794727,0.784740,0.794985,0.808217,0.823569,0.839825,0.786113,0.829290,0.819692,0.808704,0.817510,0.805201,0.792993,0.819514,0.804228,0.793136,0.795923,0.820036,0.808439,0.783218,0.830434,0.839494,0.785975,0.818016,0.847775,0.804008,0.787743,0.788600,0.804918,0.779497,0.766530,0.791069,0.773209,0.789087,0.802839,0.784885,0.792465,0.773152,0.817159,0.799785,0.805479,0.785923,0.808741,0.786011,0.840944,0.808378,0.792564,#
1,0.807033,1.000000,0.784766,0.813952,0.794370,0.837837,0.734457,0.805365,0.818858,0.782599,0.782945,0.793596,0.786168,0.777057,0.783529,0.792874,0.798124,0.795533,0.799280,0.796996,0.799226,0.849594,0.831575,0.806938,0.770851,0.738591,0.821996,0.825854,0.783874,0.772748,0.830998,0.839941,0.804531,0.834787,0.767338,0.795279,0.758605,0.828205,0.824736,0.819905,0.802081,0.738941,0.771934,0.798251,0.773294,0.777913,0.829305,0.799556,0.802943,0.805857,0.781650,0.819079,0.813073,0.776199,0.825742,0.814445,0.791995,0.831057,0.806556,0.753750,0.791106,0.787923,0.731801,0.750915,0.803880,0.826578,0.814242,0.816163,0.815396,0.822424,0.781018,0.806436,0.854193,0.744699,0.807678,0.805577,0.790351,0.777939,0.808017,0.761924,0.819419,0.785314,0.829287,0.836718,0.824349,0.813439,0.801118,0.807777,0.801766,0.803111,0.758053,0.783666,0.820373,0.808857,0.799748,0.791324,0.769730,0.800036,0.798010,0.798534,0.817170,0.805587,0.764596,0.799487,0.772380,0.819416,0.767781,0.831955,0.794624,0.759302,0.802467,0.790422,0.777400,0.808324,0.773197,0.798547,0.788791,0.793237,0.766307,0.746242,0.814935,0.814238,0.785508,0.816706,0.787278,0.769925,0.790396,0.793908,0.793058,0.831125,0.786246,0.840379,0.767215,0.783435,0.826924,0.787969,0.795586,0.797279,0.792975,0.766380,0.818679,0.791170,0.816480,0.846739,0.778900,0.766458,0.785070,0.752594,0.823145,0.773251,0.805918,0.842467,0.811649,0.754143,0.819564,0.759611,0.814573,0.799278,0.770834,0.756536,0.796087,0.849296,0.789405,0.842766,0.796632,0.744987,0.812046,0.776321,0.747676,0.784758,0.798332,0.788119,0.773630,0.823130,0.791777,0.781549,0.785955,0.863941,0.756186,0.807221,0.772826,0.783423,0.779713,0.801394,0.769101,0.831900,0.798231,0.741695,0.795134,0.793958,0.802707,0.772654,0.782246,0.777226,0.816391,0.739639,0.778611,0.826627,0.777287,0.791010,#
2,0.825351,0.784766,1.000000,0.773474,0.760713,0.797447,0.765429,0.794880,0.798573,0.741313,0.750222,0.741206,0.745873,0.792695,0.770444,0.763896,0.775050,0.786736,0.773816,0.788506,0.762506,0.759671,0.779042,0.844015,0.734268,0.749983,0.823811,0.800749,0.827109,0.804635,0.803839,0.779530,0.785019,0.768683,0.777325,0.764474,0.744412,0.789823,0.827332,0.780901,0.767919,0.750279,0.796144,0.774053,0.743421,0.744010,0.831877,0.757373,0.755634,0.816265,0.777089,0.809500,0.811463,0.805048,0.840744,0.815142,0.791487,0.777399,0.780643,0.769706,0.834906,0.798747,0.754129,0.795427,0.783923,0.807916,0.779983,0.790947,0.785922,0.793154,0.786003,0.770958,0.822128,0.787239,0.819285,0.791256,0.784486,0.773899,0.775073,0.795899,0.817666,0.809632,0.823525,0.798961,0.836505,0.802975,0.764699,0.819245,0.724262,0.760236,0.778197,0.796832,0.827611,0.770427,0.789129,0.784471,0.763747,0.763979,0.841782,0.814381,0.801213,0.779176,0.760377,0.784876,0.711747,0.806449,0.797802,0.780586,0.779754,0.712871,0.794364,0.755014,0.799921,0.762970,0.755764,0.762201,0.755384,0.798887,0.786278,0.737569,0.754054,0.770061,0.747958,0.831516,0.791840,0.742260,0.776618,0.766373,0.757335,0.808097,0.807518,0.815860,0.822349,0.796744,0.803755,0.785065,0.797100,0.801048,0.819174,0.765669,0.740717,0.806758,0.699021,0.765738,0.742566,0.777263,0.772399,0.752241,0.779893,0.793696,0.801422,0.811006,0.783907,0.798873,0.769257,0.772301,0.781216,0.744813,0.770513,0.730411,0.746384,0.757229,0.772691,0.801608,0.749653,0.790532,0.817345,0.753775,0.750123,0.766300,0.794514,0.772783,0.785084,0.762149,0.822319,0.766911,0.742632,0.819656,0.771581,0.749079,0.746965,0.824405,0.728663,0.817142,0.747044,0.783000,0.777030,0.760106,0.771225,0.776354,0.776049,0.782664,0.848895,0.783639,0.764811,0.791290,0.745924,0.801993,0.752828,0.789511,#
3,0.769869,0.813952,0.773474,1.000000,0.798158,0.794780,0.771173,0.771335,0.808874,0.777695,0.766800,0.770416,0.797283,0.779231,0.733453,0.816840,0.800857,0.777000,0.821316,0.780592,0.775585,0.803128,0.787244,0.770783,0.788500,0.780209,0.799609,0.798494,0.763970,0.786767,0.796453,0.836065,0.792017,0.809327,0.771441,0.776923,0.750192,0.813682,0.729398,0.815702,0.800357,0.740930,0.793088,0.818165,0.769809,0.838138,0.829945,0.757085,0.804121,0.772111,0.801313,0.746518,0.803485,0.765736,0.776884,0.829710,0.764125,0.803825,0.836999,0.778583,0.781145,0.773272,0.719008,0.781047,0.832679,0.782718,0.774181,0.797911,0.736483,0.788975,0.770544,0.796601,0.815682,0.755017,0.763514,0.772802,0.765930,0.763725,0.770279,0.784693,0.822062,0.761235,0.802254,0.802598,0.812561,0.808405,0.796180,0.774944,0.744071,0.772172,0.765582,0.798873,0.819088,0.795404,0.773779,0.792018,0.743611,0.769452,0.802112,0.800057,0.746174,0.789784,0.747604,0.762532,0.782127,0.774735,0.739626,0.792703,0.762442,0.752909,0.792052,0.762542,0.745737,0.777448,0.768337,0.807623,0.742105,0.761639,0.780945,0.715346,0.744551,0.792504,0.788696,0.788380,0.763159,0.769325,0.776548,0.785881,0.772144,0.772375,0.765626,0.804414,0.735130,0.790330,0.809783,0.798938,0.844866,0.761110,0.741580,0.755041,0.732451,0.796529,0.787242,0.737109,0.742134,0.808584,0.740734,0.792038,0.813830,0.774186,0.777834,0.810822,0.751624,0.764986,0.790210,0.730212,0.793624,0.759098,0.780583,0.748378,0.772196,0.803411,0.742779,0.799201,0.769934,0.763657,0.796520,0.736653,0.763109,0.758230,0.778899,0.807963,0.762524,0.803316,0.773664,0.797633,0.779861,0.819654,0.782329,0.782638,0.716269,0.817733,0.744131,0.779423,0.741840,0.786331,0.763701,0.712751,0.783583,0.838528,0.769900,0.772976,0.757094,0.755388,0.774183,0.784664,0.752296,0.779454,0.750098,0.797369,#
4,0.752213,0.794370,0.760713,0.798158,1.000000,0.826361,0.776298,0.777013,0.757964,0.760212,0.742146,0.789637,0.750720,0.810936,0.726252,0.778059,0.808581,0.821337,0.798417,0.828119,0.789486,0.772892,0.763503,0.818046,0.743096,0.753377,0.802413,0.760692,0.758012,0.784271,0.839303,0.793182,0.831693,0.758094,0.753723,0.758746,0.746545,0.779710,0.759892,0.808669,0.807509,0.717624,0.763829,0.790199,0.751939,0.791216,0.804897,0.791306,0.804269,0.789339,0.784456,0.756408,0.822178,0.741957,0.813746,0.823727,0.769475,0.794827,0.811491,0.794114,0.737525,0.769272,0.750472,0.758261,0.819534,0.800137,0.799446,0.778302,0.766924,0.775949,0.779002,0.821739,0.802989,0.785738,0.771120,0.743713,0.755580,0.799871,0.794992,0.800130,0.771277,0.772294,0.824235,0.761075,0.804204,0.778554,0.751161,0.729659,0.774391,0.785972,0.751764,0.760980,0.765888,0.765377,0.736996,0.757841,0.754676,0.756374,0.758602,0.783340,0.811024,0.802605,0.781616,0.759422,0.775018,0.781706,0.777981,0.779315,0.789052,0.758964,0.763347,0.772316,0.785768,0.835208,0.763167,0.764413,0.773219,0.818039,0.760037,0.718478,0.747613,0.796539,0.828352,0.784489,0.752791,0.791824,0.725681,0.785954,0.828269,0.788853,0.817628,0.798459,0.752651,0.779204,0.836067,0.804812,0.804844,0.798445,0.755241,0.728370,0.722438,0.810431,0.785979,0.770890,0.740709,0.727515,0.813428,0.735089,0.769067,0.807851,0.779497,0.856563,0.745721,0.738783,0.821749,0.758610,0.825714,0.727971,0.788053,0.725933,0.741537,0.782951,0.821669,0.782629,0.777362,0.760758,0.750795,0.725714,0.774803,0.769580,0.777760,0.806605,0.778428,0.771776,0.828073,0.793929,0.774949,0.808491,0.763549,0.767898,0.758095,0.778186,0.791310,0.769159,0.813294,0.796935,0.763733,0.807287,0.748201,0.761390,0.762160,0.724876,0.756371,0.795243,0.765628,0.749105,0.778316,0.777824,0.785651,0.757951,#
5,0.842453,0.837837,0.797447,0.794780,0.826361,1.000000,0.761800,0.812394,0.827037,0.760739,0.781203,0.793351,0.727994,0.747388,0.765218,0.841529,0.789411,0.823770,0.776266,0.801363,0.792426,0.788753,0.788865,0.816495,0.762183,0.802416,0.844511,0.825931,0.759743,0.791984,0.842105,0.826484,0.801330,0.805338,0.787216,0.797723,0.755141,0.808778,0.803348,0.806097,0.836748,0.723375,0.757807,0.784571,0.792232,0.800080,0.837676,0.812325,0.814648,0.786812,0.789592,0.783723,0.802325,0.827563,0.788760,0.872920,0.804859,0.829567,0.856482,0.816839,0.789336,0.798367,0.777825,0.831683,0.797593,0.821379,0.802803,0.811250,0.786986,0.798939,0.817202,0.800814,0.836546,0.796249,0.775357,0.778661,0.823370,0.792522,0.777037,0.777672,0.846536,0.795364,0.816006,0.809045,0.819628,0.825536,0.803081,0.810880,0.784227,0.776079,0.752525,0.793319,0.821222,0.820221,0.757591,0.749519,0.773874,0.770088,0.827854,0.805818,0.852500,0.809573,0.845712,0.805524,0.797498,0.803403,0.778977,0.809371,0.764693,0.796559,0.769772,0.828141,0.783506,0.770909,0.732462,0.773589,0.810906,0.790673,0.744198,0.786363,0.751572,0.814236,0.825673,0.855152,0.757183,0.812909,0.798747,0.800560,0.793308,0.817074,0.840607,0.841187,0.826402,0.818996,0.802431,0.783328,0.830882,0.801453,0.774280,0.795277,0.776271,0.767316,0.799662,0.827733,0.827930,0.721604,0.767651,0.778822,0.799359,0.813917,0.826196,0.843054,0.770109,0.780327,0.777317,0.749980,0.830662,0.805875,0.818744,0.787436,0.783786,0.831057,0.800599,0.814472,0.799388,0.777241,0.767699,0.792326,0.781004,0.775925,0.842413,0.801874,0.764565,0.791655,0.819370,0.779984,0.758585,0.817196,0.805909,0.822626,0.825311,0.800835,0.771567,0.787058,0.824059,0.812184,0.796461,0.787334,0.774072,0.814531,0.760933,0.811676,0.788322,0.791862,0.750440,0.762137,0.767694,0.810619,0.800969,0.794817,#
6,0.797753,0.734457,0.765429,0.771173,0.776298,0.761800,1.000000,0.763604,0.770311,0.732279,0.760764,0.746017,0.763575,0.802138,0.709941,0.761426,0.808205,0.811787,0.777863,0.745297,0.818197,0.730457,0.727633,0.790276,0.757969,0.765613,0.776759,0.767180,0.754326,0.800979,0.798554,0.797506,0.800927,0.787691,0.778246,0.780582,0.742257,0.752458,0.758597,0.784092,0.784331,0.769135,0.772574,0.783986,0.805418,0.723779,0.814484,0.759377,0.826133,0.818996,0.798844,0.801885,0.822834,0.708126,0.814836,0.809575,0.802041,0.815989,0.832904,0.736145,0.792508,0.757156,0.736421,0.755193,0.834911,0.745934,0.835442,0.759179,0.775830,0.744105,0.768256,0.802836,0.794136,0.797469,0.743869,0.759230,0.772199,0.787600,0.778388,0.744110,0.803040,0.785187,0.784943,0.825382,0.753217,0.789124,0.768286,0.751020,0.787102,0.787432,0.747350,0.758444,0.732919,0.768825,0.743488,0.749585,0.784642,0.768493,0.783170,0.786323,0.801735,0.779246,0.787125,0.775992,0.771513,0.712754,0.791123,0.768076,0.767191,0.711825,0.722021,0.756972,0.729170,0.758945,0.736655,0.736954,0.759906,0.787189,0.757735,0.734269,0.749405,0.784440,0.765738,0.828727,0.804989,0.783588,0.731673,0.790529,0.715741,0.746743,0.784683,0.795673,0.742137,0.726838,0.781758,0.795725,0.793912,0.792252,0.808965,0.765039,0.762597,0.783649,0.736494,0.766459,0.733810,0.777976,0.776787,0.746015,0.761655,0.760258,0.768998,0.829009,0.725913,0.710289,0.738589,0.735724,0.799363,0.715044,0.781919,0.757330,0.786244,0.778376,0.740309,0.792889,0.789461,0.774032,0.807636,0.685475,0.762528,0.766133,0.804982,0.765741,0.721753,0.726530,0.777075,0.798141,0.761761,0.800113,0.765495,0.763689,0.763054,0.751596,0.788479,0.790450,0.736221,0.766476,0.744943,0.764428,0.717395,0.766502,0.729097,0.765300,0.736499,0.774960,0.793614,0.788699,0.774152,0.798187,0.769647,0.765707,#
7,0.825670,0.805365,0.794880,0.771335,0.777013,0.812394,0.763604,1.000000,0.852034,0.778897,0.772265,0.764691,0.779061,0.798204,0.777716,0.769789,0.793708,0.802616,0.814880,0.783879,0.796898,0.770235,0.846590,0.808587,0.770962,0.829926,0.804578,0.812530,0.787137,0.827311,0.756950,0.816931,0.774020,0.798540,0.775858,0.782019,0.775338,0.775259,0.795221,0.795261,0.824735,0.746095,0.800542,0.794250,0.775096,0.758265,0.817274,0.814344,0.786993,0.771007,0.805055,0.787830,0.817079,0.826343,0.817973,0.812343,0.784333,0.821634,0.801612,0.799475,0.752797,0.782046,0.776940,0.792316,0.817667,0.833001,0.844666,0.824863,0.822559,0.770574,0.812977,0.742352,0.837507,0.809064,0.803515,0.768577,0.807651,0.774646,0.787823,0.772196,0.824819,0.800855,0.821310,0.787064,0.820244,0.790252,0.845247,0.802395,0.762401,0.779026,0.782652,0.823850,0.798651,0.775793,0.803804,0.759364,0.809186,0.821768,0.818204,0.807645,0.815813,0.774997,0.793270,0.783882,0.766834,0.793705,0.771805,0.808820,0.772868,0.733085,0.845314,0.791336,0.803562,0.800543,0.741837,0.791405,0.772856,0.770884,0.742557,0.783630,0.778500,0.788180,0.782773,0.845359,0.832028,0.782895,0.763743,0.803994,0.743057,0.781777,0.795181,0.811214,0.807630,0.744110,0.830231,0.832496,0.832863,0.798459,0.759275,0.790429,0.773801,0.809139,0.793626,0.793638,0.793148,0.757458,0.804396,0.712560,0.811298,0.796618,0.767555,0.812086,0.813943,0.752655,0.782144,0.798181,0.810610,0.795788,0.820361,0.765725,0.812015,0.777137,0.837133,0.775204,0.797900,0.771287,0.827496,0.793239,0.764527,0.736320,0.843594,0.824066,0.747204,0.795748,0.797858,0.763546,0.769782,0.811978,0.788552,0.782375,0.779770,0.779950,0.778817,0.789989,0.768845,0.825733,0.783878,0.762180,0.790763,0.829896,0.815539,0.800021,0.759917,0.764052,0.788365,0.790190,0.772835,0.829184,0.801147,0.779028,#
8,0.804292,0.818858,0.798573,0.808874,0.757964,0.827037,0.770311,0.852034,1.000000,0.784944,0.760391,0.771918,0.801027,0.787664,0.750445,0.796552,0.792663,0.825744,0.772060,0.812211,0.792210,0.797573,0.804976,0.787367,0.760721,0.812955,0.808239,0.818316,0.778544,0.804594,0.777713,0.820831,0.794720,0.792223,0.765213,0.800643,0.762926,0.801130,0.786256,0.803750,0.801877,0.750315,0.845169,0.784800,0.774154,0.748883,0.794025,0.814372,0.795345,0.800562,0.800526,0.791917,0.774930,0.822869,0.809232,0.829206,0.773898,0.790819,0.806294,0.759095,0.791627,0.791648,0.799193,0.800842,0.816741,0.831328,0.809659,0.825519,0.810538,0.784493,0.777781,0.811399,0.847348,0.811668,0.772102,0.750534,0.770218,0.788566,0.770570,0.778662,0.817337,0.792355,0.795679,0.824754,0.819645,0.808939,0.785268,0.814854,0.751206,0.775154,0.771328,0.789232,0.804612,0.776273,0.818481,0.772387,0.764945,0.797172,0.859652,0.801677,0.816879,0.755328,0.784563,0.815572,0.744028,0.791235,0.800620,0.823801,0.758316,0.774775,0.805640,0.810386,0.807027,0.788637,0.749086,0.795751,0.750650,0.768612,0.787903,0.775101,0.760898,0.776826,0.788494,0.834603,0.780874,0.792771,0.765368,0.770828,0.779312,0.773362,0.765057,0.808993,0.797137,0.795308,0.838371,0.791349,0.815053,0.805259,0.759161,0.799334,0.765551,0.818150,0.802331,0.790360,0.788751,0.722531,0.777681,0.724142,0.795494,0.804863,0.769553,0.833568,0.769265,0.812557,0.768014,0.780207,0.823731,0.801185,0.818248,0.790236,0.794341,0.798302,0.834989,0.815089,0.781938,0.744776,0.787948,0.792258,0.767325,0.765593,0.832046,0.802323,0.759970,0.782740,0.820996,0.785372,0.766858,0.844967,0.784610,0.741679,0.757974,0.809572,0.747870,0.811950,0.770773,0.799929,0.814637,0.769725,0.813720,0.832895,0.805411,0.821615,0.811217,0.777437,0.764212,0.770718,0.766461,0.799949,0.767768,0.839941,#
9,0.767560,0.782599,0.741313,0.777695,0.760212,0.760739,0.732279,0.778897,0.784944,1.000000,0.725189,0.741993,0.771873,0.778510,0.782079,0.768855,0.799637,0.771701,0.787044,0.744633,0.809421,0.762515,0.780516,0.799949,0.727372,0.762465,0.777691,0.819184,0.724942,0.822895,0.733873,0.777364,0.793068,0.802430,0.776870,0.768252,0.748308,0.769697,0.769935,0.784076,0.782509,0.747935,0.747191,0.749713,0.792838,0.718051,0.779687,0.768715,0.739931,0.749739,0.735460,0.725185,0.744308,0.765832,0.787650,0.802121,0.756808,0.835007,0.777555,0.759334,0.770331,0.747844,0.750558,0.758731,0.759734,0.839156,0.793609,0.804349,0.813995,0.748626,0.759957,0.751653,0.785006,0.757174,0.786322,0.747790,0.757049,0.820372,0.766682,0.793736,0.763524,0.776762,0.763393,0.841360,0.807274,0.770874,0.741321,0.807650,0.726669,0.718264,0.736300,0.758449,0.800787,0.750647,0.780359,0.752949,0.732899,0.786899,0.797272,0.769864,0.785600,0.799335,0.783536,0.793672,0.771085,0.787205,0.756258,0.789935,0.797822,0.796521,0.802945,0.785129,0.804435,0.761593,0.727132,0.808175,0.685423,0.736589,0.706362,0.756083,0.758431,0.783458,0.803967,0.810086,0.784941,0.760531,0.781839,0.725630,0.803004,0.747027,0.764688,0.792520,0.757000,0.775614,0.800330,0.744393,0.779257,0.757557,0.741441,0.767976,0.741555,0.818962,0.773551,0.798420,0.733758,0.778089,0.791396,0.731467,0.784717,0.757959,0.730725,0.783823,0.744213,0.792353,0.775164,0.751646,0.766555,0.758753,0.769933,0.764437,0.777435,0.819123,0.770375,0.787877,0.798200,0.775007,0.733147,0.740210,0.785377,0.748331,0.818741,0.798614,0.752827,0.738696,0.783130,0.824097,0.731095,0.814873,0.763432,0.796691,0.783541,0.744365,0.769921,0.755322,0.752174,0.820130,0.725223,0.745929,0.806306,0.739832,0.777679,0.788499,0.738901,0.719322,0.749852,0.730463,0.772340,0.772467,0.751970,0.752604,#
10,0.786347,0.782945,0.750222,0.766800,0.742146,0.781203,0.760764,0.772265,0.760391,0.725189,1.000000,0.740099,0.722885,0.758821,0.688114,0.773386,0.785065,0.749918,0.776538,0.754224,0.757794,0.745504,0.792389,0.814433,0.684801,0.735669,0.776327,0.816697,0.756056,0.819678,0.767528,0.768941,0.783870,0.802420,0.774672,0.780170,0.740503,0.778999,0.774902,0.781505,0.783256,0.722985,0.757445,0.746845,0.758680,0.774450,0.824089,0.775803,0.794983,0.830358,0.746904,0.783381,0.773068,0.709259,0.783809,0.810472,0.783947,0.807965,0.759047,0.750814,0.794192,0.766729,0.801668,0.780836,0.808197,0.730417,0.791131,0.737222,0.789006,0.760773,0.798542,0.787763,0.835062,0.707614,0.753165,0.810523,0.775886,0.814023,0.770075,0.739662,0.829319,0.760764,0.771679,0.781919,0.774044,0.771416,0.801297,0.765254,0.751967,0.805562,0.713123,0.797675,0.817099,0.750474,0.749122,0.762145,0.728403,0.795672,0.792733,0.822410,0.781172,0.756621,0.768669,0.812871,0.830207,0.763273,0.757197,0.758659,0.748806,0.748673,0.747726,0.751779,0.777868,0.774016,0.712399,0.789932,0.731179,0.749861,0.764846,0.735163,0.749770,0.788916,0.717189,0.803405,0.727959,0.758744,0.780908,0.768113,0.768479,0.761253,0.746393,0.766965,0.744931,0.757736,0.815949,0.815527,0.769663,0.731088,0.761821,0.798269,0.802210,0.759892,0.715086,0.785638,0.697235,0.712186,0.772370,0.741566,0.785229,0.750035,0.748542,0.779617,0.776160,0.737821,0.781480,0.740490,0.800971,0.811592,0.759580,0.722975,0.795869,0.753886,0.753029,0.796859,0.771784,0.711919,0.784216,0.735595,0.777823,0.777064,0.770586,0.790087,0.695843,0.737136,0.794363,0.765927,0.733367,0.809046,0.732641,0.786830,0.731095,0.749620,0.774234,0.759597,0.718697,0.786324,0.734095,0.754330,0.708669,0.802351,0.771545,0.735184,0.745712,0.762980,0.769752,0.791626,0.754088,0.795672,0.762912,0.782983,#
11,0.823215,0.793596,0.741206,0.770416,0.789637,0.793351,0.746017,0.764691,0.771918,0.741993,0.740099,1.000000,0.802890,0.763699,0.749969,0.766028,0.796234,0.822268,0.828227,0.771583,0.750163,0.737199,0.812564,0.798076,0.739747,0.743936,0.770259,0.758708,0.785423,0.749398,0.783762,0.805641,0.803757,0.779653,0.743473,0.775886,0.782453,0.790336,0.758040,0.796650,0.796907,0.739452,0.776191,0.765850,0.762091,0.737640,0.846856,0.802059,0.772184,0.822712,0.770420,0.747485,0.806459,0.759035,0.795883,0.820500,0.749714,0.810190,0.781910,0.761499,0.737170,0.751833,0.802098,0.754075,0.792889,0.792500,0.794731,0.786770,0.800989,0.784497,0.800398,0.751292,0.808235,0.767076,0.802367,0.748075,0.829164,0.803750,0.762285,0.717752,0.786298,0.767263,0.794589,0.789542,0.817735,0.790839,0.741581,0.734312,0.740699,0.723575,0.766207,0.799560,0.775340,0.729031,0.751205,0.800749,0.765264,0.779137,0.781844,0.779550,0.764435,0.794463,0.798160,0.774107,0.803706,0.770198,0.764008,0.813904,0.801779,0.773516,0.820157,0.815240,0.789675,0.766543,0.682113,0.795205,0.746752,0.775743,0.769084,0.774292,0.713818,0.787735,0.780649,0.810087,0.794413,0.789109,0.796510,0.756805,0.776079,0.789291,0.804998,0.772207,0.768248,0.780849,0.797736,0.769091,0.819392,0.771160,0.777116,0.748494,0.755736,0.765212,0.775817,0.798955,0.776342,0.706042,0.797733,0.759219,0.785561,0.790622,0.768297,0.780008,0.764610,0.783300,0.805573,0.750659,0.824747,0.746139,0.770822,0.721763,0.777684,0.794869,0.812139,0.779629,0.823729,0.712538,0.809068,0.725804,0.785616,0.818933,0.790265,0.774176,0.783938,0.817355,0.771847,0.789904,0.769233,0.804303,0.754631,0.808152,0.756719,0.753641,0.803177,0.755100,0.790247,0.744823,0.755182,0.806763,0.774234,0.763962,0.788528,0.770668,0.771770,0.752647,0.743644,0.771779,0.757763,0.786398,0.754683,0.754947,#
12,0.777901,0.786168,0.745873,0.797283,0.750720,0.727994,0.763575,0.779061,0.801027,0.771873,0.722885,0.802890,1.000000,0.783234,0.774647,0.757282,0.780457,0.807506,0.817012,0.770130,0.780330,0.726246,0.800632,0.787902,0.738510,0.780157,0.745652,0.781617,0.787549,0.764745,0.751455,0.788591,0.786724,0.817574,0.765550,0.780828,0.770635,0.797283,0.784379,0.788529,0.715080,0.709954,0.754668,0.782678,0.768703,0.762252,0.803835,0.744952,0.766340,0.776348,0.820974,0.743250,0.771309,0.757382,0.832439,0.794500,0.754827,0.799743,0.766279,0.759013,0.741706,0.763646,0.758614,0.752761,0.805035,0.815301,0.787759,0.737578,0.804564,0.784108,0.778555,0.762282,0.795040,0.770214,0.802732,0.746582,0.796168,0.774373,0.775784,0.774544,0.781215,0.767702,0.806102,0.817690,0.758325,0.783357,0.729738,0.773841,0.745209,0.732043,0.774901,0.775327,0.775000,0.701985,0.736601,0.812582,0.810943,0.774228,0.770604,0.741306,0.742088,0.796046,0.775535,0.800468,0.724524,0.764806,0.742246,0.756049,0.795575,0.759149,0.785455,0.756747,0.763843,0.747522,0.809784,0.795416,0.711710,0.749802,0.785085,0.774481,0.719810,0.777936,0.776233,0.808399,0.793522,0.793649,0.765537,0.733257,0.764624,0.776720,0.735564,0.757523,0.719649,0.755842,0.761836,0.774493,0.766913,0.799818,0.736045,0.736750,0.793976,0.798368,0.751990,0.793072,0.734115,0.732820,0.788298,0.722084,0.789450,0.817268,0.754618,0.791384,0.765419,0.725796,0.761271,0.796906,0.825766,0.790792,0.807045,0.757908,0.768638,0.801724,0.793363,0.780370,0.824358,0.697313,0.772583,0.778844,0.716457,0.763600,0.790635,0.775562,0.749528,0.774522,0.745931,0.738887,0.807039,0.844821,0.749232,0.732022,0.748068,0.776913,0.785897,0.762292,0.694314,0.765765,0.724197,0.795374,0.773597,0.778576,0.743482,0.764485,0.742603,0.762544,0.742614,0.789499,0.759265,0.795388,0.793404,0.728672,#
13,0.798269,0.777057,0.792695,0.779231,0.810936,0.747388,0.802138,0.798204,0.787664,0.778510,0.758821,0.763699,0.783234,1.000000,0.740887,0.757782,0.761510,0.829732,0.807415,0.778055,0.786135,0.754783,0.821362,0.800574,0.754424,0.755387,0.758528,0.801559,0.783642,0.831225,0.743292,0.787427,0.811830,0.802680,0.720966,0.754224,0.748725,0.798153,0.817013,0.807395,0.847204,0.748045,0.803632,0.763276,0.816130,0.778090,0.803352,0.790244,0.812252,0.808524,0.782324,0.822802,0.790147,0.760928,0.835200,0.831822,0.781134,0.807792,0.814379,0.778122,0.791803,0.783047,0.756112,0.797257,0.827632,0.811941,0.807728,0.771894,0.806100,0.768763,0.758693,0.787292,0.777066,0.823813,0.800991,0.760422,0.783823,0.791413,0.819228,0.792613,0.786868,0.793383,0.826554,0.809080,0.794964,0.798008,0.747669,0.756158,0.794814,0.778857,0.744561,0.790398,0.788946,0.755426,0.785082,0.752453,0.772686,0.759189,0.776530,0.822783,0.815748,0.781147,0.784348,0.818929,0.774784,0.813046,0.772659,0.800167,0.779828,0.747013,0.802625,0.802593,0.783505,0.804481,0.762774,0.809190,0.718475,0.805970,0.801450,0.763579,0.761021,0.801218,0.750555,0.783335,0.782322,0.767545,0.798450,0.759892,0.766032,0.768891,0.774543,0.780984,0.751193,0.764640,0.821903,0.778128,0.792104,0.799392,0.825133,0.764166,0.751067,0.839816,0.799365,0.775573,0.717766,0.749529,0.808420,0.731069,0.806105,0.796448,0.779538,0.830313,0.767262,0.776264,0.765265,0.775700,0.817246,0.770535,0.818331,0.742842,0.798377,0.809308,0.788216,0.806044,0.798783,0.782637,0.809137,0.772677,0.803603,0.771547,0.797674,0.806942,0.802535,0.773770,0.846628,0.808561,0.796170,0.854260,0.786435,0.773514,0.758568,0.787746,0.814474,0.777560,0.787142,0.801563,0.757831,0.797371,0.742217,0.772997,0.780946,0.782033,0.786904,0.809112,0.803080,0.729289,0.767687,0.807938,0.770853,0.753161,#
14,0.778607,0.783529,0.770444,0.733453,0.726252,0.765218,0.709941,0.777716,0.750445,0.782079,0.688114,0.749969,0.774647,0.740887,1.000000,0.762173,0.764993,0.728102,0.723981,0.734558,0.750260,0.716981,0.757240,0.802057,0.718644,0.683231,0.760644,0.752266,0.725521,0.772541,0.773083,0.754023,0.748040,0.744225,0.743147,0.739543,0.686969,0.765957,0.773448,0.718242,0.745700,0.685901,0.772982,0.761251,0.738287,0.721605,0.771508,0.723840,0.696599,0.729544,0.725266,0.717458,0.715641,0.797978,0.759340,0.766958,0.723211,0.766374,0.766632,0.697235,0.748043,0.783305,0.728494,0.741048,0.750195,0.751294,0.757343,0.759789,0.795266,0.756696,0.726981,0.722845,0.780985,0.723827,0.765358,0.739510,0.765484,0.762958,0.742377,0.701063,0.773287,0.769163,0.782039,0.801257,0.774199,0.772427,0.740315,0.770660,0.752002,0.665815,0.695312,0.717015,0.758551,0.762311,0.776236,0.741595,0.799187,0.756031,0.767577,0.723839,0.766899,0.761910,0.790678,0.718538,0.732882,0.772024,0.723952,0.739908,0.764690,0.704473,0.781225,0.773001,0.770845,0.733785,0.699521,0.748921,0.703413,0.709271,0.718070,0.705556,0.739408,0.750325,0.748989,0.785415,0.796406,0.696102,0.745317,0.766943,0.696385,0.756322,0.741712,0.772032,0.719371,0.723302,0.767360,0.743806,0.784395,0.761691,0.732081,0.752239,0.742590,0.769974,0.681936,0.770567,0.707549,0.753297,0.790371,0.699084,0.764019,0.705640,0.755538,0.760387,0.704027,0.727196,0.779749,0.732714,0.747690,0.748453,0.724274,0.704316,0.754478,0.735058,0.757901,0.750493,0.733967,0.706832,0.724959,0.729030,0.697831,0.761395,0.764301,0.756862,0.735686,0.780139,0.782785,0.779833,0.748933,0.783980,0.712657,0.717138,0.734205,0.776110,0.765178,0.714629,0.745756,0.741765,0.745333,0.696540,0.739115,0.724313,0.700540,0.728920,0.756370,0.754080,0.722904,0.734386,0.743594,0.747978,0.696799,0.678954,#
15,0.789786,0.792874,0.763896,0.816840,0.778059,0.841529,0.761426,0.769789,0.796552,0.768855,0.773386,0.766028,0.757282,0.757782,0.762173,1.000000,0.791281,0.798417,0.772156,0.765914,0.767840,0.781190,0.765442,0.792751,0.753607,0.770312,0.755255,0.770436,0.750703,0.803908,0.806885,0.805273,0.794703,0.823563,0.733972,0.821363,0.781501,0.792856,0.791964,0.757541,0.753857,0.709490,0.764954,0.757821,0.813181,0.764454,0.829957,0.814947,0.806701,0.807165,0.770232,0.788057,0.767057,0.747845,0.794325,0.798848,0.784801,0.784244,0.772083,0.740526,0.802944,0.787037,0.742109,0.811762,0.775951,0.795791,0.775176,0.776424,0.770880,0.740462,0.792720,0.767039,0.773642,0.753155,0.781026,0.747687,0.789752,0.795045,0.785980,0.757018,0.814521,0.788499,0.788051,0.815493,0.812435,0.804899,0.729124,0.785216,0.745783,0.729643,0.718323,0.746921,0.787097,0.777147,0.725550,0.738252,0.749462,0.771099,0.760994,0.767363,0.806925,0.761994,0.808145,0.807807,0.771532,0.773643,0.782461,0.821674,0.743551,0.804199,0.733564,0.741057,0.777416,0.764211,0.708055,0.753553,0.758026,0.776860,0.767278,0.765707,0.724722,0.763065,0.761262,0.825100,0.750749,0.762176,0.797498,0.748015,0.796645,0.792808,0.763049,0.760571,0.723501,0.729773,0.792022,0.756619,0.776128,0.764318,0.746740,0.758524,0.748533,0.762917,0.746174,0.769226,0.748917,0.758790,0.765841,0.743555,0.780137,0.772548,0.801127,0.781405,0.812130,0.807228,0.768669,0.749760,0.829806,0.748592,0.783521,0.756543,0.755128,0.817262,0.808879,0.759396,0.812758,0.741451,0.778344,0.769584,0.788709,0.733684,0.759883,0.802584,0.715386,0.793615,0.769246,0.828769,0.755703,0.795486,0.770315,0.770730,0.759932,0.785656,0.751084,0.797584,0.750207,0.749278,0.708859,0.738207,0.725181,0.790335,0.730943,0.786191,0.758779,0.760732,0.764548,0.748637,0.785646,0.808472,0.783135,0.811615,#
16,0.831348,0.798124,0.775050,0.800857,0.808581,0.789411,0.808205,0.793708,0.792663,0.799637,0.785065,0.796234,0.780457,0.761510,0.764993,0.791281,1.000000,0.815450,0.819252,0.769485,0.855623,0.810900,0.767183,0.816813,0.743374,0.803834,0.801234,0.736989,0.770766,0.776178,0.817055,0.840065,0.834630,0.802780,0.773061,0.798449,0.809180,0.797466,0.805041,0.806289,0.790949,0.763242,0.778352,0.788033,0.774309,0.797669,0.800337,0.798043,0.798604,0.821491,0.766818,0.778741,0.819643,0.812745,0.832092,0.831418,0.721994,0.818999,0.811539,0.753205,0.812535,0.794645,0.779243,0.771387,0.810825,0.786385,0.835198,0.794962,0.834318,0.813404,0.796117,0.789588,0.823172,0.778807,0.805882,0.761415,0.802911,0.808152,0.779265,0.821979,0.835593,0.811754,0.817640,0.823660,0.820166,0.791494,0.809550,0.768050,0.781087,0.794254,0.750883,0.797139,0.812665,0.784029,0.799987,0.820503,0.802817,0.769184,0.827759,0.796935,0.811641,0.782161,0.783795,0.812462,0.771497,0.835831,0.819153,0.791052,0.831355,0.772294,0.829475,0.814563,0.796789,0.809555,0.780556,0.839613,0.805803,0.795807,0.753416,0.727193,0.743197,0.812416,0.767060,0.836916,0.810907,0.786533,0.769728,0.758371,0.786135,0.775861,0.813237,0.796081,0.797978,0.754171,0.835544,0.836565,0.791702,0.775909,0.769373,0.795384,0.780575,0.803448,0.798545,0.812958,0.749504,0.741575,0.806055,0.776993,0.779204,0.790776,0.768865,0.827955,0.751182,0.776402,0.847316,0.781760,0.812106,0.779393,0.784958,0.771725,0.769824,0.794779,0.832655,0.804345,0.814223,0.797544,0.804152,0.777633,0.797736,0.776640,0.788908,0.810817,0.774424,0.783044,0.806982,0.797783,0.745852,0.848821,0.774341,0.779717,0.761301,0.767735,0.818866,0.767625,0.775692,0.808365,0.806449,0.789641,0.777751,0.790097,0.809423,0.768315,0.805414,0.779229,0.770874,0.790869,0.782188,0.818713,0.794080,0.801723,#
17,0.832545,0.795533,0.786736,0.777000,0.821337,0.823770,0.811787,0.802616,0.825744,0.771701,0.749918,0.822268,0.807506,0.829732,0.728102,0.798417,0.815450,1.000000,0.787130,0.809049,0.815223,0.762905,0.802990,0.837732,0.833871,0.799481,0.807685,0.788645,0.760397,0.826027,0.815937,0.830950,0.769351,0.780178,0.770822,0.825444,0.775788,0.812440,0.814250,0.831422,0.811052,0.785248,0.813008,0.790873,0.790750,0.766263,0.819078,0.850526,0.830053,0.832914,0.822070,0.781241,0.821100,0.774030,0.821437,0.846895,0.796852,0.798720,0.829158,0.759435,0.790074,0.798785,0.762386,0.788174,0.811804,0.848329,0.853291,0.815289,0.801297,0.789114,0.804337,0.781061,0.791444,0.796120,0.779006,0.755180,0.820929,0.827558,0.802020,0.810518,0.827064,0.810332,0.839745,0.829948,0.810893,0.806849,0.810688,0.794616,0.781720,0.793556,0.766508,0.773733,0.812238,0.779378,0.762915,0.820218,0.813340,0.755778,0.772814,0.832841,0.832728,0.768106,0.813891,0.811699,0.734560,0.778403,0.802364,0.818733,0.761586,0.803899,0.811175,0.810299,0.773436,0.820460,0.780243,0.779046,0.740489,0.805535,0.754963,0.768559,0.769091,0.806304,0.802985,0.839717,0.806733,0.818933,0.801535,0.769695,0.779763,0.794692,0.831042,0.835743,0.800753,0.764167,0.781126,0.815748,0.806867,0.819084,0.824698,0.820232,0.791983,0.822208,0.853284,0.802599,0.791311,0.747164,0.805076,0.760672,0.827688,0.764826,0.806172,0.831735,0.788625,0.786376,0.806673,0.830435,0.870605,0.783304,0.821412,0.753651,0.799933,0.810721,0.846548,0.783266,0.834672,0.787034,0.765285,0.771622,0.797827,0.780111,0.840616,0.801277,0.784523,0.786207,0.841401,0.772129,0.785367,0.842636,0.782076,0.809353,0.788774,0.822297,0.811774,0.812558,0.814834,0.786135,0.803710,0.849094,0.760886,0.778165,0.794042,0.804932,0.812905,0.796813,0.809204,0.811868,0.778368,0.845280,0.794491,0.786833,#
18,0.807713,0.799280,0.773816,0.821316,0.798417,0.776266,0.777863,0.814880,0.772060,0.787044,0.776538,0.828227,0.817012,0.807415,0.723981,0.772156,0.819252,0.787130,1.000000,0.811499,0.789292,0.792619,0.810088,0.793483,0.757613,0.797375,0.804586,0.785814,0.770265,0.821832,0.755221,0.831008,0.812498,0.821661,0.784827,0.821480,0.781117,0.798842,0.795146,0.796393,0.815779,0.710272,0.784119,0.765241,0.825962,0.769423,0.845612,0.800725,0.794891,0.765882,0.760518,0.766133,0.816501,0.763966,0.803138,0.830498,0.771281,0.810382,0.805719,0.803654,0.801394,0.774003,0.768246,0.765361,0.824201,0.782858,0.774828,0.794737,0.774366,0.793611,0.811753,0.760854,0.823410,0.769584,0.836920,0.760708,0.823561,0.781377,0.819691,0.777614,0.777909,0.765864,0.817605,0.811763,0.835719,0.810973,0.773136,0.775816,0.789911,0.744671,0.779519,0.767776,0.816615,0.765439,0.796365,0.764890,0.783622,0.811618,0.805288,0.821561,0.796629,0.775034,0.795233,0.810320,0.778474,0.822321,0.764323,0.787864,0.800445,0.768337,0.821566,0.781113,0.827013,0.811330,0.726237,0.769724,0.778457,0.781812,0.780783,0.768057,0.760646,0.828565,0.768053,0.807836,0.801559,0.759684,0.813949,0.746922,0.821290,0.765888,0.795298,0.805257,0.773705,0.765661,0.811016,0.804789,0.845711,0.795507,0.784209,0.776450,0.749954,0.828747,0.788313,0.822767,0.744639,0.782604,0.793866,0.715891,0.831838,0.798190,0.779447,0.845486,0.784387,0.770413,0.796370,0.799628,0.806752,0.818417,0.805297,0.760801,0.811781,0.787638,0.828763,0.791257,0.816059,0.783943,0.852169,0.774558,0.761978,0.767500,0.791446,0.836018,0.801488,0.786039,0.760478,0.793374,0.777689,0.855782,0.760764,0.808190,0.768858,0.786672,0.794109,0.776853,0.768022,0.814794,0.786685,0.772478,0.756297,0.795262,0.788943,0.789557,0.745168,0.816222,0.798373,0.779887,0.741902,0.826740,0.787278,0.769692,#
19,0.785923,0.796996,0.788506,0.780592,0.828119,0.801363,0.745297,0.783879,0.812211,0.744633,0.754224,0.771583,0.770130,0.778055,0.734558,0.765914,0.769485,0.809049,0.811499,1.000000,0.773133,0.772618,0.781637,0.793536,0.741866,0.730572,0.792395,0.744812,0.768792,0.797958,0.793004,0.825590,0.782127,0.766301,0.735533,0.798093,0.721050,0.778312,0.779615,0.789447,0.802433,0.705802,0.759802,0.777960,0.764573,0.760962,0.850116,0.789255,0.782359,0.725201,0.724147,0.752283,0.773398,0.766134,0.795404,0.777362,0.802567,0.784326,0.772226,0.707641,0.796581,0.749262,0.794680,0.773548,0.810546,0.811841,0.785587,0.759395,0.776320,0.771076,0.767891,0.773075,0.803251,0.762664,0.780308,0.723966,0.757374,0.744098,0.754423,0.750721,0.790147,0.749236,0.817927,0.761823,0.780586,0.755761,0.756042,0.788993,0.781962,0.733678,0.751805,0.762538,0.787373,0.775591,0.760464,0.731581,0.761748,0.757025,0.767778,0.806010,0.806443,0.765798,0.763182,0.782297,0.755636,0.756092,0.768324,0.764951,0.759826,0.711819,0.759250,0.751531,0.786287,0.801582,0.743936,0.761065,0.759843,0.769048,0.727802,0.708214,0.744025,0.797189,0.747739,0.837513,0.793684,0.752299,0.761330,0.768549,0.821622,0.820172,0.774786,0.819158,0.774998,0.771250,0.796833,0.803955,0.789433,0.785765,0.762474,0.767150,0.749541,0.779565,0.777787,0.781006,0.713304,0.735557,0.750847,0.698792,0.791956,0.768526,0.755897,0.829210,0.753732,0.751377,0.788853,0.764340,0.807548,0.785500,0.795189,0.762879,0.761842,0.799699,0.786536,0.768821,0.787279,0.749598,0.738015,0.778988,0.744480,0.744021,0.771420,0.802038,0.765229,0.746289,0.820738,0.748437,0.768275,0.844617,0.732833,0.750738,0.704101,0.797373,0.793696,0.806520,0.778099,0.757000,0.776827,0.775391,0.755658,0.774470,0.782927,0.772504,0.765236,0.803621,0.775011,0.773970,0.736542,0.767087,0.759666,0.756184,#
20,0.822062,0.799226,0.762506,0.775585,0.789486,0.792426,0.818197,0.796898,0.792210,0.809421,0.757794,0.750163,0.780330,0.786135,0.750260,0.767840,0.855623,0.815223,0.789292,0.773133,1.000000,0.777805,0.758686,0.815097,0.745608,0.793780,0.802846,0.785893,0.752875,0.809469,0.790228,0.811820,0.781161,0.821351,0.793008,0.813208,0.785683,0.762432,0.815285,0.807229,0.798003,0.807842,0.762194,0.822594,0.799459,0.771603,0.813575,0.788493,0.776553,0.780657,0.789221,0.796809,0.792584,0.793588,0.805239,0.818849,0.771565,0.816302,0.807056,0.759374,0.815905,0.769794,0.806149,0.764601,0.825282,0.809111,0.833753,0.771473,0.809820,0.779498,0.791644,0.781155,0.775997,0.784951,0.786404,0.717130,0.766996,0.804861,0.793003,0.807418,0.807288,0.829637,0.803760,0.840886,0.773320,0.788662,0.810234,0.777361,0.775574,0.800864,0.783336,0.794726,0.794879,0.807792,0.806558,0.761790,0.755360,0.751505,0.808426,0.800949,0.814181,0.783450,0.805308,0.820177,0.781518,0.752562,0.802084,0.809875,0.796572,0.805685,0.805325,0.809426,0.764321,0.755008,0.801395,0.776172,0.767952,0.807139,0.729330,0.738031,0.801658,0.805808,0.776278,0.856623,0.785791,0.798323,0.757835,0.746729,0.783581,0.772889,0.803477,0.781454,0.810627,0.805226,0.817793,0.781488,0.767287,0.812245,0.795642,0.813773,0.757298,0.782751,0.766098,0.807883,0.779989,0.735267,0.794474,0.760130,0.785680,0.817656,0.794665,0.820397,0.780023,0.765889,0.802354,0.787777,0.791682,0.802634,0.797157,0.767434,0.771542,0.804989,0.786790,0.802247,0.842512,0.711356,0.760959,0.752837,0.764382,0.766825,0.803114,0.793630,0.804507,0.762336,0.792188,0.780373,0.748827,0.841447,0.787496,0.805938,0.755442,0.771266,0.794610,0.772735,0.744174,0.798090,0.774926,0.803767,0.759585,0.770437,0.744918,0.761705,0.783825,0.813660,0.781408,0.751247,0.782156,0.805992,0.795578,0.792968,#
21,0.764817,0.849594,0.759671,0.803128,0.772892,0.788753,0.730457,0.770235,0.797573,0.762515,0.745504,0.737199,0.726246,0.754783,0.716981,0.781190,0.810900,0.762905,0.792619,0.772618,0.777805,1.000000,0.789770,0.809906,0.719968,0.720052,0.806412,0.747870,0.740973,0.759932,0.770945,0.769841,0.789501,0.801338,0.770523,0.801251,0.763595,0.773949,0.789553,0.747469,0.783897,0.770931,0.755989,0.759833,0.803781,0.758194,0.781996,0.795117,0.784044,0.745895,0.735375,0.782025,0.760038,0.730975,0.808332,0.795962,0.770111,0.780790,0.832623,0.714528,0.774534,0.776939,0.712193,0.735431,0.813163,0.782223,0.782888,0.785590,0.772225,0.777889,0.757193,0.798229,0.796704,0.763214,0.813938,0.768776,0.748126,0.768715,0.781275,0.781307,0.756712,0.736155,0.791765,0.793738,0.823927,0.762867,0.750219,0.788085,0.789883,0.782386,0.698060,0.723638,0.791788,0.732829,0.776225,0.748424,0.761592,0.733228,0.767775,0.792030,0.775256,0.777992,0.747797,0.789132,0.702436,0.816817,0.742994,0.759994,0.763574,0.774044,0.794935,0.766709,0.782980,0.788888,0.697895,0.739886,0.772159,0.807322,0.730562,0.730857,0.754298,0.767357,0.765861,0.792648,0.774646,0.714283,0.768991,0.787217,0.778955,0.789938,0.786784,0.801541,0.755603,0.752598,0.821783,0.746520,0.740240,0.731407,0.737571,0.766862,0.778254,0.784368,0.742431,0.761974,0.733270,0.733738,0.782756,0.707622,0.744067,0.775735,0.759067,0.814372,0.749952,0.742774,0.768131,0.774940,0.803697,0.745490,0.736248,0.750728,0.791348,0.794296,0.792873,0.794640,0.814276,0.740253,0.779476,0.766618,0.693552,0.754611,0.782087,0.767292,0.742118,0.756280,0.762726,0.766984,0.698595,0.819511,0.758772,0.762339,0.721790,0.787924,0.755183,0.781211,0.746241,0.800869,0.768228,0.693180,0.729665,0.789345,0.751486,0.742324,0.738976,0.762996,0.770292,0.758773,0.775864,0.792245,0.707758,0.790705,#
