0,1.000000,0.196166,0.355969,0.127693,0.233999,0.270303,0.168686,0.137147,0.243485,0.299554,0.322895,0.291189,0.168316,0.123195,0.331427,0.225748,0.237469,0.394066,0.215072,0.263349,0.233046,0.332745,0.260721,0.371337,0.199315,0.166079,0.300498,0.301141,0.405709,0.218237,0.191958,0.169594,0.271752,0.143803,0.133553,0.430823,0.294765,0.241173,0.311936,0.364075,0.150155,0.301674,0.113234,0.233981,0.163679,0.278092,0.332534,0.322030,0.307246,0.284798,0.378077,0.203151,0.190453,0.129389,0.413253,0.181618,0.255035,0.266954,0.228879,0.247574,0.306763,0.283873,0.242381,0.331337,0.325708,0.171623,0.346153,0.250457,0.268911,0.221331,0.358796,0.282132,0.374280,0.269832,0.154877,0.166842,0.195583,0.293538,0.245128,0.123745,0.379481,0.188060,0.259821,0.259724,0.278795,0.336839,0.286322,0.195930,0.343414,0.236472,0.220736,0.156934,0.106337,0.196449,0.358171,0.241976,0.423952,0.250236,0.305848,0.378272,0.309475,0.364382,0.243429,0.323437,0.262516,0.196793,0.237918,0.232868,0.191655,0.168233,0.192443,0.182270,0.198226,0.261056,0.080997,0.263041,0.372506,0.214057,0.253686,0.294271,0.377696,0.119774,0.181530,0.180637,0.216496,0.367387,0.165011,0.161174,0.121702,0.355153,0.271503,0.339096,0.307194,0.253838,0.234967,0.162072,0.398128,0.170672,0.273440,0.468599,0.207771,0.216215,0.300305,0.210719,0.300027,0.230270,0.200209,0.117856,0.334727,0.231941,0.252535,0.253793,0.340601,0.252210,0.153452,0.094131,0.161912,0.161015,0.412172,0.338738,0.241684,0.303868,0.075538,0.209596,0.334914,0.023915,0.175166,0.199492,0.238890,0.161757,0.397332,0.058605,0.450015,0.414013,0.143744,0.286581,0.344960,0.306235,0.317728,0.253087,0.246885,0.442770,0.077427,0.026721,0.172825,0.327539,0.352266,0.450323,0.295505,0.139373,0.342586,0.269077,0.155069,0.104749,0.349999,0.132431,0.160542,0.139864,0.375116,0.273314,#
1,0.196166,1.000000,0.099243,0.183068,0.416602,0.282592,0.280936,0.230877,0.189509,0.153107,0.352629,0.286633,0.223337,0.271456,0.152359,0.185190,0.080814,0.284379,0.294534,0.200201,0.096217,0.276300,0.191237,0.328675,0.307806,0.248117,0.246668,0.338595,0.321230,0.146822,0.367258,0.251931,0.396996,0.242800,0.174139,0.148863,0.201414,0.280065,0.297546,0.306916,0.237899,0.241766,0.297765,0.247339,0.222536,0.291771,0.304151,0.363379,0.213850,0.128874,0.434441,0.148806,0.322249,0.160924,0.248599,0.201626,0.273119,0.287099,0.446568,0.323574,0.220632,0.317407,0.212080,0.323725,0.271686,0.300791,0.219403,0.307753,0.300275,0.164912,0.250119,0.253589,0.390791,0.212636,0.264553,0.027478,0.250231,0.221932,0.297008,0.188224,0.238846,0.408510,0.302564,0.399194,0.154764,0.146142,0.329887,0.256907,0.264362,0.440707,0.329058,0.382546,0.106200,0.253437,0.130714,0.284432,0.222479,0.240071,0.202687,0.184651,0.124768,0.112027,0.241733,0.226475,0.231744,0.235346,0.128567,0.347205,0.187217,0.284375,0.391227,0.224936,0.168446,0.265780,0.270373,0.315329,0.312737,0.116456,0.373584,0.297987,0.175402,0.207529,0.285383,0.160490,0.228269,0.330279,0.215538,0.224979,0.150552,0.198159,0.291123,0.257889,0.073855,0.263781,0.446764,0.368699,0.225406,0.216439,0.211077,0.316941,0.325412,0.139333,0.102269,0.072671,0.239848,0.200521,0.304708,0.067960,0.337166,0.309044,0.226086,0.241238,0.237076,0.130397,0.163004,0.198344,0.388591,0.271683,0.368779,0.117517,0.118398,0.309495,0.148850,0.203285,0.312486,0.413496,0.188672,0.346708,0.304050,0.321376,0.276041,0.212137,0.282649,0.201069,0.350494,0.211469,0.079307,0.278485,0.277791,0.218177,0.233168,0.197211,0.291093,0.131011,0.313575,0.224734,0.179262,0.384472,0.231825,0.320690,0.392199,0.318138,0.167816,0.084397,0.288729,0.247698,0.117338,0.262972,0.073273,0.167505,#
2,0.355969,0.099243,1.000000,0.299427,0.102898,0.158658,0.211431,0.213303,-0.048575,0.065397,0.060238,0.279804,0.191380,0.113439,0.167688,0.154455,0.116049,0.179221,0.137709,0.152440,0.172542,0.348081,0.300766,0.260008,0.263415,0.197710,0.258162,0.167886,0.238457,0.208563,0.213103,0.105619,0.154498,0.155880,0.065438,0.197153,0.220722,0.181587,0.210753,0.165489,0.226905,0.209798,0.151747,0.096301,0.047774,0.357216,0.150821,0.333137,0.139220,0.144921,0.254883,0.265243,0.187104,0.148723,0.083134,0.128848,0.072282,0.183508,0.102121,0.234411,-0.058556,0.238263,0.228833,0.198404,0.320587,0.182819,0.106211,-0.041227,0.195148,0.258511,0.235139,0.017303,0.147945,0.312148,0.213708,0.224396,0.081478,0.176410,0.139198,0.289140,0.347544,0.022351,0.083179,0.208372,0.032170,0.138396,0.316249,0.190116,0.127148,0.223832,0.167988,0.161755,0.109819,0.040224,0.157692,0.041938,0.124576,0.086787,0.242012,0.154321,0.299575,0.256982,0.181217,0.119349,0.184507,0.105418,0.144279,0.231986,0.116180,0.204264,0.205536,0.165336,0.192226,0.167718,0.152238,0.198196,0.167004,0.174095,0.044341,0.057625,0.214635,0.156706,0.124951,0.050329,0.149626,0.136137,0.215713,0.120983,0.082029,0.214247,0.235162,0.283011,0.145738,0.040990,0.152180,0.361955,0.168977,0.210353,0.001438,0.080549,-0.046886,0.116542,0.231277,0.114310,0.272897,0.214897,0.242996,0.123106,0.335078,0.181227,0.136541,0.345148,0.237257,0.150012,0.055129,0.044030,0.039568,0.113158,0.247694,0.068039,0.292161,0.181811,0.183929,0.233462,0.281345,0.061965,0.160250,0.272701,0.032866,0.104131,0.129584,0.124714,0.158211,0.230273,0.199265,0.201384,0.369858,0.230547,0.188454,0.220073,0.244091,0.136092,0.114250,0.218122,0.019036,0.165468,0.146470,0.224229,0.220047,0.051388,0.207071,0.146510,0.264582,0.081490,0.218328,0.031252,0.188105,0.066440,0.310213,0.155343,#
3,0.127693,0.183068,0.299427,1.000000,0.196579,0.123591,0.186061,0.232051,0.109495,0.171398,0.170349,0.293944,0.064297,0.179293,0.156136,0.157310,0.082373,0.253931,0.172753,0.119312,0.020247,0.235328,0.231970,0.334809,0.280027,0.118323,0.127726,0.105763,0.193485,0.134115,0.305760,0.306373,0.206756,0.371812,-0.002324,0.261959,0.311993,0.348203,0.267151,0.139098,0.208243,0.198780,0.159529,0.157531,0.173894,0.278444,0.254010,0.203779,0.130394,0.162242,0.319231,0.121419,0.103779,0.101030,0.037041,0.256430,0.211786,0.268662,0.264180,0.292342,0.088561,0.179783,0.162918,0.308638,0.204008,0.254742,0.153167,0.284877,0.127350,0.162249,0.292020,0.017678,0.167164,0.252515,0.215389,0.192912,0.160075,0.213822,0.289779,0.257786,0.240960,0.182126,0.146948,0.222428,0.194333,0.172895,0.322416,0.172021,0.204258,0.377686,0.179130,0.235851,0.165400,0.268569,0.098762,0.205450,0.227306,0.138130,0.286898,0.177253,0.260435,0.153310,0.327214,0.179580,0.218547,0.166602,0.142898,0.221780,0.142726,0.064277,0.202797,0.162961,0.164886,0.201933,0.035503,0.145864,0.238524,0.074350,0.133507,0.211447,0.287309,0.111192,0.227222,0.225151,0.180309,0.087826,0.223678,0.101112,0.193970,0.323103,0.132365,0.274440,0.279150,0.281080,0.166401,0.269829,0.135783,0.062587,0.240107,0.218899,0.254185,0.121354,0.246172,0.198100,0.231086,0.154094,0.309978,0.135595,0.215743,0.201769,0.184556,0.150372,0.110038,0.119587,0.073989,0.124704,0.226130,0.248053,0.116394,0.295436,0.316973,0.232764,0.213252,0.329888,0.246799,0.275395,0.295622,0.222843,0.136600,0.236544,0.206454,0.158883,0.215494,0.259724,0.206182,0.204957,0.151548,0.196380,0.145681,0.185569,0.215847,0.277778,0.292092,0.294306,0.121665,0.142072,0.129779,0.312664,-0.017862,0.051228,0.213002,0.235682,0.294770,0.213956,0.109051,0.199635,0.137496,0.171328,0.222491,0.175694,#
4,0.233999,0.416602,0.102898,0.196579,1.000000,0.120145,0.311033,0.156374,0.192121,0.124533,0.227580,0.115664,0.191683,0.161167,0.069825,0.169260,0.082818,0.154425,0.231237,0.255274,0.076832,0.277848,0.245289,0.257290,0.205500,0.230852,0.103150,0.260588,0.319798,-0.061986,0.135673,0.170186,0.335425,0.157850,0.176647,0.187238,0.109636,0.312643,0.085097,0.218860,0.224223,0.249088,0.161643,0.121379,0.348224,0.150115,0.298782,0.297791,0.122611,0.260707,0.218908,-0.004851,0.150952,0.134175,0.171580,0.155129,0.175329,0.184215,0.236838,0.260143,0.240055,0.180745,0.058243,0.084815,0.164562,0.116188,0.237609,0.103884,0.159725,0.125995,0.214635,0.190749,0.207785,0.099390,0.186622,-0.092723,0.183264,0.211783,0.107301,0.064494,0.315606,0.215090,0.062616,0.152986,0.198883,0.144689,0.202960,0.160017,0.233972,0.359514,0.174437,0.186237,-0.033707,0.221892,-0.032749,0.297939,0.190290,0.405414,0.332061,0.286139,0.194931,0.061141,0.202957,0.237718,0.193455,0.065597,0.053856,0.152846,0.126742,0.260419,0.360690,0.094760,0.166477,0.336814,0.109296,0.069838,0.139058,-0.116259,0.201098,0.013187,0.190178,0.187083,0.189862,0.117481,0.158301,0.226926,0.141847,0.146367,-0.066292,0.140294,0.164118,0.154849,0.158118,0.120786,0.235936,0.254229,0.215538,-0.060820,0.102940,0.211290,0.288209,-0.030487,0.095462,0.197282,0.161235,0.102341,0.255824,-0.017083,0.199010,0.357345,0.176997,0.204457,0.263088,0.171317,0.021225,0.024863,0.250538,0.176126,0.287299,0.190618,0.097826,0.171821,0.119001,0.304100,0.086217,0.364213,0.081926,0.074898,0.063004,0.151237,0.271447,0.012383,0.129943,0.068605,0.273719,0.145890,0.253017,0.212388,0.176837,0.108070,0.096844,0.096997,0.170634,0.133892,0.099100,0.165521,0.135909,0.375186,0.143902,0.111946,0.257996,0.106728,0.155676,0.034411,0.019681,0.237168,0.139126,0.356030,0.107180,0.154851,#
5,0.270303,0.282592,0.158658,0.123591,0.120145,1.000000,0.168913,0.182349,0.163038,0.241423,0.175611,0.165314,0.191883,0.046328,0.217618,0.221286,0.230680,0.280492,0.192611,-0.043597,0.260485,0.288222,0.194436,0.410728,0.190610,0.147589,0.145307,0.269438,0.271950,0.157234,0.131712,0.279109,0.287201,0.103979,0.109314,0.126543,0.377388,0.112387,0.253035,0.267926,0.184883,0.268726,-0.008388,0.285623,0.133922,0.243631,0.193633,0.099691,0.255721,0.235265,0.284270,0.127048,0.219931,0.016918,0.190924,0.164789,0.068651,0.292436,0.297134,0.250104,0.161620,0.288933,0.166810,0.139503,0.197948,0.185960,0.307490,0.202551,0.140102,0.162899,0.307854,0.171293,0.237522,0.348974,0.162057,0.119933,0.241705,0.191846,0.177548,0.268283,0.218242,0.222862,0.268986,0.087070,0.033143,0.312541,0.135189,0.162776,0.239746,0.252699,0.150388,0.292997,0.035499,0.170959,0.115905,0.110141,0.173966,0.075614,0.261701,0.078494,0.211208,0.246484,0.236973,0.209301,0.071535,0.158249,-0.066178,0.290001,0.129627,0.156462,0.317119,0.158214,0.323437,0.111877,0.201214,0.184253,0.332749,0.203183,0.207348,0.247989,0.060700,0.130680,0.061678,0.171258,0.165965,0.144774,0.059992,-0.005209,0.337478,0.357884,0.184633,0.358896,0.113562,0.129321,0.351531,0.246744,0.105745,0.075123,0.169022,0.171541,0.286867,0.229997,0.108087,0.215906,0.184732,0.113968,0.189507,0.166169,0.149725,0.198773,0.224279,0.093193,0.185353,0.279341,0.070812,0.183793,0.290435,0.088584,0.420310,0.089291,0.234850,0.108454,0.197435,0.128371,0.310121,-0.008625,0.029241,0.207859,0.214483,0.315765,0.108699,0.209145,0.275996,0.211333,0.086808,0.193002,0.165078,0.199848,0.300234,0.146172,0.251973,0.280908,0.292301,0.065817,0.201209,0.290520,0.214390,0.207276,0.100048,0.221053,0.325425,0.161008,0.180287,0.167553,0.264379,0.177853,0.091788,0.328779,0.054027,0.253316,#
6,0.168686,0.280936,0.211431,0.186061,0.311033,0.168913,1.000000,0.217389,0.109115,0.062196,0.228720,0.078489,0.041840,0.182467,0.153516,0.144590,0.219947,0.208316,0.201175,0.258159,0.197021,0.174138,0.199828,0.141779,0.082954,0.102151,0.133669,0.231754,0.312557,0.117846,0.064768,0.216153,0.266870,0.093975,0.051889,0.091702,0.128363,0.162919,0.303449,0.206724,0.239472,0.210080,0.090669,0.268032,0.095511,0.155357,0.295470,0.367898,0.138504,0.276643,0.114016,0.232274,0.271604,0.120208,0.123331,0.174685,0.203789,0.292392,0.247241,0.273529,0.058991,0.253539,0.033943,0.264033,0.142784,0.371278,0.216920,0.179255,0.188817,0.141346,0.247272,0.169793,0.315632,0.058560,0.174340,0.119047,0.192013,0.168065,0.198052,0.208510,0.266266,0.272499,0.257323,0.139102,0.137909,0.238854,0.122823,0.301220,0.246743,0.310762,0.256909,0.195564,0.047394,0.248730,0.082542,0.311072,0.195274,0.148506,0.307764,0.222963,0.219390,0.201490,0.109087,0.081394,-0.009232,0.298854,0.019071,0.126205,0.179297,0.179220,0.296013,0.126963,0.225728,0.149792,0.140823,0.110134,0.273594,0.130390,0.220544,0.184492,0.103405,0.234045,0.122044,0.013279,0.188618,0.036867,0.095304,0.298560,0.016906,0.320692,0.184008,0.111265,0.230147,0.012301,0.364454,0.217218,0.131881,0.268142,0.191630,0.173269,0.142388,-0.049892,0.055297,0.346787,0.021389,0.165185,0.186502,0.025713,0.160025,0.139884,0.185399,0.155160,0.241111,0.213606,0.111775,0.096641,0.125087,0.082671,0.295830,0.127994,0.079646,0.231394,0.216844,0.158264,0.211938,0.149423,0.137951,0.235067,0.248411,0.297125,0.041508,0.099934,0.239695,0.134223,0.219416,0.235187,0.155701,0.246668,0.288263,0.117881,-0.032943,0.059764,0.166431,0.246788,0.265173,0.156265,0.178755,0.217453,0.208152,0.262307,0.201143,0.047224,0.334362,0.195886,0.154561,0.203834,0.119874,0.189416,0.068446,0.202066,#
7,0.137147,0.230877,0.213303,0.232051,0.156374,0.182349,0.217389,1.000000,0.093007,0.288609,0.192538,0.334416,0.165578,0.251389,0.118726,0.285891,0.114981,0.327348,0.196058,0.311673,0.170274,0.260187,0.404704,0.201615,0.301125,0.114471,0.224911,0.339613,0.306363,0.120036,0.322204,0.350398,0.356884,0.184659,0.115144,0.246951,0.158513,0.231526,0.273531,0.251317,0.150694,0.188558,0.270768,0.131161,0.229620,0.317905,0.159974,0.322578,0.322083,0.228301,0.360161,0.205425,0.150617,0.237173,0.265990,0.192303,0.181451,0.319135,0.271369,0.325847,0.234544,0.155549,0.148784,0.261894,0.375833,0.158983,0.220920,0.251120,0.199833,0.307591,0.188901,0.109913,0.334672,0.360629,0.289691,0.214245,0.249234,0.324529,0.287772,0.300602,0.288065,0.315227,0.312082,0.305090,0.188153,0.219829,0.345430,0.125641,0.254626,0.348884,0.261855,0.193216,0.156248,0.204298,0.088622,0.315167,0.163862,0.105404,0.214449,0.053951,0.311058,0.190690,0.259325,0.170098,0.130216,0.381616,0.269673,0.116630,0.293761,0.139067,0.238304,0.190546,0.106838,0.265588,0.259261,0.193444,0.171548,0.208338,0.240736,0.337197,0.275687,0.158138,0.128199,0.373661,0.324974,0.151551,0.257968,0.357165,0.144685,0.205701,0.131825,0.203979,0.174265,0.218311,0.384764,0.220233,0.152983,0.351961,0.296926,0.332254,0.341284,0.354182,-0.005309,0.232969,0.221518,0.212610,0.314114,0.150929,0.240354,0.154196,0.220336,0.378612,0.097064,0.139710,-0.000503,0.325927,0.302696,0.308909,0.311290,0.274488,0.206482,0.275316,0.172944,0.293096,0.315322,0.146715,0.289762,0.246718,0.320389,0.294741,0.239577,0.177905,0.274823,0.124718,0.189075,0.156472,0.260601,0.295415,0.100523,0.311669,0.155341,0.294050,0.138535,0.163738,0.055655,0.241715,0.290282,0.365759,0.109278,0.240675,0.272711,0.227780,0.227384,0.244535,0.034753,0.268896,0.289828,0.289200,0.264739,0.206024,#
8,0.243485,0.189509,-0.048575,0.109495,0.192121,0.163038,0.109115,0.093007,1.000000,0.141944,0.244609,0.146978,0.187295,0.139745,0.267163,0.103911,0.067535,0.033009,0.037029,0.212249,0.179206,0.105409,0.138576,0.171904,0.142606,0.075750,0.003033,0.222110,0.117733,0.153180,0.109263,0.211432,0.184050,0.227290,0.145742,0.215824,0.193600,0.186750,0.207000,0.321596,0.115627,0.156233,-0.136177,0.161514,0.289852,0.242317,0.202272,0.257852,0.032539,0.144172,0.046971,0.212842,0.023005,0.328884,0.206165,0.200879,0.085706,0.122394,0.217117,0.185689,0.185189,0.053669,0.250899,0.153115,0.205842,0.200990,0.250008,0.197102,0.231186,0.137528,0.068285,0.228839,0.194173,0.079889,0.035202,0.025499,0.142017,0.031524,0.243856,-0.003365,0.190702,0.154525,0.216253,0.001884,0.196477,0.145443,0.177928,0.104749,0.268922,0.137916,0.172423,0.111494,0.059445,0.172810,0.160889,0.354636,0.227584,0.149724,0.123879,0.134003,0.182546,0.019232,0.098348,0.135650,0.201538,0.039227,0.226992,0.120402,-0.004541,0.115304,0.047563,0.087445,-0.014430,0.186234,0.051755,0.207758,0.228191,0.121808,0.011149,0.196599,0.208283,0.066528,0.074566,0.162057,0.133866,0.254119,-0.035062,0.175417,0.053955,0.182486,0.112053,0.143727,0.090285,0.073212,0.230114,0.202674,0.172169,0.166208,0.281390,0.242054,0.231398,0.197960,0.230330,0.127813,0.114673,0.084396,0.221561,0.249226,0.162005,0.219056,0.171789,0.192385,0.170094,0.207168,0.238515,0.161899,0.108186,0.036753,0.163855,0.211963,0.031046,0.122257,-0.027950,0.229454,0.156458,0.227709,0.119547,0.205145,0.168520,0.147776,0.260837,-0.117106,0.073632,0.294148,0.139366,0.156718,0.049479,0.241412,0.171042,0.120937,0.167489,0.149700,-0.063456,0.161388,0.235460,0.127379,0.108399,0.138224,0.130803,0.069865,0.194166,0.131219,0.100515,0.145885,0.074073,0.123231,0.134924,-0.075251,0.134144,0.113354,#
9,0.299554,0.153107,0.065397,0.171398,0.124533,0.241423,0.062196,0.288609,0.141944,1.000000,0.287181,0.168241,0.032423,0.172001,0.267782,0.249721,0.154129,0.160847,0.088809,0.256236,0.116470,0.208411,0.301120,0.258958,0.169390,0.209408,0.199725,0.360771,0.218778,0.104373,0.278489,0.301548,0.192025,0.158628,0.168164,0.263876,0.027506,0.287630,0.303416,0.249200,0.234583,0.301813,0.078420,0.001235,0.235359,0.356079,0.264053,0.258929,0.150139,0.045457,0.326787,0.257557,0.219073,0.093670,0.257162,0.330284,0.328710,0.263745,0.111691,0.179007,0.047013,0.200161,0.257630,0.237388,0.289173,0.182746,0.087909,0.249834,0.284104,0.111650,0.222639,0.322684,0.203799,0.213682,0.244041,0.128825,0.336826,0.255821,0.332603,0.227277,0.137319,0.234968,0.232809,0.258810,0.183255,0.383357,0.375782,0.153401,0.161928,0.229998,0.041158,0.319887,0.051209,0.230968,0.168593,0.187930,0.378363,0.186618,0.196946,0.221935,0.282374,0.210235,0.339243,0.070078,0.122359,0.130606,0.165187,0.240098,0.239095,0.079091,0.191161,0.208207,0.243227,0.143193,0.138005,0.216911,0.255034,0.295928,0.431689,0.211544,0.352883,0.297979,0.175924,0.230707,0.261878,0.214665,-0.055999,0.235140,0.152918,0.197274,0.218911,0.302818,0.080310,0.270630,0.263737,0.062482,0.214927,0.273077,0.180864,0.243469,0.174332,0.245496,0.087603,0.132115,0.204815,-0.071111,0.308066,0.177031,0.053436,0.300625,0.248272,0.178372,0.313748,0.170424,0.042731,0.278231,0.334607,0.197910,0.427067,0.251913,0.110301,0.128329,0.015591,0.355736,0.214328,0.159734,0.102359,0.265955,0.342997,0.281567,0.225007,0.204146,0.288767,0.243782,0.131088,0.184265,0.236143,0.011111,0.082556,0.415445,0.111493,0.281712,0.308898,0.114469,0.122683,0.174339,0.317647,0.338073,0.315357,0.107933,0.261071,0.183049,0.176405,0.213707,0.178661,0.230662,0.108576,0.062320,0.195352,0.138890,#
10,0.322895,0.352629,0.060238,0.170349,0.227580,0.175611,0.228720,0.192538,0.244609,0.287181,1.000000,0.061101,0.009100,0.279200,0.185621,0.126190,0.179548,0.172128,0.351481,0.166036,0.122283,0.187555,0.248822,0.125222,0.116827,0.050007,0.290734,0.235241,0.175752,0.165260,0.275728,0.258949,0.184147,0.128590,0.130683,0.285227,0.070240,0.260454,0.265027,0.203816,0.025813,0.122364,0.143124,0.007442,0.138424,0.237001,0.239815,0.298778,0.236830,0.226319,0.158461,0.201851,0.254229,0.183977,0.260750,0.201684,0.139398,0.241227,0.259484,0.108650,0.125470,0.230210,0.168931,0.278924,0.200952,0.237227,0.220209,0.202833,0.206454,0.155812,0.220402,0.171910,0.189796,0.107959,0.116917,0.179562,0.305576,0.037145,0.207114,0.059894,0.117666,0.290671,0.187717,0.237671,0.150673,0.193690,0.346927,0.112232,0.217439,0.223033,0.083238,0.117595,0.181218,0.093850,0.114548,0.190642,0.329230,0.045160,0.241597,0.264087,0.241603,0.185109,0.126166,0.250281,0.255980,0.115153,0.163582,0.224094,0.119901,0.136619,0.101861,0.158075,0.154661,0.157771,0.199350,0.309846,0.225450,-0.015128,0.183151,0.133225,0.140326,0.062275,0.142536,0.188022,0.202609,0.141444,-0.046959,0.142948,0.069318,0.354836,0.193017,0.139643,0.140147,0.100336,0.210121,0.188168,0.162534,0.209682,0.073937,0.342436,0.218744,0.168023,0.272134,0.157599,0.061392,0.120114,0.072320,0.096337,0.081354,0.309652,0.123289,0.252901,0.215002,0.192823,0.157914,0.223431,0.311247,0.088480,0.215754,0.309344,0.098627,0.194600,0.162308,0.314633,0.176213,0.107655,0.038180,0.145904,0.159432,0.245151,0.202069,0.117840,0.310714,0.131392,0.189160,0.002592,0.101848,0.216285,0.377946,0.328749,0.216251,0.156799,0.251075,0.050696,0.211832,0.088105,0.140366,0.270015,0.164525,0.182657,0.213505,0.204306,0.130068,0.106827,0.220816,0.252319,0.171700,0.232580,0.275134,0.242495,#
11,0.291189,0.286633,0.279804,0.293944,0.115664,0.165314,0.078489,0.334416,0.146978,0.168241,0.061101,1.000000,0.254229,0.155452,0.089266,0.241686,0.192171,0.320266,0.176271,-0.006023,0.155491,0.266102,0.254351,0.310504,0.326565,0.286488,0.137952,0.341948,0.055791,0.227371,0.340384,0.336414,0.315116,0.197930,0.183351,0.140512,0.294503,0.305626,0.204737,0.231479,0.275086,0.332728,0.222676,0.331381,0.103009,0.372415,0.247190,0.340529,0.195447,0.131225,0.388689,0.203403,0.174500,0.302739,0.191558,0.207740,0.394089,0.195441,0.298475,0.194134,0.137061,0.311803,0.310138,0.347040,0.370064,0.237622,0.301864,0.305309,0.184402,0.282121,0.260999,0.141099,0.264009,0.294711,0.294662,0.254430,0.177739,0.202836,0.461487,0.233517,0.278007,0.072001,0.256616,0.340430,0.309912,0.223314,0.455878,0.231925,0.179232,0.237064,0.387651,0.234864,0.182930,0.345354,0.172451,0.197527,0.143583,0.221110,0.164297,0.309759,0.279582,0.265997,0.281608,0.104271,0.281621,0.372203,0.225919,0.238102,0.271622,0.224862,0.241495,0.164548,0.272358,0.209366,-0.045446,0.506807,0.304185,0.121602,0.305374,0.242409,0.221932,0.244771,0.228066,0.288461,0.244528,0.148601,0.344066,0.386811,0.276787,0.270351,0.139809,0.467181,0.080252,0.224172,0.141075,0.168496,0.124237,0.290997,0.151003,0.335539,0.234215,0.312854,0.097676,0.303006,0.247270,0.221891,0.386993,0.129632,0.269848,0.208728,0.176061,0.336279,0.186539,0.209539,0.238332,0.090184,0.191697,0.114314,0.243426,0.216350,0.221544,0.166559,0.092973,0.230999,0.478569,0.158472,0.247342,0.357580,0.500309,0.175725,0.309510,0.029200,0.242904,0.261602,0.190514,0.374565,0.453656,0.229099,0.175216,0.190362,0.356642,0.277391,0.215606,0.164501,0.117053,0.325134,0.285795,0.255060,0.213825,0.232423,0.089288,0.162981,0.280127,-0.042706,0.189390,0.122016,0.264756,0.166698,0.121305,0.322432,#
12,0.168316,0.223337,0.191380,0.064297,0.191683,0.191883,0.041840,0.165578,0.187295,0.032423,0.009100,0.254229,1.000000,0.100137,0.226503,0.175486,0.178478,0.241643,0.240475,0.203449,0.214482,0.016729,0.251297,0.184945,0.302300,0.063398,0.065403,0.263815,0.283698,0.243322,0.094269,0.274167,0.318473,0.174400,0.194994,0.155411,0.286171,0.169756,0.182056,0.192494,0.308696,0.128194,0.280735,0.196519,0.193804,0.353566,0.164522,0.045816,0.197396,0.069743,0.283382,0.097638,0.117187,0.207761,0.138393,0.161707,0.172537,0.288541,0.230429,0.257975,0.174722,0.274770,0.171106,0.188938,0.206147,0.148849,0.216883,0.081528,0.132282,0.044554,0.083422,0.208358,0.111057,0.134722,0.326390,0.188580,0.185731,0.174356,0.104463,0.150790,0.169976,0.141736,0.218767,0.236795,0.172337,0.351817,0.164036,0.214937,0.224787,0.298691,0.242298,0.228563,0.038463,0.191255,0.134112,0.007112,0.307167,0.234171,0.114722,0.110564,0.153112,0.231522,0.227179,0.156173,0.206039,0.169387,0.123610,0.124403,0.131395,0.301233,0.238527,-0.010177,0.264526,0.215207,0.021955,0.209798,0.171344,0.251071,0.081626,0.242905,0.085739,0.221439,0.211810,0.157929,0.083095,0.274989,0.154333,0.099103,0.136134,0.066298,0.177056,0.290467,0.095665,0.047398,0.104362,0.201564,0.152219,0.205097,0.127474,0.212896,0.303069,0.239525,0.070256,0.167054,0.029860,0.183842,0.312796,0.091460,0.206530,0.146117,0.232877,0.408502,0.134220,0.172919,0.142457,0.051814,0.211205,-0.105584,0.193082,0.042834,0.182617,0.190450,0.092347,0.290068,0.143420,0.228485,0.158976,0.043525,0.189575,0.226650,0.133134,0.072591,0.262675,0.198245,0.263000,0.073080,0.248837,0.305431,-0.008215,0.257702,0.230250,0.192808,0.231054,0.131962,0.191805,0.276296,0.167094,0.256702,0.117855,0.105107,0.303442,0.305160,0.155438,0.116853,0.092841,0.127648,0.198445,0.028786,0.233064,0.210957,#
13,0.123195,0.271456,0.113439,0.179293,0.161167,0.046328,0.182467,0.251389,0.139745,0.172001,0.279200,0.155452,0.100137,1.000000,0.198844,0.257769,0.095984,0.106525,0.186140,0.147608,0.089615,0.208689,0.179893,0.031773,0.321608,0.261611,0.220090,0.240903,0.193818,0.013593,0.236055,0.167023,0.277494,0.204606,0.006573,0.169405,0.128749,0.246227,0.133520,0.112914,0.122672,0.183653,0.287678,0.097454,0.163225,0.184879,0.293151,0.270912,0.250925,0.098289,0.266989,0.198437,0.213862,0.076690,0.193529,0.411753,0.177145,0.233912,0.248960,0.272801,0.185386,0.181790,0.340294,0.222609,0.123571,0.173288,0.311848,0.184317,0.407371,0.212719,0.053199,0.148418,0.335624,0.109758,0.208730,0.024747,0.193098,0.236761,0.230228,0.191989,0.269658,0.342166,0.250017,0.352422,0.347791,0.179016,0.376510,0.235580,0.242009,0.392029,0.203967,0.181991,0.219033,0.168532,0.135856,0.186035,0.178899,0.075478,0.173560,0.222865,0.376566,0.199378,0.183854,0.043451,0.170193,0.286687,0.172165,0.143585,0.229482,0.146748,0.199378,0.093458,0.255545,0.193656,0.204285,0.155964,0.237253,0.113106,0.220618,0.201839,0.234788,0.338038,0.035608,0.223777,0.146723,0.169340,0.100407,0.193804,0.321544,0.206295,0.180342,0.109475,0.120686,0.197576,0.335256,0.199472,0.244031,0.269303,0.362613,0.273770,0.231248,0.190958,0.180360,0.103125,0.244451,0.288945,0.272049,0.169737,-0.030272,0.259609,0.263526,0.150950,0.281928,0.279928,0.280948,0.185500,0.108774,0.224561,0.207204,0.114939,0.114622,0.287072,0.091759,0.279845,0.234284,0.317245,0.103859,0.211447,0.265085,0.288850,0.239166,0.282728,0.305125,0.105591,0.195771,0.171988,0.088924,0.150756,0.291995,0.096987,0.252879,0.142790,0.165675,0.251183,0.035659,0.222255,0.185973,0.351398,0.273355,0.298900,0.044214,0.204199,0.235285,0.129790,0.132314,0.230881,0.199459,0.162761,0.206715,0.246222,#
14,0.331427,0.152359,0.167688,0.156136,0.069825,0.217618,0.153516,0.118726,0.267163,0.267782,0.185621,0.089266,0.226503,0.198844,1.000000,0.346612,0.101301,0.245076,0.200596,0.259553,0.118049,0.075355,0.308599,0.255615,0.225330,0.114148,0.150009,0.190187,0.267672,0.089034,0.142980,0.112067,0.144516,0.113600,0.114132,0.306228,0.246960,0.312387,0.304764,0.274407,0.286784,0.225362,0.242894,0.229281,0.175306,0.324085,0.278066,0.269523,0.184991,0.017058,0.352546,0.148067,0.103757,0.129910,0.321661,0.224677,0.226569,0.222382,0.220140,0.250160,0.194121,0.319362,0.144974,0.275847,0.253027,0.185693,0.208173,0.197801,0.253109,0.154404,0.066457,0.258505,0.053101,0.352173,0.011100,0.017310,0.112370,0.210301,0.119377,0.210185,0.266473,0.022268,0.305397,0.274748,0.140935,0.257147,0.083032,0.094027,0.280024,0.235337,0.312898,0.166907,0.181906,0.312505,0.199115,0.042774,0.245485,0.162909,0.342087,0.167986,0.120672,0.211124,0.198765,0.106367,0.108420,0.191350,0.277122,0.392692,0.170839,0.201708,0.017542,0.106053,0.238855,0.047744,0.179532,0.232760,0.103090,0.266589,0.257310,0.225213,0.297406,0.163563,0.140975,0.176083,0.132504,0.176982,0.081856,0.128881,-0.029362,0.208115,0.035597,0.302058,0.241647,0.051435,0.078710,0.147056,0.248566,0.185065,0.169164,0.150133,0.310717,0.279051,0.307592,0.069015,0.097310,0.137702,0.183796,0.004391,0.121607,0.176689,0.209543,0.086756,0.130674,0.232134,0.044937,0.015118,0.272007,0.126005,0.201968,-0.018673,0.181916,0.214331,0.065875,0.153569,0.262855,0.192993,0.216868,0.193933,0.109951,0.209549,0.308408,0.169808,0.276294,0.352094,0.271425,0.086458,0.290876,0.247463,0.219769,0.307901,0.245605,0.308922,0.143400,0.184629,0.190039,0.174256,0.145189,0.242078,0.056072,0.100917,0.197827,0.218796,0.169504,0.352868,0.153405,0.021753,0.070214,0.117151,0.268291,0.231079,#
15,0.225748,0.185190,0.154455,0.157310,0.169260,0.221286,0.144590,0.285891,0.103911,0.249721,0.126190,0.241686,0.175486,0.257769,0.346612,1.000000,0.169654,0.387407,0.260529,0.157756,0.129166,0.220872,0.309497,0.269625,0.320634,0.237947,0.261990,0.301354,0.302834,0.074356,0.250433,0.271987,0.287610,0.303523,0.180024,0.162764,0.223688,0.309036,0.259804,0.318599,0.355018,0.232055,0.255191,0.215919,0.375208,0.292442,0.266837,0.280825,0.090723,0.146592,0.383989,0.119554,0.260967,0.199602,0.311455,0.044452,0.231368,0.337119,0.202043,0.346853,0.211039,0.154436,0.165421,0.284378,0.250853,0.137254,0.348722,0.312097,0.270251,0.176154,0.218783,0.348544,0.208579,0.298604,0.341924,0.164238,0.153928,0.398540,0.257840,0.243511,0.462923,0.130195,0.259598,0.288940,0.146148,0.292692,0.300751,0.122718,0.323495,0.328152,0.250803,0.073865,0.201764,0.361395,0.105253,0.168484,0.263919,0.156905,0.316885,0.243893,0.301411,0.234820,0.365813,0.234761,0.101912,0.115149,0.191182,0.171171,0.240550,0.328982,0.149180,0.248906,0.264182,0.091518,0.175600,0.395925,0.368337,0.112698,0.243340,0.280717,0.233820,0.341528,0.053829,0.331825,0.173431,0.148717,0.174483,0.193220,0.189973,0.183770,0.105340,0.378326,0.139456,0.218528,0.300105,0.289523,0.263140,0.092156,0.229740,0.195388,0.219884,0.283477,0.331248,0.159943,0.269310,0.248994,0.408600,0.093158,0.270260,0.248446,0.367610,0.199101,0.228157,0.460486,0.021295,0.290580,0.180930,0.208842,0.285796,0.146690,0.059040,0.205931,0.182258,0.314305,0.261638,0.257625,0.125129,0.251767,0.216873,0.274045,0.228095,0.126104,0.337189,0.194781,0.233413,0.080843,0.266627,0.198952,0.068786,0.336000,0.275926,0.316138,0.104735,0.260022,0.257143,0.261857,0.131908,0.300714,0.194179,0.158638,0.029346,0.388603,0.133528,0.300477,0.154900,0.211911,0.143376,0.164080,0.109178,0.207250,#
16,0.237469,0.080814,0.116049,0.082373,0.082818,0.230680,0.219947,0.114981,0.067535,0.154129,0.179548,0.192171,0.178478,0.095984,0.101301,0.169654,1.000000,0.253909,0.078776,0.020737,0.387279,0.128637,0.352355,0.078978,0.069403,0.208279,0.181816,0.059583,0.130487,0.052822,0.190280,0.396482,0.065460,0.186579,0.029210,0.197614,0.169873,0.115671,0.204002,0.282852,0.027679,0.258149,0.119949,0.197448,0.159979,0.244601,0.168919,0.185998,0.230370,0.062575,-0.002718,0.220601,0.331843,0.122130,0.228330,0.147012,0.004003,0.240589,0.208705,0.067945,0.059612,0.365299,0.082054,0.256181,0.253101,0.177929,0.238567,0.330314,0.022249,0.167812,0.059900,0.208343,0.148625,0.155808,0.294984,0.375849,0.144353,0.210999,0.266903,0.168978,0.058243,0.086287,0.126618,0.121122,0.102809,0.297237,0.321055,0.106812,0.271118,0.134181,0.192348,0.134833,0.002857,0.097636,0.108662,0.094744,0.169398,0.013339,0.375130,0.181807,0.191876,0.192648,0.025259,0.078427,0.038931,0.216877,0.139294,-0.025525,0.118404,0.096025,0.191704,0.148023,0.199168,0.126139,0.186167,0.345511,0.245752,0.112233,0.103718,0.205399,0.054990,0.155469,0.261394,0.154109,0.253824,0.014797,0.134894,0.072116,0.086417,0.178788,0.012382,0.232298,0.233469,0.069285,0.255074,0.234951,0.013897,0.186219,0.165698,0.363049,0.016793,0.127835,-0.024329,0.199734,0.057921,0.074205,0.080348,0.063841,0.068249,-0.056627,0.175697,0.191757,0.145819,0.105937,0.135187,0.149792,0.136899,-0.004197,0.196049,0.111749,-0.001589,0.273828,0.241010,0.267541,0.135546,0.137903,0.137736,0.216150,0.122772,0.091493,-0.040991,-0.098347,0.314364,-0.000582,0.115893,0.182322,0.052677,0.135579,0.181522,0.083732,0.065821,0.207449,0.174335,-0.128179,-0.005216,0.062975,0.259681,0.224012,0.181337,0.119820,0.124361,-0.038405,0.040085,0.128415,0.225598,0.197678,0.001044,0.106990,0.074543,0.174937,#
17,0.394066,0.284379,0.179221,0.253931,0.154425,0.280492,0.208316,0.327348,0.033009,0.160847,0.172128,0.320266,0.241643,0.106525,0.245076,0.387407,0.253909,1.000000,0.175721,0.289953,0.262530,0.328809,0.389512,0.415966,0.320809,0.197263,0.144770,0.240214,0.333919,0.260222,0.295217,0.449169,0.443879,0.304683,0.100916,0.269521,0.229231,0.502288,0.242950,0.142399,0.221082,0.222556,0.178844,0.296874,0.240948,0.355800,0.299078,0.275371,0.416184,0.269580,0.344951,0.100507,0.109103,0.264267,0.296659,0.142514,0.311723,0.456997,0.298703,0.398122,0.211790,0.318691,0.170729,0.298785,0.240221,0.302321,0.374686,0.343779,0.278254,0.367177,0.354351,0.289290,0.352372,0.309885,0.333973,0.337356,0.265400,0.436073,0.254148,0.269500,0.328728,0.275489,0.495581,0.332148,0.294732,0.278652,0.276487,0.232206,0.425987,0.407478,0.290258,0.184415,0.170803,0.237195,0.182696,0.158763,0.268849,0.364633,0.295042,0.301844,0.256557,0.246078,0.251992,0.298626,0.211572,0.316253,0.202463,0.436565,0.106809,0.115919,0.211885,0.165602,0.197876,0.302883,0.039344,0.358636,0.289589,0.213930,0.275220,0.420875,0.238221,0.181001,0.074552,0.327988,0.341309,0.257360,0.257115,0.277533,0.103629,0.210605,0.123741,0.338213,0.356284,0.372161,0.286290,0.292679,0.391848,0.133365,0.319714,0.363928,0.324515,0.308425,0.177442,0.197420,0.311292,0.271635,0.191947,0.145493,0.294507,0.117505,0.404036,0.192521,0.195379,0.359531,0.157783,0.226559,0.279021,0.225041,0.533052,0.256345,0.346383,0.319158,0.174886,0.211229,0.395745,0.274799,0.121738,0.394011,0.186043,0.248216,0.459822,0.204306,0.279214,0.342066,0.299671,0.115935,0.375947,0.309526,0.150024,0.349402,0.292525,0.521755,0.284129,0.037439,0.159997,0.231047,0.356145,0.397160,0.303784,0.252101,0.198453,0.390792,0.120357,0.180368,0.360324,0.297074,0.357436,0.170368,0.211328,0.232694,#
18,0.215072,0.294534,0.137709,0.172753,0.231237,0.192611,0.201175,0.196058,0.037029,0.088809,0.351481,0.176271,0.240475,0.186140,0.200596,0.260529,0.078776,0.175721,1.000000,0.222980,0.056674,0.168463,0.010188,0.247801,0.283079,0.227050,0.282487,0.254796,0.322564,0.091632,0.314709,0.265418,0.357031,0.119545,0.125010,0.237393,0.310638,0.191187,0.177155,0.219745,0.199000,0.202343,0.146443,0.186338,0.150994,0.187624,0.164750,0.202389,0.098077,0.093303,0.306609,-0.035377,0.224064,0.297333,0.133927,-0.029486,0.237968,0.327122,0.224064,0.114785,0.014743,0.218294,0.185762,0.362484,0.097952,0.292414,0.251773,0.253844,0.128335,-0.056566,0.071675,0.256645,0.205472,0.222838,0.155696,0.012663,0.066029,0.150369,0.299199,0.339503,0.349618,0.116703,0.190144,0.292960,0.188775,0.011173,0.338693,0.111837,0.300522,0.211125,0.272863,0.093298,0.145297,0.203846,0.119655,0.047926,0.312382,0.147318,0.103775,0.286795,0.150576,0.353046,0.301135,0.153970,0.259095,0.199870,0.084744,0.230656,0.164005,0.180616,0.256633,0.283325,0.138809,0.324159,0.103002,0.103905,0.209586,0.093069,0.281655,0.209173,0.116347,0.233819,0.110072,0.122605,0.125072,0.166742,0.131842,0.167622,0.169122,0.239871,0.216617,0.254403,0.201033,0.110535,0.247031,0.071885,0.116789,0.285539,0.218889,0.319819,0.332342,0.065151,0.108344,0.096838,0.110557,0.217372,0.112058,-0.049650,0.102078,0.194351,0.085397,0.224586,0.282367,0.182649,0.091439,0.262691,0.315307,0.206899,0.147843,0.219025,0.191306,0.159953,0.154707,0.211932,0.184077,0.189100,0.242448,0.255759,0.199055,0.177057,0.031211,0.106276,0.316104,0.090839,0.146856,0.047586,0.198958,0.384358,0.428789,0.255440,0.170599,0.257299,0.198865,0.082954,0.366475,0.202120,0.172265,0.433803,0.175367,0.177837,0.272050,0.238177,0.180692,0.188191,0.212358,0.141099,0.206955,0.221116,0.209396,0.288155,#
19,0.263349,0.200201,0.152440,0.119312,0.255274,-0.043597,0.258159,0.311673,0.212249,0.256236,0.166036,-0.006023,0.203449,0.147608,0.259553,0.157756,0.020737,0.289953,0.222980,1.000000,-0.005514,0.302917,0.273149,0.275835,0.147352,0.178087,0.082101,0.198426,0.219386,0.247939,0.113452,0.203826,0.228544,0.091967,0.138144,0.253524,-0.000068,0.233294,0.398551,0.242598,0.133776,0.105157,0.100623,0.039566,0.224915,0.303429,0.245572,0.341511,0.246080,0.118288,0.199749,0.183245,0.074174,0.363627,0.190615,0.131355,0.196666,0.264702,0.193219,0.205223,0.114064,0.155487,0.160238,0.153444,0.146262,0.231830,0.096421,0.213398,0.238657,0.182942,0.183788,0.212842,0.284644,0.017101,0.231561,0.093746,0.190167,0.309878,0.240962,0.091001,0.264670,0.181828,0.271842,0.091484,0.286026,0.127061,0.217405,0.154134,0.342055,0.306508,0.110381,0.224796,0.159387,0.133138,0.173298,0.197106,0.202812,0.293824,0.153077,0.175339,0.189759,0.145489,0.189302,0.197399,0.126305,0.226772,0.242956,0.397309,0.100885,0.051677,0.233487,0.214510,0.178982,0.198828,0.212842,0.183073,0.221875,0.278857,0.254592,0.184624,0.226756,0.329705,0.078276,0.124846,0.324262,0.315071,0.151014,0.241079,-0.076712,0.126305,0.061040,0.056524,0.301477,0.220839,0.181263,0.194097,0.220542,0.210794,0.194483,0.300426,0.285603,0.183779,0.072499,0.031984,0.195532,0.126717,0.165890,0.263868,0.266247,0.062925,0.180038,0.197081,0.225100,0.227852,0.036934,0.184290,0.256451,0.136638,0.252955,0.026149,0.217415,0.201987,0.227381,0.184788,0.223178,0.302444,0.103396,0.197784,0.122466,0.179193,0.333905,0.170698,0.246144,0.105444,0.236893,0.061384,0.192773,0.219366,0.034604,0.281665,0.094895,0.345486,0.058389,0.152266,0.165588,0.198354,0.218206,0.326934,0.202215,0.095651,0.253826,0.262397,0.168669,0.356983,0.201411,0.199652,0.209902,0.191008,0.313601,0.265059,#
20,0.233046,0.096217,0.172542,0.020247,0.076832,0.260485,0.197021,0.170274,0.179206,0.116470,0.122283,0.155491,0.214482,0.089615,0.118049,0.129166,0.387279,0.262530,0.056674,-0.005514,1.000000,0.150449,0.228526,0.184327,0.209809,0.052626,0.107001,0.264728,0.170597,0.193151,0.165067,0.254981,0.207646,0.118396,0.171347,0.161462,0.133501,0.155381,0.088836,0.221206,0.089536,0.333905,0.105215,0.182157,0.150109,0.364644,0.110964,0.237354,0.248062,0.076232,0.085805,0.235579,0.389376,0.140701,0.161659,0.070063,0.170615,0.161643,0.134517,0.298053,0.182221,0.116172,0.177989,0.290011,0.302501,0.058589,0.224808,0.150307,0.222122,0.168012,0.085007,0.079802,0.364339,0.250964,0.141321,0.195084,0.280469,0.092858,0.032224,0.290555,0.119448,0.023028,0.328204,0.127577,0.089986,0.286613,0.280542,0.192629,0.251350,0.309729,0.171943,0.316394,0.061729,0.221484,0.124254,0.095410,0.285622,0.115316,0.137471,0.119397,0.097234,0.168866,0.096993,0.200993,0.020405,0.225477,0.167353,0.036339,0.061480,0.244107,0.205851,0.006921,0.174317,0.267552,0.035024,0.249444,0.320554,0.090211,-0.058331,0.147784,0.077627,0.101227,0.126509,0.153484,0.203680,0.085930,0.209502,0.281488,0.036220,0.235801,0.018297,0.265651,0.140342,0.010278,0.222853,0.228796,0.187683,0.324977,0.218064,0.313029,0.158244,0.220481,-0.102606,0.137907,0.202585,0.022084,0.086799,0.125501,0.041340,0.137549,0.142606,0.235153,0.093247,0.042412,0.128679,0.165531,0.027977,-0.030955,0.274908,0.055222,0.116586,0.219191,0.140198,0.107704,0.251788,0.136289,0.064360,0.245705,0.153985,0.128002,0.157473,0.058700,0.196274,0.190752,0.100857,0.258781,0.039085,0.149828,0.313677,0.302723,0.156566,0.173108,0.126972,0.135332,0.190354,0.055806,0.132131,0.186068,0.175746,0.153032,0.271130,0.136532,0.234686,0.129279,0.273273,0.243506,0.073987,0.098255,0.108109,0.065639,#
21,0.332745,0.276300,0.348081,0.235328,0.277848,0.288222,0.174138,0.260187,0.105409,0.208411,0.187555,0.266102,0.016729,0.208689,0.075355,0.220872,0.128637,0.328809,0.168463,0.302917,0.150449,1.000000,0.262357,0.391267,0.321370,0.210060,0.275353,0.331626,0.247259,0.209901,0.326180,0.303991,0.247308,0.338870,0.199801,0.306602,0.263317,0.262179,0.324813,0.228030,0.236444,0.331673,0.085259,0.194687,0.295577,0.316085,0.335460,0.375605,0.147955,0.294145,0.322341,0.082554,0.328308,0.233774,0.289501,0.100863,0.243904,0.307660,0.256703,0.251045,0.138985,0.214425,0.296298,0.316561,0.343643,0.198056,0.244675,0.294959,0.305542,0.340687,0.438826,0.079371,0.392694,0.241548,0.264949,0.154823,0.290152,0.225001,0.143388,0.226816,0.414745,0.226265,0.161529,0.206630,0.333152,0.191847,0.299957,0.217439,0.335329,0.383601,0.140257,0.226285,0.241264,0.197215,0.203548,0.303515,0.229675,0.241618,0.260640,0.300906,0.397653,0.150084,0.250653,0.295926,0.232804,0.320854,0.080263,0.306792,0.182095,0.153499,0.275995,0.175414,0.347143,0.287759,0.085229,0.248224,0.400100,0.073539,0.267761,0.281769,0.247980,0.236729,0.084968,0.320667,0.270745,0.286112,0.253193,0.292839,0.056787,0.185507,0.283941,0.162891,0.259892,0.279054,0.285122,0.210979,0.269898,0.127901,0.233767,0.353517,0.180379,0.255135,0.267971,0.073543,0.215836,0.195072,0.241388,0.287316,0.308506,0.133795,0.199507,0.274509,0.316336,0.384531,0.107659,0.203093,0.255518,0.263368,0.268467,0.226819,0.368250,0.125500,0.138875,0.193404,0.280953,0.102213,-0.021616,0.363944,0.099962,0.239249,0.288998,0.126110,0.397431,0.218683,0.164949,0.208017,0.250558,0.196813,0.257309,0.300185,0.235918,0.352253,0.105027,0.137499,0.184651,0.135848,0.285305,0.368325,0.409607,0.198799,0.318603,0.240783,0.282008,0.015308,0.375493,0.317757,0.241557,0.222491,0.171062,0.305354,#
