0,1.000000,0.270244,0.336575,0.156734,0.253426,0.262623,0.195895,0.189601,0.273192,0.233573,0.308591,0.283250,0.146596,0.166089,0.319898,0.169388,0.276671,0.412860,0.192800,0.214647,0.304754,0.376985,0.288128,0.326206,0.230528,0.171776,0.260393,0.309252,0.356156,0.251639,0.179696,0.159301,0.290464,0.167315,0.166015,0.371669,0.310872,0.236295,0.282406,0.352761,0.113509,0.293574,0.115865,0.262025,0.168166,0.229831,0.350392,0.241802,0.302608,0.288867,0.401867,0.170878,0.237741,0.155943,0.418986,0.170607,0.263692,0.276984,0.241177,0.187791,0.268508,0.239973,0.256393,0.316741,0.346732,0.121804,0.297703,0.228751,0.247691,0.269389,0.426962,0.322965,0.388445,0.279501,0.165655,0.157966,0.172303,0.274996,0.269901,0.142334,0.338255,0.209828,0.246967,0.289532,0.237401,0.290937,0.299187,0.251871,0.339115,0.223809,0.238512,0.150576,0.153841,0.154858,0.336694,0.253645,0.313027,0.267409,0.256877,0.349757,0.302777,0.326874,0.226075,0.327031,0.188444,0.215596,0.233504,0.276917,0.199979,0.120065,0.168226,0.223641,0.253350,0.257538,0.119960,0.267185,0.355823,0.157689,0.292208,0.286751,0.387412,0.117372,0.150314,0.171029,0.186140,0.418094,0.139763,0.159818,0.179094,0.372984,0.288478,0.339815,0.303584,0.243725,0.191640,0.110481,0.348723,0.199589,0.289435,0.458299,0.235519,0.289800,0.261627,0.227096,0.271928,0.254790,0.201916,0.048787,0.301886,0.230214,0.281629,0.208306,0.319936,0.191909,0.198831,0.093325,0.103951,0.143719,0.359202,0.331468,0.275419,0.302474,0.093368,0.251929,0.304425,0.026808,0.094759,0.211229,0.292106,0.119230,0.429881,0.039786,0.374746,0.453185,0.142663,0.291964,0.380250,0.292106,0.298128,0.271783,0.235867,0.406335,0.087348,0.077779,0.162952,0.330601,0.312540,0.460284,0.282631,0.128019,0.330353,0.273707,0.131648,0.096009,0.367908,0.114072,0.187068,0.138109,0.324987,0.275552,#
1,0.270244,1.000000,0.182377,0.177292,0.432289,0.271145,0.288379,0.255611,0.156816,0.138094,0.304746,0.271999,0.224570,0.316024,0.154512,0.166978,0.132362,0.281758,0.296794,0.177231,0.124396,0.327043,0.211865,0.313446,0.331906,0.309044,0.277839,0.295780,0.331726,0.108785,0.337915,0.267368,0.450916,0.261116,0.194779,0.151926,0.190444,0.300210,0.262192,0.299296,0.212247,0.243712,0.336052,0.233942,0.241166,0.255217,0.333351,0.318187,0.230550,0.130604,0.438430,0.123082,0.354439,0.213641,0.291864,0.234005,0.275366,0.333604,0.428558,0.272706,0.215042,0.287543,0.232396,0.340872,0.308514,0.285217,0.203746,0.331896,0.314240,0.181468,0.338327,0.255559,0.411357,0.233547,0.267787,-0.005681,0.227633,0.260461,0.309093,0.238977,0.217512,0.433702,0.297987,0.422619,0.124387,0.177021,0.361035,0.337819,0.249308,0.428067,0.302904,0.340379,0.129344,0.228097,0.152009,0.278696,0.214609,0.263264,0.213783,0.196741,0.111185,0.152678,0.194935,0.279024,0.199238,0.233180,0.185492,0.347388,0.200721,0.247541,0.359669,0.271630,0.233809,0.187631,0.263720,0.329829,0.324317,0.123989,0.419864,0.290058,0.164849,0.250840,0.281046,0.211316,0.222269,0.374491,0.196634,0.205155,0.218786,0.198236,0.272639,0.220191,0.113092,0.256335,0.390333,0.314380,0.259147,0.277274,0.243383,0.395983,0.309864,0.228866,0.077473,0.093996,0.271148,0.189193,0.323653,0.073400,0.344721,0.286827,0.280905,0.249919,0.266979,0.121610,0.218384,0.175441,0.304698,0.293139,0.309165,0.126885,0.071863,0.325052,0.143579,0.233551,0.320723,0.378118,0.166786,0.354631,0.348437,0.267479,0.299400,0.221393,0.265639,0.236866,0.359194,0.190552,0.112415,0.280782,0.304786,0.206966,0.239960,0.208046,0.249589,0.157736,0.288666,0.276296,0.155670,0.392385,0.285195,0.293467,0.370057,0.282286,0.121800,0.087207,0.285796,0.244256,0.145532,0.224213,0.064954,0.200213,#
2,0.336575,0.182377,1.000000,0.345430,0.141796,0.231984,0.242080,0.264249,-0.054882,0.094219,0.063915,0.269256,0.205828,0.136452,0.211848,0.138353,0.113624,0.201539,0.216832,0.174592,0.188112,0.395769,0.355532,0.333302,0.278819,0.226796,0.294888,0.152393,0.251505,0.214716,0.257389,0.167543,0.229798,0.191235,0.119232,0.246667,0.240968,0.230122,0.221074,0.212837,0.256441,0.273207,0.184453,0.082898,0.073593,0.365375,0.244273,0.334099,0.169333,0.222631,0.296131,0.274784,0.246350,0.205937,0.174772,0.190944,0.119178,0.229032,0.122488,0.259844,0.025033,0.263146,0.214043,0.258331,0.360933,0.265391,0.158457,0.035266,0.164239,0.330696,0.302283,0.056138,0.163559,0.336488,0.207778,0.241496,0.079071,0.188304,0.180338,0.363892,0.396393,0.067672,0.161354,0.223822,0.075178,0.178667,0.347654,0.244166,0.144228,0.280281,0.174581,0.155004,0.143029,0.025035,0.221917,0.112287,0.161669,0.117039,0.246844,0.193492,0.305353,0.276238,0.218038,0.187947,0.252896,0.130948,0.198372,0.257926,0.142366,0.210749,0.210522,0.200168,0.213351,0.166226,0.162608,0.250160,0.175392,0.229306,0.123744,0.092573,0.195072,0.270014,0.170521,0.153024,0.176470,0.196256,0.204173,0.165039,0.136312,0.252435,0.176319,0.296998,0.203458,0.106597,0.158559,0.345640,0.202933,0.258461,0.069475,0.104025,0.009350,0.174567,0.198261,0.166913,0.325643,0.192759,0.280783,0.079257,0.358206,0.186227,0.210668,0.347612,0.228894,0.157261,0.101390,0.048652,0.047401,0.164155,0.214165,0.063184,0.348519,0.225001,0.209479,0.269529,0.322795,0.137039,0.162513,0.315315,0.120587,0.125788,0.186594,0.188458,0.197481,0.234152,0.243661,0.181258,0.401258,0.273241,0.269529,0.230647,0.258438,0.175812,0.119843,0.224861,0.048931,0.258532,0.168854,0.270295,0.254640,0.032214,0.253426,0.155769,0.261745,0.112563,0.261416,0.042517,0.229000,0.090112,0.340310,0.240845,#
3,0.156734,0.177292,0.345430,1.000000,0.193427,0.117247,0.182808,0.223430,0.070268,0.163905,0.139835,0.275577,0.055189,0.203310,0.151898,0.151811,0.109027,0.235218,0.177829,0.105050,0.009354,0.256226,0.233568,0.329769,0.282435,0.155374,0.146626,0.061034,0.213294,0.090305,0.285869,0.316125,0.237940,0.373088,-0.011606,0.261181,0.302376,0.358021,0.245262,0.129415,0.191053,0.198047,0.180223,0.137925,0.167954,0.251707,0.258665,0.181458,0.134907,0.157014,0.309065,0.094097,0.118776,0.131942,0.070339,0.276544,0.206365,0.288601,0.236066,0.262204,0.075697,0.162301,0.162557,0.314481,0.215996,0.241463,0.143641,0.308989,0.135719,0.168536,0.328483,0.004923,0.178319,0.258279,0.205036,0.168502,0.145572,0.237342,0.286605,0.282897,0.221159,0.184108,0.140247,0.227494,0.173159,0.196124,0.348664,0.212185,0.184905,0.364945,0.148295,0.201578,0.175347,0.252347,0.117726,0.190118,0.229726,0.143496,0.302382,0.180218,0.244472,0.181052,0.293220,0.211747,0.204759,0.154521,0.165717,0.209507,0.143055,0.039585,0.180090,0.188156,0.194108,0.135924,0.022435,0.148707,0.249724,0.087775,0.163445,0.189333,0.268068,0.150425,0.238754,0.251440,0.172611,0.102239,0.212783,0.079042,0.239244,0.318292,0.105141,0.240143,0.294484,0.283365,0.123913,0.229620,0.160411,0.090423,0.249926,0.276598,0.229813,0.173701,0.233872,0.205638,0.255278,0.129314,0.322140,0.146909,0.228582,0.186002,0.213173,0.162372,0.125588,0.114052,0.110913,0.110306,0.168603,0.256155,0.067382,0.297403,0.285881,0.236007,0.203047,0.333397,0.260305,0.243394,0.289453,0.219306,0.156494,0.199866,0.209365,0.175984,0.214047,0.261995,0.214326,0.181946,0.156847,0.188511,0.166228,0.159755,0.213977,0.277965,0.255839,0.296245,0.109676,0.180769,0.116750,0.306175,0.009268,0.027088,0.190127,0.206235,0.259798,0.217843,0.106824,0.195433,0.149840,0.134629,0.213234,0.192935,#
4,0.253426,0.432289,0.141796,0.193427,1.000000,0.135974,0.312488,0.135861,0.164065,0.109230,0.223522,0.083542,0.175556,0.175891,0.075923,0.152881,0.104925,0.134838,0.240546,0.243169,0.063710,0.297537,0.257791,0.269235,0.185450,0.244585,0.101529,0.229325,0.337127,-0.091780,0.127250,0.183959,0.350667,0.151381,0.162409,0.179243,0.111869,0.318439,0.078704,0.219429,0.208903,0.250176,0.169199,0.105042,0.327955,0.119750,0.301231,0.270684,0.120191,0.269531,0.215516,-0.030915,0.168712,0.156007,0.208891,0.171303,0.171819,0.183769,0.205129,0.239754,0.222579,0.168162,0.039117,0.090949,0.168066,0.104205,0.232088,0.135393,0.152321,0.157431,0.251395,0.189826,0.218962,0.102269,0.170077,-0.105979,0.169820,0.212134,0.100555,0.096776,0.295950,0.207579,0.062149,0.151090,0.180429,0.154492,0.225060,0.186090,0.216667,0.348991,0.156329,0.166438,-0.009260,0.191495,0.000880,0.291771,0.177795,0.403652,0.339148,0.282423,0.180186,0.065200,0.177615,0.263352,0.187574,0.055708,0.029268,0.151339,0.121690,0.234356,0.341372,0.115717,0.179058,0.301367,0.112750,0.068704,0.148145,-0.098356,0.231731,-0.024968,0.164693,0.231323,0.218351,0.137959,0.147971,0.241363,0.129782,0.144838,-0.016576,0.154120,0.132465,0.126180,0.165796,0.142767,0.210354,0.208540,0.216996,-0.055861,0.107615,0.241761,0.279610,0.018735,0.085046,0.210485,0.175470,0.073544,0.267230,-0.043325,0.213354,0.353602,0.199855,0.206130,0.260443,0.151578,0.060638,0.018132,0.210776,0.164003,0.243973,0.184662,0.088988,0.176982,0.115134,0.305872,0.103439,0.355007,0.060857,0.071040,0.085404,0.124202,0.283820,0.041072,0.131911,0.068191,0.291246,0.124983,0.256163,0.198248,0.200223,0.083815,0.080002,0.105354,0.146599,0.105537,0.104999,0.213123,0.134114,0.369386,0.151805,0.091468,0.245465,0.091486,0.117914,0.045648,0.041212,0.221796,0.156232,0.336149,0.090300,0.176969,#
5,0.262623,0.271145,0.231984,0.117247,0.135974,1.000000,0.157066,0.197197,0.117825,0.246679,0.133103,0.151215,0.210344,0.060795,0.244544,0.216593,0.259521,0.284927,0.224354,-0.037826,0.264393,0.296387,0.216412,0.411026,0.197559,0.220696,0.209805,0.222661,0.298886,0.121010,0.116733,0.294831,0.344962,0.120543,0.151831,0.161062,0.351374,0.140787,0.250778,0.270006,0.190355,0.272661,0.032712,0.251752,0.164024,0.240022,0.221962,0.087526,0.260402,0.237296,0.288027,0.161620,0.222051,0.059416,0.205060,0.190330,0.057428,0.343990,0.264756,0.235224,0.206036,0.286407,0.191006,0.176558,0.232020,0.215988,0.309032,0.230513,0.153610,0.154851,0.328784,0.139628,0.241230,0.365333,0.175710,0.107873,0.220016,0.242285,0.175366,0.297208,0.227184,0.249618,0.273566,0.097124,0.031533,0.365495,0.127018,0.232757,0.211267,0.258262,0.117051,0.263327,0.033543,0.141998,0.118633,0.104177,0.202719,0.085269,0.312839,0.097510,0.191951,0.295558,0.219501,0.253822,0.061992,0.149034,-0.013989,0.256847,0.151764,0.148006,0.325826,0.175185,0.345611,0.054009,0.183305,0.194202,0.329630,0.215295,0.227785,0.235685,0.022729,0.177252,0.081232,0.215532,0.188450,0.167921,0.047013,-0.005904,0.354540,0.356393,0.142541,0.325431,0.141613,0.116472,0.346076,0.232749,0.142036,0.121599,0.192537,0.240619,0.275850,0.255662,0.080257,0.231580,0.225387,0.091665,0.202677,0.194550,0.167083,0.168665,0.243243,0.110994,0.218706,0.310870,0.089499,0.161424,0.250967,0.133332,0.401485,0.098722,0.200645,0.149398,0.199050,0.132542,0.321680,-0.032943,0.048914,0.231369,0.224957,0.301172,0.105019,0.221913,0.287914,0.200142,0.107478,0.159982,0.172083,0.198319,0.342127,0.154322,0.273643,0.318881,0.274079,0.077134,0.193216,0.331295,0.207755,0.212761,0.164569,0.201250,0.331327,0.103077,0.163422,0.188026,0.247893,0.181343,0.099614,0.315298,0.066360,0.274205,#
6,0.195895,0.288379,0.242080,0.182808,0.312488,0.157066,1.000000,0.225478,0.092796,0.065955,0.210404,0.073535,0.037175,0.211529,0.129784,0.144720,0.227416,0.191662,0.196643,0.246740,0.187079,0.207338,0.194159,0.145767,0.097174,0.111005,0.131713,0.214586,0.313150,0.089969,0.055577,0.230819,0.274664,0.098376,0.031978,0.088801,0.131899,0.170174,0.268335,0.202186,0.224529,0.227017,0.104974,0.264444,0.094580,0.135557,0.304795,0.356668,0.155718,0.280918,0.106311,0.177516,0.295482,0.145952,0.162829,0.201594,0.220649,0.300545,0.256267,0.254782,0.035847,0.239791,0.023084,0.261359,0.150041,0.356087,0.215312,0.198091,0.193136,0.158079,0.286297,0.185129,0.324154,0.065264,0.157891,0.093690,0.191311,0.174425,0.210320,0.238518,0.256987,0.276568,0.263334,0.148012,0.126056,0.237159,0.171479,0.307909,0.253496,0.307315,0.247201,0.172160,0.060328,0.257796,0.116041,0.316409,0.197775,0.163118,0.294537,0.231831,0.219800,0.218308,0.083543,0.106040,0.016616,0.299876,0.051158,0.142532,0.173198,0.165903,0.256346,0.155561,0.254713,0.106743,0.133724,0.127038,0.289396,0.151484,0.249682,0.197222,0.113759,0.257510,0.116650,0.055582,0.176414,0.054444,0.093411,0.280679,0.064157,0.306717,0.176658,0.100311,0.250746,0.028848,0.319309,0.185541,0.160353,0.295639,0.206789,0.205079,0.131160,0.010750,0.054940,0.348232,0.043864,0.154932,0.203002,0.030095,0.168745,0.142092,0.225893,0.168239,0.250526,0.193539,0.148498,0.090739,0.085395,0.087630,0.252156,0.123272,0.056581,0.213424,0.205726,0.177176,0.226261,0.136422,0.129642,0.225775,0.280051,0.271067,0.063389,0.121496,0.233992,0.158154,0.219185,0.228452,0.172274,0.261396,0.283686,0.086042,-0.038654,0.038057,0.128960,0.256996,0.248374,0.177842,0.168730,0.220809,0.221657,0.246710,0.179748,0.056420,0.308645,0.183567,0.160981,0.207328,0.139944,0.163115,0.069390,0.222668,#
7,0.189601,0.255611,0.264249,0.223430,0.135861,0.197197,0.225478,1.000000,0.049666,0.265243,0.186987,0.293450,0.135490,0.280496,0.117842,0.267182,0.151698,0.297234,0.200317,0.292286,0.144284,0.298282,0.420667,0.217893,0.270662,0.126567,0.211168,0.297150,0.333420,0.079844,0.310784,0.373450,0.378574,0.169643,0.076449,0.227755,0.165492,0.238913,0.261543,0.249379,0.119397,0.182074,0.282589,0.109375,0.177498,0.271702,0.159148,0.285515,0.322305,0.237596,0.354029,0.152129,0.181647,0.266732,0.325774,0.217705,0.175919,0.313322,0.226632,0.294496,0.190467,0.131256,0.116745,0.261519,0.376224,0.127057,0.212273,0.298706,0.193495,0.358264,0.254785,0.113178,0.357556,0.366638,0.267614,0.199085,0.234182,0.322831,0.280122,0.339305,0.248183,0.299703,0.308064,0.305301,0.151979,0.227222,0.391143,0.160617,0.234793,0.326995,0.239551,0.162703,0.197467,0.169952,0.141627,0.302242,0.144397,0.101158,0.211823,0.044195,0.294514,0.194688,0.214431,0.209223,0.127656,0.373514,0.235091,0.120641,0.282521,0.094432,0.200705,0.224077,0.129288,0.194671,0.270011,0.189748,0.192295,0.221444,0.291759,0.287066,0.246170,0.227574,0.166631,0.392487,0.308526,0.174572,0.247655,0.357262,0.222635,0.224325,0.094488,0.160085,0.184412,0.255713,0.343381,0.141679,0.157691,0.359830,0.300765,0.381597,0.323708,0.429664,-0.013692,0.250214,0.237783,0.173013,0.334824,0.119216,0.264363,0.147332,0.258949,0.387156,0.085476,0.100215,0.062601,0.325236,0.240117,0.283546,0.241644,0.267471,0.194078,0.276016,0.162658,0.300090,0.341643,0.107558,0.254432,0.232819,0.350369,0.254118,0.265011,0.219768,0.274569,0.130377,0.212674,0.129913,0.265845,0.275591,0.129651,0.270867,0.123780,0.290408,0.093682,0.114849,0.058151,0.310110,0.288959,0.351592,0.113137,0.216175,0.243143,0.215592,0.165513,0.259445,0.067222,0.246932,0.319258,0.246073,0.235921,0.235285,#
8,0.273192,0.156816,-0.054882,0.070268,0.164065,0.117825,0.092796,0.049666,1.000000,0.105296,0.228066,0.121918,0.168197,0.149138,0.238227,0.092767,0.102394,-0.000394,-0.016047,0.181444,0.163610,0.096080,0.111259,0.120829,0.117938,0.076001,-0.025756,0.197557,0.115166,0.125819,0.060718,0.188556,0.161279,0.203030,0.104674,0.173434,0.178344,0.162393,0.181836,0.288387,0.069424,0.106871,-0.144451,0.154535,0.264976,0.199116,0.148462,0.212116,0.013696,0.097097,0.014527,0.172284,0.010131,0.314115,0.188381,0.178573,0.052319,0.101179,0.179511,0.137377,0.115590,0.010276,0.251623,0.116717,0.180216,0.124516,0.207771,0.183834,0.249975,0.113253,0.074057,0.212052,0.197774,0.064901,0.027293,-0.006691,0.128135,0.026627,0.216511,-0.022847,0.126619,0.128583,0.162487,-0.006204,0.143378,0.127217,0.173539,0.106959,0.244062,0.084616,0.152539,0.091242,0.065111,0.155772,0.146665,0.306728,0.185151,0.136691,0.122466,0.108211,0.159333,0.011769,0.037676,0.124330,0.132294,0.015262,0.193572,0.102966,-0.025810,0.072854,0.012754,0.089515,-0.003293,0.134070,0.046818,0.172445,0.231737,0.084473,0.007770,0.150142,0.196657,0.036706,0.063433,0.121120,0.107679,0.241584,-0.044568,0.144929,0.073944,0.163087,0.123056,0.100556,0.065363,0.047670,0.191267,0.155428,0.156963,0.149980,0.252359,0.270336,0.188742,0.214404,0.239619,0.104813,0.085592,0.073009,0.205028,0.263940,0.150779,0.202487,0.152995,0.185644,0.175786,0.177284,0.254282,0.147960,0.047500,-0.008213,0.129900,0.212779,-0.024512,0.101582,-0.057012,0.214329,0.133605,0.158387,0.084152,0.167389,0.141855,0.099600,0.245703,-0.135707,0.037154,0.299070,0.123355,0.147603,0.029205,0.199727,0.134421,0.088864,0.140652,0.120829,-0.104087,0.142480,0.213317,0.111309,0.081296,0.099121,0.126182,0.063304,0.141695,0.106215,0.053390,0.134188,0.058151,0.101510,0.126941,-0.131227,0.088519,0.076956,#
9,0.233573,0.138094,0.094219,0.163905,0.109230,0.246679,0.065955,0.265243,0.105296,1.000000,0.284050,0.151617,0.037449,0.164521,0.251388,0.261471,0.130271,0.128864,0.101521,0.270924,0.057457,0.201176,0.286426,0.290565,0.148160,0.195603,0.201444,0.335133,0.231818,0.070719,0.287711,0.326168,0.180052,0.145462,0.130581,0.280307,0.023872,0.290881,0.290389,0.250609,0.243371,0.318196,0.088129,-0.027782,0.223948,0.361217,0.258046,0.280581,0.155647,0.058912,0.305357,0.226471,0.218859,0.096643,0.276069,0.350300,0.333041,0.250320,0.106471,0.203277,0.044117,0.209105,0.219624,0.237640,0.266154,0.209571,0.114237,0.280765,0.277735,0.116821,0.198600,0.309595,0.191156,0.205580,0.232763,0.122780,0.338863,0.250924,0.322966,0.249326,0.148195,0.220200,0.248969,0.235121,0.191762,0.385399,0.396846,0.123841,0.162187,0.238071,0.027381,0.314202,0.048315,0.240069,0.209049,0.191883,0.406831,0.177973,0.204509,0.234822,0.277718,0.222510,0.341943,0.081566,0.178885,0.120375,0.175266,0.229105,0.220374,0.088379,0.166927,0.200017,0.219996,0.116546,0.120456,0.221500,0.262603,0.332606,0.423892,0.215411,0.330889,0.331441,0.204306,0.255173,0.270769,0.190244,-0.044578,0.239308,0.160089,0.179408,0.180930,0.295362,0.093614,0.301143,0.255139,0.055097,0.240015,0.265290,0.177876,0.245983,0.161541,0.236295,0.100539,0.128250,0.222311,-0.106105,0.315594,0.191739,0.075504,0.298857,0.255926,0.203116,0.308138,0.169157,0.050076,0.272512,0.345036,0.199270,0.403142,0.230583,0.102153,0.117735,0.002483,0.340248,0.237185,0.170862,0.123293,0.247979,0.333132,0.293017,0.221559,0.245359,0.309626,0.218175,0.143704,0.163693,0.217998,0.028461,0.098061,0.372129,0.098515,0.251679,0.277128,0.073758,0.119969,0.192679,0.326151,0.324576,0.320310,0.097125,0.249088,0.186486,0.161015,0.215433,0.184682,0.231467,0.116358,0.043859,0.209956,0.158662,#
10,0.308591,0.304746,0.063915,0.139835,0.223522,0.133103,0.210404,0.186987,0.228066,0.284050,1.000000,0.059949,0.016425,0.282643,0.168723,0.136788,0.200682,0.163132,0.320337,0.160198,0.115093,0.164802,0.224836,0.083622,0.124044,0.076662,0.309685,0.219598,0.180092,0.138832,0.245541,0.244601,0.178384,0.122510,0.127154,0.283342,0.040641,0.252774,0.247863,0.180083,0.008682,0.093605,0.159496,-0.005997,0.159002,0.232069,0.208914,0.286866,0.233698,0.187320,0.136569,0.203892,0.227674,0.179398,0.224376,0.190900,0.116392,0.255582,0.246983,0.085501,0.108825,0.212982,0.192190,0.266931,0.195202,0.209854,0.199436,0.187753,0.238923,0.107000,0.194311,0.142764,0.185518,0.103309,0.138844,0.158561,0.302426,0.063391,0.191858,0.040920,0.093958,0.296113,0.155204,0.238488,0.129495,0.204769,0.335674,0.121220,0.201050,0.200338,0.061829,0.101777,0.162794,0.098380,0.085742,0.158174,0.328803,0.041030,0.273236,0.263244,0.230607,0.211107,0.094313,0.242054,0.207162,0.100078,0.196257,0.195019,0.119273,0.128327,0.092605,0.152498,0.165791,0.124496,0.180707,0.294658,0.224961,-0.029706,0.161969,0.126201,0.134323,0.028461,0.125885,0.169271,0.208526,0.124239,-0.049917,0.120768,0.058597,0.326386,0.203023,0.112695,0.131755,0.061212,0.197770,0.187755,0.176848,0.220546,0.061553,0.385289,0.188112,0.158832,0.278384,0.137010,0.055614,0.119553,0.060009,0.148803,0.073861,0.293604,0.105038,0.264093,0.247562,0.207818,0.148171,0.210229,0.290013,0.092705,0.218000,0.322362,0.040796,0.194610,0.145113,0.301875,0.158638,0.058054,0.046903,0.130706,0.129400,0.228565,0.175380,0.094476,0.295135,0.130521,0.175103,-0.007922,0.086060,0.201448,0.349334,0.326524,0.224507,0.146036,0.232663,0.061240,0.186139,0.061453,0.121814,0.255653,0.193038,0.186606,0.187705,0.171374,0.118494,0.098627,0.184706,0.259988,0.156431,0.212603,0.268275,0.210339,#
11,0.283250,0.271999,0.269256,0.275577,0.083542,0.151215,0.073535,0.293450,0.121918,0.151617,0.059949,1.000000,0.243527,0.155291,0.070540,0.238086,0.207349,0.291408,0.144674,-0.018631,0.112605,0.255738,0.239922,0.304581,0.293488,0.269031,0.107182,0.323887,0.061066,0.209213,0.327672,0.342176,0.284959,0.171462,0.132158,0.117785,0.295052,0.292881,0.195173,0.217340,0.253085,0.310699,0.221174,0.317709,0.054920,0.352007,0.206920,0.322009,0.182750,0.112713,0.369621,0.164633,0.169792,0.287355,0.201673,0.205353,0.379901,0.164376,0.272126,0.183471,0.082550,0.294492,0.285481,0.323548,0.337067,0.198690,0.291968,0.320810,0.187691,0.285705,0.244033,0.132983,0.263893,0.283158,0.303123,0.247840,0.174311,0.186822,0.442566,0.227923,0.240668,0.039232,0.232732,0.324543,0.281608,0.209063,0.468325,0.207694,0.165559,0.209023,0.387487,0.235998,0.197339,0.334086,0.196390,0.169548,0.128700,0.205370,0.166780,0.299828,0.268066,0.258763,0.255869,0.099309,0.264457,0.359583,0.179329,0.230646,0.248501,0.200652,0.210258,0.159952,0.260375,0.175567,-0.048737,0.487147,0.315092,0.119556,0.304660,0.206798,0.201771,0.247727,0.251876,0.264267,0.235821,0.134126,0.351995,0.392616,0.295207,0.263778,0.130988,0.453572,0.063989,0.239710,0.119489,0.130128,0.116335,0.263291,0.126596,0.344117,0.209186,0.316190,0.117484,0.289380,0.229085,0.197544,0.384633,0.126884,0.277764,0.204123,0.165843,0.344054,0.176695,0.180209,0.254115,0.083280,0.170727,0.071036,0.214142,0.205321,0.211587,0.153331,0.070346,0.216800,0.480392,0.124639,0.224851,0.324888,0.476999,0.160087,0.308929,0.045883,0.233519,0.254651,0.195380,0.367000,0.432711,0.205575,0.159626,0.150567,0.328498,0.245655,0.187383,0.114387,0.109640,0.327618,0.284209,0.223884,0.204664,0.231368,0.049197,0.159950,0.247286,-0.044649,0.200648,0.101390,0.268006,0.131637,0.093893,0.306359,#
12,0.146596,0.224570,0.205828,0.055189,0.175556,0.210344,0.037175,0.135490,0.168197,0.037449,0.016425,0.243527,1.000000,0.105394,0.202942,0.179499,0.149492,0.206050,0.271221,0.189204,0.170659,0.029123,0.232364,0.211024,0.314925,0.044884,0.046857,0.249901,0.302579,0.212048,0.102851,0.272137,0.303228,0.160907,0.148626,0.139221,0.303299,0.165867,0.164525,0.194575,0.308191,0.170019,0.261805,0.195052,0.157853,0.338179,0.167755,0.056165,0.199603,0.086874,0.263357,0.033202,0.120965,0.233356,0.165781,0.175824,0.192716,0.268121,0.215779,0.248257,0.151777,0.284010,0.130372,0.178998,0.199534,0.141074,0.219592,0.099343,0.109618,0.081044,0.103571,0.208488,0.112233,0.121897,0.268636,0.174174,0.187561,0.156975,0.104699,0.161568,0.168806,0.114452,0.235926,0.224822,0.183621,0.347713,0.227965,0.185339,0.221712,0.297780,0.216731,0.198019,0.041024,0.198470,0.161257,0.008548,0.309258,0.230326,0.074538,0.098588,0.147121,0.229739,0.215932,0.161550,0.254489,0.160489,0.116834,0.123590,0.115718,0.306408,0.214084,0.005497,0.258271,0.194636,0.005909,0.221879,0.186244,0.278189,0.094647,0.228897,0.084072,0.254383,0.224682,0.178707,0.045527,0.246158,0.140781,0.067084,0.178126,0.063661,0.130896,0.289873,0.103123,0.079673,0.062384,0.174546,0.158783,0.209199,0.124249,0.227544,0.295800,0.283250,0.051318,0.179107,0.061552,0.153000,0.327528,0.069913,0.219490,0.164973,0.258863,0.411262,0.117034,0.157389,0.177159,0.066159,0.191948,-0.116682,0.150496,0.027189,0.181656,0.146916,0.088326,0.278310,0.176119,0.238421,0.168122,0.033773,0.215568,0.204966,0.122736,0.103763,0.285202,0.170190,0.261102,0.055168,0.251299,0.306642,-0.001164,0.212419,0.223789,0.175844,0.204936,0.110105,0.215152,0.296174,0.174927,0.253821,0.089244,0.074386,0.300499,0.319919,0.135661,0.107409,0.121860,0.128481,0.203314,0.008297,0.231569,0.238452,#
13,0.166089,0.316024,0.136452,0.203310,0.175891,0.060795,0.211529,0.280496,0.149138,0.164521,0.282643,0.155291,0.105394,1.000000,0.200997,0.241734,0.114791,0.118480,0.184399,0.146676,0.110167,0.248644,0.204913,0.052421,0.336307,0.258092,0.209955,0.247004,0.186853,0.028148,0.246368,0.192519,0.288999,0.218388,0.015956,0.172442,0.149075,0.258102,0.126424,0.127604,0.118427,0.197626,0.302740,0.105521,0.170965,0.178279,0.316437,0.254956,0.265225,0.124220,0.289184,0.176264,0.253873,0.094547,0.236214,0.421112,0.198188,0.244260,0.271512,0.272487,0.177244,0.175730,0.335846,0.232129,0.138230,0.176178,0.317201,0.205146,0.401691,0.251468,0.111033,0.184754,0.348438,0.126216,0.226694,0.028467,0.193663,0.232859,0.252069,0.225492,0.271614,0.357817,0.266223,0.365336,0.341187,0.171419,0.400875,0.253412,0.259390,0.403882,0.225670,0.190476,0.248049,0.162386,0.171682,0.210787,0.163817,0.095210,0.164504,0.235908,0.385426,0.198400,0.191036,0.070985,0.176627,0.302131,0.185045,0.180151,0.231895,0.133876,0.179835,0.119576,0.279068,0.194128,0.222541,0.174792,0.246778,0.122787,0.257957,0.220804,0.245169,0.354087,0.044828,0.241628,0.150532,0.208707,0.103861,0.211681,0.351491,0.221850,0.186728,0.121810,0.143200,0.224552,0.323195,0.179788,0.249102,0.285015,0.379761,0.277561,0.255810,0.229876,0.183967,0.118385,0.245218,0.293791,0.286483,0.143476,-0.017514,0.267333,0.293557,0.154070,0.278794,0.252477,0.307064,0.184363,0.098479,0.221974,0.184110,0.111665,0.145052,0.297838,0.097796,0.309449,0.242184,0.341178,0.076946,0.216825,0.300564,0.289760,0.281060,0.295988,0.293182,0.143896,0.211879,0.178733,0.117433,0.171191,0.297438,0.098087,0.246841,0.130810,0.161822,0.262250,0.033325,0.248657,0.185379,0.369955,0.282348,0.296824,0.046738,0.226002,0.224786,0.132712,0.158444,0.226323,0.226737,0.162284,0.206699,0.268517,#
14,0.319898,0.154512,0.211848,0.151898,0.075923,0.244544,0.129784,0.117842,0.238227,0.251388,0.168723,0.070540,0.202942,0.200997,1.000000,0.323870,0.107815,0.240709,0.251289,0.236644,0.128556,0.087980,0.316260,0.255351,0.242531,0.163256,0.184337,0.153687,0.289805,0.057382,0.136291,0.096097,0.190824,0.120509,0.142356,0.301347,0.236349,0.318848,0.304540,0.275513,0.282210,0.251089,0.239313,0.215830,0.173425,0.299906,0.299179,0.242879,0.176068,0.029156,0.350080,0.160263,0.097344,0.176456,0.315240,0.220742,0.220918,0.247035,0.171470,0.210189,0.225013,0.317596,0.152899,0.291952,0.284575,0.185449,0.192013,0.202476,0.237556,0.176307,0.110472,0.226392,0.060762,0.352233,-0.038940,0.005360,0.085663,0.231666,0.117603,0.211458,0.267760,0.026496,0.306906,0.276840,0.146352,0.287656,0.095352,0.144729,0.242180,0.229712,0.268302,0.118562,0.179500,0.266507,0.177508,0.038359,0.232986,0.160502,0.345554,0.154468,0.096420,0.227957,0.179177,0.137415,0.095759,0.178676,0.301852,0.357710,0.187346,0.190176,0.034934,0.127391,0.250971,0.007856,0.164761,0.239439,0.096465,0.254741,0.262573,0.185192,0.266571,0.189757,0.148759,0.195515,0.115244,0.179250,0.045236,0.109898,0.007972,0.223854,-0.022409,0.274823,0.248494,0.043685,0.056846,0.119865,0.244663,0.216444,0.180358,0.201132,0.302394,0.319847,0.247921,0.096841,0.141394,0.113684,0.188413,-0.015361,0.126450,0.163627,0.223079,0.071443,0.137082,0.247679,0.073709,0.014035,0.223220,0.154853,0.172291,-0.011163,0.164091,0.222474,0.078616,0.141432,0.276624,0.182101,0.220850,0.220785,0.134807,0.172401,0.282734,0.168174,0.285251,0.310357,0.272485,0.055142,0.298162,0.224191,0.252384,0.311363,0.264296,0.348376,0.135631,0.201467,0.211620,0.213658,0.140456,0.248623,0.072363,0.063540,0.213510,0.168634,0.154864,0.359540,0.161383,0.018966,0.066980,0.111552,0.258510,0.252557,#
15,0.169388,0.166978,0.138353,0.151811,0.152881,0.216593,0.144720,0.267182,0.092767,0.261471,0.136788,0.238086,0.179499,0.241734,0.323870,1.000000,0.143627,0.368169,0.248738,0.169543,0.084702,0.199034,0.287529,0.281374,0.311948,0.206425,0.243233,0.301513,0.301026,0.063661,0.260043,0.279352,0.246018,0.287185,0.141872,0.165795,0.225086,0.299398,0.253277,0.316595,0.358780,0.239398,0.251028,0.203716,0.371256,0.302401,0.244520,0.298916,0.090428,0.147804,0.366490,0.095078,0.248077,0.180610,0.302601,0.053611,0.233928,0.311527,0.207763,0.370818,0.190684,0.161883,0.136857,0.269095,0.220279,0.143732,0.358611,0.316561,0.267232,0.172352,0.173885,0.341888,0.194464,0.284752,0.350140,0.164774,0.164561,0.384010,0.249094,0.233894,0.466700,0.113490,0.262879,0.267224,0.153328,0.277628,0.311193,0.075074,0.328124,0.330677,0.255163,0.082188,0.194002,0.372719,0.126104,0.169405,0.275352,0.146057,0.317620,0.246256,0.303586,0.230095,0.379478,0.215550,0.136164,0.109758,0.185195,0.167198,0.220819,0.338267,0.132232,0.230603,0.234130,0.094733,0.166610,0.389629,0.369501,0.134128,0.225913,0.289284,0.230184,0.330331,0.066383,0.315376,0.177211,0.119089,0.185898,0.198332,0.178276,0.166958,0.095059,0.388670,0.134346,0.238019,0.304559,0.298019,0.266559,0.071937,0.214056,0.176989,0.215840,0.254032,0.348849,0.146658,0.262096,0.232816,0.403001,0.102956,0.274261,0.255638,0.348027,0.210649,0.218602,0.450567,0.013609,0.293838,0.205682,0.196889,0.284171,0.131645,0.062755,0.188279,0.169756,0.297505,0.267151,0.272752,0.135188,0.230474,0.198450,0.293584,0.219892,0.145586,0.343783,0.176152,0.233140,0.077446,0.246001,0.204665,0.058025,0.308103,0.262767,0.274865,0.091018,0.235834,0.256419,0.243287,0.140607,0.289075,0.180781,0.161469,0.019461,0.401987,0.132746,0.294548,0.158976,0.212656,0.141025,0.159622,0.116786,0.200366,#
16,0.276671,0.132362,0.113624,0.109027,0.104925,0.259521,0.227416,0.151698,0.102394,0.130271,0.200682,0.207349,0.149492,0.114791,0.107815,0.143627,1.000000,0.279735,0.113315,-0.008342,0.436568,0.161035,0.367427,0.077938,0.118681,0.211347,0.169992,0.083462,0.123672,0.077607,0.207443,0.366620,0.086388,0.207963,0.057497,0.171611,0.199774,0.117704,0.205480,0.298226,0.021577,0.305297,0.096751,0.237015,0.165079,0.228497,0.204434,0.162917,0.234873,0.090447,0.022800,0.207124,0.343636,0.158682,0.233196,0.133532,0.032375,0.250301,0.218234,0.034757,0.069996,0.368256,0.092982,0.258809,0.287589,0.155904,0.219594,0.308117,-0.001898,0.223213,0.119493,0.234445,0.168896,0.163875,0.273237,0.383648,0.136759,0.203502,0.296954,0.158882,0.065792,0.097957,0.142950,0.145578,0.115963,0.281171,0.359624,0.131534,0.277574,0.142488,0.196052,0.120460,0.022627,0.080373,0.091686,0.122945,0.118239,0.028812,0.334174,0.165210,0.198736,0.175713,0.033498,0.088123,0.030212,0.235362,0.149430,0.002235,0.136418,0.090954,0.201206,0.180747,0.226586,0.156666,0.204957,0.366935,0.245317,0.086827,0.121967,0.207046,0.083962,0.145800,0.241862,0.149916,0.224845,0.040095,0.107301,0.060145,0.124515,0.212015,0.006153,0.259761,0.239314,0.074300,0.240716,0.224631,-0.010021,0.213461,0.184604,0.372171,0.045647,0.187478,-0.067680,0.230193,0.076946,0.094990,0.087523,0.006578,0.057964,-0.034870,0.201145,0.155804,0.135056,0.091256,0.167495,0.172641,0.115450,0.005515,0.184841,0.122227,0.031804,0.264232,0.269148,0.282839,0.143499,0.165642,0.114086,0.246967,0.175176,0.067029,-0.026071,-0.111495,0.303299,0.012240,0.106981,0.193270,0.093261,0.135993,0.183703,0.106905,0.084173,0.222194,0.197814,-0.088222,0.024163,0.078597,0.257845,0.259797,0.158880,0.102488,0.153691,-0.022891,0.049260,0.120861,0.264003,0.199819,0.010619,0.133037,0.064137,0.196429,#
17,0.412860,0.281758,0.201539,0.235218,0.134838,0.284927,0.191662,0.297234,-0.000394,0.128864,0.163132,0.291408,0.206050,0.118480,0.240709,0.368169,0.279735,1.000000,0.181714,0.258135,0.251179,0.334701,0.385224,0.401407,0.313779,0.215299,0.135453,0.203841,0.353566,0.229644,0.274268,0.432694,0.448886,0.291957,0.077365,0.238056,0.227015,0.496551,0.231910,0.127270,0.190953,0.217855,0.168411,0.289636,0.202818,0.311910,0.284303,0.234061,0.403808,0.260263,0.330394,0.065105,0.106578,0.288363,0.304945,0.136636,0.298987,0.452883,0.245909,0.351187,0.178789,0.298420,0.158808,0.287657,0.242347,0.253295,0.345596,0.351595,0.273893,0.392550,0.379244,0.272008,0.364776,0.304121,0.307760,0.322038,0.244359,0.442408,0.238712,0.263609,0.291435,0.255921,0.475722,0.329984,0.268667,0.283098,0.299961,0.254458,0.395830,0.377527,0.256326,0.144273,0.186843,0.200149,0.182645,0.129517,0.232796,0.356763,0.288730,0.277877,0.231339,0.246568,0.208462,0.312008,0.176932,0.299342,0.173516,0.420455,0.098610,0.079714,0.194156,0.186337,0.211470,0.255613,0.033790,0.347187,0.295733,0.196008,0.287574,0.366793,0.213700,0.196076,0.083601,0.316171,0.313097,0.254656,0.232476,0.254606,0.151839,0.220290,0.086483,0.303053,0.348059,0.375180,0.246644,0.237647,0.378208,0.136303,0.310323,0.410497,0.300109,0.361270,0.150665,0.206605,0.323272,0.245817,0.192530,0.122198,0.298407,0.106405,0.408541,0.178158,0.191962,0.341017,0.198094,0.226233,0.216252,0.207013,0.493174,0.257030,0.331107,0.309460,0.168702,0.197331,0.403785,0.236138,0.096731,0.388021,0.195843,0.197314,0.449000,0.206498,0.270458,0.324119,0.300216,0.090357,0.374832,0.273200,0.156867,0.326876,0.282040,0.522899,0.259604,0.010703,0.169808,0.260312,0.347120,0.382797,0.302255,0.225021,0.175162,0.362294,0.074278,0.182644,0.383320,0.280543,0.359076,0.136135,0.176122,0.236340,#
18,0.192800,0.296794,0.216832,0.177829,0.240546,0.224354,0.196643,0.200317,-0.016047,0.101521,0.320337,0.144674,0.271221,0.184399,0.251289,0.248738,0.113315,0.181714,1.000000,0.246592,0.051396,0.180667,0.059144,0.279296,0.251636,0.287641,0.342108,0.200276,0.350210,0.069912,0.312684,0.307808,0.410219,0.131415,0.169350,0.286840,0.285797,0.225772,0.197733,0.234124,0.214725,0.191324,0.197235,0.133106,0.169487,0.195121,0.194780,0.190462,0.100747,0.111750,0.319916,0.026398,0.233793,0.316633,0.170308,0.016011,0.216956,0.369610,0.185137,0.130519,0.074006,0.222612,0.194171,0.403737,0.122947,0.340272,0.273742,0.304492,0.134373,-0.049112,0.098709,0.224904,0.204380,0.243272,0.195900,0.023582,0.047401,0.190135,0.286367,0.380702,0.361701,0.142030,0.205187,0.288533,0.187178,0.077881,0.302558,0.181426,0.270068,0.227513,0.256417,0.085538,0.156398,0.155482,0.151098,0.049317,0.344000,0.148123,0.176830,0.312129,0.132695,0.392127,0.300245,0.207360,0.250880,0.189899,0.107538,0.200111,0.181189,0.169671,0.270499,0.282485,0.144704,0.282075,0.097991,0.110497,0.204752,0.125002,0.307358,0.187429,0.052689,0.303403,0.168639,0.176293,0.172401,0.200181,0.130427,0.209889,0.181555,0.253644,0.164631,0.217773,0.223837,0.123335,0.269277,0.057675,0.149562,0.305051,0.239591,0.365309,0.332271,0.070183,0.098975,0.115582,0.142761,0.180781,0.130675,-0.035419,0.134513,0.157894,0.103250,0.248762,0.300720,0.210405,0.102284,0.233939,0.300880,0.237237,0.132452,0.216149,0.183552,0.229931,0.156211,0.214331,0.202082,0.189351,0.248625,0.275490,0.198304,0.189443,0.050387,0.148241,0.334309,0.078220,0.192382,0.011862,0.192914,0.377078,0.482456,0.266356,0.176799,0.301842,0.188279,0.056358,0.361823,0.270186,0.179606,0.430976,0.244022,0.167349,0.283397,0.180843,0.160976,0.229129,0.209087,0.131494,0.221850,0.208092,0.222951,0.313394,#
19,0.214647,0.177231,0.174592,0.105050,0.243169,-0.037826,0.246740,0.292286,0.181444,0.270924,0.160198,-0.018631,0.189204,0.146676,0.236644,0.169543,-0.008342,0.258135,0.246592,1.000000,-0.050341,0.293095,0.248561,0.291244,0.152637,0.177738,0.088106,0.173416,0.236696,0.206842,0.115381,0.203762,0.219853,0.081206,0.104754,0.253895,-0.005863,0.232340,0.379806,0.239530,0.136024,0.136197,0.093427,0.023105,0.213917,0.296592,0.244286,0.356893,0.248493,0.124208,0.173170,0.142378,0.068369,0.381007,0.199325,0.148434,0.207229,0.256876,0.178107,0.200948,0.107623,0.162618,0.133014,0.150135,0.140532,0.237925,0.102852,0.227483,0.230407,0.190999,0.178340,0.195489,0.276543,0.005829,0.186400,0.073196,0.189371,0.312125,0.237368,0.103102,0.272024,0.165430,0.283042,0.076982,0.299493,0.137524,0.259516,0.131985,0.332877,0.306313,0.076113,0.193151,0.146239,0.144832,0.187866,0.197120,0.226190,0.287986,0.138942,0.173586,0.181286,0.159399,0.176643,0.201907,0.170458,0.214318,0.270359,0.378662,0.089929,0.059389,0.213928,0.219145,0.170423,0.169912,0.187754,0.192234,0.229489,0.305453,0.250390,0.179574,0.219158,0.344884,0.084439,0.151251,0.310942,0.278208,0.141574,0.217844,-0.053685,0.109225,0.016772,0.040107,0.308197,0.236523,0.151804,0.181726,0.240144,0.220650,0.191932,0.323996,0.267945,0.203377,0.057394,0.035338,0.227976,0.094755,0.174539,0.277488,0.276690,0.066078,0.195954,0.207026,0.224864,0.231936,0.053451,0.189110,0.243359,0.148408,0.224057,0.014538,0.197233,0.171474,0.218753,0.167955,0.248090,0.306206,0.128625,0.190434,0.132525,0.162924,0.310301,0.194342,0.267781,0.074565,0.231780,0.039646,0.185103,0.222240,0.044176,0.242142,0.093606,0.325731,0.024402,0.139691,0.172123,0.208139,0.222120,0.321220,0.198705,0.070235,0.246308,0.256578,0.155023,0.348974,0.206685,0.207746,0.205563,0.175895,0.321182,0.279723,#
20,0.304754,0.124396,0.188112,0.009354,0.063710,0.264393,0.187079,0.144284,0.163610,0.057457,0.115093,0.112605,0.170659,0.110167,0.128556,0.084702,0.436568,0.251179,0.051396,-0.050341,1.000000,0.176533,0.242738,0.157305,0.185248,0.073886,0.085763,0.231543,0.176018,0.182423,0.132810,0.232681,0.228656,0.107813,0.165762,0.114936,0.135729,0.146008,0.084467,0.207147,0.044058,0.306525,0.095982,0.179963,0.101259,0.300649,0.102148,0.160270,0.225281,0.066425,0.086014,0.210661,0.389956,0.160866,0.181127,0.055869,0.146527,0.155928,0.074364,0.229046,0.141019,0.077414,0.176213,0.274656,0.307281,-0.006244,0.179448,0.153934,0.209189,0.203269,0.153181,0.078427,0.380548,0.249012,0.120057,0.181387,0.245108,0.084023,0.018597,0.279774,0.060014,0.007818,0.291590,0.134228,0.040496,0.275179,0.282515,0.240885,0.213253,0.265360,0.147018,0.288473,0.100927,0.154798,0.121450,0.064522,0.207529,0.107800,0.124062,0.086837,0.067672,0.151187,0.043786,0.219282,-0.044907,0.210512,0.107361,0.035537,0.059818,0.184068,0.187341,0.038311,0.200314,0.219080,0.053954,0.227046,0.316374,0.048679,-0.017867,0.071840,0.049188,0.115574,0.137201,0.133275,0.167237,0.117966,0.176559,0.268714,0.098165,0.263817,0.000637,0.221875,0.126842,0.007467,0.181449,0.151127,0.150399,0.319669,0.208922,0.347291,0.139654,0.283045,-0.129838,0.151324,0.192009,0.005973,0.084671,0.070521,0.038390,0.121973,0.152451,0.201743,0.080841,0.002762,0.177335,0.157519,-0.055826,-0.068223,0.219412,0.058126,0.106229,0.223418,0.138125,0.108275,0.241919,0.084950,0.003067,0.238803,0.171903,0.066226,0.167371,0.050681,0.162768,0.194966,0.105399,0.237939,0.048645,0.099887,0.314126,0.294582,0.133740,0.189662,0.110672,0.117177,0.198222,0.102890,0.111256,0.168704,0.168276,0.126756,0.247235,0.102562,0.181584,0.136714,0.300395,0.206264,0.085424,0.062729,0.052969,0.069988,#
21,0.376985,0.327043,0.395769,0.256226,0.297537,0.296387,0.207338,0.298282,0.096080,0.201176,0.164802,0.255738,0.029123,0.248644,0.087980,0.199034,0.161035,0.334701,0.180667,0.293095,0.176533,1.000000,0.295127,0.400518,0.336762,0.236066,0.283680,0.308753,0.244372,0.204218,0.323962,0.336709,0.295171,0.355737,0.217632,0.313665,0.271913,0.285899,0.296835,0.240438,0.224357,0.347210,0.123064,0.188437,0.311940,0.294764,0.376886,0.341880,0.174516,0.319747,0.342555,0.057714,0.378073,0.270229,0.350025,0.150258,0.265646,0.337532,0.270173,0.235039,0.144098,0.200126,0.293415,0.336253,0.367628,0.212947,0.251491,0.326944,0.298081,0.378863,0.497895,0.118885,0.405180,0.263737,0.275629,0.144112,0.275831,0.237366,0.174079,0.290104,0.409575,0.253945,0.188667,0.230127,0.315650,0.203254,0.334728,0.274643,0.340612,0.392219,0.146421,0.210614,0.272727,0.181160,0.250454,0.325977,0.222642,0.266542,0.256544,0.319333,0.394905,0.171772,0.239554,0.337723,0.238086,0.330730,0.125274,0.335378,0.191205,0.130560,0.242767,0.218020,0.387519,0.248647,0.098893,0.275054,0.404721,0.102755,0.327091,0.299134,0.245988,0.294408,0.097397,0.363663,0.273715,0.339793,0.244393,0.300932,0.124397,0.199813,0.269674,0.157817,0.295979,0.302050,0.246692,0.168722,0.294277,0.177001,0.271742,0.384088,0.196861,0.323406,0.254356,0.102785,0.238294,0.188977,0.267260,0.261359,0.317377,0.131208,0.262727,0.280263,0.320322,0.351524,0.160455,0.187993,0.211140,0.275442,0.215833,0.220897,0.380583,0.146878,0.142963,0.238242,0.295056,0.112213,-0.041505,0.369737,0.169211,0.218164,0.337378,0.159031,0.379051,0.262667,0.189674,0.199314,0.286462,0.223596,0.287896,0.290540,0.232917,0.335314,0.082164,0.153324,0.169685,0.199544,0.272868,0.386871,0.438489,0.181205,0.311696,0.243521,0.249574,0.026569,0.391329,0.309114,0.277897,0.204603,0.175566,0.343817,#
