0,1.000000,0.726093,0.764814,0.698113,0.607086,0.732288,0.689341,0.722526,0.688374,0.699994,0.715405,0.766639,0.703815,0.643974,0.728200,0.682478,0.705804,0.745972,0.714963,0.683540,0.704256,0.680791,0.704011,0.705722,0.661991,0.702102,0.726457,0.735935,0.629156,0.691617,0.722575,0.673726,0.678702,0.634024,0.716068,0.694412,0.728683,0.722874,0.707081,0.759660,0.691676,0.682015,0.720986,0.734613,0.693618,0.662481,0.739890,0.724157,0.664295,0.751648,0.714725,0.643639,0.744759,0.763909,0.687394,0.740362,0.708274,0.760487,0.699774,0.738458,0.764550,0.643108,0.719814,0.725934,0.691597,0.738434,0.750991,0.761045,0.723767,0.651469,0.746208,0.718689,0.783216,0.730159,0.711735,0.714407,0.719699,0.736570,0.720600,0.707667,0.790846,0.723006,0.710179,0.762575,0.703694,0.756994,0.722664,0.653916,0.619960,0.697684,0.696480,0.687682,0.697073,0.726764,0.692548,0.715590,0.632100,0.663781,0.719773,0.732588,0.706583,0.716315,0.647789,0.697355,0.712276,0.669426,0.655384,0.729615,0.737036,0.700170,0.753523,0.682702,0.751405,0.627630,0.696485,0.785918,0.637369,0.677580,0.684893,0.675336,0.669900,0.825266,0.695399,0.774669,0.681031,0.694657,0.685267,0.696377,0.663246,0.659596,0.691149,0.717742,0.713452,0.694970,0.708093,0.669925,0.695263,0.749205,0.678284,0.719794,0.681105,0.694816,0.639206,0.769268,0.758742,0.629713,0.715133,0.651306,0.736284,0.705599,0.690787,0.657737,0.698942,0.645565,0.682738,0.659914,0.672189,0.729338,0.749931,0.734267,0.727067,0.761547,0.678519,0.717869,0.692835,0.740712,0.741946,0.682232,0.673668,0.746478,0.725034,0.690025,0.710166,0.767369,0.786845,0.648568,0.677672,0.707697,0.729828,0.721731,0.669116,0.749864,0.645234,0.670746,0.685242,0.667769,0.729935,0.711890,0.710055,0.755084,0.714709,0.738238,0.670240,0.693822,0.668809,0.679786,0.677128,0.727229,0.759323,0.707392,#
1,0.726093,1.000000,0.735876,0.745244,0.702518,0.787348,0.652109,0.690965,0.716657,0.735747,0.718809,0.709130,0.713939,0.730409,0.761945,0.694822,0.688517,0.694889,0.722382,0.733984,0.761053,0.790619,0.758767,0.759259,0.692535,0.675629,0.796197,0.742237,0.637709,0.659310,0.794548,0.735959,0.733463,0.730889,0.755336,0.782029,0.641280,0.775128,0.757174,0.758128,0.684776,0.671618,0.667714,0.712178,0.683224,0.717013,0.769382,0.719449,0.768975,0.744262,0.719302,0.764414,0.740215,0.697223,0.755402,0.753931,0.708027,0.767277,0.764791,0.725628,0.709283,0.729335,0.636229,0.679881,0.729737,0.746725,0.776438,0.761318,0.756400,0.752583,0.739010,0.750829,0.830665,0.678532,0.729410,0.757322,0.699315,0.754318,0.707919,0.728200,0.787180,0.727850,0.802455,0.778482,0.749819,0.726887,0.695094,0.684224,0.721149,0.723804,0.726356,0.670710,0.738201,0.736869,0.642195,0.650657,0.689619,0.693256,0.707897,0.766620,0.721258,0.779706,0.689928,0.710187,0.732419,0.687490,0.663778,0.740436,0.729956,0.682691,0.735119,0.716741,0.731098,0.646363,0.682047,0.711896,0.719928,0.755684,0.706143,0.644701,0.781212,0.736311,0.681088,0.759763,0.652124,0.674092,0.722118,0.727630,0.753606,0.748966,0.705699,0.755453,0.678838,0.766314,0.747751,0.671149,0.673402,0.718933,0.726324,0.663508,0.751574,0.714073,0.697382,0.739592,0.712328,0.707397,0.744840,0.686704,0.735140,0.711126,0.746542,0.729363,0.733660,0.645096,0.725761,0.669072,0.716255,0.760101,0.676051,0.718137,0.702339,0.771719,0.742227,0.757512,0.755803,0.705960,0.713167,0.717326,0.637366,0.725784,0.741903,0.672331,0.724892,0.777701,0.755941,0.651326,0.695800,0.784329,0.691737,0.736208,0.706317,0.720198,0.671448,0.687697,0.690911,0.762667,0.736155,0.619736,0.727772,0.734486,0.741616,0.694686,0.665896,0.733895,0.763813,0.668538,0.671130,0.733709,0.703958,0.699565,#
2,0.764814,0.735876,1.000000,0.718082,0.630556,0.745263,0.679109,0.734350,0.693401,0.732844,0.718857,0.670866,0.657638,0.651081,0.722413,0.661511,0.690374,0.738039,0.685115,0.706618,0.670249,0.702502,0.646960,0.730665,0.682714,0.652814,0.770395,0.773539,0.705045,0.686611,0.746161,0.715799,0.715870,0.695927,0.698858,0.737700,0.717831,0.729203,0.788000,0.731532,0.694916,0.715798,0.672320,0.679001,0.655177,0.681427,0.812901,0.658980,0.715851,0.804111,0.700961,0.674714,0.707724,0.755698,0.780610,0.720790,0.709520,0.739639,0.669955,0.735061,0.762529,0.718594,0.690245,0.760305,0.713061,0.740691,0.789037,0.690757,0.730897,0.728116,0.776583,0.698723,0.810088,0.698328,0.736941,0.756757,0.737023,0.752654,0.704061,0.768374,0.771869,0.754219,0.744588,0.761790,0.743079,0.745396,0.740327,0.753137,0.715183,0.697846,0.753742,0.718287,0.725399,0.682299,0.744325,0.677958,0.631567,0.676943,0.809566,0.767002,0.700871,0.672169,0.646466,0.679802,0.708654,0.764422,0.701733,0.666872,0.781076,0.709347,0.739330,0.641980,0.769610,0.641680,0.690821,0.691341,0.658602,0.663001,0.763740,0.636810,0.713362,0.738986,0.670240,0.738634,0.695554,0.707846,0.699176,0.698368,0.715997,0.739055,0.737004,0.782695,0.734518,0.775080,0.732602,0.700602,0.663123,0.701067,0.683121,0.661089,0.761259,0.703629,0.666652,0.703214,0.714129,0.747845,0.701402,0.697785,0.718677,0.683334,0.726051,0.688640,0.726153,0.675429,0.662812,0.714039,0.712210,0.695028,0.642395,0.697414,0.687332,0.669804,0.728896,0.714900,0.677127,0.744526,0.789245,0.664278,0.653206,0.689215,0.728008,0.656857,0.694046,0.693674,0.734292,0.642739,0.675236,0.752281,0.712604,0.721011,0.683132,0.765608,0.616232,0.733694,0.682481,0.709589,0.695322,0.665202,0.738844,0.718106,0.716742,0.690749,0.731576,0.708165,0.698412,0.743310,0.677531,0.772005,0.663326,0.703761,#
3,0.698113,0.745244,0.718082,1.000000,0.677760,0.712808,0.673549,0.688933,0.684497,0.712300,0.666172,0.682531,0.714763,0.635178,0.692114,0.698770,0.653886,0.687224,0.693222,0.654044,0.690926,0.726981,0.634963,0.663935,0.723958,0.682576,0.710508,0.709812,0.677911,0.606364,0.705756,0.725766,0.661311,0.721174,0.715277,0.691564,0.628552,0.706835,0.641797,0.743362,0.677189,0.673846,0.656132,0.660746,0.656291,0.702780,0.778610,0.685238,0.760248,0.720744,0.714741,0.613087,0.700456,0.664125,0.729279,0.697971,0.606491,0.707461,0.780519,0.711794,0.687845,0.688657,0.622811,0.670162,0.724258,0.737983,0.695053,0.687749,0.680262,0.693188,0.708915,0.734140,0.769764,0.715776,0.687597,0.672800,0.666058,0.711279,0.694144,0.720470,0.754696,0.657504,0.691679,0.764115,0.704188,0.708364,0.693088,0.650477,0.653831,0.696855,0.647013,0.659036,0.718277,0.726351,0.673651,0.683056,0.618534,0.613871,0.675158,0.715077,0.665334,0.666169,0.595569,0.645301,0.704927,0.685952,0.676038,0.718265,0.674579,0.665671,0.652230,0.672673,0.682610,0.648158,0.690778,0.711191,0.644972,0.666774,0.691020,0.619605,0.632798,0.697882,0.604207,0.715359,0.649711,0.676122,0.702282,0.682284,0.668318,0.720599,0.652067,0.716437,0.637390,0.741049,0.750190,0.699833,0.733724,0.664780,0.661662,0.630914,0.680704,0.676011,0.641141,0.663235,0.659293,0.733714,0.645953,0.655194,0.674949,0.614790,0.643386,0.662284,0.687804,0.626700,0.672002,0.613238,0.721086,0.719602,0.632226,0.701001,0.727537,0.719652,0.664922,0.739030,0.682691,0.698096,0.677182,0.611424,0.658432,0.663456,0.719910,0.683540,0.673188,0.702663,0.676493,0.671709,0.666148,0.681152,0.723911,0.663771,0.629402,0.738220,0.618008,0.661452,0.626166,0.668089,0.658374,0.598820,0.763330,0.721932,0.648349,0.656658,0.659041,0.665473,0.685138,0.679956,0.680627,0.708503,0.646373,0.697671,#
4,0.607086,0.702518,0.630556,0.677760,1.000000,0.692513,0.693728,0.606280,0.560906,0.650081,0.628200,0.657249,0.576690,0.631045,0.621386,0.687384,0.612111,0.685697,0.614694,0.673167,0.662763,0.672231,0.609313,0.671361,0.669013,0.575280,0.679207,0.638679,0.609696,0.580223,0.754560,0.626772,0.681589,0.580806,0.607095,0.658973,0.572409,0.683970,0.613221,0.716228,0.621849,0.618727,0.613898,0.676370,0.622680,0.638342,0.694881,0.627293,0.660339,0.676080,0.670535,0.630133,0.658162,0.565354,0.676125,0.686557,0.587247,0.666816,0.703462,0.675001,0.637614,0.682137,0.605617,0.617604,0.685310,0.729308,0.726786,0.612171,0.645393,0.667612,0.700228,0.712266,0.675677,0.601054,0.622570,0.652027,0.636519,0.676274,0.681149,0.664090,0.643739,0.644780,0.677151,0.648904,0.695443,0.593400,0.587838,0.565533,0.636046,0.686213,0.600037,0.580494,0.583201,0.641025,0.577469,0.638976,0.643705,0.557529,0.583053,0.657000,0.696565,0.683487,0.601189,0.614163,0.658466,0.605862,0.659481,0.650544,0.662414,0.639919,0.602311,0.641390,0.666256,0.669979,0.629266,0.666710,0.596599,0.730441,0.604093,0.565202,0.671892,0.633268,0.680846,0.690141,0.614480,0.655322,0.636535,0.617618,0.718606,0.683935,0.742844,0.689947,0.592293,0.666112,0.705879,0.653852,0.643274,0.660562,0.628334,0.592447,0.619523,0.690962,0.612407,0.661842,0.621738,0.634265,0.682766,0.604853,0.604647,0.656553,0.623964,0.720295,0.600031,0.529136,0.685367,0.614324,0.677561,0.640768,0.650565,0.634762,0.575769,0.674143,0.696808,0.680256,0.665253,0.647658,0.649660,0.586858,0.576234,0.668573,0.641895,0.617145,0.647481,0.644334,0.729051,0.632855,0.616545,0.666301,0.660270,0.650364,0.697622,0.640329,0.660852,0.596456,0.691750,0.662757,0.617346,0.668310,0.626785,0.609807,0.598415,0.595017,0.613850,0.644743,0.664625,0.540697,0.604687,0.678950,0.665523,0.593042,#
5,0.732288,0.787348,0.745263,0.712808,0.692513,1.000000,0.645383,0.706840,0.670415,0.702099,0.651454,0.689138,0.655163,0.681817,0.699024,0.671730,0.671812,0.707312,0.717165,0.748226,0.699272,0.675413,0.645443,0.712242,0.700734,0.722044,0.756224,0.773408,0.591758,0.680856,0.739177,0.743202,0.722126,0.722726,0.674220,0.750445,0.695925,0.692343,0.702341,0.724847,0.679798,0.684041,0.619167,0.679515,0.696938,0.692710,0.741657,0.732176,0.736670,0.738860,0.732539,0.622461,0.709909,0.742266,0.725922,0.806314,0.667273,0.721611,0.748239,0.755978,0.669479,0.669263,0.683112,0.744119,0.689228,0.691489,0.744247,0.699439,0.714308,0.751243,0.782801,0.717946,0.792038,0.687347,0.716427,0.667641,0.698396,0.746195,0.704062,0.699310,0.742667,0.728880,0.746792,0.729585,0.695099,0.700695,0.664831,0.659190,0.719314,0.711463,0.694661,0.638853,0.688599,0.720228,0.645879,0.575553,0.697711,0.646656,0.739945,0.668688,0.749015,0.707620,0.746143,0.710651,0.701106,0.705877,0.696894,0.714037,0.683077,0.707051,0.686693,0.721857,0.708783,0.608088,0.608100,0.687589,0.720022,0.745607,0.671850,0.626890,0.679376,0.747702,0.683175,0.791357,0.660164,0.693269,0.753796,0.653645,0.737096,0.689400,0.698891,0.781753,0.734380,0.769572,0.738749,0.646358,0.645075,0.735395,0.650433,0.646228,0.698158,0.667319,0.683898,0.711648,0.801631,0.648778,0.683195,0.678030,0.706688,0.755103,0.733372,0.724138,0.702331,0.648733,0.693313,0.634409,0.738491,0.706951,0.688487,0.700389,0.702773,0.752256,0.715600,0.722110,0.735001,0.672952,0.649228,0.699321,0.636301,0.684204,0.756072,0.685111,0.699547,0.693530,0.723243,0.657686,0.676033,0.752735,0.736643,0.722764,0.696907,0.723076,0.595313,0.661779,0.668491,0.727150,0.670530,0.673837,0.767138,0.744039,0.676333,0.745107,0.648312,0.736009,0.671747,0.680102,0.635681,0.752245,0.693725,0.656903,#
6,0.689341,0.652109,0.679109,0.673549,0.693728,0.645383,1.000000,0.618677,0.679720,0.736577,0.680062,0.694412,0.631605,0.683774,0.616221,0.750181,0.693137,0.747279,0.679678,0.664514,0.711830,0.655478,0.614505,0.660711,0.729621,0.691240,0.703523,0.728215,0.618811,0.681601,0.731268,0.724626,0.695776,0.672854,0.654509,0.716353,0.692900,0.717437,0.656628,0.712436,0.679713,0.682013,0.731699,0.708122,0.679730,0.579833,0.736303,0.706272,0.715867,0.750266,0.712694,0.662856,0.708736,0.606384,0.699974,0.686318,0.671824,0.747282,0.729702,0.655996,0.734431,0.730224,0.642089,0.657996,0.737076,0.735858,0.772758,0.731496,0.739373,0.659910,0.748814,0.751106,0.733027,0.659683,0.642598,0.710614,0.732226,0.763967,0.739808,0.684437,0.737362,0.705395,0.655639,0.782725,0.733477,0.657760,0.693959,0.663684,0.682948,0.684680,0.658546,0.659077,0.625064,0.708511,0.629388,0.670375,0.646217,0.669696,0.695882,0.696731,0.710994,0.729116,0.657906,0.670940,0.733276,0.620091,0.709393,0.683840,0.726392,0.654529,0.640123,0.646520,0.674078,0.666601,0.601772,0.688955,0.588104,0.688887,0.639617,0.664210,0.650736,0.653946,0.631014,0.747438,0.680702,0.665838,0.628004,0.685578,0.658098,0.658806,0.736816,0.695222,0.640915,0.668142,0.701437,0.671666,0.703188,0.674154,0.718187,0.712860,0.697978,0.689809,0.596977,0.674712,0.675983,0.705814,0.707232,0.690550,0.659009,0.650039,0.648511,0.703460,0.625377,0.629283,0.632057,0.632786,0.671922,0.592452,0.662332,0.741505,0.687366,0.720393,0.658753,0.686703,0.711260,0.726927,0.737933,0.571325,0.647751,0.691786,0.680165,0.704331,0.634118,0.652830,0.696332,0.685654,0.659021,0.710084,0.697385,0.721349,0.683463,0.725550,0.661784,0.704153,0.654329,0.662459,0.684392,0.646642,0.680654,0.674541,0.682510,0.676139,0.652118,0.654466,0.691613,0.722635,0.706638,0.715833,0.682171,0.698323,#
7,0.722526,0.690965,0.734350,0.688933,0.606280,0.706840,0.618677,1.000000,0.659612,0.636265,0.658342,0.645739,0.674772,0.661022,0.704517,0.612799,0.638207,0.704214,0.666452,0.664935,0.706934,0.641978,0.718727,0.645123,0.676206,0.693413,0.698347,0.681010,0.609898,0.713476,0.677520,0.664911,0.659133,0.651493,0.678203,0.697529,0.646797,0.699532,0.683049,0.711574,0.680197,0.713718,0.612823,0.661599,0.640806,0.656379,0.719239,0.728983,0.732068,0.690997,0.688559,0.646185,0.691907,0.721509,0.733752,0.690060,0.684167,0.683292,0.739371,0.765290,0.625452,0.674230,0.697674,0.699646,0.690189,0.720987,0.778907,0.652892,0.713061,0.607356,0.744337,0.634204,0.735657,0.709656,0.695565,0.707276,0.697374,0.703734,0.615355,0.660312,0.764004,0.656049,0.729296,0.724870,0.663682,0.691864,0.722957,0.648512,0.674464,0.672090,0.683267,0.693336,0.665068,0.660750,0.679815,0.661031,0.658260,0.678541,0.703583,0.670803,0.700025,0.660083,0.627424,0.624656,0.712460,0.633507,0.666313,0.704103,0.719102,0.647468,0.743454,0.658681,0.729131,0.610295,0.634720,0.706603,0.620988,0.663481,0.672532,0.649434,0.708192,0.684425,0.630118,0.708446,0.696910,0.713542,0.667463,0.687470,0.626501,0.668105,0.694575,0.721303,0.703079,0.670635,0.705693,0.698217,0.674037,0.736014,0.622391,0.659069,0.653328,0.656176,0.669765,0.680134,0.720665,0.636527,0.712201,0.590306,0.660917,0.648567,0.648365,0.656837,0.674732,0.539411,0.631167,0.687647,0.705865,0.715720,0.679716,0.683333,0.687004,0.665985,0.741860,0.674981,0.695554,0.669134,0.703986,0.614189,0.575703,0.659861,0.753231,0.615062,0.660029,0.727985,0.681553,0.615274,0.615754,0.619532,0.710420,0.691263,0.649965,0.705340,0.660338,0.689759,0.620208,0.684954,0.691597,0.606999,0.712897,0.721327,0.672222,0.669591,0.630438,0.652058,0.696980,0.668703,0.677119,0.751414,0.712467,0.650244,#
8,0.688374,0.716657,0.693401,0.684497,0.560906,0.670415,0.679720,0.659612,1.000000,0.709717,0.681334,0.682946,0.668687,0.693539,0.666827,0.705384,0.628613,0.713721,0.603040,0.682565,0.700378,0.694713,0.632663,0.661174,0.711665,0.662274,0.688043,0.645009,0.660165,0.620186,0.702973,0.703178,0.631077,0.630561,0.655727,0.757378,0.659900,0.706973,0.629727,0.685019,0.605723,0.613534,0.760041,0.639522,0.625408,0.601291,0.686315,0.638168,0.697045,0.680124,0.723964,0.648849,0.650199,0.707456,0.678038,0.711550,0.672189,0.701089,0.660011,0.653424,0.696292,0.677854,0.713068,0.700854,0.731229,0.730808,0.720813,0.717110,0.766377,0.653215,0.723863,0.724007,0.760961,0.680457,0.683566,0.648427,0.683971,0.728967,0.675811,0.660332,0.732958,0.671460,0.670875,0.710790,0.724016,0.673093,0.648448,0.683621,0.615275,0.620406,0.687239,0.633301,0.621754,0.627378,0.593882,0.622453,0.680225,0.698331,0.770101,0.747975,0.687600,0.616124,0.693481,0.707910,0.638116,0.679953,0.652663,0.663051,0.621871,0.710681,0.632974,0.660614,0.690747,0.599126,0.579279,0.695002,0.616302,0.631948,0.662309,0.692904,0.622698,0.666666,0.609904,0.740099,0.657057,0.698978,0.623881,0.645128,0.692946,0.676856,0.641250,0.707962,0.671899,0.671634,0.693134,0.675994,0.682698,0.670458,0.659096,0.664019,0.683313,0.669544,0.668712,0.614381,0.700433,0.604578,0.636690,0.668152,0.692319,0.671228,0.620400,0.708007,0.608894,0.697183,0.630120,0.603005,0.684404,0.713307,0.727361,0.688727,0.685887,0.644665,0.692545,0.666617,0.629129,0.664976,0.677218,0.657681,0.673172,0.617225,0.688132,0.677831,0.590910,0.684573,0.721011,0.628802,0.647331,0.723549,0.677743,0.654631,0.652385,0.685186,0.652771,0.668309,0.646799,0.644540,0.736437,0.620341,0.664281,0.707542,0.703165,0.693180,0.686919,0.690521,0.668969,0.631069,0.587603,0.686824,0.668844,0.709358,#
9,0.699994,0.735747,0.732844,0.712300,0.650081,0.702099,0.736577,0.636265,0.709717,1.000000,0.702148,0.654993,0.694724,0.729753,0.742953,0.715140,0.690012,0.731340,0.689403,0.647735,0.750303,0.680207,0.625208,0.692621,0.710865,0.632353,0.728086,0.793500,0.643318,0.718784,0.706958,0.742808,0.719141,0.700027,0.677408,0.719972,0.676509,0.703483,0.702415,0.772690,0.720132,0.710706,0.655115,0.676643,0.715914,0.668753,0.719377,0.692769,0.744087,0.737452,0.718290,0.669416,0.632044,0.666985,0.715910,0.710367,0.735679,0.804765,0.657223,0.697126,0.730984,0.714830,0.673723,0.690367,0.679475,0.765322,0.788833,0.714528,0.778221,0.671425,0.725810,0.742132,0.747255,0.690442,0.699473,0.718076,0.742033,0.777693,0.692251,0.788267,0.766418,0.738566,0.716604,0.808915,0.721563,0.688500,0.709153,0.758746,0.703484,0.701910,0.709688,0.647069,0.705682,0.680927,0.684854,0.650359,0.643780,0.633509,0.688196,0.739710,0.767503,0.716433,0.723472,0.699703,0.735960,0.721643,0.672134,0.729404,0.769509,0.736778,0.704473,0.697344,0.716875,0.671194,0.655680,0.754248,0.569757,0.698902,0.664775,0.672534,0.656399,0.741734,0.661292,0.755184,0.704776,0.697925,0.695188,0.681579,0.730261,0.665094,0.689016,0.766321,0.671127,0.705828,0.742947,0.637122,0.711342,0.716876,0.693092,0.662057,0.774015,0.759034,0.710473,0.750733,0.730027,0.751224,0.713023,0.734770,0.716995,0.687330,0.650231,0.679931,0.715837,0.681407,0.676635,0.684765,0.665107,0.724308,0.659772,0.747784,0.743377,0.754640,0.719717,0.704258,0.701999,0.757072,0.688794,0.693860,0.708610,0.672604,0.719987,0.665935,0.674195,0.666096,0.739392,0.735510,0.707202,0.776045,0.654985,0.743185,0.741064,0.711896,0.723204,0.656578,0.676452,0.707265,0.701865,0.665510,0.728598,0.677356,0.708156,0.713100,0.641150,0.670372,0.686218,0.660881,0.724078,0.716794,0.692663,0.685522,#
10,0.715405,0.718809,0.718857,0.666172,0.628200,0.651454,0.680062,0.658342,0.681334,0.702148,1.000000,0.702800,0.691759,0.671594,0.654852,0.671352,0.690180,0.661820,0.731596,0.682425,0.691454,0.669479,0.667203,0.727884,0.666483,0.670627,0.723765,0.738887,0.668711,0.682382,0.706063,0.656514,0.663779,0.689824,0.694053,0.722444,0.709463,0.719632,0.690020,0.690366,0.675943,0.631493,0.698071,0.642477,0.647167,0.679019,0.785892,0.681263,0.689339,0.763289,0.683870,0.698331,0.691521,0.631693,0.717954,0.744949,0.690312,0.781591,0.640158,0.718340,0.715169,0.717195,0.727418,0.695639,0.706993,0.670102,0.761434,0.706597,0.758915,0.681097,0.793937,0.735851,0.776862,0.582989,0.690824,0.756284,0.662069,0.738270,0.703224,0.673031,0.765273,0.678680,0.701744,0.711249,0.693447,0.666747,0.718150,0.647881,0.673875,0.743826,0.632449,0.678684,0.737953,0.623756,0.600722,0.670143,0.643570,0.715827,0.693450,0.720779,0.665915,0.646563,0.657593,0.706457,0.698802,0.686611,0.682968,0.671018,0.687649,0.667863,0.711930,0.638539,0.742315,0.661212,0.641151,0.718340,0.601205,0.686426,0.667628,0.637064,0.675903,0.696779,0.629746,0.740851,0.635038,0.663175,0.683222,0.670544,0.726214,0.696960,0.682314,0.726906,0.649710,0.698136,0.728324,0.785271,0.662154,0.673372,0.714770,0.713042,0.722849,0.711374,0.612737,0.689975,0.664401,0.694384,0.739079,0.675647,0.690822,0.715188,0.614419,0.665549,0.649480,0.634465,0.720662,0.625968,0.707697,0.727445,0.659406,0.651398,0.729804,0.666896,0.671571,0.696491,0.698341,0.668318,0.703977,0.616033,0.649839,0.740325,0.680218,0.718799,0.616099,0.678291,0.748943,0.661654,0.623417,0.702122,0.652730,0.717375,0.645954,0.675931,0.662034,0.648549,0.582473,0.688152,0.712598,0.676069,0.633727,0.703614,0.681993,0.623610,0.649276,0.729053,0.680267,0.664709,0.664540,0.702799,0.679946,0.737903,#
11,0.766639,0.709130,0.670866,0.682531,0.657249,0.689138,0.694412,0.645739,0.682946,0.654993,0.702800,1.000000,0.700687,0.688887,0.720428,0.700163,0.697442,0.750070,0.761017,0.699645,0.680257,0.652982,0.714503,0.700308,0.728050,0.668513,0.711383,0.680615,0.697661,0.624617,0.726680,0.726689,0.718487,0.667634,0.612104,0.714454,0.719773,0.758926,0.667316,0.693445,0.701893,0.618360,0.705817,0.647394,0.647435,0.600984,0.751735,0.748294,0.680787,0.748394,0.686491,0.630398,0.743415,0.659099,0.713911,0.723926,0.628985,0.782750,0.702801,0.739682,0.691161,0.647671,0.752092,0.677551,0.713223,0.712737,0.716246,0.714367,0.757300,0.687858,0.752543,0.690725,0.753485,0.711885,0.755267,0.693346,0.734736,0.752095,0.688468,0.648392,0.715568,0.687582,0.733220,0.730220,0.765062,0.661087,0.627433,0.644400,0.614626,0.639675,0.683802,0.654905,0.653360,0.668690,0.589365,0.690209,0.658895,0.694581,0.694131,0.723035,0.683971,0.700551,0.708449,0.696566,0.708113,0.671706,0.698520,0.726530,0.743463,0.670854,0.738078,0.727644,0.715661,0.616050,0.619010,0.718936,0.668022,0.643120,0.664538,0.713154,0.627900,0.684878,0.665675,0.754854,0.695033,0.702809,0.719058,0.726760,0.711484,0.715801,0.734150,0.693173,0.731568,0.717316,0.735012,0.714381,0.725352,0.717350,0.699827,0.668274,0.658657,0.650987,0.662061,0.717322,0.701393,0.633259,0.754974,0.675316,0.702797,0.697764,0.659749,0.673781,0.662120,0.699337,0.710983,0.633117,0.714891,0.664384,0.669871,0.688505,0.747425,0.730040,0.746343,0.725186,0.741508,0.696453,0.735054,0.599486,0.670038,0.768413,0.727965,0.674511,0.725528,0.775997,0.735801,0.659522,0.683031,0.690313,0.690027,0.702791,0.689957,0.663521,0.702655,0.649164,0.694681,0.619894,0.724957,0.711405,0.639442,0.652787,0.692641,0.725808,0.648639,0.689362,0.645225,0.673350,0.678264,0.685351,0.708993,0.639387,#
12,0.703815,0.713939,0.657638,0.714763,0.576690,0.655163,0.631605,0.674772,0.668687,0.694724,0.691759,0.700687,1.000000,0.691730,0.696093,0.665629,0.631338,0.696346,0.726932,0.632816,0.702450,0.610753,0.687845,0.715693,0.695165,0.717915,0.664313,0.706428,0.623504,0.625556,0.686786,0.666409,0.667153,0.696578,0.686779,0.696315,0.656515,0.727006,0.685235,0.674662,0.585052,0.583650,0.626346,0.630551,0.691669,0.673578,0.754761,0.684173,0.717275,0.734330,0.748830,0.578775,0.637073,0.685147,0.704542,0.726977,0.657323,0.681565,0.683135,0.681300,0.653829,0.658985,0.692477,0.641234,0.699434,0.711481,0.692850,0.683223,0.748495,0.665167,0.708326,0.702538,0.736144,0.676645,0.705002,0.680224,0.687252,0.719730,0.699340,0.702878,0.736390,0.661661,0.712929,0.720829,0.656617,0.697119,0.628735,0.682575,0.614677,0.637821,0.723976,0.629641,0.723778,0.641583,0.580630,0.659063,0.671742,0.618644,0.648067,0.674463,0.628953,0.713365,0.657293,0.671641,0.645435,0.638653,0.634050,0.676789,0.724577,0.688290,0.674688,0.680014,0.694842,0.579041,0.726152,0.707528,0.528278,0.598342,0.675587,0.650289,0.636296,0.725452,0.613410,0.716891,0.651511,0.737065,0.700772,0.645142,0.652088,0.653712,0.595395,0.627248,0.618170,0.679615,0.648845,0.665114,0.626129,0.681631,0.619261,0.607822,0.704393,0.654165,0.627659,0.717182,0.613330,0.646048,0.697817,0.630742,0.671625,0.678375,0.680743,0.593433,0.692034,0.580198,0.639418,0.687714,0.701388,0.731506,0.721433,0.651811,0.676358,0.729320,0.691051,0.682219,0.727063,0.622651,0.646464,0.701341,0.615486,0.685894,0.707424,0.604593,0.671681,0.699423,0.691514,0.619274,0.722781,0.705099,0.626919,0.638304,0.655684,0.716075,0.652135,0.608818,0.568616,0.618079,0.659939,0.642442,0.734026,0.699226,0.646951,0.670821,0.569024,0.656413,0.614842,0.697912,0.656129,0.714535,0.719843,0.636334,#
13,0.643974,0.730409,0.651081,0.635178,0.631045,0.681817,0.683774,0.661022,0.693539,0.729753,0.671594,0.688887,0.691730,1.000000,0.683475,0.646412,0.601281,0.744555,0.726430,0.669607,0.694822,0.634698,0.712081,0.657989,0.702361,0.664196,0.666650,0.705846,0.660822,0.758890,0.669015,0.666970,0.702818,0.724553,0.578707,0.697849,0.666762,0.753882,0.671174,0.734564,0.751672,0.638347,0.697801,0.647832,0.697476,0.675591,0.720728,0.707424,0.738142,0.724458,0.719312,0.702376,0.644601,0.647753,0.743363,0.772473,0.713642,0.762437,0.711990,0.727302,0.701829,0.687479,0.661907,0.716339,0.747446,0.762175,0.733115,0.722239,0.768425,0.658100,0.709414,0.710461,0.755893,0.701315,0.693144,0.672895,0.724378,0.752239,0.728561,0.685533,0.742460,0.690111,0.714210,0.783048,0.707106,0.747806,0.635808,0.638222,0.718392,0.652309,0.652079,0.687752,0.661807,0.704604,0.620269,0.620619,0.662693,0.655141,0.695064,0.712063,0.687853,0.712844,0.748997,0.688010,0.734024,0.720532,0.670022,0.724723,0.689821,0.695125,0.693535,0.670739,0.722310,0.636588,0.650282,0.725616,0.592831,0.672803,0.726813,0.644066,0.706078,0.673927,0.667534,0.677438,0.669923,0.697514,0.713921,0.664902,0.698044,0.662322,0.704548,0.667370,0.666542,0.712184,0.692527,0.675312,0.662499,0.721920,0.747998,0.630002,0.726615,0.724126,0.712367,0.662405,0.674611,0.661551,0.716934,0.680243,0.698429,0.675655,0.711490,0.701028,0.650470,0.667524,0.642312,0.632086,0.733519,0.690785,0.705229,0.671773,0.715725,0.704874,0.704263,0.708764,0.730080,0.680367,0.698460,0.637262,0.683101,0.677927,0.712502,0.716924,0.730698,0.726994,0.752080,0.697002,0.691039,0.728425,0.697481,0.723741,0.698180,0.681632,0.733673,0.631287,0.689834,0.708817,0.648204,0.674922,0.670168,0.702053,0.707585,0.689822,0.650581,0.698343,0.694799,0.668147,0.672122,0.729308,0.711482,0.640806,#
14,0.728200,0.761945,0.722413,0.692114,0.621386,0.699024,0.616221,0.704517,0.666827,0.742953,0.654852,0.720428,0.696093,0.683475,1.000000,0.643801,0.675076,0.692636,0.655765,0.672996,0.704599,0.678891,0.703762,0.753209,0.677310,0.623660,0.714883,0.687038,0.627115,0.676043,0.745381,0.652429,0.682568,0.655444,0.715738,0.730362,0.639933,0.723735,0.724368,0.693811,0.699659,0.657315,0.644015,0.661119,0.666260,0.682609,0.715423,0.652387,0.703709,0.697935,0.654938,0.674302,0.649784,0.730454,0.712757,0.700938,0.651852,0.675383,0.705555,0.672591,0.680395,0.712066,0.699408,0.671745,0.695022,0.690054,0.731791,0.674156,0.757601,0.686256,0.711740,0.655770,0.758126,0.709570,0.727363,0.684049,0.659955,0.745565,0.668528,0.670083,0.714439,0.673830,0.737746,0.720569,0.692618,0.703982,0.615701,0.613323,0.696774,0.599457,0.687624,0.612545,0.702154,0.747553,0.705297,0.660142,0.657165,0.638603,0.660154,0.710578,0.697297,0.682061,0.692223,0.640973,0.706197,0.699320,0.636270,0.644033,0.774922,0.693971,0.707827,0.715068,0.737276,0.617245,0.580033,0.695027,0.589251,0.617671,0.657676,0.670637,0.678185,0.748916,0.624185,0.701170,0.683730,0.603195,0.714744,0.701296,0.641394,0.659749,0.619444,0.744357,0.635626,0.671936,0.692520,0.665332,0.732466,0.689187,0.661662,0.655340,0.704952,0.707585,0.614370,0.716943,0.675196,0.690970,0.762203,0.626294,0.691887,0.617016,0.695173,0.678277,0.648298,0.646592,0.665729,0.663957,0.670558,0.682899,0.618031,0.681351,0.719112,0.674331,0.722302,0.646352,0.710843,0.647670,0.636167,0.659721,0.578849,0.722459,0.693842,0.612205,0.689924,0.719802,0.765025,0.659125,0.663836,0.692829,0.667220,0.692740,0.647253,0.700824,0.687677,0.651596,0.676799,0.672489,0.732934,0.660099,0.715094,0.650815,0.686395,0.672043,0.666363,0.690890,0.620644,0.648778,0.668996,0.713921,0.644339,0.577762,#
15,0.682478,0.694822,0.661511,0.698770,0.687384,0.671730,0.750181,0.612799,0.705384,0.715140,0.671352,0.700163,0.665629,0.646412,0.643801,1.000000,0.643493,0.718677,0.693461,0.659281,0.674549,0.716752,0.666371,0.674195,0.723280,0.645430,0.650263,0.670716,0.643708,0.617582,0.752086,0.721326,0.702663,0.741239,0.631155,0.749945,0.700064,0.741973,0.669571,0.652389,0.614202,0.615176,0.690579,0.651182,0.702513,0.630880,0.726759,0.649941,0.724698,0.723280,0.705727,0.638497,0.659948,0.686120,0.666749,0.703253,0.658638,0.724316,0.707315,0.679886,0.707198,0.692311,0.654980,0.706891,0.714301,0.709815,0.716889,0.731448,0.693002,0.633294,0.730243,0.681840,0.680568,0.639276,0.711606,0.699991,0.729301,0.695026,0.740981,0.692274,0.683028,0.667397,0.701926,0.727064,0.723696,0.667650,0.610715,0.661726,0.656889,0.619752,0.620563,0.660322,0.674729,0.689321,0.579285,0.634443,0.627819,0.688492,0.671713,0.711118,0.694250,0.676345,0.703694,0.709699,0.674307,0.644579,0.621300,0.693920,0.669701,0.722207,0.659285,0.596857,0.711635,0.651271,0.642783,0.661571,0.584380,0.638269,0.642762,0.735645,0.656475,0.687831,0.628708,0.741986,0.664459,0.695302,0.677647,0.616928,0.719549,0.717654,0.712503,0.681623,0.637565,0.601620,0.685321,0.715942,0.700938,0.652152,0.637590,0.672013,0.646826,0.648319,0.634613,0.682006,0.692399,0.703305,0.646432,0.670666,0.698254,0.689785,0.660414,0.718445,0.635426,0.665111,0.666313,0.601083,0.706277,0.656381,0.701676,0.677579,0.658150,0.720696,0.693840,0.682866,0.678466,0.674783,0.665038,0.594517,0.670511,0.681144,0.649290,0.700228,0.608295,0.707696,0.712386,0.705354,0.667796,0.694818,0.671600,0.711651,0.679727,0.704707,0.627102,0.663976,0.681517,0.640275,0.651714,0.577159,0.621442,0.671148,0.651663,0.700091,0.597215,0.629816,0.623039,0.635347,0.652983,0.655980,0.713294,0.670356,#
16,0.705804,0.688517,0.690374,0.653886,0.612111,0.671812,0.693137,0.638207,0.628613,0.690012,0.690180,0.697442,0.631338,0.601281,0.675076,0.643493,1.000000,0.720370,0.727491,0.691228,0.752437,0.620408,0.603095,0.689919,0.694764,0.694566,0.692965,0.636525,0.562460,0.638827,0.741673,0.675370,0.670524,0.582427,0.660034,0.702147,0.723639,0.740041,0.675780,0.705289,0.649886,0.634276,0.643175,0.633573,0.647390,0.664031,0.682663,0.668200,0.706103,0.736722,0.624686,0.644222,0.663002,0.683786,0.665774,0.721792,0.599650,0.698188,0.672557,0.630743,0.720055,0.713701,0.651468,0.646305,0.664800,0.658097,0.774635,0.675229,0.730306,0.677959,0.731655,0.704402,0.738494,0.638570,0.679699,0.669026,0.664909,0.724751,0.647677,0.719070,0.757118,0.687776,0.717026,0.722546,0.695531,0.663382,0.690335,0.576056,0.610040,0.661052,0.603665,0.658597,0.683467,0.644720,0.621670,0.700133,0.643248,0.648369,0.693985,0.682925,0.711980,0.683667,0.656836,0.669493,0.668989,0.707131,0.689169,0.656261,0.757154,0.656038,0.682094,0.667153,0.706250,0.649801,0.660431,0.710358,0.712348,0.700696,0.639527,0.538509,0.607287,0.637346,0.652436,0.706574,0.680084,0.618575,0.612221,0.612991,0.711521,0.613082,0.716177,0.675513,0.682688,0.654553,0.688127,0.728654,0.675740,0.672714,0.622482,0.609897,0.684097,0.645609,0.662648,0.674866,0.624378,0.616210,0.729856,0.686574,0.668656,0.629602,0.619549,0.677054,0.576359,0.611761,0.720023,0.615964,0.682448,0.672867,0.631441,0.653607,0.681033,0.634130,0.731394,0.655614,0.703274,0.705295,0.652510,0.653788,0.640319,0.697793,0.630921,0.676154,0.654502,0.718220,0.703237,0.681028,0.602138,0.754609,0.649271,0.699098,0.672788,0.643642,0.648461,0.654994,0.568472,0.618048,0.711286,0.650402,0.709729,0.666523,0.683184,0.663898,0.644761,0.669975,0.676586,0.673508,0.705073,0.738828,0.678819,0.663285,#
17,0.745972,0.694889,0.738039,0.687224,0.685697,0.707312,0.747279,0.704214,0.713721,0.731340,0.661820,0.750070,0.696346,0.744555,0.692636,0.718677,0.720370,1.000000,0.712127,0.759503,0.715010,0.685911,0.713203,0.645662,0.761563,0.727582,0.743348,0.735500,0.661905,0.702438,0.764264,0.750744,0.698466,0.660866,0.639901,0.713483,0.692750,0.787085,0.739095,0.799971,0.692709,0.709675,0.685975,0.704082,0.699388,0.685441,0.737063,0.732766,0.769926,0.781929,0.724093,0.614325,0.661617,0.712980,0.751763,0.726799,0.724352,0.741970,0.703543,0.725230,0.698093,0.700346,0.742819,0.699017,0.729312,0.757994,0.832282,0.746130,0.761828,0.680644,0.753753,0.704064,0.745864,0.725761,0.768715,0.696358,0.737180,0.778019,0.723719,0.760933,0.764949,0.716343,0.761390,0.788131,0.732698,0.676199,0.703836,0.716118,0.679280,0.667298,0.681886,0.648229,0.704646,0.721069,0.685368,0.712800,0.652650,0.635557,0.718225,0.752659,0.749017,0.689983,0.694123,0.681753,0.712809,0.724021,0.671995,0.687205,0.716064,0.739445,0.728383,0.639393,0.778744,0.667442,0.711941,0.725200,0.633207,0.675585,0.729722,0.716479,0.702545,0.724994,0.703808,0.727068,0.665898,0.688499,0.668161,0.723481,0.730675,0.688488,0.730044,0.761055,0.750153,0.708728,0.743692,0.711875,0.759042,0.708554,0.689573,0.709984,0.741771,0.706718,0.734124,0.724232,0.741793,0.686536,0.707922,0.660020,0.736407,0.695367,0.687663,0.725436,0.690606,0.687295,0.679981,0.700142,0.778043,0.709370,0.686984,0.738934,0.744657,0.712654,0.776666,0.678629,0.741547,0.699522,0.650617,0.601913,0.690764,0.722242,0.701793,0.686886,0.720810,0.729873,0.800130,0.652269,0.710873,0.737662,0.698119,0.766663,0.738718,0.764172,0.711963,0.740624,0.693522,0.660574,0.726559,0.718253,0.663679,0.698337,0.776220,0.714797,0.668348,0.707721,0.711302,0.706211,0.717774,0.744635,0.744537,0.628222,#
18,0.714963,0.722382,0.685115,0.693222,0.614694,0.717165,0.679678,0.666452,0.603040,0.689403,0.731596,0.761017,0.726932,0.726430,0.655765,0.693461,0.727491,0.712127,1.000000,0.668339,0.697285,0.702919,0.672137,0.642480,0.673199,0.734380,0.736687,0.719813,0.647227,0.727106,0.679912,0.722709,0.717557,0.715862,0.670262,0.745224,0.686241,0.753963,0.707442,0.742138,0.675785,0.675064,0.697111,0.621759,0.707255,0.670506,0.745581,0.774208,0.748735,0.723065,0.650567,0.639012,0.698044,0.628666,0.720679,0.727776,0.670132,0.722165,0.682205,0.775845,0.710573,0.703082,0.672982,0.685965,0.731609,0.694008,0.729486,0.677140,0.708937,0.686243,0.732538,0.673989,0.747655,0.614765,0.755895,0.689371,0.716245,0.710946,0.669608,0.689718,0.745012,0.672894,0.734924,0.753537,0.751381,0.718132,0.668009,0.696156,0.710169,0.652642,0.688764,0.635226,0.749689,0.729704,0.636228,0.659396,0.663644,0.691044,0.708477,0.703134,0.705368,0.683574,0.697820,0.700145,0.689009,0.716961,0.702466,0.724993,0.734556,0.721425,0.761882,0.654483,0.740459,0.639682,0.650456,0.731340,0.650701,0.690614,0.729300,0.643284,0.687030,0.698865,0.630438,0.735057,0.717904,0.653664,0.740223,0.636619,0.744214,0.646851,0.726694,0.737415,0.706862,0.676080,0.713577,0.711881,0.717991,0.689562,0.667518,0.698090,0.701033,0.701582,0.673556,0.762070,0.691654,0.648475,0.706337,0.680714,0.738914,0.688842,0.670426,0.644675,0.729331,0.628742,0.711025,0.710916,0.690699,0.736776,0.659901,0.659632,0.737778,0.755119,0.786642,0.720568,0.718274,0.680427,0.792435,0.625157,0.625708,0.708810,0.699851,0.683300,0.731465,0.766700,0.709079,0.702407,0.657164,0.732848,0.717338,0.749255,0.683637,0.713738,0.682992,0.643770,0.653865,0.694501,0.673567,0.667136,0.671523,0.725074,0.700570,0.707245,0.620776,0.734309,0.656678,0.664219,0.671926,0.765834,0.713840,0.693038,#
19,0.683540,0.733984,0.706618,0.654044,0.673167,0.748226,0.664514,0.664935,0.682565,0.647735,0.682425,0.699645,0.632816,0.669607,0.672996,0.659281,0.691228,0.759503,0.668339,1.000000,0.704689,0.634742,0.615070,0.666603,0.702894,0.667450,0.682671,0.679112,0.587398,0.662880,0.753151,0.746153,0.700353,0.633875,0.621257,0.749222,0.638642,0.726588,0.678171,0.699455,0.696438,0.684046,0.667799,0.646341,0.642935,0.695163,0.755531,0.684756,0.694487,0.695573,0.632840,0.604937,0.662989,0.661560,0.705020,0.674003,0.685354,0.724265,0.661233,0.655522,0.686297,0.636538,0.712662,0.680836,0.677667,0.719811,0.745635,0.663271,0.749162,0.667532,0.724083,0.684733,0.738565,0.642780,0.692603,0.663010,0.629523,0.719306,0.654867,0.669681,0.746794,0.643212,0.746733,0.701721,0.676613,0.597561,0.681475,0.646447,0.708922,0.647073,0.615104,0.655122,0.632883,0.694769,0.622256,0.626685,0.660253,0.671255,0.673430,0.732805,0.700860,0.666745,0.666644,0.678780,0.708201,0.637913,0.688482,0.639425,0.691697,0.636503,0.702559,0.631116,0.699577,0.647135,0.674590,0.708935,0.672626,0.680257,0.687650,0.592690,0.736173,0.668814,0.586793,0.782243,0.672343,0.678629,0.661730,0.670847,0.770280,0.727034,0.706203,0.756254,0.695086,0.712973,0.712457,0.713308,0.650188,0.674677,0.675635,0.635730,0.688743,0.674454,0.641705,0.688157,0.675387,0.608754,0.620928,0.607273,0.713005,0.667518,0.631020,0.690076,0.647696,0.650899,0.712214,0.634029,0.734899,0.688400,0.661370,0.687327,0.666973,0.720797,0.686788,0.703766,0.697886,0.656959,0.625551,0.683864,0.623343,0.673644,0.645801,0.700180,0.685689,0.690081,0.750924,0.612192,0.670503,0.717696,0.693041,0.651294,0.631537,0.691059,0.694188,0.698867,0.625329,0.633704,0.642005,0.658615,0.684567,0.698754,0.700288,0.680607,0.628789,0.718813,0.708974,0.661672,0.650743,0.652361,0.656738,0.617591,#
20,0.704256,0.761053,0.670249,0.690926,0.662763,0.699272,0.711830,0.706934,0.700378,0.750303,0.691454,0.680257,0.702450,0.694822,0.704599,0.674549,0.752437,0.715010,0.697285,0.704689,1.000000,0.686167,0.641773,0.729123,0.743169,0.718059,0.723538,0.742404,0.627056,0.690197,0.752699,0.695468,0.692969,0.727932,0.688888,0.722297,0.681115,0.722748,0.687938,0.749105,0.724438,0.716171,0.673964,0.707196,0.733654,0.657902,0.743409,0.721093,0.725107,0.723779,0.673414,0.701431,0.658887,0.680657,0.706666,0.704520,0.643886,0.720043,0.699241,0.682301,0.725804,0.705101,0.745145,0.675144,0.729115,0.733220,0.792015,0.676934,0.750763,0.658214,0.732229,0.743524,0.740619,0.684331,0.694036,0.648998,0.680094,0.750774,0.741132,0.752899,0.746022,0.744078,0.730371,0.755501,0.669726,0.675123,0.706951,0.683781,0.722168,0.766719,0.703406,0.666589,0.674413,0.737841,0.639632,0.707807,0.630696,0.622466,0.683232,0.736663,0.761458,0.703070,0.682544,0.720779,0.729462,0.688523,0.752649,0.710051,0.741933,0.754642,0.670831,0.741788,0.699992,0.569171,0.715600,0.722878,0.657931,0.709476,0.625934,0.606239,0.717548,0.710339,0.658752,0.771186,0.668848,0.693977,0.630827,0.641814,0.691528,0.710808,0.689430,0.706778,0.736935,0.722426,0.714857,0.688913,0.653974,0.739636,0.704373,0.729585,0.709500,0.642706,0.698966,0.722566,0.713332,0.655270,0.741799,0.706057,0.671010,0.695080,0.701427,0.721822,0.704307,0.624612,0.719243,0.651330,0.675435,0.740595,0.690483,0.686049,0.714768,0.719302,0.710510,0.700116,0.763478,0.685753,0.658066,0.676579,0.627959,0.681073,0.699685,0.660111,0.696850,0.738768,0.730046,0.680075,0.670179,0.753841,0.670524,0.724325,0.686624,0.672861,0.682200,0.638299,0.633708,0.690814,0.706089,0.697386,0.682030,0.684828,0.673261,0.700027,0.688398,0.713239,0.723979,0.686150,0.704464,0.763234,0.716199,0.681398,#
21,0.680791,0.790619,0.702502,0.726981,0.672231,0.675413,0.655478,0.641978,0.694713,0.680207,0.669479,0.652982,0.610753,0.634698,0.678891,0.716752,0.620408,0.685911,0.702919,0.634742,0.686167,1.000000,0.670314,0.694792,0.622999,0.640164,0.747924,0.654058,0.680378,0.623030,0.672234,0.622366,0.693055,0.690239,0.669649,0.736391,0.652816,0.690543,0.684340,0.685868,0.655147,0.704696,0.650647,0.685541,0.660329,0.669806,0.697861,0.690747,0.712539,0.704395,0.631175,0.696094,0.681115,0.638977,0.703452,0.707716,0.668566,0.682035,0.726385,0.668845,0.669355,0.701071,0.608534,0.643448,0.701959,0.694311,0.733359,0.664744,0.688870,0.721507,0.696561,0.732274,0.730581,0.688549,0.739626,0.695381,0.716620,0.695174,0.689625,0.682411,0.694789,0.657157,0.752518,0.753312,0.744123,0.672365,0.616672,0.714343,0.706693,0.683697,0.602166,0.621440,0.698229,0.686523,0.669989,0.684027,0.647157,0.611497,0.676894,0.739742,0.700960,0.670800,0.592657,0.676088,0.660224,0.692768,0.638479,0.694717,0.647930,0.713424,0.729099,0.624719,0.717950,0.640979,0.597374,0.639379,0.642699,0.740720,0.664943,0.670133,0.674660,0.648170,0.624267,0.682515,0.622519,0.628764,0.675861,0.661803,0.668035,0.711473,0.706425,0.730930,0.629881,0.668234,0.741432,0.622865,0.658091,0.629512,0.674199,0.690329,0.723566,0.698509,0.602282,0.702192,0.649841,0.655145,0.677466,0.623060,0.663719,0.696294,0.642938,0.729774,0.657671,0.637431,0.642105,0.658348,0.682936,0.718594,0.599713,0.687586,0.676597,0.720753,0.708826,0.691780,0.727827,0.673079,0.693207,0.602713,0.585332,0.688202,0.712906,0.650237,0.693117,0.675015,0.678879,0.648668,0.569380,0.664063,0.689973,0.688610,0.648168,0.737938,0.661790,0.642939,0.655907,0.694253,0.696324,0.605395,0.630409,0.697296,0.673875,0.627393,0.658823,0.642318,0.656919,0.614365,0.664540,0.709114,0.614262,0.698457,#
