0,1.000000,0.279212,0.302360,0.178042,0.285306,0.332658,0.258119,0.186415,0.274543,0.298107,0.340062,0.324067,0.247705,0.158151,0.338481,0.189631,0.299372,0.435111,0.211305,0.187006,0.316058,0.375229,0.260590,0.332136,0.255364,0.177117,0.221235,0.330907,0.386910,0.222396,0.187820,0.122120,0.293959,0.159685,0.156467,0.295586,0.324776,0.259484,0.267792,0.329576,0.140630,0.286007,0.154696,0.293770,0.201704,0.235292,0.400220,0.223943,0.336212,0.285705,0.386150,0.204770,0.210943,0.167703,0.403664,0.206996,0.309012,0.318647,0.253244,0.193911,0.304546,0.251088,0.270280,0.293745,0.373466,0.167504,0.351410,0.234760,0.259167,0.246993,0.413319,0.358098,0.335462,0.304748,0.210961,0.191275,0.156618,0.273270,0.293571,0.146742,0.364030,0.237245,0.306405,0.245968,0.249384,0.343998,0.258201,0.222845,0.364200,0.172555,0.267707,0.174499,0.146418,0.195270,0.321406,0.234476,0.256994,0.286200,0.294976,0.324052,0.291477,0.348501,0.212410,0.273522,0.203489,0.251575,0.286037,0.237888,0.204303,0.154904,0.201663,0.261741,0.284015,0.272151,0.187293,0.293282,0.343266,0.166715,0.370474,0.291564,0.362769,0.093350,0.197836,0.160991,0.199423,0.437794,0.130759,0.208701,0.193020,0.369806,0.294041,0.334537,0.234691,0.202550,0.204609,0.138505,0.340852,0.225681,0.300556,0.495293,0.227643,0.270062,0.273421,0.296206,0.320088,0.292312,0.251890,0.037480,0.276284,0.258668,0.295602,0.176033,0.285453,0.222499,0.223012,0.120087,0.123048,0.177912,0.318418,0.380863,0.303895,0.275230,0.077939,0.284436,0.349512,0.096982,0.086073,0.192393,0.282122,0.185175,0.365538,0.051300,0.381084,0.485331,0.217895,0.245439,0.349614,0.272346,0.320129,0.227635,0.230404,0.384974,0.161962,0.140023,0.154506,0.415074,0.276903,0.438483,0.296339,0.061400,0.319398,0.290393,0.077388,0.115652,0.304128,0.153171,0.209848,0.133268,0.298226,0.304345,#
1,0.279212,1.000000,0.143463,0.170805,0.417779,0.331309,0.274473,0.222427,0.144607,0.166836,0.309010,0.241907,0.272321,0.306201,0.137018,0.113051,0.092101,0.250490,0.290809,0.155694,0.148537,0.304171,0.149507,0.283912,0.336206,0.303749,0.260455,0.257930,0.348697,0.068005,0.315437,0.203572,0.403839,0.229746,0.244979,0.064542,0.194270,0.221525,0.205780,0.226483,0.214569,0.216484,0.383345,0.234446,0.245929,0.186842,0.322439,0.289492,0.296799,0.208563,0.438439,0.099072,0.278548,0.190494,0.284739,0.235362,0.297536,0.330917,0.361276,0.274994,0.262903,0.309927,0.239214,0.279028,0.273018,0.210004,0.193439,0.330114,0.269204,0.124260,0.356013,0.248569,0.330396,0.272866,0.285379,-0.041129,0.265138,0.216606,0.324314,0.230840,0.204835,0.379505,0.263061,0.371269,0.107379,0.204399,0.329772,0.286992,0.277424,0.328947,0.321205,0.355581,0.116819,0.196639,0.183535,0.277995,0.155150,0.225392,0.169516,0.158167,0.157571,0.185676,0.178008,0.251005,0.172717,0.138104,0.218407,0.295795,0.155079,0.209837,0.359682,0.256695,0.237735,0.279347,0.246003,0.308653,0.305883,0.138499,0.389634,0.292905,0.151624,0.248220,0.330855,0.197746,0.231247,0.343842,0.190486,0.131519,0.243543,0.203648,0.310670,0.249474,0.120067,0.201525,0.356184,0.300823,0.237616,0.179830,0.237189,0.406911,0.334635,0.163094,0.065576,0.155342,0.296532,0.203674,0.303167,0.067002,0.371255,0.261733,0.306142,0.207470,0.224911,0.108209,0.268145,0.196322,0.262381,0.312397,0.235262,0.084782,0.038088,0.296383,0.084863,0.251367,0.304696,0.377328,0.137720,0.309978,0.292348,0.260113,0.270727,0.156346,0.213484,0.244764,0.318813,0.164857,0.012967,0.295312,0.280488,0.160945,0.236968,0.211076,0.260361,0.229733,0.304556,0.317447,0.148088,0.406978,0.232462,0.240072,0.372892,0.218394,0.062136,0.086156,0.253348,0.295966,0.111076,0.238615,0.060816,0.257975,#
2,0.302360,0.143463,1.000000,0.344883,0.113611,0.336864,0.264200,0.235714,0.036140,0.125401,0.063700,0.263763,0.217095,0.167432,0.231469,0.133179,0.175278,0.239116,0.242542,0.160242,0.161574,0.324110,0.366913,0.314534,0.263640,0.185420,0.271683,0.136141,0.264932,0.173247,0.254771,0.218358,0.282971,0.169515,0.098118,0.222931,0.283232,0.291335,0.209731,0.161087,0.298485,0.274468,0.112456,0.096979,0.083202,0.335695,0.244315,0.278612,0.172715,0.208058,0.210155,0.313258,0.252465,0.189679,0.174329,0.306750,0.071086,0.283969,0.100958,0.205139,0.027667,0.290711,0.182903,0.265441,0.367463,0.281065,0.225620,0.092887,0.168577,0.305659,0.262673,0.061323,0.160776,0.293549,0.215342,0.276479,0.125401,0.217727,0.196164,0.373694,0.351467,0.117619,0.151725,0.183151,0.102840,0.281412,0.333521,0.235163,0.101782,0.270257,0.183797,0.174460,0.171708,0.075729,0.226667,0.127320,0.187026,0.124472,0.250336,0.223706,0.351328,0.283017,0.184735,0.128599,0.315238,0.156874,0.185954,0.240711,0.137731,0.193937,0.240083,0.232513,0.171738,0.152915,0.104951,0.188366,0.088006,0.242059,0.128501,0.101155,0.215230,0.214266,0.178143,0.091044,0.122004,0.217779,0.134989,0.192911,0.159037,0.287153,0.199612,0.265603,0.107064,0.048380,0.161604,0.254438,0.195939,0.285742,0.056608,0.149020,0.027586,0.176746,0.245785,0.219340,0.395571,0.194669,0.293670,0.061603,0.296653,0.186454,0.248644,0.282289,0.228246,0.200294,0.097753,0.084871,0.031028,0.188755,0.296452,0.125139,0.341535,0.249555,0.201716,0.299945,0.254313,0.060439,0.197627,0.273301,0.127026,0.166240,0.228635,0.237067,0.192401,0.247023,0.318334,0.216967,0.397176,0.292081,0.313571,0.219363,0.229956,0.129441,0.147313,0.133223,0.096060,0.311674,0.174500,0.258073,0.226513,0.024380,0.235921,0.144156,0.290968,0.115133,0.251528,0.041887,0.256055,0.063990,0.324008,0.239424,#
3,0.178042,0.170805,0.344883,1.000000,0.243815,0.148268,0.192983,0.218842,0.070085,0.206110,0.145685,0.271305,0.103917,0.167083,0.128869,0.076933,0.055788,0.228581,0.129158,0.119051,0.023615,0.215633,0.186333,0.305570,0.273157,0.207518,0.120395,0.065431,0.188560,0.099979,0.256435,0.212218,0.249681,0.348837,0.037141,0.203078,0.284813,0.304019,0.255748,0.080693,0.222846,0.170658,0.265529,0.141370,0.179927,0.320085,0.281094,0.212360,0.180517,0.229090,0.318873,0.110323,0.088574,0.175425,0.062103,0.273976,0.192111,0.288378,0.211463,0.252549,0.098272,0.168186,0.122090,0.330117,0.194934,0.216589,0.123177,0.275954,0.044074,0.205516,0.328291,0.000169,0.087024,0.289824,0.247257,0.207519,0.129127,0.253827,0.236318,0.265120,0.222334,0.204846,0.194786,0.207199,0.132436,0.207839,0.308991,0.158777,0.178707,0.327699,0.193320,0.211915,0.128439,0.213648,0.070968,0.154263,0.170161,0.069002,0.331948,0.135196,0.249878,0.146039,0.249185,0.175068,0.211986,0.138678,0.244799,0.222229,0.118825,0.015212,0.202300,0.231625,0.187769,0.194756,0.056053,0.151539,0.248748,0.191488,0.208124,0.134564,0.251366,0.122767,0.240934,0.202376,0.167202,0.188999,0.204934,0.076940,0.155149,0.263792,0.137553,0.211580,0.274496,0.248801,0.163414,0.277811,0.125226,0.058593,0.203211,0.290838,0.221565,0.143560,0.243510,0.195838,0.327017,0.131598,0.316949,0.144883,0.249011,0.186010,0.213736,0.120601,0.111855,0.143026,0.123242,0.060688,0.182369,0.204124,0.026962,0.255501,0.331797,0.210277,0.226923,0.346765,0.287000,0.261840,0.235291,0.193964,0.197684,0.258446,0.190488,0.163703,0.170706,0.354144,0.279676,0.168240,0.132572,0.180029,0.180618,0.085333,0.197926,0.275996,0.308702,0.302081,0.129724,0.251843,0.103267,0.297005,0.038670,-0.035782,0.237678,0.225263,0.220886,0.209708,0.079675,0.215135,0.170912,0.146571,0.212794,0.237618,#
4,0.285306,0.417779,0.113611,0.243815,1.000000,0.202944,0.363963,0.147823,0.225606,0.197901,0.254704,0.128442,0.222317,0.196857,0.063240,0.085633,0.096725,0.165980,0.244674,0.264208,0.118796,0.297351,0.221752,0.280435,0.201833,0.265584,0.103548,0.261073,0.364991,-0.010409,0.118331,0.148084,0.352522,0.132443,0.187296,0.113992,0.124745,0.307607,0.119377,0.183853,0.240736,0.253242,0.192830,0.153341,0.308648,0.189501,0.327269,0.278579,0.193554,0.320428,0.248445,0.051535,0.141513,0.226763,0.186432,0.164104,0.172736,0.212988,0.182213,0.264043,0.256414,0.194158,0.114316,0.162291,0.162781,0.060962,0.219418,0.162097,0.129767,0.163550,0.234181,0.224418,0.183972,0.154388,0.230159,-0.073511,0.172387,0.197396,0.085337,0.063702,0.297183,0.293079,0.156375,0.206899,0.191186,0.200947,0.182793,0.151315,0.244172,0.340287,0.265526,0.192187,-0.056661,0.193806,-0.003193,0.316113,0.109325,0.326218,0.379607,0.258512,0.249122,0.132967,0.160181,0.258799,0.238188,0.043412,0.091161,0.190288,0.116087,0.259806,0.358817,0.175483,0.250802,0.400268,0.185520,0.081640,0.198476,-0.015572,0.325612,0.058554,0.155990,0.273108,0.281792,0.088242,0.178162,0.292748,0.141313,0.133894,-0.073898,0.153996,0.215912,0.164152,0.225023,0.160584,0.288358,0.245922,0.156881,-0.021721,0.109143,0.297588,0.208974,0.018753,0.119475,0.290354,0.232886,0.110149,0.273264,0.015731,0.204515,0.368314,0.215621,0.225758,0.308632,0.205912,0.069317,0.020586,0.253615,0.141523,0.172140,0.169411,0.164724,0.140364,0.133962,0.351029,0.170246,0.370860,0.045458,0.073759,0.151462,0.189224,0.274136,0.041235,0.125483,0.193708,0.282142,0.101711,0.215211,0.181379,0.260783,0.016734,0.104226,0.149549,0.164897,0.140724,0.153857,0.242611,0.142730,0.390282,0.214106,0.089540,0.316532,0.148637,0.127976,0.090304,0.049977,0.237542,0.230348,0.353373,0.110422,0.177161,#
5,0.332658,0.331309,0.336864,0.148268,0.202944,1.000000,0.173031,0.224471,0.163770,0.275668,0.178645,0.212278,0.203722,0.121508,0.256906,0.277143,0.302168,0.322058,0.300671,0.070221,0.304675,0.383189,0.285151,0.444463,0.222471,0.255871,0.201553,0.273568,0.351328,0.149127,0.135152,0.303007,0.356576,0.150864,0.167700,0.111247,0.358979,0.155819,0.213092,0.343508,0.224305,0.268097,0.057636,0.301583,0.172773,0.251739,0.261840,0.155976,0.308666,0.266264,0.301735,0.193700,0.221401,0.111152,0.196283,0.171450,0.075679,0.385579,0.239680,0.275635,0.283113,0.286426,0.234732,0.279729,0.269051,0.232541,0.323733,0.301440,0.181726,0.173735,0.381341,0.152715,0.297292,0.420491,0.233563,0.137467,0.239389,0.231087,0.207923,0.302559,0.284877,0.262979,0.333215,0.131934,0.116752,0.381393,0.185014,0.210677,0.261688,0.282211,0.171156,0.325642,0.067631,0.191170,0.114263,0.202484,0.198562,0.049362,0.304777,0.133523,0.345514,0.296614,0.286239,0.299762,0.116045,0.166558,0.074844,0.314100,0.126229,0.216257,0.360794,0.189326,0.348112,0.153663,0.210645,0.225610,0.412407,0.248634,0.212439,0.266157,0.076103,0.199589,0.206196,0.152496,0.267680,0.217799,0.142982,0.006848,0.319281,0.412996,0.148127,0.410352,0.175233,0.180946,0.418888,0.193174,0.150036,0.121789,0.177863,0.274024,0.242817,0.243556,0.115322,0.243241,0.332577,0.123384,0.208383,0.174090,0.212457,0.165851,0.269850,0.182111,0.301482,0.342975,0.134144,0.190113,0.243115,0.159395,0.402430,0.106149,0.224036,0.170039,0.261647,0.141279,0.318402,0.004927,0.092057,0.279957,0.232344,0.312703,0.145260,0.236054,0.350716,0.287442,0.167160,0.223869,0.170341,0.204976,0.341253,0.179931,0.292810,0.363528,0.218397,0.116498,0.245999,0.384562,0.219630,0.313933,0.215217,0.194772,0.408081,0.138278,0.174707,0.192786,0.312760,0.243338,0.138790,0.313784,0.165587,0.347571,#
6,0.258119,0.274473,0.264200,0.192983,0.363963,0.173031,1.000000,0.176808,0.082204,0.108558,0.206390,0.109939,0.064061,0.178254,0.067288,0.077659,0.156519,0.166290,0.175560,0.205070,0.172014,0.243646,0.152631,0.171077,0.150391,0.085386,0.064652,0.183100,0.271736,0.065609,0.032785,0.151558,0.240798,0.021430,0.037698,-0.009865,0.130642,0.089602,0.244947,0.145418,0.227831,0.199175,0.180580,0.248728,0.045512,0.106496,0.345806,0.373644,0.205517,0.330397,0.110511,0.180652,0.256350,0.170629,0.055140,0.176434,0.226168,0.294464,0.235911,0.244501,0.032697,0.220122,0.032395,0.224135,0.095044,0.344899,0.198416,0.169175,0.168507,0.159024,0.269796,0.192071,0.267814,0.095536,0.139295,0.089089,0.155607,0.072756,0.160589,0.187593,0.299978,0.289122,0.256964,0.133113,0.118748,0.231161,0.165436,0.288499,0.255226,0.253450,0.266047,0.183856,0.058997,0.266196,0.146577,0.341302,0.123261,0.118014,0.299526,0.182566,0.265365,0.222853,0.042925,0.141159,0.070576,0.264502,0.101368,0.160574,0.132505,0.151262,0.243805,0.135535,0.259557,0.176510,0.156400,0.113478,0.299993,0.170962,0.272653,0.134964,0.100692,0.246866,0.174790,0.001383,0.123604,0.099848,0.080187,0.245673,0.018123,0.266182,0.178303,0.091628,0.245898,0.020110,0.334157,0.197968,0.125637,0.236088,0.165932,0.186832,0.099569,-0.028464,0.073210,0.381111,0.071743,0.186766,0.199215,0.030241,0.170005,0.141813,0.207304,0.115654,0.267667,0.206906,0.170762,0.089410,0.041856,0.078150,0.171859,0.111720,0.117446,0.171483,0.131888,0.134823,0.240472,0.143112,0.074887,0.161146,0.285078,0.288967,0.035571,0.123154,0.143879,0.222188,0.194207,0.226913,0.158584,0.234926,0.258251,0.009735,-0.060980,0.052127,0.078611,0.266442,0.209341,0.171426,0.174431,0.194324,0.246896,0.178439,0.207613,0.096879,0.260202,0.149989,0.134889,0.203746,0.138506,0.162493,0.077128,0.276244,#
7,0.186415,0.222427,0.235714,0.218842,0.147823,0.224471,0.176808,1.000000,0.039290,0.304905,0.191116,0.288036,0.114306,0.224732,0.053301,0.151673,0.085476,0.297375,0.160843,0.262299,0.159973,0.243838,0.409006,0.195728,0.314201,0.122189,0.191736,0.265707,0.317569,0.063553,0.298537,0.352421,0.400307,0.150315,0.139576,0.208868,0.194173,0.160776,0.267922,0.158223,0.099086,0.162644,0.334407,0.097431,0.144497,0.306288,0.165962,0.296089,0.362491,0.332434,0.373708,0.122634,0.154802,0.280572,0.306965,0.242709,0.164980,0.276684,0.182604,0.283795,0.186525,0.117459,0.144582,0.216512,0.318775,0.077436,0.153100,0.320235,0.143333,0.388025,0.272014,0.079351,0.334886,0.395922,0.246863,0.171061,0.269598,0.231571,0.230283,0.343034,0.264705,0.302013,0.303827,0.331983,0.121696,0.252307,0.390001,0.183134,0.207774,0.324626,0.285397,0.190548,0.227192,0.131913,0.139519,0.314308,0.129202,0.036509,0.198707,0.043712,0.330536,0.215499,0.189232,0.234791,0.144075,0.286238,0.209784,0.183721,0.259056,0.005753,0.173215,0.167893,0.144472,0.237971,0.267786,0.180034,0.168600,0.250321,0.286991,0.238158,0.240067,0.237708,0.184660,0.370653,0.302654,0.214039,0.201119,0.283783,0.165945,0.213736,0.163540,0.144485,0.180629,0.248252,0.365792,0.204507,0.133172,0.268692,0.278139,0.394616,0.322738,0.412147,0.024725,0.267157,0.237004,0.189454,0.310532,0.143859,0.323381,0.119618,0.290826,0.384884,0.113497,0.112566,0.079113,0.317842,0.214841,0.293332,0.167467,0.205560,0.197570,0.256415,0.129825,0.318636,0.302728,0.100856,0.242265,0.189178,0.367381,0.257884,0.295277,0.223509,0.194264,0.149611,0.146071,0.128828,0.207184,0.296509,0.081854,0.231245,0.155500,0.318217,0.071956,0.138653,0.071511,0.279505,0.323086,0.353090,0.084069,0.252787,0.262628,0.202772,0.109446,0.249310,0.035819,0.256001,0.300130,0.261217,0.195702,0.305468,#
8,0.274543,0.144607,0.036140,0.070085,0.225606,0.163770,0.082204,0.039290,1.000000,0.081808,0.239630,0.139613,0.174258,0.163602,0.233734,0.119677,0.125719,-0.000119,-0.014514,0.202271,0.170040,0.108597,0.125235,0.127001,0.156585,0.106234,-0.064908,0.203967,0.105102,0.169152,0.027364,0.125908,0.154498,0.194622,0.118079,0.135409,0.146310,0.141891,0.149404,0.322592,0.080725,0.013184,-0.069544,0.145031,0.284990,0.219817,0.231307,0.195972,0.015592,0.097055,-0.003152,0.164505,0.034238,0.285952,0.154651,0.132718,0.061518,0.101518,0.118389,0.176079,0.147958,-0.051204,0.245141,0.217344,0.221062,0.090819,0.211783,0.150442,0.216171,0.132282,0.070333,0.193325,0.202346,0.122398,0.050527,-0.028911,0.134848,0.023091,0.149782,-0.032254,0.154562,0.124015,0.201343,-0.004454,0.155978,0.128881,0.145328,0.052611,0.173340,0.077947,0.178061,0.099967,0.049188,0.128340,0.060622,0.312033,0.173457,0.052426,0.092302,0.061326,0.183975,-0.047443,0.085925,0.059402,0.107176,-0.069294,0.240440,0.101142,-0.062784,0.043176,0.053387,0.097582,0.042997,0.134758,0.092147,0.119622,0.257589,0.086440,0.011895,0.153940,0.163860,-0.018580,0.094067,0.024522,0.111091,0.219582,-0.053153,0.134186,0.012442,0.136810,0.144504,0.099589,0.023087,0.025381,0.240910,0.149139,0.122810,0.146523,0.207262,0.224925,0.085995,0.147021,0.282727,0.178417,0.123520,0.122651,0.185517,0.222504,0.156402,0.193364,0.091545,0.162451,0.175429,0.160215,0.172197,0.094008,0.056101,-0.010069,0.098262,0.163182,-0.036009,0.102992,-0.018687,0.182265,0.079235,0.088233,0.046536,0.191780,0.084465,0.129294,0.259243,-0.188289,0.055990,0.371783,0.154835,0.159029,0.053554,0.204639,0.114446,0.050488,0.138032,0.073022,-0.142975,0.150067,0.200938,0.090623,0.032172,0.097517,0.141361,-0.022358,0.164493,0.108156,0.034397,0.073828,0.022429,0.093363,0.128747,-0.110854,0.147869,0.154971,#
9,0.298107,0.166836,0.125401,0.206110,0.197901,0.275668,0.108558,0.304905,0.081808,1.000000,0.321207,0.204354,0.089503,0.153261,0.218406,0.280257,0.130307,0.190692,0.144839,0.279409,0.123344,0.261256,0.295464,0.281603,0.220922,0.214988,0.168102,0.351232,0.284640,0.063891,0.329371,0.288679,0.211830,0.167981,0.164468,0.177729,0.092250,0.239287,0.283515,0.211457,0.252193,0.319922,0.168724,0.024514,0.234378,0.400315,0.294620,0.322986,0.229650,0.178311,0.342987,0.244135,0.188947,0.155432,0.246901,0.348116,0.384247,0.260354,0.107669,0.239621,0.106137,0.209688,0.281035,0.252405,0.251559,0.220643,0.134923,0.354996,0.280737,0.128489,0.247342,0.288287,0.155816,0.296580,0.288162,0.157095,0.344336,0.161014,0.309503,0.266798,0.258533,0.246085,0.329961,0.253212,0.228417,0.408149,0.406983,0.122679,0.249340,0.229219,0.145898,0.350081,0.089086,0.284590,0.214601,0.242179,0.364997,0.135402,0.238766,0.268064,0.385733,0.260837,0.326588,0.088784,0.223286,0.113054,0.244383,0.272324,0.197379,0.097945,0.165290,0.193907,0.245998,0.241548,0.187367,0.295604,0.313438,0.348783,0.449639,0.211745,0.340987,0.361595,0.297749,0.229404,0.344193,0.295680,0.005067,0.204644,0.094253,0.192435,0.212963,0.334993,0.128770,0.301955,0.344635,0.122253,0.226597,0.198289,0.161022,0.309791,0.142154,0.214003,0.145016,0.179052,0.311853,-0.034945,0.302699,0.177700,0.156166,0.290002,0.311778,0.245599,0.344209,0.236505,0.111091,0.298063,0.316950,0.232327,0.280935,0.221963,0.181439,0.114881,0.026232,0.385340,0.281536,0.281524,0.137915,0.238473,0.327587,0.318569,0.211800,0.256334,0.303344,0.277304,0.167417,0.161660,0.174446,0.059129,0.081448,0.343275,0.133153,0.320776,0.255339,0.183483,0.176731,0.257261,0.328452,0.367827,0.338226,0.112597,0.294105,0.247732,0.086604,0.219464,0.178469,0.291593,0.146786,0.056443,0.243064,0.263133,#
10,0.340062,0.309010,0.063700,0.145685,0.254704,0.178645,0.206390,0.191116,0.239630,0.321207,1.000000,0.066166,0.072833,0.248691,0.156560,0.072824,0.174083,0.148688,0.298176,0.197443,0.154144,0.145506,0.212077,0.086777,0.112179,0.114590,0.266738,0.220038,0.156713,0.140376,0.187909,0.144593,0.137541,0.109516,0.164526,0.198035,0.050229,0.182711,0.190555,0.148478,0.027433,0.040339,0.219697,0.029097,0.160914,0.228791,0.214443,0.323768,0.311477,0.251121,0.137231,0.212509,0.157953,0.197479,0.207777,0.187787,0.123140,0.258520,0.182918,0.082097,0.205273,0.216028,0.179925,0.267904,0.185834,0.163359,0.165546,0.163193,0.186847,0.097145,0.232803,0.148961,0.110924,0.160944,0.190318,0.162117,0.310495,0.058946,0.199334,0.011657,0.123692,0.291433,0.168542,0.184372,0.125370,0.225156,0.317490,0.078274,0.224452,0.140375,0.101071,0.152270,0.157143,0.054612,0.082009,0.186913,0.258282,-0.001211,0.262848,0.239251,0.298711,0.207832,0.092660,0.211641,0.177865,0.028341,0.248397,0.168309,0.071248,0.138434,0.089863,0.136571,0.161344,0.196558,0.217204,0.308254,0.234744,0.020586,0.154539,0.102795,0.107508,0.007332,0.214776,0.121905,0.229019,0.184013,-0.035133,0.094771,0.053843,0.327046,0.205487,0.134773,0.122210,0.022818,0.227148,0.214758,0.152552,0.158417,0.041188,0.396569,0.201117,0.116798,0.275485,0.148363,0.160989,0.132602,0.068066,0.165547,0.140945,0.272702,0.141099,0.255496,0.238577,0.215324,0.210416,0.216705,0.274834,0.127160,0.145474,0.277408,0.050645,0.157887,0.142689,0.313742,0.174648,0.111628,0.024485,0.063089,0.122236,0.245368,0.147377,0.068865,0.261352,0.218095,0.202873,-0.021662,0.012614,0.193466,0.333192,0.276264,0.245573,0.157760,0.234211,0.138871,0.197052,0.136961,0.105443,0.266331,0.195000,0.133814,0.229978,0.147671,0.049044,0.116326,0.145127,0.329813,0.144072,0.222757,0.257912,0.291885,#
11,0.324067,0.241907,0.263763,0.271305,0.128442,0.212278,0.109939,0.288036,0.139613,0.204354,0.066166,1.000000,0.305063,0.108324,0.074920,0.253905,0.223656,0.325996,0.110649,-0.020899,0.191747,0.244408,0.239950,0.322421,0.319219,0.283549,0.042687,0.333060,0.078175,0.241967,0.282701,0.287553,0.270534,0.175619,0.115871,0.036733,0.326628,0.258768,0.134661,0.178176,0.267616,0.247370,0.240590,0.355686,0.067818,0.332805,0.222798,0.344288,0.237179,0.148651,0.368239,0.193263,0.112264,0.285990,0.174144,0.232536,0.384600,0.162831,0.244620,0.198064,0.185269,0.303134,0.306687,0.332133,0.352237,0.153045,0.280495,0.307783,0.189556,0.273618,0.243366,0.133958,0.196064,0.325825,0.367925,0.249346,0.189685,0.194203,0.449125,0.208949,0.303713,0.070845,0.259291,0.267704,0.295803,0.280066,0.429438,0.198664,0.168045,0.173845,0.427188,0.249059,0.202518,0.317236,0.226240,0.213660,0.090514,0.202214,0.203677,0.298805,0.312527,0.272449,0.217897,0.055275,0.224760,0.300422,0.198462,0.182011,0.216281,0.221844,0.176803,0.178562,0.273853,0.224021,0.013833,0.505858,0.313872,0.129031,0.316153,0.223511,0.149160,0.255375,0.302643,0.201549,0.213021,0.191117,0.320948,0.375634,0.283263,0.270028,0.147560,0.436186,0.051393,0.185744,0.162588,0.194032,0.123030,0.223802,0.119676,0.367247,0.167941,0.295803,0.158143,0.363711,0.299964,0.232323,0.391095,0.179445,0.363331,0.207868,0.218936,0.314047,0.157847,0.198081,0.273632,0.092416,0.172748,0.121211,0.152665,0.175149,0.234413,0.134128,0.080441,0.255308,0.480420,0.180394,0.188661,0.275229,0.474366,0.182568,0.293617,0.035547,0.232597,0.317936,0.212641,0.324576,0.377422,0.218476,0.157852,0.092977,0.348261,0.253516,0.182996,0.196747,0.153997,0.348396,0.268581,0.181567,0.204768,0.199427,0.045864,0.175015,0.197496,-0.003963,0.157556,0.165866,0.266172,0.103427,0.059870,0.345174,#
12,0.247705,0.272321,0.217095,0.103917,0.222317,0.203722,0.064061,0.114306,0.174258,0.089503,0.072833,0.305063,1.000000,0.099868,0.204279,0.198791,0.117981,0.219378,0.292394,0.219515,0.230856,0.099754,0.219661,0.264415,0.344933,0.091098,0.025019,0.285858,0.343542,0.243921,0.133103,0.231135,0.297566,0.190306,0.155094,0.084338,0.288828,0.154610,0.131857,0.236145,0.306568,0.172783,0.327107,0.229517,0.155821,0.332840,0.213838,0.139526,0.244192,0.120422,0.312854,0.060893,0.077803,0.271285,0.129598,0.144994,0.202497,0.288200,0.252165,0.289571,0.199391,0.287840,0.199322,0.194859,0.208071,0.183556,0.203324,0.099727,0.144329,0.076378,0.153784,0.240030,0.093329,0.165238,0.303071,0.200076,0.139418,0.157545,0.130949,0.157685,0.233229,0.123332,0.292819,0.229850,0.230919,0.353697,0.247275,0.188927,0.279915,0.276055,0.229872,0.221112,0.069484,0.237818,0.177560,0.059324,0.255686,0.240718,0.124247,0.084961,0.181147,0.236992,0.216658,0.226810,0.278544,0.187217,0.208145,0.146404,0.117213,0.370608,0.199990,0.068346,0.280442,0.284221,0.082014,0.307342,0.253711,0.311454,0.138185,0.197407,0.089546,0.308850,0.294634,0.172204,0.088136,0.279362,0.186331,0.097848,0.175848,0.074294,0.134621,0.320567,0.118279,0.125815,0.103079,0.226914,0.205058,0.204590,0.136534,0.264404,0.287100,0.279384,0.091661,0.160793,0.117318,0.160370,0.364012,0.115325,0.292225,0.197621,0.264388,0.434135,0.146118,0.178062,0.240816,0.083017,0.192050,-0.092974,0.126502,0.056613,0.262751,0.121232,0.096623,0.284586,0.237500,0.299843,0.136252,0.052816,0.235465,0.226340,0.099357,0.119056,0.293290,0.250958,0.286294,0.055778,0.203221,0.274848,0.002430,0.182520,0.243958,0.223074,0.223989,0.209351,0.225901,0.323130,0.174880,0.290174,0.149360,0.019671,0.328043,0.362435,0.134148,0.136297,0.136844,0.183292,0.223662,-0.018661,0.238201,0.256104,#
13,0.158151,0.306201,0.167432,0.167083,0.196857,0.121508,0.178254,0.224732,0.163602,0.153261,0.248691,0.108324,0.099868,1.000000,0.187627,0.211094,0.055152,0.078190,0.117117,0.150537,0.087566,0.220448,0.170147,0.037789,0.323301,0.255673,0.163540,0.227745,0.155997,-0.005565,0.145327,0.097242,0.231104,0.130095,0.008337,0.106727,0.101399,0.215899,0.054466,0.071220,0.145430,0.114550,0.297573,0.089794,0.156593,0.105321,0.308398,0.235571,0.288648,0.124841,0.237932,0.143235,0.195116,0.106246,0.200931,0.385901,0.176430,0.218825,0.196853,0.251077,0.218446,0.173828,0.289510,0.204706,0.108134,0.090860,0.305409,0.105352,0.360952,0.274376,0.103096,0.170393,0.275382,0.120856,0.223696,0.002264,0.191789,0.209474,0.233462,0.157346,0.230387,0.309994,0.240660,0.300967,0.297486,0.169652,0.343937,0.165998,0.199744,0.326773,0.210118,0.192253,0.174401,0.082136,0.178124,0.197386,0.095748,0.023725,0.131795,0.141687,0.388182,0.164179,0.175525,0.052919,0.168544,0.234099,0.204547,0.161213,0.153489,0.141130,0.179482,0.128227,0.257656,0.214924,0.196342,0.086817,0.221922,0.155426,0.219216,0.192708,0.241537,0.306948,0.042938,0.159934,0.094511,0.168641,0.082842,0.168215,0.322922,0.170953,0.205007,0.091608,0.114355,0.188893,0.286812,0.151088,0.215016,0.232878,0.330406,0.218635,0.204066,0.163446,0.145950,0.172346,0.274983,0.306323,0.247922,0.110004,-0.052663,0.244476,0.276566,0.075725,0.254999,0.208386,0.292358,0.144326,0.096024,0.176268,0.178779,0.032269,0.089401,0.282489,0.051558,0.270641,0.195893,0.284115,0.023674,0.181670,0.287123,0.302212,0.265485,0.246712,0.242020,0.198282,0.211963,0.168407,0.108733,0.136972,0.273067,0.035178,0.194988,0.086310,0.131522,0.240685,0.025286,0.279120,0.170485,0.321740,0.246336,0.231440,0.076702,0.182185,0.185619,0.118412,0.162646,0.250416,0.208803,0.147345,0.232895,0.276048,#
14,0.338481,0.137018,0.231469,0.128869,0.063240,0.256906,0.067288,0.053301,0.233734,0.218406,0.156560,0.074920,0.204279,0.187627,1.000000,0.273202,0.062792,0.195046,0.240878,0.211434,0.097879,0.073405,0.274150,0.253948,0.249417,0.143196,0.146658,0.105430,0.247643,0.042088,0.105602,0.027087,0.150356,0.077492,0.171997,0.266034,0.210566,0.277814,0.263858,0.261295,0.264789,0.212142,0.284325,0.182964,0.138766,0.241726,0.317040,0.228008,0.196110,0.048564,0.347550,0.135042,0.063663,0.147674,0.263682,0.194032,0.196527,0.233615,0.120608,0.189744,0.211780,0.306248,0.135777,0.263589,0.248745,0.150875,0.162662,0.174134,0.190437,0.156200,0.091898,0.220969,0.015309,0.347637,-0.076287,-0.023414,0.069703,0.180842,0.076758,0.172061,0.242547,-0.004866,0.259274,0.265195,0.134794,0.269412,0.092939,0.115538,0.202154,0.170768,0.243277,0.114732,0.181748,0.246499,0.176758,0.038575,0.189527,0.118559,0.300803,0.102115,0.108117,0.205344,0.169764,0.137202,0.103142,0.115750,0.304160,0.351038,0.153854,0.139034,0.033985,0.100339,0.236663,0.030248,0.138818,0.197719,0.075006,0.279265,0.226838,0.140770,0.244735,0.159904,0.172417,0.153188,0.067693,0.153291,0.021300,0.067171,0.011596,0.196815,-0.033267,0.270149,0.222729,0.024591,0.033408,0.086224,0.225340,0.166480,0.151297,0.155960,0.296125,0.278008,0.252210,0.088962,0.132764,0.104966,0.179973,-0.042288,0.109773,0.146381,0.182368,0.021151,0.122163,0.212102,0.090287,-0.009623,0.173062,0.146058,0.143979,-0.048466,0.157066,0.197387,0.022147,0.082948,0.243176,0.113016,0.185163,0.189147,0.094961,0.160653,0.269145,0.133573,0.237060,0.323030,0.250027,0.065448,0.270790,0.209591,0.221371,0.276597,0.240690,0.332955,0.110549,0.180559,0.164899,0.194732,0.132717,0.247776,0.056010,-0.021886,0.214760,0.139609,0.132145,0.323268,0.133932,-0.009706,0.032852,0.109562,0.251296,0.294251,#
15,0.189631,0.113051,0.133179,0.076933,0.085633,0.277143,0.077659,0.151673,0.119677,0.280257,0.072824,0.253905,0.198791,0.211094,0.273202,1.000000,0.099469,0.341218,0.199478,0.061812,-0.029841,0.158490,0.200525,0.258892,0.303550,0.102484,0.145513,0.217904,0.207200,-0.028804,0.189178,0.229282,0.195725,0.185874,0.137706,0.081722,0.237734,0.276909,0.217026,0.229698,0.359893,0.202982,0.207511,0.151571,0.313274,0.182150,0.213241,0.241581,0.132684,0.142548,0.331744,0.095644,0.186305,0.179096,0.196416,0.076925,0.183833,0.301745,0.167426,0.262887,0.141606,0.203362,0.061363,0.141432,0.104401,0.105524,0.381658,0.307830,0.197580,0.140492,0.058120,0.369657,0.081544,0.196433,0.302548,0.181456,0.122538,0.269524,0.215761,0.089809,0.414563,0.119080,0.162222,0.200577,0.115698,0.272495,0.326167,0.027940,0.278596,0.222853,0.234455,0.047079,0.183004,0.380694,0.204606,0.168308,0.184503,0.134132,0.313268,0.178958,0.328488,0.236865,0.287217,0.221527,0.233929,0.084872,0.138219,0.107975,0.161104,0.296343,0.137201,0.196715,0.151102,0.079044,0.086520,0.331154,0.291583,0.193354,0.205440,0.253793,0.210898,0.274753,0.073589,0.266366,0.016246,0.151301,0.107686,0.151087,0.211888,0.076831,0.043034,0.330642,0.050963,0.190871,0.235219,0.226029,0.209345,0.003940,0.175761,0.110908,0.230941,0.229203,0.323578,0.136238,0.281347,0.204086,0.431006,0.030102,0.128737,0.260454,0.348021,0.111840,0.194546,0.438418,0.096804,0.316919,0.108027,0.194197,0.273210,0.130464,0.105951,0.153015,0.027057,0.218187,0.281141,0.205927,0.108636,0.101569,0.197641,0.311126,0.153359,0.149251,0.213720,0.188626,0.247325,0.074795,0.272212,0.160138,0.033061,0.252380,0.175875,0.253602,0.066711,0.113383,0.186265,0.292477,0.159494,0.218216,0.155969,0.052700,-0.010313,0.410611,0.059597,0.265781,0.103520,0.128493,0.108933,0.114975,0.023126,0.220402,#
16,0.299372,0.092101,0.175278,0.055788,0.096725,0.302168,0.156519,0.085476,0.125719,0.130307,0.174083,0.223656,0.117981,0.055152,0.062792,0.099469,1.000000,0.272161,0.047531,-0.049897,0.416831,0.139363,0.402770,0.113748,0.160998,0.163825,0.067652,0.041096,0.051816,0.039866,0.132430,0.340232,0.058201,0.139187,0.008585,0.125456,0.197128,0.084145,0.116548,0.261493,0.010157,0.216618,0.084996,0.220416,0.107764,0.154299,0.229568,0.166901,0.242364,0.063944,-0.049841,0.176295,0.315522,0.152017,0.129879,0.144737,-0.019681,0.221269,0.182540,-0.017478,0.091064,0.327698,0.076086,0.213089,0.259579,0.144605,0.196238,0.252313,-0.005392,0.254834,0.104412,0.220621,0.150046,0.142582,0.224177,0.366698,0.114120,0.122570,0.267795,0.094897,0.098472,0.089543,0.097312,0.081218,0.116246,0.308165,0.356960,0.137854,0.179448,0.111027,0.155542,0.140384,0.074806,0.052250,0.116165,0.169835,0.085736,0.008034,0.318408,0.117755,0.204981,0.131227,0.008558,0.129493,0.059358,0.167263,0.125051,0.020482,0.070977,0.078356,0.153149,0.134260,0.193756,0.117386,0.198634,0.312529,0.195126,0.055361,0.076171,0.107963,0.066525,0.084607,0.255227,0.055240,0.119852,0.043102,0.031819,0.020839,0.117598,0.179948,-0.018990,0.195014,0.135665,0.060129,0.232357,0.219319,-0.010314,0.148186,0.135840,0.315757,-0.007229,0.158452,-0.035453,0.253323,0.102914,0.115794,0.080886,0.005941,0.069389,-0.058489,0.195127,0.072218,0.152514,0.066821,0.163648,0.168166,0.076504,0.030045,0.197369,0.091730,0.027882,0.252746,0.206181,0.214117,0.058044,0.089812,0.080141,0.175489,0.165001,0.062738,-0.014411,-0.081926,0.222005,0.061899,0.093843,0.213761,0.107382,0.094089,0.112172,0.056389,0.068983,0.183452,0.110749,-0.111171,-0.023461,0.039573,0.266378,0.178649,0.134946,0.064009,0.139615,-0.019348,-0.009570,0.090082,0.246657,0.202201,-0.024169,0.070373,0.028039,0.239438,#
17,0.435111,0.250490,0.239116,0.228581,0.165980,0.322058,0.166290,0.297375,-0.000119,0.190692,0.148688,0.325996,0.219378,0.078190,0.195046,0.341218,0.272161,1.000000,0.177801,0.234490,0.222441,0.339518,0.397679,0.405268,0.352219,0.178227,0.054308,0.173220,0.299596,0.168007,0.259113,0.395241,0.432942,0.241016,0.071570,0.135322,0.269697,0.460049,0.199098,0.056829,0.204235,0.183981,0.201904,0.292396,0.177361,0.291847,0.304944,0.231255,0.446864,0.303133,0.290955,0.081161,0.077557,0.301079,0.223732,0.173017,0.308580,0.462490,0.201010,0.308025,0.204561,0.272050,0.126808,0.261027,0.211762,0.255263,0.353860,0.380539,0.253249,0.396995,0.363712,0.263974,0.324014,0.336549,0.311029,0.341483,0.243198,0.350171,0.208584,0.235070,0.345473,0.285818,0.465569,0.290884,0.273625,0.304782,0.312800,0.237541,0.395669,0.340901,0.278940,0.186934,0.221053,0.222286,0.197375,0.166063,0.187979,0.325813,0.278261,0.283899,0.319131,0.238147,0.178336,0.298508,0.220164,0.277850,0.191927,0.427275,0.051542,0.064589,0.190209,0.118948,0.172914,0.262686,0.049825,0.325638,0.266322,0.198231,0.283689,0.311383,0.201866,0.132762,0.165264,0.243014,0.273602,0.333550,0.225697,0.235535,0.115053,0.200565,0.047767,0.293611,0.290146,0.352369,0.285448,0.215849,0.337740,0.067588,0.263645,0.409878,0.287825,0.343216,0.169860,0.227158,0.392574,0.282248,0.191987,0.094959,0.297318,0.080881,0.431939,0.136842,0.200357,0.377481,0.228160,0.260049,0.163697,0.248006,0.418933,0.263524,0.352630,0.284893,0.118919,0.174441,0.387263,0.244000,0.098176,0.296127,0.187132,0.214505,0.430720,0.243055,0.200147,0.359882,0.329630,0.103145,0.360109,0.268354,0.124190,0.286700,0.261934,0.525574,0.202541,0.008856,0.143632,0.300922,0.343770,0.361402,0.305626,0.188892,0.189435,0.373389,-0.020686,0.150875,0.334901,0.295504,0.348063,0.138618,0.173248,0.333308,#
18,0.211305,0.290809,0.242542,0.129158,0.244674,0.300671,0.175560,0.160843,-0.014514,0.144839,0.298176,0.110649,0.292394,0.117117,0.240878,0.199478,0.047531,0.177801,1.000000,0.247054,0.046978,0.128530,0.037083,0.278216,0.252481,0.299965,0.266403,0.186922,0.334773,0.026580,0.192364,0.204531,0.390029,0.059189,0.158964,0.227191,0.282388,0.177892,0.117202,0.163476,0.239224,0.088300,0.198959,0.135741,0.158907,0.152598,0.183325,0.212059,0.154618,0.129361,0.287979,-0.008382,0.155947,0.366285,0.130862,0.017805,0.198481,0.342045,0.135185,0.083544,0.150332,0.241814,0.142484,0.350431,0.077242,0.305009,0.258590,0.212603,0.074207,-0.018084,0.097719,0.214199,0.091741,0.238764,0.212287,0.028329,0.034061,0.156298,0.285306,0.316575,0.374359,0.121645,0.200037,0.190765,0.141668,0.096623,0.249878,0.132553,0.215530,0.153815,0.261064,0.101321,0.130626,0.065474,0.183077,0.047181,0.281508,0.108820,0.192621,0.244404,0.116533,0.372032,0.259493,0.213840,0.250880,0.121155,0.121656,0.190660,0.097146,0.187198,0.254578,0.292419,0.105390,0.290175,0.105382,0.084042,0.162476,0.183875,0.289615,0.120894,0.030880,0.265651,0.168908,0.106803,0.104357,0.239230,0.076162,0.176398,0.170530,0.194017,0.173360,0.148334,0.164439,0.057927,0.258098,0.101173,0.139324,0.239806,0.197653,0.332716,0.311539,0.013295,0.074112,0.146197,0.227612,0.194045,0.117244,-0.057853,0.146214,0.144738,0.138693,0.178193,0.286941,0.185136,0.148660,0.207616,0.311427,0.236527,0.114959,0.132965,0.172838,0.218982,0.118913,0.192396,0.189295,0.205036,0.209478,0.215936,0.217313,0.226275,0.013715,0.139980,0.262027,0.159319,0.231886,-0.020664,0.185789,0.360802,0.461670,0.206374,0.152320,0.285951,0.185464,0.076207,0.393338,0.346984,0.180438,0.361393,0.215244,0.120643,0.302895,0.169597,0.068088,0.257436,0.191115,0.183266,0.200770,0.160995,0.184509,0.362817,#
19,0.187006,0.155694,0.160242,0.119051,0.264208,0.070221,0.205070,0.262299,0.202271,0.279409,0.197443,-0.020899,0.219515,0.150537,0.211434,0.061812,-0.049897,0.234490,0.247054,1.000000,-0.042911,0.214554,0.219914,0.279252,0.182629,0.191445,0.084431,0.137508,0.230560,0.204536,0.082814,0.158691,0.224312,0.052551,0.189677,0.221578,-0.012944,0.178822,0.349071,0.169643,0.136467,0.081278,0.181000,0.017420,0.211227,0.297705,0.302991,0.311727,0.295569,0.201287,0.154223,0.111174,0.040647,0.342053,0.192874,0.170068,0.197782,0.268546,0.084525,0.218030,0.133376,0.136755,0.165514,0.157536,0.124497,0.179248,0.082083,0.227135,0.168605,0.160899,0.214397,0.188066,0.255495,0.060676,0.178723,0.016663,0.249684,0.285519,0.206677,0.127125,0.243998,0.148987,0.280566,0.067522,0.296533,0.196384,0.213331,0.102543,0.275865,0.258356,0.113631,0.239265,0.168785,0.111623,0.130371,0.198038,0.200096,0.210772,0.076392,0.127693,0.206464,0.172511,0.210913,0.146165,0.162588,0.080435,0.302441,0.398078,0.063480,-0.049359,0.243089,0.210015,0.232597,0.238034,0.199403,0.132898,0.192758,0.321547,0.253247,0.159222,0.205282,0.326025,0.143575,0.106267,0.329107,0.230714,0.088259,0.163854,-0.046532,0.121708,0.114884,0.058244,0.252157,0.203875,0.168583,0.178549,0.211923,0.152433,0.179769,0.335807,0.265301,0.124024,0.117728,0.125552,0.246798,0.128922,0.170669,0.285952,0.309214,0.042764,0.181328,0.153978,0.219828,0.219470,0.034570,0.178886,0.230778,0.179100,0.192392,-0.039407,0.148727,0.148600,0.187579,0.180062,0.162215,0.207634,0.103485,0.163284,0.073471,0.188632,0.346172,0.145923,0.214108,0.139189,0.194353,0.045460,0.095239,0.236446,0.014656,0.184427,0.132643,0.288142,0.043150,0.183786,0.170772,0.199176,0.211085,0.349995,0.152705,0.019318,0.273742,0.186395,0.139036,0.323441,0.150269,0.233296,0.192826,0.214374,0.318530,0.365358,#
20,0.316058,0.148537,0.161574,0.023615,0.118796,0.304675,0.172014,0.159973,0.170040,0.123344,0.154144,0.191747,0.230856,0.087566,0.097879,-0.029841,0.416831,0.222441,0.046978,-0.042911,1.000000,0.162413,0.238886,0.184627,0.201900,0.092919,0.049544,0.243660,0.109134,0.165181,0.114895,0.168806,0.199455,0.086543,0.216366,0.051789,0.132216,0.116623,0.072031,0.198088,0.041411,0.295392,0.185007,0.210115,0.082577,0.329204,0.161438,0.176172,0.295932,0.107816,0.086471,0.226321,0.367590,0.187764,0.139809,0.049879,0.176337,0.181889,0.029963,0.225576,0.185959,0.044860,0.191123,0.266025,0.313153,0.020492,0.160948,0.147395,0.172949,0.203135,0.186997,0.123146,0.373634,0.300261,0.132204,0.184983,0.223422,0.035674,0.014794,0.269577,0.081626,0.044361,0.330015,0.132456,0.043325,0.272902,0.289933,0.221991,0.225004,0.232311,0.172128,0.359404,0.118541,0.159128,0.062600,0.076121,0.118300,0.080197,0.108057,0.044384,0.093336,0.158594,0.084475,0.190071,-0.028546,0.196796,0.162492,0.048939,0.047722,0.204445,0.235229,-0.012756,0.241133,0.235884,0.142779,0.241250,0.332282,0.075420,0.040880,0.027341,0.022080,0.080845,0.245931,0.115933,0.213026,0.166291,0.215128,0.312159,0.100739,0.258264,-0.011718,0.259675,0.055185,0.013372,0.217391,0.174449,0.097777,0.330967,0.210062,0.356990,0.161651,0.258051,-0.125893,0.153545,0.234722,0.031681,0.145434,0.067643,0.033490,0.120340,0.140143,0.221294,0.094045,0.020320,0.228014,0.176742,-0.062619,-0.012714,0.138518,0.049017,0.122334,0.162569,0.103751,0.088082,0.279198,0.114672,0.005141,0.212267,0.176019,0.110593,0.116503,0.059136,0.093900,0.279365,0.139811,0.224656,-0.002107,0.050301,0.301334,0.249340,0.170012,0.182434,0.136092,0.162310,0.123889,0.168187,0.084677,0.189549,0.203310,0.064902,0.297909,0.091874,0.108160,0.125597,0.222798,0.237833,0.088394,0.108785,0.021593,0.171083,#
21,0.375229,0.304171,0.324110,0.215633,0.297351,0.383189,0.243646,0.243838,0.108597,0.261256,0.145506,0.244408,0.099754,0.220448,0.073405,0.158490,0.139363,0.339518,0.128530,0.214554,0.162413,1.000000,0.220606,0.386539,0.347073,0.186501,0.224316,0.289945,0.248766,0.151265,0.267366,0.306225,0.257495,0.289908,0.188229,0.235267,0.278586,0.291809,0.265549,0.141136,0.235788,0.319367,0.080363,0.189672,0.306971,0.214629,0.367349,0.286866,0.218412,0.305126,0.314564,0.068673,0.310979,0.291996,0.311565,0.175601,0.283654,0.331393,0.259955,0.197268,0.164730,0.247442,0.296997,0.230123,0.331942,0.182766,0.286470,0.289153,0.292200,0.364598,0.427797,0.143863,0.303124,0.228574,0.283602,0.139920,0.261761,0.175424,0.183220,0.213989,0.383555,0.268281,0.180585,0.154459,0.281482,0.243840,0.261512,0.232088,0.329564,0.302759,0.171457,0.190819,0.209393,0.158342,0.311670,0.303960,0.132204,0.279697,0.291419,0.250862,0.360223,0.221648,0.164990,0.324863,0.265196,0.327155,0.104730,0.279589,0.152012,0.138177,0.242650,0.240289,0.397442,0.260321,0.114365,0.245564,0.358389,0.115603,0.378872,0.332291,0.216346,0.283391,0.094205,0.343709,0.201292,0.332160,0.183077,0.284454,0.146685,0.148494,0.294217,0.103980,0.263643,0.242111,0.202924,0.186898,0.260018,0.162755,0.276916,0.380070,0.165726,0.297725,0.216766,0.203486,0.242481,0.208875,0.282319,0.251606,0.229759,0.151935,0.287757,0.212686,0.277374,0.338834,0.196220,0.202911,0.217243,0.277284,0.166446,0.214712,0.377920,0.109180,0.057162,0.247292,0.336341,0.150537,-0.080843,0.327778,0.166278,0.259810,0.261128,0.141822,0.324314,0.273105,0.186688,0.125533,0.270645,0.187734,0.303236,0.222536,0.183916,0.314863,0.120227,0.158723,0.157416,0.259430,0.268484,0.300208,0.414562,0.133767,0.285115,0.243388,0.182841,0.056069,0.350113,0.312817,0.282023,0.174437,0.105050,0.315549,#
