0,1.000000,0.016298,-0.061205,-0.014618,0.086598,0.128952,0.089471,-0.087137,0.017632,-0.047406,0.119353,-0.078613,-0.045964,-0.134932,0.129352,0.298995,0.147415,0.224692,0.112099,0.144252,-0.056214,-0.068517,0.190109,0.302908,0.005620,-0.061033,0.065189,-0.172076,-0.054186,0.082491,-0.022725,0.231737,0.027136,0.174747,0.273670,0.027716,-0.064006,0.037637,0.155501,0.098159,0.079251,0.017339,0.167387,-0.153089,0.097098,0.013291,-0.021063,0.221361,0.145038,0.217552,-0.026839,0.052980,0.030806,0.092005,0.237301,0.086054,0.189787,0.108631,0.036448,0.013243,0.116133,0.167169,0.155997,0.007600,-0.036427,-0.021698,0.074421,0.088198,-0.025746,0.027281,0.059235,-0.041387,0.029510,0.218193,0.004935,-0.153607,0.215487,0.090038,-0.015958,0.085204,-0.025378,-0.016288,0.015903,0.120337,0.185528,0.053455,0.170766,0.116010,0.193041,0.213161,-0.005294,-0.053291,0.139520,-0.075263,-0.119637,0.093268,0.051367,-0.076416,0.011393,0.190274,0.128386,0.056313,0.020556,0.063810,0.011892,0.099470,0.188149,0.113937,0.170301,-0.114077,-0.073867,0.127935,-0.081673,0.037936,0.135024,0.048559,0.017235,-0.126720,0.121858,0.098228,0.025407,0.011587,0.142521,0.074469,0.145068,0.146127,0.114417,-0.093393,0.020053,0.158565,0.083884,0.031611,-0.116897,-0.056379,0.021797,0.118405,0.027514,-0.034916,-0.186220,0.080975,0.213427,0.003552,-0.048317,0.096549,-0.003097,-0.145377,0.100372,-0.024299,0.054692,-0.070273,-0.093197,0.027822,0.034151,-0.082132,-0.055771,0.219946,0.187641,0.115587,0.087833,0.045452,0.164094,0.101166,0.087890,-0.105230,0.054517,0.277799,-0.055390,0.233394,0.184449,0.024149,-0.089722,-0.127344,0.110667,0.023249,-0.016207,0.126516,0.235772,0.106305,0.081778,0.020126,0.125322,0.085394,0.141994,0.018996,0.098381,-0.139828,0.021432,0.239531,0.111279,-0.098427,-0.161247,0.114892,-0.106135,0.099243,0.098481,0.170932,-0.025169,0.120561,0.028580,0.094517,#
1,0.016298,1.000000,-0.008831,0.014917,-0.028485,-0.004730,0.123986,0.082591,0.201807,0.037472,0.150246,0.193131,0.044174,-0.172741,-0.031298,-0.019432,0.017028,0.052444,-0.090567,0.010436,-0.143526,0.137284,0.020752,-0.147474,0.034117,-0.024696,-0.047906,0.089256,-0.205026,0.008589,0.078600,-0.002591,-0.095953,0.050790,-0.093746,0.087751,0.078720,-0.000012,0.129845,-0.000656,-0.037386,-0.115645,0.120674,0.037623,-0.037625,-0.064338,0.286146,-0.006835,0.077998,-0.042785,0.035578,-0.050556,0.109836,0.056311,0.073966,0.020313,0.040446,-0.131640,-0.175788,0.000157,-0.005595,0.036589,0.092717,-0.072299,-0.138324,0.134893,0.037868,0.141031,0.075970,0.074624,0.092255,0.080339,0.188659,-0.089185,0.096630,0.028554,0.060406,-0.012861,0.154819,0.011018,0.045448,0.082315,-0.092537,0.071756,0.156113,-0.070749,0.087477,0.164916,0.073650,-0.043439,0.011459,0.004005,-0.159064,-0.000922,0.023460,0.055120,-0.029614,-0.043111,-0.034038,0.049379,0.117921,0.048591,-0.006212,-0.071249,-0.085540,0.060768,0.129792,0.124311,0.129784,0.061689,-0.080770,0.040351,-0.046941,0.024934,0.025048,0.210562,0.129749,-0.057245,-0.031942,-0.102114,-0.156841,0.087949,0.089349,0.104103,0.027998,0.031142,0.059398,0.083487,0.096986,0.128797,-0.059250,0.133881,-0.028412,-0.014806,0.029709,0.071841,0.152686,0.128761,0.069570,0.190414,0.148656,-0.025962,0.060816,0.226171,0.239475,-0.045026,-0.051749,-0.021257,-0.014059,-0.124232,0.082744,0.024727,-0.053771,-0.146751,0.193572,0.095177,-0.081393,0.054449,-0.259795,-0.182209,-0.102506,0.113134,0.090871,0.161993,0.072751,-0.059144,-0.057732,-0.111731,-0.068929,0.111462,0.048580,0.113047,0.040678,0.005114,-0.017031,0.112496,0.033018,0.075595,0.024977,-0.043145,0.076254,-0.081419,0.058960,-0.034752,0.103235,0.084667,-0.022469,-0.175635,0.141710,0.105037,0.151445,0.083602,-0.150617,0.035504,0.038642,-0.033078,-0.038844,0.151516,-0.094546,0.206928,#
2,-0.061205,-0.008831,1.000000,0.029878,0.214298,0.071543,0.148818,0.031861,0.040442,0.067612,0.163965,0.170962,-0.007964,0.145452,-0.119856,0.078668,-0.082763,0.005468,0.092216,0.069369,0.177280,0.100512,-0.071276,-0.023797,0.009442,0.167935,0.150432,-0.055981,-0.168665,0.002048,-0.019839,0.026795,0.067167,-0.005697,0.086321,0.043755,0.079621,-0.026269,0.056014,-0.153720,0.000521,-0.005392,0.101800,-0.017026,0.104749,0.063840,0.048345,-0.037183,-0.053310,-0.007466,0.029245,0.176136,0.068255,-0.036969,0.101709,0.026416,0.105360,-0.066572,0.254178,0.168972,0.309565,0.053669,-0.031022,0.121811,0.099157,0.097933,0.011217,0.070851,0.057345,-0.037256,0.049444,0.192615,-0.121063,0.100820,0.202473,0.013863,0.040422,0.067989,0.022234,0.062318,0.092758,-0.097437,0.044832,-0.151259,0.123847,0.082783,0.041264,0.104794,-0.048892,-0.067873,0.014423,0.115993,0.072550,0.155473,-0.071610,0.114505,0.020331,0.010571,0.088734,0.037890,0.107685,0.102283,-0.047276,0.134070,-0.047742,0.152885,0.082956,0.139916,0.112295,0.039856,0.156809,0.090726,0.182852,0.034018,-0.003029,0.124032,0.033426,-0.067733,-0.138893,0.124031,-0.095686,-0.135557,-0.014781,0.056448,0.044071,-0.052205,0.156476,0.027736,0.134277,0.054458,-0.095140,0.124286,0.041951,0.163352,0.100707,-0.137278,0.103857,0.054876,0.098470,-0.039141,0.081946,0.130750,-0.041569,0.000174,0.211897,-0.120256,-0.147817,-0.103648,0.094621,-0.004045,0.065623,0.074466,0.197561,0.113267,-0.173899,0.032215,0.060238,-0.086356,0.038622,0.075624,-0.118112,0.104145,0.155815,0.188568,-0.015339,0.216277,-0.034030,-0.080558,-0.031303,0.107370,-0.099717,0.214620,0.138525,-0.055169,0.076713,-0.034436,0.040501,-0.001136,-0.091775,0.009286,0.085716,0.207925,-0.118606,0.121428,0.068399,0.074267,0.104821,0.012438,0.042117,-0.023048,0.014224,0.068572,0.134170,0.146263,0.083785,0.057629,-0.116567,-0.023235,0.076747,0.104142,#
3,-0.014618,0.014917,0.029878,1.000000,0.083073,-0.037481,0.044197,0.000976,0.265474,0.072199,0.111769,0.029330,-0.009906,-0.028236,0.105705,0.002020,0.014119,0.116761,0.192119,0.104973,0.103360,0.106236,0.209582,0.191128,0.049055,0.136494,0.134732,0.013410,0.105071,0.122067,0.068087,0.068647,0.318526,0.153097,-0.062875,0.107068,0.082510,0.214519,0.232349,0.073556,-0.038781,0.195185,0.169919,0.147697,-0.010515,0.122608,-0.043236,0.122823,-0.071571,-0.010889,0.042814,0.074716,0.176436,-0.074940,0.090510,0.126873,0.159509,-0.019419,0.010753,0.138615,0.208917,0.000179,-0.000332,-0.070094,0.261476,-0.024898,-0.022616,-0.147176,-0.102492,0.196513,0.029034,0.102138,0.147051,-0.044953,0.047291,0.036294,0.024864,0.086213,-0.040230,-0.148031,0.134656,0.139470,0.202252,0.000944,0.177550,0.017164,-0.027521,0.038850,0.105368,0.058091,0.227227,0.136810,-0.000845,0.026207,0.037736,0.068830,0.068309,-0.142166,0.152798,-0.006425,0.109482,0.029348,0.006585,-0.040001,0.259198,-0.016862,0.230383,0.173849,-0.019484,0.057362,0.089003,-0.069779,0.069302,0.008283,0.009597,0.055118,0.028859,0.147845,0.001268,0.033537,-0.001130,0.005851,0.057017,0.041914,-0.027759,0.098832,0.162876,0.213903,-0.015496,-0.026133,0.169213,0.133796,0.039000,0.111359,0.011538,0.128287,0.002372,0.001475,0.071100,0.075301,-0.017813,0.257954,0.127999,-0.075084,0.052632,0.013036,0.163271,0.294581,0.008521,0.168385,-0.027788,-0.067534,-0.016912,0.072268,0.162324,-0.032880,-0.079845,0.071607,0.226840,0.055654,0.012143,0.037422,0.056070,0.228215,0.061552,0.050065,0.031239,0.071856,-0.078821,0.076916,0.075178,-0.112211,0.011704,-0.108678,0.017053,0.109923,0.114239,0.021637,-0.057811,0.148460,-0.014067,0.276960,0.098701,-0.173679,-0.106671,-0.044266,0.052151,0.011379,0.111217,0.131771,0.153552,0.098690,0.119948,-0.007540,0.106635,0.088640,0.149775,-0.007771,0.002932,-0.014351,#
4,0.086598,-0.028485,0.214298,0.083073,1.000000,0.180763,-0.016791,0.090864,0.191000,0.166900,-0.032219,0.089290,0.094454,0.052403,0.111023,0.139638,-0.009621,0.105710,0.087220,0.289369,0.323371,0.050987,0.181350,0.198139,-0.099688,0.163307,0.069533,-0.128872,0.147912,0.046779,0.106259,0.099714,0.207871,0.135904,0.021733,0.139024,0.315699,0.042842,0.200274,0.086901,0.037301,0.213359,0.085894,0.067074,0.194417,0.148958,0.244773,0.146502,0.023154,0.022033,-0.005663,0.129476,0.143053,0.160835,0.343006,0.191258,0.129332,0.092129,0.212206,0.156932,0.137408,0.195401,0.082796,-0.056241,0.062404,0.008851,-0.016244,0.138299,-0.015101,0.122170,0.221215,0.177826,0.159156,0.128845,0.106853,0.003245,0.065600,0.188122,0.096087,0.188041,0.125880,0.191897,0.063966,0.011391,0.329049,0.129559,0.090914,0.130045,0.106670,0.073388,0.286547,-0.052614,0.166804,0.041797,0.178598,0.165342,0.052399,0.044204,0.015804,0.088031,0.086623,0.090268,0.139691,0.113527,0.043526,0.254459,0.031421,0.151344,0.204231,0.237299,0.111757,0.220245,0.256766,0.207340,0.086933,0.026129,0.217746,0.084109,-0.001849,0.106893,-0.085663,0.059239,0.104511,0.017982,0.180993,-0.053946,0.211488,0.147741,0.273524,0.149788,0.169532,0.017675,0.120708,0.274035,0.170910,0.087562,0.030215,-0.015504,0.142139,0.021092,0.092592,0.090955,0.159695,-0.014085,0.202503,0.139553,0.112609,0.169605,0.018514,0.127803,0.019678,0.174996,0.135147,0.298726,0.248614,0.059412,0.244256,0.071413,-0.070950,0.139612,0.140574,0.061790,0.059750,-0.044747,-0.160924,0.103427,-0.055928,0.108100,0.008658,0.136712,-0.081650,0.060919,0.381901,0.152082,0.214758,0.170214,0.183271,0.163987,0.080081,0.191055,0.002073,0.037247,0.130380,0.028276,0.203095,0.153490,-0.168298,0.178265,0.134125,0.273091,-0.095148,0.153534,0.022785,0.097061,0.122274,0.159035,0.208339,-0.018482,0.179298,0.315443,#
5,0.128952,-0.004730,0.071543,-0.037481,0.180763,1.000000,-0.024313,0.177298,0.118267,0.159133,0.190026,0.084993,0.090720,-0.034312,0.063171,0.143424,-0.025021,0.143239,-0.179374,0.258901,-0.018006,-0.033437,0.192315,0.127592,0.115420,0.027000,0.172419,0.090263,0.129978,0.081362,0.235835,0.149088,0.240137,0.206816,0.004386,0.181854,0.114102,0.013897,0.116593,0.074961,0.211530,0.051082,0.033694,0.127013,0.145525,0.145641,0.209542,0.091633,0.207618,-0.015398,0.105947,0.148248,0.013580,0.012224,0.083128,0.204164,0.191420,-0.038927,0.367454,0.140996,0.078288,0.207362,0.148091,0.076357,0.238448,0.095316,-0.035809,0.128239,0.150910,-0.215650,0.163991,0.091891,0.192922,0.163027,0.077161,0.138173,0.169647,0.180339,0.132724,0.081309,0.212860,0.071196,0.175736,0.025227,0.024578,0.065796,0.115391,0.204353,0.116331,-0.110573,-0.008889,0.125415,0.273311,0.273153,0.009183,0.169784,-0.038835,0.146915,0.205624,0.207405,0.075060,0.164960,-0.077089,0.151716,0.044331,0.284089,0.240127,0.208017,0.154942,0.090373,-0.045819,0.220420,0.006209,0.037193,0.096560,0.040328,0.114693,0.100546,-0.052868,0.102012,-0.130366,0.129274,0.057672,0.083533,-0.086039,-0.003428,0.210160,-0.036256,0.108585,0.087817,0.237150,0.118395,0.213980,0.259595,0.161679,0.187722,0.117920,0.129325,0.042353,-0.113583,0.079247,0.072455,0.150575,0.114892,0.187074,-0.015706,0.037692,0.063847,0.052317,0.004740,0.191769,0.039393,0.199990,0.120815,-0.018015,0.121273,0.182245,0.087600,0.128996,0.045603,0.178482,0.048579,0.162330,0.138134,0.069863,0.148399,-0.113801,0.276693,0.208730,0.140269,0.293272,0.079106,0.196245,0.071134,0.049674,0.096561,0.158597,0.130438,0.117261,0.188994,0.237649,0.051402,0.268208,0.109426,0.091419,0.086546,0.089151,0.112901,0.055745,0.003216,-0.005179,0.185944,0.044619,0.039285,0.111882,0.043739,0.024235,0.105540,0.156354,0.267482,#
6,0.089471,0.123986,0.148818,0.044197,-0.016791,-0.024313,1.000000,-0.018575,0.122238,-0.053818,0.002901,0.016943,0.048875,0.088329,-0.066667,0.047350,-0.011055,0.066931,0.035928,-0.086097,0.091328,0.188654,-0.090061,0.010695,0.032583,-0.013813,0.040220,-0.019736,-0.049994,0.133948,0.083980,-0.004157,-0.019971,0.039176,0.024740,0.043670,-0.139869,0.043695,-0.016169,-0.004238,-0.093503,-0.105511,0.132477,-0.034061,0.188647,-0.014556,-0.002487,-0.110666,0.133472,-0.014078,-0.021058,0.030362,0.048408,0.000097,0.036335,0.052402,0.023210,-0.051255,0.100983,0.076380,0.219747,-0.128003,0.103046,-0.049726,0.151326,0.138833,0.035597,0.032783,-0.086908,-0.003041,0.063875,0.053774,-0.119049,0.240052,0.159241,0.025501,0.099334,0.004358,0.020522,-0.036131,0.045326,-0.111919,0.065877,-0.107001,-0.048632,0.154182,0.071289,0.031490,-0.073121,-0.036333,-0.020962,-0.189978,-0.084633,-0.105271,-0.079567,-0.063225,0.242740,0.005297,-0.006628,0.258743,0.037832,0.166715,0.194756,0.025896,-0.225967,0.021401,0.155928,-0.067575,0.068058,-0.017549,0.010464,0.067824,-0.124689,-0.157680,0.097294,-0.036823,0.235405,-0.046230,0.017242,-0.038617,0.109757,0.025748,-0.061809,0.107188,0.056848,0.135586,-0.055916,0.041457,-0.084172,0.036052,-0.015688,0.035211,0.074273,-0.019840,-0.008575,0.067769,0.001543,-0.123663,0.096901,0.084276,0.030228,0.120894,-0.136559,-0.116574,-0.017129,0.032816,0.033448,0.017585,0.048000,-0.193675,0.210611,-0.117222,0.026848,-0.196480,0.056857,0.010769,-0.065010,0.234311,0.022588,-0.064556,-0.146961,0.100885,0.111790,0.187700,0.024227,0.142092,-0.071067,-0.005526,-0.094593,-0.045720,0.015622,-0.046860,-0.094333,-0.061137,0.160009,0.018512,-0.036632,-0.005203,0.050510,-0.061263,0.055355,-0.056185,0.143908,-0.007745,0.101347,0.027230,-0.074601,0.034943,-0.113543,0.080735,-0.038800,0.164366,-0.161230,0.138131,-0.036513,-0.053701,0.106042,0.044681,0.088119,0.095000,#
7,-0.087137,0.082591,0.031861,0.000976,0.090864,0.177298,-0.018575,1.000000,0.302099,0.081113,0.134102,0.194044,0.040193,-0.016997,0.171358,-0.018111,0.112335,0.165044,-0.030524,-0.030873,-0.028203,0.053699,0.144584,0.114132,0.211607,0.097038,-0.011004,0.128975,-0.013325,0.021292,-0.052127,0.010952,0.087944,0.038672,-0.077936,0.067064,-0.036080,-0.060125,0.218538,0.096683,-0.050523,-0.053673,0.029403,0.187050,0.141368,0.089561,0.104733,-0.015494,-0.074636,-0.010851,0.129041,-0.019619,-0.049608,0.120201,0.081528,0.024464,0.016243,0.145269,0.083941,0.048777,0.033136,0.129887,0.017568,-0.067042,0.027206,0.154809,0.091756,0.025155,0.054850,0.278751,0.048173,-0.035419,0.351455,-0.006496,0.030773,0.034884,-0.073628,-0.016886,0.069684,0.271548,0.068110,0.051243,0.020304,-0.017767,0.070501,0.046601,0.091688,0.035981,-0.010012,0.048894,-0.084704,-0.007171,0.083125,0.037211,-0.006522,-0.150285,-0.039742,0.121249,-0.015218,0.096221,0.086975,0.028558,-0.097111,0.022108,-0.046789,0.099752,0.057945,0.059545,0.002644,0.020629,0.082274,0.035916,0.058637,-0.001037,0.284180,0.048315,0.026796,-0.172928,-0.090623,0.126274,-0.028173,0.101570,0.003988,0.097867,0.137963,-0.012605,0.191271,0.075700,0.048789,-0.032149,0.067142,0.050963,0.264287,0.019249,0.203660,0.187385,-0.192632,0.150950,-0.061689,0.003065,0.164768,0.062498,0.106336,-0.015305,0.090629,0.011581,0.108709,-0.017508,0.021050,0.132901,0.024318,0.117956,0.129071,0.056530,-0.054462,0.156967,0.096409,0.050354,0.033166,0.096572,0.108809,-0.120658,0.207861,-0.027932,-0.180355,0.230233,0.126699,-0.106876,-0.042043,-0.009065,0.135771,0.085662,0.158079,0.067820,0.167338,0.055405,-0.015263,0.018757,-0.169344,0.174472,0.254876,0.050771,0.074271,0.030116,-0.092265,0.133863,-0.116514,-0.177650,0.020352,0.230766,0.088411,0.003810,-0.037468,-0.077554,0.057566,-0.036051,-0.047773,0.052214,0.017361,0.094538,#
8,0.017632,0.201807,0.040442,0.265474,0.191000,0.118267,0.122238,0.302099,1.000000,0.191096,0.121459,0.172991,0.108852,-0.052071,0.217097,0.250020,-0.074608,0.151973,0.015991,0.058725,-0.099141,0.177050,0.205618,0.200627,-0.059177,0.186399,0.045606,0.161081,-0.026516,0.181565,-0.047622,0.105778,0.066023,0.104707,-0.055358,0.084128,0.120379,0.002919,0.112967,0.118907,0.058269,0.135841,0.160870,0.093249,0.175319,0.031078,-0.008634,0.038819,0.097229,0.106307,0.125065,0.260594,-0.000755,0.211020,0.082248,0.245229,0.145529,0.224837,-0.004420,0.297411,0.189437,0.030051,0.207527,-0.089153,0.158481,0.263440,0.095649,0.033948,0.222998,0.211261,0.188699,0.029806,0.136599,0.174781,0.180880,0.131723,0.006416,0.072430,0.094583,0.181566,0.186672,0.163212,0.058111,0.005537,0.154967,0.125253,0.014634,0.031819,-0.048725,0.219742,0.126683,0.143076,0.084471,0.040051,0.282999,0.156659,0.132374,0.007104,0.120458,0.075959,0.155422,0.038621,0.022362,0.111664,0.108123,0.078287,0.224498,0.165550,0.063913,0.150712,0.070226,0.111684,0.035045,0.015775,0.297277,0.234937,0.138943,-0.081604,0.042290,0.206266,0.059235,0.054221,0.168756,0.136394,0.084142,0.174417,0.167259,0.253909,0.019685,0.147004,0.072209,-0.035809,0.225639,0.212871,0.233625,0.204068,-0.037912,0.052055,-0.032937,0.006016,0.059812,0.151034,0.219633,0.043886,0.043116,0.020004,0.256617,0.102077,0.118564,-0.024880,0.111877,-0.041013,0.070348,0.205365,0.245955,0.269570,0.113493,0.279070,0.019690,0.129064,0.011741,0.026996,0.170524,0.133964,0.100378,0.161775,0.100341,-0.070636,0.079604,0.190935,0.096353,0.139869,0.170643,0.042457,0.289333,0.028289,0.049525,0.144748,0.060313,0.200353,0.153666,0.094173,-0.016026,0.090088,0.110815,0.178166,-0.075383,0.013661,0.174757,0.125026,0.073774,0.067035,0.095651,0.015934,0.140838,0.057904,0.107972,0.072185,0.071763,0.067686,#
9,-0.047406,0.037472,0.067612,0.072199,0.166900,0.159133,-0.053818,0.081113,0.191096,1.000000,0.185174,-0.020267,0.069218,-0.023304,0.149295,0.170359,-0.011441,-0.035212,-0.030167,0.207709,0.090479,0.043237,0.154691,0.167230,-0.100316,-0.005879,0.119489,0.079823,0.086552,0.055207,0.166888,0.040029,-0.041130,0.215165,0.222608,0.059267,-0.022417,0.066312,0.095400,-0.063565,0.181022,-0.067771,0.096908,-0.032913,0.063402,0.057090,0.051198,-0.052537,-0.128987,0.032217,-0.051687,0.041839,-0.079634,0.076715,-0.061923,0.062048,0.012543,-0.003159,0.213062,0.076675,0.136153,0.099374,0.216183,0.134631,0.050591,0.168336,-0.015707,0.021679,0.060972,-0.032986,0.290593,0.070538,0.097028,0.087257,0.035623,0.019978,-0.185501,-0.043960,0.142186,0.210806,-0.010024,0.161085,-0.089907,-0.142007,0.233562,-0.032359,0.030158,0.192270,-0.188302,-0.139388,0.032389,0.229262,0.119965,-0.076916,0.080601,0.080603,0.104337,0.181066,0.167850,-0.200879,-0.002001,0.073256,0.151896,0.000010,0.240298,0.124685,0.110080,-0.139039,0.135483,0.065549,0.067141,0.095634,0.168517,0.302885,-0.078321,0.116818,0.018262,-0.051150,0.024264,-0.123361,-0.035535,0.110690,-0.011768,0.089202,-0.042667,0.016651,-0.063710,0.145862,0.120752,0.181427,0.045748,-0.046190,0.148438,0.255208,0.121343,0.102595,0.068929,0.051809,-0.076820,-0.122041,-0.093693,0.148568,0.148526,0.083510,-0.116674,0.035936,0.095262,0.022532,0.000864,0.153953,-0.034538,-0.138562,0.217776,0.167998,0.214859,0.028790,0.030069,0.097289,0.182439,-0.056177,0.120436,-0.048696,0.046380,0.207454,0.069580,0.031501,0.024938,0.014809,0.265499,-0.018733,0.084588,0.077023,0.011535,0.105786,0.097381,0.181962,0.010280,0.106736,0.102164,0.067519,0.049152,-0.015487,0.085805,0.098497,0.042722,0.111024,-0.111654,-0.025563,0.280039,0.121344,0.079713,0.085355,0.035727,0.010510,-0.056658,0.002086,0.021802,0.080998,-0.043324,0.148612,#
10,0.119353,0.150246,0.163965,0.111769,-0.032219,0.190026,0.002901,0.134102,0.121459,0.185174,1.000000,0.028921,-0.197400,-0.123386,0.054304,0.165767,-0.022153,0.072304,-0.060892,0.095235,-0.062128,-0.056037,-0.046866,0.147252,-0.037098,-0.124670,-0.017372,0.241441,-0.087381,0.164183,0.082160,0.053852,0.115455,0.101025,0.155058,0.067517,-0.053885,0.066048,0.176093,-0.047726,0.194498,-0.067648,-0.046544,-0.123134,0.107830,0.072577,0.108673,0.124711,0.139443,0.284992,-0.082272,0.070342,0.016846,0.082074,-0.083793,0.120235,0.045051,-0.091702,-0.019878,0.143642,0.095151,0.165331,0.121690,0.260227,0.198827,0.054572,0.116662,-0.104622,-0.085279,-0.049856,0.018601,0.174680,0.082381,0.097155,0.028871,0.125200,-0.032897,0.031844,-0.032874,0.066842,0.254597,0.064888,0.130824,0.041703,0.211248,-0.036392,0.048401,0.270188,-0.016280,0.086805,0.013137,0.170905,0.070632,0.112385,0.058498,0.206721,-0.047232,-0.063636,0.278587,0.124302,-0.023531,0.090279,0.082097,-0.011391,0.182074,-0.173958,0.200985,0.170158,0.042014,0.009848,-0.104751,0.149069,-0.057035,0.027747,0.169928,0.287728,0.072746,-0.027685,0.046776,0.045150,-0.001517,0.154081,-0.073355,0.011869,-0.145312,0.039503,0.217028,0.223280,0.068342,-0.056013,-0.000566,0.005840,0.027907,0.041678,0.174249,0.036834,-0.066235,0.283111,-0.074825,-0.056870,0.231416,-0.091726,0.002195,0.005450,-0.006042,-0.163732,-0.043457,-0.022809,0.042984,-0.012831,0.129705,0.058474,0.199594,0.054087,0.050554,0.014254,0.167928,-0.047508,0.177809,-0.029757,0.132202,-0.087128,0.195029,0.154342,0.014703,0.125784,0.160791,0.060535,0.144253,0.165238,0.041809,-0.066411,-0.038119,0.115437,0.156455,0.010294,0.154045,0.233381,-0.123655,0.146297,0.035256,0.009067,0.181990,-0.059607,0.011212,0.063061,-0.079499,-0.215526,0.032174,0.151429,0.159920,0.018795,0.053102,-0.014243,0.165908,-0.021890,-0.135001,0.109569,0.036716,0.251419,#
11,-0.078613,0.193131,0.170962,0.029330,0.089290,0.084993,0.016943,0.194044,0.172991,-0.020267,0.028921,1.000000,0.007761,-0.026446,-0.081830,-0.054208,-0.011385,0.150398,0.017649,-0.232136,-0.022753,0.121068,-0.106146,-0.143169,0.097532,0.156086,-0.195112,0.212911,-0.126133,0.081223,0.106095,0.053125,0.042627,0.080847,0.002066,0.027913,0.119428,-0.103570,0.009161,0.169527,0.009191,0.111391,0.241072,0.004035,0.046339,0.032115,0.081196,-0.084977,0.079461,-0.018543,-0.045256,0.132354,-0.001694,0.220114,0.064283,-0.082721,-0.131286,0.264353,0.059823,0.040722,0.048433,-0.016329,0.066034,-0.139900,0.006654,0.098748,0.120903,0.112403,0.131250,0.129518,0.025061,0.007486,0.111408,-0.028492,-0.067699,-0.143534,0.097444,-0.047799,-0.055199,-0.034361,0.089671,0.061530,0.091069,-0.055444,0.129011,-0.040573,-0.054927,0.035249,0.177880,-0.020063,-0.144264,0.146455,0.160234,0.101889,0.116312,0.108345,-0.087034,-0.083670,0.136632,0.132562,0.016199,0.064794,-0.095011,0.075051,-0.050294,0.161767,0.097858,0.153534,0.080512,0.176395,0.167190,0.137321,0.071722,0.038179,-0.082547,0.214345,-0.034481,0.063168,-0.216185,0.072441,-0.102123,0.053280,0.060398,-0.078967,0.043613,-0.099188,-0.074734,-0.038657,0.088999,0.035865,0.077681,0.126159,0.169953,0.165320,0.099439,0.059681,-0.134267,0.204609,-0.081073,0.174173,0.068054,-0.119508,0.113499,0.116169,0.207673,-0.099420,0.065814,-0.018251,-0.064774,-0.005519,0.028051,0.135222,0.043115,0.098978,0.091014,0.083075,0.048108,-0.099159,0.091314,-0.040794,-0.041475,0.103041,-0.099625,-0.014187,-0.051447,-0.024043,0.132159,0.017818,-0.029653,0.141934,0.011850,0.050196,0.038275,-0.114213,0.081831,-0.020318,-0.047238,0.026362,-0.108142,0.141249,0.161732,-0.015398,0.053084,-0.120518,-0.028365,0.055089,-0.085365,-0.009840,0.107024,0.167474,0.124636,-0.113617,0.276576,0.152906,0.214351,0.024621,-0.008012,-0.025496,-0.015754,0.113837,#
12,-0.045964,0.044174,-0.007964,-0.009906,0.094454,0.090720,0.048875,0.040193,0.108852,0.069218,-0.197400,0.007761,1.000000,0.072242,0.277069,0.112554,0.278266,0.119987,0.114853,0.157253,-0.018008,0.172069,0.079881,0.137588,-0.156249,0.081660,0.011785,0.106824,0.072087,-0.028264,-0.056461,0.105469,0.157201,0.034801,0.086285,0.108755,0.117784,-0.009371,0.001130,0.149318,-0.041269,-0.093148,0.119066,0.269403,0.115012,0.107529,0.096667,-0.082896,0.094811,-0.030158,0.115679,-0.003341,-0.031924,0.137930,0.209337,-0.016669,-0.008895,0.019083,0.009072,-0.132925,0.050531,0.284082,-0.183424,0.069108,0.232764,0.094309,0.019750,0.087421,0.121865,0.045222,0.113172,-0.017342,0.145888,-0.006769,0.133618,0.161814,0.094784,-0.165476,-0.027993,-0.027641,0.178078,0.074338,-0.069305,0.075954,0.038192,0.064620,0.084172,0.111384,0.186694,0.026452,-0.043233,-0.049451,-0.030210,-0.040286,0.033468,0.181447,0.344001,0.096007,-0.036494,-0.004801,0.038371,0.034685,0.043412,0.139758,0.057713,0.063479,0.064241,-0.023672,-0.024939,0.056416,0.210666,-0.016768,0.052160,0.017346,0.086668,-0.022657,0.242174,-0.094310,0.042890,-0.153747,0.125045,0.057200,0.145682,0.186620,0.148062,-0.216387,0.013069,-0.110927,-0.098088,0.078497,0.035479,-0.010009,-0.070028,0.112508,0.035325,-0.086649,0.120048,0.081804,0.187731,0.032648,0.070210,0.164238,0.096994,-0.049140,0.070782,0.146022,0.045465,0.082832,-0.017715,0.131592,-0.032483,0.168156,0.058857,-0.021657,0.044531,0.284546,0.013772,-0.068359,-0.020450,0.000396,-0.012929,0.271325,0.173598,0.133729,0.209189,0.027045,0.141372,0.164196,-0.038125,-0.031613,0.094945,0.181155,0.017985,0.098697,0.116195,0.096583,0.124887,0.114612,0.042456,-0.069927,0.119375,0.121513,0.100618,0.041675,0.013785,0.060373,0.084793,0.215160,-0.028243,-0.076085,0.080550,-0.062754,0.169349,0.073629,-0.026405,0.074767,0.053209,0.088060,0.080494,-0.075218,#
13,-0.134932,-0.172741,0.145452,-0.028236,0.052403,-0.034312,0.088329,-0.016997,-0.052071,-0.023304,-0.123386,-0.026446,0.072242,1.000000,0.156787,-0.054457,0.141479,0.006541,0.030504,0.168261,0.096326,0.065895,0.004590,0.081150,-0.247466,0.103702,0.150614,0.042526,-0.031546,0.051526,0.020348,0.057109,0.145400,0.045073,0.172922,0.096131,-0.032235,0.046618,-0.139392,0.067562,-0.096615,0.102338,0.067805,0.026685,0.169960,0.131367,0.026081,-0.008726,0.082251,-0.112919,0.053149,-0.023695,-0.030037,0.225387,0.079671,0.019389,-0.066849,0.066262,0.048423,0.166752,0.135084,0.155545,0.097955,0.147731,0.061261,-0.025044,0.192214,0.054487,0.079981,0.011132,0.023177,0.022255,-0.148482,0.037184,0.198851,0.160769,0.082395,0.022732,0.092239,0.237822,0.066883,0.164338,0.069115,0.063055,0.028340,0.050575,0.016789,0.010878,0.033481,-0.025091,0.040048,-0.050081,0.039610,0.169767,-0.061896,-0.161505,0.063365,-0.043380,0.004690,0.261594,-0.007027,0.211928,0.106580,0.251305,-0.029845,0.092336,0.106781,-0.005828,0.129413,0.119348,-0.009072,0.071812,0.239963,0.109129,0.174646,0.099075,0.196919,0.117993,-0.061398,0.193427,0.002366,-0.022308,0.136747,0.039787,0.092641,-0.165989,0.000032,-0.090697,0.028129,0.085140,-0.162817,0.062667,0.017319,0.052968,0.186348,-0.064777,-0.008645,-0.054616,0.026766,0.136848,-0.258487,0.062536,0.247445,0.143153,-0.016142,0.114824,0.120050,0.017658,-0.009784,0.022291,-0.068922,0.075321,0.039010,0.179022,0.015493,0.148153,-0.139318,0.010474,0.157062,0.072311,-0.023865,0.154673,0.115871,0.160527,-0.014204,0.094964,-0.103131,-0.024343,0.030715,-0.024271,0.057666,0.158582,0.052285,0.076676,0.195034,-0.020725,0.034065,0.182307,0.139476,-0.037125,-0.023848,0.252272,0.032231,0.033665,0.267870,0.187268,0.175856,-0.000009,-0.199499,0.071268,0.085118,0.095191,0.055538,0.244694,-0.033131,0.158316,0.034526,-0.128249,0.086590,0.003006,#
14,0.129352,-0.031298,-0.119856,0.105705,0.111023,0.063171,-0.066667,0.171358,0.217097,0.149295,0.054304,-0.081830,0.277069,0.156787,1.000000,0.261537,0.112374,0.042246,0.155899,0.228865,0.080598,0.035757,0.079040,0.275055,-0.066565,-0.025386,0.129165,0.081253,0.165959,0.064144,-0.043432,0.253940,0.033200,0.108692,0.174640,0.092695,0.072266,0.130412,0.084840,0.149620,-0.129598,-0.062134,0.067015,0.062467,0.229285,0.170158,0.113187,-0.062236,-0.029675,0.173500,0.097344,-0.036324,0.153779,0.225572,0.255770,0.037787,0.119295,0.075872,0.086994,0.065309,0.114598,0.185389,0.111763,0.115617,-0.012236,-0.078713,0.066796,0.143571,-0.049752,0.173451,0.183862,0.063539,0.137855,0.109443,0.261133,0.130451,0.226851,0.104791,0.062877,-0.016153,0.188344,0.246328,0.078135,0.213029,0.108715,0.036312,-0.027818,0.139162,0.035638,-0.039035,-0.051041,0.090458,0.085995,0.102508,0.099666,0.123311,0.264353,0.069636,-0.041573,-0.011052,0.165044,0.219953,0.117715,0.173509,0.219404,-0.027409,0.180583,0.015049,-0.117728,0.107428,0.077682,-0.160146,0.114161,0.192138,0.147158,0.070322,0.211255,-0.081505,0.077595,0.016402,0.191077,0.120515,0.001376,0.056130,0.083003,-0.028451,0.026702,0.132280,0.013871,0.240147,-0.014106,-0.056328,-0.013891,0.088876,0.094203,0.091907,-0.195131,0.152344,0.023415,-0.001317,0.099738,0.134011,0.131849,0.100783,-0.103072,0.217555,0.118970,0.020611,-0.112255,-0.031181,0.150390,0.075625,0.043681,0.125027,0.187417,0.257383,0.125427,0.092395,-0.031286,0.085090,-0.014997,0.000662,0.223030,0.078843,0.067804,0.067331,0.085795,0.003036,0.105294,0.215187,0.160307,-0.008765,0.110932,0.074540,-0.004338,0.074121,0.187443,0.163544,0.137870,0.001814,0.217001,0.245888,0.068922,-0.034143,0.072414,-0.024361,0.062107,-0.144326,-0.079017,0.160215,-0.033591,-0.012873,0.097695,0.125432,0.125322,0.020810,0.035582,0.013107,0.090490,-0.083188,#
15,0.298995,-0.019432,0.078668,0.002020,0.139638,0.143424,0.047350,-0.018111,0.250020,0.170359,0.165767,-0.054208,0.112554,-0.054457,0.261537,1.000000,0.194905,0.192764,0.081769,0.143208,0.047399,0.020216,0.143726,0.268008,-0.049084,0.165765,0.022761,0.030100,0.105427,0.263213,0.022043,0.203186,0.012310,0.206209,0.038651,0.256233,0.074236,-0.008181,0.260096,-0.032751,0.026695,0.045164,0.051332,0.052411,0.173159,0.052993,-0.097270,0.130532,0.063467,0.199803,-0.178216,0.321671,0.050445,0.126927,0.176601,0.086510,0.106699,0.069806,0.165821,0.168791,0.177468,0.105697,0.232794,0.009037,-0.042486,0.246443,-0.006490,0.060402,-0.004997,-0.109204,0.197763,0.097494,0.048636,-0.001558,0.014096,0.115032,0.086292,0.065981,-0.019822,0.014506,0.269863,0.136112,-0.098260,0.269940,0.221698,0.048531,0.031301,0.364957,0.072874,0.071269,0.059393,0.030462,-0.005142,0.037696,0.105833,0.031788,0.247504,-0.007150,0.061027,0.052563,0.205336,0.083489,0.087737,0.090478,0.048689,0.142027,0.181836,0.101003,-0.047773,0.171644,-0.053143,0.161809,0.035213,0.078276,0.043782,0.097595,0.017769,-0.050688,0.025228,-0.065082,0.139552,0.049132,0.174258,0.057137,-0.025337,0.061156,0.133359,0.213476,-0.001248,0.262336,-0.076286,-0.004634,-0.004787,0.202223,0.094397,0.067307,-0.155720,-0.016508,0.036191,-0.103322,-0.005722,0.084605,0.073113,-0.010502,0.055362,-0.095823,0.091526,0.052778,0.155206,-0.056150,0.070576,-0.084132,0.202684,0.171891,0.012142,0.256406,0.207688,0.162981,0.007619,0.185799,0.044998,-0.002234,0.297044,0.004938,0.082593,0.204848,0.144591,0.202448,0.235102,-0.055699,-0.089636,0.103382,-0.086583,0.092516,0.097967,0.069754,0.226489,0.155511,0.045242,0.112174,0.223843,0.066750,0.087739,0.182539,-0.010110,0.092505,-0.074305,0.206876,-0.107177,0.055991,-0.140219,0.015044,0.170603,0.072008,-0.013380,0.073667,0.168274,0.162094,0.066745,-0.043945,#
16,0.147415,0.017028,-0.082763,0.014119,-0.009621,-0.025021,-0.011055,0.112335,-0.074608,-0.011441,-0.022153,-0.011385,0.278266,0.141479,0.112374,0.194905,1.000000,-0.010076,-0.074004,0.283384,0.114783,0.063322,0.037168,0.103987,-0.129106,0.029841,0.081183,-0.150339,-0.056899,0.237376,-0.081232,0.129199,0.007541,0.216732,0.119461,0.042958,0.069447,0.001227,0.088001,-0.092518,-0.060935,-0.053664,0.100926,0.140861,0.000871,0.082899,-0.011380,0.053524,-0.041805,0.037505,0.010156,0.040336,0.135031,0.164156,0.115454,-0.112893,-0.003083,-0.069385,0.029545,-0.084221,-0.081049,0.233980,0.166180,0.118376,0.087037,0.056684,-0.090449,0.190163,0.075061,0.125273,-0.106602,0.090388,0.189381,-0.064044,-0.020822,0.095266,-0.116615,0.119033,-0.022442,0.087914,0.108694,-0.011312,-0.104257,0.238375,0.098703,0.131506,0.150102,0.058754,0.101099,0.062943,0.017102,0.056587,0.071404,-0.113329,0.017844,-0.017086,0.129363,-0.056805,-0.051092,0.186909,-0.131500,-0.015554,-0.049333,0.051661,0.020610,0.038308,0.145465,0.079835,-0.015681,0.100631,0.023077,0.021903,0.086991,0.005693,0.198416,0.099645,0.099485,0.079442,-0.008188,0.032318,0.273330,0.169363,0.067801,0.169613,0.154124,-0.088724,0.043663,-0.140697,-0.065956,0.198904,0.028005,-0.109682,0.188567,-0.276736,0.185391,0.135973,-0.103119,-0.019717,-0.047165,0.002272,-0.032290,0.102184,-0.005779,0.038601,0.165750,-0.022684,0.047868,0.048189,0.124836,0.267314,-0.239491,0.213607,-0.037402,0.038319,0.008635,0.149624,0.049259,0.007522,-0.000873,0.068884,0.021011,0.090767,0.154899,0.086039,0.031452,0.004715,0.104781,0.118723,-0.010515,-0.125472,0.049867,0.119807,-0.045014,-0.066280,-0.000105,0.092299,0.017589,0.091894,0.073862,-0.044454,0.073920,0.052936,0.015322,-0.033673,0.073594,0.111180,0.099201,0.151239,-0.028234,0.010653,0.221349,-0.216245,-0.153632,-0.000647,-0.030970,0.221840,0.064526,-0.098481,-0.112512,0.005548,#
17,0.224692,0.052444,0.005468,0.116761,0.105710,0.143239,0.066931,0.165044,0.151973,-0.035212,0.072304,0.150398,0.119987,0.006541,0.042246,0.192764,-0.010076,1.000000,-0.010404,0.075214,0.107845,0.023000,-0.012783,0.149496,0.028102,0.174854,0.054239,-0.044864,-0.043529,-0.021760,0.103380,0.036751,0.209623,-0.013618,0.055062,0.182834,-0.162875,-0.025925,0.284128,0.087754,0.193417,0.170433,0.100278,0.072883,0.065548,0.064924,0.049229,0.122473,0.005270,0.051513,0.086009,0.107415,-0.049525,0.038262,0.139062,0.179207,0.164869,0.029237,0.069697,0.039342,0.060047,0.145275,-0.026308,0.051184,0.053269,0.241013,0.178609,0.188656,0.076094,0.033418,0.048335,0.199437,0.019991,-0.030517,0.022520,0.126783,-0.048070,-0.102969,-0.083389,0.158445,0.162233,0.057765,0.077516,0.041518,0.003974,-0.059037,0.247654,0.029892,0.134357,0.115879,-0.080724,-0.150803,0.200759,0.042418,-0.095017,0.107389,0.086848,0.027309,0.022713,0.044611,0.118895,-0.142440,0.014845,0.058433,-0.036120,0.006018,0.131495,0.131086,0.078271,0.013504,0.132390,0.191731,-0.012690,0.119777,0.185549,-0.030497,0.033136,-0.045410,0.013404,0.033899,-0.028183,0.125488,0.094889,0.042608,0.248147,0.101783,0.126202,-0.084617,-0.093975,0.120218,0.224256,0.136075,0.178578,0.057667,0.001473,0.100425,0.029264,0.155618,0.072860,0.128472,0.176352,0.107121,0.154671,0.088868,0.119350,0.036165,0.012641,0.102521,-0.087640,-0.105699,0.046160,-0.062004,0.057695,0.066759,0.229377,0.233232,0.088382,0.052170,0.075934,0.035089,0.041406,0.030065,0.207911,0.121359,0.036176,0.078698,0.004678,0.084715,0.087520,-0.030024,0.102022,-0.098368,0.069352,0.059090,0.126290,-0.029118,0.093243,0.021661,-0.067268,0.273136,0.202515,0.136153,0.098718,0.127232,-0.011590,0.061430,0.016739,0.149185,0.077241,0.019197,0.025671,0.086432,0.157938,0.148818,0.152969,0.135078,0.012668,0.100033,-0.045764,0.131079,#
18,0.112099,-0.090567,0.092216,0.192119,0.087220,-0.179374,0.035928,-0.030524,0.015991,-0.030167,-0.060892,0.017649,0.114853,0.030504,0.155899,0.081769,-0.074004,-0.010404,1.000000,0.066639,0.041853,0.056552,0.151374,0.179997,-0.002658,-0.006031,-0.132265,0.112388,0.008040,-0.079398,-0.146110,-0.124593,0.079848,0.066456,0.099192,0.105989,0.010865,0.093305,0.024276,0.281882,0.062211,-0.042982,0.070051,-0.040056,0.185501,-0.004978,0.002846,0.007290,-0.114247,0.072663,-0.066715,0.056416,0.115277,0.011978,0.164027,0.169784,-0.012728,0.034054,-0.081224,0.051155,0.125220,-0.045937,0.093164,-0.015729,0.095479,0.003138,0.078185,-0.004566,-0.133644,0.056269,-0.036672,0.007148,-0.087613,-0.124425,0.104560,0.064112,0.106258,0.089307,-0.013434,0.051758,-0.062272,-0.028279,0.063491,0.097032,-0.060308,-0.065639,-0.032455,-0.024938,-0.012470,0.046309,0.113694,-0.096288,-0.048103,-0.052158,0.081177,0.107294,0.201510,-0.020133,-0.002376,0.062813,0.096623,0.081846,0.075212,-0.019691,0.140328,0.068310,0.024894,-0.108209,-0.063066,-0.069818,0.140776,0.032015,0.190637,-0.065253,-0.017245,-0.043747,-0.077664,-0.228184,-0.035031,0.067796,0.001153,-0.009451,0.050284,-0.151052,0.014202,-0.210583,-0.067459,0.139480,0.143402,-0.042469,-0.077597,0.193322,-0.140461,0.178660,0.086282,-0.055029,0.027893,0.117023,-0.101063,0.031837,-0.102193,-0.011279,0.055006,0.086363,0.031045,0.121774,0.008754,0.028637,-0.090047,-0.010241,-0.034819,0.080216,-0.027854,0.029312,0.005099,0.079638,0.087639,0.069126,-0.054638,0.198432,0.025767,0.018916,0.079472,0.091235,-0.019655,0.225150,0.082185,0.041649,-0.030319,0.183647,-0.131007,-0.033182,0.048526,0.089339,-0.038695,0.164722,0.065238,-0.000136,-0.025411,-0.010720,-0.003971,-0.005205,0.116685,-0.066943,0.023979,-0.125067,0.290638,-0.120934,-0.000311,-0.036444,-0.033976,0.091464,0.122875,0.119386,0.040053,-0.001060,-0.000244,0.002012,0.191440,-0.100473,#
19,0.144252,0.010436,0.069369,0.104973,0.289369,0.258901,-0.086097,-0.030873,0.058725,0.207709,0.095235,-0.232136,0.157253,0.168261,0.228865,0.143208,0.283384,0.075214,0.066639,1.000000,0.045574,-0.042051,0.090509,0.120906,-0.067322,0.109041,0.122294,-0.050487,-0.003721,0.112221,0.143824,0.098918,0.088769,0.091554,0.085095,0.055453,0.089724,-0.020326,0.161687,0.084043,0.139088,0.014194,-0.030530,-0.071888,0.074495,0.085805,0.207642,0.073528,0.034967,0.150134,-0.056027,0.093369,-0.032384,0.087922,0.163712,0.161460,0.163308,-0.103722,0.192052,0.117690,0.237163,0.361680,0.179177,0.153224,0.235409,-0.030012,0.029588,0.179084,-0.116382,-0.027902,0.174493,0.126651,0.079796,0.103358,0.145626,0.285706,0.039195,0.106865,0.259461,0.112942,0.144205,0.086304,0.139066,0.093782,0.093495,0.160051,-0.016872,0.290376,0.077097,-0.112039,0.042093,-0.001811,0.157271,-0.069865,-0.070689,0.103871,0.183860,0.059934,-0.108559,0.067294,0.085028,0.127825,0.107044,0.124914,0.189428,0.287172,0.075462,0.178994,0.069431,-0.092142,-0.066196,0.033835,0.237224,0.185142,0.084509,0.010667,0.289128,0.100614,0.089719,-0.245234,0.019879,0.176467,0.117646,0.118723,0.258700,-0.087440,0.234189,0.034380,0.014555,0.165747,-0.006686,0.019102,0.009633,0.012996,0.180046,0.053093,0.041948,0.126142,-0.024520,-0.058155,-0.064184,0.132368,0.171504,0.100702,0.079801,0.111982,-0.016847,0.056379,0.067438,0.082168,0.039612,0.209626,0.040749,0.147820,0.154972,0.118691,0.035943,0.064955,0.150294,0.211444,0.235901,0.044816,0.082660,0.097628,0.164413,0.131869,-0.023994,0.183062,0.160082,-0.030288,-0.006681,0.088527,0.255736,0.191706,0.119012,0.014528,0.129894,0.226184,0.170164,0.050018,-0.057322,0.196834,0.171954,0.235852,0.265721,0.059460,0.033136,0.017143,0.081973,0.034803,0.259711,0.220254,0.019736,0.046674,-0.039593,0.238171,-0.055453,0.095320,0.126720,0.125464,#
20,-0.056214,-0.143526,0.177280,0.103360,0.323371,-0.018006,0.091328,-0.028203,-0.099141,0.090479,-0.062128,-0.022753,-0.018008,0.096326,0.080598,0.047399,0.114783,0.107845,0.041853,0.045574,1.000000,0.079877,0.018427,0.044052,0.040422,0.200856,0.117670,-0.180275,-0.007976,-0.083781,-0.039637,-0.032263,0.060833,0.064771,0.069179,0.164637,0.149270,0.069581,0.181078,0.111883,0.012682,0.181643,-0.042728,-0.088975,0.199694,0.024565,0.215206,-0.025583,-0.155377,0.001422,-0.173433,0.033782,-0.006324,0.134192,0.277844,0.085892,0.126082,0.081002,0.079949,-0.052551,0.158361,0.112472,0.127035,0.017812,-0.014088,-0.051119,0.011357,0.105302,0.065298,0.163793,0.221063,0.117523,-0.012392,0.003418,0.066319,-0.062355,-0.032992,0.181772,0.011614,-0.028414,0.072076,0.137642,0.006888,-0.010147,0.034673,0.059937,0.080454,-0.032917,0.063821,-0.030964,0.131720,-0.022132,0.141677,0.112174,0.114688,-0.076323,0.022187,0.174258,0.096427,-0.042473,0.056457,-0.014491,0.221870,-0.040559,0.104942,0.006523,0.065187,0.080879,-0.026006,0.177315,0.209812,0.235544,0.095168,-0.152548,0.142089,0.087923,0.195551,0.113940,0.012896,0.148667,0.082557,0.116031,0.022669,0.037779,0.039986,0.011936,0.164365,0.027659,0.236171,0.118437,0.189120,-0.010304,0.030367,0.146291,0.051596,-0.133009,0.049894,-0.147339,0.053557,0.001402,0.037247,0.169351,0.074513,0.019541,0.058598,-0.021696,0.022634,0.045548,-0.007655,0.172313,0.157549,0.102157,-0.068687,0.198989,-0.070022,0.074332,0.073758,-0.073412,-0.094015,0.264976,0.025516,0.067546,0.132809,0.105798,0.097800,-0.069921,-0.103436,0.095255,0.032351,-0.031840,0.075717,-0.089301,0.112449,-0.078805,-0.009641,0.051449,-0.113704,-0.042048,0.207530,0.089205,0.071978,0.080755,-0.036593,-0.029459,0.102193,-0.193335,0.058215,0.146662,0.003730,0.222301,-0.115106,0.006001,-0.012570,0.154983,0.023849,-0.012455,0.093844,0.033578,0.120342,0.205779,#
