0,1.000000,0.075784,0.029543,0.057247,0.113523,0.113025,0.159685,-0.047646,0.043168,0.091274,0.142251,0.012595,0.065215,0.043154,0.189101,0.248493,0.248903,0.266784,0.173632,0.250685,0.076841,-0.016776,0.251961,0.369146,0.086484,-0.015737,0.099174,-0.096101,-0.017609,0.132720,0.049616,0.255738,0.124511,0.197847,0.335706,0.146790,-0.016887,0.066852,0.253818,0.125757,0.101265,0.071260,0.228538,-0.100349,0.165061,0.001960,0.056438,0.205059,0.115570,0.249286,0.031907,0.148850,0.091945,0.081682,0.228353,0.120100,0.234270,0.178783,0.124887,0.101176,0.139838,0.281156,0.228851,0.094524,0.100422,0.067000,0.156386,0.132575,0.042256,0.128657,0.119226,0.078794,0.033575,0.225647,0.100863,-0.026199,0.294841,0.147252,0.116283,0.083135,-0.005067,0.011380,0.094707,0.168407,0.215319,0.175955,0.242869,0.221397,0.251770,0.199471,0.090823,0.045687,0.167336,-0.013545,-0.012996,0.152325,0.141186,-0.030299,0.085592,0.209036,0.147872,0.124169,0.053814,0.155031,0.128882,0.208232,0.147764,0.142383,0.200349,-0.093838,-0.031857,0.155448,-0.022095,0.112249,0.212054,0.153620,0.099667,-0.058226,0.195060,0.166952,0.119945,0.077671,0.278149,0.154060,0.231106,0.178179,0.185869,-0.061558,0.068681,0.276409,0.109019,0.122707,-0.061709,-0.000345,0.114009,0.199934,0.045317,0.044071,-0.070125,0.131170,0.211923,0.062380,0.025751,0.217882,0.055969,-0.058058,0.147038,0.049306,0.102867,0.033896,-0.044665,0.109412,0.059607,-0.028060,0.024088,0.206643,0.226250,0.205313,0.160786,0.070953,0.198309,0.222784,0.098504,0.007501,0.072565,0.302128,0.019770,0.149658,0.289976,0.084254,-0.014913,0.019921,0.194179,0.155567,0.037334,0.170915,0.277007,0.191385,0.134848,0.056076,0.183819,0.171725,0.161651,0.068832,0.056361,-0.059903,0.056378,0.316590,0.161604,-0.060562,-0.078972,0.145108,-0.029384,0.182966,0.167014,0.218740,0.000761,0.199389,0.032220,0.093796,#
1,0.075784,1.000000,-0.017092,-0.063348,-0.025727,-0.016746,0.164713,0.140761,0.195450,0.090221,0.122025,0.150787,0.088874,-0.093792,-0.004462,-0.003015,0.053179,0.003735,-0.001321,0.001348,-0.050865,0.152330,0.112026,-0.079944,0.097855,-0.099578,-0.089980,0.092270,-0.189584,0.013675,0.086145,-0.038932,-0.127061,0.108405,-0.139140,0.017068,0.118852,0.016100,0.118389,0.070440,0.008162,-0.081494,0.113766,-0.023137,0.044161,-0.077705,0.246710,0.016021,0.103104,0.007197,0.004999,-0.020206,0.131005,0.099973,0.083821,0.022629,0.008705,-0.072602,-0.116837,-0.042964,0.023910,0.053433,0.108874,-0.106815,-0.104201,0.158134,0.145150,0.149015,0.114119,0.134343,0.171638,0.154729,0.182557,-0.025421,0.143749,0.019554,0.087530,0.050567,0.262406,-0.061379,-0.053687,0.076341,-0.127654,0.083325,0.157609,0.013543,0.141298,0.179836,0.065505,0.006707,0.060329,0.026575,-0.145171,0.031727,0.022815,0.143131,-0.021987,0.062919,-0.051066,0.034243,0.136411,-0.021579,-0.017120,0.012322,-0.055542,0.143297,0.115675,0.141514,0.195065,0.059307,-0.043225,0.039722,-0.070120,0.030475,0.102102,0.265520,0.135667,-0.109283,0.063897,-0.034196,-0.149508,0.088385,0.059941,0.020740,0.097060,0.006615,0.074462,0.002678,0.176427,0.103719,-0.146757,0.114039,-0.040260,-0.028266,0.053547,0.026904,0.194009,0.108987,0.047779,0.124571,0.194363,0.019509,0.000181,0.163749,0.160629,-0.053058,-0.034937,-0.034541,0.080163,-0.101663,0.184447,0.056878,-0.102600,-0.176470,0.170924,0.126874,0.011965,0.164935,-0.194790,-0.104768,-0.037976,0.122765,0.068562,0.180047,0.086597,0.026103,0.016337,-0.051307,-0.017942,0.115351,0.026330,0.055235,0.033354,0.011031,0.010008,0.163135,0.032098,0.014887,0.042562,-0.041324,0.073819,-0.108906,0.132532,-0.018545,0.083719,-0.038812,0.016657,-0.091513,0.210081,0.147111,0.092353,0.204735,-0.118054,0.001216,0.038376,-0.104084,0.008650,0.273921,-0.060827,0.276067,#
2,0.029543,-0.017092,1.000000,-0.059591,0.155994,0.076486,0.147224,0.087975,0.071445,0.146010,0.135929,0.148341,-0.022666,0.191458,0.026606,0.125691,-0.138887,0.047792,0.049946,0.058884,0.153368,0.134121,-0.031094,0.115577,0.044558,0.055582,0.151906,0.033361,-0.051348,0.033625,0.079722,-0.029232,0.099837,-0.025055,0.049137,0.014768,0.078570,0.031609,0.152917,-0.069654,-0.016400,0.041105,0.163439,-0.046891,0.083513,0.050401,0.069221,-0.026770,-0.106368,0.072058,0.054891,0.180269,0.072038,0.075334,0.082142,0.080822,0.132533,-0.044431,0.174831,0.153182,0.351025,0.093976,-0.016122,0.097858,0.062243,0.138246,0.027178,0.101127,0.132650,0.003239,0.135277,0.188570,-0.148481,0.104884,0.246200,0.061865,0.003072,-0.007628,0.054737,0.096562,0.053444,-0.029006,0.116679,-0.066519,0.195790,0.097830,0.011180,0.184330,-0.052999,0.006726,0.067426,0.058870,0.132450,0.170261,0.029476,0.162820,0.116290,0.019369,0.098459,0.023232,0.130440,0.136857,-0.053186,0.111814,-0.106993,0.207208,0.179202,0.197379,0.107609,-0.003305,0.154234,0.171720,0.220326,-0.001840,0.028534,0.147365,0.046776,0.038286,-0.103761,0.072590,-0.036250,-0.121139,-0.036756,0.194366,0.080354,-0.101104,0.168767,0.040431,0.171076,0.091809,0.002056,0.106862,0.097920,0.212203,0.159388,-0.047550,0.084248,0.139804,0.165697,0.033061,0.019926,0.185993,-0.139367,-0.061269,0.205810,-0.056445,-0.099235,-0.021684,0.027334,0.027595,0.092076,0.034501,0.206168,0.118746,-0.040010,0.058338,0.034769,-0.074090,0.120582,0.014314,-0.119717,0.080473,0.118763,0.167640,-0.038427,0.215156,0.020483,-0.095067,0.034383,0.130033,-0.061816,0.161082,0.211033,0.094373,0.136568,0.075360,0.019013,0.043341,-0.032917,-0.023664,0.030404,0.199264,-0.071313,0.192058,-0.009308,0.116645,0.056407,0.000806,0.090126,-0.041297,-0.016626,0.108415,0.211284,0.199085,0.038493,-0.026083,-0.064242,-0.011693,0.071196,0.152468,#
3,0.057247,-0.063348,-0.059591,1.000000,0.096686,0.031886,0.075075,0.062063,0.250814,0.223433,0.191015,0.082412,0.019021,-0.047051,0.172998,0.022296,0.055526,0.118568,0.260976,0.107454,0.090014,0.181960,0.267128,0.174385,0.061600,0.104188,0.185509,0.036442,0.054301,0.208866,0.170747,0.077456,0.312554,0.193296,0.006208,0.105650,0.027592,0.286996,0.223134,0.177159,0.014421,0.182368,0.186564,0.153813,0.040287,0.164807,-0.110329,0.143505,-0.068068,-0.008389,0.109789,0.079890,0.152617,-0.053017,0.043081,0.220232,0.076309,0.004826,0.128186,0.154309,0.178900,0.052888,0.086026,0.057790,0.321801,0.016161,-0.071492,-0.121395,-0.175945,0.179756,0.066454,0.164727,0.166097,0.003040,0.085431,0.056773,0.047566,0.122887,0.013160,-0.020319,0.120768,0.071886,0.229109,-0.044267,0.178395,0.095789,0.064245,0.092906,0.035481,0.076229,0.281261,0.101605,-0.026224,0.035612,0.085827,0.190647,0.024973,-0.052401,0.098570,-0.059932,0.090303,0.096503,0.055898,-0.044426,0.348206,0.083655,0.213195,0.145191,0.124701,0.100588,0.034124,-0.046334,0.023556,0.038321,0.040949,0.138863,-0.048984,0.080425,0.072268,0.035163,0.038071,0.147897,0.052629,0.018466,-0.005536,0.125475,0.161135,0.278016,0.085719,-0.022713,0.225606,0.186915,0.050658,0.205519,0.006382,0.168403,0.012800,0.007484,-0.052765,0.038324,-0.020717,0.285632,0.104855,-0.034122,0.045546,0.153636,0.222143,0.339446,0.019196,0.191401,0.087099,-0.050807,0.035767,0.055084,0.231028,-0.062169,-0.000240,0.094724,0.263914,0.068740,0.003760,0.003319,0.052789,0.176623,0.050510,0.104732,0.118819,0.039329,0.045223,0.133355,0.089239,-0.100445,0.062075,0.055173,-0.011394,0.134335,0.153650,0.033471,-0.054762,0.162403,-0.023704,0.208921,0.136948,-0.076994,-0.033703,0.010993,0.082046,0.046334,0.110283,0.242289,0.160138,0.115152,0.055640,0.051863,0.134906,0.157504,0.174479,0.086392,0.002612,0.034925,#
4,0.113523,-0.025727,0.155994,0.096686,1.000000,0.170767,-0.006554,0.079949,0.136374,0.244482,0.027036,0.117257,0.091592,0.068272,0.110740,0.069275,0.015796,0.090186,0.125410,0.315969,0.322440,0.097151,0.202644,0.200715,-0.090321,0.083478,0.084101,-0.112392,0.171394,0.053515,0.150661,0.122947,0.183690,0.178110,0.080373,0.193326,0.300332,0.106965,0.255294,0.123277,0.032821,0.189572,0.078313,0.070105,0.168613,0.150549,0.252850,0.159935,0.015710,0.020086,0.006717,0.075896,0.163797,0.142078,0.236259,0.225420,0.093972,0.109609,0.181390,0.184445,0.122041,0.223530,0.112147,0.058444,0.113229,0.059507,-0.047405,0.149252,-0.026016,0.109557,0.196969,0.217770,0.216473,0.165281,0.157364,0.031183,0.100715,0.176704,0.165764,0.220269,0.084361,0.148127,0.041532,-0.007801,0.236377,0.133916,0.119943,0.100141,0.056939,0.025951,0.271688,-0.031687,0.149114,0.040986,0.199361,0.189382,0.064977,0.121278,-0.042606,0.110959,0.078719,0.136562,0.182764,0.156687,0.089286,0.228676,0.046682,0.117565,0.258425,0.261060,0.117854,0.182719,0.228959,0.228879,0.074254,0.041218,0.229938,0.099954,0.027271,0.144090,-0.095736,0.085797,0.097323,0.054047,0.123056,0.034799,0.236135,0.156040,0.317285,0.164961,0.179381,0.046543,0.114157,0.246009,0.143033,0.118574,0.022425,0.013514,0.145244,-0.027092,0.110480,0.109334,0.196148,0.044338,0.208463,0.183099,0.165808,0.180851,0.068761,0.201935,0.033038,0.220506,0.171387,0.282670,0.294716,0.026293,0.230743,0.108258,-0.028452,0.114868,0.172793,0.108861,0.107814,-0.051736,-0.114921,0.134753,-0.034494,0.073824,0.054469,0.148507,-0.022389,0.118772,0.348941,0.207721,0.166114,0.197955,0.203473,0.193908,0.067480,0.184766,0.025504,0.046438,0.123860,0.001171,0.241021,0.191948,-0.138627,0.165735,0.172622,0.301503,-0.067046,0.123664,-0.033457,0.160040,0.100231,0.216144,0.181195,-0.008418,0.209183,0.304846,#
5,0.113025,-0.016746,0.076486,0.031886,0.170767,1.000000,-0.049880,0.161397,0.113974,0.120755,0.196959,0.096796,0.074425,-0.097158,0.120662,0.138544,0.028328,0.141786,-0.150355,0.289560,0.022199,-0.036681,0.167004,0.093629,0.135711,0.012413,0.212913,0.084505,0.132363,0.077494,0.273575,0.156650,0.225781,0.176605,-0.030686,0.165585,0.053118,-0.016550,0.201759,0.097494,0.218316,0.061794,0.064661,0.128169,0.137013,0.190247,0.196321,0.111721,0.169114,-0.096522,0.122140,0.102811,0.041967,0.037218,0.003638,0.270529,0.197092,0.007769,0.321477,0.176909,0.071088,0.262197,0.144429,0.218436,0.236095,0.130185,-0.091440,0.154151,0.170610,-0.201114,0.105725,0.133400,0.246105,0.112981,0.036071,0.159418,0.193555,0.172211,0.117278,0.126516,0.284486,0.046495,0.168850,0.108264,-0.004061,0.061073,0.228264,0.222924,0.166562,-0.111630,-0.002963,0.132678,0.298491,0.315741,-0.007528,0.127136,-0.003633,0.204059,0.218776,0.146292,0.038476,0.203260,0.014409,0.136113,0.068993,0.257904,0.203120,0.174294,0.104627,0.147887,0.020202,0.256601,-0.015321,-0.016953,0.099108,0.106013,0.119563,0.051937,-0.014751,0.145081,-0.117974,0.082381,0.138581,0.132023,-0.040965,0.005826,0.209955,0.022243,0.102114,0.107918,0.285422,0.160546,0.207071,0.316292,0.108101,0.179079,0.099600,0.114122,0.055372,-0.111098,0.043689,0.043322,0.172943,0.206571,0.238718,-0.018535,0.036012,0.137102,0.131263,0.028432,0.186224,0.049193,0.181444,0.110440,0.027716,0.112897,0.152989,0.093073,0.085641,0.084386,0.154008,0.110069,0.175724,0.145250,0.099293,0.141829,-0.141649,0.233361,0.166403,0.162909,0.309420,0.120522,0.182608,0.073282,0.031333,0.096511,0.187991,0.076753,0.158276,0.165857,0.284011,0.103061,0.262996,0.041005,0.100026,0.135646,0.093822,0.088498,0.096966,0.077637,0.010184,0.168640,0.091446,0.076162,0.037743,0.111226,0.014033,0.068112,0.150525,0.260481,#
6,0.159685,0.164713,0.147224,0.075075,-0.006554,-0.049880,1.000000,-0.003393,0.137911,0.000256,0.074236,0.093133,0.172524,0.132157,-0.020978,0.019196,0.098978,0.099855,0.071000,-0.039891,0.229986,0.225354,-0.064313,0.059977,0.049441,0.010302,0.024099,-0.010755,-0.006440,0.129962,0.066485,0.023160,0.041844,0.059655,0.064826,0.088358,-0.101072,0.038982,0.094193,0.065158,-0.084455,0.006338,0.143131,0.006369,0.226483,0.033317,0.050082,-0.154197,0.167455,0.033057,0.013854,0.116896,0.122498,-0.008504,0.042782,0.073216,0.104047,0.084396,0.139493,0.129943,0.220083,-0.060591,0.101358,-0.000229,0.244560,0.173027,0.102558,-0.015602,-0.027799,0.052944,0.085580,0.153467,0.000070,0.258266,0.151685,0.120985,0.082452,-0.015353,0.085891,-0.010492,0.066353,-0.009764,0.133582,-0.034983,-0.080567,0.125070,0.082203,0.037069,-0.017683,0.013663,-0.006152,0.003703,-0.073139,-0.077650,0.015019,-0.024619,0.271070,0.059188,0.009999,0.173263,0.086679,0.188882,0.198381,0.023410,-0.121017,0.027645,0.104441,-0.068747,0.075617,0.019264,-0.004011,0.085638,-0.114745,-0.148172,0.163734,0.034241,0.291857,-0.003448,0.091571,0.027292,0.168586,0.088205,0.000156,0.144499,0.129987,0.183392,0.020190,0.003233,-0.026085,0.069060,0.012147,0.150047,0.154770,0.009220,0.035738,0.125535,-0.007124,0.003295,0.139047,0.070569,0.134634,0.183342,-0.102395,-0.002749,0.042029,0.011537,0.050867,0.047529,0.025943,-0.047698,0.207681,-0.034039,0.068476,-0.171164,0.089718,0.011066,-0.010873,0.241070,0.097018,-0.052080,-0.035668,0.140579,0.094573,0.226955,0.053284,0.172675,0.044015,-0.028586,0.014180,0.040328,0.066313,0.003507,-0.039611,-0.038678,0.173851,0.010200,-0.003547,0.064195,0.063512,-0.016351,0.118856,-0.019088,0.175013,0.035990,-0.018967,0.056913,-0.087110,0.111519,-0.047387,0.116217,-0.073524,0.117512,-0.129175,0.198409,0.017286,-0.043997,0.046441,0.061627,0.124473,0.056177,#
7,-0.047646,0.140761,0.087975,0.062063,0.079949,0.161397,-0.003393,1.000000,0.288031,0.119286,0.147642,0.129510,0.039874,0.082310,0.226305,-0.037250,0.165320,0.102780,0.044066,0.053638,-0.041417,0.113047,0.147435,0.170543,0.267715,0.138547,0.058737,0.163323,0.022778,0.054088,-0.021839,0.071758,0.117323,0.095567,-0.110084,0.018238,0.094559,0.039140,0.313827,0.057350,-0.073215,-0.113004,0.044208,0.180559,0.148925,0.133603,0.185615,0.054986,-0.056660,0.031256,0.219977,-0.041174,0.014911,0.186116,0.031229,0.062782,-0.063523,0.102666,0.071827,0.124663,0.053430,0.174659,0.039353,-0.003311,0.107870,0.196074,0.012739,0.134743,0.105248,0.338230,0.092230,-0.023046,0.338827,0.055101,0.190269,0.031960,0.046648,0.065017,0.192921,0.165732,0.129824,0.069995,0.056505,0.056033,0.143458,0.036912,0.205258,0.161610,0.030064,0.094687,0.025512,0.006021,0.079580,0.161147,0.090234,-0.109720,-0.003355,0.190893,0.055009,0.186568,0.139445,0.099152,-0.024207,0.098783,0.025886,0.225485,0.017551,0.038418,0.072018,0.042022,0.167767,0.014640,0.126201,0.064650,0.278278,0.066350,0.055736,-0.183327,-0.002743,0.237153,0.012343,0.080473,0.042702,0.266148,0.168980,0.054905,0.203583,0.108076,0.136084,-0.018534,0.067624,0.007961,0.213690,0.072220,0.126872,0.207482,-0.090103,0.033128,0.021148,0.088475,0.113236,0.106595,0.162705,0.025965,0.185869,0.140310,0.109757,0.031337,0.143108,0.136861,0.041101,0.055115,0.167702,0.114278,0.014585,0.220612,0.006412,0.180937,0.035846,0.107306,0.140931,0.015689,0.290633,0.020288,-0.065306,0.252227,0.050642,-0.080725,-0.030330,0.063018,0.166927,0.273528,0.210013,0.063094,0.175438,0.049355,0.103322,0.040110,-0.051493,0.169116,0.256867,0.106555,0.027064,0.006833,0.023214,0.255509,-0.054553,-0.103687,0.130913,0.183274,0.154973,0.038102,0.009139,0.038152,0.047572,-0.001730,-0.006155,0.165230,0.008378,0.173174,#
8,0.043168,0.195450,0.071445,0.250814,0.136374,0.113974,0.137911,0.288031,1.000000,0.302806,0.073003,0.166819,0.081863,-0.019997,0.231600,0.232141,-0.014883,0.049789,0.013359,0.044156,-0.076760,0.211624,0.284407,0.167944,-0.082569,0.124238,0.031238,0.172541,-0.061750,0.206137,0.033081,0.077598,0.052329,0.129954,-0.014597,0.089690,0.137501,0.081239,0.089208,0.144697,0.017847,0.229963,0.220741,0.066395,0.139571,0.037915,-0.033846,0.025638,0.098970,0.088001,0.204209,0.211709,0.035216,0.189280,0.024528,0.271565,0.030229,0.211126,0.072302,0.272516,0.263961,0.068260,0.255530,-0.020757,0.119738,0.285845,0.035863,0.123504,0.195835,0.182006,0.136700,0.039219,0.159794,0.225586,0.201833,0.136231,0.056628,0.064989,0.159049,0.184341,0.123561,0.090011,-0.024460,-0.005168,0.103169,0.176144,0.023149,0.022996,-0.136179,0.124299,0.080733,0.074212,0.090146,0.110589,0.216277,0.176535,0.149400,0.079372,0.092601,0.033344,0.143869,0.096891,0.103277,0.212912,0.132690,0.148256,0.205497,0.137055,0.123120,0.158712,0.088736,0.050993,0.023257,0.029805,0.275035,0.263466,0.146759,-0.104393,0.058601,0.224756,0.083025,0.008111,0.128033,0.098508,0.034646,0.201148,0.201897,0.187568,0.071237,0.203066,0.027858,-0.044177,0.247587,0.264008,0.225441,0.214689,-0.078288,0.016779,-0.074364,0.000298,-0.001547,0.182242,0.235548,0.081467,0.063818,0.095609,0.250883,0.138875,0.217148,0.086748,0.132424,0.014689,0.084330,0.209019,0.267462,0.175048,0.076437,0.288731,0.070511,0.125444,0.018656,0.058511,0.153711,0.156839,0.167087,0.178386,0.080283,-0.097206,0.109503,0.255787,0.156954,0.160845,0.148217,0.035099,0.249159,0.067212,0.018034,0.058853,0.128139,0.132159,0.203519,0.068960,-0.023457,0.084414,0.167490,0.169026,-0.019040,0.040333,0.220706,0.087775,0.062640,0.093156,0.136544,0.080249,0.104626,0.106254,0.093637,0.093677,0.110369,0.104944,#
9,0.091274,0.090221,0.146010,0.223433,0.244482,0.120755,0.000256,0.119286,0.302806,1.000000,0.224658,0.088227,0.154997,-0.014671,0.246696,0.196257,0.059671,0.084722,0.213705,0.261835,0.241457,0.143584,0.237552,0.306651,0.041127,0.017118,0.165836,0.185692,0.065058,0.160152,0.147421,0.043006,0.075955,0.271965,0.208326,0.173175,0.112101,0.141327,0.240732,0.020110,0.199802,0.057587,0.202257,0.061323,0.145303,0.128158,0.154106,0.098426,-0.082702,0.085368,0.027196,0.073584,0.142913,0.125271,-0.044974,0.195676,0.027831,0.138853,0.231338,0.195391,0.149867,0.146012,0.291429,0.119599,0.145645,0.288476,0.024915,0.149343,0.137545,0.054403,0.363660,0.111834,0.129444,0.117480,0.107855,0.081081,-0.070989,0.163058,0.206412,0.237061,0.111730,0.180456,0.019342,0.045597,0.283294,0.068588,0.099261,0.254766,-0.023087,-0.188916,0.145607,0.328794,0.203282,0.083383,0.220877,0.139670,0.232160,0.261132,0.303740,-0.148499,-0.025211,0.156464,0.307053,0.104970,0.265238,0.232873,0.180798,-0.090622,0.210679,0.169174,0.226312,0.243725,0.285521,0.252840,0.046425,0.215350,0.081368,-0.032021,0.094291,0.080159,0.090393,0.153578,0.209434,0.150544,0.110988,0.121403,0.101017,0.139233,0.269162,0.235152,0.162761,0.061065,0.196004,0.419317,0.212786,0.088396,0.010848,0.093408,0.043420,0.092359,-0.088473,0.235837,0.212224,0.143034,0.031999,0.084035,0.188500,0.166433,0.065186,0.177537,0.028403,-0.099757,0.226954,0.177360,0.287468,0.182694,0.143568,0.242784,0.231756,0.121968,0.070977,0.062041,0.167933,0.298038,0.182488,0.075190,0.065517,0.015110,0.235710,0.141777,0.268894,0.212553,0.117387,0.164931,0.140274,0.221313,0.081053,0.161671,0.287200,0.120029,0.067558,0.096408,0.153935,0.045698,0.044245,0.245412,-0.075978,0.038950,0.424767,0.159656,0.101264,0.159135,0.160280,0.089776,0.073947,0.088488,0.009009,0.168217,0.034492,0.127447,#
10,0.142251,0.122025,0.135929,0.191015,0.027036,0.196959,0.074236,0.147642,0.073003,0.224658,1.000000,0.079000,-0.106985,-0.004371,0.063456,0.191804,0.110192,0.058152,0.058120,0.151627,0.035205,-0.052321,0.045167,0.184205,0.003693,-0.026755,-0.012113,0.235102,-0.129924,0.190454,0.102227,0.073425,0.172646,0.141888,0.210543,0.098437,0.057171,0.121875,0.173331,0.000926,0.225552,0.008622,-0.022674,-0.054992,0.161957,0.173599,0.172595,0.146309,0.205256,0.298305,-0.019864,0.099087,0.130935,0.059945,-0.029360,0.156884,0.006014,-0.052072,0.104152,0.150294,0.124596,0.232009,0.156812,0.320930,0.280492,0.095872,0.157023,-0.067530,-0.042512,0.005210,0.032579,0.203558,0.076988,0.129013,0.061125,0.154508,0.042685,0.154257,0.060840,0.001044,0.311673,0.091043,0.114225,0.076863,0.227591,0.049764,0.111234,0.296978,-0.014125,0.127464,0.127045,0.272957,0.077579,0.229077,0.069524,0.299237,-0.006424,0.019626,0.300243,0.146317,0.037816,0.116330,0.138183,0.105169,0.305990,-0.028958,0.083838,0.155443,0.089172,0.059753,-0.085393,0.142487,0.016190,0.086725,0.185049,0.318531,0.082160,-0.099345,0.129142,0.101785,0.090965,0.220324,-0.035279,0.030819,-0.097350,0.108522,0.270553,0.198890,0.168049,-0.029233,-0.030503,0.053746,0.011395,0.080253,0.178622,0.040449,-0.017603,0.169204,-0.065383,-0.017616,0.221427,-0.052265,0.049710,0.086263,0.052043,-0.074555,-0.060770,0.060010,0.147556,0.051298,0.189445,0.079294,0.237707,0.116843,0.042170,0.041656,0.237506,0.071686,0.225420,0.049193,0.168314,0.040574,0.235665,0.213450,0.070107,0.191576,0.221316,0.083422,0.226905,0.221903,0.104701,0.023231,0.005897,0.117084,0.151938,0.001214,0.189099,0.244316,-0.052809,0.213995,0.082745,0.028399,0.259898,-0.025801,0.080194,0.069267,-0.023418,-0.052487,0.061007,0.190763,0.197943,0.079502,0.094117,0.039023,0.188308,0.037007,-0.085500,0.229808,0.114120,0.236122,#
11,0.012595,0.150787,0.148341,0.082412,0.117257,0.096796,0.093133,0.129510,0.166819,0.088227,0.079000,1.000000,0.105517,0.039825,-0.007923,0.023051,0.036794,0.136968,0.102992,-0.098433,0.028846,0.173659,-0.026074,-0.007694,0.058253,0.139489,-0.131725,0.223461,-0.038714,0.110207,0.147884,0.114423,0.070865,0.170533,0.101194,0.056375,0.209956,0.028254,0.039772,0.312114,-0.015084,0.121697,0.171544,0.041932,0.114932,0.153968,0.213690,-0.018151,0.118772,0.061538,0.034010,0.193370,0.126966,0.239563,0.110287,0.012808,-0.153492,0.226727,0.084394,0.083714,0.021776,0.072733,0.192841,-0.006342,0.145766,0.218385,0.135185,0.159735,0.205536,0.120202,0.078872,0.115103,0.057850,-0.001149,0.097720,-0.066561,0.102284,0.094687,0.065860,-0.068741,0.090232,0.055789,0.071667,-0.022882,0.095844,0.017730,-0.006742,0.044413,0.124299,-0.034682,0.002519,0.284817,0.153550,0.128436,0.217165,0.252379,-0.023567,0.045316,0.118734,0.142219,-0.015811,0.160442,-0.018478,0.130009,0.043288,0.272962,0.077572,0.188967,0.215149,0.210835,0.172933,0.106332,0.142037,0.028856,-0.077704,0.242952,0.000257,0.119135,-0.107970,0.191568,-0.048855,0.086821,0.098678,0.052212,0.013640,0.024798,0.023083,-0.020670,0.224887,0.090053,0.061443,0.166720,0.196510,0.223352,0.041199,0.088388,-0.065857,0.098005,-0.040359,0.205371,0.109144,0.010094,0.132880,0.141348,0.315228,0.011528,0.123246,0.092774,0.009755,0.069300,0.076925,0.071138,0.134067,0.145211,0.138375,0.136591,0.069303,0.075057,0.161840,-0.010512,-0.002637,0.231737,0.068030,0.019716,0.074258,0.036847,0.154450,0.034939,0.117229,0.228411,0.069328,0.137801,0.083467,0.011984,0.059925,0.054969,0.022714,0.090080,0.011414,0.241868,0.166245,-0.008133,0.115705,-0.049741,0.101905,0.128388,-0.085283,0.137097,0.230544,0.186040,0.159712,-0.041417,0.224883,0.261967,0.223034,0.034847,0.050027,0.123971,-0.044860,0.102814,#
12,0.065215,0.088874,-0.022666,0.019021,0.091592,0.074425,0.172524,0.039874,0.081863,0.154997,-0.106985,0.105517,1.000000,0.088721,0.252166,0.059216,0.293980,0.205467,0.198066,0.189398,0.098669,0.162511,0.142496,0.180660,-0.054877,0.025184,0.056300,0.103531,0.112266,-0.000181,0.010812,0.142015,0.174144,0.135708,0.171288,0.172342,0.128483,0.033369,0.078800,0.254196,-0.092570,0.000424,0.110503,0.288678,0.095538,0.092729,0.137427,-0.068777,0.127733,-0.005722,0.128865,0.020230,0.065273,0.101218,0.206469,0.045086,-0.035041,0.113900,0.062365,-0.023918,0.039830,0.251428,-0.097252,0.141903,0.273825,0.126168,0.067868,0.101084,0.140374,0.093076,0.137785,0.045488,0.246963,0.050798,0.242478,0.226463,0.178301,-0.113479,0.023802,0.000598,0.131659,0.055621,0.006897,0.101504,-0.050047,0.086967,0.079857,0.112783,0.236470,-0.012187,-0.005640,-0.006917,-0.034108,-0.012886,0.062238,0.233388,0.346638,0.168450,-0.006208,-0.022402,0.012490,0.100499,0.132130,0.183605,0.071577,0.089846,0.104487,0.021339,0.080158,0.072049,0.178767,-0.005776,0.097789,-0.019981,0.162461,0.034983,0.320278,-0.032372,0.052758,-0.044048,0.139318,0.129920,0.209946,0.209623,0.187940,-0.074675,0.110870,-0.108068,-0.021895,0.108597,0.049853,0.105082,-0.020477,0.135498,0.053395,-0.012749,0.110743,0.106290,0.210835,-0.037234,0.156282,0.248542,0.139510,0.030851,0.139587,0.153390,0.128972,0.124124,0.029886,0.237266,0.006674,0.218488,0.146463,-0.043440,0.053923,0.336941,0.047823,0.039042,0.087257,0.068607,0.048957,0.262491,0.213683,0.139104,0.257059,0.081803,0.176111,0.111127,0.054067,0.005803,0.216100,0.225530,0.036933,0.191718,0.112723,0.107431,0.147126,0.190271,0.064769,-0.018440,0.113759,0.119060,0.136426,0.046878,0.000109,0.133544,0.076133,0.312761,0.070785,-0.074554,0.043166,0.000284,0.104648,0.137304,0.077159,0.099368,0.006183,0.134208,0.106377,-0.091213,#
13,0.043154,-0.093792,0.191458,-0.047051,0.068272,-0.097158,0.132157,0.082310,-0.019997,-0.014671,-0.004371,0.039825,0.088721,1.000000,0.126432,0.021914,0.186182,0.130466,0.125207,0.088880,0.151653,0.163894,0.130629,0.169345,-0.115172,0.180982,0.030822,0.137082,0.033113,0.091026,0.017165,0.053691,0.185870,0.082462,0.081880,0.007008,0.067208,0.140324,0.040809,0.131253,-0.029963,0.124999,0.092980,0.049299,0.250215,0.125236,0.048372,0.078069,0.163476,0.087227,0.028081,0.091597,0.067947,0.228244,0.122302,0.101711,-0.054218,0.069804,0.010800,0.124506,0.128115,0.170335,0.135390,0.088131,0.165347,0.004959,0.180294,0.022694,0.138286,0.093619,0.086533,0.127945,-0.154216,0.111333,0.290170,0.213133,0.084090,0.071886,0.193879,0.216091,0.049473,0.146945,0.212835,0.032665,0.060387,-0.016745,-0.004022,0.040148,0.153397,0.068606,0.102610,0.010392,0.091070,0.199327,0.108499,-0.050377,0.112104,0.006430,-0.007574,0.280180,0.064579,0.174647,0.025455,0.275055,-0.022354,0.237196,0.100936,0.071484,0.203397,0.106895,0.092244,0.172430,0.195461,0.113053,0.248539,0.153292,0.082082,0.170282,0.036599,0.175731,0.027520,0.096486,0.048648,-0.039419,0.118986,-0.125400,0.002422,-0.146476,0.145712,0.064317,-0.079142,0.093671,0.065728,0.051911,0.238545,0.016913,-0.082533,0.035827,0.117379,0.142366,-0.169761,0.108920,0.240611,0.072591,-0.063984,0.152857,0.123390,0.086715,-0.025798,0.002754,-0.027491,0.112276,0.082549,0.167680,0.120786,0.195706,-0.068255,0.003481,0.136563,0.102909,0.029922,0.100423,0.120429,0.123813,-0.001662,0.173720,0.095023,0.010760,0.114693,0.028938,0.096027,0.084576,0.107901,0.170669,0.212677,0.016252,0.109494,0.247952,0.108114,-0.018655,-0.043479,0.163362,0.060162,0.064926,0.143340,0.132818,0.140489,0.092744,-0.133349,0.030625,0.162113,0.036773,0.120576,0.245826,0.120627,0.062867,0.047605,0.104135,0.133072,0.015207,#
14,0.189101,-0.004462,0.026606,0.172998,0.110740,0.120662,-0.020978,0.226305,0.231600,0.246696,0.063456,-0.007923,0.252166,0.126432,1.000000,0.248909,0.144991,0.123736,0.128594,0.281022,0.170355,0.010283,0.120292,0.225261,0.080692,-0.049428,0.179288,0.120743,0.140263,0.113132,0.113561,0.279457,0.140416,0.097243,0.141450,0.051848,0.011602,0.110584,0.164644,0.176415,-0.106892,0.003763,0.183321,0.121570,0.206178,0.183575,0.087496,-0.018961,-0.105378,0.147299,0.142068,-0.060542,0.129669,0.255889,0.179708,0.136053,0.118092,0.125247,0.143513,0.118482,0.193438,0.258923,0.159946,0.241069,0.051462,0.001431,0.054049,0.211759,0.024701,0.242886,0.186024,0.093065,0.189497,0.078348,0.275688,0.118318,0.339149,0.131078,0.081396,0.074625,0.242033,0.271994,0.150321,0.283658,0.187466,0.106912,0.109460,0.272848,0.106118,-0.026190,-0.002875,0.012026,0.201427,0.181045,0.029973,0.233375,0.316113,0.130407,0.097843,-0.048381,0.148613,0.224248,0.216648,0.183612,0.277735,0.039151,0.197738,0.065999,-0.061735,0.105581,0.096099,-0.042021,0.211808,0.146279,0.208450,0.172318,0.248092,-0.048587,0.077429,0.055518,0.236930,0.144908,0.126026,0.138220,0.236634,-0.035975,0.078315,0.182059,0.034305,0.294800,0.064611,0.007459,0.123800,0.239279,0.164398,0.156729,-0.129078,0.163893,0.065448,0.051886,0.020916,0.196446,0.127586,0.169639,-0.016652,0.255481,0.131361,0.131686,-0.013040,0.052992,0.140783,0.074726,0.087223,0.130634,0.241266,0.213861,0.136642,0.143643,0.033374,0.142493,-0.001574,0.033409,0.185375,0.147680,0.093600,0.144540,0.097532,-0.053040,0.136339,0.223153,0.211956,0.057503,0.182138,0.165657,0.041244,0.173198,0.151318,0.177515,0.192837,-0.042806,0.236054,0.271581,0.079296,0.022893,0.082658,0.073633,0.037959,-0.078198,0.018534,0.159046,-0.057688,0.042590,0.179011,0.148809,0.187398,0.104900,0.038771,0.049551,0.142102,0.045338,#
15,0.248493,-0.003015,0.125691,0.022296,0.069275,0.138544,0.019196,-0.037250,0.232141,0.196257,0.191804,0.023051,0.059216,0.021914,0.248909,1.000000,0.120637,0.115404,0.045671,0.127428,-0.028547,0.056257,0.182724,0.265965,-0.008864,0.086806,0.037684,0.069565,0.071204,0.277379,0.074101,0.199523,0.052597,0.148557,0.051695,0.197930,0.096125,0.082793,0.229515,0.015974,-0.047833,0.066225,0.135290,0.126162,0.180179,0.106837,-0.071097,0.185108,0.013143,0.229756,-0.159067,0.271170,0.007524,0.083456,0.152838,0.059486,0.097985,-0.024665,0.108686,0.170447,0.219777,0.142674,0.207765,0.140971,0.030360,0.282070,0.008630,0.056852,0.051795,-0.071470,0.168057,0.041813,-0.078407,0.064567,0.097393,0.066522,0.120769,0.145465,0.038712,-0.055210,0.277858,0.059138,-0.204661,0.223352,0.222816,0.098521,-0.013715,0.354872,0.037914,-0.020263,0.063027,0.000551,0.086996,0.064349,0.012512,0.139233,0.236733,-0.028908,0.022953,0.038492,0.219035,0.105879,0.093874,0.148188,0.063990,0.151730,0.236477,0.082188,-0.018591,0.136553,-0.113827,0.130389,0.057826,0.056215,-0.030567,0.067181,-0.007973,0.022830,0.049899,-0.011375,0.114407,0.016597,0.131457,0.087229,-0.053455,0.071651,0.170984,0.194064,0.037260,0.314652,-0.085796,-0.050989,0.024645,0.188171,0.117596,-0.035687,-0.154875,-0.129006,0.074614,-0.056237,-0.006314,0.044397,0.059152,-0.005566,0.063237,-0.104585,0.067279,0.075253,0.112800,-0.045948,0.147293,-0.084278,0.266388,0.139414,-0.009104,0.180422,0.199392,0.147528,0.030395,0.139169,0.027206,0.037572,0.279926,0.007096,0.111176,0.179323,0.194093,0.148886,0.234638,0.001828,-0.066329,0.166649,-0.153803,0.125511,0.062188,0.185747,0.162808,0.118233,0.054187,0.106192,0.226423,0.072817,0.099214,0.213280,0.060285,0.097941,-0.119055,0.198487,-0.079484,0.056034,-0.098874,0.054887,0.173048,0.059192,-0.016023,0.092998,0.190313,0.190800,0.129489,-0.005270,#
16,0.248903,0.053179,-0.138887,0.055526,0.015796,0.028328,0.098978,0.165320,-0.014883,0.059671,0.110192,0.036794,0.293980,0.186182,0.144991,0.120637,1.000000,0.077842,0.069485,0.233013,0.211518,0.091126,0.043010,0.133601,0.016742,0.097378,0.172507,-0.058359,-0.096314,0.266002,-0.055802,0.199963,0.150121,0.331585,0.172585,0.100805,0.116475,0.045099,0.190953,0.107050,-0.047337,0.052233,0.095772,0.129148,0.109937,0.166415,0.013948,0.041708,0.019168,0.121620,0.021323,0.023495,0.225634,0.265210,0.092866,0.064289,-0.121987,0.092056,0.112297,0.104873,-0.015417,0.244218,0.116630,0.051189,0.136634,0.154726,-0.089103,0.221979,0.131717,0.231695,0.013862,0.069140,0.206454,0.081453,0.162669,0.103180,0.046644,0.203528,0.100142,0.172320,0.156448,0.036425,0.030398,0.255534,0.132535,0.128729,0.213972,0.147840,0.231480,0.147061,0.120163,0.015409,0.084517,-0.000513,0.136940,0.095559,0.126139,-0.003790,0.117005,0.201127,-0.036496,0.075831,0.085949,0.191686,0.049264,0.197307,0.205364,0.128679,0.155276,0.172193,0.074109,0.129569,0.176421,-0.045840,0.254729,0.139010,0.186079,0.006064,0.082967,0.073735,0.293149,0.244318,0.214904,0.220091,0.321503,0.080500,0.112267,-0.035624,0.064540,0.209709,0.111425,0.041547,0.097550,-0.063114,0.256073,0.161794,-0.053797,-0.043491,-0.021032,0.103734,0.000912,0.119840,0.116210,0.112523,0.138947,0.013086,0.078401,0.027790,0.104134,0.312161,-0.117482,0.107012,0.040398,0.040914,0.084211,0.274186,0.129058,0.104467,0.156893,0.230758,0.002942,0.222497,0.178583,0.100172,0.083876,0.150353,0.168565,0.151567,0.170904,-0.089951,0.175254,0.242482,0.042934,-0.031614,0.085246,0.027021,0.076654,0.166515,0.203077,-0.065043,-0.025221,0.060775,0.111282,-0.058822,0.119399,0.247375,0.102813,0.208149,0.048993,0.061241,0.164326,-0.030895,-0.069802,0.042152,0.073608,0.153865,0.070751,-0.048369,-0.006857,-0.035344,#
17,0.266784,0.003735,0.047792,0.118568,0.090186,0.141786,0.099855,0.102780,0.049789,0.084722,0.058152,0.136968,0.205467,0.130466,0.123736,0.115404,0.077842,1.000000,0.083105,0.143062,0.151916,0.111704,0.065926,0.268222,0.146855,0.088603,0.132938,0.026249,-0.038125,0.067575,0.141769,0.022293,0.141024,0.024102,0.111196,0.284051,-0.053905,0.124749,0.300058,0.127029,0.158436,0.208116,0.117103,0.091582,0.066538,0.115639,0.107365,0.212450,0.035367,0.123686,0.181065,0.040904,0.095830,0.024362,0.119878,0.211169,0.071536,-0.027510,0.183818,-0.001456,0.118362,0.176745,-0.054494,0.109390,0.122535,0.353885,0.164666,0.271654,0.057658,0.084273,0.114919,0.251116,-0.057850,0.029944,0.092751,0.150931,0.081989,0.045604,0.113192,0.119530,0.122022,0.035745,0.087893,0.047065,-0.005183,0.043325,0.295115,0.108557,0.106352,0.052355,0.106390,-0.075483,0.160546,0.115326,-0.034053,0.243586,0.121949,0.122417,-0.046336,0.081092,0.160271,-0.053352,0.056365,0.163850,0.099148,0.117191,0.119338,0.060503,0.148760,0.023918,0.169408,0.149219,-0.006304,0.159262,0.212984,-0.008784,0.033628,-0.017875,0.073613,0.081063,0.056684,0.185893,0.049906,0.087956,0.227424,0.191714,0.188551,-0.105003,0.088753,0.159389,0.267040,0.188240,0.146517,0.069964,-0.057263,0.153456,0.040030,0.125340,0.146579,0.218000,0.147296,0.178735,0.225554,0.106997,0.158866,0.144309,0.080109,0.198043,0.025538,-0.048631,0.138458,-0.116360,0.004973,0.062713,0.281264,0.276247,0.182226,0.198860,0.174815,0.044054,0.059059,0.162312,0.252365,0.176607,0.118968,0.149821,-0.016302,0.066911,0.173064,0.011242,0.229887,0.031547,0.108836,0.102251,0.143310,-0.003261,0.143010,0.060196,0.018837,0.338317,0.118094,0.223811,0.153790,0.193512,0.139755,0.107563,0.111380,0.187604,0.118316,-0.019560,0.030318,0.148740,0.132668,0.206705,0.155636,0.258499,-0.021320,0.216858,-0.016398,0.113170,#
18,0.173632,-0.001321,0.049946,0.260976,0.125410,-0.150355,0.071000,0.044066,0.013359,0.213705,0.058120,0.102992,0.198066,0.125207,0.128594,0.045671,0.069485,0.083105,1.000000,0.236435,0.114870,0.188414,0.185907,0.194020,0.080497,0.110303,-0.055514,0.134192,-0.004684,0.000067,-0.079752,-0.034648,0.166066,0.191396,0.216688,0.212348,0.109845,0.171281,0.091652,0.185230,0.118200,-0.059271,0.084331,0.038060,0.258055,-0.030854,0.086323,0.053096,-0.119773,0.112668,0.007276,0.121590,0.142361,-0.025550,0.091039,0.126887,0.009341,0.114333,0.048374,0.140876,0.129751,0.052562,0.211003,0.042007,0.317701,0.070287,0.087483,0.071333,-0.176014,0.085740,0.101943,0.060537,0.055193,-0.029395,0.221010,0.149145,0.163444,0.128501,0.153060,0.063088,-0.013980,0.000952,0.147894,0.070512,0.019529,-0.032179,0.097900,0.059171,-0.007615,0.053232,0.186590,-0.003349,-0.036447,-0.001331,0.210318,0.194846,0.233062,0.034587,0.086315,0.164381,0.129230,0.122480,0.097565,0.059926,0.273338,0.149043,0.013186,-0.076338,0.106214,-0.033785,0.158287,0.056977,0.221494,0.074963,0.017382,0.026651,-0.013512,-0.214445,0.017546,0.112528,0.087861,0.144616,0.134701,-0.071041,0.078586,-0.072793,0.021452,0.139549,0.214998,0.021890,-0.071231,0.187165,-0.041901,0.148707,0.121524,0.105030,0.111855,0.165683,-0.059052,0.025497,-0.040490,0.145606,0.151083,0.160797,0.096860,0.263611,0.082739,0.018195,-0.016534,0.115803,-0.017370,0.115968,0.081626,0.107124,0.030854,0.125989,0.119725,0.164408,0.042112,0.177002,0.162127,0.083604,0.178618,0.122659,0.070134,0.333809,0.165217,0.078278,0.115975,0.217389,-0.063318,0.190399,0.120908,0.131963,-0.019655,0.123351,0.159235,0.144423,-0.028498,0.072265,0.027036,0.075339,0.062682,0.050424,0.052300,0.013953,0.302473,0.011003,0.055078,-0.029184,0.107620,0.024029,0.020652,0.215076,0.229959,0.151140,0.009455,0.104719,0.167453,-0.036246,#
19,0.250685,0.001348,0.058884,0.107454,0.315969,0.289560,-0.039891,0.053638,0.044156,0.261835,0.151627,-0.098433,0.189398,0.088880,0.281022,0.127428,0.233013,0.143062,0.236435,1.000000,0.075748,0.010050,0.179416,0.149206,0.039002,0.013001,0.193424,-0.013877,0.010091,0.212675,0.195933,0.074997,0.106025,0.101931,0.109735,0.124102,0.128618,0.022633,0.219525,0.181608,0.113971,0.045335,0.019399,0.000309,0.067668,0.107308,0.229098,0.162975,0.096980,0.173979,0.018723,0.019706,0.073167,0.125522,0.098293,0.223242,0.153408,-0.025588,0.141902,0.175521,0.207020,0.339212,0.234505,0.239610,0.288110,0.031848,0.055735,0.246656,-0.116505,0.027073,0.263097,0.085446,0.140432,0.209247,0.202731,0.248451,0.119658,0.172314,0.307104,0.157979,0.180047,0.055158,0.183963,0.126656,0.069859,0.213711,0.032151,0.319728,0.151332,-0.165441,0.144473,0.001887,0.229007,0.023039,-0.014636,0.208549,0.237768,0.125347,-0.072367,0.058612,0.100541,0.195453,0.215262,0.174340,0.177123,0.283909,0.202340,0.175055,0.165261,-0.044030,-0.044828,0.111205,0.253129,0.163169,0.166031,0.026192,0.275009,0.088360,0.125678,-0.118356,0.060052,0.289888,0.200712,0.134205,0.323757,-0.004055,0.312211,0.050444,0.181943,0.199503,0.107519,0.099665,0.045807,0.095589,0.205570,0.061058,0.042594,0.161857,-0.019701,0.021132,-0.008266,0.162375,0.144471,0.126028,0.112486,0.157149,0.110504,0.113705,0.110560,0.106086,0.097381,0.250867,0.090795,0.080908,0.199252,0.181824,0.133676,0.171879,0.206750,0.290547,0.220173,0.050898,0.140682,0.044630,0.217186,0.165759,0.027905,0.127401,0.176218,0.064044,0.148570,0.180853,0.290399,0.281626,0.109636,0.095441,0.180128,0.275143,0.198391,0.080451,-0.074004,0.216591,0.219156,0.261822,0.324304,0.148175,0.053708,0.052796,0.150423,0.086006,0.219792,0.225024,-0.017799,0.119588,0.024250,0.344983,-0.059864,0.139155,0.276087,0.123213,#
20,0.076841,-0.050865,0.153368,0.090014,0.322440,0.022199,0.229986,-0.041417,-0.076760,0.241457,0.035205,0.028846,0.098669,0.151653,0.170355,-0.028547,0.211518,0.151916,0.114870,0.075748,1.000000,0.194097,0.039474,0.116111,0.038091,0.200151,0.187511,-0.115104,0.065168,-0.021981,-0.002264,-0.027328,0.177306,0.191872,0.142892,0.315697,0.229871,0.156645,0.318473,0.210464,-0.008691,0.216285,0.003245,-0.057116,0.205169,0.089510,0.283847,-0.075859,-0.105071,0.129982,-0.047920,0.055761,0.087059,0.261960,0.254625,0.190555,0.101188,0.201011,0.115834,0.097895,0.138444,0.142635,0.154055,0.012182,0.023110,0.048257,-0.018981,0.151572,0.111681,0.251478,0.335315,0.141821,0.054062,0.113758,0.165823,0.032851,0.029883,0.161025,0.104585,0.069629,0.120076,0.255887,0.166652,0.044222,0.065920,0.064716,0.109930,0.058377,0.102219,0.015204,0.234413,0.052254,0.120302,0.177925,0.303045,0.023770,0.076449,0.226358,0.196984,0.022412,0.149647,0.127258,0.274914,0.038248,0.168805,0.098946,0.160554,0.046915,0.078998,0.259874,0.219906,0.277248,0.177535,-0.069968,0.203251,0.155201,0.282474,0.180054,0.112595,0.224477,0.149763,0.217576,0.080573,0.245519,0.105026,0.158583,0.212638,0.004951,0.353787,0.136760,0.277406,0.110521,0.059124,0.255127,0.105669,-0.043652,0.073843,-0.030266,0.102581,0.123828,0.073813,0.248001,0.101896,0.130165,0.120662,0.119302,0.102105,0.057575,-0.027403,0.259380,0.179593,0.089048,0.032769,0.229309,0.110721,0.120240,0.048922,0.030383,0.060788,0.237533,0.048969,0.214179,0.160550,0.166726,0.160713,-0.027963,-0.033426,0.061277,0.171505,0.075924,0.202417,0.040491,0.235454,0.051447,0.010067,0.068323,-0.066178,0.125631,0.321869,0.079893,0.059079,0.106582,0.060255,0.050360,0.123271,0.027340,0.089491,0.202136,0.090686,0.195348,-0.105050,0.017518,0.008537,0.314432,0.055614,0.011444,0.075952,0.058577,0.240692,0.189613,#
