0,1.000000,0.735084,0.767738,0.707522,0.618890,0.736623,0.699935,0.733279,0.701493,0.702880,0.725222,0.772367,0.711821,0.657511,0.729118,0.694056,0.713996,0.755561,0.721312,0.691686,0.715034,0.691668,0.713424,0.716033,0.670287,0.711876,0.734350,0.742632,0.638870,0.701046,0.723696,0.685606,0.688330,0.645828,0.728176,0.700553,0.741517,0.732082,0.719412,0.764661,0.701841,0.689425,0.730151,0.749120,0.707860,0.673214,0.746923,0.736035,0.676768,0.760260,0.724034,0.656317,0.753581,0.764541,0.697822,0.743267,0.717760,0.768666,0.708671,0.746420,0.771814,0.649809,0.726404,0.736239,0.701255,0.738993,0.760428,0.761406,0.726738,0.658037,0.752132,0.730714,0.790008,0.739468,0.722368,0.723024,0.726322,0.745053,0.730276,0.711135,0.796533,0.731633,0.718912,0.770249,0.712678,0.771303,0.728919,0.662784,0.629831,0.708831,0.700359,0.698390,0.706821,0.735674,0.706496,0.723353,0.642462,0.674502,0.721782,0.741235,0.718871,0.721451,0.657104,0.706308,0.720913,0.681255,0.666826,0.737180,0.745139,0.712835,0.755410,0.696462,0.754209,0.642019,0.702381,0.792642,0.646606,0.687015,0.694828,0.685740,0.679951,0.832085,0.700644,0.784558,0.694979,0.704223,0.695494,0.703587,0.671733,0.667474,0.696575,0.719452,0.722444,0.697552,0.717347,0.679015,0.705034,0.755999,0.684970,0.725491,0.691050,0.704637,0.644010,0.776040,0.764790,0.640459,0.720457,0.653634,0.742573,0.712801,0.703413,0.670963,0.711723,0.659957,0.687274,0.671700,0.683039,0.733550,0.758864,0.745052,0.735030,0.760873,0.688043,0.723954,0.702435,0.749054,0.747586,0.694783,0.681615,0.755165,0.731336,0.700006,0.713151,0.769465,0.789264,0.656686,0.687397,0.718934,0.727238,0.732305,0.680311,0.758661,0.656624,0.681478,0.692362,0.673956,0.737707,0.721932,0.716698,0.762563,0.723972,0.744255,0.677391,0.701892,0.679742,0.691041,0.689353,0.736182,0.766915,0.716886,#
1,0.735084,1.000000,0.738005,0.755900,0.714622,0.789532,0.669544,0.707133,0.730461,0.735659,0.732485,0.717510,0.722549,0.745249,0.759778,0.710832,0.699271,0.705693,0.736966,0.742398,0.769602,0.801056,0.768456,0.768924,0.701428,0.693697,0.801665,0.749235,0.649526,0.672635,0.790858,0.749772,0.743663,0.741571,0.767436,0.784585,0.662114,0.787422,0.771266,0.762801,0.701734,0.680573,0.685219,0.732965,0.701710,0.729433,0.776756,0.736755,0.783403,0.755584,0.730104,0.776771,0.747761,0.696494,0.767192,0.755183,0.721064,0.777761,0.773828,0.736587,0.720512,0.734195,0.646140,0.693730,0.744156,0.744345,0.789990,0.759093,0.757506,0.757089,0.745423,0.761536,0.837213,0.697287,0.742958,0.766942,0.706268,0.765399,0.719935,0.729984,0.793849,0.737881,0.808320,0.787885,0.759944,0.742586,0.702264,0.691436,0.729262,0.738083,0.728094,0.685618,0.748916,0.749890,0.663450,0.662644,0.699775,0.704230,0.708168,0.777827,0.738452,0.782887,0.698150,0.721082,0.742878,0.699834,0.675929,0.748789,0.740605,0.698722,0.735839,0.730572,0.733179,0.667109,0.688005,0.721972,0.727573,0.764695,0.717784,0.659966,0.789760,0.751852,0.685910,0.769115,0.669235,0.685228,0.734917,0.734865,0.761004,0.754043,0.710564,0.754436,0.692175,0.765808,0.758976,0.679653,0.687071,0.728045,0.732198,0.669043,0.762066,0.723642,0.698060,0.749266,0.720604,0.717506,0.749116,0.686578,0.740988,0.719433,0.761929,0.745655,0.749933,0.663452,0.727225,0.684628,0.728793,0.762563,0.688203,0.731507,0.718409,0.767944,0.752313,0.762701,0.765730,0.715263,0.728670,0.733628,0.647676,0.740821,0.748337,0.686382,0.726446,0.777483,0.757105,0.660403,0.707843,0.795219,0.686050,0.749650,0.721993,0.732928,0.683934,0.701786,0.699070,0.765991,0.745333,0.638419,0.734640,0.747469,0.752942,0.702517,0.673579,0.741909,0.774726,0.680084,0.687735,0.746697,0.717200,0.715654,#
2,0.767738,0.738005,1.000000,0.720125,0.633724,0.747738,0.680087,0.735188,0.704613,0.735703,0.721246,0.674290,0.663602,0.654021,0.723886,0.665587,0.692957,0.741625,0.678235,0.708782,0.682247,0.703309,0.652570,0.737649,0.686159,0.654403,0.776515,0.776682,0.707209,0.689264,0.749817,0.716697,0.718996,0.701979,0.709113,0.743086,0.726258,0.727744,0.791239,0.734764,0.694641,0.718586,0.674023,0.681471,0.665977,0.683506,0.814352,0.660579,0.712259,0.806415,0.703750,0.674856,0.718174,0.758902,0.779863,0.722283,0.711051,0.742885,0.672578,0.736660,0.763708,0.721366,0.693389,0.766356,0.709699,0.740292,0.786431,0.693063,0.732684,0.730062,0.779683,0.711836,0.812265,0.699700,0.740330,0.757946,0.742146,0.753390,0.710562,0.769117,0.773991,0.758852,0.751069,0.763729,0.744648,0.759854,0.743776,0.761037,0.719384,0.701925,0.756910,0.722214,0.727947,0.683747,0.745124,0.681308,0.638082,0.684925,0.810893,0.766844,0.701310,0.673874,0.654640,0.684021,0.710641,0.773071,0.711003,0.669228,0.783343,0.717886,0.740241,0.654611,0.770613,0.641526,0.696068,0.697110,0.663600,0.665726,0.766151,0.639648,0.716785,0.743182,0.675254,0.750363,0.706348,0.715262,0.701053,0.700417,0.718360,0.745089,0.738599,0.783355,0.735650,0.775839,0.733859,0.709976,0.665661,0.703460,0.686498,0.668845,0.762135,0.712207,0.674531,0.706750,0.717166,0.751731,0.704298,0.699972,0.724844,0.686219,0.728105,0.688497,0.730248,0.683381,0.668517,0.715727,0.715499,0.697991,0.651845,0.700663,0.685515,0.671154,0.730887,0.716911,0.679621,0.751585,0.780002,0.669402,0.658226,0.688696,0.729951,0.661621,0.695320,0.697495,0.737858,0.647201,0.678231,0.756703,0.713165,0.722794,0.682860,0.766498,0.623816,0.734531,0.686234,0.712717,0.697727,0.669826,0.740614,0.718494,0.718459,0.694185,0.733605,0.712046,0.701153,0.754337,0.679750,0.771115,0.665674,0.703503,#
3,0.707522,0.755900,0.720125,1.000000,0.687939,0.717057,0.686537,0.700853,0.701461,0.713874,0.681184,0.690513,0.723539,0.654440,0.692468,0.713523,0.663151,0.693986,0.705921,0.662800,0.704735,0.738951,0.648979,0.678146,0.731070,0.698195,0.720424,0.717727,0.685829,0.619407,0.706463,0.736266,0.672955,0.732506,0.730941,0.698280,0.650829,0.718926,0.653445,0.748634,0.692482,0.681836,0.672013,0.676773,0.676976,0.713565,0.784910,0.698799,0.770413,0.733208,0.722152,0.632140,0.712223,0.665855,0.740299,0.699674,0.620849,0.720418,0.786866,0.721445,0.697797,0.694266,0.631717,0.685199,0.736775,0.734369,0.708024,0.688162,0.682889,0.697497,0.716258,0.748605,0.778711,0.731207,0.702706,0.683387,0.674955,0.721864,0.707371,0.720531,0.761837,0.670140,0.702502,0.773700,0.713744,0.727918,0.700174,0.661010,0.664132,0.712258,0.651569,0.673838,0.726059,0.737692,0.688409,0.692392,0.631158,0.628489,0.676766,0.726752,0.679638,0.669748,0.608056,0.657632,0.713722,0.700083,0.689613,0.724841,0.686720,0.683471,0.653946,0.690353,0.684766,0.663611,0.697318,0.721642,0.655066,0.673645,0.702409,0.632323,0.646098,0.715631,0.611915,0.729344,0.668633,0.688222,0.713707,0.687918,0.676179,0.728186,0.655663,0.716133,0.649233,0.740396,0.758847,0.709979,0.742461,0.673785,0.668570,0.639501,0.691718,0.688419,0.646570,0.674853,0.668240,0.743044,0.652345,0.656287,0.683999,0.624407,0.664679,0.682848,0.706579,0.645986,0.676515,0.626193,0.732448,0.723523,0.647231,0.710603,0.739454,0.717983,0.676101,0.743322,0.691899,0.709272,0.692985,0.632792,0.667900,0.677446,0.725665,0.696201,0.674980,0.705530,0.680773,0.679630,0.677334,0.697071,0.719244,0.675313,0.647169,0.747186,0.632830,0.673933,0.635241,0.674107,0.668023,0.617514,0.767618,0.733712,0.660347,0.664642,0.664466,0.675205,0.698190,0.693839,0.692447,0.720655,0.659387,0.711817,#
4,0.618890,0.714622,0.633724,0.687939,1.000000,0.697016,0.703437,0.616559,0.584045,0.653959,0.644320,0.665073,0.589807,0.649902,0.623269,0.702549,0.620280,0.688729,0.628986,0.679854,0.680801,0.685634,0.624040,0.687033,0.677258,0.595630,0.691828,0.649006,0.616205,0.592258,0.756926,0.636881,0.692103,0.597366,0.628453,0.668100,0.598491,0.694201,0.620358,0.722665,0.638239,0.627386,0.630534,0.686178,0.646739,0.649197,0.703148,0.637915,0.670813,0.690536,0.675590,0.646514,0.674362,0.570537,0.687713,0.688206,0.599647,0.681546,0.709720,0.684159,0.647093,0.687577,0.613971,0.635687,0.698515,0.724507,0.734998,0.614875,0.648408,0.671406,0.708609,0.731292,0.687904,0.622846,0.640528,0.661495,0.647505,0.686000,0.696288,0.662815,0.653583,0.658430,0.690045,0.662105,0.703707,0.620043,0.597487,0.580282,0.647106,0.702443,0.606228,0.598116,0.590165,0.654068,0.589121,0.648501,0.656282,0.575230,0.586753,0.669690,0.705124,0.684710,0.614903,0.626707,0.666409,0.624500,0.675833,0.655786,0.674850,0.660319,0.603941,0.662694,0.668000,0.679978,0.638671,0.679294,0.607743,0.733334,0.617668,0.576258,0.683465,0.654944,0.687917,0.708301,0.636758,0.669893,0.648933,0.621813,0.723818,0.694321,0.743363,0.689663,0.602770,0.665871,0.713792,0.667956,0.652604,0.668520,0.635802,0.604032,0.630565,0.705422,0.621849,0.673099,0.630583,0.647063,0.688001,0.607487,0.616854,0.663955,0.646659,0.736968,0.623993,0.553238,0.692021,0.623546,0.690357,0.646645,0.666790,0.641284,0.593673,0.674134,0.705651,0.684627,0.672038,0.662108,0.665896,0.609697,0.587955,0.679143,0.648109,0.631531,0.649304,0.649890,0.733762,0.641557,0.627438,0.683656,0.658467,0.658471,0.710054,0.649200,0.675032,0.609016,0.698811,0.668955,0.626317,0.683571,0.631558,0.624663,0.609603,0.604145,0.617326,0.654980,0.677629,0.561086,0.614254,0.690822,0.676042,0.611186,#
5,0.736623,0.789532,0.747738,0.717057,0.697016,1.000000,0.650188,0.711332,0.681894,0.704985,0.657629,0.693729,0.661672,0.685465,0.701038,0.677211,0.676500,0.713310,0.712021,0.751808,0.710049,0.679384,0.652360,0.719697,0.705133,0.722851,0.762617,0.777151,0.597288,0.685777,0.741849,0.746590,0.726482,0.728862,0.684714,0.755443,0.705533,0.695069,0.709187,0.728844,0.682586,0.688526,0.625338,0.686444,0.706702,0.696808,0.745335,0.736081,0.736269,0.743764,0.737471,0.627474,0.719652,0.744900,0.728793,0.808017,0.672082,0.726522,0.751934,0.759043,0.674338,0.673583,0.687669,0.750841,0.689740,0.692174,0.746138,0.701455,0.716715,0.754134,0.786532,0.729830,0.795289,0.690859,0.721460,0.672538,0.704427,0.749021,0.711324,0.701778,0.746679,0.734619,0.753197,0.733692,0.699367,0.715032,0.670094,0.667547,0.724390,0.716434,0.698234,0.646184,0.694030,0.722828,0.652571,0.582431,0.703765,0.655613,0.741827,0.673429,0.752127,0.710917,0.752702,0.715558,0.705414,0.715277,0.706011,0.718265,0.688730,0.715783,0.688751,0.732612,0.711083,0.613283,0.614574,0.693923,0.724852,0.750836,0.677609,0.632570,0.684945,0.752601,0.687925,0.801312,0.671729,0.701023,0.756260,0.658030,0.740918,0.695972,0.702041,0.782966,0.738078,0.770914,0.741928,0.655708,0.650369,0.738935,0.655299,0.653573,0.702413,0.676330,0.690291,0.716315,0.804545,0.655423,0.687256,0.680437,0.712742,0.758409,0.736495,0.723840,0.708524,0.658026,0.698206,0.640303,0.742471,0.710627,0.697164,0.706484,0.703113,0.753139,0.719808,0.725749,0.739434,0.681334,0.650617,0.704503,0.642436,0.687121,0.759176,0.690635,0.701930,0.697312,0.726923,0.662976,0.680904,0.758164,0.736259,0.727478,0.698389,0.727199,0.604214,0.666619,0.673291,0.730781,0.675201,0.679967,0.770627,0.745746,0.681182,0.748806,0.652418,0.740307,0.676810,0.691134,0.641847,0.754002,0.697864,0.660913,#
6,0.699935,0.669544,0.680087,0.686537,0.703437,0.650188,1.000000,0.632978,0.700900,0.736139,0.698179,0.701917,0.644204,0.705816,0.616107,0.766579,0.700666,0.749112,0.698671,0.672264,0.727398,0.674950,0.631796,0.678019,0.736574,0.711927,0.715243,0.736283,0.626695,0.692988,0.730200,0.735101,0.707683,0.688386,0.676114,0.722824,0.717662,0.731366,0.665469,0.718426,0.699330,0.689617,0.747873,0.721698,0.704986,0.596516,0.744033,0.719191,0.730321,0.764295,0.717763,0.684223,0.722271,0.608598,0.714266,0.686008,0.684844,0.761409,0.736445,0.668421,0.742985,0.733581,0.650376,0.676653,0.754092,0.727048,0.783321,0.729089,0.738621,0.663160,0.755523,0.768219,0.745087,0.684980,0.663864,0.720346,0.739853,0.773263,0.754243,0.680698,0.745311,0.718509,0.669527,0.793179,0.742252,0.683915,0.701080,0.675393,0.693206,0.705247,0.662160,0.676875,0.633194,0.723114,0.645087,0.680609,0.659712,0.684930,0.695048,0.711386,0.723676,0.728170,0.670121,0.684021,0.740692,0.639715,0.724397,0.689072,0.738468,0.677072,0.639392,0.669339,0.674070,0.682912,0.611309,0.702192,0.601048,0.692054,0.654861,0.675419,0.665391,0.679631,0.638270,0.763049,0.702709,0.680368,0.644849,0.688661,0.665299,0.669085,0.735538,0.692477,0.652932,0.665700,0.711980,0.684346,0.713383,0.682871,0.723095,0.719817,0.709166,0.704114,0.603804,0.687449,0.684359,0.717651,0.711307,0.689071,0.669341,0.658518,0.676476,0.729191,0.653757,0.653474,0.637896,0.644548,0.687873,0.598914,0.678952,0.747532,0.705991,0.716230,0.671009,0.690663,0.718499,0.739047,0.755966,0.601135,0.658119,0.706370,0.685713,0.718369,0.634464,0.656435,0.699408,0.693188,0.671159,0.728842,0.690514,0.730212,0.702832,0.734614,0.677163,0.716387,0.662813,0.668119,0.693168,0.667078,0.684512,0.691680,0.693979,0.683748,0.654893,0.665561,0.707163,0.737931,0.716806,0.730100,0.695448,0.716884,#
7,0.733279,0.707133,0.735188,0.700853,0.616559,0.711332,0.632978,1.000000,0.685755,0.640876,0.677600,0.654758,0.688072,0.684479,0.704890,0.636472,0.645920,0.703579,0.682493,0.672049,0.728236,0.661194,0.733337,0.665907,0.685576,0.713389,0.713844,0.692070,0.615721,0.723372,0.682093,0.674308,0.672770,0.669726,0.702837,0.707905,0.676946,0.711722,0.687017,0.719420,0.698843,0.721143,0.634444,0.670697,0.670945,0.668507,0.728447,0.736944,0.741509,0.709254,0.691584,0.667404,0.711339,0.725011,0.746320,0.690440,0.695324,0.701511,0.744865,0.773541,0.636500,0.680012,0.704790,0.719892,0.708864,0.712637,0.786265,0.655040,0.714447,0.611314,0.753552,0.660078,0.749120,0.732608,0.715617,0.716376,0.709118,0.714580,0.636538,0.656007,0.772323,0.672657,0.744302,0.738956,0.673824,0.722652,0.731041,0.665304,0.686933,0.694191,0.688826,0.711163,0.669372,0.676404,0.688332,0.671136,0.673134,0.696751,0.705029,0.685845,0.709071,0.659469,0.644099,0.639520,0.719383,0.656123,0.686797,0.707000,0.732779,0.673210,0.741537,0.685145,0.729006,0.624227,0.645792,0.721234,0.633831,0.664100,0.687094,0.659107,0.721440,0.710419,0.639829,0.731250,0.722490,0.729974,0.681696,0.688991,0.633379,0.681451,0.693268,0.719112,0.711311,0.668464,0.714696,0.715198,0.683710,0.742956,0.630402,0.671910,0.664875,0.675331,0.680543,0.693314,0.728290,0.652270,0.717124,0.593136,0.674513,0.656556,0.677436,0.686702,0.702354,0.569080,0.640454,0.694790,0.721234,0.720796,0.699258,0.687354,0.703962,0.665474,0.751191,0.678895,0.701112,0.686750,0.723348,0.642252,0.589514,0.672666,0.756961,0.633023,0.660527,0.732984,0.687840,0.625669,0.628362,0.644024,0.707265,0.698213,0.669986,0.712688,0.677788,0.701338,0.630117,0.691433,0.699494,0.629573,0.715157,0.735386,0.682507,0.678178,0.631870,0.664246,0.712357,0.690907,0.684856,0.764030,0.723602,0.670620,#
8,0.701493,0.730461,0.704613,0.701461,0.584045,0.681894,0.700900,0.685755,1.000000,0.715403,0.696019,0.697692,0.680348,0.707174,0.673644,0.718863,0.648435,0.739450,0.626022,0.699772,0.707006,0.710569,0.647902,0.672731,0.724481,0.678410,0.696770,0.657788,0.680398,0.639219,0.704644,0.726629,0.647629,0.644165,0.666929,0.762882,0.672949,0.726782,0.660304,0.696097,0.626121,0.629099,0.772101,0.675087,0.639792,0.622605,0.701015,0.667793,0.721614,0.693368,0.746643,0.666224,0.657298,0.709824,0.695551,0.722098,0.691678,0.714071,0.680028,0.672014,0.713810,0.690115,0.726182,0.711483,0.743601,0.742477,0.743680,0.721809,0.774881,0.668590,0.733908,0.730609,0.771665,0.693880,0.697182,0.667457,0.693076,0.746327,0.687596,0.676375,0.745742,0.683558,0.680558,0.724590,0.741006,0.683137,0.660615,0.689677,0.628804,0.636974,0.694427,0.648795,0.646401,0.647205,0.627630,0.639715,0.691618,0.707763,0.775307,0.762400,0.715234,0.633580,0.701112,0.721242,0.658827,0.689358,0.662414,0.683614,0.637827,0.721290,0.644602,0.671405,0.702216,0.628471,0.589856,0.706428,0.630079,0.656622,0.677400,0.713470,0.639217,0.680346,0.619203,0.746063,0.668647,0.707950,0.643278,0.664995,0.710026,0.684814,0.658460,0.717008,0.692411,0.683047,0.712563,0.682207,0.702297,0.687164,0.672065,0.669433,0.701850,0.678512,0.669875,0.630715,0.714307,0.619178,0.649938,0.674208,0.700222,0.686720,0.636846,0.717380,0.625641,0.708875,0.635575,0.629684,0.698795,0.722652,0.735690,0.715436,0.702574,0.650428,0.708804,0.682364,0.651580,0.674305,0.691124,0.672365,0.684943,0.642366,0.703803,0.692441,0.603633,0.690616,0.727259,0.642299,0.665431,0.734826,0.678697,0.680261,0.670096,0.707212,0.665596,0.687635,0.660501,0.656288,0.752242,0.637392,0.682258,0.723456,0.722020,0.705870,0.705213,0.702969,0.685279,0.639463,0.616022,0.703746,0.687500,0.723990,#
9,0.702880,0.735659,0.735703,0.713874,0.653959,0.704985,0.736139,0.640876,0.715403,1.000000,0.702343,0.658662,0.698155,0.725263,0.744877,0.713883,0.693687,0.739600,0.680237,0.651755,0.756216,0.679534,0.629111,0.696714,0.713632,0.631411,0.732109,0.795251,0.648296,0.720787,0.709384,0.744894,0.721265,0.702911,0.682975,0.723476,0.680181,0.702547,0.710347,0.774832,0.716221,0.713670,0.655082,0.683615,0.719029,0.671053,0.721907,0.696296,0.740522,0.738552,0.724280,0.666795,0.639090,0.669647,0.715839,0.713115,0.736677,0.803575,0.661613,0.699666,0.733155,0.717854,0.677153,0.694264,0.674614,0.768820,0.787336,0.716638,0.780544,0.675377,0.728540,0.749053,0.748589,0.687184,0.700375,0.720285,0.745150,0.777583,0.695832,0.793034,0.768156,0.740810,0.720581,0.807926,0.723739,0.697400,0.712222,0.763019,0.706496,0.702006,0.712394,0.650151,0.711357,0.681272,0.690133,0.654156,0.647792,0.638994,0.690621,0.739185,0.768958,0.720875,0.727637,0.702239,0.738768,0.726592,0.677793,0.734088,0.770228,0.739702,0.707516,0.703608,0.719787,0.671933,0.659514,0.756453,0.574981,0.705906,0.667610,0.676098,0.659387,0.740619,0.664888,0.761722,0.710039,0.702212,0.696234,0.686717,0.733470,0.669741,0.693756,0.768696,0.674444,0.708809,0.744560,0.643562,0.713776,0.719590,0.696476,0.666897,0.774749,0.762835,0.714780,0.751881,0.732612,0.753159,0.715895,0.736656,0.720689,0.690708,0.650079,0.673971,0.714854,0.684574,0.680138,0.689366,0.667505,0.726988,0.665206,0.754569,0.736652,0.755940,0.721570,0.707933,0.706376,0.760651,0.681065,0.693018,0.711554,0.673133,0.723397,0.668730,0.677419,0.669120,0.742121,0.738246,0.709529,0.775859,0.655735,0.747211,0.735602,0.715310,0.725982,0.659002,0.679648,0.710236,0.704935,0.667231,0.732740,0.677497,0.710348,0.715769,0.646114,0.673865,0.687230,0.668112,0.728338,0.716031,0.694176,0.683192,#
10,0.725222,0.732485,0.721246,0.681184,0.644320,0.657629,0.698179,0.677600,0.696019,0.702343,1.000000,0.711925,0.701042,0.692023,0.654986,0.689985,0.701576,0.674362,0.748834,0.693142,0.701414,0.688239,0.681233,0.738863,0.676632,0.691044,0.731139,0.745750,0.680570,0.695993,0.703226,0.675580,0.677437,0.702282,0.708370,0.726198,0.727201,0.736608,0.707412,0.697183,0.695604,0.642423,0.715295,0.668671,0.668015,0.694539,0.793011,0.702608,0.711124,0.774239,0.696708,0.716788,0.699631,0.631639,0.732824,0.746107,0.705432,0.791978,0.654407,0.730717,0.727116,0.722652,0.734739,0.708808,0.725395,0.668866,0.777619,0.704836,0.759288,0.687730,0.798173,0.746078,0.785918,0.609957,0.707322,0.766961,0.670182,0.751400,0.715815,0.676115,0.773041,0.690710,0.710781,0.724254,0.706699,0.683942,0.724537,0.655757,0.683871,0.758054,0.636414,0.693951,0.749703,0.644064,0.626421,0.682127,0.655963,0.725416,0.693399,0.735413,0.687761,0.653272,0.666405,0.717990,0.711454,0.698571,0.693973,0.682358,0.700587,0.684921,0.712727,0.655186,0.743644,0.684186,0.648008,0.728293,0.613466,0.697812,0.681529,0.653969,0.689376,0.715402,0.635753,0.749782,0.653126,0.674525,0.699068,0.680059,0.735148,0.703068,0.687971,0.726276,0.665748,0.698752,0.741454,0.788838,0.677599,0.684947,0.720872,0.715896,0.735730,0.720451,0.614211,0.702348,0.674938,0.705284,0.743432,0.675035,0.697602,0.723712,0.640022,0.689053,0.671648,0.654145,0.720765,0.644908,0.721119,0.730718,0.672007,0.668094,0.746330,0.664897,0.685228,0.703674,0.711146,0.678802,0.722837,0.639631,0.659971,0.756816,0.689134,0.731483,0.620469,0.680294,0.749619,0.670688,0.639314,0.717750,0.646865,0.732853,0.667525,0.691719,0.675469,0.665817,0.594631,0.693845,0.723249,0.693416,0.644002,0.719867,0.696936,0.634037,0.658196,0.737188,0.696432,0.675460,0.683179,0.718726,0.695790,0.753400,#
11,0.772367,0.717510,0.674290,0.690513,0.665073,0.693729,0.701917,0.654758,0.697692,0.658662,0.711925,1.000000,0.708549,0.698588,0.721552,0.709760,0.703561,0.756153,0.760559,0.705544,0.693356,0.663195,0.722775,0.711151,0.733820,0.678256,0.720441,0.687912,0.703582,0.633700,0.729017,0.733510,0.725865,0.678276,0.627916,0.720748,0.733714,0.763915,0.675896,0.699369,0.709632,0.625879,0.713859,0.658701,0.663875,0.610996,0.757427,0.755460,0.687994,0.756650,0.692940,0.641545,0.754030,0.662380,0.721087,0.725898,0.638296,0.789553,0.708966,0.745719,0.698288,0.653296,0.756812,0.689631,0.719218,0.711784,0.723020,0.715938,0.759336,0.692213,0.758110,0.705579,0.760776,0.721086,0.763495,0.700367,0.741491,0.757882,0.699200,0.650151,0.722236,0.696975,0.741867,0.737788,0.770422,0.679938,0.635056,0.654885,0.623888,0.652628,0.688088,0.665971,0.660692,0.677574,0.600928,0.697166,0.668109,0.705081,0.696366,0.730126,0.692544,0.703663,0.717089,0.704565,0.714637,0.684539,0.710192,0.731602,0.750705,0.684716,0.739236,0.741407,0.717930,0.626220,0.626739,0.727427,0.675821,0.649356,0.673799,0.719991,0.637990,0.697918,0.671593,0.767330,0.709663,0.712603,0.726135,0.731192,0.717062,0.723229,0.736869,0.694363,0.737761,0.718407,0.741077,0.724383,0.731887,0.723281,0.705104,0.676204,0.666875,0.662588,0.668640,0.724706,0.707456,0.643188,0.758748,0.677362,0.710521,0.703493,0.673097,0.684781,0.676344,0.711904,0.715866,0.641884,0.723074,0.669290,0.681745,0.696208,0.751736,0.730129,0.752190,0.729410,0.747401,0.706559,0.738901,0.615072,0.677533,0.773190,0.732693,0.684147,0.727554,0.778730,0.739712,0.666459,0.690503,0.702165,0.688675,0.710365,0.697712,0.671573,0.712160,0.658026,0.700783,0.626188,0.730818,0.720823,0.645220,0.662443,0.699828,0.730989,0.653382,0.696762,0.655337,0.686431,0.686449,0.693891,0.716266,0.650272,#
12,0.711821,0.722549,0.663602,0.723539,0.589807,0.661672,0.644204,0.688072,0.680348,0.698155,0.701042,0.708549,1.000000,0.700342,0.698740,0.676135,0.642099,0.709036,0.731138,0.642977,0.711503,0.623648,0.697059,0.724431,0.702952,0.724909,0.672851,0.713495,0.634776,0.636910,0.688867,0.679337,0.676839,0.705344,0.697693,0.701834,0.669668,0.736143,0.700749,0.681863,0.598992,0.593780,0.638403,0.649634,0.703312,0.684205,0.761621,0.698621,0.727657,0.742249,0.759659,0.593048,0.646491,0.687453,0.713869,0.731305,0.668524,0.691287,0.693337,0.691327,0.664612,0.666406,0.700105,0.652524,0.706579,0.715024,0.704666,0.685717,0.752248,0.672974,0.715219,0.713115,0.743649,0.686145,0.714142,0.690197,0.694334,0.728886,0.708300,0.709039,0.743579,0.671043,0.720488,0.729152,0.667343,0.710056,0.636999,0.689740,0.624190,0.649778,0.727829,0.641211,0.735135,0.653239,0.599077,0.668632,0.680523,0.629170,0.652026,0.684698,0.644476,0.720527,0.665448,0.681014,0.656547,0.649689,0.644586,0.686907,0.732558,0.699117,0.679547,0.691566,0.699859,0.595563,0.731286,0.715496,0.539964,0.610859,0.685162,0.662147,0.646870,0.734263,0.620331,0.726332,0.663991,0.744368,0.710069,0.655122,0.661818,0.661180,0.604017,0.631841,0.630592,0.684083,0.660374,0.673160,0.638080,0.690720,0.627571,0.614969,0.714141,0.663655,0.631832,0.725091,0.623264,0.655794,0.704055,0.634299,0.678747,0.686712,0.690940,0.607174,0.702376,0.594805,0.644203,0.700271,0.710378,0.736197,0.729797,0.666074,0.685450,0.730389,0.700311,0.690104,0.737381,0.632501,0.655692,0.710687,0.624632,0.697317,0.715157,0.616798,0.676557,0.703164,0.695976,0.628254,0.731487,0.714475,0.626817,0.652182,0.665921,0.727086,0.662163,0.621463,0.578790,0.625477,0.669940,0.653979,0.742015,0.708499,0.658610,0.678738,0.579356,0.665416,0.627158,0.707106,0.670269,0.723270,0.728625,0.648021,#
13,0.657511,0.745249,0.654021,0.654440,0.649902,0.685465,0.705816,0.684479,0.707174,0.725263,0.692023,0.698588,0.700342,1.000000,0.679390,0.670695,0.618100,0.755197,0.751999,0.681596,0.701970,0.660165,0.724808,0.672108,0.710878,0.690613,0.674851,0.713081,0.674093,0.770103,0.662877,0.689523,0.715732,0.735412,0.599057,0.699517,0.689192,0.773055,0.691762,0.738044,0.770894,0.649609,0.719375,0.679941,0.717178,0.694007,0.730506,0.732627,0.763646,0.738220,0.732130,0.725781,0.651657,0.643370,0.759521,0.769641,0.730334,0.774618,0.724693,0.740645,0.715994,0.692829,0.671594,0.728614,0.768295,0.754941,0.755361,0.715821,0.765443,0.664871,0.715619,0.718988,0.765945,0.725330,0.711923,0.689200,0.728085,0.766656,0.739562,0.686372,0.750784,0.701715,0.721187,0.793535,0.721322,0.759892,0.644814,0.643855,0.725781,0.675202,0.653268,0.704306,0.677787,0.724149,0.651190,0.636400,0.674338,0.666674,0.691660,0.730035,0.714053,0.716378,0.751619,0.701271,0.746364,0.729500,0.680459,0.734554,0.703944,0.711582,0.692333,0.685459,0.721749,0.667692,0.655033,0.734935,0.606314,0.685418,0.738817,0.663926,0.719432,0.697201,0.670035,0.686223,0.686587,0.706306,0.730796,0.674570,0.708019,0.667963,0.708285,0.665607,0.684403,0.709827,0.709481,0.679729,0.680437,0.732008,0.751276,0.633128,0.741044,0.730655,0.705304,0.677284,0.684987,0.674235,0.720461,0.676001,0.703062,0.685896,0.734962,0.728091,0.676886,0.687454,0.641959,0.654431,0.747215,0.693343,0.714823,0.690368,0.738985,0.697866,0.717593,0.714978,0.743050,0.689046,0.724478,0.664011,0.691066,0.703032,0.719870,0.731245,0.728763,0.723545,0.748756,0.703926,0.705472,0.743979,0.685293,0.741636,0.721593,0.699848,0.743638,0.653126,0.697612,0.711805,0.662808,0.695017,0.679422,0.722004,0.723592,0.697543,0.659530,0.707384,0.712920,0.676452,0.694302,0.746813,0.728117,0.667878,#
14,0.729118,0.759778,0.723886,0.692468,0.623269,0.701038,0.616107,0.704890,0.673644,0.744877,0.654986,0.721552,0.698740,0.679390,1.000000,0.643544,0.676763,0.697940,0.645439,0.674791,0.712005,0.676518,0.705093,0.755800,0.679090,0.621010,0.718850,0.689468,0.629581,0.677066,0.747817,0.653259,0.683882,0.658446,0.720652,0.733520,0.644315,0.719448,0.728893,0.695983,0.694501,0.659439,0.642416,0.663889,0.670565,0.682377,0.716430,0.653036,0.697722,0.698953,0.658400,0.669282,0.657343,0.732743,0.710775,0.702649,0.652358,0.676594,0.707036,0.673358,0.681385,0.713852,0.701168,0.675605,0.687292,0.691584,0.728717,0.676008,0.758851,0.688257,0.713828,0.664572,0.758108,0.704240,0.726206,0.684781,0.663564,0.744264,0.671801,0.672557,0.715569,0.676545,0.741052,0.720233,0.693229,0.713390,0.618658,0.619726,0.698996,0.601754,0.690105,0.615362,0.705079,0.743848,0.706595,0.661938,0.660299,0.643499,0.662176,0.708708,0.696682,0.684422,0.696682,0.643191,0.707193,0.704669,0.642636,0.646670,0.774542,0.697477,0.709305,0.721182,0.738739,0.615896,0.584295,0.697591,0.592757,0.621704,0.659574,0.671395,0.679397,0.746681,0.627767,0.709136,0.689627,0.608836,0.713312,0.703880,0.643686,0.663931,0.622033,0.745766,0.637026,0.673536,0.692756,0.671849,0.732263,0.690320,0.664146,0.660444,0.704972,0.712347,0.620181,0.717545,0.677187,0.693114,0.763403,0.628410,0.695555,0.619454,0.691990,0.671045,0.649173,0.649816,0.669393,0.665679,0.671265,0.685062,0.623825,0.685135,0.711427,0.675611,0.722445,0.648589,0.712614,0.652705,0.629018,0.659125,0.582656,0.718545,0.695654,0.614696,0.691521,0.722152,0.766864,0.661467,0.664869,0.694206,0.667944,0.694293,0.643475,0.701477,0.690234,0.652033,0.678636,0.674802,0.733727,0.660497,0.717406,0.649665,0.686700,0.673929,0.669022,0.692901,0.621755,0.656672,0.670669,0.711274,0.644527,0.577356,#
15,0.694056,0.710832,0.665587,0.713523,0.702549,0.677211,0.766579,0.636472,0.718863,0.713883,0.689985,0.709760,0.676135,0.670695,0.643544,1.000000,0.657923,0.731066,0.717008,0.671882,0.684250,0.734598,0.681336,0.687429,0.731661,0.670032,0.660315,0.680370,0.657468,0.635278,0.745949,0.739748,0.715317,0.751615,0.648511,0.751694,0.719218,0.759881,0.689554,0.660893,0.640075,0.627506,0.710158,0.680166,0.720837,0.650080,0.736579,0.675430,0.747553,0.736672,0.719115,0.663311,0.668225,0.683128,0.685964,0.705129,0.676864,0.738185,0.720218,0.695119,0.720751,0.698462,0.665512,0.719898,0.734402,0.707281,0.737671,0.727672,0.695226,0.641990,0.736695,0.693205,0.694485,0.664669,0.727952,0.714149,0.734361,0.711407,0.751764,0.694856,0.694506,0.680315,0.710321,0.740311,0.736771,0.684324,0.621356,0.668075,0.667642,0.642572,0.624665,0.677631,0.689739,0.708017,0.609088,0.648966,0.641103,0.699164,0.671549,0.727567,0.717510,0.682538,0.710275,0.721637,0.689159,0.657966,0.634464,0.705280,0.684380,0.736912,0.661582,0.615297,0.713588,0.677961,0.649144,0.674252,0.598148,0.652067,0.658901,0.750004,0.671880,0.708351,0.634543,0.749490,0.681021,0.705035,0.695119,0.628887,0.729254,0.722401,0.717713,0.681598,0.655539,0.605097,0.701515,0.720726,0.715955,0.665633,0.646755,0.675228,0.664498,0.659443,0.633968,0.695423,0.702288,0.713914,0.654131,0.669287,0.704359,0.699711,0.684780,0.739853,0.660236,0.684094,0.667344,0.623056,0.721044,0.661878,0.712432,0.695333,0.682016,0.716118,0.707487,0.691026,0.693499,0.684629,0.689811,0.621317,0.679827,0.703231,0.660052,0.714823,0.612985,0.707733,0.713122,0.712906,0.682970,0.711393,0.663786,0.729178,0.701587,0.720976,0.642441,0.682250,0.690426,0.647674,0.665904,0.601476,0.632910,0.691061,0.669522,0.708214,0.608442,0.642654,0.643682,0.646494,0.674368,0.676219,0.728818,0.692336,#
16,0.713996,0.699271,0.692957,0.663151,0.620280,0.676500,0.700666,0.645920,0.648435,0.693687,0.701576,0.703561,0.642099,0.618100,0.676763,0.657923,1.000000,0.723170,0.730785,0.696644,0.767932,0.633309,0.616403,0.703856,0.701583,0.705684,0.704729,0.645799,0.568551,0.647595,0.745072,0.682293,0.680092,0.597260,0.678242,0.710420,0.741562,0.745823,0.681374,0.711801,0.662101,0.641667,0.655740,0.641997,0.668182,0.672404,0.690141,0.675353,0.711650,0.747530,0.629544,0.656967,0.678420,0.687673,0.675622,0.723058,0.609719,0.709962,0.678461,0.639573,0.726272,0.718088,0.658236,0.661987,0.675805,0.654589,0.778979,0.677598,0.732332,0.681307,0.738648,0.722874,0.747749,0.654927,0.693182,0.676456,0.674583,0.731457,0.662114,0.718159,0.763355,0.699058,0.728374,0.731694,0.702334,0.686830,0.697281,0.590188,0.620673,0.675762,0.609750,0.671552,0.688150,0.655293,0.630063,0.707041,0.654506,0.662470,0.696271,0.692594,0.718061,0.685117,0.668842,0.679241,0.675529,0.722553,0.703850,0.660571,0.765455,0.674023,0.682821,0.686477,0.707696,0.657562,0.668787,0.720763,0.720278,0.703645,0.650590,0.548113,0.619014,0.655941,0.659941,0.724011,0.698938,0.632837,0.623334,0.616831,0.716138,0.624270,0.717320,0.676092,0.689312,0.654801,0.695075,0.741149,0.682814,0.679297,0.629411,0.620879,0.691824,0.660145,0.671706,0.684517,0.632302,0.627942,0.734051,0.688597,0.678841,0.636561,0.638897,0.692529,0.598108,0.630506,0.726426,0.623427,0.693456,0.678006,0.646844,0.658840,0.690421,0.635313,0.738023,0.659871,0.708412,0.717744,0.664486,0.670400,0.649495,0.704682,0.636540,0.687061,0.656401,0.722936,0.708247,0.688085,0.611684,0.766995,0.648337,0.704760,0.683528,0.650668,0.661607,0.663866,0.577179,0.624434,0.717030,0.664396,0.713066,0.676973,0.690521,0.670866,0.647443,0.678889,0.686999,0.690363,0.711077,0.746427,0.687157,0.675034,#
17,0.755561,0.705693,0.741625,0.693986,0.688729,0.713310,0.749112,0.703579,0.739450,0.739600,0.674362,0.756153,0.709036,0.755197,0.697940,0.731066,0.723170,1.000000,0.709625,0.762798,0.740998,0.694726,0.725381,0.665043,0.768997,0.736071,0.760775,0.746146,0.662692,0.708172,0.776074,0.750533,0.707806,0.676849,0.664791,0.727650,0.717310,0.787455,0.736186,0.808546,0.700562,0.716337,0.695365,0.699766,0.724378,0.690517,0.744268,0.730114,0.765252,0.795289,0.722734,0.625079,0.686134,0.723531,0.757556,0.729170,0.728425,0.754842,0.705921,0.730419,0.702765,0.706282,0.748932,0.718265,0.734598,0.753773,0.829910,0.753037,0.766047,0.682707,0.764194,0.732916,0.757491,0.738928,0.782292,0.701004,0.750973,0.781751,0.741106,0.758055,0.772561,0.730604,0.778397,0.797268,0.736755,0.709416,0.712925,0.736228,0.690928,0.683173,0.690726,0.662855,0.703659,0.726911,0.682033,0.719074,0.666297,0.654780,0.724478,0.759108,0.746278,0.688850,0.711849,0.692026,0.715203,0.746763,0.693836,0.687249,0.727297,0.760886,0.729799,0.666546,0.781379,0.665537,0.724679,0.739270,0.644216,0.672343,0.739746,0.718450,0.712551,0.743665,0.715233,0.754142,0.691904,0.707093,0.675250,0.722856,0.733494,0.704396,0.728789,0.762860,0.752512,0.708892,0.746515,0.733848,0.762020,0.713495,0.696223,0.727598,0.745935,0.726996,0.753450,0.733842,0.748285,0.699135,0.713852,0.666010,0.751821,0.700532,0.706047,0.739764,0.710439,0.707673,0.694129,0.699953,0.788246,0.716645,0.707182,0.736820,0.747806,0.717244,0.782531,0.681342,0.742364,0.718406,0.659593,0.621493,0.701584,0.722380,0.705190,0.698191,0.723188,0.740067,0.810212,0.660884,0.716800,0.754662,0.702675,0.765883,0.744544,0.765015,0.727430,0.744817,0.700997,0.668070,0.730837,0.731073,0.664522,0.705633,0.779213,0.721947,0.667202,0.717648,0.720517,0.731813,0.716593,0.751059,0.749089,0.638826,#
18,0.721312,0.736966,0.678235,0.705921,0.628986,0.712021,0.698671,0.682493,0.626022,0.680237,0.748834,0.760559,0.731138,0.751999,0.645439,0.717008,0.730785,0.709625,1.000000,0.673847,0.705776,0.724161,0.686671,0.659016,0.678651,0.758720,0.740123,0.722576,0.652851,0.735404,0.667927,0.735289,0.726829,0.726906,0.689130,0.740804,0.713425,0.770033,0.714420,0.739836,0.703170,0.679198,0.720277,0.645979,0.731893,0.685617,0.749021,0.787279,0.769571,0.737430,0.655668,0.671333,0.703632,0.620195,0.736442,0.717057,0.685243,0.737271,0.689091,0.781272,0.719049,0.700710,0.676559,0.701648,0.757337,0.674736,0.746834,0.665563,0.700073,0.683150,0.733384,0.687390,0.756041,0.652785,0.772086,0.699707,0.717202,0.723550,0.685181,0.677226,0.748300,0.684723,0.739571,0.763882,0.757411,0.736702,0.671249,0.698216,0.714840,0.678920,0.682336,0.656582,0.750840,0.746070,0.658464,0.668662,0.673717,0.701044,0.696692,0.720165,0.723714,0.676976,0.701826,0.710314,0.697055,0.727375,0.712007,0.724671,0.744162,0.739453,0.747159,0.674444,0.729353,0.666792,0.651865,0.738545,0.658342,0.689673,0.738844,0.657551,0.699433,0.726006,0.631372,0.742748,0.735060,0.665054,0.752693,0.637725,0.744136,0.651476,0.717849,0.722521,0.716452,0.664727,0.723727,0.714066,0.726834,0.695538,0.669088,0.695695,0.712190,0.709384,0.665766,0.768040,0.696030,0.660638,0.703769,0.669217,0.738617,0.692622,0.704619,0.687549,0.755912,0.655823,0.703412,0.720876,0.706346,0.730495,0.673251,0.667663,0.760780,0.736713,0.790536,0.717344,0.723191,0.688955,0.815262,0.658998,0.633910,0.728174,0.700111,0.698861,0.719761,0.755276,0.702204,0.704092,0.669668,0.750507,0.695234,0.756608,0.710911,0.723333,0.695359,0.661672,0.658737,0.692298,0.681366,0.690096,0.671494,0.742680,0.711948,0.708474,0.620831,0.737814,0.676950,0.674738,0.686062,0.779265,0.726903,0.718716,#
19,0.691686,0.742398,0.708782,0.662800,0.679854,0.751808,0.672264,0.672049,0.699772,0.651755,0.693142,0.705544,0.642977,0.681596,0.674791,0.671882,0.696644,0.762798,0.673847,1.000000,0.719943,0.645850,0.626926,0.679956,0.709058,0.678325,0.693758,0.686916,0.593275,0.670497,0.756304,0.751087,0.708632,0.646374,0.639236,0.756232,0.658140,0.732298,0.684132,0.705527,0.705048,0.690172,0.678324,0.654889,0.662293,0.702251,0.761268,0.691390,0.699871,0.706753,0.637688,0.617857,0.677425,0.665474,0.712752,0.676075,0.692729,0.734399,0.667466,0.663399,0.693127,0.642027,0.717991,0.694342,0.686660,0.716729,0.750540,0.665639,0.750973,0.671038,0.731038,0.702369,0.746978,0.657250,0.704311,0.670334,0.639216,0.725747,0.668225,0.669432,0.752990,0.654781,0.756554,0.710833,0.683655,0.620915,0.688093,0.658573,0.716734,0.661008,0.620700,0.667050,0.638421,0.702713,0.630888,0.634883,0.670302,0.684130,0.675889,0.739937,0.707148,0.668608,0.677772,0.687730,0.713705,0.653767,0.702345,0.644182,0.701124,0.653770,0.703503,0.650013,0.701274,0.654677,0.682113,0.718737,0.680817,0.683744,0.696855,0.601022,0.743868,0.684718,0.594843,0.797038,0.690034,0.690466,0.670488,0.674325,0.773892,0.735744,0.707605,0.756110,0.701075,0.712833,0.718494,0.725283,0.657613,0.680785,0.681243,0.645582,0.695829,0.687506,0.650458,0.696536,0.681858,0.620004,0.626667,0.610146,0.721969,0.673689,0.648059,0.702702,0.664893,0.666856,0.718417,0.640976,0.743541,0.692965,0.675173,0.692628,0.675674,0.721118,0.694016,0.707528,0.703070,0.669493,0.637618,0.697595,0.632272,0.680690,0.650931,0.709575,0.687227,0.694881,0.755179,0.620114,0.678041,0.730091,0.691726,0.657792,0.642692,0.697138,0.705161,0.706033,0.632725,0.639736,0.649007,0.670964,0.688291,0.707125,0.706745,0.686885,0.632103,0.726010,0.717508,0.677512,0.657519,0.662189,0.665136,0.630107,#
20,0.715034,0.769602,0.682247,0.704735,0.680801,0.710049,0.727398,0.728236,0.707006,0.756216,0.701414,0.693356,0.711503,0.701970,0.712005,0.684250,0.767932,0.740998,0.705776,0.719943,1.000000,0.697362,0.653617,0.736067,0.753981,0.724562,0.730361,0.751468,0.646610,0.704596,0.755490,0.716022,0.704801,0.735799,0.696125,0.728450,0.688390,0.737299,0.715893,0.758308,0.732794,0.728071,0.684805,0.737344,0.739165,0.673930,0.754770,0.744385,0.742333,0.732068,0.696029,0.709607,0.664783,0.684881,0.719201,0.716212,0.660870,0.728735,0.716602,0.697168,0.740501,0.716554,0.756660,0.683475,0.735078,0.747739,0.808328,0.683392,0.760796,0.673408,0.741274,0.748547,0.749511,0.690659,0.702916,0.665151,0.688363,0.764350,0.748385,0.769743,0.756959,0.751905,0.737257,0.764711,0.685699,0.682419,0.717002,0.689287,0.731193,0.772062,0.710980,0.677113,0.696593,0.749100,0.667798,0.720894,0.641401,0.631729,0.691138,0.747829,0.782877,0.720081,0.689310,0.731438,0.745868,0.695548,0.758165,0.729129,0.751447,0.760330,0.682774,0.747387,0.712132,0.593879,0.722457,0.731407,0.668654,0.733391,0.639153,0.626325,0.728122,0.716427,0.666592,0.775584,0.676647,0.701628,0.645958,0.661160,0.707307,0.717388,0.706837,0.717318,0.753239,0.734633,0.730755,0.694364,0.671663,0.753212,0.715734,0.733815,0.724371,0.650385,0.700736,0.733232,0.725702,0.665791,0.752209,0.712578,0.678547,0.708646,0.706386,0.721711,0.710039,0.634686,0.723789,0.673851,0.686645,0.749731,0.697938,0.711520,0.723794,0.725612,0.723869,0.714976,0.781783,0.693115,0.665129,0.684067,0.639246,0.698830,0.714422,0.672111,0.708445,0.744584,0.736766,0.691411,0.685003,0.759998,0.673980,0.745977,0.696167,0.692524,0.691375,0.654965,0.646379,0.701360,0.720897,0.706448,0.699162,0.697239,0.689996,0.711519,0.706707,0.723400,0.734390,0.691948,0.727386,0.773098,0.730128,0.691172,#
21,0.691668,0.801056,0.703309,0.738951,0.685634,0.679384,0.674950,0.661194,0.710569,0.679534,0.688239,0.663195,0.623648,0.660165,0.676518,0.734598,0.633309,0.694726,0.724161,0.645850,0.697362,1.000000,0.684815,0.708074,0.634340,0.665096,0.754540,0.663810,0.690104,0.638823,0.669206,0.641930,0.705513,0.703594,0.686830,0.738903,0.676555,0.709310,0.699220,0.691953,0.677958,0.711792,0.672490,0.708438,0.683126,0.685484,0.707648,0.710511,0.733335,0.719171,0.643447,0.716540,0.690302,0.637585,0.719451,0.707422,0.684354,0.698398,0.735975,0.682828,0.682639,0.705652,0.619182,0.660447,0.722815,0.688738,0.750564,0.662439,0.689588,0.724817,0.703873,0.743642,0.741794,0.711431,0.754742,0.707815,0.722282,0.709885,0.703523,0.681936,0.704618,0.670641,0.759595,0.764669,0.754335,0.691887,0.626198,0.720097,0.715097,0.703187,0.606302,0.640818,0.708819,0.704139,0.691518,0.694884,0.659695,0.626398,0.675727,0.753734,0.720402,0.674251,0.604270,0.689072,0.673190,0.705430,0.652371,0.703100,0.663411,0.730017,0.726790,0.643996,0.717600,0.664960,0.605408,0.653311,0.653377,0.747498,0.679351,0.684999,0.688483,0.672436,0.630042,0.694719,0.642918,0.642150,0.692323,0.669055,0.677412,0.716919,0.708629,0.727538,0.645673,0.667220,0.753053,0.632626,0.672972,0.642032,0.680855,0.693957,0.735759,0.708570,0.603816,0.713880,0.660263,0.667714,0.682558,0.622335,0.671355,0.704432,0.669876,0.751870,0.682664,0.659085,0.644388,0.674555,0.698514,0.720710,0.615822,0.700793,0.698475,0.715036,0.720287,0.697334,0.737750,0.683851,0.716014,0.630122,0.597885,0.707372,0.718903,0.666913,0.692756,0.675670,0.680611,0.657505,0.587618,0.683351,0.680818,0.703577,0.671613,0.750167,0.675968,0.660414,0.664644,0.698502,0.706617,0.628141,0.638732,0.714682,0.688778,0.637210,0.665135,0.653899,0.675228,0.628231,0.681790,0.725287,0.633047,0.718396,#
