0,1.000000,0.142790,0.190856,0.198785,0.142469,0.265981,0.174101,0.284783,0.235586,0.195057,0.155676,0.242042,0.322545,-0.026131,0.375968,0.169466,0.215975,0.186898,0.115934,0.224355,0.104282,0.050129,0.286780,0.174364,0.245816,0.162603,0.293589,0.244204,0.053732,0.260996,0.177708,0.137016,0.119437,0.067882,0.324487,0.194264,0.281220,0.084312,0.244316,0.245780,0.159978,0.123942,0.264225,0.254826,0.143961,0.091060,0.293135,0.246400,0.127087,0.341446,0.298221,0.111182,0.337630,0.313418,0.083629,0.191941,0.089186,0.202914,0.136823,0.133606,0.342165,0.180024,0.174917,0.258508,0.123755,0.379432,0.143604,0.366642,0.120197,0.124893,0.245906,0.130766,0.219350,0.136748,0.249278,0.088078,0.162020,0.229562,0.114582,0.158960,0.325634,0.141181,0.092439,0.156720,0.241696,0.350322,0.125071,0.014650,-0.020284,0.145274,0.171190,0.231002,0.140970,0.192722,0.258044,0.278170,0.100498,0.131639,0.221120,0.137762,0.142769,0.214526,0.115799,0.138158,0.263097,0.023765,0.006288,0.206712,0.217305,0.211145,0.312092,0.102236,0.248003,0.038214,0.132982,0.339840,0.110927,0.002875,0.268356,0.190895,0.103965,0.453726,0.296222,0.215821,0.177704,0.122188,0.167422,0.147231,0.132094,0.083588,0.052681,0.191088,0.136365,0.039479,0.179524,0.063958,0.184368,0.264304,0.152804,0.085120,-0.001495,0.237524,0.060295,0.300710,0.348045,0.135088,0.090040,0.153538,0.263185,0.269337,0.099068,-0.046974,0.121723,0.159462,0.156668,0.192087,0.044102,0.163559,0.290990,0.295680,0.309633,0.349387,0.033812,0.185118,0.105742,0.214744,0.321385,0.136908,0.287890,0.305776,0.165188,0.143150,0.284920,0.241594,0.356694,-0.058548,0.143094,0.210216,0.195762,0.288510,0.037626,0.259721,0.133962,0.206628,0.147400,0.126579,0.191991,0.336247,0.185888,0.324420,0.213782,0.245701,0.179816,0.138154,0.063709,0.086836,0.048205,0.096985,0.282771,0.175949,#
1,0.142790,1.000000,0.111384,0.368204,0.172785,0.361012,0.152565,0.175865,0.164620,0.167133,0.181415,0.151560,0.210146,0.240507,0.132921,0.141456,0.182995,0.095746,0.180333,0.177885,0.325749,0.374347,0.372140,0.359844,0.245465,0.163322,0.302012,0.106059,0.060951,0.040582,0.164788,0.276071,0.168437,0.266866,0.235972,0.282479,0.074095,0.239441,0.196405,0.222553,0.150712,0.142473,0.128981,0.238143,0.099204,0.230809,0.250771,0.251286,0.256291,0.273119,0.229708,0.347732,0.335183,0.176721,0.192808,0.177411,-0.000879,0.221534,0.338740,0.215845,0.111783,0.234047,-0.016535,0.040926,0.086577,0.246984,0.263986,0.286595,0.241518,0.281669,0.145571,0.212238,0.359739,0.069392,0.129428,0.151541,0.234990,0.266974,0.246626,0.100053,0.146825,0.199590,0.408599,0.187811,0.208284,0.217815,0.132096,0.039330,0.219414,0.213857,0.230847,0.205227,0.155538,0.077629,0.097901,0.124931,0.192720,0.165824,0.079071,0.255268,0.167887,0.329686,0.177832,0.205213,0.225737,0.071361,0.069191,0.287159,0.087082,0.088880,0.270384,0.204638,0.188325,0.114687,0.162874,0.182436,0.447682,0.323648,0.203720,0.104263,0.415327,0.241475,0.180760,0.182925,0.097268,0.097388,0.289643,0.262940,0.224254,0.243940,0.037125,0.173210,0.113967,0.274792,0.166821,0.091802,0.108903,0.174786,0.296492,0.006435,0.093322,0.128518,0.080514,-0.014403,0.155693,0.186761,0.177973,0.131337,0.215063,0.246536,0.242011,0.126183,0.159286,0.233980,0.190281,0.117078,0.142466,0.158565,0.097676,0.165409,0.079800,0.341565,0.294211,0.284565,0.138349,0.048179,0.150952,0.321062,0.043522,0.237830,0.207285,0.075454,0.183206,0.321969,0.218218,0.062299,0.180975,0.191276,0.215243,0.179510,0.093010,0.138465,0.094872,0.090365,0.044068,0.251613,0.157693,-0.024774,0.173586,0.138057,0.167045,0.152995,0.151332,0.205846,0.343137,0.072222,0.188251,0.095775,0.222131,0.284064,#
2,0.190856,0.111384,1.000000,0.229108,0.050577,0.209180,0.175696,0.338144,0.126225,0.201845,0.234128,0.134559,0.160228,0.093681,0.262792,0.111424,0.192157,0.215891,0.155136,0.264176,0.121613,0.207108,0.063041,0.157938,0.189932,0.043461,0.214183,0.205912,0.226422,0.210745,0.181255,0.220996,0.263374,0.270937,0.229483,0.196109,0.342240,0.088847,0.312473,0.186551,0.353002,0.239920,0.066731,0.171627,0.076961,0.234770,0.396573,0.096237,0.184764,0.409862,0.097793,0.098816,0.190868,0.393961,0.296793,0.129493,0.205996,0.149359,0.082849,0.127502,0.153441,0.260716,0.173537,0.296077,0.186413,0.198879,0.445815,0.052639,0.306751,0.216875,0.274592,0.089382,0.182409,0.261550,0.239052,0.208018,0.276076,0.344465,0.182913,0.397113,0.165139,0.193018,0.334003,0.274018,0.212522,0.383388,0.259888,0.275095,0.261988,0.188275,0.360104,0.328471,0.204827,0.054485,0.393517,0.165565,0.136105,0.191891,0.234540,0.147545,0.166410,0.082127,0.070669,0.127112,0.183930,0.337996,0.157457,0.053537,0.342275,0.179086,0.240482,0.134683,0.394898,0.048113,0.277827,0.105199,0.086249,0.024159,0.251402,0.102976,0.284950,0.260370,0.170044,0.092332,0.204097,0.169754,0.204214,0.127564,0.188781,0.239868,0.152065,0.377292,0.304125,0.299680,0.120805,0.161673,0.005647,0.148704,0.164000,0.095314,0.233818,0.133139,0.071208,0.054428,0.235505,0.307037,0.200814,0.192844,0.282464,0.191935,0.227159,-0.002263,0.098027,0.333465,-0.025957,0.306363,0.155396,0.090453,0.031086,0.159643,0.096612,0.042181,0.158129,0.193151,0.020014,0.235202,0.364199,0.248415,0.103373,0.143062,0.144648,0.131351,0.119957,0.192771,0.222692,0.153374,0.174339,0.197518,0.209269,0.122109,0.040267,0.284162,0.220458,0.345624,-0.006593,0.137934,0.100619,0.190698,0.209768,0.098789,0.150469,0.228986,0.181024,0.182093,0.192808,0.281554,0.217249,0.188493,0.172573,0.151647,#
3,0.198785,0.368204,0.229108,1.000000,0.231705,0.257368,0.126475,0.231887,0.218174,0.261586,0.147031,0.214064,0.321665,0.116273,0.189693,0.232724,0.275615,0.105387,0.179039,0.154201,0.288740,0.396142,0.150934,0.144537,0.356925,0.302342,0.274392,0.277700,0.216227,0.110085,0.150224,0.322327,0.273497,0.322745,0.248472,0.206100,0.162148,0.143707,0.091207,0.265011,0.248650,0.252585,0.166158,0.113608,0.207776,0.322674,0.291285,0.376082,0.340180,0.315508,0.201565,0.177957,0.301327,0.249604,0.332021,0.178478,-0.040994,0.209754,0.430143,0.194157,0.228345,0.295353,0.059549,0.230487,0.219835,0.369088,0.159472,0.200388,0.198008,0.319528,0.152267,0.289541,0.379172,0.271392,0.213260,0.148208,0.186332,0.279211,0.285684,0.308197,0.253110,0.187349,0.260067,0.239410,0.234951,0.260748,0.139010,0.191104,0.164785,0.270026,0.065869,0.267481,0.283235,0.183778,0.291190,0.281232,0.160775,0.143076,0.028925,0.245238,0.240746,0.121989,0.086557,0.217350,0.224811,0.191459,0.287770,0.409624,0.139278,0.196131,0.171625,0.289479,0.264095,0.238732,0.246898,0.216551,0.333635,0.192856,0.269088,0.133825,0.116955,0.235060,0.178010,0.238900,0.161434,0.167830,0.340207,0.248080,0.213993,0.297284,0.114174,0.294200,0.194093,0.381724,0.303574,0.180551,0.289718,0.145639,0.255869,0.122156,0.201522,0.163992,0.036277,0.119712,0.057913,0.310219,0.185935,0.208170,0.215743,0.114954,0.115670,0.080194,0.161692,0.239534,0.210343,0.175025,0.293196,0.240055,0.126293,0.307553,0.309774,0.343279,0.226416,0.492190,0.160451,0.201291,0.230848,0.182121,0.209349,0.267561,0.259634,0.190742,0.164845,0.248862,0.098573,0.287531,0.114813,0.138759,0.259418,0.192715,0.109639,0.343106,0.183588,0.280570,0.061884,0.188829,0.099221,0.033217,0.360852,0.255201,0.142138,0.236879,0.256165,0.218804,0.254045,0.271892,0.230441,0.151488,0.210001,0.347921,#
4,0.142469,0.172785,0.050577,0.231705,1.000000,0.300074,0.263029,0.081722,0.059718,0.219012,0.206144,0.135849,0.083828,0.073067,0.224784,0.223732,0.072787,0.137338,0.000115,0.206775,0.199646,0.303045,0.163980,0.209934,0.186778,0.029658,0.114255,0.208956,0.190468,0.116012,0.235454,0.065604,0.213397,0.113178,0.152466,0.188678,0.034080,0.012750,0.100197,0.323996,0.100098,0.174566,0.225612,0.245752,0.239576,0.107130,0.331569,0.136805,0.079033,0.213465,0.129256,0.141057,0.167595,-0.054744,0.184116,0.116703,-0.001434,0.185447,0.364020,0.187755,0.093935,0.272485,0.173713,0.134320,0.198897,0.327535,0.203776,0.039509,0.129405,0.200379,0.281418,0.282215,0.101577,0.036284,0.097007,0.215810,0.173426,0.251294,0.264617,0.113390,0.018107,0.195027,0.240835,0.055076,0.260383,-0.008440,0.129632,0.148561,0.205419,0.343836,0.106232,0.011812,0.122779,0.136487,0.178597,0.241453,0.209568,0.090208,0.031313,0.059931,0.179101,0.286328,0.088579,0.188160,0.174223,-0.011741,0.209375,0.102579,0.137549,0.279344,0.066286,0.176228,0.384886,0.343745,0.133695,0.150215,0.065311,0.343336,0.079801,0.140312,0.179338,0.248019,0.271808,0.207889,0.114072,0.113768,0.152913,-0.025837,0.380327,0.242728,0.320291,0.278721,0.091356,0.212923,0.248439,0.109113,0.098409,0.269310,0.168275,0.124490,0.019415,0.278559,0.034182,0.191008,0.052366,0.232980,0.145363,0.037654,0.181725,0.236123,0.088799,0.294228,0.123975,0.024324,0.294200,0.067781,0.189035,0.244510,0.240020,0.135806,0.018876,0.284457,0.141887,0.304011,0.143085,0.049244,0.239090,0.192162,0.039230,0.160406,0.087080,0.145715,0.126535,0.141929,0.202612,0.184773,0.058145,0.200077,0.137595,0.243687,0.296466,0.148081,0.231810,0.163687,0.239461,0.238626,0.062300,0.250361,0.101816,0.086993,0.213151,0.061374,0.187945,0.138874,0.184529,-0.032544,0.083182,0.045671,0.178385,0.215956,#
5,0.265981,0.361012,0.209180,0.257368,0.300074,1.000000,0.162799,0.275371,0.206357,0.228887,0.117811,0.122816,0.279179,0.116280,0.217670,0.124890,0.150436,0.169908,0.244831,0.293443,0.185739,0.108559,0.149554,0.196907,0.356524,0.248126,0.236497,0.360413,0.045109,0.259747,0.200150,0.264896,0.231490,0.376328,0.193316,0.256059,0.185834,0.041432,0.147011,0.221862,0.154218,0.214186,0.129474,0.220330,0.241292,0.225352,0.234563,0.368984,0.137048,0.328030,0.276279,0.069067,0.270295,0.210270,0.276825,0.344188,0.065681,0.174787,0.326221,0.295134,0.076725,0.137704,0.172145,0.300881,0.121106,0.231436,0.168384,0.160772,0.200407,0.236246,0.373370,0.257793,0.288803,0.237778,0.226694,0.055412,0.126161,0.428109,0.254617,0.173981,0.172299,0.268063,0.327053,0.194640,0.222764,0.141329,0.099796,0.154655,0.230423,0.255027,0.331703,0.084996,0.142580,0.145616,0.206067,-0.030174,0.289840,0.213143,0.246531,-0.012260,0.310559,0.241708,0.331855,0.281410,0.208771,0.132437,0.270216,0.215232,0.075477,0.264707,0.165856,0.209013,0.290738,0.123545,0.098496,0.087710,0.361885,0.310008,0.254154,0.156494,0.195229,0.309084,0.221869,0.345226,0.142015,0.177394,0.328663,0.076027,0.310564,0.043365,0.123238,0.368110,0.285260,0.356865,0.243528,0.045730,-0.040948,0.269797,0.138746,0.043659,0.067124,0.073698,0.119170,0.150879,0.410143,0.152329,0.141261,0.201898,0.214717,0.372875,0.344394,0.156874,0.310366,0.193847,0.217606,0.193825,0.222040,0.182595,0.227164,0.216724,0.213347,0.382192,0.198789,0.299943,0.164823,0.041612,0.111434,0.282638,0.151532,0.114264,0.333786,0.193037,0.180839,0.200654,0.101433,0.243851,0.258014,0.301058,0.296272,0.333439,0.210142,0.171714,0.007647,0.183279,0.082966,0.289721,0.116727,0.189133,0.384671,0.247008,0.142792,0.319848,0.178492,0.330656,0.243054,0.199920,0.109465,0.211257,0.236637,0.310488,#
6,0.174101,0.152565,0.175696,0.126475,0.263029,0.162799,1.000000,0.138151,0.217242,0.340710,0.319874,0.269601,0.194750,0.153914,0.076677,0.470919,0.310704,0.309559,0.241902,0.138632,0.167523,0.160726,0.133985,0.090674,0.328617,0.285365,0.189858,0.182420,0.180801,0.152162,0.240427,0.328860,0.280474,0.266523,0.167432,0.254436,0.302080,0.207569,0.164987,0.198046,0.295745,0.224102,0.372152,0.286799,0.152520,0.115559,0.253151,0.265460,0.237978,0.339787,0.149354,0.146177,0.226277,-0.055676,0.191904,0.121491,0.131718,0.248377,0.228874,0.142140,0.291812,0.293707,0.131839,0.134465,0.347587,0.265438,0.280828,0.284525,0.223877,0.098627,0.374945,0.417310,0.116045,0.137761,0.180249,0.264302,0.382388,0.414900,0.367825,0.194085,0.200816,0.194194,0.193606,0.366342,0.303922,0.101396,0.218786,0.191388,0.141574,0.206195,0.188036,0.171060,0.172213,0.172932,0.247307,0.198122,0.315794,0.266342,0.123486,0.143949,0.205922,0.288541,0.175531,0.190426,0.334808,0.090254,0.189714,0.168179,0.352947,0.095008,0.154412,0.153896,0.292574,0.244267,0.164690,0.310469,0.073165,0.171061,0.090853,0.245277,0.111670,0.243102,0.072628,0.164897,0.219941,0.118117,0.065215,0.090471,0.309881,0.144018,0.290296,0.253316,0.149835,0.118587,0.230918,0.187182,0.248945,0.170574,0.293845,0.245347,0.165784,0.177157,0.031225,0.157889,0.203863,0.297621,0.287922,0.301172,0.222545,0.250332,0.158906,0.181478,0.027071,0.182221,0.104124,0.141740,0.099599,-0.061405,0.075912,0.298424,0.145618,0.253718,0.089065,0.211735,0.133312,0.199261,0.334473,0.135910,0.163547,0.187925,0.120851,0.338715,-0.034913,0.170449,0.253691,0.309446,0.194902,0.230184,0.217970,0.203671,0.227655,0.255309,0.251191,0.181151,0.130162,0.117073,0.245501,0.050543,0.227687,0.209919,0.195938,0.276518,0.080741,0.164958,0.244930,0.261887,0.298432,0.121566,0.235703,0.239995,#
7,0.284783,0.175865,0.338144,0.231887,0.081722,0.275371,0.138151,1.000000,0.276784,0.138132,0.139024,0.065246,0.338793,0.159144,0.275489,0.148623,0.134120,0.250748,0.213608,0.259582,0.276530,0.184661,0.288354,0.107835,0.209056,0.325742,0.196597,0.188646,0.266943,0.283374,0.146677,0.173206,0.182396,0.278473,0.297674,0.292031,0.166551,0.189107,0.368958,0.232623,0.202595,0.374166,0.143649,0.118405,0.169083,0.231690,0.314876,0.294367,0.386684,0.322667,0.240575,0.224914,0.278796,0.256871,0.319418,0.075443,0.167563,0.045488,0.349288,0.340532,0.091007,0.290980,0.206352,0.211549,0.273529,0.311453,0.310640,0.109029,0.122855,0.066906,0.326928,0.136803,0.268871,0.218601,0.189125,0.160160,0.207748,0.271457,0.102115,0.169458,0.310373,0.128367,0.334217,0.235043,0.189308,0.309407,0.104921,0.201083,0.142848,0.252951,0.254475,0.225610,0.257100,0.080770,0.313527,0.282236,0.286134,0.329034,0.310153,0.183570,0.162362,0.138149,0.039837,0.089653,0.245046,0.078452,0.088803,0.297670,0.266130,0.105683,0.300094,0.207369,0.364003,0.129830,0.259460,0.252244,0.131225,0.120005,0.268066,0.301622,0.221317,0.196537,0.261203,0.205748,0.241458,0.242999,0.172842,0.235581,0.191837,0.239975,0.085608,0.317103,0.272269,0.062123,0.103173,0.167040,0.101381,0.379662,0.159122,0.146113,0.081501,0.164717,0.176959,0.175170,0.311889,0.324324,0.209308,0.088606,0.181312,0.215840,0.080303,0.123627,0.181116,0.080005,0.119637,0.335982,0.280227,0.275151,0.149340,0.232527,0.255637,0.186528,0.273417,0.232105,0.143997,0.170275,0.251333,0.196250,0.043901,0.078198,0.299321,0.161544,0.208277,0.274394,0.219602,-0.000935,0.134988,0.088885,0.213512,0.211797,0.153765,0.273501,0.153928,0.257064,0.149157,0.235692,0.236427,0.135507,0.269134,0.364018,0.295361,0.238341,0.174304,0.142634,0.294980,0.185901,0.225511,0.333663,0.290817,0.247453,#
8,0.235586,0.164620,0.126225,0.218174,0.059718,0.206357,0.217242,0.276784,1.000000,0.226856,0.203064,0.274391,0.292430,0.260428,0.206806,0.303596,0.150930,0.177604,0.025270,0.238309,0.285842,0.179169,0.201426,0.182971,0.395893,0.203688,0.191814,0.051872,0.202950,0.110188,0.215340,0.209706,0.171279,0.173688,0.188003,0.474462,0.232879,0.160753,0.068675,0.103690,0.148050,0.113868,0.420233,0.237870,0.163266,0.094332,0.218619,0.132784,0.236885,0.267570,0.320473,0.184924,0.257100,0.211914,0.080679,0.205775,0.170103,0.186230,0.147568,0.090758,0.218691,0.269721,0.347604,0.290720,0.260732,0.384858,0.285661,0.336789,0.347170,0.085930,0.330300,0.317850,0.298866,0.094469,0.226343,0.084026,0.266110,0.280237,0.237005,0.221519,0.237585,0.145687,0.187127,0.204691,0.275240,0.173178,0.204110,0.240199,0.105092,0.082915,0.228674,0.205042,0.062560,0.081824,0.078745,0.166292,0.349859,0.323867,0.385878,0.335475,0.184249,-0.002101,0.305221,0.387825,0.063607,0.175694,0.175747,0.198265,0.067089,0.341705,0.070091,0.138185,0.229348,0.099924,0.065082,0.258622,0.256258,0.102770,0.143260,0.302559,0.181576,0.179889,0.222414,0.323055,0.171617,0.235758,0.065946,0.122426,0.335357,0.287987,0.023765,0.370324,0.265684,0.065495,0.102996,0.307805,0.223770,0.172664,0.278410,0.110229,0.115461,0.097926,0.150882,-0.054687,0.244687,0.233140,0.161640,0.273230,0.216626,0.268846,0.097278,0.235785,0.061113,0.331182,0.180088,0.174395,0.227993,0.322056,0.358425,0.144014,0.262052,0.146101,0.205058,0.126320,0.095568,0.194536,0.213632,0.314907,0.267098,0.028178,0.163198,0.319821,0.007089,0.245078,0.241859,0.123451,0.235450,0.175669,0.225077,0.256898,0.212584,0.240308,0.258556,0.128539,0.072199,0.016926,0.311727,0.192230,0.155598,0.290739,0.306874,0.303259,0.231626,0.213128,0.221362,0.039221,-0.002156,0.215269,0.199436,0.395660,#
9,0.195057,0.167133,0.201845,0.261586,0.219012,0.228887,0.340710,0.138132,0.226856,1.000000,0.221595,0.194489,0.327742,0.226101,0.336926,0.300427,0.182675,0.303868,0.063316,0.097842,0.207780,0.139111,0.065769,0.170923,0.336798,0.088659,0.205252,0.326788,0.178313,0.052814,0.103652,0.354465,0.219663,0.181536,0.147299,0.217064,0.271073,0.118199,0.163846,0.169544,0.222895,0.188056,0.100741,0.191443,0.248162,0.175232,0.243677,0.194194,0.296758,0.352900,0.289256,0.128744,0.149098,0.133418,0.127626,0.159719,0.206579,0.316920,0.074113,0.260681,0.254839,0.325036,0.199780,0.121976,0.057415,0.307525,0.248447,0.214874,0.294227,0.206304,0.328651,0.226233,0.261031,0.167738,0.148087,0.148493,0.413371,0.332507,0.239182,0.352095,0.235982,0.287454,0.199046,0.284397,0.271022,0.204374,0.243472,0.311892,0.227086,0.317046,0.289850,0.198693,0.247420,0.097537,0.290559,0.120087,0.187216,0.114976,0.265025,0.324869,0.308321,0.294308,0.355887,0.175086,0.233683,0.218866,0.124890,0.344084,0.280335,0.210927,0.210537,0.309792,0.301520,0.199262,0.231790,0.346506,0.092067,0.159780,0.260458,0.274341,0.078673,0.309568,0.218765,0.254659,0.272153,0.227122,0.186644,0.169098,0.353431,0.135082,0.101918,0.270221,0.178740,0.218601,0.252842,0.047726,0.272220,0.236161,0.220870,0.139036,0.337756,0.274872,0.242552,0.366413,0.251306,0.417992,0.141219,0.283146,0.255380,0.315362,0.109835,0.066037,0.147671,0.255324,0.194126,0.192661,0.135967,0.189231,0.287312,0.277877,0.203720,0.394508,0.287929,0.268612,0.116373,0.332343,0.166656,0.351444,0.290328,0.208468,0.182769,0.167082,0.131144,0.014614,0.189243,0.270438,0.345221,0.302850,0.155163,0.241331,0.211849,0.311617,0.298884,0.063755,0.139106,0.105930,0.191319,0.192150,0.308747,0.140816,0.145162,0.169192,0.159330,0.132441,0.033476,0.114972,0.255282,0.200671,0.188208,0.201197,#
10,0.155676,0.181415,0.234128,0.147031,0.206144,0.117811,0.319874,0.139024,0.203064,0.221595,1.000000,0.269559,0.216358,0.093482,0.100208,0.268680,0.300400,0.189980,0.236143,0.160656,0.188932,0.157814,0.118869,0.322087,0.233811,0.230761,0.158997,0.201917,0.230304,0.200814,0.185919,0.232743,0.203195,0.223988,0.244621,0.200650,0.316101,0.161821,0.079313,0.179173,0.292896,0.056517,0.232465,0.078947,0.172137,0.163721,0.406745,0.205894,0.173116,0.378927,0.178505,0.268052,0.229780,0.062494,0.213851,0.363872,0.153872,0.316876,0.058486,0.262507,0.203544,0.287957,0.290073,0.264365,0.197011,0.189590,0.397228,0.162219,0.365297,0.078503,0.452049,0.291263,0.231453,0.042264,0.241557,0.311552,0.175600,0.335322,0.261656,0.093065,0.251352,0.047247,0.235465,0.140920,0.237879,0.212067,0.236247,0.080407,0.122214,0.386327,0.174621,0.299117,0.250457,-0.049193,0.132399,0.204767,0.236573,0.335090,0.158159,0.154883,0.163681,0.173046,0.204310,0.213356,0.141983,0.172011,0.366751,0.037776,0.151400,0.186816,0.215751,0.159839,0.359656,0.260043,0.183641,0.280265,0.113666,0.156711,0.174643,0.111951,0.152080,0.170185,0.153837,0.170886,0.175223,0.160475,0.182654,0.164343,0.316313,0.197853,0.148905,0.316883,0.164246,0.186295,0.260191,0.383497,0.125588,0.202675,0.316596,0.288519,0.221922,0.247159,0.208730,0.177901,0.196912,0.324136,0.288882,0.191163,0.205333,0.348938,0.109518,0.020133,0.097283,0.332461,0.216521,0.140204,0.185379,0.190022,0.172857,0.135436,0.207570,0.153436,0.152967,0.255748,0.131991,0.217109,0.221456,0.223171,0.304000,0.270194,-0.003160,0.303084,-0.021338,0.189390,0.333211,0.221876,0.099857,0.108861,0.121648,0.231772,-0.013747,0.189342,0.231361,0.168827,-0.051025,0.160562,0.336757,0.175725,0.066006,0.177848,0.162806,0.174861,0.167018,0.335318,0.221150,0.132603,0.230748,0.103129,0.245116,0.358958,#
11,0.242042,0.151560,0.134559,0.214064,0.135849,0.122816,0.269601,0.065246,0.274391,0.194489,0.269559,1.000000,0.278222,0.268413,0.299576,0.274861,0.158140,0.268349,0.330321,0.224890,0.169271,0.184246,0.244748,0.190613,0.325036,0.197737,0.127982,0.187588,0.208832,0.095463,0.359035,0.355298,0.309562,0.271021,0.163131,0.291753,0.294449,0.249337,0.120914,0.108599,0.307490,0.077145,0.228285,0.129631,0.219959,-0.032920,0.281749,0.312211,0.264235,0.293851,0.068479,0.046169,0.352824,0.102698,0.199251,0.127369,0.070945,0.430991,0.217825,0.312689,0.110223,0.221785,0.307805,0.240531,0.161064,0.243747,0.312704,0.319643,0.313186,0.204455,0.228751,0.176575,0.279628,0.154483,0.444877,0.305912,0.351259,0.382061,0.145196,0.151156,0.064823,0.067018,0.348715,0.223472,0.330847,0.098848,0.146849,0.201763,0.141411,0.161130,0.205487,0.198971,0.205749,0.203120,0.011073,0.254513,0.179533,0.325475,0.174129,0.289307,0.209155,0.222325,0.269726,0.282671,0.246095,0.155154,0.268817,0.233810,0.161025,0.198751,0.180790,0.294388,0.247638,0.108070,0.185975,0.172168,0.211674,0.146333,0.146630,0.354138,0.169992,0.198935,0.266961,0.422765,0.216313,0.078829,0.209678,0.288451,0.395438,0.321602,0.232355,0.266600,0.321269,0.204985,0.267552,0.293907,0.293085,0.303658,0.276087,0.246478,0.104189,0.052156,0.279678,0.338125,0.249583,0.261076,0.194746,0.219267,0.163358,0.164312,0.148576,0.115596,0.160195,0.452006,0.176111,0.164183,0.175256,0.134464,0.136005,0.263287,0.345037,0.317736,0.184818,0.324223,0.246529,0.343754,0.357859,0.222484,0.241085,0.286385,0.252449,0.219931,0.224550,0.297564,0.255352,0.231102,0.264862,0.144921,0.197851,0.284981,0.170665,0.187031,0.359001,0.183724,0.110873,0.026111,0.269534,0.243767,0.047480,0.092946,0.329075,0.397379,0.217567,0.237705,0.244806,0.130326,0.159002,0.171253,0.257274,0.242910,#
12,0.322545,0.210146,0.160228,0.321665,0.083828,0.279179,0.194750,0.338793,0.292430,0.327742,0.216358,0.278222,1.000000,0.266410,0.294057,0.214986,0.145687,0.233378,0.266144,0.180008,0.251625,0.161095,0.295317,0.240213,0.366988,0.378808,0.236476,0.217738,0.160641,0.215869,0.206853,0.207239,0.203653,0.340389,0.372521,0.293172,0.314233,0.270824,0.179399,0.181437,0.149369,0.054255,0.203914,0.168953,0.356270,0.230669,0.397672,0.290423,0.388715,0.422416,0.370723,0.092405,0.189181,0.188111,0.266130,0.279080,0.166890,0.124994,0.286456,0.219720,0.176239,0.310110,0.308077,0.215166,0.225987,0.340182,0.181325,0.330067,0.403237,0.255157,0.340452,0.247915,0.378738,0.170227,0.254147,0.331214,0.302942,0.380381,0.187184,0.338041,0.334516,0.231509,0.316732,0.211590,0.242506,0.267229,0.077005,0.304591,0.089941,0.185547,0.377746,0.215354,0.305651,0.258155,0.194914,0.300198,0.281944,0.200746,0.129666,0.135605,0.151512,0.251287,0.223184,0.262972,0.148297,0.131132,0.158925,0.325941,0.223788,0.255868,0.245088,0.266587,0.366170,0.040465,0.237665,0.286093,0.093679,0.162130,0.287894,0.318648,0.238212,0.334022,0.221058,0.327036,0.272367,0.401049,0.272197,0.210015,0.181960,0.211394,-0.062271,0.165478,0.242444,0.159610,0.106708,0.211306,0.102568,0.233414,0.216254,0.074301,0.162197,0.035230,0.125111,0.294190,0.091834,0.386630,0.269380,0.199779,0.206126,0.316358,0.312902,-0.015178,0.298880,0.188073,0.237122,0.272423,0.297467,0.340217,0.370801,0.128241,0.206054,0.389724,0.272189,0.252816,0.352202,0.196517,0.184975,0.350392,0.264704,0.256681,0.314122,0.109826,0.211088,0.250701,0.246853,0.211273,0.288255,0.244623,-0.023023,0.211870,0.215140,0.353944,0.240218,0.147000,0.084679,0.136804,0.188969,0.246734,0.257163,0.205826,0.167135,0.290863,0.092804,0.107645,0.190681,0.183187,0.193310,0.243922,0.340296,0.267896,#
13,-0.026131,0.240507,0.093681,0.116273,0.073067,0.116280,0.153914,0.159144,0.260428,0.226101,0.093482,0.268413,0.266410,1.000000,0.242659,0.156794,0.070210,0.239628,0.211575,0.115790,0.190952,0.137128,0.301649,0.177962,0.243764,0.325331,0.139767,0.214625,0.094219,0.214237,0.125658,0.192544,0.270893,0.274964,0.017143,0.259259,0.180245,0.243141,0.101677,0.168116,0.329883,0.193112,0.279354,0.007511,0.212418,0.248135,0.167967,0.227154,0.364890,0.349011,0.155058,0.186311,0.215167,0.141355,0.267048,0.287493,0.211876,0.325269,0.216311,0.259560,0.061925,0.333351,0.094626,0.225140,0.286939,0.289781,0.326954,0.402693,0.328972,0.271363,0.150261,0.225460,0.350537,0.162103,0.238468,0.185674,0.294911,0.381196,0.332269,0.197692,0.095630,0.186535,0.275031,0.335433,0.140135,0.323834,-0.007191,0.256662,0.289241,0.161055,0.159498,0.304156,0.234120,0.106902,0.154016,0.184898,0.203228,0.208199,0.180972,0.190562,0.223148,0.239596,0.333666,0.220226,0.219459,0.127179,0.218779,0.208740,0.077378,0.184191,0.055135,0.212538,0.207266,0.188290,0.284040,0.201599,0.092828,0.101790,0.215306,0.139575,0.248831,0.139007,0.334007,0.142945,0.130472,0.195552,0.161258,0.200460,0.273633,0.258474,0.070408,0.090075,0.192497,0.269232,0.122046,0.199999,0.170718,0.269837,0.345053,0.148300,0.294274,0.166477,0.185290,0.157966,0.055678,0.230833,0.286165,0.164641,0.282858,0.165753,0.228567,0.175455,0.110469,0.246276,0.160383,0.168402,0.158393,0.032638,0.298739,0.180231,0.197292,0.214213,0.268713,0.294872,0.184226,0.164230,0.237984,0.308997,0.147864,0.228759,0.204141,0.199580,0.170151,0.362822,0.281952,0.259585,0.223949,0.161730,0.129446,0.247399,0.200498,0.221925,0.373894,0.108658,0.051388,0.161601,0.202061,0.093605,0.117102,0.227563,0.362121,0.232943,0.285429,0.215713,0.197752,0.272541,0.131360,0.301602,0.238284,0.176337,#
14,0.375968,0.132921,0.262792,0.189693,0.224784,0.217670,0.076677,0.275489,0.206806,0.336926,0.100208,0.299576,0.294057,0.242659,1.000000,0.169809,0.116620,0.255556,0.019487,0.227029,0.084430,0.167637,0.308108,0.300696,0.246874,0.121079,0.193855,0.268776,0.153992,0.204432,0.475972,0.113994,0.117232,0.181620,0.345732,0.245083,0.244757,0.146179,0.330838,0.143917,0.233581,0.184692,0.079749,0.154979,0.223910,0.221137,0.297659,0.190070,0.268275,0.265312,0.193023,0.243649,0.323211,0.164199,0.235308,0.174138,0.244492,0.197063,0.303836,0.128052,0.143800,0.293311,0.301218,0.256247,0.152191,0.290842,0.215954,0.164963,0.248690,0.131736,0.253069,0.136152,0.350102,0.319929,0.273228,0.242002,0.238563,0.302966,0.123208,0.250367,0.135049,0.120648,0.318088,0.297446,0.246759,0.203893,0.067333,0.223967,0.187242,0.240422,0.278130,0.205453,0.276282,0.350061,0.265101,0.201493,0.031881,0.196418,0.111250,0.155731,0.150539,0.252313,0.285780,0.179090,0.208155,0.117241,0.196568,0.106248,0.276680,0.275632,0.102956,0.259092,0.336258,0.156291,0.138208,0.161305,0.171257,-0.017477,0.240756,0.239217,0.252087,0.205141,0.348989,0.222677,0.215595,0.051334,0.121874,0.198574,0.211791,0.163635,0.046753,0.290643,0.170537,0.184681,0.207965,0.075155,0.293619,0.289089,0.250275,0.098584,0.177495,0.225782,0.176671,0.356396,0.232627,0.346335,0.185835,0.076937,0.242235,0.194180,0.363880,0.088634,0.298587,0.268590,0.227730,0.194453,0.145849,0.155617,0.157605,0.256687,0.206633,0.219933,0.185518,0.168174,0.364604,0.343885,0.235712,0.258005,0.220457,0.243889,0.152418,0.007066,0.177938,0.201076,0.286373,0.148329,0.118782,0.177125,0.236161,0.330063,0.150208,0.249015,0.190194,0.118926,0.125001,0.220465,0.196407,0.188219,0.203679,0.174876,0.291181,0.218825,0.230994,0.170452,0.072391,0.023797,0.120299,0.260310,0.183981,0.065665,#
15,0.169466,0.141456,0.111424,0.232724,0.223732,0.124890,0.470919,0.148623,0.303596,0.300427,0.268680,0.274861,0.214986,0.156794,0.169809,1.000000,0.223652,0.241332,0.279830,0.159637,0.121765,0.236190,0.188963,0.249024,0.315433,0.191962,0.046477,0.129565,0.208885,0.029783,0.289877,0.345893,0.264424,0.375446,0.121345,0.298240,0.231438,0.300629,0.049951,0.099149,0.165450,0.076880,0.272834,0.194270,0.173617,0.196845,0.250204,0.158282,0.268933,0.299532,0.182839,0.177621,0.159297,0.092584,0.213261,0.161664,0.197960,0.210888,0.195596,0.268810,0.218893,0.367085,0.217508,0.164279,0.276538,0.221595,0.257180,0.338417,0.191996,0.128913,0.242443,0.198444,0.091511,0.189944,0.264265,0.226727,0.233829,0.254327,0.317177,0.131710,0.056859,0.125397,0.245214,0.303128,0.305302,0.177646,-0.001983,0.170499,0.172698,0.027562,0.113881,0.244506,0.251532,0.209619,0.115830,0.194443,0.250212,0.323733,0.253932,0.292084,0.174378,0.257615,0.220093,0.265845,0.257308,0.044228,0.130377,0.150591,0.161276,0.284715,0.151291,0.076944,0.330958,0.174474,0.322563,0.162693,0.034836,0.041028,0.133183,0.389767,0.032584,0.314447,0.260023,0.204213,0.140269,0.130455,0.148312,0.128276,0.295457,0.264123,0.288366,0.224209,0.075827,0.052718,0.234185,0.287480,0.352101,0.186898,0.131279,0.156821,0.157005,0.157317,0.147680,0.149833,0.241557,0.346414,0.145684,0.208269,0.247755,0.208644,0.237658,0.299761,0.173566,0.319874,0.160249,0.204860,0.091610,0.065906,0.212591,0.256768,0.208765,0.265861,0.248355,0.317858,0.157241,0.184422,0.225610,0.099115,0.248389,0.238867,-0.005282,0.245255,-0.012597,0.341286,0.215224,0.290032,0.208974,0.076710,0.279346,0.269135,0.183036,0.235366,0.182102,0.222286,0.244916,0.011262,0.106031,0.066163,0.129716,0.194187,0.132100,0.342654,0.133755,0.154688,0.146446,0.136245,0.210726,0.110611,0.327877,0.322194,#
16,0.215975,0.182995,0.192157,0.275615,0.072787,0.150436,0.310704,0.134120,0.150930,0.182675,0.300400,0.158140,0.145687,0.070210,0.116620,0.223652,1.000000,0.183899,0.339955,0.224286,0.344410,-0.096757,0.045940,0.223146,0.238633,0.248125,0.118509,0.179556,0.008263,0.143212,0.177518,0.215830,0.126096,0.056158,0.160214,0.158384,0.335639,0.275424,0.135064,0.271774,0.147439,0.103579,0.185937,0.138452,0.082374,0.167487,0.215487,0.128639,0.188833,0.334513,0.019284,0.194616,0.171989,0.088590,0.083863,0.220782,-0.039610,0.155044,0.135569,0.122242,0.277920,0.271644,0.147306,0.098265,0.128839,0.184594,0.253721,0.212066,0.213600,0.117444,0.259354,0.224232,0.133739,0.100653,0.114286,0.098208,0.142587,0.223803,0.129287,0.212282,0.348956,0.091611,0.269860,0.173054,0.250304,0.205068,0.162285,0.014194,0.017233,0.211859,-0.009138,0.193747,0.225172,-0.048936,0.168220,0.194615,0.118363,0.184772,0.161886,0.222707,0.173527,0.178764,0.145267,0.236356,0.197045,0.110829,0.163292,0.116405,0.394299,0.156547,0.184556,0.150551,0.272764,0.205891,0.257512,0.261820,0.306027,0.104564,0.132407,-0.013011,-0.004736,0.120166,0.214252,0.103847,0.245947,0.086946,0.034540,-0.042382,0.243400,0.102402,0.243389,0.154192,0.137734,0.180413,0.177789,0.305050,0.186541,0.118122,0.145589,-0.045241,0.045693,0.147061,0.146669,0.001323,0.037114,0.169800,0.315532,0.270875,0.177929,0.139384,0.083247,0.093025,-0.039831,0.209045,0.252584,0.135676,0.128327,0.036544,0.029898,0.121711,0.240535,0.091214,0.237771,0.119953,0.227004,0.163389,0.175369,0.182128,0.173930,0.196734,-0.092319,0.244874,0.115124,0.331558,0.234652,0.196801,0.097993,0.339022,0.159956,0.210591,0.205460,0.116187,0.120869,0.263723,-0.106284,-0.023205,0.170759,0.139570,0.234563,0.192448,0.205975,0.253885,0.107554,0.247980,0.205878,0.279770,0.251564,0.127411,0.193824,0.235838,#
17,0.186898,0.095746,0.215891,0.105387,0.137338,0.169908,0.309559,0.250748,0.177604,0.303868,0.189980,0.268349,0.233378,0.239628,0.255556,0.241332,0.183899,1.000000,0.213695,0.263932,0.067780,0.181418,0.226048,0.000059,0.325322,0.189365,0.098260,0.217333,0.162270,0.125575,0.159317,0.295730,0.102356,0.099847,0.038170,0.067108,0.176786,0.275280,0.275001,0.256275,0.203120,0.211439,0.169399,0.156360,0.199618,0.277830,0.232414,0.311520,0.204490,0.296586,0.138219,0.011023,0.219223,0.117281,0.233701,0.136771,0.207986,0.115530,0.157499,0.202072,0.143326,0.149567,0.350763,0.111993,0.132371,0.228478,0.406830,0.168005,0.205740,0.082226,0.358381,0.121541,0.117504,0.304845,0.331310,0.087175,0.198414,0.339394,0.297984,0.190964,0.142521,0.176890,0.297651,0.380785,0.191254,0.093408,0.195104,0.208618,0.061339,0.188320,0.193524,0.131252,0.290750,0.149597,0.319773,0.275509,0.145058,0.174371,0.285738,0.300074,0.162160,0.152797,0.161695,0.049385,0.091439,0.232097,0.025285,0.127215,0.128119,0.270793,0.214934,0.094862,0.434034,0.177022,0.363966,0.178064,0.035642,0.065368,0.288053,0.343642,0.169081,0.225770,0.198846,0.086521,0.089469,0.090874,0.098296,0.172767,0.284181,0.123910,0.156730,0.296555,0.255312,0.105528,0.184546,0.164002,0.329140,0.204182,0.081312,0.258358,0.233707,0.201381,0.309650,0.216394,0.290380,0.184572,-0.004251,0.046547,0.246697,0.195382,0.198284,0.151628,0.137825,0.298523,0.067668,0.217984,0.272975,0.060260,0.210690,0.224833,0.187643,0.235624,0.323342,0.163705,0.129951,-0.001391,0.081115,0.113678,0.178892,0.126837,0.094859,0.174198,0.157205,0.152095,0.266668,0.167473,0.198007,0.226459,0.192067,0.302794,0.165998,0.240883,0.225249,0.296797,0.079082,-0.027134,0.241116,0.277456,0.095046,0.121038,0.290785,0.288161,0.071443,0.144655,0.046582,0.266893,0.179080,0.052240,0.243577,0.012688,#
18,0.115934,0.180333,0.155136,0.179039,0.000115,0.244831,0.241902,0.213608,0.025270,0.063316,0.236143,0.330321,0.266144,0.211575,0.019487,0.279830,0.339955,0.213695,1.000000,0.112744,0.162640,0.273361,0.105762,0.114174,0.111895,0.313598,0.132917,0.078606,0.099251,0.179611,0.067827,0.314237,0.227056,0.309713,0.132940,0.258487,0.178778,0.330263,0.145594,0.251978,0.254711,0.152665,0.299430,-0.032805,0.149020,0.164960,0.262602,0.326350,0.311617,0.217028,-0.016629,0.094685,0.211346,-0.010649,0.173059,0.158968,0.085684,0.104334,0.197744,0.322723,0.189734,0.190756,0.085048,0.104850,0.205303,0.097188,0.221335,0.075764,0.090881,0.142164,0.136460,0.156475,0.137584,0.049633,0.256767,0.039624,0.124417,0.243182,0.110321,0.083443,0.113363,-0.004273,0.262851,0.181598,0.317953,0.319854,-0.071349,0.171982,0.129630,0.075046,0.188467,0.099026,0.270566,0.173677,0.167359,0.126843,0.186460,0.197048,0.155270,0.141128,0.180077,0.104288,0.146327,0.096439,0.182038,0.233929,0.150922,0.236865,0.191708,0.219181,0.287729,0.092184,0.241263,0.063591,0.167112,0.194443,0.119504,0.114493,0.217250,0.181320,0.161838,0.082847,0.156678,0.165454,0.292461,0.052573,0.250126,0.073831,0.306667,0.106719,0.082094,0.246974,0.165007,0.078407,0.115730,0.210653,0.164035,0.149281,0.178613,0.110693,-0.015560,0.093787,0.099660,0.156118,0.187454,0.166033,0.137879,0.153197,0.224477,0.153144,0.150957,-0.039724,0.255281,0.234241,0.232236,0.305941,0.100887,0.037142,-0.015137,0.080273,0.216901,0.187698,0.341007,0.126094,0.094731,0.084317,0.320628,0.087422,0.064064,0.215619,0.097740,0.125861,0.161507,0.403581,0.234529,0.197966,0.060433,0.139733,0.178631,0.242904,0.172289,0.174701,0.123610,0.174715,0.020998,0.063538,0.156852,0.129788,0.007185,0.215741,0.150059,0.367109,0.093323,0.276866,0.252876,0.156953,0.142595,0.315421,0.205810,0.281111,#
19,0.224355,0.177885,0.264176,0.154201,0.206775,0.293443,0.138632,0.259582,0.238309,0.097842,0.160656,0.224890,0.180008,0.115790,0.227029,0.159637,0.224286,0.263932,0.112744,1.000000,0.149174,0.031137,0.103385,0.066404,0.278876,0.163886,0.123029,0.175135,0.062819,0.100817,0.212331,0.294474,0.321911,0.141478,0.181100,0.288125,0.170915,0.214571,0.156115,0.244790,0.251213,0.261901,0.228604,0.154977,0.003558,0.279050,0.338561,0.251536,0.225244,0.344723,0.134869,0.032331,0.241744,0.195022,0.144017,0.119348,0.241120,0.096049,0.108087,0.178557,0.022230,0.072732,0.264866,0.211292,0.171753,0.196925,0.289134,0.196762,0.319542,0.118369,0.296347,0.157872,0.235678,0.160901,0.103419,0.164598,0.121355,0.255656,0.170722,0.166912,0.375124,0.039872,0.313151,0.172306,0.277904,0.064805,0.089949,0.192478,0.199327,0.188750,0.108751,0.176989,0.096443,0.145052,0.151932,0.098979,0.190763,0.331984,0.203635,0.232838,0.155007,0.154524,0.165026,0.186994,0.213052,0.055487,0.232825,0.017971,0.080009,0.038005,0.253665,0.153034,0.232687,0.144567,0.194811,0.217044,0.208829,0.103126,0.302925,0.062393,0.307508,0.129566,0.174077,0.278575,0.146080,0.201419,0.075330,0.219544,0.353307,0.262958,0.205772,0.351026,0.232451,0.255334,0.169352,0.264758,0.087767,0.196190,0.219253,-0.021484,0.108490,0.127904,0.053327,0.061268,0.169484,0.096119,0.025698,0.070491,0.250045,0.258248,0.069063,0.164289,0.141659,0.250880,0.302135,0.120666,0.271581,0.139438,0.254004,0.214260,0.177896,0.263405,0.097513,0.259801,0.227878,0.219125,0.166973,0.251208,0.137713,0.107103,-0.021864,0.251394,0.283534,0.266935,0.295123,0.069863,0.190803,0.204270,0.187524,0.146769,0.104678,0.269956,0.308370,0.268811,0.033702,0.063211,-0.001214,0.173665,0.178041,0.216824,0.270706,0.228309,0.068478,0.164660,0.246331,0.124076,0.199472,-0.026492,0.192974,0.106231,#
20,0.104282,0.325749,0.121613,0.288740,0.199646,0.185739,0.167523,0.276530,0.285842,0.207780,0.188932,0.169271,0.251625,0.190952,0.084430,0.121765,0.344410,0.067780,0.162640,0.149174,1.000000,0.171421,0.131874,0.342603,0.273858,0.337940,0.006512,0.253275,0.128818,-0.017589,0.212784,0.209159,0.265630,0.321300,0.151006,0.219820,0.139786,0.146486,0.185282,0.255822,0.216106,0.210882,0.165549,0.051278,0.267261,0.088302,0.229977,0.202069,0.207232,0.299972,0.188096,0.277914,0.170710,0.154753,0.271361,-0.002010,-0.154746,0.115831,0.176938,0.187587,0.244190,0.200705,0.233646,0.197299,0.071073,0.320676,0.263982,0.165000,0.146693,0.096704,0.176836,0.281294,0.278893,0.101380,0.028162,0.045056,0.176235,0.223584,0.353565,0.160542,0.169308,0.123725,0.222855,0.058164,0.110191,0.209287,0.143669,0.232831,0.155382,0.281917,0.212110,0.180258,0.149054,0.161667,0.153252,0.233547,0.153724,0.082009,0.189268,0.189074,0.282699,0.225848,0.164595,0.274215,0.216311,0.203438,0.349187,0.071922,0.212402,0.266883,0.122515,0.236832,0.118370,0.054779,0.260865,0.216676,0.228881,0.146646,0.040693,0.056513,0.192757,0.230738,0.232301,0.244037,0.147427,0.194569,0.042231,0.037087,0.218353,0.234658,0.164858,0.184501,0.292343,0.190012,0.137458,0.262975,0.065609,0.343985,0.218938,0.169635,0.120863,0.102148,0.161832,0.074664,0.150739,0.107915,0.181413,0.240184,0.130049,0.237951,0.186469,0.114000,0.095223,0.212068,0.145892,0.177339,0.132277,0.265012,0.216636,0.091519,0.230031,0.213686,0.229482,0.223270,0.143098,0.155439,0.137062,0.292402,0.090229,0.002931,0.176567,0.070435,0.135190,0.254026,0.220610,0.125147,0.141663,0.233443,0.099399,0.263478,0.187279,0.172864,0.155008,0.150763,0.055012,0.193346,0.173100,0.100792,0.216698,0.191071,0.200652,0.294899,0.366723,0.219946,0.360847,0.176543,0.191805,0.249497,0.242058,0.281669,#
21,0.050129,0.374347,0.207108,0.396142,0.303045,0.108559,0.160726,0.184661,0.179169,0.139111,0.157814,0.184246,0.161095,0.137128,0.167637,0.236190,-0.096757,0.181418,0.273361,0.031137,0.171421,1.000000,0.236550,0.146018,0.213585,0.113930,0.151181,0.016910,0.281014,0.028791,0.050365,0.122346,0.173783,0.402575,0.197998,0.315648,0.182463,0.141961,0.127731,0.091441,0.104052,0.136493,0.146164,0.188249,0.168141,0.210907,0.202039,0.221297,0.216570,0.268064,0.123586,0.162472,0.281385,0.135467,0.260472,0.095777,0.011845,0.059968,0.360561,0.162522,0.126393,0.266914,-0.043249,0.101437,0.131914,0.276856,0.235042,0.094706,0.094902,0.271590,0.159108,0.277725,0.215535,0.210675,0.229026,0.203550,0.221298,0.250626,0.140961,0.102368,0.017038,0.007440,0.331403,0.234479,0.315163,0.277831,0.029730,0.270367,0.224103,0.230345,0.151378,0.119510,0.260662,0.269999,0.221960,0.268831,0.212329,0.188833,0.136512,0.225690,0.177924,0.241043,-0.043573,0.170794,0.172015,0.266063,0.043513,0.331277,-0.037091,0.239261,0.222913,0.044980,0.177440,0.184543,0.088346,0.014948,0.148003,0.304972,0.260751,0.272220,0.330875,0.093528,0.127605,0.095476,0.129292,0.024721,0.153789,0.146752,0.203265,0.251428,0.141353,0.242144,0.065935,0.130436,0.218513,0.102518,0.116490,0.085475,0.177561,0.194743,0.106366,0.154923,-0.024677,0.180020,0.167968,0.248394,0.041665,0.074232,0.218618,0.199387,0.163160,0.119554,0.083970,0.229207,0.098440,0.183757,0.208245,0.117924,0.137830,0.131327,0.124143,0.333381,0.219506,0.253834,0.181995,0.123295,0.271816,0.029318,-0.009446,0.113398,0.225524,0.105762,0.201376,0.165547,0.095150,0.178340,-0.011104,0.093387,0.216268,0.275939,0.052314,0.311329,0.193140,0.171130,0.108273,0.246742,0.096147,0.077420,0.004295,0.095776,0.093600,0.133255,0.230423,0.097424,0.283531,-0.037022,0.144501,0.181210,0.056361,0.338397,#
