0,1.000000,0.072390,0.022439,0.029426,0.107667,0.096855,0.167806,-0.059174,0.027443,0.089449,0.138098,-0.003491,0.072979,0.040297,0.189433,0.282628,0.242257,0.241036,0.196832,0.241540,0.057603,-0.019900,0.261596,0.372613,0.057493,-0.007121,0.082769,-0.097519,-0.008167,0.131867,0.027191,0.241741,0.111282,0.204697,0.338232,0.119709,-0.008798,0.096811,0.231412,0.137473,0.107286,0.054940,0.216143,-0.119899,0.169763,0.005642,0.050376,0.214223,0.142095,0.268203,0.033616,0.165124,0.078198,0.096290,0.261703,0.125445,0.213110,0.158721,0.117392,0.086207,0.141809,0.269645,0.227633,0.083491,0.086659,0.042720,0.134462,0.118452,0.039963,0.095976,0.115077,0.063547,-0.001317,0.222559,0.111181,-0.032708,0.273551,0.147028,0.108630,0.072559,-0.015794,0.006726,0.066007,0.163831,0.211858,0.170951,0.244934,0.210492,0.220736,0.197288,0.087298,0.036336,0.150588,-0.010269,-0.006321,0.163477,0.120579,-0.021941,0.063040,0.208471,0.148325,0.121066,0.054710,0.125821,0.125693,0.221275,0.139496,0.125756,0.231727,-0.072499,-0.068296,0.156679,-0.031191,0.120076,0.196701,0.149882,0.067559,-0.061432,0.212179,0.178071,0.102131,0.068768,0.253504,0.149740,0.222936,0.176213,0.203197,-0.074589,0.069970,0.261880,0.089176,0.105539,-0.061469,0.005577,0.089983,0.180840,0.056451,0.012808,-0.081109,0.121291,0.211578,0.070145,-0.010024,0.205798,0.062272,-0.040801,0.137852,0.032427,0.106295,0.021286,-0.055303,0.121309,0.101888,-0.016886,0.022812,0.217461,0.197767,0.186501,0.143919,0.066874,0.203130,0.216901,0.106950,-0.014928,0.071178,0.292336,0.016206,0.172001,0.284997,0.095139,-0.036127,0.020397,0.201771,0.149873,0.018543,0.173324,0.276650,0.186701,0.143640,0.053681,0.196193,0.160398,0.158945,0.077082,0.074143,-0.060569,0.038084,0.356777,0.181278,-0.074155,-0.083306,0.142416,-0.032406,0.203088,0.149610,0.183594,0.014349,0.226323,0.045434,0.108691,#
1,0.072390,1.000000,-0.012684,-0.051218,-0.017617,-0.007039,0.163698,0.132576,0.198895,0.087945,0.121643,0.152075,0.086090,-0.093400,-0.004970,-0.035315,0.046161,0.013904,-0.013127,0.003837,-0.036236,0.145221,0.099015,-0.091485,0.114458,-0.105866,-0.083152,0.087029,-0.196064,0.013505,0.095146,-0.026237,-0.130882,0.100489,-0.140611,0.036198,0.108523,-0.008892,0.119118,0.058642,0.005134,-0.083091,0.118623,-0.017626,0.036644,-0.102286,0.245040,0.005281,0.095817,-0.008062,0.004502,-0.025628,0.141097,0.086376,0.059250,0.017528,0.010112,-0.069001,-0.106427,-0.034254,0.020064,0.053993,0.106018,-0.118090,-0.101974,0.170309,0.147512,0.163738,0.107986,0.145155,0.164932,0.170007,0.184475,-0.025694,0.127186,0.019727,0.100903,0.049883,0.266631,-0.060849,-0.064716,0.072843,-0.106210,0.082635,0.157489,0.017712,0.152428,0.194922,0.083674,0.000209,0.060503,0.026504,-0.152951,0.020359,0.024127,0.129811,-0.016054,0.050424,-0.039848,0.034838,0.129534,-0.018736,-0.018616,0.021309,-0.053690,0.132006,0.116116,0.146087,0.167380,0.039110,-0.027858,0.033506,-0.076237,0.028194,0.114759,0.266023,0.148542,-0.109079,0.043616,-0.045487,-0.142114,0.097088,0.079160,0.008138,0.113956,0.008589,0.057260,0.020690,0.174048,0.109024,-0.138337,0.132832,-0.048653,-0.034461,0.060126,0.040409,0.188745,0.135250,0.050293,0.135791,0.199304,0.009175,0.024447,0.171639,0.155197,-0.064720,-0.025875,-0.034064,0.076030,-0.099197,0.188985,0.056335,-0.146660,-0.183547,0.170238,0.116225,0.026136,0.175843,-0.194911,-0.098206,-0.044591,0.127515,0.056882,0.195886,0.084716,0.028758,-0.000525,-0.069225,-0.018485,0.107747,0.036119,0.053557,0.030315,0.011031,0.023664,0.162481,0.039563,0.018446,0.036496,-0.043377,0.064544,-0.106282,0.116979,-0.026234,0.073589,-0.045131,0.034617,-0.118152,0.195219,0.146127,0.082279,0.200179,-0.125028,-0.014190,0.047585,-0.088774,-0.004117,0.251166,-0.079785,0.276211,#
2,0.022439,-0.012684,1.000000,-0.042110,0.191956,0.058857,0.179212,0.078654,0.057379,0.108980,0.203403,0.165162,-0.029010,0.238049,-0.085203,0.084527,-0.147442,0.020257,0.121890,0.033314,0.165967,0.134101,-0.038728,0.066274,0.005043,0.156058,0.100134,-0.011528,-0.097591,0.007977,0.025176,0.014255,0.101083,0.001929,0.083194,0.021685,0.120774,0.024074,0.129753,-0.086550,0.009544,-0.012404,0.082242,-0.030980,0.103731,0.033150,0.082450,-0.046463,-0.015334,0.065648,0.037411,0.205532,0.095717,0.024767,0.076971,0.067211,0.090305,-0.038299,0.191733,0.193606,0.313062,0.066955,-0.001366,0.090229,0.140845,0.109384,0.031927,0.086509,0.096510,-0.011139,0.086343,0.200996,-0.159988,0.169126,0.263860,0.043509,0.016021,0.023082,0.071580,0.050290,0.029406,-0.066152,0.128148,-0.121396,0.159029,0.052232,-0.011848,0.141334,-0.040099,0.014143,0.054516,0.105680,0.096645,0.172336,0.081690,0.146325,0.082438,0.012178,0.087779,0.084225,0.150067,0.125660,-0.053412,0.154598,-0.093225,0.216548,0.127040,0.198646,0.148763,-0.006470,0.165190,0.130034,0.195227,0.040434,0.020529,0.112766,0.022349,-0.000296,-0.101104,0.081616,-0.049516,-0.079423,-0.038387,0.128606,0.039089,-0.038539,0.150821,0.055091,0.193021,0.065692,-0.046173,0.104903,0.021672,0.169912,0.137383,-0.074337,0.117377,0.105101,0.129550,-0.007141,0.071626,0.141760,-0.088376,-0.045523,0.183501,-0.051912,-0.117438,-0.088179,0.014116,-0.020810,0.126474,0.075907,0.237767,0.125411,-0.083582,0.060115,0.052049,-0.063388,0.083852,0.035705,-0.110096,0.078909,0.152245,0.156486,-0.014318,0.224041,0.018113,-0.074257,0.049029,0.138070,-0.065507,0.202752,0.183641,0.059838,0.107380,0.015187,0.067532,0.059389,-0.091028,-0.003402,0.050539,0.145245,-0.120005,0.162197,0.008910,0.098389,0.098644,0.027063,0.058008,-0.038015,0.016219,0.074612,0.170343,0.207815,0.073124,-0.042158,-0.071984,0.033294,0.065757,0.111742,#
3,0.029426,-0.051218,-0.042110,1.000000,0.066094,-0.005074,0.067798,0.029340,0.247377,0.214677,0.165748,0.073198,0.008804,-0.037379,0.157944,0.006785,-0.010513,0.096300,0.227792,0.104756,0.087533,0.151664,0.246493,0.217088,0.060432,0.033487,0.190921,0.027166,0.079441,0.184461,0.178342,0.078649,0.299967,0.194478,0.017418,0.120333,0.021055,0.272496,0.208346,0.156308,-0.040571,0.213733,0.202634,0.124076,0.017716,0.110338,-0.098994,0.122554,-0.123267,-0.030354,0.075985,0.087933,0.141471,-0.101457,0.041753,0.162140,0.103208,-0.009438,0.108011,0.161598,0.187854,0.026924,0.062923,0.018549,0.289498,-0.001461,-0.018809,-0.149076,-0.169443,0.183613,0.060372,0.156837,0.158841,-0.000965,0.108485,0.071376,0.026580,0.099842,-0.005237,-0.096803,0.070860,0.043104,0.193745,-0.037368,0.144035,0.124210,-0.013708,0.079091,0.016705,0.055378,0.236904,0.096554,-0.050686,-0.004717,0.041921,0.143194,0.019602,-0.089729,0.089137,-0.068939,0.071575,0.086701,0.031310,-0.039122,0.305568,0.051277,0.227057,0.165805,0.085824,0.045295,0.009765,-0.101755,0.040555,0.032315,0.020201,0.105547,0.016149,0.123838,0.052078,0.034393,0.014450,0.077969,0.056611,0.026442,-0.030679,0.115482,0.169660,0.258012,0.037063,-0.015886,0.183844,0.168762,0.029728,0.147805,0.019827,0.136468,0.000190,-0.004893,-0.025423,-0.016628,0.009403,0.285764,0.101651,-0.063218,0.047168,0.088597,0.222312,0.320506,-0.016489,0.204867,0.105670,-0.037905,0.019561,0.049805,0.173404,-0.059063,-0.039590,0.087098,0.281846,0.044886,0.008078,-0.025490,0.038212,0.188150,0.034086,0.063736,0.100259,0.017247,0.023596,0.109474,0.057535,-0.128945,0.021564,0.033004,-0.000038,0.126971,0.133653,0.005657,-0.078101,0.159927,-0.041636,0.233394,0.109027,-0.121021,-0.089985,-0.033763,0.071757,0.043814,0.120381,0.226340,0.144561,0.167215,0.056046,0.019112,0.119190,0.112972,0.184801,0.042763,-0.055408,0.018556,#
4,0.107667,-0.017617,0.191956,0.066094,1.000000,0.192438,-0.012924,0.114729,0.169330,0.249887,0.012320,0.115239,0.102461,0.039596,0.150653,0.128563,0.007293,0.091022,0.111457,0.316031,0.321154,0.101636,0.199371,0.212562,-0.076221,0.108614,0.102235,-0.093707,0.152309,0.079794,0.133468,0.094523,0.183312,0.143147,0.070998,0.151250,0.328272,0.092144,0.207343,0.090600,0.029612,0.200172,0.113335,0.054867,0.182434,0.151227,0.244248,0.162950,0.028906,0.030443,0.013719,0.116775,0.131685,0.140352,0.308290,0.186042,0.129790,0.083497,0.194306,0.156061,0.129490,0.215357,0.128051,0.027305,0.107681,0.034244,-0.015905,0.145459,-0.035252,0.100887,0.237260,0.200236,0.185413,0.149401,0.130962,0.025457,0.088840,0.193962,0.143078,0.221995,0.121456,0.162204,0.045410,-0.016163,0.304466,0.142759,0.121518,0.121244,0.059584,0.025037,0.280617,-0.036016,0.158224,0.037574,0.199769,0.187297,0.038274,0.087483,-0.047314,0.069389,0.071129,0.144550,0.154790,0.101617,0.061400,0.225395,0.061324,0.140611,0.226963,0.252816,0.070653,0.203971,0.227150,0.221852,0.096034,0.053969,0.190228,0.106567,-0.001180,0.161813,-0.078379,0.107497,0.086487,0.026466,0.149441,-0.016390,0.239557,0.149774,0.302957,0.191101,0.181852,0.027216,0.145892,0.242744,0.165494,0.121460,0.016271,0.021896,0.142954,-0.000110,0.122205,0.105621,0.154366,0.021132,0.223273,0.178874,0.165472,0.188588,0.029077,0.160955,0.047692,0.226786,0.197545,0.281038,0.285908,0.034546,0.274234,0.076440,-0.047121,0.116404,0.167800,0.060834,0.094452,-0.071019,-0.154709,0.101651,-0.044311,0.086261,0.048177,0.175273,-0.046465,0.118514,0.371171,0.226361,0.187207,0.229059,0.203415,0.193219,0.070409,0.200088,0.026387,0.034303,0.121344,0.049726,0.215833,0.188631,-0.154726,0.166101,0.157361,0.296474,-0.076136,0.121178,-0.040725,0.158165,0.134997,0.192922,0.170463,-0.008639,0.206209,0.341423,#
5,0.096855,-0.007039,0.058857,-0.005074,0.192438,1.000000,-0.046708,0.168799,0.130829,0.095476,0.188912,0.087409,0.089077,-0.107288,0.085532,0.167349,-0.012455,0.115650,-0.145059,0.277157,0.017279,-0.055141,0.160605,0.109510,0.107247,0.036143,0.192643,0.072121,0.121499,0.078137,0.226479,0.145138,0.202218,0.164582,-0.013649,0.146222,0.083862,-0.035343,0.133418,0.054655,0.211631,0.051680,0.038126,0.098224,0.143028,0.141572,0.197898,0.093970,0.204376,-0.100524,0.102867,0.159324,0.011179,-0.009151,0.091927,0.199708,0.223269,-0.019257,0.328208,0.162406,0.040754,0.217411,0.158898,0.150964,0.228193,0.063987,-0.039328,0.120644,0.146876,-0.227441,0.114762,0.113620,0.214904,0.118428,0.040027,0.151154,0.162314,0.179934,0.083721,0.070901,0.274433,0.027440,0.148602,0.076510,-0.003861,0.062868,0.173214,0.199364,0.152716,-0.121389,-0.041105,0.147649,0.263754,0.287906,-0.001117,0.082000,-0.055350,0.154961,0.193063,0.140011,0.024969,0.194035,-0.029409,0.092723,0.030368,0.238321,0.189557,0.197001,0.097785,0.121768,-0.048115,0.224649,-0.039376,0.005275,0.105759,0.074796,0.101591,0.058285,-0.040819,0.157978,-0.132781,0.086316,0.122445,0.067667,-0.074797,-0.024113,0.209642,0.006251,0.067396,0.111894,0.241601,0.128696,0.189719,0.252342,0.120830,0.153752,0.097070,0.103417,0.036548,-0.155522,0.094337,0.024325,0.150122,0.175515,0.235061,-0.045032,0.032674,0.088820,0.075261,-0.017383,0.207536,0.092326,0.205536,0.114649,-0.034756,0.125071,0.180006,0.059310,0.048592,0.080565,0.160531,0.034932,0.167782,0.115974,0.059352,0.077351,-0.156429,0.252955,0.148017,0.170373,0.270083,0.105261,0.179208,0.061545,0.032700,0.075457,0.204094,0.072452,0.122306,0.190965,0.292924,0.071289,0.229069,0.042306,0.060315,0.091308,0.094172,0.106646,0.071778,0.068846,0.008786,0.167632,0.055128,0.065702,0.073229,0.058327,0.014342,0.072020,0.120745,0.257010,#
6,0.167806,0.163698,0.179212,0.067798,-0.012924,-0.046708,1.000000,-0.033818,0.127533,0.015048,0.066242,0.080321,0.168015,0.136813,-0.009188,0.025683,0.077451,0.082300,0.065237,-0.030658,0.235879,0.204974,-0.063554,0.065906,0.052608,0.007017,0.039146,0.003598,0.006552,0.127556,0.076620,0.036139,0.042753,0.063800,0.073215,0.063614,-0.096452,0.056074,0.083471,0.094043,-0.103769,0.005847,0.129940,-0.018290,0.226960,0.046090,0.062956,-0.150631,0.177250,0.048624,0.020503,0.115709,0.124500,0.011944,0.064607,0.098470,0.071392,0.056092,0.140076,0.136835,0.244107,-0.062728,0.103087,0.003221,0.244011,0.193431,0.078844,0.003300,-0.003640,0.045980,0.083968,0.151816,-0.049311,0.255026,0.187169,0.103187,0.108991,0.008821,0.102406,-0.022624,0.058754,-0.012906,0.125629,-0.034901,-0.077651,0.121590,0.097943,0.057994,-0.017074,-0.000058,0.005539,-0.019340,-0.075452,-0.069849,0.014865,-0.000418,0.262469,0.070232,0.023748,0.162813,0.079571,0.209274,0.226173,0.020159,-0.116598,0.058294,0.105343,-0.051721,0.109666,0.019093,-0.014553,0.081153,-0.099919,-0.166527,0.154466,0.031662,0.282219,0.013699,0.095756,0.044490,0.159245,0.064001,0.013465,0.163020,0.141322,0.200914,0.036114,0.028495,-0.017937,0.089065,0.003297,0.154603,0.148946,0.044970,0.014123,0.125700,0.025743,-0.038990,0.156002,0.088944,0.121862,0.189900,-0.099617,-0.003843,0.061953,0.023470,0.048485,0.051812,0.041656,-0.045673,0.203459,-0.069701,0.096187,-0.160422,0.102942,0.020640,-0.023662,0.251501,0.102364,-0.039592,-0.042042,0.170413,0.111585,0.229361,0.071467,0.174083,0.000057,-0.021848,0.036134,0.043680,0.070615,0.032834,-0.022442,-0.032198,0.179928,0.025098,0.003303,0.060121,0.105050,-0.026519,0.108682,-0.021943,0.165053,0.035768,0.025170,0.076154,-0.099794,0.138000,-0.012685,0.088498,-0.089864,0.156380,-0.114208,0.218686,0.013180,-0.071003,0.052535,0.083321,0.119676,0.068117,#
7,-0.059174,0.132576,0.078654,0.029340,0.114729,0.168799,-0.033818,1.000000,0.314557,0.099701,0.114608,0.135309,0.069928,0.026372,0.243930,-0.013902,0.181411,0.140416,0.028963,0.046941,-0.042091,0.124678,0.140089,0.179562,0.245711,0.131454,0.046687,0.151423,0.014000,0.074600,-0.050357,0.016157,0.091158,0.061181,-0.115637,0.061275,0.082548,-0.023739,0.270334,-0.025739,-0.046162,-0.099840,0.084634,0.175721,0.139689,0.076022,0.152302,0.032490,-0.075468,0.005125,0.205021,-0.002877,-0.006692,0.151627,0.071609,-0.018026,0.035291,0.118499,0.078460,0.067328,0.009765,0.147689,0.055391,-0.079604,0.061095,0.137578,0.076211,0.097024,0.049430,0.318639,0.130868,-0.022256,0.389465,0.013667,0.068171,0.060027,-0.026935,0.012212,0.122724,0.190752,0.147441,0.085631,0.080690,0.040972,0.166880,0.069190,0.164552,0.137825,0.023048,0.102843,0.001032,0.038392,0.057816,0.109281,0.086376,-0.176233,-0.011858,0.129292,0.025750,0.165897,0.121477,0.067531,-0.107121,0.039573,-0.015399,0.151061,0.030656,0.041170,-0.021214,0.023801,0.148267,0.026461,0.096131,0.092644,0.309748,0.072414,0.040169,-0.191730,-0.048954,0.199486,0.031654,0.122393,0.015502,0.195429,0.161490,-0.021691,0.165677,0.057706,0.088977,-0.026654,0.081426,0.006599,0.243055,-0.008586,0.183160,0.219486,-0.152212,0.143291,-0.006845,0.068268,0.145540,0.095541,0.110158,-0.012593,0.153594,0.106120,0.127858,0.025210,0.082469,0.108594,0.027403,0.120275,0.113352,0.098469,-0.014604,0.202373,0.072096,0.131302,0.006910,0.082073,0.129000,-0.079193,0.242617,0.003687,-0.144621,0.207995,0.088001,-0.087647,-0.077908,0.052431,0.127038,0.179821,0.213104,0.076842,0.186524,0.036481,0.092207,0.051592,-0.120010,0.190397,0.253155,0.105705,0.034645,0.035291,-0.081162,0.198783,-0.034385,-0.153779,0.051331,0.208694,0.161116,-0.028639,-0.027212,-0.001210,0.071915,0.022479,-0.021541,0.096933,-0.006312,0.157023,#
8,0.027443,0.198895,0.057379,0.247377,0.169330,0.130829,0.127533,0.314557,1.000000,0.283973,0.077859,0.175380,0.088055,-0.033157,0.226829,0.228384,-0.014854,0.063958,0.011017,0.039191,-0.059187,0.210856,0.265149,0.150793,-0.074235,0.165751,0.028251,0.162619,-0.093592,0.210269,0.006707,0.072761,0.048746,0.104735,-0.013835,0.098465,0.152701,0.030156,0.054116,0.088610,0.027382,0.223829,0.231874,0.074759,0.145283,0.001726,-0.035283,0.007267,0.115255,0.066815,0.193751,0.236758,0.025420,0.147225,0.052714,0.216536,0.065821,0.208782,0.091794,0.259825,0.233646,0.051372,0.267258,-0.062126,0.139281,0.262230,0.079425,0.115024,0.162649,0.185402,0.149030,0.041198,0.174397,0.223762,0.150321,0.131280,0.047893,0.071590,0.138237,0.177641,0.138815,0.089270,0.007067,-0.028608,0.130356,0.174684,0.005927,0.020824,-0.106840,0.125221,0.072544,0.096625,0.080578,0.086375,0.228954,0.135248,0.127297,0.033406,0.092368,0.026935,0.134973,0.089572,0.064857,0.194134,0.111328,0.117801,0.197311,0.155829,0.071191,0.130312,0.077935,0.043099,0.000804,0.044506,0.299861,0.257033,0.131198,-0.117549,0.014082,0.219648,0.104562,0.054927,0.131868,0.036887,0.041582,0.188396,0.170643,0.187359,0.052810,0.208052,0.027981,-0.046590,0.240390,0.215513,0.250780,0.224704,-0.090603,0.056292,-0.091136,0.003570,0.032941,0.149315,0.248088,0.073900,0.047803,0.075281,0.257517,0.127662,0.167688,0.048117,0.152776,0.042639,0.054277,0.196704,0.238317,0.165024,0.138799,0.274141,0.042548,0.130547,0.015759,0.008985,0.135078,0.148540,0.128799,0.155342,0.073313,-0.099458,0.097687,0.258344,0.147804,0.148661,0.144853,0.038136,0.263710,0.054320,0.035695,0.070050,0.088869,0.154354,0.201399,0.045695,-0.041606,0.095652,0.118501,0.140409,0.005669,0.011529,0.163396,0.102662,0.068181,0.062101,0.103550,0.052876,0.148366,0.110914,0.070405,0.069276,0.086594,0.090927,#
9,0.089449,0.087945,0.108980,0.214677,0.249887,0.095476,0.015048,0.099701,0.283973,1.000000,0.219543,0.043176,0.155502,-0.002063,0.221240,0.202229,0.035181,0.052501,0.256243,0.249622,0.226176,0.136477,0.240637,0.312575,0.004642,0.054132,0.146231,0.153498,0.060762,0.140162,0.100579,0.045315,0.048700,0.275582,0.224927,0.180564,0.113671,0.158409,0.214387,-0.004414,0.231449,0.025234,0.191087,0.037633,0.145926,0.099501,0.145946,0.089470,-0.048472,0.082723,-0.000624,0.127069,0.126176,0.080605,-0.015458,0.164289,0.027692,0.146570,0.227400,0.190118,0.141061,0.105231,0.288950,0.077815,0.140005,0.228926,0.047713,0.116094,0.089772,-0.000607,0.351102,0.117307,0.127465,0.112292,0.113153,0.100240,-0.105423,0.137843,0.190251,0.207713,0.065043,0.163905,0.000067,0.038477,0.261582,0.072257,0.061906,0.220349,-0.052383,-0.183741,0.114672,0.337259,0.141656,0.066218,0.249120,0.084774,0.221972,0.242714,0.261284,-0.140142,-0.035034,0.139444,0.270376,0.085768,0.248400,0.217962,0.159831,-0.108250,0.203378,0.172459,0.200672,0.230765,0.254388,0.276784,0.033130,0.200011,0.077801,-0.067169,0.075491,0.061694,0.084203,0.169917,0.188240,0.110676,0.097142,0.095863,0.106336,0.122782,0.242152,0.216443,0.136658,0.035479,0.177793,0.385777,0.195400,0.086273,-0.002674,0.107932,0.013505,0.043338,-0.092655,0.231465,0.177620,0.134392,0.011941,0.076150,0.188433,0.131452,0.048732,0.166082,0.025549,-0.046097,0.238123,0.185682,0.250206,0.184477,0.133017,0.228848,0.206122,0.123627,0.090979,0.005317,0.153708,0.289553,0.160973,0.058335,0.074202,0.031611,0.221854,0.145255,0.249831,0.189877,0.096692,0.147322,0.113973,0.178313,0.088876,0.172329,0.243611,0.124632,0.099995,0.090942,0.144594,0.035023,0.015569,0.214693,-0.067378,0.035012,0.402045,0.162111,0.082971,0.135176,0.121863,0.079013,0.064165,0.049870,0.010852,0.164448,0.014862,0.130356,#
10,0.138098,0.121643,0.203403,0.165748,0.012320,0.188912,0.066242,0.114608,0.077859,0.219543,1.000000,0.059234,-0.097773,-0.045025,0.078690,0.154744,0.047688,0.060835,0.007064,0.145123,0.029986,-0.077136,0.020176,0.189966,0.019407,-0.129834,-0.009900,0.229116,-0.119110,0.211263,0.115697,0.058535,0.132056,0.095844,0.182811,0.128433,-0.012431,0.079829,0.162386,-0.041981,0.196959,0.014053,-0.003839,-0.071652,0.124877,0.095000,0.137472,0.136193,0.153260,0.277998,-0.019177,0.088631,0.107614,0.032480,-0.048230,0.117081,0.038575,-0.077700,0.113032,0.129454,0.129127,0.201456,0.114298,0.288660,0.231755,0.074798,0.167621,-0.081318,-0.087864,0.012586,0.019513,0.215969,0.085007,0.108376,0.016510,0.140734,0.025678,0.117989,0.018228,-0.006137,0.275450,0.073060,0.130899,0.098083,0.211221,0.091758,0.066011,0.343816,0.000308,0.089974,0.091635,0.256127,0.060519,0.181548,0.022771,0.276054,-0.009003,-0.030020,0.305533,0.116901,0.010057,0.099253,0.112040,0.055531,0.298941,-0.091732,0.106847,0.140837,0.048251,0.003524,-0.110719,0.129430,-0.005976,0.090093,0.214379,0.312521,0.114732,-0.057273,0.101636,0.068403,0.087004,0.185071,-0.023771,0.002461,-0.084238,0.052840,0.256140,0.192578,0.136297,-0.036395,-0.012759,0.061566,0.036396,0.059481,0.196262,0.021727,-0.037367,0.243266,-0.062238,-0.037110,0.233231,-0.058121,0.026423,0.052091,0.041351,-0.136242,-0.043330,0.043515,0.118196,0.046546,0.182393,0.108107,0.163573,0.088674,0.011922,0.016528,0.233833,0.034510,0.212462,0.017552,0.153531,-0.036970,0.169571,0.237185,0.032599,0.144433,0.183807,0.027196,0.168502,0.205056,0.076576,-0.039346,0.001680,0.104210,0.182502,-0.010359,0.176135,0.226823,-0.087456,0.190797,0.053009,0.059895,0.222023,-0.032205,0.029401,0.036057,-0.027314,-0.108241,0.044654,0.168480,0.139033,0.079235,0.100553,-0.013824,0.180585,0.055098,-0.108178,0.185983,0.068695,0.253664,#
11,-0.003491,0.152075,0.165162,0.073198,0.115239,0.087409,0.080321,0.135309,0.175380,0.043176,0.059234,1.000000,0.107681,0.005290,-0.015803,-0.014663,0.009196,0.145005,0.087011,-0.132581,0.004042,0.200198,-0.051253,-0.044428,0.090452,0.116125,-0.148760,0.185104,-0.083032,0.132070,0.129336,0.091500,0.039629,0.099551,0.042193,0.072206,0.149848,-0.014797,0.032904,0.228279,-0.001691,0.108573,0.243798,0.080053,0.094436,0.093676,0.146548,-0.017852,0.086962,0.025521,0.029098,0.201126,0.081782,0.177296,0.059902,-0.057492,-0.101502,0.240506,0.096243,0.058536,0.006351,0.031816,0.137523,-0.033973,0.151991,0.177830,0.152355,0.128748,0.120627,0.123189,0.060855,0.121032,0.108114,-0.003183,-0.002055,-0.074825,0.064941,0.055883,0.018403,-0.060835,0.071715,0.042502,0.111000,-0.002258,0.102039,0.039389,-0.039245,0.060369,0.149549,-0.044963,-0.041548,0.285953,0.144828,0.091474,0.194925,0.213259,-0.021567,-0.016437,0.084119,0.119804,-0.021908,0.109631,-0.077880,0.080525,0.041660,0.190361,0.088060,0.134856,0.134619,0.177536,0.161367,0.122726,0.074007,0.048869,-0.048940,0.244981,-0.007395,0.113427,-0.145781,0.144769,-0.023461,0.120610,0.087030,-0.015399,0.056490,-0.051000,-0.017442,-0.051301,0.195542,0.054604,0.106907,0.162108,0.242722,0.184125,0.069812,0.069574,-0.113960,0.200914,-0.075635,0.199381,0.111709,-0.023614,0.088534,0.127800,0.283287,-0.040963,0.133735,0.074699,-0.047326,0.041609,0.085932,0.146518,0.039842,0.103449,0.096252,0.091570,0.115492,0.016987,0.115325,-0.044438,-0.000606,0.128421,-0.032555,0.022713,0.018470,0.000985,0.181429,-0.014937,0.031847,0.237169,0.045014,0.076011,0.053574,-0.018743,0.062472,0.026231,0.001124,0.078090,-0.077334,0.228086,0.174434,0.010525,0.082573,-0.025306,0.023242,0.086399,-0.077939,0.057406,0.155701,0.203425,0.106137,-0.121336,0.198865,0.183667,0.232567,0.095627,0.010869,0.073478,-0.065901,0.127964,#
12,0.072979,0.086090,-0.029010,0.008804,0.102461,0.089077,0.168015,0.069928,0.088055,0.155502,-0.097773,0.107681,1.000000,0.072561,0.286961,0.100016,0.328194,0.211826,0.218056,0.181769,0.082616,0.193443,0.152613,0.164468,-0.049480,0.065653,0.054526,0.109705,0.086352,0.020211,-0.004975,0.118054,0.184422,0.117790,0.148732,0.146196,0.136331,0.046068,0.076010,0.238948,-0.060584,-0.010322,0.148332,0.303147,0.112602,0.130409,0.114379,-0.048201,0.146595,0.008642,0.141236,0.035764,0.046975,0.114332,0.218638,0.048446,-0.022516,0.119203,0.067600,-0.043703,0.043246,0.264656,-0.093729,0.162124,0.302967,0.119998,0.054118,0.094538,0.124194,0.080690,0.152502,0.037569,0.238489,0.048673,0.189902,0.209677,0.160678,-0.105134,0.015952,0.033656,0.173629,0.074054,0.017839,0.105920,-0.006586,0.079913,0.115790,0.119763,0.231306,0.004488,0.009791,-0.006294,-0.022368,0.008075,0.076858,0.253690,0.342734,0.170755,-0.020891,-0.036063,0.025058,0.091432,0.121057,0.153986,0.079939,0.092048,0.108508,-0.001082,0.075512,0.103941,0.168829,0.036034,0.076987,-0.014749,0.169925,0.060824,0.257650,-0.060735,0.055499,-0.044307,0.159997,0.177631,0.185653,0.196265,0.217981,-0.107092,0.112037,-0.122209,-0.009895,0.098620,0.075055,0.098494,0.014739,0.157028,0.057283,-0.008551,0.095455,0.125291,0.189047,-0.012847,0.144795,0.243473,0.102438,0.032893,0.140456,0.176823,0.123924,0.141170,0.024234,0.210836,0.002732,0.239004,0.172373,-0.042904,0.070506,0.332697,0.079614,0.015692,0.066349,0.067744,0.055030,0.251936,0.211127,0.119975,0.239664,0.092076,0.201611,0.126593,0.043358,0.036022,0.219846,0.225270,0.052403,0.199653,0.103517,0.123443,0.142216,0.197948,0.059049,-0.012821,0.135382,0.110906,0.152999,0.091426,0.005007,0.148100,0.067481,0.314844,0.053314,-0.056023,0.050206,-0.044441,0.100027,0.141926,0.084672,0.118532,-0.001470,0.145003,0.141434,-0.062418,#
13,0.040297,-0.093400,0.238049,-0.037379,0.039596,-0.107288,0.136813,0.026372,-0.033157,-0.002063,-0.045025,0.005290,0.072561,1.000000,0.148100,-0.005828,0.137495,0.115903,0.091443,0.106805,0.164080,0.122317,0.115453,0.202413,-0.106474,0.129186,0.064411,0.140727,0.072548,0.064492,0.045828,0.073476,0.179874,0.089620,0.097544,0.026891,0.047281,0.143069,0.048853,0.150082,-0.067378,0.144848,0.094317,0.006522,0.226982,0.105973,0.070450,0.060731,0.114973,0.076169,0.010239,0.088092,0.075279,0.222345,0.099963,0.108759,-0.063437,0.059286,-0.000598,0.139430,0.163981,0.172559,0.121415,0.075665,0.124424,0.015613,0.185527,0.040208,0.175113,0.085502,0.082522,0.143961,-0.158125,0.084657,0.323375,0.226843,0.098770,0.052632,0.204512,0.185594,-0.004092,0.133084,0.200752,0.050933,0.029068,0.009815,-0.027355,0.053101,0.134409,0.050416,0.089563,-0.020576,0.070612,0.190579,0.086712,-0.077249,0.132523,0.004078,0.002641,0.275289,0.039512,0.192719,0.033316,0.292098,-0.043730,0.240783,0.112785,0.092853,0.181234,0.074075,0.105024,0.147538,0.228687,0.081732,0.227627,0.140484,0.149167,0.201369,0.014975,0.170573,0.012966,0.031495,0.074003,0.002172,0.126636,-0.139304,0.017434,-0.118736,0.118000,0.088437,-0.097330,0.102579,0.046735,0.057553,0.220045,0.032767,-0.073044,0.029803,0.155533,0.128897,-0.194087,0.129477,0.257330,0.067570,-0.050792,0.124697,0.129925,0.093193,-0.008860,0.045496,-0.031791,0.088408,0.063653,0.169892,0.106346,0.198374,-0.113593,0.029386,0.169597,0.105814,0.024579,0.130895,0.121861,0.155673,0.007734,0.180521,0.047119,-0.009463,0.128830,0.000932,0.098249,0.080235,0.094931,0.171447,0.226763,0.012778,0.098309,0.238594,0.132924,-0.038276,-0.061510,0.197662,0.054346,0.027699,0.132997,0.128420,0.142214,0.085722,-0.106806,0.004710,0.127385,0.104854,0.138256,0.237659,0.084712,0.023769,0.054997,0.067549,0.085183,0.011157,#
14,0.189433,-0.004970,-0.085203,0.157944,0.150653,0.085532,-0.009188,0.243930,0.226829,0.221240,0.078690,-0.015803,0.286961,0.148100,1.000000,0.265881,0.153332,0.100722,0.207582,0.273582,0.170532,-0.010786,0.138401,0.243415,-0.013417,0.011172,0.115515,0.087830,0.150757,0.085417,0.037903,0.294391,0.115385,0.150055,0.207497,0.085515,0.058020,0.108628,0.114906,0.158300,-0.085467,-0.040672,0.095681,0.095944,0.226973,0.146895,0.109050,-0.054473,-0.030121,0.150190,0.113927,-0.007855,0.149070,0.225495,0.249105,0.089381,0.125254,0.137459,0.142343,0.117294,0.127984,0.221063,0.206516,0.175834,0.043380,-0.096068,0.099594,0.169223,-0.021719,0.202100,0.171665,0.088163,0.200836,0.097765,0.279943,0.140008,0.294405,0.117458,0.056541,0.016866,0.214762,0.258591,0.122306,0.241241,0.130986,0.093221,0.034100,0.192795,0.067394,-0.013735,-0.049303,0.066054,0.127135,0.150958,0.077640,0.170377,0.282392,0.117547,0.049930,0.006795,0.154159,0.210882,0.181017,0.190369,0.263431,0.022647,0.152672,0.074351,-0.036516,0.111793,0.066030,-0.116459,0.197086,0.215667,0.205931,0.131168,0.233099,-0.086411,0.082874,0.055505,0.216146,0.176577,0.097880,0.067918,0.160578,-0.015052,0.074665,0.156811,0.007392,0.270290,-0.018342,-0.020270,0.055606,0.144773,0.160658,0.143564,-0.136023,0.155747,0.021492,-0.039359,0.093425,0.184848,0.141885,0.157383,-0.054229,0.267905,0.135204,0.061599,-0.040759,0.019088,0.145440,0.157594,0.125050,0.157215,0.201691,0.247657,0.133262,0.143060,-0.004274,0.152162,0.015189,-0.014229,0.228880,0.113445,0.080330,0.110698,0.114739,-0.008705,0.139934,0.218764,0.183827,0.030795,0.169682,0.148832,0.001611,0.111388,0.196607,0.202807,0.136964,-0.006060,0.278170,0.231970,0.059481,-0.021601,0.046602,0.015567,0.070249,-0.040789,-0.017338,0.172766,-0.015938,0.012064,0.124720,0.167665,0.202827,0.045352,0.062697,0.075718,0.129994,-0.021477,#
15,0.282628,-0.035315,0.084527,0.006785,0.128563,0.167349,0.025683,-0.013902,0.228384,0.202229,0.154744,-0.014663,0.100016,-0.005828,0.265881,1.000000,0.161088,0.153862,0.082480,0.144171,-0.005008,0.033370,0.197855,0.257197,-0.070895,0.132162,0.022749,0.046019,0.101361,0.277495,0.048435,0.198316,0.016177,0.168793,0.084848,0.298850,0.068139,0.041090,0.217534,0.003350,0.015581,0.019310,0.073969,0.091258,0.169793,0.068669,-0.075018,0.150800,0.061668,0.220590,-0.155153,0.300143,0.040828,0.096770,0.168751,0.084086,0.098945,0.000809,0.131377,0.140498,0.177876,0.123600,0.256212,0.066342,-0.027176,0.240902,0.010470,0.068870,-0.014971,-0.120680,0.174622,0.089627,-0.019326,0.006521,0.047158,0.106353,0.092611,0.087350,0.011999,0.008396,0.252292,0.074052,-0.161313,0.199202,0.189438,0.116378,-0.015611,0.342019,0.025431,-0.011021,0.073587,0.016570,0.009162,0.025771,0.074490,0.069581,0.250025,-0.029649,0.007020,0.071092,0.196830,0.115535,0.056703,0.127261,0.062608,0.140409,0.215367,0.076922,-0.029634,0.152738,-0.083185,0.133011,0.030187,0.087914,0.014242,0.068530,-0.007860,-0.016741,0.013447,-0.067556,0.119419,0.070793,0.138974,0.033858,-0.080248,0.049856,0.140645,0.213050,0.024291,0.305868,-0.062499,-0.001575,0.002943,0.175782,0.116546,0.045244,-0.177214,-0.029060,0.037950,-0.075017,-0.023776,0.057132,0.068564,-0.015060,0.029270,-0.072170,0.109276,0.077080,0.146934,-0.043607,0.084518,-0.050974,0.213263,0.152382,0.015587,0.177850,0.218403,0.167544,0.003269,0.168016,0.005857,0.015933,0.281846,0.013546,0.082203,0.197619,0.169290,0.155867,0.244091,-0.039573,-0.068755,0.107505,-0.106644,0.157990,0.061501,0.137978,0.207419,0.171416,0.020461,0.114609,0.240164,0.064584,0.112684,0.208957,0.042077,0.078608,-0.056338,0.173220,-0.140079,0.060471,-0.116250,-0.002031,0.138119,0.073365,-0.026154,0.099572,0.186286,0.170010,0.116952,-0.057572,#
16,0.242257,0.046161,-0.147442,-0.010513,0.007293,-0.012455,0.077451,0.181411,-0.014854,0.035181,0.047688,0.009196,0.328194,0.137495,0.153332,0.161088,1.000000,0.072715,0.061228,0.215125,0.169491,0.093918,0.050735,0.181765,-0.031821,0.030882,0.145004,-0.081380,-0.068123,0.276083,-0.098990,0.133195,0.095023,0.311619,0.158296,0.126202,0.081819,0.037234,0.161444,0.047834,-0.044470,0.054718,0.132480,0.099727,0.086791,0.097320,-0.029496,0.032959,-0.023694,0.113405,0.004354,0.061522,0.185011,0.247585,0.140162,-0.014245,-0.041152,0.091989,0.092688,0.038860,-0.039971,0.195920,0.095901,-0.035934,0.040965,0.073192,-0.045403,0.160236,0.085250,0.189990,0.031398,0.051078,0.245842,0.035126,0.080364,0.127377,-0.060027,0.122239,0.020102,0.169578,0.123522,0.031185,-0.009849,0.269648,0.110412,0.177514,0.137229,0.111946,0.175843,0.145546,0.061975,0.016307,0.032719,-0.061442,0.107508,0.028569,0.113748,-0.049225,0.047115,0.186226,-0.055725,0.030260,0.000364,0.108948,0.001635,0.128175,0.224937,0.092592,0.103288,0.162796,0.015674,0.127109,0.148562,-0.013977,0.260244,0.130039,0.174817,0.014759,0.069060,0.037281,0.277653,0.223656,0.159863,0.189253,0.307052,-0.019678,0.117158,-0.117891,0.003704,0.171563,0.094916,0.007546,0.141732,-0.146712,0.281347,0.135097,-0.118606,0.030157,-0.047151,0.036382,0.017859,0.138761,0.006145,0.050292,0.120605,-0.028147,0.088598,-0.009640,0.058947,0.306333,-0.152623,0.198363,0.011965,0.033938,0.037958,0.275305,0.114088,0.031307,0.130026,0.180271,0.005293,0.116284,0.124319,0.072118,0.003790,0.085838,0.208103,0.145902,0.091183,-0.107369,0.107299,0.133204,0.038184,-0.043474,0.072714,0.002114,0.041255,0.152562,0.141152,-0.064719,-0.013466,0.088080,0.115450,-0.049347,0.014949,0.190709,0.085735,0.194052,0.016099,0.065770,0.145816,-0.074996,-0.098315,0.008281,0.045533,0.136625,0.081054,-0.092287,-0.023625,-0.032775,#
17,0.241036,0.013904,0.020257,0.096300,0.091022,0.115650,0.082300,0.140416,0.063958,0.052501,0.060835,0.145005,0.211826,0.115903,0.100722,0.153862,0.072715,1.000000,0.090322,0.120010,0.122569,0.132565,0.065729,0.285706,0.129417,0.090887,0.104795,0.007721,-0.057739,0.067954,0.102902,-0.014011,0.127782,0.007206,0.101768,0.284952,-0.043273,0.113693,0.272909,0.065706,0.167713,0.216218,0.155969,0.100675,0.071893,0.084677,0.086529,0.211312,0.021893,0.112038,0.157078,0.078633,0.061815,-0.024700,0.147684,0.130015,0.132096,-0.016349,0.170549,-0.027279,0.092819,0.151650,-0.062842,0.073298,0.116674,0.314689,0.213827,0.217893,0.023902,0.071668,0.126686,0.230510,-0.016034,0.031929,0.038251,0.158939,0.014037,0.019750,0.069606,0.087556,0.128423,0.028821,0.062555,0.041606,0.000450,0.054888,0.251816,0.066920,0.081575,0.065465,0.064812,-0.049846,0.147592,0.090536,-0.048154,0.199077,0.100508,0.079896,-0.096702,0.078795,0.166355,-0.093941,-0.007152,0.131884,0.063771,0.066730,0.122178,0.048181,0.095643,0.013719,0.127186,0.144176,-0.035954,0.189514,0.207761,-0.020621,0.015806,-0.031158,0.060943,0.074862,0.056824,0.202369,0.007342,0.047373,0.213128,0.156574,0.185348,-0.164992,0.050811,0.131376,0.244894,0.151368,0.161991,-0.013706,-0.022647,0.118853,-0.006713,0.154669,0.122589,0.175673,0.192962,0.163987,0.175420,0.078784,0.142434,0.108079,0.072123,0.170563,-0.034557,-0.066336,0.152940,-0.050102,0.007571,0.056017,0.231547,0.276270,0.192668,0.152509,0.150778,0.013307,0.077742,0.088567,0.235605,0.147686,0.067634,0.110816,0.042306,0.075051,0.126404,0.020459,0.190481,-0.016004,0.078366,0.083097,0.130137,-0.022393,0.123598,0.049264,-0.050383,0.361631,0.140282,0.221267,0.149153,0.202097,0.053725,0.058437,0.102170,0.182757,0.076438,0.006806,0.045261,0.105820,0.101876,0.172997,0.164599,0.247341,-0.021216,0.187912,-0.023140,0.118329,#
18,0.196832,-0.013127,0.121890,0.227792,0.111457,-0.145059,0.065237,0.028963,0.011017,0.256243,0.007064,0.087011,0.218056,0.091443,0.207582,0.082480,0.061228,0.090322,1.000000,0.258285,0.110736,0.179287,0.199164,0.229867,0.082817,0.051341,-0.029976,0.172520,0.040065,0.021458,-0.055203,-0.064144,0.156974,0.185522,0.207759,0.207736,0.086938,0.188260,0.094761,0.213656,0.103051,-0.042920,0.112181,0.000705,0.249804,-0.026403,0.078392,0.065232,-0.153106,0.134566,0.029994,0.112348,0.136064,0.032631,0.123470,0.163527,0.015894,0.088327,0.044326,0.109187,0.169201,0.060629,0.209435,0.033433,0.261065,0.088244,0.058171,0.090894,-0.158105,0.074808,0.131166,0.057974,0.028174,-0.075222,0.208455,0.145233,0.155947,0.111697,0.143522,0.102465,-0.013437,0.018796,0.140100,0.093413,0.036894,-0.003758,0.117464,0.097663,-0.027449,0.037875,0.209473,-0.043001,-0.030338,-0.000249,0.190624,0.226338,0.246720,0.050408,0.095264,0.130168,0.116299,0.142703,0.108685,0.013574,0.269521,0.166745,0.043074,-0.078385,0.119360,-0.023402,0.153520,0.086288,0.256273,0.053971,0.024267,0.047822,-0.013988,-0.189533,0.026125,0.116385,0.078137,0.104012,0.132298,-0.029656,0.101644,-0.124974,0.044740,0.135618,0.219699,0.039071,-0.053062,0.205724,0.003706,0.210431,0.115513,0.118602,0.112021,0.182367,-0.036975,0.052497,-0.080040,0.187858,0.111492,0.140344,0.125516,0.280555,0.094600,0.048269,0.008256,0.134449,-0.057939,0.089202,0.094430,0.113548,0.070771,0.136307,0.092404,0.152895,0.056275,0.168720,0.145436,0.092548,0.178680,0.127529,0.059629,0.339921,0.134336,0.073312,0.112174,0.219970,-0.077506,0.171420,0.167075,0.161621,-0.002808,0.170188,0.141647,0.138240,0.021781,0.051148,0.009395,0.105922,0.084208,0.076655,0.069902,0.036658,0.283179,0.018805,0.100253,-0.056980,0.084547,0.054471,0.058787,0.240862,0.193774,0.139977,0.020770,0.102091,0.178571,-0.006780,#
19,0.241540,0.003837,0.033314,0.104756,0.316031,0.277157,-0.030658,0.046941,0.039191,0.249622,0.145123,-0.132581,0.181769,0.106805,0.273582,0.144171,0.215125,0.120010,0.258285,1.000000,0.071086,-0.004018,0.177850,0.172933,0.016565,0.045173,0.193877,-0.032660,0.012245,0.186751,0.167982,0.078905,0.097114,0.108731,0.133969,0.125049,0.149478,0.035539,0.194453,0.165979,0.125388,0.037929,0.009321,-0.028212,0.072314,0.092148,0.241261,0.149478,0.111667,0.171284,-0.011284,0.070340,0.061885,0.088944,0.130942,0.192131,0.158273,-0.020157,0.133051,0.176219,0.210641,0.326180,0.242907,0.210571,0.286627,-0.018480,0.092524,0.227433,-0.140928,-0.011355,0.266475,0.087950,0.135181,0.197839,0.218328,0.268875,0.095622,0.157152,0.300761,0.118063,0.152906,0.044916,0.166851,0.120176,0.059416,0.221419,-0.003080,0.289605,0.119988,-0.154653,0.123697,0.004481,0.187114,0.012942,0.003086,0.157801,0.230800,0.106411,-0.106776,0.068088,0.090818,0.192992,0.182475,0.171880,0.145260,0.280262,0.191289,0.183643,0.145090,-0.047868,-0.075171,0.091973,0.247962,0.166707,0.149564,0.011817,0.281513,0.068186,0.099544,-0.125549,0.056738,0.294493,0.187363,0.118463,0.319301,-0.026762,0.324702,0.043610,0.149844,0.201484,0.070642,0.077957,0.021182,0.052009,0.197217,0.068502,0.030464,0.162149,-0.027653,-0.017888,-0.003940,0.163886,0.119855,0.118178,0.108860,0.145937,0.106515,0.092795,0.094349,0.107215,0.103913,0.288936,0.107669,0.094363,0.159855,0.191746,0.119527,0.172050,0.201425,0.296747,0.238521,0.024724,0.146652,0.038596,0.198388,0.161118,0.030719,0.147527,0.182252,0.063193,0.132018,0.171719,0.270874,0.276460,0.097432,0.066501,0.183951,0.284356,0.172751,0.093036,-0.052972,0.215238,0.218887,0.248569,0.285894,0.121042,0.062044,0.056556,0.132407,0.090302,0.221396,0.231044,-0.047907,0.116477,0.021874,0.290921,-0.052908,0.123004,0.251078,0.122988,#
20,0.057603,-0.036236,0.165967,0.087533,0.321154,0.017279,0.235879,-0.042091,-0.059187,0.226176,0.029986,0.004042,0.082616,0.164080,0.170532,-0.005008,0.169491,0.122569,0.110736,0.071086,1.000000,0.185234,0.024532,0.131832,0.054578,0.237399,0.205394,-0.127020,0.042048,-0.028948,-0.031500,-0.019695,0.178703,0.167089,0.147782,0.281327,0.260303,0.157276,0.277729,0.176856,-0.021632,0.223430,0.023399,-0.073962,0.215399,0.069882,0.289586,-0.082426,-0.092062,0.125461,-0.072665,0.111512,0.053555,0.212789,0.294924,0.133502,0.118518,0.185852,0.119260,0.106158,0.155916,0.120248,0.151534,-0.017493,0.037427,0.007664,0.030934,0.136937,0.101493,0.230662,0.347104,0.133098,0.029825,0.118593,0.187459,0.040133,0.029218,0.178097,0.099230,0.011508,0.111215,0.244031,0.156958,0.042006,0.094978,0.070657,0.083790,0.056995,0.098229,0.015204,0.216596,0.044875,0.101691,0.175378,0.306359,-0.010167,0.056322,0.183399,0.182164,0.001066,0.140195,0.129818,0.246138,0.023077,0.133284,0.093276,0.160928,0.072785,0.052632,0.234752,0.175855,0.267631,0.168270,-0.081299,0.195241,0.144644,0.283658,0.179024,0.071404,0.239422,0.162256,0.222730,0.078627,0.220124,0.122975,0.131294,0.223531,0.010555,0.322472,0.160201,0.252038,0.076078,0.050221,0.221769,0.112894,-0.052681,0.071031,-0.048271,0.104776,0.115708,0.086939,0.232705,0.072943,0.120569,0.128287,0.090324,0.092738,0.036087,-0.072351,0.233534,0.216551,0.109551,0.046137,0.231889,0.052500,0.125338,0.073344,0.016016,0.049192,0.243156,0.065174,0.177212,0.150043,0.161133,0.134086,-0.058584,-0.044855,0.070929,0.170719,0.095276,0.183554,0.054403,0.214253,0.044020,0.017800,0.060764,-0.065153,0.121916,0.306630,0.093198,0.072057,0.101598,0.043356,0.058672,0.093489,0.000215,0.085278,0.200850,0.069551,0.194042,-0.134695,0.039654,-0.015555,0.294246,0.082527,-0.032434,0.068361,0.044467,0.208631,0.215315,#
