0,1.000000,0.095970,0.238503,0.131038,0.216939,0.091235,0.145472,0.102923,0.149374,0.169358,0.246729,0.082416,0.106804,0.058784,0.256121,0.172800,0.169544,0.277000,0.233049,0.309043,0.243459,0.245681,0.185061,0.283851,0.250068,0.161240,0.213514,0.129896,0.299515,0.298055,0.099780,0.158480,0.146010,0.172681,-0.011040,0.267717,0.119306,0.163072,0.317737,0.312367,0.189125,0.211954,0.120359,0.225288,0.039628,0.174450,0.169968,0.240650,0.199046,0.288049,0.207438,0.085716,0.175646,0.114012,0.235807,0.240527,0.220720,0.241893,0.158655,0.145199,0.254227,0.091755,0.176265,0.068538,0.120677,0.133268,0.141557,0.159488,0.177612,0.165698,0.308399,0.167076,0.332780,0.160070,0.104286,-0.028886,0.221472,0.242140,0.126065,0.042893,0.220504,0.175084,0.097787,0.245396,0.256169,0.120701,0.226912,0.216145,0.377960,0.081700,0.163369,0.081130,0.130889,0.218748,0.297664,0.215287,0.331544,0.148063,0.204915,0.236911,0.264641,0.248072,0.123859,0.228896,0.193461,0.198694,0.294363,0.117572,0.101080,-0.026278,0.073528,0.129450,0.133081,0.267943,0.073789,0.058346,0.280583,0.204893,0.155655,0.119121,0.354045,0.222239,0.243655,0.211082,0.171697,0.297519,0.249058,0.098245,0.140221,0.181825,0.280791,0.223629,0.345711,0.213300,0.198297,0.012382,0.283978,0.071947,0.246677,0.362368,0.178355,0.160772,0.110159,0.147495,0.178569,0.249013,0.125120,0.132671,0.288534,0.127023,0.076447,0.099435,0.283091,0.112622,0.074852,0.167066,0.085495,0.127722,0.227501,0.293163,0.173238,0.369208,0.060004,0.046813,0.265711,-0.027931,0.262602,0.184652,0.187787,0.154824,0.425894,-0.020487,0.289514,0.270315,0.044332,0.205308,0.296550,0.257632,0.195549,0.154302,0.165894,0.304680,-0.011880,0.005553,0.196531,0.103459,0.316672,0.367624,0.236883,0.119396,0.169680,0.183132,0.113583,0.154318,0.307913,0.007627,0.046796,0.251086,0.412446,0.289827,#
1,0.095970,1.000000,0.136529,0.317691,0.358369,0.131459,0.232341,0.154552,0.231605,0.125635,0.367553,0.281937,0.185086,0.271301,0.152322,-0.009793,0.203684,0.255783,0.153881,0.244120,0.139840,0.246828,0.161946,0.253465,0.246773,0.266935,0.345505,0.332231,0.146974,0.243159,0.280670,0.313347,0.191846,0.229132,0.016733,0.127115,0.097228,0.235254,0.319302,0.159231,0.061307,0.203176,0.284406,0.266609,0.214454,0.288931,0.361289,0.281853,0.070333,0.126664,0.269792,0.145944,0.337965,0.178631,0.135039,0.249514,0.267634,0.213135,0.316668,0.220761,0.173540,0.289195,0.200899,0.219766,0.128511,0.213288,0.017034,0.234352,0.309223,0.211556,0.158142,0.154351,0.346990,0.079361,0.269209,0.118726,0.238629,0.212275,0.346368,0.172579,0.153341,0.371977,0.248988,0.276079,0.200125,0.008506,0.305391,0.123313,0.288375,0.318929,0.217365,0.351248,0.163048,0.244065,0.128461,0.172107,0.143094,0.168242,0.121486,0.060095,0.254572,0.135867,0.181372,0.243994,0.169227,0.204704,0.264500,0.324934,0.082937,0.279061,0.356873,0.144027,0.153258,0.262553,0.231631,0.260218,0.285346,0.176221,0.213015,0.231375,0.168560,0.199859,0.279673,0.251132,0.266233,0.278637,0.135125,0.170243,0.097049,0.198123,0.194369,0.230840,0.176920,0.274187,0.391236,0.342965,0.128562,0.222762,0.214567,0.318854,0.234786,0.064308,0.191810,0.174443,0.263329,0.215659,0.182700,0.141625,0.199585,0.232738,0.033800,0.183895,0.173097,0.044442,0.281315,0.198475,0.227260,0.149671,0.128177,0.026136,0.035825,0.344244,0.193031,0.196842,0.280811,0.126644,0.160428,0.168733,0.228544,0.363005,0.264628,0.234432,0.190422,0.155128,0.182678,0.136589,0.073367,0.322675,0.244459,0.122667,0.112868,0.195942,0.236229,0.067721,0.264305,0.167206,0.154298,0.232712,0.152748,0.247731,0.343503,0.164247,0.118957,0.209345,0.285138,0.268896,0.008467,0.182243,0.132717,0.122454,#
2,0.238503,0.136529,1.000000,0.321476,0.202718,0.071351,0.252107,0.225314,-0.016113,0.139327,0.147502,0.319873,0.148928,0.321855,0.093250,0.206814,0.190502,0.162359,0.231081,0.254835,0.300715,0.379885,0.141705,0.233069,0.315304,0.323771,0.280524,0.149476,0.132255,0.287942,0.154780,0.067404,0.088108,0.118403,0.010030,0.188234,0.139415,0.099192,0.141838,0.185215,0.269401,0.302812,0.308502,0.127152,0.047865,0.255894,0.100667,0.290320,0.108060,0.235760,0.358654,0.338330,0.250118,0.118776,-0.014794,0.210801,0.107862,0.196670,0.154631,0.251315,0.009866,0.210523,0.229804,0.193929,0.268612,0.268878,0.109540,0.055176,0.259235,0.355444,0.096929,0.119859,0.161680,0.103928,0.286297,0.190754,0.223001,0.259736,0.174653,0.105343,0.322715,0.093370,0.117786,0.205187,0.200765,0.073942,0.343148,0.241317,0.166718,0.202608,0.106937,0.272010,0.254330,0.164999,0.186068,0.158111,0.242897,0.176608,0.299316,0.164338,0.306841,0.193292,0.143171,0.192431,0.135313,0.234152,0.219154,0.153765,0.158424,0.211575,0.231003,0.224170,0.241589,0.219151,0.164206,0.269742,0.197093,0.222683,0.007416,0.077264,0.220374,0.287232,0.186160,0.145010,0.262339,0.158432,0.319856,0.231556,0.143219,0.164928,0.151721,0.236095,0.237838,0.137667,0.315655,0.271948,0.189117,0.199842,0.065115,0.129902,0.028776,0.118728,0.190119,0.101274,0.280830,0.268429,0.101954,0.172209,0.280075,0.096737,0.106536,0.312644,0.250254,0.165117,0.076936,0.086634,0.093859,0.128370,0.162664,0.187324,0.242434,0.326947,0.177424,0.250946,0.206420,0.060702,0.206779,0.205015,0.059845,0.157254,0.107072,0.316773,0.123753,0.112080,0.214287,0.148247,0.373894,0.154770,0.146791,0.272079,0.251058,0.174458,-0.013209,0.310624,-0.008292,0.181812,0.148615,0.147341,0.271191,0.059186,0.113171,0.227641,0.387149,0.097908,0.190378,0.048229,0.058992,0.233388,0.262119,0.209508,#
3,0.131038,0.317691,0.321476,1.000000,0.349616,0.150567,0.367933,0.248818,0.182785,0.127666,0.253278,0.382581,0.173885,0.283099,0.187754,0.222681,0.255570,0.301922,0.189330,0.263219,0.291145,0.302521,0.196153,0.376703,0.361039,0.260350,0.276364,0.239860,0.273460,0.231963,0.309078,0.422848,0.358544,0.244981,0.022745,0.264190,0.412613,0.404427,0.397677,0.194109,0.338710,0.408537,0.264957,0.470930,0.145775,0.358597,0.370044,0.346867,0.084478,0.330199,0.342752,0.224566,0.345021,0.139046,0.122861,0.395204,0.236143,0.287949,0.246519,0.374009,0.162900,0.165656,0.227878,0.250808,0.349890,0.349652,0.195355,0.316968,0.205952,0.294395,0.276220,0.125017,0.347908,0.186551,0.351954,0.355341,0.345251,0.286703,0.354794,0.123344,0.356412,0.340790,0.213108,0.321069,0.334934,0.248859,0.340643,0.159496,0.349825,0.365206,0.234225,0.307506,0.289780,0.385326,0.172592,0.298026,0.368936,0.222584,0.382333,0.266601,0.372039,0.217587,0.323890,0.319214,0.351371,0.347987,0.199529,0.173180,0.144832,0.268478,0.299300,0.199733,0.279875,0.243665,0.148059,0.209665,0.359421,0.137538,0.261225,0.200398,0.344512,0.275871,0.246976,0.423398,0.233763,0.176292,0.334631,0.219224,0.147367,0.276764,0.268406,0.350316,0.331609,0.319616,0.302971,0.233006,0.140224,0.189266,0.410200,0.264322,0.282322,0.271871,0.186889,0.282586,0.281794,0.138117,0.306093,0.331443,0.253933,0.240447,0.164512,0.273116,0.167033,0.219408,0.212518,0.181972,0.176936,0.256465,0.209520,0.311057,0.288495,0.340138,0.368350,0.400379,0.334431,0.166926,0.313483,0.261535,0.140743,0.272514,0.360441,0.199026,0.197276,0.072314,0.151545,0.235598,0.254996,0.293326,0.170329,0.252338,0.284171,0.381132,0.318799,0.250025,0.084710,0.215174,0.168092,0.260105,0.089657,0.230178,0.177310,0.346898,0.411737,0.155685,0.187354,0.313035,0.219754,0.340182,0.264735,0.262188,#
4,0.216939,0.358369,0.202718,0.349616,1.000000,0.131231,0.220577,0.166086,0.239377,0.030242,0.133239,0.148465,0.290162,0.292558,0.133907,0.143808,0.130072,0.212168,0.258748,0.348508,0.275463,0.250447,0.196951,0.294914,0.252599,0.422385,0.120249,0.220780,0.221155,0.026857,0.114769,0.170487,0.240214,0.130152,-0.007163,0.212520,0.274708,0.232477,0.106354,0.161622,0.328745,0.343050,0.196478,0.204465,0.342235,0.110631,0.333749,0.317549,0.233943,0.282459,0.164876,0.085653,0.244995,0.278385,0.260477,0.348971,0.214519,0.240732,0.283055,0.184887,0.291257,0.264707,0.090377,0.032827,0.107798,0.118040,0.247247,0.134109,0.198167,0.214717,0.233391,0.150573,0.296724,0.166675,0.127132,-0.044721,0.176512,0.280984,0.268458,0.050420,0.337501,0.298436,0.040392,0.145465,0.342827,0.155911,0.220396,0.209469,0.406265,0.381073,0.228792,0.233757,0.059143,0.244530,0.070502,0.262135,0.189608,0.338958,0.286705,0.168951,0.283185,0.096998,0.281602,0.289184,0.223482,0.202576,0.089413,0.248797,0.094800,0.209158,0.457570,0.103322,0.240840,0.472734,0.212734,0.089030,0.279823,-0.061018,0.160348,-0.024247,0.255860,0.310680,0.290664,0.130741,0.307442,0.215779,0.311004,0.158799,0.160131,0.076799,0.142520,0.159836,0.213380,0.223225,0.291619,0.160907,0.244745,-0.074675,0.187733,0.300205,0.373975,0.022771,0.095270,0.193242,0.227280,0.333044,0.184008,0.161273,0.226234,0.144600,0.165824,0.107766,0.168757,0.197348,0.100596,0.095222,0.357942,0.200963,0.138644,0.227585,0.175442,0.221011,0.109442,0.298114,0.122912,0.222707,0.123765,0.116511,0.038580,0.252110,0.236996,0.146468,0.204917,0.170760,0.261202,0.185947,0.271098,0.213622,0.174473,0.128835,0.008091,0.111008,0.251575,0.194343,0.106855,0.110763,0.185757,0.407300,0.173414,0.221629,0.199656,0.164896,0.268751,0.145967,0.080455,0.345523,0.154151,0.390225,0.200457,0.217187,#
5,0.091235,0.131459,0.071351,0.150567,0.131231,1.000000,0.155622,0.071655,0.071278,0.254937,0.133168,0.081118,0.164329,0.062140,0.171329,0.086014,0.148847,0.139068,0.086080,-0.023888,0.214502,0.138249,0.135594,0.252845,0.214000,0.152929,0.148911,0.156152,0.169444,0.170571,0.068691,0.263659,0.234329,0.157132,-0.065209,-0.033608,0.219585,0.014226,0.114822,0.209140,0.100278,0.233331,0.022841,0.279059,-0.028874,0.139009,0.023640,0.040534,0.081294,0.277791,0.148353,0.120287,0.117535,-0.080066,0.059734,0.136312,-0.060894,0.183965,0.260479,0.068929,0.102981,0.135700,0.109981,-0.022278,0.114985,0.147034,0.161848,0.007693,0.078957,0.069535,0.222848,0.153467,0.159524,0.269957,0.143504,0.028486,0.193148,0.089319,0.082008,0.133662,0.061547,0.211380,0.206416,0.016586,0.052694,0.102221,-0.002299,0.095749,0.197592,0.120590,0.020238,0.247079,-0.006276,0.143847,0.063566,0.066235,0.030591,0.017720,0.157342,-0.071489,0.150064,0.249288,0.083751,0.139347,0.056713,0.112546,0.048739,0.154898,0.096957,0.027089,0.267611,0.032268,0.165951,0.112288,0.078385,0.009951,0.208673,0.211030,0.075888,0.043483,0.047027,0.135755,0.042524,0.130165,0.061601,0.093845,-0.053898,-0.006665,0.356010,0.203593,0.103913,0.207220,0.198499,0.132314,0.313978,0.179810,-0.010724,-0.006129,0.075542,0.036705,0.172811,0.120870,0.046726,0.168297,0.039121,0.042812,0.120189,0.077661,-0.106903,0.101014,0.135661,-0.040240,0.146019,0.237679,0.058602,0.103180,0.202172,0.014829,0.286707,-0.010210,0.105032,0.150788,0.098445,0.050067,0.045731,-0.124916,0.032787,0.099721,0.195428,0.233576,0.158127,0.137698,0.153566,0.060939,-0.035576,0.122938,0.199384,0.153784,0.199514,0.008011,0.103261,0.106158,0.203509,0.066581,0.145070,0.193279,0.174306,0.095433,0.037289,0.180805,0.092922,0.034001,0.180040,0.114469,0.272787,0.074511,-0.022694,0.281267,0.024749,0.195271,#
6,0.145472,0.232341,0.252107,0.367933,0.220577,0.155622,1.000000,0.218520,0.145760,0.067080,0.249191,0.151566,-0.011350,0.298450,0.153165,0.123559,0.234116,0.251230,0.241632,0.281561,0.160466,0.152028,0.090112,0.100540,0.071871,0.197084,0.188837,0.134623,0.264138,0.142895,0.144747,0.253144,0.171009,0.190179,-0.016342,0.118518,0.104547,0.227939,0.225611,0.288712,0.155352,0.150451,0.056399,0.218672,0.106521,0.220470,0.294355,0.338682,0.126501,0.312600,0.199399,0.255308,0.268929,0.198347,-0.002467,0.216011,0.136874,0.212188,0.304520,0.353045,0.144676,0.247610,0.098658,0.206212,0.168582,0.389004,0.234769,0.268225,0.249862,0.203926,0.144090,0.198757,0.272103,0.007540,0.271531,0.197510,0.129304,0.288088,0.326844,0.094806,0.229568,0.284974,0.315359,0.156539,0.315202,0.229938,0.146940,0.195045,0.241858,0.252221,0.254949,0.160448,0.153603,0.217346,0.150711,0.300933,0.173003,0.187881,0.283645,0.191271,0.346195,0.288573,0.139596,0.152451,-0.045162,0.328378,0.130231,0.176159,0.153736,0.196467,0.258950,0.210213,0.219854,0.146706,0.147295,0.182634,0.281648,0.125400,0.219074,0.177702,0.213665,0.314782,0.066980,0.142990,0.281238,0.121028,0.051532,0.305264,0.112554,0.348875,0.157302,0.113460,0.313900,0.074374,0.380671,0.223941,0.093824,0.276381,0.222860,0.181490,0.116996,0.005194,0.066229,0.321964,0.073383,0.226449,0.164936,0.110612,0.174485,-0.000584,0.266432,0.090703,0.238326,0.114460,0.263077,0.099967,0.043356,0.267745,0.277287,0.156044,0.117932,0.333150,0.262860,0.250427,0.317355,0.061950,0.181018,0.186032,0.228528,0.278302,0.073590,0.091580,0.227276,0.085843,0.164941,0.231946,0.182290,0.287851,0.296121,0.054440,-0.039800,0.185746,0.225359,0.350434,0.258672,0.260676,0.170391,0.257523,0.215144,0.310408,0.135324,0.142153,0.249828,0.237495,0.093370,0.130247,0.130559,0.254083,0.134140,0.274459,#
7,0.102923,0.154552,0.225314,0.248818,0.166086,0.071655,0.218520,1.000000,0.103594,0.268294,0.249711,0.370855,0.054605,0.264883,0.225778,0.243475,0.142699,0.362251,0.226948,0.269884,0.253209,0.299289,0.236340,0.130635,0.325510,0.153257,0.297982,0.396703,0.201010,0.126907,0.255646,0.218322,0.274456,0.145271,0.074835,0.280089,0.044347,0.131677,0.234670,0.230757,0.211426,0.284638,0.254558,0.228922,0.191857,0.301399,0.193591,0.277466,0.232785,0.279179,0.300695,0.203479,0.181486,0.212007,0.146094,0.197708,0.262978,0.287623,0.206217,0.296117,0.227954,0.142022,0.259710,0.226829,0.334685,0.237018,0.234882,0.148298,0.162249,0.332431,0.236225,0.073712,0.352016,0.206501,0.166735,0.205550,0.196893,0.291989,0.294271,0.360202,0.246471,0.219201,0.311200,0.228314,0.308998,0.212926,0.287991,-0.016569,0.298246,0.343088,0.242258,0.223189,0.226376,0.213864,0.079153,0.262473,0.142433,0.264155,0.141954,0.011860,0.280007,0.165049,0.237293,0.194627,0.055829,0.399583,0.360996,0.091999,0.218091,0.208647,0.195103,0.168870,0.117672,0.222538,0.362895,0.264537,0.121433,0.127777,0.188553,0.258872,0.250859,0.295921,0.107595,0.210014,0.252745,0.178335,0.210196,0.276059,0.146273,0.153387,0.078042,0.265666,0.245513,0.201414,0.425715,0.189919,0.031554,0.419832,0.245055,0.286492,0.354741,0.167213,-0.007111,0.210147,0.236158,0.174607,0.311340,0.200449,0.093207,0.187153,0.228398,0.351605,0.085888,0.046113,0.032659,0.248702,0.279330,0.275319,0.242509,0.249591,0.149540,0.283876,0.195891,0.202493,0.161056,0.115607,0.378548,0.198520,0.249628,0.299762,0.150373,0.119546,0.215318,0.121231,0.182732,0.148429,0.150178,0.165841,0.082183,0.283689,0.146669,0.242309,0.188507,0.215169,-0.053265,0.211477,0.150145,0.196517,0.161461,0.328646,0.253278,0.164289,0.308277,0.239151,0.122939,0.271230,0.041813,0.206668,0.296521,0.215414,#
8,0.149374,0.231605,-0.016113,0.182785,0.239377,0.071278,0.145760,0.103594,1.000000,0.041969,0.231241,0.133573,0.119043,0.141038,0.235433,0.030284,-0.024964,0.042144,0.060705,0.137954,0.177902,0.100942,-0.053266,0.186596,0.079750,0.092259,0.073071,0.177292,-0.009087,0.077843,-0.038155,0.185027,0.107391,0.080015,-0.014020,0.133287,0.225838,0.039198,0.102027,0.199943,0.102146,0.096881,0.003073,0.097509,0.292881,0.144896,0.119138,0.129446,0.016556,0.077328,0.010480,0.196794,0.100840,0.313357,0.121542,0.154359,0.070355,0.193522,0.126224,0.214825,0.175205,-0.006731,0.150804,-0.020823,0.139990,0.197379,0.137457,0.077711,0.295378,0.107368,-0.008433,0.099859,0.256933,-0.007712,0.062627,-0.035722,0.078695,0.086121,0.100036,-0.063895,0.130201,0.221805,0.185229,0.032425,0.237161,0.094425,0.084090,0.137553,0.241086,0.240308,0.062833,0.215342,0.117736,0.048979,0.294129,0.296748,0.117695,0.134148,0.160769,-0.016684,0.154223,-0.041304,0.120294,0.111991,0.196362,0.111911,0.197039,0.007749,-0.057276,0.179873,0.051578,0.060271,-0.100620,0.181561,0.049851,0.201895,0.157163,0.048134,0.025713,0.205942,0.239372,0.029877,0.073661,0.064953,0.187827,0.257264,0.086858,0.260637,0.030538,0.118166,0.136178,-0.015741,0.106465,0.132651,0.233588,0.132845,0.094283,0.169495,0.323566,0.209083,0.246747,0.081449,0.078046,0.021545,0.000145,0.046556,0.128780,0.161155,0.022877,0.122430,0.208036,-0.004981,0.089714,0.115756,0.233486,0.224181,0.129406,0.132023,0.109973,0.231498,-0.051574,0.178930,-0.054266,0.146526,0.124667,0.070116,0.199102,0.087375,0.096027,0.088643,0.207009,-0.038327,0.031687,0.101794,0.017981,0.062079,0.024941,0.232005,0.241218,0.085372,0.062070,0.129228,-0.082276,0.168173,0.117913,0.076794,-0.093207,-0.000212,0.174807,0.168593,0.105142,0.098836,0.134038,0.044704,0.114589,0.034733,0.074307,-0.079737,0.003589,0.095448,#
9,0.169358,0.125635,0.139327,0.127666,0.030242,0.254937,0.067080,0.268294,0.041969,1.000000,0.254689,0.151802,0.023396,0.150890,0.133768,0.114171,0.063188,0.039685,-0.015706,0.211596,0.115378,0.129269,0.124608,0.057994,0.106964,0.129346,0.332302,0.224957,0.167359,0.024931,0.310804,0.281484,0.108351,0.156269,0.161395,0.113925,0.020273,0.197644,0.090210,0.093374,0.217194,0.269791,0.087408,-0.033615,0.045357,0.217401,0.065399,0.168391,0.039073,0.055005,0.180558,0.238054,0.161681,0.135777,0.144415,0.147678,0.194164,0.239613,0.128987,0.064273,0.146639,0.131539,0.267126,0.117610,0.218056,0.176192,-0.024974,0.007302,0.157730,-0.007331,0.185442,0.129741,0.201658,0.142333,0.221667,0.147435,0.184752,0.117805,0.313179,0.171481,-0.015410,0.298163,-0.002691,0.150549,0.178815,0.230374,0.276700,0.095187,0.000734,0.072966,-0.011762,0.255537,0.110540,0.045038,0.115062,0.117511,0.204814,0.142962,0.106908,-0.013649,0.179334,0.269988,0.288453,0.146842,0.196281,0.204160,0.098313,0.052213,0.179493,0.100266,0.136751,0.087016,0.083067,0.248013,0.065152,0.202202,0.206830,0.190578,0.317061,-0.014161,0.255903,0.246235,0.068259,0.252806,0.113142,0.269037,-0.038495,0.188609,0.137076,0.131911,0.143162,0.138221,0.026353,0.179677,0.198655,0.104878,0.152288,0.236160,0.167464,0.049220,0.125246,0.272713,-0.009798,0.042157,0.057687,-0.000031,0.204655,0.142242,0.081339,0.336374,0.094685,-0.011254,0.336088,0.150848,0.042831,0.240470,0.231013,0.205119,0.390098,0.055849,0.142661,0.112424,-0.013759,0.265554,0.123795,-0.017551,0.142424,0.204629,0.370723,0.156347,0.120197,0.154375,0.222436,0.103811,-0.029563,0.140182,0.245203,0.008126,0.068106,0.185954,0.026309,0.149888,0.262992,0.138129,0.074580,0.166378,0.170492,0.268825,0.195634,0.180988,0.157836,0.163101,0.108038,0.180730,0.147736,0.168669,0.098729,0.057006,0.175009,0.221348,#
10,0.246729,0.367553,0.147502,0.253278,0.133239,0.133168,0.249191,0.249711,0.231241,0.254689,1.000000,0.099418,0.017013,0.260635,0.219702,0.007382,0.135765,0.227920,0.318121,0.232454,0.050721,0.211503,-0.015980,0.144855,0.177026,0.099102,0.237564,0.293319,0.180333,0.195359,0.312307,0.251196,0.226135,0.091348,0.056526,0.187259,0.028509,0.239230,0.304797,0.194352,0.107901,0.153901,0.184755,0.126193,-0.076473,0.126136,0.141960,0.256562,0.250063,0.161910,0.189069,0.244845,0.116704,0.146276,0.096807,0.239739,0.088554,0.226338,0.188139,0.230591,0.052144,0.233823,0.201552,0.259560,0.295106,0.318295,0.142335,0.048386,0.174282,0.171374,0.204504,0.139952,0.324522,0.157934,0.116204,0.202845,0.277243,0.039681,0.228353,0.105185,0.084136,0.241146,0.254234,0.197373,0.204145,0.049328,0.309227,0.103623,0.231701,0.216808,0.015289,0.124211,0.205690,0.060812,0.186643,0.249410,0.231115,0.054367,0.212892,0.142602,0.210567,0.138092,0.213970,0.150018,0.239498,0.115216,0.197189,0.194941,0.119784,0.173215,0.069329,0.205472,0.059232,0.197188,0.316758,0.293392,0.208487,0.030773,0.187954,0.036587,0.117460,0.184069,0.159611,0.202021,0.231685,0.214863,0.053183,0.224175,0.126657,0.261354,0.316662,0.152256,0.218331,0.136811,0.262392,0.226182,0.125507,0.306141,0.136400,0.242698,0.260758,0.121700,0.145442,0.137066,0.045626,0.157353,0.008747,0.084278,0.093280,0.199632,0.080101,0.185651,0.310217,0.022970,0.229754,0.175465,0.255666,0.058481,0.326319,0.212447,0.147783,0.221965,0.249671,0.165010,0.153298,0.047019,0.256700,0.195703,0.212782,0.191186,0.259760,0.142231,0.129953,0.164459,0.107017,0.051350,0.152607,0.164554,0.194788,0.247388,0.197290,0.172486,0.243815,0.059886,0.147278,0.177397,0.090208,0.136374,0.199159,0.180886,0.265002,0.144495,0.168092,0.152920,0.275103,0.183371,0.063872,0.245503,0.291878,0.301783,#
11,0.082416,0.281937,0.319873,0.382581,0.148465,0.081118,0.151566,0.370855,0.133573,0.151802,0.099418,1.000000,0.154083,0.120571,-0.011043,0.129455,0.157610,0.252456,0.188118,0.030379,0.137870,0.255829,0.094086,0.217063,0.353145,0.210598,0.096032,0.274821,-0.101870,0.205220,0.213455,0.264244,0.185101,0.244608,-0.032578,0.151837,0.104531,0.156657,0.176389,0.105833,0.207162,0.304462,0.305088,0.371803,0.020428,0.315342,0.162030,0.203171,0.112186,0.065074,0.365462,0.130773,0.252764,0.226579,-0.088804,0.182171,0.341029,0.199326,0.272355,0.157953,0.016527,0.208247,0.223473,0.247068,0.223281,0.295686,0.177103,0.244735,0.163012,0.228312,0.075065,0.046362,0.271368,0.114663,0.220455,0.180184,0.156384,0.174448,0.289820,0.229943,0.228582,0.026056,0.198476,0.290218,0.284234,0.037916,0.331628,0.233141,0.228504,0.184218,0.223086,0.295242,0.263483,0.428485,0.074565,0.194391,0.064807,0.165378,0.224091,0.195064,0.244145,0.116249,0.180887,0.140778,0.142297,0.343830,0.257440,0.109536,0.239594,0.144537,0.292136,0.175112,0.227010,0.197035,-0.068854,0.370460,0.189516,0.105576,0.169276,0.167381,0.165723,0.258578,0.275693,0.200806,0.249049,0.151440,0.248497,0.327413,0.215920,0.169833,0.135414,0.317078,0.159339,0.262723,0.175906,0.142414,-0.089999,0.303069,0.047053,0.239590,0.164779,0.138899,0.065676,0.211573,0.145196,0.025243,0.272429,0.059988,0.130430,0.122465,0.060208,0.296217,0.181555,0.182826,0.150045,0.109691,0.140576,0.048543,0.131042,0.211426,0.123811,0.238706,0.064033,0.192802,0.216408,0.117533,0.386100,0.234988,0.334433,0.208740,0.252410,0.018188,0.141786,-0.018104,0.128858,0.256323,0.343127,0.158505,0.082264,0.110907,0.207516,0.181490,0.066775,0.144965,-0.036942,0.197250,0.177725,0.149071,0.094186,0.145293,0.110176,0.059737,0.335968,-0.067146,0.233987,0.155539,0.073989,0.149040,0.144458,0.230133,#
12,0.106804,0.185086,0.148928,0.173885,0.290162,0.164329,-0.011350,0.054605,0.119043,0.023396,0.017013,0.154083,1.000000,0.053663,0.171078,0.047572,0.203299,0.036045,0.176492,0.324488,0.220952,0.026006,0.156149,0.167674,0.121554,0.126981,0.135478,0.103803,0.172799,0.305499,-0.011813,0.231433,0.255303,0.151324,0.060442,0.163761,0.213699,-0.004383,0.158984,0.149546,0.346100,0.146639,0.239156,0.181734,0.221446,0.273100,0.145114,0.034685,0.130198,0.116431,0.294357,0.148697,0.150041,0.131684,0.017536,0.143488,0.099752,0.153871,0.222180,0.115919,0.134193,0.093193,0.104155,0.105928,0.231162,0.110243,0.127545,0.035001,0.165919,0.002215,0.009583,0.186058,0.086161,0.007392,0.216561,0.112055,0.234537,0.135922,0.099217,0.045525,0.101378,0.136826,0.138465,0.150623,0.257473,0.254010,0.064859,0.214012,0.230740,0.185739,0.124678,0.302391,0.040779,0.265499,0.119028,0.013351,0.267782,0.133507,0.085504,0.006183,0.207852,0.184729,0.157618,0.109127,0.284043,0.193514,0.176695,0.030469,0.081148,0.161641,0.251913,-0.035183,0.082133,0.263283,0.065821,0.074425,0.113820,0.184163,0.181358,0.132535,0.183001,0.202445,0.294898,0.180987,0.107149,0.130324,0.232103,0.148263,0.131468,0.092671,0.122646,0.151880,0.129155,0.069558,0.077765,0.083771,0.028705,0.152060,0.113715,0.239293,0.246654,0.036756,-0.009544,0.160862,-0.052963,0.169156,0.137988,0.030390,0.125775,0.003820,0.045088,0.319579,-0.009044,0.076653,0.070960,0.012597,0.146114,-0.078950,0.088057,0.076609,-0.007165,0.262459,0.057941,0.232169,0.006155,-0.021129,0.216719,-0.063713,0.124365,0.194294,0.079050,0.127485,0.139578,0.065047,0.145850,-0.047487,0.181414,0.215369,0.021177,0.229797,0.097763,0.141567,0.171752,0.159014,0.148985,0.168012,0.080895,0.208825,0.023262,0.040851,0.228694,0.176192,0.163122,0.075795,0.014108,0.102687,0.106852,0.203013,0.174916,0.095734,#
13,0.058784,0.271301,0.321855,0.283099,0.292558,0.062140,0.298450,0.264883,0.141038,0.150890,0.260635,0.120571,0.053663,1.000000,0.276050,0.126758,0.180541,0.083810,0.184894,0.316573,0.185430,0.260172,0.028451,0.175637,0.275487,0.231413,0.367126,0.235427,0.166771,0.126981,0.271799,0.246866,0.251976,0.227172,0.071399,0.160636,0.064546,0.240011,0.108449,0.161586,0.106473,0.257152,0.282559,0.209379,0.126106,0.204165,0.280522,0.276291,0.171651,0.238133,0.168165,0.226951,0.309096,0.190574,0.181169,0.369996,0.148226,0.180692,0.236238,0.296613,0.251819,0.161897,0.337998,0.090212,0.163129,0.216003,0.445918,0.157270,0.375802,0.263992,-0.015707,0.106002,0.259074,0.094405,0.299536,0.108551,0.332672,0.291654,0.319208,0.127176,0.214200,0.354933,0.141358,0.414912,0.383853,0.091772,0.336376,0.281062,0.270317,0.358760,0.188282,0.251817,0.265125,0.293054,0.059984,0.304477,0.184934,0.165131,0.244324,0.173131,0.361065,0.227751,0.256047,0.309465,0.217641,0.340315,0.256225,0.179347,0.350712,0.167540,0.194432,0.130041,0.268705,0.247429,0.249955,0.218324,0.302162,0.180597,0.111412,0.078019,0.291987,0.330342,0.138704,0.331747,0.298672,0.148160,0.203445,0.136031,0.316409,0.270813,0.192510,0.149878,0.062286,0.163799,0.324049,0.313549,0.214988,0.224693,0.407881,0.242840,0.161476,0.138023,0.275528,0.222065,0.269252,0.397391,0.243326,0.281062,0.018631,0.297552,0.173830,0.225423,0.182776,0.259579,0.277750,0.246203,0.088658,0.359159,0.215188,0.239597,0.115832,0.339048,0.144396,0.375611,0.239585,0.139219,0.149483,0.138941,0.232473,0.326172,0.228491,0.307302,0.179542,0.110042,0.161497,0.265040,0.157868,0.165064,0.269500,0.013334,0.172290,0.223409,0.220595,0.323714,0.053177,0.195484,0.241350,0.243832,0.158131,0.201793,0.133443,0.293025,0.231454,0.092747,0.067837,0.246685,0.097330,0.281288,0.254015,0.237453,#
14,0.256121,0.152322,0.093250,0.187754,0.133907,0.171329,0.153165,0.225778,0.235433,0.133768,0.219702,-0.011043,0.171078,0.276050,1.000000,0.266130,0.130635,0.206790,0.141909,0.344662,0.196059,0.159849,0.197828,0.306655,0.229874,0.071329,0.266155,0.200349,0.179977,0.251369,0.077165,0.181358,0.103431,0.033211,0.035544,0.150687,0.190247,0.279004,0.192115,0.259633,0.275790,0.177632,0.228906,0.070144,0.193278,0.337856,0.201516,0.180335,0.157046,0.145271,0.315526,0.097689,0.216843,0.193938,0.345221,0.263469,0.215583,0.161137,0.151369,0.152755,0.273438,0.196329,0.124232,0.102180,0.228316,0.139855,0.233435,0.173048,0.236404,0.187901,0.119359,0.192437,0.146127,0.295380,0.102854,0.091821,0.199462,0.213111,0.128123,0.194999,0.223793,0.180104,0.228238,0.276746,0.307552,0.225246,0.043569,0.082409,0.257560,0.276459,0.237456,0.182143,0.232357,0.229490,0.250225,-0.014685,0.166964,0.143176,0.152368,0.086416,0.228642,0.256276,0.177890,0.213369,0.195470,0.278189,0.350820,0.335259,0.138480,0.187175,0.004647,-0.032096,0.143042,0.117328,0.202655,0.219092,0.130966,0.251524,0.233433,0.180339,0.390164,0.269324,0.045834,0.151279,0.194378,0.096767,0.230605,0.130831,-0.014416,0.288826,0.103805,0.215837,0.228321,-0.003250,0.088258,0.091467,0.128217,0.124395,0.121549,0.169699,0.351636,0.271842,0.177204,0.086368,0.073053,0.258449,0.163630,0.115440,0.003671,0.090174,0.203893,0.066878,0.015384,0.208399,0.119450,0.130826,0.204700,0.182303,0.139623,0.020417,0.065380,0.233787,0.103886,0.098739,0.264079,-0.069753,0.202949,0.173510,0.047383,0.235321,0.375457,0.293655,0.191654,0.148652,0.122366,0.032832,0.321459,0.321033,0.303354,0.273495,0.113124,0.267643,0.121952,0.203785,0.183193,0.153896,0.116171,0.071079,0.084228,0.256872,0.128328,0.242648,0.170335,0.329191,0.131628,0.009697,-0.039405,0.228019,0.211658,0.214971,#
15,0.172800,-0.009793,0.206814,0.222681,0.143808,0.086014,0.123559,0.243475,0.030284,0.114171,0.007382,0.129455,0.047572,0.126758,0.266130,1.000000,0.209523,0.278256,0.223789,0.142743,0.195053,0.096356,0.106382,0.252612,0.204412,0.335525,0.266264,0.153719,0.267928,0.023567,0.139041,0.216496,0.199215,0.319680,0.005763,0.043017,0.124002,0.159895,0.216817,0.143569,0.301161,0.222477,0.228002,0.143132,0.260219,0.188970,0.060258,0.116404,0.011697,0.173312,0.149391,0.255247,0.245559,0.059873,0.182864,0.126582,0.084097,0.213463,0.202220,0.288331,0.128369,0.032062,0.193044,0.004184,0.084240,0.185244,0.183693,0.245908,0.171633,0.111891,0.162794,0.224413,0.176466,0.118467,0.157200,0.199202,0.055292,0.333847,0.103174,0.196775,0.232237,0.151590,0.158636,0.288782,0.158097,0.064280,0.152320,0.096259,0.335584,0.219460,0.076369,0.128019,0.226956,0.320214,0.100406,0.076275,0.153664,0.087116,0.273853,0.001388,0.219638,0.109579,0.224175,0.143733,-0.034871,0.231429,0.158348,0.092659,0.162600,0.284260,0.084041,0.250554,0.058951,0.047881,0.210322,0.288874,0.189376,0.037498,0.175412,0.109952,0.259459,0.324268,0.114709,0.319938,0.211079,0.001525,0.174789,0.088981,0.163057,0.072936,0.126927,0.320610,0.156147,0.235862,0.181531,0.222165,0.077409,0.057528,0.163380,0.022811,0.038216,0.193264,0.107913,0.102490,0.211616,0.148777,0.193932,0.131846,0.259054,0.139292,0.198485,-0.019713,0.143277,0.372969,-0.122565,0.342172,0.060731,0.220323,0.175054,0.115004,0.028999,0.198138,0.179758,0.199674,0.143161,0.084723,0.275763,0.182489,0.148940,0.164287,0.049976,0.019674,0.215629,-0.038338,0.145111,-0.070950,0.257775,0.131720,-0.001774,0.229323,0.168885,0.256360,0.022214,0.250695,0.036120,0.090322,0.037925,0.201966,0.069813,0.111237,-0.080264,0.208328,0.166127,0.239573,0.057134,0.084259,0.020694,0.203040,0.104311,0.082824,#
16,0.169544,0.203684,0.190502,0.255570,0.130072,0.148847,0.234116,0.142699,-0.024964,0.063188,0.135765,0.157610,0.203299,0.180541,0.130635,0.209523,1.000000,0.213804,0.157154,0.200244,0.357915,0.269434,0.334089,0.181887,0.108221,0.296376,0.242589,0.031792,0.130916,0.124179,0.185231,0.351703,0.034699,0.316700,-0.043763,0.196259,0.136609,0.129009,0.202324,0.200812,0.122814,0.279529,0.177006,0.137985,0.204494,0.349396,0.188047,0.197216,0.181214,0.031815,0.155282,0.252110,0.322236,-0.030341,0.179684,0.108463,0.075309,0.140931,0.252112,0.107254,0.057339,0.323777,0.247716,0.220512,0.247419,0.169174,0.236927,0.372785,0.077407,0.234570,0.093266,0.283319,0.350959,-0.011011,0.210902,0.336687,0.173546,0.320922,0.248648,0.125921,0.054286,0.172154,0.142638,0.144242,0.132870,0.148707,0.342974,0.183634,0.251202,0.145918,0.211840,0.214105,0.059167,0.187366,0.082524,0.049103,0.215362,0.028099,0.233488,0.198142,0.221970,0.129562,0.016344,0.158285,0.196305,0.169866,0.160925,-0.033677,0.001600,0.210780,0.268349,0.205621,0.164398,0.163836,0.210557,0.382497,0.187117,0.104105,0.064110,0.197325,0.143876,0.150034,0.247600,0.230600,0.219296,-0.016309,0.190609,0.026753,0.103534,0.225743,0.095578,0.273616,0.385392,-0.040027,0.284080,0.253084,-0.004485,0.218455,0.200180,0.306327,0.048782,0.148688,-0.022497,0.256218,0.236773,0.136027,0.071882,0.089920,0.175211,0.058417,0.106826,0.169817,0.144518,0.105355,0.136983,0.207913,0.050535,0.097933,0.141538,0.143833,0.022428,0.333608,0.233795,0.277895,0.191132,0.084746,0.313947,0.210165,0.124951,0.098430,0.070357,0.044942,0.167476,-0.016313,0.142529,0.228092,0.131985,0.096952,0.190986,0.108122,0.159547,0.205637,0.192527,0.009061,0.017936,0.087345,0.315742,0.208657,0.110756,0.157521,0.203120,-0.065136,0.012865,0.113470,0.222691,0.177690,-0.027951,0.287291,0.057347,0.162206,#
17,0.277000,0.255783,0.162359,0.301922,0.212168,0.139068,0.251230,0.362251,0.042144,0.039685,0.227920,0.252456,0.036045,0.083810,0.206790,0.278256,0.213804,1.000000,0.156409,0.328539,0.368478,0.212291,0.176013,0.310764,0.256912,0.225621,0.155859,0.156585,0.213758,0.250107,0.174166,0.322754,0.376910,0.139966,-0.071079,0.187725,0.061891,0.345724,0.308101,0.026342,0.202923,0.180517,0.091784,0.336027,0.098206,0.233129,0.254968,0.168524,0.268779,0.246957,0.244345,0.058530,0.133661,0.132415,0.140544,0.275316,0.282693,0.374801,0.220110,0.328827,0.219503,0.209161,0.173198,0.148648,0.170053,0.308784,0.280968,0.249556,0.200777,0.317788,0.253403,0.169464,0.342435,0.175014,0.190722,0.308484,0.220753,0.335580,0.114027,0.296807,0.172878,0.273353,0.464119,0.249934,0.254099,0.056148,0.204797,0.211544,0.398145,0.289020,0.182047,0.135189,0.173072,0.248541,0.044624,0.131749,0.231532,0.366239,0.281256,0.202111,0.194542,0.136848,0.151052,0.268583,0.073024,0.323315,0.256373,0.326237,0.027021,0.039533,0.208000,0.218368,0.167562,0.302616,0.163314,0.309514,0.255569,0.136500,0.153699,0.222298,0.172563,0.263249,0.147558,0.298498,0.451637,0.104104,0.288581,0.191295,0.062375,0.104524,0.043165,0.329002,0.371974,0.319687,0.260158,0.243308,0.259047,0.211879,0.246073,0.298454,0.229907,0.190937,0.069339,0.123718,0.278969,0.208677,0.010493,0.114974,0.159904,0.061131,0.168929,0.036766,0.108779,0.217071,0.135795,0.233225,0.146485,0.214968,0.391772,0.267890,0.267694,0.295161,0.239408,0.100011,0.246179,0.154713,0.244023,0.274987,0.059235,0.195249,0.365053,0.152410,0.104791,0.187702,0.252131,0.029515,0.258372,0.197774,0.029590,0.321601,0.116930,0.370065,0.175687,0.076012,0.019392,0.167574,0.168207,0.230991,0.244398,0.292429,0.206674,0.279452,0.227278,0.178440,0.337233,0.202753,0.205197,0.157795,0.168755,0.176225,#
18,0.233049,0.153881,0.231081,0.189330,0.258748,0.086080,0.241632,0.226948,0.060705,-0.015706,0.318121,0.188118,0.176492,0.184894,0.141909,0.223789,0.157154,0.156409,1.000000,0.199776,0.212014,0.209751,0.023882,0.332307,0.314633,0.207637,0.244366,0.341502,0.183376,0.177107,0.233121,0.145250,0.242858,0.034485,0.109778,0.259506,0.233125,0.139432,0.187092,0.301963,0.169204,0.289483,0.182237,0.205952,0.105357,0.177549,0.109279,0.210286,0.114167,0.234933,0.299705,0.091809,0.293538,0.254021,0.098637,0.161392,0.149079,0.251895,0.178015,0.136279,0.073535,0.151140,0.206355,0.187361,0.050642,0.301789,0.279227,0.290362,0.158746,0.033518,0.037454,0.150674,0.201867,0.123868,0.054870,0.108217,0.149380,0.262632,0.287269,0.217473,0.242458,0.108097,0.222462,0.285898,0.212724,-0.012037,0.304794,0.074432,0.270391,0.198422,0.224283,0.200529,0.185752,0.278342,0.178479,0.184580,0.355791,0.202985,0.133752,0.252177,0.192563,0.229699,0.294600,0.207195,0.174322,0.306331,0.145308,0.192754,0.181913,0.323433,0.277686,0.371645,0.123353,0.193316,0.175622,0.136064,0.180474,0.087349,0.259301,0.182076,0.134357,0.255913,0.178078,0.152473,0.262511,0.126873,0.201695,0.182709,0.305564,0.169587,0.186335,0.335442,0.216361,0.164524,0.328208,-0.066313,0.093998,0.289049,0.163806,0.322839,0.267853,0.052705,0.026181,0.113577,0.242417,0.175081,0.033694,0.063990,0.143172,0.091880,0.084810,0.250154,0.223157,0.090843,0.108635,0.296266,0.283665,0.234225,0.101845,0.320164,0.149063,0.195127,0.159825,0.212164,0.180843,0.054377,0.351998,0.204693,0.142586,0.237104,0.026273,0.144649,0.252236,0.038126,0.120286,0.113999,0.191091,0.274051,0.311895,0.261533,0.123088,0.271315,0.226845,0.069782,0.242456,0.138703,0.212998,0.327726,0.167818,0.220677,0.178708,0.291162,0.313987,0.167868,0.157303,0.102892,0.132637,0.327209,0.315078,0.189046,#
19,0.309043,0.244120,0.254835,0.263219,0.348508,-0.023888,0.281561,0.269884,0.137954,0.211596,0.232454,0.030379,0.324488,0.316573,0.344662,0.142743,0.200244,0.328539,0.199776,1.000000,0.230903,0.326881,0.172516,0.246770,0.149452,0.346037,0.324545,0.199932,0.241548,0.315949,0.156195,0.292425,0.260090,0.145920,0.190242,0.281246,0.045127,0.203993,0.430683,0.166587,0.209760,0.254742,0.084275,0.136303,0.165810,0.285389,0.331584,0.469149,0.178153,0.297395,0.213163,0.214344,0.154603,0.370383,0.242223,0.213677,0.208408,0.192581,0.190564,0.221116,0.266040,0.203268,0.203209,0.159878,0.234994,0.279409,0.169537,0.269067,0.272616,0.311332,0.241366,0.293143,0.318357,0.069537,0.264691,0.311356,0.220759,0.313081,0.315270,0.034667,0.272043,0.334871,0.265721,0.197017,0.379679,0.084089,0.261130,0.180928,0.369002,0.308208,0.153101,0.282170,0.219789,0.194623,0.206232,0.164934,0.247800,0.352248,0.143568,0.153304,0.287946,0.260522,0.258415,0.281463,0.263754,0.352539,0.253979,0.418475,0.125892,0.071699,0.242887,0.181693,0.245963,0.338621,0.311609,0.249759,0.290151,0.253628,0.304269,0.019528,0.419053,0.378198,0.217900,0.326596,0.446932,0.234051,0.331983,0.265818,-0.010668,0.191779,0.048902,0.123051,0.342189,0.177833,0.159234,0.217494,0.249815,0.268374,0.270821,0.343854,0.319339,0.274715,0.099198,0.161846,0.242193,0.250488,0.136562,0.307191,0.274025,0.082433,0.193871,0.226209,0.171555,0.267740,0.180524,0.136985,0.179051,0.204892,0.228879,0.099127,0.240497,0.327490,0.279705,0.226966,0.260844,0.109572,0.145504,0.184925,0.181389,0.149152,0.298438,0.167559,0.265052,0.162760,0.218465,0.087636,0.328998,0.316324,0.176126,0.274707,0.062708,0.385676,0.155840,0.220599,0.136472,0.234519,0.225828,0.333160,0.288278,0.213752,0.290267,0.302024,0.174529,0.287431,0.120744,0.256049,0.206386,0.281371,0.292819,0.355263,#
20,0.243459,0.139840,0.300715,0.291145,0.275463,0.214502,0.160466,0.253209,0.177902,0.115378,0.050721,0.137870,0.220952,0.185430,0.196059,0.195053,0.357915,0.368478,0.212014,0.230903,1.000000,0.197094,0.218823,0.321835,0.375633,0.311384,0.256926,0.266370,0.201567,0.260341,0.240614,0.256151,0.237449,0.196252,-0.009492,0.176471,0.219095,0.186549,0.075859,0.228703,0.265658,0.453426,0.136262,0.114990,0.266512,0.331989,0.261499,0.225114,0.261816,0.204053,0.061478,0.265698,0.342612,0.178039,0.132855,0.127950,0.216238,0.240917,0.305276,0.181480,0.211976,0.107492,0.325233,0.224211,0.326717,0.164214,0.306000,0.202063,0.298000,0.266999,0.168866,0.270173,0.465516,0.182634,0.166880,0.188977,0.309564,0.406912,0.202834,0.250487,0.117113,0.150487,0.329519,0.233903,0.226524,0.262318,0.280797,0.218169,0.408886,0.336461,0.217261,0.322579,0.222268,0.250236,0.200906,0.085964,0.350170,0.251996,0.131579,0.009647,0.245057,0.146094,0.252533,0.325254,0.144326,0.247896,0.217322,0.190275,0.093419,0.262751,0.323734,0.176239,0.140683,0.348449,0.116405,0.298829,0.373083,0.151258,0.052184,0.157759,0.243420,0.261910,0.130845,0.236724,0.338800,0.190609,0.366557,0.362423,0.145328,0.201489,0.127950,0.348580,0.322003,0.101841,0.314331,0.244077,0.261500,0.295559,0.375926,0.275091,0.249515,0.245913,0.008235,0.183665,0.311545,0.118502,0.029939,0.218169,0.242884,0.198084,0.208292,0.232263,0.079519,0.035852,0.198070,0.249281,0.220179,0.078405,0.230853,0.412217,0.258598,0.320669,0.183196,0.175293,0.350520,0.099491,0.169913,0.274734,0.147253,0.099005,0.272787,0.183617,0.110581,0.142397,0.109114,0.315198,0.173379,0.092254,0.322340,0.296532,0.187448,0.235985,0.140802,0.188800,0.141134,0.009362,0.226908,0.208938,0.173261,0.333983,0.190993,0.350565,0.232979,0.101175,0.317389,0.215481,0.159366,0.331968,0.200092,0.137167,#
21,0.245681,0.246828,0.379885,0.302521,0.250447,0.138249,0.152028,0.299289,0.100942,0.129269,0.211503,0.255829,0.026006,0.260172,0.159849,0.096356,0.269434,0.212291,0.209751,0.326881,0.197094,1.000000,0.229332,0.262582,0.283179,0.119140,0.314188,0.283309,0.291692,0.288873,0.227585,0.275214,0.250803,0.320766,-0.013560,0.293556,0.290066,0.267445,0.359062,0.145542,0.186559,0.314073,0.128702,0.274612,0.228420,0.250301,0.249884,0.341590,0.038774,0.233367,0.282456,0.167321,0.259953,0.147359,0.165383,0.237090,0.235558,0.187174,0.164481,0.157093,0.124147,0.110514,0.300023,0.296120,0.340003,0.255319,0.104809,0.219690,0.264159,0.384575,0.313821,0.232337,0.374118,0.224130,0.174343,0.219700,0.159410,0.213972,0.179709,0.208583,0.331145,0.234724,0.173472,0.103364,0.310336,0.015050,0.277073,0.127473,0.260867,0.298366,0.119932,0.212990,0.223611,0.135682,0.185445,0.270055,0.249715,0.259595,0.049755,0.242331,0.395272,0.132088,0.110880,0.230546,0.195346,0.280806,0.309258,0.222884,0.218028,0.128319,0.227065,0.176496,0.201771,0.362949,0.082925,0.241220,0.288300,0.169464,0.174127,0.259487,0.275370,0.312295,0.082783,0.397099,0.326348,0.137493,0.272025,0.252088,0.124430,0.076600,0.126224,0.218773,0.362972,0.186959,0.291745,0.148052,0.282995,0.226334,0.151361,0.346222,0.141262,0.319126,0.176972,0.075491,0.232179,0.186414,0.124556,0.229920,0.168265,0.059093,0.091377,0.191541,0.213987,0.136472,0.214245,0.079021,0.140439,0.193137,0.197072,0.163081,0.338735,0.284461,0.166892,0.102370,0.234702,0.080045,0.101265,0.274581,0.126874,0.283251,0.228522,0.158733,0.320981,0.216256,0.149131,0.243610,0.322955,0.194672,0.154484,0.246447,0.093918,0.292339,0.016758,0.203564,0.091644,0.132397,0.259559,0.226548,0.337146,0.255837,0.244771,0.078787,0.307056,0.043238,0.309222,0.269167,0.173390,0.214567,0.211319,0.233559,#
